session_date,phase,ticker,scan_cycle_at,selected,reason,price,prev_close_price,current_price,best_bid,best_ask,expect_price,expect_revenue_percent,spread_percent,ask_depth_5_amount_krw,market_cap,trading_value,kospi_change_percent,prev_day_change_percent,raw_json
2026-06-10,scan_candidate,005930,,0,main_scan,309500,,309500,309000,309500,310500,0.16155088852988692,0.16155088852988692,,,,,,"{""bid_req_base_tm"": ""093127"", ""sel_10th_pre_req_pre"": ""0"", ""sel_10th_pre_req"": ""18897"", ""sel_10th_pre_bid"": ""-314000"", ""sel_9th_pre_req_pre"": ""0"", ""sel_9th_pre_req"": ""11850"", ""sel_9th_pre_bid"": ""-313500"", ""sel_8th_pre_req_pre"": ""0"", ""sel_8th_pre_req"": ""14477"", ""sel_8th_pre_bid"": ""-313000"", ""sel_7th_pre_req_pre"": ""0"", ""sel_7th_pre_req"": ""13206"", ""sel_7th_pre_bid"": ""-312500"", ""sel_6th_pre_req_pre"": ""0"", ""sel_6th_pre_req"": ""12533"", ""sel_6th_pre_bid"": ""-312000"", ""sel_5th_pre_req_pre"": ""0"", ""sel_5th_pre_req"": ""15589"", ""sel_5th_pre_bid"": ""-311500"", ""sel_4th_pre_req_pre"": ""0"", ""sel_4th_pre_req"": ""18787"", ""sel_4th_pre_bid"": ""-311000"", ""sel_3th_pre_req_pre"": ""0"", ""sel_3th_pre_req"": ""14012"", ""sel_3th_pre_bid"": ""-310500"", ""sel_2th_pre_req_pre"": ""0"", ""sel_2th_pre_req"": ""17433"", ""sel_2th_pre_bid"": ""-310000"", ""sel_1th_pre_req_pre"": ""--16"", ""sel_fpr_req"": ""22854"", ""sel_fpr_bid"": ""-309500"", ""buy_fpr_bid"": ""-309000"", ""buy_fpr_req"": ""60133"", ""buy_1th_pre_req_pre"": ""+27"", ""buy_2th_pre_bid"": ""-308500"", ""buy_2th_pre_req"": ""57983"", ""buy_2th_pre_req_pre"": ""0"", ""buy_3th_pre_bid"": ""-308000"", ""buy_3th_pre_req"": ""41414"", ""buy_3th_pre_req_pre"": ""0"", ""buy_4th_pre_bid"": ""-307500"", ""buy_4th_pre_req"": ""42699"", ""buy_4th_pre_req_pre"": ""--3"", ""buy_5th_pre_bid"": ""-307000"", ""buy_5th_pre_req"": ""109141"", ""buy_5th_pre_req_pre"": ""0"", ""buy_6th_pre_bid"": ""-306500"", ""buy_6th_pre_req"": ""26612"", ""buy_6th_pre_req_pre"": ""+1"", ""buy_7th_pre_bid"": ""-306000"", ""buy_7th_pre_req"": ""59375"", ""buy_7th_pre_req_pre"": ""+3"", ""buy_8th_pre_bid"": ""-305500"", ""buy_8th_pre_req"": ""24352"", ""buy_8th_pre_req_pre"": ""0"", ""buy_9th_pre_bid"": ""-305000"", ""buy_9th_pre_req"": ""112725"", ""buy_9th_pre_req_pre"": ""+1"", ""buy_10th_pre_bid"": ""-304500"", ""buy_10th_pre_req"": ""5893"", ""buy_10th_pre_req_pre"": ""0"", ""tot_sel_req_jub_pre"": ""--16"", ""tot_sel_req"": ""159638"", ""tot_buy_req"": ""540327"", ""tot_buy_req_jub_pre"": ""+29"", ""ovt_sel_req_pre"": ""0"", ""ovt_sel_req"": ""0"", ""ovt_buy_req"": ""0"", ""ovt_buy_req_pre"": ""0"", ""return_code"": 0, ""return_msg"": ""정상적으로 처리되었습니다""}"
2026-06-10,scan_candidate,000660,,0,main_scan,2148000,,2148000,2147000,2148000,2150000,0.04655493482309125,0.04655493482309125,,,,,,"{""bid_req_base_tm"": ""093127"", ""sel_10th_pre_req_pre"": ""0"", ""sel_10th_pre_req"": ""3"", ""sel_10th_pre_bid"": ""-2157000"", ""sel_9th_pre_req_pre"": ""0"", ""sel_9th_pre_req"": ""113"", ""sel_9th_pre_bid"": ""-2156000"", ""sel_8th_pre_req_pre"": ""0"", ""sel_8th_pre_req"": ""163"", ""sel_8th_pre_bid"": ""-2155000"", ""sel_7th_pre_req_pre"": ""0"", ""sel_7th_pre_req"": ""29"", ""sel_7th_pre_bid"": ""-2154000"", ""sel_6th_pre_req_pre"": ""0"", ""sel_6th_pre_req"": ""96"", ""sel_6th_pre_bid"": ""-2153000"", ""sel_5th_pre_req_pre"": ""+12"", ""sel_5th_pre_req"": ""15"", ""sel_5th_pre_bid"": ""-2152000"", ""sel_4th_pre_req_pre"": ""0"", ""sel_4th_pre_req"": ""655"", ""sel_4th_pre_bid"": ""-2151000"", ""sel_3th_pre_req_pre"": ""0"", ""sel_3th_pre_req"": ""158"", ""sel_3th_pre_bid"": ""-2150000"", ""sel_2th_pre_req_pre"": ""--655"", ""sel_2th_pre_req"": ""922"", ""sel_2th_pre_bid"": ""-2149000"", ""sel_1th_pre_req_pre"": ""+801"", ""sel_fpr_req"": ""933"", ""sel_fpr_bid"": ""-2148000"", ""buy_fpr_bid"": ""-2147000"", ""buy_fpr_req"": ""403"", ""buy_1th_pre_req_pre"": ""0"", ""buy_2th_pre_bid"": ""-2146000"", ""buy_2th_pre_req"": ""1865"", ""buy_2th_pre_req_pre"": ""0"", ""buy_3th_pre_bid"": ""-2145000"", ""buy_3th_pre_req"": ""640"", ""buy_3th_pre_req_pre"": ""--2"", ""buy_4th_pre_bid"": ""-2144000"", ""buy_4th_pre_req"": ""450"", ""buy_4th_pre_req_pre"": ""0"", ""buy_5th_pre_bid"": ""-2143000"", ""buy_5th_pre_req"": ""2021"", ""buy_5th_pre_req_pre"": ""0"", ""buy_6th_pre_bid"": ""-2142000"", ""buy_6th_pre_req"": ""442"", ""buy_6th_pre_req_pre"": ""+5"", ""buy_7th_pre_bid"": ""-2141000"", ""buy_7th_pre_req"": ""896"", ""buy_7th_pre_req_pre"": ""0"", ""buy_8th_pre_bid"": ""-2140000"", ""buy_8th_pre_req"": ""1630"", ""buy_8th_pre_req_pre"": ""0"", ""buy_9th_pre_bid"": ""-2139000"", ""buy_9th_pre_req"": ""369"", ""buy_9th_pre_req_pre"": ""0"", ""buy_10th_pre_bid"": ""-2138000"", ""buy_10th_pre_req"": ""534"", ""buy_10th_pre_req_pre"": ""0"", ""tot_sel_req_jub_pre"": ""+158"", ""tot_sel_req"": ""3087"", ""tot_buy_req"": ""9250"", ""tot_buy_req_jub_pre"": ""+3"", ""ovt_sel_req_pre"": ""0"", ""ovt_sel_req"": ""0"", ""ovt_buy_req"": ""0"", ""ovt_buy_req_pre"": ""0"", ""return_code"": 0, ""return_msg"": ""정상적으로 처리되었습니다""}"
2026-06-10,scan_candidate,402340,,0,main_scan,1212000,,1212000,1209000,1212000,1216000,0.24752475247524752,0.24752475247524752,,,,,,"{""bid_req_base_tm"": ""093126"", ""sel_10th_pre_req_pre"": ""0"", ""sel_10th_pre_req"": ""18"", ""sel_10th_pre_bid"": ""-1225000"", ""sel_9th_pre_req_pre"": ""0"", ""sel_9th_pre_req"": ""61"", ""sel_9th_pre_bid"": ""-1223000"", ""sel_8th_pre_req_pre"": ""0"", ""sel_8th_pre_req"": ""3"", ""sel_8th_pre_bid"": ""-1222000"", ""sel_7th_pre_req_pre"": ""0"", ""sel_7th_pre_req"": ""100"", ""sel_7th_pre_bid"": ""-1220000"", ""sel_6th_pre_req_pre"": ""0"", ""sel_6th_pre_req"": ""8"", ""sel_6th_pre_bid"": ""-1219000"", ""sel_5th_pre_req_pre"": ""0"", ""sel_5th_pre_req"": ""19"", ""sel_5th_pre_bid"": ""-1218000"", ""sel_4th_pre_req_pre"": ""0"", ""sel_4th_pre_req"": ""27"", ""sel_4th_pre_bid"": ""-1215000"", ""sel_3th_pre_req_pre"": ""0"", ""sel_3th_pre_req"": ""62"", ""sel_3th_pre_bid"": ""-1214000"", ""sel_2th_pre_req_pre"": ""0"", ""sel_2th_pre_req"": ""34"", ""sel_2th_pre_bid"": ""-1213000"", ""sel_1th_pre_req_pre"": ""--51"", ""sel_fpr_req"": ""223"", ""sel_fpr_bid"": ""-1212000"", ""buy_fpr_bid"": ""-1209000"", ""buy_fpr_req"": ""66"", ""buy_1th_pre_req_pre"": ""0"", ""buy_2th_pre_bid"": ""-1208000"", ""buy_2th_pre_req"": ""278"", ""buy_2th_pre_req_pre"": ""0"", ""buy_3th_pre_bid"": ""-1207000"", ""buy_3th_pre_req"": ""450"", ""buy_3th_pre_req_pre"": ""0"", ""buy_4th_pre_bid"": ""-1206000"", ""buy_4th_pre_req"": ""63"", ""buy_4th_pre_req_pre"": ""0"", ""buy_5th_pre_bid"": ""-1205000"", ""buy_5th_pre_req"": ""105"", ""buy_5th_pre_req_pre"": ""0"", ""buy_6th_pre_bid"": ""-1204000"", ""buy_6th_pre_req"": ""19"", ""buy_6th_pre_req_pre"": ""0"", ""buy_7th_pre_bid"": ""-1203000"", ""buy_7th_pre_req"": ""33"", ""buy_7th_pre_req_pre"": ""0"", ""buy_8th_pre_bid"": ""-1202000"", ""buy_8th_pre_req"": ""34"", ""buy_8th_pre_req_pre"": ""0"", ""buy_9th_pre_bid"": ""-1201000"", ""buy_9th_pre_req"": ""78"", ""buy_9th_pre_req_pre"": ""0"", ""buy_10th_pre_bid"": ""-1200000"", ""buy_10th_pre_req"": ""592"", ""buy_10th_pre_req_pre"": ""0"", ""tot_sel_req_jub_pre"": ""--51"", ""tot_sel_req"": ""555"", ""tot_buy_req"": ""1718"", ""tot_buy_req_jub_pre"": ""0"", ""ovt_sel_req_pre"": ""0"", ""ovt_sel_req"": ""0"", ""ovt_buy_req"": ""0"", ""ovt_buy_req_pre"": ""0"", ""return_code"": 0, ""return_msg"": ""정상적으로 처리되었습니다""}"
2026-06-10,scan_candidate,005935,,0,main_scan,197800,,197800,197700,197800,198000,-0.15166835187057634,0.05055611729019212,,,,,,"{""bid_req_base_tm"": ""093127"", ""sel_10th_pre_req_pre"": ""0"", ""sel_10th_pre_req"": ""242"", ""sel_10th_pre_bid"": ""-198700"", ""sel_9th_pre_req_pre"": ""0"", ""sel_9th_pre_req"": ""842"", ""sel_9th_pre_bid"": ""-198600"", ""sel_8th_pre_req_pre"": ""0"", ""sel_8th_pre_req"": ""17"", ""sel_8th_pre_bid"": ""-198500"", ""sel_7th_pre_req_pre"": ""0"", ""sel_7th_pre_req"": ""98"", ""sel_7th_pre_bid"": ""-198400"", ""sel_6th_pre_req_pre"": ""0"", ""sel_6th_pre_req"": ""370"", ""sel_6th_pre_bid"": ""-198300"", ""sel_5th_pre_req_pre"": ""0"", ""sel_5th_pre_req"": ""544"", ""sel_5th_pre_bid"": ""-198200"", ""sel_4th_pre_req_pre"": ""0"", ""sel_4th_pre_req"": ""263"", ""sel_4th_pre_bid"": ""-198100"", ""sel_3th_pre_req_pre"": ""0"", ""sel_3th_pre_req"": ""763"", ""sel_3th_pre_bid"": ""-198000"", ""sel_2th_pre_req_pre"": ""0"", ""sel_2th_pre_req"": ""815"", ""sel_2th_pre_bid"": ""-197900"", ""sel_1th_pre_req_pre"": ""+1"", ""sel_fpr_req"": ""1959"", ""sel_fpr_bid"": ""-197800"", ""buy_fpr_bid"": ""-197700"", ""buy_fpr_req"": ""278"", ""buy_1th_pre_req_pre"": ""0"", ""buy_2th_pre_bid"": ""-197600"", ""buy_2th_pre_req"": ""3416"", ""buy_2th_pre_req_pre"": ""0"", ""buy_3th_pre_bid"": ""-197500"", ""buy_3th_pre_req"": ""8117"", ""buy_3th_pre_req_pre"": ""0"", ""buy_4th_pre_bid"": ""-197400"", ""buy_4th_pre_req"": ""2863"", ""buy_4th_pre_req_pre"": ""0"", ""buy_5th_pre_bid"": ""-197300"", ""buy_5th_pre_req"": ""2833"", ""buy_5th_pre_req_pre"": ""0"", ""buy_6th_pre_bid"": ""-197200"", ""buy_6th_pre_req"": ""6743"", ""buy_6th_pre_req_pre"": ""0"", ""buy_7th_pre_bid"": ""-197100"", ""buy_7th_pre_req"": ""8915"", ""buy_7th_pre_req_pre"": ""0"", ""buy_8th_pre_bid"": ""-197000"", ""buy_8th_pre_req"": ""15766"", ""buy_8th_pre_req_pre"": ""0"", ""buy_9th_pre_bid"": ""-196900"", ""buy_9th_pre_req"": ""1557"", ""buy_9th_pre_req_pre"": ""0"", ""buy_10th_pre_bid"": ""-196800"", ""buy_10th_pre_req"": ""879"", ""buy_10th_pre_req_pre"": ""0"", ""tot_sel_req_jub_pre"": ""+1"", ""tot_sel_req"": ""5913"", ""tot_buy_req"": ""51367"", ""tot_buy_req_jub_pre"": ""0"", ""ovt_sel_req_pre"": ""0"", ""ovt_sel_req"": ""0"", ""ovt_buy_req"": ""0"", ""ovt_buy_req_pre"": ""0"", ""return_code"": 0, ""return_msg"": ""정상적으로 처리되었습니다""}"
2026-06-10,scan_candidate,009150,,0,main_scan,1909000,,1909000,1908000,1909000,1911000,0.05238344683080147,0.05238344683080147,,,,,,"{""bid_req_base_tm"": ""093127"", ""sel_10th_pre_req_pre"": ""0"", ""sel_10th_pre_req"": ""10"", ""sel_10th_pre_bid"": ""-1919000"", ""sel_9th_pre_req_pre"": ""0"", ""sel_9th_pre_req"": ""14"", ""sel_9th_pre_bid"": ""-1917000"", ""sel_8th_pre_req_pre"": ""0"", ""sel_8th_pre_req"": ""1"", ""sel_8th_pre_bid"": ""-1916000"", ""sel_7th_pre_req_pre"": ""0"", ""sel_7th_pre_req"": ""765"", ""sel_7th_pre_bid"": ""-1915000"", ""sel_6th_pre_req_pre"": ""0"", ""sel_6th_pre_req"": ""24"", ""sel_6th_pre_bid"": ""-1914000"", ""sel_5th_pre_req_pre"": ""0"", ""sel_5th_pre_req"": ""87"", ""sel_5th_pre_bid"": ""-1913000"", ""sel_4th_pre_req_pre"": ""0"", ""sel_4th_pre_req"": ""28"", ""sel_4th_pre_bid"": ""-1912000"", ""sel_3th_pre_req_pre"": ""0"", ""sel_3th_pre_req"": ""193"", ""sel_3th_pre_bid"": ""-1911000"", ""sel_2th_pre_req_pre"": ""0"", ""sel_2th_pre_req"": ""69"", ""sel_2th_pre_bid"": ""-1910000"", ""sel_1th_pre_req_pre"": ""0"", ""sel_fpr_req"": ""135"", ""sel_fpr_bid"": ""-1909000"", ""buy_fpr_bid"": ""-1908000"", ""buy_fpr_req"": ""55"", ""buy_1th_pre_req_pre"": ""0"", ""buy_2th_pre_bid"": ""-1907000"", ""buy_2th_pre_req"": ""321"", ""buy_2th_pre_req_pre"": ""0"", ""buy_3th_pre_bid"": ""-1906000"", ""buy_3th_pre_req"": ""536"", ""buy_3th_pre_req_pre"": ""0"", ""buy_4th_pre_bid"": ""-1905000"", ""buy_4th_pre_req"": ""247"", ""buy_4th_pre_req_pre"": ""0"", ""buy_5th_pre_bid"": ""-1904000"", ""buy_5th_pre_req"": ""428"", ""buy_5th_pre_req_pre"": ""0"", ""buy_6th_pre_bid"": ""-1903000"", ""buy_6th_pre_req"": ""85"", ""buy_6th_pre_req_pre"": ""0"", ""buy_7th_pre_bid"": ""-1902000"", ""buy_7th_pre_req"": ""108"", ""buy_7th_pre_req_pre"": ""0"", ""buy_8th_pre_bid"": ""-1901000"", ""buy_8th_pre_req"": ""107"", ""buy_8th_pre_req_pre"": ""+1"", ""buy_9th_pre_bid"": ""-1900000"", ""buy_9th_pre_req"": ""1069"", ""buy_9th_pre_req_pre"": ""0"", ""buy_10th_pre_bid"": ""-1899000"", ""buy_10th_pre_req"": ""87"", ""buy_10th_pre_req_pre"": ""0"", ""tot_sel_req_jub_pre"": ""0"", ""tot_sel_req"": ""1326"", ""tot_buy_req"": ""3043"", ""tot_buy_req_jub_pre"": ""+1"", ""ovt_sel_req_pre"": ""0"", ""ovt_sel_req"": ""0"", ""ovt_buy_req"": ""0"", ""ovt_buy_req_pre"": ""0"", ""return_code"": 0, ""return_msg"": ""정상적으로 처리되었습니다""}"
2026-06-10,scan_candidate,032830,,0,main_scan,372500,,372500,372000,372500,372500,-0.1342281879194631,0.1342281879194631,,,,,,"{""bid_req_base_tm"": ""093127"", ""sel_10th_pre_req_pre"": ""0"", ""sel_10th_pre_req"": ""32"", ""sel_10th_pre_bid"": ""-377000"", ""sel_9th_pre_req_pre"": ""0"", ""sel_9th_pre_req"": ""20"", ""sel_9th_pre_bid"": ""-376500"", ""sel_8th_pre_req_pre"": ""0"", ""sel_8th_pre_req"": ""11"", ""sel_8th_pre_bid"": ""-376000"", ""sel_7th_pre_req_pre"": ""0"", ""sel_7th_pre_req"": ""11"", ""sel_7th_pre_bid"": ""-375500"", ""sel_6th_pre_req_pre"": ""0"", ""sel_6th_pre_req"": ""10"", ""sel_6th_pre_bid"": ""-375000"", ""sel_5th_pre_req_pre"": ""0"", ""sel_5th_pre_req"": ""2"", ""sel_5th_pre_bid"": ""-374500"", ""sel_4th_pre_req_pre"": ""0"", ""sel_4th_pre_req"": ""503"", ""sel_4th_pre_bid"": ""-374000"", ""sel_3th_pre_req_pre"": ""0"", ""sel_3th_pre_req"": ""517"", ""sel_3th_pre_bid"": ""-373500"", ""sel_2th_pre_req_pre"": ""0"", ""sel_2th_pre_req"": ""114"", ""sel_2th_pre_bid"": ""-373000"", ""sel_1th_pre_req_pre"": ""0"", ""sel_fpr_req"": ""283"", ""sel_fpr_bid"": ""-372500"", ""buy_fpr_bid"": ""-372000"", ""buy_fpr_req"": ""233"", ""buy_1th_pre_req_pre"": ""0"", ""buy_2th_pre_bid"": ""-371500"", ""buy_2th_pre_req"": ""98"", ""buy_2th_pre_req_pre"": ""0"", ""buy_3th_pre_bid"": ""-371000"", ""buy_3th_pre_req"": ""102"", ""buy_3th_pre_req_pre"": ""0"", ""buy_4th_pre_bid"": ""-370500"", ""buy_4th_pre_req"": ""111"", ""buy_4th_pre_req_pre"": ""0"", ""buy_5th_pre_bid"": ""-370000"", ""buy_5th_pre_req"": ""152"", ""buy_5th_pre_req_pre"": ""0"", ""buy_6th_pre_bid"": ""-369500"", ""buy_6th_pre_req"": ""73"", ""buy_6th_pre_req_pre"": ""0"", ""buy_7th_pre_bid"": ""-369000"", ""buy_7th_pre_req"": ""508"", ""buy_7th_pre_req_pre"": ""0"", ""buy_8th_pre_bid"": ""-368500"", ""buy_8th_pre_req"": ""761"", ""buy_8th_pre_req_pre"": ""0"", ""buy_9th_pre_bid"": ""-368000"", ""buy_9th_pre_req"": ""156"", ""buy_9th_pre_req_pre"": ""0"", ""buy_10th_pre_bid"": ""-367500"", ""buy_10th_pre_req"": ""62"", ""buy_10th_pre_req_pre"": ""0"", ""tot_sel_req_jub_pre"": ""0"", ""tot_sel_req"": ""1503"", ""tot_buy_req"": ""2256"", ""tot_buy_req_jub_pre"": ""0"", ""ovt_sel_req_pre"": ""0"", ""ovt_sel_req"": ""0"", ""ovt_buy_req"": ""0"", ""ovt_buy_req_pre"": ""0"", ""return_code"": 0, ""return_msg"": ""정상적으로 처리되었습니다""}"
2026-06-10,scan_candidate,012330,,0,main_scan,586000,,586000,585000,586000,589000,0.3412969283276451,0.17064846416382254,,,,,,"{""bid_req_base_tm"": ""093128"", ""sel_10th_pre_req_pre"": ""0"", ""sel_10th_pre_req"": ""16"", ""sel_10th_pre_bid"": ""595000"", ""sel_9th_pre_req_pre"": ""0"", ""sel_9th_pre_req"": ""438"", ""sel_9th_pre_bid"": ""-594000"", ""sel_8th_pre_req_pre"": ""0"", ""sel_8th_pre_req"": ""60"", ""sel_8th_pre_bid"": ""-593000"", ""sel_7th_pre_req_pre"": ""0"", ""sel_7th_pre_req"": ""19"", ""sel_7th_pre_bid"": ""-592000"", ""sel_6th_pre_req_pre"": ""0"", ""sel_6th_pre_req"": ""165"", ""sel_6th_pre_bid"": ""-591000"", ""sel_5th_pre_req_pre"": ""0"", ""sel_5th_pre_req"": ""250"", ""sel_5th_pre_bid"": ""-590000"", ""sel_4th_pre_req_pre"": ""0"", ""sel_4th_pre_req"": ""42"", ""sel_4th_pre_bid"": ""-589000"", ""sel_3th_pre_req_pre"": ""0"", ""sel_3th_pre_req"": ""31"", ""sel_3th_pre_bid"": ""-588000"", ""sel_2th_pre_req_pre"": ""0"", ""sel_2th_pre_req"": ""174"", ""sel_2th_pre_bid"": ""-587000"", ""sel_1th_pre_req_pre"": ""--1"", ""sel_fpr_req"": ""305"", ""sel_fpr_bid"": ""-586000"", ""buy_fpr_bid"": ""-585000"", ""buy_fpr_req"": ""829"", ""buy_1th_pre_req_pre"": ""0"", ""buy_2th_pre_bid"": ""-584000"", ""buy_2th_pre_req"": ""446"", ""buy_2th_pre_req_pre"": ""0"", ""buy_3th_pre_bid"": ""-583000"", ""buy_3th_pre_req"": ""621"", ""buy_3th_pre_req_pre"": ""0"", ""buy_4th_pre_bid"": ""-582000"", ""buy_4th_pre_req"": ""1881"", ""buy_4th_pre_req_pre"": ""0"", ""buy_5th_pre_bid"": ""-581000"", ""buy_5th_pre_req"": ""1195"", ""buy_5th_pre_req_pre"": ""0"", ""buy_6th_pre_bid"": ""-580000"", ""buy_6th_pre_req"": ""1475"", ""buy_6th_pre_req_pre"": ""0"", ""buy_7th_pre_bid"": ""-579000"", ""buy_7th_pre_req"": ""301"", ""buy_7th_pre_req_pre"": ""0"", ""buy_8th_pre_bid"": ""-578000"", ""buy_8th_pre_req"": ""424"", ""buy_8th_pre_req_pre"": ""0"", ""buy_9th_pre_bid"": ""-577000"", ""buy_9th_pre_req"": ""153"", ""buy_9th_pre_req_pre"": ""0"", ""buy_10th_pre_bid"": ""-576000"", ""buy_10th_pre_req"": ""273"", ""buy_10th_pre_req_pre"": ""0"", ""tot_sel_req_jub_pre"": ""--1"", ""tot_sel_req"": ""1500"", ""tot_buy_req"": ""7598"", ""tot_buy_req_jub_pre"": ""0"", ""ovt_sel_req_pre"": ""0"", ""ovt_sel_req"": ""0"", ""ovt_buy_req"": ""0"", ""ovt_buy_req_pre"": ""0"", ""return_code"": 0, ""return_msg"": ""정상적으로 처리되었습니다""}"
2026-06-10,scan_candidate,055550,,0,main_scan,98900,,98900,98800,98900,99200,0.20222446916076847,0.10111223458038424,,,,,,"{""bid_req_base_tm"": ""093128"", ""sel_10th_pre_req_pre"": ""0"", ""sel_10th_pre_req"": ""172"", ""sel_10th_pre_bid"": ""-99900"", ""sel_9th_pre_req_pre"": ""0"", ""sel_9th_pre_req"": ""627"", ""sel_9th_pre_bid"": ""-99800"", ""sel_8th_pre_req_pre"": ""0"", ""sel_8th_pre_req"": ""465"", ""sel_8th_pre_bid"": ""-99700"", ""sel_7th_pre_req_pre"": ""0"", ""sel_7th_pre_req"": ""64"", ""sel_7th_pre_bid"": ""-99600"", ""sel_6th_pre_req_pre"": ""0"", ""sel_6th_pre_req"": ""28"", ""sel_6th_pre_bid"": ""-99500"", ""sel_5th_pre_req_pre"": ""0"", ""sel_5th_pre_req"": ""1"", ""sel_5th_pre_bid"": ""-99400"", ""sel_4th_pre_req_pre"": ""0"", ""sel_4th_pre_req"": ""26"", ""sel_4th_pre_bid"": ""-99300"", ""sel_3th_pre_req_pre"": ""0"", ""sel_3th_pre_req"": ""225"", ""sel_3th_pre_bid"": ""-99100"", ""sel_2th_pre_req_pre"": ""0"", ""sel_2th_pre_req"": ""546"", ""sel_2th_pre_bid"": ""-99000"", ""sel_1th_pre_req_pre"": ""+1"", ""sel_fpr_req"": ""530"", ""sel_fpr_bid"": ""-98900"", ""buy_fpr_bid"": ""-98800"", ""buy_fpr_req"": ""521"", ""buy_1th_pre_req_pre"": ""+403"", ""buy_2th_pre_bid"": ""-98700"", ""buy_2th_pre_req"": ""656"", ""buy_2th_pre_req_pre"": ""--403"", ""buy_3th_pre_bid"": ""-98600"", ""buy_3th_pre_req"": ""618"", ""buy_3th_pre_req_pre"": ""+600"", ""buy_4th_pre_bid"": ""-98500"", ""buy_4th_pre_req"": ""1013"", ""buy_4th_pre_req_pre"": ""--600"", ""buy_5th_pre_bid"": ""-98400"", ""buy_5th_pre_req"": ""704"", ""buy_5th_pre_req_pre"": ""0"", ""buy_6th_pre_bid"": ""-98300"", ""buy_6th_pre_req"": ""640"", ""buy_6th_pre_req_pre"": ""0"", ""buy_7th_pre_bid"": ""-98200"", ""buy_7th_pre_req"": ""501"", ""buy_7th_pre_req_pre"": ""0"", ""buy_8th_pre_bid"": ""-98100"", ""buy_8th_pre_req"": ""190"", ""buy_8th_pre_req_pre"": ""0"", ""buy_9th_pre_bid"": ""-98000"", ""buy_9th_pre_req"": ""1133"", ""buy_9th_pre_req_pre"": ""0"", ""buy_10th_pre_bid"": ""-97900"", ""buy_10th_pre_req"": ""105"", ""buy_10th_pre_req_pre"": ""0"", ""tot_sel_req_jub_pre"": ""+1"", ""tot_sel_req"": ""2684"", ""tot_buy_req"": ""6081"", ""tot_buy_req_jub_pre"": ""0"", ""ovt_sel_req_pre"": ""0"", ""ovt_sel_req"": ""0"", ""ovt_buy_req"": ""0"", ""ovt_buy_req_pre"": ""0"", ""return_code"": 0, ""return_msg"": ""정상적으로 처리되었습니다""}"
2026-06-10,scan_candidate,034730,,0,main_scan,590000,,590000,589000,590000,587000,-0.6779661016949152,0.1694915254237288,,,,,,"{""bid_req_base_tm"": ""093127"", ""sel_10th_pre_req_pre"": ""0"", ""sel_10th_pre_req"": ""71"", ""sel_10th_pre_bid"": ""+599000"", ""sel_9th_pre_req_pre"": ""0"", ""sel_9th_pre_req"": ""213"", ""sel_9th_pre_bid"": ""+598000"", ""sel_8th_pre_req_pre"": ""0"", ""sel_8th_pre_req"": ""109"", ""sel_8th_pre_bid"": ""+597000"", ""sel_7th_pre_req_pre"": ""0"", ""sel_7th_pre_req"": ""15"", ""sel_7th_pre_bid"": ""+596000"", ""sel_6th_pre_req_pre"": ""0"", ""sel_6th_pre_req"": ""83"", ""sel_6th_pre_bid"": ""+595000"", ""sel_5th_pre_req_pre"": ""0"", ""sel_5th_pre_req"": ""233"", ""sel_5th_pre_bid"": ""594000"", ""sel_4th_pre_req_pre"": ""0"", ""sel_4th_pre_req"": ""128"", ""sel_4th_pre_bid"": ""-593000"", ""sel_3th_pre_req_pre"": ""0"", ""sel_3th_pre_req"": ""470"", ""sel_3th_pre_bid"": ""-592000"", ""sel_2th_pre_req_pre"": ""0"", ""sel_2th_pre_req"": ""112"", ""sel_2th_pre_bid"": ""-591000"", ""sel_1th_pre_req_pre"": ""+5"", ""sel_fpr_req"": ""221"", ""sel_fpr_bid"": ""-590000"", ""buy_fpr_bid"": ""-589000"", ""buy_fpr_req"": ""158"", ""buy_1th_pre_req_pre"": ""0"", ""buy_2th_pre_bid"": ""-588000"", ""buy_2th_pre_req"": ""61"", ""buy_2th_pre_req_pre"": ""0"", ""buy_3th_pre_bid"": ""-587000"", ""buy_3th_pre_req"": ""107"", ""buy_3th_pre_req_pre"": ""0"", ""buy_4th_pre_bid"": ""-586000"", ""buy_4th_pre_req"": ""441"", ""buy_4th_pre_req_pre"": ""0"", ""buy_5th_pre_bid"": ""-585000"", ""buy_5th_pre_req"": ""63"", ""buy_5th_pre_req_pre"": ""0"", ""buy_6th_pre_bid"": ""-584000"", ""buy_6th_pre_req"": ""35"", ""buy_6th_pre_req_pre"": ""0"", ""buy_7th_pre_bid"": ""-583000"", ""buy_7th_pre_req"": ""17"", ""buy_7th_pre_req_pre"": ""0"", ""buy_8th_pre_bid"": ""-582000"", ""buy_8th_pre_req"": ""6"", ""buy_8th_pre_req_pre"": ""0"", ""buy_9th_pre_bid"": ""-581000"", ""buy_9th_pre_req"": ""9"", ""buy_9th_pre_req_pre"": ""0"", ""buy_10th_pre_bid"": ""-580000"", ""buy_10th_pre_req"": ""46"", ""buy_10th_pre_req_pre"": ""0"", ""tot_sel_req_jub_pre"": ""+5"", ""tot_sel_req"": ""1655"", ""tot_buy_req"": ""943"", ""tot_buy_req_jub_pre"": ""0"", ""ovt_sel_req_pre"": ""0"", ""ovt_sel_req"": ""0"", ""ovt_buy_req"": ""0"", ""ovt_buy_req_pre"": ""0"", ""return_code"": 0, ""return_msg"": ""정상적으로 처리되었습니다""}"
2026-06-10,scan_candidate,066570,,0,main_scan,234500,,234500,234000,234500,236000,0.42643923240938164,0.21321961620469082,,,,,,"{""bid_req_base_tm"": ""093128"", ""sel_10th_pre_req_pre"": ""0"", ""sel_10th_pre_req"": ""1141"", ""sel_10th_pre_bid"": ""-239000"", ""sel_9th_pre_req_pre"": ""0"", ""sel_9th_pre_req"": ""903"", ""sel_9th_pre_bid"": ""-238500"", ""sel_8th_pre_req_pre"": ""0"", ""sel_8th_pre_req"": ""1825"", ""sel_8th_pre_bid"": ""-238000"", ""sel_7th_pre_req_pre"": ""0"", ""sel_7th_pre_req"": ""1100"", ""sel_7th_pre_bid"": ""-237500"", ""sel_6th_pre_req_pre"": ""+2"", ""sel_6th_pre_req"": ""227"", ""sel_6th_pre_bid"": ""-237000"", ""sel_5th_pre_req_pre"": ""0"", ""sel_5th_pre_req"": ""699"", ""sel_5th_pre_bid"": ""-236500"", ""sel_4th_pre_req_pre"": ""0"", ""sel_4th_pre_req"": ""365"", ""sel_4th_pre_bid"": ""-236000"", ""sel_3th_pre_req_pre"": ""0"", ""sel_3th_pre_req"": ""154"", ""sel_3th_pre_bid"": ""-235500"", ""sel_2th_pre_req_pre"": ""0"", ""sel_2th_pre_req"": ""1011"", ""sel_2th_pre_bid"": ""-235000"", ""sel_1th_pre_req_pre"": ""0"", ""sel_fpr_req"": ""5454"", ""sel_fpr_bid"": ""-234500"", ""buy_fpr_bid"": ""-234000"", ""buy_fpr_req"": ""3152"", ""buy_1th_pre_req_pre"": ""--2"", ""buy_2th_pre_bid"": ""-233500"", ""buy_2th_pre_req"": ""5556"", ""buy_2th_pre_req_pre"": ""0"", ""buy_3th_pre_bid"": ""-233000"", ""buy_3th_pre_req"": ""8255"", ""buy_3th_pre_req_pre"": ""0"", ""buy_4th_pre_bid"": ""-232500"", ""buy_4th_pre_req"": ""5440"", ""buy_4th_pre_req_pre"": ""0"", ""buy_5th_pre_bid"": ""-232000"", ""buy_5th_pre_req"": ""9376"", ""buy_5th_pre_req_pre"": ""0"", ""buy_6th_pre_bid"": ""-231500"", ""buy_6th_pre_req"": ""8600"", ""buy_6th_pre_req_pre"": ""0"", ""buy_7th_pre_bid"": ""-231000"", ""buy_7th_pre_req"": ""9141"", ""buy_7th_pre_req_pre"": ""0"", ""buy_8th_pre_bid"": ""-230500"", ""buy_8th_pre_req"": ""7650"", ""buy_8th_pre_req_pre"": ""0"", ""buy_9th_pre_bid"": ""-230000"", ""buy_9th_pre_req"": ""19906"", ""buy_9th_pre_req_pre"": ""0"", ""buy_10th_pre_bid"": ""-229500"", ""buy_10th_pre_req"": ""1501"", ""buy_10th_pre_req_pre"": ""0"", ""tot_sel_req_jub_pre"": ""+2"", ""tot_sel_req"": ""12879"", ""tot_buy_req"": ""78577"", ""tot_buy_req_jub_pre"": ""--2"", ""ovt_sel_req_pre"": ""0"", ""ovt_sel_req"": ""0"", ""ovt_buy_req"": ""0"", ""ovt_buy_req_pre"": ""0"", ""return_code"": 0, ""return_msg"": ""정상적으로 처리되었습니다""}"
2026-06-10,scan_candidate,035420,,0,main_scan,240500,,240500,240000,240500,242500,0.6237006237006237,0.2079002079002079,,,,,,"{""bid_req_base_tm"": ""093129"", ""sel_10th_pre_req_pre"": ""0"", ""sel_10th_pre_req"": ""343"", ""sel_10th_pre_bid"": ""-245000"", ""sel_9th_pre_req_pre"": ""0"", ""sel_9th_pre_req"": ""1172"", ""sel_9th_pre_bid"": ""-244500"", ""sel_8th_pre_req_pre"": ""0"", ""sel_8th_pre_req"": ""3397"", ""sel_8th_pre_bid"": ""-244000"", ""sel_7th_pre_req_pre"": ""0"", ""sel_7th_pre_req"": ""508"", ""sel_7th_pre_bid"": ""-243500"", ""sel_6th_pre_req_pre"": ""0"", ""sel_6th_pre_req"": ""437"", ""sel_6th_pre_bid"": ""-243000"", ""sel_5th_pre_req_pre"": ""0"", ""sel_5th_pre_req"": ""652"", ""sel_5th_pre_bid"": ""-242500"", ""sel_4th_pre_req_pre"": ""0"", ""sel_4th_pre_req"": ""2695"", ""sel_4th_pre_bid"": ""-242000"", ""sel_3th_pre_req_pre"": ""0"", ""sel_3th_pre_req"": ""914"", ""sel_3th_pre_bid"": ""-241500"", ""sel_2th_pre_req_pre"": ""--43"", ""sel_2th_pre_req"": ""5710"", ""sel_2th_pre_bid"": ""-241000"", ""sel_1th_pre_req_pre"": ""+11"", ""sel_fpr_req"": ""2750"", ""sel_fpr_bid"": ""-240500"", ""buy_fpr_bid"": ""-240000"", ""buy_fpr_req"": ""41792"", ""buy_1th_pre_req_pre"": ""--58"", ""buy_2th_pre_bid"": ""-239500"", ""buy_2th_pre_req"": ""19172"", ""buy_2th_pre_req_pre"": ""+10"", ""buy_3th_pre_bid"": ""-239000"", ""buy_3th_pre_req"": ""8570"", ""buy_3th_pre_req_pre"": ""+5"", ""buy_4th_pre_bid"": ""-238500"", ""buy_4th_pre_req"": ""5418"", ""buy_4th_pre_req_pre"": ""0"", ""buy_5th_pre_bid"": ""-238000"", ""buy_5th_pre_req"": ""8721"", ""buy_5th_pre_req_pre"": ""0"", ""buy_6th_pre_bid"": ""-237500"", ""buy_6th_pre_req"": ""4490"", ""buy_6th_pre_req_pre"": ""0"", ""buy_7th_pre_bid"": ""-237000"", ""buy_7th_pre_req"": ""5427"", ""buy_7th_pre_req_pre"": ""0"", ""buy_8th_pre_bid"": ""-236500"", ""buy_8th_pre_req"": ""5525"", ""buy_8th_pre_req_pre"": ""0"", ""buy_9th_pre_bid"": ""-236000"", ""buy_9th_pre_req"": ""6430"", ""buy_9th_pre_req_pre"": ""0"", ""buy_10th_pre_bid"": ""-235500"", ""buy_10th_pre_req"": ""2303"", ""buy_10th_pre_req_pre"": ""0"", ""tot_sel_req_jub_pre"": ""--32"", ""tot_sel_req"": ""18578"", ""tot_buy_req"": ""107848"", ""tot_buy_req_jub_pre"": ""--43"", ""ovt_sel_req_pre"": ""0"", ""ovt_sel_req"": ""0"", ""ovt_buy_req"": ""0"", ""ovt_buy_req_pre"": ""0"", ""return_code"": 0, ""return_msg"": ""정상적으로 처리되었습니다""}"
2026-06-10,scan_candidate,086790,,0,main_scan,118200,,118200,118100,118200,117500,-1.015228426395939,0.08460236886632826,,,,,,"{""bid_req_base_tm"": ""093129"", ""sel_10th_pre_req_pre"": ""0"", ""sel_10th_pre_req"": ""10"", ""sel_10th_pre_bid"": ""+119100"", ""sel_9th_pre_req_pre"": ""0"", ""sel_9th_pre_req"": ""694"", ""sel_9th_pre_bid"": ""119000"", ""sel_8th_pre_req_pre"": ""0"", ""sel_8th_pre_req"": ""11"", ""sel_8th_pre_bid"": ""-118900"", ""sel_7th_pre_req_pre"": ""0"", ""sel_7th_pre_req"": ""80"", ""sel_7th_pre_bid"": ""-118800"", ""sel_6th_pre_req_pre"": ""0"", ""sel_6th_pre_req"": ""59"", ""sel_6th_pre_bid"": ""-118700"", ""sel_5th_pre_req_pre"": ""+50"", ""sel_5th_pre_req"": ""162"", ""sel_5th_pre_bid"": ""-118600"", ""sel_4th_pre_req_pre"": ""0"", ""sel_4th_pre_req"": ""3239"", ""sel_4th_pre_bid"": ""-118500"", ""sel_3th_pre_req_pre"": ""0"", ""sel_3th_pre_req"": ""101"", ""sel_3th_pre_bid"": ""-118400"", ""sel_2th_pre_req_pre"": ""+2"", ""sel_2th_pre_req"": ""120"", ""sel_2th_pre_bid"": ""-118300"", ""sel_1th_pre_req_pre"": ""--1"", ""sel_fpr_req"": ""330"", ""sel_fpr_bid"": ""-118200"", ""buy_fpr_bid"": ""-118100"", ""buy_fpr_req"": ""111"", ""buy_1th_pre_req_pre"": ""0"", ""buy_2th_pre_bid"": ""-117900"", ""buy_2th_pre_req"": ""370"", ""buy_2th_pre_req_pre"": ""0"", ""buy_3th_pre_bid"": ""-117800"", ""buy_3th_pre_req"": ""586"", ""buy_3th_pre_req_pre"": ""0"", ""buy_4th_pre_bid"": ""-117700"", ""buy_4th_pre_req"": ""178"", ""buy_4th_pre_req_pre"": ""0"", ""buy_5th_pre_bid"": ""-117600"", ""buy_5th_pre_req"": ""472"", ""buy_5th_pre_req_pre"": ""0"", ""buy_6th_pre_bid"": ""-117400"", ""buy_6th_pre_req"": ""19"", ""buy_6th_pre_req_pre"": ""0"", ""buy_7th_pre_bid"": ""-117300"", ""buy_7th_pre_req"": ""159"", ""buy_7th_pre_req_pre"": ""0"", ""buy_8th_pre_bid"": ""-117200"", ""buy_8th_pre_req"": ""142"", ""buy_8th_pre_req_pre"": ""0"", ""buy_9th_pre_bid"": ""-117100"", ""buy_9th_pre_req"": ""4"", ""buy_9th_pre_req_pre"": ""0"", ""buy_10th_pre_bid"": ""-117000"", ""buy_10th_pre_req"": ""287"", ""buy_10th_pre_req_pre"": ""0"", ""tot_sel_req_jub_pre"": ""+51"", ""tot_sel_req"": ""4806"", ""tot_buy_req"": ""2328"", ""tot_buy_req_jub_pre"": ""0"", ""ovt_sel_req_pre"": ""0"", ""ovt_sel_req"": ""0"", ""ovt_buy_req"": ""0"", ""ovt_buy_req_pre"": ""0"", ""return_code"": 0, ""return_msg"": ""정상적으로 처리되었습니다""}"
2026-06-10,scan_candidate,000810,,0,main_scan,614000,,614000,613000,614000,616000,0.16286644951140067,0.16286644951140067,,,,,,"{""bid_req_base_tm"": ""093129"", ""sel_10th_pre_req_pre"": ""0"", ""sel_10th_pre_req"": ""22"", ""sel_10th_pre_bid"": ""-623000"", ""sel_9th_pre_req_pre"": ""0"", ""sel_9th_pre_req"": ""62"", ""sel_9th_pre_bid"": ""-622000"", ""sel_8th_pre_req_pre"": ""0"", ""sel_8th_pre_req"": ""36"", ""sel_8th_pre_bid"": ""-621000"", ""sel_7th_pre_req_pre"": ""0"", ""sel_7th_pre_req"": ""16"", ""sel_7th_pre_bid"": ""-620000"", ""sel_6th_pre_req_pre"": ""0"", ""sel_6th_pre_req"": ""9"", ""sel_6th_pre_bid"": ""-619000"", ""sel_5th_pre_req_pre"": ""0"", ""sel_5th_pre_req"": ""44"", ""sel_5th_pre_bid"": ""-618000"", ""sel_4th_pre_req_pre"": ""0"", ""sel_4th_pre_req"": ""9"", ""sel_4th_pre_bid"": ""-617000"", ""sel_3th_pre_req_pre"": ""0"", ""sel_3th_pre_req"": ""7"", ""sel_3th_pre_bid"": ""-616000"", ""sel_2th_pre_req_pre"": ""0"", ""sel_2th_pre_req"": ""7"", ""sel_2th_pre_bid"": ""-615000"", ""sel_1th_pre_req_pre"": ""0"", ""sel_fpr_req"": ""38"", ""sel_fpr_bid"": ""-614000"", ""buy_fpr_bid"": ""-613000"", ""buy_fpr_req"": ""76"", ""buy_1th_pre_req_pre"": ""0"", ""buy_2th_pre_bid"": ""-612000"", ""buy_2th_pre_req"": ""138"", ""buy_2th_pre_req_pre"": ""0"", ""buy_3th_pre_bid"": ""-611000"", ""buy_3th_pre_req"": ""20"", ""buy_3th_pre_req_pre"": ""0"", ""buy_4th_pre_bid"": ""-610000"", ""buy_4th_pre_req"": ""126"", ""buy_4th_pre_req_pre"": ""0"", ""buy_5th_pre_bid"": ""-609000"", ""buy_5th_pre_req"": ""2"", ""buy_5th_pre_req_pre"": ""0"", ""buy_6th_pre_bid"": ""-608000"", ""buy_6th_pre_req"": ""4"", ""buy_6th_pre_req_pre"": ""0"", ""buy_7th_pre_bid"": ""-607000"", ""buy_7th_pre_req"": ""15"", ""buy_7th_pre_req_pre"": ""0"", ""buy_8th_pre_bid"": ""-606000"", ""buy_8th_pre_req"": ""7"", ""buy_8th_pre_req_pre"": ""0"", ""buy_9th_pre_bid"": ""-605000"", ""buy_9th_pre_req"": ""8"", ""buy_9th_pre_req_pre"": ""+5"", ""buy_10th_pre_bid"": ""-604000"", ""buy_10th_pre_req"": ""4"", ""buy_10th_pre_req_pre"": ""0"", ""tot_sel_req_jub_pre"": ""0"", ""tot_sel_req"": ""250"", ""tot_buy_req"": ""400"", ""tot_buy_req_jub_pre"": ""+5"", ""ovt_sel_req_pre"": ""0"", ""ovt_sel_req"": ""0"", ""ovt_buy_req"": ""0"", ""ovt_buy_req_pre"": ""0"", ""return_code"": 0, ""return_msg"": ""정상적으로 처리되었습니다""}"
2026-06-10,scan_candidate,011070,,0,main_scan,1094000,,1094000,1093000,1094000,1097000,0.18281535648994515,0.09140767824497258,,,,,,"{""bid_req_base_tm"": ""093129"", ""sel_10th_pre_req_pre"": ""0"", ""sel_10th_pre_req"": ""67"", ""sel_10th_pre_bid"": ""-1105000"", ""sel_9th_pre_req_pre"": ""0"", ""sel_9th_pre_req"": ""8"", ""sel_9th_pre_bid"": ""-1104000"", ""sel_8th_pre_req_pre"": ""0"", ""sel_8th_pre_req"": ""1"", ""sel_8th_pre_bid"": ""-1103000"", ""sel_7th_pre_req_pre"": ""0"", ""sel_7th_pre_req"": ""2"", ""sel_7th_pre_bid"": ""-1102000"", ""sel_6th_pre_req_pre"": ""0"", ""sel_6th_pre_req"": ""8"", ""sel_6th_pre_bid"": ""-1100000"", ""sel_5th_pre_req_pre"": ""0"", ""sel_5th_pre_req"": ""7"", ""sel_5th_pre_bid"": ""-1099000"", ""sel_4th_pre_req_pre"": ""0"", ""sel_4th_pre_req"": ""9"", ""sel_4th_pre_bid"": ""-1097000"", ""sel_3th_pre_req_pre"": ""0"", ""sel_3th_pre_req"": ""105"", ""sel_3th_pre_bid"": ""-1096000"", ""sel_2th_pre_req_pre"": ""0"", ""sel_2th_pre_req"": ""263"", ""sel_2th_pre_bid"": ""-1095000"", ""sel_1th_pre_req_pre"": ""+45"", ""sel_fpr_req"": ""76"", ""sel_fpr_bid"": ""-1094000"", ""buy_fpr_bid"": ""-1093000"", ""buy_fpr_req"": ""35"", ""buy_1th_pre_req_pre"": ""--1"", ""buy_2th_pre_bid"": ""-1092000"", ""buy_2th_pre_req"": ""151"", ""buy_2th_pre_req_pre"": ""+114"", ""buy_3th_pre_bid"": ""-1091000"", ""buy_3th_pre_req"": ""109"", ""buy_3th_pre_req_pre"": ""--94"", ""buy_4th_pre_bid"": ""-1090000"", ""buy_4th_pre_req"": ""247"", ""buy_4th_pre_req_pre"": ""0"", ""buy_5th_pre_bid"": ""-1089000"", ""buy_5th_pre_req"": ""153"", ""buy_5th_pre_req_pre"": ""--20"", ""buy_6th_pre_bid"": ""-1088000"", ""buy_6th_pre_req"": ""46"", ""buy_6th_pre_req_pre"": ""0"", ""buy_7th_pre_bid"": ""-1087000"", ""buy_7th_pre_req"": ""10"", ""buy_7th_pre_req_pre"": ""0"", ""buy_8th_pre_bid"": ""-1086000"", ""buy_8th_pre_req"": ""71"", ""buy_8th_pre_req_pre"": ""0"", ""buy_9th_pre_bid"": ""-1085000"", ""buy_9th_pre_req"": ""67"", ""buy_9th_pre_req_pre"": ""0"", ""buy_10th_pre_bid"": ""-1084000"", ""buy_10th_pre_req"": ""73"", ""buy_10th_pre_req_pre"": ""0"", ""tot_sel_req_jub_pre"": ""+45"", ""tot_sel_req"": ""546"", ""tot_buy_req"": ""962"", ""tot_buy_req_jub_pre"": ""--1"", ""ovt_sel_req_pre"": ""0"", ""ovt_sel_req"": ""0"", ""ovt_buy_req"": ""0"", ""ovt_buy_req_pre"": ""0"", ""return_code"": 0, ""return_msg"": ""정상적으로 처리되었습니다""}"
2026-06-10,scan_candidate,042700,,0,main_scan,300000,,300000,299500,300000,300000,-0.16666666666666669,0.16666666666666669,,,,,,"{""bid_req_base_tm"": ""093129"", ""sel_10th_pre_req_pre"": ""0"", ""sel_10th_pre_req"": ""0"", ""sel_10th_pre_bid"": ""0"", ""sel_9th_pre_req_pre"": ""0"", ""sel_9th_pre_req"": ""0"", ""sel_9th_pre_bid"": ""0"", ""sel_8th_pre_req_pre"": ""0"", ""sel_8th_pre_req"": ""0"", ""sel_8th_pre_bid"": ""0"", ""sel_7th_pre_req_pre"": ""0"", ""sel_7th_pre_req"": ""0"", ""sel_7th_pre_bid"": ""0"", ""sel_6th_pre_req_pre"": ""0"", ""sel_6th_pre_req"": ""0"", ""sel_6th_pre_bid"": ""0"", ""sel_5th_pre_req_pre"": ""0"", ""sel_5th_pre_req"": ""0"", ""sel_5th_pre_bid"": ""0"", ""sel_4th_pre_req_pre"": ""0"", ""sel_4th_pre_req"": ""0"", ""sel_4th_pre_bid"": ""0"", ""sel_3th_pre_req_pre"": ""0"", ""sel_3th_pre_req"": ""103"", ""sel_3th_pre_bid"": ""+301000"", ""sel_2th_pre_req_pre"": ""0"", ""sel_2th_pre_req"": ""180"", ""sel_2th_pre_bid"": ""+300500"", ""sel_1th_pre_req_pre"": ""--377"", ""sel_fpr_req"": ""1232"", ""sel_fpr_bid"": ""+300000"", ""buy_fpr_bid"": ""+299500"", ""buy_fpr_req"": ""2238"", ""buy_1th_pre_req_pre"": ""--177"", ""buy_2th_pre_bid"": ""+299000"", ""buy_2th_pre_req"": ""2874"", ""buy_2th_pre_req_pre"": ""0"", ""buy_3th_pre_bid"": ""+298500"", ""buy_3th_pre_req"": ""1150"", ""buy_3th_pre_req_pre"": ""0"", ""buy_4th_pre_bid"": ""0"", ""buy_4th_pre_req"": ""0"", ""buy_4th_pre_req_pre"": ""0"", ""buy_5th_pre_bid"": ""0"", ""buy_5th_pre_req"": ""0"", ""buy_5th_pre_req_pre"": ""0"", ""buy_6th_pre_bid"": ""0"", ""buy_6th_pre_req"": ""0"", ""buy_6th_pre_req_pre"": ""0"", ""buy_7th_pre_bid"": ""0"", ""buy_7th_pre_req"": ""0"", ""buy_7th_pre_req_pre"": ""0"", ""buy_8th_pre_bid"": ""0"", ""buy_8th_pre_req"": ""0"", ""buy_8th_pre_req_pre"": ""0"", ""buy_9th_pre_bid"": ""0"", ""buy_9th_pre_req"": ""0"", ""buy_9th_pre_req_pre"": ""0"", ""buy_10th_pre_bid"": ""0"", ""buy_10th_pre_req"": ""0"", ""buy_10th_pre_req_pre"": ""0"", ""tot_sel_req_jub_pre"": ""--377"", ""tot_sel_req"": ""1515"", ""tot_buy_req"": ""6262"", ""tot_buy_req_jub_pre"": ""--177"", ""ovt_sel_req_pre"": ""0"", ""ovt_sel_req"": ""0"", ""ovt_buy_req"": ""0"", ""ovt_buy_req_pre"": ""0"", ""return_code"": 0, ""return_msg"": ""정상적으로 처리되었습니다""}"
2026-06-10,scan_candidate,017670,,0,main_scan,108000,,108000,107900,108000,108000,-0.4629629629629629,0.0925925925925926,,,,,,"{""bid_req_base_tm"": ""093130"", ""sel_10th_pre_req_pre"": ""0"", ""sel_10th_pre_req"": ""458"", ""sel_10th_pre_bid"": ""+108900"", ""sel_9th_pre_req_pre"": ""0"", ""sel_9th_pre_req"": ""203"", ""sel_9th_pre_bid"": ""+108800"", ""sel_8th_pre_req_pre"": ""0"", ""sel_8th_pre_req"": ""134"", ""sel_8th_pre_bid"": ""+108700"", ""sel_7th_pre_req_pre"": ""0"", ""sel_7th_pre_req"": ""34"", ""sel_7th_pre_bid"": ""+108600"", ""sel_6th_pre_req_pre"": ""0"", ""sel_6th_pre_req"": ""2325"", ""sel_6th_pre_bid"": ""+108500"", ""sel_5th_pre_req_pre"": ""0"", ""sel_5th_pre_req"": ""48"", ""sel_5th_pre_bid"": ""+108400"", ""sel_4th_pre_req_pre"": ""0"", ""sel_4th_pre_req"": ""87"", ""sel_4th_pre_bid"": ""+108300"", ""sel_3th_pre_req_pre"": ""0"", ""sel_3th_pre_req"": ""32"", ""sel_3th_pre_bid"": ""+108200"", ""sel_2th_pre_req_pre"": ""+200"", ""sel_2th_pre_req"": ""898"", ""sel_2th_pre_bid"": ""108100"", ""sel_1th_pre_req_pre"": ""--200"", ""sel_fpr_req"": ""240"", ""sel_fpr_bid"": ""-108000"", ""buy_fpr_bid"": ""-107900"", ""buy_fpr_req"": ""42"", ""buy_1th_pre_req_pre"": ""0"", ""buy_2th_pre_bid"": ""-107800"", ""buy_2th_pre_req"": ""27"", ""buy_2th_pre_req_pre"": ""0"", ""buy_3th_pre_bid"": ""-107700"", ""buy_3th_pre_req"": ""668"", ""buy_3th_pre_req_pre"": ""+85"", ""buy_4th_pre_bid"": ""-107600"", ""buy_4th_pre_req"": ""475"", ""buy_4th_pre_req_pre"": ""--65"", ""buy_5th_pre_bid"": ""-107500"", ""buy_5th_pre_req"": ""349"", ""buy_5th_pre_req_pre"": ""--20"", ""buy_6th_pre_bid"": ""-107400"", ""buy_6th_pre_req"": ""613"", ""buy_6th_pre_req_pre"": ""0"", ""buy_7th_pre_bid"": ""-107300"", ""buy_7th_pre_req"": ""837"", ""buy_7th_pre_req_pre"": ""0"", ""buy_8th_pre_bid"": ""-107200"", ""buy_8th_pre_req"": ""660"", ""buy_8th_pre_req_pre"": ""0"", ""buy_9th_pre_bid"": ""-107100"", ""buy_9th_pre_req"": ""911"", ""buy_9th_pre_req_pre"": ""0"", ""buy_10th_pre_bid"": ""-107000"", ""buy_10th_pre_req"": ""1763"", ""buy_10th_pre_req_pre"": ""0"", ""tot_sel_req_jub_pre"": ""+306"", ""tot_sel_req"": ""4459"", ""tot_buy_req"": ""6345"", ""tot_buy_req_jub_pre"": ""--1259"", ""ovt_sel_req_pre"": ""0"", ""ovt_sel_req"": ""0"", ""ovt_buy_req"": ""0"", ""ovt_buy_req_pre"": ""0"", ""return_code"": 0, ""return_msg"": ""정상적으로 처리되었습니다""}"
2026-06-10,scan_candidate,018260,,0,main_scan,236500,,236500,236000,236500,237500,0.21141649048625794,0.21141649048625794,,,,,,"{""bid_req_base_tm"": ""093130"", ""sel_10th_pre_req_pre"": ""0"", ""sel_10th_pre_req"": ""191"", ""sel_10th_pre_bid"": ""-241000"", ""sel_9th_pre_req_pre"": ""0"", ""sel_9th_pre_req"": ""47"", ""sel_9th_pre_bid"": ""-240500"", ""sel_8th_pre_req_pre"": ""0"", ""sel_8th_pre_req"": ""127"", ""sel_8th_pre_bid"": ""-240000"", ""sel_7th_pre_req_pre"": ""0"", ""sel_7th_pre_req"": ""29"", ""sel_7th_pre_bid"": ""-239500"", ""sel_6th_pre_req_pre"": ""0"", ""sel_6th_pre_req"": ""53"", ""sel_6th_pre_bid"": ""-239000"", ""sel_5th_pre_req_pre"": ""0"", ""sel_5th_pre_req"": ""867"", ""sel_5th_pre_bid"": ""-238500"", ""sel_4th_pre_req_pre"": ""0"", ""sel_4th_pre_req"": ""532"", ""sel_4th_pre_bid"": ""-238000"", ""sel_3th_pre_req_pre"": ""0"", ""sel_3th_pre_req"": ""47"", ""sel_3th_pre_bid"": ""-237500"", ""sel_2th_pre_req_pre"": ""0"", ""sel_2th_pre_req"": ""10"", ""sel_2th_pre_bid"": ""-237000"", ""sel_1th_pre_req_pre"": ""0"", ""sel_fpr_req"": ""38"", ""sel_fpr_bid"": ""-236500"", ""buy_fpr_bid"": ""-236000"", ""buy_fpr_req"": ""31"", ""buy_1th_pre_req_pre"": ""0"", ""buy_2th_pre_bid"": ""-235500"", ""buy_2th_pre_req"": ""45"", ""buy_2th_pre_req_pre"": ""0"", ""buy_3th_pre_bid"": ""-235000"", ""buy_3th_pre_req"": ""1857"", ""buy_3th_pre_req_pre"": ""+1"", ""buy_4th_pre_bid"": ""-234500"", ""buy_4th_pre_req"": ""829"", ""buy_4th_pre_req_pre"": ""0"", ""buy_5th_pre_bid"": ""-234000"", ""buy_5th_pre_req"": ""645"", ""buy_5th_pre_req_pre"": ""--5"", ""buy_6th_pre_bid"": ""-233500"", ""buy_6th_pre_req"": ""398"", ""buy_6th_pre_req_pre"": ""0"", ""buy_7th_pre_bid"": ""-233000"", ""buy_7th_pre_req"": ""1519"", ""buy_7th_pre_req_pre"": ""0"", ""buy_8th_pre_bid"": ""-232500"", ""buy_8th_pre_req"": ""144"", ""buy_8th_pre_req_pre"": ""+1"", ""buy_9th_pre_bid"": ""-232000"", ""buy_9th_pre_req"": ""1297"", ""buy_9th_pre_req_pre"": ""0"", ""buy_10th_pre_bid"": ""-231500"", ""buy_10th_pre_req"": ""184"", ""buy_10th_pre_req_pre"": ""+1"", ""tot_sel_req_jub_pre"": ""+170"", ""tot_sel_req"": ""1941"", ""tot_buy_req"": ""6949"", ""tot_buy_req_jub_pre"": ""--791"", ""ovt_sel_req_pre"": ""0"", ""ovt_sel_req"": ""0"", ""ovt_buy_req"": ""0"", ""ovt_buy_req_pre"": ""0"", ""return_code"": 0, ""return_msg"": ""정상적으로 처리되었습니다""}"
2026-06-10,scan_candidate,033780,,0,main_scan,185400,,185400,185100,185400,185000,-0.48543689320388345,0.16181229773462785,,,,,,"{""bid_req_base_tm"": ""093130"", ""sel_10th_pre_req_pre"": ""0"", ""sel_10th_pre_req"": ""16"", ""sel_10th_pre_bid"": ""+186300"", ""sel_9th_pre_req_pre"": ""0"", ""sel_9th_pre_req"": ""17"", ""sel_9th_pre_bid"": ""+186200"", ""sel_8th_pre_req_pre"": ""0"", ""sel_8th_pre_req"": ""14"", ""sel_8th_pre_bid"": ""+186100"", ""sel_7th_pre_req_pre"": ""0"", ""sel_7th_pre_req"": ""819"", ""sel_7th_pre_bid"": ""+186000"", ""sel_6th_pre_req_pre"": ""0"", ""sel_6th_pre_req"": ""110"", ""sel_6th_pre_bid"": ""+185900"", ""sel_5th_pre_req_pre"": ""0"", ""sel_5th_pre_req"": ""179"", ""sel_5th_pre_bid"": ""+185800"", ""sel_4th_pre_req_pre"": ""0"", ""sel_4th_pre_req"": ""72"", ""sel_4th_pre_bid"": ""+185700"", ""sel_3th_pre_req_pre"": ""0"", ""sel_3th_pre_req"": ""331"", ""sel_3th_pre_bid"": ""+185600"", ""sel_2th_pre_req_pre"": ""0"", ""sel_2th_pre_req"": ""131"", ""sel_2th_pre_bid"": ""+185500"", ""sel_1th_pre_req_pre"": ""0"", ""sel_fpr_req"": ""41"", ""sel_fpr_bid"": ""+185400"", ""buy_fpr_bid"": ""+185100"", ""buy_fpr_req"": ""1123"", ""buy_1th_pre_req_pre"": ""+286"", ""buy_2th_pre_bid"": ""+185000"", ""buy_2th_pre_req"": ""198"", ""buy_2th_pre_req_pre"": ""--123"", ""buy_3th_pre_bid"": ""+184700"", ""buy_3th_pre_req"": ""20"", ""buy_3th_pre_req_pre"": ""0"", ""buy_4th_pre_bid"": ""+184600"", ""buy_4th_pre_req"": ""314"", ""buy_4th_pre_req_pre"": ""0"", ""buy_5th_pre_bid"": ""+184500"", ""buy_5th_pre_req"": ""6"", ""buy_5th_pre_req_pre"": ""0"", ""buy_6th_pre_bid"": ""+184400"", ""buy_6th_pre_req"": ""111"", ""buy_6th_pre_req_pre"": ""0"", ""buy_7th_pre_bid"": ""-184100"", ""buy_7th_pre_req"": ""365"", ""buy_7th_pre_req_pre"": ""0"", ""buy_8th_pre_bid"": ""-184000"", ""buy_8th_pre_req"": ""40"", ""buy_8th_pre_req_pre"": ""0"", ""buy_9th_pre_bid"": ""-183900"", ""buy_9th_pre_req"": ""9"", ""buy_9th_pre_req_pre"": ""0"", ""buy_10th_pre_bid"": ""-183700"", ""buy_10th_pre_req"": ""2"", ""buy_10th_pre_req_pre"": ""0"", ""tot_sel_req_jub_pre"": ""--32"", ""tot_sel_req"": ""1730"", ""tot_buy_req"": ""2188"", ""tot_buy_req_jub_pre"": ""+163"", ""ovt_sel_req_pre"": ""0"", ""ovt_sel_req"": ""0"", ""ovt_buy_req"": ""0"", ""ovt_buy_req_pre"": ""0"", ""return_code"": 0, ""return_msg"": ""정상적으로 처리되었습니다""}"
2026-06-10,scan_candidate,307950,,0,main_scan,711000,,711000,710000,711000,713000,0.14064697609001406,0.14064697609001406,,,,,,"{""bid_req_base_tm"": ""093130"", ""sel_10th_pre_req_pre"": ""0"", ""sel_10th_pre_req"": ""15"", ""sel_10th_pre_bid"": ""+720000"", ""sel_9th_pre_req_pre"": ""0"", ""sel_9th_pre_req"": ""18"", ""sel_9th_pre_bid"": ""+719000"", ""sel_8th_pre_req_pre"": ""0"", ""sel_8th_pre_req"": ""42"", ""sel_8th_pre_bid"": ""+718000"", ""sel_7th_pre_req_pre"": ""0"", ""sel_7th_pre_req"": ""7"", ""sel_7th_pre_bid"": ""+717000"", ""sel_6th_pre_req_pre"": ""0"", ""sel_6th_pre_req"": ""44"", ""sel_6th_pre_bid"": ""+716000"", ""sel_5th_pre_req_pre"": ""0"", ""sel_5th_pre_req"": ""19"", ""sel_5th_pre_bid"": ""+715000"", ""sel_4th_pre_req_pre"": ""0"", ""sel_4th_pre_req"": ""18"", ""sel_4th_pre_bid"": ""+714000"", ""sel_3th_pre_req_pre"": ""0"", ""sel_3th_pre_req"": ""6"", ""sel_3th_pre_bid"": ""+713000"", ""sel_2th_pre_req_pre"": ""0"", ""sel_2th_pre_req"": ""7"", ""sel_2th_pre_bid"": ""+712000"", ""sel_1th_pre_req_pre"": ""0"", ""sel_fpr_req"": ""11"", ""sel_fpr_bid"": ""+711000"", ""buy_fpr_bid"": ""+710000"", ""buy_fpr_req"": ""2"", ""buy_1th_pre_req_pre"": ""0"", ""buy_2th_pre_bid"": ""+709000"", ""buy_2th_pre_req"": ""60"", ""buy_2th_pre_req_pre"": ""0"", ""buy_3th_pre_bid"": ""+708000"", ""buy_3th_pre_req"": ""66"", ""buy_3th_pre_req_pre"": ""0"", ""buy_4th_pre_bid"": ""+707000"", ""buy_4th_pre_req"": ""106"", ""buy_4th_pre_req_pre"": ""0"", ""buy_5th_pre_bid"": ""+706000"", ""buy_5th_pre_req"": ""96"", ""buy_5th_pre_req_pre"": ""0"", ""buy_6th_pre_bid"": ""+705000"", ""buy_6th_pre_req"": ""127"", ""buy_6th_pre_req_pre"": ""0"", ""buy_7th_pre_bid"": ""+704000"", ""buy_7th_pre_req"": ""141"", ""buy_7th_pre_req_pre"": ""0"", ""buy_8th_pre_bid"": ""+703000"", ""buy_8th_pre_req"": ""133"", ""buy_8th_pre_req_pre"": ""0"", ""buy_9th_pre_bid"": ""+702000"", ""buy_9th_pre_req"": ""217"", ""buy_9th_pre_req_pre"": ""+2"", ""buy_10th_pre_bid"": ""+701000"", ""buy_10th_pre_req"": ""1138"", ""buy_10th_pre_req_pre"": ""0"", ""tot_sel_req_jub_pre"": ""0"", ""tot_sel_req"": ""187"", ""tot_buy_req"": ""2086"", ""tot_buy_req_jub_pre"": ""+2"", ""ovt_sel_req_pre"": ""0"", ""ovt_sel_req"": ""0"", ""ovt_buy_req"": ""0"", ""ovt_buy_req_pre"": ""0"", ""return_code"": 0, ""return_msg"": ""정상적으로 처리되었습니다""}"
2026-06-10,scan_candidate,138040,,0,main_scan,108700,,108700,108600,108700,108500,-0.6439742410303588,0.09199632014719411,,,,,,"{""bid_req_base_tm"": ""093130"", ""sel_10th_pre_req_pre"": ""0"", ""sel_10th_pre_req"": ""219"", ""sel_10th_pre_bid"": ""+109600"", ""sel_9th_pre_req_pre"": ""0"", ""sel_9th_pre_req"": ""105"", ""sel_9th_pre_bid"": ""+109500"", ""sel_8th_pre_req_pre"": ""0"", ""sel_8th_pre_req"": ""16"", ""sel_8th_pre_bid"": ""+109400"", ""sel_7th_pre_req_pre"": ""0"", ""sel_7th_pre_req"": ""201"", ""sel_7th_pre_bid"": ""+109300"", ""sel_6th_pre_req_pre"": ""0"", ""sel_6th_pre_req"": ""122"", ""sel_6th_pre_bid"": ""+109200"", ""sel_5th_pre_req_pre"": ""0"", ""sel_5th_pre_req"": ""26"", ""sel_5th_pre_bid"": ""109100"", ""sel_4th_pre_req_pre"": ""0"", ""sel_4th_pre_req"": ""31"", ""sel_4th_pre_bid"": ""-109000"", ""sel_3th_pre_req_pre"": ""0"", ""sel_3th_pre_req"": ""33"", ""sel_3th_pre_bid"": ""-108900"", ""sel_2th_pre_req_pre"": ""0"", ""sel_2th_pre_req"": ""208"", ""sel_2th_pre_bid"": ""-108800"", ""sel_1th_pre_req_pre"": ""0"", ""sel_fpr_req"": ""29"", ""sel_fpr_bid"": ""-108700"", ""buy_fpr_bid"": ""-108600"", ""buy_fpr_req"": ""74"", ""buy_1th_pre_req_pre"": ""+3"", ""buy_2th_pre_bid"": ""-108400"", ""buy_2th_pre_req"": ""100"", ""buy_2th_pre_req_pre"": ""0"", ""buy_3th_pre_bid"": ""-108300"", ""buy_3th_pre_req"": ""1"", ""buy_3th_pre_req_pre"": ""--10"", ""buy_4th_pre_bid"": ""-108200"", ""buy_4th_pre_req"": ""5"", ""buy_4th_pre_req_pre"": ""0"", ""buy_5th_pre_bid"": ""-108100"", ""buy_5th_pre_req"": ""5"", ""buy_5th_pre_req_pre"": ""0"", ""buy_6th_pre_bid"": ""-108000"", ""buy_6th_pre_req"": ""142"", ""buy_6th_pre_req_pre"": ""0"", ""buy_7th_pre_bid"": ""-107800"", ""buy_7th_pre_req"": ""925"", ""buy_7th_pre_req_pre"": ""0"", ""buy_8th_pre_bid"": ""-107700"", ""buy_8th_pre_req"": ""77"", ""buy_8th_pre_req_pre"": ""0"", ""buy_9th_pre_bid"": ""-107600"", ""buy_9th_pre_req"": ""48"", ""buy_9th_pre_req_pre"": ""0"", ""buy_10th_pre_bid"": ""-107500"", ""buy_10th_pre_req"": ""767"", ""buy_10th_pre_req_pre"": ""0"", ""tot_sel_req_jub_pre"": ""0"", ""tot_sel_req"": ""990"", ""tot_buy_req"": ""2144"", ""tot_buy_req_jub_pre"": ""--7"", ""ovt_sel_req_pre"": ""0"", ""ovt_sel_req"": ""0"", ""ovt_buy_req"": ""0"", ""ovt_buy_req_pre"": ""0"", ""return_code"": 0, ""return_msg"": ""정상적으로 처리되었습니다""}"
2026-06-10,scan_candidate,003550,,0,main_scan,110200,,110200,110100,110200,110000,-0.6352087114337568,0.09074410163339383,,,,,,"{""bid_req_base_tm"": ""093131"", ""sel_10th_pre_req_pre"": ""0"", ""sel_10th_pre_req"": ""15"", ""sel_10th_pre_bid"": ""-111100"", ""sel_9th_pre_req_pre"": ""0"", ""sel_9th_pre_req"": ""46"", ""sel_9th_pre_bid"": ""-111000"", ""sel_8th_pre_req_pre"": ""0"", ""sel_8th_pre_req"": ""512"", ""sel_8th_pre_bid"": ""-110900"", ""sel_7th_pre_req_pre"": ""0"", ""sel_7th_pre_req"": ""61"", ""sel_7th_pre_bid"": ""-110800"", ""sel_6th_pre_req_pre"": ""0"", ""sel_6th_pre_req"": ""112"", ""sel_6th_pre_bid"": ""-110700"", ""sel_5th_pre_req_pre"": ""0"", ""sel_5th_pre_req"": ""237"", ""sel_5th_pre_bid"": ""-110600"", ""sel_4th_pre_req_pre"": ""0"", ""sel_4th_pre_req"": ""118"", ""sel_4th_pre_bid"": ""-110500"", ""sel_3th_pre_req_pre"": ""0"", ""sel_3th_pre_req"": ""199"", ""sel_3th_pre_bid"": ""-110400"", ""sel_2th_pre_req_pre"": ""0"", ""sel_2th_pre_req"": ""181"", ""sel_2th_pre_bid"": ""-110300"", ""sel_1th_pre_req_pre"": ""0"", ""sel_fpr_req"": ""332"", ""sel_fpr_bid"": ""-110200"", ""buy_fpr_bid"": ""-110100"", ""buy_fpr_req"": ""196"", ""buy_1th_pre_req_pre"": ""+2"", ""buy_2th_pre_bid"": ""-110000"", ""buy_2th_pre_req"": ""234"", ""buy_2th_pre_req_pre"": ""0"", ""buy_3th_pre_bid"": ""-109900"", ""buy_3th_pre_req"": ""536"", ""buy_3th_pre_req_pre"": ""0"", ""buy_4th_pre_bid"": ""-109800"", ""buy_4th_pre_req"": ""95"", ""buy_4th_pre_req_pre"": ""0"", ""buy_5th_pre_bid"": ""-109700"", ""buy_5th_pre_req"": ""62"", ""buy_5th_pre_req_pre"": ""0"", ""buy_6th_pre_bid"": ""-109600"", ""buy_6th_pre_req"": ""12"", ""buy_6th_pre_req_pre"": ""0"", ""buy_7th_pre_bid"": ""-109500"", ""buy_7th_pre_req"": ""132"", ""buy_7th_pre_req_pre"": ""0"", ""buy_8th_pre_bid"": ""-109400"", ""buy_8th_pre_req"": ""15"", ""buy_8th_pre_req_pre"": ""0"", ""buy_9th_pre_bid"": ""-109300"", ""buy_9th_pre_req"": ""52"", ""buy_9th_pre_req_pre"": ""0"", ""buy_10th_pre_bid"": ""-109200"", ""buy_10th_pre_req"": ""14"", ""buy_10th_pre_req_pre"": ""0"", ""tot_sel_req_jub_pre"": ""0"", ""tot_sel_req"": ""1813"", ""tot_buy_req"": ""1348"", ""tot_buy_req_jub_pre"": ""+2"", ""ovt_sel_req_pre"": ""0"", ""ovt_sel_req"": ""0"", ""ovt_buy_req"": ""0"", ""ovt_buy_req_pre"": ""0"", ""return_code"": 0, ""return_msg"": ""정상적으로 처리되었습니다""}"
2026-06-10,scan_candidate,024110,,0,main_scan,20950,,20950,20900,20950,20700,-1.431980906921241,0.23866348448687352,,,,,,"{""bid_req_base_tm"": ""093130"", ""sel_10th_pre_req_pre"": ""0"", ""sel_10th_pre_req"": ""10941"", ""sel_10th_pre_bid"": ""+21400"", ""sel_9th_pre_req_pre"": ""0"", ""sel_9th_pre_req"": ""2496"", ""sel_9th_pre_bid"": ""+21350"", ""sel_8th_pre_req_pre"": ""0"", ""sel_8th_pre_req"": ""8884"", ""sel_8th_pre_bid"": ""+21300"", ""sel_7th_pre_req_pre"": ""0"", ""sel_7th_pre_req"": ""8285"", ""sel_7th_pre_bid"": ""+21250"", ""sel_6th_pre_req_pre"": ""0"", ""sel_6th_pre_req"": ""5645"", ""sel_6th_pre_bid"": ""+21200"", ""sel_5th_pre_req_pre"": ""0"", ""sel_5th_pre_req"": ""6043"", ""sel_5th_pre_bid"": ""+21150"", ""sel_4th_pre_req_pre"": ""0"", ""sel_4th_pre_req"": ""7776"", ""sel_4th_pre_bid"": ""+21100"", ""sel_3th_pre_req_pre"": ""0"", ""sel_3th_pre_req"": ""7549"", ""sel_3th_pre_bid"": ""+21050"", ""sel_2th_pre_req_pre"": ""0"", ""sel_2th_pre_req"": ""10036"", ""sel_2th_pre_bid"": ""+21000"", ""sel_1th_pre_req_pre"": ""0"", ""sel_fpr_req"": ""6497"", ""sel_fpr_bid"": ""+20950"", ""buy_fpr_bid"": ""+20900"", ""buy_fpr_req"": ""1242"", ""buy_1th_pre_req_pre"": ""--1"", ""buy_2th_pre_bid"": ""+20850"", ""buy_2th_pre_req"": ""245"", ""buy_2th_pre_req_pre"": ""0"", ""buy_3th_pre_bid"": ""+20800"", ""buy_3th_pre_req"": ""1114"", ""buy_3th_pre_req_pre"": ""0"", ""buy_4th_pre_bid"": ""+20750"", ""buy_4th_pre_req"": ""3931"", ""buy_4th_pre_req_pre"": ""0"", ""buy_5th_pre_bid"": ""+20700"", ""buy_5th_pre_req"": ""1902"", ""buy_5th_pre_req_pre"": ""0"", ""buy_6th_pre_bid"": ""+20650"", ""buy_6th_pre_req"": ""778"", ""buy_6th_pre_req_pre"": ""0"", ""buy_7th_pre_bid"": ""+20600"", ""buy_7th_pre_req"": ""1818"", ""buy_7th_pre_req_pre"": ""0"", ""buy_8th_pre_bid"": ""20550"", ""buy_8th_pre_req"": ""1767"", ""buy_8th_pre_req_pre"": ""0"", ""buy_9th_pre_bid"": ""-20500"", ""buy_9th_pre_req"": ""1319"", ""buy_9th_pre_req_pre"": ""0"", ""buy_10th_pre_bid"": ""-20450"", ""buy_10th_pre_req"": ""1186"", ""buy_10th_pre_req_pre"": ""0"", ""tot_sel_req_jub_pre"": ""0"", ""tot_sel_req"": ""74152"", ""tot_buy_req"": ""15302"", ""tot_buy_req_jub_pre"": ""--1"", ""ovt_sel_req_pre"": ""0"", ""ovt_sel_req"": ""0"", ""ovt_buy_req"": ""0"", ""ovt_buy_req_pre"": ""0"", ""return_code"": 0, ""return_msg"": ""정상적으로 처리되었습니다""}"
2026-06-10,scan_candidate,079550,,0,main_scan,779000,,779000,778000,779000,778000,-0.25673940949935814,0.12836970474967907,,,,,,"{""bid_req_base_tm"": ""093131"", ""sel_10th_pre_req_pre"": ""0"", ""sel_10th_pre_req"": ""67"", ""sel_10th_pre_bid"": ""+788000"", ""sel_9th_pre_req_pre"": ""0"", ""sel_9th_pre_req"": ""66"", ""sel_9th_pre_bid"": ""+787000"", ""sel_8th_pre_req_pre"": ""0"", ""sel_8th_pre_req"": ""88"", ""sel_8th_pre_bid"": ""+786000"", ""sel_7th_pre_req_pre"": ""0"", ""sel_7th_pre_req"": ""181"", ""sel_7th_pre_bid"": ""+785000"", ""sel_6th_pre_req_pre"": ""0"", ""sel_6th_pre_req"": ""25"", ""sel_6th_pre_bid"": ""+784000"", ""sel_5th_pre_req_pre"": ""0"", ""sel_5th_pre_req"": ""76"", ""sel_5th_pre_bid"": ""+783000"", ""sel_4th_pre_req_pre"": ""--100"", ""sel_4th_pre_req"": ""54"", ""sel_4th_pre_bid"": ""+782000"", ""sel_3th_pre_req_pre"": ""+100"", ""sel_3th_pre_req"": ""116"", ""sel_3th_pre_bid"": ""+781000"", ""sel_2th_pre_req_pre"": ""--24"", ""sel_2th_pre_req"": ""4"", ""sel_2th_pre_bid"": ""+780000"", ""sel_1th_pre_req_pre"": ""0"", ""sel_fpr_req"": ""11"", ""sel_fpr_bid"": ""+779000"", ""buy_fpr_bid"": ""+778000"", ""buy_fpr_req"": ""35"", ""buy_1th_pre_req_pre"": ""+10"", ""buy_2th_pre_bid"": ""+777000"", ""buy_2th_pre_req"": ""269"", ""buy_2th_pre_req_pre"": ""0"", ""buy_3th_pre_bid"": ""+776000"", ""buy_3th_pre_req"": ""1"", ""buy_3th_pre_req_pre"": ""0"", ""buy_4th_pre_bid"": ""+775000"", ""buy_4th_pre_req"": ""13"", ""buy_4th_pre_req_pre"": ""0"", ""buy_5th_pre_bid"": ""+774000"", ""buy_5th_pre_req"": ""10"", ""buy_5th_pre_req_pre"": ""0"", ""buy_6th_pre_bid"": ""+773000"", ""buy_6th_pre_req"": ""93"", ""buy_6th_pre_req_pre"": ""0"", ""buy_7th_pre_bid"": ""+772000"", ""buy_7th_pre_req"": ""12"", ""buy_7th_pre_req_pre"": ""0"", ""buy_8th_pre_bid"": ""+771000"", ""buy_8th_pre_req"": ""24"", ""buy_8th_pre_req_pre"": ""0"", ""buy_9th_pre_bid"": ""+770000"", ""buy_9th_pre_req"": ""110"", ""buy_9th_pre_req_pre"": ""0"", ""buy_10th_pre_bid"": ""+769000"", ""buy_10th_pre_req"": ""13"", ""buy_10th_pre_req_pre"": ""0"", ""tot_sel_req_jub_pre"": ""--257"", ""tot_sel_req"": ""688"", ""tot_buy_req"": ""580"", ""tot_buy_req_jub_pre"": ""+3"", ""ovt_sel_req_pre"": ""0"", ""ovt_sel_req"": ""0"", ""ovt_buy_req"": ""0"", ""ovt_buy_req_pre"": ""0"", ""return_code"": 0, ""return_msg"": ""정상적으로 처리되었습니다""}"
2026-06-10,scan_candidate,278470,,0,main_scan,416000,,416000,415500,416000,414000,-0.6009615384615385,0.1201923076923077,,,,,,"{""bid_req_base_tm"": ""093131"", ""sel_10th_pre_req_pre"": ""0"", ""sel_10th_pre_req"": ""178"", ""sel_10th_pre_bid"": ""+420500"", ""sel_9th_pre_req_pre"": ""0"", ""sel_9th_pre_req"": ""2329"", ""sel_9th_pre_bid"": ""+420000"", ""sel_8th_pre_req_pre"": ""0"", ""sel_8th_pre_req"": ""216"", ""sel_8th_pre_bid"": ""+419500"", ""sel_7th_pre_req_pre"": ""0"", ""sel_7th_pre_req"": ""132"", ""sel_7th_pre_bid"": ""+419000"", ""sel_6th_pre_req_pre"": ""0"", ""sel_6th_pre_req"": ""34"", ""sel_6th_pre_bid"": ""+418500"", ""sel_5th_pre_req_pre"": ""0"", ""sel_5th_pre_req"": ""290"", ""sel_5th_pre_bid"": ""+418000"", ""sel_4th_pre_req_pre"": ""0"", ""sel_4th_pre_req"": ""72"", ""sel_4th_pre_bid"": ""+417500"", ""sel_3th_pre_req_pre"": ""0"", ""sel_3th_pre_req"": ""311"", ""sel_3th_pre_bid"": ""+417000"", ""sel_2th_pre_req_pre"": ""0"", ""sel_2th_pre_req"": ""139"", ""sel_2th_pre_bid"": ""+416500"", ""sel_1th_pre_req_pre"": ""0"", ""sel_fpr_req"": ""547"", ""sel_fpr_bid"": ""+416000"", ""buy_fpr_bid"": ""+415500"", ""buy_fpr_req"": ""355"", ""buy_1th_pre_req_pre"": ""0"", ""buy_2th_pre_bid"": ""+415000"", ""buy_2th_pre_req"": ""297"", ""buy_2th_pre_req_pre"": ""0"", ""buy_3th_pre_bid"": ""+414500"", ""buy_3th_pre_req"": ""15"", ""buy_3th_pre_req_pre"": ""0"", ""buy_4th_pre_bid"": ""+414000"", ""buy_4th_pre_req"": ""26"", ""buy_4th_pre_req_pre"": ""0"", ""buy_5th_pre_bid"": ""+413500"", ""buy_5th_pre_req"": ""226"", ""buy_5th_pre_req_pre"": ""0"", ""buy_6th_pre_bid"": ""+412500"", ""buy_6th_pre_req"": ""111"", ""buy_6th_pre_req_pre"": ""0"", ""buy_7th_pre_bid"": ""+412000"", ""buy_7th_pre_req"": ""24"", ""buy_7th_pre_req_pre"": ""0"", ""buy_8th_pre_bid"": ""+411500"", ""buy_8th_pre_req"": ""56"", ""buy_8th_pre_req_pre"": ""0"", ""buy_9th_pre_bid"": ""+411000"", ""buy_9th_pre_req"": ""169"", ""buy_9th_pre_req_pre"": ""0"", ""buy_10th_pre_bid"": ""+410500"", ""buy_10th_pre_req"": ""24"", ""buy_10th_pre_req_pre"": ""0"", ""tot_sel_req_jub_pre"": ""0"", ""tot_sel_req"": ""4248"", ""tot_buy_req"": ""1303"", ""tot_buy_req_jub_pre"": ""0"", ""ovt_sel_req_pre"": ""0"", ""ovt_sel_req"": ""0"", ""ovt_buy_req"": ""0"", ""ovt_buy_req_pre"": ""0"", ""return_code"": 0, ""return_msg"": ""정상적으로 처리되었습니다""}"
2026-06-10,scan_candidate,030200,,0,main_scan,54000,,54000,53900,54000,54000,-0.1851851851851852,0.1851851851851852,,,,,,"{""bid_req_base_tm"": ""093131"", ""sel_10th_pre_req_pre"": ""0"", ""sel_10th_pre_req"": ""1866"", ""sel_10th_pre_bid"": ""+55000"", ""sel_9th_pre_req_pre"": ""0"", ""sel_9th_pre_req"": ""1015"", ""sel_9th_pre_bid"": ""+54900"", ""sel_8th_pre_req_pre"": ""0"", ""sel_8th_pre_req"": ""598"", ""sel_8th_pre_bid"": ""+54800"", ""sel_7th_pre_req_pre"": ""0"", ""sel_7th_pre_req"": ""451"", ""sel_7th_pre_bid"": ""+54700"", ""sel_6th_pre_req_pre"": ""0"", ""sel_6th_pre_req"": ""486"", ""sel_6th_pre_bid"": ""+54600"", ""sel_5th_pre_req_pre"": ""0"", ""sel_5th_pre_req"": ""838"", ""sel_5th_pre_bid"": ""+54500"", ""sel_4th_pre_req_pre"": ""0"", ""sel_4th_pre_req"": ""608"", ""sel_4th_pre_bid"": ""+54400"", ""sel_3th_pre_req_pre"": ""0"", ""sel_3th_pre_req"": ""3132"", ""sel_3th_pre_bid"": ""+54300"", ""sel_2th_pre_req_pre"": ""0"", ""sel_2th_pre_req"": ""99"", ""sel_2th_pre_bid"": ""+54100"", ""sel_1th_pre_req_pre"": ""--10"", ""sel_fpr_req"": ""76"", ""sel_fpr_bid"": ""+54000"", ""buy_fpr_bid"": ""+53900"", ""buy_fpr_req"": ""196"", ""buy_1th_pre_req_pre"": ""0"", ""buy_2th_pre_bid"": ""53800"", ""buy_2th_pre_req"": ""843"", ""buy_2th_pre_req_pre"": ""0"", ""buy_3th_pre_bid"": ""-53700"", ""buy_3th_pre_req"": ""68"", ""buy_3th_pre_req_pre"": ""0"", ""buy_4th_pre_bid"": ""-53600"", ""buy_4th_pre_req"": ""37"", ""buy_4th_pre_req_pre"": ""0"", ""buy_5th_pre_bid"": ""-53500"", ""buy_5th_pre_req"": ""256"", ""buy_5th_pre_req_pre"": ""0"", ""buy_6th_pre_bid"": ""-53400"", ""buy_6th_pre_req"": ""620"", ""buy_6th_pre_req_pre"": ""0"", ""buy_7th_pre_bid"": ""-53300"", ""buy_7th_pre_req"": ""830"", ""buy_7th_pre_req_pre"": ""0"", ""buy_8th_pre_bid"": ""-53200"", ""buy_8th_pre_req"": ""3452"", ""buy_8th_pre_req_pre"": ""0"", ""buy_9th_pre_bid"": ""-53100"", ""buy_9th_pre_req"": ""1030"", ""buy_9th_pre_req_pre"": ""0"", ""buy_10th_pre_bid"": ""-53000"", ""buy_10th_pre_req"": ""1048"", ""buy_10th_pre_req_pre"": ""0"", ""tot_sel_req_jub_pre"": ""--10"", ""tot_sel_req"": ""9169"", ""tot_buy_req"": ""8380"", ""tot_buy_req_jub_pre"": ""0"", ""ovt_sel_req_pre"": ""0"", ""ovt_sel_req"": ""0"", ""ovt_buy_req"": ""0"", ""ovt_buy_req_pre"": ""0"", ""return_code"": 0, ""return_msg"": ""정상적으로 처리되었습니다""}"
2026-06-10,scan_candidate,010950,,0,main_scan,112800,,112800,112700,112800,113000,-0.26595744680851063,0.08865248226950355,,,,,,"{""bid_req_base_tm"": ""093131"", ""sel_10th_pre_req_pre"": ""0"", ""sel_10th_pre_req"": ""60"", ""sel_10th_pre_bid"": ""+113800"", ""sel_9th_pre_req_pre"": ""0"", ""sel_9th_pre_req"": ""15"", ""sel_9th_pre_bid"": ""+113600"", ""sel_8th_pre_req_pre"": ""0"", ""sel_8th_pre_req"": ""167"", ""sel_8th_pre_bid"": ""+113500"", ""sel_7th_pre_req_pre"": ""0"", ""sel_7th_pre_req"": ""8"", ""sel_7th_pre_bid"": ""+113400"", ""sel_6th_pre_req_pre"": ""0"", ""sel_6th_pre_req"": ""21"", ""sel_6th_pre_bid"": ""+113300"", ""sel_5th_pre_req_pre"": ""0"", ""sel_5th_pre_req"": ""6"", ""sel_5th_pre_bid"": ""+113200"", ""sel_4th_pre_req_pre"": ""0"", ""sel_4th_pre_req"": ""14"", ""sel_4th_pre_bid"": ""+113100"", ""sel_3th_pre_req_pre"": ""0"", ""sel_3th_pre_req"": ""26"", ""sel_3th_pre_bid"": ""+113000"", ""sel_2th_pre_req_pre"": ""0"", ""sel_2th_pre_req"": ""9"", ""sel_2th_pre_bid"": ""+112900"", ""sel_1th_pre_req_pre"": ""0"", ""sel_fpr_req"": ""1"", ""sel_fpr_bid"": ""+112800"", ""buy_fpr_bid"": ""+112700"", ""buy_fpr_req"": ""97"", ""buy_1th_pre_req_pre"": ""+72"", ""buy_2th_pre_bid"": ""+112600"", ""buy_2th_pre_req"": ""58"", ""buy_2th_pre_req_pre"": ""0"", ""buy_3th_pre_bid"": ""+112500"", ""buy_3th_pre_req"": ""14"", ""buy_3th_pre_req_pre"": ""0"", ""buy_4th_pre_bid"": ""+112400"", ""buy_4th_pre_req"": ""85"", ""buy_4th_pre_req_pre"": ""0"", ""buy_5th_pre_bid"": ""+112300"", ""buy_5th_pre_req"": ""133"", ""buy_5th_pre_req_pre"": ""0"", ""buy_6th_pre_bid"": ""+112200"", ""buy_6th_pre_req"": ""192"", ""buy_6th_pre_req_pre"": ""0"", ""buy_7th_pre_bid"": ""+112100"", ""buy_7th_pre_req"": ""51"", ""buy_7th_pre_req_pre"": ""0"", ""buy_8th_pre_bid"": ""+112000"", ""buy_8th_pre_req"": ""5"", ""buy_8th_pre_req_pre"": ""0"", ""buy_9th_pre_bid"": ""+111900"", ""buy_9th_pre_req"": ""1"", ""buy_9th_pre_req_pre"": ""0"", ""buy_10th_pre_bid"": ""+111600"", ""buy_10th_pre_req"": ""1"", ""buy_10th_pre_req_pre"": ""0"", ""tot_sel_req_jub_pre"": ""0"", ""tot_sel_req"": ""327"", ""tot_buy_req"": ""637"", ""tot_buy_req_jub_pre"": ""+72"", ""ovt_sel_req_pre"": ""0"", ""ovt_sel_req"": ""0"", ""ovt_buy_req"": ""0"", ""ovt_buy_req_pre"": ""0"", ""return_code"": 0, ""return_msg"": ""정상적으로 처리되었습니다""}"
2026-06-10,scan_candidate,323410,,0,main_scan,24650,,24650,24600,24650,24450,-1.0141987829614605,0.2028397565922921,,,,,,"{""bid_req_base_tm"": ""093132"", ""sel_10th_pre_req_pre"": ""0"", ""sel_10th_pre_req"": ""3587"", ""sel_10th_pre_bid"": ""+25100"", ""sel_9th_pre_req_pre"": ""0"", ""sel_9th_pre_req"": ""2776"", ""sel_9th_pre_bid"": ""+25050"", ""sel_8th_pre_req_pre"": ""0"", ""sel_8th_pre_req"": ""8265"", ""sel_8th_pre_bid"": ""+25000"", ""sel_7th_pre_req_pre"": ""0"", ""sel_7th_pre_req"": ""2758"", ""sel_7th_pre_bid"": ""+24950"", ""sel_6th_pre_req_pre"": ""0"", ""sel_6th_pre_req"": ""2297"", ""sel_6th_pre_bid"": ""+24900"", ""sel_5th_pre_req_pre"": ""0"", ""sel_5th_pre_req"": ""1581"", ""sel_5th_pre_bid"": ""+24850"", ""sel_4th_pre_req_pre"": ""0"", ""sel_4th_pre_req"": ""2362"", ""sel_4th_pre_bid"": ""+24800"", ""sel_3th_pre_req_pre"": ""0"", ""sel_3th_pre_req"": ""3253"", ""sel_3th_pre_bid"": ""+24750"", ""sel_2th_pre_req_pre"": ""0"", ""sel_2th_pre_req"": ""2212"", ""sel_2th_pre_bid"": ""+24700"", ""sel_1th_pre_req_pre"": ""0"", ""sel_fpr_req"": ""2732"", ""sel_fpr_bid"": ""+24650"", ""buy_fpr_bid"": ""+24600"", ""buy_fpr_req"": ""1198"", ""buy_1th_pre_req_pre"": ""0"", ""buy_2th_pre_bid"": ""+24550"", ""buy_2th_pre_req"": ""204"", ""buy_2th_pre_req_pre"": ""0"", ""buy_3th_pre_bid"": ""+24500"", ""buy_3th_pre_req"": ""882"", ""buy_3th_pre_req_pre"": ""0"", ""buy_4th_pre_bid"": ""+24450"", ""buy_4th_pre_req"": ""786"", ""buy_4th_pre_req_pre"": ""0"", ""buy_5th_pre_bid"": ""24400"", ""buy_5th_pre_req"": ""2280"", ""buy_5th_pre_req_pre"": ""0"", ""buy_6th_pre_bid"": ""-24350"", ""buy_6th_pre_req"": ""2"", ""buy_6th_pre_req_pre"": ""0"", ""buy_7th_pre_bid"": ""-24300"", ""buy_7th_pre_req"": ""920"", ""buy_7th_pre_req_pre"": ""+1"", ""buy_8th_pre_bid"": ""-24250"", ""buy_8th_pre_req"": ""325"", ""buy_8th_pre_req_pre"": ""0"", ""buy_9th_pre_bid"": ""-24200"", ""buy_9th_pre_req"": ""994"", ""buy_9th_pre_req_pre"": ""0"", ""buy_10th_pre_bid"": ""-24150"", ""buy_10th_pre_req"": ""553"", ""buy_10th_pre_req_pre"": ""0"", ""tot_sel_req_jub_pre"": ""0"", ""tot_sel_req"": ""31823"", ""tot_buy_req"": ""8144"", ""tot_buy_req_jub_pre"": ""+1"", ""ovt_sel_req_pre"": ""0"", ""ovt_sel_req"": ""0"", ""ovt_buy_req"": ""0"", ""ovt_buy_req_pre"": ""0"", ""return_code"": 0, ""return_msg"": ""정상적으로 처리되었습니다""}"
2026-06-10,scan_candidate,005940,,0,main_scan,30650,,30650,30600,30650,30750,0.1631321370309951,0.1631321370309951,,,,,,"{""bid_req_base_tm"": ""093132"", ""sel_10th_pre_req_pre"": ""0"", ""sel_10th_pre_req"": ""19"", ""sel_10th_pre_bid"": ""-31150"", ""sel_9th_pre_req_pre"": ""0"", ""sel_9th_pre_req"": ""1"", ""sel_9th_pre_bid"": ""-31100"", ""sel_8th_pre_req_pre"": ""0"", ""sel_8th_pre_req"": ""110"", ""sel_8th_pre_bid"": ""-31000"", ""sel_7th_pre_req_pre"": ""0"", ""sel_7th_pre_req"": ""50"", ""sel_7th_pre_bid"": ""-30950"", ""sel_6th_pre_req_pre"": ""0"", ""sel_6th_pre_req"": ""135"", ""sel_6th_pre_bid"": ""-30900"", ""sel_5th_pre_req_pre"": ""0"", ""sel_5th_pre_req"": ""73"", ""sel_5th_pre_bid"": ""-30850"", ""sel_4th_pre_req_pre"": ""0"", ""sel_4th_pre_req"": ""80"", ""sel_4th_pre_bid"": ""-30800"", ""sel_3th_pre_req_pre"": ""0"", ""sel_3th_pre_req"": ""62"", ""sel_3th_pre_bid"": ""-30750"", ""sel_2th_pre_req_pre"": ""0"", ""sel_2th_pre_req"": ""158"", ""sel_2th_pre_bid"": ""-30700"", ""sel_1th_pre_req_pre"": ""0"", ""sel_fpr_req"": ""885"", ""sel_fpr_bid"": ""-30650"", ""buy_fpr_bid"": ""-30600"", ""buy_fpr_req"": ""284"", ""buy_1th_pre_req_pre"": ""0"", ""buy_2th_pre_bid"": ""-30550"", ""buy_2th_pre_req"": ""343"", ""buy_2th_pre_req_pre"": ""--30"", ""buy_3th_pre_bid"": ""-30500"", ""buy_3th_pre_req"": ""593"", ""buy_3th_pre_req_pre"": ""0"", ""buy_4th_pre_bid"": ""-30450"", ""buy_4th_pre_req"": ""236"", ""buy_4th_pre_req_pre"": ""0"", ""buy_5th_pre_bid"": ""-30400"", ""buy_5th_pre_req"": ""349"", ""buy_5th_pre_req_pre"": ""0"", ""buy_6th_pre_bid"": ""-30350"", ""buy_6th_pre_req"": ""477"", ""buy_6th_pre_req_pre"": ""0"", ""buy_7th_pre_bid"": ""-30300"", ""buy_7th_pre_req"": ""518"", ""buy_7th_pre_req_pre"": ""0"", ""buy_8th_pre_bid"": ""-30250"", ""buy_8th_pre_req"": ""380"", ""buy_8th_pre_req_pre"": ""0"", ""buy_9th_pre_bid"": ""-30200"", ""buy_9th_pre_req"": ""525"", ""buy_9th_pre_req_pre"": ""0"", ""buy_10th_pre_bid"": ""-30150"", ""buy_10th_pre_req"": ""352"", ""buy_10th_pre_req_pre"": ""0"", ""tot_sel_req_jub_pre"": ""0"", ""tot_sel_req"": ""1573"", ""tot_buy_req"": ""4057"", ""tot_buy_req_jub_pre"": ""--30"", ""ovt_sel_req_pre"": ""0"", ""ovt_sel_req"": ""0"", ""ovt_buy_req"": ""0"", ""ovt_buy_req_pre"": ""0"", ""return_code"": 0, ""return_msg"": ""정상적으로 처리되었습니다""}"
2026-06-10,scan_candidate,064400,,0,main_scan,97600,,97600,97400,97600,97600,-0.10245901639344263,0.20491803278688525,,,,,,"{""bid_req_base_tm"": ""093132"", ""sel_10th_pre_req_pre"": ""0"", ""sel_10th_pre_req"": ""2"", ""sel_10th_pre_bid"": ""-98600"", ""sel_9th_pre_req_pre"": ""0"", ""sel_9th_pre_req"": ""51"", ""sel_9th_pre_bid"": ""-98500"", ""sel_8th_pre_req_pre"": ""0"", ""sel_8th_pre_req"": ""11"", ""sel_8th_pre_bid"": ""-98400"", ""sel_7th_pre_req_pre"": ""0"", ""sel_7th_pre_req"": ""312"", ""sel_7th_pre_bid"": ""-98300"", ""sel_6th_pre_req_pre"": ""0"", ""sel_6th_pre_req"": ""541"", ""sel_6th_pre_bid"": ""-98200"", ""sel_5th_pre_req_pre"": ""0"", ""sel_5th_pre_req"": ""36"", ""sel_5th_pre_bid"": ""-98000"", ""sel_4th_pre_req_pre"": ""0"", ""sel_4th_pre_req"": ""154"", ""sel_4th_pre_bid"": ""-97900"", ""sel_3th_pre_req_pre"": ""0"", ""sel_3th_pre_req"": ""146"", ""sel_3th_pre_bid"": ""-97800"", ""sel_2th_pre_req_pre"": ""0"", ""sel_2th_pre_req"": ""131"", ""sel_2th_pre_bid"": ""-97700"", ""sel_1th_pre_req_pre"": ""+11"", ""sel_fpr_req"": ""552"", ""sel_fpr_bid"": ""-97600"", ""buy_fpr_bid"": ""-97400"", ""buy_fpr_req"": ""43"", ""buy_1th_pre_req_pre"": ""0"", ""buy_2th_pre_bid"": ""-97300"", ""buy_2th_pre_req"": ""187"", ""buy_2th_pre_req_pre"": ""--10"", ""buy_3th_pre_bid"": ""-97200"", ""buy_3th_pre_req"": ""168"", ""buy_3th_pre_req_pre"": ""0"", ""buy_4th_pre_bid"": ""-97100"", ""buy_4th_pre_req"": ""215"", ""buy_4th_pre_req_pre"": ""+1"", ""buy_5th_pre_bid"": ""-97000"", ""buy_5th_pre_req"": ""1076"", ""buy_5th_pre_req_pre"": ""0"", ""buy_6th_pre_bid"": ""-96900"", ""buy_6th_pre_req"": ""107"", ""buy_6th_pre_req_pre"": ""0"", ""buy_7th_pre_bid"": ""-96800"", ""buy_7th_pre_req"": ""127"", ""buy_7th_pre_req_pre"": ""0"", ""buy_8th_pre_bid"": ""-96700"", ""buy_8th_pre_req"": ""71"", ""buy_8th_pre_req_pre"": ""0"", ""buy_9th_pre_bid"": ""-96600"", ""buy_9th_pre_req"": ""261"", ""buy_9th_pre_req_pre"": ""0"", ""buy_10th_pre_bid"": ""-96500"", ""buy_10th_pre_req"": ""223"", ""buy_10th_pre_req_pre"": ""0"", ""tot_sel_req_jub_pre"": ""--19"", ""tot_sel_req"": ""1936"", ""tot_buy_req"": ""2478"", ""tot_buy_req_jub_pre"": ""--9"", ""ovt_sel_req_pre"": ""0"", ""ovt_sel_req"": ""0"", ""ovt_buy_req"": ""0"", ""ovt_buy_req_pre"": ""0"", ""return_code"": 0, ""return_msg"": ""정상적으로 처리되었습니다""}"
2026-06-10,scan_candidate,003490,,0,main_scan,25600,,25600,25550,25600,25400,-0.9765625,0.1953125,,,,,,"{""bid_req_base_tm"": ""093132"", ""sel_10th_pre_req_pre"": ""0"", ""sel_10th_pre_req"": ""1320"", ""sel_10th_pre_bid"": ""+26050"", ""sel_9th_pre_req_pre"": ""0"", ""sel_9th_pre_req"": ""29556"", ""sel_9th_pre_bid"": ""+26000"", ""sel_8th_pre_req_pre"": ""0"", ""sel_8th_pre_req"": ""22145"", ""sel_8th_pre_bid"": ""+25950"", ""sel_7th_pre_req_pre"": ""0"", ""sel_7th_pre_req"": ""16756"", ""sel_7th_pre_bid"": ""+25900"", ""sel_6th_pre_req_pre"": ""0"", ""sel_6th_pre_req"": ""3904"", ""sel_6th_pre_bid"": ""+25850"", ""sel_5th_pre_req_pre"": ""0"", ""sel_5th_pre_req"": ""8778"", ""sel_5th_pre_bid"": ""+25800"", ""sel_4th_pre_req_pre"": ""0"", ""sel_4th_pre_req"": ""12091"", ""sel_4th_pre_bid"": ""+25750"", ""sel_3th_pre_req_pre"": ""0"", ""sel_3th_pre_req"": ""12280"", ""sel_3th_pre_bid"": ""+25700"", ""sel_2th_pre_req_pre"": ""0"", ""sel_2th_pre_req"": ""4576"", ""sel_2th_pre_bid"": ""+25650"", ""sel_1th_pre_req_pre"": ""0"", ""sel_fpr_req"": ""759"", ""sel_fpr_bid"": ""+25600"", ""buy_fpr_bid"": ""+25550"", ""buy_fpr_req"": ""879"", ""buy_1th_pre_req_pre"": ""0"", ""buy_2th_pre_bid"": ""+25500"", ""buy_2th_pre_req"": ""1918"", ""buy_2th_pre_req_pre"": ""+1"", ""buy_3th_pre_bid"": ""+25450"", ""buy_3th_pre_req"": ""723"", ""buy_3th_pre_req_pre"": ""0"", ""buy_4th_pre_bid"": ""+25400"", ""buy_4th_pre_req"": ""3231"", ""buy_4th_pre_req_pre"": ""0"", ""buy_5th_pre_bid"": ""+25350"", ""buy_5th_pre_req"": ""2412"", ""buy_5th_pre_req_pre"": ""0"", ""buy_6th_pre_bid"": ""+25300"", ""buy_6th_pre_req"": ""3009"", ""buy_6th_pre_req_pre"": ""0"", ""buy_7th_pre_bid"": ""+25250"", ""buy_7th_pre_req"": ""793"", ""buy_7th_pre_req_pre"": ""0"", ""buy_8th_pre_bid"": ""+25200"", ""buy_8th_pre_req"": ""789"", ""buy_8th_pre_req_pre"": ""0"", ""buy_9th_pre_bid"": ""+25150"", ""buy_9th_pre_req"": ""1404"", ""buy_9th_pre_req_pre"": ""0"", ""buy_10th_pre_bid"": ""+25100"", ""buy_10th_pre_req"": ""2761"", ""buy_10th_pre_req_pre"": ""0"", ""tot_sel_req_jub_pre"": ""0"", ""tot_sel_req"": ""112165"", ""tot_buy_req"": ""17919"", ""tot_buy_req_jub_pre"": ""+1"", ""ovt_sel_req_pre"": ""0"", ""ovt_sel_req"": ""0"", ""ovt_buy_req"": ""0"", ""ovt_buy_req_pre"": ""0"", ""return_code"": 0, ""return_msg"": ""정상적으로 처리되었습니다""}"
2026-06-10,scan_candidate,161390,,0,main_scan,72100,,72100,72000,72100,72100,-0.13869625520110956,0.13869625520110956,,,,,,"{""bid_req_base_tm"": ""093133"", ""sel_10th_pre_req_pre"": ""0"", ""sel_10th_pre_req"": ""126"", ""sel_10th_pre_bid"": ""73000"", ""sel_9th_pre_req_pre"": ""0"", ""sel_9th_pre_req"": ""57"", ""sel_9th_pre_bid"": ""-72900"", ""sel_8th_pre_req_pre"": ""0"", ""sel_8th_pre_req"": ""3"", ""sel_8th_pre_bid"": ""-72800"", ""sel_7th_pre_req_pre"": ""0"", ""sel_7th_pre_req"": ""115"", ""sel_7th_pre_bid"": ""-72700"", ""sel_6th_pre_req_pre"": ""0"", ""sel_6th_pre_req"": ""71"", ""sel_6th_pre_bid"": ""-72600"", ""sel_5th_pre_req_pre"": ""0"", ""sel_5th_pre_req"": ""144"", ""sel_5th_pre_bid"": ""-72500"", ""sel_4th_pre_req_pre"": ""0"", ""sel_4th_pre_req"": ""51"", ""sel_4th_pre_bid"": ""-72400"", ""sel_3th_pre_req_pre"": ""0"", ""sel_3th_pre_req"": ""20"", ""sel_3th_pre_bid"": ""-72300"", ""sel_2th_pre_req_pre"": ""0"", ""sel_2th_pre_req"": ""31"", ""sel_2th_pre_bid"": ""-72200"", ""sel_1th_pre_req_pre"": ""+117"", ""sel_fpr_req"": ""518"", ""sel_fpr_bid"": ""-72100"", ""buy_fpr_bid"": ""-72000"", ""buy_fpr_req"": ""510"", ""buy_1th_pre_req_pre"": ""0"", ""buy_2th_pre_bid"": ""-71900"", ""buy_2th_pre_req"": ""176"", ""buy_2th_pre_req_pre"": ""0"", ""buy_3th_pre_bid"": ""-71800"", ""buy_3th_pre_req"": ""4"", ""buy_3th_pre_req_pre"": ""0"", ""buy_4th_pre_bid"": ""-71700"", ""buy_4th_pre_req"": ""6"", ""buy_4th_pre_req_pre"": ""0"", ""buy_5th_pre_bid"": ""-71600"", ""buy_5th_pre_req"": ""43"", ""buy_5th_pre_req_pre"": ""0"", ""buy_6th_pre_bid"": ""-71500"", ""buy_6th_pre_req"": ""279"", ""buy_6th_pre_req_pre"": ""0"", ""buy_7th_pre_bid"": ""-71400"", ""buy_7th_pre_req"": ""13"", ""buy_7th_pre_req_pre"": ""0"", ""buy_8th_pre_bid"": ""-71300"", ""buy_8th_pre_req"": ""131"", ""buy_8th_pre_req_pre"": ""0"", ""buy_9th_pre_bid"": ""-71200"", ""buy_9th_pre_req"": ""44"", ""buy_9th_pre_req_pre"": ""0"", ""buy_10th_pre_bid"": ""-71100"", ""buy_10th_pre_req"": ""229"", ""buy_10th_pre_req_pre"": ""0"", ""tot_sel_req_jub_pre"": ""+117"", ""tot_sel_req"": ""1136"", ""tot_buy_req"": ""1435"", ""tot_buy_req_jub_pre"": ""0"", ""ovt_sel_req_pre"": ""0"", ""ovt_sel_req"": ""0"", ""ovt_buy_req"": ""0"", ""ovt_buy_req_pre"": ""0"", ""return_code"": 0, ""return_msg"": ""정상적으로 처리되었습니다""}"
2026-06-10,scan_candidate,000880,,0,main_scan,119100,,119100,119000,119100,119500,-0.08396305625524769,0.08396305625524769,,,,,,"{""bid_req_base_tm"": ""093132"", ""sel_10th_pre_req_pre"": ""0"", ""sel_10th_pre_req"": ""50"", ""sel_10th_pre_bid"": ""+120400"", ""sel_9th_pre_req_pre"": ""0"", ""sel_9th_pre_req"": ""518"", ""sel_9th_pre_bid"": ""+120200"", ""sel_8th_pre_req_pre"": ""0"", ""sel_8th_pre_req"": ""87"", ""sel_8th_pre_bid"": ""+119900"", ""sel_7th_pre_req_pre"": ""0"", ""sel_7th_pre_req"": ""30"", ""sel_7th_pre_bid"": ""+119800"", ""sel_6th_pre_req_pre"": ""0"", ""sel_6th_pre_req"": ""1"", ""sel_6th_pre_bid"": ""+119700"", ""sel_5th_pre_req_pre"": ""0"", ""sel_5th_pre_req"": ""30"", ""sel_5th_pre_bid"": ""+119600"", ""sel_4th_pre_req_pre"": ""0"", ""sel_4th_pre_req"": ""25"", ""sel_4th_pre_bid"": ""+119500"", ""sel_3th_pre_req_pre"": ""0"", ""sel_3th_pre_req"": ""30"", ""sel_3th_pre_bid"": ""+119400"", ""sel_2th_pre_req_pre"": ""0"", ""sel_2th_pre_req"": ""71"", ""sel_2th_pre_bid"": ""+119200"", ""sel_1th_pre_req_pre"": ""+13"", ""sel_fpr_req"": ""15"", ""sel_fpr_bid"": ""+119100"", ""buy_fpr_bid"": ""+119000"", ""buy_fpr_req"": ""194"", ""buy_1th_pre_req_pre"": ""0"", ""buy_2th_pre_bid"": ""+118800"", ""buy_2th_pre_req"": ""125"", ""buy_2th_pre_req_pre"": ""--252"", ""buy_3th_pre_bid"": ""+118700"", ""buy_3th_pre_req"": ""66"", ""buy_3th_pre_req_pre"": ""0"", ""buy_4th_pre_bid"": ""+118600"", ""buy_4th_pre_req"": ""2689"", ""buy_4th_pre_req_pre"": ""0"", ""buy_5th_pre_bid"": ""+118500"", ""buy_5th_pre_req"": ""500"", ""buy_5th_pre_req_pre"": ""0"", ""buy_6th_pre_bid"": ""+118300"", ""buy_6th_pre_req"": ""1"", ""buy_6th_pre_req_pre"": ""0"", ""buy_7th_pre_bid"": ""+118200"", ""buy_7th_pre_req"": ""6"", ""buy_7th_pre_req_pre"": ""0"", ""buy_8th_pre_bid"": ""+118100"", ""buy_8th_pre_req"": ""1"", ""buy_8th_pre_req_pre"": ""0"", ""buy_9th_pre_bid"": ""+118000"", ""buy_9th_pre_req"": ""40"", ""buy_9th_pre_req_pre"": ""0"", ""buy_10th_pre_bid"": ""+117800"", ""buy_10th_pre_req"": ""1"", ""buy_10th_pre_req_pre"": ""0"", ""tot_sel_req_jub_pre"": ""+13"", ""tot_sel_req"": ""857"", ""tot_buy_req"": ""3623"", ""tot_buy_req_jub_pre"": ""--252"", ""ovt_sel_req_pre"": ""0"", ""ovt_sel_req"": ""0"", ""ovt_buy_req"": ""0"", ""ovt_buy_req_pre"": ""0"", ""return_code"": 0, ""return_msg"": ""정상적으로 처리되었습니다""}"
2026-06-10,scan_candidate,180640,,0,main_scan,116200,,116200,116100,116200,116000,-0.6024096385542169,0.08605851979345956,,,,,,"{""bid_req_base_tm"": ""093133"", ""sel_10th_pre_req_pre"": ""0"", ""sel_10th_pre_req"": ""59"", ""sel_10th_pre_bid"": ""+117300"", ""sel_9th_pre_req_pre"": ""0"", ""sel_9th_pre_req"": ""21"", ""sel_9th_pre_bid"": ""+117100"", ""sel_8th_pre_req_pre"": ""0"", ""sel_8th_pre_req"": ""92"", ""sel_8th_pre_bid"": ""+117000"", ""sel_7th_pre_req_pre"": ""0"", ""sel_7th_pre_req"": ""28"", ""sel_7th_pre_bid"": ""+116900"", ""sel_6th_pre_req_pre"": ""0"", ""sel_6th_pre_req"": ""16"", ""sel_6th_pre_bid"": ""+116800"", ""sel_5th_pre_req_pre"": ""0"", ""sel_5th_pre_req"": ""121"", ""sel_5th_pre_bid"": ""+116700"", ""sel_4th_pre_req_pre"": ""0"", ""sel_4th_pre_req"": ""16"", ""sel_4th_pre_bid"": ""+116600"", ""sel_3th_pre_req_pre"": ""0"", ""sel_3th_pre_req"": ""5"", ""sel_3th_pre_bid"": ""+116500"", ""sel_2th_pre_req_pre"": ""0"", ""sel_2th_pre_req"": ""138"", ""sel_2th_pre_bid"": ""+116300"", ""sel_1th_pre_req_pre"": ""0"", ""sel_fpr_req"": ""43"", ""sel_fpr_bid"": ""+116200"", ""buy_fpr_bid"": ""+116100"", ""buy_fpr_req"": ""6"", ""buy_1th_pre_req_pre"": ""--11"", ""buy_2th_pre_bid"": ""+115900"", ""buy_2th_pre_req"": ""1"", ""buy_2th_pre_req_pre"": ""0"", ""buy_3th_pre_bid"": ""+115800"", ""buy_3th_pre_req"": ""204"", ""buy_3th_pre_req_pre"": ""0"", ""buy_4th_pre_bid"": ""+115700"", ""buy_4th_pre_req"": ""10"", ""buy_4th_pre_req_pre"": ""0"", ""buy_5th_pre_bid"": ""+115600"", ""buy_5th_pre_req"": ""24"", ""buy_5th_pre_req_pre"": ""0"", ""buy_6th_pre_bid"": ""+115500"", ""buy_6th_pre_req"": ""86"", ""buy_6th_pre_req_pre"": ""0"", ""buy_7th_pre_bid"": ""+115400"", ""buy_7th_pre_req"": ""10"", ""buy_7th_pre_req_pre"": ""0"", ""buy_8th_pre_bid"": ""+115300"", ""buy_8th_pre_req"": ""12"", ""buy_8th_pre_req_pre"": ""0"", ""buy_9th_pre_bid"": ""+115200"", ""buy_9th_pre_req"": ""600"", ""buy_9th_pre_req_pre"": ""0"", ""buy_10th_pre_bid"": ""+115000"", ""buy_10th_pre_req"": ""82"", ""buy_10th_pre_req_pre"": ""0"", ""tot_sel_req_jub_pre"": ""0"", ""tot_sel_req"": ""539"", ""tot_buy_req"": ""1035"", ""tot_buy_req_jub_pre"": ""--11"", ""ovt_sel_req_pre"": ""0"", ""ovt_sel_req"": ""0"", ""ovt_buy_req"": ""0"", ""ovt_buy_req_pre"": ""0"", ""return_code"": 0, ""return_msg"": ""정상적으로 처리되었습니다""}"
2026-06-10,scan_candidate,454910,,0,main_scan,112700,,112700,112600,112700,113000,-0.1774622892635315,0.08873114463176575,,,,,,"{""bid_req_base_tm"": ""093133"", ""sel_10th_pre_req_pre"": ""0"", ""sel_10th_pre_req"": ""35"", ""sel_10th_pre_bid"": ""-113600"", ""sel_9th_pre_req_pre"": ""0"", ""sel_9th_pre_req"": ""167"", ""sel_9th_pre_bid"": ""-113500"", ""sel_8th_pre_req_pre"": ""0"", ""sel_8th_pre_req"": ""144"", ""sel_8th_pre_bid"": ""-113400"", ""sel_7th_pre_req_pre"": ""0"", ""sel_7th_pre_req"": ""155"", ""sel_7th_pre_bid"": ""-113300"", ""sel_6th_pre_req_pre"": ""0"", ""sel_6th_pre_req"": ""57"", ""sel_6th_pre_bid"": ""-113200"", ""sel_5th_pre_req_pre"": ""0"", ""sel_5th_pre_req"": ""135"", ""sel_5th_pre_bid"": ""-113100"", ""sel_4th_pre_req_pre"": ""0"", ""sel_4th_pre_req"": ""264"", ""sel_4th_pre_bid"": ""-113000"", ""sel_3th_pre_req_pre"": ""0"", ""sel_3th_pre_req"": ""1"", ""sel_3th_pre_bid"": ""-112900"", ""sel_2th_pre_req_pre"": ""+80"", ""sel_2th_pre_req"": ""267"", ""sel_2th_pre_bid"": ""-112800"", ""sel_1th_pre_req_pre"": ""0"", ""sel_fpr_req"": ""1"", ""sel_fpr_bid"": ""-112700"", ""buy_fpr_bid"": ""-112600"", ""buy_fpr_req"": ""24"", ""buy_1th_pre_req_pre"": ""0"", ""buy_2th_pre_bid"": ""-112500"", ""buy_2th_pre_req"": ""2743"", ""buy_2th_pre_req_pre"": ""0"", ""buy_3th_pre_bid"": ""-112400"", ""buy_3th_pre_req"": ""678"", ""buy_3th_pre_req_pre"": ""0"", ""buy_4th_pre_bid"": ""-112300"", ""buy_4th_pre_req"": ""428"", ""buy_4th_pre_req_pre"": ""0"", ""buy_5th_pre_bid"": ""-112200"", ""buy_5th_pre_req"": ""637"", ""buy_5th_pre_req_pre"": ""0"", ""buy_6th_pre_bid"": ""-112100"", ""buy_6th_pre_req"": ""1536"", ""buy_6th_pre_req_pre"": ""0"", ""buy_7th_pre_bid"": ""-112000"", ""buy_7th_pre_req"": ""5220"", ""buy_7th_pre_req_pre"": ""0"", ""buy_8th_pre_bid"": ""-111900"", ""buy_8th_pre_req"": ""429"", ""buy_8th_pre_req_pre"": ""0"", ""buy_9th_pre_bid"": ""-111800"", ""buy_9th_pre_req"": ""663"", ""buy_9th_pre_req_pre"": ""0"", ""buy_10th_pre_bid"": ""-111700"", ""buy_10th_pre_req"": ""359"", ""buy_10th_pre_req_pre"": ""0"", ""tot_sel_req_jub_pre"": ""--34"", ""tot_sel_req"": ""1226"", ""tot_buy_req"": ""12717"", ""tot_buy_req_jub_pre"": ""0"", ""ovt_sel_req_pre"": ""0"", ""ovt_sel_req"": ""0"", ""ovt_buy_req"": ""0"", ""ovt_buy_req_pre"": ""0"", ""return_code"": 0, ""return_msg"": ""정상적으로 처리되었습니다""}"
2026-06-10,scan_candidate,353200,,0,main_scan,156800,,156800,156700,156800,156500,-0.5102040816326531,0.06377551020408163,,,,,,"{""bid_req_base_tm"": ""093133"", ""sel_10th_pre_req_pre"": ""0"", ""sel_10th_pre_req"": ""66"", ""sel_10th_pre_bid"": ""+158300"", ""sel_9th_pre_req_pre"": ""0"", ""sel_9th_pre_req"": ""14"", ""sel_9th_pre_bid"": ""+158100"", ""sel_8th_pre_req_pre"": ""0"", ""sel_8th_pre_req"": ""349"", ""sel_8th_pre_bid"": ""+158000"", ""sel_7th_pre_req_pre"": ""--34"", ""sel_7th_pre_req"": ""40"", ""sel_7th_pre_bid"": ""+157900"", ""sel_6th_pre_req_pre"": ""0"", ""sel_6th_pre_req"": ""44"", ""sel_6th_pre_bid"": ""+157800"", ""sel_5th_pre_req_pre"": ""0"", ""sel_5th_pre_req"": ""9"", ""sel_5th_pre_bid"": ""+157400"", ""sel_4th_pre_req_pre"": ""0"", ""sel_4th_pre_req"": ""24"", ""sel_4th_pre_bid"": ""+157300"", ""sel_3th_pre_req_pre"": ""0"", ""sel_3th_pre_req"": ""37"", ""sel_3th_pre_bid"": ""+157200"", ""sel_2th_pre_req_pre"": ""+32"", ""sel_2th_pre_req"": ""209"", ""sel_2th_pre_bid"": ""+157100"", ""sel_1th_pre_req_pre"": ""0"", ""sel_fpr_req"": ""36"", ""sel_fpr_bid"": ""+156800"", ""buy_fpr_bid"": ""+156700"", ""buy_fpr_req"": ""36"", ""buy_1th_pre_req_pre"": ""0"", ""buy_2th_pre_bid"": ""+156600"", ""buy_2th_pre_req"": ""10"", ""buy_2th_pre_req_pre"": ""0"", ""buy_3th_pre_bid"": ""+156500"", ""buy_3th_pre_req"": ""127"", ""buy_3th_pre_req_pre"": ""0"", ""buy_4th_pre_bid"": ""+156400"", ""buy_4th_pre_req"": ""54"", ""buy_4th_pre_req_pre"": ""0"", ""buy_5th_pre_bid"": ""+156300"", ""buy_5th_pre_req"": ""20"", ""buy_5th_pre_req_pre"": ""0"", ""buy_6th_pre_bid"": ""+156200"", ""buy_6th_pre_req"": ""34"", ""buy_6th_pre_req_pre"": ""0"", ""buy_7th_pre_bid"": ""+156100"", ""buy_7th_pre_req"": ""24"", ""buy_7th_pre_req_pre"": ""0"", ""buy_8th_pre_bid"": ""+156000"", ""buy_8th_pre_req"": ""41"", ""buy_8th_pre_req_pre"": ""0"", ""buy_9th_pre_bid"": ""+155900"", ""buy_9th_pre_req"": ""12"", ""buy_9th_pre_req_pre"": ""0"", ""buy_10th_pre_bid"": ""+155800"", ""buy_10th_pre_req"": ""12"", ""buy_10th_pre_req_pre"": ""0"", ""tot_sel_req_jub_pre"": ""--34"", ""tot_sel_req"": ""828"", ""tot_buy_req"": ""370"", ""tot_buy_req_jub_pre"": ""--89"", ""ovt_sel_req_pre"": ""0"", ""ovt_sel_req"": ""0"", ""ovt_buy_req"": ""0"", ""ovt_buy_req_pre"": ""0"", ""return_code"": 0, ""return_msg"": ""정상적으로 처리되었습니다""}"
2026-06-10,scan_candidate,034220,,0,main_scan,13210,,13210,13200,13210,13200,-0.45420136260408783,0.0757002271006813,,,,,,"{""bid_req_base_tm"": ""093134"", ""sel_10th_pre_req_pre"": ""--193"", ""sel_10th_pre_req"": ""2555"", ""sel_10th_pre_bid"": ""-13300"", ""sel_9th_pre_req_pre"": ""0"", ""sel_9th_pre_req"": ""92"", ""sel_9th_pre_bid"": ""-13290"", ""sel_8th_pre_req_pre"": ""0"", ""sel_8th_pre_req"": ""2297"", ""sel_8th_pre_bid"": ""-13280"", ""sel_7th_pre_req_pre"": ""0"", ""sel_7th_pre_req"": ""200"", ""sel_7th_pre_bid"": ""-13270"", ""sel_6th_pre_req_pre"": ""0"", ""sel_6th_pre_req"": ""590"", ""sel_6th_pre_bid"": ""-13260"", ""sel_5th_pre_req_pre"": ""0"", ""sel_5th_pre_req"": ""105"", ""sel_5th_pre_bid"": ""-13250"", ""sel_4th_pre_req_pre"": ""0"", ""sel_4th_pre_req"": ""863"", ""sel_4th_pre_bid"": ""-13240"", ""sel_3th_pre_req_pre"": ""0"", ""sel_3th_pre_req"": ""20146"", ""sel_3th_pre_bid"": ""-13230"", ""sel_2th_pre_req_pre"": ""0"", ""sel_2th_pre_req"": ""1405"", ""sel_2th_pre_bid"": ""-13220"", ""sel_1th_pre_req_pre"": ""--31"", ""sel_fpr_req"": ""2683"", ""sel_fpr_bid"": ""-13210"", ""buy_fpr_bid"": ""-13200"", ""buy_fpr_req"": ""29417"", ""buy_1th_pre_req_pre"": ""0"", ""buy_2th_pre_bid"": ""-13190"", ""buy_2th_pre_req"": ""7971"", ""buy_2th_pre_req_pre"": ""0"", ""buy_3th_pre_bid"": ""-13180"", ""buy_3th_pre_req"": ""4737"", ""buy_3th_pre_req_pre"": ""0"", ""buy_4th_pre_bid"": ""-13170"", ""buy_4th_pre_req"": ""2397"", ""buy_4th_pre_req_pre"": ""0"", ""buy_5th_pre_bid"": ""-13160"", ""buy_5th_pre_req"": ""2161"", ""buy_5th_pre_req_pre"": ""0"", ""buy_6th_pre_bid"": ""-13150"", ""buy_6th_pre_req"": ""15132"", ""buy_6th_pre_req_pre"": ""0"", ""buy_7th_pre_bid"": ""-13140"", ""buy_7th_pre_req"": ""1438"", ""buy_7th_pre_req_pre"": ""0"", ""buy_8th_pre_bid"": ""-13130"", ""buy_8th_pre_req"": ""4452"", ""buy_8th_pre_req_pre"": ""0"", ""buy_9th_pre_bid"": ""-13120"", ""buy_9th_pre_req"": ""5282"", ""buy_9th_pre_req_pre"": ""0"", ""buy_10th_pre_bid"": ""-13110"", ""buy_10th_pre_req"": ""5638"", ""buy_10th_pre_req_pre"": ""0"", ""tot_sel_req_jub_pre"": ""--224"", ""tot_sel_req"": ""30936"", ""tot_buy_req"": ""78625"", ""tot_buy_req_jub_pre"": ""0"", ""ovt_sel_req_pre"": ""0"", ""ovt_sel_req"": ""0"", ""ovt_buy_req"": ""0"", ""ovt_buy_req_pre"": ""0"", ""return_code"": 0, ""return_msg"": ""정상적으로 처리되었습니다""}"
2026-06-10,scan_candidate,267270,,0,main_scan,148100,,148100,148000,148100,148000,-0.4051316677920324,0.0675219446320054,,,,,,"{""bid_req_base_tm"": ""093134"", ""sel_10th_pre_req_pre"": ""0"", ""sel_10th_pre_req"": ""21"", ""sel_10th_pre_bid"": ""+149200"", ""sel_9th_pre_req_pre"": ""0"", ""sel_9th_pre_req"": ""31"", ""sel_9th_pre_bid"": ""+149100"", ""sel_8th_pre_req_pre"": ""0"", ""sel_8th_pre_req"": ""75"", ""sel_8th_pre_bid"": ""+149000"", ""sel_7th_pre_req_pre"": ""0"", ""sel_7th_pre_req"": ""4"", ""sel_7th_pre_bid"": ""+148900"", ""sel_6th_pre_req_pre"": ""0"", ""sel_6th_pre_req"": ""6"", ""sel_6th_pre_bid"": ""+148800"", ""sel_5th_pre_req_pre"": ""0"", ""sel_5th_pre_req"": ""7"", ""sel_5th_pre_bid"": ""+148700"", ""sel_4th_pre_req_pre"": ""0"", ""sel_4th_pre_req"": ""6"", ""sel_4th_pre_bid"": ""+148500"", ""sel_3th_pre_req_pre"": ""0"", ""sel_3th_pre_req"": ""9"", ""sel_3th_pre_bid"": ""+148300"", ""sel_2th_pre_req_pre"": ""0"", ""sel_2th_pre_req"": ""93"", ""sel_2th_pre_bid"": ""+148200"", ""sel_1th_pre_req_pre"": ""0"", ""sel_fpr_req"": ""2"", ""sel_fpr_bid"": ""+148100"", ""buy_fpr_bid"": ""+148000"", ""buy_fpr_req"": ""100"", ""buy_1th_pre_req_pre"": ""0"", ""buy_2th_pre_bid"": ""+147900"", ""buy_2th_pre_req"": ""10"", ""buy_2th_pre_req_pre"": ""0"", ""buy_3th_pre_bid"": ""+147600"", ""buy_3th_pre_req"": ""3"", ""buy_3th_pre_req_pre"": ""0"", ""buy_4th_pre_bid"": ""+147500"", ""buy_4th_pre_req"": ""3"", ""buy_4th_pre_req_pre"": ""0"", ""buy_5th_pre_bid"": ""+147300"", ""buy_5th_pre_req"": ""11"", ""buy_5th_pre_req_pre"": ""0"", ""buy_6th_pre_bid"": ""+147200"", ""buy_6th_pre_req"": ""2"", ""buy_6th_pre_req_pre"": ""--1"", ""buy_7th_pre_bid"": ""+147100"", ""buy_7th_pre_req"": ""48"", ""buy_7th_pre_req_pre"": ""+1"", ""buy_8th_pre_bid"": ""+147000"", ""buy_8th_pre_req"": ""327"", ""buy_8th_pre_req_pre"": ""0"", ""buy_9th_pre_bid"": ""+146800"", ""buy_9th_pre_req"": ""11"", ""buy_9th_pre_req_pre"": ""0"", ""buy_10th_pre_bid"": ""+146700"", ""buy_10th_pre_req"": ""20"", ""buy_10th_pre_req_pre"": ""0"", ""tot_sel_req_jub_pre"": ""0"", ""tot_sel_req"": ""254"", ""tot_buy_req"": ""535"", ""tot_buy_req_jub_pre"": ""0"", ""ovt_sel_req_pre"": ""0"", ""ovt_sel_req"": ""0"", ""ovt_buy_req"": ""0"", ""ovt_buy_req_pre"": ""0"", ""return_code"": 0, ""return_msg"": ""정상적으로 처리되었습니다""}"
2026-06-10,scan_candidate,062040,,0,main_scan,229000,,229000,228500,229000,228500,-0.43668122270742354,0.21834061135371177,,,,,,"{""bid_req_base_tm"": ""093133"", ""sel_10th_pre_req_pre"": ""0"", ""sel_10th_pre_req"": ""530"", ""sel_10th_pre_bid"": ""+233500"", ""sel_9th_pre_req_pre"": ""0"", ""sel_9th_pre_req"": ""648"", ""sel_9th_pre_bid"": ""+233000"", ""sel_8th_pre_req_pre"": ""0"", ""sel_8th_pre_req"": ""288"", ""sel_8th_pre_bid"": ""+232500"", ""sel_7th_pre_req_pre"": ""0"", ""sel_7th_pre_req"": ""346"", ""sel_7th_pre_bid"": ""+232000"", ""sel_6th_pre_req_pre"": ""0"", ""sel_6th_pre_req"": ""175"", ""sel_6th_pre_bid"": ""+231500"", ""sel_5th_pre_req_pre"": ""0"", ""sel_5th_pre_req"": ""293"", ""sel_5th_pre_bid"": ""+231000"", ""sel_4th_pre_req_pre"": ""+2"", ""sel_4th_pre_req"": ""115"", ""sel_4th_pre_bid"": ""+230500"", ""sel_3th_pre_req_pre"": ""+5"", ""sel_3th_pre_req"": ""67"", ""sel_3th_pre_bid"": ""+230000"", ""sel_2th_pre_req_pre"": ""0"", ""sel_2th_pre_req"": ""230"", ""sel_2th_pre_bid"": ""+229500"", ""sel_1th_pre_req_pre"": ""0"", ""sel_fpr_req"": ""257"", ""sel_fpr_bid"": ""+229000"", ""buy_fpr_bid"": ""+228500"", ""buy_fpr_req"": ""122"", ""buy_1th_pre_req_pre"": ""0"", ""buy_2th_pre_bid"": ""+228000"", ""buy_2th_pre_req"": ""393"", ""buy_2th_pre_req_pre"": ""0"", ""buy_3th_pre_bid"": ""+227500"", ""buy_3th_pre_req"": ""116"", ""buy_3th_pre_req_pre"": ""0"", ""buy_4th_pre_bid"": ""+227000"", ""buy_4th_pre_req"": ""62"", ""buy_4th_pre_req_pre"": ""0"", ""buy_5th_pre_bid"": ""+226500"", ""buy_5th_pre_req"": ""77"", ""buy_5th_pre_req_pre"": ""0"", ""buy_6th_pre_bid"": ""+226000"", ""buy_6th_pre_req"": ""111"", ""buy_6th_pre_req_pre"": ""0"", ""buy_7th_pre_bid"": ""+225500"", ""buy_7th_pre_req"": ""256"", ""buy_7th_pre_req_pre"": ""0"", ""buy_8th_pre_bid"": ""225000"", ""buy_8th_pre_req"": ""870"", ""buy_8th_pre_req_pre"": ""0"", ""buy_9th_pre_bid"": ""-224500"", ""buy_9th_pre_req"": ""411"", ""buy_9th_pre_req_pre"": ""0"", ""buy_10th_pre_bid"": ""-224000"", ""buy_10th_pre_req"": ""192"", ""buy_10th_pre_req_pre"": ""0"", ""tot_sel_req_jub_pre"": ""+7"", ""tot_sel_req"": ""2949"", ""tot_buy_req"": ""2610"", ""tot_buy_req_jub_pre"": ""0"", ""ovt_sel_req_pre"": ""0"", ""ovt_sel_req"": ""0"", ""ovt_buy_req"": ""0"", ""ovt_buy_req_pre"": ""0"", ""return_code"": 0, ""return_msg"": ""정상적으로 처리되었습니다""}"
2026-06-10,scan_candidate,078930,,0,main_scan,73700,,73700,73600,73700,73900,0.13568521031207598,0.13568521031207598,,,,,,"{""bid_req_base_tm"": ""093134"", ""sel_10th_pre_req_pre"": ""0"", ""sel_10th_pre_req"": ""2"", ""sel_10th_pre_bid"": ""+75200"", ""sel_9th_pre_req_pre"": ""0"", ""sel_9th_pre_req"": ""13"", ""sel_9th_pre_bid"": ""+75100"", ""sel_8th_pre_req_pre"": ""0"", ""sel_8th_pre_req"": ""549"", ""sel_8th_pre_bid"": ""+75000"", ""sel_7th_pre_req_pre"": ""+5"", ""sel_7th_pre_req"": ""6"", ""sel_7th_pre_bid"": ""+74900"", ""sel_6th_pre_req_pre"": ""0"", ""sel_6th_pre_req"": ""5"", ""sel_6th_pre_bid"": ""+74800"", ""sel_5th_pre_req_pre"": ""0"", ""sel_5th_pre_req"": ""37"", ""sel_5th_pre_bid"": ""+74700"", ""sel_4th_pre_req_pre"": ""0"", ""sel_4th_pre_req"": ""104"", ""sel_4th_pre_bid"": ""+74600"", ""sel_3th_pre_req_pre"": ""0"", ""sel_3th_pre_req"": ""82"", ""sel_3th_pre_bid"": ""+74500"", ""sel_2th_pre_req_pre"": ""+41"", ""sel_2th_pre_req"": ""69"", ""sel_2th_pre_bid"": ""+74400"", ""sel_1th_pre_req_pre"": ""+8"", ""sel_fpr_req"": ""20"", ""sel_fpr_bid"": ""-73700"", ""buy_fpr_bid"": ""-73600"", ""buy_fpr_req"": ""81"", ""buy_1th_pre_req_pre"": ""0"", ""buy_2th_pre_bid"": ""-73500"", ""buy_2th_pre_req"": ""180"", ""buy_2th_pre_req_pre"": ""--30"", ""buy_3th_pre_bid"": ""-73300"", ""buy_3th_pre_req"": ""18"", ""buy_3th_pre_req_pre"": ""0"", ""buy_4th_pre_bid"": ""-73200"", ""buy_4th_pre_req"": ""559"", ""buy_4th_pre_req_pre"": ""0"", ""buy_5th_pre_bid"": ""-73100"", ""buy_5th_pre_req"": ""18"", ""buy_5th_pre_req_pre"": ""0"", ""buy_6th_pre_bid"": ""-73000"", ""buy_6th_pre_req"": ""13"", ""buy_6th_pre_req_pre"": ""0"", ""buy_7th_pre_bid"": ""-72800"", ""buy_7th_pre_req"": ""2"", ""buy_7th_pre_req_pre"": ""0"", ""buy_8th_pre_bid"": ""-72700"", ""buy_8th_pre_req"": ""1"", ""buy_8th_pre_req_pre"": ""0"", ""buy_9th_pre_bid"": ""-72600"", ""buy_9th_pre_req"": ""21"", ""buy_9th_pre_req_pre"": ""0"", ""buy_10th_pre_bid"": ""-72500"", ""buy_10th_pre_req"": ""5"", ""buy_10th_pre_req_pre"": ""0"", ""tot_sel_req_jub_pre"": ""+25"", ""tot_sel_req"": ""887"", ""tot_buy_req"": ""898"", ""tot_buy_req_jub_pre"": ""+39"", ""ovt_sel_req_pre"": ""0"", ""ovt_sel_req"": ""0"", ""ovt_buy_req"": ""0"", ""ovt_buy_req_pre"": ""0"", ""return_code"": 0, ""return_msg"": ""정상적으로 처리되었습니다""}"
2026-06-10,scan_candidate,090430,,0,main_scan,111900,,111900,111800,111900,111500,-0.8042895442359249,0.08936550491510277,,,,,,"{""bid_req_base_tm"": ""093134"", ""sel_10th_pre_req_pre"": ""0"", ""sel_10th_pre_req"": ""187"", ""sel_10th_pre_bid"": ""+113000"", ""sel_9th_pre_req_pre"": ""0"", ""sel_9th_pre_req"": ""14"", ""sel_9th_pre_bid"": ""+112900"", ""sel_8th_pre_req_pre"": ""0"", ""sel_8th_pre_req"": ""10"", ""sel_8th_pre_bid"": ""+112800"", ""sel_7th_pre_req_pre"": ""0"", ""sel_7th_pre_req"": ""21"", ""sel_7th_pre_bid"": ""+112700"", ""sel_6th_pre_req_pre"": ""0"", ""sel_6th_pre_req"": ""10"", ""sel_6th_pre_bid"": ""+112600"", ""sel_5th_pre_req_pre"": ""0"", ""sel_5th_pre_req"": ""10"", ""sel_5th_pre_bid"": ""+112500"", ""sel_4th_pre_req_pre"": ""0"", ""sel_4th_pre_req"": ""10"", ""sel_4th_pre_bid"": ""+112400"", ""sel_3th_pre_req_pre"": ""0"", ""sel_3th_pre_req"": ""8"", ""sel_3th_pre_bid"": ""+112100"", ""sel_2th_pre_req_pre"": ""0"", ""sel_2th_pre_req"": ""35"", ""sel_2th_pre_bid"": ""112000"", ""sel_1th_pre_req_pre"": ""0"", ""sel_fpr_req"": ""202"", ""sel_fpr_bid"": ""-111900"", ""buy_fpr_bid"": ""-111800"", ""buy_fpr_req"": ""130"", ""buy_1th_pre_req_pre"": ""0"", ""buy_2th_pre_bid"": ""-111500"", ""buy_2th_pre_req"": ""10"", ""buy_2th_pre_req_pre"": ""0"", ""buy_3th_pre_bid"": ""-111400"", ""buy_3th_pre_req"": ""41"", ""buy_3th_pre_req_pre"": ""0"", ""buy_4th_pre_bid"": ""-111300"", ""buy_4th_pre_req"": ""54"", ""buy_4th_pre_req_pre"": ""0"", ""buy_5th_pre_bid"": ""-111200"", ""buy_5th_pre_req"": ""50"", ""buy_5th_pre_req_pre"": ""0"", ""buy_6th_pre_bid"": ""-111100"", ""buy_6th_pre_req"": ""48"", ""buy_6th_pre_req_pre"": ""0"", ""buy_7th_pre_bid"": ""-111000"", ""buy_7th_pre_req"": ""114"", ""buy_7th_pre_req_pre"": ""0"", ""buy_8th_pre_bid"": ""-110900"", ""buy_8th_pre_req"": ""61"", ""buy_8th_pre_req_pre"": ""0"", ""buy_9th_pre_bid"": ""-110800"", ""buy_9th_pre_req"": ""38"", ""buy_9th_pre_req_pre"": ""0"", ""buy_10th_pre_bid"": ""-110700"", ""buy_10th_pre_req"": ""27"", ""buy_10th_pre_req_pre"": ""0"", ""tot_sel_req_jub_pre"": ""0"", ""tot_sel_req"": ""507"", ""tot_buy_req"": ""573"", ""tot_buy_req_jub_pre"": ""0"", ""ovt_sel_req_pre"": ""0"", ""ovt_sel_req"": ""0"", ""ovt_buy_req"": ""0"", ""ovt_buy_req_pre"": ""0"", ""return_code"": 0, ""return_msg"": ""정상적으로 처리되었습니다""}"
2026-06-10,scan_candidate,004170,,0,main_scan,669000,,669000,668000,669000,671000,0.14947683109118087,0.14947683109118087,,,,,,"{""bid_req_base_tm"": ""093134"", ""sel_10th_pre_req_pre"": ""0"", ""sel_10th_pre_req"": ""126"", ""sel_10th_pre_bid"": ""+680000"", ""sel_9th_pre_req_pre"": ""0"", ""sel_9th_pre_req"": ""10"", ""sel_9th_pre_bid"": ""+679000"", ""sel_8th_pre_req_pre"": ""0"", ""sel_8th_pre_req"": ""3"", ""sel_8th_pre_bid"": ""+678000"", ""sel_7th_pre_req_pre"": ""0"", ""sel_7th_pre_req"": ""3"", ""sel_7th_pre_bid"": ""+676000"", ""sel_6th_pre_req_pre"": ""0"", ""sel_6th_pre_req"": ""7"", ""sel_6th_pre_bid"": ""+675000"", ""sel_5th_pre_req_pre"": ""0"", ""sel_5th_pre_req"": ""2"", ""sel_5th_pre_bid"": ""+674000"", ""sel_4th_pre_req_pre"": ""0"", ""sel_4th_pre_req"": ""35"", ""sel_4th_pre_bid"": ""+672000"", ""sel_3th_pre_req_pre"": ""0"", ""sel_3th_pre_req"": ""11"", ""sel_3th_pre_bid"": ""+671000"", ""sel_2th_pre_req_pre"": ""0"", ""sel_2th_pre_req"": ""12"", ""sel_2th_pre_bid"": ""+670000"", ""sel_1th_pre_req_pre"": ""0"", ""sel_fpr_req"": ""2"", ""sel_fpr_bid"": ""+669000"", ""buy_fpr_bid"": ""+668000"", ""buy_fpr_req"": ""28"", ""buy_1th_pre_req_pre"": ""0"", ""buy_2th_pre_bid"": ""+667000"", ""buy_2th_pre_req"": ""63"", ""buy_2th_pre_req_pre"": ""0"", ""buy_3th_pre_bid"": ""+666000"", ""buy_3th_pre_req"": ""3"", ""buy_3th_pre_req_pre"": ""0"", ""buy_4th_pre_bid"": ""+665000"", ""buy_4th_pre_req"": ""11"", ""buy_4th_pre_req_pre"": ""0"", ""buy_5th_pre_bid"": ""+664000"", ""buy_5th_pre_req"": ""16"", ""buy_5th_pre_req_pre"": ""0"", ""buy_6th_pre_bid"": ""+663000"", ""buy_6th_pre_req"": ""51"", ""buy_6th_pre_req_pre"": ""0"", ""buy_7th_pre_bid"": ""+662000"", ""buy_7th_pre_req"": ""68"", ""buy_7th_pre_req_pre"": ""0"", ""buy_8th_pre_bid"": ""+661000"", ""buy_8th_pre_req"": ""69"", ""buy_8th_pre_req_pre"": ""0"", ""buy_9th_pre_bid"": ""+660000"", ""buy_9th_pre_req"": ""328"", ""buy_9th_pre_req_pre"": ""0"", ""buy_10th_pre_bid"": ""+659000"", ""buy_10th_pre_req"": ""848"", ""buy_10th_pre_req_pre"": ""0"", ""tot_sel_req_jub_pre"": ""0"", ""tot_sel_req"": ""211"", ""tot_buy_req"": ""1485"", ""tot_buy_req_jub_pre"": ""0"", ""ovt_sel_req_pre"": ""0"", ""ovt_sel_req"": ""0"", ""ovt_buy_req"": ""0"", ""ovt_buy_req_pre"": ""0"", ""return_code"": 0, ""return_msg"": ""정상적으로 처리되었습니다""}"
2026-06-10,scan_candidate,036570,,0,main_scan,257000,,257000,256500,257000,259000,0.5836575875486382,0.19455252918287938,,,,,,"{""bid_req_base_tm"": ""093133"", ""sel_10th_pre_req_pre"": ""0"", ""sel_10th_pre_req"": ""36"", ""sel_10th_pre_bid"": ""-262000"", ""sel_9th_pre_req_pre"": ""0"", ""sel_9th_pre_req"": ""19"", ""sel_9th_pre_bid"": ""-261000"", ""sel_8th_pre_req_pre"": ""0"", ""sel_8th_pre_req"": ""7"", ""sel_8th_pre_bid"": ""-260500"", ""sel_7th_pre_req_pre"": ""0"", ""sel_7th_pre_req"": ""63"", ""sel_7th_pre_bid"": ""-260000"", ""sel_6th_pre_req_pre"": ""0"", ""sel_6th_pre_req"": ""14"", ""sel_6th_pre_bid"": ""-259500"", ""sel_5th_pre_req_pre"": ""0"", ""sel_5th_pre_req"": ""6"", ""sel_5th_pre_bid"": ""-259000"", ""sel_4th_pre_req_pre"": ""0"", ""sel_4th_pre_req"": ""13"", ""sel_4th_pre_bid"": ""-258500"", ""sel_3th_pre_req_pre"": ""0"", ""sel_3th_pre_req"": ""30"", ""sel_3th_pre_bid"": ""-258000"", ""sel_2th_pre_req_pre"": ""0"", ""sel_2th_pre_req"": ""64"", ""sel_2th_pre_bid"": ""-257500"", ""sel_1th_pre_req_pre"": ""0"", ""sel_fpr_req"": ""117"", ""sel_fpr_bid"": ""-257000"", ""buy_fpr_bid"": ""-256500"", ""buy_fpr_req"": ""92"", ""buy_1th_pre_req_pre"": ""--20"", ""buy_2th_pre_bid"": ""-256000"", ""buy_2th_pre_req"": ""284"", ""buy_2th_pre_req_pre"": ""0"", ""buy_3th_pre_bid"": ""-255500"", ""buy_3th_pre_req"": ""340"", ""buy_3th_pre_req_pre"": ""0"", ""buy_4th_pre_bid"": ""-255000"", ""buy_4th_pre_req"": ""419"", ""buy_4th_pre_req_pre"": ""0"", ""buy_5th_pre_bid"": ""-254500"", ""buy_5th_pre_req"": ""760"", ""buy_5th_pre_req_pre"": ""0"", ""buy_6th_pre_bid"": ""-254000"", ""buy_6th_pre_req"": ""197"", ""buy_6th_pre_req_pre"": ""0"", ""buy_7th_pre_bid"": ""-253500"", ""buy_7th_pre_req"": ""180"", ""buy_7th_pre_req_pre"": ""0"", ""buy_8th_pre_bid"": ""-253000"", ""buy_8th_pre_req"": ""718"", ""buy_8th_pre_req_pre"": ""0"", ""buy_9th_pre_bid"": ""-252500"", ""buy_9th_pre_req"": ""182"", ""buy_9th_pre_req_pre"": ""0"", ""buy_10th_pre_bid"": ""-252000"", ""buy_10th_pre_req"": ""105"", ""buy_10th_pre_req_pre"": ""0"", ""tot_sel_req_jub_pre"": ""0"", ""tot_sel_req"": ""369"", ""tot_buy_req"": ""3277"", ""tot_buy_req_jub_pre"": ""--20"", ""ovt_sel_req_pre"": ""0"", ""ovt_sel_req"": ""0"", ""ovt_buy_req"": ""0"", ""ovt_buy_req_pre"": ""0"", ""return_code"": 0, ""return_msg"": ""정상적으로 처리되었습니다""}"
2026-06-10,scan_candidate,271560,,0,main_scan,133700,,133700,133500,133700,133000,-0.8975317875841435,0.14958863126402394,,,,,,"{""bid_req_base_tm"": ""093135"", ""sel_10th_pre_req_pre"": ""0"", ""sel_10th_pre_req"": ""16"", ""sel_10th_pre_bid"": ""+134600"", ""sel_9th_pre_req_pre"": ""0"", ""sel_9th_pre_req"": ""1"", ""sel_9th_pre_bid"": ""+134500"", ""sel_8th_pre_req_pre"": ""0"", ""sel_8th_pre_req"": ""1"", ""sel_8th_pre_bid"": ""+134400"", ""sel_7th_pre_req_pre"": ""0"", ""sel_7th_pre_req"": ""14"", ""sel_7th_pre_bid"": ""+134300"", ""sel_6th_pre_req_pre"": ""0"", ""sel_6th_pre_req"": ""7"", ""sel_6th_pre_bid"": ""+134200"", ""sel_5th_pre_req_pre"": ""0"", ""sel_5th_pre_req"": ""7"", ""sel_5th_pre_bid"": ""+134100"", ""sel_4th_pre_req_pre"": ""0"", ""sel_4th_pre_req"": ""162"", ""sel_4th_pre_bid"": ""+134000"", ""sel_3th_pre_req_pre"": ""0"", ""sel_3th_pre_req"": ""119"", ""sel_3th_pre_bid"": ""+133900"", ""sel_2th_pre_req_pre"": ""0"", ""sel_2th_pre_req"": ""165"", ""sel_2th_pre_bid"": ""+133800"", ""sel_1th_pre_req_pre"": ""0"", ""sel_fpr_req"": ""46"", ""sel_fpr_bid"": ""+133700"", ""buy_fpr_bid"": ""+133500"", ""buy_fpr_req"": ""20"", ""buy_1th_pre_req_pre"": ""--1"", ""buy_2th_pre_bid"": ""+133200"", ""buy_2th_pre_req"": ""170"", ""buy_2th_pre_req_pre"": ""0"", ""buy_3th_pre_bid"": ""+133100"", ""buy_3th_pre_req"": ""5"", ""buy_3th_pre_req_pre"": ""0"", ""buy_4th_pre_bid"": ""132900"", ""buy_4th_pre_req"": ""81"", ""buy_4th_pre_req_pre"": ""0"", ""buy_5th_pre_bid"": ""-132800"", ""buy_5th_pre_req"": ""10"", ""buy_5th_pre_req_pre"": ""0"", ""buy_6th_pre_bid"": ""-132700"", ""buy_6th_pre_req"": ""5"", ""buy_6th_pre_req_pre"": ""0"", ""buy_7th_pre_bid"": ""-132600"", ""buy_7th_pre_req"": ""55"", ""buy_7th_pre_req_pre"": ""0"", ""buy_8th_pre_bid"": ""-132500"", ""buy_8th_pre_req"": ""113"", ""buy_8th_pre_req_pre"": ""0"", ""buy_9th_pre_bid"": ""-132400"", ""buy_9th_pre_req"": ""71"", ""buy_9th_pre_req_pre"": ""0"", ""buy_10th_pre_bid"": ""-132300"", ""buy_10th_pre_req"": ""18"", ""buy_10th_pre_req_pre"": ""0"", ""tot_sel_req_jub_pre"": ""0"", ""tot_sel_req"": ""538"", ""tot_buy_req"": ""548"", ""tot_buy_req_jub_pre"": ""--1"", ""ovt_sel_req_pre"": ""0"", ""ovt_sel_req"": ""0"", ""ovt_buy_req"": ""0"", ""ovt_buy_req_pre"": ""0"", ""return_code"": 0, ""return_msg"": ""정상적으로 처리되었습니다""}"
2026-06-10,scan_candidate,023530,,0,main_scan,193600,,193600,193500,193600,193000,-0.5681818181818182,0.05165289256198347,,,,,,"{""bid_req_base_tm"": ""093135"", ""sel_10th_pre_req_pre"": ""0"", ""sel_10th_pre_req"": ""151"", ""sel_10th_pre_bid"": ""+194700"", ""sel_9th_pre_req_pre"": ""0"", ""sel_9th_pre_req"": ""5"", ""sel_9th_pre_bid"": ""+194600"", ""sel_8th_pre_req_pre"": ""0"", ""sel_8th_pre_req"": ""140"", ""sel_8th_pre_bid"": ""+194500"", ""sel_7th_pre_req_pre"": ""0"", ""sel_7th_pre_req"": ""10"", ""sel_7th_pre_bid"": ""+194400"", ""sel_6th_pre_req_pre"": ""0"", ""sel_6th_pre_req"": ""17"", ""sel_6th_pre_bid"": ""+194300"", ""sel_5th_pre_req_pre"": ""0"", ""sel_5th_pre_req"": ""2"", ""sel_5th_pre_bid"": ""+194200"", ""sel_4th_pre_req_pre"": ""0"", ""sel_4th_pre_req"": ""61"", ""sel_4th_pre_bid"": ""+194100"", ""sel_3th_pre_req_pre"": ""0"", ""sel_3th_pre_req"": ""18"", ""sel_3th_pre_bid"": ""+194000"", ""sel_2th_pre_req_pre"": ""0"", ""sel_2th_pre_req"": ""26"", ""sel_2th_pre_bid"": ""+193800"", ""sel_1th_pre_req_pre"": ""0"", ""sel_fpr_req"": ""33"", ""sel_fpr_bid"": ""+193600"", ""buy_fpr_bid"": ""+193500"", ""buy_fpr_req"": ""59"", ""buy_1th_pre_req_pre"": ""+2"", ""buy_2th_pre_bid"": ""+193200"", ""buy_2th_pre_req"": ""8"", ""buy_2th_pre_req_pre"": ""0"", ""buy_3th_pre_bid"": ""+193100"", ""buy_3th_pre_req"": ""18"", ""buy_3th_pre_req_pre"": ""0"", ""buy_4th_pre_bid"": ""+193000"", ""buy_4th_pre_req"": ""21"", ""buy_4th_pre_req_pre"": ""0"", ""buy_5th_pre_bid"": ""+192900"", ""buy_5th_pre_req"": ""32"", ""buy_5th_pre_req_pre"": ""0"", ""buy_6th_pre_bid"": ""+192500"", ""buy_6th_pre_req"": ""8"", ""buy_6th_pre_req_pre"": ""0"", ""buy_7th_pre_bid"": ""+192200"", ""buy_7th_pre_req"": ""5"", ""buy_7th_pre_req_pre"": ""0"", ""buy_8th_pre_bid"": ""+192100"", ""buy_8th_pre_req"": ""45"", ""buy_8th_pre_req_pre"": ""0"", ""buy_9th_pre_bid"": ""+191700"", ""buy_9th_pre_req"": ""5"", ""buy_9th_pre_req_pre"": ""0"", ""buy_10th_pre_bid"": ""+191600"", ""buy_10th_pre_req"": ""7"", ""buy_10th_pre_req_pre"": ""0"", ""tot_sel_req_jub_pre"": ""0"", ""tot_sel_req"": ""463"", ""tot_buy_req"": ""208"", ""tot_buy_req_jub_pre"": ""+2"", ""ovt_sel_req_pre"": ""0"", ""ovt_sel_req"": ""0"", ""ovt_buy_req"": ""0"", ""ovt_buy_req_pre"": ""0"", ""return_code"": 0, ""return_msg"": ""정상적으로 처리되었습니다""}"
2026-06-10,scan_candidate,175330,,0,main_scan,25400,,25400,25350,25400,25400,-0.19685039370078738,0.19685039370078738,,,,,,"{""bid_req_base_tm"": ""093134"", ""sel_10th_pre_req_pre"": ""0"", ""sel_10th_pre_req"": ""454"", ""sel_10th_pre_bid"": ""-25850"", ""sel_9th_pre_req_pre"": ""0"", ""sel_9th_pre_req"": ""299"", ""sel_9th_pre_bid"": ""-25800"", ""sel_8th_pre_req_pre"": ""0"", ""sel_8th_pre_req"": ""56"", ""sel_8th_pre_bid"": ""-25750"", ""sel_7th_pre_req_pre"": ""0"", ""sel_7th_pre_req"": ""84"", ""sel_7th_pre_bid"": ""-25700"", ""sel_6th_pre_req_pre"": ""0"", ""sel_6th_pre_req"": ""474"", ""sel_6th_pre_bid"": ""-25650"", ""sel_5th_pre_req_pre"": ""0"", ""sel_5th_pre_req"": ""360"", ""sel_5th_pre_bid"": ""-25600"", ""sel_4th_pre_req_pre"": ""0"", ""sel_4th_pre_req"": ""43"", ""sel_4th_pre_bid"": ""-25550"", ""sel_3th_pre_req_pre"": ""0"", ""sel_3th_pre_req"": ""6"", ""sel_3th_pre_bid"": ""-25500"", ""sel_2th_pre_req_pre"": ""0"", ""sel_2th_pre_req"": ""281"", ""sel_2th_pre_bid"": ""-25450"", ""sel_1th_pre_req_pre"": ""--13"", ""sel_fpr_req"": ""1666"", ""sel_fpr_bid"": ""-25400"", ""buy_fpr_bid"": ""-25350"", ""buy_fpr_req"": ""485"", ""buy_1th_pre_req_pre"": ""0"", ""buy_2th_pre_bid"": ""-25300"", ""buy_2th_pre_req"": ""570"", ""buy_2th_pre_req_pre"": ""0"", ""buy_3th_pre_bid"": ""-25250"", ""buy_3th_pre_req"": ""873"", ""buy_3th_pre_req_pre"": ""0"", ""buy_4th_pre_bid"": ""-25200"", ""buy_4th_pre_req"": ""256"", ""buy_4th_pre_req_pre"": ""0"", ""buy_5th_pre_bid"": ""-25150"", ""buy_5th_pre_req"": ""453"", ""buy_5th_pre_req_pre"": ""0"", ""buy_6th_pre_bid"": ""-25100"", ""buy_6th_pre_req"": ""314"", ""buy_6th_pre_req_pre"": ""0"", ""buy_7th_pre_bid"": ""-25050"", ""buy_7th_pre_req"": ""266"", ""buy_7th_pre_req_pre"": ""0"", ""buy_8th_pre_bid"": ""-25000"", ""buy_8th_pre_req"": ""662"", ""buy_8th_pre_req_pre"": ""0"", ""buy_9th_pre_bid"": ""-24950"", ""buy_9th_pre_req"": ""331"", ""buy_9th_pre_req_pre"": ""0"", ""buy_10th_pre_bid"": ""-24900"", ""buy_10th_pre_req"": ""409"", ""buy_10th_pre_req_pre"": ""0"", ""tot_sel_req_jub_pre"": ""--13"", ""tot_sel_req"": ""3723"", ""tot_buy_req"": ""4619"", ""tot_buy_req_jub_pre"": ""0"", ""ovt_sel_req_pre"": ""0"", ""ovt_sel_req"": ""0"", ""ovt_buy_req"": ""0"", ""ovt_buy_req_pre"": ""0"", ""return_code"": 0, ""return_msg"": ""정상적으로 처리되었습니다""}"
2026-06-10,scan_candidate,088350,,0,main_scan,4875,,4875,4865,4875,4880,0.0,0.20512820512820512,,,,,,"{""bid_req_base_tm"": ""093135"", ""sel_10th_pre_req_pre"": ""0"", ""sel_10th_pre_req"": ""1870"", ""sel_10th_pre_bid"": ""-4920"", ""sel_9th_pre_req_pre"": ""0"", ""sel_9th_pre_req"": ""543"", ""sel_9th_pre_bid"": ""-4915"", ""sel_8th_pre_req_pre"": ""0"", ""sel_8th_pre_req"": ""11"", ""sel_8th_pre_bid"": ""-4910"", ""sel_7th_pre_req_pre"": ""0"", ""sel_7th_pre_req"": ""979"", ""sel_7th_pre_bid"": ""-4905"", ""sel_6th_pre_req_pre"": ""0"", ""sel_6th_pre_req"": ""1"", ""sel_6th_pre_bid"": ""-4900"", ""sel_5th_pre_req_pre"": ""0"", ""sel_5th_pre_req"": ""203"", ""sel_5th_pre_bid"": ""-4895"", ""sel_4th_pre_req_pre"": ""0"", ""sel_4th_pre_req"": ""3543"", ""sel_4th_pre_bid"": ""-4890"", ""sel_3th_pre_req_pre"": ""0"", ""sel_3th_pre_req"": ""2200"", ""sel_3th_pre_bid"": ""-4885"", ""sel_2th_pre_req_pre"": ""0"", ""sel_2th_pre_req"": ""3488"", ""sel_2th_pre_bid"": ""-4880"", ""sel_1th_pre_req_pre"": ""0"", ""sel_fpr_req"": ""1875"", ""sel_fpr_bid"": ""-4875"", ""buy_fpr_bid"": ""-4865"", ""buy_fpr_req"": ""105"", ""buy_1th_pre_req_pre"": ""0"", ""buy_2th_pre_bid"": ""-4860"", ""buy_2th_pre_req"": ""2176"", ""buy_2th_pre_req_pre"": ""+14"", ""buy_3th_pre_bid"": ""-4855"", ""buy_3th_pre_req"": ""6793"", ""buy_3th_pre_req_pre"": ""0"", ""buy_4th_pre_bid"": ""-4850"", ""buy_4th_pre_req"": ""4554"", ""buy_4th_pre_req_pre"": ""0"", ""buy_5th_pre_bid"": ""-4845"", ""buy_5th_pre_req"": ""10490"", ""buy_5th_pre_req_pre"": ""0"", ""buy_6th_pre_bid"": ""-4840"", ""buy_6th_pre_req"": ""17527"", ""buy_6th_pre_req_pre"": ""0"", ""buy_7th_pre_bid"": ""-4835"", ""buy_7th_pre_req"": ""34711"", ""buy_7th_pre_req_pre"": ""+100"", ""buy_8th_pre_bid"": ""-4830"", ""buy_8th_pre_req"": ""5879"", ""buy_8th_pre_req_pre"": ""0"", ""buy_9th_pre_bid"": ""-4825"", ""buy_9th_pre_req"": ""4671"", ""buy_9th_pre_req_pre"": ""0"", ""buy_10th_pre_bid"": ""-4820"", ""buy_10th_pre_req"": ""5316"", ""buy_10th_pre_req_pre"": ""0"", ""tot_sel_req_jub_pre"": ""0"", ""tot_sel_req"": ""14713"", ""tot_buy_req"": ""92222"", ""tot_buy_req_jub_pre"": ""--7188"", ""ovt_sel_req_pre"": ""0"", ""ovt_sel_req"": ""0"", ""ovt_buy_req"": ""0"", ""ovt_buy_req_pre"": ""0"", ""return_code"": 0, ""return_msg"": ""정상적으로 처리되었습니다""}"
2026-06-10,scan_candidate,069960,,0,main_scan,165200,,165200,164700,165200,166000,0.18159806295399517,0.3026634382566586,,,,,,"{""bid_req_base_tm"": ""093135"", ""sel_10th_pre_req_pre"": ""0"", ""sel_10th_pre_req"": ""1"", ""sel_10th_pre_bid"": ""+167400"", ""sel_9th_pre_req_pre"": ""0"", ""sel_9th_pre_req"": ""34"", ""sel_9th_pre_bid"": ""+167000"", ""sel_8th_pre_req_pre"": ""0"", ""sel_8th_pre_req"": ""50"", ""sel_8th_pre_bid"": ""+166900"", ""sel_7th_pre_req_pre"": ""0"", ""sel_7th_pre_req"": ""1"", ""sel_7th_pre_bid"": ""-166500"", ""sel_6th_pre_req_pre"": ""0"", ""sel_6th_pre_req"": ""10"", ""sel_6th_pre_bid"": ""-166000"", ""sel_5th_pre_req_pre"": ""0"", ""sel_5th_pre_req"": ""1"", ""sel_5th_pre_bid"": ""-165900"", ""sel_4th_pre_req_pre"": ""0"", ""sel_4th_pre_req"": ""18"", ""sel_4th_pre_bid"": ""-165600"", ""sel_3th_pre_req_pre"": ""0"", ""sel_3th_pre_req"": ""29"", ""sel_3th_pre_bid"": ""-165500"", ""sel_2th_pre_req_pre"": ""0"", ""sel_2th_pre_req"": ""19"", ""sel_2th_pre_bid"": ""-165300"", ""sel_1th_pre_req_pre"": ""0"", ""sel_fpr_req"": ""16"", ""sel_fpr_bid"": ""-165200"", ""buy_fpr_bid"": ""-164700"", ""buy_fpr_req"": ""10"", ""buy_1th_pre_req_pre"": ""0"", ""buy_2th_pre_bid"": ""-164600"", ""buy_2th_pre_req"": ""612"", ""buy_2th_pre_req_pre"": ""0"", ""buy_3th_pre_bid"": ""-164500"", ""buy_3th_pre_req"": ""2"", ""buy_3th_pre_req_pre"": ""0"", ""buy_4th_pre_bid"": ""-164100"", ""buy_4th_pre_req"": ""21"", ""buy_4th_pre_req_pre"": ""0"", ""buy_5th_pre_bid"": ""-164000"", ""buy_5th_pre_req"": ""2"", ""buy_5th_pre_req_pre"": ""0"", ""buy_6th_pre_bid"": ""-163500"", ""buy_6th_pre_req"": ""4"", ""buy_6th_pre_req_pre"": ""0"", ""buy_7th_pre_bid"": ""-163400"", ""buy_7th_pre_req"": ""2"", ""buy_7th_pre_req_pre"": ""0"", ""buy_8th_pre_bid"": ""-163300"", ""buy_8th_pre_req"": ""1"", ""buy_8th_pre_req_pre"": ""0"", ""buy_9th_pre_bid"": ""-163100"", ""buy_9th_pre_req"": ""2"", ""buy_9th_pre_req_pre"": ""0"", ""buy_10th_pre_bid"": ""-163000"", ""buy_10th_pre_req"": ""4"", ""buy_10th_pre_req_pre"": ""0"", ""tot_sel_req_jub_pre"": ""0"", ""tot_sel_req"": ""179"", ""tot_buy_req"": ""660"", ""tot_buy_req_jub_pre"": ""0"", ""ovt_sel_req_pre"": ""0"", ""ovt_sel_req"": ""0"", ""ovt_buy_req"": ""0"", ""ovt_buy_req_pre"": ""0"", ""return_code"": 0, ""return_msg"": ""정상적으로 처리되었습니다""}"
2026-06-10,scan_candidate,489790,,0,main_scan,70700,,70700,70300,70700,70400,-0.5657708628005658,0.5657708628005658,,,,,,"{""bid_req_base_tm"": ""093136"", ""sel_10th_pre_req_pre"": ""0"", ""sel_10th_pre_req"": ""0"", ""sel_10th_pre_bid"": ""0"", ""sel_9th_pre_req_pre"": ""0"", ""sel_9th_pre_req"": ""0"", ""sel_9th_pre_bid"": ""0"", ""sel_8th_pre_req_pre"": ""0"", ""sel_8th_pre_req"": ""0"", ""sel_8th_pre_bid"": ""0"", ""sel_7th_pre_req_pre"": ""0"", ""sel_7th_pre_req"": ""0"", ""sel_7th_pre_bid"": ""0"", ""sel_6th_pre_req_pre"": ""0"", ""sel_6th_pre_req"": ""0"", ""sel_6th_pre_bid"": ""0"", ""sel_5th_pre_req_pre"": ""0"", ""sel_5th_pre_req"": ""0"", ""sel_5th_pre_bid"": ""0"", ""sel_4th_pre_req_pre"": ""0"", ""sel_4th_pre_req"": ""0"", ""sel_4th_pre_bid"": ""0"", ""sel_3th_pre_req_pre"": ""0"", ""sel_3th_pre_req"": ""800"", ""sel_3th_pre_bid"": ""+70900"", ""sel_2th_pre_req_pre"": ""0"", ""sel_2th_pre_req"": ""42"", ""sel_2th_pre_bid"": ""+70800"", ""sel_1th_pre_req_pre"": ""+30"", ""sel_fpr_req"": ""879"", ""sel_fpr_bid"": ""+70700"", ""buy_fpr_bid"": ""+70300"", ""buy_fpr_req"": ""31"", ""buy_1th_pre_req_pre"": ""0"", ""buy_2th_pre_bid"": ""+70200"", ""buy_2th_pre_req"": ""1"", ""buy_2th_pre_req_pre"": ""0"", ""buy_3th_pre_bid"": ""+70100"", ""buy_3th_pre_req"": ""11"", ""buy_3th_pre_req_pre"": ""0"", ""buy_4th_pre_bid"": ""0"", ""buy_4th_pre_req"": ""0"", ""buy_4th_pre_req_pre"": ""0"", ""buy_5th_pre_bid"": ""0"", ""buy_5th_pre_req"": ""0"", ""buy_5th_pre_req_pre"": ""0"", ""buy_6th_pre_bid"": ""0"", ""buy_6th_pre_req"": ""0"", ""buy_6th_pre_req_pre"": ""0"", ""buy_7th_pre_bid"": ""0"", ""buy_7th_pre_req"": ""0"", ""buy_7th_pre_req_pre"": ""0"", ""buy_8th_pre_bid"": ""0"", ""buy_8th_pre_req"": ""0"", ""buy_8th_pre_req_pre"": ""0"", ""buy_9th_pre_bid"": ""0"", ""buy_9th_pre_req"": ""0"", ""buy_9th_pre_req_pre"": ""0"", ""buy_10th_pre_bid"": ""0"", ""buy_10th_pre_req"": ""0"", ""buy_10th_pre_req_pre"": ""0"", ""tot_sel_req_jub_pre"": ""+30"", ""tot_sel_req"": ""1721"", ""tot_buy_req"": ""43"", ""tot_buy_req_jub_pre"": ""0"", ""ovt_sel_req_pre"": ""0"", ""ovt_sel_req"": ""0"", ""ovt_buy_req"": ""0"", ""ovt_buy_req_pre"": ""0"", ""return_code"": 0, ""return_msg"": ""정상적으로 처리되었습니다""}"
2026-06-10,scan_candidate,085620,,0,main_scan,21800,,21800,21750,21800,21900,0.22935779816513763,0.22935779816513763,,,,,,"{""bid_req_base_tm"": ""093136"", ""sel_10th_pre_req_pre"": ""0"", ""sel_10th_pre_req"": ""647"", ""sel_10th_pre_bid"": ""-22250"", ""sel_9th_pre_req_pre"": ""0"", ""sel_9th_pre_req"": ""564"", ""sel_9th_pre_bid"": ""-22200"", ""sel_8th_pre_req_pre"": ""0"", ""sel_8th_pre_req"": ""1292"", ""sel_8th_pre_bid"": ""-22150"", ""sel_7th_pre_req_pre"": ""0"", ""sel_7th_pre_req"": ""125"", ""sel_7th_pre_bid"": ""-22100"", ""sel_6th_pre_req_pre"": ""0"", ""sel_6th_pre_req"": ""397"", ""sel_6th_pre_bid"": ""-22050"", ""sel_5th_pre_req_pre"": ""0"", ""sel_5th_pre_req"": ""697"", ""sel_5th_pre_bid"": ""-22000"", ""sel_4th_pre_req_pre"": ""0"", ""sel_4th_pre_req"": ""3"", ""sel_4th_pre_bid"": ""-21950"", ""sel_3th_pre_req_pre"": ""0"", ""sel_3th_pre_req"": ""584"", ""sel_3th_pre_bid"": ""-21900"", ""sel_2th_pre_req_pre"": ""0"", ""sel_2th_pre_req"": ""3"", ""sel_2th_pre_bid"": ""-21850"", ""sel_1th_pre_req_pre"": ""0"", ""sel_fpr_req"": ""16"", ""sel_fpr_bid"": ""-21800"", ""buy_fpr_bid"": ""-21750"", ""buy_fpr_req"": ""412"", ""buy_1th_pre_req_pre"": ""0"", ""buy_2th_pre_bid"": ""-21700"", ""buy_2th_pre_req"": ""253"", ""buy_2th_pre_req_pre"": ""0"", ""buy_3th_pre_bid"": ""-21650"", ""buy_3th_pre_req"": ""1551"", ""buy_3th_pre_req_pre"": ""0"", ""buy_4th_pre_bid"": ""-21600"", ""buy_4th_pre_req"": ""4350"", ""buy_4th_pre_req_pre"": ""0"", ""buy_5th_pre_bid"": ""-21550"", ""buy_5th_pre_req"": ""1790"", ""buy_5th_pre_req_pre"": ""0"", ""buy_6th_pre_bid"": ""-21500"", ""buy_6th_pre_req"": ""2399"", ""buy_6th_pre_req_pre"": ""0"", ""buy_7th_pre_bid"": ""-21450"", ""buy_7th_pre_req"": ""2222"", ""buy_7th_pre_req_pre"": ""0"", ""buy_8th_pre_bid"": ""-21400"", ""buy_8th_pre_req"": ""2307"", ""buy_8th_pre_req_pre"": ""0"", ""buy_9th_pre_bid"": ""-21350"", ""buy_9th_pre_req"": ""3108"", ""buy_9th_pre_req_pre"": ""0"", ""buy_10th_pre_bid"": ""-21300"", ""buy_10th_pre_req"": ""4998"", ""buy_10th_pre_req_pre"": ""0"", ""tot_sel_req_jub_pre"": ""--651"", ""tot_sel_req"": ""4328"", ""tot_buy_req"": ""23390"", ""tot_buy_req_jub_pre"": ""0"", ""ovt_sel_req_pre"": ""0"", ""ovt_sel_req"": ""0"", ""ovt_buy_req"": ""0"", ""ovt_buy_req_pre"": ""0"", ""return_code"": 0, ""return_msg"": ""정상적으로 처리되었습니다""}"
2026-06-10,scan_candidate,001450,,0,main_scan,37500,,37500,37350,37500,37300,-0.6666666666666667,0.4,,,,,,"{""bid_req_base_tm"": ""093136"", ""sel_10th_pre_req_pre"": ""0"", ""sel_10th_pre_req"": ""2716"", ""sel_10th_pre_bid"": ""+37950"", ""sel_9th_pre_req_pre"": ""0"", ""sel_9th_pre_req"": ""752"", ""sel_9th_pre_bid"": ""+37900"", ""sel_8th_pre_req_pre"": ""0"", ""sel_8th_pre_req"": ""388"", ""sel_8th_pre_bid"": ""+37850"", ""sel_7th_pre_req_pre"": ""0"", ""sel_7th_pre_req"": ""317"", ""sel_7th_pre_bid"": ""+37800"", ""sel_6th_pre_req_pre"": ""0"", ""sel_6th_pre_req"": ""391"", ""sel_6th_pre_bid"": ""+37750"", ""sel_5th_pre_req_pre"": ""0"", ""sel_5th_pre_req"": ""509"", ""sel_5th_pre_bid"": ""+37700"", ""sel_4th_pre_req_pre"": ""0"", ""sel_4th_pre_req"": ""120"", ""sel_4th_pre_bid"": ""+37650"", ""sel_3th_pre_req_pre"": ""0"", ""sel_3th_pre_req"": ""1314"", ""sel_3th_pre_bid"": ""+37600"", ""sel_2th_pre_req_pre"": ""0"", ""sel_2th_pre_req"": ""101"", ""sel_2th_pre_bid"": ""+37550"", ""sel_1th_pre_req_pre"": ""0"", ""sel_fpr_req"": ""1044"", ""sel_fpr_bid"": ""+37500"", ""buy_fpr_bid"": ""+37350"", ""buy_fpr_req"": ""267"", ""buy_1th_pre_req_pre"": ""0"", ""buy_2th_pre_bid"": ""+37300"", ""buy_2th_pre_req"": ""209"", ""buy_2th_pre_req_pre"": ""0"", ""buy_3th_pre_bid"": ""+37250"", ""buy_3th_pre_req"": ""396"", ""buy_3th_pre_req_pre"": ""0"", ""buy_4th_pre_bid"": ""+37200"", ""buy_4th_pre_req"": ""648"", ""buy_4th_pre_req_pre"": ""0"", ""buy_5th_pre_bid"": ""+37150"", ""buy_5th_pre_req"": ""390"", ""buy_5th_pre_req_pre"": ""0"", ""buy_6th_pre_bid"": ""+37100"", ""buy_6th_pre_req"": ""82"", ""buy_6th_pre_req_pre"": ""0"", ""buy_7th_pre_bid"": ""+37050"", ""buy_7th_pre_req"": ""335"", ""buy_7th_pre_req_pre"": ""0"", ""buy_8th_pre_bid"": ""+37000"", ""buy_8th_pre_req"": ""469"", ""buy_8th_pre_req_pre"": ""0"", ""buy_9th_pre_bid"": ""+36950"", ""buy_9th_pre_req"": ""201"", ""buy_9th_pre_req_pre"": ""0"", ""buy_10th_pre_bid"": ""36900"", ""buy_10th_pre_req"": ""28"", ""buy_10th_pre_req_pre"": ""0"", ""tot_sel_req_jub_pre"": ""0"", ""tot_sel_req"": ""7652"", ""tot_buy_req"": ""3025"", ""tot_buy_req_jub_pre"": ""--15"", ""ovt_sel_req_pre"": ""0"", ""ovt_sel_req"": ""0"", ""ovt_buy_req"": ""0"", ""ovt_buy_req_pre"": ""0"", ""return_code"": 0, ""return_msg"": ""정상적으로 처리되었습니다""}"
2026-06-10,scan_candidate,036460,,0,main_scan,34200,,34200,34150,34200,34300,0.14619883040935672,0.14619883040935672,,,,,,"{""bid_req_base_tm"": ""093136"", ""sel_10th_pre_req_pre"": ""0"", ""sel_10th_pre_req"": ""271"", ""sel_10th_pre_bid"": ""+34650"", ""sel_9th_pre_req_pre"": ""0"", ""sel_9th_pre_req"": ""69"", ""sel_9th_pre_bid"": ""+34600"", ""sel_8th_pre_req_pre"": ""0"", ""sel_8th_pre_req"": ""135"", ""sel_8th_pre_bid"": ""+34550"", ""sel_7th_pre_req_pre"": ""0"", ""sel_7th_pre_req"": ""641"", ""sel_7th_pre_bid"": ""+34500"", ""sel_6th_pre_req_pre"": ""0"", ""sel_6th_pre_req"": ""55"", ""sel_6th_pre_bid"": ""+34450"", ""sel_5th_pre_req_pre"": ""0"", ""sel_5th_pre_req"": ""229"", ""sel_5th_pre_bid"": ""+34400"", ""sel_4th_pre_req_pre"": ""0"", ""sel_4th_pre_req"": ""240"", ""sel_4th_pre_bid"": ""+34350"", ""sel_3th_pre_req_pre"": ""0"", ""sel_3th_pre_req"": ""240"", ""sel_3th_pre_bid"": ""+34300"", ""sel_2th_pre_req_pre"": ""0"", ""sel_2th_pre_req"": ""1"", ""sel_2th_pre_bid"": ""+34250"", ""sel_1th_pre_req_pre"": ""0"", ""sel_fpr_req"": ""202"", ""sel_fpr_bid"": ""+34200"", ""buy_fpr_bid"": ""+34150"", ""buy_fpr_req"": ""50"", ""buy_1th_pre_req_pre"": ""0"", ""buy_2th_pre_bid"": ""+34100"", ""buy_2th_pre_req"": ""353"", ""buy_2th_pre_req_pre"": ""0"", ""buy_3th_pre_bid"": ""+34050"", ""buy_3th_pre_req"": ""547"", ""buy_3th_pre_req_pre"": ""0"", ""buy_4th_pre_bid"": ""34000"", ""buy_4th_pre_req"": ""3041"", ""buy_4th_pre_req_pre"": ""0"", ""buy_5th_pre_bid"": ""-33950"", ""buy_5th_pre_req"": ""340"", ""buy_5th_pre_req_pre"": ""0"", ""buy_6th_pre_bid"": ""-33900"", ""buy_6th_pre_req"": ""832"", ""buy_6th_pre_req_pre"": ""0"", ""buy_7th_pre_bid"": ""-33850"", ""buy_7th_pre_req"": ""339"", ""buy_7th_pre_req_pre"": ""0"", ""buy_8th_pre_bid"": ""-33800"", ""buy_8th_pre_req"": ""453"", ""buy_8th_pre_req_pre"": ""0"", ""buy_9th_pre_bid"": ""-33750"", ""buy_9th_pre_req"": ""102"", ""buy_9th_pre_req_pre"": ""0"", ""buy_10th_pre_bid"": ""-33700"", ""buy_10th_pre_req"": ""542"", ""buy_10th_pre_req_pre"": ""0"", ""tot_sel_req_jub_pre"": ""--195"", ""tot_sel_req"": ""2083"", ""tot_buy_req"": ""6599"", ""tot_buy_req_jub_pre"": ""0"", ""ovt_sel_req_pre"": ""0"", ""ovt_sel_req"": ""0"", ""ovt_buy_req"": ""0"", ""ovt_buy_req_pre"": ""0"", ""return_code"": 0, ""return_msg"": ""정상적으로 처리되었습니다""}"
2026-06-10,scan_candidate,007810,,0,main_scan,123300,,123300,122900,123300,123500,-0.24330900243309003,0.32441200324412006,,,,,,"{""bid_req_base_tm"": ""093137"", ""sel_10th_pre_req_pre"": ""0"", ""sel_10th_pre_req"": ""286"", ""sel_10th_pre_bid"": ""+124900"", ""sel_9th_pre_req_pre"": ""0"", ""sel_9th_pre_req"": ""10"", ""sel_9th_pre_bid"": ""+124800"", ""sel_8th_pre_req_pre"": ""0"", ""sel_8th_pre_req"": ""8"", ""sel_8th_pre_bid"": ""+124700"", ""sel_7th_pre_req_pre"": ""0"", ""sel_7th_pre_req"": ""6"", ""sel_7th_pre_bid"": ""+124500"", ""sel_6th_pre_req_pre"": ""0"", ""sel_6th_pre_req"": ""1"", ""sel_6th_pre_bid"": ""+124400"", ""sel_5th_pre_req_pre"": ""0"", ""sel_5th_pre_req"": ""73"", ""sel_5th_pre_bid"": ""+124200"", ""sel_4th_pre_req_pre"": ""0"", ""sel_4th_pre_req"": ""30"", ""sel_4th_pre_bid"": ""+124000"", ""sel_3th_pre_req_pre"": ""0"", ""sel_3th_pre_req"": ""3"", ""sel_3th_pre_bid"": ""+123700"", ""sel_2th_pre_req_pre"": ""0"", ""sel_2th_pre_req"": ""1"", ""sel_2th_pre_bid"": ""+123600"", ""sel_1th_pre_req_pre"": ""0"", ""sel_fpr_req"": ""11"", ""sel_fpr_bid"": ""+123300"", ""buy_fpr_bid"": ""+122900"", ""buy_fpr_req"": ""629"", ""buy_1th_pre_req_pre"": ""--1"", ""buy_2th_pre_bid"": ""+122800"", ""buy_2th_pre_req"": ""60"", ""buy_2th_pre_req_pre"": ""0"", ""buy_3th_pre_bid"": ""+122700"", ""buy_3th_pre_req"": ""8"", ""buy_3th_pre_req_pre"": ""0"", ""buy_4th_pre_bid"": ""+122600"", ""buy_4th_pre_req"": ""113"", ""buy_4th_pre_req_pre"": ""0"", ""buy_5th_pre_bid"": ""+122500"", ""buy_5th_pre_req"": ""58"", ""buy_5th_pre_req_pre"": ""0"", ""buy_6th_pre_bid"": ""+122400"", ""buy_6th_pre_req"": ""7"", ""buy_6th_pre_req_pre"": ""0"", ""buy_7th_pre_bid"": ""+122300"", ""buy_7th_pre_req"": ""8"", ""buy_7th_pre_req_pre"": ""0"", ""buy_8th_pre_bid"": ""+122200"", ""buy_8th_pre_req"": ""84"", ""buy_8th_pre_req_pre"": ""0"", ""buy_9th_pre_bid"": ""+122100"", ""buy_9th_pre_req"": ""64"", ""buy_9th_pre_req_pre"": ""0"", ""buy_10th_pre_bid"": ""+122000"", ""buy_10th_pre_req"": ""71"", ""buy_10th_pre_req_pre"": ""0"", ""tot_sel_req_jub_pre"": ""0"", ""tot_sel_req"": ""429"", ""tot_buy_req"": ""1102"", ""tot_buy_req_jub_pre"": ""+132"", ""ovt_sel_req_pre"": ""0"", ""ovt_sel_req"": ""0"", ""ovt_buy_req"": ""0"", ""ovt_buy_req_pre"": ""0"", ""return_code"": 0, ""return_msg"": ""정상적으로 처리되었습니다""}"
2026-06-10,scan_candidate,001740,,0,main_scan,14030,,14030,14020,14030,14050,-0.21382751247327159,0.07127583749109052,,,,,,"{""bid_req_base_tm"": ""093137"", ""sel_10th_pre_req_pre"": ""0"", ""sel_10th_pre_req"": ""75"", ""sel_10th_pre_bid"": ""-14120"", ""sel_9th_pre_req_pre"": ""0"", ""sel_9th_pre_req"": ""61"", ""sel_9th_pre_bid"": ""-14110"", ""sel_8th_pre_req_pre"": ""0"", ""sel_8th_pre_req"": ""10"", ""sel_8th_pre_bid"": ""-14100"", ""sel_7th_pre_req_pre"": ""0"", ""sel_7th_pre_req"": ""193"", ""sel_7th_pre_bid"": ""-14090"", ""sel_6th_pre_req_pre"": ""+400"", ""sel_6th_pre_req"": ""524"", ""sel_6th_pre_bid"": ""-14080"", ""sel_5th_pre_req_pre"": ""0"", ""sel_5th_pre_req"": ""3"", ""sel_5th_pre_bid"": ""-14070"", ""sel_4th_pre_req_pre"": ""0"", ""sel_4th_pre_req"": ""141"", ""sel_4th_pre_bid"": ""-14060"", ""sel_3th_pre_req_pre"": ""0"", ""sel_3th_pre_req"": ""42"", ""sel_3th_pre_bid"": ""-14050"", ""sel_2th_pre_req_pre"": ""+1"", ""sel_2th_pre_req"": ""245"", ""sel_2th_pre_bid"": ""-14040"", ""sel_1th_pre_req_pre"": ""--1"", ""sel_fpr_req"": ""810"", ""sel_fpr_bid"": ""-14030"", ""buy_fpr_bid"": ""-14020"", ""buy_fpr_req"": ""33"", ""buy_1th_pre_req_pre"": ""+13"", ""buy_2th_pre_bid"": ""-14010"", ""buy_2th_pre_req"": ""1996"", ""buy_2th_pre_req_pre"": ""+200"", ""buy_3th_pre_bid"": ""-14000"", ""buy_3th_pre_req"": ""1313"", ""buy_3th_pre_req_pre"": ""+159"", ""buy_4th_pre_bid"": ""-13990"", ""buy_4th_pre_req"": ""968"", ""buy_4th_pre_req_pre"": ""--157"", ""buy_5th_pre_bid"": ""-13980"", ""buy_5th_pre_req"": ""3270"", ""buy_5th_pre_req_pre"": ""0"", ""buy_6th_pre_bid"": ""-13970"", ""buy_6th_pre_req"": ""2402"", ""buy_6th_pre_req_pre"": ""0"", ""buy_7th_pre_bid"": ""-13960"", ""buy_7th_pre_req"": ""4494"", ""buy_7th_pre_req_pre"": ""0"", ""buy_8th_pre_bid"": ""-13950"", ""buy_8th_pre_req"": ""1959"", ""buy_8th_pre_req_pre"": ""0"", ""buy_9th_pre_bid"": ""-13940"", ""buy_9th_pre_req"": ""548"", ""buy_9th_pre_req_pre"": ""0"", ""buy_10th_pre_bid"": ""-13930"", ""buy_10th_pre_req"": ""380"", ""buy_10th_pre_req_pre"": ""0"", ""tot_sel_req_jub_pre"": ""+400"", ""tot_sel_req"": ""2104"", ""tot_buy_req"": ""17363"", ""tot_buy_req_jub_pre"": ""+215"", ""ovt_sel_req_pre"": ""0"", ""ovt_sel_req"": ""0"", ""ovt_buy_req"": ""0"", ""ovt_buy_req_pre"": ""0"", ""return_code"": 0, ""return_msg"": ""정상적으로 처리되었습니다""}"
2026-06-10,scan_candidate,383220,,0,main_scan,76900,,76900,76700,76900,76800,-0.26007802340702213,0.26007802340702213,,,,,,"{""bid_req_base_tm"": ""093137"", ""sel_10th_pre_req_pre"": ""0"", ""sel_10th_pre_req"": ""148"", ""sel_10th_pre_bid"": ""+78300"", ""sel_9th_pre_req_pre"": ""0"", ""sel_9th_pre_req"": ""14"", ""sel_9th_pre_bid"": ""+78200"", ""sel_8th_pre_req_pre"": ""0"", ""sel_8th_pre_req"": ""1220"", ""sel_8th_pre_bid"": ""+78100"", ""sel_7th_pre_req_pre"": ""0"", ""sel_7th_pre_req"": ""312"", ""sel_7th_pre_bid"": ""+78000"", ""sel_6th_pre_req_pre"": ""0"", ""sel_6th_pre_req"": ""1"", ""sel_6th_pre_bid"": ""+77900"", ""sel_5th_pre_req_pre"": ""0"", ""sel_5th_pre_req"": ""64"", ""sel_5th_pre_bid"": ""+77800"", ""sel_4th_pre_req_pre"": ""0"", ""sel_4th_pre_req"": ""21"", ""sel_4th_pre_bid"": ""+77700"", ""sel_3th_pre_req_pre"": ""0"", ""sel_3th_pre_req"": ""27"", ""sel_3th_pre_bid"": ""+77500"", ""sel_2th_pre_req_pre"": ""0"", ""sel_2th_pre_req"": ""2"", ""sel_2th_pre_bid"": ""+77200"", ""sel_1th_pre_req_pre"": ""0"", ""sel_fpr_req"": ""44"", ""sel_fpr_bid"": ""+76900"", ""buy_fpr_bid"": ""+76700"", ""buy_fpr_req"": ""16"", ""buy_1th_pre_req_pre"": ""--3"", ""buy_2th_pre_bid"": ""+76500"", ""buy_2th_pre_req"": ""91"", ""buy_2th_pre_req_pre"": ""0"", ""buy_3th_pre_bid"": ""+76400"", ""buy_3th_pre_req"": ""1"", ""buy_3th_pre_req_pre"": ""0"", ""buy_4th_pre_bid"": ""+76300"", ""buy_4th_pre_req"": ""50"", ""buy_4th_pre_req_pre"": ""0"", ""buy_5th_pre_bid"": ""+76200"", ""buy_5th_pre_req"": ""21"", ""buy_5th_pre_req_pre"": ""0"", ""buy_6th_pre_bid"": ""+76100"", ""buy_6th_pre_req"": ""2"", ""buy_6th_pre_req_pre"": ""0"", ""buy_7th_pre_bid"": ""+76000"", ""buy_7th_pre_req"": ""5"", ""buy_7th_pre_req_pre"": ""0"", ""buy_8th_pre_bid"": ""+75900"", ""buy_8th_pre_req"": ""13"", ""buy_8th_pre_req_pre"": ""0"", ""buy_9th_pre_bid"": ""+75800"", ""buy_9th_pre_req"": ""2"", ""buy_9th_pre_req_pre"": ""0"", ""buy_10th_pre_bid"": ""+75700"", ""buy_10th_pre_req"": ""22"", ""buy_10th_pre_req_pre"": ""0"", ""tot_sel_req_jub_pre"": ""0"", ""tot_sel_req"": ""1853"", ""tot_buy_req"": ""223"", ""tot_buy_req_jub_pre"": ""--3"", ""ovt_sel_req_pre"": ""0"", ""ovt_sel_req"": ""0"", ""ovt_buy_req"": ""0"", ""ovt_buy_req_pre"": ""0"", ""return_code"": 0, ""return_msg"": ""정상적으로 처리되었습니다""}"
2026-06-10,scan_candidate,014680,,0,main_scan,261500,,261500,261000,261500,264000,0.7648183556405354,0.19120458891013384,,,,,,"{""bid_req_base_tm"": ""093133"", ""sel_10th_pre_req_pre"": ""0"", ""sel_10th_pre_req"": ""17"", ""sel_10th_pre_bid"": ""+267500"", ""sel_9th_pre_req_pre"": ""0"", ""sel_9th_pre_req"": ""5"", ""sel_9th_pre_bid"": ""+267000"", ""sel_8th_pre_req_pre"": ""0"", ""sel_8th_pre_req"": ""10"", ""sel_8th_pre_bid"": ""+266000"", ""sel_7th_pre_req_pre"": ""0"", ""sel_7th_pre_req"": ""29"", ""sel_7th_pre_bid"": ""+265000"", ""sel_6th_pre_req_pre"": ""0"", ""sel_6th_pre_req"": ""7"", ""sel_6th_pre_bid"": ""+264500"", ""sel_5th_pre_req_pre"": ""0"", ""sel_5th_pre_req"": ""50"", ""sel_5th_pre_bid"": ""+264000"", ""sel_4th_pre_req_pre"": ""0"", ""sel_4th_pre_req"": ""1"", ""sel_4th_pre_bid"": ""+263500"", ""sel_3th_pre_req_pre"": ""0"", ""sel_3th_pre_req"": ""26"", ""sel_3th_pre_bid"": ""+262500"", ""sel_2th_pre_req_pre"": ""0"", ""sel_2th_pre_req"": ""4"", ""sel_2th_pre_bid"": ""+262000"", ""sel_1th_pre_req_pre"": ""0"", ""sel_fpr_req"": ""64"", ""sel_fpr_bid"": ""+261500"", ""buy_fpr_bid"": ""+261000"", ""buy_fpr_req"": ""48"", ""buy_1th_pre_req_pre"": ""+2"", ""buy_2th_pre_bid"": ""+260500"", ""buy_2th_pre_req"": ""601"", ""buy_2th_pre_req_pre"": ""0"", ""buy_3th_pre_bid"": ""+260000"", ""buy_3th_pre_req"": ""119"", ""buy_3th_pre_req_pre"": ""0"", ""buy_4th_pre_bid"": ""+259500"", ""buy_4th_pre_req"": ""101"", ""buy_4th_pre_req_pre"": ""--13"", ""buy_5th_pre_bid"": ""+259000"", ""buy_5th_pre_req"": ""139"", ""buy_5th_pre_req_pre"": ""0"", ""buy_6th_pre_bid"": ""+258000"", ""buy_6th_pre_req"": ""17"", ""buy_6th_pre_req_pre"": ""0"", ""buy_7th_pre_bid"": ""+257500"", ""buy_7th_pre_req"": ""9"", ""buy_7th_pre_req_pre"": ""0"", ""buy_8th_pre_bid"": ""+257000"", ""buy_8th_pre_req"": ""103"", ""buy_8th_pre_req_pre"": ""0"", ""buy_9th_pre_bid"": ""+256500"", ""buy_9th_pre_req"": ""1"", ""buy_9th_pre_req_pre"": ""0"", ""buy_10th_pre_bid"": ""+256000"", ""buy_10th_pre_req"": ""107"", ""buy_10th_pre_req_pre"": ""0"", ""tot_sel_req_jub_pre"": ""0"", ""tot_sel_req"": ""213"", ""tot_buy_req"": ""1245"", ""tot_buy_req_jub_pre"": ""--11"", ""ovt_sel_req_pre"": ""0"", ""ovt_sel_req"": ""0"", ""ovt_buy_req"": ""0"", ""ovt_buy_req_pre"": ""0"", ""return_code"": 0, ""return_msg"": ""정상적으로 처리되었습니다""}"
2026-06-10,scan_candidate,028670,,0,main_scan,5140,,5140,5130,5140,5170,0.38910505836575876,0.19455252918287938,,,,,,"{""bid_req_base_tm"": ""093137"", ""sel_10th_pre_req_pre"": ""0"", ""sel_10th_pre_req"": ""80"", ""sel_10th_pre_bid"": ""5230"", ""sel_9th_pre_req_pre"": ""0"", ""sel_9th_pre_req"": ""602"", ""sel_9th_pre_bid"": ""-5220"", ""sel_8th_pre_req_pre"": ""0"", ""sel_8th_pre_req"": ""1079"", ""sel_8th_pre_bid"": ""-5210"", ""sel_7th_pre_req_pre"": ""0"", ""sel_7th_pre_req"": ""304"", ""sel_7th_pre_bid"": ""-5200"", ""sel_6th_pre_req_pre"": ""0"", ""sel_6th_pre_req"": ""1302"", ""sel_6th_pre_bid"": ""-5190"", ""sel_5th_pre_req_pre"": ""0"", ""sel_5th_pre_req"": ""1252"", ""sel_5th_pre_bid"": ""-5180"", ""sel_4th_pre_req_pre"": ""0"", ""sel_4th_pre_req"": ""1171"", ""sel_4th_pre_bid"": ""-5170"", ""sel_3th_pre_req_pre"": ""0"", ""sel_3th_pre_req"": ""659"", ""sel_3th_pre_bid"": ""-5160"", ""sel_2th_pre_req_pre"": ""0"", ""sel_2th_pre_req"": ""715"", ""sel_2th_pre_bid"": ""-5150"", ""sel_1th_pre_req_pre"": ""0"", ""sel_fpr_req"": ""1566"", ""sel_fpr_bid"": ""-5140"", ""buy_fpr_bid"": ""-5130"", ""buy_fpr_req"": ""1385"", ""buy_1th_pre_req_pre"": ""0"", ""buy_2th_pre_bid"": ""-5120"", ""buy_2th_pre_req"": ""6540"", ""buy_2th_pre_req_pre"": ""0"", ""buy_3th_pre_bid"": ""-5110"", ""buy_3th_pre_req"": ""3123"", ""buy_3th_pre_req_pre"": ""0"", ""buy_4th_pre_bid"": ""-5100"", ""buy_4th_pre_req"": ""9925"", ""buy_4th_pre_req_pre"": ""0"", ""buy_5th_pre_bid"": ""-5090"", ""buy_5th_pre_req"": ""1277"", ""buy_5th_pre_req_pre"": ""0"", ""buy_6th_pre_bid"": ""-5080"", ""buy_6th_pre_req"": ""1042"", ""buy_6th_pre_req_pre"": ""0"", ""buy_7th_pre_bid"": ""-5070"", ""buy_7th_pre_req"": ""3342"", ""buy_7th_pre_req_pre"": ""0"", ""buy_8th_pre_bid"": ""-5060"", ""buy_8th_pre_req"": ""2597"", ""buy_8th_pre_req_pre"": ""0"", ""buy_9th_pre_bid"": ""-5050"", ""buy_9th_pre_req"": ""2522"", ""buy_9th_pre_req_pre"": ""0"", ""buy_10th_pre_bid"": ""-5040"", ""buy_10th_pre_req"": ""1307"", ""buy_10th_pre_req_pre"": ""0"", ""tot_sel_req_jub_pre"": ""0"", ""tot_sel_req"": ""8730"", ""tot_buy_req"": ""33060"", ""tot_buy_req_jub_pre"": ""0"", ""ovt_sel_req_pre"": ""0"", ""ovt_sel_req"": ""0"", ""ovt_buy_req"": ""0"", ""ovt_buy_req_pre"": ""0"", ""return_code"": 0, ""return_msg"": ""정상적으로 처리되었습니다""}"
2026-06-10,scan_candidate,009420,,0,main_scan,51500,,51500,51300,51500,51500,-0.1941747572815534,0.3883495145631068,,,,,,"{""bid_req_base_tm"": ""093137"", ""sel_10th_pre_req_pre"": ""0"", ""sel_10th_pre_req"": ""148"", ""sel_10th_pre_bid"": ""+52600"", ""sel_9th_pre_req_pre"": ""0"", ""sel_9th_pre_req"": ""146"", ""sel_9th_pre_bid"": ""+52500"", ""sel_8th_pre_req_pre"": ""0"", ""sel_8th_pre_req"": ""513"", ""sel_8th_pre_bid"": ""52200"", ""sel_7th_pre_req_pre"": ""0"", ""sel_7th_pre_req"": ""88"", ""sel_7th_pre_bid"": ""-52100"", ""sel_6th_pre_req_pre"": ""0"", ""sel_6th_pre_req"": ""251"", ""sel_6th_pre_bid"": ""-52000"", ""sel_5th_pre_req_pre"": ""0"", ""sel_5th_pre_req"": ""300"", ""sel_5th_pre_bid"": ""-51900"", ""sel_4th_pre_req_pre"": ""0"", ""sel_4th_pre_req"": ""1"", ""sel_4th_pre_bid"": ""-51800"", ""sel_3th_pre_req_pre"": ""0"", ""sel_3th_pre_req"": ""148"", ""sel_3th_pre_bid"": ""-51700"", ""sel_2th_pre_req_pre"": ""0"", ""sel_2th_pre_req"": ""5"", ""sel_2th_pre_bid"": ""-51600"", ""sel_1th_pre_req_pre"": ""0"", ""sel_fpr_req"": ""470"", ""sel_fpr_bid"": ""-51500"", ""buy_fpr_bid"": ""-51300"", ""buy_fpr_req"": ""358"", ""buy_1th_pre_req_pre"": ""0"", ""buy_2th_pre_bid"": ""-51200"", ""buy_2th_pre_req"": ""292"", ""buy_2th_pre_req_pre"": ""0"", ""buy_3th_pre_bid"": ""-51100"", ""buy_3th_pre_req"": ""26"", ""buy_3th_pre_req_pre"": ""0"", ""buy_4th_pre_bid"": ""-51000"", ""buy_4th_pre_req"": ""429"", ""buy_4th_pre_req_pre"": ""0"", ""buy_5th_pre_bid"": ""-50900"", ""buy_5th_pre_req"": ""266"", ""buy_5th_pre_req_pre"": ""0"", ""buy_6th_pre_bid"": ""-50800"", ""buy_6th_pre_req"": ""252"", ""buy_6th_pre_req_pre"": ""0"", ""buy_7th_pre_bid"": ""-50700"", ""buy_7th_pre_req"": ""63"", ""buy_7th_pre_req_pre"": ""0"", ""buy_8th_pre_bid"": ""-50600"", ""buy_8th_pre_req"": ""74"", ""buy_8th_pre_req_pre"": ""0"", ""buy_9th_pre_bid"": ""-50500"", ""buy_9th_pre_req"": ""671"", ""buy_9th_pre_req_pre"": ""0"", ""buy_10th_pre_bid"": ""-50400"", ""buy_10th_pre_req"": ""63"", ""buy_10th_pre_req_pre"": ""0"", ""tot_sel_req_jub_pre"": ""0"", ""tot_sel_req"": ""2070"", ""tot_buy_req"": ""2494"", ""tot_buy_req_jub_pre"": ""--25"", ""ovt_sel_req_pre"": ""0"", ""ovt_sel_req"": ""0"", ""ovt_buy_req"": ""0"", ""ovt_buy_req_pre"": ""0"", ""return_code"": 0, ""return_msg"": ""정상적으로 처리되었습니다""}"
2026-06-10,scan_candidate,004990,,0,main_scan,25700,,25700,25650,25700,25850,0.38910505836575876,0.19455252918287938,,,,,,"{""bid_req_base_tm"": ""093138"", ""sel_10th_pre_req_pre"": ""0"", ""sel_10th_pre_req"": ""90"", ""sel_10th_pre_bid"": ""+26200"", ""sel_9th_pre_req_pre"": ""0"", ""sel_9th_pre_req"": ""69"", ""sel_9th_pre_bid"": ""26150"", ""sel_8th_pre_req_pre"": ""0"", ""sel_8th_pre_req"": ""600"", ""sel_8th_pre_bid"": ""-26100"", ""sel_7th_pre_req_pre"": ""0"", ""sel_7th_pre_req"": ""1"", ""sel_7th_pre_bid"": ""-26050"", ""sel_6th_pre_req_pre"": ""0"", ""sel_6th_pre_req"": ""502"", ""sel_6th_pre_bid"": ""-26000"", ""sel_5th_pre_req_pre"": ""0"", ""sel_5th_pre_req"": ""177"", ""sel_5th_pre_bid"": ""-25950"", ""sel_4th_pre_req_pre"": ""0"", ""sel_4th_pre_req"": ""201"", ""sel_4th_pre_bid"": ""-25850"", ""sel_3th_pre_req_pre"": ""--27"", ""sel_3th_pre_req"": ""291"", ""sel_3th_pre_bid"": ""-25800"", ""sel_2th_pre_req_pre"": ""0"", ""sel_2th_pre_req"": ""711"", ""sel_2th_pre_bid"": ""-25750"", ""sel_1th_pre_req_pre"": ""+7"", ""sel_fpr_req"": ""92"", ""sel_fpr_bid"": ""-25700"", ""buy_fpr_bid"": ""-25650"", ""buy_fpr_req"": ""310"", ""buy_1th_pre_req_pre"": ""0"", ""buy_2th_pre_bid"": ""-25600"", ""buy_2th_pre_req"": ""540"", ""buy_2th_pre_req_pre"": ""0"", ""buy_3th_pre_bid"": ""-25550"", ""buy_3th_pre_req"": ""2340"", ""buy_3th_pre_req_pre"": ""0"", ""buy_4th_pre_bid"": ""-25500"", ""buy_4th_pre_req"": ""1509"", ""buy_4th_pre_req_pre"": ""0"", ""buy_5th_pre_bid"": ""-25450"", ""buy_5th_pre_req"": ""1122"", ""buy_5th_pre_req_pre"": ""0"", ""buy_6th_pre_bid"": ""-25400"", ""buy_6th_pre_req"": ""779"", ""buy_6th_pre_req_pre"": ""0"", ""buy_7th_pre_bid"": ""-25350"", ""buy_7th_pre_req"": ""267"", ""buy_7th_pre_req_pre"": ""0"", ""buy_8th_pre_bid"": ""-25300"", ""buy_8th_pre_req"": ""744"", ""buy_8th_pre_req_pre"": ""0"", ""buy_9th_pre_bid"": ""-25250"", ""buy_9th_pre_req"": ""529"", ""buy_9th_pre_req_pre"": ""0"", ""buy_10th_pre_bid"": ""-25200"", ""buy_10th_pre_req"": ""285"", ""buy_10th_pre_req_pre"": ""0"", ""tot_sel_req_jub_pre"": ""--20"", ""tot_sel_req"": ""2734"", ""tot_buy_req"": ""8425"", ""tot_buy_req_jub_pre"": ""0"", ""ovt_sel_req_pre"": ""0"", ""ovt_sel_req"": ""0"", ""ovt_buy_req"": ""0"", ""ovt_buy_req_pre"": ""0"", ""return_code"": 0, ""return_msg"": ""정상적으로 처리되었습니다""}"
2026-06-10,scan_candidate,483650,,0,main_scan,205500,,205500,204500,205500,203500,-1.2165450121654502,0.48661800486618007,,,,,,"{""bid_req_base_tm"": ""093137"", ""sel_10th_pre_req_pre"": ""0"", ""sel_10th_pre_req"": ""812"", ""sel_10th_pre_bid"": ""+210000"", ""sel_9th_pre_req_pre"": ""0"", ""sel_9th_pre_req"": ""653"", ""sel_9th_pre_bid"": ""+209500"", ""sel_8th_pre_req_pre"": ""0"", ""sel_8th_pre_req"": ""593"", ""sel_8th_pre_bid"": ""+209000"", ""sel_7th_pre_req_pre"": ""0"", ""sel_7th_pre_req"": ""128"", ""sel_7th_pre_bid"": ""+208500"", ""sel_6th_pre_req_pre"": ""0"", ""sel_6th_pre_req"": ""471"", ""sel_6th_pre_bid"": ""+208000"", ""sel_5th_pre_req_pre"": ""0"", ""sel_5th_pre_req"": ""378"", ""sel_5th_pre_bid"": ""+207500"", ""sel_4th_pre_req_pre"": ""0"", ""sel_4th_pre_req"": ""959"", ""sel_4th_pre_bid"": ""+207000"", ""sel_3th_pre_req_pre"": ""0"", ""sel_3th_pre_req"": ""376"", ""sel_3th_pre_bid"": ""+206500"", ""sel_2th_pre_req_pre"": ""0"", ""sel_2th_pre_req"": ""153"", ""sel_2th_pre_bid"": ""+206000"", ""sel_1th_pre_req_pre"": ""0"", ""sel_fpr_req"": ""8"", ""sel_fpr_bid"": ""+205500"", ""buy_fpr_bid"": ""+204500"", ""buy_fpr_req"": ""2"", ""buy_1th_pre_req_pre"": ""0"", ""buy_2th_pre_bid"": ""+204000"", ""buy_2th_pre_req"": ""62"", ""buy_2th_pre_req_pre"": ""--27"", ""buy_3th_pre_bid"": ""+203500"", ""buy_3th_pre_req"": ""10"", ""buy_3th_pre_req_pre"": ""--2"", ""buy_4th_pre_bid"": ""+203000"", ""buy_4th_pre_req"": ""47"", ""buy_4th_pre_req_pre"": ""0"", ""buy_5th_pre_bid"": ""+202500"", ""buy_5th_pre_req"": ""75"", ""buy_5th_pre_req_pre"": ""0"", ""buy_6th_pre_bid"": ""+202000"", ""buy_6th_pre_req"": ""304"", ""buy_6th_pre_req_pre"": ""0"", ""buy_7th_pre_bid"": ""+201500"", ""buy_7th_pre_req"": ""43"", ""buy_7th_pre_req_pre"": ""0"", ""buy_8th_pre_bid"": ""+201000"", ""buy_8th_pre_req"": ""85"", ""buy_8th_pre_req_pre"": ""0"", ""buy_9th_pre_bid"": ""+200500"", ""buy_9th_pre_req"": ""84"", ""buy_9th_pre_req_pre"": ""0"", ""buy_10th_pre_bid"": ""+200000"", ""buy_10th_pre_req"": ""134"", ""buy_10th_pre_req_pre"": ""0"", ""tot_sel_req_jub_pre"": ""0"", ""tot_sel_req"": ""4531"", ""tot_buy_req"": ""846"", ""tot_buy_req_jub_pre"": ""--45"", ""ovt_sel_req_pre"": ""0"", ""ovt_sel_req"": ""0"", ""ovt_buy_req"": ""0"", ""ovt_buy_req_pre"": ""0"", ""return_code"": 0, ""return_msg"": ""정상적으로 처리되었습니다""}"
2026-06-10,scan_candidate,003690,,0,main_scan,13200,,13200,13140,13200,13150,-0.7575757575757576,0.45454545454545453,,,,,,"{""bid_req_base_tm"": ""093137"", ""sel_10th_pre_req_pre"": ""0"", ""sel_10th_pre_req"": ""662"", ""sel_10th_pre_bid"": ""-13300"", ""sel_9th_pre_req_pre"": ""0"", ""sel_9th_pre_req"": ""23"", ""sel_9th_pre_bid"": ""-13290"", ""sel_8th_pre_req_pre"": ""0"", ""sel_8th_pre_req"": ""3"", ""sel_8th_pre_bid"": ""-13280"", ""sel_7th_pre_req_pre"": ""0"", ""sel_7th_pre_req"": ""302"", ""sel_7th_pre_bid"": ""-13260"", ""sel_6th_pre_req_pre"": ""0"", ""sel_6th_pre_req"": ""4"", ""sel_6th_pre_bid"": ""-13250"", ""sel_5th_pre_req_pre"": ""0"", ""sel_5th_pre_req"": ""2"", ""sel_5th_pre_bid"": ""-13240"", ""sel_4th_pre_req_pre"": ""0"", ""sel_4th_pre_req"": ""160"", ""sel_4th_pre_bid"": ""-13230"", ""sel_3th_pre_req_pre"": ""0"", ""sel_3th_pre_req"": ""8"", ""sel_3th_pre_bid"": ""-13220"", ""sel_2th_pre_req_pre"": ""0"", ""sel_2th_pre_req"": ""17"", ""sel_2th_pre_bid"": ""-13210"", ""sel_1th_pre_req_pre"": ""0"", ""sel_fpr_req"": ""104"", ""sel_fpr_bid"": ""-13200"", ""buy_fpr_bid"": ""-13140"", ""buy_fpr_req"": ""159"", ""buy_1th_pre_req_pre"": ""0"", ""buy_2th_pre_bid"": ""-13130"", ""buy_2th_pre_req"": ""132"", ""buy_2th_pre_req_pre"": ""--114"", ""buy_3th_pre_bid"": ""-13120"", ""buy_3th_pre_req"": ""163"", ""buy_3th_pre_req_pre"": ""0"", ""buy_4th_pre_bid"": ""-13110"", ""buy_4th_pre_req"": ""118"", ""buy_4th_pre_req_pre"": ""0"", ""buy_5th_pre_bid"": ""-13090"", ""buy_5th_pre_req"": ""86"", ""buy_5th_pre_req_pre"": ""0"", ""buy_6th_pre_bid"": ""-13080"", ""buy_6th_pre_req"": ""703"", ""buy_6th_pre_req_pre"": ""0"", ""buy_7th_pre_bid"": ""-13070"", ""buy_7th_pre_req"": ""150"", ""buy_7th_pre_req_pre"": ""0"", ""buy_8th_pre_bid"": ""-13060"", ""buy_8th_pre_req"": ""3"", ""buy_8th_pre_req_pre"": ""0"", ""buy_9th_pre_bid"": ""-13050"", ""buy_9th_pre_req"": ""183"", ""buy_9th_pre_req_pre"": ""0"", ""buy_10th_pre_bid"": ""-13040"", ""buy_10th_pre_req"": ""68"", ""buy_10th_pre_req_pre"": ""0"", ""tot_sel_req_jub_pre"": ""0"", ""tot_sel_req"": ""1285"", ""tot_buy_req"": ""1765"", ""tot_buy_req_jub_pre"": ""--114"", ""ovt_sel_req_pre"": ""0"", ""ovt_sel_req"": ""0"", ""ovt_buy_req"": ""0"", ""ovt_buy_req_pre"": ""0"", ""return_code"": 0, ""return_msg"": ""정상적으로 처리되었습니다""}"
2026-06-10,scan_candidate,279570,,0,main_scan,5970,,5970,5960,5970,5980,0.0,0.16750418760469013,,,,,,"{""bid_req_base_tm"": ""093138"", ""sel_10th_pre_req_pre"": ""0"", ""sel_10th_pre_req"": ""10530"", ""sel_10th_pre_bid"": ""+6060"", ""sel_9th_pre_req_pre"": ""0"", ""sel_9th_pre_req"": ""22078"", ""sel_9th_pre_bid"": ""+6050"", ""sel_8th_pre_req_pre"": ""0"", ""sel_8th_pre_req"": ""9284"", ""sel_8th_pre_bid"": ""+6040"", ""sel_7th_pre_req_pre"": ""0"", ""sel_7th_pre_req"": ""5171"", ""sel_7th_pre_bid"": ""+6030"", ""sel_6th_pre_req_pre"": ""0"", ""sel_6th_pre_req"": ""2522"", ""sel_6th_pre_bid"": ""+6020"", ""sel_5th_pre_req_pre"": ""0"", ""sel_5th_pre_req"": ""4627"", ""sel_5th_pre_bid"": ""+6010"", ""sel_4th_pre_req_pre"": ""0"", ""sel_4th_pre_req"": ""5157"", ""sel_4th_pre_bid"": ""+6000"", ""sel_3th_pre_req_pre"": ""0"", ""sel_3th_pre_req"": ""2159"", ""sel_3th_pre_bid"": ""+5990"", ""sel_2th_pre_req_pre"": ""0"", ""sel_2th_pre_req"": ""3871"", ""sel_2th_pre_bid"": ""+5980"", ""sel_1th_pre_req_pre"": ""--50"", ""sel_fpr_req"": ""256"", ""sel_fpr_bid"": ""+5970"", ""buy_fpr_bid"": ""+5960"", ""buy_fpr_req"": ""9637"", ""buy_1th_pre_req_pre"": ""0"", ""buy_2th_pre_bid"": ""+5950"", ""buy_2th_pre_req"": ""11171"", ""buy_2th_pre_req_pre"": ""0"", ""buy_3th_pre_bid"": ""+5940"", ""buy_3th_pre_req"": ""5361"", ""buy_3th_pre_req_pre"": ""0"", ""buy_4th_pre_bid"": ""+5930"", ""buy_4th_pre_req"": ""3792"", ""buy_4th_pre_req_pre"": ""0"", ""buy_5th_pre_bid"": ""+5920"", ""buy_5th_pre_req"": ""6689"", ""buy_5th_pre_req_pre"": ""0"", ""buy_6th_pre_bid"": ""+5910"", ""buy_6th_pre_req"": ""12095"", ""buy_6th_pre_req_pre"": ""0"", ""buy_7th_pre_bid"": ""+5900"", ""buy_7th_pre_req"": ""30005"", ""buy_7th_pre_req_pre"": ""0"", ""buy_8th_pre_bid"": ""+5890"", ""buy_8th_pre_req"": ""4220"", ""buy_8th_pre_req_pre"": ""0"", ""buy_9th_pre_bid"": ""+5880"", ""buy_9th_pre_req"": ""2206"", ""buy_9th_pre_req_pre"": ""0"", ""buy_10th_pre_bid"": ""+5870"", ""buy_10th_pre_req"": ""2233"", ""buy_10th_pre_req_pre"": ""0"", ""tot_sel_req_jub_pre"": ""--50"", ""tot_sel_req"": ""65655"", ""tot_buy_req"": ""87409"", ""tot_buy_req_jub_pre"": ""0"", ""ovt_sel_req_pre"": ""0"", ""ovt_sel_req"": ""0"", ""ovt_buy_req"": ""0"", ""ovt_buy_req_pre"": ""0"", ""return_code"": 0, ""return_msg"": ""정상적으로 처리되었습니다""}"
2026-06-10,scan_candidate,008770,,0,main_scan,53900,,53900,53800,53900,54200,0.3710575139146568,0.1855287569573284,,,,,,"{""bid_req_base_tm"": ""093138"", ""sel_10th_pre_req_pre"": ""0"", ""sel_10th_pre_req"": ""331"", ""sel_10th_pre_bid"": ""-55000"", ""sel_9th_pre_req_pre"": ""0"", ""sel_9th_pre_req"": ""23"", ""sel_9th_pre_bid"": ""-54900"", ""sel_8th_pre_req_pre"": ""0"", ""sel_8th_pre_req"": ""258"", ""sel_8th_pre_bid"": ""-54800"", ""sel_7th_pre_req_pre"": ""0"", ""sel_7th_pre_req"": ""35"", ""sel_7th_pre_bid"": ""-54700"", ""sel_6th_pre_req_pre"": ""0"", ""sel_6th_pre_req"": ""3"", ""sel_6th_pre_bid"": ""-54600"", ""sel_5th_pre_req_pre"": ""0"", ""sel_5th_pre_req"": ""3"", ""sel_5th_pre_bid"": ""-54300"", ""sel_4th_pre_req_pre"": ""0"", ""sel_4th_pre_req"": ""176"", ""sel_4th_pre_bid"": ""-54200"", ""sel_3th_pre_req_pre"": ""0"", ""sel_3th_pre_req"": ""19"", ""sel_3th_pre_bid"": ""-54100"", ""sel_2th_pre_req_pre"": ""0"", ""sel_2th_pre_req"": ""80"", ""sel_2th_pre_bid"": ""-54000"", ""sel_1th_pre_req_pre"": ""+17"", ""sel_fpr_req"": ""237"", ""sel_fpr_bid"": ""-53900"", ""buy_fpr_bid"": ""-53800"", ""buy_fpr_req"": ""67"", ""buy_1th_pre_req_pre"": ""0"", ""buy_2th_pre_bid"": ""-53700"", ""buy_2th_pre_req"": ""211"", ""buy_2th_pre_req_pre"": ""0"", ""buy_3th_pre_bid"": ""-53600"", ""buy_3th_pre_req"": ""260"", ""buy_3th_pre_req_pre"": ""0"", ""buy_4th_pre_bid"": ""-53500"", ""buy_4th_pre_req"": ""555"", ""buy_4th_pre_req_pre"": ""0"", ""buy_5th_pre_bid"": ""-53400"", ""buy_5th_pre_req"": ""454"", ""buy_5th_pre_req_pre"": ""0"", ""buy_6th_pre_bid"": ""-53300"", ""buy_6th_pre_req"": ""530"", ""buy_6th_pre_req_pre"": ""0"", ""buy_7th_pre_bid"": ""-53200"", ""buy_7th_pre_req"": ""641"", ""buy_7th_pre_req_pre"": ""0"", ""buy_8th_pre_bid"": ""-53100"", ""buy_8th_pre_req"": ""462"", ""buy_8th_pre_req_pre"": ""0"", ""buy_9th_pre_bid"": ""-53000"", ""buy_9th_pre_req"": ""560"", ""buy_9th_pre_req_pre"": ""0"", ""buy_10th_pre_bid"": ""-52900"", ""buy_10th_pre_req"": ""504"", ""buy_10th_pre_req_pre"": ""0"", ""tot_sel_req_jub_pre"": ""+17"", ""tot_sel_req"": ""1165"", ""tot_buy_req"": ""4244"", ""tot_buy_req_jub_pre"": ""0"", ""ovt_sel_req_pre"": ""0"", ""ovt_sel_req"": ""0"", ""ovt_buy_req"": ""0"", ""ovt_buy_req_pre"": ""0"", ""return_code"": 0, ""return_msg"": ""정상적으로 처리되었습니다""}"
2026-06-10,scan_candidate,081660,,0,main_scan,40200,,40200,40150,40200,40400,0.3731343283582089,0.12437810945273632,,,,,,"{""bid_req_base_tm"": ""093139"", ""sel_10th_pre_req_pre"": ""0"", ""sel_10th_pre_req"": ""90"", ""sel_10th_pre_bid"": ""+40700"", ""sel_9th_pre_req_pre"": ""0"", ""sel_9th_pre_req"": ""75"", ""sel_9th_pre_bid"": ""+40600"", ""sel_8th_pre_req_pre"": ""0"", ""sel_8th_pre_req"": ""126"", ""sel_8th_pre_bid"": ""+40550"", ""sel_7th_pre_req_pre"": ""0"", ""sel_7th_pre_req"": ""29"", ""sel_7th_pre_bid"": ""+40500"", ""sel_6th_pre_req_pre"": ""0"", ""sel_6th_pre_req"": ""10"", ""sel_6th_pre_bid"": ""+40450"", ""sel_5th_pre_req_pre"": ""0"", ""sel_5th_pre_req"": ""94"", ""sel_5th_pre_bid"": ""+40400"", ""sel_4th_pre_req_pre"": ""0"", ""sel_4th_pre_req"": ""9"", ""sel_4th_pre_bid"": ""+40350"", ""sel_3th_pre_req_pre"": ""0"", ""sel_3th_pre_req"": ""5"", ""sel_3th_pre_bid"": ""+40300"", ""sel_2th_pre_req_pre"": ""0"", ""sel_2th_pre_req"": ""13"", ""sel_2th_pre_bid"": ""+40250"", ""sel_1th_pre_req_pre"": ""+1"", ""sel_fpr_req"": ""45"", ""sel_fpr_bid"": ""+40200"", ""buy_fpr_bid"": ""+40150"", ""buy_fpr_req"": ""580"", ""buy_1th_pre_req_pre"": ""0"", ""buy_2th_pre_bid"": ""+40100"", ""buy_2th_pre_req"": ""73"", ""buy_2th_pre_req_pre"": ""0"", ""buy_3th_pre_bid"": ""+40000"", ""buy_3th_pre_req"": ""240"", ""buy_3th_pre_req_pre"": ""0"", ""buy_4th_pre_bid"": ""+39950"", ""buy_4th_pre_req"": ""94"", ""buy_4th_pre_req_pre"": ""0"", ""buy_5th_pre_bid"": ""+39900"", ""buy_5th_pre_req"": ""30"", ""buy_5th_pre_req_pre"": ""0"", ""buy_6th_pre_bid"": ""+39850"", ""buy_6th_pre_req"": ""90"", ""buy_6th_pre_req_pre"": ""0"", ""buy_7th_pre_bid"": ""+39800"", ""buy_7th_pre_req"": ""1"", ""buy_7th_pre_req_pre"": ""0"", ""buy_8th_pre_bid"": ""+39750"", ""buy_8th_pre_req"": ""58"", ""buy_8th_pre_req_pre"": ""0"", ""buy_9th_pre_bid"": ""39700"", ""buy_9th_pre_req"": ""10"", ""buy_9th_pre_req_pre"": ""0"", ""buy_10th_pre_bid"": ""-39650"", ""buy_10th_pre_req"": ""30"", ""buy_10th_pre_req_pre"": ""0"", ""tot_sel_req_jub_pre"": ""+1"", ""tot_sel_req"": ""496"", ""tot_buy_req"": ""1206"", ""tot_buy_req_jub_pre"": ""0"", ""ovt_sel_req_pre"": ""0"", ""ovt_sel_req"": ""0"", ""ovt_buy_req"": ""0"", ""ovt_buy_req_pre"": ""0"", ""return_code"": 0, ""return_msg"": ""정상적으로 처리되었습니다""}"
2026-06-10,scan_candidate,462870,,0,main_scan,31200,,31200,31100,31200,31250,0.0,0.3205128205128205,,,,,,"{""bid_req_base_tm"": ""093139"", ""sel_10th_pre_req_pre"": ""0"", ""sel_10th_pre_req"": ""98"", ""sel_10th_pre_bid"": ""-31650"", ""sel_9th_pre_req_pre"": ""0"", ""sel_9th_pre_req"": ""15"", ""sel_9th_pre_bid"": ""-31600"", ""sel_8th_pre_req_pre"": ""0"", ""sel_8th_pre_req"": ""10"", ""sel_8th_pre_bid"": ""-31550"", ""sel_7th_pre_req_pre"": ""0"", ""sel_7th_pre_req"": ""156"", ""sel_7th_pre_bid"": ""-31500"", ""sel_6th_pre_req_pre"": ""0"", ""sel_6th_pre_req"": ""34"", ""sel_6th_pre_bid"": ""-31450"", ""sel_5th_pre_req_pre"": ""0"", ""sel_5th_pre_req"": ""137"", ""sel_5th_pre_bid"": ""-31400"", ""sel_4th_pre_req_pre"": ""0"", ""sel_4th_pre_req"": ""45"", ""sel_4th_pre_bid"": ""-31350"", ""sel_3th_pre_req_pre"": ""0"", ""sel_3th_pre_req"": ""98"", ""sel_3th_pre_bid"": ""-31300"", ""sel_2th_pre_req_pre"": ""0"", ""sel_2th_pre_req"": ""48"", ""sel_2th_pre_bid"": ""-31250"", ""sel_1th_pre_req_pre"": ""0"", ""sel_fpr_req"": ""2"", ""sel_fpr_bid"": ""-31200"", ""buy_fpr_bid"": ""-31100"", ""buy_fpr_req"": ""1"", ""buy_1th_pre_req_pre"": ""0"", ""buy_2th_pre_bid"": ""-31050"", ""buy_2th_pre_req"": ""332"", ""buy_2th_pre_req_pre"": ""0"", ""buy_3th_pre_bid"": ""-31000"", ""buy_3th_pre_req"": ""180"", ""buy_3th_pre_req_pre"": ""0"", ""buy_4th_pre_bid"": ""-30950"", ""buy_4th_pre_req"": ""61"", ""buy_4th_pre_req_pre"": ""0"", ""buy_5th_pre_bid"": ""-30900"", ""buy_5th_pre_req"": ""174"", ""buy_5th_pre_req_pre"": ""0"", ""buy_6th_pre_bid"": ""-30850"", ""buy_6th_pre_req"": ""198"", ""buy_6th_pre_req_pre"": ""0"", ""buy_7th_pre_bid"": ""-30800"", ""buy_7th_pre_req"": ""174"", ""buy_7th_pre_req_pre"": ""0"", ""buy_8th_pre_bid"": ""-30750"", ""buy_8th_pre_req"": ""123"", ""buy_8th_pre_req_pre"": ""0"", ""buy_9th_pre_bid"": ""-30700"", ""buy_9th_pre_req"": ""386"", ""buy_9th_pre_req_pre"": ""0"", ""buy_10th_pre_bid"": ""-30650"", ""buy_10th_pre_req"": ""298"", ""buy_10th_pre_req_pre"": ""0"", ""tot_sel_req_jub_pre"": ""--1844"", ""tot_sel_req"": ""643"", ""tot_buy_req"": ""1927"", ""tot_buy_req_jub_pre"": ""--173"", ""ovt_sel_req_pre"": ""0"", ""ovt_sel_req"": ""0"", ""ovt_buy_req"": ""0"", ""ovt_buy_req_pre"": ""0"", ""return_code"": 0, ""return_msg"": ""정상적으로 처리되었습니다""}"
2026-06-10,scan_candidate,120110,,0,main_scan,69700,,69700,69400,69700,69400,-0.5738880918220948,0.430416068866571,,,,,,"{""bid_req_base_tm"": ""093139"", ""sel_10th_pre_req_pre"": ""0"", ""sel_10th_pre_req"": ""122"", ""sel_10th_pre_bid"": ""+70600"", ""sel_9th_pre_req_pre"": ""0"", ""sel_9th_pre_req"": ""1490"", ""sel_9th_pre_bid"": ""+70500"", ""sel_8th_pre_req_pre"": ""0"", ""sel_8th_pre_req"": ""161"", ""sel_8th_pre_bid"": ""+70400"", ""sel_7th_pre_req_pre"": ""0"", ""sel_7th_pre_req"": ""40"", ""sel_7th_pre_bid"": ""+70300"", ""sel_6th_pre_req_pre"": ""0"", ""sel_6th_pre_req"": ""13"", ""sel_6th_pre_bid"": ""+70200"", ""sel_5th_pre_req_pre"": ""0"", ""sel_5th_pre_req"": ""40"", ""sel_5th_pre_bid"": ""+70100"", ""sel_4th_pre_req_pre"": ""0"", ""sel_4th_pre_req"": ""540"", ""sel_4th_pre_bid"": ""+70000"", ""sel_3th_pre_req_pre"": ""0"", ""sel_3th_pre_req"": ""29"", ""sel_3th_pre_bid"": ""+69900"", ""sel_2th_pre_req_pre"": ""0"", ""sel_2th_pre_req"": ""30"", ""sel_2th_pre_bid"": ""+69800"", ""sel_1th_pre_req_pre"": ""0"", ""sel_fpr_req"": ""53"", ""sel_fpr_bid"": ""+69700"", ""buy_fpr_bid"": ""+69400"", ""buy_fpr_req"": ""1042"", ""buy_1th_pre_req_pre"": ""+5"", ""buy_2th_pre_bid"": ""+69300"", ""buy_2th_pre_req"": ""684"", ""buy_2th_pre_req_pre"": ""0"", ""buy_3th_pre_bid"": ""+69200"", ""buy_3th_pre_req"": ""100"", ""buy_3th_pre_req_pre"": ""0"", ""buy_4th_pre_bid"": ""+69100"", ""buy_4th_pre_req"": ""50"", ""buy_4th_pre_req_pre"": ""0"", ""buy_5th_pre_bid"": ""+69000"", ""buy_5th_pre_req"": ""36"", ""buy_5th_pre_req_pre"": ""0"", ""buy_6th_pre_bid"": ""+68900"", ""buy_6th_pre_req"": ""22"", ""buy_6th_pre_req_pre"": ""0"", ""buy_7th_pre_bid"": ""+68800"", ""buy_7th_pre_req"": ""11"", ""buy_7th_pre_req_pre"": ""0"", ""buy_8th_pre_bid"": ""+68500"", ""buy_8th_pre_req"": ""164"", ""buy_8th_pre_req_pre"": ""0"", ""buy_9th_pre_bid"": ""+68400"", ""buy_9th_pre_req"": ""3"", ""buy_9th_pre_req_pre"": ""0"", ""buy_10th_pre_bid"": ""+68300"", ""buy_10th_pre_req"": ""20"", ""buy_10th_pre_req_pre"": ""0"", ""tot_sel_req_jub_pre"": ""0"", ""tot_sel_req"": ""2518"", ""tot_buy_req"": ""2132"", ""tot_buy_req_jub_pre"": ""+5"", ""ovt_sel_req_pre"": ""0"", ""ovt_sel_req"": ""0"", ""ovt_buy_req"": ""0"", ""ovt_buy_req_pre"": ""0"", ""return_code"": 0, ""return_msg"": ""정상적으로 처리되었습니다""}"
2026-06-10,scan_candidate,009155,,0,main_scan,616000,,616000,615000,616000,619000,0.3246753246753247,0.16233766233766234,,,,,,"{""bid_req_base_tm"": ""093139"", ""sel_10th_pre_req_pre"": ""0"", ""sel_10th_pre_req"": ""10"", ""sel_10th_pre_bid"": ""-627000"", ""sel_9th_pre_req_pre"": ""0"", ""sel_9th_pre_req"": ""8"", ""sel_9th_pre_bid"": ""-625000"", ""sel_8th_pre_req_pre"": ""0"", ""sel_8th_pre_req"": ""3"", ""sel_8th_pre_bid"": ""-624000"", ""sel_7th_pre_req_pre"": ""0"", ""sel_7th_pre_req"": ""201"", ""sel_7th_pre_bid"": ""-622000"", ""sel_6th_pre_req_pre"": ""+1"", ""sel_6th_pre_req"": ""7"", ""sel_6th_pre_bid"": ""-621000"", ""sel_5th_pre_req_pre"": ""0"", ""sel_5th_pre_req"": ""6"", ""sel_5th_pre_bid"": ""-620000"", ""sel_4th_pre_req_pre"": ""0"", ""sel_4th_pre_req"": ""102"", ""sel_4th_pre_bid"": ""-619000"", ""sel_3th_pre_req_pre"": ""0"", ""sel_3th_pre_req"": ""13"", ""sel_3th_pre_bid"": ""-618000"", ""sel_2th_pre_req_pre"": ""0"", ""sel_2th_pre_req"": ""13"", ""sel_2th_pre_bid"": ""-617000"", ""sel_1th_pre_req_pre"": ""0"", ""sel_fpr_req"": ""24"", ""sel_fpr_bid"": ""-616000"", ""buy_fpr_bid"": ""-615000"", ""buy_fpr_req"": ""62"", ""buy_1th_pre_req_pre"": ""0"", ""buy_2th_pre_bid"": ""-614000"", ""buy_2th_pre_req"": ""61"", ""buy_2th_pre_req_pre"": ""0"", ""buy_3th_pre_bid"": ""-613000"", ""buy_3th_pre_req"": ""101"", ""buy_3th_pre_req_pre"": ""0"", ""buy_4th_pre_bid"": ""-612000"", ""buy_4th_pre_req"": ""45"", ""buy_4th_pre_req_pre"": ""0"", ""buy_5th_pre_bid"": ""-611000"", ""buy_5th_pre_req"": ""151"", ""buy_5th_pre_req_pre"": ""0"", ""buy_6th_pre_bid"": ""-610000"", ""buy_6th_pre_req"": ""208"", ""buy_6th_pre_req_pre"": ""0"", ""buy_7th_pre_bid"": ""-609000"", ""buy_7th_pre_req"": ""30"", ""buy_7th_pre_req_pre"": ""0"", ""buy_8th_pre_bid"": ""-608000"", ""buy_8th_pre_req"": ""31"", ""buy_8th_pre_req_pre"": ""0"", ""buy_9th_pre_bid"": ""-607000"", ""buy_9th_pre_req"": ""48"", ""buy_9th_pre_req_pre"": ""0"", ""buy_10th_pre_bid"": ""-606000"", ""buy_10th_pre_req"": ""14"", ""buy_10th_pre_req_pre"": ""0"", ""tot_sel_req_jub_pre"": ""+1"", ""tot_sel_req"": ""387"", ""tot_buy_req"": ""751"", ""tot_buy_req_jub_pre"": ""0"", ""ovt_sel_req_pre"": ""0"", ""ovt_sel_req"": ""0"", ""ovt_buy_req"": ""0"", ""ovt_buy_req_pre"": ""0"", ""return_code"": 0, ""return_msg"": ""정상적으로 처리되었습니다""}"
2026-06-10,scan_candidate,192080,,0,main_scan,72800,,72800,72400,72800,72600,-0.4120879120879121,0.5494505494505495,,,,,,"{""bid_req_base_tm"": ""093137"", ""sel_10th_pre_req_pre"": ""0"", ""sel_10th_pre_req"": ""74"", ""sel_10th_pre_bid"": ""+74000"", ""sel_9th_pre_req_pre"": ""0"", ""sel_9th_pre_req"": ""140"", ""sel_9th_pre_bid"": ""+73900"", ""sel_8th_pre_req_pre"": ""0"", ""sel_8th_pre_req"": ""80"", ""sel_8th_pre_bid"": ""+73800"", ""sel_7th_pre_req_pre"": ""0"", ""sel_7th_pre_req"": ""755"", ""sel_7th_pre_bid"": ""+73700"", ""sel_6th_pre_req_pre"": ""0"", ""sel_6th_pre_req"": ""4"", ""sel_6th_pre_bid"": ""+73500"", ""sel_5th_pre_req_pre"": ""0"", ""sel_5th_pre_req"": ""72"", ""sel_5th_pre_bid"": ""+73400"", ""sel_4th_pre_req_pre"": ""0"", ""sel_4th_pre_req"": ""40"", ""sel_4th_pre_bid"": ""+73200"", ""sel_3th_pre_req_pre"": ""--6"", ""sel_3th_pre_req"": ""21"", ""sel_3th_pre_bid"": ""+73000"", ""sel_2th_pre_req_pre"": ""+5"", ""sel_2th_pre_req"": ""46"", ""sel_2th_pre_bid"": ""+72900"", ""sel_1th_pre_req_pre"": ""0"", ""sel_fpr_req"": ""9"", ""sel_fpr_bid"": ""+72800"", ""buy_fpr_bid"": ""+72400"", ""buy_fpr_req"": ""34"", ""buy_1th_pre_req_pre"": ""0"", ""buy_2th_pre_bid"": ""+72300"", ""buy_2th_pre_req"": ""52"", ""buy_2th_pre_req_pre"": ""0"", ""buy_3th_pre_bid"": ""+72200"", ""buy_3th_pre_req"": ""10"", ""buy_3th_pre_req_pre"": ""0"", ""buy_4th_pre_bid"": ""+72100"", ""buy_4th_pre_req"": ""32"", ""buy_4th_pre_req_pre"": ""0"", ""buy_5th_pre_bid"": ""72000"", ""buy_5th_pre_req"": ""118"", ""buy_5th_pre_req_pre"": ""0"", ""buy_6th_pre_bid"": ""-71900"", ""buy_6th_pre_req"": ""11"", ""buy_6th_pre_req_pre"": ""0"", ""buy_7th_pre_bid"": ""-71800"", ""buy_7th_pre_req"": ""52"", ""buy_7th_pre_req_pre"": ""0"", ""buy_8th_pre_bid"": ""-71700"", ""buy_8th_pre_req"": ""14"", ""buy_8th_pre_req_pre"": ""0"", ""buy_9th_pre_bid"": ""-71600"", ""buy_9th_pre_req"": ""11"", ""buy_9th_pre_req_pre"": ""0"", ""buy_10th_pre_bid"": ""-71500"", ""buy_10th_pre_req"": ""32"", ""buy_10th_pre_req_pre"": ""0"", ""tot_sel_req_jub_pre"": ""--1"", ""tot_sel_req"": ""1241"", ""tot_buy_req"": ""366"", ""tot_buy_req_jub_pre"": ""0"", ""ovt_sel_req_pre"": ""0"", ""ovt_sel_req"": ""0"", ""ovt_buy_req"": ""0"", ""ovt_buy_req_pre"": ""0"", ""return_code"": 0, ""return_msg"": ""정상적으로 처리되었습니다""}"
2026-06-10,scan_candidate,093370,,0,main_scan,14210,,14210,14200,14210,14150,-0.7741027445460943,0.07037297677691766,,,,,,"{""bid_req_base_tm"": ""093140"", ""sel_10th_pre_req_pre"": ""0"", ""sel_10th_pre_req"": ""2213"", ""sel_10th_pre_bid"": ""+14300"", ""sel_9th_pre_req_pre"": ""0"", ""sel_9th_pre_req"": ""3878"", ""sel_9th_pre_bid"": ""+14290"", ""sel_8th_pre_req_pre"": ""--640"", ""sel_8th_pre_req"": ""3627"", ""sel_8th_pre_bid"": ""+14280"", ""sel_7th_pre_req_pre"": ""0"", ""sel_7th_pre_req"": ""2001"", ""sel_7th_pre_bid"": ""+14270"", ""sel_6th_pre_req_pre"": ""0"", ""sel_6th_pre_req"": ""1577"", ""sel_6th_pre_bid"": ""+14260"", ""sel_5th_pre_req_pre"": ""0"", ""sel_5th_pre_req"": ""2332"", ""sel_5th_pre_bid"": ""+14250"", ""sel_4th_pre_req_pre"": ""0"", ""sel_4th_pre_req"": ""1114"", ""sel_4th_pre_bid"": ""+14240"", ""sel_3th_pre_req_pre"": ""0"", ""sel_3th_pre_req"": ""1604"", ""sel_3th_pre_bid"": ""+14230"", ""sel_2th_pre_req_pre"": ""0"", ""sel_2th_pre_req"": ""838"", ""sel_2th_pre_bid"": ""+14220"", ""sel_1th_pre_req_pre"": ""0"", ""sel_fpr_req"": ""1174"", ""sel_fpr_bid"": ""+14210"", ""buy_fpr_bid"": ""+14200"", ""buy_fpr_req"": ""1353"", ""buy_1th_pre_req_pre"": ""0"", ""buy_2th_pre_bid"": ""+14190"", ""buy_2th_pre_req"": ""481"", ""buy_2th_pre_req_pre"": ""0"", ""buy_3th_pre_bid"": ""+14180"", ""buy_3th_pre_req"": ""315"", ""buy_3th_pre_req_pre"": ""0"", ""buy_4th_pre_bid"": ""+14170"", ""buy_4th_pre_req"": ""733"", ""buy_4th_pre_req_pre"": ""0"", ""buy_5th_pre_bid"": ""+14160"", ""buy_5th_pre_req"": ""812"", ""buy_5th_pre_req_pre"": ""0"", ""buy_6th_pre_bid"": ""+14150"", ""buy_6th_pre_req"": ""308"", ""buy_6th_pre_req_pre"": ""0"", ""buy_7th_pre_bid"": ""+14140"", ""buy_7th_pre_req"": ""141"", ""buy_7th_pre_req_pre"": ""0"", ""buy_8th_pre_bid"": ""+14130"", ""buy_8th_pre_req"": ""134"", ""buy_8th_pre_req_pre"": ""0"", ""buy_9th_pre_bid"": ""+14120"", ""buy_9th_pre_req"": ""471"", ""buy_9th_pre_req_pre"": ""0"", ""buy_10th_pre_bid"": ""+14110"", ""buy_10th_pre_req"": ""437"", ""buy_10th_pre_req_pre"": ""0"", ""tot_sel_req_jub_pre"": ""--640"", ""tot_sel_req"": ""20358"", ""tot_buy_req"": ""5185"", ""tot_buy_req_jub_pre"": ""0"", ""ovt_sel_req_pre"": ""0"", ""ovt_sel_req"": ""0"", ""ovt_buy_req"": ""0"", ""ovt_buy_req_pre"": ""0"", ""return_code"": 0, ""return_msg"": ""정상적으로 처리되었습니다""}"
2026-06-10,scan_candidate,066575,,0,main_scan,79500,,79500,79400,79500,79600,0.0,0.12578616352201258,,,,,,"{""bid_req_base_tm"": ""093140"", ""sel_10th_pre_req_pre"": ""0"", ""sel_10th_pre_req"": ""130"", ""sel_10th_pre_bid"": ""-80400"", ""sel_9th_pre_req_pre"": ""0"", ""sel_9th_pre_req"": ""121"", ""sel_9th_pre_bid"": ""-80300"", ""sel_8th_pre_req_pre"": ""0"", ""sel_8th_pre_req"": ""310"", ""sel_8th_pre_bid"": ""-80200"", ""sel_7th_pre_req_pre"": ""0"", ""sel_7th_pre_req"": ""268"", ""sel_7th_pre_bid"": ""-80100"", ""sel_6th_pre_req_pre"": ""0"", ""sel_6th_pre_req"": ""1001"", ""sel_6th_pre_bid"": ""-80000"", ""sel_5th_pre_req_pre"": ""--25"", ""sel_5th_pre_req"": ""123"", ""sel_5th_pre_bid"": ""-79900"", ""sel_4th_pre_req_pre"": ""0"", ""sel_4th_pre_req"": ""88"", ""sel_4th_pre_bid"": ""-79800"", ""sel_3th_pre_req_pre"": ""0"", ""sel_3th_pre_req"": ""407"", ""sel_3th_pre_bid"": ""-79700"", ""sel_2th_pre_req_pre"": ""0"", ""sel_2th_pre_req"": ""219"", ""sel_2th_pre_bid"": ""-79600"", ""sel_1th_pre_req_pre"": ""+25"", ""sel_fpr_req"": ""1282"", ""sel_fpr_bid"": ""-79500"", ""buy_fpr_bid"": ""-79400"", ""buy_fpr_req"": ""463"", ""buy_1th_pre_req_pre"": ""0"", ""buy_2th_pre_bid"": ""-79300"", ""buy_2th_pre_req"": ""212"", ""buy_2th_pre_req_pre"": ""0"", ""buy_3th_pre_bid"": ""-79200"", ""buy_3th_pre_req"": ""232"", ""buy_3th_pre_req_pre"": ""0"", ""buy_4th_pre_bid"": ""-79100"", ""buy_4th_pre_req"": ""411"", ""buy_4th_pre_req_pre"": ""0"", ""buy_5th_pre_bid"": ""-79000"", ""buy_5th_pre_req"": ""2213"", ""buy_5th_pre_req_pre"": ""0"", ""buy_6th_pre_bid"": ""-78900"", ""buy_6th_pre_req"": ""1388"", ""buy_6th_pre_req_pre"": ""0"", ""buy_7th_pre_bid"": ""-78800"", ""buy_7th_pre_req"": ""272"", ""buy_7th_pre_req_pre"": ""0"", ""buy_8th_pre_bid"": ""-78700"", ""buy_8th_pre_req"": ""299"", ""buy_8th_pre_req_pre"": ""0"", ""buy_9th_pre_bid"": ""-78600"", ""buy_9th_pre_req"": ""181"", ""buy_9th_pre_req_pre"": ""0"", ""buy_10th_pre_bid"": ""-78500"", ""buy_10th_pre_req"": ""213"", ""buy_10th_pre_req_pre"": ""0"", ""tot_sel_req_jub_pre"": ""0"", ""tot_sel_req"": ""3949"", ""tot_buy_req"": ""5884"", ""tot_buy_req_jub_pre"": ""0"", ""ovt_sel_req_pre"": ""0"", ""ovt_sel_req"": ""0"", ""ovt_buy_req"": ""0"", ""ovt_buy_req_pre"": ""0"", ""return_code"": 0, ""return_msg"": ""정상적으로 처리되었습니다""}"
2026-06-10,scan_candidate,181710,,0,main_scan,41750,,41750,41700,41750,41850,0.11976047904191617,0.11976047904191617,,,,,,"{""bid_req_base_tm"": ""093139"", ""sel_10th_pre_req_pre"": ""0"", ""sel_10th_pre_req"": ""25"", ""sel_10th_pre_bid"": ""-42250"", ""sel_9th_pre_req_pre"": ""0"", ""sel_9th_pre_req"": ""86"", ""sel_9th_pre_bid"": ""-42200"", ""sel_8th_pre_req_pre"": ""0"", ""sel_8th_pre_req"": ""151"", ""sel_8th_pre_bid"": ""-42150"", ""sel_7th_pre_req_pre"": ""0"", ""sel_7th_pre_req"": ""101"", ""sel_7th_pre_bid"": ""-42100"", ""sel_6th_pre_req_pre"": ""0"", ""sel_6th_pre_req"": ""100"", ""sel_6th_pre_bid"": ""-42050"", ""sel_5th_pre_req_pre"": ""0"", ""sel_5th_pre_req"": ""145"", ""sel_5th_pre_bid"": ""-42000"", ""sel_4th_pre_req_pre"": ""0"", ""sel_4th_pre_req"": ""4"", ""sel_4th_pre_bid"": ""-41950"", ""sel_3th_pre_req_pre"": ""0"", ""sel_3th_pre_req"": ""15"", ""sel_3th_pre_bid"": ""-41900"", ""sel_2th_pre_req_pre"": ""0"", ""sel_2th_pre_req"": ""60"", ""sel_2th_pre_bid"": ""-41800"", ""sel_1th_pre_req_pre"": ""--2"", ""sel_fpr_req"": ""48"", ""sel_fpr_bid"": ""-41750"", ""buy_fpr_bid"": ""-41700"", ""buy_fpr_req"": ""158"", ""buy_1th_pre_req_pre"": ""0"", ""buy_2th_pre_bid"": ""-41650"", ""buy_2th_pre_req"": ""117"", ""buy_2th_pre_req_pre"": ""0"", ""buy_3th_pre_bid"": ""-41600"", ""buy_3th_pre_req"": ""67"", ""buy_3th_pre_req_pre"": ""0"", ""buy_4th_pre_bid"": ""-41550"", ""buy_4th_pre_req"": ""155"", ""buy_4th_pre_req_pre"": ""0"", ""buy_5th_pre_bid"": ""-41500"", ""buy_5th_pre_req"": ""533"", ""buy_5th_pre_req_pre"": ""0"", ""buy_6th_pre_bid"": ""-41450"", ""buy_6th_pre_req"": ""70"", ""buy_6th_pre_req_pre"": ""0"", ""buy_7th_pre_bid"": ""-41400"", ""buy_7th_pre_req"": ""5"", ""buy_7th_pre_req_pre"": ""0"", ""buy_8th_pre_bid"": ""-41300"", ""buy_8th_pre_req"": ""51"", ""buy_8th_pre_req_pre"": ""0"", ""buy_9th_pre_bid"": ""-41250"", ""buy_9th_pre_req"": ""59"", ""buy_9th_pre_req_pre"": ""0"", ""buy_10th_pre_bid"": ""-41200"", ""buy_10th_pre_req"": ""40"", ""buy_10th_pre_req_pre"": ""0"", ""tot_sel_req_jub_pre"": ""--2"", ""tot_sel_req"": ""735"", ""tot_buy_req"": ""1255"", ""tot_buy_req_jub_pre"": ""0"", ""ovt_sel_req_pre"": ""0"", ""ovt_sel_req"": ""0"", ""ovt_buy_req"": ""0"", ""ovt_buy_req_pre"": ""0"", ""return_code"": 0, ""return_msg"": ""정상적으로 처리되었습니다""}"
2026-06-10,scan_candidate,034230,,0,main_scan,14890,,14890,14880,14890,14900,-0.2686366689053056,0.0671591672263264,,,,,,"{""bid_req_base_tm"": ""093139"", ""sel_10th_pre_req_pre"": ""0"", ""sel_10th_pre_req"": ""384"", ""sel_10th_pre_bid"": ""15020"", ""sel_9th_pre_req_pre"": ""0"", ""sel_9th_pre_req"": ""181"", ""sel_9th_pre_bid"": ""-15000"", ""sel_8th_pre_req_pre"": ""0"", ""sel_8th_pre_req"": ""1"", ""sel_8th_pre_bid"": ""-14990"", ""sel_7th_pre_req_pre"": ""0"", ""sel_7th_pre_req"": ""48"", ""sel_7th_pre_bid"": ""-14980"", ""sel_6th_pre_req_pre"": ""0"", ""sel_6th_pre_req"": ""39"", ""sel_6th_pre_bid"": ""-14970"", ""sel_5th_pre_req_pre"": ""0"", ""sel_5th_pre_req"": ""15"", ""sel_5th_pre_bid"": ""-14960"", ""sel_4th_pre_req_pre"": ""0"", ""sel_4th_pre_req"": ""463"", ""sel_4th_pre_bid"": ""-14920"", ""sel_3th_pre_req_pre"": ""0"", ""sel_3th_pre_req"": ""22"", ""sel_3th_pre_bid"": ""-14910"", ""sel_2th_pre_req_pre"": ""0"", ""sel_2th_pre_req"": ""21"", ""sel_2th_pre_bid"": ""-14900"", ""sel_1th_pre_req_pre"": ""--21"", ""sel_fpr_req"": ""26"", ""sel_fpr_bid"": ""-14890"", ""buy_fpr_bid"": ""-14880"", ""buy_fpr_req"": ""181"", ""buy_1th_pre_req_pre"": ""0"", ""buy_2th_pre_bid"": ""-14870"", ""buy_2th_pre_req"": ""96"", ""buy_2th_pre_req_pre"": ""0"", ""buy_3th_pre_bid"": ""-14860"", ""buy_3th_pre_req"": ""292"", ""buy_3th_pre_req_pre"": ""0"", ""buy_4th_pre_bid"": ""-14850"", ""buy_4th_pre_req"": ""170"", ""buy_4th_pre_req_pre"": ""0"", ""buy_5th_pre_bid"": ""-14840"", ""buy_5th_pre_req"": ""125"", ""buy_5th_pre_req_pre"": ""0"", ""buy_6th_pre_bid"": ""-14830"", ""buy_6th_pre_req"": ""241"", ""buy_6th_pre_req_pre"": ""0"", ""buy_7th_pre_bid"": ""-14820"", ""buy_7th_pre_req"": ""1202"", ""buy_7th_pre_req_pre"": ""0"", ""buy_8th_pre_bid"": ""-14810"", ""buy_8th_pre_req"": ""677"", ""buy_8th_pre_req_pre"": ""0"", ""buy_9th_pre_bid"": ""-14800"", ""buy_9th_pre_req"": ""1295"", ""buy_9th_pre_req_pre"": ""0"", ""buy_10th_pre_bid"": ""-14790"", ""buy_10th_pre_req"": ""435"", ""buy_10th_pre_req_pre"": ""0"", ""tot_sel_req_jub_pre"": ""--21"", ""tot_sel_req"": ""1200"", ""tot_buy_req"": ""4714"", ""tot_buy_req_jub_pre"": ""0"", ""ovt_sel_req_pre"": ""0"", ""ovt_sel_req"": ""0"", ""ovt_buy_req"": ""0"", ""ovt_buy_req_pre"": ""0"", ""return_code"": 0, ""return_msg"": ""정상적으로 처리되었습니다""}"
2026-06-10,scan_candidate,281820,,0,main_scan,68100,,68100,67800,68100,67600,-0.881057268722467,0.4405286343612335,,,,,,"{""bid_req_base_tm"": ""093140"", ""sel_10th_pre_req_pre"": ""0"", ""sel_10th_pre_req"": ""130"", ""sel_10th_pre_bid"": ""+69000"", ""sel_9th_pre_req_pre"": ""0"", ""sel_9th_pre_req"": ""3"", ""sel_9th_pre_bid"": ""+68900"", ""sel_8th_pre_req_pre"": ""0"", ""sel_8th_pre_req"": ""68"", ""sel_8th_pre_bid"": ""+68800"", ""sel_7th_pre_req_pre"": ""0"", ""sel_7th_pre_req"": ""70"", ""sel_7th_pre_bid"": ""+68700"", ""sel_6th_pre_req_pre"": ""0"", ""sel_6th_pre_req"": ""50"", ""sel_6th_pre_bid"": ""+68600"", ""sel_5th_pre_req_pre"": ""0"", ""sel_5th_pre_req"": ""101"", ""sel_5th_pre_bid"": ""+68500"", ""sel_4th_pre_req_pre"": ""0"", ""sel_4th_pre_req"": ""51"", ""sel_4th_pre_bid"": ""+68400"", ""sel_3th_pre_req_pre"": ""0"", ""sel_3th_pre_req"": ""51"", ""sel_3th_pre_bid"": ""+68300"", ""sel_2th_pre_req_pre"": ""0"", ""sel_2th_pre_req"": ""51"", ""sel_2th_pre_bid"": ""+68200"", ""sel_1th_pre_req_pre"": ""+13"", ""sel_fpr_req"": ""68"", ""sel_fpr_bid"": ""+68100"", ""buy_fpr_bid"": ""+67800"", ""buy_fpr_req"": ""2"", ""buy_1th_pre_req_pre"": ""--8"", ""buy_2th_pre_bid"": ""+67700"", ""buy_2th_pre_req"": ""52"", ""buy_2th_pre_req_pre"": ""0"", ""buy_3th_pre_bid"": ""+67500"", ""buy_3th_pre_req"": ""23"", ""buy_3th_pre_req_pre"": ""0"", ""buy_4th_pre_bid"": ""+67400"", ""buy_4th_pre_req"": ""17"", ""buy_4th_pre_req_pre"": ""0"", ""buy_5th_pre_bid"": ""+67300"", ""buy_5th_pre_req"": ""9"", ""buy_5th_pre_req_pre"": ""0"", ""buy_6th_pre_bid"": ""+67200"", ""buy_6th_pre_req"": ""14"", ""buy_6th_pre_req_pre"": ""0"", ""buy_7th_pre_bid"": ""+67100"", ""buy_7th_pre_req"": ""44"", ""buy_7th_pre_req_pre"": ""0"", ""buy_8th_pre_bid"": ""+67000"", ""buy_8th_pre_req"": ""43"", ""buy_8th_pre_req_pre"": ""0"", ""buy_9th_pre_bid"": ""+66900"", ""buy_9th_pre_req"": ""30"", ""buy_9th_pre_req_pre"": ""0"", ""buy_10th_pre_bid"": ""+66800"", ""buy_10th_pre_req"": ""34"", ""buy_10th_pre_req_pre"": ""0"", ""tot_sel_req_jub_pre"": ""+13"", ""tot_sel_req"": ""643"", ""tot_buy_req"": ""268"", ""tot_buy_req_jub_pre"": ""--8"", ""ovt_sel_req_pre"": ""0"", ""ovt_sel_req"": ""0"", ""ovt_buy_req"": ""0"", ""ovt_buy_req_pre"": ""0"", ""return_code"": 0, ""return_msg"": ""정상적으로 처리되었습니다""}"
2026-06-10,scan_candidate,195870,,0,main_scan,77300,,77300,76900,77300,76700,-0.9055627425614489,0.517464424320828,,,,,,"{""bid_req_base_tm"": ""093141"", ""sel_10th_pre_req_pre"": ""0"", ""sel_10th_pre_req"": ""63"", ""sel_10th_pre_bid"": ""+78200"", ""sel_9th_pre_req_pre"": ""0"", ""sel_9th_pre_req"": ""4"", ""sel_9th_pre_bid"": ""+78100"", ""sel_8th_pre_req_pre"": ""0"", ""sel_8th_pre_req"": ""264"", ""sel_8th_pre_bid"": ""+78000"", ""sel_7th_pre_req_pre"": ""0"", ""sel_7th_pre_req"": ""93"", ""sel_7th_pre_bid"": ""+77900"", ""sel_6th_pre_req_pre"": ""0"", ""sel_6th_pre_req"": ""36"", ""sel_6th_pre_bid"": ""+77800"", ""sel_5th_pre_req_pre"": ""0"", ""sel_5th_pre_req"": ""18"", ""sel_5th_pre_bid"": ""+77700"", ""sel_4th_pre_req_pre"": ""0"", ""sel_4th_pre_req"": ""109"", ""sel_4th_pre_bid"": ""+77600"", ""sel_3th_pre_req_pre"": ""0"", ""sel_3th_pre_req"": ""79"", ""sel_3th_pre_bid"": ""+77500"", ""sel_2th_pre_req_pre"": ""0"", ""sel_2th_pre_req"": ""60"", ""sel_2th_pre_bid"": ""+77400"", ""sel_1th_pre_req_pre"": ""+1"", ""sel_fpr_req"": ""63"", ""sel_fpr_bid"": ""+77300"", ""buy_fpr_bid"": ""+76900"", ""buy_fpr_req"": ""40"", ""buy_1th_pre_req_pre"": ""0"", ""buy_2th_pre_bid"": ""+76800"", ""buy_2th_pre_req"": ""50"", ""buy_2th_pre_req_pre"": ""0"", ""buy_3th_pre_bid"": ""+76700"", ""buy_3th_pre_req"": ""33"", ""buy_3th_pre_req_pre"": ""0"", ""buy_4th_pre_bid"": ""+76600"", ""buy_4th_pre_req"": ""44"", ""buy_4th_pre_req_pre"": ""0"", ""buy_5th_pre_bid"": ""+76400"", ""buy_5th_pre_req"": ""20"", ""buy_5th_pre_req_pre"": ""0"", ""buy_6th_pre_bid"": ""+76200"", ""buy_6th_pre_req"": ""51"", ""buy_6th_pre_req_pre"": ""0"", ""buy_7th_pre_bid"": ""+76100"", ""buy_7th_pre_req"": ""62"", ""buy_7th_pre_req_pre"": ""0"", ""buy_8th_pre_bid"": ""+76000"", ""buy_8th_pre_req"": ""25"", ""buy_8th_pre_req_pre"": ""0"", ""buy_9th_pre_bid"": ""+75800"", ""buy_9th_pre_req"": ""1"", ""buy_9th_pre_req_pre"": ""0"", ""buy_10th_pre_bid"": ""+75700"", ""buy_10th_pre_req"": ""5"", ""buy_10th_pre_req_pre"": ""0"", ""tot_sel_req_jub_pre"": ""+1"", ""tot_sel_req"": ""789"", ""tot_buy_req"": ""331"", ""tot_buy_req_jub_pre"": ""0"", ""ovt_sel_req_pre"": ""0"", ""ovt_sel_req"": ""0"", ""ovt_buy_req"": ""0"", ""ovt_buy_req_pre"": ""0"", ""return_code"": 0, ""return_msg"": ""정상적으로 처리되었습니다""}"
2026-06-10,scan_candidate,001820,,0,main_scan,119200,,119200,119100,119200,119000,-0.587248322147651,0.08389261744966443,,,,,,"{""bid_req_base_tm"": ""093141"", ""sel_10th_pre_req_pre"": ""0"", ""sel_10th_pre_req"": ""46"", ""sel_10th_pre_bid"": ""+120100"", ""sel_9th_pre_req_pre"": ""0"", ""sel_9th_pre_req"": ""677"", ""sel_9th_pre_bid"": ""+120000"", ""sel_8th_pre_req_pre"": ""0"", ""sel_8th_pre_req"": ""258"", ""sel_8th_pre_bid"": ""+119900"", ""sel_7th_pre_req_pre"": ""0"", ""sel_7th_pre_req"": ""338"", ""sel_7th_pre_bid"": ""+119800"", ""sel_6th_pre_req_pre"": ""0"", ""sel_6th_pre_req"": ""130"", ""sel_6th_pre_bid"": ""+119700"", ""sel_5th_pre_req_pre"": ""0"", ""sel_5th_pre_req"": ""278"", ""sel_5th_pre_bid"": ""+119600"", ""sel_4th_pre_req_pre"": ""0"", ""sel_4th_pre_req"": ""175"", ""sel_4th_pre_bid"": ""+119500"", ""sel_3th_pre_req_pre"": ""0"", ""sel_3th_pre_req"": ""642"", ""sel_3th_pre_bid"": ""+119400"", ""sel_2th_pre_req_pre"": ""0"", ""sel_2th_pre_req"": ""195"", ""sel_2th_pre_bid"": ""+119300"", ""sel_1th_pre_req_pre"": ""0"", ""sel_fpr_req"": ""8"", ""sel_fpr_bid"": ""+119200"", ""buy_fpr_bid"": ""+119100"", ""buy_fpr_req"": ""205"", ""buy_1th_pre_req_pre"": ""0"", ""buy_2th_pre_bid"": ""+119000"", ""buy_2th_pre_req"": ""102"", ""buy_2th_pre_req_pre"": ""0"", ""buy_3th_pre_bid"": ""+118900"", ""buy_3th_pre_req"": ""21"", ""buy_3th_pre_req_pre"": ""0"", ""buy_4th_pre_bid"": ""+118800"", ""buy_4th_pre_req"": ""131"", ""buy_4th_pre_req_pre"": ""0"", ""buy_5th_pre_bid"": ""+118700"", ""buy_5th_pre_req"": ""165"", ""buy_5th_pre_req_pre"": ""0"", ""buy_6th_pre_bid"": ""+118600"", ""buy_6th_pre_req"": ""42"", ""buy_6th_pre_req_pre"": ""0"", ""buy_7th_pre_bid"": ""118500"", ""buy_7th_pre_req"": ""414"", ""buy_7th_pre_req_pre"": ""0"", ""buy_8th_pre_bid"": ""-118400"", ""buy_8th_pre_req"": ""607"", ""buy_8th_pre_req_pre"": ""0"", ""buy_9th_pre_bid"": ""-118300"", ""buy_9th_pre_req"": ""7"", ""buy_9th_pre_req_pre"": ""0"", ""buy_10th_pre_bid"": ""-118200"", ""buy_10th_pre_req"": ""28"", ""buy_10th_pre_req_pre"": ""0"", ""tot_sel_req_jub_pre"": ""0"", ""tot_sel_req"": ""2747"", ""tot_buy_req"": ""1722"", ""tot_buy_req_jub_pre"": ""0"", ""ovt_sel_req_pre"": ""0"", ""ovt_sel_req"": ""0"", ""ovt_buy_req"": ""0"", ""ovt_buy_req_pre"": ""0"", ""return_code"": 0, ""return_msg"": ""정상적으로 처리되었습니다""}"
2026-06-10,scan_candidate,000815,,0,main_scan,401500,,401500,400500,401500,402000,0.0,0.24906600249066002,,,,,,"{""bid_req_base_tm"": ""093140"", ""sel_10th_pre_req_pre"": ""0"", ""sel_10th_pre_req"": ""16"", ""sel_10th_pre_bid"": ""-407000"", ""sel_9th_pre_req_pre"": ""0"", ""sel_9th_pre_req"": ""70"", ""sel_9th_pre_bid"": ""-406500"", ""sel_8th_pre_req_pre"": ""0"", ""sel_8th_pre_req"": ""121"", ""sel_8th_pre_bid"": ""-406000"", ""sel_7th_pre_req_pre"": ""0"", ""sel_7th_pre_req"": ""5"", ""sel_7th_pre_bid"": ""-405500"", ""sel_6th_pre_req_pre"": ""0"", ""sel_6th_pre_req"": ""32"", ""sel_6th_pre_bid"": ""-405000"", ""sel_5th_pre_req_pre"": ""0"", ""sel_5th_pre_req"": ""13"", ""sel_5th_pre_bid"": ""-404500"", ""sel_4th_pre_req_pre"": ""0"", ""sel_4th_pre_req"": ""6"", ""sel_4th_pre_bid"": ""-404000"", ""sel_3th_pre_req_pre"": ""0"", ""sel_3th_pre_req"": ""182"", ""sel_3th_pre_bid"": ""-403500"", ""sel_2th_pre_req_pre"": ""0"", ""sel_2th_pre_req"": ""23"", ""sel_2th_pre_bid"": ""-403000"", ""sel_1th_pre_req_pre"": ""0"", ""sel_fpr_req"": ""3"", ""sel_fpr_bid"": ""-401500"", ""buy_fpr_bid"": ""-400500"", ""buy_fpr_req"": ""9"", ""buy_1th_pre_req_pre"": ""0"", ""buy_2th_pre_bid"": ""-400000"", ""buy_2th_pre_req"": ""18"", ""buy_2th_pre_req_pre"": ""--7"", ""buy_3th_pre_bid"": ""-399500"", ""buy_3th_pre_req"": ""6"", ""buy_3th_pre_req_pre"": ""0"", ""buy_4th_pre_bid"": ""-399000"", ""buy_4th_pre_req"": ""9"", ""buy_4th_pre_req_pre"": ""0"", ""buy_5th_pre_bid"": ""-398500"", ""buy_5th_pre_req"": ""39"", ""buy_5th_pre_req_pre"": ""0"", ""buy_6th_pre_bid"": ""-398000"", ""buy_6th_pre_req"": ""109"", ""buy_6th_pre_req_pre"": ""0"", ""buy_7th_pre_bid"": ""-397500"", ""buy_7th_pre_req"": ""229"", ""buy_7th_pre_req_pre"": ""0"", ""buy_8th_pre_bid"": ""-397000"", ""buy_8th_pre_req"": ""81"", ""buy_8th_pre_req_pre"": ""0"", ""buy_9th_pre_bid"": ""-396500"", ""buy_9th_pre_req"": ""7"", ""buy_9th_pre_req_pre"": ""0"", ""buy_10th_pre_bid"": ""-396000"", ""buy_10th_pre_req"": ""21"", ""buy_10th_pre_req_pre"": ""0"", ""tot_sel_req_jub_pre"": ""0"", ""tot_sel_req"": ""471"", ""tot_buy_req"": ""528"", ""tot_buy_req_jub_pre"": ""--7"", ""ovt_sel_req_pre"": ""0"", ""ovt_sel_req"": ""0"", ""ovt_buy_req"": ""0"", ""ovt_buy_req_pre"": ""0"", ""return_code"": 0, ""return_msg"": ""정상적으로 처리되었습니다""}"
2026-06-10,scan_candidate,499790,,0,main_scan,48050,,48050,47800,48050,48050,-0.10405827263267431,0.5202913631633715,,,,,,"{""bid_req_base_tm"": ""093141"", ""sel_10th_pre_req_pre"": ""0"", ""sel_10th_pre_req"": ""36"", ""sel_10th_pre_bid"": ""+48700"", ""sel_9th_pre_req_pre"": ""0"", ""sel_9th_pre_req"": ""51"", ""sel_9th_pre_bid"": ""+48600"", ""sel_8th_pre_req_pre"": ""0"", ""sel_8th_pre_req"": ""5"", ""sel_8th_pre_bid"": ""+48550"", ""sel_7th_pre_req_pre"": ""0"", ""sel_7th_pre_req"": ""5"", ""sel_7th_pre_bid"": ""+48500"", ""sel_6th_pre_req_pre"": ""0"", ""sel_6th_pre_req"": ""53"", ""sel_6th_pre_bid"": ""+48300"", ""sel_5th_pre_req_pre"": ""0"", ""sel_5th_pre_req"": ""4"", ""sel_5th_pre_bid"": ""+48250"", ""sel_4th_pre_req_pre"": ""0"", ""sel_4th_pre_req"": ""7"", ""sel_4th_pre_bid"": ""+48200"", ""sel_3th_pre_req_pre"": ""0"", ""sel_3th_pre_req"": ""11"", ""sel_3th_pre_bid"": ""+48150"", ""sel_2th_pre_req_pre"": ""0"", ""sel_2th_pre_req"": ""10"", ""sel_2th_pre_bid"": ""+48100"", ""sel_1th_pre_req_pre"": ""0"", ""sel_fpr_req"": ""5"", ""sel_fpr_bid"": ""+48050"", ""buy_fpr_bid"": ""+47800"", ""buy_fpr_req"": ""9"", ""buy_1th_pre_req_pre"": ""--2"", ""buy_2th_pre_bid"": ""+47700"", ""buy_2th_pre_req"": ""6"", ""buy_2th_pre_req_pre"": ""0"", ""buy_3th_pre_bid"": ""+47650"", ""buy_3th_pre_req"": ""33"", ""buy_3th_pre_req_pre"": ""0"", ""buy_4th_pre_bid"": ""+47600"", ""buy_4th_pre_req"": ""23"", ""buy_4th_pre_req_pre"": ""0"", ""buy_5th_pre_bid"": ""+47550"", ""buy_5th_pre_req"": ""8"", ""buy_5th_pre_req_pre"": ""0"", ""buy_6th_pre_bid"": ""+47500"", ""buy_6th_pre_req"": ""73"", ""buy_6th_pre_req_pre"": ""0"", ""buy_7th_pre_bid"": ""+47450"", ""buy_7th_pre_req"": ""51"", ""buy_7th_pre_req_pre"": ""0"", ""buy_8th_pre_bid"": ""+47400"", ""buy_8th_pre_req"": ""50"", ""buy_8th_pre_req_pre"": ""0"", ""buy_9th_pre_bid"": ""+47250"", ""buy_9th_pre_req"": ""55"", ""buy_9th_pre_req_pre"": ""0"", ""buy_10th_pre_bid"": ""+47200"", ""buy_10th_pre_req"": ""40"", ""buy_10th_pre_req_pre"": ""0"", ""tot_sel_req_jub_pre"": ""0"", ""tot_sel_req"": ""187"", ""tot_buy_req"": ""348"", ""tot_buy_req_jub_pre"": ""--2"", ""ovt_sel_req_pre"": ""0"", ""ovt_sel_req"": ""0"", ""ovt_buy_req"": ""0"", ""ovt_buy_req_pre"": ""0"", ""return_code"": 0, ""return_msg"": ""정상적으로 처리되었습니다""}"
2026-06-10,scan_candidate,100090,,0,main_scan,17280,,17280,17270,17280,17250,-0.4629629629629629,0.057870370370370364,,,,,,"{""bid_req_base_tm"": ""093142"", ""sel_10th_pre_req_pre"": ""0"", ""sel_10th_pre_req"": ""17"", ""sel_10th_pre_bid"": ""+17370"", ""sel_9th_pre_req_pre"": ""0"", ""sel_9th_pre_req"": ""122"", ""sel_9th_pre_bid"": ""+17360"", ""sel_8th_pre_req_pre"": ""0"", ""sel_8th_pre_req"": ""16"", ""sel_8th_pre_bid"": ""+17350"", ""sel_7th_pre_req_pre"": ""0"", ""sel_7th_pre_req"": ""1"", ""sel_7th_pre_bid"": ""+17340"", ""sel_6th_pre_req_pre"": ""0"", ""sel_6th_pre_req"": ""70"", ""sel_6th_pre_bid"": ""+17330"", ""sel_5th_pre_req_pre"": ""0"", ""sel_5th_pre_req"": ""118"", ""sel_5th_pre_bid"": ""+17320"", ""sel_4th_pre_req_pre"": ""0"", ""sel_4th_pre_req"": ""5011"", ""sel_4th_pre_bid"": ""+17310"", ""sel_3th_pre_req_pre"": ""0"", ""sel_3th_pre_req"": ""1256"", ""sel_3th_pre_bid"": ""+17300"", ""sel_2th_pre_req_pre"": ""0"", ""sel_2th_pre_req"": ""333"", ""sel_2th_pre_bid"": ""+17290"", ""sel_1th_pre_req_pre"": ""0"", ""sel_fpr_req"": ""112"", ""sel_fpr_bid"": ""+17280"", ""buy_fpr_bid"": ""+17270"", ""buy_fpr_req"": ""1118"", ""buy_1th_pre_req_pre"": ""0"", ""buy_2th_pre_bid"": ""+17260"", ""buy_2th_pre_req"": ""603"", ""buy_2th_pre_req_pre"": ""0"", ""buy_3th_pre_bid"": ""+17250"", ""buy_3th_pre_req"": ""1278"", ""buy_3th_pre_req_pre"": ""--5"", ""buy_4th_pre_bid"": ""+17240"", ""buy_4th_pre_req"": ""185"", ""buy_4th_pre_req_pre"": ""0"", ""buy_5th_pre_bid"": ""+17230"", ""buy_5th_pre_req"": ""1473"", ""buy_5th_pre_req_pre"": ""0"", ""buy_6th_pre_bid"": ""+17220"", ""buy_6th_pre_req"": ""433"", ""buy_6th_pre_req_pre"": ""0"", ""buy_7th_pre_bid"": ""+17210"", ""buy_7th_pre_req"": ""1341"", ""buy_7th_pre_req_pre"": ""0"", ""buy_8th_pre_bid"": ""+17200"", ""buy_8th_pre_req"": ""2774"", ""buy_8th_pre_req_pre"": ""0"", ""buy_9th_pre_bid"": ""+17190"", ""buy_9th_pre_req"": ""316"", ""buy_9th_pre_req_pre"": ""0"", ""buy_10th_pre_bid"": ""+17180"", ""buy_10th_pre_req"": ""332"", ""buy_10th_pre_req_pre"": ""0"", ""tot_sel_req_jub_pre"": ""+61"", ""tot_sel_req"": ""7056"", ""tot_buy_req"": ""9853"", ""tot_buy_req_jub_pre"": ""+326"", ""ovt_sel_req_pre"": ""0"", ""ovt_sel_req"": ""0"", ""ovt_buy_req"": ""0"", ""ovt_buy_req_pre"": ""0"", ""return_code"": 0, ""return_msg"": ""정상적으로 처리되었습니다""}"
2026-06-10,scan_candidate,003160,,0,main_scan,28200,,28200,28050,28200,28000,-0.8865248226950355,0.5319148936170213,,,,,,"{""bid_req_base_tm"": ""093140"", ""sel_10th_pre_req_pre"": ""0"", ""sel_10th_pre_req"": ""37"", ""sel_10th_pre_bid"": ""+28800"", ""sel_9th_pre_req_pre"": ""0"", ""sel_9th_pre_req"": ""33"", ""sel_9th_pre_bid"": ""+28700"", ""sel_8th_pre_req_pre"": ""0"", ""sel_8th_pre_req"": ""57"", ""sel_8th_pre_bid"": ""+28650"", ""sel_7th_pre_req_pre"": ""0"", ""sel_7th_pre_req"": ""567"", ""sel_7th_pre_bid"": ""+28600"", ""sel_6th_pre_req_pre"": ""0"", ""sel_6th_pre_req"": ""3161"", ""sel_6th_pre_bid"": ""+28500"", ""sel_5th_pre_req_pre"": ""0"", ""sel_5th_pre_req"": ""1086"", ""sel_5th_pre_bid"": ""+28450"", ""sel_4th_pre_req_pre"": ""0"", ""sel_4th_pre_req"": ""160"", ""sel_4th_pre_bid"": ""+28400"", ""sel_3th_pre_req_pre"": ""0"", ""sel_3th_pre_req"": ""45"", ""sel_3th_pre_bid"": ""+28350"", ""sel_2th_pre_req_pre"": ""0"", ""sel_2th_pre_req"": ""484"", ""sel_2th_pre_bid"": ""+28250"", ""sel_1th_pre_req_pre"": ""0"", ""sel_fpr_req"": ""178"", ""sel_fpr_bid"": ""+28200"", ""buy_fpr_bid"": ""28050"", ""buy_fpr_req"": ""336"", ""buy_1th_pre_req_pre"": ""0"", ""buy_2th_pre_bid"": ""-28000"", ""buy_2th_pre_req"": ""620"", ""buy_2th_pre_req_pre"": ""0"", ""buy_3th_pre_bid"": ""-27950"", ""buy_3th_pre_req"": ""4"", ""buy_3th_pre_req_pre"": ""0"", ""buy_4th_pre_bid"": ""-27900"", ""buy_4th_pre_req"": ""405"", ""buy_4th_pre_req_pre"": ""0"", ""buy_5th_pre_bid"": ""-27850"", ""buy_5th_pre_req"": ""71"", ""buy_5th_pre_req_pre"": ""0"", ""buy_6th_pre_bid"": ""-27800"", ""buy_6th_pre_req"": ""1"", ""buy_6th_pre_req_pre"": ""0"", ""buy_7th_pre_bid"": ""-27750"", ""buy_7th_pre_req"": ""50"", ""buy_7th_pre_req_pre"": ""0"", ""buy_8th_pre_bid"": ""-27700"", ""buy_8th_pre_req"": ""110"", ""buy_8th_pre_req_pre"": ""0"", ""buy_9th_pre_bid"": ""-27650"", ""buy_9th_pre_req"": ""43"", ""buy_9th_pre_req_pre"": ""0"", ""buy_10th_pre_bid"": ""-27600"", ""buy_10th_pre_req"": ""76"", ""buy_10th_pre_req_pre"": ""0"", ""tot_sel_req_jub_pre"": ""--453"", ""tot_sel_req"": ""5808"", ""tot_buy_req"": ""1716"", ""tot_buy_req_jub_pre"": ""0"", ""ovt_sel_req_pre"": ""0"", ""ovt_sel_req"": ""0"", ""ovt_buy_req"": ""0"", ""ovt_buy_req_pre"": ""0"", ""return_code"": 0, ""return_msg"": ""정상적으로 처리되었습니다""}"
2026-06-10,scan_candidate,000370,,0,main_scan,6430,,6430,6420,6430,6420,-0.3110419906687403,0.15552099533437014,,,,,,"{""bid_req_base_tm"": ""093142"", ""sel_10th_pre_req_pre"": ""0"", ""sel_10th_pre_req"": ""801"", ""sel_10th_pre_bid"": ""+6520"", ""sel_9th_pre_req_pre"": ""0"", ""sel_9th_pre_req"": ""531"", ""sel_9th_pre_bid"": ""+6510"", ""sel_8th_pre_req_pre"": ""0"", ""sel_8th_pre_req"": ""127"", ""sel_8th_pre_bid"": ""+6500"", ""sel_7th_pre_req_pre"": ""0"", ""sel_7th_pre_req"": ""127"", ""sel_7th_pre_bid"": ""+6490"", ""sel_6th_pre_req_pre"": ""0"", ""sel_6th_pre_req"": ""493"", ""sel_6th_pre_bid"": ""+6480"", ""sel_5th_pre_req_pre"": ""0"", ""sel_5th_pre_req"": ""94"", ""sel_5th_pre_bid"": ""+6470"", ""sel_4th_pre_req_pre"": ""0"", ""sel_4th_pre_req"": ""26"", ""sel_4th_pre_bid"": ""+6460"", ""sel_3th_pre_req_pre"": ""0"", ""sel_3th_pre_req"": ""113"", ""sel_3th_pre_bid"": ""6450"", ""sel_2th_pre_req_pre"": ""--114"", ""sel_2th_pre_req"": ""284"", ""sel_2th_pre_bid"": ""-6440"", ""sel_1th_pre_req_pre"": ""+110"", ""sel_fpr_req"": ""143"", ""sel_fpr_bid"": ""-6430"", ""buy_fpr_bid"": ""-6420"", ""buy_fpr_req"": ""50"", ""buy_1th_pre_req_pre"": ""0"", ""buy_2th_pre_bid"": ""-6400"", ""buy_2th_pre_req"": ""8"", ""buy_2th_pre_req_pre"": ""0"", ""buy_3th_pre_bid"": ""-6390"", ""buy_3th_pre_req"": ""9"", ""buy_3th_pre_req_pre"": ""0"", ""buy_4th_pre_bid"": ""-6380"", ""buy_4th_pre_req"": ""10"", ""buy_4th_pre_req_pre"": ""0"", ""buy_5th_pre_bid"": ""-6370"", ""buy_5th_pre_req"": ""6"", ""buy_5th_pre_req_pre"": ""0"", ""buy_6th_pre_bid"": ""-6360"", ""buy_6th_pre_req"": ""197"", ""buy_6th_pre_req_pre"": ""0"", ""buy_7th_pre_bid"": ""-6350"", ""buy_7th_pre_req"": ""1325"", ""buy_7th_pre_req_pre"": ""0"", ""buy_8th_pre_bid"": ""-6340"", ""buy_8th_pre_req"": ""161"", ""buy_8th_pre_req_pre"": ""0"", ""buy_9th_pre_bid"": ""-6330"", ""buy_9th_pre_req"": ""438"", ""buy_9th_pre_req_pre"": ""0"", ""buy_10th_pre_bid"": ""-6320"", ""buy_10th_pre_req"": ""450"", ""buy_10th_pre_req_pre"": ""0"", ""tot_sel_req_jub_pre"": ""--4"", ""tot_sel_req"": ""2739"", ""tot_buy_req"": ""2654"", ""tot_buy_req_jub_pre"": ""0"", ""ovt_sel_req_pre"": ""0"", ""ovt_sel_req"": ""0"", ""ovt_buy_req"": ""0"", ""ovt_buy_req_pre"": ""0"", ""return_code"": 0, ""return_msg"": ""정상적으로 처리되었습니다""}"
2026-06-10,scan_candidate,114090,,0,main_scan,12010,,12010,11960,12010,11950,-0.9159034138218152,0.4163197335553705,,,,,,"{""bid_req_base_tm"": ""093140"", ""sel_10th_pre_req_pre"": ""0"", ""sel_10th_pre_req"": ""20"", ""sel_10th_pre_bid"": ""+12120"", ""sel_9th_pre_req_pre"": ""0"", ""sel_9th_pre_req"": ""5"", ""sel_9th_pre_bid"": ""+12110"", ""sel_8th_pre_req_pre"": ""0"", ""sel_8th_pre_req"": ""157"", ""sel_8th_pre_bid"": ""+12100"", ""sel_7th_pre_req_pre"": ""0"", ""sel_7th_pre_req"": ""734"", ""sel_7th_pre_bid"": ""+12090"", ""sel_6th_pre_req_pre"": ""0"", ""sel_6th_pre_req"": ""547"", ""sel_6th_pre_bid"": ""+12080"", ""sel_5th_pre_req_pre"": ""0"", ""sel_5th_pre_req"": ""54"", ""sel_5th_pre_bid"": ""+12070"", ""sel_4th_pre_req_pre"": ""0"", ""sel_4th_pre_req"": ""101"", ""sel_4th_pre_bid"": ""+12060"", ""sel_3th_pre_req_pre"": ""0"", ""sel_3th_pre_req"": ""1"", ""sel_3th_pre_bid"": ""+12040"", ""sel_2th_pre_req_pre"": ""0"", ""sel_2th_pre_req"": ""298"", ""sel_2th_pre_bid"": ""+12020"", ""sel_1th_pre_req_pre"": ""0"", ""sel_fpr_req"": ""158"", ""sel_fpr_bid"": ""+12010"", ""buy_fpr_bid"": ""+11960"", ""buy_fpr_req"": ""75"", ""buy_1th_pre_req_pre"": ""+1"", ""buy_2th_pre_bid"": ""11950"", ""buy_2th_pre_req"": ""176"", ""buy_2th_pre_req_pre"": ""0"", ""buy_3th_pre_bid"": ""-11940"", ""buy_3th_pre_req"": ""277"", ""buy_3th_pre_req_pre"": ""0"", ""buy_4th_pre_bid"": ""-11930"", ""buy_4th_pre_req"": ""60"", ""buy_4th_pre_req_pre"": ""0"", ""buy_5th_pre_bid"": ""-11910"", ""buy_5th_pre_req"": ""145"", ""buy_5th_pre_req_pre"": ""0"", ""buy_6th_pre_bid"": ""-11900"", ""buy_6th_pre_req"": ""70"", ""buy_6th_pre_req_pre"": ""0"", ""buy_7th_pre_bid"": ""-11890"", ""buy_7th_pre_req"": ""16"", ""buy_7th_pre_req_pre"": ""0"", ""buy_8th_pre_bid"": ""-11870"", ""buy_8th_pre_req"": ""100"", ""buy_8th_pre_req_pre"": ""0"", ""buy_9th_pre_bid"": ""-11860"", ""buy_9th_pre_req"": ""5"", ""buy_9th_pre_req_pre"": ""0"", ""buy_10th_pre_bid"": ""-11850"", ""buy_10th_pre_req"": ""90"", ""buy_10th_pre_req_pre"": ""0"", ""tot_sel_req_jub_pre"": ""0"", ""tot_sel_req"": ""2075"", ""tot_buy_req"": ""1014"", ""tot_buy_req_jub_pre"": ""+1"", ""ovt_sel_req_pre"": ""0"", ""ovt_sel_req"": ""0"", ""ovt_buy_req"": ""0"", ""ovt_buy_req_pre"": ""0"", ""return_code"": 0, ""return_msg"": ""정상적으로 처리되었습니다""}"
2026-06-10,scan_candidate,005090,,0,main_scan,52800,,52800,52600,52800,53200,0.5681818181818182,0.3787878787878788,,,,,,"{""bid_req_base_tm"": ""093143"", ""sel_10th_pre_req_pre"": ""0"", ""sel_10th_pre_req"": ""256"", ""sel_10th_pre_bid"": ""+54000"", ""sel_9th_pre_req_pre"": ""0"", ""sel_9th_pre_req"": ""39"", ""sel_9th_pre_bid"": ""+53900"", ""sel_8th_pre_req_pre"": ""0"", ""sel_8th_pre_req"": ""133"", ""sel_8th_pre_bid"": ""+53800"", ""sel_7th_pre_req_pre"": ""0"", ""sel_7th_pre_req"": ""72"", ""sel_7th_pre_bid"": ""+53600"", ""sel_6th_pre_req_pre"": ""0"", ""sel_6th_pre_req"": ""76"", ""sel_6th_pre_bid"": ""+53400"", ""sel_5th_pre_req_pre"": ""0"", ""sel_5th_pre_req"": ""30"", ""sel_5th_pre_bid"": ""+53200"", ""sel_4th_pre_req_pre"": ""0"", ""sel_4th_pre_req"": ""28"", ""sel_4th_pre_bid"": ""+53100"", ""sel_3th_pre_req_pre"": ""0"", ""sel_3th_pre_req"": ""14"", ""sel_3th_pre_bid"": ""+53000"", ""sel_2th_pre_req_pre"": ""0"", ""sel_2th_pre_req"": ""43"", ""sel_2th_pre_bid"": ""+52900"", ""sel_1th_pre_req_pre"": ""0"", ""sel_fpr_req"": ""35"", ""sel_fpr_bid"": ""+52800"", ""buy_fpr_bid"": ""+52600"", ""buy_fpr_req"": ""585"", ""buy_1th_pre_req_pre"": ""--5"", ""buy_2th_pre_bid"": ""+52500"", ""buy_2th_pre_req"": ""1550"", ""buy_2th_pre_req_pre"": ""0"", ""buy_3th_pre_bid"": ""+52400"", ""buy_3th_pre_req"": ""241"", ""buy_3th_pre_req_pre"": ""0"", ""buy_4th_pre_bid"": ""+52300"", ""buy_4th_pre_req"": ""70"", ""buy_4th_pre_req_pre"": ""0"", ""buy_5th_pre_bid"": ""+52200"", ""buy_5th_pre_req"": ""143"", ""buy_5th_pre_req_pre"": ""0"", ""buy_6th_pre_bid"": ""+52100"", ""buy_6th_pre_req"": ""71"", ""buy_6th_pre_req_pre"": ""0"", ""buy_7th_pre_bid"": ""+52000"", ""buy_7th_pre_req"": ""577"", ""buy_7th_pre_req_pre"": ""0"", ""buy_8th_pre_bid"": ""+51900"", ""buy_8th_pre_req"": ""116"", ""buy_8th_pre_req_pre"": ""0"", ""buy_9th_pre_bid"": ""+51800"", ""buy_9th_pre_req"": ""230"", ""buy_9th_pre_req_pre"": ""0"", ""buy_10th_pre_bid"": ""+51700"", ""buy_10th_pre_req"": ""61"", ""buy_10th_pre_req_pre"": ""0"", ""tot_sel_req_jub_pre"": ""0"", ""tot_sel_req"": ""726"", ""tot_buy_req"": ""3644"", ""tot_buy_req_jub_pre"": ""--5"", ""ovt_sel_req_pre"": ""0"", ""ovt_sel_req"": ""0"", ""ovt_buy_req"": ""0"", ""ovt_buy_req_pre"": ""0"", ""return_code"": 0, ""return_msg"": ""정상적으로 처리되었습니다""}"
2026-06-10,scan_candidate,006220,,0,main_scan,11150,,11150,11120,11150,11050,-1.345291479820628,0.26905829596412556,,,,,,"{""bid_req_base_tm"": ""093142"", ""sel_10th_pre_req_pre"": ""0"", ""sel_10th_pre_req"": ""47"", ""sel_10th_pre_bid"": ""+11240"", ""sel_9th_pre_req_pre"": ""0"", ""sel_9th_pre_req"": ""11"", ""sel_9th_pre_bid"": ""+11230"", ""sel_8th_pre_req_pre"": ""0"", ""sel_8th_pre_req"": ""4"", ""sel_8th_pre_bid"": ""+11220"", ""sel_7th_pre_req_pre"": ""0"", ""sel_7th_pre_req"": ""3"", ""sel_7th_pre_bid"": ""+11210"", ""sel_6th_pre_req_pre"": ""0"", ""sel_6th_pre_req"": ""846"", ""sel_6th_pre_bid"": ""+11200"", ""sel_5th_pre_req_pre"": ""0"", ""sel_5th_pre_req"": ""126"", ""sel_5th_pre_bid"": ""+11190"", ""sel_4th_pre_req_pre"": ""0"", ""sel_4th_pre_req"": ""11701"", ""sel_4th_pre_bid"": ""+11180"", ""sel_3th_pre_req_pre"": ""0"", ""sel_3th_pre_req"": ""2730"", ""sel_3th_pre_bid"": ""+11170"", ""sel_2th_pre_req_pre"": ""0"", ""sel_2th_pre_req"": ""107"", ""sel_2th_pre_bid"": ""+11160"", ""sel_1th_pre_req_pre"": ""0"", ""sel_fpr_req"": ""28"", ""sel_fpr_bid"": ""+11150"", ""buy_fpr_bid"": ""-11120"", ""buy_fpr_req"": ""61"", ""buy_1th_pre_req_pre"": ""0"", ""buy_2th_pre_bid"": ""-11110"", ""buy_2th_pre_req"": ""101"", ""buy_2th_pre_req_pre"": ""0"", ""buy_3th_pre_bid"": ""-11080"", ""buy_3th_pre_req"": ""447"", ""buy_3th_pre_req_pre"": ""0"", ""buy_4th_pre_bid"": ""-11060"", ""buy_4th_pre_req"": ""167"", ""buy_4th_pre_req_pre"": ""0"", ""buy_5th_pre_bid"": ""-11050"", ""buy_5th_pre_req"": ""23"", ""buy_5th_pre_req_pre"": ""0"", ""buy_6th_pre_bid"": ""-11040"", ""buy_6th_pre_req"": ""76"", ""buy_6th_pre_req_pre"": ""0"", ""buy_7th_pre_bid"": ""-11030"", ""buy_7th_pre_req"": ""234"", ""buy_7th_pre_req_pre"": ""0"", ""buy_8th_pre_bid"": ""-11020"", ""buy_8th_pre_req"": ""281"", ""buy_8th_pre_req_pre"": ""+100"", ""buy_9th_pre_bid"": ""-11010"", ""buy_9th_pre_req"": ""714"", ""buy_9th_pre_req_pre"": ""0"", ""buy_10th_pre_bid"": ""-11000"", ""buy_10th_pre_req"": ""366"", ""buy_10th_pre_req_pre"": ""0"", ""tot_sel_req_jub_pre"": ""0"", ""tot_sel_req"": ""15603"", ""tot_buy_req"": ""2470"", ""tot_buy_req_jub_pre"": ""+100"", ""ovt_sel_req_pre"": ""0"", ""ovt_sel_req"": ""0"", ""ovt_buy_req"": ""0"", ""ovt_buy_req_pre"": ""0"", ""return_code"": 0, ""return_msg"": ""정상적으로 처리되었습니다""}"
2026-06-10,scan_candidate,092200,,0,main_scan,10050,,10050,10040,10050,10050,-0.4975124378109453,0.09950248756218905,,,,,,"{""bid_req_base_tm"": ""093142"", ""sel_10th_pre_req_pre"": ""0"", ""sel_10th_pre_req"": ""203"", ""sel_10th_pre_bid"": ""-10140"", ""sel_9th_pre_req_pre"": ""0"", ""sel_9th_pre_req"": ""733"", ""sel_9th_pre_bid"": ""-10130"", ""sel_8th_pre_req_pre"": ""0"", ""sel_8th_pre_req"": ""670"", ""sel_8th_pre_bid"": ""-10120"", ""sel_7th_pre_req_pre"": ""0"", ""sel_7th_pre_req"": ""229"", ""sel_7th_pre_bid"": ""-10110"", ""sel_6th_pre_req_pre"": ""0"", ""sel_6th_pre_req"": ""921"", ""sel_6th_pre_bid"": ""-10100"", ""sel_5th_pre_req_pre"": ""0"", ""sel_5th_pre_req"": ""36"", ""sel_5th_pre_bid"": ""-10090"", ""sel_4th_pre_req_pre"": ""0"", ""sel_4th_pre_req"": ""126"", ""sel_4th_pre_bid"": ""-10080"", ""sel_3th_pre_req_pre"": ""0"", ""sel_3th_pre_req"": ""210"", ""sel_3th_pre_bid"": ""-10070"", ""sel_2th_pre_req_pre"": ""0"", ""sel_2th_pre_req"": ""31"", ""sel_2th_pre_bid"": ""-10060"", ""sel_1th_pre_req_pre"": ""--10"", ""sel_fpr_req"": ""26"", ""sel_fpr_bid"": ""-10050"", ""buy_fpr_bid"": ""-10040"", ""buy_fpr_req"": ""3355"", ""buy_1th_pre_req_pre"": ""0"", ""buy_2th_pre_bid"": ""-10030"", ""buy_2th_pre_req"": ""1280"", ""buy_2th_pre_req_pre"": ""0"", ""buy_3th_pre_bid"": ""-10020"", ""buy_3th_pre_req"": ""1406"", ""buy_3th_pre_req_pre"": ""0"", ""buy_4th_pre_bid"": ""-10010"", ""buy_4th_pre_req"": ""4843"", ""buy_4th_pre_req_pre"": ""0"", ""buy_5th_pre_bid"": ""-10000"", ""buy_5th_pre_req"": ""14657"", ""buy_5th_pre_req_pre"": ""0"", ""buy_6th_pre_bid"": ""-9990"", ""buy_6th_pre_req"": ""6950"", ""buy_6th_pre_req_pre"": ""0"", ""buy_7th_pre_bid"": ""-9980"", ""buy_7th_pre_req"": ""1527"", ""buy_7th_pre_req_pre"": ""0"", ""buy_8th_pre_bid"": ""-9970"", ""buy_8th_pre_req"": ""539"", ""buy_8th_pre_req_pre"": ""0"", ""buy_9th_pre_bid"": ""-9960"", ""buy_9th_pre_req"": ""4069"", ""buy_9th_pre_req_pre"": ""0"", ""buy_10th_pre_bid"": ""-9950"", ""buy_10th_pre_req"": ""4217"", ""buy_10th_pre_req_pre"": ""0"", ""tot_sel_req_jub_pre"": ""--10"", ""tot_sel_req"": ""3185"", ""tot_buy_req"": ""42843"", ""tot_buy_req_jub_pre"": ""0"", ""ovt_sel_req_pre"": ""0"", ""ovt_sel_req"": ""0"", ""ovt_buy_req"": ""0"", ""ovt_buy_req_pre"": ""0"", ""return_code"": 0, ""return_msg"": ""정상적으로 처리되었습니다""}"
2026-06-10,scan_candidate,000430,,0,main_scan,6030,,6030,6020,6030,6010,-0.4975124378109453,0.16583747927031509,,,,,,"{""bid_req_base_tm"": ""093143"", ""sel_10th_pre_req_pre"": ""0"", ""sel_10th_pre_req"": ""6325"", ""sel_10th_pre_bid"": ""+6120"", ""sel_9th_pre_req_pre"": ""0"", ""sel_9th_pre_req"": ""4122"", ""sel_9th_pre_bid"": ""+6110"", ""sel_8th_pre_req_pre"": ""0"", ""sel_8th_pre_req"": ""14511"", ""sel_8th_pre_bid"": ""+6100"", ""sel_7th_pre_req_pre"": ""0"", ""sel_7th_pre_req"": ""8329"", ""sel_7th_pre_bid"": ""+6090"", ""sel_6th_pre_req_pre"": ""0"", ""sel_6th_pre_req"": ""4980"", ""sel_6th_pre_bid"": ""+6080"", ""sel_5th_pre_req_pre"": ""0"", ""sel_5th_pre_req"": ""259"", ""sel_5th_pre_bid"": ""+6070"", ""sel_4th_pre_req_pre"": ""0"", ""sel_4th_pre_req"": ""645"", ""sel_4th_pre_bid"": ""+6060"", ""sel_3th_pre_req_pre"": ""0"", ""sel_3th_pre_req"": ""657"", ""sel_3th_pre_bid"": ""+6050"", ""sel_2th_pre_req_pre"": ""0"", ""sel_2th_pre_req"": ""3976"", ""sel_2th_pre_bid"": ""+6040"", ""sel_1th_pre_req_pre"": ""0"", ""sel_fpr_req"": ""1235"", ""sel_fpr_bid"": ""+6030"", ""buy_fpr_bid"": ""+6020"", ""buy_fpr_req"": ""252"", ""buy_1th_pre_req_pre"": ""0"", ""buy_2th_pre_bid"": ""+6010"", ""buy_2th_pre_req"": ""542"", ""buy_2th_pre_req_pre"": ""0"", ""buy_3th_pre_bid"": ""6000"", ""buy_3th_pre_req"": ""4863"", ""buy_3th_pre_req_pre"": ""+114"", ""buy_4th_pre_bid"": ""-5990"", ""buy_4th_pre_req"": ""3270"", ""buy_4th_pre_req_pre"": ""0"", ""buy_5th_pre_bid"": ""-5980"", ""buy_5th_pre_req"": ""18029"", ""buy_5th_pre_req_pre"": ""0"", ""buy_6th_pre_bid"": ""-5970"", ""buy_6th_pre_req"": ""485"", ""buy_6th_pre_req_pre"": ""0"", ""buy_7th_pre_bid"": ""-5960"", ""buy_7th_pre_req"": ""880"", ""buy_7th_pre_req_pre"": ""0"", ""buy_8th_pre_bid"": ""-5950"", ""buy_8th_pre_req"": ""149"", ""buy_8th_pre_req_pre"": ""0"", ""buy_9th_pre_bid"": ""-5940"", ""buy_9th_pre_req"": ""1912"", ""buy_9th_pre_req_pre"": ""0"", ""buy_10th_pre_bid"": ""-5930"", ""buy_10th_pre_req"": ""1370"", ""buy_10th_pre_req_pre"": ""0"", ""tot_sel_req_jub_pre"": ""0"", ""tot_sel_req"": ""45039"", ""tot_buy_req"": ""31752"", ""tot_buy_req_jub_pre"": ""+114"", ""ovt_sel_req_pre"": ""0"", ""ovt_sel_req"": ""0"", ""ovt_buy_req"": ""0"", ""ovt_buy_req_pre"": ""0"", ""return_code"": 0, ""return_msg"": ""정상적으로 처리되었습니다""}"
2026-06-10,scan_candidate,005950,,0,main_scan,12030,,12030,12020,12030,12000,-0.6650041562759768,0.0831255195344971,,,,,,"{""bid_req_base_tm"": ""093144"", ""sel_10th_pre_req_pre"": ""0"", ""sel_10th_pre_req"": ""15"", ""sel_10th_pre_bid"": ""+12120"", ""sel_9th_pre_req_pre"": ""0"", ""sel_9th_pre_req"": ""377"", ""sel_9th_pre_bid"": ""+12110"", ""sel_8th_pre_req_pre"": ""0"", ""sel_8th_pre_req"": ""247"", ""sel_8th_pre_bid"": ""+12100"", ""sel_7th_pre_req_pre"": ""0"", ""sel_7th_pre_req"": ""137"", ""sel_7th_pre_bid"": ""+12090"", ""sel_6th_pre_req_pre"": ""0"", ""sel_6th_pre_req"": ""11"", ""sel_6th_pre_bid"": ""+12080"", ""sel_5th_pre_req_pre"": ""0"", ""sel_5th_pre_req"": ""92"", ""sel_5th_pre_bid"": ""+12070"", ""sel_4th_pre_req_pre"": ""0"", ""sel_4th_pre_req"": ""125"", ""sel_4th_pre_bid"": ""+12060"", ""sel_3th_pre_req_pre"": ""0"", ""sel_3th_pre_req"": ""119"", ""sel_3th_pre_bid"": ""+12050"", ""sel_2th_pre_req_pre"": ""0"", ""sel_2th_pre_req"": ""304"", ""sel_2th_pre_bid"": ""+12040"", ""sel_1th_pre_req_pre"": ""+22"", ""sel_fpr_req"": ""106"", ""sel_fpr_bid"": ""+12030"", ""buy_fpr_bid"": ""+12020"", ""buy_fpr_req"": ""102"", ""buy_1th_pre_req_pre"": ""0"", ""buy_2th_pre_bid"": ""+12010"", ""buy_2th_pre_req"": ""68"", ""buy_2th_pre_req_pre"": ""0"", ""buy_3th_pre_bid"": ""+12000"", ""buy_3th_pre_req"": ""435"", ""buy_3th_pre_req_pre"": ""0"", ""buy_4th_pre_bid"": ""+11990"", ""buy_4th_pre_req"": ""177"", ""buy_4th_pre_req_pre"": ""0"", ""buy_5th_pre_bid"": ""+11970"", ""buy_5th_pre_req"": ""44"", ""buy_5th_pre_req_pre"": ""0"", ""buy_6th_pre_bid"": ""+11960"", ""buy_6th_pre_req"": ""33"", ""buy_6th_pre_req_pre"": ""0"", ""buy_7th_pre_bid"": ""+11950"", ""buy_7th_pre_req"": ""50"", ""buy_7th_pre_req_pre"": ""0"", ""buy_8th_pre_bid"": ""+11940"", ""buy_8th_pre_req"": ""50"", ""buy_8th_pre_req_pre"": ""0"", ""buy_9th_pre_bid"": ""+11930"", ""buy_9th_pre_req"": ""82"", ""buy_9th_pre_req_pre"": ""0"", ""buy_10th_pre_bid"": ""+11920"", ""buy_10th_pre_req"": ""117"", ""buy_10th_pre_req_pre"": ""0"", ""tot_sel_req_jub_pre"": ""+22"", ""tot_sel_req"": ""1533"", ""tot_buy_req"": ""1158"", ""tot_buy_req_jub_pre"": ""0"", ""ovt_sel_req_pre"": ""0"", ""ovt_sel_req"": ""0"", ""ovt_buy_req"": ""0"", ""ovt_buy_req_pre"": ""0"", ""return_code"": 0, ""return_msg"": ""정상적으로 처리되었습니다""}"
2026-06-10,watchlist,014680,,1,filtered_candidate_recheck,260500,,260500,260000,260500,262000,0.3838771593090211,0.19193857965451055,,,,,,"{""bid_req_base_tm"": ""093327"", ""sel_10th_pre_req_pre"": ""0"", ""sel_10th_pre_req"": ""66"", ""sel_10th_pre_bid"": ""+265000"", ""sel_9th_pre_req_pre"": ""0"", ""sel_9th_pre_req"": ""22"", ""sel_9th_pre_bid"": ""+264500"", ""sel_8th_pre_req_pre"": ""0"", ""sel_8th_pre_req"": ""75"", ""sel_8th_pre_bid"": ""+264000"", ""sel_7th_pre_req_pre"": ""0"", ""sel_7th_pre_req"": ""53"", ""sel_7th_pre_bid"": ""+263500"", ""sel_6th_pre_req_pre"": ""0"", ""sel_6th_pre_req"": ""11"", ""sel_6th_pre_bid"": ""+263000"", ""sel_5th_pre_req_pre"": ""0"", ""sel_5th_pre_req"": ""1"", ""sel_5th_pre_bid"": ""+262500"", ""sel_4th_pre_req_pre"": ""0"", ""sel_4th_pre_req"": ""31"", ""sel_4th_pre_bid"": ""+262000"", ""sel_3th_pre_req_pre"": ""0"", ""sel_3th_pre_req"": ""56"", ""sel_3th_pre_bid"": ""+261500"", ""sel_2th_pre_req_pre"": ""0"", ""sel_2th_pre_req"": ""5"", ""sel_2th_pre_bid"": ""+261000"", ""sel_1th_pre_req_pre"": ""0"", ""sel_fpr_req"": ""52"", ""sel_fpr_bid"": ""+260500"", ""buy_fpr_bid"": ""+260000"", ""buy_fpr_req"": ""130"", ""buy_1th_pre_req_pre"": ""+8"", ""buy_2th_pre_bid"": ""+259500"", ""buy_2th_pre_req"": ""132"", ""buy_2th_pre_req_pre"": ""0"", ""buy_3th_pre_bid"": ""+259000"", ""buy_3th_pre_req"": ""172"", ""buy_3th_pre_req_pre"": ""0"", ""buy_4th_pre_bid"": ""+258000"", ""buy_4th_pre_req"": ""17"", ""buy_4th_pre_req_pre"": ""0"", ""buy_5th_pre_bid"": ""+257500"", ""buy_5th_pre_req"": ""9"", ""buy_5th_pre_req_pre"": ""0"", ""buy_6th_pre_bid"": ""+257000"", ""buy_6th_pre_req"": ""103"", ""buy_6th_pre_req_pre"": ""0"", ""buy_7th_pre_bid"": ""+256500"", ""buy_7th_pre_req"": ""1"", ""buy_7th_pre_req_pre"": ""0"", ""buy_8th_pre_bid"": ""+256000"", ""buy_8th_pre_req"": ""107"", ""buy_8th_pre_req_pre"": ""0"", ""buy_9th_pre_bid"": ""+255500"", ""buy_9th_pre_req"": ""69"", ""buy_9th_pre_req_pre"": ""0"", ""buy_10th_pre_bid"": ""+254500"", ""buy_10th_pre_req"": ""2"", ""buy_10th_pre_req_pre"": ""0"", ""tot_sel_req_jub_pre"": ""0"", ""tot_sel_req"": ""372"", ""tot_buy_req"": ""742"", ""tot_buy_req_jub_pre"": ""+8"", ""ovt_sel_req_pre"": ""0"", ""ovt_sel_req"": ""0"", ""ovt_buy_req"": ""0"", ""ovt_buy_req_pre"": ""0"", ""return_code"": 0, ""return_msg"": ""정상적으로 처리되었습니다""}"
2026-06-10,watchlist,035420,,0,filtered_candidate_recheck,238500,,238500,238000,238500,240000,0.41928721174004197,0.20964360587002098,,,,,,"{""bid_req_base_tm"": ""093327"", ""sel_10th_pre_req_pre"": ""0"", ""sel_10th_pre_req"": ""548"", ""sel_10th_pre_bid"": ""-243000"", ""sel_9th_pre_req_pre"": ""0"", ""sel_9th_pre_req"": ""498"", ""sel_9th_pre_bid"": ""-242500"", ""sel_8th_pre_req_pre"": ""0"", ""sel_8th_pre_req"": ""2186"", ""sel_8th_pre_bid"": ""-242000"", ""sel_7th_pre_req_pre"": ""0"", ""sel_7th_pre_req"": ""936"", ""sel_7th_pre_bid"": ""-241500"", ""sel_6th_pre_req_pre"": ""0"", ""sel_6th_pre_req"": ""2417"", ""sel_6th_pre_bid"": ""-241000"", ""sel_5th_pre_req_pre"": ""0"", ""sel_5th_pre_req"": ""1673"", ""sel_5th_pre_bid"": ""-240500"", ""sel_4th_pre_req_pre"": ""0"", ""sel_4th_pre_req"": ""1953"", ""sel_4th_pre_bid"": ""-240000"", ""sel_3th_pre_req_pre"": ""0"", ""sel_3th_pre_req"": ""915"", ""sel_3th_pre_bid"": ""-239500"", ""sel_2th_pre_req_pre"": ""0"", ""sel_2th_pre_req"": ""3319"", ""sel_2th_pre_bid"": ""-239000"", ""sel_1th_pre_req_pre"": ""0"", ""sel_fpr_req"": ""3718"", ""sel_fpr_bid"": ""-238500"", ""buy_fpr_bid"": ""-238000"", ""buy_fpr_req"": ""5931"", ""buy_1th_pre_req_pre"": ""--10"", ""buy_2th_pre_bid"": ""-237500"", ""buy_2th_pre_req"": ""6867"", ""buy_2th_pre_req_pre"": ""0"", ""buy_3th_pre_bid"": ""-237000"", ""buy_3th_pre_req"": ""8548"", ""buy_3th_pre_req_pre"": ""--1"", ""buy_4th_pre_bid"": ""-236500"", ""buy_4th_pre_req"": ""7217"", ""buy_4th_pre_req_pre"": ""0"", ""buy_5th_pre_bid"": ""-236000"", ""buy_5th_pre_req"": ""6916"", ""buy_5th_pre_req_pre"": ""--2"", ""buy_6th_pre_bid"": ""-235500"", ""buy_6th_pre_req"": ""7596"", ""buy_6th_pre_req_pre"": ""0"", ""buy_7th_pre_bid"": ""-235000"", ""buy_7th_pre_req"": ""17025"", ""buy_7th_pre_req_pre"": ""--99"", ""buy_8th_pre_bid"": ""-234500"", ""buy_8th_pre_req"": ""52107"", ""buy_8th_pre_req_pre"": ""0"", ""buy_9th_pre_bid"": ""-234000"", ""buy_9th_pre_req"": ""5512"", ""buy_9th_pre_req_pre"": ""0"", ""buy_10th_pre_bid"": ""-233500"", ""buy_10th_pre_req"": ""1194"", ""buy_10th_pre_req_pre"": ""+1"", ""tot_sel_req_jub_pre"": ""0"", ""tot_sel_req"": ""18163"", ""tot_buy_req"": ""118913"", ""tot_buy_req_jub_pre"": ""--111"", ""ovt_sel_req_pre"": ""0"", ""ovt_sel_req"": ""0"", ""ovt_buy_req"": ""0"", ""ovt_buy_req_pre"": ""0"", ""return_code"": 0, ""return_msg"": ""정상적으로 처리되었습니다""}"
2026-06-10,watchlist,036570,,0,filtered_candidate_recheck,256500,,256500,256000,256500,258000,0.3898635477582846,0.1949317738791423,,,,,,"{""bid_req_base_tm"": ""093327"", ""sel_10th_pre_req_pre"": ""0"", ""sel_10th_pre_req"": ""19"", ""sel_10th_pre_bid"": ""-261000"", ""sel_9th_pre_req_pre"": ""0"", ""sel_9th_pre_req"": ""7"", ""sel_9th_pre_bid"": ""-260500"", ""sel_8th_pre_req_pre"": ""0"", ""sel_8th_pre_req"": ""63"", ""sel_8th_pre_bid"": ""-260000"", ""sel_7th_pre_req_pre"": ""0"", ""sel_7th_pre_req"": ""14"", ""sel_7th_pre_bid"": ""-259500"", ""sel_6th_pre_req_pre"": ""0"", ""sel_6th_pre_req"": ""6"", ""sel_6th_pre_bid"": ""-259000"", ""sel_5th_pre_req_pre"": ""0"", ""sel_5th_pre_req"": ""19"", ""sel_5th_pre_bid"": ""-258500"", ""sel_4th_pre_req_pre"": ""0"", ""sel_4th_pre_req"": ""45"", ""sel_4th_pre_bid"": ""-258000"", ""sel_3th_pre_req_pre"": ""0"", ""sel_3th_pre_req"": ""52"", ""sel_3th_pre_bid"": ""-257500"", ""sel_2th_pre_req_pre"": ""0"", ""sel_2th_pre_req"": ""76"", ""sel_2th_pre_bid"": ""-257000"", ""sel_1th_pre_req_pre"": ""0"", ""sel_fpr_req"": ""98"", ""sel_fpr_bid"": ""-256500"", ""buy_fpr_bid"": ""-256000"", ""buy_fpr_req"": ""217"", ""buy_1th_pre_req_pre"": ""+5"", ""buy_2th_pre_bid"": ""-255500"", ""buy_2th_pre_req"": ""429"", ""buy_2th_pre_req_pre"": ""0"", ""buy_3th_pre_bid"": ""-255000"", ""buy_3th_pre_req"": ""468"", ""buy_3th_pre_req_pre"": ""0"", ""buy_4th_pre_bid"": ""-254500"", ""buy_4th_pre_req"": ""759"", ""buy_4th_pre_req_pre"": ""0"", ""buy_5th_pre_bid"": ""-254000"", ""buy_5th_pre_req"": ""202"", ""buy_5th_pre_req_pre"": ""0"", ""buy_6th_pre_bid"": ""-253500"", ""buy_6th_pre_req"": ""180"", ""buy_6th_pre_req_pre"": ""0"", ""buy_7th_pre_bid"": ""-253000"", ""buy_7th_pre_req"": ""696"", ""buy_7th_pre_req_pre"": ""0"", ""buy_8th_pre_bid"": ""-252500"", ""buy_8th_pre_req"": ""182"", ""buy_8th_pre_req_pre"": ""0"", ""buy_9th_pre_bid"": ""-252000"", ""buy_9th_pre_req"": ""105"", ""buy_9th_pre_req_pre"": ""0"", ""buy_10th_pre_bid"": ""-251500"", ""buy_10th_pre_req"": ""220"", ""buy_10th_pre_req_pre"": ""0"", ""tot_sel_req_jub_pre"": ""0"", ""tot_sel_req"": ""399"", ""tot_buy_req"": ""3458"", ""tot_buy_req_jub_pre"": ""+5"", ""ovt_sel_req_pre"": ""0"", ""ovt_sel_req"": ""0"", ""ovt_buy_req"": ""0"", ""ovt_buy_req_pre"": ""0"", ""return_code"": 0, ""return_msg"": ""정상적으로 처리되었습니다""}"
2026-06-10,watchlist,005090,,0,filtered_candidate_recheck,52100,,52100,52000,52100,51700,-0.9596928982725527,0.19193857965451055,,,,,,"{""bid_req_base_tm"": ""093326"", ""sel_10th_pre_req_pre"": ""0"", ""sel_10th_pre_req"": ""71"", ""sel_10th_pre_bid"": ""+53600"", ""sel_9th_pre_req_pre"": ""0"", ""sel_9th_pre_req"": ""89"", ""sel_9th_pre_bid"": ""+53400"", ""sel_8th_pre_req_pre"": ""0"", ""sel_8th_pre_req"": ""17"", ""sel_8th_pre_bid"": ""+53100"", ""sel_7th_pre_req_pre"": ""0"", ""sel_7th_pre_req"": ""1"", ""sel_7th_pre_bid"": ""+52900"", ""sel_6th_pre_req_pre"": ""0"", ""sel_6th_pre_req"": ""48"", ""sel_6th_pre_bid"": ""+52800"", ""sel_5th_pre_req_pre"": ""0"", ""sel_5th_pre_req"": ""8805"", ""sel_5th_pre_bid"": ""+52500"", ""sel_4th_pre_req_pre"": ""0"", ""sel_4th_pre_req"": ""37"", ""sel_4th_pre_bid"": ""+52400"", ""sel_3th_pre_req_pre"": ""0"", ""sel_3th_pre_req"": ""70"", ""sel_3th_pre_bid"": ""+52300"", ""sel_2th_pre_req_pre"": ""0"", ""sel_2th_pre_req"": ""77"", ""sel_2th_pre_bid"": ""+52200"", ""sel_1th_pre_req_pre"": ""0"", ""sel_fpr_req"": ""28"", ""sel_fpr_bid"": ""+52100"", ""buy_fpr_bid"": ""+52000"", ""buy_fpr_req"": ""494"", ""buy_1th_pre_req_pre"": ""--9"", ""buy_2th_pre_bid"": ""+51900"", ""buy_2th_pre_req"": ""116"", ""buy_2th_pre_req_pre"": ""0"", ""buy_3th_pre_bid"": ""+51800"", ""buy_3th_pre_req"": ""272"", ""buy_3th_pre_req_pre"": ""0"", ""buy_4th_pre_bid"": ""+51700"", ""buy_4th_pre_req"": ""139"", ""buy_4th_pre_req_pre"": ""0"", ""buy_5th_pre_bid"": ""+51500"", ""buy_5th_pre_req"": ""111"", ""buy_5th_pre_req_pre"": ""0"", ""buy_6th_pre_bid"": ""+51400"", ""buy_6th_pre_req"": ""77"", ""buy_6th_pre_req_pre"": ""0"", ""buy_7th_pre_bid"": ""+51300"", ""buy_7th_pre_req"": ""150"", ""buy_7th_pre_req_pre"": ""0"", ""buy_8th_pre_bid"": ""+51200"", ""buy_8th_pre_req"": ""40"", ""buy_8th_pre_req_pre"": ""0"", ""buy_9th_pre_bid"": ""+51100"", ""buy_9th_pre_req"": ""60"", ""buy_9th_pre_req_pre"": ""0"", ""buy_10th_pre_bid"": ""+51000"", ""buy_10th_pre_req"": ""115"", ""buy_10th_pre_req_pre"": ""0"", ""tot_sel_req_jub_pre"": ""0"", ""tot_sel_req"": ""9243"", ""tot_buy_req"": ""1574"", ""tot_buy_req_jub_pre"": ""--9"", ""ovt_sel_req_pre"": ""0"", ""ovt_sel_req"": ""0"", ""ovt_buy_req"": ""0"", ""ovt_buy_req_pre"": ""0"", ""return_code"": 0, ""return_msg"": ""정상적으로 처리되었습니다""}"
2026-06-10,watchlist,066570,,0,filtered_candidate_recheck,233500,,233500,233000,233500,235000,0.4282655246252677,0.21413276231263384,,,,,,"{""bid_req_base_tm"": ""093328"", ""sel_10th_pre_req_pre"": ""0"", ""sel_10th_pre_req"": ""1759"", ""sel_10th_pre_bid"": ""-238000"", ""sel_9th_pre_req_pre"": ""0"", ""sel_9th_pre_req"": ""1079"", ""sel_9th_pre_bid"": ""-237500"", ""sel_8th_pre_req_pre"": ""0"", ""sel_8th_pre_req"": ""1108"", ""sel_8th_pre_bid"": ""-237000"", ""sel_7th_pre_req_pre"": ""0"", ""sel_7th_pre_req"": ""576"", ""sel_7th_pre_bid"": ""-236500"", ""sel_6th_pre_req_pre"": ""0"", ""sel_6th_pre_req"": ""581"", ""sel_6th_pre_bid"": ""-236000"", ""sel_5th_pre_req_pre"": ""0"", ""sel_5th_pre_req"": ""181"", ""sel_5th_pre_bid"": ""-235500"", ""sel_4th_pre_req_pre"": ""0"", ""sel_4th_pre_req"": ""960"", ""sel_4th_pre_bid"": ""-235000"", ""sel_3th_pre_req_pre"": ""0"", ""sel_3th_pre_req"": ""767"", ""sel_3th_pre_bid"": ""-234500"", ""sel_2th_pre_req_pre"": ""0"", ""sel_2th_pre_req"": ""1263"", ""sel_2th_pre_bid"": ""-234000"", ""sel_1th_pre_req_pre"": ""0"", ""sel_fpr_req"": ""4294"", ""sel_fpr_bid"": ""-233500"", ""buy_fpr_bid"": ""-233000"", ""buy_fpr_req"": ""9158"", ""buy_1th_pre_req_pre"": ""--1"", ""buy_2th_pre_bid"": ""-232500"", ""buy_2th_pre_req"": ""5494"", ""buy_2th_pre_req_pre"": ""0"", ""buy_3th_pre_bid"": ""-232000"", ""buy_3th_pre_req"": ""9392"", ""buy_3th_pre_req_pre"": ""0"", ""buy_4th_pre_bid"": ""-231500"", ""buy_4th_pre_req"": ""7902"", ""buy_4th_pre_req_pre"": ""0"", ""buy_5th_pre_bid"": ""-231000"", ""buy_5th_pre_req"": ""9602"", ""buy_5th_pre_req_pre"": ""0"", ""buy_6th_pre_bid"": ""-230500"", ""buy_6th_pre_req"": ""9120"", ""buy_6th_pre_req_pre"": ""0"", ""buy_7th_pre_bid"": ""-230000"", ""buy_7th_pre_req"": ""21957"", ""buy_7th_pre_req_pre"": ""0"", ""buy_8th_pre_bid"": ""-229500"", ""buy_8th_pre_req"": ""2773"", ""buy_8th_pre_req_pre"": ""0"", ""buy_9th_pre_bid"": ""-229000"", ""buy_9th_pre_req"": ""2217"", ""buy_9th_pre_req_pre"": ""0"", ""buy_10th_pre_bid"": ""-228500"", ""buy_10th_pre_req"": ""3691"", ""buy_10th_pre_req_pre"": ""0"", ""tot_sel_req_jub_pre"": ""0"", ""tot_sel_req"": ""12568"", ""tot_buy_req"": ""81306"", ""tot_buy_req_jub_pre"": ""--1"", ""ovt_sel_req_pre"": ""0"", ""ovt_sel_req"": ""0"", ""ovt_buy_req"": ""0"", ""ovt_buy_req_pre"": ""0"", ""return_code"": 0, ""return_msg"": ""정상적으로 처리되었습니다""}"
2026-06-10,watchlist,028670,,0,filtered_candidate_recheck,5110,,5110,5100,5110,5150,0.5870841487279843,0.19569471624266144,,,,,,"{""bid_req_base_tm"": ""093328"", ""sel_10th_pre_req_pre"": ""0"", ""sel_10th_pre_req"": ""305"", ""sel_10th_pre_bid"": ""-5200"", ""sel_9th_pre_req_pre"": ""0"", ""sel_9th_pre_req"": ""1302"", ""sel_9th_pre_bid"": ""-5190"", ""sel_8th_pre_req_pre"": ""0"", ""sel_8th_pre_req"": ""1252"", ""sel_8th_pre_bid"": ""-5180"", ""sel_7th_pre_req_pre"": ""0"", ""sel_7th_pre_req"": ""1060"", ""sel_7th_pre_bid"": ""-5170"", ""sel_6th_pre_req_pre"": ""0"", ""sel_6th_pre_req"": ""3"", ""sel_6th_pre_bid"": ""-5160"", ""sel_5th_pre_req_pre"": ""0"", ""sel_5th_pre_req"": ""755"", ""sel_5th_pre_bid"": ""-5150"", ""sel_4th_pre_req_pre"": ""0"", ""sel_4th_pre_req"": ""1073"", ""sel_4th_pre_bid"": ""-5140"", ""sel_3th_pre_req_pre"": ""0"", ""sel_3th_pre_req"": ""1564"", ""sel_3th_pre_bid"": ""-5130"", ""sel_2th_pre_req_pre"": ""0"", ""sel_2th_pre_req"": ""1404"", ""sel_2th_pre_bid"": ""-5120"", ""sel_1th_pre_req_pre"": ""0"", ""sel_fpr_req"": ""495"", ""sel_fpr_bid"": ""-5110"", ""buy_fpr_bid"": ""-5100"", ""buy_fpr_req"": ""10797"", ""buy_1th_pre_req_pre"": ""+536"", ""buy_2th_pre_bid"": ""-5090"", ""buy_2th_pre_req"": ""563"", ""buy_2th_pre_req_pre"": ""0"", ""buy_3th_pre_bid"": ""-5080"", ""buy_3th_pre_req"": ""1054"", ""buy_3th_pre_req_pre"": ""0"", ""buy_4th_pre_bid"": ""-5070"", ""buy_4th_pre_req"": ""2343"", ""buy_4th_pre_req_pre"": ""0"", ""buy_5th_pre_bid"": ""-5060"", ""buy_5th_pre_req"": ""1598"", ""buy_5th_pre_req_pre"": ""0"", ""buy_6th_pre_bid"": ""-5050"", ""buy_6th_pre_req"": ""2535"", ""buy_6th_pre_req_pre"": ""0"", ""buy_7th_pre_bid"": ""-5040"", ""buy_7th_pre_req"": ""1307"", ""buy_7th_pre_req_pre"": ""0"", ""buy_8th_pre_bid"": ""-5030"", ""buy_8th_pre_req"": ""3075"", ""buy_8th_pre_req_pre"": ""0"", ""buy_9th_pre_bid"": ""-5020"", ""buy_9th_pre_req"": ""1477"", ""buy_9th_pre_req_pre"": ""0"", ""buy_10th_pre_bid"": ""-5010"", ""buy_10th_pre_req"": ""2300"", ""buy_10th_pre_req_pre"": ""0"", ""tot_sel_req_jub_pre"": ""0"", ""tot_sel_req"": ""9213"", ""tot_buy_req"": ""27049"", ""tot_buy_req_jub_pre"": ""+536"", ""ovt_sel_req_pre"": ""0"", ""ovt_sel_req"": ""0"", ""ovt_buy_req"": ""0"", ""ovt_buy_req_pre"": ""0"", ""return_code"": 0, ""return_msg"": ""정상적으로 처리되었습니다""}"
2026-06-10,watchlist,004990,,0,filtered_candidate_recheck,25700,,25700,25600,25700,25850,0.38910505836575876,0.38910505836575876,,,,,,"{""bid_req_base_tm"": ""093323"", ""sel_10th_pre_req_pre"": ""0"", ""sel_10th_pre_req"": ""69"", ""sel_10th_pre_bid"": ""26150"", ""sel_9th_pre_req_pre"": ""0"", ""sel_9th_pre_req"": ""600"", ""sel_9th_pre_bid"": ""-26100"", ""sel_8th_pre_req_pre"": ""0"", ""sel_8th_pre_req"": ""1"", ""sel_8th_pre_bid"": ""-26050"", ""sel_7th_pre_req_pre"": ""0"", ""sel_7th_pre_req"": ""502"", ""sel_7th_pre_bid"": ""-26000"", ""sel_6th_pre_req_pre"": ""0"", ""sel_6th_pre_req"": ""102"", ""sel_6th_pre_bid"": ""-25950"", ""sel_5th_pre_req_pre"": ""0"", ""sel_5th_pre_req"": ""75"", ""sel_5th_pre_bid"": ""-25900"", ""sel_4th_pre_req_pre"": ""0"", ""sel_4th_pre_req"": ""201"", ""sel_4th_pre_bid"": ""-25850"", ""sel_3th_pre_req_pre"": ""0"", ""sel_3th_pre_req"": ""280"", ""sel_3th_pre_bid"": ""-25800"", ""sel_2th_pre_req_pre"": ""0"", ""sel_2th_pre_req"": ""531"", ""sel_2th_pre_bid"": ""-25750"", ""sel_1th_pre_req_pre"": ""+7"", ""sel_fpr_req"": ""446"", ""sel_fpr_bid"": ""-25700"", ""buy_fpr_bid"": ""-25600"", ""buy_fpr_req"": ""564"", ""buy_1th_pre_req_pre"": ""0"", ""buy_2th_pre_bid"": ""-25550"", ""buy_2th_pre_req"": ""2340"", ""buy_2th_pre_req_pre"": ""0"", ""buy_3th_pre_bid"": ""-25500"", ""buy_3th_pre_req"": ""1365"", ""buy_3th_pre_req_pre"": ""0"", ""buy_4th_pre_bid"": ""-25450"", ""buy_4th_pre_req"": ""1022"", ""buy_4th_pre_req_pre"": ""0"", ""buy_5th_pre_bid"": ""-25400"", ""buy_5th_pre_req"": ""682"", ""buy_5th_pre_req_pre"": ""0"", ""buy_6th_pre_bid"": ""-25350"", ""buy_6th_pre_req"": ""266"", ""buy_6th_pre_req_pre"": ""0"", ""buy_7th_pre_bid"": ""-25300"", ""buy_7th_pre_req"": ""745"", ""buy_7th_pre_req_pre"": ""0"", ""buy_8th_pre_bid"": ""-25250"", ""buy_8th_pre_req"": ""529"", ""buy_8th_pre_req_pre"": ""0"", ""buy_9th_pre_bid"": ""-25200"", ""buy_9th_pre_req"": ""285"", ""buy_9th_pre_req_pre"": ""0"", ""buy_10th_pre_bid"": ""-25150"", ""buy_10th_pre_req"": ""316"", ""buy_10th_pre_req_pre"": ""0"", ""tot_sel_req_jub_pre"": ""+7"", ""tot_sel_req"": ""2807"", ""tot_buy_req"": ""8114"", ""tot_buy_req_jub_pre"": ""0"", ""ovt_sel_req_pre"": ""0"", ""ovt_sel_req"": ""0"", ""ovt_buy_req"": ""0"", ""ovt_buy_req_pre"": ""0"", ""return_code"": 0, ""return_msg"": ""정상적으로 처리되었습니다""}"
2026-06-10,watchlist,081660,,0,filtered_candidate_recheck,40100,,40100,40050,40100,40200,0.12468827930174563,0.12468827930174563,,,,,,"{""bid_req_base_tm"": ""093327"", ""sel_10th_pre_req_pre"": ""0"", ""sel_10th_pre_req"": ""126"", ""sel_10th_pre_bid"": ""+40550"", ""sel_9th_pre_req_pre"": ""0"", ""sel_9th_pre_req"": ""29"", ""sel_9th_pre_bid"": ""+40500"", ""sel_8th_pre_req_pre"": ""0"", ""sel_8th_pre_req"": ""20"", ""sel_8th_pre_bid"": ""+40450"", ""sel_7th_pre_req_pre"": ""0"", ""sel_7th_pre_req"": ""87"", ""sel_7th_pre_bid"": ""+40400"", ""sel_6th_pre_req_pre"": ""0"", ""sel_6th_pre_req"": ""18"", ""sel_6th_pre_bid"": ""+40350"", ""sel_5th_pre_req_pre"": ""0"", ""sel_5th_pre_req"": ""18"", ""sel_5th_pre_bid"": ""+40300"", ""sel_4th_pre_req_pre"": ""0"", ""sel_4th_pre_req"": ""80"", ""sel_4th_pre_bid"": ""+40250"", ""sel_3th_pre_req_pre"": ""--63"", ""sel_3th_pre_req"": ""89"", ""sel_3th_pre_bid"": ""+40200"", ""sel_2th_pre_req_pre"": ""0"", ""sel_2th_pre_req"": ""60"", ""sel_2th_pre_bid"": ""+40150"", ""sel_1th_pre_req_pre"": ""0"", ""sel_fpr_req"": ""19"", ""sel_fpr_bid"": ""+40100"", ""buy_fpr_bid"": ""+40050"", ""buy_fpr_req"": ""273"", ""buy_1th_pre_req_pre"": ""0"", ""buy_2th_pre_bid"": ""+40000"", ""buy_2th_pre_req"": ""98"", ""buy_2th_pre_req_pre"": ""0"", ""buy_3th_pre_bid"": ""+39950"", ""buy_3th_pre_req"": ""94"", ""buy_3th_pre_req_pre"": ""0"", ""buy_4th_pre_bid"": ""+39900"", ""buy_4th_pre_req"": ""30"", ""buy_4th_pre_req_pre"": ""0"", ""buy_5th_pre_bid"": ""+39850"", ""buy_5th_pre_req"": ""90"", ""buy_5th_pre_req_pre"": ""0"", ""buy_6th_pre_bid"": ""+39800"", ""buy_6th_pre_req"": ""1"", ""buy_6th_pre_req_pre"": ""0"", ""buy_7th_pre_bid"": ""+39750"", ""buy_7th_pre_req"": ""58"", ""buy_7th_pre_req_pre"": ""0"", ""buy_8th_pre_bid"": ""39700"", ""buy_8th_pre_req"": ""10"", ""buy_8th_pre_req_pre"": ""0"", ""buy_9th_pre_bid"": ""-39650"", ""buy_9th_pre_req"": ""30"", ""buy_9th_pre_req_pre"": ""0"", ""buy_10th_pre_bid"": ""-39550"", ""buy_10th_pre_req"": ""5"", ""buy_10th_pre_req_pre"": ""0"", ""tot_sel_req_jub_pre"": ""--63"", ""tot_sel_req"": ""546"", ""tot_buy_req"": ""689"", ""tot_buy_req_jub_pre"": ""0"", ""ovt_sel_req_pre"": ""0"", ""ovt_sel_req"": ""0"", ""ovt_buy_req"": ""0"", ""ovt_buy_req_pre"": ""0"", ""return_code"": 0, ""return_msg"": ""정상적으로 처리되었습니다""}"
2026-06-10,watchlist,008770,,0,filtered_candidate_recheck,53700,,53700,53600,53700,54100,0.5586592178770949,0.186219739292365,,,,,,"{""bid_req_base_tm"": ""093328"", ""sel_10th_pre_req_pre"": ""0"", ""sel_10th_pre_req"": ""258"", ""sel_10th_pre_bid"": ""-54800"", ""sel_9th_pre_req_pre"": ""0"", ""sel_9th_pre_req"": ""23"", ""sel_9th_pre_bid"": ""-54700"", ""sel_8th_pre_req_pre"": ""0"", ""sel_8th_pre_req"": ""15"", ""sel_8th_pre_bid"": ""-54600"", ""sel_7th_pre_req_pre"": ""0"", ""sel_7th_pre_req"": ""3"", ""sel_7th_pre_bid"": ""-54300"", ""sel_6th_pre_req_pre"": ""0"", ""sel_6th_pre_req"": ""153"", ""sel_6th_pre_bid"": ""-54200"", ""sel_5th_pre_req_pre"": ""0"", ""sel_5th_pre_req"": ""50"", ""sel_5th_pre_bid"": ""-54100"", ""sel_4th_pre_req_pre"": ""0"", ""sel_4th_pre_req"": ""89"", ""sel_4th_pre_bid"": ""-54000"", ""sel_3th_pre_req_pre"": ""--2"", ""sel_3th_pre_req"": ""37"", ""sel_3th_pre_bid"": ""-53900"", ""sel_2th_pre_req_pre"": ""0"", ""sel_2th_pre_req"": ""9"", ""sel_2th_pre_bid"": ""-53800"", ""sel_1th_pre_req_pre"": ""0"", ""sel_fpr_req"": ""63"", ""sel_fpr_bid"": ""-53700"", ""buy_fpr_bid"": ""-53600"", ""buy_fpr_req"": ""42"", ""buy_1th_pre_req_pre"": ""0"", ""buy_2th_pre_bid"": ""-53500"", ""buy_2th_pre_req"": ""650"", ""buy_2th_pre_req_pre"": ""0"", ""buy_3th_pre_bid"": ""-53400"", ""buy_3th_pre_req"": ""500"", ""buy_3th_pre_req_pre"": ""0"", ""buy_4th_pre_bid"": ""-53300"", ""buy_4th_pre_req"": ""545"", ""buy_4th_pre_req_pre"": ""0"", ""buy_5th_pre_bid"": ""-53200"", ""buy_5th_pre_req"": ""742"", ""buy_5th_pre_req_pre"": ""0"", ""buy_6th_pre_bid"": ""-53100"", ""buy_6th_pre_req"": ""362"", ""buy_6th_pre_req_pre"": ""0"", ""buy_7th_pre_bid"": ""-53000"", ""buy_7th_pre_req"": ""560"", ""buy_7th_pre_req_pre"": ""0"", ""buy_8th_pre_bid"": ""-52900"", ""buy_8th_pre_req"": ""524"", ""buy_8th_pre_req_pre"": ""0"", ""buy_9th_pre_bid"": ""-52800"", ""buy_9th_pre_req"": ""5161"", ""buy_9th_pre_req_pre"": ""0"", ""buy_10th_pre_bid"": ""-52700"", ""buy_10th_pre_req"": ""325"", ""buy_10th_pre_req_pre"": ""--3"", ""tot_sel_req_jub_pre"": ""--2"", ""tot_sel_req"": ""700"", ""tot_buy_req"": ""9411"", ""tot_buy_req_jub_pre"": ""--3"", ""ovt_sel_req_pre"": ""0"", ""ovt_sel_req"": ""0"", ""ovt_buy_req"": ""0"", ""ovt_buy_req_pre"": ""0"", ""return_code"": 0, ""return_msg"": ""정상적으로 처리되었습니다""}"
2026-06-10,watchlist,012330,,0,filtered_candidate_recheck,581000,,581000,580000,581000,584000,0.34423407917383825,0.17211703958691912,,,,,,"{""bid_req_base_tm"": ""093329"", ""sel_10th_pre_req_pre"": ""0"", ""sel_10th_pre_req"": ""253"", ""sel_10th_pre_bid"": ""-590000"", ""sel_9th_pre_req_pre"": ""+1"", ""sel_9th_pre_req"": ""42"", ""sel_9th_pre_bid"": ""-589000"", ""sel_8th_pre_req_pre"": ""0"", ""sel_8th_pre_req"": ""34"", ""sel_8th_pre_bid"": ""-588000"", ""sel_7th_pre_req_pre"": ""0"", ""sel_7th_pre_req"": ""86"", ""sel_7th_pre_bid"": ""-587000"", ""sel_6th_pre_req_pre"": ""0"", ""sel_6th_pre_req"": ""77"", ""sel_6th_pre_bid"": ""-586000"", ""sel_5th_pre_req_pre"": ""0"", ""sel_5th_pre_req"": ""11"", ""sel_5th_pre_bid"": ""-585000"", ""sel_4th_pre_req_pre"": ""0"", ""sel_4th_pre_req"": ""45"", ""sel_4th_pre_bid"": ""-584000"", ""sel_3th_pre_req_pre"": ""0"", ""sel_3th_pre_req"": ""453"", ""sel_3th_pre_bid"": ""-583000"", ""sel_2th_pre_req_pre"": ""--24"", ""sel_2th_pre_req"": ""339"", ""sel_2th_pre_bid"": ""-582000"", ""sel_1th_pre_req_pre"": ""0"", ""sel_fpr_req"": ""201"", ""sel_fpr_bid"": ""-581000"", ""buy_fpr_bid"": ""-580000"", ""buy_fpr_req"": ""1372"", ""buy_1th_pre_req_pre"": ""0"", ""buy_2th_pre_bid"": ""-579000"", ""buy_2th_pre_req"": ""505"", ""buy_2th_pre_req_pre"": ""0"", ""buy_3th_pre_bid"": ""-578000"", ""buy_3th_pre_req"": ""1059"", ""buy_3th_pre_req_pre"": ""0"", ""buy_4th_pre_bid"": ""-577000"", ""buy_4th_pre_req"": ""411"", ""buy_4th_pre_req_pre"": ""0"", ""buy_5th_pre_bid"": ""-576000"", ""buy_5th_pre_req"": ""534"", ""buy_5th_pre_req_pre"": ""0"", ""buy_6th_pre_bid"": ""-575000"", ""buy_6th_pre_req"": ""861"", ""buy_6th_pre_req_pre"": ""0"", ""buy_7th_pre_bid"": ""-574000"", ""buy_7th_pre_req"": ""126"", ""buy_7th_pre_req_pre"": ""0"", ""buy_8th_pre_bid"": ""-573000"", ""buy_8th_pre_req"": ""484"", ""buy_8th_pre_req_pre"": ""0"", ""buy_9th_pre_bid"": ""-572000"", ""buy_9th_pre_req"": ""535"", ""buy_9th_pre_req_pre"": ""0"", ""buy_10th_pre_bid"": ""-571000"", ""buy_10th_pre_req"": ""681"", ""buy_10th_pre_req_pre"": ""0"", ""tot_sel_req_jub_pre"": ""--23"", ""tot_sel_req"": ""1541"", ""tot_buy_req"": ""6568"", ""tot_buy_req_jub_pre"": ""0"", ""ovt_sel_req_pre"": ""0"", ""ovt_sel_req"": ""0"", ""ovt_buy_req"": ""0"", ""ovt_buy_req_pre"": ""0"", ""return_code"": 0, ""return_msg"": ""정상적으로 처리되었습니다""}"
2026-06-10,watchlist,009155,,0,filtered_candidate_recheck,608000,,608000,607000,608000,615000,0.9868421052631579,0.1644736842105263,,,,,,"{""bid_req_base_tm"": ""093329"", ""sel_10th_pre_req_pre"": ""0"", ""sel_10th_pre_req"": ""16"", ""sel_10th_pre_bid"": ""-625000"", ""sel_9th_pre_req_pre"": ""0"", ""sel_9th_pre_req"": ""1"", ""sel_9th_pre_bid"": ""-622000"", ""sel_8th_pre_req_pre"": ""0"", ""sel_8th_pre_req"": ""6"", ""sel_8th_pre_bid"": ""-621000"", ""sel_7th_pre_req_pre"": ""0"", ""sel_7th_pre_req"": ""1"", ""sel_7th_pre_bid"": ""-620000"", ""sel_6th_pre_req_pre"": ""0"", ""sel_6th_pre_req"": ""1"", ""sel_6th_pre_bid"": ""-619000"", ""sel_5th_pre_req_pre"": ""0"", ""sel_5th_pre_req"": ""1"", ""sel_5th_pre_bid"": ""-618000"", ""sel_4th_pre_req_pre"": ""0"", ""sel_4th_pre_req"": ""22"", ""sel_4th_pre_bid"": ""-615000"", ""sel_3th_pre_req_pre"": ""0"", ""sel_3th_pre_req"": ""4"", ""sel_3th_pre_bid"": ""-614000"", ""sel_2th_pre_req_pre"": ""0"", ""sel_2th_pre_req"": ""64"", ""sel_2th_pre_bid"": ""-609000"", ""sel_1th_pre_req_pre"": ""+3"", ""sel_fpr_req"": ""52"", ""sel_fpr_bid"": ""-608000"", ""buy_fpr_bid"": ""-607000"", ""buy_fpr_req"": ""61"", ""buy_1th_pre_req_pre"": ""0"", ""buy_2th_pre_bid"": ""-606000"", ""buy_2th_pre_req"": ""24"", ""buy_2th_pre_req_pre"": ""0"", ""buy_3th_pre_bid"": ""-605000"", ""buy_3th_pre_req"": ""210"", ""buy_3th_pre_req_pre"": ""0"", ""buy_4th_pre_bid"": ""-604000"", ""buy_4th_pre_req"": ""115"", ""buy_4th_pre_req_pre"": ""0"", ""buy_5th_pre_bid"": ""-603000"", ""buy_5th_pre_req"": ""19"", ""buy_5th_pre_req_pre"": ""0"", ""buy_6th_pre_bid"": ""-602000"", ""buy_6th_pre_req"": ""37"", ""buy_6th_pre_req_pre"": ""0"", ""buy_7th_pre_bid"": ""-601000"", ""buy_7th_pre_req"": ""114"", ""buy_7th_pre_req_pre"": ""0"", ""buy_8th_pre_bid"": ""-600000"", ""buy_8th_pre_req"": ""338"", ""buy_8th_pre_req_pre"": ""0"", ""buy_9th_pre_bid"": ""-599000"", ""buy_9th_pre_req"": ""34"", ""buy_9th_pre_req_pre"": ""0"", ""buy_10th_pre_bid"": ""-598000"", ""buy_10th_pre_req"": ""21"", ""buy_10th_pre_req_pre"": ""0"", ""tot_sel_req_jub_pre"": ""+3"", ""tot_sel_req"": ""168"", ""tot_buy_req"": ""973"", ""tot_buy_req_jub_pre"": ""0"", ""ovt_sel_req_pre"": ""0"", ""ovt_sel_req"": ""0"", ""ovt_buy_req"": ""0"", ""ovt_buy_req_pre"": ""0"", ""return_code"": 0, ""return_msg"": ""정상적으로 처리되었습니다""}"
2026-06-10,scan_candidate,005930,,0,main_scan,308500,,308500,308000,308500,310000,0.3241491085899514,0.1620745542949757,,,,,,"{""bid_req_base_tm"": ""093454"", ""sel_10th_pre_req_pre"": ""0"", ""sel_10th_pre_req"": ""14777"", ""sel_10th_pre_bid"": ""-313000"", ""sel_9th_pre_req_pre"": ""0"", ""sel_9th_pre_req"": ""14201"", ""sel_9th_pre_bid"": ""-312500"", ""sel_8th_pre_req_pre"": ""+16"", ""sel_8th_pre_req"": ""16465"", ""sel_8th_pre_bid"": ""-312000"", ""sel_7th_pre_req_pre"": ""0"", ""sel_7th_pre_req"": ""9428"", ""sel_7th_pre_bid"": ""-311500"", ""sel_6th_pre_req_pre"": ""0"", ""sel_6th_pre_req"": ""9702"", ""sel_6th_pre_bid"": ""-311000"", ""sel_5th_pre_req_pre"": ""0"", ""sel_5th_pre_req"": ""17103"", ""sel_5th_pre_bid"": ""-310500"", ""sel_4th_pre_req_pre"": ""0"", ""sel_4th_pre_req"": ""14973"", ""sel_4th_pre_bid"": ""-310000"", ""sel_3th_pre_req_pre"": ""0"", ""sel_3th_pre_req"": ""6208"", ""sel_3th_pre_bid"": ""-309500"", ""sel_2th_pre_req_pre"": ""0"", ""sel_2th_pre_req"": ""17613"", ""sel_2th_pre_bid"": ""-309000"", ""sel_1th_pre_req_pre"": ""--29"", ""sel_fpr_req"": ""19006"", ""sel_fpr_bid"": ""-308500"", ""buy_fpr_bid"": ""-308000"", ""buy_fpr_req"": ""9069"", ""buy_1th_pre_req_pre"": ""+42"", ""buy_2th_pre_bid"": ""-307500"", ""buy_2th_pre_req"": ""55663"", ""buy_2th_pre_req_pre"": ""--5"", ""buy_3th_pre_bid"": ""-307000"", ""buy_3th_pre_req"": ""111745"", ""buy_3th_pre_req_pre"": ""+2"", ""buy_4th_pre_bid"": ""-306500"", ""buy_4th_pre_req"": ""31914"", ""buy_4th_pre_req_pre"": ""--3"", ""buy_5th_pre_bid"": ""-306000"", ""buy_5th_pre_req"": ""60658"", ""buy_5th_pre_req_pre"": ""+12"", ""buy_6th_pre_bid"": ""-305500"", ""buy_6th_pre_req"": ""48963"", ""buy_6th_pre_req_pre"": ""+1"", ""buy_7th_pre_bid"": ""-305000"", ""buy_7th_pre_req"": ""104647"", ""buy_7th_pre_req_pre"": ""+499"", ""buy_8th_pre_bid"": ""-304500"", ""buy_8th_pre_req"": ""12455"", ""buy_8th_pre_req_pre"": ""0"", ""buy_9th_pre_bid"": ""-304000"", ""buy_9th_pre_req"": ""24810"", ""buy_9th_pre_req_pre"": ""+20"", ""buy_10th_pre_bid"": ""-303500"", ""buy_10th_pre_req"": ""46656"", ""buy_10th_pre_req_pre"": ""0"", ""tot_sel_req_jub_pre"": ""--13"", ""tot_sel_req"": ""139476"", ""tot_buy_req"": ""506580"", ""tot_buy_req_jub_pre"": ""+568"", ""ovt_sel_req_pre"": ""0"", ""ovt_sel_req"": ""0"", ""ovt_buy_req"": ""0"", ""ovt_buy_req_pre"": ""0"", ""return_code"": 0, ""return_msg"": ""정상적으로 처리되었습니다""}"
2026-06-10,scan_candidate,000660,,0,main_scan,2138000,,2138000,2137000,2138000,2141000,0.09354536950420954,0.04677268475210477,,,,,,"{""bid_req_base_tm"": ""093454"", ""sel_10th_pre_req_pre"": ""0"", ""sel_10th_pre_req"": ""40"", ""sel_10th_pre_bid"": ""-2147000"", ""sel_9th_pre_req_pre"": ""0"", ""sel_9th_pre_req"": ""24"", ""sel_9th_pre_bid"": ""-2146000"", ""sel_8th_pre_req_pre"": ""0"", ""sel_8th_pre_req"": ""36"", ""sel_8th_pre_bid"": ""-2145000"", ""sel_7th_pre_req_pre"": ""+70"", ""sel_7th_pre_req"": ""143"", ""sel_7th_pre_bid"": ""-2144000"", ""sel_6th_pre_req_pre"": ""0"", ""sel_6th_pre_req"": ""119"", ""sel_6th_pre_bid"": ""-2143000"", ""sel_5th_pre_req_pre"": ""+300"", ""sel_5th_pre_req"": ""542"", ""sel_5th_pre_bid"": ""-2142000"", ""sel_4th_pre_req_pre"": ""--250"", ""sel_4th_pre_req"": ""187"", ""sel_4th_pre_bid"": ""-2141000"", ""sel_3th_pre_req_pre"": ""0"", ""sel_3th_pre_req"": ""246"", ""sel_3th_pre_bid"": ""-2140000"", ""sel_2th_pre_req_pre"": ""--120"", ""sel_2th_pre_req"": ""38"", ""sel_2th_pre_bid"": ""-2139000"", ""sel_1th_pre_req_pre"": ""+20"", ""sel_fpr_req"": ""1010"", ""sel_fpr_bid"": ""-2138000"", ""buy_fpr_bid"": ""-2137000"", ""buy_fpr_req"": ""2123"", ""buy_1th_pre_req_pre"": ""+1831"", ""buy_2th_pre_bid"": ""-2136000"", ""buy_2th_pre_req"": ""209"", ""buy_2th_pre_req_pre"": ""--1731"", ""buy_3th_pre_bid"": ""-2135000"", ""buy_3th_pre_req"": ""482"", ""buy_3th_pre_req_pre"": ""--8"", ""buy_4th_pre_bid"": ""-2134000"", ""buy_4th_pre_req"": ""311"", ""buy_4th_pre_req_pre"": ""0"", ""buy_5th_pre_bid"": ""-2133000"", ""buy_5th_pre_req"": ""226"", ""buy_5th_pre_req_pre"": ""--50"", ""buy_6th_pre_bid"": ""-2132000"", ""buy_6th_pre_req"": ""115"", ""buy_6th_pre_req_pre"": ""+2"", ""buy_7th_pre_bid"": ""-2131000"", ""buy_7th_pre_req"": ""1496"", ""buy_7th_pre_req_pre"": ""0"", ""buy_8th_pre_bid"": ""-2130000"", ""buy_8th_pre_req"": ""2216"", ""buy_8th_pre_req_pre"": ""0"", ""buy_9th_pre_bid"": ""-2129000"", ""buy_9th_pre_req"": ""328"", ""buy_9th_pre_req_pre"": ""0"", ""buy_10th_pre_bid"": ""-2128000"", ""buy_10th_pre_req"": ""409"", ""buy_10th_pre_req_pre"": ""0"", ""tot_sel_req_jub_pre"": ""+20"", ""tot_sel_req"": ""2385"", ""tot_buy_req"": ""7915"", ""tot_buy_req_jub_pre"": ""+44"", ""ovt_sel_req_pre"": ""0"", ""ovt_sel_req"": ""0"", ""ovt_buy_req"": ""0"", ""ovt_buy_req_pre"": ""0"", ""return_code"": 0, ""return_msg"": ""정상적으로 처리되었습니다""}"
2026-06-10,scan_candidate,402340,,0,main_scan,1205000,,1205000,1204000,1205000,1209000,0.24896265560165973,0.08298755186721991,,,,,,"{""bid_req_base_tm"": ""093454"", ""sel_10th_pre_req_pre"": ""0"", ""sel_10th_pre_req"": ""22"", ""sel_10th_pre_bid"": ""-1217000"", ""sel_9th_pre_req_pre"": ""0"", ""sel_9th_pre_req"": ""1"", ""sel_9th_pre_bid"": ""-1215000"", ""sel_8th_pre_req_pre"": ""0"", ""sel_8th_pre_req"": ""1"", ""sel_8th_pre_bid"": ""-1214000"", ""sel_7th_pre_req_pre"": ""0"", ""sel_7th_pre_req"": ""2"", ""sel_7th_pre_bid"": ""-1213000"", ""sel_6th_pre_req_pre"": ""0"", ""sel_6th_pre_req"": ""2"", ""sel_6th_pre_bid"": ""-1212000"", ""sel_5th_pre_req_pre"": ""0"", ""sel_5th_pre_req"": ""4"", ""sel_5th_pre_bid"": ""-1211000"", ""sel_4th_pre_req_pre"": ""0"", ""sel_4th_pre_req"": ""120"", ""sel_4th_pre_bid"": ""-1210000"", ""sel_3th_pre_req_pre"": ""0"", ""sel_3th_pre_req"": ""1"", ""sel_3th_pre_bid"": ""-1207000"", ""sel_2th_pre_req_pre"": ""0"", ""sel_2th_pre_req"": ""9"", ""sel_2th_pre_bid"": ""-1206000"", ""sel_1th_pre_req_pre"": ""0"", ""sel_fpr_req"": ""34"", ""sel_fpr_bid"": ""-1205000"", ""buy_fpr_bid"": ""-1204000"", ""buy_fpr_req"": ""31"", ""buy_1th_pre_req_pre"": ""+1"", ""buy_2th_pre_bid"": ""-1203000"", ""buy_2th_pre_req"": ""21"", ""buy_2th_pre_req_pre"": ""0"", ""buy_3th_pre_bid"": ""-1202000"", ""buy_3th_pre_req"": ""291"", ""buy_3th_pre_req_pre"": ""0"", ""buy_4th_pre_bid"": ""-1201000"", ""buy_4th_pre_req"": ""934"", ""buy_4th_pre_req_pre"": ""0"", ""buy_5th_pre_bid"": ""-1200000"", ""buy_5th_pre_req"": ""309"", ""buy_5th_pre_req_pre"": ""0"", ""buy_6th_pre_bid"": ""-1199000"", ""buy_6th_pre_req"": ""101"", ""buy_6th_pre_req_pre"": ""0"", ""buy_7th_pre_bid"": ""-1198000"", ""buy_7th_pre_req"": ""99"", ""buy_7th_pre_req_pre"": ""0"", ""buy_8th_pre_bid"": ""-1197000"", ""buy_8th_pre_req"": ""39"", ""buy_8th_pre_req_pre"": ""0"", ""buy_9th_pre_bid"": ""-1196000"", ""buy_9th_pre_req"": ""56"", ""buy_9th_pre_req_pre"": ""0"", ""buy_10th_pre_bid"": ""-1195000"", ""buy_10th_pre_req"": ""239"", ""buy_10th_pre_req_pre"": ""0"", ""tot_sel_req_jub_pre"": ""0"", ""tot_sel_req"": ""196"", ""tot_buy_req"": ""2120"", ""tot_buy_req_jub_pre"": ""+1"", ""ovt_sel_req_pre"": ""0"", ""ovt_sel_req"": ""0"", ""ovt_buy_req"": ""0"", ""ovt_buy_req_pre"": ""0"", ""return_code"": 0, ""return_msg"": ""정상적으로 처리되었습니다""}"
2026-06-10,scan_candidate,005935,,0,main_scan,196000,,196000,195900,196000,196000,-0.25510204081632654,0.05102040816326531,,,,,,"{""bid_req_base_tm"": ""093454"", ""sel_10th_pre_req_pre"": ""0"", ""sel_10th_pre_req"": ""15"", ""sel_10th_pre_bid"": ""-196900"", ""sel_9th_pre_req_pre"": ""0"", ""sel_9th_pre_req"": ""20"", ""sel_9th_pre_bid"": ""-196800"", ""sel_8th_pre_req_pre"": ""0"", ""sel_8th_pre_req"": ""22"", ""sel_8th_pre_bid"": ""-196700"", ""sel_7th_pre_req_pre"": ""0"", ""sel_7th_pre_req"": ""40"", ""sel_7th_pre_bid"": ""-196600"", ""sel_6th_pre_req_pre"": ""0"", ""sel_6th_pre_req"": ""130"", ""sel_6th_pre_bid"": ""-196500"", ""sel_5th_pre_req_pre"": ""0"", ""sel_5th_pre_req"": ""49"", ""sel_5th_pre_bid"": ""-196400"", ""sel_4th_pre_req_pre"": ""0"", ""sel_4th_pre_req"": ""47"", ""sel_4th_pre_bid"": ""-196300"", ""sel_3th_pre_req_pre"": ""0"", ""sel_3th_pre_req"": ""590"", ""sel_3th_pre_bid"": ""-196200"", ""sel_2th_pre_req_pre"": ""0"", ""sel_2th_pre_req"": ""3009"", ""sel_2th_pre_bid"": ""-196100"", ""sel_1th_pre_req_pre"": ""--2"", ""sel_fpr_req"": ""4661"", ""sel_fpr_bid"": ""-196000"", ""buy_fpr_bid"": ""-195900"", ""buy_fpr_req"": ""1093"", ""buy_1th_pre_req_pre"": ""+52"", ""buy_2th_pre_bid"": ""-195800"", ""buy_2th_pre_req"": ""924"", ""buy_2th_pre_req_pre"": ""+25"", ""buy_3th_pre_bid"": ""-195700"", ""buy_3th_pre_req"": ""995"", ""buy_3th_pre_req_pre"": ""0"", ""buy_4th_pre_bid"": ""-195600"", ""buy_4th_pre_req"": ""1472"", ""buy_4th_pre_req_pre"": ""0"", ""buy_5th_pre_bid"": ""-195500"", ""buy_5th_pre_req"": ""4880"", ""buy_5th_pre_req_pre"": ""0"", ""buy_6th_pre_bid"": ""-195400"", ""buy_6th_pre_req"": ""1425"", ""buy_6th_pre_req_pre"": ""0"", ""buy_7th_pre_bid"": ""-195300"", ""buy_7th_pre_req"": ""1890"", ""buy_7th_pre_req_pre"": ""0"", ""buy_8th_pre_bid"": ""-195200"", ""buy_8th_pre_req"": ""6926"", ""buy_8th_pre_req_pre"": ""0"", ""buy_9th_pre_bid"": ""-195100"", ""buy_9th_pre_req"": ""4593"", ""buy_9th_pre_req_pre"": ""0"", ""buy_10th_pre_bid"": ""-195000"", ""buy_10th_pre_req"": ""16077"", ""buy_10th_pre_req_pre"": ""0"", ""tot_sel_req_jub_pre"": ""--2"", ""tot_sel_req"": ""8583"", ""tot_buy_req"": ""40275"", ""tot_buy_req_jub_pre"": ""+77"", ""ovt_sel_req_pre"": ""0"", ""ovt_sel_req"": ""0"", ""ovt_buy_req"": ""0"", ""ovt_buy_req_pre"": ""0"", ""return_code"": 0, ""return_msg"": ""정상적으로 처리되었습니다""}"
2026-06-10,scan_candidate,009150,,0,main_scan,1903000,,1903000,1902000,1903000,1907000,0.1576458223857068,0.05254860746190226,,,,,,"{""bid_req_base_tm"": ""093454"", ""sel_10th_pre_req_pre"": ""0"", ""sel_10th_pre_req"": ""34"", ""sel_10th_pre_bid"": ""-1913000"", ""sel_9th_pre_req_pre"": ""0"", ""sel_9th_pre_req"": ""58"", ""sel_9th_pre_bid"": ""-1912000"", ""sel_8th_pre_req_pre"": ""0"", ""sel_8th_pre_req"": ""6"", ""sel_8th_pre_bid"": ""-1911000"", ""sel_7th_pre_req_pre"": ""0"", ""sel_7th_pre_req"": ""41"", ""sel_7th_pre_bid"": ""-1910000"", ""sel_6th_pre_req_pre"": ""0"", ""sel_6th_pre_req"": ""26"", ""sel_6th_pre_bid"": ""-1909000"", ""sel_5th_pre_req_pre"": ""0"", ""sel_5th_pre_req"": ""8"", ""sel_5th_pre_bid"": ""-1908000"", ""sel_4th_pre_req_pre"": ""0"", ""sel_4th_pre_req"": ""16"", ""sel_4th_pre_bid"": ""-1907000"", ""sel_3th_pre_req_pre"": ""0"", ""sel_3th_pre_req"": ""58"", ""sel_3th_pre_bid"": ""-1906000"", ""sel_2th_pre_req_pre"": ""0"", ""sel_2th_pre_req"": ""1"", ""sel_2th_pre_bid"": ""-1905000"", ""sel_1th_pre_req_pre"": ""0"", ""sel_fpr_req"": ""63"", ""sel_fpr_bid"": ""-1903000"", ""buy_fpr_bid"": ""-1902000"", ""buy_fpr_req"": ""297"", ""buy_1th_pre_req_pre"": ""0"", ""buy_2th_pre_bid"": ""-1901000"", ""buy_2th_pre_req"": ""265"", ""buy_2th_pre_req_pre"": ""0"", ""buy_3th_pre_bid"": ""-1900000"", ""buy_3th_pre_req"": ""311"", ""buy_3th_pre_req_pre"": ""0"", ""buy_4th_pre_bid"": ""-1899000"", ""buy_4th_pre_req"": ""403"", ""buy_4th_pre_req_pre"": ""0"", ""buy_5th_pre_bid"": ""-1898000"", ""buy_5th_pre_req"": ""53"", ""buy_5th_pre_req_pre"": ""0"", ""buy_6th_pre_bid"": ""-1897000"", ""buy_6th_pre_req"": ""41"", ""buy_6th_pre_req_pre"": ""0"", ""buy_7th_pre_bid"": ""-1896000"", ""buy_7th_pre_req"": ""63"", ""buy_7th_pre_req_pre"": ""0"", ""buy_8th_pre_bid"": ""-1895000"", ""buy_8th_pre_req"": ""52"", ""buy_8th_pre_req_pre"": ""+1"", ""buy_9th_pre_bid"": ""-1894000"", ""buy_9th_pre_req"": ""35"", ""buy_9th_pre_req_pre"": ""0"", ""buy_10th_pre_bid"": ""-1893000"", ""buy_10th_pre_req"": ""41"", ""buy_10th_pre_req_pre"": ""--1"", ""tot_sel_req_jub_pre"": ""0"", ""tot_sel_req"": ""311"", ""tot_buy_req"": ""1561"", ""tot_buy_req_jub_pre"": ""0"", ""ovt_sel_req_pre"": ""0"", ""ovt_sel_req"": ""0"", ""ovt_buy_req"": ""0"", ""ovt_buy_req_pre"": ""0"", ""return_code"": 0, ""return_msg"": ""정상적으로 처리되었습니다""}"
2026-06-10,scan_candidate,032830,,0,main_scan,370500,,370500,370000,370500,370500,-0.1349527665317139,0.1349527665317139,,,,,,"{""bid_req_base_tm"": ""093455"", ""sel_10th_pre_req_pre"": ""0"", ""sel_10th_pre_req"": ""8"", ""sel_10th_pre_bid"": ""-376000"", ""sel_9th_pre_req_pre"": ""0"", ""sel_9th_pre_req"": ""10"", ""sel_9th_pre_bid"": ""-375000"", ""sel_8th_pre_req_pre"": ""0"", ""sel_8th_pre_req"": ""2"", ""sel_8th_pre_bid"": ""-374500"", ""sel_7th_pre_req_pre"": ""0"", ""sel_7th_pre_req"": ""119"", ""sel_7th_pre_bid"": ""-374000"", ""sel_6th_pre_req_pre"": ""0"", ""sel_6th_pre_req"": ""317"", ""sel_6th_pre_bid"": ""-373500"", ""sel_5th_pre_req_pre"": ""0"", ""sel_5th_pre_req"": ""151"", ""sel_5th_pre_bid"": ""-373000"", ""sel_4th_pre_req_pre"": ""0"", ""sel_4th_pre_req"": ""220"", ""sel_4th_pre_bid"": ""-372500"", ""sel_3th_pre_req_pre"": ""0"", ""sel_3th_pre_req"": ""98"", ""sel_3th_pre_bid"": ""-372000"", ""sel_2th_pre_req_pre"": ""0"", ""sel_2th_pre_req"": ""353"", ""sel_2th_pre_bid"": ""-371000"", ""sel_1th_pre_req_pre"": ""0"", ""sel_fpr_req"": ""856"", ""sel_fpr_bid"": ""-370500"", ""buy_fpr_bid"": ""-370000"", ""buy_fpr_req"": ""54"", ""buy_1th_pre_req_pre"": ""--1"", ""buy_2th_pre_bid"": ""-369500"", ""buy_2th_pre_req"": ""81"", ""buy_2th_pre_req_pre"": ""0"", ""buy_3th_pre_bid"": ""-369000"", ""buy_3th_pre_req"": ""400"", ""buy_3th_pre_req_pre"": ""0"", ""buy_4th_pre_bid"": ""-368500"", ""buy_4th_pre_req"": ""753"", ""buy_4th_pre_req_pre"": ""+2"", ""buy_5th_pre_bid"": ""-368000"", ""buy_5th_pre_req"": ""154"", ""buy_5th_pre_req_pre"": ""0"", ""buy_6th_pre_bid"": ""-367500"", ""buy_6th_pre_req"": ""52"", ""buy_6th_pre_req_pre"": ""0"", ""buy_7th_pre_bid"": ""-367000"", ""buy_7th_pre_req"": ""252"", ""buy_7th_pre_req_pre"": ""0"", ""buy_8th_pre_bid"": ""-366500"", ""buy_8th_pre_req"": ""72"", ""buy_8th_pre_req_pre"": ""0"", ""buy_9th_pre_bid"": ""-366000"", ""buy_9th_pre_req"": ""246"", ""buy_9th_pre_req_pre"": ""0"", ""buy_10th_pre_bid"": ""-365500"", ""buy_10th_pre_req"": ""143"", ""buy_10th_pre_req_pre"": ""0"", ""tot_sel_req_jub_pre"": ""0"", ""tot_sel_req"": ""2134"", ""tot_buy_req"": ""2207"", ""tot_buy_req_jub_pre"": ""+1"", ""ovt_sel_req_pre"": ""0"", ""ovt_sel_req"": ""0"", ""ovt_buy_req"": ""0"", ""ovt_buy_req_pre"": ""0"", ""return_code"": 0, ""return_msg"": ""정상적으로 처리되었습니다""}"
2026-06-10,scan_candidate,012330,,0,main_scan,581000,,581000,580000,581000,584000,0.34423407917383825,0.17211703958691912,,,,,,"{""bid_req_base_tm"": ""093455"", ""sel_10th_pre_req_pre"": ""0"", ""sel_10th_pre_req"": ""851"", ""sel_10th_pre_bid"": ""-590000"", ""sel_9th_pre_req_pre"": ""0"", ""sel_9th_pre_req"": ""98"", ""sel_9th_pre_bid"": ""-589000"", ""sel_8th_pre_req_pre"": ""0"", ""sel_8th_pre_req"": ""98"", ""sel_8th_pre_bid"": ""-588000"", ""sel_7th_pre_req_pre"": ""0"", ""sel_7th_pre_req"": ""90"", ""sel_7th_pre_bid"": ""-587000"", ""sel_6th_pre_req_pre"": ""0"", ""sel_6th_pre_req"": ""77"", ""sel_6th_pre_bid"": ""-586000"", ""sel_5th_pre_req_pre"": ""0"", ""sel_5th_pre_req"": ""15"", ""sel_5th_pre_bid"": ""-585000"", ""sel_4th_pre_req_pre"": ""0"", ""sel_4th_pre_req"": ""42"", ""sel_4th_pre_bid"": ""-584000"", ""sel_3th_pre_req_pre"": ""0"", ""sel_3th_pre_req"": ""433"", ""sel_3th_pre_bid"": ""-583000"", ""sel_2th_pre_req_pre"": ""0"", ""sel_2th_pre_req"": ""38"", ""sel_2th_pre_bid"": ""-582000"", ""sel_1th_pre_req_pre"": ""0"", ""sel_fpr_req"": ""62"", ""sel_fpr_bid"": ""-581000"", ""buy_fpr_bid"": ""-580000"", ""buy_fpr_req"": ""1305"", ""buy_1th_pre_req_pre"": ""0"", ""buy_2th_pre_bid"": ""-579000"", ""buy_2th_pre_req"": ""1228"", ""buy_2th_pre_req_pre"": ""0"", ""buy_3th_pre_bid"": ""-578000"", ""buy_3th_pre_req"": ""396"", ""buy_3th_pre_req_pre"": ""0"", ""buy_4th_pre_bid"": ""-577000"", ""buy_4th_pre_req"": ""389"", ""buy_4th_pre_req_pre"": ""0"", ""buy_5th_pre_bid"": ""-576000"", ""buy_5th_pre_req"": ""371"", ""buy_5th_pre_req_pre"": ""0"", ""buy_6th_pre_bid"": ""-575000"", ""buy_6th_pre_req"": ""936"", ""buy_6th_pre_req_pre"": ""+2"", ""buy_7th_pre_bid"": ""-574000"", ""buy_7th_pre_req"": ""322"", ""buy_7th_pre_req_pre"": ""0"", ""buy_8th_pre_bid"": ""-573000"", ""buy_8th_pre_req"": ""519"", ""buy_8th_pre_req_pre"": ""0"", ""buy_9th_pre_bid"": ""-572000"", ""buy_9th_pre_req"": ""667"", ""buy_9th_pre_req_pre"": ""0"", ""buy_10th_pre_bid"": ""-571000"", ""buy_10th_pre_req"": ""793"", ""buy_10th_pre_req_pre"": ""0"", ""tot_sel_req_jub_pre"": ""0"", ""tot_sel_req"": ""1804"", ""tot_buy_req"": ""6926"", ""tot_buy_req_jub_pre"": ""+2"", ""ovt_sel_req_pre"": ""0"", ""ovt_sel_req"": ""0"", ""ovt_buy_req"": ""0"", ""ovt_buy_req_pre"": ""0"", ""return_code"": 0, ""return_msg"": ""정상적으로 처리되었습니다""}"
2026-06-10,scan_candidate,055550,,0,main_scan,98800,,98800,98700,98800,98900,0.0,0.10121457489878542,,,,,,"{""bid_req_base_tm"": ""093455"", ""sel_10th_pre_req_pre"": ""0"", ""sel_10th_pre_req"": ""625"", ""sel_10th_pre_bid"": ""-99800"", ""sel_9th_pre_req_pre"": ""0"", ""sel_9th_pre_req"": ""464"", ""sel_9th_pre_bid"": ""-99700"", ""sel_8th_pre_req_pre"": ""0"", ""sel_8th_pre_req"": ""64"", ""sel_8th_pre_bid"": ""-99600"", ""sel_7th_pre_req_pre"": ""0"", ""sel_7th_pre_req"": ""1528"", ""sel_7th_pre_bid"": ""-99500"", ""sel_6th_pre_req_pre"": ""0"", ""sel_6th_pre_req"": ""123"", ""sel_6th_pre_bid"": ""-99400"", ""sel_5th_pre_req_pre"": ""0"", ""sel_5th_pre_req"": ""2"", ""sel_5th_pre_bid"": ""-99200"", ""sel_4th_pre_req_pre"": ""--5"", ""sel_4th_pre_req"": ""49"", ""sel_4th_pre_bid"": ""-99100"", ""sel_3th_pre_req_pre"": ""0"", ""sel_3th_pre_req"": ""91"", ""sel_3th_pre_bid"": ""-99000"", ""sel_2th_pre_req_pre"": ""0"", ""sel_2th_pre_req"": ""1100"", ""sel_2th_pre_bid"": ""-98900"", ""sel_1th_pre_req_pre"": ""0"", ""sel_fpr_req"": ""1165"", ""sel_fpr_bid"": ""-98800"", ""buy_fpr_bid"": ""-98700"", ""buy_fpr_req"": ""740"", ""buy_1th_pre_req_pre"": ""0"", ""buy_2th_pre_bid"": ""-98600"", ""buy_2th_pre_req"": ""220"", ""buy_2th_pre_req_pre"": ""0"", ""buy_3th_pre_bid"": ""-98500"", ""buy_3th_pre_req"": ""1384"", ""buy_3th_pre_req_pre"": ""0"", ""buy_4th_pre_bid"": ""-98400"", ""buy_4th_pre_req"": ""657"", ""buy_4th_pre_req_pre"": ""0"", ""buy_5th_pre_bid"": ""-98300"", ""buy_5th_pre_req"": ""1083"", ""buy_5th_pre_req_pre"": ""0"", ""buy_6th_pre_bid"": ""-98200"", ""buy_6th_pre_req"": ""470"", ""buy_6th_pre_req_pre"": ""0"", ""buy_7th_pre_bid"": ""-98100"", ""buy_7th_pre_req"": ""316"", ""buy_7th_pre_req_pre"": ""0"", ""buy_8th_pre_bid"": ""-98000"", ""buy_8th_pre_req"": ""1213"", ""buy_8th_pre_req_pre"": ""0"", ""buy_9th_pre_bid"": ""-97900"", ""buy_9th_pre_req"": ""110"", ""buy_9th_pre_req_pre"": ""0"", ""buy_10th_pre_bid"": ""-97800"", ""buy_10th_pre_req"": ""257"", ""buy_10th_pre_req_pre"": ""0"", ""tot_sel_req_jub_pre"": ""--5"", ""tot_sel_req"": ""5211"", ""tot_buy_req"": ""6450"", ""tot_buy_req_jub_pre"": ""0"", ""ovt_sel_req_pre"": ""0"", ""ovt_sel_req"": ""0"", ""ovt_buy_req"": ""0"", ""ovt_buy_req_pre"": ""0"", ""return_code"": 0, ""return_msg"": ""정상적으로 처리되었습니다""}"
2026-06-10,scan_candidate,034730,,0,main_scan,588000,,588000,586000,588000,588000,-0.17006802721088435,0.3401360544217687,,,,,,"{""bid_req_base_tm"": ""093453"", ""sel_10th_pre_req_pre"": ""0"", ""sel_10th_pre_req"": ""46"", ""sel_10th_pre_bid"": ""+597000"", ""sel_9th_pre_req_pre"": ""0"", ""sel_9th_pre_req"": ""15"", ""sel_9th_pre_bid"": ""+596000"", ""sel_8th_pre_req_pre"": ""0"", ""sel_8th_pre_req"": ""80"", ""sel_8th_pre_bid"": ""+595000"", ""sel_7th_pre_req_pre"": ""0"", ""sel_7th_pre_req"": ""230"", ""sel_7th_pre_bid"": ""594000"", ""sel_6th_pre_req_pre"": ""0"", ""sel_6th_pre_req"": ""115"", ""sel_6th_pre_bid"": ""-593000"", ""sel_5th_pre_req_pre"": ""0"", ""sel_5th_pre_req"": ""471"", ""sel_5th_pre_bid"": ""-592000"", ""sel_4th_pre_req_pre"": ""0"", ""sel_4th_pre_req"": ""57"", ""sel_4th_pre_bid"": ""-591000"", ""sel_3th_pre_req_pre"": ""0"", ""sel_3th_pre_req"": ""9"", ""sel_3th_pre_bid"": ""-590000"", ""sel_2th_pre_req_pre"": ""0"", ""sel_2th_pre_req"": ""30"", ""sel_2th_pre_bid"": ""-589000"", ""sel_1th_pre_req_pre"": ""0"", ""sel_fpr_req"": ""56"", ""sel_fpr_bid"": ""-588000"", ""buy_fpr_bid"": ""-586000"", ""buy_fpr_req"": ""814"", ""buy_1th_pre_req_pre"": ""+4"", ""buy_2th_pre_bid"": ""-585000"", ""buy_2th_pre_req"": ""220"", ""buy_2th_pre_req_pre"": ""0"", ""buy_3th_pre_bid"": ""-584000"", ""buy_3th_pre_req"": ""35"", ""buy_3th_pre_req_pre"": ""0"", ""buy_4th_pre_bid"": ""-583000"", ""buy_4th_pre_req"": ""17"", ""buy_4th_pre_req_pre"": ""0"", ""buy_5th_pre_bid"": ""-582000"", ""buy_5th_pre_req"": ""5"", ""buy_5th_pre_req_pre"": ""0"", ""buy_6th_pre_bid"": ""-581000"", ""buy_6th_pre_req"": ""8"", ""buy_6th_pre_req_pre"": ""0"", ""buy_7th_pre_bid"": ""-580000"", ""buy_7th_pre_req"": ""46"", ""buy_7th_pre_req_pre"": ""0"", ""buy_8th_pre_bid"": ""-579000"", ""buy_8th_pre_req"": ""13"", ""buy_8th_pre_req_pre"": ""0"", ""buy_9th_pre_bid"": ""-578000"", ""buy_9th_pre_req"": ""110"", ""buy_9th_pre_req_pre"": ""0"", ""buy_10th_pre_bid"": ""-577000"", ""buy_10th_pre_req"": ""15"", ""buy_10th_pre_req_pre"": ""0"", ""tot_sel_req_jub_pre"": ""0"", ""tot_sel_req"": ""1109"", ""tot_buy_req"": ""1283"", ""tot_buy_req_jub_pre"": ""+4"", ""ovt_sel_req_pre"": ""0"", ""ovt_sel_req"": ""0"", ""ovt_buy_req"": ""0"", ""ovt_buy_req_pre"": ""0"", ""return_code"": 0, ""return_msg"": ""정상적으로 처리되었습니다""}"
2026-06-10,scan_candidate,066570,,0,main_scan,233500,,233500,233000,233500,235000,0.4282655246252677,0.21413276231263384,,,,,,"{""bid_req_base_tm"": ""093455"", ""sel_10th_pre_req_pre"": ""0"", ""sel_10th_pre_req"": ""1715"", ""sel_10th_pre_bid"": ""-238000"", ""sel_9th_pre_req_pre"": ""0"", ""sel_9th_pre_req"": ""1110"", ""sel_9th_pre_bid"": ""-237500"", ""sel_8th_pre_req_pre"": ""0"", ""sel_8th_pre_req"": ""1089"", ""sel_8th_pre_bid"": ""-237000"", ""sel_7th_pre_req_pre"": ""--4"", ""sel_7th_pre_req"": ""558"", ""sel_7th_pre_bid"": ""-236500"", ""sel_6th_pre_req_pre"": ""0"", ""sel_6th_pre_req"": ""392"", ""sel_6th_pre_bid"": ""-236000"", ""sel_5th_pre_req_pre"": ""0"", ""sel_5th_pre_req"": ""294"", ""sel_5th_pre_bid"": ""-235500"", ""sel_4th_pre_req_pre"": ""0"", ""sel_4th_pre_req"": ""1769"", ""sel_4th_pre_bid"": ""-235000"", ""sel_3th_pre_req_pre"": ""0"", ""sel_3th_pre_req"": ""349"", ""sel_3th_pre_bid"": ""-234500"", ""sel_2th_pre_req_pre"": ""+9"", ""sel_2th_pre_req"": ""1136"", ""sel_2th_pre_bid"": ""-234000"", ""sel_1th_pre_req_pre"": ""+1"", ""sel_fpr_req"": ""142"", ""sel_fpr_bid"": ""-233500"", ""buy_fpr_bid"": ""-233000"", ""buy_fpr_req"": ""7333"", ""buy_1th_pre_req_pre"": ""--3"", ""buy_2th_pre_bid"": ""-232500"", ""buy_2th_pre_req"": ""5803"", ""buy_2th_pre_req_pre"": ""0"", ""buy_3th_pre_bid"": ""-232000"", ""buy_3th_pre_req"": ""9406"", ""buy_3th_pre_req_pre"": ""0"", ""buy_4th_pre_bid"": ""-231500"", ""buy_4th_pre_req"": ""7957"", ""buy_4th_pre_req_pre"": ""0"", ""buy_5th_pre_bid"": ""-231000"", ""buy_5th_pre_req"": ""9898"", ""buy_5th_pre_req_pre"": ""0"", ""buy_6th_pre_bid"": ""-230500"", ""buy_6th_pre_req"": ""9227"", ""buy_6th_pre_req_pre"": ""0"", ""buy_7th_pre_bid"": ""-230000"", ""buy_7th_pre_req"": ""23342"", ""buy_7th_pre_req_pre"": ""0"", ""buy_8th_pre_bid"": ""-229500"", ""buy_8th_pre_req"": ""2520"", ""buy_8th_pre_req_pre"": ""0"", ""buy_9th_pre_bid"": ""-229000"", ""buy_9th_pre_req"": ""3011"", ""buy_9th_pre_req_pre"": ""0"", ""buy_10th_pre_bid"": ""-228500"", ""buy_10th_pre_req"": ""3812"", ""buy_10th_pre_req_pre"": ""0"", ""tot_sel_req_jub_pre"": ""+6"", ""tot_sel_req"": ""8554"", ""tot_buy_req"": ""82309"", ""tot_buy_req_jub_pre"": ""--3"", ""ovt_sel_req_pre"": ""0"", ""ovt_sel_req"": ""0"", ""ovt_buy_req"": ""0"", ""ovt_buy_req_pre"": ""0"", ""return_code"": 0, ""return_msg"": ""정상적으로 처리되었습니다""}"
2026-06-10,scan_candidate,035420,,0,main_scan,239000,,239000,238500,239000,240500,0.41841004184100417,0.20920502092050208,,,,,,"{""bid_req_base_tm"": ""093455"", ""sel_10th_pre_req_pre"": ""0"", ""sel_10th_pre_req"": ""726"", ""sel_10th_pre_bid"": ""-243500"", ""sel_9th_pre_req_pre"": ""0"", ""sel_9th_pre_req"": ""1020"", ""sel_9th_pre_bid"": ""-243000"", ""sel_8th_pre_req_pre"": ""0"", ""sel_8th_pre_req"": ""609"", ""sel_8th_pre_bid"": ""-242500"", ""sel_7th_pre_req_pre"": ""0"", ""sel_7th_pre_req"": ""2196"", ""sel_7th_pre_bid"": ""-242000"", ""sel_6th_pre_req_pre"": ""0"", ""sel_6th_pre_req"": ""796"", ""sel_6th_pre_bid"": ""-241500"", ""sel_5th_pre_req_pre"": ""0"", ""sel_5th_pre_req"": ""2621"", ""sel_5th_pre_bid"": ""-241000"", ""sel_4th_pre_req_pre"": ""0"", ""sel_4th_pre_req"": ""2811"", ""sel_4th_pre_bid"": ""-240500"", ""sel_3th_pre_req_pre"": ""0"", ""sel_3th_pre_req"": ""2582"", ""sel_3th_pre_bid"": ""-240000"", ""sel_2th_pre_req_pre"": ""0"", ""sel_2th_pre_req"": ""1092"", ""sel_2th_pre_bid"": ""-239500"", ""sel_1th_pre_req_pre"": ""0"", ""sel_fpr_req"": ""4189"", ""sel_fpr_bid"": ""-239000"", ""buy_fpr_bid"": ""-238500"", ""buy_fpr_req"": ""3005"", ""buy_1th_pre_req_pre"": ""0"", ""buy_2th_pre_bid"": ""-238000"", ""buy_2th_pre_req"": ""8008"", ""buy_2th_pre_req_pre"": ""0"", ""buy_3th_pre_bid"": ""-237500"", ""buy_3th_pre_req"": ""8029"", ""buy_3th_pre_req_pre"": ""0"", ""buy_4th_pre_bid"": ""-237000"", ""buy_4th_pre_req"": ""8156"", ""buy_4th_pre_req_pre"": ""0"", ""buy_5th_pre_bid"": ""-236500"", ""buy_5th_pre_req"": ""6098"", ""buy_5th_pre_req_pre"": ""0"", ""buy_6th_pre_bid"": ""-236000"", ""buy_6th_pre_req"": ""6937"", ""buy_6th_pre_req_pre"": ""0"", ""buy_7th_pre_bid"": ""-235500"", ""buy_7th_pre_req"": ""8204"", ""buy_7th_pre_req_pre"": ""0"", ""buy_8th_pre_bid"": ""-235000"", ""buy_8th_pre_req"": ""23364"", ""buy_8th_pre_req_pre"": ""0"", ""buy_9th_pre_bid"": ""-234500"", ""buy_9th_pre_req"": ""52973"", ""buy_9th_pre_req_pre"": ""0"", ""buy_10th_pre_bid"": ""-234000"", ""buy_10th_pre_req"": ""5513"", ""buy_10th_pre_req_pre"": ""0"", ""tot_sel_req_jub_pre"": ""0"", ""tot_sel_req"": ""18642"", ""tot_buy_req"": ""130287"", ""tot_buy_req_jub_pre"": ""0"", ""ovt_sel_req_pre"": ""0"", ""ovt_sel_req"": ""0"", ""ovt_buy_req"": ""0"", ""ovt_buy_req_pre"": ""0"", ""return_code"": 0, ""return_msg"": ""정상적으로 처리되었습니다""}"
2026-06-10,scan_candidate,086790,,0,main_scan,118000,,118000,117900,118000,118000,-0.423728813559322,0.0847457627118644,,,,,,"{""bid_req_base_tm"": ""093456"", ""sel_10th_pre_req_pre"": ""0"", ""sel_10th_pre_req"": ""497"", ""sel_10th_pre_bid"": ""-118900"", ""sel_9th_pre_req_pre"": ""0"", ""sel_9th_pre_req"": ""76"", ""sel_9th_pre_bid"": ""-118800"", ""sel_8th_pre_req_pre"": ""0"", ""sel_8th_pre_req"": ""55"", ""sel_8th_pre_bid"": ""-118700"", ""sel_7th_pre_req_pre"": ""0"", ""sel_7th_pre_req"": ""179"", ""sel_7th_pre_bid"": ""-118600"", ""sel_6th_pre_req_pre"": ""0"", ""sel_6th_pre_req"": ""44"", ""sel_6th_pre_bid"": ""-118500"", ""sel_5th_pre_req_pre"": ""0"", ""sel_5th_pre_req"": ""107"", ""sel_5th_pre_bid"": ""-118400"", ""sel_4th_pre_req_pre"": ""0"", ""sel_4th_pre_req"": ""3"", ""sel_4th_pre_bid"": ""-118300"", ""sel_3th_pre_req_pre"": ""0"", ""sel_3th_pre_req"": ""189"", ""sel_3th_pre_bid"": ""-118200"", ""sel_2th_pre_req_pre"": ""0"", ""sel_2th_pre_req"": ""4"", ""sel_2th_pre_bid"": ""-118100"", ""sel_1th_pre_req_pre"": ""--43"", ""sel_fpr_req"": ""410"", ""sel_fpr_bid"": ""-118000"", ""buy_fpr_bid"": ""-117900"", ""buy_fpr_req"": ""43"", ""buy_1th_pre_req_pre"": ""0"", ""buy_2th_pre_bid"": ""-117800"", ""buy_2th_pre_req"": ""156"", ""buy_2th_pre_req_pre"": ""0"", ""buy_3th_pre_bid"": ""-117700"", ""buy_3th_pre_req"": ""44"", ""buy_3th_pre_req_pre"": ""0"", ""buy_4th_pre_bid"": ""-117600"", ""buy_4th_pre_req"": ""591"", ""buy_4th_pre_req_pre"": ""0"", ""buy_5th_pre_bid"": ""-117500"", ""buy_5th_pre_req"": ""482"", ""buy_5th_pre_req_pre"": ""0"", ""buy_6th_pre_bid"": ""-117400"", ""buy_6th_pre_req"": ""301"", ""buy_6th_pre_req_pre"": ""0"", ""buy_7th_pre_bid"": ""-117300"", ""buy_7th_pre_req"": ""159"", ""buy_7th_pre_req_pre"": ""0"", ""buy_8th_pre_bid"": ""-117200"", ""buy_8th_pre_req"": ""142"", ""buy_8th_pre_req_pre"": ""0"", ""buy_9th_pre_bid"": ""-117100"", ""buy_9th_pre_req"": ""6"", ""buy_9th_pre_req_pre"": ""0"", ""buy_10th_pre_bid"": ""-117000"", ""buy_10th_pre_req"": ""287"", ""buy_10th_pre_req_pre"": ""0"", ""tot_sel_req_jub_pre"": ""--43"", ""tot_sel_req"": ""1564"", ""tot_buy_req"": ""2211"", ""tot_buy_req_jub_pre"": ""0"", ""ovt_sel_req_pre"": ""0"", ""ovt_sel_req"": ""0"", ""ovt_buy_req"": ""0"", ""ovt_buy_req_pre"": ""0"", ""return_code"": 0, ""return_msg"": ""정상적으로 처리되었습니다""}"
2026-06-10,scan_candidate,000810,,0,main_scan,608000,,608000,607000,608000,611000,0.3289473684210526,0.1644736842105263,,,,,,"{""bid_req_base_tm"": ""093456"", ""sel_10th_pre_req_pre"": ""0"", ""sel_10th_pre_req"": ""9"", ""sel_10th_pre_bid"": ""-617000"", ""sel_9th_pre_req_pre"": ""0"", ""sel_9th_pre_req"": ""6"", ""sel_9th_pre_bid"": ""-616000"", ""sel_8th_pre_req_pre"": ""0"", ""sel_8th_pre_req"": ""23"", ""sel_8th_pre_bid"": ""-615000"", ""sel_7th_pre_req_pre"": ""0"", ""sel_7th_pre_req"": ""12"", ""sel_7th_pre_bid"": ""-614000"", ""sel_6th_pre_req_pre"": ""0"", ""sel_6th_pre_req"": ""10"", ""sel_6th_pre_bid"": ""-613000"", ""sel_5th_pre_req_pre"": ""0"", ""sel_5th_pre_req"": ""23"", ""sel_5th_pre_bid"": ""-612000"", ""sel_4th_pre_req_pre"": ""0"", ""sel_4th_pre_req"": ""14"", ""sel_4th_pre_bid"": ""-611000"", ""sel_3th_pre_req_pre"": ""0"", ""sel_3th_pre_req"": ""27"", ""sel_3th_pre_bid"": ""-610000"", ""sel_2th_pre_req_pre"": ""0"", ""sel_2th_pre_req"": ""8"", ""sel_2th_pre_bid"": ""-609000"", ""sel_1th_pre_req_pre"": ""0"", ""sel_fpr_req"": ""1"", ""sel_fpr_bid"": ""-608000"", ""buy_fpr_bid"": ""-607000"", ""buy_fpr_req"": ""50"", ""buy_1th_pre_req_pre"": ""0"", ""buy_2th_pre_bid"": ""-606000"", ""buy_2th_pre_req"": ""87"", ""buy_2th_pre_req_pre"": ""0"", ""buy_3th_pre_bid"": ""-605000"", ""buy_3th_pre_req"": ""9"", ""buy_3th_pre_req_pre"": ""0"", ""buy_4th_pre_bid"": ""-604000"", ""buy_4th_pre_req"": ""9"", ""buy_4th_pre_req_pre"": ""0"", ""buy_5th_pre_bid"": ""-603000"", ""buy_5th_pre_req"": ""9"", ""buy_5th_pre_req_pre"": ""0"", ""buy_6th_pre_bid"": ""-602000"", ""buy_6th_pre_req"": ""15"", ""buy_6th_pre_req_pre"": ""0"", ""buy_7th_pre_bid"": ""-601000"", ""buy_7th_pre_req"": ""66"", ""buy_7th_pre_req_pre"": ""0"", ""buy_8th_pre_bid"": ""-600000"", ""buy_8th_pre_req"": ""185"", ""buy_8th_pre_req_pre"": ""0"", ""buy_9th_pre_bid"": ""-599000"", ""buy_9th_pre_req"": ""13"", ""buy_9th_pre_req_pre"": ""0"", ""buy_10th_pre_bid"": ""-598000"", ""buy_10th_pre_req"": ""60"", ""buy_10th_pre_req_pre"": ""0"", ""tot_sel_req_jub_pre"": ""--33"", ""tot_sel_req"": ""133"", ""tot_buy_req"": ""503"", ""tot_buy_req_jub_pre"": ""0"", ""ovt_sel_req_pre"": ""0"", ""ovt_sel_req"": ""0"", ""ovt_buy_req"": ""0"", ""ovt_buy_req_pre"": ""0"", ""return_code"": 0, ""return_msg"": ""정상적으로 처리되었습니다""}"
2026-06-10,scan_candidate,011070,,0,main_scan,1088000,,1088000,1087000,1088000,1089000,0.0,0.09191176470588235,,,,,,"{""bid_req_base_tm"": ""093456"", ""sel_10th_pre_req_pre"": ""0"", ""sel_10th_pre_req"": ""2"", ""sel_10th_pre_bid"": ""-1097000"", ""sel_9th_pre_req_pre"": ""0"", ""sel_9th_pre_req"": ""17"", ""sel_9th_pre_bid"": ""-1096000"", ""sel_8th_pre_req_pre"": ""0"", ""sel_8th_pre_req"": ""31"", ""sel_8th_pre_bid"": ""-1095000"", ""sel_7th_pre_req_pre"": ""0"", ""sel_7th_pre_req"": ""4"", ""sel_7th_pre_bid"": ""-1094000"", ""sel_6th_pre_req_pre"": ""0"", ""sel_6th_pre_req"": ""67"", ""sel_6th_pre_bid"": ""-1093000"", ""sel_5th_pre_req_pre"": ""0"", ""sel_5th_pre_req"": ""23"", ""sel_5th_pre_bid"": ""-1092000"", ""sel_4th_pre_req_pre"": ""0"", ""sel_4th_pre_req"": ""12"", ""sel_4th_pre_bid"": ""-1091000"", ""sel_3th_pre_req_pre"": ""0"", ""sel_3th_pre_req"": ""141"", ""sel_3th_pre_bid"": ""-1090000"", ""sel_2th_pre_req_pre"": ""0"", ""sel_2th_pre_req"": ""13"", ""sel_2th_pre_bid"": ""-1089000"", ""sel_1th_pre_req_pre"": ""0"", ""sel_fpr_req"": ""10"", ""sel_fpr_bid"": ""-1088000"", ""buy_fpr_bid"": ""-1087000"", ""buy_fpr_req"": ""27"", ""buy_1th_pre_req_pre"": ""0"", ""buy_2th_pre_bid"": ""-1085000"", ""buy_2th_pre_req"": ""33"", ""buy_2th_pre_req_pre"": ""0"", ""buy_3th_pre_bid"": ""-1084000"", ""buy_3th_pre_req"": ""210"", ""buy_3th_pre_req_pre"": ""0"", ""buy_4th_pre_bid"": ""-1083000"", ""buy_4th_pre_req"": ""46"", ""buy_4th_pre_req_pre"": ""0"", ""buy_5th_pre_bid"": ""-1082000"", ""buy_5th_pre_req"": ""9"", ""buy_5th_pre_req_pre"": ""0"", ""buy_6th_pre_bid"": ""-1081000"", ""buy_6th_pre_req"": ""147"", ""buy_6th_pre_req_pre"": ""0"", ""buy_7th_pre_bid"": ""-1080000"", ""buy_7th_pre_req"": ""459"", ""buy_7th_pre_req_pre"": ""0"", ""buy_8th_pre_bid"": ""-1079000"", ""buy_8th_pre_req"": ""65"", ""buy_8th_pre_req_pre"": ""0"", ""buy_9th_pre_bid"": ""-1078000"", ""buy_9th_pre_req"": ""71"", ""buy_9th_pre_req_pre"": ""0"", ""buy_10th_pre_bid"": ""-1077000"", ""buy_10th_pre_req"": ""190"", ""buy_10th_pre_req_pre"": ""0"", ""tot_sel_req_jub_pre"": ""0"", ""tot_sel_req"": ""320"", ""tot_buy_req"": ""1257"", ""tot_buy_req_jub_pre"": ""0"", ""ovt_sel_req_pre"": ""0"", ""ovt_sel_req"": ""0"", ""ovt_buy_req"": ""0"", ""ovt_buy_req_pre"": ""0"", ""return_code"": 0, ""return_msg"": ""정상적으로 처리되었습니다""}"
2026-06-10,scan_candidate,042700,,0,main_scan,295000,,295000,293500,295000,294500,-0.3389830508474576,0.5084745762711864,,,,,,"{""bid_req_base_tm"": ""093456"", ""sel_10th_pre_req_pre"": ""0"", ""sel_10th_pre_req"": ""1167"", ""sel_10th_pre_bid"": ""+299500"", ""sel_9th_pre_req_pre"": ""0"", ""sel_9th_pre_req"": ""376"", ""sel_9th_pre_bid"": ""+299000"", ""sel_8th_pre_req_pre"": ""0"", ""sel_8th_pre_req"": ""171"", ""sel_8th_pre_bid"": ""+298500"", ""sel_7th_pre_req_pre"": ""+10"", ""sel_7th_pre_req"": ""304"", ""sel_7th_pre_bid"": ""+298000"", ""sel_6th_pre_req_pre"": ""0"", ""sel_6th_pre_req"": ""221"", ""sel_6th_pre_bid"": ""+297500"", ""sel_5th_pre_req_pre"": ""0"", ""sel_5th_pre_req"": ""207"", ""sel_5th_pre_bid"": ""+297000"", ""sel_4th_pre_req_pre"": ""0"", ""sel_4th_pre_req"": ""31"", ""sel_4th_pre_bid"": ""+296500"", ""sel_3th_pre_req_pre"": ""0"", ""sel_3th_pre_req"": ""579"", ""sel_3th_pre_bid"": ""+296000"", ""sel_2th_pre_req_pre"": ""0"", ""sel_2th_pre_req"": ""101"", ""sel_2th_pre_bid"": ""+295500"", ""sel_1th_pre_req_pre"": ""0"", ""sel_fpr_req"": ""336"", ""sel_fpr_bid"": ""+295000"", ""buy_fpr_bid"": ""+293500"", ""buy_fpr_req"": ""378"", ""buy_1th_pre_req_pre"": ""0"", ""buy_2th_pre_bid"": ""+293000"", ""buy_2th_pre_req"": ""21"", ""buy_2th_pre_req_pre"": ""0"", ""buy_3th_pre_bid"": ""+292500"", ""buy_3th_pre_req"": ""111"", ""buy_3th_pre_req_pre"": ""0"", ""buy_4th_pre_bid"": ""+292000"", ""buy_4th_pre_req"": ""344"", ""buy_4th_pre_req_pre"": ""0"", ""buy_5th_pre_bid"": ""+291500"", ""buy_5th_pre_req"": ""173"", ""buy_5th_pre_req_pre"": ""0"", ""buy_6th_pre_bid"": ""+291000"", ""buy_6th_pre_req"": ""278"", ""buy_6th_pre_req_pre"": ""0"", ""buy_7th_pre_bid"": ""+290500"", ""buy_7th_pre_req"": ""272"", ""buy_7th_pre_req_pre"": ""0"", ""buy_8th_pre_bid"": ""+290000"", ""buy_8th_pre_req"": ""308"", ""buy_8th_pre_req_pre"": ""0"", ""buy_9th_pre_bid"": ""+289500"", ""buy_9th_pre_req"": ""4205"", ""buy_9th_pre_req_pre"": ""0"", ""buy_10th_pre_bid"": ""+289000"", ""buy_10th_pre_req"": ""148"", ""buy_10th_pre_req_pre"": ""--3"", ""tot_sel_req_jub_pre"": ""+1171"", ""tot_sel_req"": ""3493"", ""tot_buy_req"": ""6238"", ""tot_buy_req_jub_pre"": ""--3"", ""ovt_sel_req_pre"": ""0"", ""ovt_sel_req"": ""0"", ""ovt_buy_req"": ""0"", ""ovt_buy_req_pre"": ""0"", ""return_code"": 0, ""return_msg"": ""정상적으로 처리되었습니다""}"
2026-06-10,scan_candidate,017670,,0,main_scan,107900,,107900,107300,107900,107000,-1.2974976830398517,0.5560704355885079,,,,,,"{""bid_req_base_tm"": ""093456"", ""sel_10th_pre_req_pre"": ""0"", ""sel_10th_pre_req"": ""203"", ""sel_10th_pre_bid"": ""+108800"", ""sel_9th_pre_req_pre"": ""0"", ""sel_9th_pre_req"": ""45"", ""sel_9th_pre_bid"": ""+108700"", ""sel_8th_pre_req_pre"": ""0"", ""sel_8th_pre_req"": ""34"", ""sel_8th_pre_bid"": ""+108600"", ""sel_7th_pre_req_pre"": ""0"", ""sel_7th_pre_req"": ""6218"", ""sel_7th_pre_bid"": ""+108500"", ""sel_6th_pre_req_pre"": ""0"", ""sel_6th_pre_req"": ""464"", ""sel_6th_pre_bid"": ""+108400"", ""sel_5th_pre_req_pre"": ""0"", ""sel_5th_pre_req"": ""87"", ""sel_5th_pre_bid"": ""+108300"", ""sel_4th_pre_req_pre"": ""0"", ""sel_4th_pre_req"": ""85"", ""sel_4th_pre_bid"": ""+108200"", ""sel_3th_pre_req_pre"": ""0"", ""sel_3th_pre_req"": ""331"", ""sel_3th_pre_bid"": ""108100"", ""sel_2th_pre_req_pre"": ""0"", ""sel_2th_pre_req"": ""39"", ""sel_2th_pre_bid"": ""-108000"", ""sel_1th_pre_req_pre"": ""--350"", ""sel_fpr_req"": ""28"", ""sel_fpr_bid"": ""-107900"", ""buy_fpr_bid"": ""-107300"", ""buy_fpr_req"": ""15"", ""buy_1th_pre_req_pre"": ""0"", ""buy_2th_pre_bid"": ""-107200"", ""buy_2th_pre_req"": ""340"", ""buy_2th_pre_req_pre"": ""0"", ""buy_3th_pre_bid"": ""-107100"", ""buy_3th_pre_req"": ""82"", ""buy_3th_pre_req_pre"": ""0"", ""buy_4th_pre_bid"": ""-107000"", ""buy_4th_pre_req"": ""886"", ""buy_4th_pre_req_pre"": ""0"", ""buy_5th_pre_bid"": ""-106900"", ""buy_5th_pre_req"": ""639"", ""buy_5th_pre_req_pre"": ""0"", ""buy_6th_pre_bid"": ""-106800"", ""buy_6th_pre_req"": ""766"", ""buy_6th_pre_req_pre"": ""0"", ""buy_7th_pre_bid"": ""-106700"", ""buy_7th_pre_req"": ""476"", ""buy_7th_pre_req_pre"": ""0"", ""buy_8th_pre_bid"": ""-106600"", ""buy_8th_pre_req"": ""1326"", ""buy_8th_pre_req_pre"": ""0"", ""buy_9th_pre_bid"": ""-106500"", ""buy_9th_pre_req"": ""1079"", ""buy_9th_pre_req_pre"": ""0"", ""buy_10th_pre_bid"": ""-106400"", ""buy_10th_pre_req"": ""239"", ""buy_10th_pre_req_pre"": ""0"", ""tot_sel_req_jub_pre"": ""--350"", ""tot_sel_req"": ""7534"", ""tot_buy_req"": ""5848"", ""tot_buy_req_jub_pre"": ""0"", ""ovt_sel_req_pre"": ""0"", ""ovt_sel_req"": ""0"", ""ovt_buy_req"": ""0"", ""ovt_buy_req_pre"": ""0"", ""return_code"": 0, ""return_msg"": ""정상적으로 처리되었습니다""}"
2026-06-10,scan_candidate,316140,,0,main_scan,30000,,30000,29950,30000,29950,-0.33333333333333337,0.16666666666666669,,,,,,"{""bid_req_base_tm"": ""093456"", ""sel_10th_pre_req_pre"": ""0"", ""sel_10th_pre_req"": ""1483"", ""sel_10th_pre_bid"": ""+30450"", ""sel_9th_pre_req_pre"": ""0"", ""sel_9th_pre_req"": ""692"", ""sel_9th_pre_bid"": ""+30400"", ""sel_8th_pre_req_pre"": ""0"", ""sel_8th_pre_req"": ""1580"", ""sel_8th_pre_bid"": ""+30350"", ""sel_7th_pre_req_pre"": ""0"", ""sel_7th_pre_req"": ""1256"", ""sel_7th_pre_bid"": ""+30300"", ""sel_6th_pre_req_pre"": ""0"", ""sel_6th_pre_req"": ""599"", ""sel_6th_pre_bid"": ""+30250"", ""sel_5th_pre_req_pre"": ""0"", ""sel_5th_pre_req"": ""722"", ""sel_5th_pre_bid"": ""+30200"", ""sel_4th_pre_req_pre"": ""0"", ""sel_4th_pre_req"": ""2466"", ""sel_4th_pre_bid"": ""+30150"", ""sel_3th_pre_req_pre"": ""0"", ""sel_3th_pre_req"": ""2031"", ""sel_3th_pre_bid"": ""+30100"", ""sel_2th_pre_req_pre"": ""0"", ""sel_2th_pre_req"": ""1196"", ""sel_2th_pre_bid"": ""+30050"", ""sel_1th_pre_req_pre"": ""0"", ""sel_fpr_req"": ""2012"", ""sel_fpr_bid"": ""30000"", ""buy_fpr_bid"": ""-29950"", ""buy_fpr_req"": ""324"", ""buy_1th_pre_req_pre"": ""0"", ""buy_2th_pre_bid"": ""-29900"", ""buy_2th_pre_req"": ""1368"", ""buy_2th_pre_req_pre"": ""0"", ""buy_3th_pre_bid"": ""-29850"", ""buy_3th_pre_req"": ""270"", ""buy_3th_pre_req_pre"": ""0"", ""buy_4th_pre_bid"": ""-29800"", ""buy_4th_pre_req"": ""1395"", ""buy_4th_pre_req_pre"": ""+1"", ""buy_5th_pre_bid"": ""-29750"", ""buy_5th_pre_req"": ""2370"", ""buy_5th_pre_req_pre"": ""0"", ""buy_6th_pre_bid"": ""-29700"", ""buy_6th_pre_req"": ""2169"", ""buy_6th_pre_req_pre"": ""0"", ""buy_7th_pre_bid"": ""-29650"", ""buy_7th_pre_req"": ""1299"", ""buy_7th_pre_req_pre"": ""0"", ""buy_8th_pre_bid"": ""-29600"", ""buy_8th_pre_req"": ""3959"", ""buy_8th_pre_req_pre"": ""0"", ""buy_9th_pre_bid"": ""-29550"", ""buy_9th_pre_req"": ""487"", ""buy_9th_pre_req_pre"": ""0"", ""buy_10th_pre_bid"": ""-29500"", ""buy_10th_pre_req"": ""1936"", ""buy_10th_pre_req_pre"": ""0"", ""tot_sel_req_jub_pre"": ""0"", ""tot_sel_req"": ""14037"", ""tot_buy_req"": ""15577"", ""tot_buy_req_jub_pre"": ""+1"", ""ovt_sel_req_pre"": ""0"", ""ovt_sel_req"": ""0"", ""ovt_buy_req"": ""0"", ""ovt_buy_req_pre"": ""0"", ""return_code"": 0, ""return_msg"": ""정상적으로 처리되었습니다""}"
2026-06-10,scan_candidate,018260,,0,main_scan,236500,,236500,236000,236500,237500,0.21141649048625794,0.21141649048625794,,,,,,"{""bid_req_base_tm"": ""093457"", ""sel_10th_pre_req_pre"": ""0"", ""sel_10th_pre_req"": ""268"", ""sel_10th_pre_bid"": ""-241000"", ""sel_9th_pre_req_pre"": ""0"", ""sel_9th_pre_req"": ""70"", ""sel_9th_pre_bid"": ""-240500"", ""sel_8th_pre_req_pre"": ""0"", ""sel_8th_pre_req"": ""147"", ""sel_8th_pre_bid"": ""-240000"", ""sel_7th_pre_req_pre"": ""0"", ""sel_7th_pre_req"": ""59"", ""sel_7th_pre_bid"": ""-239500"", ""sel_6th_pre_req_pre"": ""0"", ""sel_6th_pre_req"": ""52"", ""sel_6th_pre_bid"": ""-239000"", ""sel_5th_pre_req_pre"": ""0"", ""sel_5th_pre_req"": ""863"", ""sel_5th_pre_bid"": ""-238500"", ""sel_4th_pre_req_pre"": ""0"", ""sel_4th_pre_req"": ""488"", ""sel_4th_pre_bid"": ""-238000"", ""sel_3th_pre_req_pre"": ""0"", ""sel_3th_pre_req"": ""75"", ""sel_3th_pre_bid"": ""-237500"", ""sel_2th_pre_req_pre"": ""0"", ""sel_2th_pre_req"": ""60"", ""sel_2th_pre_bid"": ""-237000"", ""sel_1th_pre_req_pre"": ""+17"", ""sel_fpr_req"": ""653"", ""sel_fpr_bid"": ""-236500"", ""buy_fpr_bid"": ""-236000"", ""buy_fpr_req"": ""341"", ""buy_1th_pre_req_pre"": ""0"", ""buy_2th_pre_bid"": ""-235500"", ""buy_2th_pre_req"": ""226"", ""buy_2th_pre_req_pre"": ""0"", ""buy_3th_pre_bid"": ""-235000"", ""buy_3th_pre_req"": ""1782"", ""buy_3th_pre_req_pre"": ""0"", ""buy_4th_pre_bid"": ""-234500"", ""buy_4th_pre_req"": ""1060"", ""buy_4th_pre_req_pre"": ""0"", ""buy_5th_pre_bid"": ""-234000"", ""buy_5th_pre_req"": ""727"", ""buy_5th_pre_req_pre"": ""0"", ""buy_6th_pre_bid"": ""-233500"", ""buy_6th_pre_req"": ""685"", ""buy_6th_pre_req_pre"": ""0"", ""buy_7th_pre_bid"": ""-233000"", ""buy_7th_pre_req"": ""1853"", ""buy_7th_pre_req_pre"": ""0"", ""buy_8th_pre_bid"": ""-232500"", ""buy_8th_pre_req"": ""243"", ""buy_8th_pre_req_pre"": ""0"", ""buy_9th_pre_bid"": ""-232000"", ""buy_9th_pre_req"": ""1521"", ""buy_9th_pre_req_pre"": ""0"", ""buy_10th_pre_bid"": ""-231500"", ""buy_10th_pre_req"": ""434"", ""buy_10th_pre_req_pre"": ""0"", ""tot_sel_req_jub_pre"": ""+17"", ""tot_sel_req"": ""2735"", ""tot_buy_req"": ""8872"", ""tot_buy_req_jub_pre"": ""0"", ""ovt_sel_req_pre"": ""0"", ""ovt_sel_req"": ""0"", ""ovt_buy_req"": ""0"", ""ovt_buy_req_pre"": ""0"", ""return_code"": 0, ""return_msg"": ""정상적으로 처리되었습니다""}"
2026-06-10,scan_candidate,033780,,0,main_scan,184800,,184800,184700,184800,185000,-0.16233766233766234,0.05411255411255411,,,,,,"{""bid_req_base_tm"": ""093456"", ""sel_10th_pre_req_pre"": ""0"", ""sel_10th_pre_req"": ""225"", ""sel_10th_pre_bid"": ""+185900"", ""sel_9th_pre_req_pre"": ""0"", ""sel_9th_pre_req"": ""184"", ""sel_9th_pre_bid"": ""+185800"", ""sel_8th_pre_req_pre"": ""0"", ""sel_8th_pre_req"": ""104"", ""sel_8th_pre_bid"": ""+185700"", ""sel_7th_pre_req_pre"": ""0"", ""sel_7th_pre_req"": ""341"", ""sel_7th_pre_bid"": ""+185600"", ""sel_6th_pre_req_pre"": ""0"", ""sel_6th_pre_req"": ""687"", ""sel_6th_pre_bid"": ""+185500"", ""sel_5th_pre_req_pre"": ""0"", ""sel_5th_pre_req"": ""48"", ""sel_5th_pre_bid"": ""+185400"", ""sel_4th_pre_req_pre"": ""0"", ""sel_4th_pre_req"": ""7"", ""sel_4th_pre_bid"": ""+185300"", ""sel_3th_pre_req_pre"": ""--7"", ""sel_3th_pre_req"": ""10"", ""sel_3th_pre_bid"": ""+185100"", ""sel_2th_pre_req_pre"": ""0"", ""sel_2th_pre_req"": ""2"", ""sel_2th_pre_bid"": ""+184900"", ""sel_1th_pre_req_pre"": ""--14"", ""sel_fpr_req"": ""2"", ""sel_fpr_bid"": ""+184800"", ""buy_fpr_bid"": ""+184700"", ""buy_fpr_req"": ""1740"", ""buy_1th_pre_req_pre"": ""0"", ""buy_2th_pre_bid"": ""+184500"", ""buy_2th_pre_req"": ""247"", ""buy_2th_pre_req_pre"": ""0"", ""buy_3th_pre_bid"": ""+184400"", ""buy_3th_pre_req"": ""95"", ""buy_3th_pre_req_pre"": ""0"", ""buy_4th_pre_bid"": ""-184200"", ""buy_4th_pre_req"": ""200"", ""buy_4th_pre_req_pre"": ""0"", ""buy_5th_pre_bid"": ""-184100"", ""buy_5th_pre_req"": ""360"", ""buy_5th_pre_req_pre"": ""0"", ""buy_6th_pre_bid"": ""-184000"", ""buy_6th_pre_req"": ""40"", ""buy_6th_pre_req_pre"": ""0"", ""buy_7th_pre_bid"": ""-183700"", ""buy_7th_pre_req"": ""2"", ""buy_7th_pre_req_pre"": ""0"", ""buy_8th_pre_bid"": ""-183500"", ""buy_8th_pre_req"": ""4"", ""buy_8th_pre_req_pre"": ""0"", ""buy_9th_pre_bid"": ""-183400"", ""buy_9th_pre_req"": ""10"", ""buy_9th_pre_req_pre"": ""0"", ""buy_10th_pre_bid"": ""-183300"", ""buy_10th_pre_req"": ""7"", ""buy_10th_pre_req_pre"": ""0"", ""tot_sel_req_jub_pre"": ""--21"", ""tot_sel_req"": ""1610"", ""tot_buy_req"": ""2705"", ""tot_buy_req_jub_pre"": ""0"", ""ovt_sel_req_pre"": ""0"", ""ovt_sel_req"": ""0"", ""ovt_buy_req"": ""0"", ""ovt_buy_req_pre"": ""0"", ""return_code"": 0, ""return_msg"": ""정상적으로 처리되었습니다""}"
2026-06-10,scan_candidate,307950,,0,main_scan,707000,,707000,706000,707000,709000,0.14144271570014144,0.14144271570014144,,,,,,"{""bid_req_base_tm"": ""093457"", ""sel_10th_pre_req_pre"": ""0"", ""sel_10th_pre_req"": ""36"", ""sel_10th_pre_bid"": ""+716000"", ""sel_9th_pre_req_pre"": ""0"", ""sel_9th_pre_req"": ""110"", ""sel_9th_pre_bid"": ""+715000"", ""sel_8th_pre_req_pre"": ""0"", ""sel_8th_pre_req"": ""98"", ""sel_8th_pre_bid"": ""+714000"", ""sel_7th_pre_req_pre"": ""0"", ""sel_7th_pre_req"": ""8"", ""sel_7th_pre_bid"": ""+713000"", ""sel_6th_pre_req_pre"": ""0"", ""sel_6th_pre_req"": ""11"", ""sel_6th_pre_bid"": ""+712000"", ""sel_5th_pre_req_pre"": ""0"", ""sel_5th_pre_req"": ""22"", ""sel_5th_pre_bid"": ""+711000"", ""sel_4th_pre_req_pre"": ""0"", ""sel_4th_pre_req"": ""17"", ""sel_4th_pre_bid"": ""+710000"", ""sel_3th_pre_req_pre"": ""0"", ""sel_3th_pre_req"": ""22"", ""sel_3th_pre_bid"": ""+709000"", ""sel_2th_pre_req_pre"": ""0"", ""sel_2th_pre_req"": ""70"", ""sel_2th_pre_bid"": ""+708000"", ""sel_1th_pre_req_pre"": ""0"", ""sel_fpr_req"": ""53"", ""sel_fpr_bid"": ""+707000"", ""buy_fpr_bid"": ""+706000"", ""buy_fpr_req"": ""57"", ""buy_1th_pre_req_pre"": ""+13"", ""buy_2th_pre_bid"": ""+705000"", ""buy_2th_pre_req"": ""160"", ""buy_2th_pre_req_pre"": ""0"", ""buy_3th_pre_bid"": ""+704000"", ""buy_3th_pre_req"": ""48"", ""buy_3th_pre_req_pre"": ""0"", ""buy_4th_pre_bid"": ""+703000"", ""buy_4th_pre_req"": ""37"", ""buy_4th_pre_req_pre"": ""0"", ""buy_5th_pre_bid"": ""+702000"", ""buy_5th_pre_req"": ""291"", ""buy_5th_pre_req_pre"": ""0"", ""buy_6th_pre_bid"": ""+701000"", ""buy_6th_pre_req"": ""1000"", ""buy_6th_pre_req_pre"": ""0"", ""buy_7th_pre_bid"": ""+700000"", ""buy_7th_pre_req"": ""482"", ""buy_7th_pre_req_pre"": ""0"", ""buy_8th_pre_bid"": ""+699000"", ""buy_8th_pre_req"": ""307"", ""buy_8th_pre_req_pre"": ""0"", ""buy_9th_pre_bid"": ""+698000"", ""buy_9th_pre_req"": ""178"", ""buy_9th_pre_req_pre"": ""0"", ""buy_10th_pre_bid"": ""+697000"", ""buy_10th_pre_req"": ""144"", ""buy_10th_pre_req_pre"": ""0"", ""tot_sel_req_jub_pre"": ""0"", ""tot_sel_req"": ""447"", ""tot_buy_req"": ""2704"", ""tot_buy_req_jub_pre"": ""+13"", ""ovt_sel_req_pre"": ""0"", ""ovt_sel_req"": ""0"", ""ovt_buy_req"": ""0"", ""ovt_buy_req_pre"": ""0"", ""return_code"": 0, ""return_msg"": ""정상적으로 처리되었습니다""}"
2026-06-10,scan_candidate,138040,,0,main_scan,108200,,108200,108100,108200,108000,-0.6469500924214419,0.09242144177449169,,,,,,"{""bid_req_base_tm"": ""093457"", ""sel_10th_pre_req_pre"": ""0"", ""sel_10th_pre_req"": ""41"", ""sel_10th_pre_bid"": ""109100"", ""sel_9th_pre_req_pre"": ""0"", ""sel_9th_pre_req"": ""649"", ""sel_9th_pre_bid"": ""-109000"", ""sel_8th_pre_req_pre"": ""0"", ""sel_8th_pre_req"": ""10"", ""sel_8th_pre_bid"": ""-108900"", ""sel_7th_pre_req_pre"": ""0"", ""sel_7th_pre_req"": ""17"", ""sel_7th_pre_bid"": ""-108800"", ""sel_6th_pre_req_pre"": ""0"", ""sel_6th_pre_req"": ""9"", ""sel_6th_pre_bid"": ""-108700"", ""sel_5th_pre_req_pre"": ""0"", ""sel_5th_pre_req"": ""1"", ""sel_5th_pre_bid"": ""-108600"", ""sel_4th_pre_req_pre"": ""0"", ""sel_4th_pre_req"": ""63"", ""sel_4th_pre_bid"": ""-108500"", ""sel_3th_pre_req_pre"": ""0"", ""sel_3th_pre_req"": ""42"", ""sel_3th_pre_bid"": ""-108400"", ""sel_2th_pre_req_pre"": ""--24"", ""sel_2th_pre_req"": ""420"", ""sel_2th_pre_bid"": ""-108300"", ""sel_1th_pre_req_pre"": ""+24"", ""sel_fpr_req"": ""31"", ""sel_fpr_bid"": ""-108200"", ""buy_fpr_bid"": ""-108100"", ""buy_fpr_req"": ""6"", ""buy_1th_pre_req_pre"": ""0"", ""buy_2th_pre_bid"": ""-108000"", ""buy_2th_pre_req"": ""152"", ""buy_2th_pre_req_pre"": ""0"", ""buy_3th_pre_bid"": ""-107800"", ""buy_3th_pre_req"": ""705"", ""buy_3th_pre_req_pre"": ""0"", ""buy_4th_pre_bid"": ""-107700"", ""buy_4th_pre_req"": ""133"", ""buy_4th_pre_req_pre"": ""0"", ""buy_5th_pre_bid"": ""-107600"", ""buy_5th_pre_req"": ""31"", ""buy_5th_pre_req_pre"": ""0"", ""buy_6th_pre_bid"": ""-107500"", ""buy_6th_pre_req"": ""784"", ""buy_6th_pre_req_pre"": ""0"", ""buy_7th_pre_bid"": ""-107400"", ""buy_7th_pre_req"": ""325"", ""buy_7th_pre_req_pre"": ""0"", ""buy_8th_pre_bid"": ""-107300"", ""buy_8th_pre_req"": ""128"", ""buy_8th_pre_req_pre"": ""0"", ""buy_9th_pre_bid"": ""-107200"", ""buy_9th_pre_req"": ""184"", ""buy_9th_pre_req_pre"": ""0"", ""buy_10th_pre_bid"": ""-107100"", ""buy_10th_pre_req"": ""675"", ""buy_10th_pre_req_pre"": ""0"", ""tot_sel_req_jub_pre"": ""0"", ""tot_sel_req"": ""1283"", ""tot_buy_req"": ""3123"", ""tot_buy_req_jub_pre"": ""0"", ""ovt_sel_req_pre"": ""0"", ""ovt_sel_req"": ""0"", ""ovt_buy_req"": ""0"", ""ovt_buy_req_pre"": ""0"", ""return_code"": 0, ""return_msg"": ""정상적으로 처리되었습니다""}"
2026-06-10,scan_candidate,003550,,0,main_scan,109300,,109300,109200,109300,108500,-1.1893870082342177,0.09149130832570906,,,,,,"{""bid_req_base_tm"": ""093457"", ""sel_10th_pre_req_pre"": ""0"", ""sel_10th_pre_req"": ""1"", ""sel_10th_pre_bid"": ""-110400"", ""sel_9th_pre_req_pre"": ""0"", ""sel_9th_pre_req"": ""25"", ""sel_9th_pre_bid"": ""-110300"", ""sel_8th_pre_req_pre"": ""0"", ""sel_8th_pre_req"": ""77"", ""sel_8th_pre_bid"": ""-110200"", ""sel_7th_pre_req_pre"": ""0"", ""sel_7th_pre_req"": ""1"", ""sel_7th_pre_bid"": ""-110100"", ""sel_6th_pre_req_pre"": ""0"", ""sel_6th_pre_req"": ""5090"", ""sel_6th_pre_bid"": ""-110000"", ""sel_5th_pre_req_pre"": ""0"", ""sel_5th_pre_req"": ""23"", ""sel_5th_pre_bid"": ""-109800"", ""sel_4th_pre_req_pre"": ""0"", ""sel_4th_pre_req"": ""218"", ""sel_4th_pre_bid"": ""-109700"", ""sel_3th_pre_req_pre"": ""--45"", ""sel_3th_pre_req"": ""908"", ""sel_3th_pre_bid"": ""-109600"", ""sel_2th_pre_req_pre"": ""0"", ""sel_2th_pre_req"": ""81"", ""sel_2th_pre_bid"": ""-109400"", ""sel_1th_pre_req_pre"": ""0"", ""sel_fpr_req"": ""579"", ""sel_fpr_bid"": ""-109300"", ""buy_fpr_bid"": ""-109200"", ""buy_fpr_req"": ""141"", ""buy_1th_pre_req_pre"": ""+5"", ""buy_2th_pre_bid"": ""-109100"", ""buy_2th_pre_req"": ""175"", ""buy_2th_pre_req_pre"": ""0"", ""buy_3th_pre_bid"": ""-109000"", ""buy_3th_pre_req"": ""233"", ""buy_3th_pre_req_pre"": ""0"", ""buy_4th_pre_bid"": ""-108900"", ""buy_4th_pre_req"": ""23"", ""buy_4th_pre_req_pre"": ""0"", ""buy_5th_pre_bid"": ""-108800"", ""buy_5th_pre_req"": ""20"", ""buy_5th_pre_req_pre"": ""0"", ""buy_6th_pre_bid"": ""-108700"", ""buy_6th_pre_req"": ""106"", ""buy_6th_pre_req_pre"": ""0"", ""buy_7th_pre_bid"": ""-108600"", ""buy_7th_pre_req"": ""54"", ""buy_7th_pre_req_pre"": ""0"", ""buy_8th_pre_bid"": ""-108500"", ""buy_8th_pre_req"": ""106"", ""buy_8th_pre_req_pre"": ""0"", ""buy_9th_pre_bid"": ""-108400"", ""buy_9th_pre_req"": ""4"", ""buy_9th_pre_req_pre"": ""0"", ""buy_10th_pre_bid"": ""-108300"", ""buy_10th_pre_req"": ""13"", ""buy_10th_pre_req_pre"": ""0"", ""tot_sel_req_jub_pre"": ""--109"", ""tot_sel_req"": ""7003"", ""tot_buy_req"": ""875"", ""tot_buy_req_jub_pre"": ""+5"", ""ovt_sel_req_pre"": ""0"", ""ovt_sel_req"": ""0"", ""ovt_buy_req"": ""0"", ""ovt_buy_req_pre"": ""0"", ""return_code"": 0, ""return_msg"": ""정상적으로 처리되었습니다""}"
2026-06-10,scan_candidate,024110,,0,main_scan,20950,,20950,20900,20950,20700,-1.431980906921241,0.23866348448687352,,,,,,"{""bid_req_base_tm"": ""093457"", ""sel_10th_pre_req_pre"": ""0"", ""sel_10th_pre_req"": ""11648"", ""sel_10th_pre_bid"": ""+21400"", ""sel_9th_pre_req_pre"": ""0"", ""sel_9th_pre_req"": ""3217"", ""sel_9th_pre_bid"": ""+21350"", ""sel_8th_pre_req_pre"": ""0"", ""sel_8th_pre_req"": ""6977"", ""sel_8th_pre_bid"": ""+21300"", ""sel_7th_pre_req_pre"": ""0"", ""sel_7th_pre_req"": ""9490"", ""sel_7th_pre_bid"": ""+21250"", ""sel_6th_pre_req_pre"": ""0"", ""sel_6th_pre_req"": ""7423"", ""sel_6th_pre_bid"": ""+21200"", ""sel_5th_pre_req_pre"": ""0"", ""sel_5th_pre_req"": ""6849"", ""sel_5th_pre_bid"": ""+21150"", ""sel_4th_pre_req_pre"": ""0"", ""sel_4th_pre_req"": ""9108"", ""sel_4th_pre_bid"": ""+21100"", ""sel_3th_pre_req_pre"": ""0"", ""sel_3th_pre_req"": ""6988"", ""sel_3th_pre_bid"": ""+21050"", ""sel_2th_pre_req_pre"": ""0"", ""sel_2th_pre_req"": ""13498"", ""sel_2th_pre_bid"": ""+21000"", ""sel_1th_pre_req_pre"": ""0"", ""sel_fpr_req"": ""2954"", ""sel_fpr_bid"": ""+20950"", ""buy_fpr_bid"": ""+20900"", ""buy_fpr_req"": ""298"", ""buy_1th_pre_req_pre"": ""--25"", ""buy_2th_pre_bid"": ""+20850"", ""buy_2th_pre_req"": ""366"", ""buy_2th_pre_req_pre"": ""0"", ""buy_3th_pre_bid"": ""+20800"", ""buy_3th_pre_req"": ""451"", ""buy_3th_pre_req_pre"": ""0"", ""buy_4th_pre_bid"": ""+20750"", ""buy_4th_pre_req"": ""3671"", ""buy_4th_pre_req_pre"": ""0"", ""buy_5th_pre_bid"": ""+20700"", ""buy_5th_pre_req"": ""1013"", ""buy_5th_pre_req_pre"": ""0"", ""buy_6th_pre_bid"": ""+20650"", ""buy_6th_pre_req"": ""635"", ""buy_6th_pre_req_pre"": ""0"", ""buy_7th_pre_bid"": ""+20600"", ""buy_7th_pre_req"": ""1826"", ""buy_7th_pre_req_pre"": ""0"", ""buy_8th_pre_bid"": ""20550"", ""buy_8th_pre_req"": ""1771"", ""buy_8th_pre_req_pre"": ""0"", ""buy_9th_pre_bid"": ""-20500"", ""buy_9th_pre_req"": ""1337"", ""buy_9th_pre_req_pre"": ""0"", ""buy_10th_pre_bid"": ""-20450"", ""buy_10th_pre_req"": ""1196"", ""buy_10th_pre_req_pre"": ""0"", ""tot_sel_req_jub_pre"": ""0"", ""tot_sel_req"": ""78152"", ""tot_buy_req"": ""12564"", ""tot_buy_req_jub_pre"": ""--25"", ""ovt_sel_req_pre"": ""0"", ""ovt_sel_req"": ""0"", ""ovt_buy_req"": ""0"", ""ovt_buy_req_pre"": ""0"", ""return_code"": 0, ""return_msg"": ""정상적으로 처리되었습니다""}"
2026-06-10,scan_candidate,079550,,0,main_scan,790000,,790000,789000,790000,787000,-0.5063291139240507,0.12658227848101267,,,,,,"{""bid_req_base_tm"": ""093458"", ""sel_10th_pre_req_pre"": ""--1"", ""sel_10th_pre_req"": ""308"", ""sel_10th_pre_bid"": ""+799000"", ""sel_9th_pre_req_pre"": ""+1"", ""sel_9th_pre_req"": ""399"", ""sel_9th_pre_bid"": ""+798000"", ""sel_8th_pre_req_pre"": ""0"", ""sel_8th_pre_req"": ""448"", ""sel_8th_pre_bid"": ""+797000"", ""sel_7th_pre_req_pre"": ""0"", ""sel_7th_pre_req"": ""115"", ""sel_7th_pre_bid"": ""+796000"", ""sel_6th_pre_req_pre"": ""0"", ""sel_6th_pre_req"": ""1868"", ""sel_6th_pre_bid"": ""+795000"", ""sel_5th_pre_req_pre"": ""0"", ""sel_5th_pre_req"": ""194"", ""sel_5th_pre_bid"": ""+794000"", ""sel_4th_pre_req_pre"": ""0"", ""sel_4th_pre_req"": ""31"", ""sel_4th_pre_bid"": ""+793000"", ""sel_3th_pre_req_pre"": ""0"", ""sel_3th_pre_req"": ""23"", ""sel_3th_pre_bid"": ""+792000"", ""sel_2th_pre_req_pre"": ""0"", ""sel_2th_pre_req"": ""52"", ""sel_2th_pre_bid"": ""+791000"", ""sel_1th_pre_req_pre"": ""0"", ""sel_fpr_req"": ""30"", ""sel_fpr_bid"": ""+790000"", ""buy_fpr_bid"": ""+789000"", ""buy_fpr_req"": ""21"", ""buy_1th_pre_req_pre"": ""--9"", ""buy_2th_pre_bid"": ""+788000"", ""buy_2th_pre_req"": ""264"", ""buy_2th_pre_req_pre"": ""0"", ""buy_3th_pre_bid"": ""+787000"", ""buy_3th_pre_req"": ""242"", ""buy_3th_pre_req_pre"": ""0"", ""buy_4th_pre_bid"": ""+786000"", ""buy_4th_pre_req"": ""7"", ""buy_4th_pre_req_pre"": ""0"", ""buy_5th_pre_bid"": ""+785000"", ""buy_5th_pre_req"": ""14"", ""buy_5th_pre_req_pre"": ""0"", ""buy_6th_pre_bid"": ""+784000"", ""buy_6th_pre_req"": ""21"", ""buy_6th_pre_req_pre"": ""0"", ""buy_7th_pre_bid"": ""+783000"", ""buy_7th_pre_req"": ""24"", ""buy_7th_pre_req_pre"": ""0"", ""buy_8th_pre_bid"": ""+782000"", ""buy_8th_pre_req"": ""34"", ""buy_8th_pre_req_pre"": ""0"", ""buy_9th_pre_bid"": ""+781000"", ""buy_9th_pre_req"": ""20"", ""buy_9th_pre_req_pre"": ""0"", ""buy_10th_pre_bid"": ""+780000"", ""buy_10th_pre_req"": ""24"", ""buy_10th_pre_req_pre"": ""0"", ""tot_sel_req_jub_pre"": ""0"", ""tot_sel_req"": ""3468"", ""tot_buy_req"": ""671"", ""tot_buy_req_jub_pre"": ""--9"", ""ovt_sel_req_pre"": ""0"", ""ovt_sel_req"": ""0"", ""ovt_buy_req"": ""0"", ""ovt_buy_req_pre"": ""0"", ""return_code"": 0, ""return_msg"": ""정상적으로 처리되었습니다""}"
2026-06-10,scan_candidate,278470,,0,main_scan,417000,,417000,416500,417000,415500,-0.4796163069544364,0.1199040767386091,,,,,,"{""bid_req_base_tm"": ""093458"", ""sel_10th_pre_req_pre"": ""0"", ""sel_10th_pre_req"": ""36"", ""sel_10th_pre_bid"": ""+421500"", ""sel_9th_pre_req_pre"": ""0"", ""sel_9th_pre_req"": ""373"", ""sel_9th_pre_bid"": ""+421000"", ""sel_8th_pre_req_pre"": ""0"", ""sel_8th_pre_req"": ""186"", ""sel_8th_pre_bid"": ""+420500"", ""sel_7th_pre_req_pre"": ""0"", ""sel_7th_pre_req"": ""2485"", ""sel_7th_pre_bid"": ""+420000"", ""sel_6th_pre_req_pre"": ""0"", ""sel_6th_pre_req"": ""264"", ""sel_6th_pre_bid"": ""+419500"", ""sel_5th_pre_req_pre"": ""0"", ""sel_5th_pre_req"": ""215"", ""sel_5th_pre_bid"": ""+419000"", ""sel_4th_pre_req_pre"": ""0"", ""sel_4th_pre_req"": ""35"", ""sel_4th_pre_bid"": ""+418500"", ""sel_3th_pre_req_pre"": ""0"", ""sel_3th_pre_req"": ""328"", ""sel_3th_pre_bid"": ""+418000"", ""sel_2th_pre_req_pre"": ""0"", ""sel_2th_pre_req"": ""97"", ""sel_2th_pre_bid"": ""+417500"", ""sel_1th_pre_req_pre"": ""0"", ""sel_fpr_req"": ""139"", ""sel_fpr_bid"": ""+417000"", ""buy_fpr_bid"": ""+416500"", ""buy_fpr_req"": ""120"", ""buy_1th_pre_req_pre"": ""--1"", ""buy_2th_pre_bid"": ""+416000"", ""buy_2th_pre_req"": ""162"", ""buy_2th_pre_req_pre"": ""0"", ""buy_3th_pre_bid"": ""+415500"", ""buy_3th_pre_req"": ""224"", ""buy_3th_pre_req_pre"": ""0"", ""buy_4th_pre_bid"": ""+415000"", ""buy_4th_pre_req"": ""261"", ""buy_4th_pre_req_pre"": ""0"", ""buy_5th_pre_bid"": ""+414500"", ""buy_5th_pre_req"": ""64"", ""buy_5th_pre_req_pre"": ""0"", ""buy_6th_pre_bid"": ""+414000"", ""buy_6th_pre_req"": ""74"", ""buy_6th_pre_req_pre"": ""0"", ""buy_7th_pre_bid"": ""+413500"", ""buy_7th_pre_req"": ""27"", ""buy_7th_pre_req_pre"": ""0"", ""buy_8th_pre_bid"": ""+413000"", ""buy_8th_pre_req"": ""101"", ""buy_8th_pre_req_pre"": ""0"", ""buy_9th_pre_bid"": ""+412500"", ""buy_9th_pre_req"": ""9"", ""buy_9th_pre_req_pre"": ""0"", ""buy_10th_pre_bid"": ""+412000"", ""buy_10th_pre_req"": ""26"", ""buy_10th_pre_req_pre"": ""0"", ""tot_sel_req_jub_pre"": ""0"", ""tot_sel_req"": ""4158"", ""tot_buy_req"": ""1068"", ""tot_buy_req_jub_pre"": ""--1"", ""ovt_sel_req_pre"": ""0"", ""ovt_sel_req"": ""0"", ""ovt_buy_req"": ""0"", ""ovt_buy_req_pre"": ""0"", ""return_code"": 0, ""return_msg"": ""정상적으로 처리되었습니다""}"
2026-06-10,scan_candidate,010950,,0,main_scan,112400,,112400,112200,112400,112500,-0.3558718861209964,0.1779359430604982,,,,,,"{""bid_req_base_tm"": ""093456"", ""sel_10th_pre_req_pre"": ""0"", ""sel_10th_pre_req"": ""6"", ""sel_10th_pre_bid"": ""+113300"", ""sel_9th_pre_req_pre"": ""0"", ""sel_9th_pre_req"": ""11"", ""sel_9th_pre_bid"": ""+113200"", ""sel_8th_pre_req_pre"": ""0"", ""sel_8th_pre_req"": ""96"", ""sel_8th_pre_bid"": ""+113100"", ""sel_7th_pre_req_pre"": ""0"", ""sel_7th_pre_req"": ""107"", ""sel_7th_pre_bid"": ""+113000"", ""sel_6th_pre_req_pre"": ""0"", ""sel_6th_pre_req"": ""79"", ""sel_6th_pre_bid"": ""+112900"", ""sel_5th_pre_req_pre"": ""0"", ""sel_5th_pre_req"": ""34"", ""sel_5th_pre_bid"": ""+112800"", ""sel_4th_pre_req_pre"": ""0"", ""sel_4th_pre_req"": ""39"", ""sel_4th_pre_bid"": ""+112700"", ""sel_3th_pre_req_pre"": ""0"", ""sel_3th_pre_req"": ""1"", ""sel_3th_pre_bid"": ""+112600"", ""sel_2th_pre_req_pre"": ""0"", ""sel_2th_pre_req"": ""81"", ""sel_2th_pre_bid"": ""+112500"", ""sel_1th_pre_req_pre"": ""0"", ""sel_fpr_req"": ""639"", ""sel_fpr_bid"": ""+112400"", ""buy_fpr_bid"": ""+112200"", ""buy_fpr_req"": ""274"", ""buy_1th_pre_req_pre"": ""--12"", ""buy_2th_pre_bid"": ""+112100"", ""buy_2th_pre_req"": ""74"", ""buy_2th_pre_req_pre"": ""0"", ""buy_3th_pre_bid"": ""+112000"", ""buy_3th_pre_req"": ""5615"", ""buy_3th_pre_req_pre"": ""0"", ""buy_4th_pre_bid"": ""+111900"", ""buy_4th_pre_req"": ""2"", ""buy_4th_pre_req_pre"": ""0"", ""buy_5th_pre_bid"": ""+111700"", ""buy_5th_pre_req"": ""5"", ""buy_5th_pre_req_pre"": ""0"", ""buy_6th_pre_bid"": ""+111600"", ""buy_6th_pre_req"": ""102"", ""buy_6th_pre_req_pre"": ""0"", ""buy_7th_pre_bid"": ""+111500"", ""buy_7th_pre_req"": ""160"", ""buy_7th_pre_req_pre"": ""0"", ""buy_8th_pre_bid"": ""+111400"", ""buy_8th_pre_req"": ""4"", ""buy_8th_pre_req_pre"": ""0"", ""buy_9th_pre_bid"": ""+111300"", ""buy_9th_pre_req"": ""5"", ""buy_9th_pre_req_pre"": ""0"", ""buy_10th_pre_bid"": ""+111200"", ""buy_10th_pre_req"": ""22"", ""buy_10th_pre_req_pre"": ""0"", ""tot_sel_req_jub_pre"": ""0"", ""tot_sel_req"": ""1093"", ""tot_buy_req"": ""6263"", ""tot_buy_req_jub_pre"": ""--12"", ""ovt_sel_req_pre"": ""0"", ""ovt_sel_req"": ""0"", ""ovt_buy_req"": ""0"", ""ovt_buy_req_pre"": ""0"", ""return_code"": 0, ""return_msg"": ""정상적으로 처리되었습니다""}"
2026-06-10,scan_candidate,323410,,0,main_scan,24650,,24650,24600,24650,24450,-1.0141987829614605,0.2028397565922921,,,,,,"{""bid_req_base_tm"": ""093459"", ""sel_10th_pre_req_pre"": ""0"", ""sel_10th_pre_req"": ""957"", ""sel_10th_pre_bid"": ""+25100"", ""sel_9th_pre_req_pre"": ""0"", ""sel_9th_pre_req"": ""3121"", ""sel_9th_pre_bid"": ""+25050"", ""sel_8th_pre_req_pre"": ""0"", ""sel_8th_pre_req"": ""8773"", ""sel_8th_pre_bid"": ""+25000"", ""sel_7th_pre_req_pre"": ""0"", ""sel_7th_pre_req"": ""5147"", ""sel_7th_pre_bid"": ""+24950"", ""sel_6th_pre_req_pre"": ""0"", ""sel_6th_pre_req"": ""2735"", ""sel_6th_pre_bid"": ""+24900"", ""sel_5th_pre_req_pre"": ""0"", ""sel_5th_pre_req"": ""1801"", ""sel_5th_pre_bid"": ""+24850"", ""sel_4th_pre_req_pre"": ""0"", ""sel_4th_pre_req"": ""2986"", ""sel_4th_pre_bid"": ""+24800"", ""sel_3th_pre_req_pre"": ""0"", ""sel_3th_pre_req"": ""5091"", ""sel_3th_pre_bid"": ""+24750"", ""sel_2th_pre_req_pre"": ""0"", ""sel_2th_pre_req"": ""2577"", ""sel_2th_pre_bid"": ""+24700"", ""sel_1th_pre_req_pre"": ""--1"", ""sel_fpr_req"": ""5122"", ""sel_fpr_bid"": ""+24650"", ""buy_fpr_bid"": ""+24600"", ""buy_fpr_req"": ""911"", ""buy_1th_pre_req_pre"": ""0"", ""buy_2th_pre_bid"": ""+24550"", ""buy_2th_pre_req"": ""1121"", ""buy_2th_pre_req_pre"": ""0"", ""buy_3th_pre_bid"": ""+24500"", ""buy_3th_pre_req"": ""909"", ""buy_3th_pre_req_pre"": ""0"", ""buy_4th_pre_bid"": ""+24450"", ""buy_4th_pre_req"": ""1892"", ""buy_4th_pre_req_pre"": ""0"", ""buy_5th_pre_bid"": ""24400"", ""buy_5th_pre_req"": ""2338"", ""buy_5th_pre_req_pre"": ""0"", ""buy_6th_pre_bid"": ""-24350"", ""buy_6th_pre_req"": ""9"", ""buy_6th_pre_req_pre"": ""0"", ""buy_7th_pre_bid"": ""-24300"", ""buy_7th_pre_req"": ""806"", ""buy_7th_pre_req_pre"": ""0"", ""buy_8th_pre_bid"": ""-24250"", ""buy_8th_pre_req"": ""329"", ""buy_8th_pre_req_pre"": ""0"", ""buy_9th_pre_bid"": ""-24200"", ""buy_9th_pre_req"": ""944"", ""buy_9th_pre_req_pre"": ""0"", ""buy_10th_pre_bid"": ""-24150"", ""buy_10th_pre_req"": ""635"", ""buy_10th_pre_req_pre"": ""0"", ""tot_sel_req_jub_pre"": ""--1"", ""tot_sel_req"": ""38310"", ""tot_buy_req"": ""9894"", ""tot_buy_req_jub_pre"": ""0"", ""ovt_sel_req_pre"": ""0"", ""ovt_sel_req"": ""0"", ""ovt_buy_req"": ""0"", ""ovt_buy_req_pre"": ""0"", ""return_code"": 0, ""return_msg"": ""정상적으로 처리되었습니다""}"
2026-06-10,scan_candidate,064400,,0,main_scan,97300,,97300,97100,97300,97700,0.3083247687564234,0.20554984583761562,,,,,,"{""bid_req_base_tm"": ""093459"", ""sel_10th_pre_req_pre"": ""0"", ""sel_10th_pre_req"": ""54"", ""sel_10th_pre_bid"": ""-98300"", ""sel_9th_pre_req_pre"": ""0"", ""sel_9th_pre_req"": ""25"", ""sel_9th_pre_bid"": ""-98200"", ""sel_8th_pre_req_pre"": ""--50"", ""sel_8th_pre_req"": ""245"", ""sel_8th_pre_bid"": ""-98000"", ""sel_7th_pre_req_pre"": ""0"", ""sel_7th_pre_req"": ""66"", ""sel_7th_pre_bid"": ""-97900"", ""sel_6th_pre_req_pre"": ""0"", ""sel_6th_pre_req"": ""123"", ""sel_6th_pre_bid"": ""-97800"", ""sel_5th_pre_req_pre"": ""0"", ""sel_5th_pre_req"": ""146"", ""sel_5th_pre_bid"": ""-97700"", ""sel_4th_pre_req_pre"": ""0"", ""sel_4th_pre_req"": ""6"", ""sel_4th_pre_bid"": ""-97600"", ""sel_3th_pre_req_pre"": ""0"", ""sel_3th_pre_req"": ""133"", ""sel_3th_pre_bid"": ""-97500"", ""sel_2th_pre_req_pre"": ""0"", ""sel_2th_pre_req"": ""100"", ""sel_2th_pre_bid"": ""-97400"", ""sel_1th_pre_req_pre"": ""+100"", ""sel_fpr_req"": ""112"", ""sel_fpr_bid"": ""-97300"", ""buy_fpr_bid"": ""-97100"", ""buy_fpr_req"": ""1061"", ""buy_1th_pre_req_pre"": ""0"", ""buy_2th_pre_bid"": ""-97000"", ""buy_2th_pre_req"": ""8244"", ""buy_2th_pre_req_pre"": ""0"", ""buy_3th_pre_bid"": ""-96900"", ""buy_3th_pre_req"": ""457"", ""buy_3th_pre_req_pre"": ""0"", ""buy_4th_pre_bid"": ""-96800"", ""buy_4th_pre_req"": ""535"", ""buy_4th_pre_req_pre"": ""0"", ""buy_5th_pre_bid"": ""-96700"", ""buy_5th_pre_req"": ""966"", ""buy_5th_pre_req_pre"": ""0"", ""buy_6th_pre_bid"": ""-96600"", ""buy_6th_pre_req"": ""362"", ""buy_6th_pre_req_pre"": ""0"", ""buy_7th_pre_bid"": ""-96500"", ""buy_7th_pre_req"": ""469"", ""buy_7th_pre_req_pre"": ""+20"", ""buy_8th_pre_bid"": ""-96400"", ""buy_8th_pre_req"": ""402"", ""buy_8th_pre_req_pre"": ""0"", ""buy_9th_pre_bid"": ""-96300"", ""buy_9th_pre_req"": ""412"", ""buy_9th_pre_req_pre"": ""0"", ""buy_10th_pre_bid"": ""-96200"", ""buy_10th_pre_req"": ""314"", ""buy_10th_pre_req_pre"": ""0"", ""tot_sel_req_jub_pre"": ""+50"", ""tot_sel_req"": ""1010"", ""tot_buy_req"": ""13222"", ""tot_buy_req_jub_pre"": ""+20"", ""ovt_sel_req_pre"": ""0"", ""ovt_sel_req"": ""0"", ""ovt_buy_req"": ""0"", ""ovt_buy_req_pre"": ""0"", ""return_code"": 0, ""return_msg"": ""정상적으로 처리되었습니다""}"
2026-06-10,scan_candidate,003490,,0,main_scan,25450,,25450,25400,25450,25300,-0.7858546168958742,0.19646365422396855,,,,,,"{""bid_req_base_tm"": ""093459"", ""sel_10th_pre_req_pre"": ""0"", ""sel_10th_pre_req"": ""16676"", ""sel_10th_pre_bid"": ""+25900"", ""sel_9th_pre_req_pre"": ""0"", ""sel_9th_pre_req"": ""3897"", ""sel_9th_pre_bid"": ""+25850"", ""sel_8th_pre_req_pre"": ""0"", ""sel_8th_pre_req"": ""7813"", ""sel_8th_pre_bid"": ""+25800"", ""sel_7th_pre_req_pre"": ""--50"", ""sel_7th_pre_req"": ""12277"", ""sel_7th_pre_bid"": ""+25750"", ""sel_6th_pre_req_pre"": ""0"", ""sel_6th_pre_req"": ""13475"", ""sel_6th_pre_bid"": ""+25700"", ""sel_5th_pre_req_pre"": ""+50"", ""sel_5th_pre_req"": ""5791"", ""sel_5th_pre_bid"": ""+25650"", ""sel_4th_pre_req_pre"": ""0"", ""sel_4th_pre_req"": ""4184"", ""sel_4th_pre_bid"": ""+25600"", ""sel_3th_pre_req_pre"": ""0"", ""sel_3th_pre_req"": ""1911"", ""sel_3th_pre_bid"": ""+25550"", ""sel_2th_pre_req_pre"": ""0"", ""sel_2th_pre_req"": ""1598"", ""sel_2th_pre_bid"": ""+25500"", ""sel_1th_pre_req_pre"": ""0"", ""sel_fpr_req"": ""1789"", ""sel_fpr_bid"": ""+25450"", ""buy_fpr_bid"": ""+25400"", ""buy_fpr_req"": ""2395"", ""buy_1th_pre_req_pre"": ""0"", ""buy_2th_pre_bid"": ""+25350"", ""buy_2th_pre_req"": ""3757"", ""buy_2th_pre_req_pre"": ""0"", ""buy_3th_pre_bid"": ""+25300"", ""buy_3th_pre_req"": ""3170"", ""buy_3th_pre_req_pre"": ""0"", ""buy_4th_pre_bid"": ""+25250"", ""buy_4th_pre_req"": ""806"", ""buy_4th_pre_req_pre"": ""0"", ""buy_5th_pre_bid"": ""+25200"", ""buy_5th_pre_req"": ""986"", ""buy_5th_pre_req_pre"": ""0"", ""buy_6th_pre_bid"": ""+25150"", ""buy_6th_pre_req"": ""1463"", ""buy_6th_pre_req_pre"": ""0"", ""buy_7th_pre_bid"": ""+25100"", ""buy_7th_pre_req"": ""3139"", ""buy_7th_pre_req_pre"": ""0"", ""buy_8th_pre_bid"": ""+25050"", ""buy_8th_pre_req"": ""1694"", ""buy_8th_pre_req_pre"": ""0"", ""buy_9th_pre_bid"": ""+25000"", ""buy_9th_pre_req"": ""2653"", ""buy_9th_pre_req_pre"": ""0"", ""buy_10th_pre_bid"": ""+24950"", ""buy_10th_pre_req"": ""861"", ""buy_10th_pre_req_pre"": ""0"", ""tot_sel_req_jub_pre"": ""0"", ""tot_sel_req"": ""69411"", ""tot_buy_req"": ""20924"", ""tot_buy_req_jub_pre"": ""0"", ""ovt_sel_req_pre"": ""0"", ""ovt_sel_req"": ""0"", ""ovt_buy_req"": ""0"", ""ovt_buy_req_pre"": ""0"", ""return_code"": 0, ""return_msg"": ""정상적으로 처리되었습니다""}"
2026-06-10,scan_candidate,161390,,0,main_scan,71600,,71600,71500,71600,71700,0.0,0.13966480446927373,,,,,,"{""bid_req_base_tm"": ""093459"", ""sel_10th_pre_req_pre"": ""0"", ""sel_10th_pre_req"": ""264"", ""sel_10th_pre_bid"": ""-72500"", ""sel_9th_pre_req_pre"": ""0"", ""sel_9th_pre_req"": ""54"", ""sel_9th_pre_bid"": ""-72400"", ""sel_8th_pre_req_pre"": ""0"", ""sel_8th_pre_req"": ""23"", ""sel_8th_pre_bid"": ""-72300"", ""sel_7th_pre_req_pre"": ""0"", ""sel_7th_pre_req"": ""3"", ""sel_7th_pre_bid"": ""-72200"", ""sel_6th_pre_req_pre"": ""0"", ""sel_6th_pre_req"": ""128"", ""sel_6th_pre_bid"": ""-72100"", ""sel_5th_pre_req_pre"": ""0"", ""sel_5th_pre_req"": ""32"", ""sel_5th_pre_bid"": ""-72000"", ""sel_4th_pre_req_pre"": ""0"", ""sel_4th_pre_req"": ""399"", ""sel_4th_pre_bid"": ""-71900"", ""sel_3th_pre_req_pre"": ""0"", ""sel_3th_pre_req"": ""203"", ""sel_3th_pre_bid"": ""-71800"", ""sel_2th_pre_req_pre"": ""--3"", ""sel_2th_pre_req"": ""707"", ""sel_2th_pre_bid"": ""-71700"", ""sel_1th_pre_req_pre"": ""+3"", ""sel_fpr_req"": ""350"", ""sel_fpr_bid"": ""-71600"", ""buy_fpr_bid"": ""-71500"", ""buy_fpr_req"": ""388"", ""buy_1th_pre_req_pre"": ""+5"", ""buy_2th_pre_bid"": ""-71400"", ""buy_2th_pre_req"": ""75"", ""buy_2th_pre_req_pre"": ""0"", ""buy_3th_pre_bid"": ""-71300"", ""buy_3th_pre_req"": ""32"", ""buy_3th_pre_req_pre"": ""0"", ""buy_4th_pre_bid"": ""-71200"", ""buy_4th_pre_req"": ""46"", ""buy_4th_pre_req_pre"": ""0"", ""buy_5th_pre_bid"": ""-71100"", ""buy_5th_pre_req"": ""236"", ""buy_5th_pre_req_pre"": ""0"", ""buy_6th_pre_bid"": ""-71000"", ""buy_6th_pre_req"": ""915"", ""buy_6th_pre_req_pre"": ""0"", ""buy_7th_pre_bid"": ""-70900"", ""buy_7th_pre_req"": ""2021"", ""buy_7th_pre_req_pre"": ""0"", ""buy_8th_pre_bid"": ""-70800"", ""buy_8th_pre_req"": ""109"", ""buy_8th_pre_req_pre"": ""0"", ""buy_9th_pre_bid"": ""-70700"", ""buy_9th_pre_req"": ""71"", ""buy_9th_pre_req_pre"": ""0"", ""buy_10th_pre_bid"": ""-70600"", ""buy_10th_pre_req"": ""29"", ""buy_10th_pre_req_pre"": ""0"", ""tot_sel_req_jub_pre"": ""0"", ""tot_sel_req"": ""2163"", ""tot_buy_req"": ""3922"", ""tot_buy_req_jub_pre"": ""+5"", ""ovt_sel_req_pre"": ""0"", ""ovt_sel_req"": ""0"", ""ovt_buy_req"": ""0"", ""ovt_buy_req_pre"": ""0"", ""return_code"": 0, ""return_msg"": ""정상적으로 처리되었습니다""}"
2026-06-10,scan_candidate,003230,,0,main_scan,1141000,,1141000,1138000,1141000,1135000,-0.6134969325153374,0.26292725679228746,,,,,,"{""bid_req_base_tm"": ""093458"", ""sel_10th_pre_req_pre"": ""0"", ""sel_10th_pre_req"": ""133"", ""sel_10th_pre_bid"": ""+1150000"", ""sel_9th_pre_req_pre"": ""0"", ""sel_9th_pre_req"": ""51"", ""sel_9th_pre_bid"": ""+1149000"", ""sel_8th_pre_req_pre"": ""0"", ""sel_8th_pre_req"": ""25"", ""sel_8th_pre_bid"": ""+1148000"", ""sel_7th_pre_req_pre"": ""0"", ""sel_7th_pre_req"": ""53"", ""sel_7th_pre_bid"": ""+1147000"", ""sel_6th_pre_req_pre"": ""0"", ""sel_6th_pre_req"": ""13"", ""sel_6th_pre_bid"": ""+1146000"", ""sel_5th_pre_req_pre"": ""0"", ""sel_5th_pre_req"": ""5"", ""sel_5th_pre_bid"": ""+1145000"", ""sel_4th_pre_req_pre"": ""0"", ""sel_4th_pre_req"": ""117"", ""sel_4th_pre_bid"": ""+1144000"", ""sel_3th_pre_req_pre"": ""0"", ""sel_3th_pre_req"": ""96"", ""sel_3th_pre_bid"": ""+1143000"", ""sel_2th_pre_req_pre"": ""0"", ""sel_2th_pre_req"": ""21"", ""sel_2th_pre_bid"": ""+1142000"", ""sel_1th_pre_req_pre"": ""0"", ""sel_fpr_req"": ""1"", ""sel_fpr_bid"": ""+1141000"", ""buy_fpr_bid"": ""+1138000"", ""buy_fpr_req"": ""7"", ""buy_1th_pre_req_pre"": ""0"", ""buy_2th_pre_bid"": ""+1137000"", ""buy_2th_pre_req"": ""1"", ""buy_2th_pre_req_pre"": ""0"", ""buy_3th_pre_bid"": ""+1135000"", ""buy_3th_pre_req"": ""3"", ""buy_3th_pre_req_pre"": ""0"", ""buy_4th_pre_bid"": ""+1134000"", ""buy_4th_pre_req"": ""6"", ""buy_4th_pre_req_pre"": ""0"", ""buy_5th_pre_bid"": ""+1133000"", ""buy_5th_pre_req"": ""18"", ""buy_5th_pre_req_pre"": ""0"", ""buy_6th_pre_bid"": ""+1132000"", ""buy_6th_pre_req"": ""26"", ""buy_6th_pre_req_pre"": ""0"", ""buy_7th_pre_bid"": ""+1131000"", ""buy_7th_pre_req"": ""15"", ""buy_7th_pre_req_pre"": ""0"", ""buy_8th_pre_bid"": ""+1130000"", ""buy_8th_pre_req"": ""9"", ""buy_8th_pre_req_pre"": ""0"", ""buy_9th_pre_bid"": ""+1129000"", ""buy_9th_pre_req"": ""1"", ""buy_9th_pre_req_pre"": ""0"", ""buy_10th_pre_bid"": ""+1128000"", ""buy_10th_pre_req"": ""2"", ""buy_10th_pre_req_pre"": ""0"", ""tot_sel_req_jub_pre"": ""--24"", ""tot_sel_req"": ""515"", ""tot_buy_req"": ""88"", ""tot_buy_req_jub_pre"": ""0"", ""ovt_sel_req_pre"": ""0"", ""ovt_sel_req"": ""0"", ""ovt_buy_req"": ""0"", ""ovt_buy_req_pre"": ""0"", ""return_code"": 0, ""return_msg"": ""정상적으로 처리되었습니다""}"
2026-06-10,scan_candidate,180640,,0,main_scan,115900,,115900,115500,115900,115000,-1.2079378774805867,0.3451251078515962,,,,,,"{""bid_req_base_tm"": ""093500"", ""sel_10th_pre_req_pre"": ""0"", ""sel_10th_pre_req"": ""726"", ""sel_10th_pre_bid"": ""+116900"", ""sel_9th_pre_req_pre"": ""0"", ""sel_9th_pre_req"": ""26"", ""sel_9th_pre_bid"": ""+116800"", ""sel_8th_pre_req_pre"": ""0"", ""sel_8th_pre_req"": ""121"", ""sel_8th_pre_bid"": ""+116700"", ""sel_7th_pre_req_pre"": ""0"", ""sel_7th_pre_req"": ""111"", ""sel_7th_pre_bid"": ""+116600"", ""sel_6th_pre_req_pre"": ""0"", ""sel_6th_pre_req"": ""75"", ""sel_6th_pre_bid"": ""+116500"", ""sel_5th_pre_req_pre"": ""0"", ""sel_5th_pre_req"": ""101"", ""sel_5th_pre_bid"": ""+116400"", ""sel_4th_pre_req_pre"": ""0"", ""sel_4th_pre_req"": ""21"", ""sel_4th_pre_bid"": ""+116300"", ""sel_3th_pre_req_pre"": ""0"", ""sel_3th_pre_req"": ""11"", ""sel_3th_pre_bid"": ""+116200"", ""sel_2th_pre_req_pre"": ""0"", ""sel_2th_pre_req"": ""37"", ""sel_2th_pre_bid"": ""+116100"", ""sel_1th_pre_req_pre"": ""--2"", ""sel_fpr_req"": ""21"", ""sel_fpr_bid"": ""+115900"", ""buy_fpr_bid"": ""+115500"", ""buy_fpr_req"": ""98"", ""buy_1th_pre_req_pre"": ""0"", ""buy_2th_pre_bid"": ""+115400"", ""buy_2th_pre_req"": ""7"", ""buy_2th_pre_req_pre"": ""0"", ""buy_3th_pre_bid"": ""+115300"", ""buy_3th_pre_req"": ""12"", ""buy_3th_pre_req_pre"": ""0"", ""buy_4th_pre_bid"": ""+115200"", ""buy_4th_pre_req"": ""600"", ""buy_4th_pre_req_pre"": ""0"", ""buy_5th_pre_bid"": ""+115000"", ""buy_5th_pre_req"": ""67"", ""buy_5th_pre_req_pre"": ""0"", ""buy_6th_pre_bid"": ""+114600"", ""buy_6th_pre_req"": ""1"", ""buy_6th_pre_req_pre"": ""0"", ""buy_7th_pre_bid"": ""+114500"", ""buy_7th_pre_req"": ""2"", ""buy_7th_pre_req_pre"": ""0"", ""buy_8th_pre_bid"": ""114400"", ""buy_8th_pre_req"": ""21"", ""buy_8th_pre_req_pre"": ""0"", ""buy_9th_pre_bid"": ""-113900"", ""buy_9th_pre_req"": ""54"", ""buy_9th_pre_req_pre"": ""0"", ""buy_10th_pre_bid"": ""-113800"", ""buy_10th_pre_req"": ""56"", ""buy_10th_pre_req_pre"": ""0"", ""tot_sel_req_jub_pre"": ""--2"", ""tot_sel_req"": ""1250"", ""tot_buy_req"": ""918"", ""tot_buy_req_jub_pre"": ""0"", ""ovt_sel_req_pre"": ""0"", ""ovt_sel_req"": ""0"", ""ovt_buy_req"": ""0"", ""ovt_buy_req_pre"": ""0"", ""return_code"": 0, ""return_msg"": ""정상적으로 처리되었습니다""}"
2026-06-10,scan_candidate,454910,,0,main_scan,112000,,112000,111900,112000,112000,-0.4464285714285714,0.08928571428571429,,,,,,"{""bid_req_base_tm"": ""093500"", ""sel_10th_pre_req_pre"": ""0"", ""sel_10th_pre_req"": ""241"", ""sel_10th_pre_bid"": ""-112900"", ""sel_9th_pre_req_pre"": ""0"", ""sel_9th_pre_req"": ""97"", ""sel_9th_pre_bid"": ""-112800"", ""sel_8th_pre_req_pre"": ""0"", ""sel_8th_pre_req"": ""44"", ""sel_8th_pre_bid"": ""-112700"", ""sel_7th_pre_req_pre"": ""0"", ""sel_7th_pre_req"": ""5"", ""sel_7th_pre_bid"": ""-112600"", ""sel_6th_pre_req_pre"": ""0"", ""sel_6th_pre_req"": ""103"", ""sel_6th_pre_bid"": ""-112500"", ""sel_5th_pre_req_pre"": ""0"", ""sel_5th_pre_req"": ""61"", ""sel_5th_pre_bid"": ""-112400"", ""sel_4th_pre_req_pre"": ""0"", ""sel_4th_pre_req"": ""571"", ""sel_4th_pre_bid"": ""-112300"", ""sel_3th_pre_req_pre"": ""0"", ""sel_3th_pre_req"": ""105"", ""sel_3th_pre_bid"": ""-112200"", ""sel_2th_pre_req_pre"": ""0"", ""sel_2th_pre_req"": ""292"", ""sel_2th_pre_bid"": ""-112100"", ""sel_1th_pre_req_pre"": ""0"", ""sel_fpr_req"": ""167"", ""sel_fpr_bid"": ""-112000"", ""buy_fpr_bid"": ""-111900"", ""buy_fpr_req"": ""67"", ""buy_1th_pre_req_pre"": ""0"", ""buy_2th_pre_bid"": ""-111700"", ""buy_2th_pre_req"": ""188"", ""buy_2th_pre_req_pre"": ""0"", ""buy_3th_pre_bid"": ""-111600"", ""buy_3th_pre_req"": ""924"", ""buy_3th_pre_req_pre"": ""0"", ""buy_4th_pre_bid"": ""-111500"", ""buy_4th_pre_req"": ""3649"", ""buy_4th_pre_req_pre"": ""--1"", ""buy_5th_pre_bid"": ""-111400"", ""buy_5th_pre_req"": ""1146"", ""buy_5th_pre_req_pre"": ""0"", ""buy_6th_pre_bid"": ""-111300"", ""buy_6th_pre_req"": ""757"", ""buy_6th_pre_req_pre"": ""0"", ""buy_7th_pre_bid"": ""-111200"", ""buy_7th_pre_req"": ""740"", ""buy_7th_pre_req_pre"": ""0"", ""buy_8th_pre_bid"": ""-111100"", ""buy_8th_pre_req"": ""870"", ""buy_8th_pre_req_pre"": ""0"", ""buy_9th_pre_bid"": ""-111000"", ""buy_9th_pre_req"": ""2569"", ""buy_9th_pre_req_pre"": ""0"", ""buy_10th_pre_bid"": ""-110900"", ""buy_10th_pre_req"": ""138"", ""buy_10th_pre_req_pre"": ""0"", ""tot_sel_req_jub_pre"": ""0"", ""tot_sel_req"": ""1686"", ""tot_buy_req"": ""11048"", ""tot_buy_req_jub_pre"": ""--1"", ""ovt_sel_req_pre"": ""0"", ""ovt_sel_req"": ""0"", ""ovt_buy_req"": ""0"", ""ovt_buy_req_pre"": ""0"", ""return_code"": 0, ""return_msg"": ""정상적으로 처리되었습니다""}"
2026-06-10,scan_candidate,353200,,0,main_scan,158800,,158800,158200,158800,157500,-1.1335012594458438,0.3778337531486146,,,,,,"{""bid_req_base_tm"": ""093500"", ""sel_10th_pre_req_pre"": ""0"", ""sel_10th_pre_req"": ""999"", ""sel_10th_pre_bid"": ""+159700"", ""sel_9th_pre_req_pre"": ""0"", ""sel_9th_pre_req"": ""123"", ""sel_9th_pre_bid"": ""+159600"", ""sel_8th_pre_req_pre"": ""0"", ""sel_8th_pre_req"": ""1606"", ""sel_8th_pre_bid"": ""+159500"", ""sel_7th_pre_req_pre"": ""0"", ""sel_7th_pre_req"": ""144"", ""sel_7th_pre_bid"": ""+159400"", ""sel_6th_pre_req_pre"": ""0"", ""sel_6th_pre_req"": ""69"", ""sel_6th_pre_bid"": ""+159300"", ""sel_5th_pre_req_pre"": ""0"", ""sel_5th_pre_req"": ""77"", ""sel_5th_pre_bid"": ""+159200"", ""sel_4th_pre_req_pre"": ""0"", ""sel_4th_pre_req"": ""38"", ""sel_4th_pre_bid"": ""+159100"", ""sel_3th_pre_req_pre"": ""0"", ""sel_3th_pre_req"": ""2388"", ""sel_3th_pre_bid"": ""+159000"", ""sel_2th_pre_req_pre"": ""0"", ""sel_2th_pre_req"": ""648"", ""sel_2th_pre_bid"": ""+158900"", ""sel_1th_pre_req_pre"": ""--17"", ""sel_fpr_req"": ""103"", ""sel_fpr_bid"": ""+158800"", ""buy_fpr_bid"": ""+158200"", ""buy_fpr_req"": ""98"", ""buy_1th_pre_req_pre"": ""+8"", ""buy_2th_pre_bid"": ""+158100"", ""buy_2th_pre_req"": ""19"", ""buy_2th_pre_req_pre"": ""0"", ""buy_3th_pre_bid"": ""+158000"", ""buy_3th_pre_req"": ""18"", ""buy_3th_pre_req_pre"": ""+1"", ""buy_4th_pre_bid"": ""+157900"", ""buy_4th_pre_req"": ""24"", ""buy_4th_pre_req_pre"": ""0"", ""buy_5th_pre_bid"": ""+157800"", ""buy_5th_pre_req"": ""44"", ""buy_5th_pre_req_pre"": ""+41"", ""buy_6th_pre_bid"": ""+157400"", ""buy_6th_pre_req"": ""113"", ""buy_6th_pre_req_pre"": ""0"", ""buy_7th_pre_bid"": ""+157300"", ""buy_7th_pre_req"": ""124"", ""buy_7th_pre_req_pre"": ""0"", ""buy_8th_pre_bid"": ""+157200"", ""buy_8th_pre_req"": ""1"", ""buy_8th_pre_req_pre"": ""0"", ""buy_9th_pre_bid"": ""+156900"", ""buy_9th_pre_req"": ""1"", ""buy_9th_pre_req_pre"": ""0"", ""buy_10th_pre_bid"": ""+156800"", ""buy_10th_pre_req"": ""20"", ""buy_10th_pre_req_pre"": ""0"", ""tot_sel_req_jub_pre"": ""--17"", ""tot_sel_req"": ""6195"", ""tot_buy_req"": ""462"", ""tot_buy_req_jub_pre"": ""+29"", ""ovt_sel_req_pre"": ""0"", ""ovt_sel_req"": ""0"", ""ovt_buy_req"": ""0"", ""ovt_buy_req_pre"": ""0"", ""return_code"": 0, ""return_msg"": ""정상적으로 처리되었습니다""}"
2026-06-10,scan_candidate,326030,,0,main_scan,88800,,88800,88600,88800,88800,-0.11261261261261261,0.22522522522522523,,,,,,"{""bid_req_base_tm"": ""093457"", ""sel_10th_pre_req_pre"": ""0"", ""sel_10th_pre_req"": ""24"", ""sel_10th_pre_bid"": ""-89900"", ""sel_9th_pre_req_pre"": ""+41"", ""sel_9th_pre_req"": ""74"", ""sel_9th_pre_bid"": ""-89800"", ""sel_8th_pre_req_pre"": ""0"", ""sel_8th_pre_req"": ""6"", ""sel_8th_pre_bid"": ""-89700"", ""sel_7th_pre_req_pre"": ""0"", ""sel_7th_pre_req"": ""6"", ""sel_7th_pre_bid"": ""-89600"", ""sel_6th_pre_req_pre"": ""0"", ""sel_6th_pre_req"": ""1"", ""sel_6th_pre_bid"": ""-89500"", ""sel_5th_pre_req_pre"": ""0"", ""sel_5th_pre_req"": ""8"", ""sel_5th_pre_bid"": ""-89400"", ""sel_4th_pre_req_pre"": ""0"", ""sel_4th_pre_req"": ""201"", ""sel_4th_pre_bid"": ""-89300"", ""sel_3th_pre_req_pre"": ""0"", ""sel_3th_pre_req"": ""20"", ""sel_3th_pre_bid"": ""-89200"", ""sel_2th_pre_req_pre"": ""0"", ""sel_2th_pre_req"": ""121"", ""sel_2th_pre_bid"": ""-89000"", ""sel_1th_pre_req_pre"": ""0"", ""sel_fpr_req"": ""243"", ""sel_fpr_bid"": ""-88800"", ""buy_fpr_bid"": ""-88600"", ""buy_fpr_req"": ""77"", ""buy_1th_pre_req_pre"": ""0"", ""buy_2th_pre_bid"": ""-88500"", ""buy_2th_pre_req"": ""78"", ""buy_2th_pre_req_pre"": ""0"", ""buy_3th_pre_bid"": ""-88400"", ""buy_3th_pre_req"": ""23"", ""buy_3th_pre_req_pre"": ""0"", ""buy_4th_pre_bid"": ""-88300"", ""buy_4th_pre_req"": ""1"", ""buy_4th_pre_req_pre"": ""0"", ""buy_5th_pre_bid"": ""-88200"", ""buy_5th_pre_req"": ""12"", ""buy_5th_pre_req_pre"": ""0"", ""buy_6th_pre_bid"": ""-88100"", ""buy_6th_pre_req"": ""26"", ""buy_6th_pre_req_pre"": ""0"", ""buy_7th_pre_bid"": ""-88000"", ""buy_7th_pre_req"": ""264"", ""buy_7th_pre_req_pre"": ""0"", ""buy_8th_pre_bid"": ""-87900"", ""buy_8th_pre_req"": ""207"", ""buy_8th_pre_req_pre"": ""0"", ""buy_9th_pre_bid"": ""-87800"", ""buy_9th_pre_req"": ""31"", ""buy_9th_pre_req_pre"": ""0"", ""buy_10th_pre_bid"": ""-87700"", ""buy_10th_pre_req"": ""217"", ""buy_10th_pre_req_pre"": ""0"", ""tot_sel_req_jub_pre"": ""+41"", ""tot_sel_req"": ""704"", ""tot_buy_req"": ""936"", ""tot_buy_req_jub_pre"": ""0"", ""ovt_sel_req_pre"": ""0"", ""ovt_sel_req"": ""0"", ""ovt_buy_req"": ""0"", ""ovt_buy_req_pre"": ""0"", ""return_code"": 0, ""return_msg"": ""정상적으로 처리되었습니다""}"
2026-06-10,scan_candidate,034220,,0,main_scan,13160,,13160,13150,13160,13150,-0.4559270516717325,0.07598784194528875,,,,,,"{""bid_req_base_tm"": ""093501"", ""sel_10th_pre_req_pre"": ""0"", ""sel_10th_pre_req"": ""2290"", ""sel_10th_pre_bid"": ""-13260"", ""sel_9th_pre_req_pre"": ""0"", ""sel_9th_pre_req"": ""105"", ""sel_9th_pre_bid"": ""-13250"", ""sel_8th_pre_req_pre"": ""0"", ""sel_8th_pre_req"": ""323"", ""sel_8th_pre_bid"": ""-13240"", ""sel_7th_pre_req_pre"": ""0"", ""sel_7th_pre_req"": ""156"", ""sel_7th_pre_bid"": ""-13220"", ""sel_6th_pre_req_pre"": ""0"", ""sel_6th_pre_req"": ""1666"", ""sel_6th_pre_bid"": ""-13210"", ""sel_5th_pre_req_pre"": ""0"", ""sel_5th_pre_req"": ""14505"", ""sel_5th_pre_bid"": ""-13200"", ""sel_4th_pre_req_pre"": ""0"", ""sel_4th_pre_req"": ""1011"", ""sel_4th_pre_bid"": ""-13190"", ""sel_3th_pre_req_pre"": ""0"", ""sel_3th_pre_req"": ""47"", ""sel_3th_pre_bid"": ""-13180"", ""sel_2th_pre_req_pre"": ""0"", ""sel_2th_pre_req"": ""15000"", ""sel_2th_pre_bid"": ""-13170"", ""sel_1th_pre_req_pre"": ""--20"", ""sel_fpr_req"": ""1235"", ""sel_fpr_bid"": ""-13160"", ""buy_fpr_bid"": ""-13150"", ""buy_fpr_req"": ""20"", ""buy_1th_pre_req_pre"": ""0"", ""buy_2th_pre_bid"": ""-13140"", ""buy_2th_pre_req"": ""3760"", ""buy_2th_pre_req_pre"": ""0"", ""buy_3th_pre_bid"": ""-13130"", ""buy_3th_pre_req"": ""8420"", ""buy_3th_pre_req_pre"": ""0"", ""buy_4th_pre_bid"": ""-13120"", ""buy_4th_pre_req"": ""11167"", ""buy_4th_pre_req_pre"": ""0"", ""buy_5th_pre_bid"": ""-13110"", ""buy_5th_pre_req"": ""13162"", ""buy_5th_pre_req_pre"": ""0"", ""buy_6th_pre_bid"": ""-13100"", ""buy_6th_pre_req"": ""44500"", ""buy_6th_pre_req_pre"": ""0"", ""buy_7th_pre_bid"": ""-13090"", ""buy_7th_pre_req"": ""4754"", ""buy_7th_pre_req_pre"": ""0"", ""buy_8th_pre_bid"": ""-13080"", ""buy_8th_pre_req"": ""3838"", ""buy_8th_pre_req_pre"": ""0"", ""buy_9th_pre_bid"": ""-13070"", ""buy_9th_pre_req"": ""8430"", ""buy_9th_pre_req_pre"": ""0"", ""buy_10th_pre_bid"": ""-13060"", ""buy_10th_pre_req"": ""2677"", ""buy_10th_pre_req_pre"": ""0"", ""tot_sel_req_jub_pre"": ""--20"", ""tot_sel_req"": ""36338"", ""tot_buy_req"": ""100728"", ""tot_buy_req_jub_pre"": ""0"", ""ovt_sel_req_pre"": ""0"", ""ovt_sel_req"": ""0"", ""ovt_buy_req"": ""0"", ""ovt_buy_req_pre"": ""0"", ""return_code"": 0, ""return_msg"": ""정상적으로 처리되었습니다""}"
2026-06-10,scan_candidate,062040,,0,main_scan,226000,,226000,225500,226000,227500,0.4424778761061947,0.22123893805309736,,,,,,"{""bid_req_base_tm"": ""093500"", ""sel_10th_pre_req_pre"": ""0"", ""sel_10th_pre_req"": ""58"", ""sel_10th_pre_bid"": ""+230500"", ""sel_9th_pre_req_pre"": ""0"", ""sel_9th_pre_req"": ""387"", ""sel_9th_pre_bid"": ""+230000"", ""sel_8th_pre_req_pre"": ""0"", ""sel_8th_pre_req"": ""581"", ""sel_8th_pre_bid"": ""+229500"", ""sel_7th_pre_req_pre"": ""0"", ""sel_7th_pre_req"": ""41"", ""sel_7th_pre_bid"": ""+229000"", ""sel_6th_pre_req_pre"": ""0"", ""sel_6th_pre_req"": ""3"", ""sel_6th_pre_bid"": ""+228500"", ""sel_5th_pre_req_pre"": ""0"", ""sel_5th_pre_req"": ""14"", ""sel_5th_pre_bid"": ""+228000"", ""sel_4th_pre_req_pre"": ""0"", ""sel_4th_pre_req"": ""98"", ""sel_4th_pre_bid"": ""+227500"", ""sel_3th_pre_req_pre"": ""0"", ""sel_3th_pre_req"": ""10"", ""sel_3th_pre_bid"": ""+227000"", ""sel_2th_pre_req_pre"": ""0"", ""sel_2th_pre_req"": ""47"", ""sel_2th_pre_bid"": ""+226500"", ""sel_1th_pre_req_pre"": ""+4"", ""sel_fpr_req"": ""192"", ""sel_fpr_bid"": ""+226000"", ""buy_fpr_bid"": ""+225500"", ""buy_fpr_req"": ""208"", ""buy_1th_pre_req_pre"": ""0"", ""buy_2th_pre_bid"": ""225000"", ""buy_2th_pre_req"": ""998"", ""buy_2th_pre_req_pre"": ""0"", ""buy_3th_pre_bid"": ""-224500"", ""buy_3th_pre_req"": ""331"", ""buy_3th_pre_req_pre"": ""0"", ""buy_4th_pre_bid"": ""-224000"", ""buy_4th_pre_req"": ""113"", ""buy_4th_pre_req_pre"": ""0"", ""buy_5th_pre_bid"": ""-223500"", ""buy_5th_pre_req"": ""70"", ""buy_5th_pre_req_pre"": ""0"", ""buy_6th_pre_bid"": ""-223000"", ""buy_6th_pre_req"": ""279"", ""buy_6th_pre_req_pre"": ""0"", ""buy_7th_pre_bid"": ""-222500"", ""buy_7th_pre_req"": ""95"", ""buy_7th_pre_req_pre"": ""0"", ""buy_8th_pre_bid"": ""-222000"", ""buy_8th_pre_req"": ""482"", ""buy_8th_pre_req_pre"": ""0"", ""buy_9th_pre_bid"": ""-221500"", ""buy_9th_pre_req"": ""66"", ""buy_9th_pre_req_pre"": ""0"", ""buy_10th_pre_bid"": ""-221000"", ""buy_10th_pre_req"": ""130"", ""buy_10th_pre_req_pre"": ""0"", ""tot_sel_req_jub_pre"": ""+4"", ""tot_sel_req"": ""1431"", ""tot_buy_req"": ""2772"", ""tot_buy_req_jub_pre"": ""0"", ""ovt_sel_req_pre"": ""0"", ""ovt_sel_req"": ""0"", ""ovt_buy_req"": ""0"", ""ovt_buy_req_pre"": ""0"", ""return_code"": 0, ""return_msg"": ""정상적으로 처리되었습니다""}"
2026-06-10,scan_candidate,078930,,0,main_scan,73400,,73400,73300,73400,73300,-0.2724795640326975,0.13623978201634876,,,,,,"{""bid_req_base_tm"": ""093500"", ""sel_10th_pre_req_pre"": ""0"", ""sel_10th_pre_req"": ""82"", ""sel_10th_pre_bid"": ""+74500"", ""sel_9th_pre_req_pre"": ""0"", ""sel_9th_pre_req"": ""46"", ""sel_9th_pre_bid"": ""+74400"", ""sel_8th_pre_req_pre"": ""0"", ""sel_8th_pre_req"": ""9"", ""sel_8th_pre_bid"": ""+74300"", ""sel_7th_pre_req_pre"": ""0"", ""sel_7th_pre_req"": ""1"", ""sel_7th_pre_bid"": ""+74200"", ""sel_6th_pre_req_pre"": ""0"", ""sel_6th_pre_req"": ""12"", ""sel_6th_pre_bid"": ""+73900"", ""sel_5th_pre_req_pre"": ""0"", ""sel_5th_pre_req"": ""76"", ""sel_5th_pre_bid"": ""73800"", ""sel_4th_pre_req_pre"": ""0"", ""sel_4th_pre_req"": ""57"", ""sel_4th_pre_bid"": ""-73700"", ""sel_3th_pre_req_pre"": ""0"", ""sel_3th_pre_req"": ""69"", ""sel_3th_pre_bid"": ""-73600"", ""sel_2th_pre_req_pre"": ""0"", ""sel_2th_pre_req"": ""77"", ""sel_2th_pre_bid"": ""-73500"", ""sel_1th_pre_req_pre"": ""+15"", ""sel_fpr_req"": ""371"", ""sel_fpr_bid"": ""-73400"", ""buy_fpr_bid"": ""-73300"", ""buy_fpr_req"": ""309"", ""buy_1th_pre_req_pre"": ""0"", ""buy_2th_pre_bid"": ""-73200"", ""buy_2th_pre_req"": ""88"", ""buy_2th_pre_req_pre"": ""0"", ""buy_3th_pre_bid"": ""-73100"", ""buy_3th_pre_req"": ""18"", ""buy_3th_pre_req_pre"": ""0"", ""buy_4th_pre_bid"": ""-72800"", ""buy_4th_pre_req"": ""2"", ""buy_4th_pre_req_pre"": ""0"", ""buy_5th_pre_bid"": ""-72700"", ""buy_5th_pre_req"": ""51"", ""buy_5th_pre_req_pre"": ""0"", ""buy_6th_pre_bid"": ""-72600"", ""buy_6th_pre_req"": ""22"", ""buy_6th_pre_req_pre"": ""0"", ""buy_7th_pre_bid"": ""-72500"", ""buy_7th_pre_req"": ""5"", ""buy_7th_pre_req_pre"": ""0"", ""buy_8th_pre_bid"": ""-72400"", ""buy_8th_pre_req"": ""12"", ""buy_8th_pre_req_pre"": ""0"", ""buy_9th_pre_bid"": ""-72200"", ""buy_9th_pre_req"": ""10"", ""buy_9th_pre_req_pre"": ""0"", ""buy_10th_pre_bid"": ""-72100"", ""buy_10th_pre_req"": ""413"", ""buy_10th_pre_req_pre"": ""0"", ""tot_sel_req_jub_pre"": ""+15"", ""tot_sel_req"": ""800"", ""tot_buy_req"": ""930"", ""tot_buy_req_jub_pre"": ""0"", ""ovt_sel_req_pre"": ""0"", ""ovt_sel_req"": ""0"", ""ovt_buy_req"": ""0"", ""ovt_buy_req_pre"": ""0"", ""return_code"": 0, ""return_msg"": ""정상적으로 처리되었습니다""}"
2026-06-10,scan_candidate,090430,,0,main_scan,112000,,112000,111700,112000,112000,-0.4464285714285714,0.26785714285714285,,,,,,"{""bid_req_base_tm"": ""093459"", ""sel_10th_pre_req_pre"": ""0"", ""sel_10th_pre_req"": ""187"", ""sel_10th_pre_bid"": ""+113000"", ""sel_9th_pre_req_pre"": ""0"", ""sel_9th_pre_req"": ""67"", ""sel_9th_pre_bid"": ""+112900"", ""sel_8th_pre_req_pre"": ""0"", ""sel_8th_pre_req"": ""10"", ""sel_8th_pre_bid"": ""+112800"", ""sel_7th_pre_req_pre"": ""0"", ""sel_7th_pre_req"": ""17"", ""sel_7th_pre_bid"": ""+112700"", ""sel_6th_pre_req_pre"": ""0"", ""sel_6th_pre_req"": ""10"", ""sel_6th_pre_bid"": ""+112600"", ""sel_5th_pre_req_pre"": ""0"", ""sel_5th_pre_req"": ""10"", ""sel_5th_pre_bid"": ""+112500"", ""sel_4th_pre_req_pre"": ""0"", ""sel_4th_pre_req"": ""10"", ""sel_4th_pre_bid"": ""+112400"", ""sel_3th_pre_req_pre"": ""0"", ""sel_3th_pre_req"": ""13"", ""sel_3th_pre_bid"": ""+112200"", ""sel_2th_pre_req_pre"": ""--9"", ""sel_2th_pre_req"": ""82"", ""sel_2th_pre_bid"": ""+112100"", ""sel_1th_pre_req_pre"": ""+9"", ""sel_fpr_req"": ""13"", ""sel_fpr_bid"": ""112000"", ""buy_fpr_bid"": ""-111700"", ""buy_fpr_req"": ""608"", ""buy_1th_pre_req_pre"": ""0"", ""buy_2th_pre_bid"": ""-111600"", ""buy_2th_pre_req"": ""49"", ""buy_2th_pre_req_pre"": ""0"", ""buy_3th_pre_bid"": ""-111500"", ""buy_3th_pre_req"": ""12"", ""buy_3th_pre_req_pre"": ""0"", ""buy_4th_pre_bid"": ""-111400"", ""buy_4th_pre_req"": ""98"", ""buy_4th_pre_req_pre"": ""0"", ""buy_5th_pre_bid"": ""-111300"", ""buy_5th_pre_req"": ""114"", ""buy_5th_pre_req_pre"": ""0"", ""buy_6th_pre_bid"": ""-111200"", ""buy_6th_pre_req"": ""55"", ""buy_6th_pre_req_pre"": ""0"", ""buy_7th_pre_bid"": ""-111100"", ""buy_7th_pre_req"": ""56"", ""buy_7th_pre_req_pre"": ""0"", ""buy_8th_pre_bid"": ""-111000"", ""buy_8th_pre_req"": ""131"", ""buy_8th_pre_req_pre"": ""0"", ""buy_9th_pre_bid"": ""-110900"", ""buy_9th_pre_req"": ""68"", ""buy_9th_pre_req_pre"": ""0"", ""buy_10th_pre_bid"": ""-110800"", ""buy_10th_pre_req"": ""38"", ""buy_10th_pre_req_pre"": ""0"", ""tot_sel_req_jub_pre"": ""0"", ""tot_sel_req"": ""419"", ""tot_buy_req"": ""1229"", ""tot_buy_req_jub_pre"": ""0"", ""ovt_sel_req_pre"": ""0"", ""ovt_sel_req"": ""0"", ""ovt_buy_req"": ""0"", ""ovt_buy_req_pre"": ""0"", ""return_code"": 0, ""return_msg"": ""정상적으로 처리되었습니다""}"
2026-06-10,scan_candidate,004170,,0,main_scan,672000,,672000,671000,672000,673000,0.0,0.1488095238095238,,,,,,"{""bid_req_base_tm"": ""093501"", ""sel_10th_pre_req_pre"": ""0"", ""sel_10th_pre_req"": ""10"", ""sel_10th_pre_bid"": ""+681000"", ""sel_9th_pre_req_pre"": ""0"", ""sel_9th_pre_req"": ""111"", ""sel_9th_pre_bid"": ""+680000"", ""sel_8th_pre_req_pre"": ""0"", ""sel_8th_pre_req"": ""182"", ""sel_8th_pre_bid"": ""+679000"", ""sel_7th_pre_req_pre"": ""0"", ""sel_7th_pre_req"": ""8"", ""sel_7th_pre_bid"": ""+678000"", ""sel_6th_pre_req_pre"": ""0"", ""sel_6th_pre_req"": ""1"", ""sel_6th_pre_bid"": ""+677000"", ""sel_5th_pre_req_pre"": ""0"", ""sel_5th_pre_req"": ""6"", ""sel_5th_pre_bid"": ""+676000"", ""sel_4th_pre_req_pre"": ""0"", ""sel_4th_pre_req"": ""21"", ""sel_4th_pre_bid"": ""+675000"", ""sel_3th_pre_req_pre"": ""0"", ""sel_3th_pre_req"": ""6"", ""sel_3th_pre_bid"": ""+674000"", ""sel_2th_pre_req_pre"": ""0"", ""sel_2th_pre_req"": ""19"", ""sel_2th_pre_bid"": ""+673000"", ""sel_1th_pre_req_pre"": ""--3"", ""sel_fpr_req"": ""12"", ""sel_fpr_bid"": ""+672000"", ""buy_fpr_bid"": ""+671000"", ""buy_fpr_req"": ""4"", ""buy_1th_pre_req_pre"": ""--1"", ""buy_2th_pre_bid"": ""+670000"", ""buy_2th_pre_req"": ""207"", ""buy_2th_pre_req_pre"": ""0"", ""buy_3th_pre_bid"": ""+669000"", ""buy_3th_pre_req"": ""12"", ""buy_3th_pre_req_pre"": ""0"", ""buy_4th_pre_bid"": ""+668000"", ""buy_4th_pre_req"": ""13"", ""buy_4th_pre_req_pre"": ""0"", ""buy_5th_pre_bid"": ""+667000"", ""buy_5th_pre_req"": ""123"", ""buy_5th_pre_req_pre"": ""0"", ""buy_6th_pre_bid"": ""+666000"", ""buy_6th_pre_req"": ""32"", ""buy_6th_pre_req_pre"": ""0"", ""buy_7th_pre_bid"": ""+665000"", ""buy_7th_pre_req"": ""28"", ""buy_7th_pre_req_pre"": ""0"", ""buy_8th_pre_bid"": ""+664000"", ""buy_8th_pre_req"": ""14"", ""buy_8th_pre_req_pre"": ""0"", ""buy_9th_pre_bid"": ""+663000"", ""buy_9th_pre_req"": ""52"", ""buy_9th_pre_req_pre"": ""0"", ""buy_10th_pre_bid"": ""+662000"", ""buy_10th_pre_req"": ""68"", ""buy_10th_pre_req_pre"": ""0"", ""tot_sel_req_jub_pre"": ""--3"", ""tot_sel_req"": ""376"", ""tot_buy_req"": ""553"", ""tot_buy_req_jub_pre"": ""--1"", ""ovt_sel_req_pre"": ""0"", ""ovt_sel_req"": ""0"", ""ovt_buy_req"": ""0"", ""ovt_buy_req_pre"": ""0"", ""return_code"": 0, ""return_msg"": ""정상적으로 처리되었습니다""}"
2026-06-10,scan_candidate,036570,,0,main_scan,256000,,256000,255500,256000,258000,0.5859375,0.1953125,,,,,,"{""bid_req_base_tm"": ""093501"", ""sel_10th_pre_req_pre"": ""0"", ""sel_10th_pre_req"": ""7"", ""sel_10th_pre_bid"": ""-260500"", ""sel_9th_pre_req_pre"": ""0"", ""sel_9th_pre_req"": ""63"", ""sel_9th_pre_bid"": ""-260000"", ""sel_8th_pre_req_pre"": ""0"", ""sel_8th_pre_req"": ""14"", ""sel_8th_pre_bid"": ""-259500"", ""sel_7th_pre_req_pre"": ""0"", ""sel_7th_pre_req"": ""16"", ""sel_7th_pre_bid"": ""-259000"", ""sel_6th_pre_req_pre"": ""0"", ""sel_6th_pre_req"": ""13"", ""sel_6th_pre_bid"": ""-258500"", ""sel_5th_pre_req_pre"": ""0"", ""sel_5th_pre_req"": ""41"", ""sel_5th_pre_bid"": ""-258000"", ""sel_4th_pre_req_pre"": ""0"", ""sel_4th_pre_req"": ""12"", ""sel_4th_pre_bid"": ""-257500"", ""sel_3th_pre_req_pre"": ""0"", ""sel_3th_pre_req"": ""18"", ""sel_3th_pre_bid"": ""-257000"", ""sel_2th_pre_req_pre"": ""0"", ""sel_2th_pre_req"": ""37"", ""sel_2th_pre_bid"": ""-256500"", ""sel_1th_pre_req_pre"": ""0"", ""sel_fpr_req"": ""50"", ""sel_fpr_bid"": ""-256000"", ""buy_fpr_bid"": ""-255500"", ""buy_fpr_req"": ""366"", ""buy_1th_pre_req_pre"": ""+1"", ""buy_2th_pre_bid"": ""-255000"", ""buy_2th_pre_req"": ""567"", ""buy_2th_pre_req_pre"": ""0"", ""buy_3th_pre_bid"": ""-254500"", ""buy_3th_pre_req"": ""760"", ""buy_3th_pre_req_pre"": ""0"", ""buy_4th_pre_bid"": ""-254000"", ""buy_4th_pre_req"": ""211"", ""buy_4th_pre_req_pre"": ""0"", ""buy_5th_pre_bid"": ""-253500"", ""buy_5th_pre_req"": ""194"", ""buy_5th_pre_req_pre"": ""0"", ""buy_6th_pre_bid"": ""-253000"", ""buy_6th_pre_req"": ""696"", ""buy_6th_pre_req_pre"": ""0"", ""buy_7th_pre_bid"": ""-252500"", ""buy_7th_pre_req"": ""183"", ""buy_7th_pre_req_pre"": ""0"", ""buy_8th_pre_bid"": ""-252000"", ""buy_8th_pre_req"": ""105"", ""buy_8th_pre_req_pre"": ""0"", ""buy_9th_pre_bid"": ""-251500"", ""buy_9th_pre_req"": ""221"", ""buy_9th_pre_req_pre"": ""0"", ""buy_10th_pre_bid"": ""-251000"", ""buy_10th_pre_req"": ""97"", ""buy_10th_pre_req_pre"": ""0"", ""tot_sel_req_jub_pre"": ""0"", ""tot_sel_req"": ""271"", ""tot_buy_req"": ""3400"", ""tot_buy_req_jub_pre"": ""+1"", ""ovt_sel_req_pre"": ""0"", ""ovt_sel_req"": ""0"", ""ovt_buy_req"": ""0"", ""ovt_buy_req_pre"": ""0"", ""return_code"": 0, ""return_msg"": ""정상적으로 처리되었습니다""}"
2026-06-10,scan_candidate,271560,,0,main_scan,133800,,133800,133500,133800,133500,-0.5979073243647235,0.2242152466367713,,,,,,"{""bid_req_base_tm"": ""093459"", ""sel_10th_pre_req_pre"": ""0"", ""sel_10th_pre_req"": ""12"", ""sel_10th_pre_bid"": ""+134700"", ""sel_9th_pre_req_pre"": ""0"", ""sel_9th_pre_req"": ""16"", ""sel_9th_pre_bid"": ""+134600"", ""sel_8th_pre_req_pre"": ""0"", ""sel_8th_pre_req"": ""2"", ""sel_8th_pre_bid"": ""+134500"", ""sel_7th_pre_req_pre"": ""0"", ""sel_7th_pre_req"": ""1"", ""sel_7th_pre_bid"": ""+134400"", ""sel_6th_pre_req_pre"": ""0"", ""sel_6th_pre_req"": ""14"", ""sel_6th_pre_bid"": ""+134300"", ""sel_5th_pre_req_pre"": ""0"", ""sel_5th_pre_req"": ""7"", ""sel_5th_pre_bid"": ""+134200"", ""sel_4th_pre_req_pre"": ""0"", ""sel_4th_pre_req"": ""6"", ""sel_4th_pre_bid"": ""+134100"", ""sel_3th_pre_req_pre"": ""0"", ""sel_3th_pre_req"": ""162"", ""sel_3th_pre_bid"": ""+134000"", ""sel_2th_pre_req_pre"": ""0"", ""sel_2th_pre_req"": ""174"", ""sel_2th_pre_bid"": ""+133900"", ""sel_1th_pre_req_pre"": ""0"", ""sel_fpr_req"": ""117"", ""sel_fpr_bid"": ""+133800"", ""buy_fpr_bid"": ""+133500"", ""buy_fpr_req"": ""219"", ""buy_1th_pre_req_pre"": ""+84"", ""buy_2th_pre_bid"": ""+133100"", ""buy_2th_pre_req"": ""226"", ""buy_2th_pre_req_pre"": ""0"", ""buy_3th_pre_bid"": ""+133000"", ""buy_3th_pre_req"": ""163"", ""buy_3th_pre_req_pre"": ""0"", ""buy_4th_pre_bid"": ""132900"", ""buy_4th_pre_req"": ""93"", ""buy_4th_pre_req_pre"": ""0"", ""buy_5th_pre_bid"": ""-132800"", ""buy_5th_pre_req"": ""4"", ""buy_5th_pre_req_pre"": ""0"", ""buy_6th_pre_bid"": ""-132700"", ""buy_6th_pre_req"": ""39"", ""buy_6th_pre_req_pre"": ""0"", ""buy_7th_pre_bid"": ""-132600"", ""buy_7th_pre_req"": ""48"", ""buy_7th_pre_req_pre"": ""0"", ""buy_8th_pre_bid"": ""-132500"", ""buy_8th_pre_req"": ""43"", ""buy_8th_pre_req_pre"": ""0"", ""buy_9th_pre_bid"": ""-132400"", ""buy_9th_pre_req"": ""13"", ""buy_9th_pre_req_pre"": ""0"", ""buy_10th_pre_bid"": ""-132300"", ""buy_10th_pre_req"": ""18"", ""buy_10th_pre_req_pre"": ""0"", ""tot_sel_req_jub_pre"": ""0"", ""tot_sel_req"": ""511"", ""tot_buy_req"": ""866"", ""tot_buy_req_jub_pre"": ""+84"", ""ovt_sel_req_pre"": ""0"", ""ovt_sel_req"": ""0"", ""ovt_buy_req"": ""0"", ""ovt_buy_req_pre"": ""0"", ""return_code"": 0, ""return_msg"": ""정상적으로 처리되었습니다""}"
2026-06-10,scan_candidate,023530,,0,main_scan,194600,,194600,194100,194600,193500,-0.8221993833504625,0.2569373072970195,,,,,,"{""bid_req_base_tm"": ""093502"", ""sel_10th_pre_req_pre"": ""0"", ""sel_10th_pre_req"": ""370"", ""sel_10th_pre_bid"": ""+195500"", ""sel_9th_pre_req_pre"": ""0"", ""sel_9th_pre_req"": ""111"", ""sel_9th_pre_bid"": ""+195400"", ""sel_8th_pre_req_pre"": ""0"", ""sel_8th_pre_req"": ""7"", ""sel_8th_pre_bid"": ""+195300"", ""sel_7th_pre_req_pre"": ""0"", ""sel_7th_pre_req"": ""42"", ""sel_7th_pre_bid"": ""+195200"", ""sel_6th_pre_req_pre"": ""0"", ""sel_6th_pre_req"": ""194"", ""sel_6th_pre_bid"": ""+195100"", ""sel_5th_pre_req_pre"": ""0"", ""sel_5th_pre_req"": ""2244"", ""sel_5th_pre_bid"": ""+195000"", ""sel_4th_pre_req_pre"": ""0"", ""sel_4th_pre_req"": ""290"", ""sel_4th_pre_bid"": ""+194900"", ""sel_3th_pre_req_pre"": ""0"", ""sel_3th_pre_req"": ""268"", ""sel_3th_pre_bid"": ""+194800"", ""sel_2th_pre_req_pre"": ""0"", ""sel_2th_pre_req"": ""20"", ""sel_2th_pre_bid"": ""+194700"", ""sel_1th_pre_req_pre"": ""0"", ""sel_fpr_req"": ""75"", ""sel_fpr_bid"": ""+194600"", ""buy_fpr_bid"": ""+194100"", ""buy_fpr_req"": ""33"", ""buy_1th_pre_req_pre"": ""0"", ""buy_2th_pre_bid"": ""+194000"", ""buy_2th_pre_req"": ""93"", ""buy_2th_pre_req_pre"": ""+19"", ""buy_3th_pre_bid"": ""+193700"", ""buy_3th_pre_req"": ""26"", ""buy_3th_pre_req_pre"": ""0"", ""buy_4th_pre_bid"": ""+193600"", ""buy_4th_pre_req"": ""3"", ""buy_4th_pre_req_pre"": ""0"", ""buy_5th_pre_bid"": ""+193500"", ""buy_5th_pre_req"": ""111"", ""buy_5th_pre_req_pre"": ""0"", ""buy_6th_pre_bid"": ""+193400"", ""buy_6th_pre_req"": ""1"", ""buy_6th_pre_req_pre"": ""0"", ""buy_7th_pre_bid"": ""+193100"", ""buy_7th_pre_req"": ""7"", ""buy_7th_pre_req_pre"": ""0"", ""buy_8th_pre_bid"": ""+193000"", ""buy_8th_pre_req"": ""63"", ""buy_8th_pre_req_pre"": ""0"", ""buy_9th_pre_bid"": ""+192900"", ""buy_9th_pre_req"": ""41"", ""buy_9th_pre_req_pre"": ""0"", ""buy_10th_pre_bid"": ""+192500"", ""buy_10th_pre_req"": ""23"", ""buy_10th_pre_req_pre"": ""0"", ""tot_sel_req_jub_pre"": ""0"", ""tot_sel_req"": ""3621"", ""tot_buy_req"": ""401"", ""tot_buy_req_jub_pre"": ""+19"", ""ovt_sel_req_pre"": ""0"", ""ovt_sel_req"": ""0"", ""ovt_buy_req"": ""0"", ""ovt_buy_req_pre"": ""0"", ""return_code"": 0, ""return_msg"": ""정상적으로 처리되었습니다""}"
2026-06-10,scan_candidate,175330,,0,main_scan,25350,,25350,25300,25350,25100,-1.183431952662722,0.19723865877712032,,,,,,"{""bid_req_base_tm"": ""093501"", ""sel_10th_pre_req_pre"": ""0"", ""sel_10th_pre_req"": ""299"", ""sel_10th_pre_bid"": ""-25800"", ""sel_9th_pre_req_pre"": ""0"", ""sel_9th_pre_req"": ""56"", ""sel_9th_pre_bid"": ""-25750"", ""sel_8th_pre_req_pre"": ""0"", ""sel_8th_pre_req"": ""84"", ""sel_8th_pre_bid"": ""-25700"", ""sel_7th_pre_req_pre"": ""0"", ""sel_7th_pre_req"": ""556"", ""sel_7th_pre_bid"": ""-25650"", ""sel_6th_pre_req_pre"": ""0"", ""sel_6th_pre_req"": ""459"", ""sel_6th_pre_bid"": ""-25600"", ""sel_5th_pre_req_pre"": ""0"", ""sel_5th_pre_req"": ""44"", ""sel_5th_pre_bid"": ""-25550"", ""sel_4th_pre_req_pre"": ""0"", ""sel_4th_pre_req"": ""89"", ""sel_4th_pre_bid"": ""-25500"", ""sel_3th_pre_req_pre"": ""0"", ""sel_3th_pre_req"": ""342"", ""sel_3th_pre_bid"": ""-25450"", ""sel_2th_pre_req_pre"": ""0"", ""sel_2th_pre_req"": ""1011"", ""sel_2th_pre_bid"": ""-25400"", ""sel_1th_pre_req_pre"": ""+12"", ""sel_fpr_req"": ""5749"", ""sel_fpr_bid"": ""-25350"", ""buy_fpr_bid"": ""-25300"", ""buy_fpr_req"": ""973"", ""buy_1th_pre_req_pre"": ""0"", ""buy_2th_pre_bid"": ""-25250"", ""buy_2th_pre_req"": ""716"", ""buy_2th_pre_req_pre"": ""0"", ""buy_3th_pre_bid"": ""-25200"", ""buy_3th_pre_req"": ""319"", ""buy_3th_pre_req_pre"": ""0"", ""buy_4th_pre_bid"": ""-25150"", ""buy_4th_pre_req"": ""355"", ""buy_4th_pre_req_pre"": ""0"", ""buy_5th_pre_bid"": ""-25100"", ""buy_5th_pre_req"": ""309"", ""buy_5th_pre_req_pre"": ""0"", ""buy_6th_pre_bid"": ""-25050"", ""buy_6th_pre_req"": ""266"", ""buy_6th_pre_req_pre"": ""0"", ""buy_7th_pre_bid"": ""-25000"", ""buy_7th_pre_req"": ""562"", ""buy_7th_pre_req_pre"": ""0"", ""buy_8th_pre_bid"": ""-24950"", ""buy_8th_pre_req"": ""332"", ""buy_8th_pre_req_pre"": ""0"", ""buy_9th_pre_bid"": ""-24900"", ""buy_9th_pre_req"": ""315"", ""buy_9th_pre_req_pre"": ""0"", ""buy_10th_pre_bid"": ""-24850"", ""buy_10th_pre_req"": ""825"", ""buy_10th_pre_req_pre"": ""0"", ""tot_sel_req_jub_pre"": ""+12"", ""tot_sel_req"": ""8689"", ""tot_buy_req"": ""4972"", ""tot_buy_req_jub_pre"": ""0"", ""ovt_sel_req_pre"": ""0"", ""ovt_sel_req"": ""0"", ""ovt_buy_req"": ""0"", ""ovt_buy_req_pre"": ""0"", ""return_code"": 0, ""return_msg"": ""정상적으로 처리되었습니다""}"
2026-06-10,scan_candidate,088350,,0,main_scan,4845,,4845,4840,4845,4860,0.20639834881320948,0.10319917440660474,,,,,,"{""bid_req_base_tm"": ""093502"", ""sel_10th_pre_req_pre"": ""0"", ""sel_10th_pre_req"": ""3542"", ""sel_10th_pre_bid"": ""-4890"", ""sel_9th_pre_req_pre"": ""0"", ""sel_9th_pre_req"": ""51"", ""sel_9th_pre_bid"": ""-4885"", ""sel_8th_pre_req_pre"": ""0"", ""sel_8th_pre_req"": ""1002"", ""sel_8th_pre_bid"": ""-4880"", ""sel_7th_pre_req_pre"": ""0"", ""sel_7th_pre_req"": ""11"", ""sel_7th_pre_bid"": ""-4875"", ""sel_6th_pre_req_pre"": ""0"", ""sel_6th_pre_req"": ""218"", ""sel_6th_pre_bid"": ""-4870"", ""sel_5th_pre_req_pre"": ""0"", ""sel_5th_pre_req"": ""2009"", ""sel_5th_pre_bid"": ""-4865"", ""sel_4th_pre_req_pre"": ""0"", ""sel_4th_pre_req"": ""1789"", ""sel_4th_pre_bid"": ""-4860"", ""sel_3th_pre_req_pre"": ""0"", ""sel_3th_pre_req"": ""3365"", ""sel_3th_pre_bid"": ""-4855"", ""sel_2th_pre_req_pre"": ""0"", ""sel_2th_pre_req"": ""9944"", ""sel_2th_pre_bid"": ""-4850"", ""sel_1th_pre_req_pre"": ""+181"", ""sel_fpr_req"": ""2829"", ""sel_fpr_bid"": ""-4845"", ""buy_fpr_bid"": ""-4840"", ""buy_fpr_req"": ""15575"", ""buy_1th_pre_req_pre"": ""+1"", ""buy_2th_pre_bid"": ""-4835"", ""buy_2th_pre_req"": ""37352"", ""buy_2th_pre_req_pre"": ""0"", ""buy_3th_pre_bid"": ""-4830"", ""buy_3th_pre_req"": ""9030"", ""buy_3th_pre_req_pre"": ""0"", ""buy_4th_pre_bid"": ""-4825"", ""buy_4th_pre_req"": ""4723"", ""buy_4th_pre_req_pre"": ""0"", ""buy_5th_pre_bid"": ""-4820"", ""buy_5th_pre_req"": ""4419"", ""buy_5th_pre_req_pre"": ""0"", ""buy_6th_pre_bid"": ""-4815"", ""buy_6th_pre_req"": ""7567"", ""buy_6th_pre_req_pre"": ""0"", ""buy_7th_pre_bid"": ""-4810"", ""buy_7th_pre_req"": ""10021"", ""buy_7th_pre_req_pre"": ""0"", ""buy_8th_pre_bid"": ""-4805"", ""buy_8th_pre_req"": ""12795"", ""buy_8th_pre_req_pre"": ""0"", ""buy_9th_pre_bid"": ""-4800"", ""buy_9th_pre_req"": ""42946"", ""buy_9th_pre_req_pre"": ""0"", ""buy_10th_pre_bid"": ""-4795"", ""buy_10th_pre_req"": ""3445"", ""buy_10th_pre_req_pre"": ""0"", ""tot_sel_req_jub_pre"": ""+181"", ""tot_sel_req"": ""24760"", ""tot_buy_req"": ""147873"", ""tot_buy_req_jub_pre"": ""+1"", ""ovt_sel_req_pre"": ""0"", ""ovt_sel_req"": ""0"", ""ovt_buy_req"": ""0"", ""ovt_buy_req_pre"": ""0"", ""return_code"": 0, ""return_msg"": ""정상적으로 처리되었습니다""}"
2026-06-10,scan_candidate,069960,,0,main_scan,165300,,165300,165100,165300,166000,0.12099213551119178,0.12099213551119178,,,,,,"{""bid_req_base_tm"": ""093502"", ""sel_10th_pre_req_pre"": ""0"", ""sel_10th_pre_req"": ""35"", ""sel_10th_pre_bid"": ""+167000"", ""sel_9th_pre_req_pre"": ""0"", ""sel_9th_pre_req"": ""30"", ""sel_9th_pre_bid"": ""+166900"", ""sel_8th_pre_req_pre"": ""0"", ""sel_8th_pre_req"": ""20"", ""sel_8th_pre_bid"": ""166800"", ""sel_7th_pre_req_pre"": ""0"", ""sel_7th_pre_req"": ""2"", ""sel_7th_pre_bid"": ""-165900"", ""sel_6th_pre_req_pre"": ""0"", ""sel_6th_pre_req"": ""18"", ""sel_6th_pre_bid"": ""-165800"", ""sel_5th_pre_req_pre"": ""0"", ""sel_5th_pre_req"": ""30"", ""sel_5th_pre_bid"": ""-165700"", ""sel_4th_pre_req_pre"": ""0"", ""sel_4th_pre_req"": ""18"", ""sel_4th_pre_bid"": ""-165600"", ""sel_3th_pre_req_pre"": ""0"", ""sel_3th_pre_req"": ""34"", ""sel_3th_pre_bid"": ""-165500"", ""sel_2th_pre_req_pre"": ""+8"", ""sel_2th_pre_req"": ""21"", ""sel_2th_pre_bid"": ""-165400"", ""sel_1th_pre_req_pre"": ""0"", ""sel_fpr_req"": ""55"", ""sel_fpr_bid"": ""-165300"", ""buy_fpr_bid"": ""-165100"", ""buy_fpr_req"": ""84"", ""buy_1th_pre_req_pre"": ""0"", ""buy_2th_pre_bid"": ""-165000"", ""buy_2th_pre_req"": ""913"", ""buy_2th_pre_req_pre"": ""0"", ""buy_3th_pre_bid"": ""-164700"", ""buy_3th_pre_req"": ""12"", ""buy_3th_pre_req_pre"": ""0"", ""buy_4th_pre_bid"": ""-164500"", ""buy_4th_pre_req"": ""3"", ""buy_4th_pre_req_pre"": ""0"", ""buy_5th_pre_bid"": ""-164100"", ""buy_5th_pre_req"": ""21"", ""buy_5th_pre_req_pre"": ""0"", ""buy_6th_pre_bid"": ""-164000"", ""buy_6th_pre_req"": ""7"", ""buy_6th_pre_req_pre"": ""0"", ""buy_7th_pre_bid"": ""-163700"", ""buy_7th_pre_req"": ""8"", ""buy_7th_pre_req_pre"": ""0"", ""buy_8th_pre_bid"": ""-163600"", ""buy_8th_pre_req"": ""1"", ""buy_8th_pre_req_pre"": ""0"", ""buy_9th_pre_bid"": ""-163500"", ""buy_9th_pre_req"": ""3"", ""buy_9th_pre_req_pre"": ""0"", ""buy_10th_pre_bid"": ""-163400"", ""buy_10th_pre_req"": ""2"", ""buy_10th_pre_req_pre"": ""0"", ""tot_sel_req_jub_pre"": ""+8"", ""tot_sel_req"": ""263"", ""tot_buy_req"": ""1054"", ""tot_buy_req_jub_pre"": ""0"", ""ovt_sel_req_pre"": ""0"", ""ovt_sel_req"": ""0"", ""ovt_buy_req"": ""0"", ""ovt_buy_req_pre"": ""0"", ""return_code"": 0, ""return_msg"": ""정상적으로 처리되었습니다""}"
2026-06-10,scan_candidate,489790,,0,main_scan,71300,,71300,71100,71300,71100,-0.42075736325385693,0.2805049088359046,,,,,,"{""bid_req_base_tm"": ""093503"", ""sel_10th_pre_req_pre"": ""0"", ""sel_10th_pre_req"": ""769"", ""sel_10th_pre_bid"": ""+72200"", ""sel_9th_pre_req_pre"": ""0"", ""sel_9th_pre_req"": ""605"", ""sel_9th_pre_bid"": ""+72100"", ""sel_8th_pre_req_pre"": ""0"", ""sel_8th_pre_req"": ""1022"", ""sel_8th_pre_bid"": ""+72000"", ""sel_7th_pre_req_pre"": ""0"", ""sel_7th_pre_req"": ""292"", ""sel_7th_pre_bid"": ""+71900"", ""sel_6th_pre_req_pre"": ""0"", ""sel_6th_pre_req"": ""130"", ""sel_6th_pre_bid"": ""+71800"", ""sel_5th_pre_req_pre"": ""+3"", ""sel_5th_pre_req"": ""30"", ""sel_5th_pre_bid"": ""+71700"", ""sel_4th_pre_req_pre"": ""0"", ""sel_4th_pre_req"": ""34"", ""sel_4th_pre_bid"": ""+71600"", ""sel_3th_pre_req_pre"": ""0"", ""sel_3th_pre_req"": ""162"", ""sel_3th_pre_bid"": ""+71500"", ""sel_2th_pre_req_pre"": ""0"", ""sel_2th_pre_req"": ""20"", ""sel_2th_pre_bid"": ""+71400"", ""sel_1th_pre_req_pre"": ""0"", ""sel_fpr_req"": ""46"", ""sel_fpr_bid"": ""+71300"", ""buy_fpr_bid"": ""+71100"", ""buy_fpr_req"": ""43"", ""buy_1th_pre_req_pre"": ""0"", ""buy_2th_pre_bid"": ""+71000"", ""buy_2th_pre_req"": ""54"", ""buy_2th_pre_req_pre"": ""0"", ""buy_3th_pre_bid"": ""+70900"", ""buy_3th_pre_req"": ""352"", ""buy_3th_pre_req_pre"": ""0"", ""buy_4th_pre_bid"": ""+70800"", ""buy_4th_pre_req"": ""86"", ""buy_4th_pre_req_pre"": ""0"", ""buy_5th_pre_bid"": ""+70700"", ""buy_5th_pre_req"": ""137"", ""buy_5th_pre_req_pre"": ""0"", ""buy_6th_pre_bid"": ""+70600"", ""buy_6th_pre_req"": ""482"", ""buy_6th_pre_req_pre"": ""0"", ""buy_7th_pre_bid"": ""+70500"", ""buy_7th_pre_req"": ""200"", ""buy_7th_pre_req_pre"": ""0"", ""buy_8th_pre_bid"": ""+70400"", ""buy_8th_pre_req"": ""196"", ""buy_8th_pre_req_pre"": ""0"", ""buy_9th_pre_bid"": ""+70300"", ""buy_9th_pre_req"": ""51"", ""buy_9th_pre_req_pre"": ""0"", ""buy_10th_pre_bid"": ""+70200"", ""buy_10th_pre_req"": ""1"", ""buy_10th_pre_req_pre"": ""0"", ""tot_sel_req_jub_pre"": ""+3"", ""tot_sel_req"": ""3110"", ""tot_buy_req"": ""1602"", ""tot_buy_req_jub_pre"": ""0"", ""ovt_sel_req_pre"": ""0"", ""ovt_sel_req"": ""0"", ""ovt_buy_req"": ""0"", ""ovt_buy_req_pre"": ""0"", ""return_code"": 0, ""return_msg"": ""정상적으로 처리되었습니다""}"
2026-06-10,scan_candidate,085620,,0,main_scan,21750,,21750,21700,21750,21900,0.45977011494252873,0.22988505747126436,,,,,,"{""bid_req_base_tm"": ""093503"", ""sel_10th_pre_req_pre"": ""0"", ""sel_10th_pre_req"": ""589"", ""sel_10th_pre_bid"": ""-22200"", ""sel_9th_pre_req_pre"": ""0"", ""sel_9th_pre_req"": ""1292"", ""sel_9th_pre_bid"": ""-22150"", ""sel_8th_pre_req_pre"": ""0"", ""sel_8th_pre_req"": ""125"", ""sel_8th_pre_bid"": ""-22100"", ""sel_7th_pre_req_pre"": ""0"", ""sel_7th_pre_req"": ""397"", ""sel_7th_pre_bid"": ""-22050"", ""sel_6th_pre_req_pre"": ""0"", ""sel_6th_pre_req"": ""758"", ""sel_6th_pre_bid"": ""-22000"", ""sel_5th_pre_req_pre"": ""0"", ""sel_5th_pre_req"": ""400"", ""sel_5th_pre_bid"": ""-21950"", ""sel_4th_pre_req_pre"": ""0"", ""sel_4th_pre_req"": ""188"", ""sel_4th_pre_bid"": ""-21900"", ""sel_3th_pre_req_pre"": ""0"", ""sel_3th_pre_req"": ""99"", ""sel_3th_pre_bid"": ""-21850"", ""sel_2th_pre_req_pre"": ""0"", ""sel_2th_pre_req"": ""113"", ""sel_2th_pre_bid"": ""-21800"", ""sel_1th_pre_req_pre"": ""0"", ""sel_fpr_req"": ""180"", ""sel_fpr_bid"": ""-21750"", ""buy_fpr_bid"": ""-21700"", ""buy_fpr_req"": ""378"", ""buy_1th_pre_req_pre"": ""0"", ""buy_2th_pre_bid"": ""-21650"", ""buy_2th_pre_req"": ""1629"", ""buy_2th_pre_req_pre"": ""+13"", ""buy_3th_pre_bid"": ""-21600"", ""buy_3th_pre_req"": ""4476"", ""buy_3th_pre_req_pre"": ""0"", ""buy_4th_pre_bid"": ""-21550"", ""buy_4th_pre_req"": ""1920"", ""buy_4th_pre_req_pre"": ""0"", ""buy_5th_pre_bid"": ""-21500"", ""buy_5th_pre_req"": ""2649"", ""buy_5th_pre_req_pre"": ""0"", ""buy_6th_pre_bid"": ""-21450"", ""buy_6th_pre_req"": ""2220"", ""buy_6th_pre_req_pre"": ""0"", ""buy_7th_pre_bid"": ""-21400"", ""buy_7th_pre_req"": ""2682"", ""buy_7th_pre_req_pre"": ""0"", ""buy_8th_pre_bid"": ""-21350"", ""buy_8th_pre_req"": ""3283"", ""buy_8th_pre_req_pre"": ""0"", ""buy_9th_pre_bid"": ""-21300"", ""buy_9th_pre_req"": ""5075"", ""buy_9th_pre_req_pre"": ""0"", ""buy_10th_pre_bid"": ""-21250"", ""buy_10th_pre_req"": ""1923"", ""buy_10th_pre_req_pre"": ""0"", ""tot_sel_req_jub_pre"": ""0"", ""tot_sel_req"": ""4141"", ""tot_buy_req"": ""26235"", ""tot_buy_req_jub_pre"": ""+13"", ""ovt_sel_req_pre"": ""0"", ""ovt_sel_req"": ""0"", ""ovt_buy_req"": ""0"", ""ovt_buy_req_pre"": ""0"", ""return_code"": 0, ""return_msg"": ""정상적으로 처리되었습니다""}"
2026-06-10,scan_candidate,001450,,0,main_scan,37700,,37700,37600,37700,37500,-0.6631299734748011,0.2652519893899204,,,,,,"{""bid_req_base_tm"": ""093503"", ""sel_10th_pre_req_pre"": ""0"", ""sel_10th_pre_req"": ""189"", ""sel_10th_pre_bid"": ""+38150"", ""sel_9th_pre_req_pre"": ""0"", ""sel_9th_pre_req"": ""397"", ""sel_9th_pre_bid"": ""+38100"", ""sel_8th_pre_req_pre"": ""0"", ""sel_8th_pre_req"": ""88"", ""sel_8th_pre_bid"": ""+38050"", ""sel_7th_pre_req_pre"": ""0"", ""sel_7th_pre_req"": ""1941"", ""sel_7th_pre_bid"": ""+38000"", ""sel_6th_pre_req_pre"": ""0"", ""sel_6th_pre_req"": ""2716"", ""sel_6th_pre_bid"": ""+37950"", ""sel_5th_pre_req_pre"": ""0"", ""sel_5th_pre_req"": ""1054"", ""sel_5th_pre_bid"": ""+37900"", ""sel_4th_pre_req_pre"": ""0"", ""sel_4th_pre_req"": ""586"", ""sel_4th_pre_bid"": ""+37850"", ""sel_3th_pre_req_pre"": ""0"", ""sel_3th_pre_req"": ""270"", ""sel_3th_pre_bid"": ""+37800"", ""sel_2th_pre_req_pre"": ""0"", ""sel_2th_pre_req"": ""588"", ""sel_2th_pre_bid"": ""+37750"", ""sel_1th_pre_req_pre"": ""0"", ""sel_fpr_req"": ""903"", ""sel_fpr_bid"": ""+37700"", ""buy_fpr_bid"": ""+37600"", ""buy_fpr_req"": ""171"", ""buy_1th_pre_req_pre"": ""--5"", ""buy_2th_pre_bid"": ""+37550"", ""buy_2th_pre_req"": ""166"", ""buy_2th_pre_req_pre"": ""0"", ""buy_3th_pre_bid"": ""+37500"", ""buy_3th_pre_req"": ""1121"", ""buy_3th_pre_req_pre"": ""0"", ""buy_4th_pre_bid"": ""+37450"", ""buy_4th_pre_req"": ""15"", ""buy_4th_pre_req_pre"": ""0"", ""buy_5th_pre_bid"": ""+37400"", ""buy_5th_pre_req"": ""135"", ""buy_5th_pre_req_pre"": ""0"", ""buy_6th_pre_bid"": ""+37350"", ""buy_6th_pre_req"": ""26"", ""buy_6th_pre_req_pre"": ""0"", ""buy_7th_pre_bid"": ""+37300"", ""buy_7th_pre_req"": ""13"", ""buy_7th_pre_req_pre"": ""0"", ""buy_8th_pre_bid"": ""+37250"", ""buy_8th_pre_req"": ""100"", ""buy_8th_pre_req_pre"": ""0"", ""buy_9th_pre_bid"": ""+37200"", ""buy_9th_pre_req"": ""39"", ""buy_9th_pre_req_pre"": ""0"", ""buy_10th_pre_bid"": ""+37150"", ""buy_10th_pre_req"": ""335"", ""buy_10th_pre_req_pre"": ""0"", ""tot_sel_req_jub_pre"": ""0"", ""tot_sel_req"": ""8732"", ""tot_buy_req"": ""2121"", ""tot_buy_req_jub_pre"": ""--5"", ""ovt_sel_req_pre"": ""0"", ""ovt_sel_req"": ""0"", ""ovt_buy_req"": ""0"", ""ovt_buy_req_pre"": ""0"", ""return_code"": 0, ""return_msg"": ""정상적으로 처리되었습니다""}"
2026-06-10,scan_candidate,036460,,0,main_scan,34150,,34150,34100,34150,34350,0.43923865300146414,0.14641288433382138,,,,,,"{""bid_req_base_tm"": ""093456"", ""sel_10th_pre_req_pre"": ""0"", ""sel_10th_pre_req"": ""196"", ""sel_10th_pre_bid"": ""+34700"", ""sel_9th_pre_req_pre"": ""0"", ""sel_9th_pre_req"": ""271"", ""sel_9th_pre_bid"": ""+34650"", ""sel_8th_pre_req_pre"": ""0"", ""sel_8th_pre_req"": ""79"", ""sel_8th_pre_bid"": ""+34600"", ""sel_7th_pre_req_pre"": ""0"", ""sel_7th_pre_req"": ""135"", ""sel_7th_pre_bid"": ""+34550"", ""sel_6th_pre_req_pre"": ""0"", ""sel_6th_pre_req"": ""143"", ""sel_6th_pre_bid"": ""+34500"", ""sel_5th_pre_req_pre"": ""0"", ""sel_5th_pre_req"": ""55"", ""sel_5th_pre_bid"": ""+34450"", ""sel_4th_pre_req_pre"": ""0"", ""sel_4th_pre_req"": ""229"", ""sel_4th_pre_bid"": ""+34400"", ""sel_3th_pre_req_pre"": ""0"", ""sel_3th_pre_req"": ""240"", ""sel_3th_pre_bid"": ""+34350"", ""sel_2th_pre_req_pre"": ""0"", ""sel_2th_pre_req"": ""240"", ""sel_2th_pre_bid"": ""+34300"", ""sel_1th_pre_req_pre"": ""0"", ""sel_fpr_req"": ""310"", ""sel_fpr_bid"": ""+34150"", ""buy_fpr_bid"": ""+34100"", ""buy_fpr_req"": ""197"", ""buy_1th_pre_req_pre"": ""0"", ""buy_2th_pre_bid"": ""+34050"", ""buy_2th_pre_req"": ""594"", ""buy_2th_pre_req_pre"": ""0"", ""buy_3th_pre_bid"": ""34000"", ""buy_3th_pre_req"": ""3055"", ""buy_3th_pre_req_pre"": ""0"", ""buy_4th_pre_bid"": ""-33950"", ""buy_4th_pre_req"": ""340"", ""buy_4th_pre_req_pre"": ""0"", ""buy_5th_pre_bid"": ""-33900"", ""buy_5th_pre_req"": ""832"", ""buy_5th_pre_req_pre"": ""0"", ""buy_6th_pre_bid"": ""-33850"", ""buy_6th_pre_req"": ""365"", ""buy_6th_pre_req_pre"": ""0"", ""buy_7th_pre_bid"": ""-33800"", ""buy_7th_pre_req"": ""450"", ""buy_7th_pre_req_pre"": ""0"", ""buy_8th_pre_bid"": ""-33750"", ""buy_8th_pre_req"": ""542"", ""buy_8th_pre_req_pre"": ""+440"", ""buy_9th_pre_bid"": ""-33700"", ""buy_9th_pre_req"": ""520"", ""buy_9th_pre_req_pre"": ""0"", ""buy_10th_pre_bid"": ""-33650"", ""buy_10th_pre_req"": ""1145"", ""buy_10th_pre_req_pre"": ""0"", ""tot_sel_req_jub_pre"": ""0"", ""tot_sel_req"": ""1898"", ""tot_buy_req"": ""8040"", ""tot_buy_req_jub_pre"": ""+440"", ""ovt_sel_req_pre"": ""0"", ""ovt_sel_req"": ""0"", ""ovt_buy_req"": ""0"", ""ovt_buy_req_pre"": ""0"", ""return_code"": 0, ""return_msg"": ""정상적으로 처리되었습니다""}"
2026-06-10,scan_candidate,007810,,0,main_scan,121600,,121600,121400,121600,122000,-0.08223684210526315,0.1644736842105263,,,,,,"{""bid_req_base_tm"": ""093504"", ""sel_10th_pre_req_pre"": ""0"", ""sel_10th_pre_req"": ""12"", ""sel_10th_pre_bid"": ""+123100"", ""sel_9th_pre_req_pre"": ""0"", ""sel_9th_pre_req"": ""72"", ""sel_9th_pre_bid"": ""+123000"", ""sel_8th_pre_req_pre"": ""0"", ""sel_8th_pre_req"": ""1"", ""sel_8th_pre_bid"": ""+122800"", ""sel_7th_pre_req_pre"": ""0"", ""sel_7th_pre_req"": ""13"", ""sel_7th_pre_bid"": ""+122500"", ""sel_6th_pre_req_pre"": ""0"", ""sel_6th_pre_req"": ""1"", ""sel_6th_pre_bid"": ""+122400"", ""sel_5th_pre_req_pre"": ""0"", ""sel_5th_pre_req"": ""13"", ""sel_5th_pre_bid"": ""+122200"", ""sel_4th_pre_req_pre"": ""0"", ""sel_4th_pre_req"": ""64"", ""sel_4th_pre_bid"": ""+122000"", ""sel_3th_pre_req_pre"": ""0"", ""sel_3th_pre_req"": ""59"", ""sel_3th_pre_bid"": ""+121800"", ""sel_2th_pre_req_pre"": ""0"", ""sel_2th_pre_req"": ""3"", ""sel_2th_pre_bid"": ""+121700"", ""sel_1th_pre_req_pre"": ""0"", ""sel_fpr_req"": ""35"", ""sel_fpr_bid"": ""+121600"", ""buy_fpr_bid"": ""+121400"", ""buy_fpr_req"": ""62"", ""buy_1th_pre_req_pre"": ""+18"", ""buy_2th_pre_bid"": ""+121300"", ""buy_2th_pre_req"": ""56"", ""buy_2th_pre_req_pre"": ""0"", ""buy_3th_pre_bid"": ""+121200"", ""buy_3th_pre_req"": ""28"", ""buy_3th_pre_req_pre"": ""0"", ""buy_4th_pre_bid"": ""+121100"", ""buy_4th_pre_req"": ""88"", ""buy_4th_pre_req_pre"": ""0"", ""buy_5th_pre_bid"": ""+121000"", ""buy_5th_pre_req"": ""149"", ""buy_5th_pre_req_pre"": ""0"", ""buy_6th_pre_bid"": ""+120900"", ""buy_6th_pre_req"": ""48"", ""buy_6th_pre_req_pre"": ""0"", ""buy_7th_pre_bid"": ""+120800"", ""buy_7th_pre_req"": ""212"", ""buy_7th_pre_req_pre"": ""0"", ""buy_8th_pre_bid"": ""+120700"", ""buy_8th_pre_req"": ""18"", ""buy_8th_pre_req_pre"": ""0"", ""buy_9th_pre_bid"": ""+120600"", ""buy_9th_pre_req"": ""201"", ""buy_9th_pre_req_pre"": ""0"", ""buy_10th_pre_bid"": ""+120500"", ""buy_10th_pre_req"": ""129"", ""buy_10th_pre_req_pre"": ""0"", ""tot_sel_req_jub_pre"": ""0"", ""tot_sel_req"": ""273"", ""tot_buy_req"": ""991"", ""tot_buy_req_jub_pre"": ""+18"", ""ovt_sel_req_pre"": ""0"", ""ovt_sel_req"": ""0"", ""ovt_buy_req"": ""0"", ""ovt_buy_req_pre"": ""0"", ""return_code"": 0, ""return_msg"": ""정상적으로 처리되었습니다""}"
2026-06-10,scan_candidate,001740,,0,main_scan,14040,,14040,14030,14040,14000,-0.641025641025641,0.07122507122507123,,,,,,"{""bid_req_base_tm"": ""093504"", ""sel_10th_pre_req_pre"": ""0"", ""sel_10th_pre_req"": ""1109"", ""sel_10th_pre_bid"": ""-14130"", ""sel_9th_pre_req_pre"": ""0"", ""sel_9th_pre_req"": ""1156"", ""sel_9th_pre_bid"": ""-14120"", ""sel_8th_pre_req_pre"": ""0"", ""sel_8th_pre_req"": ""167"", ""sel_8th_pre_bid"": ""-14110"", ""sel_7th_pre_req_pre"": ""0"", ""sel_7th_pre_req"": ""5667"", ""sel_7th_pre_bid"": ""-14100"", ""sel_6th_pre_req_pre"": ""0"", ""sel_6th_pre_req"": ""1528"", ""sel_6th_pre_bid"": ""-14090"", ""sel_5th_pre_req_pre"": ""0"", ""sel_5th_pre_req"": ""1111"", ""sel_5th_pre_bid"": ""-14080"", ""sel_4th_pre_req_pre"": ""0"", ""sel_4th_pre_req"": ""214"", ""sel_4th_pre_bid"": ""-14070"", ""sel_3th_pre_req_pre"": ""0"", ""sel_3th_pre_req"": ""476"", ""sel_3th_pre_bid"": ""-14060"", ""sel_2th_pre_req_pre"": ""0"", ""sel_2th_pre_req"": ""579"", ""sel_2th_pre_bid"": ""-14050"", ""sel_1th_pre_req_pre"": ""--5"", ""sel_fpr_req"": ""87"", ""sel_fpr_bid"": ""-14040"", ""buy_fpr_bid"": ""-14030"", ""buy_fpr_req"": ""591"", ""buy_1th_pre_req_pre"": ""--2"", ""buy_2th_pre_bid"": ""-14020"", ""buy_2th_pre_req"": ""454"", ""buy_2th_pre_req_pre"": ""0"", ""buy_3th_pre_bid"": ""-14010"", ""buy_3th_pre_req"": ""2113"", ""buy_3th_pre_req_pre"": ""+600"", ""buy_4th_pre_bid"": ""-14000"", ""buy_4th_pre_req"": ""3123"", ""buy_4th_pre_req_pre"": ""+40"", ""buy_5th_pre_bid"": ""-13990"", ""buy_5th_pre_req"": ""653"", ""buy_5th_pre_req_pre"": ""0"", ""buy_6th_pre_bid"": ""-13980"", ""buy_6th_pre_req"": ""2015"", ""buy_6th_pre_req_pre"": ""0"", ""buy_7th_pre_bid"": ""-13970"", ""buy_7th_pre_req"": ""1465"", ""buy_7th_pre_req_pre"": ""0"", ""buy_8th_pre_bid"": ""-13960"", ""buy_8th_pre_req"": ""5514"", ""buy_8th_pre_req_pre"": ""0"", ""buy_9th_pre_bid"": ""-13950"", ""buy_9th_pre_req"": ""660"", ""buy_9th_pre_req_pre"": ""0"", ""buy_10th_pre_bid"": ""-13940"", ""buy_10th_pre_req"": ""2224"", ""buy_10th_pre_req_pre"": ""0"", ""tot_sel_req_jub_pre"": ""--5"", ""tot_sel_req"": ""12094"", ""tot_buy_req"": ""18812"", ""tot_buy_req_jub_pre"": ""+638"", ""ovt_sel_req_pre"": ""0"", ""ovt_sel_req"": ""0"", ""ovt_buy_req"": ""0"", ""ovt_buy_req_pre"": ""0"", ""return_code"": 0, ""return_msg"": ""정상적으로 처리되었습니다""}"
2026-06-10,scan_candidate,383220,,0,main_scan,76800,,76800,76600,76800,76300,-0.78125,0.26041666666666663,,,,,,"{""bid_req_base_tm"": ""093504"", ""sel_10th_pre_req_pre"": ""0"", ""sel_10th_pre_req"": ""2"", ""sel_10th_pre_bid"": ""+77900"", ""sel_9th_pre_req_pre"": ""0"", ""sel_9th_pre_req"": ""64"", ""sel_9th_pre_bid"": ""+77800"", ""sel_8th_pre_req_pre"": ""0"", ""sel_8th_pre_req"": ""21"", ""sel_8th_pre_bid"": ""+77700"", ""sel_7th_pre_req_pre"": ""0"", ""sel_7th_pre_req"": ""17"", ""sel_7th_pre_bid"": ""+77500"", ""sel_6th_pre_req_pre"": ""0"", ""sel_6th_pre_req"": ""3"", ""sel_6th_pre_bid"": ""+77400"", ""sel_5th_pre_req_pre"": ""0"", ""sel_5th_pre_req"": ""2"", ""sel_5th_pre_bid"": ""+77200"", ""sel_4th_pre_req_pre"": ""0"", ""sel_4th_pre_req"": ""1"", ""sel_4th_pre_bid"": ""+77100"", ""sel_3th_pre_req_pre"": ""0"", ""sel_3th_pre_req"": ""3"", ""sel_3th_pre_bid"": ""+77000"", ""sel_2th_pre_req_pre"": ""0"", ""sel_2th_pre_req"": ""74"", ""sel_2th_pre_bid"": ""+76900"", ""sel_1th_pre_req_pre"": ""0"", ""sel_fpr_req"": ""71"", ""sel_fpr_bid"": ""+76800"", ""buy_fpr_bid"": ""+76600"", ""buy_fpr_req"": ""5"", ""buy_1th_pre_req_pre"": ""--1"", ""buy_2th_pre_bid"": ""+76500"", ""buy_2th_pre_req"": ""5"", ""buy_2th_pre_req_pre"": ""0"", ""buy_3th_pre_bid"": ""+76400"", ""buy_3th_pre_req"": ""6"", ""buy_3th_pre_req_pre"": ""0"", ""buy_4th_pre_bid"": ""+76300"", ""buy_4th_pre_req"": ""50"", ""buy_4th_pre_req_pre"": ""0"", ""buy_5th_pre_bid"": ""+76200"", ""buy_5th_pre_req"": ""21"", ""buy_5th_pre_req_pre"": ""0"", ""buy_6th_pre_bid"": ""+76100"", ""buy_6th_pre_req"": ""3"", ""buy_6th_pre_req_pre"": ""0"", ""buy_7th_pre_bid"": ""+76000"", ""buy_7th_pre_req"": ""5"", ""buy_7th_pre_req_pre"": ""0"", ""buy_8th_pre_bid"": ""+75900"", ""buy_8th_pre_req"": ""13"", ""buy_8th_pre_req_pre"": ""0"", ""buy_9th_pre_bid"": ""+75800"", ""buy_9th_pre_req"": ""2"", ""buy_9th_pre_req_pre"": ""0"", ""buy_10th_pre_bid"": ""+75700"", ""buy_10th_pre_req"": ""32"", ""buy_10th_pre_req_pre"": ""0"", ""tot_sel_req_jub_pre"": ""0"", ""tot_sel_req"": ""258"", ""tot_buy_req"": ""142"", ""tot_buy_req_jub_pre"": ""--1"", ""ovt_sel_req_pre"": ""0"", ""ovt_sel_req"": ""0"", ""ovt_buy_req"": ""0"", ""ovt_buy_req_pre"": ""0"", ""return_code"": 0, ""return_msg"": ""정상적으로 처리되었습니다""}"
2026-06-10,scan_candidate,014680,,0,main_scan,260000,,260000,259500,260000,260000,-0.19230769230769232,0.19230769230769232,,,,,,"{""bid_req_base_tm"": ""093503"", ""sel_10th_pre_req_pre"": ""0"", ""sel_10th_pre_req"": ""27"", ""sel_10th_pre_bid"": ""+264500"", ""sel_9th_pre_req_pre"": ""0"", ""sel_9th_pre_req"": ""75"", ""sel_9th_pre_bid"": ""+264000"", ""sel_8th_pre_req_pre"": ""0"", ""sel_8th_pre_req"": ""53"", ""sel_8th_pre_bid"": ""+263500"", ""sel_7th_pre_req_pre"": ""0"", ""sel_7th_pre_req"": ""1"", ""sel_7th_pre_bid"": ""+263000"", ""sel_6th_pre_req_pre"": ""0"", ""sel_6th_pre_req"": ""26"", ""sel_6th_pre_bid"": ""+262500"", ""sel_5th_pre_req_pre"": ""0"", ""sel_5th_pre_req"": ""31"", ""sel_5th_pre_bid"": ""+262000"", ""sel_4th_pre_req_pre"": ""0"", ""sel_4th_pre_req"": ""56"", ""sel_4th_pre_bid"": ""+261500"", ""sel_3th_pre_req_pre"": ""--2"", ""sel_3th_pre_req"": ""122"", ""sel_3th_pre_bid"": ""+261000"", ""sel_2th_pre_req_pre"": ""+1"", ""sel_2th_pre_req"": ""75"", ""sel_2th_pre_bid"": ""+260500"", ""sel_1th_pre_req_pre"": ""0"", ""sel_fpr_req"": ""5"", ""sel_fpr_bid"": ""+260000"", ""buy_fpr_bid"": ""+259500"", ""buy_fpr_req"": ""149"", ""buy_1th_pre_req_pre"": ""0"", ""buy_2th_pre_bid"": ""+259000"", ""buy_2th_pre_req"": ""166"", ""buy_2th_pre_req_pre"": ""0"", ""buy_3th_pre_bid"": ""+258500"", ""buy_3th_pre_req"": ""1"", ""buy_3th_pre_req_pre"": ""0"", ""buy_4th_pre_bid"": ""+258000"", ""buy_4th_pre_req"": ""21"", ""buy_4th_pre_req_pre"": ""0"", ""buy_5th_pre_bid"": ""+257500"", ""buy_5th_pre_req"": ""9"", ""buy_5th_pre_req_pre"": ""0"", ""buy_6th_pre_bid"": ""+257000"", ""buy_6th_pre_req"": ""103"", ""buy_6th_pre_req_pre"": ""0"", ""buy_7th_pre_bid"": ""+256500"", ""buy_7th_pre_req"": ""1"", ""buy_7th_pre_req_pre"": ""0"", ""buy_8th_pre_bid"": ""+256000"", ""buy_8th_pre_req"": ""107"", ""buy_8th_pre_req_pre"": ""0"", ""buy_9th_pre_bid"": ""+255500"", ""buy_9th_pre_req"": ""68"", ""buy_9th_pre_req_pre"": ""0"", ""buy_10th_pre_bid"": ""+254500"", ""buy_10th_pre_req"": ""2"", ""buy_10th_pre_req_pre"": ""0"", ""tot_sel_req_jub_pre"": ""--1"", ""tot_sel_req"": ""471"", ""tot_buy_req"": ""627"", ""tot_buy_req_jub_pre"": ""0"", ""ovt_sel_req_pre"": ""0"", ""ovt_sel_req"": ""0"", ""ovt_buy_req"": ""0"", ""ovt_buy_req_pre"": ""0"", ""return_code"": 0, ""return_msg"": ""정상적으로 처리되었습니다""}"
2026-06-10,scan_candidate,028670,,0,main_scan,5100,,5100,5090,5100,5120,0.19607843137254902,0.19607843137254902,,,,,,"{""bid_req_base_tm"": ""093503"", ""sel_10th_pre_req_pre"": ""0"", ""sel_10th_pre_req"": ""1302"", ""sel_10th_pre_bid"": ""-5190"", ""sel_9th_pre_req_pre"": ""0"", ""sel_9th_pre_req"": ""1252"", ""sel_9th_pre_bid"": ""-5180"", ""sel_8th_pre_req_pre"": ""0"", ""sel_8th_pre_req"": ""1360"", ""sel_8th_pre_bid"": ""-5170"", ""sel_7th_pre_req_pre"": ""0"", ""sel_7th_pre_req"": ""503"", ""sel_7th_pre_bid"": ""-5160"", ""sel_6th_pre_req_pre"": ""0"", ""sel_6th_pre_req"": ""200"", ""sel_6th_pre_bid"": ""-5150"", ""sel_5th_pre_req_pre"": ""0"", ""sel_5th_pre_req"": ""986"", ""sel_5th_pre_bid"": ""-5140"", ""sel_4th_pre_req_pre"": ""0"", ""sel_4th_pre_req"": ""1572"", ""sel_4th_pre_bid"": ""-5130"", ""sel_3th_pre_req_pre"": ""0"", ""sel_3th_pre_req"": ""52"", ""sel_3th_pre_bid"": ""-5120"", ""sel_2th_pre_req_pre"": ""0"", ""sel_2th_pre_req"": ""3949"", ""sel_2th_pre_bid"": ""-5110"", ""sel_1th_pre_req_pre"": ""0"", ""sel_fpr_req"": ""81"", ""sel_fpr_bid"": ""-5100"", ""buy_fpr_bid"": ""-5090"", ""buy_fpr_req"": ""2950"", ""buy_1th_pre_req_pre"": ""0"", ""buy_2th_pre_bid"": ""-5080"", ""buy_2th_pre_req"": ""1077"", ""buy_2th_pre_req_pre"": ""0"", ""buy_3th_pre_bid"": ""-5070"", ""buy_3th_pre_req"": ""2842"", ""buy_3th_pre_req_pre"": ""0"", ""buy_4th_pre_bid"": ""-5060"", ""buy_4th_pre_req"": ""1597"", ""buy_4th_pre_req_pre"": ""0"", ""buy_5th_pre_bid"": ""-5050"", ""buy_5th_pre_req"": ""3035"", ""buy_5th_pre_req_pre"": ""0"", ""buy_6th_pre_bid"": ""-5040"", ""buy_6th_pre_req"": ""1807"", ""buy_6th_pre_req_pre"": ""0"", ""buy_7th_pre_bid"": ""-5030"", ""buy_7th_pre_req"": ""3075"", ""buy_7th_pre_req_pre"": ""0"", ""buy_8th_pre_bid"": ""-5020"", ""buy_8th_pre_req"": ""1482"", ""buy_8th_pre_req_pre"": ""0"", ""buy_9th_pre_bid"": ""-5010"", ""buy_9th_pre_req"": ""3320"", ""buy_9th_pre_req_pre"": ""0"", ""buy_10th_pre_bid"": ""-5000"", ""buy_10th_pre_req"": ""5743"", ""buy_10th_pre_req_pre"": ""+1000"", ""tot_sel_req_jub_pre"": ""0"", ""tot_sel_req"": ""11257"", ""tot_buy_req"": ""26928"", ""tot_buy_req_jub_pre"": ""+1000"", ""ovt_sel_req_pre"": ""0"", ""ovt_sel_req"": ""0"", ""ovt_buy_req"": ""0"", ""ovt_buy_req_pre"": ""0"", ""return_code"": 0, ""return_msg"": ""정상적으로 처리되었습니다""}"
2026-06-10,scan_candidate,009420,,0,main_scan,51000,,51000,50900,51000,51200,0.19607843137254902,0.19607843137254902,,,,,,"{""bid_req_base_tm"": ""093505"", ""sel_10th_pre_req_pre"": ""0"", ""sel_10th_pre_req"": ""396"", ""sel_10th_pre_bid"": ""-52000"", ""sel_9th_pre_req_pre"": ""0"", ""sel_9th_pre_req"": ""301"", ""sel_9th_pre_bid"": ""-51900"", ""sel_8th_pre_req_pre"": ""0"", ""sel_8th_pre_req"": ""481"", ""sel_8th_pre_bid"": ""-51800"", ""sel_7th_pre_req_pre"": ""0"", ""sel_7th_pre_req"": ""117"", ""sel_7th_pre_bid"": ""-51700"", ""sel_6th_pre_req_pre"": ""0"", ""sel_6th_pre_req"": ""20"", ""sel_6th_pre_bid"": ""-51600"", ""sel_5th_pre_req_pre"": ""0"", ""sel_5th_pre_req"": ""23"", ""sel_5th_pre_bid"": ""-51500"", ""sel_4th_pre_req_pre"": ""0"", ""sel_4th_pre_req"": ""40"", ""sel_4th_pre_bid"": ""-51400"", ""sel_3th_pre_req_pre"": ""0"", ""sel_3th_pre_req"": ""13"", ""sel_3th_pre_bid"": ""-51300"", ""sel_2th_pre_req_pre"": ""0"", ""sel_2th_pre_req"": ""42"", ""sel_2th_pre_bid"": ""-51100"", ""sel_1th_pre_req_pre"": ""--1"", ""sel_fpr_req"": ""119"", ""sel_fpr_bid"": ""-51000"", ""buy_fpr_bid"": ""-50900"", ""buy_fpr_req"": ""33"", ""buy_1th_pre_req_pre"": ""0"", ""buy_2th_pre_bid"": ""-50800"", ""buy_2th_pre_req"": ""2"", ""buy_2th_pre_req_pre"": ""0"", ""buy_3th_pre_bid"": ""-50700"", ""buy_3th_pre_req"": ""353"", ""buy_3th_pre_req_pre"": ""0"", ""buy_4th_pre_bid"": ""-50600"", ""buy_4th_pre_req"": ""56"", ""buy_4th_pre_req_pre"": ""0"", ""buy_5th_pre_bid"": ""-50500"", ""buy_5th_pre_req"": ""1287"", ""buy_5th_pre_req_pre"": ""0"", ""buy_6th_pre_bid"": ""-50400"", ""buy_6th_pre_req"": ""41"", ""buy_6th_pre_req_pre"": ""0"", ""buy_7th_pre_bid"": ""-50300"", ""buy_7th_pre_req"": ""390"", ""buy_7th_pre_req_pre"": ""0"", ""buy_8th_pre_bid"": ""-50200"", ""buy_8th_pre_req"": ""668"", ""buy_8th_pre_req_pre"": ""0"", ""buy_9th_pre_bid"": ""-50100"", ""buy_9th_pre_req"": ""756"", ""buy_9th_pre_req_pre"": ""0"", ""buy_10th_pre_bid"": ""-50000"", ""buy_10th_pre_req"": ""1691"", ""buy_10th_pre_req_pre"": ""0"", ""tot_sel_req_jub_pre"": ""--1"", ""tot_sel_req"": ""1552"", ""tot_buy_req"": ""5277"", ""tot_buy_req_jub_pre"": ""0"", ""ovt_sel_req_pre"": ""0"", ""ovt_sel_req"": ""0"", ""ovt_buy_req"": ""0"", ""ovt_buy_req_pre"": ""0"", ""return_code"": 0, ""return_msg"": ""정상적으로 처리되었습니다""}"
2026-06-10,scan_candidate,004990,,0,main_scan,25650,,25650,25600,25650,25800,0.3898635477582846,0.1949317738791423,,,,,,"{""bid_req_base_tm"": ""093504"", ""sel_10th_pre_req_pre"": ""0"", ""sel_10th_pre_req"": ""69"", ""sel_10th_pre_bid"": ""26150"", ""sel_9th_pre_req_pre"": ""0"", ""sel_9th_pre_req"": ""602"", ""sel_9th_pre_bid"": ""-26100"", ""sel_8th_pre_req_pre"": ""0"", ""sel_8th_pre_req"": ""3"", ""sel_8th_pre_bid"": ""-26050"", ""sel_7th_pre_req_pre"": ""0"", ""sel_7th_pre_req"": ""504"", ""sel_7th_pre_bid"": ""-26000"", ""sel_6th_pre_req_pre"": ""0"", ""sel_6th_pre_req"": ""104"", ""sel_6th_pre_bid"": ""-25950"", ""sel_5th_pre_req_pre"": ""0"", ""sel_5th_pre_req"": ""3"", ""sel_5th_pre_bid"": ""-25850"", ""sel_4th_pre_req_pre"": ""0"", ""sel_4th_pre_req"": ""280"", ""sel_4th_pre_bid"": ""-25800"", ""sel_3th_pre_req_pre"": ""0"", ""sel_3th_pre_req"": ""664"", ""sel_3th_pre_bid"": ""-25750"", ""sel_2th_pre_req_pre"": ""0"", ""sel_2th_pre_req"": ""408"", ""sel_2th_pre_bid"": ""-25700"", ""sel_1th_pre_req_pre"": ""0"", ""sel_fpr_req"": ""421"", ""sel_fpr_bid"": ""-25650"", ""buy_fpr_bid"": ""-25600"", ""buy_fpr_req"": ""636"", ""buy_1th_pre_req_pre"": ""0"", ""buy_2th_pre_bid"": ""-25550"", ""buy_2th_pre_req"": ""2340"", ""buy_2th_pre_req_pre"": ""0"", ""buy_3th_pre_bid"": ""-25500"", ""buy_3th_pre_req"": ""1365"", ""buy_3th_pre_req_pre"": ""0"", ""buy_4th_pre_bid"": ""-25450"", ""buy_4th_pre_req"": ""1033"", ""buy_4th_pre_req_pre"": ""0"", ""buy_5th_pre_bid"": ""-25400"", ""buy_5th_pre_req"": ""683"", ""buy_5th_pre_req_pre"": ""0"", ""buy_6th_pre_bid"": ""-25350"", ""buy_6th_pre_req"": ""266"", ""buy_6th_pre_req_pre"": ""0"", ""buy_7th_pre_bid"": ""-25300"", ""buy_7th_pre_req"": ""745"", ""buy_7th_pre_req_pre"": ""0"", ""buy_8th_pre_bid"": ""-25250"", ""buy_8th_pre_req"": ""529"", ""buy_8th_pre_req_pre"": ""0"", ""buy_9th_pre_bid"": ""-25200"", ""buy_9th_pre_req"": ""285"", ""buy_9th_pre_req_pre"": ""0"", ""buy_10th_pre_bid"": ""-25150"", ""buy_10th_pre_req"": ""316"", ""buy_10th_pre_req_pre"": ""0"", ""tot_sel_req_jub_pre"": ""0"", ""tot_sel_req"": ""3058"", ""tot_buy_req"": ""8198"", ""tot_buy_req_jub_pre"": ""0"", ""ovt_sel_req_pre"": ""0"", ""ovt_sel_req"": ""0"", ""ovt_buy_req"": ""0"", ""ovt_buy_req_pre"": ""0"", ""return_code"": 0, ""return_msg"": ""정상적으로 처리되었습니다""}"
2026-06-10,scan_candidate,483650,,0,main_scan,204000,,204000,203500,204000,203000,-0.7352941176470588,0.24509803921568626,,,,,,"{""bid_req_base_tm"": ""093505"", ""sel_10th_pre_req_pre"": ""0"", ""sel_10th_pre_req"": ""128"", ""sel_10th_pre_bid"": ""+208500"", ""sel_9th_pre_req_pre"": ""0"", ""sel_9th_pre_req"": ""471"", ""sel_9th_pre_bid"": ""+208000"", ""sel_8th_pre_req_pre"": ""0"", ""sel_8th_pre_req"": ""378"", ""sel_8th_pre_bid"": ""+207500"", ""sel_7th_pre_req_pre"": ""0"", ""sel_7th_pre_req"": ""1053"", ""sel_7th_pre_bid"": ""+207000"", ""sel_6th_pre_req_pre"": ""0"", ""sel_6th_pre_req"": ""582"", ""sel_6th_pre_bid"": ""+206500"", ""sel_5th_pre_req_pre"": ""0"", ""sel_5th_pre_req"": ""314"", ""sel_5th_pre_bid"": ""+206000"", ""sel_4th_pre_req_pre"": ""0"", ""sel_4th_pre_req"": ""107"", ""sel_4th_pre_bid"": ""+205500"", ""sel_3th_pre_req_pre"": ""0"", ""sel_3th_pre_req"": ""39"", ""sel_3th_pre_bid"": ""+205000"", ""sel_2th_pre_req_pre"": ""0"", ""sel_2th_pre_req"": ""29"", ""sel_2th_pre_bid"": ""+204500"", ""sel_1th_pre_req_pre"": ""0"", ""sel_fpr_req"": ""106"", ""sel_fpr_bid"": ""+204000"", ""buy_fpr_bid"": ""+203500"", ""buy_fpr_req"": ""38"", ""buy_1th_pre_req_pre"": ""+1"", ""buy_2th_pre_bid"": ""+203000"", ""buy_2th_pre_req"": ""105"", ""buy_2th_pre_req_pre"": ""0"", ""buy_3th_pre_bid"": ""+202500"", ""buy_3th_pre_req"": ""115"", ""buy_3th_pre_req_pre"": ""0"", ""buy_4th_pre_bid"": ""+202000"", ""buy_4th_pre_req"": ""365"", ""buy_4th_pre_req_pre"": ""0"", ""buy_5th_pre_bid"": ""+201500"", ""buy_5th_pre_req"": ""44"", ""buy_5th_pre_req_pre"": ""0"", ""buy_6th_pre_bid"": ""+201000"", ""buy_6th_pre_req"": ""85"", ""buy_6th_pre_req_pre"": ""0"", ""buy_7th_pre_bid"": ""+200500"", ""buy_7th_pre_req"": ""60"", ""buy_7th_pre_req_pre"": ""0"", ""buy_8th_pre_bid"": ""+200000"", ""buy_8th_pre_req"": ""146"", ""buy_8th_pre_req_pre"": ""0"", ""buy_9th_pre_bid"": ""+199900"", ""buy_9th_pre_req"": ""28"", ""buy_9th_pre_req_pre"": ""0"", ""buy_10th_pre_bid"": ""+199800"", ""buy_10th_pre_req"": ""6"", ""buy_10th_pre_req_pre"": ""0"", ""tot_sel_req_jub_pre"": ""0"", ""tot_sel_req"": ""3207"", ""tot_buy_req"": ""992"", ""tot_buy_req_jub_pre"": ""+1"", ""ovt_sel_req_pre"": ""0"", ""ovt_sel_req"": ""0"", ""ovt_buy_req"": ""0"", ""ovt_buy_req_pre"": ""0"", ""return_code"": 0, ""return_msg"": ""정상적으로 처리되었습니다""}"
2026-06-10,scan_candidate,003690,,0,main_scan,13250,,13250,13190,13250,13150,-1.1320754716981132,0.4528301886792453,,,,,,"{""bid_req_base_tm"": ""093505"", ""sel_10th_pre_req_pre"": ""0"", ""sel_10th_pre_req"": ""833"", ""sel_10th_pre_bid"": ""-13350"", ""sel_9th_pre_req_pre"": ""0"", ""sel_9th_pre_req"": ""434"", ""sel_9th_pre_bid"": ""-13340"", ""sel_8th_pre_req_pre"": ""0"", ""sel_8th_pre_req"": ""4"", ""sel_8th_pre_bid"": ""-13330"", ""sel_7th_pre_req_pre"": ""0"", ""sel_7th_pre_req"": ""235"", ""sel_7th_pre_bid"": ""-13320"", ""sel_6th_pre_req_pre"": ""0"", ""sel_6th_pre_req"": ""3"", ""sel_6th_pre_bid"": ""-13310"", ""sel_5th_pre_req_pre"": ""0"", ""sel_5th_pre_req"": ""632"", ""sel_5th_pre_bid"": ""-13300"", ""sel_4th_pre_req_pre"": ""0"", ""sel_4th_pre_req"": ""23"", ""sel_4th_pre_bid"": ""-13290"", ""sel_3th_pre_req_pre"": ""0"", ""sel_3th_pre_req"": ""3"", ""sel_3th_pre_bid"": ""-13280"", ""sel_2th_pre_req_pre"": ""0"", ""sel_2th_pre_req"": ""704"", ""sel_2th_pre_bid"": ""-13260"", ""sel_1th_pre_req_pre"": ""0"", ""sel_fpr_req"": ""274"", ""sel_fpr_bid"": ""-13250"", ""buy_fpr_bid"": ""-13190"", ""buy_fpr_req"": ""204"", ""buy_1th_pre_req_pre"": ""+48"", ""buy_2th_pre_bid"": ""-13180"", ""buy_2th_pre_req"": ""9"", ""buy_2th_pre_req_pre"": ""0"", ""buy_3th_pre_bid"": ""-13150"", ""buy_3th_pre_req"": ""20"", ""buy_3th_pre_req_pre"": ""0"", ""buy_4th_pre_bid"": ""-13140"", ""buy_4th_pre_req"": ""353"", ""buy_4th_pre_req_pre"": ""0"", ""buy_5th_pre_bid"": ""-13120"", ""buy_5th_pre_req"": ""163"", ""buy_5th_pre_req_pre"": ""0"", ""buy_6th_pre_bid"": ""-13090"", ""buy_6th_pre_req"": ""76"", ""buy_6th_pre_req_pre"": ""0"", ""buy_7th_pre_bid"": ""-13080"", ""buy_7th_pre_req"": ""397"", ""buy_7th_pre_req_pre"": ""0"", ""buy_8th_pre_bid"": ""-13070"", ""buy_8th_pre_req"": ""2"", ""buy_8th_pre_req_pre"": ""0"", ""buy_9th_pre_bid"": ""-13060"", ""buy_9th_pre_req"": ""3"", ""buy_9th_pre_req_pre"": ""0"", ""buy_10th_pre_bid"": ""-13050"", ""buy_10th_pre_req"": ""183"", ""buy_10th_pre_req_pre"": ""0"", ""tot_sel_req_jub_pre"": ""0"", ""tot_sel_req"": ""3145"", ""tot_buy_req"": ""1410"", ""tot_buy_req_jub_pre"": ""+48"", ""ovt_sel_req_pre"": ""0"", ""ovt_sel_req"": ""0"", ""ovt_buy_req"": ""0"", ""ovt_buy_req_pre"": ""0"", ""return_code"": 0, ""return_msg"": ""정상적으로 처리되었습니다""}"
2026-06-10,scan_candidate,279570,,0,main_scan,6010,,6010,6000,6010,5990,-0.49916805324459235,0.16638935108153077,,,,,,"{""bid_req_base_tm"": ""093505"", ""sel_10th_pre_req_pre"": ""0"", ""sel_10th_pre_req"": ""49599"", ""sel_10th_pre_bid"": ""+6100"", ""sel_9th_pre_req_pre"": ""0"", ""sel_9th_pre_req"": ""20730"", ""sel_9th_pre_bid"": ""+6090"", ""sel_8th_pre_req_pre"": ""0"", ""sel_8th_pre_req"": ""15229"", ""sel_8th_pre_bid"": ""+6080"", ""sel_7th_pre_req_pre"": ""0"", ""sel_7th_pre_req"": ""8214"", ""sel_7th_pre_bid"": ""+6070"", ""sel_6th_pre_req_pre"": ""0"", ""sel_6th_pre_req"": ""9857"", ""sel_6th_pre_bid"": ""+6060"", ""sel_5th_pre_req_pre"": ""0"", ""sel_5th_pre_req"": ""19869"", ""sel_5th_pre_bid"": ""+6050"", ""sel_4th_pre_req_pre"": ""0"", ""sel_4th_pre_req"": ""10931"", ""sel_4th_pre_bid"": ""+6040"", ""sel_3th_pre_req_pre"": ""--19"", ""sel_3th_pre_req"": ""10818"", ""sel_3th_pre_bid"": ""+6030"", ""sel_2th_pre_req_pre"": ""+19"", ""sel_2th_pre_req"": ""351"", ""sel_2th_pre_bid"": ""+6020"", ""sel_1th_pre_req_pre"": ""0"", ""sel_fpr_req"": ""2482"", ""sel_fpr_bid"": ""+6010"", ""buy_fpr_bid"": ""+6000"", ""buy_fpr_req"": ""3332"", ""buy_1th_pre_req_pre"": ""0"", ""buy_2th_pre_bid"": ""+5990"", ""buy_2th_pre_req"": ""1937"", ""buy_2th_pre_req_pre"": ""0"", ""buy_3th_pre_bid"": ""+5980"", ""buy_3th_pre_req"": ""462"", ""buy_3th_pre_req_pre"": ""0"", ""buy_4th_pre_bid"": ""+5970"", ""buy_4th_pre_req"": ""1460"", ""buy_4th_pre_req_pre"": ""0"", ""buy_5th_pre_bid"": ""+5960"", ""buy_5th_pre_req"": ""7312"", ""buy_5th_pre_req_pre"": ""0"", ""buy_6th_pre_bid"": ""+5950"", ""buy_6th_pre_req"": ""32521"", ""buy_6th_pre_req_pre"": ""+1680"", ""buy_7th_pre_bid"": ""+5940"", ""buy_7th_pre_req"": ""5218"", ""buy_7th_pre_req_pre"": ""0"", ""buy_8th_pre_bid"": ""+5930"", ""buy_8th_pre_req"": ""4493"", ""buy_8th_pre_req_pre"": ""0"", ""buy_9th_pre_bid"": ""+5920"", ""buy_9th_pre_req"": ""5343"", ""buy_9th_pre_req_pre"": ""0"", ""buy_10th_pre_bid"": ""+5910"", ""buy_10th_pre_req"": ""5810"", ""buy_10th_pre_req_pre"": ""0"", ""tot_sel_req_jub_pre"": ""0"", ""tot_sel_req"": ""148080"", ""tot_buy_req"": ""67888"", ""tot_buy_req_jub_pre"": ""+1680"", ""ovt_sel_req_pre"": ""0"", ""ovt_sel_req"": ""0"", ""ovt_buy_req"": ""0"", ""ovt_buy_req_pre"": ""0"", ""return_code"": 0, ""return_msg"": ""정상적으로 처리되었습니다""}"
2026-06-10,scan_candidate,008770,,0,main_scan,53900,,53900,53700,53900,54200,0.3710575139146568,0.3710575139146568,,,,,,"{""bid_req_base_tm"": ""093503"", ""sel_10th_pre_req_pre"": ""0"", ""sel_10th_pre_req"": ""332"", ""sel_10th_pre_bid"": ""-55000"", ""sel_9th_pre_req_pre"": ""0"", ""sel_9th_pre_req"": ""109"", ""sel_9th_pre_bid"": ""-54900"", ""sel_8th_pre_req_pre"": ""0"", ""sel_8th_pre_req"": ""258"", ""sel_8th_pre_bid"": ""-54800"", ""sel_7th_pre_req_pre"": ""0"", ""sel_7th_pre_req"": ""32"", ""sel_7th_pre_bid"": ""-54700"", ""sel_6th_pre_req_pre"": ""0"", ""sel_6th_pre_req"": ""15"", ""sel_6th_pre_bid"": ""-54600"", ""sel_5th_pre_req_pre"": ""0"", ""sel_5th_pre_req"": ""3"", ""sel_5th_pre_bid"": ""-54300"", ""sel_4th_pre_req_pre"": ""0"", ""sel_4th_pre_req"": ""153"", ""sel_4th_pre_bid"": ""-54200"", ""sel_3th_pre_req_pre"": ""0"", ""sel_3th_pre_req"": ""50"", ""sel_3th_pre_bid"": ""-54100"", ""sel_2th_pre_req_pre"": ""0"", ""sel_2th_pre_req"": ""89"", ""sel_2th_pre_bid"": ""-54000"", ""sel_1th_pre_req_pre"": ""+26"", ""sel_fpr_req"": ""77"", ""sel_fpr_bid"": ""-53900"", ""buy_fpr_bid"": ""-53700"", ""buy_fpr_req"": ""21"", ""buy_1th_pre_req_pre"": ""0"", ""buy_2th_pre_bid"": ""-53600"", ""buy_2th_pre_req"": ""168"", ""buy_2th_pre_req_pre"": ""0"", ""buy_3th_pre_bid"": ""-53500"", ""buy_3th_pre_req"": ""697"", ""buy_3th_pre_req_pre"": ""0"", ""buy_4th_pre_bid"": ""-53400"", ""buy_4th_pre_req"": ""500"", ""buy_4th_pre_req_pre"": ""0"", ""buy_5th_pre_bid"": ""-53300"", ""buy_5th_pre_req"": ""549"", ""buy_5th_pre_req_pre"": ""0"", ""buy_6th_pre_bid"": ""-53200"", ""buy_6th_pre_req"": ""739"", ""buy_6th_pre_req_pre"": ""0"", ""buy_7th_pre_bid"": ""-53100"", ""buy_7th_pre_req"": ""362"", ""buy_7th_pre_req_pre"": ""0"", ""buy_8th_pre_bid"": ""-53000"", ""buy_8th_pre_req"": ""570"", ""buy_8th_pre_req_pre"": ""0"", ""buy_9th_pre_bid"": ""-52900"", ""buy_9th_pre_req"": ""527"", ""buy_9th_pre_req_pre"": ""0"", ""buy_10th_pre_bid"": ""-52800"", ""buy_10th_pre_req"": ""405"", ""buy_10th_pre_req_pre"": ""0"", ""tot_sel_req_jub_pre"": ""+26"", ""tot_sel_req"": ""1118"", ""tot_buy_req"": ""4538"", ""tot_buy_req_jub_pre"": ""0"", ""ovt_sel_req_pre"": ""0"", ""ovt_sel_req"": ""0"", ""ovt_buy_req"": ""0"", ""ovt_buy_req_pre"": ""0"", ""return_code"": 0, ""return_msg"": ""정상적으로 처리되었습니다""}"
2026-06-10,scan_candidate,081660,,0,main_scan,40150,,40150,40100,40150,40050,-0.37359900373599003,0.12453300124533001,,,,,,"{""bid_req_base_tm"": ""093502"", ""sel_10th_pre_req_pre"": ""0"", ""sel_10th_pre_req"": ""75"", ""sel_10th_pre_bid"": ""+40600"", ""sel_9th_pre_req_pre"": ""0"", ""sel_9th_pre_req"": ""126"", ""sel_9th_pre_bid"": ""+40550"", ""sel_8th_pre_req_pre"": ""+1"", ""sel_8th_pre_req"": ""39"", ""sel_8th_pre_bid"": ""+40500"", ""sel_7th_pre_req_pre"": ""0"", ""sel_7th_pre_req"": ""20"", ""sel_7th_pre_bid"": ""+40450"", ""sel_6th_pre_req_pre"": ""0"", ""sel_6th_pre_req"": ""87"", ""sel_6th_pre_bid"": ""+40400"", ""sel_5th_pre_req_pre"": ""0"", ""sel_5th_pre_req"": ""18"", ""sel_5th_pre_bid"": ""+40350"", ""sel_4th_pre_req_pre"": ""0"", ""sel_4th_pre_req"": ""18"", ""sel_4th_pre_bid"": ""+40300"", ""sel_3th_pre_req_pre"": ""0"", ""sel_3th_pre_req"": ""108"", ""sel_3th_pre_bid"": ""+40250"", ""sel_2th_pre_req_pre"": ""0"", ""sel_2th_pre_req"": ""234"", ""sel_2th_pre_bid"": ""+40200"", ""sel_1th_pre_req_pre"": ""0"", ""sel_fpr_req"": ""155"", ""sel_fpr_bid"": ""+40150"", ""buy_fpr_bid"": ""+40100"", ""buy_fpr_req"": ""167"", ""buy_1th_pre_req_pre"": ""0"", ""buy_2th_pre_bid"": ""+40050"", ""buy_2th_pre_req"": ""181"", ""buy_2th_pre_req_pre"": ""0"", ""buy_3th_pre_bid"": ""+40000"", ""buy_3th_pre_req"": ""1"", ""buy_3th_pre_req_pre"": ""0"", ""buy_4th_pre_bid"": ""+39950"", ""buy_4th_pre_req"": ""94"", ""buy_4th_pre_req_pre"": ""0"", ""buy_5th_pre_bid"": ""+39900"", ""buy_5th_pre_req"": ""30"", ""buy_5th_pre_req_pre"": ""0"", ""buy_6th_pre_bid"": ""+39850"", ""buy_6th_pre_req"": ""90"", ""buy_6th_pre_req_pre"": ""0"", ""buy_7th_pre_bid"": ""+39800"", ""buy_7th_pre_req"": ""1"", ""buy_7th_pre_req_pre"": ""0"", ""buy_8th_pre_bid"": ""+39750"", ""buy_8th_pre_req"": ""58"", ""buy_8th_pre_req_pre"": ""0"", ""buy_9th_pre_bid"": ""39700"", ""buy_9th_pre_req"": ""10"", ""buy_9th_pre_req_pre"": ""0"", ""buy_10th_pre_bid"": ""-39650"", ""buy_10th_pre_req"": ""30"", ""buy_10th_pre_req_pre"": ""0"", ""tot_sel_req_jub_pre"": ""+1"", ""tot_sel_req"": ""880"", ""tot_buy_req"": ""662"", ""tot_buy_req_jub_pre"": ""0"", ""ovt_sel_req_pre"": ""0"", ""ovt_sel_req"": ""0"", ""ovt_buy_req"": ""0"", ""ovt_buy_req_pre"": ""0"", ""return_code"": 0, ""return_msg"": ""정상적으로 처리되었습니다""}"
2026-06-10,scan_candidate,462870,,0,main_scan,31050,,31050,31000,31050,31100,0.0,0.1610305958132045,,,,,,"{""bid_req_base_tm"": ""093504"", ""sel_10th_pre_req_pre"": ""0"", ""sel_10th_pre_req"": ""10"", ""sel_10th_pre_bid"": ""-31550"", ""sel_9th_pre_req_pre"": ""0"", ""sel_9th_pre_req"": ""156"", ""sel_9th_pre_bid"": ""-31500"", ""sel_8th_pre_req_pre"": ""0"", ""sel_8th_pre_req"": ""34"", ""sel_8th_pre_bid"": ""-31450"", ""sel_7th_pre_req_pre"": ""0"", ""sel_7th_pre_req"": ""137"", ""sel_7th_pre_bid"": ""-31400"", ""sel_6th_pre_req_pre"": ""0"", ""sel_6th_pre_req"": ""35"", ""sel_6th_pre_bid"": ""-31350"", ""sel_5th_pre_req_pre"": ""0"", ""sel_5th_pre_req"": ""170"", ""sel_5th_pre_bid"": ""-31300"", ""sel_4th_pre_req_pre"": ""0"", ""sel_4th_pre_req"": ""4"", ""sel_4th_pre_bid"": ""-31200"", ""sel_3th_pre_req_pre"": ""0"", ""sel_3th_pre_req"": ""14"", ""sel_3th_pre_bid"": ""-31150"", ""sel_2th_pre_req_pre"": ""0"", ""sel_2th_pre_req"": ""49"", ""sel_2th_pre_bid"": ""-31100"", ""sel_1th_pre_req_pre"": ""0"", ""sel_fpr_req"": ""363"", ""sel_fpr_bid"": ""-31050"", ""buy_fpr_bid"": ""-31000"", ""buy_fpr_req"": ""19"", ""buy_1th_pre_req_pre"": ""0"", ""buy_2th_pre_bid"": ""-30900"", ""buy_2th_pre_req"": ""95"", ""buy_2th_pre_req_pre"": ""0"", ""buy_3th_pre_bid"": ""-30850"", ""buy_3th_pre_req"": ""209"", ""buy_3th_pre_req_pre"": ""0"", ""buy_4th_pre_bid"": ""-30800"", ""buy_4th_pre_req"": ""207"", ""buy_4th_pre_req_pre"": ""0"", ""buy_5th_pre_bid"": ""-30750"", ""buy_5th_pre_req"": ""123"", ""buy_5th_pre_req_pre"": ""0"", ""buy_6th_pre_bid"": ""-30700"", ""buy_6th_pre_req"": ""387"", ""buy_6th_pre_req_pre"": ""0"", ""buy_7th_pre_bid"": ""-30650"", ""buy_7th_pre_req"": ""42"", ""buy_7th_pre_req_pre"": ""0"", ""buy_8th_pre_bid"": ""-30600"", ""buy_8th_pre_req"": ""437"", ""buy_8th_pre_req_pre"": ""0"", ""buy_9th_pre_bid"": ""-30550"", ""buy_9th_pre_req"": ""103"", ""buy_9th_pre_req_pre"": ""0"", ""buy_10th_pre_bid"": ""-30500"", ""buy_10th_pre_req"": ""242"", ""buy_10th_pre_req_pre"": ""0"", ""tot_sel_req_jub_pre"": ""0"", ""tot_sel_req"": ""972"", ""tot_buy_req"": ""1864"", ""tot_buy_req_jub_pre"": ""+6"", ""ovt_sel_req_pre"": ""0"", ""ovt_sel_req"": ""0"", ""ovt_buy_req"": ""0"", ""ovt_buy_req_pre"": ""0"", ""return_code"": 0, ""return_msg"": ""정상적으로 처리되었습니다""}"
2026-06-10,scan_candidate,120110,,0,main_scan,68900,,68900,68800,68900,69100,0.14513788098693758,0.14513788098693758,,,,,,"{""bid_req_base_tm"": ""093505"", ""sel_10th_pre_req_pre"": ""0"", ""sel_10th_pre_req"": ""160"", ""sel_10th_pre_bid"": ""+70000"", ""sel_9th_pre_req_pre"": ""0"", ""sel_9th_pre_req"": ""2"", ""sel_9th_pre_bid"": ""+69900"", ""sel_8th_pre_req_pre"": ""0"", ""sel_8th_pre_req"": ""113"", ""sel_8th_pre_bid"": ""+69800"", ""sel_7th_pre_req_pre"": ""0"", ""sel_7th_pre_req"": ""4"", ""sel_7th_pre_bid"": ""+69700"", ""sel_6th_pre_req_pre"": ""0"", ""sel_6th_pre_req"": ""64"", ""sel_6th_pre_bid"": ""+69500"", ""sel_5th_pre_req_pre"": ""0"", ""sel_5th_pre_req"": ""15"", ""sel_5th_pre_bid"": ""+69400"", ""sel_4th_pre_req_pre"": ""0"", ""sel_4th_pre_req"": ""3"", ""sel_4th_pre_bid"": ""+69200"", ""sel_3th_pre_req_pre"": ""0"", ""sel_3th_pre_req"": ""6"", ""sel_3th_pre_bid"": ""+69100"", ""sel_2th_pre_req_pre"": ""0"", ""sel_2th_pre_req"": ""44"", ""sel_2th_pre_bid"": ""+69000"", ""sel_1th_pre_req_pre"": ""+5"", ""sel_fpr_req"": ""10"", ""sel_fpr_bid"": ""+68900"", ""buy_fpr_bid"": ""+68800"", ""buy_fpr_req"": ""174"", ""buy_1th_pre_req_pre"": ""0"", ""buy_2th_pre_bid"": ""+68700"", ""buy_2th_pre_req"": ""18"", ""buy_2th_pre_req_pre"": ""0"", ""buy_3th_pre_bid"": ""+68600"", ""buy_3th_pre_req"": ""44"", ""buy_3th_pre_req_pre"": ""0"", ""buy_4th_pre_bid"": ""+68500"", ""buy_4th_pre_req"": ""67"", ""buy_4th_pre_req_pre"": ""0"", ""buy_5th_pre_bid"": ""+68400"", ""buy_5th_pre_req"": ""4"", ""buy_5th_pre_req_pre"": ""0"", ""buy_6th_pre_bid"": ""+68300"", ""buy_6th_pre_req"": ""131"", ""buy_6th_pre_req_pre"": ""0"", ""buy_7th_pre_bid"": ""+68100"", ""buy_7th_pre_req"": ""1168"", ""buy_7th_pre_req_pre"": ""0"", ""buy_8th_pre_bid"": ""+68000"", ""buy_8th_pre_req"": ""439"", ""buy_8th_pre_req_pre"": ""0"", ""buy_9th_pre_bid"": ""+67900"", ""buy_9th_pre_req"": ""32"", ""buy_9th_pre_req_pre"": ""0"", ""buy_10th_pre_bid"": ""+67800"", ""buy_10th_pre_req"": ""14"", ""buy_10th_pre_req_pre"": ""0"", ""tot_sel_req_jub_pre"": ""+5"", ""tot_sel_req"": ""421"", ""tot_buy_req"": ""2091"", ""tot_buy_req_jub_pre"": ""0"", ""ovt_sel_req_pre"": ""0"", ""ovt_sel_req"": ""0"", ""ovt_buy_req"": ""0"", ""ovt_buy_req_pre"": ""0"", ""return_code"": 0, ""return_msg"": ""정상적으로 처리되었습니다""}"
2026-06-10,scan_candidate,009155,,0,main_scan,614000,,614000,612000,614000,618000,0.4885993485342019,0.32573289902280134,,,,,,"{""bid_req_base_tm"": ""093506"", ""sel_10th_pre_req_pre"": ""0"", ""sel_10th_pre_req"": ""40"", ""sel_10th_pre_bid"": ""-629000"", ""sel_9th_pre_req_pre"": ""0"", ""sel_9th_pre_req"": ""5"", ""sel_9th_pre_bid"": ""-628000"", ""sel_8th_pre_req_pre"": ""0"", ""sel_8th_pre_req"": ""10"", ""sel_8th_pre_bid"": ""-627000"", ""sel_7th_pre_req_pre"": ""0"", ""sel_7th_pre_req"": ""22"", ""sel_7th_pre_bid"": ""-625000"", ""sel_6th_pre_req_pre"": ""0"", ""sel_6th_pre_req"": ""4"", ""sel_6th_pre_bid"": ""-622000"", ""sel_5th_pre_req_pre"": ""0"", ""sel_5th_pre_req"": ""6"", ""sel_5th_pre_bid"": ""-621000"", ""sel_4th_pre_req_pre"": ""0"", ""sel_4th_pre_req"": ""3"", ""sel_4th_pre_bid"": ""-620000"", ""sel_3th_pre_req_pre"": ""0"", ""sel_3th_pre_req"": ""1"", ""sel_3th_pre_bid"": ""-619000"", ""sel_2th_pre_req_pre"": ""0"", ""sel_2th_pre_req"": ""26"", ""sel_2th_pre_bid"": ""-615000"", ""sel_1th_pre_req_pre"": ""0"", ""sel_fpr_req"": ""2"", ""sel_fpr_bid"": ""-614000"", ""buy_fpr_bid"": ""-612000"", ""buy_fpr_req"": ""13"", ""buy_1th_pre_req_pre"": ""0"", ""buy_2th_pre_bid"": ""-611000"", ""buy_2th_pre_req"": ""30"", ""buy_2th_pre_req_pre"": ""0"", ""buy_3th_pre_bid"": ""-610000"", ""buy_3th_pre_req"": ""25"", ""buy_3th_pre_req_pre"": ""--3"", ""buy_4th_pre_bid"": ""-609000"", ""buy_4th_pre_req"": ""31"", ""buy_4th_pre_req_pre"": ""0"", ""buy_5th_pre_bid"": ""-608000"", ""buy_5th_pre_req"": ""44"", ""buy_5th_pre_req_pre"": ""0"", ""buy_6th_pre_bid"": ""-607000"", ""buy_6th_pre_req"": ""68"", ""buy_6th_pre_req_pre"": ""0"", ""buy_7th_pre_bid"": ""-606000"", ""buy_7th_pre_req"": ""47"", ""buy_7th_pre_req_pre"": ""0"", ""buy_8th_pre_bid"": ""-605000"", ""buy_8th_pre_req"": ""229"", ""buy_8th_pre_req_pre"": ""0"", ""buy_9th_pre_bid"": ""-604000"", ""buy_9th_pre_req"": ""178"", ""buy_9th_pre_req_pre"": ""0"", ""buy_10th_pre_bid"": ""-603000"", ""buy_10th_pre_req"": ""87"", ""buy_10th_pre_req_pre"": ""0"", ""tot_sel_req_jub_pre"": ""0"", ""tot_sel_req"": ""119"", ""tot_buy_req"": ""752"", ""tot_buy_req_jub_pre"": ""--3"", ""ovt_sel_req_pre"": ""0"", ""ovt_sel_req"": ""0"", ""ovt_buy_req"": ""0"", ""ovt_buy_req_pre"": ""0"", ""return_code"": 0, ""return_msg"": ""정상적으로 처리되었습니다""}"
2026-06-10,scan_candidate,192080,,0,main_scan,72300,,72300,72200,72300,72500,0.13831258644536654,0.13831258644536654,,,,,,"{""bid_req_base_tm"": ""093506"", ""sel_10th_pre_req_pre"": ""0"", ""sel_10th_pre_req"": ""80"", ""sel_10th_pre_bid"": ""+73800"", ""sel_9th_pre_req_pre"": ""0"", ""sel_9th_pre_req"": ""755"", ""sel_9th_pre_bid"": ""+73700"", ""sel_8th_pre_req_pre"": ""0"", ""sel_8th_pre_req"": ""44"", ""sel_8th_pre_bid"": ""+73500"", ""sel_7th_pre_req_pre"": ""0"", ""sel_7th_pre_req"": ""72"", ""sel_7th_pre_bid"": ""+73400"", ""sel_6th_pre_req_pre"": ""0"", ""sel_6th_pre_req"": ""10"", ""sel_6th_pre_bid"": ""+73300"", ""sel_5th_pre_req_pre"": ""0"", ""sel_5th_pre_req"": ""4"", ""sel_5th_pre_bid"": ""+73000"", ""sel_4th_pre_req_pre"": ""0"", ""sel_4th_pre_req"": ""7"", ""sel_4th_pre_bid"": ""+72800"", ""sel_3th_pre_req_pre"": ""0"", ""sel_3th_pre_req"": ""1"", ""sel_3th_pre_bid"": ""+72600"", ""sel_2th_pre_req_pre"": ""0"", ""sel_2th_pre_req"": ""13"", ""sel_2th_pre_bid"": ""+72500"", ""sel_1th_pre_req_pre"": ""0"", ""sel_fpr_req"": ""7"", ""sel_fpr_bid"": ""+72300"", ""buy_fpr_bid"": ""+72200"", ""buy_fpr_req"": ""23"", ""buy_1th_pre_req_pre"": ""+10"", ""buy_2th_pre_bid"": ""+72100"", ""buy_2th_pre_req"": ""26"", ""buy_2th_pre_req_pre"": ""--6"", ""buy_3th_pre_bid"": ""72000"", ""buy_3th_pre_req"": ""128"", ""buy_3th_pre_req_pre"": ""0"", ""buy_4th_pre_bid"": ""-71900"", ""buy_4th_pre_req"": ""11"", ""buy_4th_pre_req_pre"": ""0"", ""buy_5th_pre_bid"": ""-71800"", ""buy_5th_pre_req"": ""52"", ""buy_5th_pre_req_pre"": ""0"", ""buy_6th_pre_bid"": ""-71700"", ""buy_6th_pre_req"": ""36"", ""buy_6th_pre_req_pre"": ""0"", ""buy_7th_pre_bid"": ""-71600"", ""buy_7th_pre_req"": ""33"", ""buy_7th_pre_req_pre"": ""0"", ""buy_8th_pre_bid"": ""-71500"", ""buy_8th_pre_req"": ""22"", ""buy_8th_pre_req_pre"": ""0"", ""buy_9th_pre_bid"": ""-71400"", ""buy_9th_pre_req"": ""36"", ""buy_9th_pre_req_pre"": ""0"", ""buy_10th_pre_bid"": ""-71300"", ""buy_10th_pre_req"": ""12"", ""buy_10th_pre_req_pre"": ""0"", ""tot_sel_req_jub_pre"": ""0"", ""tot_sel_req"": ""993"", ""tot_buy_req"": ""379"", ""tot_buy_req_jub_pre"": ""+4"", ""ovt_sel_req_pre"": ""0"", ""ovt_sel_req"": ""0"", ""ovt_buy_req"": ""0"", ""ovt_buy_req_pre"": ""0"", ""return_code"": 0, ""return_msg"": ""정상적으로 처리되었습니다""}"
2026-06-10,scan_candidate,093370,,0,main_scan,14080,,14080,14070,14080,14100,-0.2130681818181818,0.07102272727272728,,,,,,"{""bid_req_base_tm"": ""093507"", ""sel_10th_pre_req_pre"": ""0"", ""sel_10th_pre_req"": ""401"", ""sel_10th_pre_bid"": ""+14170"", ""sel_9th_pre_req_pre"": ""0"", ""sel_9th_pre_req"": ""196"", ""sel_9th_pre_bid"": ""+14160"", ""sel_8th_pre_req_pre"": ""0"", ""sel_8th_pre_req"": ""2574"", ""sel_8th_pre_bid"": ""+14150"", ""sel_7th_pre_req_pre"": ""0"", ""sel_7th_pre_req"": ""213"", ""sel_7th_pre_bid"": ""+14140"", ""sel_6th_pre_req_pre"": ""0"", ""sel_6th_pre_req"": ""259"", ""sel_6th_pre_bid"": ""+14130"", ""sel_5th_pre_req_pre"": ""0"", ""sel_5th_pre_req"": ""198"", ""sel_5th_pre_bid"": ""+14120"", ""sel_4th_pre_req_pre"": ""0"", ""sel_4th_pre_req"": ""406"", ""sel_4th_pre_bid"": ""+14110"", ""sel_3th_pre_req_pre"": ""0"", ""sel_3th_pre_req"": ""358"", ""sel_3th_pre_bid"": ""+14100"", ""sel_2th_pre_req_pre"": ""0"", ""sel_2th_pre_req"": ""391"", ""sel_2th_pre_bid"": ""+14090"", ""sel_1th_pre_req_pre"": ""0"", ""sel_fpr_req"": ""199"", ""sel_fpr_bid"": ""+14080"", ""buy_fpr_bid"": ""+14070"", ""buy_fpr_req"": ""1171"", ""buy_1th_pre_req_pre"": ""0"", ""buy_2th_pre_bid"": ""+14060"", ""buy_2th_pre_req"": ""1020"", ""buy_2th_pre_req_pre"": ""+115"", ""buy_3th_pre_bid"": ""+14050"", ""buy_3th_pre_req"": ""774"", ""buy_3th_pre_req_pre"": ""0"", ""buy_4th_pre_bid"": ""+14040"", ""buy_4th_pre_req"": ""844"", ""buy_4th_pre_req_pre"": ""0"", ""buy_5th_pre_bid"": ""+14030"", ""buy_5th_pre_req"": ""1669"", ""buy_5th_pre_req_pre"": ""0"", ""buy_6th_pre_bid"": ""+14020"", ""buy_6th_pre_req"": ""524"", ""buy_6th_pre_req_pre"": ""0"", ""buy_7th_pre_bid"": ""+14010"", ""buy_7th_pre_req"": ""1457"", ""buy_7th_pre_req_pre"": ""+4"", ""buy_8th_pre_bid"": ""+14000"", ""buy_8th_pre_req"": ""3897"", ""buy_8th_pre_req_pre"": ""0"", ""buy_9th_pre_bid"": ""+13990"", ""buy_9th_pre_req"": ""2163"", ""buy_9th_pre_req_pre"": ""0"", ""buy_10th_pre_bid"": ""+13980"", ""buy_10th_pre_req"": ""275"", ""buy_10th_pre_req_pre"": ""0"", ""tot_sel_req_jub_pre"": ""0"", ""tot_sel_req"": ""5195"", ""tot_buy_req"": ""13794"", ""tot_buy_req_jub_pre"": ""+119"", ""ovt_sel_req_pre"": ""0"", ""ovt_sel_req"": ""0"", ""ovt_buy_req"": ""0"", ""ovt_buy_req_pre"": ""0"", ""return_code"": 0, ""return_msg"": ""정상적으로 처리되었습니다""}"
2026-06-10,scan_candidate,066575,,0,main_scan,79100,,79100,79000,79100,79500,0.37926675094816686,0.12642225031605564,,,,,,"{""bid_req_base_tm"": ""093507"", ""sel_10th_pre_req_pre"": ""--5"", ""sel_10th_pre_req"": ""602"", ""sel_10th_pre_bid"": ""-80000"", ""sel_9th_pre_req_pre"": ""0"", ""sel_9th_pre_req"": ""122"", ""sel_9th_pre_bid"": ""-79900"", ""sel_8th_pre_req_pre"": ""0"", ""sel_8th_pre_req"": ""36"", ""sel_8th_pre_bid"": ""-79800"", ""sel_7th_pre_req_pre"": ""0"", ""sel_7th_pre_req"": ""119"", ""sel_7th_pre_bid"": ""-79700"", ""sel_6th_pre_req_pre"": ""0"", ""sel_6th_pre_req"": ""61"", ""sel_6th_pre_bid"": ""-79600"", ""sel_5th_pre_req_pre"": ""0"", ""sel_5th_pre_req"": ""452"", ""sel_5th_pre_bid"": ""-79500"", ""sel_4th_pre_req_pre"": ""0"", ""sel_4th_pre_req"": ""32"", ""sel_4th_pre_bid"": ""-79400"", ""sel_3th_pre_req_pre"": ""0"", ""sel_3th_pre_req"": ""26"", ""sel_3th_pre_bid"": ""-79300"", ""sel_2th_pre_req_pre"": ""0"", ""sel_2th_pre_req"": ""103"", ""sel_2th_pre_bid"": ""-79200"", ""sel_1th_pre_req_pre"": ""0"", ""sel_fpr_req"": ""239"", ""sel_fpr_bid"": ""-79100"", ""buy_fpr_bid"": ""-79000"", ""buy_fpr_req"": ""2099"", ""buy_1th_pre_req_pre"": ""--5"", ""buy_2th_pre_bid"": ""-78900"", ""buy_2th_pre_req"": ""1530"", ""buy_2th_pre_req_pre"": ""0"", ""buy_3th_pre_bid"": ""-78800"", ""buy_3th_pre_req"": ""297"", ""buy_3th_pre_req_pre"": ""0"", ""buy_4th_pre_bid"": ""-78700"", ""buy_4th_pre_req"": ""390"", ""buy_4th_pre_req_pre"": ""0"", ""buy_5th_pre_bid"": ""-78600"", ""buy_5th_pre_req"": ""210"", ""buy_5th_pre_req_pre"": ""0"", ""buy_6th_pre_bid"": ""-78500"", ""buy_6th_pre_req"": ""711"", ""buy_6th_pre_req_pre"": ""0"", ""buy_7th_pre_bid"": ""-78400"", ""buy_7th_pre_req"": ""76"", ""buy_7th_pre_req_pre"": ""0"", ""buy_8th_pre_bid"": ""-78300"", ""buy_8th_pre_req"": ""68"", ""buy_8th_pre_req_pre"": ""0"", ""buy_9th_pre_bid"": ""-78200"", ""buy_9th_pre_req"": ""141"", ""buy_9th_pre_req_pre"": ""0"", ""buy_10th_pre_bid"": ""-78100"", ""buy_10th_pre_req"": ""95"", ""buy_10th_pre_req_pre"": ""0"", ""tot_sel_req_jub_pre"": ""--5"", ""tot_sel_req"": ""1792"", ""tot_buy_req"": ""5617"", ""tot_buy_req_jub_pre"": ""--5"", ""ovt_sel_req_pre"": ""0"", ""ovt_sel_req"": ""0"", ""ovt_buy_req"": ""0"", ""ovt_buy_req_pre"": ""0"", ""return_code"": 0, ""return_msg"": ""정상적으로 처리되었습니다""}"
2026-06-10,scan_candidate,181710,,0,main_scan,41300,,41300,41250,41300,41550,0.48426150121065376,0.12106537530266344,,,,,,"{""bid_req_base_tm"": ""093506"", ""sel_10th_pre_req_pre"": ""0"", ""sel_10th_pre_req"": ""101"", ""sel_10th_pre_bid"": ""-42100"", ""sel_9th_pre_req_pre"": ""0"", ""sel_9th_pre_req"": ""100"", ""sel_9th_pre_bid"": ""-42050"", ""sel_8th_pre_req_pre"": ""0"", ""sel_8th_pre_req"": ""131"", ""sel_8th_pre_bid"": ""-42000"", ""sel_7th_pre_req_pre"": ""0"", ""sel_7th_pre_req"": ""60"", ""sel_7th_pre_bid"": ""-41950"", ""sel_6th_pre_req_pre"": ""0"", ""sel_6th_pre_req"": ""1"", ""sel_6th_pre_bid"": ""-41850"", ""sel_5th_pre_req_pre"": ""0"", ""sel_5th_pre_req"": ""20"", ""sel_5th_pre_bid"": ""-41800"", ""sel_4th_pre_req_pre"": ""0"", ""sel_4th_pre_req"": ""27"", ""sel_4th_pre_bid"": ""-41750"", ""sel_3th_pre_req_pre"": ""0"", ""sel_3th_pre_req"": ""8"", ""sel_3th_pre_bid"": ""-41400"", ""sel_2th_pre_req_pre"": ""0"", ""sel_2th_pre_req"": ""448"", ""sel_2th_pre_bid"": ""-41350"", ""sel_1th_pre_req_pre"": ""0"", ""sel_fpr_req"": ""7"", ""sel_fpr_bid"": ""-41300"", ""buy_fpr_bid"": ""-41250"", ""buy_fpr_req"": ""7"", ""buy_1th_pre_req_pre"": ""0"", ""buy_2th_pre_bid"": ""-41200"", ""buy_2th_pre_req"": ""42"", ""buy_2th_pre_req_pre"": ""0"", ""buy_3th_pre_bid"": ""-41150"", ""buy_3th_pre_req"": ""64"", ""buy_3th_pre_req_pre"": ""0"", ""buy_4th_pre_bid"": ""-41100"", ""buy_4th_pre_req"": ""255"", ""buy_4th_pre_req_pre"": ""0"", ""buy_5th_pre_bid"": ""-41050"", ""buy_5th_pre_req"": ""100"", ""buy_5th_pre_req_pre"": ""0"", ""buy_6th_pre_bid"": ""-41000"", ""buy_6th_pre_req"": ""961"", ""buy_6th_pre_req_pre"": ""0"", ""buy_7th_pre_bid"": ""-40950"", ""buy_7th_pre_req"": ""24"", ""buy_7th_pre_req_pre"": ""0"", ""buy_8th_pre_bid"": ""-40900"", ""buy_8th_pre_req"": ""26"", ""buy_8th_pre_req_pre"": ""0"", ""buy_9th_pre_bid"": ""-40850"", ""buy_9th_pre_req"": ""4"", ""buy_9th_pre_req_pre"": ""+1"", ""buy_10th_pre_bid"": ""-40800"", ""buy_10th_pre_req"": ""72"", ""buy_10th_pre_req_pre"": ""0"", ""tot_sel_req_jub_pre"": ""0"", ""tot_sel_req"": ""903"", ""tot_buy_req"": ""1555"", ""tot_buy_req_jub_pre"": ""+1"", ""ovt_sel_req_pre"": ""0"", ""ovt_sel_req"": ""0"", ""ovt_buy_req"": ""0"", ""ovt_buy_req_pre"": ""0"", ""return_code"": 0, ""return_msg"": ""정상적으로 처리되었습니다""}"
2026-06-10,scan_candidate,034230,,0,main_scan,14860,,14860,14840,14860,14900,-0.06729475100942127,0.13458950201884254,,,,,,"{""bid_req_base_tm"": ""093507"", ""sel_10th_pre_req_pre"": ""0"", ""sel_10th_pre_req"": ""181"", ""sel_10th_pre_bid"": ""-15000"", ""sel_9th_pre_req_pre"": ""0"", ""sel_9th_pre_req"": ""1"", ""sel_9th_pre_bid"": ""-14990"", ""sel_8th_pre_req_pre"": ""0"", ""sel_8th_pre_req"": ""48"", ""sel_8th_pre_bid"": ""-14980"", ""sel_7th_pre_req_pre"": ""0"", ""sel_7th_pre_req"": ""39"", ""sel_7th_pre_bid"": ""-14970"", ""sel_6th_pre_req_pre"": ""0"", ""sel_6th_pre_req"": ""15"", ""sel_6th_pre_bid"": ""-14960"", ""sel_5th_pre_req_pre"": ""0"", ""sel_5th_pre_req"": ""463"", ""sel_5th_pre_bid"": ""-14920"", ""sel_4th_pre_req_pre"": ""0"", ""sel_4th_pre_req"": ""40"", ""sel_4th_pre_bid"": ""-14910"", ""sel_3th_pre_req_pre"": ""0"", ""sel_3th_pre_req"": ""65"", ""sel_3th_pre_bid"": ""-14880"", ""sel_2th_pre_req_pre"": ""0"", ""sel_2th_pre_req"": ""51"", ""sel_2th_pre_bid"": ""-14870"", ""sel_1th_pre_req_pre"": ""--1"", ""sel_fpr_req"": ""18"", ""sel_fpr_bid"": ""-14860"", ""buy_fpr_bid"": ""-14840"", ""buy_fpr_req"": ""62"", ""buy_1th_pre_req_pre"": ""0"", ""buy_2th_pre_bid"": ""-14830"", ""buy_2th_pre_req"": ""199"", ""buy_2th_pre_req_pre"": ""0"", ""buy_3th_pre_bid"": ""-14820"", ""buy_3th_pre_req"": ""290"", ""buy_3th_pre_req_pre"": ""0"", ""buy_4th_pre_bid"": ""-14810"", ""buy_4th_pre_req"": ""519"", ""buy_4th_pre_req_pre"": ""0"", ""buy_5th_pre_bid"": ""-14800"", ""buy_5th_pre_req"": ""1811"", ""buy_5th_pre_req_pre"": ""0"", ""buy_6th_pre_bid"": ""-14790"", ""buy_6th_pre_req"": ""435"", ""buy_6th_pre_req_pre"": ""0"", ""buy_7th_pre_bid"": ""-14780"", ""buy_7th_pre_req"": ""39"", ""buy_7th_pre_req_pre"": ""0"", ""buy_8th_pre_bid"": ""-14770"", ""buy_8th_pre_req"": ""579"", ""buy_8th_pre_req_pre"": ""0"", ""buy_9th_pre_bid"": ""-14760"", ""buy_9th_pre_req"": ""116"", ""buy_9th_pre_req_pre"": ""0"", ""buy_10th_pre_bid"": ""-14750"", ""buy_10th_pre_req"": ""275"", ""buy_10th_pre_req_pre"": ""0"", ""tot_sel_req_jub_pre"": ""--1"", ""tot_sel_req"": ""921"", ""tot_buy_req"": ""4325"", ""tot_buy_req_jub_pre"": ""0"", ""ovt_sel_req_pre"": ""0"", ""ovt_sel_req"": ""0"", ""ovt_buy_req"": ""0"", ""ovt_buy_req_pre"": ""0"", ""return_code"": 0, ""return_msg"": ""정상적으로 처리되었습니다""}"
2026-06-10,scan_candidate,281820,,0,main_scan,67700,,67700,67600,67700,67700,-0.14771048744460857,0.14771048744460857,,,,,,"{""bid_req_base_tm"": ""093506"", ""sel_10th_pre_req_pre"": ""0"", ""sel_10th_pre_req"": ""163"", ""sel_10th_pre_bid"": ""+68700"", ""sel_9th_pre_req_pre"": ""0"", ""sel_9th_pre_req"": ""222"", ""sel_9th_pre_bid"": ""+68600"", ""sel_8th_pre_req_pre"": ""0"", ""sel_8th_pre_req"": ""64"", ""sel_8th_pre_bid"": ""+68500"", ""sel_7th_pre_req_pre"": ""0"", ""sel_7th_pre_req"": ""2"", ""sel_7th_pre_bid"": ""+68400"", ""sel_6th_pre_req_pre"": ""0"", ""sel_6th_pre_req"": ""9"", ""sel_6th_pre_bid"": ""+68300"", ""sel_5th_pre_req_pre"": ""0"", ""sel_5th_pre_req"": ""2"", ""sel_5th_pre_bid"": ""+68200"", ""sel_4th_pre_req_pre"": ""0"", ""sel_4th_pre_req"": ""13"", ""sel_4th_pre_bid"": ""+68100"", ""sel_3th_pre_req_pre"": ""0"", ""sel_3th_pre_req"": ""15"", ""sel_3th_pre_bid"": ""+68000"", ""sel_2th_pre_req_pre"": ""0"", ""sel_2th_pre_req"": ""6"", ""sel_2th_pre_bid"": ""+67900"", ""sel_1th_pre_req_pre"": ""0"", ""sel_fpr_req"": ""59"", ""sel_fpr_bid"": ""+67700"", ""buy_fpr_bid"": ""+67600"", ""buy_fpr_req"": ""125"", ""buy_1th_pre_req_pre"": ""--10"", ""buy_2th_pre_bid"": ""+67500"", ""buy_2th_pre_req"": ""22"", ""buy_2th_pre_req_pre"": ""0"", ""buy_3th_pre_bid"": ""+67400"", ""buy_3th_pre_req"": ""31"", ""buy_3th_pre_req_pre"": ""0"", ""buy_4th_pre_bid"": ""+67300"", ""buy_4th_pre_req"": ""119"", ""buy_4th_pre_req_pre"": ""0"", ""buy_5th_pre_bid"": ""+67200"", ""buy_5th_pre_req"": ""19"", ""buy_5th_pre_req_pre"": ""0"", ""buy_6th_pre_bid"": ""+67100"", ""buy_6th_pre_req"": ""14"", ""buy_6th_pre_req_pre"": ""0"", ""buy_7th_pre_bid"": ""+67000"", ""buy_7th_pre_req"": ""108"", ""buy_7th_pre_req_pre"": ""0"", ""buy_8th_pre_bid"": ""+66900"", ""buy_8th_pre_req"": ""30"", ""buy_8th_pre_req_pre"": ""0"", ""buy_9th_pre_bid"": ""+66800"", ""buy_9th_pre_req"": ""34"", ""buy_9th_pre_req_pre"": ""0"", ""buy_10th_pre_bid"": ""+66700"", ""buy_10th_pre_req"": ""35"", ""buy_10th_pre_req_pre"": ""0"", ""tot_sel_req_jub_pre"": ""0"", ""tot_sel_req"": ""555"", ""tot_buy_req"": ""537"", ""tot_buy_req_jub_pre"": ""--10"", ""ovt_sel_req_pre"": ""0"", ""ovt_sel_req"": ""0"", ""ovt_buy_req"": ""0"", ""ovt_buy_req_pre"": ""0"", ""return_code"": 0, ""return_msg"": ""정상적으로 처리되었습니다""}"
2026-06-10,scan_candidate,195870,,0,main_scan,77300,,77300,76900,77300,76900,-0.646830530401035,0.517464424320828,,,,,,"{""bid_req_base_tm"": ""093508"", ""sel_10th_pre_req_pre"": ""0"", ""sel_10th_pre_req"": ""63"", ""sel_10th_pre_bid"": ""+78200"", ""sel_9th_pre_req_pre"": ""0"", ""sel_9th_pre_req"": ""5"", ""sel_9th_pre_bid"": ""+78100"", ""sel_8th_pre_req_pre"": ""0"", ""sel_8th_pre_req"": ""374"", ""sel_8th_pre_bid"": ""+78000"", ""sel_7th_pre_req_pre"": ""0"", ""sel_7th_pre_req"": ""93"", ""sel_7th_pre_bid"": ""+77900"", ""sel_6th_pre_req_pre"": ""0"", ""sel_6th_pre_req"": ""36"", ""sel_6th_pre_bid"": ""+77800"", ""sel_5th_pre_req_pre"": ""0"", ""sel_5th_pre_req"": ""181"", ""sel_5th_pre_bid"": ""+77700"", ""sel_4th_pre_req_pre"": ""0"", ""sel_4th_pre_req"": ""106"", ""sel_4th_pre_bid"": ""+77600"", ""sel_3th_pre_req_pre"": ""0"", ""sel_3th_pre_req"": ""77"", ""sel_3th_pre_bid"": ""+77500"", ""sel_2th_pre_req_pre"": ""+1"", ""sel_2th_pre_req"": ""77"", ""sel_2th_pre_bid"": ""+77400"", ""sel_1th_pre_req_pre"": ""+5"", ""sel_fpr_req"": ""13"", ""sel_fpr_bid"": ""+77300"", ""buy_fpr_bid"": ""+76900"", ""buy_fpr_req"": ""5"", ""buy_1th_pre_req_pre"": ""--2"", ""buy_2th_pre_bid"": ""+76800"", ""buy_2th_pre_req"": ""7"", ""buy_2th_pre_req_pre"": ""0"", ""buy_3th_pre_bid"": ""+76700"", ""buy_3th_pre_req"": ""15"", ""buy_3th_pre_req_pre"": ""0"", ""buy_4th_pre_bid"": ""+76600"", ""buy_4th_pre_req"": ""37"", ""buy_4th_pre_req_pre"": ""0"", ""buy_5th_pre_bid"": ""+76500"", ""buy_5th_pre_req"": ""50"", ""buy_5th_pre_req_pre"": ""0"", ""buy_6th_pre_bid"": ""+76400"", ""buy_6th_pre_req"": ""10"", ""buy_6th_pre_req_pre"": ""0"", ""buy_7th_pre_bid"": ""+76300"", ""buy_7th_pre_req"": ""128"", ""buy_7th_pre_req_pre"": ""0"", ""buy_8th_pre_bid"": ""+76200"", ""buy_8th_pre_req"": ""124"", ""buy_8th_pre_req_pre"": ""0"", ""buy_9th_pre_bid"": ""+76100"", ""buy_9th_pre_req"": ""86"", ""buy_9th_pre_req_pre"": ""0"", ""buy_10th_pre_bid"": ""+76000"", ""buy_10th_pre_req"": ""26"", ""buy_10th_pre_req_pre"": ""0"", ""tot_sel_req_jub_pre"": ""+6"", ""tot_sel_req"": ""1025"", ""tot_buy_req"": ""488"", ""tot_buy_req_jub_pre"": ""--2"", ""ovt_sel_req_pre"": ""0"", ""ovt_sel_req"": ""0"", ""ovt_buy_req"": ""0"", ""ovt_buy_req_pre"": ""0"", ""return_code"": 0, ""return_msg"": ""정상적으로 처리되었습니다""}"
2026-06-10,scan_candidate,001820,,0,main_scan,117400,,117400,117300,117400,117500,-0.34071550255536626,0.08517887563884156,,,,,,"{""bid_req_base_tm"": ""093508"", ""sel_10th_pre_req_pre"": ""0"", ""sel_10th_pre_req"": ""10"", ""sel_10th_pre_bid"": ""+118700"", ""sel_9th_pre_req_pre"": ""0"", ""sel_9th_pre_req"": ""5"", ""sel_9th_pre_bid"": ""-118400"", ""sel_8th_pre_req_pre"": ""0"", ""sel_8th_pre_req"": ""34"", ""sel_8th_pre_bid"": ""-118300"", ""sel_7th_pre_req_pre"": ""0"", ""sel_7th_pre_req"": ""37"", ""sel_7th_pre_bid"": ""-118200"", ""sel_6th_pre_req_pre"": ""0"", ""sel_6th_pre_req"": ""188"", ""sel_6th_pre_bid"": ""-118000"", ""sel_5th_pre_req_pre"": ""0"", ""sel_5th_pre_req"": ""3"", ""sel_5th_pre_bid"": ""-117900"", ""sel_4th_pre_req_pre"": ""0"", ""sel_4th_pre_req"": ""103"", ""sel_4th_pre_bid"": ""-117800"", ""sel_3th_pre_req_pre"": ""0"", ""sel_3th_pre_req"": ""7"", ""sel_3th_pre_bid"": ""-117700"", ""sel_2th_pre_req_pre"": ""0"", ""sel_2th_pre_req"": ""82"", ""sel_2th_pre_bid"": ""-117500"", ""sel_1th_pre_req_pre"": ""0"", ""sel_fpr_req"": ""291"", ""sel_fpr_bid"": ""-117400"", ""buy_fpr_bid"": ""-117300"", ""buy_fpr_req"": ""166"", ""buy_1th_pre_req_pre"": ""--50"", ""buy_2th_pre_bid"": ""-117200"", ""buy_2th_pre_req"": ""175"", ""buy_2th_pre_req_pre"": ""0"", ""buy_3th_pre_bid"": ""-117100"", ""buy_3th_pre_req"": ""610"", ""buy_3th_pre_req_pre"": ""0"", ""buy_4th_pre_bid"": ""-117000"", ""buy_4th_pre_req"": ""537"", ""buy_4th_pre_req_pre"": ""0"", ""buy_5th_pre_bid"": ""-116900"", ""buy_5th_pre_req"": ""41"", ""buy_5th_pre_req_pre"": ""0"", ""buy_6th_pre_bid"": ""-116800"", ""buy_6th_pre_req"": ""202"", ""buy_6th_pre_req_pre"": ""0"", ""buy_7th_pre_bid"": ""-116700"", ""buy_7th_pre_req"": ""144"", ""buy_7th_pre_req_pre"": ""0"", ""buy_8th_pre_bid"": ""-116600"", ""buy_8th_pre_req"": ""199"", ""buy_8th_pre_req_pre"": ""0"", ""buy_9th_pre_bid"": ""-116500"", ""buy_9th_pre_req"": ""265"", ""buy_9th_pre_req_pre"": ""0"", ""buy_10th_pre_bid"": ""-116400"", ""buy_10th_pre_req"": ""35"", ""buy_10th_pre_req_pre"": ""0"", ""tot_sel_req_jub_pre"": ""0"", ""tot_sel_req"": ""760"", ""tot_buy_req"": ""2374"", ""tot_buy_req_jub_pre"": ""--50"", ""ovt_sel_req_pre"": ""0"", ""ovt_sel_req"": ""0"", ""ovt_buy_req"": ""0"", ""ovt_buy_req_pre"": ""0"", ""return_code"": 0, ""return_msg"": ""정상적으로 처리되었습니다""}"
2026-06-10,scan_candidate,000815,,0,main_scan,400500,,400500,400000,400500,401000,0.0,0.12484394506866417,,,,,,"{""bid_req_base_tm"": ""093507"", ""sel_10th_pre_req_pre"": ""0"", ""sel_10th_pre_req"": ""32"", ""sel_10th_pre_bid"": ""-405000"", ""sel_9th_pre_req_pre"": ""0"", ""sel_9th_pre_req"": ""13"", ""sel_9th_pre_bid"": ""-404500"", ""sel_8th_pre_req_pre"": ""0"", ""sel_8th_pre_req"": ""1"", ""sel_8th_pre_bid"": ""-404000"", ""sel_7th_pre_req_pre"": ""0"", ""sel_7th_pre_req"": ""182"", ""sel_7th_pre_bid"": ""-403500"", ""sel_6th_pre_req_pre"": ""0"", ""sel_6th_pre_req"": ""48"", ""sel_6th_pre_bid"": ""-403000"", ""sel_5th_pre_req_pre"": ""0"", ""sel_5th_pre_req"": ""2"", ""sel_5th_pre_bid"": ""-402500"", ""sel_4th_pre_req_pre"": ""0"", ""sel_4th_pre_req"": ""10"", ""sel_4th_pre_bid"": ""-402000"", ""sel_3th_pre_req_pre"": ""0"", ""sel_3th_pre_req"": ""97"", ""sel_3th_pre_bid"": ""-401500"", ""sel_2th_pre_req_pre"": ""0"", ""sel_2th_pre_req"": ""13"", ""sel_2th_pre_bid"": ""-401000"", ""sel_1th_pre_req_pre"": ""0"", ""sel_fpr_req"": ""13"", ""sel_fpr_bid"": ""-400500"", ""buy_fpr_bid"": ""-400000"", ""buy_fpr_req"": ""18"", ""buy_1th_pre_req_pre"": ""+2"", ""buy_2th_pre_bid"": ""-399500"", ""buy_2th_pre_req"": ""6"", ""buy_2th_pre_req_pre"": ""0"", ""buy_3th_pre_bid"": ""-399000"", ""buy_3th_pre_req"": ""36"", ""buy_3th_pre_req_pre"": ""0"", ""buy_4th_pre_bid"": ""-398500"", ""buy_4th_pre_req"": ""93"", ""buy_4th_pre_req_pre"": ""0"", ""buy_5th_pre_bid"": ""-398000"", ""buy_5th_pre_req"": ""109"", ""buy_5th_pre_req_pre"": ""0"", ""buy_6th_pre_bid"": ""-397500"", ""buy_6th_pre_req"": ""147"", ""buy_6th_pre_req_pre"": ""0"", ""buy_7th_pre_bid"": ""-397000"", ""buy_7th_pre_req"": ""81"", ""buy_7th_pre_req_pre"": ""0"", ""buy_8th_pre_bid"": ""-396500"", ""buy_8th_pre_req"": ""9"", ""buy_8th_pre_req_pre"": ""0"", ""buy_9th_pre_bid"": ""-396000"", ""buy_9th_pre_req"": ""21"", ""buy_9th_pre_req_pre"": ""0"", ""buy_10th_pre_bid"": ""-395500"", ""buy_10th_pre_req"": ""24"", ""buy_10th_pre_req_pre"": ""0"", ""tot_sel_req_jub_pre"": ""0"", ""tot_sel_req"": ""411"", ""tot_buy_req"": ""544"", ""tot_buy_req_jub_pre"": ""+2"", ""ovt_sel_req_pre"": ""0"", ""ovt_sel_req"": ""0"", ""ovt_buy_req"": ""0"", ""ovt_buy_req_pre"": ""0"", ""return_code"": 0, ""return_msg"": ""정상적으로 처리되었습니다""}"
2026-06-10,scan_candidate,499790,,0,main_scan,48150,,48150,47900,48150,48000,-0.4153686396677051,0.5192107995846313,,,,,,"{""bid_req_base_tm"": ""093508"", ""sel_10th_pre_req_pre"": ""0"", ""sel_10th_pre_req"": ""18"", ""sel_10th_pre_bid"": ""+48800"", ""sel_9th_pre_req_pre"": ""0"", ""sel_9th_pre_req"": ""5"", ""sel_9th_pre_bid"": ""+48750"", ""sel_8th_pre_req_pre"": ""0"", ""sel_8th_pre_req"": ""36"", ""sel_8th_pre_bid"": ""+48700"", ""sel_7th_pre_req_pre"": ""0"", ""sel_7th_pre_req"": ""51"", ""sel_7th_pre_bid"": ""+48600"", ""sel_6th_pre_req_pre"": ""0"", ""sel_6th_pre_req"": ""5"", ""sel_6th_pre_bid"": ""+48550"", ""sel_5th_pre_req_pre"": ""0"", ""sel_5th_pre_req"": ""5"", ""sel_5th_pre_bid"": ""+48500"", ""sel_4th_pre_req_pre"": ""0"", ""sel_4th_pre_req"": ""53"", ""sel_4th_pre_bid"": ""+48300"", ""sel_3th_pre_req_pre"": ""0"", ""sel_3th_pre_req"": ""206"", ""sel_3th_pre_bid"": ""+48250"", ""sel_2th_pre_req_pre"": ""0"", ""sel_2th_pre_req"": ""6"", ""sel_2th_pre_bid"": ""+48200"", ""sel_1th_pre_req_pre"": ""--2"", ""sel_fpr_req"": ""6"", ""sel_fpr_bid"": ""+48150"", ""buy_fpr_bid"": ""+47900"", ""buy_fpr_req"": ""1"", ""buy_1th_pre_req_pre"": ""0"", ""buy_2th_pre_bid"": ""+47850"", ""buy_2th_pre_req"": ""6"", ""buy_2th_pre_req_pre"": ""--2"", ""buy_3th_pre_bid"": ""+47800"", ""buy_3th_pre_req"": ""41"", ""buy_3th_pre_req_pre"": ""0"", ""buy_4th_pre_bid"": ""+47700"", ""buy_4th_pre_req"": ""6"", ""buy_4th_pre_req_pre"": ""0"", ""buy_5th_pre_bid"": ""+47650"", ""buy_5th_pre_req"": ""32"", ""buy_5th_pre_req_pre"": ""0"", ""buy_6th_pre_bid"": ""+47600"", ""buy_6th_pre_req"": ""4"", ""buy_6th_pre_req_pre"": ""0"", ""buy_7th_pre_bid"": ""+47550"", ""buy_7th_pre_req"": ""30"", ""buy_7th_pre_req_pre"": ""0"", ""buy_8th_pre_bid"": ""+47500"", ""buy_8th_pre_req"": ""61"", ""buy_8th_pre_req_pre"": ""0"", ""buy_9th_pre_bid"": ""+47450"", ""buy_9th_pre_req"": ""51"", ""buy_9th_pre_req_pre"": ""0"", ""buy_10th_pre_bid"": ""+47400"", ""buy_10th_pre_req"": ""52"", ""buy_10th_pre_req_pre"": ""0"", ""tot_sel_req_jub_pre"": ""--2"", ""tot_sel_req"": ""391"", ""tot_buy_req"": ""284"", ""tot_buy_req_jub_pre"": ""--2"", ""ovt_sel_req_pre"": ""0"", ""ovt_sel_req"": ""0"", ""ovt_buy_req"": ""0"", ""ovt_buy_req_pre"": ""0"", ""return_code"": 0, ""return_msg"": ""정상적으로 처리되었습니다""}"
2026-06-10,scan_candidate,100090,,0,main_scan,17120,,17120,17110,17120,17100,-0.40887850467289716,0.05841121495327102,,,,,,"{""bid_req_base_tm"": ""093509"", ""sel_10th_pre_req_pre"": ""0"", ""sel_10th_pre_req"": ""2394"", ""sel_10th_pre_bid"": ""+17220"", ""sel_9th_pre_req_pre"": ""0"", ""sel_9th_pre_req"": ""73"", ""sel_9th_pre_bid"": ""+17210"", ""sel_8th_pre_req_pre"": ""0"", ""sel_8th_pre_req"": ""57"", ""sel_8th_pre_bid"": ""+17190"", ""sel_7th_pre_req_pre"": ""0"", ""sel_7th_pre_req"": ""326"", ""sel_7th_pre_bid"": ""+17180"", ""sel_6th_pre_req_pre"": ""0"", ""sel_6th_pre_req"": ""172"", ""sel_6th_pre_bid"": ""+17170"", ""sel_5th_pre_req_pre"": ""0"", ""sel_5th_pre_req"": ""945"", ""sel_5th_pre_bid"": ""+17160"", ""sel_4th_pre_req_pre"": ""0"", ""sel_4th_pre_req"": ""40"", ""sel_4th_pre_bid"": ""+17150"", ""sel_3th_pre_req_pre"": ""0"", ""sel_3th_pre_req"": ""206"", ""sel_3th_pre_bid"": ""+17140"", ""sel_2th_pre_req_pre"": ""0"", ""sel_2th_pre_req"": ""74"", ""sel_2th_pre_bid"": ""+17130"", ""sel_1th_pre_req_pre"": ""0"", ""sel_fpr_req"": ""457"", ""sel_fpr_bid"": ""+17120"", ""buy_fpr_bid"": ""+17110"", ""buy_fpr_req"": ""446"", ""buy_1th_pre_req_pre"": ""0"", ""buy_2th_pre_bid"": ""+17100"", ""buy_2th_pre_req"": ""763"", ""buy_2th_pre_req_pre"": ""0"", ""buy_3th_pre_bid"": ""+17090"", ""buy_3th_pre_req"": ""42"", ""buy_3th_pre_req_pre"": ""0"", ""buy_4th_pre_bid"": ""+17080"", ""buy_4th_pre_req"": ""272"", ""buy_4th_pre_req_pre"": ""0"", ""buy_5th_pre_bid"": ""+17070"", ""buy_5th_pre_req"": ""458"", ""buy_5th_pre_req_pre"": ""0"", ""buy_6th_pre_bid"": ""+17060"", ""buy_6th_pre_req"": ""829"", ""buy_6th_pre_req_pre"": ""0"", ""buy_7th_pre_bid"": ""+17050"", ""buy_7th_pre_req"": ""838"", ""buy_7th_pre_req_pre"": ""0"", ""buy_8th_pre_bid"": ""+17040"", ""buy_8th_pre_req"": ""396"", ""buy_8th_pre_req_pre"": ""0"", ""buy_9th_pre_bid"": ""+17030"", ""buy_9th_pre_req"": ""40"", ""buy_9th_pre_req_pre"": ""0"", ""buy_10th_pre_bid"": ""+17020"", ""buy_10th_pre_req"": ""29"", ""buy_10th_pre_req_pre"": ""0"", ""tot_sel_req_jub_pre"": ""0"", ""tot_sel_req"": ""4744"", ""tot_buy_req"": ""4113"", ""tot_buy_req_jub_pre"": ""0"", ""ovt_sel_req_pre"": ""0"", ""ovt_sel_req"": ""0"", ""ovt_buy_req"": ""0"", ""ovt_buy_req_pre"": ""0"", ""return_code"": 0, ""return_msg"": ""정상적으로 처리되었습니다""}"
2026-06-10,scan_candidate,003160,,0,main_scan,27950,,27950,27850,27950,27850,-0.5366726296958855,0.35778175313059035,,,,,,"{""bid_req_base_tm"": ""093504"", ""sel_10th_pre_req_pre"": ""0"", ""sel_10th_pre_req"": ""191"", ""sel_10th_pre_bid"": ""+28550"", ""sel_9th_pre_req_pre"": ""0"", ""sel_9th_pre_req"": ""3161"", ""sel_9th_pre_bid"": ""+28500"", ""sel_8th_pre_req_pre"": ""0"", ""sel_8th_pre_req"": ""1002"", ""sel_8th_pre_bid"": ""+28450"", ""sel_7th_pre_req_pre"": ""0"", ""sel_7th_pre_req"": ""564"", ""sel_7th_pre_bid"": ""+28400"", ""sel_6th_pre_req_pre"": ""0"", ""sel_6th_pre_req"": ""50"", ""sel_6th_pre_bid"": ""+28350"", ""sel_5th_pre_req_pre"": ""0"", ""sel_5th_pre_req"": ""570"", ""sel_5th_pre_bid"": ""+28300"", ""sel_4th_pre_req_pre"": ""0"", ""sel_4th_pre_req"": ""14"", ""sel_4th_pre_bid"": ""+28250"", ""sel_3th_pre_req_pre"": ""0"", ""sel_3th_pre_req"": ""539"", ""sel_3th_pre_bid"": ""+28200"", ""sel_2th_pre_req_pre"": ""0"", ""sel_2th_pre_req"": ""6"", ""sel_2th_pre_bid"": ""-28000"", ""sel_1th_pre_req_pre"": ""0"", ""sel_fpr_req"": ""123"", ""sel_fpr_bid"": ""-27950"", ""buy_fpr_bid"": ""-27850"", ""buy_fpr_req"": ""2"", ""buy_1th_pre_req_pre"": ""0"", ""buy_2th_pre_bid"": ""-27800"", ""buy_2th_pre_req"": ""437"", ""buy_2th_pre_req_pre"": ""0"", ""buy_3th_pre_bid"": ""-27700"", ""buy_3th_pre_req"": ""110"", ""buy_3th_pre_req_pre"": ""0"", ""buy_4th_pre_bid"": ""-27650"", ""buy_4th_pre_req"": ""93"", ""buy_4th_pre_req_pre"": ""0"", ""buy_5th_pre_bid"": ""-27600"", ""buy_5th_pre_req"": ""82"", ""buy_5th_pre_req_pre"": ""0"", ""buy_6th_pre_bid"": ""-27550"", ""buy_6th_pre_req"": ""61"", ""buy_6th_pre_req_pre"": ""0"", ""buy_7th_pre_bid"": ""-27500"", ""buy_7th_pre_req"": ""266"", ""buy_7th_pre_req_pre"": ""0"", ""buy_8th_pre_bid"": ""-27450"", ""buy_8th_pre_req"": ""132"", ""buy_8th_pre_req_pre"": ""0"", ""buy_9th_pre_bid"": ""-27400"", ""buy_9th_pre_req"": ""15"", ""buy_9th_pre_req_pre"": ""0"", ""buy_10th_pre_bid"": ""-27350"", ""buy_10th_pre_req"": ""341"", ""buy_10th_pre_req_pre"": ""0"", ""tot_sel_req_jub_pre"": ""--661"", ""tot_sel_req"": ""6220"", ""tot_buy_req"": ""1539"", ""tot_buy_req_jub_pre"": ""0"", ""ovt_sel_req_pre"": ""0"", ""ovt_sel_req"": ""0"", ""ovt_buy_req"": ""0"", ""ovt_buy_req_pre"": ""0"", ""return_code"": 0, ""return_msg"": ""정상적으로 처리되었습니다""}"
2026-06-10,scan_candidate,000370,,0,main_scan,6400,,6400,6390,6400,6430,0.3125,0.15625,,,,,,"{""bid_req_base_tm"": ""093509"", ""sel_10th_pre_req_pre"": ""0"", ""sel_10th_pre_req"": ""531"", ""sel_10th_pre_bid"": ""+6510"", ""sel_9th_pre_req_pre"": ""0"", ""sel_9th_pre_req"": ""227"", ""sel_9th_pre_bid"": ""+6500"", ""sel_8th_pre_req_pre"": ""0"", ""sel_8th_pre_req"": ""127"", ""sel_8th_pre_bid"": ""+6490"", ""sel_7th_pre_req_pre"": ""0"", ""sel_7th_pre_req"": ""393"", ""sel_7th_pre_bid"": ""+6480"", ""sel_6th_pre_req_pre"": ""0"", ""sel_6th_pre_req"": ""490"", ""sel_6th_pre_bid"": ""+6470"", ""sel_5th_pre_req_pre"": ""0"", ""sel_5th_pre_req"": ""248"", ""sel_5th_pre_bid"": ""-6440"", ""sel_4th_pre_req_pre"": ""0"", ""sel_4th_pre_req"": ""358"", ""sel_4th_pre_bid"": ""-6430"", ""sel_3th_pre_req_pre"": ""0"", ""sel_3th_pre_req"": ""5"", ""sel_3th_pre_bid"": ""-6420"", ""sel_2th_pre_req_pre"": ""0"", ""sel_2th_pre_req"": ""53"", ""sel_2th_pre_bid"": ""-6410"", ""sel_1th_pre_req_pre"": ""+8"", ""sel_fpr_req"": ""184"", ""sel_fpr_bid"": ""-6400"", ""buy_fpr_bid"": ""-6390"", ""buy_fpr_req"": ""112"", ""buy_1th_pre_req_pre"": ""0"", ""buy_2th_pre_bid"": ""-6380"", ""buy_2th_pre_req"": ""305"", ""buy_2th_pre_req_pre"": ""0"", ""buy_3th_pre_bid"": ""-6370"", ""buy_3th_pre_req"": ""45"", ""buy_3th_pre_req_pre"": ""0"", ""buy_4th_pre_bid"": ""-6360"", ""buy_4th_pre_req"": ""550"", ""buy_4th_pre_req_pre"": ""0"", ""buy_5th_pre_bid"": ""-6350"", ""buy_5th_pre_req"": ""1706"", ""buy_5th_pre_req_pre"": ""0"", ""buy_6th_pre_bid"": ""-6340"", ""buy_6th_pre_req"": ""172"", ""buy_6th_pre_req_pre"": ""0"", ""buy_7th_pre_bid"": ""-6330"", ""buy_7th_pre_req"": ""213"", ""buy_7th_pre_req_pre"": ""0"", ""buy_8th_pre_bid"": ""-6320"", ""buy_8th_pre_req"": ""61"", ""buy_8th_pre_req_pre"": ""0"", ""buy_9th_pre_bid"": ""-6310"", ""buy_9th_pre_req"": ""215"", ""buy_9th_pre_req_pre"": ""0"", ""buy_10th_pre_bid"": ""-6300"", ""buy_10th_pre_req"": ""4167"", ""buy_10th_pre_req_pre"": ""0"", ""tot_sel_req_jub_pre"": ""+8"", ""tot_sel_req"": ""2616"", ""tot_buy_req"": ""7546"", ""tot_buy_req_jub_pre"": ""0"", ""ovt_sel_req_pre"": ""0"", ""ovt_sel_req"": ""0"", ""ovt_buy_req"": ""0"", ""ovt_buy_req_pre"": ""0"", ""return_code"": 0, ""return_msg"": ""정상적으로 처리되었습니다""}"
2026-06-10,scan_candidate,114090,,0,main_scan,11950,,11950,11940,11950,11950,-0.41841004184100417,0.08368200836820083,,,,,,"{""bid_req_base_tm"": ""093507"", ""sel_10th_pre_req_pre"": ""0"", ""sel_10th_pre_req"": ""743"", ""sel_10th_pre_bid"": ""+12090"", ""sel_9th_pre_req_pre"": ""0"", ""sel_9th_pre_req"": ""557"", ""sel_9th_pre_bid"": ""+12080"", ""sel_8th_pre_req_pre"": ""0"", ""sel_8th_pre_req"": ""72"", ""sel_8th_pre_bid"": ""+12070"", ""sel_7th_pre_req_pre"": ""0"", ""sel_7th_pre_req"": ""110"", ""sel_7th_pre_bid"": ""+12060"", ""sel_6th_pre_req_pre"": ""0"", ""sel_6th_pre_req"": ""9"", ""sel_6th_pre_bid"": ""+12050"", ""sel_5th_pre_req_pre"": ""0"", ""sel_5th_pre_req"": ""298"", ""sel_5th_pre_bid"": ""+12020"", ""sel_4th_pre_req_pre"": ""0"", ""sel_4th_pre_req"": ""156"", ""sel_4th_pre_bid"": ""+12010"", ""sel_3th_pre_req_pre"": ""0"", ""sel_3th_pre_req"": ""20"", ""sel_3th_pre_bid"": ""+12000"", ""sel_2th_pre_req_pre"": ""0"", ""sel_2th_pre_req"": ""4"", ""sel_2th_pre_bid"": ""+11960"", ""sel_1th_pre_req_pre"": ""--2"", ""sel_fpr_req"": ""179"", ""sel_fpr_bid"": ""11950"", ""buy_fpr_bid"": ""-11940"", ""buy_fpr_req"": ""308"", ""buy_1th_pre_req_pre"": ""0"", ""buy_2th_pre_bid"": ""-11920"", ""buy_2th_pre_req"": ""176"", ""buy_2th_pre_req_pre"": ""0"", ""buy_3th_pre_bid"": ""-11910"", ""buy_3th_pre_req"": ""336"", ""buy_3th_pre_req_pre"": ""0"", ""buy_4th_pre_bid"": ""-11900"", ""buy_4th_pre_req"": ""70"", ""buy_4th_pre_req_pre"": ""0"", ""buy_5th_pre_bid"": ""-11890"", ""buy_5th_pre_req"": ""6"", ""buy_5th_pre_req_pre"": ""0"", ""buy_6th_pre_bid"": ""-11870"", ""buy_6th_pre_req"": ""100"", ""buy_6th_pre_req_pre"": ""0"", ""buy_7th_pre_bid"": ""-11860"", ""buy_7th_pre_req"": ""5"", ""buy_7th_pre_req_pre"": ""0"", ""buy_8th_pre_bid"": ""-11850"", ""buy_8th_pre_req"": ""90"", ""buy_8th_pre_req_pre"": ""0"", ""buy_9th_pre_bid"": ""-11840"", ""buy_9th_pre_req"": ""2105"", ""buy_9th_pre_req_pre"": ""0"", ""buy_10th_pre_bid"": ""-11830"", ""buy_10th_pre_req"": ""220"", ""buy_10th_pre_req_pre"": ""0"", ""tot_sel_req_jub_pre"": ""--2"", ""tot_sel_req"": ""2148"", ""tot_buy_req"": ""3416"", ""tot_buy_req_jub_pre"": ""0"", ""ovt_sel_req_pre"": ""0"", ""ovt_sel_req"": ""0"", ""ovt_buy_req"": ""0"", ""ovt_buy_req_pre"": ""0"", ""return_code"": 0, ""return_msg"": ""정상적으로 처리되었습니다""}"
2026-06-10,scan_candidate,005090,,0,main_scan,52000,,52000,51900,52000,51700,-0.7692307692307693,0.19230769230769232,,,,,,"{""bid_req_base_tm"": ""093508"", ""sel_10th_pre_req_pre"": ""0"", ""sel_10th_pre_req"": ""89"", ""sel_10th_pre_bid"": ""+53400"", ""sel_9th_pre_req_pre"": ""0"", ""sel_9th_pre_req"": ""17"", ""sel_9th_pre_bid"": ""+53100"", ""sel_8th_pre_req_pre"": ""0"", ""sel_8th_pre_req"": ""1"", ""sel_8th_pre_bid"": ""+52900"", ""sel_7th_pre_req_pre"": ""0"", ""sel_7th_pre_req"": ""48"", ""sel_7th_pre_bid"": ""+52800"", ""sel_6th_pre_req_pre"": ""0"", ""sel_6th_pre_req"": ""8793"", ""sel_6th_pre_bid"": ""+52500"", ""sel_5th_pre_req_pre"": ""0"", ""sel_5th_pre_req"": ""36"", ""sel_5th_pre_bid"": ""+52400"", ""sel_4th_pre_req_pre"": ""0"", ""sel_4th_pre_req"": ""26"", ""sel_4th_pre_bid"": ""+52300"", ""sel_3th_pre_req_pre"": ""+42"", ""sel_3th_pre_req"": ""145"", ""sel_3th_pre_bid"": ""+52200"", ""sel_2th_pre_req_pre"": ""--42"", ""sel_2th_pre_req"": ""65"", ""sel_2th_pre_bid"": ""+52100"", ""sel_1th_pre_req_pre"": ""0"", ""sel_fpr_req"": ""2"", ""sel_fpr_bid"": ""+52000"", ""buy_fpr_bid"": ""+51900"", ""buy_fpr_req"": ""1"", ""buy_1th_pre_req_pre"": ""0"", ""buy_2th_pre_bid"": ""+51800"", ""buy_2th_pre_req"": ""65"", ""buy_2th_pre_req_pre"": ""0"", ""buy_3th_pre_bid"": ""+51700"", ""buy_3th_pre_req"": ""96"", ""buy_3th_pre_req_pre"": ""0"", ""buy_4th_pre_bid"": ""+51600"", ""buy_4th_pre_req"": ""120"", ""buy_4th_pre_req_pre"": ""0"", ""buy_5th_pre_bid"": ""+51500"", ""buy_5th_pre_req"": ""176"", ""buy_5th_pre_req_pre"": ""0"", ""buy_6th_pre_bid"": ""+51400"", ""buy_6th_pre_req"": ""70"", ""buy_6th_pre_req_pre"": ""0"", ""buy_7th_pre_bid"": ""+51300"", ""buy_7th_pre_req"": ""175"", ""buy_7th_pre_req_pre"": ""0"", ""buy_8th_pre_bid"": ""+51200"", ""buy_8th_pre_req"": ""40"", ""buy_8th_pre_req_pre"": ""0"", ""buy_9th_pre_bid"": ""+51100"", ""buy_9th_pre_req"": ""64"", ""buy_9th_pre_req_pre"": ""0"", ""buy_10th_pre_bid"": ""+51000"", ""buy_10th_pre_req"": ""115"", ""buy_10th_pre_req_pre"": ""0"", ""tot_sel_req_jub_pre"": ""0"", ""tot_sel_req"": ""9222"", ""tot_buy_req"": ""922"", ""tot_buy_req_jub_pre"": ""--59"", ""ovt_sel_req_pre"": ""0"", ""ovt_sel_req"": ""0"", ""ovt_buy_req"": ""0"", ""ovt_buy_req_pre"": ""0"", ""return_code"": 0, ""return_msg"": ""정상적으로 처리되었습니다""}"
2026-06-10,scan_candidate,017900,,0,main_scan,9370,,9370,9340,9370,9350,-0.32017075773745995,0.32017075773745995,,,,,,"{""bid_req_base_tm"": ""093510"", ""sel_10th_pre_req_pre"": ""0"", ""sel_10th_pre_req"": ""741"", ""sel_10th_pre_bid"": ""+9460"", ""sel_9th_pre_req_pre"": ""0"", ""sel_9th_pre_req"": ""288"", ""sel_9th_pre_bid"": ""+9450"", ""sel_8th_pre_req_pre"": ""0"", ""sel_8th_pre_req"": ""27"", ""sel_8th_pre_bid"": ""+9440"", ""sel_7th_pre_req_pre"": ""0"", ""sel_7th_pre_req"": ""104"", ""sel_7th_pre_bid"": ""+9430"", ""sel_6th_pre_req_pre"": ""0"", ""sel_6th_pre_req"": ""206"", ""sel_6th_pre_bid"": ""+9420"", ""sel_5th_pre_req_pre"": ""0"", ""sel_5th_pre_req"": ""417"", ""sel_5th_pre_bid"": ""+9410"", ""sel_4th_pre_req_pre"": ""+2"", ""sel_4th_pre_req"": ""5437"", ""sel_4th_pre_bid"": ""+9400"", ""sel_3th_pre_req_pre"": ""0"", ""sel_3th_pre_req"": ""1012"", ""sel_3th_pre_bid"": ""+9390"", ""sel_2th_pre_req_pre"": ""+1"", ""sel_2th_pre_req"": ""138"", ""sel_2th_pre_bid"": ""+9380"", ""sel_1th_pre_req_pre"": ""--139"", ""sel_fpr_req"": ""924"", ""sel_fpr_bid"": ""+9370"", ""buy_fpr_bid"": ""+9340"", ""buy_fpr_req"": ""8"", ""buy_1th_pre_req_pre"": ""0"", ""buy_2th_pre_bid"": ""+9330"", ""buy_2th_pre_req"": ""3057"", ""buy_2th_pre_req_pre"": ""0"", ""buy_3th_pre_bid"": ""+9320"", ""buy_3th_pre_req"": ""1114"", ""buy_3th_pre_req_pre"": ""+897"", ""buy_4th_pre_bid"": ""+9310"", ""buy_4th_pre_req"": ""2155"", ""buy_4th_pre_req_pre"": ""0"", ""buy_5th_pre_bid"": ""+9300"", ""buy_5th_pre_req"": ""1941"", ""buy_5th_pre_req_pre"": ""--71"", ""buy_6th_pre_bid"": ""+9290"", ""buy_6th_pre_req"": ""135"", ""buy_6th_pre_req_pre"": ""0"", ""buy_7th_pre_bid"": ""+9280"", ""buy_7th_pre_req"": ""136"", ""buy_7th_pre_req_pre"": ""0"", ""buy_8th_pre_bid"": ""+9270"", ""buy_8th_pre_req"": ""206"", ""buy_8th_pre_req_pre"": ""0"", ""buy_9th_pre_bid"": ""+9260"", ""buy_9th_pre_req"": ""448"", ""buy_9th_pre_req_pre"": ""0"", ""buy_10th_pre_bid"": ""+9250"", ""buy_10th_pre_req"": ""471"", ""buy_10th_pre_req_pre"": ""0"", ""tot_sel_req_jub_pre"": ""--136"", ""tot_sel_req"": ""9294"", ""tot_buy_req"": ""9671"", ""tot_buy_req_jub_pre"": ""+826"", ""ovt_sel_req_pre"": ""0"", ""ovt_sel_req"": ""0"", ""ovt_buy_req"": ""0"", ""ovt_buy_req_pre"": ""0"", ""return_code"": 0, ""return_msg"": ""정상적으로 처리되었습니다""}"
2026-06-10,scan_candidate,006220,,0,main_scan,11260,,11260,11240,11260,11200,-0.9769094138543518,0.17761989342806395,,,,,,"{""bid_req_base_tm"": ""093510"", ""sel_10th_pre_req_pre"": ""0"", ""sel_10th_pre_req"": ""6689"", ""sel_10th_pre_bid"": ""+11350"", ""sel_9th_pre_req_pre"": ""--80"", ""sel_9th_pre_req"": ""968"", ""sel_9th_pre_bid"": ""+11340"", ""sel_8th_pre_req_pre"": ""0"", ""sel_8th_pre_req"": ""3164"", ""sel_8th_pre_bid"": ""+11330"", ""sel_7th_pre_req_pre"": ""0"", ""sel_7th_pre_req"": ""290"", ""sel_7th_pre_bid"": ""+11320"", ""sel_6th_pre_req_pre"": ""0"", ""sel_6th_pre_req"": ""205"", ""sel_6th_pre_bid"": ""+11310"", ""sel_5th_pre_req_pre"": ""0"", ""sel_5th_pre_req"": ""823"", ""sel_5th_pre_bid"": ""+11300"", ""sel_4th_pre_req_pre"": ""0"", ""sel_4th_pre_req"": ""650"", ""sel_4th_pre_bid"": ""+11290"", ""sel_3th_pre_req_pre"": ""0"", ""sel_3th_pre_req"": ""209"", ""sel_3th_pre_bid"": ""+11280"", ""sel_2th_pre_req_pre"": ""0"", ""sel_2th_pre_req"": ""8"", ""sel_2th_pre_bid"": ""+11270"", ""sel_1th_pre_req_pre"": ""0"", ""sel_fpr_req"": ""96"", ""sel_fpr_bid"": ""+11260"", ""buy_fpr_bid"": ""+11240"", ""buy_fpr_req"": ""18"", ""buy_1th_pre_req_pre"": ""0"", ""buy_2th_pre_bid"": ""+11230"", ""buy_2th_pre_req"": ""1122"", ""buy_2th_pre_req_pre"": ""0"", ""buy_3th_pre_bid"": ""+11220"", ""buy_3th_pre_req"": ""677"", ""buy_3th_pre_req_pre"": ""0"", ""buy_4th_pre_bid"": ""+11210"", ""buy_4th_pre_req"": ""369"", ""buy_4th_pre_req_pre"": ""0"", ""buy_5th_pre_bid"": ""+11200"", ""buy_5th_pre_req"": ""809"", ""buy_5th_pre_req_pre"": ""0"", ""buy_6th_pre_bid"": ""+11190"", ""buy_6th_pre_req"": ""735"", ""buy_6th_pre_req_pre"": ""0"", ""buy_7th_pre_bid"": ""+11180"", ""buy_7th_pre_req"": ""487"", ""buy_7th_pre_req_pre"": ""0"", ""buy_8th_pre_bid"": ""+11170"", ""buy_8th_pre_req"": ""234"", ""buy_8th_pre_req_pre"": ""0"", ""buy_9th_pre_bid"": ""+11160"", ""buy_9th_pre_req"": ""493"", ""buy_9th_pre_req_pre"": ""0"", ""buy_10th_pre_bid"": ""+11150"", ""buy_10th_pre_req"": ""218"", ""buy_10th_pre_req_pre"": ""0"", ""tot_sel_req_jub_pre"": ""--80"", ""tot_sel_req"": ""13102"", ""tot_buy_req"": ""5162"", ""tot_buy_req_jub_pre"": ""0"", ""ovt_sel_req_pre"": ""0"", ""ovt_sel_req"": ""0"", ""ovt_buy_req"": ""0"", ""ovt_buy_req_pre"": ""0"", ""return_code"": 0, ""return_msg"": ""정상적으로 처리되었습니다""}"
2026-06-10,scan_candidate,092200,,0,main_scan,10010,,10010,10000,10010,10050,-0.0999000999000999,0.0999000999000999,,,,,,"{""bid_req_base_tm"": ""093510"", ""sel_10th_pre_req_pre"": ""0"", ""sel_10th_pre_req"": ""210"", ""sel_10th_pre_bid"": ""-10110"", ""sel_9th_pre_req_pre"": ""0"", ""sel_9th_pre_req"": ""923"", ""sel_9th_pre_bid"": ""-10100"", ""sel_8th_pre_req_pre"": ""0"", ""sel_8th_pre_req"": ""406"", ""sel_8th_pre_bid"": ""-10090"", ""sel_7th_pre_req_pre"": ""0"", ""sel_7th_pre_req"": ""26"", ""sel_7th_pre_bid"": ""-10080"", ""sel_6th_pre_req_pre"": ""0"", ""sel_6th_pre_req"": ""149"", ""sel_6th_pre_bid"": ""-10070"", ""sel_5th_pre_req_pre"": ""0"", ""sel_5th_pre_req"": ""110"", ""sel_5th_pre_bid"": ""-10060"", ""sel_4th_pre_req_pre"": ""0"", ""sel_4th_pre_req"": ""210"", ""sel_4th_pre_bid"": ""-10050"", ""sel_3th_pre_req_pre"": ""0"", ""sel_3th_pre_req"": ""43"", ""sel_3th_pre_bid"": ""-10040"", ""sel_2th_pre_req_pre"": ""0"", ""sel_2th_pre_req"": ""4"", ""sel_2th_pre_bid"": ""-10030"", ""sel_1th_pre_req_pre"": ""0"", ""sel_fpr_req"": ""177"", ""sel_fpr_bid"": ""-10010"", ""buy_fpr_bid"": ""-10000"", ""buy_fpr_req"": ""1931"", ""buy_1th_pre_req_pre"": ""0"", ""buy_2th_pre_bid"": ""-9990"", ""buy_2th_pre_req"": ""6241"", ""buy_2th_pre_req_pre"": ""0"", ""buy_3th_pre_bid"": ""-9980"", ""buy_3th_pre_req"": ""3310"", ""buy_3th_pre_req_pre"": ""0"", ""buy_4th_pre_bid"": ""-9970"", ""buy_4th_pre_req"": ""1012"", ""buy_4th_pre_req_pre"": ""0"", ""buy_5th_pre_bid"": ""-9960"", ""buy_5th_pre_req"": ""3571"", ""buy_5th_pre_req_pre"": ""0"", ""buy_6th_pre_bid"": ""-9950"", ""buy_6th_pre_req"": ""9151"", ""buy_6th_pre_req_pre"": ""0"", ""buy_7th_pre_bid"": ""-9940"", ""buy_7th_pre_req"": ""4656"", ""buy_7th_pre_req_pre"": ""0"", ""buy_8th_pre_bid"": ""-9930"", ""buy_8th_pre_req"": ""2443"", ""buy_8th_pre_req_pre"": ""0"", ""buy_9th_pre_bid"": ""-9920"", ""buy_9th_pre_req"": ""3000"", ""buy_9th_pre_req_pre"": ""0"", ""buy_10th_pre_bid"": ""-9910"", ""buy_10th_pre_req"": ""2456"", ""buy_10th_pre_req_pre"": ""0"", ""tot_sel_req_jub_pre"": ""0"", ""tot_sel_req"": ""2258"", ""tot_buy_req"": ""37771"", ""tot_buy_req_jub_pre"": ""0"", ""ovt_sel_req_pre"": ""0"", ""ovt_sel_req"": ""0"", ""ovt_buy_req"": ""0"", ""ovt_buy_req_pre"": ""0"", ""return_code"": 0, ""return_msg"": ""정상적으로 처리되었습니다""}"
2026-06-10,scan_candidate,010820,,0,main_scan,8130,,8130,8120,8130,8100,-0.4920049200492005,0.12300123001230012,,,,,,"{""bid_req_base_tm"": ""093510"", ""sel_10th_pre_req_pre"": ""0"", ""sel_10th_pre_req"": ""261"", ""sel_10th_pre_bid"": ""+8230"", ""sel_9th_pre_req_pre"": ""0"", ""sel_9th_pre_req"": ""3949"", ""sel_9th_pre_bid"": ""+8220"", ""sel_8th_pre_req_pre"": ""0"", ""sel_8th_pre_req"": ""1163"", ""sel_8th_pre_bid"": ""+8210"", ""sel_7th_pre_req_pre"": ""0"", ""sel_7th_pre_req"": ""2423"", ""sel_7th_pre_bid"": ""+8200"", ""sel_6th_pre_req_pre"": ""0"", ""sel_6th_pre_req"": ""500"", ""sel_6th_pre_bid"": ""+8190"", ""sel_5th_pre_req_pre"": ""0"", ""sel_5th_pre_req"": ""3"", ""sel_5th_pre_bid"": ""+8180"", ""sel_4th_pre_req_pre"": ""--110"", ""sel_4th_pre_req"": ""85"", ""sel_4th_pre_bid"": ""+8170"", ""sel_3th_pre_req_pre"": ""0"", ""sel_3th_pre_req"": ""301"", ""sel_3th_pre_bid"": ""+8150"", ""sel_2th_pre_req_pre"": ""0"", ""sel_2th_pre_req"": ""2076"", ""sel_2th_pre_bid"": ""+8140"", ""sel_1th_pre_req_pre"": ""0"", ""sel_fpr_req"": ""680"", ""sel_fpr_bid"": ""+8130"", ""buy_fpr_bid"": ""+8120"", ""buy_fpr_req"": ""419"", ""buy_1th_pre_req_pre"": ""+42"", ""buy_2th_pre_bid"": ""+8110"", ""buy_2th_pre_req"": ""369"", ""buy_2th_pre_req_pre"": ""0"", ""buy_3th_pre_bid"": ""+8100"", ""buy_3th_pre_req"": ""1587"", ""buy_3th_pre_req_pre"": ""0"", ""buy_4th_pre_bid"": ""+8080"", ""buy_4th_pre_req"": ""30"", ""buy_4th_pre_req_pre"": ""0"", ""buy_5th_pre_bid"": ""+8070"", ""buy_5th_pre_req"": ""232"", ""buy_5th_pre_req_pre"": ""0"", ""buy_6th_pre_bid"": ""+8060"", ""buy_6th_pre_req"": ""104"", ""buy_6th_pre_req_pre"": ""0"", ""buy_7th_pre_bid"": ""+8050"", ""buy_7th_pre_req"": ""37"", ""buy_7th_pre_req_pre"": ""0"", ""buy_8th_pre_bid"": ""+8040"", ""buy_8th_pre_req"": ""22"", ""buy_8th_pre_req_pre"": ""0"", ""buy_9th_pre_bid"": ""+8030"", ""buy_9th_pre_req"": ""247"", ""buy_9th_pre_req_pre"": ""0"", ""buy_10th_pre_bid"": ""+8020"", ""buy_10th_pre_req"": ""375"", ""buy_10th_pre_req_pre"": ""0"", ""tot_sel_req_jub_pre"": ""--110"", ""tot_sel_req"": ""11441"", ""tot_buy_req"": ""3422"", ""tot_buy_req_jub_pre"": ""+42"", ""ovt_sel_req_pre"": ""0"", ""ovt_sel_req"": ""0"", ""ovt_buy_req"": ""0"", ""ovt_buy_req_pre"": ""0"", ""return_code"": 0, ""return_msg"": ""정상적으로 처리되었습니다""}"
2026-06-10,scan_candidate,000430,,0,main_scan,5990,,5990,5980,5990,6010,0.1669449081803005,0.1669449081803005,,,,,,"{""bid_req_base_tm"": ""093511"", ""sel_10th_pre_req_pre"": ""0"", ""sel_10th_pre_req"": ""10780"", ""sel_10th_pre_bid"": ""+6090"", ""sel_9th_pre_req_pre"": ""0"", ""sel_9th_pre_req"": ""6009"", ""sel_9th_pre_bid"": ""+6080"", ""sel_8th_pre_req_pre"": ""0"", ""sel_8th_pre_req"": ""1945"", ""sel_8th_pre_bid"": ""+6070"", ""sel_7th_pre_req_pre"": ""0"", ""sel_7th_pre_req"": ""1683"", ""sel_7th_pre_bid"": ""+6060"", ""sel_6th_pre_req_pre"": ""0"", ""sel_6th_pre_req"": ""1"", ""sel_6th_pre_bid"": ""+6040"", ""sel_5th_pre_req_pre"": ""0"", ""sel_5th_pre_req"": ""5"", ""sel_5th_pre_bid"": ""+6030"", ""sel_4th_pre_req_pre"": ""0"", ""sel_4th_pre_req"": ""230"", ""sel_4th_pre_bid"": ""+6020"", ""sel_3th_pre_req_pre"": ""0"", ""sel_3th_pre_req"": ""209"", ""sel_3th_pre_bid"": ""+6010"", ""sel_2th_pre_req_pre"": ""0"", ""sel_2th_pre_req"": ""124"", ""sel_2th_pre_bid"": ""6000"", ""sel_1th_pre_req_pre"": ""0"", ""sel_fpr_req"": ""1"", ""sel_fpr_bid"": ""-5990"", ""buy_fpr_bid"": ""-5980"", ""buy_fpr_req"": ""1709"", ""buy_1th_pre_req_pre"": ""0"", ""buy_2th_pre_bid"": ""-5970"", ""buy_2th_pre_req"": ""822"", ""buy_2th_pre_req_pre"": ""0"", ""buy_3th_pre_bid"": ""-5960"", ""buy_3th_pre_req"": ""1050"", ""buy_3th_pre_req_pre"": ""0"", ""buy_4th_pre_bid"": ""-5950"", ""buy_4th_pre_req"": ""4078"", ""buy_4th_pre_req_pre"": ""+673"", ""buy_5th_pre_bid"": ""-5940"", ""buy_5th_pre_req"": ""16867"", ""buy_5th_pre_req_pre"": ""0"", ""buy_6th_pre_bid"": ""-5930"", ""buy_6th_pre_req"": ""1315"", ""buy_6th_pre_req_pre"": ""0"", ""buy_7th_pre_bid"": ""-5920"", ""buy_7th_pre_req"": ""6628"", ""buy_7th_pre_req_pre"": ""0"", ""buy_8th_pre_bid"": ""-5910"", ""buy_8th_pre_req"": ""2569"", ""buy_8th_pre_req_pre"": ""0"", ""buy_9th_pre_bid"": ""-5900"", ""buy_9th_pre_req"": ""929"", ""buy_9th_pre_req_pre"": ""0"", ""buy_10th_pre_bid"": ""-5890"", ""buy_10th_pre_req"": ""683"", ""buy_10th_pre_req_pre"": ""0"", ""tot_sel_req_jub_pre"": ""--14857"", ""tot_sel_req"": ""20987"", ""tot_buy_req"": ""36650"", ""tot_buy_req_jub_pre"": ""+673"", ""ovt_sel_req_pre"": ""0"", ""ovt_sel_req"": ""0"", ""ovt_buy_req"": ""0"", ""ovt_buy_req_pre"": ""0"", ""return_code"": 0, ""return_msg"": ""정상적으로 처리되었습니다""}"
2026-06-10,scan_candidate,005950,,0,main_scan,11990,,11990,11970,11990,11950,-0.7506255212677231,0.16680567139282734,,,,,,"{""bid_req_base_tm"": ""093511"", ""sel_10th_pre_req_pre"": ""0"", ""sel_10th_pre_req"": ""17"", ""sel_10th_pre_bid"": ""+12090"", ""sel_9th_pre_req_pre"": ""0"", ""sel_9th_pre_req"": ""211"", ""sel_9th_pre_bid"": ""+12080"", ""sel_8th_pre_req_pre"": ""0"", ""sel_8th_pre_req"": ""10"", ""sel_8th_pre_bid"": ""+12070"", ""sel_7th_pre_req_pre"": ""0"", ""sel_7th_pre_req"": ""125"", ""sel_7th_pre_bid"": ""+12060"", ""sel_6th_pre_req_pre"": ""0"", ""sel_6th_pre_req"": ""110"", ""sel_6th_pre_bid"": ""+12050"", ""sel_5th_pre_req_pre"": ""0"", ""sel_5th_pre_req"": ""394"", ""sel_5th_pre_bid"": ""+12040"", ""sel_4th_pre_req_pre"": ""0"", ""sel_4th_pre_req"": ""10"", ""sel_4th_pre_bid"": ""+12020"", ""sel_3th_pre_req_pre"": ""0"", ""sel_3th_pre_req"": ""1781"", ""sel_3th_pre_bid"": ""+12010"", ""sel_2th_pre_req_pre"": ""0"", ""sel_2th_pre_req"": ""527"", ""sel_2th_pre_bid"": ""+12000"", ""sel_1th_pre_req_pre"": ""0"", ""sel_fpr_req"": ""44"", ""sel_fpr_bid"": ""+11990"", ""buy_fpr_bid"": ""+11970"", ""buy_fpr_req"": ""70"", ""buy_1th_pre_req_pre"": ""0"", ""buy_2th_pre_bid"": ""+11960"", ""buy_2th_pre_req"": ""175"", ""buy_2th_pre_req_pre"": ""0"", ""buy_3th_pre_bid"": ""+11950"", ""buy_3th_pre_req"": ""50"", ""buy_3th_pre_req_pre"": ""0"", ""buy_4th_pre_bid"": ""+11940"", ""buy_4th_pre_req"": ""50"", ""buy_4th_pre_req_pre"": ""0"", ""buy_5th_pre_bid"": ""+11930"", ""buy_5th_pre_req"": ""165"", ""buy_5th_pre_req_pre"": ""0"", ""buy_6th_pre_bid"": ""+11920"", ""buy_6th_pre_req"": ""117"", ""buy_6th_pre_req_pre"": ""0"", ""buy_7th_pre_bid"": ""+11910"", ""buy_7th_pre_req"": ""1154"", ""buy_7th_pre_req_pre"": ""0"", ""buy_8th_pre_bid"": ""+11900"", ""buy_8th_pre_req"": ""900"", ""buy_8th_pre_req_pre"": ""0"", ""buy_9th_pre_bid"": ""+11890"", ""buy_9th_pre_req"": ""116"", ""buy_9th_pre_req_pre"": ""0"", ""buy_10th_pre_bid"": ""+11850"", ""buy_10th_pre_req"": ""10"", ""buy_10th_pre_req_pre"": ""0"", ""tot_sel_req_jub_pre"": ""--224"", ""tot_sel_req"": ""3229"", ""tot_buy_req"": ""2807"", ""tot_buy_req_jub_pre"": ""--24"", ""ovt_sel_req_pre"": ""0"", ""ovt_sel_req"": ""0"", ""ovt_buy_req"": ""0"", ""ovt_buy_req_pre"": ""0"", ""return_code"": 0, ""return_msg"": ""정상적으로 처리되었습니다""}"
2026-06-10,watchlist,014680,,1,filtered_candidate_recheck,259000,,259000,258500,259000,260000,0.19305019305019305,0.19305019305019305,,,,,,"{""bid_req_base_tm"": ""093654"", ""sel_10th_pre_req_pre"": ""0"", ""sel_10th_pre_req"": ""52"", ""sel_10th_pre_bid"": ""+263500"", ""sel_9th_pre_req_pre"": ""0"", ""sel_9th_pre_req"": ""2"", ""sel_9th_pre_bid"": ""+263000"", ""sel_8th_pre_req_pre"": ""0"", ""sel_8th_pre_req"": ""26"", ""sel_8th_pre_bid"": ""+262500"", ""sel_7th_pre_req_pre"": ""0"", ""sel_7th_pre_req"": ""2"", ""sel_7th_pre_bid"": ""+262000"", ""sel_6th_pre_req_pre"": ""0"", ""sel_6th_pre_req"": ""51"", ""sel_6th_pre_bid"": ""+261500"", ""sel_5th_pre_req_pre"": ""0"", ""sel_5th_pre_req"": ""106"", ""sel_5th_pre_bid"": ""+261000"", ""sel_4th_pre_req_pre"": ""0"", ""sel_4th_pre_req"": ""1"", ""sel_4th_pre_bid"": ""+260500"", ""sel_3th_pre_req_pre"": ""0"", ""sel_3th_pre_req"": ""119"", ""sel_3th_pre_bid"": ""+260000"", ""sel_2th_pre_req_pre"": ""0"", ""sel_2th_pre_req"": ""21"", ""sel_2th_pre_bid"": ""+259500"", ""sel_1th_pre_req_pre"": ""0"", ""sel_fpr_req"": ""20"", ""sel_fpr_bid"": ""+259000"", ""buy_fpr_bid"": ""+258500"", ""buy_fpr_req"": ""302"", ""buy_1th_pre_req_pre"": ""+36"", ""buy_2th_pre_bid"": ""+258000"", ""buy_2th_pre_req"": ""37"", ""buy_2th_pre_req_pre"": ""0"", ""buy_3th_pre_bid"": ""+257500"", ""buy_3th_pre_req"": ""11"", ""buy_3th_pre_req_pre"": ""0"", ""buy_4th_pre_bid"": ""+257000"", ""buy_4th_pre_req"": ""103"", ""buy_4th_pre_req_pre"": ""0"", ""buy_5th_pre_bid"": ""+256500"", ""buy_5th_pre_req"": ""2"", ""buy_5th_pre_req_pre"": ""0"", ""buy_6th_pre_bid"": ""+256000"", ""buy_6th_pre_req"": ""107"", ""buy_6th_pre_req_pre"": ""0"", ""buy_7th_pre_bid"": ""+255500"", ""buy_7th_pre_req"": ""68"", ""buy_7th_pre_req_pre"": ""0"", ""buy_8th_pre_bid"": ""+254500"", ""buy_8th_pre_req"": ""2"", ""buy_8th_pre_req_pre"": ""0"", ""buy_9th_pre_bid"": ""+254000"", ""buy_9th_pre_req"": ""31"", ""buy_9th_pre_req_pre"": ""0"", ""buy_10th_pre_bid"": ""+253500"", ""buy_10th_pre_req"": ""102"", ""buy_10th_pre_req_pre"": ""0"", ""tot_sel_req_jub_pre"": ""0"", ""tot_sel_req"": ""400"", ""tot_buy_req"": ""765"", ""tot_buy_req_jub_pre"": ""+36"", ""ovt_sel_req_pre"": ""0"", ""ovt_sel_req"": ""0"", ""ovt_buy_req"": ""0"", ""ovt_buy_req_pre"": ""0"", ""return_code"": 0, ""return_msg"": ""정상적으로 처리되었습니다""}"
2026-06-10,watchlist,035420,,0,filtered_candidate_recheck,239000,,239000,238500,239000,240000,0.20920502092050208,0.20920502092050208,,,,,,"{""bid_req_base_tm"": ""093655"", ""sel_10th_pre_req_pre"": ""0"", ""sel_10th_pre_req"": ""1035"", ""sel_10th_pre_bid"": ""-243500"", ""sel_9th_pre_req_pre"": ""0"", ""sel_9th_pre_req"": ""1075"", ""sel_9th_pre_bid"": ""-243000"", ""sel_8th_pre_req_pre"": ""0"", ""sel_8th_pre_req"": ""711"", ""sel_8th_pre_bid"": ""-242500"", ""sel_7th_pre_req_pre"": ""0"", ""sel_7th_pre_req"": ""2241"", ""sel_7th_pre_bid"": ""-242000"", ""sel_6th_pre_req_pre"": ""0"", ""sel_6th_pre_req"": ""929"", ""sel_6th_pre_bid"": ""-241500"", ""sel_5th_pre_req_pre"": ""0"", ""sel_5th_pre_req"": ""3501"", ""sel_5th_pre_bid"": ""-241000"", ""sel_4th_pre_req_pre"": ""0"", ""sel_4th_pre_req"": ""2776"", ""sel_4th_pre_bid"": ""-240500"", ""sel_3th_pre_req_pre"": ""0"", ""sel_3th_pre_req"": ""980"", ""sel_3th_pre_bid"": ""-240000"", ""sel_2th_pre_req_pre"": ""0"", ""sel_2th_pre_req"": ""892"", ""sel_2th_pre_bid"": ""-239500"", ""sel_1th_pre_req_pre"": ""0"", ""sel_fpr_req"": ""10460"", ""sel_fpr_bid"": ""-239000"", ""buy_fpr_bid"": ""-238500"", ""buy_fpr_req"": ""1259"", ""buy_1th_pre_req_pre"": ""+10"", ""buy_2th_pre_bid"": ""-238000"", ""buy_2th_pre_req"": ""6747"", ""buy_2th_pre_req_pre"": ""0"", ""buy_3th_pre_bid"": ""-237500"", ""buy_3th_pre_req"": ""8506"", ""buy_3th_pre_req_pre"": ""0"", ""buy_4th_pre_bid"": ""-237000"", ""buy_4th_pre_req"": ""10113"", ""buy_4th_pre_req_pre"": ""0"", ""buy_5th_pre_bid"": ""-236500"", ""buy_5th_pre_req"": ""6238"", ""buy_5th_pre_req_pre"": ""0"", ""buy_6th_pre_bid"": ""-236000"", ""buy_6th_pre_req"": ""7225"", ""buy_6th_pre_req_pre"": ""0"", ""buy_7th_pre_bid"": ""-235500"", ""buy_7th_pre_req"": ""10378"", ""buy_7th_pre_req_pre"": ""0"", ""buy_8th_pre_bid"": ""-235000"", ""buy_8th_pre_req"": ""22310"", ""buy_8th_pre_req_pre"": ""0"", ""buy_9th_pre_bid"": ""-234500"", ""buy_9th_pre_req"": ""52766"", ""buy_9th_pre_req_pre"": ""0"", ""buy_10th_pre_bid"": ""-234000"", ""buy_10th_pre_req"": ""6635"", ""buy_10th_pre_req_pre"": ""0"", ""tot_sel_req_jub_pre"": ""0"", ""tot_sel_req"": ""24600"", ""tot_buy_req"": ""132177"", ""tot_buy_req_jub_pre"": ""+10"", ""ovt_sel_req_pre"": ""0"", ""ovt_sel_req"": ""0"", ""ovt_buy_req"": ""0"", ""ovt_buy_req_pre"": ""0"", ""return_code"": 0, ""return_msg"": ""정상적으로 처리되었습니다""}"
2026-06-10,watchlist,036570,,1,filtered_candidate_recheck,256000,,256000,255500,256000,257500,0.390625,0.1953125,,,,,,"{""bid_req_base_tm"": ""093655"", ""sel_10th_pre_req_pre"": ""0"", ""sel_10th_pre_req"": ""9"", ""sel_10th_pre_bid"": ""-260500"", ""sel_9th_pre_req_pre"": ""0"", ""sel_9th_pre_req"": ""64"", ""sel_9th_pre_bid"": ""-260000"", ""sel_8th_pre_req_pre"": ""0"", ""sel_8th_pre_req"": ""40"", ""sel_8th_pre_bid"": ""-259500"", ""sel_7th_pre_req_pre"": ""0"", ""sel_7th_pre_req"": ""46"", ""sel_7th_pre_bid"": ""-259000"", ""sel_6th_pre_req_pre"": ""0"", ""sel_6th_pre_req"": ""43"", ""sel_6th_pre_bid"": ""-258500"", ""sel_5th_pre_req_pre"": ""0"", ""sel_5th_pre_req"": ""41"", ""sel_5th_pre_bid"": ""-258000"", ""sel_4th_pre_req_pre"": ""0"", ""sel_4th_pre_req"": ""13"", ""sel_4th_pre_bid"": ""-257500"", ""sel_3th_pre_req_pre"": ""0"", ""sel_3th_pre_req"": ""24"", ""sel_3th_pre_bid"": ""-257000"", ""sel_2th_pre_req_pre"": ""0"", ""sel_2th_pre_req"": ""50"", ""sel_2th_pre_bid"": ""-256500"", ""sel_1th_pre_req_pre"": ""0"", ""sel_fpr_req"": ""304"", ""sel_fpr_bid"": ""-256000"", ""buy_fpr_bid"": ""-255500"", ""buy_fpr_req"": ""79"", ""buy_1th_pre_req_pre"": ""0"", ""buy_2th_pre_bid"": ""-255000"", ""buy_2th_pre_req"": ""503"", ""buy_2th_pre_req_pre"": ""0"", ""buy_3th_pre_bid"": ""-254500"", ""buy_3th_pre_req"": ""860"", ""buy_3th_pre_req_pre"": ""0"", ""buy_4th_pre_bid"": ""-254000"", ""buy_4th_pre_req"": ""215"", ""buy_4th_pre_req_pre"": ""0"", ""buy_5th_pre_bid"": ""-253500"", ""buy_5th_pre_req"": ""226"", ""buy_5th_pre_req_pre"": ""0"", ""buy_6th_pre_bid"": ""-253000"", ""buy_6th_pre_req"": ""697"", ""buy_6th_pre_req_pre"": ""+1"", ""buy_7th_pre_bid"": ""-252500"", ""buy_7th_pre_req"": ""183"", ""buy_7th_pre_req_pre"": ""0"", ""buy_8th_pre_bid"": ""-252000"", ""buy_8th_pre_req"": ""103"", ""buy_8th_pre_req_pre"": ""0"", ""buy_9th_pre_bid"": ""-251500"", ""buy_9th_pre_req"": ""221"", ""buy_9th_pre_req_pre"": ""0"", ""buy_10th_pre_bid"": ""-251000"", ""buy_10th_pre_req"": ""104"", ""buy_10th_pre_req_pre"": ""0"", ""tot_sel_req_jub_pre"": ""0"", ""tot_sel_req"": ""634"", ""tot_buy_req"": ""3191"", ""tot_buy_req_jub_pre"": ""+1"", ""ovt_sel_req_pre"": ""0"", ""ovt_sel_req"": ""0"", ""ovt_buy_req"": ""0"", ""ovt_buy_req_pre"": ""0"", ""return_code"": 0, ""return_msg"": ""정상적으로 처리되었습니다""}"
2026-06-10,watchlist,005090,,0,filtered_candidate_recheck,52100,,52100,52000,52100,51800,-0.7677543186180422,0.19193857965451055,,,,,,"{""bid_req_base_tm"": ""093655"", ""sel_10th_pre_req_pre"": ""0"", ""sel_10th_pre_req"": ""71"", ""sel_10th_pre_bid"": ""+53600"", ""sel_9th_pre_req_pre"": ""0"", ""sel_9th_pre_req"": ""89"", ""sel_9th_pre_bid"": ""+53400"", ""sel_8th_pre_req_pre"": ""0"", ""sel_8th_pre_req"": ""17"", ""sel_8th_pre_bid"": ""+53100"", ""sel_7th_pre_req_pre"": ""0"", ""sel_7th_pre_req"": ""2"", ""sel_7th_pre_bid"": ""+52900"", ""sel_6th_pre_req_pre"": ""0"", ""sel_6th_pre_req"": ""48"", ""sel_6th_pre_bid"": ""+52800"", ""sel_5th_pre_req_pre"": ""0"", ""sel_5th_pre_req"": ""8745"", ""sel_5th_pre_bid"": ""+52500"", ""sel_4th_pre_req_pre"": ""0"", ""sel_4th_pre_req"": ""36"", ""sel_4th_pre_bid"": ""+52400"", ""sel_3th_pre_req_pre"": ""0"", ""sel_3th_pre_req"": ""57"", ""sel_3th_pre_bid"": ""+52300"", ""sel_2th_pre_req_pre"": ""0"", ""sel_2th_pre_req"": ""86"", ""sel_2th_pre_bid"": ""+52200"", ""sel_1th_pre_req_pre"": ""0"", ""sel_fpr_req"": ""319"", ""sel_fpr_bid"": ""+52100"", ""buy_fpr_bid"": ""+52000"", ""buy_fpr_req"": ""35"", ""buy_1th_pre_req_pre"": ""--2"", ""buy_2th_pre_bid"": ""+51900"", ""buy_2th_pre_req"": ""120"", ""buy_2th_pre_req_pre"": ""0"", ""buy_3th_pre_bid"": ""+51800"", ""buy_3th_pre_req"": ""110"", ""buy_3th_pre_req_pre"": ""0"", ""buy_4th_pre_bid"": ""+51700"", ""buy_4th_pre_req"": ""204"", ""buy_4th_pre_req_pre"": ""0"", ""buy_5th_pre_bid"": ""+51600"", ""buy_5th_pre_req"": ""100"", ""buy_5th_pre_req_pre"": ""0"", ""buy_6th_pre_bid"": ""+51500"", ""buy_6th_pre_req"": ""176"", ""buy_6th_pre_req_pre"": ""0"", ""buy_7th_pre_bid"": ""+51400"", ""buy_7th_pre_req"": ""124"", ""buy_7th_pre_req_pre"": ""0"", ""buy_8th_pre_bid"": ""+51300"", ""buy_8th_pre_req"": ""155"", ""buy_8th_pre_req_pre"": ""0"", ""buy_9th_pre_bid"": ""+51200"", ""buy_9th_pre_req"": ""90"", ""buy_9th_pre_req_pre"": ""0"", ""buy_10th_pre_bid"": ""+51100"", ""buy_10th_pre_req"": ""114"", ""buy_10th_pre_req_pre"": ""0"", ""tot_sel_req_jub_pre"": ""0"", ""tot_sel_req"": ""9470"", ""tot_buy_req"": ""1228"", ""tot_buy_req_jub_pre"": ""--2"", ""ovt_sel_req_pre"": ""0"", ""ovt_sel_req"": ""0"", ""ovt_buy_req"": ""0"", ""ovt_buy_req_pre"": ""0"", ""return_code"": 0, ""return_msg"": ""정상적으로 처리되었습니다""}"
2026-06-10,watchlist,066570,,0,filtered_candidate_recheck,234000,,234000,233500,234000,235500,0.4273504273504274,0.2136752136752137,,,,,,"{""bid_req_base_tm"": ""093656"", ""sel_10th_pre_req_pre"": ""0"", ""sel_10th_pre_req"": ""1413"", ""sel_10th_pre_bid"": ""-238500"", ""sel_9th_pre_req_pre"": ""0"", ""sel_9th_pre_req"": ""1661"", ""sel_9th_pre_bid"": ""-238000"", ""sel_8th_pre_req_pre"": ""0"", ""sel_8th_pre_req"": ""1353"", ""sel_8th_pre_bid"": ""-237500"", ""sel_7th_pre_req_pre"": ""0"", ""sel_7th_pre_req"": ""1209"", ""sel_7th_pre_bid"": ""-237000"", ""sel_6th_pre_req_pre"": ""0"", ""sel_6th_pre_req"": ""545"", ""sel_6th_pre_bid"": ""-236500"", ""sel_5th_pre_req_pre"": ""0"", ""sel_5th_pre_req"": ""2427"", ""sel_5th_pre_bid"": ""-236000"", ""sel_4th_pre_req_pre"": ""0"", ""sel_4th_pre_req"": ""298"", ""sel_4th_pre_bid"": ""-235500"", ""sel_3th_pre_req_pre"": ""0"", ""sel_3th_pre_req"": ""1607"", ""sel_3th_pre_bid"": ""-235000"", ""sel_2th_pre_req_pre"": ""0"", ""sel_2th_pre_req"": ""1285"", ""sel_2th_pre_bid"": ""-234500"", ""sel_1th_pre_req_pre"": ""0"", ""sel_fpr_req"": ""2055"", ""sel_fpr_bid"": ""-234000"", ""buy_fpr_bid"": ""-233500"", ""buy_fpr_req"": ""3295"", ""buy_1th_pre_req_pre"": ""--10"", ""buy_2th_pre_bid"": ""-233000"", ""buy_2th_pre_req"": ""6068"", ""buy_2th_pre_req_pre"": ""0"", ""buy_3th_pre_bid"": ""-232500"", ""buy_3th_pre_req"": ""5753"", ""buy_3th_pre_req_pre"": ""0"", ""buy_4th_pre_bid"": ""-232000"", ""buy_4th_pre_req"": ""9181"", ""buy_4th_pre_req_pre"": ""+2"", ""buy_5th_pre_bid"": ""-231500"", ""buy_5th_pre_req"": ""7493"", ""buy_5th_pre_req_pre"": ""0"", ""buy_6th_pre_bid"": ""-231000"", ""buy_6th_pre_req"": ""10686"", ""buy_6th_pre_req_pre"": ""0"", ""buy_7th_pre_bid"": ""-230500"", ""buy_7th_pre_req"": ""10619"", ""buy_7th_pre_req_pre"": ""0"", ""buy_8th_pre_bid"": ""-230000"", ""buy_8th_pre_req"": ""27873"", ""buy_8th_pre_req_pre"": ""0"", ""buy_9th_pre_bid"": ""-229500"", ""buy_9th_pre_req"": ""2445"", ""buy_9th_pre_req_pre"": ""0"", ""buy_10th_pre_bid"": ""-229000"", ""buy_10th_pre_req"": ""3486"", ""buy_10th_pre_req_pre"": ""0"", ""tot_sel_req_jub_pre"": ""0"", ""tot_sel_req"": ""13853"", ""tot_buy_req"": ""86899"", ""tot_buy_req_jub_pre"": ""--8"", ""ovt_sel_req_pre"": ""0"", ""ovt_sel_req"": ""0"", ""ovt_buy_req"": ""0"", ""ovt_buy_req_pre"": ""0"", ""return_code"": 0, ""return_msg"": ""정상적으로 처리되었습니다""}"
2026-06-10,watchlist,028670,,0,filtered_candidate_recheck,5090,,5090,5080,5090,5100,0.0,0.19646365422396855,,,,,,"{""bid_req_base_tm"": ""093655"", ""sel_10th_pre_req_pre"": ""0"", ""sel_10th_pre_req"": ""1001"", ""sel_10th_pre_bid"": ""-5180"", ""sel_9th_pre_req_pre"": ""0"", ""sel_9th_pre_req"": ""1362"", ""sel_9th_pre_bid"": ""-5170"", ""sel_8th_pre_req_pre"": ""0"", ""sel_8th_pre_req"": ""503"", ""sel_8th_pre_bid"": ""-5160"", ""sel_7th_pre_req_pre"": ""0"", ""sel_7th_pre_req"": ""200"", ""sel_7th_pre_bid"": ""-5150"", ""sel_6th_pre_req_pre"": ""0"", ""sel_6th_pre_req"": ""493"", ""sel_6th_pre_bid"": ""-5140"", ""sel_5th_pre_req_pre"": ""0"", ""sel_5th_pre_req"": ""1480"", ""sel_5th_pre_bid"": ""-5130"", ""sel_4th_pre_req_pre"": ""0"", ""sel_4th_pre_req"": ""52"", ""sel_4th_pre_bid"": ""-5120"", ""sel_3th_pre_req_pre"": ""0"", ""sel_3th_pre_req"": ""3030"", ""sel_3th_pre_bid"": ""-5110"", ""sel_2th_pre_req_pre"": ""0"", ""sel_2th_pre_req"": ""1840"", ""sel_2th_pre_bid"": ""-5100"", ""sel_1th_pre_req_pre"": ""0"", ""sel_fpr_req"": ""2403"", ""sel_fpr_bid"": ""-5090"", ""buy_fpr_bid"": ""-5080"", ""buy_fpr_req"": ""2786"", ""buy_1th_pre_req_pre"": ""0"", ""buy_2th_pre_bid"": ""-5070"", ""buy_2th_pre_req"": ""1846"", ""buy_2th_pre_req_pre"": ""0"", ""buy_3th_pre_bid"": ""-5060"", ""buy_3th_pre_req"": ""1646"", ""buy_3th_pre_req_pre"": ""0"", ""buy_4th_pre_bid"": ""-5050"", ""buy_4th_pre_req"": ""3138"", ""buy_4th_pre_req_pre"": ""0"", ""buy_5th_pre_bid"": ""-5040"", ""buy_5th_pre_req"": ""1809"", ""buy_5th_pre_req_pre"": ""0"", ""buy_6th_pre_bid"": ""-5030"", ""buy_6th_pre_req"": ""3080"", ""buy_6th_pre_req_pre"": ""0"", ""buy_7th_pre_bid"": ""-5020"", ""buy_7th_pre_req"": ""1517"", ""buy_7th_pre_req_pre"": ""0"", ""buy_8th_pre_bid"": ""-5010"", ""buy_8th_pre_req"": ""3325"", ""buy_8th_pre_req_pre"": ""0"", ""buy_9th_pre_bid"": ""-5000"", ""buy_9th_pre_req"": ""5803"", ""buy_9th_pre_req_pre"": ""0"", ""buy_10th_pre_bid"": ""-4995"", ""buy_10th_pre_req"": ""1041"", ""buy_10th_pre_req_pre"": ""0"", ""tot_sel_req_jub_pre"": ""0"", ""tot_sel_req"": ""12364"", ""tot_buy_req"": ""25991"", ""tot_buy_req_jub_pre"": ""0"", ""ovt_sel_req_pre"": ""0"", ""ovt_sel_req"": ""0"", ""ovt_buy_req"": ""0"", ""ovt_buy_req_pre"": ""0"", ""return_code"": 0, ""return_msg"": ""정상적으로 처리되었습니다""}"
2026-06-10,watchlist,004990,,0,filtered_candidate_recheck,25550,,25550,25500,25550,25750,0.5870841487279843,0.19569471624266144,,,,,,"{""bid_req_base_tm"": ""093655"", ""sel_10th_pre_req_pre"": ""0"", ""sel_10th_pre_req"": ""602"", ""sel_10th_pre_bid"": ""-26100"", ""sel_9th_pre_req_pre"": ""0"", ""sel_9th_pre_req"": ""3"", ""sel_9th_pre_bid"": ""-26050"", ""sel_8th_pre_req_pre"": ""0"", ""sel_8th_pre_req"": ""504"", ""sel_8th_pre_bid"": ""-26000"", ""sel_7th_pre_req_pre"": ""0"", ""sel_7th_pre_req"": ""102"", ""sel_7th_pre_bid"": ""-25950"", ""sel_6th_pre_req_pre"": ""0"", ""sel_6th_pre_req"": ""1"", ""sel_6th_pre_bid"": ""-25850"", ""sel_5th_pre_req_pre"": ""0"", ""sel_5th_pre_req"": ""157"", ""sel_5th_pre_bid"": ""-25800"", ""sel_4th_pre_req_pre"": ""0"", ""sel_4th_pre_req"": ""616"", ""sel_4th_pre_bid"": ""-25750"", ""sel_3th_pre_req_pre"": ""0"", ""sel_3th_pre_req"": ""94"", ""sel_3th_pre_bid"": ""-25700"", ""sel_2th_pre_req_pre"": ""0"", ""sel_2th_pre_req"": ""138"", ""sel_2th_pre_bid"": ""-25600"", ""sel_1th_pre_req_pre"": ""0"", ""sel_fpr_req"": ""161"", ""sel_fpr_bid"": ""-25550"", ""buy_fpr_bid"": ""-25500"", ""buy_fpr_req"": ""1118"", ""buy_1th_pre_req_pre"": ""0"", ""buy_2th_pre_bid"": ""-25450"", ""buy_2th_pre_req"": ""777"", ""buy_2th_pre_req_pre"": ""0"", ""buy_3th_pre_bid"": ""-25400"", ""buy_3th_pre_req"": ""911"", ""buy_3th_pre_req_pre"": ""0"", ""buy_4th_pre_bid"": ""-25350"", ""buy_4th_pre_req"": ""268"", ""buy_4th_pre_req_pre"": ""0"", ""buy_5th_pre_bid"": ""-25300"", ""buy_5th_pre_req"": ""748"", ""buy_5th_pre_req_pre"": ""0"", ""buy_6th_pre_bid"": ""-25250"", ""buy_6th_pre_req"": ""723"", ""buy_6th_pre_req_pre"": ""0"", ""buy_7th_pre_bid"": ""-25200"", ""buy_7th_pre_req"": ""285"", ""buy_7th_pre_req_pre"": ""0"", ""buy_8th_pre_bid"": ""-25150"", ""buy_8th_pre_req"": ""323"", ""buy_8th_pre_req_pre"": ""0"", ""buy_9th_pre_bid"": ""-25100"", ""buy_9th_pre_req"": ""1524"", ""buy_9th_pre_req_pre"": ""0"", ""buy_10th_pre_bid"": ""-25050"", ""buy_10th_pre_req"": ""50"", ""buy_10th_pre_req_pre"": ""0"", ""tot_sel_req_jub_pre"": ""0"", ""tot_sel_req"": ""2378"", ""tot_buy_req"": ""6727"", ""tot_buy_req_jub_pre"": ""0"", ""ovt_sel_req_pre"": ""0"", ""ovt_sel_req"": ""0"", ""ovt_buy_req"": ""0"", ""ovt_buy_req_pre"": ""0"", ""return_code"": 0, ""return_msg"": ""정상적으로 처리되었습니다""}"
2026-06-10,watchlist,081660,,0,filtered_candidate_recheck,40200,,40200,40150,40200,40200,-0.12437810945273632,0.12437810945273632,,,,,,"{""bid_req_base_tm"": ""093655"", ""sel_10th_pre_req_pre"": ""0"", ""sel_10th_pre_req"": ""50"", ""sel_10th_pre_bid"": ""+40650"", ""sel_9th_pre_req_pre"": ""0"", ""sel_9th_pre_req"": ""75"", ""sel_9th_pre_bid"": ""+40600"", ""sel_8th_pre_req_pre"": ""0"", ""sel_8th_pre_req"": ""126"", ""sel_8th_pre_bid"": ""+40550"", ""sel_7th_pre_req_pre"": ""0"", ""sel_7th_pre_req"": ""40"", ""sel_7th_pre_bid"": ""+40500"", ""sel_6th_pre_req_pre"": ""0"", ""sel_6th_pre_req"": ""20"", ""sel_6th_pre_bid"": ""+40450"", ""sel_5th_pre_req_pre"": ""0"", ""sel_5th_pre_req"": ""87"", ""sel_5th_pre_bid"": ""+40400"", ""sel_4th_pre_req_pre"": ""0"", ""sel_4th_pre_req"": ""18"", ""sel_4th_pre_bid"": ""+40350"", ""sel_3th_pre_req_pre"": ""0"", ""sel_3th_pre_req"": ""18"", ""sel_3th_pre_bid"": ""+40300"", ""sel_2th_pre_req_pre"": ""+40"", ""sel_2th_pre_req"": ""167"", ""sel_2th_pre_bid"": ""+40250"", ""sel_1th_pre_req_pre"": ""0"", ""sel_fpr_req"": ""224"", ""sel_fpr_bid"": ""+40200"", ""buy_fpr_bid"": ""+40150"", ""buy_fpr_req"": ""250"", ""buy_1th_pre_req_pre"": ""0"", ""buy_2th_pre_bid"": ""+40100"", ""buy_2th_pre_req"": ""157"", ""buy_2th_pre_req_pre"": ""0"", ""buy_3th_pre_bid"": ""+40050"", ""buy_3th_pre_req"": ""243"", ""buy_3th_pre_req_pre"": ""0"", ""buy_4th_pre_bid"": ""+40000"", ""buy_4th_pre_req"": ""25"", ""buy_4th_pre_req_pre"": ""0"", ""buy_5th_pre_bid"": ""+39950"", ""buy_5th_pre_req"": ""55"", ""buy_5th_pre_req_pre"": ""0"", ""buy_6th_pre_bid"": ""+39900"", ""buy_6th_pre_req"": ""20"", ""buy_6th_pre_req_pre"": ""0"", ""buy_7th_pre_bid"": ""+39850"", ""buy_7th_pre_req"": ""41"", ""buy_7th_pre_req_pre"": ""0"", ""buy_8th_pre_bid"": ""+39800"", ""buy_8th_pre_req"": ""11"", ""buy_8th_pre_req_pre"": ""0"", ""buy_9th_pre_bid"": ""+39750"", ""buy_9th_pre_req"": ""40"", ""buy_9th_pre_req_pre"": ""0"", ""buy_10th_pre_bid"": ""39700"", ""buy_10th_pre_req"": ""10"", ""buy_10th_pre_req_pre"": ""0"", ""tot_sel_req_jub_pre"": ""+40"", ""tot_sel_req"": ""825"", ""tot_buy_req"": ""852"", ""tot_buy_req_jub_pre"": ""0"", ""ovt_sel_req_pre"": ""0"", ""ovt_sel_req"": ""0"", ""ovt_buy_req"": ""0"", ""ovt_buy_req_pre"": ""0"", ""return_code"": 0, ""return_msg"": ""정상적으로 처리되었습니다""}"
2026-06-10,watchlist,008770,,0,filtered_candidate_recheck,53800,,53800,53600,53800,54100,0.37174721189591076,0.37174721189591076,,,,,,"{""bid_req_base_tm"": ""093656"", ""sel_10th_pre_req_pre"": ""0"", ""sel_10th_pre_req"": ""109"", ""sel_10th_pre_bid"": ""-54900"", ""sel_9th_pre_req_pre"": ""0"", ""sel_9th_pre_req"": ""258"", ""sel_9th_pre_bid"": ""-54800"", ""sel_8th_pre_req_pre"": ""0"", ""sel_8th_pre_req"": ""32"", ""sel_8th_pre_bid"": ""-54700"", ""sel_7th_pre_req_pre"": ""0"", ""sel_7th_pre_req"": ""15"", ""sel_7th_pre_bid"": ""-54600"", ""sel_6th_pre_req_pre"": ""0"", ""sel_6th_pre_req"": ""3"", ""sel_6th_pre_bid"": ""-54300"", ""sel_5th_pre_req_pre"": ""0"", ""sel_5th_pre_req"": ""153"", ""sel_5th_pre_bid"": ""-54200"", ""sel_4th_pre_req_pre"": ""0"", ""sel_4th_pre_req"": ""71"", ""sel_4th_pre_bid"": ""-54100"", ""sel_3th_pre_req_pre"": ""0"", ""sel_3th_pre_req"": ""93"", ""sel_3th_pre_bid"": ""-54000"", ""sel_2th_pre_req_pre"": ""0"", ""sel_2th_pre_req"": ""98"", ""sel_2th_pre_bid"": ""-53900"", ""sel_1th_pre_req_pre"": ""0"", ""sel_fpr_req"": ""164"", ""sel_fpr_bid"": ""-53800"", ""buy_fpr_bid"": ""-53600"", ""buy_fpr_req"": ""52"", ""buy_1th_pre_req_pre"": ""0"", ""buy_2th_pre_bid"": ""-53500"", ""buy_2th_pre_req"": ""564"", ""buy_2th_pre_req_pre"": ""0"", ""buy_3th_pre_bid"": ""-53400"", ""buy_3th_pre_req"": ""472"", ""buy_3th_pre_req_pre"": ""0"", ""buy_4th_pre_bid"": ""-53300"", ""buy_4th_pre_req"": ""539"", ""buy_4th_pre_req_pre"": ""0"", ""buy_5th_pre_bid"": ""-53200"", ""buy_5th_pre_req"": ""689"", ""buy_5th_pre_req_pre"": ""0"", ""buy_6th_pre_bid"": ""-53100"", ""buy_6th_pre_req"": ""303"", ""buy_6th_pre_req_pre"": ""0"", ""buy_7th_pre_bid"": ""-53000"", ""buy_7th_pre_req"": ""623"", ""buy_7th_pre_req_pre"": ""0"", ""buy_8th_pre_bid"": ""-52900"", ""buy_8th_pre_req"": ""384"", ""buy_8th_pre_req_pre"": ""0"", ""buy_9th_pre_bid"": ""-52800"", ""buy_9th_pre_req"": ""405"", ""buy_9th_pre_req_pre"": ""0"", ""buy_10th_pre_bid"": ""-52700"", ""buy_10th_pre_req"": ""325"", ""buy_10th_pre_req_pre"": ""0"", ""tot_sel_req_jub_pre"": ""0"", ""tot_sel_req"": ""996"", ""tot_buy_req"": ""4356"", ""tot_buy_req_jub_pre"": ""+200"", ""ovt_sel_req_pre"": ""0"", ""ovt_sel_req"": ""0"", ""ovt_buy_req"": ""0"", ""ovt_buy_req_pre"": ""0"", ""return_code"": 0, ""return_msg"": ""정상적으로 처리되었습니다""}"
2026-06-10,watchlist,012330,,0,filtered_candidate_recheck,581000,,581000,579000,581000,584000,0.34423407917383825,0.34423407917383825,,,,,,"{""bid_req_base_tm"": ""093657"", ""sel_10th_pre_req_pre"": ""0"", ""sel_10th_pre_req"": ""112"", ""sel_10th_pre_bid"": ""-591000"", ""sel_9th_pre_req_pre"": ""0"", ""sel_9th_pre_req"": ""245"", ""sel_9th_pre_bid"": ""-590000"", ""sel_8th_pre_req_pre"": ""0"", ""sel_8th_pre_req"": ""93"", ""sel_8th_pre_bid"": ""-589000"", ""sel_7th_pre_req_pre"": ""0"", ""sel_7th_pre_req"": ""86"", ""sel_7th_pre_bid"": ""-588000"", ""sel_6th_pre_req_pre"": ""0"", ""sel_6th_pre_req"": ""62"", ""sel_6th_pre_bid"": ""-587000"", ""sel_5th_pre_req_pre"": ""0"", ""sel_5th_pre_req"": ""15"", ""sel_5th_pre_bid"": ""-585000"", ""sel_4th_pre_req_pre"": ""0"", ""sel_4th_pre_req"": ""32"", ""sel_4th_pre_bid"": ""-584000"", ""sel_3th_pre_req_pre"": ""0"", ""sel_3th_pre_req"": ""344"", ""sel_3th_pre_bid"": ""-583000"", ""sel_2th_pre_req_pre"": ""0"", ""sel_2th_pre_req"": ""104"", ""sel_2th_pre_bid"": ""-582000"", ""sel_1th_pre_req_pre"": ""0"", ""sel_fpr_req"": ""28"", ""sel_fpr_bid"": ""-581000"", ""buy_fpr_bid"": ""-579000"", ""buy_fpr_req"": ""82"", ""buy_1th_pre_req_pre"": ""+3"", ""buy_2th_pre_bid"": ""-578000"", ""buy_2th_pre_req"": ""619"", ""buy_2th_pre_req_pre"": ""0"", ""buy_3th_pre_bid"": ""-577000"", ""buy_3th_pre_req"": ""1051"", ""buy_3th_pre_req_pre"": ""0"", ""buy_4th_pre_bid"": ""-576000"", ""buy_4th_pre_req"": ""606"", ""buy_4th_pre_req_pre"": ""0"", ""buy_5th_pre_bid"": ""-575000"", ""buy_5th_pre_req"": ""1050"", ""buy_5th_pre_req_pre"": ""0"", ""buy_6th_pre_bid"": ""-574000"", ""buy_6th_pre_req"": ""377"", ""buy_6th_pre_req_pre"": ""0"", ""buy_7th_pre_bid"": ""-573000"", ""buy_7th_pre_req"": ""540"", ""buy_7th_pre_req_pre"": ""0"", ""buy_8th_pre_bid"": ""-572000"", ""buy_8th_pre_req"": ""774"", ""buy_8th_pre_req_pre"": ""0"", ""buy_9th_pre_bid"": ""-571000"", ""buy_9th_pre_req"": ""1182"", ""buy_9th_pre_req_pre"": ""0"", ""buy_10th_pre_bid"": ""-570000"", ""buy_10th_pre_req"": ""1594"", ""buy_10th_pre_req_pre"": ""--5"", ""tot_sel_req_jub_pre"": ""0"", ""tot_sel_req"": ""1121"", ""tot_buy_req"": ""7875"", ""tot_buy_req_jub_pre"": ""--2"", ""ovt_sel_req_pre"": ""0"", ""ovt_sel_req"": ""0"", ""ovt_buy_req"": ""0"", ""ovt_buy_req_pre"": ""0"", ""return_code"": 0, ""return_msg"": ""정상적으로 처리되었습니다""}"
2026-06-10,watchlist,009155,,0,filtered_candidate_recheck,611000,,611000,610000,611000,613000,0.16366612111292964,0.16366612111292964,,,,,,"{""bid_req_base_tm"": ""093655"", ""sel_10th_pre_req_pre"": ""0"", ""sel_10th_pre_req"": ""4"", ""sel_10th_pre_bid"": ""-622000"", ""sel_9th_pre_req_pre"": ""0"", ""sel_9th_pre_req"": ""9"", ""sel_9th_pre_bid"": ""-620000"", ""sel_8th_pre_req_pre"": ""0"", ""sel_8th_pre_req"": ""151"", ""sel_8th_pre_bid"": ""-619000"", ""sel_7th_pre_req_pre"": ""0"", ""sel_7th_pre_req"": ""18"", ""sel_7th_pre_bid"": ""-618000"", ""sel_6th_pre_req_pre"": ""0"", ""sel_6th_pre_req"": ""2"", ""sel_6th_pre_bid"": ""-616000"", ""sel_5th_pre_req_pre"": ""0"", ""sel_5th_pre_req"": ""200"", ""sel_5th_pre_bid"": ""-615000"", ""sel_4th_pre_req_pre"": ""0"", ""sel_4th_pre_req"": ""3"", ""sel_4th_pre_bid"": ""-614000"", ""sel_3th_pre_req_pre"": ""0"", ""sel_3th_pre_req"": ""105"", ""sel_3th_pre_bid"": ""-613000"", ""sel_2th_pre_req_pre"": ""0"", ""sel_2th_pre_req"": ""41"", ""sel_2th_pre_bid"": ""-612000"", ""sel_1th_pre_req_pre"": ""0"", ""sel_fpr_req"": ""11"", ""sel_fpr_bid"": ""-611000"", ""buy_fpr_bid"": ""-610000"", ""buy_fpr_req"": ""37"", ""buy_1th_pre_req_pre"": ""0"", ""buy_2th_pre_bid"": ""-609000"", ""buy_2th_pre_req"": ""29"", ""buy_2th_pre_req_pre"": ""0"", ""buy_3th_pre_bid"": ""-608000"", ""buy_3th_pre_req"": ""19"", ""buy_3th_pre_req_pre"": ""0"", ""buy_4th_pre_bid"": ""-607000"", ""buy_4th_pre_req"": ""38"", ""buy_4th_pre_req_pre"": ""0"", ""buy_5th_pre_bid"": ""-606000"", ""buy_5th_pre_req"": ""66"", ""buy_5th_pre_req_pre"": ""0"", ""buy_6th_pre_bid"": ""-605000"", ""buy_6th_pre_req"": ""260"", ""buy_6th_pre_req_pre"": ""0"", ""buy_7th_pre_bid"": ""-604000"", ""buy_7th_pre_req"": ""176"", ""buy_7th_pre_req_pre"": ""0"", ""buy_8th_pre_bid"": ""-603000"", ""buy_8th_pre_req"": ""87"", ""buy_8th_pre_req_pre"": ""0"", ""buy_9th_pre_bid"": ""-602000"", ""buy_9th_pre_req"": ""39"", ""buy_9th_pre_req_pre"": ""0"", ""buy_10th_pre_bid"": ""-601000"", ""buy_10th_pre_req"": ""127"", ""buy_10th_pre_req_pre"": ""0"", ""tot_sel_req_jub_pre"": ""0"", ""tot_sel_req"": ""544"", ""tot_buy_req"": ""878"", ""tot_buy_req_jub_pre"": ""0"", ""ovt_sel_req_pre"": ""0"", ""ovt_sel_req"": ""0"", ""ovt_buy_req"": ""0"", ""ovt_buy_req_pre"": ""0"", ""return_code"": 0, ""return_msg"": ""정상적으로 처리되었습니다""}"
2026-06-10,watchlist,181710,,0,filtered_candidate_recheck,41150,,41150,41050,41150,41450,0.6075334143377886,0.24301336573511542,,,,,,"{""bid_req_base_tm"": ""093657"", ""sel_10th_pre_req_pre"": ""0"", ""sel_10th_pre_req"": ""131"", ""sel_10th_pre_bid"": ""-42000"", ""sel_9th_pre_req_pre"": ""0"", ""sel_9th_pre_req"": ""60"", ""sel_9th_pre_bid"": ""-41950"", ""sel_8th_pre_req_pre"": ""0"", ""sel_8th_pre_req"": ""1"", ""sel_8th_pre_bid"": ""-41850"", ""sel_7th_pre_req_pre"": ""0"", ""sel_7th_pre_req"": ""23"", ""sel_7th_pre_bid"": ""-41750"", ""sel_6th_pre_req_pre"": ""0"", ""sel_6th_pre_req"": ""8"", ""sel_6th_pre_bid"": ""-41400"", ""sel_5th_pre_req_pre"": ""0"", ""sel_5th_pre_req"": ""397"", ""sel_5th_pre_bid"": ""-41350"", ""sel_4th_pre_req_pre"": ""0"", ""sel_4th_pre_req"": ""5"", ""sel_4th_pre_bid"": ""-41300"", ""sel_3th_pre_req_pre"": ""0"", ""sel_3th_pre_req"": ""1"", ""sel_3th_pre_bid"": ""-41250"", ""sel_2th_pre_req_pre"": ""0"", ""sel_2th_pre_req"": ""46"", ""sel_2th_pre_bid"": ""-41200"", ""sel_1th_pre_req_pre"": ""+29"", ""sel_fpr_req"": ""443"", ""sel_fpr_bid"": ""-41150"", ""buy_fpr_bid"": ""-41050"", ""buy_fpr_req"": ""124"", ""buy_1th_pre_req_pre"": ""0"", ""buy_2th_pre_bid"": ""-41000"", ""buy_2th_pre_req"": ""965"", ""buy_2th_pre_req_pre"": ""0"", ""buy_3th_pre_bid"": ""-40950"", ""buy_3th_pre_req"": ""174"", ""buy_3th_pre_req_pre"": ""0"", ""buy_4th_pre_bid"": ""-40900"", ""buy_4th_pre_req"": ""26"", ""buy_4th_pre_req_pre"": ""0"", ""buy_5th_pre_bid"": ""-40850"", ""buy_5th_pre_req"": ""4"", ""buy_5th_pre_req_pre"": ""0"", ""buy_6th_pre_bid"": ""-40800"", ""buy_6th_pre_req"": ""83"", ""buy_6th_pre_req_pre"": ""0"", ""buy_7th_pre_bid"": ""-40750"", ""buy_7th_pre_req"": ""243"", ""buy_7th_pre_req_pre"": ""0"", ""buy_8th_pre_bid"": ""-40700"", ""buy_8th_pre_req"": ""690"", ""buy_8th_pre_req_pre"": ""0"", ""buy_9th_pre_bid"": ""-40650"", ""buy_9th_pre_req"": ""14"", ""buy_9th_pre_req_pre"": ""0"", ""buy_10th_pre_bid"": ""-40600"", ""buy_10th_pre_req"": ""412"", ""buy_10th_pre_req_pre"": ""0"", ""tot_sel_req_jub_pre"": ""+29"", ""tot_sel_req"": ""1115"", ""tot_buy_req"": ""2735"", ""tot_buy_req_jub_pre"": ""0"", ""ovt_sel_req_pre"": ""0"", ""ovt_sel_req"": ""0"", ""ovt_buy_req"": ""0"", ""ovt_buy_req_pre"": ""0"", ""return_code"": 0, ""return_msg"": ""정상적으로 처리되었습니다""}"
2026-06-10,watchlist,085620,,0,filtered_candidate_recheck,21950,,21950,21900,21950,22050,0.22779043280182232,0.22779043280182232,,,,,,"{""bid_req_base_tm"": ""093657"", ""sel_10th_pre_req_pre"": ""0"", ""sel_10th_pre_req"": ""135"", ""sel_10th_pre_bid"": ""-22400"", ""sel_9th_pre_req_pre"": ""0"", ""sel_9th_pre_req"": ""283"", ""sel_9th_pre_bid"": ""-22350"", ""sel_8th_pre_req_pre"": ""0"", ""sel_8th_pre_req"": ""679"", ""sel_8th_pre_bid"": ""-22300"", ""sel_7th_pre_req_pre"": ""0"", ""sel_7th_pre_req"": ""645"", ""sel_7th_pre_bid"": ""-22250"", ""sel_6th_pre_req_pre"": ""0"", ""sel_6th_pre_req"": ""600"", ""sel_6th_pre_bid"": ""-22200"", ""sel_5th_pre_req_pre"": ""0"", ""sel_5th_pre_req"": ""1292"", ""sel_5th_pre_bid"": ""-22150"", ""sel_4th_pre_req_pre"": ""0"", ""sel_4th_pre_req"": ""125"", ""sel_4th_pre_bid"": ""-22100"", ""sel_3th_pre_req_pre"": ""0"", ""sel_3th_pre_req"": ""397"", ""sel_3th_pre_bid"": ""-22050"", ""sel_2th_pre_req_pre"": ""0"", ""sel_2th_pre_req"": ""884"", ""sel_2th_pre_bid"": ""-22000"", ""sel_1th_pre_req_pre"": ""0"", ""sel_fpr_req"": ""354"", ""sel_fpr_bid"": ""-21950"", ""buy_fpr_bid"": ""-21900"", ""buy_fpr_req"": ""1935"", ""buy_1th_pre_req_pre"": ""+50"", ""buy_2th_pre_bid"": ""-21850"", ""buy_2th_pre_req"": ""352"", ""buy_2th_pre_req_pre"": ""0"", ""buy_3th_pre_bid"": ""-21800"", ""buy_3th_pre_req"": ""1209"", ""buy_3th_pre_req_pre"": ""0"", ""buy_4th_pre_bid"": ""-21750"", ""buy_4th_pre_req"": ""1120"", ""buy_4th_pre_req_pre"": ""0"", ""buy_5th_pre_bid"": ""-21700"", ""buy_5th_pre_req"": ""1398"", ""buy_5th_pre_req_pre"": ""0"", ""buy_6th_pre_bid"": ""-21650"", ""buy_6th_pre_req"": ""1848"", ""buy_6th_pre_req_pre"": ""0"", ""buy_7th_pre_bid"": ""-21600"", ""buy_7th_pre_req"": ""4487"", ""buy_7th_pre_req_pre"": ""0"", ""buy_8th_pre_bid"": ""-21550"", ""buy_8th_pre_req"": ""1874"", ""buy_8th_pre_req_pre"": ""0"", ""buy_9th_pre_bid"": ""-21500"", ""buy_9th_pre_req"": ""3146"", ""buy_9th_pre_req_pre"": ""0"", ""buy_10th_pre_bid"": ""-21450"", ""buy_10th_pre_req"": ""2212"", ""buy_10th_pre_req_pre"": ""0"", ""tot_sel_req_jub_pre"": ""0"", ""tot_sel_req"": ""5394"", ""tot_buy_req"": ""19581"", ""tot_buy_req_jub_pre"": ""+50"", ""ovt_sel_req_pre"": ""0"", ""ovt_sel_req"": ""0"", ""ovt_buy_req"": ""0"", ""ovt_buy_req_pre"": ""0"", ""return_code"": 0, ""return_msg"": ""정상적으로 처리되었습니다""}"
2026-06-10,watchlist,062040,,0,filtered_candidate_recheck,226000,,226000,225500,226000,227000,0.22123893805309736,0.22123893805309736,,,,,,"{""bid_req_base_tm"": ""093658"", ""sel_10th_pre_req_pre"": ""0"", ""sel_10th_pre_req"": ""57"", ""sel_10th_pre_bid"": ""+230500"", ""sel_9th_pre_req_pre"": ""0"", ""sel_9th_pre_req"": ""386"", ""sel_9th_pre_bid"": ""+230000"", ""sel_8th_pre_req_pre"": ""0"", ""sel_8th_pre_req"": ""581"", ""sel_8th_pre_bid"": ""+229500"", ""sel_7th_pre_req_pre"": ""0"", ""sel_7th_pre_req"": ""143"", ""sel_7th_pre_bid"": ""+229000"", ""sel_6th_pre_req_pre"": ""0"", ""sel_6th_pre_req"": ""1"", ""sel_6th_pre_bid"": ""+228500"", ""sel_5th_pre_req_pre"": ""0"", ""sel_5th_pre_req"": ""16"", ""sel_5th_pre_bid"": ""+228000"", ""sel_4th_pre_req_pre"": ""0"", ""sel_4th_pre_req"": ""27"", ""sel_4th_pre_bid"": ""+227500"", ""sel_3th_pre_req_pre"": ""0"", ""sel_3th_pre_req"": ""16"", ""sel_3th_pre_bid"": ""+227000"", ""sel_2th_pre_req_pre"": ""0"", ""sel_2th_pre_req"": ""320"", ""sel_2th_pre_bid"": ""+226500"", ""sel_1th_pre_req_pre"": ""+17"", ""sel_fpr_req"": ""156"", ""sel_fpr_bid"": ""+226000"", ""buy_fpr_bid"": ""+225500"", ""buy_fpr_req"": ""323"", ""buy_1th_pre_req_pre"": ""0"", ""buy_2th_pre_bid"": ""225000"", ""buy_2th_pre_req"": ""939"", ""buy_2th_pre_req_pre"": ""0"", ""buy_3th_pre_bid"": ""-224500"", ""buy_3th_pre_req"": ""294"", ""buy_3th_pre_req_pre"": ""0"", ""buy_4th_pre_bid"": ""-224000"", ""buy_4th_pre_req"": ""146"", ""buy_4th_pre_req_pre"": ""0"", ""buy_5th_pre_bid"": ""-223500"", ""buy_5th_pre_req"": ""61"", ""buy_5th_pre_req_pre"": ""0"", ""buy_6th_pre_bid"": ""-223000"", ""buy_6th_pre_req"": ""269"", ""buy_6th_pre_req_pre"": ""0"", ""buy_7th_pre_bid"": ""-222500"", ""buy_7th_pre_req"": ""103"", ""buy_7th_pre_req_pre"": ""0"", ""buy_8th_pre_bid"": ""-222000"", ""buy_8th_pre_req"": ""282"", ""buy_8th_pre_req_pre"": ""0"", ""buy_9th_pre_bid"": ""-221500"", ""buy_9th_pre_req"": ""71"", ""buy_9th_pre_req_pre"": ""0"", ""buy_10th_pre_bid"": ""-221000"", ""buy_10th_pre_req"": ""217"", ""buy_10th_pre_req_pre"": ""0"", ""tot_sel_req_jub_pre"": ""+17"", ""tot_sel_req"": ""1703"", ""tot_buy_req"": ""2705"", ""tot_buy_req_jub_pre"": ""0"", ""ovt_sel_req_pre"": ""0"", ""ovt_sel_req"": ""0"", ""ovt_buy_req"": ""0"", ""ovt_buy_req_pre"": ""0"", ""return_code"": 0, ""return_msg"": ""정상적으로 처리되었습니다""}"
2026-06-10,watchlist,036460,,0,filtered_candidate_recheck,34150,,34150,34100,34150,34300,0.29282576866764276,0.14641288433382138,,,,,,"{""bid_req_base_tm"": ""093656"", ""sel_10th_pre_req_pre"": ""0"", ""sel_10th_pre_req"": ""271"", ""sel_10th_pre_bid"": ""+34650"", ""sel_9th_pre_req_pre"": ""0"", ""sel_9th_pre_req"": ""79"", ""sel_9th_pre_bid"": ""+34600"", ""sel_8th_pre_req_pre"": ""0"", ""sel_8th_pre_req"": ""135"", ""sel_8th_pre_bid"": ""+34550"", ""sel_7th_pre_req_pre"": ""0"", ""sel_7th_pre_req"": ""193"", ""sel_7th_pre_bid"": ""+34500"", ""sel_6th_pre_req_pre"": ""0"", ""sel_6th_pre_req"": ""55"", ""sel_6th_pre_bid"": ""+34450"", ""sel_5th_pre_req_pre"": ""0"", ""sel_5th_pre_req"": ""136"", ""sel_5th_pre_bid"": ""+34400"", ""sel_4th_pre_req_pre"": ""0"", ""sel_4th_pre_req"": ""240"", ""sel_4th_pre_bid"": ""+34350"", ""sel_3th_pre_req_pre"": ""0"", ""sel_3th_pre_req"": ""240"", ""sel_3th_pre_bid"": ""+34300"", ""sel_2th_pre_req_pre"": ""0"", ""sel_2th_pre_req"": ""93"", ""sel_2th_pre_bid"": ""+34200"", ""sel_1th_pre_req_pre"": ""0"", ""sel_fpr_req"": ""615"", ""sel_fpr_bid"": ""+34150"", ""buy_fpr_bid"": ""+34100"", ""buy_fpr_req"": ""503"", ""buy_1th_pre_req_pre"": ""+1"", ""buy_2th_pre_bid"": ""+34050"", ""buy_2th_pre_req"": ""607"", ""buy_2th_pre_req_pre"": ""0"", ""buy_3th_pre_bid"": ""34000"", ""buy_3th_pre_req"": ""3052"", ""buy_3th_pre_req_pre"": ""0"", ""buy_4th_pre_bid"": ""-33950"", ""buy_4th_pre_req"": ""344"", ""buy_4th_pre_req_pre"": ""0"", ""buy_5th_pre_bid"": ""-33900"", ""buy_5th_pre_req"": ""839"", ""buy_5th_pre_req_pre"": ""0"", ""buy_6th_pre_bid"": ""-33850"", ""buy_6th_pre_req"": ""365"", ""buy_6th_pre_req_pre"": ""0"", ""buy_7th_pre_bid"": ""-33800"", ""buy_7th_pre_req"": ""450"", ""buy_7th_pre_req_pre"": ""0"", ""buy_8th_pre_bid"": ""-33750"", ""buy_8th_pre_req"": ""542"", ""buy_8th_pre_req_pre"": ""0"", ""buy_9th_pre_bid"": ""-33700"", ""buy_9th_pre_req"": ""520"", ""buy_9th_pre_req_pre"": ""0"", ""buy_10th_pre_bid"": ""-33650"", ""buy_10th_pre_req"": ""1145"", ""buy_10th_pre_req_pre"": ""0"", ""tot_sel_req_jub_pre"": ""0"", ""tot_sel_req"": ""2057"", ""tot_buy_req"": ""8367"", ""tot_buy_req_jub_pre"": ""+1"", ""ovt_sel_req_pre"": ""0"", ""ovt_sel_req"": ""0"", ""ovt_buy_req"": ""0"", ""ovt_buy_req_pre"": ""0"", ""return_code"": 0, ""return_msg"": ""정상적으로 처리되었습니다""}"
2026-06-10,watchlist,066575,,0,filtered_candidate_recheck,79200,,79200,79100,79200,79500,0.25252525252525254,0.12626262626262627,,,,,,"{""bid_req_base_tm"": ""093658"", ""sel_10th_pre_req_pre"": ""0"", ""sel_10th_pre_req"": ""268"", ""sel_10th_pre_bid"": ""-80100"", ""sel_9th_pre_req_pre"": ""0"", ""sel_9th_pre_req"": ""735"", ""sel_9th_pre_bid"": ""-80000"", ""sel_8th_pre_req_pre"": ""+70"", ""sel_8th_pre_req"": ""192"", ""sel_8th_pre_bid"": ""-79900"", ""sel_7th_pre_req_pre"": ""0"", ""sel_7th_pre_req"": ""36"", ""sel_7th_pre_bid"": ""-79800"", ""sel_6th_pre_req_pre"": ""0"", ""sel_6th_pre_req"": ""88"", ""sel_6th_pre_bid"": ""-79700"", ""sel_5th_pre_req_pre"": ""0"", ""sel_5th_pre_req"": ""111"", ""sel_5th_pre_bid"": ""-79600"", ""sel_4th_pre_req_pre"": ""0"", ""sel_4th_pre_req"": ""553"", ""sel_4th_pre_bid"": ""-79500"", ""sel_3th_pre_req_pre"": ""0"", ""sel_3th_pre_req"": ""138"", ""sel_3th_pre_bid"": ""-79400"", ""sel_2th_pre_req_pre"": ""0"", ""sel_2th_pre_req"": ""168"", ""sel_2th_pre_bid"": ""-79300"", ""sel_1th_pre_req_pre"": ""0"", ""sel_fpr_req"": ""15"", ""sel_fpr_bid"": ""-79200"", ""buy_fpr_bid"": ""-79100"", ""buy_fpr_req"": ""317"", ""buy_1th_pre_req_pre"": ""0"", ""buy_2th_pre_bid"": ""-79000"", ""buy_2th_pre_req"": ""2362"", ""buy_2th_pre_req_pre"": ""0"", ""buy_3th_pre_bid"": ""-78900"", ""buy_3th_pre_req"": ""1527"", ""buy_3th_pre_req_pre"": ""0"", ""buy_4th_pre_bid"": ""-78800"", ""buy_4th_pre_req"": ""380"", ""buy_4th_pre_req_pre"": ""0"", ""buy_5th_pre_bid"": ""-78700"", ""buy_5th_pre_req"": ""275"", ""buy_5th_pre_req_pre"": ""0"", ""buy_6th_pre_bid"": ""-78600"", ""buy_6th_pre_req"": ""125"", ""buy_6th_pre_req_pre"": ""0"", ""buy_7th_pre_bid"": ""-78500"", ""buy_7th_pre_req"": ""852"", ""buy_7th_pre_req_pre"": ""0"", ""buy_8th_pre_bid"": ""-78400"", ""buy_8th_pre_req"": ""276"", ""buy_8th_pre_req_pre"": ""0"", ""buy_9th_pre_bid"": ""-78300"", ""buy_9th_pre_req"": ""112"", ""buy_9th_pre_req_pre"": ""0"", ""buy_10th_pre_bid"": ""-78200"", ""buy_10th_pre_req"": ""250"", ""buy_10th_pre_req_pre"": ""0"", ""tot_sel_req_jub_pre"": ""+70"", ""tot_sel_req"": ""2304"", ""tot_buy_req"": ""6476"", ""tot_buy_req_jub_pre"": ""0"", ""ovt_sel_req_pre"": ""0"", ""ovt_sel_req"": ""0"", ""ovt_buy_req"": ""0"", ""ovt_buy_req_pre"": ""0"", ""return_code"": 0, ""return_msg"": ""정상적으로 처리되었습니다""}"
2026-06-10,watchlist,000810,,0,filtered_candidate_recheck,610000,,610000,608000,610000,613000,0.32786885245901637,0.32786885245901637,,,,,,"{""bid_req_base_tm"": ""093658"", ""sel_10th_pre_req_pre"": ""0"", ""sel_10th_pre_req"": ""7"", ""sel_10th_pre_bid"": ""-619000"", ""sel_9th_pre_req_pre"": ""0"", ""sel_9th_pre_req"": ""41"", ""sel_9th_pre_bid"": ""-618000"", ""sel_8th_pre_req_pre"": ""0"", ""sel_8th_pre_req"": ""9"", ""sel_8th_pre_bid"": ""-617000"", ""sel_7th_pre_req_pre"": ""0"", ""sel_7th_pre_req"": ""6"", ""sel_7th_pre_bid"": ""-616000"", ""sel_6th_pre_req_pre"": ""0"", ""sel_6th_pre_req"": ""23"", ""sel_6th_pre_bid"": ""-615000"", ""sel_5th_pre_req_pre"": ""0"", ""sel_5th_pre_req"": ""13"", ""sel_5th_pre_bid"": ""-614000"", ""sel_4th_pre_req_pre"": ""0"", ""sel_4th_pre_req"": ""11"", ""sel_4th_pre_bid"": ""-613000"", ""sel_3th_pre_req_pre"": ""0"", ""sel_3th_pre_req"": ""22"", ""sel_3th_pre_bid"": ""-612000"", ""sel_2th_pre_req_pre"": ""+2"", ""sel_2th_pre_req"": ""23"", ""sel_2th_pre_bid"": ""-611000"", ""sel_1th_pre_req_pre"": ""0"", ""sel_fpr_req"": ""79"", ""sel_fpr_bid"": ""-610000"", ""buy_fpr_bid"": ""-608000"", ""buy_fpr_req"": ""287"", ""buy_1th_pre_req_pre"": ""0"", ""buy_2th_pre_bid"": ""-607000"", ""buy_2th_pre_req"": ""53"", ""buy_2th_pre_req_pre"": ""0"", ""buy_3th_pre_bid"": ""-606000"", ""buy_3th_pre_req"": ""3"", ""buy_3th_pre_req_pre"": ""0"", ""buy_4th_pre_bid"": ""-605000"", ""buy_4th_pre_req"": ""9"", ""buy_4th_pre_req_pre"": ""0"", ""buy_5th_pre_bid"": ""-604000"", ""buy_5th_pre_req"": ""9"", ""buy_5th_pre_req_pre"": ""0"", ""buy_6th_pre_bid"": ""-603000"", ""buy_6th_pre_req"": ""9"", ""buy_6th_pre_req_pre"": ""0"", ""buy_7th_pre_bid"": ""-602000"", ""buy_7th_pre_req"": ""14"", ""buy_7th_pre_req_pre"": ""0"", ""buy_8th_pre_bid"": ""-601000"", ""buy_8th_pre_req"": ""56"", ""buy_8th_pre_req_pre"": ""0"", ""buy_9th_pre_bid"": ""-600000"", ""buy_9th_pre_req"": ""190"", ""buy_9th_pre_req_pre"": ""0"", ""buy_10th_pre_bid"": ""-599000"", ""buy_10th_pre_req"": ""13"", ""buy_10th_pre_req_pre"": ""0"", ""tot_sel_req_jub_pre"": ""+2"", ""tot_sel_req"": ""234"", ""tot_buy_req"": ""643"", ""tot_buy_req_jub_pre"": ""0"", ""ovt_sel_req_pre"": ""0"", ""ovt_sel_req"": ""0"", ""ovt_buy_req"": ""0"", ""ovt_buy_req_pre"": ""0"", ""return_code"": 0, ""return_msg"": ""정상적으로 처리되었습니다""}"
2026-06-10,watchlist,005930,,0,filtered_candidate_recheck,308500,,308500,308000,308500,310000,0.3241491085899514,0.1620745542949757,,,,,,"{""bid_req_base_tm"": ""093659"", ""sel_10th_pre_req_pre"": ""0"", ""sel_10th_pre_req"": ""15652"", ""sel_10th_pre_bid"": ""-313000"", ""sel_9th_pre_req_pre"": ""0"", ""sel_9th_pre_req"": ""14846"", ""sel_9th_pre_bid"": ""-312500"", ""sel_8th_pre_req_pre"": ""0"", ""sel_8th_pre_req"": ""16953"", ""sel_8th_pre_bid"": ""-312000"", ""sel_7th_pre_req_pre"": ""0"", ""sel_7th_pre_req"": ""11343"", ""sel_7th_pre_bid"": ""-311500"", ""sel_6th_pre_req_pre"": ""0"", ""sel_6th_pre_req"": ""9481"", ""sel_6th_pre_bid"": ""-311000"", ""sel_5th_pre_req_pre"": ""0"", ""sel_5th_pre_req"": ""10351"", ""sel_5th_pre_bid"": ""-310500"", ""sel_4th_pre_req_pre"": ""0"", ""sel_4th_pre_req"": ""25178"", ""sel_4th_pre_bid"": ""-310000"", ""sel_3th_pre_req_pre"": ""0"", ""sel_3th_pre_req"": ""10210"", ""sel_3th_pre_bid"": ""-309500"", ""sel_2th_pre_req_pre"": ""0"", ""sel_2th_pre_req"": ""20404"", ""sel_2th_pre_bid"": ""-309000"", ""sel_1th_pre_req_pre"": ""--3"", ""sel_fpr_req"": ""22708"", ""sel_fpr_bid"": ""-308500"", ""buy_fpr_bid"": ""-308000"", ""buy_fpr_req"": ""54208"", ""buy_1th_pre_req_pre"": ""0"", ""buy_2th_pre_bid"": ""-307500"", ""buy_2th_pre_req"": ""52443"", ""buy_2th_pre_req_pre"": ""0"", ""buy_3th_pre_bid"": ""-307000"", ""buy_3th_pre_req"": ""74769"", ""buy_3th_pre_req_pre"": ""--10"", ""buy_4th_pre_bid"": ""-306500"", ""buy_4th_pre_req"": ""40509"", ""buy_4th_pre_req_pre"": ""0"", ""buy_5th_pre_bid"": ""-306000"", ""buy_5th_pre_req"": ""71389"", ""buy_5th_pre_req_pre"": ""+9"", ""buy_6th_pre_bid"": ""-305500"", ""buy_6th_pre_req"": ""51793"", ""buy_6th_pre_req_pre"": ""0"", ""buy_7th_pre_bid"": ""-305000"", ""buy_7th_pre_req"": ""119360"", ""buy_7th_pre_req_pre"": ""+5"", ""buy_8th_pre_bid"": ""-304500"", ""buy_8th_pre_req"": ""13850"", ""buy_8th_pre_req_pre"": ""+1"", ""buy_9th_pre_bid"": ""-304000"", ""buy_9th_pre_req"": ""29979"", ""buy_9th_pre_req_pre"": ""+6"", ""buy_10th_pre_bid"": ""-303500"", ""buy_10th_pre_req"": ""47958"", ""buy_10th_pre_req_pre"": ""0"", ""tot_sel_req_jub_pre"": ""--3"", ""tot_sel_req"": ""157126"", ""tot_buy_req"": ""556258"", ""tot_buy_req_jub_pre"": ""+11"", ""ovt_sel_req_pre"": ""0"", ""ovt_sel_req"": ""0"", ""ovt_buy_req"": ""0"", ""ovt_buy_req_pre"": ""0"", ""return_code"": 0, ""return_msg"": ""정상적으로 처리되었습니다""}"
2026-06-10,watchlist,000370,,0,filtered_candidate_recheck,6400,,6400,6390,6400,6420,0.15625,0.15625,,,,,,"{""bid_req_base_tm"": ""093659"", ""sel_10th_pre_req_pre"": ""0"", ""sel_10th_pre_req"": ""531"", ""sel_10th_pre_bid"": ""+6510"", ""sel_9th_pre_req_pre"": ""0"", ""sel_9th_pre_req"": ""227"", ""sel_9th_pre_bid"": ""+6500"", ""sel_8th_pre_req_pre"": ""0"", ""sel_8th_pre_req"": ""127"", ""sel_8th_pre_bid"": ""+6490"", ""sel_7th_pre_req_pre"": ""0"", ""sel_7th_pre_req"": ""1503"", ""sel_7th_pre_bid"": ""+6480"", ""sel_6th_pre_req_pre"": ""0"", ""sel_6th_pre_req"": ""390"", ""sel_6th_pre_bid"": ""+6470"", ""sel_5th_pre_req_pre"": ""0"", ""sel_5th_pre_req"": ""153"", ""sel_5th_pre_bid"": ""-6440"", ""sel_4th_pre_req_pre"": ""0"", ""sel_4th_pre_req"": ""28"", ""sel_4th_pre_bid"": ""-6430"", ""sel_3th_pre_req_pre"": ""0"", ""sel_3th_pre_req"": ""102"", ""sel_3th_pre_bid"": ""-6420"", ""sel_2th_pre_req_pre"": ""0"", ""sel_2th_pre_req"": ""53"", ""sel_2th_pre_bid"": ""-6410"", ""sel_1th_pre_req_pre"": ""0"", ""sel_fpr_req"": ""12"", ""sel_fpr_bid"": ""-6400"", ""buy_fpr_bid"": ""-6390"", ""buy_fpr_req"": ""226"", ""buy_1th_pre_req_pre"": ""--3"", ""buy_2th_pre_bid"": ""-6380"", ""buy_2th_pre_req"": ""188"", ""buy_2th_pre_req_pre"": ""0"", ""buy_3th_pre_bid"": ""-6370"", ""buy_3th_pre_req"": ""53"", ""buy_3th_pre_req_pre"": ""0"", ""buy_4th_pre_bid"": ""-6360"", ""buy_4th_pre_req"": ""855"", ""buy_4th_pre_req_pre"": ""0"", ""buy_5th_pre_bid"": ""-6350"", ""buy_5th_pre_req"": ""1706"", ""buy_5th_pre_req_pre"": ""0"", ""buy_6th_pre_bid"": ""-6340"", ""buy_6th_pre_req"": ""82"", ""buy_6th_pre_req_pre"": ""0"", ""buy_7th_pre_bid"": ""-6330"", ""buy_7th_pre_req"": ""203"", ""buy_7th_pre_req_pre"": ""0"", ""buy_8th_pre_bid"": ""-6320"", ""buy_8th_pre_req"": ""161"", ""buy_8th_pre_req_pre"": ""0"", ""buy_9th_pre_bid"": ""-6310"", ""buy_9th_pre_req"": ""265"", ""buy_9th_pre_req_pre"": ""0"", ""buy_10th_pre_bid"": ""-6300"", ""buy_10th_pre_req"": ""4227"", ""buy_10th_pre_req_pre"": ""0"", ""tot_sel_req_jub_pre"": ""0"", ""tot_sel_req"": ""3126"", ""tot_buy_req"": ""7966"", ""tot_buy_req_jub_pre"": ""--3"", ""ovt_sel_req_pre"": ""0"", ""ovt_sel_req"": ""0"", ""ovt_buy_req"": ""0"", ""ovt_buy_req_pre"": ""0"", ""return_code"": 0, ""return_msg"": ""정상적으로 처리되었습니다""}"
2026-06-10,watchlist,064400,,0,filtered_candidate_recheck,97600,,97600,97400,97600,97800,0.10245901639344263,0.20491803278688525,,,,,,"{""bid_req_base_tm"": ""093659"", ""sel_10th_pre_req_pre"": ""0"", ""sel_10th_pre_req"": ""157"", ""sel_10th_pre_bid"": ""-98600"", ""sel_9th_pre_req_pre"": ""0"", ""sel_9th_pre_req"": ""86"", ""sel_9th_pre_bid"": ""-98500"", ""sel_8th_pre_req_pre"": ""0"", ""sel_8th_pre_req"": ""110"", ""sel_8th_pre_bid"": ""-98400"", ""sel_7th_pre_req_pre"": ""0"", ""sel_7th_pre_req"": ""57"", ""sel_7th_pre_bid"": ""-98300"", ""sel_6th_pre_req_pre"": ""0"", ""sel_6th_pre_req"": ""100"", ""sel_6th_pre_bid"": ""-98200"", ""sel_5th_pre_req_pre"": ""0"", ""sel_5th_pre_req"": ""661"", ""sel_5th_pre_bid"": ""-98000"", ""sel_4th_pre_req_pre"": ""0"", ""sel_4th_pre_req"": ""45"", ""sel_4th_pre_bid"": ""-97900"", ""sel_3th_pre_req_pre"": ""0"", ""sel_3th_pre_req"": ""503"", ""sel_3th_pre_bid"": ""-97800"", ""sel_2th_pre_req_pre"": ""0"", ""sel_2th_pre_req"": ""317"", ""sel_2th_pre_bid"": ""-97700"", ""sel_1th_pre_req_pre"": ""0"", ""sel_fpr_req"": ""471"", ""sel_fpr_bid"": ""-97600"", ""buy_fpr_bid"": ""-97400"", ""buy_fpr_req"": ""55"", ""buy_1th_pre_req_pre"": ""0"", ""buy_2th_pre_bid"": ""-97300"", ""buy_2th_pre_req"": ""246"", ""buy_2th_pre_req_pre"": ""+13"", ""buy_3th_pre_bid"": ""-97200"", ""buy_3th_pre_req"": ""437"", ""buy_3th_pre_req_pre"": ""0"", ""buy_4th_pre_bid"": ""-97100"", ""buy_4th_pre_req"": ""889"", ""buy_4th_pre_req_pre"": ""0"", ""buy_5th_pre_bid"": ""-97000"", ""buy_5th_pre_req"": ""8423"", ""buy_5th_pre_req_pre"": ""0"", ""buy_6th_pre_bid"": ""-96900"", ""buy_6th_pre_req"": ""359"", ""buy_6th_pre_req_pre"": ""0"", ""buy_7th_pre_bid"": ""-96800"", ""buy_7th_pre_req"": ""573"", ""buy_7th_pre_req_pre"": ""0"", ""buy_8th_pre_bid"": ""-96700"", ""buy_8th_pre_req"": ""676"", ""buy_8th_pre_req_pre"": ""0"", ""buy_9th_pre_bid"": ""-96600"", ""buy_9th_pre_req"": ""323"", ""buy_9th_pre_req_pre"": ""0"", ""buy_10th_pre_bid"": ""-96500"", ""buy_10th_pre_req"": ""482"", ""buy_10th_pre_req_pre"": ""0"", ""tot_sel_req_jub_pre"": ""0"", ""tot_sel_req"": ""2507"", ""tot_buy_req"": ""12463"", ""tot_buy_req_jub_pre"": ""+13"", ""ovt_sel_req_pre"": ""0"", ""ovt_sel_req"": ""0"", ""ovt_buy_req"": ""0"", ""ovt_buy_req_pre"": ""0"", ""return_code"": 0, ""return_msg"": ""정상적으로 처리되었습니다""}"
2026-06-10,scan_candidate,005930,,0,main_scan,308500,,308500,308000,308500,309500,0.1620745542949757,0.1620745542949757,,,,,,"{""bid_req_base_tm"": ""093828"", ""sel_10th_pre_req_pre"": ""0"", ""sel_10th_pre_req"": ""15517"", ""sel_10th_pre_bid"": ""-313000"", ""sel_9th_pre_req_pre"": ""0"", ""sel_9th_pre_req"": ""16997"", ""sel_9th_pre_bid"": ""-312500"", ""sel_8th_pre_req_pre"": ""0"", ""sel_8th_pre_req"": ""18186"", ""sel_8th_pre_bid"": ""-312000"", ""sel_7th_pre_req_pre"": ""0"", ""sel_7th_pre_req"": ""11486"", ""sel_7th_pre_bid"": ""-311500"", ""sel_6th_pre_req_pre"": ""0"", ""sel_6th_pre_req"": ""10940"", ""sel_6th_pre_bid"": ""-311000"", ""sel_5th_pre_req_pre"": ""0"", ""sel_5th_pre_req"": ""7852"", ""sel_5th_pre_bid"": ""-310500"", ""sel_4th_pre_req_pre"": ""0"", ""sel_4th_pre_req"": ""25085"", ""sel_4th_pre_bid"": ""-310000"", ""sel_3th_pre_req_pre"": ""0"", ""sel_3th_pre_req"": ""9607"", ""sel_3th_pre_bid"": ""-309500"", ""sel_2th_pre_req_pre"": ""0"", ""sel_2th_pre_req"": ""15609"", ""sel_2th_pre_bid"": ""-309000"", ""sel_1th_pre_req_pre"": ""0"", ""sel_fpr_req"": ""23695"", ""sel_fpr_bid"": ""-308500"", ""buy_fpr_bid"": ""-308000"", ""buy_fpr_req"": ""9093"", ""buy_1th_pre_req_pre"": ""+60"", ""buy_2th_pre_bid"": ""-307500"", ""buy_2th_pre_req"": ""17176"", ""buy_2th_pre_req_pre"": ""+7"", ""buy_3th_pre_bid"": ""-307000"", ""buy_3th_pre_req"": ""59449"", ""buy_3th_pre_req_pre"": ""+105"", ""buy_4th_pre_bid"": ""-306500"", ""buy_4th_pre_req"": ""51875"", ""buy_4th_pre_req_pre"": ""0"", ""buy_5th_pre_bid"": ""-306000"", ""buy_5th_pre_req"": ""75981"", ""buy_5th_pre_req_pre"": ""+11"", ""buy_6th_pre_bid"": ""-305500"", ""buy_6th_pre_req"": ""53220"", ""buy_6th_pre_req_pre"": ""0"", ""buy_7th_pre_bid"": ""-305000"", ""buy_7th_pre_req"": ""126715"", ""buy_7th_pre_req_pre"": ""+3"", ""buy_8th_pre_bid"": ""-304500"", ""buy_8th_pre_req"": ""16001"", ""buy_8th_pre_req_pre"": ""0"", ""buy_9th_pre_bid"": ""-304000"", ""buy_9th_pre_req"": ""31535"", ""buy_9th_pre_req_pre"": ""+7"", ""buy_10th_pre_bid"": ""-303500"", ""buy_10th_pre_req"": ""50290"", ""buy_10th_pre_req_pre"": ""0"", ""tot_sel_req_jub_pre"": ""0"", ""tot_sel_req"": ""154974"", ""tot_buy_req"": ""491335"", ""tot_buy_req_jub_pre"": ""+193"", ""ovt_sel_req_pre"": ""0"", ""ovt_sel_req"": ""0"", ""ovt_buy_req"": ""0"", ""ovt_buy_req_pre"": ""0"", ""return_code"": 0, ""return_msg"": ""정상적으로 처리되었습니다""}"
2026-06-10,scan_candidate,000660,,0,main_scan,2143000,,2143000,2141000,2143000,2145000,0.04666355576294914,0.09332711152589827,,,,,,"{""bid_req_base_tm"": ""093828"", ""sel_10th_pre_req_pre"": ""0"", ""sel_10th_pre_req"": ""56"", ""sel_10th_pre_bid"": ""-2152000"", ""sel_9th_pre_req_pre"": ""0"", ""sel_9th_pre_req"": ""43"", ""sel_9th_pre_bid"": ""-2151000"", ""sel_8th_pre_req_pre"": ""0"", ""sel_8th_pre_req"": ""1261"", ""sel_8th_pre_bid"": ""-2150000"", ""sel_7th_pre_req_pre"": ""0"", ""sel_7th_pre_req"": ""20"", ""sel_7th_pre_bid"": ""-2149000"", ""sel_6th_pre_req_pre"": ""0"", ""sel_6th_pre_req"": ""13"", ""sel_6th_pre_bid"": ""-2148000"", ""sel_5th_pre_req_pre"": ""0"", ""sel_5th_pre_req"": ""1"", ""sel_5th_pre_bid"": ""-2147000"", ""sel_4th_pre_req_pre"": ""0"", ""sel_4th_pre_req"": ""1"", ""sel_4th_pre_bid"": ""-2146000"", ""sel_3th_pre_req_pre"": ""0"", ""sel_3th_pre_req"": ""484"", ""sel_3th_pre_bid"": ""-2145000"", ""sel_2th_pre_req_pre"": ""0"", ""sel_2th_pre_req"": ""50"", ""sel_2th_pre_bid"": ""-2144000"", ""sel_1th_pre_req_pre"": ""0"", ""sel_fpr_req"": ""472"", ""sel_fpr_bid"": ""-2143000"", ""buy_fpr_bid"": ""-2141000"", ""buy_fpr_req"": ""338"", ""buy_1th_pre_req_pre"": ""+80"", ""buy_2th_pre_bid"": ""-2140000"", ""buy_2th_pre_req"": ""1716"", ""buy_2th_pre_req_pre"": ""0"", ""buy_3th_pre_bid"": ""-2139000"", ""buy_3th_pre_req"": ""179"", ""buy_3th_pre_req_pre"": ""0"", ""buy_4th_pre_bid"": ""-2138000"", ""buy_4th_pre_req"": ""171"", ""buy_4th_pre_req_pre"": ""--80"", ""buy_5th_pre_bid"": ""-2137000"", ""buy_5th_pre_req"": ""314"", ""buy_5th_pre_req_pre"": ""0"", ""buy_6th_pre_bid"": ""-2136000"", ""buy_6th_pre_req"": ""40"", ""buy_6th_pre_req_pre"": ""0"", ""buy_7th_pre_bid"": ""-2135000"", ""buy_7th_pre_req"": ""306"", ""buy_7th_pre_req_pre"": ""0"", ""buy_8th_pre_bid"": ""-2134000"", ""buy_8th_pre_req"": ""274"", ""buy_8th_pre_req_pre"": ""0"", ""buy_9th_pre_bid"": ""-2133000"", ""buy_9th_pre_req"": ""293"", ""buy_9th_pre_req_pre"": ""0"", ""buy_10th_pre_bid"": ""-2132000"", ""buy_10th_pre_req"": ""397"", ""buy_10th_pre_req_pre"": ""0"", ""tot_sel_req_jub_pre"": ""0"", ""tot_sel_req"": ""2401"", ""tot_buy_req"": ""4028"", ""tot_buy_req_jub_pre"": ""0"", ""ovt_sel_req_pre"": ""0"", ""ovt_sel_req"": ""0"", ""ovt_buy_req"": ""0"", ""ovt_buy_req_pre"": ""0"", ""return_code"": 0, ""return_msg"": ""정상적으로 처리되었습니다""}"
2026-06-10,scan_candidate,402340,,0,main_scan,1208000,,1208000,1206000,1208000,1211000,0.16556291390728478,0.16556291390728478,,,,,,"{""bid_req_base_tm"": ""093828"", ""sel_10th_pre_req_pre"": ""0"", ""sel_10th_pre_req"": ""20"", ""sel_10th_pre_bid"": ""-1217000"", ""sel_9th_pre_req_pre"": ""0"", ""sel_9th_pre_req"": ""1"", ""sel_9th_pre_bid"": ""-1216000"", ""sel_8th_pre_req_pre"": ""0"", ""sel_8th_pre_req"": ""2"", ""sel_8th_pre_bid"": ""-1215000"", ""sel_7th_pre_req_pre"": ""0"", ""sel_7th_pre_req"": ""1"", ""sel_7th_pre_bid"": ""-1214000"", ""sel_6th_pre_req_pre"": ""0"", ""sel_6th_pre_req"": ""2"", ""sel_6th_pre_bid"": ""-1213000"", ""sel_5th_pre_req_pre"": ""0"", ""sel_5th_pre_req"": ""11"", ""sel_5th_pre_bid"": ""-1212000"", ""sel_4th_pre_req_pre"": ""0"", ""sel_4th_pre_req"": ""1"", ""sel_4th_pre_bid"": ""-1211000"", ""sel_3th_pre_req_pre"": ""0"", ""sel_3th_pre_req"": ""16"", ""sel_3th_pre_bid"": ""-1210000"", ""sel_2th_pre_req_pre"": ""0"", ""sel_2th_pre_req"": ""36"", ""sel_2th_pre_bid"": ""-1209000"", ""sel_1th_pre_req_pre"": ""--30"", ""sel_fpr_req"": ""7"", ""sel_fpr_bid"": ""-1208000"", ""buy_fpr_bid"": ""-1206000"", ""buy_fpr_req"": ""41"", ""buy_1th_pre_req_pre"": ""+29"", ""buy_2th_pre_bid"": ""-1205000"", ""buy_2th_pre_req"": ""67"", ""buy_2th_pre_req_pre"": ""--4"", ""buy_3th_pre_bid"": ""-1204000"", ""buy_3th_pre_req"": ""271"", ""buy_3th_pre_req_pre"": ""+191"", ""buy_4th_pre_bid"": ""-1203000"", ""buy_4th_pre_req"": ""393"", ""buy_4th_pre_req_pre"": ""+159"", ""buy_5th_pre_bid"": ""-1202000"", ""buy_5th_pre_req"": ""84"", ""buy_5th_pre_req_pre"": ""--350"", ""buy_6th_pre_bid"": ""-1201000"", ""buy_6th_pre_req"": ""63"", ""buy_6th_pre_req_pre"": ""0"", ""buy_7th_pre_bid"": ""-1200000"", ""buy_7th_pre_req"": ""358"", ""buy_7th_pre_req_pre"": ""0"", ""buy_8th_pre_bid"": ""-1199000"", ""buy_8th_pre_req"": ""102"", ""buy_8th_pre_req_pre"": ""0"", ""buy_9th_pre_bid"": ""-1198000"", ""buy_9th_pre_req"": ""114"", ""buy_9th_pre_req_pre"": ""0"", ""buy_10th_pre_bid"": ""-1197000"", ""buy_10th_pre_req"": ""53"", ""buy_10th_pre_req_pre"": ""0"", ""tot_sel_req_jub_pre"": ""--30"", ""tot_sel_req"": ""97"", ""tot_buy_req"": ""1546"", ""tot_buy_req_jub_pre"": ""+25"", ""ovt_sel_req_pre"": ""0"", ""ovt_sel_req"": ""0"", ""ovt_buy_req"": ""0"", ""ovt_buy_req_pre"": ""0"", ""return_code"": 0, ""return_msg"": ""정상적으로 처리되었습니다""}"
2026-06-10,scan_candidate,005935,,0,main_scan,196200,,196200,196100,196200,196000,-0.3567787971457696,0.05096839959225281,,,,,,"{""bid_req_base_tm"": ""093828"", ""sel_10th_pre_req_pre"": ""0"", ""sel_10th_pre_req"": ""225"", ""sel_10th_pre_bid"": ""-197100"", ""sel_9th_pre_req_pre"": ""0"", ""sel_9th_pre_req"": ""59"", ""sel_9th_pre_bid"": ""-197000"", ""sel_8th_pre_req_pre"": ""0"", ""sel_8th_pre_req"": ""28"", ""sel_8th_pre_bid"": ""-196900"", ""sel_7th_pre_req_pre"": ""0"", ""sel_7th_pre_req"": ""25"", ""sel_7th_pre_bid"": ""-196800"", ""sel_6th_pre_req_pre"": ""0"", ""sel_6th_pre_req"": ""181"", ""sel_6th_pre_bid"": ""-196700"", ""sel_5th_pre_req_pre"": ""0"", ""sel_5th_pre_req"": ""46"", ""sel_5th_pre_bid"": ""-196600"", ""sel_4th_pre_req_pre"": ""0"", ""sel_4th_pre_req"": ""25"", ""sel_4th_pre_bid"": ""-196500"", ""sel_3th_pre_req_pre"": ""0"", ""sel_3th_pre_req"": ""251"", ""sel_3th_pre_bid"": ""-196400"", ""sel_2th_pre_req_pre"": ""0"", ""sel_2th_pre_req"": ""424"", ""sel_2th_pre_bid"": ""-196300"", ""sel_1th_pre_req_pre"": ""+4"", ""sel_fpr_req"": ""339"", ""sel_fpr_bid"": ""-196200"", ""buy_fpr_bid"": ""-196100"", ""buy_fpr_req"": ""859"", ""buy_1th_pre_req_pre"": ""0"", ""buy_2th_pre_bid"": ""-196000"", ""buy_2th_pre_req"": ""252"", ""buy_2th_pre_req_pre"": ""0"", ""buy_3th_pre_bid"": ""-195900"", ""buy_3th_pre_req"": ""13"", ""buy_3th_pre_req_pre"": ""0"", ""buy_4th_pre_bid"": ""-195800"", ""buy_4th_pre_req"": ""1334"", ""buy_4th_pre_req_pre"": ""0"", ""buy_5th_pre_bid"": ""-195700"", ""buy_5th_pre_req"": ""248"", ""buy_5th_pre_req_pre"": ""+1"", ""buy_6th_pre_bid"": ""-195600"", ""buy_6th_pre_req"": ""1303"", ""buy_6th_pre_req_pre"": ""0"", ""buy_7th_pre_bid"": ""-195500"", ""buy_7th_pre_req"": ""6082"", ""buy_7th_pre_req_pre"": ""0"", ""buy_8th_pre_bid"": ""-195400"", ""buy_8th_pre_req"": ""1278"", ""buy_8th_pre_req_pre"": ""0"", ""buy_9th_pre_bid"": ""-195300"", ""buy_9th_pre_req"": ""3362"", ""buy_9th_pre_req_pre"": ""0"", ""buy_10th_pre_bid"": ""-195200"", ""buy_10th_pre_req"": ""7242"", ""buy_10th_pre_req_pre"": ""0"", ""tot_sel_req_jub_pre"": ""+4"", ""tot_sel_req"": ""1603"", ""tot_buy_req"": ""21973"", ""tot_buy_req_jub_pre"": ""+1"", ""ovt_sel_req_pre"": ""0"", ""ovt_sel_req"": ""0"", ""ovt_buy_req"": ""0"", ""ovt_buy_req_pre"": ""0"", ""return_code"": 0, ""return_msg"": ""정상적으로 처리되었습니다""}"
2026-06-10,scan_candidate,009150,,0,main_scan,1898000,,1898000,1897000,1898000,1900000,0.052687038988408846,0.052687038988408846,,,,,,"{""bid_req_base_tm"": ""093828"", ""sel_10th_pre_req_pre"": ""0"", ""sel_10th_pre_req"": ""12"", ""sel_10th_pre_bid"": ""-1907000"", ""sel_9th_pre_req_pre"": ""0"", ""sel_9th_pre_req"": ""10"", ""sel_9th_pre_bid"": ""-1906000"", ""sel_8th_pre_req_pre"": ""0"", ""sel_8th_pre_req"": ""6"", ""sel_8th_pre_bid"": ""-1905000"", ""sel_7th_pre_req_pre"": ""0"", ""sel_7th_pre_req"": ""50"", ""sel_7th_pre_bid"": ""-1904000"", ""sel_6th_pre_req_pre"": ""0"", ""sel_6th_pre_req"": ""1"", ""sel_6th_pre_bid"": ""-1903000"", ""sel_5th_pre_req_pre"": ""0"", ""sel_5th_pre_req"": ""73"", ""sel_5th_pre_bid"": ""-1902000"", ""sel_4th_pre_req_pre"": ""0"", ""sel_4th_pre_req"": ""7"", ""sel_4th_pre_bid"": ""-1901000"", ""sel_3th_pre_req_pre"": ""0"", ""sel_3th_pre_req"": ""47"", ""sel_3th_pre_bid"": ""-1900000"", ""sel_2th_pre_req_pre"": ""0"", ""sel_2th_pre_req"": ""39"", ""sel_2th_pre_bid"": ""-1899000"", ""sel_1th_pre_req_pre"": ""0"", ""sel_fpr_req"": ""10"", ""sel_fpr_bid"": ""-1898000"", ""buy_fpr_bid"": ""-1897000"", ""buy_fpr_req"": ""16"", ""buy_1th_pre_req_pre"": ""0"", ""buy_2th_pre_bid"": ""-1896000"", ""buy_2th_pre_req"": ""6"", ""buy_2th_pre_req_pre"": ""+1"", ""buy_3th_pre_bid"": ""-1895000"", ""buy_3th_pre_req"": ""67"", ""buy_3th_pre_req_pre"": ""0"", ""buy_4th_pre_bid"": ""-1894000"", ""buy_4th_pre_req"": ""99"", ""buy_4th_pre_req_pre"": ""0"", ""buy_5th_pre_bid"": ""-1893000"", ""buy_5th_pre_req"": ""424"", ""buy_5th_pre_req_pre"": ""0"", ""buy_6th_pre_bid"": ""-1892000"", ""buy_6th_pre_req"": ""341"", ""buy_6th_pre_req_pre"": ""0"", ""buy_7th_pre_bid"": ""-1891000"", ""buy_7th_pre_req"": ""546"", ""buy_7th_pre_req_pre"": ""0"", ""buy_8th_pre_bid"": ""-1890000"", ""buy_8th_pre_req"": ""447"", ""buy_8th_pre_req_pre"": ""+1"", ""buy_9th_pre_bid"": ""-1889000"", ""buy_9th_pre_req"": ""72"", ""buy_9th_pre_req_pre"": ""0"", ""buy_10th_pre_bid"": ""-1888000"", ""buy_10th_pre_req"": ""315"", ""buy_10th_pre_req_pre"": ""0"", ""tot_sel_req_jub_pre"": ""0"", ""tot_sel_req"": ""255"", ""tot_buy_req"": ""2333"", ""tot_buy_req_jub_pre"": ""+2"", ""ovt_sel_req_pre"": ""0"", ""ovt_sel_req"": ""0"", ""ovt_buy_req"": ""0"", ""ovt_buy_req_pre"": ""0"", ""return_code"": 0, ""return_msg"": ""정상적으로 처리되었습니다""}"
2026-06-10,scan_candidate,032830,,0,main_scan,369000,,369000,368500,369000,370000,0.13550135501355012,0.13550135501355012,,,,,,"{""bid_req_base_tm"": ""093828"", ""sel_10th_pre_req_pre"": ""0"", ""sel_10th_pre_req"": ""302"", ""sel_10th_pre_bid"": ""-373500"", ""sel_9th_pre_req_pre"": ""0"", ""sel_9th_pre_req"": ""12"", ""sel_9th_pre_bid"": ""-373000"", ""sel_8th_pre_req_pre"": ""0"", ""sel_8th_pre_req"": ""17"", ""sel_8th_pre_bid"": ""-372500"", ""sel_7th_pre_req_pre"": ""0"", ""sel_7th_pre_req"": ""59"", ""sel_7th_pre_bid"": ""-372000"", ""sel_6th_pre_req_pre"": ""0"", ""sel_6th_pre_req"": ""5"", ""sel_6th_pre_bid"": ""-371500"", ""sel_5th_pre_req_pre"": ""0"", ""sel_5th_pre_req"": ""15"", ""sel_5th_pre_bid"": ""-371000"", ""sel_4th_pre_req_pre"": ""0"", ""sel_4th_pre_req"": ""19"", ""sel_4th_pre_bid"": ""-370500"", ""sel_3th_pre_req_pre"": ""0"", ""sel_3th_pre_req"": ""16"", ""sel_3th_pre_bid"": ""-370000"", ""sel_2th_pre_req_pre"": ""0"", ""sel_2th_pre_req"": ""41"", ""sel_2th_pre_bid"": ""-369500"", ""sel_1th_pre_req_pre"": ""+57"", ""sel_fpr_req"": ""272"", ""sel_fpr_bid"": ""-369000"", ""buy_fpr_bid"": ""-368500"", ""buy_fpr_req"": ""335"", ""buy_1th_pre_req_pre"": ""0"", ""buy_2th_pre_bid"": ""-368000"", ""buy_2th_pre_req"": ""242"", ""buy_2th_pre_req_pre"": ""0"", ""buy_3th_pre_bid"": ""-367500"", ""buy_3th_pre_req"": ""155"", ""buy_3th_pre_req_pre"": ""0"", ""buy_4th_pre_bid"": ""-367000"", ""buy_4th_pre_req"": ""255"", ""buy_4th_pre_req_pre"": ""0"", ""buy_5th_pre_bid"": ""-366500"", ""buy_5th_pre_req"": ""39"", ""buy_5th_pre_req_pre"": ""0"", ""buy_6th_pre_bid"": ""-366000"", ""buy_6th_pre_req"": ""370"", ""buy_6th_pre_req_pre"": ""+2"", ""buy_7th_pre_bid"": ""-365500"", ""buy_7th_pre_req"": ""147"", ""buy_7th_pre_req_pre"": ""0"", ""buy_8th_pre_bid"": ""-365000"", ""buy_8th_pre_req"": ""751"", ""buy_8th_pre_req_pre"": ""0"", ""buy_9th_pre_bid"": ""-364500"", ""buy_9th_pre_req"": ""34"", ""buy_9th_pre_req_pre"": ""0"", ""buy_10th_pre_bid"": ""-364000"", ""buy_10th_pre_req"": ""181"", ""buy_10th_pre_req_pre"": ""0"", ""tot_sel_req_jub_pre"": ""+57"", ""tot_sel_req"": ""758"", ""tot_buy_req"": ""2509"", ""tot_buy_req_jub_pre"": ""+2"", ""ovt_sel_req_pre"": ""0"", ""ovt_sel_req"": ""0"", ""ovt_buy_req"": ""0"", ""ovt_buy_req_pre"": ""0"", ""return_code"": 0, ""return_msg"": ""정상적으로 처리되었습니다""}"
2026-06-10,scan_candidate,012330,,0,main_scan,579000,,579000,578000,579000,582000,0.3454231433506045,0.17271157167530224,,,,,,"{""bid_req_base_tm"": ""093828"", ""sel_10th_pre_req_pre"": ""0"", ""sel_10th_pre_req"": ""91"", ""sel_10th_pre_bid"": ""-588000"", ""sel_9th_pre_req_pre"": ""0"", ""sel_9th_pre_req"": ""44"", ""sel_9th_pre_bid"": ""-587000"", ""sel_8th_pre_req_pre"": ""0"", ""sel_8th_pre_req"": ""60"", ""sel_8th_pre_bid"": ""-586000"", ""sel_7th_pre_req_pre"": ""0"", ""sel_7th_pre_req"": ""45"", ""sel_7th_pre_bid"": ""-585000"", ""sel_6th_pre_req_pre"": ""0"", ""sel_6th_pre_req"": ""31"", ""sel_6th_pre_bid"": ""-584000"", ""sel_5th_pre_req_pre"": ""0"", ""sel_5th_pre_req"": ""331"", ""sel_5th_pre_bid"": ""-583000"", ""sel_4th_pre_req_pre"": ""0"", ""sel_4th_pre_req"": ""105"", ""sel_4th_pre_bid"": ""-582000"", ""sel_3th_pre_req_pre"": ""0"", ""sel_3th_pre_req"": ""81"", ""sel_3th_pre_bid"": ""-581000"", ""sel_2th_pre_req_pre"": ""0"", ""sel_2th_pre_req"": ""112"", ""sel_2th_pre_bid"": ""-580000"", ""sel_1th_pre_req_pre"": ""0"", ""sel_fpr_req"": ""30"", ""sel_fpr_bid"": ""-579000"", ""buy_fpr_bid"": ""-578000"", ""buy_fpr_req"": ""558"", ""buy_1th_pre_req_pre"": ""0"", ""buy_2th_pre_bid"": ""-577000"", ""buy_2th_pre_req"": ""613"", ""buy_2th_pre_req_pre"": ""0"", ""buy_3th_pre_bid"": ""-576000"", ""buy_3th_pre_req"": ""714"", ""buy_3th_pre_req_pre"": ""0"", ""buy_4th_pre_bid"": ""-575000"", ""buy_4th_pre_req"": ""1530"", ""buy_4th_pre_req_pre"": ""0"", ""buy_5th_pre_bid"": ""-574000"", ""buy_5th_pre_req"": ""533"", ""buy_5th_pre_req_pre"": ""0"", ""buy_6th_pre_bid"": ""-573000"", ""buy_6th_pre_req"": ""557"", ""buy_6th_pre_req_pre"": ""0"", ""buy_7th_pre_bid"": ""-572000"", ""buy_7th_pre_req"": ""843"", ""buy_7th_pre_req_pre"": ""0"", ""buy_8th_pre_bid"": ""-571000"", ""buy_8th_pre_req"": ""1183"", ""buy_8th_pre_req_pre"": ""0"", ""buy_9th_pre_bid"": ""-570000"", ""buy_9th_pre_req"": ""1725"", ""buy_9th_pre_req_pre"": ""0"", ""buy_10th_pre_bid"": ""-569000"", ""buy_10th_pre_req"": ""1592"", ""buy_10th_pre_req_pre"": ""0"", ""tot_sel_req_jub_pre"": ""0"", ""tot_sel_req"": ""930"", ""tot_buy_req"": ""9848"", ""tot_buy_req_jub_pre"": ""0"", ""ovt_sel_req_pre"": ""0"", ""ovt_sel_req"": ""0"", ""ovt_buy_req"": ""0"", ""ovt_buy_req_pre"": ""0"", ""return_code"": 0, ""return_msg"": ""정상적으로 처리되었습니다""}"
2026-06-10,scan_candidate,055550,,0,main_scan,98400,,98400,98300,98400,98800,0.3048780487804878,0.10162601626016261,,,,,,"{""bid_req_base_tm"": ""093827"", ""sel_10th_pre_req_pre"": ""0"", ""sel_10th_pre_req"": ""64"", ""sel_10th_pre_bid"": ""-99600"", ""sel_9th_pre_req_pre"": ""0"", ""sel_9th_pre_req"": ""1528"", ""sel_9th_pre_bid"": ""-99500"", ""sel_8th_pre_req_pre"": ""0"", ""sel_8th_pre_req"": ""395"", ""sel_8th_pre_bid"": ""-99400"", ""sel_7th_pre_req_pre"": ""0"", ""sel_7th_pre_req"": ""25"", ""sel_7th_pre_bid"": ""-99100"", ""sel_6th_pre_req_pre"": ""0"", ""sel_6th_pre_req"": ""101"", ""sel_6th_pre_bid"": ""-98900"", ""sel_5th_pre_req_pre"": ""0"", ""sel_5th_pre_req"": ""807"", ""sel_5th_pre_bid"": ""-98800"", ""sel_4th_pre_req_pre"": ""0"", ""sel_4th_pre_req"": ""303"", ""sel_4th_pre_bid"": ""-98700"", ""sel_3th_pre_req_pre"": ""0"", ""sel_3th_pre_req"": ""633"", ""sel_3th_pre_bid"": ""-98600"", ""sel_2th_pre_req_pre"": ""0"", ""sel_2th_pre_req"": ""249"", ""sel_2th_pre_bid"": ""-98500"", ""sel_1th_pre_req_pre"": ""0"", ""sel_fpr_req"": ""957"", ""sel_fpr_bid"": ""-98400"", ""buy_fpr_bid"": ""-98300"", ""buy_fpr_req"": ""453"", ""buy_1th_pre_req_pre"": ""0"", ""buy_2th_pre_bid"": ""-98200"", ""buy_2th_pre_req"": ""2889"", ""buy_2th_pre_req_pre"": ""0"", ""buy_3th_pre_bid"": ""-98100"", ""buy_3th_pre_req"": ""509"", ""buy_3th_pre_req_pre"": ""0"", ""buy_4th_pre_bid"": ""-98000"", ""buy_4th_pre_req"": ""2647"", ""buy_4th_pre_req_pre"": ""0"", ""buy_5th_pre_bid"": ""-97900"", ""buy_5th_pre_req"": ""210"", ""buy_5th_pre_req_pre"": ""0"", ""buy_6th_pre_bid"": ""-97800"", ""buy_6th_pre_req"": ""367"", ""buy_6th_pre_req_pre"": ""0"", ""buy_7th_pre_bid"": ""-97700"", ""buy_7th_pre_req"": ""152"", ""buy_7th_pre_req_pre"": ""0"", ""buy_8th_pre_bid"": ""-97600"", ""buy_8th_pre_req"": ""121"", ""buy_8th_pre_req_pre"": ""+3"", ""buy_9th_pre_bid"": ""-97500"", ""buy_9th_pre_req"": ""823"", ""buy_9th_pre_req_pre"": ""0"", ""buy_10th_pre_bid"": ""-97400"", ""buy_10th_pre_req"": ""178"", ""buy_10th_pre_req_pre"": ""0"", ""tot_sel_req_jub_pre"": ""0"", ""tot_sel_req"": ""5062"", ""tot_buy_req"": ""8349"", ""tot_buy_req_jub_pre"": ""+3"", ""ovt_sel_req_pre"": ""0"", ""ovt_sel_req"": ""0"", ""ovt_buy_req"": ""0"", ""ovt_buy_req_pre"": ""0"", ""return_code"": 0, ""return_msg"": ""정상적으로 처리되었습니다""}"
2026-06-10,scan_candidate,034730,,0,main_scan,591000,,591000,589000,591000,590000,-0.338409475465313,0.338409475465313,,,,,,"{""bid_req_base_tm"": ""093826"", ""sel_10th_pre_req_pre"": ""0"", ""sel_10th_pre_req"": ""538"", ""sel_10th_pre_bid"": ""+600000"", ""sel_9th_pre_req_pre"": ""0"", ""sel_9th_pre_req"": ""52"", ""sel_9th_pre_bid"": ""+599000"", ""sel_8th_pre_req_pre"": ""0"", ""sel_8th_pre_req"": ""217"", ""sel_8th_pre_bid"": ""+598000"", ""sel_7th_pre_req_pre"": ""0"", ""sel_7th_pre_req"": ""48"", ""sel_7th_pre_bid"": ""+597000"", ""sel_6th_pre_req_pre"": ""0"", ""sel_6th_pre_req"": ""15"", ""sel_6th_pre_bid"": ""+596000"", ""sel_5th_pre_req_pre"": ""0"", ""sel_5th_pre_req"": ""80"", ""sel_5th_pre_bid"": ""+595000"", ""sel_4th_pre_req_pre"": ""0"", ""sel_4th_pre_req"": ""230"", ""sel_4th_pre_bid"": ""594000"", ""sel_3th_pre_req_pre"": ""0"", ""sel_3th_pre_req"": ""115"", ""sel_3th_pre_bid"": ""-593000"", ""sel_2th_pre_req_pre"": ""0"", ""sel_2th_pre_req"": ""31"", ""sel_2th_pre_bid"": ""-592000"", ""sel_1th_pre_req_pre"": ""+4"", ""sel_fpr_req"": ""224"", ""sel_fpr_bid"": ""-591000"", ""buy_fpr_bid"": ""-589000"", ""buy_fpr_req"": ""262"", ""buy_1th_pre_req_pre"": ""0"", ""buy_2th_pre_bid"": ""-588000"", ""buy_2th_pre_req"": ""6"", ""buy_2th_pre_req_pre"": ""0"", ""buy_3th_pre_bid"": ""-587000"", ""buy_3th_pre_req"": ""217"", ""buy_3th_pre_req_pre"": ""0"", ""buy_4th_pre_bid"": ""-586000"", ""buy_4th_pre_req"": ""406"", ""buy_4th_pre_req_pre"": ""0"", ""buy_5th_pre_bid"": ""-585000"", ""buy_5th_pre_req"": ""237"", ""buy_5th_pre_req_pre"": ""0"", ""buy_6th_pre_bid"": ""-584000"", ""buy_6th_pre_req"": ""35"", ""buy_6th_pre_req_pre"": ""0"", ""buy_7th_pre_bid"": ""-583000"", ""buy_7th_pre_req"": ""17"", ""buy_7th_pre_req_pre"": ""0"", ""buy_8th_pre_bid"": ""-582000"", ""buy_8th_pre_req"": ""7"", ""buy_8th_pre_req_pre"": ""0"", ""buy_9th_pre_bid"": ""-581000"", ""buy_9th_pre_req"": ""8"", ""buy_9th_pre_req_pre"": ""0"", ""buy_10th_pre_bid"": ""-580000"", ""buy_10th_pre_req"": ""46"", ""buy_10th_pre_req_pre"": ""0"", ""tot_sel_req_jub_pre"": ""+4"", ""tot_sel_req"": ""1550"", ""tot_buy_req"": ""1241"", ""tot_buy_req_jub_pre"": ""0"", ""ovt_sel_req_pre"": ""0"", ""ovt_sel_req"": ""0"", ""ovt_buy_req"": ""0"", ""ovt_buy_req_pre"": ""0"", ""return_code"": 0, ""return_msg"": ""정상적으로 처리되었습니다""}"
2026-06-10,scan_candidate,066570,,0,main_scan,234000,,234000,233500,234000,235000,0.2136752136752137,0.2136752136752137,,,,,,"{""bid_req_base_tm"": ""093829"", ""sel_10th_pre_req_pre"": ""0"", ""sel_10th_pre_req"": ""1399"", ""sel_10th_pre_bid"": ""-238500"", ""sel_9th_pre_req_pre"": ""0"", ""sel_9th_pre_req"": ""1125"", ""sel_9th_pre_bid"": ""-238000"", ""sel_8th_pre_req_pre"": ""0"", ""sel_8th_pre_req"": ""1352"", ""sel_8th_pre_bid"": ""-237500"", ""sel_7th_pre_req_pre"": ""0"", ""sel_7th_pre_req"": ""1200"", ""sel_7th_pre_bid"": ""-237000"", ""sel_6th_pre_req_pre"": ""0"", ""sel_6th_pre_req"": ""553"", ""sel_6th_pre_bid"": ""-236500"", ""sel_5th_pre_req_pre"": ""0"", ""sel_5th_pre_req"": ""2419"", ""sel_5th_pre_bid"": ""-236000"", ""sel_4th_pre_req_pre"": ""0"", ""sel_4th_pre_req"": ""289"", ""sel_4th_pre_bid"": ""-235500"", ""sel_3th_pre_req_pre"": ""0"", ""sel_3th_pre_req"": ""1772"", ""sel_3th_pre_bid"": ""-235000"", ""sel_2th_pre_req_pre"": ""0"", ""sel_2th_pre_req"": ""1012"", ""sel_2th_pre_bid"": ""-234500"", ""sel_1th_pre_req_pre"": ""0"", ""sel_fpr_req"": ""951"", ""sel_fpr_bid"": ""-234000"", ""buy_fpr_bid"": ""-233500"", ""buy_fpr_req"": ""653"", ""buy_1th_pre_req_pre"": ""+5"", ""buy_2th_pre_bid"": ""-233000"", ""buy_2th_pre_req"": ""5105"", ""buy_2th_pre_req_pre"": ""0"", ""buy_3th_pre_bid"": ""-232500"", ""buy_3th_pre_req"": ""4438"", ""buy_3th_pre_req_pre"": ""+10"", ""buy_4th_pre_bid"": ""-232000"", ""buy_4th_pre_req"": ""9557"", ""buy_4th_pre_req_pre"": ""+20"", ""buy_5th_pre_bid"": ""-231500"", ""buy_5th_pre_req"": ""7085"", ""buy_5th_pre_req_pre"": ""--40"", ""buy_6th_pre_bid"": ""-231000"", ""buy_6th_pre_req"": ""10671"", ""buy_6th_pre_req_pre"": ""0"", ""buy_7th_pre_bid"": ""-230500"", ""buy_7th_pre_req"": ""10636"", ""buy_7th_pre_req_pre"": ""0"", ""buy_8th_pre_bid"": ""-230000"", ""buy_8th_pre_req"": ""30073"", ""buy_8th_pre_req_pre"": ""0"", ""buy_9th_pre_bid"": ""-229500"", ""buy_9th_pre_req"": ""2894"", ""buy_9th_pre_req_pre"": ""0"", ""buy_10th_pre_bid"": ""-229000"", ""buy_10th_pre_req"": ""3842"", ""buy_10th_pre_req_pre"": ""0"", ""tot_sel_req_jub_pre"": ""0"", ""tot_sel_req"": ""12072"", ""tot_buy_req"": ""84954"", ""tot_buy_req_jub_pre"": ""--5"", ""ovt_sel_req_pre"": ""0"", ""ovt_sel_req"": ""0"", ""ovt_buy_req"": ""0"", ""ovt_buy_req_pre"": ""0"", ""return_code"": 0, ""return_msg"": ""정상적으로 처리되었습니다""}"
2026-06-10,scan_candidate,035420,,0,main_scan,237500,,237500,237000,237500,239000,0.42105263157894735,0.21052631578947367,,,,,,"{""bid_req_base_tm"": ""093829"", ""sel_10th_pre_req_pre"": ""0"", ""sel_10th_pre_req"": ""2256"", ""sel_10th_pre_bid"": ""-242000"", ""sel_9th_pre_req_pre"": ""0"", ""sel_9th_pre_req"": ""760"", ""sel_9th_pre_bid"": ""-241500"", ""sel_8th_pre_req_pre"": ""0"", ""sel_8th_pre_req"": ""3470"", ""sel_8th_pre_bid"": ""-241000"", ""sel_7th_pre_req_pre"": ""0"", ""sel_7th_pre_req"": ""2909"", ""sel_7th_pre_bid"": ""-240500"", ""sel_6th_pre_req_pre"": ""0"", ""sel_6th_pre_req"": ""1076"", ""sel_6th_pre_bid"": ""-240000"", ""sel_5th_pre_req_pre"": ""0"", ""sel_5th_pre_req"": ""821"", ""sel_5th_pre_bid"": ""-239500"", ""sel_4th_pre_req_pre"": ""0"", ""sel_4th_pre_req"": ""1659"", ""sel_4th_pre_bid"": ""-239000"", ""sel_3th_pre_req_pre"": ""--11"", ""sel_3th_pre_req"": ""1599"", ""sel_3th_pre_bid"": ""-238500"", ""sel_2th_pre_req_pre"": ""0"", ""sel_2th_pre_req"": ""3507"", ""sel_2th_pre_bid"": ""-238000"", ""sel_1th_pre_req_pre"": ""+6"", ""sel_fpr_req"": ""2935"", ""sel_fpr_bid"": ""-237500"", ""buy_fpr_bid"": ""-237000"", ""buy_fpr_req"": ""8924"", ""buy_1th_pre_req_pre"": ""0"", ""buy_2th_pre_bid"": ""-236500"", ""buy_2th_pre_req"": ""7664"", ""buy_2th_pre_req_pre"": ""0"", ""buy_3th_pre_bid"": ""-236000"", ""buy_3th_pre_req"": ""9845"", ""buy_3th_pre_req_pre"": ""0"", ""buy_4th_pre_bid"": ""-235500"", ""buy_4th_pre_req"": ""11047"", ""buy_4th_pre_req_pre"": ""0"", ""buy_5th_pre_bid"": ""-235000"", ""buy_5th_pre_req"": ""21134"", ""buy_5th_pre_req_pre"": ""0"", ""buy_6th_pre_bid"": ""-234500"", ""buy_6th_pre_req"": ""53795"", ""buy_6th_pre_req_pre"": ""0"", ""buy_7th_pre_bid"": ""-234000"", ""buy_7th_pre_req"": ""6438"", ""buy_7th_pre_req_pre"": ""--1"", ""buy_8th_pre_bid"": ""-233500"", ""buy_8th_pre_req"": ""2151"", ""buy_8th_pre_req_pre"": ""0"", ""buy_9th_pre_bid"": ""-233000"", ""buy_9th_pre_req"": ""6761"", ""buy_9th_pre_req_pre"": ""0"", ""buy_10th_pre_bid"": ""-232500"", ""buy_10th_pre_req"": ""1356"", ""buy_10th_pre_req_pre"": ""0"", ""tot_sel_req_jub_pre"": ""--5"", ""tot_sel_req"": ""20992"", ""tot_buy_req"": ""129115"", ""tot_buy_req_jub_pre"": ""--1"", ""ovt_sel_req_pre"": ""0"", ""ovt_sel_req"": ""0"", ""ovt_buy_req"": ""0"", ""ovt_buy_req_pre"": ""0"", ""return_code"": 0, ""return_msg"": ""정상적으로 처리되었습니다""}"
2026-06-10,scan_candidate,086790,,0,main_scan,117800,,117800,117700,117800,118000,-0.2546689303904924,0.08488964346349745,,,,,,"{""bid_req_base_tm"": ""093827"", ""sel_10th_pre_req_pre"": ""0"", ""sel_10th_pre_req"": ""76"", ""sel_10th_pre_bid"": ""-118800"", ""sel_9th_pre_req_pre"": ""0"", ""sel_9th_pre_req"": ""55"", ""sel_9th_pre_bid"": ""-118700"", ""sel_8th_pre_req_pre"": ""0"", ""sel_8th_pre_req"": ""179"", ""sel_8th_pre_bid"": ""-118600"", ""sel_7th_pre_req_pre"": ""0"", ""sel_7th_pre_req"": ""61"", ""sel_7th_pre_bid"": ""-118500"", ""sel_6th_pre_req_pre"": ""0"", ""sel_6th_pre_req"": ""107"", ""sel_6th_pre_bid"": ""-118400"", ""sel_5th_pre_req_pre"": ""0"", ""sel_5th_pre_req"": ""2"", ""sel_5th_pre_bid"": ""-118300"", ""sel_4th_pre_req_pre"": ""0"", ""sel_4th_pre_req"": ""7"", ""sel_4th_pre_bid"": ""-118200"", ""sel_3th_pre_req_pre"": ""0"", ""sel_3th_pre_req"": ""77"", ""sel_3th_pre_bid"": ""-118000"", ""sel_2th_pre_req_pre"": ""0"", ""sel_2th_pre_req"": ""152"", ""sel_2th_pre_bid"": ""-117900"", ""sel_1th_pre_req_pre"": ""--18"", ""sel_fpr_req"": ""365"", ""sel_fpr_bid"": ""-117800"", ""buy_fpr_bid"": ""-117700"", ""buy_fpr_req"": ""430"", ""buy_1th_pre_req_pre"": ""0"", ""buy_2th_pre_bid"": ""-117500"", ""buy_2th_pre_req"": ""1009"", ""buy_2th_pre_req_pre"": ""0"", ""buy_3th_pre_bid"": ""-117400"", ""buy_3th_pre_req"": ""413"", ""buy_3th_pre_req_pre"": ""0"", ""buy_4th_pre_bid"": ""-117300"", ""buy_4th_pre_req"": ""168"", ""buy_4th_pre_req_pre"": ""0"", ""buy_5th_pre_bid"": ""-117200"", ""buy_5th_pre_req"": ""142"", ""buy_5th_pre_req_pre"": ""0"", ""buy_6th_pre_bid"": ""-117100"", ""buy_6th_pre_req"": ""129"", ""buy_6th_pre_req_pre"": ""0"", ""buy_7th_pre_bid"": ""-117000"", ""buy_7th_pre_req"": ""287"", ""buy_7th_pre_req_pre"": ""0"", ""buy_8th_pre_bid"": ""-116900"", ""buy_8th_pre_req"": ""132"", ""buy_8th_pre_req_pre"": ""0"", ""buy_9th_pre_bid"": ""-116800"", ""buy_9th_pre_req"": ""103"", ""buy_9th_pre_req_pre"": ""0"", ""buy_10th_pre_bid"": ""-116700"", ""buy_10th_pre_req"": ""13"", ""buy_10th_pre_req_pre"": ""0"", ""tot_sel_req_jub_pre"": ""--18"", ""tot_sel_req"": ""1081"", ""tot_buy_req"": ""2826"", ""tot_buy_req_jub_pre"": ""0"", ""ovt_sel_req_pre"": ""0"", ""ovt_sel_req"": ""0"", ""ovt_buy_req"": ""0"", ""ovt_buy_req_pre"": ""0"", ""return_code"": 0, ""return_msg"": ""정상적으로 처리되었습니다""}"
2026-06-10,scan_candidate,000810,,0,main_scan,608000,,608000,606000,608000,611000,0.3289473684210526,0.3289473684210526,,,,,,"{""bid_req_base_tm"": ""093829"", ""sel_10th_pre_req_pre"": ""0"", ""sel_10th_pre_req"": ""9"", ""sel_10th_pre_bid"": ""-617000"", ""sel_9th_pre_req_pre"": ""0"", ""sel_9th_pre_req"": ""6"", ""sel_9th_pre_bid"": ""-616000"", ""sel_8th_pre_req_pre"": ""0"", ""sel_8th_pre_req"": ""23"", ""sel_8th_pre_bid"": ""-615000"", ""sel_7th_pre_req_pre"": ""0"", ""sel_7th_pre_req"": ""12"", ""sel_7th_pre_bid"": ""-614000"", ""sel_6th_pre_req_pre"": ""0"", ""sel_6th_pre_req"": ""15"", ""sel_6th_pre_bid"": ""-613000"", ""sel_5th_pre_req_pre"": ""0"", ""sel_5th_pre_req"": ""22"", ""sel_5th_pre_bid"": ""-612000"", ""sel_4th_pre_req_pre"": ""0"", ""sel_4th_pre_req"": ""13"", ""sel_4th_pre_bid"": ""-611000"", ""sel_3th_pre_req_pre"": ""0"", ""sel_3th_pre_req"": ""16"", ""sel_3th_pre_bid"": ""-610000"", ""sel_2th_pre_req_pre"": ""0"", ""sel_2th_pre_req"": ""11"", ""sel_2th_pre_bid"": ""-609000"", ""sel_1th_pre_req_pre"": ""+2"", ""sel_fpr_req"": ""77"", ""sel_fpr_bid"": ""-608000"", ""buy_fpr_bid"": ""-606000"", ""buy_fpr_req"": ""142"", ""buy_1th_pre_req_pre"": ""0"", ""buy_2th_pre_bid"": ""-605000"", ""buy_2th_pre_req"": ""189"", ""buy_2th_pre_req_pre"": ""0"", ""buy_3th_pre_bid"": ""-604000"", ""buy_3th_pre_req"": ""5"", ""buy_3th_pre_req_pre"": ""0"", ""buy_4th_pre_bid"": ""-603000"", ""buy_4th_pre_req"": ""9"", ""buy_4th_pre_req_pre"": ""0"", ""buy_5th_pre_bid"": ""-602000"", ""buy_5th_pre_req"": ""14"", ""buy_5th_pre_req_pre"": ""0"", ""buy_6th_pre_bid"": ""-601000"", ""buy_6th_pre_req"": ""57"", ""buy_6th_pre_req_pre"": ""0"", ""buy_7th_pre_bid"": ""-600000"", ""buy_7th_pre_req"": ""191"", ""buy_7th_pre_req_pre"": ""0"", ""buy_8th_pre_bid"": ""-599000"", ""buy_8th_pre_req"": ""14"", ""buy_8th_pre_req_pre"": ""0"", ""buy_9th_pre_bid"": ""-598000"", ""buy_9th_pre_req"": ""60"", ""buy_9th_pre_req_pre"": ""0"", ""buy_10th_pre_bid"": ""-597000"", ""buy_10th_pre_req"": ""22"", ""buy_10th_pre_req_pre"": ""0"", ""tot_sel_req_jub_pre"": ""+2"", ""tot_sel_req"": ""204"", ""tot_buy_req"": ""703"", ""tot_buy_req_jub_pre"": ""0"", ""ovt_sel_req_pre"": ""0"", ""ovt_sel_req"": ""0"", ""ovt_buy_req"": ""0"", ""ovt_buy_req_pre"": ""0"", ""return_code"": 0, ""return_msg"": ""정상적으로 처리되었습니다""}"
2026-06-10,scan_candidate,011070,,0,main_scan,1090000,,1090000,1088000,1090000,1093000,0.1834862385321101,0.1834862385321101,,,,,,"{""bid_req_base_tm"": ""093829"", ""sel_10th_pre_req_pre"": ""0"", ""sel_10th_pre_req"": ""9"", ""sel_10th_pre_bid"": ""-1102000"", ""sel_9th_pre_req_pre"": ""0"", ""sel_9th_pre_req"": ""2"", ""sel_9th_pre_bid"": ""-1101000"", ""sel_8th_pre_req_pre"": ""0"", ""sel_8th_pre_req"": ""86"", ""sel_8th_pre_bid"": ""-1100000"", ""sel_7th_pre_req_pre"": ""0"", ""sel_7th_pre_req"": ""5"", ""sel_7th_pre_bid"": ""-1099000"", ""sel_6th_pre_req_pre"": ""0"", ""sel_6th_pre_req"": ""5"", ""sel_6th_pre_bid"": ""-1097000"", ""sel_5th_pre_req_pre"": ""0"", ""sel_5th_pre_req"": ""42"", ""sel_5th_pre_bid"": ""-1096000"", ""sel_4th_pre_req_pre"": ""0"", ""sel_4th_pre_req"": ""12"", ""sel_4th_pre_bid"": ""-1095000"", ""sel_3th_pre_req_pre"": ""0"", ""sel_3th_pre_req"": ""1"", ""sel_3th_pre_bid"": ""-1093000"", ""sel_2th_pre_req_pre"": ""0"", ""sel_2th_pre_req"": ""90"", ""sel_2th_pre_bid"": ""-1091000"", ""sel_1th_pre_req_pre"": ""0"", ""sel_fpr_req"": ""22"", ""sel_fpr_bid"": ""-1090000"", ""buy_fpr_bid"": ""-1088000"", ""buy_fpr_req"": ""1"", ""buy_1th_pre_req_pre"": ""0"", ""buy_2th_pre_bid"": ""-1087000"", ""buy_2th_pre_req"": ""31"", ""buy_2th_pre_req_pre"": ""0"", ""buy_3th_pre_bid"": ""-1086000"", ""buy_3th_pre_req"": ""132"", ""buy_3th_pre_req_pre"": ""0"", ""buy_4th_pre_bid"": ""-1085000"", ""buy_4th_pre_req"": ""202"", ""buy_4th_pre_req_pre"": ""0"", ""buy_5th_pre_bid"": ""-1084000"", ""buy_5th_pre_req"": ""82"", ""buy_5th_pre_req_pre"": ""0"", ""buy_6th_pre_bid"": ""-1083000"", ""buy_6th_pre_req"": ""55"", ""buy_6th_pre_req_pre"": ""0"", ""buy_7th_pre_bid"": ""-1082000"", ""buy_7th_pre_req"": ""42"", ""buy_7th_pre_req_pre"": ""+2"", ""buy_8th_pre_bid"": ""-1081000"", ""buy_8th_pre_req"": ""53"", ""buy_8th_pre_req_pre"": ""0"", ""buy_9th_pre_bid"": ""-1080000"", ""buy_9th_pre_req"": ""338"", ""buy_9th_pre_req_pre"": ""0"", ""buy_10th_pre_bid"": ""-1079000"", ""buy_10th_pre_req"": ""182"", ""buy_10th_pre_req_pre"": ""0"", ""tot_sel_req_jub_pre"": ""0"", ""tot_sel_req"": ""274"", ""tot_buy_req"": ""1118"", ""tot_buy_req_jub_pre"": ""--141"", ""ovt_sel_req_pre"": ""0"", ""ovt_sel_req"": ""0"", ""ovt_buy_req"": ""0"", ""ovt_buy_req_pre"": ""0"", ""return_code"": 0, ""return_msg"": ""정상적으로 처리되었습니다""}"
2026-06-10,scan_candidate,042700,,0,main_scan,296500,,296500,296000,296500,294500,-0.8431703204047217,0.16863406408094433,,,,,,"{""bid_req_base_tm"": ""093830"", ""sel_10th_pre_req_pre"": ""0"", ""sel_10th_pre_req"": ""444"", ""sel_10th_pre_bid"": ""+301000"", ""sel_9th_pre_req_pre"": ""0"", ""sel_9th_pre_req"": ""536"", ""sel_9th_pre_bid"": ""+300500"", ""sel_8th_pre_req_pre"": ""0"", ""sel_8th_pre_req"": ""3385"", ""sel_8th_pre_bid"": ""+300000"", ""sel_7th_pre_req_pre"": ""0"", ""sel_7th_pre_req"": ""1348"", ""sel_7th_pre_bid"": ""+299500"", ""sel_6th_pre_req_pre"": ""0"", ""sel_6th_pre_req"": ""411"", ""sel_6th_pre_bid"": ""+299000"", ""sel_5th_pre_req_pre"": ""0"", ""sel_5th_pre_req"": ""304"", ""sel_5th_pre_bid"": ""+298500"", ""sel_4th_pre_req_pre"": ""0"", ""sel_4th_pre_req"": ""938"", ""sel_4th_pre_bid"": ""+298000"", ""sel_3th_pre_req_pre"": ""+3"", ""sel_3th_pre_req"": ""175"", ""sel_3th_pre_bid"": ""+297500"", ""sel_2th_pre_req_pre"": ""0"", ""sel_2th_pre_req"": ""737"", ""sel_2th_pre_bid"": ""+297000"", ""sel_1th_pre_req_pre"": ""--1"", ""sel_fpr_req"": ""8"", ""sel_fpr_bid"": ""+296500"", ""buy_fpr_bid"": ""+296000"", ""buy_fpr_req"": ""38"", ""buy_1th_pre_req_pre"": ""+2"", ""buy_2th_pre_bid"": ""+295500"", ""buy_2th_pre_req"": ""21"", ""buy_2th_pre_req_pre"": ""0"", ""buy_3th_pre_bid"": ""+295000"", ""buy_3th_pre_req"": ""279"", ""buy_3th_pre_req_pre"": ""0"", ""buy_4th_pre_bid"": ""+294500"", ""buy_4th_pre_req"": ""219"", ""buy_4th_pre_req_pre"": ""0"", ""buy_5th_pre_bid"": ""+294000"", ""buy_5th_pre_req"": ""61"", ""buy_5th_pre_req_pre"": ""0"", ""buy_6th_pre_bid"": ""+293500"", ""buy_6th_pre_req"": ""41"", ""buy_6th_pre_req_pre"": ""0"", ""buy_7th_pre_bid"": ""+293000"", ""buy_7th_pre_req"": ""255"", ""buy_7th_pre_req_pre"": ""0"", ""buy_8th_pre_bid"": ""+292500"", ""buy_8th_pre_req"": ""148"", ""buy_8th_pre_req_pre"": ""0"", ""buy_9th_pre_bid"": ""+292000"", ""buy_9th_pre_req"": ""84"", ""buy_9th_pre_req_pre"": ""0"", ""buy_10th_pre_bid"": ""+291500"", ""buy_10th_pre_req"": ""33"", ""buy_10th_pre_req_pre"": ""0"", ""tot_sel_req_jub_pre"": ""+2"", ""tot_sel_req"": ""8286"", ""tot_buy_req"": ""1179"", ""tot_buy_req_jub_pre"": ""+2"", ""ovt_sel_req_pre"": ""0"", ""ovt_sel_req"": ""0"", ""ovt_buy_req"": ""0"", ""ovt_buy_req_pre"": ""0"", ""return_code"": 0, ""return_msg"": ""정상적으로 처리되었습니다""}"
2026-06-10,scan_candidate,017670,,0,main_scan,107600,,107600,107500,107600,107500,-0.5576208178438662,0.09293680297397769,,,,,,"{""bid_req_base_tm"": ""093830"", ""sel_10th_pre_req_pre"": ""0"", ""sel_10th_pre_req"": ""6229"", ""sel_10th_pre_bid"": ""+108500"", ""sel_9th_pre_req_pre"": ""0"", ""sel_9th_pre_req"": ""471"", ""sel_9th_pre_bid"": ""+108400"", ""sel_8th_pre_req_pre"": ""0"", ""sel_8th_pre_req"": ""89"", ""sel_8th_pre_bid"": ""+108300"", ""sel_7th_pre_req_pre"": ""0"", ""sel_7th_pre_req"": ""95"", ""sel_7th_pre_bid"": ""+108200"", ""sel_6th_pre_req_pre"": ""0"", ""sel_6th_pre_req"": ""816"", ""sel_6th_pre_bid"": ""108100"", ""sel_5th_pre_req_pre"": ""0"", ""sel_5th_pre_req"": ""560"", ""sel_5th_pre_bid"": ""-108000"", ""sel_4th_pre_req_pre"": ""0"", ""sel_4th_pre_req"": ""118"", ""sel_4th_pre_bid"": ""-107900"", ""sel_3th_pre_req_pre"": ""0"", ""sel_3th_pre_req"": ""26"", ""sel_3th_pre_bid"": ""-107800"", ""sel_2th_pre_req_pre"": ""0"", ""sel_2th_pre_req"": ""249"", ""sel_2th_pre_bid"": ""-107700"", ""sel_1th_pre_req_pre"": ""+75"", ""sel_fpr_req"": ""197"", ""sel_fpr_bid"": ""-107600"", ""buy_fpr_bid"": ""-107500"", ""buy_fpr_req"": ""186"", ""buy_1th_pre_req_pre"": ""0"", ""buy_2th_pre_bid"": ""-107400"", ""buy_2th_pre_req"": ""326"", ""buy_2th_pre_req_pre"": ""0"", ""buy_3th_pre_bid"": ""-107300"", ""buy_3th_pre_req"": ""573"", ""buy_3th_pre_req_pre"": ""0"", ""buy_4th_pre_bid"": ""-107200"", ""buy_4th_pre_req"": ""263"", ""buy_4th_pre_req_pre"": ""0"", ""buy_5th_pre_bid"": ""-107100"", ""buy_5th_pre_req"": ""439"", ""buy_5th_pre_req_pre"": ""0"", ""buy_6th_pre_bid"": ""-107000"", ""buy_6th_pre_req"": ""931"", ""buy_6th_pre_req_pre"": ""0"", ""buy_7th_pre_bid"": ""-106900"", ""buy_7th_pre_req"": ""926"", ""buy_7th_pre_req_pre"": ""0"", ""buy_8th_pre_bid"": ""-106800"", ""buy_8th_pre_req"": ""1115"", ""buy_8th_pre_req_pre"": ""0"", ""buy_9th_pre_bid"": ""-106700"", ""buy_9th_pre_req"": ""609"", ""buy_9th_pre_req_pre"": ""0"", ""buy_10th_pre_bid"": ""-106600"", ""buy_10th_pre_req"": ""1449"", ""buy_10th_pre_req_pre"": ""0"", ""tot_sel_req_jub_pre"": ""+75"", ""tot_sel_req"": ""8850"", ""tot_buy_req"": ""6817"", ""tot_buy_req_jub_pre"": ""0"", ""ovt_sel_req_pre"": ""0"", ""ovt_sel_req"": ""0"", ""ovt_buy_req"": ""0"", ""ovt_buy_req_pre"": ""0"", ""return_code"": 0, ""return_msg"": ""정상적으로 처리되었습니다""}"
2026-06-10,scan_candidate,316140,,0,main_scan,29950,,29950,29850,29950,29950,-0.1669449081803005,0.333889816360601,,,,,,"{""bid_req_base_tm"": ""093831"", ""sel_10th_pre_req_pre"": ""0"", ""sel_10th_pre_req"": ""860"", ""sel_10th_pre_bid"": ""+30400"", ""sel_9th_pre_req_pre"": ""0"", ""sel_9th_pre_req"": ""1580"", ""sel_9th_pre_bid"": ""+30350"", ""sel_8th_pre_req_pre"": ""0"", ""sel_8th_pre_req"": ""1256"", ""sel_8th_pre_bid"": ""+30300"", ""sel_7th_pre_req_pre"": ""0"", ""sel_7th_pre_req"": ""599"", ""sel_7th_pre_bid"": ""+30250"", ""sel_6th_pre_req_pre"": ""0"", ""sel_6th_pre_req"": ""722"", ""sel_6th_pre_bid"": ""+30200"", ""sel_5th_pre_req_pre"": ""0"", ""sel_5th_pre_req"": ""2466"", ""sel_5th_pre_bid"": ""+30150"", ""sel_4th_pre_req_pre"": ""0"", ""sel_4th_pre_req"": ""1564"", ""sel_4th_pre_bid"": ""+30100"", ""sel_3th_pre_req_pre"": ""0"", ""sel_3th_pre_req"": ""1170"", ""sel_3th_pre_bid"": ""+30050"", ""sel_2th_pre_req_pre"": ""0"", ""sel_2th_pre_req"": ""552"", ""sel_2th_pre_bid"": ""30000"", ""sel_1th_pre_req_pre"": ""+175"", ""sel_fpr_req"": ""202"", ""sel_fpr_bid"": ""-29950"", ""buy_fpr_bid"": ""-29850"", ""buy_fpr_req"": ""316"", ""buy_1th_pre_req_pre"": ""+127"", ""buy_2th_pre_bid"": ""-29800"", ""buy_2th_pre_req"": ""484"", ""buy_2th_pre_req_pre"": ""--164"", ""buy_3th_pre_bid"": ""-29750"", ""buy_3th_pre_req"": ""2378"", ""buy_3th_pre_req_pre"": ""0"", ""buy_4th_pre_bid"": ""-29700"", ""buy_4th_pre_req"": ""2164"", ""buy_4th_pre_req_pre"": ""0"", ""buy_5th_pre_bid"": ""-29650"", ""buy_5th_pre_req"": ""1321"", ""buy_5th_pre_req_pre"": ""0"", ""buy_6th_pre_bid"": ""-29600"", ""buy_6th_pre_req"": ""3768"", ""buy_6th_pre_req_pre"": ""0"", ""buy_7th_pre_bid"": ""-29550"", ""buy_7th_pre_req"": ""486"", ""buy_7th_pre_req_pre"": ""0"", ""buy_8th_pre_bid"": ""-29500"", ""buy_8th_pre_req"": ""1770"", ""buy_8th_pre_req_pre"": ""0"", ""buy_9th_pre_bid"": ""-29450"", ""buy_9th_pre_req"": ""624"", ""buy_9th_pre_req_pre"": ""0"", ""buy_10th_pre_bid"": ""-29400"", ""buy_10th_pre_req"": ""2378"", ""buy_10th_pre_req_pre"": ""0"", ""tot_sel_req_jub_pre"": ""+175"", ""tot_sel_req"": ""10971"", ""tot_buy_req"": ""15689"", ""tot_buy_req_jub_pre"": ""--37"", ""ovt_sel_req_pre"": ""0"", ""ovt_sel_req"": ""0"", ""ovt_buy_req"": ""0"", ""ovt_buy_req_pre"": ""0"", ""return_code"": 0, ""return_msg"": ""정상적으로 처리되었습니다""}"
2026-06-10,scan_candidate,018260,,0,main_scan,237000,,237000,236500,237000,238500,0.42194092827004215,0.21097046413502107,,,,,,"{""bid_req_base_tm"": ""093830"", ""sel_10th_pre_req_pre"": ""0"", ""sel_10th_pre_req"": ""68"", ""sel_10th_pre_bid"": ""-241500"", ""sel_9th_pre_req_pre"": ""0"", ""sel_9th_pre_req"": ""283"", ""sel_9th_pre_bid"": ""-241000"", ""sel_8th_pre_req_pre"": ""0"", ""sel_8th_pre_req"": ""61"", ""sel_8th_pre_bid"": ""-240500"", ""sel_7th_pre_req_pre"": ""0"", ""sel_7th_pre_req"": ""327"", ""sel_7th_pre_bid"": ""-240000"", ""sel_6th_pre_req_pre"": ""0"", ""sel_6th_pre_req"": ""90"", ""sel_6th_pre_bid"": ""-239500"", ""sel_5th_pre_req_pre"": ""0"", ""sel_5th_pre_req"": ""52"", ""sel_5th_pre_bid"": ""-239000"", ""sel_4th_pre_req_pre"": ""0"", ""sel_4th_pre_req"": ""41"", ""sel_4th_pre_bid"": ""-238500"", ""sel_3th_pre_req_pre"": ""0"", ""sel_3th_pre_req"": ""44"", ""sel_3th_pre_bid"": ""-238000"", ""sel_2th_pre_req_pre"": ""0"", ""sel_2th_pre_req"": ""261"", ""sel_2th_pre_bid"": ""-237500"", ""sel_1th_pre_req_pre"": ""0"", ""sel_fpr_req"": ""50"", ""sel_fpr_bid"": ""-237000"", ""buy_fpr_bid"": ""-236500"", ""buy_fpr_req"": ""228"", ""buy_1th_pre_req_pre"": ""0"", ""buy_2th_pre_bid"": ""-236000"", ""buy_2th_pre_req"": ""229"", ""buy_2th_pre_req_pre"": ""0"", ""buy_3th_pre_bid"": ""-235500"", ""buy_3th_pre_req"": ""837"", ""buy_3th_pre_req_pre"": ""0"", ""buy_4th_pre_bid"": ""-235000"", ""buy_4th_pre_req"": ""2231"", ""buy_4th_pre_req_pre"": ""0"", ""buy_5th_pre_bid"": ""-234500"", ""buy_5th_pre_req"": ""821"", ""buy_5th_pre_req_pre"": ""0"", ""buy_6th_pre_bid"": ""-234000"", ""buy_6th_pre_req"": ""880"", ""buy_6th_pre_req_pre"": ""0"", ""buy_7th_pre_bid"": ""-233500"", ""buy_7th_pre_req"": ""663"", ""buy_7th_pre_req_pre"": ""0"", ""buy_8th_pre_bid"": ""-233000"", ""buy_8th_pre_req"": ""1907"", ""buy_8th_pre_req_pre"": ""0"", ""buy_9th_pre_bid"": ""-232500"", ""buy_9th_pre_req"": ""293"", ""buy_9th_pre_req_pre"": ""0"", ""buy_10th_pre_bid"": ""-232000"", ""buy_10th_pre_req"": ""1527"", ""buy_10th_pre_req_pre"": ""0"", ""tot_sel_req_jub_pre"": ""0"", ""tot_sel_req"": ""1277"", ""tot_buy_req"": ""9616"", ""tot_buy_req_jub_pre"": ""0"", ""ovt_sel_req_pre"": ""0"", ""ovt_sel_req"": ""0"", ""ovt_buy_req"": ""0"", ""ovt_buy_req_pre"": ""0"", ""return_code"": 0, ""return_msg"": ""정상적으로 처리되었습니다""}"
2026-06-10,scan_candidate,033780,,0,main_scan,184800,,184800,184600,184800,184500,-0.4329004329004329,0.10822510822510822,,,,,,"{""bid_req_base_tm"": ""093831"", ""sel_10th_pre_req_pre"": ""0"", ""sel_10th_pre_req"": ""114"", ""sel_10th_pre_bid"": ""+185700"", ""sel_9th_pre_req_pre"": ""0"", ""sel_9th_pre_req"": ""338"", ""sel_9th_pre_bid"": ""+185600"", ""sel_8th_pre_req_pre"": ""0"", ""sel_8th_pre_req"": ""836"", ""sel_8th_pre_bid"": ""+185500"", ""sel_7th_pre_req_pre"": ""+100"", ""sel_7th_pre_req"": ""193"", ""sel_7th_pre_bid"": ""+185400"", ""sel_6th_pre_req_pre"": ""0"", ""sel_6th_pre_req"": ""25"", ""sel_6th_pre_bid"": ""+185300"", ""sel_5th_pre_req_pre"": ""0"", ""sel_5th_pre_req"": ""51"", ""sel_5th_pre_bid"": ""+185200"", ""sel_4th_pre_req_pre"": ""0"", ""sel_4th_pre_req"": ""12"", ""sel_4th_pre_bid"": ""+185100"", ""sel_3th_pre_req_pre"": ""0"", ""sel_3th_pre_req"": ""19"", ""sel_3th_pre_bid"": ""+185000"", ""sel_2th_pre_req_pre"": ""0"", ""sel_2th_pre_req"": ""7"", ""sel_2th_pre_bid"": ""+184900"", ""sel_1th_pre_req_pre"": ""+3"", ""sel_fpr_req"": ""111"", ""sel_fpr_bid"": ""+184800"", ""buy_fpr_bid"": ""+184600"", ""buy_fpr_req"": ""218"", ""buy_1th_pre_req_pre"": ""0"", ""buy_2th_pre_bid"": ""+184500"", ""buy_2th_pre_req"": ""630"", ""buy_2th_pre_req_pre"": ""0"", ""buy_3th_pre_bid"": ""+184400"", ""buy_3th_pre_req"": ""175"", ""buy_3th_pre_req_pre"": ""0"", ""buy_4th_pre_bid"": ""184300"", ""buy_4th_pre_req"": ""400"", ""buy_4th_pre_req_pre"": ""0"", ""buy_5th_pre_bid"": ""-184200"", ""buy_5th_pre_req"": ""200"", ""buy_5th_pre_req_pre"": ""0"", ""buy_6th_pre_bid"": ""-184100"", ""buy_6th_pre_req"": ""359"", ""buy_6th_pre_req_pre"": ""0"", ""buy_7th_pre_bid"": ""-184000"", ""buy_7th_pre_req"": ""15"", ""buy_7th_pre_req_pre"": ""0"", ""buy_8th_pre_bid"": ""-183700"", ""buy_8th_pre_req"": ""2"", ""buy_8th_pre_req_pre"": ""0"", ""buy_9th_pre_bid"": ""-183500"", ""buy_9th_pre_req"": ""4"", ""buy_9th_pre_req_pre"": ""0"", ""buy_10th_pre_bid"": ""-183400"", ""buy_10th_pre_req"": ""10"", ""buy_10th_pre_req_pre"": ""0"", ""tot_sel_req_jub_pre"": ""+103"", ""tot_sel_req"": ""1706"", ""tot_buy_req"": ""2013"", ""tot_buy_req_jub_pre"": ""0"", ""ovt_sel_req_pre"": ""0"", ""ovt_sel_req"": ""0"", ""ovt_buy_req"": ""0"", ""ovt_buy_req_pre"": ""0"", ""return_code"": 0, ""return_msg"": ""정상적으로 처리되었습니다""}"
2026-06-10,scan_candidate,307950,,0,main_scan,708000,,708000,706000,708000,709000,0.0,0.2824858757062147,,,,,,"{""bid_req_base_tm"": ""093831"", ""sel_10th_pre_req_pre"": ""0"", ""sel_10th_pre_req"": ""73"", ""sel_10th_pre_bid"": ""+717000"", ""sel_9th_pre_req_pre"": ""0"", ""sel_9th_pre_req"": ""32"", ""sel_9th_pre_bid"": ""+716000"", ""sel_8th_pre_req_pre"": ""0"", ""sel_8th_pre_req"": ""109"", ""sel_8th_pre_bid"": ""+715000"", ""sel_7th_pre_req_pre"": ""0"", ""sel_7th_pre_req"": ""101"", ""sel_7th_pre_bid"": ""+714000"", ""sel_6th_pre_req_pre"": ""0"", ""sel_6th_pre_req"": ""64"", ""sel_6th_pre_bid"": ""+713000"", ""sel_5th_pre_req_pre"": ""0"", ""sel_5th_pre_req"": ""8"", ""sel_5th_pre_bid"": ""+712000"", ""sel_4th_pre_req_pre"": ""0"", ""sel_4th_pre_req"": ""21"", ""sel_4th_pre_bid"": ""+711000"", ""sel_3th_pre_req_pre"": ""0"", ""sel_3th_pre_req"": ""160"", ""sel_3th_pre_bid"": ""+710000"", ""sel_2th_pre_req_pre"": ""0"", ""sel_2th_pre_req"": ""168"", ""sel_2th_pre_bid"": ""+709000"", ""sel_1th_pre_req_pre"": ""0"", ""sel_fpr_req"": ""52"", ""sel_fpr_bid"": ""+708000"", ""buy_fpr_bid"": ""+706000"", ""buy_fpr_req"": ""105"", ""buy_1th_pre_req_pre"": ""0"", ""buy_2th_pre_bid"": ""+705000"", ""buy_2th_pre_req"": ""167"", ""buy_2th_pre_req_pre"": ""0"", ""buy_3th_pre_bid"": ""+704000"", ""buy_3th_pre_req"": ""56"", ""buy_3th_pre_req_pre"": ""0"", ""buy_4th_pre_bid"": ""+703000"", ""buy_4th_pre_req"": ""76"", ""buy_4th_pre_req_pre"": ""0"", ""buy_5th_pre_bid"": ""+702000"", ""buy_5th_pre_req"": ""317"", ""buy_5th_pre_req_pre"": ""0"", ""buy_6th_pre_bid"": ""+701000"", ""buy_6th_pre_req"": ""1491"", ""buy_6th_pre_req_pre"": ""0"", ""buy_7th_pre_bid"": ""+700000"", ""buy_7th_pre_req"": ""276"", ""buy_7th_pre_req_pre"": ""0"", ""buy_8th_pre_bid"": ""+699000"", ""buy_8th_pre_req"": ""399"", ""buy_8th_pre_req_pre"": ""0"", ""buy_9th_pre_bid"": ""+698000"", ""buy_9th_pre_req"": ""222"", ""buy_9th_pre_req_pre"": ""+1"", ""buy_10th_pre_bid"": ""+697000"", ""buy_10th_pre_req"": ""120"", ""buy_10th_pre_req_pre"": ""0"", ""tot_sel_req_jub_pre"": ""0"", ""tot_sel_req"": ""788"", ""tot_buy_req"": ""3229"", ""tot_buy_req_jub_pre"": ""+111"", ""ovt_sel_req_pre"": ""0"", ""ovt_sel_req"": ""0"", ""ovt_buy_req"": ""0"", ""ovt_buy_req_pre"": ""0"", ""return_code"": 0, ""return_msg"": ""정상적으로 처리되었습니다""}"
2026-06-10,scan_candidate,138040,,0,main_scan,108200,,108200,108100,108200,108000,-0.6469500924214419,0.09242144177449169,,,,,,"{""bid_req_base_tm"": ""093830"", ""sel_10th_pre_req_pre"": ""0"", ""sel_10th_pre_req"": ""27"", ""sel_10th_pre_bid"": ""+109200"", ""sel_9th_pre_req_pre"": ""0"", ""sel_9th_pre_req"": ""41"", ""sel_9th_pre_bid"": ""109100"", ""sel_8th_pre_req_pre"": ""0"", ""sel_8th_pre_req"": ""548"", ""sel_8th_pre_bid"": ""-109000"", ""sel_7th_pre_req_pre"": ""0"", ""sel_7th_pre_req"": ""12"", ""sel_7th_pre_bid"": ""-108900"", ""sel_6th_pre_req_pre"": ""0"", ""sel_6th_pre_req"": ""9"", ""sel_6th_pre_bid"": ""-108700"", ""sel_5th_pre_req_pre"": ""0"", ""sel_5th_pre_req"": ""1"", ""sel_5th_pre_bid"": ""-108600"", ""sel_4th_pre_req_pre"": ""0"", ""sel_4th_pre_req"": ""42"", ""sel_4th_pre_bid"": ""-108500"", ""sel_3th_pre_req_pre"": ""0"", ""sel_3th_pre_req"": ""4"", ""sel_3th_pre_bid"": ""-108400"", ""sel_2th_pre_req_pre"": ""0"", ""sel_2th_pre_req"": ""125"", ""sel_2th_pre_bid"": ""-108300"", ""sel_1th_pre_req_pre"": ""0"", ""sel_fpr_req"": ""1503"", ""sel_fpr_bid"": ""-108200"", ""buy_fpr_bid"": ""-108100"", ""buy_fpr_req"": ""841"", ""buy_1th_pre_req_pre"": ""+1"", ""buy_2th_pre_bid"": ""-108000"", ""buy_2th_pre_req"": ""182"", ""buy_2th_pre_req_pre"": ""0"", ""buy_3th_pre_bid"": ""-107800"", ""buy_3th_pre_req"": ""705"", ""buy_3th_pre_req_pre"": ""0"", ""buy_4th_pre_bid"": ""-107700"", ""buy_4th_pre_req"": ""133"", ""buy_4th_pre_req_pre"": ""0"", ""buy_5th_pre_bid"": ""-107600"", ""buy_5th_pre_req"": ""31"", ""buy_5th_pre_req_pre"": ""0"", ""buy_6th_pre_bid"": ""-107500"", ""buy_6th_pre_req"": ""784"", ""buy_6th_pre_req_pre"": ""0"", ""buy_7th_pre_bid"": ""-107400"", ""buy_7th_pre_req"": ""325"", ""buy_7th_pre_req_pre"": ""0"", ""buy_8th_pre_bid"": ""-107300"", ""buy_8th_pre_req"": ""128"", ""buy_8th_pre_req_pre"": ""0"", ""buy_9th_pre_bid"": ""-107200"", ""buy_9th_pre_req"": ""184"", ""buy_9th_pre_req_pre"": ""0"", ""buy_10th_pre_bid"": ""-107100"", ""buy_10th_pre_req"": ""674"", ""buy_10th_pre_req_pre"": ""0"", ""tot_sel_req_jub_pre"": ""0"", ""tot_sel_req"": ""2312"", ""tot_buy_req"": ""3987"", ""tot_buy_req_jub_pre"": ""+1"", ""ovt_sel_req_pre"": ""0"", ""ovt_sel_req"": ""0"", ""ovt_buy_req"": ""0"", ""ovt_buy_req_pre"": ""0"", ""return_code"": 0, ""return_msg"": ""정상적으로 처리되었습니다""}"
2026-06-10,scan_candidate,003550,,0,main_scan,109200,,109200,109100,109200,108500,-1.098901098901099,0.09157509157509157,,,,,,"{""bid_req_base_tm"": ""093831"", ""sel_10th_pre_req_pre"": ""0"", ""sel_10th_pre_req"": ""13"", ""sel_10th_pre_bid"": ""-110200"", ""sel_9th_pre_req_pre"": ""0"", ""sel_9th_pre_req"": ""21"", ""sel_9th_pre_bid"": ""-110100"", ""sel_8th_pre_req_pre"": ""0"", ""sel_8th_pre_req"": ""13"", ""sel_8th_pre_bid"": ""-110000"", ""sel_7th_pre_req_pre"": ""0"", ""sel_7th_pre_req"": ""24"", ""sel_7th_pre_bid"": ""-109800"", ""sel_6th_pre_req_pre"": ""0"", ""sel_6th_pre_req"": ""2"", ""sel_6th_pre_bid"": ""-109700"", ""sel_5th_pre_req_pre"": ""0"", ""sel_5th_pre_req"": ""734"", ""sel_5th_pre_bid"": ""-109600"", ""sel_4th_pre_req_pre"": ""0"", ""sel_4th_pre_req"": ""60"", ""sel_4th_pre_bid"": ""-109500"", ""sel_3th_pre_req_pre"": ""--31"", ""sel_3th_pre_req"": ""152"", ""sel_3th_pre_bid"": ""-109400"", ""sel_2th_pre_req_pre"": ""+31"", ""sel_2th_pre_req"": ""232"", ""sel_2th_pre_bid"": ""-109300"", ""sel_1th_pre_req_pre"": ""0"", ""sel_fpr_req"": ""73"", ""sel_fpr_bid"": ""-109200"", ""buy_fpr_bid"": ""-109100"", ""buy_fpr_req"": ""35"", ""buy_1th_pre_req_pre"": ""+8"", ""buy_2th_pre_bid"": ""-109000"", ""buy_2th_pre_req"": ""322"", ""buy_2th_pre_req_pre"": ""0"", ""buy_3th_pre_bid"": ""-108900"", ""buy_3th_pre_req"": ""29"", ""buy_3th_pre_req_pre"": ""0"", ""buy_4th_pre_bid"": ""-108800"", ""buy_4th_pre_req"": ""60"", ""buy_4th_pre_req_pre"": ""0"", ""buy_5th_pre_bid"": ""-108700"", ""buy_5th_pre_req"": ""106"", ""buy_5th_pre_req_pre"": ""0"", ""buy_6th_pre_bid"": ""-108600"", ""buy_6th_pre_req"": ""9"", ""buy_6th_pre_req_pre"": ""0"", ""buy_7th_pre_bid"": ""-108500"", ""buy_7th_pre_req"": ""106"", ""buy_7th_pre_req_pre"": ""0"", ""buy_8th_pre_bid"": ""-108400"", ""buy_8th_pre_req"": ""12"", ""buy_8th_pre_req_pre"": ""0"", ""buy_9th_pre_bid"": ""-108300"", ""buy_9th_pre_req"": ""34"", ""buy_9th_pre_req_pre"": ""0"", ""buy_10th_pre_bid"": ""-108200"", ""buy_10th_pre_req"": ""59"", ""buy_10th_pre_req_pre"": ""0"", ""tot_sel_req_jub_pre"": ""0"", ""tot_sel_req"": ""1324"", ""tot_buy_req"": ""772"", ""tot_buy_req_jub_pre"": ""+8"", ""ovt_sel_req_pre"": ""0"", ""ovt_sel_req"": ""0"", ""ovt_buy_req"": ""0"", ""ovt_buy_req_pre"": ""0"", ""return_code"": 0, ""return_msg"": ""정상적으로 처리되었습니다""}"
2026-06-10,scan_candidate,024110,,0,main_scan,20900,,20900,20850,20900,20750,-0.9569377990430622,0.23923444976076555,,,,,,"{""bid_req_base_tm"": ""093831"", ""sel_10th_pre_req_pre"": ""0"", ""sel_10th_pre_req"": ""3258"", ""sel_10th_pre_bid"": ""+21350"", ""sel_9th_pre_req_pre"": ""0"", ""sel_9th_pre_req"": ""7955"", ""sel_9th_pre_bid"": ""+21300"", ""sel_8th_pre_req_pre"": ""0"", ""sel_8th_pre_req"": ""6794"", ""sel_8th_pre_bid"": ""+21250"", ""sel_7th_pre_req_pre"": ""0"", ""sel_7th_pre_req"": ""7284"", ""sel_7th_pre_bid"": ""+21200"", ""sel_6th_pre_req_pre"": ""0"", ""sel_6th_pre_req"": ""6649"", ""sel_6th_pre_bid"": ""+21150"", ""sel_5th_pre_req_pre"": ""0"", ""sel_5th_pre_req"": ""12649"", ""sel_5th_pre_bid"": ""+21100"", ""sel_4th_pre_req_pre"": ""0"", ""sel_4th_pre_req"": ""7809"", ""sel_4th_pre_bid"": ""+21050"", ""sel_3th_pre_req_pre"": ""0"", ""sel_3th_pre_req"": ""14348"", ""sel_3th_pre_bid"": ""+21000"", ""sel_2th_pre_req_pre"": ""0"", ""sel_2th_pre_req"": ""6499"", ""sel_2th_pre_bid"": ""+20950"", ""sel_1th_pre_req_pre"": ""--1"", ""sel_fpr_req"": ""4500"", ""sel_fpr_bid"": ""+20900"", ""buy_fpr_bid"": ""+20850"", ""buy_fpr_req"": ""2702"", ""buy_1th_pre_req_pre"": ""0"", ""buy_2th_pre_bid"": ""+20800"", ""buy_2th_pre_req"": ""581"", ""buy_2th_pre_req_pre"": ""0"", ""buy_3th_pre_bid"": ""+20750"", ""buy_3th_pre_req"": ""3624"", ""buy_3th_pre_req_pre"": ""0"", ""buy_4th_pre_bid"": ""+20700"", ""buy_4th_pre_req"": ""983"", ""buy_4th_pre_req_pre"": ""0"", ""buy_5th_pre_bid"": ""+20650"", ""buy_5th_pre_req"": ""1636"", ""buy_5th_pre_req_pre"": ""0"", ""buy_6th_pre_bid"": ""+20600"", ""buy_6th_pre_req"": ""1818"", ""buy_6th_pre_req_pre"": ""0"", ""buy_7th_pre_bid"": ""20550"", ""buy_7th_pre_req"": ""2121"", ""buy_7th_pre_req_pre"": ""0"", ""buy_8th_pre_bid"": ""-20500"", ""buy_8th_pre_req"": ""1348"", ""buy_8th_pre_req_pre"": ""0"", ""buy_9th_pre_bid"": ""-20450"", ""buy_9th_pre_req"": ""1216"", ""buy_9th_pre_req_pre"": ""0"", ""buy_10th_pre_bid"": ""-20400"", ""buy_10th_pre_req"": ""27188"", ""buy_10th_pre_req_pre"": ""0"", ""tot_sel_req_jub_pre"": ""--1"", ""tot_sel_req"": ""77745"", ""tot_buy_req"": ""43217"", ""tot_buy_req_jub_pre"": ""0"", ""ovt_sel_req_pre"": ""0"", ""ovt_sel_req"": ""0"", ""ovt_buy_req"": ""0"", ""ovt_buy_req_pre"": ""0"", ""return_code"": 0, ""return_msg"": ""정상적으로 처리되었습니다""}"
2026-06-10,scan_candidate,079550,,0,main_scan,788000,,788000,786000,788000,786000,-0.3807106598984772,0.25380710659898476,,,,,,"{""bid_req_base_tm"": ""093832"", ""sel_10th_pre_req_pre"": ""0"", ""sel_10th_pre_req"": ""475"", ""sel_10th_pre_bid"": ""+797000"", ""sel_9th_pre_req_pre"": ""0"", ""sel_9th_pre_req"": ""218"", ""sel_9th_pre_bid"": ""+796000"", ""sel_8th_pre_req_pre"": ""0"", ""sel_8th_pre_req"": ""1937"", ""sel_8th_pre_bid"": ""+795000"", ""sel_7th_pre_req_pre"": ""0"", ""sel_7th_pre_req"": ""285"", ""sel_7th_pre_bid"": ""+794000"", ""sel_6th_pre_req_pre"": ""0"", ""sel_6th_pre_req"": ""152"", ""sel_6th_pre_bid"": ""+793000"", ""sel_5th_pre_req_pre"": ""0"", ""sel_5th_pre_req"": ""32"", ""sel_5th_pre_bid"": ""+792000"", ""sel_4th_pre_req_pre"": ""0"", ""sel_4th_pre_req"": ""25"", ""sel_4th_pre_bid"": ""+791000"", ""sel_3th_pre_req_pre"": ""0"", ""sel_3th_pre_req"": ""45"", ""sel_3th_pre_bid"": ""+790000"", ""sel_2th_pre_req_pre"": ""+17"", ""sel_2th_pre_req"": ""140"", ""sel_2th_pre_bid"": ""+789000"", ""sel_1th_pre_req_pre"": ""--12"", ""sel_fpr_req"": ""20"", ""sel_fpr_bid"": ""+788000"", ""buy_fpr_bid"": ""+786000"", ""buy_fpr_req"": ""88"", ""buy_1th_pre_req_pre"": ""+58"", ""buy_2th_pre_bid"": ""+785000"", ""buy_2th_pre_req"": ""136"", ""buy_2th_pre_req_pre"": ""--10"", ""buy_3th_pre_bid"": ""+784000"", ""buy_3th_pre_req"": ""250"", ""buy_3th_pre_req_pre"": ""0"", ""buy_4th_pre_bid"": ""+783000"", ""buy_4th_pre_req"": ""51"", ""buy_4th_pre_req_pre"": ""0"", ""buy_5th_pre_bid"": ""+782000"", ""buy_5th_pre_req"": ""32"", ""buy_5th_pre_req_pre"": ""0"", ""buy_6th_pre_bid"": ""+781000"", ""buy_6th_pre_req"": ""6"", ""buy_6th_pre_req_pre"": ""0"", ""buy_7th_pre_bid"": ""+780000"", ""buy_7th_pre_req"": ""8"", ""buy_7th_pre_req_pre"": ""0"", ""buy_8th_pre_bid"": ""+779000"", ""buy_8th_pre_req"": ""15"", ""buy_8th_pre_req_pre"": ""0"", ""buy_9th_pre_bid"": ""+778000"", ""buy_9th_pre_req"": ""45"", ""buy_9th_pre_req_pre"": ""0"", ""buy_10th_pre_bid"": ""+777000"", ""buy_10th_pre_req"": ""77"", ""buy_10th_pre_req_pre"": ""0"", ""tot_sel_req_jub_pre"": ""+463"", ""tot_sel_req"": ""3329"", ""tot_buy_req"": ""708"", ""tot_buy_req_jub_pre"": ""+48"", ""ovt_sel_req_pre"": ""0"", ""ovt_sel_req"": ""0"", ""ovt_buy_req"": ""0"", ""ovt_buy_req_pre"": ""0"", ""return_code"": 0, ""return_msg"": ""정상적으로 처리되었습니다""}"
2026-06-10,scan_candidate,278470,,0,main_scan,417000,,417000,416500,417000,415500,-0.4796163069544364,0.1199040767386091,,,,,,"{""bid_req_base_tm"": ""093831"", ""sel_10th_pre_req_pre"": ""0"", ""sel_10th_pre_req"": ""67"", ""sel_10th_pre_bid"": ""+421500"", ""sel_9th_pre_req_pre"": ""0"", ""sel_9th_pre_req"": ""373"", ""sel_9th_pre_bid"": ""+421000"", ""sel_8th_pre_req_pre"": ""0"", ""sel_8th_pre_req"": ""173"", ""sel_8th_pre_bid"": ""+420500"", ""sel_7th_pre_req_pre"": ""0"", ""sel_7th_pre_req"": ""2510"", ""sel_7th_pre_bid"": ""+420000"", ""sel_6th_pre_req_pre"": ""0"", ""sel_6th_pre_req"": ""455"", ""sel_6th_pre_bid"": ""+419500"", ""sel_5th_pre_req_pre"": ""0"", ""sel_5th_pre_req"": ""281"", ""sel_5th_pre_bid"": ""+419000"", ""sel_4th_pre_req_pre"": ""0"", ""sel_4th_pre_req"": ""172"", ""sel_4th_pre_bid"": ""+418500"", ""sel_3th_pre_req_pre"": ""0"", ""sel_3th_pre_req"": ""306"", ""sel_3th_pre_bid"": ""+418000"", ""sel_2th_pre_req_pre"": ""0"", ""sel_2th_pre_req"": ""141"", ""sel_2th_pre_bid"": ""+417500"", ""sel_1th_pre_req_pre"": ""0"", ""sel_fpr_req"": ""102"", ""sel_fpr_bid"": ""+417000"", ""buy_fpr_bid"": ""+416500"", ""buy_fpr_req"": ""105"", ""buy_1th_pre_req_pre"": ""0"", ""buy_2th_pre_bid"": ""+416000"", ""buy_2th_pre_req"": ""47"", ""buy_2th_pre_req_pre"": ""0"", ""buy_3th_pre_bid"": ""+415500"", ""buy_3th_pre_req"": ""211"", ""buy_3th_pre_req_pre"": ""0"", ""buy_4th_pre_bid"": ""+415000"", ""buy_4th_pre_req"": ""221"", ""buy_4th_pre_req_pre"": ""0"", ""buy_5th_pre_bid"": ""+414500"", ""buy_5th_pre_req"": ""131"", ""buy_5th_pre_req_pre"": ""0"", ""buy_6th_pre_bid"": ""+414000"", ""buy_6th_pre_req"": ""74"", ""buy_6th_pre_req_pre"": ""0"", ""buy_7th_pre_bid"": ""+413500"", ""buy_7th_pre_req"": ""28"", ""buy_7th_pre_req_pre"": ""0"", ""buy_8th_pre_bid"": ""+413000"", ""buy_8th_pre_req"": ""11"", ""buy_8th_pre_req_pre"": ""0"", ""buy_9th_pre_bid"": ""+412500"", ""buy_9th_pre_req"": ""118"", ""buy_9th_pre_req_pre"": ""--5"", ""buy_10th_pre_bid"": ""+412000"", ""buy_10th_pre_req"": ""33"", ""buy_10th_pre_req_pre"": ""+5"", ""tot_sel_req_jub_pre"": ""0"", ""tot_sel_req"": ""4580"", ""tot_buy_req"": ""979"", ""tot_buy_req_jub_pre"": ""0"", ""ovt_sel_req_pre"": ""0"", ""ovt_sel_req"": ""0"", ""ovt_buy_req"": ""0"", ""ovt_buy_req_pre"": ""0"", ""return_code"": 0, ""return_msg"": ""정상적으로 처리되었습니다""}"
2026-06-10,scan_candidate,010950,,0,main_scan,111900,,111900,111600,111900,112000,-0.3574620196604111,0.2680965147453083,,,,,,"{""bid_req_base_tm"": ""093832"", ""sel_10th_pre_req_pre"": ""0"", ""sel_10th_pre_req"": ""6"", ""sel_10th_pre_bid"": ""+113300"", ""sel_9th_pre_req_pre"": ""0"", ""sel_9th_pre_req"": ""23"", ""sel_9th_pre_bid"": ""+113100"", ""sel_8th_pre_req_pre"": ""0"", ""sel_8th_pre_req"": ""107"", ""sel_8th_pre_bid"": ""+113000"", ""sel_7th_pre_req_pre"": ""0"", ""sel_7th_pre_req"": ""40"", ""sel_7th_pre_bid"": ""+112900"", ""sel_6th_pre_req_pre"": ""0"", ""sel_6th_pre_req"": ""11"", ""sel_6th_pre_bid"": ""+112800"", ""sel_5th_pre_req_pre"": ""0"", ""sel_5th_pre_req"": ""20"", ""sel_5th_pre_bid"": ""+112400"", ""sel_4th_pre_req_pre"": ""0"", ""sel_4th_pre_req"": ""4"", ""sel_4th_pre_bid"": ""+112300"", ""sel_3th_pre_req_pre"": ""0"", ""sel_3th_pre_req"": ""14"", ""sel_3th_pre_bid"": ""+112200"", ""sel_2th_pre_req_pre"": ""0"", ""sel_2th_pre_req"": ""216"", ""sel_2th_pre_bid"": ""+112000"", ""sel_1th_pre_req_pre"": ""+15"", ""sel_fpr_req"": ""101"", ""sel_fpr_bid"": ""+111900"", ""buy_fpr_bid"": ""+111600"", ""buy_fpr_req"": ""98"", ""buy_1th_pre_req_pre"": ""0"", ""buy_2th_pre_bid"": ""+111500"", ""buy_2th_pre_req"": ""69"", ""buy_2th_pre_req_pre"": ""0"", ""buy_3th_pre_bid"": ""+111400"", ""buy_3th_pre_req"": ""34"", ""buy_3th_pre_req_pre"": ""0"", ""buy_4th_pre_bid"": ""+111300"", ""buy_4th_pre_req"": ""23"", ""buy_4th_pre_req_pre"": ""0"", ""buy_5th_pre_bid"": ""+111200"", ""buy_5th_pre_req"": ""132"", ""buy_5th_pre_req_pre"": ""0"", ""buy_6th_pre_bid"": ""+111100"", ""buy_6th_pre_req"": ""62"", ""buy_6th_pre_req_pre"": ""0"", ""buy_7th_pre_bid"": ""+111000"", ""buy_7th_pre_req"": ""72"", ""buy_7th_pre_req_pre"": ""0"", ""buy_8th_pre_bid"": ""110900"", ""buy_8th_pre_req"": ""127"", ""buy_8th_pre_req_pre"": ""0"", ""buy_9th_pre_bid"": ""-110800"", ""buy_9th_pre_req"": ""4"", ""buy_9th_pre_req_pre"": ""0"", ""buy_10th_pre_bid"": ""-110700"", ""buy_10th_pre_req"": ""1"", ""buy_10th_pre_req_pre"": ""0"", ""tot_sel_req_jub_pre"": ""+15"", ""tot_sel_req"": ""542"", ""tot_buy_req"": ""622"", ""tot_buy_req_jub_pre"": ""0"", ""ovt_sel_req_pre"": ""0"", ""ovt_sel_req"": ""0"", ""ovt_buy_req"": ""0"", ""ovt_buy_req_pre"": ""0"", ""return_code"": 0, ""return_msg"": ""정상적으로 처리되었습니다""}"
2026-06-10,scan_candidate,323410,,0,main_scan,24500,,24500,24450,24500,24350,-0.8163265306122449,0.20408163265306123,,,,,,"{""bid_req_base_tm"": ""093832"", ""sel_10th_pre_req_pre"": ""0"", ""sel_10th_pre_req"": ""5360"", ""sel_10th_pre_bid"": ""+24950"", ""sel_9th_pre_req_pre"": ""0"", ""sel_9th_pre_req"": ""2745"", ""sel_9th_pre_bid"": ""+24900"", ""sel_8th_pre_req_pre"": ""0"", ""sel_8th_pre_req"": ""1924"", ""sel_8th_pre_bid"": ""+24850"", ""sel_7th_pre_req_pre"": ""0"", ""sel_7th_pre_req"": ""6138"", ""sel_7th_pre_bid"": ""+24800"", ""sel_6th_pre_req_pre"": ""0"", ""sel_6th_pre_req"": ""5094"", ""sel_6th_pre_bid"": ""+24750"", ""sel_5th_pre_req_pre"": ""0"", ""sel_5th_pre_req"": ""4300"", ""sel_5th_pre_bid"": ""+24700"", ""sel_4th_pre_req_pre"": ""0"", ""sel_4th_pre_req"": ""4810"", ""sel_4th_pre_bid"": ""+24650"", ""sel_3th_pre_req_pre"": ""0"", ""sel_3th_pre_req"": ""2038"", ""sel_3th_pre_bid"": ""+24600"", ""sel_2th_pre_req_pre"": ""0"", ""sel_2th_pre_req"": ""2384"", ""sel_2th_pre_bid"": ""+24550"", ""sel_1th_pre_req_pre"": ""0"", ""sel_fpr_req"": ""1854"", ""sel_fpr_bid"": ""+24500"", ""buy_fpr_bid"": ""+24450"", ""buy_fpr_req"": ""971"", ""buy_1th_pre_req_pre"": ""0"", ""buy_2th_pre_bid"": ""24400"", ""buy_2th_pre_req"": ""516"", ""buy_2th_pre_req_pre"": ""0"", ""buy_3th_pre_bid"": ""-24350"", ""buy_3th_pre_req"": ""1398"", ""buy_3th_pre_req_pre"": ""0"", ""buy_4th_pre_bid"": ""-24300"", ""buy_4th_pre_req"": ""657"", ""buy_4th_pre_req_pre"": ""0"", ""buy_5th_pre_bid"": ""-24250"", ""buy_5th_pre_req"": ""2886"", ""buy_5th_pre_req_pre"": ""0"", ""buy_6th_pre_bid"": ""-24200"", ""buy_6th_pre_req"": ""1944"", ""buy_6th_pre_req_pre"": ""0"", ""buy_7th_pre_bid"": ""-24150"", ""buy_7th_pre_req"": ""1600"", ""buy_7th_pre_req_pre"": ""0"", ""buy_8th_pre_bid"": ""-24100"", ""buy_8th_pre_req"": ""2270"", ""buy_8th_pre_req_pre"": ""0"", ""buy_9th_pre_bid"": ""-24050"", ""buy_9th_pre_req"": ""1618"", ""buy_9th_pre_req_pre"": ""+1"", ""buy_10th_pre_bid"": ""-24000"", ""buy_10th_pre_req"": ""1423"", ""buy_10th_pre_req_pre"": ""--1"", ""tot_sel_req_jub_pre"": ""0"", ""tot_sel_req"": ""36647"", ""tot_buy_req"": ""15283"", ""tot_buy_req_jub_pre"": ""0"", ""ovt_sel_req_pre"": ""0"", ""ovt_sel_req"": ""0"", ""ovt_buy_req"": ""0"", ""ovt_buy_req_pre"": ""0"", ""return_code"": 0, ""return_msg"": ""정상적으로 처리되었습니다""}"
2026-06-10,scan_candidate,064400,,0,main_scan,97400,,97400,97300,97400,97700,0.20533880903490762,0.10266940451745381,,,,,,"{""bid_req_base_tm"": ""093833"", ""sel_10th_pre_req_pre"": ""0"", ""sel_10th_pre_req"": ""196"", ""sel_10th_pre_bid"": ""-98400"", ""sel_9th_pre_req_pre"": ""0"", ""sel_9th_pre_req"": ""78"", ""sel_9th_pre_bid"": ""-98300"", ""sel_8th_pre_req_pre"": ""0"", ""sel_8th_pre_req"": ""100"", ""sel_8th_pre_bid"": ""-98200"", ""sel_7th_pre_req_pre"": ""0"", ""sel_7th_pre_req"": ""681"", ""sel_7th_pre_bid"": ""-98000"", ""sel_6th_pre_req_pre"": ""0"", ""sel_6th_pre_req"": ""192"", ""sel_6th_pre_bid"": ""-97900"", ""sel_5th_pre_req_pre"": ""0"", ""sel_5th_pre_req"": ""513"", ""sel_5th_pre_bid"": ""-97800"", ""sel_4th_pre_req_pre"": ""0"", ""sel_4th_pre_req"": ""77"", ""sel_4th_pre_bid"": ""-97700"", ""sel_3th_pre_req_pre"": ""0"", ""sel_3th_pre_req"": ""476"", ""sel_3th_pre_bid"": ""-97600"", ""sel_2th_pre_req_pre"": ""+50"", ""sel_2th_pre_req"": ""982"", ""sel_2th_pre_bid"": ""-97500"", ""sel_1th_pre_req_pre"": ""0"", ""sel_fpr_req"": ""77"", ""sel_fpr_bid"": ""-97400"", ""buy_fpr_bid"": ""-97300"", ""buy_fpr_req"": ""124"", ""buy_1th_pre_req_pre"": ""0"", ""buy_2th_pre_bid"": ""-97200"", ""buy_2th_pre_req"": ""536"", ""buy_2th_pre_req_pre"": ""0"", ""buy_3th_pre_bid"": ""-97100"", ""buy_3th_pre_req"": ""1566"", ""buy_3th_pre_req_pre"": ""0"", ""buy_4th_pre_bid"": ""-97000"", ""buy_4th_pre_req"": ""1528"", ""buy_4th_pre_req_pre"": ""0"", ""buy_5th_pre_bid"": ""-96900"", ""buy_5th_pre_req"": ""651"", ""buy_5th_pre_req_pre"": ""0"", ""buy_6th_pre_bid"": ""-96800"", ""buy_6th_pre_req"": ""655"", ""buy_6th_pre_req_pre"": ""0"", ""buy_7th_pre_bid"": ""-96700"", ""buy_7th_pre_req"": ""511"", ""buy_7th_pre_req_pre"": ""0"", ""buy_8th_pre_bid"": ""-96600"", ""buy_8th_pre_req"": ""226"", ""buy_8th_pre_req_pre"": ""0"", ""buy_9th_pre_bid"": ""-96500"", ""buy_9th_pre_req"": ""638"", ""buy_9th_pre_req_pre"": ""0"", ""buy_10th_pre_bid"": ""-96400"", ""buy_10th_pre_req"": ""8123"", ""buy_10th_pre_req_pre"": ""0"", ""tot_sel_req_jub_pre"": ""+50"", ""tot_sel_req"": ""3372"", ""tot_buy_req"": ""14558"", ""tot_buy_req_jub_pre"": ""0"", ""ovt_sel_req_pre"": ""0"", ""ovt_sel_req"": ""0"", ""ovt_buy_req"": ""0"", ""ovt_buy_req_pre"": ""0"", ""return_code"": 0, ""return_msg"": ""정상적으로 처리되었습니다""}"
2026-06-10,scan_candidate,003490,,0,main_scan,25450,,25450,25400,25450,25300,-0.7858546168958742,0.19646365422396855,,,,,,"{""bid_req_base_tm"": ""093833"", ""sel_10th_pre_req_pre"": ""0"", ""sel_10th_pre_req"": ""16686"", ""sel_10th_pre_bid"": ""+25900"", ""sel_9th_pre_req_pre"": ""0"", ""sel_9th_pre_req"": ""8702"", ""sel_9th_pre_bid"": ""+25850"", ""sel_8th_pre_req_pre"": ""0"", ""sel_8th_pre_req"": ""7807"", ""sel_8th_pre_bid"": ""+25800"", ""sel_7th_pre_req_pre"": ""0"", ""sel_7th_pre_req"": ""19479"", ""sel_7th_pre_bid"": ""+25750"", ""sel_6th_pre_req_pre"": ""0"", ""sel_6th_pre_req"": ""14780"", ""sel_6th_pre_bid"": ""+25700"", ""sel_5th_pre_req_pre"": ""0"", ""sel_5th_pre_req"": ""6523"", ""sel_5th_pre_bid"": ""+25650"", ""sel_4th_pre_req_pre"": ""0"", ""sel_4th_pre_req"": ""3730"", ""sel_4th_pre_bid"": ""+25600"", ""sel_3th_pre_req_pre"": ""0"", ""sel_3th_pre_req"": ""2087"", ""sel_3th_pre_bid"": ""+25550"", ""sel_2th_pre_req_pre"": ""0"", ""sel_2th_pre_req"": ""8481"", ""sel_2th_pre_bid"": ""+25500"", ""sel_1th_pre_req_pre"": ""+422"", ""sel_fpr_req"": ""851"", ""sel_fpr_bid"": ""+25450"", ""buy_fpr_bid"": ""+25400"", ""buy_fpr_req"": ""1165"", ""buy_1th_pre_req_pre"": ""0"", ""buy_2th_pre_bid"": ""+25350"", ""buy_2th_pre_req"": ""1504"", ""buy_2th_pre_req_pre"": ""0"", ""buy_3th_pre_bid"": ""+25300"", ""buy_3th_pre_req"": ""5042"", ""buy_3th_pre_req_pre"": ""0"", ""buy_4th_pre_bid"": ""+25250"", ""buy_4th_pre_req"": ""1821"", ""buy_4th_pre_req_pre"": ""0"", ""buy_5th_pre_bid"": ""+25200"", ""buy_5th_pre_req"": ""1487"", ""buy_5th_pre_req_pre"": ""0"", ""buy_6th_pre_bid"": ""+25150"", ""buy_6th_pre_req"": ""1415"", ""buy_6th_pre_req_pre"": ""0"", ""buy_7th_pre_bid"": ""+25100"", ""buy_7th_pre_req"": ""2740"", ""buy_7th_pre_req_pre"": ""0"", ""buy_8th_pre_bid"": ""+25050"", ""buy_8th_pre_req"": ""1698"", ""buy_8th_pre_req_pre"": ""0"", ""buy_9th_pre_bid"": ""+25000"", ""buy_9th_pre_req"": ""2763"", ""buy_9th_pre_req_pre"": ""0"", ""buy_10th_pre_bid"": ""+24950"", ""buy_10th_pre_req"": ""882"", ""buy_10th_pre_req_pre"": ""0"", ""tot_sel_req_jub_pre"": ""+422"", ""tot_sel_req"": ""89126"", ""tot_buy_req"": ""20517"", ""tot_buy_req_jub_pre"": ""0"", ""ovt_sel_req_pre"": ""0"", ""ovt_sel_req"": ""0"", ""ovt_buy_req"": ""0"", ""ovt_buy_req_pre"": ""0"", ""return_code"": 0, ""return_msg"": ""정상적으로 처리되었습니다""}"
2026-06-10,scan_candidate,161390,,0,main_scan,71700,,71700,71600,71700,72100,0.41841004184100417,0.1394700139470014,,,,,,"{""bid_req_base_tm"": ""093831"", ""sel_10th_pre_req_pre"": ""0"", ""sel_10th_pre_req"": ""112"", ""sel_10th_pre_bid"": ""-72700"", ""sel_9th_pre_req_pre"": ""0"", ""sel_9th_pre_req"": ""74"", ""sel_9th_pre_bid"": ""-72600"", ""sel_8th_pre_req_pre"": ""0"", ""sel_8th_pre_req"": ""264"", ""sel_8th_pre_bid"": ""-72500"", ""sel_7th_pre_req_pre"": ""0"", ""sel_7th_pre_req"": ""93"", ""sel_7th_pre_bid"": ""-72400"", ""sel_6th_pre_req_pre"": ""0"", ""sel_6th_pre_req"": ""23"", ""sel_6th_pre_bid"": ""-72300"", ""sel_5th_pre_req_pre"": ""0"", ""sel_5th_pre_req"": ""3"", ""sel_5th_pre_bid"": ""-72200"", ""sel_4th_pre_req_pre"": ""0"", ""sel_4th_pre_req"": ""107"", ""sel_4th_pre_bid"": ""-72100"", ""sel_3th_pre_req_pre"": ""0"", ""sel_3th_pre_req"": ""166"", ""sel_3th_pre_bid"": ""-71900"", ""sel_2th_pre_req_pre"": ""0"", ""sel_2th_pre_req"": ""62"", ""sel_2th_pre_bid"": ""-71800"", ""sel_1th_pre_req_pre"": ""+5"", ""sel_fpr_req"": ""273"", ""sel_fpr_bid"": ""-71700"", ""buy_fpr_bid"": ""-71600"", ""buy_fpr_req"": ""1049"", ""buy_1th_pre_req_pre"": ""0"", ""buy_2th_pre_bid"": ""-71500"", ""buy_2th_pre_req"": ""197"", ""buy_2th_pre_req_pre"": ""0"", ""buy_3th_pre_bid"": ""-71400"", ""buy_3th_pre_req"": ""101"", ""buy_3th_pre_req_pre"": ""0"", ""buy_4th_pre_bid"": ""-71300"", ""buy_4th_pre_req"": ""32"", ""buy_4th_pre_req_pre"": ""0"", ""buy_5th_pre_bid"": ""-71200"", ""buy_5th_pre_req"": ""47"", ""buy_5th_pre_req_pre"": ""0"", ""buy_6th_pre_bid"": ""-71100"", ""buy_6th_pre_req"": ""235"", ""buy_6th_pre_req_pre"": ""0"", ""buy_7th_pre_bid"": ""-71000"", ""buy_7th_pre_req"": ""916"", ""buy_7th_pre_req_pre"": ""0"", ""buy_8th_pre_bid"": ""-70900"", ""buy_8th_pre_req"": ""2021"", ""buy_8th_pre_req_pre"": ""0"", ""buy_9th_pre_bid"": ""-70800"", ""buy_9th_pre_req"": ""109"", ""buy_9th_pre_req_pre"": ""0"", ""buy_10th_pre_bid"": ""-70700"", ""buy_10th_pre_req"": ""71"", ""buy_10th_pre_req_pre"": ""0"", ""tot_sel_req_jub_pre"": ""+5"", ""tot_sel_req"": ""1177"", ""tot_buy_req"": ""4778"", ""tot_buy_req_jub_pre"": ""0"", ""ovt_sel_req_pre"": ""0"", ""ovt_sel_req"": ""0"", ""ovt_buy_req"": ""0"", ""ovt_buy_req_pre"": ""0"", ""return_code"": 0, ""return_msg"": ""정상적으로 처리되었습니다""}"
2026-06-10,scan_candidate,180640,,0,main_scan,116000,,116000,115800,116000,116000,-0.43103448275862066,0.1724137931034483,,,,,,"{""bid_req_base_tm"": ""093833"", ""sel_10th_pre_req_pre"": ""0"", ""sel_10th_pre_req"": ""26"", ""sel_10th_pre_bid"": ""+116900"", ""sel_9th_pre_req_pre"": ""0"", ""sel_9th_pre_req"": ""46"", ""sel_9th_pre_bid"": ""+116800"", ""sel_8th_pre_req_pre"": ""0"", ""sel_8th_pre_req"": ""21"", ""sel_8th_pre_bid"": ""+116700"", ""sel_7th_pre_req_pre"": ""0"", ""sel_7th_pre_req"": ""111"", ""sel_7th_pre_bid"": ""+116600"", ""sel_6th_pre_req_pre"": ""0"", ""sel_6th_pre_req"": ""75"", ""sel_6th_pre_bid"": ""+116500"", ""sel_5th_pre_req_pre"": ""0"", ""sel_5th_pre_req"": ""1"", ""sel_5th_pre_bid"": ""+116400"", ""sel_4th_pre_req_pre"": ""0"", ""sel_4th_pre_req"": ""185"", ""sel_4th_pre_bid"": ""+116300"", ""sel_3th_pre_req_pre"": ""0"", ""sel_3th_pre_req"": ""17"", ""sel_3th_pre_bid"": ""+116200"", ""sel_2th_pre_req_pre"": ""0"", ""sel_2th_pre_req"": ""51"", ""sel_2th_pre_bid"": ""+116100"", ""sel_1th_pre_req_pre"": ""0"", ""sel_fpr_req"": ""106"", ""sel_fpr_bid"": ""+116000"", ""buy_fpr_bid"": ""+115800"", ""buy_fpr_req"": ""9"", ""buy_1th_pre_req_pre"": ""0"", ""buy_2th_pre_bid"": ""+115600"", ""buy_2th_pre_req"": ""1"", ""buy_2th_pre_req_pre"": ""0"", ""buy_3th_pre_bid"": ""+115500"", ""buy_3th_pre_req"": ""99"", ""buy_3th_pre_req_pre"": ""0"", ""buy_4th_pre_bid"": ""+115400"", ""buy_4th_pre_req"": ""106"", ""buy_4th_pre_req_pre"": ""0"", ""buy_5th_pre_bid"": ""+115300"", ""buy_5th_pre_req"": ""1"", ""buy_5th_pre_req_pre"": ""0"", ""buy_6th_pre_bid"": ""+115200"", ""buy_6th_pre_req"": ""600"", ""buy_6th_pre_req_pre"": ""0"", ""buy_7th_pre_bid"": ""+115100"", ""buy_7th_pre_req"": ""100"", ""buy_7th_pre_req_pre"": ""0"", ""buy_8th_pre_bid"": ""+115000"", ""buy_8th_pre_req"": ""67"", ""buy_8th_pre_req_pre"": ""0"", ""buy_9th_pre_bid"": ""+114700"", ""buy_9th_pre_req"": ""12"", ""buy_9th_pre_req_pre"": ""0"", ""buy_10th_pre_bid"": ""+114600"", ""buy_10th_pre_req"": ""1"", ""buy_10th_pre_req_pre"": ""0"", ""tot_sel_req_jub_pre"": ""0"", ""tot_sel_req"": ""639"", ""tot_buy_req"": ""996"", ""tot_buy_req_jub_pre"": ""0"", ""ovt_sel_req_pre"": ""0"", ""ovt_sel_req"": ""0"", ""ovt_buy_req"": ""0"", ""ovt_buy_req_pre"": ""0"", ""return_code"": 0, ""return_msg"": ""정상적으로 처리되었습니다""}"
2026-06-10,scan_candidate,454910,,0,main_scan,111700,,111700,111600,111700,112000,-0.17905102954341987,0.08952551477170993,,,,,,"{""bid_req_base_tm"": ""093833"", ""sel_10th_pre_req_pre"": ""0"", ""sel_10th_pre_req"": ""15"", ""sel_10th_pre_bid"": ""-112600"", ""sel_9th_pre_req_pre"": ""0"", ""sel_9th_pre_req"": ""25"", ""sel_9th_pre_bid"": ""-112500"", ""sel_8th_pre_req_pre"": ""0"", ""sel_8th_pre_req"": ""131"", ""sel_8th_pre_bid"": ""-112400"", ""sel_7th_pre_req_pre"": ""0"", ""sel_7th_pre_req"": ""397"", ""sel_7th_pre_bid"": ""-112300"", ""sel_6th_pre_req_pre"": ""0"", ""sel_6th_pre_req"": ""26"", ""sel_6th_pre_bid"": ""-112200"", ""sel_5th_pre_req_pre"": ""0"", ""sel_5th_pre_req"": ""238"", ""sel_5th_pre_bid"": ""-112100"", ""sel_4th_pre_req_pre"": ""+20"", ""sel_4th_pre_req"": ""1279"", ""sel_4th_pre_bid"": ""-112000"", ""sel_3th_pre_req_pre"": ""0"", ""sel_3th_pre_req"": ""2"", ""sel_3th_pre_bid"": ""-111900"", ""sel_2th_pre_req_pre"": ""0"", ""sel_2th_pre_req"": ""103"", ""sel_2th_pre_bid"": ""-111800"", ""sel_1th_pre_req_pre"": ""--1"", ""sel_fpr_req"": ""244"", ""sel_fpr_bid"": ""-111700"", ""buy_fpr_bid"": ""-111600"", ""buy_fpr_req"": ""1919"", ""buy_1th_pre_req_pre"": ""0"", ""buy_2th_pre_bid"": ""-111500"", ""buy_2th_pre_req"": ""4335"", ""buy_2th_pre_req_pre"": ""0"", ""buy_3th_pre_bid"": ""-111400"", ""buy_3th_pre_req"": ""1972"", ""buy_3th_pre_req_pre"": ""0"", ""buy_4th_pre_bid"": ""-111300"", ""buy_4th_pre_req"": ""848"", ""buy_4th_pre_req_pre"": ""0"", ""buy_5th_pre_bid"": ""-111200"", ""buy_5th_pre_req"": ""3686"", ""buy_5th_pre_req_pre"": ""0"", ""buy_6th_pre_bid"": ""-111100"", ""buy_6th_pre_req"": ""1396"", ""buy_6th_pre_req_pre"": ""0"", ""buy_7th_pre_bid"": ""-111000"", ""buy_7th_pre_req"": ""3631"", ""buy_7th_pre_req_pre"": ""0"", ""buy_8th_pre_bid"": ""-110900"", ""buy_8th_pre_req"": ""459"", ""buy_8th_pre_req_pre"": ""+7"", ""buy_9th_pre_bid"": ""-110800"", ""buy_9th_pre_req"": ""316"", ""buy_9th_pre_req_pre"": ""0"", ""buy_10th_pre_bid"": ""-110700"", ""buy_10th_pre_req"": ""1069"", ""buy_10th_pre_req_pre"": ""0"", ""tot_sel_req_jub_pre"": ""+19"", ""tot_sel_req"": ""2460"", ""tot_buy_req"": ""19631"", ""tot_buy_req_jub_pre"": ""+7"", ""ovt_sel_req_pre"": ""0"", ""ovt_sel_req"": ""0"", ""ovt_buy_req"": ""0"", ""ovt_buy_req_pre"": ""0"", ""return_code"": 0, ""return_msg"": ""정상적으로 처리되었습니다""}"
2026-06-10,scan_candidate,353200,,0,main_scan,157400,,157400,157000,157400,157000,-0.5717916137229987,0.25412960609911056,,,,,,"{""bid_req_base_tm"": ""093834"", ""sel_10th_pre_req_pre"": ""0"", ""sel_10th_pre_req"": ""64"", ""sel_10th_pre_bid"": ""+158300"", ""sel_9th_pre_req_pre"": ""0"", ""sel_9th_pre_req"": ""215"", ""sel_9th_pre_bid"": ""+158200"", ""sel_8th_pre_req_pre"": ""0"", ""sel_8th_pre_req"": ""709"", ""sel_8th_pre_bid"": ""+158100"", ""sel_7th_pre_req_pre"": ""0"", ""sel_7th_pre_req"": ""561"", ""sel_7th_pre_bid"": ""+158000"", ""sel_6th_pre_req_pre"": ""0"", ""sel_6th_pre_req"": ""442"", ""sel_6th_pre_bid"": ""+157900"", ""sel_5th_pre_req_pre"": ""0"", ""sel_5th_pre_req"": ""138"", ""sel_5th_pre_bid"": ""+157800"", ""sel_4th_pre_req_pre"": ""0"", ""sel_4th_pre_req"": ""60"", ""sel_4th_pre_bid"": ""+157700"", ""sel_3th_pre_req_pre"": ""0"", ""sel_3th_pre_req"": ""7"", ""sel_3th_pre_bid"": ""+157600"", ""sel_2th_pre_req_pre"": ""0"", ""sel_2th_pre_req"": ""473"", ""sel_2th_pre_bid"": ""+157500"", ""sel_1th_pre_req_pre"": ""--65"", ""sel_fpr_req"": ""23"", ""sel_fpr_bid"": ""+157400"", ""buy_fpr_bid"": ""+157000"", ""buy_fpr_req"": ""12"", ""buy_1th_pre_req_pre"": ""0"", ""buy_2th_pre_bid"": ""+156900"", ""buy_2th_pre_req"": ""792"", ""buy_2th_pre_req_pre"": ""0"", ""buy_3th_pre_bid"": ""+156800"", ""buy_3th_pre_req"": ""30"", ""buy_3th_pre_req_pre"": ""0"", ""buy_4th_pre_bid"": ""+156700"", ""buy_4th_pre_req"": ""21"", ""buy_4th_pre_req_pre"": ""0"", ""buy_5th_pre_bid"": ""+156600"", ""buy_5th_pre_req"": ""32"", ""buy_5th_pre_req_pre"": ""0"", ""buy_6th_pre_bid"": ""+156500"", ""buy_6th_pre_req"": ""50"", ""buy_6th_pre_req_pre"": ""0"", ""buy_7th_pre_bid"": ""+156400"", ""buy_7th_pre_req"": ""68"", ""buy_7th_pre_req_pre"": ""0"", ""buy_8th_pre_bid"": ""+156300"", ""buy_8th_pre_req"": ""37"", ""buy_8th_pre_req_pre"": ""0"", ""buy_9th_pre_bid"": ""+156200"", ""buy_9th_pre_req"": ""177"", ""buy_9th_pre_req_pre"": ""0"", ""buy_10th_pre_bid"": ""+156100"", ""buy_10th_pre_req"": ""84"", ""buy_10th_pre_req_pre"": ""0"", ""tot_sel_req_jub_pre"": ""--65"", ""tot_sel_req"": ""2692"", ""tot_buy_req"": ""1303"", ""tot_buy_req_jub_pre"": ""+83"", ""ovt_sel_req_pre"": ""0"", ""ovt_sel_req"": ""0"", ""ovt_buy_req"": ""0"", ""ovt_buy_req_pre"": ""0"", ""return_code"": 0, ""return_msg"": ""정상적으로 처리되었습니다""}"
2026-06-10,scan_candidate,034220,,0,main_scan,13200,,13200,13190,13200,13200,-0.3787878787878788,0.07575757575757576,,,,,,"{""bid_req_base_tm"": ""093834"", ""sel_10th_pre_req_pre"": ""0"", ""sel_10th_pre_req"": ""200"", ""sel_10th_pre_bid"": ""-13290"", ""sel_9th_pre_req_pre"": ""0"", ""sel_9th_pre_req"": ""119"", ""sel_9th_pre_bid"": ""-13280"", ""sel_8th_pre_req_pre"": ""0"", ""sel_8th_pre_req"": ""117"", ""sel_8th_pre_bid"": ""-13270"", ""sel_7th_pre_req_pre"": ""0"", ""sel_7th_pre_req"": ""2411"", ""sel_7th_pre_bid"": ""-13260"", ""sel_6th_pre_req_pre"": ""0"", ""sel_6th_pre_req"": ""280"", ""sel_6th_pre_bid"": ""-13250"", ""sel_5th_pre_req_pre"": ""0"", ""sel_5th_pre_req"": ""323"", ""sel_5th_pre_bid"": ""-13240"", ""sel_4th_pre_req_pre"": ""0"", ""sel_4th_pre_req"": ""1"", ""sel_4th_pre_bid"": ""-13230"", ""sel_3th_pre_req_pre"": ""0"", ""sel_3th_pre_req"": ""198"", ""sel_3th_pre_bid"": ""-13220"", ""sel_2th_pre_req_pre"": ""0"", ""sel_2th_pre_req"": ""2532"", ""sel_2th_pre_bid"": ""-13210"", ""sel_1th_pre_req_pre"": ""--10"", ""sel_fpr_req"": ""8"", ""sel_fpr_bid"": ""-13200"", ""buy_fpr_bid"": ""-13190"", ""buy_fpr_req"": ""274"", ""buy_1th_pre_req_pre"": ""0"", ""buy_2th_pre_bid"": ""-13180"", ""buy_2th_pre_req"": ""127"", ""buy_2th_pre_req_pre"": ""0"", ""buy_3th_pre_bid"": ""-13170"", ""buy_3th_pre_req"": ""3819"", ""buy_3th_pre_req_pre"": ""+2"", ""buy_4th_pre_bid"": ""-13160"", ""buy_4th_pre_req"": ""5597"", ""buy_4th_pre_req_pre"": ""0"", ""buy_5th_pre_bid"": ""-13150"", ""buy_5th_pre_req"": ""7893"", ""buy_5th_pre_req_pre"": ""0"", ""buy_6th_pre_bid"": ""-13140"", ""buy_6th_pre_req"": ""9607"", ""buy_6th_pre_req_pre"": ""0"", ""buy_7th_pre_bid"": ""-13130"", ""buy_7th_pre_req"": ""23907"", ""buy_7th_pre_req_pre"": ""0"", ""buy_8th_pre_bid"": ""-13120"", ""buy_8th_pre_req"": ""10571"", ""buy_8th_pre_req_pre"": ""0"", ""buy_9th_pre_bid"": ""-13110"", ""buy_9th_pre_req"": ""16118"", ""buy_9th_pre_req_pre"": ""0"", ""buy_10th_pre_bid"": ""-13100"", ""buy_10th_pre_req"": ""55774"", ""buy_10th_pre_req_pre"": ""0"", ""tot_sel_req_jub_pre"": ""--10"", ""tot_sel_req"": ""6189"", ""tot_buy_req"": ""133687"", ""tot_buy_req_jub_pre"": ""+2"", ""ovt_sel_req_pre"": ""0"", ""ovt_sel_req"": ""0"", ""ovt_buy_req"": ""0"", ""ovt_buy_req_pre"": ""0"", ""return_code"": 0, ""return_msg"": ""정상적으로 처리되었습니다""}"
2026-06-10,scan_candidate,062040,,0,main_scan,225500,,225500,225000,225500,226000,0.0,0.22172949002217296,,,,,,"{""bid_req_base_tm"": ""093834"", ""sel_10th_pre_req_pre"": ""0"", ""sel_10th_pre_req"": ""386"", ""sel_10th_pre_bid"": ""+230000"", ""sel_9th_pre_req_pre"": ""0"", ""sel_9th_pre_req"": ""581"", ""sel_9th_pre_bid"": ""+229500"", ""sel_8th_pre_req_pre"": ""0"", ""sel_8th_pre_req"": ""124"", ""sel_8th_pre_bid"": ""+229000"", ""sel_7th_pre_req_pre"": ""0"", ""sel_7th_pre_req"": ""21"", ""sel_7th_pre_bid"": ""+228500"", ""sel_6th_pre_req_pre"": ""0"", ""sel_6th_pre_req"": ""2"", ""sel_6th_pre_bid"": ""+228000"", ""sel_5th_pre_req_pre"": ""0"", ""sel_5th_pre_req"": ""19"", ""sel_5th_pre_bid"": ""+227500"", ""sel_4th_pre_req_pre"": ""0"", ""sel_4th_pre_req"": ""9"", ""sel_4th_pre_bid"": ""+227000"", ""sel_3th_pre_req_pre"": ""0"", ""sel_3th_pre_req"": ""188"", ""sel_3th_pre_bid"": ""+226500"", ""sel_2th_pre_req_pre"": ""0"", ""sel_2th_pre_req"": ""202"", ""sel_2th_pre_bid"": ""+226000"", ""sel_1th_pre_req_pre"": ""0"", ""sel_fpr_req"": ""61"", ""sel_fpr_bid"": ""+225500"", ""buy_fpr_bid"": ""225000"", ""buy_fpr_req"": ""414"", ""buy_1th_pre_req_pre"": ""--2"", ""buy_2th_pre_bid"": ""-224500"", ""buy_2th_pre_req"": ""265"", ""buy_2th_pre_req_pre"": ""0"", ""buy_3th_pre_bid"": ""-224000"", ""buy_3th_pre_req"": ""158"", ""buy_3th_pre_req_pre"": ""0"", ""buy_4th_pre_bid"": ""-223500"", ""buy_4th_pre_req"": ""194"", ""buy_4th_pre_req_pre"": ""0"", ""buy_5th_pre_bid"": ""-223000"", ""buy_5th_pre_req"": ""230"", ""buy_5th_pre_req_pre"": ""0"", ""buy_6th_pre_bid"": ""-222500"", ""buy_6th_pre_req"": ""104"", ""buy_6th_pre_req_pre"": ""0"", ""buy_7th_pre_bid"": ""-222000"", ""buy_7th_pre_req"": ""250"", ""buy_7th_pre_req_pre"": ""0"", ""buy_8th_pre_bid"": ""-221500"", ""buy_8th_pre_req"": ""66"", ""buy_8th_pre_req_pre"": ""0"", ""buy_9th_pre_bid"": ""-221000"", ""buy_9th_pre_req"": ""221"", ""buy_9th_pre_req_pre"": ""0"", ""buy_10th_pre_bid"": ""-220500"", ""buy_10th_pre_req"": ""481"", ""buy_10th_pre_req_pre"": ""0"", ""tot_sel_req_jub_pre"": ""0"", ""tot_sel_req"": ""1593"", ""tot_buy_req"": ""2383"", ""tot_buy_req_jub_pre"": ""--2"", ""ovt_sel_req_pre"": ""0"", ""ovt_sel_req"": ""0"", ""ovt_buy_req"": ""0"", ""ovt_buy_req_pre"": ""0"", ""return_code"": 0, ""return_msg"": ""정상적으로 처리되었습니다""}"
2026-06-10,scan_candidate,078930,,0,main_scan,73200,,73200,73100,73200,73600,0.4098360655737705,0.1366120218579235,,,,,,"{""bid_req_base_tm"": ""093834"", ""sel_10th_pre_req_pre"": ""0"", ""sel_10th_pre_req"": ""46"", ""sel_10th_pre_bid"": ""+74400"", ""sel_9th_pre_req_pre"": ""0"", ""sel_9th_pre_req"": ""10"", ""sel_9th_pre_bid"": ""+74300"", ""sel_8th_pre_req_pre"": ""0"", ""sel_8th_pre_req"": ""1"", ""sel_8th_pre_bid"": ""+74200"", ""sel_7th_pre_req_pre"": ""0"", ""sel_7th_pre_req"": ""20"", ""sel_7th_pre_bid"": ""73800"", ""sel_6th_pre_req_pre"": ""0"", ""sel_6th_pre_req"": ""10"", ""sel_6th_pre_bid"": ""-73700"", ""sel_5th_pre_req_pre"": ""0"", ""sel_5th_pre_req"": ""67"", ""sel_5th_pre_bid"": ""-73600"", ""sel_4th_pre_req_pre"": ""0"", ""sel_4th_pre_req"": ""146"", ""sel_4th_pre_bid"": ""-73500"", ""sel_3th_pre_req_pre"": ""0"", ""sel_3th_pre_req"": ""98"", ""sel_3th_pre_bid"": ""-73400"", ""sel_2th_pre_req_pre"": ""--14"", ""sel_2th_pre_req"": ""258"", ""sel_2th_pre_bid"": ""-73300"", ""sel_1th_pre_req_pre"": ""+14"", ""sel_fpr_req"": ""33"", ""sel_fpr_bid"": ""-73200"", ""buy_fpr_bid"": ""-73100"", ""buy_fpr_req"": ""203"", ""buy_1th_pre_req_pre"": ""0"", ""buy_2th_pre_bid"": ""-73000"", ""buy_2th_pre_req"": ""476"", ""buy_2th_pre_req_pre"": ""0"", ""buy_3th_pre_bid"": ""-72900"", ""buy_3th_pre_req"": ""409"", ""buy_3th_pre_req_pre"": ""0"", ""buy_4th_pre_bid"": ""-72800"", ""buy_4th_pre_req"": ""79"", ""buy_4th_pre_req_pre"": ""0"", ""buy_5th_pre_bid"": ""-72700"", ""buy_5th_pre_req"": ""54"", ""buy_5th_pre_req_pre"": ""0"", ""buy_6th_pre_bid"": ""-72600"", ""buy_6th_pre_req"": ""2"", ""buy_6th_pre_req_pre"": ""0"", ""buy_7th_pre_bid"": ""-72500"", ""buy_7th_pre_req"": ""9"", ""buy_7th_pre_req_pre"": ""0"", ""buy_8th_pre_bid"": ""-72400"", ""buy_8th_pre_req"": ""12"", ""buy_8th_pre_req_pre"": ""0"", ""buy_9th_pre_bid"": ""-72300"", ""buy_9th_pre_req"": ""25"", ""buy_9th_pre_req_pre"": ""0"", ""buy_10th_pre_bid"": ""-72200"", ""buy_10th_pre_req"": ""10"", ""buy_10th_pre_req_pre"": ""0"", ""tot_sel_req_jub_pre"": ""0"", ""tot_sel_req"": ""689"", ""tot_buy_req"": ""1279"", ""tot_buy_req_jub_pre"": ""0"", ""ovt_sel_req_pre"": ""0"", ""ovt_sel_req"": ""0"", ""ovt_buy_req"": ""0"", ""ovt_buy_req_pre"": ""0"", ""return_code"": 0, ""return_msg"": ""정상적으로 처리되었습니다""}"
2026-06-10,scan_candidate,090430,,0,main_scan,111900,,111900,111700,111900,111500,-0.8042895442359249,0.17873100983020554,,,,,,"{""bid_req_base_tm"": ""093831"", ""sel_10th_pre_req_pre"": ""0"", ""sel_10th_pre_req"": ""287"", ""sel_10th_pre_bid"": ""+113000"", ""sel_9th_pre_req_pre"": ""0"", ""sel_9th_pre_req"": ""67"", ""sel_9th_pre_bid"": ""+112900"", ""sel_8th_pre_req_pre"": ""0"", ""sel_8th_pre_req"": ""10"", ""sel_8th_pre_bid"": ""+112800"", ""sel_7th_pre_req_pre"": ""0"", ""sel_7th_pre_req"": ""17"", ""sel_7th_pre_bid"": ""+112700"", ""sel_6th_pre_req_pre"": ""0"", ""sel_6th_pre_req"": ""10"", ""sel_6th_pre_bid"": ""+112600"", ""sel_5th_pre_req_pre"": ""0"", ""sel_5th_pre_req"": ""10"", ""sel_5th_pre_bid"": ""+112500"", ""sel_4th_pre_req_pre"": ""0"", ""sel_4th_pre_req"": ""12"", ""sel_4th_pre_bid"": ""+112400"", ""sel_3th_pre_req_pre"": ""0"", ""sel_3th_pre_req"": ""56"", ""sel_3th_pre_bid"": ""+112100"", ""sel_2th_pre_req_pre"": ""0"", ""sel_2th_pre_req"": ""200"", ""sel_2th_pre_bid"": ""112000"", ""sel_1th_pre_req_pre"": ""0"", ""sel_fpr_req"": ""52"", ""sel_fpr_bid"": ""-111900"", ""buy_fpr_bid"": ""-111700"", ""buy_fpr_req"": ""135"", ""buy_1th_pre_req_pre"": ""0"", ""buy_2th_pre_bid"": ""-111600"", ""buy_2th_pre_req"": ""134"", ""buy_2th_pre_req_pre"": ""0"", ""buy_3th_pre_bid"": ""-111500"", ""buy_3th_pre_req"": ""99"", ""buy_3th_pre_req_pre"": ""0"", ""buy_4th_pre_bid"": ""-111400"", ""buy_4th_pre_req"": ""29"", ""buy_4th_pre_req_pre"": ""0"", ""buy_5th_pre_bid"": ""-111300"", ""buy_5th_pre_req"": ""65"", ""buy_5th_pre_req_pre"": ""0"", ""buy_6th_pre_bid"": ""-111200"", ""buy_6th_pre_req"": ""15"", ""buy_6th_pre_req_pre"": ""0"", ""buy_7th_pre_bid"": ""-111100"", ""buy_7th_pre_req"": ""31"", ""buy_7th_pre_req_pre"": ""0"", ""buy_8th_pre_bid"": ""-111000"", ""buy_8th_pre_req"": ""150"", ""buy_8th_pre_req_pre"": ""+1"", ""buy_9th_pre_bid"": ""-110900"", ""buy_9th_pre_req"": ""74"", ""buy_9th_pre_req_pre"": ""0"", ""buy_10th_pre_bid"": ""-110800"", ""buy_10th_pre_req"": ""38"", ""buy_10th_pre_req_pre"": ""0"", ""tot_sel_req_jub_pre"": ""0"", ""tot_sel_req"": ""721"", ""tot_buy_req"": ""770"", ""tot_buy_req_jub_pre"": ""+1"", ""ovt_sel_req_pre"": ""0"", ""ovt_sel_req"": ""0"", ""ovt_buy_req"": ""0"", ""ovt_buy_req_pre"": ""0"", ""return_code"": 0, ""return_msg"": ""정상적으로 처리되었습니다""}"
2026-06-10,scan_candidate,004170,,0,main_scan,672000,,672000,671000,672000,676000,0.4464285714285714,0.1488095238095238,,,,,,"{""bid_req_base_tm"": ""093834"", ""sel_10th_pre_req_pre"": ""0"", ""sel_10th_pre_req"": ""10"", ""sel_10th_pre_bid"": ""+682000"", ""sel_9th_pre_req_pre"": ""0"", ""sel_9th_pre_req"": ""20"", ""sel_9th_pre_bid"": ""+681000"", ""sel_8th_pre_req_pre"": ""0"", ""sel_8th_pre_req"": ""122"", ""sel_8th_pre_bid"": ""+680000"", ""sel_7th_pre_req_pre"": ""0"", ""sel_7th_pre_req"": ""181"", ""sel_7th_pre_bid"": ""+679000"", ""sel_6th_pre_req_pre"": ""0"", ""sel_6th_pre_req"": ""5"", ""sel_6th_pre_bid"": ""+678000"", ""sel_5th_pre_req_pre"": ""0"", ""sel_5th_pre_req"": ""5"", ""sel_5th_pre_bid"": ""+677000"", ""sel_4th_pre_req_pre"": ""0"", ""sel_4th_pre_req"": ""30"", ""sel_4th_pre_bid"": ""+676000"", ""sel_3th_pre_req_pre"": ""0"", ""sel_3th_pre_req"": ""3"", ""sel_3th_pre_bid"": ""+675000"", ""sel_2th_pre_req_pre"": ""0"", ""sel_2th_pre_req"": ""26"", ""sel_2th_pre_bid"": ""+673000"", ""sel_1th_pre_req_pre"": ""0"", ""sel_fpr_req"": ""32"", ""sel_fpr_bid"": ""+672000"", ""buy_fpr_bid"": ""+671000"", ""buy_fpr_req"": ""396"", ""buy_1th_pre_req_pre"": ""--5"", ""buy_2th_pre_bid"": ""+670000"", ""buy_2th_pre_req"": ""648"", ""buy_2th_pre_req_pre"": ""0"", ""buy_3th_pre_bid"": ""+669000"", ""buy_3th_pre_req"": ""5"", ""buy_3th_pre_req_pre"": ""0"", ""buy_4th_pre_bid"": ""+668000"", ""buy_4th_pre_req"": ""7"", ""buy_4th_pre_req_pre"": ""0"", ""buy_5th_pre_bid"": ""+667000"", ""buy_5th_pre_req"": ""122"", ""buy_5th_pre_req_pre"": ""0"", ""buy_6th_pre_bid"": ""+666000"", ""buy_6th_pre_req"": ""32"", ""buy_6th_pre_req_pre"": ""0"", ""buy_7th_pre_bid"": ""+665000"", ""buy_7th_pre_req"": ""27"", ""buy_7th_pre_req_pre"": ""0"", ""buy_8th_pre_bid"": ""+664000"", ""buy_8th_pre_req"": ""22"", ""buy_8th_pre_req_pre"": ""0"", ""buy_9th_pre_bid"": ""+663000"", ""buy_9th_pre_req"": ""53"", ""buy_9th_pre_req_pre"": ""0"", ""buy_10th_pre_bid"": ""+662000"", ""buy_10th_pre_req"": ""69"", ""buy_10th_pre_req_pre"": ""0"", ""tot_sel_req_jub_pre"": ""0"", ""tot_sel_req"": ""434"", ""tot_buy_req"": ""1381"", ""tot_buy_req_jub_pre"": ""--5"", ""ovt_sel_req_pre"": ""0"", ""ovt_sel_req"": ""0"", ""ovt_buy_req"": ""0"", ""ovt_buy_req_pre"": ""0"", ""return_code"": 0, ""return_msg"": ""정상적으로 처리되었습니다""}"
2026-06-10,scan_candidate,036570,,0,main_scan,256000,,256000,255500,256000,257500,0.390625,0.1953125,,,,,,"{""bid_req_base_tm"": ""093835"", ""sel_10th_pre_req_pre"": ""0"", ""sel_10th_pre_req"": ""9"", ""sel_10th_pre_bid"": ""-260500"", ""sel_9th_pre_req_pre"": ""0"", ""sel_9th_pre_req"": ""64"", ""sel_9th_pre_bid"": ""-260000"", ""sel_8th_pre_req_pre"": ""0"", ""sel_8th_pre_req"": ""40"", ""sel_8th_pre_bid"": ""-259500"", ""sel_7th_pre_req_pre"": ""0"", ""sel_7th_pre_req"": ""47"", ""sel_7th_pre_bid"": ""-259000"", ""sel_6th_pre_req_pre"": ""0"", ""sel_6th_pre_req"": ""43"", ""sel_6th_pre_bid"": ""-258500"", ""sel_5th_pre_req_pre"": ""0"", ""sel_5th_pre_req"": ""41"", ""sel_5th_pre_bid"": ""-258000"", ""sel_4th_pre_req_pre"": ""0"", ""sel_4th_pre_req"": ""10"", ""sel_4th_pre_bid"": ""-257500"", ""sel_3th_pre_req_pre"": ""0"", ""sel_3th_pre_req"": ""24"", ""sel_3th_pre_bid"": ""-257000"", ""sel_2th_pre_req_pre"": ""0"", ""sel_2th_pre_req"": ""95"", ""sel_2th_pre_bid"": ""-256500"", ""sel_1th_pre_req_pre"": ""0"", ""sel_fpr_req"": ""65"", ""sel_fpr_bid"": ""-256000"", ""buy_fpr_bid"": ""-255500"", ""buy_fpr_req"": ""64"", ""buy_1th_pre_req_pre"": ""+5"", ""buy_2th_pre_bid"": ""-255000"", ""buy_2th_pre_req"": ""215"", ""buy_2th_pre_req_pre"": ""0"", ""buy_3th_pre_bid"": ""-254500"", ""buy_3th_pre_req"": ""761"", ""buy_3th_pre_req_pre"": ""0"", ""buy_4th_pre_bid"": ""-254000"", ""buy_4th_pre_req"": ""205"", ""buy_4th_pre_req_pre"": ""0"", ""buy_5th_pre_bid"": ""-253500"", ""buy_5th_pre_req"": ""286"", ""buy_5th_pre_req_pre"": ""0"", ""buy_6th_pre_bid"": ""-253000"", ""buy_6th_pre_req"": ""815"", ""buy_6th_pre_req_pre"": ""0"", ""buy_7th_pre_bid"": ""-252500"", ""buy_7th_pre_req"": ""181"", ""buy_7th_pre_req_pre"": ""0"", ""buy_8th_pre_bid"": ""-252000"", ""buy_8th_pre_req"": ""100"", ""buy_8th_pre_req_pre"": ""0"", ""buy_9th_pre_bid"": ""-251500"", ""buy_9th_pre_req"": ""222"", ""buy_9th_pre_req_pre"": ""0"", ""buy_10th_pre_bid"": ""-251000"", ""buy_10th_pre_req"": ""157"", ""buy_10th_pre_req_pre"": ""0"", ""tot_sel_req_jub_pre"": ""0"", ""tot_sel_req"": ""438"", ""tot_buy_req"": ""3006"", ""tot_buy_req_jub_pre"": ""+5"", ""ovt_sel_req_pre"": ""0"", ""ovt_sel_req"": ""0"", ""ovt_buy_req"": ""0"", ""ovt_buy_req_pre"": ""0"", ""return_code"": 0, ""return_msg"": ""정상적으로 처리되었습니다""}"
2026-06-10,scan_candidate,271560,,0,main_scan,133000,,133000,132900,133000,132500,-0.7518796992481203,0.07518796992481204,,,,,,"{""bid_req_base_tm"": ""093835"", ""sel_10th_pre_req_pre"": ""0"", ""sel_10th_pre_req"": ""10"", ""sel_10th_pre_bid"": ""+134100"", ""sel_9th_pre_req_pre"": ""0"", ""sel_9th_pre_req"": ""162"", ""sel_9th_pre_bid"": ""+134000"", ""sel_8th_pre_req_pre"": ""0"", ""sel_8th_pre_req"": ""119"", ""sel_8th_pre_bid"": ""+133900"", ""sel_7th_pre_req_pre"": ""0"", ""sel_7th_pre_req"": ""39"", ""sel_7th_pre_bid"": ""+133600"", ""sel_6th_pre_req_pre"": ""0"", ""sel_6th_pre_req"": ""253"", ""sel_6th_pre_bid"": ""+133500"", ""sel_5th_pre_req_pre"": ""0"", ""sel_5th_pre_req"": ""2"", ""sel_5th_pre_bid"": ""+133400"", ""sel_4th_pre_req_pre"": ""0"", ""sel_4th_pre_req"": ""27"", ""sel_4th_pre_bid"": ""+133300"", ""sel_3th_pre_req_pre"": ""0"", ""sel_3th_pre_req"": ""13"", ""sel_3th_pre_bid"": ""+133200"", ""sel_2th_pre_req_pre"": ""0"", ""sel_2th_pre_req"": ""86"", ""sel_2th_pre_bid"": ""+133100"", ""sel_1th_pre_req_pre"": ""0"", ""sel_fpr_req"": ""218"", ""sel_fpr_bid"": ""+133000"", ""buy_fpr_bid"": ""132900"", ""buy_fpr_req"": ""191"", ""buy_1th_pre_req_pre"": ""+7"", ""buy_2th_pre_bid"": ""-132800"", ""buy_2th_pre_req"": ""160"", ""buy_2th_pre_req_pre"": ""0"", ""buy_3th_pre_bid"": ""-132700"", ""buy_3th_pre_req"": ""39"", ""buy_3th_pre_req_pre"": ""0"", ""buy_4th_pre_bid"": ""-132600"", ""buy_4th_pre_req"": ""58"", ""buy_4th_pre_req_pre"": ""0"", ""buy_5th_pre_bid"": ""-132500"", ""buy_5th_pre_req"": ""30"", ""buy_5th_pre_req_pre"": ""0"", ""buy_6th_pre_bid"": ""-132400"", ""buy_6th_pre_req"": ""112"", ""buy_6th_pre_req_pre"": ""0"", ""buy_7th_pre_bid"": ""-132300"", ""buy_7th_pre_req"": ""18"", ""buy_7th_pre_req_pre"": ""0"", ""buy_8th_pre_bid"": ""-132100"", ""buy_8th_pre_req"": ""45"", ""buy_8th_pre_req_pre"": ""0"", ""buy_9th_pre_bid"": ""-132000"", ""buy_9th_pre_req"": ""2"", ""buy_9th_pre_req_pre"": ""0"", ""buy_10th_pre_bid"": ""-131900"", ""buy_10th_pre_req"": ""1"", ""buy_10th_pre_req_pre"": ""0"", ""tot_sel_req_jub_pre"": ""0"", ""tot_sel_req"": ""929"", ""tot_buy_req"": ""656"", ""tot_buy_req_jub_pre"": ""+7"", ""ovt_sel_req_pre"": ""0"", ""ovt_sel_req"": ""0"", ""ovt_buy_req"": ""0"", ""ovt_buy_req_pre"": ""0"", ""return_code"": 0, ""return_msg"": ""정상적으로 처리되었습니다""}"
2026-06-10,scan_candidate,023530,,0,main_scan,193800,,193800,193600,193800,193500,-0.41279669762641896,0.10319917440660474,,,,,,"{""bid_req_base_tm"": ""093834"", ""sel_10th_pre_req_pre"": ""0"", ""sel_10th_pre_req"": ""2663"", ""sel_10th_pre_bid"": ""+195000"", ""sel_9th_pre_req_pre"": ""0"", ""sel_9th_pre_req"": ""345"", ""sel_9th_pre_bid"": ""+194900"", ""sel_8th_pre_req_pre"": ""0"", ""sel_8th_pre_req"": ""287"", ""sel_8th_pre_bid"": ""+194800"", ""sel_7th_pre_req_pre"": ""0"", ""sel_7th_pre_req"": ""168"", ""sel_7th_pre_bid"": ""+194700"", ""sel_6th_pre_req_pre"": ""0"", ""sel_6th_pre_req"": ""65"", ""sel_6th_pre_bid"": ""+194600"", ""sel_5th_pre_req_pre"": ""0"", ""sel_5th_pre_req"": ""22"", ""sel_5th_pre_bid"": ""+194500"", ""sel_4th_pre_req_pre"": ""0"", ""sel_4th_pre_req"": ""1"", ""sel_4th_pre_bid"": ""+194400"", ""sel_3th_pre_req_pre"": ""0"", ""sel_3th_pre_req"": ""18"", ""sel_3th_pre_bid"": ""+194000"", ""sel_2th_pre_req_pre"": ""0"", ""sel_2th_pre_req"": ""18"", ""sel_2th_pre_bid"": ""+193900"", ""sel_1th_pre_req_pre"": ""0"", ""sel_fpr_req"": ""23"", ""sel_fpr_bid"": ""+193800"", ""buy_fpr_bid"": ""+193600"", ""buy_fpr_req"": ""13"", ""buy_1th_pre_req_pre"": ""0"", ""buy_2th_pre_bid"": ""+193500"", ""buy_2th_pre_req"": ""12"", ""buy_2th_pre_req_pre"": ""0"", ""buy_3th_pre_bid"": ""+193400"", ""buy_3th_pre_req"": ""42"", ""buy_3th_pre_req_pre"": ""0"", ""buy_4th_pre_bid"": ""+193300"", ""buy_4th_pre_req"": ""74"", ""buy_4th_pre_req_pre"": ""0"", ""buy_5th_pre_bid"": ""+193200"", ""buy_5th_pre_req"": ""16"", ""buy_5th_pre_req_pre"": ""0"", ""buy_6th_pre_bid"": ""+193100"", ""buy_6th_pre_req"": ""50"", ""buy_6th_pre_req_pre"": ""0"", ""buy_7th_pre_bid"": ""+193000"", ""buy_7th_pre_req"": ""112"", ""buy_7th_pre_req_pre"": ""0"", ""buy_8th_pre_bid"": ""+192900"", ""buy_8th_pre_req"": ""15"", ""buy_8th_pre_req_pre"": ""0"", ""buy_9th_pre_bid"": ""+192800"", ""buy_9th_pre_req"": ""7"", ""buy_9th_pre_req_pre"": ""0"", ""buy_10th_pre_bid"": ""+192600"", ""buy_10th_pre_req"": ""16"", ""buy_10th_pre_req_pre"": ""0"", ""tot_sel_req_jub_pre"": ""0"", ""tot_sel_req"": ""3610"", ""tot_buy_req"": ""357"", ""tot_buy_req_jub_pre"": ""0"", ""ovt_sel_req_pre"": ""0"", ""ovt_sel_req"": ""0"", ""ovt_buy_req"": ""0"", ""ovt_buy_req_pre"": ""0"", ""return_code"": 0, ""return_msg"": ""정상적으로 처리되었습니다""}"
2026-06-10,scan_candidate,175330,,0,main_scan,25200,,25200,25150,25200,25000,-0.992063492063492,0.1984126984126984,,,,,,"{""bid_req_base_tm"": ""093835"", ""sel_10th_pre_req_pre"": ""0"", ""sel_10th_pre_req"": ""461"", ""sel_10th_pre_bid"": ""-25650"", ""sel_9th_pre_req_pre"": ""0"", ""sel_9th_pre_req"": ""360"", ""sel_9th_pre_bid"": ""-25600"", ""sel_8th_pre_req_pre"": ""0"", ""sel_8th_pre_req"": ""43"", ""sel_8th_pre_bid"": ""-25550"", ""sel_7th_pre_req_pre"": ""0"", ""sel_7th_pre_req"": ""9"", ""sel_7th_pre_bid"": ""-25500"", ""sel_6th_pre_req_pre"": ""0"", ""sel_6th_pre_req"": ""2"", ""sel_6th_pre_bid"": ""-25450"", ""sel_5th_pre_req_pre"": ""0"", ""sel_5th_pre_req"": ""112"", ""sel_5th_pre_bid"": ""-25400"", ""sel_4th_pre_req_pre"": ""0"", ""sel_4th_pre_req"": ""3054"", ""sel_4th_pre_bid"": ""-25350"", ""sel_3th_pre_req_pre"": ""0"", ""sel_3th_pre_req"": ""336"", ""sel_3th_pre_bid"": ""-25300"", ""sel_2th_pre_req_pre"": ""0"", ""sel_2th_pre_req"": ""1324"", ""sel_2th_pre_bid"": ""-25250"", ""sel_1th_pre_req_pre"": ""0"", ""sel_fpr_req"": ""5288"", ""sel_fpr_bid"": ""-25200"", ""buy_fpr_bid"": ""-25150"", ""buy_fpr_req"": ""120"", ""buy_1th_pre_req_pre"": ""+4"", ""buy_2th_pre_bid"": ""-25100"", ""buy_2th_pre_req"": ""194"", ""buy_2th_pre_req_pre"": ""0"", ""buy_3th_pre_bid"": ""-25050"", ""buy_3th_pre_req"": ""336"", ""buy_3th_pre_req_pre"": ""0"", ""buy_4th_pre_bid"": ""-25000"", ""buy_4th_pre_req"": ""507"", ""buy_4th_pre_req_pre"": ""0"", ""buy_5th_pre_bid"": ""-24950"", ""buy_5th_pre_req"": ""238"", ""buy_5th_pre_req_pre"": ""0"", ""buy_6th_pre_bid"": ""-24900"", ""buy_6th_pre_req"": ""505"", ""buy_6th_pre_req_pre"": ""0"", ""buy_7th_pre_bid"": ""-24850"", ""buy_7th_pre_req"": ""827"", ""buy_7th_pre_req_pre"": ""0"", ""buy_8th_pre_bid"": ""-24800"", ""buy_8th_pre_req"": ""4498"", ""buy_8th_pre_req_pre"": ""0"", ""buy_9th_pre_bid"": ""-24750"", ""buy_9th_pre_req"": ""174"", ""buy_9th_pre_req_pre"": ""0"", ""buy_10th_pre_bid"": ""-24700"", ""buy_10th_pre_req"": ""1190"", ""buy_10th_pre_req_pre"": ""0"", ""tot_sel_req_jub_pre"": ""0"", ""tot_sel_req"": ""10989"", ""tot_buy_req"": ""8589"", ""tot_buy_req_jub_pre"": ""+4"", ""ovt_sel_req_pre"": ""0"", ""ovt_sel_req"": ""0"", ""ovt_buy_req"": ""0"", ""ovt_buy_req_pre"": ""0"", ""return_code"": 0, ""return_msg"": ""정상적으로 처리되었습니다""}"
2026-06-10,scan_candidate,088350,,0,main_scan,4830,,4830,4825,4830,4845,0.2070393374741201,0.10351966873706005,,,,,,"{""bid_req_base_tm"": ""093835"", ""sel_10th_pre_req_pre"": ""0"", ""sel_10th_pre_req"": ""1002"", ""sel_10th_pre_bid"": ""-4880"", ""sel_9th_pre_req_pre"": ""0"", ""sel_9th_pre_req"": ""10"", ""sel_9th_pre_bid"": ""-4875"", ""sel_8th_pre_req_pre"": ""0"", ""sel_8th_pre_req"": ""2008"", ""sel_8th_pre_bid"": ""-4865"", ""sel_7th_pre_req_pre"": ""0"", ""sel_7th_pre_req"": ""711"", ""sel_7th_pre_bid"": ""-4860"", ""sel_6th_pre_req_pre"": ""0"", ""sel_6th_pre_req"": ""20"", ""sel_6th_pre_bid"": ""-4855"", ""sel_5th_pre_req_pre"": ""0"", ""sel_5th_pre_req"": ""12453"", ""sel_5th_pre_bid"": ""-4850"", ""sel_4th_pre_req_pre"": ""0"", ""sel_4th_pre_req"": ""906"", ""sel_4th_pre_bid"": ""-4845"", ""sel_3th_pre_req_pre"": ""0"", ""sel_3th_pre_req"": ""797"", ""sel_3th_pre_bid"": ""-4840"", ""sel_2th_pre_req_pre"": ""0"", ""sel_2th_pre_req"": ""610"", ""sel_2th_pre_bid"": ""-4835"", ""sel_1th_pre_req_pre"": ""0"", ""sel_fpr_req"": ""6769"", ""sel_fpr_bid"": ""-4830"", ""buy_fpr_bid"": ""-4825"", ""buy_fpr_req"": ""740"", ""buy_1th_pre_req_pre"": ""+211"", ""buy_2th_pre_bid"": ""-4820"", ""buy_2th_pre_req"": ""9670"", ""buy_2th_pre_req_pre"": ""0"", ""buy_3th_pre_bid"": ""-4815"", ""buy_3th_pre_req"": ""8304"", ""buy_3th_pre_req_pre"": ""0"", ""buy_4th_pre_bid"": ""-4810"", ""buy_4th_pre_req"": ""10776"", ""buy_4th_pre_req_pre"": ""0"", ""buy_5th_pre_bid"": ""-4805"", ""buy_5th_pre_req"": ""14811"", ""buy_5th_pre_req_pre"": ""0"", ""buy_6th_pre_bid"": ""-4800"", ""buy_6th_pre_req"": ""45962"", ""buy_6th_pre_req_pre"": ""0"", ""buy_7th_pre_bid"": ""-4795"", ""buy_7th_pre_req"": ""7158"", ""buy_7th_pre_req_pre"": ""0"", ""buy_8th_pre_bid"": ""-4790"", ""buy_8th_pre_req"": ""24417"", ""buy_8th_pre_req_pre"": ""0"", ""buy_9th_pre_bid"": ""-4785"", ""buy_9th_pre_req"": ""1272"", ""buy_9th_pre_req_pre"": ""0"", ""buy_10th_pre_bid"": ""-4780"", ""buy_10th_pre_req"": ""6282"", ""buy_10th_pre_req_pre"": ""0"", ""tot_sel_req_jub_pre"": ""0"", ""tot_sel_req"": ""25286"", ""tot_buy_req"": ""129392"", ""tot_buy_req_jub_pre"": ""+211"", ""ovt_sel_req_pre"": ""0"", ""ovt_sel_req"": ""0"", ""ovt_buy_req"": ""0"", ""ovt_buy_req_pre"": ""0"", ""return_code"": 0, ""return_msg"": ""정상적으로 처리되었습니다""}"
2026-06-10,scan_candidate,069960,,0,main_scan,165400,,165400,165300,165400,166000,0.06045949214026602,0.06045949214026602,,,,,,"{""bid_req_base_tm"": ""093836"", ""sel_10th_pre_req_pre"": ""0"", ""sel_10th_pre_req"": ""8"", ""sel_10th_pre_bid"": ""+167900"", ""sel_9th_pre_req_pre"": ""0"", ""sel_9th_pre_req"": ""1"", ""sel_9th_pre_bid"": ""+167800"", ""sel_8th_pre_req_pre"": ""0"", ""sel_8th_pre_req"": ""1"", ""sel_8th_pre_bid"": ""+167500"", ""sel_7th_pre_req_pre"": ""0"", ""sel_7th_pre_req"": ""6"", ""sel_7th_pre_bid"": ""+167400"", ""sel_6th_pre_req_pre"": ""0"", ""sel_6th_pre_req"": ""1"", ""sel_6th_pre_bid"": ""+167100"", ""sel_5th_pre_req_pre"": ""0"", ""sel_5th_pre_req"": ""53"", ""sel_5th_pre_bid"": ""+167000"", ""sel_4th_pre_req_pre"": ""0"", ""sel_4th_pre_req"": ""50"", ""sel_4th_pre_bid"": ""+166900"", ""sel_3th_pre_req_pre"": ""0"", ""sel_3th_pre_req"": ""3"", ""sel_3th_pre_bid"": ""-166000"", ""sel_2th_pre_req_pre"": ""0"", ""sel_2th_pre_req"": ""49"", ""sel_2th_pre_bid"": ""-165500"", ""sel_1th_pre_req_pre"": ""0"", ""sel_fpr_req"": ""23"", ""sel_fpr_bid"": ""-165400"", ""buy_fpr_bid"": ""-165300"", ""buy_fpr_req"": ""93"", ""buy_1th_pre_req_pre"": ""0"", ""buy_2th_pre_bid"": ""-165100"", ""buy_2th_pre_req"": ""1"", ""buy_2th_pre_req_pre"": ""0"", ""buy_3th_pre_bid"": ""-165000"", ""buy_3th_pre_req"": ""1370"", ""buy_3th_pre_req_pre"": ""0"", ""buy_4th_pre_bid"": ""-164700"", ""buy_4th_pre_req"": ""91"", ""buy_4th_pre_req_pre"": ""0"", ""buy_5th_pre_bid"": ""-164600"", ""buy_5th_pre_req"": ""7"", ""buy_5th_pre_req_pre"": ""0"", ""buy_6th_pre_bid"": ""-164500"", ""buy_6th_pre_req"": ""3"", ""buy_6th_pre_req_pre"": ""0"", ""buy_7th_pre_bid"": ""-164100"", ""buy_7th_pre_req"": ""21"", ""buy_7th_pre_req_pre"": ""0"", ""buy_8th_pre_bid"": ""-164000"", ""buy_8th_pre_req"": ""7"", ""buy_8th_pre_req_pre"": ""0"", ""buy_9th_pre_bid"": ""-163700"", ""buy_9th_pre_req"": ""8"", ""buy_9th_pre_req_pre"": ""0"", ""buy_10th_pre_bid"": ""-163600"", ""buy_10th_pre_req"": ""1"", ""buy_10th_pre_req_pre"": ""0"", ""tot_sel_req_jub_pre"": ""0"", ""tot_sel_req"": ""195"", ""tot_buy_req"": ""1602"", ""tot_buy_req_jub_pre"": ""0"", ""ovt_sel_req_pre"": ""0"", ""ovt_sel_req"": ""0"", ""ovt_buy_req"": ""0"", ""ovt_buy_req_pre"": ""0"", ""return_code"": 0, ""return_msg"": ""정상적으로 처리되었습니다""}"
2026-06-10,scan_candidate,489790,,0,main_scan,71100,,71100,71000,71100,70900,-0.42194092827004215,0.14064697609001406,,,,,,"{""bid_req_base_tm"": ""093836"", ""sel_10th_pre_req_pre"": ""0"", ""sel_10th_pre_req"": ""1290"", ""sel_10th_pre_bid"": ""+72000"", ""sel_9th_pre_req_pre"": ""0"", ""sel_9th_pre_req"": ""1859"", ""sel_9th_pre_bid"": ""+71900"", ""sel_8th_pre_req_pre"": ""0"", ""sel_8th_pre_req"": ""2409"", ""sel_8th_pre_bid"": ""+71800"", ""sel_7th_pre_req_pre"": ""0"", ""sel_7th_pre_req"": ""129"", ""sel_7th_pre_bid"": ""+71700"", ""sel_6th_pre_req_pre"": ""0"", ""sel_6th_pre_req"": ""340"", ""sel_6th_pre_bid"": ""+71600"", ""sel_5th_pre_req_pre"": ""0"", ""sel_5th_pre_req"": ""255"", ""sel_5th_pre_bid"": ""+71500"", ""sel_4th_pre_req_pre"": ""0"", ""sel_4th_pre_req"": ""311"", ""sel_4th_pre_bid"": ""+71400"", ""sel_3th_pre_req_pre"": ""0"", ""sel_3th_pre_req"": ""273"", ""sel_3th_pre_bid"": ""+71300"", ""sel_2th_pre_req_pre"": ""0"", ""sel_2th_pre_req"": ""444"", ""sel_2th_pre_bid"": ""+71200"", ""sel_1th_pre_req_pre"": ""0"", ""sel_fpr_req"": ""53"", ""sel_fpr_bid"": ""+71100"", ""buy_fpr_bid"": ""+71000"", ""buy_fpr_req"": ""3"", ""buy_1th_pre_req_pre"": ""0"", ""buy_2th_pre_bid"": ""+70900"", ""buy_2th_pre_req"": ""754"", ""buy_2th_pre_req_pre"": ""0"", ""buy_3th_pre_bid"": ""+70800"", ""buy_3th_pre_req"": ""92"", ""buy_3th_pre_req_pre"": ""0"", ""buy_4th_pre_bid"": ""+70700"", ""buy_4th_pre_req"": ""28"", ""buy_4th_pre_req_pre"": ""0"", ""buy_5th_pre_bid"": ""+70600"", ""buy_5th_pre_req"": ""65"", ""buy_5th_pre_req_pre"": ""0"", ""buy_6th_pre_bid"": ""+70500"", ""buy_6th_pre_req"": ""97"", ""buy_6th_pre_req_pre"": ""0"", ""buy_7th_pre_bid"": ""+70400"", ""buy_7th_pre_req"": ""59"", ""buy_7th_pre_req_pre"": ""0"", ""buy_8th_pre_bid"": ""+70300"", ""buy_8th_pre_req"": ""713"", ""buy_8th_pre_req_pre"": ""0"", ""buy_9th_pre_bid"": ""+70200"", ""buy_9th_pre_req"": ""128"", ""buy_9th_pre_req_pre"": ""0"", ""buy_10th_pre_bid"": ""+70100"", ""buy_10th_pre_req"": ""1125"", ""buy_10th_pre_req_pre"": ""0"", ""tot_sel_req_jub_pre"": ""0"", ""tot_sel_req"": ""7363"", ""tot_buy_req"": ""3064"", ""tot_buy_req_jub_pre"": ""0"", ""ovt_sel_req_pre"": ""0"", ""ovt_sel_req"": ""0"", ""ovt_buy_req"": ""0"", ""ovt_buy_req_pre"": ""0"", ""return_code"": 0, ""return_msg"": ""정상적으로 처리되었습니다""}"
2026-06-10,scan_candidate,085620,,0,main_scan,21900,,21900,21850,21900,22000,0.228310502283105,0.228310502283105,,,,,,"{""bid_req_base_tm"": ""093836"", ""sel_10th_pre_req_pre"": ""0"", ""sel_10th_pre_req"": ""485"", ""sel_10th_pre_bid"": ""-22350"", ""sel_9th_pre_req_pre"": ""0"", ""sel_9th_pre_req"": ""753"", ""sel_9th_pre_bid"": ""-22300"", ""sel_8th_pre_req_pre"": ""0"", ""sel_8th_pre_req"": ""791"", ""sel_8th_pre_bid"": ""-22250"", ""sel_7th_pre_req_pre"": ""0"", ""sel_7th_pre_req"": ""602"", ""sel_7th_pre_bid"": ""-22200"", ""sel_6th_pre_req_pre"": ""0"", ""sel_6th_pre_req"": ""1292"", ""sel_6th_pre_bid"": ""-22150"", ""sel_5th_pre_req_pre"": ""0"", ""sel_5th_pre_req"": ""328"", ""sel_5th_pre_bid"": ""-22100"", ""sel_4th_pre_req_pre"": ""0"", ""sel_4th_pre_req"": ""395"", ""sel_4th_pre_bid"": ""-22050"", ""sel_3th_pre_req_pre"": ""0"", ""sel_3th_pre_req"": ""835"", ""sel_3th_pre_bid"": ""-22000"", ""sel_2th_pre_req_pre"": ""--36"", ""sel_2th_pre_req"": ""670"", ""sel_2th_pre_bid"": ""-21950"", ""sel_1th_pre_req_pre"": ""+33"", ""sel_fpr_req"": ""90"", ""sel_fpr_bid"": ""-21900"", ""buy_fpr_bid"": ""-21850"", ""buy_fpr_req"": ""993"", ""buy_1th_pre_req_pre"": ""0"", ""buy_2th_pre_bid"": ""-21800"", ""buy_2th_pre_req"": ""1042"", ""buy_2th_pre_req_pre"": ""0"", ""buy_3th_pre_bid"": ""-21750"", ""buy_3th_pre_req"": ""1419"", ""buy_3th_pre_req_pre"": ""0"", ""buy_4th_pre_bid"": ""-21700"", ""buy_4th_pre_req"": ""1502"", ""buy_4th_pre_req_pre"": ""0"", ""buy_5th_pre_bid"": ""-21650"", ""buy_5th_pre_req"": ""1637"", ""buy_5th_pre_req_pre"": ""0"", ""buy_6th_pre_bid"": ""-21600"", ""buy_6th_pre_req"": ""4422"", ""buy_6th_pre_req_pre"": ""0"", ""buy_7th_pre_bid"": ""-21550"", ""buy_7th_pre_req"": ""1874"", ""buy_7th_pre_req_pre"": ""0"", ""buy_8th_pre_bid"": ""-21500"", ""buy_8th_pre_req"": ""3832"", ""buy_8th_pre_req_pre"": ""0"", ""buy_9th_pre_bid"": ""-21450"", ""buy_9th_pre_req"": ""2212"", ""buy_9th_pre_req_pre"": ""0"", ""buy_10th_pre_bid"": ""-21400"", ""buy_10th_pre_req"": ""2756"", ""buy_10th_pre_req_pre"": ""0"", ""tot_sel_req_jub_pre"": ""--3"", ""tot_sel_req"": ""6241"", ""tot_buy_req"": ""21689"", ""tot_buy_req_jub_pre"": ""0"", ""ovt_sel_req_pre"": ""0"", ""ovt_sel_req"": ""0"", ""ovt_buy_req"": ""0"", ""ovt_buy_req_pre"": ""0"", ""return_code"": 0, ""return_msg"": ""정상적으로 처리되었습니다""}"
2026-06-10,scan_candidate,001450,,0,main_scan,37700,,37700,37650,37700,37450,-0.7957559681697612,0.1326259946949602,,,,,,"{""bid_req_base_tm"": ""093837"", ""sel_10th_pre_req_pre"": ""0"", ""sel_10th_pre_req"": ""199"", ""sel_10th_pre_bid"": ""+38150"", ""sel_9th_pre_req_pre"": ""0"", ""sel_9th_pre_req"": ""731"", ""sel_9th_pre_bid"": ""+38100"", ""sel_8th_pre_req_pre"": ""0"", ""sel_8th_pre_req"": ""349"", ""sel_8th_pre_bid"": ""+38050"", ""sel_7th_pre_req_pre"": ""0"", ""sel_7th_pre_req"": ""1986"", ""sel_7th_pre_bid"": ""+38000"", ""sel_6th_pre_req_pre"": ""0"", ""sel_6th_pre_req"": ""2716"", ""sel_6th_pre_bid"": ""+37950"", ""sel_5th_pre_req_pre"": ""0"", ""sel_5th_pre_req"": ""778"", ""sel_5th_pre_bid"": ""+37900"", ""sel_4th_pre_req_pre"": ""0"", ""sel_4th_pre_req"": ""606"", ""sel_4th_pre_bid"": ""+37850"", ""sel_3th_pre_req_pre"": ""0"", ""sel_3th_pre_req"": ""395"", ""sel_3th_pre_bid"": ""+37800"", ""sel_2th_pre_req_pre"": ""0"", ""sel_2th_pre_req"": ""678"", ""sel_2th_pre_bid"": ""+37750"", ""sel_1th_pre_req_pre"": ""0"", ""sel_fpr_req"": ""4482"", ""sel_fpr_bid"": ""+37700"", ""buy_fpr_bid"": ""+37650"", ""buy_fpr_req"": ""2"", ""buy_1th_pre_req_pre"": ""--1"", ""buy_2th_pre_bid"": ""+37600"", ""buy_2th_pre_req"": ""891"", ""buy_2th_pre_req_pre"": ""0"", ""buy_3th_pre_bid"": ""+37550"", ""buy_3th_pre_req"": ""374"", ""buy_3th_pre_req_pre"": ""0"", ""buy_4th_pre_bid"": ""+37500"", ""buy_4th_pre_req"": ""98"", ""buy_4th_pre_req_pre"": ""0"", ""buy_5th_pre_bid"": ""+37450"", ""buy_5th_pre_req"": ""15"", ""buy_5th_pre_req_pre"": ""0"", ""buy_6th_pre_bid"": ""+37400"", ""buy_6th_pre_req"": ""17"", ""buy_6th_pre_req_pre"": ""0"", ""buy_7th_pre_bid"": ""+37350"", ""buy_7th_pre_req"": ""26"", ""buy_7th_pre_req_pre"": ""0"", ""buy_8th_pre_bid"": ""+37300"", ""buy_8th_pre_req"": ""214"", ""buy_8th_pre_req_pre"": ""0"", ""buy_9th_pre_bid"": ""+37250"", ""buy_9th_pre_req"": ""104"", ""buy_9th_pre_req_pre"": ""0"", ""buy_10th_pre_bid"": ""+37200"", ""buy_10th_pre_req"": ""40"", ""buy_10th_pre_req_pre"": ""0"", ""tot_sel_req_jub_pre"": ""0"", ""tot_sel_req"": ""12920"", ""tot_buy_req"": ""1781"", ""tot_buy_req_jub_pre"": ""--1"", ""ovt_sel_req_pre"": ""0"", ""ovt_sel_req"": ""0"", ""ovt_buy_req"": ""0"", ""ovt_buy_req_pre"": ""0"", ""return_code"": 0, ""return_msg"": ""정상적으로 처리되었습니다""}"
2026-06-10,scan_candidate,036460,,0,main_scan,34150,,34150,34100,34150,34300,0.29282576866764276,0.14641288433382138,,,,,,"{""bid_req_base_tm"": ""093834"", ""sel_10th_pre_req_pre"": ""0"", ""sel_10th_pre_req"": ""271"", ""sel_10th_pre_bid"": ""+34650"", ""sel_9th_pre_req_pre"": ""0"", ""sel_9th_pre_req"": ""129"", ""sel_9th_pre_bid"": ""+34600"", ""sel_8th_pre_req_pre"": ""0"", ""sel_8th_pre_req"": ""202"", ""sel_8th_pre_bid"": ""+34550"", ""sel_7th_pre_req_pre"": ""0"", ""sel_7th_pre_req"": ""203"", ""sel_7th_pre_bid"": ""+34500"", ""sel_6th_pre_req_pre"": ""0"", ""sel_6th_pre_req"": ""65"", ""sel_6th_pre_bid"": ""+34450"", ""sel_5th_pre_req_pre"": ""0"", ""sel_5th_pre_req"": ""146"", ""sel_5th_pre_bid"": ""+34400"", ""sel_4th_pre_req_pre"": ""0"", ""sel_4th_pre_req"": ""250"", ""sel_4th_pre_bid"": ""+34350"", ""sel_3th_pre_req_pre"": ""0"", ""sel_3th_pre_req"": ""240"", ""sel_3th_pre_bid"": ""+34300"", ""sel_2th_pre_req_pre"": ""0"", ""sel_2th_pre_req"": ""93"", ""sel_2th_pre_bid"": ""+34200"", ""sel_1th_pre_req_pre"": ""0"", ""sel_fpr_req"": ""426"", ""sel_fpr_bid"": ""+34150"", ""buy_fpr_bid"": ""+34100"", ""buy_fpr_req"": ""47"", ""buy_1th_pre_req_pre"": ""0"", ""buy_2th_pre_bid"": ""+34050"", ""buy_2th_pre_req"": ""606"", ""buy_2th_pre_req_pre"": ""0"", ""buy_3th_pre_bid"": ""34000"", ""buy_3th_pre_req"": ""3053"", ""buy_3th_pre_req_pre"": ""0"", ""buy_4th_pre_bid"": ""-33950"", ""buy_4th_pre_req"": ""364"", ""buy_4th_pre_req_pre"": ""0"", ""buy_5th_pre_bid"": ""-33900"", ""buy_5th_pre_req"": ""839"", ""buy_5th_pre_req_pre"": ""0"", ""buy_6th_pre_bid"": ""-33850"", ""buy_6th_pre_req"": ""365"", ""buy_6th_pre_req_pre"": ""0"", ""buy_7th_pre_bid"": ""-33800"", ""buy_7th_pre_req"": ""450"", ""buy_7th_pre_req_pre"": ""0"", ""buy_8th_pre_bid"": ""-33750"", ""buy_8th_pre_req"": ""542"", ""buy_8th_pre_req_pre"": ""0"", ""buy_9th_pre_bid"": ""-33700"", ""buy_9th_pre_req"": ""520"", ""buy_9th_pre_req_pre"": ""0"", ""buy_10th_pre_bid"": ""-33650"", ""buy_10th_pre_req"": ""1145"", ""buy_10th_pre_req_pre"": ""0"", ""tot_sel_req_jub_pre"": ""0"", ""tot_sel_req"": ""2025"", ""tot_buy_req"": ""7931"", ""tot_buy_req_jub_pre"": ""0"", ""ovt_sel_req_pre"": ""0"", ""ovt_sel_req"": ""0"", ""ovt_buy_req"": ""0"", ""ovt_buy_req_pre"": ""0"", ""return_code"": 0, ""return_msg"": ""정상적으로 처리되었습니다""}"
2026-06-10,scan_candidate,007810,,0,main_scan,121400,,121400,121000,121400,121000,-0.7413509060955519,0.3294892915980231,,,,,,"{""bid_req_base_tm"": ""093837"", ""sel_10th_pre_req_pre"": ""0"", ""sel_10th_pre_req"": ""10"", ""sel_10th_pre_bid"": ""+122500"", ""sel_9th_pre_req_pre"": ""0"", ""sel_9th_pre_req"": ""2"", ""sel_9th_pre_bid"": ""+122300"", ""sel_8th_pre_req_pre"": ""0"", ""sel_8th_pre_req"": ""358"", ""sel_8th_pre_bid"": ""+122200"", ""sel_7th_pre_req_pre"": ""0"", ""sel_7th_pre_req"": ""5"", ""sel_7th_pre_bid"": ""+122100"", ""sel_6th_pre_req_pre"": ""0"", ""sel_6th_pre_req"": ""39"", ""sel_6th_pre_bid"": ""+122000"", ""sel_5th_pre_req_pre"": ""0"", ""sel_5th_pre_req"": ""15"", ""sel_5th_pre_bid"": ""+121900"", ""sel_4th_pre_req_pre"": ""0"", ""sel_4th_pre_req"": ""5"", ""sel_4th_pre_bid"": ""+121800"", ""sel_3th_pre_req_pre"": ""0"", ""sel_3th_pre_req"": ""7"", ""sel_3th_pre_bid"": ""+121600"", ""sel_2th_pre_req_pre"": ""0"", ""sel_2th_pre_req"": ""200"", ""sel_2th_pre_bid"": ""+121500"", ""sel_1th_pre_req_pre"": ""0"", ""sel_fpr_req"": ""15"", ""sel_fpr_bid"": ""+121400"", ""buy_fpr_bid"": ""+121000"", ""buy_fpr_req"": ""10"", ""buy_1th_pre_req_pre"": ""0"", ""buy_2th_pre_bid"": ""+120900"", ""buy_2th_pre_req"": ""41"", ""buy_2th_pre_req_pre"": ""0"", ""buy_3th_pre_bid"": ""+120800"", ""buy_3th_pre_req"": ""37"", ""buy_3th_pre_req_pre"": ""0"", ""buy_4th_pre_bid"": ""+120700"", ""buy_4th_pre_req"": ""10"", ""buy_4th_pre_req_pre"": ""0"", ""buy_5th_pre_bid"": ""+120600"", ""buy_5th_pre_req"": ""16"", ""buy_5th_pre_req_pre"": ""0"", ""buy_6th_pre_bid"": ""+120500"", ""buy_6th_pre_req"": ""50"", ""buy_6th_pre_req_pre"": ""0"", ""buy_7th_pre_bid"": ""+120400"", ""buy_7th_pre_req"": ""39"", ""buy_7th_pre_req_pre"": ""0"", ""buy_8th_pre_bid"": ""120300"", ""buy_8th_pre_req"": ""53"", ""buy_8th_pre_req_pre"": ""0"", ""buy_9th_pre_bid"": ""-120200"", ""buy_9th_pre_req"": ""60"", ""buy_9th_pre_req_pre"": ""0"", ""buy_10th_pre_bid"": ""-120100"", ""buy_10th_pre_req"": ""33"", ""buy_10th_pre_req_pre"": ""0"", ""tot_sel_req_jub_pre"": ""0"", ""tot_sel_req"": ""656"", ""tot_buy_req"": ""349"", ""tot_buy_req_jub_pre"": ""0"", ""ovt_sel_req_pre"": ""0"", ""ovt_sel_req"": ""0"", ""ovt_buy_req"": ""0"", ""ovt_buy_req_pre"": ""0"", ""return_code"": 0, ""return_msg"": ""정상적으로 처리되었습니다""}"
2026-06-10,scan_candidate,001740,,0,main_scan,13930,,13930,13900,13930,13900,-0.574300071787509,0.21536252692031585,,,,,,"{""bid_req_base_tm"": ""093837"", ""sel_10th_pre_req_pre"": ""0"", ""sel_10th_pre_req"": ""50"", ""sel_10th_pre_bid"": ""-14020"", ""sel_9th_pre_req_pre"": ""0"", ""sel_9th_pre_req"": ""18"", ""sel_9th_pre_bid"": ""-14010"", ""sel_8th_pre_req_pre"": ""0"", ""sel_8th_pre_req"": ""14953"", ""sel_8th_pre_bid"": ""-14000"", ""sel_7th_pre_req_pre"": ""+1"", ""sel_7th_pre_req"": ""3120"", ""sel_7th_pre_bid"": ""-13990"", ""sel_6th_pre_req_pre"": ""0"", ""sel_6th_pre_req"": ""2607"", ""sel_6th_pre_bid"": ""-13980"", ""sel_5th_pre_req_pre"": ""0"", ""sel_5th_pre_req"": ""569"", ""sel_5th_pre_bid"": ""-13970"", ""sel_4th_pre_req_pre"": ""0"", ""sel_4th_pre_req"": ""179"", ""sel_4th_pre_bid"": ""-13960"", ""sel_3th_pre_req_pre"": ""0"", ""sel_3th_pre_req"": ""1160"", ""sel_3th_pre_bid"": ""-13950"", ""sel_2th_pre_req_pre"": ""0"", ""sel_2th_pre_req"": ""1427"", ""sel_2th_pre_bid"": ""-13940"", ""sel_1th_pre_req_pre"": ""+271"", ""sel_fpr_req"": ""780"", ""sel_fpr_bid"": ""-13930"", ""buy_fpr_bid"": ""-13900"", ""buy_fpr_req"": ""462"", ""buy_1th_pre_req_pre"": ""--1"", ""buy_2th_pre_bid"": ""-13890"", ""buy_2th_pre_req"": ""3407"", ""buy_2th_pre_req_pre"": ""0"", ""buy_3th_pre_bid"": ""-13880"", ""buy_3th_pre_req"": ""5396"", ""buy_3th_pre_req_pre"": ""0"", ""buy_4th_pre_bid"": ""-13870"", ""buy_4th_pre_req"": ""2037"", ""buy_4th_pre_req_pre"": ""--145"", ""buy_5th_pre_bid"": ""-13860"", ""buy_5th_pre_req"": ""547"", ""buy_5th_pre_req_pre"": ""0"", ""buy_6th_pre_bid"": ""-13850"", ""buy_6th_pre_req"": ""2226"", ""buy_6th_pre_req_pre"": ""0"", ""buy_7th_pre_bid"": ""-13840"", ""buy_7th_pre_req"": ""607"", ""buy_7th_pre_req_pre"": ""0"", ""buy_8th_pre_bid"": ""-13830"", ""buy_8th_pre_req"": ""935"", ""buy_8th_pre_req_pre"": ""0"", ""buy_9th_pre_bid"": ""-13820"", ""buy_9th_pre_req"": ""3075"", ""buy_9th_pre_req_pre"": ""0"", ""buy_10th_pre_bid"": ""-13810"", ""buy_10th_pre_req"": ""2837"", ""buy_10th_pre_req_pre"": ""0"", ""tot_sel_req_jub_pre"": ""+169"", ""tot_sel_req"": ""24863"", ""tot_buy_req"": ""21529"", ""tot_buy_req_jub_pre"": ""--146"", ""ovt_sel_req_pre"": ""0"", ""ovt_sel_req"": ""0"", ""ovt_buy_req"": ""0"", ""ovt_buy_req_pre"": ""0"", ""return_code"": 0, ""return_msg"": ""정상적으로 처리되었습니다""}"
2026-06-10,scan_candidate,383220,,0,main_scan,76200,,76200,76000,76200,76700,0.5249343832020997,0.26246719160104987,,,,,,"{""bid_req_base_tm"": ""093835"", ""sel_10th_pre_req_pre"": ""0"", ""sel_10th_pre_req"": ""64"", ""sel_10th_pre_bid"": ""+77800"", ""sel_9th_pre_req_pre"": ""0"", ""sel_9th_pre_req"": ""21"", ""sel_9th_pre_bid"": ""+77700"", ""sel_8th_pre_req_pre"": ""0"", ""sel_8th_pre_req"": ""17"", ""sel_8th_pre_bid"": ""+77500"", ""sel_7th_pre_req_pre"": ""0"", ""sel_7th_pre_req"": ""3"", ""sel_7th_pre_bid"": ""+77400"", ""sel_6th_pre_req_pre"": ""0"", ""sel_6th_pre_req"": ""13"", ""sel_6th_pre_bid"": ""+76900"", ""sel_5th_pre_req_pre"": ""0"", ""sel_5th_pre_req"": ""19"", ""sel_5th_pre_bid"": ""+76800"", ""sel_4th_pre_req_pre"": ""0"", ""sel_4th_pre_req"": ""33"", ""sel_4th_pre_bid"": ""+76600"", ""sel_3th_pre_req_pre"": ""0"", ""sel_3th_pre_req"": ""43"", ""sel_3th_pre_bid"": ""+76500"", ""sel_2th_pre_req_pre"": ""0"", ""sel_2th_pre_req"": ""1"", ""sel_2th_pre_bid"": ""+76300"", ""sel_1th_pre_req_pre"": ""0"", ""sel_fpr_req"": ""18"", ""sel_fpr_bid"": ""+76200"", ""buy_fpr_bid"": ""+76000"", ""buy_fpr_req"": ""66"", ""buy_1th_pre_req_pre"": ""--1"", ""buy_2th_pre_bid"": ""+75900"", ""buy_2th_pre_req"": ""13"", ""buy_2th_pre_req_pre"": ""0"", ""buy_3th_pre_bid"": ""+75800"", ""buy_3th_pre_req"": ""2"", ""buy_3th_pre_req_pre"": ""0"", ""buy_4th_pre_bid"": ""+75700"", ""buy_4th_pre_req"": ""32"", ""buy_4th_pre_req_pre"": ""0"", ""buy_5th_pre_bid"": ""+75600"", ""buy_5th_pre_req"": ""209"", ""buy_5th_pre_req_pre"": ""0"", ""buy_6th_pre_bid"": ""+75500"", ""buy_6th_pre_req"": ""15"", ""buy_6th_pre_req_pre"": ""0"", ""buy_7th_pre_bid"": ""+75400"", ""buy_7th_pre_req"": ""9"", ""buy_7th_pre_req_pre"": ""0"", ""buy_8th_pre_bid"": ""+75300"", ""buy_8th_pre_req"": ""10"", ""buy_8th_pre_req_pre"": ""0"", ""buy_9th_pre_bid"": ""+75100"", ""buy_9th_pre_req"": ""48"", ""buy_9th_pre_req_pre"": ""0"", ""buy_10th_pre_bid"": ""+75000"", ""buy_10th_pre_req"": ""3"", ""buy_10th_pre_req_pre"": ""0"", ""tot_sel_req_jub_pre"": ""0"", ""tot_sel_req"": ""232"", ""tot_buy_req"": ""407"", ""tot_buy_req_jub_pre"": ""--1"", ""ovt_sel_req_pre"": ""0"", ""ovt_sel_req"": ""0"", ""ovt_buy_req"": ""0"", ""ovt_buy_req_pre"": ""0"", ""return_code"": 0, ""return_msg"": ""정상적으로 처리되었습니다""}"
2026-06-10,scan_candidate,014680,,0,main_scan,261000,,261000,260500,261000,262000,0.19157088122605362,0.19157088122605362,,,,,,"{""bid_req_base_tm"": ""093837"", ""sel_10th_pre_req_pre"": ""0"", ""sel_10th_pre_req"": ""58"", ""sel_10th_pre_bid"": ""+265500"", ""sel_9th_pre_req_pre"": ""0"", ""sel_9th_pre_req"": ""32"", ""sel_9th_pre_bid"": ""+265000"", ""sel_8th_pre_req_pre"": ""0"", ""sel_8th_pre_req"": ""39"", ""sel_8th_pre_bid"": ""+264500"", ""sel_7th_pre_req_pre"": ""0"", ""sel_7th_pre_req"": ""76"", ""sel_7th_pre_bid"": ""+264000"", ""sel_6th_pre_req_pre"": ""0"", ""sel_6th_pre_req"": ""52"", ""sel_6th_pre_bid"": ""+263500"", ""sel_5th_pre_req_pre"": ""0"", ""sel_5th_pre_req"": ""12"", ""sel_5th_pre_bid"": ""+263000"", ""sel_4th_pre_req_pre"": ""0"", ""sel_4th_pre_req"": ""26"", ""sel_4th_pre_bid"": ""+262500"", ""sel_3th_pre_req_pre"": ""0"", ""sel_3th_pre_req"": ""2"", ""sel_3th_pre_bid"": ""+262000"", ""sel_2th_pre_req_pre"": ""0"", ""sel_2th_pre_req"": ""54"", ""sel_2th_pre_bid"": ""+261500"", ""sel_1th_pre_req_pre"": ""+8"", ""sel_fpr_req"": ""73"", ""sel_fpr_bid"": ""+261000"", ""buy_fpr_bid"": ""+260500"", ""buy_fpr_req"": ""39"", ""buy_1th_pre_req_pre"": ""0"", ""buy_2th_pre_bid"": ""+260000"", ""buy_2th_pre_req"": ""22"", ""buy_2th_pre_req_pre"": ""0"", ""buy_3th_pre_bid"": ""+259500"", ""buy_3th_pre_req"": ""154"", ""buy_3th_pre_req_pre"": ""0"", ""buy_4th_pre_bid"": ""+259000"", ""buy_4th_pre_req"": ""31"", ""buy_4th_pre_req_pre"": ""0"", ""buy_5th_pre_bid"": ""+258500"", ""buy_5th_pre_req"": ""340"", ""buy_5th_pre_req_pre"": ""0"", ""buy_6th_pre_bid"": ""+258000"", ""buy_6th_pre_req"": ""19"", ""buy_6th_pre_req_pre"": ""0"", ""buy_7th_pre_bid"": ""+257500"", ""buy_7th_pre_req"": ""9"", ""buy_7th_pre_req_pre"": ""0"", ""buy_8th_pre_bid"": ""+257000"", ""buy_8th_pre_req"": ""103"", ""buy_8th_pre_req_pre"": ""0"", ""buy_9th_pre_bid"": ""+256500"", ""buy_9th_pre_req"": ""2"", ""buy_9th_pre_req_pre"": ""0"", ""buy_10th_pre_bid"": ""+256000"", ""buy_10th_pre_req"": ""107"", ""buy_10th_pre_req_pre"": ""0"", ""tot_sel_req_jub_pre"": ""+8"", ""tot_sel_req"": ""424"", ""tot_buy_req"": ""826"", ""tot_buy_req_jub_pre"": ""0"", ""ovt_sel_req_pre"": ""0"", ""ovt_sel_req"": ""0"", ""ovt_buy_req"": ""0"", ""ovt_buy_req_pre"": ""0"", ""return_code"": 0, ""return_msg"": ""정상적으로 처리되었습니다""}"
2026-06-10,scan_candidate,028670,,0,main_scan,5090,,5090,5080,5090,5110,0.19646365422396855,0.19646365422396855,,,,,,"{""bid_req_base_tm"": ""093837"", ""sel_10th_pre_req_pre"": ""0"", ""sel_10th_pre_req"": ""1101"", ""sel_10th_pre_bid"": ""-5180"", ""sel_9th_pre_req_pre"": ""0"", ""sel_9th_pre_req"": ""1462"", ""sel_9th_pre_bid"": ""-5170"", ""sel_8th_pre_req_pre"": ""0"", ""sel_8th_pre_req"": ""503"", ""sel_8th_pre_bid"": ""-5160"", ""sel_7th_pre_req_pre"": ""0"", ""sel_7th_pre_req"": ""200"", ""sel_7th_pre_bid"": ""-5150"", ""sel_6th_pre_req_pre"": ""0"", ""sel_6th_pre_req"": ""683"", ""sel_6th_pre_bid"": ""-5140"", ""sel_5th_pre_req_pre"": ""0"", ""sel_5th_pre_req"": ""1580"", ""sel_5th_pre_bid"": ""-5130"", ""sel_4th_pre_req_pre"": ""0"", ""sel_4th_pre_req"": ""52"", ""sel_4th_pre_bid"": ""-5120"", ""sel_3th_pre_req_pre"": ""0"", ""sel_3th_pre_req"": ""3030"", ""sel_3th_pre_bid"": ""-5110"", ""sel_2th_pre_req_pre"": ""0"", ""sel_2th_pre_req"": ""761"", ""sel_2th_pre_bid"": ""-5100"", ""sel_1th_pre_req_pre"": ""0"", ""sel_fpr_req"": ""765"", ""sel_fpr_bid"": ""-5090"", ""buy_fpr_bid"": ""-5080"", ""buy_fpr_req"": ""3961"", ""buy_1th_pre_req_pre"": ""0"", ""buy_2th_pre_bid"": ""-5070"", ""buy_2th_pre_req"": ""1845"", ""buy_2th_pre_req_pre"": ""0"", ""buy_3th_pre_bid"": ""-5060"", ""buy_3th_pre_req"": ""1647"", ""buy_3th_pre_req_pre"": ""0"", ""buy_4th_pre_bid"": ""-5050"", ""buy_4th_pre_req"": ""4166"", ""buy_4th_pre_req_pre"": ""0"", ""buy_5th_pre_bid"": ""-5040"", ""buy_5th_pre_req"": ""2560"", ""buy_5th_pre_req_pre"": ""+1"", ""buy_6th_pre_bid"": ""-5030"", ""buy_6th_pre_req"": ""3132"", ""buy_6th_pre_req_pre"": ""0"", ""buy_7th_pre_bid"": ""-5020"", ""buy_7th_pre_req"": ""2417"", ""buy_7th_pre_req_pre"": ""0"", ""buy_8th_pre_bid"": ""-5010"", ""buy_8th_pre_req"": ""2335"", ""buy_8th_pre_req_pre"": ""0"", ""buy_9th_pre_bid"": ""-5000"", ""buy_9th_pre_req"": ""5739"", ""buy_9th_pre_req_pre"": ""0"", ""buy_10th_pre_bid"": ""-4995"", ""buy_10th_pre_req"": ""2241"", ""buy_10th_pre_req_pre"": ""0"", ""tot_sel_req_jub_pre"": ""0"", ""tot_sel_req"": ""10137"", ""tot_buy_req"": ""30043"", ""tot_buy_req_jub_pre"": ""+1"", ""ovt_sel_req_pre"": ""0"", ""ovt_sel_req"": ""0"", ""ovt_buy_req"": ""0"", ""ovt_buy_req_pre"": ""0"", ""return_code"": 0, ""return_msg"": ""정상적으로 처리되었습니다""}"
2026-06-10,scan_candidate,009420,,0,main_scan,50500,,50500,50400,50500,50900,0.594059405940594,0.19801980198019803,,,,,,"{""bid_req_base_tm"": ""093838"", ""sel_10th_pre_req_pre"": ""0"", ""sel_10th_pre_req"": ""10"", ""sel_10th_pre_bid"": ""-51500"", ""sel_9th_pre_req_pre"": ""0"", ""sel_9th_pre_req"": ""40"", ""sel_9th_pre_bid"": ""-51400"", ""sel_8th_pre_req_pre"": ""0"", ""sel_8th_pre_req"": ""9"", ""sel_8th_pre_bid"": ""-51300"", ""sel_7th_pre_req_pre"": ""0"", ""sel_7th_pre_req"": ""13"", ""sel_7th_pre_bid"": ""-51200"", ""sel_6th_pre_req_pre"": ""0"", ""sel_6th_pre_req"": ""50"", ""sel_6th_pre_bid"": ""-51100"", ""sel_5th_pre_req_pre"": ""0"", ""sel_5th_pre_req"": ""4"", ""sel_5th_pre_bid"": ""-50900"", ""sel_4th_pre_req_pre"": ""0"", ""sel_4th_pre_req"": ""193"", ""sel_4th_pre_bid"": ""-50800"", ""sel_3th_pre_req_pre"": ""0"", ""sel_3th_pre_req"": ""36"", ""sel_3th_pre_bid"": ""-50700"", ""sel_2th_pre_req_pre"": ""0"", ""sel_2th_pre_req"": ""39"", ""sel_2th_pre_bid"": ""-50600"", ""sel_1th_pre_req_pre"": ""--1"", ""sel_fpr_req"": ""164"", ""sel_fpr_bid"": ""-50500"", ""buy_fpr_bid"": ""-50400"", ""buy_fpr_req"": ""73"", ""buy_1th_pre_req_pre"": ""0"", ""buy_2th_pre_bid"": ""-50300"", ""buy_2th_pre_req"": ""516"", ""buy_2th_pre_req_pre"": ""0"", ""buy_3th_pre_bid"": ""-50200"", ""buy_3th_pre_req"": ""222"", ""buy_3th_pre_req_pre"": ""0"", ""buy_4th_pre_bid"": ""-50100"", ""buy_4th_pre_req"": ""786"", ""buy_4th_pre_req_pre"": ""0"", ""buy_5th_pre_bid"": ""-50000"", ""buy_5th_pre_req"": ""1839"", ""buy_5th_pre_req_pre"": ""0"", ""buy_6th_pre_bid"": ""-49950"", ""buy_6th_pre_req"": ""304"", ""buy_6th_pre_req_pre"": ""0"", ""buy_7th_pre_bid"": ""-49900"", ""buy_7th_pre_req"": ""393"", ""buy_7th_pre_req_pre"": ""0"", ""buy_8th_pre_bid"": ""-49850"", ""buy_8th_pre_req"": ""265"", ""buy_8th_pre_req_pre"": ""0"", ""buy_9th_pre_bid"": ""-49800"", ""buy_9th_pre_req"": ""260"", ""buy_9th_pre_req_pre"": ""0"", ""buy_10th_pre_bid"": ""-49750"", ""buy_10th_pre_req"": ""62"", ""buy_10th_pre_req_pre"": ""0"", ""tot_sel_req_jub_pre"": ""--1"", ""tot_sel_req"": ""558"", ""tot_buy_req"": ""4720"", ""tot_buy_req_jub_pre"": ""0"", ""ovt_sel_req_pre"": ""0"", ""ovt_sel_req"": ""0"", ""ovt_buy_req"": ""0"", ""ovt_buy_req_pre"": ""0"", ""return_code"": 0, ""return_msg"": ""정상적으로 처리되었습니다""}"
2026-06-10,scan_candidate,004990,,0,main_scan,25600,,25600,25500,25600,25700,0.1953125,0.390625,,,,,,"{""bid_req_base_tm"": ""093834"", ""sel_10th_pre_req_pre"": ""0"", ""sel_10th_pre_req"": ""604"", ""sel_10th_pre_bid"": ""-26100"", ""sel_9th_pre_req_pre"": ""0"", ""sel_9th_pre_req"": ""53"", ""sel_9th_pre_bid"": ""-26050"", ""sel_8th_pre_req_pre"": ""0"", ""sel_8th_pre_req"": ""504"", ""sel_8th_pre_bid"": ""-26000"", ""sel_7th_pre_req_pre"": ""0"", ""sel_7th_pre_req"": ""102"", ""sel_7th_pre_bid"": ""-25950"", ""sel_6th_pre_req_pre"": ""0"", ""sel_6th_pre_req"": ""1"", ""sel_6th_pre_bid"": ""-25850"", ""sel_5th_pre_req_pre"": ""0"", ""sel_5th_pre_req"": ""157"", ""sel_5th_pre_bid"": ""-25800"", ""sel_4th_pre_req_pre"": ""0"", ""sel_4th_pre_req"": ""617"", ""sel_4th_pre_bid"": ""-25750"", ""sel_3th_pre_req_pre"": ""0"", ""sel_3th_pre_req"": ""94"", ""sel_3th_pre_bid"": ""-25700"", ""sel_2th_pre_req_pre"": ""0"", ""sel_2th_pre_req"": ""46"", ""sel_2th_pre_bid"": ""-25650"", ""sel_1th_pre_req_pre"": ""+5"", ""sel_fpr_req"": ""230"", ""sel_fpr_bid"": ""-25600"", ""buy_fpr_bid"": ""-25500"", ""buy_fpr_req"": ""225"", ""buy_1th_pre_req_pre"": ""0"", ""buy_2th_pre_bid"": ""-25450"", ""buy_2th_pre_req"": ""784"", ""buy_2th_pre_req_pre"": ""0"", ""buy_3th_pre_bid"": ""-25400"", ""buy_3th_pre_req"": ""927"", ""buy_3th_pre_req_pre"": ""0"", ""buy_4th_pre_bid"": ""-25350"", ""buy_4th_pre_req"": ""273"", ""buy_4th_pre_req_pre"": ""0"", ""buy_5th_pre_bid"": ""-25300"", ""buy_5th_pre_req"": ""259"", ""buy_5th_pre_req_pre"": ""0"", ""buy_6th_pre_bid"": ""-25250"", ""buy_6th_pre_req"": ""529"", ""buy_6th_pre_req_pre"": ""0"", ""buy_7th_pre_bid"": ""-25200"", ""buy_7th_pre_req"": ""310"", ""buy_7th_pre_req_pre"": ""0"", ""buy_8th_pre_bid"": ""-25150"", ""buy_8th_pre_req"": ""567"", ""buy_8th_pre_req_pre"": ""0"", ""buy_9th_pre_bid"": ""-25100"", ""buy_9th_pre_req"": ""1024"", ""buy_9th_pre_req_pre"": ""0"", ""buy_10th_pre_bid"": ""-25050"", ""buy_10th_pre_req"": ""55"", ""buy_10th_pre_req_pre"": ""0"", ""tot_sel_req_jub_pre"": ""+5"", ""tot_sel_req"": ""2408"", ""tot_buy_req"": ""4953"", ""tot_buy_req_jub_pre"": ""0"", ""ovt_sel_req_pre"": ""0"", ""ovt_sel_req"": ""0"", ""ovt_buy_req"": ""0"", ""ovt_buy_req_pre"": ""0"", ""return_code"": 0, ""return_msg"": ""정상적으로 처리되었습니다""}"
2026-06-10,scan_candidate,483650,,0,main_scan,203000,,203000,202500,203000,202500,-0.49261083743842365,0.24630541871921183,,,,,,"{""bid_req_base_tm"": ""093837"", ""sel_10th_pre_req_pre"": ""0"", ""sel_10th_pre_req"": ""471"", ""sel_10th_pre_bid"": ""+208000"", ""sel_9th_pre_req_pre"": ""0"", ""sel_9th_pre_req"": ""378"", ""sel_9th_pre_bid"": ""+207500"", ""sel_8th_pre_req_pre"": ""0"", ""sel_8th_pre_req"": ""1072"", ""sel_8th_pre_bid"": ""+207000"", ""sel_7th_pre_req_pre"": ""0"", ""sel_7th_pre_req"": ""607"", ""sel_7th_pre_bid"": ""+206500"", ""sel_6th_pre_req_pre"": ""0"", ""sel_6th_pre_req"": ""323"", ""sel_6th_pre_bid"": ""+206000"", ""sel_5th_pre_req_pre"": ""0"", ""sel_5th_pre_req"": ""182"", ""sel_5th_pre_bid"": ""+205500"", ""sel_4th_pre_req_pre"": ""0"", ""sel_4th_pre_req"": ""37"", ""sel_4th_pre_bid"": ""+205000"", ""sel_3th_pre_req_pre"": ""0"", ""sel_3th_pre_req"": ""85"", ""sel_3th_pre_bid"": ""+204500"", ""sel_2th_pre_req_pre"": ""0"", ""sel_2th_pre_req"": ""34"", ""sel_2th_pre_bid"": ""+204000"", ""sel_1th_pre_req_pre"": ""+8"", ""sel_fpr_req"": ""386"", ""sel_fpr_bid"": ""+203000"", ""buy_fpr_bid"": ""+202500"", ""buy_fpr_req"": ""81"", ""buy_1th_pre_req_pre"": ""0"", ""buy_2th_pre_bid"": ""+202000"", ""buy_2th_pre_req"": ""304"", ""buy_2th_pre_req_pre"": ""0"", ""buy_3th_pre_bid"": ""+201500"", ""buy_3th_pre_req"": ""33"", ""buy_3th_pre_req_pre"": ""0"", ""buy_4th_pre_bid"": ""+201000"", ""buy_4th_pre_req"": ""85"", ""buy_4th_pre_req_pre"": ""0"", ""buy_5th_pre_bid"": ""+200500"", ""buy_5th_pre_req"": ""60"", ""buy_5th_pre_req_pre"": ""0"", ""buy_6th_pre_bid"": ""+200000"", ""buy_6th_pre_req"": ""152"", ""buy_6th_pre_req_pre"": ""0"", ""buy_7th_pre_bid"": ""+199900"", ""buy_7th_pre_req"": ""29"", ""buy_7th_pre_req_pre"": ""0"", ""buy_8th_pre_bid"": ""+199800"", ""buy_8th_pre_req"": ""6"", ""buy_8th_pre_req_pre"": ""0"", ""buy_9th_pre_bid"": ""+199700"", ""buy_9th_pre_req"": ""26"", ""buy_9th_pre_req_pre"": ""0"", ""buy_10th_pre_bid"": ""+199600"", ""buy_10th_pre_req"": ""2"", ""buy_10th_pre_req_pre"": ""0"", ""tot_sel_req_jub_pre"": ""+8"", ""tot_sel_req"": ""3575"", ""tot_buy_req"": ""778"", ""tot_buy_req_jub_pre"": ""0"", ""ovt_sel_req_pre"": ""0"", ""ovt_sel_req"": ""0"", ""ovt_buy_req"": ""0"", ""ovt_buy_req_pre"": ""0"", ""return_code"": 0, ""return_msg"": ""정상적으로 처리되었습니다""}"
2026-06-10,scan_candidate,003690,,0,main_scan,13260,,13260,13250,13260,13150,-1.206636500754148,0.07541478129713425,,,,,,"{""bid_req_base_tm"": ""093838"", ""sel_10th_pre_req_pre"": ""0"", ""sel_10th_pre_req"": ""50"", ""sel_10th_pre_bid"": ""-13360"", ""sel_9th_pre_req_pre"": ""0"", ""sel_9th_pre_req"": ""883"", ""sel_9th_pre_bid"": ""-13350"", ""sel_8th_pre_req_pre"": ""0"", ""sel_8th_pre_req"": ""484"", ""sel_8th_pre_bid"": ""-13340"", ""sel_7th_pre_req_pre"": ""0"", ""sel_7th_pre_req"": ""55"", ""sel_7th_pre_bid"": ""-13330"", ""sel_6th_pre_req_pre"": ""0"", ""sel_6th_pre_req"": ""285"", ""sel_6th_pre_bid"": ""-13320"", ""sel_5th_pre_req_pre"": ""0"", ""sel_5th_pre_req"": ""53"", ""sel_5th_pre_bid"": ""-13310"", ""sel_4th_pre_req_pre"": ""0"", ""sel_4th_pre_req"": ""632"", ""sel_4th_pre_bid"": ""-13300"", ""sel_3th_pre_req_pre"": ""0"", ""sel_3th_pre_req"": ""501"", ""sel_3th_pre_bid"": ""-13290"", ""sel_2th_pre_req_pre"": ""0"", ""sel_2th_pre_req"": ""74"", ""sel_2th_pre_bid"": ""-13270"", ""sel_1th_pre_req_pre"": ""0"", ""sel_fpr_req"": ""58"", ""sel_fpr_bid"": ""-13260"", ""buy_fpr_bid"": ""-13250"", ""buy_fpr_req"": ""131"", ""buy_1th_pre_req_pre"": ""--8"", ""buy_2th_pre_bid"": ""-13240"", ""buy_2th_pre_req"": ""64"", ""buy_2th_pre_req_pre"": ""0"", ""buy_3th_pre_bid"": ""-13230"", ""buy_3th_pre_req"": ""4"", ""buy_3th_pre_req_pre"": ""0"", ""buy_4th_pre_bid"": ""-13210"", ""buy_4th_pre_req"": ""43"", ""buy_4th_pre_req_pre"": ""0"", ""buy_5th_pre_bid"": ""-13160"", ""buy_5th_pre_req"": ""88"", ""buy_5th_pre_req_pre"": ""0"", ""buy_6th_pre_bid"": ""-13150"", ""buy_6th_pre_req"": ""20"", ""buy_6th_pre_req_pre"": ""0"", ""buy_7th_pre_bid"": ""-13140"", ""buy_7th_pre_req"": ""353"", ""buy_7th_pre_req_pre"": ""0"", ""buy_8th_pre_bid"": ""-13120"", ""buy_8th_pre_req"": ""50"", ""buy_8th_pre_req_pre"": ""0"", ""buy_9th_pre_bid"": ""-13090"", ""buy_9th_pre_req"": ""76"", ""buy_9th_pre_req_pre"": ""0"", ""buy_10th_pre_bid"": ""-13080"", ""buy_10th_pre_req"": ""4"", ""buy_10th_pre_req_pre"": ""0"", ""tot_sel_req_jub_pre"": ""0"", ""tot_sel_req"": ""3075"", ""tot_buy_req"": ""833"", ""tot_buy_req_jub_pre"": ""--8"", ""ovt_sel_req_pre"": ""0"", ""ovt_sel_req"": ""0"", ""ovt_buy_req"": ""0"", ""ovt_buy_req_pre"": ""0"", ""return_code"": 0, ""return_msg"": ""정상적으로 처리되었습니다""}"
2026-06-10,scan_candidate,279570,,0,main_scan,5990,,5990,5980,5990,5960,-0.667779632721202,0.1669449081803005,,,,,,"{""bid_req_base_tm"": ""093839"", ""sel_10th_pre_req_pre"": ""0"", ""sel_10th_pre_req"": ""15428"", ""sel_10th_pre_bid"": ""+6080"", ""sel_9th_pre_req_pre"": ""0"", ""sel_9th_pre_req"": ""15281"", ""sel_9th_pre_bid"": ""+6070"", ""sel_8th_pre_req_pre"": ""0"", ""sel_8th_pre_req"": ""13672"", ""sel_8th_pre_bid"": ""+6060"", ""sel_7th_pre_req_pre"": ""0"", ""sel_7th_pre_req"": ""29849"", ""sel_7th_pre_bid"": ""+6050"", ""sel_6th_pre_req_pre"": ""0"", ""sel_6th_pre_req"": ""39751"", ""sel_6th_pre_bid"": ""+6040"", ""sel_5th_pre_req_pre"": ""0"", ""sel_5th_pre_req"": ""10580"", ""sel_5th_pre_bid"": ""+6030"", ""sel_4th_pre_req_pre"": ""0"", ""sel_4th_pre_req"": ""13838"", ""sel_4th_pre_bid"": ""+6020"", ""sel_3th_pre_req_pre"": ""0"", ""sel_3th_pre_req"": ""6882"", ""sel_3th_pre_bid"": ""+6010"", ""sel_2th_pre_req_pre"": ""0"", ""sel_2th_pre_req"": ""4987"", ""sel_2th_pre_bid"": ""+6000"", ""sel_1th_pre_req_pre"": ""+2"", ""sel_fpr_req"": ""16"", ""sel_fpr_bid"": ""+5990"", ""buy_fpr_bid"": ""+5980"", ""buy_fpr_req"": ""728"", ""buy_1th_pre_req_pre"": ""--1"", ""buy_2th_pre_bid"": ""+5970"", ""buy_2th_pre_req"": ""2503"", ""buy_2th_pre_req_pre"": ""0"", ""buy_3th_pre_bid"": ""+5960"", ""buy_3th_pre_req"": ""6329"", ""buy_3th_pre_req_pre"": ""--1"", ""buy_4th_pre_bid"": ""+5950"", ""buy_4th_pre_req"": ""32095"", ""buy_4th_pre_req_pre"": ""0"", ""buy_5th_pre_bid"": ""+5940"", ""buy_5th_pre_req"": ""5466"", ""buy_5th_pre_req_pre"": ""0"", ""buy_6th_pre_bid"": ""+5930"", ""buy_6th_pre_req"": ""4361"", ""buy_6th_pre_req_pre"": ""0"", ""buy_7th_pre_bid"": ""+5920"", ""buy_7th_pre_req"": ""2938"", ""buy_7th_pre_req_pre"": ""0"", ""buy_8th_pre_bid"": ""+5910"", ""buy_8th_pre_req"": ""5847"", ""buy_8th_pre_req_pre"": ""0"", ""buy_9th_pre_bid"": ""+5900"", ""buy_9th_pre_req"": ""10921"", ""buy_9th_pre_req_pre"": ""0"", ""buy_10th_pre_bid"": ""+5890"", ""buy_10th_pre_req"": ""4619"", ""buy_10th_pre_req_pre"": ""0"", ""tot_sel_req_jub_pre"": ""+2"", ""tot_sel_req"": ""150284"", ""tot_buy_req"": ""75807"", ""tot_buy_req_jub_pre"": ""--2"", ""ovt_sel_req_pre"": ""0"", ""ovt_sel_req"": ""0"", ""ovt_buy_req"": ""0"", ""ovt_buy_req_pre"": ""0"", ""return_code"": 0, ""return_msg"": ""정상적으로 처리되었습니다""}"
2026-06-10,scan_candidate,008770,,0,main_scan,53600,,53600,53500,53600,54000,0.5597014925373134,0.18656716417910446,,,,,,"{""bid_req_base_tm"": ""093838"", ""sel_10th_pre_req_pre"": ""0"", ""sel_10th_pre_req"": ""32"", ""sel_10th_pre_bid"": ""-54700"", ""sel_9th_pre_req_pre"": ""0"", ""sel_9th_pre_req"": ""3"", ""sel_9th_pre_bid"": ""-54600"", ""sel_8th_pre_req_pre"": ""0"", ""sel_8th_pre_req"": ""3"", ""sel_8th_pre_bid"": ""-54300"", ""sel_7th_pre_req_pre"": ""0"", ""sel_7th_pre_req"": ""157"", ""sel_7th_pre_bid"": ""-54200"", ""sel_6th_pre_req_pre"": ""0"", ""sel_6th_pre_req"": ""62"", ""sel_6th_pre_bid"": ""-54100"", ""sel_5th_pre_req_pre"": ""0"", ""sel_5th_pre_req"": ""65"", ""sel_5th_pre_bid"": ""-54000"", ""sel_4th_pre_req_pre"": ""0"", ""sel_4th_pre_req"": ""46"", ""sel_4th_pre_bid"": ""-53900"", ""sel_3th_pre_req_pre"": ""0"", ""sel_3th_pre_req"": ""29"", ""sel_3th_pre_bid"": ""-53800"", ""sel_2th_pre_req_pre"": ""0"", ""sel_2th_pre_req"": ""119"", ""sel_2th_pre_bid"": ""-53700"", ""sel_1th_pre_req_pre"": ""--69"", ""sel_fpr_req"": ""229"", ""sel_fpr_bid"": ""-53600"", ""buy_fpr_bid"": ""-53500"", ""buy_fpr_req"": ""514"", ""buy_1th_pre_req_pre"": ""--69"", ""buy_2th_pre_bid"": ""-53400"", ""buy_2th_pre_req"": ""478"", ""buy_2th_pre_req_pre"": ""0"", ""buy_3th_pre_bid"": ""-53300"", ""buy_3th_pre_req"": ""545"", ""buy_3th_pre_req_pre"": ""0"", ""buy_4th_pre_bid"": ""-53200"", ""buy_4th_pre_req"": ""700"", ""buy_4th_pre_req_pre"": ""0"", ""buy_5th_pre_bid"": ""-53100"", ""buy_5th_pre_req"": ""303"", ""buy_5th_pre_req_pre"": ""0"", ""buy_6th_pre_bid"": ""-53000"", ""buy_6th_pre_req"": ""661"", ""buy_6th_pre_req_pre"": ""0"", ""buy_7th_pre_bid"": ""-52900"", ""buy_7th_pre_req"": ""190"", ""buy_7th_pre_req_pre"": ""0"", ""buy_8th_pre_bid"": ""-52800"", ""buy_8th_pre_req"": ""405"", ""buy_8th_pre_req_pre"": ""0"", ""buy_9th_pre_bid"": ""-52700"", ""buy_9th_pre_req"": ""327"", ""buy_9th_pre_req_pre"": ""0"", ""buy_10th_pre_bid"": ""-52600"", ""buy_10th_pre_req"": ""530"", ""buy_10th_pre_req_pre"": ""0"", ""tot_sel_req_jub_pre"": ""--69"", ""tot_sel_req"": ""745"", ""tot_buy_req"": ""4653"", ""tot_buy_req_jub_pre"": ""--69"", ""ovt_sel_req_pre"": ""0"", ""ovt_sel_req"": ""0"", ""ovt_buy_req"": ""0"", ""ovt_buy_req_pre"": ""0"", ""return_code"": 0, ""return_msg"": ""정상적으로 처리되었습니다""}"
2026-06-10,scan_candidate,081660,,0,main_scan,40200,,40200,40100,40200,40300,0.12437810945273632,0.24875621890547264,,,,,,"{""bid_req_base_tm"": ""093837"", ""sel_10th_pre_req_pre"": ""0"", ""sel_10th_pre_req"": ""50"", ""sel_10th_pre_bid"": ""+40650"", ""sel_9th_pre_req_pre"": ""0"", ""sel_9th_pre_req"": ""75"", ""sel_9th_pre_bid"": ""+40600"", ""sel_8th_pre_req_pre"": ""0"", ""sel_8th_pre_req"": ""126"", ""sel_8th_pre_bid"": ""+40550"", ""sel_7th_pre_req_pre"": ""0"", ""sel_7th_pre_req"": ""40"", ""sel_7th_pre_bid"": ""+40500"", ""sel_6th_pre_req_pre"": ""0"", ""sel_6th_pre_req"": ""20"", ""sel_6th_pre_bid"": ""+40450"", ""sel_5th_pre_req_pre"": ""0"", ""sel_5th_pre_req"": ""87"", ""sel_5th_pre_bid"": ""+40400"", ""sel_4th_pre_req_pre"": ""0"", ""sel_4th_pre_req"": ""18"", ""sel_4th_pre_bid"": ""+40350"", ""sel_3th_pre_req_pre"": ""0"", ""sel_3th_pre_req"": ""18"", ""sel_3th_pre_bid"": ""+40300"", ""sel_2th_pre_req_pre"": ""0"", ""sel_2th_pre_req"": ""98"", ""sel_2th_pre_bid"": ""+40250"", ""sel_1th_pre_req_pre"": ""0"", ""sel_fpr_req"": ""58"", ""sel_fpr_bid"": ""+40200"", ""buy_fpr_bid"": ""+40100"", ""buy_fpr_req"": ""339"", ""buy_1th_pre_req_pre"": ""+8"", ""buy_2th_pre_bid"": ""+40050"", ""buy_2th_pre_req"": ""244"", ""buy_2th_pre_req_pre"": ""0"", ""buy_3th_pre_bid"": ""+40000"", ""buy_3th_pre_req"": ""25"", ""buy_3th_pre_req_pre"": ""0"", ""buy_4th_pre_bid"": ""+39950"", ""buy_4th_pre_req"": ""55"", ""buy_4th_pre_req_pre"": ""0"", ""buy_5th_pre_bid"": ""+39900"", ""buy_5th_pre_req"": ""20"", ""buy_5th_pre_req_pre"": ""0"", ""buy_6th_pre_bid"": ""+39850"", ""buy_6th_pre_req"": ""41"", ""buy_6th_pre_req_pre"": ""0"", ""buy_7th_pre_bid"": ""+39800"", ""buy_7th_pre_req"": ""11"", ""buy_7th_pre_req_pre"": ""0"", ""buy_8th_pre_bid"": ""+39750"", ""buy_8th_pre_req"": ""40"", ""buy_8th_pre_req_pre"": ""0"", ""buy_9th_pre_bid"": ""39700"", ""buy_9th_pre_req"": ""10"", ""buy_9th_pre_req_pre"": ""0"", ""buy_10th_pre_bid"": ""-39650"", ""buy_10th_pre_req"": ""30"", ""buy_10th_pre_req_pre"": ""0"", ""tot_sel_req_jub_pre"": ""0"", ""tot_sel_req"": ""590"", ""tot_buy_req"": ""815"", ""tot_buy_req_jub_pre"": ""+8"", ""ovt_sel_req_pre"": ""0"", ""ovt_sel_req"": ""0"", ""ovt_buy_req"": ""0"", ""ovt_buy_req_pre"": ""0"", ""return_code"": 0, ""return_msg"": ""정상적으로 처리되었습니다""}"
2026-06-10,scan_candidate,462870,,0,main_scan,30700,,30700,30650,30700,30850,0.32573289902280134,0.16286644951140067,,,,,,"{""bid_req_base_tm"": ""093839"", ""sel_10th_pre_req_pre"": ""0"", ""sel_10th_pre_req"": ""170"", ""sel_10th_pre_bid"": ""-31300"", ""sel_9th_pre_req_pre"": ""0"", ""sel_9th_pre_req"": ""183"", ""sel_9th_pre_bid"": ""-31250"", ""sel_8th_pre_req_pre"": ""0"", ""sel_8th_pre_req"": ""36"", ""sel_8th_pre_bid"": ""-31100"", ""sel_7th_pre_req_pre"": ""0"", ""sel_7th_pre_req"": ""41"", ""sel_7th_pre_bid"": ""-31050"", ""sel_6th_pre_req_pre"": ""0"", ""sel_6th_pre_req"": ""50"", ""sel_6th_pre_bid"": ""-31000"", ""sel_5th_pre_req_pre"": ""0"", ""sel_5th_pre_req"": ""21"", ""sel_5th_pre_bid"": ""-30950"", ""sel_4th_pre_req_pre"": ""0"", ""sel_4th_pre_req"": ""11"", ""sel_4th_pre_bid"": ""-30900"", ""sel_3th_pre_req_pre"": ""0"", ""sel_3th_pre_req"": ""50"", ""sel_3th_pre_bid"": ""-30850"", ""sel_2th_pre_req_pre"": ""0"", ""sel_2th_pre_req"": ""64"", ""sel_2th_pre_bid"": ""-30750"", ""sel_1th_pre_req_pre"": ""0"", ""sel_fpr_req"": ""285"", ""sel_fpr_bid"": ""-30700"", ""buy_fpr_bid"": ""-30650"", ""buy_fpr_req"": ""25"", ""buy_1th_pre_req_pre"": ""0"", ""buy_2th_pre_bid"": ""-30600"", ""buy_2th_pre_req"": ""276"", ""buy_2th_pre_req_pre"": ""0"", ""buy_3th_pre_bid"": ""-30550"", ""buy_3th_pre_req"": ""103"", ""buy_3th_pre_req_pre"": ""0"", ""buy_4th_pre_bid"": ""-30500"", ""buy_4th_pre_req"": ""265"", ""buy_4th_pre_req_pre"": ""+20"", ""buy_5th_pre_bid"": ""-30450"", ""buy_5th_pre_req"": ""44"", ""buy_5th_pre_req_pre"": ""0"", ""buy_6th_pre_bid"": ""-30400"", ""buy_6th_pre_req"": ""284"", ""buy_6th_pre_req_pre"": ""0"", ""buy_7th_pre_bid"": ""-30350"", ""buy_7th_pre_req"": ""11"", ""buy_7th_pre_req_pre"": ""0"", ""buy_8th_pre_bid"": ""-30300"", ""buy_8th_pre_req"": ""80"", ""buy_8th_pre_req_pre"": ""0"", ""buy_9th_pre_bid"": ""-30250"", ""buy_9th_pre_req"": ""177"", ""buy_9th_pre_req_pre"": ""0"", ""buy_10th_pre_bid"": ""-30200"", ""buy_10th_pre_req"": ""67"", ""buy_10th_pre_req_pre"": ""0"", ""tot_sel_req_jub_pre"": ""0"", ""tot_sel_req"": ""911"", ""tot_buy_req"": ""1332"", ""tot_buy_req_jub_pre"": ""+20"", ""ovt_sel_req_pre"": ""0"", ""ovt_sel_req"": ""0"", ""ovt_buy_req"": ""0"", ""ovt_buy_req_pre"": ""0"", ""return_code"": 0, ""return_msg"": ""정상적으로 처리되었습니다""}"
2026-06-10,scan_candidate,120110,,0,main_scan,69000,,69000,68900,69000,69200,0.14492753623188406,0.14492753623188406,,,,,,"{""bid_req_base_tm"": ""093838"", ""sel_10th_pre_req_pre"": ""0"", ""sel_10th_pre_req"": ""218"", ""sel_10th_pre_bid"": ""+70000"", ""sel_9th_pre_req_pre"": ""0"", ""sel_9th_pre_req"": ""47"", ""sel_9th_pre_bid"": ""+69900"", ""sel_8th_pre_req_pre"": ""0"", ""sel_8th_pre_req"": ""100"", ""sel_8th_pre_bid"": ""+69800"", ""sel_7th_pre_req_pre"": ""0"", ""sel_7th_pre_req"": ""5"", ""sel_7th_pre_bid"": ""+69700"", ""sel_6th_pre_req_pre"": ""0"", ""sel_6th_pre_req"": ""20"", ""sel_6th_pre_bid"": ""+69600"", ""sel_5th_pre_req_pre"": ""0"", ""sel_5th_pre_req"": ""83"", ""sel_5th_pre_bid"": ""+69500"", ""sel_4th_pre_req_pre"": ""0"", ""sel_4th_pre_req"": ""20"", ""sel_4th_pre_bid"": ""+69400"", ""sel_3th_pre_req_pre"": ""0"", ""sel_3th_pre_req"": ""48"", ""sel_3th_pre_bid"": ""+69200"", ""sel_2th_pre_req_pre"": ""0"", ""sel_2th_pre_req"": ""15"", ""sel_2th_pre_bid"": ""+69100"", ""sel_1th_pre_req_pre"": ""--9"", ""sel_fpr_req"": ""11"", ""sel_fpr_bid"": ""+69000"", ""buy_fpr_bid"": ""+68900"", ""buy_fpr_req"": ""14"", ""buy_1th_pre_req_pre"": ""0"", ""buy_2th_pre_bid"": ""+68800"", ""buy_2th_pre_req"": ""36"", ""buy_2th_pre_req_pre"": ""0"", ""buy_3th_pre_bid"": ""+68700"", ""buy_3th_pre_req"": ""38"", ""buy_3th_pre_req_pre"": ""0"", ""buy_4th_pre_bid"": ""+68500"", ""buy_4th_pre_req"": ""14"", ""buy_4th_pre_req_pre"": ""0"", ""buy_5th_pre_bid"": ""+68400"", ""buy_5th_pre_req"": ""747"", ""buy_5th_pre_req_pre"": ""0"", ""buy_6th_pre_bid"": ""+68300"", ""buy_6th_pre_req"": ""369"", ""buy_6th_pre_req_pre"": ""0"", ""buy_7th_pre_bid"": ""+68200"", ""buy_7th_pre_req"": ""102"", ""buy_7th_pre_req_pre"": ""0"", ""buy_8th_pre_bid"": ""+68100"", ""buy_8th_pre_req"": ""1168"", ""buy_8th_pre_req_pre"": ""0"", ""buy_9th_pre_bid"": ""+68000"", ""buy_9th_pre_req"": ""339"", ""buy_9th_pre_req_pre"": ""0"", ""buy_10th_pre_bid"": ""+67900"", ""buy_10th_pre_req"": ""33"", ""buy_10th_pre_req_pre"": ""0"", ""tot_sel_req_jub_pre"": ""--9"", ""tot_sel_req"": ""567"", ""tot_buy_req"": ""2860"", ""tot_buy_req_jub_pre"": ""0"", ""ovt_sel_req_pre"": ""0"", ""ovt_sel_req"": ""0"", ""ovt_buy_req"": ""0"", ""ovt_buy_req_pre"": ""0"", ""return_code"": 0, ""return_msg"": ""정상적으로 처리되었습니다""}"
2026-06-10,scan_candidate,009155,,0,main_scan,612000,,612000,611000,612000,615000,0.32679738562091504,0.16339869281045752,,,,,,"{""bid_req_base_tm"": ""093840"", ""sel_10th_pre_req_pre"": ""0"", ""sel_10th_pre_req"": ""16"", ""sel_10th_pre_bid"": ""-625000"", ""sel_9th_pre_req_pre"": ""0"", ""sel_9th_pre_req"": ""1"", ""sel_9th_pre_bid"": ""-624000"", ""sel_8th_pre_req_pre"": ""0"", ""sel_8th_pre_req"": ""4"", ""sel_8th_pre_bid"": ""-622000"", ""sel_7th_pre_req_pre"": ""0"", ""sel_7th_pre_req"": ""8"", ""sel_7th_pre_bid"": ""-620000"", ""sel_6th_pre_req_pre"": ""0"", ""sel_6th_pre_req"": ""151"", ""sel_6th_pre_bid"": ""-619000"", ""sel_5th_pre_req_pre"": ""0"", ""sel_5th_pre_req"": ""9"", ""sel_5th_pre_bid"": ""-618000"", ""sel_4th_pre_req_pre"": ""0"", ""sel_4th_pre_req"": ""5"", ""sel_4th_pre_bid"": ""-616000"", ""sel_3th_pre_req_pre"": ""0"", ""sel_3th_pre_req"": ""201"", ""sel_3th_pre_bid"": ""-615000"", ""sel_2th_pre_req_pre"": ""0"", ""sel_2th_pre_req"": ""56"", ""sel_2th_pre_bid"": ""-613000"", ""sel_1th_pre_req_pre"": ""0"", ""sel_fpr_req"": ""32"", ""sel_fpr_bid"": ""-612000"", ""buy_fpr_bid"": ""-611000"", ""buy_fpr_req"": ""6"", ""buy_1th_pre_req_pre"": ""0"", ""buy_2th_pre_bid"": ""-610000"", ""buy_2th_pre_req"": ""74"", ""buy_2th_pre_req_pre"": ""0"", ""buy_3th_pre_bid"": ""-609000"", ""buy_3th_pre_req"": ""56"", ""buy_3th_pre_req_pre"": ""0"", ""buy_4th_pre_bid"": ""-608000"", ""buy_4th_pre_req"": ""18"", ""buy_4th_pre_req_pre"": ""0"", ""buy_5th_pre_bid"": ""-607000"", ""buy_5th_pre_req"": ""48"", ""buy_5th_pre_req_pre"": ""0"", ""buy_6th_pre_bid"": ""-606000"", ""buy_6th_pre_req"": ""66"", ""buy_6th_pre_req_pre"": ""0"", ""buy_7th_pre_bid"": ""-605000"", ""buy_7th_pre_req"": ""278"", ""buy_7th_pre_req_pre"": ""0"", ""buy_8th_pre_bid"": ""-604000"", ""buy_8th_pre_req"": ""136"", ""buy_8th_pre_req_pre"": ""+1"", ""buy_9th_pre_bid"": ""-603000"", ""buy_9th_pre_req"": ""16"", ""buy_9th_pre_req_pre"": ""0"", ""buy_10th_pre_bid"": ""-602000"", ""buy_10th_pre_req"": ""40"", ""buy_10th_pre_req_pre"": ""0"", ""tot_sel_req_jub_pre"": ""0"", ""tot_sel_req"": ""483"", ""tot_buy_req"": ""738"", ""tot_buy_req_jub_pre"": ""+1"", ""ovt_sel_req_pre"": ""0"", ""ovt_sel_req"": ""0"", ""ovt_buy_req"": ""0"", ""ovt_buy_req_pre"": ""0"", ""return_code"": 0, ""return_msg"": ""정상적으로 처리되었습니다""}"
2026-06-10,scan_candidate,192080,,0,main_scan,72000,,72000,71800,72000,72200,0.1388888888888889,0.2777777777777778,,,,,,"{""bid_req_base_tm"": ""093839"", ""sel_10th_pre_req_pre"": ""0"", ""sel_10th_pre_req"": ""758"", ""sel_10th_pre_bid"": ""+73700"", ""sel_9th_pre_req_pre"": ""0"", ""sel_9th_pre_req"": ""7"", ""sel_9th_pre_bid"": ""+73500"", ""sel_8th_pre_req_pre"": ""0"", ""sel_8th_pre_req"": ""72"", ""sel_8th_pre_bid"": ""+73400"", ""sel_7th_pre_req_pre"": ""0"", ""sel_7th_pre_req"": ""50"", ""sel_7th_pre_bid"": ""+73300"", ""sel_6th_pre_req_pre"": ""0"", ""sel_6th_pre_req"": ""25"", ""sel_6th_pre_bid"": ""+73000"", ""sel_5th_pre_req_pre"": ""0"", ""sel_5th_pre_req"": ""1"", ""sel_5th_pre_bid"": ""+72600"", ""sel_4th_pre_req_pre"": ""0"", ""sel_4th_pre_req"": ""9"", ""sel_4th_pre_bid"": ""+72500"", ""sel_3th_pre_req_pre"": ""0"", ""sel_3th_pre_req"": ""2"", ""sel_3th_pre_bid"": ""+72200"", ""sel_2th_pre_req_pre"": ""0"", ""sel_2th_pre_req"": ""133"", ""sel_2th_pre_bid"": ""+72100"", ""sel_1th_pre_req_pre"": ""--15"", ""sel_fpr_req"": ""100"", ""sel_fpr_bid"": ""72000"", ""buy_fpr_bid"": ""-71800"", ""buy_fpr_req"": ""44"", ""buy_1th_pre_req_pre"": ""0"", ""buy_2th_pre_bid"": ""-71500"", ""buy_2th_pre_req"": ""13"", ""buy_2th_pre_req_pre"": ""0"", ""buy_3th_pre_bid"": ""-71400"", ""buy_3th_pre_req"": ""1"", ""buy_3th_pre_req_pre"": ""0"", ""buy_4th_pre_bid"": ""-71300"", ""buy_4th_pre_req"": ""47"", ""buy_4th_pre_req_pre"": ""0"", ""buy_5th_pre_bid"": ""-71200"", ""buy_5th_pre_req"": ""600"", ""buy_5th_pre_req_pre"": ""0"", ""buy_6th_pre_bid"": ""-71100"", ""buy_6th_pre_req"": ""82"", ""buy_6th_pre_req_pre"": ""0"", ""buy_7th_pre_bid"": ""-71000"", ""buy_7th_pre_req"": ""63"", ""buy_7th_pre_req_pre"": ""0"", ""buy_8th_pre_bid"": ""-70900"", ""buy_8th_pre_req"": ""77"", ""buy_8th_pre_req_pre"": ""0"", ""buy_9th_pre_bid"": ""-70800"", ""buy_9th_pre_req"": ""49"", ""buy_9th_pre_req_pre"": ""0"", ""buy_10th_pre_bid"": ""-70700"", ""buy_10th_pre_req"": ""32"", ""buy_10th_pre_req_pre"": ""0"", ""tot_sel_req_jub_pre"": ""--15"", ""tot_sel_req"": ""1157"", ""tot_buy_req"": ""1008"", ""tot_buy_req_jub_pre"": ""0"", ""ovt_sel_req_pre"": ""0"", ""ovt_sel_req"": ""0"", ""ovt_buy_req"": ""0"", ""ovt_buy_req_pre"": ""0"", ""return_code"": 0, ""return_msg"": ""정상적으로 처리되었습니다""}"
2026-06-10,scan_candidate,093370,,0,main_scan,14210,,14210,14200,14210,14150,-0.7741027445460943,0.07037297677691766,,,,,,"{""bid_req_base_tm"": ""093840"", ""sel_10th_pre_req_pre"": ""0"", ""sel_10th_pre_req"": ""15463"", ""sel_10th_pre_bid"": ""+14300"", ""sel_9th_pre_req_pre"": ""0"", ""sel_9th_pre_req"": ""5224"", ""sel_9th_pre_bid"": ""+14290"", ""sel_8th_pre_req_pre"": ""0"", ""sel_8th_pre_req"": ""4150"", ""sel_8th_pre_bid"": ""+14280"", ""sel_7th_pre_req_pre"": ""0"", ""sel_7th_pre_req"": ""2175"", ""sel_7th_pre_bid"": ""+14270"", ""sel_6th_pre_req_pre"": ""0"", ""sel_6th_pre_req"": ""2484"", ""sel_6th_pre_bid"": ""+14260"", ""sel_5th_pre_req_pre"": ""0"", ""sel_5th_pre_req"": ""3444"", ""sel_5th_pre_bid"": ""+14250"", ""sel_4th_pre_req_pre"": ""0"", ""sel_4th_pre_req"": ""3346"", ""sel_4th_pre_bid"": ""+14240"", ""sel_3th_pre_req_pre"": ""0"", ""sel_3th_pre_req"": ""641"", ""sel_3th_pre_bid"": ""+14230"", ""sel_2th_pre_req_pre"": ""0"", ""sel_2th_pre_req"": ""58"", ""sel_2th_pre_bid"": ""+14220"", ""sel_1th_pre_req_pre"": ""0"", ""sel_fpr_req"": ""100"", ""sel_fpr_bid"": ""+14210"", ""buy_fpr_bid"": ""+14200"", ""buy_fpr_req"": ""223"", ""buy_1th_pre_req_pre"": ""0"", ""buy_2th_pre_bid"": ""+14190"", ""buy_2th_pre_req"": ""2443"", ""buy_2th_pre_req_pre"": ""0"", ""buy_3th_pre_bid"": ""+14180"", ""buy_3th_pre_req"": ""466"", ""buy_3th_pre_req_pre"": ""0"", ""buy_4th_pre_bid"": ""+14170"", ""buy_4th_pre_req"": ""190"", ""buy_4th_pre_req_pre"": ""0"", ""buy_5th_pre_bid"": ""+14160"", ""buy_5th_pre_req"": ""64"", ""buy_5th_pre_req_pre"": ""0"", ""buy_6th_pre_bid"": ""+14150"", ""buy_6th_pre_req"": ""46"", ""buy_6th_pre_req_pre"": ""0"", ""buy_7th_pre_bid"": ""+14140"", ""buy_7th_pre_req"": ""80"", ""buy_7th_pre_req_pre"": ""0"", ""buy_8th_pre_bid"": ""+14130"", ""buy_8th_pre_req"": ""21"", ""buy_8th_pre_req_pre"": ""0"", ""buy_9th_pre_bid"": ""+14120"", ""buy_9th_pre_req"": ""40"", ""buy_9th_pre_req_pre"": ""0"", ""buy_10th_pre_bid"": ""+14110"", ""buy_10th_pre_req"": ""229"", ""buy_10th_pre_req_pre"": ""0"", ""tot_sel_req_jub_pre"": ""0"", ""tot_sel_req"": ""37085"", ""tot_buy_req"": ""3802"", ""tot_buy_req_jub_pre"": ""0"", ""ovt_sel_req_pre"": ""0"", ""ovt_sel_req"": ""0"", ""ovt_buy_req"": ""0"", ""ovt_buy_req_pre"": ""0"", ""return_code"": 0, ""return_msg"": ""정상적으로 처리되었습니다""}"
2026-06-10,scan_candidate,066575,,0,main_scan,78900,,78900,78800,78900,79200,0.25348542458808615,0.12674271229404308,,,,,,"{""bid_req_base_tm"": ""093840"", ""sel_10th_pre_req_pre"": ""0"", ""sel_10th_pre_req"": ""189"", ""sel_10th_pre_bid"": ""-79900"", ""sel_9th_pre_req_pre"": ""0"", ""sel_9th_pre_req"": ""36"", ""sel_9th_pre_bid"": ""-79800"", ""sel_8th_pre_req_pre"": ""0"", ""sel_8th_pre_req"": ""85"", ""sel_8th_pre_bid"": ""-79700"", ""sel_7th_pre_req_pre"": ""0"", ""sel_7th_pre_req"": ""111"", ""sel_7th_pre_bid"": ""-79600"", ""sel_6th_pre_req_pre"": ""0"", ""sel_6th_pre_req"": ""573"", ""sel_6th_pre_bid"": ""-79500"", ""sel_5th_pre_req_pre"": ""0"", ""sel_5th_pre_req"": ""155"", ""sel_5th_pre_bid"": ""-79400"", ""sel_4th_pre_req_pre"": ""0"", ""sel_4th_pre_req"": ""280"", ""sel_4th_pre_bid"": ""-79300"", ""sel_3th_pre_req_pre"": ""0"", ""sel_3th_pre_req"": ""22"", ""sel_3th_pre_bid"": ""-79200"", ""sel_2th_pre_req_pre"": ""0"", ""sel_2th_pre_req"": ""447"", ""sel_2th_pre_bid"": ""-79000"", ""sel_1th_pre_req_pre"": ""+2"", ""sel_fpr_req"": ""25"", ""sel_fpr_bid"": ""-78900"", ""buy_fpr_bid"": ""-78800"", ""buy_fpr_req"": ""559"", ""buy_1th_pre_req_pre"": ""0"", ""buy_2th_pre_bid"": ""-78700"", ""buy_2th_pre_req"": ""330"", ""buy_2th_pre_req_pre"": ""0"", ""buy_3th_pre_bid"": ""-78600"", ""buy_3th_pre_req"": ""211"", ""buy_3th_pre_req_pre"": ""0"", ""buy_4th_pre_bid"": ""-78500"", ""buy_4th_pre_req"": ""960"", ""buy_4th_pre_req_pre"": ""0"", ""buy_5th_pre_bid"": ""-78400"", ""buy_5th_pre_req"": ""284"", ""buy_5th_pre_req_pre"": ""0"", ""buy_6th_pre_bid"": ""-78300"", ""buy_6th_pre_req"": ""452"", ""buy_6th_pre_req_pre"": ""0"", ""buy_7th_pre_bid"": ""-78200"", ""buy_7th_pre_req"": ""213"", ""buy_7th_pre_req_pre"": ""0"", ""buy_8th_pre_bid"": ""-78100"", ""buy_8th_pre_req"": ""140"", ""buy_8th_pre_req_pre"": ""0"", ""buy_9th_pre_bid"": ""-78000"", ""buy_9th_pre_req"": ""629"", ""buy_9th_pre_req_pre"": ""0"", ""buy_10th_pre_bid"": ""-77900"", ""buy_10th_pre_req"": ""50"", ""buy_10th_pre_req_pre"": ""0"", ""tot_sel_req_jub_pre"": ""+2"", ""tot_sel_req"": ""1923"", ""tot_buy_req"": ""3828"", ""tot_buy_req_jub_pre"": ""0"", ""ovt_sel_req_pre"": ""0"", ""ovt_sel_req"": ""0"", ""ovt_buy_req"": ""0"", ""ovt_buy_req_pre"": ""0"", ""return_code"": 0, ""return_msg"": ""정상적으로 처리되었습니다""}"
2026-06-10,scan_candidate,181710,,0,main_scan,41300,,41300,41150,41300,41550,0.48426150121065376,0.36319612590799033,,,,,,"{""bid_req_base_tm"": ""093838"", ""sel_10th_pre_req_pre"": ""0"", ""sel_10th_pre_req"": ""151"", ""sel_10th_pre_bid"": ""-42150"", ""sel_9th_pre_req_pre"": ""0"", ""sel_9th_pre_req"": ""101"", ""sel_9th_pre_bid"": ""-42100"", ""sel_8th_pre_req_pre"": ""0"", ""sel_8th_pre_req"": ""131"", ""sel_8th_pre_bid"": ""-42000"", ""sel_7th_pre_req_pre"": ""0"", ""sel_7th_pre_req"": ""60"", ""sel_7th_pre_bid"": ""-41950"", ""sel_6th_pre_req_pre"": ""0"", ""sel_6th_pre_req"": ""2"", ""sel_6th_pre_bid"": ""-41900"", ""sel_5th_pre_req_pre"": ""0"", ""sel_5th_pre_req"": ""1"", ""sel_5th_pre_bid"": ""-41850"", ""sel_4th_pre_req_pre"": ""0"", ""sel_4th_pre_req"": ""23"", ""sel_4th_pre_bid"": ""-41750"", ""sel_3th_pre_req_pre"": ""0"", ""sel_3th_pre_req"": ""8"", ""sel_3th_pre_bid"": ""-41400"", ""sel_2th_pre_req_pre"": ""0"", ""sel_2th_pre_req"": ""397"", ""sel_2th_pre_bid"": ""-41350"", ""sel_1th_pre_req_pre"": ""0"", ""sel_fpr_req"": ""60"", ""sel_fpr_bid"": ""-41300"", ""buy_fpr_bid"": ""-41150"", ""buy_fpr_req"": ""227"", ""buy_1th_pre_req_pre"": ""0"", ""buy_2th_pre_bid"": ""-41100"", ""buy_2th_pre_req"": ""257"", ""buy_2th_pre_req_pre"": ""0"", ""buy_3th_pre_bid"": ""-41050"", ""buy_3th_pre_req"": ""40"", ""buy_3th_pre_req_pre"": ""0"", ""buy_4th_pre_bid"": ""-41000"", ""buy_4th_pre_req"": ""452"", ""buy_4th_pre_req_pre"": ""+1"", ""buy_5th_pre_bid"": ""-40950"", ""buy_5th_pre_req"": ""35"", ""buy_5th_pre_req_pre"": ""0"", ""buy_6th_pre_bid"": ""-40900"", ""buy_6th_pre_req"": ""34"", ""buy_6th_pre_req_pre"": ""0"", ""buy_7th_pre_bid"": ""-40850"", ""buy_7th_pre_req"": ""62"", ""buy_7th_pre_req_pre"": ""0"", ""buy_8th_pre_bid"": ""-40800"", ""buy_8th_pre_req"": ""83"", ""buy_8th_pre_req_pre"": ""0"", ""buy_9th_pre_bid"": ""-40750"", ""buy_9th_pre_req"": ""255"", ""buy_9th_pre_req_pre"": ""0"", ""buy_10th_pre_bid"": ""-40700"", ""buy_10th_pre_req"": ""690"", ""buy_10th_pre_req_pre"": ""0"", ""tot_sel_req_jub_pre"": ""0"", ""tot_sel_req"": ""934"", ""tot_buy_req"": ""2135"", ""tot_buy_req_jub_pre"": ""+1"", ""ovt_sel_req_pre"": ""0"", ""ovt_sel_req"": ""0"", ""ovt_buy_req"": ""0"", ""ovt_buy_req_pre"": ""0"", ""return_code"": 0, ""return_msg"": ""정상적으로 처리되었습니다""}"
2026-06-10,scan_candidate,034230,,0,main_scan,14730,,14730,14720,14730,14750,-0.20366598778004072,0.0678886625933469,,,,,,"{""bid_req_base_tm"": ""093840"", ""sel_10th_pre_req_pre"": ""0"", ""sel_10th_pre_req"": ""31"", ""sel_10th_pre_bid"": ""-14840"", ""sel_9th_pre_req_pre"": ""0"", ""sel_9th_pre_req"": ""18"", ""sel_9th_pre_bid"": ""-14830"", ""sel_8th_pre_req_pre"": ""0"", ""sel_8th_pre_req"": ""12"", ""sel_8th_pre_bid"": ""-14820"", ""sel_7th_pre_req_pre"": ""0"", ""sel_7th_pre_req"": ""94"", ""sel_7th_pre_bid"": ""-14810"", ""sel_6th_pre_req_pre"": ""0"", ""sel_6th_pre_req"": ""44"", ""sel_6th_pre_bid"": ""-14800"", ""sel_5th_pre_req_pre"": ""0"", ""sel_5th_pre_req"": ""25"", ""sel_5th_pre_bid"": ""-14790"", ""sel_4th_pre_req_pre"": ""0"", ""sel_4th_pre_req"": ""353"", ""sel_4th_pre_bid"": ""-14770"", ""sel_3th_pre_req_pre"": ""0"", ""sel_3th_pre_req"": ""25"", ""sel_3th_pre_bid"": ""-14760"", ""sel_2th_pre_req_pre"": ""0"", ""sel_2th_pre_req"": ""34"", ""sel_2th_pre_bid"": ""-14750"", ""sel_1th_pre_req_pre"": ""0"", ""sel_fpr_req"": ""50"", ""sel_fpr_bid"": ""-14730"", ""buy_fpr_bid"": ""-14720"", ""buy_fpr_req"": ""154"", ""buy_1th_pre_req_pre"": ""0"", ""buy_2th_pre_bid"": ""-14710"", ""buy_2th_pre_req"": ""737"", ""buy_2th_pre_req_pre"": ""0"", ""buy_3th_pre_bid"": ""-14700"", ""buy_3th_pre_req"": ""1801"", ""buy_3th_pre_req_pre"": ""0"", ""buy_4th_pre_bid"": ""-14690"", ""buy_4th_pre_req"": ""261"", ""buy_4th_pre_req_pre"": ""0"", ""buy_5th_pre_bid"": ""-14680"", ""buy_5th_pre_req"": ""126"", ""buy_5th_pre_req_pre"": ""0"", ""buy_6th_pre_bid"": ""-14670"", ""buy_6th_pre_req"": ""189"", ""buy_6th_pre_req_pre"": ""0"", ""buy_7th_pre_bid"": ""-14660"", ""buy_7th_pre_req"": ""87"", ""buy_7th_pre_req_pre"": ""+4"", ""buy_8th_pre_bid"": ""-14650"", ""buy_8th_pre_req"": ""3329"", ""buy_8th_pre_req_pre"": ""0"", ""buy_9th_pre_bid"": ""-14640"", ""buy_9th_pre_req"": ""110"", ""buy_9th_pre_req_pre"": ""0"", ""buy_10th_pre_bid"": ""-14630"", ""buy_10th_pre_req"": ""254"", ""buy_10th_pre_req_pre"": ""0"", ""tot_sel_req_jub_pre"": ""0"", ""tot_sel_req"": ""686"", ""tot_buy_req"": ""7048"", ""tot_buy_req_jub_pre"": ""+4"", ""ovt_sel_req_pre"": ""0"", ""ovt_sel_req"": ""0"", ""ovt_buy_req"": ""0"", ""ovt_buy_req_pre"": ""0"", ""return_code"": 0, ""return_msg"": ""정상적으로 처리되었습니다""}"
2026-06-10,scan_candidate,281820,,0,main_scan,66800,,66800,66700,66800,67000,0.14970059880239522,0.14970059880239522,,,,,,"{""bid_req_base_tm"": ""093840"", ""sel_10th_pre_req_pre"": ""0"", ""sel_10th_pre_req"": ""8"", ""sel_10th_pre_bid"": ""+67700"", ""sel_9th_pre_req_pre"": ""0"", ""sel_9th_pre_req"": ""8"", ""sel_9th_pre_bid"": ""+67600"", ""sel_8th_pre_req_pre"": ""0"", ""sel_8th_pre_req"": ""17"", ""sel_8th_pre_bid"": ""+67500"", ""sel_7th_pre_req_pre"": ""0"", ""sel_7th_pre_req"": ""5"", ""sel_7th_pre_bid"": ""+67400"", ""sel_6th_pre_req_pre"": ""0"", ""sel_6th_pre_req"": ""11"", ""sel_6th_pre_bid"": ""+67300"", ""sel_5th_pre_req_pre"": ""0"", ""sel_5th_pre_req"": ""10"", ""sel_5th_pre_bid"": ""+67200"", ""sel_4th_pre_req_pre"": ""0"", ""sel_4th_pre_req"": ""4"", ""sel_4th_pre_bid"": ""+67100"", ""sel_3th_pre_req_pre"": ""0"", ""sel_3th_pre_req"": ""13"", ""sel_3th_pre_bid"": ""+67000"", ""sel_2th_pre_req_pre"": ""0"", ""sel_2th_pre_req"": ""33"", ""sel_2th_pre_bid"": ""+66900"", ""sel_1th_pre_req_pre"": ""0"", ""sel_fpr_req"": ""11"", ""sel_fpr_bid"": ""+66800"", ""buy_fpr_bid"": ""+66700"", ""buy_fpr_req"": ""9"", ""buy_1th_pre_req_pre"": ""0"", ""buy_2th_pre_bid"": ""+66500"", ""buy_2th_pre_req"": ""31"", ""buy_2th_pre_req_pre"": ""0"", ""buy_3th_pre_bid"": ""66400"", ""buy_3th_pre_req"": ""182"", ""buy_3th_pre_req_pre"": ""0"", ""buy_4th_pre_bid"": ""-66200"", ""buy_4th_pre_req"": ""48"", ""buy_4th_pre_req_pre"": ""0"", ""buy_5th_pre_bid"": ""-66100"", ""buy_5th_pre_req"": ""33"", ""buy_5th_pre_req_pre"": ""0"", ""buy_6th_pre_bid"": ""-66000"", ""buy_6th_pre_req"": ""87"", ""buy_6th_pre_req_pre"": ""0"", ""buy_7th_pre_bid"": ""-65900"", ""buy_7th_pre_req"": ""3"", ""buy_7th_pre_req_pre"": ""0"", ""buy_8th_pre_bid"": ""-65800"", ""buy_8th_pre_req"": ""42"", ""buy_8th_pre_req_pre"": ""0"", ""buy_9th_pre_bid"": ""-65700"", ""buy_9th_pre_req"": ""54"", ""buy_9th_pre_req_pre"": ""0"", ""buy_10th_pre_bid"": ""-65600"", ""buy_10th_pre_req"": ""120"", ""buy_10th_pre_req_pre"": ""0"", ""tot_sel_req_jub_pre"": ""0"", ""tot_sel_req"": ""120"", ""tot_buy_req"": ""609"", ""tot_buy_req_jub_pre"": ""0"", ""ovt_sel_req_pre"": ""0"", ""ovt_sel_req"": ""0"", ""ovt_buy_req"": ""0"", ""ovt_buy_req_pre"": ""0"", ""return_code"": 0, ""return_msg"": ""정상적으로 처리되었습니다""}"
2026-06-10,scan_candidate,001820,,0,main_scan,117300,,117300,117000,117300,117500,-0.2557544757033248,0.2557544757033248,,,,,,"{""bid_req_base_tm"": ""093841"", ""sel_10th_pre_req_pre"": ""0"", ""sel_10th_pre_req"": ""126"", ""sel_10th_pre_bid"": ""-118400"", ""sel_9th_pre_req_pre"": ""0"", ""sel_9th_pre_req"": ""34"", ""sel_9th_pre_bid"": ""-118300"", ""sel_8th_pre_req_pre"": ""0"", ""sel_8th_pre_req"": ""36"", ""sel_8th_pre_bid"": ""-118200"", ""sel_7th_pre_req_pre"": ""0"", ""sel_7th_pre_req"": ""1"", ""sel_7th_pre_bid"": ""-118100"", ""sel_6th_pre_req_pre"": ""0"", ""sel_6th_pre_req"": ""199"", ""sel_6th_pre_bid"": ""-118000"", ""sel_5th_pre_req_pre"": ""0"", ""sel_5th_pre_req"": ""75"", ""sel_5th_pre_bid"": ""-117900"", ""sel_4th_pre_req_pre"": ""0"", ""sel_4th_pre_req"": ""37"", ""sel_4th_pre_bid"": ""-117800"", ""sel_3th_pre_req_pre"": ""0"", ""sel_3th_pre_req"": ""61"", ""sel_3th_pre_bid"": ""-117500"", ""sel_2th_pre_req_pre"": ""0"", ""sel_2th_pre_req"": ""62"", ""sel_2th_pre_bid"": ""-117400"", ""sel_1th_pre_req_pre"": ""0"", ""sel_fpr_req"": ""154"", ""sel_fpr_bid"": ""-117300"", ""buy_fpr_bid"": ""-117000"", ""buy_fpr_req"": ""714"", ""buy_1th_pre_req_pre"": ""0"", ""buy_2th_pre_bid"": ""-116900"", ""buy_2th_pre_req"": ""192"", ""buy_2th_pre_req_pre"": ""0"", ""buy_3th_pre_bid"": ""-116800"", ""buy_3th_pre_req"": ""204"", ""buy_3th_pre_req_pre"": ""0"", ""buy_4th_pre_bid"": ""-116700"", ""buy_4th_pre_req"": ""177"", ""buy_4th_pre_req_pre"": ""0"", ""buy_5th_pre_bid"": ""-116600"", ""buy_5th_pre_req"": ""214"", ""buy_5th_pre_req_pre"": ""0"", ""buy_6th_pre_bid"": ""-116500"", ""buy_6th_pre_req"": ""303"", ""buy_6th_pre_req_pre"": ""0"", ""buy_7th_pre_bid"": ""-116400"", ""buy_7th_pre_req"": ""84"", ""buy_7th_pre_req_pre"": ""0"", ""buy_8th_pre_bid"": ""-116300"", ""buy_8th_pre_req"": ""55"", ""buy_8th_pre_req_pre"": ""0"", ""buy_9th_pre_bid"": ""-116200"", ""buy_9th_pre_req"": ""51"", ""buy_9th_pre_req_pre"": ""0"", ""buy_10th_pre_bid"": ""-116100"", ""buy_10th_pre_req"": ""278"", ""buy_10th_pre_req_pre"": ""0"", ""tot_sel_req_jub_pre"": ""0"", ""tot_sel_req"": ""785"", ""tot_buy_req"": ""2272"", ""tot_buy_req_jub_pre"": ""0"", ""ovt_sel_req_pre"": ""0"", ""ovt_sel_req"": ""0"", ""ovt_buy_req"": ""0"", ""ovt_buy_req_pre"": ""0"", ""return_code"": 0, ""return_msg"": ""정상적으로 처리되었습니다""}"
2026-06-10,scan_candidate,000815,,0,main_scan,400500,,400500,400000,400500,401500,0.12484394506866417,0.12484394506866417,,,,,,"{""bid_req_base_tm"": ""093840"", ""sel_10th_pre_req_pre"": ""0"", ""sel_10th_pre_req"": ""5"", ""sel_10th_pre_bid"": ""-405500"", ""sel_9th_pre_req_pre"": ""0"", ""sel_9th_pre_req"": ""32"", ""sel_9th_pre_bid"": ""-405000"", ""sel_8th_pre_req_pre"": ""0"", ""sel_8th_pre_req"": ""13"", ""sel_8th_pre_bid"": ""-404500"", ""sel_7th_pre_req_pre"": ""0"", ""sel_7th_pre_req"": ""1"", ""sel_7th_pre_bid"": ""-404000"", ""sel_6th_pre_req_pre"": ""0"", ""sel_6th_pre_req"": ""182"", ""sel_6th_pre_bid"": ""-403500"", ""sel_5th_pre_req_pre"": ""0"", ""sel_5th_pre_req"": ""48"", ""sel_5th_pre_bid"": ""-403000"", ""sel_4th_pre_req_pre"": ""0"", ""sel_4th_pre_req"": ""2"", ""sel_4th_pre_bid"": ""-402500"", ""sel_3th_pre_req_pre"": ""0"", ""sel_3th_pre_req"": ""115"", ""sel_3th_pre_bid"": ""-401500"", ""sel_2th_pre_req_pre"": ""0"", ""sel_2th_pre_req"": ""12"", ""sel_2th_pre_bid"": ""-401000"", ""sel_1th_pre_req_pre"": ""0"", ""sel_fpr_req"": ""11"", ""sel_fpr_bid"": ""-400500"", ""buy_fpr_bid"": ""-400000"", ""buy_fpr_req"": ""40"", ""buy_1th_pre_req_pre"": ""0"", ""buy_2th_pre_bid"": ""-399500"", ""buy_2th_pre_req"": ""7"", ""buy_2th_pre_req_pre"": ""0"", ""buy_3th_pre_bid"": ""-399000"", ""buy_3th_pre_req"": ""36"", ""buy_3th_pre_req_pre"": ""0"", ""buy_4th_pre_bid"": ""-398500"", ""buy_4th_pre_req"": ""93"", ""buy_4th_pre_req_pre"": ""0"", ""buy_5th_pre_bid"": ""-398000"", ""buy_5th_pre_req"": ""110"", ""buy_5th_pre_req_pre"": ""0"", ""buy_6th_pre_bid"": ""-397500"", ""buy_6th_pre_req"": ""147"", ""buy_6th_pre_req_pre"": ""0"", ""buy_7th_pre_bid"": ""-397000"", ""buy_7th_pre_req"": ""81"", ""buy_7th_pre_req_pre"": ""0"", ""buy_8th_pre_bid"": ""-396500"", ""buy_8th_pre_req"": ""9"", ""buy_8th_pre_req_pre"": ""0"", ""buy_9th_pre_bid"": ""-396000"", ""buy_9th_pre_req"": ""21"", ""buy_9th_pre_req_pre"": ""0"", ""buy_10th_pre_bid"": ""-395500"", ""buy_10th_pre_req"": ""24"", ""buy_10th_pre_req_pre"": ""0"", ""tot_sel_req_jub_pre"": ""0"", ""tot_sel_req"": ""421"", ""tot_buy_req"": ""568"", ""tot_buy_req_jub_pre"": ""0"", ""ovt_sel_req_pre"": ""0"", ""ovt_sel_req"": ""0"", ""ovt_buy_req"": ""0"", ""ovt_buy_req_pre"": ""0"", ""return_code"": 0, ""return_msg"": ""정상적으로 처리되었습니다""}"
2026-06-10,scan_candidate,499790,,0,main_scan,48200,,48200,47950,48200,48100,-0.3112033195020747,0.5186721991701244,,,,,,"{""bid_req_base_tm"": ""093836"", ""sel_10th_pre_req_pre"": ""0"", ""sel_10th_pre_req"": ""3"", ""sel_10th_pre_bid"": ""+48900"", ""sel_9th_pre_req_pre"": ""0"", ""sel_9th_pre_req"": ""18"", ""sel_9th_pre_bid"": ""+48800"", ""sel_8th_pre_req_pre"": ""0"", ""sel_8th_pre_req"": ""975"", ""sel_8th_pre_bid"": ""+48750"", ""sel_7th_pre_req_pre"": ""0"", ""sel_7th_pre_req"": ""36"", ""sel_7th_pre_bid"": ""+48700"", ""sel_6th_pre_req_pre"": ""0"", ""sel_6th_pre_req"": ""51"", ""sel_6th_pre_bid"": ""+48600"", ""sel_5th_pre_req_pre"": ""0"", ""sel_5th_pre_req"": ""5"", ""sel_5th_pre_bid"": ""+48550"", ""sel_4th_pre_req_pre"": ""0"", ""sel_4th_pre_req"": ""5"", ""sel_4th_pre_bid"": ""+48500"", ""sel_3th_pre_req_pre"": ""0"", ""sel_3th_pre_req"": ""53"", ""sel_3th_pre_bid"": ""+48300"", ""sel_2th_pre_req_pre"": ""0"", ""sel_2th_pre_req"": ""138"", ""sel_2th_pre_bid"": ""+48250"", ""sel_1th_pre_req_pre"": ""0"", ""sel_fpr_req"": ""17"", ""sel_fpr_bid"": ""+48200"", ""buy_fpr_bid"": ""+47950"", ""buy_fpr_req"": ""127"", ""buy_1th_pre_req_pre"": ""+3"", ""buy_2th_pre_bid"": ""+47900"", ""buy_2th_pre_req"": ""57"", ""buy_2th_pre_req_pre"": ""0"", ""buy_3th_pre_bid"": ""+47850"", ""buy_3th_pre_req"": ""62"", ""buy_3th_pre_req_pre"": ""0"", ""buy_4th_pre_bid"": ""+47800"", ""buy_4th_pre_req"": ""47"", ""buy_4th_pre_req_pre"": ""0"", ""buy_5th_pre_bid"": ""+47700"", ""buy_5th_pre_req"": ""6"", ""buy_5th_pre_req_pre"": ""0"", ""buy_6th_pre_bid"": ""+47650"", ""buy_6th_pre_req"": ""25"", ""buy_6th_pre_req_pre"": ""0"", ""buy_7th_pre_bid"": ""+47600"", ""buy_7th_pre_req"": ""4"", ""buy_7th_pre_req_pre"": ""0"", ""buy_8th_pre_bid"": ""+47550"", ""buy_8th_pre_req"": ""30"", ""buy_8th_pre_req_pre"": ""0"", ""buy_9th_pre_bid"": ""+47500"", ""buy_9th_pre_req"": ""5"", ""buy_9th_pre_req_pre"": ""0"", ""buy_10th_pre_bid"": ""+47450"", ""buy_10th_pre_req"": ""51"", ""buy_10th_pre_req_pre"": ""0"", ""tot_sel_req_jub_pre"": ""0"", ""tot_sel_req"": ""1301"", ""tot_buy_req"": ""414"", ""tot_buy_req_jub_pre"": ""+3"", ""ovt_sel_req_pre"": ""0"", ""ovt_sel_req"": ""0"", ""ovt_buy_req"": ""0"", ""ovt_buy_req_pre"": ""0"", ""return_code"": 0, ""return_msg"": ""정상적으로 처리되었습니다""}"
2026-06-10,scan_candidate,100090,,0,main_scan,16950,,16950,16940,16950,16950,-0.2949852507374631,0.058997050147492625,,,,,,"{""bid_req_base_tm"": ""093842"", ""sel_10th_pre_req_pre"": ""0"", ""sel_10th_pre_req"": ""275"", ""sel_10th_pre_bid"": ""+17050"", ""sel_9th_pre_req_pre"": ""0"", ""sel_9th_pre_req"": ""330"", ""sel_9th_pre_bid"": ""+17040"", ""sel_8th_pre_req_pre"": ""0"", ""sel_8th_pre_req"": ""22"", ""sel_8th_pre_bid"": ""+17030"", ""sel_7th_pre_req_pre"": ""0"", ""sel_7th_pre_req"": ""60"", ""sel_7th_pre_bid"": ""+17020"", ""sel_6th_pre_req_pre"": ""0"", ""sel_6th_pre_req"": ""107"", ""sel_6th_pre_bid"": ""+17000"", ""sel_5th_pre_req_pre"": ""0"", ""sel_5th_pre_req"": ""6"", ""sel_5th_pre_bid"": ""+16990"", ""sel_4th_pre_req_pre"": ""0"", ""sel_4th_pre_req"": ""18"", ""sel_4th_pre_bid"": ""+16980"", ""sel_3th_pre_req_pre"": ""0"", ""sel_3th_pre_req"": ""4413"", ""sel_3th_pre_bid"": ""+16970"", ""sel_2th_pre_req_pre"": ""0"", ""sel_2th_pre_req"": ""558"", ""sel_2th_pre_bid"": ""+16960"", ""sel_1th_pre_req_pre"": ""+149"", ""sel_fpr_req"": ""391"", ""sel_fpr_bid"": ""+16950"", ""buy_fpr_bid"": ""+16940"", ""buy_fpr_req"": ""763"", ""buy_1th_pre_req_pre"": ""0"", ""buy_2th_pre_bid"": ""+16930"", ""buy_2th_pre_req"": ""741"", ""buy_2th_pre_req_pre"": ""0"", ""buy_3th_pre_bid"": ""+16920"", ""buy_3th_pre_req"": ""668"", ""buy_3th_pre_req_pre"": ""0"", ""buy_4th_pre_bid"": ""+16910"", ""buy_4th_pre_req"": ""911"", ""buy_4th_pre_req_pre"": ""0"", ""buy_5th_pre_bid"": ""+16900"", ""buy_5th_pre_req"": ""1681"", ""buy_5th_pre_req_pre"": ""0"", ""buy_6th_pre_bid"": ""+16890"", ""buy_6th_pre_req"": ""337"", ""buy_6th_pre_req_pre"": ""0"", ""buy_7th_pre_bid"": ""+16880"", ""buy_7th_pre_req"": ""552"", ""buy_7th_pre_req_pre"": ""0"", ""buy_8th_pre_bid"": ""+16870"", ""buy_8th_pre_req"": ""223"", ""buy_8th_pre_req_pre"": ""0"", ""buy_9th_pre_bid"": ""+16860"", ""buy_9th_pre_req"": ""449"", ""buy_9th_pre_req_pre"": ""0"", ""buy_10th_pre_bid"": ""+16850"", ""buy_10th_pre_req"": ""1332"", ""buy_10th_pre_req_pre"": ""0"", ""tot_sel_req_jub_pre"": ""+149"", ""tot_sel_req"": ""6180"", ""tot_buy_req"": ""7657"", ""tot_buy_req_jub_pre"": ""0"", ""ovt_sel_req_pre"": ""0"", ""ovt_sel_req"": ""0"", ""ovt_buy_req"": ""0"", ""ovt_buy_req_pre"": ""0"", ""return_code"": 0, ""return_msg"": ""정상적으로 처리되었습니다""}"
2026-06-10,scan_candidate,003160,,0,main_scan,27800,,27800,27750,27800,27850,0.0,0.1798561151079137,,,,,,"{""bid_req_base_tm"": ""093841"", ""sel_10th_pre_req_pre"": ""0"", ""sel_10th_pre_req"": ""100"", ""sel_10th_pre_bid"": ""+28350"", ""sel_9th_pre_req_pre"": ""0"", ""sel_9th_pre_req"": ""100"", ""sel_9th_pre_bid"": ""+28300"", ""sel_8th_pre_req_pre"": ""0"", ""sel_8th_pre_req"": ""14"", ""sel_8th_pre_bid"": ""+28250"", ""sel_7th_pre_req_pre"": ""0"", ""sel_7th_pre_req"": ""741"", ""sel_7th_pre_bid"": ""+28200"", ""sel_6th_pre_req_pre"": ""0"", ""sel_6th_pre_req"": ""20"", ""sel_6th_pre_bid"": ""+28150"", ""sel_5th_pre_req_pre"": ""0"", ""sel_5th_pre_req"": ""102"", ""sel_5th_pre_bid"": ""+28100"", ""sel_4th_pre_req_pre"": ""0"", ""sel_4th_pre_req"": ""13"", ""sel_4th_pre_bid"": ""28050"", ""sel_3th_pre_req_pre"": ""--2"", ""sel_3th_pre_req"": ""125"", ""sel_3th_pre_bid"": ""-28000"", ""sel_2th_pre_req_pre"": ""0"", ""sel_2th_pre_req"": ""43"", ""sel_2th_pre_bid"": ""-27900"", ""sel_1th_pre_req_pre"": ""+7"", ""sel_fpr_req"": ""76"", ""sel_fpr_bid"": ""-27800"", ""buy_fpr_bid"": ""-27750"", ""buy_fpr_req"": ""11"", ""buy_1th_pre_req_pre"": ""--1"", ""buy_2th_pre_bid"": ""-27700"", ""buy_2th_pre_req"": ""22"", ""buy_2th_pre_req_pre"": ""0"", ""buy_3th_pre_bid"": ""-27600"", ""buy_3th_pre_req"": ""8"", ""buy_3th_pre_req_pre"": ""0"", ""buy_4th_pre_bid"": ""-27550"", ""buy_4th_pre_req"": ""185"", ""buy_4th_pre_req_pre"": ""0"", ""buy_5th_pre_bid"": ""-27500"", ""buy_5th_pre_req"": ""517"", ""buy_5th_pre_req_pre"": ""0"", ""buy_6th_pre_bid"": ""-27450"", ""buy_6th_pre_req"": ""258"", ""buy_6th_pre_req_pre"": ""0"", ""buy_7th_pre_bid"": ""-27400"", ""buy_7th_pre_req"": ""338"", ""buy_7th_pre_req_pre"": ""0"", ""buy_8th_pre_bid"": ""-27350"", ""buy_8th_pre_req"": ""252"", ""buy_8th_pre_req_pre"": ""0"", ""buy_9th_pre_bid"": ""-27300"", ""buy_9th_pre_req"": ""320"", ""buy_9th_pre_req_pre"": ""0"", ""buy_10th_pre_bid"": ""-27250"", ""buy_10th_pre_req"": ""102"", ""buy_10th_pre_req_pre"": ""0"", ""tot_sel_req_jub_pre"": ""+5"", ""tot_sel_req"": ""1334"", ""tot_buy_req"": ""2013"", ""tot_buy_req_jub_pre"": ""--1"", ""ovt_sel_req_pre"": ""0"", ""ovt_sel_req"": ""0"", ""ovt_buy_req"": ""0"", ""ovt_buy_req_pre"": ""0"", ""return_code"": 0, ""return_msg"": ""정상적으로 처리되었습니다""}"
2026-06-10,scan_candidate,000370,,0,main_scan,6430,,6430,6410,6430,6390,-0.7776049766718507,0.3110419906687403,,,,,,"{""bid_req_base_tm"": ""093841"", ""sel_10th_pre_req_pre"": ""0"", ""sel_10th_pre_req"": ""1373"", ""sel_10th_pre_bid"": ""+6540"", ""sel_9th_pre_req_pre"": ""0"", ""sel_9th_pre_req"": ""734"", ""sel_9th_pre_bid"": ""+6530"", ""sel_8th_pre_req_pre"": ""0"", ""sel_8th_pre_req"": ""801"", ""sel_8th_pre_bid"": ""+6520"", ""sel_7th_pre_req_pre"": ""0"", ""sel_7th_pre_req"": ""531"", ""sel_7th_pre_bid"": ""+6510"", ""sel_6th_pre_req_pre"": ""0"", ""sel_6th_pre_req"": ""227"", ""sel_6th_pre_bid"": ""+6500"", ""sel_5th_pre_req_pre"": ""0"", ""sel_5th_pre_req"": ""127"", ""sel_5th_pre_bid"": ""+6490"", ""sel_4th_pre_req_pre"": ""0"", ""sel_4th_pre_req"": ""1503"", ""sel_4th_pre_bid"": ""+6480"", ""sel_3th_pre_req_pre"": ""0"", ""sel_3th_pre_req"": ""5390"", ""sel_3th_pre_bid"": ""+6470"", ""sel_2th_pre_req_pre"": ""+9"", ""sel_2th_pre_req"": ""162"", ""sel_2th_pre_bid"": ""-6440"", ""sel_1th_pre_req_pre"": ""0"", ""sel_fpr_req"": ""65"", ""sel_fpr_bid"": ""-6430"", ""buy_fpr_bid"": ""-6410"", ""buy_fpr_req"": ""113"", ""buy_1th_pre_req_pre"": ""0"", ""buy_2th_pre_bid"": ""-6400"", ""buy_2th_pre_req"": ""125"", ""buy_2th_pre_req_pre"": ""0"", ""buy_3th_pre_bid"": ""-6390"", ""buy_3th_pre_req"": ""203"", ""buy_3th_pre_req_pre"": ""0"", ""buy_4th_pre_bid"": ""-6380"", ""buy_4th_pre_req"": ""61"", ""buy_4th_pre_req_pre"": ""0"", ""buy_5th_pre_bid"": ""-6370"", ""buy_5th_pre_req"": ""28"", ""buy_5th_pre_req_pre"": ""0"", ""buy_6th_pre_bid"": ""-6360"", ""buy_6th_pre_req"": ""855"", ""buy_6th_pre_req_pre"": ""0"", ""buy_7th_pre_bid"": ""-6350"", ""buy_7th_pre_req"": ""1706"", ""buy_7th_pre_req_pre"": ""0"", ""buy_8th_pre_bid"": ""-6340"", ""buy_8th_pre_req"": ""82"", ""buy_8th_pre_req_pre"": ""0"", ""buy_9th_pre_bid"": ""-6330"", ""buy_9th_pre_req"": ""203"", ""buy_9th_pre_req_pre"": ""0"", ""buy_10th_pre_bid"": ""-6320"", ""buy_10th_pre_req"": ""161"", ""buy_10th_pre_req_pre"": ""0"", ""tot_sel_req_jub_pre"": ""+9"", ""tot_sel_req"": ""10913"", ""tot_buy_req"": ""3537"", ""tot_buy_req_jub_pre"": ""0"", ""ovt_sel_req_pre"": ""0"", ""ovt_sel_req"": ""0"", ""ovt_buy_req"": ""0"", ""ovt_buy_req_pre"": ""0"", ""return_code"": 0, ""return_msg"": ""정상적으로 처리되었습니다""}"
2026-06-10,scan_candidate,114090,,0,main_scan,11920,,11920,11900,11920,11950,-0.16778523489932887,0.16778523489932887,,,,,,"{""bid_req_base_tm"": ""093834"", ""sel_10th_pre_req_pre"": ""0"", ""sel_10th_pre_req"": ""743"", ""sel_10th_pre_bid"": ""+12090"", ""sel_9th_pre_req_pre"": ""0"", ""sel_9th_pre_req"": ""556"", ""sel_9th_pre_bid"": ""+12080"", ""sel_8th_pre_req_pre"": ""0"", ""sel_8th_pre_req"": ""72"", ""sel_8th_pre_bid"": ""+12070"", ""sel_7th_pre_req_pre"": ""0"", ""sel_7th_pre_req"": ""110"", ""sel_7th_pre_bid"": ""+12060"", ""sel_6th_pre_req_pre"": ""0"", ""sel_6th_pre_req"": ""9"", ""sel_6th_pre_bid"": ""+12050"", ""sel_5th_pre_req_pre"": ""0"", ""sel_5th_pre_req"": ""299"", ""sel_5th_pre_bid"": ""+12020"", ""sel_4th_pre_req_pre"": ""0"", ""sel_4th_pre_req"": ""5"", ""sel_4th_pre_bid"": ""+12010"", ""sel_3th_pre_req_pre"": ""0"", ""sel_3th_pre_req"": ""20"", ""sel_3th_pre_bid"": ""+12000"", ""sel_2th_pre_req_pre"": ""0"", ""sel_2th_pre_req"": ""168"", ""sel_2th_pre_bid"": ""-11940"", ""sel_1th_pre_req_pre"": ""0"", ""sel_fpr_req"": ""441"", ""sel_fpr_bid"": ""-11920"", ""buy_fpr_bid"": ""-11900"", ""buy_fpr_req"": ""390"", ""buy_1th_pre_req_pre"": ""0"", ""buy_2th_pre_bid"": ""-11890"", ""buy_2th_pre_req"": ""231"", ""buy_2th_pre_req_pre"": ""0"", ""buy_3th_pre_bid"": ""-11880"", ""buy_3th_pre_req"": ""338"", ""buy_3th_pre_req_pre"": ""0"", ""buy_4th_pre_bid"": ""-11860"", ""buy_4th_pre_req"": ""9"", ""buy_4th_pre_req_pre"": ""0"", ""buy_5th_pre_bid"": ""-11850"", ""buy_5th_pre_req"": ""94"", ""buy_5th_pre_req_pre"": ""+4"", ""buy_6th_pre_bid"": ""-11840"", ""buy_6th_pre_req"": ""2105"", ""buy_6th_pre_req_pre"": ""0"", ""buy_7th_pre_bid"": ""-11830"", ""buy_7th_pre_req"": ""220"", ""buy_7th_pre_req_pre"": ""0"", ""buy_8th_pre_bid"": ""-11810"", ""buy_8th_pre_req"": ""46"", ""buy_8th_pre_req_pre"": ""0"", ""buy_9th_pre_bid"": ""-11800"", ""buy_9th_pre_req"": ""73"", ""buy_9th_pre_req_pre"": ""0"", ""buy_10th_pre_bid"": ""-11790"", ""buy_10th_pre_req"": ""116"", ""buy_10th_pre_req_pre"": ""0"", ""tot_sel_req_jub_pre"": ""0"", ""tot_sel_req"": ""2423"", ""tot_buy_req"": ""3622"", ""tot_buy_req_jub_pre"": ""+4"", ""ovt_sel_req_pre"": ""0"", ""ovt_sel_req"": ""0"", ""ovt_buy_req"": ""0"", ""ovt_buy_req_pre"": ""0"", ""return_code"": 0, ""return_msg"": ""정상적으로 처리되었습니다""}"
2026-06-10,scan_candidate,005090,,0,main_scan,52200,,52200,52000,52200,51800,-0.9578544061302682,0.38314176245210724,,,,,,"{""bid_req_base_tm"": ""093843"", ""sel_10th_pre_req_pre"": ""0"", ""sel_10th_pre_req"": ""1"", ""sel_10th_pre_bid"": ""+53700"", ""sel_9th_pre_req_pre"": ""0"", ""sel_9th_pre_req"": ""71"", ""sel_9th_pre_bid"": ""+53600"", ""sel_8th_pre_req_pre"": ""0"", ""sel_8th_pre_req"": ""45"", ""sel_8th_pre_bid"": ""+53400"", ""sel_7th_pre_req_pre"": ""0"", ""sel_7th_pre_req"": ""17"", ""sel_7th_pre_bid"": ""+53100"", ""sel_6th_pre_req_pre"": ""0"", ""sel_6th_pre_req"": ""5"", ""sel_6th_pre_bid"": ""+53000"", ""sel_5th_pre_req_pre"": ""0"", ""sel_5th_pre_req"": ""2"", ""sel_5th_pre_bid"": ""+52900"", ""sel_4th_pre_req_pre"": ""0"", ""sel_4th_pre_req"": ""8740"", ""sel_4th_pre_bid"": ""+52500"", ""sel_3th_pre_req_pre"": ""--42"", ""sel_3th_pre_req"": ""10"", ""sel_3th_pre_bid"": ""+52400"", ""sel_2th_pre_req_pre"": ""+42"", ""sel_2th_pre_req"": ""57"", ""sel_2th_pre_bid"": ""+52300"", ""sel_1th_pre_req_pre"": ""0"", ""sel_fpr_req"": ""71"", ""sel_fpr_bid"": ""+52200"", ""buy_fpr_bid"": ""+52000"", ""buy_fpr_req"": ""1"", ""buy_1th_pre_req_pre"": ""--2"", ""buy_2th_pre_bid"": ""+51900"", ""buy_2th_pre_req"": ""35"", ""buy_2th_pre_req_pre"": ""0"", ""buy_3th_pre_bid"": ""+51800"", ""buy_3th_pre_req"": ""234"", ""buy_3th_pre_req_pre"": ""0"", ""buy_4th_pre_bid"": ""+51700"", ""buy_4th_pre_req"": ""69"", ""buy_4th_pre_req_pre"": ""0"", ""buy_5th_pre_bid"": ""+51600"", ""buy_5th_pre_req"": ""155"", ""buy_5th_pre_req_pre"": ""0"", ""buy_6th_pre_bid"": ""+51500"", ""buy_6th_pre_req"": ""171"", ""buy_6th_pre_req_pre"": ""0"", ""buy_7th_pre_bid"": ""+51400"", ""buy_7th_pre_req"": ""125"", ""buy_7th_pre_req_pre"": ""0"", ""buy_8th_pre_bid"": ""+51300"", ""buy_8th_pre_req"": ""150"", ""buy_8th_pre_req_pre"": ""0"", ""buy_9th_pre_bid"": ""+51200"", ""buy_9th_pre_req"": ""92"", ""buy_9th_pre_req_pre"": ""0"", ""buy_10th_pre_bid"": ""+51100"", ""buy_10th_pre_req"": ""113"", ""buy_10th_pre_req_pre"": ""0"", ""tot_sel_req_jub_pre"": ""0"", ""tot_sel_req"": ""9019"", ""tot_buy_req"": ""1145"", ""tot_buy_req_jub_pre"": ""+110"", ""ovt_sel_req_pre"": ""0"", ""ovt_sel_req"": ""0"", ""ovt_buy_req"": ""0"", ""ovt_buy_req_pre"": ""0"", ""return_code"": 0, ""return_msg"": ""정상적으로 처리되었습니다""}"
2026-06-10,scan_candidate,017900,,0,main_scan,9370,,9370,9320,9370,9390,0.10672358591248667,0.5336179295624333,,,,,,"{""bid_req_base_tm"": ""093843"", ""sel_10th_pre_req_pre"": ""0"", ""sel_10th_pre_req"": ""502"", ""sel_10th_pre_bid"": ""+9480"", ""sel_9th_pre_req_pre"": ""0"", ""sel_9th_pre_req"": ""362"", ""sel_9th_pre_bid"": ""+9470"", ""sel_8th_pre_req_pre"": ""0"", ""sel_8th_pre_req"": ""205"", ""sel_8th_pre_bid"": ""+9460"", ""sel_7th_pre_req_pre"": ""0"", ""sel_7th_pre_req"": ""1725"", ""sel_7th_pre_bid"": ""+9450"", ""sel_6th_pre_req_pre"": ""0"", ""sel_6th_pre_req"": ""85"", ""sel_6th_pre_bid"": ""+9440"", ""sel_5th_pre_req_pre"": ""0"", ""sel_5th_pre_req"": ""53"", ""sel_5th_pre_bid"": ""+9410"", ""sel_4th_pre_req_pre"": ""0"", ""sel_4th_pre_req"": ""113"", ""sel_4th_pre_bid"": ""+9400"", ""sel_3th_pre_req_pre"": ""0"", ""sel_3th_pre_req"": ""404"", ""sel_3th_pre_bid"": ""+9390"", ""sel_2th_pre_req_pre"": ""0"", ""sel_2th_pre_req"": ""162"", ""sel_2th_pre_bid"": ""+9380"", ""sel_1th_pre_req_pre"": ""--2"", ""sel_fpr_req"": ""184"", ""sel_fpr_bid"": ""+9370"", ""buy_fpr_bid"": ""+9320"", ""buy_fpr_req"": ""118"", ""buy_1th_pre_req_pre"": ""--1"", ""buy_2th_pre_bid"": ""+9310"", ""buy_2th_pre_req"": ""7302"", ""buy_2th_pre_req_pre"": ""0"", ""buy_3th_pre_bid"": ""+9300"", ""buy_3th_pre_req"": ""920"", ""buy_3th_pre_req_pre"": ""0"", ""buy_4th_pre_bid"": ""+9290"", ""buy_4th_pre_req"": ""2492"", ""buy_4th_pre_req_pre"": ""0"", ""buy_5th_pre_bid"": ""+9280"", ""buy_5th_pre_req"": ""3162"", ""buy_5th_pre_req_pre"": ""+299"", ""buy_6th_pre_bid"": ""+9270"", ""buy_6th_pre_req"": ""252"", ""buy_6th_pre_req_pre"": ""+10"", ""buy_7th_pre_bid"": ""+9260"", ""buy_7th_pre_req"": ""549"", ""buy_7th_pre_req_pre"": ""+3"", ""buy_8th_pre_bid"": ""+9250"", ""buy_8th_pre_req"": ""949"", ""buy_8th_pre_req_pre"": ""0"", ""buy_9th_pre_bid"": ""+9240"", ""buy_9th_pre_req"": ""1718"", ""buy_9th_pre_req_pre"": ""+50"", ""buy_10th_pre_bid"": ""+9230"", ""buy_10th_pre_req"": ""67"", ""buy_10th_pre_req_pre"": ""0"", ""tot_sel_req_jub_pre"": ""--2"", ""tot_sel_req"": ""3795"", ""tot_buy_req"": ""17529"", ""tot_buy_req_jub_pre"": ""+361"", ""ovt_sel_req_pre"": ""0"", ""ovt_sel_req"": ""0"", ""ovt_buy_req"": ""0"", ""ovt_buy_req_pre"": ""0"", ""return_code"": 0, ""return_msg"": ""정상적으로 처리되었습니다""}"
2026-06-10,scan_candidate,006220,,0,main_scan,11290,,11290,11270,11290,11250,-0.7971656333038087,0.1771479185119575,,,,,,"{""bid_req_base_tm"": ""093842"", ""sel_10th_pre_req_pre"": ""0"", ""sel_10th_pre_req"": ""1676"", ""sel_10th_pre_bid"": ""+11380"", ""sel_9th_pre_req_pre"": ""0"", ""sel_9th_pre_req"": ""31"", ""sel_9th_pre_bid"": ""+11370"", ""sel_8th_pre_req_pre"": ""0"", ""sel_8th_pre_req"": ""125"", ""sel_8th_pre_bid"": ""+11360"", ""sel_7th_pre_req_pre"": ""0"", ""sel_7th_pre_req"": ""6643"", ""sel_7th_pre_bid"": ""+11350"", ""sel_6th_pre_req_pre"": ""0"", ""sel_6th_pre_req"": ""1932"", ""sel_6th_pre_bid"": ""+11340"", ""sel_5th_pre_req_pre"": ""0"", ""sel_5th_pre_req"": ""6210"", ""sel_5th_pre_bid"": ""+11330"", ""sel_4th_pre_req_pre"": ""0"", ""sel_4th_pre_req"": ""304"", ""sel_4th_pre_bid"": ""+11320"", ""sel_3th_pre_req_pre"": ""0"", ""sel_3th_pre_req"": ""269"", ""sel_3th_pre_bid"": ""+11310"", ""sel_2th_pre_req_pre"": ""0"", ""sel_2th_pre_req"": ""495"", ""sel_2th_pre_bid"": ""+11300"", ""sel_1th_pre_req_pre"": ""--18"", ""sel_fpr_req"": ""569"", ""sel_fpr_bid"": ""+11290"", ""buy_fpr_bid"": ""+11270"", ""buy_fpr_req"": ""1119"", ""buy_1th_pre_req_pre"": ""0"", ""buy_2th_pre_bid"": ""+11260"", ""buy_2th_pre_req"": ""8803"", ""buy_2th_pre_req_pre"": ""0"", ""buy_3th_pre_bid"": ""+11250"", ""buy_3th_pre_req"": ""139"", ""buy_3th_pre_req_pre"": ""0"", ""buy_4th_pre_bid"": ""+11240"", ""buy_4th_pre_req"": ""156"", ""buy_4th_pre_req_pre"": ""0"", ""buy_5th_pre_bid"": ""+11230"", ""buy_5th_pre_req"": ""279"", ""buy_5th_pre_req_pre"": ""0"", ""buy_6th_pre_bid"": ""+11220"", ""buy_6th_pre_req"": ""512"", ""buy_6th_pre_req_pre"": ""0"", ""buy_7th_pre_bid"": ""+11210"", ""buy_7th_pre_req"": ""2381"", ""buy_7th_pre_req_pre"": ""0"", ""buy_8th_pre_bid"": ""+11200"", ""buy_8th_pre_req"": ""691"", ""buy_8th_pre_req_pre"": ""0"", ""buy_9th_pre_bid"": ""+11190"", ""buy_9th_pre_req"": ""209"", ""buy_9th_pre_req_pre"": ""0"", ""buy_10th_pre_bid"": ""+11180"", ""buy_10th_pre_req"": ""432"", ""buy_10th_pre_req_pre"": ""0"", ""tot_sel_req_jub_pre"": ""+1366"", ""tot_sel_req"": ""18254"", ""tot_buy_req"": ""14721"", ""tot_buy_req_jub_pre"": ""0"", ""ovt_sel_req_pre"": ""0"", ""ovt_sel_req"": ""0"", ""ovt_buy_req"": ""0"", ""ovt_buy_req_pre"": ""0"", ""return_code"": 0, ""return_msg"": ""정상적으로 처리되었습니다""}"
2026-06-10,scan_candidate,092200,,0,main_scan,10020,,10020,9990,10020,10000,-0.6986027944111777,0.29940119760479045,,,,,,"{""bid_req_base_tm"": ""093843"", ""sel_10th_pre_req_pre"": ""0"", ""sel_10th_pre_req"": ""870"", ""sel_10th_pre_bid"": ""-10120"", ""sel_9th_pre_req_pre"": ""0"", ""sel_9th_pre_req"": ""10"", ""sel_9th_pre_bid"": ""-10110"", ""sel_8th_pre_req_pre"": ""0"", ""sel_8th_pre_req"": ""762"", ""sel_8th_pre_bid"": ""-10100"", ""sel_7th_pre_req_pre"": ""0"", ""sel_7th_pre_req"": ""26"", ""sel_7th_pre_bid"": ""-10090"", ""sel_6th_pre_req_pre"": ""0"", ""sel_6th_pre_req"": ""27"", ""sel_6th_pre_bid"": ""-10080"", ""sel_5th_pre_req_pre"": ""0"", ""sel_5th_pre_req"": ""112"", ""sel_5th_pre_bid"": ""-10060"", ""sel_4th_pre_req_pre"": ""0"", ""sel_4th_pre_req"": ""502"", ""sel_4th_pre_bid"": ""-10050"", ""sel_3th_pre_req_pre"": ""0"", ""sel_3th_pre_req"": ""243"", ""sel_3th_pre_bid"": ""-10040"", ""sel_2th_pre_req_pre"": ""0"", ""sel_2th_pre_req"": ""95"", ""sel_2th_pre_bid"": ""-10030"", ""sel_1th_pre_req_pre"": ""0"", ""sel_fpr_req"": ""66"", ""sel_fpr_bid"": ""-10020"", ""buy_fpr_bid"": ""-9990"", ""buy_fpr_req"": ""282"", ""buy_1th_pre_req_pre"": ""0"", ""buy_2th_pre_bid"": ""-9970"", ""buy_2th_pre_req"": ""303"", ""buy_2th_pre_req_pre"": ""0"", ""buy_3th_pre_bid"": ""-9960"", ""buy_3th_pre_req"": ""6665"", ""buy_3th_pre_req_pre"": ""0"", ""buy_4th_pre_bid"": ""-9950"", ""buy_4th_pre_req"": ""9572"", ""buy_4th_pre_req_pre"": ""0"", ""buy_5th_pre_bid"": ""-9940"", ""buy_5th_pre_req"": ""4919"", ""buy_5th_pre_req_pre"": ""0"", ""buy_6th_pre_bid"": ""-9930"", ""buy_6th_pre_req"": ""3027"", ""buy_6th_pre_req_pre"": ""0"", ""buy_7th_pre_bid"": ""-9920"", ""buy_7th_pre_req"": ""2158"", ""buy_7th_pre_req_pre"": ""0"", ""buy_8th_pre_bid"": ""-9910"", ""buy_8th_pre_req"": ""2777"", ""buy_8th_pre_req_pre"": ""0"", ""buy_9th_pre_bid"": ""-9900"", ""buy_9th_pre_req"": ""9881"", ""buy_9th_pre_req_pre"": ""0"", ""buy_10th_pre_bid"": ""-9890"", ""buy_10th_pre_req"": ""1140"", ""buy_10th_pre_req_pre"": ""0"", ""tot_sel_req_jub_pre"": ""0"", ""tot_sel_req"": ""2713"", ""tot_buy_req"": ""40724"", ""tot_buy_req_jub_pre"": ""0"", ""ovt_sel_req_pre"": ""0"", ""ovt_sel_req"": ""0"", ""ovt_buy_req"": ""0"", ""ovt_buy_req_pre"": ""0"", ""return_code"": 0, ""return_msg"": ""정상적으로 처리되었습니다""}"
2026-06-10,scan_candidate,010820,,0,main_scan,8140,,8140,8130,8140,8140,-0.12285012285012285,0.12285012285012285,,,,,,"{""bid_req_base_tm"": ""093844"", ""sel_10th_pre_req_pre"": ""0"", ""sel_10th_pre_req"": ""290"", ""sel_10th_pre_bid"": ""+8230"", ""sel_9th_pre_req_pre"": ""0"", ""sel_9th_pre_req"": ""258"", ""sel_9th_pre_bid"": ""+8220"", ""sel_8th_pre_req_pre"": ""0"", ""sel_8th_pre_req"": ""773"", ""sel_8th_pre_bid"": ""+8210"", ""sel_7th_pre_req_pre"": ""0"", ""sel_7th_pre_req"": ""848"", ""sel_7th_pre_bid"": ""+8200"", ""sel_6th_pre_req_pre"": ""0"", ""sel_6th_pre_req"": ""488"", ""sel_6th_pre_bid"": ""+8190"", ""sel_5th_pre_req_pre"": ""0"", ""sel_5th_pre_req"": ""51"", ""sel_5th_pre_bid"": ""+8180"", ""sel_4th_pre_req_pre"": ""0"", ""sel_4th_pre_req"": ""77"", ""sel_4th_pre_bid"": ""+8170"", ""sel_3th_pre_req_pre"": ""0"", ""sel_3th_pre_req"": ""128"", ""sel_3th_pre_bid"": ""+8160"", ""sel_2th_pre_req_pre"": ""0"", ""sel_2th_pre_req"": ""1005"", ""sel_2th_pre_bid"": ""+8150"", ""sel_1th_pre_req_pre"": ""0"", ""sel_fpr_req"": ""76"", ""sel_fpr_bid"": ""+8140"", ""buy_fpr_bid"": ""+8130"", ""buy_fpr_req"": ""1"", ""buy_1th_pre_req_pre"": ""0"", ""buy_2th_pre_bid"": ""+8120"", ""buy_2th_pre_req"": ""414"", ""buy_2th_pre_req_pre"": ""0"", ""buy_3th_pre_bid"": ""+8110"", ""buy_3th_pre_req"": ""469"", ""buy_3th_pre_req_pre"": ""0"", ""buy_4th_pre_bid"": ""+8100"", ""buy_4th_pre_req"": ""1123"", ""buy_4th_pre_req_pre"": ""+500"", ""buy_5th_pre_bid"": ""+8090"", ""buy_5th_pre_req"": ""100"", ""buy_5th_pre_req_pre"": ""0"", ""buy_6th_pre_bid"": ""+8080"", ""buy_6th_pre_req"": ""739"", ""buy_6th_pre_req_pre"": ""0"", ""buy_7th_pre_bid"": ""+8060"", ""buy_7th_pre_req"": ""200"", ""buy_7th_pre_req_pre"": ""0"", ""buy_8th_pre_bid"": ""+8050"", ""buy_8th_pre_req"": ""2458"", ""buy_8th_pre_req_pre"": ""0"", ""buy_9th_pre_bid"": ""+8040"", ""buy_9th_pre_req"": ""22"", ""buy_9th_pre_req_pre"": ""0"", ""buy_10th_pre_bid"": ""+8030"", ""buy_10th_pre_req"": ""474"", ""buy_10th_pre_req_pre"": ""0"", ""tot_sel_req_jub_pre"": ""0"", ""tot_sel_req"": ""3994"", ""tot_buy_req"": ""6000"", ""tot_buy_req_jub_pre"": ""+500"", ""ovt_sel_req_pre"": ""0"", ""ovt_sel_req"": ""0"", ""ovt_buy_req"": ""0"", ""ovt_buy_req_pre"": ""0"", ""return_code"": 0, ""return_msg"": ""정상적으로 처리되었습니다""}"
2026-06-10,scan_candidate,000430,,0,main_scan,6120,,6120,6100,6120,6080,-0.8169934640522877,0.32679738562091504,,,,,,"{""bid_req_base_tm"": ""093844"", ""sel_10th_pre_req_pre"": ""0"", ""sel_10th_pre_req"": ""1794"", ""sel_10th_pre_bid"": ""+6210"", ""sel_9th_pre_req_pre"": ""0"", ""sel_9th_pre_req"": ""14616"", ""sel_9th_pre_bid"": ""+6200"", ""sel_8th_pre_req_pre"": ""0"", ""sel_8th_pre_req"": ""4989"", ""sel_8th_pre_bid"": ""+6190"", ""sel_7th_pre_req_pre"": ""0"", ""sel_7th_pre_req"": ""986"", ""sel_7th_pre_bid"": ""+6180"", ""sel_6th_pre_req_pre"": ""0"", ""sel_6th_pre_req"": ""2396"", ""sel_6th_pre_bid"": ""+6170"", ""sel_5th_pre_req_pre"": ""0"", ""sel_5th_pre_req"": ""2910"", ""sel_5th_pre_bid"": ""+6160"", ""sel_4th_pre_req_pre"": ""0"", ""sel_4th_pre_req"": ""15642"", ""sel_4th_pre_bid"": ""+6150"", ""sel_3th_pre_req_pre"": ""0"", ""sel_3th_pre_req"": ""4595"", ""sel_3th_pre_bid"": ""+6140"", ""sel_2th_pre_req_pre"": ""0"", ""sel_2th_pre_req"": ""9347"", ""sel_2th_pre_bid"": ""+6130"", ""sel_1th_pre_req_pre"": ""+519"", ""sel_fpr_req"": ""3037"", ""sel_fpr_bid"": ""+6120"", ""buy_fpr_bid"": ""+6100"", ""buy_fpr_req"": ""98"", ""buy_1th_pre_req_pre"": ""0"", ""buy_2th_pre_bid"": ""+6090"", ""buy_2th_pre_req"": ""1007"", ""buy_2th_pre_req_pre"": ""0"", ""buy_3th_pre_bid"": ""+6080"", ""buy_3th_pre_req"": ""3759"", ""buy_3th_pre_req_pre"": ""0"", ""buy_4th_pre_bid"": ""+6070"", ""buy_4th_pre_req"": ""5575"", ""buy_4th_pre_req_pre"": ""0"", ""buy_5th_pre_bid"": ""+6060"", ""buy_5th_pre_req"": ""2435"", ""buy_5th_pre_req_pre"": ""0"", ""buy_6th_pre_bid"": ""+6050"", ""buy_6th_pre_req"": ""1437"", ""buy_6th_pre_req_pre"": ""0"", ""buy_7th_pre_bid"": ""+6040"", ""buy_7th_pre_req"": ""3208"", ""buy_7th_pre_req_pre"": ""0"", ""buy_8th_pre_bid"": ""+6030"", ""buy_8th_pre_req"": ""2648"", ""buy_8th_pre_req_pre"": ""0"", ""buy_9th_pre_bid"": ""+6020"", ""buy_9th_pre_req"": ""311"", ""buy_9th_pre_req_pre"": ""0"", ""buy_10th_pre_bid"": ""+6010"", ""buy_10th_pre_req"": ""391"", ""buy_10th_pre_req_pre"": ""0"", ""tot_sel_req_jub_pre"": ""+519"", ""tot_sel_req"": ""60312"", ""tot_buy_req"": ""20869"", ""tot_buy_req_jub_pre"": ""--2826"", ""ovt_sel_req_pre"": ""0"", ""ovt_sel_req"": ""0"", ""ovt_buy_req"": ""0"", ""ovt_buy_req_pre"": ""0"", ""return_code"": 0, ""return_msg"": ""정상적으로 처리되었습니다""}"
2026-06-10,scan_candidate,010690,,0,main_scan,10380,,10380,10350,10380,10350,-0.7707129094412332,0.2890173410404624,,,,,,"{""bid_req_base_tm"": ""093844"", ""sel_10th_pre_req_pre"": ""0"", ""sel_10th_pre_req"": ""450"", ""sel_10th_pre_bid"": ""+10470"", ""sel_9th_pre_req_pre"": ""0"", ""sel_9th_pre_req"": ""53"", ""sel_9th_pre_bid"": ""+10460"", ""sel_8th_pre_req_pre"": ""0"", ""sel_8th_pre_req"": ""214"", ""sel_8th_pre_bid"": ""+10450"", ""sel_7th_pre_req_pre"": ""0"", ""sel_7th_pre_req"": ""220"", ""sel_7th_pre_bid"": ""+10440"", ""sel_6th_pre_req_pre"": ""0"", ""sel_6th_pre_req"": ""982"", ""sel_6th_pre_bid"": ""+10430"", ""sel_5th_pre_req_pre"": ""0"", ""sel_5th_pre_req"": ""293"", ""sel_5th_pre_bid"": ""+10420"", ""sel_4th_pre_req_pre"": ""0"", ""sel_4th_pre_req"": ""158"", ""sel_4th_pre_bid"": ""+10410"", ""sel_3th_pre_req_pre"": ""0"", ""sel_3th_pre_req"": ""922"", ""sel_3th_pre_bid"": ""+10400"", ""sel_2th_pre_req_pre"": ""0"", ""sel_2th_pre_req"": ""878"", ""sel_2th_pre_bid"": ""+10390"", ""sel_1th_pre_req_pre"": ""--980"", ""sel_fpr_req"": ""53"", ""sel_fpr_bid"": ""+10380"", ""buy_fpr_bid"": ""+10350"", ""buy_fpr_req"": ""149"", ""buy_1th_pre_req_pre"": ""0"", ""buy_2th_pre_bid"": ""+10340"", ""buy_2th_pre_req"": ""509"", ""buy_2th_pre_req_pre"": ""+501"", ""buy_3th_pre_bid"": ""+10330"", ""buy_3th_pre_req"": ""191"", ""buy_3th_pre_req_pre"": ""0"", ""buy_4th_pre_bid"": ""+10320"", ""buy_4th_pre_req"": ""431"", ""buy_4th_pre_req_pre"": ""0"", ""buy_5th_pre_bid"": ""+10310"", ""buy_5th_pre_req"": ""329"", ""buy_5th_pre_req_pre"": ""+24"", ""buy_6th_pre_bid"": ""+10300"", ""buy_6th_pre_req"": ""541"", ""buy_6th_pre_req_pre"": ""0"", ""buy_7th_pre_bid"": ""+10290"", ""buy_7th_pre_req"": ""147"", ""buy_7th_pre_req_pre"": ""0"", ""buy_8th_pre_bid"": ""+10280"", ""buy_8th_pre_req"": ""734"", ""buy_8th_pre_req_pre"": ""0"", ""buy_9th_pre_bid"": ""10270"", ""buy_9th_pre_req"": ""803"", ""buy_9th_pre_req_pre"": ""0"", ""buy_10th_pre_bid"": ""-10260"", ""buy_10th_pre_req"": ""921"", ""buy_10th_pre_req_pre"": ""0"", ""tot_sel_req_jub_pre"": ""--980"", ""tot_sel_req"": ""4223"", ""tot_buy_req"": ""4755"", ""tot_buy_req_jub_pre"": ""+575"", ""ovt_sel_req_pre"": ""0"", ""ovt_sel_req"": ""0"", ""ovt_buy_req"": ""0"", ""ovt_buy_req_pre"": ""0"", ""return_code"": 0, ""return_msg"": ""정상적으로 처리되었습니다""}"
2026-06-10,scan_candidate,005950,,0,main_scan,11960,,11960,11910,11960,11950,-0.5016722408026756,0.4180602006688963,,,,,,"{""bid_req_base_tm"": ""093844"", ""sel_10th_pre_req_pre"": ""0"", ""sel_10th_pre_req"": ""14"", ""sel_10th_pre_bid"": ""+12070"", ""sel_9th_pre_req_pre"": ""0"", ""sel_9th_pre_req"": ""127"", ""sel_9th_pre_bid"": ""+12060"", ""sel_8th_pre_req_pre"": ""0"", ""sel_8th_pre_req"": ""121"", ""sel_8th_pre_bid"": ""+12050"", ""sel_7th_pre_req_pre"": ""0"", ""sel_7th_pre_req"": ""366"", ""sel_7th_pre_bid"": ""+12040"", ""sel_6th_pre_req_pre"": ""0"", ""sel_6th_pre_req"": ""123"", ""sel_6th_pre_bid"": ""+12020"", ""sel_5th_pre_req_pre"": ""0"", ""sel_5th_pre_req"": ""591"", ""sel_5th_pre_bid"": ""+12010"", ""sel_4th_pre_req_pre"": ""+100"", ""sel_4th_pre_req"": ""113"", ""sel_4th_pre_bid"": ""+12000"", ""sel_3th_pre_req_pre"": ""0"", ""sel_3th_pre_req"": ""10"", ""sel_3th_pre_bid"": ""+11990"", ""sel_2th_pre_req_pre"": ""0"", ""sel_2th_pre_req"": ""200"", ""sel_2th_pre_bid"": ""+11970"", ""sel_1th_pre_req_pre"": ""0"", ""sel_fpr_req"": ""11"", ""sel_fpr_bid"": ""+11960"", ""buy_fpr_bid"": ""+11910"", ""buy_fpr_req"": ""411"", ""buy_1th_pre_req_pre"": ""0"", ""buy_2th_pre_bid"": ""+11900"", ""buy_2th_pre_req"": ""451"", ""buy_2th_pre_req_pre"": ""0"", ""buy_3th_pre_bid"": ""+11890"", ""buy_3th_pre_req"": ""943"", ""buy_3th_pre_req_pre"": ""0"", ""buy_4th_pre_bid"": ""+11880"", ""buy_4th_pre_req"": ""1"", ""buy_4th_pre_req_pre"": ""0"", ""buy_5th_pre_bid"": ""+11870"", ""buy_5th_pre_req"": ""1"", ""buy_5th_pre_req_pre"": ""0"", ""buy_6th_pre_bid"": ""+11850"", ""buy_6th_pre_req"": ""305"", ""buy_6th_pre_req_pre"": ""0"", ""buy_7th_pre_bid"": ""+11840"", ""buy_7th_pre_req"": ""313"", ""buy_7th_pre_req_pre"": ""0"", ""buy_8th_pre_bid"": ""+11830"", ""buy_8th_pre_req"": ""29"", ""buy_8th_pre_req_pre"": ""0"", ""buy_9th_pre_bid"": ""+11820"", ""buy_9th_pre_req"": ""65"", ""buy_9th_pre_req_pre"": ""0"", ""buy_10th_pre_bid"": ""+11810"", ""buy_10th_pre_req"": ""24"", ""buy_10th_pre_req_pre"": ""0"", ""tot_sel_req_jub_pre"": ""+100"", ""tot_sel_req"": ""1676"", ""tot_buy_req"": ""2543"", ""tot_buy_req_jub_pre"": ""0"", ""ovt_sel_req_pre"": ""0"", ""ovt_sel_req"": ""0"", ""ovt_buy_req"": ""0"", ""ovt_buy_req_pre"": ""0"", ""return_code"": 0, ""return_msg"": ""정상적으로 처리되었습니다""}"
2026-06-10,watchlist,014680,,1,filtered_candidate_recheck,261000,,261000,260500,261000,262000,0.19157088122605362,0.19157088122605362,,,,,,"{""bid_req_base_tm"": ""094027"", ""sel_10th_pre_req_pre"": ""0"", ""sel_10th_pre_req"": ""58"", ""sel_10th_pre_bid"": ""+265500"", ""sel_9th_pre_req_pre"": ""0"", ""sel_9th_pre_req"": ""32"", ""sel_9th_pre_bid"": ""+265000"", ""sel_8th_pre_req_pre"": ""0"", ""sel_8th_pre_req"": ""39"", ""sel_8th_pre_bid"": ""+264500"", ""sel_7th_pre_req_pre"": ""0"", ""sel_7th_pre_req"": ""76"", ""sel_7th_pre_bid"": ""+264000"", ""sel_6th_pre_req_pre"": ""0"", ""sel_6th_pre_req"": ""52"", ""sel_6th_pre_bid"": ""+263500"", ""sel_5th_pre_req_pre"": ""0"", ""sel_5th_pre_req"": ""12"", ""sel_5th_pre_bid"": ""+263000"", ""sel_4th_pre_req_pre"": ""0"", ""sel_4th_pre_req"": ""26"", ""sel_4th_pre_bid"": ""+262500"", ""sel_3th_pre_req_pre"": ""0"", ""sel_3th_pre_req"": ""3"", ""sel_3th_pre_bid"": ""+262000"", ""sel_2th_pre_req_pre"": ""0"", ""sel_2th_pre_req"": ""57"", ""sel_2th_pre_bid"": ""+261500"", ""sel_1th_pre_req_pre"": ""0"", ""sel_fpr_req"": ""67"", ""sel_fpr_bid"": ""+261000"", ""buy_fpr_bid"": ""+260500"", ""buy_fpr_req"": ""19"", ""buy_1th_pre_req_pre"": ""+4"", ""buy_2th_pre_bid"": ""+260000"", ""buy_2th_pre_req"": ""52"", ""buy_2th_pre_req_pre"": ""0"", ""buy_3th_pre_bid"": ""+259500"", ""buy_3th_pre_req"": ""303"", ""buy_3th_pre_req_pre"": ""0"", ""buy_4th_pre_bid"": ""+259000"", ""buy_4th_pre_req"": ""11"", ""buy_4th_pre_req_pre"": ""0"", ""buy_5th_pre_bid"": ""+258500"", ""buy_5th_pre_req"": ""302"", ""buy_5th_pre_req_pre"": ""0"", ""buy_6th_pre_bid"": ""+258000"", ""buy_6th_pre_req"": ""20"", ""buy_6th_pre_req_pre"": ""0"", ""buy_7th_pre_bid"": ""+257500"", ""buy_7th_pre_req"": ""9"", ""buy_7th_pre_req_pre"": ""0"", ""buy_8th_pre_bid"": ""+257000"", ""buy_8th_pre_req"": ""104"", ""buy_8th_pre_req_pre"": ""0"", ""buy_9th_pre_bid"": ""+256500"", ""buy_9th_pre_req"": ""2"", ""buy_9th_pre_req_pre"": ""0"", ""buy_10th_pre_bid"": ""+256000"", ""buy_10th_pre_req"": ""107"", ""buy_10th_pre_req_pre"": ""0"", ""tot_sel_req_jub_pre"": ""0"", ""tot_sel_req"": ""422"", ""tot_buy_req"": ""929"", ""tot_buy_req_jub_pre"": ""+4"", ""ovt_sel_req_pre"": ""0"", ""ovt_sel_req"": ""0"", ""ovt_buy_req"": ""0"", ""ovt_buy_req_pre"": ""0"", ""return_code"": 0, ""return_msg"": ""정상적으로 처리되었습니다""}"
2026-06-10,watchlist,035420,,0,filtered_candidate_recheck,238000,,238000,237500,238000,239500,0.42016806722689076,0.21008403361344538,,,,,,"{""bid_req_base_tm"": ""094029"", ""sel_10th_pre_req_pre"": ""0"", ""sel_10th_pre_req"": ""789"", ""sel_10th_pre_bid"": ""-242500"", ""sel_9th_pre_req_pre"": ""0"", ""sel_9th_pre_req"": ""2535"", ""sel_9th_pre_bid"": ""-242000"", ""sel_8th_pre_req_pre"": ""0"", ""sel_8th_pre_req"": ""655"", ""sel_8th_pre_bid"": ""-241500"", ""sel_7th_pre_req_pre"": ""0"", ""sel_7th_pre_req"": ""3282"", ""sel_7th_pre_bid"": ""-241000"", ""sel_6th_pre_req_pre"": ""0"", ""sel_6th_pre_req"": ""2838"", ""sel_6th_pre_bid"": ""-240500"", ""sel_5th_pre_req_pre"": ""0"", ""sel_5th_pre_req"": ""1539"", ""sel_5th_pre_bid"": ""-240000"", ""sel_4th_pre_req_pre"": ""0"", ""sel_4th_pre_req"": ""556"", ""sel_4th_pre_bid"": ""-239500"", ""sel_3th_pre_req_pre"": ""0"", ""sel_3th_pre_req"": ""975"", ""sel_3th_pre_bid"": ""-239000"", ""sel_2th_pre_req_pre"": ""0"", ""sel_2th_pre_req"": ""2255"", ""sel_2th_pre_bid"": ""-238500"", ""sel_1th_pre_req_pre"": ""--32"", ""sel_fpr_req"": ""20"", ""sel_fpr_bid"": ""-238000"", ""buy_fpr_bid"": ""-237500"", ""buy_fpr_req"": ""13158"", ""buy_1th_pre_req_pre"": ""0"", ""buy_2th_pre_bid"": ""-237000"", ""buy_2th_pre_req"": ""4526"", ""buy_2th_pre_req_pre"": ""0"", ""buy_3th_pre_bid"": ""-236500"", ""buy_3th_pre_req"": ""7173"", ""buy_3th_pre_req_pre"": ""0"", ""buy_4th_pre_bid"": ""-236000"", ""buy_4th_pre_req"": ""7257"", ""buy_4th_pre_req_pre"": ""0"", ""buy_5th_pre_bid"": ""-235500"", ""buy_5th_pre_req"": ""10069"", ""buy_5th_pre_req_pre"": ""0"", ""buy_6th_pre_bid"": ""-235000"", ""buy_6th_pre_req"": ""23969"", ""buy_6th_pre_req_pre"": ""0"", ""buy_7th_pre_bid"": ""-234500"", ""buy_7th_pre_req"": ""52596"", ""buy_7th_pre_req_pre"": ""0"", ""buy_8th_pre_bid"": ""-234000"", ""buy_8th_pre_req"": ""6362"", ""buy_8th_pre_req_pre"": ""0"", ""buy_9th_pre_bid"": ""-233500"", ""buy_9th_pre_req"": ""3696"", ""buy_9th_pre_req_pre"": ""0"", ""buy_10th_pre_bid"": ""-233000"", ""buy_10th_pre_req"": ""8281"", ""buy_10th_pre_req_pre"": ""+4"", ""tot_sel_req_jub_pre"": ""--32"", ""tot_sel_req"": ""15444"", ""tot_buy_req"": ""137087"", ""tot_buy_req_jub_pre"": ""+4"", ""ovt_sel_req_pre"": ""0"", ""ovt_sel_req"": ""0"", ""ovt_buy_req"": ""0"", ""ovt_buy_req_pre"": ""0"", ""return_code"": 0, ""return_msg"": ""정상적으로 처리되었습니다""}"
2026-06-10,watchlist,036570,,1,filtered_candidate_recheck,256500,,256500,256000,256500,257500,0.1949317738791423,0.1949317738791423,,,,,,"{""bid_req_base_tm"": ""094028"", ""sel_10th_pre_req_pre"": ""0"", ""sel_10th_pre_req"": ""67"", ""sel_10th_pre_bid"": ""-261000"", ""sel_9th_pre_req_pre"": ""0"", ""sel_9th_pre_req"": ""9"", ""sel_9th_pre_bid"": ""-260500"", ""sel_8th_pre_req_pre"": ""0"", ""sel_8th_pre_req"": ""64"", ""sel_8th_pre_bid"": ""-260000"", ""sel_7th_pre_req_pre"": ""0"", ""sel_7th_pre_req"": ""40"", ""sel_7th_pre_bid"": ""-259500"", ""sel_6th_pre_req_pre"": ""0"", ""sel_6th_pre_req"": ""47"", ""sel_6th_pre_bid"": ""-259000"", ""sel_5th_pre_req_pre"": ""0"", ""sel_5th_pre_req"": ""43"", ""sel_5th_pre_bid"": ""-258500"", ""sel_4th_pre_req_pre"": ""0"", ""sel_4th_pre_req"": ""41"", ""sel_4th_pre_bid"": ""-258000"", ""sel_3th_pre_req_pre"": ""0"", ""sel_3th_pre_req"": ""113"", ""sel_3th_pre_bid"": ""-257500"", ""sel_2th_pre_req_pre"": ""0"", ""sel_2th_pre_req"": ""2"", ""sel_2th_pre_bid"": ""-257000"", ""sel_1th_pre_req_pre"": ""0"", ""sel_fpr_req"": ""119"", ""sel_fpr_bid"": ""-256500"", ""buy_fpr_bid"": ""-256000"", ""buy_fpr_req"": ""227"", ""buy_1th_pre_req_pre"": ""0"", ""buy_2th_pre_bid"": ""-255500"", ""buy_2th_pre_req"": ""38"", ""buy_2th_pre_req_pre"": ""0"", ""buy_3th_pre_bid"": ""-255000"", ""buy_3th_pre_req"": ""202"", ""buy_3th_pre_req_pre"": ""0"", ""buy_4th_pre_bid"": ""-254500"", ""buy_4th_pre_req"": ""762"", ""buy_4th_pre_req_pre"": ""0"", ""buy_5th_pre_bid"": ""-254000"", ""buy_5th_pre_req"": ""229"", ""buy_5th_pre_req_pre"": ""0"", ""buy_6th_pre_bid"": ""-253500"", ""buy_6th_pre_req"": ""385"", ""buy_6th_pre_req_pre"": ""0"", ""buy_7th_pre_bid"": ""-253000"", ""buy_7th_pre_req"": ""815"", ""buy_7th_pre_req_pre"": ""0"", ""buy_8th_pre_bid"": ""-252500"", ""buy_8th_pre_req"": ""181"", ""buy_8th_pre_req_pre"": ""0"", ""buy_9th_pre_bid"": ""-252000"", ""buy_9th_pre_req"": ""113"", ""buy_9th_pre_req_pre"": ""0"", ""buy_10th_pre_bid"": ""-251500"", ""buy_10th_pre_req"": ""222"", ""buy_10th_pre_req_pre"": ""0"", ""tot_sel_req_jub_pre"": ""0"", ""tot_sel_req"": ""545"", ""tot_buy_req"": ""3174"", ""tot_buy_req_jub_pre"": ""0"", ""ovt_sel_req_pre"": ""0"", ""ovt_sel_req"": ""0"", ""ovt_buy_req"": ""0"", ""ovt_buy_req_pre"": ""0"", ""return_code"": 0, ""return_msg"": ""정상적으로 처리되었습니다""}"
2026-06-10,watchlist,005090,,0,filtered_candidate_recheck,51900,,51900,51800,51900,51700,-0.5780346820809248,0.1926782273603083,,,,,,"{""bid_req_base_tm"": ""094025"", ""sel_10th_pre_req_pre"": ""0"", ""sel_10th_pre_req"": ""17"", ""sel_10th_pre_bid"": ""+53100"", ""sel_9th_pre_req_pre"": ""0"", ""sel_9th_pre_req"": ""7"", ""sel_9th_pre_bid"": ""+53000"", ""sel_8th_pre_req_pre"": ""0"", ""sel_8th_pre_req"": ""2"", ""sel_8th_pre_bid"": ""+52900"", ""sel_7th_pre_req_pre"": ""0"", ""sel_7th_pre_req"": ""8740"", ""sel_7th_pre_bid"": ""+52500"", ""sel_6th_pre_req_pre"": ""0"", ""sel_6th_pre_req"": ""10"", ""sel_6th_pre_bid"": ""+52400"", ""sel_5th_pre_req_pre"": ""0"", ""sel_5th_pre_req"": ""15"", ""sel_5th_pre_bid"": ""+52300"", ""sel_4th_pre_req_pre"": ""0"", ""sel_4th_pre_req"": ""504"", ""sel_4th_pre_bid"": ""+52200"", ""sel_3th_pre_req_pre"": ""0"", ""sel_3th_pre_req"": ""261"", ""sel_3th_pre_bid"": ""+52100"", ""sel_2th_pre_req_pre"": ""0"", ""sel_2th_pre_req"": ""36"", ""sel_2th_pre_bid"": ""+52000"", ""sel_1th_pre_req_pre"": ""+2"", ""sel_fpr_req"": ""4"", ""sel_fpr_bid"": ""+51900"", ""buy_fpr_bid"": ""+51800"", ""buy_fpr_req"": ""2"", ""buy_1th_pre_req_pre"": ""--9"", ""buy_2th_pre_bid"": ""+51700"", ""buy_2th_pre_req"": ""69"", ""buy_2th_pre_req_pre"": ""0"", ""buy_3th_pre_bid"": ""+51600"", ""buy_3th_pre_req"": ""207"", ""buy_3th_pre_req_pre"": ""0"", ""buy_4th_pre_bid"": ""+51500"", ""buy_4th_pre_req"": ""291"", ""buy_4th_pre_req_pre"": ""0"", ""buy_5th_pre_bid"": ""+51400"", ""buy_5th_pre_req"": ""125"", ""buy_5th_pre_req_pre"": ""0"", ""buy_6th_pre_bid"": ""+51300"", ""buy_6th_pre_req"": ""150"", ""buy_6th_pre_req_pre"": ""0"", ""buy_7th_pre_bid"": ""+51200"", ""buy_7th_pre_req"": ""92"", ""buy_7th_pre_req_pre"": ""0"", ""buy_8th_pre_bid"": ""+51100"", ""buy_8th_pre_req"": ""113"", ""buy_8th_pre_req_pre"": ""0"", ""buy_9th_pre_bid"": ""+51000"", ""buy_9th_pre_req"": ""266"", ""buy_9th_pre_req_pre"": ""0"", ""buy_10th_pre_bid"": ""+50900"", ""buy_10th_pre_req"": ""110"", ""buy_10th_pre_req_pre"": ""0"", ""tot_sel_req_jub_pre"": ""+2"", ""tot_sel_req"": ""9596"", ""tot_buy_req"": ""1425"", ""tot_buy_req_jub_pre"": ""--9"", ""ovt_sel_req_pre"": ""0"", ""ovt_sel_req"": ""0"", ""ovt_buy_req"": ""0"", ""ovt_buy_req_pre"": ""0"", ""return_code"": 0, ""return_msg"": ""정상적으로 처리되었습니다""}"
2026-06-10,watchlist,066570,,0,filtered_candidate_recheck,234500,,234500,234000,234500,235500,0.21321961620469082,0.21321961620469082,,,,,,"{""bid_req_base_tm"": ""094030"", ""sel_10th_pre_req_pre"": ""0"", ""sel_10th_pre_req"": ""774"", ""sel_10th_pre_bid"": ""-239000"", ""sel_9th_pre_req_pre"": ""0"", ""sel_9th_pre_req"": ""918"", ""sel_9th_pre_bid"": ""-238500"", ""sel_8th_pre_req_pre"": ""0"", ""sel_8th_pre_req"": ""1183"", ""sel_8th_pre_bid"": ""-238000"", ""sel_7th_pre_req_pre"": ""0"", ""sel_7th_pre_req"": ""1898"", ""sel_7th_pre_bid"": ""-237500"", ""sel_6th_pre_req_pre"": ""0"", ""sel_6th_pre_req"": ""1268"", ""sel_6th_pre_bid"": ""-237000"", ""sel_5th_pre_req_pre"": ""0"", ""sel_5th_pre_req"": ""522"", ""sel_5th_pre_bid"": ""-236500"", ""sel_4th_pre_req_pre"": ""0"", ""sel_4th_pre_req"": ""2430"", ""sel_4th_pre_bid"": ""-236000"", ""sel_3th_pre_req_pre"": ""0"", ""sel_3th_pre_req"": ""353"", ""sel_3th_pre_bid"": ""-235500"", ""sel_2th_pre_req_pre"": ""0"", ""sel_2th_pre_req"": ""1880"", ""sel_2th_pre_bid"": ""-235000"", ""sel_1th_pre_req_pre"": ""0"", ""sel_fpr_req"": ""2609"", ""sel_fpr_bid"": ""-234500"", ""buy_fpr_bid"": ""-234000"", ""buy_fpr_req"": ""1532"", ""buy_1th_pre_req_pre"": ""+1"", ""buy_2th_pre_bid"": ""-233500"", ""buy_2th_pre_req"": ""3074"", ""buy_2th_pre_req_pre"": ""0"", ""buy_3th_pre_bid"": ""-233000"", ""buy_3th_pre_req"": ""6058"", ""buy_3th_pre_req_pre"": ""0"", ""buy_4th_pre_bid"": ""-232500"", ""buy_4th_pre_req"": ""4684"", ""buy_4th_pre_req_pre"": ""0"", ""buy_5th_pre_bid"": ""-232000"", ""buy_5th_pre_req"": ""9351"", ""buy_5th_pre_req_pre"": ""0"", ""buy_6th_pre_bid"": ""-231500"", ""buy_6th_pre_req"": ""7431"", ""buy_6th_pre_req_pre"": ""0"", ""buy_7th_pre_bid"": ""-231000"", ""buy_7th_pre_req"": ""9673"", ""buy_7th_pre_req_pre"": ""0"", ""buy_8th_pre_bid"": ""-230500"", ""buy_8th_pre_req"": ""10949"", ""buy_8th_pre_req_pre"": ""0"", ""buy_9th_pre_bid"": ""-230000"", ""buy_9th_pre_req"": ""31239"", ""buy_9th_pre_req_pre"": ""+2"", ""buy_10th_pre_bid"": ""-229500"", ""buy_10th_pre_req"": ""2665"", ""buy_10th_pre_req_pre"": ""+10"", ""tot_sel_req_jub_pre"": ""0"", ""tot_sel_req"": ""13835"", ""tot_buy_req"": ""86656"", ""tot_buy_req_jub_pre"": ""+13"", ""ovt_sel_req_pre"": ""0"", ""ovt_sel_req"": ""0"", ""ovt_buy_req"": ""0"", ""ovt_buy_req_pre"": ""0"", ""return_code"": 0, ""return_msg"": ""정상적으로 처리되었습니다""}"
2026-06-10,watchlist,028670,,0,filtered_candidate_recheck,5080,,5080,5070,5080,5100,0.19685039370078738,0.19685039370078738,,,,,,"{""bid_req_base_tm"": ""094029"", ""sel_10th_pre_req_pre"": ""0"", ""sel_10th_pre_req"": ""1462"", ""sel_10th_pre_bid"": ""-5170"", ""sel_9th_pre_req_pre"": ""0"", ""sel_9th_pre_req"": ""503"", ""sel_9th_pre_bid"": ""-5160"", ""sel_8th_pre_req_pre"": ""0"", ""sel_8th_pre_req"": ""200"", ""sel_8th_pre_bid"": ""-5150"", ""sel_7th_pre_req_pre"": ""0"", ""sel_7th_pre_req"": ""325"", ""sel_7th_pre_bid"": ""-5140"", ""sel_6th_pre_req_pre"": ""0"", ""sel_6th_pre_req"": ""159"", ""sel_6th_pre_bid"": ""-5130"", ""sel_5th_pre_req_pre"": ""0"", ""sel_5th_pre_req"": ""19"", ""sel_5th_pre_bid"": ""-5120"", ""sel_4th_pre_req_pre"": ""0"", ""sel_4th_pre_req"": ""1610"", ""sel_4th_pre_bid"": ""-5110"", ""sel_3th_pre_req_pre"": ""0"", ""sel_3th_pre_req"": ""2136"", ""sel_3th_pre_bid"": ""-5100"", ""sel_2th_pre_req_pre"": ""0"", ""sel_2th_pre_req"": ""1651"", ""sel_2th_pre_bid"": ""-5090"", ""sel_1th_pre_req_pre"": ""--82"", ""sel_fpr_req"": ""952"", ""sel_fpr_bid"": ""-5080"", ""buy_fpr_bid"": ""-5070"", ""buy_fpr_req"": ""2326"", ""buy_1th_pre_req_pre"": ""0"", ""buy_2th_pre_bid"": ""-5060"", ""buy_2th_pre_req"": ""1698"", ""buy_2th_pre_req_pre"": ""0"", ""buy_3th_pre_bid"": ""-5050"", ""buy_3th_pre_req"": ""4296"", ""buy_3th_pre_req_pre"": ""0"", ""buy_4th_pre_bid"": ""-5040"", ""buy_4th_pre_req"": ""2564"", ""buy_4th_pre_req_pre"": ""0"", ""buy_5th_pre_bid"": ""-5030"", ""buy_5th_pre_req"": ""3133"", ""buy_5th_pre_req_pre"": ""0"", ""buy_6th_pre_bid"": ""-5020"", ""buy_6th_pre_req"": ""2401"", ""buy_6th_pre_req_pre"": ""0"", ""buy_7th_pre_bid"": ""-5010"", ""buy_7th_pre_req"": ""2351"", ""buy_7th_pre_req_pre"": ""0"", ""buy_8th_pre_bid"": ""-5000"", ""buy_8th_pre_req"": ""6042"", ""buy_8th_pre_req_pre"": ""0"", ""buy_9th_pre_bid"": ""-4995"", ""buy_9th_pre_req"": ""2242"", ""buy_9th_pre_req_pre"": ""0"", ""buy_10th_pre_bid"": ""-4990"", ""buy_10th_pre_req"": ""1134"", ""buy_10th_pre_req_pre"": ""0"", ""tot_sel_req_jub_pre"": ""--82"", ""tot_sel_req"": ""9017"", ""tot_buy_req"": ""28187"", ""tot_buy_req_jub_pre"": ""0"", ""ovt_sel_req_pre"": ""0"", ""ovt_sel_req"": ""0"", ""ovt_buy_req"": ""0"", ""ovt_buy_req_pre"": ""0"", ""return_code"": 0, ""return_msg"": ""정상적으로 처리되었습니다""}"
2026-06-10,watchlist,004990,,0,filtered_candidate_recheck,25550,,25550,25500,25550,25700,0.3913894324853229,0.19569471624266144,,,,,,"{""bid_req_base_tm"": ""094028"", ""sel_10th_pre_req_pre"": ""0"", ""sel_10th_pre_req"": ""604"", ""sel_10th_pre_bid"": ""-26100"", ""sel_9th_pre_req_pre"": ""0"", ""sel_9th_pre_req"": ""53"", ""sel_9th_pre_bid"": ""-26050"", ""sel_8th_pre_req_pre"": ""0"", ""sel_8th_pre_req"": ""504"", ""sel_8th_pre_bid"": ""-26000"", ""sel_7th_pre_req_pre"": ""0"", ""sel_7th_pre_req"": ""102"", ""sel_7th_pre_bid"": ""-25950"", ""sel_6th_pre_req_pre"": ""0"", ""sel_6th_pre_req"": ""1"", ""sel_6th_pre_bid"": ""-25850"", ""sel_5th_pre_req_pre"": ""0"", ""sel_5th_pre_req"": ""156"", ""sel_5th_pre_bid"": ""-25800"", ""sel_4th_pre_req_pre"": ""0"", ""sel_4th_pre_req"": ""617"", ""sel_4th_pre_bid"": ""-25750"", ""sel_3th_pre_req_pre"": ""0"", ""sel_3th_pre_req"": ""70"", ""sel_3th_pre_bid"": ""-25700"", ""sel_2th_pre_req_pre"": ""0"", ""sel_2th_pre_req"": ""430"", ""sel_2th_pre_bid"": ""-25600"", ""sel_1th_pre_req_pre"": ""+40"", ""sel_fpr_req"": ""389"", ""sel_fpr_bid"": ""-25550"", ""buy_fpr_bid"": ""-25500"", ""buy_fpr_req"": ""793"", ""buy_1th_pre_req_pre"": ""0"", ""buy_2th_pre_bid"": ""-25450"", ""buy_2th_pre_req"": ""786"", ""buy_2th_pre_req_pre"": ""0"", ""buy_3th_pre_bid"": ""-25400"", ""buy_3th_pre_req"": ""919"", ""buy_3th_pre_req_pre"": ""0"", ""buy_4th_pre_bid"": ""-25350"", ""buy_4th_pre_req"": ""264"", ""buy_4th_pre_req_pre"": ""0"", ""buy_5th_pre_bid"": ""-25300"", ""buy_5th_pre_req"": ""648"", ""buy_5th_pre_req_pre"": ""0"", ""buy_6th_pre_bid"": ""-25250"", ""buy_6th_pre_req"": ""629"", ""buy_6th_pre_req_pre"": ""0"", ""buy_7th_pre_bid"": ""-25200"", ""buy_7th_pre_req"": ""410"", ""buy_7th_pre_req_pre"": ""0"", ""buy_8th_pre_bid"": ""-25150"", ""buy_8th_pre_req"": ""667"", ""buy_8th_pre_req_pre"": ""0"", ""buy_9th_pre_bid"": ""-25100"", ""buy_9th_pre_req"": ""1424"", ""buy_9th_pre_req_pre"": ""0"", ""buy_10th_pre_bid"": ""-25050"", ""buy_10th_pre_req"": ""312"", ""buy_10th_pre_req_pre"": ""0"", ""tot_sel_req_jub_pre"": ""+40"", ""tot_sel_req"": ""2926"", ""tot_buy_req"": ""6852"", ""tot_buy_req_jub_pre"": ""0"", ""ovt_sel_req_pre"": ""0"", ""ovt_sel_req"": ""0"", ""ovt_buy_req"": ""0"", ""ovt_buy_req_pre"": ""0"", ""return_code"": 0, ""return_msg"": ""정상적으로 처리되었습니다""}"
2026-06-10,watchlist,081660,,0,filtered_candidate_recheck,40250,,40250,40200,40250,40250,-0.12422360248447205,0.12422360248447205,,,,,,"{""bid_req_base_tm"": ""094030"", ""sel_10th_pre_req_pre"": ""0"", ""sel_10th_pre_req"": ""90"", ""sel_10th_pre_bid"": ""+40700"", ""sel_9th_pre_req_pre"": ""0"", ""sel_9th_pre_req"": ""50"", ""sel_9th_pre_bid"": ""+40650"", ""sel_8th_pre_req_pre"": ""0"", ""sel_8th_pre_req"": ""75"", ""sel_8th_pre_bid"": ""+40600"", ""sel_7th_pre_req_pre"": ""0"", ""sel_7th_pre_req"": ""126"", ""sel_7th_pre_bid"": ""+40550"", ""sel_6th_pre_req_pre"": ""0"", ""sel_6th_pre_req"": ""40"", ""sel_6th_pre_bid"": ""+40500"", ""sel_5th_pre_req_pre"": ""0"", ""sel_5th_pre_req"": ""20"", ""sel_5th_pre_bid"": ""+40450"", ""sel_4th_pre_req_pre"": ""0"", ""sel_4th_pre_req"": ""87"", ""sel_4th_pre_bid"": ""+40400"", ""sel_3th_pre_req_pre"": ""0"", ""sel_3th_pre_req"": ""18"", ""sel_3th_pre_bid"": ""+40350"", ""sel_2th_pre_req_pre"": ""0"", ""sel_2th_pre_req"": ""134"", ""sel_2th_pre_bid"": ""+40300"", ""sel_1th_pre_req_pre"": ""0"", ""sel_fpr_req"": ""58"", ""sel_fpr_bid"": ""+40250"", ""buy_fpr_bid"": ""+40200"", ""buy_fpr_req"": ""71"", ""buy_1th_pre_req_pre"": ""+8"", ""buy_2th_pre_bid"": ""+40100"", ""buy_2th_pre_req"": ""216"", ""buy_2th_pre_req_pre"": ""0"", ""buy_3th_pre_bid"": ""+40050"", ""buy_3th_pre_req"": ""293"", ""buy_3th_pre_req_pre"": ""0"", ""buy_4th_pre_bid"": ""+40000"", ""buy_4th_pre_req"": ""25"", ""buy_4th_pre_req_pre"": ""0"", ""buy_5th_pre_bid"": ""+39950"", ""buy_5th_pre_req"": ""55"", ""buy_5th_pre_req_pre"": ""0"", ""buy_6th_pre_bid"": ""+39900"", ""buy_6th_pre_req"": ""20"", ""buy_6th_pre_req_pre"": ""0"", ""buy_7th_pre_bid"": ""+39850"", ""buy_7th_pre_req"": ""41"", ""buy_7th_pre_req_pre"": ""0"", ""buy_8th_pre_bid"": ""+39800"", ""buy_8th_pre_req"": ""11"", ""buy_8th_pre_req_pre"": ""0"", ""buy_9th_pre_bid"": ""+39750"", ""buy_9th_pre_req"": ""40"", ""buy_9th_pre_req_pre"": ""0"", ""buy_10th_pre_bid"": ""39700"", ""buy_10th_pre_req"": ""10"", ""buy_10th_pre_req_pre"": ""0"", ""tot_sel_req_jub_pre"": ""0"", ""tot_sel_req"": ""698"", ""tot_buy_req"": ""782"", ""tot_buy_req_jub_pre"": ""+8"", ""ovt_sel_req_pre"": ""0"", ""ovt_sel_req"": ""0"", ""ovt_buy_req"": ""0"", ""ovt_buy_req_pre"": ""0"", ""return_code"": 0, ""return_msg"": ""정상적으로 처리되었습니다""}"
2026-06-10,watchlist,008770,,0,filtered_candidate_recheck,53600,,53600,53500,53600,54000,0.5597014925373134,0.18656716417910446,,,,,,"{""bid_req_base_tm"": ""094027"", ""sel_10th_pre_req_pre"": ""0"", ""sel_10th_pre_req"": ""32"", ""sel_10th_pre_bid"": ""-54700"", ""sel_9th_pre_req_pre"": ""0"", ""sel_9th_pre_req"": ""3"", ""sel_9th_pre_bid"": ""-54600"", ""sel_8th_pre_req_pre"": ""0"", ""sel_8th_pre_req"": ""3"", ""sel_8th_pre_bid"": ""-54300"", ""sel_7th_pre_req_pre"": ""0"", ""sel_7th_pre_req"": ""157"", ""sel_7th_pre_bid"": ""-54200"", ""sel_6th_pre_req_pre"": ""0"", ""sel_6th_pre_req"": ""62"", ""sel_6th_pre_bid"": ""-54100"", ""sel_5th_pre_req_pre"": ""0"", ""sel_5th_pre_req"": ""65"", ""sel_5th_pre_bid"": ""-54000"", ""sel_4th_pre_req_pre"": ""0"", ""sel_4th_pre_req"": ""46"", ""sel_4th_pre_bid"": ""-53900"", ""sel_3th_pre_req_pre"": ""0"", ""sel_3th_pre_req"": ""21"", ""sel_3th_pre_bid"": ""-53800"", ""sel_2th_pre_req_pre"": ""0"", ""sel_2th_pre_req"": ""131"", ""sel_2th_pre_bid"": ""-53700"", ""sel_1th_pre_req_pre"": ""0"", ""sel_fpr_req"": ""169"", ""sel_fpr_bid"": ""-53600"", ""buy_fpr_bid"": ""-53500"", ""buy_fpr_req"": ""434"", ""buy_1th_pre_req_pre"": ""0"", ""buy_2th_pre_bid"": ""-53400"", ""buy_2th_pre_req"": ""609"", ""buy_2th_pre_req_pre"": ""0"", ""buy_3th_pre_bid"": ""-53300"", ""buy_3th_pre_req"": ""549"", ""buy_3th_pre_req_pre"": ""0"", ""buy_4th_pre_bid"": ""-53200"", ""buy_4th_pre_req"": ""693"", ""buy_4th_pre_req_pre"": ""0"", ""buy_5th_pre_bid"": ""-53100"", ""buy_5th_pre_req"": ""302"", ""buy_5th_pre_req_pre"": ""0"", ""buy_6th_pre_bid"": ""-53000"", ""buy_6th_pre_req"": ""650"", ""buy_6th_pre_req_pre"": ""0"", ""buy_7th_pre_bid"": ""-52900"", ""buy_7th_pre_req"": ""190"", ""buy_7th_pre_req_pre"": ""0"", ""buy_8th_pre_bid"": ""-52800"", ""buy_8th_pre_req"": ""406"", ""buy_8th_pre_req_pre"": ""0"", ""buy_9th_pre_bid"": ""-52700"", ""buy_9th_pre_req"": ""327"", ""buy_9th_pre_req_pre"": ""0"", ""buy_10th_pre_bid"": ""-52600"", ""buy_10th_pre_req"": ""531"", ""buy_10th_pre_req_pre"": ""0"", ""tot_sel_req_jub_pre"": ""0"", ""tot_sel_req"": ""689"", ""tot_buy_req"": ""4691"", ""tot_buy_req_jub_pre"": ""0"", ""ovt_sel_req_pre"": ""0"", ""ovt_sel_req"": ""0"", ""ovt_buy_req"": ""0"", ""ovt_buy_req_pre"": ""0"", ""return_code"": 0, ""return_msg"": ""정상적으로 처리되었습니다""}"
2026-06-10,watchlist,012330,,0,filtered_candidate_recheck,580000,,580000,579000,580000,583000,0.3448275862068966,0.1724137931034483,,,,,,"{""bid_req_base_tm"": ""094031"", ""sel_10th_pre_req_pre"": ""0"", ""sel_10th_pre_req"": ""118"", ""sel_10th_pre_bid"": ""-589000"", ""sel_9th_pre_req_pre"": ""0"", ""sel_9th_pre_req"": ""102"", ""sel_9th_pre_bid"": ""-588000"", ""sel_8th_pre_req_pre"": ""0"", ""sel_8th_pre_req"": ""14"", ""sel_8th_pre_bid"": ""-587000"", ""sel_7th_pre_req_pre"": ""0"", ""sel_7th_pre_req"": ""69"", ""sel_7th_pre_bid"": ""-586000"", ""sel_6th_pre_req_pre"": ""0"", ""sel_6th_pre_req"": ""53"", ""sel_6th_pre_bid"": ""-585000"", ""sel_5th_pre_req_pre"": ""0"", ""sel_5th_pre_req"": ""29"", ""sel_5th_pre_bid"": ""-584000"", ""sel_4th_pre_req_pre"": ""0"", ""sel_4th_pre_req"": ""38"", ""sel_4th_pre_bid"": ""-583000"", ""sel_3th_pre_req_pre"": ""0"", ""sel_3th_pre_req"": ""74"", ""sel_3th_pre_bid"": ""-582000"", ""sel_2th_pre_req_pre"": ""0"", ""sel_2th_pre_req"": ""39"", ""sel_2th_pre_bid"": ""-581000"", ""sel_1th_pre_req_pre"": ""+1"", ""sel_fpr_req"": ""195"", ""sel_fpr_bid"": ""-580000"", ""buy_fpr_bid"": ""-579000"", ""buy_fpr_req"": ""8"", ""buy_1th_pre_req_pre"": ""0"", ""buy_2th_pre_bid"": ""-578000"", ""buy_2th_pre_req"": ""604"", ""buy_2th_pre_req_pre"": ""0"", ""buy_3th_pre_bid"": ""-577000"", ""buy_3th_pre_req"": ""829"", ""buy_3th_pre_req_pre"": ""0"", ""buy_4th_pre_bid"": ""-576000"", ""buy_4th_pre_req"": ""748"", ""buy_4th_pre_req_pre"": ""0"", ""buy_5th_pre_bid"": ""-575000"", ""buy_5th_pre_req"": ""1172"", ""buy_5th_pre_req_pre"": ""0"", ""buy_6th_pre_bid"": ""-574000"", ""buy_6th_pre_req"": ""489"", ""buy_6th_pre_req_pre"": ""0"", ""buy_7th_pre_bid"": ""-573000"", ""buy_7th_pre_req"": ""541"", ""buy_7th_pre_req_pre"": ""0"", ""buy_8th_pre_bid"": ""-572000"", ""buy_8th_pre_req"": ""865"", ""buy_8th_pre_req_pre"": ""0"", ""buy_9th_pre_bid"": ""-571000"", ""buy_9th_pre_req"": ""1261"", ""buy_9th_pre_req_pre"": ""0"", ""buy_10th_pre_bid"": ""-570000"", ""buy_10th_pre_req"": ""2308"", ""buy_10th_pre_req_pre"": ""0"", ""tot_sel_req_jub_pre"": ""+1"", ""tot_sel_req"": ""731"", ""tot_buy_req"": ""8825"", ""tot_buy_req_jub_pre"": ""0"", ""ovt_sel_req_pre"": ""0"", ""ovt_sel_req"": ""0"", ""ovt_buy_req"": ""0"", ""ovt_buy_req_pre"": ""0"", ""return_code"": 0, ""return_msg"": ""정상적으로 처리되었습니다""}"
2026-06-10,watchlist,009155,,0,filtered_candidate_recheck,608000,,608000,607000,608000,611000,0.3289473684210526,0.1644736842105263,,,,,,"{""bid_req_base_tm"": ""094031"", ""sel_10th_pre_req_pre"": ""0"", ""sel_10th_pre_req"": ""2"", ""sel_10th_pre_bid"": ""-618000"", ""sel_9th_pre_req_pre"": ""0"", ""sel_9th_pre_req"": ""1"", ""sel_9th_pre_bid"": ""-617000"", ""sel_8th_pre_req_pre"": ""0"", ""sel_8th_pre_req"": ""5"", ""sel_8th_pre_bid"": ""-616000"", ""sel_7th_pre_req_pre"": ""0"", ""sel_7th_pre_req"": ""5"", ""sel_7th_pre_bid"": ""-615000"", ""sel_6th_pre_req_pre"": ""0"", ""sel_6th_pre_req"": ""2"", ""sel_6th_pre_bid"": ""-614000"", ""sel_5th_pre_req_pre"": ""0"", ""sel_5th_pre_req"": ""49"", ""sel_5th_pre_bid"": ""-613000"", ""sel_4th_pre_req_pre"": ""0"", ""sel_4th_pre_req"": ""25"", ""sel_4th_pre_bid"": ""-612000"", ""sel_3th_pre_req_pre"": ""0"", ""sel_3th_pre_req"": ""3"", ""sel_3th_pre_bid"": ""-611000"", ""sel_2th_pre_req_pre"": ""0"", ""sel_2th_pre_req"": ""18"", ""sel_2th_pre_bid"": ""-609000"", ""sel_1th_pre_req_pre"": ""--5"", ""sel_fpr_req"": ""89"", ""sel_fpr_bid"": ""-608000"", ""buy_fpr_bid"": ""-607000"", ""buy_fpr_req"": ""76"", ""buy_1th_pre_req_pre"": ""0"", ""buy_2th_pre_bid"": ""-606000"", ""buy_2th_pre_req"": ""70"", ""buy_2th_pre_req_pre"": ""0"", ""buy_3th_pre_bid"": ""-605000"", ""buy_3th_pre_req"": ""278"", ""buy_3th_pre_req_pre"": ""0"", ""buy_4th_pre_bid"": ""-604000"", ""buy_4th_pre_req"": ""143"", ""buy_4th_pre_req_pre"": ""0"", ""buy_5th_pre_bid"": ""-603000"", ""buy_5th_pre_req"": ""16"", ""buy_5th_pre_req_pre"": ""0"", ""buy_6th_pre_bid"": ""-602000"", ""buy_6th_pre_req"": ""45"", ""buy_6th_pre_req_pre"": ""+1"", ""buy_7th_pre_bid"": ""-601000"", ""buy_7th_pre_req"": ""145"", ""buy_7th_pre_req_pre"": ""0"", ""buy_8th_pre_bid"": ""-600000"", ""buy_8th_pre_req"": ""397"", ""buy_8th_pre_req_pre"": ""0"", ""buy_9th_pre_bid"": ""-599000"", ""buy_9th_pre_req"": ""46"", ""buy_9th_pre_req_pre"": ""0"", ""buy_10th_pre_bid"": ""-598000"", ""buy_10th_pre_req"": ""29"", ""buy_10th_pre_req_pre"": ""0"", ""tot_sel_req_jub_pre"": ""--5"", ""tot_sel_req"": ""199"", ""tot_buy_req"": ""1245"", ""tot_buy_req_jub_pre"": ""+1"", ""ovt_sel_req_pre"": ""0"", ""ovt_sel_req"": ""0"", ""ovt_buy_req"": ""0"", ""ovt_buy_req_pre"": ""0"", ""return_code"": 0, ""return_msg"": ""정상적으로 처리되었습니다""}"
2026-06-10,watchlist,181710,,0,filtered_candidate_recheck,41100,,41100,41050,41100,41300,0.36496350364963503,0.12165450121654502,,,,,,"{""bid_req_base_tm"": ""094030"", ""sel_10th_pre_req_pre"": ""0"", ""sel_10th_pre_req"": ""1"", ""sel_10th_pre_bid"": ""-41850"", ""sel_9th_pre_req_pre"": ""0"", ""sel_9th_pre_req"": ""23"", ""sel_9th_pre_bid"": ""-41750"", ""sel_8th_pre_req_pre"": ""0"", ""sel_8th_pre_req"": ""2"", ""sel_8th_pre_bid"": ""-41550"", ""sel_7th_pre_req_pre"": ""0"", ""sel_7th_pre_req"": ""10"", ""sel_7th_pre_bid"": ""-41400"", ""sel_6th_pre_req_pre"": ""0"", ""sel_6th_pre_req"": ""397"", ""sel_6th_pre_bid"": ""-41350"", ""sel_5th_pre_req_pre"": ""0"", ""sel_5th_pre_req"": ""19"", ""sel_5th_pre_bid"": ""-41300"", ""sel_4th_pre_req_pre"": ""0"", ""sel_4th_pre_req"": ""350"", ""sel_4th_pre_bid"": ""-41250"", ""sel_3th_pre_req_pre"": ""0"", ""sel_3th_pre_req"": ""7"", ""sel_3th_pre_bid"": ""-41200"", ""sel_2th_pre_req_pre"": ""0"", ""sel_2th_pre_req"": ""168"", ""sel_2th_pre_bid"": ""-41150"", ""sel_1th_pre_req_pre"": ""0"", ""sel_fpr_req"": ""103"", ""sel_fpr_bid"": ""-41100"", ""buy_fpr_bid"": ""-41050"", ""buy_fpr_req"": ""90"", ""buy_1th_pre_req_pre"": ""0"", ""buy_2th_pre_bid"": ""-41000"", ""buy_2th_pre_req"": ""458"", ""buy_2th_pre_req_pre"": ""+1"", ""buy_3th_pre_bid"": ""-40950"", ""buy_3th_pre_req"": ""89"", ""buy_3th_pre_req_pre"": ""0"", ""buy_4th_pre_bid"": ""-40900"", ""buy_4th_pre_req"": ""158"", ""buy_4th_pre_req_pre"": ""0"", ""buy_5th_pre_bid"": ""-40850"", ""buy_5th_pre_req"": ""67"", ""buy_5th_pre_req_pre"": ""0"", ""buy_6th_pre_bid"": ""-40800"", ""buy_6th_pre_req"": ""119"", ""buy_6th_pre_req_pre"": ""0"", ""buy_7th_pre_bid"": ""-40750"", ""buy_7th_pre_req"": ""286"", ""buy_7th_pre_req_pre"": ""0"", ""buy_8th_pre_bid"": ""-40700"", ""buy_8th_pre_req"": ""696"", ""buy_8th_pre_req_pre"": ""0"", ""buy_9th_pre_bid"": ""-40650"", ""buy_9th_pre_req"": ""19"", ""buy_9th_pre_req_pre"": ""0"", ""buy_10th_pre_bid"": ""-40600"", ""buy_10th_pre_req"": ""426"", ""buy_10th_pre_req_pre"": ""0"", ""tot_sel_req_jub_pre"": ""0"", ""tot_sel_req"": ""1080"", ""tot_buy_req"": ""2408"", ""tot_buy_req_jub_pre"": ""+1"", ""ovt_sel_req_pre"": ""0"", ""ovt_sel_req"": ""0"", ""ovt_buy_req"": ""0"", ""ovt_buy_req_pre"": ""0"", ""return_code"": 0, ""return_msg"": ""정상적으로 처리되었습니다""}"
2026-06-10,watchlist,085620,,0,filtered_candidate_recheck,21750,,21750,21700,21750,21850,0.22988505747126436,0.22988505747126436,,,,,,"{""bid_req_base_tm"": ""094031"", ""sel_10th_pre_req_pre"": ""0"", ""sel_10th_pre_req"": ""602"", ""sel_10th_pre_bid"": ""-22200"", ""sel_9th_pre_req_pre"": ""0"", ""sel_9th_pre_req"": ""1292"", ""sel_9th_pre_bid"": ""-22150"", ""sel_8th_pre_req_pre"": ""0"", ""sel_8th_pre_req"": ""328"", ""sel_8th_pre_bid"": ""-22100"", ""sel_7th_pre_req_pre"": ""0"", ""sel_7th_pre_req"": ""395"", ""sel_7th_pre_bid"": ""-22050"", ""sel_6th_pre_req_pre"": ""0"", ""sel_6th_pre_req"": ""835"", ""sel_6th_pre_bid"": ""-22000"", ""sel_5th_pre_req_pre"": ""0"", ""sel_5th_pre_req"": ""633"", ""sel_5th_pre_bid"": ""-21950"", ""sel_4th_pre_req_pre"": ""0"", ""sel_4th_pre_req"": ""51"", ""sel_4th_pre_bid"": ""-21900"", ""sel_3th_pre_req_pre"": ""0"", ""sel_3th_pre_req"": ""46"", ""sel_3th_pre_bid"": ""-21850"", ""sel_2th_pre_req_pre"": ""0"", ""sel_2th_pre_req"": ""145"", ""sel_2th_pre_bid"": ""-21800"", ""sel_1th_pre_req_pre"": ""0"", ""sel_fpr_req"": ""606"", ""sel_fpr_bid"": ""-21750"", ""buy_fpr_bid"": ""-21700"", ""buy_fpr_req"": ""1485"", ""buy_1th_pre_req_pre"": ""0"", ""buy_2th_pre_bid"": ""-21650"", ""buy_2th_pre_req"": ""1917"", ""buy_2th_pre_req_pre"": ""+9"", ""buy_3th_pre_bid"": ""-21600"", ""buy_3th_pre_req"": ""1192"", ""buy_3th_pre_req_pre"": ""0"", ""buy_4th_pre_bid"": ""-21550"", ""buy_4th_pre_req"": ""1915"", ""buy_4th_pre_req_pre"": ""0"", ""buy_5th_pre_bid"": ""-21500"", ""buy_5th_pre_req"": ""3404"", ""buy_5th_pre_req_pre"": ""0"", ""buy_6th_pre_bid"": ""-21450"", ""buy_6th_pre_req"": ""2219"", ""buy_6th_pre_req_pre"": ""0"", ""buy_7th_pre_bid"": ""-21400"", ""buy_7th_pre_req"": ""2708"", ""buy_7th_pre_req_pre"": ""0"", ""buy_8th_pre_bid"": ""-21350"", ""buy_8th_pre_req"": ""3135"", ""buy_8th_pre_req_pre"": ""0"", ""buy_9th_pre_bid"": ""-21300"", ""buy_9th_pre_req"": ""5542"", ""buy_9th_pre_req_pre"": ""0"", ""buy_10th_pre_bid"": ""-21250"", ""buy_10th_pre_req"": ""1930"", ""buy_10th_pre_req_pre"": ""0"", ""tot_sel_req_jub_pre"": ""0"", ""tot_sel_req"": ""4933"", ""tot_buy_req"": ""25447"", ""tot_buy_req_jub_pre"": ""+9"", ""ovt_sel_req_pre"": ""0"", ""ovt_sel_req"": ""0"", ""ovt_buy_req"": ""0"", ""ovt_buy_req_pre"": ""0"", ""return_code"": 0, ""return_msg"": ""정상적으로 처리되었습니다""}"
2026-06-10,watchlist,062040,,0,filtered_candidate_recheck,225500,,225500,225000,225500,225500,-0.22172949002217296,0.22172949002217296,,,,,,"{""bid_req_base_tm"": ""094031"", ""sel_10th_pre_req_pre"": ""0"", ""sel_10th_pre_req"": ""381"", ""sel_10th_pre_bid"": ""+230000"", ""sel_9th_pre_req_pre"": ""0"", ""sel_9th_pre_req"": ""581"", ""sel_9th_pre_bid"": ""+229500"", ""sel_8th_pre_req_pre"": ""0"", ""sel_8th_pre_req"": ""124"", ""sel_8th_pre_bid"": ""+229000"", ""sel_7th_pre_req_pre"": ""0"", ""sel_7th_pre_req"": ""21"", ""sel_7th_pre_bid"": ""+228500"", ""sel_6th_pre_req_pre"": ""0"", ""sel_6th_pre_req"": ""2"", ""sel_6th_pre_bid"": ""+228000"", ""sel_5th_pre_req_pre"": ""0"", ""sel_5th_pre_req"": ""19"", ""sel_5th_pre_bid"": ""+227500"", ""sel_4th_pre_req_pre"": ""0"", ""sel_4th_pre_req"": ""9"", ""sel_4th_pre_bid"": ""+227000"", ""sel_3th_pre_req_pre"": ""0"", ""sel_3th_pre_req"": ""188"", ""sel_3th_pre_bid"": ""+226500"", ""sel_2th_pre_req_pre"": ""0"", ""sel_2th_pre_req"": ""276"", ""sel_2th_pre_bid"": ""+226000"", ""sel_1th_pre_req_pre"": ""0"", ""sel_fpr_req"": ""107"", ""sel_fpr_bid"": ""+225500"", ""buy_fpr_bid"": ""225000"", ""buy_fpr_req"": ""515"", ""buy_1th_pre_req_pre"": ""0"", ""buy_2th_pre_bid"": ""-224500"", ""buy_2th_pre_req"": ""281"", ""buy_2th_pre_req_pre"": ""0"", ""buy_3th_pre_bid"": ""-224000"", ""buy_3th_pre_req"": ""165"", ""buy_3th_pre_req_pre"": ""0"", ""buy_4th_pre_bid"": ""-223500"", ""buy_4th_pre_req"": ""162"", ""buy_4th_pre_req_pre"": ""0"", ""buy_5th_pre_bid"": ""-223000"", ""buy_5th_pre_req"": ""183"", ""buy_5th_pre_req_pre"": ""--50"", ""buy_6th_pre_bid"": ""-222500"", ""buy_6th_pre_req"": ""112"", ""buy_6th_pre_req_pre"": ""0"", ""buy_7th_pre_bid"": ""-222000"", ""buy_7th_pre_req"": ""278"", ""buy_7th_pre_req_pre"": ""0"", ""buy_8th_pre_bid"": ""-221500"", ""buy_8th_pre_req"": ""80"", ""buy_8th_pre_req_pre"": ""0"", ""buy_9th_pre_bid"": ""-221000"", ""buy_9th_pre_req"": ""298"", ""buy_9th_pre_req_pre"": ""0"", ""buy_10th_pre_bid"": ""-220500"", ""buy_10th_pre_req"": ""495"", ""buy_10th_pre_req_pre"": ""0"", ""tot_sel_req_jub_pre"": ""0"", ""tot_sel_req"": ""1708"", ""tot_buy_req"": ""2569"", ""tot_buy_req_jub_pre"": ""--50"", ""ovt_sel_req_pre"": ""0"", ""ovt_sel_req"": ""0"", ""ovt_buy_req"": ""0"", ""ovt_buy_req_pre"": ""0"", ""return_code"": 0, ""return_msg"": ""정상적으로 처리되었습니다""}"
2026-06-10,watchlist,036460,,0,filtered_candidate_recheck,34150,,34150,34100,34150,34300,0.29282576866764276,0.14641288433382138,,,,,,"{""bid_req_base_tm"": ""094030"", ""sel_10th_pre_req_pre"": ""0"", ""sel_10th_pre_req"": ""271"", ""sel_10th_pre_bid"": ""+34650"", ""sel_9th_pre_req_pre"": ""0"", ""sel_9th_pre_req"": ""129"", ""sel_9th_pre_bid"": ""+34600"", ""sel_8th_pre_req_pre"": ""0"", ""sel_8th_pre_req"": ""202"", ""sel_8th_pre_bid"": ""+34550"", ""sel_7th_pre_req_pre"": ""0"", ""sel_7th_pre_req"": ""203"", ""sel_7th_pre_bid"": ""+34500"", ""sel_6th_pre_req_pre"": ""0"", ""sel_6th_pre_req"": ""65"", ""sel_6th_pre_bid"": ""+34450"", ""sel_5th_pre_req_pre"": ""0"", ""sel_5th_pre_req"": ""146"", ""sel_5th_pre_bid"": ""+34400"", ""sel_4th_pre_req_pre"": ""0"", ""sel_4th_pre_req"": ""230"", ""sel_4th_pre_bid"": ""+34350"", ""sel_3th_pre_req_pre"": ""0"", ""sel_3th_pre_req"": ""220"", ""sel_3th_pre_bid"": ""+34300"", ""sel_2th_pre_req_pre"": ""0"", ""sel_2th_pre_req"": ""193"", ""sel_2th_pre_bid"": ""+34200"", ""sel_1th_pre_req_pre"": ""0"", ""sel_fpr_req"": ""91"", ""sel_fpr_bid"": ""+34150"", ""buy_fpr_bid"": ""+34100"", ""buy_fpr_req"": ""234"", ""buy_1th_pre_req_pre"": ""--97"", ""buy_2th_pre_bid"": ""+34050"", ""buy_2th_pre_req"": ""479"", ""buy_2th_pre_req_pre"": ""0"", ""buy_3th_pre_bid"": ""34000"", ""buy_3th_pre_req"": ""2956"", ""buy_3th_pre_req_pre"": ""0"", ""buy_4th_pre_bid"": ""-33950"", ""buy_4th_pre_req"": ""364"", ""buy_4th_pre_req_pre"": ""0"", ""buy_5th_pre_bid"": ""-33900"", ""buy_5th_pre_req"": ""986"", ""buy_5th_pre_req_pre"": ""0"", ""buy_6th_pre_bid"": ""-33850"", ""buy_6th_pre_req"": ""394"", ""buy_6th_pre_req_pre"": ""0"", ""buy_7th_pre_bid"": ""-33800"", ""buy_7th_pre_req"": ""453"", ""buy_7th_pre_req_pre"": ""0"", ""buy_8th_pre_bid"": ""-33750"", ""buy_8th_pre_req"": ""542"", ""buy_8th_pre_req_pre"": ""0"", ""buy_9th_pre_bid"": ""-33700"", ""buy_9th_pre_req"": ""520"", ""buy_9th_pre_req_pre"": ""0"", ""buy_10th_pre_bid"": ""-33650"", ""buy_10th_pre_req"": ""1145"", ""buy_10th_pre_req_pre"": ""0"", ""tot_sel_req_jub_pre"": ""0"", ""tot_sel_req"": ""1750"", ""tot_buy_req"": ""8073"", ""tot_buy_req_jub_pre"": ""--97"", ""ovt_sel_req_pre"": ""0"", ""ovt_sel_req"": ""0"", ""ovt_buy_req"": ""0"", ""ovt_buy_req_pre"": ""0"", ""return_code"": 0, ""return_msg"": ""정상적으로 처리되었습니다""}"
2026-06-10,watchlist,066575,,0,filtered_candidate_recheck,78800,,78800,78700,78800,79000,0.12690355329949238,0.12690355329949238,,,,,,"{""bid_req_base_tm"": ""094032"", ""sel_10th_pre_req_pre"": ""0"", ""sel_10th_pre_req"": ""26"", ""sel_10th_pre_bid"": ""-79800"", ""sel_9th_pre_req_pre"": ""0"", ""sel_9th_pre_req"": ""76"", ""sel_9th_pre_bid"": ""-79700"", ""sel_8th_pre_req_pre"": ""0"", ""sel_8th_pre_req"": ""111"", ""sel_8th_pre_bid"": ""-79600"", ""sel_7th_pre_req_pre"": ""0"", ""sel_7th_pre_req"": ""571"", ""sel_7th_pre_bid"": ""-79500"", ""sel_6th_pre_req_pre"": ""0"", ""sel_6th_pre_req"": ""156"", ""sel_6th_pre_bid"": ""-79400"", ""sel_5th_pre_req_pre"": ""0"", ""sel_5th_pre_req"": ""173"", ""sel_5th_pre_bid"": ""-79300"", ""sel_4th_pre_req_pre"": ""0"", ""sel_4th_pre_req"": ""19"", ""sel_4th_pre_bid"": ""-79200"", ""sel_3th_pre_req_pre"": ""0"", ""sel_3th_pre_req"": ""175"", ""sel_3th_pre_bid"": ""-79000"", ""sel_2th_pre_req_pre"": ""0"", ""sel_2th_pre_req"": ""24"", ""sel_2th_pre_bid"": ""-78900"", ""sel_1th_pre_req_pre"": ""--1"", ""sel_fpr_req"": ""1181"", ""sel_fpr_bid"": ""-78800"", ""buy_fpr_bid"": ""-78700"", ""buy_fpr_req"": ""256"", ""buy_1th_pre_req_pre"": ""0"", ""buy_2th_pre_bid"": ""-78600"", ""buy_2th_pre_req"": ""364"", ""buy_2th_pre_req_pre"": ""0"", ""buy_3th_pre_bid"": ""-78500"", ""buy_3th_pre_req"": ""943"", ""buy_3th_pre_req_pre"": ""0"", ""buy_4th_pre_bid"": ""-78400"", ""buy_4th_pre_req"": ""374"", ""buy_4th_pre_req_pre"": ""0"", ""buy_5th_pre_bid"": ""-78300"", ""buy_5th_pre_req"": ""498"", ""buy_5th_pre_req_pre"": ""0"", ""buy_6th_pre_bid"": ""-78200"", ""buy_6th_pre_req"": ""218"", ""buy_6th_pre_req_pre"": ""0"", ""buy_7th_pre_bid"": ""-78100"", ""buy_7th_pre_req"": ""201"", ""buy_7th_pre_req_pre"": ""0"", ""buy_8th_pre_bid"": ""-78000"", ""buy_8th_pre_req"": ""1436"", ""buy_8th_pre_req_pre"": ""0"", ""buy_9th_pre_bid"": ""-77900"", ""buy_9th_pre_req"": ""62"", ""buy_9th_pre_req_pre"": ""0"", ""buy_10th_pre_bid"": ""-77800"", ""buy_10th_pre_req"": ""122"", ""buy_10th_pre_req_pre"": ""0"", ""tot_sel_req_jub_pre"": ""--1"", ""tot_sel_req"": ""2512"", ""tot_buy_req"": ""4474"", ""tot_buy_req_jub_pre"": ""0"", ""ovt_sel_req_pre"": ""0"", ""ovt_sel_req"": ""0"", ""ovt_buy_req"": ""0"", ""ovt_buy_req_pre"": ""0"", ""return_code"": 0, ""return_msg"": ""정상적으로 처리되었습니다""}"
2026-06-10,watchlist,000810,,0,filtered_candidate_recheck,609000,,609000,608000,609000,612000,0.3284072249589491,0.16420361247947454,,,,,,"{""bid_req_base_tm"": ""094032"", ""sel_10th_pre_req_pre"": ""0"", ""sel_10th_pre_req"": ""34"", ""sel_10th_pre_bid"": ""-618000"", ""sel_9th_pre_req_pre"": ""0"", ""sel_9th_pre_req"": ""10"", ""sel_9th_pre_bid"": ""-617000"", ""sel_8th_pre_req_pre"": ""0"", ""sel_8th_pre_req"": ""31"", ""sel_8th_pre_bid"": ""-616000"", ""sel_7th_pre_req_pre"": ""0"", ""sel_7th_pre_req"": ""28"", ""sel_7th_pre_bid"": ""-615000"", ""sel_6th_pre_req_pre"": ""0"", ""sel_6th_pre_req"": ""14"", ""sel_6th_pre_bid"": ""-614000"", ""sel_5th_pre_req_pre"": ""0"", ""sel_5th_pre_req"": ""16"", ""sel_5th_pre_bid"": ""-613000"", ""sel_4th_pre_req_pre"": ""0"", ""sel_4th_pre_req"": ""23"", ""sel_4th_pre_bid"": ""-612000"", ""sel_3th_pre_req_pre"": ""0"", ""sel_3th_pre_req"": ""13"", ""sel_3th_pre_bid"": ""-611000"", ""sel_2th_pre_req_pre"": ""0"", ""sel_2th_pre_req"": ""24"", ""sel_2th_pre_bid"": ""-610000"", ""sel_1th_pre_req_pre"": ""0"", ""sel_fpr_req"": ""11"", ""sel_fpr_bid"": ""-609000"", ""buy_fpr_bid"": ""-608000"", ""buy_fpr_req"": ""2"", ""buy_1th_pre_req_pre"": ""0"", ""buy_2th_pre_bid"": ""-607000"", ""buy_2th_pre_req"": ""62"", ""buy_2th_pre_req_pre"": ""0"", ""buy_3th_pre_bid"": ""-606000"", ""buy_3th_pre_req"": ""363"", ""buy_3th_pre_req_pre"": ""--9"", ""buy_4th_pre_bid"": ""-605000"", ""buy_4th_pre_req"": ""33"", ""buy_4th_pre_req_pre"": ""0"", ""buy_5th_pre_bid"": ""-604000"", ""buy_5th_pre_req"": ""6"", ""buy_5th_pre_req_pre"": ""0"", ""buy_6th_pre_bid"": ""-603000"", ""buy_6th_pre_req"": ""10"", ""buy_6th_pre_req_pre"": ""0"", ""buy_7th_pre_bid"": ""-602000"", ""buy_7th_pre_req"": ""41"", ""buy_7th_pre_req_pre"": ""0"", ""buy_8th_pre_bid"": ""-601000"", ""buy_8th_pre_req"": ""78"", ""buy_8th_pre_req_pre"": ""0"", ""buy_9th_pre_bid"": ""-600000"", ""buy_9th_pre_req"": ""193"", ""buy_9th_pre_req_pre"": ""0"", ""buy_10th_pre_bid"": ""-599000"", ""buy_10th_pre_req"": ""18"", ""buy_10th_pre_req_pre"": ""0"", ""tot_sel_req_jub_pre"": ""0"", ""tot_sel_req"": ""204"", ""tot_buy_req"": ""806"", ""tot_buy_req_jub_pre"": ""--9"", ""ovt_sel_req_pre"": ""0"", ""ovt_sel_req"": ""0"", ""ovt_buy_req"": ""0"", ""ovt_buy_req_pre"": ""0"", ""return_code"": 0, ""return_msg"": ""정상적으로 처리되었습니다""}"
2026-06-10,watchlist,005930,,0,filtered_candidate_recheck,308000,,308000,307500,308000,309000,0.16233766233766234,0.16233766233766234,,,,,,"{""bid_req_base_tm"": ""094032"", ""sel_10th_pre_req_pre"": ""0"", ""sel_10th_pre_req"": ""17123"", ""sel_10th_pre_bid"": ""-312500"", ""sel_9th_pre_req_pre"": ""0"", ""sel_9th_pre_req"": ""17912"", ""sel_9th_pre_bid"": ""-312000"", ""sel_8th_pre_req_pre"": ""0"", ""sel_8th_pre_req"": ""11629"", ""sel_8th_pre_bid"": ""-311500"", ""sel_7th_pre_req_pre"": ""0"", ""sel_7th_pre_req"": ""11962"", ""sel_7th_pre_bid"": ""-311000"", ""sel_6th_pre_req_pre"": ""0"", ""sel_6th_pre_req"": ""7919"", ""sel_6th_pre_bid"": ""-310500"", ""sel_5th_pre_req_pre"": ""0"", ""sel_5th_pre_req"": ""25174"", ""sel_5th_pre_bid"": ""-310000"", ""sel_4th_pre_req_pre"": ""0"", ""sel_4th_pre_req"": ""9007"", ""sel_4th_pre_bid"": ""-309500"", ""sel_3th_pre_req_pre"": ""0"", ""sel_3th_pre_req"": ""13375"", ""sel_3th_pre_bid"": ""-309000"", ""sel_2th_pre_req_pre"": ""0"", ""sel_2th_pre_req"": ""22360"", ""sel_2th_pre_bid"": ""-308500"", ""sel_1th_pre_req_pre"": ""0"", ""sel_fpr_req"": ""19096"", ""sel_fpr_bid"": ""-308000"", ""buy_fpr_bid"": ""-307500"", ""buy_fpr_req"": ""19339"", ""buy_1th_pre_req_pre"": ""+16"", ""buy_2th_pre_bid"": ""-307000"", ""buy_2th_pre_req"": ""60445"", ""buy_2th_pre_req_pre"": ""+3"", ""buy_3th_pre_bid"": ""-306500"", ""buy_3th_pre_req"": ""74194"", ""buy_3th_pre_req_pre"": ""0"", ""buy_4th_pre_bid"": ""-306000"", ""buy_4th_pre_req"": ""81614"", ""buy_4th_pre_req_pre"": ""+2"", ""buy_5th_pre_bid"": ""-305500"", ""buy_5th_pre_req"": ""53753"", ""buy_5th_pre_req_pre"": ""0"", ""buy_6th_pre_bid"": ""-305000"", ""buy_6th_pre_req"": ""135335"", ""buy_6th_pre_req_pre"": ""--9"", ""buy_7th_pre_bid"": ""-304500"", ""buy_7th_pre_req"": ""17930"", ""buy_7th_pre_req_pre"": ""0"", ""buy_8th_pre_bid"": ""-304000"", ""buy_8th_pre_req"": ""32699"", ""buy_8th_pre_req_pre"": ""0"", ""buy_9th_pre_bid"": ""-303500"", ""buy_9th_pre_req"": ""51330"", ""buy_9th_pre_req_pre"": ""0"", ""buy_10th_pre_bid"": ""-303000"", ""buy_10th_pre_req"": ""54576"", ""buy_10th_pre_req_pre"": ""+1"", ""tot_sel_req_jub_pre"": ""0"", ""tot_sel_req"": ""155557"", ""tot_buy_req"": ""581215"", ""tot_buy_req_jub_pre"": ""+13"", ""ovt_sel_req_pre"": ""0"", ""ovt_sel_req"": ""0"", ""ovt_buy_req"": ""0"", ""ovt_buy_req_pre"": ""0"", ""return_code"": 0, ""return_msg"": ""정상적으로 처리되었습니다""}"
2026-06-10,watchlist,000370,,0,filtered_candidate_recheck,6420,,6420,6410,6420,6390,-0.6230529595015576,0.1557632398753894,,,,,,"{""bid_req_base_tm"": ""094029"", ""sel_10th_pre_req_pre"": ""0"", ""sel_10th_pre_req"": ""735"", ""sel_10th_pre_bid"": ""+6530"", ""sel_9th_pre_req_pre"": ""0"", ""sel_9th_pre_req"": ""801"", ""sel_9th_pre_bid"": ""+6520"", ""sel_8th_pre_req_pre"": ""0"", ""sel_8th_pre_req"": ""531"", ""sel_8th_pre_bid"": ""+6510"", ""sel_7th_pre_req_pre"": ""0"", ""sel_7th_pre_req"": ""428"", ""sel_7th_pre_bid"": ""+6500"", ""sel_6th_pre_req_pre"": ""0"", ""sel_6th_pre_req"": ""127"", ""sel_6th_pre_bid"": ""+6490"", ""sel_5th_pre_req_pre"": ""0"", ""sel_5th_pre_req"": ""1503"", ""sel_5th_pre_bid"": ""+6480"", ""sel_4th_pre_req_pre"": ""0"", ""sel_4th_pre_req"": ""5390"", ""sel_4th_pre_bid"": ""+6470"", ""sel_3th_pre_req_pre"": ""0"", ""sel_3th_pre_req"": ""2787"", ""sel_3th_pre_bid"": ""-6440"", ""sel_2th_pre_req_pre"": ""0"", ""sel_2th_pre_req"": ""1237"", ""sel_2th_pre_bid"": ""-6430"", ""sel_1th_pre_req_pre"": ""0"", ""sel_fpr_req"": ""999"", ""sel_fpr_bid"": ""-6420"", ""buy_fpr_bid"": ""-6410"", ""buy_fpr_req"": ""210"", ""buy_1th_pre_req_pre"": ""0"", ""buy_2th_pre_bid"": ""-6400"", ""buy_2th_pre_req"": ""31"", ""buy_2th_pre_req_pre"": ""0"", ""buy_3th_pre_bid"": ""-6390"", ""buy_3th_pre_req"": ""11"", ""buy_3th_pre_req_pre"": ""+10"", ""buy_4th_pre_bid"": ""-6380"", ""buy_4th_pre_req"": ""3055"", ""buy_4th_pre_req_pre"": ""0"", ""buy_5th_pre_bid"": ""-6370"", ""buy_5th_pre_req"": ""29"", ""buy_5th_pre_req_pre"": ""0"", ""buy_6th_pre_bid"": ""-6360"", ""buy_6th_pre_req"": ""855"", ""buy_6th_pre_req_pre"": ""0"", ""buy_7th_pre_bid"": ""-6350"", ""buy_7th_pre_req"": ""1706"", ""buy_7th_pre_req_pre"": ""0"", ""buy_8th_pre_bid"": ""-6340"", ""buy_8th_pre_req"": ""82"", ""buy_8th_pre_req_pre"": ""0"", ""buy_9th_pre_bid"": ""-6330"", ""buy_9th_pre_req"": ""203"", ""buy_9th_pre_req_pre"": ""0"", ""buy_10th_pre_bid"": ""-6320"", ""buy_10th_pre_req"": ""163"", ""buy_10th_pre_req_pre"": ""0"", ""tot_sel_req_jub_pre"": ""0"", ""tot_sel_req"": ""14538"", ""tot_buy_req"": ""6345"", ""tot_buy_req_jub_pre"": ""+10"", ""ovt_sel_req_pre"": ""0"", ""ovt_sel_req"": ""0"", ""ovt_buy_req"": ""0"", ""ovt_buy_req_pre"": ""0"", ""return_code"": 0, ""return_msg"": ""정상적으로 처리되었습니다""}"
2026-06-10,watchlist,064400,,0,filtered_candidate_recheck,96500,,96500,96400,96500,96700,0.10362694300518134,0.10362694300518134,,,,,,"{""bid_req_base_tm"": ""094033"", ""sel_10th_pre_req_pre"": ""0"", ""sel_10th_pre_req"": ""597"", ""sel_10th_pre_bid"": ""-97400"", ""sel_9th_pre_req_pre"": ""0"", ""sel_9th_pre_req"": ""7"", ""sel_9th_pre_bid"": ""-97300"", ""sel_8th_pre_req_pre"": ""0"", ""sel_8th_pre_req"": ""112"", ""sel_8th_pre_bid"": ""-97200"", ""sel_7th_pre_req_pre"": ""0"", ""sel_7th_pre_req"": ""109"", ""sel_7th_pre_bid"": ""-97100"", ""sel_6th_pre_req_pre"": ""0"", ""sel_6th_pre_req"": ""84"", ""sel_6th_pre_bid"": ""-97000"", ""sel_5th_pre_req_pre"": ""0"", ""sel_5th_pre_req"": ""30"", ""sel_5th_pre_bid"": ""-96900"", ""sel_4th_pre_req_pre"": ""0"", ""sel_4th_pre_req"": ""28"", ""sel_4th_pre_bid"": ""-96800"", ""sel_3th_pre_req_pre"": ""0"", ""sel_3th_pre_req"": ""250"", ""sel_3th_pre_bid"": ""-96700"", ""sel_2th_pre_req_pre"": ""0"", ""sel_2th_pre_req"": ""84"", ""sel_2th_pre_bid"": ""-96600"", ""sel_1th_pre_req_pre"": ""0"", ""sel_fpr_req"": ""12"", ""sel_fpr_bid"": ""-96500"", ""buy_fpr_bid"": ""-96400"", ""buy_fpr_req"": ""1"", ""buy_1th_pre_req_pre"": ""0"", ""buy_2th_pre_bid"": ""-96300"", ""buy_2th_pre_req"": ""430"", ""buy_2th_pre_req_pre"": ""+39"", ""buy_3th_pre_bid"": ""-96200"", ""buy_3th_pre_req"": ""427"", ""buy_3th_pre_req_pre"": ""0"", ""buy_4th_pre_bid"": ""-96100"", ""buy_4th_pre_req"": ""1014"", ""buy_4th_pre_req_pre"": ""0"", ""buy_5th_pre_bid"": ""-96000"", ""buy_5th_pre_req"": ""9128"", ""buy_5th_pre_req_pre"": ""0"", ""buy_6th_pre_bid"": ""-95900"", ""buy_6th_pre_req"": ""350"", ""buy_6th_pre_req_pre"": ""0"", ""buy_7th_pre_bid"": ""-95800"", ""buy_7th_pre_req"": ""153"", ""buy_7th_pre_req_pre"": ""0"", ""buy_8th_pre_bid"": ""-95700"", ""buy_8th_pre_req"": ""1149"", ""buy_8th_pre_req_pre"": ""0"", ""buy_9th_pre_bid"": ""-95600"", ""buy_9th_pre_req"": ""278"", ""buy_9th_pre_req_pre"": ""0"", ""buy_10th_pre_bid"": ""-95500"", ""buy_10th_pre_req"": ""2583"", ""buy_10th_pre_req_pre"": ""0"", ""tot_sel_req_jub_pre"": ""0"", ""tot_sel_req"": ""1313"", ""tot_buy_req"": ""15513"", ""tot_buy_req_jub_pre"": ""--97"", ""ovt_sel_req_pre"": ""0"", ""ovt_sel_req"": ""0"", ""ovt_buy_req"": ""0"", ""ovt_buy_req_pre"": ""0"", ""return_code"": 0, ""return_msg"": ""정상적으로 처리되었습니다""}"
2026-06-10,watchlist,009420,,1,filtered_candidate_recheck,50600,,50600,50500,50600,50700,0.0,0.1976284584980237,,,,,,"{""bid_req_base_tm"": ""094032"", ""sel_10th_pre_req_pre"": ""0"", ""sel_10th_pre_req"": ""10"", ""sel_10th_pre_bid"": ""-51500"", ""sel_9th_pre_req_pre"": ""0"", ""sel_9th_pre_req"": ""40"", ""sel_9th_pre_bid"": ""-51400"", ""sel_8th_pre_req_pre"": ""0"", ""sel_8th_pre_req"": ""9"", ""sel_8th_pre_bid"": ""-51300"", ""sel_7th_pre_req_pre"": ""0"", ""sel_7th_pre_req"": ""13"", ""sel_7th_pre_bid"": ""-51200"", ""sel_6th_pre_req_pre"": ""0"", ""sel_6th_pre_req"": ""50"", ""sel_6th_pre_bid"": ""-51100"", ""sel_5th_pre_req_pre"": ""0"", ""sel_5th_pre_req"": ""100"", ""sel_5th_pre_bid"": ""-51000"", ""sel_4th_pre_req_pre"": ""0"", ""sel_4th_pre_req"": ""54"", ""sel_4th_pre_bid"": ""-50900"", ""sel_3th_pre_req_pre"": ""0"", ""sel_3th_pre_req"": ""170"", ""sel_3th_pre_bid"": ""-50800"", ""sel_2th_pre_req_pre"": ""--4"", ""sel_2th_pre_req"": ""84"", ""sel_2th_pre_bid"": ""-50700"", ""sel_1th_pre_req_pre"": ""0"", ""sel_fpr_req"": ""80"", ""sel_fpr_bid"": ""-50600"", ""buy_fpr_bid"": ""-50500"", ""buy_fpr_req"": ""31"", ""buy_1th_pre_req_pre"": ""0"", ""buy_2th_pre_bid"": ""-50400"", ""buy_2th_pre_req"": ""95"", ""buy_2th_pre_req_pre"": ""0"", ""buy_3th_pre_bid"": ""-50300"", ""buy_3th_pre_req"": ""51"", ""buy_3th_pre_req_pre"": ""0"", ""buy_4th_pre_bid"": ""-50200"", ""buy_4th_pre_req"": ""139"", ""buy_4th_pre_req_pre"": ""0"", ""buy_5th_pre_bid"": ""-50100"", ""buy_5th_pre_req"": ""148"", ""buy_5th_pre_req_pre"": ""0"", ""buy_6th_pre_bid"": ""-50000"", ""buy_6th_pre_req"": ""793"", ""buy_6th_pre_req_pre"": ""0"", ""buy_7th_pre_bid"": ""-49950"", ""buy_7th_pre_req"": ""300"", ""buy_7th_pre_req_pre"": ""0"", ""buy_8th_pre_bid"": ""-49900"", ""buy_8th_pre_req"": ""394"", ""buy_8th_pre_req_pre"": ""0"", ""buy_9th_pre_bid"": ""-49850"", ""buy_9th_pre_req"": ""1264"", ""buy_9th_pre_req_pre"": ""0"", ""buy_10th_pre_bid"": ""-49800"", ""buy_10th_pre_req"": ""276"", ""buy_10th_pre_req_pre"": ""0"", ""tot_sel_req_jub_pre"": ""--4"", ""tot_sel_req"": ""610"", ""tot_buy_req"": ""3491"", ""tot_buy_req_jub_pre"": ""0"", ""ovt_sel_req_pre"": ""0"", ""ovt_sel_req"": ""0"", ""ovt_buy_req"": ""0"", ""ovt_buy_req_pre"": ""0"", ""return_code"": 0, ""return_msg"": ""정상적으로 처리되었습니다""}"
2026-06-10,watchlist,383220,,0,filtered_candidate_recheck,75800,,75800,75700,75800,76200,0.395778364116095,0.13192612137203166,,,,,,"{""bid_req_base_tm"": ""094032"", ""sel_10th_pre_req_pre"": ""0"", ""sel_10th_pre_req"": ""10"", ""sel_10th_pre_bid"": ""+77400"", ""sel_9th_pre_req_pre"": ""0"", ""sel_9th_pre_req"": ""4"", ""sel_9th_pre_bid"": ""+77300"", ""sel_8th_pre_req_pre"": ""0"", ""sel_8th_pre_req"": ""7"", ""sel_8th_pre_bid"": ""+77200"", ""sel_7th_pre_req_pre"": ""0"", ""sel_7th_pre_req"": ""105"", ""sel_7th_pre_bid"": ""+76900"", ""sel_6th_pre_req_pre"": ""0"", ""sel_6th_pre_req"": ""10"", ""sel_6th_pre_bid"": ""+76800"", ""sel_5th_pre_req_pre"": ""0"", ""sel_5th_pre_req"": ""1"", ""sel_5th_pre_bid"": ""+76400"", ""sel_4th_pre_req_pre"": ""0"", ""sel_4th_pre_req"": ""1"", ""sel_4th_pre_bid"": ""+76100"", ""sel_3th_pre_req_pre"": ""0"", ""sel_3th_pre_req"": ""47"", ""sel_3th_pre_bid"": ""+76000"", ""sel_2th_pre_req_pre"": ""0"", ""sel_2th_pre_req"": ""86"", ""sel_2th_pre_bid"": ""+75900"", ""sel_1th_pre_req_pre"": ""0"", ""sel_fpr_req"": ""17"", ""sel_fpr_bid"": ""+75800"", ""buy_fpr_bid"": ""+75700"", ""buy_fpr_req"": ""85"", ""buy_1th_pre_req_pre"": ""--1"", ""buy_2th_pre_bid"": ""+75600"", ""buy_2th_pre_req"": ""77"", ""buy_2th_pre_req_pre"": ""0"", ""buy_3th_pre_bid"": ""+75500"", ""buy_3th_pre_req"": ""15"", ""buy_3th_pre_req_pre"": ""0"", ""buy_4th_pre_bid"": ""+75300"", ""buy_4th_pre_req"": ""10"", ""buy_4th_pre_req_pre"": ""0"", ""buy_5th_pre_bid"": ""+75100"", ""buy_5th_pre_req"": ""128"", ""buy_5th_pre_req_pre"": ""0"", ""buy_6th_pre_bid"": ""+75000"", ""buy_6th_pre_req"": ""3"", ""buy_6th_pre_req_pre"": ""0"", ""buy_7th_pre_bid"": ""+74900"", ""buy_7th_pre_req"": ""10"", ""buy_7th_pre_req_pre"": ""0"", ""buy_8th_pre_bid"": ""+74800"", ""buy_8th_pre_req"": ""29"", ""buy_8th_pre_req_pre"": ""0"", ""buy_9th_pre_bid"": ""+74700"", ""buy_9th_pre_req"": ""25"", ""buy_9th_pre_req_pre"": ""0"", ""buy_10th_pre_bid"": ""74600"", ""buy_10th_pre_req"": ""64"", ""buy_10th_pre_req_pre"": ""0"", ""tot_sel_req_jub_pre"": ""0"", ""tot_sel_req"": ""288"", ""tot_buy_req"": ""446"", ""tot_buy_req_jub_pre"": ""--1"", ""ovt_sel_req_pre"": ""0"", ""ovt_sel_req"": ""0"", ""ovt_buy_req"": ""0"", ""ovt_buy_req_pre"": ""0"", ""return_code"": 0, ""return_msg"": ""정상적으로 처리되었습니다""}"
2026-06-10,watchlist,004170,,0,filtered_candidate_recheck,672000,,672000,671000,672000,675000,0.2976190476190476,0.1488095238095238,,,,,,"{""bid_req_base_tm"": ""094032"", ""sel_10th_pre_req_pre"": ""0"", ""sel_10th_pre_req"": ""20"", ""sel_10th_pre_bid"": ""+681000"", ""sel_9th_pre_req_pre"": ""0"", ""sel_9th_pre_req"": ""138"", ""sel_9th_pre_bid"": ""+680000"", ""sel_8th_pre_req_pre"": ""0"", ""sel_8th_pre_req"": ""181"", ""sel_8th_pre_bid"": ""+679000"", ""sel_7th_pre_req_pre"": ""0"", ""sel_7th_pre_req"": ""7"", ""sel_7th_pre_bid"": ""+678000"", ""sel_6th_pre_req_pre"": ""0"", ""sel_6th_pre_req"": ""14"", ""sel_6th_pre_bid"": ""+677000"", ""sel_5th_pre_req_pre"": ""0"", ""sel_5th_pre_req"": ""30"", ""sel_5th_pre_bid"": ""+676000"", ""sel_4th_pre_req_pre"": ""0"", ""sel_4th_pre_req"": ""4"", ""sel_4th_pre_bid"": ""+675000"", ""sel_3th_pre_req_pre"": ""0"", ""sel_3th_pre_req"": ""5"", ""sel_3th_pre_bid"": ""+674000"", ""sel_2th_pre_req_pre"": ""0"", ""sel_2th_pre_req"": ""27"", ""sel_2th_pre_bid"": ""+673000"", ""sel_1th_pre_req_pre"": ""0"", ""sel_fpr_req"": ""42"", ""sel_fpr_bid"": ""+672000"", ""buy_fpr_bid"": ""+671000"", ""buy_fpr_req"": ""149"", ""buy_1th_pre_req_pre"": ""0"", ""buy_2th_pre_bid"": ""+670000"", ""buy_2th_pre_req"": ""733"", ""buy_2th_pre_req_pre"": ""0"", ""buy_3th_pre_bid"": ""+669000"", ""buy_3th_pre_req"": ""2"", ""buy_3th_pre_req_pre"": ""0"", ""buy_4th_pre_bid"": ""+668000"", ""buy_4th_pre_req"": ""8"", ""buy_4th_pre_req_pre"": ""0"", ""buy_5th_pre_bid"": ""+667000"", ""buy_5th_pre_req"": ""172"", ""buy_5th_pre_req_pre"": ""0"", ""buy_6th_pre_bid"": ""+666000"", ""buy_6th_pre_req"": ""32"", ""buy_6th_pre_req_pre"": ""0"", ""buy_7th_pre_bid"": ""+665000"", ""buy_7th_pre_req"": ""27"", ""buy_7th_pre_req_pre"": ""0"", ""buy_8th_pre_bid"": ""+664000"", ""buy_8th_pre_req"": ""21"", ""buy_8th_pre_req_pre"": ""0"", ""buy_9th_pre_bid"": ""+663000"", ""buy_9th_pre_req"": ""53"", ""buy_9th_pre_req_pre"": ""0"", ""buy_10th_pre_bid"": ""+662000"", ""buy_10th_pre_req"": ""15"", ""buy_10th_pre_req_pre"": ""0"", ""tot_sel_req_jub_pre"": ""0"", ""tot_sel_req"": ""468"", ""tot_buy_req"": ""1212"", ""tot_buy_req_jub_pre"": ""0"", ""ovt_sel_req_pre"": ""0"", ""ovt_sel_req"": ""0"", ""ovt_buy_req"": ""0"", ""ovt_buy_req_pre"": ""0"", ""return_code"": 0, ""return_msg"": ""정상적으로 처리되었습니다""}"
2026-06-10,watchlist,018260,,0,filtered_candidate_recheck,236000,,236000,235500,236000,238000,0.6355932203389831,0.211864406779661,,,,,,"{""bid_req_base_tm"": ""094033"", ""sel_10th_pre_req_pre"": ""0"", ""sel_10th_pre_req"": ""46"", ""sel_10th_pre_bid"": ""-240500"", ""sel_9th_pre_req_pre"": ""0"", ""sel_9th_pre_req"": ""334"", ""sel_9th_pre_bid"": ""-240000"", ""sel_8th_pre_req_pre"": ""0"", ""sel_8th_pre_req"": ""61"", ""sel_8th_pre_bid"": ""-239500"", ""sel_7th_pre_req_pre"": ""0"", ""sel_7th_pre_req"": ""62"", ""sel_7th_pre_bid"": ""-239000"", ""sel_6th_pre_req_pre"": ""0"", ""sel_6th_pre_req"": ""43"", ""sel_6th_pre_bid"": ""-238500"", ""sel_5th_pre_req_pre"": ""0"", ""sel_5th_pre_req"": ""55"", ""sel_5th_pre_bid"": ""-238000"", ""sel_4th_pre_req_pre"": ""0"", ""sel_4th_pre_req"": ""102"", ""sel_4th_pre_bid"": ""-237500"", ""sel_3th_pre_req_pre"": ""0"", ""sel_3th_pre_req"": ""40"", ""sel_3th_pre_bid"": ""-237000"", ""sel_2th_pre_req_pre"": ""0"", ""sel_2th_pre_req"": ""145"", ""sel_2th_pre_bid"": ""-236500"", ""sel_1th_pre_req_pre"": ""+57"", ""sel_fpr_req"": ""263"", ""sel_fpr_bid"": ""-236000"", ""buy_fpr_bid"": ""-235500"", ""buy_fpr_req"": ""1368"", ""buy_1th_pre_req_pre"": ""0"", ""buy_2th_pre_bid"": ""-235000"", ""buy_2th_pre_req"": ""2259"", ""buy_2th_pre_req_pre"": ""0"", ""buy_3th_pre_bid"": ""-234500"", ""buy_3th_pre_req"": ""844"", ""buy_3th_pre_req_pre"": ""0"", ""buy_4th_pre_bid"": ""-234000"", ""buy_4th_pre_req"": ""1097"", ""buy_4th_pre_req_pre"": ""0"", ""buy_5th_pre_bid"": ""-233500"", ""buy_5th_pre_req"": ""682"", ""buy_5th_pre_req_pre"": ""0"", ""buy_6th_pre_bid"": ""-233000"", ""buy_6th_pre_req"": ""1999"", ""buy_6th_pre_req_pre"": ""0"", ""buy_7th_pre_bid"": ""-232500"", ""buy_7th_pre_req"": ""407"", ""buy_7th_pre_req_pre"": ""0"", ""buy_8th_pre_bid"": ""-232000"", ""buy_8th_pre_req"": ""1389"", ""buy_8th_pre_req_pre"": ""0"", ""buy_9th_pre_bid"": ""-231500"", ""buy_9th_pre_req"": ""440"", ""buy_9th_pre_req_pre"": ""0"", ""buy_10th_pre_bid"": ""-231000"", ""buy_10th_pre_req"": ""1114"", ""buy_10th_pre_req_pre"": ""0"", ""tot_sel_req_jub_pre"": ""+57"", ""tot_sel_req"": ""1151"", ""tot_buy_req"": ""11599"", ""tot_buy_req_jub_pre"": ""0"", ""ovt_sel_req_pre"": ""0"", ""ovt_sel_req"": ""0"", ""ovt_buy_req"": ""0"", ""ovt_buy_req_pre"": ""0"", ""return_code"": 0, ""return_msg"": ""정상적으로 처리되었습니다""}"
2026-06-10,watchlist,161390,,0,filtered_candidate_recheck,71700,,71700,71600,71700,71800,0.0,0.1394700139470014,,,,,,"{""bid_req_base_tm"": ""094033"", ""sel_10th_pre_req_pre"": ""0"", ""sel_10th_pre_req"": ""112"", ""sel_10th_pre_bid"": ""-72700"", ""sel_9th_pre_req_pre"": ""0"", ""sel_9th_pre_req"": ""74"", ""sel_9th_pre_bid"": ""-72600"", ""sel_8th_pre_req_pre"": ""0"", ""sel_8th_pre_req"": ""264"", ""sel_8th_pre_bid"": ""-72500"", ""sel_7th_pre_req_pre"": ""0"", ""sel_7th_pre_req"": ""93"", ""sel_7th_pre_bid"": ""-72400"", ""sel_6th_pre_req_pre"": ""0"", ""sel_6th_pre_req"": ""23"", ""sel_6th_pre_bid"": ""-72300"", ""sel_5th_pre_req_pre"": ""0"", ""sel_5th_pre_req"": ""4"", ""sel_5th_pre_bid"": ""-72200"", ""sel_4th_pre_req_pre"": ""0"", ""sel_4th_pre_req"": ""393"", ""sel_4th_pre_bid"": ""-72100"", ""sel_3th_pre_req_pre"": ""--19"", ""sel_3th_pre_req"": ""120"", ""sel_3th_pre_bid"": ""-71900"", ""sel_2th_pre_req_pre"": ""+5"", ""sel_2th_pre_req"": ""443"", ""sel_2th_pre_bid"": ""-71800"", ""sel_1th_pre_req_pre"": ""+4"", ""sel_fpr_req"": ""95"", ""sel_fpr_bid"": ""-71700"", ""buy_fpr_bid"": ""-71600"", ""buy_fpr_req"": ""570"", ""buy_1th_pre_req_pre"": ""+134"", ""buy_2th_pre_bid"": ""-71500"", ""buy_2th_pre_req"": ""76"", ""buy_2th_pre_req_pre"": ""0"", ""buy_3th_pre_bid"": ""-71400"", ""buy_3th_pre_req"": ""65"", ""buy_3th_pre_req_pre"": ""0"", ""buy_4th_pre_bid"": ""-71300"", ""buy_4th_pre_req"": ""35"", ""buy_4th_pre_req_pre"": ""0"", ""buy_5th_pre_bid"": ""-71200"", ""buy_5th_pre_req"": ""47"", ""buy_5th_pre_req_pre"": ""0"", ""buy_6th_pre_bid"": ""-71100"", ""buy_6th_pre_req"": ""227"", ""buy_6th_pre_req_pre"": ""0"", ""buy_7th_pre_bid"": ""-71000"", ""buy_7th_pre_req"": ""916"", ""buy_7th_pre_req_pre"": ""0"", ""buy_8th_pre_bid"": ""-70900"", ""buy_8th_pre_req"": ""2021"", ""buy_8th_pre_req_pre"": ""0"", ""buy_9th_pre_bid"": ""-70800"", ""buy_9th_pre_req"": ""109"", ""buy_9th_pre_req_pre"": ""0"", ""buy_10th_pre_bid"": ""-70700"", ""buy_10th_pre_req"": ""71"", ""buy_10th_pre_req_pre"": ""0"", ""tot_sel_req_jub_pre"": ""--10"", ""tot_sel_req"": ""1621"", ""tot_buy_req"": ""4137"", ""tot_buy_req_jub_pre"": ""+134"", ""ovt_sel_req_pre"": ""0"", ""ovt_sel_req"": ""0"", ""ovt_buy_req"": ""0"", ""ovt_buy_req_pre"": ""0"", ""return_code"": 0, ""return_msg"": ""정상적으로 처리되었습니다""}"
2026-06-10,watchlist,078930,,0,filtered_candidate_recheck,73200,,73200,73100,73200,72900,-0.546448087431694,0.1366120218579235,,,,,,"{""bid_req_base_tm"": ""094034"", ""sel_10th_pre_req_pre"": ""0"", ""sel_10th_pre_req"": ""46"", ""sel_10th_pre_bid"": ""+74400"", ""sel_9th_pre_req_pre"": ""0"", ""sel_9th_pre_req"": ""10"", ""sel_9th_pre_bid"": ""+74300"", ""sel_8th_pre_req_pre"": ""0"", ""sel_8th_pre_req"": ""1"", ""sel_8th_pre_bid"": ""+74200"", ""sel_7th_pre_req_pre"": ""0"", ""sel_7th_pre_req"": ""20"", ""sel_7th_pre_bid"": ""73800"", ""sel_6th_pre_req_pre"": ""0"", ""sel_6th_pre_req"": ""10"", ""sel_6th_pre_bid"": ""-73700"", ""sel_5th_pre_req_pre"": ""0"", ""sel_5th_pre_req"": ""67"", ""sel_5th_pre_bid"": ""-73600"", ""sel_4th_pre_req_pre"": ""0"", ""sel_4th_pre_req"": ""146"", ""sel_4th_pre_bid"": ""-73500"", ""sel_3th_pre_req_pre"": ""0"", ""sel_3th_pre_req"": ""105"", ""sel_3th_pre_bid"": ""-73400"", ""sel_2th_pre_req_pre"": ""0"", ""sel_2th_pre_req"": ""213"", ""sel_2th_pre_bid"": ""-73300"", ""sel_1th_pre_req_pre"": ""0"", ""sel_fpr_req"": ""583"", ""sel_fpr_bid"": ""-73200"", ""buy_fpr_bid"": ""-73100"", ""buy_fpr_req"": ""92"", ""buy_1th_pre_req_pre"": ""0"", ""buy_2th_pre_bid"": ""-73000"", ""buy_2th_pre_req"": ""255"", ""buy_2th_pre_req_pre"": ""0"", ""buy_3th_pre_bid"": ""-72900"", ""buy_3th_pre_req"": ""403"", ""buy_3th_pre_req_pre"": ""0"", ""buy_4th_pre_bid"": ""-72800"", ""buy_4th_pre_req"": ""56"", ""buy_4th_pre_req_pre"": ""0"", ""buy_5th_pre_bid"": ""-72700"", ""buy_5th_pre_req"": ""4"", ""buy_5th_pre_req_pre"": ""0"", ""buy_6th_pre_bid"": ""-72600"", ""buy_6th_pre_req"": ""2"", ""buy_6th_pre_req_pre"": ""0"", ""buy_7th_pre_bid"": ""-72500"", ""buy_7th_pre_req"": ""206"", ""buy_7th_pre_req_pre"": ""0"", ""buy_8th_pre_bid"": ""-72400"", ""buy_8th_pre_req"": ""12"", ""buy_8th_pre_req_pre"": ""0"", ""buy_9th_pre_bid"": ""-72300"", ""buy_9th_pre_req"": ""26"", ""buy_9th_pre_req_pre"": ""0"", ""buy_10th_pre_bid"": ""-72200"", ""buy_10th_pre_req"": ""10"", ""buy_10th_pre_req_pre"": ""0"", ""tot_sel_req_jub_pre"": ""0"", ""tot_sel_req"": ""1201"", ""tot_buy_req"": ""1066"", ""tot_buy_req_jub_pre"": ""0"", ""ovt_sel_req_pre"": ""0"", ""ovt_sel_req"": ""0"", ""ovt_buy_req"": ""0"", ""ovt_buy_req_pre"": ""0"", ""return_code"": 0, ""return_msg"": ""정상적으로 처리되었습니다""}"
2026-06-10,watchlist,462870,,0,filtered_candidate_recheck,30700,,30700,30650,30700,30900,0.4885993485342019,0.16286644951140067,,,,,,"{""bid_req_base_tm"": ""094030"", ""sel_10th_pre_req_pre"": ""0"", ""sel_10th_pre_req"": ""15"", ""sel_10th_pre_bid"": ""-31200"", ""sel_9th_pre_req_pre"": ""0"", ""sel_9th_pre_req"": ""10"", ""sel_9th_pre_bid"": ""-31150"", ""sel_8th_pre_req_pre"": ""0"", ""sel_8th_pre_req"": ""36"", ""sel_8th_pre_bid"": ""-31100"", ""sel_7th_pre_req_pre"": ""0"", ""sel_7th_pre_req"": ""28"", ""sel_7th_pre_bid"": ""-31050"", ""sel_6th_pre_req_pre"": ""0"", ""sel_6th_pre_req"": ""213"", ""sel_6th_pre_bid"": ""-31000"", ""sel_5th_pre_req_pre"": ""0"", ""sel_5th_pre_req"": ""1"", ""sel_5th_pre_bid"": ""-30950"", ""sel_4th_pre_req_pre"": ""0"", ""sel_4th_pre_req"": ""11"", ""sel_4th_pre_bid"": ""-30900"", ""sel_3th_pre_req_pre"": ""0"", ""sel_3th_pre_req"": ""49"", ""sel_3th_pre_bid"": ""-30850"", ""sel_2th_pre_req_pre"": ""0"", ""sel_2th_pre_req"": ""4"", ""sel_2th_pre_bid"": ""-30750"", ""sel_1th_pre_req_pre"": ""0"", ""sel_fpr_req"": ""341"", ""sel_fpr_bid"": ""-30700"", ""buy_fpr_bid"": ""-30650"", ""buy_fpr_req"": ""622"", ""buy_1th_pre_req_pre"": ""0"", ""buy_2th_pre_bid"": ""-30600"", ""buy_2th_pre_req"": ""250"", ""buy_2th_pre_req_pre"": ""0"", ""buy_3th_pre_bid"": ""-30550"", ""buy_3th_pre_req"": ""97"", ""buy_3th_pre_req_pre"": ""0"", ""buy_4th_pre_bid"": ""-30500"", ""buy_4th_pre_req"": ""395"", ""buy_4th_pre_req_pre"": ""0"", ""buy_5th_pre_bid"": ""-30450"", ""buy_5th_pre_req"": ""67"", ""buy_5th_pre_req_pre"": ""0"", ""buy_6th_pre_bid"": ""-30400"", ""buy_6th_pre_req"": ""284"", ""buy_6th_pre_req_pre"": ""0"", ""buy_7th_pre_bid"": ""-30350"", ""buy_7th_pre_req"": ""11"", ""buy_7th_pre_req_pre"": ""0"", ""buy_8th_pre_bid"": ""-30300"", ""buy_8th_pre_req"": ""211"", ""buy_8th_pre_req_pre"": ""0"", ""buy_9th_pre_bid"": ""-30250"", ""buy_9th_pre_req"": ""178"", ""buy_9th_pre_req_pre"": ""0"", ""buy_10th_pre_bid"": ""-30200"", ""buy_10th_pre_req"": ""230"", ""buy_10th_pre_req_pre"": ""0"", ""tot_sel_req_jub_pre"": ""0"", ""tot_sel_req"": ""708"", ""tot_buy_req"": ""2345"", ""tot_buy_req_jub_pre"": ""0"", ""ovt_sel_req_pre"": ""0"", ""ovt_sel_req"": ""0"", ""ovt_buy_req"": ""0"", ""ovt_buy_req_pre"": ""0"", ""return_code"": 0, ""return_msg"": ""정상적으로 처리되었습니다""}"
2026-06-10,watchlist,055550,,0,filtered_candidate_recheck,98400,,98400,98300,98400,98700,0.20325203252032523,0.10162601626016261,,,,,,"{""bid_req_base_tm"": ""094034"", ""sel_10th_pre_req_pre"": ""0"", ""sel_10th_pre_req"": ""1529"", ""sel_10th_pre_bid"": ""-99500"", ""sel_9th_pre_req_pre"": ""0"", ""sel_9th_pre_req"": ""282"", ""sel_9th_pre_bid"": ""-99400"", ""sel_8th_pre_req_pre"": ""0"", ""sel_8th_pre_req"": ""5"", ""sel_8th_pre_bid"": ""-99100"", ""sel_7th_pre_req_pre"": ""0"", ""sel_7th_pre_req"": ""19"", ""sel_7th_pre_bid"": ""-99000"", ""sel_6th_pre_req_pre"": ""0"", ""sel_6th_pre_req"": ""20"", ""sel_6th_pre_bid"": ""-98900"", ""sel_5th_pre_req_pre"": ""0"", ""sel_5th_pre_req"": ""564"", ""sel_5th_pre_bid"": ""-98800"", ""sel_4th_pre_req_pre"": ""0"", ""sel_4th_pre_req"": ""138"", ""sel_4th_pre_bid"": ""-98700"", ""sel_3th_pre_req_pre"": ""0"", ""sel_3th_pre_req"": ""498"", ""sel_3th_pre_bid"": ""-98600"", ""sel_2th_pre_req_pre"": ""0"", ""sel_2th_pre_req"": ""236"", ""sel_2th_pre_bid"": ""-98500"", ""sel_1th_pre_req_pre"": ""0"", ""sel_fpr_req"": ""2541"", ""sel_fpr_bid"": ""-98400"", ""buy_fpr_bid"": ""-98300"", ""buy_fpr_req"": ""920"", ""buy_1th_pre_req_pre"": ""+30"", ""buy_2th_pre_bid"": ""-98200"", ""buy_2th_pre_req"": ""2617"", ""buy_2th_pre_req_pre"": ""0"", ""buy_3th_pre_bid"": ""-98100"", ""buy_3th_pre_req"": ""560"", ""buy_3th_pre_req_pre"": ""0"", ""buy_4th_pre_bid"": ""-98000"", ""buy_4th_pre_req"": ""1800"", ""buy_4th_pre_req_pre"": ""0"", ""buy_5th_pre_bid"": ""-97900"", ""buy_5th_pre_req"": ""262"", ""buy_5th_pre_req_pre"": ""0"", ""buy_6th_pre_bid"": ""-97800"", ""buy_6th_pre_req"": ""384"", ""buy_6th_pre_req_pre"": ""0"", ""buy_7th_pre_bid"": ""-97700"", ""buy_7th_pre_req"": ""199"", ""buy_7th_pre_req_pre"": ""0"", ""buy_8th_pre_bid"": ""-97600"", ""buy_8th_pre_req"": ""148"", ""buy_8th_pre_req_pre"": ""0"", ""buy_9th_pre_bid"": ""-97500"", ""buy_9th_pre_req"": ""879"", ""buy_9th_pre_req_pre"": ""0"", ""buy_10th_pre_bid"": ""-97400"", ""buy_10th_pre_req"": ""179"", ""buy_10th_pre_req_pre"": ""0"", ""tot_sel_req_jub_pre"": ""0"", ""tot_sel_req"": ""5832"", ""tot_buy_req"": ""7948"", ""tot_buy_req_jub_pre"": ""+30"", ""ovt_sel_req_pre"": ""0"", ""ovt_sel_req"": ""0"", ""ovt_buy_req"": ""0"", ""ovt_buy_req_pre"": ""0"", ""return_code"": 0, ""return_msg"": ""정상적으로 처리되었습니다""}"
2026-06-10,scan_candidate,005930,,0,main_scan,307500,,307500,307000,307500,309000,0.3252032520325203,0.16260162601626016,,,,,,"{""bid_req_base_tm"": ""094159"", ""sel_10th_pre_req_pre"": ""0"", ""sel_10th_pre_req"": ""18155"", ""sel_10th_pre_bid"": ""-312000"", ""sel_9th_pre_req_pre"": ""0"", ""sel_9th_pre_req"": ""11660"", ""sel_9th_pre_bid"": ""-311500"", ""sel_8th_pre_req_pre"": ""0"", ""sel_8th_pre_req"": ""12337"", ""sel_8th_pre_bid"": ""-311000"", ""sel_7th_pre_req_pre"": ""0"", ""sel_7th_pre_req"": ""7920"", ""sel_7th_pre_bid"": ""-310500"", ""sel_6th_pre_req_pre"": ""0"", ""sel_6th_pre_req"": ""25083"", ""sel_6th_pre_bid"": ""-310000"", ""sel_5th_pre_req_pre"": ""0"", ""sel_5th_pre_req"": ""9341"", ""sel_5th_pre_bid"": ""-309500"", ""sel_4th_pre_req_pre"": ""0"", ""sel_4th_pre_req"": ""13299"", ""sel_4th_pre_bid"": ""-309000"", ""sel_3th_pre_req_pre"": ""0"", ""sel_3th_pre_req"": ""14863"", ""sel_3th_pre_bid"": ""-308500"", ""sel_2th_pre_req_pre"": ""0"", ""sel_2th_pre_req"": ""25178"", ""sel_2th_pre_bid"": ""-308000"", ""sel_1th_pre_req_pre"": ""0"", ""sel_fpr_req"": ""28742"", ""sel_fpr_bid"": ""-307500"", ""buy_fpr_bid"": ""-307000"", ""buy_fpr_req"": ""45954"", ""buy_1th_pre_req_pre"": ""+10"", ""buy_2th_pre_bid"": ""-306500"", ""buy_2th_pre_req"": ""77739"", ""buy_2th_pre_req_pre"": ""0"", ""buy_3th_pre_bid"": ""-306000"", ""buy_3th_pre_req"": ""79792"", ""buy_3th_pre_req_pre"": ""--56"", ""buy_4th_pre_bid"": ""-305500"", ""buy_4th_pre_req"": ""57103"", ""buy_4th_pre_req_pre"": ""+2"", ""buy_5th_pre_bid"": ""-305000"", ""buy_5th_pre_req"": ""140148"", ""buy_5th_pre_req_pre"": ""+61"", ""buy_6th_pre_bid"": ""-304500"", ""buy_6th_pre_req"": ""19631"", ""buy_6th_pre_req_pre"": ""0"", ""buy_7th_pre_bid"": ""-304000"", ""buy_7th_pre_req"": ""34449"", ""buy_7th_pre_req_pre"": ""+1"", ""buy_8th_pre_bid"": ""-303500"", ""buy_8th_pre_req"": ""51615"", ""buy_8th_pre_req_pre"": ""0"", ""buy_9th_pre_bid"": ""-303000"", ""buy_9th_pre_req"": ""54743"", ""buy_9th_pre_req_pre"": ""+10"", ""buy_10th_pre_bid"": ""-302500"", ""buy_10th_pre_req"": ""13167"", ""buy_10th_pre_req_pre"": ""0"", ""tot_sel_req_jub_pre"": ""0"", ""tot_sel_req"": ""166578"", ""tot_buy_req"": ""574341"", ""tot_buy_req_jub_pre"": ""+28"", ""ovt_sel_req_pre"": ""0"", ""ovt_sel_req"": ""0"", ""ovt_buy_req"": ""0"", ""ovt_buy_req_pre"": ""0"", ""return_code"": 0, ""return_msg"": ""정상적으로 처리되었습니다""}"
2026-06-10,scan_candidate,000660,,0,main_scan,2141000,,2141000,2140000,2141000,2140000,-0.09341429238673517,0.046707146193367584,,,,,,"{""bid_req_base_tm"": ""094159"", ""sel_10th_pre_req_pre"": ""0"", ""sel_10th_pre_req"": ""2077"", ""sel_10th_pre_bid"": ""-2150000"", ""sel_9th_pre_req_pre"": ""0"", ""sel_9th_pre_req"": ""195"", ""sel_9th_pre_bid"": ""-2149000"", ""sel_8th_pre_req_pre"": ""0"", ""sel_8th_pre_req"": ""113"", ""sel_8th_pre_bid"": ""-2148000"", ""sel_7th_pre_req_pre"": ""0"", ""sel_7th_pre_req"": ""385"", ""sel_7th_pre_bid"": ""-2147000"", ""sel_6th_pre_req_pre"": ""0"", ""sel_6th_pre_req"": ""139"", ""sel_6th_pre_bid"": ""-2146000"", ""sel_5th_pre_req_pre"": ""0"", ""sel_5th_pre_req"": ""160"", ""sel_5th_pre_bid"": ""-2145000"", ""sel_4th_pre_req_pre"": ""+10"", ""sel_4th_pre_req"": ""65"", ""sel_4th_pre_bid"": ""-2144000"", ""sel_3th_pre_req_pre"": ""--10"", ""sel_3th_pre_req"": ""28"", ""sel_3th_pre_bid"": ""-2143000"", ""sel_2th_pre_req_pre"": ""+300"", ""sel_2th_pre_req"": ""454"", ""sel_2th_pre_bid"": ""-2142000"", ""sel_1th_pre_req_pre"": ""--100"", ""sel_fpr_req"": ""202"", ""sel_fpr_bid"": ""-2141000"", ""buy_fpr_bid"": ""-2140000"", ""buy_fpr_req"": ""167"", ""buy_1th_pre_req_pre"": ""0"", ""buy_2th_pre_bid"": ""-2139000"", ""buy_2th_pre_req"": ""41"", ""buy_2th_pre_req_pre"": ""--137"", ""buy_3th_pre_bid"": ""-2137000"", ""buy_3th_pre_req"": ""1416"", ""buy_3th_pre_req_pre"": ""+1325"", ""buy_4th_pre_bid"": ""-2136000"", ""buy_4th_pre_req"": ""234"", ""buy_4th_pre_req_pre"": ""--1275"", ""buy_5th_pre_bid"": ""-2135000"", ""buy_5th_pre_req"": ""447"", ""buy_5th_pre_req_pre"": ""0"", ""buy_6th_pre_bid"": ""-2134000"", ""buy_6th_pre_req"": ""409"", ""buy_6th_pre_req_pre"": ""0"", ""buy_7th_pre_bid"": ""-2133000"", ""buy_7th_pre_req"": ""584"", ""buy_7th_pre_req_pre"": ""--50"", ""buy_8th_pre_bid"": ""-2132000"", ""buy_8th_pre_req"": ""276"", ""buy_8th_pre_req_pre"": ""0"", ""buy_9th_pre_bid"": ""-2131000"", ""buy_9th_pre_req"": ""377"", ""buy_9th_pre_req_pre"": ""0"", ""buy_10th_pre_bid"": ""-2130000"", ""buy_10th_pre_req"": ""1249"", ""buy_10th_pre_req_pre"": ""0"", ""tot_sel_req_jub_pre"": ""+2043"", ""tot_sel_req"": ""3818"", ""tot_buy_req"": ""5200"", ""tot_buy_req_jub_pre"": ""--1130"", ""ovt_sel_req_pre"": ""0"", ""ovt_sel_req"": ""0"", ""ovt_buy_req"": ""0"", ""ovt_buy_req_pre"": ""0"", ""return_code"": 0, ""return_msg"": ""정상적으로 처리되었습니다""}"
2026-06-10,scan_candidate,402340,,0,main_scan,1219000,,1219000,1218000,1219000,1221000,0.08203445447087777,0.08203445447087777,,,,,,"{""bid_req_base_tm"": ""094159"", ""sel_10th_pre_req_pre"": ""0"", ""sel_10th_pre_req"": ""64"", ""sel_10th_pre_bid"": ""-1228000"", ""sel_9th_pre_req_pre"": ""0"", ""sel_9th_pre_req"": ""20"", ""sel_9th_pre_bid"": ""-1227000"", ""sel_8th_pre_req_pre"": ""0"", ""sel_8th_pre_req"": ""41"", ""sel_8th_pre_bid"": ""-1226000"", ""sel_7th_pre_req_pre"": ""0"", ""sel_7th_pre_req"": ""276"", ""sel_7th_pre_bid"": ""-1225000"", ""sel_6th_pre_req_pre"": ""0"", ""sel_6th_pre_req"": ""48"", ""sel_6th_pre_bid"": ""-1224000"", ""sel_5th_pre_req_pre"": ""0"", ""sel_5th_pre_req"": ""71"", ""sel_5th_pre_bid"": ""-1223000"", ""sel_4th_pre_req_pre"": ""0"", ""sel_4th_pre_req"": ""9"", ""sel_4th_pre_bid"": ""-1222000"", ""sel_3th_pre_req_pre"": ""0"", ""sel_3th_pre_req"": ""21"", ""sel_3th_pre_bid"": ""-1221000"", ""sel_2th_pre_req_pre"": ""0"", ""sel_2th_pre_req"": ""115"", ""sel_2th_pre_bid"": ""-1220000"", ""sel_1th_pre_req_pre"": ""+13"", ""sel_fpr_req"": ""51"", ""sel_fpr_bid"": ""-1219000"", ""buy_fpr_bid"": ""-1218000"", ""buy_fpr_req"": ""7"", ""buy_1th_pre_req_pre"": ""+6"", ""buy_2th_pre_bid"": ""-1217000"", ""buy_2th_pre_req"": ""319"", ""buy_2th_pre_req_pre"": ""0"", ""buy_3th_pre_bid"": ""-1216000"", ""buy_3th_pre_req"": ""390"", ""buy_3th_pre_req_pre"": ""0"", ""buy_4th_pre_bid"": ""-1215000"", ""buy_4th_pre_req"": ""51"", ""buy_4th_pre_req_pre"": ""0"", ""buy_5th_pre_bid"": ""-1214000"", ""buy_5th_pre_req"": ""1"", ""buy_5th_pre_req_pre"": ""0"", ""buy_6th_pre_bid"": ""-1213000"", ""buy_6th_pre_req"": ""2"", ""buy_6th_pre_req_pre"": ""0"", ""buy_7th_pre_bid"": ""-1212000"", ""buy_7th_pre_req"": ""20"", ""buy_7th_pre_req_pre"": ""0"", ""buy_8th_pre_bid"": ""-1211000"", ""buy_8th_pre_req"": ""1"", ""buy_8th_pre_req_pre"": ""0"", ""buy_9th_pre_bid"": ""-1210000"", ""buy_9th_pre_req"": ""60"", ""buy_9th_pre_req_pre"": ""0"", ""buy_10th_pre_bid"": ""-1208000"", ""buy_10th_pre_req"": ""1"", ""buy_10th_pre_req_pre"": ""0"", ""tot_sel_req_jub_pre"": ""+13"", ""tot_sel_req"": ""716"", ""tot_buy_req"": ""852"", ""tot_buy_req_jub_pre"": ""+6"", ""ovt_sel_req_pre"": ""0"", ""ovt_sel_req"": ""0"", ""ovt_buy_req"": ""0"", ""ovt_buy_req_pre"": ""0"", ""return_code"": 0, ""return_msg"": ""정상적으로 처리되었습니다""}"
2026-06-10,scan_candidate,005935,,0,main_scan,195400,,195400,195300,195400,195500,-0.2047082906857728,0.0511770726714432,,,,,,"{""bid_req_base_tm"": ""094200"", ""sel_10th_pre_req_pre"": ""0"", ""sel_10th_pre_req"": ""5"", ""sel_10th_pre_bid"": ""-196300"", ""sel_9th_pre_req_pre"": ""0"", ""sel_9th_pre_req"": ""517"", ""sel_9th_pre_bid"": ""-196200"", ""sel_8th_pre_req_pre"": ""0"", ""sel_8th_pre_req"": ""1044"", ""sel_8th_pre_bid"": ""-196100"", ""sel_7th_pre_req_pre"": ""0"", ""sel_7th_pre_req"": ""1087"", ""sel_7th_pre_bid"": ""-196000"", ""sel_6th_pre_req_pre"": ""0"", ""sel_6th_pre_req"": ""928"", ""sel_6th_pre_bid"": ""-195900"", ""sel_5th_pre_req_pre"": ""0"", ""sel_5th_pre_req"": ""471"", ""sel_5th_pre_bid"": ""-195800"", ""sel_4th_pre_req_pre"": ""0"", ""sel_4th_pre_req"": ""515"", ""sel_4th_pre_bid"": ""-195700"", ""sel_3th_pre_req_pre"": ""0"", ""sel_3th_pre_req"": ""1027"", ""sel_3th_pre_bid"": ""-195600"", ""sel_2th_pre_req_pre"": ""+5"", ""sel_2th_pre_req"": ""730"", ""sel_2th_pre_bid"": ""-195500"", ""sel_1th_pre_req_pre"": ""0"", ""sel_fpr_req"": ""7226"", ""sel_fpr_bid"": ""-195400"", ""buy_fpr_bid"": ""-195300"", ""buy_fpr_req"": ""4072"", ""buy_1th_pre_req_pre"": ""--52"", ""buy_2th_pre_bid"": ""-195200"", ""buy_2th_pre_req"": ""8139"", ""buy_2th_pre_req_pre"": ""0"", ""buy_3th_pre_bid"": ""-195100"", ""buy_3th_pre_req"": ""7474"", ""buy_3th_pre_req_pre"": ""0"", ""buy_4th_pre_bid"": ""-195000"", ""buy_4th_pre_req"": ""21600"", ""buy_4th_pre_req_pre"": ""+2"", ""buy_5th_pre_bid"": ""-194900"", ""buy_5th_pre_req"": ""1650"", ""buy_5th_pre_req_pre"": ""0"", ""buy_6th_pre_bid"": ""-194800"", ""buy_6th_pre_req"": ""1416"", ""buy_6th_pre_req_pre"": ""0"", ""buy_7th_pre_bid"": ""-194700"", ""buy_7th_pre_req"": ""1583"", ""buy_7th_pre_req_pre"": ""0"", ""buy_8th_pre_bid"": ""-194600"", ""buy_8th_pre_req"": ""630"", ""buy_8th_pre_req_pre"": ""+1"", ""buy_9th_pre_bid"": ""-194500"", ""buy_9th_pre_req"": ""2938"", ""buy_9th_pre_req_pre"": ""0"", ""buy_10th_pre_bid"": ""-194400"", ""buy_10th_pre_req"": ""218"", ""buy_10th_pre_req_pre"": ""+1"", ""tot_sel_req_jub_pre"": ""+5"", ""tot_sel_req"": ""13550"", ""tot_buy_req"": ""49720"", ""tot_buy_req_jub_pre"": ""--48"", ""ovt_sel_req_pre"": ""0"", ""ovt_sel_req"": ""0"", ""ovt_buy_req"": ""0"", ""ovt_buy_req_pre"": ""0"", ""return_code"": 0, ""return_msg"": ""정상적으로 처리되었습니다""}"
2026-06-10,scan_candidate,009150,,0,main_scan,1881000,,1881000,1880000,1881000,1885000,0.1594896331738437,0.053163211057947905,,,,,,"{""bid_req_base_tm"": ""094200"", ""sel_10th_pre_req_pre"": ""0"", ""sel_10th_pre_req"": ""20"", ""sel_10th_pre_bid"": ""-1890000"", ""sel_9th_pre_req_pre"": ""0"", ""sel_9th_pre_req"": ""69"", ""sel_9th_pre_bid"": ""-1889000"", ""sel_8th_pre_req_pre"": ""0"", ""sel_8th_pre_req"": ""21"", ""sel_8th_pre_bid"": ""-1888000"", ""sel_7th_pre_req_pre"": ""0"", ""sel_7th_pre_req"": ""8"", ""sel_7th_pre_bid"": ""-1887000"", ""sel_6th_pre_req_pre"": ""0"", ""sel_6th_pre_req"": ""83"", ""sel_6th_pre_bid"": ""-1886000"", ""sel_5th_pre_req_pre"": ""0"", ""sel_5th_pre_req"": ""41"", ""sel_5th_pre_bid"": ""-1885000"", ""sel_4th_pre_req_pre"": ""0"", ""sel_4th_pre_req"": ""26"", ""sel_4th_pre_bid"": ""-1884000"", ""sel_3th_pre_req_pre"": ""0"", ""sel_3th_pre_req"": ""42"", ""sel_3th_pre_bid"": ""-1883000"", ""sel_2th_pre_req_pre"": ""0"", ""sel_2th_pre_req"": ""301"", ""sel_2th_pre_bid"": ""-1882000"", ""sel_1th_pre_req_pre"": ""0"", ""sel_fpr_req"": ""7"", ""sel_fpr_bid"": ""-1881000"", ""buy_fpr_bid"": ""-1880000"", ""buy_fpr_req"": ""911"", ""buy_1th_pre_req_pre"": ""--40"", ""buy_2th_pre_bid"": ""-1879000"", ""buy_2th_pre_req"": ""214"", ""buy_2th_pre_req_pre"": ""--140"", ""buy_3th_pre_bid"": ""-1878000"", ""buy_3th_pre_req"": ""352"", ""buy_3th_pre_req_pre"": ""+20"", ""buy_4th_pre_bid"": ""-1877000"", ""buy_4th_pre_req"": ""323"", ""buy_4th_pre_req_pre"": ""+90"", ""buy_5th_pre_bid"": ""-1876000"", ""buy_5th_pre_req"": ""106"", ""buy_5th_pre_req_pre"": ""--226"", ""buy_6th_pre_bid"": ""-1875000"", ""buy_6th_pre_req"": ""513"", ""buy_6th_pre_req_pre"": ""+276"", ""buy_7th_pre_bid"": ""-1874000"", ""buy_7th_pre_req"": ""108"", ""buy_7th_pre_req_pre"": ""0"", ""buy_8th_pre_bid"": ""-1873000"", ""buy_8th_pre_req"": ""112"", ""buy_8th_pre_req_pre"": ""0"", ""buy_9th_pre_bid"": ""-1872000"", ""buy_9th_pre_req"": ""204"", ""buy_9th_pre_req_pre"": ""+2"", ""buy_10th_pre_bid"": ""-1871000"", ""buy_10th_pre_req"": ""92"", ""buy_10th_pre_req_pre"": ""0"", ""tot_sel_req_jub_pre"": ""--314"", ""tot_sel_req"": ""618"", ""tot_buy_req"": ""2935"", ""tot_buy_req_jub_pre"": ""+64"", ""ovt_sel_req_pre"": ""0"", ""ovt_sel_req"": ""0"", ""ovt_buy_req"": ""0"", ""ovt_buy_req_pre"": ""0"", ""return_code"": 0, ""return_msg"": ""정상적으로 처리되었습니다""}"
2026-06-10,scan_candidate,012330,,0,main_scan,578000,,578000,577000,578000,581000,0.34602076124567477,0.17301038062283738,,,,,,"{""bid_req_base_tm"": ""094200"", ""sel_10th_pre_req_pre"": ""0"", ""sel_10th_pre_req"": ""24"", ""sel_10th_pre_bid"": ""-587000"", ""sel_9th_pre_req_pre"": ""0"", ""sel_9th_pre_req"": ""69"", ""sel_9th_pre_bid"": ""-586000"", ""sel_8th_pre_req_pre"": ""0"", ""sel_8th_pre_req"": ""50"", ""sel_8th_pre_bid"": ""-585000"", ""sel_7th_pre_req_pre"": ""0"", ""sel_7th_pre_req"": ""40"", ""sel_7th_pre_bid"": ""-584000"", ""sel_6th_pre_req_pre"": ""0"", ""sel_6th_pre_req"": ""46"", ""sel_6th_pre_bid"": ""-583000"", ""sel_5th_pre_req_pre"": ""0"", ""sel_5th_pre_req"": ""62"", ""sel_5th_pre_bid"": ""-582000"", ""sel_4th_pre_req_pre"": ""0"", ""sel_4th_pre_req"": ""330"", ""sel_4th_pre_bid"": ""-581000"", ""sel_3th_pre_req_pre"": ""0"", ""sel_3th_pre_req"": ""190"", ""sel_3th_pre_bid"": ""-580000"", ""sel_2th_pre_req_pre"": ""0"", ""sel_2th_pre_req"": ""126"", ""sel_2th_pre_bid"": ""-579000"", ""sel_1th_pre_req_pre"": ""+3"", ""sel_fpr_req"": ""35"", ""sel_fpr_bid"": ""-578000"", ""buy_fpr_bid"": ""-577000"", ""buy_fpr_req"": ""433"", ""buy_1th_pre_req_pre"": ""0"", ""buy_2th_pre_bid"": ""-576000"", ""buy_2th_pre_req"": ""872"", ""buy_2th_pre_req_pre"": ""0"", ""buy_3th_pre_bid"": ""-575000"", ""buy_3th_pre_req"": ""1501"", ""buy_3th_pre_req_pre"": ""0"", ""buy_4th_pre_bid"": ""-574000"", ""buy_4th_pre_req"": ""490"", ""buy_4th_pre_req_pre"": ""0"", ""buy_5th_pre_bid"": ""-573000"", ""buy_5th_pre_req"": ""587"", ""buy_5th_pre_req_pre"": ""0"", ""buy_6th_pre_bid"": ""-572000"", ""buy_6th_pre_req"": ""954"", ""buy_6th_pre_req_pre"": ""0"", ""buy_7th_pre_bid"": ""-571000"", ""buy_7th_pre_req"": ""1266"", ""buy_7th_pre_req_pre"": ""0"", ""buy_8th_pre_bid"": ""-570000"", ""buy_8th_pre_req"": ""2559"", ""buy_8th_pre_req_pre"": ""+4"", ""buy_9th_pre_bid"": ""-569000"", ""buy_9th_pre_req"": ""1737"", ""buy_9th_pre_req_pre"": ""0"", ""buy_10th_pre_bid"": ""-568000"", ""buy_10th_pre_req"": ""302"", ""buy_10th_pre_req_pre"": ""0"", ""tot_sel_req_jub_pre"": ""+3"", ""tot_sel_req"": ""972"", ""tot_buy_req"": ""10701"", ""tot_buy_req_jub_pre"": ""+4"", ""ovt_sel_req_pre"": ""0"", ""ovt_sel_req"": ""0"", ""ovt_buy_req"": ""0"", ""ovt_buy_req_pre"": ""0"", ""return_code"": 0, ""return_msg"": ""정상적으로 처리되었습니다""}"
2026-06-10,scan_candidate,055550,,0,main_scan,98400,,98400,98300,98400,98700,0.20325203252032523,0.10162601626016261,,,,,,"{""bid_req_base_tm"": ""094200"", ""sel_10th_pre_req_pre"": ""0"", ""sel_10th_pre_req"": ""282"", ""sel_10th_pre_bid"": ""-99400"", ""sel_9th_pre_req_pre"": ""0"", ""sel_9th_pre_req"": ""484"", ""sel_9th_pre_bid"": ""-99300"", ""sel_8th_pre_req_pre"": ""0"", ""sel_8th_pre_req"": ""5"", ""sel_8th_pre_bid"": ""-99100"", ""sel_7th_pre_req_pre"": ""0"", ""sel_7th_pre_req"": ""19"", ""sel_7th_pre_bid"": ""-99000"", ""sel_6th_pre_req_pre"": ""0"", ""sel_6th_pre_req"": ""16"", ""sel_6th_pre_bid"": ""-98900"", ""sel_5th_pre_req_pre"": ""0"", ""sel_5th_pre_req"": ""479"", ""sel_5th_pre_bid"": ""-98800"", ""sel_4th_pre_req_pre"": ""0"", ""sel_4th_pre_req"": ""138"", ""sel_4th_pre_bid"": ""-98700"", ""sel_3th_pre_req_pre"": ""0"", ""sel_3th_pre_req"": ""499"", ""sel_3th_pre_bid"": ""-98600"", ""sel_2th_pre_req_pre"": ""0"", ""sel_2th_pre_req"": ""183"", ""sel_2th_pre_bid"": ""-98500"", ""sel_1th_pre_req_pre"": ""0"", ""sel_fpr_req"": ""2985"", ""sel_fpr_bid"": ""-98400"", ""buy_fpr_bid"": ""-98300"", ""buy_fpr_req"": ""586"", ""buy_1th_pre_req_pre"": ""+37"", ""buy_2th_pre_bid"": ""-98200"", ""buy_2th_pre_req"": ""2024"", ""buy_2th_pre_req_pre"": ""0"", ""buy_3th_pre_bid"": ""-98100"", ""buy_3th_pre_req"": ""622"", ""buy_3th_pre_req_pre"": ""0"", ""buy_4th_pre_bid"": ""-98000"", ""buy_4th_pre_req"": ""2632"", ""buy_4th_pre_req_pre"": ""0"", ""buy_5th_pre_bid"": ""-97900"", ""buy_5th_pre_req"": ""536"", ""buy_5th_pre_req_pre"": ""0"", ""buy_6th_pre_bid"": ""-97800"", ""buy_6th_pre_req"": ""450"", ""buy_6th_pre_req_pre"": ""0"", ""buy_7th_pre_bid"": ""-97700"", ""buy_7th_pre_req"": ""200"", ""buy_7th_pre_req_pre"": ""0"", ""buy_8th_pre_bid"": ""-97600"", ""buy_8th_pre_req"": ""148"", ""buy_8th_pre_req_pre"": ""0"", ""buy_9th_pre_bid"": ""-97500"", ""buy_9th_pre_req"": ""1158"", ""buy_9th_pre_req_pre"": ""0"", ""buy_10th_pre_bid"": ""-97400"", ""buy_10th_pre_req"": ""180"", ""buy_10th_pre_req_pre"": ""0"", ""tot_sel_req_jub_pre"": ""0"", ""tot_sel_req"": ""5090"", ""tot_buy_req"": ""8536"", ""tot_buy_req_jub_pre"": ""+37"", ""ovt_sel_req_pre"": ""0"", ""ovt_sel_req"": ""0"", ""ovt_buy_req"": ""0"", ""ovt_buy_req_pre"": ""0"", ""return_code"": 0, ""return_msg"": ""정상적으로 처리되었습니다""}"
2026-06-10,scan_candidate,034730,,0,main_scan,592000,,592000,590000,592000,590000,-0.5067567567567568,0.33783783783783783,,,,,,"{""bid_req_base_tm"": ""094201"", ""sel_10th_pre_req_pre"": ""0"", ""sel_10th_pre_req"": ""14"", ""sel_10th_pre_bid"": ""+601000"", ""sel_9th_pre_req_pre"": ""0"", ""sel_9th_pre_req"": ""435"", ""sel_9th_pre_bid"": ""+600000"", ""sel_8th_pre_req_pre"": ""0"", ""sel_8th_pre_req"": ""62"", ""sel_8th_pre_bid"": ""+599000"", ""sel_7th_pre_req_pre"": ""0"", ""sel_7th_pre_req"": ""217"", ""sel_7th_pre_bid"": ""+598000"", ""sel_6th_pre_req_pre"": ""0"", ""sel_6th_pre_req"": ""95"", ""sel_6th_pre_bid"": ""+597000"", ""sel_5th_pre_req_pre"": ""0"", ""sel_5th_pre_req"": ""225"", ""sel_5th_pre_bid"": ""+596000"", ""sel_4th_pre_req_pre"": ""0"", ""sel_4th_pre_req"": ""99"", ""sel_4th_pre_bid"": ""+595000"", ""sel_3th_pre_req_pre"": ""0"", ""sel_3th_pre_req"": ""230"", ""sel_3th_pre_bid"": ""594000"", ""sel_2th_pre_req_pre"": ""0"", ""sel_2th_pre_req"": ""108"", ""sel_2th_pre_bid"": ""-593000"", ""sel_1th_pre_req_pre"": ""0"", ""sel_fpr_req"": ""42"", ""sel_fpr_bid"": ""-592000"", ""buy_fpr_bid"": ""-590000"", ""buy_fpr_req"": ""246"", ""buy_1th_pre_req_pre"": ""+17"", ""buy_2th_pre_bid"": ""-589000"", ""buy_2th_pre_req"": ""400"", ""buy_2th_pre_req_pre"": ""0"", ""buy_3th_pre_bid"": ""-588000"", ""buy_3th_pre_req"": ""2"", ""buy_3th_pre_req_pre"": ""0"", ""buy_4th_pre_bid"": ""-587000"", ""buy_4th_pre_req"": ""97"", ""buy_4th_pre_req_pre"": ""0"", ""buy_5th_pre_bid"": ""-586000"", ""buy_5th_pre_req"": ""389"", ""buy_5th_pre_req_pre"": ""0"", ""buy_6th_pre_bid"": ""-585000"", ""buy_6th_pre_req"": ""139"", ""buy_6th_pre_req_pre"": ""+1"", ""buy_7th_pre_bid"": ""-584000"", ""buy_7th_pre_req"": ""35"", ""buy_7th_pre_req_pre"": ""0"", ""buy_8th_pre_bid"": ""-583000"", ""buy_8th_pre_req"": ""17"", ""buy_8th_pre_req_pre"": ""0"", ""buy_9th_pre_bid"": ""-582000"", ""buy_9th_pre_req"": ""12"", ""buy_9th_pre_req_pre"": ""0"", ""buy_10th_pre_bid"": ""-581000"", ""buy_10th_pre_req"": ""8"", ""buy_10th_pre_req_pre"": ""0"", ""tot_sel_req_jub_pre"": ""0"", ""tot_sel_req"": ""1527"", ""tot_buy_req"": ""1345"", ""tot_buy_req_jub_pre"": ""+18"", ""ovt_sel_req_pre"": ""0"", ""ovt_sel_req"": ""0"", ""ovt_buy_req"": ""0"", ""ovt_buy_req_pre"": ""0"", ""return_code"": 0, ""return_msg"": ""정상적으로 처리되었습니다""}"
2026-06-10,scan_candidate,066570,,0,main_scan,233500,,233500,233000,233500,235000,0.4282655246252677,0.21413276231263384,,,,,,"{""bid_req_base_tm"": ""094201"", ""sel_10th_pre_req_pre"": ""0"", ""sel_10th_pre_req"": ""1178"", ""sel_10th_pre_bid"": ""-238000"", ""sel_9th_pre_req_pre"": ""0"", ""sel_9th_pre_req"": ""1883"", ""sel_9th_pre_bid"": ""-237500"", ""sel_8th_pre_req_pre"": ""0"", ""sel_8th_pre_req"": ""1304"", ""sel_8th_pre_bid"": ""-237000"", ""sel_7th_pre_req_pre"": ""0"", ""sel_7th_pre_req"": ""562"", ""sel_7th_pre_bid"": ""-236500"", ""sel_6th_pre_req_pre"": ""0"", ""sel_6th_pre_req"": ""2446"", ""sel_6th_pre_bid"": ""-236000"", ""sel_5th_pre_req_pre"": ""0"", ""sel_5th_pre_req"": ""549"", ""sel_5th_pre_bid"": ""-235500"", ""sel_4th_pre_req_pre"": ""0"", ""sel_4th_pre_req"": ""1948"", ""sel_4th_pre_bid"": ""-235000"", ""sel_3th_pre_req_pre"": ""0"", ""sel_3th_pre_req"": ""257"", ""sel_3th_pre_bid"": ""-234500"", ""sel_2th_pre_req_pre"": ""+1"", ""sel_2th_pre_req"": ""2444"", ""sel_2th_pre_bid"": ""-234000"", ""sel_1th_pre_req_pre"": ""0"", ""sel_fpr_req"": ""3370"", ""sel_fpr_bid"": ""-233500"", ""buy_fpr_bid"": ""-233000"", ""buy_fpr_req"": ""3794"", ""buy_1th_pre_req_pre"": ""--57"", ""buy_2th_pre_bid"": ""-232500"", ""buy_2th_pre_req"": ""5850"", ""buy_2th_pre_req_pre"": ""0"", ""buy_3th_pre_bid"": ""-232000"", ""buy_3th_pre_req"": ""9654"", ""buy_3th_pre_req_pre"": ""+5"", ""buy_4th_pre_bid"": ""-231500"", ""buy_4th_pre_req"": ""7392"", ""buy_4th_pre_req_pre"": ""0"", ""buy_5th_pre_bid"": ""-231000"", ""buy_5th_pre_req"": ""9775"", ""buy_5th_pre_req_pre"": ""0"", ""buy_6th_pre_bid"": ""-230500"", ""buy_6th_pre_req"": ""10042"", ""buy_6th_pre_req_pre"": ""0"", ""buy_7th_pre_bid"": ""-230000"", ""buy_7th_pre_req"": ""31876"", ""buy_7th_pre_req_pre"": ""0"", ""buy_8th_pre_bid"": ""-229500"", ""buy_8th_pre_req"": ""2809"", ""buy_8th_pre_req_pre"": ""0"", ""buy_9th_pre_bid"": ""-229000"", ""buy_9th_pre_req"": ""4448"", ""buy_9th_pre_req_pre"": ""0"", ""buy_10th_pre_bid"": ""-228500"", ""buy_10th_pre_req"": ""4853"", ""buy_10th_pre_req_pre"": ""0"", ""tot_sel_req_jub_pre"": ""+1"", ""tot_sel_req"": ""15941"", ""tot_buy_req"": ""90493"", ""tot_buy_req_jub_pre"": ""--52"", ""ovt_sel_req_pre"": ""0"", ""ovt_sel_req"": ""0"", ""ovt_buy_req"": ""0"", ""ovt_buy_req_pre"": ""0"", ""return_code"": 0, ""return_msg"": ""정상적으로 처리되었습니다""}"
2026-06-10,scan_candidate,035420,,0,main_scan,237500,,237500,237000,237500,239000,0.42105263157894735,0.21052631578947367,,,,,,"{""bid_req_base_tm"": ""094201"", ""sel_10th_pre_req_pre"": ""0"", ""sel_10th_pre_req"": ""2687"", ""sel_10th_pre_bid"": ""-242000"", ""sel_9th_pre_req_pre"": ""0"", ""sel_9th_pre_req"": ""1165"", ""sel_9th_pre_bid"": ""-241500"", ""sel_8th_pre_req_pre"": ""0"", ""sel_8th_pre_req"": ""3965"", ""sel_8th_pre_bid"": ""-241000"", ""sel_7th_pre_req_pre"": ""0"", ""sel_7th_pre_req"": ""3449"", ""sel_7th_pre_bid"": ""-240500"", ""sel_6th_pre_req_pre"": ""0"", ""sel_6th_pre_req"": ""1961"", ""sel_6th_pre_bid"": ""-240000"", ""sel_5th_pre_req_pre"": ""0"", ""sel_5th_pre_req"": ""735"", ""sel_5th_pre_bid"": ""-239500"", ""sel_4th_pre_req_pre"": ""0"", ""sel_4th_pre_req"": ""1740"", ""sel_4th_pre_bid"": ""-239000"", ""sel_3th_pre_req_pre"": ""0"", ""sel_3th_pre_req"": ""1783"", ""sel_3th_pre_bid"": ""-238500"", ""sel_2th_pre_req_pre"": ""0"", ""sel_2th_pre_req"": ""1210"", ""sel_2th_pre_bid"": ""-238000"", ""sel_1th_pre_req_pre"": ""+18"", ""sel_fpr_req"": ""2684"", ""sel_fpr_bid"": ""-237500"", ""buy_fpr_bid"": ""-237000"", ""buy_fpr_req"": ""2932"", ""buy_1th_pre_req_pre"": ""+11"", ""buy_2th_pre_bid"": ""-236500"", ""buy_2th_pre_req"": ""9833"", ""buy_2th_pre_req_pre"": ""--10"", ""buy_3th_pre_bid"": ""-236000"", ""buy_3th_pre_req"": ""10845"", ""buy_3th_pre_req_pre"": ""0"", ""buy_4th_pre_bid"": ""-235500"", ""buy_4th_pre_req"": ""10849"", ""buy_4th_pre_req_pre"": ""+40"", ""buy_5th_pre_bid"": ""-235000"", ""buy_5th_pre_req"": ""23590"", ""buy_5th_pre_req_pre"": ""0"", ""buy_6th_pre_bid"": ""-234500"", ""buy_6th_pre_req"": ""52636"", ""buy_6th_pre_req_pre"": ""0"", ""buy_7th_pre_bid"": ""-234000"", ""buy_7th_pre_req"": ""6341"", ""buy_7th_pre_req_pre"": ""0"", ""buy_8th_pre_bid"": ""-233500"", ""buy_8th_pre_req"": ""4683"", ""buy_8th_pre_req_pre"": ""0"", ""buy_9th_pre_bid"": ""-233000"", ""buy_9th_pre_req"": ""7641"", ""buy_9th_pre_req_pre"": ""0"", ""buy_10th_pre_bid"": ""-232500"", ""buy_10th_pre_req"": ""4697"", ""buy_10th_pre_req_pre"": ""0"", ""tot_sel_req_jub_pre"": ""+18"", ""tot_sel_req"": ""21379"", ""tot_buy_req"": ""134047"", ""tot_buy_req_jub_pre"": ""+41"", ""ovt_sel_req_pre"": ""0"", ""ovt_sel_req"": ""0"", ""ovt_buy_req"": ""0"", ""ovt_buy_req_pre"": ""0"", ""return_code"": 0, ""return_msg"": ""정상적으로 처리되었습니다""}"
2026-06-10,scan_candidate,086790,,0,main_scan,117600,,117600,117500,117600,117500,-0.5102040816326531,0.08503401360544217,,,,,,"{""bid_req_base_tm"": ""094201"", ""sel_10th_pre_req_pre"": ""0"", ""sel_10th_pre_req"": ""41"", ""sel_10th_pre_bid"": ""-118500"", ""sel_9th_pre_req_pre"": ""0"", ""sel_9th_pre_req"": ""110"", ""sel_9th_pre_bid"": ""-118400"", ""sel_8th_pre_req_pre"": ""0"", ""sel_8th_pre_req"": ""71"", ""sel_8th_pre_bid"": ""-118300"", ""sel_7th_pre_req_pre"": ""0"", ""sel_7th_pre_req"": ""3"", ""sel_7th_pre_bid"": ""-118200"", ""sel_6th_pre_req_pre"": ""0"", ""sel_6th_pre_req"": ""80"", ""sel_6th_pre_bid"": ""-118100"", ""sel_5th_pre_req_pre"": ""0"", ""sel_5th_pre_req"": ""662"", ""sel_5th_pre_bid"": ""-118000"", ""sel_4th_pre_req_pre"": ""0"", ""sel_4th_pre_req"": ""4"", ""sel_4th_pre_bid"": ""-117900"", ""sel_3th_pre_req_pre"": ""0"", ""sel_3th_pre_req"": ""547"", ""sel_3th_pre_bid"": ""-117800"", ""sel_2th_pre_req_pre"": ""0"", ""sel_2th_pre_req"": ""183"", ""sel_2th_pre_bid"": ""-117700"", ""sel_1th_pre_req_pre"": ""0"", ""sel_fpr_req"": ""62"", ""sel_fpr_bid"": ""-117600"", ""buy_fpr_bid"": ""-117500"", ""buy_fpr_req"": ""617"", ""buy_1th_pre_req_pre"": ""+116"", ""buy_2th_pre_bid"": ""-117400"", ""buy_2th_pre_req"": ""2"", ""buy_2th_pre_req_pre"": ""0"", ""buy_3th_pre_bid"": ""-117300"", ""buy_3th_pre_req"": ""125"", ""buy_3th_pre_req_pre"": ""0"", ""buy_4th_pre_bid"": ""-117200"", ""buy_4th_pre_req"": ""422"", ""buy_4th_pre_req_pre"": ""0"", ""buy_5th_pre_bid"": ""-117100"", ""buy_5th_pre_req"": ""529"", ""buy_5th_pre_req_pre"": ""0"", ""buy_6th_pre_bid"": ""-117000"", ""buy_6th_pre_req"": ""287"", ""buy_6th_pre_req_pre"": ""0"", ""buy_7th_pre_bid"": ""-116900"", ""buy_7th_pre_req"": ""132"", ""buy_7th_pre_req_pre"": ""0"", ""buy_8th_pre_bid"": ""-116800"", ""buy_8th_pre_req"": ""103"", ""buy_8th_pre_req_pre"": ""0"", ""buy_9th_pre_bid"": ""-116700"", ""buy_9th_pre_req"": ""13"", ""buy_9th_pre_req_pre"": ""0"", ""buy_10th_pre_bid"": ""-116600"", ""buy_10th_pre_req"": ""92"", ""buy_10th_pre_req_pre"": ""0"", ""tot_sel_req_jub_pre"": ""0"", ""tot_sel_req"": ""1763"", ""tot_buy_req"": ""2322"", ""tot_buy_req_jub_pre"": ""+116"", ""ovt_sel_req_pre"": ""0"", ""ovt_sel_req"": ""0"", ""ovt_buy_req"": ""0"", ""ovt_buy_req_pre"": ""0"", ""return_code"": 0, ""return_msg"": ""정상적으로 처리되었습니다""}"
2026-06-10,scan_candidate,000810,,0,main_scan,610000,,610000,608000,610000,613000,0.32786885245901637,0.32786885245901637,,,,,,"{""bid_req_base_tm"": ""094201"", ""sel_10th_pre_req_pre"": ""0"", ""sel_10th_pre_req"": ""7"", ""sel_10th_pre_bid"": ""-619000"", ""sel_9th_pre_req_pre"": ""0"", ""sel_9th_pre_req"": ""34"", ""sel_9th_pre_bid"": ""-618000"", ""sel_8th_pre_req_pre"": ""0"", ""sel_8th_pre_req"": ""10"", ""sel_8th_pre_bid"": ""-617000"", ""sel_7th_pre_req_pre"": ""0"", ""sel_7th_pre_req"": ""32"", ""sel_7th_pre_bid"": ""-616000"", ""sel_6th_pre_req_pre"": ""0"", ""sel_6th_pre_req"": ""27"", ""sel_6th_pre_bid"": ""-615000"", ""sel_5th_pre_req_pre"": ""0"", ""sel_5th_pre_req"": ""29"", ""sel_5th_pre_bid"": ""-614000"", ""sel_4th_pre_req_pre"": ""0"", ""sel_4th_pre_req"": ""15"", ""sel_4th_pre_bid"": ""-613000"", ""sel_3th_pre_req_pre"": ""0"", ""sel_3th_pre_req"": ""16"", ""sel_3th_pre_bid"": ""-612000"", ""sel_2th_pre_req_pre"": ""0"", ""sel_2th_pre_req"": ""24"", ""sel_2th_pre_bid"": ""-611000"", ""sel_1th_pre_req_pre"": ""0"", ""sel_fpr_req"": ""231"", ""sel_fpr_bid"": ""-610000"", ""buy_fpr_bid"": ""-608000"", ""buy_fpr_req"": ""661"", ""buy_1th_pre_req_pre"": ""--12"", ""buy_2th_pre_bid"": ""-607000"", ""buy_2th_pre_req"": ""36"", ""buy_2th_pre_req_pre"": ""0"", ""buy_3th_pre_bid"": ""-606000"", ""buy_3th_pre_req"": ""85"", ""buy_3th_pre_req_pre"": ""0"", ""buy_4th_pre_bid"": ""-605000"", ""buy_4th_pre_req"": ""33"", ""buy_4th_pre_req_pre"": ""0"", ""buy_5th_pre_bid"": ""-604000"", ""buy_5th_pre_req"": ""6"", ""buy_5th_pre_req_pre"": ""0"", ""buy_6th_pre_bid"": ""-603000"", ""buy_6th_pre_req"": ""10"", ""buy_6th_pre_req_pre"": ""0"", ""buy_7th_pre_bid"": ""-602000"", ""buy_7th_pre_req"": ""15"", ""buy_7th_pre_req_pre"": ""0"", ""buy_8th_pre_bid"": ""-601000"", ""buy_8th_pre_req"": ""78"", ""buy_8th_pre_req_pre"": ""0"", ""buy_9th_pre_bid"": ""-600000"", ""buy_9th_pre_req"": ""193"", ""buy_9th_pre_req_pre"": ""0"", ""buy_10th_pre_bid"": ""-599000"", ""buy_10th_pre_req"": ""18"", ""buy_10th_pre_req_pre"": ""0"", ""tot_sel_req_jub_pre"": ""0"", ""tot_sel_req"": ""425"", ""tot_buy_req"": ""1135"", ""tot_buy_req_jub_pre"": ""--12"", ""ovt_sel_req_pre"": ""0"", ""ovt_sel_req"": ""0"", ""ovt_buy_req"": ""0"", ""ovt_buy_req_pre"": ""0"", ""return_code"": 0, ""return_msg"": ""정상적으로 처리되었습니다""}"
2026-06-10,scan_candidate,011070,,0,main_scan,1084000,,1084000,1083000,1084000,1087000,0.18450184501845018,0.09225092250922509,,,,,,"{""bid_req_base_tm"": ""094202"", ""sel_10th_pre_req_pre"": ""0"", ""sel_10th_pre_req"": ""38"", ""sel_10th_pre_bid"": ""-1094000"", ""sel_9th_pre_req_pre"": ""+1"", ""sel_9th_pre_req"": ""2"", ""sel_9th_pre_bid"": ""-1093000"", ""sel_8th_pre_req_pre"": ""0"", ""sel_8th_pre_req"": ""1"", ""sel_8th_pre_bid"": ""-1092000"", ""sel_7th_pre_req_pre"": ""0"", ""sel_7th_pre_req"": ""41"", ""sel_7th_pre_bid"": ""-1091000"", ""sel_6th_pre_req_pre"": ""0"", ""sel_6th_pre_req"": ""34"", ""sel_6th_pre_bid"": ""-1090000"", ""sel_5th_pre_req_pre"": ""0"", ""sel_5th_pre_req"": ""17"", ""sel_5th_pre_bid"": ""-1089000"", ""sel_4th_pre_req_pre"": ""0"", ""sel_4th_pre_req"": ""26"", ""sel_4th_pre_bid"": ""-1088000"", ""sel_3th_pre_req_pre"": ""--10"", ""sel_3th_pre_req"": ""7"", ""sel_3th_pre_bid"": ""-1086000"", ""sel_2th_pre_req_pre"": ""0"", ""sel_2th_pre_req"": ""85"", ""sel_2th_pre_bid"": ""-1085000"", ""sel_1th_pre_req_pre"": ""+10"", ""sel_fpr_req"": ""33"", ""sel_fpr_bid"": ""-1084000"", ""buy_fpr_bid"": ""-1083000"", ""buy_fpr_req"": ""36"", ""buy_1th_pre_req_pre"": ""0"", ""buy_2th_pre_bid"": ""-1081000"", ""buy_2th_pre_req"": ""110"", ""buy_2th_pre_req_pre"": ""0"", ""buy_3th_pre_bid"": ""-1080000"", ""buy_3th_pre_req"": ""313"", ""buy_3th_pre_req_pre"": ""0"", ""buy_4th_pre_bid"": ""-1079000"", ""buy_4th_pre_req"": ""343"", ""buy_4th_pre_req_pre"": ""+10"", ""buy_5th_pre_bid"": ""-1078000"", ""buy_5th_pre_req"": ""128"", ""buy_5th_pre_req_pre"": ""0"", ""buy_6th_pre_bid"": ""-1077000"", ""buy_6th_pre_req"": ""57"", ""buy_6th_pre_req_pre"": ""0"", ""buy_7th_pre_bid"": ""-1076000"", ""buy_7th_pre_req"": ""77"", ""buy_7th_pre_req_pre"": ""0"", ""buy_8th_pre_bid"": ""-1075000"", ""buy_8th_pre_req"": ""129"", ""buy_8th_pre_req_pre"": ""0"", ""buy_9th_pre_bid"": ""-1074000"", ""buy_9th_pre_req"": ""50"", ""buy_9th_pre_req_pre"": ""0"", ""buy_10th_pre_bid"": ""-1073000"", ""buy_10th_pre_req"": ""35"", ""buy_10th_pre_req_pre"": ""0"", ""tot_sel_req_jub_pre"": ""+1"", ""tot_sel_req"": ""284"", ""tot_buy_req"": ""1278"", ""tot_buy_req_jub_pre"": ""+35"", ""ovt_sel_req_pre"": ""0"", ""ovt_sel_req"": ""0"", ""ovt_buy_req"": ""0"", ""ovt_buy_req_pre"": ""0"", ""return_code"": 0, ""return_msg"": ""정상적으로 처리되었습니다""}"
2026-06-10,scan_candidate,042700,,0,main_scan,292000,,292000,291500,292000,291000,-0.5136986301369862,0.17123287671232876,,,,,,"{""bid_req_base_tm"": ""094202"", ""sel_10th_pre_req_pre"": ""0"", ""sel_10th_pre_req"": ""325"", ""sel_10th_pre_bid"": ""+296500"", ""sel_9th_pre_req_pre"": ""0"", ""sel_9th_pre_req"": ""451"", ""sel_9th_pre_bid"": ""+296000"", ""sel_8th_pre_req_pre"": ""0"", ""sel_8th_pre_req"": ""396"", ""sel_8th_pre_bid"": ""+295500"", ""sel_7th_pre_req_pre"": ""0"", ""sel_7th_pre_req"": ""497"", ""sel_7th_pre_bid"": ""+295000"", ""sel_6th_pre_req_pre"": ""0"", ""sel_6th_pre_req"": ""150"", ""sel_6th_pre_bid"": ""+294500"", ""sel_5th_pre_req_pre"": ""0"", ""sel_5th_pre_req"": ""72"", ""sel_5th_pre_bid"": ""+294000"", ""sel_4th_pre_req_pre"": ""0"", ""sel_4th_pre_req"": ""22"", ""sel_4th_pre_bid"": ""+293500"", ""sel_3th_pre_req_pre"": ""0"", ""sel_3th_pre_req"": ""156"", ""sel_3th_pre_bid"": ""+293000"", ""sel_2th_pre_req_pre"": ""0"", ""sel_2th_pre_req"": ""566"", ""sel_2th_pre_bid"": ""+292500"", ""sel_1th_pre_req_pre"": ""0"", ""sel_fpr_req"": ""569"", ""sel_fpr_bid"": ""+292000"", ""buy_fpr_bid"": ""+291500"", ""buy_fpr_req"": ""157"", ""buy_1th_pre_req_pre"": ""--4"", ""buy_2th_pre_bid"": ""+291000"", ""buy_2th_pre_req"": ""200"", ""buy_2th_pre_req_pre"": ""0"", ""buy_3th_pre_bid"": ""+290500"", ""buy_3th_pre_req"": ""201"", ""buy_3th_pre_req_pre"": ""0"", ""buy_4th_pre_bid"": ""+290000"", ""buy_4th_pre_req"": ""94"", ""buy_4th_pre_req_pre"": ""0"", ""buy_5th_pre_bid"": ""+289500"", ""buy_5th_pre_req"": ""157"", ""buy_5th_pre_req_pre"": ""0"", ""buy_6th_pre_bid"": ""+289000"", ""buy_6th_pre_req"": ""308"", ""buy_6th_pre_req_pre"": ""0"", ""buy_7th_pre_bid"": ""+288500"", ""buy_7th_pre_req"": ""291"", ""buy_7th_pre_req_pre"": ""0"", ""buy_8th_pre_bid"": ""+288000"", ""buy_8th_pre_req"": ""452"", ""buy_8th_pre_req_pre"": ""0"", ""buy_9th_pre_bid"": ""+287500"", ""buy_9th_pre_req"": ""110"", ""buy_9th_pre_req_pre"": ""0"", ""buy_10th_pre_bid"": ""+287000"", ""buy_10th_pre_req"": ""240"", ""buy_10th_pre_req_pre"": ""0"", ""tot_sel_req_jub_pre"": ""0"", ""tot_sel_req"": ""3204"", ""tot_buy_req"": ""2210"", ""tot_buy_req_jub_pre"": ""--4"", ""ovt_sel_req_pre"": ""0"", ""ovt_sel_req"": ""0"", ""ovt_buy_req"": ""0"", ""ovt_buy_req_pre"": ""0"", ""return_code"": 0, ""return_msg"": ""정상적으로 처리되었습니다""}"
2026-06-10,scan_candidate,017670,,0,main_scan,107600,,107600,107400,107600,107500,-0.5576208178438662,0.18587360594795538,,,,,,"{""bid_req_base_tm"": ""094202"", ""sel_10th_pre_req_pre"": ""0"", ""sel_10th_pre_req"": ""6234"", ""sel_10th_pre_bid"": ""+108500"", ""sel_9th_pre_req_pre"": ""0"", ""sel_9th_pre_req"": ""505"", ""sel_9th_pre_bid"": ""+108400"", ""sel_8th_pre_req_pre"": ""0"", ""sel_8th_pre_req"": ""94"", ""sel_8th_pre_bid"": ""+108300"", ""sel_7th_pre_req_pre"": ""0"", ""sel_7th_pre_req"": ""316"", ""sel_7th_pre_bid"": ""+108200"", ""sel_6th_pre_req_pre"": ""+101"", ""sel_6th_pre_req"": ""625"", ""sel_6th_pre_bid"": ""108100"", ""sel_5th_pre_req_pre"": ""0"", ""sel_5th_pre_req"": ""771"", ""sel_5th_pre_bid"": ""-108000"", ""sel_4th_pre_req_pre"": ""0"", ""sel_4th_pre_req"": ""248"", ""sel_4th_pre_bid"": ""-107900"", ""sel_3th_pre_req_pre"": ""0"", ""sel_3th_pre_req"": ""281"", ""sel_3th_pre_bid"": ""-107800"", ""sel_2th_pre_req_pre"": ""0"", ""sel_2th_pre_req"": ""79"", ""sel_2th_pre_bid"": ""-107700"", ""sel_1th_pre_req_pre"": ""0"", ""sel_fpr_req"": ""104"", ""sel_fpr_bid"": ""-107600"", ""buy_fpr_bid"": ""-107400"", ""buy_fpr_req"": ""154"", ""buy_1th_pre_req_pre"": ""0"", ""buy_2th_pre_bid"": ""-107300"", ""buy_2th_pre_req"": ""224"", ""buy_2th_pre_req_pre"": ""0"", ""buy_3th_pre_bid"": ""-107200"", ""buy_3th_pre_req"": ""346"", ""buy_3th_pre_req_pre"": ""0"", ""buy_4th_pre_bid"": ""-107100"", ""buy_4th_pre_req"": ""544"", ""buy_4th_pre_req_pre"": ""0"", ""buy_5th_pre_bid"": ""-107000"", ""buy_5th_pre_req"": ""954"", ""buy_5th_pre_req_pre"": ""0"", ""buy_6th_pre_bid"": ""-106900"", ""buy_6th_pre_req"": ""1119"", ""buy_6th_pre_req_pre"": ""0"", ""buy_7th_pre_bid"": ""-106800"", ""buy_7th_pre_req"": ""1129"", ""buy_7th_pre_req_pre"": ""0"", ""buy_8th_pre_bid"": ""-106700"", ""buy_8th_pre_req"": ""721"", ""buy_8th_pre_req_pre"": ""0"", ""buy_9th_pre_bid"": ""-106600"", ""buy_9th_pre_req"": ""1520"", ""buy_9th_pre_req_pre"": ""0"", ""buy_10th_pre_bid"": ""-106500"", ""buy_10th_pre_req"": ""1346"", ""buy_10th_pre_req_pre"": ""0"", ""tot_sel_req_jub_pre"": ""+101"", ""tot_sel_req"": ""9257"", ""tot_buy_req"": ""8057"", ""tot_buy_req_jub_pre"": ""0"", ""ovt_sel_req_pre"": ""0"", ""ovt_sel_req"": ""0"", ""ovt_buy_req"": ""0"", ""ovt_buy_req_pre"": ""0"", ""return_code"": 0, ""return_msg"": ""정상적으로 처리되었습니다""}"
2026-06-10,scan_candidate,018260,,0,main_scan,235500,,235500,235000,235500,237500,0.6369426751592357,0.21231422505307856,,,,,,"{""bid_req_base_tm"": ""094201"", ""sel_10th_pre_req_pre"": ""0"", ""sel_10th_pre_req"": ""334"", ""sel_10th_pre_bid"": ""-240000"", ""sel_9th_pre_req_pre"": ""0"", ""sel_9th_pre_req"": ""66"", ""sel_9th_pre_bid"": ""-239500"", ""sel_8th_pre_req_pre"": ""0"", ""sel_8th_pre_req"": ""63"", ""sel_8th_pre_bid"": ""-239000"", ""sel_7th_pre_req_pre"": ""0"", ""sel_7th_pre_req"": ""43"", ""sel_7th_pre_bid"": ""-238500"", ""sel_6th_pre_req_pre"": ""0"", ""sel_6th_pre_req"": ""71"", ""sel_6th_pre_bid"": ""-238000"", ""sel_5th_pre_req_pre"": ""0"", ""sel_5th_pre_req"": ""102"", ""sel_5th_pre_bid"": ""-237500"", ""sel_4th_pre_req_pre"": ""0"", ""sel_4th_pre_req"": ""135"", ""sel_4th_pre_bid"": ""-237000"", ""sel_3th_pre_req_pre"": ""0"", ""sel_3th_pre_req"": ""19"", ""sel_3th_pre_bid"": ""-236500"", ""sel_2th_pre_req_pre"": ""0"", ""sel_2th_pre_req"": ""117"", ""sel_2th_pre_bid"": ""-236000"", ""sel_1th_pre_req_pre"": ""0"", ""sel_fpr_req"": ""500"", ""sel_fpr_bid"": ""-235500"", ""buy_fpr_bid"": ""-235000"", ""buy_fpr_req"": ""1828"", ""buy_1th_pre_req_pre"": ""0"", ""buy_2th_pre_bid"": ""-234500"", ""buy_2th_pre_req"": ""938"", ""buy_2th_pre_req_pre"": ""0"", ""buy_3th_pre_bid"": ""-234000"", ""buy_3th_pre_req"": ""1018"", ""buy_3th_pre_req_pre"": ""0"", ""buy_4th_pre_bid"": ""-233500"", ""buy_4th_pre_req"": ""685"", ""buy_4th_pre_req_pre"": ""0"", ""buy_5th_pre_bid"": ""-233000"", ""buy_5th_pre_req"": ""1876"", ""buy_5th_pre_req_pre"": ""--100"", ""buy_6th_pre_bid"": ""-232500"", ""buy_6th_pre_req"": ""413"", ""buy_6th_pre_req_pre"": ""0"", ""buy_7th_pre_bid"": ""-232000"", ""buy_7th_pre_req"": ""1321"", ""buy_7th_pre_req_pre"": ""0"", ""buy_8th_pre_bid"": ""-231500"", ""buy_8th_pre_req"": ""445"", ""buy_8th_pre_req_pre"": ""0"", ""buy_9th_pre_bid"": ""-231000"", ""buy_9th_pre_req"": ""1239"", ""buy_9th_pre_req_pre"": ""0"", ""buy_10th_pre_bid"": ""-230500"", ""buy_10th_pre_req"": ""829"", ""buy_10th_pre_req_pre"": ""0"", ""tot_sel_req_jub_pre"": ""0"", ""tot_sel_req"": ""1450"", ""tot_buy_req"": ""10592"", ""tot_buy_req_jub_pre"": ""--100"", ""ovt_sel_req_pre"": ""0"", ""ovt_sel_req"": ""0"", ""ovt_buy_req"": ""0"", ""ovt_buy_req_pre"": ""0"", ""return_code"": 0, ""return_msg"": ""정상적으로 처리되었습니다""}"
2026-06-10,scan_candidate,033780,,0,main_scan,185200,,185200,184600,185200,184500,-0.6479481641468683,0.32397408207343414,,,,,,"{""bid_req_base_tm"": ""094203"", ""sel_10th_pre_req_pre"": ""0"", ""sel_10th_pre_req"": ""147"", ""sel_10th_pre_bid"": ""+186100"", ""sel_9th_pre_req_pre"": ""0"", ""sel_9th_pre_req"": ""764"", ""sel_9th_pre_bid"": ""+186000"", ""sel_8th_pre_req_pre"": ""0"", ""sel_8th_pre_req"": ""117"", ""sel_8th_pre_bid"": ""+185900"", ""sel_7th_pre_req_pre"": ""0"", ""sel_7th_pre_req"": ""184"", ""sel_7th_pre_bid"": ""+185800"", ""sel_6th_pre_req_pre"": ""0"", ""sel_6th_pre_req"": ""196"", ""sel_6th_pre_bid"": ""+185700"", ""sel_5th_pre_req_pre"": ""0"", ""sel_5th_pre_req"": ""339"", ""sel_5th_pre_bid"": ""+185600"", ""sel_4th_pre_req_pre"": ""0"", ""sel_4th_pre_req"": ""708"", ""sel_4th_pre_bid"": ""+185500"", ""sel_3th_pre_req_pre"": ""--66"", ""sel_3th_pre_req"": ""871"", ""sel_3th_pre_bid"": ""+185400"", ""sel_2th_pre_req_pre"": ""0"", ""sel_2th_pre_req"": ""22"", ""sel_2th_pre_bid"": ""+185300"", ""sel_1th_pre_req_pre"": ""0"", ""sel_fpr_req"": ""121"", ""sel_fpr_bid"": ""+185200"", ""buy_fpr_bid"": ""+184600"", ""buy_fpr_req"": ""126"", ""buy_1th_pre_req_pre"": ""0"", ""buy_2th_pre_bid"": ""+184500"", ""buy_2th_pre_req"": ""244"", ""buy_2th_pre_req_pre"": ""0"", ""buy_3th_pre_bid"": ""+184400"", ""buy_3th_pre_req"": ""158"", ""buy_3th_pre_req_pre"": ""0"", ""buy_4th_pre_bid"": ""184300"", ""buy_4th_pre_req"": ""406"", ""buy_4th_pre_req_pre"": ""0"", ""buy_5th_pre_bid"": ""-184200"", ""buy_5th_pre_req"": ""260"", ""buy_5th_pre_req_pre"": ""0"", ""buy_6th_pre_bid"": ""-184100"", ""buy_6th_pre_req"": ""359"", ""buy_6th_pre_req_pre"": ""0"", ""buy_7th_pre_bid"": ""-184000"", ""buy_7th_pre_req"": ""24"", ""buy_7th_pre_req_pre"": ""0"", ""buy_8th_pre_bid"": ""-183900"", ""buy_8th_pre_req"": ""20"", ""buy_8th_pre_req_pre"": ""0"", ""buy_9th_pre_bid"": ""-183700"", ""buy_9th_pre_req"": ""2"", ""buy_9th_pre_req_pre"": ""0"", ""buy_10th_pre_bid"": ""-183500"", ""buy_10th_pre_req"": ""4"", ""buy_10th_pre_req_pre"": ""0"", ""tot_sel_req_jub_pre"": ""--66"", ""tot_sel_req"": ""3469"", ""tot_buy_req"": ""1603"", ""tot_buy_req_jub_pre"": ""0"", ""ovt_sel_req_pre"": ""0"", ""ovt_sel_req"": ""0"", ""ovt_buy_req"": ""0"", ""ovt_buy_req_pre"": ""0"", ""return_code"": 0, ""return_msg"": ""정상적으로 처리되었습니다""}"
2026-06-10,scan_candidate,307950,,0,main_scan,702000,,702000,701000,702000,706000,0.4273504273504274,0.14245014245014245,,,,,,"{""bid_req_base_tm"": ""094202"", ""sel_10th_pre_req_pre"": ""0"", ""sel_10th_pre_req"": ""20"", ""sel_10th_pre_bid"": ""+711000"", ""sel_9th_pre_req_pre"": ""0"", ""sel_9th_pre_req"": ""55"", ""sel_9th_pre_bid"": ""+710000"", ""sel_8th_pre_req_pre"": ""0"", ""sel_8th_pre_req"": ""96"", ""sel_8th_pre_bid"": ""+709000"", ""sel_7th_pre_req_pre"": ""0"", ""sel_7th_pre_req"": ""8"", ""sel_7th_pre_bid"": ""+708000"", ""sel_6th_pre_req_pre"": ""0"", ""sel_6th_pre_req"": ""8"", ""sel_6th_pre_bid"": ""+707000"", ""sel_5th_pre_req_pre"": ""0"", ""sel_5th_pre_req"": ""14"", ""sel_5th_pre_bid"": ""+706000"", ""sel_4th_pre_req_pre"": ""0"", ""sel_4th_pre_req"": ""87"", ""sel_4th_pre_bid"": ""+705000"", ""sel_3th_pre_req_pre"": ""0"", ""sel_3th_pre_req"": ""71"", ""sel_3th_pre_bid"": ""+704000"", ""sel_2th_pre_req_pre"": ""0"", ""sel_2th_pre_req"": ""36"", ""sel_2th_pre_bid"": ""+703000"", ""sel_1th_pre_req_pre"": ""0"", ""sel_fpr_req"": ""92"", ""sel_fpr_bid"": ""+702000"", ""buy_fpr_bid"": ""+701000"", ""buy_fpr_req"": ""1196"", ""buy_1th_pre_req_pre"": ""0"", ""buy_2th_pre_bid"": ""+700000"", ""buy_2th_pre_req"": ""563"", ""buy_2th_pre_req_pre"": ""0"", ""buy_3th_pre_bid"": ""+699000"", ""buy_3th_pre_req"": ""392"", ""buy_3th_pre_req_pre"": ""0"", ""buy_4th_pre_bid"": ""+698000"", ""buy_4th_pre_req"": ""231"", ""buy_4th_pre_req_pre"": ""0"", ""buy_5th_pre_bid"": ""+697000"", ""buy_5th_pre_req"": ""143"", ""buy_5th_pre_req_pre"": ""0"", ""buy_6th_pre_bid"": ""+696000"", ""buy_6th_pre_req"": ""131"", ""buy_6th_pre_req_pre"": ""0"", ""buy_7th_pre_bid"": ""+695000"", ""buy_7th_pre_req"": ""148"", ""buy_7th_pre_req_pre"": ""0"", ""buy_8th_pre_bid"": ""+694000"", ""buy_8th_pre_req"": ""46"", ""buy_8th_pre_req_pre"": ""0"", ""buy_9th_pre_bid"": ""+693000"", ""buy_9th_pre_req"": ""39"", ""buy_9th_pre_req_pre"": ""0"", ""buy_10th_pre_bid"": ""+692000"", ""buy_10th_pre_req"": ""42"", ""buy_10th_pre_req_pre"": ""0"", ""tot_sel_req_jub_pre"": ""0"", ""tot_sel_req"": ""487"", ""tot_buy_req"": ""2931"", ""tot_buy_req_jub_pre"": ""0"", ""ovt_sel_req_pre"": ""0"", ""ovt_sel_req"": ""0"", ""ovt_buy_req"": ""0"", ""ovt_buy_req_pre"": ""0"", ""return_code"": 0, ""return_msg"": ""정상적으로 처리되었습니다""}"
2026-06-10,scan_candidate,138040,,0,main_scan,108100,,108100,107900,108100,108000,-0.5550416281221091,0.18501387604070307,,,,,,"{""bid_req_base_tm"": ""094200"", ""sel_10th_pre_req_pre"": ""0"", ""sel_10th_pre_req"": ""201"", ""sel_10th_pre_bid"": ""+109300"", ""sel_9th_pre_req_pre"": ""0"", ""sel_9th_pre_req"": ""12"", ""sel_9th_pre_bid"": ""+109200"", ""sel_8th_pre_req_pre"": ""0"", ""sel_8th_pre_req"": ""26"", ""sel_8th_pre_bid"": ""109100"", ""sel_7th_pre_req_pre"": ""0"", ""sel_7th_pre_req"": ""533"", ""sel_7th_pre_bid"": ""-109000"", ""sel_6th_pre_req_pre"": ""0"", ""sel_6th_pre_req"": ""2"", ""sel_6th_pre_bid"": ""-108900"", ""sel_5th_pre_req_pre"": ""0"", ""sel_5th_pre_req"": ""1"", ""sel_5th_pre_bid"": ""-108600"", ""sel_4th_pre_req_pre"": ""0"", ""sel_4th_pre_req"": ""40"", ""sel_4th_pre_bid"": ""-108500"", ""sel_3th_pre_req_pre"": ""0"", ""sel_3th_pre_req"": ""17"", ""sel_3th_pre_bid"": ""-108300"", ""sel_2th_pre_req_pre"": ""0"", ""sel_2th_pre_req"": ""491"", ""sel_2th_pre_bid"": ""-108200"", ""sel_1th_pre_req_pre"": ""+4"", ""sel_fpr_req"": ""182"", ""sel_fpr_bid"": ""-108100"", ""buy_fpr_bid"": ""-107900"", ""buy_fpr_req"": ""629"", ""buy_1th_pre_req_pre"": ""0"", ""buy_2th_pre_bid"": ""-107800"", ""buy_2th_pre_req"": ""609"", ""buy_2th_pre_req_pre"": ""0"", ""buy_3th_pre_bid"": ""-107700"", ""buy_3th_pre_req"": ""133"", ""buy_3th_pre_req_pre"": ""0"", ""buy_4th_pre_bid"": ""-107600"", ""buy_4th_pre_req"": ""34"", ""buy_4th_pre_req_pre"": ""0"", ""buy_5th_pre_bid"": ""-107500"", ""buy_5th_pre_req"": ""754"", ""buy_5th_pre_req_pre"": ""0"", ""buy_6th_pre_bid"": ""-107400"", ""buy_6th_pre_req"": ""325"", ""buy_6th_pre_req_pre"": ""0"", ""buy_7th_pre_bid"": ""-107300"", ""buy_7th_pre_req"": ""128"", ""buy_7th_pre_req_pre"": ""0"", ""buy_8th_pre_bid"": ""-107200"", ""buy_8th_pre_req"": ""184"", ""buy_8th_pre_req_pre"": ""0"", ""buy_9th_pre_bid"": ""-107100"", ""buy_9th_pre_req"": ""674"", ""buy_9th_pre_req_pre"": ""0"", ""buy_10th_pre_bid"": ""-107000"", ""buy_10th_pre_req"": ""237"", ""buy_10th_pre_req_pre"": ""0"", ""tot_sel_req_jub_pre"": ""+4"", ""tot_sel_req"": ""1505"", ""tot_buy_req"": ""3707"", ""tot_buy_req_jub_pre"": ""0"", ""ovt_sel_req_pre"": ""0"", ""ovt_sel_req"": ""0"", ""ovt_buy_req"": ""0"", ""ovt_buy_req_pre"": ""0"", ""return_code"": 0, ""return_msg"": ""정상적으로 처리되었습니다""}"
2026-06-10,scan_candidate,003550,,0,main_scan,108900,,108900,108800,108900,108500,-0.8264462809917356,0.09182736455463728,,,,,,"{""bid_req_base_tm"": ""094203"", ""sel_10th_pre_req_pre"": ""0"", ""sel_10th_pre_req"": ""25"", ""sel_10th_pre_bid"": ""-109800"", ""sel_9th_pre_req_pre"": ""0"", ""sel_9th_pre_req"": ""1"", ""sel_9th_pre_bid"": ""-109700"", ""sel_8th_pre_req_pre"": ""0"", ""sel_8th_pre_req"": ""598"", ""sel_8th_pre_bid"": ""-109600"", ""sel_7th_pre_req_pre"": ""0"", ""sel_7th_pre_req"": ""265"", ""sel_7th_pre_bid"": ""-109500"", ""sel_6th_pre_req_pre"": ""0"", ""sel_6th_pre_req"": ""82"", ""sel_6th_pre_bid"": ""-109400"", ""sel_5th_pre_req_pre"": ""0"", ""sel_5th_pre_req"": ""413"", ""sel_5th_pre_bid"": ""-109300"", ""sel_4th_pre_req_pre"": ""0"", ""sel_4th_pre_req"": ""54"", ""sel_4th_pre_bid"": ""-109200"", ""sel_3th_pre_req_pre"": ""0"", ""sel_3th_pre_req"": ""125"", ""sel_3th_pre_bid"": ""-109100"", ""sel_2th_pre_req_pre"": ""0"", ""sel_2th_pre_req"": ""381"", ""sel_2th_pre_bid"": ""-109000"", ""sel_1th_pre_req_pre"": ""0"", ""sel_fpr_req"": ""659"", ""sel_fpr_bid"": ""-108900"", ""buy_fpr_bid"": ""-108800"", ""buy_fpr_req"": ""73"", ""buy_1th_pre_req_pre"": ""0"", ""buy_2th_pre_bid"": ""-108700"", ""buy_2th_pre_req"": ""120"", ""buy_2th_pre_req_pre"": ""0"", ""buy_3th_pre_bid"": ""-108600"", ""buy_3th_pre_req"": ""23"", ""buy_3th_pre_req_pre"": ""+3"", ""buy_4th_pre_bid"": ""-108500"", ""buy_4th_pre_req"": ""76"", ""buy_4th_pre_req_pre"": ""0"", ""buy_5th_pre_bid"": ""-108400"", ""buy_5th_pre_req"": ""212"", ""buy_5th_pre_req_pre"": ""0"", ""buy_6th_pre_bid"": ""-108300"", ""buy_6th_pre_req"": ""42"", ""buy_6th_pre_req_pre"": ""0"", ""buy_7th_pre_bid"": ""-108200"", ""buy_7th_pre_req"": ""69"", ""buy_7th_pre_req_pre"": ""0"", ""buy_8th_pre_bid"": ""-108100"", ""buy_8th_pre_req"": ""48"", ""buy_8th_pre_req_pre"": ""0"", ""buy_9th_pre_bid"": ""-108000"", ""buy_9th_pre_req"": ""372"", ""buy_9th_pre_req_pre"": ""0"", ""buy_10th_pre_bid"": ""-107900"", ""buy_10th_pre_req"": ""6"", ""buy_10th_pre_req_pre"": ""0"", ""tot_sel_req_jub_pre"": ""0"", ""tot_sel_req"": ""2603"", ""tot_buy_req"": ""1041"", ""tot_buy_req_jub_pre"": ""+3"", ""ovt_sel_req_pre"": ""0"", ""ovt_sel_req"": ""0"", ""ovt_buy_req"": ""0"", ""ovt_buy_req_pre"": ""0"", ""return_code"": 0, ""return_msg"": ""정상적으로 처리되었습니다""}"
2026-06-10,scan_candidate,024110,,0,main_scan,20900,,20900,20850,20900,20750,-0.9569377990430622,0.23923444976076555,,,,,,"{""bid_req_base_tm"": ""094203"", ""sel_10th_pre_req_pre"": ""0"", ""sel_10th_pre_req"": ""3478"", ""sel_10th_pre_bid"": ""+21350"", ""sel_9th_pre_req_pre"": ""0"", ""sel_9th_pre_req"": ""7986"", ""sel_9th_pre_bid"": ""+21300"", ""sel_8th_pre_req_pre"": ""0"", ""sel_8th_pre_req"": ""6794"", ""sel_8th_pre_bid"": ""+21250"", ""sel_7th_pre_req_pre"": ""0"", ""sel_7th_pre_req"": ""9295"", ""sel_7th_pre_bid"": ""+21200"", ""sel_6th_pre_req_pre"": ""0"", ""sel_6th_pre_req"": ""6692"", ""sel_6th_pre_bid"": ""+21150"", ""sel_5th_pre_req_pre"": ""0"", ""sel_5th_pre_req"": ""12545"", ""sel_5th_pre_bid"": ""+21100"", ""sel_4th_pre_req_pre"": ""0"", ""sel_4th_pre_req"": ""9519"", ""sel_4th_pre_bid"": ""+21050"", ""sel_3th_pre_req_pre"": ""0"", ""sel_3th_pre_req"": ""16903"", ""sel_3th_pre_bid"": ""+21000"", ""sel_2th_pre_req_pre"": ""0"", ""sel_2th_pre_req"": ""7121"", ""sel_2th_pre_bid"": ""+20950"", ""sel_1th_pre_req_pre"": ""0"", ""sel_fpr_req"": ""6347"", ""sel_fpr_bid"": ""+20900"", ""buy_fpr_bid"": ""+20850"", ""buy_fpr_req"": ""847"", ""buy_1th_pre_req_pre"": ""+28"", ""buy_2th_pre_bid"": ""+20800"", ""buy_2th_pre_req"": ""2533"", ""buy_2th_pre_req_pre"": ""0"", ""buy_3th_pre_bid"": ""+20750"", ""buy_3th_pre_req"": ""3735"", ""buy_3th_pre_req_pre"": ""0"", ""buy_4th_pre_bid"": ""+20700"", ""buy_4th_pre_req"": ""1110"", ""buy_4th_pre_req_pre"": ""0"", ""buy_5th_pre_bid"": ""+20650"", ""buy_5th_pre_req"": ""1641"", ""buy_5th_pre_req_pre"": ""0"", ""buy_6th_pre_bid"": ""+20600"", ""buy_6th_pre_req"": ""1818"", ""buy_6th_pre_req_pre"": ""0"", ""buy_7th_pre_bid"": ""20550"", ""buy_7th_pre_req"": ""1622"", ""buy_7th_pre_req_pre"": ""0"", ""buy_8th_pre_bid"": ""-20500"", ""buy_8th_pre_req"": ""1456"", ""buy_8th_pre_req_pre"": ""0"", ""buy_9th_pre_bid"": ""-20450"", ""buy_9th_pre_req"": ""1243"", ""buy_9th_pre_req_pre"": ""0"", ""buy_10th_pre_bid"": ""-20400"", ""buy_10th_pre_req"": ""27248"", ""buy_10th_pre_req_pre"": ""0"", ""tot_sel_req_jub_pre"": ""0"", ""tot_sel_req"": ""86680"", ""tot_buy_req"": ""43253"", ""tot_buy_req_jub_pre"": ""+28"", ""ovt_sel_req_pre"": ""0"", ""ovt_sel_req"": ""0"", ""ovt_buy_req"": ""0"", ""ovt_buy_req_pre"": ""0"", ""return_code"": 0, ""return_msg"": ""정상적으로 처리되었습니다""}"
2026-06-10,scan_candidate,079550,,0,main_scan,780000,,780000,779000,780000,782000,0.1282051282051282,0.1282051282051282,,,,,,"{""bid_req_base_tm"": ""094203"", ""sel_10th_pre_req_pre"": ""0"", ""sel_10th_pre_req"": ""107"", ""sel_10th_pre_bid"": ""+790000"", ""sel_9th_pre_req_pre"": ""0"", ""sel_9th_pre_req"": ""100"", ""sel_9th_pre_bid"": ""+789000"", ""sel_8th_pre_req_pre"": ""0"", ""sel_8th_pre_req"": ""123"", ""sel_8th_pre_bid"": ""+788000"", ""sel_7th_pre_req_pre"": ""0"", ""sel_7th_pre_req"": ""21"", ""sel_7th_pre_bid"": ""+787000"", ""sel_6th_pre_req_pre"": ""0"", ""sel_6th_pre_req"": ""15"", ""sel_6th_pre_bid"": ""+786000"", ""sel_5th_pre_req_pre"": ""0"", ""sel_5th_pre_req"": ""17"", ""sel_5th_pre_bid"": ""+785000"", ""sel_4th_pre_req_pre"": ""0"", ""sel_4th_pre_req"": ""11"", ""sel_4th_pre_bid"": ""+784000"", ""sel_3th_pre_req_pre"": ""0"", ""sel_3th_pre_req"": ""1"", ""sel_3th_pre_bid"": ""+782000"", ""sel_2th_pre_req_pre"": ""0"", ""sel_2th_pre_req"": ""152"", ""sel_2th_pre_bid"": ""+781000"", ""sel_1th_pre_req_pre"": ""0"", ""sel_fpr_req"": ""18"", ""sel_fpr_bid"": ""+780000"", ""buy_fpr_bid"": ""+779000"", ""buy_fpr_req"": ""31"", ""buy_1th_pre_req_pre"": ""+25"", ""buy_2th_pre_bid"": ""+778000"", ""buy_2th_pre_req"": ""130"", ""buy_2th_pre_req_pre"": ""--29"", ""buy_3th_pre_bid"": ""+777000"", ""buy_3th_pre_req"": ""259"", ""buy_3th_pre_req_pre"": ""0"", ""buy_4th_pre_bid"": ""+776000"", ""buy_4th_pre_req"": ""79"", ""buy_4th_pre_req_pre"": ""0"", ""buy_5th_pre_bid"": ""+775000"", ""buy_5th_pre_req"": ""122"", ""buy_5th_pre_req_pre"": ""0"", ""buy_6th_pre_bid"": ""+774000"", ""buy_6th_pre_req"": ""20"", ""buy_6th_pre_req_pre"": ""0"", ""buy_7th_pre_bid"": ""+773000"", ""buy_7th_pre_req"": ""110"", ""buy_7th_pre_req_pre"": ""0"", ""buy_8th_pre_bid"": ""+772000"", ""buy_8th_pre_req"": ""55"", ""buy_8th_pre_req_pre"": ""0"", ""buy_9th_pre_bid"": ""+771000"", ""buy_9th_pre_req"": ""39"", ""buy_9th_pre_req_pre"": ""0"", ""buy_10th_pre_bid"": ""+770000"", ""buy_10th_pre_req"": ""317"", ""buy_10th_pre_req_pre"": ""0"", ""tot_sel_req_jub_pre"": ""0"", ""tot_sel_req"": ""565"", ""tot_buy_req"": ""1162"", ""tot_buy_req_jub_pre"": ""--4"", ""ovt_sel_req_pre"": ""0"", ""ovt_sel_req"": ""0"", ""ovt_buy_req"": ""0"", ""ovt_buy_req_pre"": ""0"", ""return_code"": 0, ""return_msg"": ""정상적으로 처리되었습니다""}"
2026-06-10,scan_candidate,278470,,0,main_scan,414500,,414500,414000,414500,413000,-0.48250904704463204,0.12062726176115801,,,,,,"{""bid_req_base_tm"": ""094203"", ""sel_10th_pre_req_pre"": ""0"", ""sel_10th_pre_req"": ""366"", ""sel_10th_pre_bid"": ""+419000"", ""sel_9th_pre_req_pre"": ""0"", ""sel_9th_pre_req"": ""195"", ""sel_9th_pre_bid"": ""+418500"", ""sel_8th_pre_req_pre"": ""0"", ""sel_8th_pre_req"": ""310"", ""sel_8th_pre_bid"": ""+418000"", ""sel_7th_pre_req_pre"": ""0"", ""sel_7th_pre_req"": ""238"", ""sel_7th_pre_bid"": ""+417500"", ""sel_6th_pre_req_pre"": ""0"", ""sel_6th_pre_req"": ""952"", ""sel_6th_pre_bid"": ""+417000"", ""sel_5th_pre_req_pre"": ""0"", ""sel_5th_pre_req"": ""14"", ""sel_5th_pre_bid"": ""+416500"", ""sel_4th_pre_req_pre"": ""0"", ""sel_4th_pre_req"": ""97"", ""sel_4th_pre_bid"": ""+416000"", ""sel_3th_pre_req_pre"": ""0"", ""sel_3th_pre_req"": ""98"", ""sel_3th_pre_bid"": ""+415500"", ""sel_2th_pre_req_pre"": ""0"", ""sel_2th_pre_req"": ""73"", ""sel_2th_pre_bid"": ""+415000"", ""sel_1th_pre_req_pre"": ""0"", ""sel_fpr_req"": ""206"", ""sel_fpr_bid"": ""+414500"", ""buy_fpr_bid"": ""+414000"", ""buy_fpr_req"": ""35"", ""buy_1th_pre_req_pre"": ""--3"", ""buy_2th_pre_bid"": ""+413500"", ""buy_2th_pre_req"": ""8"", ""buy_2th_pre_req_pre"": ""0"", ""buy_3th_pre_bid"": ""+413000"", ""buy_3th_pre_req"": ""17"", ""buy_3th_pre_req_pre"": ""0"", ""buy_4th_pre_bid"": ""+412500"", ""buy_4th_pre_req"": ""22"", ""buy_4th_pre_req_pre"": ""0"", ""buy_5th_pre_bid"": ""+412000"", ""buy_5th_pre_req"": ""48"", ""buy_5th_pre_req_pre"": ""0"", ""buy_6th_pre_bid"": ""+411500"", ""buy_6th_pre_req"": ""57"", ""buy_6th_pre_req_pre"": ""0"", ""buy_7th_pre_bid"": ""+411000"", ""buy_7th_pre_req"": ""150"", ""buy_7th_pre_req_pre"": ""0"", ""buy_8th_pre_bid"": ""+410500"", ""buy_8th_pre_req"": ""21"", ""buy_8th_pre_req_pre"": ""0"", ""buy_9th_pre_bid"": ""+410000"", ""buy_9th_pre_req"": ""210"", ""buy_9th_pre_req_pre"": ""0"", ""buy_10th_pre_bid"": ""+409500"", ""buy_10th_pre_req"": ""8"", ""buy_10th_pre_req_pre"": ""0"", ""tot_sel_req_jub_pre"": ""0"", ""tot_sel_req"": ""2549"", ""tot_buy_req"": ""576"", ""tot_buy_req_jub_pre"": ""--3"", ""ovt_sel_req_pre"": ""0"", ""ovt_sel_req"": ""0"", ""ovt_buy_req"": ""0"", ""ovt_buy_req_pre"": ""0"", ""return_code"": 0, ""return_msg"": ""정상적으로 처리되었습니다""}"
2026-06-10,scan_candidate,030200,,0,main_scan,54000,,54000,53900,54000,53900,-0.3703703703703704,0.1851851851851852,,,,,,"{""bid_req_base_tm"": ""094204"", ""sel_10th_pre_req_pre"": ""0"", ""sel_10th_pre_req"": ""1224"", ""sel_10th_pre_bid"": ""+54900"", ""sel_9th_pre_req_pre"": ""0"", ""sel_9th_pre_req"": ""807"", ""sel_9th_pre_bid"": ""+54800"", ""sel_8th_pre_req_pre"": ""0"", ""sel_8th_pre_req"": ""661"", ""sel_8th_pre_bid"": ""+54700"", ""sel_7th_pre_req_pre"": ""0"", ""sel_7th_pre_req"": ""486"", ""sel_7th_pre_bid"": ""+54600"", ""sel_6th_pre_req_pre"": ""0"", ""sel_6th_pre_req"": ""1033"", ""sel_6th_pre_bid"": ""+54500"", ""sel_5th_pre_req_pre"": ""0"", ""sel_5th_pre_req"": ""757"", ""sel_5th_pre_bid"": ""+54400"", ""sel_4th_pre_req_pre"": ""0"", ""sel_4th_pre_req"": ""2330"", ""sel_4th_pre_bid"": ""+54300"", ""sel_3th_pre_req_pre"": ""0"", ""sel_3th_pre_req"": ""513"", ""sel_3th_pre_bid"": ""+54200"", ""sel_2th_pre_req_pre"": ""0"", ""sel_2th_pre_req"": ""800"", ""sel_2th_pre_bid"": ""+54100"", ""sel_1th_pre_req_pre"": ""0"", ""sel_fpr_req"": ""130"", ""sel_fpr_bid"": ""+54000"", ""buy_fpr_bid"": ""+53900"", ""buy_fpr_req"": ""5"", ""buy_1th_pre_req_pre"": ""--10"", ""buy_2th_pre_bid"": ""-53700"", ""buy_2th_pre_req"": ""380"", ""buy_2th_pre_req_pre"": ""0"", ""buy_3th_pre_bid"": ""-53600"", ""buy_3th_pre_req"": ""719"", ""buy_3th_pre_req_pre"": ""0"", ""buy_4th_pre_bid"": ""-53500"", ""buy_4th_pre_req"": ""758"", ""buy_4th_pre_req_pre"": ""0"", ""buy_5th_pre_bid"": ""-53400"", ""buy_5th_pre_req"": ""678"", ""buy_5th_pre_req_pre"": ""0"", ""buy_6th_pre_bid"": ""-53300"", ""buy_6th_pre_req"": ""1187"", ""buy_6th_pre_req_pre"": ""0"", ""buy_7th_pre_bid"": ""-53200"", ""buy_7th_pre_req"": ""2973"", ""buy_7th_pre_req_pre"": ""0"", ""buy_8th_pre_bid"": ""-53100"", ""buy_8th_pre_req"": ""1620"", ""buy_8th_pre_req_pre"": ""0"", ""buy_9th_pre_bid"": ""-53000"", ""buy_9th_pre_req"": ""1189"", ""buy_9th_pre_req_pre"": ""0"", ""buy_10th_pre_bid"": ""-52900"", ""buy_10th_pre_req"": ""190"", ""buy_10th_pre_req_pre"": ""0"", ""tot_sel_req_jub_pre"": ""0"", ""tot_sel_req"": ""8741"", ""tot_buy_req"": ""9699"", ""tot_buy_req_jub_pre"": ""--10"", ""ovt_sel_req_pre"": ""0"", ""ovt_sel_req"": ""0"", ""ovt_buy_req"": ""0"", ""ovt_buy_req_pre"": ""0"", ""return_code"": 0, ""return_msg"": ""정상적으로 처리되었습니다""}"
2026-06-10,scan_candidate,010950,,0,main_scan,110800,,110800,110600,110800,110500,-0.7220216606498195,0.18050541516245489,,,,,,"{""bid_req_base_tm"": ""094204"", ""sel_10th_pre_req_pre"": ""0"", ""sel_10th_pre_req"": ""278"", ""sel_10th_pre_bid"": ""+111800"", ""sel_9th_pre_req_pre"": ""0"", ""sel_9th_pre_req"": ""47"", ""sel_9th_pre_bid"": ""+111700"", ""sel_8th_pre_req_pre"": ""0"", ""sel_8th_pre_req"": ""10"", ""sel_8th_pre_bid"": ""+111600"", ""sel_7th_pre_req_pre"": ""0"", ""sel_7th_pre_req"": ""33"", ""sel_7th_pre_bid"": ""+111500"", ""sel_6th_pre_req_pre"": ""0"", ""sel_6th_pre_req"": ""16"", ""sel_6th_pre_bid"": ""+111400"", ""sel_5th_pre_req_pre"": ""0"", ""sel_5th_pre_req"": ""1"", ""sel_5th_pre_bid"": ""+111300"", ""sel_4th_pre_req_pre"": ""0"", ""sel_4th_pre_req"": ""200"", ""sel_4th_pre_bid"": ""+111200"", ""sel_3th_pre_req_pre"": ""0"", ""sel_3th_pre_req"": ""41"", ""sel_3th_pre_bid"": ""+111100"", ""sel_2th_pre_req_pre"": ""0"", ""sel_2th_pre_req"": ""203"", ""sel_2th_pre_bid"": ""+111000"", ""sel_1th_pre_req_pre"": ""0"", ""sel_fpr_req"": ""161"", ""sel_fpr_bid"": ""-110800"", ""buy_fpr_bid"": ""-110600"", ""buy_fpr_req"": ""98"", ""buy_1th_pre_req_pre"": ""0"", ""buy_2th_pre_bid"": ""-110500"", ""buy_2th_pre_req"": ""84"", ""buy_2th_pre_req_pre"": ""+12"", ""buy_3th_pre_bid"": ""-110400"", ""buy_3th_pre_req"": ""94"", ""buy_3th_pre_req_pre"": ""0"", ""buy_4th_pre_bid"": ""-110300"", ""buy_4th_pre_req"": ""93"", ""buy_4th_pre_req_pre"": ""0"", ""buy_5th_pre_bid"": ""-110100"", ""buy_5th_pre_req"": ""691"", ""buy_5th_pre_req_pre"": ""0"", ""buy_6th_pre_bid"": ""-110000"", ""buy_6th_pre_req"": ""113"", ""buy_6th_pre_req_pre"": ""0"", ""buy_7th_pre_bid"": ""-109900"", ""buy_7th_pre_req"": ""53"", ""buy_7th_pre_req_pre"": ""0"", ""buy_8th_pre_bid"": ""-109800"", ""buy_8th_pre_req"": ""2"", ""buy_8th_pre_req_pre"": ""0"", ""buy_9th_pre_bid"": ""-109500"", ""buy_9th_pre_req"": ""2"", ""buy_9th_pre_req_pre"": ""0"", ""buy_10th_pre_bid"": ""-109400"", ""buy_10th_pre_req"": ""1"", ""buy_10th_pre_req_pre"": ""0"", ""tot_sel_req_jub_pre"": ""0"", ""tot_sel_req"": ""990"", ""tot_buy_req"": ""1231"", ""tot_buy_req_jub_pre"": ""+12"", ""ovt_sel_req_pre"": ""0"", ""ovt_sel_req"": ""0"", ""ovt_buy_req"": ""0"", ""ovt_buy_req_pre"": ""0"", ""return_code"": 0, ""return_msg"": ""정상적으로 처리되었습니다""}"
2026-06-10,scan_candidate,323410,,0,main_scan,24650,,24650,24600,24650,24450,-1.0141987829614605,0.2028397565922921,,,,,,"{""bid_req_base_tm"": ""094204"", ""sel_10th_pre_req_pre"": ""+1"", ""sel_10th_pre_req"": ""1253"", ""sel_10th_pre_bid"": ""+25100"", ""sel_9th_pre_req_pre"": ""0"", ""sel_9th_pre_req"": ""3122"", ""sel_9th_pre_bid"": ""+25050"", ""sel_8th_pre_req_pre"": ""0"", ""sel_8th_pre_req"": ""10302"", ""sel_8th_pre_bid"": ""+25000"", ""sel_7th_pre_req_pre"": ""0"", ""sel_7th_pre_req"": ""2959"", ""sel_7th_pre_bid"": ""+24950"", ""sel_6th_pre_req_pre"": ""0"", ""sel_6th_pre_req"": ""2829"", ""sel_6th_pre_bid"": ""+24900"", ""sel_5th_pre_req_pre"": ""0"", ""sel_5th_pre_req"": ""2700"", ""sel_5th_pre_bid"": ""+24850"", ""sel_4th_pre_req_pre"": ""0"", ""sel_4th_pre_req"": ""5927"", ""sel_4th_pre_bid"": ""+24800"", ""sel_3th_pre_req_pre"": ""0"", ""sel_3th_pre_req"": ""5039"", ""sel_3th_pre_bid"": ""+24750"", ""sel_2th_pre_req_pre"": ""0"", ""sel_2th_pre_req"": ""4347"", ""sel_2th_pre_bid"": ""+24700"", ""sel_1th_pre_req_pre"": ""0"", ""sel_fpr_req"": ""4960"", ""sel_fpr_bid"": ""+24650"", ""buy_fpr_bid"": ""+24600"", ""buy_fpr_req"": ""1243"", ""buy_1th_pre_req_pre"": ""0"", ""buy_2th_pre_bid"": ""+24550"", ""buy_2th_pre_req"": ""422"", ""buy_2th_pre_req_pre"": ""0"", ""buy_3th_pre_bid"": ""+24500"", ""buy_3th_pre_req"": ""433"", ""buy_3th_pre_req_pre"": ""0"", ""buy_4th_pre_bid"": ""+24450"", ""buy_4th_pre_req"": ""59"", ""buy_4th_pre_req_pre"": ""0"", ""buy_5th_pre_bid"": ""24400"", ""buy_5th_pre_req"": ""2808"", ""buy_5th_pre_req_pre"": ""0"", ""buy_6th_pre_bid"": ""-24350"", ""buy_6th_pre_req"": ""1447"", ""buy_6th_pre_req_pre"": ""0"", ""buy_7th_pre_bid"": ""-24300"", ""buy_7th_pre_req"": ""1403"", ""buy_7th_pre_req_pre"": ""0"", ""buy_8th_pre_bid"": ""-24250"", ""buy_8th_pre_req"": ""2955"", ""buy_8th_pre_req_pre"": ""0"", ""buy_9th_pre_bid"": ""-24200"", ""buy_9th_pre_req"": ""994"", ""buy_9th_pre_req_pre"": ""0"", ""buy_10th_pre_bid"": ""-24150"", ""buy_10th_pre_req"": ""192"", ""buy_10th_pre_req_pre"": ""0"", ""tot_sel_req_jub_pre"": ""+1"", ""tot_sel_req"": ""43438"", ""tot_buy_req"": ""11956"", ""tot_buy_req_jub_pre"": ""0"", ""ovt_sel_req_pre"": ""0"", ""ovt_sel_req"": ""0"", ""ovt_buy_req"": ""0"", ""ovt_buy_req_pre"": ""0"", ""return_code"": 0, ""return_msg"": ""정상적으로 처리되었습니다""}"
2026-06-10,scan_candidate,064400,,0,main_scan,96700,,96700,96400,96700,96800,0.0,0.3102378490175801,,,,,,"{""bid_req_base_tm"": ""094205"", ""sel_10th_pre_req_pre"": ""0"", ""sel_10th_pre_req"": ""206"", ""sel_10th_pre_bid"": ""-97600"", ""sel_9th_pre_req_pre"": ""0"", ""sel_9th_pre_req"": ""759"", ""sel_9th_pre_bid"": ""-97500"", ""sel_8th_pre_req_pre"": ""0"", ""sel_8th_pre_req"": ""37"", ""sel_8th_pre_bid"": ""-97400"", ""sel_7th_pre_req_pre"": ""0"", ""sel_7th_pre_req"": ""57"", ""sel_7th_pre_bid"": ""-97300"", ""sel_6th_pre_req_pre"": ""0"", ""sel_6th_pre_req"": ""124"", ""sel_6th_pre_bid"": ""-97200"", ""sel_5th_pre_req_pre"": ""0"", ""sel_5th_pre_req"": ""3"", ""sel_5th_pre_bid"": ""-97100"", ""sel_4th_pre_req_pre"": ""0"", ""sel_4th_pre_req"": ""74"", ""sel_4th_pre_bid"": ""-97000"", ""sel_3th_pre_req_pre"": ""0"", ""sel_3th_pre_req"": ""115"", ""sel_3th_pre_bid"": ""-96900"", ""sel_2th_pre_req_pre"": ""0"", ""sel_2th_pre_req"": ""120"", ""sel_2th_pre_bid"": ""-96800"", ""sel_1th_pre_req_pre"": ""0"", ""sel_fpr_req"": ""58"", ""sel_fpr_bid"": ""-96700"", ""buy_fpr_bid"": ""-96400"", ""buy_fpr_req"": ""110"", ""buy_1th_pre_req_pre"": ""0"", ""buy_2th_pre_bid"": ""-96300"", ""buy_2th_pre_req"": ""223"", ""buy_2th_pre_req_pre"": ""0"", ""buy_3th_pre_bid"": ""-96200"", ""buy_3th_pre_req"": ""262"", ""buy_3th_pre_req_pre"": ""--467"", ""buy_4th_pre_bid"": ""-96100"", ""buy_4th_pre_req"": ""934"", ""buy_4th_pre_req_pre"": ""0"", ""buy_5th_pre_bid"": ""-96000"", ""buy_5th_pre_req"": ""9188"", ""buy_5th_pre_req_pre"": ""0"", ""buy_6th_pre_bid"": ""-95900"", ""buy_6th_pre_req"": ""371"", ""buy_6th_pre_req_pre"": ""0"", ""buy_7th_pre_bid"": ""-95800"", ""buy_7th_pre_req"": ""550"", ""buy_7th_pre_req_pre"": ""0"", ""buy_8th_pre_bid"": ""-95700"", ""buy_8th_pre_req"": ""1165"", ""buy_8th_pre_req_pre"": ""0"", ""buy_9th_pre_bid"": ""-95600"", ""buy_9th_pre_req"": ""399"", ""buy_9th_pre_req_pre"": ""+5"", ""buy_10th_pre_bid"": ""-95500"", ""buy_10th_pre_req"": ""2703"", ""buy_10th_pre_req_pre"": ""0"", ""tot_sel_req_jub_pre"": ""0"", ""tot_sel_req"": ""1553"", ""tot_buy_req"": ""15905"", ""tot_buy_req_jub_pre"": ""--462"", ""ovt_sel_req_pre"": ""0"", ""ovt_sel_req"": ""0"", ""ovt_buy_req"": ""0"", ""ovt_buy_req_pre"": ""0"", ""return_code"": 0, ""return_msg"": ""정상적으로 처리되었습니다""}"
2026-06-10,scan_candidate,003490,,0,main_scan,25500,,25500,25400,25500,25300,-0.9803921568627451,0.39215686274509803,,,,,,"{""bid_req_base_tm"": ""094204"", ""sel_10th_pre_req_pre"": ""0"", ""sel_10th_pre_req"": ""22760"", ""sel_10th_pre_bid"": ""+25950"", ""sel_9th_pre_req_pre"": ""0"", ""sel_9th_pre_req"": ""16692"", ""sel_9th_pre_bid"": ""+25900"", ""sel_8th_pre_req_pre"": ""0"", ""sel_8th_pre_req"": ""8602"", ""sel_8th_pre_bid"": ""+25850"", ""sel_7th_pre_req_pre"": ""0"", ""sel_7th_pre_req"": ""7707"", ""sel_7th_pre_bid"": ""+25800"", ""sel_6th_pre_req_pre"": ""0"", ""sel_6th_pre_req"": ""19416"", ""sel_6th_pre_bid"": ""+25750"", ""sel_5th_pre_req_pre"": ""0"", ""sel_5th_pre_req"": ""14894"", ""sel_5th_pre_bid"": ""+25700"", ""sel_4th_pre_req_pre"": ""0"", ""sel_4th_pre_req"": ""6169"", ""sel_4th_pre_bid"": ""+25650"", ""sel_3th_pre_req_pre"": ""0"", ""sel_3th_pre_req"": ""3511"", ""sel_3th_pre_bid"": ""+25600"", ""sel_2th_pre_req_pre"": ""0"", ""sel_2th_pre_req"": ""1462"", ""sel_2th_pre_bid"": ""+25550"", ""sel_1th_pre_req_pre"": ""0"", ""sel_fpr_req"": ""5196"", ""sel_fpr_bid"": ""+25500"", ""buy_fpr_bid"": ""+25400"", ""buy_fpr_req"": ""3913"", ""buy_1th_pre_req_pre"": ""0"", ""buy_2th_pre_bid"": ""+25350"", ""buy_2th_pre_req"": ""2305"", ""buy_2th_pre_req_pre"": ""0"", ""buy_3th_pre_bid"": ""+25300"", ""buy_3th_pre_req"": ""4492"", ""buy_3th_pre_req_pre"": ""0"", ""buy_4th_pre_bid"": ""+25250"", ""buy_4th_pre_req"": ""1801"", ""buy_4th_pre_req_pre"": ""0"", ""buy_5th_pre_bid"": ""+25200"", ""buy_5th_pre_req"": ""1038"", ""buy_5th_pre_req_pre"": ""0"", ""buy_6th_pre_bid"": ""+25150"", ""buy_6th_pre_req"": ""1416"", ""buy_6th_pre_req_pre"": ""0"", ""buy_7th_pre_bid"": ""+25100"", ""buy_7th_pre_req"": ""2850"", ""buy_7th_pre_req_pre"": ""0"", ""buy_8th_pre_bid"": ""+25050"", ""buy_8th_pre_req"": ""759"", ""buy_8th_pre_req_pre"": ""0"", ""buy_9th_pre_bid"": ""+25000"", ""buy_9th_pre_req"": ""3163"", ""buy_9th_pre_req_pre"": ""0"", ""buy_10th_pre_bid"": ""+24950"", ""buy_10th_pre_req"": ""890"", ""buy_10th_pre_req_pre"": ""0"", ""tot_sel_req_jub_pre"": ""0"", ""tot_sel_req"": ""106409"", ""tot_buy_req"": ""22627"", ""tot_buy_req_jub_pre"": ""0"", ""ovt_sel_req_pre"": ""0"", ""ovt_sel_req"": ""0"", ""ovt_buy_req"": ""0"", ""ovt_buy_req_pre"": ""0"", ""return_code"": 0, ""return_msg"": ""정상적으로 처리되었습니다""}"
2026-06-10,scan_candidate,161390,,0,main_scan,71800,,71800,71700,71800,72100,0.2785515320334262,0.1392757660167131,,,,,,"{""bid_req_base_tm"": ""094204"", ""sel_10th_pre_req_pre"": ""0"", ""sel_10th_pre_req"": ""2"", ""sel_10th_pre_bid"": ""-72800"", ""sel_9th_pre_req_pre"": ""0"", ""sel_9th_pre_req"": ""112"", ""sel_9th_pre_bid"": ""-72700"", ""sel_8th_pre_req_pre"": ""0"", ""sel_8th_pre_req"": ""74"", ""sel_8th_pre_bid"": ""-72600"", ""sel_7th_pre_req_pre"": ""0"", ""sel_7th_pre_req"": ""264"", ""sel_7th_pre_bid"": ""-72500"", ""sel_6th_pre_req_pre"": ""0"", ""sel_6th_pre_req"": ""93"", ""sel_6th_pre_bid"": ""-72400"", ""sel_5th_pre_req_pre"": ""0"", ""sel_5th_pre_req"": ""23"", ""sel_5th_pre_bid"": ""-72300"", ""sel_4th_pre_req_pre"": ""0"", ""sel_4th_pre_req"": ""3"", ""sel_4th_pre_bid"": ""-72200"", ""sel_3th_pre_req_pre"": ""0"", ""sel_3th_pre_req"": ""259"", ""sel_3th_pre_bid"": ""-72100"", ""sel_2th_pre_req_pre"": ""0"", ""sel_2th_pre_req"": ""34"", ""sel_2th_pre_bid"": ""-71900"", ""sel_1th_pre_req_pre"": ""0"", ""sel_fpr_req"": ""229"", ""sel_fpr_bid"": ""-71800"", ""buy_fpr_bid"": ""-71700"", ""buy_fpr_req"": ""483"", ""buy_1th_pre_req_pre"": ""+6"", ""buy_2th_pre_bid"": ""-71600"", ""buy_2th_pre_req"": ""557"", ""buy_2th_pre_req_pre"": ""0"", ""buy_3th_pre_bid"": ""-71500"", ""buy_3th_pre_req"": ""141"", ""buy_3th_pre_req_pre"": ""0"", ""buy_4th_pre_bid"": ""-71400"", ""buy_4th_pre_req"": ""65"", ""buy_4th_pre_req_pre"": ""0"", ""buy_5th_pre_bid"": ""-71300"", ""buy_5th_pre_req"": ""35"", ""buy_5th_pre_req_pre"": ""0"", ""buy_6th_pre_bid"": ""-71200"", ""buy_6th_pre_req"": ""47"", ""buy_6th_pre_req_pre"": ""0"", ""buy_7th_pre_bid"": ""-71100"", ""buy_7th_pre_req"": ""227"", ""buy_7th_pre_req_pre"": ""0"", ""buy_8th_pre_bid"": ""-71000"", ""buy_8th_pre_req"": ""966"", ""buy_8th_pre_req_pre"": ""0"", ""buy_9th_pre_bid"": ""-70900"", ""buy_9th_pre_req"": ""2021"", ""buy_9th_pre_req_pre"": ""0"", ""buy_10th_pre_bid"": ""-70800"", ""buy_10th_pre_req"": ""109"", ""buy_10th_pre_req_pre"": ""0"", ""tot_sel_req_jub_pre"": ""0"", ""tot_sel_req"": ""1093"", ""tot_buy_req"": ""4651"", ""tot_buy_req_jub_pre"": ""+6"", ""ovt_sel_req_pre"": ""0"", ""ovt_sel_req"": ""0"", ""ovt_buy_req"": ""0"", ""ovt_buy_req_pre"": ""0"", ""return_code"": 0, ""return_msg"": ""정상적으로 처리되었습니다""}"
2026-06-10,scan_candidate,180640,,0,main_scan,117200,,117200,116700,117200,116500,-1.023890784982935,0.42662116040955633,,,,,,"{""bid_req_base_tm"": ""094205"", ""sel_10th_pre_req_pre"": ""0"", ""sel_10th_pre_req"": ""15"", ""sel_10th_pre_bid"": ""+118100"", ""sel_9th_pre_req_pre"": ""0"", ""sel_9th_pre_req"": ""21"", ""sel_9th_pre_bid"": ""+118000"", ""sel_8th_pre_req_pre"": ""0"", ""sel_8th_pre_req"": ""3"", ""sel_8th_pre_bid"": ""+117900"", ""sel_7th_pre_req_pre"": ""0"", ""sel_7th_pre_req"": ""5"", ""sel_7th_pre_bid"": ""+117800"", ""sel_6th_pre_req_pre"": ""0"", ""sel_6th_pre_req"": ""6"", ""sel_6th_pre_bid"": ""+117700"", ""sel_5th_pre_req_pre"": ""0"", ""sel_5th_pre_req"": ""5"", ""sel_5th_pre_bid"": ""+117600"", ""sel_4th_pre_req_pre"": ""0"", ""sel_4th_pre_req"": ""6"", ""sel_4th_pre_bid"": ""+117500"", ""sel_3th_pre_req_pre"": ""0"", ""sel_3th_pre_req"": ""344"", ""sel_3th_pre_bid"": ""+117400"", ""sel_2th_pre_req_pre"": ""0"", ""sel_2th_pre_req"": ""16"", ""sel_2th_pre_bid"": ""+117300"", ""sel_1th_pre_req_pre"": ""0"", ""sel_fpr_req"": ""13"", ""sel_fpr_bid"": ""+117200"", ""buy_fpr_bid"": ""+116700"", ""buy_fpr_req"": ""6"", ""buy_1th_pre_req_pre"": ""0"", ""buy_2th_pre_bid"": ""+116600"", ""buy_2th_pre_req"": ""214"", ""buy_2th_pre_req_pre"": ""0"", ""buy_3th_pre_bid"": ""+116500"", ""buy_3th_pre_req"": ""18"", ""buy_3th_pre_req_pre"": ""0"", ""buy_4th_pre_bid"": ""+116400"", ""buy_4th_pre_req"": ""12"", ""buy_4th_pre_req_pre"": ""0"", ""buy_5th_pre_bid"": ""+116000"", ""buy_5th_pre_req"": ""5"", ""buy_5th_pre_req_pre"": ""0"", ""buy_6th_pre_bid"": ""+115500"", ""buy_6th_pre_req"": ""100"", ""buy_6th_pre_req_pre"": ""0"", ""buy_7th_pre_bid"": ""+115400"", ""buy_7th_pre_req"": ""106"", ""buy_7th_pre_req_pre"": ""0"", ""buy_8th_pre_bid"": ""+115300"", ""buy_8th_pre_req"": ""1"", ""buy_8th_pre_req_pre"": ""0"", ""buy_9th_pre_bid"": ""+115200"", ""buy_9th_pre_req"": ""601"", ""buy_9th_pre_req_pre"": ""0"", ""buy_10th_pre_bid"": ""+115100"", ""buy_10th_pre_req"": ""101"", ""buy_10th_pre_req_pre"": ""+1"", ""tot_sel_req_jub_pre"": ""0"", ""tot_sel_req"": ""434"", ""tot_buy_req"": ""1164"", ""tot_buy_req_jub_pre"": ""+1"", ""ovt_sel_req_pre"": ""0"", ""ovt_sel_req"": ""0"", ""ovt_buy_req"": ""0"", ""ovt_buy_req_pre"": ""0"", ""return_code"": 0, ""return_msg"": ""정상적으로 처리되었습니다""}"
2026-06-10,scan_candidate,454910,,0,main_scan,111400,,111400,111300,111400,111500,-0.3590664272890485,0.08976660682226212,,,,,,"{""bid_req_base_tm"": ""094205"", ""sel_10th_pre_req_pre"": ""0"", ""sel_10th_pre_req"": ""389"", ""sel_10th_pre_bid"": ""-112300"", ""sel_9th_pre_req_pre"": ""0"", ""sel_9th_pre_req"": ""149"", ""sel_9th_pre_bid"": ""-112200"", ""sel_8th_pre_req_pre"": ""0"", ""sel_8th_pre_req"": ""167"", ""sel_8th_pre_bid"": ""-112100"", ""sel_7th_pre_req_pre"": ""0"", ""sel_7th_pre_req"": ""1617"", ""sel_7th_pre_bid"": ""-112000"", ""sel_6th_pre_req_pre"": ""0"", ""sel_6th_pre_req"": ""183"", ""sel_6th_pre_bid"": ""-111900"", ""sel_5th_pre_req_pre"": ""0"", ""sel_5th_pre_req"": ""516"", ""sel_5th_pre_bid"": ""-111800"", ""sel_4th_pre_req_pre"": ""0"", ""sel_4th_pre_req"": ""1060"", ""sel_4th_pre_bid"": ""-111700"", ""sel_3th_pre_req_pre"": ""0"", ""sel_3th_pre_req"": ""653"", ""sel_3th_pre_bid"": ""-111600"", ""sel_2th_pre_req_pre"": ""0"", ""sel_2th_pre_req"": ""679"", ""sel_2th_pre_bid"": ""-111500"", ""sel_1th_pre_req_pre"": ""0"", ""sel_fpr_req"": ""1804"", ""sel_fpr_bid"": ""-111400"", ""buy_fpr_bid"": ""-111300"", ""buy_fpr_req"": ""133"", ""buy_1th_pre_req_pre"": ""0"", ""buy_2th_pre_bid"": ""-111200"", ""buy_2th_pre_req"": ""4671"", ""buy_2th_pre_req_pre"": ""0"", ""buy_3th_pre_bid"": ""-111100"", ""buy_3th_pre_req"": ""2132"", ""buy_3th_pre_req_pre"": ""0"", ""buy_4th_pre_bid"": ""-111000"", ""buy_4th_pre_req"": ""5674"", ""buy_4th_pre_req_pre"": ""0"", ""buy_5th_pre_bid"": ""-110900"", ""buy_5th_pre_req"": ""580"", ""buy_5th_pre_req_pre"": ""0"", ""buy_6th_pre_bid"": ""-110800"", ""buy_6th_pre_req"": ""632"", ""buy_6th_pre_req_pre"": ""0"", ""buy_7th_pre_bid"": ""-110700"", ""buy_7th_pre_req"": ""705"", ""buy_7th_pre_req_pre"": ""0"", ""buy_8th_pre_bid"": ""-110600"", ""buy_8th_pre_req"": ""546"", ""buy_8th_pre_req_pre"": ""0"", ""buy_9th_pre_bid"": ""-110500"", ""buy_9th_pre_req"": ""773"", ""buy_9th_pre_req_pre"": ""0"", ""buy_10th_pre_bid"": ""-110400"", ""buy_10th_pre_req"": ""243"", ""buy_10th_pre_req_pre"": ""0"", ""tot_sel_req_jub_pre"": ""0"", ""tot_sel_req"": ""7217"", ""tot_buy_req"": ""16089"", ""tot_buy_req_jub_pre"": ""0"", ""ovt_sel_req_pre"": ""0"", ""ovt_sel_req"": ""0"", ""ovt_buy_req"": ""0"", ""ovt_buy_req_pre"": ""0"", ""return_code"": 0, ""return_msg"": ""정상적으로 처리되었습니다""}"
2026-06-10,scan_candidate,353200,,0,main_scan,156800,,156800,156300,156800,156000,-0.8290816326530612,0.31887755102040816,,,,,,"{""bid_req_base_tm"": ""094206"", ""sel_10th_pre_req_pre"": ""0"", ""sel_10th_pre_req"": ""144"", ""sel_10th_pre_bid"": ""+157800"", ""sel_9th_pre_req_pre"": ""0"", ""sel_9th_pre_req"": ""78"", ""sel_9th_pre_bid"": ""+157700"", ""sel_8th_pre_req_pre"": ""0"", ""sel_8th_pre_req"": ""16"", ""sel_8th_pre_bid"": ""+157600"", ""sel_7th_pre_req_pre"": ""0"", ""sel_7th_pre_req"": ""868"", ""sel_7th_pre_bid"": ""+157500"", ""sel_6th_pre_req_pre"": ""0"", ""sel_6th_pre_req"": ""204"", ""sel_6th_pre_bid"": ""+157400"", ""sel_5th_pre_req_pre"": ""0"", ""sel_5th_pre_req"": ""24"", ""sel_5th_pre_bid"": ""+157300"", ""sel_4th_pre_req_pre"": ""0"", ""sel_4th_pre_req"": ""18"", ""sel_4th_pre_bid"": ""+157200"", ""sel_3th_pre_req_pre"": ""0"", ""sel_3th_pre_req"": ""19"", ""sel_3th_pre_bid"": ""+157000"", ""sel_2th_pre_req_pre"": ""0"", ""sel_2th_pre_req"": ""1"", ""sel_2th_pre_bid"": ""+156900"", ""sel_1th_pre_req_pre"": ""+4"", ""sel_fpr_req"": ""181"", ""sel_fpr_bid"": ""+156800"", ""buy_fpr_bid"": ""+156300"", ""buy_fpr_req"": ""80"", ""buy_1th_pre_req_pre"": ""0"", ""buy_2th_pre_bid"": ""+156100"", ""buy_2th_pre_req"": ""21"", ""buy_2th_pre_req_pre"": ""0"", ""buy_3th_pre_bid"": ""+156000"", ""buy_3th_pre_req"": ""3"", ""buy_3th_pre_req_pre"": ""0"", ""buy_4th_pre_bid"": ""+155900"", ""buy_4th_pre_req"": ""14"", ""buy_4th_pre_req_pre"": ""0"", ""buy_5th_pre_bid"": ""+155800"", ""buy_5th_pre_req"": ""3"", ""buy_5th_pre_req_pre"": ""0"", ""buy_6th_pre_bid"": ""+155700"", ""buy_6th_pre_req"": ""360"", ""buy_6th_pre_req_pre"": ""0"", ""buy_7th_pre_bid"": ""+155600"", ""buy_7th_pre_req"": ""65"", ""buy_7th_pre_req_pre"": ""0"", ""buy_8th_pre_bid"": ""+155500"", ""buy_8th_pre_req"": ""142"", ""buy_8th_pre_req_pre"": ""0"", ""buy_9th_pre_bid"": ""+155400"", ""buy_9th_pre_req"": ""170"", ""buy_9th_pre_req_pre"": ""0"", ""buy_10th_pre_bid"": ""+155300"", ""buy_10th_pre_req"": ""199"", ""buy_10th_pre_req_pre"": ""0"", ""tot_sel_req_jub_pre"": ""+4"", ""tot_sel_req"": ""1553"", ""tot_buy_req"": ""1057"", ""tot_buy_req_jub_pre"": ""0"", ""ovt_sel_req_pre"": ""0"", ""ovt_sel_req"": ""0"", ""ovt_buy_req"": ""0"", ""ovt_buy_req_pre"": ""0"", ""return_code"": 0, ""return_msg"": ""정상적으로 처리되었습니다""}"
2026-06-10,scan_candidate,326030,,0,main_scan,88200,,88200,87900,88200,88500,0.22675736961451248,0.3401360544217687,,,,,,"{""bid_req_base_tm"": ""094205"", ""sel_10th_pre_req_pre"": ""0"", ""sel_10th_pre_req"": ""20"", ""sel_10th_pre_bid"": ""-89200"", ""sel_9th_pre_req_pre"": ""0"", ""sel_9th_pre_req"": ""12"", ""sel_9th_pre_bid"": ""-89100"", ""sel_8th_pre_req_pre"": ""0"", ""sel_8th_pre_req"": ""40"", ""sel_8th_pre_bid"": ""-89000"", ""sel_7th_pre_req_pre"": ""0"", ""sel_7th_pre_req"": ""153"", ""sel_7th_pre_bid"": ""-88800"", ""sel_6th_pre_req_pre"": ""0"", ""sel_6th_pre_req"": ""8"", ""sel_6th_pre_bid"": ""-88700"", ""sel_5th_pre_req_pre"": ""0"", ""sel_5th_pre_req"": ""1"", ""sel_5th_pre_bid"": ""-88600"", ""sel_4th_pre_req_pre"": ""0"", ""sel_4th_pre_req"": ""3"", ""sel_4th_pre_bid"": ""-88500"", ""sel_3th_pre_req_pre"": ""0"", ""sel_3th_pre_req"": ""3"", ""sel_3th_pre_bid"": ""-88400"", ""sel_2th_pre_req_pre"": ""--1"", ""sel_2th_pre_req"": ""65"", ""sel_2th_pre_bid"": ""-88300"", ""sel_1th_pre_req_pre"": ""+1"", ""sel_fpr_req"": ""35"", ""sel_fpr_bid"": ""-88200"", ""buy_fpr_bid"": ""-87900"", ""buy_fpr_req"": ""322"", ""buy_1th_pre_req_pre"": ""0"", ""buy_2th_pre_bid"": ""-87800"", ""buy_2th_pre_req"": ""40"", ""buy_2th_pre_req_pre"": ""--1"", ""buy_3th_pre_bid"": ""-87700"", ""buy_3th_pre_req"": ""221"", ""buy_3th_pre_req_pre"": ""0"", ""buy_4th_pre_bid"": ""-87600"", ""buy_4th_pre_req"": ""92"", ""buy_4th_pre_req_pre"": ""0"", ""buy_5th_pre_bid"": ""-87500"", ""buy_5th_pre_req"": ""101"", ""buy_5th_pre_req_pre"": ""0"", ""buy_6th_pre_bid"": ""-87400"", ""buy_6th_pre_req"": ""196"", ""buy_6th_pre_req_pre"": ""0"", ""buy_7th_pre_bid"": ""-87300"", ""buy_7th_pre_req"": ""420"", ""buy_7th_pre_req_pre"": ""0"", ""buy_8th_pre_bid"": ""-87200"", ""buy_8th_pre_req"": ""445"", ""buy_8th_pre_req_pre"": ""--1"", ""buy_9th_pre_bid"": ""-87100"", ""buy_9th_pre_req"": ""466"", ""buy_9th_pre_req_pre"": ""0"", ""buy_10th_pre_bid"": ""-87000"", ""buy_10th_pre_req"": ""884"", ""buy_10th_pre_req_pre"": ""0"", ""tot_sel_req_jub_pre"": ""0"", ""tot_sel_req"": ""340"", ""tot_buy_req"": ""3187"", ""tot_buy_req_jub_pre"": ""--2"", ""ovt_sel_req_pre"": ""0"", ""ovt_sel_req"": ""0"", ""ovt_buy_req"": ""0"", ""ovt_buy_req_pre"": ""0"", ""return_code"": 0, ""return_msg"": ""정상적으로 처리되었습니다""}"
2026-06-10,scan_candidate,034220,,0,main_scan,13100,,13100,13090,13100,13100,-0.38167938931297707,0.07633587786259542,,,,,,"{""bid_req_base_tm"": ""094206"", ""sel_10th_pre_req_pre"": ""0"", ""sel_10th_pre_req"": ""56"", ""sel_10th_pre_bid"": ""-13190"", ""sel_9th_pre_req_pre"": ""0"", ""sel_9th_pre_req"": ""891"", ""sel_9th_pre_bid"": ""-13180"", ""sel_8th_pre_req_pre"": ""0"", ""sel_8th_pre_req"": ""2096"", ""sel_8th_pre_bid"": ""-13170"", ""sel_7th_pre_req_pre"": ""0"", ""sel_7th_pre_req"": ""1128"", ""sel_7th_pre_bid"": ""-13160"", ""sel_6th_pre_req_pre"": ""0"", ""sel_6th_pre_req"": ""1066"", ""sel_6th_pre_bid"": ""-13150"", ""sel_5th_pre_req_pre"": ""0"", ""sel_5th_pre_req"": ""16"", ""sel_5th_pre_bid"": ""-13140"", ""sel_4th_pre_req_pre"": ""0"", ""sel_4th_pre_req"": ""802"", ""sel_4th_pre_bid"": ""-13130"", ""sel_3th_pre_req_pre"": ""0"", ""sel_3th_pre_req"": ""19"", ""sel_3th_pre_bid"": ""-13120"", ""sel_2th_pre_req_pre"": ""0"", ""sel_2th_pre_req"": ""20356"", ""sel_2th_pre_bid"": ""-13110"", ""sel_1th_pre_req_pre"": ""+1350"", ""sel_fpr_req"": ""2008"", ""sel_fpr_bid"": ""-13100"", ""buy_fpr_bid"": ""-13090"", ""buy_fpr_req"": ""1"", ""buy_1th_pre_req_pre"": ""0"", ""buy_2th_pre_bid"": ""-13080"", ""buy_2th_pre_req"": ""3460"", ""buy_2th_pre_req_pre"": ""0"", ""buy_3th_pre_bid"": ""-13070"", ""buy_3th_pre_req"": ""8899"", ""buy_3th_pre_req_pre"": ""+2"", ""buy_4th_pre_bid"": ""-13060"", ""buy_4th_pre_req"": ""4342"", ""buy_4th_pre_req_pre"": ""0"", ""buy_5th_pre_bid"": ""-13050"", ""buy_5th_pre_req"": ""27739"", ""buy_5th_pre_req_pre"": ""0"", ""buy_6th_pre_bid"": ""-13040"", ""buy_6th_pre_req"": ""4329"", ""buy_6th_pre_req_pre"": ""0"", ""buy_7th_pre_bid"": ""-13030"", ""buy_7th_pre_req"": ""13302"", ""buy_7th_pre_req_pre"": ""--50"", ""buy_8th_pre_bid"": ""-13020"", ""buy_8th_pre_req"": ""12957"", ""buy_8th_pre_req_pre"": ""0"", ""buy_9th_pre_bid"": ""-13010"", ""buy_9th_pre_req"": ""18798"", ""buy_9th_pre_req_pre"": ""0"", ""buy_10th_pre_bid"": ""-13000"", ""buy_10th_pre_req"": ""120379"", ""buy_10th_pre_req_pre"": ""0"", ""tot_sel_req_jub_pre"": ""+1350"", ""tot_sel_req"": ""28438"", ""tot_buy_req"": ""214206"", ""tot_buy_req_jub_pre"": ""--9841"", ""ovt_sel_req_pre"": ""0"", ""ovt_sel_req"": ""0"", ""ovt_buy_req"": ""0"", ""ovt_buy_req_pre"": ""0"", ""return_code"": 0, ""return_msg"": ""정상적으로 처리되었습니다""}"
2026-06-10,scan_candidate,267270,,0,main_scan,147700,,147700,147500,147700,147000,-0.8124576844955992,0.13540961408259986,,,,,,"{""bid_req_base_tm"": ""094205"", ""sel_10th_pre_req_pre"": ""0"", ""sel_10th_pre_req"": ""80"", ""sel_10th_pre_bid"": ""+148600"", ""sel_9th_pre_req_pre"": ""0"", ""sel_9th_pre_req"": ""63"", ""sel_9th_pre_bid"": ""+148500"", ""sel_8th_pre_req_pre"": ""0"", ""sel_8th_pre_req"": ""70"", ""sel_8th_pre_bid"": ""+148400"", ""sel_7th_pre_req_pre"": ""0"", ""sel_7th_pre_req"": ""1"", ""sel_7th_pre_bid"": ""+148300"", ""sel_6th_pre_req_pre"": ""0"", ""sel_6th_pre_req"": ""50"", ""sel_6th_pre_bid"": ""+148200"", ""sel_5th_pre_req_pre"": ""0"", ""sel_5th_pre_req"": ""200"", ""sel_5th_pre_bid"": ""+148100"", ""sel_4th_pre_req_pre"": ""0"", ""sel_4th_pre_req"": ""28"", ""sel_4th_pre_bid"": ""+148000"", ""sel_3th_pre_req_pre"": ""0"", ""sel_3th_pre_req"": ""8"", ""sel_3th_pre_bid"": ""+147900"", ""sel_2th_pre_req_pre"": ""0"", ""sel_2th_pre_req"": ""23"", ""sel_2th_pre_bid"": ""+147800"", ""sel_1th_pre_req_pre"": ""0"", ""sel_fpr_req"": ""100"", ""sel_fpr_bid"": ""+147700"", ""buy_fpr_bid"": ""+147500"", ""buy_fpr_req"": ""30"", ""buy_1th_pre_req_pre"": ""0"", ""buy_2th_pre_bid"": ""+147400"", ""buy_2th_pre_req"": ""25"", ""buy_2th_pre_req_pre"": ""0"", ""buy_3th_pre_bid"": ""+147200"", ""buy_3th_pre_req"": ""10"", ""buy_3th_pre_req_pre"": ""0"", ""buy_4th_pre_bid"": ""+147100"", ""buy_4th_pre_req"": ""2"", ""buy_4th_pre_req_pre"": ""0"", ""buy_5th_pre_bid"": ""+147000"", ""buy_5th_pre_req"": ""16"", ""buy_5th_pre_req_pre"": ""0"", ""buy_6th_pre_bid"": ""+146700"", ""buy_6th_pre_req"": ""3"", ""buy_6th_pre_req_pre"": ""0"", ""buy_7th_pre_bid"": ""+146600"", ""buy_7th_pre_req"": ""15"", ""buy_7th_pre_req_pre"": ""0"", ""buy_8th_pre_bid"": ""+146500"", ""buy_8th_pre_req"": ""18"", ""buy_8th_pre_req_pre"": ""0"", ""buy_9th_pre_bid"": ""+146300"", ""buy_9th_pre_req"": ""22"", ""buy_9th_pre_req_pre"": ""0"", ""buy_10th_pre_bid"": ""+146200"", ""buy_10th_pre_req"": ""41"", ""buy_10th_pre_req_pre"": ""0"", ""tot_sel_req_jub_pre"": ""0"", ""tot_sel_req"": ""623"", ""tot_buy_req"": ""182"", ""tot_buy_req_jub_pre"": ""0"", ""ovt_sel_req_pre"": ""0"", ""ovt_sel_req"": ""0"", ""ovt_buy_req"": ""0"", ""ovt_buy_req_pre"": ""0"", ""return_code"": 0, ""return_msg"": ""정상적으로 처리되었습니다""}"
2026-06-10,scan_candidate,062040,,0,main_scan,223500,,223500,223000,223500,224500,0.22371364653243847,0.22371364653243847,,,,,,"{""bid_req_base_tm"": ""094206"", ""sel_10th_pre_req_pre"": ""0"", ""sel_10th_pre_req"": ""2"", ""sel_10th_pre_bid"": ""+228000"", ""sel_9th_pre_req_pre"": ""0"", ""sel_9th_pre_req"": ""17"", ""sel_9th_pre_bid"": ""+227500"", ""sel_8th_pre_req_pre"": ""0"", ""sel_8th_pre_req"": ""8"", ""sel_8th_pre_bid"": ""+227000"", ""sel_7th_pre_req_pre"": ""0"", ""sel_7th_pre_req"": ""169"", ""sel_7th_pre_bid"": ""+226500"", ""sel_6th_pre_req_pre"": ""0"", ""sel_6th_pre_req"": ""86"", ""sel_6th_pre_bid"": ""+226000"", ""sel_5th_pre_req_pre"": ""0"", ""sel_5th_pre_req"": ""32"", ""sel_5th_pre_bid"": ""+225500"", ""sel_4th_pre_req_pre"": ""0"", ""sel_4th_pre_req"": ""29"", ""sel_4th_pre_bid"": ""225000"", ""sel_3th_pre_req_pre"": ""0"", ""sel_3th_pre_req"": ""26"", ""sel_3th_pre_bid"": ""-224500"", ""sel_2th_pre_req_pre"": ""0"", ""sel_2th_pre_req"": ""113"", ""sel_2th_pre_bid"": ""-224000"", ""sel_1th_pre_req_pre"": ""0"", ""sel_fpr_req"": ""116"", ""sel_fpr_bid"": ""-223500"", ""buy_fpr_bid"": ""-223000"", ""buy_fpr_req"": ""172"", ""buy_1th_pre_req_pre"": ""--2"", ""buy_2th_pre_bid"": ""-222500"", ""buy_2th_pre_req"": ""115"", ""buy_2th_pre_req_pre"": ""0"", ""buy_3th_pre_bid"": ""-222000"", ""buy_3th_pre_req"": ""281"", ""buy_3th_pre_req_pre"": ""0"", ""buy_4th_pre_bid"": ""-221500"", ""buy_4th_pre_req"": ""135"", ""buy_4th_pre_req_pre"": ""0"", ""buy_5th_pre_bid"": ""-221000"", ""buy_5th_pre_req"": ""322"", ""buy_5th_pre_req_pre"": ""0"", ""buy_6th_pre_bid"": ""-220500"", ""buy_6th_pre_req"": ""494"", ""buy_6th_pre_req_pre"": ""0"", ""buy_7th_pre_bid"": ""-220000"", ""buy_7th_pre_req"": ""264"", ""buy_7th_pre_req_pre"": ""0"", ""buy_8th_pre_bid"": ""-219500"", ""buy_8th_pre_req"": ""47"", ""buy_8th_pre_req_pre"": ""0"", ""buy_9th_pre_bid"": ""-219000"", ""buy_9th_pre_req"": ""125"", ""buy_9th_pre_req_pre"": ""0"", ""buy_10th_pre_bid"": ""-218500"", ""buy_10th_pre_req"": ""226"", ""buy_10th_pre_req_pre"": ""0"", ""tot_sel_req_jub_pre"": ""0"", ""tot_sel_req"": ""598"", ""tot_buy_req"": ""2181"", ""tot_buy_req_jub_pre"": ""--2"", ""ovt_sel_req_pre"": ""0"", ""ovt_sel_req"": ""0"", ""ovt_buy_req"": ""0"", ""ovt_buy_req_pre"": ""0"", ""return_code"": 0, ""return_msg"": ""정상적으로 처리되었습니다""}"
2026-06-10,scan_candidate,078930,,0,main_scan,72900,,72900,72800,72900,73100,0.1371742112482853,0.1371742112482853,,,,,,"{""bid_req_base_tm"": ""094205"", ""sel_10th_pre_req_pre"": ""0"", ""sel_10th_pre_req"": ""1"", ""sel_10th_pre_bid"": ""+74200"", ""sel_9th_pre_req_pre"": ""0"", ""sel_9th_pre_req"": ""20"", ""sel_9th_pre_bid"": ""73800"", ""sel_8th_pre_req_pre"": ""0"", ""sel_8th_pre_req"": ""10"", ""sel_8th_pre_bid"": ""-73700"", ""sel_7th_pre_req_pre"": ""0"", ""sel_7th_pre_req"": ""50"", ""sel_7th_pre_bid"": ""-73500"", ""sel_6th_pre_req_pre"": ""0"", ""sel_6th_pre_req"": ""9"", ""sel_6th_pre_bid"": ""-73400"", ""sel_5th_pre_req_pre"": ""0"", ""sel_5th_pre_req"": ""193"", ""sel_5th_pre_bid"": ""-73300"", ""sel_4th_pre_req_pre"": ""0"", ""sel_4th_pre_req"": ""259"", ""sel_4th_pre_bid"": ""-73200"", ""sel_3th_pre_req_pre"": ""0"", ""sel_3th_pre_req"": ""65"", ""sel_3th_pre_bid"": ""-73100"", ""sel_2th_pre_req_pre"": ""0"", ""sel_2th_pre_req"": ""221"", ""sel_2th_pre_bid"": ""-73000"", ""sel_1th_pre_req_pre"": ""0"", ""sel_fpr_req"": ""400"", ""sel_fpr_bid"": ""-72900"", ""buy_fpr_bid"": ""-72800"", ""buy_fpr_req"": ""93"", ""buy_1th_pre_req_pre"": ""+4"", ""buy_2th_pre_bid"": ""-72700"", ""buy_2th_pre_req"": ""294"", ""buy_2th_pre_req_pre"": ""0"", ""buy_3th_pre_bid"": ""-72600"", ""buy_3th_pre_req"": ""64"", ""buy_3th_pre_req_pre"": ""0"", ""buy_4th_pre_bid"": ""-72500"", ""buy_4th_pre_req"": ""206"", ""buy_4th_pre_req_pre"": ""0"", ""buy_5th_pre_bid"": ""-72400"", ""buy_5th_pre_req"": ""62"", ""buy_5th_pre_req_pre"": ""0"", ""buy_6th_pre_bid"": ""-72300"", ""buy_6th_pre_req"": ""28"", ""buy_6th_pre_req_pre"": ""0"", ""buy_7th_pre_bid"": ""-72200"", ""buy_7th_pre_req"": ""10"", ""buy_7th_pre_req_pre"": ""0"", ""buy_8th_pre_bid"": ""-72100"", ""buy_8th_pre_req"": ""411"", ""buy_8th_pre_req_pre"": ""0"", ""buy_9th_pre_bid"": ""-72000"", ""buy_9th_pre_req"": ""143"", ""buy_9th_pre_req_pre"": ""0"", ""buy_10th_pre_bid"": ""-71900"", ""buy_10th_pre_req"": ""11"", ""buy_10th_pre_req_pre"": ""0"", ""tot_sel_req_jub_pre"": ""0"", ""tot_sel_req"": ""1228"", ""tot_buy_req"": ""1322"", ""tot_buy_req_jub_pre"": ""+4"", ""ovt_sel_req_pre"": ""0"", ""ovt_sel_req"": ""0"", ""ovt_buy_req"": ""0"", ""ovt_buy_req_pre"": ""0"", ""return_code"": 0, ""return_msg"": ""정상적으로 처리되었습니다""}"
2026-06-10,scan_candidate,090430,,0,main_scan,111800,,111800,111700,111800,112000,-0.26833631484794274,0.08944543828264759,,,,,,"{""bid_req_base_tm"": ""094206"", ""sel_10th_pre_req_pre"": ""0"", ""sel_10th_pre_req"": ""15"", ""sel_10th_pre_bid"": ""+113300"", ""sel_9th_pre_req_pre"": ""0"", ""sel_9th_pre_req"": ""8"", ""sel_9th_pre_bid"": ""+113100"", ""sel_8th_pre_req_pre"": ""0"", ""sel_8th_pre_req"": ""277"", ""sel_8th_pre_bid"": ""+113000"", ""sel_7th_pre_req_pre"": ""0"", ""sel_7th_pre_req"": ""57"", ""sel_7th_pre_bid"": ""+112900"", ""sel_6th_pre_req_pre"": ""0"", ""sel_6th_pre_req"": ""7"", ""sel_6th_pre_bid"": ""+112700"", ""sel_5th_pre_req_pre"": ""0"", ""sel_5th_pre_req"": ""2"", ""sel_5th_pre_bid"": ""+112400"", ""sel_4th_pre_req_pre"": ""0"", ""sel_4th_pre_req"": ""57"", ""sel_4th_pre_bid"": ""+112100"", ""sel_3th_pre_req_pre"": ""0"", ""sel_3th_pre_req"": ""132"", ""sel_3th_pre_bid"": ""112000"", ""sel_2th_pre_req_pre"": ""0"", ""sel_2th_pre_req"": ""24"", ""sel_2th_pre_bid"": ""-111900"", ""sel_1th_pre_req_pre"": ""0"", ""sel_fpr_req"": ""57"", ""sel_fpr_bid"": ""-111800"", ""buy_fpr_bid"": ""-111700"", ""buy_fpr_req"": ""32"", ""buy_1th_pre_req_pre"": ""+7"", ""buy_2th_pre_bid"": ""-111500"", ""buy_2th_pre_req"": ""115"", ""buy_2th_pre_req_pre"": ""0"", ""buy_3th_pre_bid"": ""-111400"", ""buy_3th_pre_req"": ""143"", ""buy_3th_pre_req_pre"": ""0"", ""buy_4th_pre_bid"": ""-111300"", ""buy_4th_pre_req"": ""75"", ""buy_4th_pre_req_pre"": ""0"", ""buy_5th_pre_bid"": ""-111200"", ""buy_5th_pre_req"": ""15"", ""buy_5th_pre_req_pre"": ""0"", ""buy_6th_pre_bid"": ""-111100"", ""buy_6th_pre_req"": ""31"", ""buy_6th_pre_req_pre"": ""0"", ""buy_7th_pre_bid"": ""-111000"", ""buy_7th_pre_req"": ""152"", ""buy_7th_pre_req_pre"": ""0"", ""buy_8th_pre_bid"": ""-110900"", ""buy_8th_pre_req"": ""81"", ""buy_8th_pre_req_pre"": ""0"", ""buy_9th_pre_bid"": ""-110800"", ""buy_9th_pre_req"": ""39"", ""buy_9th_pre_req_pre"": ""0"", ""buy_10th_pre_bid"": ""-110700"", ""buy_10th_pre_req"": ""217"", ""buy_10th_pre_req_pre"": ""0"", ""tot_sel_req_jub_pre"": ""0"", ""tot_sel_req"": ""636"", ""tot_buy_req"": ""900"", ""tot_buy_req_jub_pre"": ""+7"", ""ovt_sel_req_pre"": ""0"", ""ovt_sel_req"": ""0"", ""ovt_buy_req"": ""0"", ""ovt_buy_req_pre"": ""0"", ""return_code"": 0, ""return_msg"": ""정상적으로 처리되었습니다""}"
2026-06-10,scan_candidate,004170,,0,main_scan,669000,,669000,668000,669000,672000,0.29895366218236175,0.14947683109118087,,,,,,"{""bid_req_base_tm"": ""094206"", ""sel_10th_pre_req_pre"": ""0"", ""sel_10th_pre_req"": ""11"", ""sel_10th_pre_bid"": ""+678000"", ""sel_9th_pre_req_pre"": ""0"", ""sel_9th_pre_req"": ""14"", ""sel_9th_pre_bid"": ""+677000"", ""sel_8th_pre_req_pre"": ""0"", ""sel_8th_pre_req"": ""30"", ""sel_8th_pre_bid"": ""+676000"", ""sel_7th_pre_req_pre"": ""0"", ""sel_7th_pre_req"": ""3"", ""sel_7th_pre_bid"": ""+675000"", ""sel_6th_pre_req_pre"": ""0"", ""sel_6th_pre_req"": ""4"", ""sel_6th_pre_bid"": ""+674000"", ""sel_5th_pre_req_pre"": ""0"", ""sel_5th_pre_req"": ""70"", ""sel_5th_pre_bid"": ""+673000"", ""sel_4th_pre_req_pre"": ""0"", ""sel_4th_pre_req"": ""15"", ""sel_4th_pre_bid"": ""+672000"", ""sel_3th_pre_req_pre"": ""0"", ""sel_3th_pre_req"": ""40"", ""sel_3th_pre_bid"": ""+671000"", ""sel_2th_pre_req_pre"": ""--2"", ""sel_2th_pre_req"": ""10"", ""sel_2th_pre_bid"": ""+670000"", ""sel_1th_pre_req_pre"": ""+2"", ""sel_fpr_req"": ""10"", ""sel_fpr_bid"": ""+669000"", ""buy_fpr_bid"": ""+668000"", ""buy_fpr_req"": ""149"", ""buy_1th_pre_req_pre"": ""0"", ""buy_2th_pre_bid"": ""+667000"", ""buy_2th_pre_req"": ""171"", ""buy_2th_pre_req_pre"": ""0"", ""buy_3th_pre_bid"": ""+666000"", ""buy_3th_pre_req"": ""32"", ""buy_3th_pre_req_pre"": ""0"", ""buy_4th_pre_bid"": ""+665000"", ""buy_4th_pre_req"": ""29"", ""buy_4th_pre_req_pre"": ""0"", ""buy_5th_pre_bid"": ""+664000"", ""buy_5th_pre_req"": ""22"", ""buy_5th_pre_req_pre"": ""0"", ""buy_6th_pre_bid"": ""+663000"", ""buy_6th_pre_req"": ""54"", ""buy_6th_pre_req_pre"": ""0"", ""buy_7th_pre_bid"": ""+662000"", ""buy_7th_pre_req"": ""16"", ""buy_7th_pre_req_pre"": ""0"", ""buy_8th_pre_bid"": ""+661000"", ""buy_8th_pre_req"": ""256"", ""buy_8th_pre_req_pre"": ""0"", ""buy_9th_pre_bid"": ""+660000"", ""buy_9th_pre_req"": ""340"", ""buy_9th_pre_req_pre"": ""0"", ""buy_10th_pre_bid"": ""+659000"", ""buy_10th_pre_req"": ""848"", ""buy_10th_pre_req_pre"": ""0"", ""tot_sel_req_jub_pre"": ""0"", ""tot_sel_req"": ""207"", ""tot_buy_req"": ""1917"", ""tot_buy_req_jub_pre"": ""0"", ""ovt_sel_req_pre"": ""0"", ""ovt_sel_req"": ""0"", ""ovt_buy_req"": ""0"", ""ovt_buy_req_pre"": ""0"", ""return_code"": 0, ""return_msg"": ""정상적으로 처리되었습니다""}"
2026-06-10,scan_candidate,036570,,0,main_scan,256500,,256500,256000,256500,258000,0.3898635477582846,0.1949317738791423,,,,,,"{""bid_req_base_tm"": ""094206"", ""sel_10th_pre_req_pre"": ""0"", ""sel_10th_pre_req"": ""67"", ""sel_10th_pre_bid"": ""-261000"", ""sel_9th_pre_req_pre"": ""0"", ""sel_9th_pre_req"": ""9"", ""sel_9th_pre_bid"": ""-260500"", ""sel_8th_pre_req_pre"": ""0"", ""sel_8th_pre_req"": ""63"", ""sel_8th_pre_bid"": ""-260000"", ""sel_7th_pre_req_pre"": ""0"", ""sel_7th_pre_req"": ""40"", ""sel_7th_pre_bid"": ""-259500"", ""sel_6th_pre_req_pre"": ""0"", ""sel_6th_pre_req"": ""47"", ""sel_6th_pre_bid"": ""-259000"", ""sel_5th_pre_req_pre"": ""0"", ""sel_5th_pre_req"": ""44"", ""sel_5th_pre_bid"": ""-258500"", ""sel_4th_pre_req_pre"": ""0"", ""sel_4th_pre_req"": ""41"", ""sel_4th_pre_bid"": ""-258000"", ""sel_3th_pre_req_pre"": ""0"", ""sel_3th_pre_req"": ""11"", ""sel_3th_pre_bid"": ""-257500"", ""sel_2th_pre_req_pre"": ""0"", ""sel_2th_pre_req"": ""98"", ""sel_2th_pre_bid"": ""-257000"", ""sel_1th_pre_req_pre"": ""0"", ""sel_fpr_req"": ""145"", ""sel_fpr_bid"": ""-256500"", ""buy_fpr_bid"": ""-256000"", ""buy_fpr_req"": ""220"", ""buy_1th_pre_req_pre"": ""0"", ""buy_2th_pre_bid"": ""-255500"", ""buy_2th_pre_req"": ""215"", ""buy_2th_pre_req_pre"": ""0"", ""buy_3th_pre_bid"": ""-255000"", ""buy_3th_pre_req"": ""144"", ""buy_3th_pre_req_pre"": ""0"", ""buy_4th_pre_bid"": ""-254500"", ""buy_4th_pre_req"": ""761"", ""buy_4th_pre_req_pre"": ""0"", ""buy_5th_pre_bid"": ""-254000"", ""buy_5th_pre_req"": ""235"", ""buy_5th_pre_req_pre"": ""0"", ""buy_6th_pre_bid"": ""-253500"", ""buy_6th_pre_req"": ""362"", ""buy_6th_pre_req_pre"": ""0"", ""buy_7th_pre_bid"": ""-253000"", ""buy_7th_pre_req"": ""814"", ""buy_7th_pre_req_pre"": ""0"", ""buy_8th_pre_bid"": ""-252500"", ""buy_8th_pre_req"": ""181"", ""buy_8th_pre_req_pre"": ""0"", ""buy_9th_pre_bid"": ""-252000"", ""buy_9th_pre_req"": ""74"", ""buy_9th_pre_req_pre"": ""0"", ""buy_10th_pre_bid"": ""-251500"", ""buy_10th_pre_req"": ""222"", ""buy_10th_pre_req_pre"": ""0"", ""tot_sel_req_jub_pre"": ""0"", ""tot_sel_req"": ""565"", ""tot_buy_req"": ""3228"", ""tot_buy_req_jub_pre"": ""0"", ""ovt_sel_req_pre"": ""0"", ""ovt_sel_req"": ""0"", ""ovt_buy_req"": ""0"", ""ovt_buy_req_pre"": ""0"", ""return_code"": 0, ""return_msg"": ""정상적으로 처리되었습니다""}"
2026-06-10,scan_candidate,271560,,0,main_scan,132900,,132900,132800,132900,132500,-0.6772009029345373,0.07524454477050413,,,,,,"{""bid_req_base_tm"": ""094206"", ""sel_10th_pre_req_pre"": ""0"", ""sel_10th_pre_req"": ""14"", ""sel_10th_pre_bid"": ""+134300"", ""sel_9th_pre_req_pre"": ""0"", ""sel_9th_pre_req"": ""7"", ""sel_9th_pre_bid"": ""+134200"", ""sel_8th_pre_req_pre"": ""0"", ""sel_8th_pre_req"": ""10"", ""sel_8th_pre_bid"": ""+134100"", ""sel_7th_pre_req_pre"": ""0"", ""sel_7th_pre_req"": ""132"", ""sel_7th_pre_bid"": ""+134000"", ""sel_6th_pre_req_pre"": ""0"", ""sel_6th_pre_req"": ""199"", ""sel_6th_pre_bid"": ""+133900"", ""sel_5th_pre_req_pre"": ""0"", ""sel_5th_pre_req"": ""25"", ""sel_5th_pre_bid"": ""+133600"", ""sel_4th_pre_req_pre"": ""0"", ""sel_4th_pre_req"": ""253"", ""sel_4th_pre_bid"": ""+133500"", ""sel_3th_pre_req_pre"": ""0"", ""sel_3th_pre_req"": ""6"", ""sel_3th_pre_bid"": ""+133200"", ""sel_2th_pre_req_pre"": ""--1"", ""sel_2th_pre_req"": ""76"", ""sel_2th_pre_bid"": ""+133000"", ""sel_1th_pre_req_pre"": ""+21"", ""sel_fpr_req"": ""179"", ""sel_fpr_bid"": ""132900"", ""buy_fpr_bid"": ""-132800"", ""buy_fpr_req"": ""440"", ""buy_1th_pre_req_pre"": ""0"", ""buy_2th_pre_bid"": ""-132700"", ""buy_2th_pre_req"": ""49"", ""buy_2th_pre_req_pre"": ""0"", ""buy_3th_pre_bid"": ""-132600"", ""buy_3th_pre_req"": ""58"", ""buy_3th_pre_req_pre"": ""0"", ""buy_4th_pre_bid"": ""-132500"", ""buy_4th_pre_req"": ""30"", ""buy_4th_pre_req_pre"": ""0"", ""buy_5th_pre_bid"": ""-132400"", ""buy_5th_pre_req"": ""112"", ""buy_5th_pre_req_pre"": ""0"", ""buy_6th_pre_bid"": ""-132300"", ""buy_6th_pre_req"": ""3"", ""buy_6th_pre_req_pre"": ""0"", ""buy_7th_pre_bid"": ""-132200"", ""buy_7th_pre_req"": ""1"", ""buy_7th_pre_req_pre"": ""0"", ""buy_8th_pre_bid"": ""-132100"", ""buy_8th_pre_req"": ""45"", ""buy_8th_pre_req_pre"": ""0"", ""buy_9th_pre_bid"": ""-132000"", ""buy_9th_pre_req"": ""2"", ""buy_9th_pre_req_pre"": ""0"", ""buy_10th_pre_bid"": ""-131900"", ""buy_10th_pre_req"": ""1"", ""buy_10th_pre_req_pre"": ""0"", ""tot_sel_req_jub_pre"": ""+20"", ""tot_sel_req"": ""901"", ""tot_buy_req"": ""741"", ""tot_buy_req_jub_pre"": ""0"", ""ovt_sel_req_pre"": ""0"", ""ovt_sel_req"": ""0"", ""ovt_buy_req"": ""0"", ""ovt_buy_req_pre"": ""0"", ""return_code"": 0, ""return_msg"": ""정상적으로 처리되었습니다""}"
2026-06-10,scan_candidate,023530,,0,main_scan,192200,,192200,191900,192200,192000,-0.36420395421436,0.15608740894901144,,,,,,"{""bid_req_base_tm"": ""094207"", ""sel_10th_pre_req_pre"": ""0"", ""sel_10th_pre_req"": ""2"", ""sel_10th_pre_bid"": ""+193800"", ""sel_9th_pre_req_pre"": ""0"", ""sel_9th_pre_req"": ""15"", ""sel_9th_pre_bid"": ""+193600"", ""sel_8th_pre_req_pre"": ""0"", ""sel_8th_pre_req"": ""103"", ""sel_8th_pre_bid"": ""+193500"", ""sel_7th_pre_req_pre"": ""0"", ""sel_7th_pre_req"": ""93"", ""sel_7th_pre_bid"": ""+193400"", ""sel_6th_pre_req_pre"": ""0"", ""sel_6th_pre_req"": ""1"", ""sel_6th_pre_bid"": ""+193200"", ""sel_5th_pre_req_pre"": ""0"", ""sel_5th_pre_req"": ""83"", ""sel_5th_pre_bid"": ""+193000"", ""sel_4th_pre_req_pre"": ""0"", ""sel_4th_pre_req"": ""20"", ""sel_4th_pre_bid"": ""+192900"", ""sel_3th_pre_req_pre"": ""0"", ""sel_3th_pre_req"": ""26"", ""sel_3th_pre_bid"": ""+192700"", ""sel_2th_pre_req_pre"": ""0"", ""sel_2th_pre_req"": ""10"", ""sel_2th_pre_bid"": ""+192600"", ""sel_1th_pre_req_pre"": ""0"", ""sel_fpr_req"": ""139"", ""sel_fpr_bid"": ""+192200"", ""buy_fpr_bid"": ""+191900"", ""buy_fpr_req"": ""8"", ""buy_1th_pre_req_pre"": ""--1"", ""buy_2th_pre_bid"": ""+191800"", ""buy_2th_pre_req"": ""34"", ""buy_2th_pre_req_pre"": ""0"", ""buy_3th_pre_bid"": ""+191600"", ""buy_3th_pre_req"": ""6"", ""buy_3th_pre_req_pre"": ""0"", ""buy_4th_pre_bid"": ""+191500"", ""buy_4th_pre_req"": ""401"", ""buy_4th_pre_req_pre"": ""0"", ""buy_5th_pre_bid"": ""+191200"", ""buy_5th_pre_req"": ""1"", ""buy_5th_pre_req_pre"": ""0"", ""buy_6th_pre_bid"": ""+191100"", ""buy_6th_pre_req"": ""2"", ""buy_6th_pre_req_pre"": ""0"", ""buy_7th_pre_bid"": ""+191000"", ""buy_7th_pre_req"": ""11"", ""buy_7th_pre_req_pre"": ""0"", ""buy_8th_pre_bid"": ""+190900"", ""buy_8th_pre_req"": ""12"", ""buy_8th_pre_req_pre"": ""0"", ""buy_9th_pre_bid"": ""+190800"", ""buy_9th_pre_req"": ""7"", ""buy_9th_pre_req_pre"": ""0"", ""buy_10th_pre_bid"": ""+190700"", ""buy_10th_pre_req"": ""100"", ""buy_10th_pre_req_pre"": ""0"", ""tot_sel_req_jub_pre"": ""0"", ""tot_sel_req"": ""492"", ""tot_buy_req"": ""582"", ""tot_buy_req_jub_pre"": ""--1"", ""ovt_sel_req_pre"": ""0"", ""ovt_sel_req"": ""0"", ""ovt_buy_req"": ""0"", ""ovt_buy_req_pre"": ""0"", ""return_code"": 0, ""return_msg"": ""정상적으로 처리되었습니다""}"
2026-06-10,scan_candidate,175330,,0,main_scan,25250,,25250,25200,25250,25350,0.19801980198019803,0.19801980198019803,,,,,,"{""bid_req_base_tm"": ""094207"", ""sel_10th_pre_req_pre"": ""0"", ""sel_10th_pre_req"": ""84"", ""sel_10th_pre_bid"": ""-25700"", ""sel_9th_pre_req_pre"": ""0"", ""sel_9th_pre_req"": ""461"", ""sel_9th_pre_bid"": ""-25650"", ""sel_8th_pre_req_pre"": ""0"", ""sel_8th_pre_req"": ""360"", ""sel_8th_pre_bid"": ""-25600"", ""sel_7th_pre_req_pre"": ""0"", ""sel_7th_pre_req"": ""46"", ""sel_7th_pre_bid"": ""-25550"", ""sel_6th_pre_req_pre"": ""0"", ""sel_6th_pre_req"": ""8"", ""sel_6th_pre_bid"": ""-25500"", ""sel_5th_pre_req_pre"": ""0"", ""sel_5th_pre_req"": ""2"", ""sel_5th_pre_bid"": ""-25450"", ""sel_4th_pre_req_pre"": ""0"", ""sel_4th_pre_req"": ""80"", ""sel_4th_pre_bid"": ""-25400"", ""sel_3th_pre_req_pre"": ""0"", ""sel_3th_pre_req"": ""424"", ""sel_3th_pre_bid"": ""-25350"", ""sel_2th_pre_req_pre"": ""0"", ""sel_2th_pre_req"": ""456"", ""sel_2th_pre_bid"": ""-25300"", ""sel_1th_pre_req_pre"": ""0"", ""sel_fpr_req"": ""1664"", ""sel_fpr_bid"": ""-25250"", ""buy_fpr_bid"": ""-25200"", ""buy_fpr_req"": ""1217"", ""buy_1th_pre_req_pre"": ""0"", ""buy_2th_pre_bid"": ""-25150"", ""buy_2th_pre_req"": ""459"", ""buy_2th_pre_req_pre"": ""0"", ""buy_3th_pre_bid"": ""-25100"", ""buy_3th_pre_req"": ""1087"", ""buy_3th_pre_req_pre"": ""0"", ""buy_4th_pre_bid"": ""-25050"", ""buy_4th_pre_req"": ""336"", ""buy_4th_pre_req_pre"": ""0"", ""buy_5th_pre_bid"": ""-25000"", ""buy_5th_pre_req"": ""607"", ""buy_5th_pre_req_pre"": ""0"", ""buy_6th_pre_bid"": ""-24950"", ""buy_6th_pre_req"": ""238"", ""buy_6th_pre_req_pre"": ""0"", ""buy_7th_pre_bid"": ""-24900"", ""buy_7th_pre_req"": ""505"", ""buy_7th_pre_req_pre"": ""0"", ""buy_8th_pre_bid"": ""-24850"", ""buy_8th_pre_req"": ""835"", ""buy_8th_pre_req_pre"": ""0"", ""buy_9th_pre_bid"": ""-24800"", ""buy_9th_pre_req"": ""4498"", ""buy_9th_pre_req_pre"": ""0"", ""buy_10th_pre_bid"": ""-24750"", ""buy_10th_pre_req"": ""175"", ""buy_10th_pre_req_pre"": ""0"", ""tot_sel_req_jub_pre"": ""0"", ""tot_sel_req"": ""3585"", ""tot_buy_req"": ""9957"", ""tot_buy_req_jub_pre"": ""0"", ""ovt_sel_req_pre"": ""0"", ""ovt_sel_req"": ""0"", ""ovt_buy_req"": ""0"", ""ovt_buy_req_pre"": ""0"", ""return_code"": 0, ""return_msg"": ""정상적으로 처리되었습니다""}"
2026-06-10,scan_candidate,088350,,0,main_scan,4820,,4820,4815,4820,4840,0.3112033195020747,0.1037344398340249,,,,,,"{""bid_req_base_tm"": ""094208"", ""sel_10th_pre_req_pre"": ""0"", ""sel_10th_pre_req"": ""10"", ""sel_10th_pre_bid"": ""-4865"", ""sel_9th_pre_req_pre"": ""0"", ""sel_9th_pre_req"": ""711"", ""sel_9th_pre_bid"": ""-4860"", ""sel_8th_pre_req_pre"": ""0"", ""sel_8th_pre_req"": ""12"", ""sel_8th_pre_bid"": ""-4855"", ""sel_7th_pre_req_pre"": ""0"", ""sel_7th_pre_req"": ""7331"", ""sel_7th_pre_bid"": ""-4850"", ""sel_6th_pre_req_pre"": ""0"", ""sel_6th_pre_req"": ""1104"", ""sel_6th_pre_bid"": ""-4845"", ""sel_5th_pre_req_pre"": ""0"", ""sel_5th_pre_req"": ""92"", ""sel_5th_pre_bid"": ""-4840"", ""sel_4th_pre_req_pre"": ""0"", ""sel_4th_pre_req"": ""33"", ""sel_4th_pre_bid"": ""-4835"", ""sel_3th_pre_req_pre"": ""0"", ""sel_3th_pre_req"": ""134"", ""sel_3th_pre_bid"": ""-4830"", ""sel_2th_pre_req_pre"": ""0"", ""sel_2th_pre_req"": ""455"", ""sel_2th_pre_bid"": ""-4825"", ""sel_1th_pre_req_pre"": ""+318"", ""sel_fpr_req"": ""369"", ""sel_fpr_bid"": ""-4820"", ""buy_fpr_bid"": ""-4815"", ""buy_fpr_req"": ""19264"", ""buy_1th_pre_req_pre"": ""0"", ""buy_2th_pre_bid"": ""-4810"", ""buy_2th_pre_req"": ""13504"", ""buy_2th_pre_req_pre"": ""0"", ""buy_3th_pre_bid"": ""-4805"", ""buy_3th_pre_req"": ""19013"", ""buy_3th_pre_req_pre"": ""0"", ""buy_4th_pre_bid"": ""-4800"", ""buy_4th_pre_req"": ""51044"", ""buy_4th_pre_req_pre"": ""0"", ""buy_5th_pre_bid"": ""-4795"", ""buy_5th_pre_req"": ""10491"", ""buy_5th_pre_req_pre"": ""0"", ""buy_6th_pre_bid"": ""-4790"", ""buy_6th_pre_req"": ""25880"", ""buy_6th_pre_req_pre"": ""0"", ""buy_7th_pre_bid"": ""-4785"", ""buy_7th_pre_req"": ""21474"", ""buy_7th_pre_req_pre"": ""0"", ""buy_8th_pre_bid"": ""-4780"", ""buy_8th_pre_req"": ""5760"", ""buy_8th_pre_req_pre"": ""0"", ""buy_9th_pre_bid"": ""-4775"", ""buy_9th_pre_req"": ""1181"", ""buy_9th_pre_req_pre"": ""0"", ""buy_10th_pre_bid"": ""-4770"", ""buy_10th_pre_req"": ""3441"", ""buy_10th_pre_req_pre"": ""0"", ""tot_sel_req_jub_pre"": ""+318"", ""tot_sel_req"": ""10251"", ""tot_buy_req"": ""171052"", ""tot_buy_req_jub_pre"": ""0"", ""ovt_sel_req_pre"": ""0"", ""ovt_sel_req"": ""0"", ""ovt_buy_req"": ""0"", ""ovt_buy_req_pre"": ""0"", ""return_code"": 0, ""return_msg"": ""정상적으로 처리되었습니다""}"
2026-06-10,scan_candidate,069960,,0,main_scan,166200,,166200,165600,166200,166500,-0.12033694344163659,0.36101083032490977,,,,,,"{""bid_req_base_tm"": ""094208"", ""sel_10th_pre_req_pre"": ""0"", ""sel_10th_pre_req"": ""162"", ""sel_10th_pre_bid"": ""+168000"", ""sel_9th_pre_req_pre"": ""0"", ""sel_9th_pre_req"": ""1"", ""sel_9th_pre_bid"": ""+167800"", ""sel_8th_pre_req_pre"": ""0"", ""sel_8th_pre_req"": ""1"", ""sel_8th_pre_bid"": ""+167500"", ""sel_7th_pre_req_pre"": ""0"", ""sel_7th_pre_req"": ""6"", ""sel_7th_pre_bid"": ""+167400"", ""sel_6th_pre_req_pre"": ""0"", ""sel_6th_pre_req"": ""1"", ""sel_6th_pre_bid"": ""+167100"", ""sel_5th_pre_req_pre"": ""0"", ""sel_5th_pre_req"": ""52"", ""sel_5th_pre_bid"": ""+167000"", ""sel_4th_pre_req_pre"": ""0"", ""sel_4th_pre_req"": ""45"", ""sel_4th_pre_bid"": ""+166900"", ""sel_3th_pre_req_pre"": ""0"", ""sel_3th_pre_req"": ""11"", ""sel_3th_pre_bid"": ""-166600"", ""sel_2th_pre_req_pre"": ""0"", ""sel_2th_pre_req"": ""87"", ""sel_2th_pre_bid"": ""-166300"", ""sel_1th_pre_req_pre"": ""+3"", ""sel_fpr_req"": ""12"", ""sel_fpr_bid"": ""-166200"", ""buy_fpr_bid"": ""-165600"", ""buy_fpr_req"": ""31"", ""buy_1th_pre_req_pre"": ""0"", ""buy_2th_pre_bid"": ""-165500"", ""buy_2th_pre_req"": ""57"", ""buy_2th_pre_req_pre"": ""0"", ""buy_3th_pre_bid"": ""-165400"", ""buy_3th_pre_req"": ""103"", ""buy_3th_pre_req_pre"": ""0"", ""buy_4th_pre_bid"": ""-165300"", ""buy_4th_pre_req"": ""143"", ""buy_4th_pre_req_pre"": ""0"", ""buy_5th_pre_bid"": ""-165200"", ""buy_5th_pre_req"": ""843"", ""buy_5th_pre_req_pre"": ""0"", ""buy_6th_pre_bid"": ""-165000"", ""buy_6th_pre_req"": ""63"", ""buy_6th_pre_req_pre"": ""0"", ""buy_7th_pre_bid"": ""-164700"", ""buy_7th_pre_req"": ""129"", ""buy_7th_pre_req_pre"": ""0"", ""buy_8th_pre_bid"": ""-164600"", ""buy_8th_pre_req"": ""8"", ""buy_8th_pre_req_pre"": ""0"", ""buy_9th_pre_bid"": ""-164500"", ""buy_9th_pre_req"": ""3"", ""buy_9th_pre_req_pre"": ""0"", ""buy_10th_pre_bid"": ""-164100"", ""buy_10th_pre_req"": ""21"", ""buy_10th_pre_req_pre"": ""0"", ""tot_sel_req_jub_pre"": ""+3"", ""tot_sel_req"": ""378"", ""tot_buy_req"": ""1401"", ""tot_buy_req_jub_pre"": ""0"", ""ovt_sel_req_pre"": ""0"", ""ovt_sel_req"": ""0"", ""ovt_buy_req"": ""0"", ""ovt_buy_req_pre"": ""0"", ""return_code"": 0, ""return_msg"": ""정상적으로 처리되었습니다""}"
2026-06-10,scan_candidate,489790,,0,main_scan,70300,,70300,70100,70300,70500,0.1422475106685633,0.2844950213371266,,,,,,"{""bid_req_base_tm"": ""094208"", ""sel_10th_pre_req_pre"": ""0"", ""sel_10th_pre_req"": ""141"", ""sel_10th_pre_bid"": ""+71200"", ""sel_9th_pre_req_pre"": ""0"", ""sel_9th_pre_req"": ""648"", ""sel_9th_pre_bid"": ""+71100"", ""sel_8th_pre_req_pre"": ""0"", ""sel_8th_pre_req"": ""963"", ""sel_8th_pre_bid"": ""+71000"", ""sel_7th_pre_req_pre"": ""0"", ""sel_7th_pre_req"": ""264"", ""sel_7th_pre_bid"": ""+70900"", ""sel_6th_pre_req_pre"": ""0"", ""sel_6th_pre_req"": ""18"", ""sel_6th_pre_bid"": ""+70800"", ""sel_5th_pre_req_pre"": ""0"", ""sel_5th_pre_req"": ""52"", ""sel_5th_pre_bid"": ""+70700"", ""sel_4th_pre_req_pre"": ""0"", ""sel_4th_pre_req"": ""12"", ""sel_4th_pre_bid"": ""+70600"", ""sel_3th_pre_req_pre"": ""+25"", ""sel_3th_pre_req"": ""259"", ""sel_3th_pre_bid"": ""+70500"", ""sel_2th_pre_req_pre"": ""0"", ""sel_2th_pre_req"": ""121"", ""sel_2th_pre_bid"": ""+70400"", ""sel_1th_pre_req_pre"": ""0"", ""sel_fpr_req"": ""6"", ""sel_fpr_bid"": ""+70300"", ""buy_fpr_bid"": ""+70100"", ""buy_fpr_req"": ""697"", ""buy_1th_pre_req_pre"": ""0"", ""buy_2th_pre_bid"": ""+70000"", ""buy_2th_pre_req"": ""149"", ""buy_2th_pre_req_pre"": ""0"", ""buy_3th_pre_bid"": ""+69900"", ""buy_3th_pre_req"": ""23118"", ""buy_3th_pre_req_pre"": ""0"", ""buy_4th_pre_bid"": ""+69800"", ""buy_4th_pre_req"": ""228"", ""buy_4th_pre_req_pre"": ""0"", ""buy_5th_pre_bid"": ""+69700"", ""buy_5th_pre_req"": ""17"", ""buy_5th_pre_req_pre"": ""0"", ""buy_6th_pre_bid"": ""+69600"", ""buy_6th_pre_req"": ""389"", ""buy_6th_pre_req_pre"": ""0"", ""buy_7th_pre_bid"": ""+69500"", ""buy_7th_pre_req"": ""124"", ""buy_7th_pre_req_pre"": ""0"", ""buy_8th_pre_bid"": ""+69400"", ""buy_8th_pre_req"": ""5"", ""buy_8th_pre_req_pre"": ""0"", ""buy_9th_pre_bid"": ""+69300"", ""buy_9th_pre_req"": ""14"", ""buy_9th_pre_req_pre"": ""0"", ""buy_10th_pre_bid"": ""+69200"", ""buy_10th_pre_req"": ""30"", ""buy_10th_pre_req_pre"": ""0"", ""tot_sel_req_jub_pre"": ""+25"", ""tot_sel_req"": ""2484"", ""tot_buy_req"": ""24771"", ""tot_buy_req_jub_pre"": ""0"", ""ovt_sel_req_pre"": ""0"", ""ovt_sel_req"": ""0"", ""ovt_buy_req"": ""0"", ""ovt_buy_req_pre"": ""0"", ""return_code"": 0, ""return_msg"": ""정상적으로 처리되었습니다""}"
2026-06-10,scan_candidate,085620,,0,main_scan,21600,,21600,21550,21600,21750,0.4629629629629629,0.23148148148148145,,,,,,"{""bid_req_base_tm"": ""094208"", ""sel_10th_pre_req_pre"": ""0"", ""sel_10th_pre_req"": ""395"", ""sel_10th_pre_bid"": ""-22050"", ""sel_9th_pre_req_pre"": ""0"", ""sel_9th_pre_req"": ""835"", ""sel_9th_pre_bid"": ""-22000"", ""sel_8th_pre_req_pre"": ""0"", ""sel_8th_pre_req"": ""1042"", ""sel_8th_pre_bid"": ""-21950"", ""sel_7th_pre_req_pre"": ""0"", ""sel_7th_pre_req"": ""420"", ""sel_7th_pre_bid"": ""-21900"", ""sel_6th_pre_req_pre"": ""0"", ""sel_6th_pre_req"": ""21"", ""sel_6th_pre_bid"": ""-21850"", ""sel_5th_pre_req_pre"": ""0"", ""sel_5th_pre_req"": ""261"", ""sel_5th_pre_bid"": ""-21800"", ""sel_4th_pre_req_pre"": ""0"", ""sel_4th_pre_req"": ""57"", ""sel_4th_pre_bid"": ""-21750"", ""sel_3th_pre_req_pre"": ""0"", ""sel_3th_pre_req"": ""26"", ""sel_3th_pre_bid"": ""-21700"", ""sel_2th_pre_req_pre"": ""0"", ""sel_2th_pre_req"": ""221"", ""sel_2th_pre_bid"": ""-21650"", ""sel_1th_pre_req_pre"": ""0"", ""sel_fpr_req"": ""870"", ""sel_fpr_bid"": ""-21600"", ""buy_fpr_bid"": ""-21550"", ""buy_fpr_req"": ""669"", ""buy_1th_pre_req_pre"": ""+64"", ""buy_2th_pre_bid"": ""-21500"", ""buy_2th_pre_req"": ""3385"", ""buy_2th_pre_req_pre"": ""--30"", ""buy_3th_pre_bid"": ""-21450"", ""buy_3th_pre_req"": ""2385"", ""buy_3th_pre_req_pre"": ""0"", ""buy_4th_pre_bid"": ""-21400"", ""buy_4th_pre_req"": ""2904"", ""buy_4th_pre_req_pre"": ""0"", ""buy_5th_pre_bid"": ""-21350"", ""buy_5th_pre_req"": ""3199"", ""buy_5th_pre_req_pre"": ""0"", ""buy_6th_pre_bid"": ""-21300"", ""buy_6th_pre_req"": ""5558"", ""buy_6th_pre_req_pre"": ""0"", ""buy_7th_pre_bid"": ""-21250"", ""buy_7th_pre_req"": ""1890"", ""buy_7th_pre_req_pre"": ""0"", ""buy_8th_pre_bid"": ""-21200"", ""buy_8th_pre_req"": ""1718"", ""buy_8th_pre_req_pre"": ""0"", ""buy_9th_pre_bid"": ""-21150"", ""buy_9th_pre_req"": ""514"", ""buy_9th_pre_req_pre"": ""0"", ""buy_10th_pre_bid"": ""-21100"", ""buy_10th_pre_req"": ""1573"", ""buy_10th_pre_req_pre"": ""0"", ""tot_sel_req_jub_pre"": ""0"", ""tot_sel_req"": ""4148"", ""tot_buy_req"": ""23795"", ""tot_buy_req_jub_pre"": ""+34"", ""ovt_sel_req_pre"": ""0"", ""ovt_sel_req"": ""0"", ""ovt_buy_req"": ""0"", ""ovt_buy_req_pre"": ""0"", ""return_code"": 0, ""return_msg"": ""정상적으로 처리되었습니다""}"
2026-06-10,scan_candidate,001450,,0,main_scan,37300,,37300,37250,37300,37200,-0.40214477211796246,0.13404825737265416,,,,,,"{""bid_req_base_tm"": ""094208"", ""sel_10th_pre_req_pre"": ""0"", ""sel_10th_pre_req"": ""325"", ""sel_10th_pre_bid"": ""+37800"", ""sel_9th_pre_req_pre"": ""0"", ""sel_9th_pre_req"": ""656"", ""sel_9th_pre_bid"": ""+37750"", ""sel_8th_pre_req_pre"": ""0"", ""sel_8th_pre_req"": ""3673"", ""sel_8th_pre_bid"": ""+37700"", ""sel_7th_pre_req_pre"": ""0"", ""sel_7th_pre_req"": ""760"", ""sel_7th_pre_bid"": ""+37650"", ""sel_6th_pre_req_pre"": ""0"", ""sel_6th_pre_req"": ""1"", ""sel_6th_pre_bid"": ""+37600"", ""sel_5th_pre_req_pre"": ""0"", ""sel_5th_pre_req"": ""131"", ""sel_5th_pre_bid"": ""+37550"", ""sel_4th_pre_req_pre"": ""0"", ""sel_4th_pre_req"": ""253"", ""sel_4th_pre_bid"": ""+37500"", ""sel_3th_pre_req_pre"": ""0"", ""sel_3th_pre_req"": ""597"", ""sel_3th_pre_bid"": ""+37450"", ""sel_2th_pre_req_pre"": ""0"", ""sel_2th_pre_req"": ""142"", ""sel_2th_pre_bid"": ""+37350"", ""sel_1th_pre_req_pre"": ""--134"", ""sel_fpr_req"": ""356"", ""sel_fpr_bid"": ""+37300"", ""buy_fpr_bid"": ""+37250"", ""buy_fpr_req"": ""86"", ""buy_1th_pre_req_pre"": ""--8"", ""buy_2th_pre_bid"": ""+37200"", ""buy_2th_pre_req"": ""472"", ""buy_2th_pre_req_pre"": ""0"", ""buy_3th_pre_bid"": ""+37150"", ""buy_3th_pre_req"": ""44"", ""buy_3th_pre_req_pre"": ""0"", ""buy_4th_pre_bid"": ""+37100"", ""buy_4th_pre_req"": ""582"", ""buy_4th_pre_req_pre"": ""0"", ""buy_5th_pre_bid"": ""+37050"", ""buy_5th_pre_req"": ""338"", ""buy_5th_pre_req_pre"": ""0"", ""buy_6th_pre_bid"": ""+37000"", ""buy_6th_pre_req"": ""459"", ""buy_6th_pre_req_pre"": ""0"", ""buy_7th_pre_bid"": ""36900"", ""buy_7th_pre_req"": ""27"", ""buy_7th_pre_req_pre"": ""0"", ""buy_8th_pre_bid"": ""-36850"", ""buy_8th_pre_req"": ""30"", ""buy_8th_pre_req_pre"": ""0"", ""buy_9th_pre_bid"": ""-36800"", ""buy_9th_pre_req"": ""203"", ""buy_9th_pre_req_pre"": ""0"", ""buy_10th_pre_bid"": ""-36750"", ""buy_10th_pre_req"": ""239"", ""buy_10th_pre_req_pre"": ""0"", ""tot_sel_req_jub_pre"": ""--134"", ""tot_sel_req"": ""6894"", ""tot_buy_req"": ""2480"", ""tot_buy_req_jub_pre"": ""--8"", ""ovt_sel_req_pre"": ""0"", ""ovt_sel_req"": ""0"", ""ovt_buy_req"": ""0"", ""ovt_buy_req_pre"": ""0"", ""return_code"": 0, ""return_msg"": ""정상적으로 처리되었습니다""}"
2026-06-10,scan_candidate,036460,,0,main_scan,34150,,34150,34100,34150,34300,0.29282576866764276,0.14641288433382138,,,,,,"{""bid_req_base_tm"": ""094209"", ""sel_10th_pre_req_pre"": ""0"", ""sel_10th_pre_req"": ""271"", ""sel_10th_pre_bid"": ""+34650"", ""sel_9th_pre_req_pre"": ""0"", ""sel_9th_pre_req"": ""129"", ""sel_9th_pre_bid"": ""+34600"", ""sel_8th_pre_req_pre"": ""0"", ""sel_8th_pre_req"": ""202"", ""sel_8th_pre_bid"": ""+34550"", ""sel_7th_pre_req_pre"": ""0"", ""sel_7th_pre_req"": ""203"", ""sel_7th_pre_bid"": ""+34500"", ""sel_6th_pre_req_pre"": ""0"", ""sel_6th_pre_req"": ""65"", ""sel_6th_pre_bid"": ""+34450"", ""sel_5th_pre_req_pre"": ""0"", ""sel_5th_pre_req"": ""146"", ""sel_5th_pre_bid"": ""+34400"", ""sel_4th_pre_req_pre"": ""0"", ""sel_4th_pre_req"": ""230"", ""sel_4th_pre_bid"": ""+34350"", ""sel_3th_pre_req_pre"": ""0"", ""sel_3th_pre_req"": ""220"", ""sel_3th_pre_bid"": ""+34300"", ""sel_2th_pre_req_pre"": ""0"", ""sel_2th_pre_req"": ""193"", ""sel_2th_pre_bid"": ""+34200"", ""sel_1th_pre_req_pre"": ""0"", ""sel_fpr_req"": ""231"", ""sel_fpr_bid"": ""+34150"", ""buy_fpr_bid"": ""+34100"", ""buy_fpr_req"": ""243"", ""buy_1th_pre_req_pre"": ""0"", ""buy_2th_pre_bid"": ""+34050"", ""buy_2th_pre_req"": ""547"", ""buy_2th_pre_req_pre"": ""0"", ""buy_3th_pre_bid"": ""34000"", ""buy_3th_pre_req"": ""2977"", ""buy_3th_pre_req_pre"": ""--10"", ""buy_4th_pre_bid"": ""-33950"", ""buy_4th_pre_req"": ""854"", ""buy_4th_pre_req_pre"": ""0"", ""buy_5th_pre_bid"": ""-33900"", ""buy_5th_pre_req"": ""987"", ""buy_5th_pre_req_pre"": ""0"", ""buy_6th_pre_bid"": ""-33850"", ""buy_6th_pre_req"": ""394"", ""buy_6th_pre_req_pre"": ""0"", ""buy_7th_pre_bid"": ""-33800"", ""buy_7th_pre_req"": ""453"", ""buy_7th_pre_req_pre"": ""0"", ""buy_8th_pre_bid"": ""-33750"", ""buy_8th_pre_req"": ""542"", ""buy_8th_pre_req_pre"": ""0"", ""buy_9th_pre_bid"": ""-33700"", ""buy_9th_pre_req"": ""575"", ""buy_9th_pre_req_pre"": ""0"", ""buy_10th_pre_bid"": ""-33650"", ""buy_10th_pre_req"": ""1145"", ""buy_10th_pre_req_pre"": ""0"", ""tot_sel_req_jub_pre"": ""0"", ""tot_sel_req"": ""1890"", ""tot_buy_req"": ""8717"", ""tot_buy_req_jub_pre"": ""--10"", ""ovt_sel_req_pre"": ""0"", ""ovt_sel_req"": ""0"", ""ovt_buy_req"": ""0"", ""ovt_buy_req_pre"": ""0"", ""return_code"": 0, ""return_msg"": ""정상적으로 처리되었습니다""}"
2026-06-10,scan_candidate,007810,,0,main_scan,120600,,120600,120000,120600,120500,-0.4975124378109453,0.4975124378109453,,,,,,"{""bid_req_base_tm"": ""094207"", ""sel_10th_pre_req_pre"": ""0"", ""sel_10th_pre_req"": ""39"", ""sel_10th_pre_bid"": ""+122000"", ""sel_9th_pre_req_pre"": ""0"", ""sel_9th_pre_req"": ""1"", ""sel_9th_pre_bid"": ""+121900"", ""sel_8th_pre_req_pre"": ""0"", ""sel_8th_pre_req"": ""6"", ""sel_8th_pre_bid"": ""+121800"", ""sel_7th_pre_req_pre"": ""0"", ""sel_7th_pre_req"": ""1"", ""sel_7th_pre_bid"": ""+121600"", ""sel_6th_pre_req_pre"": ""0"", ""sel_6th_pre_req"": ""201"", ""sel_6th_pre_bid"": ""+121500"", ""sel_5th_pre_req_pre"": ""0"", ""sel_5th_pre_req"": ""1"", ""sel_5th_pre_bid"": ""+121400"", ""sel_4th_pre_req_pre"": ""0"", ""sel_4th_pre_req"": ""30"", ""sel_4th_pre_bid"": ""+121000"", ""sel_3th_pre_req_pre"": ""0"", ""sel_3th_pre_req"": ""115"", ""sel_3th_pre_bid"": ""+120800"", ""sel_2th_pre_req_pre"": ""0"", ""sel_2th_pre_req"": ""67"", ""sel_2th_pre_bid"": ""+120700"", ""sel_1th_pre_req_pre"": ""+1"", ""sel_fpr_req"": ""15"", ""sel_fpr_bid"": ""+120600"", ""buy_fpr_bid"": ""-120000"", ""buy_fpr_req"": ""20"", ""buy_1th_pre_req_pre"": ""0"", ""buy_2th_pre_bid"": ""-119900"", ""buy_2th_pre_req"": ""17"", ""buy_2th_pre_req_pre"": ""--20"", ""buy_3th_pre_bid"": ""-119800"", ""buy_3th_pre_req"": ""142"", ""buy_3th_pre_req_pre"": ""0"", ""buy_4th_pre_bid"": ""-119700"", ""buy_4th_pre_req"": ""226"", ""buy_4th_pre_req_pre"": ""0"", ""buy_5th_pre_bid"": ""-119600"", ""buy_5th_pre_req"": ""84"", ""buy_5th_pre_req_pre"": ""0"", ""buy_6th_pre_bid"": ""-119500"", ""buy_6th_pre_req"": ""108"", ""buy_6th_pre_req_pre"": ""0"", ""buy_7th_pre_bid"": ""-119400"", ""buy_7th_pre_req"": ""45"", ""buy_7th_pre_req_pre"": ""0"", ""buy_8th_pre_bid"": ""-119300"", ""buy_8th_pre_req"": ""19"", ""buy_8th_pre_req_pre"": ""0"", ""buy_9th_pre_bid"": ""-119200"", ""buy_9th_pre_req"": ""29"", ""buy_9th_pre_req_pre"": ""0"", ""buy_10th_pre_bid"": ""-119100"", ""buy_10th_pre_req"": ""26"", ""buy_10th_pre_req_pre"": ""0"", ""tot_sel_req_jub_pre"": ""+1"", ""tot_sel_req"": ""476"", ""tot_buy_req"": ""716"", ""tot_buy_req_jub_pre"": ""--171"", ""ovt_sel_req_pre"": ""0"", ""ovt_sel_req"": ""0"", ""ovt_buy_req"": ""0"", ""ovt_buy_req_pre"": ""0"", ""return_code"": 0, ""return_msg"": ""정상적으로 처리되었습니다""}"
2026-06-10,scan_candidate,001740,,0,main_scan,13680,,13680,13630,13680,13650,-0.5847953216374269,0.36549707602339176,,,,,,"{""bid_req_base_tm"": ""094209"", ""sel_10th_pre_req_pre"": ""0"", ""sel_10th_pre_req"": ""11"", ""sel_10th_pre_bid"": ""-13790"", ""sel_9th_pre_req_pre"": ""0"", ""sel_9th_pre_req"": ""576"", ""sel_9th_pre_bid"": ""-13780"", ""sel_8th_pre_req_pre"": ""0"", ""sel_8th_pre_req"": ""117"", ""sel_8th_pre_bid"": ""-13770"", ""sel_7th_pre_req_pre"": ""0"", ""sel_7th_pre_req"": ""1"", ""sel_7th_pre_bid"": ""-13750"", ""sel_6th_pre_req_pre"": ""0"", ""sel_6th_pre_req"": ""424"", ""sel_6th_pre_bid"": ""-13740"", ""sel_5th_pre_req_pre"": ""0"", ""sel_5th_pre_req"": ""710"", ""sel_5th_pre_bid"": ""-13730"", ""sel_4th_pre_req_pre"": ""0"", ""sel_4th_pre_req"": ""1497"", ""sel_4th_pre_bid"": ""-13720"", ""sel_3th_pre_req_pre"": ""0"", ""sel_3th_pre_req"": ""144"", ""sel_3th_pre_bid"": ""-13710"", ""sel_2th_pre_req_pre"": ""0"", ""sel_2th_pre_req"": ""468"", ""sel_2th_pre_bid"": ""-13690"", ""sel_1th_pre_req_pre"": ""0"", ""sel_fpr_req"": ""77"", ""sel_fpr_bid"": ""-13680"", ""buy_fpr_bid"": ""-13630"", ""buy_fpr_req"": ""323"", ""buy_1th_pre_req_pre"": ""0"", ""buy_2th_pre_bid"": ""-13620"", ""buy_2th_pre_req"": ""2241"", ""buy_2th_pre_req_pre"": ""+1883"", ""buy_3th_pre_bid"": ""-13610"", ""buy_3th_pre_req"": ""1117"", ""buy_3th_pre_req_pre"": ""+161"", ""buy_4th_pre_bid"": ""-13600"", ""buy_4th_pre_req"": ""12395"", ""buy_4th_pre_req_pre"": ""--181"", ""buy_5th_pre_bid"": ""-13590"", ""buy_5th_pre_req"": ""2128"", ""buy_5th_pre_req_pre"": ""0"", ""buy_6th_pre_bid"": ""-13580"", ""buy_6th_pre_req"": ""1546"", ""buy_6th_pre_req_pre"": ""0"", ""buy_7th_pre_bid"": ""-13570"", ""buy_7th_pre_req"": ""635"", ""buy_7th_pre_req_pre"": ""0"", ""buy_8th_pre_bid"": ""-13560"", ""buy_8th_pre_req"": ""5141"", ""buy_8th_pre_req_pre"": ""0"", ""buy_9th_pre_bid"": ""-13550"", ""buy_9th_pre_req"": ""8215"", ""buy_9th_pre_req_pre"": ""0"", ""buy_10th_pre_bid"": ""-13540"", ""buy_10th_pre_req"": ""6223"", ""buy_10th_pre_req_pre"": ""0"", ""tot_sel_req_jub_pre"": ""0"", ""tot_sel_req"": ""4025"", ""tot_buy_req"": ""39964"", ""tot_buy_req_jub_pre"": ""+1863"", ""ovt_sel_req_pre"": ""0"", ""ovt_sel_req"": ""0"", ""ovt_buy_req"": ""0"", ""ovt_buy_req_pre"": ""0"", ""return_code"": 0, ""return_msg"": ""정상적으로 처리되었습니다""}"
2026-06-10,scan_candidate,383220,,0,main_scan,75800,,75800,75700,75800,75800,-0.13192612137203166,0.13192612137203166,,,,,,"{""bid_req_base_tm"": ""094210"", ""sel_10th_pre_req_pre"": ""0"", ""sel_10th_pre_req"": ""4"", ""sel_10th_pre_bid"": ""+77300"", ""sel_9th_pre_req_pre"": ""0"", ""sel_9th_pre_req"": ""7"", ""sel_9th_pre_bid"": ""+77200"", ""sel_8th_pre_req_pre"": ""0"", ""sel_8th_pre_req"": ""105"", ""sel_8th_pre_bid"": ""+76900"", ""sel_7th_pre_req_pre"": ""0"", ""sel_7th_pre_req"": ""10"", ""sel_7th_pre_bid"": ""+76800"", ""sel_6th_pre_req_pre"": ""0"", ""sel_6th_pre_req"": ""1"", ""sel_6th_pre_bid"": ""+76700"", ""sel_5th_pre_req_pre"": ""0"", ""sel_5th_pre_req"": ""1"", ""sel_5th_pre_bid"": ""+76400"", ""sel_4th_pre_req_pre"": ""0"", ""sel_4th_pre_req"": ""1"", ""sel_4th_pre_bid"": ""+76100"", ""sel_3th_pre_req_pre"": ""0"", ""sel_3th_pre_req"": ""7"", ""sel_3th_pre_bid"": ""+76000"", ""sel_2th_pre_req_pre"": ""0"", ""sel_2th_pre_req"": ""167"", ""sel_2th_pre_bid"": ""+75900"", ""sel_1th_pre_req_pre"": ""0"", ""sel_fpr_req"": ""112"", ""sel_fpr_bid"": ""+75800"", ""buy_fpr_bid"": ""+75700"", ""buy_fpr_req"": ""53"", ""buy_1th_pre_req_pre"": ""0"", ""buy_2th_pre_bid"": ""+75600"", ""buy_2th_pre_req"": ""77"", ""buy_2th_pre_req_pre"": ""0"", ""buy_3th_pre_bid"": ""+75500"", ""buy_3th_pre_req"": ""15"", ""buy_3th_pre_req_pre"": ""0"", ""buy_4th_pre_bid"": ""+75400"", ""buy_4th_pre_req"": ""1"", ""buy_4th_pre_req_pre"": ""0"", ""buy_5th_pre_bid"": ""+75300"", ""buy_5th_pre_req"": ""10"", ""buy_5th_pre_req_pre"": ""0"", ""buy_6th_pre_bid"": ""+75200"", ""buy_6th_pre_req"": ""8"", ""buy_6th_pre_req_pre"": ""0"", ""buy_7th_pre_bid"": ""+75100"", ""buy_7th_pre_req"": ""128"", ""buy_7th_pre_req_pre"": ""0"", ""buy_8th_pre_bid"": ""+75000"", ""buy_8th_pre_req"": ""4"", ""buy_8th_pre_req_pre"": ""0"", ""buy_9th_pre_bid"": ""+74900"", ""buy_9th_pre_req"": ""10"", ""buy_9th_pre_req_pre"": ""0"", ""buy_10th_pre_bid"": ""+74800"", ""buy_10th_pre_req"": ""19"", ""buy_10th_pre_req_pre"": ""0"", ""tot_sel_req_jub_pre"": ""--9"", ""tot_sel_req"": ""415"", ""tot_buy_req"": ""325"", ""tot_buy_req_jub_pre"": ""0"", ""ovt_sel_req_pre"": ""0"", ""ovt_sel_req"": ""0"", ""ovt_buy_req"": ""0"", ""ovt_buy_req_pre"": ""0"", ""return_code"": 0, ""return_msg"": ""정상적으로 처리되었습니다""}"
2026-06-10,scan_candidate,014680,,0,main_scan,260500,,260500,260000,260500,261500,0.19193857965451055,0.19193857965451055,,,,,,"{""bid_req_base_tm"": ""094210"", ""sel_10th_pre_req_pre"": ""0"", ""sel_10th_pre_req"": ""24"", ""sel_10th_pre_bid"": ""+265000"", ""sel_9th_pre_req_pre"": ""0"", ""sel_9th_pre_req"": ""39"", ""sel_9th_pre_bid"": ""+264500"", ""sel_8th_pre_req_pre"": ""0"", ""sel_8th_pre_req"": ""76"", ""sel_8th_pre_bid"": ""+264000"", ""sel_7th_pre_req_pre"": ""0"", ""sel_7th_pre_req"": ""52"", ""sel_7th_pre_bid"": ""+263500"", ""sel_6th_pre_req_pre"": ""0"", ""sel_6th_pre_req"": ""12"", ""sel_6th_pre_bid"": ""+263000"", ""sel_5th_pre_req_pre"": ""0"", ""sel_5th_pre_req"": ""26"", ""sel_5th_pre_bid"": ""+262500"", ""sel_4th_pre_req_pre"": ""0"", ""sel_4th_pre_req"": ""3"", ""sel_4th_pre_bid"": ""+262000"", ""sel_3th_pre_req_pre"": ""0"", ""sel_3th_pre_req"": ""56"", ""sel_3th_pre_bid"": ""+261500"", ""sel_2th_pre_req_pre"": ""0"", ""sel_2th_pre_req"": ""63"", ""sel_2th_pre_bid"": ""+261000"", ""sel_1th_pre_req_pre"": ""0"", ""sel_fpr_req"": ""91"", ""sel_fpr_bid"": ""+260500"", ""buy_fpr_bid"": ""+260000"", ""buy_fpr_req"": ""3"", ""buy_1th_pre_req_pre"": ""0"", ""buy_2th_pre_bid"": ""+259500"", ""buy_2th_pre_req"": ""338"", ""buy_2th_pre_req_pre"": ""0"", ""buy_3th_pre_bid"": ""+259000"", ""buy_3th_pre_req"": ""11"", ""buy_3th_pre_req_pre"": ""0"", ""buy_4th_pre_bid"": ""+258500"", ""buy_4th_pre_req"": ""302"", ""buy_4th_pre_req_pre"": ""0"", ""buy_5th_pre_bid"": ""+258000"", ""buy_5th_pre_req"": ""20"", ""buy_5th_pre_req_pre"": ""0"", ""buy_6th_pre_bid"": ""+257500"", ""buy_6th_pre_req"": ""9"", ""buy_6th_pre_req_pre"": ""0"", ""buy_7th_pre_bid"": ""+257000"", ""buy_7th_pre_req"": ""103"", ""buy_7th_pre_req_pre"": ""0"", ""buy_8th_pre_bid"": ""+256500"", ""buy_8th_pre_req"": ""2"", ""buy_8th_pre_req_pre"": ""0"", ""buy_9th_pre_bid"": ""+256000"", ""buy_9th_pre_req"": ""107"", ""buy_9th_pre_req_pre"": ""0"", ""buy_10th_pre_bid"": ""+255500"", ""buy_10th_pre_req"": ""68"", ""buy_10th_pre_req_pre"": ""0"", ""tot_sel_req_jub_pre"": ""0"", ""tot_sel_req"": ""442"", ""tot_buy_req"": ""963"", ""tot_buy_req_jub_pre"": ""0"", ""ovt_sel_req_pre"": ""0"", ""ovt_sel_req"": ""0"", ""ovt_buy_req"": ""0"", ""ovt_buy_req_pre"": ""0"", ""return_code"": 0, ""return_msg"": ""정상적으로 처리되었습니다""}"
2026-06-10,scan_candidate,028670,,0,main_scan,5060,,5060,5050,5060,5090,0.3952569169960474,0.1976284584980237,,,,,,"{""bid_req_base_tm"": ""094209"", ""sel_10th_pre_req_pre"": ""0"", ""sel_10th_pre_req"": ""200"", ""sel_10th_pre_bid"": ""-5150"", ""sel_9th_pre_req_pre"": ""0"", ""sel_9th_pre_req"": ""305"", ""sel_9th_pre_bid"": ""-5140"", ""sel_8th_pre_req_pre"": ""0"", ""sel_8th_pre_req"": ""159"", ""sel_8th_pre_bid"": ""-5130"", ""sel_7th_pre_req_pre"": ""0"", ""sel_7th_pre_req"": ""307"", ""sel_7th_pre_bid"": ""-5120"", ""sel_6th_pre_req_pre"": ""0"", ""sel_6th_pre_req"": ""200"", ""sel_6th_pre_bid"": ""-5110"", ""sel_5th_pre_req_pre"": ""0"", ""sel_5th_pre_req"": ""1388"", ""sel_5th_pre_bid"": ""-5100"", ""sel_4th_pre_req_pre"": ""0"", ""sel_4th_pre_req"": ""1250"", ""sel_4th_pre_bid"": ""-5090"", ""sel_3th_pre_req_pre"": ""0"", ""sel_3th_pre_req"": ""4102"", ""sel_3th_pre_bid"": ""-5080"", ""sel_2th_pre_req_pre"": ""0"", ""sel_2th_pre_req"": ""2234"", ""sel_2th_pre_bid"": ""-5070"", ""sel_1th_pre_req_pre"": ""0"", ""sel_fpr_req"": ""243"", ""sel_fpr_bid"": ""-5060"", ""buy_fpr_bid"": ""-5050"", ""buy_fpr_req"": ""6028"", ""buy_1th_pre_req_pre"": ""0"", ""buy_2th_pre_bid"": ""-5040"", ""buy_2th_pre_req"": ""2556"", ""buy_2th_pre_req_pre"": ""--10"", ""buy_3th_pre_bid"": ""-5030"", ""buy_3th_pre_req"": ""3083"", ""buy_3th_pre_req_pre"": ""0"", ""buy_4th_pre_bid"": ""-5020"", ""buy_4th_pre_req"": ""2411"", ""buy_4th_pre_req_pre"": ""+10"", ""buy_5th_pre_bid"": ""-5010"", ""buy_5th_pre_req"": ""3179"", ""buy_5th_pre_req_pre"": ""0"", ""buy_6th_pre_bid"": ""-5000"", ""buy_6th_pre_req"": ""6099"", ""buy_6th_pre_req_pre"": ""0"", ""buy_7th_pre_bid"": ""-4995"", ""buy_7th_pre_req"": ""2242"", ""buy_7th_pre_req_pre"": ""0"", ""buy_8th_pre_bid"": ""-4990"", ""buy_8th_pre_req"": ""1142"", ""buy_8th_pre_req_pre"": ""0"", ""buy_9th_pre_bid"": ""-4985"", ""buy_9th_pre_req"": ""23"", ""buy_9th_pre_req_pre"": ""0"", ""buy_10th_pre_bid"": ""-4980"", ""buy_10th_pre_req"": ""4401"", ""buy_10th_pre_req_pre"": ""0"", ""tot_sel_req_jub_pre"": ""0"", ""tot_sel_req"": ""10388"", ""tot_buy_req"": ""31164"", ""tot_buy_req_jub_pre"": ""0"", ""ovt_sel_req_pre"": ""0"", ""ovt_sel_req"": ""0"", ""ovt_buy_req"": ""0"", ""ovt_buy_req_pre"": ""0"", ""return_code"": 0, ""return_msg"": ""정상적으로 처리되었습니다""}"
2026-06-10,scan_candidate,009420,,0,main_scan,50700,,50700,50500,50700,50900,0.19723865877712032,0.39447731755424065,,,,,,"{""bid_req_base_tm"": ""094210"", ""sel_10th_pre_req_pre"": ""0"", ""sel_10th_pre_req"": ""13"", ""sel_10th_pre_bid"": ""-51600"", ""sel_9th_pre_req_pre"": ""0"", ""sel_9th_pre_req"": ""10"", ""sel_9th_pre_bid"": ""-51500"", ""sel_8th_pre_req_pre"": ""0"", ""sel_8th_pre_req"": ""40"", ""sel_8th_pre_bid"": ""-51400"", ""sel_7th_pre_req_pre"": ""0"", ""sel_7th_pre_req"": ""9"", ""sel_7th_pre_bid"": ""-51300"", ""sel_6th_pre_req_pre"": ""0"", ""sel_6th_pre_req"": ""13"", ""sel_6th_pre_bid"": ""-51200"", ""sel_5th_pre_req_pre"": ""0"", ""sel_5th_pre_req"": ""50"", ""sel_5th_pre_bid"": ""-51100"", ""sel_4th_pre_req_pre"": ""0"", ""sel_4th_pre_req"": ""100"", ""sel_4th_pre_bid"": ""-51000"", ""sel_3th_pre_req_pre"": ""0"", ""sel_3th_pre_req"": ""54"", ""sel_3th_pre_bid"": ""-50900"", ""sel_2th_pre_req_pre"": ""0"", ""sel_2th_pre_req"": ""157"", ""sel_2th_pre_bid"": ""-50800"", ""sel_1th_pre_req_pre"": ""+74"", ""sel_fpr_req"": ""139"", ""sel_fpr_bid"": ""-50700"", ""buy_fpr_bid"": ""-50500"", ""buy_fpr_req"": ""98"", ""buy_1th_pre_req_pre"": ""0"", ""buy_2th_pre_bid"": ""-50400"", ""buy_2th_pre_req"": ""237"", ""buy_2th_pre_req_pre"": ""0"", ""buy_3th_pre_bid"": ""-50300"", ""buy_3th_pre_req"": ""327"", ""buy_3th_pre_req_pre"": ""0"", ""buy_4th_pre_bid"": ""-50200"", ""buy_4th_pre_req"": ""107"", ""buy_4th_pre_req_pre"": ""0"", ""buy_5th_pre_bid"": ""-50100"", ""buy_5th_pre_req"": ""185"", ""buy_5th_pre_req_pre"": ""0"", ""buy_6th_pre_bid"": ""-50000"", ""buy_6th_pre_req"": ""811"", ""buy_6th_pre_req_pre"": ""0"", ""buy_7th_pre_bid"": ""-49950"", ""buy_7th_pre_req"": ""300"", ""buy_7th_pre_req_pre"": ""0"", ""buy_8th_pre_bid"": ""-49900"", ""buy_8th_pre_req"": ""494"", ""buy_8th_pre_req_pre"": ""0"", ""buy_9th_pre_bid"": ""-49850"", ""buy_9th_pre_req"": ""1266"", ""buy_9th_pre_req_pre"": ""0"", ""buy_10th_pre_bid"": ""-49800"", ""buy_10th_pre_req"": ""286"", ""buy_10th_pre_req_pre"": ""0"", ""tot_sel_req_jub_pre"": ""+74"", ""tot_sel_req"": ""585"", ""tot_buy_req"": ""4111"", ""tot_buy_req_jub_pre"": ""0"", ""ovt_sel_req_pre"": ""0"", ""ovt_sel_req"": ""0"", ""ovt_buy_req"": ""0"", ""ovt_buy_req_pre"": ""0"", ""return_code"": 0, ""return_msg"": ""정상적으로 처리되었습니다""}"
2026-06-10,scan_candidate,004990,,0,main_scan,25500,,25500,25450,25500,25650,0.39215686274509803,0.19607843137254902,,,,,,"{""bid_req_base_tm"": ""094204"", ""sel_10th_pre_req_pre"": ""0"", ""sel_10th_pre_req"": ""604"", ""sel_10th_pre_bid"": ""-26100"", ""sel_9th_pre_req_pre"": ""0"", ""sel_9th_pre_req"": ""53"", ""sel_9th_pre_bid"": ""-26050"", ""sel_8th_pre_req_pre"": ""0"", ""sel_8th_pre_req"": ""504"", ""sel_8th_pre_bid"": ""-26000"", ""sel_7th_pre_req_pre"": ""0"", ""sel_7th_pre_req"": ""102"", ""sel_7th_pre_bid"": ""-25950"", ""sel_6th_pre_req_pre"": ""0"", ""sel_6th_pre_req"": ""156"", ""sel_6th_pre_bid"": ""-25800"", ""sel_5th_pre_req_pre"": ""0"", ""sel_5th_pre_req"": ""569"", ""sel_5th_pre_bid"": ""-25750"", ""sel_4th_pre_req_pre"": ""0"", ""sel_4th_pre_req"": ""115"", ""sel_4th_pre_bid"": ""-25700"", ""sel_3th_pre_req_pre"": ""0"", ""sel_3th_pre_req"": ""172"", ""sel_3th_pre_bid"": ""-25600"", ""sel_2th_pre_req_pre"": ""0"", ""sel_2th_pre_req"": ""371"", ""sel_2th_pre_bid"": ""-25550"", ""sel_1th_pre_req_pre"": ""0"", ""sel_fpr_req"": ""1104"", ""sel_fpr_bid"": ""-25500"", ""buy_fpr_bid"": ""-25450"", ""buy_fpr_req"": ""1437"", ""buy_1th_pre_req_pre"": ""0"", ""buy_2th_pre_bid"": ""-25400"", ""buy_2th_pre_req"": ""924"", ""buy_2th_pre_req_pre"": ""0"", ""buy_3th_pre_bid"": ""-25350"", ""buy_3th_pre_req"": ""264"", ""buy_3th_pre_req_pre"": ""0"", ""buy_4th_pre_bid"": ""-25300"", ""buy_4th_pre_req"": ""653"", ""buy_4th_pre_req_pre"": ""+2"", ""buy_5th_pre_bid"": ""-25250"", ""buy_5th_pre_req"": ""631"", ""buy_5th_pre_req_pre"": ""0"", ""buy_6th_pre_bid"": ""-25200"", ""buy_6th_pre_req"": ""410"", ""buy_6th_pre_req_pre"": ""0"", ""buy_7th_pre_bid"": ""-25150"", ""buy_7th_pre_req"": ""671"", ""buy_7th_pre_req_pre"": ""0"", ""buy_8th_pre_bid"": ""-25100"", ""buy_8th_pre_req"": ""1425"", ""buy_8th_pre_req_pre"": ""0"", ""buy_9th_pre_bid"": ""-25050"", ""buy_9th_pre_req"": ""321"", ""buy_9th_pre_req_pre"": ""0"", ""buy_10th_pre_bid"": ""-25000"", ""buy_10th_pre_req"": ""635"", ""buy_10th_pre_req_pre"": ""0"", ""tot_sel_req_jub_pre"": ""0"", ""tot_sel_req"": ""3750"", ""tot_buy_req"": ""7371"", ""tot_buy_req_jub_pre"": ""+2"", ""ovt_sel_req_pre"": ""0"", ""ovt_sel_req"": ""0"", ""ovt_buy_req"": ""0"", ""ovt_buy_req_pre"": ""0"", ""return_code"": 0, ""return_msg"": ""정상적으로 처리되었습니다""}"
2026-06-10,scan_candidate,483650,,0,main_scan,202000,,202000,201000,202000,202500,0.0,0.49504950495049505,,,,,,"{""bid_req_base_tm"": ""094210"", ""sel_10th_pre_req_pre"": ""0"", ""sel_10th_pre_req"": ""607"", ""sel_10th_pre_bid"": ""+206500"", ""sel_9th_pre_req_pre"": ""0"", ""sel_9th_pre_req"": ""407"", ""sel_9th_pre_bid"": ""+206000"", ""sel_8th_pre_req_pre"": ""0"", ""sel_8th_pre_req"": ""182"", ""sel_8th_pre_bid"": ""+205500"", ""sel_7th_pre_req_pre"": ""0"", ""sel_7th_pre_req"": ""134"", ""sel_7th_pre_bid"": ""+205000"", ""sel_6th_pre_req_pre"": ""0"", ""sel_6th_pre_req"": ""78"", ""sel_6th_pre_bid"": ""+204500"", ""sel_5th_pre_req_pre"": ""0"", ""sel_5th_pre_req"": ""43"", ""sel_5th_pre_bid"": ""+204000"", ""sel_4th_pre_req_pre"": ""0"", ""sel_4th_pre_req"": ""3"", ""sel_4th_pre_bid"": ""+203500"", ""sel_3th_pre_req_pre"": ""0"", ""sel_3th_pre_req"": ""43"", ""sel_3th_pre_bid"": ""+203000"", ""sel_2th_pre_req_pre"": ""0"", ""sel_2th_pre_req"": ""10"", ""sel_2th_pre_bid"": ""+202500"", ""sel_1th_pre_req_pre"": ""+14"", ""sel_fpr_req"": ""58"", ""sel_fpr_bid"": ""+202000"", ""buy_fpr_bid"": ""+201000"", ""buy_fpr_req"": ""130"", ""buy_1th_pre_req_pre"": ""0"", ""buy_2th_pre_bid"": ""+200500"", ""buy_2th_pre_req"": ""160"", ""buy_2th_pre_req_pre"": ""0"", ""buy_3th_pre_bid"": ""+200000"", ""buy_3th_pre_req"": ""267"", ""buy_3th_pre_req_pre"": ""0"", ""buy_4th_pre_bid"": ""+199900"", ""buy_4th_pre_req"": ""29"", ""buy_4th_pre_req_pre"": ""0"", ""buy_5th_pre_bid"": ""+199800"", ""buy_5th_pre_req"": ""6"", ""buy_5th_pre_req_pre"": ""0"", ""buy_6th_pre_bid"": ""+199700"", ""buy_6th_pre_req"": ""26"", ""buy_6th_pre_req_pre"": ""0"", ""buy_7th_pre_bid"": ""+199600"", ""buy_7th_pre_req"": ""2"", ""buy_7th_pre_req_pre"": ""0"", ""buy_8th_pre_bid"": ""+199500"", ""buy_8th_pre_req"": ""13"", ""buy_8th_pre_req_pre"": ""0"", ""buy_9th_pre_bid"": ""+199400"", ""buy_9th_pre_req"": ""2"", ""buy_9th_pre_req_pre"": ""0"", ""buy_10th_pre_bid"": ""+199300"", ""buy_10th_pre_req"": ""6"", ""buy_10th_pre_req_pre"": ""0"", ""tot_sel_req_jub_pre"": ""+14"", ""tot_sel_req"": ""1565"", ""tot_buy_req"": ""641"", ""tot_buy_req_jub_pre"": ""0"", ""ovt_sel_req_pre"": ""0"", ""ovt_sel_req"": ""0"", ""ovt_buy_req"": ""0"", ""ovt_buy_req_pre"": ""0"", ""return_code"": 0, ""return_msg"": ""정상적으로 처리되었습니다""}"
2026-06-10,scan_candidate,003690,,0,main_scan,13260,,13260,13250,13260,13150,-1.206636500754148,0.07541478129713425,,,,,,"{""bid_req_base_tm"": ""094210"", ""sel_10th_pre_req_pre"": ""0"", ""sel_10th_pre_req"": ""883"", ""sel_10th_pre_bid"": ""-13350"", ""sel_9th_pre_req_pre"": ""0"", ""sel_9th_pre_req"": ""481"", ""sel_9th_pre_bid"": ""-13340"", ""sel_8th_pre_req_pre"": ""0"", ""sel_8th_pre_req"": ""55"", ""sel_8th_pre_bid"": ""-13330"", ""sel_7th_pre_req_pre"": ""0"", ""sel_7th_pre_req"": ""285"", ""sel_7th_pre_bid"": ""-13320"", ""sel_6th_pre_req_pre"": ""0"", ""sel_6th_pre_req"": ""50"", ""sel_6th_pre_bid"": ""-13310"", ""sel_5th_pre_req_pre"": ""0"", ""sel_5th_pre_req"": ""632"", ""sel_5th_pre_bid"": ""-13300"", ""sel_4th_pre_req_pre"": ""0"", ""sel_4th_pre_req"": ""1"", ""sel_4th_pre_bid"": ""-13290"", ""sel_3th_pre_req_pre"": ""0"", ""sel_3th_pre_req"": ""3"", ""sel_3th_pre_bid"": ""-13280"", ""sel_2th_pre_req_pre"": ""--24"", ""sel_2th_pre_req"": ""61"", ""sel_2th_pre_bid"": ""-13270"", ""sel_1th_pre_req_pre"": ""+26"", ""sel_fpr_req"": ""76"", ""sel_fpr_bid"": ""-13260"", ""buy_fpr_bid"": ""-13250"", ""buy_fpr_req"": ""481"", ""buy_1th_pre_req_pre"": ""0"", ""buy_2th_pre_bid"": ""-13240"", ""buy_2th_pre_req"": ""2"", ""buy_2th_pre_req_pre"": ""0"", ""buy_3th_pre_bid"": ""-13210"", ""buy_3th_pre_req"": ""43"", ""buy_3th_pre_req_pre"": ""0"", ""buy_4th_pre_bid"": ""-13160"", ""buy_4th_pre_req"": ""88"", ""buy_4th_pre_req_pre"": ""0"", ""buy_5th_pre_bid"": ""-13120"", ""buy_5th_pre_req"": ""50"", ""buy_5th_pre_req_pre"": ""0"", ""buy_6th_pre_bid"": ""-13090"", ""buy_6th_pre_req"": ""76"", ""buy_6th_pre_req_pre"": ""0"", ""buy_7th_pre_bid"": ""-13080"", ""buy_7th_pre_req"": ""4"", ""buy_7th_pre_req_pre"": ""0"", ""buy_8th_pre_bid"": ""-13070"", ""buy_8th_pre_req"": ""2"", ""buy_8th_pre_req_pre"": ""0"", ""buy_9th_pre_bid"": ""-13060"", ""buy_9th_pre_req"": ""5"", ""buy_9th_pre_req_pre"": ""0"", ""buy_10th_pre_bid"": ""-13050"", ""buy_10th_pre_req"": ""183"", ""buy_10th_pre_req_pre"": ""0"", ""tot_sel_req_jub_pre"": ""+2"", ""tot_sel_req"": ""2527"", ""tot_buy_req"": ""934"", ""tot_buy_req_jub_pre"": ""0"", ""ovt_sel_req_pre"": ""0"", ""ovt_sel_req"": ""0"", ""ovt_buy_req"": ""0"", ""ovt_buy_req_pre"": ""0"", ""return_code"": 0, ""return_msg"": ""정상적으로 처리되었습니다""}"
2026-06-10,scan_candidate,279570,,0,main_scan,5960,,5960,5950,5960,5950,-0.33557046979865773,0.16778523489932887,,,,,,"{""bid_req_base_tm"": ""094211"", ""sel_10th_pre_req_pre"": ""0"", ""sel_10th_pre_req"": ""29598"", ""sel_10th_pre_bid"": ""+6050"", ""sel_9th_pre_req_pre"": ""0"", ""sel_9th_pre_req"": ""39361"", ""sel_9th_pre_bid"": ""+6040"", ""sel_8th_pre_req_pre"": ""0"", ""sel_8th_pre_req"": ""15963"", ""sel_8th_pre_bid"": ""+6030"", ""sel_7th_pre_req_pre"": ""0"", ""sel_7th_pre_req"": ""12380"", ""sel_7th_pre_bid"": ""+6020"", ""sel_6th_pre_req_pre"": ""0"", ""sel_6th_pre_req"": ""14123"", ""sel_6th_pre_bid"": ""+6010"", ""sel_5th_pre_req_pre"": ""0"", ""sel_5th_pre_req"": ""13886"", ""sel_5th_pre_bid"": ""+6000"", ""sel_4th_pre_req_pre"": ""0"", ""sel_4th_pre_req"": ""3607"", ""sel_4th_pre_bid"": ""+5990"", ""sel_3th_pre_req_pre"": ""0"", ""sel_3th_pre_req"": ""667"", ""sel_3th_pre_bid"": ""+5980"", ""sel_2th_pre_req_pre"": ""0"", ""sel_2th_pre_req"": ""298"", ""sel_2th_pre_bid"": ""+5970"", ""sel_1th_pre_req_pre"": ""0"", ""sel_fpr_req"": ""554"", ""sel_fpr_bid"": ""+5960"", ""buy_fpr_bid"": ""+5950"", ""buy_fpr_req"": ""26634"", ""buy_1th_pre_req_pre"": ""--530"", ""buy_2th_pre_bid"": ""+5940"", ""buy_2th_pre_req"": ""5642"", ""buy_2th_pre_req_pre"": ""0"", ""buy_3th_pre_bid"": ""+5930"", ""buy_3th_pre_req"": ""4402"", ""buy_3th_pre_req_pre"": ""0"", ""buy_4th_pre_bid"": ""+5920"", ""buy_4th_pre_req"": ""3112"", ""buy_4th_pre_req_pre"": ""0"", ""buy_5th_pre_bid"": ""+5910"", ""buy_5th_pre_req"": ""5998"", ""buy_5th_pre_req_pre"": ""0"", ""buy_6th_pre_bid"": ""+5900"", ""buy_6th_pre_req"": ""11457"", ""buy_6th_pre_req_pre"": ""+1"", ""buy_7th_pre_bid"": ""+5890"", ""buy_7th_pre_req"": ""4625"", ""buy_7th_pre_req_pre"": ""0"", ""buy_8th_pre_bid"": ""+5880"", ""buy_8th_pre_req"": ""2456"", ""buy_8th_pre_req_pre"": ""0"", ""buy_9th_pre_bid"": ""+5870"", ""buy_9th_pre_req"": ""1317"", ""buy_9th_pre_req_pre"": ""0"", ""buy_10th_pre_bid"": ""+5860"", ""buy_10th_pre_req"": ""2091"", ""buy_10th_pre_req_pre"": ""0"", ""tot_sel_req_jub_pre"": ""0"", ""tot_sel_req"": ""130437"", ""tot_buy_req"": ""67734"", ""tot_buy_req_jub_pre"": ""--529"", ""ovt_sel_req_pre"": ""0"", ""ovt_sel_req"": ""0"", ""ovt_buy_req"": ""0"", ""ovt_buy_req_pre"": ""0"", ""return_code"": 0, ""return_msg"": ""정상적으로 처리되었습니다""}"
2026-06-10,scan_candidate,008770,,0,main_scan,53600,,53600,53500,53600,54000,0.5597014925373134,0.18656716417910446,,,,,,"{""bid_req_base_tm"": ""094211"", ""sel_10th_pre_req_pre"": ""0"", ""sel_10th_pre_req"": ""32"", ""sel_10th_pre_bid"": ""-54700"", ""sel_9th_pre_req_pre"": ""0"", ""sel_9th_pre_req"": ""3"", ""sel_9th_pre_bid"": ""-54600"", ""sel_8th_pre_req_pre"": ""0"", ""sel_8th_pre_req"": ""3"", ""sel_8th_pre_bid"": ""-54300"", ""sel_7th_pre_req_pre"": ""0"", ""sel_7th_pre_req"": ""153"", ""sel_7th_pre_bid"": ""-54200"", ""sel_6th_pre_req_pre"": ""0"", ""sel_6th_pre_req"": ""17"", ""sel_6th_pre_bid"": ""-54100"", ""sel_5th_pre_req_pre"": ""0"", ""sel_5th_pre_req"": ""65"", ""sel_5th_pre_bid"": ""-54000"", ""sel_4th_pre_req_pre"": ""0"", ""sel_4th_pre_req"": ""43"", ""sel_4th_pre_bid"": ""-53900"", ""sel_3th_pre_req_pre"": ""0"", ""sel_3th_pre_req"": ""21"", ""sel_3th_pre_bid"": ""-53800"", ""sel_2th_pre_req_pre"": ""0"", ""sel_2th_pre_req"": ""124"", ""sel_2th_pre_bid"": ""-53700"", ""sel_1th_pre_req_pre"": ""0"", ""sel_fpr_req"": ""247"", ""sel_fpr_bid"": ""-53600"", ""buy_fpr_bid"": ""-53500"", ""buy_fpr_req"": ""114"", ""buy_1th_pre_req_pre"": ""--173"", ""buy_2th_pre_bid"": ""-53400"", ""buy_2th_pre_req"": ""609"", ""buy_2th_pre_req_pre"": ""0"", ""buy_3th_pre_bid"": ""-53300"", ""buy_3th_pre_req"": ""598"", ""buy_3th_pre_req_pre"": ""0"", ""buy_4th_pre_bid"": ""-53200"", ""buy_4th_pre_req"": ""694"", ""buy_4th_pre_req_pre"": ""0"", ""buy_5th_pre_bid"": ""-53100"", ""buy_5th_pre_req"": ""312"", ""buy_5th_pre_req_pre"": ""0"", ""buy_6th_pre_bid"": ""-53000"", ""buy_6th_pre_req"": ""826"", ""buy_6th_pre_req_pre"": ""0"", ""buy_7th_pre_bid"": ""-52900"", ""buy_7th_pre_req"": ""190"", ""buy_7th_pre_req_pre"": ""0"", ""buy_8th_pre_bid"": ""-52800"", ""buy_8th_pre_req"": ""415"", ""buy_8th_pre_req_pre"": ""0"", ""buy_9th_pre_bid"": ""-52700"", ""buy_9th_pre_req"": ""327"", ""buy_9th_pre_req_pre"": ""0"", ""buy_10th_pre_bid"": ""-52600"", ""buy_10th_pre_req"": ""541"", ""buy_10th_pre_req_pre"": ""0"", ""tot_sel_req_jub_pre"": ""0"", ""tot_sel_req"": ""708"", ""tot_buy_req"": ""4626"", ""tot_buy_req_jub_pre"": ""--173"", ""ovt_sel_req_pre"": ""0"", ""ovt_sel_req"": ""0"", ""ovt_buy_req"": ""0"", ""ovt_buy_req_pre"": ""0"", ""return_code"": 0, ""return_msg"": ""정상적으로 처리되었습니다""}"
2026-06-10,scan_candidate,081660,,0,main_scan,40250,,40250,40150,40250,40350,0.12422360248447205,0.2484472049689441,,,,,,"{""bid_req_base_tm"": ""094211"", ""sel_10th_pre_req_pre"": ""0"", ""sel_10th_pre_req"": ""90"", ""sel_10th_pre_bid"": ""+40700"", ""sel_9th_pre_req_pre"": ""0"", ""sel_9th_pre_req"": ""50"", ""sel_9th_pre_bid"": ""+40650"", ""sel_8th_pre_req_pre"": ""0"", ""sel_8th_pre_req"": ""75"", ""sel_8th_pre_bid"": ""+40600"", ""sel_7th_pre_req_pre"": ""0"", ""sel_7th_pre_req"": ""126"", ""sel_7th_pre_bid"": ""+40550"", ""sel_6th_pre_req_pre"": ""0"", ""sel_6th_pre_req"": ""40"", ""sel_6th_pre_bid"": ""+40500"", ""sel_5th_pre_req_pre"": ""0"", ""sel_5th_pre_req"": ""20"", ""sel_5th_pre_bid"": ""+40450"", ""sel_4th_pre_req_pre"": ""0"", ""sel_4th_pre_req"": ""87"", ""sel_4th_pre_bid"": ""+40400"", ""sel_3th_pre_req_pre"": ""0"", ""sel_3th_pre_req"": ""18"", ""sel_3th_pre_bid"": ""+40350"", ""sel_2th_pre_req_pre"": ""0"", ""sel_2th_pre_req"": ""72"", ""sel_2th_pre_bid"": ""+40300"", ""sel_1th_pre_req_pre"": ""+1"", ""sel_fpr_req"": ""47"", ""sel_fpr_bid"": ""+40250"", ""buy_fpr_bid"": ""+40150"", ""buy_fpr_req"": ""126"", ""buy_1th_pre_req_pre"": ""0"", ""buy_2th_pre_bid"": ""+40100"", ""buy_2th_pre_req"": ""216"", ""buy_2th_pre_req_pre"": ""0"", ""buy_3th_pre_bid"": ""+40050"", ""buy_3th_pre_req"": ""293"", ""buy_3th_pre_req_pre"": ""0"", ""buy_4th_pre_bid"": ""+40000"", ""buy_4th_pre_req"": ""25"", ""buy_4th_pre_req_pre"": ""0"", ""buy_5th_pre_bid"": ""+39950"", ""buy_5th_pre_req"": ""155"", ""buy_5th_pre_req_pre"": ""0"", ""buy_6th_pre_bid"": ""+39900"", ""buy_6th_pre_req"": ""21"", ""buy_6th_pre_req_pre"": ""0"", ""buy_7th_pre_bid"": ""+39850"", ""buy_7th_pre_req"": ""154"", ""buy_7th_pre_req_pre"": ""0"", ""buy_8th_pre_bid"": ""+39800"", ""buy_8th_pre_req"": ""11"", ""buy_8th_pre_req_pre"": ""0"", ""buy_9th_pre_bid"": ""+39750"", ""buy_9th_pre_req"": ""40"", ""buy_9th_pre_req_pre"": ""0"", ""buy_10th_pre_bid"": ""39700"", ""buy_10th_pre_req"": ""10"", ""buy_10th_pre_req_pre"": ""0"", ""tot_sel_req_jub_pre"": ""+1"", ""tot_sel_req"": ""625"", ""tot_buy_req"": ""1051"", ""tot_buy_req_jub_pre"": ""0"", ""ovt_sel_req_pre"": ""0"", ""ovt_sel_req"": ""0"", ""ovt_buy_req"": ""0"", ""ovt_buy_req_pre"": ""0"", ""return_code"": 0, ""return_msg"": ""정상적으로 처리되었습니다""}"
2026-06-10,scan_candidate,462870,,0,main_scan,30700,,30700,30650,30700,30850,0.32573289902280134,0.16286644951140067,,,,,,"{""bid_req_base_tm"": ""094208"", ""sel_10th_pre_req_pre"": ""0"", ""sel_10th_pre_req"": ""10"", ""sel_10th_pre_bid"": ""-31150"", ""sel_9th_pre_req_pre"": ""0"", ""sel_9th_pre_req"": ""36"", ""sel_9th_pre_bid"": ""-31100"", ""sel_8th_pre_req_pre"": ""0"", ""sel_8th_pre_req"": ""28"", ""sel_8th_pre_bid"": ""-31050"", ""sel_7th_pre_req_pre"": ""0"", ""sel_7th_pre_req"": ""213"", ""sel_7th_pre_bid"": ""-31000"", ""sel_6th_pre_req_pre"": ""0"", ""sel_6th_pre_req"": ""1"", ""sel_6th_pre_bid"": ""-30950"", ""sel_5th_pre_req_pre"": ""0"", ""sel_5th_pre_req"": ""11"", ""sel_5th_pre_bid"": ""-30900"", ""sel_4th_pre_req_pre"": ""0"", ""sel_4th_pre_req"": ""49"", ""sel_4th_pre_bid"": ""-30850"", ""sel_3th_pre_req_pre"": ""0"", ""sel_3th_pre_req"": ""31"", ""sel_3th_pre_bid"": ""-30800"", ""sel_2th_pre_req_pre"": ""0"", ""sel_2th_pre_req"": ""4"", ""sel_2th_pre_bid"": ""-30750"", ""sel_1th_pre_req_pre"": ""0"", ""sel_fpr_req"": ""55"", ""sel_fpr_bid"": ""-30700"", ""buy_fpr_bid"": ""-30650"", ""buy_fpr_req"": ""59"", ""buy_1th_pre_req_pre"": ""0"", ""buy_2th_pre_bid"": ""-30600"", ""buy_2th_pre_req"": ""384"", ""buy_2th_pre_req_pre"": ""0"", ""buy_3th_pre_bid"": ""-30550"", ""buy_3th_pre_req"": ""99"", ""buy_3th_pre_req_pre"": ""0"", ""buy_4th_pre_bid"": ""-30500"", ""buy_4th_pre_req"": ""383"", ""buy_4th_pre_req_pre"": ""0"", ""buy_5th_pre_bid"": ""-30450"", ""buy_5th_pre_req"": ""73"", ""buy_5th_pre_req_pre"": ""0"", ""buy_6th_pre_bid"": ""-30400"", ""buy_6th_pre_req"": ""286"", ""buy_6th_pre_req_pre"": ""0"", ""buy_7th_pre_bid"": ""-30350"", ""buy_7th_pre_req"": ""21"", ""buy_7th_pre_req_pre"": ""0"", ""buy_8th_pre_bid"": ""-30300"", ""buy_8th_pre_req"": ""213"", ""buy_8th_pre_req_pre"": ""0"", ""buy_9th_pre_bid"": ""-30250"", ""buy_9th_pre_req"": ""175"", ""buy_9th_pre_req_pre"": ""0"", ""buy_10th_pre_bid"": ""-30200"", ""buy_10th_pre_req"": ""69"", ""buy_10th_pre_req_pre"": ""+1"", ""tot_sel_req_jub_pre"": ""0"", ""tot_sel_req"": ""438"", ""tot_buy_req"": ""1762"", ""tot_buy_req_jub_pre"": ""+1"", ""ovt_sel_req_pre"": ""0"", ""ovt_sel_req"": ""0"", ""ovt_buy_req"": ""0"", ""ovt_buy_req_pre"": ""0"", ""return_code"": 0, ""return_msg"": ""정상적으로 처리되었습니다""}"
2026-06-10,scan_candidate,120110,,0,main_scan,68900,,68900,68800,68900,68900,-0.14513788098693758,0.14513788098693758,,,,,,"{""bid_req_base_tm"": ""094211"", ""sel_10th_pre_req_pre"": ""0"", ""sel_10th_pre_req"": ""18"", ""sel_10th_pre_bid"": ""+69900"", ""sel_9th_pre_req_pre"": ""0"", ""sel_9th_pre_req"": ""100"", ""sel_9th_pre_bid"": ""+69800"", ""sel_8th_pre_req_pre"": ""0"", ""sel_8th_pre_req"": ""506"", ""sel_8th_pre_bid"": ""+69700"", ""sel_7th_pre_req_pre"": ""0"", ""sel_7th_pre_req"": ""70"", ""sel_7th_pre_bid"": ""+69600"", ""sel_6th_pre_req_pre"": ""0"", ""sel_6th_pre_req"": ""86"", ""sel_6th_pre_bid"": ""+69500"", ""sel_5th_pre_req_pre"": ""0"", ""sel_5th_pre_req"": ""90"", ""sel_5th_pre_bid"": ""+69400"", ""sel_4th_pre_req_pre"": ""0"", ""sel_4th_pre_req"": ""27"", ""sel_4th_pre_bid"": ""+69200"", ""sel_3th_pre_req_pre"": ""0"", ""sel_3th_pre_req"": ""56"", ""sel_3th_pre_bid"": ""+69100"", ""sel_2th_pre_req_pre"": ""0"", ""sel_2th_pre_req"": ""551"", ""sel_2th_pre_bid"": ""+69000"", ""sel_1th_pre_req_pre"": ""0"", ""sel_fpr_req"": ""45"", ""sel_fpr_bid"": ""+68900"", ""buy_fpr_bid"": ""+68800"", ""buy_fpr_req"": ""26"", ""buy_1th_pre_req_pre"": ""+5"", ""buy_2th_pre_bid"": ""+68700"", ""buy_2th_pre_req"": ""16"", ""buy_2th_pre_req_pre"": ""0"", ""buy_3th_pre_bid"": ""+68600"", ""buy_3th_pre_req"": ""25"", ""buy_3th_pre_req_pre"": ""0"", ""buy_4th_pre_bid"": ""+68500"", ""buy_4th_pre_req"": ""114"", ""buy_4th_pre_req_pre"": ""0"", ""buy_5th_pre_bid"": ""+68400"", ""buy_5th_pre_req"": ""121"", ""buy_5th_pre_req_pre"": ""0"", ""buy_6th_pre_bid"": ""+68300"", ""buy_6th_pre_req"": ""20"", ""buy_6th_pre_req_pre"": ""0"", ""buy_7th_pre_bid"": ""+68200"", ""buy_7th_pre_req"": ""52"", ""buy_7th_pre_req_pre"": ""0"", ""buy_8th_pre_bid"": ""+68100"", ""buy_8th_pre_req"": ""1168"", ""buy_8th_pre_req_pre"": ""0"", ""buy_9th_pre_bid"": ""+68000"", ""buy_9th_pre_req"": ""239"", ""buy_9th_pre_req_pre"": ""0"", ""buy_10th_pre_bid"": ""+67900"", ""buy_10th_pre_req"": ""33"", ""buy_10th_pre_req_pre"": ""0"", ""tot_sel_req_jub_pre"": ""0"", ""tot_sel_req"": ""1549"", ""tot_buy_req"": ""1814"", ""tot_buy_req_jub_pre"": ""+5"", ""ovt_sel_req_pre"": ""0"", ""ovt_sel_req"": ""0"", ""ovt_buy_req"": ""0"", ""ovt_buy_req_pre"": ""0"", ""return_code"": 0, ""return_msg"": ""정상적으로 처리되었습니다""}"
2026-06-10,scan_candidate,009155,,0,main_scan,603000,,603000,602000,603000,606000,0.33167495854063017,0.16583747927031509,,,,,,"{""bid_req_base_tm"": ""094211"", ""sel_10th_pre_req_pre"": ""0"", ""sel_10th_pre_req"": ""49"", ""sel_10th_pre_bid"": ""-613000"", ""sel_9th_pre_req_pre"": ""0"", ""sel_9th_pre_req"": ""24"", ""sel_9th_pre_bid"": ""-612000"", ""sel_8th_pre_req_pre"": ""0"", ""sel_8th_pre_req"": ""3"", ""sel_8th_pre_bid"": ""-611000"", ""sel_7th_pre_req_pre"": ""0"", ""sel_7th_pre_req"": ""6"", ""sel_7th_pre_bid"": ""-610000"", ""sel_6th_pre_req_pre"": ""0"", ""sel_6th_pre_req"": ""6"", ""sel_6th_pre_bid"": ""-608000"", ""sel_5th_pre_req_pre"": ""0"", ""sel_5th_pre_req"": ""5"", ""sel_5th_pre_bid"": ""-607000"", ""sel_4th_pre_req_pre"": ""0"", ""sel_4th_pre_req"": ""7"", ""sel_4th_pre_bid"": ""-606000"", ""sel_3th_pre_req_pre"": ""0"", ""sel_3th_pre_req"": ""2"", ""sel_3th_pre_bid"": ""-605000"", ""sel_2th_pre_req_pre"": ""0"", ""sel_2th_pre_req"": ""33"", ""sel_2th_pre_bid"": ""-604000"", ""sel_1th_pre_req_pre"": ""0"", ""sel_fpr_req"": ""51"", ""sel_fpr_bid"": ""-603000"", ""buy_fpr_bid"": ""-602000"", ""buy_fpr_req"": ""7"", ""buy_1th_pre_req_pre"": ""+1"", ""buy_2th_pre_bid"": ""-601000"", ""buy_2th_pre_req"": ""171"", ""buy_2th_pre_req_pre"": ""0"", ""buy_3th_pre_bid"": ""-600000"", ""buy_3th_pre_req"": ""356"", ""buy_3th_pre_req_pre"": ""0"", ""buy_4th_pre_bid"": ""-599000"", ""buy_4th_pre_req"": ""53"", ""buy_4th_pre_req_pre"": ""0"", ""buy_5th_pre_bid"": ""-598000"", ""buy_5th_pre_req"": ""55"", ""buy_5th_pre_req_pre"": ""0"", ""buy_6th_pre_bid"": ""-597000"", ""buy_6th_pre_req"": ""23"", ""buy_6th_pre_req_pre"": ""0"", ""buy_7th_pre_bid"": ""-596000"", ""buy_7th_pre_req"": ""16"", ""buy_7th_pre_req_pre"": ""0"", ""buy_8th_pre_bid"": ""-595000"", ""buy_8th_pre_req"": ""119"", ""buy_8th_pre_req_pre"": ""0"", ""buy_9th_pre_bid"": ""-594000"", ""buy_9th_pre_req"": ""22"", ""buy_9th_pre_req_pre"": ""0"", ""buy_10th_pre_bid"": ""-593000"", ""buy_10th_pre_req"": ""25"", ""buy_10th_pre_req_pre"": ""0"", ""tot_sel_req_jub_pre"": ""0"", ""tot_sel_req"": ""186"", ""tot_buy_req"": ""847"", ""tot_buy_req_jub_pre"": ""+1"", ""ovt_sel_req_pre"": ""0"", ""ovt_sel_req"": ""0"", ""ovt_buy_req"": ""0"", ""ovt_buy_req_pre"": ""0"", ""return_code"": 0, ""return_msg"": ""정상적으로 처리되었습니다""}"
2026-06-10,scan_candidate,192080,,0,main_scan,71700,,71700,71600,71700,72200,0.5578800557880056,0.1394700139470014,,,,,,"{""bid_req_base_tm"": ""094211"", ""sel_10th_pre_req_pre"": ""0"", ""sel_10th_pre_req"": ""10"", ""sel_10th_pre_bid"": ""+73300"", ""sel_9th_pre_req_pre"": ""0"", ""sel_9th_pre_req"": ""40"", ""sel_9th_pre_bid"": ""+73100"", ""sel_8th_pre_req_pre"": ""0"", ""sel_8th_pre_req"": ""25"", ""sel_8th_pre_bid"": ""+73000"", ""sel_7th_pre_req_pre"": ""0"", ""sel_7th_pre_req"": ""1"", ""sel_7th_pre_bid"": ""+72600"", ""sel_6th_pre_req_pre"": ""0"", ""sel_6th_pre_req"": ""2"", ""sel_6th_pre_bid"": ""+72200"", ""sel_5th_pre_req_pre"": ""0"", ""sel_5th_pre_req"": ""23"", ""sel_5th_pre_bid"": ""+72100"", ""sel_4th_pre_req_pre"": ""0"", ""sel_4th_pre_req"": ""1"", ""sel_4th_pre_bid"": ""72000"", ""sel_3th_pre_req_pre"": ""0"", ""sel_3th_pre_req"": ""13"", ""sel_3th_pre_bid"": ""-71900"", ""sel_2th_pre_req_pre"": ""0"", ""sel_2th_pre_req"": ""11"", ""sel_2th_pre_bid"": ""-71800"", ""sel_1th_pre_req_pre"": ""--1"", ""sel_fpr_req"": ""153"", ""sel_fpr_bid"": ""-71700"", ""buy_fpr_bid"": ""-71600"", ""buy_fpr_req"": ""59"", ""buy_1th_pre_req_pre"": ""0"", ""buy_2th_pre_bid"": ""-71500"", ""buy_2th_pre_req"": ""34"", ""buy_2th_pre_req_pre"": ""0"", ""buy_3th_pre_bid"": ""-71400"", ""buy_3th_pre_req"": ""13"", ""buy_3th_pre_req_pre"": ""0"", ""buy_4th_pre_bid"": ""-71300"", ""buy_4th_pre_req"": ""32"", ""buy_4th_pre_req_pre"": ""0"", ""buy_5th_pre_bid"": ""-71200"", ""buy_5th_pre_req"": ""601"", ""buy_5th_pre_req_pre"": ""0"", ""buy_6th_pre_bid"": ""-71100"", ""buy_6th_pre_req"": ""71"", ""buy_6th_pre_req_pre"": ""0"", ""buy_7th_pre_bid"": ""-71000"", ""buy_7th_pre_req"": ""53"", ""buy_7th_pre_req_pre"": ""0"", ""buy_8th_pre_bid"": ""-70900"", ""buy_8th_pre_req"": ""67"", ""buy_8th_pre_req_pre"": ""0"", ""buy_9th_pre_bid"": ""-70800"", ""buy_9th_pre_req"": ""91"", ""buy_9th_pre_req_pre"": ""0"", ""buy_10th_pre_bid"": ""-70700"", ""buy_10th_pre_req"": ""43"", ""buy_10th_pre_req_pre"": ""0"", ""tot_sel_req_jub_pre"": ""--1"", ""tot_sel_req"": ""279"", ""tot_buy_req"": ""1064"", ""tot_buy_req_jub_pre"": ""0"", ""ovt_sel_req_pre"": ""0"", ""ovt_sel_req"": ""0"", ""ovt_buy_req"": ""0"", ""ovt_buy_req_pre"": ""0"", ""return_code"": 0, ""return_msg"": ""정상적으로 처리되었습니다""}"
2026-06-10,scan_candidate,093370,,0,main_scan,14450,,14450,14430,14450,14400,-0.6920415224913495,0.13840830449826988,,,,,,"{""bid_req_base_tm"": ""094212"", ""sel_10th_pre_req_pre"": ""0"", ""sel_10th_pre_req"": ""2019"", ""sel_10th_pre_bid"": ""+14540"", ""sel_9th_pre_req_pre"": ""0"", ""sel_9th_pre_req"": ""1079"", ""sel_9th_pre_bid"": ""+14530"", ""sel_8th_pre_req_pre"": ""+1"", ""sel_8th_pre_req"": ""3386"", ""sel_8th_pre_bid"": ""+14520"", ""sel_7th_pre_req_pre"": ""0"", ""sel_7th_pre_req"": ""1759"", ""sel_7th_pre_bid"": ""+14510"", ""sel_6th_pre_req_pre"": ""0"", ""sel_6th_pre_req"": ""23947"", ""sel_6th_pre_bid"": ""+14500"", ""sel_5th_pre_req_pre"": ""0"", ""sel_5th_pre_req"": ""3882"", ""sel_5th_pre_bid"": ""+14490"", ""sel_4th_pre_req_pre"": ""0"", ""sel_4th_pre_req"": ""3115"", ""sel_4th_pre_bid"": ""+14480"", ""sel_3th_pre_req_pre"": ""0"", ""sel_3th_pre_req"": ""2924"", ""sel_3th_pre_bid"": ""+14470"", ""sel_2th_pre_req_pre"": ""0"", ""sel_2th_pre_req"": ""545"", ""sel_2th_pre_bid"": ""+14460"", ""sel_1th_pre_req_pre"": ""+88"", ""sel_fpr_req"": ""439"", ""sel_fpr_bid"": ""+14450"", ""buy_fpr_bid"": ""+14430"", ""buy_fpr_req"": ""6680"", ""buy_1th_pre_req_pre"": ""+92"", ""buy_2th_pre_bid"": ""+14420"", ""buy_2th_pre_req"": ""1260"", ""buy_2th_pre_req_pre"": ""0"", ""buy_3th_pre_bid"": ""+14410"", ""buy_3th_pre_req"": ""681"", ""buy_3th_pre_req_pre"": ""0"", ""buy_4th_pre_bid"": ""+14400"", ""buy_4th_pre_req"": ""5658"", ""buy_4th_pre_req_pre"": ""0"", ""buy_5th_pre_bid"": ""+14390"", ""buy_5th_pre_req"": ""3574"", ""buy_5th_pre_req_pre"": ""0"", ""buy_6th_pre_bid"": ""+14380"", ""buy_6th_pre_req"": ""1195"", ""buy_6th_pre_req_pre"": ""0"", ""buy_7th_pre_bid"": ""+14370"", ""buy_7th_pre_req"": ""1140"", ""buy_7th_pre_req_pre"": ""0"", ""buy_8th_pre_bid"": ""+14360"", ""buy_8th_pre_req"": ""916"", ""buy_8th_pre_req_pre"": ""0"", ""buy_9th_pre_bid"": ""+14350"", ""buy_9th_pre_req"": ""752"", ""buy_9th_pre_req_pre"": ""0"", ""buy_10th_pre_bid"": ""+14340"", ""buy_10th_pre_req"": ""711"", ""buy_10th_pre_req_pre"": ""0"", ""tot_sel_req_jub_pre"": ""+89"", ""tot_sel_req"": ""43095"", ""tot_buy_req"": ""22567"", ""tot_buy_req_jub_pre"": ""+92"", ""ovt_sel_req_pre"": ""0"", ""ovt_sel_req"": ""0"", ""ovt_buy_req"": ""0"", ""ovt_buy_req_pre"": ""0"", ""return_code"": 0, ""return_msg"": ""정상적으로 처리되었습니다""}"
2026-06-10,scan_candidate,066575,,0,main_scan,79000,,79000,78900,79000,79200,0.12658227848101267,0.12658227848101267,,,,,,"{""bid_req_base_tm"": ""094212"", ""sel_10th_pre_req_pre"": ""0"", ""sel_10th_pre_req"": ""189"", ""sel_10th_pre_bid"": ""-79900"", ""sel_9th_pre_req_pre"": ""0"", ""sel_9th_pre_req"": ""26"", ""sel_9th_pre_bid"": ""-79800"", ""sel_8th_pre_req_pre"": ""0"", ""sel_8th_pre_req"": ""77"", ""sel_8th_pre_bid"": ""-79700"", ""sel_7th_pre_req_pre"": ""0"", ""sel_7th_pre_req"": ""112"", ""sel_7th_pre_bid"": ""-79600"", ""sel_6th_pre_req_pre"": ""0"", ""sel_6th_pre_req"": ""572"", ""sel_6th_pre_bid"": ""-79500"", ""sel_5th_pre_req_pre"": ""0"", ""sel_5th_pre_req"": ""154"", ""sel_5th_pre_bid"": ""-79400"", ""sel_4th_pre_req_pre"": ""0"", ""sel_4th_pre_req"": ""174"", ""sel_4th_pre_bid"": ""-79300"", ""sel_3th_pre_req_pre"": ""0"", ""sel_3th_pre_req"": ""224"", ""sel_3th_pre_bid"": ""-79200"", ""sel_2th_pre_req_pre"": ""0"", ""sel_2th_pre_req"": ""50"", ""sel_2th_pre_bid"": ""-79100"", ""sel_1th_pre_req_pre"": ""0"", ""sel_fpr_req"": ""115"", ""sel_fpr_bid"": ""-79000"", ""buy_fpr_bid"": ""-78900"", ""buy_fpr_req"": ""97"", ""buy_1th_pre_req_pre"": ""0"", ""buy_2th_pre_bid"": ""-78800"", ""buy_2th_pre_req"": ""307"", ""buy_2th_pre_req_pre"": ""0"", ""buy_3th_pre_bid"": ""-78700"", ""buy_3th_pre_req"": ""749"", ""buy_3th_pre_req_pre"": ""+1"", ""buy_4th_pre_bid"": ""-78600"", ""buy_4th_pre_req"": ""446"", ""buy_4th_pre_req_pre"": ""0"", ""buy_5th_pre_bid"": ""-78500"", ""buy_5th_pre_req"": ""1293"", ""buy_5th_pre_req_pre"": ""0"", ""buy_6th_pre_bid"": ""-78400"", ""buy_6th_pre_req"": ""297"", ""buy_6th_pre_req_pre"": ""0"", ""buy_7th_pre_bid"": ""-78300"", ""buy_7th_pre_req"": ""507"", ""buy_7th_pre_req_pre"": ""0"", ""buy_8th_pre_bid"": ""-78200"", ""buy_8th_pre_req"": ""300"", ""buy_8th_pre_req_pre"": ""0"", ""buy_9th_pre_bid"": ""-78100"", ""buy_9th_pre_req"": ""260"", ""buy_9th_pre_req_pre"": ""0"", ""buy_10th_pre_bid"": ""-78000"", ""buy_10th_pre_req"": ""1627"", ""buy_10th_pre_req_pre"": ""0"", ""tot_sel_req_jub_pre"": ""0"", ""tot_sel_req"": ""1693"", ""tot_buy_req"": ""5883"", ""tot_buy_req_jub_pre"": ""+1"", ""ovt_sel_req_pre"": ""0"", ""ovt_sel_req"": ""0"", ""ovt_buy_req"": ""0"", ""ovt_buy_req_pre"": ""0"", ""return_code"": 0, ""return_msg"": ""정상적으로 처리되었습니다""}"
2026-06-10,scan_candidate,181710,,0,main_scan,41100,,41100,41000,41100,41300,0.36496350364963503,0.24330900243309003,,,,,,"{""bid_req_base_tm"": ""094211"", ""sel_10th_pre_req_pre"": ""0"", ""sel_10th_pre_req"": ""60"", ""sel_10th_pre_bid"": ""-41950"", ""sel_9th_pre_req_pre"": ""0"", ""sel_9th_pre_req"": ""202"", ""sel_9th_pre_bid"": ""-41900"", ""sel_8th_pre_req_pre"": ""0"", ""sel_8th_pre_req"": ""1"", ""sel_8th_pre_bid"": ""-41850"", ""sel_7th_pre_req_pre"": ""0"", ""sel_7th_pre_req"": ""23"", ""sel_7th_pre_bid"": ""-41750"", ""sel_6th_pre_req_pre"": ""0"", ""sel_6th_pre_req"": ""8"", ""sel_6th_pre_bid"": ""-41400"", ""sel_5th_pre_req_pre"": ""0"", ""sel_5th_pre_req"": ""393"", ""sel_5th_pre_bid"": ""-41350"", ""sel_4th_pre_req_pre"": ""0"", ""sel_4th_pre_req"": ""18"", ""sel_4th_pre_bid"": ""-41300"", ""sel_3th_pre_req_pre"": ""0"", ""sel_3th_pre_req"": ""348"", ""sel_3th_pre_bid"": ""-41250"", ""sel_2th_pre_req_pre"": ""0"", ""sel_2th_pre_req"": ""6"", ""sel_2th_pre_bid"": ""-41200"", ""sel_1th_pre_req_pre"": ""--1"", ""sel_fpr_req"": ""79"", ""sel_fpr_bid"": ""-41100"", ""buy_fpr_bid"": ""-41000"", ""buy_fpr_req"": ""378"", ""buy_1th_pre_req_pre"": ""0"", ""buy_2th_pre_bid"": ""-40950"", ""buy_2th_pre_req"": ""44"", ""buy_2th_pre_req_pre"": ""0"", ""buy_3th_pre_bid"": ""-40900"", ""buy_3th_pre_req"": ""155"", ""buy_3th_pre_req_pre"": ""0"", ""buy_4th_pre_bid"": ""-40850"", ""buy_4th_pre_req"": ""16"", ""buy_4th_pre_req_pre"": ""0"", ""buy_5th_pre_bid"": ""-40800"", ""buy_5th_pre_req"": ""110"", ""buy_5th_pre_req_pre"": ""0"", ""buy_6th_pre_bid"": ""-40750"", ""buy_6th_pre_req"": ""292"", ""buy_6th_pre_req_pre"": ""0"", ""buy_7th_pre_bid"": ""-40700"", ""buy_7th_pre_req"": ""697"", ""buy_7th_pre_req_pre"": ""0"", ""buy_8th_pre_bid"": ""-40650"", ""buy_8th_pre_req"": ""70"", ""buy_8th_pre_req_pre"": ""0"", ""buy_9th_pre_bid"": ""-40600"", ""buy_9th_pre_req"": ""430"", ""buy_9th_pre_req_pre"": ""0"", ""buy_10th_pre_bid"": ""-40550"", ""buy_10th_pre_req"": ""692"", ""buy_10th_pre_req_pre"": ""0"", ""tot_sel_req_jub_pre"": ""--1"", ""tot_sel_req"": ""1138"", ""tot_buy_req"": ""2884"", ""tot_buy_req_jub_pre"": ""0"", ""ovt_sel_req_pre"": ""0"", ""ovt_sel_req"": ""0"", ""ovt_buy_req"": ""0"", ""ovt_buy_req_pre"": ""0"", ""return_code"": 0, ""return_msg"": ""정상적으로 처리되었습니다""}"
2026-06-10,scan_candidate,034230,,0,main_scan,14720,,14720,14710,14720,14750,-0.1358695652173913,0.06793478260869565,,,,,,"{""bid_req_base_tm"": ""094209"", ""sel_10th_pre_req_pre"": ""0"", ""sel_10th_pre_req"": ""20"", ""sel_10th_pre_bid"": ""-14810"", ""sel_9th_pre_req_pre"": ""0"", ""sel_9th_pre_req"": ""44"", ""sel_9th_pre_bid"": ""-14800"", ""sel_8th_pre_req_pre"": ""0"", ""sel_8th_pre_req"": ""15"", ""sel_8th_pre_bid"": ""-14790"", ""sel_7th_pre_req_pre"": ""0"", ""sel_7th_pre_req"": ""10"", ""sel_7th_pre_bid"": ""-14780"", ""sel_6th_pre_req_pre"": ""--5"", ""sel_6th_pre_req"": ""3"", ""sel_6th_pre_bid"": ""-14770"", ""sel_5th_pre_req_pre"": ""0"", ""sel_5th_pre_req"": ""6"", ""sel_5th_pre_bid"": ""-14760"", ""sel_4th_pre_req_pre"": ""0"", ""sel_4th_pre_req"": ""52"", ""sel_4th_pre_bid"": ""-14750"", ""sel_3th_pre_req_pre"": ""--14"", ""sel_3th_pre_req"": ""18"", ""sel_3th_pre_bid"": ""-14740"", ""sel_2th_pre_req_pre"": ""0"", ""sel_2th_pre_req"": ""18"", ""sel_2th_pre_bid"": ""-14730"", ""sel_1th_pre_req_pre"": ""0"", ""sel_fpr_req"": ""14"", ""sel_fpr_bid"": ""-14720"", ""buy_fpr_bid"": ""-14710"", ""buy_fpr_req"": ""756"", ""buy_1th_pre_req_pre"": ""0"", ""buy_2th_pre_bid"": ""-14700"", ""buy_2th_pre_req"": ""1711"", ""buy_2th_pre_req_pre"": ""0"", ""buy_3th_pre_bid"": ""-14690"", ""buy_3th_pre_req"": ""153"", ""buy_3th_pre_req_pre"": ""0"", ""buy_4th_pre_bid"": ""-14680"", ""buy_4th_pre_req"": ""129"", ""buy_4th_pre_req_pre"": ""0"", ""buy_5th_pre_bid"": ""-14670"", ""buy_5th_pre_req"": ""189"", ""buy_5th_pre_req_pre"": ""0"", ""buy_6th_pre_bid"": ""-14660"", ""buy_6th_pre_req"": ""916"", ""buy_6th_pre_req_pre"": ""0"", ""buy_7th_pre_bid"": ""-14650"", ""buy_7th_pre_req"": ""3354"", ""buy_7th_pre_req_pre"": ""0"", ""buy_8th_pre_bid"": ""-14640"", ""buy_8th_pre_req"": ""413"", ""buy_8th_pre_req_pre"": ""0"", ""buy_9th_pre_bid"": ""-14630"", ""buy_9th_pre_req"": ""254"", ""buy_9th_pre_req_pre"": ""0"", ""buy_10th_pre_bid"": ""-14620"", ""buy_10th_pre_req"": ""271"", ""buy_10th_pre_req_pre"": ""0"", ""tot_sel_req_jub_pre"": ""--13"", ""tot_sel_req"": ""200"", ""tot_buy_req"": ""8146"", ""tot_buy_req_jub_pre"": ""0"", ""ovt_sel_req_pre"": ""0"", ""ovt_sel_req"": ""0"", ""ovt_buy_req"": ""0"", ""ovt_buy_req_pre"": ""0"", ""return_code"": 0, ""return_msg"": ""정상적으로 처리되었습니다""}"
2026-06-10,scan_candidate,281820,,0,main_scan,66700,,66700,66400,66700,66900,0.14992503748125938,0.4497751124437781,,,,,,"{""bid_req_base_tm"": ""094212"", ""sel_10th_pre_req_pre"": ""0"", ""sel_10th_pre_req"": ""1"", ""sel_10th_pre_bid"": ""+67700"", ""sel_9th_pre_req_pre"": ""0"", ""sel_9th_pre_req"": ""2"", ""sel_9th_pre_bid"": ""+67600"", ""sel_8th_pre_req_pre"": ""0"", ""sel_8th_pre_req"": ""38"", ""sel_8th_pre_bid"": ""+67500"", ""sel_7th_pre_req_pre"": ""0"", ""sel_7th_pre_req"": ""5"", ""sel_7th_pre_bid"": ""+67400"", ""sel_6th_pre_req_pre"": ""0"", ""sel_6th_pre_req"": ""11"", ""sel_6th_pre_bid"": ""+67300"", ""sel_5th_pre_req_pre"": ""0"", ""sel_5th_pre_req"": ""10"", ""sel_5th_pre_bid"": ""+67200"", ""sel_4th_pre_req_pre"": ""0"", ""sel_4th_pre_req"": ""4"", ""sel_4th_pre_bid"": ""+67100"", ""sel_3th_pre_req_pre"": ""0"", ""sel_3th_pre_req"": ""13"", ""sel_3th_pre_bid"": ""+67000"", ""sel_2th_pre_req_pre"": ""0"", ""sel_2th_pre_req"": ""20"", ""sel_2th_pre_bid"": ""+66900"", ""sel_1th_pre_req_pre"": ""+3"", ""sel_fpr_req"": ""4"", ""sel_fpr_bid"": ""+66700"", ""buy_fpr_bid"": ""66400"", ""buy_fpr_req"": ""5"", ""buy_1th_pre_req_pre"": ""0"", ""buy_2th_pre_bid"": ""-66300"", ""buy_2th_pre_req"": ""23"", ""buy_2th_pre_req_pre"": ""0"", ""buy_3th_pre_bid"": ""-66200"", ""buy_3th_pre_req"": ""39"", ""buy_3th_pre_req_pre"": ""0"", ""buy_4th_pre_bid"": ""-66100"", ""buy_4th_pre_req"": ""49"", ""buy_4th_pre_req_pre"": ""0"", ""buy_5th_pre_bid"": ""-66000"", ""buy_5th_pre_req"": ""109"", ""buy_5th_pre_req_pre"": ""+12"", ""buy_6th_pre_bid"": ""-65900"", ""buy_6th_pre_req"": ""8"", ""buy_6th_pre_req_pre"": ""0"", ""buy_7th_pre_bid"": ""-65800"", ""buy_7th_pre_req"": ""44"", ""buy_7th_pre_req_pre"": ""0"", ""buy_8th_pre_bid"": ""-65700"", ""buy_8th_pre_req"": ""54"", ""buy_8th_pre_req_pre"": ""0"", ""buy_9th_pre_bid"": ""-65600"", ""buy_9th_pre_req"": ""132"", ""buy_9th_pre_req_pre"": ""0"", ""buy_10th_pre_bid"": ""-65500"", ""buy_10th_pre_req"": ""224"", ""buy_10th_pre_req_pre"": ""0"", ""tot_sel_req_jub_pre"": ""+3"", ""tot_sel_req"": ""108"", ""tot_buy_req"": ""687"", ""tot_buy_req_jub_pre"": ""+235"", ""ovt_sel_req_pre"": ""0"", ""ovt_sel_req"": ""0"", ""ovt_buy_req"": ""0"", ""ovt_buy_req_pre"": ""0"", ""return_code"": 0, ""return_msg"": ""정상적으로 처리되었습니다""}"
2026-06-10,scan_candidate,195870,,0,main_scan,75700,,75700,75600,75700,75900,0.13210039630118892,0.13210039630118892,,,,,,"{""bid_req_base_tm"": ""094212"", ""sel_10th_pre_req_pre"": ""0"", ""sel_10th_pre_req"": ""285"", ""sel_10th_pre_bid"": ""+77200"", ""sel_9th_pre_req_pre"": ""0"", ""sel_9th_pre_req"": ""21"", ""sel_9th_pre_bid"": ""+77100"", ""sel_8th_pre_req_pre"": ""0"", ""sel_8th_pre_req"": ""2"", ""sel_8th_pre_bid"": ""+77000"", ""sel_7th_pre_req_pre"": ""0"", ""sel_7th_pre_req"": ""8"", ""sel_7th_pre_bid"": ""+76900"", ""sel_6th_pre_req_pre"": ""0"", ""sel_6th_pre_req"": ""17"", ""sel_6th_pre_bid"": ""+76600"", ""sel_5th_pre_req_pre"": ""0"", ""sel_5th_pre_req"": ""1"", ""sel_5th_pre_bid"": ""+76400"", ""sel_4th_pre_req_pre"": ""0"", ""sel_4th_pre_req"": ""270"", ""sel_4th_pre_bid"": ""+76200"", ""sel_3th_pre_req_pre"": ""0"", ""sel_3th_pre_req"": ""2"", ""sel_3th_pre_bid"": ""+75900"", ""sel_2th_pre_req_pre"": ""0"", ""sel_2th_pre_req"": ""1"", ""sel_2th_pre_bid"": ""+75800"", ""sel_1th_pre_req_pre"": ""0"", ""sel_fpr_req"": ""23"", ""sel_fpr_bid"": ""+75700"", ""buy_fpr_bid"": ""+75600"", ""buy_fpr_req"": ""3"", ""buy_1th_pre_req_pre"": ""--1"", ""buy_2th_pre_bid"": ""+75500"", ""buy_2th_pre_req"": ""2"", ""buy_2th_pre_req_pre"": ""0"", ""buy_3th_pre_bid"": ""+75400"", ""buy_3th_pre_req"": ""196"", ""buy_3th_pre_req_pre"": ""0"", ""buy_4th_pre_bid"": ""+75300"", ""buy_4th_pre_req"": ""4"", ""buy_4th_pre_req_pre"": ""0"", ""buy_5th_pre_bid"": ""+75200"", ""buy_5th_pre_req"": ""50"", ""buy_5th_pre_req_pre"": ""0"", ""buy_6th_pre_bid"": ""+75100"", ""buy_6th_pre_req"": ""72"", ""buy_6th_pre_req_pre"": ""0"", ""buy_7th_pre_bid"": ""+75000"", ""buy_7th_pre_req"": ""52"", ""buy_7th_pre_req_pre"": ""0"", ""buy_8th_pre_bid"": ""+74900"", ""buy_8th_pre_req"": ""14"", ""buy_8th_pre_req_pre"": ""0"", ""buy_9th_pre_bid"": ""+74800"", ""buy_9th_pre_req"": ""115"", ""buy_9th_pre_req_pre"": ""0"", ""buy_10th_pre_bid"": ""+74700"", ""buy_10th_pre_req"": ""2"", ""buy_10th_pre_req_pre"": ""0"", ""tot_sel_req_jub_pre"": ""0"", ""tot_sel_req"": ""630"", ""tot_buy_req"": ""510"", ""tot_buy_req_jub_pre"": ""--1"", ""ovt_sel_req_pre"": ""0"", ""ovt_sel_req"": ""0"", ""ovt_buy_req"": ""0"", ""ovt_buy_req_pre"": ""0"", ""return_code"": 0, ""return_msg"": ""정상적으로 처리되었습니다""}"
2026-06-10,scan_candidate,001820,,0,main_scan,116800,,116800,116700,116800,116500,-0.684931506849315,0.08561643835616438,,,,,,"{""bid_req_base_tm"": ""094213"", ""sel_10th_pre_req_pre"": ""0"", ""sel_10th_pre_req"": ""27"", ""sel_10th_pre_bid"": ""-117900"", ""sel_9th_pre_req_pre"": ""0"", ""sel_9th_pre_req"": ""47"", ""sel_9th_pre_bid"": ""-117800"", ""sel_8th_pre_req_pre"": ""0"", ""sel_8th_pre_req"": ""96"", ""sel_8th_pre_bid"": ""-117500"", ""sel_7th_pre_req_pre"": ""0"", ""sel_7th_pre_req"": ""50"", ""sel_7th_pre_bid"": ""-117400"", ""sel_6th_pre_req_pre"": ""0"", ""sel_6th_pre_req"": ""18"", ""sel_6th_pre_bid"": ""-117300"", ""sel_5th_pre_req_pre"": ""0"", ""sel_5th_pre_req"": ""10"", ""sel_5th_pre_bid"": ""-117200"", ""sel_4th_pre_req_pre"": ""0"", ""sel_4th_pre_req"": ""9"", ""sel_4th_pre_bid"": ""-117100"", ""sel_3th_pre_req_pre"": ""0"", ""sel_3th_pre_req"": ""94"", ""sel_3th_pre_bid"": ""-117000"", ""sel_2th_pre_req_pre"": ""0"", ""sel_2th_pre_req"": ""38"", ""sel_2th_pre_bid"": ""-116900"", ""sel_1th_pre_req_pre"": ""0"", ""sel_fpr_req"": ""1127"", ""sel_fpr_bid"": ""-116800"", ""buy_fpr_bid"": ""-116700"", ""buy_fpr_req"": ""116"", ""buy_1th_pre_req_pre"": ""--4"", ""buy_2th_pre_bid"": ""-116600"", ""buy_2th_pre_req"": ""119"", ""buy_2th_pre_req_pre"": ""0"", ""buy_3th_pre_bid"": ""-116500"", ""buy_3th_pre_req"": ""394"", ""buy_3th_pre_req_pre"": ""0"", ""buy_4th_pre_bid"": ""-116400"", ""buy_4th_pre_req"": ""184"", ""buy_4th_pre_req_pre"": ""0"", ""buy_5th_pre_bid"": ""-116300"", ""buy_5th_pre_req"": ""128"", ""buy_5th_pre_req_pre"": ""0"", ""buy_6th_pre_bid"": ""-116200"", ""buy_6th_pre_req"": ""151"", ""buy_6th_pre_req_pre"": ""0"", ""buy_7th_pre_bid"": ""-116100"", ""buy_7th_pre_req"": ""394"", ""buy_7th_pre_req_pre"": ""0"", ""buy_8th_pre_bid"": ""-116000"", ""buy_8th_pre_req"": ""1095"", ""buy_8th_pre_req_pre"": ""0"", ""buy_9th_pre_bid"": ""-115900"", ""buy_9th_pre_req"": ""196"", ""buy_9th_pre_req_pre"": ""0"", ""buy_10th_pre_bid"": ""-115800"", ""buy_10th_pre_req"": ""171"", ""buy_10th_pre_req_pre"": ""0"", ""tot_sel_req_jub_pre"": ""0"", ""tot_sel_req"": ""1516"", ""tot_buy_req"": ""2948"", ""tot_buy_req_jub_pre"": ""--4"", ""ovt_sel_req_pre"": ""0"", ""ovt_sel_req"": ""0"", ""ovt_buy_req"": ""0"", ""ovt_buy_req_pre"": ""0"", ""return_code"": 0, ""return_msg"": ""정상적으로 처리되었습니다""}"
2026-06-10,scan_candidate,000815,,0,main_scan,400500,,400500,399500,400500,401000,0.0,0.24968789013732834,,,,,,"{""bid_req_base_tm"": ""094151"", ""sel_10th_pre_req_pre"": ""0"", ""sel_10th_pre_req"": ""5"", ""sel_10th_pre_bid"": ""-405500"", ""sel_9th_pre_req_pre"": ""0"", ""sel_9th_pre_req"": ""32"", ""sel_9th_pre_bid"": ""-405000"", ""sel_8th_pre_req_pre"": ""0"", ""sel_8th_pre_req"": ""13"", ""sel_8th_pre_bid"": ""-404500"", ""sel_7th_pre_req_pre"": ""0"", ""sel_7th_pre_req"": ""1"", ""sel_7th_pre_bid"": ""-404000"", ""sel_6th_pre_req_pre"": ""0"", ""sel_6th_pre_req"": ""182"", ""sel_6th_pre_bid"": ""-403500"", ""sel_5th_pre_req_pre"": ""0"", ""sel_5th_pre_req"": ""48"", ""sel_5th_pre_bid"": ""-403000"", ""sel_4th_pre_req_pre"": ""0"", ""sel_4th_pre_req"": ""2"", ""sel_4th_pre_bid"": ""-402500"", ""sel_3th_pre_req_pre"": ""0"", ""sel_3th_pre_req"": ""134"", ""sel_3th_pre_bid"": ""-401500"", ""sel_2th_pre_req_pre"": ""0"", ""sel_2th_pre_req"": ""12"", ""sel_2th_pre_bid"": ""-401000"", ""sel_1th_pre_req_pre"": ""0"", ""sel_fpr_req"": ""12"", ""sel_fpr_bid"": ""-400500"", ""buy_fpr_bid"": ""-399500"", ""buy_fpr_req"": ""10"", ""buy_1th_pre_req_pre"": ""0"", ""buy_2th_pre_bid"": ""-399000"", ""buy_2th_pre_req"": ""37"", ""buy_2th_pre_req_pre"": ""0"", ""buy_3th_pre_bid"": ""-398500"", ""buy_3th_pre_req"": ""94"", ""buy_3th_pre_req_pre"": ""0"", ""buy_4th_pre_bid"": ""-398000"", ""buy_4th_pre_req"": ""111"", ""buy_4th_pre_req_pre"": ""0"", ""buy_5th_pre_bid"": ""-397500"", ""buy_5th_pre_req"": ""148"", ""buy_5th_pre_req_pre"": ""0"", ""buy_6th_pre_bid"": ""-397000"", ""buy_6th_pre_req"": ""82"", ""buy_6th_pre_req_pre"": ""0"", ""buy_7th_pre_bid"": ""-396500"", ""buy_7th_pre_req"": ""10"", ""buy_7th_pre_req_pre"": ""0"", ""buy_8th_pre_bid"": ""-396000"", ""buy_8th_pre_req"": ""22"", ""buy_8th_pre_req_pre"": ""0"", ""buy_9th_pre_bid"": ""-395500"", ""buy_9th_pre_req"": ""24"", ""buy_9th_pre_req_pre"": ""0"", ""buy_10th_pre_bid"": ""-395000"", ""buy_10th_pre_req"": ""64"", ""buy_10th_pre_req_pre"": ""0"", ""tot_sel_req_jub_pre"": ""0"", ""tot_sel_req"": ""441"", ""tot_buy_req"": ""602"", ""tot_buy_req_jub_pre"": ""+62"", ""ovt_sel_req_pre"": ""0"", ""ovt_sel_req"": ""0"", ""ovt_buy_req"": ""0"", ""ovt_buy_req_pre"": ""0"", ""return_code"": 0, ""return_msg"": ""정상적으로 처리되었습니다""}"
2026-06-10,scan_candidate,499790,,0,main_scan,48000,,48000,47800,48000,47700,-0.7291666666666666,0.4166666666666667,,,,,,"{""bid_req_base_tm"": ""094214"", ""sel_10th_pre_req_pre"": ""0"", ""sel_10th_pre_req"": ""975"", ""sel_10th_pre_bid"": ""+48750"", ""sel_9th_pre_req_pre"": ""0"", ""sel_9th_pre_req"": ""36"", ""sel_9th_pre_bid"": ""+48700"", ""sel_8th_pre_req_pre"": ""0"", ""sel_8th_pre_req"": ""51"", ""sel_8th_pre_bid"": ""+48600"", ""sel_7th_pre_req_pre"": ""0"", ""sel_7th_pre_req"": ""5"", ""sel_7th_pre_bid"": ""+48550"", ""sel_6th_pre_req_pre"": ""0"", ""sel_6th_pre_req"": ""5"", ""sel_6th_pre_bid"": ""+48500"", ""sel_5th_pre_req_pre"": ""0"", ""sel_5th_pre_req"": ""53"", ""sel_5th_pre_bid"": ""+48300"", ""sel_4th_pre_req_pre"": ""0"", ""sel_4th_pre_req"": ""138"", ""sel_4th_pre_bid"": ""+48250"", ""sel_3th_pre_req_pre"": ""0"", ""sel_3th_pre_req"": ""100"", ""sel_3th_pre_bid"": ""+48200"", ""sel_2th_pre_req_pre"": ""0"", ""sel_2th_pre_req"": ""139"", ""sel_2th_pre_bid"": ""+48150"", ""sel_1th_pre_req_pre"": ""--2"", ""sel_fpr_req"": ""113"", ""sel_fpr_bid"": ""+48000"", ""buy_fpr_bid"": ""+47800"", ""buy_fpr_req"": ""5"", ""buy_1th_pre_req_pre"": ""0"", ""buy_2th_pre_bid"": ""+47700"", ""buy_2th_pre_req"": ""6"", ""buy_2th_pre_req_pre"": ""0"", ""buy_3th_pre_bid"": ""+47650"", ""buy_3th_pre_req"": ""25"", ""buy_3th_pre_req_pre"": ""0"", ""buy_4th_pre_bid"": ""+47600"", ""buy_4th_pre_req"": ""4"", ""buy_4th_pre_req_pre"": ""0"", ""buy_5th_pre_bid"": ""+47550"", ""buy_5th_pre_req"": ""30"", ""buy_5th_pre_req_pre"": ""0"", ""buy_6th_pre_bid"": ""+47500"", ""buy_6th_pre_req"": ""5"", ""buy_6th_pre_req_pre"": ""0"", ""buy_7th_pre_bid"": ""+47450"", ""buy_7th_pre_req"": ""51"", ""buy_7th_pre_req_pre"": ""0"", ""buy_8th_pre_bid"": ""+47400"", ""buy_8th_pre_req"": ""52"", ""buy_8th_pre_req_pre"": ""0"", ""buy_9th_pre_bid"": ""+47250"", ""buy_9th_pre_req"": ""55"", ""buy_9th_pre_req_pre"": ""0"", ""buy_10th_pre_bid"": ""+47200"", ""buy_10th_pre_req"": ""40"", ""buy_10th_pre_req_pre"": ""0"", ""tot_sel_req_jub_pre"": ""--2"", ""tot_sel_req"": ""1615"", ""tot_buy_req"": ""273"", ""tot_buy_req_jub_pre"": ""0"", ""ovt_sel_req_pre"": ""0"", ""ovt_sel_req"": ""0"", ""ovt_buy_req"": ""0"", ""ovt_buy_req_pre"": ""0"", ""return_code"": 0, ""return_msg"": ""정상적으로 처리되었습니다""}"
2026-06-10,scan_candidate,100090,,0,main_scan,16870,,16870,16860,16870,16850,-0.4149377593360996,0.05927682276229994,,,,,,"{""bid_req_base_tm"": ""094214"", ""sel_10th_pre_req_pre"": ""0"", ""sel_10th_pre_req"": ""181"", ""sel_10th_pre_bid"": ""+16970"", ""sel_9th_pre_req_pre"": ""0"", ""sel_9th_pre_req"": ""106"", ""sel_9th_pre_bid"": ""+16950"", ""sel_8th_pre_req_pre"": ""0"", ""sel_8th_pre_req"": ""198"", ""sel_8th_pre_bid"": ""+16940"", ""sel_7th_pre_req_pre"": ""0"", ""sel_7th_pre_req"": ""100"", ""sel_7th_pre_bid"": ""+16930"", ""sel_6th_pre_req_pre"": ""0"", ""sel_6th_pre_req"": ""300"", ""sel_6th_pre_bid"": ""+16920"", ""sel_5th_pre_req_pre"": ""0"", ""sel_5th_pre_req"": ""201"", ""sel_5th_pre_bid"": ""+16910"", ""sel_4th_pre_req_pre"": ""0"", ""sel_4th_pre_req"": ""32"", ""sel_4th_pre_bid"": ""+16900"", ""sel_3th_pre_req_pre"": ""0"", ""sel_3th_pre_req"": ""614"", ""sel_3th_pre_bid"": ""+16890"", ""sel_2th_pre_req_pre"": ""0"", ""sel_2th_pre_req"": ""318"", ""sel_2th_pre_bid"": ""+16880"", ""sel_1th_pre_req_pre"": ""0"", ""sel_fpr_req"": ""104"", ""sel_fpr_bid"": ""+16870"", ""buy_fpr_bid"": ""+16860"", ""buy_fpr_req"": ""582"", ""buy_1th_pre_req_pre"": ""0"", ""buy_2th_pre_bid"": ""+16850"", ""buy_2th_pre_req"": ""120"", ""buy_2th_pre_req_pre"": ""0"", ""buy_3th_pre_bid"": ""+16840"", ""buy_3th_pre_req"": ""402"", ""buy_3th_pre_req_pre"": ""0"", ""buy_4th_pre_bid"": ""+16830"", ""buy_4th_pre_req"": ""49"", ""buy_4th_pre_req_pre"": ""0"", ""buy_5th_pre_bid"": ""+16820"", ""buy_5th_pre_req"": ""200"", ""buy_5th_pre_req_pre"": ""0"", ""buy_6th_pre_bid"": ""+16810"", ""buy_6th_pre_req"": ""202"", ""buy_6th_pre_req_pre"": ""0"", ""buy_7th_pre_bid"": ""+16800"", ""buy_7th_pre_req"": ""148"", ""buy_7th_pre_req_pre"": ""0"", ""buy_8th_pre_bid"": ""+16790"", ""buy_8th_pre_req"": ""710"", ""buy_8th_pre_req_pre"": ""0"", ""buy_9th_pre_bid"": ""+16780"", ""buy_9th_pre_req"": ""226"", ""buy_9th_pre_req_pre"": ""0"", ""buy_10th_pre_bid"": ""+16770"", ""buy_10th_pre_req"": ""301"", ""buy_10th_pre_req_pre"": ""0"", ""tot_sel_req_jub_pre"": ""0"", ""tot_sel_req"": ""2154"", ""tot_buy_req"": ""2940"", ""tot_buy_req_jub_pre"": ""0"", ""ovt_sel_req_pre"": ""0"", ""ovt_sel_req"": ""0"", ""ovt_buy_req"": ""0"", ""ovt_buy_req_pre"": ""0"", ""return_code"": 0, ""return_msg"": ""정상적으로 처리되었습니다""}"
2026-06-10,scan_candidate,003160,,0,main_scan,28300,,28300,28150,28300,28050,-1.0600706713780919,0.5300353356890459,,,,,,"{""bid_req_base_tm"": ""094215"", ""sel_10th_pre_req_pre"": ""0"", ""sel_10th_pre_req"": ""426"", ""sel_10th_pre_bid"": ""+28750"", ""sel_9th_pre_req_pre"": ""0"", ""sel_9th_pre_req"": ""4"", ""sel_9th_pre_bid"": ""+28700"", ""sel_8th_pre_req_pre"": ""0"", ""sel_8th_pre_req"": ""139"", ""sel_8th_pre_bid"": ""+28650"", ""sel_7th_pre_req_pre"": ""0"", ""sel_7th_pre_req"": ""687"", ""sel_7th_pre_bid"": ""+28600"", ""sel_6th_pre_req_pre"": ""0"", ""sel_6th_pre_req"": ""191"", ""sel_6th_pre_bid"": ""+28550"", ""sel_5th_pre_req_pre"": ""0"", ""sel_5th_pre_req"": ""3050"", ""sel_5th_pre_bid"": ""+28500"", ""sel_4th_pre_req_pre"": ""0"", ""sel_4th_pre_req"": ""1013"", ""sel_4th_pre_bid"": ""+28450"", ""sel_3th_pre_req_pre"": ""0"", ""sel_3th_pre_req"": ""224"", ""sel_3th_pre_bid"": ""+28400"", ""sel_2th_pre_req_pre"": ""0"", ""sel_2th_pre_req"": ""331"", ""sel_2th_pre_bid"": ""+28350"", ""sel_1th_pre_req_pre"": ""--6"", ""sel_fpr_req"": ""59"", ""sel_fpr_bid"": ""+28300"", ""buy_fpr_bid"": ""+28150"", ""buy_fpr_req"": ""73"", ""buy_1th_pre_req_pre"": ""0"", ""buy_2th_pre_bid"": ""28050"", ""buy_2th_pre_req"": ""100"", ""buy_2th_pre_req_pre"": ""0"", ""buy_3th_pre_bid"": ""-28000"", ""buy_3th_pre_req"": ""66"", ""buy_3th_pre_req_pre"": ""0"", ""buy_4th_pre_bid"": ""-27950"", ""buy_4th_pre_req"": ""43"", ""buy_4th_pre_req_pre"": ""0"", ""buy_5th_pre_bid"": ""-27900"", ""buy_5th_pre_req"": ""48"", ""buy_5th_pre_req_pre"": ""0"", ""buy_6th_pre_bid"": ""-27850"", ""buy_6th_pre_req"": ""52"", ""buy_6th_pre_req_pre"": ""0"", ""buy_7th_pre_bid"": ""-27800"", ""buy_7th_pre_req"": ""122"", ""buy_7th_pre_req_pre"": ""0"", ""buy_8th_pre_bid"": ""-27750"", ""buy_8th_pre_req"": ""102"", ""buy_8th_pre_req_pre"": ""0"", ""buy_9th_pre_bid"": ""-27700"", ""buy_9th_pre_req"": ""53"", ""buy_9th_pre_req_pre"": ""0"", ""buy_10th_pre_bid"": ""-27650"", ""buy_10th_pre_req"": ""97"", ""buy_10th_pre_req_pre"": ""0"", ""tot_sel_req_jub_pre"": ""--6"", ""tot_sel_req"": ""6124"", ""tot_buy_req"": ""756"", ""tot_buy_req_jub_pre"": ""0"", ""ovt_sel_req_pre"": ""0"", ""ovt_sel_req"": ""0"", ""ovt_buy_req"": ""0"", ""ovt_buy_req_pre"": ""0"", ""return_code"": 0, ""return_msg"": ""정상적으로 처리되었습니다""}"
2026-06-10,scan_candidate,000370,,0,main_scan,6420,,6420,6410,6420,6390,-0.6230529595015576,0.1557632398753894,,,,,,"{""bid_req_base_tm"": ""094215"", ""sel_10th_pre_req_pre"": ""0"", ""sel_10th_pre_req"": ""613"", ""sel_10th_pre_bid"": ""+6530"", ""sel_9th_pre_req_pre"": ""0"", ""sel_9th_pre_req"": ""802"", ""sel_9th_pre_bid"": ""+6520"", ""sel_8th_pre_req_pre"": ""0"", ""sel_8th_pre_req"": ""532"", ""sel_8th_pre_bid"": ""+6510"", ""sel_7th_pre_req_pre"": ""0"", ""sel_7th_pre_req"": ""302"", ""sel_7th_pre_bid"": ""+6500"", ""sel_6th_pre_req_pre"": ""0"", ""sel_6th_pre_req"": ""1"", ""sel_6th_pre_bid"": ""+6490"", ""sel_5th_pre_req_pre"": ""0"", ""sel_5th_pre_req"": ""394"", ""sel_5th_pre_bid"": ""+6480"", ""sel_4th_pre_req_pre"": ""0"", ""sel_4th_pre_req"": ""5391"", ""sel_4th_pre_bid"": ""+6470"", ""sel_3th_pre_req_pre"": ""0"", ""sel_3th_pre_req"": ""2788"", ""sel_3th_pre_bid"": ""-6440"", ""sel_2th_pre_req_pre"": ""0"", ""sel_2th_pre_req"": ""2347"", ""sel_2th_pre_bid"": ""-6430"", ""sel_1th_pre_req_pre"": ""+149"", ""sel_fpr_req"": ""902"", ""sel_fpr_bid"": ""-6420"", ""buy_fpr_bid"": ""-6410"", ""buy_fpr_req"": ""64"", ""buy_1th_pre_req_pre"": ""0"", ""buy_2th_pre_bid"": ""-6400"", ""buy_2th_pre_req"": ""43"", ""buy_2th_pre_req_pre"": ""0"", ""buy_3th_pre_bid"": ""-6390"", ""buy_3th_pre_req"": ""12"", ""buy_3th_pre_req_pre"": ""0"", ""buy_4th_pre_bid"": ""-6380"", ""buy_4th_pre_req"": ""3057"", ""buy_4th_pre_req_pre"": ""0"", ""buy_5th_pre_bid"": ""-6370"", ""buy_5th_pre_req"": ""30"", ""buy_5th_pre_req_pre"": ""0"", ""buy_6th_pre_bid"": ""-6360"", ""buy_6th_pre_req"": ""856"", ""buy_6th_pre_req_pre"": ""0"", ""buy_7th_pre_bid"": ""-6350"", ""buy_7th_pre_req"": ""1707"", ""buy_7th_pre_req_pre"": ""0"", ""buy_8th_pre_bid"": ""-6340"", ""buy_8th_pre_req"": ""83"", ""buy_8th_pre_req_pre"": ""0"", ""buy_9th_pre_bid"": ""-6330"", ""buy_9th_pre_req"": ""214"", ""buy_9th_pre_req_pre"": ""0"", ""buy_10th_pre_bid"": ""-6320"", ""buy_10th_pre_req"": ""164"", ""buy_10th_pre_req_pre"": ""0"", ""tot_sel_req_jub_pre"": ""+149"", ""tot_sel_req"": ""14072"", ""tot_buy_req"": ""6230"", ""tot_buy_req_jub_pre"": ""0"", ""ovt_sel_req_pre"": ""0"", ""ovt_sel_req"": ""0"", ""ovt_buy_req"": ""0"", ""ovt_buy_req_pre"": ""0"", ""return_code"": 0, ""return_msg"": ""정상적으로 처리되었습니다""}"
2026-06-10,scan_candidate,114090,,0,main_scan,11870,,11870,11850,11870,11950,0.2527379949452401,0.16849199663016007,,,,,,"{""bid_req_base_tm"": ""094215"", ""sel_10th_pre_req_pre"": ""0"", ""sel_10th_pre_req"": ""72"", ""sel_10th_pre_bid"": ""+12070"", ""sel_9th_pre_req_pre"": ""0"", ""sel_9th_pre_req"": ""110"", ""sel_9th_pre_bid"": ""+12060"", ""sel_8th_pre_req_pre"": ""0"", ""sel_8th_pre_req"": ""9"", ""sel_8th_pre_bid"": ""+12050"", ""sel_7th_pre_req_pre"": ""0"", ""sel_7th_pre_req"": ""299"", ""sel_7th_pre_bid"": ""+12020"", ""sel_6th_pre_req_pre"": ""0"", ""sel_6th_pre_req"": ""5"", ""sel_6th_pre_bid"": ""+12010"", ""sel_5th_pre_req_pre"": ""0"", ""sel_5th_pre_req"": ""20"", ""sel_5th_pre_bid"": ""+12000"", ""sel_4th_pre_req_pre"": ""0"", ""sel_4th_pre_req"": ""33"", ""sel_4th_pre_bid"": ""-11920"", ""sel_3th_pre_req_pre"": ""0"", ""sel_3th_pre_req"": ""10"", ""sel_3th_pre_bid"": ""-11890"", ""sel_2th_pre_req_pre"": ""0"", ""sel_2th_pre_req"": ""169"", ""sel_2th_pre_bid"": ""-11880"", ""sel_1th_pre_req_pre"": ""0"", ""sel_fpr_req"": ""200"", ""sel_fpr_bid"": ""-11870"", ""buy_fpr_bid"": ""-11850"", ""buy_fpr_req"": ""430"", ""buy_1th_pre_req_pre"": ""0"", ""buy_2th_pre_bid"": ""-11840"", ""buy_2th_pre_req"": ""2493"", ""buy_2th_pre_req_pre"": ""+176"", ""buy_3th_pre_bid"": ""-11830"", ""buy_3th_pre_req"": ""226"", ""buy_3th_pre_req_pre"": ""--176"", ""buy_4th_pre_bid"": ""-11820"", ""buy_4th_pre_req"": ""350"", ""buy_4th_pre_req_pre"": ""0"", ""buy_5th_pre_bid"": ""-11810"", ""buy_5th_pre_req"": ""52"", ""buy_5th_pre_req_pre"": ""0"", ""buy_6th_pre_bid"": ""-11800"", ""buy_6th_pre_req"": ""83"", ""buy_6th_pre_req_pre"": ""0"", ""buy_7th_pre_bid"": ""-11790"", ""buy_7th_pre_req"": ""116"", ""buy_7th_pre_req_pre"": ""0"", ""buy_8th_pre_bid"": ""-11780"", ""buy_8th_pre_req"": ""12"", ""buy_8th_pre_req_pre"": ""0"", ""buy_9th_pre_bid"": ""-11770"", ""buy_9th_pre_req"": ""6"", ""buy_9th_pre_req_pre"": ""0"", ""buy_10th_pre_bid"": ""-11760"", ""buy_10th_pre_req"": ""7"", ""buy_10th_pre_req_pre"": ""0"", ""tot_sel_req_jub_pre"": ""--308"", ""tot_sel_req"": ""927"", ""tot_buy_req"": ""3775"", ""tot_buy_req_jub_pre"": ""0"", ""ovt_sel_req_pre"": ""0"", ""ovt_sel_req"": ""0"", ""ovt_buy_req"": ""0"", ""ovt_buy_req_pre"": ""0"", ""return_code"": 0, ""return_msg"": ""정상적으로 처리되었습니다""}"
2026-06-10,scan_candidate,005090,,0,main_scan,51400,,51400,51300,51400,51300,-0.38910505836575876,0.19455252918287938,,,,,,"{""bid_req_base_tm"": ""094214"", ""sel_10th_pre_req_pre"": ""0"", ""sel_10th_pre_req"": ""8740"", ""sel_10th_pre_bid"": ""+52500"", ""sel_9th_pre_req_pre"": ""0"", ""sel_9th_pre_req"": ""10"", ""sel_9th_pre_bid"": ""+52400"", ""sel_8th_pre_req_pre"": ""0"", ""sel_8th_pre_req"": ""2"", ""sel_8th_pre_bid"": ""+52300"", ""sel_7th_pre_req_pre"": ""0"", ""sel_7th_pre_req"": ""504"", ""sel_7th_pre_bid"": ""+52200"", ""sel_6th_pre_req_pre"": ""0"", ""sel_6th_pre_req"": ""219"", ""sel_6th_pre_bid"": ""+52100"", ""sel_5th_pre_req_pre"": ""0"", ""sel_5th_pre_req"": ""67"", ""sel_5th_pre_bid"": ""+52000"", ""sel_4th_pre_req_pre"": ""0"", ""sel_4th_pre_req"": ""18"", ""sel_4th_pre_bid"": ""+51900"", ""sel_3th_pre_req_pre"": ""0"", ""sel_3th_pre_req"": ""43"", ""sel_3th_pre_bid"": ""+51600"", ""sel_2th_pre_req_pre"": ""0"", ""sel_2th_pre_req"": ""79"", ""sel_2th_pre_bid"": ""+51500"", ""sel_1th_pre_req_pre"": ""0"", ""sel_fpr_req"": ""68"", ""sel_fpr_bid"": ""+51400"", ""buy_fpr_bid"": ""+51300"", ""buy_fpr_req"": ""128"", ""buy_1th_pre_req_pre"": ""--2"", ""buy_2th_pre_bid"": ""+51200"", ""buy_2th_pre_req"": ""142"", ""buy_2th_pre_req_pre"": ""0"", ""buy_3th_pre_bid"": ""+51100"", ""buy_3th_pre_req"": ""155"", ""buy_3th_pre_req_pre"": ""0"", ""buy_4th_pre_bid"": ""+51000"", ""buy_4th_pre_req"": ""347"", ""buy_4th_pre_req_pre"": ""0"", ""buy_5th_pre_bid"": ""+50900"", ""buy_5th_pre_req"": ""110"", ""buy_5th_pre_req_pre"": ""0"", ""buy_6th_pre_bid"": ""+50800"", ""buy_6th_pre_req"": ""162"", ""buy_6th_pre_req_pre"": ""0"", ""buy_7th_pre_bid"": ""+50600"", ""buy_7th_pre_req"": ""103"", ""buy_7th_pre_req_pre"": ""0"", ""buy_8th_pre_bid"": ""50500"", ""buy_8th_pre_req"": ""10"", ""buy_8th_pre_req_pre"": ""0"", ""buy_9th_pre_bid"": ""-50400"", ""buy_9th_pre_req"": ""50"", ""buy_9th_pre_req_pre"": ""0"", ""buy_10th_pre_bid"": ""-50200"", ""buy_10th_pre_req"": ""59"", ""buy_10th_pre_req_pre"": ""0"", ""tot_sel_req_jub_pre"": ""0"", ""tot_sel_req"": ""9750"", ""tot_buy_req"": ""1266"", ""tot_buy_req_jub_pre"": ""--2"", ""ovt_sel_req_pre"": ""0"", ""ovt_sel_req"": ""0"", ""ovt_buy_req"": ""0"", ""ovt_buy_req_pre"": ""0"", ""return_code"": 0, ""return_msg"": ""정상적으로 처리되었습니다""}"
2026-06-10,scan_candidate,017900,,0,main_scan,9340,,9340,9300,9340,9300,-0.5353319057815845,0.4282655246252677,,,,,,"{""bid_req_base_tm"": ""094215"", ""sel_10th_pre_req_pre"": ""0"", ""sel_10th_pre_req"": ""20"", ""sel_10th_pre_bid"": ""+9430"", ""sel_9th_pre_req_pre"": ""0"", ""sel_9th_pre_req"": ""218"", ""sel_9th_pre_bid"": ""+9420"", ""sel_8th_pre_req_pre"": ""0"", ""sel_8th_pre_req"": ""63"", ""sel_8th_pre_bid"": ""+9410"", ""sel_7th_pre_req_pre"": ""0"", ""sel_7th_pre_req"": ""1136"", ""sel_7th_pre_bid"": ""+9400"", ""sel_6th_pre_req_pre"": ""+50"", ""sel_6th_pre_req"": ""6771"", ""sel_6th_pre_bid"": ""+9390"", ""sel_5th_pre_req_pre"": ""0"", ""sel_5th_pre_req"": ""648"", ""sel_5th_pre_bid"": ""+9380"", ""sel_4th_pre_req_pre"": ""0"", ""sel_4th_pre_req"": ""1666"", ""sel_4th_pre_bid"": ""+9370"", ""sel_3th_pre_req_pre"": ""0"", ""sel_3th_pre_req"": ""451"", ""sel_3th_pre_bid"": ""+9360"", ""sel_2th_pre_req_pre"": ""--27"", ""sel_2th_pre_req"": ""1335"", ""sel_2th_pre_bid"": ""+9350"", ""sel_1th_pre_req_pre"": ""--1"", ""sel_fpr_req"": ""548"", ""sel_fpr_bid"": ""+9340"", ""buy_fpr_bid"": ""+9300"", ""buy_fpr_req"": ""945"", ""buy_1th_pre_req_pre"": ""--1"", ""buy_2th_pre_bid"": ""+9290"", ""buy_2th_pre_req"": ""661"", ""buy_2th_pre_req_pre"": ""0"", ""buy_3th_pre_bid"": ""+9280"", ""buy_3th_pre_req"": ""2439"", ""buy_3th_pre_req_pre"": ""0"", ""buy_4th_pre_bid"": ""+9270"", ""buy_4th_pre_req"": ""2634"", ""buy_4th_pre_req_pre"": ""+93"", ""buy_5th_pre_bid"": ""+9260"", ""buy_5th_pre_req"": ""854"", ""buy_5th_pre_req_pre"": ""--216"", ""buy_6th_pre_bid"": ""+9250"", ""buy_6th_pre_req"": ""306"", ""buy_6th_pre_req_pre"": ""0"", ""buy_7th_pre_bid"": ""+9240"", ""buy_7th_pre_req"": ""495"", ""buy_7th_pre_req_pre"": ""0"", ""buy_8th_pre_bid"": ""+9230"", ""buy_8th_pre_req"": ""1860"", ""buy_8th_pre_req_pre"": ""0"", ""buy_9th_pre_bid"": ""+9220"", ""buy_9th_pre_req"": ""2162"", ""buy_9th_pre_req_pre"": ""0"", ""buy_10th_pre_bid"": ""+9210"", ""buy_10th_pre_req"": ""185"", ""buy_10th_pre_req_pre"": ""0"", ""tot_sel_req_jub_pre"": ""+22"", ""tot_sel_req"": ""12856"", ""tot_buy_req"": ""12541"", ""tot_buy_req_jub_pre"": ""--124"", ""ovt_sel_req_pre"": ""0"", ""ovt_sel_req"": ""0"", ""ovt_buy_req"": ""0"", ""ovt_buy_req_pre"": ""0"", ""return_code"": 0, ""return_msg"": ""정상적으로 처리되었습니다""}"
2026-06-10,scan_candidate,006220,,0,main_scan,11340,,11340,11310,11340,11300,-0.7936507936507936,0.26455026455026454,,,,,,"{""bid_req_base_tm"": ""094216"", ""sel_10th_pre_req_pre"": ""0"", ""sel_10th_pre_req"": ""164"", ""sel_10th_pre_bid"": ""+11460"", ""sel_9th_pre_req_pre"": ""0"", ""sel_9th_pre_req"": ""568"", ""sel_9th_pre_bid"": ""+11450"", ""sel_8th_pre_req_pre"": ""0"", ""sel_8th_pre_req"": ""848"", ""sel_8th_pre_bid"": ""+11440"", ""sel_7th_pre_req_pre"": ""0"", ""sel_7th_pre_req"": ""29"", ""sel_7th_pre_bid"": ""+11430"", ""sel_6th_pre_req_pre"": ""0"", ""sel_6th_pre_req"": ""44"", ""sel_6th_pre_bid"": ""+11410"", ""sel_5th_pre_req_pre"": ""0"", ""sel_5th_pre_req"": ""266"", ""sel_5th_pre_bid"": ""+11400"", ""sel_4th_pre_req_pre"": ""0"", ""sel_4th_pre_req"": ""169"", ""sel_4th_pre_bid"": ""+11390"", ""sel_3th_pre_req_pre"": ""0"", ""sel_3th_pre_req"": ""545"", ""sel_3th_pre_bid"": ""+11370"", ""sel_2th_pre_req_pre"": ""0"", ""sel_2th_pre_req"": ""116"", ""sel_2th_pre_bid"": ""+11360"", ""sel_1th_pre_req_pre"": ""0"", ""sel_fpr_req"": ""208"", ""sel_fpr_bid"": ""+11340"", ""buy_fpr_bid"": ""+11310"", ""buy_fpr_req"": ""785"", ""buy_1th_pre_req_pre"": ""+500"", ""buy_2th_pre_bid"": ""+11300"", ""buy_2th_pre_req"": ""286"", ""buy_2th_pre_req_pre"": ""0"", ""buy_3th_pre_bid"": ""+11290"", ""buy_3th_pre_req"": ""268"", ""buy_3th_pre_req_pre"": ""0"", ""buy_4th_pre_bid"": ""+11280"", ""buy_4th_pre_req"": ""327"", ""buy_4th_pre_req_pre"": ""0"", ""buy_5th_pre_bid"": ""+11260"", ""buy_5th_pre_req"": ""289"", ""buy_5th_pre_req_pre"": ""0"", ""buy_6th_pre_bid"": ""+11250"", ""buy_6th_pre_req"": ""20"", ""buy_6th_pre_req_pre"": ""0"", ""buy_7th_pre_bid"": ""+11240"", ""buy_7th_pre_req"": ""408"", ""buy_7th_pre_req_pre"": ""0"", ""buy_8th_pre_bid"": ""+11230"", ""buy_8th_pre_req"": ""1"", ""buy_8th_pre_req_pre"": ""0"", ""buy_9th_pre_bid"": ""+11220"", ""buy_9th_pre_req"": ""424"", ""buy_9th_pre_req_pre"": ""0"", ""buy_10th_pre_bid"": ""+11210"", ""buy_10th_pre_req"": ""735"", ""buy_10th_pre_req_pre"": ""0"", ""tot_sel_req_jub_pre"": ""0"", ""tot_sel_req"": ""2957"", ""tot_buy_req"": ""3543"", ""tot_buy_req_jub_pre"": ""+500"", ""ovt_sel_req_pre"": ""0"", ""ovt_sel_req"": ""0"", ""ovt_buy_req"": ""0"", ""ovt_buy_req_pre"": ""0"", ""return_code"": 0, ""return_msg"": ""정상적으로 처리되었습니다""}"
2026-06-10,scan_candidate,092200,,0,main_scan,9960,,9960,9950,9960,9980,0.1004016064257028,0.1004016064257028,,,,,,"{""bid_req_base_tm"": ""094216"", ""sel_10th_pre_req_pre"": ""0"", ""sel_10th_pre_req"": ""504"", ""sel_10th_pre_bid"": ""-10050"", ""sel_9th_pre_req_pre"": ""0"", ""sel_9th_pre_req"": ""244"", ""sel_9th_pre_bid"": ""-10040"", ""sel_8th_pre_req_pre"": ""0"", ""sel_8th_pre_req"": ""65"", ""sel_8th_pre_bid"": ""-10030"", ""sel_7th_pre_req_pre"": ""0"", ""sel_7th_pre_req"": ""2463"", ""sel_7th_pre_bid"": ""-10020"", ""sel_6th_pre_req_pre"": ""0"", ""sel_6th_pre_req"": ""116"", ""sel_6th_pre_bid"": ""-10010"", ""sel_5th_pre_req_pre"": ""0"", ""sel_5th_pre_req"": ""968"", ""sel_5th_pre_bid"": ""-10000"", ""sel_4th_pre_req_pre"": ""0"", ""sel_4th_pre_req"": ""37"", ""sel_4th_pre_bid"": ""-9990"", ""sel_3th_pre_req_pre"": ""0"", ""sel_3th_pre_req"": ""10"", ""sel_3th_pre_bid"": ""-9980"", ""sel_2th_pre_req_pre"": ""0"", ""sel_2th_pre_req"": ""1409"", ""sel_2th_pre_bid"": ""-9970"", ""sel_1th_pre_req_pre"": ""0"", ""sel_fpr_req"": ""2872"", ""sel_fpr_bid"": ""-9960"", ""buy_fpr_bid"": ""-9950"", ""buy_fpr_req"": ""115"", ""buy_1th_pre_req_pre"": ""0"", ""buy_2th_pre_bid"": ""-9940"", ""buy_2th_pre_req"": ""5804"", ""buy_2th_pre_req_pre"": ""0"", ""buy_3th_pre_bid"": ""-9930"", ""buy_3th_pre_req"": ""2630"", ""buy_3th_pre_req_pre"": ""0"", ""buy_4th_pre_bid"": ""-9920"", ""buy_4th_pre_req"": ""2073"", ""buy_4th_pre_req_pre"": ""0"", ""buy_5th_pre_bid"": ""-9910"", ""buy_5th_pre_req"": ""2604"", ""buy_5th_pre_req_pre"": ""0"", ""buy_6th_pre_bid"": ""-9900"", ""buy_6th_pre_req"": ""10216"", ""buy_6th_pre_req_pre"": ""0"", ""buy_7th_pre_bid"": ""-9890"", ""buy_7th_pre_req"": ""1410"", ""buy_7th_pre_req_pre"": ""0"", ""buy_8th_pre_bid"": ""-9880"", ""buy_8th_pre_req"": ""2542"", ""buy_8th_pre_req_pre"": ""0"", ""buy_9th_pre_bid"": ""-9870"", ""buy_9th_pre_req"": ""2853"", ""buy_9th_pre_req_pre"": ""0"", ""buy_10th_pre_bid"": ""-9860"", ""buy_10th_pre_req"": ""1201"", ""buy_10th_pre_req_pre"": ""0"", ""tot_sel_req_jub_pre"": ""0"", ""tot_sel_req"": ""8688"", ""tot_buy_req"": ""31448"", ""tot_buy_req_jub_pre"": ""0"", ""ovt_sel_req_pre"": ""0"", ""ovt_sel_req"": ""0"", ""ovt_buy_req"": ""0"", ""ovt_buy_req_pre"": ""0"", ""return_code"": 0, ""return_msg"": ""정상적으로 처리되었습니다""}"
2026-06-10,scan_candidate,000430,,0,main_scan,5930,,5930,5920,5930,5970,0.5059021922428331,0.16863406408094433,,,,,,"{""bid_req_base_tm"": ""094216"", ""sel_10th_pre_req_pre"": ""0"", ""sel_10th_pre_req"": ""316"", ""sel_10th_pre_bid"": ""+6060"", ""sel_9th_pre_req_pre"": ""0"", ""sel_9th_pre_req"": ""111"", ""sel_9th_pre_bid"": ""+6050"", ""sel_8th_pre_req_pre"": ""0"", ""sel_8th_pre_req"": ""60"", ""sel_8th_pre_bid"": ""+6040"", ""sel_7th_pre_req_pre"": ""0"", ""sel_7th_pre_req"": ""800"", ""sel_7th_pre_bid"": ""+6030"", ""sel_6th_pre_req_pre"": ""0"", ""sel_6th_pre_req"": ""3043"", ""sel_6th_pre_bid"": ""+6010"", ""sel_5th_pre_req_pre"": ""0"", ""sel_5th_pre_req"": ""985"", ""sel_5th_pre_bid"": ""6000"", ""sel_4th_pre_req_pre"": ""0"", ""sel_4th_pre_req"": ""81"", ""sel_4th_pre_bid"": ""-5990"", ""sel_3th_pre_req_pre"": ""0"", ""sel_3th_pre_req"": ""475"", ""sel_3th_pre_bid"": ""-5960"", ""sel_2th_pre_req_pre"": ""0"", ""sel_2th_pre_req"": ""248"", ""sel_2th_pre_bid"": ""-5940"", ""sel_1th_pre_req_pre"": ""--21"", ""sel_fpr_req"": ""2963"", ""sel_fpr_bid"": ""-5930"", ""buy_fpr_bid"": ""-5920"", ""buy_fpr_req"": ""537"", ""buy_1th_pre_req_pre"": ""0"", ""buy_2th_pre_bid"": ""-5910"", ""buy_2th_pre_req"": ""11"", ""buy_2th_pre_req_pre"": ""+5"", ""buy_3th_pre_bid"": ""-5900"", ""buy_3th_pre_req"": ""3714"", ""buy_3th_pre_req_pre"": ""--20"", ""buy_4th_pre_bid"": ""-5890"", ""buy_4th_pre_req"": ""6486"", ""buy_4th_pre_req_pre"": ""0"", ""buy_5th_pre_bid"": ""-5880"", ""buy_5th_pre_req"": ""7239"", ""buy_5th_pre_req_pre"": ""0"", ""buy_6th_pre_bid"": ""-5870"", ""buy_6th_pre_req"": ""1801"", ""buy_6th_pre_req_pre"": ""0"", ""buy_7th_pre_bid"": ""-5860"", ""buy_7th_pre_req"": ""2722"", ""buy_7th_pre_req_pre"": ""0"", ""buy_8th_pre_bid"": ""-5850"", ""buy_8th_pre_req"": ""8139"", ""buy_8th_pre_req_pre"": ""0"", ""buy_9th_pre_bid"": ""-5840"", ""buy_9th_pre_req"": ""1606"", ""buy_9th_pre_req_pre"": ""0"", ""buy_10th_pre_bid"": ""-5830"", ""buy_10th_pre_req"": ""4617"", ""buy_10th_pre_req_pre"": ""0"", ""tot_sel_req_jub_pre"": ""--21"", ""tot_sel_req"": ""9082"", ""tot_buy_req"": ""36872"", ""tot_buy_req_jub_pre"": ""--15"", ""ovt_sel_req_pre"": ""0"", ""ovt_sel_req"": ""0"", ""ovt_buy_req"": ""0"", ""ovt_buy_req_pre"": ""0"", ""return_code"": 0, ""return_msg"": ""정상적으로 처리되었습니다""}"
2026-06-10,scan_candidate,010690,,0,main_scan,10330,,10330,10320,10330,10300,-0.7744433688286544,0.0968054211035818,,,,,,"{""bid_req_base_tm"": ""094216"", ""sel_10th_pre_req_pre"": ""0"", ""sel_10th_pre_req"": ""5"", ""sel_10th_pre_bid"": ""+10420"", ""sel_9th_pre_req_pre"": ""0"", ""sel_9th_pre_req"": ""60"", ""sel_9th_pre_bid"": ""+10410"", ""sel_8th_pre_req_pre"": ""0"", ""sel_8th_pre_req"": ""103"", ""sel_8th_pre_bid"": ""+10400"", ""sel_7th_pre_req_pre"": ""0"", ""sel_7th_pre_req"": ""645"", ""sel_7th_pre_bid"": ""+10390"", ""sel_6th_pre_req_pre"": ""--1233"", ""sel_6th_pre_req"": ""76"", ""sel_6th_pre_bid"": ""+10380"", ""sel_5th_pre_req_pre"": ""0"", ""sel_5th_pre_req"": ""226"", ""sel_5th_pre_bid"": ""+10370"", ""sel_4th_pre_req_pre"": ""0"", ""sel_4th_pre_req"": ""106"", ""sel_4th_pre_bid"": ""+10360"", ""sel_3th_pre_req_pre"": ""0"", ""sel_3th_pre_req"": ""218"", ""sel_3th_pre_bid"": ""+10350"", ""sel_2th_pre_req_pre"": ""0"", ""sel_2th_pre_req"": ""40"", ""sel_2th_pre_bid"": ""+10340"", ""sel_1th_pre_req_pre"": ""0"", ""sel_fpr_req"": ""10"", ""sel_fpr_bid"": ""+10330"", ""buy_fpr_bid"": ""+10320"", ""buy_fpr_req"": ""121"", ""buy_1th_pre_req_pre"": ""0"", ""buy_2th_pre_bid"": ""+10300"", ""buy_2th_pre_req"": ""425"", ""buy_2th_pre_req_pre"": ""0"", ""buy_3th_pre_bid"": ""+10290"", ""buy_3th_pre_req"": ""24"", ""buy_3th_pre_req_pre"": ""0"", ""buy_4th_pre_bid"": ""+10280"", ""buy_4th_pre_req"": ""211"", ""buy_4th_pre_req_pre"": ""0"", ""buy_5th_pre_bid"": ""10270"", ""buy_5th_pre_req"": ""500"", ""buy_5th_pre_req_pre"": ""0"", ""buy_6th_pre_bid"": ""-10260"", ""buy_6th_pre_req"": ""16"", ""buy_6th_pre_req_pre"": ""0"", ""buy_7th_pre_bid"": ""-10250"", ""buy_7th_pre_req"": ""1219"", ""buy_7th_pre_req_pre"": ""0"", ""buy_8th_pre_bid"": ""-10240"", ""buy_8th_pre_req"": ""103"", ""buy_8th_pre_req_pre"": ""0"", ""buy_9th_pre_bid"": ""-10230"", ""buy_9th_pre_req"": ""98"", ""buy_9th_pre_req_pre"": ""0"", ""buy_10th_pre_bid"": ""-10220"", ""buy_10th_pre_req"": ""415"", ""buy_10th_pre_req_pre"": ""0"", ""tot_sel_req_jub_pre"": ""--1224"", ""tot_sel_req"": ""1489"", ""tot_buy_req"": ""3132"", ""tot_buy_req_jub_pre"": ""0"", ""ovt_sel_req_pre"": ""0"", ""ovt_sel_req"": ""0"", ""ovt_buy_req"": ""0"", ""ovt_buy_req_pre"": ""0"", ""return_code"": 0, ""return_msg"": ""정상적으로 처리되었습니다""}"
2026-06-10,scan_candidate,005950,,0,main_scan,12000,,12000,11910,12000,11950,-0.8333333333333334,0.75,,,,,,"{""bid_req_base_tm"": ""094215"", ""sel_10th_pre_req_pre"": ""0"", ""sel_10th_pre_req"": ""516"", ""sel_10th_pre_bid"": ""+12120"", ""sel_9th_pre_req_pre"": ""0"", ""sel_9th_pre_req"": ""407"", ""sel_9th_pre_bid"": ""+12110"", ""sel_8th_pre_req_pre"": ""0"", ""sel_8th_pre_req"": ""519"", ""sel_8th_pre_bid"": ""+12100"", ""sel_7th_pre_req_pre"": ""0"", ""sel_7th_pre_req"": ""267"", ""sel_7th_pre_bid"": ""+12090"", ""sel_6th_pre_req_pre"": ""0"", ""sel_6th_pre_req"": ""211"", ""sel_6th_pre_bid"": ""+12080"", ""sel_5th_pre_req_pre"": ""0"", ""sel_5th_pre_req"": ""34"", ""sel_5th_pre_bid"": ""+12070"", ""sel_4th_pre_req_pre"": ""0"", ""sel_4th_pre_req"": ""332"", ""sel_4th_pre_bid"": ""+12060"", ""sel_3th_pre_req_pre"": ""0"", ""sel_3th_pre_req"": ""13"", ""sel_3th_pre_bid"": ""+12050"", ""sel_2th_pre_req_pre"": ""0"", ""sel_2th_pre_req"": ""102"", ""sel_2th_pre_bid"": ""+12040"", ""sel_1th_pre_req_pre"": ""+36"", ""sel_fpr_req"": ""72"", ""sel_fpr_bid"": ""+12000"", ""buy_fpr_bid"": ""+11910"", ""buy_fpr_req"": ""2"", ""buy_1th_pre_req_pre"": ""0"", ""buy_2th_pre_bid"": ""+11900"", ""buy_2th_pre_req"": ""189"", ""buy_2th_pre_req_pre"": ""0"", ""buy_3th_pre_bid"": ""+11890"", ""buy_3th_pre_req"": ""1049"", ""buy_3th_pre_req_pre"": ""0"", ""buy_4th_pre_bid"": ""+11880"", ""buy_4th_pre_req"": ""155"", ""buy_4th_pre_req_pre"": ""0"", ""buy_5th_pre_bid"": ""+11850"", ""buy_5th_pre_req"": ""402"", ""buy_5th_pre_req_pre"": ""0"", ""buy_6th_pre_bid"": ""+11840"", ""buy_6th_pre_req"": ""199"", ""buy_6th_pre_req_pre"": ""0"", ""buy_7th_pre_bid"": ""+11830"", ""buy_7th_pre_req"": ""176"", ""buy_7th_pre_req_pre"": ""0"", ""buy_8th_pre_bid"": ""+11820"", ""buy_8th_pre_req"": ""134"", ""buy_8th_pre_req_pre"": ""0"", ""buy_9th_pre_bid"": ""+11810"", ""buy_9th_pre_req"": ""24"", ""buy_9th_pre_req_pre"": ""0"", ""buy_10th_pre_bid"": ""+11800"", ""buy_10th_pre_req"": ""223"", ""buy_10th_pre_req_pre"": ""0"", ""tot_sel_req_jub_pre"": ""+36"", ""tot_sel_req"": ""2473"", ""tot_buy_req"": ""2553"", ""tot_buy_req_jub_pre"": ""0"", ""ovt_sel_req_pre"": ""0"", ""ovt_sel_req"": ""0"", ""ovt_buy_req"": ""0"", ""ovt_buy_req_pre"": ""0"", ""return_code"": 0, ""return_msg"": ""정상적으로 처리되었습니다""}"
2026-06-10,watchlist,014680,,1,filtered_candidate_recheck,259000,,259000,258500,259000,261000,0.5791505791505791,0.19305019305019305,,,,,,"{""bid_req_base_tm"": ""094401"", ""sel_10th_pre_req_pre"": ""0"", ""sel_10th_pre_req"": ""52"", ""sel_10th_pre_bid"": ""+263500"", ""sel_9th_pre_req_pre"": ""0"", ""sel_9th_pre_req"": ""12"", ""sel_9th_pre_bid"": ""+263000"", ""sel_8th_pre_req_pre"": ""0"", ""sel_8th_pre_req"": ""1"", ""sel_8th_pre_bid"": ""+262500"", ""sel_7th_pre_req_pre"": ""0"", ""sel_7th_pre_req"": ""2"", ""sel_7th_pre_bid"": ""+262000"", ""sel_6th_pre_req_pre"": ""0"", ""sel_6th_pre_req"": ""55"", ""sel_6th_pre_bid"": ""+261500"", ""sel_5th_pre_req_pre"": ""0"", ""sel_5th_pre_req"": ""53"", ""sel_5th_pre_bid"": ""+261000"", ""sel_4th_pre_req_pre"": ""0"", ""sel_4th_pre_req"": ""58"", ""sel_4th_pre_bid"": ""+260500"", ""sel_3th_pre_req_pre"": ""0"", ""sel_3th_pre_req"": ""90"", ""sel_3th_pre_bid"": ""+260000"", ""sel_2th_pre_req_pre"": ""0"", ""sel_2th_pre_req"": ""40"", ""sel_2th_pre_bid"": ""+259500"", ""sel_1th_pre_req_pre"": ""+2"", ""sel_fpr_req"": ""66"", ""sel_fpr_bid"": ""+259000"", ""buy_fpr_bid"": ""+258500"", ""buy_fpr_req"": ""511"", ""buy_1th_pre_req_pre"": ""0"", ""buy_2th_pre_bid"": ""+258000"", ""buy_2th_pre_req"": ""47"", ""buy_2th_pre_req_pre"": ""0"", ""buy_3th_pre_bid"": ""+257500"", ""buy_3th_pre_req"": ""9"", ""buy_3th_pre_req_pre"": ""0"", ""buy_4th_pre_bid"": ""+257000"", ""buy_4th_pre_req"": ""121"", ""buy_4th_pre_req_pre"": ""0"", ""buy_5th_pre_bid"": ""+256500"", ""buy_5th_pre_req"": ""2"", ""buy_5th_pre_req_pre"": ""0"", ""buy_6th_pre_bid"": ""+256000"", ""buy_6th_pre_req"": ""2"", ""buy_6th_pre_req_pre"": ""0"", ""buy_7th_pre_bid"": ""+255500"", ""buy_7th_pre_req"": ""68"", ""buy_7th_pre_req_pre"": ""0"", ""buy_8th_pre_bid"": ""+255000"", ""buy_8th_pre_req"": ""2"", ""buy_8th_pre_req_pre"": ""0"", ""buy_9th_pre_bid"": ""+254500"", ""buy_9th_pre_req"": ""1"", ""buy_9th_pre_req_pre"": ""0"", ""buy_10th_pre_bid"": ""+254000"", ""buy_10th_pre_req"": ""15"", ""buy_10th_pre_req_pre"": ""0"", ""tot_sel_req_jub_pre"": ""+2"", ""tot_sel_req"": ""429"", ""tot_buy_req"": ""778"", ""tot_buy_req_jub_pre"": ""0"", ""ovt_sel_req_pre"": ""0"", ""ovt_sel_req"": ""0"", ""ovt_buy_req"": ""0"", ""ovt_buy_req_pre"": ""0"", ""return_code"": 0, ""return_msg"": ""정상적으로 처리되었습니다""}"
2026-06-10,watchlist,035420,,0,filtered_candidate_recheck,236000,,236000,235500,236000,237500,0.423728813559322,0.211864406779661,,,,,,"{""bid_req_base_tm"": ""094402"", ""sel_10th_pre_req_pre"": ""0"", ""sel_10th_pre_req"": ""3066"", ""sel_10th_pre_bid"": ""-240500"", ""sel_9th_pre_req_pre"": ""0"", ""sel_9th_pre_req"": ""2101"", ""sel_9th_pre_bid"": ""-240000"", ""sel_8th_pre_req_pre"": ""0"", ""sel_8th_pre_req"": ""1154"", ""sel_8th_pre_bid"": ""-239500"", ""sel_7th_pre_req_pre"": ""0"", ""sel_7th_pre_req"": ""2835"", ""sel_7th_pre_bid"": ""-239000"", ""sel_6th_pre_req_pre"": ""0"", ""sel_6th_pre_req"": ""1326"", ""sel_6th_pre_bid"": ""-238500"", ""sel_5th_pre_req_pre"": ""0"", ""sel_5th_pre_req"": ""904"", ""sel_5th_pre_bid"": ""-238000"", ""sel_4th_pre_req_pre"": ""--70"", ""sel_4th_pre_req"": ""1363"", ""sel_4th_pre_bid"": ""-237500"", ""sel_3th_pre_req_pre"": ""0"", ""sel_3th_pre_req"": ""3531"", ""sel_3th_pre_bid"": ""-237000"", ""sel_2th_pre_req_pre"": ""0"", ""sel_2th_pre_req"": ""2471"", ""sel_2th_pre_bid"": ""-236500"", ""sel_1th_pre_req_pre"": ""--350"", ""sel_fpr_req"": ""6174"", ""sel_fpr_bid"": ""-236000"", ""buy_fpr_bid"": ""-235500"", ""buy_fpr_req"": ""738"", ""buy_1th_pre_req_pre"": ""--343"", ""buy_2th_pre_bid"": ""-235000"", ""buy_2th_pre_req"": ""23329"", ""buy_2th_pre_req_pre"": ""+4"", ""buy_3th_pre_bid"": ""-234500"", ""buy_3th_pre_req"": ""54556"", ""buy_3th_pre_req_pre"": ""0"", ""buy_4th_pre_bid"": ""-234000"", ""buy_4th_pre_req"": ""8558"", ""buy_4th_pre_req_pre"": ""--3"", ""buy_5th_pre_bid"": ""-233500"", ""buy_5th_pre_req"": ""5106"", ""buy_5th_pre_req_pre"": ""0"", ""buy_6th_pre_bid"": ""-233000"", ""buy_6th_pre_req"": ""8073"", ""buy_6th_pre_req_pre"": ""--100"", ""buy_7th_pre_bid"": ""-232500"", ""buy_7th_pre_req"": ""5412"", ""buy_7th_pre_req_pre"": ""0"", ""buy_8th_pre_bid"": ""-232000"", ""buy_8th_pre_req"": ""7519"", ""buy_8th_pre_req_pre"": ""0"", ""buy_9th_pre_bid"": ""-231500"", ""buy_9th_pre_req"": ""3641"", ""buy_9th_pre_req_pre"": ""+100"", ""buy_10th_pre_bid"": ""-231000"", ""buy_10th_pre_req"": ""8867"", ""buy_10th_pre_req_pre"": ""+3"", ""tot_sel_req_jub_pre"": ""--420"", ""tot_sel_req"": ""24925"", ""tot_buy_req"": ""125799"", ""tot_buy_req_jub_pre"": ""--339"", ""ovt_sel_req_pre"": ""0"", ""ovt_sel_req"": ""0"", ""ovt_buy_req"": ""0"", ""ovt_buy_req_pre"": ""0"", ""return_code"": 0, ""return_msg"": ""정상적으로 처리되었습니다""}"
2026-06-10,watchlist,036570,,1,filtered_candidate_recheck,255000,,255000,254500,255000,257000,0.5882352941176471,0.19607843137254902,,,,,,"{""bid_req_base_tm"": ""094402"", ""sel_10th_pre_req_pre"": ""0"", ""sel_10th_pre_req"": ""40"", ""sel_10th_pre_bid"": ""-259500"", ""sel_9th_pre_req_pre"": ""0"", ""sel_9th_pre_req"": ""47"", ""sel_9th_pre_bid"": ""-259000"", ""sel_8th_pre_req_pre"": ""0"", ""sel_8th_pre_req"": ""44"", ""sel_8th_pre_bid"": ""-258500"", ""sel_7th_pre_req_pre"": ""0"", ""sel_7th_pre_req"": ""26"", ""sel_7th_pre_bid"": ""-258000"", ""sel_6th_pre_req_pre"": ""0"", ""sel_6th_pre_req"": ""12"", ""sel_6th_pre_bid"": ""-257500"", ""sel_5th_pre_req_pre"": ""0"", ""sel_5th_pre_req"": ""31"", ""sel_5th_pre_bid"": ""-257000"", ""sel_4th_pre_req_pre"": ""0"", ""sel_4th_pre_req"": ""34"", ""sel_4th_pre_bid"": ""-256500"", ""sel_3th_pre_req_pre"": ""0"", ""sel_3th_pre_req"": ""73"", ""sel_3th_pre_bid"": ""-256000"", ""sel_2th_pre_req_pre"": ""0"", ""sel_2th_pre_req"": ""2"", ""sel_2th_pre_bid"": ""-255500"", ""sel_1th_pre_req_pre"": ""+34"", ""sel_fpr_req"": ""290"", ""sel_fpr_bid"": ""-255000"", ""buy_fpr_bid"": ""-254500"", ""buy_fpr_req"": ""740"", ""buy_1th_pre_req_pre"": ""+2"", ""buy_2th_pre_bid"": ""-254000"", ""buy_2th_pre_req"": ""302"", ""buy_2th_pre_req_pre"": ""0"", ""buy_3th_pre_bid"": ""-253500"", ""buy_3th_pre_req"": ""264"", ""buy_3th_pre_req_pre"": ""0"", ""buy_4th_pre_bid"": ""-253000"", ""buy_4th_pre_req"": ""817"", ""buy_4th_pre_req_pre"": ""0"", ""buy_5th_pre_bid"": ""-252500"", ""buy_5th_pre_req"": ""181"", ""buy_5th_pre_req_pre"": ""0"", ""buy_6th_pre_bid"": ""-252000"", ""buy_6th_pre_req"": ""169"", ""buy_6th_pre_req_pre"": ""0"", ""buy_7th_pre_bid"": ""-251500"", ""buy_7th_pre_req"": ""217"", ""buy_7th_pre_req_pre"": ""0"", ""buy_8th_pre_bid"": ""-251000"", ""buy_8th_pre_req"": ""146"", ""buy_8th_pre_req_pre"": ""0"", ""buy_9th_pre_bid"": ""-250500"", ""buy_9th_pre_req"": ""291"", ""buy_9th_pre_req_pre"": ""0"", ""buy_10th_pre_bid"": ""-250000"", ""buy_10th_pre_req"": ""966"", ""buy_10th_pre_req_pre"": ""0"", ""tot_sel_req_jub_pre"": ""+34"", ""tot_sel_req"": ""599"", ""tot_buy_req"": ""4093"", ""tot_buy_req_jub_pre"": ""+2"", ""ovt_sel_req_pre"": ""0"", ""ovt_sel_req"": ""0"", ""ovt_buy_req"": ""0"", ""ovt_buy_req_pre"": ""0"", ""return_code"": 0, ""return_msg"": ""정상적으로 처리되었습니다""}"
2026-06-10,watchlist,005090,,0,filtered_candidate_recheck,51400,,51400,51200,51400,51400,-0.19455252918287938,0.38910505836575876,,,,,,"{""bid_req_base_tm"": ""094402"", ""sel_10th_pre_req_pre"": ""0"", ""sel_10th_pre_req"": ""8740"", ""sel_10th_pre_bid"": ""+52500"", ""sel_9th_pre_req_pre"": ""0"", ""sel_9th_pre_req"": ""10"", ""sel_9th_pre_bid"": ""+52400"", ""sel_8th_pre_req_pre"": ""0"", ""sel_8th_pre_req"": ""1"", ""sel_8th_pre_bid"": ""+52300"", ""sel_7th_pre_req_pre"": ""0"", ""sel_7th_pre_req"": ""504"", ""sel_7th_pre_bid"": ""+52200"", ""sel_6th_pre_req_pre"": ""0"", ""sel_6th_pre_req"": ""219"", ""sel_6th_pre_bid"": ""+52100"", ""sel_5th_pre_req_pre"": ""0"", ""sel_5th_pre_req"": ""1"", ""sel_5th_pre_bid"": ""+52000"", ""sel_4th_pre_req_pre"": ""0"", ""sel_4th_pre_req"": ""18"", ""sel_4th_pre_bid"": ""+51900"", ""sel_3th_pre_req_pre"": ""0"", ""sel_3th_pre_req"": ""1"", ""sel_3th_pre_bid"": ""+51600"", ""sel_2th_pre_req_pre"": ""0"", ""sel_2th_pre_req"": ""86"", ""sel_2th_pre_bid"": ""+51500"", ""sel_1th_pre_req_pre"": ""0"", ""sel_fpr_req"": ""98"", ""sel_fpr_bid"": ""+51400"", ""buy_fpr_bid"": ""+51200"", ""buy_fpr_req"": ""172"", ""buy_1th_pre_req_pre"": ""0"", ""buy_2th_pre_bid"": ""+51100"", ""buy_2th_pre_req"": ""115"", ""buy_2th_pre_req_pre"": ""0"", ""buy_3th_pre_bid"": ""+51000"", ""buy_3th_pre_req"": ""389"", ""buy_3th_pre_req_pre"": ""0"", ""buy_4th_pre_bid"": ""+50900"", ""buy_4th_pre_req"": ""110"", ""buy_4th_pre_req_pre"": ""0"", ""buy_5th_pre_bid"": ""+50800"", ""buy_5th_pre_req"": ""162"", ""buy_5th_pre_req_pre"": ""0"", ""buy_6th_pre_bid"": ""+50700"", ""buy_6th_pre_req"": ""50"", ""buy_6th_pre_req_pre"": ""0"", ""buy_7th_pre_bid"": ""+50600"", ""buy_7th_pre_req"": ""203"", ""buy_7th_pre_req_pre"": ""0"", ""buy_8th_pre_bid"": ""50500"", ""buy_8th_pre_req"": ""520"", ""buy_8th_pre_req_pre"": ""+5"", ""buy_9th_pre_bid"": ""-50400"", ""buy_9th_pre_req"": ""100"", ""buy_9th_pre_req_pre"": ""0"", ""buy_10th_pre_bid"": ""-50300"", ""buy_10th_pre_req"": ""50"", ""buy_10th_pre_req_pre"": ""0"", ""tot_sel_req_jub_pre"": ""0"", ""tot_sel_req"": ""9678"", ""tot_buy_req"": ""1871"", ""tot_buy_req_jub_pre"": ""+5"", ""ovt_sel_req_pre"": ""0"", ""ovt_sel_req"": ""0"", ""ovt_buy_req"": ""0"", ""ovt_buy_req_pre"": ""0"", ""return_code"": 0, ""return_msg"": ""정상적으로 처리되었습니다""}"
2026-06-10,watchlist,066570,,0,filtered_candidate_recheck,232500,,232500,232000,232500,234000,0.43010752688172044,0.21505376344086022,,,,,,"{""bid_req_base_tm"": ""094402"", ""sel_10th_pre_req_pre"": ""0"", ""sel_10th_pre_req"": ""1266"", ""sel_10th_pre_bid"": ""-237000"", ""sel_9th_pre_req_pre"": ""0"", ""sel_9th_pre_req"": ""570"", ""sel_9th_pre_bid"": ""-236500"", ""sel_8th_pre_req_pre"": ""0"", ""sel_8th_pre_req"": ""2501"", ""sel_8th_pre_bid"": ""-236000"", ""sel_7th_pre_req_pre"": ""0"", ""sel_7th_pre_req"": ""515"", ""sel_7th_pre_bid"": ""-235500"", ""sel_6th_pre_req_pre"": ""0"", ""sel_6th_pre_req"": ""1961"", ""sel_6th_pre_bid"": ""-235000"", ""sel_5th_pre_req_pre"": ""0"", ""sel_5th_pre_req"": ""492"", ""sel_5th_pre_bid"": ""-234500"", ""sel_4th_pre_req_pre"": ""0"", ""sel_4th_pre_req"": ""1575"", ""sel_4th_pre_bid"": ""-234000"", ""sel_3th_pre_req_pre"": ""0"", ""sel_3th_pre_req"": ""449"", ""sel_3th_pre_bid"": ""-233500"", ""sel_2th_pre_req_pre"": ""0"", ""sel_2th_pre_req"": ""2069"", ""sel_2th_pre_bid"": ""-233000"", ""sel_1th_pre_req_pre"": ""+640"", ""sel_fpr_req"": ""2733"", ""sel_fpr_bid"": ""-232500"", ""buy_fpr_bid"": ""-232000"", ""buy_fpr_req"": ""10361"", ""buy_1th_pre_req_pre"": ""0"", ""buy_2th_pre_bid"": ""-231500"", ""buy_2th_pre_req"": ""8611"", ""buy_2th_pre_req_pre"": ""0"", ""buy_3th_pre_bid"": ""-231000"", ""buy_3th_pre_req"": ""10752"", ""buy_3th_pre_req_pre"": ""--5"", ""buy_4th_pre_bid"": ""-230500"", ""buy_4th_pre_req"": ""10296"", ""buy_4th_pre_req_pre"": ""--31"", ""buy_5th_pre_bid"": ""-230000"", ""buy_5th_pre_req"": ""32123"", ""buy_5th_pre_req_pre"": ""+1"", ""buy_6th_pre_bid"": ""-229500"", ""buy_6th_pre_req"": ""2764"", ""buy_6th_pre_req_pre"": ""0"", ""buy_7th_pre_bid"": ""-229000"", ""buy_7th_pre_req"": ""4582"", ""buy_7th_pre_req_pre"": ""+20"", ""buy_8th_pre_bid"": ""-228500"", ""buy_8th_pre_req"": ""5132"", ""buy_8th_pre_req_pre"": ""0"", ""buy_9th_pre_bid"": ""-228000"", ""buy_9th_pre_req"": ""6757"", ""buy_9th_pre_req_pre"": ""+1"", ""buy_10th_pre_bid"": ""-227500"", ""buy_10th_pre_req"": ""2327"", ""buy_10th_pre_req_pre"": ""0"", ""tot_sel_req_jub_pre"": ""+640"", ""tot_sel_req"": ""14131"", ""tot_buy_req"": ""93705"", ""tot_buy_req_jub_pre"": ""--14"", ""ovt_sel_req_pre"": ""0"", ""ovt_sel_req"": ""0"", ""ovt_buy_req"": ""0"", ""ovt_buy_req_pre"": ""0"", ""return_code"": 0, ""return_msg"": ""정상적으로 처리되었습니다""}"
2026-06-10,watchlist,028670,,0,filtered_candidate_recheck,5070,,5070,5050,5070,5090,0.19723865877712032,0.39447731755424065,,,,,,"{""bid_req_base_tm"": ""094402"", ""sel_10th_pre_req_pre"": ""0"", ""sel_10th_pre_req"": ""502"", ""sel_10th_pre_bid"": ""-5160"", ""sel_9th_pre_req_pre"": ""0"", ""sel_9th_pre_req"": ""200"", ""sel_9th_pre_bid"": ""-5150"", ""sel_8th_pre_req_pre"": ""0"", ""sel_8th_pre_req"": ""305"", ""sel_8th_pre_bid"": ""-5140"", ""sel_7th_pre_req_pre"": ""0"", ""sel_7th_pre_req"": ""159"", ""sel_7th_pre_bid"": ""-5130"", ""sel_6th_pre_req_pre"": ""0"", ""sel_6th_pre_req"": ""307"", ""sel_6th_pre_bid"": ""-5120"", ""sel_5th_pre_req_pre"": ""0"", ""sel_5th_pre_req"": ""200"", ""sel_5th_pre_bid"": ""-5110"", ""sel_4th_pre_req_pre"": ""0"", ""sel_4th_pre_req"": ""1379"", ""sel_4th_pre_bid"": ""-5100"", ""sel_3th_pre_req_pre"": ""0"", ""sel_3th_pre_req"": ""1250"", ""sel_3th_pre_bid"": ""-5090"", ""sel_2th_pre_req_pre"": ""0"", ""sel_2th_pre_req"": ""4169"", ""sel_2th_pre_bid"": ""-5080"", ""sel_1th_pre_req_pre"": ""+338"", ""sel_fpr_req"": ""2563"", ""sel_fpr_bid"": ""-5070"", ""buy_fpr_bid"": ""-5050"", ""buy_fpr_req"": ""4774"", ""buy_1th_pre_req_pre"": ""0"", ""buy_2th_pre_bid"": ""-5040"", ""buy_2th_pre_req"": ""3171"", ""buy_2th_pre_req_pre"": ""0"", ""buy_3th_pre_bid"": ""-5030"", ""buy_3th_pre_req"": ""3034"", ""buy_3th_pre_req_pre"": ""0"", ""buy_4th_pre_bid"": ""-5020"", ""buy_4th_pre_req"": ""2392"", ""buy_4th_pre_req_pre"": ""0"", ""buy_5th_pre_bid"": ""-5010"", ""buy_5th_pre_req"": ""2362"", ""buy_5th_pre_req_pre"": ""0"", ""buy_6th_pre_bid"": ""-5000"", ""buy_6th_pre_req"": ""6111"", ""buy_6th_pre_req_pre"": ""0"", ""buy_7th_pre_bid"": ""-4995"", ""buy_7th_pre_req"": ""2242"", ""buy_7th_pre_req_pre"": ""0"", ""buy_8th_pre_bid"": ""-4990"", ""buy_8th_pre_req"": ""1142"", ""buy_8th_pre_req_pre"": ""0"", ""buy_9th_pre_bid"": ""-4985"", ""buy_9th_pre_req"": ""996"", ""buy_9th_pre_req_pre"": ""0"", ""buy_10th_pre_bid"": ""-4980"", ""buy_10th_pre_req"": ""9933"", ""buy_10th_pre_req_pre"": ""0"", ""tot_sel_req_jub_pre"": ""+338"", ""tot_sel_req"": ""11034"", ""tot_buy_req"": ""36157"", ""tot_buy_req_jub_pre"": ""0"", ""ovt_sel_req_pre"": ""0"", ""ovt_sel_req"": ""0"", ""ovt_buy_req"": ""0"", ""ovt_buy_req_pre"": ""0"", ""return_code"": 0, ""return_msg"": ""정상적으로 처리되었습니다""}"
2026-06-10,watchlist,004990,,0,filtered_candidate_recheck,25450,,25450,25400,25450,25600,0.3929273084479371,0.19646365422396855,,,,,,"{""bid_req_base_tm"": ""094402"", ""sel_10th_pre_req_pre"": ""0"", ""sel_10th_pre_req"": ""602"", ""sel_10th_pre_bid"": ""-26100"", ""sel_9th_pre_req_pre"": ""0"", ""sel_9th_pre_req"": ""51"", ""sel_9th_pre_bid"": ""-26050"", ""sel_8th_pre_req_pre"": ""0"", ""sel_8th_pre_req"": ""503"", ""sel_8th_pre_bid"": ""-26000"", ""sel_7th_pre_req_pre"": ""0"", ""sel_7th_pre_req"": ""102"", ""sel_7th_pre_bid"": ""-25950"", ""sel_6th_pre_req_pre"": ""0"", ""sel_6th_pre_req"": ""766"", ""sel_6th_pre_bid"": ""-25750"", ""sel_5th_pre_req_pre"": ""0"", ""sel_5th_pre_req"": ""36"", ""sel_5th_pre_bid"": ""-25700"", ""sel_4th_pre_req_pre"": ""0"", ""sel_4th_pre_req"": ""172"", ""sel_4th_pre_bid"": ""-25600"", ""sel_3th_pre_req_pre"": ""0"", ""sel_3th_pre_req"": ""367"", ""sel_3th_pre_bid"": ""-25550"", ""sel_2th_pre_req_pre"": ""--42"", ""sel_2th_pre_req"": ""1018"", ""sel_2th_pre_bid"": ""-25500"", ""sel_1th_pre_req_pre"": ""0"", ""sel_fpr_req"": ""2"", ""sel_fpr_bid"": ""-25450"", ""buy_fpr_bid"": ""-25400"", ""buy_fpr_req"": ""640"", ""buy_1th_pre_req_pre"": ""+72"", ""buy_2th_pre_bid"": ""-25350"", ""buy_2th_pre_req"": ""264"", ""buy_2th_pre_req_pre"": ""0"", ""buy_3th_pre_bid"": ""-25300"", ""buy_3th_pre_req"": ""663"", ""buy_3th_pre_req_pre"": ""0"", ""buy_4th_pre_bid"": ""-25250"", ""buy_4th_pre_req"": ""631"", ""buy_4th_pre_req_pre"": ""0"", ""buy_5th_pre_bid"": ""-25200"", ""buy_5th_pre_req"": ""390"", ""buy_5th_pre_req_pre"": ""0"", ""buy_6th_pre_bid"": ""-25150"", ""buy_6th_pre_req"": ""474"", ""buy_6th_pre_req_pre"": ""0"", ""buy_7th_pre_bid"": ""-25100"", ""buy_7th_pre_req"": ""1616"", ""buy_7th_pre_req_pre"": ""0"", ""buy_8th_pre_bid"": ""-25050"", ""buy_8th_pre_req"": ""1259"", ""buy_8th_pre_req_pre"": ""0"", ""buy_9th_pre_bid"": ""-25000"", ""buy_9th_pre_req"": ""635"", ""buy_9th_pre_req_pre"": ""0"", ""buy_10th_pre_bid"": ""-24950"", ""buy_10th_pre_req"": ""637"", ""buy_10th_pre_req_pre"": ""0"", ""tot_sel_req_jub_pre"": ""--109"", ""tot_sel_req"": ""3619"", ""tot_buy_req"": ""7209"", ""tot_buy_req_jub_pre"": ""+669"", ""ovt_sel_req_pre"": ""0"", ""ovt_sel_req"": ""0"", ""ovt_buy_req"": ""0"", ""ovt_buy_req_pre"": ""0"", ""return_code"": 0, ""return_msg"": ""정상적으로 처리되었습니다""}"
2026-06-10,watchlist,081660,,0,filtered_candidate_recheck,40150,,40150,40100,40150,40100,-0.24906600249066002,0.12453300124533001,,,,,,"{""bid_req_base_tm"": ""094402"", ""sel_10th_pre_req_pre"": ""0"", ""sel_10th_pre_req"": ""75"", ""sel_10th_pre_bid"": ""+40600"", ""sel_9th_pre_req_pre"": ""0"", ""sel_9th_pre_req"": ""126"", ""sel_9th_pre_bid"": ""+40550"", ""sel_8th_pre_req_pre"": ""0"", ""sel_8th_pre_req"": ""40"", ""sel_8th_pre_bid"": ""+40500"", ""sel_7th_pre_req_pre"": ""0"", ""sel_7th_pre_req"": ""20"", ""sel_7th_pre_bid"": ""+40450"", ""sel_6th_pre_req_pre"": ""0"", ""sel_6th_pre_req"": ""87"", ""sel_6th_pre_bid"": ""+40400"", ""sel_5th_pre_req_pre"": ""0"", ""sel_5th_pre_req"": ""18"", ""sel_5th_pre_bid"": ""+40350"", ""sel_4th_pre_req_pre"": ""0"", ""sel_4th_pre_req"": ""72"", ""sel_4th_pre_bid"": ""+40300"", ""sel_3th_pre_req_pre"": ""0"", ""sel_3th_pre_req"": ""11"", ""sel_3th_pre_bid"": ""+40250"", ""sel_2th_pre_req_pre"": ""0"", ""sel_2th_pre_req"": ""49"", ""sel_2th_pre_bid"": ""+40200"", ""sel_1th_pre_req_pre"": ""0"", ""sel_fpr_req"": ""304"", ""sel_fpr_bid"": ""+40150"", ""buy_fpr_bid"": ""+40100"", ""buy_fpr_req"": ""154"", ""buy_1th_pre_req_pre"": ""--247"", ""buy_2th_pre_bid"": ""+40050"", ""buy_2th_pre_req"": ""243"", ""buy_2th_pre_req_pre"": ""0"", ""buy_3th_pre_bid"": ""+40000"", ""buy_3th_pre_req"": ""33"", ""buy_3th_pre_req_pre"": ""0"", ""buy_4th_pre_bid"": ""+39950"", ""buy_4th_pre_req"": ""54"", ""buy_4th_pre_req_pre"": ""0"", ""buy_5th_pre_bid"": ""+39900"", ""buy_5th_pre_req"": ""79"", ""buy_5th_pre_req_pre"": ""0"", ""buy_6th_pre_bid"": ""+39850"", ""buy_6th_pre_req"": ""41"", ""buy_6th_pre_req_pre"": ""0"", ""buy_7th_pre_bid"": ""+39800"", ""buy_7th_pre_req"": ""11"", ""buy_7th_pre_req_pre"": ""0"", ""buy_8th_pre_bid"": ""+39750"", ""buy_8th_pre_req"": ""40"", ""buy_8th_pre_req_pre"": ""0"", ""buy_9th_pre_bid"": ""39700"", ""buy_9th_pre_req"": ""10"", ""buy_9th_pre_req_pre"": ""0"", ""buy_10th_pre_bid"": ""-39650"", ""buy_10th_pre_req"": ""30"", ""buy_10th_pre_req_pre"": ""0"", ""tot_sel_req_jub_pre"": ""0"", ""tot_sel_req"": ""802"", ""tot_buy_req"": ""695"", ""tot_buy_req_jub_pre"": ""--247"", ""ovt_sel_req_pre"": ""0"", ""ovt_sel_req"": ""0"", ""ovt_buy_req"": ""0"", ""ovt_buy_req_pre"": ""0"", ""return_code"": 0, ""return_msg"": ""정상적으로 처리되었습니다""}"
2026-06-10,watchlist,008770,,1,filtered_candidate_recheck,53400,,53400,53300,53400,53900,0.7490636704119851,0.18726591760299627,,,,,,"{""bid_req_base_tm"": ""094402"", ""sel_10th_pre_req_pre"": ""0"", ""sel_10th_pre_req"": ""3"", ""sel_10th_pre_bid"": ""-54600"", ""sel_9th_pre_req_pre"": ""0"", ""sel_9th_pre_req"": ""3"", ""sel_9th_pre_bid"": ""-54300"", ""sel_8th_pre_req_pre"": ""0"", ""sel_8th_pre_req"": ""153"", ""sel_8th_pre_bid"": ""-54200"", ""sel_7th_pre_req_pre"": ""0"", ""sel_7th_pre_req"": ""27"", ""sel_7th_pre_bid"": ""-54100"", ""sel_6th_pre_req_pre"": ""0"", ""sel_6th_pre_req"": ""1"", ""sel_6th_pre_bid"": ""-54000"", ""sel_5th_pre_req_pre"": ""0"", ""sel_5th_pre_req"": ""28"", ""sel_5th_pre_bid"": ""-53900"", ""sel_4th_pre_req_pre"": ""0"", ""sel_4th_pre_req"": ""47"", ""sel_4th_pre_bid"": ""-53700"", ""sel_3th_pre_req_pre"": ""0"", ""sel_3th_pre_req"": ""79"", ""sel_3th_pre_bid"": ""-53600"", ""sel_2th_pre_req_pre"": ""0"", ""sel_2th_pre_req"": ""172"", ""sel_2th_pre_bid"": ""-53500"", ""sel_1th_pre_req_pre"": ""+46"", ""sel_fpr_req"": ""382"", ""sel_fpr_bid"": ""-53400"", ""buy_fpr_bid"": ""-53300"", ""buy_fpr_req"": ""876"", ""buy_1th_pre_req_pre"": ""0"", ""buy_2th_pre_bid"": ""-53200"", ""buy_2th_pre_req"": ""632"", ""buy_2th_pre_req_pre"": ""0"", ""buy_3th_pre_bid"": ""-53100"", ""buy_3th_pre_req"": ""287"", ""buy_3th_pre_req_pre"": ""0"", ""buy_4th_pre_bid"": ""-53000"", ""buy_4th_pre_req"": ""868"", ""buy_4th_pre_req_pre"": ""0"", ""buy_5th_pre_bid"": ""-52900"", ""buy_5th_pre_req"": ""190"", ""buy_5th_pre_req_pre"": ""0"", ""buy_6th_pre_bid"": ""-52800"", ""buy_6th_pre_req"": ""416"", ""buy_6th_pre_req_pre"": ""0"", ""buy_7th_pre_bid"": ""-52700"", ""buy_7th_pre_req"": ""328"", ""buy_7th_pre_req_pre"": ""0"", ""buy_8th_pre_bid"": ""-52600"", ""buy_8th_pre_req"": ""547"", ""buy_8th_pre_req_pre"": ""0"", ""buy_9th_pre_bid"": ""-52500"", ""buy_9th_pre_req"": ""589"", ""buy_9th_pre_req_pre"": ""0"", ""buy_10th_pre_bid"": ""-52400"", ""buy_10th_pre_req"": ""207"", ""buy_10th_pre_req_pre"": ""0"", ""tot_sel_req_jub_pre"": ""+46"", ""tot_sel_req"": ""895"", ""tot_buy_req"": ""4940"", ""tot_buy_req_jub_pre"": ""0"", ""ovt_sel_req_pre"": ""0"", ""ovt_sel_req"": ""0"", ""ovt_buy_req"": ""0"", ""ovt_buy_req_pre"": ""0"", ""return_code"": 0, ""return_msg"": ""정상적으로 처리되었습니다""}"
2026-06-10,watchlist,012330,,0,filtered_candidate_recheck,574000,,574000,573000,574000,577000,0.34843205574912894,0.17421602787456447,,,,,,"{""bid_req_base_tm"": ""094403"", ""sel_10th_pre_req_pre"": ""0"", ""sel_10th_pre_req"": ""29"", ""sel_10th_pre_bid"": ""-583000"", ""sel_9th_pre_req_pre"": ""0"", ""sel_9th_pre_req"": ""105"", ""sel_9th_pre_bid"": ""-582000"", ""sel_8th_pre_req_pre"": ""0"", ""sel_8th_pre_req"": ""329"", ""sel_8th_pre_bid"": ""-581000"", ""sel_7th_pre_req_pre"": ""0"", ""sel_7th_pre_req"": ""295"", ""sel_7th_pre_bid"": ""-580000"", ""sel_6th_pre_req_pre"": ""0"", ""sel_6th_pre_req"": ""83"", ""sel_6th_pre_bid"": ""-579000"", ""sel_5th_pre_req_pre"": ""0"", ""sel_5th_pre_req"": ""54"", ""sel_5th_pre_bid"": ""-578000"", ""sel_4th_pre_req_pre"": ""0"", ""sel_4th_pre_req"": ""43"", ""sel_4th_pre_bid"": ""-577000"", ""sel_3th_pre_req_pre"": ""0"", ""sel_3th_pre_req"": ""106"", ""sel_3th_pre_bid"": ""-576000"", ""sel_2th_pre_req_pre"": ""0"", ""sel_2th_pre_req"": ""172"", ""sel_2th_pre_bid"": ""-575000"", ""sel_1th_pre_req_pre"": ""--1"", ""sel_fpr_req"": ""296"", ""sel_fpr_bid"": ""-574000"", ""buy_fpr_bid"": ""-573000"", ""buy_fpr_req"": ""564"", ""buy_1th_pre_req_pre"": ""0"", ""buy_2th_pre_bid"": ""-572000"", ""buy_2th_pre_req"": ""894"", ""buy_2th_pre_req_pre"": ""0"", ""buy_3th_pre_bid"": ""-571000"", ""buy_3th_pre_req"": ""1538"", ""buy_3th_pre_req_pre"": ""0"", ""buy_4th_pre_bid"": ""-570000"", ""buy_4th_pre_req"": ""3227"", ""buy_4th_pre_req_pre"": ""--110"", ""buy_5th_pre_bid"": ""-569000"", ""buy_5th_pre_req"": ""2092"", ""buy_5th_pre_req_pre"": ""+110"", ""buy_6th_pre_bid"": ""-568000"", ""buy_6th_pre_req"": ""722"", ""buy_6th_pre_req_pre"": ""0"", ""buy_7th_pre_bid"": ""-567000"", ""buy_7th_pre_req"": ""481"", ""buy_7th_pre_req_pre"": ""0"", ""buy_8th_pre_bid"": ""-566000"", ""buy_8th_pre_req"": ""1210"", ""buy_8th_pre_req_pre"": ""0"", ""buy_9th_pre_bid"": ""-565000"", ""buy_9th_pre_req"": ""634"", ""buy_9th_pre_req_pre"": ""0"", ""buy_10th_pre_bid"": ""-564000"", ""buy_10th_pre_req"": ""164"", ""buy_10th_pre_req_pre"": ""0"", ""tot_sel_req_jub_pre"": ""--1"", ""tot_sel_req"": ""1512"", ""tot_buy_req"": ""11526"", ""tot_buy_req_jub_pre"": ""0"", ""ovt_sel_req_pre"": ""0"", ""ovt_sel_req"": ""0"", ""ovt_buy_req"": ""0"", ""ovt_buy_req_pre"": ""0"", ""return_code"": 0, ""return_msg"": ""정상적으로 처리되었습니다""}"
2026-06-10,watchlist,009155,,0,filtered_candidate_recheck,601000,,601000,599000,601000,601000,-0.16638935108153077,0.33277870216306155,,,,,,"{""bid_req_base_tm"": ""094403"", ""sel_10th_pre_req_pre"": ""0"", ""sel_10th_pre_req"": ""49"", ""sel_10th_pre_bid"": ""-613000"", ""sel_9th_pre_req_pre"": ""0"", ""sel_9th_pre_req"": ""28"", ""sel_9th_pre_bid"": ""-612000"", ""sel_8th_pre_req_pre"": ""0"", ""sel_8th_pre_req"": ""1"", ""sel_8th_pre_bid"": ""-611000"", ""sel_7th_pre_req_pre"": ""0"", ""sel_7th_pre_req"": ""6"", ""sel_7th_pre_bid"": ""-610000"", ""sel_6th_pre_req_pre"": ""0"", ""sel_6th_pre_req"": ""6"", ""sel_6th_pre_bid"": ""-608000"", ""sel_5th_pre_req_pre"": ""0"", ""sel_5th_pre_req"": ""2"", ""sel_5th_pre_bid"": ""-605000"", ""sel_4th_pre_req_pre"": ""0"", ""sel_4th_pre_req"": ""19"", ""sel_4th_pre_bid"": ""-604000"", ""sel_3th_pre_req_pre"": ""0"", ""sel_3th_pre_req"": ""29"", ""sel_3th_pre_bid"": ""-603000"", ""sel_2th_pre_req_pre"": ""0"", ""sel_2th_pre_req"": ""37"", ""sel_2th_pre_bid"": ""-602000"", ""sel_1th_pre_req_pre"": ""0"", ""sel_fpr_req"": ""233"", ""sel_fpr_bid"": ""-601000"", ""buy_fpr_bid"": ""-599000"", ""buy_fpr_req"": ""66"", ""buy_1th_pre_req_pre"": ""+2"", ""buy_2th_pre_bid"": ""-598000"", ""buy_2th_pre_req"": ""43"", ""buy_2th_pre_req_pre"": ""0"", ""buy_3th_pre_bid"": ""-597000"", ""buy_3th_pre_req"": ""26"", ""buy_3th_pre_req_pre"": ""0"", ""buy_4th_pre_bid"": ""-596000"", ""buy_4th_pre_req"": ""47"", ""buy_4th_pre_req_pre"": ""0"", ""buy_5th_pre_bid"": ""-595000"", ""buy_5th_pre_req"": ""134"", ""buy_5th_pre_req_pre"": ""0"", ""buy_6th_pre_bid"": ""-594000"", ""buy_6th_pre_req"": ""22"", ""buy_6th_pre_req_pre"": ""0"", ""buy_7th_pre_bid"": ""-593000"", ""buy_7th_pre_req"": ""28"", ""buy_7th_pre_req_pre"": ""0"", ""buy_8th_pre_bid"": ""-592000"", ""buy_8th_pre_req"": ""20"", ""buy_8th_pre_req_pre"": ""0"", ""buy_9th_pre_bid"": ""-591000"", ""buy_9th_pre_req"": ""19"", ""buy_9th_pre_req_pre"": ""0"", ""buy_10th_pre_bid"": ""-590000"", ""buy_10th_pre_req"": ""191"", ""buy_10th_pre_req_pre"": ""0"", ""tot_sel_req_jub_pre"": ""0"", ""tot_sel_req"": ""410"", ""tot_buy_req"": ""596"", ""tot_buy_req_jub_pre"": ""+2"", ""ovt_sel_req_pre"": ""0"", ""ovt_sel_req"": ""0"", ""ovt_buy_req"": ""0"", ""ovt_buy_req_pre"": ""0"", ""return_code"": 0, ""return_msg"": ""정상적으로 처리되었습니다""}"
2026-06-10,watchlist,181710,,0,filtered_candidate_recheck,40700,,40700,40600,40700,40900,0.36855036855036855,0.2457002457002457,,,,,,"{""bid_req_base_tm"": ""094404"", ""sel_10th_pre_req_pre"": ""0"", ""sel_10th_pre_req"": ""12"", ""sel_10th_pre_bid"": ""-41300"", ""sel_9th_pre_req_pre"": ""0"", ""sel_9th_pre_req"": ""345"", ""sel_9th_pre_bid"": ""-41250"", ""sel_8th_pre_req_pre"": ""0"", ""sel_8th_pre_req"": ""7"", ""sel_8th_pre_bid"": ""-41200"", ""sel_7th_pre_req_pre"": ""0"", ""sel_7th_pre_req"": ""24"", ""sel_7th_pre_bid"": ""-41100"", ""sel_6th_pre_req_pre"": ""0"", ""sel_6th_pre_req"": ""20"", ""sel_6th_pre_bid"": ""-41050"", ""sel_5th_pre_req_pre"": ""0"", ""sel_5th_pre_req"": ""76"", ""sel_5th_pre_bid"": ""-40950"", ""sel_4th_pre_req_pre"": ""0"", ""sel_4th_pre_req"": ""1"", ""sel_4th_pre_bid"": ""-40900"", ""sel_3th_pre_req_pre"": ""0"", ""sel_3th_pre_req"": ""353"", ""sel_3th_pre_bid"": ""-40850"", ""sel_2th_pre_req_pre"": ""0"", ""sel_2th_pre_req"": ""75"", ""sel_2th_pre_bid"": ""-40750"", ""sel_1th_pre_req_pre"": ""0"", ""sel_fpr_req"": ""6"", ""sel_fpr_bid"": ""-40700"", ""buy_fpr_bid"": ""-40600"", ""buy_fpr_req"": ""478"", ""buy_1th_pre_req_pre"": ""0"", ""buy_2th_pre_bid"": ""-40550"", ""buy_2th_pre_req"": ""718"", ""buy_2th_pre_req_pre"": ""0"", ""buy_3th_pre_bid"": ""-40500"", ""buy_3th_pre_req"": ""658"", ""buy_3th_pre_req_pre"": ""0"", ""buy_4th_pre_bid"": ""-40450"", ""buy_4th_pre_req"": ""67"", ""buy_4th_pre_req_pre"": ""0"", ""buy_5th_pre_bid"": ""-40400"", ""buy_5th_pre_req"": ""86"", ""buy_5th_pre_req_pre"": ""0"", ""buy_6th_pre_bid"": ""-40350"", ""buy_6th_pre_req"": ""175"", ""buy_6th_pre_req_pre"": ""+1"", ""buy_7th_pre_bid"": ""-40300"", ""buy_7th_pre_req"": ""6"", ""buy_7th_pre_req_pre"": ""0"", ""buy_8th_pre_bid"": ""-40250"", ""buy_8th_pre_req"": ""18"", ""buy_8th_pre_req_pre"": ""0"", ""buy_9th_pre_bid"": ""-40200"", ""buy_9th_pre_req"": ""1144"", ""buy_9th_pre_req_pre"": ""0"", ""buy_10th_pre_bid"": ""-40150"", ""buy_10th_pre_req"": ""1200"", ""buy_10th_pre_req_pre"": ""0"", ""tot_sel_req_jub_pre"": ""0"", ""tot_sel_req"": ""919"", ""tot_buy_req"": ""4550"", ""tot_buy_req_jub_pre"": ""+1"", ""ovt_sel_req_pre"": ""0"", ""ovt_sel_req"": ""0"", ""ovt_buy_req"": ""0"", ""ovt_buy_req_pre"": ""0"", ""return_code"": 0, ""return_msg"": ""정상적으로 처리되었습니다""}"
2026-06-10,watchlist,085620,,0,filtered_candidate_recheck,21550,,21550,21500,21550,21700,0.46403712296983757,0.23201856148491878,,,,,,"{""bid_req_base_tm"": ""094404"", ""sel_10th_pre_req_pre"": ""0"", ""sel_10th_pre_req"": ""848"", ""sel_10th_pre_bid"": ""-22000"", ""sel_9th_pre_req_pre"": ""0"", ""sel_9th_pre_req"": ""1045"", ""sel_9th_pre_bid"": ""-21950"", ""sel_8th_pre_req_pre"": ""0"", ""sel_8th_pre_req"": ""394"", ""sel_8th_pre_bid"": ""-21900"", ""sel_7th_pre_req_pre"": ""0"", ""sel_7th_pre_req"": ""2309"", ""sel_7th_pre_bid"": ""-21850"", ""sel_6th_pre_req_pre"": ""0"", ""sel_6th_pre_req"": ""405"", ""sel_6th_pre_bid"": ""-21800"", ""sel_5th_pre_req_pre"": ""0"", ""sel_5th_pre_req"": ""119"", ""sel_5th_pre_bid"": ""-21750"", ""sel_4th_pre_req_pre"": ""0"", ""sel_4th_pre_req"": ""603"", ""sel_4th_pre_bid"": ""-21700"", ""sel_3th_pre_req_pre"": ""0"", ""sel_3th_pre_req"": ""144"", ""sel_3th_pre_bid"": ""-21650"", ""sel_2th_pre_req_pre"": ""0"", ""sel_2th_pre_req"": ""435"", ""sel_2th_pre_bid"": ""-21600"", ""sel_1th_pre_req_pre"": ""0"", ""sel_fpr_req"": ""668"", ""sel_fpr_bid"": ""-21550"", ""buy_fpr_bid"": ""-21500"", ""buy_fpr_req"": ""1732"", ""buy_1th_pre_req_pre"": ""0"", ""buy_2th_pre_bid"": ""-21450"", ""buy_2th_pre_req"": ""2601"", ""buy_2th_pre_req_pre"": ""0"", ""buy_3th_pre_bid"": ""-21400"", ""buy_3th_pre_req"": ""3145"", ""buy_3th_pre_req_pre"": ""0"", ""buy_4th_pre_bid"": ""-21350"", ""buy_4th_pre_req"": ""3006"", ""buy_4th_pre_req_pre"": ""0"", ""buy_5th_pre_bid"": ""-21300"", ""buy_5th_pre_req"": ""5673"", ""buy_5th_pre_req_pre"": ""0"", ""buy_6th_pre_bid"": ""-21250"", ""buy_6th_pre_req"": ""1894"", ""buy_6th_pre_req_pre"": ""0"", ""buy_7th_pre_bid"": ""-21200"", ""buy_7th_pre_req"": ""1418"", ""buy_7th_pre_req_pre"": ""0"", ""buy_8th_pre_bid"": ""-21150"", ""buy_8th_pre_req"": ""1202"", ""buy_8th_pre_req_pre"": ""0"", ""buy_9th_pre_bid"": ""-21100"", ""buy_9th_pre_req"": ""2659"", ""buy_9th_pre_req_pre"": ""0"", ""buy_10th_pre_bid"": ""-21050"", ""buy_10th_pre_req"": ""3401"", ""buy_10th_pre_req_pre"": ""0"", ""tot_sel_req_jub_pre"": ""0"", ""tot_sel_req"": ""6970"", ""tot_buy_req"": ""26731"", ""tot_buy_req_jub_pre"": ""0"", ""ovt_sel_req_pre"": ""0"", ""ovt_sel_req"": ""0"", ""ovt_buy_req"": ""0"", ""ovt_buy_req_pre"": ""0"", ""return_code"": 0, ""return_msg"": ""정상적으로 처리되었습니다""}"
2026-06-10,watchlist,062040,,0,filtered_candidate_recheck,221500,,221500,221000,221500,223000,0.4514672686230248,0.2257336343115124,,,,,,"{""bid_req_base_tm"": ""094404"", ""sel_10th_pre_req_pre"": ""0"", ""sel_10th_pre_req"": ""169"", ""sel_10th_pre_bid"": ""+226500"", ""sel_9th_pre_req_pre"": ""0"", ""sel_9th_pre_req"": ""3"", ""sel_9th_pre_bid"": ""+226000"", ""sel_8th_pre_req_pre"": ""0"", ""sel_8th_pre_req"": ""22"", ""sel_8th_pre_bid"": ""225000"", ""sel_7th_pre_req_pre"": ""0"", ""sel_7th_pre_req"": ""1"", ""sel_7th_pre_bid"": ""-224500"", ""sel_6th_pre_req_pre"": ""0"", ""sel_6th_pre_req"": ""39"", ""sel_6th_pre_bid"": ""-224000"", ""sel_5th_pre_req_pre"": ""0"", ""sel_5th_pre_req"": ""28"", ""sel_5th_pre_bid"": ""-223500"", ""sel_4th_pre_req_pre"": ""0"", ""sel_4th_pre_req"": ""115"", ""sel_4th_pre_bid"": ""-223000"", ""sel_3th_pre_req_pre"": ""0"", ""sel_3th_pre_req"": ""131"", ""sel_3th_pre_bid"": ""-222500"", ""sel_2th_pre_req_pre"": ""0"", ""sel_2th_pre_req"": ""88"", ""sel_2th_pre_bid"": ""-222000"", ""sel_1th_pre_req_pre"": ""0"", ""sel_fpr_req"": ""120"", ""sel_fpr_bid"": ""-221500"", ""buy_fpr_bid"": ""-221000"", ""buy_fpr_req"": ""45"", ""buy_1th_pre_req_pre"": ""0"", ""buy_2th_pre_bid"": ""-220500"", ""buy_2th_pre_req"": ""439"", ""buy_2th_pre_req_pre"": ""0"", ""buy_3th_pre_bid"": ""-220000"", ""buy_3th_pre_req"": ""304"", ""buy_3th_pre_req_pre"": ""0"", ""buy_4th_pre_bid"": ""-219500"", ""buy_4th_pre_req"": ""54"", ""buy_4th_pre_req_pre"": ""0"", ""buy_5th_pre_bid"": ""-219000"", ""buy_5th_pre_req"": ""121"", ""buy_5th_pre_req_pre"": ""0"", ""buy_6th_pre_bid"": ""-218500"", ""buy_6th_pre_req"": ""221"", ""buy_6th_pre_req_pre"": ""0"", ""buy_7th_pre_bid"": ""-218000"", ""buy_7th_pre_req"": ""125"", ""buy_7th_pre_req_pre"": ""0"", ""buy_8th_pre_bid"": ""-217500"", ""buy_8th_pre_req"": ""18"", ""buy_8th_pre_req_pre"": ""+1"", ""buy_9th_pre_bid"": ""-217000"", ""buy_9th_pre_req"": ""190"", ""buy_9th_pre_req_pre"": ""0"", ""buy_10th_pre_bid"": ""-216500"", ""buy_10th_pre_req"": ""23"", ""buy_10th_pre_req_pre"": ""0"", ""tot_sel_req_jub_pre"": ""0"", ""tot_sel_req"": ""716"", ""tot_buy_req"": ""1540"", ""tot_buy_req_jub_pre"": ""+1"", ""ovt_sel_req_pre"": ""0"", ""ovt_sel_req"": ""0"", ""ovt_buy_req"": ""0"", ""ovt_buy_req_pre"": ""0"", ""return_code"": 0, ""return_msg"": ""정상적으로 처리되었습니다""}"
2026-06-10,watchlist,036460,,0,filtered_candidate_recheck,34100,,34100,34050,34100,34300,0.43988269794721413,0.1466275659824047,,,,,,"{""bid_req_base_tm"": ""094403"", ""sel_10th_pre_req_pre"": ""0"", ""sel_10th_pre_req"": ""129"", ""sel_10th_pre_bid"": ""+34600"", ""sel_9th_pre_req_pre"": ""0"", ""sel_9th_pre_req"": ""202"", ""sel_9th_pre_bid"": ""+34550"", ""sel_8th_pre_req_pre"": ""0"", ""sel_8th_pre_req"": ""203"", ""sel_8th_pre_bid"": ""+34500"", ""sel_7th_pre_req_pre"": ""0"", ""sel_7th_pre_req"": ""65"", ""sel_7th_pre_bid"": ""+34450"", ""sel_6th_pre_req_pre"": ""0"", ""sel_6th_pre_req"": ""146"", ""sel_6th_pre_bid"": ""+34400"", ""sel_5th_pre_req_pre"": ""0"", ""sel_5th_pre_req"": ""230"", ""sel_5th_pre_bid"": ""+34350"", ""sel_4th_pre_req_pre"": ""0"", ""sel_4th_pre_req"": ""220"", ""sel_4th_pre_bid"": ""+34300"", ""sel_3th_pre_req_pre"": ""0"", ""sel_3th_pre_req"": ""151"", ""sel_3th_pre_bid"": ""+34200"", ""sel_2th_pre_req_pre"": ""0"", ""sel_2th_pre_req"": ""236"", ""sel_2th_pre_bid"": ""+34150"", ""sel_1th_pre_req_pre"": ""0"", ""sel_fpr_req"": ""396"", ""sel_fpr_bid"": ""+34100"", ""buy_fpr_bid"": ""+34050"", ""buy_fpr_req"": ""641"", ""buy_1th_pre_req_pre"": ""+35"", ""buy_2th_pre_bid"": ""34000"", ""buy_2th_pre_req"": ""2994"", ""buy_2th_pre_req_pre"": ""0"", ""buy_3th_pre_bid"": ""-33950"", ""buy_3th_pre_req"": ""854"", ""buy_3th_pre_req_pre"": ""0"", ""buy_4th_pre_bid"": ""-33900"", ""buy_4th_pre_req"": ""987"", ""buy_4th_pre_req_pre"": ""0"", ""buy_5th_pre_bid"": ""-33850"", ""buy_5th_pre_req"": ""270"", ""buy_5th_pre_req_pre"": ""0"", ""buy_6th_pre_bid"": ""-33800"", ""buy_6th_pre_req"": ""453"", ""buy_6th_pre_req_pre"": ""0"", ""buy_7th_pre_bid"": ""-33750"", ""buy_7th_pre_req"": ""542"", ""buy_7th_pre_req_pre"": ""0"", ""buy_8th_pre_bid"": ""-33700"", ""buy_8th_pre_req"": ""575"", ""buy_8th_pre_req_pre"": ""0"", ""buy_9th_pre_bid"": ""-33650"", ""buy_9th_pre_req"": ""1145"", ""buy_9th_pre_req_pre"": ""0"", ""buy_10th_pre_bid"": ""-33600"", ""buy_10th_pre_req"": ""727"", ""buy_10th_pre_req_pre"": ""0"", ""tot_sel_req_jub_pre"": ""0"", ""tot_sel_req"": ""1978"", ""tot_buy_req"": ""9188"", ""tot_buy_req_jub_pre"": ""+35"", ""ovt_sel_req_pre"": ""0"", ""ovt_sel_req"": ""0"", ""ovt_buy_req"": ""0"", ""ovt_buy_req_pre"": ""0"", ""return_code"": 0, ""return_msg"": ""정상적으로 처리되었습니다""}"
2026-06-10,watchlist,066575,,0,filtered_candidate_recheck,78700,,78700,78600,78700,78900,0.12706480304955528,0.12706480304955528,,,,,,"{""bid_req_base_tm"": ""094404"", ""sel_10th_pre_req_pre"": ""0"", ""sel_10th_pre_req"": ""117"", ""sel_10th_pre_bid"": ""-79600"", ""sel_9th_pre_req_pre"": ""0"", ""sel_9th_pre_req"": ""548"", ""sel_9th_pre_bid"": ""-79500"", ""sel_8th_pre_req_pre"": ""0"", ""sel_8th_pre_req"": ""154"", ""sel_8th_pre_bid"": ""-79400"", ""sel_7th_pre_req_pre"": ""0"", ""sel_7th_pre_req"": ""174"", ""sel_7th_pre_bid"": ""-79300"", ""sel_6th_pre_req_pre"": ""0"", ""sel_6th_pre_req"": ""210"", ""sel_6th_pre_bid"": ""-79200"", ""sel_5th_pre_req_pre"": ""0"", ""sel_5th_pre_req"": ""182"", ""sel_5th_pre_bid"": ""-79100"", ""sel_4th_pre_req_pre"": ""0"", ""sel_4th_pre_req"": ""333"", ""sel_4th_pre_bid"": ""-79000"", ""sel_3th_pre_req_pre"": ""0"", ""sel_3th_pre_req"": ""10"", ""sel_3th_pre_bid"": ""-78900"", ""sel_2th_pre_req_pre"": ""0"", ""sel_2th_pre_req"": ""289"", ""sel_2th_pre_bid"": ""-78800"", ""sel_1th_pre_req_pre"": ""--64"", ""sel_fpr_req"": ""641"", ""sel_fpr_bid"": ""-78700"", ""buy_fpr_bid"": ""-78600"", ""buy_fpr_req"": ""679"", ""buy_1th_pre_req_pre"": ""+50"", ""buy_2th_pre_bid"": ""-78500"", ""buy_2th_pre_req"": ""1330"", ""buy_2th_pre_req_pre"": ""0"", ""buy_3th_pre_bid"": ""-78400"", ""buy_3th_pre_req"": ""332"", ""buy_3th_pre_req_pre"": ""0"", ""buy_4th_pre_bid"": ""-78300"", ""buy_4th_pre_req"": ""586"", ""buy_4th_pre_req_pre"": ""0"", ""buy_5th_pre_bid"": ""-78200"", ""buy_5th_pre_req"": ""317"", ""buy_5th_pre_req_pre"": ""0"", ""buy_6th_pre_bid"": ""-78100"", ""buy_6th_pre_req"": ""332"", ""buy_6th_pre_req_pre"": ""0"", ""buy_7th_pre_bid"": ""-78000"", ""buy_7th_pre_req"": ""1601"", ""buy_7th_pre_req_pre"": ""0"", ""buy_8th_pre_bid"": ""-77900"", ""buy_8th_pre_req"": ""70"", ""buy_8th_pre_req_pre"": ""0"", ""buy_9th_pre_bid"": ""-77800"", ""buy_9th_pre_req"": ""122"", ""buy_9th_pre_req_pre"": ""0"", ""buy_10th_pre_bid"": ""-77700"", ""buy_10th_pre_req"": ""396"", ""buy_10th_pre_req_pre"": ""0"", ""tot_sel_req_jub_pre"": ""--64"", ""tot_sel_req"": ""2658"", ""tot_buy_req"": ""5765"", ""tot_buy_req_jub_pre"": ""+50"", ""ovt_sel_req_pre"": ""0"", ""ovt_sel_req"": ""0"", ""ovt_buy_req"": ""0"", ""ovt_buy_req_pre"": ""0"", ""return_code"": 0, ""return_msg"": ""정상적으로 처리되었습니다""}"
2026-06-10,watchlist,000810,,0,filtered_candidate_recheck,614000,,614000,613000,614000,618000,0.4885993485342019,0.16286644951140067,,,,,,"{""bid_req_base_tm"": ""094404"", ""sel_10th_pre_req_pre"": ""0"", ""sel_10th_pre_req"": ""24"", ""sel_10th_pre_bid"": ""-623000"", ""sel_9th_pre_req_pre"": ""0"", ""sel_9th_pre_req"": ""12"", ""sel_9th_pre_bid"": ""-622000"", ""sel_8th_pre_req_pre"": ""0"", ""sel_8th_pre_req"": ""13"", ""sel_8th_pre_bid"": ""-621000"", ""sel_7th_pre_req_pre"": ""0"", ""sel_7th_pre_req"": ""29"", ""sel_7th_pre_bid"": ""-620000"", ""sel_6th_pre_req_pre"": ""0"", ""sel_6th_pre_req"": ""7"", ""sel_6th_pre_bid"": ""-619000"", ""sel_5th_pre_req_pre"": ""0"", ""sel_5th_pre_req"": ""39"", ""sel_5th_pre_bid"": ""-618000"", ""sel_4th_pre_req_pre"": ""0"", ""sel_4th_pre_req"": ""12"", ""sel_4th_pre_bid"": ""-617000"", ""sel_3th_pre_req_pre"": ""0"", ""sel_3th_pre_req"": ""28"", ""sel_3th_pre_bid"": ""-616000"", ""sel_2th_pre_req_pre"": ""0"", ""sel_2th_pre_req"": ""76"", ""sel_2th_pre_bid"": ""-615000"", ""sel_1th_pre_req_pre"": ""0"", ""sel_fpr_req"": ""26"", ""sel_fpr_bid"": ""-614000"", ""buy_fpr_bid"": ""-613000"", ""buy_fpr_req"": ""642"", ""buy_1th_pre_req_pre"": ""+1"", ""buy_2th_pre_bid"": ""-612000"", ""buy_2th_pre_req"": ""368"", ""buy_2th_pre_req_pre"": ""0"", ""buy_3th_pre_bid"": ""-611000"", ""buy_3th_pre_req"": ""4"", ""buy_3th_pre_req_pre"": ""0"", ""buy_4th_pre_bid"": ""-610000"", ""buy_4th_pre_req"": ""65"", ""buy_4th_pre_req_pre"": ""0"", ""buy_5th_pre_bid"": ""-609000"", ""buy_5th_pre_req"": ""5"", ""buy_5th_pre_req_pre"": ""0"", ""buy_6th_pre_bid"": ""-608000"", ""buy_6th_pre_req"": ""11"", ""buy_6th_pre_req_pre"": ""0"", ""buy_7th_pre_bid"": ""-607000"", ""buy_7th_pre_req"": ""30"", ""buy_7th_pre_req_pre"": ""0"", ""buy_8th_pre_bid"": ""-606000"", ""buy_8th_pre_req"": ""12"", ""buy_8th_pre_req_pre"": ""0"", ""buy_9th_pre_bid"": ""-605000"", ""buy_9th_pre_req"": ""34"", ""buy_9th_pre_req_pre"": ""0"", ""buy_10th_pre_bid"": ""-604000"", ""buy_10th_pre_req"": ""11"", ""buy_10th_pre_req_pre"": ""0"", ""tot_sel_req_jub_pre"": ""0"", ""tot_sel_req"": ""266"", ""tot_buy_req"": ""1182"", ""tot_buy_req_jub_pre"": ""+1"", ""ovt_sel_req_pre"": ""0"", ""ovt_sel_req"": ""0"", ""ovt_buy_req"": ""0"", ""ovt_buy_req_pre"": ""0"", ""return_code"": 0, ""return_msg"": ""정상적으로 처리되었습니다""}"
2026-06-10,watchlist,005930,,0,filtered_candidate_recheck,306500,,306500,306000,306500,308000,0.3262642740619902,0.1631321370309951,,,,,,"{""bid_req_base_tm"": ""094405"", ""sel_10th_pre_req_pre"": ""0"", ""sel_10th_pre_req"": ""11934"", ""sel_10th_pre_bid"": ""-311000"", ""sel_9th_pre_req_pre"": ""0"", ""sel_9th_pre_req"": ""8164"", ""sel_9th_pre_bid"": ""-310500"", ""sel_8th_pre_req_pre"": ""0"", ""sel_8th_pre_req"": ""23947"", ""sel_8th_pre_bid"": ""-310000"", ""sel_7th_pre_req_pre"": ""0"", ""sel_7th_pre_req"": ""7171"", ""sel_7th_pre_bid"": ""-309500"", ""sel_6th_pre_req_pre"": ""0"", ""sel_6th_pre_req"": ""11296"", ""sel_6th_pre_bid"": ""-309000"", ""sel_5th_pre_req_pre"": ""0"", ""sel_5th_pre_req"": ""10709"", ""sel_5th_pre_bid"": ""-308500"", ""sel_4th_pre_req_pre"": ""0"", ""sel_4th_pre_req"": ""14760"", ""sel_4th_pre_bid"": ""-308000"", ""sel_3th_pre_req_pre"": ""0"", ""sel_3th_pre_req"": ""26343"", ""sel_3th_pre_bid"": ""-307500"", ""sel_2th_pre_req_pre"": ""--93"", ""sel_2th_pre_req"": ""12382"", ""sel_2th_pre_bid"": ""-307000"", ""sel_1th_pre_req_pre"": ""0"", ""sel_fpr_req"": ""33818"", ""sel_fpr_bid"": ""-306500"", ""buy_fpr_bid"": ""-306000"", ""buy_fpr_req"": ""75204"", ""buy_1th_pre_req_pre"": ""--11"", ""buy_2th_pre_bid"": ""-305500"", ""buy_2th_pre_req"": ""65791"", ""buy_2th_pre_req_pre"": ""+2"", ""buy_3th_pre_bid"": ""-305000"", ""buy_3th_pre_req"": ""163159"", ""buy_3th_pre_req_pre"": ""--31"", ""buy_4th_pre_bid"": ""-304500"", ""buy_4th_pre_req"": ""22124"", ""buy_4th_pre_req_pre"": ""+1"", ""buy_5th_pre_bid"": ""-304000"", ""buy_5th_pre_req"": ""37033"", ""buy_5th_pre_req_pre"": ""+1"", ""buy_6th_pre_bid"": ""-303500"", ""buy_6th_pre_req"": ""52147"", ""buy_6th_pre_req_pre"": ""0"", ""buy_7th_pre_bid"": ""-303000"", ""buy_7th_pre_req"": ""98354"", ""buy_7th_pre_req_pre"": ""0"", ""buy_8th_pre_bid"": ""-302500"", ""buy_8th_pre_req"": ""39843"", ""buy_8th_pre_req_pre"": ""--15"", ""buy_9th_pre_bid"": ""-302000"", ""buy_9th_pre_req"": ""30336"", ""buy_9th_pre_req_pre"": ""0"", ""buy_10th_pre_bid"": ""-301500"", ""buy_10th_pre_req"": ""14511"", ""buy_10th_pre_req_pre"": ""0"", ""tot_sel_req_jub_pre"": ""--93"", ""tot_sel_req"": ""160524"", ""tot_buy_req"": ""598502"", ""tot_buy_req_jub_pre"": ""--53"", ""ovt_sel_req_pre"": ""0"", ""ovt_sel_req"": ""0"", ""ovt_buy_req"": ""0"", ""ovt_buy_req_pre"": ""0"", ""return_code"": 0, ""return_msg"": ""정상적으로 처리되었습니다""}"
2026-06-10,watchlist,000370,,0,filtered_candidate_recheck,6420,,6420,6390,6420,6410,-0.3115264797507788,0.46728971962616817,,,,,,"{""bid_req_base_tm"": ""094405"", ""sel_10th_pre_req_pre"": ""0"", ""sel_10th_pre_req"": ""802"", ""sel_10th_pre_bid"": ""+6520"", ""sel_9th_pre_req_pre"": ""0"", ""sel_9th_pre_req"": ""532"", ""sel_9th_pre_bid"": ""+6510"", ""sel_8th_pre_req_pre"": ""0"", ""sel_8th_pre_req"": ""302"", ""sel_8th_pre_bid"": ""+6500"", ""sel_7th_pre_req_pre"": ""0"", ""sel_7th_pre_req"": ""101"", ""sel_7th_pre_bid"": ""+6490"", ""sel_6th_pre_req_pre"": ""0"", ""sel_6th_pre_req"": ""394"", ""sel_6th_pre_bid"": ""+6480"", ""sel_5th_pre_req_pre"": ""0"", ""sel_5th_pre_req"": ""5391"", ""sel_5th_pre_bid"": ""+6470"", ""sel_4th_pre_req_pre"": ""0"", ""sel_4th_pre_req"": ""2"", ""sel_4th_pre_bid"": ""+6460"", ""sel_3th_pre_req_pre"": ""--105"", ""sel_3th_pre_req"": ""629"", ""sel_3th_pre_bid"": ""6450"", ""sel_2th_pre_req_pre"": ""+105"", ""sel_2th_pre_req"": ""289"", ""sel_2th_pre_bid"": ""-6430"", ""sel_1th_pre_req_pre"": ""0"", ""sel_fpr_req"": ""346"", ""sel_fpr_bid"": ""-6420"", ""buy_fpr_bid"": ""-6390"", ""buy_fpr_req"": ""156"", ""buy_1th_pre_req_pre"": ""--92"", ""buy_2th_pre_bid"": ""-6380"", ""buy_2th_pre_req"": ""2978"", ""buy_2th_pre_req_pre"": ""0"", ""buy_3th_pre_bid"": ""-6370"", ""buy_3th_pre_req"": ""32"", ""buy_3th_pre_req_pre"": ""0"", ""buy_4th_pre_bid"": ""-6360"", ""buy_4th_pre_req"": ""856"", ""buy_4th_pre_req_pre"": ""0"", ""buy_5th_pre_bid"": ""-6350"", ""buy_5th_pre_req"": ""1707"", ""buy_5th_pre_req_pre"": ""0"", ""buy_6th_pre_bid"": ""-6340"", ""buy_6th_pre_req"": ""83"", ""buy_6th_pre_req_pre"": ""0"", ""buy_7th_pre_bid"": ""-6330"", ""buy_7th_pre_req"": ""214"", ""buy_7th_pre_req_pre"": ""0"", ""buy_8th_pre_bid"": ""-6320"", ""buy_8th_pre_req"": ""164"", ""buy_8th_pre_req_pre"": ""0"", ""buy_9th_pre_bid"": ""-6310"", ""buy_9th_pre_req"": ""266"", ""buy_9th_pre_req_pre"": ""0"", ""buy_10th_pre_bid"": ""-6300"", ""buy_10th_pre_req"": ""4228"", ""buy_10th_pre_req_pre"": ""0"", ""tot_sel_req_jub_pre"": ""+115"", ""tot_sel_req"": ""8788"", ""tot_buy_req"": ""10684"", ""tot_buy_req_jub_pre"": ""--92"", ""ovt_sel_req_pre"": ""0"", ""ovt_sel_req"": ""0"", ""ovt_buy_req"": ""0"", ""ovt_buy_req_pre"": ""0"", ""return_code"": 0, ""return_msg"": ""정상적으로 처리되었습니다""}"
2026-06-10,watchlist,064400,,0,filtered_candidate_recheck,96000,,96000,95900,96000,96300,0.20833333333333334,0.10416666666666667,,,,,,"{""bid_req_base_tm"": ""094405"", ""sel_10th_pre_req_pre"": ""0"", ""sel_10th_pre_req"": ""371"", ""sel_10th_pre_bid"": ""-97000"", ""sel_9th_pre_req_pre"": ""0"", ""sel_9th_pre_req"": ""337"", ""sel_9th_pre_bid"": ""-96900"", ""sel_8th_pre_req_pre"": ""0"", ""sel_8th_pre_req"": ""57"", ""sel_8th_pre_bid"": ""-96800"", ""sel_7th_pre_req_pre"": ""0"", ""sel_7th_pre_req"": ""155"", ""sel_7th_pre_bid"": ""-96700"", ""sel_6th_pre_req_pre"": ""0"", ""sel_6th_pre_req"": ""63"", ""sel_6th_pre_bid"": ""-96600"", ""sel_5th_pre_req_pre"": ""0"", ""sel_5th_pre_req"": ""289"", ""sel_5th_pre_bid"": ""-96500"", ""sel_4th_pre_req_pre"": ""0"", ""sel_4th_pre_req"": ""175"", ""sel_4th_pre_bid"": ""-96400"", ""sel_3th_pre_req_pre"": ""0"", ""sel_3th_pre_req"": ""96"", ""sel_3th_pre_bid"": ""-96300"", ""sel_2th_pre_req_pre"": ""0"", ""sel_2th_pre_req"": ""310"", ""sel_2th_pre_bid"": ""-96200"", ""sel_1th_pre_req_pre"": ""--12"", ""sel_fpr_req"": ""7"", ""sel_fpr_bid"": ""-96000"", ""buy_fpr_bid"": ""-95900"", ""buy_fpr_req"": ""50"", ""buy_1th_pre_req_pre"": ""0"", ""buy_2th_pre_bid"": ""-95800"", ""buy_2th_pre_req"": ""719"", ""buy_2th_pre_req_pre"": ""0"", ""buy_3th_pre_bid"": ""-95700"", ""buy_3th_pre_req"": ""1198"", ""buy_3th_pre_req_pre"": ""0"", ""buy_4th_pre_bid"": ""-95600"", ""buy_4th_pre_req"": ""491"", ""buy_4th_pre_req_pre"": ""0"", ""buy_5th_pre_bid"": ""-95500"", ""buy_5th_pre_req"": ""3816"", ""buy_5th_pre_req_pre"": ""0"", ""buy_6th_pre_bid"": ""-95400"", ""buy_6th_pre_req"": ""449"", ""buy_6th_pre_req_pre"": ""0"", ""buy_7th_pre_bid"": ""-95300"", ""buy_7th_pre_req"": ""425"", ""buy_7th_pre_req_pre"": ""0"", ""buy_8th_pre_bid"": ""-95200"", ""buy_8th_pre_req"": ""1134"", ""buy_8th_pre_req_pre"": ""0"", ""buy_9th_pre_bid"": ""-95100"", ""buy_9th_pre_req"": ""4086"", ""buy_9th_pre_req_pre"": ""0"", ""buy_10th_pre_bid"": ""-95000"", ""buy_10th_pre_req"": ""4636"", ""buy_10th_pre_req_pre"": ""0"", ""tot_sel_req_jub_pre"": ""--12"", ""tot_sel_req"": ""1860"", ""tot_buy_req"": ""17004"", ""tot_buy_req_jub_pre"": ""--116"", ""ovt_sel_req_pre"": ""0"", ""ovt_sel_req"": ""0"", ""ovt_buy_req"": ""0"", ""ovt_buy_req_pre"": ""0"", ""return_code"": 0, ""return_msg"": ""정상적으로 처리되었습니다""}"
2026-06-10,watchlist,009420,,1,filtered_candidate_recheck,50300,,50300,50100,50300,50600,0.3976143141153081,0.3976143141153081,,,,,,"{""bid_req_base_tm"": ""094405"", ""sel_10th_pre_req_pre"": ""0"", ""sel_10th_pre_req"": ""19"", ""sel_10th_pre_bid"": ""-51300"", ""sel_9th_pre_req_pre"": ""0"", ""sel_9th_pre_req"": ""13"", ""sel_9th_pre_bid"": ""-51200"", ""sel_8th_pre_req_pre"": ""0"", ""sel_8th_pre_req"": ""50"", ""sel_8th_pre_bid"": ""-51100"", ""sel_7th_pre_req_pre"": ""0"", ""sel_7th_pre_req"": ""100"", ""sel_7th_pre_bid"": ""-51000"", ""sel_6th_pre_req_pre"": ""0"", ""sel_6th_pre_req"": ""54"", ""sel_6th_pre_bid"": ""-50900"", ""sel_5th_pre_req_pre"": ""0"", ""sel_5th_pre_req"": ""152"", ""sel_5th_pre_bid"": ""-50800"", ""sel_4th_pre_req_pre"": ""0"", ""sel_4th_pre_req"": ""9"", ""sel_4th_pre_bid"": ""-50600"", ""sel_3th_pre_req_pre"": ""0"", ""sel_3th_pre_req"": ""35"", ""sel_3th_pre_bid"": ""-50500"", ""sel_2th_pre_req_pre"": ""0"", ""sel_2th_pre_req"": ""176"", ""sel_2th_pre_bid"": ""-50400"", ""sel_1th_pre_req_pre"": ""0"", ""sel_fpr_req"": ""177"", ""sel_fpr_bid"": ""-50300"", ""buy_fpr_bid"": ""-50100"", ""buy_fpr_req"": ""302"", ""buy_1th_pre_req_pre"": ""0"", ""buy_2th_pre_bid"": ""-50000"", ""buy_2th_pre_req"": ""115"", ""buy_2th_pre_req_pre"": ""0"", ""buy_3th_pre_bid"": ""-49950"", ""buy_3th_pre_req"": ""311"", ""buy_3th_pre_req_pre"": ""0"", ""buy_4th_pre_bid"": ""-49900"", ""buy_4th_pre_req"": ""494"", ""buy_4th_pre_req_pre"": ""0"", ""buy_5th_pre_bid"": ""-49850"", ""buy_5th_pre_req"": ""327"", ""buy_5th_pre_req_pre"": ""0"", ""buy_6th_pre_bid"": ""-49800"", ""buy_6th_pre_req"": ""287"", ""buy_6th_pre_req_pre"": ""0"", ""buy_7th_pre_bid"": ""-49750"", ""buy_7th_pre_req"": ""67"", ""buy_7th_pre_req_pre"": ""0"", ""buy_8th_pre_bid"": ""-49700"", ""buy_8th_pre_req"": ""44"", ""buy_8th_pre_req_pre"": ""0"", ""buy_9th_pre_bid"": ""-49650"", ""buy_9th_pre_req"": ""11"", ""buy_9th_pre_req_pre"": ""0"", ""buy_10th_pre_bid"": ""-49600"", ""buy_10th_pre_req"": ""30"", ""buy_10th_pre_req_pre"": ""+1"", ""tot_sel_req_jub_pre"": ""0"", ""tot_sel_req"": ""785"", ""tot_buy_req"": ""1988"", ""tot_buy_req_jub_pre"": ""+1"", ""ovt_sel_req_pre"": ""0"", ""ovt_sel_req"": ""0"", ""ovt_buy_req"": ""0"", ""ovt_buy_req_pre"": ""0"", ""return_code"": 0, ""return_msg"": ""정상적으로 처리되었습니다""}"
2026-06-10,watchlist,383220,,0,filtered_candidate_recheck,75500,,75500,75400,75500,75600,0.0,0.13245033112582782,,,,,,"{""bid_req_base_tm"": ""094405"", ""sel_10th_pre_req_pre"": ""0"", ""sel_10th_pre_req"": ""17"", ""sel_10th_pre_bid"": ""+76800"", ""sel_9th_pre_req_pre"": ""0"", ""sel_9th_pre_req"": ""1"", ""sel_9th_pre_bid"": ""+76700"", ""sel_8th_pre_req_pre"": ""0"", ""sel_8th_pre_req"": ""7"", ""sel_8th_pre_bid"": ""+76500"", ""sel_7th_pre_req_pre"": ""0"", ""sel_7th_pre_req"": ""1"", ""sel_7th_pre_bid"": ""+76400"", ""sel_6th_pre_req_pre"": ""0"", ""sel_6th_pre_req"": ""5"", ""sel_6th_pre_bid"": ""+76000"", ""sel_5th_pre_req_pre"": ""0"", ""sel_5th_pre_req"": ""155"", ""sel_5th_pre_bid"": ""+75900"", ""sel_4th_pre_req_pre"": ""0"", ""sel_4th_pre_req"": ""77"", ""sel_4th_pre_bid"": ""+75800"", ""sel_3th_pre_req_pre"": ""0"", ""sel_3th_pre_req"": ""15"", ""sel_3th_pre_bid"": ""+75700"", ""sel_2th_pre_req_pre"": ""--20"", ""sel_2th_pre_req"": ""44"", ""sel_2th_pre_bid"": ""+75600"", ""sel_1th_pre_req_pre"": ""+20"", ""sel_fpr_req"": ""22"", ""sel_fpr_bid"": ""+75500"", ""buy_fpr_bid"": ""+75400"", ""buy_fpr_req"": ""11"", ""buy_1th_pre_req_pre"": ""0"", ""buy_2th_pre_bid"": ""+75300"", ""buy_2th_pre_req"": ""19"", ""buy_2th_pre_req_pre"": ""0"", ""buy_3th_pre_bid"": ""+75200"", ""buy_3th_pre_req"": ""51"", ""buy_3th_pre_req_pre"": ""0"", ""buy_4th_pre_bid"": ""+75100"", ""buy_4th_pre_req"": ""124"", ""buy_4th_pre_req_pre"": ""0"", ""buy_5th_pre_bid"": ""+75000"", ""buy_5th_pre_req"": ""4"", ""buy_5th_pre_req_pre"": ""0"", ""buy_6th_pre_bid"": ""+74900"", ""buy_6th_pre_req"": ""10"", ""buy_6th_pre_req_pre"": ""0"", ""buy_7th_pre_bid"": ""+74800"", ""buy_7th_pre_req"": ""19"", ""buy_7th_pre_req_pre"": ""0"", ""buy_8th_pre_bid"": ""+74700"", ""buy_8th_pre_req"": ""15"", ""buy_8th_pre_req_pre"": ""0"", ""buy_9th_pre_bid"": ""74600"", ""buy_9th_pre_req"": ""64"", ""buy_9th_pre_req_pre"": ""0"", ""buy_10th_pre_bid"": ""-74500"", ""buy_10th_pre_req"": ""26"", ""buy_10th_pre_req_pre"": ""0"", ""tot_sel_req_jub_pre"": ""0"", ""tot_sel_req"": ""344"", ""tot_buy_req"": ""343"", ""tot_buy_req_jub_pre"": ""0"", ""ovt_sel_req_pre"": ""0"", ""ovt_sel_req"": ""0"", ""ovt_buy_req"": ""0"", ""ovt_buy_req_pre"": ""0"", ""return_code"": 0, ""return_msg"": ""정상적으로 처리되었습니다""}"
2026-06-10,watchlist,004170,,0,filtered_candidate_recheck,664000,,664000,663000,664000,668000,0.4518072289156626,0.15060240963855423,,,,,,"{""bid_req_base_tm"": ""094406"", ""sel_10th_pre_req_pre"": ""0"", ""sel_10th_pre_req"": ""14"", ""sel_10th_pre_bid"": ""+675000"", ""sel_9th_pre_req_pre"": ""0"", ""sel_9th_pre_req"": ""2"", ""sel_9th_pre_bid"": ""+673000"", ""sel_8th_pre_req_pre"": ""0"", ""sel_8th_pre_req"": ""2"", ""sel_8th_pre_bid"": ""+672000"", ""sel_7th_pre_req_pre"": ""0"", ""sel_7th_pre_req"": ""3"", ""sel_7th_pre_bid"": ""+671000"", ""sel_6th_pre_req_pre"": ""0"", ""sel_6th_pre_req"": ""1"", ""sel_6th_pre_bid"": ""+670000"", ""sel_5th_pre_req_pre"": ""0"", ""sel_5th_pre_req"": ""26"", ""sel_5th_pre_bid"": ""+668000"", ""sel_4th_pre_req_pre"": ""0"", ""sel_4th_pre_req"": ""21"", ""sel_4th_pre_bid"": ""+667000"", ""sel_3th_pre_req_pre"": ""0"", ""sel_3th_pre_req"": ""60"", ""sel_3th_pre_bid"": ""+666000"", ""sel_2th_pre_req_pre"": ""0"", ""sel_2th_pre_req"": ""17"", ""sel_2th_pre_bid"": ""+665000"", ""sel_1th_pre_req_pre"": ""0"", ""sel_fpr_req"": ""43"", ""sel_fpr_bid"": ""+664000"", ""buy_fpr_bid"": ""+663000"", ""buy_fpr_req"": ""110"", ""buy_1th_pre_req_pre"": ""0"", ""buy_2th_pre_bid"": ""+662000"", ""buy_2th_pre_req"": ""22"", ""buy_2th_pre_req_pre"": ""0"", ""buy_3th_pre_bid"": ""+661000"", ""buy_3th_pre_req"": ""321"", ""buy_3th_pre_req_pre"": ""0"", ""buy_4th_pre_bid"": ""+660000"", ""buy_4th_pre_req"": ""341"", ""buy_4th_pre_req_pre"": ""0"", ""buy_5th_pre_bid"": ""+659000"", ""buy_5th_pre_req"": ""18"", ""buy_5th_pre_req_pre"": ""0"", ""buy_6th_pre_bid"": ""+658000"", ""buy_6th_pre_req"": ""15"", ""buy_6th_pre_req_pre"": ""0"", ""buy_7th_pre_bid"": ""+657000"", ""buy_7th_pre_req"": ""22"", ""buy_7th_pre_req_pre"": ""0"", ""buy_8th_pre_bid"": ""+656000"", ""buy_8th_pre_req"": ""73"", ""buy_8th_pre_req_pre"": ""0"", ""buy_9th_pre_bid"": ""+655000"", ""buy_9th_pre_req"": ""19"", ""buy_9th_pre_req_pre"": ""0"", ""buy_10th_pre_bid"": ""+654000"", ""buy_10th_pre_req"": ""12"", ""buy_10th_pre_req_pre"": ""0"", ""tot_sel_req_jub_pre"": ""0"", ""tot_sel_req"": ""189"", ""tot_buy_req"": ""953"", ""tot_buy_req_jub_pre"": ""0"", ""ovt_sel_req_pre"": ""0"", ""ovt_sel_req"": ""0"", ""ovt_buy_req"": ""0"", ""ovt_buy_req_pre"": ""0"", ""return_code"": 0, ""return_msg"": ""정상적으로 처리되었습니다""}"
2026-06-10,watchlist,018260,,0,filtered_candidate_recheck,233500,,233500,233000,233500,234500,0.21413276231263384,0.21413276231263384,,,,,,"{""bid_req_base_tm"": ""094406"", ""sel_10th_pre_req_pre"": ""0"", ""sel_10th_pre_req"": ""51"", ""sel_10th_pre_bid"": ""-238000"", ""sel_9th_pre_req_pre"": ""0"", ""sel_9th_pre_req"": ""20"", ""sel_9th_pre_bid"": ""-237500"", ""sel_8th_pre_req_pre"": ""0"", ""sel_8th_pre_req"": ""7"", ""sel_8th_pre_bid"": ""-237000"", ""sel_7th_pre_req_pre"": ""0"", ""sel_7th_pre_req"": ""45"", ""sel_7th_pre_bid"": ""-236500"", ""sel_6th_pre_req_pre"": ""0"", ""sel_6th_pre_req"": ""49"", ""sel_6th_pre_bid"": ""-236000"", ""sel_5th_pre_req_pre"": ""0"", ""sel_5th_pre_req"": ""9"", ""sel_5th_pre_bid"": ""-235500"", ""sel_4th_pre_req_pre"": ""0"", ""sel_4th_pre_req"": ""846"", ""sel_4th_pre_bid"": ""-235000"", ""sel_3th_pre_req_pre"": ""0"", ""sel_3th_pre_req"": ""36"", ""sel_3th_pre_bid"": ""-234500"", ""sel_2th_pre_req_pre"": ""--55"", ""sel_2th_pre_req"": ""896"", ""sel_2th_pre_bid"": ""-234000"", ""sel_1th_pre_req_pre"": ""0"", ""sel_fpr_req"": ""734"", ""sel_fpr_bid"": ""-233500"", ""buy_fpr_bid"": ""-233000"", ""buy_fpr_req"": ""51"", ""buy_1th_pre_req_pre"": ""--55"", ""buy_2th_pre_bid"": ""-232500"", ""buy_2th_pre_req"": ""361"", ""buy_2th_pre_req_pre"": ""0"", ""buy_3th_pre_bid"": ""-232000"", ""buy_3th_pre_req"": ""1261"", ""buy_3th_pre_req_pre"": ""+50"", ""buy_4th_pre_bid"": ""-231500"", ""buy_4th_pre_req"": ""484"", ""buy_4th_pre_req_pre"": ""0"", ""buy_5th_pre_bid"": ""-231000"", ""buy_5th_pre_req"": ""1211"", ""buy_5th_pre_req_pre"": ""0"", ""buy_6th_pre_bid"": ""-230500"", ""buy_6th_pre_req"": ""781"", ""buy_6th_pre_req_pre"": ""0"", ""buy_7th_pre_bid"": ""-230000"", ""buy_7th_pre_req"": ""2129"", ""buy_7th_pre_req_pre"": ""0"", ""buy_8th_pre_bid"": ""-229500"", ""buy_8th_pre_req"": ""515"", ""buy_8th_pre_req_pre"": ""0"", ""buy_9th_pre_bid"": ""-229000"", ""buy_9th_pre_req"": ""938"", ""buy_9th_pre_req_pre"": ""0"", ""buy_10th_pre_bid"": ""-228500"", ""buy_10th_pre_req"": ""118"", ""buy_10th_pre_req_pre"": ""0"", ""tot_sel_req_jub_pre"": ""--55"", ""tot_sel_req"": ""2693"", ""tot_buy_req"": ""7849"", ""tot_buy_req_jub_pre"": ""--5"", ""ovt_sel_req_pre"": ""0"", ""ovt_sel_req"": ""0"", ""ovt_buy_req"": ""0"", ""ovt_buy_req_pre"": ""0"", ""return_code"": 0, ""return_msg"": ""정상적으로 처리되었습니다""}"
2026-06-10,watchlist,161390,,0,filtered_candidate_recheck,71300,,71300,71200,71300,71700,0.42075736325385693,0.1402524544179523,,,,,,"{""bid_req_base_tm"": ""094406"", ""sel_10th_pre_req_pre"": ""0"", ""sel_10th_pre_req"": ""93"", ""sel_10th_pre_bid"": ""-72400"", ""sel_9th_pre_req_pre"": ""0"", ""sel_9th_pre_req"": ""23"", ""sel_9th_pre_bid"": ""-72300"", ""sel_8th_pre_req_pre"": ""0"", ""sel_8th_pre_req"": ""3"", ""sel_8th_pre_bid"": ""-72200"", ""sel_7th_pre_req_pre"": ""0"", ""sel_7th_pre_req"": ""173"", ""sel_7th_pre_bid"": ""-72100"", ""sel_6th_pre_req_pre"": ""0"", ""sel_6th_pre_req"": ""187"", ""sel_6th_pre_bid"": ""-72000"", ""sel_5th_pre_req_pre"": ""0"", ""sel_5th_pre_req"": ""71"", ""sel_5th_pre_bid"": ""-71800"", ""sel_4th_pre_req_pre"": ""0"", ""sel_4th_pre_req"": ""17"", ""sel_4th_pre_bid"": ""-71700"", ""sel_3th_pre_req_pre"": ""0"", ""sel_3th_pre_req"": ""65"", ""sel_3th_pre_bid"": ""-71600"", ""sel_2th_pre_req_pre"": ""0"", ""sel_2th_pre_req"": ""407"", ""sel_2th_pre_bid"": ""-71400"", ""sel_1th_pre_req_pre"": ""0"", ""sel_fpr_req"": ""898"", ""sel_fpr_bid"": ""-71300"", ""buy_fpr_bid"": ""-71200"", ""buy_fpr_req"": ""1215"", ""buy_1th_pre_req_pre"": ""0"", ""buy_2th_pre_bid"": ""-71100"", ""buy_2th_pre_req"": ""333"", ""buy_2th_pre_req_pre"": ""0"", ""buy_3th_pre_bid"": ""-71000"", ""buy_3th_pre_req"": ""1166"", ""buy_3th_pre_req_pre"": ""0"", ""buy_4th_pre_bid"": ""-70900"", ""buy_4th_pre_req"": ""2022"", ""buy_4th_pre_req_pre"": ""0"", ""buy_5th_pre_bid"": ""-70800"", ""buy_5th_pre_req"": ""111"", ""buy_5th_pre_req_pre"": ""0"", ""buy_6th_pre_bid"": ""-70700"", ""buy_6th_pre_req"": ""71"", ""buy_6th_pre_req_pre"": ""0"", ""buy_7th_pre_bid"": ""-70600"", ""buy_7th_pre_req"": ""85"", ""buy_7th_pre_req_pre"": ""0"", ""buy_8th_pre_bid"": ""-70500"", ""buy_8th_pre_req"": ""314"", ""buy_8th_pre_req_pre"": ""0"", ""buy_9th_pre_bid"": ""-70400"", ""buy_9th_pre_req"": ""210"", ""buy_9th_pre_req_pre"": ""0"", ""buy_10th_pre_bid"": ""-70300"", ""buy_10th_pre_req"": ""87"", ""buy_10th_pre_req_pre"": ""0"", ""tot_sel_req_jub_pre"": ""0"", ""tot_sel_req"": ""1937"", ""tot_buy_req"": ""5614"", ""tot_buy_req_jub_pre"": ""0"", ""ovt_sel_req_pre"": ""0"", ""ovt_sel_req"": ""0"", ""ovt_buy_req"": ""0"", ""ovt_buy_req_pre"": ""0"", ""return_code"": 0, ""return_msg"": ""정상적으로 처리되었습니다""}"
2026-06-10,watchlist,078930,,0,filtered_candidate_recheck,72400,,72400,72200,72400,72100,-0.5524861878453038,0.2762430939226519,,,,,,"{""bid_req_base_tm"": ""094405"", ""sel_10th_pre_req_pre"": ""0"", ""sel_10th_pre_req"": ""159"", ""sel_10th_pre_bid"": ""-73300"", ""sel_9th_pre_req_pre"": ""0"", ""sel_9th_pre_req"": ""186"", ""sel_9th_pre_bid"": ""-73200"", ""sel_8th_pre_req_pre"": ""0"", ""sel_8th_pre_req"": ""16"", ""sel_8th_pre_bid"": ""-73100"", ""sel_7th_pre_req_pre"": ""0"", ""sel_7th_pre_req"": ""176"", ""sel_7th_pre_bid"": ""-73000"", ""sel_6th_pre_req_pre"": ""0"", ""sel_6th_pre_req"": ""22"", ""sel_6th_pre_bid"": ""-72900"", ""sel_5th_pre_req_pre"": ""0"", ""sel_5th_pre_req"": ""65"", ""sel_5th_pre_bid"": ""-72800"", ""sel_4th_pre_req_pre"": ""0"", ""sel_4th_pre_req"": ""100"", ""sel_4th_pre_bid"": ""-72700"", ""sel_3th_pre_req_pre"": ""--169"", ""sel_3th_pre_req"": ""282"", ""sel_3th_pre_bid"": ""-72600"", ""sel_2th_pre_req_pre"": ""0"", ""sel_2th_pre_req"": ""66"", ""sel_2th_pre_bid"": ""-72500"", ""sel_1th_pre_req_pre"": ""+171"", ""sel_fpr_req"": ""310"", ""sel_fpr_bid"": ""-72400"", ""buy_fpr_bid"": ""-72200"", ""buy_fpr_req"": ""58"", ""buy_1th_pre_req_pre"": ""0"", ""buy_2th_pre_bid"": ""-72100"", ""buy_2th_pre_req"": ""511"", ""buy_2th_pre_req_pre"": ""0"", ""buy_3th_pre_bid"": ""-72000"", ""buy_3th_pre_req"": ""194"", ""buy_3th_pre_req_pre"": ""0"", ""buy_4th_pre_bid"": ""-71900"", ""buy_4th_pre_req"": ""11"", ""buy_4th_pre_req_pre"": ""0"", ""buy_5th_pre_bid"": ""-71800"", ""buy_5th_pre_req"": ""110"", ""buy_5th_pre_req_pre"": ""0"", ""buy_6th_pre_bid"": ""-71700"", ""buy_6th_pre_req"": ""126"", ""buy_6th_pre_req_pre"": ""0"", ""buy_7th_pre_bid"": ""-71600"", ""buy_7th_pre_req"": ""31"", ""buy_7th_pre_req_pre"": ""0"", ""buy_8th_pre_bid"": ""-71500"", ""buy_8th_pre_req"": ""22"", ""buy_8th_pre_req_pre"": ""0"", ""buy_9th_pre_bid"": ""-71300"", ""buy_9th_pre_req"": ""6"", ""buy_9th_pre_req_pre"": ""0"", ""buy_10th_pre_bid"": ""-71100"", ""buy_10th_pre_req"": ""50"", ""buy_10th_pre_req_pre"": ""0"", ""tot_sel_req_jub_pre"": ""+2"", ""tot_sel_req"": ""1382"", ""tot_buy_req"": ""1119"", ""tot_buy_req_jub_pre"": ""0"", ""ovt_sel_req_pre"": ""0"", ""ovt_sel_req"": ""0"", ""ovt_buy_req"": ""0"", ""ovt_buy_req_pre"": ""0"", ""return_code"": 0, ""return_msg"": ""정상적으로 처리되었습니다""}"
2026-06-10,watchlist,462870,,0,filtered_candidate_recheck,30600,,30600,30500,30600,30800,0.49019607843137253,0.32679738562091504,,,,,,"{""bid_req_base_tm"": ""094406"", ""sel_10th_pre_req_pre"": ""0"", ""sel_10th_pre_req"": ""10"", ""sel_10th_pre_bid"": ""-31200"", ""sel_9th_pre_req_pre"": ""0"", ""sel_9th_pre_req"": ""10"", ""sel_9th_pre_bid"": ""-31150"", ""sel_8th_pre_req_pre"": ""0"", ""sel_8th_pre_req"": ""36"", ""sel_8th_pre_bid"": ""-31100"", ""sel_7th_pre_req_pre"": ""0"", ""sel_7th_pre_req"": ""28"", ""sel_7th_pre_bid"": ""-31050"", ""sel_6th_pre_req_pre"": ""0"", ""sel_6th_pre_req"": ""49"", ""sel_6th_pre_bid"": ""-30850"", ""sel_5th_pre_req_pre"": ""0"", ""sel_5th_pre_req"": ""31"", ""sel_5th_pre_bid"": ""-30800"", ""sel_4th_pre_req_pre"": ""0"", ""sel_4th_pre_req"": ""4"", ""sel_4th_pre_bid"": ""-30750"", ""sel_3th_pre_req_pre"": ""0"", ""sel_3th_pre_req"": ""37"", ""sel_3th_pre_bid"": ""-30700"", ""sel_2th_pre_req_pre"": ""0"", ""sel_2th_pre_req"": ""34"", ""sel_2th_pre_bid"": ""-30650"", ""sel_1th_pre_req_pre"": ""0"", ""sel_fpr_req"": ""302"", ""sel_fpr_bid"": ""-30600"", ""buy_fpr_bid"": ""-30500"", ""buy_fpr_req"": ""213"", ""buy_1th_pre_req_pre"": ""+10"", ""buy_2th_pre_bid"": ""-30450"", ""buy_2th_pre_req"": ""188"", ""buy_2th_pre_req_pre"": ""0"", ""buy_3th_pre_bid"": ""-30400"", ""buy_3th_pre_req"": ""275"", ""buy_3th_pre_req_pre"": ""0"", ""buy_4th_pre_bid"": ""-30350"", ""buy_4th_pre_req"": ""30"", ""buy_4th_pre_req_pre"": ""0"", ""buy_5th_pre_bid"": ""-30300"", ""buy_5th_pre_req"": ""203"", ""buy_5th_pre_req_pre"": ""0"", ""buy_6th_pre_bid"": ""-30250"", ""buy_6th_pre_req"": ""178"", ""buy_6th_pre_req_pre"": ""0"", ""buy_7th_pre_bid"": ""-30200"", ""buy_7th_pre_req"": ""125"", ""buy_7th_pre_req_pre"": ""0"", ""buy_8th_pre_bid"": ""-30150"", ""buy_8th_pre_req"": ""447"", ""buy_8th_pre_req_pre"": ""0"", ""buy_9th_pre_bid"": ""-30100"", ""buy_9th_pre_req"": ""413"", ""buy_9th_pre_req_pre"": ""0"", ""buy_10th_pre_bid"": ""-30050"", ""buy_10th_pre_req"": ""188"", ""buy_10th_pre_req_pre"": ""0"", ""tot_sel_req_jub_pre"": ""0"", ""tot_sel_req"": ""541"", ""tot_buy_req"": ""2260"", ""tot_buy_req_jub_pre"": ""+10"", ""ovt_sel_req_pre"": ""0"", ""ovt_sel_req"": ""0"", ""ovt_buy_req"": ""0"", ""ovt_buy_req_pre"": ""0"", ""return_code"": 0, ""return_msg"": ""정상적으로 처리되었습니다""}"
2026-06-10,watchlist,055550,,0,filtered_candidate_recheck,98300,,98300,98200,98300,98700,0.3051881993896236,0.10172939979654119,,,,,,"{""bid_req_base_tm"": ""094407"", ""sel_10th_pre_req_pre"": ""0"", ""sel_10th_pre_req"": ""283"", ""sel_10th_pre_bid"": ""-99400"", ""sel_9th_pre_req_pre"": ""0"", ""sel_9th_pre_req"": ""484"", ""sel_9th_pre_bid"": ""-99300"", ""sel_8th_pre_req_pre"": ""0"", ""sel_8th_pre_req"": ""2"", ""sel_8th_pre_bid"": ""-99200"", ""sel_7th_pre_req_pre"": ""0"", ""sel_7th_pre_req"": ""15"", ""sel_7th_pre_bid"": ""-99100"", ""sel_6th_pre_req_pre"": ""0"", ""sel_6th_pre_req"": ""20"", ""sel_6th_pre_bid"": ""-99000"", ""sel_5th_pre_req_pre"": ""0"", ""sel_5th_pre_req"": ""16"", ""sel_5th_pre_bid"": ""-98900"", ""sel_4th_pre_req_pre"": ""0"", ""sel_4th_pre_req"": ""502"", ""sel_4th_pre_bid"": ""-98600"", ""sel_3th_pre_req_pre"": ""0"", ""sel_3th_pre_req"": ""161"", ""sel_3th_pre_bid"": ""-98500"", ""sel_2th_pre_req_pre"": ""0"", ""sel_2th_pre_req"": ""630"", ""sel_2th_pre_bid"": ""-98400"", ""sel_1th_pre_req_pre"": ""0"", ""sel_fpr_req"": ""1147"", ""sel_fpr_bid"": ""-98300"", ""buy_fpr_bid"": ""-98200"", ""buy_fpr_req"": ""292"", ""buy_1th_pre_req_pre"": ""+114"", ""buy_2th_pre_bid"": ""-98100"", ""buy_2th_pre_req"": ""1997"", ""buy_2th_pre_req_pre"": ""0"", ""buy_3th_pre_bid"": ""-98000"", ""buy_3th_pre_req"": ""1976"", ""buy_3th_pre_req_pre"": ""0"", ""buy_4th_pre_bid"": ""-97900"", ""buy_4th_pre_req"": ""542"", ""buy_4th_pre_req_pre"": ""0"", ""buy_5th_pre_bid"": ""-97800"", ""buy_5th_pre_req"": ""363"", ""buy_5th_pre_req_pre"": ""0"", ""buy_6th_pre_bid"": ""-97700"", ""buy_6th_pre_req"": ""278"", ""buy_6th_pre_req_pre"": ""0"", ""buy_7th_pre_bid"": ""-97600"", ""buy_7th_pre_req"": ""163"", ""buy_7th_pre_req_pre"": ""0"", ""buy_8th_pre_bid"": ""-97500"", ""buy_8th_pre_req"": ""990"", ""buy_8th_pre_req_pre"": ""0"", ""buy_9th_pre_bid"": ""-97400"", ""buy_9th_pre_req"": ""180"", ""buy_9th_pre_req_pre"": ""0"", ""buy_10th_pre_bid"": ""-97300"", ""buy_10th_pre_req"": ""130"", ""buy_10th_pre_req_pre"": ""0"", ""tot_sel_req_jub_pre"": ""0"", ""tot_sel_req"": ""3260"", ""tot_buy_req"": ""6911"", ""tot_buy_req_jub_pre"": ""+114"", ""ovt_sel_req_pre"": ""0"", ""ovt_sel_req"": ""0"", ""ovt_buy_req"": ""0"", ""ovt_buy_req_pre"": ""0"", ""return_code"": 0, ""return_msg"": ""정상적으로 처리되었습니다""}"
2026-06-10,watchlist,192080,,0,filtered_candidate_recheck,71800,,71800,71700,71800,72300,0.5571030640668524,0.1392757660167131,,,,,,"{""bid_req_base_tm"": ""094407"", ""sel_10th_pre_req_pre"": ""0"", ""sel_10th_pre_req"": ""7"", ""sel_10th_pre_bid"": ""+73500"", ""sel_9th_pre_req_pre"": ""0"", ""sel_9th_pre_req"": ""72"", ""sel_9th_pre_bid"": ""+73400"", ""sel_8th_pre_req_pre"": ""0"", ""sel_8th_pre_req"": ""10"", ""sel_8th_pre_bid"": ""+73300"", ""sel_7th_pre_req_pre"": ""0"", ""sel_7th_pre_req"": ""40"", ""sel_7th_pre_bid"": ""+73100"", ""sel_6th_pre_req_pre"": ""0"", ""sel_6th_pre_req"": ""25"", ""sel_6th_pre_bid"": ""+73000"", ""sel_5th_pre_req_pre"": ""0"", ""sel_5th_pre_req"": ""1"", ""sel_5th_pre_bid"": ""+72600"", ""sel_4th_pre_req_pre"": ""0"", ""sel_4th_pre_req"": ""23"", ""sel_4th_pre_bid"": ""+72100"", ""sel_3th_pre_req_pre"": ""--3"", ""sel_3th_pre_req"": ""1"", ""sel_3th_pre_bid"": ""72000"", ""sel_2th_pre_req_pre"": ""0"", ""sel_2th_pre_req"": ""15"", ""sel_2th_pre_bid"": ""-71900"", ""sel_1th_pre_req_pre"": ""0"", ""sel_fpr_req"": ""29"", ""sel_fpr_bid"": ""-71800"", ""buy_fpr_bid"": ""-71700"", ""buy_fpr_req"": ""76"", ""buy_1th_pre_req_pre"": ""0"", ""buy_2th_pre_bid"": ""-71600"", ""buy_2th_pre_req"": ""32"", ""buy_2th_pre_req_pre"": ""0"", ""buy_3th_pre_bid"": ""-71500"", ""buy_3th_pre_req"": ""45"", ""buy_3th_pre_req_pre"": ""0"", ""buy_4th_pre_bid"": ""-71400"", ""buy_4th_pre_req"": ""13"", ""buy_4th_pre_req_pre"": ""0"", ""buy_5th_pre_bid"": ""-71300"", ""buy_5th_pre_req"": ""43"", ""buy_5th_pre_req_pre"": ""0"", ""buy_6th_pre_bid"": ""-71200"", ""buy_6th_pre_req"": ""416"", ""buy_6th_pre_req_pre"": ""0"", ""buy_7th_pre_bid"": ""-71100"", ""buy_7th_pre_req"": ""72"", ""buy_7th_pre_req_pre"": ""0"", ""buy_8th_pre_bid"": ""-71000"", ""buy_8th_pre_req"": ""63"", ""buy_8th_pre_req_pre"": ""0"", ""buy_9th_pre_bid"": ""-70900"", ""buy_9th_pre_req"": ""67"", ""buy_9th_pre_req_pre"": ""0"", ""buy_10th_pre_bid"": ""-70800"", ""buy_10th_pre_req"": ""91"", ""buy_10th_pre_req_pre"": ""0"", ""tot_sel_req_jub_pre"": ""--3"", ""tot_sel_req"": ""223"", ""tot_buy_req"": ""918"", ""tot_buy_req_jub_pre"": ""0"", ""ovt_sel_req_pre"": ""0"", ""ovt_sel_req"": ""0"", ""ovt_buy_req"": ""0"", ""ovt_buy_req_pre"": ""0"", ""return_code"": 0, ""return_msg"": ""정상적으로 처리되었습니다""}"
2026-06-10,watchlist,000430,,0,filtered_candidate_recheck,5940,,5940,5930,5940,5960,0.16835016835016833,0.16835016835016833,,,,,,"{""bid_req_base_tm"": ""094407"", ""sel_10th_pre_req_pre"": ""0"", ""sel_10th_pre_req"": ""267"", ""sel_10th_pre_bid"": ""+6040"", ""sel_9th_pre_req_pre"": ""0"", ""sel_9th_pre_req"": ""826"", ""sel_9th_pre_bid"": ""+6030"", ""sel_8th_pre_req_pre"": ""0"", ""sel_8th_pre_req"": ""320"", ""sel_8th_pre_bid"": ""+6020"", ""sel_7th_pre_req_pre"": ""0"", ""sel_7th_pre_req"": ""877"", ""sel_7th_pre_bid"": ""+6010"", ""sel_6th_pre_req_pre"": ""0"", ""sel_6th_pre_req"": ""2970"", ""sel_6th_pre_bid"": ""6000"", ""sel_5th_pre_req_pre"": ""0"", ""sel_5th_pre_req"": ""2256"", ""sel_5th_pre_bid"": ""-5990"", ""sel_4th_pre_req_pre"": ""0"", ""sel_4th_pre_req"": ""205"", ""sel_4th_pre_bid"": ""-5980"", ""sel_3th_pre_req_pre"": ""0"", ""sel_3th_pre_req"": ""1080"", ""sel_3th_pre_bid"": ""-5960"", ""sel_2th_pre_req_pre"": ""+1"", ""sel_2th_pre_req"": ""419"", ""sel_2th_pre_bid"": ""-5950"", ""sel_1th_pre_req_pre"": ""0"", ""sel_fpr_req"": ""1018"", ""sel_fpr_bid"": ""-5940"", ""buy_fpr_bid"": ""-5930"", ""buy_fpr_req"": ""894"", ""buy_1th_pre_req_pre"": ""0"", ""buy_2th_pre_bid"": ""-5920"", ""buy_2th_pre_req"": ""869"", ""buy_2th_pre_req_pre"": ""0"", ""buy_3th_pre_bid"": ""-5910"", ""buy_3th_pre_req"": ""636"", ""buy_3th_pre_req_pre"": ""0"", ""buy_4th_pre_bid"": ""-5900"", ""buy_4th_pre_req"": ""3462"", ""buy_4th_pre_req_pre"": ""0"", ""buy_5th_pre_bid"": ""-5890"", ""buy_5th_pre_req"": ""4958"", ""buy_5th_pre_req_pre"": ""0"", ""buy_6th_pre_bid"": ""-5880"", ""buy_6th_pre_req"": ""6039"", ""buy_6th_pre_req_pre"": ""0"", ""buy_7th_pre_bid"": ""-5870"", ""buy_7th_pre_req"": ""1738"", ""buy_7th_pre_req_pre"": ""0"", ""buy_8th_pre_bid"": ""-5860"", ""buy_8th_pre_req"": ""2945"", ""buy_8th_pre_req_pre"": ""0"", ""buy_9th_pre_bid"": ""-5850"", ""buy_9th_pre_req"": ""8211"", ""buy_9th_pre_req_pre"": ""0"", ""buy_10th_pre_bid"": ""-5840"", ""buy_10th_pre_req"": ""1531"", ""buy_10th_pre_req_pre"": ""0"", ""tot_sel_req_jub_pre"": ""+1"", ""tot_sel_req"": ""10238"", ""tot_buy_req"": ""31283"", ""tot_buy_req_jub_pre"": ""0"", ""ovt_sel_req_pre"": ""0"", ""ovt_sel_req"": ""0"", ""ovt_buy_req"": ""0"", ""ovt_buy_req_pre"": ""0"", ""return_code"": 0, ""return_msg"": ""정상적으로 처리되었습니다""}"
2026-06-10,watchlist,307950,,0,filtered_candidate_recheck,698000,,698000,697000,698000,701000,0.28653295128939826,0.14326647564469913,,,,,,"{""bid_req_base_tm"": ""094407"", ""sel_10th_pre_req_pre"": ""0"", ""sel_10th_pre_req"": ""8"", ""sel_10th_pre_bid"": ""+707000"", ""sel_9th_pre_req_pre"": ""0"", ""sel_9th_pre_req"": ""14"", ""sel_9th_pre_bid"": ""+706000"", ""sel_8th_pre_req_pre"": ""0"", ""sel_8th_pre_req"": ""45"", ""sel_8th_pre_bid"": ""+705000"", ""sel_7th_pre_req_pre"": ""0"", ""sel_7th_pre_req"": ""4"", ""sel_7th_pre_bid"": ""+704000"", ""sel_6th_pre_req_pre"": ""0"", ""sel_6th_pre_req"": ""1"", ""sel_6th_pre_bid"": ""+703000"", ""sel_5th_pre_req_pre"": ""0"", ""sel_5th_pre_req"": ""24"", ""sel_5th_pre_bid"": ""+702000"", ""sel_4th_pre_req_pre"": ""0"", ""sel_4th_pre_req"": ""35"", ""sel_4th_pre_bid"": ""+701000"", ""sel_3th_pre_req_pre"": ""0"", ""sel_3th_pre_req"": ""86"", ""sel_3th_pre_bid"": ""+700000"", ""sel_2th_pre_req_pre"": ""0"", ""sel_2th_pre_req"": ""22"", ""sel_2th_pre_bid"": ""+699000"", ""sel_1th_pre_req_pre"": ""0"", ""sel_fpr_req"": ""49"", ""sel_fpr_bid"": ""+698000"", ""buy_fpr_bid"": ""+697000"", ""buy_fpr_req"": ""120"", ""buy_1th_pre_req_pre"": ""0"", ""buy_2th_pre_bid"": ""+696000"", ""buy_2th_pre_req"": ""162"", ""buy_2th_pre_req_pre"": ""0"", ""buy_3th_pre_bid"": ""+695000"", ""buy_3th_pre_req"": ""151"", ""buy_3th_pre_req_pre"": ""0"", ""buy_4th_pre_bid"": ""+694000"", ""buy_4th_pre_req"": ""60"", ""buy_4th_pre_req_pre"": ""0"", ""buy_5th_pre_bid"": ""+693000"", ""buy_5th_pre_req"": ""41"", ""buy_5th_pre_req_pre"": ""--1"", ""buy_6th_pre_bid"": ""+692000"", ""buy_6th_pre_req"": ""65"", ""buy_6th_pre_req_pre"": ""0"", ""buy_7th_pre_bid"": ""+691000"", ""buy_7th_pre_req"": ""188"", ""buy_7th_pre_req_pre"": ""0"", ""buy_8th_pre_bid"": ""+690000"", ""buy_8th_pre_req"": ""343"", ""buy_8th_pre_req_pre"": ""0"", ""buy_9th_pre_bid"": ""+689000"", ""buy_9th_pre_req"": ""126"", ""buy_9th_pre_req_pre"": ""0"", ""buy_10th_pre_bid"": ""+688000"", ""buy_10th_pre_req"": ""335"", ""buy_10th_pre_req_pre"": ""0"", ""tot_sel_req_jub_pre"": ""0"", ""tot_sel_req"": ""288"", ""tot_buy_req"": ""1591"", ""tot_buy_req_jub_pre"": ""--1"", ""ovt_sel_req_pre"": ""0"", ""ovt_sel_req"": ""0"", ""ovt_buy_req"": ""0"", ""ovt_buy_req_pre"": ""0"", ""return_code"": 0, ""return_msg"": ""정상적으로 처리되었습니다""}"
2026-06-10,scan_candidate,005930,,0,main_scan,306500,,306500,306000,306500,308000,0.3262642740619902,0.1631321370309951,,,,,,"{""bid_req_base_tm"": ""094532"", ""sel_10th_pre_req_pre"": ""0"", ""sel_10th_pre_req"": ""11744"", ""sel_10th_pre_bid"": ""-311000"", ""sel_9th_pre_req_pre"": ""0"", ""sel_9th_pre_req"": ""7868"", ""sel_9th_pre_bid"": ""-310500"", ""sel_8th_pre_req_pre"": ""0"", ""sel_8th_pre_req"": ""23819"", ""sel_8th_pre_bid"": ""-310000"", ""sel_7th_pre_req_pre"": ""0"", ""sel_7th_pre_req"": ""8078"", ""sel_7th_pre_bid"": ""-309500"", ""sel_6th_pre_req_pre"": ""0"", ""sel_6th_pre_req"": ""14465"", ""sel_6th_pre_bid"": ""-309000"", ""sel_5th_pre_req_pre"": ""0"", ""sel_5th_pre_req"": ""10684"", ""sel_5th_pre_bid"": ""-308500"", ""sel_4th_pre_req_pre"": ""0"", ""sel_4th_pre_req"": ""14666"", ""sel_4th_pre_bid"": ""-308000"", ""sel_3th_pre_req_pre"": ""0"", ""sel_3th_pre_req"": ""28856"", ""sel_3th_pre_bid"": ""-307500"", ""sel_2th_pre_req_pre"": ""0"", ""sel_2th_pre_req"": ""13915"", ""sel_2th_pre_bid"": ""-307000"", ""sel_1th_pre_req_pre"": ""--190"", ""sel_fpr_req"": ""16724"", ""sel_fpr_bid"": ""-306500"", ""buy_fpr_bid"": ""-306000"", ""buy_fpr_req"": ""72879"", ""buy_1th_pre_req_pre"": ""--59"", ""buy_2th_pre_bid"": ""-305500"", ""buy_2th_pre_req"": ""64417"", ""buy_2th_pre_req_pre"": ""+12"", ""buy_3th_pre_bid"": ""-305000"", ""buy_3th_pre_req"": ""163795"", ""buy_3th_pre_req_pre"": ""--13"", ""buy_4th_pre_bid"": ""-304500"", ""buy_4th_pre_req"": ""23759"", ""buy_4th_pre_req_pre"": ""0"", ""buy_5th_pre_bid"": ""-304000"", ""buy_5th_pre_req"": ""38693"", ""buy_5th_pre_req_pre"": ""+12"", ""buy_6th_pre_bid"": ""-303500"", ""buy_6th_pre_req"": ""52013"", ""buy_6th_pre_req_pre"": ""0"", ""buy_7th_pre_bid"": ""-303000"", ""buy_7th_pre_req"": ""99242"", ""buy_7th_pre_req_pre"": ""--12"", ""buy_8th_pre_bid"": ""-302500"", ""buy_8th_pre_req"": ""39956"", ""buy_8th_pre_req_pre"": ""0"", ""buy_9th_pre_bid"": ""-302000"", ""buy_9th_pre_req"": ""33704"", ""buy_9th_pre_req_pre"": ""0"", ""buy_10th_pre_bid"": ""-301500"", ""buy_10th_pre_req"": ""24811"", ""buy_10th_pre_req_pre"": ""0"", ""tot_sel_req_jub_pre"": ""--190"", ""tot_sel_req"": ""150819"", ""tot_buy_req"": ""613269"", ""tot_buy_req_jub_pre"": ""--60"", ""ovt_sel_req_pre"": ""0"", ""ovt_sel_req"": ""0"", ""ovt_buy_req"": ""0"", ""ovt_buy_req_pre"": ""0"", ""return_code"": 0, ""return_msg"": ""정상적으로 처리되었습니다""}"
2026-06-10,scan_candidate,000660,,0,main_scan,2125000,,2125000,2124000,2125000,2129000,0.1411764705882353,0.047058823529411764,,,,,,"{""bid_req_base_tm"": ""094532"", ""sel_10th_pre_req_pre"": ""0"", ""sel_10th_pre_req"": ""103"", ""sel_10th_pre_bid"": ""-2136000"", ""sel_9th_pre_req_pre"": ""0"", ""sel_9th_pre_req"": ""100"", ""sel_9th_pre_bid"": ""-2135000"", ""sel_8th_pre_req_pre"": ""0"", ""sel_8th_pre_req"": ""110"", ""sel_8th_pre_bid"": ""-2134000"", ""sel_7th_pre_req_pre"": ""0"", ""sel_7th_pre_req"": ""42"", ""sel_7th_pre_bid"": ""-2133000"", ""sel_6th_pre_req_pre"": ""0"", ""sel_6th_pre_req"": ""13"", ""sel_6th_pre_bid"": ""-2132000"", ""sel_5th_pre_req_pre"": ""0"", ""sel_5th_pre_req"": ""19"", ""sel_5th_pre_bid"": ""-2131000"", ""sel_4th_pre_req_pre"": ""+10"", ""sel_4th_pre_req"": ""63"", ""sel_4th_pre_bid"": ""-2130000"", ""sel_3th_pre_req_pre"": ""0"", ""sel_3th_pre_req"": ""275"", ""sel_3th_pre_bid"": ""-2127000"", ""sel_2th_pre_req_pre"": ""0"", ""sel_2th_pre_req"": ""38"", ""sel_2th_pre_bid"": ""-2126000"", ""sel_1th_pre_req_pre"": ""+6"", ""sel_fpr_req"": ""67"", ""sel_fpr_bid"": ""-2125000"", ""buy_fpr_bid"": ""-2124000"", ""buy_fpr_req"": ""187"", ""buy_1th_pre_req_pre"": ""+1"", ""buy_2th_pre_bid"": ""-2123000"", ""buy_2th_pre_req"": ""194"", ""buy_2th_pre_req_pre"": ""0"", ""buy_3th_pre_bid"": ""-2122000"", ""buy_3th_pre_req"": ""1320"", ""buy_3th_pre_req_pre"": ""0"", ""buy_4th_pre_bid"": ""-2121000"", ""buy_4th_pre_req"": ""1536"", ""buy_4th_pre_req_pre"": ""0"", ""buy_5th_pre_bid"": ""-2120000"", ""buy_5th_pre_req"": ""2420"", ""buy_5th_pre_req_pre"": ""0"", ""buy_6th_pre_bid"": ""-2119000"", ""buy_6th_pre_req"": ""799"", ""buy_6th_pre_req_pre"": ""0"", ""buy_7th_pre_bid"": ""-2118000"", ""buy_7th_pre_req"": ""534"", ""buy_7th_pre_req_pre"": ""0"", ""buy_8th_pre_bid"": ""-2117000"", ""buy_8th_pre_req"": ""179"", ""buy_8th_pre_req_pre"": ""0"", ""buy_9th_pre_bid"": ""-2116000"", ""buy_9th_pre_req"": ""304"", ""buy_9th_pre_req_pre"": ""0"", ""buy_10th_pre_bid"": ""-2115000"", ""buy_10th_pre_req"": ""643"", ""buy_10th_pre_req_pre"": ""0"", ""tot_sel_req_jub_pre"": ""+16"", ""tot_sel_req"": ""830"", ""tot_buy_req"": ""8116"", ""tot_buy_req_jub_pre"": ""+1"", ""ovt_sel_req_pre"": ""0"", ""ovt_sel_req"": ""0"", ""ovt_buy_req"": ""0"", ""ovt_buy_req_pre"": ""0"", ""return_code"": 0, ""return_msg"": ""정상적으로 처리되었습니다""}"
2026-06-10,scan_candidate,402340,,0,main_scan,1210000,,1210000,1209000,1210000,1212000,0.08264462809917356,0.08264462809917356,,,,,,"{""bid_req_base_tm"": ""094532"", ""sel_10th_pre_req_pre"": ""0"", ""sel_10th_pre_req"": ""426"", ""sel_10th_pre_bid"": ""-1220000"", ""sel_9th_pre_req_pre"": ""0"", ""sel_9th_pre_req"": ""21"", ""sel_9th_pre_bid"": ""-1219000"", ""sel_8th_pre_req_pre"": ""0"", ""sel_8th_pre_req"": ""43"", ""sel_8th_pre_bid"": ""-1218000"", ""sel_7th_pre_req_pre"": ""0"", ""sel_7th_pre_req"": ""11"", ""sel_7th_pre_bid"": ""-1217000"", ""sel_6th_pre_req_pre"": ""0"", ""sel_6th_pre_req"": ""10"", ""sel_6th_pre_bid"": ""-1216000"", ""sel_5th_pre_req_pre"": ""0"", ""sel_5th_pre_req"": ""1"", ""sel_5th_pre_bid"": ""-1215000"", ""sel_4th_pre_req_pre"": ""0"", ""sel_4th_pre_req"": ""64"", ""sel_4th_pre_bid"": ""-1214000"", ""sel_3th_pre_req_pre"": ""0"", ""sel_3th_pre_req"": ""1"", ""sel_3th_pre_bid"": ""-1212000"", ""sel_2th_pre_req_pre"": ""0"", ""sel_2th_pre_req"": ""59"", ""sel_2th_pre_bid"": ""-1211000"", ""sel_1th_pre_req_pre"": ""--4"", ""sel_fpr_req"": ""102"", ""sel_fpr_bid"": ""-1210000"", ""buy_fpr_bid"": ""-1209000"", ""buy_fpr_req"": ""64"", ""buy_1th_pre_req_pre"": ""0"", ""buy_2th_pre_bid"": ""-1208000"", ""buy_2th_pre_req"": ""38"", ""buy_2th_pre_req_pre"": ""0"", ""buy_3th_pre_bid"": ""-1207000"", ""buy_3th_pre_req"": ""164"", ""buy_3th_pre_req_pre"": ""0"", ""buy_4th_pre_bid"": ""-1206000"", ""buy_4th_pre_req"": ""393"", ""buy_4th_pre_req_pre"": ""0"", ""buy_5th_pre_bid"": ""-1205000"", ""buy_5th_pre_req"": ""74"", ""buy_5th_pre_req_pre"": ""0"", ""buy_6th_pre_bid"": ""-1204000"", ""buy_6th_pre_req"": ""55"", ""buy_6th_pre_req_pre"": ""0"", ""buy_7th_pre_bid"": ""-1203000"", ""buy_7th_pre_req"": ""30"", ""buy_7th_pre_req_pre"": ""0"", ""buy_8th_pre_bid"": ""-1202000"", ""buy_8th_pre_req"": ""48"", ""buy_8th_pre_req_pre"": ""0"", ""buy_9th_pre_bid"": ""-1201000"", ""buy_9th_pre_req"": ""132"", ""buy_9th_pre_req_pre"": ""0"", ""buy_10th_pre_bid"": ""-1200000"", ""buy_10th_pre_req"": ""443"", ""buy_10th_pre_req_pre"": ""0"", ""tot_sel_req_jub_pre"": ""--4"", ""tot_sel_req"": ""738"", ""tot_buy_req"": ""1441"", ""tot_buy_req_jub_pre"": ""0"", ""ovt_sel_req_pre"": ""0"", ""ovt_sel_req"": ""0"", ""ovt_buy_req"": ""0"", ""ovt_buy_req_pre"": ""0"", ""return_code"": 0, ""return_msg"": ""정상적으로 처리되었습니다""}"
2026-06-10,scan_candidate,009150,,0,main_scan,1877000,,1877000,1876000,1877000,1878000,0.0,0.05327650506126798,,,,,,"{""bid_req_base_tm"": ""094532"", ""sel_10th_pre_req_pre"": ""0"", ""sel_10th_pre_req"": ""59"", ""sel_10th_pre_bid"": ""-1886000"", ""sel_9th_pre_req_pre"": ""0"", ""sel_9th_pre_req"": ""186"", ""sel_9th_pre_bid"": ""-1885000"", ""sel_8th_pre_req_pre"": ""0"", ""sel_8th_pre_req"": ""76"", ""sel_8th_pre_bid"": ""-1884000"", ""sel_7th_pre_req_pre"": ""0"", ""sel_7th_pre_req"": ""523"", ""sel_7th_pre_bid"": ""-1883000"", ""sel_6th_pre_req_pre"": ""0"", ""sel_6th_pre_req"": ""2"", ""sel_6th_pre_bid"": ""-1882000"", ""sel_5th_pre_req_pre"": ""0"", ""sel_5th_pre_req"": ""1"", ""sel_5th_pre_bid"": ""-1881000"", ""sel_4th_pre_req_pre"": ""0"", ""sel_4th_pre_req"": ""12"", ""sel_4th_pre_bid"": ""-1880000"", ""sel_3th_pre_req_pre"": ""0"", ""sel_3th_pre_req"": ""61"", ""sel_3th_pre_bid"": ""-1879000"", ""sel_2th_pre_req_pre"": ""0"", ""sel_2th_pre_req"": ""12"", ""sel_2th_pre_bid"": ""-1878000"", ""sel_1th_pre_req_pre"": ""0"", ""sel_fpr_req"": ""30"", ""sel_fpr_bid"": ""-1877000"", ""buy_fpr_bid"": ""-1876000"", ""buy_fpr_req"": ""2"", ""buy_1th_pre_req_pre"": ""0"", ""buy_2th_pre_bid"": ""-1875000"", ""buy_2th_pre_req"": ""188"", ""buy_2th_pre_req_pre"": ""0"", ""buy_3th_pre_bid"": ""-1874000"", ""buy_3th_pre_req"": ""261"", ""buy_3th_pre_req_pre"": ""0"", ""buy_4th_pre_bid"": ""-1873000"", ""buy_4th_pre_req"": ""189"", ""buy_4th_pre_req_pre"": ""0"", ""buy_5th_pre_bid"": ""-1872000"", ""buy_5th_pre_req"": ""103"", ""buy_5th_pre_req_pre"": ""0"", ""buy_6th_pre_bid"": ""-1871000"", ""buy_6th_pre_req"": ""307"", ""buy_6th_pre_req_pre"": ""0"", ""buy_7th_pre_bid"": ""-1870000"", ""buy_7th_pre_req"": ""151"", ""buy_7th_pre_req_pre"": ""0"", ""buy_8th_pre_bid"": ""-1869000"", ""buy_8th_pre_req"": ""40"", ""buy_8th_pre_req_pre"": ""0"", ""buy_9th_pre_bid"": ""-1868000"", ""buy_9th_pre_req"": ""53"", ""buy_9th_pre_req_pre"": ""0"", ""buy_10th_pre_bid"": ""-1867000"", ""buy_10th_pre_req"": ""89"", ""buy_10th_pre_req_pre"": ""0"", ""tot_sel_req_jub_pre"": ""0"", ""tot_sel_req"": ""962"", ""tot_buy_req"": ""1383"", ""tot_buy_req_jub_pre"": ""--144"", ""ovt_sel_req_pre"": ""0"", ""ovt_sel_req"": ""0"", ""ovt_buy_req"": ""0"", ""ovt_buy_req_pre"": ""0"", ""return_code"": 0, ""return_msg"": ""정상적으로 처리되었습니다""}"
2026-06-10,scan_candidate,032830,,0,main_scan,369000,,369000,368500,369000,367000,-0.6775067750677507,0.13550135501355012,,,,,,"{""bid_req_base_tm"": ""094533"", ""sel_10th_pre_req_pre"": ""0"", ""sel_10th_pre_req"": ""110"", ""sel_10th_pre_bid"": ""-374000"", ""sel_9th_pre_req_pre"": ""0"", ""sel_9th_pre_req"": ""302"", ""sel_9th_pre_bid"": ""-373500"", ""sel_8th_pre_req_pre"": ""0"", ""sel_8th_pre_req"": ""12"", ""sel_8th_pre_bid"": ""-373000"", ""sel_7th_pre_req_pre"": ""0"", ""sel_7th_pre_req"": ""18"", ""sel_7th_pre_bid"": ""-372500"", ""sel_6th_pre_req_pre"": ""0"", ""sel_6th_pre_req"": ""21"", ""sel_6th_pre_bid"": ""-372000"", ""sel_5th_pre_req_pre"": ""0"", ""sel_5th_pre_req"": ""792"", ""sel_5th_pre_bid"": ""-371000"", ""sel_4th_pre_req_pre"": ""0"", ""sel_4th_pre_req"": ""1070"", ""sel_4th_pre_bid"": ""-370500"", ""sel_3th_pre_req_pre"": ""0"", ""sel_3th_pre_req"": ""1223"", ""sel_3th_pre_bid"": ""-370000"", ""sel_2th_pre_req_pre"": ""0"", ""sel_2th_pre_req"": ""558"", ""sel_2th_pre_bid"": ""-369500"", ""sel_1th_pre_req_pre"": ""0"", ""sel_fpr_req"": ""236"", ""sel_fpr_bid"": ""-369000"", ""buy_fpr_bid"": ""-368500"", ""buy_fpr_req"": ""132"", ""buy_1th_pre_req_pre"": ""--22"", ""buy_2th_pre_bid"": ""-368000"", ""buy_2th_pre_req"": ""468"", ""buy_2th_pre_req_pre"": ""0"", ""buy_3th_pre_bid"": ""-367500"", ""buy_3th_pre_req"": ""150"", ""buy_3th_pre_req_pre"": ""0"", ""buy_4th_pre_bid"": ""-367000"", ""buy_4th_pre_req"": ""227"", ""buy_4th_pre_req_pre"": ""0"", ""buy_5th_pre_bid"": ""-366500"", ""buy_5th_pre_req"": ""204"", ""buy_5th_pre_req_pre"": ""0"", ""buy_6th_pre_bid"": ""-366000"", ""buy_6th_pre_req"": ""385"", ""buy_6th_pre_req_pre"": ""0"", ""buy_7th_pre_bid"": ""-365500"", ""buy_7th_pre_req"": ""173"", ""buy_7th_pre_req_pre"": ""0"", ""buy_8th_pre_bid"": ""-365000"", ""buy_8th_pre_req"": ""815"", ""buy_8th_pre_req_pre"": ""0"", ""buy_9th_pre_bid"": ""-364500"", ""buy_9th_pre_req"": ""36"", ""buy_9th_pre_req_pre"": ""0"", ""buy_10th_pre_bid"": ""-364000"", ""buy_10th_pre_req"": ""197"", ""buy_10th_pre_req_pre"": ""0"", ""tot_sel_req_jub_pre"": ""0"", ""tot_sel_req"": ""4342"", ""tot_buy_req"": ""2787"", ""tot_buy_req_jub_pre"": ""--22"", ""ovt_sel_req_pre"": ""0"", ""ovt_sel_req"": ""0"", ""ovt_buy_req"": ""0"", ""ovt_buy_req_pre"": ""0"", ""return_code"": 0, ""return_msg"": ""정상적으로 처리되었습니다""}"
2026-06-10,scan_candidate,012330,,0,main_scan,575000,,575000,574000,575000,578000,0.34782608695652173,0.17391304347826086,,,,,,"{""bid_req_base_tm"": ""094533"", ""sel_10th_pre_req_pre"": ""0"", ""sel_10th_pre_req"": ""50"", ""sel_10th_pre_bid"": ""-585000"", ""sel_9th_pre_req_pre"": ""0"", ""sel_9th_pre_req"": ""49"", ""sel_9th_pre_bid"": ""-584000"", ""sel_8th_pre_req_pre"": ""0"", ""sel_8th_pre_req"": ""79"", ""sel_8th_pre_bid"": ""-583000"", ""sel_7th_pre_req_pre"": ""0"", ""sel_7th_pre_req"": ""105"", ""sel_7th_pre_bid"": ""-582000"", ""sel_6th_pre_req_pre"": ""0"", ""sel_6th_pre_req"": ""330"", ""sel_6th_pre_bid"": ""-581000"", ""sel_5th_pre_req_pre"": ""0"", ""sel_5th_pre_req"": ""443"", ""sel_5th_pre_bid"": ""-580000"", ""sel_4th_pre_req_pre"": ""0"", ""sel_4th_pre_req"": ""33"", ""sel_4th_pre_bid"": ""-579000"", ""sel_3th_pre_req_pre"": ""0"", ""sel_3th_pre_req"": ""60"", ""sel_3th_pre_bid"": ""-578000"", ""sel_2th_pre_req_pre"": ""0"", ""sel_2th_pre_req"": ""32"", ""sel_2th_pre_bid"": ""-577000"", ""sel_1th_pre_req_pre"": ""--2"", ""sel_fpr_req"": ""82"", ""sel_fpr_bid"": ""-575000"", ""buy_fpr_bid"": ""-574000"", ""buy_fpr_req"": ""107"", ""buy_1th_pre_req_pre"": ""0"", ""buy_2th_pre_bid"": ""-573000"", ""buy_2th_pre_req"": ""493"", ""buy_2th_pre_req_pre"": ""0"", ""buy_3th_pre_bid"": ""-572000"", ""buy_3th_pre_req"": ""1042"", ""buy_3th_pre_req_pre"": ""0"", ""buy_4th_pre_bid"": ""-571000"", ""buy_4th_pre_req"": ""1509"", ""buy_4th_pre_req_pre"": ""0"", ""buy_5th_pre_bid"": ""-570000"", ""buy_5th_pre_req"": ""3148"", ""buy_5th_pre_req_pre"": ""0"", ""buy_6th_pre_bid"": ""-569000"", ""buy_6th_pre_req"": ""1979"", ""buy_6th_pre_req_pre"": ""0"", ""buy_7th_pre_bid"": ""-568000"", ""buy_7th_pre_req"": ""983"", ""buy_7th_pre_req_pre"": ""0"", ""buy_8th_pre_bid"": ""-567000"", ""buy_8th_pre_req"": ""625"", ""buy_8th_pre_req_pre"": ""0"", ""buy_9th_pre_bid"": ""-566000"", ""buy_9th_pre_req"": ""1245"", ""buy_9th_pre_req_pre"": ""0"", ""buy_10th_pre_bid"": ""-565000"", ""buy_10th_pre_req"": ""715"", ""buy_10th_pre_req_pre"": ""0"", ""tot_sel_req_jub_pre"": ""--2"", ""tot_sel_req"": ""1263"", ""tot_buy_req"": ""11846"", ""tot_buy_req_jub_pre"": ""0"", ""ovt_sel_req_pre"": ""0"", ""ovt_sel_req"": ""0"", ""ovt_buy_req"": ""0"", ""ovt_buy_req_pre"": ""0"", ""return_code"": 0, ""return_msg"": ""정상적으로 처리되었습니다""}"
2026-06-10,scan_candidate,055550,,0,main_scan,98800,,98800,98600,98800,99000,0.10121457489878542,0.20242914979757085,,,,,,"{""bid_req_base_tm"": ""094532"", ""sel_10th_pre_req_pre"": ""0"", ""sel_10th_pre_req"": ""62"", ""sel_10th_pre_bid"": ""-99700"", ""sel_9th_pre_req_pre"": ""0"", ""sel_9th_pre_req"": ""317"", ""sel_9th_pre_bid"": ""-99600"", ""sel_8th_pre_req_pre"": ""0"", ""sel_8th_pre_req"": ""1780"", ""sel_8th_pre_bid"": ""-99500"", ""sel_7th_pre_req_pre"": ""0"", ""sel_7th_pre_req"": ""283"", ""sel_7th_pre_bid"": ""-99400"", ""sel_6th_pre_req_pre"": ""0"", ""sel_6th_pre_req"": ""640"", ""sel_6th_pre_bid"": ""-99300"", ""sel_5th_pre_req_pre"": ""0"", ""sel_5th_pre_req"": ""12"", ""sel_5th_pre_bid"": ""-99200"", ""sel_4th_pre_req_pre"": ""0"", ""sel_4th_pre_req"": ""31"", ""sel_4th_pre_bid"": ""-99100"", ""sel_3th_pre_req_pre"": ""0"", ""sel_3th_pre_req"": ""73"", ""sel_3th_pre_bid"": ""-99000"", ""sel_2th_pre_req_pre"": ""+98"", ""sel_2th_pre_req"": ""306"", ""sel_2th_pre_bid"": ""-98900"", ""sel_1th_pre_req_pre"": ""+54"", ""sel_fpr_req"": ""74"", ""sel_fpr_bid"": ""-98800"", ""buy_fpr_bid"": ""-98600"", ""buy_fpr_req"": ""1074"", ""buy_1th_pre_req_pre"": ""0"", ""buy_2th_pre_bid"": ""-98500"", ""buy_2th_pre_req"": ""556"", ""buy_2th_pre_req_pre"": ""0"", ""buy_3th_pre_bid"": ""-98400"", ""buy_3th_pre_req"": ""1446"", ""buy_3th_pre_req_pre"": ""0"", ""buy_4th_pre_bid"": ""-98300"", ""buy_4th_pre_req"": ""600"", ""buy_4th_pre_req_pre"": ""0"", ""buy_5th_pre_bid"": ""-98200"", ""buy_5th_pre_req"": ""1027"", ""buy_5th_pre_req_pre"": ""0"", ""buy_6th_pre_bid"": ""-98100"", ""buy_6th_pre_req"": ""691"", ""buy_6th_pre_req_pre"": ""0"", ""buy_7th_pre_bid"": ""-98000"", ""buy_7th_pre_req"": ""1781"", ""buy_7th_pre_req_pre"": ""0"", ""buy_8th_pre_bid"": ""-97900"", ""buy_8th_pre_req"": ""551"", ""buy_8th_pre_req_pre"": ""0"", ""buy_9th_pre_bid"": ""-97800"", ""buy_9th_pre_req"": ""382"", ""buy_9th_pre_req_pre"": ""0"", ""buy_10th_pre_bid"": ""-97700"", ""buy_10th_pre_req"": ""317"", ""buy_10th_pre_req_pre"": ""0"", ""tot_sel_req_jub_pre"": ""+152"", ""tot_sel_req"": ""3578"", ""tot_buy_req"": ""8425"", ""tot_buy_req_jub_pre"": ""0"", ""ovt_sel_req_pre"": ""0"", ""ovt_sel_req"": ""0"", ""ovt_buy_req"": ""0"", ""ovt_buy_req_pre"": ""0"", ""return_code"": 0, ""return_msg"": ""정상적으로 처리되었습니다""}"
2026-06-10,scan_candidate,034730,,0,main_scan,589000,,589000,588000,589000,587000,-0.5093378607809848,0.1697792869269949,,,,,,"{""bid_req_base_tm"": ""094533"", ""sel_10th_pre_req_pre"": ""0"", ""sel_10th_pre_req"": ""215"", ""sel_10th_pre_bid"": ""+598000"", ""sel_9th_pre_req_pre"": ""0"", ""sel_9th_pre_req"": ""95"", ""sel_9th_pre_bid"": ""+597000"", ""sel_8th_pre_req_pre"": ""0"", ""sel_8th_pre_req"": ""225"", ""sel_8th_pre_bid"": ""+596000"", ""sel_7th_pre_req_pre"": ""0"", ""sel_7th_pre_req"": ""70"", ""sel_7th_pre_bid"": ""+595000"", ""sel_6th_pre_req_pre"": ""0"", ""sel_6th_pre_req"": ""230"", ""sel_6th_pre_bid"": ""594000"", ""sel_5th_pre_req_pre"": ""0"", ""sel_5th_pre_req"": ""108"", ""sel_5th_pre_bid"": ""-593000"", ""sel_4th_pre_req_pre"": ""0"", ""sel_4th_pre_req"": ""43"", ""sel_4th_pre_bid"": ""-592000"", ""sel_3th_pre_req_pre"": ""0"", ""sel_3th_pre_req"": ""162"", ""sel_3th_pre_bid"": ""-591000"", ""sel_2th_pre_req_pre"": ""0"", ""sel_2th_pre_req"": ""65"", ""sel_2th_pre_bid"": ""-590000"", ""sel_1th_pre_req_pre"": ""+1"", ""sel_fpr_req"": ""179"", ""sel_fpr_bid"": ""-589000"", ""buy_fpr_bid"": ""-588000"", ""buy_fpr_req"": ""53"", ""buy_1th_pre_req_pre"": ""0"", ""buy_2th_pre_bid"": ""-587000"", ""buy_2th_pre_req"": ""69"", ""buy_2th_pre_req_pre"": ""0"", ""buy_3th_pre_bid"": ""-586000"", ""buy_3th_pre_req"": ""502"", ""buy_3th_pre_req_pre"": ""0"", ""buy_4th_pre_bid"": ""-585000"", ""buy_4th_pre_req"": ""136"", ""buy_4th_pre_req_pre"": ""0"", ""buy_5th_pre_bid"": ""-584000"", ""buy_5th_pre_req"": ""34"", ""buy_5th_pre_req_pre"": ""0"", ""buy_6th_pre_bid"": ""-583000"", ""buy_6th_pre_req"": ""17"", ""buy_6th_pre_req_pre"": ""0"", ""buy_7th_pre_bid"": ""-582000"", ""buy_7th_pre_req"": ""14"", ""buy_7th_pre_req_pre"": ""0"", ""buy_8th_pre_bid"": ""-581000"", ""buy_8th_pre_req"": ""8"", ""buy_8th_pre_req_pre"": ""0"", ""buy_9th_pre_bid"": ""-580000"", ""buy_9th_pre_req"": ""46"", ""buy_9th_pre_req_pre"": ""0"", ""buy_10th_pre_bid"": ""-579000"", ""buy_10th_pre_req"": ""13"", ""buy_10th_pre_req_pre"": ""0"", ""tot_sel_req_jub_pre"": ""+1"", ""tot_sel_req"": ""1392"", ""tot_buy_req"": ""892"", ""tot_buy_req_jub_pre"": ""0"", ""ovt_sel_req_pre"": ""0"", ""ovt_sel_req"": ""0"", ""ovt_buy_req"": ""0"", ""ovt_buy_req_pre"": ""0"", ""return_code"": 0, ""return_msg"": ""정상적으로 처리되었습니다""}"
2026-06-10,scan_candidate,066570,,0,main_scan,232500,,232500,232000,232500,234000,0.43010752688172044,0.21505376344086022,,,,,,"{""bid_req_base_tm"": ""094533"", ""sel_10th_pre_req_pre"": ""0"", ""sel_10th_pre_req"": ""1377"", ""sel_10th_pre_bid"": ""-237000"", ""sel_9th_pre_req_pre"": ""0"", ""sel_9th_pre_req"": ""554"", ""sel_9th_pre_bid"": ""-236500"", ""sel_8th_pre_req_pre"": ""--5"", ""sel_8th_pre_req"": ""2419"", ""sel_8th_pre_bid"": ""-236000"", ""sel_7th_pre_req_pre"": ""0"", ""sel_7th_pre_req"": ""329"", ""sel_7th_pre_bid"": ""-235500"", ""sel_6th_pre_req_pre"": ""0"", ""sel_6th_pre_req"": ""1583"", ""sel_6th_pre_bid"": ""-235000"", ""sel_5th_pre_req_pre"": ""0"", ""sel_5th_pre_req"": ""536"", ""sel_5th_pre_bid"": ""-234500"", ""sel_4th_pre_req_pre"": ""0"", ""sel_4th_pre_req"": ""385"", ""sel_4th_pre_bid"": ""-234000"", ""sel_3th_pre_req_pre"": ""0"", ""sel_3th_pre_req"": ""672"", ""sel_3th_pre_bid"": ""-233500"", ""sel_2th_pre_req_pre"": ""0"", ""sel_2th_pre_req"": ""2285"", ""sel_2th_pre_bid"": ""-233000"", ""sel_1th_pre_req_pre"": ""0"", ""sel_fpr_req"": ""5256"", ""sel_fpr_bid"": ""-232500"", ""buy_fpr_bid"": ""-232000"", ""buy_fpr_req"": ""6933"", ""buy_1th_pre_req_pre"": ""--10"", ""buy_2th_pre_bid"": ""-231500"", ""buy_2th_pre_req"": ""7970"", ""buy_2th_pre_req_pre"": ""0"", ""buy_3th_pre_bid"": ""-231000"", ""buy_3th_pre_req"": ""11628"", ""buy_3th_pre_req_pre"": ""0"", ""buy_4th_pre_bid"": ""-230500"", ""buy_4th_pre_req"": ""10914"", ""buy_4th_pre_req_pre"": ""0"", ""buy_5th_pre_bid"": ""-230000"", ""buy_5th_pre_req"": ""33786"", ""buy_5th_pre_req_pre"": ""0"", ""buy_6th_pre_bid"": ""-229500"", ""buy_6th_pre_req"": ""2867"", ""buy_6th_pre_req_pre"": ""0"", ""buy_7th_pre_bid"": ""-229000"", ""buy_7th_pre_req"": ""4874"", ""buy_7th_pre_req_pre"": ""0"", ""buy_8th_pre_bid"": ""-228500"", ""buy_8th_pre_req"": ""5301"", ""buy_8th_pre_req_pre"": ""0"", ""buy_9th_pre_bid"": ""-228000"", ""buy_9th_pre_req"": ""7787"", ""buy_9th_pre_req_pre"": ""0"", ""buy_10th_pre_bid"": ""-227500"", ""buy_10th_pre_req"": ""2674"", ""buy_10th_pre_req_pre"": ""0"", ""tot_sel_req_jub_pre"": ""--5"", ""tot_sel_req"": ""15396"", ""tot_buy_req"": ""94734"", ""tot_buy_req_jub_pre"": ""--10"", ""ovt_sel_req_pre"": ""0"", ""ovt_sel_req"": ""0"", ""ovt_buy_req"": ""0"", ""ovt_buy_req_pre"": ""0"", ""return_code"": 0, ""return_msg"": ""정상적으로 처리되었습니다""}"
2026-06-10,scan_candidate,035420,,0,main_scan,236500,,236500,236000,236500,238000,0.42283298097251587,0.21141649048625794,,,,,,"{""bid_req_base_tm"": ""094534"", ""sel_10th_pre_req_pre"": ""0"", ""sel_10th_pre_req"": ""2755"", ""sel_10th_pre_bid"": ""-241000"", ""sel_9th_pre_req_pre"": ""0"", ""sel_9th_pre_req"": ""2659"", ""sel_9th_pre_bid"": ""-240500"", ""sel_8th_pre_req_pre"": ""0"", ""sel_8th_pre_req"": ""2471"", ""sel_8th_pre_bid"": ""-240000"", ""sel_7th_pre_req_pre"": ""0"", ""sel_7th_pre_req"": ""850"", ""sel_7th_pre_bid"": ""-239500"", ""sel_6th_pre_req_pre"": ""0"", ""sel_6th_pre_req"": ""917"", ""sel_6th_pre_bid"": ""-239000"", ""sel_5th_pre_req_pre"": ""0"", ""sel_5th_pre_req"": ""1227"", ""sel_5th_pre_bid"": ""-238500"", ""sel_4th_pre_req_pre"": ""0"", ""sel_4th_pre_req"": ""1817"", ""sel_4th_pre_bid"": ""-238000"", ""sel_3th_pre_req_pre"": ""0"", ""sel_3th_pre_req"": ""1691"", ""sel_3th_pre_bid"": ""-237500"", ""sel_2th_pre_req_pre"": ""0"", ""sel_2th_pre_req"": ""3653"", ""sel_2th_pre_bid"": ""-237000"", ""sel_1th_pre_req_pre"": ""--52"", ""sel_fpr_req"": ""2441"", ""sel_fpr_bid"": ""-236500"", ""buy_fpr_bid"": ""-236000"", ""buy_fpr_req"": ""1764"", ""buy_1th_pre_req_pre"": ""0"", ""buy_2th_pre_bid"": ""-235500"", ""buy_2th_pre_req"": ""5966"", ""buy_2th_pre_req_pre"": ""--4"", ""buy_3th_pre_bid"": ""-235000"", ""buy_3th_pre_req"": ""25016"", ""buy_3th_pre_req_pre"": ""0"", ""buy_4th_pre_bid"": ""-234500"", ""buy_4th_pre_req"": ""53098"", ""buy_4th_pre_req_pre"": ""0"", ""buy_5th_pre_bid"": ""-234000"", ""buy_5th_pre_req"": ""7813"", ""buy_5th_pre_req_pre"": ""0"", ""buy_6th_pre_bid"": ""-233500"", ""buy_6th_pre_req"": ""4423"", ""buy_6th_pre_req_pre"": ""0"", ""buy_7th_pre_bid"": ""-233000"", ""buy_7th_pre_req"": ""8754"", ""buy_7th_pre_req_pre"": ""0"", ""buy_8th_pre_bid"": ""-232500"", ""buy_8th_pre_req"": ""5466"", ""buy_8th_pre_req_pre"": ""0"", ""buy_9th_pre_bid"": ""-232000"", ""buy_9th_pre_req"": ""8350"", ""buy_9th_pre_req_pre"": ""0"", ""buy_10th_pre_bid"": ""-231500"", ""buy_10th_pre_req"": ""5149"", ""buy_10th_pre_req_pre"": ""0"", ""tot_sel_req_jub_pre"": ""--52"", ""tot_sel_req"": ""20481"", ""tot_buy_req"": ""125799"", ""tot_buy_req_jub_pre"": ""--4"", ""ovt_sel_req_pre"": ""0"", ""ovt_sel_req"": ""0"", ""ovt_buy_req"": ""0"", ""ovt_buy_req_pre"": ""0"", ""return_code"": 0, ""return_msg"": ""정상적으로 처리되었습니다""}"
2026-06-10,scan_candidate,086790,,0,main_scan,118200,,118200,118100,118200,118000,-0.5922165820642978,0.08460236886632826,,,,,,"{""bid_req_base_tm"": ""094534"", ""sel_10th_pre_req_pre"": ""0"", ""sel_10th_pre_req"": ""9"", ""sel_10th_pre_bid"": ""+119100"", ""sel_9th_pre_req_pre"": ""0"", ""sel_9th_pre_req"": ""741"", ""sel_9th_pre_bid"": ""119000"", ""sel_8th_pre_req_pre"": ""0"", ""sel_8th_pre_req"": ""17"", ""sel_8th_pre_bid"": ""-118900"", ""sel_7th_pre_req_pre"": ""0"", ""sel_7th_pre_req"": ""116"", ""sel_7th_pre_bid"": ""-118800"", ""sel_6th_pre_req_pre"": ""0"", ""sel_6th_pre_req"": ""65"", ""sel_6th_pre_bid"": ""-118700"", ""sel_5th_pre_req_pre"": ""0"", ""sel_5th_pre_req"": ""179"", ""sel_5th_pre_bid"": ""-118600"", ""sel_4th_pre_req_pre"": ""0"", ""sel_4th_pre_req"": ""41"", ""sel_4th_pre_bid"": ""-118500"", ""sel_3th_pre_req_pre"": ""0"", ""sel_3th_pre_req"": ""411"", ""sel_3th_pre_bid"": ""-118400"", ""sel_2th_pre_req_pre"": ""+3"", ""sel_2th_pre_req"": ""51"", ""sel_2th_pre_bid"": ""-118300"", ""sel_1th_pre_req_pre"": ""0"", ""sel_fpr_req"": ""353"", ""sel_fpr_bid"": ""-118200"", ""buy_fpr_bid"": ""-118100"", ""buy_fpr_req"": ""84"", ""buy_1th_pre_req_pre"": ""0"", ""buy_2th_pre_bid"": ""-118000"", ""buy_2th_pre_req"": ""174"", ""buy_2th_pre_req_pre"": ""0"", ""buy_3th_pre_bid"": ""-117900"", ""buy_3th_pre_req"": ""425"", ""buy_3th_pre_req_pre"": ""0"", ""buy_4th_pre_bid"": ""-117800"", ""buy_4th_pre_req"": ""607"", ""buy_4th_pre_req_pre"": ""0"", ""buy_5th_pre_bid"": ""-117700"", ""buy_5th_pre_req"": ""26"", ""buy_5th_pre_req_pre"": ""0"", ""buy_6th_pre_bid"": ""-117600"", ""buy_6th_pre_req"": ""91"", ""buy_6th_pre_req_pre"": ""0"", ""buy_7th_pre_bid"": ""-117500"", ""buy_7th_pre_req"": ""610"", ""buy_7th_pre_req_pre"": ""0"", ""buy_8th_pre_bid"": ""-117400"", ""buy_8th_pre_req"": ""53"", ""buy_8th_pre_req_pre"": ""0"", ""buy_9th_pre_bid"": ""-117300"", ""buy_9th_pre_req"": ""125"", ""buy_9th_pre_req_pre"": ""0"", ""buy_10th_pre_bid"": ""-117200"", ""buy_10th_pre_req"": ""142"", ""buy_10th_pre_req_pre"": ""0"", ""tot_sel_req_jub_pre"": ""+3"", ""tot_sel_req"": ""1983"", ""tot_buy_req"": ""2337"", ""tot_buy_req_jub_pre"": ""0"", ""ovt_sel_req_pre"": ""0"", ""ovt_sel_req"": ""0"", ""ovt_buy_req"": ""0"", ""ovt_buy_req_pre"": ""0"", ""return_code"": 0, ""return_msg"": ""정상적으로 처리되었습니다""}"
2026-06-10,scan_candidate,000810,,0,main_scan,611000,,611000,610000,611000,609000,-0.4909983633387889,0.16366612111292964,,,,,,"{""bid_req_base_tm"": ""094533"", ""sel_10th_pre_req_pre"": ""0"", ""sel_10th_pre_req"": ""38"", ""sel_10th_pre_bid"": ""-620000"", ""sel_9th_pre_req_pre"": ""0"", ""sel_9th_pre_req"": ""7"", ""sel_9th_pre_bid"": ""-619000"", ""sel_8th_pre_req_pre"": ""0"", ""sel_8th_pre_req"": ""39"", ""sel_8th_pre_bid"": ""-618000"", ""sel_7th_pre_req_pre"": ""0"", ""sel_7th_pre_req"": ""7"", ""sel_7th_pre_bid"": ""-617000"", ""sel_6th_pre_req_pre"": ""0"", ""sel_6th_pre_req"": ""12"", ""sel_6th_pre_bid"": ""-616000"", ""sel_5th_pre_req_pre"": ""0"", ""sel_5th_pre_req"": ""21"", ""sel_5th_pre_bid"": ""-615000"", ""sel_4th_pre_req_pre"": ""0"", ""sel_4th_pre_req"": ""9"", ""sel_4th_pre_bid"": ""-614000"", ""sel_3th_pre_req_pre"": ""0"", ""sel_3th_pre_req"": ""41"", ""sel_3th_pre_bid"": ""-613000"", ""sel_2th_pre_req_pre"": ""0"", ""sel_2th_pre_req"": ""56"", ""sel_2th_pre_bid"": ""-612000"", ""sel_1th_pre_req_pre"": ""0"", ""sel_fpr_req"": ""210"", ""sel_fpr_bid"": ""-611000"", ""buy_fpr_bid"": ""-610000"", ""buy_fpr_req"": ""95"", ""buy_1th_pre_req_pre"": ""--10"", ""buy_2th_pre_bid"": ""-609000"", ""buy_2th_pre_req"": ""7"", ""buy_2th_pre_req_pre"": ""0"", ""buy_3th_pre_bid"": ""-608000"", ""buy_3th_pre_req"": ""11"", ""buy_3th_pre_req_pre"": ""0"", ""buy_4th_pre_bid"": ""-607000"", ""buy_4th_pre_req"": ""30"", ""buy_4th_pre_req_pre"": ""0"", ""buy_5th_pre_bid"": ""-606000"", ""buy_5th_pre_req"": ""18"", ""buy_5th_pre_req_pre"": ""0"", ""buy_6th_pre_bid"": ""-605000"", ""buy_6th_pre_req"": ""40"", ""buy_6th_pre_req_pre"": ""0"", ""buy_7th_pre_bid"": ""-604000"", ""buy_7th_pre_req"": ""27"", ""buy_7th_pre_req_pre"": ""0"", ""buy_8th_pre_bid"": ""-603000"", ""buy_8th_pre_req"": ""58"", ""buy_8th_pre_req_pre"": ""0"", ""buy_9th_pre_bid"": ""-602000"", ""buy_9th_pre_req"": ""15"", ""buy_9th_pre_req_pre"": ""0"", ""buy_10th_pre_bid"": ""-601000"", ""buy_10th_pre_req"": ""78"", ""buy_10th_pre_req_pre"": ""0"", ""tot_sel_req_jub_pre"": ""0"", ""tot_sel_req"": ""440"", ""tot_buy_req"": ""379"", ""tot_buy_req_jub_pre"": ""--10"", ""ovt_sel_req_pre"": ""0"", ""ovt_sel_req"": ""0"", ""ovt_buy_req"": ""0"", ""ovt_buy_req_pre"": ""0"", ""return_code"": 0, ""return_msg"": ""정상적으로 처리되었습니다""}"
2026-06-10,scan_candidate,011070,,0,main_scan,1073000,,1073000,1072000,1073000,1076000,0.1863932898415657,0.09319664492078285,,,,,,"{""bid_req_base_tm"": ""094534"", ""sel_10th_pre_req_pre"": ""0"", ""sel_10th_pre_req"": ""30"", ""sel_10th_pre_bid"": ""-1082000"", ""sel_9th_pre_req_pre"": ""0"", ""sel_9th_pre_req"": ""40"", ""sel_9th_pre_bid"": ""-1081000"", ""sel_8th_pre_req_pre"": ""0"", ""sel_8th_pre_req"": ""2"", ""sel_8th_pre_bid"": ""-1080000"", ""sel_7th_pre_req_pre"": ""0"", ""sel_7th_pre_req"": ""74"", ""sel_7th_pre_bid"": ""-1079000"", ""sel_6th_pre_req_pre"": ""0"", ""sel_6th_pre_req"": ""23"", ""sel_6th_pre_bid"": ""-1078000"", ""sel_5th_pre_req_pre"": ""0"", ""sel_5th_pre_req"": ""74"", ""sel_5th_pre_bid"": ""-1077000"", ""sel_4th_pre_req_pre"": ""0"", ""sel_4th_pre_req"": ""92"", ""sel_4th_pre_bid"": ""-1076000"", ""sel_3th_pre_req_pre"": ""0"", ""sel_3th_pre_req"": ""108"", ""sel_3th_pre_bid"": ""-1075000"", ""sel_2th_pre_req_pre"": ""0"", ""sel_2th_pre_req"": ""67"", ""sel_2th_pre_bid"": ""-1074000"", ""sel_1th_pre_req_pre"": ""0"", ""sel_fpr_req"": ""6"", ""sel_fpr_bid"": ""-1073000"", ""buy_fpr_bid"": ""-1072000"", ""buy_fpr_req"": ""96"", ""buy_1th_pre_req_pre"": ""0"", ""buy_2th_pre_bid"": ""-1071000"", ""buy_2th_pre_req"": ""192"", ""buy_2th_pre_req_pre"": ""0"", ""buy_3th_pre_bid"": ""-1070000"", ""buy_3th_pre_req"": ""350"", ""buy_3th_pre_req_pre"": ""0"", ""buy_4th_pre_bid"": ""-1069000"", ""buy_4th_pre_req"": ""234"", ""buy_4th_pre_req_pre"": ""0"", ""buy_5th_pre_bid"": ""-1068000"", ""buy_5th_pre_req"": ""70"", ""buy_5th_pre_req_pre"": ""0"", ""buy_6th_pre_bid"": ""-1067000"", ""buy_6th_pre_req"": ""88"", ""buy_6th_pre_req_pre"": ""0"", ""buy_7th_pre_bid"": ""-1066000"", ""buy_7th_pre_req"": ""155"", ""buy_7th_pre_req_pre"": ""0"", ""buy_8th_pre_bid"": ""-1065000"", ""buy_8th_pre_req"": ""122"", ""buy_8th_pre_req_pre"": ""0"", ""buy_9th_pre_bid"": ""-1064000"", ""buy_9th_pre_req"": ""35"", ""buy_9th_pre_req_pre"": ""0"", ""buy_10th_pre_bid"": ""-1063000"", ""buy_10th_pre_req"": ""44"", ""buy_10th_pre_req_pre"": ""0"", ""tot_sel_req_jub_pre"": ""0"", ""tot_sel_req"": ""516"", ""tot_buy_req"": ""1386"", ""tot_buy_req_jub_pre"": ""0"", ""ovt_sel_req_pre"": ""0"", ""ovt_sel_req"": ""0"", ""ovt_buy_req"": ""0"", ""ovt_buy_req_pre"": ""0"", ""return_code"": 0, ""return_msg"": ""정상적으로 처리되었습니다""}"
2026-06-10,scan_candidate,042700,,0,main_scan,288000,,288000,287500,288000,288000,-0.1736111111111111,0.1736111111111111,,,,,,"{""bid_req_base_tm"": ""094534"", ""sel_10th_pre_req_pre"": ""0"", ""sel_10th_pre_req"": ""247"", ""sel_10th_pre_bid"": ""+292500"", ""sel_9th_pre_req_pre"": ""0"", ""sel_9th_pre_req"": ""59"", ""sel_9th_pre_bid"": ""+292000"", ""sel_8th_pre_req_pre"": ""0"", ""sel_8th_pre_req"": ""59"", ""sel_8th_pre_bid"": ""+291500"", ""sel_7th_pre_req_pre"": ""0"", ""sel_7th_pre_req"": ""395"", ""sel_7th_pre_bid"": ""+291000"", ""sel_6th_pre_req_pre"": ""+5"", ""sel_6th_pre_req"": ""90"", ""sel_6th_pre_bid"": ""+290500"", ""sel_5th_pre_req_pre"": ""0"", ""sel_5th_pre_req"": ""310"", ""sel_5th_pre_bid"": ""+290000"", ""sel_4th_pre_req_pre"": ""0"", ""sel_4th_pre_req"": ""59"", ""sel_4th_pre_bid"": ""+289500"", ""sel_3th_pre_req_pre"": ""0"", ""sel_3th_pre_req"": ""222"", ""sel_3th_pre_bid"": ""+289000"", ""sel_2th_pre_req_pre"": ""0"", ""sel_2th_pre_req"": ""829"", ""sel_2th_pre_bid"": ""+288500"", ""sel_1th_pre_req_pre"": ""0"", ""sel_fpr_req"": ""203"", ""sel_fpr_bid"": ""+288000"", ""buy_fpr_bid"": ""+287500"", ""buy_fpr_req"": ""67"", ""buy_1th_pre_req_pre"": ""+16"", ""buy_2th_pre_bid"": ""+287000"", ""buy_2th_pre_req"": ""127"", ""buy_2th_pre_req_pre"": ""0"", ""buy_3th_pre_bid"": ""+286500"", ""buy_3th_pre_req"": ""210"", ""buy_3th_pre_req_pre"": ""0"", ""buy_4th_pre_bid"": ""+286000"", ""buy_4th_pre_req"": ""230"", ""buy_4th_pre_req_pre"": ""0"", ""buy_5th_pre_bid"": ""+285500"", ""buy_5th_pre_req"": ""211"", ""buy_5th_pre_req_pre"": ""0"", ""buy_6th_pre_bid"": ""+285000"", ""buy_6th_pre_req"": ""600"", ""buy_6th_pre_req_pre"": ""0"", ""buy_7th_pre_bid"": ""+284500"", ""buy_7th_pre_req"": ""178"", ""buy_7th_pre_req_pre"": ""0"", ""buy_8th_pre_bid"": ""+284000"", ""buy_8th_pre_req"": ""2547"", ""buy_8th_pre_req_pre"": ""0"", ""buy_9th_pre_bid"": ""+283500"", ""buy_9th_pre_req"": ""232"", ""buy_9th_pre_req_pre"": ""+2"", ""buy_10th_pre_bid"": ""+283000"", ""buy_10th_pre_req"": ""363"", ""buy_10th_pre_req_pre"": ""0"", ""tot_sel_req_jub_pre"": ""+5"", ""tot_sel_req"": ""2473"", ""tot_buy_req"": ""4765"", ""tot_buy_req_jub_pre"": ""+18"", ""ovt_sel_req_pre"": ""0"", ""ovt_sel_req"": ""0"", ""ovt_buy_req"": ""0"", ""ovt_buy_req_pre"": ""0"", ""return_code"": 0, ""return_msg"": ""정상적으로 처리되었습니다""}"
2026-06-10,scan_candidate,017670,,0,main_scan,106900,,106900,106800,106900,107000,-0.37418147801683815,0.09354536950420954,,,,,,"{""bid_req_base_tm"": ""094534"", ""sel_10th_pre_req_pre"": ""0"", ""sel_10th_pre_req"": ""345"", ""sel_10th_pre_bid"": ""-107800"", ""sel_9th_pre_req_pre"": ""0"", ""sel_9th_pre_req"": ""300"", ""sel_9th_pre_bid"": ""-107700"", ""sel_8th_pre_req_pre"": ""0"", ""sel_8th_pre_req"": ""21"", ""sel_8th_pre_bid"": ""-107600"", ""sel_7th_pre_req_pre"": ""0"", ""sel_7th_pre_req"": ""136"", ""sel_7th_pre_bid"": ""-107500"", ""sel_6th_pre_req_pre"": ""0"", ""sel_6th_pre_req"": ""74"", ""sel_6th_pre_bid"": ""-107400"", ""sel_5th_pre_req_pre"": ""0"", ""sel_5th_pre_req"": ""27"", ""sel_5th_pre_bid"": ""-107300"", ""sel_4th_pre_req_pre"": ""0"", ""sel_4th_pre_req"": ""323"", ""sel_4th_pre_bid"": ""-107200"", ""sel_3th_pre_req_pre"": ""0"", ""sel_3th_pre_req"": ""121"", ""sel_3th_pre_bid"": ""-107100"", ""sel_2th_pre_req_pre"": ""0"", ""sel_2th_pre_req"": ""358"", ""sel_2th_pre_bid"": ""-107000"", ""sel_1th_pre_req_pre"": ""--10"", ""sel_fpr_req"": ""1012"", ""sel_fpr_bid"": ""-106900"", ""buy_fpr_bid"": ""-106800"", ""buy_fpr_req"": ""100"", ""buy_1th_pre_req_pre"": ""0"", ""buy_2th_pre_bid"": ""-106700"", ""buy_2th_pre_req"": ""579"", ""buy_2th_pre_req_pre"": ""0"", ""buy_3th_pre_bid"": ""-106600"", ""buy_3th_pre_req"": ""599"", ""buy_3th_pre_req_pre"": ""0"", ""buy_4th_pre_bid"": ""-106500"", ""buy_4th_pre_req"": ""1599"", ""buy_4th_pre_req_pre"": ""0"", ""buy_5th_pre_bid"": ""-106400"", ""buy_5th_pre_req"": ""331"", ""buy_5th_pre_req_pre"": ""0"", ""buy_6th_pre_bid"": ""-106300"", ""buy_6th_pre_req"": ""467"", ""buy_6th_pre_req_pre"": ""0"", ""buy_7th_pre_bid"": ""-106200"", ""buy_7th_pre_req"": ""342"", ""buy_7th_pre_req_pre"": ""0"", ""buy_8th_pre_bid"": ""-106100"", ""buy_8th_pre_req"": ""471"", ""buy_8th_pre_req_pre"": ""0"", ""buy_9th_pre_bid"": ""-106000"", ""buy_9th_pre_req"": ""867"", ""buy_9th_pre_req_pre"": ""0"", ""buy_10th_pre_bid"": ""-105900"", ""buy_10th_pre_req"": ""190"", ""buy_10th_pre_req_pre"": ""0"", ""tot_sel_req_jub_pre"": ""--10"", ""tot_sel_req"": ""2717"", ""tot_buy_req"": ""5545"", ""tot_buy_req_jub_pre"": ""0"", ""ovt_sel_req_pre"": ""0"", ""ovt_sel_req"": ""0"", ""ovt_buy_req"": ""0"", ""ovt_buy_req_pre"": ""0"", ""return_code"": 0, ""return_msg"": ""정상적으로 처리되었습니다""}"
2026-06-10,scan_candidate,018260,,0,main_scan,234000,,234000,233500,234000,235500,0.4273504273504274,0.2136752136752137,,,,,,"{""bid_req_base_tm"": ""094535"", ""sel_10th_pre_req_pre"": ""0"", ""sel_10th_pre_req"": ""79"", ""sel_10th_pre_bid"": ""-238500"", ""sel_9th_pre_req_pre"": ""0"", ""sel_9th_pre_req"": ""101"", ""sel_9th_pre_bid"": ""-238000"", ""sel_8th_pre_req_pre"": ""0"", ""sel_8th_pre_req"": ""246"", ""sel_8th_pre_bid"": ""-237500"", ""sel_7th_pre_req_pre"": ""0"", ""sel_7th_pre_req"": ""30"", ""sel_7th_pre_bid"": ""-237000"", ""sel_6th_pre_req_pre"": ""0"", ""sel_6th_pre_req"": ""41"", ""sel_6th_pre_bid"": ""-236500"", ""sel_5th_pre_req_pre"": ""0"", ""sel_5th_pre_req"": ""69"", ""sel_5th_pre_bid"": ""-236000"", ""sel_4th_pre_req_pre"": ""0"", ""sel_4th_pre_req"": ""11"", ""sel_4th_pre_bid"": ""-235500"", ""sel_3th_pre_req_pre"": ""0"", ""sel_3th_pre_req"": ""74"", ""sel_3th_pre_bid"": ""-235000"", ""sel_2th_pre_req_pre"": ""0"", ""sel_2th_pre_req"": ""203"", ""sel_2th_pre_bid"": ""-234500"", ""sel_1th_pre_req_pre"": ""+1"", ""sel_fpr_req"": ""5"", ""sel_fpr_bid"": ""-234000"", ""buy_fpr_bid"": ""-233500"", ""buy_fpr_req"": ""124"", ""buy_1th_pre_req_pre"": ""0"", ""buy_2th_pre_bid"": ""-233000"", ""buy_2th_pre_req"": ""257"", ""buy_2th_pre_req_pre"": ""0"", ""buy_3th_pre_bid"": ""-232500"", ""buy_3th_pre_req"": ""566"", ""buy_3th_pre_req_pre"": ""0"", ""buy_4th_pre_bid"": ""-232000"", ""buy_4th_pre_req"": ""1184"", ""buy_4th_pre_req_pre"": ""0"", ""buy_5th_pre_bid"": ""-231500"", ""buy_5th_pre_req"": ""500"", ""buy_5th_pre_req_pre"": ""0"", ""buy_6th_pre_bid"": ""-231000"", ""buy_6th_pre_req"": ""1226"", ""buy_6th_pre_req_pre"": ""0"", ""buy_7th_pre_bid"": ""-230500"", ""buy_7th_pre_req"": ""856"", ""buy_7th_pre_req_pre"": ""0"", ""buy_8th_pre_bid"": ""-230000"", ""buy_8th_pre_req"": ""2345"", ""buy_8th_pre_req_pre"": ""0"", ""buy_9th_pre_bid"": ""-229500"", ""buy_9th_pre_req"": ""535"", ""buy_9th_pre_req_pre"": ""0"", ""buy_10th_pre_bid"": ""-229000"", ""buy_10th_pre_req"": ""974"", ""buy_10th_pre_req_pre"": ""0"", ""tot_sel_req_jub_pre"": ""+1"", ""tot_sel_req"": ""859"", ""tot_buy_req"": ""8567"", ""tot_buy_req_jub_pre"": ""0"", ""ovt_sel_req_pre"": ""0"", ""ovt_sel_req"": ""0"", ""ovt_buy_req"": ""0"", ""ovt_buy_req_pre"": ""0"", ""return_code"": 0, ""return_msg"": ""정상적으로 처리되었습니다""}"
2026-06-10,scan_candidate,033780,,0,main_scan,185100,,185100,185000,185100,185000,-0.3241491085899514,0.05402485143165856,,,,,,"{""bid_req_base_tm"": ""094534"", ""sel_10th_pre_req_pre"": ""0"", ""sel_10th_pre_req"": ""810"", ""sel_10th_pre_bid"": ""+186000"", ""sel_9th_pre_req_pre"": ""0"", ""sel_9th_pre_req"": ""118"", ""sel_9th_pre_bid"": ""+185900"", ""sel_8th_pre_req_pre"": ""0"", ""sel_8th_pre_req"": ""185"", ""sel_8th_pre_bid"": ""+185800"", ""sel_7th_pre_req_pre"": ""0"", ""sel_7th_pre_req"": ""201"", ""sel_7th_pre_bid"": ""+185700"", ""sel_6th_pre_req_pre"": ""--1"", ""sel_6th_pre_req"": ""338"", ""sel_6th_pre_bid"": ""+185600"", ""sel_5th_pre_req_pre"": ""+1"", ""sel_5th_pre_req"": ""693"", ""sel_5th_pre_bid"": ""+185500"", ""sel_4th_pre_req_pre"": ""0"", ""sel_4th_pre_req"": ""765"", ""sel_4th_pre_bid"": ""+185400"", ""sel_3th_pre_req_pre"": ""0"", ""sel_3th_pre_req"": ""23"", ""sel_3th_pre_bid"": ""+185300"", ""sel_2th_pre_req_pre"": ""0"", ""sel_2th_pre_req"": ""18"", ""sel_2th_pre_bid"": ""+185200"", ""sel_1th_pre_req_pre"": ""0"", ""sel_fpr_req"": ""178"", ""sel_fpr_bid"": ""+185100"", ""buy_fpr_bid"": ""+185000"", ""buy_fpr_req"": ""891"", ""buy_1th_pre_req_pre"": ""0"", ""buy_2th_pre_bid"": ""+184900"", ""buy_2th_pre_req"": ""11"", ""buy_2th_pre_req_pre"": ""0"", ""buy_3th_pre_bid"": ""+184800"", ""buy_3th_pre_req"": ""128"", ""buy_3th_pre_req_pre"": ""0"", ""buy_4th_pre_bid"": ""+184700"", ""buy_4th_pre_req"": ""119"", ""buy_4th_pre_req_pre"": ""0"", ""buy_5th_pre_bid"": ""+184600"", ""buy_5th_pre_req"": ""10"", ""buy_5th_pre_req_pre"": ""0"", ""buy_6th_pre_bid"": ""+184500"", ""buy_6th_pre_req"": ""197"", ""buy_6th_pre_req_pre"": ""0"", ""buy_7th_pre_bid"": ""+184400"", ""buy_7th_pre_req"": ""78"", ""buy_7th_pre_req_pre"": ""0"", ""buy_8th_pre_bid"": ""184300"", ""buy_8th_pre_req"": ""406"", ""buy_8th_pre_req_pre"": ""0"", ""buy_9th_pre_bid"": ""-184200"", ""buy_9th_pre_req"": ""260"", ""buy_9th_pre_req_pre"": ""0"", ""buy_10th_pre_bid"": ""-184100"", ""buy_10th_pre_req"": ""359"", ""buy_10th_pre_req_pre"": ""0"", ""tot_sel_req_jub_pre"": ""0"", ""tot_sel_req"": ""3329"", ""tot_buy_req"": ""2459"", ""tot_buy_req_jub_pre"": ""0"", ""ovt_sel_req_pre"": ""0"", ""ovt_sel_req"": ""0"", ""ovt_buy_req"": ""0"", ""ovt_buy_req_pre"": ""0"", ""return_code"": 0, ""return_msg"": ""정상적으로 처리되었습니다""}"
2026-06-10,scan_candidate,307950,,0,main_scan,702000,,702000,700000,702000,705000,0.2849002849002849,0.2849002849002849,,,,,,"{""bid_req_base_tm"": ""094535"", ""sel_10th_pre_req_pre"": ""0"", ""sel_10th_pre_req"": ""23"", ""sel_10th_pre_bid"": ""+711000"", ""sel_9th_pre_req_pre"": ""0"", ""sel_9th_pre_req"": ""41"", ""sel_9th_pre_bid"": ""+710000"", ""sel_8th_pre_req_pre"": ""0"", ""sel_8th_pre_req"": ""17"", ""sel_8th_pre_bid"": ""+709000"", ""sel_7th_pre_req_pre"": ""0"", ""sel_7th_pre_req"": ""113"", ""sel_7th_pre_bid"": ""+708000"", ""sel_6th_pre_req_pre"": ""0"", ""sel_6th_pre_req"": ""32"", ""sel_6th_pre_bid"": ""+707000"", ""sel_5th_pre_req_pre"": ""0"", ""sel_5th_pre_req"": ""21"", ""sel_5th_pre_bid"": ""+706000"", ""sel_4th_pre_req_pre"": ""0"", ""sel_4th_pre_req"": ""48"", ""sel_4th_pre_bid"": ""+705000"", ""sel_3th_pre_req_pre"": ""0"", ""sel_3th_pre_req"": ""51"", ""sel_3th_pre_bid"": ""+704000"", ""sel_2th_pre_req_pre"": ""0"", ""sel_2th_pre_req"": ""8"", ""sel_2th_pre_bid"": ""+703000"", ""sel_1th_pre_req_pre"": ""0"", ""sel_fpr_req"": ""7"", ""sel_fpr_bid"": ""+702000"", ""buy_fpr_bid"": ""+700000"", ""buy_fpr_req"": ""168"", ""buy_1th_pre_req_pre"": ""0"", ""buy_2th_pre_bid"": ""+699000"", ""buy_2th_pre_req"": ""216"", ""buy_2th_pre_req_pre"": ""0"", ""buy_3th_pre_bid"": ""+698000"", ""buy_3th_pre_req"": ""129"", ""buy_3th_pre_req_pre"": ""0"", ""buy_4th_pre_bid"": ""+697000"", ""buy_4th_pre_req"": ""132"", ""buy_4th_pre_req_pre"": ""0"", ""buy_5th_pre_bid"": ""+696000"", ""buy_5th_pre_req"": ""182"", ""buy_5th_pre_req_pre"": ""0"", ""buy_6th_pre_bid"": ""+695000"", ""buy_6th_pre_req"": ""183"", ""buy_6th_pre_req_pre"": ""0"", ""buy_7th_pre_bid"": ""+694000"", ""buy_7th_pre_req"": ""127"", ""buy_7th_pre_req_pre"": ""0"", ""buy_8th_pre_bid"": ""+693000"", ""buy_8th_pre_req"": ""55"", ""buy_8th_pre_req_pre"": ""0"", ""buy_9th_pre_bid"": ""+692000"", ""buy_9th_pre_req"": ""61"", ""buy_9th_pre_req_pre"": ""0"", ""buy_10th_pre_bid"": ""+691000"", ""buy_10th_pre_req"": ""208"", ""buy_10th_pre_req_pre"": ""0"", ""tot_sel_req_jub_pre"": ""0"", ""tot_sel_req"": ""361"", ""tot_buy_req"": ""1461"", ""tot_buy_req_jub_pre"": ""0"", ""ovt_sel_req_pre"": ""0"", ""ovt_sel_req"": ""0"", ""ovt_buy_req"": ""0"", ""ovt_buy_req_pre"": ""0"", ""return_code"": 0, ""return_msg"": ""정상적으로 처리되었습니다""}"
2026-06-10,scan_candidate,138040,,0,main_scan,108200,,108200,108000,108200,108500,-0.18484288354898337,0.18484288354898337,,,,,,"{""bid_req_base_tm"": ""094535"", ""sel_10th_pre_req_pre"": ""0"", ""sel_10th_pre_req"": ""6"", ""sel_10th_pre_bid"": ""+109400"", ""sel_9th_pre_req_pre"": ""0"", ""sel_9th_pre_req"": ""201"", ""sel_9th_pre_bid"": ""+109300"", ""sel_8th_pre_req_pre"": ""0"", ""sel_8th_pre_req"": ""12"", ""sel_8th_pre_bid"": ""+109200"", ""sel_7th_pre_req_pre"": ""0"", ""sel_7th_pre_req"": ""26"", ""sel_7th_pre_bid"": ""109100"", ""sel_6th_pre_req_pre"": ""0"", ""sel_6th_pre_req"": ""533"", ""sel_6th_pre_bid"": ""-109000"", ""sel_5th_pre_req_pre"": ""0"", ""sel_5th_pre_req"": ""7"", ""sel_5th_pre_bid"": ""-108900"", ""sel_4th_pre_req_pre"": ""0"", ""sel_4th_pre_req"": ""1"", ""sel_4th_pre_bid"": ""-108600"", ""sel_3th_pre_req_pre"": ""0"", ""sel_3th_pre_req"": ""40"", ""sel_3th_pre_bid"": ""-108500"", ""sel_2th_pre_req_pre"": ""0"", ""sel_2th_pre_req"": ""19"", ""sel_2th_pre_bid"": ""-108300"", ""sel_1th_pre_req_pre"": ""0"", ""sel_fpr_req"": ""564"", ""sel_fpr_bid"": ""-108200"", ""buy_fpr_bid"": ""-108000"", ""buy_fpr_req"": ""504"", ""buy_1th_pre_req_pre"": ""+1"", ""buy_2th_pre_bid"": ""-107900"", ""buy_2th_pre_req"": ""801"", ""buy_2th_pre_req_pre"": ""0"", ""buy_3th_pre_bid"": ""-107800"", ""buy_3th_pre_req"": ""605"", ""buy_3th_pre_req_pre"": ""0"", ""buy_4th_pre_bid"": ""-107700"", ""buy_4th_pre_req"": ""133"", ""buy_4th_pre_req_pre"": ""0"", ""buy_5th_pre_bid"": ""-107600"", ""buy_5th_pre_req"": ""34"", ""buy_5th_pre_req_pre"": ""0"", ""buy_6th_pre_bid"": ""-107500"", ""buy_6th_pre_req"": ""754"", ""buy_6th_pre_req_pre"": ""0"", ""buy_7th_pre_bid"": ""-107400"", ""buy_7th_pre_req"": ""325"", ""buy_7th_pre_req_pre"": ""0"", ""buy_8th_pre_bid"": ""-107300"", ""buy_8th_pre_req"": ""128"", ""buy_8th_pre_req_pre"": ""0"", ""buy_9th_pre_bid"": ""-107200"", ""buy_9th_pre_req"": ""184"", ""buy_9th_pre_req_pre"": ""0"", ""buy_10th_pre_bid"": ""-107100"", ""buy_10th_pre_req"": ""674"", ""buy_10th_pre_req_pre"": ""0"", ""tot_sel_req_jub_pre"": ""0"", ""tot_sel_req"": ""1409"", ""tot_buy_req"": ""4142"", ""tot_buy_req_jub_pre"": ""+1"", ""ovt_sel_req_pre"": ""0"", ""ovt_sel_req"": ""0"", ""ovt_buy_req"": ""0"", ""ovt_buy_req_pre"": ""0"", ""return_code"": 0, ""return_msg"": ""정상적으로 처리되었습니다""}"
2026-06-10,scan_candidate,003550,,0,main_scan,108400,,108400,108300,108400,108000,-0.8302583025830259,0.09225092250922509,,,,,,"{""bid_req_base_tm"": ""094535"", ""sel_10th_pre_req_pre"": ""0"", ""sel_10th_pre_req"": ""81"", ""sel_10th_pre_bid"": ""-109400"", ""sel_9th_pre_req_pre"": ""0"", ""sel_9th_pre_req"": ""323"", ""sel_9th_pre_bid"": ""-109300"", ""sel_8th_pre_req_pre"": ""0"", ""sel_8th_pre_req"": ""62"", ""sel_8th_pre_bid"": ""-109100"", ""sel_7th_pre_req_pre"": ""0"", ""sel_7th_pre_req"": ""12"", ""sel_7th_pre_bid"": ""-109000"", ""sel_6th_pre_req_pre"": ""0"", ""sel_6th_pre_req"": ""6"", ""sel_6th_pre_bid"": ""-108900"", ""sel_5th_pre_req_pre"": ""0"", ""sel_5th_pre_req"": ""1"", ""sel_5th_pre_bid"": ""-108800"", ""sel_4th_pre_req_pre"": ""0"", ""sel_4th_pre_req"": ""160"", ""sel_4th_pre_bid"": ""-108700"", ""sel_3th_pre_req_pre"": ""0"", ""sel_3th_pre_req"": ""495"", ""sel_3th_pre_bid"": ""-108600"", ""sel_2th_pre_req_pre"": ""0"", ""sel_2th_pre_req"": ""749"", ""sel_2th_pre_bid"": ""-108500"", ""sel_1th_pre_req_pre"": ""0"", ""sel_fpr_req"": ""121"", ""sel_fpr_bid"": ""-108400"", ""buy_fpr_bid"": ""-108300"", ""buy_fpr_req"": ""142"", ""buy_1th_pre_req_pre"": ""+1"", ""buy_2th_pre_bid"": ""-108200"", ""buy_2th_pre_req"": ""74"", ""buy_2th_pre_req_pre"": ""+10"", ""buy_3th_pre_bid"": ""-108100"", ""buy_3th_pre_req"": ""76"", ""buy_3th_pre_req_pre"": ""0"", ""buy_4th_pre_bid"": ""-108000"", ""buy_4th_pre_req"": ""419"", ""buy_4th_pre_req_pre"": ""0"", ""buy_5th_pre_bid"": ""-107900"", ""buy_5th_pre_req"": ""34"", ""buy_5th_pre_req_pre"": ""0"", ""buy_6th_pre_bid"": ""-107800"", ""buy_6th_pre_req"": ""9"", ""buy_6th_pre_req_pre"": ""0"", ""buy_7th_pre_bid"": ""-107700"", ""buy_7th_pre_req"": ""8"", ""buy_7th_pre_req_pre"": ""0"", ""buy_8th_pre_bid"": ""-107600"", ""buy_8th_pre_req"": ""10"", ""buy_8th_pre_req_pre"": ""0"", ""buy_9th_pre_bid"": ""-107500"", ""buy_9th_pre_req"": ""127"", ""buy_9th_pre_req_pre"": ""0"", ""buy_10th_pre_bid"": ""-107400"", ""buy_10th_pre_req"": ""23"", ""buy_10th_pre_req_pre"": ""0"", ""tot_sel_req_jub_pre"": ""0"", ""tot_sel_req"": ""2010"", ""tot_buy_req"": ""922"", ""tot_buy_req_jub_pre"": ""+11"", ""ovt_sel_req_pre"": ""0"", ""ovt_sel_req"": ""0"", ""ovt_buy_req"": ""0"", ""ovt_buy_req_pre"": ""0"", ""return_code"": 0, ""return_msg"": ""정상적으로 처리되었습니다""}"
2026-06-10,scan_candidate,024110,,0,main_scan,20900,,20900,20850,20900,20750,-0.9569377990430622,0.23923444976076555,,,,,,"{""bid_req_base_tm"": ""094534"", ""sel_10th_pre_req_pre"": ""0"", ""sel_10th_pre_req"": ""2823"", ""sel_10th_pre_bid"": ""+21350"", ""sel_9th_pre_req_pre"": ""0"", ""sel_9th_pre_req"": ""7815"", ""sel_9th_pre_bid"": ""+21300"", ""sel_8th_pre_req_pre"": ""0"", ""sel_8th_pre_req"": ""6794"", ""sel_8th_pre_bid"": ""+21250"", ""sel_7th_pre_req_pre"": ""0"", ""sel_7th_pre_req"": ""9296"", ""sel_7th_pre_bid"": ""+21200"", ""sel_6th_pre_req_pre"": ""0"", ""sel_6th_pre_req"": ""6492"", ""sel_6th_pre_bid"": ""+21150"", ""sel_5th_pre_req_pre"": ""0"", ""sel_5th_pre_req"": ""12450"", ""sel_5th_pre_bid"": ""+21100"", ""sel_4th_pre_req_pre"": ""0"", ""sel_4th_pre_req"": ""9328"", ""sel_4th_pre_bid"": ""+21050"", ""sel_3th_pre_req_pre"": ""0"", ""sel_3th_pre_req"": ""18087"", ""sel_3th_pre_bid"": ""+21000"", ""sel_2th_pre_req_pre"": ""0"", ""sel_2th_pre_req"": ""12683"", ""sel_2th_pre_bid"": ""+20950"", ""sel_1th_pre_req_pre"": ""0"", ""sel_fpr_req"": ""4611"", ""sel_fpr_bid"": ""+20900"", ""buy_fpr_bid"": ""+20850"", ""buy_fpr_req"": ""2737"", ""buy_1th_pre_req_pre"": ""0"", ""buy_2th_pre_bid"": ""+20800"", ""buy_2th_pre_req"": ""2379"", ""buy_2th_pre_req_pre"": ""0"", ""buy_3th_pre_bid"": ""+20750"", ""buy_3th_pre_req"": ""3713"", ""buy_3th_pre_req_pre"": ""0"", ""buy_4th_pre_bid"": ""+20700"", ""buy_4th_pre_req"": ""1080"", ""buy_4th_pre_req_pre"": ""0"", ""buy_5th_pre_bid"": ""+20650"", ""buy_5th_pre_req"": ""621"", ""buy_5th_pre_req_pre"": ""0"", ""buy_6th_pre_bid"": ""+20600"", ""buy_6th_pre_req"": ""2756"", ""buy_6th_pre_req_pre"": ""0"", ""buy_7th_pre_bid"": ""20550"", ""buy_7th_pre_req"": ""1637"", ""buy_7th_pre_req_pre"": ""0"", ""buy_8th_pre_bid"": ""-20500"", ""buy_8th_pre_req"": ""1469"", ""buy_8th_pre_req_pre"": ""0"", ""buy_9th_pre_bid"": ""-20450"", ""buy_9th_pre_req"": ""1245"", ""buy_9th_pre_req_pre"": ""0"", ""buy_10th_pre_bid"": ""-20400"", ""buy_10th_pre_req"": ""27248"", ""buy_10th_pre_req_pre"": ""0"", ""tot_sel_req_jub_pre"": ""0"", ""tot_sel_req"": ""90379"", ""tot_buy_req"": ""44885"", ""tot_buy_req_jub_pre"": ""0"", ""ovt_sel_req_pre"": ""0"", ""ovt_sel_req"": ""0"", ""ovt_buy_req"": ""0"", ""ovt_buy_req_pre"": ""0"", ""return_code"": 0, ""return_msg"": ""정상적으로 처리되었습니다""}"
2026-06-10,scan_candidate,079550,,0,main_scan,783000,,783000,782000,783000,781000,-0.38314176245210724,0.1277139208173691,,,,,,"{""bid_req_base_tm"": ""094536"", ""sel_10th_pre_req_pre"": ""0"", ""sel_10th_pre_req"": ""102"", ""sel_10th_pre_bid"": ""+792000"", ""sel_9th_pre_req_pre"": ""0"", ""sel_9th_pre_req"": ""105"", ""sel_9th_pre_bid"": ""+791000"", ""sel_8th_pre_req_pre"": ""0"", ""sel_8th_pre_req"": ""236"", ""sel_8th_pre_bid"": ""+790000"", ""sel_7th_pre_req_pre"": ""0"", ""sel_7th_pre_req"": ""112"", ""sel_7th_pre_bid"": ""+789000"", ""sel_6th_pre_req_pre"": ""0"", ""sel_6th_pre_req"": ""198"", ""sel_6th_pre_bid"": ""+788000"", ""sel_5th_pre_req_pre"": ""0"", ""sel_5th_pre_req"": ""30"", ""sel_5th_pre_bid"": ""+787000"", ""sel_4th_pre_req_pre"": ""0"", ""sel_4th_pre_req"": ""17"", ""sel_4th_pre_bid"": ""+786000"", ""sel_3th_pre_req_pre"": ""0"", ""sel_3th_pre_req"": ""52"", ""sel_3th_pre_bid"": ""+785000"", ""sel_2th_pre_req_pre"": ""+17"", ""sel_2th_pre_req"": ""100"", ""sel_2th_pre_bid"": ""+784000"", ""sel_1th_pre_req_pre"": ""--20"", ""sel_fpr_req"": ""8"", ""sel_fpr_bid"": ""+783000"", ""buy_fpr_bid"": ""+782000"", ""buy_fpr_req"": ""16"", ""buy_1th_pre_req_pre"": ""+10"", ""buy_2th_pre_bid"": ""+781000"", ""buy_2th_pre_req"": ""70"", ""buy_2th_pre_req_pre"": ""+40"", ""buy_3th_pre_bid"": ""+780000"", ""buy_3th_pre_req"": ""135"", ""buy_3th_pre_req_pre"": ""+8"", ""buy_4th_pre_bid"": ""+779000"", ""buy_4th_pre_req"": ""263"", ""buy_4th_pre_req_pre"": ""0"", ""buy_5th_pre_bid"": ""+777000"", ""buy_5th_pre_req"": ""10"", ""buy_5th_pre_req_pre"": ""0"", ""buy_6th_pre_bid"": ""+775000"", ""buy_6th_pre_req"": ""29"", ""buy_6th_pre_req_pre"": ""0"", ""buy_7th_pre_bid"": ""+774000"", ""buy_7th_pre_req"": ""40"", ""buy_7th_pre_req_pre"": ""0"", ""buy_8th_pre_bid"": ""+773000"", ""buy_8th_pre_req"": ""105"", ""buy_8th_pre_req_pre"": ""0"", ""buy_9th_pre_bid"": ""+772000"", ""buy_9th_pre_req"": ""53"", ""buy_9th_pre_req_pre"": ""0"", ""buy_10th_pre_bid"": ""+771000"", ""buy_10th_pre_req"": ""44"", ""buy_10th_pre_req_pre"": ""0"", ""tot_sel_req_jub_pre"": ""--3"", ""tot_sel_req"": ""960"", ""tot_buy_req"": ""765"", ""tot_buy_req_jub_pre"": ""+44"", ""ovt_sel_req_pre"": ""0"", ""ovt_sel_req"": ""0"", ""ovt_buy_req"": ""0"", ""ovt_buy_req_pre"": ""0"", ""return_code"": 0, ""return_msg"": ""정상적으로 처리되었습니다""}"
2026-06-10,scan_candidate,278470,,0,main_scan,413500,,413500,412500,413500,412000,-0.48367593712212814,0.24183796856106407,,,,,,"{""bid_req_base_tm"": ""094536"", ""sel_10th_pre_req_pre"": ""0"", ""sel_10th_pre_req"": ""317"", ""sel_10th_pre_bid"": ""+418000"", ""sel_9th_pre_req_pre"": ""0"", ""sel_9th_pre_req"": ""221"", ""sel_9th_pre_bid"": ""+417500"", ""sel_8th_pre_req_pre"": ""0"", ""sel_8th_pre_req"": ""909"", ""sel_8th_pre_bid"": ""+417000"", ""sel_7th_pre_req_pre"": ""0"", ""sel_7th_pre_req"": ""134"", ""sel_7th_pre_bid"": ""+416500"", ""sel_6th_pre_req_pre"": ""0"", ""sel_6th_pre_req"": ""99"", ""sel_6th_pre_bid"": ""+416000"", ""sel_5th_pre_req_pre"": ""0"", ""sel_5th_pre_req"": ""101"", ""sel_5th_pre_bid"": ""+415500"", ""sel_4th_pre_req_pre"": ""0"", ""sel_4th_pre_req"": ""57"", ""sel_4th_pre_bid"": ""+415000"", ""sel_3th_pre_req_pre"": ""0"", ""sel_3th_pre_req"": ""6"", ""sel_3th_pre_bid"": ""+414500"", ""sel_2th_pre_req_pre"": ""0"", ""sel_2th_pre_req"": ""114"", ""sel_2th_pre_bid"": ""+414000"", ""sel_1th_pre_req_pre"": ""0"", ""sel_fpr_req"": ""136"", ""sel_fpr_bid"": ""+413500"", ""buy_fpr_bid"": ""+412500"", ""buy_fpr_req"": ""1"", ""buy_1th_pre_req_pre"": ""0"", ""buy_2th_pre_bid"": ""+412000"", ""buy_2th_pre_req"": ""44"", ""buy_2th_pre_req_pre"": ""0"", ""buy_3th_pre_bid"": ""+411500"", ""buy_3th_pre_req"": ""37"", ""buy_3th_pre_req_pre"": ""0"", ""buy_4th_pre_bid"": ""+411000"", ""buy_4th_pre_req"": ""98"", ""buy_4th_pre_req_pre"": ""0"", ""buy_5th_pre_bid"": ""+410500"", ""buy_5th_pre_req"": ""53"", ""buy_5th_pre_req_pre"": ""0"", ""buy_6th_pre_bid"": ""+410000"", ""buy_6th_pre_req"": ""47"", ""buy_6th_pre_req_pre"": ""0"", ""buy_7th_pre_bid"": ""+409500"", ""buy_7th_pre_req"": ""12"", ""buy_7th_pre_req_pre"": ""0"", ""buy_8th_pre_bid"": ""+409000"", ""buy_8th_pre_req"": ""21"", ""buy_8th_pre_req_pre"": ""0"", ""buy_9th_pre_bid"": ""+408500"", ""buy_9th_pre_req"": ""18"", ""buy_9th_pre_req_pre"": ""0"", ""buy_10th_pre_bid"": ""+408000"", ""buy_10th_pre_req"": ""145"", ""buy_10th_pre_req_pre"": ""0"", ""tot_sel_req_jub_pre"": ""0"", ""tot_sel_req"": ""2094"", ""tot_buy_req"": ""476"", ""tot_buy_req_jub_pre"": ""0"", ""ovt_sel_req_pre"": ""0"", ""ovt_sel_req"": ""0"", ""ovt_buy_req"": ""0"", ""ovt_buy_req_pre"": ""0"", ""return_code"": 0, ""return_msg"": ""정상적으로 처리되었습니다""}"
2026-06-10,scan_candidate,010950,,0,main_scan,110500,,110500,110200,110500,110500,-0.4524886877828055,0.27149321266968324,,,,,,"{""bid_req_base_tm"": ""094536"", ""sel_10th_pre_req_pre"": ""0"", ""sel_10th_pre_req"": ""32"", ""sel_10th_pre_bid"": ""+111700"", ""sel_9th_pre_req_pre"": ""0"", ""sel_9th_pre_req"": ""1"", ""sel_9th_pre_bid"": ""+111600"", ""sel_8th_pre_req_pre"": ""0"", ""sel_8th_pre_req"": ""11"", ""sel_8th_pre_bid"": ""+111200"", ""sel_7th_pre_req_pre"": ""0"", ""sel_7th_pre_req"": ""12"", ""sel_7th_pre_bid"": ""+111100"", ""sel_6th_pre_req_pre"": ""0"", ""sel_6th_pre_req"": ""18"", ""sel_6th_pre_bid"": ""+111000"", ""sel_5th_pre_req_pre"": ""0"", ""sel_5th_pre_req"": ""1"", ""sel_5th_pre_bid"": ""110900"", ""sel_4th_pre_req_pre"": ""0"", ""sel_4th_pre_req"": ""35"", ""sel_4th_pre_bid"": ""-110800"", ""sel_3th_pre_req_pre"": ""0"", ""sel_3th_pre_req"": ""32"", ""sel_3th_pre_bid"": ""-110700"", ""sel_2th_pre_req_pre"": ""0"", ""sel_2th_pre_req"": ""34"", ""sel_2th_pre_bid"": ""-110600"", ""sel_1th_pre_req_pre"": ""0"", ""sel_fpr_req"": ""154"", ""sel_fpr_bid"": ""-110500"", ""buy_fpr_bid"": ""-110200"", ""buy_fpr_req"": ""219"", ""buy_1th_pre_req_pre"": ""0"", ""buy_2th_pre_bid"": ""-110100"", ""buy_2th_pre_req"": ""222"", ""buy_2th_pre_req_pre"": ""0"", ""buy_3th_pre_bid"": ""-110000"", ""buy_3th_pre_req"": ""250"", ""buy_3th_pre_req_pre"": ""+100"", ""buy_4th_pre_bid"": ""-109900"", ""buy_4th_pre_req"": ""53"", ""buy_4th_pre_req_pre"": ""--100"", ""buy_5th_pre_bid"": ""-109800"", ""buy_5th_pre_req"": ""5"", ""buy_5th_pre_req_pre"": ""0"", ""buy_6th_pre_bid"": ""-109700"", ""buy_6th_pre_req"": ""16"", ""buy_6th_pre_req_pre"": ""0"", ""buy_7th_pre_bid"": ""-109600"", ""buy_7th_pre_req"": ""2"", ""buy_7th_pre_req_pre"": ""0"", ""buy_8th_pre_bid"": ""-109500"", ""buy_8th_pre_req"": ""2"", ""buy_8th_pre_req_pre"": ""0"", ""buy_9th_pre_bid"": ""-109400"", ""buy_9th_pre_req"": ""3"", ""buy_9th_pre_req_pre"": ""0"", ""buy_10th_pre_bid"": ""-109300"", ""buy_10th_pre_req"": ""44"", ""buy_10th_pre_req_pre"": ""0"", ""tot_sel_req_jub_pre"": ""0"", ""tot_sel_req"": ""330"", ""tot_buy_req"": ""816"", ""tot_buy_req_jub_pre"": ""0"", ""ovt_sel_req_pre"": ""0"", ""ovt_sel_req"": ""0"", ""ovt_buy_req"": ""0"", ""ovt_buy_req_pre"": ""0"", ""return_code"": 0, ""return_msg"": ""정상적으로 처리되었습니다""}"
2026-06-10,scan_candidate,323410,,0,main_scan,24700,,24700,24650,24700,24600,-0.6072874493927125,0.20242914979757085,,,,,,"{""bid_req_base_tm"": ""094536"", ""sel_10th_pre_req_pre"": ""0"", ""sel_10th_pre_req"": ""895"", ""sel_10th_pre_bid"": ""+25150"", ""sel_9th_pre_req_pre"": ""0"", ""sel_9th_pre_req"": ""1370"", ""sel_9th_pre_bid"": ""+25100"", ""sel_8th_pre_req_pre"": ""0"", ""sel_8th_pre_req"": ""3122"", ""sel_8th_pre_bid"": ""+25050"", ""sel_7th_pre_req_pre"": ""0"", ""sel_7th_pre_req"": ""9862"", ""sel_7th_pre_bid"": ""+25000"", ""sel_6th_pre_req_pre"": ""0"", ""sel_6th_pre_req"": ""3956"", ""sel_6th_pre_bid"": ""+24950"", ""sel_5th_pre_req_pre"": ""0"", ""sel_5th_pre_req"": ""2817"", ""sel_5th_pre_bid"": ""+24900"", ""sel_4th_pre_req_pre"": ""0"", ""sel_4th_pre_req"": ""2281"", ""sel_4th_pre_bid"": ""+24850"", ""sel_3th_pre_req_pre"": ""0"", ""sel_3th_pre_req"": ""6110"", ""sel_3th_pre_bid"": ""+24800"", ""sel_2th_pre_req_pre"": ""0"", ""sel_2th_pre_req"": ""4180"", ""sel_2th_pre_bid"": ""+24750"", ""sel_1th_pre_req_pre"": ""+65"", ""sel_fpr_req"": ""2356"", ""sel_fpr_bid"": ""+24700"", ""buy_fpr_bid"": ""+24650"", ""buy_fpr_req"": ""5248"", ""buy_1th_pre_req_pre"": ""0"", ""buy_2th_pre_bid"": ""+24600"", ""buy_2th_pre_req"": ""4683"", ""buy_2th_pre_req_pre"": ""0"", ""buy_3th_pre_bid"": ""+24550"", ""buy_3th_pre_req"": ""1869"", ""buy_3th_pre_req_pre"": ""0"", ""buy_4th_pre_bid"": ""+24500"", ""buy_4th_pre_req"": ""34"", ""buy_4th_pre_req_pre"": ""0"", ""buy_5th_pre_bid"": ""+24450"", ""buy_5th_pre_req"": ""701"", ""buy_5th_pre_req_pre"": ""0"", ""buy_6th_pre_bid"": ""24400"", ""buy_6th_pre_req"": ""4955"", ""buy_6th_pre_req_pre"": ""0"", ""buy_7th_pre_bid"": ""-24350"", ""buy_7th_pre_req"": ""1273"", ""buy_7th_pre_req_pre"": ""0"", ""buy_8th_pre_bid"": ""-24300"", ""buy_8th_pre_req"": ""1213"", ""buy_8th_pre_req_pre"": ""0"", ""buy_9th_pre_bid"": ""-24250"", ""buy_9th_pre_req"": ""2955"", ""buy_9th_pre_req_pre"": ""0"", ""buy_10th_pre_bid"": ""-24200"", ""buy_10th_pre_req"": ""994"", ""buy_10th_pre_req_pre"": ""0"", ""tot_sel_req_jub_pre"": ""+65"", ""tot_sel_req"": ""36949"", ""tot_buy_req"": ""23925"", ""tot_buy_req_jub_pre"": ""0"", ""ovt_sel_req_pre"": ""0"", ""ovt_sel_req"": ""0"", ""ovt_buy_req"": ""0"", ""ovt_buy_req_pre"": ""0"", ""return_code"": 0, ""return_msg"": ""정상적으로 처리되었습니다""}"
2026-06-10,scan_candidate,064400,,0,main_scan,96500,,96500,96400,96500,96500,-0.10362694300518134,0.10362694300518134,,,,,,"{""bid_req_base_tm"": ""094537"", ""sel_10th_pre_req_pre"": ""0"", ""sel_10th_pre_req"": ""82"", ""sel_10th_pre_bid"": ""-97400"", ""sel_9th_pre_req_pre"": ""0"", ""sel_9th_pre_req"": ""133"", ""sel_9th_pre_bid"": ""-97300"", ""sel_8th_pre_req_pre"": ""0"", ""sel_8th_pre_req"": ""248"", ""sel_8th_pre_bid"": ""-97200"", ""sel_7th_pre_req_pre"": ""0"", ""sel_7th_pre_req"": ""38"", ""sel_7th_pre_bid"": ""-97100"", ""sel_6th_pre_req_pre"": ""0"", ""sel_6th_pre_req"": ""811"", ""sel_6th_pre_bid"": ""-97000"", ""sel_5th_pre_req_pre"": ""0"", ""sel_5th_pre_req"": ""313"", ""sel_5th_pre_bid"": ""-96900"", ""sel_4th_pre_req_pre"": ""0"", ""sel_4th_pre_req"": ""120"", ""sel_4th_pre_bid"": ""-96800"", ""sel_3th_pre_req_pre"": ""0"", ""sel_3th_pre_req"": ""412"", ""sel_3th_pre_bid"": ""-96700"", ""sel_2th_pre_req_pre"": ""0"", ""sel_2th_pre_req"": ""709"", ""sel_2th_pre_bid"": ""-96600"", ""sel_1th_pre_req_pre"": ""0"", ""sel_fpr_req"": ""46"", ""sel_fpr_bid"": ""-96500"", ""buy_fpr_bid"": ""-96400"", ""buy_fpr_req"": ""111"", ""buy_1th_pre_req_pre"": ""0"", ""buy_2th_pre_bid"": ""-96300"", ""buy_2th_pre_req"": ""133"", ""buy_2th_pre_req_pre"": ""0"", ""buy_3th_pre_bid"": ""-96200"", ""buy_3th_pre_req"": ""258"", ""buy_3th_pre_req_pre"": ""0"", ""buy_4th_pre_bid"": ""-96100"", ""buy_4th_pre_req"": ""283"", ""buy_4th_pre_req_pre"": ""0"", ""buy_5th_pre_bid"": ""-96000"", ""buy_5th_pre_req"": ""647"", ""buy_5th_pre_req_pre"": ""0"", ""buy_6th_pre_bid"": ""-95900"", ""buy_6th_pre_req"": ""348"", ""buy_6th_pre_req_pre"": ""0"", ""buy_7th_pre_bid"": ""-95800"", ""buy_7th_pre_req"": ""786"", ""buy_7th_pre_req_pre"": ""0"", ""buy_8th_pre_bid"": ""-95700"", ""buy_8th_pre_req"": ""1606"", ""buy_8th_pre_req_pre"": ""0"", ""buy_9th_pre_bid"": ""-95600"", ""buy_9th_pre_req"": ""574"", ""buy_9th_pre_req_pre"": ""0"", ""buy_10th_pre_bid"": ""-95500"", ""buy_10th_pre_req"": ""2926"", ""buy_10th_pre_req_pre"": ""0"", ""tot_sel_req_jub_pre"": ""0"", ""tot_sel_req"": ""2912"", ""tot_buy_req"": ""7672"", ""tot_buy_req_jub_pre"": ""0"", ""ovt_sel_req_pre"": ""0"", ""ovt_sel_req"": ""0"", ""ovt_buy_req"": ""0"", ""ovt_buy_req_pre"": ""0"", ""return_code"": 0, ""return_msg"": ""정상적으로 처리되었습니다""}"
2026-06-10,scan_candidate,161390,,0,main_scan,71800,,71800,71700,71800,71900,0.0,0.1392757660167131,,,,,,"{""bid_req_base_tm"": ""094537"", ""sel_10th_pre_req_pre"": ""0"", ""sel_10th_pre_req"": ""112"", ""sel_10th_pre_bid"": ""-72700"", ""sel_9th_pre_req_pre"": ""0"", ""sel_9th_pre_req"": ""74"", ""sel_9th_pre_bid"": ""-72600"", ""sel_8th_pre_req_pre"": ""0"", ""sel_8th_pre_req"": ""164"", ""sel_8th_pre_bid"": ""-72500"", ""sel_7th_pre_req_pre"": ""0"", ""sel_7th_pre_req"": ""44"", ""sel_7th_pre_bid"": ""-72400"", ""sel_6th_pre_req_pre"": ""0"", ""sel_6th_pre_req"": ""23"", ""sel_6th_pre_bid"": ""-72300"", ""sel_5th_pre_req_pre"": ""0"", ""sel_5th_pre_req"": ""3"", ""sel_5th_pre_bid"": ""-72200"", ""sel_4th_pre_req_pre"": ""0"", ""sel_4th_pre_req"": ""341"", ""sel_4th_pre_bid"": ""-72100"", ""sel_3th_pre_req_pre"": ""0"", ""sel_3th_pre_req"": ""503"", ""sel_3th_pre_bid"": ""-72000"", ""sel_2th_pre_req_pre"": ""0"", ""sel_2th_pre_req"": ""183"", ""sel_2th_pre_bid"": ""-71900"", ""sel_1th_pre_req_pre"": ""+2"", ""sel_fpr_req"": ""36"", ""sel_fpr_bid"": ""-71800"", ""buy_fpr_bid"": ""-71700"", ""buy_fpr_req"": ""291"", ""buy_1th_pre_req_pre"": ""0"", ""buy_2th_pre_bid"": ""-71600"", ""buy_2th_pre_req"": ""369"", ""buy_2th_pre_req_pre"": ""0"", ""buy_3th_pre_bid"": ""-71500"", ""buy_3th_pre_req"": ""144"", ""buy_3th_pre_req_pre"": ""0"", ""buy_4th_pre_bid"": ""-71400"", ""buy_4th_pre_req"": ""260"", ""buy_4th_pre_req_pre"": ""0"", ""buy_5th_pre_bid"": ""-71300"", ""buy_5th_pre_req"": ""60"", ""buy_5th_pre_req_pre"": ""0"", ""buy_6th_pre_bid"": ""-71200"", ""buy_6th_pre_req"": ""239"", ""buy_6th_pre_req_pre"": ""0"", ""buy_7th_pre_bid"": ""-71100"", ""buy_7th_pre_req"": ""223"", ""buy_7th_pre_req_pre"": ""0"", ""buy_8th_pre_bid"": ""-71000"", ""buy_8th_pre_req"": ""1033"", ""buy_8th_pre_req_pre"": ""0"", ""buy_9th_pre_bid"": ""-70900"", ""buy_9th_pre_req"": ""2021"", ""buy_9th_pre_req_pre"": ""0"", ""buy_10th_pre_bid"": ""-70800"", ""buy_10th_pre_req"": ""109"", ""buy_10th_pre_req_pre"": ""0"", ""tot_sel_req_jub_pre"": ""+2"", ""tot_sel_req"": ""1483"", ""tot_buy_req"": ""4749"", ""tot_buy_req_jub_pre"": ""0"", ""ovt_sel_req_pre"": ""0"", ""ovt_sel_req"": ""0"", ""ovt_buy_req"": ""0"", ""ovt_buy_req_pre"": ""0"", ""return_code"": 0, ""return_msg"": ""정상적으로 처리되었습니다""}"
2026-06-10,scan_candidate,180640,,0,main_scan,116600,,116600,116400,116600,116500,-0.5145797598627788,0.17152658662092624,,,,,,"{""bid_req_base_tm"": ""094535"", ""sel_10th_pre_req_pre"": ""0"", ""sel_10th_pre_req"": ""6"", ""sel_10th_pre_bid"": ""+117500"", ""sel_9th_pre_req_pre"": ""0"", ""sel_9th_pre_req"": ""320"", ""sel_9th_pre_bid"": ""+117400"", ""sel_8th_pre_req_pre"": ""0"", ""sel_8th_pre_req"": ""15"", ""sel_8th_pre_bid"": ""+117300"", ""sel_7th_pre_req_pre"": ""0"", ""sel_7th_pre_req"": ""106"", ""sel_7th_pre_bid"": ""+117200"", ""sel_6th_pre_req_pre"": ""0"", ""sel_6th_pre_req"": ""13"", ""sel_6th_pre_bid"": ""+117100"", ""sel_5th_pre_req_pre"": ""0"", ""sel_5th_pre_req"": ""16"", ""sel_5th_pre_bid"": ""+117000"", ""sel_4th_pre_req_pre"": ""0"", ""sel_4th_pre_req"": ""25"", ""sel_4th_pre_bid"": ""+116900"", ""sel_3th_pre_req_pre"": ""0"", ""sel_3th_pre_req"": ""10"", ""sel_3th_pre_bid"": ""+116800"", ""sel_2th_pre_req_pre"": ""0"", ""sel_2th_pre_req"": ""38"", ""sel_2th_pre_bid"": ""+116700"", ""sel_1th_pre_req_pre"": ""--1"", ""sel_fpr_req"": ""5"", ""sel_fpr_bid"": ""+116600"", ""buy_fpr_bid"": ""+116400"", ""buy_fpr_req"": ""57"", ""buy_1th_pre_req_pre"": ""+56"", ""buy_2th_pre_bid"": ""+116300"", ""buy_2th_pre_req"": ""14"", ""buy_2th_pre_req_pre"": ""0"", ""buy_3th_pre_bid"": ""+116100"", ""buy_3th_pre_req"": ""6"", ""buy_3th_pre_req_pre"": ""0"", ""buy_4th_pre_bid"": ""+116000"", ""buy_4th_pre_req"": ""5"", ""buy_4th_pre_req_pre"": ""0"", ""buy_5th_pre_bid"": ""+115900"", ""buy_5th_pre_req"": ""4"", ""buy_5th_pre_req_pre"": ""0"", ""buy_6th_pre_bid"": ""+115800"", ""buy_6th_pre_req"": ""100"", ""buy_6th_pre_req_pre"": ""0"", ""buy_7th_pre_bid"": ""+115700"", ""buy_7th_pre_req"": ""100"", ""buy_7th_pre_req_pre"": ""0"", ""buy_8th_pre_bid"": ""+115600"", ""buy_8th_pre_req"": ""100"", ""buy_8th_pre_req_pre"": ""0"", ""buy_9th_pre_bid"": ""+115500"", ""buy_9th_pre_req"": ""200"", ""buy_9th_pre_req_pre"": ""0"", ""buy_10th_pre_bid"": ""+115400"", ""buy_10th_pre_req"": ""106"", ""buy_10th_pre_req_pre"": ""0"", ""tot_sel_req_jub_pre"": ""--1"", ""tot_sel_req"": ""554"", ""tot_buy_req"": ""692"", ""tot_buy_req_jub_pre"": ""+56"", ""ovt_sel_req_pre"": ""0"", ""ovt_sel_req"": ""0"", ""ovt_buy_req"": ""0"", ""ovt_buy_req_pre"": ""0"", ""return_code"": 0, ""return_msg"": ""정상적으로 처리되었습니다""}"
2026-06-10,scan_candidate,454910,,0,main_scan,110900,,110900,110700,110900,111000,-0.36068530207394045,0.18034265103697023,,,,,,"{""bid_req_base_tm"": ""094537"", ""sel_10th_pre_req_pre"": ""0"", ""sel_10th_pre_req"": ""110"", ""sel_10th_pre_bid"": ""-111800"", ""sel_9th_pre_req_pre"": ""0"", ""sel_9th_pre_req"": ""974"", ""sel_9th_pre_bid"": ""-111700"", ""sel_8th_pre_req_pre"": ""0"", ""sel_8th_pre_req"": ""157"", ""sel_8th_pre_bid"": ""-111600"", ""sel_7th_pre_req_pre"": ""0"", ""sel_7th_pre_req"": ""630"", ""sel_7th_pre_bid"": ""-111500"", ""sel_6th_pre_req_pre"": ""0"", ""sel_6th_pre_req"": ""309"", ""sel_6th_pre_bid"": ""-111400"", ""sel_5th_pre_req_pre"": ""0"", ""sel_5th_pre_req"": ""441"", ""sel_5th_pre_bid"": ""-111300"", ""sel_4th_pre_req_pre"": ""0"", ""sel_4th_pre_req"": ""501"", ""sel_4th_pre_bid"": ""-111200"", ""sel_3th_pre_req_pre"": ""0"", ""sel_3th_pre_req"": ""39"", ""sel_3th_pre_bid"": ""-111100"", ""sel_2th_pre_req_pre"": ""0"", ""sel_2th_pre_req"": ""323"", ""sel_2th_pre_bid"": ""-111000"", ""sel_1th_pre_req_pre"": ""0"", ""sel_fpr_req"": ""190"", ""sel_fpr_bid"": ""-110900"", ""buy_fpr_bid"": ""-110700"", ""buy_fpr_req"": ""626"", ""buy_1th_pre_req_pre"": ""0"", ""buy_2th_pre_bid"": ""-110600"", ""buy_2th_pre_req"": ""839"", ""buy_2th_pre_req_pre"": ""0"", ""buy_3th_pre_bid"": ""-110500"", ""buy_3th_pre_req"": ""2211"", ""buy_3th_pre_req_pre"": ""0"", ""buy_4th_pre_bid"": ""-110400"", ""buy_4th_pre_req"": ""599"", ""buy_4th_pre_req_pre"": ""0"", ""buy_5th_pre_bid"": ""-110300"", ""buy_5th_pre_req"": ""444"", ""buy_5th_pre_req_pre"": ""0"", ""buy_6th_pre_bid"": ""-110200"", ""buy_6th_pre_req"": ""801"", ""buy_6th_pre_req_pre"": ""0"", ""buy_7th_pre_bid"": ""-110100"", ""buy_7th_pre_req"": ""1574"", ""buy_7th_pre_req_pre"": ""0"", ""buy_8th_pre_bid"": ""-110000"", ""buy_8th_pre_req"": ""6483"", ""buy_8th_pre_req_pre"": ""0"", ""buy_9th_pre_bid"": ""-109900"", ""buy_9th_pre_req"": ""669"", ""buy_9th_pre_req_pre"": ""0"", ""buy_10th_pre_bid"": ""-109800"", ""buy_10th_pre_req"": ""578"", ""buy_10th_pre_req_pre"": ""0"", ""tot_sel_req_jub_pre"": ""0"", ""tot_sel_req"": ""3674"", ""tot_buy_req"": ""14824"", ""tot_buy_req_jub_pre"": ""+496"", ""ovt_sel_req_pre"": ""0"", ""ovt_sel_req"": ""0"", ""ovt_buy_req"": ""0"", ""ovt_buy_req_pre"": ""0"", ""return_code"": 0, ""return_msg"": ""정상적으로 처리되었습니다""}"
2026-06-10,scan_candidate,353200,,0,main_scan,154600,,154600,154400,154600,155000,-0.0646830530401035,0.129366106080207,,,,,,"{""bid_req_base_tm"": ""094537"", ""sel_10th_pre_req_pre"": ""0"", ""sel_10th_pre_req"": ""107"", ""sel_10th_pre_bid"": ""+156000"", ""sel_9th_pre_req_pre"": ""0"", ""sel_9th_pre_req"": ""57"", ""sel_9th_pre_bid"": ""+155900"", ""sel_8th_pre_req_pre"": ""0"", ""sel_8th_pre_req"": ""26"", ""sel_8th_pre_bid"": ""+155800"", ""sel_7th_pre_req_pre"": ""0"", ""sel_7th_pre_req"": ""2"", ""sel_7th_pre_bid"": ""+155700"", ""sel_6th_pre_req_pre"": ""0"", ""sel_6th_pre_req"": ""45"", ""sel_6th_pre_bid"": ""+155500"", ""sel_5th_pre_req_pre"": ""0"", ""sel_5th_pre_req"": ""78"", ""sel_5th_pre_bid"": ""+155400"", ""sel_4th_pre_req_pre"": ""0"", ""sel_4th_pre_req"": ""48"", ""sel_4th_pre_bid"": ""+155300"", ""sel_3th_pre_req_pre"": ""0"", ""sel_3th_pre_req"": ""117"", ""sel_3th_pre_bid"": ""+155000"", ""sel_2th_pre_req_pre"": ""0"", ""sel_2th_pre_req"": ""45"", ""sel_2th_pre_bid"": ""+154700"", ""sel_1th_pre_req_pre"": ""0"", ""sel_fpr_req"": ""30"", ""sel_fpr_bid"": ""+154600"", ""buy_fpr_bid"": ""+154400"", ""buy_fpr_req"": ""273"", ""buy_1th_pre_req_pre"": ""+26"", ""buy_2th_pre_bid"": ""+154300"", ""buy_2th_pre_req"": ""654"", ""buy_2th_pre_req_pre"": ""0"", ""buy_3th_pre_bid"": ""+154200"", ""buy_3th_pre_req"": ""176"", ""buy_3th_pre_req_pre"": ""0"", ""buy_4th_pre_bid"": ""+154100"", ""buy_4th_pre_req"": ""352"", ""buy_4th_pre_req_pre"": ""0"", ""buy_5th_pre_bid"": ""+154000"", ""buy_5th_pre_req"": ""1061"", ""buy_5th_pre_req_pre"": ""0"", ""buy_6th_pre_bid"": ""+153900"", ""buy_6th_pre_req"": ""169"", ""buy_6th_pre_req_pre"": ""0"", ""buy_7th_pre_bid"": ""+153800"", ""buy_7th_pre_req"": ""452"", ""buy_7th_pre_req_pre"": ""0"", ""buy_8th_pre_bid"": ""+153700"", ""buy_8th_pre_req"": ""133"", ""buy_8th_pre_req_pre"": ""0"", ""buy_9th_pre_bid"": ""+153600"", ""buy_9th_pre_req"": ""110"", ""buy_9th_pre_req_pre"": ""0"", ""buy_10th_pre_bid"": ""+153500"", ""buy_10th_pre_req"": ""159"", ""buy_10th_pre_req_pre"": ""0"", ""tot_sel_req_jub_pre"": ""0"", ""tot_sel_req"": ""555"", ""tot_buy_req"": ""3539"", ""tot_buy_req_jub_pre"": ""+26"", ""ovt_sel_req_pre"": ""0"", ""ovt_sel_req"": ""0"", ""ovt_buy_req"": ""0"", ""ovt_buy_req_pre"": ""0"", ""return_code"": 0, ""return_msg"": ""정상적으로 처리되었습니다""}"
2026-06-10,scan_candidate,034220,,0,main_scan,13090,,13090,13080,13090,13100,-0.30557677616501144,0.07639419404125286,,,,,,"{""bid_req_base_tm"": ""094538"", ""sel_10th_pre_req_pre"": ""0"", ""sel_10th_pre_req"": ""885"", ""sel_10th_pre_bid"": ""-13180"", ""sel_9th_pre_req_pre"": ""0"", ""sel_9th_pre_req"": ""1714"", ""sel_9th_pre_bid"": ""-13170"", ""sel_8th_pre_req_pre"": ""0"", ""sel_8th_pre_req"": ""719"", ""sel_8th_pre_bid"": ""-13160"", ""sel_7th_pre_req_pre"": ""0"", ""sel_7th_pre_req"": ""312"", ""sel_7th_pre_bid"": ""-13150"", ""sel_6th_pre_req_pre"": ""0"", ""sel_6th_pre_req"": ""239"", ""sel_6th_pre_bid"": ""-13140"", ""sel_5th_pre_req_pre"": ""0"", ""sel_5th_pre_req"": ""158"", ""sel_5th_pre_bid"": ""-13130"", ""sel_4th_pre_req_pre"": ""0"", ""sel_4th_pre_req"": ""806"", ""sel_4th_pre_bid"": ""-13120"", ""sel_3th_pre_req_pre"": ""0"", ""sel_3th_pre_req"": ""11"", ""sel_3th_pre_bid"": ""-13110"", ""sel_2th_pre_req_pre"": ""0"", ""sel_2th_pre_req"": ""168"", ""sel_2th_pre_bid"": ""-13100"", ""sel_1th_pre_req_pre"": ""--2"", ""sel_fpr_req"": ""235"", ""sel_fpr_bid"": ""-13090"", ""buy_fpr_bid"": ""-13080"", ""buy_fpr_req"": ""2935"", ""buy_1th_pre_req_pre"": ""0"", ""buy_2th_pre_bid"": ""-13070"", ""buy_2th_pre_req"": ""2874"", ""buy_2th_pre_req_pre"": ""0"", ""buy_3th_pre_bid"": ""-13060"", ""buy_3th_pre_req"": ""6173"", ""buy_3th_pre_req_pre"": ""0"", ""buy_4th_pre_bid"": ""-13050"", ""buy_4th_pre_req"": ""32922"", ""buy_4th_pre_req_pre"": ""0"", ""buy_5th_pre_bid"": ""-13040"", ""buy_5th_pre_req"": ""12317"", ""buy_5th_pre_req_pre"": ""0"", ""buy_6th_pre_bid"": ""-13030"", ""buy_6th_pre_req"": ""15457"", ""buy_6th_pre_req_pre"": ""0"", ""buy_7th_pre_bid"": ""-13020"", ""buy_7th_pre_req"": ""13887"", ""buy_7th_pre_req_pre"": ""0"", ""buy_8th_pre_bid"": ""-13010"", ""buy_8th_pre_req"": ""33998"", ""buy_8th_pre_req_pre"": ""0"", ""buy_9th_pre_bid"": ""-13000"", ""buy_9th_pre_req"": ""122860"", ""buy_9th_pre_req_pre"": ""0"", ""buy_10th_pre_bid"": ""-12990"", ""buy_10th_pre_req"": ""10082"", ""buy_10th_pre_req_pre"": ""0"", ""tot_sel_req_jub_pre"": ""--2"", ""tot_sel_req"": ""5247"", ""tot_buy_req"": ""253505"", ""tot_buy_req_jub_pre"": ""0"", ""ovt_sel_req_pre"": ""0"", ""ovt_sel_req"": ""0"", ""ovt_buy_req"": ""0"", ""ovt_buy_req_pre"": ""0"", ""return_code"": 0, ""return_msg"": ""정상적으로 처리되었습니다""}"
2026-06-10,scan_candidate,090430,,0,main_scan,111800,,111800,111600,111800,112000,-0.26833631484794274,0.17889087656529518,,,,,,"{""bid_req_base_tm"": ""094538"", ""sel_10th_pre_req_pre"": ""0"", ""sel_10th_pre_req"": ""15"", ""sel_10th_pre_bid"": ""+113300"", ""sel_9th_pre_req_pre"": ""0"", ""sel_9th_pre_req"": ""8"", ""sel_9th_pre_bid"": ""+113100"", ""sel_8th_pre_req_pre"": ""0"", ""sel_8th_pre_req"": ""277"", ""sel_8th_pre_bid"": ""+113000"", ""sel_7th_pre_req_pre"": ""0"", ""sel_7th_pre_req"": ""58"", ""sel_7th_pre_bid"": ""+112900"", ""sel_6th_pre_req_pre"": ""0"", ""sel_6th_pre_req"": ""1"", ""sel_6th_pre_bid"": ""+112800"", ""sel_5th_pre_req_pre"": ""0"", ""sel_5th_pre_req"": ""7"", ""sel_5th_pre_bid"": ""+112700"", ""sel_4th_pre_req_pre"": ""0"", ""sel_4th_pre_req"": ""56"", ""sel_4th_pre_bid"": ""+112100"", ""sel_3th_pre_req_pre"": ""+11"", ""sel_3th_pre_req"": ""154"", ""sel_3th_pre_bid"": ""112000"", ""sel_2th_pre_req_pre"": ""0"", ""sel_2th_pre_req"": ""34"", ""sel_2th_pre_bid"": ""-111900"", ""sel_1th_pre_req_pre"": ""0"", ""sel_fpr_req"": ""4"", ""sel_fpr_bid"": ""-111800"", ""buy_fpr_bid"": ""-111600"", ""buy_fpr_req"": ""124"", ""buy_1th_pre_req_pre"": ""0"", ""buy_2th_pre_bid"": ""-111500"", ""buy_2th_pre_req"": ""68"", ""buy_2th_pre_req_pre"": ""0"", ""buy_3th_pre_bid"": ""-111400"", ""buy_3th_pre_req"": ""30"", ""buy_3th_pre_req_pre"": ""0"", ""buy_4th_pre_bid"": ""-111300"", ""buy_4th_pre_req"": ""96"", ""buy_4th_pre_req_pre"": ""0"", ""buy_5th_pre_bid"": ""-111200"", ""buy_5th_pre_req"": ""11"", ""buy_5th_pre_req_pre"": ""0"", ""buy_6th_pre_bid"": ""-111100"", ""buy_6th_pre_req"": ""31"", ""buy_6th_pre_req_pre"": ""0"", ""buy_7th_pre_bid"": ""-111000"", ""buy_7th_pre_req"": ""152"", ""buy_7th_pre_req_pre"": ""0"", ""buy_8th_pre_bid"": ""-110900"", ""buy_8th_pre_req"": ""82"", ""buy_8th_pre_req_pre"": ""0"", ""buy_9th_pre_bid"": ""-110800"", ""buy_9th_pre_req"": ""46"", ""buy_9th_pre_req_pre"": ""0"", ""buy_10th_pre_bid"": ""-110700"", ""buy_10th_pre_req"": ""217"", ""buy_10th_pre_req_pre"": ""0"", ""tot_sel_req_jub_pre"": ""+11"", ""tot_sel_req"": ""614"", ""tot_buy_req"": ""857"", ""tot_buy_req_jub_pre"": ""0"", ""ovt_sel_req_pre"": ""0"", ""ovt_sel_req"": ""0"", ""ovt_buy_req"": ""0"", ""ovt_buy_req_pre"": ""0"", ""return_code"": 0, ""return_msg"": ""정상적으로 처리되었습니다""}"
2026-06-10,scan_candidate,004170,,0,main_scan,662000,,662000,661000,662000,666000,0.4531722054380665,0.1510574018126888,,,,,,"{""bid_req_base_tm"": ""094538"", ""sel_10th_pre_req_pre"": ""0"", ""sel_10th_pre_req"": ""2"", ""sel_10th_pre_bid"": ""+672000"", ""sel_9th_pre_req_pre"": ""0"", ""sel_9th_pre_req"": ""16"", ""sel_9th_pre_bid"": ""+671000"", ""sel_8th_pre_req_pre"": ""0"", ""sel_8th_pre_req"": ""16"", ""sel_8th_pre_bid"": ""+670000"", ""sel_7th_pre_req_pre"": ""0"", ""sel_7th_pre_req"": ""26"", ""sel_7th_pre_bid"": ""+668000"", ""sel_6th_pre_req_pre"": ""0"", ""sel_6th_pre_req"": ""6"", ""sel_6th_pre_bid"": ""+667000"", ""sel_5th_pre_req_pre"": ""0"", ""sel_5th_pre_req"": ""62"", ""sel_5th_pre_bid"": ""+666000"", ""sel_4th_pre_req_pre"": ""0"", ""sel_4th_pre_req"": ""40"", ""sel_4th_pre_bid"": ""+665000"", ""sel_3th_pre_req_pre"": ""0"", ""sel_3th_pre_req"": ""24"", ""sel_3th_pre_bid"": ""+664000"", ""sel_2th_pre_req_pre"": ""0"", ""sel_2th_pre_req"": ""35"", ""sel_2th_pre_bid"": ""+663000"", ""sel_1th_pre_req_pre"": ""+5"", ""sel_fpr_req"": ""291"", ""sel_fpr_bid"": ""+662000"", ""buy_fpr_bid"": ""+661000"", ""buy_fpr_req"": ""223"", ""buy_1th_pre_req_pre"": ""0"", ""buy_2th_pre_bid"": ""+660000"", ""buy_2th_pre_req"": ""404"", ""buy_2th_pre_req_pre"": ""0"", ""buy_3th_pre_bid"": ""+659000"", ""buy_3th_pre_req"": ""20"", ""buy_3th_pre_req_pre"": ""0"", ""buy_4th_pre_bid"": ""+658000"", ""buy_4th_pre_req"": ""15"", ""buy_4th_pre_req_pre"": ""0"", ""buy_5th_pre_bid"": ""+657000"", ""buy_5th_pre_req"": ""18"", ""buy_5th_pre_req_pre"": ""0"", ""buy_6th_pre_bid"": ""+656000"", ""buy_6th_pre_req"": ""70"", ""buy_6th_pre_req_pre"": ""0"", ""buy_7th_pre_bid"": ""+655000"", ""buy_7th_pre_req"": ""20"", ""buy_7th_pre_req_pre"": ""0"", ""buy_8th_pre_bid"": ""+654000"", ""buy_8th_pre_req"": ""13"", ""buy_8th_pre_req_pre"": ""0"", ""buy_9th_pre_bid"": ""+653000"", ""buy_9th_pre_req"": ""31"", ""buy_9th_pre_req_pre"": ""0"", ""buy_10th_pre_bid"": ""+652000"", ""buy_10th_pre_req"": ""37"", ""buy_10th_pre_req_pre"": ""0"", ""tot_sel_req_jub_pre"": ""+5"", ""tot_sel_req"": ""518"", ""tot_buy_req"": ""851"", ""tot_buy_req_jub_pre"": ""0"", ""ovt_sel_req_pre"": ""0"", ""ovt_sel_req"": ""0"", ""ovt_buy_req"": ""0"", ""ovt_buy_req_pre"": ""0"", ""return_code"": 0, ""return_msg"": ""정상적으로 처리되었습니다""}"
2026-06-10,scan_candidate,036570,,0,main_scan,255500,,255500,255000,255500,257000,0.3913894324853229,0.19569471624266144,,,,,,"{""bid_req_base_tm"": ""094538"", ""sel_10th_pre_req_pre"": ""0"", ""sel_10th_pre_req"": ""63"", ""sel_10th_pre_bid"": ""-260000"", ""sel_9th_pre_req_pre"": ""0"", ""sel_9th_pre_req"": ""40"", ""sel_9th_pre_bid"": ""-259500"", ""sel_8th_pre_req_pre"": ""0"", ""sel_8th_pre_req"": ""47"", ""sel_8th_pre_bid"": ""-259000"", ""sel_7th_pre_req_pre"": ""0"", ""sel_7th_pre_req"": ""44"", ""sel_7th_pre_bid"": ""-258500"", ""sel_6th_pre_req_pre"": ""0"", ""sel_6th_pre_req"": ""26"", ""sel_6th_pre_bid"": ""-258000"", ""sel_5th_pre_req_pre"": ""0"", ""sel_5th_pre_req"": ""12"", ""sel_5th_pre_bid"": ""-257500"", ""sel_4th_pre_req_pre"": ""0"", ""sel_4th_pre_req"": ""31"", ""sel_4th_pre_bid"": ""-257000"", ""sel_3th_pre_req_pre"": ""0"", ""sel_3th_pre_req"": ""10"", ""sel_3th_pre_bid"": ""-256500"", ""sel_2th_pre_req_pre"": ""0"", ""sel_2th_pre_req"": ""45"", ""sel_2th_pre_bid"": ""-256000"", ""sel_1th_pre_req_pre"": ""--1"", ""sel_fpr_req"": ""14"", ""sel_fpr_bid"": ""-255500"", ""buy_fpr_bid"": ""-255000"", ""buy_fpr_req"": ""140"", ""buy_1th_pre_req_pre"": ""0"", ""buy_2th_pre_bid"": ""-254500"", ""buy_2th_pre_req"": ""292"", ""buy_2th_pre_req_pre"": ""0"", ""buy_3th_pre_bid"": ""-254000"", ""buy_3th_pre_req"": ""257"", ""buy_3th_pre_req_pre"": ""0"", ""buy_4th_pre_bid"": ""-253500"", ""buy_4th_pre_req"": ""366"", ""buy_4th_pre_req_pre"": ""0"", ""buy_5th_pre_bid"": ""-253000"", ""buy_5th_pre_req"": ""816"", ""buy_5th_pre_req_pre"": ""0"", ""buy_6th_pre_bid"": ""-252500"", ""buy_6th_pre_req"": ""182"", ""buy_6th_pre_req_pre"": ""0"", ""buy_7th_pre_bid"": ""-252000"", ""buy_7th_pre_req"": ""172"", ""buy_7th_pre_req_pre"": ""0"", ""buy_8th_pre_bid"": ""-251500"", ""buy_8th_pre_req"": ""218"", ""buy_8th_pre_req_pre"": ""0"", ""buy_9th_pre_bid"": ""-251000"", ""buy_9th_pre_req"": ""148"", ""buy_9th_pre_req_pre"": ""0"", ""buy_10th_pre_bid"": ""-250500"", ""buy_10th_pre_req"": ""207"", ""buy_10th_pre_req_pre"": ""0"", ""tot_sel_req_jub_pre"": ""--1"", ""tot_sel_req"": ""332"", ""tot_buy_req"": ""2798"", ""tot_buy_req_jub_pre"": ""0"", ""ovt_sel_req_pre"": ""0"", ""ovt_sel_req"": ""0"", ""ovt_buy_req"": ""0"", ""ovt_buy_req_pre"": ""0"", ""return_code"": 0, ""return_msg"": ""정상적으로 처리되었습니다""}"
2026-06-10,scan_candidate,271560,,0,main_scan,132200,,132200,132100,132200,131500,-0.9077155824508321,0.07564296520423601,,,,,,"{""bid_req_base_tm"": ""094537"", ""sel_10th_pre_req_pre"": ""0"", ""sel_10th_pre_req"": ""100"", ""sel_10th_pre_bid"": ""+133700"", ""sel_9th_pre_req_pre"": ""0"", ""sel_9th_pre_req"": ""25"", ""sel_9th_pre_bid"": ""+133600"", ""sel_8th_pre_req_pre"": ""0"", ""sel_8th_pre_req"": ""253"", ""sel_8th_pre_bid"": ""+133500"", ""sel_7th_pre_req_pre"": ""0"", ""sel_7th_pre_req"": ""3"", ""sel_7th_pre_bid"": ""+133200"", ""sel_6th_pre_req_pre"": ""0"", ""sel_6th_pre_req"": ""13"", ""sel_6th_pre_bid"": ""132900"", ""sel_5th_pre_req_pre"": ""0"", ""sel_5th_pre_req"": ""15"", ""sel_5th_pre_bid"": ""-132800"", ""sel_4th_pre_req_pre"": ""0"", ""sel_4th_pre_req"": ""9"", ""sel_4th_pre_bid"": ""-132700"", ""sel_3th_pre_req_pre"": ""0"", ""sel_3th_pre_req"": ""240"", ""sel_3th_pre_bid"": ""-132600"", ""sel_2th_pre_req_pre"": ""0"", ""sel_2th_pre_req"": ""74"", ""sel_2th_pre_bid"": ""-132300"", ""sel_1th_pre_req_pre"": ""+3"", ""sel_fpr_req"": ""244"", ""sel_fpr_bid"": ""-132200"", ""buy_fpr_bid"": ""-132100"", ""buy_fpr_req"": ""96"", ""buy_1th_pre_req_pre"": ""0"", ""buy_2th_pre_bid"": ""-132000"", ""buy_2th_pre_req"": ""77"", ""buy_2th_pre_req_pre"": ""0"", ""buy_3th_pre_bid"": ""-131900"", ""buy_3th_pre_req"": ""1"", ""buy_3th_pre_req_pre"": ""0"", ""buy_4th_pre_bid"": ""-131800"", ""buy_4th_pre_req"": ""3"", ""buy_4th_pre_req_pre"": ""0"", ""buy_5th_pre_bid"": ""-131600"", ""buy_5th_pre_req"": ""165"", ""buy_5th_pre_req_pre"": ""0"", ""buy_6th_pre_bid"": ""-131500"", ""buy_6th_pre_req"": ""4"", ""buy_6th_pre_req_pre"": ""0"", ""buy_7th_pre_bid"": ""-131100"", ""buy_7th_pre_req"": ""20"", ""buy_7th_pre_req_pre"": ""0"", ""buy_8th_pre_bid"": ""-131000"", ""buy_8th_pre_req"": ""26"", ""buy_8th_pre_req_pre"": ""0"", ""buy_9th_pre_bid"": ""-130900"", ""buy_9th_pre_req"": ""1"", ""buy_9th_pre_req_pre"": ""0"", ""buy_10th_pre_bid"": ""-130700"", ""buy_10th_pre_req"": ""1"", ""buy_10th_pre_req_pre"": ""0"", ""tot_sel_req_jub_pre"": ""+3"", ""tot_sel_req"": ""976"", ""tot_buy_req"": ""394"", ""tot_buy_req_jub_pre"": ""0"", ""ovt_sel_req_pre"": ""0"", ""ovt_sel_req"": ""0"", ""ovt_buy_req"": ""0"", ""ovt_buy_req_pre"": ""0"", ""return_code"": 0, ""return_msg"": ""정상적으로 처리되었습니다""}"
2026-06-10,scan_candidate,023530,,0,main_scan,190500,,190500,190000,190500,189500,-0.7874015748031495,0.26246719160104987,,,,,,"{""bid_req_base_tm"": ""094539"", ""sel_10th_pre_req_pre"": ""0"", ""sel_10th_pre_req"": ""2"", ""sel_10th_pre_bid"": ""+192700"", ""sel_9th_pre_req_pre"": ""0"", ""sel_9th_pre_req"": ""1"", ""sel_9th_pre_bid"": ""+192600"", ""sel_8th_pre_req_pre"": ""0"", ""sel_8th_pre_req"": ""327"", ""sel_8th_pre_bid"": ""+192200"", ""sel_7th_pre_req_pre"": ""0"", ""sel_7th_pre_req"": ""2"", ""sel_7th_pre_bid"": ""+192100"", ""sel_6th_pre_req_pre"": ""0"", ""sel_6th_pre_req"": ""60"", ""sel_6th_pre_bid"": ""+192000"", ""sel_5th_pre_req_pre"": ""0"", ""sel_5th_pre_req"": ""45"", ""sel_5th_pre_bid"": ""+191500"", ""sel_4th_pre_req_pre"": ""0"", ""sel_4th_pre_req"": ""1"", ""sel_4th_pre_bid"": ""+191100"", ""sel_3th_pre_req_pre"": ""0"", ""sel_3th_pre_req"": ""709"", ""sel_3th_pre_bid"": ""+190800"", ""sel_2th_pre_req_pre"": ""0"", ""sel_2th_pre_req"": ""396"", ""sel_2th_pre_bid"": ""+190600"", ""sel_1th_pre_req_pre"": ""0"", ""sel_fpr_req"": ""29"", ""sel_fpr_bid"": ""+190500"", ""buy_fpr_bid"": ""+190000"", ""buy_fpr_req"": ""15"", ""buy_1th_pre_req_pre"": ""0"", ""buy_2th_pre_bid"": ""+189900"", ""buy_2th_pre_req"": ""36"", ""buy_2th_pre_req_pre"": ""+21"", ""buy_3th_pre_bid"": ""+189800"", ""buy_3th_pre_req"": ""14"", ""buy_3th_pre_req_pre"": ""0"", ""buy_4th_pre_bid"": ""+189700"", ""buy_4th_pre_req"": ""34"", ""buy_4th_pre_req_pre"": ""0"", ""buy_5th_pre_bid"": ""+189600"", ""buy_5th_pre_req"": ""33"", ""buy_5th_pre_req_pre"": ""0"", ""buy_6th_pre_bid"": ""+189400"", ""buy_6th_pre_req"": ""5"", ""buy_6th_pre_req_pre"": ""0"", ""buy_7th_pre_bid"": ""+189300"", ""buy_7th_pre_req"": ""1"", ""buy_7th_pre_req_pre"": ""0"", ""buy_8th_pre_bid"": ""+189200"", ""buy_8th_pre_req"": ""4"", ""buy_8th_pre_req_pre"": ""0"", ""buy_9th_pre_bid"": ""+189100"", ""buy_9th_pre_req"": ""1"", ""buy_9th_pre_req_pre"": ""0"", ""buy_10th_pre_bid"": ""+189000"", ""buy_10th_pre_req"": ""185"", ""buy_10th_pre_req_pre"": ""0"", ""tot_sel_req_jub_pre"": ""0"", ""tot_sel_req"": ""1572"", ""tot_buy_req"": ""328"", ""tot_buy_req_jub_pre"": ""+21"", ""ovt_sel_req_pre"": ""0"", ""ovt_sel_req"": ""0"", ""ovt_buy_req"": ""0"", ""ovt_buy_req_pre"": ""0"", ""return_code"": 0, ""return_msg"": ""정상적으로 처리되었습니다""}"
2026-06-10,scan_candidate,175330,,0,main_scan,25350,,25350,25300,25350,25300,-0.39447731755424065,0.19723865877712032,,,,,,"{""bid_req_base_tm"": ""094537"", ""sel_10th_pre_req_pre"": ""0"", ""sel_10th_pre_req"": ""299"", ""sel_10th_pre_bid"": ""-25800"", ""sel_9th_pre_req_pre"": ""0"", ""sel_9th_pre_req"": ""56"", ""sel_9th_pre_bid"": ""-25750"", ""sel_8th_pre_req_pre"": ""0"", ""sel_8th_pre_req"": ""84"", ""sel_8th_pre_bid"": ""-25700"", ""sel_7th_pre_req_pre"": ""0"", ""sel_7th_pre_req"": ""691"", ""sel_7th_pre_bid"": ""-25650"", ""sel_6th_pre_req_pre"": ""0"", ""sel_6th_pre_req"": ""468"", ""sel_6th_pre_bid"": ""-25600"", ""sel_5th_pre_req_pre"": ""0"", ""sel_5th_pre_req"": ""206"", ""sel_5th_pre_bid"": ""-25550"", ""sel_4th_pre_req_pre"": ""0"", ""sel_4th_pre_req"": ""58"", ""sel_4th_pre_bid"": ""-25500"", ""sel_3th_pre_req_pre"": ""0"", ""sel_3th_pre_req"": ""1178"", ""sel_3th_pre_bid"": ""-25450"", ""sel_2th_pre_req_pre"": ""0"", ""sel_2th_pre_req"": ""100"", ""sel_2th_pre_bid"": ""-25400"", ""sel_1th_pre_req_pre"": ""+3"", ""sel_fpr_req"": ""2079"", ""sel_fpr_bid"": ""-25350"", ""buy_fpr_bid"": ""-25300"", ""buy_fpr_req"": ""92"", ""buy_1th_pre_req_pre"": ""0"", ""buy_2th_pre_bid"": ""-25250"", ""buy_2th_pre_req"": ""527"", ""buy_2th_pre_req_pre"": ""0"", ""buy_3th_pre_bid"": ""-25200"", ""buy_3th_pre_req"": ""1286"", ""buy_3th_pre_req_pre"": ""0"", ""buy_4th_pre_bid"": ""-25150"", ""buy_4th_pre_req"": ""545"", ""buy_4th_pre_req_pre"": ""0"", ""buy_5th_pre_bid"": ""-25100"", ""buy_5th_pre_req"": ""948"", ""buy_5th_pre_req_pre"": ""0"", ""buy_6th_pre_bid"": ""-25050"", ""buy_6th_pre_req"": ""318"", ""buy_6th_pre_req_pre"": ""0"", ""buy_7th_pre_bid"": ""-25000"", ""buy_7th_pre_req"": ""657"", ""buy_7th_pre_req_pre"": ""0"", ""buy_8th_pre_bid"": ""-24950"", ""buy_8th_pre_req"": ""238"", ""buy_8th_pre_req_pre"": ""0"", ""buy_9th_pre_bid"": ""-24900"", ""buy_9th_pre_req"": ""505"", ""buy_9th_pre_req_pre"": ""0"", ""buy_10th_pre_bid"": ""-24850"", ""buy_10th_pre_req"": ""835"", ""buy_10th_pre_req_pre"": ""0"", ""tot_sel_req_jub_pre"": ""+3"", ""tot_sel_req"": ""5219"", ""tot_buy_req"": ""5951"", ""tot_buy_req_jub_pre"": ""0"", ""ovt_sel_req_pre"": ""0"", ""ovt_sel_req"": ""0"", ""ovt_buy_req"": ""0"", ""ovt_buy_req_pre"": ""0"", ""return_code"": 0, ""return_msg"": ""정상적으로 처리되었습니다""}"
2026-06-10,scan_candidate,088350,,0,main_scan,4810,,4810,4800,4810,4820,0.10395010395010396,0.2079002079002079,,,,,,"{""bid_req_base_tm"": ""094539"", ""sel_10th_pre_req_pre"": ""0"", ""sel_10th_pre_req"": ""447"", ""sel_10th_pre_bid"": ""-4855"", ""sel_9th_pre_req_pre"": ""0"", ""sel_9th_pre_req"": ""7095"", ""sel_9th_pre_bid"": ""-4850"", ""sel_8th_pre_req_pre"": ""0"", ""sel_8th_pre_req"": ""5034"", ""sel_8th_pre_bid"": ""-4845"", ""sel_7th_pre_req_pre"": ""0"", ""sel_7th_pre_req"": ""5142"", ""sel_7th_pre_bid"": ""-4840"", ""sel_6th_pre_req_pre"": ""0"", ""sel_6th_pre_req"": ""900"", ""sel_6th_pre_bid"": ""-4835"", ""sel_5th_pre_req_pre"": ""0"", ""sel_5th_pre_req"": ""175"", ""sel_5th_pre_bid"": ""-4830"", ""sel_4th_pre_req_pre"": ""0"", ""sel_4th_pre_req"": ""100"", ""sel_4th_pre_bid"": ""-4825"", ""sel_3th_pre_req_pre"": ""0"", ""sel_3th_pre_req"": ""2294"", ""sel_3th_pre_bid"": ""-4820"", ""sel_2th_pre_req_pre"": ""--373"", ""sel_2th_pre_req"": ""1587"", ""sel_2th_pre_bid"": ""-4815"", ""sel_1th_pre_req_pre"": ""0"", ""sel_fpr_req"": ""1"", ""sel_fpr_bid"": ""-4810"", ""buy_fpr_bid"": ""-4800"", ""buy_fpr_req"": ""3"", ""buy_1th_pre_req_pre"": ""0"", ""buy_2th_pre_bid"": ""-4795"", ""buy_2th_pre_req"": ""3"", ""buy_2th_pre_req_pre"": ""0"", ""buy_3th_pre_bid"": ""-4790"", ""buy_3th_pre_req"": ""27243"", ""buy_3th_pre_req_pre"": ""0"", ""buy_4th_pre_bid"": ""-4785"", ""buy_4th_pre_req"": ""24537"", ""buy_4th_pre_req_pre"": ""+20"", ""buy_5th_pre_bid"": ""-4780"", ""buy_5th_pre_req"": ""7237"", ""buy_5th_pre_req_pre"": ""0"", ""buy_6th_pre_bid"": ""-4775"", ""buy_6th_pre_req"": ""1259"", ""buy_6th_pre_req_pre"": ""0"", ""buy_7th_pre_bid"": ""-4770"", ""buy_7th_pre_req"": ""4460"", ""buy_7th_pre_req_pre"": ""0"", ""buy_8th_pre_bid"": ""-4765"", ""buy_8th_pre_req"": ""965"", ""buy_8th_pre_req_pre"": ""0"", ""buy_9th_pre_bid"": ""-4760"", ""buy_9th_pre_req"": ""1228"", ""buy_9th_pre_req_pre"": ""0"", ""buy_10th_pre_bid"": ""-4755"", ""buy_10th_pre_req"": ""293"", ""buy_10th_pre_req_pre"": ""0"", ""tot_sel_req_jub_pre"": ""--373"", ""tot_sel_req"": ""22775"", ""tot_buy_req"": ""67228"", ""tot_buy_req_jub_pre"": ""+20"", ""ovt_sel_req_pre"": ""0"", ""ovt_sel_req"": ""0"", ""ovt_buy_req"": ""0"", ""ovt_buy_req_pre"": ""0"", ""return_code"": 0, ""return_msg"": ""정상적으로 처리되었습니다""}"
2026-06-10,scan_candidate,069960,,0,main_scan,165400,,165400,165300,165400,164500,-0.8464328899637243,0.06045949214026602,,,,,,"{""bid_req_base_tm"": ""094539"", ""sel_10th_pre_req_pre"": ""0"", ""sel_10th_pre_req"": ""1"", ""sel_10th_pre_bid"": ""+167100"", ""sel_9th_pre_req_pre"": ""0"", ""sel_9th_pre_req"": ""52"", ""sel_9th_pre_bid"": ""+167000"", ""sel_8th_pre_req_pre"": ""0"", ""sel_8th_pre_req"": ""50"", ""sel_8th_pre_bid"": ""-166700"", ""sel_7th_pre_req_pre"": ""0"", ""sel_7th_pre_req"": ""8"", ""sel_7th_pre_bid"": ""-166500"", ""sel_6th_pre_req_pre"": ""0"", ""sel_6th_pre_req"": ""1"", ""sel_6th_pre_bid"": ""-166100"", ""sel_5th_pre_req_pre"": ""0"", ""sel_5th_pre_req"": ""200"", ""sel_5th_pre_bid"": ""-166000"", ""sel_4th_pre_req_pre"": ""0"", ""sel_4th_pre_req"": ""122"", ""sel_4th_pre_bid"": ""-165800"", ""sel_3th_pre_req_pre"": ""0"", ""sel_3th_pre_req"": ""125"", ""sel_3th_pre_bid"": ""-165600"", ""sel_2th_pre_req_pre"": ""+1"", ""sel_2th_pre_req"": ""52"", ""sel_2th_pre_bid"": ""-165500"", ""sel_1th_pre_req_pre"": ""0"", ""sel_fpr_req"": ""220"", ""sel_fpr_bid"": ""-165400"", ""buy_fpr_bid"": ""-165300"", ""buy_fpr_req"": ""59"", ""buy_1th_pre_req_pre"": ""0"", ""buy_2th_pre_bid"": ""-165200"", ""buy_2th_pre_req"": ""139"", ""buy_2th_pre_req_pre"": ""0"", ""buy_3th_pre_bid"": ""-165100"", ""buy_3th_pre_req"": ""2"", ""buy_3th_pre_req_pre"": ""0"", ""buy_4th_pre_bid"": ""-165000"", ""buy_4th_pre_req"": ""72"", ""buy_4th_pre_req_pre"": ""0"", ""buy_5th_pre_bid"": ""-164700"", ""buy_5th_pre_req"": ""130"", ""buy_5th_pre_req_pre"": ""0"", ""buy_6th_pre_bid"": ""-164600"", ""buy_6th_pre_req"": ""8"", ""buy_6th_pre_req_pre"": ""0"", ""buy_7th_pre_bid"": ""-164500"", ""buy_7th_pre_req"": ""4"", ""buy_7th_pre_req_pre"": ""0"", ""buy_8th_pre_bid"": ""-164400"", ""buy_8th_pre_req"": ""1"", ""buy_8th_pre_req_pre"": ""0"", ""buy_9th_pre_bid"": ""-164100"", ""buy_9th_pre_req"": ""21"", ""buy_9th_pre_req_pre"": ""0"", ""buy_10th_pre_bid"": ""-164000"", ""buy_10th_pre_req"": ""7"", ""buy_10th_pre_req_pre"": ""0"", ""tot_sel_req_jub_pre"": ""+1"", ""tot_sel_req"": ""831"", ""tot_buy_req"": ""443"", ""tot_buy_req_jub_pre"": ""0"", ""ovt_sel_req_pre"": ""0"", ""ovt_sel_req"": ""0"", ""ovt_buy_req"": ""0"", ""ovt_buy_req_pre"": ""0"", ""return_code"": 0, ""return_msg"": ""정상적으로 처리되었습니다""}"
2026-06-10,scan_candidate,489790,,0,main_scan,70700,,70700,70600,70700,70700,-0.14144271570014144,0.14144271570014144,,,,,,"{""bid_req_base_tm"": ""094540"", ""sel_10th_pre_req_pre"": ""0"", ""sel_10th_pre_req"": ""801"", ""sel_10th_pre_bid"": ""+71600"", ""sel_9th_pre_req_pre"": ""0"", ""sel_9th_pre_req"": ""532"", ""sel_9th_pre_bid"": ""+71500"", ""sel_8th_pre_req_pre"": ""0"", ""sel_8th_pre_req"": ""474"", ""sel_8th_pre_bid"": ""+71400"", ""sel_7th_pre_req_pre"": ""0"", ""sel_7th_pre_req"": ""481"", ""sel_7th_pre_bid"": ""+71300"", ""sel_6th_pre_req_pre"": ""0"", ""sel_6th_pre_req"": ""273"", ""sel_6th_pre_bid"": ""+71200"", ""sel_5th_pre_req_pre"": ""0"", ""sel_5th_pre_req"": ""548"", ""sel_5th_pre_bid"": ""+71100"", ""sel_4th_pre_req_pre"": ""0"", ""sel_4th_pre_req"": ""825"", ""sel_4th_pre_bid"": ""+71000"", ""sel_3th_pre_req_pre"": ""0"", ""sel_3th_pre_req"": ""472"", ""sel_3th_pre_bid"": ""+70900"", ""sel_2th_pre_req_pre"": ""0"", ""sel_2th_pre_req"": ""43"", ""sel_2th_pre_bid"": ""+70800"", ""sel_1th_pre_req_pre"": ""0"", ""sel_fpr_req"": ""5"", ""sel_fpr_bid"": ""+70700"", ""buy_fpr_bid"": ""+70600"", ""buy_fpr_req"": ""83"", ""buy_1th_pre_req_pre"": ""0"", ""buy_2th_pre_bid"": ""+70500"", ""buy_2th_pre_req"": ""20"", ""buy_2th_pre_req_pre"": ""0"", ""buy_3th_pre_bid"": ""+70400"", ""buy_3th_pre_req"": ""45"", ""buy_3th_pre_req_pre"": ""0"", ""buy_4th_pre_bid"": ""+70300"", ""buy_4th_pre_req"": ""76"", ""buy_4th_pre_req_pre"": ""0"", ""buy_5th_pre_bid"": ""+70200"", ""buy_5th_pre_req"": ""452"", ""buy_5th_pre_req_pre"": ""0"", ""buy_6th_pre_bid"": ""+70100"", ""buy_6th_pre_req"": ""108"", ""buy_6th_pre_req_pre"": ""0"", ""buy_7th_pre_bid"": ""+70000"", ""buy_7th_pre_req"": ""911"", ""buy_7th_pre_req_pre"": ""0"", ""buy_8th_pre_bid"": ""+69900"", ""buy_8th_pre_req"": ""22979"", ""buy_8th_pre_req_pre"": ""0"", ""buy_9th_pre_bid"": ""+69800"", ""buy_9th_pre_req"": ""236"", ""buy_9th_pre_req_pre"": ""0"", ""buy_10th_pre_bid"": ""+69700"", ""buy_10th_pre_req"": ""21"", ""buy_10th_pre_req_pre"": ""0"", ""tot_sel_req_jub_pre"": ""0"", ""tot_sel_req"": ""4454"", ""tot_buy_req"": ""24931"", ""tot_buy_req_jub_pre"": ""0"", ""ovt_sel_req_pre"": ""0"", ""ovt_sel_req"": ""0"", ""ovt_buy_req"": ""0"", ""ovt_buy_req_pre"": ""0"", ""return_code"": 0, ""return_msg"": ""정상적으로 처리되었습니다""}"
2026-06-10,scan_candidate,085620,,0,main_scan,21600,,21600,21550,21600,21700,0.23148148148148145,0.23148148148148145,,,,,,"{""bid_req_base_tm"": ""094540"", ""sel_10th_pre_req_pre"": ""0"", ""sel_10th_pre_req"": ""1897"", ""sel_10th_pre_bid"": ""-22050"", ""sel_9th_pre_req_pre"": ""0"", ""sel_9th_pre_req"": ""690"", ""sel_9th_pre_bid"": ""-22000"", ""sel_8th_pre_req_pre"": ""0"", ""sel_8th_pre_req"": ""969"", ""sel_8th_pre_bid"": ""-21950"", ""sel_7th_pre_req_pre"": ""0"", ""sel_7th_pre_req"": ""349"", ""sel_7th_pre_bid"": ""-21900"", ""sel_6th_pre_req_pre"": ""0"", ""sel_6th_pre_req"": ""2358"", ""sel_6th_pre_bid"": ""-21850"", ""sel_5th_pre_req_pre"": ""0"", ""sel_5th_pre_req"": ""170"", ""sel_5th_pre_bid"": ""-21800"", ""sel_4th_pre_req_pre"": ""0"", ""sel_4th_pre_req"": ""483"", ""sel_4th_pre_bid"": ""-21750"", ""sel_3th_pre_req_pre"": ""0"", ""sel_3th_pre_req"": ""603"", ""sel_3th_pre_bid"": ""-21700"", ""sel_2th_pre_req_pre"": ""0"", ""sel_2th_pre_req"": ""144"", ""sel_2th_pre_bid"": ""-21650"", ""sel_1th_pre_req_pre"": ""0"", ""sel_fpr_req"": ""447"", ""sel_fpr_bid"": ""-21600"", ""buy_fpr_bid"": ""-21550"", ""buy_fpr_req"": ""807"", ""buy_1th_pre_req_pre"": ""0"", ""buy_2th_pre_bid"": ""-21500"", ""buy_2th_pre_req"": ""1212"", ""buy_2th_pre_req_pre"": ""+12"", ""buy_3th_pre_bid"": ""-21450"", ""buy_3th_pre_req"": ""2684"", ""buy_3th_pre_req_pre"": ""0"", ""buy_4th_pre_bid"": ""-21400"", ""buy_4th_pre_req"": ""3193"", ""buy_4th_pre_req_pre"": ""0"", ""buy_5th_pre_bid"": ""-21350"", ""buy_5th_pre_req"": ""2186"", ""buy_5th_pre_req_pre"": ""0"", ""buy_6th_pre_bid"": ""-21300"", ""buy_6th_pre_req"": ""5716"", ""buy_6th_pre_req_pre"": ""0"", ""buy_7th_pre_bid"": ""-21250"", ""buy_7th_pre_req"": ""1899"", ""buy_7th_pre_req_pre"": ""0"", ""buy_8th_pre_bid"": ""-21200"", ""buy_8th_pre_req"": ""1419"", ""buy_8th_pre_req_pre"": ""0"", ""buy_9th_pre_bid"": ""-21150"", ""buy_9th_pre_req"": ""1640"", ""buy_9th_pre_req_pre"": ""0"", ""buy_10th_pre_bid"": ""-21100"", ""buy_10th_pre_req"": ""2759"", ""buy_10th_pre_req_pre"": ""0"", ""tot_sel_req_jub_pre"": ""0"", ""tot_sel_req"": ""8110"", ""tot_buy_req"": ""23515"", ""tot_buy_req_jub_pre"": ""+12"", ""ovt_sel_req_pre"": ""0"", ""ovt_sel_req"": ""0"", ""ovt_buy_req"": ""0"", ""ovt_buy_req_pre"": ""0"", ""return_code"": 0, ""return_msg"": ""정상적으로 처리되었습니다""}"
2026-06-10,scan_candidate,001450,,0,main_scan,37100,,37100,37000,37100,36900,-0.6738544474393532,0.2695417789757413,,,,,,"{""bid_req_base_tm"": ""094540"", ""sel_10th_pre_req_pre"": ""0"", ""sel_10th_pre_req"": ""30"", ""sel_10th_pre_bid"": ""+37550"", ""sel_9th_pre_req_pre"": ""0"", ""sel_9th_pre_req"": ""297"", ""sel_9th_pre_bid"": ""+37500"", ""sel_8th_pre_req_pre"": ""0"", ""sel_8th_pre_req"": ""501"", ""sel_8th_pre_bid"": ""+37450"", ""sel_7th_pre_req_pre"": ""0"", ""sel_7th_pre_req"": ""1"", ""sel_7th_pre_bid"": ""+37400"", ""sel_6th_pre_req_pre"": ""0"", ""sel_6th_pre_req"": ""440"", ""sel_6th_pre_bid"": ""+37350"", ""sel_5th_pre_req_pre"": ""0"", ""sel_5th_pre_req"": ""19"", ""sel_5th_pre_bid"": ""+37300"", ""sel_4th_pre_req_pre"": ""0"", ""sel_4th_pre_req"": ""382"", ""sel_4th_pre_bid"": ""+37250"", ""sel_3th_pre_req_pre"": ""0"", ""sel_3th_pre_req"": ""830"", ""sel_3th_pre_bid"": ""+37200"", ""sel_2th_pre_req_pre"": ""0"", ""sel_2th_pre_req"": ""531"", ""sel_2th_pre_bid"": ""+37150"", ""sel_1th_pre_req_pre"": ""0"", ""sel_fpr_req"": ""286"", ""sel_fpr_bid"": ""+37100"", ""buy_fpr_bid"": ""+37000"", ""buy_fpr_req"": ""853"", ""buy_1th_pre_req_pre"": ""0"", ""buy_2th_pre_bid"": ""+36950"", ""buy_2th_pre_req"": ""101"", ""buy_2th_pre_req_pre"": ""+1"", ""buy_3th_pre_bid"": ""36900"", ""buy_3th_pre_req"": ""77"", ""buy_3th_pre_req_pre"": ""0"", ""buy_4th_pre_bid"": ""-36850"", ""buy_4th_pre_req"": ""130"", ""buy_4th_pre_req_pre"": ""0"", ""buy_5th_pre_bid"": ""-36800"", ""buy_5th_pre_req"": ""202"", ""buy_5th_pre_req_pre"": ""0"", ""buy_6th_pre_bid"": ""-36750"", ""buy_6th_pre_req"": ""238"", ""buy_6th_pre_req_pre"": ""0"", ""buy_7th_pre_bid"": ""-36700"", ""buy_7th_pre_req"": ""76"", ""buy_7th_pre_req_pre"": ""0"", ""buy_8th_pre_bid"": ""-36650"", ""buy_8th_pre_req"": ""11"", ""buy_8th_pre_req_pre"": ""0"", ""buy_9th_pre_bid"": ""-36600"", ""buy_9th_pre_req"": ""50"", ""buy_9th_pre_req_pre"": ""0"", ""buy_10th_pre_bid"": ""-36550"", ""buy_10th_pre_req"": ""12"", ""buy_10th_pre_req_pre"": ""0"", ""tot_sel_req_jub_pre"": ""0"", ""tot_sel_req"": ""3317"", ""tot_buy_req"": ""1750"", ""tot_buy_req_jub_pre"": ""+1"", ""ovt_sel_req_pre"": ""0"", ""ovt_sel_req"": ""0"", ""ovt_buy_req"": ""0"", ""ovt_buy_req_pre"": ""0"", ""return_code"": 0, ""return_msg"": ""정상적으로 처리되었습니다""}"
2026-06-10,scan_candidate,036460,,0,main_scan,34150,,34150,34100,34150,34300,0.29282576866764276,0.14641288433382138,,,,,,"{""bid_req_base_tm"": ""094539"", ""sel_10th_pre_req_pre"": ""0"", ""sel_10th_pre_req"": ""271"", ""sel_10th_pre_bid"": ""+34650"", ""sel_9th_pre_req_pre"": ""0"", ""sel_9th_pre_req"": ""129"", ""sel_9th_pre_bid"": ""+34600"", ""sel_8th_pre_req_pre"": ""0"", ""sel_8th_pre_req"": ""202"", ""sel_8th_pre_bid"": ""+34550"", ""sel_7th_pre_req_pre"": ""0"", ""sel_7th_pre_req"": ""203"", ""sel_7th_pre_bid"": ""+34500"", ""sel_6th_pre_req_pre"": ""0"", ""sel_6th_pre_req"": ""459"", ""sel_6th_pre_bid"": ""+34450"", ""sel_5th_pre_req_pre"": ""0"", ""sel_5th_pre_req"": ""146"", ""sel_5th_pre_bid"": ""+34400"", ""sel_4th_pre_req_pre"": ""0"", ""sel_4th_pre_req"": ""230"", ""sel_4th_pre_bid"": ""+34350"", ""sel_3th_pre_req_pre"": ""0"", ""sel_3th_pre_req"": ""220"", ""sel_3th_pre_bid"": ""+34300"", ""sel_2th_pre_req_pre"": ""0"", ""sel_2th_pre_req"": ""147"", ""sel_2th_pre_bid"": ""+34200"", ""sel_1th_pre_req_pre"": ""0"", ""sel_fpr_req"": ""137"", ""sel_fpr_bid"": ""+34150"", ""buy_fpr_bid"": ""+34100"", ""buy_fpr_req"": ""109"", ""buy_1th_pre_req_pre"": ""0"", ""buy_2th_pre_bid"": ""+34050"", ""buy_2th_pre_req"": ""703"", ""buy_2th_pre_req_pre"": ""0"", ""buy_3th_pre_bid"": ""34000"", ""buy_3th_pre_req"": ""2916"", ""buy_3th_pre_req_pre"": ""0"", ""buy_4th_pre_bid"": ""-33950"", ""buy_4th_pre_req"": ""854"", ""buy_4th_pre_req_pre"": ""0"", ""buy_5th_pre_bid"": ""-33900"", ""buy_5th_pre_req"": ""987"", ""buy_5th_pre_req_pre"": ""0"", ""buy_6th_pre_bid"": ""-33850"", ""buy_6th_pre_req"": ""270"", ""buy_6th_pre_req_pre"": ""0"", ""buy_7th_pre_bid"": ""-33800"", ""buy_7th_pre_req"": ""453"", ""buy_7th_pre_req_pre"": ""0"", ""buy_8th_pre_bid"": ""-33750"", ""buy_8th_pre_req"": ""662"", ""buy_8th_pre_req_pre"": ""0"", ""buy_9th_pre_bid"": ""-33700"", ""buy_9th_pre_req"": ""458"", ""buy_9th_pre_req_pre"": ""0"", ""buy_10th_pre_bid"": ""-33650"", ""buy_10th_pre_req"": ""1145"", ""buy_10th_pre_req_pre"": ""0"", ""tot_sel_req_jub_pre"": ""0"", ""tot_sel_req"": ""2144"", ""tot_buy_req"": ""8557"", ""tot_buy_req_jub_pre"": ""0"", ""ovt_sel_req_pre"": ""0"", ""ovt_sel_req"": ""0"", ""ovt_buy_req"": ""0"", ""ovt_buy_req_pre"": ""0"", ""return_code"": 0, ""return_msg"": ""정상적으로 처리되었습니다""}"
2026-06-10,scan_candidate,007810,,0,main_scan,119800,,119800,119700,119800,119500,-0.667779632721202,0.08347245409015025,,,,,,"{""bid_req_base_tm"": ""094540"", ""sel_10th_pre_req_pre"": ""0"", ""sel_10th_pre_req"": ""3"", ""sel_10th_pre_bid"": ""+121600"", ""sel_9th_pre_req_pre"": ""0"", ""sel_9th_pre_req"": ""201"", ""sel_9th_pre_bid"": ""+121500"", ""sel_8th_pre_req_pre"": ""0"", ""sel_8th_pre_req"": ""1"", ""sel_8th_pre_bid"": ""+121400"", ""sel_7th_pre_req_pre"": ""0"", ""sel_7th_pre_req"": ""66"", ""sel_7th_pre_bid"": ""+121000"", ""sel_6th_pre_req_pre"": ""0"", ""sel_6th_pre_req"": ""86"", ""sel_6th_pre_bid"": ""+120800"", ""sel_5th_pre_req_pre"": ""0"", ""sel_5th_pre_req"": ""34"", ""sel_5th_pre_bid"": ""+120700"", ""sel_4th_pre_req_pre"": ""--1"", ""sel_4th_pre_req"": ""15"", ""sel_4th_pre_bid"": ""+120500"", ""sel_3th_pre_req_pre"": ""--1"", ""sel_3th_pre_req"": ""33"", ""sel_3th_pre_bid"": ""+120400"", ""sel_2th_pre_req_pre"": ""0"", ""sel_2th_pre_req"": ""167"", ""sel_2th_pre_bid"": ""120300"", ""sel_1th_pre_req_pre"": ""0"", ""sel_fpr_req"": ""11"", ""sel_fpr_bid"": ""-119800"", ""buy_fpr_bid"": ""-119700"", ""buy_fpr_req"": ""2"", ""buy_1th_pre_req_pre"": ""--1"", ""buy_2th_pre_bid"": ""-119600"", ""buy_2th_pre_req"": ""2"", ""buy_2th_pre_req_pre"": ""0"", ""buy_3th_pre_bid"": ""-119500"", ""buy_3th_pre_req"": ""4"", ""buy_3th_pre_req_pre"": ""0"", ""buy_4th_pre_bid"": ""-119400"", ""buy_4th_pre_req"": ""8"", ""buy_4th_pre_req_pre"": ""0"", ""buy_5th_pre_bid"": ""-119300"", ""buy_5th_pre_req"": ""12"", ""buy_5th_pre_req_pre"": ""0"", ""buy_6th_pre_bid"": ""-119200"", ""buy_6th_pre_req"": ""44"", ""buy_6th_pre_req_pre"": ""0"", ""buy_7th_pre_bid"": ""-119100"", ""buy_7th_pre_req"": ""12"", ""buy_7th_pre_req_pre"": ""0"", ""buy_8th_pre_bid"": ""-119000"", ""buy_8th_pre_req"": ""146"", ""buy_8th_pre_req_pre"": ""0"", ""buy_9th_pre_bid"": ""-118900"", ""buy_9th_pre_req"": ""29"", ""buy_9th_pre_req_pre"": ""0"", ""buy_10th_pre_bid"": ""-118800"", ""buy_10th_pre_req"": ""33"", ""buy_10th_pre_req_pre"": ""0"", ""tot_sel_req_jub_pre"": ""--2"", ""tot_sel_req"": ""617"", ""tot_buy_req"": ""292"", ""tot_buy_req_jub_pre"": ""--1"", ""ovt_sel_req_pre"": ""0"", ""ovt_sel_req"": ""0"", ""ovt_buy_req"": ""0"", ""ovt_buy_req_pre"": ""0"", ""return_code"": 0, ""return_msg"": ""정상적으로 처리되었습니다""}"
2026-06-10,scan_candidate,001740,,0,main_scan,13660,,13660,13650,13660,13650,-0.43923865300146414,0.07320644216691069,,,,,,"{""bid_req_base_tm"": ""094541"", ""sel_10th_pre_req_pre"": ""0"", ""sel_10th_pre_req"": ""3391"", ""sel_10th_pre_bid"": ""-13760"", ""sel_9th_pre_req_pre"": ""0"", ""sel_9th_pre_req"": ""4424"", ""sel_9th_pre_bid"": ""-13750"", ""sel_8th_pre_req_pre"": ""0"", ""sel_8th_pre_req"": ""43"", ""sel_8th_pre_bid"": ""-13740"", ""sel_7th_pre_req_pre"": ""0"", ""sel_7th_pre_req"": ""175"", ""sel_7th_pre_bid"": ""-13720"", ""sel_6th_pre_req_pre"": ""0"", ""sel_6th_pre_req"": ""110"", ""sel_6th_pre_bid"": ""-13710"", ""sel_5th_pre_req_pre"": ""0"", ""sel_5th_pre_req"": ""138"", ""sel_5th_pre_bid"": ""-13700"", ""sel_4th_pre_req_pre"": ""0"", ""sel_4th_pre_req"": ""569"", ""sel_4th_pre_bid"": ""-13690"", ""sel_3th_pre_req_pre"": ""0"", ""sel_3th_pre_req"": ""2460"", ""sel_3th_pre_bid"": ""-13680"", ""sel_2th_pre_req_pre"": ""0"", ""sel_2th_pre_req"": ""265"", ""sel_2th_pre_bid"": ""-13670"", ""sel_1th_pre_req_pre"": ""0"", ""sel_fpr_req"": ""58"", ""sel_fpr_bid"": ""-13660"", ""buy_fpr_bid"": ""-13650"", ""buy_fpr_req"": ""3054"", ""buy_1th_pre_req_pre"": ""+188"", ""buy_2th_pre_bid"": ""-13640"", ""buy_2th_pre_req"": ""3455"", ""buy_2th_pre_req_pre"": ""0"", ""buy_3th_pre_bid"": ""-13630"", ""buy_3th_pre_req"": ""1827"", ""buy_3th_pre_req_pre"": ""0"", ""buy_4th_pre_bid"": ""-13620"", ""buy_4th_pre_req"": ""1564"", ""buy_4th_pre_req_pre"": ""0"", ""buy_5th_pre_bid"": ""-13610"", ""buy_5th_pre_req"": ""5569"", ""buy_5th_pre_req_pre"": ""0"", ""buy_6th_pre_bid"": ""-13600"", ""buy_6th_pre_req"": ""6597"", ""buy_6th_pre_req_pre"": ""0"", ""buy_7th_pre_bid"": ""-13590"", ""buy_7th_pre_req"": ""2995"", ""buy_7th_pre_req_pre"": ""0"", ""buy_8th_pre_bid"": ""-13580"", ""buy_8th_pre_req"": ""2601"", ""buy_8th_pre_req_pre"": ""0"", ""buy_9th_pre_bid"": ""-13570"", ""buy_9th_pre_req"": ""1662"", ""buy_9th_pre_req_pre"": ""0"", ""buy_10th_pre_bid"": ""-13560"", ""buy_10th_pre_req"": ""6872"", ""buy_10th_pre_req_pre"": ""0"", ""tot_sel_req_jub_pre"": ""0"", ""tot_sel_req"": ""11633"", ""tot_buy_req"": ""36196"", ""tot_buy_req_jub_pre"": ""+188"", ""ovt_sel_req_pre"": ""0"", ""ovt_sel_req"": ""0"", ""ovt_buy_req"": ""0"", ""ovt_buy_req_pre"": ""0"", ""return_code"": 0, ""return_msg"": ""정상적으로 처리되었습니다""}"
2026-06-10,scan_candidate,383220,,0,main_scan,75500,,75500,75400,75500,75600,0.0,0.13245033112582782,,,,,,"{""bid_req_base_tm"": ""094540"", ""sel_10th_pre_req_pre"": ""0"", ""sel_10th_pre_req"": ""17"", ""sel_10th_pre_bid"": ""+76800"", ""sel_9th_pre_req_pre"": ""0"", ""sel_9th_pre_req"": ""1"", ""sel_9th_pre_bid"": ""+76700"", ""sel_8th_pre_req_pre"": ""0"", ""sel_8th_pre_req"": ""7"", ""sel_8th_pre_bid"": ""+76500"", ""sel_7th_pre_req_pre"": ""0"", ""sel_7th_pre_req"": ""1"", ""sel_7th_pre_bid"": ""+76400"", ""sel_6th_pre_req_pre"": ""0"", ""sel_6th_pre_req"": ""5"", ""sel_6th_pre_bid"": ""+76000"", ""sel_5th_pre_req_pre"": ""0"", ""sel_5th_pre_req"": ""155"", ""sel_5th_pre_bid"": ""+75900"", ""sel_4th_pre_req_pre"": ""0"", ""sel_4th_pre_req"": ""77"", ""sel_4th_pre_bid"": ""+75800"", ""sel_3th_pre_req_pre"": ""0"", ""sel_3th_pre_req"": ""15"", ""sel_3th_pre_bid"": ""+75700"", ""sel_2th_pre_req_pre"": ""0"", ""sel_2th_pre_req"": ""2"", ""sel_2th_pre_bid"": ""+75600"", ""sel_1th_pre_req_pre"": ""0"", ""sel_fpr_req"": ""76"", ""sel_fpr_bid"": ""+75500"", ""buy_fpr_bid"": ""+75400"", ""buy_fpr_req"": ""32"", ""buy_1th_pre_req_pre"": ""+5"", ""buy_2th_pre_bid"": ""+75300"", ""buy_2th_pre_req"": ""33"", ""buy_2th_pre_req_pre"": ""0"", ""buy_3th_pre_bid"": ""+75200"", ""buy_3th_pre_req"": ""25"", ""buy_3th_pre_req_pre"": ""0"", ""buy_4th_pre_bid"": ""+75100"", ""buy_4th_pre_req"": ""124"", ""buy_4th_pre_req_pre"": ""0"", ""buy_5th_pre_bid"": ""+75000"", ""buy_5th_pre_req"": ""4"", ""buy_5th_pre_req_pre"": ""0"", ""buy_6th_pre_bid"": ""+74900"", ""buy_6th_pre_req"": ""10"", ""buy_6th_pre_req_pre"": ""0"", ""buy_7th_pre_bid"": ""+74800"", ""buy_7th_pre_req"": ""19"", ""buy_7th_pre_req_pre"": ""0"", ""buy_8th_pre_bid"": ""+74700"", ""buy_8th_pre_req"": ""15"", ""buy_8th_pre_req_pre"": ""0"", ""buy_9th_pre_bid"": ""74600"", ""buy_9th_pre_req"": ""64"", ""buy_9th_pre_req_pre"": ""0"", ""buy_10th_pre_bid"": ""-74500"", ""buy_10th_pre_req"": ""26"", ""buy_10th_pre_req_pre"": ""0"", ""tot_sel_req_jub_pre"": ""0"", ""tot_sel_req"": ""356"", ""tot_buy_req"": ""352"", ""tot_buy_req_jub_pre"": ""+5"", ""ovt_sel_req_pre"": ""0"", ""ovt_sel_req"": ""0"", ""ovt_buy_req"": ""0"", ""ovt_buy_req_pre"": ""0"", ""return_code"": 0, ""return_msg"": ""정상적으로 처리되었습니다""}"
2026-06-10,scan_candidate,014680,,0,main_scan,260000,,260000,259500,260000,261500,0.38461538461538464,0.19230769230769232,,,,,,"{""bid_req_base_tm"": ""094540"", ""sel_10th_pre_req_pre"": ""0"", ""sel_10th_pre_req"": ""39"", ""sel_10th_pre_bid"": ""+264500"", ""sel_9th_pre_req_pre"": ""0"", ""sel_9th_pre_req"": ""11"", ""sel_9th_pre_bid"": ""+264000"", ""sel_8th_pre_req_pre"": ""0"", ""sel_8th_pre_req"": ""2"", ""sel_8th_pre_bid"": ""+263500"", ""sel_7th_pre_req_pre"": ""0"", ""sel_7th_pre_req"": ""11"", ""sel_7th_pre_bid"": ""+263000"", ""sel_6th_pre_req_pre"": ""0"", ""sel_6th_pre_req"": ""11"", ""sel_6th_pre_bid"": ""+262500"", ""sel_5th_pre_req_pre"": ""0"", ""sel_5th_pre_req"": ""2"", ""sel_5th_pre_bid"": ""+262000"", ""sel_4th_pre_req_pre"": ""0"", ""sel_4th_pre_req"": ""56"", ""sel_4th_pre_bid"": ""+261500"", ""sel_3th_pre_req_pre"": ""0"", ""sel_3th_pre_req"": ""55"", ""sel_3th_pre_bid"": ""+261000"", ""sel_2th_pre_req_pre"": ""0"", ""sel_2th_pre_req"": ""87"", ""sel_2th_pre_bid"": ""+260500"", ""sel_1th_pre_req_pre"": ""0"", ""sel_fpr_req"": ""13"", ""sel_fpr_bid"": ""+260000"", ""buy_fpr_bid"": ""+259500"", ""buy_fpr_req"": ""203"", ""buy_1th_pre_req_pre"": ""+19"", ""buy_2th_pre_bid"": ""+259000"", ""buy_2th_pre_req"": ""47"", ""buy_2th_pre_req_pre"": ""0"", ""buy_3th_pre_bid"": ""+258500"", ""buy_3th_pre_req"": ""395"", ""buy_3th_pre_req_pre"": ""0"", ""buy_4th_pre_bid"": ""+258000"", ""buy_4th_pre_req"": ""19"", ""buy_4th_pre_req_pre"": ""0"", ""buy_5th_pre_bid"": ""+257500"", ""buy_5th_pre_req"": ""9"", ""buy_5th_pre_req_pre"": ""0"", ""buy_6th_pre_bid"": ""+257000"", ""buy_6th_pre_req"": ""103"", ""buy_6th_pre_req_pre"": ""0"", ""buy_7th_pre_bid"": ""+256500"", ""buy_7th_pre_req"": ""2"", ""buy_7th_pre_req_pre"": ""0"", ""buy_8th_pre_bid"": ""+256000"", ""buy_8th_pre_req"": ""2"", ""buy_8th_pre_req_pre"": ""0"", ""buy_9th_pre_bid"": ""+255500"", ""buy_9th_pre_req"": ""68"", ""buy_9th_pre_req_pre"": ""0"", ""buy_10th_pre_bid"": ""+255000"", ""buy_10th_pre_req"": ""2"", ""buy_10th_pre_req_pre"": ""0"", ""tot_sel_req_jub_pre"": ""0"", ""tot_sel_req"": ""287"", ""tot_buy_req"": ""850"", ""tot_buy_req_jub_pre"": ""+19"", ""ovt_sel_req_pre"": ""0"", ""ovt_sel_req"": ""0"", ""ovt_buy_req"": ""0"", ""ovt_buy_req_pre"": ""0"", ""return_code"": 0, ""return_msg"": ""정상적으로 처리되었습니다""}"
2026-06-10,scan_candidate,028670,,0,main_scan,5060,,5060,5050,5060,5080,0.1976284584980237,0.1976284584980237,,,,,,"{""bid_req_base_tm"": ""094541"", ""sel_10th_pre_req_pre"": ""0"", ""sel_10th_pre_req"": ""200"", ""sel_10th_pre_bid"": ""-5150"", ""sel_9th_pre_req_pre"": ""0"", ""sel_9th_pre_req"": ""305"", ""sel_9th_pre_bid"": ""-5140"", ""sel_8th_pre_req_pre"": ""0"", ""sel_8th_pre_req"": ""159"", ""sel_8th_pre_bid"": ""-5130"", ""sel_7th_pre_req_pre"": ""0"", ""sel_7th_pre_req"": ""307"", ""sel_7th_pre_bid"": ""-5120"", ""sel_6th_pre_req_pre"": ""0"", ""sel_6th_pre_req"": ""200"", ""sel_6th_pre_bid"": ""-5110"", ""sel_5th_pre_req_pre"": ""0"", ""sel_5th_pre_req"": ""1379"", ""sel_5th_pre_bid"": ""-5100"", ""sel_4th_pre_req_pre"": ""0"", ""sel_4th_pre_req"": ""1250"", ""sel_4th_pre_bid"": ""-5090"", ""sel_3th_pre_req_pre"": ""0"", ""sel_3th_pre_req"": ""4169"", ""sel_3th_pre_bid"": ""-5080"", ""sel_2th_pre_req_pre"": ""0"", ""sel_2th_pre_req"": ""2088"", ""sel_2th_pre_bid"": ""-5070"", ""sel_1th_pre_req_pre"": ""0"", ""sel_fpr_req"": ""2343"", ""sel_fpr_bid"": ""-5060"", ""buy_fpr_bid"": ""-5050"", ""buy_fpr_req"": ""2738"", ""buy_1th_pre_req_pre"": ""0"", ""buy_2th_pre_bid"": ""-5040"", ""buy_2th_pre_req"": ""3191"", ""buy_2th_pre_req_pre"": ""0"", ""buy_3th_pre_bid"": ""-5030"", ""buy_3th_pre_req"": ""2954"", ""buy_3th_pre_req_pre"": ""0"", ""buy_4th_pre_bid"": ""-5020"", ""buy_4th_pre_req"": ""2392"", ""buy_4th_pre_req_pre"": ""0"", ""buy_5th_pre_bid"": ""-5010"", ""buy_5th_pre_req"": ""2468"", ""buy_5th_pre_req_pre"": ""0"", ""buy_6th_pre_bid"": ""-5000"", ""buy_6th_pre_req"": ""6113"", ""buy_6th_pre_req_pre"": ""0"", ""buy_7th_pre_bid"": ""-4995"", ""buy_7th_pre_req"": ""2242"", ""buy_7th_pre_req_pre"": ""0"", ""buy_8th_pre_bid"": ""-4990"", ""buy_8th_pre_req"": ""1142"", ""buy_8th_pre_req_pre"": ""0"", ""buy_9th_pre_bid"": ""-4985"", ""buy_9th_pre_req"": ""1006"", ""buy_9th_pre_req_pre"": ""0"", ""buy_10th_pre_bid"": ""-4980"", ""buy_10th_pre_req"": ""10343"", ""buy_10th_pre_req_pre"": ""0"", ""tot_sel_req_jub_pre"": ""0"", ""tot_sel_req"": ""12400"", ""tot_buy_req"": ""34589"", ""tot_buy_req_jub_pre"": ""0"", ""ovt_sel_req_pre"": ""0"", ""ovt_sel_req"": ""0"", ""ovt_buy_req"": ""0"", ""ovt_buy_req_pre"": ""0"", ""return_code"": 0, ""return_msg"": ""정상적으로 처리되었습니다""}"
2026-06-10,scan_candidate,009420,,0,main_scan,50400,,50400,50300,50400,50700,0.3968253968253968,0.1984126984126984,,,,,,"{""bid_req_base_tm"": ""094541"", ""sel_10th_pre_req_pre"": ""0"", ""sel_10th_pre_req"": ""40"", ""sel_10th_pre_bid"": ""-51400"", ""sel_9th_pre_req_pre"": ""0"", ""sel_9th_pre_req"": ""10"", ""sel_9th_pre_bid"": ""-51300"", ""sel_8th_pre_req_pre"": ""0"", ""sel_8th_pre_req"": ""13"", ""sel_8th_pre_bid"": ""-51200"", ""sel_7th_pre_req_pre"": ""0"", ""sel_7th_pre_req"": ""50"", ""sel_7th_pre_bid"": ""-51100"", ""sel_6th_pre_req_pre"": ""0"", ""sel_6th_pre_req"": ""100"", ""sel_6th_pre_bid"": ""-51000"", ""sel_5th_pre_req_pre"": ""0"", ""sel_5th_pre_req"": ""54"", ""sel_5th_pre_bid"": ""-50900"", ""sel_4th_pre_req_pre"": ""0"", ""sel_4th_pre_req"": ""152"", ""sel_4th_pre_bid"": ""-50800"", ""sel_3th_pre_req_pre"": ""0"", ""sel_3th_pre_req"": ""11"", ""sel_3th_pre_bid"": ""-50600"", ""sel_2th_pre_req_pre"": ""0"", ""sel_2th_pre_req"": ""135"", ""sel_2th_pre_bid"": ""-50500"", ""sel_1th_pre_req_pre"": ""0"", ""sel_fpr_req"": ""34"", ""sel_fpr_bid"": ""-50400"", ""buy_fpr_bid"": ""-50300"", ""buy_fpr_req"": ""129"", ""buy_1th_pre_req_pre"": ""0"", ""buy_2th_pre_bid"": ""-50200"", ""buy_2th_pre_req"": ""38"", ""buy_2th_pre_req_pre"": ""+11"", ""buy_3th_pre_bid"": ""-50100"", ""buy_3th_pre_req"": ""357"", ""buy_3th_pre_req_pre"": ""0"", ""buy_4th_pre_bid"": ""-50000"", ""buy_4th_pre_req"": ""314"", ""buy_4th_pre_req_pre"": ""0"", ""buy_5th_pre_bid"": ""-49950"", ""buy_5th_pre_req"": ""300"", ""buy_5th_pre_req_pre"": ""0"", ""buy_6th_pre_bid"": ""-49900"", ""buy_6th_pre_req"": ""805"", ""buy_6th_pre_req_pre"": ""0"", ""buy_7th_pre_bid"": ""-49850"", ""buy_7th_pre_req"": ""330"", ""buy_7th_pre_req_pre"": ""0"", ""buy_8th_pre_bid"": ""-49800"", ""buy_8th_pre_req"": ""342"", ""buy_8th_pre_req_pre"": ""0"", ""buy_9th_pre_bid"": ""-49750"", ""buy_9th_pre_req"": ""87"", ""buy_9th_pre_req_pre"": ""0"", ""buy_10th_pre_bid"": ""-49700"", ""buy_10th_pre_req"": ""53"", ""buy_10th_pre_req_pre"": ""0"", ""tot_sel_req_jub_pre"": ""0"", ""tot_sel_req"": ""599"", ""tot_buy_req"": ""2755"", ""tot_buy_req_jub_pre"": ""+11"", ""ovt_sel_req_pre"": ""0"", ""ovt_sel_req"": ""0"", ""ovt_buy_req"": ""0"", ""ovt_buy_req_pre"": ""0"", ""return_code"": 0, ""return_msg"": ""정상적으로 처리되었습니다""}"
2026-06-10,scan_candidate,004990,,0,main_scan,25500,,25500,25450,25500,25650,0.39215686274509803,0.19607843137254902,,,,,,"{""bid_req_base_tm"": ""094541"", ""sel_10th_pre_req_pre"": ""0"", ""sel_10th_pre_req"": ""69"", ""sel_10th_pre_bid"": ""26150"", ""sel_9th_pre_req_pre"": ""0"", ""sel_9th_pre_req"": ""602"", ""sel_9th_pre_bid"": ""-26100"", ""sel_8th_pre_req_pre"": ""0"", ""sel_8th_pre_req"": ""51"", ""sel_8th_pre_bid"": ""-26050"", ""sel_7th_pre_req_pre"": ""0"", ""sel_7th_pre_req"": ""503"", ""sel_7th_pre_bid"": ""-26000"", ""sel_6th_pre_req_pre"": ""0"", ""sel_6th_pre_req"": ""106"", ""sel_6th_pre_bid"": ""-25950"", ""sel_5th_pre_req_pre"": ""0"", ""sel_5th_pre_req"": ""770"", ""sel_5th_pre_bid"": ""-25750"", ""sel_4th_pre_req_pre"": ""0"", ""sel_4th_pre_req"": ""50"", ""sel_4th_pre_bid"": ""-25700"", ""sel_3th_pre_req_pre"": ""0"", ""sel_3th_pre_req"": ""172"", ""sel_3th_pre_bid"": ""-25600"", ""sel_2th_pre_req_pre"": ""0"", ""sel_2th_pre_req"": ""362"", ""sel_2th_pre_bid"": ""-25550"", ""sel_1th_pre_req_pre"": ""0"", ""sel_fpr_req"": ""815"", ""sel_fpr_bid"": ""-25500"", ""buy_fpr_bid"": ""-25450"", ""buy_fpr_req"": ""471"", ""buy_1th_pre_req_pre"": ""+244"", ""buy_2th_pre_bid"": ""-25400"", ""buy_2th_pre_req"": ""515"", ""buy_2th_pre_req_pre"": ""0"", ""buy_3th_pre_bid"": ""-25350"", ""buy_3th_pre_req"": ""266"", ""buy_3th_pre_req_pre"": ""0"", ""buy_4th_pre_bid"": ""-25300"", ""buy_4th_pre_req"": ""668"", ""buy_4th_pre_req_pre"": ""0"", ""buy_5th_pre_bid"": ""-25250"", ""buy_5th_pre_req"": ""633"", ""buy_5th_pre_req_pre"": ""0"", ""buy_6th_pre_bid"": ""-25200"", ""buy_6th_pre_req"": ""392"", ""buy_6th_pre_req_pre"": ""0"", ""buy_7th_pre_bid"": ""-25150"", ""buy_7th_pre_req"": ""576"", ""buy_7th_pre_req_pre"": ""0"", ""buy_8th_pre_bid"": ""-25100"", ""buy_8th_pre_req"": ""1420"", ""buy_8th_pre_req_pre"": ""0"", ""buy_9th_pre_bid"": ""-25050"", ""buy_9th_pre_req"": ""1261"", ""buy_9th_pre_req_pre"": ""0"", ""buy_10th_pre_bid"": ""-25000"", ""buy_10th_pre_req"": ""687"", ""buy_10th_pre_req_pre"": ""0"", ""tot_sel_req_jub_pre"": ""0"", ""tot_sel_req"": ""3500"", ""tot_buy_req"": ""6889"", ""tot_buy_req_jub_pre"": ""+244"", ""ovt_sel_req_pre"": ""0"", ""ovt_sel_req"": ""0"", ""ovt_buy_req"": ""0"", ""ovt_buy_req_pre"": ""0"", ""return_code"": 0, ""return_msg"": ""정상적으로 처리되었습니다""}"
2026-06-10,scan_candidate,483650,,0,main_scan,201000,,201000,200500,201000,200500,-0.4975124378109453,0.24875621890547264,,,,,,"{""bid_req_base_tm"": ""094540"", ""sel_10th_pre_req_pre"": ""0"", ""sel_10th_pre_req"": ""150"", ""sel_10th_pre_bid"": ""+205500"", ""sel_9th_pre_req_pre"": ""0"", ""sel_9th_pre_req"": ""144"", ""sel_9th_pre_bid"": ""+205000"", ""sel_8th_pre_req_pre"": ""0"", ""sel_8th_pre_req"": ""47"", ""sel_8th_pre_bid"": ""+204500"", ""sel_7th_pre_req_pre"": ""0"", ""sel_7th_pre_req"": ""42"", ""sel_7th_pre_bid"": ""+204000"", ""sel_6th_pre_req_pre"": ""0"", ""sel_6th_pre_req"": ""2"", ""sel_6th_pre_bid"": ""+203500"", ""sel_5th_pre_req_pre"": ""0"", ""sel_5th_pre_req"": ""20"", ""sel_5th_pre_bid"": ""+203000"", ""sel_4th_pre_req_pre"": ""0"", ""sel_4th_pre_req"": ""155"", ""sel_4th_pre_bid"": ""+202500"", ""sel_3th_pre_req_pre"": ""0"", ""sel_3th_pre_req"": ""50"", ""sel_3th_pre_bid"": ""+202000"", ""sel_2th_pre_req_pre"": ""0"", ""sel_2th_pre_req"": ""131"", ""sel_2th_pre_bid"": ""+201500"", ""sel_1th_pre_req_pre"": ""--3"", ""sel_fpr_req"": ""17"", ""sel_fpr_bid"": ""+201000"", ""buy_fpr_bid"": ""+200500"", ""buy_fpr_req"": ""80"", ""buy_1th_pre_req_pre"": ""0"", ""buy_2th_pre_bid"": ""+200000"", ""buy_2th_pre_req"": ""48"", ""buy_2th_pre_req_pre"": ""0"", ""buy_3th_pre_bid"": ""+199900"", ""buy_3th_pre_req"": ""30"", ""buy_3th_pre_req_pre"": ""0"", ""buy_4th_pre_bid"": ""+199800"", ""buy_4th_pre_req"": ""8"", ""buy_4th_pre_req_pre"": ""0"", ""buy_5th_pre_bid"": ""+199700"", ""buy_5th_pre_req"": ""26"", ""buy_5th_pre_req_pre"": ""0"", ""buy_6th_pre_bid"": ""+199600"", ""buy_6th_pre_req"": ""4"", ""buy_6th_pre_req_pre"": ""0"", ""buy_7th_pre_bid"": ""+199500"", ""buy_7th_pre_req"": ""16"", ""buy_7th_pre_req_pre"": ""0"", ""buy_8th_pre_bid"": ""+199400"", ""buy_8th_pre_req"": ""4"", ""buy_8th_pre_req_pre"": ""0"", ""buy_9th_pre_bid"": ""+199300"", ""buy_9th_pre_req"": ""7"", ""buy_9th_pre_req_pre"": ""0"", ""buy_10th_pre_bid"": ""+199200"", ""buy_10th_pre_req"": ""22"", ""buy_10th_pre_req_pre"": ""0"", ""tot_sel_req_jub_pre"": ""--3"", ""tot_sel_req"": ""758"", ""tot_buy_req"": ""245"", ""tot_buy_req_jub_pre"": ""0"", ""ovt_sel_req_pre"": ""0"", ""ovt_sel_req"": ""0"", ""ovt_buy_req"": ""0"", ""ovt_buy_req_pre"": ""0"", ""return_code"": 0, ""return_msg"": ""정상적으로 처리되었습니다""}"
2026-06-10,scan_candidate,003690,,0,main_scan,13230,,13230,13220,13230,13150,-0.9826152683295541,0.07558578987150416,,,,,,"{""bid_req_base_tm"": ""094542"", ""sel_10th_pre_req_pre"": ""0"", ""sel_10th_pre_req"": ""883"", ""sel_10th_pre_bid"": ""-13350"", ""sel_9th_pre_req_pre"": ""0"", ""sel_9th_pre_req"": ""481"", ""sel_9th_pre_bid"": ""-13340"", ""sel_8th_pre_req_pre"": ""0"", ""sel_8th_pre_req"": ""255"", ""sel_8th_pre_bid"": ""-13330"", ""sel_7th_pre_req_pre"": ""0"", ""sel_7th_pre_req"": ""285"", ""sel_7th_pre_bid"": ""-13320"", ""sel_6th_pre_req_pre"": ""0"", ""sel_6th_pre_req"": ""50"", ""sel_6th_pre_bid"": ""-13310"", ""sel_5th_pre_req_pre"": ""0"", ""sel_5th_pre_req"": ""632"", ""sel_5th_pre_bid"": ""-13300"", ""sel_4th_pre_req_pre"": ""0"", ""sel_4th_pre_req"": ""327"", ""sel_4th_pre_bid"": ""-13260"", ""sel_3th_pre_req_pre"": ""0"", ""sel_3th_pre_req"": ""206"", ""sel_3th_pre_bid"": ""-13250"", ""sel_2th_pre_req_pre"": ""+53"", ""sel_2th_pre_req"": ""144"", ""sel_2th_pre_bid"": ""-13240"", ""sel_1th_pre_req_pre"": ""0"", ""sel_fpr_req"": ""45"", ""sel_fpr_bid"": ""-13230"", ""buy_fpr_bid"": ""-13220"", ""buy_fpr_req"": ""92"", ""buy_1th_pre_req_pre"": ""--35"", ""buy_2th_pre_bid"": ""-13210"", ""buy_2th_pre_req"": ""210"", ""buy_2th_pre_req_pre"": ""0"", ""buy_3th_pre_bid"": ""-13200"", ""buy_3th_pre_req"": ""1"", ""buy_3th_pre_req_pre"": ""0"", ""buy_4th_pre_bid"": ""-13190"", ""buy_4th_pre_req"": ""1"", ""buy_4th_pre_req_pre"": ""0"", ""buy_5th_pre_bid"": ""-13170"", ""buy_5th_pre_req"": ""5"", ""buy_5th_pre_req_pre"": ""0"", ""buy_6th_pre_bid"": ""-13150"", ""buy_6th_pre_req"": ""1"", ""buy_6th_pre_req_pre"": ""0"", ""buy_7th_pre_bid"": ""-13120"", ""buy_7th_pre_req"": ""120"", ""buy_7th_pre_req_pre"": ""0"", ""buy_8th_pre_bid"": ""-13100"", ""buy_8th_pre_req"": ""134"", ""buy_8th_pre_req_pre"": ""0"", ""buy_9th_pre_bid"": ""-13090"", ""buy_9th_pre_req"": ""6"", ""buy_9th_pre_req_pre"": ""0"", ""buy_10th_pre_bid"": ""-13080"", ""buy_10th_pre_req"": ""6"", ""buy_10th_pre_req_pre"": ""0"", ""tot_sel_req_jub_pre"": ""+48"", ""tot_sel_req"": ""3308"", ""tot_buy_req"": ""576"", ""tot_buy_req_jub_pre"": ""--30"", ""ovt_sel_req_pre"": ""0"", ""ovt_sel_req"": ""0"", ""ovt_buy_req"": ""0"", ""ovt_buy_req_pre"": ""0"", ""return_code"": 0, ""return_msg"": ""정상적으로 처리되었습니다""}"
2026-06-10,scan_candidate,279570,,0,main_scan,5990,,5990,5980,5990,5960,-0.667779632721202,0.1669449081803005,,,,,,"{""bid_req_base_tm"": ""094542"", ""sel_10th_pre_req_pre"": ""0"", ""sel_10th_pre_req"": ""11103"", ""sel_10th_pre_bid"": ""+6080"", ""sel_9th_pre_req_pre"": ""0"", ""sel_9th_pre_req"": ""16371"", ""sel_9th_pre_bid"": ""+6070"", ""sel_8th_pre_req_pre"": ""0"", ""sel_8th_pre_req"": ""34175"", ""sel_8th_pre_bid"": ""+6060"", ""sel_7th_pre_req_pre"": ""0"", ""sel_7th_pre_req"": ""31099"", ""sel_7th_pre_bid"": ""+6050"", ""sel_6th_pre_req_pre"": ""0"", ""sel_6th_pre_req"": ""39064"", ""sel_6th_pre_bid"": ""+6040"", ""sel_5th_pre_req_pre"": ""0"", ""sel_5th_pre_req"": ""17747"", ""sel_5th_pre_bid"": ""+6030"", ""sel_4th_pre_req_pre"": ""0"", ""sel_4th_pre_req"": ""16901"", ""sel_4th_pre_bid"": ""+6020"", ""sel_3th_pre_req_pre"": ""0"", ""sel_3th_pre_req"": ""14225"", ""sel_3th_pre_bid"": ""+6010"", ""sel_2th_pre_req_pre"": ""0"", ""sel_2th_pre_req"": ""16711"", ""sel_2th_pre_bid"": ""+6000"", ""sel_1th_pre_req_pre"": ""+200"", ""sel_fpr_req"": ""10809"", ""sel_fpr_bid"": ""+5990"", ""buy_fpr_bid"": ""+5980"", ""buy_fpr_req"": ""130"", ""buy_1th_pre_req_pre"": ""--857"", ""buy_2th_pre_bid"": ""+5970"", ""buy_2th_pre_req"": ""3571"", ""buy_2th_pre_req_pre"": ""0"", ""buy_3th_pre_bid"": ""+5960"", ""buy_3th_pre_req"": ""8043"", ""buy_3th_pre_req_pre"": ""0"", ""buy_4th_pre_bid"": ""+5950"", ""buy_4th_pre_req"": ""26740"", ""buy_4th_pre_req_pre"": ""0"", ""buy_5th_pre_bid"": ""+5940"", ""buy_5th_pre_req"": ""3649"", ""buy_5th_pre_req_pre"": ""0"", ""buy_6th_pre_bid"": ""+5930"", ""buy_6th_pre_req"": ""4726"", ""buy_6th_pre_req_pre"": ""0"", ""buy_7th_pre_bid"": ""+5920"", ""buy_7th_pre_req"": ""4082"", ""buy_7th_pre_req_pre"": ""0"", ""buy_8th_pre_bid"": ""+5910"", ""buy_8th_pre_req"": ""6485"", ""buy_8th_pre_req_pre"": ""0"", ""buy_9th_pre_bid"": ""+5900"", ""buy_9th_pre_req"": ""11549"", ""buy_9th_pre_req_pre"": ""0"", ""buy_10th_pre_bid"": ""+5890"", ""buy_10th_pre_req"": ""4635"", ""buy_10th_pre_req_pre"": ""0"", ""tot_sel_req_jub_pre"": ""+200"", ""tot_sel_req"": ""208205"", ""tot_buy_req"": ""73610"", ""tot_buy_req_jub_pre"": ""--857"", ""ovt_sel_req_pre"": ""0"", ""ovt_sel_req"": ""0"", ""ovt_buy_req"": ""0"", ""ovt_buy_req_pre"": ""0"", ""return_code"": 0, ""return_msg"": ""정상적으로 처리되었습니다""}"
2026-06-10,scan_candidate,008770,,0,main_scan,53300,,53300,53200,53300,53700,0.5628517823639775,0.18761726078799248,,,,,,"{""bid_req_base_tm"": ""094538"", ""sel_10th_pre_req_pre"": ""0"", ""sel_10th_pre_req"": ""4"", ""sel_10th_pre_bid"": ""-54300"", ""sel_9th_pre_req_pre"": ""0"", ""sel_9th_pre_req"": ""153"", ""sel_9th_pre_bid"": ""-54200"", ""sel_8th_pre_req_pre"": ""0"", ""sel_8th_pre_req"": ""27"", ""sel_8th_pre_bid"": ""-54100"", ""sel_7th_pre_req_pre"": ""0"", ""sel_7th_pre_req"": ""2"", ""sel_7th_pre_bid"": ""-54000"", ""sel_6th_pre_req_pre"": ""0"", ""sel_6th_pre_req"": ""3"", ""sel_6th_pre_bid"": ""-53900"", ""sel_5th_pre_req_pre"": ""--16"", ""sel_5th_pre_req"": ""26"", ""sel_5th_pre_bid"": ""-53700"", ""sel_4th_pre_req_pre"": ""0"", ""sel_4th_pre_req"": ""79"", ""sel_4th_pre_bid"": ""-53600"", ""sel_3th_pre_req_pre"": ""0"", ""sel_3th_pre_req"": ""126"", ""sel_3th_pre_bid"": ""-53500"", ""sel_2th_pre_req_pre"": ""+2"", ""sel_2th_pre_req"": ""301"", ""sel_2th_pre_bid"": ""-53400"", ""sel_1th_pre_req_pre"": ""+6"", ""sel_fpr_req"": ""135"", ""sel_fpr_bid"": ""-53300"", ""buy_fpr_bid"": ""-53200"", ""buy_fpr_req"": ""123"", ""buy_1th_pre_req_pre"": ""0"", ""buy_2th_pre_bid"": ""-53100"", ""buy_2th_pre_req"": ""843"", ""buy_2th_pre_req_pre"": ""0"", ""buy_3th_pre_bid"": ""-53000"", ""buy_3th_pre_req"": ""876"", ""buy_3th_pre_req_pre"": ""0"", ""buy_4th_pre_bid"": ""-52900"", ""buy_4th_pre_req"": ""193"", ""buy_4th_pre_req_pre"": ""0"", ""buy_5th_pre_bid"": ""-52800"", ""buy_5th_pre_req"": ""410"", ""buy_5th_pre_req_pre"": ""0"", ""buy_6th_pre_bid"": ""-52700"", ""buy_6th_pre_req"": ""328"", ""buy_6th_pre_req_pre"": ""0"", ""buy_7th_pre_bid"": ""-52600"", ""buy_7th_pre_req"": ""547"", ""buy_7th_pre_req_pre"": ""0"", ""buy_8th_pre_bid"": ""-52500"", ""buy_8th_pre_req"": ""594"", ""buy_8th_pre_req_pre"": ""0"", ""buy_9th_pre_bid"": ""-52400"", ""buy_9th_pre_req"": ""207"", ""buy_9th_pre_req_pre"": ""0"", ""buy_10th_pre_bid"": ""-52300"", ""buy_10th_pre_req"": ""113"", ""buy_10th_pre_req_pre"": ""0"", ""tot_sel_req_jub_pre"": ""--8"", ""tot_sel_req"": ""856"", ""tot_buy_req"": ""4234"", ""tot_buy_req_jub_pre"": ""0"", ""ovt_sel_req_pre"": ""0"", ""ovt_sel_req"": ""0"", ""ovt_buy_req"": ""0"", ""ovt_buy_req_pre"": ""0"", ""return_code"": 0, ""return_msg"": ""정상적으로 처리되었습니다""}"
2026-06-10,scan_candidate,081660,,0,main_scan,40150,,40150,40100,40150,40250,0.12453300124533001,0.12453300124533001,,,,,,"{""bid_req_base_tm"": ""094535"", ""sel_10th_pre_req_pre"": ""0"", ""sel_10th_pre_req"": ""81"", ""sel_10th_pre_bid"": ""+40600"", ""sel_9th_pre_req_pre"": ""0"", ""sel_9th_pre_req"": ""126"", ""sel_9th_pre_bid"": ""+40550"", ""sel_8th_pre_req_pre"": ""0"", ""sel_8th_pre_req"": ""140"", ""sel_8th_pre_bid"": ""+40500"", ""sel_7th_pre_req_pre"": ""0"", ""sel_7th_pre_req"": ""20"", ""sel_7th_pre_bid"": ""+40450"", ""sel_6th_pre_req_pre"": ""0"", ""sel_6th_pre_req"": ""87"", ""sel_6th_pre_bid"": ""+40400"", ""sel_5th_pre_req_pre"": ""0"", ""sel_5th_pre_req"": ""18"", ""sel_5th_pre_bid"": ""+40350"", ""sel_4th_pre_req_pre"": ""0"", ""sel_4th_pre_req"": ""72"", ""sel_4th_pre_bid"": ""+40300"", ""sel_3th_pre_req_pre"": ""0"", ""sel_3th_pre_req"": ""11"", ""sel_3th_pre_bid"": ""+40250"", ""sel_2th_pre_req_pre"": ""0"", ""sel_2th_pre_req"": ""48"", ""sel_2th_pre_bid"": ""+40200"", ""sel_1th_pre_req_pre"": ""--6"", ""sel_fpr_req"": ""142"", ""sel_fpr_bid"": ""+40150"", ""buy_fpr_bid"": ""+40100"", ""buy_fpr_req"": ""299"", ""buy_1th_pre_req_pre"": ""0"", ""buy_2th_pre_bid"": ""+40050"", ""buy_2th_pre_req"": ""243"", ""buy_2th_pre_req_pre"": ""0"", ""buy_3th_pre_bid"": ""+40000"", ""buy_3th_pre_req"": ""83"", ""buy_3th_pre_req_pre"": ""0"", ""buy_4th_pre_bid"": ""+39950"", ""buy_4th_pre_req"": ""54"", ""buy_4th_pre_req_pre"": ""0"", ""buy_5th_pre_bid"": ""+39900"", ""buy_5th_pre_req"": ""79"", ""buy_5th_pre_req_pre"": ""0"", ""buy_6th_pre_bid"": ""+39850"", ""buy_6th_pre_req"": ""41"", ""buy_6th_pre_req_pre"": ""0"", ""buy_7th_pre_bid"": ""+39800"", ""buy_7th_pre_req"": ""40"", ""buy_7th_pre_req_pre"": ""0"", ""buy_8th_pre_bid"": ""+39750"", ""buy_8th_pre_req"": ""40"", ""buy_8th_pre_req_pre"": ""0"", ""buy_9th_pre_bid"": ""39700"", ""buy_9th_pre_req"": ""60"", ""buy_9th_pre_req_pre"": ""0"", ""buy_10th_pre_bid"": ""-39650"", ""buy_10th_pre_req"": ""30"", ""buy_10th_pre_req_pre"": ""0"", ""tot_sel_req_jub_pre"": ""--6"", ""tot_sel_req"": ""745"", ""tot_buy_req"": ""969"", ""tot_buy_req_jub_pre"": ""0"", ""ovt_sel_req_pre"": ""0"", ""ovt_sel_req"": ""0"", ""ovt_buy_req"": ""0"", ""ovt_buy_req_pre"": ""0"", ""return_code"": 0, ""return_msg"": ""정상적으로 처리되었습니다""}"
2026-06-10,scan_candidate,462870,,0,main_scan,30700,,30700,30600,30700,30800,0.16286644951140067,0.32573289902280134,,,,,,"{""bid_req_base_tm"": ""094536"", ""sel_10th_pre_req_pre"": ""0"", ""sel_10th_pre_req"": ""10"", ""sel_10th_pre_bid"": ""-31200"", ""sel_9th_pre_req_pre"": ""0"", ""sel_9th_pre_req"": ""25"", ""sel_9th_pre_bid"": ""-31150"", ""sel_8th_pre_req_pre"": ""0"", ""sel_8th_pre_req"": ""36"", ""sel_8th_pre_bid"": ""-31100"", ""sel_7th_pre_req_pre"": ""0"", ""sel_7th_pre_req"": ""28"", ""sel_7th_pre_bid"": ""-31050"", ""sel_6th_pre_req_pre"": ""0"", ""sel_6th_pre_req"": ""221"", ""sel_6th_pre_bid"": ""-31000"", ""sel_5th_pre_req_pre"": ""0"", ""sel_5th_pre_req"": ""213"", ""sel_5th_pre_bid"": ""-30900"", ""sel_4th_pre_req_pre"": ""0"", ""sel_4th_pre_req"": ""49"", ""sel_4th_pre_bid"": ""-30850"", ""sel_3th_pre_req_pre"": ""0"", ""sel_3th_pre_req"": ""51"", ""sel_3th_pre_bid"": ""-30800"", ""sel_2th_pre_req_pre"": ""0"", ""sel_2th_pre_req"": ""4"", ""sel_2th_pre_bid"": ""-30750"", ""sel_1th_pre_req_pre"": ""0"", ""sel_fpr_req"": ""65"", ""sel_fpr_bid"": ""-30700"", ""buy_fpr_bid"": ""-30600"", ""buy_fpr_req"": ""163"", ""buy_1th_pre_req_pre"": ""0"", ""buy_2th_pre_bid"": ""-30500"", ""buy_2th_pre_req"": ""195"", ""buy_2th_pre_req_pre"": ""0"", ""buy_3th_pre_bid"": ""-30450"", ""buy_3th_pre_req"": ""187"", ""buy_3th_pre_req_pre"": ""0"", ""buy_4th_pre_bid"": ""-30400"", ""buy_4th_pre_req"": ""255"", ""buy_4th_pre_req_pre"": ""0"", ""buy_5th_pre_bid"": ""-30350"", ""buy_5th_pre_req"": ""53"", ""buy_5th_pre_req_pre"": ""0"", ""buy_6th_pre_bid"": ""-30300"", ""buy_6th_pre_req"": ""240"", ""buy_6th_pre_req_pre"": ""0"", ""buy_7th_pre_bid"": ""-30250"", ""buy_7th_pre_req"": ""178"", ""buy_7th_pre_req_pre"": ""0"", ""buy_8th_pre_bid"": ""-30200"", ""buy_8th_pre_req"": ""150"", ""buy_8th_pre_req_pre"": ""0"", ""buy_9th_pre_bid"": ""-30150"", ""buy_9th_pre_req"": ""448"", ""buy_9th_pre_req_pre"": ""0"", ""buy_10th_pre_bid"": ""-30100"", ""buy_10th_pre_req"": ""423"", ""buy_10th_pre_req_pre"": ""0"", ""tot_sel_req_jub_pre"": ""0"", ""tot_sel_req"": ""702"", ""tot_buy_req"": ""2292"", ""tot_buy_req_jub_pre"": ""0"", ""ovt_sel_req_pre"": ""0"", ""ovt_sel_req"": ""0"", ""ovt_buy_req"": ""0"", ""ovt_buy_req_pre"": ""0"", ""return_code"": 0, ""return_msg"": ""정상적으로 처리되었습니다""}"
2026-06-10,scan_candidate,120110,,0,main_scan,68700,,68700,68500,68700,68900,0.1455604075691412,0.2911208151382824,,,,,,"{""bid_req_base_tm"": ""094541"", ""sel_10th_pre_req_pre"": ""0"", ""sel_10th_pre_req"": ""506"", ""sel_10th_pre_bid"": ""+69700"", ""sel_9th_pre_req_pre"": ""0"", ""sel_9th_pre_req"": ""70"", ""sel_9th_pre_bid"": ""+69600"", ""sel_8th_pre_req_pre"": ""0"", ""sel_8th_pre_req"": ""86"", ""sel_8th_pre_bid"": ""+69500"", ""sel_7th_pre_req_pre"": ""0"", ""sel_7th_pre_req"": ""90"", ""sel_7th_pre_bid"": ""+69400"", ""sel_6th_pre_req_pre"": ""0"", ""sel_6th_pre_req"": ""27"", ""sel_6th_pre_bid"": ""+69200"", ""sel_5th_pre_req_pre"": ""0"", ""sel_5th_pre_req"": ""56"", ""sel_5th_pre_bid"": ""+69100"", ""sel_4th_pre_req_pre"": ""0"", ""sel_4th_pre_req"": ""490"", ""sel_4th_pre_bid"": ""+69000"", ""sel_3th_pre_req_pre"": ""0"", ""sel_3th_pre_req"": ""89"", ""sel_3th_pre_bid"": ""+68900"", ""sel_2th_pre_req_pre"": ""0"", ""sel_2th_pre_req"": ""42"", ""sel_2th_pre_bid"": ""+68800"", ""sel_1th_pre_req_pre"": ""0"", ""sel_fpr_req"": ""1"", ""sel_fpr_bid"": ""+68700"", ""buy_fpr_bid"": ""+68500"", ""buy_fpr_req"": ""149"", ""buy_1th_pre_req_pre"": ""--1"", ""buy_2th_pre_bid"": ""+68400"", ""buy_2th_pre_req"": ""70"", ""buy_2th_pre_req_pre"": ""0"", ""buy_3th_pre_bid"": ""+68300"", ""buy_3th_pre_req"": ""104"", ""buy_3th_pre_req_pre"": ""0"", ""buy_4th_pre_bid"": ""+68200"", ""buy_4th_pre_req"": ""115"", ""buy_4th_pre_req_pre"": ""0"", ""buy_5th_pre_bid"": ""+68100"", ""buy_5th_pre_req"": ""1168"", ""buy_5th_pre_req_pre"": ""0"", ""buy_6th_pre_bid"": ""+68000"", ""buy_6th_pre_req"": ""209"", ""buy_6th_pre_req_pre"": ""0"", ""buy_7th_pre_bid"": ""+67900"", ""buy_7th_pre_req"": ""33"", ""buy_7th_pre_req_pre"": ""0"", ""buy_8th_pre_bid"": ""+67800"", ""buy_8th_pre_req"": ""23"", ""buy_8th_pre_req_pre"": ""0"", ""buy_9th_pre_bid"": ""+67700"", ""buy_9th_pre_req"": ""97"", ""buy_9th_pre_req_pre"": ""0"", ""buy_10th_pre_bid"": ""+67600"", ""buy_10th_pre_req"": ""2"", ""buy_10th_pre_req_pre"": ""0"", ""tot_sel_req_jub_pre"": ""0"", ""tot_sel_req"": ""1457"", ""tot_buy_req"": ""1970"", ""tot_buy_req_jub_pre"": ""--1"", ""ovt_sel_req_pre"": ""0"", ""ovt_sel_req"": ""0"", ""ovt_buy_req"": ""0"", ""ovt_buy_req_pre"": ""0"", ""return_code"": 0, ""return_msg"": ""정상적으로 처리되었습니다""}"
2026-06-10,scan_candidate,009155,,0,main_scan,605000,,605000,604000,605000,606000,0.0,0.1652892561983471,,,,,,"{""bid_req_base_tm"": ""094543"", ""sel_10th_pre_req_pre"": ""0"", ""sel_10th_pre_req"": ""43"", ""sel_10th_pre_bid"": ""-615000"", ""sel_9th_pre_req_pre"": ""0"", ""sel_9th_pre_req"": ""3"", ""sel_9th_pre_bid"": ""-614000"", ""sel_8th_pre_req_pre"": ""0"", ""sel_8th_pre_req"": ""49"", ""sel_8th_pre_bid"": ""-613000"", ""sel_7th_pre_req_pre"": ""0"", ""sel_7th_pre_req"": ""36"", ""sel_7th_pre_bid"": ""-612000"", ""sel_6th_pre_req_pre"": ""0"", ""sel_6th_pre_req"": ""2"", ""sel_6th_pre_bid"": ""-611000"", ""sel_5th_pre_req_pre"": ""0"", ""sel_5th_pre_req"": ""7"", ""sel_5th_pre_bid"": ""-610000"", ""sel_4th_pre_req_pre"": ""0"", ""sel_4th_pre_req"": ""15"", ""sel_4th_pre_bid"": ""-609000"", ""sel_3th_pre_req_pre"": ""0"", ""sel_3th_pre_req"": ""11"", ""sel_3th_pre_bid"": ""-608000"", ""sel_2th_pre_req_pre"": ""0"", ""sel_2th_pre_req"": ""36"", ""sel_2th_pre_bid"": ""-606000"", ""sel_1th_pre_req_pre"": ""0"", ""sel_fpr_req"": ""17"", ""sel_fpr_bid"": ""-605000"", ""buy_fpr_bid"": ""-604000"", ""buy_fpr_req"": ""1"", ""buy_1th_pre_req_pre"": ""0"", ""buy_2th_pre_bid"": ""-603000"", ""buy_2th_pre_req"": ""2"", ""buy_2th_pre_req_pre"": ""0"", ""buy_3th_pre_bid"": ""-602000"", ""buy_3th_pre_req"": ""6"", ""buy_3th_pre_req_pre"": ""0"", ""buy_4th_pre_bid"": ""-601000"", ""buy_4th_pre_req"": ""13"", ""buy_4th_pre_req_pre"": ""+1"", ""buy_5th_pre_bid"": ""-600000"", ""buy_5th_pre_req"": ""60"", ""buy_5th_pre_req_pre"": ""0"", ""buy_6th_pre_bid"": ""-599000"", ""buy_6th_pre_req"": ""67"", ""buy_6th_pre_req_pre"": ""0"", ""buy_7th_pre_bid"": ""-598000"", ""buy_7th_pre_req"": ""50"", ""buy_7th_pre_req_pre"": ""0"", ""buy_8th_pre_bid"": ""-597000"", ""buy_8th_pre_req"": ""25"", ""buy_8th_pre_req_pre"": ""0"", ""buy_9th_pre_bid"": ""-596000"", ""buy_9th_pre_req"": ""25"", ""buy_9th_pre_req_pre"": ""0"", ""buy_10th_pre_bid"": ""-595000"", ""buy_10th_pre_req"": ""133"", ""buy_10th_pre_req_pre"": ""0"", ""tot_sel_req_jub_pre"": ""0"", ""tot_sel_req"": ""219"", ""tot_buy_req"": ""382"", ""tot_buy_req_jub_pre"": ""+1"", ""ovt_sel_req_pre"": ""0"", ""ovt_sel_req"": ""0"", ""ovt_buy_req"": ""0"", ""ovt_buy_req_pre"": ""0"", ""return_code"": 0, ""return_msg"": ""정상적으로 처리되었습니다""}"
2026-06-10,scan_candidate,192080,,0,main_scan,72000,,72000,71800,72000,72300,0.2777777777777778,0.2777777777777778,,,,,,"{""bid_req_base_tm"": ""094543"", ""sel_10th_pre_req_pre"": ""0"", ""sel_10th_pre_req"": ""80"", ""sel_10th_pre_bid"": ""+73800"", ""sel_9th_pre_req_pre"": ""0"", ""sel_9th_pre_req"": ""812"", ""sel_9th_pre_bid"": ""+73700"", ""sel_8th_pre_req_pre"": ""0"", ""sel_8th_pre_req"": ""7"", ""sel_8th_pre_bid"": ""+73500"", ""sel_7th_pre_req_pre"": ""0"", ""sel_7th_pre_req"": ""72"", ""sel_7th_pre_bid"": ""+73400"", ""sel_6th_pre_req_pre"": ""0"", ""sel_6th_pre_req"": ""10"", ""sel_6th_pre_bid"": ""+73300"", ""sel_5th_pre_req_pre"": ""0"", ""sel_5th_pre_req"": ""4"", ""sel_5th_pre_bid"": ""+73000"", ""sel_4th_pre_req_pre"": ""0"", ""sel_4th_pre_req"": ""1"", ""sel_4th_pre_bid"": ""+72600"", ""sel_3th_pre_req_pre"": ""0"", ""sel_3th_pre_req"": ""3"", ""sel_3th_pre_bid"": ""+72200"", ""sel_2th_pre_req_pre"": ""0"", ""sel_2th_pre_req"": ""32"", ""sel_2th_pre_bid"": ""+72100"", ""sel_1th_pre_req_pre"": ""+19"", ""sel_fpr_req"": ""23"", ""sel_fpr_bid"": ""72000"", ""buy_fpr_bid"": ""-71800"", ""buy_fpr_req"": ""61"", ""buy_1th_pre_req_pre"": ""0"", ""buy_2th_pre_bid"": ""-71700"", ""buy_2th_pre_req"": ""31"", ""buy_2th_pre_req_pre"": ""0"", ""buy_3th_pre_bid"": ""-71600"", ""buy_3th_pre_req"": ""32"", ""buy_3th_pre_req_pre"": ""0"", ""buy_4th_pre_bid"": ""-71500"", ""buy_4th_pre_req"": ""44"", ""buy_4th_pre_req_pre"": ""0"", ""buy_5th_pre_bid"": ""-71400"", ""buy_5th_pre_req"": ""12"", ""buy_5th_pre_req_pre"": ""0"", ""buy_6th_pre_bid"": ""-71300"", ""buy_6th_pre_req"": ""52"", ""buy_6th_pre_req_pre"": ""0"", ""buy_7th_pre_bid"": ""-71200"", ""buy_7th_pre_req"": ""415"", ""buy_7th_pre_req_pre"": ""0"", ""buy_8th_pre_bid"": ""-71100"", ""buy_8th_pre_req"": ""71"", ""buy_8th_pre_req_pre"": ""0"", ""buy_9th_pre_bid"": ""-71000"", ""buy_9th_pre_req"": ""63"", ""buy_9th_pre_req_pre"": ""0"", ""buy_10th_pre_bid"": ""-70900"", ""buy_10th_pre_req"": ""67"", ""buy_10th_pre_req_pre"": ""0"", ""tot_sel_req_jub_pre"": ""+19"", ""tot_sel_req"": ""1044"", ""tot_buy_req"": ""848"", ""tot_buy_req_jub_pre"": ""0"", ""ovt_sel_req_pre"": ""0"", ""ovt_sel_req"": ""0"", ""ovt_buy_req"": ""0"", ""ovt_buy_req_pre"": ""0"", ""return_code"": 0, ""return_msg"": ""정상적으로 처리되었습니다""}"
2026-06-10,scan_candidate,093370,,0,main_scan,14480,,14480,14470,14480,14450,-0.5524861878453038,0.06906077348066297,,,,,,"{""bid_req_base_tm"": ""094544"", ""sel_10th_pre_req_pre"": ""0"", ""sel_10th_pre_req"": ""2678"", ""sel_10th_pre_bid"": ""+14570"", ""sel_9th_pre_req_pre"": ""0"", ""sel_9th_pre_req"": ""2771"", ""sel_9th_pre_bid"": ""+14560"", ""sel_8th_pre_req_pre"": ""0"", ""sel_8th_pre_req"": ""5997"", ""sel_8th_pre_bid"": ""+14550"", ""sel_7th_pre_req_pre"": ""0"", ""sel_7th_pre_req"": ""4541"", ""sel_7th_pre_bid"": ""+14540"", ""sel_6th_pre_req_pre"": ""0"", ""sel_6th_pre_req"": ""4595"", ""sel_6th_pre_bid"": ""+14530"", ""sel_5th_pre_req_pre"": ""0"", ""sel_5th_pre_req"": ""5214"", ""sel_5th_pre_bid"": ""+14520"", ""sel_4th_pre_req_pre"": ""0"", ""sel_4th_pre_req"": ""642"", ""sel_4th_pre_bid"": ""+14510"", ""sel_3th_pre_req_pre"": ""--64"", ""sel_3th_pre_req"": ""660"", ""sel_3th_pre_bid"": ""+14500"", ""sel_2th_pre_req_pre"": ""0"", ""sel_2th_pre_req"": ""64"", ""sel_2th_pre_bid"": ""+14490"", ""sel_1th_pre_req_pre"": ""+71"", ""sel_fpr_req"": ""177"", ""sel_fpr_bid"": ""+14480"", ""buy_fpr_bid"": ""+14470"", ""buy_fpr_req"": ""92"", ""buy_1th_pre_req_pre"": ""0"", ""buy_2th_pre_bid"": ""+14460"", ""buy_2th_pre_req"": ""878"", ""buy_2th_pre_req_pre"": ""0"", ""buy_3th_pre_bid"": ""+14450"", ""buy_3th_pre_req"": ""576"", ""buy_3th_pre_req_pre"": ""0"", ""buy_4th_pre_bid"": ""+14440"", ""buy_4th_pre_req"": ""1020"", ""buy_4th_pre_req_pre"": ""0"", ""buy_5th_pre_bid"": ""+14430"", ""buy_5th_pre_req"": ""33"", ""buy_5th_pre_req_pre"": ""0"", ""buy_6th_pre_bid"": ""+14420"", ""buy_6th_pre_req"": ""159"", ""buy_6th_pre_req_pre"": ""0"", ""buy_7th_pre_bid"": ""+14410"", ""buy_7th_pre_req"": ""25"", ""buy_7th_pre_req_pre"": ""0"", ""buy_8th_pre_bid"": ""+14400"", ""buy_8th_pre_req"": ""4560"", ""buy_8th_pre_req_pre"": ""0"", ""buy_9th_pre_bid"": ""+14390"", ""buy_9th_pre_req"": ""656"", ""buy_9th_pre_req_pre"": ""0"", ""buy_10th_pre_bid"": ""+14380"", ""buy_10th_pre_req"": ""1366"", ""buy_10th_pre_req_pre"": ""0"", ""tot_sel_req_jub_pre"": ""+7"", ""tot_sel_req"": ""27339"", ""tot_buy_req"": ""9365"", ""tot_buy_req_jub_pre"": ""0"", ""ovt_sel_req_pre"": ""0"", ""ovt_sel_req"": ""0"", ""ovt_buy_req"": ""0"", ""ovt_buy_req_pre"": ""0"", ""return_code"": 0, ""return_msg"": ""정상적으로 처리되었습니다""}"
2026-06-10,scan_candidate,066575,,0,main_scan,79000,,79000,78900,79000,79200,0.12658227848101267,0.12658227848101267,,,,,,"{""bid_req_base_tm"": ""094544"", ""sel_10th_pre_req_pre"": ""0"", ""sel_10th_pre_req"": ""178"", ""sel_10th_pre_bid"": ""-79900"", ""sel_9th_pre_req_pre"": ""0"", ""sel_9th_pre_req"": ""127"", ""sel_9th_pre_bid"": ""-79800"", ""sel_8th_pre_req_pre"": ""0"", ""sel_8th_pre_req"": ""77"", ""sel_8th_pre_bid"": ""-79700"", ""sel_7th_pre_req_pre"": ""0"", ""sel_7th_pre_req"": ""117"", ""sel_7th_pre_bid"": ""-79600"", ""sel_6th_pre_req_pre"": ""0"", ""sel_6th_pre_req"": ""549"", ""sel_6th_pre_bid"": ""-79500"", ""sel_5th_pre_req_pre"": ""0"", ""sel_5th_pre_req"": ""255"", ""sel_5th_pre_bid"": ""-79400"", ""sel_4th_pre_req_pre"": ""0"", ""sel_4th_pre_req"": ""284"", ""sel_4th_pre_bid"": ""-79300"", ""sel_3th_pre_req_pre"": ""0"", ""sel_3th_pre_req"": ""205"", ""sel_3th_pre_bid"": ""-79200"", ""sel_2th_pre_req_pre"": ""0"", ""sel_2th_pre_req"": ""94"", ""sel_2th_pre_bid"": ""-79100"", ""sel_1th_pre_req_pre"": ""+25"", ""sel_fpr_req"": ""74"", ""sel_fpr_bid"": ""-79000"", ""buy_fpr_bid"": ""-78900"", ""buy_fpr_req"": ""159"", ""buy_1th_pre_req_pre"": ""0"", ""buy_2th_pre_bid"": ""-78800"", ""buy_2th_pre_req"": ""271"", ""buy_2th_pre_req_pre"": ""0"", ""buy_3th_pre_bid"": ""-78700"", ""buy_3th_pre_req"": ""286"", ""buy_3th_pre_req_pre"": ""0"", ""buy_4th_pre_bid"": ""-78600"", ""buy_4th_pre_req"": ""743"", ""buy_4th_pre_req_pre"": ""0"", ""buy_5th_pre_bid"": ""-78500"", ""buy_5th_pre_req"": ""940"", ""buy_5th_pre_req_pre"": ""0"", ""buy_6th_pre_bid"": ""-78400"", ""buy_6th_pre_req"": ""306"", ""buy_6th_pre_req_pre"": ""0"", ""buy_7th_pre_bid"": ""-78300"", ""buy_7th_pre_req"": ""501"", ""buy_7th_pre_req_pre"": ""0"", ""buy_8th_pre_bid"": ""-78200"", ""buy_8th_pre_req"": ""317"", ""buy_8th_pre_req_pre"": ""0"", ""buy_9th_pre_bid"": ""-78100"", ""buy_9th_pre_req"": ""430"", ""buy_9th_pre_req_pre"": ""0"", ""buy_10th_pre_bid"": ""-78000"", ""buy_10th_pre_req"": ""1775"", ""buy_10th_pre_req_pre"": ""0"", ""tot_sel_req_jub_pre"": ""+25"", ""tot_sel_req"": ""1960"", ""tot_buy_req"": ""5728"", ""tot_buy_req_jub_pre"": ""0"", ""ovt_sel_req_pre"": ""0"", ""ovt_sel_req"": ""0"", ""ovt_buy_req"": ""0"", ""ovt_buy_req_pre"": ""0"", ""return_code"": 0, ""return_msg"": ""정상적으로 처리되었습니다""}"
2026-06-10,scan_candidate,181710,,0,main_scan,40650,,40650,40600,40650,40900,0.4920049200492005,0.12300123001230012,,,,,,"{""bid_req_base_tm"": ""094544"", ""sel_10th_pre_req_pre"": ""0"", ""sel_10th_pre_req"": ""12"", ""sel_10th_pre_bid"": ""-41300"", ""sel_9th_pre_req_pre"": ""0"", ""sel_9th_pre_req"": ""345"", ""sel_9th_pre_bid"": ""-41250"", ""sel_8th_pre_req_pre"": ""0"", ""sel_8th_pre_req"": ""12"", ""sel_8th_pre_bid"": ""-41200"", ""sel_7th_pre_req_pre"": ""0"", ""sel_7th_pre_req"": ""24"", ""sel_7th_pre_bid"": ""-41100"", ""sel_6th_pre_req_pre"": ""0"", ""sel_6th_pre_req"": ""20"", ""sel_6th_pre_bid"": ""-41050"", ""sel_5th_pre_req_pre"": ""0"", ""sel_5th_pre_req"": ""76"", ""sel_5th_pre_bid"": ""-40950"", ""sel_4th_pre_req_pre"": ""0"", ""sel_4th_pre_req"": ""350"", ""sel_4th_pre_bid"": ""-40850"", ""sel_3th_pre_req_pre"": ""0"", ""sel_3th_pre_req"": ""101"", ""sel_3th_pre_bid"": ""-40800"", ""sel_2th_pre_req_pre"": ""0"", ""sel_2th_pre_req"": ""51"", ""sel_2th_pre_bid"": ""-40700"", ""sel_1th_pre_req_pre"": ""0"", ""sel_fpr_req"": ""23"", ""sel_fpr_bid"": ""-40650"", ""buy_fpr_bid"": ""-40600"", ""buy_fpr_req"": ""320"", ""buy_1th_pre_req_pre"": ""0"", ""buy_2th_pre_bid"": ""-40550"", ""buy_2th_pre_req"": ""711"", ""buy_2th_pre_req_pre"": ""0"", ""buy_3th_pre_bid"": ""-40500"", ""buy_3th_pre_req"": ""665"", ""buy_3th_pre_req_pre"": ""0"", ""buy_4th_pre_bid"": ""-40450"", ""buy_4th_pre_req"": ""587"", ""buy_4th_pre_req_pre"": ""+1"", ""buy_5th_pre_bid"": ""-40400"", ""buy_5th_pre_req"": ""515"", ""buy_5th_pre_req_pre"": ""0"", ""buy_6th_pre_bid"": ""-40350"", ""buy_6th_pre_req"": ""183"", ""buy_6th_pre_req_pre"": ""0"", ""buy_7th_pre_bid"": ""-40300"", ""buy_7th_pre_req"": ""24"", ""buy_7th_pre_req_pre"": ""0"", ""buy_8th_pre_bid"": ""-40250"", ""buy_8th_pre_req"": ""37"", ""buy_8th_pre_req_pre"": ""0"", ""buy_9th_pre_bid"": ""-40200"", ""buy_9th_pre_req"": ""1152"", ""buy_9th_pre_req_pre"": ""0"", ""buy_10th_pre_bid"": ""-40150"", ""buy_10th_pre_req"": ""1217"", ""buy_10th_pre_req_pre"": ""0"", ""tot_sel_req_jub_pre"": ""0"", ""tot_sel_req"": ""1014"", ""tot_buy_req"": ""5411"", ""tot_buy_req_jub_pre"": ""+1"", ""ovt_sel_req_pre"": ""0"", ""ovt_sel_req"": ""0"", ""ovt_buy_req"": ""0"", ""ovt_buy_req_pre"": ""0"", ""return_code"": 0, ""return_msg"": ""정상적으로 처리되었습니다""}"
2026-06-10,scan_candidate,034230,,0,main_scan,14790,,14790,14750,14790,14750,-0.6085192697768762,0.2704530087897228,,,,,,"{""bid_req_base_tm"": ""094544"", ""sel_10th_pre_req_pre"": ""0"", ""sel_10th_pre_req"": ""54"", ""sel_10th_pre_bid"": ""-14880"", ""sel_9th_pre_req_pre"": ""0"", ""sel_9th_pre_req"": ""58"", ""sel_9th_pre_bid"": ""-14870"", ""sel_8th_pre_req_pre"": ""0"", ""sel_8th_pre_req"": ""44"", ""sel_8th_pre_bid"": ""-14860"", ""sel_7th_pre_req_pre"": ""0"", ""sel_7th_pre_req"": ""17"", ""sel_7th_pre_bid"": ""-14850"", ""sel_6th_pre_req_pre"": ""0"", ""sel_6th_pre_req"": ""31"", ""sel_6th_pre_bid"": ""-14840"", ""sel_5th_pre_req_pre"": ""0"", ""sel_5th_pre_req"": ""17"", ""sel_5th_pre_bid"": ""-14830"", ""sel_4th_pre_req_pre"": ""0"", ""sel_4th_pre_req"": ""5"", ""sel_4th_pre_bid"": ""-14820"", ""sel_3th_pre_req_pre"": ""0"", ""sel_3th_pre_req"": ""17"", ""sel_3th_pre_bid"": ""-14810"", ""sel_2th_pre_req_pre"": ""0"", ""sel_2th_pre_req"": ""17"", ""sel_2th_pre_bid"": ""-14800"", ""sel_1th_pre_req_pre"": ""0"", ""sel_fpr_req"": ""110"", ""sel_fpr_bid"": ""-14790"", ""buy_fpr_bid"": ""-14750"", ""buy_fpr_req"": ""14"", ""buy_1th_pre_req_pre"": ""0"", ""buy_2th_pre_bid"": ""-14740"", ""buy_2th_pre_req"": ""29"", ""buy_2th_pre_req_pre"": ""0"", ""buy_3th_pre_bid"": ""-14730"", ""buy_3th_pre_req"": ""1"", ""buy_3th_pre_req_pre"": ""0"", ""buy_4th_pre_bid"": ""-14720"", ""buy_4th_pre_req"": ""1"", ""buy_4th_pre_req_pre"": ""0"", ""buy_5th_pre_bid"": ""-14710"", ""buy_5th_pre_req"": ""210"", ""buy_5th_pre_req_pre"": ""0"", ""buy_6th_pre_bid"": ""-14700"", ""buy_6th_pre_req"": ""13"", ""buy_6th_pre_req_pre"": ""+10"", ""buy_7th_pre_bid"": ""-14690"", ""buy_7th_pre_req"": ""2"", ""buy_7th_pre_req_pre"": ""0"", ""buy_8th_pre_bid"": ""-14680"", ""buy_8th_pre_req"": ""90"", ""buy_8th_pre_req_pre"": ""0"", ""buy_9th_pre_bid"": ""-14670"", ""buy_9th_pre_req"": ""466"", ""buy_9th_pre_req_pre"": ""0"", ""buy_10th_pre_bid"": ""-14660"", ""buy_10th_pre_req"": ""288"", ""buy_10th_pre_req_pre"": ""0"", ""tot_sel_req_jub_pre"": ""0"", ""tot_sel_req"": ""370"", ""tot_buy_req"": ""1114"", ""tot_buy_req_jub_pre"": ""+10"", ""ovt_sel_req_pre"": ""0"", ""ovt_sel_req"": ""0"", ""ovt_buy_req"": ""0"", ""ovt_buy_req_pre"": ""0"", ""return_code"": 0, ""return_msg"": ""정상적으로 처리되었습니다""}"
2026-06-10,scan_candidate,281820,,0,main_scan,66300,,66300,66000,66300,66400,0.0,0.4524886877828055,,,,,,"{""bid_req_base_tm"": ""094544"", ""sel_10th_pre_req_pre"": ""0"", ""sel_10th_pre_req"": ""7"", ""sel_10th_pre_bid"": ""+67300"", ""sel_9th_pre_req_pre"": ""0"", ""sel_9th_pre_req"": ""10"", ""sel_9th_pre_bid"": ""+67200"", ""sel_8th_pre_req_pre"": ""0"", ""sel_8th_pre_req"": ""4"", ""sel_8th_pre_bid"": ""+67100"", ""sel_7th_pre_req_pre"": ""0"", ""sel_7th_pre_req"": ""13"", ""sel_7th_pre_bid"": ""+67000"", ""sel_6th_pre_req_pre"": ""0"", ""sel_6th_pre_req"": ""1"", ""sel_6th_pre_bid"": ""+66900"", ""sel_5th_pre_req_pre"": ""0"", ""sel_5th_pre_req"": ""20"", ""sel_5th_pre_bid"": ""+66700"", ""sel_4th_pre_req_pre"": ""0"", ""sel_4th_pre_req"": ""27"", ""sel_4th_pre_bid"": ""+66600"", ""sel_3th_pre_req_pre"": ""0"", ""sel_3th_pre_req"": ""113"", ""sel_3th_pre_bid"": ""+66500"", ""sel_2th_pre_req_pre"": ""0"", ""sel_2th_pre_req"": ""86"", ""sel_2th_pre_bid"": ""66400"", ""sel_1th_pre_req_pre"": ""0"", ""sel_fpr_req"": ""15"", ""sel_fpr_bid"": ""-66300"", ""buy_fpr_bid"": ""-66000"", ""buy_fpr_req"": ""102"", ""buy_1th_pre_req_pre"": ""0"", ""buy_2th_pre_bid"": ""-65900"", ""buy_2th_pre_req"": ""62"", ""buy_2th_pre_req_pre"": ""+24"", ""buy_3th_pre_bid"": ""-65800"", ""buy_3th_pre_req"": ""55"", ""buy_3th_pre_req_pre"": ""0"", ""buy_4th_pre_bid"": ""-65700"", ""buy_4th_pre_req"": ""54"", ""buy_4th_pre_req_pre"": ""0"", ""buy_5th_pre_bid"": ""-65600"", ""buy_5th_pre_req"": ""120"", ""buy_5th_pre_req_pre"": ""0"", ""buy_6th_pre_bid"": ""-65500"", ""buy_6th_pre_req"": ""224"", ""buy_6th_pre_req_pre"": ""0"", ""buy_7th_pre_bid"": ""-65400"", ""buy_7th_pre_req"": ""33"", ""buy_7th_pre_req_pre"": ""0"", ""buy_8th_pre_bid"": ""-65300"", ""buy_8th_pre_req"": ""61"", ""buy_8th_pre_req_pre"": ""0"", ""buy_9th_pre_bid"": ""-65200"", ""buy_9th_pre_req"": ""221"", ""buy_9th_pre_req_pre"": ""0"", ""buy_10th_pre_bid"": ""-65100"", ""buy_10th_pre_req"": ""120"", ""buy_10th_pre_req_pre"": ""0"", ""tot_sel_req_jub_pre"": ""0"", ""tot_sel_req"": ""296"", ""tot_buy_req"": ""1052"", ""tot_buy_req_jub_pre"": ""+24"", ""ovt_sel_req_pre"": ""0"", ""ovt_sel_req"": ""0"", ""ovt_buy_req"": ""0"", ""ovt_buy_req_pre"": ""0"", ""return_code"": 0, ""return_msg"": ""정상적으로 처리되었습니다""}"
2026-06-10,scan_candidate,001820,,0,main_scan,115900,,115900,115800,115900,115500,-0.7765314926660914,0.08628127696289906,,,,,,"{""bid_req_base_tm"": ""094544"", ""sel_10th_pre_req_pre"": ""0"", ""sel_10th_pre_req"": ""19"", ""sel_10th_pre_bid"": ""-116900"", ""sel_9th_pre_req_pre"": ""0"", ""sel_9th_pre_req"": ""960"", ""sel_9th_pre_bid"": ""-116800"", ""sel_8th_pre_req_pre"": ""0"", ""sel_8th_pre_req"": ""15"", ""sel_8th_pre_bid"": ""-116700"", ""sel_7th_pre_req_pre"": ""0"", ""sel_7th_pre_req"": ""1057"", ""sel_7th_pre_bid"": ""-116500"", ""sel_6th_pre_req_pre"": ""0"", ""sel_6th_pre_req"": ""44"", ""sel_6th_pre_bid"": ""-116400"", ""sel_5th_pre_req_pre"": ""0"", ""sel_5th_pre_req"": ""79"", ""sel_5th_pre_bid"": ""-116300"", ""sel_4th_pre_req_pre"": ""0"", ""sel_4th_pre_req"": ""3"", ""sel_4th_pre_bid"": ""-116200"", ""sel_3th_pre_req_pre"": ""0"", ""sel_3th_pre_req"": ""71"", ""sel_3th_pre_bid"": ""-116100"", ""sel_2th_pre_req_pre"": ""0"", ""sel_2th_pre_req"": ""209"", ""sel_2th_pre_bid"": ""-116000"", ""sel_1th_pre_req_pre"": ""0"", ""sel_fpr_req"": ""20"", ""sel_fpr_bid"": ""-115900"", ""buy_fpr_bid"": ""-115800"", ""buy_fpr_req"": ""14"", ""buy_1th_pre_req_pre"": ""0"", ""buy_2th_pre_bid"": ""-115700"", ""buy_2th_pre_req"": ""29"", ""buy_2th_pre_req_pre"": ""+5"", ""buy_3th_pre_bid"": ""-115600"", ""buy_3th_pre_req"": ""41"", ""buy_3th_pre_req_pre"": ""0"", ""buy_4th_pre_bid"": ""-115500"", ""buy_4th_pre_req"": ""155"", ""buy_4th_pre_req_pre"": ""0"", ""buy_5th_pre_bid"": ""-115400"", ""buy_5th_pre_req"": ""143"", ""buy_5th_pre_req_pre"": ""0"", ""buy_6th_pre_bid"": ""-115300"", ""buy_6th_pre_req"": ""144"", ""buy_6th_pre_req_pre"": ""0"", ""buy_7th_pre_bid"": ""-115200"", ""buy_7th_pre_req"": ""185"", ""buy_7th_pre_req_pre"": ""0"", ""buy_8th_pre_bid"": ""-115100"", ""buy_8th_pre_req"": ""277"", ""buy_8th_pre_req_pre"": ""0"", ""buy_9th_pre_bid"": ""-115000"", ""buy_9th_pre_req"": ""1289"", ""buy_9th_pre_req_pre"": ""0"", ""buy_10th_pre_bid"": ""-114900"", ""buy_10th_pre_req"": ""251"", ""buy_10th_pre_req_pre"": ""0"", ""tot_sel_req_jub_pre"": ""0"", ""tot_sel_req"": ""2477"", ""tot_buy_req"": ""2528"", ""tot_buy_req_jub_pre"": ""+5"", ""ovt_sel_req_pre"": ""0"", ""ovt_sel_req"": ""0"", ""ovt_buy_req"": ""0"", ""ovt_buy_req_pre"": ""0"", ""return_code"": 0, ""return_msg"": ""정상적으로 처리되었습니다""}"
2026-06-10,scan_candidate,000815,,0,main_scan,401500,,401500,399500,401500,400500,-0.37359900373599003,0.49813200498132004,,,,,,"{""bid_req_base_tm"": ""094541"", ""sel_10th_pre_req_pre"": ""0"", ""sel_10th_pre_req"": ""121"", ""sel_10th_pre_bid"": ""-406000"", ""sel_9th_pre_req_pre"": ""0"", ""sel_9th_pre_req"": ""5"", ""sel_9th_pre_bid"": ""-405500"", ""sel_8th_pre_req_pre"": ""0"", ""sel_8th_pre_req"": ""32"", ""sel_8th_pre_bid"": ""-405000"", ""sel_7th_pre_req_pre"": ""0"", ""sel_7th_pre_req"": ""13"", ""sel_7th_pre_bid"": ""-404500"", ""sel_6th_pre_req_pre"": ""0"", ""sel_6th_pre_req"": ""1"", ""sel_6th_pre_bid"": ""-404000"", ""sel_5th_pre_req_pre"": ""0"", ""sel_5th_pre_req"": ""182"", ""sel_5th_pre_bid"": ""-403500"", ""sel_4th_pre_req_pre"": ""0"", ""sel_4th_pre_req"": ""55"", ""sel_4th_pre_bid"": ""-403000"", ""sel_3th_pre_req_pre"": ""--1"", ""sel_3th_pre_req"": ""2"", ""sel_3th_pre_bid"": ""-402500"", ""sel_2th_pre_req_pre"": ""0"", ""sel_2th_pre_req"": ""10"", ""sel_2th_pre_bid"": ""-402000"", ""sel_1th_pre_req_pre"": ""0"", ""sel_fpr_req"": ""278"", ""sel_fpr_bid"": ""-401500"", ""buy_fpr_bid"": ""-399500"", ""buy_fpr_req"": ""22"", ""buy_1th_pre_req_pre"": ""--1"", ""buy_2th_pre_bid"": ""-399000"", ""buy_2th_pre_req"": ""51"", ""buy_2th_pre_req_pre"": ""0"", ""buy_3th_pre_bid"": ""-398500"", ""buy_3th_pre_req"": ""95"", ""buy_3th_pre_req_pre"": ""0"", ""buy_4th_pre_bid"": ""-398000"", ""buy_4th_pre_req"": ""112"", ""buy_4th_pre_req_pre"": ""0"", ""buy_5th_pre_bid"": ""-397500"", ""buy_5th_pre_req"": ""149"", ""buy_5th_pre_req_pre"": ""0"", ""buy_6th_pre_bid"": ""-397000"", ""buy_6th_pre_req"": ""84"", ""buy_6th_pre_req_pre"": ""0"", ""buy_7th_pre_bid"": ""-396500"", ""buy_7th_pre_req"": ""11"", ""buy_7th_pre_req_pre"": ""0"", ""buy_8th_pre_bid"": ""-396000"", ""buy_8th_pre_req"": ""23"", ""buy_8th_pre_req_pre"": ""0"", ""buy_9th_pre_bid"": ""-395500"", ""buy_9th_pre_req"": ""24"", ""buy_9th_pre_req_pre"": ""0"", ""buy_10th_pre_bid"": ""-395000"", ""buy_10th_pre_req"": ""65"", ""buy_10th_pre_req_pre"": ""0"", ""tot_sel_req_jub_pre"": ""--1"", ""tot_sel_req"": ""699"", ""tot_buy_req"": ""636"", ""tot_buy_req_jub_pre"": ""--1"", ""ovt_sel_req_pre"": ""0"", ""ovt_sel_req"": ""0"", ""ovt_buy_req"": ""0"", ""ovt_buy_req_pre"": ""0"", ""return_code"": 0, ""return_msg"": ""정상적으로 처리되었습니다""}"
2026-06-10,scan_candidate,499790,,0,main_scan,47900,,47900,47650,47900,47850,-0.20876826722338201,0.5219206680584552,,,,,,"{""bid_req_base_tm"": ""094544"", ""sel_10th_pre_req_pre"": ""0"", ""sel_10th_pre_req"": ""36"", ""sel_10th_pre_bid"": ""+48700"", ""sel_9th_pre_req_pre"": ""0"", ""sel_9th_pre_req"": ""51"", ""sel_9th_pre_bid"": ""+48600"", ""sel_8th_pre_req_pre"": ""0"", ""sel_8th_pre_req"": ""5"", ""sel_8th_pre_bid"": ""+48550"", ""sel_7th_pre_req_pre"": ""0"", ""sel_7th_pre_req"": ""5"", ""sel_7th_pre_bid"": ""+48500"", ""sel_6th_pre_req_pre"": ""0"", ""sel_6th_pre_req"": ""53"", ""sel_6th_pre_bid"": ""+48300"", ""sel_5th_pre_req_pre"": ""0"", ""sel_5th_pre_req"": ""122"", ""sel_5th_pre_bid"": ""+48250"", ""sel_4th_pre_req_pre"": ""0"", ""sel_4th_pre_req"": ""100"", ""sel_4th_pre_bid"": ""+48200"", ""sel_3th_pre_req_pre"": ""--13"", ""sel_3th_pre_req"": ""12"", ""sel_3th_pre_bid"": ""+48000"", ""sel_2th_pre_req_pre"": ""0"", ""sel_2th_pre_req"": ""27"", ""sel_2th_pre_bid"": ""+47950"", ""sel_1th_pre_req_pre"": ""0"", ""sel_fpr_req"": ""6"", ""sel_fpr_bid"": ""+47900"", ""buy_fpr_bid"": ""+47650"", ""buy_fpr_req"": ""1"", ""buy_1th_pre_req_pre"": ""--30"", ""buy_2th_pre_bid"": ""+47600"", ""buy_2th_pre_req"": ""17"", ""buy_2th_pre_req_pre"": ""0"", ""buy_3th_pre_bid"": ""+47550"", ""buy_3th_pre_req"": ""22"", ""buy_3th_pre_req_pre"": ""+3"", ""buy_4th_pre_bid"": ""+47500"", ""buy_4th_pre_req"": ""55"", ""buy_4th_pre_req_pre"": ""0"", ""buy_5th_pre_bid"": ""+47450"", ""buy_5th_pre_req"": ""51"", ""buy_5th_pre_req_pre"": ""0"", ""buy_6th_pre_bid"": ""+47400"", ""buy_6th_pre_req"": ""62"", ""buy_6th_pre_req_pre"": ""0"", ""buy_7th_pre_bid"": ""+47250"", ""buy_7th_pre_req"": ""55"", ""buy_7th_pre_req_pre"": ""0"", ""buy_8th_pre_bid"": ""+47200"", ""buy_8th_pre_req"": ""40"", ""buy_8th_pre_req_pre"": ""0"", ""buy_9th_pre_bid"": ""+47150"", ""buy_9th_pre_req"": ""21"", ""buy_9th_pre_req_pre"": ""0"", ""buy_10th_pre_bid"": ""+47100"", ""buy_10th_pre_req"": ""30"", ""buy_10th_pre_req_pre"": ""0"", ""tot_sel_req_jub_pre"": ""+3"", ""tot_sel_req"": ""417"", ""tot_buy_req"": ""354"", ""tot_buy_req_jub_pre"": ""--27"", ""ovt_sel_req_pre"": ""0"", ""ovt_sel_req"": ""0"", ""ovt_buy_req"": ""0"", ""ovt_buy_req_pre"": ""0"", ""return_code"": 0, ""return_msg"": ""정상적으로 처리되었습니다""}"
2026-06-10,scan_candidate,100090,,0,main_scan,17090,,17090,17080,17090,17000,-0.8191925102399065,0.058513750731421885,,,,,,"{""bid_req_base_tm"": ""094545"", ""sel_10th_pre_req_pre"": ""0"", ""sel_10th_pre_req"": ""3"", ""sel_10th_pre_bid"": ""+17190"", ""sel_9th_pre_req_pre"": ""0"", ""sel_9th_pre_req"": ""200"", ""sel_9th_pre_bid"": ""+17180"", ""sel_8th_pre_req_pre"": ""0"", ""sel_8th_pre_req"": ""126"", ""sel_8th_pre_bid"": ""+17170"", ""sel_7th_pre_req_pre"": ""0"", ""sel_7th_pre_req"": ""1"", ""sel_7th_pre_bid"": ""+17160"", ""sel_6th_pre_req_pre"": ""0"", ""sel_6th_pre_req"": ""100"", ""sel_6th_pre_bid"": ""+17150"", ""sel_5th_pre_req_pre"": ""0"", ""sel_5th_pre_req"": ""129"", ""sel_5th_pre_bid"": ""+17130"", ""sel_4th_pre_req_pre"": ""0"", ""sel_4th_pre_req"": ""13"", ""sel_4th_pre_bid"": ""+17120"", ""sel_3th_pre_req_pre"": ""0"", ""sel_3th_pre_req"": ""843"", ""sel_3th_pre_bid"": ""+17110"", ""sel_2th_pre_req_pre"": ""--32"", ""sel_2th_pre_req"": ""207"", ""sel_2th_pre_bid"": ""+17100"", ""sel_1th_pre_req_pre"": ""+72"", ""sel_fpr_req"": ""3003"", ""sel_fpr_bid"": ""+17090"", ""buy_fpr_bid"": ""+17080"", ""buy_fpr_req"": ""51"", ""buy_1th_pre_req_pre"": ""0"", ""buy_2th_pre_bid"": ""+17070"", ""buy_2th_pre_req"": ""79"", ""buy_2th_pre_req_pre"": ""0"", ""buy_3th_pre_bid"": ""+17060"", ""buy_3th_pre_req"": ""62"", ""buy_3th_pre_req_pre"": ""0"", ""buy_4th_pre_bid"": ""+17050"", ""buy_4th_pre_req"": ""468"", ""buy_4th_pre_req_pre"": ""0"", ""buy_5th_pre_bid"": ""+17040"", ""buy_5th_pre_req"": ""75"", ""buy_5th_pre_req_pre"": ""0"", ""buy_6th_pre_bid"": ""+17030"", ""buy_6th_pre_req"": ""31"", ""buy_6th_pre_req_pre"": ""0"", ""buy_7th_pre_bid"": ""+17020"", ""buy_7th_pre_req"": ""28"", ""buy_7th_pre_req_pre"": ""0"", ""buy_8th_pre_bid"": ""+17010"", ""buy_8th_pre_req"": ""287"", ""buy_8th_pre_req_pre"": ""0"", ""buy_9th_pre_bid"": ""+17000"", ""buy_9th_pre_req"": ""355"", ""buy_9th_pre_req_pre"": ""0"", ""buy_10th_pre_bid"": ""+16990"", ""buy_10th_pre_req"": ""72"", ""buy_10th_pre_req_pre"": ""0"", ""tot_sel_req_jub_pre"": ""+40"", ""tot_sel_req"": ""4625"", ""tot_buy_req"": ""1508"", ""tot_buy_req_jub_pre"": ""0"", ""ovt_sel_req_pre"": ""0"", ""ovt_sel_req"": ""0"", ""ovt_buy_req"": ""0"", ""ovt_buy_req_pre"": ""0"", ""return_code"": 0, ""return_msg"": ""정상적으로 처리되었습니다""}"
2026-06-10,scan_candidate,003160,,0,main_scan,28100,,28100,28050,28100,27950,-0.7117437722419928,0.1779359430604982,,,,,,"{""bid_req_base_tm"": ""094545"", ""sel_10th_pre_req_pre"": ""0"", ""sel_10th_pre_req"": ""792"", ""sel_10th_pre_bid"": ""+28600"", ""sel_9th_pre_req_pre"": ""0"", ""sel_9th_pre_req"": ""1291"", ""sel_9th_pre_bid"": ""+28550"", ""sel_8th_pre_req_pre"": ""0"", ""sel_8th_pre_req"": ""3090"", ""sel_8th_pre_bid"": ""+28500"", ""sel_7th_pre_req_pre"": ""0"", ""sel_7th_pre_req"": ""1115"", ""sel_7th_pre_bid"": ""+28450"", ""sel_6th_pre_req_pre"": ""0"", ""sel_6th_pre_req"": ""191"", ""sel_6th_pre_bid"": ""+28400"", ""sel_5th_pre_req_pre"": ""0"", ""sel_5th_pre_req"": ""426"", ""sel_5th_pre_bid"": ""+28350"", ""sel_4th_pre_req_pre"": ""0"", ""sel_4th_pre_req"": ""390"", ""sel_4th_pre_bid"": ""+28300"", ""sel_3th_pre_req_pre"": ""0"", ""sel_3th_pre_req"": ""197"", ""sel_3th_pre_bid"": ""+28250"", ""sel_2th_pre_req_pre"": ""0"", ""sel_2th_pre_req"": ""698"", ""sel_2th_pre_bid"": ""+28150"", ""sel_1th_pre_req_pre"": ""0"", ""sel_fpr_req"": ""543"", ""sel_fpr_bid"": ""+28100"", ""buy_fpr_bid"": ""28050"", ""buy_fpr_req"": ""25"", ""buy_1th_pre_req_pre"": ""--54"", ""buy_2th_pre_bid"": ""-28000"", ""buy_2th_pre_req"": ""100"", ""buy_2th_pre_req_pre"": ""0"", ""buy_3th_pre_bid"": ""-27950"", ""buy_3th_pre_req"": ""100"", ""buy_3th_pre_req_pre"": ""0"", ""buy_4th_pre_bid"": ""-27900"", ""buy_4th_pre_req"": ""1040"", ""buy_4th_pre_req_pre"": ""0"", ""buy_5th_pre_bid"": ""-27850"", ""buy_5th_pre_req"": ""67"", ""buy_5th_pre_req_pre"": ""0"", ""buy_6th_pre_bid"": ""-27800"", ""buy_6th_pre_req"": ""24"", ""buy_6th_pre_req_pre"": ""0"", ""buy_7th_pre_bid"": ""-27750"", ""buy_7th_pre_req"": ""104"", ""buy_7th_pre_req_pre"": ""0"", ""buy_8th_pre_bid"": ""-27700"", ""buy_8th_pre_req"": ""53"", ""buy_8th_pre_req_pre"": ""0"", ""buy_9th_pre_bid"": ""-27650"", ""buy_9th_pre_req"": ""1"", ""buy_9th_pre_req_pre"": ""0"", ""buy_10th_pre_bid"": ""-27600"", ""buy_10th_pre_req"": ""120"", ""buy_10th_pre_req_pre"": ""0"", ""tot_sel_req_jub_pre"": ""0"", ""tot_sel_req"": ""8733"", ""tot_buy_req"": ""1634"", ""tot_buy_req_jub_pre"": ""--54"", ""ovt_sel_req_pre"": ""0"", ""ovt_sel_req"": ""0"", ""ovt_buy_req"": ""0"", ""ovt_buy_req_pre"": ""0"", ""return_code"": 0, ""return_msg"": ""정상적으로 처리되었습니다""}"
2026-06-10,scan_candidate,000370,,0,main_scan,6380,,6380,6370,6380,6370,-0.3134796238244514,0.1567398119122257,,,,,,"{""bid_req_base_tm"": ""094545"", ""sel_10th_pre_req_pre"": ""0"", ""sel_10th_pre_req"": ""532"", ""sel_10th_pre_bid"": ""+6510"", ""sel_9th_pre_req_pre"": ""0"", ""sel_9th_pre_req"": ""302"", ""sel_9th_pre_bid"": ""+6500"", ""sel_8th_pre_req_pre"": ""0"", ""sel_8th_pre_req"": ""101"", ""sel_8th_pre_bid"": ""+6490"", ""sel_7th_pre_req_pre"": ""0"", ""sel_7th_pre_req"": ""394"", ""sel_7th_pre_bid"": ""+6480"", ""sel_6th_pre_req_pre"": ""0"", ""sel_6th_pre_req"": ""391"", ""sel_6th_pre_bid"": ""+6470"", ""sel_5th_pre_req_pre"": ""0"", ""sel_5th_pre_req"": ""10002"", ""sel_5th_pre_bid"": ""+6460"", ""sel_4th_pre_req_pre"": ""0"", ""sel_4th_pre_req"": ""115"", ""sel_4th_pre_bid"": ""-6420"", ""sel_3th_pre_req_pre"": ""0"", ""sel_3th_pre_req"": ""100"", ""sel_3th_pre_bid"": ""-6400"", ""sel_2th_pre_req_pre"": ""0"", ""sel_2th_pre_req"": ""244"", ""sel_2th_pre_bid"": ""-6390"", ""sel_1th_pre_req_pre"": ""--93"", ""sel_fpr_req"": ""10"", ""sel_fpr_bid"": ""-6380"", ""buy_fpr_bid"": ""-6370"", ""buy_fpr_req"": ""50"", ""buy_1th_pre_req_pre"": ""0"", ""buy_2th_pre_bid"": ""-6360"", ""buy_2th_pre_req"": ""350"", ""buy_2th_pre_req_pre"": ""0"", ""buy_3th_pre_bid"": ""-6350"", ""buy_3th_pre_req"": ""1708"", ""buy_3th_pre_req_pre"": ""0"", ""buy_4th_pre_bid"": ""-6340"", ""buy_4th_pre_req"": ""83"", ""buy_4th_pre_req_pre"": ""0"", ""buy_5th_pre_bid"": ""-6330"", ""buy_5th_pre_req"": ""214"", ""buy_5th_pre_req_pre"": ""0"", ""buy_6th_pre_bid"": ""-6320"", ""buy_6th_pre_req"": ""164"", ""buy_6th_pre_req_pre"": ""0"", ""buy_7th_pre_bid"": ""-6310"", ""buy_7th_pre_req"": ""266"", ""buy_7th_pre_req_pre"": ""0"", ""buy_8th_pre_bid"": ""-6300"", ""buy_8th_pre_req"": ""4228"", ""buy_8th_pre_req_pre"": ""0"", ""buy_9th_pre_bid"": ""-6290"", ""buy_9th_pre_req"": ""1015"", ""buy_9th_pre_req_pre"": ""0"", ""buy_10th_pre_bid"": ""-6280"", ""buy_10th_pre_req"": ""1012"", ""buy_10th_pre_req_pre"": ""0"", ""tot_sel_req_jub_pre"": ""--93"", ""tot_sel_req"": ""12191"", ""tot_buy_req"": ""9090"", ""tot_buy_req_jub_pre"": ""0"", ""ovt_sel_req_pre"": ""0"", ""ovt_sel_req"": ""0"", ""ovt_buy_req"": ""0"", ""ovt_buy_req_pre"": ""0"", ""return_code"": 0, ""return_msg"": ""정상적으로 처리되었습니다""}"
2026-06-10,scan_candidate,114090,,0,main_scan,11860,,11860,11840,11860,11950,0.33726812816188867,0.16863406408094433,,,,,,"{""bid_req_base_tm"": ""094544"", ""sel_10th_pre_req_pre"": ""0"", ""sel_10th_pre_req"": ""110"", ""sel_10th_pre_bid"": ""+12060"", ""sel_9th_pre_req_pre"": ""0"", ""sel_9th_pre_req"": ""39"", ""sel_9th_pre_bid"": ""+12050"", ""sel_8th_pre_req_pre"": ""0"", ""sel_8th_pre_req"": ""298"", ""sel_8th_pre_bid"": ""+12020"", ""sel_7th_pre_req_pre"": ""0"", ""sel_7th_pre_req"": ""821"", ""sel_7th_pre_bid"": ""+12010"", ""sel_6th_pre_req_pre"": ""0"", ""sel_6th_pre_req"": ""20"", ""sel_6th_pre_bid"": ""+12000"", ""sel_5th_pre_req_pre"": ""0"", ""sel_5th_pre_req"": ""210"", ""sel_5th_pre_bid"": ""+11970"", ""sel_4th_pre_req_pre"": ""0"", ""sel_4th_pre_req"": ""1"", ""sel_4th_pre_bid"": ""11950"", ""sel_3th_pre_req_pre"": ""0"", ""sel_3th_pre_req"": ""100"", ""sel_3th_pre_bid"": ""-11910"", ""sel_2th_pre_req_pre"": ""0"", ""sel_2th_pre_req"": ""2"", ""sel_2th_pre_bid"": ""-11870"", ""sel_1th_pre_req_pre"": ""--2"", ""sel_fpr_req"": ""461"", ""sel_fpr_bid"": ""-11860"", ""buy_fpr_bid"": ""-11840"", ""buy_fpr_req"": ""2457"", ""buy_1th_pre_req_pre"": ""0"", ""buy_2th_pre_bid"": ""-11830"", ""buy_2th_pre_req"": ""402"", ""buy_2th_pre_req_pre"": ""0"", ""buy_3th_pre_bid"": ""-11820"", ""buy_3th_pre_req"": ""520"", ""buy_3th_pre_req_pre"": ""0"", ""buy_4th_pre_bid"": ""-11810"", ""buy_4th_pre_req"": ""52"", ""buy_4th_pre_req_pre"": ""0"", ""buy_5th_pre_bid"": ""-11800"", ""buy_5th_pre_req"": ""83"", ""buy_5th_pre_req_pre"": ""0"", ""buy_6th_pre_bid"": ""-11790"", ""buy_6th_pre_req"": ""116"", ""buy_6th_pre_req_pre"": ""0"", ""buy_7th_pre_bid"": ""-11780"", ""buy_7th_pre_req"": ""12"", ""buy_7th_pre_req_pre"": ""0"", ""buy_8th_pre_bid"": ""-11770"", ""buy_8th_pre_req"": ""16"", ""buy_8th_pre_req_pre"": ""0"", ""buy_9th_pre_bid"": ""-11760"", ""buy_9th_pre_req"": ""7"", ""buy_9th_pre_req_pre"": ""0"", ""buy_10th_pre_bid"": ""-11750"", ""buy_10th_pre_req"": ""209"", ""buy_10th_pre_req_pre"": ""0"", ""tot_sel_req_jub_pre"": ""--2"", ""tot_sel_req"": ""2062"", ""tot_buy_req"": ""3874"", ""tot_buy_req_jub_pre"": ""0"", ""ovt_sel_req_pre"": ""0"", ""ovt_sel_req"": ""0"", ""ovt_buy_req"": ""0"", ""ovt_buy_req_pre"": ""0"", ""return_code"": 0, ""return_msg"": ""정상적으로 처리되었습니다""}"
2026-06-10,scan_candidate,005090,,0,main_scan,51300,,51300,51200,51300,51500,0.1949317738791423,0.1949317738791423,,,,,,"{""bid_req_base_tm"": ""094543"", ""sel_10th_pre_req_pre"": ""0"", ""sel_10th_pre_req"": ""10"", ""sel_10th_pre_bid"": ""+52400"", ""sel_9th_pre_req_pre"": ""0"", ""sel_9th_pre_req"": ""1"", ""sel_9th_pre_bid"": ""+52300"", ""sel_8th_pre_req_pre"": ""0"", ""sel_8th_pre_req"": ""504"", ""sel_8th_pre_bid"": ""+52200"", ""sel_7th_pre_req_pre"": ""0"", ""sel_7th_pre_req"": ""219"", ""sel_7th_pre_bid"": ""+52100"", ""sel_6th_pre_req_pre"": ""0"", ""sel_6th_pre_req"": ""3"", ""sel_6th_pre_bid"": ""+52000"", ""sel_5th_pre_req_pre"": ""0"", ""sel_5th_pre_req"": ""18"", ""sel_5th_pre_bid"": ""+51900"", ""sel_4th_pre_req_pre"": ""0"", ""sel_4th_pre_req"": ""1"", ""sel_4th_pre_bid"": ""+51600"", ""sel_3th_pre_req_pre"": ""0"", ""sel_3th_pre_req"": ""44"", ""sel_3th_pre_bid"": ""+51500"", ""sel_2th_pre_req_pre"": ""0"", ""sel_2th_pre_req"": ""34"", ""sel_2th_pre_bid"": ""+51400"", ""sel_1th_pre_req_pre"": ""0"", ""sel_fpr_req"": ""2"", ""sel_fpr_bid"": ""+51300"", ""buy_fpr_bid"": ""+51200"", ""buy_fpr_req"": ""1"", ""buy_1th_pre_req_pre"": ""0"", ""buy_2th_pre_bid"": ""+51100"", ""buy_2th_pre_req"": ""134"", ""buy_2th_pre_req_pre"": ""0"", ""buy_3th_pre_bid"": ""+51000"", ""buy_3th_pre_req"": ""269"", ""buy_3th_pre_req_pre"": ""0"", ""buy_4th_pre_bid"": ""+50900"", ""buy_4th_pre_req"": ""232"", ""buy_4th_pre_req_pre"": ""0"", ""buy_5th_pre_bid"": ""+50800"", ""buy_5th_pre_req"": ""162"", ""buy_5th_pre_req_pre"": ""0"", ""buy_6th_pre_bid"": ""+50700"", ""buy_6th_pre_req"": ""100"", ""buy_6th_pre_req_pre"": ""0"", ""buy_7th_pre_bid"": ""+50600"", ""buy_7th_pre_req"": ""203"", ""buy_7th_pre_req_pre"": ""0"", ""buy_8th_pre_bid"": ""50500"", ""buy_8th_pre_req"": ""520"", ""buy_8th_pre_req_pre"": ""0"", ""buy_9th_pre_bid"": ""-50400"", ""buy_9th_pre_req"": ""110"", ""buy_9th_pre_req_pre"": ""0"", ""buy_10th_pre_bid"": ""-50300"", ""buy_10th_pre_req"": ""102"", ""buy_10th_pre_req_pre"": ""0"", ""tot_sel_req_jub_pre"": ""0"", ""tot_sel_req"": ""836"", ""tot_buy_req"": ""1833"", ""tot_buy_req_jub_pre"": ""0"", ""ovt_sel_req_pre"": ""0"", ""ovt_sel_req"": ""0"", ""ovt_buy_req"": ""0"", ""ovt_buy_req_pre"": ""0"", ""return_code"": 0, ""return_msg"": ""정상적으로 처리되었습니다""}"
2026-06-10,scan_candidate,017900,,0,main_scan,9860,,9860,9840,9860,9830,-0.4056795131845842,0.2028397565922921,,,,,,"{""bid_req_base_tm"": ""094546"", ""sel_10th_pre_req_pre"": ""0"", ""sel_10th_pre_req"": ""1736"", ""sel_10th_pre_bid"": ""+9950"", ""sel_9th_pre_req_pre"": ""0"", ""sel_9th_pre_req"": ""4412"", ""sel_9th_pre_bid"": ""+9940"", ""sel_8th_pre_req_pre"": ""0"", ""sel_8th_pre_req"": ""647"", ""sel_8th_pre_bid"": ""+9930"", ""sel_7th_pre_req_pre"": ""0"", ""sel_7th_pre_req"": ""1132"", ""sel_7th_pre_bid"": ""+9920"", ""sel_6th_pre_req_pre"": ""0"", ""sel_6th_pre_req"": ""2663"", ""sel_6th_pre_bid"": ""+9910"", ""sel_5th_pre_req_pre"": ""0"", ""sel_5th_pre_req"": ""5727"", ""sel_5th_pre_bid"": ""+9900"", ""sel_4th_pre_req_pre"": ""0"", ""sel_4th_pre_req"": ""6659"", ""sel_4th_pre_bid"": ""+9890"", ""sel_3th_pre_req_pre"": ""0"", ""sel_3th_pre_req"": ""1024"", ""sel_3th_pre_bid"": ""+9880"", ""sel_2th_pre_req_pre"": ""+125"", ""sel_2th_pre_req"": ""174"", ""sel_2th_pre_bid"": ""+9870"", ""sel_1th_pre_req_pre"": ""--114"", ""sel_fpr_req"": ""562"", ""sel_fpr_bid"": ""+9860"", ""buy_fpr_bid"": ""+9840"", ""buy_fpr_req"": ""1509"", ""buy_1th_pre_req_pre"": ""+20"", ""buy_2th_pre_bid"": ""+9830"", ""buy_2th_pre_req"": ""12192"", ""buy_2th_pre_req_pre"": ""0"", ""buy_3th_pre_bid"": ""+9820"", ""buy_3th_pre_req"": ""1296"", ""buy_3th_pre_req_pre"": ""0"", ""buy_4th_pre_bid"": ""+9810"", ""buy_4th_pre_req"": ""2273"", ""buy_4th_pre_req_pre"": ""0"", ""buy_5th_pre_bid"": ""+9800"", ""buy_5th_pre_req"": ""31"", ""buy_5th_pre_req_pre"": ""0"", ""buy_6th_pre_bid"": ""+9790"", ""buy_6th_pre_req"": ""161"", ""buy_6th_pre_req_pre"": ""0"", ""buy_7th_pre_bid"": ""+9780"", ""buy_7th_pre_req"": ""21"", ""buy_7th_pre_req_pre"": ""0"", ""buy_8th_pre_bid"": ""+9770"", ""buy_8th_pre_req"": ""117"", ""buy_8th_pre_req_pre"": ""0"", ""buy_9th_pre_bid"": ""+9760"", ""buy_9th_pre_req"": ""157"", ""buy_9th_pre_req_pre"": ""0"", ""buy_10th_pre_bid"": ""+9750"", ""buy_10th_pre_req"": ""20"", ""buy_10th_pre_req_pre"": ""0"", ""tot_sel_req_jub_pre"": ""+11"", ""tot_sel_req"": ""24736"", ""tot_buy_req"": ""17777"", ""tot_buy_req_jub_pre"": ""+20"", ""ovt_sel_req_pre"": ""0"", ""ovt_sel_req"": ""0"", ""ovt_buy_req"": ""0"", ""ovt_buy_req_pre"": ""0"", ""return_code"": 0, ""return_msg"": ""정상적으로 처리되었습니다""}"
2026-06-10,scan_candidate,006220,,0,main_scan,11320,,11320,11310,11320,11300,-0.6183745583038869,0.08833922261484099,,,,,,"{""bid_req_base_tm"": ""094546"", ""sel_10th_pre_req_pre"": ""0"", ""sel_10th_pre_req"": ""345"", ""sel_10th_pre_bid"": ""+11420"", ""sel_9th_pre_req_pre"": ""0"", ""sel_9th_pre_req"": ""93"", ""sel_9th_pre_bid"": ""+11410"", ""sel_8th_pre_req_pre"": ""0"", ""sel_8th_pre_req"": ""1510"", ""sel_8th_pre_bid"": ""+11400"", ""sel_7th_pre_req_pre"": ""0"", ""sel_7th_pre_req"": ""6601"", ""sel_7th_pre_bid"": ""+11390"", ""sel_6th_pre_req_pre"": ""0"", ""sel_6th_pre_req"": ""34"", ""sel_6th_pre_bid"": ""+11380"", ""sel_5th_pre_req_pre"": ""0"", ""sel_5th_pre_req"": ""5"", ""sel_5th_pre_bid"": ""+11370"", ""sel_4th_pre_req_pre"": ""0"", ""sel_4th_pre_req"": ""17"", ""sel_4th_pre_bid"": ""+11360"", ""sel_3th_pre_req_pre"": ""0"", ""sel_3th_pre_req"": ""19"", ""sel_3th_pre_bid"": ""+11350"", ""sel_2th_pre_req_pre"": ""0"", ""sel_2th_pre_req"": ""1"", ""sel_2th_pre_bid"": ""+11340"", ""sel_1th_pre_req_pre"": ""0"", ""sel_fpr_req"": ""406"", ""sel_fpr_bid"": ""+11320"", ""buy_fpr_bid"": ""+11310"", ""buy_fpr_req"": ""76"", ""buy_1th_pre_req_pre"": ""0"", ""buy_2th_pre_bid"": ""+11300"", ""buy_2th_pre_req"": ""1160"", ""buy_2th_pre_req_pre"": ""0"", ""buy_3th_pre_bid"": ""+11290"", ""buy_3th_pre_req"": ""1207"", ""buy_3th_pre_req_pre"": ""+42"", ""buy_4th_pre_bid"": ""+11280"", ""buy_4th_pre_req"": ""122"", ""buy_4th_pre_req_pre"": ""0"", ""buy_5th_pre_bid"": ""+11270"", ""buy_5th_pre_req"": ""504"", ""buy_5th_pre_req_pre"": ""0"", ""buy_6th_pre_bid"": ""+11260"", ""buy_6th_pre_req"": ""325"", ""buy_6th_pre_req_pre"": ""0"", ""buy_7th_pre_bid"": ""+11250"", ""buy_7th_pre_req"": ""40"", ""buy_7th_pre_req_pre"": ""0"", ""buy_8th_pre_bid"": ""+11240"", ""buy_8th_pre_req"": ""339"", ""buy_8th_pre_req_pre"": ""0"", ""buy_9th_pre_bid"": ""+11230"", ""buy_9th_pre_req"": ""171"", ""buy_9th_pre_req_pre"": ""0"", ""buy_10th_pre_bid"": ""+11220"", ""buy_10th_pre_req"": ""318"", ""buy_10th_pre_req_pre"": ""0"", ""tot_sel_req_jub_pre"": ""0"", ""tot_sel_req"": ""9031"", ""tot_buy_req"": ""4262"", ""tot_buy_req_jub_pre"": ""+42"", ""ovt_sel_req_pre"": ""0"", ""ovt_sel_req"": ""0"", ""ovt_buy_req"": ""0"", ""ovt_buy_req_pre"": ""0"", ""return_code"": 0, ""return_msg"": ""정상적으로 처리되었습니다""}"
2026-06-10,scan_candidate,092200,,0,main_scan,9920,,9920,9890,9920,9940,0.10080645161290322,0.3024193548387097,,,,,,"{""bid_req_base_tm"": ""094546"", ""sel_10th_pre_req_pre"": ""0"", ""sel_10th_pre_req"": ""44"", ""sel_10th_pre_bid"": ""-10040"", ""sel_9th_pre_req_pre"": ""0"", ""sel_9th_pre_req"": ""65"", ""sel_9th_pre_bid"": ""-10030"", ""sel_8th_pre_req_pre"": ""0"", ""sel_8th_pre_req"": ""2483"", ""sel_8th_pre_bid"": ""-10020"", ""sel_7th_pre_req_pre"": ""0"", ""sel_7th_pre_req"": ""257"", ""sel_7th_pre_bid"": ""-10010"", ""sel_6th_pre_req_pre"": ""0"", ""sel_6th_pre_req"": ""26"", ""sel_6th_pre_bid"": ""-10000"", ""sel_5th_pre_req_pre"": ""0"", ""sel_5th_pre_req"": ""873"", ""sel_5th_pre_bid"": ""-9970"", ""sel_4th_pre_req_pre"": ""0"", ""sel_4th_pre_req"": ""2434"", ""sel_4th_pre_bid"": ""-9960"", ""sel_3th_pre_req_pre"": ""0"", ""sel_3th_pre_req"": ""450"", ""sel_3th_pre_bid"": ""-9950"", ""sel_2th_pre_req_pre"": ""0"", ""sel_2th_pre_req"": ""729"", ""sel_2th_pre_bid"": ""-9930"", ""sel_1th_pre_req_pre"": ""0"", ""sel_fpr_req"": ""757"", ""sel_fpr_bid"": ""-9920"", ""buy_fpr_bid"": ""-9890"", ""buy_fpr_req"": ""10"", ""buy_1th_pre_req_pre"": ""0"", ""buy_2th_pre_bid"": ""-9880"", ""buy_2th_pre_req"": ""3543"", ""buy_2th_pre_req_pre"": ""0"", ""buy_3th_pre_bid"": ""-9870"", ""buy_3th_pre_req"": ""2305"", ""buy_3th_pre_req_pre"": ""0"", ""buy_4th_pre_bid"": ""-9860"", ""buy_4th_pre_req"": ""1870"", ""buy_4th_pre_req_pre"": ""0"", ""buy_5th_pre_bid"": ""-9850"", ""buy_5th_pre_req"": ""4324"", ""buy_5th_pre_req_pre"": ""+10"", ""buy_6th_pre_bid"": ""-9840"", ""buy_6th_pre_req"": ""364"", ""buy_6th_pre_req_pre"": ""0"", ""buy_7th_pre_bid"": ""-9830"", ""buy_7th_pre_req"": ""1289"", ""buy_7th_pre_req_pre"": ""0"", ""buy_8th_pre_bid"": ""-9820"", ""buy_8th_pre_req"": ""2213"", ""buy_8th_pre_req_pre"": ""0"", ""buy_9th_pre_bid"": ""-9810"", ""buy_9th_pre_req"": ""3935"", ""buy_9th_pre_req_pre"": ""0"", ""buy_10th_pre_bid"": ""-9800"", ""buy_10th_pre_req"": ""3234"", ""buy_10th_pre_req_pre"": ""0"", ""tot_sel_req_jub_pre"": ""0"", ""tot_sel_req"": ""8118"", ""tot_buy_req"": ""23087"", ""tot_buy_req_jub_pre"": ""+10"", ""ovt_sel_req_pre"": ""0"", ""ovt_sel_req"": ""0"", ""ovt_buy_req"": ""0"", ""ovt_buy_req_pre"": ""0"", ""return_code"": 0, ""return_msg"": ""정상적으로 처리되었습니다""}"
2026-06-10,scan_candidate,010820,,0,main_scan,8100,,8100,8090,8100,8100,-0.12345679012345678,0.12345679012345678,,,,,,"{""bid_req_base_tm"": ""094547"", ""sel_10th_pre_req_pre"": ""0"", ""sel_10th_pre_req"": ""1"", ""sel_10th_pre_bid"": ""+8190"", ""sel_9th_pre_req_pre"": ""0"", ""sel_9th_pre_req"": ""251"", ""sel_9th_pre_bid"": ""+8180"", ""sel_8th_pre_req_pre"": ""0"", ""sel_8th_pre_req"": ""1"", ""sel_8th_pre_bid"": ""+8170"", ""sel_7th_pre_req_pre"": ""0"", ""sel_7th_pre_req"": ""351"", ""sel_7th_pre_bid"": ""+8160"", ""sel_6th_pre_req_pre"": ""0"", ""sel_6th_pre_req"": ""236"", ""sel_6th_pre_bid"": ""+8150"", ""sel_5th_pre_req_pre"": ""0"", ""sel_5th_pre_req"": ""1"", ""sel_5th_pre_bid"": ""+8140"", ""sel_4th_pre_req_pre"": ""0"", ""sel_4th_pre_req"": ""5"", ""sel_4th_pre_bid"": ""+8130"", ""sel_3th_pre_req_pre"": ""0"", ""sel_3th_pre_req"": ""1010"", ""sel_3th_pre_bid"": ""+8120"", ""sel_2th_pre_req_pre"": ""0"", ""sel_2th_pre_req"": ""897"", ""sel_2th_pre_bid"": ""+8110"", ""sel_1th_pre_req_pre"": ""0"", ""sel_fpr_req"": ""500"", ""sel_fpr_bid"": ""+8100"", ""buy_fpr_bid"": ""+8090"", ""buy_fpr_req"": ""25"", ""buy_1th_pre_req_pre"": ""0"", ""buy_2th_pre_bid"": ""+8080"", ""buy_2th_pre_req"": ""1559"", ""buy_2th_pre_req_pre"": ""0"", ""buy_3th_pre_bid"": ""+8060"", ""buy_3th_pre_req"": ""101"", ""buy_3th_pre_req_pre"": ""0"", ""buy_4th_pre_bid"": ""+8050"", ""buy_4th_pre_req"": ""289"", ""buy_4th_pre_req_pre"": ""--86"", ""buy_5th_pre_bid"": ""+8040"", ""buy_5th_pre_req"": ""293"", ""buy_5th_pre_req_pre"": ""0"", ""buy_6th_pre_bid"": ""+8030"", ""buy_6th_pre_req"": ""439"", ""buy_6th_pre_req_pre"": ""0"", ""buy_7th_pre_bid"": ""+8020"", ""buy_7th_pre_req"": ""579"", ""buy_7th_pre_req_pre"": ""0"", ""buy_8th_pre_bid"": ""+8010"", ""buy_8th_pre_req"": ""604"", ""buy_8th_pre_req_pre"": ""0"", ""buy_9th_pre_bid"": ""+8000"", ""buy_9th_pre_req"": ""3670"", ""buy_9th_pre_req_pre"": ""0"", ""buy_10th_pre_bid"": ""+7990"", ""buy_10th_pre_req"": ""110"", ""buy_10th_pre_req_pre"": ""0"", ""tot_sel_req_jub_pre"": ""+105"", ""tot_sel_req"": ""3253"", ""tot_buy_req"": ""7669"", ""tot_buy_req_jub_pre"": ""--86"", ""ovt_sel_req_pre"": ""0"", ""ovt_sel_req"": ""0"", ""ovt_buy_req"": ""0"", ""ovt_buy_req_pre"": ""0"", ""return_code"": 0, ""return_msg"": ""정상적으로 처리되었습니다""}"
2026-06-10,scan_candidate,000430,,0,main_scan,5960,,5960,5950,5960,5960,-0.16778523489932887,0.16778523489932887,,,,,,"{""bid_req_base_tm"": ""094547"", ""sel_10th_pre_req_pre"": ""0"", ""sel_10th_pre_req"": ""536"", ""sel_10th_pre_bid"": ""+6050"", ""sel_9th_pre_req_pre"": ""0"", ""sel_9th_pre_req"": ""741"", ""sel_9th_pre_bid"": ""+6040"", ""sel_8th_pre_req_pre"": ""0"", ""sel_8th_pre_req"": ""16"", ""sel_8th_pre_bid"": ""+6030"", ""sel_7th_pre_req_pre"": ""0"", ""sel_7th_pre_req"": ""16"", ""sel_7th_pre_bid"": ""+6020"", ""sel_6th_pre_req_pre"": ""0"", ""sel_6th_pre_req"": ""706"", ""sel_6th_pre_bid"": ""+6010"", ""sel_5th_pre_req_pre"": ""0"", ""sel_5th_pre_req"": ""4575"", ""sel_5th_pre_bid"": ""6000"", ""sel_4th_pre_req_pre"": ""0"", ""sel_4th_pre_req"": ""1586"", ""sel_4th_pre_bid"": ""-5990"", ""sel_3th_pre_req_pre"": ""0"", ""sel_3th_pre_req"": ""519"", ""sel_3th_pre_bid"": ""-5980"", ""sel_2th_pre_req_pre"": ""0"", ""sel_2th_pre_req"": ""515"", ""sel_2th_pre_bid"": ""-5970"", ""sel_1th_pre_req_pre"": ""--1"", ""sel_fpr_req"": ""432"", ""sel_fpr_bid"": ""-5960"", ""buy_fpr_bid"": ""-5950"", ""buy_fpr_req"": ""336"", ""buy_1th_pre_req_pre"": ""0"", ""buy_2th_pre_bid"": ""-5920"", ""buy_2th_pre_req"": ""924"", ""buy_2th_pre_req_pre"": ""0"", ""buy_3th_pre_bid"": ""-5910"", ""buy_3th_pre_req"": ""5212"", ""buy_3th_pre_req_pre"": ""0"", ""buy_4th_pre_bid"": ""-5900"", ""buy_4th_pre_req"": ""481"", ""buy_4th_pre_req_pre"": ""+50"", ""buy_5th_pre_bid"": ""-5890"", ""buy_5th_pre_req"": ""843"", ""buy_5th_pre_req_pre"": ""0"", ""buy_6th_pre_bid"": ""-5880"", ""buy_6th_pre_req"": ""1139"", ""buy_6th_pre_req_pre"": ""0"", ""buy_7th_pre_bid"": ""-5870"", ""buy_7th_pre_req"": ""1349"", ""buy_7th_pre_req_pre"": ""0"", ""buy_8th_pre_bid"": ""-5860"", ""buy_8th_pre_req"": ""2670"", ""buy_8th_pre_req_pre"": ""0"", ""buy_9th_pre_bid"": ""-5850"", ""buy_9th_pre_req"": ""7024"", ""buy_9th_pre_req_pre"": ""0"", ""buy_10th_pre_bid"": ""-5840"", ""buy_10th_pre_req"": ""5757"", ""buy_10th_pre_req_pre"": ""0"", ""tot_sel_req_jub_pre"": ""--1"", ""tot_sel_req"": ""9642"", ""tot_buy_req"": ""25735"", ""tot_buy_req_jub_pre"": ""+50"", ""ovt_sel_req_pre"": ""0"", ""ovt_sel_req"": ""0"", ""ovt_buy_req"": ""0"", ""ovt_buy_req_pre"": ""0"", ""return_code"": 0, ""return_msg"": ""정상적으로 처리되었습니다""}"
2026-06-10,scan_candidate,010690,,0,main_scan,10450,,10450,10410,10450,10450,-0.4784688995215311,0.3827751196172249,,,,,,"{""bid_req_base_tm"": ""094547"", ""sel_10th_pre_req_pre"": ""0"", ""sel_10th_pre_req"": ""57"", ""sel_10th_pre_bid"": ""+10550"", ""sel_9th_pre_req_pre"": ""0"", ""sel_9th_pre_req"": ""85"", ""sel_9th_pre_bid"": ""+10540"", ""sel_8th_pre_req_pre"": ""0"", ""sel_8th_pre_req"": ""139"", ""sel_8th_pre_bid"": ""+10530"", ""sel_7th_pre_req_pre"": ""0"", ""sel_7th_pre_req"": ""214"", ""sel_7th_pre_bid"": ""+10520"", ""sel_6th_pre_req_pre"": ""0"", ""sel_6th_pre_req"": ""52"", ""sel_6th_pre_bid"": ""+10510"", ""sel_5th_pre_req_pre"": ""0"", ""sel_5th_pre_req"": ""70"", ""sel_5th_pre_bid"": ""+10500"", ""sel_4th_pre_req_pre"": ""0"", ""sel_4th_pre_req"": ""1457"", ""sel_4th_pre_bid"": ""+10490"", ""sel_3th_pre_req_pre"": ""0"", ""sel_3th_pre_req"": ""36"", ""sel_3th_pre_bid"": ""+10480"", ""sel_2th_pre_req_pre"": ""0"", ""sel_2th_pre_req"": ""9"", ""sel_2th_pre_bid"": ""+10470"", ""sel_1th_pre_req_pre"": ""0"", ""sel_fpr_req"": ""112"", ""sel_fpr_bid"": ""+10450"", ""buy_fpr_bid"": ""+10410"", ""buy_fpr_req"": ""174"", ""buy_1th_pre_req_pre"": ""0"", ""buy_2th_pre_bid"": ""+10400"", ""buy_2th_pre_req"": ""1762"", ""buy_2th_pre_req_pre"": ""0"", ""buy_3th_pre_bid"": ""+10380"", ""buy_3th_pre_req"": ""5"", ""buy_3th_pre_req_pre"": ""0"", ""buy_4th_pre_bid"": ""+10370"", ""buy_4th_pre_req"": ""699"", ""buy_4th_pre_req_pre"": ""0"", ""buy_5th_pre_bid"": ""+10360"", ""buy_5th_pre_req"": ""178"", ""buy_5th_pre_req_pre"": ""0"", ""buy_6th_pre_bid"": ""+10350"", ""buy_6th_pre_req"": ""520"", ""buy_6th_pre_req_pre"": ""0"", ""buy_7th_pre_bid"": ""+10340"", ""buy_7th_pre_req"": ""50"", ""buy_7th_pre_req_pre"": ""0"", ""buy_8th_pre_bid"": ""+10330"", ""buy_8th_pre_req"": ""3"", ""buy_8th_pre_req_pre"": ""0"", ""buy_9th_pre_bid"": ""+10320"", ""buy_9th_pre_req"": ""24"", ""buy_9th_pre_req_pre"": ""0"", ""buy_10th_pre_bid"": ""+10310"", ""buy_10th_pre_req"": ""959"", ""buy_10th_pre_req_pre"": ""0"", ""tot_sel_req_jub_pre"": ""--2"", ""tot_sel_req"": ""2231"", ""tot_buy_req"": ""4374"", ""tot_buy_req_jub_pre"": ""0"", ""ovt_sel_req_pre"": ""0"", ""ovt_sel_req"": ""0"", ""ovt_buy_req"": ""0"", ""ovt_buy_req_pre"": ""0"", ""return_code"": 0, ""return_msg"": ""정상적으로 처리되었습니다""}"
2026-06-10,scan_candidate,005950,,0,main_scan,11860,,11860,11830,11860,11850,-0.5059021922428331,0.25295109612141653,,,,,,"{""bid_req_base_tm"": ""094547"", ""sel_10th_pre_req_pre"": ""0"", ""sel_10th_pre_req"": ""13"", ""sel_10th_pre_bid"": ""+12050"", ""sel_9th_pre_req_pre"": ""0"", ""sel_9th_pre_req"": ""635"", ""sel_9th_pre_bid"": ""+12040"", ""sel_8th_pre_req_pre"": ""0"", ""sel_8th_pre_req"": ""420"", ""sel_8th_pre_bid"": ""+12030"", ""sel_7th_pre_req_pre"": ""0"", ""sel_7th_pre_req"": ""451"", ""sel_7th_pre_bid"": ""+12000"", ""sel_6th_pre_req_pre"": ""0"", ""sel_6th_pre_req"": ""205"", ""sel_6th_pre_bid"": ""+11970"", ""sel_5th_pre_req_pre"": ""0"", ""sel_5th_pre_req"": ""70"", ""sel_5th_pre_bid"": ""+11940"", ""sel_4th_pre_req_pre"": ""0"", ""sel_4th_pre_req"": ""1"", ""sel_4th_pre_bid"": ""+11910"", ""sel_3th_pre_req_pre"": ""0"", ""sel_3th_pre_req"": ""500"", ""sel_3th_pre_bid"": ""+11900"", ""sel_2th_pre_req_pre"": ""0"", ""sel_2th_pre_req"": ""111"", ""sel_2th_pre_bid"": ""+11870"", ""sel_1th_pre_req_pre"": ""--1"", ""sel_fpr_req"": ""1"", ""sel_fpr_bid"": ""+11860"", ""buy_fpr_bid"": ""+11830"", ""buy_fpr_req"": ""58"", ""buy_1th_pre_req_pre"": ""0"", ""buy_2th_pre_bid"": ""+11820"", ""buy_2th_pre_req"": ""29"", ""buy_2th_pre_req_pre"": ""0"", ""buy_3th_pre_bid"": ""+11810"", ""buy_3th_pre_req"": ""129"", ""buy_3th_pre_req_pre"": ""0"", ""buy_4th_pre_bid"": ""+11800"", ""buy_4th_pre_req"": ""124"", ""buy_4th_pre_req_pre"": ""0"", ""buy_5th_pre_bid"": ""+11790"", ""buy_5th_pre_req"": ""10"", ""buy_5th_pre_req_pre"": ""0"", ""buy_6th_pre_bid"": ""+11780"", ""buy_6th_pre_req"": ""62"", ""buy_6th_pre_req_pre"": ""0"", ""buy_7th_pre_bid"": ""+11770"", ""buy_7th_pre_req"": ""17"", ""buy_7th_pre_req_pre"": ""0"", ""buy_8th_pre_bid"": ""+11760"", ""buy_8th_pre_req"": ""209"", ""buy_8th_pre_req_pre"": ""0"", ""buy_9th_pre_bid"": ""+11750"", ""buy_9th_pre_req"": ""222"", ""buy_9th_pre_req_pre"": ""0"", ""buy_10th_pre_bid"": ""+11740"", ""buy_10th_pre_req"": ""15"", ""buy_10th_pre_req_pre"": ""0"", ""tot_sel_req_jub_pre"": ""--1"", ""tot_sel_req"": ""2407"", ""tot_buy_req"": ""875"", ""tot_buy_req_jub_pre"": ""0"", ""ovt_sel_req_pre"": ""0"", ""ovt_sel_req"": ""0"", ""ovt_buy_req"": ""0"", ""ovt_buy_req_pre"": ""0"", ""return_code"": 0, ""return_msg"": ""정상적으로 처리되었습니다""}"
2026-06-10,watchlist,014680,,1,filtered_candidate_recheck,260000,,260000,258500,260000,260000,-0.19230769230769232,0.576923076923077,,,,,,"{""bid_req_base_tm"": ""094732"", ""sel_10th_pre_req_pre"": ""0"", ""sel_10th_pre_req"": ""40"", ""sel_10th_pre_bid"": ""+264500"", ""sel_9th_pre_req_pre"": ""0"", ""sel_9th_pre_req"": ""95"", ""sel_9th_pre_bid"": ""+264000"", ""sel_8th_pre_req_pre"": ""0"", ""sel_8th_pre_req"": ""3"", ""sel_8th_pre_bid"": ""+263500"", ""sel_7th_pre_req_pre"": ""0"", ""sel_7th_pre_req"": ""11"", ""sel_7th_pre_bid"": ""+263000"", ""sel_6th_pre_req_pre"": ""0"", ""sel_6th_pre_req"": ""12"", ""sel_6th_pre_bid"": ""+262500"", ""sel_5th_pre_req_pre"": ""0"", ""sel_5th_pre_req"": ""7"", ""sel_5th_pre_bid"": ""+262000"", ""sel_4th_pre_req_pre"": ""0"", ""sel_4th_pre_req"": ""57"", ""sel_4th_pre_bid"": ""+261500"", ""sel_3th_pre_req_pre"": ""0"", ""sel_3th_pre_req"": ""53"", ""sel_3th_pre_bid"": ""+261000"", ""sel_2th_pre_req_pre"": ""+1"", ""sel_2th_pre_req"": ""59"", ""sel_2th_pre_bid"": ""+260500"", ""sel_1th_pre_req_pre"": ""0"", ""sel_fpr_req"": ""6"", ""sel_fpr_bid"": ""+260000"", ""buy_fpr_bid"": ""+258500"", ""buy_fpr_req"": ""117"", ""buy_1th_pre_req_pre"": ""0"", ""buy_2th_pre_bid"": ""+258000"", ""buy_2th_pre_req"": ""33"", ""buy_2th_pre_req_pre"": ""0"", ""buy_3th_pre_bid"": ""+257500"", ""buy_3th_pre_req"": ""1"", ""buy_3th_pre_req_pre"": ""0"", ""buy_4th_pre_bid"": ""+257000"", ""buy_4th_pre_req"": ""173"", ""buy_4th_pre_req_pre"": ""0"", ""buy_5th_pre_bid"": ""+256500"", ""buy_5th_pre_req"": ""2"", ""buy_5th_pre_req_pre"": ""0"", ""buy_6th_pre_bid"": ""+256000"", ""buy_6th_pre_req"": ""2"", ""buy_6th_pre_req_pre"": ""0"", ""buy_7th_pre_bid"": ""+255500"", ""buy_7th_pre_req"": ""80"", ""buy_7th_pre_req_pre"": ""0"", ""buy_8th_pre_bid"": ""+255000"", ""buy_8th_pre_req"": ""2"", ""buy_8th_pre_req_pre"": ""0"", ""buy_9th_pre_bid"": ""+254500"", ""buy_9th_pre_req"": ""1"", ""buy_9th_pre_req_pre"": ""0"", ""buy_10th_pre_bid"": ""+254000"", ""buy_10th_pre_req"": ""17"", ""buy_10th_pre_req_pre"": ""0"", ""tot_sel_req_jub_pre"": ""+1"", ""tot_sel_req"": ""343"", ""tot_buy_req"": ""428"", ""tot_buy_req_jub_pre"": ""0"", ""ovt_sel_req_pre"": ""0"", ""ovt_sel_req"": ""0"", ""ovt_buy_req"": ""0"", ""ovt_buy_req_pre"": ""0"", ""return_code"": 0, ""return_msg"": ""정상적으로 처리되었습니다""}"
2026-06-10,watchlist,035420,,0,filtered_candidate_recheck,235500,,235500,235000,235500,237000,0.42462845010615713,0.21231422505307856,,,,,,"{""bid_req_base_tm"": ""094732"", ""sel_10th_pre_req_pre"": ""0"", ""sel_10th_pre_req"": ""2791"", ""sel_10th_pre_bid"": ""-240000"", ""sel_9th_pre_req_pre"": ""0"", ""sel_9th_pre_req"": ""1242"", ""sel_9th_pre_bid"": ""-239500"", ""sel_8th_pre_req_pre"": ""0"", ""sel_8th_pre_req"": ""1100"", ""sel_8th_pre_bid"": ""-239000"", ""sel_7th_pre_req_pre"": ""0"", ""sel_7th_pre_req"": ""1234"", ""sel_7th_pre_bid"": ""-238500"", ""sel_6th_pre_req_pre"": ""--26"", ""sel_6th_pre_req"": ""1733"", ""sel_6th_pre_bid"": ""-238000"", ""sel_5th_pre_req_pre"": ""0"", ""sel_5th_pre_req"": ""1730"", ""sel_5th_pre_bid"": ""-237500"", ""sel_4th_pre_req_pre"": ""0"", ""sel_4th_pre_req"": ""1588"", ""sel_4th_pre_bid"": ""-237000"", ""sel_3th_pre_req_pre"": ""0"", ""sel_3th_pre_req"": ""3179"", ""sel_3th_pre_bid"": ""-236500"", ""sel_2th_pre_req_pre"": ""+26"", ""sel_2th_pre_req"": ""2673"", ""sel_2th_pre_bid"": ""-236000"", ""sel_1th_pre_req_pre"": ""+13"", ""sel_fpr_req"": ""3285"", ""sel_fpr_bid"": ""-235500"", ""buy_fpr_bid"": ""-235000"", ""buy_fpr_req"": ""19797"", ""buy_1th_pre_req_pre"": ""+50"", ""buy_2th_pre_bid"": ""-234500"", ""buy_2th_pre_req"": ""55232"", ""buy_2th_pre_req_pre"": ""0"", ""buy_3th_pre_bid"": ""-234000"", ""buy_3th_pre_req"": ""7323"", ""buy_3th_pre_req_pre"": ""0"", ""buy_4th_pre_bid"": ""-233500"", ""buy_4th_pre_req"": ""4788"", ""buy_4th_pre_req_pre"": ""0"", ""buy_5th_pre_bid"": ""-233000"", ""buy_5th_pre_req"": ""9851"", ""buy_5th_pre_req_pre"": ""+4"", ""buy_6th_pre_bid"": ""-232500"", ""buy_6th_pre_req"": ""5827"", ""buy_6th_pre_req_pre"": ""0"", ""buy_7th_pre_bid"": ""-232000"", ""buy_7th_pre_req"": ""8863"", ""buy_7th_pre_req_pre"": ""0"", ""buy_8th_pre_bid"": ""-231500"", ""buy_8th_pre_req"": ""6553"", ""buy_8th_pre_req_pre"": ""0"", ""buy_9th_pre_bid"": ""-231000"", ""buy_9th_pre_req"": ""10660"", ""buy_9th_pre_req_pre"": ""+1"", ""buy_10th_pre_bid"": ""-230500"", ""buy_10th_pre_req"": ""5105"", ""buy_10th_pre_req_pre"": ""0"", ""tot_sel_req_jub_pre"": ""+13"", ""tot_sel_req"": ""20555"", ""tot_buy_req"": ""133999"", ""tot_buy_req_jub_pre"": ""+55"", ""ovt_sel_req_pre"": ""0"", ""ovt_sel_req"": ""0"", ""ovt_buy_req"": ""0"", ""ovt_buy_req_pre"": ""0"", ""return_code"": 0, ""return_msg"": ""정상적으로 처리되었습니다""}"
2026-06-10,watchlist,036570,,1,filtered_candidate_recheck,255500,,255500,255000,255500,257000,0.3913894324853229,0.19569471624266144,,,,,,"{""bid_req_base_tm"": ""094730"", ""sel_10th_pre_req_pre"": ""0"", ""sel_10th_pre_req"": ""31"", ""sel_10th_pre_bid"": ""-260500"", ""sel_9th_pre_req_pre"": ""0"", ""sel_9th_pre_req"": ""63"", ""sel_9th_pre_bid"": ""-260000"", ""sel_8th_pre_req_pre"": ""0"", ""sel_8th_pre_req"": ""79"", ""sel_8th_pre_bid"": ""-259500"", ""sel_7th_pre_req_pre"": ""0"", ""sel_7th_pre_req"": ""47"", ""sel_7th_pre_bid"": ""-259000"", ""sel_6th_pre_req_pre"": ""0"", ""sel_6th_pre_req"": ""44"", ""sel_6th_pre_bid"": ""-258500"", ""sel_5th_pre_req_pre"": ""0"", ""sel_5th_pre_req"": ""26"", ""sel_5th_pre_bid"": ""-258000"", ""sel_4th_pre_req_pre"": ""0"", ""sel_4th_pre_req"": ""10"", ""sel_4th_pre_bid"": ""-257500"", ""sel_3th_pre_req_pre"": ""0"", ""sel_3th_pre_req"": ""33"", ""sel_3th_pre_bid"": ""-257000"", ""sel_2th_pre_req_pre"": ""0"", ""sel_2th_pre_req"": ""71"", ""sel_2th_pre_bid"": ""-256500"", ""sel_1th_pre_req_pre"": ""0"", ""sel_fpr_req"": ""129"", ""sel_fpr_bid"": ""-255500"", ""buy_fpr_bid"": ""-255000"", ""buy_fpr_req"": ""20"", ""buy_1th_pre_req_pre"": ""+4"", ""buy_2th_pre_bid"": ""-254500"", ""buy_2th_pre_req"": ""273"", ""buy_2th_pre_req_pre"": ""0"", ""buy_3th_pre_bid"": ""-254000"", ""buy_3th_pre_req"": ""264"", ""buy_3th_pre_req_pre"": ""0"", ""buy_4th_pre_bid"": ""-253500"", ""buy_4th_pre_req"": ""386"", ""buy_4th_pre_req_pre"": ""0"", ""buy_5th_pre_bid"": ""-253000"", ""buy_5th_pre_req"": ""816"", ""buy_5th_pre_req_pre"": ""0"", ""buy_6th_pre_bid"": ""-252500"", ""buy_6th_pre_req"": ""182"", ""buy_6th_pre_req_pre"": ""0"", ""buy_7th_pre_bid"": ""-252000"", ""buy_7th_pre_req"": ""222"", ""buy_7th_pre_req_pre"": ""0"", ""buy_8th_pre_bid"": ""-251500"", ""buy_8th_pre_req"": ""218"", ""buy_8th_pre_req_pre"": ""0"", ""buy_9th_pre_bid"": ""-251000"", ""buy_9th_pre_req"": ""155"", ""buy_9th_pre_req_pre"": ""0"", ""buy_10th_pre_bid"": ""-250500"", ""buy_10th_pre_req"": ""227"", ""buy_10th_pre_req_pre"": ""0"", ""tot_sel_req_jub_pre"": ""0"", ""tot_sel_req"": ""533"", ""tot_buy_req"": ""2763"", ""tot_buy_req_jub_pre"": ""+4"", ""ovt_sel_req_pre"": ""0"", ""ovt_sel_req"": ""0"", ""ovt_buy_req"": ""0"", ""ovt_buy_req_pre"": ""0"", ""return_code"": 0, ""return_msg"": ""정상적으로 처리되었습니다""}"
2026-06-10,watchlist,005090,,0,filtered_candidate_recheck,51400,,51400,51200,51400,51400,-0.19455252918287938,0.38910505836575876,,,,,,"{""bid_req_base_tm"": ""094730"", ""sel_10th_pre_req_pre"": ""0"", ""sel_10th_pre_req"": ""223"", ""sel_10th_pre_bid"": ""+52700"", ""sel_9th_pre_req_pre"": ""0"", ""sel_9th_pre_req"": ""8739"", ""sel_9th_pre_bid"": ""+52500"", ""sel_8th_pre_req_pre"": ""0"", ""sel_8th_pre_req"": ""10"", ""sel_8th_pre_bid"": ""+52400"", ""sel_7th_pre_req_pre"": ""0"", ""sel_7th_pre_req"": ""504"", ""sel_7th_pre_bid"": ""+52200"", ""sel_6th_pre_req_pre"": ""0"", ""sel_6th_pre_req"": ""219"", ""sel_6th_pre_bid"": ""+52100"", ""sel_5th_pre_req_pre"": ""0"", ""sel_5th_pre_req"": ""3"", ""sel_5th_pre_bid"": ""+52000"", ""sel_4th_pre_req_pre"": ""0"", ""sel_4th_pre_req"": ""18"", ""sel_4th_pre_bid"": ""+51900"", ""sel_3th_pre_req_pre"": ""0"", ""sel_3th_pre_req"": ""1"", ""sel_3th_pre_bid"": ""+51600"", ""sel_2th_pre_req_pre"": ""0"", ""sel_2th_pre_req"": ""131"", ""sel_2th_pre_bid"": ""+51500"", ""sel_1th_pre_req_pre"": ""0"", ""sel_fpr_req"": ""20"", ""sel_fpr_bid"": ""+51400"", ""buy_fpr_bid"": ""+51200"", ""buy_fpr_req"": ""122"", ""buy_1th_pre_req_pre"": ""+23"", ""buy_2th_pre_bid"": ""+51100"", ""buy_2th_pre_req"": ""184"", ""buy_2th_pre_req_pre"": ""0"", ""buy_3th_pre_bid"": ""+51000"", ""buy_3th_pre_req"": ""392"", ""buy_3th_pre_req_pre"": ""0"", ""buy_4th_pre_bid"": ""+50900"", ""buy_4th_pre_req"": ""111"", ""buy_4th_pre_req_pre"": ""0"", ""buy_5th_pre_bid"": ""+50800"", ""buy_5th_pre_req"": ""163"", ""buy_5th_pre_req_pre"": ""0"", ""buy_6th_pre_bid"": ""+50700"", ""buy_6th_pre_req"": ""101"", ""buy_6th_pre_req_pre"": ""0"", ""buy_7th_pre_bid"": ""+50600"", ""buy_7th_pre_req"": ""204"", ""buy_7th_pre_req_pre"": ""0"", ""buy_8th_pre_bid"": ""50500"", ""buy_8th_pre_req"": ""521"", ""buy_8th_pre_req_pre"": ""0"", ""buy_9th_pre_bid"": ""-50400"", ""buy_9th_pre_req"": ""111"", ""buy_9th_pre_req_pre"": ""0"", ""buy_10th_pre_bid"": ""-50300"", ""buy_10th_pre_req"": ""103"", ""buy_10th_pre_req_pre"": ""0"", ""tot_sel_req_jub_pre"": ""0"", ""tot_sel_req"": ""9868"", ""tot_buy_req"": ""2012"", ""tot_buy_req_jub_pre"": ""+23"", ""ovt_sel_req_pre"": ""0"", ""ovt_sel_req"": ""0"", ""ovt_buy_req"": ""0"", ""ovt_buy_req_pre"": ""0"", ""return_code"": 0, ""return_msg"": ""정상적으로 처리되었습니다""}"
2026-06-10,watchlist,066570,,0,filtered_candidate_recheck,231500,,231500,231000,231500,233000,0.4319654427645789,0.21598272138228944,,,,,,"{""bid_req_base_tm"": ""094733"", ""sel_10th_pre_req_pre"": ""0"", ""sel_10th_pre_req"": ""2417"", ""sel_10th_pre_bid"": ""-236000"", ""sel_9th_pre_req_pre"": ""0"", ""sel_9th_pre_req"": ""373"", ""sel_9th_pre_bid"": ""-235500"", ""sel_8th_pre_req_pre"": ""0"", ""sel_8th_pre_req"": ""1535"", ""sel_8th_pre_bid"": ""-235000"", ""sel_7th_pre_req_pre"": ""0"", ""sel_7th_pre_req"": ""452"", ""sel_7th_pre_bid"": ""-234500"", ""sel_6th_pre_req_pre"": ""+25"", ""sel_6th_pre_req"": ""408"", ""sel_6th_pre_bid"": ""-234000"", ""sel_5th_pre_req_pre"": ""0"", ""sel_5th_pre_req"": ""442"", ""sel_5th_pre_bid"": ""-233500"", ""sel_4th_pre_req_pre"": ""0"", ""sel_4th_pre_req"": ""900"", ""sel_4th_pre_bid"": ""-233000"", ""sel_3th_pre_req_pre"": ""0"", ""sel_3th_pre_req"": ""413"", ""sel_3th_pre_bid"": ""-232500"", ""sel_2th_pre_req_pre"": ""0"", ""sel_2th_pre_req"": ""721"", ""sel_2th_pre_bid"": ""-232000"", ""sel_1th_pre_req_pre"": ""0"", ""sel_fpr_req"": ""5513"", ""sel_fpr_bid"": ""-231500"", ""buy_fpr_bid"": ""-231000"", ""buy_fpr_req"": ""1310"", ""buy_1th_pre_req_pre"": ""0"", ""buy_2th_pre_bid"": ""-230500"", ""buy_2th_pre_req"": ""9004"", ""buy_2th_pre_req_pre"": ""0"", ""buy_3th_pre_bid"": ""-230000"", ""buy_3th_pre_req"": ""30574"", ""buy_3th_pre_req_pre"": ""0"", ""buy_4th_pre_bid"": ""-229500"", ""buy_4th_pre_req"": ""4262"", ""buy_4th_pre_req_pre"": ""0"", ""buy_5th_pre_bid"": ""-229000"", ""buy_5th_pre_req"": ""5771"", ""buy_5th_pre_req_pre"": ""0"", ""buy_6th_pre_bid"": ""-228500"", ""buy_6th_pre_req"": ""7868"", ""buy_6th_pre_req_pre"": ""0"", ""buy_7th_pre_bid"": ""-228000"", ""buy_7th_pre_req"": ""10112"", ""buy_7th_pre_req_pre"": ""0"", ""buy_8th_pre_bid"": ""-227500"", ""buy_8th_pre_req"": ""3143"", ""buy_8th_pre_req_pre"": ""0"", ""buy_9th_pre_bid"": ""-227000"", ""buy_9th_pre_req"": ""3104"", ""buy_9th_pre_req_pre"": ""0"", ""buy_10th_pre_bid"": ""-226500"", ""buy_10th_pre_req"": ""1982"", ""buy_10th_pre_req_pre"": ""0"", ""tot_sel_req_jub_pre"": ""+25"", ""tot_sel_req"": ""13174"", ""tot_buy_req"": ""77130"", ""tot_buy_req_jub_pre"": ""0"", ""ovt_sel_req_pre"": ""0"", ""ovt_sel_req"": ""0"", ""ovt_buy_req"": ""0"", ""ovt_buy_req_pre"": ""0"", ""return_code"": 0, ""return_msg"": ""정상적으로 처리되었습니다""}"
2026-06-10,watchlist,028670,,0,filtered_candidate_recheck,5060,,5060,5050,5060,5090,0.3952569169960474,0.1976284584980237,,,,,,"{""bid_req_base_tm"": ""094733"", ""sel_10th_pre_req_pre"": ""0"", ""sel_10th_pre_req"": ""200"", ""sel_10th_pre_bid"": ""-5150"", ""sel_9th_pre_req_pre"": ""0"", ""sel_9th_pre_req"": ""305"", ""sel_9th_pre_bid"": ""-5140"", ""sel_8th_pre_req_pre"": ""0"", ""sel_8th_pre_req"": ""160"", ""sel_8th_pre_bid"": ""-5130"", ""sel_7th_pre_req_pre"": ""0"", ""sel_7th_pre_req"": ""307"", ""sel_7th_pre_bid"": ""-5120"", ""sel_6th_pre_req_pre"": ""0"", ""sel_6th_pre_req"": ""200"", ""sel_6th_pre_bid"": ""-5110"", ""sel_5th_pre_req_pre"": ""0"", ""sel_5th_pre_req"": ""211"", ""sel_5th_pre_bid"": ""-5100"", ""sel_4th_pre_req_pre"": ""0"", ""sel_4th_pre_req"": ""1169"", ""sel_4th_pre_bid"": ""-5090"", ""sel_3th_pre_req_pre"": ""0"", ""sel_3th_pre_req"": ""4169"", ""sel_3th_pre_bid"": ""-5080"", ""sel_2th_pre_req_pre"": ""0"", ""sel_2th_pre_req"": ""997"", ""sel_2th_pre_bid"": ""-5070"", ""sel_1th_pre_req_pre"": ""--172"", ""sel_fpr_req"": ""265"", ""sel_fpr_bid"": ""-5060"", ""buy_fpr_bid"": ""-5050"", ""buy_fpr_req"": ""6386"", ""buy_1th_pre_req_pre"": ""0"", ""buy_2th_pre_bid"": ""-5040"", ""buy_2th_pre_req"": ""4839"", ""buy_2th_pre_req_pre"": ""0"", ""buy_3th_pre_bid"": ""-5030"", ""buy_3th_pre_req"": ""2954"", ""buy_3th_pre_req_pre"": ""0"", ""buy_4th_pre_bid"": ""-5020"", ""buy_4th_pre_req"": ""2377"", ""buy_4th_pre_req_pre"": ""0"", ""buy_5th_pre_bid"": ""-5010"", ""buy_5th_pre_req"": ""2544"", ""buy_5th_pre_req_pre"": ""0"", ""buy_6th_pre_bid"": ""-5000"", ""buy_6th_pre_req"": ""6613"", ""buy_6th_pre_req_pre"": ""0"", ""buy_7th_pre_bid"": ""-4995"", ""buy_7th_pre_req"": ""1413"", ""buy_7th_pre_req_pre"": ""0"", ""buy_8th_pre_bid"": ""-4990"", ""buy_8th_pre_req"": ""1142"", ""buy_8th_pre_req_pre"": ""0"", ""buy_9th_pre_bid"": ""-4985"", ""buy_9th_pre_req"": ""1029"", ""buy_9th_pre_req_pre"": ""0"", ""buy_10th_pre_bid"": ""-4980"", ""buy_10th_pre_req"": ""10343"", ""buy_10th_pre_req_pre"": ""0"", ""tot_sel_req_jub_pre"": ""--172"", ""tot_sel_req"": ""7983"", ""tot_buy_req"": ""39640"", ""tot_buy_req_jub_pre"": ""0"", ""ovt_sel_req_pre"": ""0"", ""ovt_sel_req"": ""0"", ""ovt_buy_req"": ""0"", ""ovt_buy_req_pre"": ""0"", ""return_code"": 0, ""return_msg"": ""정상적으로 처리되었습니다""}"
2026-06-10,watchlist,004990,,0,filtered_candidate_recheck,25500,,25500,25450,25500,25700,0.5882352941176471,0.19607843137254902,,,,,,"{""bid_req_base_tm"": ""094733"", ""sel_10th_pre_req_pre"": ""0"", ""sel_10th_pre_req"": ""69"", ""sel_10th_pre_bid"": ""26150"", ""sel_9th_pre_req_pre"": ""0"", ""sel_9th_pre_req"": ""602"", ""sel_9th_pre_bid"": ""-26100"", ""sel_8th_pre_req_pre"": ""0"", ""sel_8th_pre_req"": ""51"", ""sel_8th_pre_bid"": ""-26050"", ""sel_7th_pre_req_pre"": ""0"", ""sel_7th_pre_req"": ""503"", ""sel_7th_pre_bid"": ""-26000"", ""sel_6th_pre_req_pre"": ""0"", ""sel_6th_pre_req"": ""106"", ""sel_6th_pre_bid"": ""-25950"", ""sel_5th_pre_req_pre"": ""0"", ""sel_5th_pre_req"": ""770"", ""sel_5th_pre_bid"": ""-25750"", ""sel_4th_pre_req_pre"": ""0"", ""sel_4th_pre_req"": ""50"", ""sel_4th_pre_bid"": ""-25700"", ""sel_3th_pre_req_pre"": ""0"", ""sel_3th_pre_req"": ""174"", ""sel_3th_pre_bid"": ""-25600"", ""sel_2th_pre_req_pre"": ""0"", ""sel_2th_pre_req"": ""214"", ""sel_2th_pre_bid"": ""-25550"", ""sel_1th_pre_req_pre"": ""0"", ""sel_fpr_req"": ""194"", ""sel_fpr_bid"": ""-25500"", ""buy_fpr_bid"": ""-25450"", ""buy_fpr_req"": ""772"", ""buy_1th_pre_req_pre"": ""0"", ""buy_2th_pre_bid"": ""-25400"", ""buy_2th_pre_req"": ""516"", ""buy_2th_pre_req_pre"": ""+1"", ""buy_3th_pre_bid"": ""-25350"", ""buy_3th_pre_req"": ""266"", ""buy_3th_pre_req_pre"": ""0"", ""buy_4th_pre_bid"": ""-25300"", ""buy_4th_pre_req"": ""666"", ""buy_4th_pre_req_pre"": ""0"", ""buy_5th_pre_bid"": ""-25250"", ""buy_5th_pre_req"": ""633"", ""buy_5th_pre_req_pre"": ""0"", ""buy_6th_pre_bid"": ""-25200"", ""buy_6th_pre_req"": ""402"", ""buy_6th_pre_req_pre"": ""0"", ""buy_7th_pre_bid"": ""-25150"", ""buy_7th_pre_req"": ""573"", ""buy_7th_pre_req_pre"": ""--1"", ""buy_8th_pre_bid"": ""-25100"", ""buy_8th_pre_req"": ""1619"", ""buy_8th_pre_req_pre"": ""0"", ""buy_9th_pre_bid"": ""-25050"", ""buy_9th_pre_req"": ""1261"", ""buy_9th_pre_req_pre"": ""0"", ""buy_10th_pre_bid"": ""-25000"", ""buy_10th_pre_req"": ""687"", ""buy_10th_pre_req_pre"": ""0"", ""tot_sel_req_jub_pre"": ""0"", ""tot_sel_req"": ""2733"", ""tot_buy_req"": ""7395"", ""tot_buy_req_jub_pre"": ""0"", ""ovt_sel_req_pre"": ""0"", ""ovt_sel_req"": ""0"", ""ovt_buy_req"": ""0"", ""ovt_buy_req_pre"": ""0"", ""return_code"": 0, ""return_msg"": ""정상적으로 처리되었습니다""}"
2026-06-10,watchlist,081660,,0,filtered_candidate_recheck,40200,,40200,40150,40200,40150,-0.24875621890547264,0.12437810945273632,,,,,,"{""bid_req_base_tm"": ""094731"", ""sel_10th_pre_req_pre"": ""0"", ""sel_10th_pre_req"": ""90"", ""sel_10th_pre_bid"": ""+40700"", ""sel_9th_pre_req_pre"": ""0"", ""sel_9th_pre_req"": ""50"", ""sel_9th_pre_bid"": ""+40650"", ""sel_8th_pre_req_pre"": ""0"", ""sel_8th_pre_req"": ""81"", ""sel_8th_pre_bid"": ""+40600"", ""sel_7th_pre_req_pre"": ""0"", ""sel_7th_pre_req"": ""126"", ""sel_7th_pre_bid"": ""+40550"", ""sel_6th_pre_req_pre"": ""0"", ""sel_6th_pre_req"": ""140"", ""sel_6th_pre_bid"": ""+40500"", ""sel_5th_pre_req_pre"": ""0"", ""sel_5th_pre_req"": ""10"", ""sel_5th_pre_bid"": ""+40450"", ""sel_4th_pre_req_pre"": ""0"", ""sel_4th_pre_req"": ""87"", ""sel_4th_pre_bid"": ""+40400"", ""sel_3th_pre_req_pre"": ""0"", ""sel_3th_pre_req"": ""18"", ""sel_3th_pre_bid"": ""+40350"", ""sel_2th_pre_req_pre"": ""0"", ""sel_2th_pre_req"": ""18"", ""sel_2th_pre_bid"": ""+40300"", ""sel_1th_pre_req_pre"": ""0"", ""sel_fpr_req"": ""111"", ""sel_fpr_bid"": ""+40200"", ""buy_fpr_bid"": ""+40150"", ""buy_fpr_req"": ""179"", ""buy_1th_pre_req_pre"": ""--1"", ""buy_2th_pre_bid"": ""+40000"", ""buy_2th_pre_req"": ""169"", ""buy_2th_pre_req_pre"": ""0"", ""buy_3th_pre_bid"": ""+39950"", ""buy_3th_pre_req"": ""29"", ""buy_3th_pre_req_pre"": ""0"", ""buy_4th_pre_bid"": ""+39900"", ""buy_4th_pre_req"": ""79"", ""buy_4th_pre_req_pre"": ""0"", ""buy_5th_pre_bid"": ""+39850"", ""buy_5th_pre_req"": ""41"", ""buy_5th_pre_req_pre"": ""0"", ""buy_6th_pre_bid"": ""+39800"", ""buy_6th_pre_req"": ""40"", ""buy_6th_pre_req_pre"": ""0"", ""buy_7th_pre_bid"": ""+39750"", ""buy_7th_pre_req"": ""40"", ""buy_7th_pre_req_pre"": ""0"", ""buy_8th_pre_bid"": ""39700"", ""buy_8th_pre_req"": ""60"", ""buy_8th_pre_req_pre"": ""0"", ""buy_9th_pre_bid"": ""-39650"", ""buy_9th_pre_req"": ""30"", ""buy_9th_pre_req_pre"": ""0"", ""buy_10th_pre_bid"": ""-39600"", ""buy_10th_pre_req"": ""1"", ""buy_10th_pre_req_pre"": ""0"", ""tot_sel_req_jub_pre"": ""0"", ""tot_sel_req"": ""731"", ""tot_buy_req"": ""668"", ""tot_buy_req_jub_pre"": ""--1"", ""ovt_sel_req_pre"": ""0"", ""ovt_sel_req"": ""0"", ""ovt_buy_req"": ""0"", ""ovt_buy_req_pre"": ""0"", ""return_code"": 0, ""return_msg"": ""정상적으로 처리되었습니다""}"
2026-06-10,watchlist,008770,,1,filtered_candidate_recheck,53600,,53600,53400,53600,53900,0.3731343283582089,0.3731343283582089,,,,,,"{""bid_req_base_tm"": ""094733"", ""sel_10th_pre_req_pre"": ""0"", ""sel_10th_pre_req"": ""258"", ""sel_10th_pre_bid"": ""-54800"", ""sel_9th_pre_req_pre"": ""0"", ""sel_9th_pre_req"": ""33"", ""sel_9th_pre_bid"": ""-54700"", ""sel_8th_pre_req_pre"": ""0"", ""sel_8th_pre_req"": ""4"", ""sel_8th_pre_bid"": ""-54600"", ""sel_7th_pre_req_pre"": ""0"", ""sel_7th_pre_req"": ""4"", ""sel_7th_pre_bid"": ""-54300"", ""sel_6th_pre_req_pre"": ""0"", ""sel_6th_pre_req"": ""153"", ""sel_6th_pre_bid"": ""-54200"", ""sel_5th_pre_req_pre"": ""0"", ""sel_5th_pre_req"": ""15"", ""sel_5th_pre_bid"": ""-54100"", ""sel_4th_pre_req_pre"": ""0"", ""sel_4th_pre_req"": ""1"", ""sel_4th_pre_bid"": ""-54000"", ""sel_3th_pre_req_pre"": ""0"", ""sel_3th_pre_req"": ""142"", ""sel_3th_pre_bid"": ""-53900"", ""sel_2th_pre_req_pre"": ""0"", ""sel_2th_pre_req"": ""31"", ""sel_2th_pre_bid"": ""-53700"", ""sel_1th_pre_req_pre"": ""0"", ""sel_fpr_req"": ""335"", ""sel_fpr_bid"": ""-53600"", ""buy_fpr_bid"": ""-53400"", ""buy_fpr_req"": ""105"", ""buy_1th_pre_req_pre"": ""+16"", ""buy_2th_pre_bid"": ""-53300"", ""buy_2th_pre_req"": ""105"", ""buy_2th_pre_req_pre"": ""0"", ""buy_3th_pre_bid"": ""-53200"", ""buy_3th_pre_req"": ""635"", ""buy_3th_pre_req_pre"": ""0"", ""buy_4th_pre_bid"": ""-53100"", ""buy_4th_pre_req"": ""918"", ""buy_4th_pre_req_pre"": ""0"", ""buy_5th_pre_bid"": ""-53000"", ""buy_5th_pre_req"": ""1042"", ""buy_5th_pre_req_pre"": ""0"", ""buy_6th_pre_bid"": ""-52900"", ""buy_6th_pre_req"": ""597"", ""buy_6th_pre_req_pre"": ""0"", ""buy_7th_pre_bid"": ""-52800"", ""buy_7th_pre_req"": ""427"", ""buy_7th_pre_req_pre"": ""0"", ""buy_8th_pre_bid"": ""-52700"", ""buy_8th_pre_req"": ""427"", ""buy_8th_pre_req_pre"": ""0"", ""buy_9th_pre_bid"": ""-52600"", ""buy_9th_pre_req"": ""547"", ""buy_9th_pre_req_pre"": ""0"", ""buy_10th_pre_bid"": ""-52500"", ""buy_10th_pre_req"": ""595"", ""buy_10th_pre_req_pre"": ""0"", ""tot_sel_req_jub_pre"": ""0"", ""tot_sel_req"": ""976"", ""tot_buy_req"": ""5398"", ""tot_buy_req_jub_pre"": ""+16"", ""ovt_sel_req_pre"": ""0"", ""ovt_sel_req"": ""0"", ""ovt_buy_req"": ""0"", ""ovt_buy_req_pre"": ""0"", ""return_code"": 0, ""return_msg"": ""정상적으로 처리되었습니다""}"
2026-06-10,watchlist,012330,,0,filtered_candidate_recheck,575000,,575000,573000,575000,578000,0.34782608695652173,0.34782608695652173,,,,,,"{""bid_req_base_tm"": ""094734"", ""sel_10th_pre_req_pre"": ""0"", ""sel_10th_pre_req"": ""49"", ""sel_10th_pre_bid"": ""-584000"", ""sel_9th_pre_req_pre"": ""0"", ""sel_9th_pre_req"": ""79"", ""sel_9th_pre_bid"": ""-583000"", ""sel_8th_pre_req_pre"": ""0"", ""sel_8th_pre_req"": ""80"", ""sel_8th_pre_bid"": ""-582000"", ""sel_7th_pre_req_pre"": ""0"", ""sel_7th_pre_req"": ""364"", ""sel_7th_pre_bid"": ""-581000"", ""sel_6th_pre_req_pre"": ""0"", ""sel_6th_pre_req"": ""415"", ""sel_6th_pre_bid"": ""-580000"", ""sel_5th_pre_req_pre"": ""0"", ""sel_5th_pre_req"": ""157"", ""sel_5th_pre_bid"": ""-579000"", ""sel_4th_pre_req_pre"": ""0"", ""sel_4th_pre_req"": ""165"", ""sel_4th_pre_bid"": ""-578000"", ""sel_3th_pre_req_pre"": ""0"", ""sel_3th_pre_req"": ""13"", ""sel_3th_pre_bid"": ""-577000"", ""sel_2th_pre_req_pre"": ""0"", ""sel_2th_pre_req"": ""14"", ""sel_2th_pre_bid"": ""-576000"", ""sel_1th_pre_req_pre"": ""0"", ""sel_fpr_req"": ""182"", ""sel_fpr_bid"": ""-575000"", ""buy_fpr_bid"": ""-573000"", ""buy_fpr_req"": ""551"", ""buy_1th_pre_req_pre"": ""0"", ""buy_2th_pre_bid"": ""-572000"", ""buy_2th_pre_req"": ""1429"", ""buy_2th_pre_req_pre"": ""0"", ""buy_3th_pre_bid"": ""-571000"", ""buy_3th_pre_req"": ""1455"", ""buy_3th_pre_req_pre"": ""0"", ""buy_4th_pre_bid"": ""-570000"", ""buy_4th_pre_req"": ""3229"", ""buy_4th_pre_req_pre"": ""0"", ""buy_5th_pre_bid"": ""-569000"", ""buy_5th_pre_req"": ""2067"", ""buy_5th_pre_req_pre"": ""0"", ""buy_6th_pre_bid"": ""-568000"", ""buy_6th_pre_req"": ""742"", ""buy_6th_pre_req_pre"": ""0"", ""buy_7th_pre_bid"": ""-567000"", ""buy_7th_pre_req"": ""617"", ""buy_7th_pre_req_pre"": ""0"", ""buy_8th_pre_bid"": ""-566000"", ""buy_8th_pre_req"": ""1325"", ""buy_8th_pre_req_pre"": ""0"", ""buy_9th_pre_bid"": ""-565000"", ""buy_9th_pre_req"": ""1157"", ""buy_9th_pre_req_pre"": ""+2"", ""buy_10th_pre_bid"": ""-564000"", ""buy_10th_pre_req"": ""232"", ""buy_10th_pre_req_pre"": ""0"", ""tot_sel_req_jub_pre"": ""0"", ""tot_sel_req"": ""1518"", ""tot_buy_req"": ""12804"", ""tot_buy_req_jub_pre"": ""+2"", ""ovt_sel_req_pre"": ""0"", ""ovt_sel_req"": ""0"", ""ovt_buy_req"": ""0"", ""ovt_buy_req_pre"": ""0"", ""return_code"": 0, ""return_msg"": ""정상적으로 처리되었습니다""}"
2026-06-10,watchlist,009155,,0,filtered_candidate_recheck,601000,,601000,600000,601000,604000,0.33277870216306155,0.16638935108153077,,,,,,"{""bid_req_base_tm"": ""094734"", ""sel_10th_pre_req_pre"": ""0"", ""sel_10th_pre_req"": ""49"", ""sel_10th_pre_bid"": ""-613000"", ""sel_9th_pre_req_pre"": ""0"", ""sel_9th_pre_req"": ""14"", ""sel_9th_pre_bid"": ""-612000"", ""sel_8th_pre_req_pre"": ""0"", ""sel_8th_pre_req"": ""2"", ""sel_8th_pre_bid"": ""-611000"", ""sel_7th_pre_req_pre"": ""0"", ""sel_7th_pre_req"": ""9"", ""sel_7th_pre_bid"": ""-610000"", ""sel_6th_pre_req_pre"": ""0"", ""sel_6th_pre_req"": ""18"", ""sel_6th_pre_bid"": ""-609000"", ""sel_5th_pre_req_pre"": ""0"", ""sel_5th_pre_req"": ""2"", ""sel_5th_pre_bid"": ""-608000"", ""sel_4th_pre_req_pre"": ""0"", ""sel_4th_pre_req"": ""30"", ""sel_4th_pre_bid"": ""-606000"", ""sel_3th_pre_req_pre"": ""0"", ""sel_3th_pre_req"": ""2"", ""sel_3th_pre_bid"": ""-603000"", ""sel_2th_pre_req_pre"": ""0"", ""sel_2th_pre_req"": ""273"", ""sel_2th_pre_bid"": ""-602000"", ""sel_1th_pre_req_pre"": ""0"", ""sel_fpr_req"": ""6"", ""sel_fpr_bid"": ""-601000"", ""buy_fpr_bid"": ""-600000"", ""buy_fpr_req"": ""105"", ""buy_1th_pre_req_pre"": ""0"", ""buy_2th_pre_bid"": ""-599000"", ""buy_2th_pre_req"": ""63"", ""buy_2th_pre_req_pre"": ""0"", ""buy_3th_pre_bid"": ""-598000"", ""buy_3th_pre_req"": ""52"", ""buy_3th_pre_req_pre"": ""+1"", ""buy_4th_pre_bid"": ""-597000"", ""buy_4th_pre_req"": ""28"", ""buy_4th_pre_req_pre"": ""0"", ""buy_5th_pre_bid"": ""-596000"", ""buy_5th_pre_req"": ""39"", ""buy_5th_pre_req_pre"": ""0"", ""buy_6th_pre_bid"": ""-595000"", ""buy_6th_pre_req"": ""171"", ""buy_6th_pre_req_pre"": ""0"", ""buy_7th_pre_bid"": ""-594000"", ""buy_7th_pre_req"": ""24"", ""buy_7th_pre_req_pre"": ""0"", ""buy_8th_pre_bid"": ""-593000"", ""buy_8th_pre_req"": ""19"", ""buy_8th_pre_req_pre"": ""0"", ""buy_9th_pre_bid"": ""-592000"", ""buy_9th_pre_req"": ""25"", ""buy_9th_pre_req_pre"": ""0"", ""buy_10th_pre_bid"": ""-591000"", ""buy_10th_pre_req"": ""22"", ""buy_10th_pre_req_pre"": ""0"", ""tot_sel_req_jub_pre"": ""0"", ""tot_sel_req"": ""405"", ""tot_buy_req"": ""548"", ""tot_buy_req_jub_pre"": ""+1"", ""ovt_sel_req_pre"": ""0"", ""ovt_sel_req"": ""0"", ""ovt_buy_req"": ""0"", ""ovt_buy_req_pre"": ""0"", ""return_code"": 0, ""return_msg"": ""정상적으로 처리되었습니다""}"
2026-06-10,watchlist,181710,,1,filtered_candidate_recheck,40550,,40550,40500,40550,40800,0.4932182490752158,0.12330456226880394,,,,,,"{""bid_req_base_tm"": ""094734"", ""sel_10th_pre_req_pre"": ""0"", ""sel_10th_pre_req"": ""345"", ""sel_10th_pre_bid"": ""-41250"", ""sel_9th_pre_req_pre"": ""0"", ""sel_9th_pre_req"": ""12"", ""sel_9th_pre_bid"": ""-41200"", ""sel_8th_pre_req_pre"": ""0"", ""sel_8th_pre_req"": ""24"", ""sel_8th_pre_bid"": ""-41100"", ""sel_7th_pre_req_pre"": ""0"", ""sel_7th_pre_req"": ""20"", ""sel_7th_pre_bid"": ""-41050"", ""sel_6th_pre_req_pre"": ""0"", ""sel_6th_pre_req"": ""76"", ""sel_6th_pre_bid"": ""-40950"", ""sel_5th_pre_req_pre"": ""0"", ""sel_5th_pre_req"": ""350"", ""sel_5th_pre_bid"": ""-40850"", ""sel_4th_pre_req_pre"": ""0"", ""sel_4th_pre_req"": ""101"", ""sel_4th_pre_bid"": ""-40800"", ""sel_3th_pre_req_pre"": ""0"", ""sel_3th_pre_req"": ""347"", ""sel_3th_pre_bid"": ""-40650"", ""sel_2th_pre_req_pre"": ""0"", ""sel_2th_pre_req"": ""306"", ""sel_2th_pre_bid"": ""-40600"", ""sel_1th_pre_req_pre"": ""+4"", ""sel_fpr_req"": ""238"", ""sel_fpr_bid"": ""-40550"", ""buy_fpr_bid"": ""-40500"", ""buy_fpr_req"": ""484"", ""buy_1th_pre_req_pre"": ""0"", ""buy_2th_pre_bid"": ""-40450"", ""buy_2th_pre_req"": ""490"", ""buy_2th_pre_req_pre"": ""0"", ""buy_3th_pre_bid"": ""-40400"", ""buy_3th_pre_req"": ""694"", ""buy_3th_pre_req_pre"": ""0"", ""buy_4th_pre_bid"": ""-40350"", ""buy_4th_pre_req"": ""684"", ""buy_4th_pre_req_pre"": ""0"", ""buy_5th_pre_bid"": ""-40300"", ""buy_5th_pre_req"": ""425"", ""buy_5th_pre_req_pre"": ""0"", ""buy_6th_pre_bid"": ""-40250"", ""buy_6th_pre_req"": ""490"", ""buy_6th_pre_req_pre"": ""0"", ""buy_7th_pre_bid"": ""-40200"", ""buy_7th_pre_req"": ""1153"", ""buy_7th_pre_req_pre"": ""0"", ""buy_8th_pre_bid"": ""-40150"", ""buy_8th_pre_req"": ""1217"", ""buy_8th_pre_req_pre"": ""0"", ""buy_9th_pre_bid"": ""-40100"", ""buy_9th_pre_req"": ""420"", ""buy_9th_pre_req_pre"": ""0"", ""buy_10th_pre_bid"": ""-40050"", ""buy_10th_pre_req"": ""407"", ""buy_10th_pre_req_pre"": ""0"", ""tot_sel_req_jub_pre"": ""+4"", ""tot_sel_req"": ""1819"", ""tot_buy_req"": ""6464"", ""tot_buy_req_jub_pre"": ""0"", ""ovt_sel_req_pre"": ""0"", ""ovt_sel_req"": ""0"", ""ovt_buy_req"": ""0"", ""ovt_buy_req_pre"": ""0"", ""return_code"": 0, ""return_msg"": ""정상적으로 처리되었습니다""}"
2026-06-10,watchlist,085620,,0,filtered_candidate_recheck,21600,,21600,21550,21600,21750,0.4629629629629629,0.23148148148148145,,,,,,"{""bid_req_base_tm"": ""094734"", ""sel_10th_pre_req_pre"": ""0"", ""sel_10th_pre_req"": ""1900"", ""sel_10th_pre_bid"": ""-22050"", ""sel_9th_pre_req_pre"": ""0"", ""sel_9th_pre_req"": ""741"", ""sel_9th_pre_bid"": ""-22000"", ""sel_8th_pre_req_pre"": ""0"", ""sel_8th_pre_req"": ""964"", ""sel_8th_pre_bid"": ""-21950"", ""sel_7th_pre_req_pre"": ""0"", ""sel_7th_pre_req"": ""355"", ""sel_7th_pre_bid"": ""-21900"", ""sel_6th_pre_req_pre"": ""0"", ""sel_6th_pre_req"": ""120"", ""sel_6th_pre_bid"": ""-21850"", ""sel_5th_pre_req_pre"": ""0"", ""sel_5th_pre_req"": ""170"", ""sel_5th_pre_bid"": ""-21800"", ""sel_4th_pre_req_pre"": ""0"", ""sel_4th_pre_req"": ""233"", ""sel_4th_pre_bid"": ""-21750"", ""sel_3th_pre_req_pre"": ""0"", ""sel_3th_pre_req"": ""50"", ""sel_3th_pre_bid"": ""-21700"", ""sel_2th_pre_req_pre"": ""0"", ""sel_2th_pre_req"": ""310"", ""sel_2th_pre_bid"": ""-21650"", ""sel_1th_pre_req_pre"": ""0"", ""sel_fpr_req"": ""601"", ""sel_fpr_bid"": ""-21600"", ""buy_fpr_bid"": ""-21550"", ""buy_fpr_req"": ""1022"", ""buy_1th_pre_req_pre"": ""0"", ""buy_2th_pre_bid"": ""-21500"", ""buy_2th_pre_req"": ""1859"", ""buy_2th_pre_req_pre"": ""+25"", ""buy_3th_pre_bid"": ""-21450"", ""buy_3th_pre_req"": ""2690"", ""buy_3th_pre_req_pre"": ""0"", ""buy_4th_pre_bid"": ""-21400"", ""buy_4th_pre_req"": ""3570"", ""buy_4th_pre_req_pre"": ""0"", ""buy_5th_pre_bid"": ""-21350"", ""buy_5th_pre_req"": ""2335"", ""buy_5th_pre_req_pre"": ""0"", ""buy_6th_pre_bid"": ""-21300"", ""buy_6th_pre_req"": ""6181"", ""buy_6th_pre_req_pre"": ""0"", ""buy_7th_pre_bid"": ""-21250"", ""buy_7th_pre_req"": ""1846"", ""buy_7th_pre_req_pre"": ""0"", ""buy_8th_pre_bid"": ""-21200"", ""buy_8th_pre_req"": ""1162"", ""buy_8th_pre_req_pre"": ""0"", ""buy_9th_pre_bid"": ""-21150"", ""buy_9th_pre_req"": ""1640"", ""buy_9th_pre_req_pre"": ""0"", ""buy_10th_pre_bid"": ""-21100"", ""buy_10th_pre_req"": ""2772"", ""buy_10th_pre_req_pre"": ""0"", ""tot_sel_req_jub_pre"": ""0"", ""tot_sel_req"": ""5444"", ""tot_buy_req"": ""25077"", ""tot_buy_req_jub_pre"": ""+25"", ""ovt_sel_req_pre"": ""0"", ""ovt_sel_req"": ""0"", ""ovt_buy_req"": ""0"", ""ovt_buy_req_pre"": ""0"", ""return_code"": 0, ""return_msg"": ""정상적으로 처리되었습니다""}"
2026-06-10,watchlist,062040,,0,filtered_candidate_recheck,222000,,222000,221000,222000,223500,0.45045045045045046,0.45045045045045046,,,,,,"{""bid_req_base_tm"": ""094734"", ""sel_10th_pre_req_pre"": ""0"", ""sel_10th_pre_req"": ""8"", ""sel_10th_pre_bid"": ""+227000"", ""sel_9th_pre_req_pre"": ""0"", ""sel_9th_pre_req"": ""169"", ""sel_9th_pre_bid"": ""+226500"", ""sel_8th_pre_req_pre"": ""0"", ""sel_8th_pre_req"": ""2"", ""sel_8th_pre_bid"": ""+226000"", ""sel_7th_pre_req_pre"": ""0"", ""sel_7th_pre_req"": ""27"", ""sel_7th_pre_bid"": ""225000"", ""sel_6th_pre_req_pre"": ""0"", ""sel_6th_pre_req"": ""1"", ""sel_6th_pre_bid"": ""-224500"", ""sel_5th_pre_req_pre"": ""0"", ""sel_5th_pre_req"": ""108"", ""sel_5th_pre_bid"": ""-224000"", ""sel_4th_pre_req_pre"": ""0"", ""sel_4th_pre_req"": ""33"", ""sel_4th_pre_bid"": ""-223500"", ""sel_3th_pre_req_pre"": ""0"", ""sel_3th_pre_req"": ""3"", ""sel_3th_pre_bid"": ""-223000"", ""sel_2th_pre_req_pre"": ""0"", ""sel_2th_pre_req"": ""235"", ""sel_2th_pre_bid"": ""-222500"", ""sel_1th_pre_req_pre"": ""0"", ""sel_fpr_req"": ""195"", ""sel_fpr_bid"": ""-222000"", ""buy_fpr_bid"": ""-221000"", ""buy_fpr_req"": ""344"", ""buy_1th_pre_req_pre"": ""0"", ""buy_2th_pre_bid"": ""-220500"", ""buy_2th_pre_req"": ""81"", ""buy_2th_pre_req_pre"": ""0"", ""buy_3th_pre_bid"": ""-220000"", ""buy_3th_pre_req"": ""485"", ""buy_3th_pre_req_pre"": ""0"", ""buy_4th_pre_bid"": ""-219500"", ""buy_4th_pre_req"": ""102"", ""buy_4th_pre_req_pre"": ""0"", ""buy_5th_pre_bid"": ""-219000"", ""buy_5th_pre_req"": ""108"", ""buy_5th_pre_req_pre"": ""0"", ""buy_6th_pre_bid"": ""-218500"", ""buy_6th_pre_req"": ""225"", ""buy_6th_pre_req_pre"": ""0"", ""buy_7th_pre_bid"": ""-218000"", ""buy_7th_pre_req"": ""159"", ""buy_7th_pre_req_pre"": ""0"", ""buy_8th_pre_bid"": ""-217500"", ""buy_8th_pre_req"": ""31"", ""buy_8th_pre_req_pre"": ""0"", ""buy_9th_pre_bid"": ""-217000"", ""buy_9th_pre_req"": ""46"", ""buy_9th_pre_req_pre"": ""0"", ""buy_10th_pre_bid"": ""-216500"", ""buy_10th_pre_req"": ""24"", ""buy_10th_pre_req_pre"": ""0"", ""tot_sel_req_jub_pre"": ""0"", ""tot_sel_req"": ""781"", ""tot_buy_req"": ""1605"", ""tot_buy_req_jub_pre"": ""0"", ""ovt_sel_req_pre"": ""0"", ""ovt_sel_req"": ""0"", ""ovt_buy_req"": ""0"", ""ovt_buy_req_pre"": ""0"", ""return_code"": 0, ""return_msg"": ""정상적으로 처리되었습니다""}"
2026-06-10,watchlist,036460,,0,filtered_candidate_recheck,34250,,34250,34150,34250,34400,0.291970802919708,0.291970802919708,,,,,,"{""bid_req_base_tm"": ""094732"", ""sel_10th_pre_req_pre"": ""0"", ""sel_10th_pre_req"": ""196"", ""sel_10th_pre_bid"": ""+34700"", ""sel_9th_pre_req_pre"": ""0"", ""sel_9th_pre_req"": ""271"", ""sel_9th_pre_bid"": ""+34650"", ""sel_8th_pre_req_pre"": ""0"", ""sel_8th_pre_req"": ""129"", ""sel_8th_pre_bid"": ""+34600"", ""sel_7th_pre_req_pre"": ""0"", ""sel_7th_pre_req"": ""202"", ""sel_7th_pre_bid"": ""+34550"", ""sel_6th_pre_req_pre"": ""0"", ""sel_6th_pre_req"": ""203"", ""sel_6th_pre_bid"": ""+34500"", ""sel_5th_pre_req_pre"": ""0"", ""sel_5th_pre_req"": ""459"", ""sel_5th_pre_bid"": ""+34450"", ""sel_4th_pre_req_pre"": ""0"", ""sel_4th_pre_req"": ""146"", ""sel_4th_pre_bid"": ""+34400"", ""sel_3th_pre_req_pre"": ""0"", ""sel_3th_pre_req"": ""250"", ""sel_3th_pre_bid"": ""+34350"", ""sel_2th_pre_req_pre"": ""0"", ""sel_2th_pre_req"": ""268"", ""sel_2th_pre_bid"": ""+34300"", ""sel_1th_pre_req_pre"": ""+14"", ""sel_fpr_req"": ""40"", ""sel_fpr_bid"": ""+34250"", ""buy_fpr_bid"": ""+34150"", ""buy_fpr_req"": ""1"", ""buy_1th_pre_req_pre"": ""0"", ""buy_2th_pre_bid"": ""+34100"", ""buy_2th_pre_req"": ""4896"", ""buy_2th_pre_req_pre"": ""0"", ""buy_3th_pre_bid"": ""+34050"", ""buy_3th_pre_req"": ""726"", ""buy_3th_pre_req_pre"": ""0"", ""buy_4th_pre_bid"": ""34000"", ""buy_4th_pre_req"": ""2917"", ""buy_4th_pre_req_pre"": ""0"", ""buy_5th_pre_bid"": ""-33950"", ""buy_5th_pre_req"": ""854"", ""buy_5th_pre_req_pre"": ""0"", ""buy_6th_pre_bid"": ""-33900"", ""buy_6th_pre_req"": ""987"", ""buy_6th_pre_req_pre"": ""0"", ""buy_7th_pre_bid"": ""-33850"", ""buy_7th_pre_req"": ""270"", ""buy_7th_pre_req_pre"": ""0"", ""buy_8th_pre_bid"": ""-33800"", ""buy_8th_pre_req"": ""253"", ""buy_8th_pre_req_pre"": ""0"", ""buy_9th_pre_bid"": ""-33750"", ""buy_9th_pre_req"": ""662"", ""buy_9th_pre_req_pre"": ""0"", ""buy_10th_pre_bid"": ""-33700"", ""buy_10th_pre_req"": ""459"", ""buy_10th_pre_req_pre"": ""0"", ""tot_sel_req_jub_pre"": ""+14"", ""tot_sel_req"": ""2164"", ""tot_buy_req"": ""12025"", ""tot_buy_req_jub_pre"": ""0"", ""ovt_sel_req_pre"": ""0"", ""ovt_sel_req"": ""0"", ""ovt_buy_req"": ""0"", ""ovt_buy_req_pre"": ""0"", ""return_code"": 0, ""return_msg"": ""정상적으로 처리되었습니다""}"
2026-06-10,watchlist,066575,,0,filtered_candidate_recheck,78800,,78800,78700,78800,79000,0.12690355329949238,0.12690355329949238,,,,,,"{""bid_req_base_tm"": ""094732"", ""sel_10th_pre_req_pre"": ""0"", ""sel_10th_pre_req"": ""77"", ""sel_10th_pre_bid"": ""-79700"", ""sel_9th_pre_req_pre"": ""0"", ""sel_9th_pre_req"": ""117"", ""sel_9th_pre_bid"": ""-79600"", ""sel_8th_pre_req_pre"": ""0"", ""sel_8th_pre_req"": ""550"", ""sel_8th_pre_bid"": ""-79500"", ""sel_7th_pre_req_pre"": ""0"", ""sel_7th_pre_req"": ""259"", ""sel_7th_pre_bid"": ""-79400"", ""sel_6th_pre_req_pre"": ""0"", ""sel_6th_pre_req"": ""282"", ""sel_6th_pre_bid"": ""-79300"", ""sel_5th_pre_req_pre"": ""0"", ""sel_5th_pre_req"": ""217"", ""sel_5th_pre_bid"": ""-79200"", ""sel_4th_pre_req_pre"": ""0"", ""sel_4th_pre_req"": ""169"", ""sel_4th_pre_bid"": ""-79100"", ""sel_3th_pre_req_pre"": ""0"", ""sel_3th_pre_req"": ""222"", ""sel_3th_pre_bid"": ""-79000"", ""sel_2th_pre_req_pre"": ""0"", ""sel_2th_pre_req"": ""60"", ""sel_2th_pre_bid"": ""-78900"", ""sel_1th_pre_req_pre"": ""0"", ""sel_fpr_req"": ""149"", ""sel_fpr_bid"": ""-78800"", ""buy_fpr_bid"": ""-78700"", ""buy_fpr_req"": ""245"", ""buy_1th_pre_req_pre"": ""0"", ""buy_2th_pre_bid"": ""-78600"", ""buy_2th_pre_req"": ""565"", ""buy_2th_pre_req_pre"": ""0"", ""buy_3th_pre_bid"": ""-78500"", ""buy_3th_pre_req"": ""1011"", ""buy_3th_pre_req_pre"": ""0"", ""buy_4th_pre_bid"": ""-78400"", ""buy_4th_pre_req"": ""371"", ""buy_4th_pre_req_pre"": ""0"", ""buy_5th_pre_bid"": ""-78300"", ""buy_5th_pre_req"": ""512"", ""buy_5th_pre_req_pre"": ""0"", ""buy_6th_pre_bid"": ""-78200"", ""buy_6th_pre_req"": ""306"", ""buy_6th_pre_req_pre"": ""0"", ""buy_7th_pre_bid"": ""-78100"", ""buy_7th_pre_req"": ""527"", ""buy_7th_pre_req_pre"": ""0"", ""buy_8th_pre_bid"": ""-78000"", ""buy_8th_pre_req"": ""2004"", ""buy_8th_pre_req_pre"": ""0"", ""buy_9th_pre_bid"": ""-77900"", ""buy_9th_pre_req"": ""81"", ""buy_9th_pre_req_pre"": ""0"", ""buy_10th_pre_bid"": ""-77800"", ""buy_10th_pre_req"": ""180"", ""buy_10th_pre_req_pre"": ""0"", ""tot_sel_req_jub_pre"": ""0"", ""tot_sel_req"": ""2102"", ""tot_buy_req"": ""5802"", ""tot_buy_req_jub_pre"": ""0"", ""ovt_sel_req_pre"": ""0"", ""ovt_sel_req"": ""0"", ""ovt_buy_req"": ""0"", ""ovt_buy_req_pre"": ""0"", ""return_code"": 0, ""return_msg"": ""정상적으로 처리되었습니다""}"
2026-06-10,watchlist,000810,,0,filtered_candidate_recheck,610000,,610000,609000,610000,611000,0.0,0.16393442622950818,,,,,,"{""bid_req_base_tm"": ""094735"", ""sel_10th_pre_req_pre"": ""0"", ""sel_10th_pre_req"": ""7"", ""sel_10th_pre_bid"": ""-619000"", ""sel_9th_pre_req_pre"": ""0"", ""sel_9th_pre_req"": ""34"", ""sel_9th_pre_bid"": ""-618000"", ""sel_8th_pre_req_pre"": ""0"", ""sel_8th_pre_req"": ""5"", ""sel_8th_pre_bid"": ""-617000"", ""sel_7th_pre_req_pre"": ""0"", ""sel_7th_pre_req"": ""97"", ""sel_7th_pre_bid"": ""-616000"", ""sel_6th_pre_req_pre"": ""0"", ""sel_6th_pre_req"": ""54"", ""sel_6th_pre_bid"": ""-615000"", ""sel_5th_pre_req_pre"": ""0"", ""sel_5th_pre_req"": ""5"", ""sel_5th_pre_bid"": ""-614000"", ""sel_4th_pre_req_pre"": ""0"", ""sel_4th_pre_req"": ""29"", ""sel_4th_pre_bid"": ""-613000"", ""sel_3th_pre_req_pre"": ""0"", ""sel_3th_pre_req"": ""2"", ""sel_3th_pre_bid"": ""-612000"", ""sel_2th_pre_req_pre"": ""0"", ""sel_2th_pre_req"": ""4"", ""sel_2th_pre_bid"": ""-611000"", ""sel_1th_pre_req_pre"": ""+1"", ""sel_fpr_req"": ""98"", ""sel_fpr_bid"": ""-610000"", ""buy_fpr_bid"": ""-609000"", ""buy_fpr_req"": ""143"", ""buy_1th_pre_req_pre"": ""0"", ""buy_2th_pre_bid"": ""-608000"", ""buy_2th_pre_req"": ""31"", ""buy_2th_pre_req_pre"": ""0"", ""buy_3th_pre_bid"": ""-607000"", ""buy_3th_pre_req"": ""31"", ""buy_3th_pre_req_pre"": ""0"", ""buy_4th_pre_bid"": ""-606000"", ""buy_4th_pre_req"": ""13"", ""buy_4th_pre_req_pre"": ""0"", ""buy_5th_pre_bid"": ""-605000"", ""buy_5th_pre_req"": ""61"", ""buy_5th_pre_req_pre"": ""0"", ""buy_6th_pre_bid"": ""-604000"", ""buy_6th_pre_req"": ""27"", ""buy_6th_pre_req_pre"": ""0"", ""buy_7th_pre_bid"": ""-603000"", ""buy_7th_pre_req"": ""58"", ""buy_7th_pre_req_pre"": ""0"", ""buy_8th_pre_bid"": ""-602000"", ""buy_8th_pre_req"": ""16"", ""buy_8th_pre_req_pre"": ""0"", ""buy_9th_pre_bid"": ""-601000"", ""buy_9th_pre_req"": ""58"", ""buy_9th_pre_req_pre"": ""0"", ""buy_10th_pre_bid"": ""-600000"", ""buy_10th_pre_req"": ""188"", ""buy_10th_pre_req_pre"": ""0"", ""tot_sel_req_jub_pre"": ""+1"", ""tot_sel_req"": ""335"", ""tot_buy_req"": ""626"", ""tot_buy_req_jub_pre"": ""0"", ""ovt_sel_req_pre"": ""0"", ""ovt_sel_req"": ""0"", ""ovt_buy_req"": ""0"", ""ovt_buy_req_pre"": ""0"", ""return_code"": 0, ""return_msg"": ""정상적으로 처리되었습니다""}"
2026-06-10,watchlist,005930,,0,filtered_candidate_recheck,306500,,306500,306000,306500,308000,0.3262642740619902,0.1631321370309951,,,,,,"{""bid_req_base_tm"": ""094735"", ""sel_10th_pre_req_pre"": ""0"", ""sel_10th_pre_req"": ""11819"", ""sel_10th_pre_bid"": ""-311000"", ""sel_9th_pre_req_pre"": ""0"", ""sel_9th_pre_req"": ""8037"", ""sel_9th_pre_bid"": ""-310500"", ""sel_8th_pre_req_pre"": ""0"", ""sel_8th_pre_req"": ""23943"", ""sel_8th_pre_bid"": ""-310000"", ""sel_7th_pre_req_pre"": ""0"", ""sel_7th_pre_req"": ""8631"", ""sel_7th_pre_bid"": ""-309500"", ""sel_6th_pre_req_pre"": ""0"", ""sel_6th_pre_req"": ""6269"", ""sel_6th_pre_bid"": ""-309000"", ""sel_5th_pre_req_pre"": ""0"", ""sel_5th_pre_req"": ""10717"", ""sel_5th_pre_bid"": ""-308500"", ""sel_4th_pre_req_pre"": ""0"", ""sel_4th_pre_req"": ""15586"", ""sel_4th_pre_bid"": ""-308000"", ""sel_3th_pre_req_pre"": ""0"", ""sel_3th_pre_req"": ""23840"", ""sel_3th_pre_bid"": ""-307500"", ""sel_2th_pre_req_pre"": ""0"", ""sel_2th_pre_req"": ""16501"", ""sel_2th_pre_bid"": ""-307000"", ""sel_1th_pre_req_pre"": ""--86"", ""sel_fpr_req"": ""38931"", ""sel_fpr_bid"": ""-306500"", ""buy_fpr_bid"": ""-306000"", ""buy_fpr_req"": ""5087"", ""buy_1th_pre_req_pre"": ""+264"", ""buy_2th_pre_bid"": ""-305500"", ""buy_2th_pre_req"": ""64619"", ""buy_2th_pre_req_pre"": ""+24"", ""buy_3th_pre_bid"": ""-305000"", ""buy_3th_pre_req"": ""151233"", ""buy_3th_pre_req_pre"": ""--116"", ""buy_4th_pre_bid"": ""-304500"", ""buy_4th_pre_req"": ""24952"", ""buy_4th_pre_req_pre"": ""0"", ""buy_5th_pre_bid"": ""-304000"", ""buy_5th_pre_req"": ""40562"", ""buy_5th_pre_req_pre"": ""0"", ""buy_6th_pre_bid"": ""-303500"", ""buy_6th_pre_req"": ""32984"", ""buy_6th_pre_req_pre"": ""0"", ""buy_7th_pre_bid"": ""-303000"", ""buy_7th_pre_req"": ""55774"", ""buy_7th_pre_req_pre"": ""0"", ""buy_8th_pre_bid"": ""-302500"", ""buy_8th_pre_req"": ""40226"", ""buy_8th_pre_req_pre"": ""0"", ""buy_9th_pre_bid"": ""-302000"", ""buy_9th_pre_req"": ""38187"", ""buy_9th_pre_req_pre"": ""0"", ""buy_10th_pre_bid"": ""-301500"", ""buy_10th_pre_req"": ""29609"", ""buy_10th_pre_req_pre"": ""--14"", ""tot_sel_req_jub_pre"": ""--86"", ""tot_sel_req"": ""164274"", ""tot_buy_req"": ""483233"", ""tot_buy_req_jub_pre"": ""+158"", ""ovt_sel_req_pre"": ""0"", ""ovt_sel_req"": ""0"", ""ovt_buy_req"": ""0"", ""ovt_buy_req_pre"": ""0"", ""return_code"": 0, ""return_msg"": ""정상적으로 처리되었습니다""}"
2026-06-10,watchlist,000370,,0,filtered_candidate_recheck,6410,,6410,6390,6410,6380,-0.62402496099844,0.31201248049922,,,,,,"{""bid_req_base_tm"": ""094735"", ""sel_10th_pre_req_pre"": ""0"", ""sel_10th_pre_req"": ""302"", ""sel_10th_pre_bid"": ""+6500"", ""sel_9th_pre_req_pre"": ""0"", ""sel_9th_pre_req"": ""101"", ""sel_9th_pre_bid"": ""+6490"", ""sel_8th_pre_req_pre"": ""0"", ""sel_8th_pre_req"": ""394"", ""sel_8th_pre_bid"": ""+6480"", ""sel_7th_pre_req_pre"": ""0"", ""sel_7th_pre_req"": ""391"", ""sel_7th_pre_bid"": ""+6470"", ""sel_6th_pre_req_pre"": ""0"", ""sel_6th_pre_req"": ""10262"", ""sel_6th_pre_bid"": ""+6460"", ""sel_5th_pre_req_pre"": ""0"", ""sel_5th_pre_req"": ""76"", ""sel_5th_pre_bid"": ""6450"", ""sel_4th_pre_req_pre"": ""--80"", ""sel_4th_pre_req"": ""3"", ""sel_4th_pre_bid"": ""-6440"", ""sel_3th_pre_req_pre"": ""0"", ""sel_3th_pre_req"": ""667"", ""sel_3th_pre_bid"": ""-6430"", ""sel_2th_pre_req_pre"": ""0"", ""sel_2th_pre_req"": ""667"", ""sel_2th_pre_bid"": ""-6420"", ""sel_1th_pre_req_pre"": ""+16"", ""sel_fpr_req"": ""198"", ""sel_fpr_bid"": ""-6410"", ""buy_fpr_bid"": ""-6390"", ""buy_fpr_req"": ""115"", ""buy_1th_pre_req_pre"": ""+50"", ""buy_2th_pre_bid"": ""-6380"", ""buy_2th_pre_req"": ""345"", ""buy_2th_pre_req_pre"": ""0"", ""buy_3th_pre_bid"": ""-6370"", ""buy_3th_pre_req"": ""1687"", ""buy_3th_pre_req_pre"": ""0"", ""buy_4th_pre_bid"": ""-6360"", ""buy_4th_pre_req"": ""355"", ""buy_4th_pre_req_pre"": ""0"", ""buy_5th_pre_bid"": ""-6350"", ""buy_5th_pre_req"": ""1708"", ""buy_5th_pre_req_pre"": ""0"", ""buy_6th_pre_bid"": ""-6340"", ""buy_6th_pre_req"": ""83"", ""buy_6th_pre_req_pre"": ""0"", ""buy_7th_pre_bid"": ""-6330"", ""buy_7th_pre_req"": ""214"", ""buy_7th_pre_req_pre"": ""0"", ""buy_8th_pre_bid"": ""-6320"", ""buy_8th_pre_req"": ""164"", ""buy_8th_pre_req_pre"": ""0"", ""buy_9th_pre_bid"": ""-6310"", ""buy_9th_pre_req"": ""266"", ""buy_9th_pre_req_pre"": ""0"", ""buy_10th_pre_bid"": ""-6300"", ""buy_10th_pre_req"": ""4228"", ""buy_10th_pre_req_pre"": ""0"", ""tot_sel_req_jub_pre"": ""--64"", ""tot_sel_req"": ""13061"", ""tot_buy_req"": ""9165"", ""tot_buy_req_jub_pre"": ""+50"", ""ovt_sel_req_pre"": ""0"", ""ovt_sel_req"": ""0"", ""ovt_buy_req"": ""0"", ""ovt_buy_req_pre"": ""0"", ""return_code"": 0, ""return_msg"": ""정상적으로 처리되었습니다""}"
2026-06-10,watchlist,064400,,0,filtered_candidate_recheck,95700,,95700,95600,95700,95900,0.10449320794148381,0.10449320794148381,,,,,,"{""bid_req_base_tm"": ""094735"", ""sel_10th_pre_req_pre"": ""0"", ""sel_10th_pre_req"": ""170"", ""sel_10th_pre_bid"": ""-96700"", ""sel_9th_pre_req_pre"": ""0"", ""sel_9th_pre_req"": ""1663"", ""sel_9th_pre_bid"": ""-96500"", ""sel_8th_pre_req_pre"": ""0"", ""sel_8th_pre_req"": ""69"", ""sel_8th_pre_bid"": ""-96400"", ""sel_7th_pre_req_pre"": ""0"", ""sel_7th_pre_req"": ""54"", ""sel_7th_pre_bid"": ""-96300"", ""sel_6th_pre_req_pre"": ""0"", ""sel_6th_pre_req"": ""10"", ""sel_6th_pre_bid"": ""-96200"", ""sel_5th_pre_req_pre"": ""0"", ""sel_5th_pre_req"": ""53"", ""sel_5th_pre_bid"": ""-96100"", ""sel_4th_pre_req_pre"": ""0"", ""sel_4th_pre_req"": ""20"", ""sel_4th_pre_bid"": ""-96000"", ""sel_3th_pre_req_pre"": ""0"", ""sel_3th_pre_req"": ""117"", ""sel_3th_pre_bid"": ""-95900"", ""sel_2th_pre_req_pre"": ""0"", ""sel_2th_pre_req"": ""75"", ""sel_2th_pre_bid"": ""-95800"", ""sel_1th_pre_req_pre"": ""0"", ""sel_fpr_req"": ""11"", ""sel_fpr_bid"": ""-95700"", ""buy_fpr_bid"": ""-95600"", ""buy_fpr_req"": ""37"", ""buy_1th_pre_req_pre"": ""0"", ""buy_2th_pre_bid"": ""-95500"", ""buy_2th_pre_req"": ""476"", ""buy_2th_pre_req_pre"": ""0"", ""buy_3th_pre_bid"": ""-95400"", ""buy_3th_pre_req"": ""364"", ""buy_3th_pre_req_pre"": ""0"", ""buy_4th_pre_bid"": ""-95300"", ""buy_4th_pre_req"": ""617"", ""buy_4th_pre_req_pre"": ""0"", ""buy_5th_pre_bid"": ""-95200"", ""buy_5th_pre_req"": ""1132"", ""buy_5th_pre_req_pre"": ""0"", ""buy_6th_pre_bid"": ""-95100"", ""buy_6th_pre_req"": ""3521"", ""buy_6th_pre_req_pre"": ""0"", ""buy_7th_pre_bid"": ""-95000"", ""buy_7th_pre_req"": ""5539"", ""buy_7th_pre_req_pre"": ""0"", ""buy_8th_pre_bid"": ""-94900"", ""buy_8th_pre_req"": ""286"", ""buy_8th_pre_req_pre"": ""0"", ""buy_9th_pre_bid"": ""-94800"", ""buy_9th_pre_req"": ""893"", ""buy_9th_pre_req_pre"": ""0"", ""buy_10th_pre_bid"": ""-94700"", ""buy_10th_pre_req"": ""511"", ""buy_10th_pre_req_pre"": ""0"", ""tot_sel_req_jub_pre"": ""0"", ""tot_sel_req"": ""2242"", ""tot_buy_req"": ""13376"", ""tot_buy_req_jub_pre"": ""0"", ""ovt_sel_req_pre"": ""0"", ""ovt_sel_req"": ""0"", ""ovt_buy_req"": ""0"", ""ovt_buy_req_pre"": ""0"", ""return_code"": 0, ""return_msg"": ""정상적으로 처리되었습니다""}"
2026-06-10,watchlist,009420,,1,filtered_candidate_recheck,50400,,50400,50200,50400,50700,0.3968253968253968,0.3968253968253968,,,,,,"{""bid_req_base_tm"": ""094734"", ""sel_10th_pre_req_pre"": ""0"", ""sel_10th_pre_req"": ""20"", ""sel_10th_pre_bid"": ""-51500"", ""sel_9th_pre_req_pre"": ""0"", ""sel_9th_pre_req"": ""140"", ""sel_9th_pre_bid"": ""-51400"", ""sel_8th_pre_req_pre"": ""0"", ""sel_8th_pre_req"": ""13"", ""sel_8th_pre_bid"": ""-51200"", ""sel_7th_pre_req_pre"": ""0"", ""sel_7th_pre_req"": ""50"", ""sel_7th_pre_bid"": ""-51100"", ""sel_6th_pre_req_pre"": ""0"", ""sel_6th_pre_req"": ""100"", ""sel_6th_pre_bid"": ""-51000"", ""sel_5th_pre_req_pre"": ""0"", ""sel_5th_pre_req"": ""54"", ""sel_5th_pre_bid"": ""-50900"", ""sel_4th_pre_req_pre"": ""0"", ""sel_4th_pre_req"": ""162"", ""sel_4th_pre_bid"": ""-50800"", ""sel_3th_pre_req_pre"": ""0"", ""sel_3th_pre_req"": ""9"", ""sel_3th_pre_bid"": ""-50600"", ""sel_2th_pre_req_pre"": ""0"", ""sel_2th_pre_req"": ""29"", ""sel_2th_pre_bid"": ""-50500"", ""sel_1th_pre_req_pre"": ""+16"", ""sel_fpr_req"": ""172"", ""sel_fpr_bid"": ""-50400"", ""buy_fpr_bid"": ""-50200"", ""buy_fpr_req"": ""146"", ""buy_1th_pre_req_pre"": ""0"", ""buy_2th_pre_bid"": ""-50100"", ""buy_2th_pre_req"": ""423"", ""buy_2th_pre_req_pre"": ""0"", ""buy_3th_pre_bid"": ""-50000"", ""buy_3th_pre_req"": ""342"", ""buy_3th_pre_req_pre"": ""0"", ""buy_4th_pre_bid"": ""-49950"", ""buy_4th_pre_req"": ""291"", ""buy_4th_pre_req_pre"": ""0"", ""buy_5th_pre_bid"": ""-49900"", ""buy_5th_pre_req"": ""820"", ""buy_5th_pre_req_pre"": ""0"", ""buy_6th_pre_bid"": ""-49850"", ""buy_6th_pre_req"": ""260"", ""buy_6th_pre_req_pre"": ""0"", ""buy_7th_pre_bid"": ""-49800"", ""buy_7th_pre_req"": ""342"", ""buy_7th_pre_req_pre"": ""0"", ""buy_8th_pre_bid"": ""-49750"", ""buy_8th_pre_req"": ""89"", ""buy_8th_pre_req_pre"": ""0"", ""buy_9th_pre_bid"": ""-49700"", ""buy_9th_pre_req"": ""75"", ""buy_9th_pre_req_pre"": ""0"", ""buy_10th_pre_bid"": ""-49650"", ""buy_10th_pre_req"": ""38"", ""buy_10th_pre_req_pre"": ""0"", ""tot_sel_req_jub_pre"": ""+16"", ""tot_sel_req"": ""749"", ""tot_buy_req"": ""2826"", ""tot_buy_req_jub_pre"": ""0"", ""ovt_sel_req_pre"": ""0"", ""ovt_sel_req"": ""0"", ""ovt_buy_req"": ""0"", ""ovt_buy_req_pre"": ""0"", ""return_code"": 0, ""return_msg"": ""정상적으로 처리되었습니다""}"
2026-06-10,watchlist,383220,,0,filtered_candidate_recheck,75800,,75800,75700,75800,75800,-0.13192612137203166,0.13192612137203166,,,,,,"{""bid_req_base_tm"": ""094736"", ""sel_10th_pre_req_pre"": ""0"", ""sel_10th_pre_req"": ""4"", ""sel_10th_pre_bid"": ""+77300"", ""sel_9th_pre_req_pre"": ""0"", ""sel_9th_pre_req"": ""494"", ""sel_9th_pre_bid"": ""+77200"", ""sel_8th_pre_req_pre"": ""0"", ""sel_8th_pre_req"": ""105"", ""sel_8th_pre_bid"": ""+76900"", ""sel_7th_pre_req_pre"": ""0"", ""sel_7th_pre_req"": ""19"", ""sel_7th_pre_bid"": ""+76800"", ""sel_6th_pre_req_pre"": ""0"", ""sel_6th_pre_req"": ""1"", ""sel_6th_pre_bid"": ""+76700"", ""sel_5th_pre_req_pre"": ""0"", ""sel_5th_pre_req"": ""7"", ""sel_5th_pre_bid"": ""+76500"", ""sel_4th_pre_req_pre"": ""0"", ""sel_4th_pre_req"": ""1"", ""sel_4th_pre_bid"": ""+76400"", ""sel_3th_pre_req_pre"": ""0"", ""sel_3th_pre_req"": ""5"", ""sel_3th_pre_bid"": ""+76000"", ""sel_2th_pre_req_pre"": ""0"", ""sel_2th_pre_req"": ""155"", ""sel_2th_pre_bid"": ""+75900"", ""sel_1th_pre_req_pre"": ""--38"", ""sel_fpr_req"": ""59"", ""sel_fpr_bid"": ""+75800"", ""buy_fpr_bid"": ""+75700"", ""buy_fpr_req"": ""41"", ""buy_1th_pre_req_pre"": ""0"", ""buy_2th_pre_bid"": ""+75600"", ""buy_2th_pre_req"": ""18"", ""buy_2th_pre_req_pre"": ""0"", ""buy_3th_pre_bid"": ""+75400"", ""buy_3th_pre_req"": ""42"", ""buy_3th_pre_req_pre"": ""0"", ""buy_4th_pre_bid"": ""+75300"", ""buy_4th_pre_req"": ""33"", ""buy_4th_pre_req_pre"": ""0"", ""buy_5th_pre_bid"": ""+75200"", ""buy_5th_pre_req"": ""25"", ""buy_5th_pre_req_pre"": ""0"", ""buy_6th_pre_bid"": ""+75100"", ""buy_6th_pre_req"": ""124"", ""buy_6th_pre_req_pre"": ""0"", ""buy_7th_pre_bid"": ""+75000"", ""buy_7th_pre_req"": ""4"", ""buy_7th_pre_req_pre"": ""0"", ""buy_8th_pre_bid"": ""+74900"", ""buy_8th_pre_req"": ""10"", ""buy_8th_pre_req_pre"": ""0"", ""buy_9th_pre_bid"": ""+74800"", ""buy_9th_pre_req"": ""19"", ""buy_9th_pre_req_pre"": ""0"", ""buy_10th_pre_bid"": ""+74700"", ""buy_10th_pre_req"": ""15"", ""buy_10th_pre_req_pre"": ""0"", ""tot_sel_req_jub_pre"": ""--38"", ""tot_sel_req"": ""850"", ""tot_buy_req"": ""331"", ""tot_buy_req_jub_pre"": ""0"", ""ovt_sel_req_pre"": ""0"", ""ovt_sel_req"": ""0"", ""ovt_buy_req"": ""0"", ""ovt_buy_req_pre"": ""0"", ""return_code"": 0, ""return_msg"": ""정상적으로 처리되었습니다""}"
2026-06-10,watchlist,004170,,0,filtered_candidate_recheck,665000,,665000,662000,665000,662000,-0.6015037593984963,0.4511278195488722,,,,,,"{""bid_req_base_tm"": ""094736"", ""sel_10th_pre_req_pre"": ""0"", ""sel_10th_pre_req"": ""14"", ""sel_10th_pre_bid"": ""+675000"", ""sel_9th_pre_req_pre"": ""0"", ""sel_9th_pre_req"": ""30"", ""sel_9th_pre_bid"": ""+674000"", ""sel_8th_pre_req_pre"": ""0"", ""sel_8th_pre_req"": ""7"", ""sel_8th_pre_bid"": ""+673000"", ""sel_7th_pre_req_pre"": ""0"", ""sel_7th_pre_req"": ""1"", ""sel_7th_pre_bid"": ""+672000"", ""sel_6th_pre_req_pre"": ""0"", ""sel_6th_pre_req"": ""16"", ""sel_6th_pre_bid"": ""+671000"", ""sel_5th_pre_req_pre"": ""0"", ""sel_5th_pre_req"": ""17"", ""sel_5th_pre_bid"": ""+670000"", ""sel_4th_pre_req_pre"": ""0"", ""sel_4th_pre_req"": ""27"", ""sel_4th_pre_bid"": ""+668000"", ""sel_3th_pre_req_pre"": ""0"", ""sel_3th_pre_req"": ""6"", ""sel_3th_pre_bid"": ""+667000"", ""sel_2th_pre_req_pre"": ""0"", ""sel_2th_pre_req"": ""55"", ""sel_2th_pre_bid"": ""+666000"", ""sel_1th_pre_req_pre"": ""--7"", ""sel_fpr_req"": ""50"", ""sel_fpr_bid"": ""+665000"", ""buy_fpr_bid"": ""+662000"", ""buy_fpr_req"": ""17"", ""buy_1th_pre_req_pre"": ""0"", ""buy_2th_pre_bid"": ""+660000"", ""buy_2th_pre_req"": ""6"", ""buy_2th_pre_req_pre"": ""0"", ""buy_3th_pre_bid"": ""+659000"", ""buy_3th_pre_req"": ""12"", ""buy_3th_pre_req_pre"": ""0"", ""buy_4th_pre_bid"": ""+658000"", ""buy_4th_pre_req"": ""14"", ""buy_4th_pre_req_pre"": ""0"", ""buy_5th_pre_bid"": ""+657000"", ""buy_5th_pre_req"": ""21"", ""buy_5th_pre_req_pre"": ""0"", ""buy_6th_pre_bid"": ""+656000"", ""buy_6th_pre_req"": ""16"", ""buy_6th_pre_req_pre"": ""0"", ""buy_7th_pre_bid"": ""+654000"", ""buy_7th_pre_req"": ""13"", ""buy_7th_pre_req_pre"": ""0"", ""buy_8th_pre_bid"": ""+653000"", ""buy_8th_pre_req"": ""11"", ""buy_8th_pre_req_pre"": ""0"", ""buy_9th_pre_bid"": ""+652000"", ""buy_9th_pre_req"": ""36"", ""buy_9th_pre_req_pre"": ""0"", ""buy_10th_pre_bid"": ""+651000"", ""buy_10th_pre_req"": ""50"", ""buy_10th_pre_req_pre"": ""0"", ""tot_sel_req_jub_pre"": ""--7"", ""tot_sel_req"": ""223"", ""tot_buy_req"": ""196"", ""tot_buy_req_jub_pre"": ""0"", ""ovt_sel_req_pre"": ""0"", ""ovt_sel_req"": ""0"", ""ovt_buy_req"": ""0"", ""ovt_buy_req_pre"": ""0"", ""return_code"": 0, ""return_msg"": ""정상적으로 처리되었습니다""}"
2026-06-10,watchlist,018260,,0,filtered_candidate_recheck,232500,,232500,232000,232500,234000,0.43010752688172044,0.21505376344086022,,,,,,"{""bid_req_base_tm"": ""094736"", ""sel_10th_pre_req_pre"": ""0"", ""sel_10th_pre_req"": ""40"", ""sel_10th_pre_bid"": ""-237000"", ""sel_9th_pre_req_pre"": ""0"", ""sel_9th_pre_req"": ""41"", ""sel_9th_pre_bid"": ""-236500"", ""sel_8th_pre_req_pre"": ""0"", ""sel_8th_pre_req"": ""117"", ""sel_8th_pre_bid"": ""-236000"", ""sel_7th_pre_req_pre"": ""0"", ""sel_7th_pre_req"": ""18"", ""sel_7th_pre_bid"": ""-235500"", ""sel_6th_pre_req_pre"": ""0"", ""sel_6th_pre_req"": ""36"", ""sel_6th_pre_bid"": ""-235000"", ""sel_5th_pre_req_pre"": ""0"", ""sel_5th_pre_req"": ""69"", ""sel_5th_pre_bid"": ""-234500"", ""sel_4th_pre_req_pre"": ""0"", ""sel_4th_pre_req"": ""8"", ""sel_4th_pre_bid"": ""-234000"", ""sel_3th_pre_req_pre"": ""0"", ""sel_3th_pre_req"": ""92"", ""sel_3th_pre_bid"": ""-233500"", ""sel_2th_pre_req_pre"": ""0"", ""sel_2th_pre_req"": ""86"", ""sel_2th_pre_bid"": ""-233000"", ""sel_1th_pre_req_pre"": ""0"", ""sel_fpr_req"": ""178"", ""sel_fpr_bid"": ""-232500"", ""buy_fpr_bid"": ""-232000"", ""buy_fpr_req"": ""4"", ""buy_1th_pre_req_pre"": ""+3"", ""buy_2th_pre_bid"": ""-231500"", ""buy_2th_pre_req"": ""629"", ""buy_2th_pre_req_pre"": ""+12"", ""buy_3th_pre_bid"": ""-231000"", ""buy_3th_pre_req"": ""1953"", ""buy_3th_pre_req_pre"": ""0"", ""buy_4th_pre_bid"": ""-230500"", ""buy_4th_pre_req"": ""934"", ""buy_4th_pre_req_pre"": ""0"", ""buy_5th_pre_bid"": ""-230000"", ""buy_5th_pre_req"": ""3027"", ""buy_5th_pre_req_pre"": ""0"", ""buy_6th_pre_bid"": ""-229500"", ""buy_6th_pre_req"": ""451"", ""buy_6th_pre_req_pre"": ""0"", ""buy_7th_pre_bid"": ""-229000"", ""buy_7th_pre_req"": ""1026"", ""buy_7th_pre_req_pre"": ""0"", ""buy_8th_pre_bid"": ""-228500"", ""buy_8th_pre_req"": ""267"", ""buy_8th_pre_req_pre"": ""0"", ""buy_9th_pre_bid"": ""-228000"", ""buy_9th_pre_req"": ""829"", ""buy_9th_pre_req_pre"": ""0"", ""buy_10th_pre_bid"": ""-227500"", ""buy_10th_pre_req"": ""1332"", ""buy_10th_pre_req_pre"": ""0"", ""tot_sel_req_jub_pre"": ""0"", ""tot_sel_req"": ""685"", ""tot_buy_req"": ""10452"", ""tot_buy_req_jub_pre"": ""+15"", ""ovt_sel_req_pre"": ""0"", ""ovt_sel_req"": ""0"", ""ovt_buy_req"": ""0"", ""ovt_buy_req_pre"": ""0"", ""return_code"": 0, ""return_msg"": ""정상적으로 처리되었습니다""}"
2026-06-10,watchlist,161390,,0,filtered_candidate_recheck,71800,,71800,71700,71800,71900,0.0,0.1392757660167131,,,,,,"{""bid_req_base_tm"": ""094736"", ""sel_10th_pre_req_pre"": ""0"", ""sel_10th_pre_req"": ""112"", ""sel_10th_pre_bid"": ""-72700"", ""sel_9th_pre_req_pre"": ""0"", ""sel_9th_pre_req"": ""74"", ""sel_9th_pre_bid"": ""-72600"", ""sel_8th_pre_req_pre"": ""0"", ""sel_8th_pre_req"": ""164"", ""sel_8th_pre_bid"": ""-72500"", ""sel_7th_pre_req_pre"": ""0"", ""sel_7th_pre_req"": ""44"", ""sel_7th_pre_bid"": ""-72400"", ""sel_6th_pre_req_pre"": ""0"", ""sel_6th_pre_req"": ""23"", ""sel_6th_pre_bid"": ""-72300"", ""sel_5th_pre_req_pre"": ""0"", ""sel_5th_pre_req"": ""4"", ""sel_5th_pre_bid"": ""-72200"", ""sel_4th_pre_req_pre"": ""0"", ""sel_4th_pre_req"": ""125"", ""sel_4th_pre_bid"": ""-72100"", ""sel_3th_pre_req_pre"": ""0"", ""sel_3th_pre_req"": ""166"", ""sel_3th_pre_bid"": ""-72000"", ""sel_2th_pre_req_pre"": ""0"", ""sel_2th_pre_req"": ""60"", ""sel_2th_pre_bid"": ""-71900"", ""sel_1th_pre_req_pre"": ""0"", ""sel_fpr_req"": ""1126"", ""sel_fpr_bid"": ""-71800"", ""buy_fpr_bid"": ""-71700"", ""buy_fpr_req"": ""1167"", ""buy_1th_pre_req_pre"": ""+19"", ""buy_2th_pre_bid"": ""-71600"", ""buy_2th_pre_req"": ""271"", ""buy_2th_pre_req_pre"": ""0"", ""buy_3th_pre_bid"": ""-71500"", ""buy_3th_pre_req"": ""76"", ""buy_3th_pre_req_pre"": ""0"", ""buy_4th_pre_bid"": ""-71400"", ""buy_4th_pre_req"": ""205"", ""buy_4th_pre_req_pre"": ""0"", ""buy_5th_pre_bid"": ""-71200"", ""buy_5th_pre_req"": ""249"", ""buy_5th_pre_req_pre"": ""0"", ""buy_6th_pre_bid"": ""-71100"", ""buy_6th_pre_req"": ""223"", ""buy_6th_pre_req_pre"": ""0"", ""buy_7th_pre_bid"": ""-71000"", ""buy_7th_pre_req"": ""1037"", ""buy_7th_pre_req_pre"": ""0"", ""buy_8th_pre_bid"": ""-70900"", ""buy_8th_pre_req"": ""2021"", ""buy_8th_pre_req_pre"": ""0"", ""buy_9th_pre_bid"": ""-70800"", ""buy_9th_pre_req"": ""109"", ""buy_9th_pre_req_pre"": ""0"", ""buy_10th_pre_bid"": ""-70700"", ""buy_10th_pre_req"": ""71"", ""buy_10th_pre_req_pre"": ""0"", ""tot_sel_req_jub_pre"": ""0"", ""tot_sel_req"": ""1898"", ""tot_buy_req"": ""5429"", ""tot_buy_req_jub_pre"": ""+19"", ""ovt_sel_req_pre"": ""0"", ""ovt_sel_req"": ""0"", ""ovt_buy_req"": ""0"", ""ovt_buy_req_pre"": ""0"", ""return_code"": 0, ""return_msg"": ""정상적으로 처리되었습니다""}"
2026-06-10,watchlist,078930,,0,filtered_candidate_recheck,72700,,72700,72500,72700,73000,0.2751031636863824,0.2751031636863824,,,,,,"{""bid_req_base_tm"": ""094733"", ""sel_10th_pre_req_pre"": ""0"", ""sel_10th_pre_req"": ""1"", ""sel_10th_pre_bid"": ""-73600"", ""sel_9th_pre_req_pre"": ""0"", ""sel_9th_pre_req"": ""50"", ""sel_9th_pre_bid"": ""-73500"", ""sel_8th_pre_req_pre"": ""0"", ""sel_8th_pre_req"": ""3"", ""sel_8th_pre_bid"": ""-73400"", ""sel_7th_pre_req_pre"": ""0"", ""sel_7th_pre_req"": ""159"", ""sel_7th_pre_bid"": ""-73300"", ""sel_6th_pre_req_pre"": ""0"", ""sel_6th_pre_req"": ""187"", ""sel_6th_pre_bid"": ""-73200"", ""sel_5th_pre_req_pre"": ""0"", ""sel_5th_pre_req"": ""81"", ""sel_5th_pre_bid"": ""-73100"", ""sel_4th_pre_req_pre"": ""0"", ""sel_4th_pre_req"": ""153"", ""sel_4th_pre_bid"": ""-73000"", ""sel_3th_pre_req_pre"": ""0"", ""sel_3th_pre_req"": ""38"", ""sel_3th_pre_bid"": ""-72900"", ""sel_2th_pre_req_pre"": ""0"", ""sel_2th_pre_req"": ""4"", ""sel_2th_pre_bid"": ""-72800"", ""sel_1th_pre_req_pre"": ""0"", ""sel_fpr_req"": ""64"", ""sel_fpr_bid"": ""-72700"", ""buy_fpr_bid"": ""-72500"", ""buy_fpr_req"": ""1246"", ""buy_1th_pre_req_pre"": ""0"", ""buy_2th_pre_bid"": ""-72400"", ""buy_2th_pre_req"": ""528"", ""buy_2th_pre_req_pre"": ""+10"", ""buy_3th_pre_bid"": ""-72300"", ""buy_3th_pre_req"": ""238"", ""buy_3th_pre_req_pre"": ""--10"", ""buy_4th_pre_bid"": ""-72200"", ""buy_4th_pre_req"": ""190"", ""buy_4th_pre_req_pre"": ""0"", ""buy_5th_pre_bid"": ""-72100"", ""buy_5th_pre_req"": ""687"", ""buy_5th_pre_req_pre"": ""0"", ""buy_6th_pre_bid"": ""-72000"", ""buy_6th_pre_req"": ""152"", ""buy_6th_pre_req_pre"": ""0"", ""buy_7th_pre_bid"": ""-71900"", ""buy_7th_pre_req"": ""111"", ""buy_7th_pre_req_pre"": ""0"", ""buy_8th_pre_bid"": ""-71800"", ""buy_8th_pre_req"": ""115"", ""buy_8th_pre_req_pre"": ""0"", ""buy_9th_pre_bid"": ""-71700"", ""buy_9th_pre_req"": ""127"", ""buy_9th_pre_req_pre"": ""0"", ""buy_10th_pre_bid"": ""-71600"", ""buy_10th_pre_req"": ""42"", ""buy_10th_pre_req_pre"": ""0"", ""tot_sel_req_jub_pre"": ""0"", ""tot_sel_req"": ""740"", ""tot_buy_req"": ""3436"", ""tot_buy_req_jub_pre"": ""0"", ""ovt_sel_req_pre"": ""0"", ""ovt_sel_req"": ""0"", ""ovt_buy_req"": ""0"", ""ovt_buy_req_pre"": ""0"", ""return_code"": 0, ""return_msg"": ""정상적으로 처리되었습니다""}"
2026-06-10,watchlist,462870,,0,filtered_candidate_recheck,30650,,30650,30600,30650,30750,0.1631321370309951,0.1631321370309951,,,,,,"{""bid_req_base_tm"": ""094736"", ""sel_10th_pre_req_pre"": ""0"", ""sel_10th_pre_req"": ""36"", ""sel_10th_pre_bid"": ""-31100"", ""sel_9th_pre_req_pre"": ""0"", ""sel_9th_pre_req"": ""28"", ""sel_9th_pre_bid"": ""-31050"", ""sel_8th_pre_req_pre"": ""0"", ""sel_8th_pre_req"": ""221"", ""sel_8th_pre_bid"": ""-31000"", ""sel_7th_pre_req_pre"": ""0"", ""sel_7th_pre_req"": ""21"", ""sel_7th_pre_bid"": ""-30950"", ""sel_6th_pre_req_pre"": ""0"", ""sel_6th_pre_req"": ""213"", ""sel_6th_pre_bid"": ""-30900"", ""sel_5th_pre_req_pre"": ""0"", ""sel_5th_pre_req"": ""164"", ""sel_5th_pre_bid"": ""-30850"", ""sel_4th_pre_req_pre"": ""0"", ""sel_4th_pre_req"": ""51"", ""sel_4th_pre_bid"": ""-30800"", ""sel_3th_pre_req_pre"": ""0"", ""sel_3th_pre_req"": ""4"", ""sel_3th_pre_bid"": ""-30750"", ""sel_2th_pre_req_pre"": ""0"", ""sel_2th_pre_req"": ""29"", ""sel_2th_pre_bid"": ""-30700"", ""sel_1th_pre_req_pre"": ""0"", ""sel_fpr_req"": ""51"", ""sel_fpr_bid"": ""-30650"", ""buy_fpr_bid"": ""-30600"", ""buy_fpr_req"": ""89"", ""buy_1th_pre_req_pre"": ""0"", ""buy_2th_pre_bid"": ""-30550"", ""buy_2th_pre_req"": ""166"", ""buy_2th_pre_req_pre"": ""0"", ""buy_3th_pre_bid"": ""-30500"", ""buy_3th_pre_req"": ""207"", ""buy_3th_pre_req_pre"": ""+1"", ""buy_4th_pre_bid"": ""-30450"", ""buy_4th_pre_req"": ""187"", ""buy_4th_pre_req_pre"": ""0"", ""buy_5th_pre_bid"": ""-30400"", ""buy_5th_pre_req"": ""258"", ""buy_5th_pre_req_pre"": ""0"", ""buy_6th_pre_bid"": ""-30350"", ""buy_6th_pre_req"": ""93"", ""buy_6th_pre_req_pre"": ""0"", ""buy_7th_pre_bid"": ""-30300"", ""buy_7th_pre_req"": ""242"", ""buy_7th_pre_req_pre"": ""0"", ""buy_8th_pre_bid"": ""-30250"", ""buy_8th_pre_req"": ""178"", ""buy_8th_pre_req_pre"": ""0"", ""buy_9th_pre_bid"": ""-30200"", ""buy_9th_pre_req"": ""150"", ""buy_9th_pre_req_pre"": ""0"", ""buy_10th_pre_bid"": ""-30150"", ""buy_10th_pre_req"": ""283"", ""buy_10th_pre_req_pre"": ""0"", ""tot_sel_req_jub_pre"": ""0"", ""tot_sel_req"": ""818"", ""tot_buy_req"": ""1853"", ""tot_buy_req_jub_pre"": ""+1"", ""ovt_sel_req_pre"": ""0"", ""ovt_sel_req"": ""0"", ""ovt_buy_req"": ""0"", ""ovt_buy_req_pre"": ""0"", ""return_code"": 0, ""return_msg"": ""정상적으로 처리되었습니다""}"
2026-06-10,watchlist,055550,,0,filtered_candidate_recheck,99000,,99000,98900,99000,99000,-0.10101010101010101,0.10101010101010101,,,,,,"{""bid_req_base_tm"": ""094737"", ""sel_10th_pre_req_pre"": ""0"", ""sel_10th_pre_req"": ""36"", ""sel_10th_pre_bid"": ""-99900"", ""sel_9th_pre_req_pre"": ""0"", ""sel_9th_pre_req"": ""85"", ""sel_9th_pre_bid"": ""-99800"", ""sel_8th_pre_req_pre"": ""0"", ""sel_8th_pre_req"": ""3"", ""sel_8th_pre_bid"": ""-99700"", ""sel_7th_pre_req_pre"": ""0"", ""sel_7th_pre_req"": ""325"", ""sel_7th_pre_bid"": ""-99600"", ""sel_6th_pre_req_pre"": ""0"", ""sel_6th_pre_req"": ""1827"", ""sel_6th_pre_bid"": ""-99500"", ""sel_5th_pre_req_pre"": ""0"", ""sel_5th_pre_req"": ""461"", ""sel_5th_pre_bid"": ""-99400"", ""sel_4th_pre_req_pre"": ""0"", ""sel_4th_pre_req"": ""106"", ""sel_4th_pre_bid"": ""-99300"", ""sel_3th_pre_req_pre"": ""0"", ""sel_3th_pre_req"": ""170"", ""sel_3th_pre_bid"": ""-99200"", ""sel_2th_pre_req_pre"": ""0"", ""sel_2th_pre_req"": ""447"", ""sel_2th_pre_bid"": ""-99100"", ""sel_1th_pre_req_pre"": ""0"", ""sel_fpr_req"": ""496"", ""sel_fpr_bid"": ""-99000"", ""buy_fpr_bid"": ""-98900"", ""buy_fpr_req"": ""335"", ""buy_1th_pre_req_pre"": ""0"", ""buy_2th_pre_bid"": ""-98800"", ""buy_2th_pre_req"": ""713"", ""buy_2th_pre_req_pre"": ""0"", ""buy_3th_pre_bid"": ""-98700"", ""buy_3th_pre_req"": ""1125"", ""buy_3th_pre_req_pre"": ""0"", ""buy_4th_pre_bid"": ""-98600"", ""buy_4th_pre_req"": ""26"", ""buy_4th_pre_req_pre"": ""0"", ""buy_5th_pre_bid"": ""-98500"", ""buy_5th_pre_req"": ""226"", ""buy_5th_pre_req_pre"": ""0"", ""buy_6th_pre_bid"": ""-98400"", ""buy_6th_pre_req"": ""1001"", ""buy_6th_pre_req_pre"": ""0"", ""buy_7th_pre_bid"": ""-98300"", ""buy_7th_pre_req"": ""111"", ""buy_7th_pre_req_pre"": ""0"", ""buy_8th_pre_bid"": ""-98200"", ""buy_8th_pre_req"": ""1023"", ""buy_8th_pre_req_pre"": ""0"", ""buy_9th_pre_bid"": ""-98100"", ""buy_9th_pre_req"": ""167"", ""buy_9th_pre_req_pre"": ""0"", ""buy_10th_pre_bid"": ""-98000"", ""buy_10th_pre_req"": ""1851"", ""buy_10th_pre_req_pre"": ""0"", ""tot_sel_req_jub_pre"": ""0"", ""tot_sel_req"": ""3956"", ""tot_buy_req"": ""6578"", ""tot_buy_req_jub_pre"": ""0"", ""ovt_sel_req_pre"": ""0"", ""ovt_sel_req"": ""0"", ""ovt_buy_req"": ""0"", ""ovt_buy_req_pre"": ""0"", ""return_code"": 0, ""return_msg"": ""정상적으로 처리되었습니다""}"
2026-06-10,watchlist,192080,,0,filtered_candidate_recheck,72000,,72000,71900,72000,72300,0.2777777777777778,0.1388888888888889,,,,,,"{""bid_req_base_tm"": ""094737"", ""sel_10th_pre_req_pre"": ""0"", ""sel_10th_pre_req"": ""80"", ""sel_10th_pre_bid"": ""+73800"", ""sel_9th_pre_req_pre"": ""0"", ""sel_9th_pre_req"": ""812"", ""sel_9th_pre_bid"": ""+73700"", ""sel_8th_pre_req_pre"": ""0"", ""sel_8th_pre_req"": ""32"", ""sel_8th_pre_bid"": ""+73500"", ""sel_7th_pre_req_pre"": ""0"", ""sel_7th_pre_req"": ""72"", ""sel_7th_pre_bid"": ""+73400"", ""sel_6th_pre_req_pre"": ""0"", ""sel_6th_pre_req"": ""10"", ""sel_6th_pre_bid"": ""+73300"", ""sel_5th_pre_req_pre"": ""0"", ""sel_5th_pre_req"": ""10"", ""sel_5th_pre_bid"": ""+73000"", ""sel_4th_pre_req_pre"": ""0"", ""sel_4th_pre_req"": ""4"", ""sel_4th_pre_bid"": ""+72900"", ""sel_3th_pre_req_pre"": ""0"", ""sel_3th_pre_req"": ""3"", ""sel_3th_pre_bid"": ""+72700"", ""sel_2th_pre_req_pre"": ""0"", ""sel_2th_pre_req"": ""17"", ""sel_2th_pre_bid"": ""+72600"", ""sel_1th_pre_req_pre"": ""0"", ""sel_fpr_req"": ""15"", ""sel_fpr_bid"": ""72000"", ""buy_fpr_bid"": ""-71900"", ""buy_fpr_req"": ""18"", ""buy_1th_pre_req_pre"": ""+17"", ""buy_2th_pre_bid"": ""-71800"", ""buy_2th_pre_req"": ""52"", ""buy_2th_pre_req_pre"": ""--7"", ""buy_3th_pre_bid"": ""-71700"", ""buy_3th_pre_req"": ""31"", ""buy_3th_pre_req_pre"": ""0"", ""buy_4th_pre_bid"": ""-71600"", ""buy_4th_pre_req"": ""43"", ""buy_4th_pre_req_pre"": ""0"", ""buy_5th_pre_bid"": ""-71500"", ""buy_5th_pre_req"": ""43"", ""buy_5th_pre_req_pre"": ""0"", ""buy_6th_pre_bid"": ""-71400"", ""buy_6th_pre_req"": ""11"", ""buy_6th_pre_req_pre"": ""0"", ""buy_7th_pre_bid"": ""-71300"", ""buy_7th_pre_req"": ""66"", ""buy_7th_pre_req_pre"": ""0"", ""buy_8th_pre_bid"": ""-71200"", ""buy_8th_pre_req"": ""415"", ""buy_8th_pre_req_pre"": ""0"", ""buy_9th_pre_bid"": ""-71100"", ""buy_9th_pre_req"": ""71"", ""buy_9th_pre_req_pre"": ""0"", ""buy_10th_pre_bid"": ""-71000"", ""buy_10th_pre_req"": ""77"", ""buy_10th_pre_req_pre"": ""0"", ""tot_sel_req_jub_pre"": ""+2"", ""tot_sel_req"": ""1055"", ""tot_buy_req"": ""827"", ""tot_buy_req_jub_pre"": ""+52"", ""ovt_sel_req_pre"": ""0"", ""ovt_sel_req"": ""0"", ""ovt_buy_req"": ""0"", ""ovt_buy_req_pre"": ""0"", ""return_code"": 0, ""return_msg"": ""정상적으로 처리되었습니다""}"
2026-06-10,watchlist,000430,,0,filtered_candidate_recheck,5940,,5940,5930,5940,5960,0.16835016835016833,0.16835016835016833,,,,,,"{""bid_req_base_tm"": ""094737"", ""sel_10th_pre_req_pre"": ""0"", ""sel_10th_pre_req"": ""1018"", ""sel_10th_pre_bid"": ""+6030"", ""sel_9th_pre_req_pre"": ""0"", ""sel_9th_pre_req"": ""984"", ""sel_9th_pre_bid"": ""+6020"", ""sel_8th_pre_req_pre"": ""+1"", ""sel_8th_pre_req"": ""2916"", ""sel_8th_pre_bid"": ""+6010"", ""sel_7th_pre_req_pre"": ""0"", ""sel_7th_pre_req"": ""325"", ""sel_7th_pre_bid"": ""6000"", ""sel_6th_pre_req_pre"": ""0"", ""sel_6th_pre_req"": ""610"", ""sel_6th_pre_bid"": ""-5990"", ""sel_5th_pre_req_pre"": ""0"", ""sel_5th_pre_req"": ""105"", ""sel_5th_pre_bid"": ""-5980"", ""sel_4th_pre_req_pre"": ""0"", ""sel_4th_pre_req"": ""614"", ""sel_4th_pre_bid"": ""-5970"", ""sel_3th_pre_req_pre"": ""0"", ""sel_3th_pre_req"": ""116"", ""sel_3th_pre_bid"": ""-5960"", ""sel_2th_pre_req_pre"": ""0"", ""sel_2th_pre_req"": ""827"", ""sel_2th_pre_bid"": ""-5950"", ""sel_1th_pre_req_pre"": ""0"", ""sel_fpr_req"": ""335"", ""sel_fpr_bid"": ""-5940"", ""buy_fpr_bid"": ""-5930"", ""buy_fpr_req"": ""321"", ""buy_1th_pre_req_pre"": ""0"", ""buy_2th_pre_bid"": ""-5910"", ""buy_2th_pre_req"": ""1332"", ""buy_2th_pre_req_pre"": ""0"", ""buy_3th_pre_bid"": ""-5900"", ""buy_3th_pre_req"": ""6676"", ""buy_3th_pre_req_pre"": ""0"", ""buy_4th_pre_bid"": ""-5890"", ""buy_4th_pre_req"": ""970"", ""buy_4th_pre_req_pre"": ""0"", ""buy_5th_pre_bid"": ""-5880"", ""buy_5th_pre_req"": ""4090"", ""buy_5th_pre_req_pre"": ""0"", ""buy_6th_pre_bid"": ""-5870"", ""buy_6th_pre_req"": ""632"", ""buy_6th_pre_req_pre"": ""0"", ""buy_7th_pre_bid"": ""-5860"", ""buy_7th_pre_req"": ""1751"", ""buy_7th_pre_req_pre"": ""0"", ""buy_8th_pre_bid"": ""-5850"", ""buy_8th_pre_req"": ""6842"", ""buy_8th_pre_req_pre"": ""0"", ""buy_9th_pre_bid"": ""-5840"", ""buy_9th_pre_req"": ""5488"", ""buy_9th_pre_req_pre"": ""0"", ""buy_10th_pre_bid"": ""-5830"", ""buy_10th_pre_req"": ""5298"", ""buy_10th_pre_req_pre"": ""0"", ""tot_sel_req_jub_pre"": ""+1"", ""tot_sel_req"": ""7850"", ""tot_buy_req"": ""33400"", ""tot_buy_req_jub_pre"": ""--1580"", ""ovt_sel_req_pre"": ""0"", ""ovt_sel_req"": ""0"", ""ovt_buy_req"": ""0"", ""ovt_buy_req_pre"": ""0"", ""return_code"": 0, ""return_msg"": ""정상적으로 처리되었습니다""}"
2026-06-10,watchlist,307950,,0,filtered_candidate_recheck,699000,,699000,698000,699000,702000,0.28612303290414876,0.14306151645207438,,,,,,"{""bid_req_base_tm"": ""094738"", ""sel_10th_pre_req_pre"": ""0"", ""sel_10th_pre_req"": ""109"", ""sel_10th_pre_bid"": ""+708000"", ""sel_9th_pre_req_pre"": ""0"", ""sel_9th_pre_req"": ""31"", ""sel_9th_pre_bid"": ""+707000"", ""sel_8th_pre_req_pre"": ""0"", ""sel_8th_pre_req"": ""14"", ""sel_8th_pre_bid"": ""+706000"", ""sel_7th_pre_req_pre"": ""0"", ""sel_7th_pre_req"": ""38"", ""sel_7th_pre_bid"": ""+705000"", ""sel_6th_pre_req_pre"": ""0"", ""sel_6th_pre_req"": ""8"", ""sel_6th_pre_bid"": ""+704000"", ""sel_5th_pre_req_pre"": ""0"", ""sel_5th_pre_req"": ""15"", ""sel_5th_pre_bid"": ""+703000"", ""sel_4th_pre_req_pre"": ""0"", ""sel_4th_pre_req"": ""61"", ""sel_4th_pre_bid"": ""+702000"", ""sel_3th_pre_req_pre"": ""0"", ""sel_3th_pre_req"": ""22"", ""sel_3th_pre_bid"": ""+701000"", ""sel_2th_pre_req_pre"": ""--3"", ""sel_2th_pre_req"": ""79"", ""sel_2th_pre_bid"": ""+700000"", ""sel_1th_pre_req_pre"": ""0"", ""sel_fpr_req"": ""42"", ""sel_fpr_bid"": ""+699000"", ""buy_fpr_bid"": ""+698000"", ""buy_fpr_req"": ""84"", ""buy_1th_pre_req_pre"": ""0"", ""buy_2th_pre_bid"": ""+697000"", ""buy_2th_pre_req"": ""202"", ""buy_2th_pre_req_pre"": ""0"", ""buy_3th_pre_bid"": ""+696000"", ""buy_3th_pre_req"": ""219"", ""buy_3th_pre_req_pre"": ""0"", ""buy_4th_pre_bid"": ""+695000"", ""buy_4th_pre_req"": ""215"", ""buy_4th_pre_req_pre"": ""0"", ""buy_5th_pre_bid"": ""+694000"", ""buy_5th_pre_req"": ""117"", ""buy_5th_pre_req_pre"": ""0"", ""buy_6th_pre_bid"": ""+693000"", ""buy_6th_pre_req"": ""51"", ""buy_6th_pre_req_pre"": ""0"", ""buy_7th_pre_bid"": ""+692000"", ""buy_7th_pre_req"": ""80"", ""buy_7th_pre_req_pre"": ""0"", ""buy_8th_pre_bid"": ""+691000"", ""buy_8th_pre_req"": ""221"", ""buy_8th_pre_req_pre"": ""0"", ""buy_9th_pre_bid"": ""+690000"", ""buy_9th_pre_req"": ""378"", ""buy_9th_pre_req_pre"": ""0"", ""buy_10th_pre_bid"": ""+689000"", ""buy_10th_pre_req"": ""127"", ""buy_10th_pre_req_pre"": ""0"", ""tot_sel_req_jub_pre"": ""--3"", ""tot_sel_req"": ""419"", ""tot_buy_req"": ""1694"", ""tot_buy_req_jub_pre"": ""0"", ""ovt_sel_req_pre"": ""0"", ""ovt_sel_req"": ""0"", ""ovt_buy_req"": ""0"", ""ovt_buy_req_pre"": ""0"", ""return_code"": 0, ""return_msg"": ""정상적으로 처리되었습니다""}"
2026-06-10,watchlist,114090,,0,filtered_candidate_recheck,11890,,11890,11850,11890,11950,0.08410428931875526,0.33641715727502103,,,,,,"{""bid_req_base_tm"": ""094736"", ""sel_10th_pre_req_pre"": ""0"", ""sel_10th_pre_req"": ""72"", ""sel_10th_pre_bid"": ""+12070"", ""sel_9th_pre_req_pre"": ""0"", ""sel_9th_pre_req"": ""110"", ""sel_9th_pre_bid"": ""+12060"", ""sel_8th_pre_req_pre"": ""0"", ""sel_8th_pre_req"": ""39"", ""sel_8th_pre_bid"": ""+12050"", ""sel_7th_pre_req_pre"": ""0"", ""sel_7th_pre_req"": ""298"", ""sel_7th_pre_bid"": ""+12020"", ""sel_6th_pre_req_pre"": ""0"", ""sel_6th_pre_req"": ""821"", ""sel_6th_pre_bid"": ""+12010"", ""sel_5th_pre_req_pre"": ""0"", ""sel_5th_pre_req"": ""25"", ""sel_5th_pre_bid"": ""+12000"", ""sel_4th_pre_req_pre"": ""0"", ""sel_4th_pre_req"": ""5"", ""sel_4th_pre_bid"": ""+11990"", ""sel_3th_pre_req_pre"": ""0"", ""sel_3th_pre_req"": ""210"", ""sel_3th_pre_bid"": ""+11970"", ""sel_2th_pre_req_pre"": ""0"", ""sel_2th_pre_req"": ""100"", ""sel_2th_pre_bid"": ""-11910"", ""sel_1th_pre_req_pre"": ""--6"", ""sel_fpr_req"": ""225"", ""sel_fpr_bid"": ""-11890"", ""buy_fpr_bid"": ""-11850"", ""buy_fpr_req"": ""379"", ""buy_1th_pre_req_pre"": ""0"", ""buy_2th_pre_bid"": ""-11840"", ""buy_2th_pre_req"": ""2689"", ""buy_2th_pre_req_pre"": ""0"", ""buy_3th_pre_bid"": ""-11830"", ""buy_3th_pre_req"": ""226"", ""buy_3th_pre_req_pre"": ""0"", ""buy_4th_pre_bid"": ""-11820"", ""buy_4th_pre_req"": ""10"", ""buy_4th_pre_req_pre"": ""0"", ""buy_5th_pre_bid"": ""-11810"", ""buy_5th_pre_req"": ""52"", ""buy_5th_pre_req_pre"": ""0"", ""buy_6th_pre_bid"": ""-11800"", ""buy_6th_pre_req"": ""83"", ""buy_6th_pre_req_pre"": ""0"", ""buy_7th_pre_bid"": ""-11790"", ""buy_7th_pre_req"": ""116"", ""buy_7th_pre_req_pre"": ""0"", ""buy_8th_pre_bid"": ""-11780"", ""buy_8th_pre_req"": ""12"", ""buy_8th_pre_req_pre"": ""0"", ""buy_9th_pre_bid"": ""-11770"", ""buy_9th_pre_req"": ""16"", ""buy_9th_pre_req_pre"": ""0"", ""buy_10th_pre_bid"": ""-11760"", ""buy_10th_pre_req"": ""7"", ""buy_10th_pre_req_pre"": ""0"", ""tot_sel_req_jub_pre"": ""--6"", ""tot_sel_req"": ""1905"", ""tot_buy_req"": ""3590"", ""tot_buy_req_jub_pre"": ""0"", ""ovt_sel_req_pre"": ""0"", ""ovt_sel_req"": ""0"", ""ovt_buy_req"": ""0"", ""ovt_buy_req_pre"": ""0"", ""return_code"": 0, ""return_msg"": ""정상적으로 처리되었습니다""}"
2026-06-10,scan_candidate,005930,,0,main_scan,306500,,306500,306000,306500,308000,0.3262642740619902,0.1631321370309951,,,,,,"{""bid_req_base_tm"": ""094903"", ""sel_10th_pre_req_pre"": ""0"", ""sel_10th_pre_req"": ""11907"", ""sel_10th_pre_bid"": ""-311000"", ""sel_9th_pre_req_pre"": ""0"", ""sel_9th_pre_req"": ""18873"", ""sel_9th_pre_bid"": ""-310500"", ""sel_8th_pre_req_pre"": ""0"", ""sel_8th_pre_req"": ""24057"", ""sel_8th_pre_bid"": ""-310000"", ""sel_7th_pre_req_pre"": ""0"", ""sel_7th_pre_req"": ""10069"", ""sel_7th_pre_bid"": ""-309500"", ""sel_6th_pre_req_pre"": ""0"", ""sel_6th_pre_req"": ""6349"", ""sel_6th_pre_bid"": ""-309000"", ""sel_5th_pre_req_pre"": ""0"", ""sel_5th_pre_req"": ""10039"", ""sel_5th_pre_bid"": ""-308500"", ""sel_4th_pre_req_pre"": ""0"", ""sel_4th_pre_req"": ""18093"", ""sel_4th_pre_bid"": ""-308000"", ""sel_3th_pre_req_pre"": ""0"", ""sel_3th_pre_req"": ""10167"", ""sel_3th_pre_bid"": ""-307500"", ""sel_2th_pre_req_pre"": ""0"", ""sel_2th_pre_req"": ""15976"", ""sel_2th_pre_bid"": ""-307000"", ""sel_1th_pre_req_pre"": ""--1"", ""sel_fpr_req"": ""53070"", ""sel_fpr_bid"": ""-306500"", ""buy_fpr_bid"": ""-306000"", ""buy_fpr_req"": ""43408"", ""buy_1th_pre_req_pre"": ""+20"", ""buy_2th_pre_bid"": ""-305500"", ""buy_2th_pre_req"": ""74550"", ""buy_2th_pre_req_pre"": ""0"", ""buy_3th_pre_bid"": ""-305000"", ""buy_3th_pre_req"": ""138796"", ""buy_3th_pre_req_pre"": ""--3"", ""buy_4th_pre_bid"": ""-304500"", ""buy_4th_pre_req"": ""23906"", ""buy_4th_pre_req_pre"": ""0"", ""buy_5th_pre_bid"": ""-304000"", ""buy_5th_pre_req"": ""39034"", ""buy_5th_pre_req_pre"": ""0"", ""buy_6th_pre_bid"": ""-303500"", ""buy_6th_pre_req"": ""45929"", ""buy_6th_pre_req_pre"": ""0"", ""buy_7th_pre_bid"": ""-303000"", ""buy_7th_pre_req"": ""58156"", ""buy_7th_pre_req_pre"": ""+15"", ""buy_8th_pre_bid"": ""-302500"", ""buy_8th_pre_req"": ""40623"", ""buy_8th_pre_req_pre"": ""0"", ""buy_9th_pre_bid"": ""-302000"", ""buy_9th_pre_req"": ""38328"", ""buy_9th_pre_req_pre"": ""0"", ""buy_10th_pre_bid"": ""-301500"", ""buy_10th_pre_req"": ""33891"", ""buy_10th_pre_req_pre"": ""0"", ""tot_sel_req_jub_pre"": ""--1"", ""tot_sel_req"": ""178600"", ""tot_buy_req"": ""536621"", ""tot_buy_req_jub_pre"": ""+32"", ""ovt_sel_req_pre"": ""0"", ""ovt_sel_req"": ""0"", ""ovt_buy_req"": ""0"", ""ovt_buy_req_pre"": ""0"", ""return_code"": 0, ""return_msg"": ""정상적으로 처리되었습니다""}"
2026-06-10,scan_candidate,000660,,0,main_scan,2130000,,2130000,2129000,2130000,2132000,0.046948356807511735,0.046948356807511735,,,,,,"{""bid_req_base_tm"": ""094903"", ""sel_10th_pre_req_pre"": ""0"", ""sel_10th_pre_req"": ""458"", ""sel_10th_pre_bid"": ""-2139000"", ""sel_9th_pre_req_pre"": ""0"", ""sel_9th_pre_req"": ""63"", ""sel_9th_pre_bid"": ""-2138000"", ""sel_8th_pre_req_pre"": ""0"", ""sel_8th_pre_req"": ""82"", ""sel_8th_pre_bid"": ""-2137000"", ""sel_7th_pre_req_pre"": ""0"", ""sel_7th_pre_req"": ""26"", ""sel_7th_pre_bid"": ""-2136000"", ""sel_6th_pre_req_pre"": ""0"", ""sel_6th_pre_req"": ""505"", ""sel_6th_pre_bid"": ""-2135000"", ""sel_5th_pre_req_pre"": ""0"", ""sel_5th_pre_req"": ""157"", ""sel_5th_pre_bid"": ""-2134000"", ""sel_4th_pre_req_pre"": ""0"", ""sel_4th_pre_req"": ""93"", ""sel_4th_pre_bid"": ""-2133000"", ""sel_3th_pre_req_pre"": ""0"", ""sel_3th_pre_req"": ""57"", ""sel_3th_pre_bid"": ""-2132000"", ""sel_2th_pre_req_pre"": ""0"", ""sel_2th_pre_req"": ""196"", ""sel_2th_pre_bid"": ""-2131000"", ""sel_1th_pre_req_pre"": ""+4"", ""sel_fpr_req"": ""97"", ""sel_fpr_bid"": ""-2130000"", ""buy_fpr_bid"": ""-2129000"", ""buy_fpr_req"": ""324"", ""buy_1th_pre_req_pre"": ""0"", ""buy_2th_pre_bid"": ""-2128000"", ""buy_2th_pre_req"": ""156"", ""buy_2th_pre_req_pre"": ""+80"", ""buy_3th_pre_bid"": ""-2127000"", ""buy_3th_pre_req"": ""541"", ""buy_3th_pre_req_pre"": ""0"", ""buy_4th_pre_bid"": ""-2126000"", ""buy_4th_pre_req"": ""637"", ""buy_4th_pre_req_pre"": ""+30"", ""buy_5th_pre_bid"": ""-2125000"", ""buy_5th_pre_req"": ""707"", ""buy_5th_pre_req_pre"": ""--110"", ""buy_6th_pre_bid"": ""-2124000"", ""buy_6th_pre_req"": ""150"", ""buy_6th_pre_req_pre"": ""0"", ""buy_7th_pre_bid"": ""-2123000"", ""buy_7th_pre_req"": ""677"", ""buy_7th_pre_req_pre"": ""0"", ""buy_8th_pre_bid"": ""-2122000"", ""buy_8th_pre_req"": ""490"", ""buy_8th_pre_req_pre"": ""0"", ""buy_9th_pre_bid"": ""-2121000"", ""buy_9th_pre_req"": ""679"", ""buy_9th_pre_req_pre"": ""0"", ""buy_10th_pre_bid"": ""-2120000"", ""buy_10th_pre_req"": ""2608"", ""buy_10th_pre_req_pre"": ""0"", ""tot_sel_req_jub_pre"": ""+4"", ""tot_sel_req"": ""1734"", ""tot_buy_req"": ""6969"", ""tot_buy_req_jub_pre"": ""0"", ""ovt_sel_req_pre"": ""0"", ""ovt_sel_req"": ""0"", ""ovt_buy_req"": ""0"", ""ovt_buy_req_pre"": ""0"", ""return_code"": 0, ""return_msg"": ""정상적으로 처리되었습니다""}"
2026-06-10,scan_candidate,402340,,0,main_scan,1209000,,1209000,1208000,1209000,1212000,0.1654259718775848,0.0827129859387924,,,,,,"{""bid_req_base_tm"": ""094904"", ""sel_10th_pre_req_pre"": ""0"", ""sel_10th_pre_req"": ""561"", ""sel_10th_pre_bid"": ""-1220000"", ""sel_9th_pre_req_pre"": ""0"", ""sel_9th_pre_req"": ""59"", ""sel_9th_pre_bid"": ""-1219000"", ""sel_8th_pre_req_pre"": ""0"", ""sel_8th_pre_req"": ""14"", ""sel_8th_pre_bid"": ""-1218000"", ""sel_7th_pre_req_pre"": ""0"", ""sel_7th_pre_req"": ""25"", ""sel_7th_pre_bid"": ""-1217000"", ""sel_6th_pre_req_pre"": ""0"", ""sel_6th_pre_req"": ""37"", ""sel_6th_pre_bid"": ""-1216000"", ""sel_5th_pre_req_pre"": ""0"", ""sel_5th_pre_req"": ""42"", ""sel_5th_pre_bid"": ""-1215000"", ""sel_4th_pre_req_pre"": ""0"", ""sel_4th_pre_req"": ""1"", ""sel_4th_pre_bid"": ""-1214000"", ""sel_3th_pre_req_pre"": ""0"", ""sel_3th_pre_req"": ""6"", ""sel_3th_pre_bid"": ""-1211000"", ""sel_2th_pre_req_pre"": ""--20"", ""sel_2th_pre_req"": ""8"", ""sel_2th_pre_bid"": ""-1210000"", ""sel_1th_pre_req_pre"": ""+20"", ""sel_fpr_req"": ""238"", ""sel_fpr_bid"": ""-1209000"", ""buy_fpr_bid"": ""-1208000"", ""buy_fpr_req"": ""61"", ""buy_1th_pre_req_pre"": ""0"", ""buy_2th_pre_bid"": ""-1207000"", ""buy_2th_pre_req"": ""237"", ""buy_2th_pre_req_pre"": ""--94"", ""buy_3th_pre_bid"": ""-1206000"", ""buy_3th_pre_req"": ""225"", ""buy_3th_pre_req_pre"": ""--256"", ""buy_4th_pre_bid"": ""-1205000"", ""buy_4th_pre_req"": ""416"", ""buy_4th_pre_req_pre"": ""+350"", ""buy_5th_pre_bid"": ""-1204000"", ""buy_5th_pre_req"": ""104"", ""buy_5th_pre_req_pre"": ""0"", ""buy_6th_pre_bid"": ""-1203000"", ""buy_6th_pre_req"": ""68"", ""buy_6th_pre_req_pre"": ""0"", ""buy_7th_pre_bid"": ""-1202000"", ""buy_7th_pre_req"": ""119"", ""buy_7th_pre_req_pre"": ""0"", ""buy_8th_pre_bid"": ""-1201000"", ""buy_8th_pre_req"": ""188"", ""buy_8th_pre_req_pre"": ""0"", ""buy_9th_pre_bid"": ""-1200000"", ""buy_9th_pre_req"": ""484"", ""buy_9th_pre_req_pre"": ""0"", ""buy_10th_pre_bid"": ""-1199000"", ""buy_10th_pre_req"": ""120"", ""buy_10th_pre_req_pre"": ""0"", ""tot_sel_req_jub_pre"": ""0"", ""tot_sel_req"": ""991"", ""tot_buy_req"": ""2022"", ""tot_buy_req_jub_pre"": ""0"", ""ovt_sel_req_pre"": ""0"", ""ovt_sel_req"": ""0"", ""ovt_buy_req"": ""0"", ""ovt_buy_req_pre"": ""0"", ""return_code"": 0, ""return_msg"": ""정상적으로 처리되었습니다""}"
2026-06-10,scan_candidate,009150,,0,main_scan,1879000,,1879000,1878000,1879000,1879000,-0.05321979776476849,0.05321979776476849,,,,,,"{""bid_req_base_tm"": ""094904"", ""sel_10th_pre_req_pre"": ""0"", ""sel_10th_pre_req"": ""114"", ""sel_10th_pre_bid"": ""-1888000"", ""sel_9th_pre_req_pre"": ""0"", ""sel_9th_pre_req"": ""16"", ""sel_9th_pre_bid"": ""-1887000"", ""sel_8th_pre_req_pre"": ""0"", ""sel_8th_pre_req"": ""12"", ""sel_8th_pre_bid"": ""-1886000"", ""sel_7th_pre_req_pre"": ""0"", ""sel_7th_pre_req"": ""197"", ""sel_7th_pre_bid"": ""-1885000"", ""sel_6th_pre_req_pre"": ""0"", ""sel_6th_pre_req"": ""15"", ""sel_6th_pre_bid"": ""-1884000"", ""sel_5th_pre_req_pre"": ""0"", ""sel_5th_pre_req"": ""317"", ""sel_5th_pre_bid"": ""-1883000"", ""sel_4th_pre_req_pre"": ""0"", ""sel_4th_pre_req"": ""56"", ""sel_4th_pre_bid"": ""-1882000"", ""sel_3th_pre_req_pre"": ""0"", ""sel_3th_pre_req"": ""53"", ""sel_3th_pre_bid"": ""-1881000"", ""sel_2th_pre_req_pre"": ""--1"", ""sel_2th_pre_req"": ""454"", ""sel_2th_pre_bid"": ""-1880000"", ""sel_1th_pre_req_pre"": ""+1"", ""sel_fpr_req"": ""3"", ""sel_fpr_bid"": ""-1879000"", ""buy_fpr_bid"": ""-1878000"", ""buy_fpr_req"": ""35"", ""buy_1th_pre_req_pre"": ""--5"", ""buy_2th_pre_bid"": ""-1877000"", ""buy_2th_pre_req"": ""12"", ""buy_2th_pre_req_pre"": ""+1"", ""buy_3th_pre_bid"": ""-1876000"", ""buy_3th_pre_req"": ""150"", ""buy_3th_pre_req_pre"": ""+1"", ""buy_4th_pre_bid"": ""-1875000"", ""buy_4th_pre_req"": ""343"", ""buy_4th_pre_req_pre"": ""0"", ""buy_5th_pre_bid"": ""-1874000"", ""buy_5th_pre_req"": ""83"", ""buy_5th_pre_req_pre"": ""0"", ""buy_6th_pre_bid"": ""-1873000"", ""buy_6th_pre_req"": ""410"", ""buy_6th_pre_req_pre"": ""0"", ""buy_7th_pre_bid"": ""-1872000"", ""buy_7th_pre_req"": ""12"", ""buy_7th_pre_req_pre"": ""0"", ""buy_8th_pre_bid"": ""-1871000"", ""buy_8th_pre_req"": ""26"", ""buy_8th_pre_req_pre"": ""0"", ""buy_9th_pre_bid"": ""-1870000"", ""buy_9th_pre_req"": ""230"", ""buy_9th_pre_req_pre"": ""0"", ""buy_10th_pre_bid"": ""-1869000"", ""buy_10th_pre_req"": ""37"", ""buy_10th_pre_req_pre"": ""0"", ""tot_sel_req_jub_pre"": ""0"", ""tot_sel_req"": ""1237"", ""tot_buy_req"": ""1338"", ""tot_buy_req_jub_pre"": ""--3"", ""ovt_sel_req_pre"": ""0"", ""ovt_sel_req"": ""0"", ""ovt_buy_req"": ""0"", ""ovt_buy_req_pre"": ""0"", ""return_code"": 0, ""return_msg"": ""정상적으로 처리되었습니다""}"
2026-06-10,scan_candidate,032830,,0,main_scan,367500,,367500,367000,367500,365500,-0.6802721088435374,0.13605442176870747,,,,,,"{""bid_req_base_tm"": ""094904"", ""sel_10th_pre_req_pre"": ""0"", ""sel_10th_pre_req"": ""12"", ""sel_10th_pre_bid"": ""-373000"", ""sel_9th_pre_req_pre"": ""0"", ""sel_9th_pre_req"": ""18"", ""sel_9th_pre_bid"": ""-372500"", ""sel_8th_pre_req_pre"": ""0"", ""sel_8th_pre_req"": ""21"", ""sel_8th_pre_bid"": ""-372000"", ""sel_7th_pre_req_pre"": ""0"", ""sel_7th_pre_req"": ""2"", ""sel_7th_pre_bid"": ""-370500"", ""sel_6th_pre_req_pre"": ""0"", ""sel_6th_pre_req"": ""425"", ""sel_6th_pre_bid"": ""-370000"", ""sel_5th_pre_req_pre"": ""0"", ""sel_5th_pre_req"": ""680"", ""sel_5th_pre_bid"": ""-369500"", ""sel_4th_pre_req_pre"": ""0"", ""sel_4th_pre_req"": ""950"", ""sel_4th_pre_bid"": ""-369000"", ""sel_3th_pre_req_pre"": ""0"", ""sel_3th_pre_req"": ""183"", ""sel_3th_pre_bid"": ""-368500"", ""sel_2th_pre_req_pre"": ""0"", ""sel_2th_pre_req"": ""60"", ""sel_2th_pre_bid"": ""-368000"", ""sel_1th_pre_req_pre"": ""0"", ""sel_fpr_req"": ""2319"", ""sel_fpr_bid"": ""-367500"", ""buy_fpr_bid"": ""-367000"", ""buy_fpr_req"": ""358"", ""buy_1th_pre_req_pre"": ""+2"", ""buy_2th_pre_bid"": ""-366500"", ""buy_2th_pre_req"": ""246"", ""buy_2th_pre_req_pre"": ""0"", ""buy_3th_pre_bid"": ""-366000"", ""buy_3th_pre_req"": ""384"", ""buy_3th_pre_req_pre"": ""0"", ""buy_4th_pre_bid"": ""-365500"", ""buy_4th_pre_req"": ""233"", ""buy_4th_pre_req_pre"": ""0"", ""buy_5th_pre_bid"": ""-365000"", ""buy_5th_pre_req"": ""863"", ""buy_5th_pre_req_pre"": ""0"", ""buy_6th_pre_bid"": ""-364500"", ""buy_6th_pre_req"": ""37"", ""buy_6th_pre_req_pre"": ""0"", ""buy_7th_pre_bid"": ""-364000"", ""buy_7th_pre_req"": ""88"", ""buy_7th_pre_req_pre"": ""0"", ""buy_8th_pre_bid"": ""-363500"", ""buy_8th_pre_req"": ""90"", ""buy_8th_pre_req_pre"": ""0"", ""buy_9th_pre_bid"": ""-363000"", ""buy_9th_pre_req"": ""356"", ""buy_9th_pre_req_pre"": ""0"", ""buy_10th_pre_bid"": ""-362500"", ""buy_10th_pre_req"": ""225"", ""buy_10th_pre_req_pre"": ""0"", ""tot_sel_req_jub_pre"": ""0"", ""tot_sel_req"": ""4670"", ""tot_buy_req"": ""2880"", ""tot_buy_req_jub_pre"": ""+2"", ""ovt_sel_req_pre"": ""0"", ""ovt_sel_req"": ""0"", ""ovt_buy_req"": ""0"", ""ovt_buy_req_pre"": ""0"", ""return_code"": 0, ""return_msg"": ""정상적으로 처리되었습니다""}"
2026-06-10,scan_candidate,012330,,0,main_scan,577000,,577000,576000,577000,579000,0.17331022530329288,0.17331022530329288,,,,,,"{""bid_req_base_tm"": ""094904"", ""sel_10th_pre_req_pre"": ""0"", ""sel_10th_pre_req"": ""60"", ""sel_10th_pre_bid"": ""-586000"", ""sel_9th_pre_req_pre"": ""0"", ""sel_9th_pre_req"": ""49"", ""sel_9th_pre_bid"": ""-585000"", ""sel_8th_pre_req_pre"": ""0"", ""sel_8th_pre_req"": ""51"", ""sel_8th_pre_bid"": ""-584000"", ""sel_7th_pre_req_pre"": ""0"", ""sel_7th_pre_req"": ""80"", ""sel_7th_pre_bid"": ""-583000"", ""sel_6th_pre_req_pre"": ""0"", ""sel_6th_pre_req"": ""105"", ""sel_6th_pre_bid"": ""-582000"", ""sel_5th_pre_req_pre"": ""0"", ""sel_5th_pre_req"": ""356"", ""sel_5th_pre_bid"": ""-581000"", ""sel_4th_pre_req_pre"": ""0"", ""sel_4th_pre_req"": ""450"", ""sel_4th_pre_bid"": ""-580000"", ""sel_3th_pre_req_pre"": ""0"", ""sel_3th_pre_req"": ""38"", ""sel_3th_pre_bid"": ""-579000"", ""sel_2th_pre_req_pre"": ""0"", ""sel_2th_pre_req"": ""170"", ""sel_2th_pre_bid"": ""-578000"", ""sel_1th_pre_req_pre"": ""0"", ""sel_fpr_req"": ""15"", ""sel_fpr_bid"": ""-577000"", ""buy_fpr_bid"": ""-576000"", ""buy_fpr_req"": ""15"", ""buy_1th_pre_req_pre"": ""0"", ""buy_2th_pre_bid"": ""-575000"", ""buy_2th_pre_req"": ""72"", ""buy_2th_pre_req_pre"": ""+37"", ""buy_3th_pre_bid"": ""-574000"", ""buy_3th_pre_req"": ""636"", ""buy_3th_pre_req_pre"": ""0"", ""buy_4th_pre_bid"": ""-573000"", ""buy_4th_pre_req"": ""951"", ""buy_4th_pre_req_pre"": ""0"", ""buy_5th_pre_bid"": ""-572000"", ""buy_5th_pre_req"": ""1169"", ""buy_5th_pre_req_pre"": ""0"", ""buy_6th_pre_bid"": ""-571000"", ""buy_6th_pre_req"": ""1310"", ""buy_6th_pre_req_pre"": ""0"", ""buy_7th_pre_bid"": ""-570000"", ""buy_7th_pre_req"": ""3118"", ""buy_7th_pre_req_pre"": ""0"", ""buy_8th_pre_bid"": ""-569000"", ""buy_8th_pre_req"": ""2125"", ""buy_8th_pre_req_pre"": ""+1"", ""buy_9th_pre_bid"": ""-568000"", ""buy_9th_pre_req"": ""959"", ""buy_9th_pre_req_pre"": ""0"", ""buy_10th_pre_bid"": ""-567000"", ""buy_10th_pre_req"": ""785"", ""buy_10th_pre_req_pre"": ""0"", ""tot_sel_req_jub_pre"": ""0"", ""tot_sel_req"": ""1374"", ""tot_buy_req"": ""11140"", ""tot_buy_req_jub_pre"": ""+38"", ""ovt_sel_req_pre"": ""0"", ""ovt_sel_req"": ""0"", ""ovt_buy_req"": ""0"", ""ovt_buy_req_pre"": ""0"", ""return_code"": 0, ""return_msg"": ""정상적으로 처리되었습니다""}"
2026-06-10,scan_candidate,055550,,0,main_scan,99100,,99100,99000,99100,99300,0.10090817356205853,0.10090817356205853,,,,,,"{""bid_req_base_tm"": ""094904"", ""sel_10th_pre_req_pre"": ""+3"", ""sel_10th_pre_req"": ""134"", ""sel_10th_pre_bid"": ""-100000"", ""sel_9th_pre_req_pre"": ""0"", ""sel_9th_pre_req"": ""42"", ""sel_9th_pre_bid"": ""-99900"", ""sel_8th_pre_req_pre"": ""0"", ""sel_8th_pre_req"": ""90"", ""sel_8th_pre_bid"": ""-99800"", ""sel_7th_pre_req_pre"": ""0"", ""sel_7th_pre_req"": ""4"", ""sel_7th_pre_bid"": ""-99700"", ""sel_6th_pre_req_pre"": ""0"", ""sel_6th_pre_req"": ""317"", ""sel_6th_pre_bid"": ""-99600"", ""sel_5th_pre_req_pre"": ""0"", ""sel_5th_pre_req"": ""279"", ""sel_5th_pre_bid"": ""-99500"", ""sel_4th_pre_req_pre"": ""0"", ""sel_4th_pre_req"": ""468"", ""sel_4th_pre_bid"": ""-99400"", ""sel_3th_pre_req_pre"": ""0"", ""sel_3th_pre_req"": ""107"", ""sel_3th_pre_bid"": ""-99300"", ""sel_2th_pre_req_pre"": ""0"", ""sel_2th_pre_req"": ""133"", ""sel_2th_pre_bid"": ""-99200"", ""sel_1th_pre_req_pre"": ""0"", ""sel_fpr_req"": ""520"", ""sel_fpr_bid"": ""-99100"", ""buy_fpr_bid"": ""-99000"", ""buy_fpr_req"": ""309"", ""buy_1th_pre_req_pre"": ""0"", ""buy_2th_pre_bid"": ""-98900"", ""buy_2th_pre_req"": ""1072"", ""buy_2th_pre_req_pre"": ""0"", ""buy_3th_pre_bid"": ""-98800"", ""buy_3th_pre_req"": ""690"", ""buy_3th_pre_req_pre"": ""0"", ""buy_4th_pre_bid"": ""-98700"", ""buy_4th_pre_req"": ""421"", ""buy_4th_pre_req_pre"": ""0"", ""buy_5th_pre_bid"": ""-98600"", ""buy_5th_pre_req"": ""26"", ""buy_5th_pre_req_pre"": ""0"", ""buy_6th_pre_bid"": ""-98500"", ""buy_6th_pre_req"": ""94"", ""buy_6th_pre_req_pre"": ""0"", ""buy_7th_pre_bid"": ""-98400"", ""buy_7th_pre_req"": ""1001"", ""buy_7th_pre_req_pre"": ""0"", ""buy_8th_pre_bid"": ""-98300"", ""buy_8th_pre_req"": ""64"", ""buy_8th_pre_req_pre"": ""0"", ""buy_9th_pre_bid"": ""-98200"", ""buy_9th_pre_req"": ""1023"", ""buy_9th_pre_req_pre"": ""0"", ""buy_10th_pre_bid"": ""-98100"", ""buy_10th_pre_req"": ""197"", ""buy_10th_pre_req_pre"": ""0"", ""tot_sel_req_jub_pre"": ""+3"", ""tot_sel_req"": ""2094"", ""tot_buy_req"": ""4897"", ""tot_buy_req_jub_pre"": ""0"", ""ovt_sel_req_pre"": ""0"", ""ovt_sel_req"": ""0"", ""ovt_buy_req"": ""0"", ""ovt_buy_req_pre"": ""0"", ""return_code"": 0, ""return_msg"": ""정상적으로 처리되었습니다""}"
2026-06-10,scan_candidate,034730,,0,main_scan,587000,,587000,586000,587000,586000,-0.34071550255536626,0.17035775127768313,,,,,,"{""bid_req_base_tm"": ""094902"", ""sel_10th_pre_req_pre"": ""0"", ""sel_10th_pre_req"": ""138"", ""sel_10th_pre_bid"": ""+597000"", ""sel_9th_pre_req_pre"": ""0"", ""sel_9th_pre_req"": ""232"", ""sel_9th_pre_bid"": ""+596000"", ""sel_8th_pre_req_pre"": ""0"", ""sel_8th_pre_req"": ""65"", ""sel_8th_pre_bid"": ""+595000"", ""sel_7th_pre_req_pre"": ""0"", ""sel_7th_pre_req"": ""230"", ""sel_7th_pre_bid"": ""594000"", ""sel_6th_pre_req_pre"": ""0"", ""sel_6th_pre_req"": ""106"", ""sel_6th_pre_bid"": ""-593000"", ""sel_5th_pre_req_pre"": ""0"", ""sel_5th_pre_req"": ""86"", ""sel_5th_pre_bid"": ""-592000"", ""sel_4th_pre_req_pre"": ""0"", ""sel_4th_pre_req"": ""163"", ""sel_4th_pre_bid"": ""-591000"", ""sel_3th_pre_req_pre"": ""0"", ""sel_3th_pre_req"": ""104"", ""sel_3th_pre_bid"": ""-590000"", ""sel_2th_pre_req_pre"": ""0"", ""sel_2th_pre_req"": ""21"", ""sel_2th_pre_bid"": ""-589000"", ""sel_1th_pre_req_pre"": ""+91"", ""sel_fpr_req"": ""374"", ""sel_fpr_bid"": ""-587000"", ""buy_fpr_bid"": ""-586000"", ""buy_fpr_req"": ""603"", ""buy_1th_pre_req_pre"": ""--100"", ""buy_2th_pre_bid"": ""-585000"", ""buy_2th_pre_req"": ""276"", ""buy_2th_pre_req_pre"": ""+100"", ""buy_3th_pre_bid"": ""-584000"", ""buy_3th_pre_req"": ""34"", ""buy_3th_pre_req_pre"": ""0"", ""buy_4th_pre_bid"": ""-583000"", ""buy_4th_pre_req"": ""17"", ""buy_4th_pre_req_pre"": ""0"", ""buy_5th_pre_bid"": ""-582000"", ""buy_5th_pre_req"": ""42"", ""buy_5th_pre_req_pre"": ""0"", ""buy_6th_pre_bid"": ""-581000"", ""buy_6th_pre_req"": ""8"", ""buy_6th_pre_req_pre"": ""0"", ""buy_7th_pre_bid"": ""-580000"", ""buy_7th_pre_req"": ""44"", ""buy_7th_pre_req_pre"": ""0"", ""buy_8th_pre_bid"": ""-579000"", ""buy_8th_pre_req"": ""13"", ""buy_8th_pre_req_pre"": ""0"", ""buy_9th_pre_bid"": ""-578000"", ""buy_9th_pre_req"": ""112"", ""buy_9th_pre_req_pre"": ""0"", ""buy_10th_pre_bid"": ""-577000"", ""buy_10th_pre_req"": ""17"", ""buy_10th_pre_req_pre"": ""0"", ""tot_sel_req_jub_pre"": ""+91"", ""tot_sel_req"": ""1519"", ""tot_buy_req"": ""1166"", ""tot_buy_req_jub_pre"": ""0"", ""ovt_sel_req_pre"": ""0"", ""ovt_sel_req"": ""0"", ""ovt_buy_req"": ""0"", ""ovt_buy_req_pre"": ""0"", ""return_code"": 0, ""return_msg"": ""정상적으로 처리되었습니다""}"
2026-06-10,scan_candidate,066570,,0,main_scan,232000,,232000,231500,232000,233500,0.43103448275862066,0.21551724137931033,,,,,,"{""bid_req_base_tm"": ""094905"", ""sel_10th_pre_req_pre"": ""0"", ""sel_10th_pre_req"": ""579"", ""sel_10th_pre_bid"": ""-236500"", ""sel_9th_pre_req_pre"": ""0"", ""sel_9th_pre_req"": ""2497"", ""sel_9th_pre_bid"": ""-236000"", ""sel_8th_pre_req_pre"": ""0"", ""sel_8th_pre_req"": ""519"", ""sel_8th_pre_bid"": ""-235500"", ""sel_7th_pre_req_pre"": ""0"", ""sel_7th_pre_req"": ""1719"", ""sel_7th_pre_bid"": ""-235000"", ""sel_6th_pre_req_pre"": ""0"", ""sel_6th_pre_req"": ""537"", ""sel_6th_pre_bid"": ""-234500"", ""sel_5th_pre_req_pre"": ""0"", ""sel_5th_pre_req"": ""456"", ""sel_5th_pre_bid"": ""-234000"", ""sel_4th_pre_req_pre"": ""0"", ""sel_4th_pre_req"": ""1051"", ""sel_4th_pre_bid"": ""-233500"", ""sel_3th_pre_req_pre"": ""0"", ""sel_3th_pre_req"": ""1259"", ""sel_3th_pre_bid"": ""-233000"", ""sel_2th_pre_req_pre"": ""0"", ""sel_2th_pre_req"": ""1596"", ""sel_2th_pre_bid"": ""-232500"", ""sel_1th_pre_req_pre"": ""+9"", ""sel_fpr_req"": ""3786"", ""sel_fpr_bid"": ""-232000"", ""buy_fpr_bid"": ""-231500"", ""buy_fpr_req"": ""2166"", ""buy_1th_pre_req_pre"": ""0"", ""buy_2th_pre_bid"": ""-231000"", ""buy_2th_pre_req"": ""5302"", ""buy_2th_pre_req_pre"": ""0"", ""buy_3th_pre_bid"": ""-230500"", ""buy_3th_pre_req"": ""8625"", ""buy_3th_pre_req_pre"": ""0"", ""buy_4th_pre_bid"": ""-230000"", ""buy_4th_pre_req"": ""31790"", ""buy_4th_pre_req_pre"": ""0"", ""buy_5th_pre_bid"": ""-229500"", ""buy_5th_pre_req"": ""3483"", ""buy_5th_pre_req_pre"": ""0"", ""buy_6th_pre_bid"": ""-229000"", ""buy_6th_pre_req"": ""5543"", ""buy_6th_pre_req_pre"": ""0"", ""buy_7th_pre_bid"": ""-228500"", ""buy_7th_pre_req"": ""5314"", ""buy_7th_pre_req_pre"": ""0"", ""buy_8th_pre_bid"": ""-228000"", ""buy_8th_pre_req"": ""10542"", ""buy_8th_pre_req_pre"": ""0"", ""buy_9th_pre_bid"": ""-227500"", ""buy_9th_pre_req"": ""3211"", ""buy_9th_pre_req_pre"": ""0"", ""buy_10th_pre_bid"": ""-227000"", ""buy_10th_pre_req"": ""6398"", ""buy_10th_pre_req_pre"": ""0"", ""tot_sel_req_jub_pre"": ""+9"", ""tot_sel_req"": ""13999"", ""tot_buy_req"": ""82374"", ""tot_buy_req_jub_pre"": ""0"", ""ovt_sel_req_pre"": ""0"", ""ovt_sel_req"": ""0"", ""ovt_buy_req"": ""0"", ""ovt_buy_req_pre"": ""0"", ""return_code"": 0, ""return_msg"": ""정상적으로 처리되었습니다""}"
2026-06-10,scan_candidate,035420,,0,main_scan,236000,,236000,235500,236000,237500,0.423728813559322,0.211864406779661,,,,,,"{""bid_req_base_tm"": ""094905"", ""sel_10th_pre_req_pre"": ""0"", ""sel_10th_pre_req"": ""838"", ""sel_10th_pre_bid"": ""-240500"", ""sel_9th_pre_req_pre"": ""0"", ""sel_9th_pre_req"": ""2696"", ""sel_9th_pre_bid"": ""-240000"", ""sel_8th_pre_req_pre"": ""0"", ""sel_8th_pre_req"": ""1306"", ""sel_8th_pre_bid"": ""-239500"", ""sel_7th_pre_req_pre"": ""0"", ""sel_7th_pre_req"": ""1338"", ""sel_7th_pre_bid"": ""-239000"", ""sel_6th_pre_req_pre"": ""0"", ""sel_6th_pre_req"": ""1261"", ""sel_6th_pre_bid"": ""-238500"", ""sel_5th_pre_req_pre"": ""0"", ""sel_5th_pre_req"": ""1544"", ""sel_5th_pre_bid"": ""-238000"", ""sel_4th_pre_req_pre"": ""0"", ""sel_4th_pre_req"": ""1746"", ""sel_4th_pre_bid"": ""-237500"", ""sel_3th_pre_req_pre"": ""0"", ""sel_3th_pre_req"": ""1352"", ""sel_3th_pre_bid"": ""-237000"", ""sel_2th_pre_req_pre"": ""0"", ""sel_2th_pre_req"": ""1681"", ""sel_2th_pre_bid"": ""-236500"", ""sel_1th_pre_req_pre"": ""0"", ""sel_fpr_req"": ""4289"", ""sel_fpr_bid"": ""-236000"", ""buy_fpr_bid"": ""-235500"", ""buy_fpr_req"": ""2766"", ""buy_1th_pre_req_pre"": ""0"", ""buy_2th_pre_bid"": ""-235000"", ""buy_2th_pre_req"": ""12748"", ""buy_2th_pre_req_pre"": ""0"", ""buy_3th_pre_bid"": ""-234500"", ""buy_3th_pre_req"": ""53413"", ""buy_3th_pre_req_pre"": ""0"", ""buy_4th_pre_bid"": ""-234000"", ""buy_4th_pre_req"": ""7252"", ""buy_4th_pre_req_pre"": ""+20"", ""buy_5th_pre_bid"": ""-233500"", ""buy_5th_pre_req"": ""5366"", ""buy_5th_pre_req_pre"": ""+1"", ""buy_6th_pre_bid"": ""-233000"", ""buy_6th_pre_req"": ""9581"", ""buy_6th_pre_req_pre"": ""0"", ""buy_7th_pre_bid"": ""-232500"", ""buy_7th_pre_req"": ""5761"", ""buy_7th_pre_req_pre"": ""--1"", ""buy_8th_pre_bid"": ""-232000"", ""buy_8th_pre_req"": ""7714"", ""buy_8th_pre_req_pre"": ""0"", ""buy_9th_pre_bid"": ""-231500"", ""buy_9th_pre_req"": ""6978"", ""buy_9th_pre_req_pre"": ""0"", ""buy_10th_pre_bid"": ""-231000"", ""buy_10th_pre_req"": ""11064"", ""buy_10th_pre_req_pre"": ""+1"", ""tot_sel_req_jub_pre"": ""0"", ""tot_sel_req"": ""18051"", ""tot_buy_req"": ""122643"", ""tot_buy_req_jub_pre"": ""+21"", ""ovt_sel_req_pre"": ""0"", ""ovt_sel_req"": ""0"", ""ovt_buy_req"": ""0"", ""ovt_buy_req_pre"": ""0"", ""return_code"": 0, ""return_msg"": ""정상적으로 처리되었습니다""}"
2026-06-10,scan_candidate,086790,,0,main_scan,118100,,118100,118000,118100,117500,-0.9314140558848433,0.0846740050804403,,,,,,"{""bid_req_base_tm"": ""094905"", ""sel_10th_pre_req_pre"": ""0"", ""sel_10th_pre_req"": ""739"", ""sel_10th_pre_bid"": ""119000"", ""sel_9th_pre_req_pre"": ""0"", ""sel_9th_pre_req"": ""16"", ""sel_9th_pre_bid"": ""-118900"", ""sel_8th_pre_req_pre"": ""0"", ""sel_8th_pre_req"": ""1110"", ""sel_8th_pre_bid"": ""-118800"", ""sel_7th_pre_req_pre"": ""0"", ""sel_7th_pre_req"": ""65"", ""sel_7th_pre_bid"": ""-118700"", ""sel_6th_pre_req_pre"": ""0"", ""sel_6th_pre_req"": ""159"", ""sel_6th_pre_bid"": ""-118600"", ""sel_5th_pre_req_pre"": ""0"", ""sel_5th_pre_req"": ""1041"", ""sel_5th_pre_bid"": ""-118500"", ""sel_4th_pre_req_pre"": ""0"", ""sel_4th_pre_req"": ""388"", ""sel_4th_pre_bid"": ""-118400"", ""sel_3th_pre_req_pre"": ""0"", ""sel_3th_pre_req"": ""53"", ""sel_3th_pre_bid"": ""-118300"", ""sel_2th_pre_req_pre"": ""0"", ""sel_2th_pre_req"": ""5"", ""sel_2th_pre_bid"": ""-118200"", ""sel_1th_pre_req_pre"": ""+14"", ""sel_fpr_req"": ""450"", ""sel_fpr_bid"": ""-118100"", ""buy_fpr_bid"": ""-118000"", ""buy_fpr_req"": ""566"", ""buy_1th_pre_req_pre"": ""0"", ""buy_2th_pre_bid"": ""-117900"", ""buy_2th_pre_req"": ""382"", ""buy_2th_pre_req_pre"": ""0"", ""buy_3th_pre_bid"": ""-117800"", ""buy_3th_pre_req"": ""291"", ""buy_3th_pre_req_pre"": ""0"", ""buy_4th_pre_bid"": ""-117700"", ""buy_4th_pre_req"": ""630"", ""buy_4th_pre_req_pre"": ""0"", ""buy_5th_pre_bid"": ""-117600"", ""buy_5th_pre_req"": ""93"", ""buy_5th_pre_req_pre"": ""0"", ""buy_6th_pre_bid"": ""-117500"", ""buy_6th_pre_req"": ""690"", ""buy_6th_pre_req_pre"": ""0"", ""buy_7th_pre_bid"": ""-117400"", ""buy_7th_pre_req"": ""86"", ""buy_7th_pre_req_pre"": ""0"", ""buy_8th_pre_bid"": ""-117300"", ""buy_8th_pre_req"": ""125"", ""buy_8th_pre_req_pre"": ""0"", ""buy_9th_pre_bid"": ""-117200"", ""buy_9th_pre_req"": ""174"", ""buy_9th_pre_req_pre"": ""0"", ""buy_10th_pre_bid"": ""-117100"", ""buy_10th_pre_req"": ""129"", ""buy_10th_pre_req_pre"": ""0"", ""tot_sel_req_jub_pre"": ""+14"", ""tot_sel_req"": ""4026"", ""tot_buy_req"": ""3166"", ""tot_buy_req_jub_pre"": ""0"", ""ovt_sel_req_pre"": ""0"", ""ovt_sel_req"": ""0"", ""ovt_buy_req"": ""0"", ""ovt_buy_req_pre"": ""0"", ""return_code"": 0, ""return_msg"": ""정상적으로 처리되었습니다""}"
2026-06-10,scan_candidate,000810,,0,main_scan,611000,,611000,609000,611000,613000,0.16366612111292964,0.32733224222585927,,,,,,"{""bid_req_base_tm"": ""094905"", ""sel_10th_pre_req_pre"": ""0"", ""sel_10th_pre_req"": ""19"", ""sel_10th_pre_bid"": ""-620000"", ""sel_9th_pre_req_pre"": ""0"", ""sel_9th_pre_req"": ""7"", ""sel_9th_pre_bid"": ""-619000"", ""sel_8th_pre_req_pre"": ""0"", ""sel_8th_pre_req"": ""31"", ""sel_8th_pre_bid"": ""-618000"", ""sel_7th_pre_req_pre"": ""0"", ""sel_7th_pre_req"": ""5"", ""sel_7th_pre_bid"": ""-617000"", ""sel_6th_pre_req_pre"": ""0"", ""sel_6th_pre_req"": ""98"", ""sel_6th_pre_bid"": ""-616000"", ""sel_5th_pre_req_pre"": ""0"", ""sel_5th_pre_req"": ""41"", ""sel_5th_pre_bid"": ""-615000"", ""sel_4th_pre_req_pre"": ""0"", ""sel_4th_pre_req"": ""14"", ""sel_4th_pre_bid"": ""-614000"", ""sel_3th_pre_req_pre"": ""0"", ""sel_3th_pre_req"": ""24"", ""sel_3th_pre_bid"": ""-613000"", ""sel_2th_pre_req_pre"": ""0"", ""sel_2th_pre_req"": ""17"", ""sel_2th_pre_bid"": ""-612000"", ""sel_1th_pre_req_pre"": ""+1"", ""sel_fpr_req"": ""64"", ""sel_fpr_bid"": ""-611000"", ""buy_fpr_bid"": ""-609000"", ""buy_fpr_req"": ""268"", ""buy_1th_pre_req_pre"": ""0"", ""buy_2th_pre_bid"": ""-608000"", ""buy_2th_pre_req"": ""18"", ""buy_2th_pre_req_pre"": ""0"", ""buy_3th_pre_bid"": ""-607000"", ""buy_3th_pre_req"": ""30"", ""buy_3th_pre_req_pre"": ""0"", ""buy_4th_pre_bid"": ""-606000"", ""buy_4th_pre_req"": ""15"", ""buy_4th_pre_req_pre"": ""0"", ""buy_5th_pre_bid"": ""-605000"", ""buy_5th_pre_req"": ""62"", ""buy_5th_pre_req_pre"": ""0"", ""buy_6th_pre_bid"": ""-604000"", ""buy_6th_pre_req"": ""27"", ""buy_6th_pre_req_pre"": ""0"", ""buy_7th_pre_bid"": ""-603000"", ""buy_7th_pre_req"": ""58"", ""buy_7th_pre_req_pre"": ""0"", ""buy_8th_pre_bid"": ""-602000"", ""buy_8th_pre_req"": ""16"", ""buy_8th_pre_req_pre"": ""0"", ""buy_9th_pre_bid"": ""-601000"", ""buy_9th_pre_req"": ""58"", ""buy_9th_pre_req_pre"": ""0"", ""buy_10th_pre_bid"": ""-600000"", ""buy_10th_pre_req"": ""388"", ""buy_10th_pre_req_pre"": ""0"", ""tot_sel_req_jub_pre"": ""+1"", ""tot_sel_req"": ""320"", ""tot_buy_req"": ""940"", ""tot_buy_req_jub_pre"": ""0"", ""ovt_sel_req_pre"": ""0"", ""ovt_sel_req"": ""0"", ""ovt_buy_req"": ""0"", ""ovt_buy_req_pre"": ""0"", ""return_code"": 0, ""return_msg"": ""정상적으로 처리되었습니다""}"
2026-06-10,scan_candidate,011070,,0,main_scan,1073000,,1073000,1071000,1073000,1074000,0.0,0.1863932898415657,,,,,,"{""bid_req_base_tm"": ""094905"", ""sel_10th_pre_req_pre"": ""0"", ""sel_10th_pre_req"": ""30"", ""sel_10th_pre_bid"": ""-1082000"", ""sel_9th_pre_req_pre"": ""0"", ""sel_9th_pre_req"": ""76"", ""sel_9th_pre_bid"": ""-1081000"", ""sel_8th_pre_req_pre"": ""0"", ""sel_8th_pre_req"": ""3"", ""sel_8th_pre_bid"": ""-1080000"", ""sel_7th_pre_req_pre"": ""0"", ""sel_7th_pre_req"": ""23"", ""sel_7th_pre_bid"": ""-1079000"", ""sel_6th_pre_req_pre"": ""0"", ""sel_6th_pre_req"": ""6"", ""sel_6th_pre_bid"": ""-1078000"", ""sel_5th_pre_req_pre"": ""0"", ""sel_5th_pre_req"": ""8"", ""sel_5th_pre_bid"": ""-1077000"", ""sel_4th_pre_req_pre"": ""0"", ""sel_4th_pre_req"": ""5"", ""sel_4th_pre_bid"": ""-1076000"", ""sel_3th_pre_req_pre"": ""0"", ""sel_3th_pre_req"": ""85"", ""sel_3th_pre_bid"": ""-1075000"", ""sel_2th_pre_req_pre"": ""0"", ""sel_2th_pre_req"": ""21"", ""sel_2th_pre_bid"": ""-1074000"", ""sel_1th_pre_req_pre"": ""0"", ""sel_fpr_req"": ""60"", ""sel_fpr_bid"": ""-1073000"", ""buy_fpr_bid"": ""-1071000"", ""buy_fpr_req"": ""63"", ""buy_1th_pre_req_pre"": ""0"", ""buy_2th_pre_bid"": ""-1070000"", ""buy_2th_pre_req"": ""177"", ""buy_2th_pre_req_pre"": ""0"", ""buy_3th_pre_bid"": ""-1069000"", ""buy_3th_pre_req"": ""14"", ""buy_3th_pre_req_pre"": ""0"", ""buy_4th_pre_bid"": ""-1068000"", ""buy_4th_pre_req"": ""26"", ""buy_4th_pre_req_pre"": ""0"", ""buy_5th_pre_bid"": ""-1067000"", ""buy_5th_pre_req"": ""79"", ""buy_5th_pre_req_pre"": ""+40"", ""buy_6th_pre_bid"": ""-1066000"", ""buy_6th_pre_req"": ""187"", ""buy_6th_pre_req_pre"": ""0"", ""buy_7th_pre_bid"": ""-1065000"", ""buy_7th_pre_req"": ""294"", ""buy_7th_pre_req_pre"": ""0"", ""buy_8th_pre_bid"": ""-1064000"", ""buy_8th_pre_req"": ""60"", ""buy_8th_pre_req_pre"": ""0"", ""buy_9th_pre_bid"": ""-1063000"", ""buy_9th_pre_req"": ""66"", ""buy_9th_pre_req_pre"": ""0"", ""buy_10th_pre_bid"": ""-1062000"", ""buy_10th_pre_req"": ""174"", ""buy_10th_pre_req_pre"": ""0"", ""tot_sel_req_jub_pre"": ""0"", ""tot_sel_req"": ""317"", ""tot_buy_req"": ""1140"", ""tot_buy_req_jub_pre"": ""+40"", ""ovt_sel_req_pre"": ""0"", ""ovt_sel_req"": ""0"", ""ovt_buy_req"": ""0"", ""ovt_buy_req_pre"": ""0"", ""return_code"": 0, ""return_msg"": ""정상적으로 처리되었습니다""}"
2026-06-10,scan_candidate,042700,,0,main_scan,286500,,286500,286000,286500,287500,0.17452006980802792,0.17452006980802792,,,,,,"{""bid_req_base_tm"": ""094906"", ""sel_10th_pre_req_pre"": ""0"", ""sel_10th_pre_req"": ""359"", ""sel_10th_pre_bid"": ""+291000"", ""sel_9th_pre_req_pre"": ""0"", ""sel_9th_pre_req"": ""120"", ""sel_9th_pre_bid"": ""+290500"", ""sel_8th_pre_req_pre"": ""0"", ""sel_8th_pre_req"": ""452"", ""sel_8th_pre_bid"": ""+290000"", ""sel_7th_pre_req_pre"": ""0"", ""sel_7th_pre_req"": ""315"", ""sel_7th_pre_bid"": ""+289500"", ""sel_6th_pre_req_pre"": ""0"", ""sel_6th_pre_req"": ""107"", ""sel_6th_pre_bid"": ""+289000"", ""sel_5th_pre_req_pre"": ""0"", ""sel_5th_pre_req"": ""24"", ""sel_5th_pre_bid"": ""+288500"", ""sel_4th_pre_req_pre"": ""0"", ""sel_4th_pre_req"": ""71"", ""sel_4th_pre_bid"": ""+288000"", ""sel_3th_pre_req_pre"": ""0"", ""sel_3th_pre_req"": ""1159"", ""sel_3th_pre_bid"": ""+287500"", ""sel_2th_pre_req_pre"": ""0"", ""sel_2th_pre_req"": ""260"", ""sel_2th_pre_bid"": ""+287000"", ""sel_1th_pre_req_pre"": ""0"", ""sel_fpr_req"": ""15"", ""sel_fpr_bid"": ""+286500"", ""buy_fpr_bid"": ""+286000"", ""buy_fpr_req"": ""26"", ""buy_1th_pre_req_pre"": ""0"", ""buy_2th_pre_bid"": ""+285500"", ""buy_2th_pre_req"": ""136"", ""buy_2th_pre_req_pre"": ""0"", ""buy_3th_pre_bid"": ""+285000"", ""buy_3th_pre_req"": ""544"", ""buy_3th_pre_req_pre"": ""0"", ""buy_4th_pre_bid"": ""+284500"", ""buy_4th_pre_req"": ""432"", ""buy_4th_pre_req_pre"": ""+1"", ""buy_5th_pre_bid"": ""+284000"", ""buy_5th_pre_req"": ""2575"", ""buy_5th_pre_req_pre"": ""0"", ""buy_6th_pre_bid"": ""+283500"", ""buy_6th_pre_req"": ""209"", ""buy_6th_pre_req_pre"": ""0"", ""buy_7th_pre_bid"": ""+283000"", ""buy_7th_pre_req"": ""263"", ""buy_7th_pre_req_pre"": ""0"", ""buy_8th_pre_bid"": ""+282500"", ""buy_8th_pre_req"": ""250"", ""buy_8th_pre_req_pre"": ""0"", ""buy_9th_pre_bid"": ""+282000"", ""buy_9th_pre_req"": ""279"", ""buy_9th_pre_req_pre"": ""0"", ""buy_10th_pre_bid"": ""+281500"", ""buy_10th_pre_req"": ""554"", ""buy_10th_pre_req_pre"": ""0"", ""tot_sel_req_jub_pre"": ""0"", ""tot_sel_req"": ""2882"", ""tot_buy_req"": ""5268"", ""tot_buy_req_jub_pre"": ""+1"", ""ovt_sel_req_pre"": ""0"", ""ovt_sel_req"": ""0"", ""ovt_buy_req"": ""0"", ""ovt_buy_req_pre"": ""0"", ""return_code"": 0, ""return_msg"": ""정상적으로 처리되었습니다""}"
2026-06-10,scan_candidate,017670,,0,main_scan,106800,,106800,106700,106800,107000,-0.2808988764044944,0.09363295880149813,,,,,,"{""bid_req_base_tm"": ""094906"", ""sel_10th_pre_req_pre"": ""0"", ""sel_10th_pre_req"": ""300"", ""sel_10th_pre_bid"": ""-107700"", ""sel_9th_pre_req_pre"": ""0"", ""sel_9th_pre_req"": ""131"", ""sel_9th_pre_bid"": ""-107600"", ""sel_8th_pre_req_pre"": ""0"", ""sel_8th_pre_req"": ""405"", ""sel_8th_pre_bid"": ""-107500"", ""sel_7th_pre_req_pre"": ""0"", ""sel_7th_pre_req"": ""221"", ""sel_7th_pre_bid"": ""-107400"", ""sel_6th_pre_req_pre"": ""0"", ""sel_6th_pre_req"": ""126"", ""sel_6th_pre_bid"": ""-107300"", ""sel_5th_pre_req_pre"": ""0"", ""sel_5th_pre_req"": ""36"", ""sel_5th_pre_bid"": ""-107200"", ""sel_4th_pre_req_pre"": ""0"", ""sel_4th_pre_req"": ""305"", ""sel_4th_pre_bid"": ""-107100"", ""sel_3th_pre_req_pre"": ""0"", ""sel_3th_pre_req"": ""164"", ""sel_3th_pre_bid"": ""-107000"", ""sel_2th_pre_req_pre"": ""0"", ""sel_2th_pre_req"": ""393"", ""sel_2th_pre_bid"": ""-106900"", ""sel_1th_pre_req_pre"": ""0"", ""sel_fpr_req"": ""481"", ""sel_fpr_bid"": ""-106800"", ""buy_fpr_bid"": ""-106700"", ""buy_fpr_req"": ""302"", ""buy_1th_pre_req_pre"": ""0"", ""buy_2th_pre_bid"": ""-106600"", ""buy_2th_pre_req"": ""522"", ""buy_2th_pre_req_pre"": ""0"", ""buy_3th_pre_bid"": ""-106500"", ""buy_3th_pre_req"": ""1230"", ""buy_3th_pre_req_pre"": ""0"", ""buy_4th_pre_bid"": ""-106400"", ""buy_4th_pre_req"": ""1094"", ""buy_4th_pre_req_pre"": ""0"", ""buy_5th_pre_bid"": ""-106300"", ""buy_5th_pre_req"": ""800"", ""buy_5th_pre_req_pre"": ""0"", ""buy_6th_pre_bid"": ""-106200"", ""buy_6th_pre_req"": ""485"", ""buy_6th_pre_req_pre"": ""0"", ""buy_7th_pre_bid"": ""-106100"", ""buy_7th_pre_req"": ""848"", ""buy_7th_pre_req_pre"": ""0"", ""buy_8th_pre_bid"": ""-106000"", ""buy_8th_pre_req"": ""2546"", ""buy_8th_pre_req_pre"": ""0"", ""buy_9th_pre_bid"": ""-105900"", ""buy_9th_pre_req"": ""382"", ""buy_9th_pre_req_pre"": ""+1"", ""buy_10th_pre_bid"": ""-105800"", ""buy_10th_pre_req"": ""417"", ""buy_10th_pre_req_pre"": ""0"", ""tot_sel_req_jub_pre"": ""0"", ""tot_sel_req"": ""2562"", ""tot_buy_req"": ""8626"", ""tot_buy_req_jub_pre"": ""+1"", ""ovt_sel_req_pre"": ""0"", ""ovt_sel_req"": ""0"", ""ovt_buy_req"": ""0"", ""ovt_buy_req_pre"": ""0"", ""return_code"": 0, ""return_msg"": ""정상적으로 처리되었습니다""}"
2026-06-10,scan_candidate,018260,,0,main_scan,233500,,233500,233000,233500,235000,0.4282655246252677,0.21413276231263384,,,,,,"{""bid_req_base_tm"": ""094906"", ""sel_10th_pre_req_pre"": ""0"", ""sel_10th_pre_req"": ""128"", ""sel_10th_pre_bid"": ""-238000"", ""sel_9th_pre_req_pre"": ""0"", ""sel_9th_pre_req"": ""236"", ""sel_9th_pre_bid"": ""-237500"", ""sel_8th_pre_req_pre"": ""0"", ""sel_8th_pre_req"": ""88"", ""sel_8th_pre_bid"": ""-237000"", ""sel_7th_pre_req_pre"": ""0"", ""sel_7th_pre_req"": ""41"", ""sel_7th_pre_bid"": ""-236500"", ""sel_6th_pre_req_pre"": ""0"", ""sel_6th_pre_req"": ""69"", ""sel_6th_pre_bid"": ""-236000"", ""sel_5th_pre_req_pre"": ""0"", ""sel_5th_pre_req"": ""18"", ""sel_5th_pre_bid"": ""-235500"", ""sel_4th_pre_req_pre"": ""0"", ""sel_4th_pre_req"": ""17"", ""sel_4th_pre_bid"": ""-235000"", ""sel_3th_pre_req_pre"": ""0"", ""sel_3th_pre_req"": ""216"", ""sel_3th_pre_bid"": ""-234500"", ""sel_2th_pre_req_pre"": ""0"", ""sel_2th_pre_req"": ""121"", ""sel_2th_pre_bid"": ""-234000"", ""sel_1th_pre_req_pre"": ""0"", ""sel_fpr_req"": ""38"", ""sel_fpr_bid"": ""-233500"", ""buy_fpr_bid"": ""-233000"", ""buy_fpr_req"": ""423"", ""buy_1th_pre_req_pre"": ""0"", ""buy_2th_pre_bid"": ""-232500"", ""buy_2th_pre_req"": ""206"", ""buy_2th_pre_req_pre"": ""0"", ""buy_3th_pre_bid"": ""-232000"", ""buy_3th_pre_req"": ""565"", ""buy_3th_pre_req_pre"": ""0"", ""buy_4th_pre_bid"": ""-231500"", ""buy_4th_pre_req"": ""1417"", ""buy_4th_pre_req_pre"": ""0"", ""buy_5th_pre_bid"": ""-231000"", ""buy_5th_pre_req"": ""1810"", ""buy_5th_pre_req_pre"": ""0"", ""buy_6th_pre_bid"": ""-230500"", ""buy_6th_pre_req"": ""1229"", ""buy_6th_pre_req_pre"": ""0"", ""buy_7th_pre_bid"": ""-230000"", ""buy_7th_pre_req"": ""3047"", ""buy_7th_pre_req_pre"": ""0"", ""buy_8th_pre_bid"": ""-229500"", ""buy_8th_pre_req"": ""465"", ""buy_8th_pre_req_pre"": ""0"", ""buy_9th_pre_bid"": ""-229000"", ""buy_9th_pre_req"": ""1125"", ""buy_9th_pre_req_pre"": ""+1"", ""buy_10th_pre_bid"": ""-228500"", ""buy_10th_pre_req"": ""416"", ""buy_10th_pre_req_pre"": ""0"", ""tot_sel_req_jub_pre"": ""0"", ""tot_sel_req"": ""972"", ""tot_buy_req"": ""10703"", ""tot_buy_req_jub_pre"": ""+1"", ""ovt_sel_req_pre"": ""0"", ""ovt_sel_req"": ""0"", ""ovt_buy_req"": ""0"", ""ovt_buy_req_pre"": ""0"", ""return_code"": 0, ""return_msg"": ""정상적으로 처리되었습니다""}"
2026-06-10,scan_candidate,033780,,0,main_scan,185300,,185300,185200,185300,184500,-0.7015650296815974,0.053966540744738264,,,,,,"{""bid_req_base_tm"": ""094906"", ""sel_10th_pre_req_pre"": ""0"", ""sel_10th_pre_req"": ""21"", ""sel_10th_pre_bid"": ""+186200"", ""sel_9th_pre_req_pre"": ""0"", ""sel_9th_pre_req"": ""151"", ""sel_9th_pre_bid"": ""+186100"", ""sel_8th_pre_req_pre"": ""0"", ""sel_8th_pre_req"": ""818"", ""sel_8th_pre_bid"": ""+186000"", ""sel_7th_pre_req_pre"": ""0"", ""sel_7th_pre_req"": ""451"", ""sel_7th_pre_bid"": ""+185900"", ""sel_6th_pre_req_pre"": ""0"", ""sel_6th_pre_req"": ""186"", ""sel_6th_pre_bid"": ""+185800"", ""sel_5th_pre_req_pre"": ""0"", ""sel_5th_pre_req"": ""211"", ""sel_5th_pre_bid"": ""+185700"", ""sel_4th_pre_req_pre"": ""0"", ""sel_4th_pre_req"": ""340"", ""sel_4th_pre_bid"": ""+185600"", ""sel_3th_pre_req_pre"": ""0"", ""sel_3th_pre_req"": ""675"", ""sel_3th_pre_bid"": ""+185500"", ""sel_2th_pre_req_pre"": ""0"", ""sel_2th_pre_req"": ""683"", ""sel_2th_pre_bid"": ""+185400"", ""sel_1th_pre_req_pre"": ""+8"", ""sel_fpr_req"": ""599"", ""sel_fpr_bid"": ""+185300"", ""buy_fpr_bid"": ""+185200"", ""buy_fpr_req"": ""811"", ""buy_1th_pre_req_pre"": ""0"", ""buy_2th_pre_bid"": ""+185100"", ""buy_2th_pre_req"": ""78"", ""buy_2th_pre_req_pre"": ""0"", ""buy_3th_pre_bid"": ""+185000"", ""buy_3th_pre_req"": ""36"", ""buy_3th_pre_req_pre"": ""0"", ""buy_4th_pre_bid"": ""+184900"", ""buy_4th_pre_req"": ""3"", ""buy_4th_pre_req_pre"": ""0"", ""buy_5th_pre_bid"": ""+184800"", ""buy_5th_pre_req"": ""117"", ""buy_5th_pre_req_pre"": ""0"", ""buy_6th_pre_bid"": ""+184700"", ""buy_6th_pre_req"": ""90"", ""buy_6th_pre_req_pre"": ""0"", ""buy_7th_pre_bid"": ""+184600"", ""buy_7th_pre_req"": ""10"", ""buy_7th_pre_req_pre"": ""0"", ""buy_8th_pre_bid"": ""+184500"", ""buy_8th_pre_req"": ""167"", ""buy_8th_pre_req_pre"": ""0"", ""buy_9th_pre_bid"": ""+184400"", ""buy_9th_pre_req"": ""78"", ""buy_9th_pre_req_pre"": ""0"", ""buy_10th_pre_bid"": ""184300"", ""buy_10th_pre_req"": ""406"", ""buy_10th_pre_req_pre"": ""0"", ""tot_sel_req_jub_pre"": ""+8"", ""tot_sel_req"": ""4135"", ""tot_buy_req"": ""1796"", ""tot_buy_req_jub_pre"": ""0"", ""ovt_sel_req_pre"": ""0"", ""ovt_sel_req"": ""0"", ""ovt_buy_req"": ""0"", ""ovt_buy_req_pre"": ""0"", ""return_code"": 0, ""return_msg"": ""정상적으로 처리되었습니다""}"
2026-06-10,scan_candidate,307950,,0,main_scan,702000,,702000,701000,702000,704000,0.14245014245014245,0.14245014245014245,,,,,,"{""bid_req_base_tm"": ""094907"", ""sel_10th_pre_req_pre"": ""0"", ""sel_10th_pre_req"": ""16"", ""sel_10th_pre_bid"": ""+711000"", ""sel_9th_pre_req_pre"": ""0"", ""sel_9th_pre_req"": ""54"", ""sel_9th_pre_bid"": ""+710000"", ""sel_8th_pre_req_pre"": ""0"", ""sel_8th_pre_req"": ""37"", ""sel_8th_pre_bid"": ""+709000"", ""sel_7th_pre_req_pre"": ""0"", ""sel_7th_pre_req"": ""109"", ""sel_7th_pre_bid"": ""+708000"", ""sel_6th_pre_req_pre"": ""0"", ""sel_6th_pre_req"": ""31"", ""sel_6th_pre_bid"": ""+707000"", ""sel_5th_pre_req_pre"": ""0"", ""sel_5th_pre_req"": ""15"", ""sel_5th_pre_bid"": ""+706000"", ""sel_4th_pre_req_pre"": ""0"", ""sel_4th_pre_req"": ""41"", ""sel_4th_pre_bid"": ""+705000"", ""sel_3th_pre_req_pre"": ""0"", ""sel_3th_pre_req"": ""9"", ""sel_3th_pre_bid"": ""+704000"", ""sel_2th_pre_req_pre"": ""0"", ""sel_2th_pre_req"": ""16"", ""sel_2th_pre_bid"": ""+703000"", ""sel_1th_pre_req_pre"": ""0"", ""sel_fpr_req"": ""64"", ""sel_fpr_bid"": ""+702000"", ""buy_fpr_bid"": ""+701000"", ""buy_fpr_req"": ""10"", ""buy_1th_pre_req_pre"": ""+1"", ""buy_2th_pre_bid"": ""+700000"", ""buy_2th_pre_req"": ""85"", ""buy_2th_pre_req_pre"": ""0"", ""buy_3th_pre_bid"": ""+699000"", ""buy_3th_pre_req"": ""97"", ""buy_3th_pre_req_pre"": ""0"", ""buy_4th_pre_bid"": ""+698000"", ""buy_4th_pre_req"": ""106"", ""buy_4th_pre_req_pre"": ""0"", ""buy_5th_pre_bid"": ""+697000"", ""buy_5th_pre_req"": ""186"", ""buy_5th_pre_req_pre"": ""0"", ""buy_6th_pre_bid"": ""+696000"", ""buy_6th_pre_req"": ""219"", ""buy_6th_pre_req_pre"": ""0"", ""buy_7th_pre_bid"": ""+695000"", ""buy_7th_pre_req"": ""210"", ""buy_7th_pre_req_pre"": ""0"", ""buy_8th_pre_bid"": ""+694000"", ""buy_8th_pre_req"": ""118"", ""buy_8th_pre_req_pre"": ""0"", ""buy_9th_pre_bid"": ""+693000"", ""buy_9th_pre_req"": ""51"", ""buy_9th_pre_req_pre"": ""0"", ""buy_10th_pre_bid"": ""+692000"", ""buy_10th_pre_req"": ""84"", ""buy_10th_pre_req_pre"": ""0"", ""tot_sel_req_jub_pre"": ""0"", ""tot_sel_req"": ""392"", ""tot_buy_req"": ""1166"", ""tot_buy_req_jub_pre"": ""+1"", ""ovt_sel_req_pre"": ""0"", ""ovt_sel_req"": ""0"", ""ovt_buy_req"": ""0"", ""ovt_buy_req_pre"": ""0"", ""return_code"": 0, ""return_msg"": ""정상적으로 처리되었습니다""}"
2026-06-10,scan_candidate,138040,,0,main_scan,108500,,108500,108400,108500,108500,-0.4608294930875576,0.09216589861751152,,,,,,"{""bid_req_base_tm"": ""094907"", ""sel_10th_pre_req_pre"": ""0"", ""sel_10th_pre_req"": ""105"", ""sel_10th_pre_bid"": ""+109500"", ""sel_9th_pre_req_pre"": ""0"", ""sel_9th_pre_req"": ""26"", ""sel_9th_pre_bid"": ""+109400"", ""sel_8th_pre_req_pre"": ""0"", ""sel_8th_pre_req"": ""201"", ""sel_8th_pre_bid"": ""+109300"", ""sel_7th_pre_req_pre"": ""0"", ""sel_7th_pre_req"": ""22"", ""sel_7th_pre_bid"": ""+109200"", ""sel_6th_pre_req_pre"": ""0"", ""sel_6th_pre_req"": ""26"", ""sel_6th_pre_bid"": ""109100"", ""sel_5th_pre_req_pre"": ""0"", ""sel_5th_pre_req"": ""616"", ""sel_5th_pre_bid"": ""-109000"", ""sel_4th_pre_req_pre"": ""0"", ""sel_4th_pre_req"": ""32"", ""sel_4th_pre_bid"": ""-108900"", ""sel_3th_pre_req_pre"": ""0"", ""sel_3th_pre_req"": ""600"", ""sel_3th_pre_bid"": ""-108700"", ""sel_2th_pre_req_pre"": ""0"", ""sel_2th_pre_req"": ""1"", ""sel_2th_pre_bid"": ""-108600"", ""sel_1th_pre_req_pre"": ""+1"", ""sel_fpr_req"": ""893"", ""sel_fpr_bid"": ""-108500"", ""buy_fpr_bid"": ""-108400"", ""buy_fpr_req"": ""771"", ""buy_1th_pre_req_pre"": ""0"", ""buy_2th_pre_bid"": ""-108300"", ""buy_2th_pre_req"": ""22"", ""buy_2th_pre_req_pre"": ""0"", ""buy_3th_pre_bid"": ""-108200"", ""buy_3th_pre_req"": ""280"", ""buy_3th_pre_req_pre"": ""0"", ""buy_4th_pre_bid"": ""-108000"", ""buy_4th_pre_req"": ""66"", ""buy_4th_pre_req_pre"": ""0"", ""buy_5th_pre_bid"": ""-107900"", ""buy_5th_pre_req"": ""684"", ""buy_5th_pre_req_pre"": ""0"", ""buy_6th_pre_bid"": ""-107800"", ""buy_6th_pre_req"": ""604"", ""buy_6th_pre_req_pre"": ""0"", ""buy_7th_pre_bid"": ""-107700"", ""buy_7th_pre_req"": ""133"", ""buy_7th_pre_req_pre"": ""0"", ""buy_8th_pre_bid"": ""-107600"", ""buy_8th_pre_req"": ""34"", ""buy_8th_pre_req_pre"": ""0"", ""buy_9th_pre_bid"": ""-107500"", ""buy_9th_pre_req"": ""754"", ""buy_9th_pre_req_pre"": ""0"", ""buy_10th_pre_bid"": ""-107400"", ""buy_10th_pre_req"": ""325"", ""buy_10th_pre_req_pre"": ""0"", ""tot_sel_req_jub_pre"": ""+1"", ""tot_sel_req"": ""2522"", ""tot_buy_req"": ""3673"", ""tot_buy_req_jub_pre"": ""0"", ""ovt_sel_req_pre"": ""0"", ""ovt_sel_req"": ""0"", ""ovt_buy_req"": ""0"", ""ovt_buy_req_pre"": ""0"", ""return_code"": 0, ""return_msg"": ""정상적으로 처리되었습니다""}"
2026-06-10,scan_candidate,003550,,0,main_scan,108700,,108700,108600,108700,108500,-0.6439742410303588,0.09199632014719411,,,,,,"{""bid_req_base_tm"": ""094906"", ""sel_10th_pre_req_pre"": ""0"", ""sel_10th_pre_req"": ""1"", ""sel_10th_pre_bid"": ""-109700"", ""sel_9th_pre_req_pre"": ""0"", ""sel_9th_pre_req"": ""593"", ""sel_9th_pre_bid"": ""-109600"", ""sel_8th_pre_req_pre"": ""0"", ""sel_8th_pre_req"": ""105"", ""sel_8th_pre_bid"": ""-109500"", ""sel_7th_pre_req_pre"": ""0"", ""sel_7th_pre_req"": ""81"", ""sel_7th_pre_bid"": ""-109400"", ""sel_6th_pre_req_pre"": ""0"", ""sel_6th_pre_req"": ""326"", ""sel_6th_pre_bid"": ""-109300"", ""sel_5th_pre_req_pre"": ""0"", ""sel_5th_pre_req"": ""62"", ""sel_5th_pre_bid"": ""-109100"", ""sel_4th_pre_req_pre"": ""0"", ""sel_4th_pre_req"": ""13"", ""sel_4th_pre_bid"": ""-109000"", ""sel_3th_pre_req_pre"": ""0"", ""sel_3th_pre_req"": ""50"", ""sel_3th_pre_bid"": ""-108900"", ""sel_2th_pre_req_pre"": ""0"", ""sel_2th_pre_req"": ""47"", ""sel_2th_pre_bid"": ""-108800"", ""sel_1th_pre_req_pre"": ""0"", ""sel_fpr_req"": ""321"", ""sel_fpr_bid"": ""-108700"", ""buy_fpr_bid"": ""-108600"", ""buy_fpr_req"": ""200"", ""buy_1th_pre_req_pre"": ""0"", ""buy_2th_pre_bid"": ""-108500"", ""buy_2th_pre_req"": ""190"", ""buy_2th_pre_req_pre"": ""0"", ""buy_3th_pre_bid"": ""-108400"", ""buy_3th_pre_req"": ""61"", ""buy_3th_pre_req_pre"": ""0"", ""buy_4th_pre_bid"": ""-108300"", ""buy_4th_pre_req"": ""23"", ""buy_4th_pre_req_pre"": ""0"", ""buy_5th_pre_bid"": ""-108200"", ""buy_5th_pre_req"": ""139"", ""buy_5th_pre_req_pre"": ""0"", ""buy_6th_pre_bid"": ""-108100"", ""buy_6th_pre_req"": ""209"", ""buy_6th_pre_req_pre"": ""0"", ""buy_7th_pre_bid"": ""-108000"", ""buy_7th_pre_req"": ""162"", ""buy_7th_pre_req_pre"": ""0"", ""buy_8th_pre_bid"": ""-107900"", ""buy_8th_pre_req"": ""145"", ""buy_8th_pre_req_pre"": ""0"", ""buy_9th_pre_bid"": ""-107800"", ""buy_9th_pre_req"": ""14"", ""buy_9th_pre_req_pre"": ""0"", ""buy_10th_pre_bid"": ""-107700"", ""buy_10th_pre_req"": ""28"", ""buy_10th_pre_req_pre"": ""0"", ""tot_sel_req_jub_pre"": ""0"", ""tot_sel_req"": ""1599"", ""tot_buy_req"": ""1171"", ""tot_buy_req_jub_pre"": ""0"", ""ovt_sel_req_pre"": ""0"", ""ovt_sel_req"": ""0"", ""ovt_buy_req"": ""0"", ""ovt_buy_req_pre"": ""0"", ""return_code"": 0, ""return_msg"": ""정상적으로 처리되었습니다""}"
2026-06-10,scan_candidate,024110,,0,main_scan,20900,,20900,20850,20900,20700,-1.1961722488038278,0.23923444976076555,,,,,,"{""bid_req_base_tm"": ""094906"", ""sel_10th_pre_req_pre"": ""0"", ""sel_10th_pre_req"": ""2823"", ""sel_10th_pre_bid"": ""+21350"", ""sel_9th_pre_req_pre"": ""0"", ""sel_9th_pre_req"": ""7895"", ""sel_9th_pre_bid"": ""+21300"", ""sel_8th_pre_req_pre"": ""0"", ""sel_8th_pre_req"": ""6794"", ""sel_8th_pre_bid"": ""+21250"", ""sel_7th_pre_req_pre"": ""0"", ""sel_7th_pre_req"": ""9696"", ""sel_7th_pre_bid"": ""+21200"", ""sel_6th_pre_req_pre"": ""0"", ""sel_6th_pre_req"": ""6492"", ""sel_6th_pre_bid"": ""+21150"", ""sel_5th_pre_req_pre"": ""0"", ""sel_5th_pre_req"": ""12550"", ""sel_5th_pre_bid"": ""+21100"", ""sel_4th_pre_req_pre"": ""0"", ""sel_4th_pre_req"": ""9948"", ""sel_4th_pre_bid"": ""+21050"", ""sel_3th_pre_req_pre"": ""0"", ""sel_3th_pre_req"": ""18672"", ""sel_3th_pre_bid"": ""+21000"", ""sel_2th_pre_req_pre"": ""0"", ""sel_2th_pre_req"": ""13834"", ""sel_2th_pre_bid"": ""+20950"", ""sel_1th_pre_req_pre"": ""--29"", ""sel_fpr_req"": ""7264"", ""sel_fpr_bid"": ""+20900"", ""buy_fpr_bid"": ""+20850"", ""buy_fpr_req"": ""2090"", ""buy_1th_pre_req_pre"": ""0"", ""buy_2th_pre_bid"": ""+20800"", ""buy_2th_pre_req"": ""2855"", ""buy_2th_pre_req_pre"": ""0"", ""buy_3th_pre_bid"": ""+20750"", ""buy_3th_pre_req"": ""3790"", ""buy_3th_pre_req_pre"": ""0"", ""buy_4th_pre_bid"": ""+20700"", ""buy_4th_pre_req"": ""1180"", ""buy_4th_pre_req_pre"": ""0"", ""buy_5th_pre_bid"": ""+20650"", ""buy_5th_pre_req"": ""621"", ""buy_5th_pre_req_pre"": ""0"", ""buy_6th_pre_bid"": ""+20600"", ""buy_6th_pre_req"": ""1806"", ""buy_6th_pre_req_pre"": ""0"", ""buy_7th_pre_bid"": ""20550"", ""buy_7th_pre_req"": ""1665"", ""buy_7th_pre_req_pre"": ""0"", ""buy_8th_pre_bid"": ""-20500"", ""buy_8th_pre_req"": ""2471"", ""buy_8th_pre_req_pre"": ""0"", ""buy_9th_pre_bid"": ""-20450"", ""buy_9th_pre_req"": ""2233"", ""buy_9th_pre_req_pre"": ""0"", ""buy_10th_pre_bid"": ""-20400"", ""buy_10th_pre_req"": ""27248"", ""buy_10th_pre_req_pre"": ""0"", ""tot_sel_req_jub_pre"": ""--29"", ""tot_sel_req"": ""95968"", ""tot_buy_req"": ""45959"", ""tot_buy_req_jub_pre"": ""0"", ""ovt_sel_req_pre"": ""0"", ""ovt_sel_req"": ""0"", ""ovt_buy_req"": ""0"", ""ovt_buy_req_pre"": ""0"", ""return_code"": 0, ""return_msg"": ""정상적으로 처리되었습니다""}"
2026-06-10,scan_candidate,079550,,0,main_scan,786000,,786000,785000,786000,784000,-0.38167938931297707,0.1272264631043257,,,,,,"{""bid_req_base_tm"": ""094907"", ""sel_10th_pre_req_pre"": ""0"", ""sel_10th_pre_req"": ""2137"", ""sel_10th_pre_bid"": ""+795000"", ""sel_9th_pre_req_pre"": ""0"", ""sel_9th_pre_req"": ""496"", ""sel_9th_pre_bid"": ""+794000"", ""sel_8th_pre_req_pre"": ""0"", ""sel_8th_pre_req"": ""298"", ""sel_8th_pre_bid"": ""+793000"", ""sel_7th_pre_req_pre"": ""0"", ""sel_7th_pre_req"": ""108"", ""sel_7th_pre_bid"": ""+792000"", ""sel_6th_pre_req_pre"": ""0"", ""sel_6th_pre_req"": ""108"", ""sel_6th_pre_bid"": ""+791000"", ""sel_5th_pre_req_pre"": ""0"", ""sel_5th_pre_req"": ""196"", ""sel_5th_pre_bid"": ""+790000"", ""sel_4th_pre_req_pre"": ""0"", ""sel_4th_pre_req"": ""41"", ""sel_4th_pre_bid"": ""+789000"", ""sel_3th_pre_req_pre"": ""0"", ""sel_3th_pre_req"": ""56"", ""sel_3th_pre_bid"": ""+788000"", ""sel_2th_pre_req_pre"": ""0"", ""sel_2th_pre_req"": ""25"", ""sel_2th_pre_bid"": ""+787000"", ""sel_1th_pre_req_pre"": ""+17"", ""sel_fpr_req"": ""81"", ""sel_fpr_bid"": ""+786000"", ""buy_fpr_bid"": ""+785000"", ""buy_fpr_req"": ""69"", ""buy_1th_pre_req_pre"": ""0"", ""buy_2th_pre_bid"": ""+784000"", ""buy_2th_pre_req"": ""202"", ""buy_2th_pre_req_pre"": ""0"", ""buy_3th_pre_bid"": ""+783000"", ""buy_3th_pre_req"": ""220"", ""buy_3th_pre_req_pre"": ""0"", ""buy_4th_pre_bid"": ""+782000"", ""buy_4th_pre_req"": ""9"", ""buy_4th_pre_req_pre"": ""0"", ""buy_5th_pre_bid"": ""+781000"", ""buy_5th_pre_req"": ""6"", ""buy_5th_pre_req_pre"": ""0"", ""buy_6th_pre_bid"": ""+780000"", ""buy_6th_pre_req"": ""42"", ""buy_6th_pre_req_pre"": ""0"", ""buy_7th_pre_bid"": ""+779000"", ""buy_7th_pre_req"": ""66"", ""buy_7th_pre_req_pre"": ""0"", ""buy_8th_pre_bid"": ""+778000"", ""buy_8th_pre_req"": ""15"", ""buy_8th_pre_req_pre"": ""0"", ""buy_9th_pre_bid"": ""+777000"", ""buy_9th_pre_req"": ""17"", ""buy_9th_pre_req_pre"": ""0"", ""buy_10th_pre_bid"": ""+776000"", ""buy_10th_pre_req"": ""16"", ""buy_10th_pre_req_pre"": ""0"", ""tot_sel_req_jub_pre"": ""+17"", ""tot_sel_req"": ""3546"", ""tot_buy_req"": ""662"", ""tot_buy_req_jub_pre"": ""0"", ""ovt_sel_req_pre"": ""0"", ""ovt_sel_req"": ""0"", ""ovt_buy_req"": ""0"", ""ovt_buy_req_pre"": ""0"", ""return_code"": 0, ""return_msg"": ""정상적으로 처리되었습니다""}"
2026-06-10,scan_candidate,278470,,0,main_scan,414000,,414000,413500,414000,412500,-0.4830917874396135,0.12077294685990338,,,,,,"{""bid_req_base_tm"": ""094907"", ""sel_10th_pre_req_pre"": ""0"", ""sel_10th_pre_req"": ""86"", ""sel_10th_pre_bid"": ""+418500"", ""sel_9th_pre_req_pre"": ""0"", ""sel_9th_pre_req"": ""319"", ""sel_9th_pre_bid"": ""+418000"", ""sel_8th_pre_req_pre"": ""0"", ""sel_8th_pre_req"": ""344"", ""sel_8th_pre_bid"": ""+417500"", ""sel_7th_pre_req_pre"": ""0"", ""sel_7th_pre_req"": ""913"", ""sel_7th_pre_bid"": ""+417000"", ""sel_6th_pre_req_pre"": ""0"", ""sel_6th_pre_req"": ""127"", ""sel_6th_pre_bid"": ""+416500"", ""sel_5th_pre_req_pre"": ""0"", ""sel_5th_pre_req"": ""97"", ""sel_5th_pre_bid"": ""+416000"", ""sel_4th_pre_req_pre"": ""0"", ""sel_4th_pre_req"": ""108"", ""sel_4th_pre_bid"": ""+415500"", ""sel_3th_pre_req_pre"": ""0"", ""sel_3th_pre_req"": ""151"", ""sel_3th_pre_bid"": ""+415000"", ""sel_2th_pre_req_pre"": ""0"", ""sel_2th_pre_req"": ""135"", ""sel_2th_pre_bid"": ""+414500"", ""sel_1th_pre_req_pre"": ""--6"", ""sel_fpr_req"": ""75"", ""sel_fpr_bid"": ""+414000"", ""buy_fpr_bid"": ""+413500"", ""buy_fpr_req"": ""71"", ""buy_1th_pre_req_pre"": ""0"", ""buy_2th_pre_bid"": ""+413000"", ""buy_2th_pre_req"": ""28"", ""buy_2th_pre_req_pre"": ""0"", ""buy_3th_pre_bid"": ""+412500"", ""buy_3th_pre_req"": ""33"", ""buy_3th_pre_req_pre"": ""0"", ""buy_4th_pre_bid"": ""+412000"", ""buy_4th_pre_req"": ""38"", ""buy_4th_pre_req_pre"": ""0"", ""buy_5th_pre_bid"": ""+411500"", ""buy_5th_pre_req"": ""21"", ""buy_5th_pre_req_pre"": ""0"", ""buy_6th_pre_bid"": ""+411000"", ""buy_6th_pre_req"": ""104"", ""buy_6th_pre_req_pre"": ""0"", ""buy_7th_pre_bid"": ""+410500"", ""buy_7th_pre_req"": ""57"", ""buy_7th_pre_req_pre"": ""0"", ""buy_8th_pre_bid"": ""+410000"", ""buy_8th_pre_req"": ""306"", ""buy_8th_pre_req_pre"": ""0"", ""buy_9th_pre_bid"": ""+409500"", ""buy_9th_pre_req"": ""12"", ""buy_9th_pre_req_pre"": ""0"", ""buy_10th_pre_bid"": ""+409000"", ""buy_10th_pre_req"": ""22"", ""buy_10th_pre_req_pre"": ""0"", ""tot_sel_req_jub_pre"": ""--6"", ""tot_sel_req"": ""2355"", ""tot_buy_req"": ""692"", ""tot_buy_req_jub_pre"": ""0"", ""ovt_sel_req_pre"": ""0"", ""ovt_sel_req"": ""0"", ""ovt_buy_req"": ""0"", ""ovt_buy_req_pre"": ""0"", ""return_code"": 0, ""return_msg"": ""정상적으로 처리되었습니다""}"
2026-06-10,scan_candidate,010950,,0,main_scan,110300,,110300,110200,110300,110500,-0.271985494106981,0.09066183136899365,,,,,,"{""bid_req_base_tm"": ""094907"", ""sel_10th_pre_req_pre"": ""0"", ""sel_10th_pre_req"": ""11"", ""sel_10th_pre_bid"": ""+111900"", ""sel_9th_pre_req_pre"": ""0"", ""sel_9th_pre_req"": ""293"", ""sel_9th_pre_bid"": ""+111800"", ""sel_8th_pre_req_pre"": ""0"", ""sel_8th_pre_req"": ""34"", ""sel_8th_pre_bid"": ""+111700"", ""sel_7th_pre_req_pre"": ""0"", ""sel_7th_pre_req"": ""1"", ""sel_7th_pre_bid"": ""+111000"", ""sel_6th_pre_req_pre"": ""0"", ""sel_6th_pre_req"": ""2"", ""sel_6th_pre_bid"": ""110900"", ""sel_5th_pre_req_pre"": ""0"", ""sel_5th_pre_req"": ""53"", ""sel_5th_pre_bid"": ""-110700"", ""sel_4th_pre_req_pre"": ""0"", ""sel_4th_pre_req"": ""11"", ""sel_4th_pre_bid"": ""-110600"", ""sel_3th_pre_req_pre"": ""0"", ""sel_3th_pre_req"": ""34"", ""sel_3th_pre_bid"": ""-110500"", ""sel_2th_pre_req_pre"": ""0"", ""sel_2th_pre_req"": ""9"", ""sel_2th_pre_bid"": ""-110400"", ""sel_1th_pre_req_pre"": ""--1"", ""sel_fpr_req"": ""46"", ""sel_fpr_bid"": ""-110300"", ""buy_fpr_bid"": ""-110200"", ""buy_fpr_req"": ""33"", ""buy_1th_pre_req_pre"": ""0"", ""buy_2th_pre_bid"": ""-110100"", ""buy_2th_pre_req"": ""115"", ""buy_2th_pre_req_pre"": ""0"", ""buy_3th_pre_bid"": ""-110000"", ""buy_3th_pre_req"": ""99"", ""buy_3th_pre_req_pre"": ""0"", ""buy_4th_pre_bid"": ""-109900"", ""buy_4th_pre_req"": ""105"", ""buy_4th_pre_req_pre"": ""0"", ""buy_5th_pre_bid"": ""-109800"", ""buy_5th_pre_req"": ""39"", ""buy_5th_pre_req_pre"": ""0"", ""buy_6th_pre_bid"": ""-109700"", ""buy_6th_pre_req"": ""118"", ""buy_6th_pre_req_pre"": ""0"", ""buy_7th_pre_bid"": ""-109600"", ""buy_7th_pre_req"": ""3"", ""buy_7th_pre_req_pre"": ""0"", ""buy_8th_pre_bid"": ""-109500"", ""buy_8th_pre_req"": ""31"", ""buy_8th_pre_req_pre"": ""0"", ""buy_9th_pre_bid"": ""-109400"", ""buy_9th_pre_req"": ""59"", ""buy_9th_pre_req_pre"": ""0"", ""buy_10th_pre_bid"": ""-109300"", ""buy_10th_pre_req"": ""46"", ""buy_10th_pre_req_pre"": ""0"", ""tot_sel_req_jub_pre"": ""--1"", ""tot_sel_req"": ""494"", ""tot_buy_req"": ""648"", ""tot_buy_req_jub_pre"": ""0"", ""ovt_sel_req_pre"": ""0"", ""ovt_sel_req"": ""0"", ""ovt_buy_req"": ""0"", ""ovt_buy_req_pre"": ""0"", ""return_code"": 0, ""return_msg"": ""정상적으로 처리되었습니다""}"
2026-06-10,scan_candidate,323410,,0,main_scan,24550,,24550,24500,24550,24400,-0.8146639511201629,0.20366598778004072,,,,,,"{""bid_req_base_tm"": ""094906"", ""sel_10th_pre_req_pre"": ""0"", ""sel_10th_pre_req"": ""11267"", ""sel_10th_pre_bid"": ""+25000"", ""sel_9th_pre_req_pre"": ""0"", ""sel_9th_pre_req"": ""5841"", ""sel_9th_pre_bid"": ""+24950"", ""sel_8th_pre_req_pre"": ""0"", ""sel_8th_pre_req"": ""3250"", ""sel_8th_pre_bid"": ""+24900"", ""sel_7th_pre_req_pre"": ""0"", ""sel_7th_pre_req"": ""2799"", ""sel_7th_pre_bid"": ""+24850"", ""sel_6th_pre_req_pre"": ""0"", ""sel_6th_pre_req"": ""6943"", ""sel_6th_pre_bid"": ""+24800"", ""sel_5th_pre_req_pre"": ""0"", ""sel_5th_pre_req"": ""3672"", ""sel_5th_pre_bid"": ""+24750"", ""sel_4th_pre_req_pre"": ""0"", ""sel_4th_pre_req"": ""3545"", ""sel_4th_pre_bid"": ""+24700"", ""sel_3th_pre_req_pre"": ""0"", ""sel_3th_pre_req"": ""2937"", ""sel_3th_pre_bid"": ""+24650"", ""sel_2th_pre_req_pre"": ""0"", ""sel_2th_pre_req"": ""1936"", ""sel_2th_pre_bid"": ""+24600"", ""sel_1th_pre_req_pre"": ""+95"", ""sel_fpr_req"": ""3437"", ""sel_fpr_bid"": ""+24550"", ""buy_fpr_bid"": ""+24500"", ""buy_fpr_req"": ""1346"", ""buy_1th_pre_req_pre"": ""0"", ""buy_2th_pre_bid"": ""+24450"", ""buy_2th_pre_req"": ""2865"", ""buy_2th_pre_req_pre"": ""0"", ""buy_3th_pre_bid"": ""24400"", ""buy_3th_pre_req"": ""5016"", ""buy_3th_pre_req_pre"": ""0"", ""buy_4th_pre_bid"": ""-24350"", ""buy_4th_pre_req"": ""904"", ""buy_4th_pre_req_pre"": ""0"", ""buy_5th_pre_bid"": ""-24300"", ""buy_5th_pre_req"": ""1228"", ""buy_5th_pre_req_pre"": ""0"", ""buy_6th_pre_bid"": ""-24250"", ""buy_6th_pre_req"": ""2945"", ""buy_6th_pre_req_pre"": ""0"", ""buy_7th_pre_bid"": ""-24200"", ""buy_7th_pre_req"": ""994"", ""buy_7th_pre_req_pre"": ""0"", ""buy_8th_pre_bid"": ""-24150"", ""buy_8th_pre_req"": ""1197"", ""buy_8th_pre_req_pre"": ""0"", ""buy_9th_pre_bid"": ""-24100"", ""buy_9th_pre_req"": ""1771"", ""buy_9th_pre_req_pre"": ""0"", ""buy_10th_pre_bid"": ""-24050"", ""buy_10th_pre_req"": ""1133"", ""buy_10th_pre_req_pre"": ""0"", ""tot_sel_req_jub_pre"": ""+95"", ""tot_sel_req"": ""45627"", ""tot_buy_req"": ""19399"", ""tot_buy_req_jub_pre"": ""0"", ""ovt_sel_req_pre"": ""0"", ""ovt_sel_req"": ""0"", ""ovt_buy_req"": ""0"", ""ovt_buy_req_pre"": ""0"", ""return_code"": 0, ""return_msg"": ""정상적으로 처리되었습니다""}"
2026-06-10,scan_candidate,064400,,0,main_scan,96000,,96000,95900,96000,96000,-0.10416666666666667,0.10416666666666667,,,,,,"{""bid_req_base_tm"": ""094908"", ""sel_10th_pre_req_pre"": ""0"", ""sel_10th_pre_req"": ""239"", ""sel_10th_pre_bid"": ""-96900"", ""sel_9th_pre_req_pre"": ""0"", ""sel_9th_pre_req"": ""132"", ""sel_9th_pre_bid"": ""-96800"", ""sel_8th_pre_req_pre"": ""0"", ""sel_8th_pre_req"": ""164"", ""sel_8th_pre_bid"": ""-96700"", ""sel_7th_pre_req_pre"": ""0"", ""sel_7th_pre_req"": ""201"", ""sel_7th_pre_bid"": ""-96600"", ""sel_6th_pre_req_pre"": ""0"", ""sel_6th_pre_req"": ""1654"", ""sel_6th_pre_bid"": ""-96500"", ""sel_5th_pre_req_pre"": ""0"", ""sel_5th_pre_req"": ""158"", ""sel_5th_pre_bid"": ""-96400"", ""sel_4th_pre_req_pre"": ""0"", ""sel_4th_pre_req"": ""9"", ""sel_4th_pre_bid"": ""-96300"", ""sel_3th_pre_req_pre"": ""0"", ""sel_3th_pre_req"": ""294"", ""sel_3th_pre_bid"": ""-96200"", ""sel_2th_pre_req_pre"": ""0"", ""sel_2th_pre_req"": ""119"", ""sel_2th_pre_bid"": ""-96100"", ""sel_1th_pre_req_pre"": ""0"", ""sel_fpr_req"": ""44"", ""sel_fpr_bid"": ""-96000"", ""buy_fpr_bid"": ""-95900"", ""buy_fpr_req"": ""87"", ""buy_1th_pre_req_pre"": ""0"", ""buy_2th_pre_bid"": ""-95800"", ""buy_2th_pre_req"": ""153"", ""buy_2th_pre_req_pre"": ""0"", ""buy_3th_pre_bid"": ""-95700"", ""buy_3th_pre_req"": ""208"", ""buy_3th_pre_req_pre"": ""0"", ""buy_4th_pre_bid"": ""-95600"", ""buy_4th_pre_req"": ""511"", ""buy_4th_pre_req_pre"": ""0"", ""buy_5th_pre_bid"": ""-95500"", ""buy_5th_pre_req"": ""270"", ""buy_5th_pre_req_pre"": ""--1"", ""buy_6th_pre_bid"": ""-95400"", ""buy_6th_pre_req"": ""431"", ""buy_6th_pre_req_pre"": ""0"", ""buy_7th_pre_bid"": ""-95300"", ""buy_7th_pre_req"": ""777"", ""buy_7th_pre_req_pre"": ""0"", ""buy_8th_pre_bid"": ""-95200"", ""buy_8th_pre_req"": ""1502"", ""buy_8th_pre_req_pre"": ""0"", ""buy_9th_pre_bid"": ""-95100"", ""buy_9th_pre_req"": ""3526"", ""buy_9th_pre_req_pre"": ""0"", ""buy_10th_pre_bid"": ""-95000"", ""buy_10th_pre_req"": ""6496"", ""buy_10th_pre_req_pre"": ""0"", ""tot_sel_req_jub_pre"": ""0"", ""tot_sel_req"": ""3014"", ""tot_buy_req"": ""13961"", ""tot_buy_req_jub_pre"": ""--1"", ""ovt_sel_req_pre"": ""0"", ""ovt_sel_req"": ""0"", ""ovt_buy_req"": ""0"", ""ovt_buy_req_pre"": ""0"", ""return_code"": 0, ""return_msg"": ""정상적으로 처리되었습니다""}"
2026-06-10,scan_candidate,003490,,0,main_scan,25350,,25350,25300,25350,25200,-0.7889546351084813,0.19723865877712032,,,,,,"{""bid_req_base_tm"": ""094908"", ""sel_10th_pre_req_pre"": ""0"", ""sel_10th_pre_req"": ""7777"", ""sel_10th_pre_bid"": ""+25800"", ""sel_9th_pre_req_pre"": ""0"", ""sel_9th_pre_req"": ""19402"", ""sel_9th_pre_bid"": ""+25750"", ""sel_8th_pre_req_pre"": ""0"", ""sel_8th_pre_req"": ""16465"", ""sel_8th_pre_bid"": ""+25700"", ""sel_7th_pre_req_pre"": ""0"", ""sel_7th_pre_req"": ""8532"", ""sel_7th_pre_bid"": ""+25650"", ""sel_6th_pre_req_pre"": ""0"", ""sel_6th_pre_req"": ""3637"", ""sel_6th_pre_bid"": ""+25600"", ""sel_5th_pre_req_pre"": ""0"", ""sel_5th_pre_req"": ""6328"", ""sel_5th_pre_bid"": ""+25550"", ""sel_4th_pre_req_pre"": ""0"", ""sel_4th_pre_req"": ""7228"", ""sel_4th_pre_bid"": ""+25500"", ""sel_3th_pre_req_pre"": ""0"", ""sel_3th_pre_req"": ""5371"", ""sel_3th_pre_bid"": ""+25450"", ""sel_2th_pre_req_pre"": ""0"", ""sel_2th_pre_req"": ""2273"", ""sel_2th_pre_bid"": ""+25400"", ""sel_1th_pre_req_pre"": ""--1"", ""sel_fpr_req"": ""1780"", ""sel_fpr_bid"": ""+25350"", ""buy_fpr_bid"": ""+25300"", ""buy_fpr_req"": ""3496"", ""buy_1th_pre_req_pre"": ""0"", ""buy_2th_pre_bid"": ""+25250"", ""buy_2th_pre_req"": ""739"", ""buy_2th_pre_req_pre"": ""0"", ""buy_3th_pre_bid"": ""+25200"", ""buy_3th_pre_req"": ""2363"", ""buy_3th_pre_req_pre"": ""0"", ""buy_4th_pre_bid"": ""+25150"", ""buy_4th_pre_req"": ""1461"", ""buy_4th_pre_req_pre"": ""0"", ""buy_5th_pre_bid"": ""+25100"", ""buy_5th_pre_req"": ""3435"", ""buy_5th_pre_req_pre"": ""0"", ""buy_6th_pre_bid"": ""+25050"", ""buy_6th_pre_req"": ""3742"", ""buy_6th_pre_req_pre"": ""0"", ""buy_7th_pre_bid"": ""+25000"", ""buy_7th_pre_req"": ""3865"", ""buy_7th_pre_req_pre"": ""0"", ""buy_8th_pre_bid"": ""+24950"", ""buy_8th_pre_req"": ""989"", ""buy_8th_pre_req_pre"": ""0"", ""buy_9th_pre_bid"": ""+24900"", ""buy_9th_pre_req"": ""2089"", ""buy_9th_pre_req_pre"": ""0"", ""buy_10th_pre_bid"": ""24850"", ""buy_10th_pre_req"": ""1295"", ""buy_10th_pre_req_pre"": ""0"", ""tot_sel_req_jub_pre"": ""--1"", ""tot_sel_req"": ""78793"", ""tot_buy_req"": ""23474"", ""tot_buy_req_jub_pre"": ""0"", ""ovt_sel_req_pre"": ""0"", ""ovt_sel_req"": ""0"", ""ovt_buy_req"": ""0"", ""ovt_buy_req_pre"": ""0"", ""return_code"": 0, ""return_msg"": ""정상적으로 처리되었습니다""}"
2026-06-10,scan_candidate,161390,,0,main_scan,71700,,71700,71600,71700,71700,-0.1394700139470014,0.1394700139470014,,,,,,"{""bid_req_base_tm"": ""094906"", ""sel_10th_pre_req_pre"": ""0"", ""sel_10th_pre_req"": ""74"", ""sel_10th_pre_bid"": ""-72600"", ""sel_9th_pre_req_pre"": ""0"", ""sel_9th_pre_req"": ""184"", ""sel_9th_pre_bid"": ""-72500"", ""sel_8th_pre_req_pre"": ""0"", ""sel_8th_pre_req"": ""94"", ""sel_8th_pre_bid"": ""-72400"", ""sel_7th_pre_req_pre"": ""0"", ""sel_7th_pre_req"": ""23"", ""sel_7th_pre_bid"": ""-72300"", ""sel_6th_pre_req_pre"": ""0"", ""sel_6th_pre_req"": ""4"", ""sel_6th_pre_bid"": ""-72200"", ""sel_5th_pre_req_pre"": ""0"", ""sel_5th_pre_req"": ""125"", ""sel_5th_pre_bid"": ""-72100"", ""sel_4th_pre_req_pre"": ""0"", ""sel_4th_pre_req"": ""141"", ""sel_4th_pre_bid"": ""-72000"", ""sel_3th_pre_req_pre"": ""0"", ""sel_3th_pre_req"": ""2"", ""sel_3th_pre_bid"": ""-71900"", ""sel_2th_pre_req_pre"": ""0"", ""sel_2th_pre_req"": ""475"", ""sel_2th_pre_bid"": ""-71800"", ""sel_1th_pre_req_pre"": ""0"", ""sel_fpr_req"": ""1092"", ""sel_fpr_bid"": ""-71700"", ""buy_fpr_bid"": ""-71600"", ""buy_fpr_req"": ""287"", ""buy_1th_pre_req_pre"": ""+69"", ""buy_2th_pre_bid"": ""-71500"", ""buy_2th_pre_req"": ""121"", ""buy_2th_pre_req_pre"": ""0"", ""buy_3th_pre_bid"": ""-71400"", ""buy_3th_pre_req"": ""206"", ""buy_3th_pre_req_pre"": ""0"", ""buy_4th_pre_bid"": ""-71200"", ""buy_4th_pre_req"": ""50"", ""buy_4th_pre_req_pre"": ""0"", ""buy_5th_pre_bid"": ""-71100"", ""buy_5th_pre_req"": ""223"", ""buy_5th_pre_req_pre"": ""0"", ""buy_6th_pre_bid"": ""-71000"", ""buy_6th_pre_req"": ""1038"", ""buy_6th_pre_req_pre"": ""0"", ""buy_7th_pre_bid"": ""-70900"", ""buy_7th_pre_req"": ""2016"", ""buy_7th_pre_req_pre"": ""0"", ""buy_8th_pre_bid"": ""-70800"", ""buy_8th_pre_req"": ""109"", ""buy_8th_pre_req_pre"": ""0"", ""buy_9th_pre_bid"": ""-70700"", ""buy_9th_pre_req"": ""71"", ""buy_9th_pre_req_pre"": ""0"", ""buy_10th_pre_bid"": ""-70600"", ""buy_10th_pre_req"": ""87"", ""buy_10th_pre_req_pre"": ""0"", ""tot_sel_req_jub_pre"": ""0"", ""tot_sel_req"": ""2214"", ""tot_buy_req"": ""4208"", ""tot_buy_req_jub_pre"": ""+69"", ""ovt_sel_req_pre"": ""0"", ""ovt_sel_req"": ""0"", ""ovt_buy_req"": ""0"", ""ovt_buy_req_pre"": ""0"", ""return_code"": 0, ""return_msg"": ""정상적으로 처리되었습니다""}"
2026-06-10,scan_candidate,180640,,0,main_scan,117200,,117200,117100,117200,117000,-0.5972696245733788,0.08532423208191127,,,,,,"{""bid_req_base_tm"": ""094904"", ""sel_10th_pre_req_pre"": ""0"", ""sel_10th_pre_req"": ""6"", ""sel_10th_pre_bid"": ""+118200"", ""sel_9th_pre_req_pre"": ""0"", ""sel_9th_pre_req"": ""71"", ""sel_9th_pre_bid"": ""+118100"", ""sel_8th_pre_req_pre"": ""0"", ""sel_8th_pre_req"": ""81"", ""sel_8th_pre_bid"": ""+118000"", ""sel_7th_pre_req_pre"": ""0"", ""sel_7th_pre_req"": ""9"", ""sel_7th_pre_bid"": ""+117900"", ""sel_6th_pre_req_pre"": ""0"", ""sel_6th_pre_req"": ""11"", ""sel_6th_pre_bid"": ""+117800"", ""sel_5th_pre_req_pre"": ""0"", ""sel_5th_pre_req"": ""19"", ""sel_5th_pre_bid"": ""+117600"", ""sel_4th_pre_req_pre"": ""0"", ""sel_4th_pre_req"": ""42"", ""sel_4th_pre_bid"": ""+117500"", ""sel_3th_pre_req_pre"": ""0"", ""sel_3th_pre_req"": ""30"", ""sel_3th_pre_bid"": ""+117400"", ""sel_2th_pre_req_pre"": ""0"", ""sel_2th_pre_req"": ""8"", ""sel_2th_pre_bid"": ""+117300"", ""sel_1th_pre_req_pre"": ""0"", ""sel_fpr_req"": ""1"", ""sel_fpr_bid"": ""+117200"", ""buy_fpr_bid"": ""+117100"", ""buy_fpr_req"": ""9"", ""buy_1th_pre_req_pre"": ""0"", ""buy_2th_pre_bid"": ""+117000"", ""buy_2th_pre_req"": ""30"", ""buy_2th_pre_req_pre"": ""0"", ""buy_3th_pre_bid"": ""+116800"", ""buy_3th_pre_req"": ""20"", ""buy_3th_pre_req_pre"": ""0"", ""buy_4th_pre_bid"": ""+116700"", ""buy_4th_pre_req"": ""4"", ""buy_4th_pre_req_pre"": ""0"", ""buy_5th_pre_bid"": ""+116600"", ""buy_5th_pre_req"": ""19"", ""buy_5th_pre_req_pre"": ""0"", ""buy_6th_pre_bid"": ""+116200"", ""buy_6th_pre_req"": ""1"", ""buy_6th_pre_req_pre"": ""0"", ""buy_7th_pre_bid"": ""+116100"", ""buy_7th_pre_req"": ""29"", ""buy_7th_pre_req_pre"": ""0"", ""buy_8th_pre_bid"": ""+116000"", ""buy_8th_pre_req"": ""91"", ""buy_8th_pre_req_pre"": ""0"", ""buy_9th_pre_bid"": ""+115900"", ""buy_9th_pre_req"": ""12"", ""buy_9th_pre_req_pre"": ""0"", ""buy_10th_pre_bid"": ""+115800"", ""buy_10th_pre_req"": ""100"", ""buy_10th_pre_req_pre"": ""0"", ""tot_sel_req_jub_pre"": ""0"", ""tot_sel_req"": ""278"", ""tot_buy_req"": ""315"", ""tot_buy_req_jub_pre"": ""0"", ""ovt_sel_req_pre"": ""0"", ""ovt_sel_req"": ""0"", ""ovt_buy_req"": ""0"", ""ovt_buy_req_pre"": ""0"", ""return_code"": 0, ""return_msg"": ""정상적으로 처리되었습니다""}"
2026-06-10,scan_candidate,454910,,0,main_scan,110400,,110400,110300,110400,110500,-0.36231884057971014,0.09057971014492754,,,,,,"{""bid_req_base_tm"": ""094909"", ""sel_10th_pre_req_pre"": ""0"", ""sel_10th_pre_req"": ""389"", ""sel_10th_pre_bid"": ""-111300"", ""sel_9th_pre_req_pre"": ""0"", ""sel_9th_pre_req"": ""347"", ""sel_9th_pre_bid"": ""-111200"", ""sel_8th_pre_req_pre"": ""0"", ""sel_8th_pre_req"": ""34"", ""sel_8th_pre_bid"": ""-111100"", ""sel_7th_pre_req_pre"": ""0"", ""sel_7th_pre_req"": ""1268"", ""sel_7th_pre_bid"": ""-111000"", ""sel_6th_pre_req_pre"": ""0"", ""sel_6th_pre_req"": ""40"", ""sel_6th_pre_bid"": ""-110900"", ""sel_5th_pre_req_pre"": ""0"", ""sel_5th_pre_req"": ""36"", ""sel_5th_pre_bid"": ""-110800"", ""sel_4th_pre_req_pre"": ""0"", ""sel_4th_pre_req"": ""251"", ""sel_4th_pre_bid"": ""-110700"", ""sel_3th_pre_req_pre"": ""0"", ""sel_3th_pre_req"": ""96"", ""sel_3th_pre_bid"": ""-110600"", ""sel_2th_pre_req_pre"": ""0"", ""sel_2th_pre_req"": ""85"", ""sel_2th_pre_bid"": ""-110500"", ""sel_1th_pre_req_pre"": ""0"", ""sel_fpr_req"": ""563"", ""sel_fpr_bid"": ""-110400"", ""buy_fpr_bid"": ""-110300"", ""buy_fpr_req"": ""48"", ""buy_1th_pre_req_pre"": ""0"", ""buy_2th_pre_bid"": ""-110200"", ""buy_2th_pre_req"": ""739"", ""buy_2th_pre_req_pre"": ""0"", ""buy_3th_pre_bid"": ""-110100"", ""buy_3th_pre_req"": ""870"", ""buy_3th_pre_req_pre"": ""0"", ""buy_4th_pre_bid"": ""-110000"", ""buy_4th_pre_req"": ""9332"", ""buy_4th_pre_req_pre"": ""+5"", ""buy_5th_pre_bid"": ""-109900"", ""buy_5th_pre_req"": ""731"", ""buy_5th_pre_req_pre"": ""0"", ""buy_6th_pre_bid"": ""-109800"", ""buy_6th_pre_req"": ""1640"", ""buy_6th_pre_req_pre"": ""+101"", ""buy_7th_pre_bid"": ""-109700"", ""buy_7th_pre_req"": ""307"", ""buy_7th_pre_req_pre"": ""0"", ""buy_8th_pre_bid"": ""-109600"", ""buy_8th_pre_req"": ""239"", ""buy_8th_pre_req_pre"": ""0"", ""buy_9th_pre_bid"": ""-109500"", ""buy_9th_pre_req"": ""974"", ""buy_9th_pre_req_pre"": ""0"", ""buy_10th_pre_bid"": ""-109400"", ""buy_10th_pre_req"": ""530"", ""buy_10th_pre_req_pre"": ""--24"", ""tot_sel_req_jub_pre"": ""0"", ""tot_sel_req"": ""3109"", ""tot_buy_req"": ""15410"", ""tot_buy_req_jub_pre"": ""+82"", ""ovt_sel_req_pre"": ""0"", ""ovt_sel_req"": ""0"", ""ovt_buy_req"": ""0"", ""ovt_buy_req_pre"": ""0"", ""return_code"": 0, ""return_msg"": ""정상적으로 처리되었습니다""}"
2026-06-10,scan_candidate,353200,,0,main_scan,154700,,154700,154500,154700,154500,-0.4524886877828055,0.12928248222365868,,,,,,"{""bid_req_base_tm"": ""094908"", ""sel_10th_pre_req_pre"": ""0"", ""sel_10th_pre_req"": ""189"", ""sel_10th_pre_bid"": ""+156000"", ""sel_9th_pre_req_pre"": ""0"", ""sel_9th_pre_req"": ""56"", ""sel_9th_pre_bid"": ""+155900"", ""sel_8th_pre_req_pre"": ""0"", ""sel_8th_pre_req"": ""35"", ""sel_8th_pre_bid"": ""+155800"", ""sel_7th_pre_req_pre"": ""0"", ""sel_7th_pre_req"": ""1"", ""sel_7th_pre_bid"": ""+155700"", ""sel_6th_pre_req_pre"": ""0"", ""sel_6th_pre_req"": ""63"", ""sel_6th_pre_bid"": ""+155500"", ""sel_5th_pre_req_pre"": ""0"", ""sel_5th_pre_req"": ""201"", ""sel_5th_pre_bid"": ""+155400"", ""sel_4th_pre_req_pre"": ""0"", ""sel_4th_pre_req"": ""60"", ""sel_4th_pre_bid"": ""+155300"", ""sel_3th_pre_req_pre"": ""0"", ""sel_3th_pre_req"": ""133"", ""sel_3th_pre_bid"": ""+155000"", ""sel_2th_pre_req_pre"": ""0"", ""sel_2th_pre_req"": ""1"", ""sel_2th_pre_bid"": ""+154800"", ""sel_1th_pre_req_pre"": ""0"", ""sel_fpr_req"": ""483"", ""sel_fpr_bid"": ""+154700"", ""buy_fpr_bid"": ""+154500"", ""buy_fpr_req"": ""162"", ""buy_1th_pre_req_pre"": ""+2"", ""buy_2th_pre_bid"": ""+154400"", ""buy_2th_pre_req"": ""11"", ""buy_2th_pre_req_pre"": ""0"", ""buy_3th_pre_bid"": ""+154300"", ""buy_3th_pre_req"": ""36"", ""buy_3th_pre_req_pre"": ""0"", ""buy_4th_pre_bid"": ""+154200"", ""buy_4th_pre_req"": ""41"", ""buy_4th_pre_req_pre"": ""0"", ""buy_5th_pre_bid"": ""+154100"", ""buy_5th_pre_req"": ""119"", ""buy_5th_pre_req_pre"": ""0"", ""buy_6th_pre_bid"": ""+154000"", ""buy_6th_pre_req"": ""175"", ""buy_6th_pre_req_pre"": ""0"", ""buy_7th_pre_bid"": ""+153900"", ""buy_7th_pre_req"": ""56"", ""buy_7th_pre_req_pre"": ""0"", ""buy_8th_pre_bid"": ""+153800"", ""buy_8th_pre_req"": ""285"", ""buy_8th_pre_req_pre"": ""0"", ""buy_9th_pre_bid"": ""+153700"", ""buy_9th_pre_req"": ""37"", ""buy_9th_pre_req_pre"": ""0"", ""buy_10th_pre_bid"": ""+153600"", ""buy_10th_pre_req"": ""233"", ""buy_10th_pre_req_pre"": ""0"", ""tot_sel_req_jub_pre"": ""0"", ""tot_sel_req"": ""1222"", ""tot_buy_req"": ""1155"", ""tot_buy_req_jub_pre"": ""+2"", ""ovt_sel_req_pre"": ""0"", ""ovt_sel_req"": ""0"", ""ovt_buy_req"": ""0"", ""ovt_buy_req_pre"": ""0"", ""return_code"": 0, ""return_msg"": ""정상적으로 처리되었습니다""}"
2026-06-10,scan_candidate,326030,,0,main_scan,88700,,88700,88500,88700,88800,0.0,0.2254791431792559,,,,,,"{""bid_req_base_tm"": ""094909"", ""sel_10th_pre_req_pre"": ""0"", ""sel_10th_pre_req"": ""1"", ""sel_10th_pre_bid"": ""-89600"", ""sel_9th_pre_req_pre"": ""0"", ""sel_9th_pre_req"": ""1"", ""sel_9th_pre_bid"": ""-89500"", ""sel_8th_pre_req_pre"": ""0"", ""sel_8th_pre_req"": ""1"", ""sel_8th_pre_bid"": ""-89400"", ""sel_7th_pre_req_pre"": ""0"", ""sel_7th_pre_req"": ""201"", ""sel_7th_pre_bid"": ""-89300"", ""sel_6th_pre_req_pre"": ""0"", ""sel_6th_pre_req"": ""22"", ""sel_6th_pre_bid"": ""-89200"", ""sel_5th_pre_req_pre"": ""0"", ""sel_5th_pre_req"": ""12"", ""sel_5th_pre_bid"": ""-89100"", ""sel_4th_pre_req_pre"": ""0"", ""sel_4th_pre_req"": ""40"", ""sel_4th_pre_bid"": ""-89000"", ""sel_3th_pre_req_pre"": ""0"", ""sel_3th_pre_req"": ""2"", ""sel_3th_pre_bid"": ""-88900"", ""sel_2th_pre_req_pre"": ""0"", ""sel_2th_pre_req"": ""182"", ""sel_2th_pre_bid"": ""-88800"", ""sel_1th_pre_req_pre"": ""0"", ""sel_fpr_req"": ""2"", ""sel_fpr_bid"": ""-88700"", ""buy_fpr_bid"": ""-88500"", ""buy_fpr_req"": ""257"", ""buy_1th_pre_req_pre"": ""0"", ""buy_2th_pre_bid"": ""-88400"", ""buy_2th_pre_req"": ""105"", ""buy_2th_pre_req_pre"": ""0"", ""buy_3th_pre_bid"": ""-88300"", ""buy_3th_pre_req"": ""12"", ""buy_3th_pre_req_pre"": ""0"", ""buy_4th_pre_bid"": ""-88200"", ""buy_4th_pre_req"": ""80"", ""buy_4th_pre_req_pre"": ""0"", ""buy_5th_pre_bid"": ""-88100"", ""buy_5th_pre_req"": ""29"", ""buy_5th_pre_req_pre"": ""0"", ""buy_6th_pre_bid"": ""-88000"", ""buy_6th_pre_req"": ""181"", ""buy_6th_pre_req_pre"": ""--1"", ""buy_7th_pre_bid"": ""-87900"", ""buy_7th_pre_req"": ""21"", ""buy_7th_pre_req_pre"": ""0"", ""buy_8th_pre_bid"": ""-87800"", ""buy_8th_pre_req"": ""89"", ""buy_8th_pre_req_pre"": ""0"", ""buy_9th_pre_bid"": ""-87700"", ""buy_9th_pre_req"": ""243"", ""buy_9th_pre_req_pre"": ""+1"", ""buy_10th_pre_bid"": ""-87600"", ""buy_10th_pre_req"": ""98"", ""buy_10th_pre_req_pre"": ""0"", ""tot_sel_req_jub_pre"": ""0"", ""tot_sel_req"": ""464"", ""tot_buy_req"": ""1115"", ""tot_buy_req_jub_pre"": ""0"", ""ovt_sel_req_pre"": ""0"", ""ovt_sel_req"": ""0"", ""ovt_buy_req"": ""0"", ""ovt_buy_req_pre"": ""0"", ""return_code"": 0, ""return_msg"": ""정상적으로 처리되었습니다""}"
2026-06-10,scan_candidate,034220,,0,main_scan,13090,,13090,13070,13090,13100,-0.30557677616501144,0.15278838808250572,,,,,,"{""bid_req_base_tm"": ""094910"", ""sel_10th_pre_req_pre"": ""0"", ""sel_10th_pre_req"": ""900"", ""sel_10th_pre_bid"": ""-13180"", ""sel_9th_pre_req_pre"": ""0"", ""sel_9th_pre_req"": ""1266"", ""sel_9th_pre_bid"": ""-13170"", ""sel_8th_pre_req_pre"": ""0"", ""sel_8th_pre_req"": ""769"", ""sel_8th_pre_bid"": ""-13160"", ""sel_7th_pre_req_pre"": ""0"", ""sel_7th_pre_req"": ""346"", ""sel_7th_pre_bid"": ""-13150"", ""sel_6th_pre_req_pre"": ""0"", ""sel_6th_pre_req"": ""24"", ""sel_6th_pre_bid"": ""-13140"", ""sel_5th_pre_req_pre"": ""0"", ""sel_5th_pre_req"": ""50"", ""sel_5th_pre_bid"": ""-13130"", ""sel_4th_pre_req_pre"": ""0"", ""sel_4th_pre_req"": ""685"", ""sel_4th_pre_bid"": ""-13120"", ""sel_3th_pre_req_pre"": ""0"", ""sel_3th_pre_req"": ""149"", ""sel_3th_pre_bid"": ""-13110"", ""sel_2th_pre_req_pre"": ""0"", ""sel_2th_pre_req"": ""4029"", ""sel_2th_pre_bid"": ""-13100"", ""sel_1th_pre_req_pre"": ""0"", ""sel_fpr_req"": ""602"", ""sel_fpr_bid"": ""-13090"", ""buy_fpr_bid"": ""-13070"", ""buy_fpr_req"": ""7542"", ""buy_1th_pre_req_pre"": ""0"", ""buy_2th_pre_bid"": ""-13060"", ""buy_2th_pre_req"": ""10863"", ""buy_2th_pre_req_pre"": ""0"", ""buy_3th_pre_bid"": ""-13050"", ""buy_3th_pre_req"": ""34065"", ""buy_3th_pre_req_pre"": ""0"", ""buy_4th_pre_bid"": ""-13040"", ""buy_4th_pre_req"": ""13427"", ""buy_4th_pre_req_pre"": ""0"", ""buy_5th_pre_bid"": ""-13030"", ""buy_5th_pre_req"": ""17212"", ""buy_5th_pre_req_pre"": ""0"", ""buy_6th_pre_bid"": ""-13020"", ""buy_6th_pre_req"": ""15552"", ""buy_6th_pre_req_pre"": ""0"", ""buy_7th_pre_bid"": ""-13010"", ""buy_7th_pre_req"": ""36642"", ""buy_7th_pre_req_pre"": ""0"", ""buy_8th_pre_bid"": ""-13000"", ""buy_8th_pre_req"": ""128778"", ""buy_8th_pre_req_pre"": ""0"", ""buy_9th_pre_bid"": ""-12990"", ""buy_9th_pre_req"": ""11368"", ""buy_9th_pre_req_pre"": ""0"", ""buy_10th_pre_bid"": ""-12980"", ""buy_10th_pre_req"": ""6274"", ""buy_10th_pre_req_pre"": ""0"", ""tot_sel_req_jub_pre"": ""0"", ""tot_sel_req"": ""8820"", ""tot_buy_req"": ""281723"", ""tot_buy_req_jub_pre"": ""0"", ""ovt_sel_req_pre"": ""0"", ""ovt_sel_req"": ""0"", ""ovt_buy_req"": ""0"", ""ovt_buy_req_pre"": ""0"", ""return_code"": 0, ""return_msg"": ""정상적으로 처리되었습니다""}"
2026-06-10,scan_candidate,090430,,0,main_scan,111800,,111800,111700,111800,111500,-0.7155635062611807,0.08944543828264759,,,,,,"{""bid_req_base_tm"": ""094909"", ""sel_10th_pre_req_pre"": ""0"", ""sel_10th_pre_req"": ""15"", ""sel_10th_pre_bid"": ""+113300"", ""sel_9th_pre_req_pre"": ""0"", ""sel_9th_pre_req"": ""8"", ""sel_9th_pre_bid"": ""+113100"", ""sel_8th_pre_req_pre"": ""0"", ""sel_8th_pre_req"": ""177"", ""sel_8th_pre_bid"": ""+113000"", ""sel_7th_pre_req_pre"": ""0"", ""sel_7th_pre_req"": ""58"", ""sel_7th_pre_bid"": ""+112900"", ""sel_6th_pre_req_pre"": ""0"", ""sel_6th_pre_req"": ""1"", ""sel_6th_pre_bid"": ""+112800"", ""sel_5th_pre_req_pre"": ""0"", ""sel_5th_pre_req"": ""7"", ""sel_5th_pre_bid"": ""+112700"", ""sel_4th_pre_req_pre"": ""0"", ""sel_4th_pre_req"": ""56"", ""sel_4th_pre_bid"": ""+112100"", ""sel_3th_pre_req_pre"": ""0"", ""sel_3th_pre_req"": ""145"", ""sel_3th_pre_bid"": ""112000"", ""sel_2th_pre_req_pre"": ""0"", ""sel_2th_pre_req"": ""53"", ""sel_2th_pre_bid"": ""-111900"", ""sel_1th_pre_req_pre"": ""0"", ""sel_fpr_req"": ""374"", ""sel_fpr_bid"": ""-111800"", ""buy_fpr_bid"": ""-111700"", ""buy_fpr_req"": ""17"", ""buy_1th_pre_req_pre"": ""--7"", ""buy_2th_pre_bid"": ""-111600"", ""buy_2th_pre_req"": ""198"", ""buy_2th_pre_req_pre"": ""0"", ""buy_3th_pre_bid"": ""-111500"", ""buy_3th_pre_req"": ""47"", ""buy_3th_pre_req_pre"": ""0"", ""buy_4th_pre_bid"": ""-111400"", ""buy_4th_pre_req"": ""32"", ""buy_4th_pre_req_pre"": ""0"", ""buy_5th_pre_bid"": ""-111300"", ""buy_5th_pre_req"": ""96"", ""buy_5th_pre_req_pre"": ""0"", ""buy_6th_pre_bid"": ""-111200"", ""buy_6th_pre_req"": ""11"", ""buy_6th_pre_req_pre"": ""0"", ""buy_7th_pre_bid"": ""-111100"", ""buy_7th_pre_req"": ""19"", ""buy_7th_pre_req_pre"": ""0"", ""buy_8th_pre_bid"": ""-111000"", ""buy_8th_pre_req"": ""153"", ""buy_8th_pre_req_pre"": ""0"", ""buy_9th_pre_bid"": ""-110900"", ""buy_9th_pre_req"": ""83"", ""buy_9th_pre_req_pre"": ""0"", ""buy_10th_pre_bid"": ""-110800"", ""buy_10th_pre_req"": ""54"", ""buy_10th_pre_req_pre"": ""0"", ""tot_sel_req_jub_pre"": ""0"", ""tot_sel_req"": ""894"", ""tot_buy_req"": ""710"", ""tot_buy_req_jub_pre"": ""--7"", ""ovt_sel_req_pre"": ""0"", ""ovt_sel_req"": ""0"", ""ovt_buy_req"": ""0"", ""ovt_buy_req_pre"": ""0"", ""return_code"": 0, ""return_msg"": ""정상적으로 처리되었습니다""}"
2026-06-10,scan_candidate,004170,,0,main_scan,667000,,667000,666000,667000,669000,0.14992503748125938,0.14992503748125938,,,,,,"{""bid_req_base_tm"": ""094909"", ""sel_10th_pre_req_pre"": ""0"", ""sel_10th_pre_req"": ""10"", ""sel_10th_pre_bid"": ""+677000"", ""sel_9th_pre_req_pre"": ""0"", ""sel_9th_pre_req"": ""30"", ""sel_9th_pre_bid"": ""+676000"", ""sel_8th_pre_req_pre"": ""0"", ""sel_8th_pre_req"": ""5"", ""sel_8th_pre_bid"": ""+675000"", ""sel_7th_pre_req_pre"": ""0"", ""sel_7th_pre_req"": ""30"", ""sel_7th_pre_bid"": ""+674000"", ""sel_6th_pre_req_pre"": ""0"", ""sel_6th_pre_req"": ""20"", ""sel_6th_pre_bid"": ""+673000"", ""sel_5th_pre_req_pre"": ""0"", ""sel_5th_pre_req"": ""16"", ""sel_5th_pre_bid"": ""+671000"", ""sel_4th_pre_req_pre"": ""0"", ""sel_4th_pre_req"": ""27"", ""sel_4th_pre_bid"": ""+670000"", ""sel_3th_pre_req_pre"": ""0"", ""sel_3th_pre_req"": ""5"", ""sel_3th_pre_bid"": ""+669000"", ""sel_2th_pre_req_pre"": ""0"", ""sel_2th_pre_req"": ""46"", ""sel_2th_pre_bid"": ""+668000"", ""sel_1th_pre_req_pre"": ""0"", ""sel_fpr_req"": ""32"", ""sel_fpr_bid"": ""+667000"", ""buy_fpr_bid"": ""+666000"", ""buy_fpr_req"": ""88"", ""buy_1th_pre_req_pre"": ""0"", ""buy_2th_pre_bid"": ""+665000"", ""buy_2th_pre_req"": ""25"", ""buy_2th_pre_req_pre"": ""0"", ""buy_3th_pre_bid"": ""+664000"", ""buy_3th_pre_req"": ""17"", ""buy_3th_pre_req_pre"": ""0"", ""buy_4th_pre_bid"": ""+663000"", ""buy_4th_pre_req"": ""55"", ""buy_4th_pre_req_pre"": ""0"", ""buy_5th_pre_bid"": ""+662000"", ""buy_5th_pre_req"": ""28"", ""buy_5th_pre_req_pre"": ""0"", ""buy_6th_pre_bid"": ""+661000"", ""buy_6th_pre_req"": ""22"", ""buy_6th_pre_req_pre"": ""0"", ""buy_7th_pre_bid"": ""+660000"", ""buy_7th_pre_req"": ""12"", ""buy_7th_pre_req_pre"": ""0"", ""buy_8th_pre_bid"": ""+658000"", ""buy_8th_pre_req"": ""10"", ""buy_8th_pre_req_pre"": ""0"", ""buy_9th_pre_bid"": ""+657000"", ""buy_9th_pre_req"": ""1"", ""buy_9th_pre_req_pre"": ""0"", ""buy_10th_pre_bid"": ""+655000"", ""buy_10th_pre_req"": ""21"", ""buy_10th_pre_req_pre"": ""0"", ""tot_sel_req_jub_pre"": ""0"", ""tot_sel_req"": ""221"", ""tot_buy_req"": ""279"", ""tot_buy_req_jub_pre"": ""0"", ""ovt_sel_req_pre"": ""0"", ""ovt_sel_req"": ""0"", ""ovt_buy_req"": ""0"", ""ovt_buy_req_pre"": ""0"", ""return_code"": 0, ""return_msg"": ""정상적으로 처리되었습니다""}"
2026-06-10,scan_candidate,036570,,0,main_scan,256500,,256500,256000,256500,257500,0.1949317738791423,0.1949317738791423,,,,,,"{""bid_req_base_tm"": ""094910"", ""sel_10th_pre_req_pre"": ""0"", ""sel_10th_pre_req"": ""21"", ""sel_10th_pre_bid"": ""-261000"", ""sel_9th_pre_req_pre"": ""0"", ""sel_9th_pre_req"": ""31"", ""sel_9th_pre_bid"": ""-260500"", ""sel_8th_pre_req_pre"": ""0"", ""sel_8th_pre_req"": ""65"", ""sel_8th_pre_bid"": ""-260000"", ""sel_7th_pre_req_pre"": ""0"", ""sel_7th_pre_req"": ""81"", ""sel_7th_pre_bid"": ""-259500"", ""sel_6th_pre_req_pre"": ""0"", ""sel_6th_pre_req"": ""48"", ""sel_6th_pre_bid"": ""-259000"", ""sel_5th_pre_req_pre"": ""0"", ""sel_5th_pre_req"": ""44"", ""sel_5th_pre_bid"": ""-258500"", ""sel_4th_pre_req_pre"": ""0"", ""sel_4th_pre_req"": ""26"", ""sel_4th_pre_bid"": ""-258000"", ""sel_3th_pre_req_pre"": ""0"", ""sel_3th_pre_req"": ""58"", ""sel_3th_pre_bid"": ""-257500"", ""sel_2th_pre_req_pre"": ""0"", ""sel_2th_pre_req"": ""39"", ""sel_2th_pre_bid"": ""-257000"", ""sel_1th_pre_req_pre"": ""--5"", ""sel_fpr_req"": ""76"", ""sel_fpr_bid"": ""-256500"", ""buy_fpr_bid"": ""-256000"", ""buy_fpr_req"": ""64"", ""buy_1th_pre_req_pre"": ""0"", ""buy_2th_pre_bid"": ""-255500"", ""buy_2th_pre_req"": ""37"", ""buy_2th_pre_req_pre"": ""0"", ""buy_3th_pre_bid"": ""-255000"", ""buy_3th_pre_req"": ""80"", ""buy_3th_pre_req_pre"": ""0"", ""buy_4th_pre_bid"": ""-254500"", ""buy_4th_pre_req"": ""296"", ""buy_4th_pre_req_pre"": ""0"", ""buy_5th_pre_bid"": ""-254000"", ""buy_5th_pre_req"": ""280"", ""buy_5th_pre_req_pre"": ""0"", ""buy_6th_pre_bid"": ""-253500"", ""buy_6th_pre_req"": ""391"", ""buy_6th_pre_req_pre"": ""0"", ""buy_7th_pre_bid"": ""-253000"", ""buy_7th_pre_req"": ""721"", ""buy_7th_pre_req_pre"": ""0"", ""buy_8th_pre_bid"": ""-252500"", ""buy_8th_pre_req"": ""189"", ""buy_8th_pre_req_pre"": ""0"", ""buy_9th_pre_bid"": ""-252000"", ""buy_9th_pre_req"": ""177"", ""buy_9th_pre_req_pre"": ""0"", ""buy_10th_pre_bid"": ""-251500"", ""buy_10th_pre_req"": ""218"", ""buy_10th_pre_req_pre"": ""0"", ""tot_sel_req_jub_pre"": ""--5"", ""tot_sel_req"": ""489"", ""tot_buy_req"": ""2453"", ""tot_buy_req_jub_pre"": ""0"", ""ovt_sel_req_pre"": ""0"", ""ovt_sel_req"": ""0"", ""ovt_buy_req"": ""0"", ""ovt_buy_req_pre"": ""0"", ""return_code"": 0, ""return_msg"": ""정상적으로 처리되었습니다""}"
2026-06-10,scan_candidate,271560,,0,main_scan,132200,,132200,132100,132200,132000,-0.529500756429652,0.07564296520423601,,,,,,"{""bid_req_base_tm"": ""094910"", ""sel_10th_pre_req_pre"": ""0"", ""sel_10th_pre_req"": ""100"", ""sel_10th_pre_bid"": ""+133700"", ""sel_9th_pre_req_pre"": ""0"", ""sel_9th_pre_req"": ""25"", ""sel_9th_pre_bid"": ""+133600"", ""sel_8th_pre_req_pre"": ""0"", ""sel_8th_pre_req"": ""253"", ""sel_8th_pre_bid"": ""+133500"", ""sel_7th_pre_req_pre"": ""0"", ""sel_7th_pre_req"": ""3"", ""sel_7th_pre_bid"": ""+133200"", ""sel_6th_pre_req_pre"": ""0"", ""sel_6th_pre_req"": ""3"", ""sel_6th_pre_bid"": ""132900"", ""sel_5th_pre_req_pre"": ""0"", ""sel_5th_pre_req"": ""14"", ""sel_5th_pre_bid"": ""-132800"", ""sel_4th_pre_req_pre"": ""0"", ""sel_4th_pre_req"": ""9"", ""sel_4th_pre_bid"": ""-132700"", ""sel_3th_pre_req_pre"": ""0"", ""sel_3th_pre_req"": ""240"", ""sel_3th_pre_bid"": ""-132600"", ""sel_2th_pre_req_pre"": ""0"", ""sel_2th_pre_req"": ""129"", ""sel_2th_pre_bid"": ""-132300"", ""sel_1th_pre_req_pre"": ""+10"", ""sel_fpr_req"": ""76"", ""sel_fpr_bid"": ""-132200"", ""buy_fpr_bid"": ""-132100"", ""buy_fpr_req"": ""131"", ""buy_1th_pre_req_pre"": ""--10"", ""buy_2th_pre_bid"": ""-132000"", ""buy_2th_pre_req"": ""164"", ""buy_2th_pre_req_pre"": ""0"", ""buy_3th_pre_bid"": ""-131900"", ""buy_3th_pre_req"": ""9"", ""buy_3th_pre_req_pre"": ""0"", ""buy_4th_pre_bid"": ""-131800"", ""buy_4th_pre_req"": ""11"", ""buy_4th_pre_req_pre"": ""0"", ""buy_5th_pre_bid"": ""-131600"", ""buy_5th_pre_req"": ""40"", ""buy_5th_pre_req_pre"": ""0"", ""buy_6th_pre_bid"": ""-131500"", ""buy_6th_pre_req"": ""9"", ""buy_6th_pre_req_pre"": ""0"", ""buy_7th_pre_bid"": ""-131200"", ""buy_7th_pre_req"": ""30"", ""buy_7th_pre_req_pre"": ""0"", ""buy_8th_pre_bid"": ""-131100"", ""buy_8th_pre_req"": ""20"", ""buy_8th_pre_req_pre"": ""0"", ""buy_9th_pre_bid"": ""-131000"", ""buy_9th_pre_req"": ""1"", ""buy_9th_pre_req_pre"": ""0"", ""buy_10th_pre_bid"": ""-130900"", ""buy_10th_pre_req"": ""56"", ""buy_10th_pre_req_pre"": ""0"", ""tot_sel_req_jub_pre"": ""+10"", ""tot_sel_req"": ""852"", ""tot_buy_req"": ""471"", ""tot_buy_req_jub_pre"": ""--10"", ""ovt_sel_req_pre"": ""0"", ""ovt_sel_req"": ""0"", ""ovt_buy_req"": ""0"", ""ovt_buy_req_pre"": ""0"", ""return_code"": 0, ""return_msg"": ""정상적으로 처리되었습니다""}"
2026-06-10,scan_candidate,023530,,0,main_scan,190600,,190600,190400,190600,190000,-0.577124868835257,0.1049317943336831,,,,,,"{""bid_req_base_tm"": ""094911"", ""sel_10th_pre_req_pre"": ""0"", ""sel_10th_pre_req"": ""327"", ""sel_10th_pre_bid"": ""+192200"", ""sel_9th_pre_req_pre"": ""0"", ""sel_9th_pre_req"": ""2"", ""sel_9th_pre_bid"": ""+192100"", ""sel_8th_pre_req_pre"": ""0"", ""sel_8th_pre_req"": ""100"", ""sel_8th_pre_bid"": ""+192000"", ""sel_7th_pre_req_pre"": ""0"", ""sel_7th_pre_req"": ""1"", ""sel_7th_pre_bid"": ""+191900"", ""sel_6th_pre_req_pre"": ""0"", ""sel_6th_pre_req"": ""6"", ""sel_6th_pre_bid"": ""+191800"", ""sel_5th_pre_req_pre"": ""0"", ""sel_5th_pre_req"": ""92"", ""sel_5th_pre_bid"": ""+191500"", ""sel_4th_pre_req_pre"": ""0"", ""sel_4th_pre_req"": ""201"", ""sel_4th_pre_bid"": ""+191100"", ""sel_3th_pre_req_pre"": ""0"", ""sel_3th_pre_req"": ""5"", ""sel_3th_pre_bid"": ""+191000"", ""sel_2th_pre_req_pre"": ""0"", ""sel_2th_pre_req"": ""1"", ""sel_2th_pre_bid"": ""+190800"", ""sel_1th_pre_req_pre"": ""0"", ""sel_fpr_req"": ""31"", ""sel_fpr_bid"": ""+190600"", ""buy_fpr_bid"": ""+190400"", ""buy_fpr_req"": ""30"", ""buy_1th_pre_req_pre"": ""0"", ""buy_2th_pre_bid"": ""+190300"", ""buy_2th_pre_req"": ""1"", ""buy_2th_pre_req_pre"": ""0"", ""buy_3th_pre_bid"": ""+190200"", ""buy_3th_pre_req"": ""6"", ""buy_3th_pre_req_pre"": ""0"", ""buy_4th_pre_bid"": ""+190100"", ""buy_4th_pre_req"": ""9"", ""buy_4th_pre_req_pre"": ""0"", ""buy_5th_pre_bid"": ""+189800"", ""buy_5th_pre_req"": ""22"", ""buy_5th_pre_req_pre"": ""0"", ""buy_6th_pre_bid"": ""+189700"", ""buy_6th_pre_req"": ""3"", ""buy_6th_pre_req_pre"": ""0"", ""buy_7th_pre_bid"": ""+189600"", ""buy_7th_pre_req"": ""48"", ""buy_7th_pre_req_pre"": ""+5"", ""buy_8th_pre_bid"": ""+189500"", ""buy_8th_pre_req"": ""25"", ""buy_8th_pre_req_pre"": ""0"", ""buy_9th_pre_bid"": ""+189400"", ""buy_9th_pre_req"": ""2"", ""buy_9th_pre_req_pre"": ""0"", ""buy_10th_pre_bid"": ""+189300"", ""buy_10th_pre_req"": ""1"", ""buy_10th_pre_req_pre"": ""0"", ""tot_sel_req_jub_pre"": ""0"", ""tot_sel_req"": ""766"", ""tot_buy_req"": ""147"", ""tot_buy_req_jub_pre"": ""+5"", ""ovt_sel_req_pre"": ""0"", ""ovt_sel_req"": ""0"", ""ovt_buy_req"": ""0"", ""ovt_buy_req_pre"": ""0"", ""return_code"": 0, ""return_msg"": ""정상적으로 처리되었습니다""}"
2026-06-10,scan_candidate,175330,,0,main_scan,25350,,25350,25300,25350,25400,0.0,0.19723865877712032,,,,,,"{""bid_req_base_tm"": ""094909"", ""sel_10th_pre_req_pre"": ""0"", ""sel_10th_pre_req"": ""299"", ""sel_10th_pre_bid"": ""-25800"", ""sel_9th_pre_req_pre"": ""0"", ""sel_9th_pre_req"": ""56"", ""sel_9th_pre_bid"": ""-25750"", ""sel_8th_pre_req_pre"": ""0"", ""sel_8th_pre_req"": ""84"", ""sel_8th_pre_bid"": ""-25700"", ""sel_7th_pre_req_pre"": ""0"", ""sel_7th_pre_req"": ""461"", ""sel_7th_pre_bid"": ""-25650"", ""sel_6th_pre_req_pre"": ""0"", ""sel_6th_pre_req"": ""468"", ""sel_6th_pre_bid"": ""-25600"", ""sel_5th_pre_req_pre"": ""0"", ""sel_5th_pre_req"": ""406"", ""sel_5th_pre_bid"": ""-25550"", ""sel_4th_pre_req_pre"": ""0"", ""sel_4th_pre_req"": ""58"", ""sel_4th_pre_bid"": ""-25500"", ""sel_3th_pre_req_pre"": ""0"", ""sel_3th_pre_req"": ""425"", ""sel_3th_pre_bid"": ""-25450"", ""sel_2th_pre_req_pre"": ""0"", ""sel_2th_pre_req"": ""484"", ""sel_2th_pre_bid"": ""-25400"", ""sel_1th_pre_req_pre"": ""+110"", ""sel_fpr_req"": ""1610"", ""sel_fpr_bid"": ""-25350"", ""buy_fpr_bid"": ""-25300"", ""buy_fpr_req"": ""441"", ""buy_1th_pre_req_pre"": ""0"", ""buy_2th_pre_bid"": ""-25250"", ""buy_2th_pre_req"": ""1222"", ""buy_2th_pre_req_pre"": ""0"", ""buy_3th_pre_bid"": ""-25200"", ""buy_3th_pre_req"": ""1281"", ""buy_3th_pre_req_pre"": ""0"", ""buy_4th_pre_bid"": ""-25150"", ""buy_4th_pre_req"": ""645"", ""buy_4th_pre_req_pre"": ""0"", ""buy_5th_pre_bid"": ""-25100"", ""buy_5th_pre_req"": ""716"", ""buy_5th_pre_req_pre"": ""0"", ""buy_6th_pre_bid"": ""-25050"", ""buy_6th_pre_req"": ""318"", ""buy_6th_pre_req_pre"": ""0"", ""buy_7th_pre_bid"": ""-25000"", ""buy_7th_pre_req"": ""657"", ""buy_7th_pre_req_pre"": ""0"", ""buy_8th_pre_bid"": ""-24950"", ""buy_8th_pre_req"": ""238"", ""buy_8th_pre_req_pre"": ""0"", ""buy_9th_pre_bid"": ""-24900"", ""buy_9th_pre_req"": ""705"", ""buy_9th_pre_req_pre"": ""0"", ""buy_10th_pre_bid"": ""-24850"", ""buy_10th_pre_req"": ""836"", ""buy_10th_pre_req_pre"": ""0"", ""tot_sel_req_jub_pre"": ""+110"", ""tot_sel_req"": ""4351"", ""tot_buy_req"": ""7059"", ""tot_buy_req_jub_pre"": ""0"", ""ovt_sel_req_pre"": ""0"", ""ovt_sel_req"": ""0"", ""ovt_buy_req"": ""0"", ""ovt_buy_req_pre"": ""0"", ""return_code"": 0, ""return_msg"": ""정상적으로 처리되었습니다""}"
2026-06-10,scan_candidate,088350,,0,main_scan,4815,,4815,4810,4815,4825,0.10384215991692627,0.10384215991692627,,,,,,"{""bid_req_base_tm"": ""094911"", ""sel_10th_pre_req_pre"": ""0"", ""sel_10th_pre_req"": ""12"", ""sel_10th_pre_bid"": ""-4860"", ""sel_9th_pre_req_pre"": ""0"", ""sel_9th_pre_req"": ""447"", ""sel_9th_pre_bid"": ""-4855"", ""sel_8th_pre_req_pre"": ""0"", ""sel_8th_pre_req"": ""7095"", ""sel_8th_pre_bid"": ""-4850"", ""sel_7th_pre_req_pre"": ""0"", ""sel_7th_pre_req"": ""5036"", ""sel_7th_pre_bid"": ""-4845"", ""sel_6th_pre_req_pre"": ""0"", ""sel_6th_pre_req"": ""2192"", ""sel_6th_pre_bid"": ""-4840"", ""sel_5th_pre_req_pre"": ""0"", ""sel_5th_pre_req"": ""1030"", ""sel_5th_pre_bid"": ""-4835"", ""sel_4th_pre_req_pre"": ""0"", ""sel_4th_pre_req"": ""3010"", ""sel_4th_pre_bid"": ""-4830"", ""sel_3th_pre_req_pre"": ""0"", ""sel_3th_pre_req"": ""299"", ""sel_3th_pre_bid"": ""-4825"", ""sel_2th_pre_req_pre"": ""0"", ""sel_2th_pre_req"": ""1909"", ""sel_2th_pre_bid"": ""-4820"", ""sel_1th_pre_req_pre"": ""0"", ""sel_fpr_req"": ""1943"", ""sel_fpr_bid"": ""-4815"", ""buy_fpr_bid"": ""-4810"", ""buy_fpr_req"": ""738"", ""buy_1th_pre_req_pre"": ""+275"", ""buy_2th_pre_bid"": ""-4805"", ""buy_2th_pre_req"": ""132"", ""buy_2th_pre_req_pre"": ""0"", ""buy_3th_pre_bid"": ""-4800"", ""buy_3th_pre_req"": ""1085"", ""buy_3th_pre_req_pre"": ""0"", ""buy_4th_pre_bid"": ""-4795"", ""buy_4th_pre_req"": ""6912"", ""buy_4th_pre_req_pre"": ""0"", ""buy_5th_pre_bid"": ""-4790"", ""buy_5th_pre_req"": ""29302"", ""buy_5th_pre_req_pre"": ""0"", ""buy_6th_pre_bid"": ""-4785"", ""buy_6th_pre_req"": ""6638"", ""buy_6th_pre_req_pre"": ""0"", ""buy_7th_pre_bid"": ""-4780"", ""buy_7th_pre_req"": ""8304"", ""buy_7th_pre_req_pre"": ""0"", ""buy_8th_pre_bid"": ""-4775"", ""buy_8th_pre_req"": ""3656"", ""buy_8th_pre_req_pre"": ""0"", ""buy_9th_pre_bid"": ""-4770"", ""buy_9th_pre_req"": ""3486"", ""buy_9th_pre_req_pre"": ""0"", ""buy_10th_pre_bid"": ""-4765"", ""buy_10th_pre_req"": ""4992"", ""buy_10th_pre_req_pre"": ""0"", ""tot_sel_req_jub_pre"": ""0"", ""tot_sel_req"": ""22973"", ""tot_buy_req"": ""65245"", ""tot_buy_req_jub_pre"": ""+275"", ""ovt_sel_req_pre"": ""0"", ""ovt_sel_req"": ""0"", ""ovt_buy_req"": ""0"", ""ovt_buy_req_pre"": ""0"", ""return_code"": 0, ""return_msg"": ""정상적으로 처리되었습니다""}"
2026-06-10,scan_candidate,069960,,0,main_scan,164800,,164800,164700,164800,164000,-0.7888349514563107,0.06067961165048543,,,,,,"{""bid_req_base_tm"": ""094909"", ""sel_10th_pre_req_pre"": ""0"", ""sel_10th_pre_req"": ""8"", ""sel_10th_pre_bid"": ""-166500"", ""sel_9th_pre_req_pre"": ""0"", ""sel_9th_pre_req"": ""200"", ""sel_9th_pre_bid"": ""-166000"", ""sel_8th_pre_req_pre"": ""0"", ""sel_8th_pre_req"": ""122"", ""sel_8th_pre_bid"": ""-165800"", ""sel_7th_pre_req_pre"": ""0"", ""sel_7th_pre_req"": ""1"", ""sel_7th_pre_bid"": ""-165500"", ""sel_6th_pre_req_pre"": ""0"", ""sel_6th_pre_req"": ""9"", ""sel_6th_pre_bid"": ""-165400"", ""sel_5th_pre_req_pre"": ""0"", ""sel_5th_pre_req"": ""25"", ""sel_5th_pre_bid"": ""-165300"", ""sel_4th_pre_req_pre"": ""0"", ""sel_4th_pre_req"": ""21"", ""sel_4th_pre_bid"": ""-165200"", ""sel_3th_pre_req_pre"": ""0"", ""sel_3th_pre_req"": ""36"", ""sel_3th_pre_bid"": ""-165100"", ""sel_2th_pre_req_pre"": ""0"", ""sel_2th_pre_req"": ""56"", ""sel_2th_pre_bid"": ""-164900"", ""sel_1th_pre_req_pre"": ""--52"", ""sel_fpr_req"": ""224"", ""sel_fpr_bid"": ""-164800"", ""buy_fpr_bid"": ""-164700"", ""buy_fpr_req"": ""75"", ""buy_1th_pre_req_pre"": ""0"", ""buy_2th_pre_bid"": ""-164600"", ""buy_2th_pre_req"": ""12"", ""buy_2th_pre_req_pre"": ""0"", ""buy_3th_pre_bid"": ""-164500"", ""buy_3th_pre_req"": ""3"", ""buy_3th_pre_req_pre"": ""0"", ""buy_4th_pre_bid"": ""-164400"", ""buy_4th_pre_req"": ""2"", ""buy_4th_pre_req_pre"": ""0"", ""buy_5th_pre_bid"": ""-164100"", ""buy_5th_pre_req"": ""21"", ""buy_5th_pre_req_pre"": ""0"", ""buy_6th_pre_bid"": ""-164000"", ""buy_6th_pre_req"": ""6"", ""buy_6th_pre_req_pre"": ""0"", ""buy_7th_pre_bid"": ""-163700"", ""buy_7th_pre_req"": ""8"", ""buy_7th_pre_req_pre"": ""0"", ""buy_8th_pre_bid"": ""-163500"", ""buy_8th_pre_req"": ""1"", ""buy_8th_pre_req_pre"": ""0"", ""buy_9th_pre_bid"": ""-163400"", ""buy_9th_pre_req"": ""3"", ""buy_9th_pre_req_pre"": ""0"", ""buy_10th_pre_bid"": ""-163300"", ""buy_10th_pre_req"": ""2"", ""buy_10th_pre_req_pre"": ""0"", ""tot_sel_req_jub_pre"": ""--52"", ""tot_sel_req"": ""702"", ""tot_buy_req"": ""133"", ""tot_buy_req_jub_pre"": ""0"", ""ovt_sel_req_pre"": ""0"", ""ovt_sel_req"": ""0"", ""ovt_buy_req"": ""0"", ""ovt_buy_req_pre"": ""0"", ""return_code"": 0, ""return_msg"": ""정상적으로 처리되었습니다""}"
2026-06-10,scan_candidate,489790,,0,main_scan,70100,,70100,70000,70100,70400,0.28530670470756064,0.14265335235378032,,,,,,"{""bid_req_base_tm"": ""094911"", ""sel_10th_pre_req_pre"": ""0"", ""sel_10th_pre_req"": ""771"", ""sel_10th_pre_bid"": ""+71000"", ""sel_9th_pre_req_pre"": ""0"", ""sel_9th_pre_req"": ""401"", ""sel_9th_pre_bid"": ""+70900"", ""sel_8th_pre_req_pre"": ""0"", ""sel_8th_pre_req"": ""659"", ""sel_8th_pre_bid"": ""+70800"", ""sel_7th_pre_req_pre"": ""0"", ""sel_7th_pre_req"": ""192"", ""sel_7th_pre_bid"": ""+70700"", ""sel_6th_pre_req_pre"": ""0"", ""sel_6th_pre_req"": ""49"", ""sel_6th_pre_bid"": ""+70600"", ""sel_5th_pre_req_pre"": ""0"", ""sel_5th_pre_req"": ""1335"", ""sel_5th_pre_bid"": ""+70500"", ""sel_4th_pre_req_pre"": ""0"", ""sel_4th_pre_req"": ""65"", ""sel_4th_pre_bid"": ""+70400"", ""sel_3th_pre_req_pre"": ""0"", ""sel_3th_pre_req"": ""269"", ""sel_3th_pre_bid"": ""+70300"", ""sel_2th_pre_req_pre"": ""0"", ""sel_2th_pre_req"": ""42"", ""sel_2th_pre_bid"": ""+70200"", ""sel_1th_pre_req_pre"": ""0"", ""sel_fpr_req"": ""76"", ""sel_fpr_bid"": ""+70100"", ""buy_fpr_bid"": ""+70000"", ""buy_fpr_req"": ""291"", ""buy_1th_pre_req_pre"": ""0"", ""buy_2th_pre_bid"": ""+69900"", ""buy_2th_pre_req"": ""22975"", ""buy_2th_pre_req_pre"": ""0"", ""buy_3th_pre_bid"": ""+69800"", ""buy_3th_pre_req"": ""263"", ""buy_3th_pre_req_pre"": ""0"", ""buy_4th_pre_bid"": ""+69700"", ""buy_4th_pre_req"": ""45"", ""buy_4th_pre_req_pre"": ""0"", ""buy_5th_pre_bid"": ""+69600"", ""buy_5th_pre_req"": ""393"", ""buy_5th_pre_req_pre"": ""0"", ""buy_6th_pre_bid"": ""+69500"", ""buy_6th_pre_req"": ""137"", ""buy_6th_pre_req_pre"": ""0"", ""buy_7th_pre_bid"": ""+69400"", ""buy_7th_pre_req"": ""11"", ""buy_7th_pre_req_pre"": ""0"", ""buy_8th_pre_bid"": ""+69300"", ""buy_8th_pre_req"": ""78"", ""buy_8th_pre_req_pre"": ""0"", ""buy_9th_pre_bid"": ""+69200"", ""buy_9th_pre_req"": ""22"", ""buy_9th_pre_req_pre"": ""0"", ""buy_10th_pre_bid"": ""+69100"", ""buy_10th_pre_req"": ""118"", ""buy_10th_pre_req_pre"": ""0"", ""tot_sel_req_jub_pre"": ""0"", ""tot_sel_req"": ""3859"", ""tot_buy_req"": ""24333"", ""tot_buy_req_jub_pre"": ""0"", ""ovt_sel_req_pre"": ""0"", ""ovt_sel_req"": ""0"", ""ovt_buy_req"": ""0"", ""ovt_buy_req_pre"": ""0"", ""return_code"": 0, ""return_msg"": ""정상적으로 처리되었습니다""}"
2026-06-10,scan_candidate,085620,,0,main_scan,21700,,21700,21650,21700,21750,0.0,0.2304147465437788,,,,,,"{""bid_req_base_tm"": ""094912"", ""sel_10th_pre_req_pre"": ""0"", ""sel_10th_pre_req"": ""1292"", ""sel_10th_pre_bid"": ""-22150"", ""sel_9th_pre_req_pre"": ""0"", ""sel_9th_pre_req"": ""2592"", ""sel_9th_pre_bid"": ""-22100"", ""sel_8th_pre_req_pre"": ""0"", ""sel_8th_pre_req"": ""1900"", ""sel_8th_pre_bid"": ""-22050"", ""sel_7th_pre_req_pre"": ""0"", ""sel_7th_pre_req"": ""742"", ""sel_7th_pre_bid"": ""-22000"", ""sel_6th_pre_req_pre"": ""0"", ""sel_6th_pre_req"": ""1009"", ""sel_6th_pre_bid"": ""-21950"", ""sel_5th_pre_req_pre"": ""0"", ""sel_5th_pre_req"": ""758"", ""sel_5th_pre_bid"": ""-21900"", ""sel_4th_pre_req_pre"": ""0"", ""sel_4th_pre_req"": ""121"", ""sel_4th_pre_bid"": ""-21850"", ""sel_3th_pre_req_pre"": ""0"", ""sel_3th_pre_req"": ""170"", ""sel_3th_pre_bid"": ""-21800"", ""sel_2th_pre_req_pre"": ""0"", ""sel_2th_pre_req"": ""334"", ""sel_2th_pre_bid"": ""-21750"", ""sel_1th_pre_req_pre"": ""+19"", ""sel_fpr_req"": ""44"", ""sel_fpr_bid"": ""-21700"", ""buy_fpr_bid"": ""-21650"", ""buy_fpr_req"": ""10"", ""buy_1th_pre_req_pre"": ""0"", ""buy_2th_pre_bid"": ""-21600"", ""buy_2th_pre_req"": ""824"", ""buy_2th_pre_req_pre"": ""0"", ""buy_3th_pre_bid"": ""-21550"", ""buy_3th_pre_req"": ""200"", ""buy_3th_pre_req_pre"": ""0"", ""buy_4th_pre_bid"": ""-21500"", ""buy_4th_pre_req"": ""2411"", ""buy_4th_pre_req_pre"": ""0"", ""buy_5th_pre_bid"": ""-21450"", ""buy_5th_pre_req"": ""2839"", ""buy_5th_pre_req_pre"": ""--10"", ""buy_6th_pre_bid"": ""-21400"", ""buy_6th_pre_req"": ""3468"", ""buy_6th_pre_req_pre"": ""0"", ""buy_7th_pre_bid"": ""-21350"", ""buy_7th_pre_req"": ""2340"", ""buy_7th_pre_req_pre"": ""0"", ""buy_8th_pre_bid"": ""-21300"", ""buy_8th_pre_req"": ""6153"", ""buy_8th_pre_req_pre"": ""0"", ""buy_9th_pre_bid"": ""-21250"", ""buy_9th_pre_req"": ""1849"", ""buy_9th_pre_req_pre"": ""0"", ""buy_10th_pre_bid"": ""-21200"", ""buy_10th_pre_req"": ""1137"", ""buy_10th_pre_req_pre"": ""0"", ""tot_sel_req_jub_pre"": ""+19"", ""tot_sel_req"": ""8962"", ""tot_buy_req"": ""21231"", ""tot_buy_req_jub_pre"": ""--10"", ""ovt_sel_req_pre"": ""0"", ""ovt_sel_req"": ""0"", ""ovt_buy_req"": ""0"", ""ovt_buy_req_pre"": ""0"", ""return_code"": 0, ""return_msg"": ""정상적으로 처리되었습니다""}"
2026-06-10,scan_candidate,001450,,0,main_scan,37300,,37300,37250,37300,37200,-0.40214477211796246,0.13404825737265416,,,,,,"{""bid_req_base_tm"": ""094911"", ""sel_10th_pre_req_pre"": ""0"", ""sel_10th_pre_req"": ""763"", ""sel_10th_pre_bid"": ""+37750"", ""sel_9th_pre_req_pre"": ""0"", ""sel_9th_pre_req"": ""3701"", ""sel_9th_pre_bid"": ""+37700"", ""sel_8th_pre_req_pre"": ""0"", ""sel_8th_pre_req"": ""1360"", ""sel_8th_pre_bid"": ""+37650"", ""sel_7th_pre_req_pre"": ""0"", ""sel_7th_pre_req"": ""314"", ""sel_7th_pre_bid"": ""+37600"", ""sel_6th_pre_req_pre"": ""0"", ""sel_6th_pre_req"": ""21"", ""sel_6th_pre_bid"": ""+37550"", ""sel_5th_pre_req_pre"": ""0"", ""sel_5th_pre_req"": ""298"", ""sel_5th_pre_bid"": ""+37500"", ""sel_4th_pre_req_pre"": ""0"", ""sel_4th_pre_req"": ""501"", ""sel_4th_pre_bid"": ""+37450"", ""sel_3th_pre_req_pre"": ""0"", ""sel_3th_pre_req"": ""12"", ""sel_3th_pre_bid"": ""+37400"", ""sel_2th_pre_req_pre"": ""0"", ""sel_2th_pre_req"": ""473"", ""sel_2th_pre_bid"": ""+37350"", ""sel_1th_pre_req_pre"": ""--20"", ""sel_fpr_req"": ""51"", ""sel_fpr_bid"": ""+37300"", ""buy_fpr_bid"": ""+37250"", ""buy_fpr_req"": ""955"", ""buy_1th_pre_req_pre"": ""0"", ""buy_2th_pre_bid"": ""+37150"", ""buy_2th_pre_req"": ""461"", ""buy_2th_pre_req_pre"": ""0"", ""buy_3th_pre_bid"": ""+37100"", ""buy_3th_pre_req"": ""84"", ""buy_3th_pre_req_pre"": ""0"", ""buy_4th_pre_bid"": ""+37050"", ""buy_4th_pre_req"": ""86"", ""buy_4th_pre_req_pre"": ""0"", ""buy_5th_pre_bid"": ""+37000"", ""buy_5th_pre_req"": ""651"", ""buy_5th_pre_req_pre"": ""0"", ""buy_6th_pre_bid"": ""+36950"", ""buy_6th_pre_req"": ""111"", ""buy_6th_pre_req_pre"": ""0"", ""buy_7th_pre_bid"": ""36900"", ""buy_7th_pre_req"": ""582"", ""buy_7th_pre_req_pre"": ""0"", ""buy_8th_pre_bid"": ""-36850"", ""buy_8th_pre_req"": ""130"", ""buy_8th_pre_req_pre"": ""0"", ""buy_9th_pre_bid"": ""-36800"", ""buy_9th_pre_req"": ""202"", ""buy_9th_pre_req_pre"": ""0"", ""buy_10th_pre_bid"": ""-36750"", ""buy_10th_pre_req"": ""258"", ""buy_10th_pre_req_pre"": ""0"", ""tot_sel_req_jub_pre"": ""--20"", ""tot_sel_req"": ""7494"", ""tot_buy_req"": ""3520"", ""tot_buy_req_jub_pre"": ""0"", ""ovt_sel_req_pre"": ""0"", ""ovt_sel_req"": ""0"", ""ovt_buy_req"": ""0"", ""ovt_buy_req_pre"": ""0"", ""return_code"": 0, ""return_msg"": ""정상적으로 처리되었습니다""}"
2026-06-10,scan_candidate,036460,,0,main_scan,34150,,34150,34100,34150,34300,0.29282576866764276,0.14641288433382138,,,,,,"{""bid_req_base_tm"": ""094912"", ""sel_10th_pre_req_pre"": ""0"", ""sel_10th_pre_req"": ""129"", ""sel_10th_pre_bid"": ""+34600"", ""sel_9th_pre_req_pre"": ""0"", ""sel_9th_pre_req"": ""202"", ""sel_9th_pre_bid"": ""+34550"", ""sel_8th_pre_req_pre"": ""0"", ""sel_8th_pre_req"": ""235"", ""sel_8th_pre_bid"": ""+34500"", ""sel_7th_pre_req_pre"": ""0"", ""sel_7th_pre_req"": ""459"", ""sel_7th_pre_bid"": ""+34450"", ""sel_6th_pre_req_pre"": ""0"", ""sel_6th_pre_req"": ""146"", ""sel_6th_pre_bid"": ""+34400"", ""sel_5th_pre_req_pre"": ""0"", ""sel_5th_pre_req"": ""230"", ""sel_5th_pre_bid"": ""+34350"", ""sel_4th_pre_req_pre"": ""0"", ""sel_4th_pre_req"": ""220"", ""sel_4th_pre_bid"": ""+34300"", ""sel_3th_pre_req_pre"": ""0"", ""sel_3th_pre_req"": ""214"", ""sel_3th_pre_bid"": ""+34250"", ""sel_2th_pre_req_pre"": ""0"", ""sel_2th_pre_req"": ""303"", ""sel_2th_pre_bid"": ""+34200"", ""sel_1th_pre_req_pre"": ""0"", ""sel_fpr_req"": ""188"", ""sel_fpr_bid"": ""+34150"", ""buy_fpr_bid"": ""+34100"", ""buy_fpr_req"": ""553"", ""buy_1th_pre_req_pre"": ""+25"", ""buy_2th_pre_bid"": ""+34050"", ""buy_2th_pre_req"": ""757"", ""buy_2th_pre_req_pre"": ""0"", ""buy_3th_pre_bid"": ""34000"", ""buy_3th_pre_req"": ""3023"", ""buy_3th_pre_req_pre"": ""0"", ""buy_4th_pre_bid"": ""-33950"", ""buy_4th_pre_req"": ""854"", ""buy_4th_pre_req_pre"": ""0"", ""buy_5th_pre_bid"": ""-33900"", ""buy_5th_pre_req"": ""987"", ""buy_5th_pre_req_pre"": ""0"", ""buy_6th_pre_bid"": ""-33850"", ""buy_6th_pre_req"": ""270"", ""buy_6th_pre_req_pre"": ""0"", ""buy_7th_pre_bid"": ""-33800"", ""buy_7th_pre_req"": ""253"", ""buy_7th_pre_req_pre"": ""0"", ""buy_8th_pre_bid"": ""-33750"", ""buy_8th_pre_req"": ""662"", ""buy_8th_pre_req_pre"": ""0"", ""buy_9th_pre_bid"": ""-33700"", ""buy_9th_pre_req"": ""459"", ""buy_9th_pre_req_pre"": ""0"", ""buy_10th_pre_bid"": ""-33650"", ""buy_10th_pre_req"": ""1145"", ""buy_10th_pre_req_pre"": ""0"", ""tot_sel_req_jub_pre"": ""0"", ""tot_sel_req"": ""2326"", ""tot_buy_req"": ""8963"", ""tot_buy_req_jub_pre"": ""+25"", ""ovt_sel_req_pre"": ""0"", ""ovt_sel_req"": ""0"", ""ovt_buy_req"": ""0"", ""ovt_buy_req_pre"": ""0"", ""return_code"": 0, ""return_msg"": ""정상적으로 처리되었습니다""}"
2026-06-10,scan_candidate,007810,,0,main_scan,119700,,119700,119600,119700,120000,-0.1670843776106934,0.0835421888053467,,,,,,"{""bid_req_base_tm"": ""094912"", ""sel_10th_pre_req_pre"": ""0"", ""sel_10th_pre_req"": ""86"", ""sel_10th_pre_bid"": ""+120800"", ""sel_9th_pre_req_pre"": ""0"", ""sel_9th_pre_req"": ""34"", ""sel_9th_pre_bid"": ""+120700"", ""sel_8th_pre_req_pre"": ""0"", ""sel_8th_pre_req"": ""36"", ""sel_8th_pre_bid"": ""+120600"", ""sel_7th_pre_req_pre"": ""0"", ""sel_7th_pre_req"": ""17"", ""sel_7th_pre_bid"": ""+120500"", ""sel_6th_pre_req_pre"": ""0"", ""sel_6th_pre_req"": ""1"", ""sel_6th_pre_bid"": ""+120400"", ""sel_5th_pre_req_pre"": ""0"", ""sel_5th_pre_req"": ""10"", ""sel_5th_pre_bid"": ""120300"", ""sel_4th_pre_req_pre"": ""0"", ""sel_4th_pre_req"": ""33"", ""sel_4th_pre_bid"": ""-120000"", ""sel_3th_pre_req_pre"": ""0"", ""sel_3th_pre_req"": ""29"", ""sel_3th_pre_bid"": ""-119900"", ""sel_2th_pre_req_pre"": ""0"", ""sel_2th_pre_req"": ""40"", ""sel_2th_pre_bid"": ""-119800"", ""sel_1th_pre_req_pre"": ""0"", ""sel_fpr_req"": ""2"", ""sel_fpr_bid"": ""-119700"", ""buy_fpr_bid"": ""-119600"", ""buy_fpr_req"": ""35"", ""buy_1th_pre_req_pre"": ""--2"", ""buy_2th_pre_bid"": ""-119500"", ""buy_2th_pre_req"": ""57"", ""buy_2th_pre_req_pre"": ""0"", ""buy_3th_pre_bid"": ""-119400"", ""buy_3th_pre_req"": ""24"", ""buy_3th_pre_req_pre"": ""0"", ""buy_4th_pre_bid"": ""-119300"", ""buy_4th_pre_req"": ""83"", ""buy_4th_pre_req_pre"": ""0"", ""buy_5th_pre_bid"": ""-119200"", ""buy_5th_pre_req"": ""104"", ""buy_5th_pre_req_pre"": ""0"", ""buy_6th_pre_bid"": ""-119100"", ""buy_6th_pre_req"": ""75"", ""buy_6th_pre_req_pre"": ""0"", ""buy_7th_pre_bid"": ""-119000"", ""buy_7th_pre_req"": ""195"", ""buy_7th_pre_req_pre"": ""0"", ""buy_8th_pre_bid"": ""-118900"", ""buy_8th_pre_req"": ""30"", ""buy_8th_pre_req_pre"": ""0"", ""buy_9th_pre_bid"": ""-118800"", ""buy_9th_pre_req"": ""17"", ""buy_9th_pre_req_pre"": ""0"", ""buy_10th_pre_bid"": ""-118700"", ""buy_10th_pre_req"": ""18"", ""buy_10th_pre_req_pre"": ""0"", ""tot_sel_req_jub_pre"": ""0"", ""tot_sel_req"": ""288"", ""tot_buy_req"": ""638"", ""tot_buy_req_jub_pre"": ""--2"", ""ovt_sel_req_pre"": ""0"", ""ovt_sel_req"": ""0"", ""ovt_buy_req"": ""0"", ""ovt_buy_req_pre"": ""0"", ""return_code"": 0, ""return_msg"": ""정상적으로 처리되었습니다""}"
2026-06-10,scan_candidate,001740,,0,main_scan,13590,,13590,13580,13590,13600,-0.29433406916850624,0.07358351729212656,,,,,,"{""bid_req_base_tm"": ""094912"", ""sel_10th_pre_req_pre"": ""0"", ""sel_10th_pre_req"": ""1226"", ""sel_10th_pre_bid"": ""-13680"", ""sel_9th_pre_req_pre"": ""0"", ""sel_9th_pre_req"": ""170"", ""sel_9th_pre_bid"": ""-13670"", ""sel_8th_pre_req_pre"": ""0"", ""sel_8th_pre_req"": ""172"", ""sel_8th_pre_bid"": ""-13660"", ""sel_7th_pre_req_pre"": ""0"", ""sel_7th_pre_req"": ""2690"", ""sel_7th_pre_bid"": ""-13650"", ""sel_6th_pre_req_pre"": ""0"", ""sel_6th_pre_req"": ""1426"", ""sel_6th_pre_bid"": ""-13640"", ""sel_5th_pre_req_pre"": ""0"", ""sel_5th_pre_req"": ""1064"", ""sel_5th_pre_bid"": ""-13630"", ""sel_4th_pre_req_pre"": ""0"", ""sel_4th_pre_req"": ""3600"", ""sel_4th_pre_bid"": ""-13620"", ""sel_3th_pre_req_pre"": ""0"", ""sel_3th_pre_req"": ""1535"", ""sel_3th_pre_bid"": ""-13610"", ""sel_2th_pre_req_pre"": ""0"", ""sel_2th_pre_req"": ""848"", ""sel_2th_pre_bid"": ""-13600"", ""sel_1th_pre_req_pre"": ""0"", ""sel_fpr_req"": ""28"", ""sel_fpr_bid"": ""-13590"", ""buy_fpr_bid"": ""-13580"", ""buy_fpr_req"": ""5850"", ""buy_1th_pre_req_pre"": ""0"", ""buy_2th_pre_bid"": ""-13570"", ""buy_2th_pre_req"": ""13284"", ""buy_2th_pre_req_pre"": ""0"", ""buy_3th_pre_bid"": ""-13560"", ""buy_3th_pre_req"": ""7140"", ""buy_3th_pre_req_pre"": ""0"", ""buy_4th_pre_bid"": ""-13550"", ""buy_4th_pre_req"": ""11953"", ""buy_4th_pre_req_pre"": ""0"", ""buy_5th_pre_bid"": ""-13540"", ""buy_5th_pre_req"": ""8707"", ""buy_5th_pre_req_pre"": ""0"", ""buy_6th_pre_bid"": ""-13530"", ""buy_6th_pre_req"": ""3633"", ""buy_6th_pre_req_pre"": ""0"", ""buy_7th_pre_bid"": ""-13520"", ""buy_7th_pre_req"": ""4317"", ""buy_7th_pre_req_pre"": ""0"", ""buy_8th_pre_bid"": ""-13510"", ""buy_8th_pre_req"": ""6994"", ""buy_8th_pre_req_pre"": ""0"", ""buy_9th_pre_bid"": ""-13500"", ""buy_9th_pre_req"": ""36737"", ""buy_9th_pre_req_pre"": ""0"", ""buy_10th_pre_bid"": ""-13490"", ""buy_10th_pre_req"": ""2162"", ""buy_10th_pre_req_pre"": ""0"", ""tot_sel_req_jub_pre"": ""0"", ""tot_sel_req"": ""12759"", ""tot_buy_req"": ""100777"", ""tot_buy_req_jub_pre"": ""0"", ""ovt_sel_req_pre"": ""0"", ""ovt_sel_req"": ""0"", ""ovt_buy_req"": ""0"", ""ovt_buy_req_pre"": ""0"", ""return_code"": 0, ""return_msg"": ""정상적으로 처리되었습니다""}"
2026-06-10,scan_candidate,383220,,0,main_scan,75700,,75700,75400,75700,75400,-0.5284015852047557,0.3963011889035667,,,,,,"{""bid_req_base_tm"": ""094907"", ""sel_10th_pre_req_pre"": ""0"", ""sel_10th_pre_req"": ""1"", ""sel_10th_pre_bid"": ""+77000"", ""sel_9th_pre_req_pre"": ""0"", ""sel_9th_pre_req"": ""105"", ""sel_9th_pre_bid"": ""+76900"", ""sel_8th_pre_req_pre"": ""0"", ""sel_8th_pre_req"": ""20"", ""sel_8th_pre_bid"": ""+76800"", ""sel_7th_pre_req_pre"": ""0"", ""sel_7th_pre_req"": ""1"", ""sel_7th_pre_bid"": ""+76700"", ""sel_6th_pre_req_pre"": ""0"", ""sel_6th_pre_req"": ""7"", ""sel_6th_pre_bid"": ""+76500"", ""sel_5th_pre_req_pre"": ""0"", ""sel_5th_pre_req"": ""1"", ""sel_5th_pre_bid"": ""+76400"", ""sel_4th_pre_req_pre"": ""0"", ""sel_4th_pre_req"": ""18"", ""sel_4th_pre_bid"": ""+76000"", ""sel_3th_pre_req_pre"": ""0"", ""sel_3th_pre_req"": ""159"", ""sel_3th_pre_bid"": ""+75900"", ""sel_2th_pre_req_pre"": ""0"", ""sel_2th_pre_req"": ""115"", ""sel_2th_pre_bid"": ""+75800"", ""sel_1th_pre_req_pre"": ""0"", ""sel_fpr_req"": ""52"", ""sel_fpr_bid"": ""+75700"", ""buy_fpr_bid"": ""+75400"", ""buy_fpr_req"": ""30"", ""buy_1th_pre_req_pre"": ""0"", ""buy_2th_pre_bid"": ""+75300"", ""buy_2th_pre_req"": ""34"", ""buy_2th_pre_req_pre"": ""0"", ""buy_3th_pre_bid"": ""+75200"", ""buy_3th_pre_req"": ""18"", ""buy_3th_pre_req_pre"": ""0"", ""buy_4th_pre_bid"": ""+75100"", ""buy_4th_pre_req"": ""124"", ""buy_4th_pre_req_pre"": ""0"", ""buy_5th_pre_bid"": ""+75000"", ""buy_5th_pre_req"": ""4"", ""buy_5th_pre_req_pre"": ""0"", ""buy_6th_pre_bid"": ""+74900"", ""buy_6th_pre_req"": ""10"", ""buy_6th_pre_req_pre"": ""0"", ""buy_7th_pre_bid"": ""+74800"", ""buy_7th_pre_req"": ""19"", ""buy_7th_pre_req_pre"": ""0"", ""buy_8th_pre_bid"": ""+74700"", ""buy_8th_pre_req"": ""15"", ""buy_8th_pre_req_pre"": ""0"", ""buy_9th_pre_bid"": ""74600"", ""buy_9th_pre_req"": ""64"", ""buy_9th_pre_req_pre"": ""0"", ""buy_10th_pre_bid"": ""-74500"", ""buy_10th_pre_req"": ""26"", ""buy_10th_pre_req_pre"": ""0"", ""tot_sel_req_jub_pre"": ""0"", ""tot_sel_req"": ""479"", ""tot_buy_req"": ""344"", ""tot_buy_req_jub_pre"": ""0"", ""ovt_sel_req_pre"": ""0"", ""ovt_sel_req"": ""0"", ""ovt_buy_req"": ""0"", ""ovt_buy_req_pre"": ""0"", ""return_code"": 0, ""return_msg"": ""정상적으로 처리되었습니다""}"
2026-06-10,scan_candidate,014680,,0,main_scan,260000,,260000,259500,260000,260500,0.0,0.19230769230769232,,,,,,"{""bid_req_base_tm"": ""094912"", ""sel_10th_pre_req_pre"": ""0"", ""sel_10th_pre_req"": ""40"", ""sel_10th_pre_bid"": ""+264500"", ""sel_9th_pre_req_pre"": ""0"", ""sel_9th_pre_req"": ""97"", ""sel_9th_pre_bid"": ""+264000"", ""sel_8th_pre_req_pre"": ""0"", ""sel_8th_pre_req"": ""4"", ""sel_8th_pre_bid"": ""+263500"", ""sel_7th_pre_req_pre"": ""0"", ""sel_7th_pre_req"": ""11"", ""sel_7th_pre_bid"": ""+263000"", ""sel_6th_pre_req_pre"": ""0"", ""sel_6th_pre_req"": ""12"", ""sel_6th_pre_bid"": ""+262500"", ""sel_5th_pre_req_pre"": ""0"", ""sel_5th_pre_req"": ""8"", ""sel_5th_pre_bid"": ""+262000"", ""sel_4th_pre_req_pre"": ""0"", ""sel_4th_pre_req"": ""7"", ""sel_4th_pre_bid"": ""+261500"", ""sel_3th_pre_req_pre"": ""0"", ""sel_3th_pre_req"": ""53"", ""sel_3th_pre_bid"": ""+261000"", ""sel_2th_pre_req_pre"": ""0"", ""sel_2th_pre_req"": ""52"", ""sel_2th_pre_bid"": ""+260500"", ""sel_1th_pre_req_pre"": ""0"", ""sel_fpr_req"": ""160"", ""sel_fpr_bid"": ""+260000"", ""buy_fpr_bid"": ""+259500"", ""buy_fpr_req"": ""338"", ""buy_1th_pre_req_pre"": ""--13"", ""buy_2th_pre_bid"": ""+259000"", ""buy_2th_pre_req"": ""10"", ""buy_2th_pre_req_pre"": ""--28"", ""buy_3th_pre_bid"": ""+258500"", ""buy_3th_pre_req"": ""51"", ""buy_3th_pre_req_pre"": ""--9"", ""buy_4th_pre_bid"": ""+258000"", ""buy_4th_pre_req"": ""2"", ""buy_4th_pre_req_pre"": ""0"", ""buy_5th_pre_bid"": ""+257500"", ""buy_5th_pre_req"": ""2"", ""buy_5th_pre_req_pre"": ""0"", ""buy_6th_pre_bid"": ""+257000"", ""buy_6th_pre_req"": ""146"", ""buy_6th_pre_req_pre"": ""0"", ""buy_7th_pre_bid"": ""+256500"", ""buy_7th_pre_req"": ""2"", ""buy_7th_pre_req_pre"": ""0"", ""buy_8th_pre_bid"": ""+256000"", ""buy_8th_pre_req"": ""2"", ""buy_8th_pre_req_pre"": ""0"", ""buy_9th_pre_bid"": ""+255500"", ""buy_9th_pre_req"": ""68"", ""buy_9th_pre_req_pre"": ""0"", ""buy_10th_pre_bid"": ""+255000"", ""buy_10th_pre_req"": ""2"", ""buy_10th_pre_req_pre"": ""0"", ""tot_sel_req_jub_pre"": ""0"", ""tot_sel_req"": ""444"", ""tot_buy_req"": ""623"", ""tot_buy_req_jub_pre"": ""--50"", ""ovt_sel_req_pre"": ""0"", ""ovt_sel_req"": ""0"", ""ovt_buy_req"": ""0"", ""ovt_buy_req_pre"": ""0"", ""return_code"": 0, ""return_msg"": ""정상적으로 처리되었습니다""}"
2026-06-10,scan_candidate,028670,,0,main_scan,5060,,5060,5050,5060,5090,0.3952569169960474,0.1976284584980237,,,,,,"{""bid_req_base_tm"": ""094912"", ""sel_10th_pre_req_pre"": ""0"", ""sel_10th_pre_req"": ""200"", ""sel_10th_pre_bid"": ""-5150"", ""sel_9th_pre_req_pre"": ""0"", ""sel_9th_pre_req"": ""305"", ""sel_9th_pre_bid"": ""-5140"", ""sel_8th_pre_req_pre"": ""0"", ""sel_8th_pre_req"": ""160"", ""sel_8th_pre_bid"": ""-5130"", ""sel_7th_pre_req_pre"": ""0"", ""sel_7th_pre_req"": ""307"", ""sel_7th_pre_bid"": ""-5120"", ""sel_6th_pre_req_pre"": ""0"", ""sel_6th_pre_req"": ""200"", ""sel_6th_pre_bid"": ""-5110"", ""sel_5th_pre_req_pre"": ""0"", ""sel_5th_pre_req"": ""331"", ""sel_5th_pre_bid"": ""-5100"", ""sel_4th_pre_req_pre"": ""0"", ""sel_4th_pre_req"": ""1169"", ""sel_4th_pre_bid"": ""-5090"", ""sel_3th_pre_req_pre"": ""0"", ""sel_3th_pre_req"": ""4169"", ""sel_3th_pre_bid"": ""-5080"", ""sel_2th_pre_req_pre"": ""0"", ""sel_2th_pre_req"": ""1013"", ""sel_2th_pre_bid"": ""-5070"", ""sel_1th_pre_req_pre"": ""--10"", ""sel_fpr_req"": ""1460"", ""sel_fpr_bid"": ""-5060"", ""buy_fpr_bid"": ""-5050"", ""buy_fpr_req"": ""6642"", ""buy_1th_pre_req_pre"": ""0"", ""buy_2th_pre_bid"": ""-5040"", ""buy_2th_pre_req"": ""4837"", ""buy_2th_pre_req_pre"": ""0"", ""buy_3th_pre_bid"": ""-5030"", ""buy_3th_pre_req"": ""3455"", ""buy_3th_pre_req_pre"": ""0"", ""buy_4th_pre_bid"": ""-5020"", ""buy_4th_pre_req"": ""2377"", ""buy_4th_pre_req_pre"": ""0"", ""buy_5th_pre_bid"": ""-5010"", ""buy_5th_pre_req"": ""3414"", ""buy_5th_pre_req_pre"": ""0"", ""buy_6th_pre_bid"": ""-5000"", ""buy_6th_pre_req"": ""11619"", ""buy_6th_pre_req_pre"": ""0"", ""buy_7th_pre_bid"": ""-4995"", ""buy_7th_pre_req"": ""1418"", ""buy_7th_pre_req_pre"": ""0"", ""buy_8th_pre_bid"": ""-4990"", ""buy_8th_pre_req"": ""1143"", ""buy_8th_pre_req_pre"": ""0"", ""buy_9th_pre_bid"": ""-4985"", ""buy_9th_pre_req"": ""107"", ""buy_9th_pre_req_pre"": ""0"", ""buy_10th_pre_bid"": ""-4980"", ""buy_10th_pre_req"": ""10343"", ""buy_10th_pre_req_pre"": ""0"", ""tot_sel_req_jub_pre"": ""--10"", ""tot_sel_req"": ""9314"", ""tot_buy_req"": ""45355"", ""tot_buy_req_jub_pre"": ""0"", ""ovt_sel_req_pre"": ""0"", ""ovt_sel_req"": ""0"", ""ovt_buy_req"": ""0"", ""ovt_buy_req_pre"": ""0"", ""return_code"": 0, ""return_msg"": ""정상적으로 처리되었습니다""}"
2026-06-10,scan_candidate,009420,,0,main_scan,50400,,50400,50200,50400,50800,0.5952380952380952,0.3968253968253968,,,,,,"{""bid_req_base_tm"": ""094912"", ""sel_10th_pre_req_pre"": ""0"", ""sel_10th_pre_req"": ""20"", ""sel_10th_pre_bid"": ""-51500"", ""sel_9th_pre_req_pre"": ""0"", ""sel_9th_pre_req"": ""140"", ""sel_9th_pre_bid"": ""-51400"", ""sel_8th_pre_req_pre"": ""0"", ""sel_8th_pre_req"": ""13"", ""sel_8th_pre_bid"": ""-51200"", ""sel_7th_pre_req_pre"": ""0"", ""sel_7th_pre_req"": ""50"", ""sel_7th_pre_bid"": ""-51100"", ""sel_6th_pre_req_pre"": ""0"", ""sel_6th_pre_req"": ""100"", ""sel_6th_pre_bid"": ""-51000"", ""sel_5th_pre_req_pre"": ""0"", ""sel_5th_pre_req"": ""54"", ""sel_5th_pre_bid"": ""-50900"", ""sel_4th_pre_req_pre"": ""0"", ""sel_4th_pre_req"": ""162"", ""sel_4th_pre_bid"": ""-50800"", ""sel_3th_pre_req_pre"": ""0"", ""sel_3th_pre_req"": ""53"", ""sel_3th_pre_bid"": ""-50600"", ""sel_2th_pre_req_pre"": ""0"", ""sel_2th_pre_req"": ""124"", ""sel_2th_pre_bid"": ""-50500"", ""sel_1th_pre_req_pre"": ""0"", ""sel_fpr_req"": ""48"", ""sel_fpr_bid"": ""-50400"", ""buy_fpr_bid"": ""-50200"", ""buy_fpr_req"": ""196"", ""buy_1th_pre_req_pre"": ""+1"", ""buy_2th_pre_bid"": ""-50100"", ""buy_2th_pre_req"": ""690"", ""buy_2th_pre_req_pre"": ""0"", ""buy_3th_pre_bid"": ""-50000"", ""buy_3th_pre_req"": ""322"", ""buy_3th_pre_req_pre"": ""0"", ""buy_4th_pre_bid"": ""-49950"", ""buy_4th_pre_req"": ""291"", ""buy_4th_pre_req_pre"": ""0"", ""buy_5th_pre_bid"": ""-49900"", ""buy_5th_pre_req"": ""857"", ""buy_5th_pre_req_pre"": ""0"", ""buy_6th_pre_bid"": ""-49850"", ""buy_6th_pre_req"": ""264"", ""buy_6th_pre_req_pre"": ""0"", ""buy_7th_pre_bid"": ""-49800"", ""buy_7th_pre_req"": ""342"", ""buy_7th_pre_req_pre"": ""0"", ""buy_8th_pre_bid"": ""-49750"", ""buy_8th_pre_req"": ""89"", ""buy_8th_pre_req_pre"": ""0"", ""buy_9th_pre_bid"": ""-49700"", ""buy_9th_pre_req"": ""73"", ""buy_9th_pre_req_pre"": ""0"", ""buy_10th_pre_bid"": ""-49650"", ""buy_10th_pre_req"": ""38"", ""buy_10th_pre_req_pre"": ""0"", ""tot_sel_req_jub_pre"": ""0"", ""tot_sel_req"": ""764"", ""tot_buy_req"": ""3162"", ""tot_buy_req_jub_pre"": ""+1"", ""ovt_sel_req_pre"": ""0"", ""ovt_sel_req"": ""0"", ""ovt_buy_req"": ""0"", ""ovt_buy_req_pre"": ""0"", ""return_code"": 0, ""return_msg"": ""정상적으로 처리되었습니다""}"
2026-06-10,scan_candidate,004990,,0,main_scan,25500,,25500,25450,25500,25650,0.39215686274509803,0.19607843137254902,,,,,,"{""bid_req_base_tm"": ""094913"", ""sel_10th_pre_req_pre"": ""0"", ""sel_10th_pre_req"": ""69"", ""sel_10th_pre_bid"": ""26150"", ""sel_9th_pre_req_pre"": ""0"", ""sel_9th_pre_req"": ""602"", ""sel_9th_pre_bid"": ""-26100"", ""sel_8th_pre_req_pre"": ""0"", ""sel_8th_pre_req"": ""51"", ""sel_8th_pre_bid"": ""-26050"", ""sel_7th_pre_req_pre"": ""0"", ""sel_7th_pre_req"": ""503"", ""sel_7th_pre_bid"": ""-26000"", ""sel_6th_pre_req_pre"": ""0"", ""sel_6th_pre_req"": ""106"", ""sel_6th_pre_bid"": ""-25950"", ""sel_5th_pre_req_pre"": ""0"", ""sel_5th_pre_req"": ""770"", ""sel_5th_pre_bid"": ""-25750"", ""sel_4th_pre_req_pre"": ""0"", ""sel_4th_pre_req"": ""50"", ""sel_4th_pre_bid"": ""-25700"", ""sel_3th_pre_req_pre"": ""0"", ""sel_3th_pre_req"": ""172"", ""sel_3th_pre_bid"": ""-25600"", ""sel_2th_pre_req_pre"": ""0"", ""sel_2th_pre_req"": ""209"", ""sel_2th_pre_bid"": ""-25550"", ""sel_1th_pre_req_pre"": ""0"", ""sel_fpr_req"": ""334"", ""sel_fpr_bid"": ""-25500"", ""buy_fpr_bid"": ""-25450"", ""buy_fpr_req"": ""745"", ""buy_1th_pre_req_pre"": ""+14"", ""buy_2th_pre_bid"": ""-25400"", ""buy_2th_pre_req"": ""516"", ""buy_2th_pre_req_pre"": ""0"", ""buy_3th_pre_bid"": ""-25350"", ""buy_3th_pre_req"": ""266"", ""buy_3th_pre_req_pre"": ""0"", ""buy_4th_pre_bid"": ""-25300"", ""buy_4th_pre_req"": ""461"", ""buy_4th_pre_req_pre"": ""0"", ""buy_5th_pre_bid"": ""-25250"", ""buy_5th_pre_req"": ""633"", ""buy_5th_pre_req_pre"": ""0"", ""buy_6th_pre_bid"": ""-25200"", ""buy_6th_pre_req"": ""402"", ""buy_6th_pre_req_pre"": ""0"", ""buy_7th_pre_bid"": ""-25150"", ""buy_7th_pre_req"": ""573"", ""buy_7th_pre_req_pre"": ""0"", ""buy_8th_pre_bid"": ""-25100"", ""buy_8th_pre_req"": ""1619"", ""buy_8th_pre_req_pre"": ""0"", ""buy_9th_pre_bid"": ""-25050"", ""buy_9th_pre_req"": ""1261"", ""buy_9th_pre_req_pre"": ""0"", ""buy_10th_pre_bid"": ""-25000"", ""buy_10th_pre_req"": ""707"", ""buy_10th_pre_req_pre"": ""0"", ""tot_sel_req_jub_pre"": ""0"", ""tot_sel_req"": ""2866"", ""tot_buy_req"": ""7183"", ""tot_buy_req_jub_pre"": ""+14"", ""ovt_sel_req_pre"": ""0"", ""ovt_sel_req"": ""0"", ""ovt_buy_req"": ""0"", ""ovt_buy_req_pre"": ""0"", ""return_code"": 0, ""return_msg"": ""정상적으로 처리되었습니다""}"
2026-06-10,scan_candidate,483650,,0,main_scan,204500,,204500,204000,204500,202500,-1.2224938875305624,0.24449877750611246,,,,,,"{""bid_req_base_tm"": ""094913"", ""sel_10th_pre_req_pre"": ""0"", ""sel_10th_pre_req"": ""620"", ""sel_10th_pre_bid"": ""+209000"", ""sel_9th_pre_req_pre"": ""0"", ""sel_9th_pre_req"": ""136"", ""sel_9th_pre_bid"": ""+208500"", ""sel_8th_pre_req_pre"": ""0"", ""sel_8th_pre_req"": ""474"", ""sel_8th_pre_bid"": ""+208000"", ""sel_7th_pre_req_pre"": ""0"", ""sel_7th_pre_req"": ""378"", ""sel_7th_pre_bid"": ""+207500"", ""sel_6th_pre_req_pre"": ""0"", ""sel_6th_pre_req"": ""1038"", ""sel_6th_pre_bid"": ""+207000"", ""sel_5th_pre_req_pre"": ""0"", ""sel_5th_pre_req"": ""623"", ""sel_5th_pre_bid"": ""+206500"", ""sel_4th_pre_req_pre"": ""0"", ""sel_4th_pre_req"": ""440"", ""sel_4th_pre_bid"": ""+206000"", ""sel_3th_pre_req_pre"": ""0"", ""sel_3th_pre_req"": ""302"", ""sel_3th_pre_bid"": ""+205500"", ""sel_2th_pre_req_pre"": ""0"", ""sel_2th_pre_req"": ""63"", ""sel_2th_pre_bid"": ""+205000"", ""sel_1th_pre_req_pre"": ""0"", ""sel_fpr_req"": ""47"", ""sel_fpr_bid"": ""+204500"", ""buy_fpr_bid"": ""+204000"", ""buy_fpr_req"": ""114"", ""buy_1th_pre_req_pre"": ""0"", ""buy_2th_pre_bid"": ""+203500"", ""buy_2th_pre_req"": ""53"", ""buy_2th_pre_req_pre"": ""0"", ""buy_3th_pre_bid"": ""+203000"", ""buy_3th_pre_req"": ""35"", ""buy_3th_pre_req_pre"": ""0"", ""buy_4th_pre_bid"": ""+202500"", ""buy_4th_pre_req"": ""78"", ""buy_4th_pre_req_pre"": ""0"", ""buy_5th_pre_bid"": ""+202000"", ""buy_5th_pre_req"": ""9"", ""buy_5th_pre_req_pre"": ""0"", ""buy_6th_pre_bid"": ""+201500"", ""buy_6th_pre_req"": ""102"", ""buy_6th_pre_req_pre"": ""+40"", ""buy_7th_pre_bid"": ""+201000"", ""buy_7th_pre_req"": ""36"", ""buy_7th_pre_req_pre"": ""0"", ""buy_8th_pre_bid"": ""+200000"", ""buy_8th_pre_req"": ""194"", ""buy_8th_pre_req_pre"": ""0"", ""buy_9th_pre_bid"": ""+199900"", ""buy_9th_pre_req"": ""54"", ""buy_9th_pre_req_pre"": ""0"", ""buy_10th_pre_bid"": ""+199800"", ""buy_10th_pre_req"": ""8"", ""buy_10th_pre_req_pre"": ""0"", ""tot_sel_req_jub_pre"": ""0"", ""tot_sel_req"": ""4121"", ""tot_buy_req"": ""683"", ""tot_buy_req_jub_pre"": ""+40"", ""ovt_sel_req_pre"": ""0"", ""ovt_sel_req"": ""0"", ""ovt_buy_req"": ""0"", ""ovt_buy_req_pre"": ""0"", ""return_code"": 0, ""return_msg"": ""정상적으로 처리되었습니다""}"
2026-06-10,scan_candidate,003690,,0,main_scan,13260,,13260,13250,13260,13200,-0.8295625942684767,0.07541478129713425,,,,,,"{""bid_req_base_tm"": ""094911"", ""sel_10th_pre_req_pre"": ""0"", ""sel_10th_pre_req"": ""363"", ""sel_10th_pre_bid"": ""-13370"", ""sel_9th_pre_req_pre"": ""0"", ""sel_9th_pre_req"": ""50"", ""sel_9th_pre_bid"": ""-13360"", ""sel_8th_pre_req_pre"": ""0"", ""sel_8th_pre_req"": ""883"", ""sel_8th_pre_bid"": ""-13350"", ""sel_7th_pre_req_pre"": ""0"", ""sel_7th_pre_req"": ""481"", ""sel_7th_pre_bid"": ""-13340"", ""sel_6th_pre_req_pre"": ""0"", ""sel_6th_pre_req"": ""255"", ""sel_6th_pre_bid"": ""-13330"", ""sel_5th_pre_req_pre"": ""0"", ""sel_5th_pre_req"": ""285"", ""sel_5th_pre_bid"": ""-13320"", ""sel_4th_pre_req_pre"": ""0"", ""sel_4th_pre_req"": ""50"", ""sel_4th_pre_bid"": ""-13310"", ""sel_3th_pre_req_pre"": ""0"", ""sel_3th_pre_req"": ""632"", ""sel_3th_pre_bid"": ""-13300"", ""sel_2th_pre_req_pre"": ""0"", ""sel_2th_pre_req"": ""1"", ""sel_2th_pre_bid"": ""-13280"", ""sel_1th_pre_req_pre"": ""--1"", ""sel_fpr_req"": ""108"", ""sel_fpr_bid"": ""-13260"", ""buy_fpr_bid"": ""-13250"", ""buy_fpr_req"": ""280"", ""buy_1th_pre_req_pre"": ""0"", ""buy_2th_pre_bid"": ""-13210"", ""buy_2th_pre_req"": ""641"", ""buy_2th_pre_req_pre"": ""0"", ""buy_3th_pre_bid"": ""-13200"", ""buy_3th_pre_req"": ""1"", ""buy_3th_pre_req_pre"": ""0"", ""buy_4th_pre_bid"": ""-13190"", ""buy_4th_pre_req"": ""1"", ""buy_4th_pre_req_pre"": ""0"", ""buy_5th_pre_bid"": ""-13150"", ""buy_5th_pre_req"": ""71"", ""buy_5th_pre_req_pre"": ""0"", ""buy_6th_pre_bid"": ""-13120"", ""buy_6th_pre_req"": ""50"", ""buy_6th_pre_req_pre"": ""0"", ""buy_7th_pre_bid"": ""-13100"", ""buy_7th_pre_req"": ""139"", ""buy_7th_pre_req_pre"": ""0"", ""buy_8th_pre_bid"": ""-13090"", ""buy_8th_pre_req"": ""306"", ""buy_8th_pre_req_pre"": ""0"", ""buy_9th_pre_bid"": ""-13080"", ""buy_9th_pre_req"": ""6"", ""buy_9th_pre_req_pre"": ""0"", ""buy_10th_pre_bid"": ""-13070"", ""buy_10th_pre_req"": ""1002"", ""buy_10th_pre_req_pre"": ""0"", ""tot_sel_req_jub_pre"": ""--1"", ""tot_sel_req"": ""3108"", ""tot_buy_req"": ""2497"", ""tot_buy_req_jub_pre"": ""0"", ""ovt_sel_req_pre"": ""0"", ""ovt_sel_req"": ""0"", ""ovt_buy_req"": ""0"", ""ovt_buy_req_pre"": ""0"", ""return_code"": 0, ""return_msg"": ""정상적으로 처리되었습니다""}"
2026-06-10,scan_candidate,279570,,0,main_scan,5960,,5960,5950,5960,5940,-0.5033557046979865,0.16778523489932887,,,,,,"{""bid_req_base_tm"": ""094914"", ""sel_10th_pre_req_pre"": ""0"", ""sel_10th_pre_req"": ""32247"", ""sel_10th_pre_bid"": ""+6050"", ""sel_9th_pre_req_pre"": ""0"", ""sel_9th_pre_req"": ""16553"", ""sel_9th_pre_bid"": ""+6040"", ""sel_8th_pre_req_pre"": ""0"", ""sel_8th_pre_req"": ""16569"", ""sel_8th_pre_bid"": ""+6030"", ""sel_7th_pre_req_pre"": ""0"", ""sel_7th_pre_req"": ""17821"", ""sel_7th_pre_bid"": ""+6020"", ""sel_6th_pre_req_pre"": ""0"", ""sel_6th_pre_req"": ""14389"", ""sel_6th_pre_bid"": ""+6010"", ""sel_5th_pre_req_pre"": ""0"", ""sel_5th_pre_req"": ""18483"", ""sel_5th_pre_bid"": ""+6000"", ""sel_4th_pre_req_pre"": ""0"", ""sel_4th_pre_req"": ""10102"", ""sel_4th_pre_bid"": ""+5990"", ""sel_3th_pre_req_pre"": ""0"", ""sel_3th_pre_req"": ""4813"", ""sel_3th_pre_bid"": ""+5980"", ""sel_2th_pre_req_pre"": ""0"", ""sel_2th_pre_req"": ""1819"", ""sel_2th_pre_bid"": ""+5970"", ""sel_1th_pre_req_pre"": ""--15"", ""sel_fpr_req"": ""7710"", ""sel_fpr_bid"": ""+5960"", ""buy_fpr_bid"": ""+5950"", ""buy_fpr_req"": ""34174"", ""buy_1th_pre_req_pre"": ""0"", ""buy_2th_pre_bid"": ""+5940"", ""buy_2th_pre_req"": ""4131"", ""buy_2th_pre_req_pre"": ""0"", ""buy_3th_pre_bid"": ""+5930"", ""buy_3th_pre_req"": ""5477"", ""buy_3th_pre_req_pre"": ""0"", ""buy_4th_pre_bid"": ""+5920"", ""buy_4th_pre_req"": ""7862"", ""buy_4th_pre_req_pre"": ""0"", ""buy_5th_pre_bid"": ""+5910"", ""buy_5th_pre_req"": ""11589"", ""buy_5th_pre_req_pre"": ""0"", ""buy_6th_pre_bid"": ""+5900"", ""buy_6th_pre_req"": ""11795"", ""buy_6th_pre_req_pre"": ""0"", ""buy_7th_pre_bid"": ""+5890"", ""buy_7th_pre_req"": ""4635"", ""buy_7th_pre_req_pre"": ""0"", ""buy_8th_pre_bid"": ""+5880"", ""buy_8th_pre_req"": ""2446"", ""buy_8th_pre_req_pre"": ""0"", ""buy_9th_pre_bid"": ""+5870"", ""buy_9th_pre_req"": ""1317"", ""buy_9th_pre_req_pre"": ""0"", ""buy_10th_pre_bid"": ""+5860"", ""buy_10th_pre_req"": ""2086"", ""buy_10th_pre_req_pre"": ""0"", ""tot_sel_req_jub_pre"": ""--15"", ""tot_sel_req"": ""140506"", ""tot_buy_req"": ""85512"", ""tot_buy_req_jub_pre"": ""0"", ""ovt_sel_req_pre"": ""0"", ""ovt_sel_req"": ""0"", ""ovt_buy_req"": ""0"", ""ovt_buy_req_pre"": ""0"", ""return_code"": 0, ""return_msg"": ""정상적으로 처리되었습니다""}"
2026-06-10,scan_candidate,008770,,0,main_scan,53600,,53600,53500,53600,54000,0.5597014925373134,0.18656716417910446,,,,,,"{""bid_req_base_tm"": ""094909"", ""sel_10th_pre_req_pre"": ""0"", ""sel_10th_pre_req"": ""258"", ""sel_10th_pre_bid"": ""-54800"", ""sel_9th_pre_req_pre"": ""0"", ""sel_9th_pre_req"": ""33"", ""sel_9th_pre_bid"": ""-54700"", ""sel_8th_pre_req_pre"": ""0"", ""sel_8th_pre_req"": ""4"", ""sel_8th_pre_bid"": ""-54600"", ""sel_7th_pre_req_pre"": ""0"", ""sel_7th_pre_req"": ""4"", ""sel_7th_pre_bid"": ""-54300"", ""sel_6th_pre_req_pre"": ""0"", ""sel_6th_pre_req"": ""153"", ""sel_6th_pre_bid"": ""-54200"", ""sel_5th_pre_req_pre"": ""0"", ""sel_5th_pre_req"": ""15"", ""sel_5th_pre_bid"": ""-54100"", ""sel_4th_pre_req_pre"": ""0"", ""sel_4th_pre_req"": ""101"", ""sel_4th_pre_bid"": ""-54000"", ""sel_3th_pre_req_pre"": ""0"", ""sel_3th_pre_req"": ""3"", ""sel_3th_pre_bid"": ""-53900"", ""sel_2th_pre_req_pre"": ""0"", ""sel_2th_pre_req"": ""42"", ""sel_2th_pre_bid"": ""-53700"", ""sel_1th_pre_req_pre"": ""+61"", ""sel_fpr_req"": ""528"", ""sel_fpr_bid"": ""-53600"", ""buy_fpr_bid"": ""-53500"", ""buy_fpr_req"": ""546"", ""buy_1th_pre_req_pre"": ""0"", ""buy_2th_pre_bid"": ""-53400"", ""buy_2th_pre_req"": ""145"", ""buy_2th_pre_req_pre"": ""0"", ""buy_3th_pre_bid"": ""-53300"", ""buy_3th_pre_req"": ""192"", ""buy_3th_pre_req_pre"": ""0"", ""buy_4th_pre_bid"": ""-53200"", ""buy_4th_pre_req"": ""2148"", ""buy_4th_pre_req_pre"": ""0"", ""buy_5th_pre_bid"": ""-53100"", ""buy_5th_pre_req"": ""830"", ""buy_5th_pre_req_pre"": ""0"", ""buy_6th_pre_bid"": ""-53000"", ""buy_6th_pre_req"": ""1022"", ""buy_6th_pre_req_pre"": ""0"", ""buy_7th_pre_bid"": ""-52900"", ""buy_7th_pre_req"": ""596"", ""buy_7th_pre_req_pre"": ""0"", ""buy_8th_pre_bid"": ""-52800"", ""buy_8th_pre_req"": ""430"", ""buy_8th_pre_req_pre"": ""0"", ""buy_9th_pre_bid"": ""-52700"", ""buy_9th_pre_req"": ""428"", ""buy_9th_pre_req_pre"": ""0"", ""buy_10th_pre_bid"": ""-52600"", ""buy_10th_pre_req"": ""547"", ""buy_10th_pre_req_pre"": ""0"", ""tot_sel_req_jub_pre"": ""+61"", ""tot_sel_req"": ""1141"", ""tot_buy_req"": ""6884"", ""tot_buy_req_jub_pre"": ""0"", ""ovt_sel_req_pre"": ""0"", ""ovt_sel_req"": ""0"", ""ovt_buy_req"": ""0"", ""ovt_buy_req_pre"": ""0"", ""return_code"": 0, ""return_msg"": ""정상적으로 처리되었습니다""}"
2026-06-10,scan_candidate,081660,,0,main_scan,40200,,40200,40150,40200,40050,-0.4975124378109453,0.12437810945273632,,,,,,"{""bid_req_base_tm"": ""094914"", ""sel_10th_pre_req_pre"": ""0"", ""sel_10th_pre_req"": ""50"", ""sel_10th_pre_bid"": ""+40650"", ""sel_9th_pre_req_pre"": ""0"", ""sel_9th_pre_req"": ""75"", ""sel_9th_pre_bid"": ""+40600"", ""sel_8th_pre_req_pre"": ""0"", ""sel_8th_pre_req"": ""126"", ""sel_8th_pre_bid"": ""+40550"", ""sel_7th_pre_req_pre"": ""0"", ""sel_7th_pre_req"": ""140"", ""sel_7th_pre_bid"": ""+40500"", ""sel_6th_pre_req_pre"": ""0"", ""sel_6th_pre_req"": ""10"", ""sel_6th_pre_bid"": ""+40450"", ""sel_5th_pre_req_pre"": ""0"", ""sel_5th_pre_req"": ""87"", ""sel_5th_pre_bid"": ""+40400"", ""sel_4th_pre_req_pre"": ""0"", ""sel_4th_pre_req"": ""18"", ""sel_4th_pre_bid"": ""+40350"", ""sel_3th_pre_req_pre"": ""0"", ""sel_3th_pre_req"": ""18"", ""sel_3th_pre_bid"": ""+40300"", ""sel_2th_pre_req_pre"": ""0"", ""sel_2th_pre_req"": ""23"", ""sel_2th_pre_bid"": ""+40250"", ""sel_1th_pre_req_pre"": ""0"", ""sel_fpr_req"": ""298"", ""sel_fpr_bid"": ""+40200"", ""buy_fpr_bid"": ""+40150"", ""buy_fpr_req"": ""97"", ""buy_1th_pre_req_pre"": ""+64"", ""buy_2th_pre_bid"": ""+40000"", ""buy_2th_pre_req"": ""169"", ""buy_2th_pre_req_pre"": ""0"", ""buy_3th_pre_bid"": ""+39950"", ""buy_3th_pre_req"": ""39"", ""buy_3th_pre_req_pre"": ""0"", ""buy_4th_pre_bid"": ""+39900"", ""buy_4th_pre_req"": ""79"", ""buy_4th_pre_req_pre"": ""0"", ""buy_5th_pre_bid"": ""+39850"", ""buy_5th_pre_req"": ""41"", ""buy_5th_pre_req_pre"": ""0"", ""buy_6th_pre_bid"": ""+39800"", ""buy_6th_pre_req"": ""40"", ""buy_6th_pre_req_pre"": ""0"", ""buy_7th_pre_bid"": ""+39750"", ""buy_7th_pre_req"": ""40"", ""buy_7th_pre_req_pre"": ""0"", ""buy_8th_pre_bid"": ""39700"", ""buy_8th_pre_req"": ""60"", ""buy_8th_pre_req_pre"": ""0"", ""buy_9th_pre_bid"": ""-39650"", ""buy_9th_pre_req"": ""30"", ""buy_9th_pre_req_pre"": ""0"", ""buy_10th_pre_bid"": ""-39600"", ""buy_10th_pre_req"": ""21"", ""buy_10th_pre_req_pre"": ""0"", ""tot_sel_req_jub_pre"": ""0"", ""tot_sel_req"": ""845"", ""tot_buy_req"": ""616"", ""tot_buy_req_jub_pre"": ""+64"", ""ovt_sel_req_pre"": ""0"", ""ovt_sel_req"": ""0"", ""ovt_buy_req"": ""0"", ""ovt_buy_req_pre"": ""0"", ""return_code"": 0, ""return_msg"": ""정상적으로 처리되었습니다""}"
2026-06-10,scan_candidate,462870,,0,main_scan,30700,,30700,30600,30700,30750,0.0,0.32573289902280134,,,,,,"{""bid_req_base_tm"": ""094913"", ""sel_10th_pre_req_pre"": ""0"", ""sel_10th_pre_req"": ""25"", ""sel_10th_pre_bid"": ""-31150"", ""sel_9th_pre_req_pre"": ""0"", ""sel_9th_pre_req"": ""36"", ""sel_9th_pre_bid"": ""-31100"", ""sel_8th_pre_req_pre"": ""0"", ""sel_8th_pre_req"": ""28"", ""sel_8th_pre_bid"": ""-31050"", ""sel_7th_pre_req_pre"": ""0"", ""sel_7th_pre_req"": ""221"", ""sel_7th_pre_bid"": ""-31000"", ""sel_6th_pre_req_pre"": ""0"", ""sel_6th_pre_req"": ""21"", ""sel_6th_pre_bid"": ""-30950"", ""sel_5th_pre_req_pre"": ""0"", ""sel_5th_pre_req"": ""213"", ""sel_5th_pre_bid"": ""-30900"", ""sel_4th_pre_req_pre"": ""0"", ""sel_4th_pre_req"": ""49"", ""sel_4th_pre_bid"": ""-30850"", ""sel_3th_pre_req_pre"": ""0"", ""sel_3th_pre_req"": ""51"", ""sel_3th_pre_bid"": ""-30800"", ""sel_2th_pre_req_pre"": ""0"", ""sel_2th_pre_req"": ""4"", ""sel_2th_pre_bid"": ""-30750"", ""sel_1th_pre_req_pre"": ""0"", ""sel_fpr_req"": ""96"", ""sel_fpr_bid"": ""-30700"", ""buy_fpr_bid"": ""-30600"", ""buy_fpr_req"": ""237"", ""buy_1th_pre_req_pre"": ""0"", ""buy_2th_pre_bid"": ""-30550"", ""buy_2th_pre_req"": ""1"", ""buy_2th_pre_req_pre"": ""--166"", ""buy_3th_pre_bid"": ""-30500"", ""buy_3th_pre_req"": ""207"", ""buy_3th_pre_req_pre"": ""0"", ""buy_4th_pre_bid"": ""-30450"", ""buy_4th_pre_req"": ""188"", ""buy_4th_pre_req_pre"": ""0"", ""buy_5th_pre_bid"": ""-30400"", ""buy_5th_pre_req"": ""258"", ""buy_5th_pre_req_pre"": ""0"", ""buy_6th_pre_bid"": ""-30350"", ""buy_6th_pre_req"": ""110"", ""buy_6th_pre_req_pre"": ""0"", ""buy_7th_pre_bid"": ""-30300"", ""buy_7th_pre_req"": ""242"", ""buy_7th_pre_req_pre"": ""0"", ""buy_8th_pre_bid"": ""-30250"", ""buy_8th_pre_req"": ""179"", ""buy_8th_pre_req_pre"": ""0"", ""buy_9th_pre_bid"": ""-30200"", ""buy_9th_pre_req"": ""1207"", ""buy_9th_pre_req_pre"": ""0"", ""buy_10th_pre_bid"": ""-30150"", ""buy_10th_pre_req"": ""6064"", ""buy_10th_pre_req_pre"": ""0"", ""tot_sel_req_jub_pre"": ""0"", ""tot_sel_req"": ""744"", ""tot_buy_req"": ""8693"", ""tot_buy_req_jub_pre"": ""--166"", ""ovt_sel_req_pre"": ""0"", ""ovt_sel_req"": ""0"", ""ovt_buy_req"": ""0"", ""ovt_buy_req_pre"": ""0"", ""return_code"": 0, ""return_msg"": ""정상적으로 처리되었습니다""}"
2026-06-10,scan_candidate,120110,,0,main_scan,68600,,68600,68500,68600,68600,-0.1457725947521866,0.1457725947521866,,,,,,"{""bid_req_base_tm"": ""094914"", ""sel_10th_pre_req_pre"": ""0"", ""sel_10th_pre_req"": ""70"", ""sel_10th_pre_bid"": ""+69600"", ""sel_9th_pre_req_pre"": ""0"", ""sel_9th_pre_req"": ""100"", ""sel_9th_pre_bid"": ""+69500"", ""sel_8th_pre_req_pre"": ""0"", ""sel_8th_pre_req"": ""90"", ""sel_8th_pre_bid"": ""+69400"", ""sel_7th_pre_req_pre"": ""0"", ""sel_7th_pre_req"": ""127"", ""sel_7th_pre_bid"": ""+69200"", ""sel_6th_pre_req_pre"": ""0"", ""sel_6th_pre_req"": ""56"", ""sel_6th_pre_bid"": ""+69100"", ""sel_5th_pre_req_pre"": ""0"", ""sel_5th_pre_req"": ""495"", ""sel_5th_pre_bid"": ""+69000"", ""sel_4th_pre_req_pre"": ""0"", ""sel_4th_pre_req"": ""128"", ""sel_4th_pre_bid"": ""+68900"", ""sel_3th_pre_req_pre"": ""0"", ""sel_3th_pre_req"": ""117"", ""sel_3th_pre_bid"": ""+68800"", ""sel_2th_pre_req_pre"": ""0"", ""sel_2th_pre_req"": ""5"", ""sel_2th_pre_bid"": ""+68700"", ""sel_1th_pre_req_pre"": ""0"", ""sel_fpr_req"": ""50"", ""sel_fpr_bid"": ""+68600"", ""buy_fpr_bid"": ""+68500"", ""buy_fpr_req"": ""103"", ""buy_1th_pre_req_pre"": ""+4"", ""buy_2th_pre_bid"": ""+68400"", ""buy_2th_pre_req"": ""45"", ""buy_2th_pre_req_pre"": ""0"", ""buy_3th_pre_bid"": ""+68300"", ""buy_3th_pre_req"": ""124"", ""buy_3th_pre_req_pre"": ""0"", ""buy_4th_pre_bid"": ""+68200"", ""buy_4th_pre_req"": ""6"", ""buy_4th_pre_req_pre"": ""0"", ""buy_5th_pre_bid"": ""+68100"", ""buy_5th_pre_req"": ""513"", ""buy_5th_pre_req_pre"": ""0"", ""buy_6th_pre_bid"": ""+68000"", ""buy_6th_pre_req"": ""239"", ""buy_6th_pre_req_pre"": ""0"", ""buy_7th_pre_bid"": ""+67900"", ""buy_7th_pre_req"": ""33"", ""buy_7th_pre_req_pre"": ""0"", ""buy_8th_pre_bid"": ""+67800"", ""buy_8th_pre_req"": ""25"", ""buy_8th_pre_req_pre"": ""0"", ""buy_9th_pre_bid"": ""+67700"", ""buy_9th_pre_req"": ""89"", ""buy_9th_pre_req_pre"": ""0"", ""buy_10th_pre_bid"": ""+67600"", ""buy_10th_pre_req"": ""72"", ""buy_10th_pre_req_pre"": ""0"", ""tot_sel_req_jub_pre"": ""0"", ""tot_sel_req"": ""1238"", ""tot_buy_req"": ""1249"", ""tot_buy_req_jub_pre"": ""+4"", ""ovt_sel_req_pre"": ""0"", ""ovt_sel_req"": ""0"", ""ovt_buy_req"": ""0"", ""ovt_buy_req_pre"": ""0"", ""return_code"": 0, ""return_msg"": ""정상적으로 처리되었습니다""}"
2026-06-10,scan_candidate,009155,,0,main_scan,608000,,608000,606000,608000,608000,-0.1644736842105263,0.3289473684210526,,,,,,"{""bid_req_base_tm"": ""094914"", ""sel_10th_pre_req_pre"": ""0"", ""sel_10th_pre_req"": ""1"", ""sel_10th_pre_bid"": ""-617000"", ""sel_9th_pre_req_pre"": ""0"", ""sel_9th_pre_req"": ""1"", ""sel_9th_pre_bid"": ""-616000"", ""sel_8th_pre_req_pre"": ""0"", ""sel_8th_pre_req"": ""43"", ""sel_8th_pre_bid"": ""-615000"", ""sel_7th_pre_req_pre"": ""0"", ""sel_7th_pre_req"": ""3"", ""sel_7th_pre_bid"": ""-614000"", ""sel_6th_pre_req_pre"": ""0"", ""sel_6th_pre_req"": ""49"", ""sel_6th_pre_bid"": ""-613000"", ""sel_5th_pre_req_pre"": ""0"", ""sel_5th_pre_req"": ""14"", ""sel_5th_pre_bid"": ""-612000"", ""sel_4th_pre_req_pre"": ""0"", ""sel_4th_pre_req"": ""2"", ""sel_4th_pre_bid"": ""-611000"", ""sel_3th_pre_req_pre"": ""0"", ""sel_3th_pre_req"": ""9"", ""sel_3th_pre_bid"": ""-610000"", ""sel_2th_pre_req_pre"": ""0"", ""sel_2th_pre_req"": ""110"", ""sel_2th_pre_bid"": ""-609000"", ""sel_1th_pre_req_pre"": ""0"", ""sel_fpr_req"": ""2"", ""sel_fpr_bid"": ""-608000"", ""buy_fpr_bid"": ""-606000"", ""buy_fpr_req"": ""41"", ""buy_1th_pre_req_pre"": ""0"", ""buy_2th_pre_bid"": ""-605000"", ""buy_2th_pre_req"": ""20"", ""buy_2th_pre_req_pre"": ""0"", ""buy_3th_pre_bid"": ""-604000"", ""buy_3th_pre_req"": ""7"", ""buy_3th_pre_req_pre"": ""0"", ""buy_4th_pre_bid"": ""-603000"", ""buy_4th_pre_req"": ""15"", ""buy_4th_pre_req_pre"": ""0"", ""buy_5th_pre_bid"": ""-602000"", ""buy_5th_pre_req"": ""5"", ""buy_5th_pre_req_pre"": ""0"", ""buy_6th_pre_bid"": ""-601000"", ""buy_6th_pre_req"": ""39"", ""buy_6th_pre_req_pre"": ""0"", ""buy_7th_pre_bid"": ""-600000"", ""buy_7th_pre_req"": ""126"", ""buy_7th_pre_req_pre"": ""+5"", ""buy_8th_pre_bid"": ""-599000"", ""buy_8th_pre_req"": ""50"", ""buy_8th_pre_req_pre"": ""0"", ""buy_9th_pre_bid"": ""-598000"", ""buy_9th_pre_req"": ""46"", ""buy_9th_pre_req_pre"": ""0"", ""buy_10th_pre_bid"": ""-597000"", ""buy_10th_pre_req"": ""34"", ""buy_10th_pre_req_pre"": ""0"", ""tot_sel_req_jub_pre"": ""0"", ""tot_sel_req"": ""234"", ""tot_buy_req"": ""383"", ""tot_buy_req_jub_pre"": ""+5"", ""ovt_sel_req_pre"": ""0"", ""ovt_sel_req"": ""0"", ""ovt_buy_req"": ""0"", ""ovt_buy_req_pre"": ""0"", ""return_code"": 0, ""return_msg"": ""정상적으로 처리되었습니다""}"
2026-06-10,scan_candidate,192080,,0,main_scan,72000,,72000,71800,72000,72300,0.2777777777777778,0.2777777777777778,,,,,,"{""bid_req_base_tm"": ""094915"", ""sel_10th_pre_req_pre"": ""0"", ""sel_10th_pre_req"": ""34"", ""sel_10th_pre_bid"": ""+73500"", ""sel_9th_pre_req_pre"": ""0"", ""sel_9th_pre_req"": ""74"", ""sel_9th_pre_bid"": ""+73400"", ""sel_8th_pre_req_pre"": ""0"", ""sel_8th_pre_req"": ""11"", ""sel_8th_pre_bid"": ""+73300"", ""sel_7th_pre_req_pre"": ""0"", ""sel_7th_pre_req"": ""11"", ""sel_7th_pre_bid"": ""+73200"", ""sel_6th_pre_req_pre"": ""0"", ""sel_6th_pre_req"": ""5"", ""sel_6th_pre_bid"": ""+72900"", ""sel_5th_pre_req_pre"": ""0"", ""sel_5th_pre_req"": ""2"", ""sel_5th_pre_bid"": ""+72600"", ""sel_4th_pre_req_pre"": ""0"", ""sel_4th_pre_req"": ""1"", ""sel_4th_pre_bid"": ""+72300"", ""sel_3th_pre_req_pre"": ""0"", ""sel_3th_pre_req"": ""264"", ""sel_3th_pre_bid"": ""+72200"", ""sel_2th_pre_req_pre"": ""0"", ""sel_2th_pre_req"": ""18"", ""sel_2th_pre_bid"": ""+72100"", ""sel_1th_pre_req_pre"": ""0"", ""sel_fpr_req"": ""48"", ""sel_fpr_bid"": ""72000"", ""buy_fpr_bid"": ""-71800"", ""buy_fpr_req"": ""85"", ""buy_1th_pre_req_pre"": ""+11"", ""buy_2th_pre_bid"": ""-71700"", ""buy_2th_pre_req"": ""51"", ""buy_2th_pre_req_pre"": ""0"", ""buy_3th_pre_bid"": ""-71600"", ""buy_3th_pre_req"": ""45"", ""buy_3th_pre_req_pre"": ""0"", ""buy_4th_pre_bid"": ""-71500"", ""buy_4th_pre_req"": ""46"", ""buy_4th_pre_req_pre"": ""0"", ""buy_5th_pre_bid"": ""-71400"", ""buy_5th_pre_req"": ""11"", ""buy_5th_pre_req_pre"": ""0"", ""buy_6th_pre_bid"": ""-71300"", ""buy_6th_pre_req"": ""66"", ""buy_6th_pre_req_pre"": ""0"", ""buy_7th_pre_bid"": ""-71200"", ""buy_7th_pre_req"": ""415"", ""buy_7th_pre_req_pre"": ""0"", ""buy_8th_pre_bid"": ""-71100"", ""buy_8th_pre_req"": ""71"", ""buy_8th_pre_req_pre"": ""0"", ""buy_9th_pre_bid"": ""-71000"", ""buy_9th_pre_req"": ""77"", ""buy_9th_pre_req_pre"": ""0"", ""buy_10th_pre_bid"": ""-70900"", ""buy_10th_pre_req"": ""92"", ""buy_10th_pre_req_pre"": ""0"", ""tot_sel_req_jub_pre"": ""0"", ""tot_sel_req"": ""468"", ""tot_buy_req"": ""959"", ""tot_buy_req_jub_pre"": ""+11"", ""ovt_sel_req_pre"": ""0"", ""ovt_sel_req"": ""0"", ""ovt_buy_req"": ""0"", ""ovt_buy_req_pre"": ""0"", ""return_code"": 0, ""return_msg"": ""정상적으로 처리되었습니다""}"
2026-06-10,scan_candidate,093370,,0,main_scan,14670,,14670,14660,14670,14650,-0.47716428084526247,0.0681663258350375,,,,,,"{""bid_req_base_tm"": ""094915"", ""sel_10th_pre_req_pre"": ""0"", ""sel_10th_pre_req"": ""578"", ""sel_10th_pre_bid"": ""+14760"", ""sel_9th_pre_req_pre"": ""0"", ""sel_9th_pre_req"": ""1888"", ""sel_9th_pre_bid"": ""+14750"", ""sel_8th_pre_req_pre"": ""0"", ""sel_8th_pre_req"": ""1646"", ""sel_8th_pre_bid"": ""+14740"", ""sel_7th_pre_req_pre"": ""0"", ""sel_7th_pre_req"": ""841"", ""sel_7th_pre_bid"": ""+14730"", ""sel_6th_pre_req_pre"": ""0"", ""sel_6th_pre_req"": ""499"", ""sel_6th_pre_bid"": ""+14720"", ""sel_5th_pre_req_pre"": ""0"", ""sel_5th_pre_req"": ""1830"", ""sel_5th_pre_bid"": ""+14710"", ""sel_4th_pre_req_pre"": ""0"", ""sel_4th_pre_req"": ""5213"", ""sel_4th_pre_bid"": ""+14700"", ""sel_3th_pre_req_pre"": ""0"", ""sel_3th_pre_req"": ""4500"", ""sel_3th_pre_bid"": ""+14690"", ""sel_2th_pre_req_pre"": ""0"", ""sel_2th_pre_req"": ""1613"", ""sel_2th_pre_bid"": ""+14680"", ""sel_1th_pre_req_pre"": ""0"", ""sel_fpr_req"": ""1276"", ""sel_fpr_bid"": ""+14670"", ""buy_fpr_bid"": ""+14660"", ""buy_fpr_req"": ""2823"", ""buy_1th_pre_req_pre"": ""--63"", ""buy_2th_pre_bid"": ""+14650"", ""buy_2th_pre_req"": ""605"", ""buy_2th_pre_req_pre"": ""--593"", ""buy_3th_pre_bid"": ""+14640"", ""buy_3th_pre_req"": ""1336"", ""buy_3th_pre_req_pre"": ""+68"", ""buy_4th_pre_bid"": ""+14630"", ""buy_4th_pre_req"": ""1114"", ""buy_4th_pre_req_pre"": ""0"", ""buy_5th_pre_bid"": ""+14620"", ""buy_5th_pre_req"": ""1210"", ""buy_5th_pre_req_pre"": ""0"", ""buy_6th_pre_bid"": ""+14610"", ""buy_6th_pre_req"": ""877"", ""buy_6th_pre_req_pre"": ""--20"", ""buy_7th_pre_bid"": ""+14600"", ""buy_7th_pre_req"": ""1873"", ""buy_7th_pre_req_pre"": ""0"", ""buy_8th_pre_bid"": ""+14590"", ""buy_8th_pre_req"": ""4527"", ""buy_8th_pre_req_pre"": ""0"", ""buy_9th_pre_bid"": ""+14580"", ""buy_9th_pre_req"": ""760"", ""buy_9th_pre_req_pre"": ""0"", ""buy_10th_pre_bid"": ""+14570"", ""buy_10th_pre_req"": ""510"", ""buy_10th_pre_req_pre"": ""0"", ""tot_sel_req_jub_pre"": ""0"", ""tot_sel_req"": ""19884"", ""tot_buy_req"": ""15635"", ""tot_buy_req_jub_pre"": ""--608"", ""ovt_sel_req_pre"": ""0"", ""ovt_sel_req"": ""0"", ""ovt_buy_req"": ""0"", ""ovt_buy_req_pre"": ""0"", ""return_code"": 0, ""return_msg"": ""정상적으로 처리되었습니다""}"
2026-06-10,scan_candidate,066575,,0,main_scan,79000,,79000,78800,79000,79100,0.0,0.25316455696202533,,,,,,"{""bid_req_base_tm"": ""094916"", ""sel_10th_pre_req_pre"": ""0"", ""sel_10th_pre_req"": ""230"", ""sel_10th_pre_bid"": ""-79900"", ""sel_9th_pre_req_pre"": ""0"", ""sel_9th_pre_req"": ""127"", ""sel_9th_pre_bid"": ""-79800"", ""sel_8th_pre_req_pre"": ""0"", ""sel_8th_pre_req"": ""77"", ""sel_8th_pre_bid"": ""-79700"", ""sel_7th_pre_req_pre"": ""0"", ""sel_7th_pre_req"": ""117"", ""sel_7th_pre_bid"": ""-79600"", ""sel_6th_pre_req_pre"": ""0"", ""sel_6th_pre_req"": ""551"", ""sel_6th_pre_bid"": ""-79500"", ""sel_5th_pre_req_pre"": ""0"", ""sel_5th_pre_req"": ""259"", ""sel_5th_pre_bid"": ""-79400"", ""sel_4th_pre_req_pre"": ""0"", ""sel_4th_pre_req"": ""172"", ""sel_4th_pre_bid"": ""-79300"", ""sel_3th_pre_req_pre"": ""0"", ""sel_3th_pre_req"": ""217"", ""sel_3th_pre_bid"": ""-79200"", ""sel_2th_pre_req_pre"": ""0"", ""sel_2th_pre_req"": ""285"", ""sel_2th_pre_bid"": ""-79100"", ""sel_1th_pre_req_pre"": ""--4"", ""sel_fpr_req"": ""74"", ""sel_fpr_bid"": ""-79000"", ""buy_fpr_bid"": ""-78800"", ""buy_fpr_req"": ""17"", ""buy_1th_pre_req_pre"": ""0"", ""buy_2th_pre_bid"": ""-78700"", ""buy_2th_pre_req"": ""179"", ""buy_2th_pre_req_pre"": ""0"", ""buy_3th_pre_bid"": ""-78600"", ""buy_3th_pre_req"": ""716"", ""buy_3th_pre_req_pre"": ""0"", ""buy_4th_pre_bid"": ""-78500"", ""buy_4th_pre_req"": ""1007"", ""buy_4th_pre_req_pre"": ""0"", ""buy_5th_pre_bid"": ""-78400"", ""buy_5th_pre_req"": ""292"", ""buy_5th_pre_req_pre"": ""0"", ""buy_6th_pre_bid"": ""-78300"", ""buy_6th_pre_req"": ""518"", ""buy_6th_pre_req_pre"": ""0"", ""buy_7th_pre_bid"": ""-78200"", ""buy_7th_pre_req"": ""299"", ""buy_7th_pre_req_pre"": ""0"", ""buy_8th_pre_bid"": ""-78100"", ""buy_8th_pre_req"": ""524"", ""buy_8th_pre_req_pre"": ""0"", ""buy_9th_pre_bid"": ""-78000"", ""buy_9th_pre_req"": ""1884"", ""buy_9th_pre_req_pre"": ""0"", ""buy_10th_pre_bid"": ""-77900"", ""buy_10th_pre_req"": ""82"", ""buy_10th_pre_req_pre"": ""0"", ""tot_sel_req_jub_pre"": ""--4"", ""tot_sel_req"": ""2109"", ""tot_buy_req"": ""5518"", ""tot_buy_req_jub_pre"": ""0"", ""ovt_sel_req_pre"": ""0"", ""ovt_sel_req"": ""0"", ""ovt_buy_req"": ""0"", ""ovt_buy_req_pre"": ""0"", ""return_code"": 0, ""return_msg"": ""정상적으로 처리되었습니다""}"
2026-06-10,scan_candidate,181710,,0,main_scan,40550,,40550,40500,40550,40800,0.4932182490752158,0.12330456226880394,,,,,,"{""bid_req_base_tm"": ""094915"", ""sel_10th_pre_req_pre"": ""0"", ""sel_10th_pre_req"": ""12"", ""sel_10th_pre_bid"": ""-41200"", ""sel_9th_pre_req_pre"": ""0"", ""sel_9th_pre_req"": ""24"", ""sel_9th_pre_bid"": ""-41100"", ""sel_8th_pre_req_pre"": ""0"", ""sel_8th_pre_req"": ""20"", ""sel_8th_pre_bid"": ""-41050"", ""sel_7th_pre_req_pre"": ""0"", ""sel_7th_pre_req"": ""76"", ""sel_7th_pre_bid"": ""-40950"", ""sel_6th_pre_req_pre"": ""0"", ""sel_6th_pre_req"": ""350"", ""sel_6th_pre_bid"": ""-40850"", ""sel_5th_pre_req_pre"": ""0"", ""sel_5th_pre_req"": ""101"", ""sel_5th_pre_bid"": ""-40800"", ""sel_4th_pre_req_pre"": ""0"", ""sel_4th_pre_req"": ""1"", ""sel_4th_pre_bid"": ""-40700"", ""sel_3th_pre_req_pre"": ""0"", ""sel_3th_pre_req"": ""396"", ""sel_3th_pre_bid"": ""-40650"", ""sel_2th_pre_req_pre"": ""0"", ""sel_2th_pre_req"": ""99"", ""sel_2th_pre_bid"": ""-40600"", ""sel_1th_pre_req_pre"": ""0"", ""sel_fpr_req"": ""191"", ""sel_fpr_bid"": ""-40550"", ""buy_fpr_bid"": ""-40500"", ""buy_fpr_req"": ""357"", ""buy_1th_pre_req_pre"": ""+19"", ""buy_2th_pre_bid"": ""-40450"", ""buy_2th_pre_req"": ""488"", ""buy_2th_pre_req_pre"": ""0"", ""buy_3th_pre_bid"": ""-40400"", ""buy_3th_pre_req"": ""573"", ""buy_3th_pre_req_pre"": ""0"", ""buy_4th_pre_bid"": ""-40350"", ""buy_4th_pre_req"": ""684"", ""buy_4th_pre_req_pre"": ""0"", ""buy_5th_pre_bid"": ""-40300"", ""buy_5th_pre_req"": ""430"", ""buy_5th_pre_req_pre"": ""0"", ""buy_6th_pre_bid"": ""-40250"", ""buy_6th_pre_req"": ""492"", ""buy_6th_pre_req_pre"": ""0"", ""buy_7th_pre_bid"": ""-40200"", ""buy_7th_pre_req"": ""1153"", ""buy_7th_pre_req_pre"": ""0"", ""buy_8th_pre_bid"": ""-40150"", ""buy_8th_pre_req"": ""1217"", ""buy_8th_pre_req_pre"": ""0"", ""buy_9th_pre_bid"": ""-40100"", ""buy_9th_pre_req"": ""421"", ""buy_9th_pre_req_pre"": ""0"", ""buy_10th_pre_bid"": ""-40050"", ""buy_10th_pre_req"": ""421"", ""buy_10th_pre_req_pre"": ""0"", ""tot_sel_req_jub_pre"": ""0"", ""tot_sel_req"": ""1270"", ""tot_buy_req"": ""6236"", ""tot_buy_req_jub_pre"": ""+19"", ""ovt_sel_req_pre"": ""0"", ""ovt_sel_req"": ""0"", ""ovt_buy_req"": ""0"", ""ovt_buy_req_pre"": ""0"", ""return_code"": 0, ""return_msg"": ""정상적으로 처리되었습니다""}"
2026-06-10,scan_candidate,034230,,0,main_scan,14740,,14740,14730,14740,14750,-0.27137042062415195,0.06784260515603799,,,,,,"{""bid_req_base_tm"": ""094916"", ""sel_10th_pre_req_pre"": ""0"", ""sel_10th_pre_req"": ""17"", ""sel_10th_pre_bid"": ""-14850"", ""sel_9th_pre_req_pre"": ""0"", ""sel_9th_pre_req"": ""31"", ""sel_9th_pre_bid"": ""-14840"", ""sel_8th_pre_req_pre"": ""0"", ""sel_8th_pre_req"": ""17"", ""sel_8th_pre_bid"": ""-14830"", ""sel_7th_pre_req_pre"": ""0"", ""sel_7th_pre_req"": ""5"", ""sel_7th_pre_bid"": ""-14820"", ""sel_6th_pre_req_pre"": ""0"", ""sel_6th_pre_req"": ""317"", ""sel_6th_pre_bid"": ""-14810"", ""sel_5th_pre_req_pre"": ""0"", ""sel_5th_pre_req"": ""37"", ""sel_5th_pre_bid"": ""-14790"", ""sel_4th_pre_req_pre"": ""0"", ""sel_4th_pre_req"": ""72"", ""sel_4th_pre_bid"": ""-14780"", ""sel_3th_pre_req_pre"": ""0"", ""sel_3th_pre_req"": ""7"", ""sel_3th_pre_bid"": ""-14760"", ""sel_2th_pre_req_pre"": ""0"", ""sel_2th_pre_req"": ""7"", ""sel_2th_pre_bid"": ""-14750"", ""sel_1th_pre_req_pre"": ""--8"", ""sel_fpr_req"": ""71"", ""sel_fpr_bid"": ""-14740"", ""buy_fpr_bid"": ""-14730"", ""buy_fpr_req"": ""1"", ""buy_1th_pre_req_pre"": ""0"", ""buy_2th_pre_bid"": ""-14720"", ""buy_2th_pre_req"": ""15"", ""buy_2th_pre_req_pre"": ""0"", ""buy_3th_pre_bid"": ""-14710"", ""buy_3th_pre_req"": ""183"", ""buy_3th_pre_req_pre"": ""0"", ""buy_4th_pre_bid"": ""-14700"", ""buy_4th_pre_req"": ""543"", ""buy_4th_pre_req_pre"": ""0"", ""buy_5th_pre_bid"": ""-14690"", ""buy_5th_pre_req"": ""63"", ""buy_5th_pre_req_pre"": ""0"", ""buy_6th_pre_bid"": ""-14680"", ""buy_6th_pre_req"": ""83"", ""buy_6th_pre_req_pre"": ""0"", ""buy_7th_pre_bid"": ""-14670"", ""buy_7th_pre_req"": ""210"", ""buy_7th_pre_req_pre"": ""0"", ""buy_8th_pre_bid"": ""-14660"", ""buy_8th_pre_req"": ""555"", ""buy_8th_pre_req_pre"": ""0"", ""buy_9th_pre_bid"": ""-14650"", ""buy_9th_pre_req"": ""4402"", ""buy_9th_pre_req_pre"": ""0"", ""buy_10th_pre_bid"": ""-14640"", ""buy_10th_pre_req"": ""184"", ""buy_10th_pre_req_pre"": ""0"", ""tot_sel_req_jub_pre"": ""--8"", ""tot_sel_req"": ""581"", ""tot_buy_req"": ""6239"", ""tot_buy_req_jub_pre"": ""0"", ""ovt_sel_req_pre"": ""0"", ""ovt_sel_req"": ""0"", ""ovt_buy_req"": ""0"", ""ovt_buy_req_pre"": ""0"", ""return_code"": 0, ""return_msg"": ""정상적으로 처리되었습니다""}"
2026-06-10,scan_candidate,281820,,0,main_scan,66000,,66000,65800,66000,66300,0.30303030303030304,0.30303030303030304,,,,,,"{""bid_req_base_tm"": ""094914"", ""sel_10th_pre_req_pre"": ""0"", ""sel_10th_pre_req"": ""4"", ""sel_10th_pre_bid"": ""+67100"", ""sel_9th_pre_req_pre"": ""0"", ""sel_9th_pre_req"": ""13"", ""sel_9th_pre_bid"": ""+67000"", ""sel_8th_pre_req_pre"": ""0"", ""sel_8th_pre_req"": ""1"", ""sel_8th_pre_bid"": ""+66900"", ""sel_7th_pre_req_pre"": ""0"", ""sel_7th_pre_req"": ""20"", ""sel_7th_pre_bid"": ""+66700"", ""sel_6th_pre_req_pre"": ""0"", ""sel_6th_pre_req"": ""27"", ""sel_6th_pre_bid"": ""+66600"", ""sel_5th_pre_req_pre"": ""0"", ""sel_5th_pre_req"": ""109"", ""sel_5th_pre_bid"": ""+66500"", ""sel_4th_pre_req_pre"": ""0"", ""sel_4th_pre_req"": ""32"", ""sel_4th_pre_bid"": ""66400"", ""sel_3th_pre_req_pre"": ""0"", ""sel_3th_pre_req"": ""6"", ""sel_3th_pre_bid"": ""-66300"", ""sel_2th_pre_req_pre"": ""0"", ""sel_2th_pre_req"": ""22"", ""sel_2th_pre_bid"": ""-66100"", ""sel_1th_pre_req_pre"": ""0"", ""sel_fpr_req"": ""127"", ""sel_fpr_bid"": ""-66000"", ""buy_fpr_bid"": ""-65800"", ""buy_fpr_req"": ""48"", ""buy_1th_pre_req_pre"": ""0"", ""buy_2th_pre_bid"": ""-65700"", ""buy_2th_pre_req"": ""54"", ""buy_2th_pre_req_pre"": ""0"", ""buy_3th_pre_bid"": ""-65600"", ""buy_3th_pre_req"": ""121"", ""buy_3th_pre_req_pre"": ""0"", ""buy_4th_pre_bid"": ""-65500"", ""buy_4th_pre_req"": ""224"", ""buy_4th_pre_req_pre"": ""0"", ""buy_5th_pre_bid"": ""-65400"", ""buy_5th_pre_req"": ""99"", ""buy_5th_pre_req_pre"": ""0"", ""buy_6th_pre_bid"": ""-65300"", ""buy_6th_pre_req"": ""13"", ""buy_6th_pre_req_pre"": ""0"", ""buy_7th_pre_bid"": ""-65200"", ""buy_7th_pre_req"": ""225"", ""buy_7th_pre_req_pre"": ""0"", ""buy_8th_pre_bid"": ""-65100"", ""buy_8th_pre_req"": ""122"", ""buy_8th_pre_req_pre"": ""0"", ""buy_9th_pre_bid"": ""-65000"", ""buy_9th_pre_req"": ""280"", ""buy_9th_pre_req_pre"": ""+3"", ""buy_10th_pre_bid"": ""-64900"", ""buy_10th_pre_req"": ""11"", ""buy_10th_pre_req_pre"": ""0"", ""tot_sel_req_jub_pre"": ""0"", ""tot_sel_req"": ""361"", ""tot_buy_req"": ""1197"", ""tot_buy_req_jub_pre"": ""+3"", ""ovt_sel_req_pre"": ""0"", ""ovt_sel_req"": ""0"", ""ovt_buy_req"": ""0"", ""ovt_buy_req_pre"": ""0"", ""return_code"": 0, ""return_msg"": ""정상적으로 처리되었습니다""}"
2026-06-10,scan_candidate,001820,,0,main_scan,115400,,115400,115300,115400,115500,-0.34662045060658575,0.08665511265164644,,,,,,"{""bid_req_base_tm"": ""094916"", ""sel_10th_pre_req_pre"": ""0"", ""sel_10th_pre_req"": ""79"", ""sel_10th_pre_bid"": ""-116300"", ""sel_9th_pre_req_pre"": ""0"", ""sel_9th_pre_req"": ""3"", ""sel_9th_pre_bid"": ""-116200"", ""sel_8th_pre_req_pre"": ""0"", ""sel_8th_pre_req"": ""38"", ""sel_8th_pre_bid"": ""-116100"", ""sel_7th_pre_req_pre"": ""0"", ""sel_7th_pre_req"": ""191"", ""sel_7th_pre_bid"": ""-116000"", ""sel_6th_pre_req_pre"": ""0"", ""sel_6th_pre_req"": ""12"", ""sel_6th_pre_bid"": ""-115900"", ""sel_5th_pre_req_pre"": ""0"", ""sel_5th_pre_req"": ""8"", ""sel_5th_pre_bid"": ""-115800"", ""sel_4th_pre_req_pre"": ""0"", ""sel_4th_pre_req"": ""10"", ""sel_4th_pre_bid"": ""-115700"", ""sel_3th_pre_req_pre"": ""0"", ""sel_3th_pre_req"": ""100"", ""sel_3th_pre_bid"": ""-115600"", ""sel_2th_pre_req_pre"": ""0"", ""sel_2th_pre_req"": ""71"", ""sel_2th_pre_bid"": ""-115500"", ""sel_1th_pre_req_pre"": ""0"", ""sel_fpr_req"": ""151"", ""sel_fpr_bid"": ""-115400"", ""buy_fpr_bid"": ""-115300"", ""buy_fpr_req"": ""120"", ""buy_1th_pre_req_pre"": ""0"", ""buy_2th_pre_bid"": ""-115100"", ""buy_2th_pre_req"": ""638"", ""buy_2th_pre_req_pre"": ""0"", ""buy_3th_pre_bid"": ""-115000"", ""buy_3th_pre_req"": ""1"", ""buy_3th_pre_req_pre"": ""0"", ""buy_4th_pre_bid"": ""-114900"", ""buy_4th_pre_req"": ""10"", ""buy_4th_pre_req_pre"": ""0"", ""buy_5th_pre_bid"": ""-114800"", ""buy_5th_pre_req"": ""120"", ""buy_5th_pre_req_pre"": ""0"", ""buy_6th_pre_bid"": ""-114700"", ""buy_6th_pre_req"": ""121"", ""buy_6th_pre_req_pre"": ""0"", ""buy_7th_pre_bid"": ""-114600"", ""buy_7th_pre_req"": ""224"", ""buy_7th_pre_req_pre"": ""0"", ""buy_8th_pre_bid"": ""-114500"", ""buy_8th_pre_req"": ""410"", ""buy_8th_pre_req_pre"": ""+1"", ""buy_9th_pre_bid"": ""-114400"", ""buy_9th_pre_req"": ""52"", ""buy_9th_pre_req_pre"": ""0"", ""buy_10th_pre_bid"": ""-114300"", ""buy_10th_pre_req"": ""151"", ""buy_10th_pre_req_pre"": ""0"", ""tot_sel_req_jub_pre"": ""0"", ""tot_sel_req"": ""663"", ""tot_buy_req"": ""1847"", ""tot_buy_req_jub_pre"": ""+1"", ""ovt_sel_req_pre"": ""0"", ""ovt_sel_req"": ""0"", ""ovt_buy_req"": ""0"", ""ovt_buy_req_pre"": ""0"", ""return_code"": 0, ""return_msg"": ""정상적으로 처리되었습니다""}"
2026-06-10,scan_candidate,000815,,0,main_scan,401000,,401000,399500,401000,400500,-0.24937655860349126,0.3740648379052369,,,,,,"{""bid_req_base_tm"": ""094917"", ""sel_10th_pre_req_pre"": ""0"", ""sel_10th_pre_req"": ""121"", ""sel_10th_pre_bid"": ""-406000"", ""sel_9th_pre_req_pre"": ""0"", ""sel_9th_pre_req"": ""5"", ""sel_9th_pre_bid"": ""-405500"", ""sel_8th_pre_req_pre"": ""0"", ""sel_8th_pre_req"": ""32"", ""sel_8th_pre_bid"": ""-405000"", ""sel_7th_pre_req_pre"": ""0"", ""sel_7th_pre_req"": ""13"", ""sel_7th_pre_bid"": ""-404500"", ""sel_6th_pre_req_pre"": ""0"", ""sel_6th_pre_req"": ""1"", ""sel_6th_pre_bid"": ""-404000"", ""sel_5th_pre_req_pre"": ""0"", ""sel_5th_pre_req"": ""182"", ""sel_5th_pre_bid"": ""-403500"", ""sel_4th_pre_req_pre"": ""0"", ""sel_4th_pre_req"": ""55"", ""sel_4th_pre_bid"": ""-403000"", ""sel_3th_pre_req_pre"": ""0"", ""sel_3th_pre_req"": ""10"", ""sel_3th_pre_bid"": ""-402000"", ""sel_2th_pre_req_pre"": ""--1"", ""sel_2th_pre_req"": ""300"", ""sel_2th_pre_bid"": ""-401500"", ""sel_1th_pre_req_pre"": ""+4"", ""sel_fpr_req"": ""9"", ""sel_fpr_bid"": ""-401000"", ""buy_fpr_bid"": ""-399500"", ""buy_fpr_req"": ""7"", ""buy_1th_pre_req_pre"": ""0"", ""buy_2th_pre_bid"": ""-399000"", ""buy_2th_pre_req"": ""87"", ""buy_2th_pre_req_pre"": ""0"", ""buy_3th_pre_bid"": ""-398500"", ""buy_3th_pre_req"": ""95"", ""buy_3th_pre_req_pre"": ""0"", ""buy_4th_pre_bid"": ""-398000"", ""buy_4th_pre_req"": ""114"", ""buy_4th_pre_req_pre"": ""0"", ""buy_5th_pre_bid"": ""-397500"", ""buy_5th_pre_req"": ""149"", ""buy_5th_pre_req_pre"": ""0"", ""buy_6th_pre_bid"": ""-397000"", ""buy_6th_pre_req"": ""85"", ""buy_6th_pre_req_pre"": ""0"", ""buy_7th_pre_bid"": ""-396500"", ""buy_7th_pre_req"": ""11"", ""buy_7th_pre_req_pre"": ""0"", ""buy_8th_pre_bid"": ""-396000"", ""buy_8th_pre_req"": ""23"", ""buy_8th_pre_req_pre"": ""0"", ""buy_9th_pre_bid"": ""-395500"", ""buy_9th_pre_req"": ""24"", ""buy_9th_pre_req_pre"": ""0"", ""buy_10th_pre_bid"": ""-395000"", ""buy_10th_pre_req"": ""65"", ""buy_10th_pre_req_pre"": ""0"", ""tot_sel_req_jub_pre"": ""+3"", ""tot_sel_req"": ""728"", ""tot_buy_req"": ""660"", ""tot_buy_req_jub_pre"": ""0"", ""ovt_sel_req_pre"": ""0"", ""ovt_sel_req"": ""0"", ""ovt_buy_req"": ""0"", ""ovt_buy_req_pre"": ""0"", ""return_code"": 0, ""return_msg"": ""정상적으로 처리되었습니다""}"
2026-06-10,scan_candidate,499790,,0,main_scan,47750,,47750,47600,47750,47800,0.0,0.31413612565445026,,,,,,"{""bid_req_base_tm"": ""094913"", ""sel_10th_pre_req_pre"": ""0"", ""sel_10th_pre_req"": ""5"", ""sel_10th_pre_bid"": ""+48500"", ""sel_9th_pre_req_pre"": ""0"", ""sel_9th_pre_req"": ""53"", ""sel_9th_pre_bid"": ""+48300"", ""sel_8th_pre_req_pre"": ""0"", ""sel_8th_pre_req"": ""122"", ""sel_8th_pre_bid"": ""+48250"", ""sel_7th_pre_req_pre"": ""0"", ""sel_7th_pre_req"": ""100"", ""sel_7th_pre_bid"": ""+48200"", ""sel_6th_pre_req_pre"": ""0"", ""sel_6th_pre_req"": ""1"", ""sel_6th_pre_bid"": ""+48100"", ""sel_5th_pre_req_pre"": ""0"", ""sel_5th_pre_req"": ""7"", ""sel_5th_pre_bid"": ""+48000"", ""sel_4th_pre_req_pre"": ""0"", ""sel_4th_pre_req"": ""4"", ""sel_4th_pre_bid"": ""+47950"", ""sel_3th_pre_req_pre"": ""0"", ""sel_3th_pre_req"": ""2"", ""sel_3th_pre_bid"": ""+47850"", ""sel_2th_pre_req_pre"": ""0"", ""sel_2th_pre_req"": ""21"", ""sel_2th_pre_bid"": ""+47800"", ""sel_1th_pre_req_pre"": ""0"", ""sel_fpr_req"": ""75"", ""sel_fpr_bid"": ""+47750"", ""buy_fpr_bid"": ""+47600"", ""buy_fpr_req"": ""41"", ""buy_1th_pre_req_pre"": ""+10"", ""buy_2th_pre_bid"": ""+47550"", ""buy_2th_pre_req"": ""50"", ""buy_2th_pre_req_pre"": ""0"", ""buy_3th_pre_bid"": ""+47500"", ""buy_3th_pre_req"": ""55"", ""buy_3th_pre_req_pre"": ""0"", ""buy_4th_pre_bid"": ""+47450"", ""buy_4th_pre_req"": ""51"", ""buy_4th_pre_req_pre"": ""0"", ""buy_5th_pre_bid"": ""+47400"", ""buy_5th_pre_req"": ""62"", ""buy_5th_pre_req_pre"": ""0"", ""buy_6th_pre_bid"": ""+47250"", ""buy_6th_pre_req"": ""55"", ""buy_6th_pre_req_pre"": ""0"", ""buy_7th_pre_bid"": ""+47200"", ""buy_7th_pre_req"": ""40"", ""buy_7th_pre_req_pre"": ""0"", ""buy_8th_pre_bid"": ""+47150"", ""buy_8th_pre_req"": ""21"", ""buy_8th_pre_req_pre"": ""0"", ""buy_9th_pre_bid"": ""+47100"", ""buy_9th_pre_req"": ""40"", ""buy_9th_pre_req_pre"": ""0"", ""buy_10th_pre_bid"": ""+47050"", ""buy_10th_pre_req"": ""60"", ""buy_10th_pre_req_pre"": ""0"", ""tot_sel_req_jub_pre"": ""0"", ""tot_sel_req"": ""390"", ""tot_buy_req"": ""475"", ""tot_buy_req_jub_pre"": ""+10"", ""ovt_sel_req_pre"": ""0"", ""ovt_sel_req"": ""0"", ""ovt_buy_req"": ""0"", ""ovt_buy_req_pre"": ""0"", ""return_code"": 0, ""return_msg"": ""정상적으로 처리되었습니다""}"
2026-06-10,scan_candidate,100090,,0,main_scan,16810,,16810,16800,16810,16750,-0.6543723973825104,0.0594883997620464,,,,,,"{""bid_req_base_tm"": ""094917"", ""sel_10th_pre_req_pre"": ""0"", ""sel_10th_pre_req"": ""30"", ""sel_10th_pre_bid"": ""+16900"", ""sel_9th_pre_req_pre"": ""0"", ""sel_9th_pre_req"": ""135"", ""sel_9th_pre_bid"": ""+16890"", ""sel_8th_pre_req_pre"": ""0"", ""sel_8th_pre_req"": ""1"", ""sel_8th_pre_bid"": ""+16880"", ""sel_7th_pre_req_pre"": ""0"", ""sel_7th_pre_req"": ""1000"", ""sel_7th_pre_bid"": ""+16870"", ""sel_6th_pre_req_pre"": ""0"", ""sel_6th_pre_req"": ""50"", ""sel_6th_pre_bid"": ""+16860"", ""sel_5th_pre_req_pre"": ""0"", ""sel_5th_pre_req"": ""114"", ""sel_5th_pre_bid"": ""+16850"", ""sel_4th_pre_req_pre"": ""0"", ""sel_4th_pre_req"": ""133"", ""sel_4th_pre_bid"": ""+16840"", ""sel_3th_pre_req_pre"": ""0"", ""sel_3th_pre_req"": ""51"", ""sel_3th_pre_bid"": ""+16830"", ""sel_2th_pre_req_pre"": ""0"", ""sel_2th_pre_req"": ""69"", ""sel_2th_pre_bid"": ""+16820"", ""sel_1th_pre_req_pre"": ""0"", ""sel_fpr_req"": ""6816"", ""sel_fpr_bid"": ""+16810"", ""buy_fpr_bid"": ""+16800"", ""buy_fpr_req"": ""407"", ""buy_1th_pre_req_pre"": ""--20"", ""buy_2th_pre_bid"": ""+16790"", ""buy_2th_pre_req"": ""976"", ""buy_2th_pre_req_pre"": ""0"", ""buy_3th_pre_bid"": ""+16780"", ""buy_3th_pre_req"": ""278"", ""buy_3th_pre_req_pre"": ""0"", ""buy_4th_pre_bid"": ""+16770"", ""buy_4th_pre_req"": ""1878"", ""buy_4th_pre_req_pre"": ""0"", ""buy_5th_pre_bid"": ""+16760"", ""buy_5th_pre_req"": ""415"", ""buy_5th_pre_req_pre"": ""0"", ""buy_6th_pre_bid"": ""+16750"", ""buy_6th_pre_req"": ""481"", ""buy_6th_pre_req_pre"": ""0"", ""buy_7th_pre_bid"": ""+16740"", ""buy_7th_pre_req"": ""261"", ""buy_7th_pre_req_pre"": ""0"", ""buy_8th_pre_bid"": ""+16730"", ""buy_8th_pre_req"": ""1196"", ""buy_8th_pre_req_pre"": ""0"", ""buy_9th_pre_bid"": ""+16720"", ""buy_9th_pre_req"": ""1122"", ""buy_9th_pre_req_pre"": ""0"", ""buy_10th_pre_bid"": ""+16710"", ""buy_10th_pre_req"": ""561"", ""buy_10th_pre_req_pre"": ""0"", ""tot_sel_req_jub_pre"": ""0"", ""tot_sel_req"": ""8399"", ""tot_buy_req"": ""7575"", ""tot_buy_req_jub_pre"": ""--20"", ""ovt_sel_req_pre"": ""0"", ""ovt_sel_req"": ""0"", ""ovt_buy_req"": ""0"", ""ovt_buy_req_pre"": ""0"", ""return_code"": 0, ""return_msg"": ""정상적으로 처리되었습니다""}"
2026-06-10,scan_candidate,003160,,0,main_scan,27750,,27750,27700,27750,27750,-0.18018018018018017,0.18018018018018017,,,,,,"{""bid_req_base_tm"": ""094916"", ""sel_10th_pre_req_pre"": ""0"", ""sel_10th_pre_req"": ""785"", ""sel_10th_pre_bid"": ""+28250"", ""sel_9th_pre_req_pre"": ""0"", ""sel_9th_pre_req"": ""106"", ""sel_9th_pre_bid"": ""+28200"", ""sel_8th_pre_req_pre"": ""0"", ""sel_8th_pre_req"": ""100"", ""sel_8th_pre_bid"": ""+28150"", ""sel_7th_pre_req_pre"": ""0"", ""sel_7th_pre_req"": ""473"", ""sel_7th_pre_bid"": ""+28100"", ""sel_6th_pre_req_pre"": ""0"", ""sel_6th_pre_req"": ""103"", ""sel_6th_pre_bid"": ""28050"", ""sel_5th_pre_req_pre"": ""0"", ""sel_5th_pre_req"": ""10"", ""sel_5th_pre_bid"": ""-28000"", ""sel_4th_pre_req_pre"": ""0"", ""sel_4th_pre_req"": ""100"", ""sel_4th_pre_bid"": ""-27950"", ""sel_3th_pre_req_pre"": ""0"", ""sel_3th_pre_req"": ""33"", ""sel_3th_pre_bid"": ""-27850"", ""sel_2th_pre_req_pre"": ""0"", ""sel_2th_pre_req"": ""1256"", ""sel_2th_pre_bid"": ""-27800"", ""sel_1th_pre_req_pre"": ""--6"", ""sel_fpr_req"": ""9"", ""sel_fpr_bid"": ""-27750"", ""buy_fpr_bid"": ""-27700"", ""buy_fpr_req"": ""6"", ""buy_1th_pre_req_pre"": ""0"", ""buy_2th_pre_bid"": ""-27650"", ""buy_2th_pre_req"": ""235"", ""buy_2th_pre_req_pre"": ""0"", ""buy_3th_pre_bid"": ""-27600"", ""buy_3th_pre_req"": ""120"", ""buy_3th_pre_req_pre"": ""0"", ""buy_4th_pre_bid"": ""-27550"", ""buy_4th_pre_req"": ""119"", ""buy_4th_pre_req_pre"": ""0"", ""buy_5th_pre_bid"": ""-27500"", ""buy_5th_pre_req"": ""155"", ""buy_5th_pre_req_pre"": ""0"", ""buy_6th_pre_bid"": ""-27450"", ""buy_6th_pre_req"": ""247"", ""buy_6th_pre_req_pre"": ""0"", ""buy_7th_pre_bid"": ""-27400"", ""buy_7th_pre_req"": ""738"", ""buy_7th_pre_req_pre"": ""0"", ""buy_8th_pre_bid"": ""-27350"", ""buy_8th_pre_req"": ""252"", ""buy_8th_pre_req_pre"": ""0"", ""buy_9th_pre_bid"": ""-27300"", ""buy_9th_pre_req"": ""870"", ""buy_9th_pre_req_pre"": ""0"", ""buy_10th_pre_bid"": ""-27250"", ""buy_10th_pre_req"": ""103"", ""buy_10th_pre_req_pre"": ""0"", ""tot_sel_req_jub_pre"": ""--6"", ""tot_sel_req"": ""2975"", ""tot_buy_req"": ""2845"", ""tot_buy_req_jub_pre"": ""0"", ""ovt_sel_req_pre"": ""0"", ""ovt_sel_req"": ""0"", ""ovt_buy_req"": ""0"", ""ovt_buy_req_pre"": ""0"", ""return_code"": 0, ""return_msg"": ""정상적으로 처리되었습니다""}"
2026-06-10,scan_candidate,000370,,0,main_scan,6420,,6420,6410,6420,6390,-0.6230529595015576,0.1557632398753894,,,,,,"{""bid_req_base_tm"": ""094914"", ""sel_10th_pre_req_pre"": ""0"", ""sel_10th_pre_req"": ""532"", ""sel_10th_pre_bid"": ""+6510"", ""sel_9th_pre_req_pre"": ""0"", ""sel_9th_pre_req"": ""302"", ""sel_9th_pre_bid"": ""+6500"", ""sel_8th_pre_req_pre"": ""0"", ""sel_8th_pre_req"": ""101"", ""sel_8th_pre_bid"": ""+6490"", ""sel_7th_pre_req_pre"": ""0"", ""sel_7th_pre_req"": ""394"", ""sel_7th_pre_bid"": ""+6480"", ""sel_6th_pre_req_pre"": ""0"", ""sel_6th_pre_req"": ""391"", ""sel_6th_pre_bid"": ""+6470"", ""sel_5th_pre_req_pre"": ""0"", ""sel_5th_pre_req"": ""10262"", ""sel_5th_pre_bid"": ""+6460"", ""sel_4th_pre_req_pre"": ""0"", ""sel_4th_pre_req"": ""76"", ""sel_4th_pre_bid"": ""6450"", ""sel_3th_pre_req_pre"": ""0"", ""sel_3th_pre_req"": ""3"", ""sel_3th_pre_bid"": ""-6440"", ""sel_2th_pre_req_pre"": ""--580"", ""sel_2th_pre_req"": ""1029"", ""sel_2th_pre_bid"": ""-6430"", ""sel_1th_pre_req_pre"": ""0"", ""sel_fpr_req"": ""26"", ""sel_fpr_bid"": ""-6420"", ""buy_fpr_bid"": ""-6410"", ""buy_fpr_req"": ""260"", ""buy_1th_pre_req_pre"": ""+47"", ""buy_2th_pre_bid"": ""-6400"", ""buy_2th_pre_req"": ""6"", ""buy_2th_pre_req_pre"": ""0"", ""buy_3th_pre_bid"": ""-6390"", ""buy_3th_pre_req"": ""115"", ""buy_3th_pre_req_pre"": ""0"", ""buy_4th_pre_bid"": ""-6380"", ""buy_4th_pre_req"": ""131"", ""buy_4th_pre_req_pre"": ""0"", ""buy_5th_pre_bid"": ""-6370"", ""buy_5th_pre_req"": ""1697"", ""buy_5th_pre_req_pre"": ""0"", ""buy_6th_pre_bid"": ""-6360"", ""buy_6th_pre_req"": ""365"", ""buy_6th_pre_req_pre"": ""0"", ""buy_7th_pre_bid"": ""-6350"", ""buy_7th_pre_req"": ""1713"", ""buy_7th_pre_req_pre"": ""0"", ""buy_8th_pre_bid"": ""-6340"", ""buy_8th_pre_req"": ""84"", ""buy_8th_pre_req_pre"": ""0"", ""buy_9th_pre_bid"": ""-6330"", ""buy_9th_pre_req"": ""214"", ""buy_9th_pre_req_pre"": ""0"", ""buy_10th_pre_bid"": ""-6320"", ""buy_10th_pre_req"": ""174"", ""buy_10th_pre_req_pre"": ""0"", ""tot_sel_req_jub_pre"": ""--580"", ""tot_sel_req"": ""13116"", ""tot_buy_req"": ""4759"", ""tot_buy_req_jub_pre"": ""+47"", ""ovt_sel_req_pre"": ""0"", ""ovt_sel_req"": ""0"", ""ovt_buy_req"": ""0"", ""ovt_buy_req_pre"": ""0"", ""return_code"": 0, ""return_msg"": ""정상적으로 처리되었습니다""}"
2026-06-10,scan_candidate,114090,,0,main_scan,11870,,11870,11830,11870,11800,-1.0109519797809603,0.33698399326032014,,,,,,"{""bid_req_base_tm"": ""094917"", ""sel_10th_pre_req_pre"": ""0"", ""sel_10th_pre_req"": ""110"", ""sel_10th_pre_bid"": ""+12060"", ""sel_9th_pre_req_pre"": ""0"", ""sel_9th_pre_req"": ""39"", ""sel_9th_pre_bid"": ""+12050"", ""sel_8th_pre_req_pre"": ""0"", ""sel_8th_pre_req"": ""298"", ""sel_8th_pre_bid"": ""+12020"", ""sel_7th_pre_req_pre"": ""0"", ""sel_7th_pre_req"": ""819"", ""sel_7th_pre_bid"": ""+12010"", ""sel_6th_pre_req_pre"": ""0"", ""sel_6th_pre_req"": ""25"", ""sel_6th_pre_bid"": ""+12000"", ""sel_5th_pre_req_pre"": ""0"", ""sel_5th_pre_req"": ""5"", ""sel_5th_pre_bid"": ""+11990"", ""sel_4th_pre_req_pre"": ""0"", ""sel_4th_pre_req"": ""100"", ""sel_4th_pre_bid"": ""-11910"", ""sel_3th_pre_req_pre"": ""0"", ""sel_3th_pre_req"": ""1002"", ""sel_3th_pre_bid"": ""-11890"", ""sel_2th_pre_req_pre"": ""0"", ""sel_2th_pre_req"": ""1220"", ""sel_2th_pre_bid"": ""-11880"", ""sel_1th_pre_req_pre"": ""--20"", ""sel_fpr_req"": ""191"", ""sel_fpr_bid"": ""-11870"", ""buy_fpr_bid"": ""-11830"", ""buy_fpr_req"": ""54"", ""buy_1th_pre_req_pre"": ""--176"", ""buy_2th_pre_bid"": ""-11820"", ""buy_2th_pre_req"": ""186"", ""buy_2th_pre_req_pre"": ""+176"", ""buy_3th_pre_bid"": ""-11810"", ""buy_3th_pre_req"": ""52"", ""buy_3th_pre_req_pre"": ""0"", ""buy_4th_pre_bid"": ""-11800"", ""buy_4th_pre_req"": ""83"", ""buy_4th_pre_req_pre"": ""0"", ""buy_5th_pre_bid"": ""-11790"", ""buy_5th_pre_req"": ""116"", ""buy_5th_pre_req_pre"": ""0"", ""buy_6th_pre_bid"": ""-11780"", ""buy_6th_pre_req"": ""12"", ""buy_6th_pre_req_pre"": ""0"", ""buy_7th_pre_bid"": ""-11770"", ""buy_7th_pre_req"": ""16"", ""buy_7th_pre_req_pre"": ""0"", ""buy_8th_pre_bid"": ""-11760"", ""buy_8th_pre_req"": ""7"", ""buy_8th_pre_req_pre"": ""0"", ""buy_9th_pre_bid"": ""-11750"", ""buy_9th_pre_req"": ""209"", ""buy_9th_pre_req_pre"": ""0"", ""buy_10th_pre_bid"": ""-11740"", ""buy_10th_pre_req"": ""185"", ""buy_10th_pre_req_pre"": ""0"", ""tot_sel_req_jub_pre"": ""--20"", ""tot_sel_req"": ""3809"", ""tot_buy_req"": ""920"", ""tot_buy_req_jub_pre"": ""+94"", ""ovt_sel_req_pre"": ""0"", ""ovt_sel_req"": ""0"", ""ovt_buy_req"": ""0"", ""ovt_buy_req_pre"": ""0"", ""return_code"": 0, ""return_msg"": ""정상적으로 처리되었습니다""}"
2026-06-10,scan_candidate,005090,,0,main_scan,51000,,51000,50800,51000,51200,0.19607843137254902,0.39215686274509803,,,,,,"{""bid_req_base_tm"": ""094915"", ""sel_10th_pre_req_pre"": ""0"", ""sel_10th_pre_req"": ""10"", ""sel_10th_pre_bid"": ""+52400"", ""sel_9th_pre_req_pre"": ""0"", ""sel_9th_pre_req"": ""504"", ""sel_9th_pre_bid"": ""+52200"", ""sel_8th_pre_req_pre"": ""0"", ""sel_8th_pre_req"": ""219"", ""sel_8th_pre_bid"": ""+52100"", ""sel_7th_pre_req_pre"": ""0"", ""sel_7th_pre_req"": ""4"", ""sel_7th_pre_bid"": ""+52000"", ""sel_6th_pre_req_pre"": ""0"", ""sel_6th_pre_req"": ""98"", ""sel_6th_pre_bid"": ""+51600"", ""sel_5th_pre_req_pre"": ""0"", ""sel_5th_pre_req"": ""30"", ""sel_5th_pre_bid"": ""+51500"", ""sel_4th_pre_req_pre"": ""0"", ""sel_4th_pre_req"": ""135"", ""sel_4th_pre_bid"": ""+51400"", ""sel_3th_pre_req_pre"": ""0"", ""sel_3th_pre_req"": ""103"", ""sel_3th_pre_bid"": ""+51200"", ""sel_2th_pre_req_pre"": ""0"", ""sel_2th_pre_req"": ""117"", ""sel_2th_pre_bid"": ""+51100"", ""sel_1th_pre_req_pre"": ""--20"", ""sel_fpr_req"": ""20"", ""sel_fpr_bid"": ""+51000"", ""buy_fpr_bid"": ""+50800"", ""buy_fpr_req"": ""56"", ""buy_1th_pre_req_pre"": ""0"", ""buy_2th_pre_bid"": ""+50700"", ""buy_2th_pre_req"": ""101"", ""buy_2th_pre_req_pre"": ""0"", ""buy_3th_pre_bid"": ""+50600"", ""buy_3th_pre_req"": ""204"", ""buy_3th_pre_req_pre"": ""0"", ""buy_4th_pre_bid"": ""50500"", ""buy_4th_pre_req"": ""521"", ""buy_4th_pre_req_pre"": ""0"", ""buy_5th_pre_bid"": ""-50400"", ""buy_5th_pre_req"": ""111"", ""buy_5th_pre_req_pre"": ""0"", ""buy_6th_pre_bid"": ""-50300"", ""buy_6th_pre_req"": ""103"", ""buy_6th_pre_req_pre"": ""0"", ""buy_7th_pre_bid"": ""-50200"", ""buy_7th_pre_req"": ""70"", ""buy_7th_pre_req_pre"": ""0"", ""buy_8th_pre_bid"": ""-50100"", ""buy_8th_pre_req"": ""268"", ""buy_8th_pre_req_pre"": ""0"", ""buy_9th_pre_bid"": ""-50000"", ""buy_9th_pre_req"": ""3150"", ""buy_9th_pre_req_pre"": ""0"", ""buy_10th_pre_bid"": ""-49950"", ""buy_10th_pre_req"": ""54"", ""buy_10th_pre_req_pre"": ""0"", ""tot_sel_req_jub_pre"": ""--20"", ""tot_sel_req"": ""1240"", ""tot_buy_req"": ""4638"", ""tot_buy_req_jub_pre"": ""0"", ""ovt_sel_req_pre"": ""0"", ""ovt_sel_req"": ""0"", ""ovt_buy_req"": ""0"", ""ovt_buy_req_pre"": ""0"", ""return_code"": 0, ""return_msg"": ""정상적으로 처리되었습니다""}"
2026-06-10,scan_candidate,017900,,0,main_scan,10010,,10010,9990,10010,10000,-0.5994005994005994,0.1998001998001998,,,,,,"{""bid_req_base_tm"": ""094918"", ""sel_10th_pre_req_pre"": ""0"", ""sel_10th_pre_req"": ""1373"", ""sel_10th_pre_bid"": ""+10120"", ""sel_9th_pre_req_pre"": ""0"", ""sel_9th_pre_req"": ""174"", ""sel_9th_pre_bid"": ""+10100"", ""sel_8th_pre_req_pre"": ""0"", ""sel_8th_pre_req"": ""370"", ""sel_8th_pre_bid"": ""+10090"", ""sel_7th_pre_req_pre"": ""0"", ""sel_7th_pre_req"": ""5593"", ""sel_7th_pre_bid"": ""+10080"", ""sel_6th_pre_req_pre"": ""+133"", ""sel_6th_pre_req"": ""476"", ""sel_6th_pre_bid"": ""+10070"", ""sel_5th_pre_req_pre"": ""0"", ""sel_5th_pre_req"": ""1871"", ""sel_5th_pre_bid"": ""+10060"", ""sel_4th_pre_req_pre"": ""0"", ""sel_4th_pre_req"": ""2688"", ""sel_4th_pre_bid"": ""+10050"", ""sel_3th_pre_req_pre"": ""+1017"", ""sel_3th_pre_req"": ""1182"", ""sel_3th_pre_bid"": ""+10040"", ""sel_2th_pre_req_pre"": ""0"", ""sel_2th_pre_req"": ""20"", ""sel_2th_pre_bid"": ""+10030"", ""sel_1th_pre_req_pre"": ""--8"", ""sel_fpr_req"": ""155"", ""sel_fpr_bid"": ""+10010"", ""buy_fpr_bid"": ""+9990"", ""buy_fpr_req"": ""10"", ""buy_1th_pre_req_pre"": ""0"", ""buy_2th_pre_bid"": ""+9960"", ""buy_2th_pre_req"": ""1723"", ""buy_2th_pre_req_pre"": ""--5"", ""buy_3th_pre_bid"": ""+9950"", ""buy_3th_pre_req"": ""6377"", ""buy_3th_pre_req_pre"": ""0"", ""buy_4th_pre_bid"": ""+9940"", ""buy_4th_pre_req"": ""15884"", ""buy_4th_pre_req_pre"": ""0"", ""buy_5th_pre_bid"": ""+9930"", ""buy_5th_pre_req"": ""368"", ""buy_5th_pre_req_pre"": ""--202"", ""buy_6th_pre_bid"": ""+9920"", ""buy_6th_pre_req"": ""356"", ""buy_6th_pre_req_pre"": ""0"", ""buy_7th_pre_bid"": ""+9910"", ""buy_7th_pre_req"": ""295"", ""buy_7th_pre_req_pre"": ""0"", ""buy_8th_pre_bid"": ""+9900"", ""buy_8th_pre_req"": ""1667"", ""buy_8th_pre_req_pre"": ""0"", ""buy_9th_pre_bid"": ""+9890"", ""buy_9th_pre_req"": ""1224"", ""buy_9th_pre_req_pre"": ""0"", ""buy_10th_pre_bid"": ""+9880"", ""buy_10th_pre_req"": ""11"", ""buy_10th_pre_req_pre"": ""0"", ""tot_sel_req_jub_pre"": ""+1142"", ""tot_sel_req"": ""13902"", ""tot_buy_req"": ""27915"", ""tot_buy_req_jub_pre"": ""--1365"", ""ovt_sel_req_pre"": ""0"", ""ovt_sel_req"": ""0"", ""ovt_buy_req"": ""0"", ""ovt_buy_req_pre"": ""0"", ""return_code"": 0, ""return_msg"": ""정상적으로 처리되었습니다""}"
2026-06-10,scan_candidate,006220,,0,main_scan,11420,,11420,11410,11420,11400,-0.6129597197898424,0.08756567425569177,,,,,,"{""bid_req_base_tm"": ""094918"", ""sel_10th_pre_req_pre"": ""0"", ""sel_10th_pre_req"": ""25"", ""sel_10th_pre_bid"": ""+11510"", ""sel_9th_pre_req_pre"": ""0"", ""sel_9th_pre_req"": ""8609"", ""sel_9th_pre_bid"": ""+11500"", ""sel_8th_pre_req_pre"": ""0"", ""sel_8th_pre_req"": ""326"", ""sel_8th_pre_bid"": ""+11490"", ""sel_7th_pre_req_pre"": ""0"", ""sel_7th_pre_req"": ""132"", ""sel_7th_pre_bid"": ""+11480"", ""sel_6th_pre_req_pre"": ""0"", ""sel_6th_pre_req"": ""214"", ""sel_6th_pre_bid"": ""+11470"", ""sel_5th_pre_req_pre"": ""0"", ""sel_5th_pre_req"": ""179"", ""sel_5th_pre_bid"": ""+11460"", ""sel_4th_pre_req_pre"": ""0"", ""sel_4th_pre_req"": ""69"", ""sel_4th_pre_bid"": ""+11450"", ""sel_3th_pre_req_pre"": ""0"", ""sel_3th_pre_req"": ""16"", ""sel_3th_pre_bid"": ""+11440"", ""sel_2th_pre_req_pre"": ""0"", ""sel_2th_pre_req"": ""30"", ""sel_2th_pre_bid"": ""+11430"", ""sel_1th_pre_req_pre"": ""--1"", ""sel_fpr_req"": ""209"", ""sel_fpr_bid"": ""+11420"", ""buy_fpr_bid"": ""+11410"", ""buy_fpr_req"": ""456"", ""buy_1th_pre_req_pre"": ""+1"", ""buy_2th_pre_bid"": ""+11400"", ""buy_2th_pre_req"": ""1548"", ""buy_2th_pre_req_pre"": ""0"", ""buy_3th_pre_bid"": ""+11390"", ""buy_3th_pre_req"": ""7457"", ""buy_3th_pre_req_pre"": ""0"", ""buy_4th_pre_bid"": ""+11380"", ""buy_4th_pre_req"": ""90"", ""buy_4th_pre_req_pre"": ""0"", ""buy_5th_pre_bid"": ""+11370"", ""buy_5th_pre_req"": ""302"", ""buy_5th_pre_req_pre"": ""0"", ""buy_6th_pre_bid"": ""+11360"", ""buy_6th_pre_req"": ""119"", ""buy_6th_pre_req_pre"": ""0"", ""buy_7th_pre_bid"": ""+11350"", ""buy_7th_pre_req"": ""456"", ""buy_7th_pre_req_pre"": ""0"", ""buy_8th_pre_bid"": ""+11340"", ""buy_8th_pre_req"": ""560"", ""buy_8th_pre_req_pre"": ""0"", ""buy_9th_pre_bid"": ""+11330"", ""buy_9th_pre_req"": ""2108"", ""buy_9th_pre_req_pre"": ""0"", ""buy_10th_pre_bid"": ""+11320"", ""buy_10th_pre_req"": ""352"", ""buy_10th_pre_req_pre"": ""0"", ""tot_sel_req_jub_pre"": ""--1"", ""tot_sel_req"": ""9809"", ""tot_buy_req"": ""13448"", ""tot_buy_req_jub_pre"": ""+1"", ""ovt_sel_req_pre"": ""0"", ""ovt_sel_req"": ""0"", ""ovt_buy_req"": ""0"", ""ovt_buy_req_pre"": ""0"", ""return_code"": 0, ""return_msg"": ""정상적으로 처리되었습니다""}"
2026-06-10,scan_candidate,092200,,0,main_scan,9930,,9930,9910,9930,9960,0.2014098690835851,0.2014098690835851,,,,,,"{""bid_req_base_tm"": ""094918"", ""sel_10th_pre_req_pre"": ""0"", ""sel_10th_pre_req"": ""44"", ""sel_10th_pre_bid"": ""-10040"", ""sel_9th_pre_req_pre"": ""0"", ""sel_9th_pre_req"": ""365"", ""sel_9th_pre_bid"": ""-10030"", ""sel_8th_pre_req_pre"": ""0"", ""sel_8th_pre_req"": ""2483"", ""sel_8th_pre_bid"": ""-10020"", ""sel_7th_pre_req_pre"": ""0"", ""sel_7th_pre_req"": ""257"", ""sel_7th_pre_bid"": ""-10010"", ""sel_6th_pre_req_pre"": ""0"", ""sel_6th_pre_req"": ""26"", ""sel_6th_pre_bid"": ""-10000"", ""sel_5th_pre_req_pre"": ""0"", ""sel_5th_pre_req"": ""216"", ""sel_5th_pre_bid"": ""-9970"", ""sel_4th_pre_req_pre"": ""0"", ""sel_4th_pre_req"": ""535"", ""sel_4th_pre_bid"": ""-9960"", ""sel_3th_pre_req_pre"": ""0"", ""sel_3th_pre_req"": ""280"", ""sel_3th_pre_bid"": ""-9950"", ""sel_2th_pre_req_pre"": ""0"", ""sel_2th_pre_req"": ""300"", ""sel_2th_pre_bid"": ""-9940"", ""sel_1th_pre_req_pre"": ""0"", ""sel_fpr_req"": ""121"", ""sel_fpr_bid"": ""-9930"", ""buy_fpr_bid"": ""-9910"", ""buy_fpr_req"": ""162"", ""buy_1th_pre_req_pre"": ""0"", ""buy_2th_pre_bid"": ""-9900"", ""buy_2th_pre_req"": ""940"", ""buy_2th_pre_req_pre"": ""0"", ""buy_3th_pre_bid"": ""-9890"", ""buy_3th_pre_req"": ""738"", ""buy_3th_pre_req_pre"": ""0"", ""buy_4th_pre_bid"": ""-9880"", ""buy_4th_pre_req"": ""5043"", ""buy_4th_pre_req_pre"": ""0"", ""buy_5th_pre_bid"": ""-9870"", ""buy_5th_pre_req"": ""2409"", ""buy_5th_pre_req_pre"": ""0"", ""buy_6th_pre_bid"": ""-9860"", ""buy_6th_pre_req"": ""5079"", ""buy_6th_pre_req_pre"": ""0"", ""buy_7th_pre_bid"": ""-9850"", ""buy_7th_pre_req"": ""4757"", ""buy_7th_pre_req_pre"": ""0"", ""buy_8th_pre_bid"": ""-9840"", ""buy_8th_pre_req"": ""1521"", ""buy_8th_pre_req_pre"": ""0"", ""buy_9th_pre_bid"": ""-9830"", ""buy_9th_pre_req"": ""1412"", ""buy_9th_pre_req_pre"": ""0"", ""buy_10th_pre_bid"": ""-9820"", ""buy_10th_pre_req"": ""2343"", ""buy_10th_pre_req_pre"": ""0"", ""tot_sel_req_jub_pre"": ""0"", ""tot_sel_req"": ""4627"", ""tot_buy_req"": ""24404"", ""tot_buy_req_jub_pre"": ""0"", ""ovt_sel_req_pre"": ""0"", ""ovt_sel_req"": ""0"", ""ovt_buy_req"": ""0"", ""ovt_buy_req_pre"": ""0"", ""return_code"": 0, ""return_msg"": ""정상적으로 처리되었습니다""}"
2026-06-10,scan_candidate,010820,,0,main_scan,8080,,8080,8050,8080,8080,-0.12376237623762376,0.3712871287128713,,,,,,"{""bid_req_base_tm"": ""094918"", ""sel_10th_pre_req_pre"": ""0"", ""sel_10th_pre_req"": ""71"", ""sel_10th_pre_bid"": ""+8170"", ""sel_9th_pre_req_pre"": ""0"", ""sel_9th_pre_req"": ""411"", ""sel_9th_pre_bid"": ""+8160"", ""sel_8th_pre_req_pre"": ""0"", ""sel_8th_pre_req"": ""807"", ""sel_8th_pre_bid"": ""+8150"", ""sel_7th_pre_req_pre"": ""0"", ""sel_7th_pre_req"": ""42"", ""sel_7th_pre_bid"": ""+8140"", ""sel_6th_pre_req_pre"": ""0"", ""sel_6th_pre_req"": ""86"", ""sel_6th_pre_bid"": ""+8130"", ""sel_5th_pre_req_pre"": ""0"", ""sel_5th_pre_req"": ""1025"", ""sel_5th_pre_bid"": ""+8120"", ""sel_4th_pre_req_pre"": ""0"", ""sel_4th_pre_req"": ""1305"", ""sel_4th_pre_bid"": ""+8110"", ""sel_3th_pre_req_pre"": ""0"", ""sel_3th_pre_req"": ""11"", ""sel_3th_pre_bid"": ""+8100"", ""sel_2th_pre_req_pre"": ""0"", ""sel_2th_pre_req"": ""1035"", ""sel_2th_pre_bid"": ""+8090"", ""sel_1th_pre_req_pre"": ""0"", ""sel_fpr_req"": ""39"", ""sel_fpr_bid"": ""+8080"", ""buy_fpr_bid"": ""+8050"", ""buy_fpr_req"": ""562"", ""buy_1th_pre_req_pre"": ""0"", ""buy_2th_pre_bid"": ""+8040"", ""buy_2th_pre_req"": ""556"", ""buy_2th_pre_req_pre"": ""0"", ""buy_3th_pre_bid"": ""+8030"", ""buy_3th_pre_req"": ""197"", ""buy_3th_pre_req_pre"": ""0"", ""buy_4th_pre_bid"": ""+8020"", ""buy_4th_pre_req"": ""770"", ""buy_4th_pre_req_pre"": ""0"", ""buy_5th_pre_bid"": ""+8010"", ""buy_5th_pre_req"": ""1083"", ""buy_5th_pre_req_pre"": ""0"", ""buy_6th_pre_bid"": ""+8000"", ""buy_6th_pre_req"": ""4360"", ""buy_6th_pre_req_pre"": ""0"", ""buy_7th_pre_bid"": ""+7990"", ""buy_7th_pre_req"": ""469"", ""buy_7th_pre_req_pre"": ""0"", ""buy_8th_pre_bid"": ""+7980"", ""buy_8th_pre_req"": ""188"", ""buy_8th_pre_req_pre"": ""0"", ""buy_9th_pre_bid"": ""+7970"", ""buy_9th_pre_req"": ""2"", ""buy_9th_pre_req_pre"": ""0"", ""buy_10th_pre_bid"": ""+7960"", ""buy_10th_pre_req"": ""2205"", ""buy_10th_pre_req_pre"": ""0"", ""tot_sel_req_jub_pre"": ""0"", ""tot_sel_req"": ""4832"", ""tot_buy_req"": ""10392"", ""tot_buy_req_jub_pre"": ""+2191"", ""ovt_sel_req_pre"": ""0"", ""ovt_sel_req"": ""0"", ""ovt_buy_req"": ""0"", ""ovt_buy_req_pre"": ""0"", ""return_code"": 0, ""return_msg"": ""정상적으로 처리되었습니다""}"
2026-06-10,scan_candidate,000430,,0,main_scan,5890,,5890,5870,5890,5920,0.3395585738539898,0.3395585738539898,,,,,,"{""bid_req_base_tm"": ""094919"", ""sel_10th_pre_req_pre"": ""0"", ""sel_10th_pre_req"": ""1188"", ""sel_10th_pre_bid"": ""6000"", ""sel_9th_pre_req_pre"": ""0"", ""sel_9th_pre_req"": ""582"", ""sel_9th_pre_bid"": ""-5990"", ""sel_8th_pre_req_pre"": ""0"", ""sel_8th_pre_req"": ""200"", ""sel_8th_pre_bid"": ""-5980"", ""sel_7th_pre_req_pre"": ""0"", ""sel_7th_pre_req"": ""765"", ""sel_7th_pre_bid"": ""-5970"", ""sel_6th_pre_req_pre"": ""0"", ""sel_6th_pre_req"": ""1"", ""sel_6th_pre_bid"": ""-5960"", ""sel_5th_pre_req_pre"": ""0"", ""sel_5th_pre_req"": ""10"", ""sel_5th_pre_bid"": ""-5950"", ""sel_4th_pre_req_pre"": ""0"", ""sel_4th_pre_req"": ""189"", ""sel_4th_pre_bid"": ""-5940"", ""sel_3th_pre_req_pre"": ""0"", ""sel_3th_pre_req"": ""100"", ""sel_3th_pre_bid"": ""-5910"", ""sel_2th_pre_req_pre"": ""0"", ""sel_2th_pre_req"": ""822"", ""sel_2th_pre_bid"": ""-5900"", ""sel_1th_pre_req_pre"": ""0"", ""sel_fpr_req"": ""1"", ""sel_fpr_bid"": ""-5890"", ""buy_fpr_bid"": ""-5870"", ""buy_fpr_req"": ""219"", ""buy_1th_pre_req_pre"": ""--23"", ""buy_2th_pre_bid"": ""-5860"", ""buy_2th_pre_req"": ""1810"", ""buy_2th_pre_req_pre"": ""0"", ""buy_3th_pre_bid"": ""-5850"", ""buy_3th_pre_req"": ""8426"", ""buy_3th_pre_req_pre"": ""0"", ""buy_4th_pre_bid"": ""-5840"", ""buy_4th_pre_req"": ""7061"", ""buy_4th_pre_req_pre"": ""0"", ""buy_5th_pre_bid"": ""-5830"", ""buy_5th_pre_req"": ""5507"", ""buy_5th_pre_req_pre"": ""0"", ""buy_6th_pre_bid"": ""-5820"", ""buy_6th_pre_req"": ""1907"", ""buy_6th_pre_req_pre"": ""0"", ""buy_7th_pre_bid"": ""-5810"", ""buy_7th_pre_req"": ""2186"", ""buy_7th_pre_req_pre"": ""0"", ""buy_8th_pre_bid"": ""-5800"", ""buy_8th_pre_req"": ""11546"", ""buy_8th_pre_req_pre"": ""0"", ""buy_9th_pre_bid"": ""-5790"", ""buy_9th_pre_req"": ""5771"", ""buy_9th_pre_req_pre"": ""0"", ""buy_10th_pre_bid"": ""-5780"", ""buy_10th_pre_req"": ""3278"", ""buy_10th_pre_req_pre"": ""0"", ""tot_sel_req_jub_pre"": ""+1023"", ""tot_sel_req"": ""3858"", ""tot_buy_req"": ""47711"", ""tot_buy_req_jub_pre"": ""--23"", ""ovt_sel_req_pre"": ""0"", ""ovt_sel_req"": ""0"", ""ovt_buy_req"": ""0"", ""ovt_buy_req_pre"": ""0"", ""return_code"": 0, ""return_msg"": ""정상적으로 처리되었습니다""}"
2026-06-10,scan_candidate,010690,,0,main_scan,10400,,10400,10370,10400,10400,-0.4807692307692308,0.2884615384615385,,,,,,"{""bid_req_base_tm"": ""094919"", ""sel_10th_pre_req_pre"": ""0"", ""sel_10th_pre_req"": ""692"", ""sel_10th_pre_bid"": ""+10500"", ""sel_9th_pre_req_pre"": ""0"", ""sel_9th_pre_req"": ""1080"", ""sel_9th_pre_bid"": ""+10490"", ""sel_8th_pre_req_pre"": ""0"", ""sel_8th_pre_req"": ""110"", ""sel_8th_pre_bid"": ""+10480"", ""sel_7th_pre_req_pre"": ""0"", ""sel_7th_pre_req"": ""130"", ""sel_7th_pre_bid"": ""+10470"", ""sel_6th_pre_req_pre"": ""0"", ""sel_6th_pre_req"": ""43"", ""sel_6th_pre_bid"": ""+10450"", ""sel_5th_pre_req_pre"": ""0"", ""sel_5th_pre_req"": ""202"", ""sel_5th_pre_bid"": ""+10440"", ""sel_4th_pre_req_pre"": ""0"", ""sel_4th_pre_req"": ""132"", ""sel_4th_pre_bid"": ""+10430"", ""sel_3th_pre_req_pre"": ""0"", ""sel_3th_pre_req"": ""57"", ""sel_3th_pre_bid"": ""+10420"", ""sel_2th_pre_req_pre"": ""0"", ""sel_2th_pre_req"": ""148"", ""sel_2th_pre_bid"": ""+10410"", ""sel_1th_pre_req_pre"": ""0"", ""sel_fpr_req"": ""4"", ""sel_fpr_bid"": ""+10400"", ""buy_fpr_bid"": ""+10370"", ""buy_fpr_req"": ""560"", ""buy_1th_pre_req_pre"": ""0"", ""buy_2th_pre_bid"": ""+10360"", ""buy_2th_pre_req"": ""4038"", ""buy_2th_pre_req_pre"": ""0"", ""buy_3th_pre_bid"": ""+10330"", ""buy_3th_pre_req"": ""1"", ""buy_3th_pre_req_pre"": ""0"", ""buy_4th_pre_bid"": ""+10320"", ""buy_4th_pre_req"": ""73"", ""buy_4th_pre_req_pre"": ""0"", ""buy_5th_pre_bid"": ""+10310"", ""buy_5th_pre_req"": ""674"", ""buy_5th_pre_req_pre"": ""0"", ""buy_6th_pre_bid"": ""+10300"", ""buy_6th_pre_req"": ""30069"", ""buy_6th_pre_req_pre"": ""+3"", ""buy_7th_pre_bid"": ""+10290"", ""buy_7th_pre_req"": ""254"", ""buy_7th_pre_req_pre"": ""0"", ""buy_8th_pre_bid"": ""+10280"", ""buy_8th_pre_req"": ""311"", ""buy_8th_pre_req_pre"": ""0"", ""buy_9th_pre_bid"": ""10270"", ""buy_9th_pre_req"": ""2961"", ""buy_9th_pre_req_pre"": ""0"", ""buy_10th_pre_bid"": ""-10260"", ""buy_10th_pre_req"": ""1049"", ""buy_10th_pre_req_pre"": ""0"", ""tot_sel_req_jub_pre"": ""0"", ""tot_sel_req"": ""2598"", ""tot_buy_req"": ""39990"", ""tot_buy_req_jub_pre"": ""+3"", ""ovt_sel_req_pre"": ""0"", ""ovt_sel_req"": ""0"", ""ovt_buy_req"": ""0"", ""ovt_buy_req_pre"": ""0"", ""return_code"": 0, ""return_msg"": ""정상적으로 처리되었습니다""}"
2026-06-10,scan_candidate,005950,,0,main_scan,11790,,11790,11730,11790,11850,0.08481764206955046,0.5089058524173028,,,,,,"{""bid_req_base_tm"": ""094919"", ""sel_10th_pre_req_pre"": ""0"", ""sel_10th_pre_req"": ""697"", ""sel_10th_pre_bid"": ""+12000"", ""sel_9th_pre_req_pre"": ""0"", ""sel_9th_pre_req"": ""206"", ""sel_9th_pre_bid"": ""+11970"", ""sel_8th_pre_req_pre"": ""0"", ""sel_8th_pre_req"": ""89"", ""sel_8th_pre_bid"": ""+11940"", ""sel_7th_pre_req_pre"": ""0"", ""sel_7th_pre_req"": ""3"", ""sel_7th_pre_bid"": ""+11910"", ""sel_6th_pre_req_pre"": ""0"", ""sel_6th_pre_req"": ""505"", ""sel_6th_pre_bid"": ""+11900"", ""sel_5th_pre_req_pre"": ""0"", ""sel_5th_pre_req"": ""140"", ""sel_5th_pre_bid"": ""+11890"", ""sel_4th_pre_req_pre"": ""0"", ""sel_4th_pre_req"": ""259"", ""sel_4th_pre_bid"": ""+11840"", ""sel_3th_pre_req_pre"": ""0"", ""sel_3th_pre_req"": ""69"", ""sel_3th_pre_bid"": ""+11810"", ""sel_2th_pre_req_pre"": ""0"", ""sel_2th_pre_req"": ""429"", ""sel_2th_pre_bid"": ""+11800"", ""sel_1th_pre_req_pre"": ""+22"", ""sel_fpr_req"": ""538"", ""sel_fpr_bid"": ""+11790"", ""buy_fpr_bid"": ""+11730"", ""buy_fpr_req"": ""500"", ""buy_1th_pre_req_pre"": ""0"", ""buy_2th_pre_bid"": ""+11720"", ""buy_2th_pre_req"": ""335"", ""buy_2th_pre_req_pre"": ""0"", ""buy_3th_pre_bid"": ""+11710"", ""buy_3th_pre_req"": ""379"", ""buy_3th_pre_req_pre"": ""0"", ""buy_4th_pre_bid"": ""+11700"", ""buy_4th_pre_req"": ""1950"", ""buy_4th_pre_req_pre"": ""0"", ""buy_5th_pre_bid"": ""+11690"", ""buy_5th_pre_req"": ""110"", ""buy_5th_pre_req_pre"": ""0"", ""buy_6th_pre_bid"": ""+11680"", ""buy_6th_pre_req"": ""125"", ""buy_6th_pre_req_pre"": ""0"", ""buy_7th_pre_bid"": ""+11670"", ""buy_7th_pre_req"": ""10"", ""buy_7th_pre_req_pre"": ""0"", ""buy_8th_pre_bid"": ""+11660"", ""buy_8th_pre_req"": ""25"", ""buy_8th_pre_req_pre"": ""0"", ""buy_9th_pre_bid"": ""+11650"", ""buy_9th_pre_req"": ""45"", ""buy_9th_pre_req_pre"": ""0"", ""buy_10th_pre_bid"": ""+11640"", ""buy_10th_pre_req"": ""20"", ""buy_10th_pre_req_pre"": ""0"", ""tot_sel_req_jub_pre"": ""+22"", ""tot_sel_req"": ""2935"", ""tot_buy_req"": ""3499"", ""tot_buy_req_jub_pre"": ""0"", ""ovt_sel_req_pre"": ""0"", ""ovt_sel_req"": ""0"", ""ovt_buy_req"": ""0"", ""ovt_buy_req_pre"": ""0"", ""return_code"": 0, ""return_msg"": ""정상적으로 처리되었습니다""}"
2026-06-10,watchlist,014680,,1,filtered_candidate_recheck,258500,,258500,257500,258500,258000,-0.3868471953578337,0.3868471953578337,,,,,,"{""bid_req_base_tm"": ""095106"", ""sel_10th_pre_req_pre"": ""0"", ""sel_10th_pre_req"": ""11"", ""sel_10th_pre_bid"": ""+263000"", ""sel_9th_pre_req_pre"": ""0"", ""sel_9th_pre_req"": ""12"", ""sel_9th_pre_bid"": ""+262500"", ""sel_8th_pre_req_pre"": ""0"", ""sel_8th_pre_req"": ""8"", ""sel_8th_pre_bid"": ""+262000"", ""sel_7th_pre_req_pre"": ""0"", ""sel_7th_pre_req"": ""7"", ""sel_7th_pre_bid"": ""+261500"", ""sel_6th_pre_req_pre"": ""0"", ""sel_6th_pre_req"": ""53"", ""sel_6th_pre_bid"": ""+261000"", ""sel_5th_pre_req_pre"": ""0"", ""sel_5th_pre_req"": ""43"", ""sel_5th_pre_bid"": ""+260500"", ""sel_4th_pre_req_pre"": ""0"", ""sel_4th_pre_req"": ""85"", ""sel_4th_pre_bid"": ""+260000"", ""sel_3th_pre_req_pre"": ""0"", ""sel_3th_pre_req"": ""90"", ""sel_3th_pre_bid"": ""+259500"", ""sel_2th_pre_req_pre"": ""0"", ""sel_2th_pre_req"": ""9"", ""sel_2th_pre_bid"": ""+259000"", ""sel_1th_pre_req_pre"": ""0"", ""sel_fpr_req"": ""19"", ""sel_fpr_bid"": ""+258500"", ""buy_fpr_bid"": ""+257500"", ""buy_fpr_req"": ""6"", ""buy_1th_pre_req_pre"": ""+4"", ""buy_2th_pre_bid"": ""+257000"", ""buy_2th_pre_req"": ""179"", ""buy_2th_pre_req_pre"": ""0"", ""buy_3th_pre_bid"": ""+256500"", ""buy_3th_pre_req"": ""3"", ""buy_3th_pre_req_pre"": ""0"", ""buy_4th_pre_bid"": ""+256000"", ""buy_4th_pre_req"": ""2"", ""buy_4th_pre_req_pre"": ""0"", ""buy_5th_pre_bid"": ""+255500"", ""buy_5th_pre_req"": ""80"", ""buy_5th_pre_req_pre"": ""0"", ""buy_6th_pre_bid"": ""+255000"", ""buy_6th_pre_req"": ""3"", ""buy_6th_pre_req_pre"": ""0"", ""buy_7th_pre_bid"": ""+254500"", ""buy_7th_pre_req"": ""23"", ""buy_7th_pre_req_pre"": ""0"", ""buy_8th_pre_bid"": ""+254000"", ""buy_8th_pre_req"": ""17"", ""buy_8th_pre_req_pre"": ""0"", ""buy_9th_pre_bid"": ""+253500"", ""buy_9th_pre_req"": ""101"", ""buy_9th_pre_req_pre"": ""0"", ""buy_10th_pre_bid"": ""+253000"", ""buy_10th_pre_req"": ""106"", ""buy_10th_pre_req_pre"": ""0"", ""tot_sel_req_jub_pre"": ""0"", ""tot_sel_req"": ""337"", ""tot_buy_req"": ""520"", ""tot_buy_req_jub_pre"": ""+4"", ""ovt_sel_req_pre"": ""0"", ""ovt_sel_req"": ""0"", ""ovt_buy_req"": ""0"", ""ovt_buy_req_pre"": ""0"", ""return_code"": 0, ""return_msg"": ""정상적으로 처리되었습니다""}"
2026-06-10,watchlist,035420,,0,filtered_candidate_recheck,236000,,236000,235500,236000,237500,0.423728813559322,0.211864406779661,,,,,,"{""bid_req_base_tm"": ""095107"", ""sel_10th_pre_req_pre"": ""0"", ""sel_10th_pre_req"": ""1124"", ""sel_10th_pre_bid"": ""-240500"", ""sel_9th_pre_req_pre"": ""0"", ""sel_9th_pre_req"": ""3361"", ""sel_9th_pre_bid"": ""-240000"", ""sel_8th_pre_req_pre"": ""0"", ""sel_8th_pre_req"": ""1349"", ""sel_8th_pre_bid"": ""-239500"", ""sel_7th_pre_req_pre"": ""0"", ""sel_7th_pre_req"": ""1417"", ""sel_7th_pre_bid"": ""-239000"", ""sel_6th_pre_req_pre"": ""0"", ""sel_6th_pre_req"": ""1207"", ""sel_6th_pre_bid"": ""-238500"", ""sel_5th_pre_req_pre"": ""0"", ""sel_5th_pre_req"": ""1526"", ""sel_5th_pre_bid"": ""-238000"", ""sel_4th_pre_req_pre"": ""0"", ""sel_4th_pre_req"": ""2225"", ""sel_4th_pre_bid"": ""-237500"", ""sel_3th_pre_req_pre"": ""0"", ""sel_3th_pre_req"": ""1087"", ""sel_3th_pre_bid"": ""-237000"", ""sel_2th_pre_req_pre"": ""0"", ""sel_2th_pre_req"": ""1156"", ""sel_2th_pre_bid"": ""-236500"", ""sel_1th_pre_req_pre"": ""0"", ""sel_fpr_req"": ""4390"", ""sel_fpr_bid"": ""-236000"", ""buy_fpr_bid"": ""-235500"", ""buy_fpr_req"": ""5095"", ""buy_1th_pre_req_pre"": ""+10"", ""buy_2th_pre_bid"": ""-235000"", ""buy_2th_pre_req"": ""16377"", ""buy_2th_pre_req_pre"": ""0"", ""buy_3th_pre_bid"": ""-234500"", ""buy_3th_pre_req"": ""55497"", ""buy_3th_pre_req_pre"": ""0"", ""buy_4th_pre_bid"": ""-234000"", ""buy_4th_pre_req"": ""7672"", ""buy_4th_pre_req_pre"": ""0"", ""buy_5th_pre_bid"": ""-233500"", ""buy_5th_pre_req"": ""5557"", ""buy_5th_pre_req_pre"": ""0"", ""buy_6th_pre_bid"": ""-233000"", ""buy_6th_pre_req"": ""9668"", ""buy_6th_pre_req_pre"": ""0"", ""buy_7th_pre_bid"": ""-232500"", ""buy_7th_pre_req"": ""5660"", ""buy_7th_pre_req_pre"": ""0"", ""buy_8th_pre_bid"": ""-232000"", ""buy_8th_pre_req"": ""8007"", ""buy_8th_pre_req_pre"": ""0"", ""buy_9th_pre_bid"": ""-231500"", ""buy_9th_pre_req"": ""7854"", ""buy_9th_pre_req_pre"": ""0"", ""buy_10th_pre_bid"": ""-231000"", ""buy_10th_pre_req"": ""12144"", ""buy_10th_pre_req_pre"": ""0"", ""tot_sel_req_jub_pre"": ""0"", ""tot_sel_req"": ""18842"", ""tot_buy_req"": ""133531"", ""tot_buy_req_jub_pre"": ""+10"", ""ovt_sel_req_pre"": ""0"", ""ovt_sel_req"": ""0"", ""ovt_buy_req"": ""0"", ""ovt_buy_req_pre"": ""0"", ""return_code"": 0, ""return_msg"": ""정상적으로 처리되었습니다""}"
2026-06-10,watchlist,036570,,1,filtered_candidate_recheck,256000,,256000,255500,256000,257000,0.1953125,0.1953125,,,,,,"{""bid_req_base_tm"": ""095106"", ""sel_10th_pre_req_pre"": ""0"", ""sel_10th_pre_req"": ""31"", ""sel_10th_pre_bid"": ""-260500"", ""sel_9th_pre_req_pre"": ""0"", ""sel_9th_pre_req"": ""75"", ""sel_9th_pre_bid"": ""-260000"", ""sel_8th_pre_req_pre"": ""0"", ""sel_8th_pre_req"": ""29"", ""sel_8th_pre_bid"": ""-259500"", ""sel_7th_pre_req_pre"": ""0"", ""sel_7th_pre_req"": ""47"", ""sel_7th_pre_bid"": ""-259000"", ""sel_6th_pre_req_pre"": ""0"", ""sel_6th_pre_req"": ""44"", ""sel_6th_pre_bid"": ""-258500"", ""sel_5th_pre_req_pre"": ""0"", ""sel_5th_pre_req"": ""30"", ""sel_5th_pre_bid"": ""-258000"", ""sel_4th_pre_req_pre"": ""0"", ""sel_4th_pre_req"": ""21"", ""sel_4th_pre_bid"": ""-257500"", ""sel_3th_pre_req_pre"": ""0"", ""sel_3th_pre_req"": ""12"", ""sel_3th_pre_bid"": ""-257000"", ""sel_2th_pre_req_pre"": ""0"", ""sel_2th_pre_req"": ""117"", ""sel_2th_pre_bid"": ""-256500"", ""sel_1th_pre_req_pre"": ""0"", ""sel_fpr_req"": ""81"", ""sel_fpr_bid"": ""-256000"", ""buy_fpr_bid"": ""-255500"", ""buy_fpr_req"": ""92"", ""buy_1th_pre_req_pre"": ""+1"", ""buy_2th_pre_bid"": ""-255000"", ""buy_2th_pre_req"": ""148"", ""buy_2th_pre_req_pre"": ""0"", ""buy_3th_pre_bid"": ""-254500"", ""buy_3th_pre_req"": ""236"", ""buy_3th_pre_req_pre"": ""0"", ""buy_4th_pre_bid"": ""-254000"", ""buy_4th_pre_req"": ""281"", ""buy_4th_pre_req_pre"": ""0"", ""buy_5th_pre_bid"": ""-253500"", ""buy_5th_pre_req"": ""389"", ""buy_5th_pre_req_pre"": ""0"", ""buy_6th_pre_bid"": ""-253000"", ""buy_6th_pre_req"": ""732"", ""buy_6th_pre_req_pre"": ""0"", ""buy_7th_pre_bid"": ""-252500"", ""buy_7th_pre_req"": ""184"", ""buy_7th_pre_req_pre"": ""0"", ""buy_8th_pre_bid"": ""-252000"", ""buy_8th_pre_req"": ""185"", ""buy_8th_pre_req_pre"": ""0"", ""buy_9th_pre_bid"": ""-251500"", ""buy_9th_pre_req"": ""217"", ""buy_9th_pre_req_pre"": ""0"", ""buy_10th_pre_bid"": ""-251000"", ""buy_10th_pre_req"": ""159"", ""buy_10th_pre_req_pre"": ""0"", ""tot_sel_req_jub_pre"": ""0"", ""tot_sel_req"": ""487"", ""tot_buy_req"": ""2623"", ""tot_buy_req_jub_pre"": ""+1"", ""ovt_sel_req_pre"": ""0"", ""ovt_sel_req"": ""0"", ""ovt_buy_req"": ""0"", ""ovt_buy_req_pre"": ""0"", ""return_code"": 0, ""return_msg"": ""정상적으로 처리되었습니다""}"
2026-06-10,watchlist,005090,,0,filtered_candidate_recheck,50600,,50600,50500,50600,50200,-0.9881422924901186,0.1976284584980237,,,,,,"{""bid_req_base_tm"": ""095107"", ""sel_10th_pre_req_pre"": ""0"", ""sel_10th_pre_req"": ""4"", ""sel_10th_pre_bid"": ""+52000"", ""sel_9th_pre_req_pre"": ""0"", ""sel_9th_pre_req"": ""98"", ""sel_9th_pre_bid"": ""+51600"", ""sel_8th_pre_req_pre"": ""0"", ""sel_8th_pre_req"": ""28"", ""sel_8th_pre_bid"": ""+51500"", ""sel_7th_pre_req_pre"": ""0"", ""sel_7th_pre_req"": ""128"", ""sel_7th_pre_bid"": ""+51400"", ""sel_6th_pre_req_pre"": ""0"", ""sel_6th_pre_req"": ""200"", ""sel_6th_pre_bid"": ""+51300"", ""sel_5th_pre_req_pre"": ""0"", ""sel_5th_pre_req"": ""20"", ""sel_5th_pre_bid"": ""+51100"", ""sel_4th_pre_req_pre"": ""0"", ""sel_4th_pre_req"": ""53"", ""sel_4th_pre_bid"": ""+51000"", ""sel_3th_pre_req_pre"": ""0"", ""sel_3th_pre_req"": ""1"", ""sel_3th_pre_bid"": ""+50900"", ""sel_2th_pre_req_pre"": ""0"", ""sel_2th_pre_req"": ""71"", ""sel_2th_pre_bid"": ""+50800"", ""sel_1th_pre_req_pre"": ""+6"", ""sel_fpr_req"": ""15742"", ""sel_fpr_bid"": ""+50600"", ""buy_fpr_bid"": ""50500"", ""buy_fpr_req"": ""60"", ""buy_1th_pre_req_pre"": ""0"", ""buy_2th_pre_bid"": ""-50400"", ""buy_2th_pre_req"": ""165"", ""buy_2th_pre_req_pre"": ""0"", ""buy_3th_pre_bid"": ""-50300"", ""buy_3th_pre_req"": ""189"", ""buy_3th_pre_req_pre"": ""0"", ""buy_4th_pre_bid"": ""-50200"", ""buy_4th_pre_req"": ""200"", ""buy_4th_pre_req_pre"": ""0"", ""buy_5th_pre_bid"": ""-50100"", ""buy_5th_pre_req"": ""293"", ""buy_5th_pre_req_pre"": ""0"", ""buy_6th_pre_bid"": ""-50000"", ""buy_6th_pre_req"": ""651"", ""buy_6th_pre_req_pre"": ""0"", ""buy_7th_pre_bid"": ""-49950"", ""buy_7th_pre_req"": ""67"", ""buy_7th_pre_req_pre"": ""0"", ""buy_8th_pre_bid"": ""-49900"", ""buy_8th_pre_req"": ""74"", ""buy_8th_pre_req_pre"": ""0"", ""buy_9th_pre_bid"": ""-49850"", ""buy_9th_pre_req"": ""66"", ""buy_9th_pre_req_pre"": ""0"", ""buy_10th_pre_bid"": ""-49800"", ""buy_10th_pre_req"": ""55"", ""buy_10th_pre_req_pre"": ""0"", ""tot_sel_req_jub_pre"": ""+6"", ""tot_sel_req"": ""16345"", ""tot_buy_req"": ""1820"", ""tot_buy_req_jub_pre"": ""0"", ""ovt_sel_req_pre"": ""0"", ""ovt_sel_req"": ""0"", ""ovt_buy_req"": ""0"", ""ovt_buy_req_pre"": ""0"", ""return_code"": 0, ""return_msg"": ""정상적으로 처리되었습니다""}"
2026-06-10,watchlist,066570,,0,filtered_candidate_recheck,231000,,231000,230500,231000,232500,0.4329004329004329,0.21645021645021645,,,,,,"{""bid_req_base_tm"": ""095107"", ""sel_10th_pre_req_pre"": ""0"", ""sel_10th_pre_req"": ""464"", ""sel_10th_pre_bid"": ""-235500"", ""sel_9th_pre_req_pre"": ""0"", ""sel_9th_pre_req"": ""1689"", ""sel_9th_pre_bid"": ""-235000"", ""sel_8th_pre_req_pre"": ""0"", ""sel_8th_pre_req"": ""478"", ""sel_8th_pre_bid"": ""-234500"", ""sel_7th_pre_req_pre"": ""0"", ""sel_7th_pre_req"": ""375"", ""sel_7th_pre_bid"": ""-234000"", ""sel_6th_pre_req_pre"": ""0"", ""sel_6th_pre_req"": ""506"", ""sel_6th_pre_bid"": ""-233500"", ""sel_5th_pre_req_pre"": ""0"", ""sel_5th_pre_req"": ""1035"", ""sel_5th_pre_bid"": ""-233000"", ""sel_4th_pre_req_pre"": ""0"", ""sel_4th_pre_req"": ""1146"", ""sel_4th_pre_bid"": ""-232500"", ""sel_3th_pre_req_pre"": ""0"", ""sel_3th_pre_req"": ""1127"", ""sel_3th_pre_bid"": ""-232000"", ""sel_2th_pre_req_pre"": ""0"", ""sel_2th_pre_req"": ""1638"", ""sel_2th_pre_bid"": ""-231500"", ""sel_1th_pre_req_pre"": ""0"", ""sel_fpr_req"": ""1896"", ""sel_fpr_bid"": ""-231000"", ""buy_fpr_bid"": ""-230500"", ""buy_fpr_req"": ""8471"", ""buy_1th_pre_req_pre"": ""0"", ""buy_2th_pre_bid"": ""-230000"", ""buy_2th_pre_req"": ""32489"", ""buy_2th_pre_req_pre"": ""--10"", ""buy_3th_pre_bid"": ""-229500"", ""buy_3th_pre_req"": ""3534"", ""buy_3th_pre_req_pre"": ""0"", ""buy_4th_pre_bid"": ""-229000"", ""buy_4th_pre_req"": ""5323"", ""buy_4th_pre_req_pre"": ""0"", ""buy_5th_pre_bid"": ""-228500"", ""buy_5th_pre_req"": ""5356"", ""buy_5th_pre_req_pre"": ""+10"", ""buy_6th_pre_bid"": ""-228000"", ""buy_6th_pre_req"": ""10485"", ""buy_6th_pre_req_pre"": ""0"", ""buy_7th_pre_bid"": ""-227500"", ""buy_7th_pre_req"": ""3407"", ""buy_7th_pre_req_pre"": ""0"", ""buy_8th_pre_bid"": ""-227000"", ""buy_8th_pre_req"": ""6584"", ""buy_8th_pre_req_pre"": ""0"", ""buy_9th_pre_bid"": ""-226500"", ""buy_9th_pre_req"": ""2119"", ""buy_9th_pre_req_pre"": ""0"", ""buy_10th_pre_bid"": ""-226000"", ""buy_10th_pre_req"": ""2770"", ""buy_10th_pre_req_pre"": ""0"", ""tot_sel_req_jub_pre"": ""0"", ""tot_sel_req"": ""10354"", ""tot_buy_req"": ""80538"", ""tot_buy_req_jub_pre"": ""0"", ""ovt_sel_req_pre"": ""0"", ""ovt_sel_req"": ""0"", ""ovt_buy_req"": ""0"", ""ovt_buy_req_pre"": ""0"", ""return_code"": 0, ""return_msg"": ""정상적으로 처리되었습니다""}"
2026-06-10,watchlist,028670,,1,filtered_candidate_recheck,5050,,5050,5040,5050,5080,0.39603960396039606,0.19801980198019803,,,,,,"{""bid_req_base_tm"": ""095107"", ""sel_10th_pre_req_pre"": ""0"", ""sel_10th_pre_req"": ""305"", ""sel_10th_pre_bid"": ""-5140"", ""sel_9th_pre_req_pre"": ""0"", ""sel_9th_pre_req"": ""160"", ""sel_9th_pre_bid"": ""-5130"", ""sel_8th_pre_req_pre"": ""0"", ""sel_8th_pre_req"": ""307"", ""sel_8th_pre_bid"": ""-5120"", ""sel_7th_pre_req_pre"": ""0"", ""sel_7th_pre_req"": ""200"", ""sel_7th_pre_bid"": ""-5110"", ""sel_6th_pre_req_pre"": ""0"", ""sel_6th_pre_req"": ""220"", ""sel_6th_pre_bid"": ""-5100"", ""sel_5th_pre_req_pre"": ""0"", ""sel_5th_pre_req"": ""555"", ""sel_5th_pre_bid"": ""-5090"", ""sel_4th_pre_req_pre"": ""0"", ""sel_4th_pre_req"": ""4183"", ""sel_4th_pre_bid"": ""-5080"", ""sel_3th_pre_req_pre"": ""0"", ""sel_3th_pre_req"": ""84"", ""sel_3th_pre_bid"": ""-5070"", ""sel_2th_pre_req_pre"": ""0"", ""sel_2th_pre_req"": ""2261"", ""sel_2th_pre_bid"": ""-5060"", ""sel_1th_pre_req_pre"": ""0"", ""sel_fpr_req"": ""2187"", ""sel_fpr_bid"": ""-5050"", ""buy_fpr_bid"": ""-5040"", ""buy_fpr_req"": ""6065"", ""buy_1th_pre_req_pre"": ""0"", ""buy_2th_pre_bid"": ""-5030"", ""buy_2th_pre_req"": ""3570"", ""buy_2th_pre_req_pre"": ""+9"", ""buy_3th_pre_bid"": ""-5020"", ""buy_3th_pre_req"": ""8284"", ""buy_3th_pre_req_pre"": ""0"", ""buy_4th_pre_bid"": ""-5010"", ""buy_4th_pre_req"": ""2508"", ""buy_4th_pre_req_pre"": ""0"", ""buy_5th_pre_bid"": ""-5000"", ""buy_5th_pre_req"": ""11726"", ""buy_5th_pre_req_pre"": ""0"", ""buy_6th_pre_bid"": ""-4995"", ""buy_6th_pre_req"": ""1320"", ""buy_6th_pre_req_pre"": ""0"", ""buy_7th_pre_bid"": ""-4990"", ""buy_7th_pre_req"": ""1165"", ""buy_7th_pre_req_pre"": ""0"", ""buy_8th_pre_bid"": ""-4985"", ""buy_8th_pre_req"": ""60"", ""buy_8th_pre_req_pre"": ""0"", ""buy_9th_pre_bid"": ""-4980"", ""buy_9th_pre_req"": ""10343"", ""buy_9th_pre_req_pre"": ""0"", ""buy_10th_pre_bid"": ""-4975"", ""buy_10th_pre_req"": ""276"", ""buy_10th_pre_req_pre"": ""0"", ""tot_sel_req_jub_pre"": ""0"", ""tot_sel_req"": ""10462"", ""tot_buy_req"": ""45317"", ""tot_buy_req_jub_pre"": ""+9"", ""ovt_sel_req_pre"": ""0"", ""ovt_sel_req"": ""0"", ""ovt_buy_req"": ""0"", ""ovt_buy_req_pre"": ""0"", ""return_code"": 0, ""return_msg"": ""정상적으로 처리되었습니다""}"
2026-06-10,watchlist,004990,,0,filtered_candidate_recheck,25550,,25550,25450,25550,25650,0.19569471624266144,0.3913894324853229,,,,,,"{""bid_req_base_tm"": ""095106"", ""sel_10th_pre_req_pre"": ""0"", ""sel_10th_pre_req"": ""69"", ""sel_10th_pre_bid"": ""26150"", ""sel_9th_pre_req_pre"": ""0"", ""sel_9th_pre_req"": ""602"", ""sel_9th_pre_bid"": ""-26100"", ""sel_8th_pre_req_pre"": ""0"", ""sel_8th_pre_req"": ""51"", ""sel_8th_pre_bid"": ""-26050"", ""sel_7th_pre_req_pre"": ""0"", ""sel_7th_pre_req"": ""253"", ""sel_7th_pre_bid"": ""-26000"", ""sel_6th_pre_req_pre"": ""0"", ""sel_6th_pre_req"": ""106"", ""sel_6th_pre_bid"": ""-25950"", ""sel_5th_pre_req_pre"": ""0"", ""sel_5th_pre_req"": ""250"", ""sel_5th_pre_bid"": ""-25900"", ""sel_4th_pre_req_pre"": ""0"", ""sel_4th_pre_req"": ""770"", ""sel_4th_pre_bid"": ""-25750"", ""sel_3th_pre_req_pre"": ""0"", ""sel_3th_pre_req"": ""50"", ""sel_3th_pre_bid"": ""-25700"", ""sel_2th_pre_req_pre"": ""0"", ""sel_2th_pre_req"": ""267"", ""sel_2th_pre_bid"": ""-25600"", ""sel_1th_pre_req_pre"": ""0"", ""sel_fpr_req"": ""398"", ""sel_fpr_bid"": ""-25550"", ""buy_fpr_bid"": ""-25450"", ""buy_fpr_req"": ""756"", ""buy_1th_pre_req_pre"": ""+134"", ""buy_2th_pre_bid"": ""-25400"", ""buy_2th_pre_req"": ""544"", ""buy_2th_pre_req_pre"": ""0"", ""buy_3th_pre_bid"": ""-25350"", ""buy_3th_pre_req"": ""246"", ""buy_3th_pre_req_pre"": ""0"", ""buy_4th_pre_bid"": ""-25300"", ""buy_4th_pre_req"": ""461"", ""buy_4th_pre_req_pre"": ""0"", ""buy_5th_pre_bid"": ""-25250"", ""buy_5th_pre_req"": ""633"", ""buy_5th_pre_req_pre"": ""0"", ""buy_6th_pre_bid"": ""-25200"", ""buy_6th_pre_req"": ""402"", ""buy_6th_pre_req_pre"": ""0"", ""buy_7th_pre_bid"": ""-25150"", ""buy_7th_pre_req"": ""1573"", ""buy_7th_pre_req_pre"": ""0"", ""buy_8th_pre_bid"": ""-25100"", ""buy_8th_pre_req"": ""1420"", ""buy_8th_pre_req_pre"": ""0"", ""buy_9th_pre_bid"": ""-25050"", ""buy_9th_pre_req"": ""1261"", ""buy_9th_pre_req_pre"": ""0"", ""buy_10th_pre_bid"": ""-25000"", ""buy_10th_pre_req"": ""757"", ""buy_10th_pre_req_pre"": ""0"", ""tot_sel_req_jub_pre"": ""0"", ""tot_sel_req"": ""2816"", ""tot_buy_req"": ""8053"", ""tot_buy_req_jub_pre"": ""+134"", ""ovt_sel_req_pre"": ""0"", ""ovt_sel_req"": ""0"", ""ovt_buy_req"": ""0"", ""ovt_buy_req_pre"": ""0"", ""return_code"": 0, ""return_msg"": ""정상적으로 처리되었습니다""}"
2026-06-10,watchlist,081660,,0,filtered_candidate_recheck,40050,,40050,40000,40050,40000,-0.24968789013732834,0.12484394506866417,,,,,,"{""bid_req_base_tm"": ""095108"", ""sel_10th_pre_req_pre"": ""0"", ""sel_10th_pre_req"": ""126"", ""sel_10th_pre_bid"": ""+40550"", ""sel_9th_pre_req_pre"": ""0"", ""sel_9th_pre_req"": ""140"", ""sel_9th_pre_bid"": ""+40500"", ""sel_8th_pre_req_pre"": ""0"", ""sel_8th_pre_req"": ""10"", ""sel_8th_pre_bid"": ""+40450"", ""sel_7th_pre_req_pre"": ""0"", ""sel_7th_pre_req"": ""87"", ""sel_7th_pre_bid"": ""+40400"", ""sel_6th_pre_req_pre"": ""0"", ""sel_6th_pre_req"": ""18"", ""sel_6th_pre_bid"": ""+40350"", ""sel_5th_pre_req_pre"": ""0"", ""sel_5th_pre_req"": ""18"", ""sel_5th_pre_bid"": ""+40300"", ""sel_4th_pre_req_pre"": ""0"", ""sel_4th_pre_req"": ""33"", ""sel_4th_pre_bid"": ""+40250"", ""sel_3th_pre_req_pre"": ""--164"", ""sel_3th_pre_req"": ""218"", ""sel_3th_pre_bid"": ""+40200"", ""sel_2th_pre_req_pre"": ""0"", ""sel_2th_pre_req"": ""40"", ""sel_2th_pre_bid"": ""+40100"", ""sel_1th_pre_req_pre"": ""0"", ""sel_fpr_req"": ""66"", ""sel_fpr_bid"": ""+40050"", ""buy_fpr_bid"": ""+40000"", ""buy_fpr_req"": ""145"", ""buy_1th_pre_req_pre"": ""0"", ""buy_2th_pre_bid"": ""+39950"", ""buy_2th_pre_req"": ""64"", ""buy_2th_pre_req_pre"": ""0"", ""buy_3th_pre_bid"": ""+39900"", ""buy_3th_pre_req"": ""46"", ""buy_3th_pre_req_pre"": ""0"", ""buy_4th_pre_bid"": ""+39850"", ""buy_4th_pre_req"": ""90"", ""buy_4th_pre_req_pre"": ""0"", ""buy_5th_pre_bid"": ""+39800"", ""buy_5th_pre_req"": ""40"", ""buy_5th_pre_req_pre"": ""0"", ""buy_6th_pre_bid"": ""+39750"", ""buy_6th_pre_req"": ""40"", ""buy_6th_pre_req_pre"": ""0"", ""buy_7th_pre_bid"": ""39700"", ""buy_7th_pre_req"": ""60"", ""buy_7th_pre_req_pre"": ""0"", ""buy_8th_pre_bid"": ""-39650"", ""buy_8th_pre_req"": ""30"", ""buy_8th_pre_req_pre"": ""0"", ""buy_9th_pre_bid"": ""-39600"", ""buy_9th_pre_req"": ""21"", ""buy_9th_pre_req_pre"": ""0"", ""buy_10th_pre_bid"": ""-39550"", ""buy_10th_pre_req"": ""5"", ""buy_10th_pre_req_pre"": ""0"", ""tot_sel_req_jub_pre"": ""--164"", ""tot_sel_req"": ""756"", ""tot_buy_req"": ""541"", ""tot_buy_req_jub_pre"": ""0"", ""ovt_sel_req_pre"": ""0"", ""ovt_sel_req"": ""0"", ""ovt_buy_req"": ""0"", ""ovt_buy_req_pre"": ""0"", ""return_code"": 0, ""return_msg"": ""정상적으로 처리되었습니다""}"
2026-06-10,watchlist,008770,,0,filtered_candidate_recheck,53700,,53700,53600,53700,54000,0.37243947858473,0.186219739292365,,,,,,"{""bid_req_base_tm"": ""095108"", ""sel_10th_pre_req_pre"": ""0"", ""sel_10th_pre_req"": ""258"", ""sel_10th_pre_bid"": ""-54800"", ""sel_9th_pre_req_pre"": ""0"", ""sel_9th_pre_req"": ""33"", ""sel_9th_pre_bid"": ""-54700"", ""sel_8th_pre_req_pre"": ""0"", ""sel_8th_pre_req"": ""10"", ""sel_8th_pre_bid"": ""-54600"", ""sel_7th_pre_req_pre"": ""0"", ""sel_7th_pre_req"": ""4"", ""sel_7th_pre_bid"": ""-54300"", ""sel_6th_pre_req_pre"": ""0"", ""sel_6th_pre_req"": ""466"", ""sel_6th_pre_bid"": ""-54200"", ""sel_5th_pre_req_pre"": ""0"", ""sel_5th_pre_req"": ""161"", ""sel_5th_pre_bid"": ""-54100"", ""sel_4th_pre_req_pre"": ""0"", ""sel_4th_pre_req"": ""43"", ""sel_4th_pre_bid"": ""-54000"", ""sel_3th_pre_req_pre"": ""0"", ""sel_3th_pre_req"": ""126"", ""sel_3th_pre_bid"": ""-53900"", ""sel_2th_pre_req_pre"": ""0"", ""sel_2th_pre_req"": ""44"", ""sel_2th_pre_bid"": ""-53800"", ""sel_1th_pre_req_pre"": ""--1"", ""sel_fpr_req"": ""59"", ""sel_fpr_bid"": ""-53700"", ""buy_fpr_bid"": ""-53600"", ""buy_fpr_req"": ""85"", ""buy_1th_pre_req_pre"": ""0"", ""buy_2th_pre_bid"": ""-53500"", ""buy_2th_pre_req"": ""571"", ""buy_2th_pre_req_pre"": ""0"", ""buy_3th_pre_bid"": ""-53400"", ""buy_3th_pre_req"": ""179"", ""buy_3th_pre_req_pre"": ""0"", ""buy_4th_pre_bid"": ""-53300"", ""buy_4th_pre_req"": ""284"", ""buy_4th_pre_req_pre"": ""0"", ""buy_5th_pre_bid"": ""-53200"", ""buy_5th_pre_req"": ""2023"", ""buy_5th_pre_req_pre"": ""0"", ""buy_6th_pre_bid"": ""-53100"", ""buy_6th_pre_req"": ""830"", ""buy_6th_pre_req_pre"": ""0"", ""buy_7th_pre_bid"": ""-53000"", ""buy_7th_pre_req"": ""1022"", ""buy_7th_pre_req_pre"": ""0"", ""buy_8th_pre_bid"": ""-52900"", ""buy_8th_pre_req"": ""596"", ""buy_8th_pre_req_pre"": ""0"", ""buy_9th_pre_bid"": ""-52800"", ""buy_9th_pre_req"": ""410"", ""buy_9th_pre_req_pre"": ""0"", ""buy_10th_pre_bid"": ""-52700"", ""buy_10th_pre_req"": ""439"", ""buy_10th_pre_req_pre"": ""0"", ""tot_sel_req_jub_pre"": ""--1"", ""tot_sel_req"": ""1204"", ""tot_buy_req"": ""6439"", ""tot_buy_req_jub_pre"": ""0"", ""ovt_sel_req_pre"": ""0"", ""ovt_sel_req"": ""0"", ""ovt_buy_req"": ""0"", ""ovt_buy_req_pre"": ""0"", ""return_code"": 0, ""return_msg"": ""정상적으로 처리되었습니다""}"
2026-06-10,watchlist,012330,,0,filtered_candidate_recheck,574000,,574000,573000,574000,577000,0.34843205574912894,0.17421602787456447,,,,,,"{""bid_req_base_tm"": ""095108"", ""sel_10th_pre_req_pre"": ""0"", ""sel_10th_pre_req"": ""88"", ""sel_10th_pre_bid"": ""-583000"", ""sel_9th_pre_req_pre"": ""0"", ""sel_9th_pre_req"": ""69"", ""sel_9th_pre_bid"": ""-582000"", ""sel_8th_pre_req_pre"": ""0"", ""sel_8th_pre_req"": ""60"", ""sel_8th_pre_bid"": ""-581000"", ""sel_7th_pre_req_pre"": ""0"", ""sel_7th_pre_req"": ""448"", ""sel_7th_pre_bid"": ""-580000"", ""sel_6th_pre_req_pre"": ""0"", ""sel_6th_pre_req"": ""80"", ""sel_6th_pre_bid"": ""-579000"", ""sel_5th_pre_req_pre"": ""0"", ""sel_5th_pre_req"": ""18"", ""sel_5th_pre_bid"": ""-578000"", ""sel_4th_pre_req_pre"": ""0"", ""sel_4th_pre_req"": ""2"", ""sel_4th_pre_bid"": ""-577000"", ""sel_3th_pre_req_pre"": ""0"", ""sel_3th_pre_req"": ""25"", ""sel_3th_pre_bid"": ""-576000"", ""sel_2th_pre_req_pre"": ""0"", ""sel_2th_pre_req"": ""69"", ""sel_2th_pre_bid"": ""-575000"", ""sel_1th_pre_req_pre"": ""0"", ""sel_fpr_req"": ""14"", ""sel_fpr_bid"": ""-574000"", ""buy_fpr_bid"": ""-573000"", ""buy_fpr_req"": ""744"", ""buy_1th_pre_req_pre"": ""--9"", ""buy_2th_pre_bid"": ""-572000"", ""buy_2th_pre_req"": ""1077"", ""buy_2th_pre_req_pre"": ""+10"", ""buy_3th_pre_bid"": ""-571000"", ""buy_3th_pre_req"": ""1744"", ""buy_3th_pre_req_pre"": ""0"", ""buy_4th_pre_bid"": ""-570000"", ""buy_4th_pre_req"": ""3572"", ""buy_4th_pre_req_pre"": ""0"", ""buy_5th_pre_bid"": ""-569000"", ""buy_5th_pre_req"": ""2409"", ""buy_5th_pre_req_pre"": ""0"", ""buy_6th_pre_bid"": ""-568000"", ""buy_6th_pre_req"": ""1004"", ""buy_6th_pre_req_pre"": ""0"", ""buy_7th_pre_bid"": ""-567000"", ""buy_7th_pre_req"": ""793"", ""buy_7th_pre_req_pre"": ""0"", ""buy_8th_pre_bid"": ""-566000"", ""buy_8th_pre_req"": ""1302"", ""buy_8th_pre_req_pre"": ""0"", ""buy_9th_pre_bid"": ""-565000"", ""buy_9th_pre_req"": ""1378"", ""buy_9th_pre_req_pre"": ""0"", ""buy_10th_pre_bid"": ""-564000"", ""buy_10th_pre_req"": ""281"", ""buy_10th_pre_req_pre"": ""0"", ""tot_sel_req_jub_pre"": ""0"", ""tot_sel_req"": ""873"", ""tot_buy_req"": ""14304"", ""tot_buy_req_jub_pre"": ""+1"", ""ovt_sel_req_pre"": ""0"", ""ovt_sel_req"": ""0"", ""ovt_buy_req"": ""0"", ""ovt_buy_req_pre"": ""0"", ""return_code"": 0, ""return_msg"": ""정상적으로 처리되었습니다""}"
2026-06-10,watchlist,009155,,0,filtered_candidate_recheck,606000,,606000,603000,606000,607000,0.0,0.49504950495049505,,,,,,"{""bid_req_base_tm"": ""095109"", ""sel_10th_pre_req_pre"": ""0"", ""sel_10th_pre_req"": ""41"", ""sel_10th_pre_bid"": ""-615000"", ""sel_9th_pre_req_pre"": ""0"", ""sel_9th_pre_req"": ""3"", ""sel_9th_pre_bid"": ""-614000"", ""sel_8th_pre_req_pre"": ""0"", ""sel_8th_pre_req"": ""49"", ""sel_8th_pre_bid"": ""-613000"", ""sel_7th_pre_req_pre"": ""0"", ""sel_7th_pre_req"": ""13"", ""sel_7th_pre_bid"": ""-612000"", ""sel_6th_pre_req_pre"": ""0"", ""sel_6th_pre_req"": ""2"", ""sel_6th_pre_bid"": ""-611000"", ""sel_5th_pre_req_pre"": ""0"", ""sel_5th_pre_req"": ""35"", ""sel_5th_pre_bid"": ""-610000"", ""sel_4th_pre_req_pre"": ""0"", ""sel_4th_pre_req"": ""8"", ""sel_4th_pre_bid"": ""-609000"", ""sel_3th_pre_req_pre"": ""0"", ""sel_3th_pre_req"": ""81"", ""sel_3th_pre_bid"": ""-608000"", ""sel_2th_pre_req_pre"": ""0"", ""sel_2th_pre_req"": ""7"", ""sel_2th_pre_bid"": ""-607000"", ""sel_1th_pre_req_pre"": ""0"", ""sel_fpr_req"": ""1"", ""sel_fpr_bid"": ""-606000"", ""buy_fpr_bid"": ""-603000"", ""buy_fpr_req"": ""17"", ""buy_1th_pre_req_pre"": ""0"", ""buy_2th_pre_bid"": ""-602000"", ""buy_2th_pre_req"": ""10"", ""buy_2th_pre_req_pre"": ""+1"", ""buy_3th_pre_bid"": ""-601000"", ""buy_3th_pre_req"": ""36"", ""buy_3th_pre_req_pre"": ""0"", ""buy_4th_pre_bid"": ""-600000"", ""buy_4th_pre_req"": ""138"", ""buy_4th_pre_req_pre"": ""0"", ""buy_5th_pre_bid"": ""-599000"", ""buy_5th_pre_req"": ""57"", ""buy_5th_pre_req_pre"": ""0"", ""buy_6th_pre_bid"": ""-598000"", ""buy_6th_pre_req"": ""49"", ""buy_6th_pre_req_pre"": ""0"", ""buy_7th_pre_bid"": ""-597000"", ""buy_7th_pre_req"": ""87"", ""buy_7th_pre_req_pre"": ""0"", ""buy_8th_pre_bid"": ""-596000"", ""buy_8th_pre_req"": ""35"", ""buy_8th_pre_req_pre"": ""0"", ""buy_9th_pre_bid"": ""-595000"", ""buy_9th_pre_req"": ""180"", ""buy_9th_pre_req_pre"": ""0"", ""buy_10th_pre_bid"": ""-594000"", ""buy_10th_pre_req"": ""26"", ""buy_10th_pre_req_pre"": ""0"", ""tot_sel_req_jub_pre"": ""0"", ""tot_sel_req"": ""240"", ""tot_buy_req"": ""635"", ""tot_buy_req_jub_pre"": ""+1"", ""ovt_sel_req_pre"": ""0"", ""ovt_sel_req"": ""0"", ""ovt_buy_req"": ""0"", ""ovt_buy_req_pre"": ""0"", ""return_code"": 0, ""return_msg"": ""정상적으로 처리되었습니다""}"
2026-06-10,watchlist,181710,,1,filtered_candidate_recheck,40350,,40350,40300,40350,40500,0.24783147459727387,0.12391573729863693,,,,,,"{""bid_req_base_tm"": ""095108"", ""sel_10th_pre_req_pre"": ""0"", ""sel_10th_pre_req"": ""350"", ""sel_10th_pre_bid"": ""-40850"", ""sel_9th_pre_req_pre"": ""0"", ""sel_9th_pre_req"": ""101"", ""sel_9th_pre_bid"": ""-40800"", ""sel_8th_pre_req_pre"": ""0"", ""sel_8th_pre_req"": ""24"", ""sel_8th_pre_bid"": ""-40700"", ""sel_7th_pre_req_pre"": ""0"", ""sel_7th_pre_req"": ""345"", ""sel_7th_pre_bid"": ""-40650"", ""sel_6th_pre_req_pre"": ""0"", ""sel_6th_pre_req"": ""40"", ""sel_6th_pre_bid"": ""-40600"", ""sel_5th_pre_req_pre"": ""0"", ""sel_5th_pre_req"": ""348"", ""sel_5th_pre_bid"": ""-40550"", ""sel_4th_pre_req_pre"": ""0"", ""sel_4th_pre_req"": ""225"", ""sel_4th_pre_bid"": ""-40500"", ""sel_3th_pre_req_pre"": ""0"", ""sel_3th_pre_req"": ""28"", ""sel_3th_pre_bid"": ""-40450"", ""sel_2th_pre_req_pre"": ""0"", ""sel_2th_pre_req"": ""350"", ""sel_2th_pre_bid"": ""-40400"", ""sel_1th_pre_req_pre"": ""0"", ""sel_fpr_req"": ""46"", ""sel_fpr_bid"": ""-40350"", ""buy_fpr_bid"": ""-40300"", ""buy_fpr_req"": ""432"", ""buy_1th_pre_req_pre"": ""+1"", ""buy_2th_pre_bid"": ""-40250"", ""buy_2th_pre_req"": ""492"", ""buy_2th_pre_req_pre"": ""0"", ""buy_3th_pre_bid"": ""-40200"", ""buy_3th_pre_req"": ""1261"", ""buy_3th_pre_req_pre"": ""0"", ""buy_4th_pre_bid"": ""-40150"", ""buy_4th_pre_req"": ""1318"", ""buy_4th_pre_req_pre"": ""0"", ""buy_5th_pre_bid"": ""-40100"", ""buy_5th_pre_req"": ""429"", ""buy_5th_pre_req_pre"": ""0"", ""buy_6th_pre_bid"": ""-40050"", ""buy_6th_pre_req"": ""412"", ""buy_6th_pre_req_pre"": ""0"", ""buy_7th_pre_bid"": ""-40000"", ""buy_7th_pre_req"": ""908"", ""buy_7th_pre_req_pre"": ""0"", ""buy_8th_pre_bid"": ""-39950"", ""buy_8th_pre_req"": ""23"", ""buy_8th_pre_req_pre"": ""0"", ""buy_9th_pre_bid"": ""-39900"", ""buy_9th_pre_req"": ""13"", ""buy_9th_pre_req_pre"": ""0"", ""buy_10th_pre_bid"": ""-39850"", ""buy_10th_pre_req"": ""23"", ""buy_10th_pre_req_pre"": ""0"", ""tot_sel_req_jub_pre"": ""0"", ""tot_sel_req"": ""1857"", ""tot_buy_req"": ""5311"", ""tot_buy_req_jub_pre"": ""+1"", ""ovt_sel_req_pre"": ""0"", ""ovt_sel_req"": ""0"", ""ovt_buy_req"": ""0"", ""ovt_buy_req_pre"": ""0"", ""return_code"": 0, ""return_msg"": ""정상적으로 처리되었습니다""}"
2026-06-10,watchlist,085620,,0,filtered_candidate_recheck,21750,,21750,21700,21750,21800,0.0,0.22988505747126436,,,,,,"{""bid_req_base_tm"": ""095108"", ""sel_10th_pre_req_pre"": ""0"", ""sel_10th_pre_req"": ""1613"", ""sel_10th_pre_bid"": ""-22200"", ""sel_9th_pre_req_pre"": ""0"", ""sel_9th_pre_req"": ""1292"", ""sel_9th_pre_bid"": ""-22150"", ""sel_8th_pre_req_pre"": ""0"", ""sel_8th_pre_req"": ""2400"", ""sel_8th_pre_bid"": ""-22100"", ""sel_7th_pre_req_pre"": ""0"", ""sel_7th_pre_req"": ""1900"", ""sel_7th_pre_bid"": ""-22050"", ""sel_6th_pre_req_pre"": ""0"", ""sel_6th_pre_req"": ""824"", ""sel_6th_pre_bid"": ""-22000"", ""sel_5th_pre_req_pre"": ""0"", ""sel_5th_pre_req"": ""1222"", ""sel_5th_pre_bid"": ""-21950"", ""sel_4th_pre_req_pre"": ""0"", ""sel_4th_pre_req"": ""763"", ""sel_4th_pre_bid"": ""-21900"", ""sel_3th_pre_req_pre"": ""0"", ""sel_3th_pre_req"": ""330"", ""sel_3th_pre_bid"": ""-21850"", ""sel_2th_pre_req_pre"": ""0"", ""sel_2th_pre_req"": ""270"", ""sel_2th_pre_bid"": ""-21800"", ""sel_1th_pre_req_pre"": ""0"", ""sel_fpr_req"": ""434"", ""sel_fpr_bid"": ""-21750"", ""buy_fpr_bid"": ""-21700"", ""buy_fpr_req"": ""191"", ""buy_1th_pre_req_pre"": ""0"", ""buy_2th_pre_bid"": ""-21650"", ""buy_2th_pre_req"": ""875"", ""buy_2th_pre_req_pre"": ""0"", ""buy_3th_pre_bid"": ""-21600"", ""buy_3th_pre_req"": ""917"", ""buy_3th_pre_req_pre"": ""0"", ""buy_4th_pre_bid"": ""-21550"", ""buy_4th_pre_req"": ""1256"", ""buy_4th_pre_req_pre"": ""0"", ""buy_5th_pre_bid"": ""-21500"", ""buy_5th_pre_req"": ""2421"", ""buy_5th_pre_req_pre"": ""0"", ""buy_6th_pre_bid"": ""-21450"", ""buy_6th_pre_req"": ""2841"", ""buy_6th_pre_req_pre"": ""0"", ""buy_7th_pre_bid"": ""-21400"", ""buy_7th_pre_req"": ""3470"", ""buy_7th_pre_req_pre"": ""0"", ""buy_8th_pre_bid"": ""-21350"", ""buy_8th_pre_req"": ""2371"", ""buy_8th_pre_req_pre"": ""0"", ""buy_9th_pre_bid"": ""-21300"", ""buy_9th_pre_req"": ""6194"", ""buy_9th_pre_req_pre"": ""0"", ""buy_10th_pre_bid"": ""-21250"", ""buy_10th_pre_req"": ""1848"", ""buy_10th_pre_req_pre"": ""0"", ""tot_sel_req_jub_pre"": ""0"", ""tot_sel_req"": ""11048"", ""tot_buy_req"": ""22384"", ""tot_buy_req_jub_pre"": ""0"", ""ovt_sel_req_pre"": ""0"", ""ovt_sel_req"": ""0"", ""ovt_buy_req"": ""0"", ""ovt_buy_req_pre"": ""0"", ""return_code"": 0, ""return_msg"": ""정상적으로 처리되었습니다""}"
2026-06-10,watchlist,062040,,0,filtered_candidate_recheck,221000,,221000,220500,221000,223000,0.6787330316742082,0.22624434389140274,,,,,,"{""bid_req_base_tm"": ""095109"", ""sel_10th_pre_req_pre"": ""0"", ""sel_10th_pre_req"": ""134"", ""sel_10th_pre_bid"": ""+227000"", ""sel_9th_pre_req_pre"": ""0"", ""sel_9th_pre_req"": ""169"", ""sel_9th_pre_bid"": ""+226500"", ""sel_8th_pre_req_pre"": ""0"", ""sel_8th_pre_req"": ""2"", ""sel_8th_pre_bid"": ""+226000"", ""sel_7th_pre_req_pre"": ""0"", ""sel_7th_pre_req"": ""27"", ""sel_7th_pre_bid"": ""225000"", ""sel_6th_pre_req_pre"": ""0"", ""sel_6th_pre_req"": ""10"", ""sel_6th_pre_bid"": ""-223500"", ""sel_5th_pre_req_pre"": ""0"", ""sel_5th_pre_req"": ""1"", ""sel_5th_pre_bid"": ""-223000"", ""sel_4th_pre_req_pre"": ""0"", ""sel_4th_pre_req"": ""10"", ""sel_4th_pre_bid"": ""-222500"", ""sel_3th_pre_req_pre"": ""0"", ""sel_3th_pre_req"": ""179"", ""sel_3th_pre_bid"": ""-222000"", ""sel_2th_pre_req_pre"": ""0"", ""sel_2th_pre_req"": ""92"", ""sel_2th_pre_bid"": ""-221500"", ""sel_1th_pre_req_pre"": ""--10"", ""sel_fpr_req"": ""40"", ""sel_fpr_bid"": ""-221000"", ""buy_fpr_bid"": ""-220500"", ""buy_fpr_req"": ""137"", ""buy_1th_pre_req_pre"": ""--10"", ""buy_2th_pre_bid"": ""-220000"", ""buy_2th_pre_req"": ""506"", ""buy_2th_pre_req_pre"": ""0"", ""buy_3th_pre_bid"": ""-219500"", ""buy_3th_pre_req"": ""98"", ""buy_3th_pre_req_pre"": ""0"", ""buy_4th_pre_bid"": ""-219000"", ""buy_4th_pre_req"": ""114"", ""buy_4th_pre_req_pre"": ""0"", ""buy_5th_pre_bid"": ""-218500"", ""buy_5th_pre_req"": ""333"", ""buy_5th_pre_req_pre"": ""0"", ""buy_6th_pre_bid"": ""-218000"", ""buy_6th_pre_req"": ""253"", ""buy_6th_pre_req_pre"": ""0"", ""buy_7th_pre_bid"": ""-217500"", ""buy_7th_pre_req"": ""32"", ""buy_7th_pre_req_pre"": ""0"", ""buy_8th_pre_bid"": ""-217000"", ""buy_8th_pre_req"": ""254"", ""buy_8th_pre_req_pre"": ""0"", ""buy_9th_pre_bid"": ""-216500"", ""buy_9th_pre_req"": ""24"", ""buy_9th_pre_req_pre"": ""0"", ""buy_10th_pre_bid"": ""-216000"", ""buy_10th_pre_req"": ""30"", ""buy_10th_pre_req_pre"": ""0"", ""tot_sel_req_jub_pre"": ""--10"", ""tot_sel_req"": ""664"", ""tot_buy_req"": ""1781"", ""tot_buy_req_jub_pre"": ""--10"", ""ovt_sel_req_pre"": ""0"", ""ovt_sel_req"": ""0"", ""ovt_buy_req"": ""0"", ""ovt_buy_req_pre"": ""0"", ""return_code"": 0, ""return_msg"": ""정상적으로 처리되었습니다""}"
2026-06-10,watchlist,036460,,0,filtered_candidate_recheck,34100,,34100,34050,34100,34250,0.2932551319648094,0.1466275659824047,,,,,,"{""bid_req_base_tm"": ""095107"", ""sel_10th_pre_req_pre"": ""0"", ""sel_10th_pre_req"": ""202"", ""sel_10th_pre_bid"": ""+34550"", ""sel_9th_pre_req_pre"": ""0"", ""sel_9th_pre_req"": ""235"", ""sel_9th_pre_bid"": ""+34500"", ""sel_8th_pre_req_pre"": ""0"", ""sel_8th_pre_req"": ""459"", ""sel_8th_pre_bid"": ""+34450"", ""sel_7th_pre_req_pre"": ""0"", ""sel_7th_pre_req"": ""146"", ""sel_7th_pre_bid"": ""+34400"", ""sel_6th_pre_req_pre"": ""0"", ""sel_6th_pre_req"": ""230"", ""sel_6th_pre_bid"": ""+34350"", ""sel_5th_pre_req_pre"": ""0"", ""sel_5th_pre_req"": ""220"", ""sel_5th_pre_bid"": ""+34300"", ""sel_4th_pre_req_pre"": ""0"", ""sel_4th_pre_req"": ""39"", ""sel_4th_pre_bid"": ""+34250"", ""sel_3th_pre_req_pre"": ""0"", ""sel_3th_pre_req"": ""10"", ""sel_3th_pre_bid"": ""+34200"", ""sel_2th_pre_req_pre"": ""0"", ""sel_2th_pre_req"": ""88"", ""sel_2th_pre_bid"": ""+34150"", ""sel_1th_pre_req_pre"": ""--29"", ""sel_fpr_req"": ""15"", ""sel_fpr_bid"": ""+34100"", ""buy_fpr_bid"": ""+34050"", ""buy_fpr_req"": ""843"", ""buy_1th_pre_req_pre"": ""0"", ""buy_2th_pre_bid"": ""34000"", ""buy_2th_pre_req"": ""3019"", ""buy_2th_pre_req_pre"": ""0"", ""buy_3th_pre_bid"": ""-33950"", ""buy_3th_pre_req"": ""854"", ""buy_3th_pre_req_pre"": ""0"", ""buy_4th_pre_bid"": ""-33900"", ""buy_4th_pre_req"": ""987"", ""buy_4th_pre_req_pre"": ""0"", ""buy_5th_pre_bid"": ""-33850"", ""buy_5th_pre_req"": ""263"", ""buy_5th_pre_req_pre"": ""0"", ""buy_6th_pre_bid"": ""-33800"", ""buy_6th_pre_req"": ""253"", ""buy_6th_pre_req_pre"": ""0"", ""buy_7th_pre_bid"": ""-33750"", ""buy_7th_pre_req"": ""657"", ""buy_7th_pre_req_pre"": ""0"", ""buy_8th_pre_bid"": ""-33700"", ""buy_8th_pre_req"": ""459"", ""buy_8th_pre_req_pre"": ""0"", ""buy_9th_pre_bid"": ""-33650"", ""buy_9th_pre_req"": ""1145"", ""buy_9th_pre_req_pre"": ""0"", ""buy_10th_pre_bid"": ""-33600"", ""buy_10th_pre_req"": ""727"", ""buy_10th_pre_req_pre"": ""0"", ""tot_sel_req_jub_pre"": ""--29"", ""tot_sel_req"": ""1644"", ""tot_buy_req"": ""9207"", ""tot_buy_req_jub_pre"": ""0"", ""ovt_sel_req_pre"": ""0"", ""ovt_sel_req"": ""0"", ""ovt_buy_req"": ""0"", ""ovt_buy_req_pre"": ""0"", ""return_code"": 0, ""return_msg"": ""정상적으로 처리되었습니다""}"
2026-06-10,watchlist,066575,,0,filtered_candidate_recheck,78800,,78800,78700,78800,78900,0.0,0.12690355329949238,,,,,,"{""bid_req_base_tm"": ""095109"", ""sel_10th_pre_req_pre"": ""0"", ""sel_10th_pre_req"": ""77"", ""sel_10th_pre_bid"": ""-79700"", ""sel_9th_pre_req_pre"": ""0"", ""sel_9th_pre_req"": ""117"", ""sel_9th_pre_bid"": ""-79600"", ""sel_8th_pre_req_pre"": ""0"", ""sel_8th_pre_req"": ""466"", ""sel_8th_pre_bid"": ""-79500"", ""sel_7th_pre_req_pre"": ""0"", ""sel_7th_pre_req"": ""259"", ""sel_7th_pre_bid"": ""-79400"", ""sel_6th_pre_req_pre"": ""0"", ""sel_6th_pre_req"": ""172"", ""sel_6th_pre_bid"": ""-79300"", ""sel_5th_pre_req_pre"": ""0"", ""sel_5th_pre_req"": ""226"", ""sel_5th_pre_bid"": ""-79200"", ""sel_4th_pre_req_pre"": ""0"", ""sel_4th_pre_req"": ""360"", ""sel_4th_pre_bid"": ""-79100"", ""sel_3th_pre_req_pre"": ""0"", ""sel_3th_pre_req"": ""177"", ""sel_3th_pre_bid"": ""-79000"", ""sel_2th_pre_req_pre"": ""0"", ""sel_2th_pre_req"": ""455"", ""sel_2th_pre_bid"": ""-78900"", ""sel_1th_pre_req_pre"": ""--7"", ""sel_fpr_req"": ""165"", ""sel_fpr_bid"": ""-78800"", ""buy_fpr_bid"": ""-78700"", ""buy_fpr_req"": ""1"", ""buy_1th_pre_req_pre"": ""--7"", ""buy_2th_pre_bid"": ""-78600"", ""buy_2th_pre_req"": ""247"", ""buy_2th_pre_req_pre"": ""0"", ""buy_3th_pre_bid"": ""-78500"", ""buy_3th_pre_req"": ""1063"", ""buy_3th_pre_req_pre"": ""0"", ""buy_4th_pre_bid"": ""-78400"", ""buy_4th_pre_req"": ""371"", ""buy_4th_pre_req_pre"": ""0"", ""buy_5th_pre_bid"": ""-78300"", ""buy_5th_pre_req"": ""365"", ""buy_5th_pre_req_pre"": ""0"", ""buy_6th_pre_bid"": ""-78200"", ""buy_6th_pre_req"": ""308"", ""buy_6th_pre_req_pre"": ""0"", ""buy_7th_pre_bid"": ""-78100"", ""buy_7th_pre_req"": ""516"", ""buy_7th_pre_req_pre"": ""0"", ""buy_8th_pre_bid"": ""-78000"", ""buy_8th_pre_req"": ""1872"", ""buy_8th_pre_req_pre"": ""0"", ""buy_9th_pre_bid"": ""-77900"", ""buy_9th_pre_req"": ""86"", ""buy_9th_pre_req_pre"": ""0"", ""buy_10th_pre_bid"": ""-77800"", ""buy_10th_pre_req"": ""240"", ""buy_10th_pre_req_pre"": ""0"", ""tot_sel_req_jub_pre"": ""--7"", ""tot_sel_req"": ""2474"", ""tot_buy_req"": ""5069"", ""tot_buy_req_jub_pre"": ""--7"", ""ovt_sel_req_pre"": ""0"", ""ovt_sel_req"": ""0"", ""ovt_buy_req"": ""0"", ""ovt_buy_req_pre"": ""0"", ""return_code"": 0, ""return_msg"": ""정상적으로 처리되었습니다""}"
2026-06-10,watchlist,000810,,0,filtered_candidate_recheck,610000,,610000,609000,610000,612000,0.16393442622950818,0.16393442622950818,,,,,,"{""bid_req_base_tm"": ""095110"", ""sel_10th_pre_req_pre"": ""0"", ""sel_10th_pre_req"": ""7"", ""sel_10th_pre_bid"": ""-619000"", ""sel_9th_pre_req_pre"": ""0"", ""sel_9th_pre_req"": ""32"", ""sel_9th_pre_bid"": ""-618000"", ""sel_8th_pre_req_pre"": ""0"", ""sel_8th_pre_req"": ""5"", ""sel_8th_pre_bid"": ""-617000"", ""sel_7th_pre_req_pre"": ""0"", ""sel_7th_pre_req"": ""98"", ""sel_7th_pre_bid"": ""-616000"", ""sel_6th_pre_req_pre"": ""0"", ""sel_6th_pre_req"": ""45"", ""sel_6th_pre_bid"": ""-615000"", ""sel_5th_pre_req_pre"": ""0"", ""sel_5th_pre_req"": ""14"", ""sel_5th_pre_bid"": ""-614000"", ""sel_4th_pre_req_pre"": ""0"", ""sel_4th_pre_req"": ""23"", ""sel_4th_pre_bid"": ""-613000"", ""sel_3th_pre_req_pre"": ""0"", ""sel_3th_pre_req"": ""4"", ""sel_3th_pre_bid"": ""-612000"", ""sel_2th_pre_req_pre"": ""0"", ""sel_2th_pre_req"": ""6"", ""sel_2th_pre_bid"": ""-611000"", ""sel_1th_pre_req_pre"": ""0"", ""sel_fpr_req"": ""269"", ""sel_fpr_bid"": ""-610000"", ""buy_fpr_bid"": ""-609000"", ""buy_fpr_req"": ""429"", ""buy_1th_pre_req_pre"": ""0"", ""buy_2th_pre_bid"": ""-608000"", ""buy_2th_pre_req"": ""18"", ""buy_2th_pre_req_pre"": ""0"", ""buy_3th_pre_bid"": ""-607000"", ""buy_3th_pre_req"": ""30"", ""buy_3th_pre_req_pre"": ""0"", ""buy_4th_pre_bid"": ""-606000"", ""buy_4th_pre_req"": ""15"", ""buy_4th_pre_req_pre"": ""0"", ""buy_5th_pre_bid"": ""-605000"", ""buy_5th_pre_req"": ""60"", ""buy_5th_pre_req_pre"": ""0"", ""buy_6th_pre_bid"": ""-604000"", ""buy_6th_pre_req"": ""27"", ""buy_6th_pre_req_pre"": ""0"", ""buy_7th_pre_bid"": ""-603000"", ""buy_7th_pre_req"": ""58"", ""buy_7th_pre_req_pre"": ""0"", ""buy_8th_pre_bid"": ""-602000"", ""buy_8th_pre_req"": ""16"", ""buy_8th_pre_req_pre"": ""0"", ""buy_9th_pre_bid"": ""-601000"", ""buy_9th_pre_req"": ""57"", ""buy_9th_pre_req_pre"": ""0"", ""buy_10th_pre_bid"": ""-600000"", ""buy_10th_pre_req"": ""389"", ""buy_10th_pre_req_pre"": ""0"", ""tot_sel_req_jub_pre"": ""0"", ""tot_sel_req"": ""503"", ""tot_buy_req"": ""1099"", ""tot_buy_req_jub_pre"": ""0"", ""ovt_sel_req_pre"": ""0"", ""ovt_sel_req"": ""0"", ""ovt_buy_req"": ""0"", ""ovt_buy_req_pre"": ""0"", ""return_code"": 0, ""return_msg"": ""정상적으로 처리되었습니다""}"
2026-06-10,watchlist,005930,,0,filtered_candidate_recheck,305500,,305500,305000,305500,307500,0.4909983633387889,0.16366612111292964,,,,,,"{""bid_req_base_tm"": ""095110"", ""sel_10th_pre_req_pre"": ""0"", ""sel_10th_pre_req"": ""24930"", ""sel_10th_pre_bid"": ""-310000"", ""sel_9th_pre_req_pre"": ""0"", ""sel_9th_pre_req"": ""10146"", ""sel_9th_pre_bid"": ""-309500"", ""sel_8th_pre_req_pre"": ""0"", ""sel_8th_pre_req"": ""6897"", ""sel_8th_pre_bid"": ""-309000"", ""sel_7th_pre_req_pre"": ""0"", ""sel_7th_pre_req"": ""8857"", ""sel_7th_pre_bid"": ""-308500"", ""sel_6th_pre_req_pre"": ""0"", ""sel_6th_pre_req"": ""16224"", ""sel_6th_pre_bid"": ""-308000"", ""sel_5th_pre_req_pre"": ""0"", ""sel_5th_pre_req"": ""8988"", ""sel_5th_pre_bid"": ""-307500"", ""sel_4th_pre_req_pre"": ""0"", ""sel_4th_pre_req"": ""10854"", ""sel_4th_pre_bid"": ""-307000"", ""sel_3th_pre_req_pre"": ""0"", ""sel_3th_pre_req"": ""7980"", ""sel_3th_pre_bid"": ""-306500"", ""sel_2th_pre_req_pre"": ""0"", ""sel_2th_pre_req"": ""12742"", ""sel_2th_pre_bid"": ""-306000"", ""sel_1th_pre_req_pre"": ""--67"", ""sel_fpr_req"": ""14684"", ""sel_fpr_bid"": ""-305500"", ""buy_fpr_bid"": ""-305000"", ""buy_fpr_req"": ""145237"", ""buy_1th_pre_req_pre"": ""+16"", ""buy_2th_pre_bid"": ""-304500"", ""buy_2th_pre_req"": ""44465"", ""buy_2th_pre_req_pre"": ""+1"", ""buy_3th_pre_bid"": ""-304000"", ""buy_3th_pre_req"": ""41216"", ""buy_3th_pre_req_pre"": ""+18"", ""buy_4th_pre_bid"": ""-303500"", ""buy_4th_pre_req"": ""33965"", ""buy_4th_pre_req_pre"": ""0"", ""buy_5th_pre_bid"": ""-303000"", ""buy_5th_pre_req"": ""62092"", ""buy_5th_pre_req_pre"": ""+10"", ""buy_6th_pre_bid"": ""-302500"", ""buy_6th_pre_req"": ""41081"", ""buy_6th_pre_req_pre"": ""0"", ""buy_7th_pre_bid"": ""-302000"", ""buy_7th_pre_req"": ""38985"", ""buy_7th_pre_req_pre"": ""0"", ""buy_8th_pre_bid"": ""-301500"", ""buy_8th_pre_req"": ""31077"", ""buy_8th_pre_req_pre"": ""0"", ""buy_9th_pre_bid"": ""-301000"", ""buy_9th_pre_req"": ""40085"", ""buy_9th_pre_req_pre"": ""+12"", ""buy_10th_pre_bid"": ""-300500"", ""buy_10th_pre_req"": ""38554"", ""buy_10th_pre_req_pre"": ""0"", ""tot_sel_req_jub_pre"": ""--67"", ""tot_sel_req"": ""122302"", ""tot_buy_req"": ""516757"", ""tot_buy_req_jub_pre"": ""+57"", ""ovt_sel_req_pre"": ""0"", ""ovt_sel_req"": ""0"", ""ovt_buy_req"": ""0"", ""ovt_buy_req_pre"": ""0"", ""return_code"": 0, ""return_msg"": ""정상적으로 처리되었습니다""}"
2026-06-10,watchlist,000370,,0,filtered_candidate_recheck,6410,,6410,6400,6410,6380,-0.62402496099844,0.15600624024961,,,,,,"{""bid_req_base_tm"": ""095105"", ""sel_10th_pre_req_pre"": ""0"", ""sel_10th_pre_req"": ""502"", ""sel_10th_pre_bid"": ""+6510"", ""sel_9th_pre_req_pre"": ""0"", ""sel_9th_pre_req"": ""302"", ""sel_9th_pre_bid"": ""+6500"", ""sel_8th_pre_req_pre"": ""0"", ""sel_8th_pre_req"": ""101"", ""sel_8th_pre_bid"": ""+6490"", ""sel_7th_pre_req_pre"": ""0"", ""sel_7th_pre_req"": ""394"", ""sel_7th_pre_bid"": ""+6480"", ""sel_6th_pre_req_pre"": ""0"", ""sel_6th_pre_req"": ""391"", ""sel_6th_pre_bid"": ""+6470"", ""sel_5th_pre_req_pre"": ""0"", ""sel_5th_pre_req"": ""9936"", ""sel_5th_pre_bid"": ""+6460"", ""sel_4th_pre_req_pre"": ""0"", ""sel_4th_pre_req"": ""76"", ""sel_4th_pre_bid"": ""6450"", ""sel_3th_pre_req_pre"": ""0"", ""sel_3th_pre_req"": ""1053"", ""sel_3th_pre_bid"": ""-6430"", ""sel_2th_pre_req_pre"": ""+10"", ""sel_2th_pre_req"": ""1896"", ""sel_2th_pre_bid"": ""-6420"", ""sel_1th_pre_req_pre"": ""0"", ""sel_fpr_req"": ""325"", ""sel_fpr_bid"": ""-6410"", ""buy_fpr_bid"": ""-6400"", ""buy_fpr_req"": ""39"", ""buy_1th_pre_req_pre"": ""0"", ""buy_2th_pre_bid"": ""-6390"", ""buy_2th_pre_req"": ""115"", ""buy_2th_pre_req_pre"": ""0"", ""buy_3th_pre_bid"": ""-6380"", ""buy_3th_pre_req"": ""131"", ""buy_3th_pre_req_pre"": ""0"", ""buy_4th_pre_bid"": ""-6370"", ""buy_4th_pre_req"": ""1707"", ""buy_4th_pre_req_pre"": ""0"", ""buy_5th_pre_bid"": ""-6360"", ""buy_5th_pre_req"": ""336"", ""buy_5th_pre_req_pre"": ""0"", ""buy_6th_pre_bid"": ""-6350"", ""buy_6th_pre_req"": ""1673"", ""buy_6th_pre_req_pre"": ""0"", ""buy_7th_pre_bid"": ""-6340"", ""buy_7th_pre_req"": ""84"", ""buy_7th_pre_req_pre"": ""0"", ""buy_8th_pre_bid"": ""-6330"", ""buy_8th_pre_req"": ""214"", ""buy_8th_pre_req_pre"": ""0"", ""buy_9th_pre_bid"": ""-6320"", ""buy_9th_pre_req"": ""194"", ""buy_9th_pre_req_pre"": ""0"", ""buy_10th_pre_bid"": ""-6310"", ""buy_10th_pre_req"": ""226"", ""buy_10th_pre_req_pre"": ""0"", ""tot_sel_req_jub_pre"": ""+10"", ""tot_sel_req"": ""14976"", ""tot_buy_req"": ""4719"", ""tot_buy_req_jub_pre"": ""0"", ""ovt_sel_req_pre"": ""0"", ""ovt_sel_req"": ""0"", ""ovt_buy_req"": ""0"", ""ovt_buy_req_pre"": ""0"", ""return_code"": 0, ""return_msg"": ""정상적으로 처리되었습니다""}"
2026-06-10,watchlist,064400,,0,filtered_candidate_recheck,95500,,95500,95400,95500,95800,0.20942408376963353,0.10471204188481677,,,,,,"{""bid_req_base_tm"": ""095110"", ""sel_10th_pre_req_pre"": ""0"", ""sel_10th_pre_req"": ""193"", ""sel_10th_pre_bid"": ""-96400"", ""sel_9th_pre_req_pre"": ""0"", ""sel_9th_pre_req"": ""393"", ""sel_9th_pre_bid"": ""-96300"", ""sel_8th_pre_req_pre"": ""0"", ""sel_8th_pre_req"": ""331"", ""sel_8th_pre_bid"": ""-96200"", ""sel_7th_pre_req_pre"": ""0"", ""sel_7th_pre_req"": ""13"", ""sel_7th_pre_bid"": ""-96100"", ""sel_6th_pre_req_pre"": ""0"", ""sel_6th_pre_req"": ""484"", ""sel_6th_pre_bid"": ""-96000"", ""sel_5th_pre_req_pre"": ""0"", ""sel_5th_pre_req"": ""13"", ""sel_5th_pre_bid"": ""-95900"", ""sel_4th_pre_req_pre"": ""0"", ""sel_4th_pre_req"": ""17"", ""sel_4th_pre_bid"": ""-95800"", ""sel_3th_pre_req_pre"": ""0"", ""sel_3th_pre_req"": ""120"", ""sel_3th_pre_bid"": ""-95700"", ""sel_2th_pre_req_pre"": ""0"", ""sel_2th_pre_req"": ""199"", ""sel_2th_pre_bid"": ""-95600"", ""sel_1th_pre_req_pre"": ""+75"", ""sel_fpr_req"": ""157"", ""sel_fpr_bid"": ""-95500"", ""buy_fpr_bid"": ""-95400"", ""buy_fpr_req"": ""242"", ""buy_1th_pre_req_pre"": ""0"", ""buy_2th_pre_bid"": ""-95300"", ""buy_2th_pre_req"": ""1209"", ""buy_2th_pre_req_pre"": ""0"", ""buy_3th_pre_bid"": ""-95200"", ""buy_3th_pre_req"": ""1271"", ""buy_3th_pre_req_pre"": ""0"", ""buy_4th_pre_bid"": ""-95100"", ""buy_4th_pre_req"": ""3530"", ""buy_4th_pre_req_pre"": ""0"", ""buy_5th_pre_bid"": ""-95000"", ""buy_5th_pre_req"": ""6271"", ""buy_5th_pre_req_pre"": ""0"", ""buy_6th_pre_bid"": ""-94900"", ""buy_6th_pre_req"": ""311"", ""buy_6th_pre_req_pre"": ""0"", ""buy_7th_pre_bid"": ""-94800"", ""buy_7th_pre_req"": ""1146"", ""buy_7th_pre_req_pre"": ""0"", ""buy_8th_pre_bid"": ""-94700"", ""buy_8th_pre_req"": ""472"", ""buy_8th_pre_req_pre"": ""0"", ""buy_9th_pre_bid"": ""-94600"", ""buy_9th_pre_req"": ""205"", ""buy_9th_pre_req_pre"": ""0"", ""buy_10th_pre_bid"": ""-94500"", ""buy_10th_pre_req"": ""534"", ""buy_10th_pre_req_pre"": ""0"", ""tot_sel_req_jub_pre"": ""+75"", ""tot_sel_req"": ""1920"", ""tot_buy_req"": ""15191"", ""tot_buy_req_jub_pre"": ""0"", ""ovt_sel_req_pre"": ""0"", ""ovt_sel_req"": ""0"", ""ovt_buy_req"": ""0"", ""ovt_buy_req_pre"": ""0"", ""return_code"": 0, ""return_msg"": ""정상적으로 처리되었습니다""}"
2026-06-10,watchlist,009420,,1,filtered_candidate_recheck,49850,,49850,49700,49850,50200,0.5015045135406219,0.3009027081243731,,,,,,"{""bid_req_base_tm"": ""095110"", ""sel_10th_pre_req_pre"": ""0"", ""sel_10th_pre_req"": ""54"", ""sel_10th_pre_bid"": ""-50900"", ""sel_9th_pre_req_pre"": ""0"", ""sel_9th_pre_req"": ""162"", ""sel_9th_pre_bid"": ""-50800"", ""sel_8th_pre_req_pre"": ""0"", ""sel_8th_pre_req"": ""14"", ""sel_8th_pre_bid"": ""-50600"", ""sel_7th_pre_req_pre"": ""0"", ""sel_7th_pre_req"": ""10"", ""sel_7th_pre_bid"": ""-50500"", ""sel_6th_pre_req_pre"": ""0"", ""sel_6th_pre_req"": ""20"", ""sel_6th_pre_bid"": ""-50400"", ""sel_5th_pre_req_pre"": ""0"", ""sel_5th_pre_req"": ""44"", ""sel_5th_pre_bid"": ""-50200"", ""sel_4th_pre_req_pre"": ""0"", ""sel_4th_pre_req"": ""380"", ""sel_4th_pre_bid"": ""-50000"", ""sel_3th_pre_req_pre"": ""0"", ""sel_3th_pre_req"": ""3"", ""sel_3th_pre_bid"": ""-49950"", ""sel_2th_pre_req_pre"": ""0"", ""sel_2th_pre_req"": ""33"", ""sel_2th_pre_bid"": ""-49900"", ""sel_1th_pre_req_pre"": ""0"", ""sel_fpr_req"": ""52"", ""sel_fpr_bid"": ""-49850"", ""buy_fpr_bid"": ""-49700"", ""buy_fpr_req"": ""54"", ""buy_1th_pre_req_pre"": ""+4"", ""buy_2th_pre_bid"": ""-49650"", ""buy_2th_pre_req"": ""207"", ""buy_2th_pre_req_pre"": ""0"", ""buy_3th_pre_bid"": ""-49600"", ""buy_3th_pre_req"": ""877"", ""buy_3th_pre_req_pre"": ""0"", ""buy_4th_pre_bid"": ""-49550"", ""buy_4th_pre_req"": ""363"", ""buy_4th_pre_req_pre"": ""0"", ""buy_5th_pre_bid"": ""-49500"", ""buy_5th_pre_req"": ""571"", ""buy_5th_pre_req_pre"": ""0"", ""buy_6th_pre_bid"": ""-49450"", ""buy_6th_pre_req"": ""3"", ""buy_6th_pre_req_pre"": ""0"", ""buy_7th_pre_bid"": ""-49400"", ""buy_7th_pre_req"": ""49"", ""buy_7th_pre_req_pre"": ""0"", ""buy_8th_pre_bid"": ""-49350"", ""buy_8th_pre_req"": ""1"", ""buy_8th_pre_req_pre"": ""0"", ""buy_9th_pre_bid"": ""-49300"", ""buy_9th_pre_req"": ""20"", ""buy_9th_pre_req_pre"": ""0"", ""buy_10th_pre_bid"": ""-49250"", ""buy_10th_pre_req"": ""8"", ""buy_10th_pre_req_pre"": ""0"", ""tot_sel_req_jub_pre"": ""0"", ""tot_sel_req"": ""772"", ""tot_buy_req"": ""2153"", ""tot_buy_req_jub_pre"": ""+4"", ""ovt_sel_req_pre"": ""0"", ""ovt_sel_req"": ""0"", ""ovt_buy_req"": ""0"", ""ovt_buy_req_pre"": ""0"", ""return_code"": 0, ""return_msg"": ""정상적으로 처리되었습니다""}"
2026-06-10,watchlist,383220,,0,filtered_candidate_recheck,75500,,75500,75300,75500,75100,-0.6622516556291391,0.26490066225165565,,,,,,"{""bid_req_base_tm"": ""095104"", ""sel_10th_pre_req_pre"": ""0"", ""sel_10th_pre_req"": ""20"", ""sel_10th_pre_bid"": ""+76800"", ""sel_9th_pre_req_pre"": ""0"", ""sel_9th_pre_req"": ""1"", ""sel_9th_pre_bid"": ""+76700"", ""sel_8th_pre_req_pre"": ""0"", ""sel_8th_pre_req"": ""7"", ""sel_8th_pre_bid"": ""+76500"", ""sel_7th_pre_req_pre"": ""0"", ""sel_7th_pre_req"": ""1"", ""sel_7th_pre_bid"": ""+76400"", ""sel_6th_pre_req_pre"": ""0"", ""sel_6th_pre_req"": ""9"", ""sel_6th_pre_bid"": ""+76000"", ""sel_5th_pre_req_pre"": ""0"", ""sel_5th_pre_req"": ""100"", ""sel_5th_pre_bid"": ""+75900"", ""sel_4th_pre_req_pre"": ""0"", ""sel_4th_pre_req"": ""16"", ""sel_4th_pre_bid"": ""+75800"", ""sel_3th_pre_req_pre"": ""0"", ""sel_3th_pre_req"": ""85"", ""sel_3th_pre_bid"": ""+75700"", ""sel_2th_pre_req_pre"": ""0"", ""sel_2th_pre_req"": ""80"", ""sel_2th_pre_bid"": ""+75600"", ""sel_1th_pre_req_pre"": ""0"", ""sel_fpr_req"": ""235"", ""sel_fpr_bid"": ""+75500"", ""buy_fpr_bid"": ""+75300"", ""buy_fpr_req"": ""42"", ""buy_1th_pre_req_pre"": ""+6"", ""buy_2th_pre_bid"": ""+75200"", ""buy_2th_pre_req"": ""5"", ""buy_2th_pre_req_pre"": ""0"", ""buy_3th_pre_bid"": ""+75100"", ""buy_3th_pre_req"": ""123"", ""buy_3th_pre_req_pre"": ""0"", ""buy_4th_pre_bid"": ""+75000"", ""buy_4th_pre_req"": ""4"", ""buy_4th_pre_req_pre"": ""0"", ""buy_5th_pre_bid"": ""+74900"", ""buy_5th_pre_req"": ""10"", ""buy_5th_pre_req_pre"": ""0"", ""buy_6th_pre_bid"": ""+74800"", ""buy_6th_pre_req"": ""19"", ""buy_6th_pre_req_pre"": ""0"", ""buy_7th_pre_bid"": ""+74700"", ""buy_7th_pre_req"": ""15"", ""buy_7th_pre_req_pre"": ""0"", ""buy_8th_pre_bid"": ""74600"", ""buy_8th_pre_req"": ""65"", ""buy_8th_pre_req_pre"": ""0"", ""buy_9th_pre_bid"": ""-74500"", ""buy_9th_pre_req"": ""26"", ""buy_9th_pre_req_pre"": ""0"", ""buy_10th_pre_bid"": ""-74400"", ""buy_10th_pre_req"": ""124"", ""buy_10th_pre_req_pre"": ""0"", ""tot_sel_req_jub_pre"": ""0"", ""tot_sel_req"": ""554"", ""tot_buy_req"": ""433"", ""tot_buy_req_jub_pre"": ""+6"", ""ovt_sel_req_pre"": ""0"", ""ovt_sel_req"": ""0"", ""ovt_buy_req"": ""0"", ""ovt_buy_req_pre"": ""0"", ""return_code"": 0, ""return_msg"": ""정상적으로 처리되었습니다""}"
2026-06-10,watchlist,004170,,0,filtered_candidate_recheck,669000,,669000,668000,669000,664000,-0.8968609865470852,0.14947683109118087,,,,,,"{""bid_req_base_tm"": ""095110"", ""sel_10th_pre_req_pre"": ""0"", ""sel_10th_pre_req"": ""9"", ""sel_10th_pre_bid"": ""+679000"", ""sel_9th_pre_req_pre"": ""0"", ""sel_9th_pre_req"": ""10"", ""sel_9th_pre_bid"": ""+678000"", ""sel_8th_pre_req_pre"": ""0"", ""sel_8th_pre_req"": ""15"", ""sel_8th_pre_bid"": ""+677000"", ""sel_7th_pre_req_pre"": ""0"", ""sel_7th_pre_req"": ""1"", ""sel_7th_pre_bid"": ""+676000"", ""sel_6th_pre_req_pre"": ""0"", ""sel_6th_pre_req"": ""11"", ""sel_6th_pre_bid"": ""+675000"", ""sel_5th_pre_req_pre"": ""0"", ""sel_5th_pre_req"": ""9"", ""sel_5th_pre_bid"": ""+674000"", ""sel_4th_pre_req_pre"": ""0"", ""sel_4th_pre_req"": ""13"", ""sel_4th_pre_bid"": ""+672000"", ""sel_3th_pre_req_pre"": ""0"", ""sel_3th_pre_req"": ""193"", ""sel_3th_pre_bid"": ""+671000"", ""sel_2th_pre_req_pre"": ""+1"", ""sel_2th_pre_req"": ""66"", ""sel_2th_pre_bid"": ""+670000"", ""sel_1th_pre_req_pre"": ""0"", ""sel_fpr_req"": ""69"", ""sel_fpr_bid"": ""+669000"", ""buy_fpr_bid"": ""+668000"", ""buy_fpr_req"": ""45"", ""buy_1th_pre_req_pre"": ""0"", ""buy_2th_pre_bid"": ""+667000"", ""buy_2th_pre_req"": ""31"", ""buy_2th_pre_req_pre"": ""0"", ""buy_3th_pre_bid"": ""+665000"", ""buy_3th_pre_req"": ""12"", ""buy_3th_pre_req_pre"": ""0"", ""buy_4th_pre_bid"": ""+664000"", ""buy_4th_pre_req"": ""7"", ""buy_4th_pre_req_pre"": ""0"", ""buy_5th_pre_bid"": ""+662000"", ""buy_5th_pre_req"": ""29"", ""buy_5th_pre_req_pre"": ""0"", ""buy_6th_pre_bid"": ""+661000"", ""buy_6th_pre_req"": ""23"", ""buy_6th_pre_req_pre"": ""0"", ""buy_7th_pre_bid"": ""+660000"", ""buy_7th_pre_req"": ""42"", ""buy_7th_pre_req_pre"": ""0"", ""buy_8th_pre_bid"": ""+659000"", ""buy_8th_pre_req"": ""10"", ""buy_8th_pre_req_pre"": ""0"", ""buy_9th_pre_bid"": ""+658000"", ""buy_9th_pre_req"": ""2"", ""buy_9th_pre_req_pre"": ""0"", ""buy_10th_pre_bid"": ""+657000"", ""buy_10th_pre_req"": ""21"", ""buy_10th_pre_req_pre"": ""0"", ""tot_sel_req_jub_pre"": ""+1"", ""tot_sel_req"": ""396"", ""tot_buy_req"": ""222"", ""tot_buy_req_jub_pre"": ""0"", ""ovt_sel_req_pre"": ""0"", ""ovt_sel_req"": ""0"", ""ovt_buy_req"": ""0"", ""ovt_buy_req_pre"": ""0"", ""return_code"": 0, ""return_msg"": ""정상적으로 처리되었습니다""}"
2026-06-10,watchlist,018260,,0,filtered_candidate_recheck,233000,,233000,232500,233000,234500,0.4291845493562232,0.2145922746781116,,,,,,"{""bid_req_base_tm"": ""095111"", ""sel_10th_pre_req_pre"": ""0"", ""sel_10th_pre_req"": ""236"", ""sel_10th_pre_bid"": ""-237500"", ""sel_9th_pre_req_pre"": ""0"", ""sel_9th_pre_req"": ""51"", ""sel_9th_pre_bid"": ""-237000"", ""sel_8th_pre_req_pre"": ""0"", ""sel_8th_pre_req"": ""89"", ""sel_8th_pre_bid"": ""-236500"", ""sel_7th_pre_req_pre"": ""0"", ""sel_7th_pre_req"": ""69"", ""sel_7th_pre_bid"": ""-236000"", ""sel_6th_pre_req_pre"": ""0"", ""sel_6th_pre_req"": ""28"", ""sel_6th_pre_bid"": ""-235500"", ""sel_5th_pre_req_pre"": ""0"", ""sel_5th_pre_req"": ""45"", ""sel_5th_pre_bid"": ""-235000"", ""sel_4th_pre_req_pre"": ""0"", ""sel_4th_pre_req"": ""10"", ""sel_4th_pre_bid"": ""-234500"", ""sel_3th_pre_req_pre"": ""0"", ""sel_3th_pre_req"": ""10"", ""sel_3th_pre_bid"": ""-234000"", ""sel_2th_pre_req_pre"": ""0"", ""sel_2th_pre_req"": ""137"", ""sel_2th_pre_bid"": ""-233500"", ""sel_1th_pre_req_pre"": ""0"", ""sel_fpr_req"": ""43"", ""sel_fpr_bid"": ""-233000"", ""buy_fpr_bid"": ""-232500"", ""buy_fpr_req"": ""296"", ""buy_1th_pre_req_pre"": ""0"", ""buy_2th_pre_bid"": ""-232000"", ""buy_2th_pre_req"": ""895"", ""buy_2th_pre_req_pre"": ""0"", ""buy_3th_pre_bid"": ""-231500"", ""buy_3th_pre_req"": ""1375"", ""buy_3th_pre_req_pre"": ""0"", ""buy_4th_pre_bid"": ""-231000"", ""buy_4th_pre_req"": ""1996"", ""buy_4th_pre_req_pre"": ""0"", ""buy_5th_pre_bid"": ""-230500"", ""buy_5th_pre_req"": ""1522"", ""buy_5th_pre_req_pre"": ""0"", ""buy_6th_pre_bid"": ""-230000"", ""buy_6th_pre_req"": ""3206"", ""buy_6th_pre_req_pre"": ""0"", ""buy_7th_pre_bid"": ""-229500"", ""buy_7th_pre_req"": ""501"", ""buy_7th_pre_req_pre"": ""0"", ""buy_8th_pre_bid"": ""-229000"", ""buy_8th_pre_req"": ""1283"", ""buy_8th_pre_req_pre"": ""0"", ""buy_9th_pre_bid"": ""-228500"", ""buy_9th_pre_req"": ""413"", ""buy_9th_pre_req_pre"": ""0"", ""buy_10th_pre_bid"": ""-228000"", ""buy_10th_pre_req"": ""882"", ""buy_10th_pre_req_pre"": ""+3"", ""tot_sel_req_jub_pre"": ""0"", ""tot_sel_req"": ""718"", ""tot_buy_req"": ""12369"", ""tot_buy_req_jub_pre"": ""+3"", ""ovt_sel_req_pre"": ""0"", ""ovt_sel_req"": ""0"", ""ovt_buy_req"": ""0"", ""ovt_buy_req_pre"": ""0"", ""return_code"": 0, ""return_msg"": ""정상적으로 처리되었습니다""}"
2026-06-10,watchlist,161390,,0,filtered_candidate_recheck,71700,,71700,71600,71700,71700,-0.1394700139470014,0.1394700139470014,,,,,,"{""bid_req_base_tm"": ""095111"", ""sel_10th_pre_req_pre"": ""0"", ""sel_10th_pre_req"": ""74"", ""sel_10th_pre_bid"": ""-72600"", ""sel_9th_pre_req_pre"": ""0"", ""sel_9th_pre_req"": ""184"", ""sel_9th_pre_bid"": ""-72500"", ""sel_8th_pre_req_pre"": ""0"", ""sel_8th_pre_req"": ""94"", ""sel_8th_pre_bid"": ""-72400"", ""sel_7th_pre_req_pre"": ""0"", ""sel_7th_pre_req"": ""24"", ""sel_7th_pre_bid"": ""-72300"", ""sel_6th_pre_req_pre"": ""0"", ""sel_6th_pre_req"": ""4"", ""sel_6th_pre_bid"": ""-72200"", ""sel_5th_pre_req_pre"": ""0"", ""sel_5th_pre_req"": ""123"", ""sel_5th_pre_bid"": ""-72100"", ""sel_4th_pre_req_pre"": ""0"", ""sel_4th_pre_req"": ""141"", ""sel_4th_pre_bid"": ""-72000"", ""sel_3th_pre_req_pre"": ""0"", ""sel_3th_pre_req"": ""2"", ""sel_3th_pre_bid"": ""-71900"", ""sel_2th_pre_req_pre"": ""--7"", ""sel_2th_pre_req"": ""361"", ""sel_2th_pre_bid"": ""-71800"", ""sel_1th_pre_req_pre"": ""0"", ""sel_fpr_req"": ""1841"", ""sel_fpr_bid"": ""-71700"", ""buy_fpr_bid"": ""-71600"", ""buy_fpr_req"": ""541"", ""buy_1th_pre_req_pre"": ""0"", ""buy_2th_pre_bid"": ""-71500"", ""buy_2th_pre_req"": ""214"", ""buy_2th_pre_req_pre"": ""0"", ""buy_3th_pre_bid"": ""-71400"", ""buy_3th_pre_req"": ""241"", ""buy_3th_pre_req_pre"": ""0"", ""buy_4th_pre_bid"": ""-71200"", ""buy_4th_pre_req"": ""74"", ""buy_4th_pre_req_pre"": ""0"", ""buy_5th_pre_bid"": ""-71100"", ""buy_5th_pre_req"": ""229"", ""buy_5th_pre_req_pre"": ""0"", ""buy_6th_pre_bid"": ""-71000"", ""buy_6th_pre_req"": ""1040"", ""buy_6th_pre_req_pre"": ""0"", ""buy_7th_pre_bid"": ""-70900"", ""buy_7th_pre_req"": ""2016"", ""buy_7th_pre_req_pre"": ""0"", ""buy_8th_pre_bid"": ""-70800"", ""buy_8th_pre_req"": ""109"", ""buy_8th_pre_req_pre"": ""0"", ""buy_9th_pre_bid"": ""-70700"", ""buy_9th_pre_req"": ""71"", ""buy_9th_pre_req_pre"": ""0"", ""buy_10th_pre_bid"": ""-70600"", ""buy_10th_pre_req"": ""87"", ""buy_10th_pre_req_pre"": ""0"", ""tot_sel_req_jub_pre"": ""--7"", ""tot_sel_req"": ""2848"", ""tot_buy_req"": ""4622"", ""tot_buy_req_jub_pre"": ""0"", ""ovt_sel_req_pre"": ""0"", ""ovt_sel_req"": ""0"", ""ovt_buy_req"": ""0"", ""ovt_buy_req_pre"": ""0"", ""return_code"": 0, ""return_msg"": ""정상적으로 처리되었습니다""}"
2026-06-10,watchlist,078930,,0,filtered_candidate_recheck,72400,,72400,72300,72400,72600,0.13812154696132595,0.13812154696132595,,,,,,"{""bid_req_base_tm"": ""095111"", ""sel_10th_pre_req_pre"": ""0"", ""sel_10th_pre_req"": ""3"", ""sel_10th_pre_bid"": ""-73400"", ""sel_9th_pre_req_pre"": ""0"", ""sel_9th_pre_req"": ""159"", ""sel_9th_pre_bid"": ""-73300"", ""sel_8th_pre_req_pre"": ""0"", ""sel_8th_pre_req"": ""186"", ""sel_8th_pre_bid"": ""-73200"", ""sel_7th_pre_req_pre"": ""0"", ""sel_7th_pre_req"": ""108"", ""sel_7th_pre_bid"": ""-73000"", ""sel_6th_pre_req_pre"": ""0"", ""sel_6th_pre_req"": ""33"", ""sel_6th_pre_bid"": ""-72900"", ""sel_5th_pre_req_pre"": ""0"", ""sel_5th_pre_req"": ""4"", ""sel_5th_pre_bid"": ""-72800"", ""sel_4th_pre_req_pre"": ""0"", ""sel_4th_pre_req"": ""50"", ""sel_4th_pre_bid"": ""-72700"", ""sel_3th_pre_req_pre"": ""0"", ""sel_3th_pre_req"": ""98"", ""sel_3th_pre_bid"": ""-72600"", ""sel_2th_pre_req_pre"": ""0"", ""sel_2th_pre_req"": ""42"", ""sel_2th_pre_bid"": ""-72500"", ""sel_1th_pre_req_pre"": ""+15"", ""sel_fpr_req"": ""499"", ""sel_fpr_bid"": ""-72400"", ""buy_fpr_bid"": ""-72300"", ""buy_fpr_req"": ""262"", ""buy_1th_pre_req_pre"": ""0"", ""buy_2th_pre_bid"": ""-72200"", ""buy_2th_pre_req"": ""131"", ""buy_2th_pre_req_pre"": ""0"", ""buy_3th_pre_bid"": ""-72100"", ""buy_3th_pre_req"": ""507"", ""buy_3th_pre_req_pre"": ""0"", ""buy_4th_pre_bid"": ""-72000"", ""buy_4th_pre_req"": ""152"", ""buy_4th_pre_req_pre"": ""0"", ""buy_5th_pre_bid"": ""-71900"", ""buy_5th_pre_req"": ""161"", ""buy_5th_pre_req_pre"": ""0"", ""buy_6th_pre_bid"": ""-71800"", ""buy_6th_pre_req"": ""115"", ""buy_6th_pre_req_pre"": ""0"", ""buy_7th_pre_bid"": ""-71700"", ""buy_7th_pre_req"": ""127"", ""buy_7th_pre_req_pre"": ""0"", ""buy_8th_pre_bid"": ""-71600"", ""buy_8th_pre_req"": ""94"", ""buy_8th_pre_req_pre"": ""0"", ""buy_9th_pre_bid"": ""-71500"", ""buy_9th_pre_req"": ""23"", ""buy_9th_pre_req_pre"": ""0"", ""buy_10th_pre_bid"": ""-71300"", ""buy_10th_pre_req"": ""7"", ""buy_10th_pre_req_pre"": ""0"", ""tot_sel_req_jub_pre"": ""+15"", ""tot_sel_req"": ""1182"", ""tot_buy_req"": ""1579"", ""tot_buy_req_jub_pre"": ""0"", ""ovt_sel_req_pre"": ""0"", ""ovt_sel_req"": ""0"", ""ovt_buy_req"": ""0"", ""ovt_buy_req_pre"": ""0"", ""return_code"": 0, ""return_msg"": ""정상적으로 처리되었습니다""}"
2026-06-10,watchlist,462870,,0,filtered_candidate_recheck,30700,,30700,30600,30700,30850,0.32573289902280134,0.32573289902280134,,,,,,"{""bid_req_base_tm"": ""095111"", ""sel_10th_pre_req_pre"": ""0"", ""sel_10th_pre_req"": ""25"", ""sel_10th_pre_bid"": ""-31150"", ""sel_9th_pre_req_pre"": ""0"", ""sel_9th_pre_req"": ""46"", ""sel_9th_pre_bid"": ""-31100"", ""sel_8th_pre_req_pre"": ""0"", ""sel_8th_pre_req"": ""28"", ""sel_8th_pre_bid"": ""-31050"", ""sel_7th_pre_req_pre"": ""0"", ""sel_7th_pre_req"": ""221"", ""sel_7th_pre_bid"": ""-31000"", ""sel_6th_pre_req_pre"": ""0"", ""sel_6th_pre_req"": ""21"", ""sel_6th_pre_bid"": ""-30950"", ""sel_5th_pre_req_pre"": ""0"", ""sel_5th_pre_req"": ""213"", ""sel_5th_pre_bid"": ""-30900"", ""sel_4th_pre_req_pre"": ""0"", ""sel_4th_pre_req"": ""39"", ""sel_4th_pre_bid"": ""-30850"", ""sel_3th_pre_req_pre"": ""0"", ""sel_3th_pre_req"": ""51"", ""sel_3th_pre_bid"": ""-30800"", ""sel_2th_pre_req_pre"": ""0"", ""sel_2th_pre_req"": ""9"", ""sel_2th_pre_bid"": ""-30750"", ""sel_1th_pre_req_pre"": ""+17"", ""sel_fpr_req"": ""269"", ""sel_fpr_bid"": ""-30700"", ""buy_fpr_bid"": ""-30600"", ""buy_fpr_req"": ""1"", ""buy_1th_pre_req_pre"": ""0"", ""buy_2th_pre_bid"": ""-30550"", ""buy_2th_pre_req"": ""4775"", ""buy_2th_pre_req_pre"": ""0"", ""buy_3th_pre_bid"": ""-30500"", ""buy_3th_pre_req"": ""220"", ""buy_3th_pre_req_pre"": ""0"", ""buy_4th_pre_bid"": ""-30450"", ""buy_4th_pre_req"": ""197"", ""buy_4th_pre_req_pre"": ""0"", ""buy_5th_pre_bid"": ""-30400"", ""buy_5th_pre_req"": ""264"", ""buy_5th_pre_req_pre"": ""0"", ""buy_6th_pre_bid"": ""-30350"", ""buy_6th_pre_req"": ""120"", ""buy_6th_pre_req_pre"": ""0"", ""buy_7th_pre_bid"": ""-30300"", ""buy_7th_pre_req"": ""233"", ""buy_7th_pre_req_pre"": ""0"", ""buy_8th_pre_bid"": ""-30250"", ""buy_8th_pre_req"": ""379"", ""buy_8th_pre_req_pre"": ""0"", ""buy_9th_pre_bid"": ""-30200"", ""buy_9th_pre_req"": ""1206"", ""buy_9th_pre_req_pre"": ""0"", ""buy_10th_pre_bid"": ""-30150"", ""buy_10th_pre_req"": ""505"", ""buy_10th_pre_req_pre"": ""0"", ""tot_sel_req_jub_pre"": ""+17"", ""tot_sel_req"": ""922"", ""tot_buy_req"": ""7900"", ""tot_buy_req_jub_pre"": ""0"", ""ovt_sel_req_pre"": ""0"", ""ovt_sel_req"": ""0"", ""ovt_buy_req"": ""0"", ""ovt_buy_req_pre"": ""0"", ""return_code"": 0, ""return_msg"": ""정상적으로 처리되었습니다""}"
2026-06-10,watchlist,055550,,0,filtered_candidate_recheck,98900,,98900,98800,98900,99100,0.10111223458038424,0.10111223458038424,,,,,,"{""bid_req_base_tm"": ""095112"", ""sel_10th_pre_req_pre"": ""0"", ""sel_10th_pre_req"": ""90"", ""sel_10th_pre_bid"": ""-99800"", ""sel_9th_pre_req_pre"": ""0"", ""sel_9th_pre_req"": ""4"", ""sel_9th_pre_bid"": ""-99700"", ""sel_8th_pre_req_pre"": ""0"", ""sel_8th_pre_req"": ""317"", ""sel_8th_pre_bid"": ""-99600"", ""sel_7th_pre_req_pre"": ""0"", ""sel_7th_pre_req"": ""339"", ""sel_7th_pre_bid"": ""-99500"", ""sel_6th_pre_req_pre"": ""0"", ""sel_6th_pre_req"": ""471"", ""sel_6th_pre_bid"": ""-99400"", ""sel_5th_pre_req_pre"": ""--7"", ""sel_5th_pre_req"": ""134"", ""sel_5th_pre_bid"": ""-99300"", ""sel_4th_pre_req_pre"": ""0"", ""sel_4th_pre_req"": ""128"", ""sel_4th_pre_bid"": ""-99200"", ""sel_3th_pre_req_pre"": ""0"", ""sel_3th_pre_req"": ""249"", ""sel_3th_pre_bid"": ""-99100"", ""sel_2th_pre_req_pre"": ""0"", ""sel_2th_pre_req"": ""1120"", ""sel_2th_pre_bid"": ""-99000"", ""sel_1th_pre_req_pre"": ""0"", ""sel_fpr_req"": ""40"", ""sel_fpr_bid"": ""-98900"", ""buy_fpr_bid"": ""-98800"", ""buy_fpr_req"": ""981"", ""buy_1th_pre_req_pre"": ""0"", ""buy_2th_pre_bid"": ""-98700"", ""buy_2th_pre_req"": ""1173"", ""buy_2th_pre_req_pre"": ""0"", ""buy_3th_pre_bid"": ""-98600"", ""buy_3th_pre_req"": ""33"", ""buy_3th_pre_req_pre"": ""0"", ""buy_4th_pre_bid"": ""-98500"", ""buy_4th_pre_req"": ""114"", ""buy_4th_pre_req_pre"": ""0"", ""buy_5th_pre_bid"": ""-98400"", ""buy_5th_pre_req"": ""1001"", ""buy_5th_pre_req_pre"": ""0"", ""buy_6th_pre_bid"": ""-98300"", ""buy_6th_pre_req"": ""64"", ""buy_6th_pre_req_pre"": ""0"", ""buy_7th_pre_bid"": ""-98200"", ""buy_7th_pre_req"": ""1023"", ""buy_7th_pre_req_pre"": ""0"", ""buy_8th_pre_bid"": ""-98100"", ""buy_8th_pre_req"": ""409"", ""buy_8th_pre_req_pre"": ""0"", ""buy_9th_pre_bid"": ""-98000"", ""buy_9th_pre_req"": ""1834"", ""buy_9th_pre_req_pre"": ""0"", ""buy_10th_pre_bid"": ""-97900"", ""buy_10th_pre_req"": ""547"", ""buy_10th_pre_req_pre"": ""0"", ""tot_sel_req_jub_pre"": ""--7"", ""tot_sel_req"": ""2892"", ""tot_buy_req"": ""7179"", ""tot_buy_req_jub_pre"": ""0"", ""ovt_sel_req_pre"": ""0"", ""ovt_sel_req"": ""0"", ""ovt_buy_req"": ""0"", ""ovt_buy_req_pre"": ""0"", ""return_code"": 0, ""return_msg"": ""정상적으로 처리되었습니다""}"
2026-06-10,watchlist,192080,,0,filtered_candidate_recheck,72000,,72000,71900,72000,72500,0.5555555555555556,0.1388888888888889,,,,,,"{""bid_req_base_tm"": ""095110"", ""sel_10th_pre_req_pre"": ""0"", ""sel_10th_pre_req"": ""44"", ""sel_10th_pre_bid"": ""+73500"", ""sel_9th_pre_req_pre"": ""0"", ""sel_9th_pre_req"": ""74"", ""sel_9th_pre_bid"": ""+73400"", ""sel_8th_pre_req_pre"": ""0"", ""sel_8th_pre_req"": ""11"", ""sel_8th_pre_bid"": ""+73300"", ""sel_7th_pre_req_pre"": ""0"", ""sel_7th_pre_req"": ""11"", ""sel_7th_pre_bid"": ""+73200"", ""sel_6th_pre_req_pre"": ""0"", ""sel_6th_pre_req"": ""5"", ""sel_6th_pre_bid"": ""+72900"", ""sel_5th_pre_req_pre"": ""0"", ""sel_5th_pre_req"": ""2"", ""sel_5th_pre_bid"": ""+72600"", ""sel_4th_pre_req_pre"": ""0"", ""sel_4th_pre_req"": ""1"", ""sel_4th_pre_bid"": ""+72300"", ""sel_3th_pre_req_pre"": ""0"", ""sel_3th_pre_req"": ""20"", ""sel_3th_pre_bid"": ""+72200"", ""sel_2th_pre_req_pre"": ""0"", ""sel_2th_pre_req"": ""20"", ""sel_2th_pre_bid"": ""+72100"", ""sel_1th_pre_req_pre"": ""0"", ""sel_fpr_req"": ""120"", ""sel_fpr_bid"": ""72000"", ""buy_fpr_bid"": ""-71900"", ""buy_fpr_req"": ""173"", ""buy_1th_pre_req_pre"": ""+6"", ""buy_2th_pre_bid"": ""-71800"", ""buy_2th_pre_req"": ""56"", ""buy_2th_pre_req_pre"": ""0"", ""buy_3th_pre_bid"": ""-71700"", ""buy_3th_pre_req"": ""50"", ""buy_3th_pre_req_pre"": ""0"", ""buy_4th_pre_bid"": ""-71600"", ""buy_4th_pre_req"": ""58"", ""buy_4th_pre_req_pre"": ""0"", ""buy_5th_pre_bid"": ""-71500"", ""buy_5th_pre_req"": ""46"", ""buy_5th_pre_req_pre"": ""0"", ""buy_6th_pre_bid"": ""-71400"", ""buy_6th_pre_req"": ""11"", ""buy_6th_pre_req_pre"": ""0"", ""buy_7th_pre_bid"": ""-71300"", ""buy_7th_pre_req"": ""66"", ""buy_7th_pre_req_pre"": ""0"", ""buy_8th_pre_bid"": ""-71200"", ""buy_8th_pre_req"": ""415"", ""buy_8th_pre_req_pre"": ""0"", ""buy_9th_pre_bid"": ""-71100"", ""buy_9th_pre_req"": ""71"", ""buy_9th_pre_req_pre"": ""0"", ""buy_10th_pre_bid"": ""-71000"", ""buy_10th_pre_req"": ""77"", ""buy_10th_pre_req_pre"": ""0"", ""tot_sel_req_jub_pre"": ""0"", ""tot_sel_req"": ""308"", ""tot_buy_req"": ""1023"", ""tot_buy_req_jub_pre"": ""+6"", ""ovt_sel_req_pre"": ""0"", ""ovt_sel_req"": ""0"", ""ovt_buy_req"": ""0"", ""ovt_buy_req_pre"": ""0"", ""return_code"": 0, ""return_msg"": ""정상적으로 처리되었습니다""}"
2026-06-10,watchlist,000430,,0,filtered_candidate_recheck,5920,,5920,5890,5920,5940,0.16891891891891891,0.5067567567567568,,,,,,"{""bid_req_base_tm"": ""095112"", ""sel_10th_pre_req_pre"": ""0"", ""sel_10th_pre_req"": ""917"", ""sel_10th_pre_bid"": ""+6020"", ""sel_9th_pre_req_pre"": ""0"", ""sel_9th_pre_req"": ""4439"", ""sel_9th_pre_bid"": ""+6010"", ""sel_8th_pre_req_pre"": ""0"", ""sel_8th_pre_req"": ""1393"", ""sel_8th_pre_bid"": ""6000"", ""sel_7th_pre_req_pre"": ""0"", ""sel_7th_pre_req"": ""1089"", ""sel_7th_pre_bid"": ""-5990"", ""sel_6th_pre_req_pre"": ""0"", ""sel_6th_pre_req"": ""641"", ""sel_6th_pre_bid"": ""-5980"", ""sel_5th_pre_req_pre"": ""0"", ""sel_5th_pre_req"": ""250"", ""sel_5th_pre_bid"": ""-5970"", ""sel_4th_pre_req_pre"": ""0"", ""sel_4th_pre_req"": ""92"", ""sel_4th_pre_bid"": ""-5960"", ""sel_3th_pre_req_pre"": ""0"", ""sel_3th_pre_req"": ""38"", ""sel_3th_pre_bid"": ""-5950"", ""sel_2th_pre_req_pre"": ""0"", ""sel_2th_pre_req"": ""357"", ""sel_2th_pre_bid"": ""-5940"", ""sel_1th_pre_req_pre"": ""0"", ""sel_fpr_req"": ""667"", ""sel_fpr_bid"": ""-5920"", ""buy_fpr_bid"": ""-5890"", ""buy_fpr_req"": ""623"", ""buy_1th_pre_req_pre"": ""0"", ""buy_2th_pre_bid"": ""-5880"", ""buy_2th_pre_req"": ""4798"", ""buy_2th_pre_req_pre"": ""0"", ""buy_3th_pre_bid"": ""-5870"", ""buy_3th_pre_req"": ""4722"", ""buy_3th_pre_req_pre"": ""0"", ""buy_4th_pre_bid"": ""-5860"", ""buy_4th_pre_req"": ""1105"", ""buy_4th_pre_req_pre"": ""--1706"", ""buy_5th_pre_bid"": ""-5850"", ""buy_5th_pre_req"": ""7843"", ""buy_5th_pre_req_pre"": ""0"", ""buy_6th_pre_bid"": ""-5840"", ""buy_6th_pre_req"": ""6735"", ""buy_6th_pre_req_pre"": ""0"", ""buy_7th_pre_bid"": ""-5830"", ""buy_7th_pre_req"": ""5365"", ""buy_7th_pre_req_pre"": ""0"", ""buy_8th_pre_bid"": ""-5820"", ""buy_8th_pre_req"": ""1962"", ""buy_8th_pre_req_pre"": ""0"", ""buy_9th_pre_bid"": ""-5810"", ""buy_9th_pre_req"": ""2239"", ""buy_9th_pre_req_pre"": ""0"", ""buy_10th_pre_bid"": ""-5800"", ""buy_10th_pre_req"": ""13669"", ""buy_10th_pre_req_pre"": ""0"", ""tot_sel_req_jub_pre"": ""0"", ""tot_sel_req"": ""9883"", ""tot_buy_req"": ""49061"", ""tot_buy_req_jub_pre"": ""--1706"", ""ovt_sel_req_pre"": ""0"", ""ovt_sel_req"": ""0"", ""ovt_buy_req"": ""0"", ""ovt_buy_req_pre"": ""0"", ""return_code"": 0, ""return_msg"": ""정상적으로 처리되었습니다""}"
2026-06-10,watchlist,307950,,0,filtered_candidate_recheck,701000,,701000,700000,701000,703000,0.14265335235378032,0.14265335235378032,,,,,,"{""bid_req_base_tm"": ""095113"", ""sel_10th_pre_req_pre"": ""0"", ""sel_10th_pre_req"": ""72"", ""sel_10th_pre_bid"": ""+710000"", ""sel_9th_pre_req_pre"": ""0"", ""sel_9th_pre_req"": ""85"", ""sel_9th_pre_bid"": ""+709000"", ""sel_8th_pre_req_pre"": ""0"", ""sel_8th_pre_req"": ""108"", ""sel_8th_pre_bid"": ""+708000"", ""sel_7th_pre_req_pre"": ""0"", ""sel_7th_pre_req"": ""6"", ""sel_7th_pre_bid"": ""+707000"", ""sel_6th_pre_req_pre"": ""0"", ""sel_6th_pre_req"": ""23"", ""sel_6th_pre_bid"": ""+706000"", ""sel_5th_pre_req_pre"": ""0"", ""sel_5th_pre_req"": ""9"", ""sel_5th_pre_bid"": ""+705000"", ""sel_4th_pre_req_pre"": ""0"", ""sel_4th_pre_req"": ""12"", ""sel_4th_pre_bid"": ""+704000"", ""sel_3th_pre_req_pre"": ""0"", ""sel_3th_pre_req"": ""45"", ""sel_3th_pre_bid"": ""+703000"", ""sel_2th_pre_req_pre"": ""0"", ""sel_2th_pre_req"": ""59"", ""sel_2th_pre_bid"": ""+702000"", ""sel_1th_pre_req_pre"": ""+1"", ""sel_fpr_req"": ""49"", ""sel_fpr_bid"": ""+701000"", ""buy_fpr_bid"": ""+700000"", ""buy_fpr_req"": ""241"", ""buy_1th_pre_req_pre"": ""0"", ""buy_2th_pre_bid"": ""+699000"", ""buy_2th_pre_req"": ""108"", ""buy_2th_pre_req_pre"": ""0"", ""buy_3th_pre_bid"": ""+698000"", ""buy_3th_pre_req"": ""111"", ""buy_3th_pre_req_pre"": ""0"", ""buy_4th_pre_bid"": ""+697000"", ""buy_4th_pre_req"": ""119"", ""buy_4th_pre_req_pre"": ""0"", ""buy_5th_pre_bid"": ""+696000"", ""buy_5th_pre_req"": ""216"", ""buy_5th_pre_req_pre"": ""0"", ""buy_6th_pre_bid"": ""+695000"", ""buy_6th_pre_req"": ""209"", ""buy_6th_pre_req_pre"": ""0"", ""buy_7th_pre_bid"": ""+694000"", ""buy_7th_pre_req"": ""123"", ""buy_7th_pre_req_pre"": ""0"", ""buy_8th_pre_bid"": ""+693000"", ""buy_8th_pre_req"": ""87"", ""buy_8th_pre_req_pre"": ""0"", ""buy_9th_pre_bid"": ""+692000"", ""buy_9th_pre_req"": ""74"", ""buy_9th_pre_req_pre"": ""0"", ""buy_10th_pre_bid"": ""+691000"", ""buy_10th_pre_req"": ""243"", ""buy_10th_pre_req_pre"": ""0"", ""tot_sel_req_jub_pre"": ""+1"", ""tot_sel_req"": ""468"", ""tot_buy_req"": ""1531"", ""tot_buy_req_jub_pre"": ""0"", ""ovt_sel_req_pre"": ""0"", ""ovt_sel_req"": ""0"", ""ovt_buy_req"": ""0"", ""ovt_buy_req_pre"": ""0"", ""return_code"": 0, ""return_msg"": ""정상적으로 처리되었습니다""}"
2026-06-10,watchlist,114090,,0,filtered_candidate_recheck,11850,,11850,11810,11850,11850,-0.42194092827004215,0.33755274261603374,,,,,,"{""bid_req_base_tm"": ""095112"", ""sel_10th_pre_req_pre"": ""0"", ""sel_10th_pre_req"": ""39"", ""sel_10th_pre_bid"": ""+12050"", ""sel_9th_pre_req_pre"": ""0"", ""sel_9th_pre_req"": ""298"", ""sel_9th_pre_bid"": ""+12020"", ""sel_8th_pre_req_pre"": ""0"", ""sel_8th_pre_req"": ""821"", ""sel_8th_pre_bid"": ""+12010"", ""sel_7th_pre_req_pre"": ""0"", ""sel_7th_pre_req"": ""25"", ""sel_7th_pre_bid"": ""+12000"", ""sel_6th_pre_req_pre"": ""0"", ""sel_6th_pre_req"": ""5"", ""sel_6th_pre_bid"": ""+11990"", ""sel_5th_pre_req_pre"": ""0"", ""sel_5th_pre_req"": ""100"", ""sel_5th_pre_bid"": ""-11910"", ""sel_4th_pre_req_pre"": ""0"", ""sel_4th_pre_req"": ""137"", ""sel_4th_pre_bid"": ""-11880"", ""sel_3th_pre_req_pre"": ""0"", ""sel_3th_pre_req"": ""22"", ""sel_3th_pre_bid"": ""-11870"", ""sel_2th_pre_req_pre"": ""0"", ""sel_2th_pre_req"": ""28"", ""sel_2th_pre_bid"": ""-11860"", ""sel_1th_pre_req_pre"": ""+169"", ""sel_fpr_req"": ""225"", ""sel_fpr_bid"": ""-11850"", ""buy_fpr_bid"": ""-11810"", ""buy_fpr_req"": ""925"", ""buy_1th_pre_req_pre"": ""+170"", ""buy_2th_pre_bid"": ""-11800"", ""buy_2th_pre_req"": ""352"", ""buy_2th_pre_req_pre"": ""0"", ""buy_3th_pre_bid"": ""-11790"", ""buy_3th_pre_req"": ""116"", ""buy_3th_pre_req_pre"": ""0"", ""buy_4th_pre_bid"": ""-11780"", ""buy_4th_pre_req"": ""12"", ""buy_4th_pre_req_pre"": ""0"", ""buy_5th_pre_bid"": ""-11770"", ""buy_5th_pre_req"": ""16"", ""buy_5th_pre_req_pre"": ""0"", ""buy_6th_pre_bid"": ""-11760"", ""buy_6th_pre_req"": ""7"", ""buy_6th_pre_req_pre"": ""0"", ""buy_7th_pre_bid"": ""-11750"", ""buy_7th_pre_req"": ""209"", ""buy_7th_pre_req_pre"": ""0"", ""buy_8th_pre_bid"": ""-11740"", ""buy_8th_pre_req"": ""185"", ""buy_8th_pre_req_pre"": ""0"", ""buy_9th_pre_bid"": ""-11710"", ""buy_9th_pre_req"": ""135"", ""buy_9th_pre_req_pre"": ""0"", ""buy_10th_pre_bid"": ""-11700"", ""buy_10th_pre_req"": ""287"", ""buy_10th_pre_req_pre"": ""0"", ""tot_sel_req_jub_pre"": ""+169"", ""tot_sel_req"": ""1700"", ""tot_buy_req"": ""2244"", ""tot_buy_req_jub_pre"": ""+170"", ""ovt_sel_req_pre"": ""0"", ""ovt_sel_req"": ""0"", ""ovt_buy_req"": ""0"", ""ovt_buy_req_pre"": ""0"", ""return_code"": 0, ""return_msg"": ""정상적으로 처리되었습니다""}"
2026-06-10,watchlist,281820,,0,filtered_candidate_recheck,65800,,65800,65600,65800,66200,0.4559270516717325,0.303951367781155,,,,,,"{""bid_req_base_tm"": ""095113"", ""sel_10th_pre_req_pre"": ""0"", ""sel_10th_pre_req"": ""6"", ""sel_10th_pre_bid"": ""+66900"", ""sel_9th_pre_req_pre"": ""0"", ""sel_9th_pre_req"": ""25"", ""sel_9th_pre_bid"": ""+66800"", ""sel_8th_pre_req_pre"": ""0"", ""sel_8th_pre_req"": ""20"", ""sel_8th_pre_bid"": ""+66700"", ""sel_7th_pre_req_pre"": ""0"", ""sel_7th_pre_req"": ""12"", ""sel_7th_pre_bid"": ""+66600"", ""sel_6th_pre_req_pre"": ""0"", ""sel_6th_pre_req"": ""107"", ""sel_6th_pre_bid"": ""+66500"", ""sel_5th_pre_req_pre"": ""+1"", ""sel_5th_pre_req"": ""33"", ""sel_5th_pre_bid"": ""66400"", ""sel_4th_pre_req_pre"": ""--1"", ""sel_4th_pre_req"": ""21"", ""sel_4th_pre_bid"": ""-66300"", ""sel_3th_pre_req_pre"": ""0"", ""sel_3th_pre_req"": ""7"", ""sel_3th_pre_bid"": ""-66100"", ""sel_2th_pre_req_pre"": ""0"", ""sel_2th_pre_req"": ""13"", ""sel_2th_pre_bid"": ""-66000"", ""sel_1th_pre_req_pre"": ""0"", ""sel_fpr_req"": ""49"", ""sel_fpr_bid"": ""-65800"", ""buy_fpr_bid"": ""-65600"", ""buy_fpr_req"": ""123"", ""buy_1th_pre_req_pre"": ""0"", ""buy_2th_pre_bid"": ""-65500"", ""buy_2th_pre_req"": ""211"", ""buy_2th_pre_req_pre"": ""0"", ""buy_3th_pre_bid"": ""-65400"", ""buy_3th_pre_req"": ""99"", ""buy_3th_pre_req_pre"": ""0"", ""buy_4th_pre_bid"": ""-65300"", ""buy_4th_pre_req"": ""14"", ""buy_4th_pre_req_pre"": ""0"", ""buy_5th_pre_bid"": ""-65200"", ""buy_5th_pre_req"": ""228"", ""buy_5th_pre_req_pre"": ""0"", ""buy_6th_pre_bid"": ""-65100"", ""buy_6th_pre_req"": ""132"", ""buy_6th_pre_req_pre"": ""0"", ""buy_7th_pre_bid"": ""-65000"", ""buy_7th_pre_req"": ""287"", ""buy_7th_pre_req_pre"": ""0"", ""buy_8th_pre_bid"": ""-64900"", ""buy_8th_pre_req"": ""11"", ""buy_8th_pre_req_pre"": ""0"", ""buy_9th_pre_bid"": ""-64800"", ""buy_9th_pre_req"": ""25"", ""buy_9th_pre_req_pre"": ""0"", ""buy_10th_pre_bid"": ""-64700"", ""buy_10th_pre_req"": ""151"", ""buy_10th_pre_req_pre"": ""0"", ""tot_sel_req_jub_pre"": ""0"", ""tot_sel_req"": ""293"", ""tot_buy_req"": ""1281"", ""tot_buy_req_jub_pre"": ""0"", ""ovt_sel_req_pre"": ""0"", ""ovt_sel_req"": ""0"", ""ovt_buy_req"": ""0"", ""ovt_buy_req_pre"": ""0"", ""return_code"": 0, ""return_msg"": ""정상적으로 처리되었습니다""}"
2026-06-10,watchlist,489790,,0,filtered_candidate_recheck,69000,,69000,68700,69000,68600,-0.7246376811594203,0.43478260869565216,,,,,,"{""bid_req_base_tm"": ""095113"", ""sel_10th_pre_req_pre"": ""0"", ""sel_10th_pre_req"": ""100"", ""sel_10th_pre_bid"": ""+70100"", ""sel_9th_pre_req_pre"": ""0"", ""sel_9th_pre_req"": ""126"", ""sel_9th_pre_bid"": ""+70000"", ""sel_8th_pre_req_pre"": ""0"", ""sel_8th_pre_req"": ""189"", ""sel_8th_pre_bid"": ""+69900"", ""sel_7th_pre_req_pre"": ""--124"", ""sel_7th_pre_req"": ""10"", ""sel_7th_pre_bid"": ""+69600"", ""sel_6th_pre_req_pre"": ""0"", ""sel_6th_pre_req"": ""189"", ""sel_6th_pre_bid"": ""+69500"", ""sel_5th_pre_req_pre"": ""0"", ""sel_5th_pre_req"": ""200"", ""sel_5th_pre_bid"": ""+69400"", ""sel_4th_pre_req_pre"": ""0"", ""sel_4th_pre_req"": ""200"", ""sel_4th_pre_bid"": ""+69300"", ""sel_3th_pre_req_pre"": ""0"", ""sel_3th_pre_req"": ""176"", ""sel_3th_pre_bid"": ""+69200"", ""sel_2th_pre_req_pre"": ""0"", ""sel_2th_pre_req"": ""10"", ""sel_2th_pre_bid"": ""+69100"", ""sel_1th_pre_req_pre"": ""0"", ""sel_fpr_req"": ""5"", ""sel_fpr_bid"": ""+69000"", ""buy_fpr_bid"": ""+68700"", ""buy_fpr_req"": ""64"", ""buy_1th_pre_req_pre"": ""0"", ""buy_2th_pre_bid"": ""+68600"", ""buy_2th_pre_req"": ""208"", ""buy_2th_pre_req_pre"": ""0"", ""buy_3th_pre_bid"": ""+68500"", ""buy_3th_pre_req"": ""145"", ""buy_3th_pre_req_pre"": ""0"", ""buy_4th_pre_bid"": ""+68400"", ""buy_4th_pre_req"": ""15"", ""buy_4th_pre_req_pre"": ""0"", ""buy_5th_pre_bid"": ""+68300"", ""buy_5th_pre_req"": ""29"", ""buy_5th_pre_req_pre"": ""0"", ""buy_6th_pre_bid"": ""+68200"", ""buy_6th_pre_req"": ""92"", ""buy_6th_pre_req_pre"": ""0"", ""buy_7th_pre_bid"": ""+68100"", ""buy_7th_pre_req"": ""20"", ""buy_7th_pre_req_pre"": ""0"", ""buy_8th_pre_bid"": ""+68000"", ""buy_8th_pre_req"": ""84"", ""buy_8th_pre_req_pre"": ""0"", ""buy_9th_pre_bid"": ""+67900"", ""buy_9th_pre_req"": ""54"", ""buy_9th_pre_req_pre"": ""0"", ""buy_10th_pre_bid"": ""+67800"", ""buy_10th_pre_req"": ""6"", ""buy_10th_pre_req_pre"": ""0"", ""tot_sel_req_jub_pre"": ""--44"", ""tot_sel_req"": ""1205"", ""tot_buy_req"": ""717"", ""tot_buy_req_jub_pre"": ""0"", ""ovt_sel_req_pre"": ""0"", ""ovt_sel_req"": ""0"", ""ovt_buy_req"": ""0"", ""ovt_buy_req_pre"": ""0"", ""return_code"": 0, ""return_msg"": ""정상적으로 처리되었습니다""}"
2026-06-10,scan_candidate,005930,,0,main_scan,306500,,306500,306000,306500,308000,0.3262642740619902,0.1631321370309951,,,,,,"{""bid_req_base_tm"": ""095248"", ""sel_10th_pre_req_pre"": ""0"", ""sel_10th_pre_req"": ""12605"", ""sel_10th_pre_bid"": ""-311000"", ""sel_9th_pre_req_pre"": ""0"", ""sel_9th_pre_req"": ""9806"", ""sel_9th_pre_bid"": ""-310500"", ""sel_8th_pre_req_pre"": ""0"", ""sel_8th_pre_req"": ""25169"", ""sel_8th_pre_bid"": ""-310000"", ""sel_7th_pre_req_pre"": ""0"", ""sel_7th_pre_req"": ""12574"", ""sel_7th_pre_bid"": ""-309500"", ""sel_6th_pre_req_pre"": ""0"", ""sel_6th_pre_req"": ""8002"", ""sel_6th_pre_bid"": ""-309000"", ""sel_5th_pre_req_pre"": ""0"", ""sel_5th_pre_req"": ""9386"", ""sel_5th_pre_bid"": ""-308500"", ""sel_4th_pre_req_pre"": ""0"", ""sel_4th_pre_req"": ""15833"", ""sel_4th_pre_bid"": ""-308000"", ""sel_3th_pre_req_pre"": ""0"", ""sel_3th_pre_req"": ""13285"", ""sel_3th_pre_bid"": ""-307500"", ""sel_2th_pre_req_pre"": ""0"", ""sel_2th_pre_req"": ""13697"", ""sel_2th_pre_bid"": ""-307000"", ""sel_1th_pre_req_pre"": ""--22"", ""sel_fpr_req"": ""33379"", ""sel_fpr_bid"": ""-306500"", ""buy_fpr_bid"": ""-306000"", ""buy_fpr_req"": ""4165"", ""buy_1th_pre_req_pre"": ""+14"", ""buy_2th_pre_bid"": ""-305500"", ""buy_2th_pre_req"": ""41093"", ""buy_2th_pre_req_pre"": ""--14"", ""buy_3th_pre_bid"": ""-305000"", ""buy_3th_pre_req"": ""163501"", ""buy_3th_pre_req_pre"": ""--16"", ""buy_4th_pre_bid"": ""-304500"", ""buy_4th_pre_req"": ""27906"", ""buy_4th_pre_req_pre"": ""0"", ""buy_5th_pre_bid"": ""-304000"", ""buy_5th_pre_req"": ""41370"", ""buy_5th_pre_req_pre"": ""+1"", ""buy_6th_pre_bid"": ""-303500"", ""buy_6th_pre_req"": ""35851"", ""buy_6th_pre_req_pre"": ""0"", ""buy_7th_pre_bid"": ""-303000"", ""buy_7th_pre_req"": ""64760"", ""buy_7th_pre_req_pre"": ""+24"", ""buy_8th_pre_bid"": ""-302500"", ""buy_8th_pre_req"": ""41484"", ""buy_8th_pre_req_pre"": ""0"", ""buy_9th_pre_bid"": ""-302000"", ""buy_9th_pre_req"": ""39805"", ""buy_9th_pre_req_pre"": ""+2"", ""buy_10th_pre_bid"": ""-301500"", ""buy_10th_pre_req"": ""36419"", ""buy_10th_pre_req_pre"": ""0"", ""tot_sel_req_jub_pre"": ""--22"", ""tot_sel_req"": ""153736"", ""tot_buy_req"": ""496354"", ""tot_buy_req_jub_pre"": ""+11"", ""ovt_sel_req_pre"": ""0"", ""ovt_sel_req"": ""0"", ""ovt_buy_req"": ""0"", ""ovt_buy_req_pre"": ""0"", ""return_code"": 0, ""return_msg"": ""정상적으로 처리되었습니다""}"
2026-06-10,scan_candidate,000660,,0,main_scan,2129000,,2129000,2128000,2129000,2130000,0.0,0.046970408642555195,,,,,,"{""bid_req_base_tm"": ""095249"", ""sel_10th_pre_req_pre"": ""0"", ""sel_10th_pre_req"": ""118"", ""sel_10th_pre_bid"": ""-2138000"", ""sel_9th_pre_req_pre"": ""0"", ""sel_9th_pre_req"": ""258"", ""sel_9th_pre_bid"": ""-2137000"", ""sel_8th_pre_req_pre"": ""0"", ""sel_8th_pre_req"": ""443"", ""sel_8th_pre_bid"": ""-2136000"", ""sel_7th_pre_req_pre"": ""0"", ""sel_7th_pre_req"": ""556"", ""sel_7th_pre_bid"": ""-2135000"", ""sel_6th_pre_req_pre"": ""0"", ""sel_6th_pre_req"": ""151"", ""sel_6th_pre_bid"": ""-2134000"", ""sel_5th_pre_req_pre"": ""0"", ""sel_5th_pre_req"": ""79"", ""sel_5th_pre_bid"": ""-2133000"", ""sel_4th_pre_req_pre"": ""0"", ""sel_4th_pre_req"": ""21"", ""sel_4th_pre_bid"": ""-2132000"", ""sel_3th_pre_req_pre"": ""0"", ""sel_3th_pre_req"": ""170"", ""sel_3th_pre_bid"": ""-2131000"", ""sel_2th_pre_req_pre"": ""0"", ""sel_2th_pre_req"": ""485"", ""sel_2th_pre_bid"": ""-2130000"", ""sel_1th_pre_req_pre"": ""0"", ""sel_fpr_req"": ""93"", ""sel_fpr_bid"": ""-2129000"", ""buy_fpr_bid"": ""-2128000"", ""buy_fpr_req"": ""61"", ""buy_1th_pre_req_pre"": ""--2"", ""buy_2th_pre_bid"": ""-2127000"", ""buy_2th_pre_req"": ""259"", ""buy_2th_pre_req_pre"": ""--160"", ""buy_3th_pre_bid"": ""-2126000"", ""buy_3th_pre_req"": ""603"", ""buy_3th_pre_req_pre"": ""0"", ""buy_4th_pre_bid"": ""-2125000"", ""buy_4th_pre_req"": ""274"", ""buy_4th_pre_req_pre"": ""0"", ""buy_5th_pre_bid"": ""-2124000"", ""buy_5th_pre_req"": ""928"", ""buy_5th_pre_req_pre"": ""+160"", ""buy_6th_pre_bid"": ""-2123000"", ""buy_6th_pre_req"": ""147"", ""buy_6th_pre_req_pre"": ""0"", ""buy_7th_pre_bid"": ""-2122000"", ""buy_7th_pre_req"": ""171"", ""buy_7th_pre_req_pre"": ""0"", ""buy_8th_pre_bid"": ""-2121000"", ""buy_8th_pre_req"": ""323"", ""buy_8th_pre_req_pre"": ""0"", ""buy_9th_pre_bid"": ""-2120000"", ""buy_9th_pre_req"": ""352"", ""buy_9th_pre_req_pre"": ""0"", ""buy_10th_pre_bid"": ""-2119000"", ""buy_10th_pre_req"": ""123"", ""buy_10th_pre_req_pre"": ""0"", ""tot_sel_req_jub_pre"": ""0"", ""tot_sel_req"": ""2374"", ""tot_buy_req"": ""3241"", ""tot_buy_req_jub_pre"": ""--2"", ""ovt_sel_req_pre"": ""0"", ""ovt_sel_req"": ""0"", ""ovt_buy_req"": ""0"", ""ovt_buy_req_pre"": ""0"", ""return_code"": 0, ""return_msg"": ""정상적으로 처리되었습니다""}"
2026-06-10,scan_candidate,402340,,0,main_scan,1209000,,1209000,1208000,1209000,1211000,0.0827129859387924,0.0827129859387924,,,,,,"{""bid_req_base_tm"": ""095249"", ""sel_10th_pre_req_pre"": ""0"", ""sel_10th_pre_req"": ""550"", ""sel_10th_pre_bid"": ""-1220000"", ""sel_9th_pre_req_pre"": ""0"", ""sel_9th_pre_req"": ""23"", ""sel_9th_pre_bid"": ""-1219000"", ""sel_8th_pre_req_pre"": ""0"", ""sel_8th_pre_req"": ""13"", ""sel_8th_pre_bid"": ""-1218000"", ""sel_7th_pre_req_pre"": ""0"", ""sel_7th_pre_req"": ""41"", ""sel_7th_pre_bid"": ""-1217000"", ""sel_6th_pre_req_pre"": ""0"", ""sel_6th_pre_req"": ""37"", ""sel_6th_pre_bid"": ""-1216000"", ""sel_5th_pre_req_pre"": ""0"", ""sel_5th_pre_req"": ""21"", ""sel_5th_pre_bid"": ""-1215000"", ""sel_4th_pre_req_pre"": ""0"", ""sel_4th_pre_req"": ""4"", ""sel_4th_pre_bid"": ""-1213000"", ""sel_3th_pre_req_pre"": ""0"", ""sel_3th_pre_req"": ""1"", ""sel_3th_pre_bid"": ""-1211000"", ""sel_2th_pre_req_pre"": ""0"", ""sel_2th_pre_req"": ""23"", ""sel_2th_pre_bid"": ""-1210000"", ""sel_1th_pre_req_pre"": ""+12"", ""sel_fpr_req"": ""82"", ""sel_fpr_bid"": ""-1209000"", ""buy_fpr_bid"": ""-1208000"", ""buy_fpr_req"": ""53"", ""buy_1th_pre_req_pre"": ""--20"", ""buy_2th_pre_bid"": ""-1207000"", ""buy_2th_pre_req"": ""250"", ""buy_2th_pre_req_pre"": ""0"", ""buy_3th_pre_bid"": ""-1206000"", ""buy_3th_pre_req"": ""442"", ""buy_3th_pre_req_pre"": ""0"", ""buy_4th_pre_bid"": ""-1205000"", ""buy_4th_pre_req"": ""41"", ""buy_4th_pre_req_pre"": ""+20"", ""buy_5th_pre_bid"": ""-1204000"", ""buy_5th_pre_req"": ""1"", ""buy_5th_pre_req_pre"": ""0"", ""buy_6th_pre_bid"": ""-1203000"", ""buy_6th_pre_req"": ""15"", ""buy_6th_pre_req_pre"": ""0"", ""buy_7th_pre_bid"": ""-1202000"", ""buy_7th_pre_req"": ""64"", ""buy_7th_pre_req_pre"": ""0"", ""buy_8th_pre_bid"": ""-1201000"", ""buy_8th_pre_req"": ""198"", ""buy_8th_pre_req_pre"": ""0"", ""buy_9th_pre_bid"": ""-1200000"", ""buy_9th_pre_req"": ""516"", ""buy_9th_pre_req_pre"": ""0"", ""buy_10th_pre_bid"": ""-1199000"", ""buy_10th_pre_req"": ""115"", ""buy_10th_pre_req_pre"": ""0"", ""tot_sel_req_jub_pre"": ""+12"", ""tot_sel_req"": ""795"", ""tot_buy_req"": ""1695"", ""tot_buy_req_jub_pre"": ""0"", ""ovt_sel_req_pre"": ""0"", ""ovt_sel_req"": ""0"", ""ovt_buy_req"": ""0"", ""ovt_buy_req_pre"": ""0"", ""return_code"": 0, ""return_msg"": ""정상적으로 처리되었습니다""}"
2026-06-10,scan_candidate,009150,,0,main_scan,1872000,,1872000,1871000,1872000,1874000,0.05341880341880342,0.05341880341880342,,,,,,"{""bid_req_base_tm"": ""095249"", ""sel_10th_pre_req_pre"": ""0"", ""sel_10th_pre_req"": ""24"", ""sel_10th_pre_bid"": ""-1881000"", ""sel_9th_pre_req_pre"": ""+1"", ""sel_9th_pre_req"": ""222"", ""sel_9th_pre_bid"": ""-1880000"", ""sel_8th_pre_req_pre"": ""0"", ""sel_8th_pre_req"": ""4"", ""sel_8th_pre_bid"": ""-1879000"", ""sel_7th_pre_req_pre"": ""0"", ""sel_7th_pre_req"": ""61"", ""sel_7th_pre_bid"": ""-1878000"", ""sel_6th_pre_req_pre"": ""0"", ""sel_6th_pre_req"": ""1"", ""sel_6th_pre_bid"": ""-1877000"", ""sel_5th_pre_req_pre"": ""0"", ""sel_5th_pre_req"": ""1"", ""sel_5th_pre_bid"": ""-1876000"", ""sel_4th_pre_req_pre"": ""0"", ""sel_4th_pre_req"": ""25"", ""sel_4th_pre_bid"": ""-1875000"", ""sel_3th_pre_req_pre"": ""0"", ""sel_3th_pre_req"": ""19"", ""sel_3th_pre_bid"": ""-1874000"", ""sel_2th_pre_req_pre"": ""0"", ""sel_2th_pre_req"": ""40"", ""sel_2th_pre_bid"": ""-1873000"", ""sel_1th_pre_req_pre"": ""--1"", ""sel_fpr_req"": ""209"", ""sel_fpr_bid"": ""-1872000"", ""buy_fpr_bid"": ""-1871000"", ""buy_fpr_req"": ""70"", ""buy_1th_pre_req_pre"": ""0"", ""buy_2th_pre_bid"": ""-1870000"", ""buy_2th_pre_req"": ""114"", ""buy_2th_pre_req_pre"": ""+3"", ""buy_3th_pre_bid"": ""-1869000"", ""buy_3th_pre_req"": ""312"", ""buy_3th_pre_req_pre"": ""0"", ""buy_4th_pre_bid"": ""-1868000"", ""buy_4th_pre_req"": ""178"", ""buy_4th_pre_req_pre"": ""0"", ""buy_5th_pre_bid"": ""-1867000"", ""buy_5th_pre_req"": ""121"", ""buy_5th_pre_req_pre"": ""0"", ""buy_6th_pre_bid"": ""-1866000"", ""buy_6th_pre_req"": ""347"", ""buy_6th_pre_req_pre"": ""0"", ""buy_7th_pre_bid"": ""-1865000"", ""buy_7th_pre_req"": ""385"", ""buy_7th_pre_req_pre"": ""0"", ""buy_8th_pre_bid"": ""-1864000"", ""buy_8th_pre_req"": ""168"", ""buy_8th_pre_req_pre"": ""+1"", ""buy_9th_pre_bid"": ""-1863000"", ""buy_9th_pre_req"": ""146"", ""buy_9th_pre_req_pre"": ""0"", ""buy_10th_pre_bid"": ""-1862000"", ""buy_10th_pre_req"": ""273"", ""buy_10th_pre_req_pre"": ""0"", ""tot_sel_req_jub_pre"": ""0"", ""tot_sel_req"": ""606"", ""tot_buy_req"": ""2114"", ""tot_buy_req_jub_pre"": ""+4"", ""ovt_sel_req_pre"": ""0"", ""ovt_sel_req"": ""0"", ""ovt_buy_req"": ""0"", ""ovt_buy_req_pre"": ""0"", ""return_code"": 0, ""return_msg"": ""정상적으로 처리되었습니다""}"
2026-06-10,scan_candidate,032830,,0,main_scan,369000,,369000,368500,369000,367000,-0.6775067750677507,0.13550135501355012,,,,,,"{""bid_req_base_tm"": ""095248"", ""sel_10th_pre_req_pre"": ""0"", ""sel_10th_pre_req"": ""88"", ""sel_10th_pre_bid"": ""-374000"", ""sel_9th_pre_req_pre"": ""0"", ""sel_9th_pre_req"": ""4"", ""sel_9th_pre_bid"": ""-373500"", ""sel_8th_pre_req_pre"": ""0"", ""sel_8th_pre_req"": ""13"", ""sel_8th_pre_bid"": ""-373000"", ""sel_7th_pre_req_pre"": ""0"", ""sel_7th_pre_req"": ""19"", ""sel_7th_pre_bid"": ""-372500"", ""sel_6th_pre_req_pre"": ""0"", ""sel_6th_pre_req"": ""222"", ""sel_6th_pre_bid"": ""-372000"", ""sel_5th_pre_req_pre"": ""0"", ""sel_5th_pre_req"": ""20"", ""sel_5th_pre_bid"": ""-371000"", ""sel_4th_pre_req_pre"": ""0"", ""sel_4th_pre_req"": ""2"", ""sel_4th_pre_bid"": ""-370500"", ""sel_3th_pre_req_pre"": ""0"", ""sel_3th_pre_req"": ""60"", ""sel_3th_pre_bid"": ""-370000"", ""sel_2th_pre_req_pre"": ""0"", ""sel_2th_pre_req"": ""3"", ""sel_2th_pre_bid"": ""-369500"", ""sel_1th_pre_req_pre"": ""+49"", ""sel_fpr_req"": ""2433"", ""sel_fpr_bid"": ""-369000"", ""buy_fpr_bid"": ""-368500"", ""buy_fpr_req"": ""234"", ""buy_1th_pre_req_pre"": ""0"", ""buy_2th_pre_bid"": ""-368000"", ""buy_2th_pre_req"": ""38"", ""buy_2th_pre_req_pre"": ""0"", ""buy_3th_pre_bid"": ""-367500"", ""buy_3th_pre_req"": ""177"", ""buy_3th_pre_req_pre"": ""0"", ""buy_4th_pre_bid"": ""-367000"", ""buy_4th_pre_req"": ""92"", ""buy_4th_pre_req_pre"": ""0"", ""buy_5th_pre_bid"": ""-366500"", ""buy_5th_pre_req"": ""262"", ""buy_5th_pre_req_pre"": ""0"", ""buy_6th_pre_bid"": ""-366000"", ""buy_6th_pre_req"": ""393"", ""buy_6th_pre_req_pre"": ""0"", ""buy_7th_pre_bid"": ""-365500"", ""buy_7th_pre_req"": ""264"", ""buy_7th_pre_req_pre"": ""0"", ""buy_8th_pre_bid"": ""-365000"", ""buy_8th_pre_req"": ""872"", ""buy_8th_pre_req_pre"": ""0"", ""buy_9th_pre_bid"": ""-364500"", ""buy_9th_pre_req"": ""38"", ""buy_9th_pre_req_pre"": ""0"", ""buy_10th_pre_bid"": ""-364000"", ""buy_10th_pre_req"": ""101"", ""buy_10th_pre_req_pre"": ""0"", ""tot_sel_req_jub_pre"": ""+49"", ""tot_sel_req"": ""2864"", ""tot_buy_req"": ""2471"", ""tot_buy_req_jub_pre"": ""0"", ""ovt_sel_req_pre"": ""0"", ""ovt_sel_req"": ""0"", ""ovt_buy_req"": ""0"", ""ovt_buy_req_pre"": ""0"", ""return_code"": 0, ""return_msg"": ""정상적으로 처리되었습니다""}"
2026-06-10,scan_candidate,012330,,0,main_scan,575000,,575000,574000,575000,578000,0.34782608695652173,0.17391304347826086,,,,,,"{""bid_req_base_tm"": ""095249"", ""sel_10th_pre_req_pre"": ""0"", ""sel_10th_pre_req"": ""18"", ""sel_10th_pre_bid"": ""-584000"", ""sel_9th_pre_req_pre"": ""0"", ""sel_9th_pre_req"": ""99"", ""sel_9th_pre_bid"": ""-583000"", ""sel_8th_pre_req_pre"": ""0"", ""sel_8th_pre_req"": ""65"", ""sel_8th_pre_bid"": ""-582000"", ""sel_7th_pre_req_pre"": ""0"", ""sel_7th_pre_req"": ""32"", ""sel_7th_pre_bid"": ""-581000"", ""sel_6th_pre_req_pre"": ""0"", ""sel_6th_pre_req"": ""281"", ""sel_6th_pre_bid"": ""-580000"", ""sel_5th_pre_req_pre"": ""0"", ""sel_5th_pre_req"": ""99"", ""sel_5th_pre_bid"": ""-579000"", ""sel_4th_pre_req_pre"": ""0"", ""sel_4th_pre_req"": ""167"", ""sel_4th_pre_bid"": ""-578000"", ""sel_3th_pre_req_pre"": ""0"", ""sel_3th_pre_req"": ""34"", ""sel_3th_pre_bid"": ""-577000"", ""sel_2th_pre_req_pre"": ""+30"", ""sel_2th_pre_req"": ""37"", ""sel_2th_pre_bid"": ""-576000"", ""sel_1th_pre_req_pre"": ""--2"", ""sel_fpr_req"": ""90"", ""sel_fpr_bid"": ""-575000"", ""buy_fpr_bid"": ""-574000"", ""buy_fpr_req"": ""423"", ""buy_1th_pre_req_pre"": ""+1"", ""buy_2th_pre_bid"": ""-573000"", ""buy_2th_pre_req"": ""538"", ""buy_2th_pre_req_pre"": ""0"", ""buy_3th_pre_bid"": ""-572000"", ""buy_3th_pre_req"": ""1384"", ""buy_3th_pre_req_pre"": ""0"", ""buy_4th_pre_bid"": ""-571000"", ""buy_4th_pre_req"": ""1520"", ""buy_4th_pre_req_pre"": ""0"", ""buy_5th_pre_bid"": ""-570000"", ""buy_5th_pre_req"": ""3452"", ""buy_5th_pre_req_pre"": ""0"", ""buy_6th_pre_bid"": ""-569000"", ""buy_6th_pre_req"": ""2252"", ""buy_6th_pre_req_pre"": ""0"", ""buy_7th_pre_bid"": ""-568000"", ""buy_7th_pre_req"": ""888"", ""buy_7th_pre_req_pre"": ""0"", ""buy_8th_pre_bid"": ""-567000"", ""buy_8th_pre_req"": ""793"", ""buy_8th_pre_req_pre"": ""0"", ""buy_9th_pre_bid"": ""-566000"", ""buy_9th_pre_req"": ""1308"", ""buy_9th_pre_req_pre"": ""0"", ""buy_10th_pre_bid"": ""-565000"", ""buy_10th_pre_req"": ""1268"", ""buy_10th_pre_req_pre"": ""0"", ""tot_sel_req_jub_pre"": ""+28"", ""tot_sel_req"": ""922"", ""tot_buy_req"": ""13826"", ""tot_buy_req_jub_pre"": ""+1"", ""ovt_sel_req_pre"": ""0"", ""ovt_sel_req"": ""0"", ""ovt_buy_req"": ""0"", ""ovt_buy_req_pre"": ""0"", ""return_code"": 0, ""return_msg"": ""정상적으로 처리되었습니다""}"
2026-06-10,scan_candidate,055550,,0,main_scan,99100,,99100,99000,99100,99100,-0.10090817356205853,0.10090817356205853,,,,,,"{""bid_req_base_tm"": ""095249"", ""sel_10th_pre_req_pre"": ""0"", ""sel_10th_pre_req"": ""84"", ""sel_10th_pre_bid"": ""-100000"", ""sel_9th_pre_req_pre"": ""0"", ""sel_9th_pre_req"": ""42"", ""sel_9th_pre_bid"": ""-99900"", ""sel_8th_pre_req_pre"": ""0"", ""sel_8th_pre_req"": ""47"", ""sel_8th_pre_bid"": ""-99800"", ""sel_7th_pre_req_pre"": ""0"", ""sel_7th_pre_req"": ""4"", ""sel_7th_pre_bid"": ""-99700"", ""sel_6th_pre_req_pre"": ""0"", ""sel_6th_pre_req"": ""317"", ""sel_6th_pre_bid"": ""-99600"", ""sel_5th_pre_req_pre"": ""0"", ""sel_5th_pre_req"": ""341"", ""sel_5th_pre_bid"": ""-99500"", ""sel_4th_pre_req_pre"": ""0"", ""sel_4th_pre_req"": ""354"", ""sel_4th_pre_bid"": ""-99400"", ""sel_3th_pre_req_pre"": ""0"", ""sel_3th_pre_req"": ""1047"", ""sel_3th_pre_bid"": ""-99300"", ""sel_2th_pre_req_pre"": ""0"", ""sel_2th_pre_req"": ""7"", ""sel_2th_pre_bid"": ""-99200"", ""sel_1th_pre_req_pre"": ""+1"", ""sel_fpr_req"": ""667"", ""sel_fpr_bid"": ""-99100"", ""buy_fpr_bid"": ""-99000"", ""buy_fpr_req"": ""129"", ""buy_1th_pre_req_pre"": ""0"", ""buy_2th_pre_bid"": ""-98900"", ""buy_2th_pre_req"": ""114"", ""buy_2th_pre_req_pre"": ""0"", ""buy_3th_pre_bid"": ""-98700"", ""buy_3th_pre_req"": ""612"", ""buy_3th_pre_req_pre"": ""0"", ""buy_4th_pre_bid"": ""-98600"", ""buy_4th_pre_req"": ""59"", ""buy_4th_pre_req_pre"": ""0"", ""buy_5th_pre_bid"": ""-98500"", ""buy_5th_pre_req"": ""472"", ""buy_5th_pre_req_pre"": ""0"", ""buy_6th_pre_bid"": ""-98400"", ""buy_6th_pre_req"": ""1011"", ""buy_6th_pre_req_pre"": ""0"", ""buy_7th_pre_bid"": ""-98300"", ""buy_7th_pre_req"": ""49"", ""buy_7th_pre_req_pre"": ""0"", ""buy_8th_pre_bid"": ""-98200"", ""buy_8th_pre_req"": ""1089"", ""buy_8th_pre_req_pre"": ""0"", ""buy_9th_pre_bid"": ""-98100"", ""buy_9th_pre_req"": ""197"", ""buy_9th_pre_req_pre"": ""0"", ""buy_10th_pre_bid"": ""-98000"", ""buy_10th_pre_req"": ""1932"", ""buy_10th_pre_req_pre"": ""0"", ""tot_sel_req_jub_pre"": ""+1"", ""tot_sel_req"": ""2910"", ""tot_buy_req"": ""5664"", ""tot_buy_req_jub_pre"": ""0"", ""ovt_sel_req_pre"": ""0"", ""ovt_sel_req"": ""0"", ""ovt_buy_req"": ""0"", ""ovt_buy_req_pre"": ""0"", ""return_code"": 0, ""return_msg"": ""정상적으로 처리되었습니다""}"
2026-06-10,scan_candidate,034730,,0,main_scan,588000,,588000,587000,588000,587000,-0.3401360544217687,0.17006802721088435,,,,,,"{""bid_req_base_tm"": ""095247"", ""sel_10th_pre_req_pre"": ""0"", ""sel_10th_pre_req"": ""140"", ""sel_10th_pre_bid"": ""+597000"", ""sel_9th_pre_req_pre"": ""0"", ""sel_9th_pre_req"": ""134"", ""sel_9th_pre_bid"": ""+596000"", ""sel_8th_pre_req_pre"": ""0"", ""sel_8th_pre_req"": ""146"", ""sel_8th_pre_bid"": ""+595000"", ""sel_7th_pre_req_pre"": ""0"", ""sel_7th_pre_req"": ""230"", ""sel_7th_pre_bid"": ""594000"", ""sel_6th_pre_req_pre"": ""0"", ""sel_6th_pre_req"": ""106"", ""sel_6th_pre_bid"": ""-593000"", ""sel_5th_pre_req_pre"": ""0"", ""sel_5th_pre_req"": ""86"", ""sel_5th_pre_bid"": ""-592000"", ""sel_4th_pre_req_pre"": ""0"", ""sel_4th_pre_req"": ""32"", ""sel_4th_pre_bid"": ""-591000"", ""sel_3th_pre_req_pre"": ""0"", ""sel_3th_pre_req"": ""55"", ""sel_3th_pre_bid"": ""-590000"", ""sel_2th_pre_req_pre"": ""0"", ""sel_2th_pre_req"": ""72"", ""sel_2th_pre_bid"": ""-589000"", ""sel_1th_pre_req_pre"": ""0"", ""sel_fpr_req"": ""126"", ""sel_fpr_bid"": ""-588000"", ""buy_fpr_bid"": ""-587000"", ""buy_fpr_req"": ""61"", ""buy_1th_pre_req_pre"": ""+5"", ""buy_2th_pre_bid"": ""-586000"", ""buy_2th_pre_req"": ""340"", ""buy_2th_pre_req_pre"": ""0"", ""buy_3th_pre_bid"": ""-585000"", ""buy_3th_pre_req"": ""212"", ""buy_3th_pre_req_pre"": ""0"", ""buy_4th_pre_bid"": ""-584000"", ""buy_4th_pre_req"": ""34"", ""buy_4th_pre_req_pre"": ""0"", ""buy_5th_pre_bid"": ""-583000"", ""buy_5th_pre_req"": ""17"", ""buy_5th_pre_req_pre"": ""0"", ""buy_6th_pre_bid"": ""-582000"", ""buy_6th_pre_req"": ""15"", ""buy_6th_pre_req_pre"": ""0"", ""buy_7th_pre_bid"": ""-581000"", ""buy_7th_pre_req"": ""113"", ""buy_7th_pre_req_pre"": ""0"", ""buy_8th_pre_bid"": ""-580000"", ""buy_8th_pre_req"": ""44"", ""buy_8th_pre_req_pre"": ""0"", ""buy_9th_pre_bid"": ""-579000"", ""buy_9th_pre_req"": ""14"", ""buy_9th_pre_req_pre"": ""0"", ""buy_10th_pre_bid"": ""-578000"", ""buy_10th_pre_req"": ""110"", ""buy_10th_pre_req_pre"": ""0"", ""tot_sel_req_jub_pre"": ""0"", ""tot_sel_req"": ""1127"", ""tot_buy_req"": ""960"", ""tot_buy_req_jub_pre"": ""+5"", ""ovt_sel_req_pre"": ""0"", ""ovt_sel_req"": ""0"", ""ovt_buy_req"": ""0"", ""ovt_buy_req_pre"": ""0"", ""return_code"": 0, ""return_msg"": ""정상적으로 처리되었습니다""}"
2026-06-10,scan_candidate,066570,,0,main_scan,231500,,231500,231000,231500,233000,0.4319654427645789,0.21598272138228944,,,,,,"{""bid_req_base_tm"": ""095250"", ""sel_10th_pre_req_pre"": ""0"", ""sel_10th_pre_req"": ""2509"", ""sel_10th_pre_bid"": ""-236000"", ""sel_9th_pre_req_pre"": ""0"", ""sel_9th_pre_req"": ""522"", ""sel_9th_pre_bid"": ""-235500"", ""sel_8th_pre_req_pre"": ""0"", ""sel_8th_pre_req"": ""1740"", ""sel_8th_pre_bid"": ""-235000"", ""sel_7th_pre_req_pre"": ""0"", ""sel_7th_pre_req"": ""499"", ""sel_7th_pre_bid"": ""-234500"", ""sel_6th_pre_req_pre"": ""0"", ""sel_6th_pre_req"": ""418"", ""sel_6th_pre_bid"": ""-234000"", ""sel_5th_pre_req_pre"": ""0"", ""sel_5th_pre_req"": ""630"", ""sel_5th_pre_bid"": ""-233500"", ""sel_4th_pre_req_pre"": ""0"", ""sel_4th_pre_req"": ""1455"", ""sel_4th_pre_bid"": ""-233000"", ""sel_3th_pre_req_pre"": ""0"", ""sel_3th_pre_req"": ""985"", ""sel_3th_pre_bid"": ""-232500"", ""sel_2th_pre_req_pre"": ""0"", ""sel_2th_pre_req"": ""1802"", ""sel_2th_pre_bid"": ""-232000"", ""sel_1th_pre_req_pre"": ""+10"", ""sel_fpr_req"": ""3915"", ""sel_fpr_bid"": ""-231500"", ""buy_fpr_bid"": ""-231000"", ""buy_fpr_req"": ""2541"", ""buy_1th_pre_req_pre"": ""0"", ""buy_2th_pre_bid"": ""-230500"", ""buy_2th_pre_req"": ""7115"", ""buy_2th_pre_req_pre"": ""0"", ""buy_3th_pre_bid"": ""-230000"", ""buy_3th_pre_req"": ""31929"", ""buy_3th_pre_req_pre"": ""0"", ""buy_4th_pre_bid"": ""-229500"", ""buy_4th_pre_req"": ""2712"", ""buy_4th_pre_req_pre"": ""0"", ""buy_5th_pre_bid"": ""-229000"", ""buy_5th_pre_req"": ""7210"", ""buy_5th_pre_req_pre"": ""0"", ""buy_6th_pre_bid"": ""-228500"", ""buy_6th_pre_req"": ""8570"", ""buy_6th_pre_req_pre"": ""0"", ""buy_7th_pre_bid"": ""-228000"", ""buy_7th_pre_req"": ""10446"", ""buy_7th_pre_req_pre"": ""0"", ""buy_8th_pre_bid"": ""-227500"", ""buy_8th_pre_req"": ""3631"", ""buy_8th_pre_req_pre"": ""0"", ""buy_9th_pre_bid"": ""-227000"", ""buy_9th_pre_req"": ""4733"", ""buy_9th_pre_req_pre"": ""0"", ""buy_10th_pre_bid"": ""-226500"", ""buy_10th_pre_req"": ""2089"", ""buy_10th_pre_req_pre"": ""0"", ""tot_sel_req_jub_pre"": ""+10"", ""tot_sel_req"": ""14475"", ""tot_buy_req"": ""80976"", ""tot_buy_req_jub_pre"": ""0"", ""ovt_sel_req_pre"": ""0"", ""ovt_sel_req"": ""0"", ""ovt_buy_req"": ""0"", ""ovt_buy_req_pre"": ""0"", ""return_code"": 0, ""return_msg"": ""정상적으로 처리되었습니다""}"
2026-06-10,scan_candidate,035420,,0,main_scan,236000,,236000,235500,236000,237500,0.423728813559322,0.211864406779661,,,,,,"{""bid_req_base_tm"": ""095250"", ""sel_10th_pre_req_pre"": ""0"", ""sel_10th_pre_req"": ""1194"", ""sel_10th_pre_bid"": ""-240500"", ""sel_9th_pre_req_pre"": ""0"", ""sel_9th_pre_req"": ""3210"", ""sel_9th_pre_bid"": ""-240000"", ""sel_8th_pre_req_pre"": ""0"", ""sel_8th_pre_req"": ""1589"", ""sel_8th_pre_bid"": ""-239500"", ""sel_7th_pre_req_pre"": ""0"", ""sel_7th_pre_req"": ""1535"", ""sel_7th_pre_bid"": ""-239000"", ""sel_6th_pre_req_pre"": ""0"", ""sel_6th_pre_req"": ""1294"", ""sel_6th_pre_bid"": ""-238500"", ""sel_5th_pre_req_pre"": ""0"", ""sel_5th_pre_req"": ""1472"", ""sel_5th_pre_bid"": ""-238000"", ""sel_4th_pre_req_pre"": ""0"", ""sel_4th_pre_req"": ""2094"", ""sel_4th_pre_bid"": ""-237500"", ""sel_3th_pre_req_pre"": ""0"", ""sel_3th_pre_req"": ""1355"", ""sel_3th_pre_bid"": ""-237000"", ""sel_2th_pre_req_pre"": ""0"", ""sel_2th_pre_req"": ""2700"", ""sel_2th_pre_bid"": ""-236500"", ""sel_1th_pre_req_pre"": ""0"", ""sel_fpr_req"": ""4773"", ""sel_fpr_bid"": ""-236000"", ""buy_fpr_bid"": ""-235500"", ""buy_fpr_req"": ""3170"", ""buy_1th_pre_req_pre"": ""--1"", ""buy_2th_pre_bid"": ""-235000"", ""buy_2th_pre_req"": ""16763"", ""buy_2th_pre_req_pre"": ""--69"", ""buy_3th_pre_bid"": ""-234500"", ""buy_3th_pre_req"": ""55146"", ""buy_3th_pre_req_pre"": ""0"", ""buy_4th_pre_bid"": ""-234000"", ""buy_4th_pre_req"": ""7579"", ""buy_4th_pre_req_pre"": ""0"", ""buy_5th_pre_bid"": ""-233500"", ""buy_5th_pre_req"": ""5761"", ""buy_5th_pre_req_pre"": ""0"", ""buy_6th_pre_bid"": ""-233000"", ""buy_6th_pre_req"": ""9751"", ""buy_6th_pre_req_pre"": ""0"", ""buy_7th_pre_bid"": ""-232500"", ""buy_7th_pre_req"": ""6171"", ""buy_7th_pre_req_pre"": ""0"", ""buy_8th_pre_bid"": ""-232000"", ""buy_8th_pre_req"": ""8168"", ""buy_8th_pre_req_pre"": ""0"", ""buy_9th_pre_bid"": ""-231500"", ""buy_9th_pre_req"": ""7954"", ""buy_9th_pre_req_pre"": ""0"", ""buy_10th_pre_bid"": ""-231000"", ""buy_10th_pre_req"": ""14761"", ""buy_10th_pre_req_pre"": ""0"", ""tot_sel_req_jub_pre"": ""0"", ""tot_sel_req"": ""21216"", ""tot_buy_req"": ""135224"", ""tot_buy_req_jub_pre"": ""--70"", ""ovt_sel_req_pre"": ""0"", ""ovt_sel_req"": ""0"", ""ovt_buy_req"": ""0"", ""ovt_buy_req_pre"": ""0"", ""return_code"": 0, ""return_msg"": ""정상적으로 처리되었습니다""}"
2026-06-10,scan_candidate,086790,,0,main_scan,118100,,118100,118000,118100,117500,-0.9314140558848433,0.0846740050804403,,,,,,"{""bid_req_base_tm"": ""095248"", ""sel_10th_pre_req_pre"": ""0"", ""sel_10th_pre_req"": ""729"", ""sel_10th_pre_bid"": ""119000"", ""sel_9th_pre_req_pre"": ""0"", ""sel_9th_pre_req"": ""16"", ""sel_9th_pre_bid"": ""-118900"", ""sel_8th_pre_req_pre"": ""0"", ""sel_8th_pre_req"": ""1110"", ""sel_8th_pre_bid"": ""-118800"", ""sel_7th_pre_req_pre"": ""0"", ""sel_7th_pre_req"": ""65"", ""sel_7th_pre_bid"": ""-118700"", ""sel_6th_pre_req_pre"": ""0"", ""sel_6th_pre_req"": ""659"", ""sel_6th_pre_bid"": ""-118600"", ""sel_5th_pre_req_pre"": ""0"", ""sel_5th_pre_req"": ""1021"", ""sel_5th_pre_bid"": ""-118500"", ""sel_4th_pre_req_pre"": ""0"", ""sel_4th_pre_req"": ""615"", ""sel_4th_pre_bid"": ""-118400"", ""sel_3th_pre_req_pre"": ""0"", ""sel_3th_pre_req"": ""47"", ""sel_3th_pre_bid"": ""-118300"", ""sel_2th_pre_req_pre"": ""0"", ""sel_2th_pre_req"": ""305"", ""sel_2th_pre_bid"": ""-118200"", ""sel_1th_pre_req_pre"": ""+49"", ""sel_fpr_req"": ""370"", ""sel_fpr_bid"": ""-118100"", ""buy_fpr_bid"": ""-118000"", ""buy_fpr_req"": ""368"", ""buy_1th_pre_req_pre"": ""0"", ""buy_2th_pre_bid"": ""-117900"", ""buy_2th_pre_req"": ""282"", ""buy_2th_pre_req_pre"": ""0"", ""buy_3th_pre_bid"": ""-117800"", ""buy_3th_pre_req"": ""1453"", ""buy_3th_pre_req_pre"": ""0"", ""buy_4th_pre_bid"": ""-117700"", ""buy_4th_pre_req"": ""120"", ""buy_4th_pre_req_pre"": ""0"", ""buy_5th_pre_bid"": ""-117600"", ""buy_5th_pre_req"": ""99"", ""buy_5th_pre_req_pre"": ""0"", ""buy_6th_pre_bid"": ""-117500"", ""buy_6th_pre_req"": ""690"", ""buy_6th_pre_req_pre"": ""0"", ""buy_7th_pre_bid"": ""-117400"", ""buy_7th_pre_req"": ""141"", ""buy_7th_pre_req_pre"": ""0"", ""buy_8th_pre_bid"": ""-117300"", ""buy_8th_pre_req"": ""125"", ""buy_8th_pre_req_pre"": ""0"", ""buy_9th_pre_bid"": ""-117200"", ""buy_9th_pre_req"": ""174"", ""buy_9th_pre_req_pre"": ""0"", ""buy_10th_pre_bid"": ""-117100"", ""buy_10th_pre_req"": ""129"", ""buy_10th_pre_req_pre"": ""0"", ""tot_sel_req_jub_pre"": ""+49"", ""tot_sel_req"": ""4937"", ""tot_buy_req"": ""3581"", ""tot_buy_req_jub_pre"": ""0"", ""ovt_sel_req_pre"": ""0"", ""ovt_sel_req"": ""0"", ""ovt_buy_req"": ""0"", ""ovt_buy_req_pre"": ""0"", ""return_code"": 0, ""return_msg"": ""정상적으로 처리되었습니다""}"
2026-06-10,scan_candidate,000810,,0,main_scan,610000,,610000,609000,610000,613000,0.32786885245901637,0.16393442622950818,,,,,,"{""bid_req_base_tm"": ""095250"", ""sel_10th_pre_req_pre"": ""0"", ""sel_10th_pre_req"": ""7"", ""sel_10th_pre_bid"": ""-619000"", ""sel_9th_pre_req_pre"": ""0"", ""sel_9th_pre_req"": ""16"", ""sel_9th_pre_bid"": ""-618000"", ""sel_8th_pre_req_pre"": ""0"", ""sel_8th_pre_req"": ""5"", ""sel_8th_pre_bid"": ""-617000"", ""sel_7th_pre_req_pre"": ""0"", ""sel_7th_pre_req"": ""99"", ""sel_7th_pre_bid"": ""-616000"", ""sel_6th_pre_req_pre"": ""0"", ""sel_6th_pre_req"": ""62"", ""sel_6th_pre_bid"": ""-615000"", ""sel_5th_pre_req_pre"": ""0"", ""sel_5th_pre_req"": ""15"", ""sel_5th_pre_bid"": ""-614000"", ""sel_4th_pre_req_pre"": ""0"", ""sel_4th_pre_req"": ""23"", ""sel_4th_pre_bid"": ""-613000"", ""sel_3th_pre_req_pre"": ""0"", ""sel_3th_pre_req"": ""3"", ""sel_3th_pre_bid"": ""-612000"", ""sel_2th_pre_req_pre"": ""0"", ""sel_2th_pre_req"": ""17"", ""sel_2th_pre_bid"": ""-611000"", ""sel_1th_pre_req_pre"": ""--2"", ""sel_fpr_req"": ""324"", ""sel_fpr_bid"": ""-610000"", ""buy_fpr_bid"": ""-609000"", ""buy_fpr_req"": ""551"", ""buy_1th_pre_req_pre"": ""0"", ""buy_2th_pre_bid"": ""-608000"", ""buy_2th_pre_req"": ""19"", ""buy_2th_pre_req_pre"": ""0"", ""buy_3th_pre_bid"": ""-607000"", ""buy_3th_pre_req"": ""30"", ""buy_3th_pre_req_pre"": ""0"", ""buy_4th_pre_bid"": ""-606000"", ""buy_4th_pre_req"": ""15"", ""buy_4th_pre_req_pre"": ""0"", ""buy_5th_pre_bid"": ""-605000"", ""buy_5th_pre_req"": ""60"", ""buy_5th_pre_req_pre"": ""0"", ""buy_6th_pre_bid"": ""-604000"", ""buy_6th_pre_req"": ""27"", ""buy_6th_pre_req_pre"": ""0"", ""buy_7th_pre_bid"": ""-603000"", ""buy_7th_pre_req"": ""58"", ""buy_7th_pre_req_pre"": ""0"", ""buy_8th_pre_bid"": ""-602000"", ""buy_8th_pre_req"": ""17"", ""buy_8th_pre_req_pre"": ""0"", ""buy_9th_pre_bid"": ""-601000"", ""buy_9th_pre_req"": ""57"", ""buy_9th_pre_req_pre"": ""0"", ""buy_10th_pre_bid"": ""-600000"", ""buy_10th_pre_req"": ""389"", ""buy_10th_pre_req_pre"": ""0"", ""tot_sel_req_jub_pre"": ""--2"", ""tot_sel_req"": ""571"", ""tot_buy_req"": ""1223"", ""tot_buy_req_jub_pre"": ""0"", ""ovt_sel_req_pre"": ""0"", ""ovt_sel_req"": ""0"", ""ovt_buy_req"": ""0"", ""ovt_buy_req_pre"": ""0"", ""return_code"": 0, ""return_msg"": ""정상적으로 처리되었습니다""}"
2026-06-10,scan_candidate,011070,,0,main_scan,1066000,,1066000,1065000,1066000,1068000,0.09380863039399624,0.09380863039399624,,,,,,"{""bid_req_base_tm"": ""095251"", ""sel_10th_pre_req_pre"": ""0"", ""sel_10th_pre_req"": ""15"", ""sel_10th_pre_bid"": ""-1075000"", ""sel_9th_pre_req_pre"": ""0"", ""sel_9th_pre_req"": ""10"", ""sel_9th_pre_bid"": ""-1074000"", ""sel_8th_pre_req_pre"": ""0"", ""sel_8th_pre_req"": ""2"", ""sel_8th_pre_bid"": ""-1073000"", ""sel_7th_pre_req_pre"": ""0"", ""sel_7th_pre_req"": ""13"", ""sel_7th_pre_bid"": ""-1072000"", ""sel_6th_pre_req_pre"": ""0"", ""sel_6th_pre_req"": ""7"", ""sel_6th_pre_bid"": ""-1071000"", ""sel_5th_pre_req_pre"": ""0"", ""sel_5th_pre_req"": ""8"", ""sel_5th_pre_bid"": ""-1070000"", ""sel_4th_pre_req_pre"": ""0"", ""sel_4th_pre_req"": ""72"", ""sel_4th_pre_bid"": ""-1069000"", ""sel_3th_pre_req_pre"": ""0"", ""sel_3th_pre_req"": ""147"", ""sel_3th_pre_bid"": ""-1068000"", ""sel_2th_pre_req_pre"": ""0"", ""sel_2th_pre_req"": ""70"", ""sel_2th_pre_bid"": ""-1067000"", ""sel_1th_pre_req_pre"": ""+2"", ""sel_fpr_req"": ""17"", ""sel_fpr_bid"": ""-1066000"", ""buy_fpr_bid"": ""-1065000"", ""buy_fpr_req"": ""42"", ""buy_1th_pre_req_pre"": ""0"", ""buy_2th_pre_bid"": ""-1064000"", ""buy_2th_pre_req"": ""26"", ""buy_2th_pre_req_pre"": ""0"", ""buy_3th_pre_bid"": ""-1063000"", ""buy_3th_pre_req"": ""163"", ""buy_3th_pre_req_pre"": ""0"", ""buy_4th_pre_bid"": ""-1062000"", ""buy_4th_pre_req"": ""426"", ""buy_4th_pre_req_pre"": ""0"", ""buy_5th_pre_bid"": ""-1061000"", ""buy_5th_pre_req"": ""219"", ""buy_5th_pre_req_pre"": ""0"", ""buy_6th_pre_bid"": ""-1060000"", ""buy_6th_pre_req"": ""719"", ""buy_6th_pre_req_pre"": ""0"", ""buy_7th_pre_bid"": ""-1059000"", ""buy_7th_pre_req"": ""35"", ""buy_7th_pre_req_pre"": ""0"", ""buy_8th_pre_bid"": ""-1058000"", ""buy_8th_pre_req"": ""32"", ""buy_8th_pre_req_pre"": ""0"", ""buy_9th_pre_bid"": ""-1057000"", ""buy_9th_pre_req"": ""130"", ""buy_9th_pre_req_pre"": ""0"", ""buy_10th_pre_bid"": ""-1056000"", ""buy_10th_pre_req"": ""48"", ""buy_10th_pre_req_pre"": ""0"", ""tot_sel_req_jub_pre"": ""+2"", ""tot_sel_req"": ""361"", ""tot_buy_req"": ""1840"", ""tot_buy_req_jub_pre"": ""0"", ""ovt_sel_req_pre"": ""0"", ""ovt_sel_req"": ""0"", ""ovt_buy_req"": ""0"", ""ovt_buy_req_pre"": ""0"", ""return_code"": 0, ""return_msg"": ""정상적으로 처리되었습니다""}"
2026-06-10,scan_candidate,042700,,0,main_scan,285000,,285000,284500,285000,285000,-0.17543859649122806,0.17543859649122806,,,,,,"{""bid_req_base_tm"": ""095251"", ""sel_10th_pre_req_pre"": ""0"", ""sel_10th_pre_req"": ""54"", ""sel_10th_pre_bid"": ""+289500"", ""sel_9th_pre_req_pre"": ""0"", ""sel_9th_pre_req"": ""174"", ""sel_9th_pre_bid"": ""+289000"", ""sel_8th_pre_req_pre"": ""0"", ""sel_8th_pre_req"": ""292"", ""sel_8th_pre_bid"": ""+288500"", ""sel_7th_pre_req_pre"": ""0"", ""sel_7th_pre_req"": ""163"", ""sel_7th_pre_bid"": ""+288000"", ""sel_6th_pre_req_pre"": ""0"", ""sel_6th_pre_req"": ""381"", ""sel_6th_pre_bid"": ""+287500"", ""sel_5th_pre_req_pre"": ""0"", ""sel_5th_pre_req"": ""63"", ""sel_5th_pre_bid"": ""+287000"", ""sel_4th_pre_req_pre"": ""0"", ""sel_4th_pre_req"": ""108"", ""sel_4th_pre_bid"": ""+286500"", ""sel_3th_pre_req_pre"": ""0"", ""sel_3th_pre_req"": ""88"", ""sel_3th_pre_bid"": ""+286000"", ""sel_2th_pre_req_pre"": ""0"", ""sel_2th_pre_req"": ""1265"", ""sel_2th_pre_bid"": ""+285500"", ""sel_1th_pre_req_pre"": ""0"", ""sel_fpr_req"": ""145"", ""sel_fpr_bid"": ""+285000"", ""buy_fpr_bid"": ""+284500"", ""buy_fpr_req"": ""276"", ""buy_1th_pre_req_pre"": ""0"", ""buy_2th_pre_bid"": ""+284000"", ""buy_2th_pre_req"": ""244"", ""buy_2th_pre_req_pre"": ""0"", ""buy_3th_pre_bid"": ""+283500"", ""buy_3th_pre_req"": ""394"", ""buy_3th_pre_req_pre"": ""0"", ""buy_4th_pre_bid"": ""+283000"", ""buy_4th_pre_req"": ""142"", ""buy_4th_pre_req_pre"": ""0"", ""buy_5th_pre_bid"": ""+282500"", ""buy_5th_pre_req"": ""282"", ""buy_5th_pre_req_pre"": ""0"", ""buy_6th_pre_bid"": ""+282000"", ""buy_6th_pre_req"": ""276"", ""buy_6th_pre_req_pre"": ""0"", ""buy_7th_pre_bid"": ""+281500"", ""buy_7th_pre_req"": ""294"", ""buy_7th_pre_req_pre"": ""0"", ""buy_8th_pre_bid"": ""+281000"", ""buy_8th_pre_req"": ""332"", ""buy_8th_pre_req_pre"": ""0"", ""buy_9th_pre_bid"": ""+280500"", ""buy_9th_pre_req"": ""529"", ""buy_9th_pre_req_pre"": ""0"", ""buy_10th_pre_bid"": ""+280000"", ""buy_10th_pre_req"": ""1423"", ""buy_10th_pre_req_pre"": ""0"", ""tot_sel_req_jub_pre"": ""0"", ""tot_sel_req"": ""2733"", ""tot_buy_req"": ""4192"", ""tot_buy_req_jub_pre"": ""0"", ""ovt_sel_req_pre"": ""0"", ""ovt_sel_req"": ""0"", ""ovt_buy_req"": ""0"", ""ovt_buy_req_pre"": ""0"", ""return_code"": 0, ""return_msg"": ""정상적으로 처리되었습니다""}"
2026-06-10,scan_candidate,017670,,0,main_scan,106300,,106300,106200,106300,106500,-0.28222013170272814,0.09407337723424271,,,,,,"{""bid_req_base_tm"": ""095251"", ""sel_10th_pre_req_pre"": ""0"", ""sel_10th_pre_req"": ""427"", ""sel_10th_pre_bid"": ""-107300"", ""sel_9th_pre_req_pre"": ""0"", ""sel_9th_pre_req"": ""236"", ""sel_9th_pre_bid"": ""-107200"", ""sel_8th_pre_req_pre"": ""0"", ""sel_8th_pre_req"": ""211"", ""sel_8th_pre_bid"": ""-107100"", ""sel_7th_pre_req_pre"": ""0"", ""sel_7th_pre_req"": ""119"", ""sel_7th_pre_bid"": ""-107000"", ""sel_6th_pre_req_pre"": ""0"", ""sel_6th_pre_req"": ""9"", ""sel_6th_pre_bid"": ""-106900"", ""sel_5th_pre_req_pre"": ""0"", ""sel_5th_pre_req"": ""7"", ""sel_5th_pre_bid"": ""-106800"", ""sel_4th_pre_req_pre"": ""0"", ""sel_4th_pre_req"": ""140"", ""sel_4th_pre_bid"": ""-106700"", ""sel_3th_pre_req_pre"": ""0"", ""sel_3th_pre_req"": ""572"", ""sel_3th_pre_bid"": ""-106600"", ""sel_2th_pre_req_pre"": ""0"", ""sel_2th_pre_req"": ""217"", ""sel_2th_pre_bid"": ""-106500"", ""sel_1th_pre_req_pre"": ""--1"", ""sel_fpr_req"": ""216"", ""sel_fpr_bid"": ""-106300"", ""buy_fpr_bid"": ""-106200"", ""buy_fpr_req"": ""617"", ""buy_1th_pre_req_pre"": ""0"", ""buy_2th_pre_bid"": ""-106100"", ""buy_2th_pre_req"": ""1050"", ""buy_2th_pre_req_pre"": ""0"", ""buy_3th_pre_bid"": ""-106000"", ""buy_3th_pre_req"": ""2489"", ""buy_3th_pre_req_pre"": ""0"", ""buy_4th_pre_bid"": ""-105900"", ""buy_4th_pre_req"": ""774"", ""buy_4th_pre_req_pre"": ""0"", ""buy_5th_pre_bid"": ""-105800"", ""buy_5th_pre_req"": ""711"", ""buy_5th_pre_req_pre"": ""0"", ""buy_6th_pre_bid"": ""-105700"", ""buy_6th_pre_req"": ""549"", ""buy_6th_pre_req_pre"": ""0"", ""buy_7th_pre_bid"": ""-105600"", ""buy_7th_pre_req"": ""1287"", ""buy_7th_pre_req_pre"": ""0"", ""buy_8th_pre_bid"": ""-105500"", ""buy_8th_pre_req"": ""2213"", ""buy_8th_pre_req_pre"": ""0"", ""buy_9th_pre_bid"": ""-105400"", ""buy_9th_pre_req"": ""203"", ""buy_9th_pre_req_pre"": ""0"", ""buy_10th_pre_bid"": ""-105300"", ""buy_10th_pre_req"": ""291"", ""buy_10th_pre_req_pre"": ""0"", ""tot_sel_req_jub_pre"": ""--1"", ""tot_sel_req"": ""2154"", ""tot_buy_req"": ""10184"", ""tot_buy_req_jub_pre"": ""0"", ""ovt_sel_req_pre"": ""0"", ""ovt_sel_req"": ""0"", ""ovt_buy_req"": ""0"", ""ovt_buy_req_pre"": ""0"", ""return_code"": 0, ""return_msg"": ""정상적으로 처리되었습니다""}"
2026-06-10,scan_candidate,018260,,0,main_scan,233500,,233500,233000,233500,235000,0.4282655246252677,0.21413276231263384,,,,,,"{""bid_req_base_tm"": ""095251"", ""sel_10th_pre_req_pre"": ""0"", ""sel_10th_pre_req"": ""171"", ""sel_10th_pre_bid"": ""-238000"", ""sel_9th_pre_req_pre"": ""0"", ""sel_9th_pre_req"": ""70"", ""sel_9th_pre_bid"": ""-237500"", ""sel_8th_pre_req_pre"": ""0"", ""sel_8th_pre_req"": ""48"", ""sel_8th_pre_bid"": ""-237000"", ""sel_7th_pre_req_pre"": ""0"", ""sel_7th_pre_req"": ""207"", ""sel_7th_pre_bid"": ""-236500"", ""sel_6th_pre_req_pre"": ""0"", ""sel_6th_pre_req"": ""101"", ""sel_6th_pre_bid"": ""-236000"", ""sel_5th_pre_req_pre"": ""0"", ""sel_5th_pre_req"": ""27"", ""sel_5th_pre_bid"": ""-235500"", ""sel_4th_pre_req_pre"": ""0"", ""sel_4th_pre_req"": ""49"", ""sel_4th_pre_bid"": ""-235000"", ""sel_3th_pre_req_pre"": ""0"", ""sel_3th_pre_req"": ""233"", ""sel_3th_pre_bid"": ""-234500"", ""sel_2th_pre_req_pre"": ""0"", ""sel_2th_pre_req"": ""119"", ""sel_2th_pre_bid"": ""-234000"", ""sel_1th_pre_req_pre"": ""0"", ""sel_fpr_req"": ""33"", ""sel_fpr_bid"": ""-233500"", ""buy_fpr_bid"": ""-233000"", ""buy_fpr_req"": ""75"", ""buy_1th_pre_req_pre"": ""0"", ""buy_2th_pre_bid"": ""-232500"", ""buy_2th_pre_req"": ""283"", ""buy_2th_pre_req_pre"": ""0"", ""buy_3th_pre_bid"": ""-232000"", ""buy_3th_pre_req"": ""718"", ""buy_3th_pre_req_pre"": ""0"", ""buy_4th_pre_bid"": ""-231500"", ""buy_4th_pre_req"": ""1314"", ""buy_4th_pre_req_pre"": ""0"", ""buy_5th_pre_bid"": ""-231000"", ""buy_5th_pre_req"": ""2018"", ""buy_5th_pre_req_pre"": ""0"", ""buy_6th_pre_bid"": ""-230500"", ""buy_6th_pre_req"": ""1537"", ""buy_6th_pre_req_pre"": ""0"", ""buy_7th_pre_bid"": ""-230000"", ""buy_7th_pre_req"": ""3180"", ""buy_7th_pre_req_pre"": ""0"", ""buy_8th_pre_bid"": ""-229500"", ""buy_8th_pre_req"": ""500"", ""buy_8th_pre_req_pre"": ""0"", ""buy_9th_pre_bid"": ""-229000"", ""buy_9th_pre_req"": ""1302"", ""buy_9th_pre_req_pre"": ""+1"", ""buy_10th_pre_bid"": ""-228500"", ""buy_10th_pre_req"": ""416"", ""buy_10th_pre_req_pre"": ""0"", ""tot_sel_req_jub_pre"": ""0"", ""tot_sel_req"": ""1058"", ""tot_buy_req"": ""11343"", ""tot_buy_req_jub_pre"": ""+1"", ""ovt_sel_req_pre"": ""0"", ""ovt_sel_req"": ""0"", ""ovt_buy_req"": ""0"", ""ovt_buy_req_pre"": ""0"", ""return_code"": 0, ""return_msg"": ""정상적으로 처리되었습니다""}"
2026-06-10,scan_candidate,033780,,0,main_scan,185200,,185200,185100,185200,184500,-0.6479481641468683,0.05399568034557236,,,,,,"{""bid_req_base_tm"": ""095251"", ""sel_10th_pre_req_pre"": ""0"", ""sel_10th_pre_req"": ""156"", ""sel_10th_pre_bid"": ""+186100"", ""sel_9th_pre_req_pre"": ""0"", ""sel_9th_pre_req"": ""817"", ""sel_9th_pre_bid"": ""+186000"", ""sel_8th_pre_req_pre"": ""0"", ""sel_8th_pre_req"": ""449"", ""sel_8th_pre_bid"": ""+185900"", ""sel_7th_pre_req_pre"": ""0"", ""sel_7th_pre_req"": ""184"", ""sel_7th_pre_bid"": ""+185800"", ""sel_6th_pre_req_pre"": ""0"", ""sel_6th_pre_req"": ""211"", ""sel_6th_pre_bid"": ""+185700"", ""sel_5th_pre_req_pre"": ""0"", ""sel_5th_pre_req"": ""339"", ""sel_5th_pre_bid"": ""+185600"", ""sel_4th_pre_req_pre"": ""0"", ""sel_4th_pre_req"": ""680"", ""sel_4th_pre_bid"": ""+185500"", ""sel_3th_pre_req_pre"": ""0"", ""sel_3th_pre_req"": ""668"", ""sel_3th_pre_bid"": ""+185400"", ""sel_2th_pre_req_pre"": ""+1"", ""sel_2th_pre_req"": ""512"", ""sel_2th_pre_bid"": ""+185300"", ""sel_1th_pre_req_pre"": ""0"", ""sel_fpr_req"": ""106"", ""sel_fpr_bid"": ""+185200"", ""buy_fpr_bid"": ""+185100"", ""buy_fpr_req"": ""789"", ""buy_1th_pre_req_pre"": ""0"", ""buy_2th_pre_bid"": ""+185000"", ""buy_2th_pre_req"": ""92"", ""buy_2th_pre_req_pre"": ""0"", ""buy_3th_pre_bid"": ""+184900"", ""buy_3th_pre_req"": ""35"", ""buy_3th_pre_req_pre"": ""0"", ""buy_4th_pre_bid"": ""+184800"", ""buy_4th_pre_req"": ""218"", ""buy_4th_pre_req_pre"": ""0"", ""buy_5th_pre_bid"": ""+184700"", ""buy_5th_pre_req"": ""81"", ""buy_5th_pre_req_pre"": ""0"", ""buy_6th_pre_bid"": ""+184600"", ""buy_6th_pre_req"": ""10"", ""buy_6th_pre_req_pre"": ""0"", ""buy_7th_pre_bid"": ""+184500"", ""buy_7th_pre_req"": ""167"", ""buy_7th_pre_req_pre"": ""0"", ""buy_8th_pre_bid"": ""+184400"", ""buy_8th_pre_req"": ""78"", ""buy_8th_pre_req_pre"": ""0"", ""buy_9th_pre_bid"": ""184300"", ""buy_9th_pre_req"": ""546"", ""buy_9th_pre_req_pre"": ""0"", ""buy_10th_pre_bid"": ""-184200"", ""buy_10th_pre_req"": ""206"", ""buy_10th_pre_req_pre"": ""0"", ""tot_sel_req_jub_pre"": ""+1"", ""tot_sel_req"": ""4122"", ""tot_buy_req"": ""2222"", ""tot_buy_req_jub_pre"": ""0"", ""ovt_sel_req_pre"": ""0"", ""ovt_sel_req"": ""0"", ""ovt_buy_req"": ""0"", ""ovt_buy_req_pre"": ""0"", ""return_code"": 0, ""return_msg"": ""정상적으로 처리되었습니다""}"
2026-06-10,scan_candidate,307950,,0,main_scan,705000,,705000,704000,705000,706000,0.0,0.14184397163120568,,,,,,"{""bid_req_base_tm"": ""095252"", ""sel_10th_pre_req_pre"": ""0"", ""sel_10th_pre_req"": ""18"", ""sel_10th_pre_bid"": ""+714000"", ""sel_9th_pre_req_pre"": ""0"", ""sel_9th_pre_req"": ""54"", ""sel_9th_pre_bid"": ""+713000"", ""sel_8th_pre_req_pre"": ""0"", ""sel_8th_pre_req"": ""8"", ""sel_8th_pre_bid"": ""+712000"", ""sel_7th_pre_req_pre"": ""0"", ""sel_7th_pre_req"": ""16"", ""sel_7th_pre_bid"": ""+711000"", ""sel_6th_pre_req_pre"": ""0"", ""sel_6th_pre_req"": ""74"", ""sel_6th_pre_bid"": ""+710000"", ""sel_5th_pre_req_pre"": ""0"", ""sel_5th_pre_req"": ""105"", ""sel_5th_pre_bid"": ""+709000"", ""sel_4th_pre_req_pre"": ""0"", ""sel_4th_pre_req"": ""108"", ""sel_4th_pre_bid"": ""+708000"", ""sel_3th_pre_req_pre"": ""0"", ""sel_3th_pre_req"": ""33"", ""sel_3th_pre_bid"": ""+707000"", ""sel_2th_pre_req_pre"": ""0"", ""sel_2th_pre_req"": ""127"", ""sel_2th_pre_bid"": ""+706000"", ""sel_1th_pre_req_pre"": ""0"", ""sel_fpr_req"": ""99"", ""sel_fpr_bid"": ""+705000"", ""buy_fpr_bid"": ""+704000"", ""buy_fpr_req"": ""67"", ""buy_1th_pre_req_pre"": ""0"", ""buy_2th_pre_bid"": ""+703000"", ""buy_2th_pre_req"": ""59"", ""buy_2th_pre_req_pre"": ""0"", ""buy_3th_pre_bid"": ""+702000"", ""buy_3th_pre_req"": ""43"", ""buy_3th_pre_req_pre"": ""--4"", ""buy_4th_pre_bid"": ""+701000"", ""buy_4th_pre_req"": ""70"", ""buy_4th_pre_req_pre"": ""0"", ""buy_5th_pre_bid"": ""+700000"", ""buy_5th_pre_req"": ""204"", ""buy_5th_pre_req_pre"": ""0"", ""buy_6th_pre_bid"": ""+699000"", ""buy_6th_pre_req"": ""132"", ""buy_6th_pre_req_pre"": ""0"", ""buy_7th_pre_bid"": ""+698000"", ""buy_7th_pre_req"": ""106"", ""buy_7th_pre_req_pre"": ""0"", ""buy_8th_pre_bid"": ""+697000"", ""buy_8th_pre_req"": ""147"", ""buy_8th_pre_req_pre"": ""0"", ""buy_9th_pre_bid"": ""+696000"", ""buy_9th_pre_req"": ""224"", ""buy_9th_pre_req_pre"": ""0"", ""buy_10th_pre_bid"": ""+695000"", ""buy_10th_pre_req"": ""187"", ""buy_10th_pre_req_pre"": ""0"", ""tot_sel_req_jub_pre"": ""0"", ""tot_sel_req"": ""642"", ""tot_buy_req"": ""1239"", ""tot_buy_req_jub_pre"": ""--4"", ""ovt_sel_req_pre"": ""0"", ""ovt_sel_req"": ""0"", ""ovt_buy_req"": ""0"", ""ovt_buy_req_pre"": ""0"", ""return_code"": 0, ""return_msg"": ""정상적으로 처리되었습니다""}"
2026-06-10,scan_candidate,138040,,0,main_scan,108700,,108700,108600,108700,109000,-0.18399264029438822,0.09199632014719411,,,,,,"{""bid_req_base_tm"": ""095252"", ""sel_10th_pre_req_pre"": ""0"", ""sel_10th_pre_req"": ""201"", ""sel_10th_pre_bid"": ""+109700"", ""sel_9th_pre_req_pre"": ""0"", ""sel_9th_pre_req"": ""259"", ""sel_9th_pre_bid"": ""+109600"", ""sel_8th_pre_req_pre"": ""0"", ""sel_8th_pre_req"": ""105"", ""sel_8th_pre_bid"": ""+109500"", ""sel_7th_pre_req_pre"": ""0"", ""sel_7th_pre_req"": ""26"", ""sel_7th_pre_bid"": ""+109400"", ""sel_6th_pre_req_pre"": ""0"", ""sel_6th_pre_req"": ""201"", ""sel_6th_pre_bid"": ""+109300"", ""sel_5th_pre_req_pre"": ""0"", ""sel_5th_pre_req"": ""72"", ""sel_5th_pre_bid"": ""+109200"", ""sel_4th_pre_req_pre"": ""0"", ""sel_4th_pre_req"": ""26"", ""sel_4th_pre_bid"": ""109100"", ""sel_3th_pre_req_pre"": ""0"", ""sel_3th_pre_req"": ""616"", ""sel_3th_pre_bid"": ""-109000"", ""sel_2th_pre_req_pre"": ""0"", ""sel_2th_pre_req"": ""632"", ""sel_2th_pre_bid"": ""-108900"", ""sel_1th_pre_req_pre"": ""--5"", ""sel_fpr_req"": ""471"", ""sel_fpr_bid"": ""-108700"", ""buy_fpr_bid"": ""-108600"", ""buy_fpr_req"": ""491"", ""buy_1th_pre_req_pre"": ""+5"", ""buy_2th_pre_bid"": ""-108500"", ""buy_2th_pre_req"": ""473"", ""buy_2th_pre_req_pre"": ""0"", ""buy_3th_pre_bid"": ""-108400"", ""buy_3th_pre_req"": ""2152"", ""buy_3th_pre_req_pre"": ""--5"", ""buy_4th_pre_bid"": ""-108300"", ""buy_4th_pre_req"": ""1"", ""buy_4th_pre_req_pre"": ""0"", ""buy_5th_pre_bid"": ""-108000"", ""buy_5th_pre_req"": ""66"", ""buy_5th_pre_req_pre"": ""0"", ""buy_6th_pre_bid"": ""-107900"", ""buy_6th_pre_req"": ""762"", ""buy_6th_pre_req_pre"": ""0"", ""buy_7th_pre_bid"": ""-107800"", ""buy_7th_pre_req"": ""604"", ""buy_7th_pre_req_pre"": ""0"", ""buy_8th_pre_bid"": ""-107700"", ""buy_8th_pre_req"": ""134"", ""buy_8th_pre_req_pre"": ""0"", ""buy_9th_pre_bid"": ""-107600"", ""buy_9th_pre_req"": ""36"", ""buy_9th_pre_req_pre"": ""0"", ""buy_10th_pre_bid"": ""-107500"", ""buy_10th_pre_req"": ""755"", ""buy_10th_pre_req_pre"": ""0"", ""tot_sel_req_jub_pre"": ""--5"", ""tot_sel_req"": ""2609"", ""tot_buy_req"": ""5474"", ""tot_buy_req_jub_pre"": ""0"", ""ovt_sel_req_pre"": ""0"", ""ovt_sel_req"": ""0"", ""ovt_buy_req"": ""0"", ""ovt_buy_req_pre"": ""0"", ""return_code"": 0, ""return_msg"": ""정상적으로 처리되었습니다""}"
2026-06-10,scan_candidate,003550,,0,main_scan,108400,,108400,108300,108400,108500,-0.36900369003690037,0.09225092250922509,,,,,,"{""bid_req_base_tm"": ""095252"", ""sel_10th_pre_req_pre"": ""0"", ""sel_10th_pre_req"": ""116"", ""sel_10th_pre_bid"": ""-109500"", ""sel_9th_pre_req_pre"": ""0"", ""sel_9th_pre_req"": ""159"", ""sel_9th_pre_bid"": ""-109400"", ""sel_8th_pre_req_pre"": ""0"", ""sel_8th_pre_req"": ""321"", ""sel_8th_pre_bid"": ""-109300"", ""sel_7th_pre_req_pre"": ""0"", ""sel_7th_pre_req"": ""62"", ""sel_7th_pre_bid"": ""-109100"", ""sel_6th_pre_req_pre"": ""0"", ""sel_6th_pre_req"": ""24"", ""sel_6th_pre_bid"": ""-109000"", ""sel_5th_pre_req_pre"": ""0"", ""sel_5th_pre_req"": ""18"", ""sel_5th_pre_bid"": ""-108900"", ""sel_4th_pre_req_pre"": ""0"", ""sel_4th_pre_req"": ""86"", ""sel_4th_pre_bid"": ""-108800"", ""sel_3th_pre_req_pre"": ""0"", ""sel_3th_pre_req"": ""55"", ""sel_3th_pre_bid"": ""-108700"", ""sel_2th_pre_req_pre"": ""--26"", ""sel_2th_pre_req"": ""215"", ""sel_2th_pre_bid"": ""-108500"", ""sel_1th_pre_req_pre"": ""+33"", ""sel_fpr_req"": ""328"", ""sel_fpr_bid"": ""-108400"", ""buy_fpr_bid"": ""-108300"", ""buy_fpr_req"": ""2259"", ""buy_1th_pre_req_pre"": ""0"", ""buy_2th_pre_bid"": ""-108200"", ""buy_2th_pre_req"": ""68"", ""buy_2th_pre_req_pre"": ""0"", ""buy_3th_pre_bid"": ""-108100"", ""buy_3th_pre_req"": ""49"", ""buy_3th_pre_req_pre"": ""0"", ""buy_4th_pre_bid"": ""-108000"", ""buy_4th_pre_req"": ""77"", ""buy_4th_pre_req_pre"": ""0"", ""buy_5th_pre_bid"": ""-107900"", ""buy_5th_pre_req"": ""51"", ""buy_5th_pre_req_pre"": ""0"", ""buy_6th_pre_bid"": ""-107800"", ""buy_6th_pre_req"": ""69"", ""buy_6th_pre_req_pre"": ""0"", ""buy_7th_pre_bid"": ""-107700"", ""buy_7th_pre_req"": ""189"", ""buy_7th_pre_req_pre"": ""0"", ""buy_8th_pre_bid"": ""-107600"", ""buy_8th_pre_req"": ""30"", ""buy_8th_pre_req_pre"": ""0"", ""buy_9th_pre_bid"": ""-107500"", ""buy_9th_pre_req"": ""225"", ""buy_9th_pre_req_pre"": ""0"", ""buy_10th_pre_bid"": ""-107400"", ""buy_10th_pre_req"": ""128"", ""buy_10th_pre_req_pre"": ""0"", ""tot_sel_req_jub_pre"": ""+7"", ""tot_sel_req"": ""1384"", ""tot_buy_req"": ""3145"", ""tot_buy_req_jub_pre"": ""0"", ""ovt_sel_req_pre"": ""0"", ""ovt_sel_req"": ""0"", ""ovt_buy_req"": ""0"", ""ovt_buy_req_pre"": ""0"", ""return_code"": 0, ""return_msg"": ""정상적으로 처리되었습니다""}"
2026-06-10,scan_candidate,024110,,0,main_scan,20950,,20950,20900,20950,20700,-1.431980906921241,0.23866348448687352,,,,,,"{""bid_req_base_tm"": ""095249"", ""sel_10th_pre_req_pre"": ""0"", ""sel_10th_pre_req"": ""10979"", ""sel_10th_pre_bid"": ""+21400"", ""sel_9th_pre_req_pre"": ""0"", ""sel_9th_pre_req"": ""2823"", ""sel_9th_pre_bid"": ""+21350"", ""sel_8th_pre_req_pre"": ""0"", ""sel_8th_pre_req"": ""7892"", ""sel_8th_pre_bid"": ""+21300"", ""sel_7th_pre_req_pre"": ""0"", ""sel_7th_pre_req"": ""6794"", ""sel_7th_pre_bid"": ""+21250"", ""sel_6th_pre_req_pre"": ""0"", ""sel_6th_pre_req"": ""10932"", ""sel_6th_pre_bid"": ""+21200"", ""sel_5th_pre_req_pre"": ""0"", ""sel_5th_pre_req"": ""6512"", ""sel_5th_pre_bid"": ""+21150"", ""sel_4th_pre_req_pre"": ""0"", ""sel_4th_pre_req"": ""12629"", ""sel_4th_pre_bid"": ""+21100"", ""sel_3th_pre_req_pre"": ""0"", ""sel_3th_pre_req"": ""8961"", ""sel_3th_pre_bid"": ""+21050"", ""sel_2th_pre_req_pre"": ""0"", ""sel_2th_pre_req"": ""18434"", ""sel_2th_pre_bid"": ""+21000"", ""sel_1th_pre_req_pre"": ""0"", ""sel_fpr_req"": ""13427"", ""sel_fpr_bid"": ""+20950"", ""buy_fpr_bid"": ""+20900"", ""buy_fpr_req"": ""1322"", ""buy_1th_pre_req_pre"": ""--2"", ""buy_2th_pre_bid"": ""+20850"", ""buy_2th_pre_req"": ""253"", ""buy_2th_pre_req_pre"": ""0"", ""buy_3th_pre_bid"": ""+20800"", ""buy_3th_pre_req"": ""1991"", ""buy_3th_pre_req_pre"": ""0"", ""buy_4th_pre_bid"": ""+20750"", ""buy_4th_pre_req"": ""3750"", ""buy_4th_pre_req_pre"": ""0"", ""buy_5th_pre_bid"": ""+20700"", ""buy_5th_pre_req"": ""1007"", ""buy_5th_pre_req_pre"": ""0"", ""buy_6th_pre_bid"": ""+20650"", ""buy_6th_pre_req"": ""631"", ""buy_6th_pre_req_pre"": ""0"", ""buy_7th_pre_bid"": ""+20600"", ""buy_7th_pre_req"": ""1806"", ""buy_7th_pre_req_pre"": ""0"", ""buy_8th_pre_bid"": ""20550"", ""buy_8th_pre_req"": ""1671"", ""buy_8th_pre_req_pre"": ""0"", ""buy_9th_pre_bid"": ""-20500"", ""buy_9th_pre_req"": ""2472"", ""buy_9th_pre_req_pre"": ""0"", ""buy_10th_pre_bid"": ""-20450"", ""buy_10th_pre_req"": ""2245"", ""buy_10th_pre_req_pre"": ""0"", ""tot_sel_req_jub_pre"": ""0"", ""tot_sel_req"": ""99383"", ""tot_buy_req"": ""17148"", ""tot_buy_req_jub_pre"": ""--2"", ""ovt_sel_req_pre"": ""0"", ""ovt_sel_req"": ""0"", ""ovt_buy_req"": ""0"", ""ovt_buy_req_pre"": ""0"", ""return_code"": 0, ""return_msg"": ""정상적으로 처리되었습니다""}"
2026-06-10,scan_candidate,079550,,0,main_scan,778000,,778000,777000,778000,781000,0.2570694087403599,0.12853470437017994,,,,,,"{""bid_req_base_tm"": ""095252"", ""sel_10th_pre_req_pre"": ""0"", ""sel_10th_pre_req"": ""59"", ""sel_10th_pre_bid"": ""+787000"", ""sel_9th_pre_req_pre"": ""0"", ""sel_9th_pre_req"": ""22"", ""sel_9th_pre_bid"": ""+786000"", ""sel_8th_pre_req_pre"": ""0"", ""sel_8th_pre_req"": ""46"", ""sel_8th_pre_bid"": ""+785000"", ""sel_7th_pre_req_pre"": ""0"", ""sel_7th_pre_req"": ""2"", ""sel_7th_pre_bid"": ""+784000"", ""sel_6th_pre_req_pre"": ""0"", ""sel_6th_pre_req"": ""14"", ""sel_6th_pre_bid"": ""+783000"", ""sel_5th_pre_req_pre"": ""0"", ""sel_5th_pre_req"": ""20"", ""sel_5th_pre_bid"": ""+782000"", ""sel_4th_pre_req_pre"": ""--7"", ""sel_4th_pre_req"": ""42"", ""sel_4th_pre_bid"": ""+781000"", ""sel_3th_pre_req_pre"": ""0"", ""sel_3th_pre_req"": ""125"", ""sel_3th_pre_bid"": ""+780000"", ""sel_2th_pre_req_pre"": ""0"", ""sel_2th_pre_req"": ""20"", ""sel_2th_pre_bid"": ""+779000"", ""sel_1th_pre_req_pre"": ""0"", ""sel_fpr_req"": ""48"", ""sel_fpr_bid"": ""+778000"", ""buy_fpr_bid"": ""+777000"", ""buy_fpr_req"": ""67"", ""buy_1th_pre_req_pre"": ""0"", ""buy_2th_pre_bid"": ""+776000"", ""buy_2th_pre_req"": ""20"", ""buy_2th_pre_req_pre"": ""0"", ""buy_3th_pre_bid"": ""+775000"", ""buy_3th_pre_req"": ""313"", ""buy_3th_pre_req_pre"": ""0"", ""buy_4th_pre_bid"": ""+774000"", ""buy_4th_pre_req"": ""263"", ""buy_4th_pre_req_pre"": ""0"", ""buy_5th_pre_bid"": ""+773000"", ""buy_5th_pre_req"": ""95"", ""buy_5th_pre_req_pre"": ""0"", ""buy_6th_pre_bid"": ""+772000"", ""buy_6th_pre_req"": ""59"", ""buy_6th_pre_req_pre"": ""0"", ""buy_7th_pre_bid"": ""+771000"", ""buy_7th_pre_req"": ""41"", ""buy_7th_pre_req_pre"": ""0"", ""buy_8th_pre_bid"": ""+770000"", ""buy_8th_pre_req"": ""146"", ""buy_8th_pre_req_pre"": ""0"", ""buy_9th_pre_bid"": ""+769000"", ""buy_9th_pre_req"": ""8"", ""buy_9th_pre_req_pre"": ""0"", ""buy_10th_pre_bid"": ""+768000"", ""buy_10th_pre_req"": ""3"", ""buy_10th_pre_req_pre"": ""0"", ""tot_sel_req_jub_pre"": ""--7"", ""tot_sel_req"": ""398"", ""tot_buy_req"": ""1015"", ""tot_buy_req_jub_pre"": ""0"", ""ovt_sel_req_pre"": ""0"", ""ovt_sel_req"": ""0"", ""ovt_buy_req"": ""0"", ""ovt_buy_req_pre"": ""0"", ""return_code"": 0, ""return_msg"": ""정상적으로 처리되었습니다""}"
2026-06-10,scan_candidate,278470,,0,main_scan,415000,,415000,414500,415000,413500,-0.48192771084337355,0.12048192771084339,,,,,,"{""bid_req_base_tm"": ""095252"", ""sel_10th_pre_req_pre"": ""0"", ""sel_10th_pre_req"": ""677"", ""sel_10th_pre_bid"": ""+419500"", ""sel_9th_pre_req_pre"": ""0"", ""sel_9th_pre_req"": ""316"", ""sel_9th_pre_bid"": ""+419000"", ""sel_8th_pre_req_pre"": ""0"", ""sel_8th_pre_req"": ""91"", ""sel_8th_pre_bid"": ""+418500"", ""sel_7th_pre_req_pre"": ""0"", ""sel_7th_pre_req"": ""352"", ""sel_7th_pre_bid"": ""+418000"", ""sel_6th_pre_req_pre"": ""0"", ""sel_6th_pre_req"": ""351"", ""sel_6th_pre_bid"": ""+417500"", ""sel_5th_pre_req_pre"": ""0"", ""sel_5th_pre_req"": ""914"", ""sel_5th_pre_bid"": ""+417000"", ""sel_4th_pre_req_pre"": ""0"", ""sel_4th_pre_req"": ""127"", ""sel_4th_pre_bid"": ""+416500"", ""sel_3th_pre_req_pre"": ""0"", ""sel_3th_pre_req"": ""91"", ""sel_3th_pre_bid"": ""+416000"", ""sel_2th_pre_req_pre"": ""0"", ""sel_2th_pre_req"": ""149"", ""sel_2th_pre_bid"": ""+415500"", ""sel_1th_pre_req_pre"": ""0"", ""sel_fpr_req"": ""183"", ""sel_fpr_bid"": ""+415000"", ""buy_fpr_bid"": ""+414500"", ""buy_fpr_req"": ""146"", ""buy_1th_pre_req_pre"": ""0"", ""buy_2th_pre_bid"": ""+414000"", ""buy_2th_pre_req"": ""34"", ""buy_2th_pre_req_pre"": ""0"", ""buy_3th_pre_bid"": ""+413500"", ""buy_3th_pre_req"": ""110"", ""buy_3th_pre_req_pre"": ""0"", ""buy_4th_pre_bid"": ""+413000"", ""buy_4th_pre_req"": ""13"", ""buy_4th_pre_req_pre"": ""0"", ""buy_5th_pre_bid"": ""+412500"", ""buy_5th_pre_req"": ""194"", ""buy_5th_pre_req_pre"": ""0"", ""buy_6th_pre_bid"": ""+412000"", ""buy_6th_pre_req"": ""177"", ""buy_6th_pre_req_pre"": ""+2"", ""buy_7th_pre_bid"": ""+411500"", ""buy_7th_pre_req"": ""18"", ""buy_7th_pre_req_pre"": ""0"", ""buy_8th_pre_bid"": ""+411000"", ""buy_8th_pre_req"": ""119"", ""buy_8th_pre_req_pre"": ""0"", ""buy_9th_pre_bid"": ""+410500"", ""buy_9th_pre_req"": ""69"", ""buy_9th_pre_req_pre"": ""0"", ""buy_10th_pre_bid"": ""+410000"", ""buy_10th_pre_req"": ""220"", ""buy_10th_pre_req_pre"": ""0"", ""tot_sel_req_jub_pre"": ""0"", ""tot_sel_req"": ""3251"", ""tot_buy_req"": ""1100"", ""tot_buy_req_jub_pre"": ""+2"", ""ovt_sel_req_pre"": ""0"", ""ovt_sel_req"": ""0"", ""ovt_buy_req"": ""0"", ""ovt_buy_req_pre"": ""0"", ""return_code"": 0, ""return_msg"": ""정상적으로 처리되었습니다""}"
2026-06-10,scan_candidate,030200,,0,main_scan,54200,,54200,54100,54200,54000,-0.5535055350553505,0.18450184501845018,,,,,,"{""bid_req_base_tm"": ""095253"", ""sel_10th_pre_req_pre"": ""0"", ""sel_10th_pre_req"": ""236"", ""sel_10th_pre_bid"": ""+55100"", ""sel_9th_pre_req_pre"": ""0"", ""sel_9th_pre_req"": ""1869"", ""sel_9th_pre_bid"": ""+55000"", ""sel_8th_pre_req_pre"": ""0"", ""sel_8th_pre_req"": ""1245"", ""sel_8th_pre_bid"": ""+54900"", ""sel_7th_pre_req_pre"": ""0"", ""sel_7th_pre_req"": ""1311"", ""sel_7th_pre_bid"": ""+54800"", ""sel_6th_pre_req_pre"": ""0"", ""sel_6th_pre_req"": ""762"", ""sel_6th_pre_bid"": ""+54700"", ""sel_5th_pre_req_pre"": ""0"", ""sel_5th_pre_req"": ""587"", ""sel_5th_pre_bid"": ""+54600"", ""sel_4th_pre_req_pre"": ""0"", ""sel_4th_pre_req"": ""1191"", ""sel_4th_pre_bid"": ""+54500"", ""sel_3th_pre_req_pre"": ""0"", ""sel_3th_pre_req"": ""1059"", ""sel_3th_pre_bid"": ""+54400"", ""sel_2th_pre_req_pre"": ""0"", ""sel_2th_pre_req"": ""2336"", ""sel_2th_pre_bid"": ""+54300"", ""sel_1th_pre_req_pre"": ""0"", ""sel_fpr_req"": ""1592"", ""sel_fpr_bid"": ""+54200"", ""buy_fpr_bid"": ""+54100"", ""buy_fpr_req"": ""172"", ""buy_1th_pre_req_pre"": ""0"", ""buy_2th_pre_bid"": ""+54000"", ""buy_2th_pre_req"": ""267"", ""buy_2th_pre_req_pre"": ""0"", ""buy_3th_pre_bid"": ""+53900"", ""buy_3th_pre_req"": ""1044"", ""buy_3th_pre_req_pre"": ""0"", ""buy_4th_pre_bid"": ""53800"", ""buy_4th_pre_req"": ""404"", ""buy_4th_pre_req_pre"": ""0"", ""buy_5th_pre_bid"": ""-53700"", ""buy_5th_pre_req"": ""387"", ""buy_5th_pre_req_pre"": ""0"", ""buy_6th_pre_bid"": ""-53600"", ""buy_6th_pre_req"": ""355"", ""buy_6th_pre_req_pre"": ""0"", ""buy_7th_pre_bid"": ""-53500"", ""buy_7th_pre_req"": ""759"", ""buy_7th_pre_req_pre"": ""0"", ""buy_8th_pre_bid"": ""-53400"", ""buy_8th_pre_req"": ""688"", ""buy_8th_pre_req_pre"": ""0"", ""buy_9th_pre_bid"": ""-53300"", ""buy_9th_pre_req"": ""1189"", ""buy_9th_pre_req_pre"": ""+2"", ""buy_10th_pre_bid"": ""-53200"", ""buy_10th_pre_req"": ""2889"", ""buy_10th_pre_req_pre"": ""0"", ""tot_sel_req_jub_pre"": ""0"", ""tot_sel_req"": ""12188"", ""tot_buy_req"": ""8154"", ""tot_buy_req_jub_pre"": ""+2"", ""ovt_sel_req_pre"": ""0"", ""ovt_sel_req"": ""0"", ""ovt_buy_req"": ""0"", ""ovt_buy_req_pre"": ""0"", ""return_code"": 0, ""return_msg"": ""정상적으로 처리되었습니다""}"
2026-06-10,scan_candidate,010950,,0,main_scan,109900,,109900,109800,109900,110500,0.09099181073703368,0.09099181073703368,,,,,,"{""bid_req_base_tm"": ""095252"", ""sel_10th_pre_req_pre"": ""0"", ""sel_10th_pre_req"": ""43"", ""sel_10th_pre_bid"": ""+111600"", ""sel_9th_pre_req_pre"": ""0"", ""sel_9th_pre_req"": ""1"", ""sel_9th_pre_bid"": ""+111000"", ""sel_8th_pre_req_pre"": ""0"", ""sel_8th_pre_req"": ""52"", ""sel_8th_pre_bid"": ""-110700"", ""sel_7th_pre_req_pre"": ""0"", ""sel_7th_pre_req"": ""10"", ""sel_7th_pre_bid"": ""-110600"", ""sel_6th_pre_req_pre"": ""0"", ""sel_6th_pre_req"": ""19"", ""sel_6th_pre_bid"": ""-110500"", ""sel_5th_pre_req_pre"": ""0"", ""sel_5th_pre_req"": ""6"", ""sel_5th_pre_bid"": ""-110400"", ""sel_4th_pre_req_pre"": ""0"", ""sel_4th_pre_req"": ""15"", ""sel_4th_pre_bid"": ""-110300"", ""sel_3th_pre_req_pre"": ""0"", ""sel_3th_pre_req"": ""30"", ""sel_3th_pre_bid"": ""-110100"", ""sel_2th_pre_req_pre"": ""0"", ""sel_2th_pre_req"": ""17"", ""sel_2th_pre_bid"": ""-110000"", ""sel_1th_pre_req_pre"": ""0"", ""sel_fpr_req"": ""211"", ""sel_fpr_bid"": ""-109900"", ""buy_fpr_bid"": ""-109800"", ""buy_fpr_req"": ""71"", ""buy_1th_pre_req_pre"": ""0"", ""buy_2th_pre_bid"": ""-109700"", ""buy_2th_pre_req"": ""195"", ""buy_2th_pre_req_pre"": ""0"", ""buy_3th_pre_bid"": ""-109600"", ""buy_3th_pre_req"": ""175"", ""buy_3th_pre_req_pre"": ""0"", ""buy_4th_pre_bid"": ""-109500"", ""buy_4th_pre_req"": ""54"", ""buy_4th_pre_req_pre"": ""0"", ""buy_5th_pre_bid"": ""-109400"", ""buy_5th_pre_req"": ""23"", ""buy_5th_pre_req_pre"": ""--100"", ""buy_6th_pre_bid"": ""-109300"", ""buy_6th_pre_req"": ""107"", ""buy_6th_pre_req_pre"": ""+100"", ""buy_7th_pre_bid"": ""-109200"", ""buy_7th_pre_req"": ""31"", ""buy_7th_pre_req_pre"": ""0"", ""buy_8th_pre_bid"": ""-109100"", ""buy_8th_pre_req"": ""37"", ""buy_8th_pre_req_pre"": ""0"", ""buy_9th_pre_bid"": ""-109000"", ""buy_9th_pre_req"": ""178"", ""buy_9th_pre_req_pre"": ""0"", ""buy_10th_pre_bid"": ""-108900"", ""buy_10th_pre_req"": ""96"", ""buy_10th_pre_req_pre"": ""0"", ""tot_sel_req_jub_pre"": ""0"", ""tot_sel_req"": ""404"", ""tot_buy_req"": ""967"", ""tot_buy_req_jub_pre"": ""0"", ""ovt_sel_req_pre"": ""0"", ""ovt_sel_req"": ""0"", ""ovt_buy_req"": ""0"", ""ovt_buy_req_pre"": ""0"", ""return_code"": 0, ""return_msg"": ""정상적으로 처리되었습니다""}"
2026-06-10,scan_candidate,323410,,0,main_scan,24450,,24450,24400,24450,24350,-0.6134969325153374,0.2044989775051125,,,,,,"{""bid_req_base_tm"": ""095253"", ""sel_10th_pre_req_pre"": ""--500"", ""sel_10th_pre_req"": ""3040"", ""sel_10th_pre_bid"": ""+24900"", ""sel_9th_pre_req_pre"": ""0"", ""sel_9th_pre_req"": ""2859"", ""sel_9th_pre_bid"": ""+24850"", ""sel_8th_pre_req_pre"": ""0"", ""sel_8th_pre_req"": ""6909"", ""sel_8th_pre_bid"": ""+24800"", ""sel_7th_pre_req_pre"": ""0"", ""sel_7th_pre_req"": ""4929"", ""sel_7th_pre_bid"": ""+24750"", ""sel_6th_pre_req_pre"": ""0"", ""sel_6th_pre_req"": ""4348"", ""sel_6th_pre_bid"": ""+24700"", ""sel_5th_pre_req_pre"": ""0"", ""sel_5th_pre_req"": ""2351"", ""sel_5th_pre_bid"": ""+24650"", ""sel_4th_pre_req_pre"": ""0"", ""sel_4th_pre_req"": ""985"", ""sel_4th_pre_bid"": ""+24600"", ""sel_3th_pre_req_pre"": ""0"", ""sel_3th_pre_req"": ""227"", ""sel_3th_pre_bid"": ""+24550"", ""sel_2th_pre_req_pre"": ""0"", ""sel_2th_pre_req"": ""1399"", ""sel_2th_pre_bid"": ""+24500"", ""sel_1th_pre_req_pre"": ""0"", ""sel_fpr_req"": ""5003"", ""sel_fpr_bid"": ""+24450"", ""buy_fpr_bid"": ""24400"", ""buy_fpr_req"": ""359"", ""buy_1th_pre_req_pre"": ""0"", ""buy_2th_pre_bid"": ""-24350"", ""buy_2th_pre_req"": ""3913"", ""buy_2th_pre_req_pre"": ""0"", ""buy_3th_pre_bid"": ""-24300"", ""buy_3th_pre_req"": ""1284"", ""buy_3th_pre_req_pre"": ""0"", ""buy_4th_pre_bid"": ""-24250"", ""buy_4th_pre_req"": ""2957"", ""buy_4th_pre_req_pre"": ""0"", ""buy_5th_pre_bid"": ""-24200"", ""buy_5th_pre_req"": ""1461"", ""buy_5th_pre_req_pre"": ""0"", ""buy_6th_pre_bid"": ""-24150"", ""buy_6th_pre_req"": ""1184"", ""buy_6th_pre_req_pre"": ""0"", ""buy_7th_pre_bid"": ""-24100"", ""buy_7th_pre_req"": ""1783"", ""buy_7th_pre_req_pre"": ""0"", ""buy_8th_pre_bid"": ""-24050"", ""buy_8th_pre_req"": ""1133"", ""buy_8th_pre_req_pre"": ""0"", ""buy_9th_pre_bid"": ""-24000"", ""buy_9th_pre_req"": ""1996"", ""buy_9th_pre_req_pre"": ""0"", ""buy_10th_pre_bid"": ""-23950"", ""buy_10th_pre_req"": ""1508"", ""buy_10th_pre_req_pre"": ""0"", ""tot_sel_req_jub_pre"": ""--500"", ""tot_sel_req"": ""32050"", ""tot_buy_req"": ""17578"", ""tot_buy_req_jub_pre"": ""0"", ""ovt_sel_req_pre"": ""0"", ""ovt_sel_req"": ""0"", ""ovt_buy_req"": ""0"", ""ovt_buy_req_pre"": ""0"", ""return_code"": 0, ""return_msg"": ""정상적으로 처리되었습니다""}"
2026-06-10,scan_candidate,064400,,0,main_scan,95900,,95900,95800,95900,96000,0.0,0.10427528675703858,,,,,,"{""bid_req_base_tm"": ""095253"", ""sel_10th_pre_req_pre"": ""0"", ""sel_10th_pre_req"": ""141"", ""sel_10th_pre_bid"": ""-96800"", ""sel_9th_pre_req_pre"": ""0"", ""sel_9th_pre_req"": ""154"", ""sel_9th_pre_bid"": ""-96700"", ""sel_8th_pre_req_pre"": ""0"", ""sel_8th_pre_req"": ""221"", ""sel_8th_pre_bid"": ""-96600"", ""sel_7th_pre_req_pre"": ""0"", ""sel_7th_pre_req"": ""1632"", ""sel_7th_pre_bid"": ""-96500"", ""sel_6th_pre_req_pre"": ""0"", ""sel_6th_pre_req"": ""204"", ""sel_6th_pre_bid"": ""-96400"", ""sel_5th_pre_req_pre"": ""0"", ""sel_5th_pre_req"": ""237"", ""sel_5th_pre_bid"": ""-96300"", ""sel_4th_pre_req_pre"": ""0"", ""sel_4th_pre_req"": ""325"", ""sel_4th_pre_bid"": ""-96200"", ""sel_3th_pre_req_pre"": ""0"", ""sel_3th_pre_req"": ""17"", ""sel_3th_pre_bid"": ""-96100"", ""sel_2th_pre_req_pre"": ""0"", ""sel_2th_pre_req"": ""374"", ""sel_2th_pre_bid"": ""-96000"", ""sel_1th_pre_req_pre"": ""0"", ""sel_fpr_req"": ""438"", ""sel_fpr_bid"": ""-95900"", ""buy_fpr_bid"": ""-95800"", ""buy_fpr_req"": ""350"", ""buy_1th_pre_req_pre"": ""--1"", ""buy_2th_pre_bid"": ""-95700"", ""buy_2th_pre_req"": ""340"", ""buy_2th_pre_req_pre"": ""0"", ""buy_3th_pre_bid"": ""-95600"", ""buy_3th_pre_req"": ""199"", ""buy_3th_pre_req_pre"": ""0"", ""buy_4th_pre_bid"": ""-95500"", ""buy_4th_pre_req"": ""659"", ""buy_4th_pre_req_pre"": ""0"", ""buy_5th_pre_bid"": ""-95400"", ""buy_5th_pre_req"": ""1065"", ""buy_5th_pre_req_pre"": ""0"", ""buy_6th_pre_bid"": ""-95300"", ""buy_6th_pre_req"": ""1454"", ""buy_6th_pre_req_pre"": ""0"", ""buy_7th_pre_bid"": ""-95200"", ""buy_7th_pre_req"": ""1366"", ""buy_7th_pre_req_pre"": ""0"", ""buy_8th_pre_bid"": ""-95100"", ""buy_8th_pre_req"": ""3437"", ""buy_8th_pre_req_pre"": ""0"", ""buy_9th_pre_bid"": ""-95000"", ""buy_9th_pre_req"": ""6880"", ""buy_9th_pre_req_pre"": ""0"", ""buy_10th_pre_bid"": ""-94900"", ""buy_10th_pre_req"": ""539"", ""buy_10th_pre_req_pre"": ""0"", ""tot_sel_req_jub_pre"": ""0"", ""tot_sel_req"": ""3743"", ""tot_buy_req"": ""16289"", ""tot_buy_req_jub_pre"": ""--1"", ""ovt_sel_req_pre"": ""0"", ""ovt_sel_req"": ""0"", ""ovt_buy_req"": ""0"", ""ovt_buy_req_pre"": ""0"", ""return_code"": 0, ""return_msg"": ""정상적으로 처리되었습니다""}"
2026-06-10,scan_candidate,161390,,0,main_scan,71800,,71800,71700,71800,72100,0.2785515320334262,0.1392757660167131,,,,,,"{""bid_req_base_tm"": ""095253"", ""sel_10th_pre_req_pre"": ""0"", ""sel_10th_pre_req"": ""112"", ""sel_10th_pre_bid"": ""-72700"", ""sel_9th_pre_req_pre"": ""0"", ""sel_9th_pre_req"": ""11"", ""sel_9th_pre_bid"": ""-72600"", ""sel_8th_pre_req_pre"": ""0"", ""sel_8th_pre_req"": ""184"", ""sel_8th_pre_bid"": ""-72500"", ""sel_7th_pre_req_pre"": ""0"", ""sel_7th_pre_req"": ""94"", ""sel_7th_pre_bid"": ""-72400"", ""sel_6th_pre_req_pre"": ""0"", ""sel_6th_pre_req"": ""23"", ""sel_6th_pre_bid"": ""-72300"", ""sel_5th_pre_req_pre"": ""0"", ""sel_5th_pre_req"": ""4"", ""sel_5th_pre_bid"": ""-72200"", ""sel_4th_pre_req_pre"": ""0"", ""sel_4th_pre_req"": ""123"", ""sel_4th_pre_bid"": ""-72100"", ""sel_3th_pre_req_pre"": ""0"", ""sel_3th_pre_req"": ""141"", ""sel_3th_pre_bid"": ""-72000"", ""sel_2th_pre_req_pre"": ""0"", ""sel_2th_pre_req"": ""38"", ""sel_2th_pre_bid"": ""-71900"", ""sel_1th_pre_req_pre"": ""0"", ""sel_fpr_req"": ""25"", ""sel_fpr_bid"": ""-71800"", ""buy_fpr_bid"": ""-71700"", ""buy_fpr_req"": ""204"", ""buy_1th_pre_req_pre"": ""+72"", ""buy_2th_pre_bid"": ""-71600"", ""buy_2th_pre_req"": ""986"", ""buy_2th_pre_req_pre"": ""--78"", ""buy_3th_pre_bid"": ""-71500"", ""buy_3th_pre_req"": ""259"", ""buy_3th_pre_req_pre"": ""0"", ""buy_4th_pre_bid"": ""-71400"", ""buy_4th_pre_req"": ""244"", ""buy_4th_pre_req_pre"": ""0"", ""buy_5th_pre_bid"": ""-71300"", ""buy_5th_pre_req"": ""14"", ""buy_5th_pre_req_pre"": ""0"", ""buy_6th_pre_bid"": ""-71200"", ""buy_6th_pre_req"": ""362"", ""buy_6th_pre_req_pre"": ""0"", ""buy_7th_pre_bid"": ""-71100"", ""buy_7th_pre_req"": ""229"", ""buy_7th_pre_req_pre"": ""0"", ""buy_8th_pre_bid"": ""-71000"", ""buy_8th_pre_req"": ""1040"", ""buy_8th_pre_req_pre"": ""0"", ""buy_9th_pre_bid"": ""-70900"", ""buy_9th_pre_req"": ""2016"", ""buy_9th_pre_req_pre"": ""0"", ""buy_10th_pre_bid"": ""-70800"", ""buy_10th_pre_req"": ""109"", ""buy_10th_pre_req_pre"": ""0"", ""tot_sel_req_jub_pre"": ""0"", ""tot_sel_req"": ""755"", ""tot_buy_req"": ""5463"", ""tot_buy_req_jub_pre"": ""--6"", ""ovt_sel_req_pre"": ""0"", ""ovt_sel_req"": ""0"", ""ovt_buy_req"": ""0"", ""ovt_buy_req_pre"": ""0"", ""return_code"": 0, ""return_msg"": ""정상적으로 처리되었습니다""}"
2026-06-10,scan_candidate,180640,,0,main_scan,116700,,116700,116200,116700,116500,-0.5998286203941731,0.42844901456726653,,,,,,"{""bid_req_base_tm"": ""095252"", ""sel_10th_pre_req_pre"": ""0"", ""sel_10th_pre_req"": ""9"", ""sel_10th_pre_bid"": ""+117900"", ""sel_9th_pre_req_pre"": ""0"", ""sel_9th_pre_req"": ""11"", ""sel_9th_pre_bid"": ""+117800"", ""sel_8th_pre_req_pre"": ""0"", ""sel_8th_pre_req"": ""4"", ""sel_8th_pre_bid"": ""+117600"", ""sel_7th_pre_req_pre"": ""0"", ""sel_7th_pre_req"": ""431"", ""sel_7th_pre_bid"": ""+117500"", ""sel_6th_pre_req_pre"": ""0"", ""sel_6th_pre_req"": ""31"", ""sel_6th_pre_bid"": ""+117400"", ""sel_5th_pre_req_pre"": ""0"", ""sel_5th_pre_req"": ""301"", ""sel_5th_pre_bid"": ""+117300"", ""sel_4th_pre_req_pre"": ""0"", ""sel_4th_pre_req"": ""23"", ""sel_4th_pre_bid"": ""+117000"", ""sel_3th_pre_req_pre"": ""0"", ""sel_3th_pre_req"": ""40"", ""sel_3th_pre_bid"": ""+116900"", ""sel_2th_pre_req_pre"": ""0"", ""sel_2th_pre_req"": ""21"", ""sel_2th_pre_bid"": ""+116800"", ""sel_1th_pre_req_pre"": ""0"", ""sel_fpr_req"": ""111"", ""sel_fpr_bid"": ""+116700"", ""buy_fpr_bid"": ""+116200"", ""buy_fpr_req"": ""11"", ""buy_1th_pre_req_pre"": ""0"", ""buy_2th_pre_bid"": ""+116100"", ""buy_2th_pre_req"": ""25"", ""buy_2th_pre_req_pre"": ""0"", ""buy_3th_pre_bid"": ""+116000"", ""buy_3th_pre_req"": ""57"", ""buy_3th_pre_req_pre"": ""0"", ""buy_4th_pre_bid"": ""+115900"", ""buy_4th_pre_req"": ""574"", ""buy_4th_pre_req_pre"": ""0"", ""buy_5th_pre_bid"": ""+115800"", ""buy_5th_pre_req"": ""100"", ""buy_5th_pre_req_pre"": ""0"", ""buy_6th_pre_bid"": ""+115700"", ""buy_6th_pre_req"": ""100"", ""buy_6th_pre_req_pre"": ""0"", ""buy_7th_pre_bid"": ""+115600"", ""buy_7th_pre_req"": ""100"", ""buy_7th_pre_req_pre"": ""0"", ""buy_8th_pre_bid"": ""+115500"", ""buy_8th_pre_req"": ""263"", ""buy_8th_pre_req_pre"": ""0"", ""buy_9th_pre_bid"": ""+115400"", ""buy_9th_pre_req"": ""106"", ""buy_9th_pre_req_pre"": ""0"", ""buy_10th_pre_bid"": ""+115300"", ""buy_10th_pre_req"": ""1"", ""buy_10th_pre_req_pre"": ""0"", ""tot_sel_req_jub_pre"": ""0"", ""tot_sel_req"": ""982"", ""tot_buy_req"": ""1337"", ""tot_buy_req_jub_pre"": ""0"", ""ovt_sel_req_pre"": ""0"", ""ovt_sel_req"": ""0"", ""ovt_buy_req"": ""0"", ""ovt_buy_req_pre"": ""0"", ""return_code"": 0, ""return_msg"": ""정상적으로 처리되었습니다""}"
2026-06-10,scan_candidate,454910,,0,main_scan,109800,,109800,109700,109800,109500,-0.7285974499089253,0.09107468123861566,,,,,,"{""bid_req_base_tm"": ""095254"", ""sel_10th_pre_req_pre"": ""0"", ""sel_10th_pre_req"": ""262"", ""sel_10th_pre_bid"": ""-110700"", ""sel_9th_pre_req_pre"": ""0"", ""sel_9th_pre_req"": ""46"", ""sel_9th_pre_bid"": ""-110600"", ""sel_8th_pre_req_pre"": ""0"", ""sel_8th_pre_req"": ""436"", ""sel_8th_pre_bid"": ""-110500"", ""sel_7th_pre_req_pre"": ""0"", ""sel_7th_pre_req"": ""176"", ""sel_7th_pre_bid"": ""-110400"", ""sel_6th_pre_req_pre"": ""0"", ""sel_6th_pre_req"": ""256"", ""sel_6th_pre_bid"": ""-110300"", ""sel_5th_pre_req_pre"": ""0"", ""sel_5th_pre_req"": ""40"", ""sel_5th_pre_bid"": ""-110200"", ""sel_4th_pre_req_pre"": ""0"", ""sel_4th_pre_req"": ""588"", ""sel_4th_pre_bid"": ""-110100"", ""sel_3th_pre_req_pre"": ""0"", ""sel_3th_pre_req"": ""743"", ""sel_3th_pre_bid"": ""-110000"", ""sel_2th_pre_req_pre"": ""0"", ""sel_2th_pre_req"": ""1398"", ""sel_2th_pre_bid"": ""-109900"", ""sel_1th_pre_req_pre"": ""0"", ""sel_fpr_req"": ""349"", ""sel_fpr_bid"": ""-109800"", ""buy_fpr_bid"": ""-109700"", ""buy_fpr_req"": ""11"", ""buy_1th_pre_req_pre"": ""0"", ""buy_2th_pre_bid"": ""-109600"", ""buy_2th_pre_req"": ""227"", ""buy_2th_pre_req_pre"": ""0"", ""buy_3th_pre_bid"": ""-109500"", ""buy_3th_pre_req"": ""595"", ""buy_3th_pre_req_pre"": ""0"", ""buy_4th_pre_bid"": ""-109400"", ""buy_4th_pre_req"": ""233"", ""buy_4th_pre_req_pre"": ""0"", ""buy_5th_pre_bid"": ""-109300"", ""buy_5th_pre_req"": ""699"", ""buy_5th_pre_req_pre"": ""0"", ""buy_6th_pre_bid"": ""-109200"", ""buy_6th_pre_req"": ""606"", ""buy_6th_pre_req_pre"": ""0"", ""buy_7th_pre_bid"": ""-109100"", ""buy_7th_pre_req"": ""1125"", ""buy_7th_pre_req_pre"": ""0"", ""buy_8th_pre_bid"": ""-109000"", ""buy_8th_pre_req"": ""2258"", ""buy_8th_pre_req_pre"": ""0"", ""buy_9th_pre_bid"": ""-108900"", ""buy_9th_pre_req"": ""299"", ""buy_9th_pre_req_pre"": ""0"", ""buy_10th_pre_bid"": ""-108800"", ""buy_10th_pre_req"": ""475"", ""buy_10th_pre_req_pre"": ""0"", ""tot_sel_req_jub_pre"": ""0"", ""tot_sel_req"": ""4294"", ""tot_buy_req"": ""6528"", ""tot_buy_req_jub_pre"": ""--279"", ""ovt_sel_req_pre"": ""0"", ""ovt_sel_req"": ""0"", ""ovt_buy_req"": ""0"", ""ovt_buy_req_pre"": ""0"", ""return_code"": 0, ""return_msg"": ""정상적으로 처리되었습니다""}"
2026-06-10,scan_candidate,353200,,0,main_scan,154300,,154300,154100,154300,153500,-0.8425145819831497,0.12961762799740764,,,,,,"{""bid_req_base_tm"": ""095254"", ""sel_10th_pre_req_pre"": ""0"", ""sel_10th_pre_req"": ""70"", ""sel_10th_pre_bid"": ""+155400"", ""sel_9th_pre_req_pre"": ""0"", ""sel_9th_pre_req"": ""61"", ""sel_9th_pre_bid"": ""+155300"", ""sel_8th_pre_req_pre"": ""0"", ""sel_8th_pre_req"": ""5"", ""sel_8th_pre_bid"": ""+155200"", ""sel_7th_pre_req_pre"": ""0"", ""sel_7th_pre_req"": ""302"", ""sel_7th_pre_bid"": ""+155000"", ""sel_6th_pre_req_pre"": ""0"", ""sel_6th_pre_req"": ""68"", ""sel_6th_pre_bid"": ""+154900"", ""sel_5th_pre_req_pre"": ""0"", ""sel_5th_pre_req"": ""489"", ""sel_5th_pre_bid"": ""+154800"", ""sel_4th_pre_req_pre"": ""0"", ""sel_4th_pre_req"": ""5"", ""sel_4th_pre_bid"": ""+154700"", ""sel_3th_pre_req_pre"": ""0"", ""sel_3th_pre_req"": ""204"", ""sel_3th_pre_bid"": ""+154500"", ""sel_2th_pre_req_pre"": ""0"", ""sel_2th_pre_req"": ""82"", ""sel_2th_pre_bid"": ""+154400"", ""sel_1th_pre_req_pre"": ""0"", ""sel_fpr_req"": ""64"", ""sel_fpr_bid"": ""+154300"", ""buy_fpr_bid"": ""+154100"", ""buy_fpr_req"": ""2"", ""buy_1th_pre_req_pre"": ""0"", ""buy_2th_pre_bid"": ""+154000"", ""buy_2th_pre_req"": ""23"", ""buy_2th_pre_req_pre"": ""--11"", ""buy_3th_pre_bid"": ""+153700"", ""buy_3th_pre_req"": ""65"", ""buy_3th_pre_req_pre"": ""0"", ""buy_4th_pre_bid"": ""+153600"", ""buy_4th_pre_req"": ""1"", ""buy_4th_pre_req_pre"": ""0"", ""buy_5th_pre_bid"": ""+153500"", ""buy_5th_pre_req"": ""131"", ""buy_5th_pre_req_pre"": ""0"", ""buy_6th_pre_bid"": ""+153400"", ""buy_6th_pre_req"": ""48"", ""buy_6th_pre_req_pre"": ""0"", ""buy_7th_pre_bid"": ""+153200"", ""buy_7th_pre_req"": ""123"", ""buy_7th_pre_req_pre"": ""0"", ""buy_8th_pre_bid"": ""+153100"", ""buy_8th_pre_req"": ""260"", ""buy_8th_pre_req_pre"": ""0"", ""buy_9th_pre_bid"": ""+153000"", ""buy_9th_pre_req"": ""216"", ""buy_9th_pre_req_pre"": ""0"", ""buy_10th_pre_bid"": ""+152900"", ""buy_10th_pre_req"": ""84"", ""buy_10th_pre_req_pre"": ""0"", ""tot_sel_req_jub_pre"": ""0"", ""tot_sel_req"": ""1350"", ""tot_buy_req"": ""953"", ""tot_buy_req_jub_pre"": ""--84"", ""ovt_sel_req_pre"": ""0"", ""ovt_sel_req"": ""0"", ""ovt_buy_req"": ""0"", ""ovt_buy_req_pre"": ""0"", ""return_code"": 0, ""return_msg"": ""정상적으로 처리되었습니다""}"
2026-06-10,scan_candidate,034220,,0,main_scan,13070,,13070,13060,13070,13050,-0.5355776587605203,0.07651109410864575,,,,,,"{""bid_req_base_tm"": ""095254"", ""sel_10th_pre_req_pre"": ""0"", ""sel_10th_pre_req"": ""768"", ""sel_10th_pre_bid"": ""-13160"", ""sel_9th_pre_req_pre"": ""0"", ""sel_9th_pre_req"": ""536"", ""sel_9th_pre_bid"": ""-13150"", ""sel_8th_pre_req_pre"": ""0"", ""sel_8th_pre_req"": ""119"", ""sel_8th_pre_bid"": ""-13140"", ""sel_7th_pre_req_pre"": ""0"", ""sel_7th_pre_req"": ""56"", ""sel_7th_pre_bid"": ""-13130"", ""sel_6th_pre_req_pre"": ""0"", ""sel_6th_pre_req"": ""170"", ""sel_6th_pre_bid"": ""-13120"", ""sel_5th_pre_req_pre"": ""0"", ""sel_5th_pre_req"": ""129"", ""sel_5th_pre_bid"": ""-13110"", ""sel_4th_pre_req_pre"": ""0"", ""sel_4th_pre_req"": ""2332"", ""sel_4th_pre_bid"": ""-13100"", ""sel_3th_pre_req_pre"": ""0"", ""sel_3th_pre_req"": ""113"", ""sel_3th_pre_bid"": ""-13090"", ""sel_2th_pre_req_pre"": ""0"", ""sel_2th_pre_req"": ""1177"", ""sel_2th_pre_bid"": ""-13080"", ""sel_1th_pre_req_pre"": ""+500"", ""sel_fpr_req"": ""2508"", ""sel_fpr_bid"": ""-13070"", ""buy_fpr_bid"": ""-13060"", ""buy_fpr_req"": ""2218"", ""buy_1th_pre_req_pre"": ""0"", ""buy_2th_pre_bid"": ""-13050"", ""buy_2th_pre_req"": ""1466"", ""buy_2th_pre_req_pre"": ""0"", ""buy_3th_pre_bid"": ""-13040"", ""buy_3th_pre_req"": ""586"", ""buy_3th_pre_req_pre"": ""+50"", ""buy_4th_pre_bid"": ""-13030"", ""buy_4th_pre_req"": ""2179"", ""buy_4th_pre_req_pre"": ""0"", ""buy_5th_pre_bid"": ""-13020"", ""buy_5th_pre_req"": ""4545"", ""buy_5th_pre_req_pre"": ""0"", ""buy_6th_pre_bid"": ""-13010"", ""buy_6th_pre_req"": ""18192"", ""buy_6th_pre_req_pre"": ""0"", ""buy_7th_pre_bid"": ""-13000"", ""buy_7th_pre_req"": ""44223"", ""buy_7th_pre_req_pre"": ""0"", ""buy_8th_pre_bid"": ""-12990"", ""buy_8th_pre_req"": ""11850"", ""buy_8th_pre_req_pre"": ""0"", ""buy_9th_pre_bid"": ""-12980"", ""buy_9th_pre_req"": ""19490"", ""buy_9th_pre_req_pre"": ""0"", ""buy_10th_pre_bid"": ""-12970"", ""buy_10th_pre_req"": ""8175"", ""buy_10th_pre_req_pre"": ""0"", ""tot_sel_req_jub_pre"": ""+500"", ""tot_sel_req"": ""7908"", ""tot_buy_req"": ""112924"", ""tot_buy_req_jub_pre"": ""+50"", ""ovt_sel_req_pre"": ""0"", ""ovt_sel_req"": ""0"", ""ovt_buy_req"": ""0"", ""ovt_buy_req_pre"": ""0"", ""return_code"": 0, ""return_msg"": ""정상적으로 처리되었습니다""}"
2026-06-10,scan_candidate,090430,,0,main_scan,112100,,112100,112000,112100,112500,-0.08920606601248886,0.08920606601248886,,,,,,"{""bid_req_base_tm"": ""095255"", ""sel_10th_pre_req_pre"": ""0"", ""sel_10th_pre_req"": ""117"", ""sel_10th_pre_bid"": ""+113500"", ""sel_9th_pre_req_pre"": ""0"", ""sel_9th_pre_req"": ""24"", ""sel_9th_pre_bid"": ""+113400"", ""sel_8th_pre_req_pre"": ""0"", ""sel_8th_pre_req"": ""16"", ""sel_8th_pre_bid"": ""+113300"", ""sel_7th_pre_req_pre"": ""0"", ""sel_7th_pre_req"": ""8"", ""sel_7th_pre_bid"": ""+113100"", ""sel_6th_pre_req_pre"": ""0"", ""sel_6th_pre_req"": ""177"", ""sel_6th_pre_bid"": ""+113000"", ""sel_5th_pre_req_pre"": ""0"", ""sel_5th_pre_req"": ""58"", ""sel_5th_pre_bid"": ""+112900"", ""sel_4th_pre_req_pre"": ""0"", ""sel_4th_pre_req"": ""1"", ""sel_4th_pre_bid"": ""+112800"", ""sel_3th_pre_req_pre"": ""0"", ""sel_3th_pre_req"": ""12"", ""sel_3th_pre_bid"": ""+112700"", ""sel_2th_pre_req_pre"": ""0"", ""sel_2th_pre_req"": ""13"", ""sel_2th_pre_bid"": ""+112200"", ""sel_1th_pre_req_pre"": ""0"", ""sel_fpr_req"": ""177"", ""sel_fpr_bid"": ""+112100"", ""buy_fpr_bid"": ""112000"", ""buy_fpr_req"": ""475"", ""buy_1th_pre_req_pre"": ""+30"", ""buy_2th_pre_bid"": ""-111900"", ""buy_2th_pre_req"": ""71"", ""buy_2th_pre_req_pre"": ""0"", ""buy_3th_pre_bid"": ""-111800"", ""buy_3th_pre_req"": ""1"", ""buy_3th_pre_req_pre"": ""0"", ""buy_4th_pre_bid"": ""-111600"", ""buy_4th_pre_req"": ""193"", ""buy_4th_pre_req_pre"": ""0"", ""buy_5th_pre_bid"": ""-111500"", ""buy_5th_pre_req"": ""102"", ""buy_5th_pre_req_pre"": ""0"", ""buy_6th_pre_bid"": ""-111400"", ""buy_6th_pre_req"": ""46"", ""buy_6th_pre_req_pre"": ""0"", ""buy_7th_pre_bid"": ""-111300"", ""buy_7th_pre_req"": ""113"", ""buy_7th_pre_req_pre"": ""0"", ""buy_8th_pre_bid"": ""-111200"", ""buy_8th_pre_req"": ""11"", ""buy_8th_pre_req_pre"": ""0"", ""buy_9th_pre_bid"": ""-111100"", ""buy_9th_pre_req"": ""19"", ""buy_9th_pre_req_pre"": ""0"", ""buy_10th_pre_bid"": ""-111000"", ""buy_10th_pre_req"": ""158"", ""buy_10th_pre_req_pre"": ""0"", ""tot_sel_req_jub_pre"": ""0"", ""tot_sel_req"": ""603"", ""tot_buy_req"": ""1189"", ""tot_buy_req_jub_pre"": ""+30"", ""ovt_sel_req_pre"": ""0"", ""ovt_sel_req"": ""0"", ""ovt_buy_req"": ""0"", ""ovt_buy_req_pre"": ""0"", ""return_code"": 0, ""return_msg"": ""정상적으로 처리되었습니다""}"
2026-06-10,scan_candidate,004170,,0,main_scan,670000,,670000,669000,670000,669000,-0.2985074626865672,0.1492537313432836,,,,,,"{""bid_req_base_tm"": ""095254"", ""sel_10th_pre_req_pre"": ""0"", ""sel_10th_pre_req"": ""12"", ""sel_10th_pre_bid"": ""+679000"", ""sel_9th_pre_req_pre"": ""0"", ""sel_9th_pre_req"": ""10"", ""sel_9th_pre_bid"": ""+678000"", ""sel_8th_pre_req_pre"": ""0"", ""sel_8th_pre_req"": ""15"", ""sel_8th_pre_bid"": ""+677000"", ""sel_7th_pre_req_pre"": ""0"", ""sel_7th_pre_req"": ""5"", ""sel_7th_pre_bid"": ""+676000"", ""sel_6th_pre_req_pre"": ""0"", ""sel_6th_pre_req"": ""12"", ""sel_6th_pre_bid"": ""+675000"", ""sel_5th_pre_req_pre"": ""0"", ""sel_5th_pre_req"": ""11"", ""sel_5th_pre_bid"": ""+674000"", ""sel_4th_pre_req_pre"": ""0"", ""sel_4th_pre_req"": ""10"", ""sel_4th_pre_bid"": ""+673000"", ""sel_3th_pre_req_pre"": ""0"", ""sel_3th_pre_req"": ""12"", ""sel_3th_pre_bid"": ""+672000"", ""sel_2th_pre_req_pre"": ""0"", ""sel_2th_pre_req"": ""12"", ""sel_2th_pre_bid"": ""+671000"", ""sel_1th_pre_req_pre"": ""--3"", ""sel_fpr_req"": ""23"", ""sel_fpr_bid"": ""+670000"", ""buy_fpr_bid"": ""+669000"", ""buy_fpr_req"": ""9"", ""buy_1th_pre_req_pre"": ""0"", ""buy_2th_pre_bid"": ""+668000"", ""buy_2th_pre_req"": ""22"", ""buy_2th_pre_req_pre"": ""0"", ""buy_3th_pre_bid"": ""+667000"", ""buy_3th_pre_req"": ""4"", ""buy_3th_pre_req_pre"": ""0"", ""buy_4th_pre_bid"": ""+666000"", ""buy_4th_pre_req"": ""1"", ""buy_4th_pre_req_pre"": ""0"", ""buy_5th_pre_bid"": ""+665000"", ""buy_5th_pre_req"": ""12"", ""buy_5th_pre_req_pre"": ""0"", ""buy_6th_pre_bid"": ""+664000"", ""buy_6th_pre_req"": ""1"", ""buy_6th_pre_req_pre"": ""0"", ""buy_7th_pre_bid"": ""+663000"", ""buy_7th_pre_req"": ""6"", ""buy_7th_pre_req_pre"": ""0"", ""buy_8th_pre_bid"": ""+662000"", ""buy_8th_pre_req"": ""30"", ""buy_8th_pre_req_pre"": ""0"", ""buy_9th_pre_bid"": ""+661000"", ""buy_9th_pre_req"": ""23"", ""buy_9th_pre_req_pre"": ""0"", ""buy_10th_pre_bid"": ""+660000"", ""buy_10th_pre_req"": ""42"", ""buy_10th_pre_req_pre"": ""0"", ""tot_sel_req_jub_pre"": ""--3"", ""tot_sel_req"": ""122"", ""tot_buy_req"": ""150"", ""tot_buy_req_jub_pre"": ""0"", ""ovt_sel_req_pre"": ""0"", ""ovt_sel_req"": ""0"", ""ovt_buy_req"": ""0"", ""ovt_buy_req_pre"": ""0"", ""return_code"": 0, ""return_msg"": ""정상적으로 처리되었습니다""}"
2026-06-10,scan_candidate,036570,,0,main_scan,257500,,257500,257000,257500,258500,0.1941747572815534,0.1941747572815534,,,,,,"{""bid_req_base_tm"": ""095253"", ""sel_10th_pre_req_pre"": ""0"", ""sel_10th_pre_req"": ""53"", ""sel_10th_pre_bid"": ""-262000"", ""sel_9th_pre_req_pre"": ""0"", ""sel_9th_pre_req"": ""1"", ""sel_9th_pre_bid"": ""-261500"", ""sel_8th_pre_req_pre"": ""0"", ""sel_8th_pre_req"": ""36"", ""sel_8th_pre_bid"": ""-261000"", ""sel_7th_pre_req_pre"": ""0"", ""sel_7th_pre_req"": ""31"", ""sel_7th_pre_bid"": ""-260500"", ""sel_6th_pre_req_pre"": ""0"", ""sel_6th_pre_req"": ""75"", ""sel_6th_pre_bid"": ""-260000"", ""sel_5th_pre_req_pre"": ""0"", ""sel_5th_pre_req"": ""32"", ""sel_5th_pre_bid"": ""-259500"", ""sel_4th_pre_req_pre"": ""0"", ""sel_4th_pre_req"": ""47"", ""sel_4th_pre_bid"": ""-259000"", ""sel_3th_pre_req_pre"": ""0"", ""sel_3th_pre_req"": ""92"", ""sel_3th_pre_bid"": ""-258500"", ""sel_2th_pre_req_pre"": ""0"", ""sel_2th_pre_req"": ""76"", ""sel_2th_pre_bid"": ""-258000"", ""sel_1th_pre_req_pre"": ""0"", ""sel_fpr_req"": ""23"", ""sel_fpr_bid"": ""-257500"", ""buy_fpr_bid"": ""-257000"", ""buy_fpr_req"": ""102"", ""buy_1th_pre_req_pre"": ""+11"", ""buy_2th_pre_bid"": ""-256500"", ""buy_2th_pre_req"": ""97"", ""buy_2th_pre_req_pre"": ""--11"", ""buy_3th_pre_bid"": ""-256000"", ""buy_3th_pre_req"": ""38"", ""buy_3th_pre_req_pre"": ""0"", ""buy_4th_pre_bid"": ""-255500"", ""buy_4th_pre_req"": ""117"", ""buy_4th_pre_req_pre"": ""0"", ""buy_5th_pre_bid"": ""-255000"", ""buy_5th_pre_req"": ""151"", ""buy_5th_pre_req_pre"": ""0"", ""buy_6th_pre_bid"": ""-254500"", ""buy_6th_pre_req"": ""210"", ""buy_6th_pre_req_pre"": ""0"", ""buy_7th_pre_bid"": ""-254000"", ""buy_7th_pre_req"": ""298"", ""buy_7th_pre_req_pre"": ""0"", ""buy_8th_pre_bid"": ""-253500"", ""buy_8th_pre_req"": ""489"", ""buy_8th_pre_req_pre"": ""0"", ""buy_9th_pre_bid"": ""-253000"", ""buy_9th_pre_req"": ""733"", ""buy_9th_pre_req_pre"": ""0"", ""buy_10th_pre_bid"": ""-252500"", ""buy_10th_pre_req"": ""185"", ""buy_10th_pre_req_pre"": ""0"", ""tot_sel_req_jub_pre"": ""0"", ""tot_sel_req"": ""466"", ""tot_buy_req"": ""2420"", ""tot_buy_req_jub_pre"": ""0"", ""ovt_sel_req_pre"": ""0"", ""ovt_sel_req"": ""0"", ""ovt_buy_req"": ""0"", ""ovt_buy_req_pre"": ""0"", ""return_code"": 0, ""return_msg"": ""정상적으로 처리되었습니다""}"
2026-06-10,scan_candidate,271560,,0,main_scan,131700,,131700,131600,131700,131000,-0.9111617312072893,0.07593014426727411,,,,,,"{""bid_req_base_tm"": ""095251"", ""sel_10th_pre_req_pre"": ""0"", ""sel_10th_pre_req"": ""3"", ""sel_10th_pre_bid"": ""132900"", ""sel_9th_pre_req_pre"": ""0"", ""sel_9th_pre_req"": ""14"", ""sel_9th_pre_bid"": ""-132800"", ""sel_8th_pre_req_pre"": ""0"", ""sel_8th_pre_req"": ""200"", ""sel_8th_pre_bid"": ""-132600"", ""sel_7th_pre_req_pre"": ""0"", ""sel_7th_pre_req"": ""40"", ""sel_7th_pre_bid"": ""-132300"", ""sel_6th_pre_req_pre"": ""0"", ""sel_6th_pre_req"": ""41"", ""sel_6th_pre_bid"": ""-132200"", ""sel_5th_pre_req_pre"": ""0"", ""sel_5th_pre_req"": ""9"", ""sel_5th_pre_bid"": ""-132100"", ""sel_4th_pre_req_pre"": ""0"", ""sel_4th_pre_req"": ""25"", ""sel_4th_pre_bid"": ""-132000"", ""sel_3th_pre_req_pre"": ""0"", ""sel_3th_pre_req"": ""3"", ""sel_3th_pre_bid"": ""-131900"", ""sel_2th_pre_req_pre"": ""0"", ""sel_2th_pre_req"": ""68"", ""sel_2th_pre_bid"": ""-131800"", ""sel_1th_pre_req_pre"": ""0"", ""sel_fpr_req"": ""169"", ""sel_fpr_bid"": ""-131700"", ""buy_fpr_bid"": ""-131600"", ""buy_fpr_req"": ""165"", ""buy_1th_pre_req_pre"": ""+19"", ""buy_2th_pre_bid"": ""-131500"", ""buy_2th_pre_req"": ""12"", ""buy_2th_pre_req_pre"": ""0"", ""buy_3th_pre_bid"": ""-131200"", ""buy_3th_pre_req"": ""136"", ""buy_3th_pre_req_pre"": ""0"", ""buy_4th_pre_bid"": ""-131100"", ""buy_4th_pre_req"": ""20"", ""buy_4th_pre_req_pre"": ""0"", ""buy_5th_pre_bid"": ""-131000"", ""buy_5th_pre_req"": ""1"", ""buy_5th_pre_req_pre"": ""0"", ""buy_6th_pre_bid"": ""-130900"", ""buy_6th_pre_req"": ""11"", ""buy_6th_pre_req_pre"": ""0"", ""buy_7th_pre_bid"": ""-130700"", ""buy_7th_pre_req"": ""1"", ""buy_7th_pre_req_pre"": ""0"", ""buy_8th_pre_bid"": ""-130500"", ""buy_8th_pre_req"": ""5"", ""buy_8th_pre_req_pre"": ""0"", ""buy_9th_pre_bid"": ""-130300"", ""buy_9th_pre_req"": ""25"", ""buy_9th_pre_req_pre"": ""0"", ""buy_10th_pre_bid"": ""-130200"", ""buy_10th_pre_req"": ""63"", ""buy_10th_pre_req_pre"": ""0"", ""tot_sel_req_jub_pre"": ""0"", ""tot_sel_req"": ""572"", ""tot_buy_req"": ""439"", ""tot_buy_req_jub_pre"": ""+19"", ""ovt_sel_req_pre"": ""0"", ""ovt_sel_req"": ""0"", ""ovt_buy_req"": ""0"", ""ovt_buy_req_pre"": ""0"", ""return_code"": 0, ""return_msg"": ""정상적으로 처리되었습니다""}"
2026-06-10,scan_candidate,023530,,0,main_scan,189300,,189300,189000,189300,188000,-0.9508716323296356,0.15847860538827258,,,,,,"{""bid_req_base_tm"": ""095250"", ""sel_10th_pre_req_pre"": ""0"", ""sel_10th_pre_req"": ""16"", ""sel_10th_pre_bid"": ""+191800"", ""sel_9th_pre_req_pre"": ""0"", ""sel_9th_pre_req"": ""1"", ""sel_9th_pre_bid"": ""+191700"", ""sel_8th_pre_req_pre"": ""0"", ""sel_8th_pre_req"": ""146"", ""sel_8th_pre_bid"": ""+191500"", ""sel_7th_pre_req_pre"": ""0"", ""sel_7th_pre_req"": ""1"", ""sel_7th_pre_bid"": ""+191200"", ""sel_6th_pre_req_pre"": ""0"", ""sel_6th_pre_req"": ""201"", ""sel_6th_pre_bid"": ""+191100"", ""sel_5th_pre_req_pre"": ""0"", ""sel_5th_pre_req"": ""65"", ""sel_5th_pre_bid"": ""+191000"", ""sel_4th_pre_req_pre"": ""0"", ""sel_4th_pre_req"": ""50"", ""sel_4th_pre_bid"": ""+190200"", ""sel_3th_pre_req_pre"": ""0"", ""sel_3th_pre_req"": ""10"", ""sel_3th_pre_bid"": ""+190100"", ""sel_2th_pre_req_pre"": ""0"", ""sel_2th_pre_req"": ""77"", ""sel_2th_pre_bid"": ""+189500"", ""sel_1th_pre_req_pre"": ""0"", ""sel_fpr_req"": ""269"", ""sel_fpr_bid"": ""+189300"", ""buy_fpr_bid"": ""+189000"", ""buy_fpr_req"": ""28"", ""buy_1th_pre_req_pre"": ""+24"", ""buy_2th_pre_bid"": ""+188900"", ""buy_2th_pre_req"": ""10"", ""buy_2th_pre_req_pre"": ""0"", ""buy_3th_pre_bid"": ""+188700"", ""buy_3th_pre_req"": ""3"", ""buy_3th_pre_req_pre"": ""0"", ""buy_4th_pre_bid"": ""+188600"", ""buy_4th_pre_req"": ""4"", ""buy_4th_pre_req_pre"": ""0"", ""buy_5th_pre_bid"": ""+188300"", ""buy_5th_pre_req"": ""3"", ""buy_5th_pre_req_pre"": ""0"", ""buy_6th_pre_bid"": ""+188200"", ""buy_6th_pre_req"": ""82"", ""buy_6th_pre_req_pre"": ""0"", ""buy_7th_pre_bid"": ""+188000"", ""buy_7th_pre_req"": ""2"", ""buy_7th_pre_req_pre"": ""0"", ""buy_8th_pre_bid"": ""+187800"", ""buy_8th_pre_req"": ""5"", ""buy_8th_pre_req_pre"": ""0"", ""buy_9th_pre_bid"": ""+187700"", ""buy_9th_pre_req"": ""1"", ""buy_9th_pre_req_pre"": ""0"", ""buy_10th_pre_bid"": ""+187500"", ""buy_10th_pre_req"": ""1"", ""buy_10th_pre_req_pre"": ""0"", ""tot_sel_req_jub_pre"": ""0"", ""tot_sel_req"": ""836"", ""tot_buy_req"": ""139"", ""tot_buy_req_jub_pre"": ""+24"", ""ovt_sel_req_pre"": ""0"", ""ovt_sel_req"": ""0"", ""ovt_buy_req"": ""0"", ""ovt_buy_req_pre"": ""0"", ""return_code"": 0, ""return_msg"": ""정상적으로 처리되었습니다""}"
2026-06-10,scan_candidate,175330,,0,main_scan,25350,,25350,25300,25350,25500,0.39447731755424065,0.19723865877712032,,,,,,"{""bid_req_base_tm"": ""095254"", ""sel_10th_pre_req_pre"": ""0"", ""sel_10th_pre_req"": ""299"", ""sel_10th_pre_bid"": ""-25800"", ""sel_9th_pre_req_pre"": ""0"", ""sel_9th_pre_req"": ""206"", ""sel_9th_pre_bid"": ""-25750"", ""sel_8th_pre_req_pre"": ""0"", ""sel_8th_pre_req"": ""84"", ""sel_8th_pre_bid"": ""-25700"", ""sel_7th_pre_req_pre"": ""0"", ""sel_7th_pre_req"": ""461"", ""sel_7th_pre_bid"": ""-25650"", ""sel_6th_pre_req_pre"": ""0"", ""sel_6th_pre_req"": ""468"", ""sel_6th_pre_bid"": ""-25600"", ""sel_5th_pre_req_pre"": ""0"", ""sel_5th_pre_req"": ""402"", ""sel_5th_pre_bid"": ""-25550"", ""sel_4th_pre_req_pre"": ""0"", ""sel_4th_pre_req"": ""52"", ""sel_4th_pre_bid"": ""-25500"", ""sel_3th_pre_req_pre"": ""0"", ""sel_3th_pre_req"": ""489"", ""sel_3th_pre_bid"": ""-25450"", ""sel_2th_pre_req_pre"": ""0"", ""sel_2th_pre_req"": ""569"", ""sel_2th_pre_bid"": ""-25400"", ""sel_1th_pre_req_pre"": ""0"", ""sel_fpr_req"": ""92"", ""sel_fpr_bid"": ""-25350"", ""buy_fpr_bid"": ""-25300"", ""buy_fpr_req"": ""1126"", ""buy_1th_pre_req_pre"": ""+132"", ""buy_2th_pre_bid"": ""-25250"", ""buy_2th_pre_req"": ""1414"", ""buy_2th_pre_req_pre"": ""0"", ""buy_3th_pre_bid"": ""-25200"", ""buy_3th_pre_req"": ""1197"", ""buy_3th_pre_req_pre"": ""0"", ""buy_4th_pre_bid"": ""-25150"", ""buy_4th_pre_req"": ""675"", ""buy_4th_pre_req_pre"": ""0"", ""buy_5th_pre_bid"": ""-25100"", ""buy_5th_pre_req"": ""284"", ""buy_5th_pre_req_pre"": ""0"", ""buy_6th_pre_bid"": ""-25050"", ""buy_6th_pre_req"": ""318"", ""buy_6th_pre_req_pre"": ""0"", ""buy_7th_pre_bid"": ""-25000"", ""buy_7th_pre_req"": ""657"", ""buy_7th_pre_req_pre"": ""0"", ""buy_8th_pre_bid"": ""-24950"", ""buy_8th_pre_req"": ""238"", ""buy_8th_pre_req_pre"": ""0"", ""buy_9th_pre_bid"": ""-24900"", ""buy_9th_pre_req"": ""706"", ""buy_9th_pre_req_pre"": ""0"", ""buy_10th_pre_bid"": ""-24850"", ""buy_10th_pre_req"": ""836"", ""buy_10th_pre_req_pre"": ""0"", ""tot_sel_req_jub_pre"": ""0"", ""tot_sel_req"": ""3122"", ""tot_buy_req"": ""7451"", ""tot_buy_req_jub_pre"": ""+132"", ""ovt_sel_req_pre"": ""0"", ""ovt_sel_req"": ""0"", ""ovt_buy_req"": ""0"", ""ovt_buy_req_pre"": ""0"", ""return_code"": 0, ""return_msg"": ""정상적으로 처리되었습니다""}"
2026-06-10,scan_candidate,088350,,0,main_scan,4815,,4815,4805,4815,4820,0.0,0.20768431983385255,,,,,,"{""bid_req_base_tm"": ""095255"", ""sel_10th_pre_req_pre"": ""0"", ""sel_10th_pre_req"": ""12"", ""sel_10th_pre_bid"": ""-4860"", ""sel_9th_pre_req_pre"": ""0"", ""sel_9th_pre_req"": ""447"", ""sel_9th_pre_bid"": ""-4855"", ""sel_8th_pre_req_pre"": ""0"", ""sel_8th_pre_req"": ""7076"", ""sel_8th_pre_bid"": ""-4850"", ""sel_7th_pre_req_pre"": ""0"", ""sel_7th_pre_req"": ""4342"", ""sel_7th_pre_bid"": ""-4845"", ""sel_6th_pre_req_pre"": ""0"", ""sel_6th_pre_req"": ""2192"", ""sel_6th_pre_bid"": ""-4840"", ""sel_5th_pre_req_pre"": ""0"", ""sel_5th_pre_req"": ""3076"", ""sel_5th_pre_bid"": ""-4835"", ""sel_4th_pre_req_pre"": ""0"", ""sel_4th_pre_req"": ""11"", ""sel_4th_pre_bid"": ""-4830"", ""sel_3th_pre_req_pre"": ""0"", ""sel_3th_pre_req"": ""5299"", ""sel_3th_pre_bid"": ""-4825"", ""sel_2th_pre_req_pre"": ""0"", ""sel_2th_pre_req"": ""5003"", ""sel_2th_pre_bid"": ""-4820"", ""sel_1th_pre_req_pre"": ""--1"", ""sel_fpr_req"": ""2651"", ""sel_fpr_bid"": ""-4815"", ""buy_fpr_bid"": ""-4805"", ""buy_fpr_req"": ""138"", ""buy_1th_pre_req_pre"": ""0"", ""buy_2th_pre_bid"": ""-4800"", ""buy_2th_pre_req"": ""4436"", ""buy_2th_pre_req_pre"": ""0"", ""buy_3th_pre_bid"": ""-4795"", ""buy_3th_pre_req"": ""4512"", ""buy_3th_pre_req_pre"": ""0"", ""buy_4th_pre_bid"": ""-4790"", ""buy_4th_pre_req"": ""16228"", ""buy_4th_pre_req_pre"": ""0"", ""buy_5th_pre_bid"": ""-4785"", ""buy_5th_pre_req"": ""6267"", ""buy_5th_pre_req_pre"": ""0"", ""buy_6th_pre_bid"": ""-4780"", ""buy_6th_pre_req"": ""8552"", ""buy_6th_pre_req_pre"": ""0"", ""buy_7th_pre_bid"": ""-4775"", ""buy_7th_pre_req"": ""7775"", ""buy_7th_pre_req_pre"": ""0"", ""buy_8th_pre_bid"": ""-4770"", ""buy_8th_pre_req"": ""24854"", ""buy_8th_pre_req_pre"": ""0"", ""buy_9th_pre_bid"": ""-4765"", ""buy_9th_pre_req"": ""5380"", ""buy_9th_pre_req_pre"": ""0"", ""buy_10th_pre_bid"": ""-4760"", ""buy_10th_pre_req"": ""5568"", ""buy_10th_pre_req_pre"": ""0"", ""tot_sel_req_jub_pre"": ""--1"", ""tot_sel_req"": ""30109"", ""tot_buy_req"": ""83710"", ""tot_buy_req_jub_pre"": ""0"", ""ovt_sel_req_pre"": ""0"", ""ovt_sel_req"": ""0"", ""ovt_buy_req"": ""0"", ""ovt_buy_req_pre"": ""0"", ""return_code"": 0, ""return_msg"": ""정상적으로 처리되었습니다""}"
2026-06-10,scan_candidate,069960,,0,main_scan,165100,,165100,165000,165100,165000,-0.36341611144760755,0.06056935190793458,,,,,,"{""bid_req_base_tm"": ""095256"", ""sel_10th_pre_req_pre"": ""0"", ""sel_10th_pre_req"": ""52"", ""sel_10th_pre_bid"": ""+167000"", ""sel_9th_pre_req_pre"": ""0"", ""sel_9th_pre_req"": ""50"", ""sel_9th_pre_bid"": ""-166700"", ""sel_8th_pre_req_pre"": ""0"", ""sel_8th_pre_req"": ""8"", ""sel_8th_pre_bid"": ""-166500"", ""sel_7th_pre_req_pre"": ""0"", ""sel_7th_pre_req"": ""2"", ""sel_7th_pre_bid"": ""-166300"", ""sel_6th_pre_req_pre"": ""0"", ""sel_6th_pre_req"": ""80"", ""sel_6th_pre_bid"": ""-166000"", ""sel_5th_pre_req_pre"": ""0"", ""sel_5th_pre_req"": ""5"", ""sel_5th_pre_bid"": ""-165900"", ""sel_4th_pre_req_pre"": ""0"", ""sel_4th_pre_req"": ""122"", ""sel_4th_pre_bid"": ""-165800"", ""sel_3th_pre_req_pre"": ""0"", ""sel_3th_pre_req"": ""2"", ""sel_3th_pre_bid"": ""-165400"", ""sel_2th_pre_req_pre"": ""0"", ""sel_2th_pre_req"": ""92"", ""sel_2th_pre_bid"": ""-165200"", ""sel_1th_pre_req_pre"": ""+16"", ""sel_fpr_req"": ""247"", ""sel_fpr_bid"": ""-165100"", ""buy_fpr_bid"": ""-165000"", ""buy_fpr_req"": ""471"", ""buy_1th_pre_req_pre"": ""0"", ""buy_2th_pre_bid"": ""-164900"", ""buy_2th_pre_req"": ""35"", ""buy_2th_pre_req_pre"": ""0"", ""buy_3th_pre_bid"": ""-164500"", ""buy_3th_pre_req"": ""12"", ""buy_3th_pre_req_pre"": ""0"", ""buy_4th_pre_bid"": ""-164400"", ""buy_4th_pre_req"": ""1"", ""buy_4th_pre_req_pre"": ""0"", ""buy_5th_pre_bid"": ""-164200"", ""buy_5th_pre_req"": ""1"", ""buy_5th_pre_req_pre"": ""0"", ""buy_6th_pre_bid"": ""-164100"", ""buy_6th_pre_req"": ""20"", ""buy_6th_pre_req_pre"": ""0"", ""buy_7th_pre_bid"": ""-164000"", ""buy_7th_pre_req"": ""6"", ""buy_7th_pre_req_pre"": ""0"", ""buy_8th_pre_bid"": ""-163700"", ""buy_8th_pre_req"": ""8"", ""buy_8th_pre_req_pre"": ""0"", ""buy_9th_pre_bid"": ""-163500"", ""buy_9th_pre_req"": ""4"", ""buy_9th_pre_req_pre"": ""0"", ""buy_10th_pre_bid"": ""-163400"", ""buy_10th_pre_req"": ""3"", ""buy_10th_pre_req_pre"": ""0"", ""tot_sel_req_jub_pre"": ""+16"", ""tot_sel_req"": ""660"", ""tot_buy_req"": ""561"", ""tot_buy_req_jub_pre"": ""0"", ""ovt_sel_req_pre"": ""0"", ""ovt_sel_req"": ""0"", ""ovt_buy_req"": ""0"", ""ovt_buy_req_pre"": ""0"", ""return_code"": 0, ""return_msg"": ""정상적으로 처리되었습니다""}"
2026-06-10,scan_candidate,489790,,0,main_scan,69300,,69300,68900,69300,69200,-0.2886002886002886,0.5772005772005772,,,,,,"{""bid_req_base_tm"": ""095256"", ""sel_10th_pre_req_pre"": ""0"", ""sel_10th_pre_req"": ""69"", ""sel_10th_pre_bid"": ""+70300"", ""sel_9th_pre_req_pre"": ""0"", ""sel_9th_pre_req"": ""27"", ""sel_9th_pre_bid"": ""+70200"", ""sel_8th_pre_req_pre"": ""0"", ""sel_8th_pre_req"": ""132"", ""sel_8th_pre_bid"": ""+70100"", ""sel_7th_pre_req_pre"": ""0"", ""sel_7th_pre_req"": ""131"", ""sel_7th_pre_bid"": ""+70000"", ""sel_6th_pre_req_pre"": ""0"", ""sel_6th_pre_req"": ""209"", ""sel_6th_pre_bid"": ""+69900"", ""sel_5th_pre_req_pre"": ""0"", ""sel_5th_pre_req"": ""23"", ""sel_5th_pre_bid"": ""+69800"", ""sel_4th_pre_req_pre"": ""0"", ""sel_4th_pre_req"": ""10"", ""sel_4th_pre_bid"": ""+69600"", ""sel_3th_pre_req_pre"": ""0"", ""sel_3th_pre_req"": ""130"", ""sel_3th_pre_bid"": ""+69500"", ""sel_2th_pre_req_pre"": ""0"", ""sel_2th_pre_req"": ""172"", ""sel_2th_pre_bid"": ""+69400"", ""sel_1th_pre_req_pre"": ""0"", ""sel_fpr_req"": ""145"", ""sel_fpr_bid"": ""+69300"", ""buy_fpr_bid"": ""+68900"", ""buy_fpr_req"": ""79"", ""buy_1th_pre_req_pre"": ""0"", ""buy_2th_pre_bid"": ""+68800"", ""buy_2th_pre_req"": ""300"", ""buy_2th_pre_req_pre"": ""0"", ""buy_3th_pre_bid"": ""+68700"", ""buy_3th_pre_req"": ""37"", ""buy_3th_pre_req_pre"": ""0"", ""buy_4th_pre_bid"": ""+68600"", ""buy_4th_pre_req"": ""108"", ""buy_4th_pre_req_pre"": ""0"", ""buy_5th_pre_bid"": ""+68500"", ""buy_5th_pre_req"": ""145"", ""buy_5th_pre_req_pre"": ""0"", ""buy_6th_pre_bid"": ""+68400"", ""buy_6th_pre_req"": ""31"", ""buy_6th_pre_req_pre"": ""0"", ""buy_7th_pre_bid"": ""+68300"", ""buy_7th_pre_req"": ""338"", ""buy_7th_pre_req_pre"": ""0"", ""buy_8th_pre_bid"": ""+68200"", ""buy_8th_pre_req"": ""92"", ""buy_8th_pre_req_pre"": ""0"", ""buy_9th_pre_bid"": ""+68100"", ""buy_9th_pre_req"": ""48"", ""buy_9th_pre_req_pre"": ""0"", ""buy_10th_pre_bid"": ""+68000"", ""buy_10th_pre_req"": ""97"", ""buy_10th_pre_req_pre"": ""0"", ""tot_sel_req_jub_pre"": ""0"", ""tot_sel_req"": ""1048"", ""tot_buy_req"": ""1275"", ""tot_buy_req_jub_pre"": ""0"", ""ovt_sel_req_pre"": ""0"", ""ovt_sel_req"": ""0"", ""ovt_buy_req"": ""0"", ""ovt_buy_req_pre"": ""0"", ""return_code"": 0, ""return_msg"": ""정상적으로 처리되었습니다""}"
2026-06-10,scan_candidate,085620,,0,main_scan,22000,,22000,21950,22000,21950,-0.45454545454545453,0.22727272727272727,,,,,,"{""bid_req_base_tm"": ""095256"", ""sel_10th_pre_req_pre"": ""--140"", ""sel_10th_pre_req"": ""539"", ""sel_10th_pre_bid"": ""-22450"", ""sel_9th_pre_req_pre"": ""0"", ""sel_9th_pre_req"": ""134"", ""sel_9th_pre_bid"": ""-22400"", ""sel_8th_pre_req_pre"": ""0"", ""sel_8th_pre_req"": ""213"", ""sel_8th_pre_bid"": ""-22350"", ""sel_7th_pre_req_pre"": ""0"", ""sel_7th_pre_req"": ""1016"", ""sel_7th_pre_bid"": ""-22300"", ""sel_6th_pre_req_pre"": ""0"", ""sel_6th_pre_req"": ""655"", ""sel_6th_pre_bid"": ""-22250"", ""sel_5th_pre_req_pre"": ""0"", ""sel_5th_pre_req"": ""1613"", ""sel_5th_pre_bid"": ""-22200"", ""sel_4th_pre_req_pre"": ""0"", ""sel_4th_pre_req"": ""1292"", ""sel_4th_pre_bid"": ""-22150"", ""sel_3th_pre_req_pre"": ""0"", ""sel_3th_pre_req"": ""115"", ""sel_3th_pre_bid"": ""-22100"", ""sel_2th_pre_req_pre"": ""0"", ""sel_2th_pre_req"": ""1799"", ""sel_2th_pre_bid"": ""-22050"", ""sel_1th_pre_req_pre"": ""0"", ""sel_fpr_req"": ""2520"", ""sel_fpr_bid"": ""-22000"", ""buy_fpr_bid"": ""-21950"", ""buy_fpr_req"": ""4"", ""buy_1th_pre_req_pre"": ""0"", ""buy_2th_pre_bid"": ""-21900"", ""buy_2th_pre_req"": ""1390"", ""buy_2th_pre_req_pre"": ""0"", ""buy_3th_pre_bid"": ""-21850"", ""buy_3th_pre_req"": ""217"", ""buy_3th_pre_req_pre"": ""0"", ""buy_4th_pre_bid"": ""-21800"", ""buy_4th_pre_req"": ""721"", ""buy_4th_pre_req_pre"": ""0"", ""buy_5th_pre_bid"": ""-21750"", ""buy_5th_pre_req"": ""2233"", ""buy_5th_pre_req_pre"": ""0"", ""buy_6th_pre_bid"": ""-21700"", ""buy_6th_pre_req"": ""878"", ""buy_6th_pre_req_pre"": ""0"", ""buy_7th_pre_bid"": ""-21650"", ""buy_7th_pre_req"": ""1551"", ""buy_7th_pre_req_pre"": ""0"", ""buy_8th_pre_bid"": ""-21600"", ""buy_8th_pre_req"": ""1199"", ""buy_8th_pre_req_pre"": ""0"", ""buy_9th_pre_bid"": ""-21550"", ""buy_9th_pre_req"": ""935"", ""buy_9th_pre_req_pre"": ""0"", ""buy_10th_pre_bid"": ""-21500"", ""buy_10th_pre_req"": ""1760"", ""buy_10th_pre_req_pre"": ""0"", ""tot_sel_req_jub_pre"": ""--140"", ""tot_sel_req"": ""9896"", ""tot_buy_req"": ""10888"", ""tot_buy_req_jub_pre"": ""0"", ""ovt_sel_req_pre"": ""0"", ""ovt_sel_req"": ""0"", ""ovt_buy_req"": ""0"", ""ovt_buy_req_pre"": ""0"", ""return_code"": 0, ""return_msg"": ""정상적으로 처리되었습니다""}"
2026-06-10,scan_candidate,001450,,0,main_scan,37450,,37450,37350,37450,37250,-0.6675567423230975,0.26702269692923897,,,,,,"{""bid_req_base_tm"": ""095257"", ""sel_10th_pre_req_pre"": ""0"", ""sel_10th_pre_req"": ""886"", ""sel_10th_pre_bid"": ""+37900"", ""sel_9th_pre_req_pre"": ""0"", ""sel_9th_pre_req"": ""701"", ""sel_9th_pre_bid"": ""+37850"", ""sel_8th_pre_req_pre"": ""0"", ""sel_8th_pre_req"": ""440"", ""sel_8th_pre_bid"": ""+37800"", ""sel_7th_pre_req_pre"": ""0"", ""sel_7th_pre_req"": ""684"", ""sel_7th_pre_bid"": ""+37750"", ""sel_6th_pre_req_pre"": ""0"", ""sel_6th_pre_req"": ""3703"", ""sel_6th_pre_bid"": ""+37700"", ""sel_5th_pre_req_pre"": ""0"", ""sel_5th_pre_req"": ""1360"", ""sel_5th_pre_bid"": ""+37650"", ""sel_4th_pre_req_pre"": ""0"", ""sel_4th_pre_req"": ""314"", ""sel_4th_pre_bid"": ""+37600"", ""sel_3th_pre_req_pre"": ""0"", ""sel_3th_pre_req"": ""521"", ""sel_3th_pre_bid"": ""+37550"", ""sel_2th_pre_req_pre"": ""0"", ""sel_2th_pre_req"": ""441"", ""sel_2th_pre_bid"": ""+37500"", ""sel_1th_pre_req_pre"": ""0"", ""sel_fpr_req"": ""1083"", ""sel_fpr_bid"": ""+37450"", ""buy_fpr_bid"": ""+37350"", ""buy_fpr_req"": ""145"", ""buy_1th_pre_req_pre"": ""0"", ""buy_2th_pre_bid"": ""+37300"", ""buy_2th_pre_req"": ""175"", ""buy_2th_pre_req_pre"": ""0"", ""buy_3th_pre_bid"": ""+37250"", ""buy_3th_pre_req"": ""1049"", ""buy_3th_pre_req_pre"": ""0"", ""buy_4th_pre_bid"": ""+37200"", ""buy_4th_pre_req"": ""10"", ""buy_4th_pre_req_pre"": ""0"", ""buy_5th_pre_bid"": ""+37150"", ""buy_5th_pre_req"": ""309"", ""buy_5th_pre_req_pre"": ""0"", ""buy_6th_pre_bid"": ""+37100"", ""buy_6th_pre_req"": ""50"", ""buy_6th_pre_req_pre"": ""0"", ""buy_7th_pre_bid"": ""+37050"", ""buy_7th_pre_req"": ""86"", ""buy_7th_pre_req_pre"": ""0"", ""buy_8th_pre_bid"": ""+37000"", ""buy_8th_pre_req"": ""451"", ""buy_8th_pre_req_pre"": ""0"", ""buy_9th_pre_bid"": ""+36950"", ""buy_9th_pre_req"": ""19"", ""buy_9th_pre_req_pre"": ""0"", ""buy_10th_pre_bid"": ""36900"", ""buy_10th_pre_req"": ""532"", ""buy_10th_pre_req_pre"": ""0"", ""tot_sel_req_jub_pre"": ""+870"", ""tot_sel_req"": ""10133"", ""tot_buy_req"": ""2826"", ""tot_buy_req_jub_pre"": ""0"", ""ovt_sel_req_pre"": ""0"", ""ovt_sel_req"": ""0"", ""ovt_buy_req"": ""0"", ""ovt_buy_req_pre"": ""0"", ""return_code"": 0, ""return_msg"": ""정상적으로 처리되었습니다""}"
2026-06-10,scan_candidate,036460,,0,main_scan,34150,,34150,34100,34150,34300,0.29282576866764276,0.14641288433382138,,,,,,"{""bid_req_base_tm"": ""095250"", ""sel_10th_pre_req_pre"": ""0"", ""sel_10th_pre_req"": ""629"", ""sel_10th_pre_bid"": ""+34600"", ""sel_9th_pre_req_pre"": ""0"", ""sel_9th_pre_req"": ""214"", ""sel_9th_pre_bid"": ""+34550"", ""sel_8th_pre_req_pre"": ""0"", ""sel_8th_pre_req"": ""235"", ""sel_8th_pre_bid"": ""+34500"", ""sel_7th_pre_req_pre"": ""0"", ""sel_7th_pre_req"": ""459"", ""sel_7th_pre_bid"": ""+34450"", ""sel_6th_pre_req_pre"": ""0"", ""sel_6th_pre_req"": ""146"", ""sel_6th_pre_bid"": ""+34400"", ""sel_5th_pre_req_pre"": ""0"", ""sel_5th_pre_req"": ""230"", ""sel_5th_pre_bid"": ""+34350"", ""sel_4th_pre_req_pre"": ""0"", ""sel_4th_pre_req"": ""220"", ""sel_4th_pre_bid"": ""+34300"", ""sel_3th_pre_req_pre"": ""0"", ""sel_3th_pre_req"": ""39"", ""sel_3th_pre_bid"": ""+34250"", ""sel_2th_pre_req_pre"": ""0"", ""sel_2th_pre_req"": ""40"", ""sel_2th_pre_bid"": ""+34200"", ""sel_1th_pre_req_pre"": ""0"", ""sel_fpr_req"": ""41"", ""sel_fpr_bid"": ""+34150"", ""buy_fpr_bid"": ""+34100"", ""buy_fpr_req"": ""138"", ""buy_1th_pre_req_pre"": ""+12"", ""buy_2th_pre_bid"": ""+34050"", ""buy_2th_pre_req"": ""1026"", ""buy_2th_pre_req_pre"": ""0"", ""buy_3th_pre_bid"": ""34000"", ""buy_3th_pre_req"": ""3029"", ""buy_3th_pre_req_pre"": ""0"", ""buy_4th_pre_bid"": ""-33950"", ""buy_4th_pre_req"": ""854"", ""buy_4th_pre_req_pre"": ""0"", ""buy_5th_pre_bid"": ""-33900"", ""buy_5th_pre_req"": ""987"", ""buy_5th_pre_req_pre"": ""0"", ""buy_6th_pre_bid"": ""-33850"", ""buy_6th_pre_req"": ""263"", ""buy_6th_pre_req_pre"": ""0"", ""buy_7th_pre_bid"": ""-33800"", ""buy_7th_pre_req"": ""248"", ""buy_7th_pre_req_pre"": ""0"", ""buy_8th_pre_bid"": ""-33750"", ""buy_8th_pre_req"": ""653"", ""buy_8th_pre_req_pre"": ""0"", ""buy_9th_pre_bid"": ""-33700"", ""buy_9th_pre_req"": ""459"", ""buy_9th_pre_req_pre"": ""0"", ""buy_10th_pre_bid"": ""-33650"", ""buy_10th_pre_req"": ""1145"", ""buy_10th_pre_req_pre"": ""0"", ""tot_sel_req_jub_pre"": ""0"", ""tot_sel_req"": ""2253"", ""tot_buy_req"": ""8802"", ""tot_buy_req_jub_pre"": ""+12"", ""ovt_sel_req_pre"": ""0"", ""ovt_sel_req"": ""0"", ""ovt_buy_req"": ""0"", ""ovt_buy_req_pre"": ""0"", ""return_code"": 0, ""return_msg"": ""정상적으로 처리되었습니다""}"
2026-06-10,scan_candidate,007810,,0,main_scan,119700,,119700,118900,119700,119500,-0.5847953216374269,0.6683375104427736,,,,,,"{""bid_req_base_tm"": ""095257"", ""sel_10th_pre_req_pre"": ""0"", ""sel_10th_pre_req"": ""87"", ""sel_10th_pre_bid"": ""+120800"", ""sel_9th_pre_req_pre"": ""0"", ""sel_9th_pre_req"": ""35"", ""sel_9th_pre_bid"": ""+120700"", ""sel_8th_pre_req_pre"": ""0"", ""sel_8th_pre_req"": ""37"", ""sel_8th_pre_bid"": ""+120600"", ""sel_7th_pre_req_pre"": ""0"", ""sel_7th_pre_req"": ""4"", ""sel_7th_pre_bid"": ""+120500"", ""sel_6th_pre_req_pre"": ""0"", ""sel_6th_pre_req"": ""8"", ""sel_6th_pre_bid"": ""+120400"", ""sel_5th_pre_req_pre"": ""0"", ""sel_5th_pre_req"": ""10"", ""sel_5th_pre_bid"": ""120300"", ""sel_4th_pre_req_pre"": ""0"", ""sel_4th_pre_req"": ""1"", ""sel_4th_pre_bid"": ""-120100"", ""sel_3th_pre_req_pre"": ""0"", ""sel_3th_pre_req"": ""60"", ""sel_3th_pre_bid"": ""-120000"", ""sel_2th_pre_req_pre"": ""0"", ""sel_2th_pre_req"": ""2"", ""sel_2th_pre_bid"": ""-119800"", ""sel_1th_pre_req_pre"": ""+13"", ""sel_fpr_req"": ""50"", ""sel_fpr_bid"": ""-119700"", ""buy_fpr_bid"": ""-118900"", ""buy_fpr_req"": ""50"", ""buy_1th_pre_req_pre"": ""0"", ""buy_2th_pre_bid"": ""-118800"", ""buy_2th_pre_req"": ""35"", ""buy_2th_pre_req_pre"": ""0"", ""buy_3th_pre_bid"": ""-118700"", ""buy_3th_pre_req"": ""26"", ""buy_3th_pre_req_pre"": ""0"", ""buy_4th_pre_bid"": ""-118600"", ""buy_4th_pre_req"": ""45"", ""buy_4th_pre_req_pre"": ""0"", ""buy_5th_pre_bid"": ""-118500"", ""buy_5th_pre_req"": ""160"", ""buy_5th_pre_req_pre"": ""0"", ""buy_6th_pre_bid"": ""-118400"", ""buy_6th_pre_req"": ""9"", ""buy_6th_pre_req_pre"": ""0"", ""buy_7th_pre_bid"": ""-118300"", ""buy_7th_pre_req"": ""37"", ""buy_7th_pre_req_pre"": ""0"", ""buy_8th_pre_bid"": ""-118200"", ""buy_8th_pre_req"": ""47"", ""buy_8th_pre_req_pre"": ""0"", ""buy_9th_pre_bid"": ""-118100"", ""buy_9th_pre_req"": ""63"", ""buy_9th_pre_req_pre"": ""0"", ""buy_10th_pre_bid"": ""-118000"", ""buy_10th_pre_req"": ""88"", ""buy_10th_pre_req_pre"": ""0"", ""tot_sel_req_jub_pre"": ""+13"", ""tot_sel_req"": ""294"", ""tot_buy_req"": ""560"", ""tot_buy_req_jub_pre"": ""--23"", ""ovt_sel_req_pre"": ""0"", ""ovt_sel_req"": ""0"", ""ovt_buy_req"": ""0"", ""ovt_buy_req_pre"": ""0"", ""return_code"": 0, ""return_msg"": ""정상적으로 처리되었습니다""}"
2026-06-10,scan_candidate,001740,,0,main_scan,13590,,13590,13570,13590,13600,-0.29433406916850624,0.14716703458425312,,,,,,"{""bid_req_base_tm"": ""095257"", ""sel_10th_pre_req_pre"": ""0"", ""sel_10th_pre_req"": ""21"", ""sel_10th_pre_bid"": ""-13690"", ""sel_9th_pre_req_pre"": ""0"", ""sel_9th_pre_req"": ""577"", ""sel_9th_pre_bid"": ""-13680"", ""sel_8th_pre_req_pre"": ""0"", ""sel_8th_pre_req"": ""724"", ""sel_8th_pre_bid"": ""-13670"", ""sel_7th_pre_req_pre"": ""0"", ""sel_7th_pre_req"": ""12"", ""sel_7th_pre_bid"": ""-13660"", ""sel_6th_pre_req_pre"": ""0"", ""sel_6th_pre_req"": ""19476"", ""sel_6th_pre_bid"": ""-13650"", ""sel_5th_pre_req_pre"": ""0"", ""sel_5th_pre_req"": ""221"", ""sel_5th_pre_bid"": ""-13640"", ""sel_4th_pre_req_pre"": ""0"", ""sel_4th_pre_req"": ""466"", ""sel_4th_pre_bid"": ""-13630"", ""sel_3th_pre_req_pre"": ""0"", ""sel_3th_pre_req"": ""1465"", ""sel_3th_pre_bid"": ""-13620"", ""sel_2th_pre_req_pre"": ""0"", ""sel_2th_pre_req"": ""529"", ""sel_2th_pre_bid"": ""-13600"", ""sel_1th_pre_req_pre"": ""0"", ""sel_fpr_req"": ""1712"", ""sel_fpr_bid"": ""-13590"", ""buy_fpr_bid"": ""-13570"", ""buy_fpr_req"": ""45"", ""buy_1th_pre_req_pre"": ""0"", ""buy_2th_pre_bid"": ""-13560"", ""buy_2th_pre_req"": ""969"", ""buy_2th_pre_req_pre"": ""+186"", ""buy_3th_pre_bid"": ""-13550"", ""buy_3th_pre_req"": ""12494"", ""buy_3th_pre_req_pre"": ""+36"", ""buy_4th_pre_bid"": ""-13540"", ""buy_4th_pre_req"": ""8554"", ""buy_4th_pre_req_pre"": ""0"", ""buy_5th_pre_bid"": ""-13530"", ""buy_5th_pre_req"": ""4349"", ""buy_5th_pre_req_pre"": ""0"", ""buy_6th_pre_bid"": ""-13520"", ""buy_6th_pre_req"": ""8983"", ""buy_6th_pre_req_pre"": ""0"", ""buy_7th_pre_bid"": ""-13510"", ""buy_7th_pre_req"": ""7609"", ""buy_7th_pre_req_pre"": ""0"", ""buy_8th_pre_bid"": ""-13500"", ""buy_8th_pre_req"": ""39577"", ""buy_8th_pre_req_pre"": ""+61"", ""buy_9th_pre_bid"": ""-13490"", ""buy_9th_pre_req"": ""3770"", ""buy_9th_pre_req_pre"": ""0"", ""buy_10th_pre_bid"": ""-13480"", ""buy_10th_pre_req"": ""1899"", ""buy_10th_pre_req_pre"": ""0"", ""tot_sel_req_jub_pre"": ""0"", ""tot_sel_req"": ""25203"", ""tot_buy_req"": ""88249"", ""tot_buy_req_jub_pre"": ""+283"", ""ovt_sel_req_pre"": ""0"", ""ovt_sel_req"": ""0"", ""ovt_buy_req"": ""0"", ""ovt_buy_req_pre"": ""0"", ""return_code"": 0, ""return_msg"": ""정상적으로 처리되었습니다""}"
2026-06-10,scan_candidate,383220,,0,main_scan,75500,,75500,75400,75500,75200,-0.5298013245033113,0.13245033112582782,,,,,,"{""bid_req_base_tm"": ""095255"", ""sel_10th_pre_req_pre"": ""0"", ""sel_10th_pre_req"": ""20"", ""sel_10th_pre_bid"": ""+76800"", ""sel_9th_pre_req_pre"": ""0"", ""sel_9th_pre_req"": ""1"", ""sel_9th_pre_bid"": ""+76700"", ""sel_8th_pre_req_pre"": ""0"", ""sel_8th_pre_req"": ""7"", ""sel_8th_pre_bid"": ""+76500"", ""sel_7th_pre_req_pre"": ""0"", ""sel_7th_pre_req"": ""1"", ""sel_7th_pre_bid"": ""+76400"", ""sel_6th_pre_req_pre"": ""0"", ""sel_6th_pre_req"": ""9"", ""sel_6th_pre_bid"": ""+76000"", ""sel_5th_pre_req_pre"": ""0"", ""sel_5th_pre_req"": ""100"", ""sel_5th_pre_bid"": ""+75900"", ""sel_4th_pre_req_pre"": ""0"", ""sel_4th_pre_req"": ""16"", ""sel_4th_pre_bid"": ""+75800"", ""sel_3th_pre_req_pre"": ""0"", ""sel_3th_pre_req"": ""85"", ""sel_3th_pre_bid"": ""+75700"", ""sel_2th_pre_req_pre"": ""0"", ""sel_2th_pre_req"": ""72"", ""sel_2th_pre_bid"": ""+75600"", ""sel_1th_pre_req_pre"": ""--1"", ""sel_fpr_req"": ""42"", ""sel_fpr_bid"": ""+75500"", ""buy_fpr_bid"": ""+75400"", ""buy_fpr_req"": ""37"", ""buy_1th_pre_req_pre"": ""--1"", ""buy_2th_pre_bid"": ""+75300"", ""buy_2th_pre_req"": ""27"", ""buy_2th_pre_req_pre"": ""0"", ""buy_3th_pre_bid"": ""+75200"", ""buy_3th_pre_req"": ""5"", ""buy_3th_pre_req_pre"": ""0"", ""buy_4th_pre_bid"": ""+75100"", ""buy_4th_pre_req"": ""123"", ""buy_4th_pre_req_pre"": ""0"", ""buy_5th_pre_bid"": ""+75000"", ""buy_5th_pre_req"": ""4"", ""buy_5th_pre_req_pre"": ""0"", ""buy_6th_pre_bid"": ""+74900"", ""buy_6th_pre_req"": ""10"", ""buy_6th_pre_req_pre"": ""0"", ""buy_7th_pre_bid"": ""+74800"", ""buy_7th_pre_req"": ""9"", ""buy_7th_pre_req_pre"": ""0"", ""buy_8th_pre_bid"": ""+74700"", ""buy_8th_pre_req"": ""15"", ""buy_8th_pre_req_pre"": ""0"", ""buy_9th_pre_bid"": ""74600"", ""buy_9th_pre_req"": ""65"", ""buy_9th_pre_req_pre"": ""0"", ""buy_10th_pre_bid"": ""-74500"", ""buy_10th_pre_req"": ""26"", ""buy_10th_pre_req_pre"": ""0"", ""tot_sel_req_jub_pre"": ""--1"", ""tot_sel_req"": ""353"", ""tot_buy_req"": ""321"", ""tot_buy_req_jub_pre"": ""--1"", ""ovt_sel_req_pre"": ""0"", ""ovt_sel_req"": ""0"", ""ovt_buy_req"": ""0"", ""ovt_buy_req_pre"": ""0"", ""return_code"": 0, ""return_msg"": ""정상적으로 처리되었습니다""}"
2026-06-10,scan_candidate,014680,,0,main_scan,259000,,259000,258500,259000,260500,0.3861003861003861,0.19305019305019305,,,,,,"{""bid_req_base_tm"": ""095257"", ""sel_10th_pre_req_pre"": ""0"", ""sel_10th_pre_req"": ""6"", ""sel_10th_pre_bid"": ""+263500"", ""sel_9th_pre_req_pre"": ""0"", ""sel_9th_pre_req"": ""11"", ""sel_9th_pre_bid"": ""+263000"", ""sel_8th_pre_req_pre"": ""0"", ""sel_8th_pre_req"": ""12"", ""sel_8th_pre_bid"": ""+262500"", ""sel_7th_pre_req_pre"": ""0"", ""sel_7th_pre_req"": ""8"", ""sel_7th_pre_bid"": ""+262000"", ""sel_6th_pre_req_pre"": ""0"", ""sel_6th_pre_req"": ""7"", ""sel_6th_pre_bid"": ""+261500"", ""sel_5th_pre_req_pre"": ""0"", ""sel_5th_pre_req"": ""53"", ""sel_5th_pre_bid"": ""+261000"", ""sel_4th_pre_req_pre"": ""0"", ""sel_4th_pre_req"": ""44"", ""sel_4th_pre_bid"": ""+260500"", ""sel_3th_pre_req_pre"": ""0"", ""sel_3th_pre_req"": ""67"", ""sel_3th_pre_bid"": ""+260000"", ""sel_2th_pre_req_pre"": ""+1"", ""sel_2th_pre_req"": ""72"", ""sel_2th_pre_bid"": ""+259500"", ""sel_1th_pre_req_pre"": ""0"", ""sel_fpr_req"": ""16"", ""sel_fpr_bid"": ""+259000"", ""buy_fpr_bid"": ""+258500"", ""buy_fpr_req"": ""18"", ""buy_1th_pre_req_pre"": ""0"", ""buy_2th_pre_bid"": ""+258000"", ""buy_2th_pre_req"": ""121"", ""buy_2th_pre_req_pre"": ""0"", ""buy_3th_pre_bid"": ""+257500"", ""buy_3th_pre_req"": ""160"", ""buy_3th_pre_req_pre"": ""0"", ""buy_4th_pre_bid"": ""+257000"", ""buy_4th_pre_req"": ""139"", ""buy_4th_pre_req_pre"": ""0"", ""buy_5th_pre_bid"": ""+256500"", ""buy_5th_pre_req"": ""3"", ""buy_5th_pre_req_pre"": ""0"", ""buy_6th_pre_bid"": ""+256000"", ""buy_6th_pre_req"": ""2"", ""buy_6th_pre_req_pre"": ""0"", ""buy_7th_pre_bid"": ""+255500"", ""buy_7th_pre_req"": ""68"", ""buy_7th_pre_req_pre"": ""0"", ""buy_8th_pre_bid"": ""+255000"", ""buy_8th_pre_req"": ""2"", ""buy_8th_pre_req_pre"": ""0"", ""buy_9th_pre_bid"": ""+254500"", ""buy_9th_pre_req"": ""23"", ""buy_9th_pre_req_pre"": ""0"", ""buy_10th_pre_bid"": ""+254000"", ""buy_10th_pre_req"": ""17"", ""buy_10th_pre_req_pre"": ""0"", ""tot_sel_req_jub_pre"": ""+1"", ""tot_sel_req"": ""296"", ""tot_buy_req"": ""553"", ""tot_buy_req_jub_pre"": ""0"", ""ovt_sel_req_pre"": ""0"", ""ovt_sel_req"": ""0"", ""ovt_buy_req"": ""0"", ""ovt_buy_req_pre"": ""0"", ""return_code"": 0, ""return_msg"": ""정상적으로 처리되었습니다""}"
2026-06-10,scan_candidate,028670,,0,main_scan,5060,,5060,5050,5060,5090,0.3952569169960474,0.1976284584980237,,,,,,"{""bid_req_base_tm"": ""095258"", ""sel_10th_pre_req_pre"": ""0"", ""sel_10th_pre_req"": ""200"", ""sel_10th_pre_bid"": ""-5150"", ""sel_9th_pre_req_pre"": ""0"", ""sel_9th_pre_req"": ""330"", ""sel_9th_pre_bid"": ""-5140"", ""sel_8th_pre_req_pre"": ""0"", ""sel_8th_pre_req"": ""160"", ""sel_8th_pre_bid"": ""-5130"", ""sel_7th_pre_req_pre"": ""0"", ""sel_7th_pre_req"": ""307"", ""sel_7th_pre_bid"": ""-5120"", ""sel_6th_pre_req_pre"": ""0"", ""sel_6th_pre_req"": ""200"", ""sel_6th_pre_bid"": ""-5110"", ""sel_5th_pre_req_pre"": ""0"", ""sel_5th_pre_req"": ""1720"", ""sel_5th_pre_bid"": ""-5100"", ""sel_4th_pre_req_pre"": ""0"", ""sel_4th_pre_req"": ""555"", ""sel_4th_pre_bid"": ""-5090"", ""sel_3th_pre_req_pre"": ""0"", ""sel_3th_pre_req"": ""4183"", ""sel_3th_pre_bid"": ""-5080"", ""sel_2th_pre_req_pre"": ""0"", ""sel_2th_pre_req"": ""84"", ""sel_2th_pre_bid"": ""-5070"", ""sel_1th_pre_req_pre"": ""0"", ""sel_fpr_req"": ""1117"", ""sel_fpr_bid"": ""-5060"", ""buy_fpr_bid"": ""-5050"", ""buy_fpr_req"": ""1049"", ""buy_1th_pre_req_pre"": ""0"", ""buy_2th_pre_bid"": ""-5040"", ""buy_2th_pre_req"": ""6007"", ""buy_2th_pre_req_pre"": ""0"", ""buy_3th_pre_bid"": ""-5030"", ""buy_3th_pre_req"": ""3679"", ""buy_3th_pre_req_pre"": ""0"", ""buy_4th_pre_bid"": ""-5020"", ""buy_4th_pre_req"": ""8315"", ""buy_4th_pre_req_pre"": ""0"", ""buy_5th_pre_bid"": ""-5010"", ""buy_5th_pre_req"": ""2513"", ""buy_5th_pre_req_pre"": ""0"", ""buy_6th_pre_bid"": ""-5000"", ""buy_6th_pre_req"": ""11534"", ""buy_6th_pre_req_pre"": ""0"", ""buy_7th_pre_bid"": ""-4995"", ""buy_7th_pre_req"": ""1820"", ""buy_7th_pre_req_pre"": ""0"", ""buy_8th_pre_bid"": ""-4990"", ""buy_8th_pre_req"": ""1215"", ""buy_8th_pre_req_pre"": ""0"", ""buy_9th_pre_bid"": ""-4985"", ""buy_9th_pre_req"": ""1060"", ""buy_9th_pre_req_pre"": ""0"", ""buy_10th_pre_bid"": ""-4980"", ""buy_10th_pre_req"": ""14474"", ""buy_10th_pre_req_pre"": ""0"", ""tot_sel_req_jub_pre"": ""0"", ""tot_sel_req"": ""8856"", ""tot_buy_req"": ""51666"", ""tot_buy_req_jub_pre"": ""0"", ""ovt_sel_req_pre"": ""0"", ""ovt_sel_req"": ""0"", ""ovt_buy_req"": ""0"", ""ovt_buy_req_pre"": ""0"", ""return_code"": 0, ""return_msg"": ""정상적으로 처리되었습니다""}"
2026-06-10,scan_candidate,009420,,0,main_scan,50100,,50100,49950,50100,50400,0.39920159680638717,0.29940119760479045,,,,,,"{""bid_req_base_tm"": ""095258"", ""sel_10th_pre_req_pre"": ""0"", ""sel_10th_pre_req"": ""13"", ""sel_10th_pre_bid"": ""-51200"", ""sel_9th_pre_req_pre"": ""0"", ""sel_9th_pre_req"": ""50"", ""sel_9th_pre_bid"": ""-51100"", ""sel_8th_pre_req_pre"": ""0"", ""sel_8th_pre_req"": ""100"", ""sel_8th_pre_bid"": ""-51000"", ""sel_7th_pre_req_pre"": ""0"", ""sel_7th_pre_req"": ""54"", ""sel_7th_pre_bid"": ""-50900"", ""sel_6th_pre_req_pre"": ""0"", ""sel_6th_pre_req"": ""162"", ""sel_6th_pre_bid"": ""-50800"", ""sel_5th_pre_req_pre"": ""0"", ""sel_5th_pre_req"": ""14"", ""sel_5th_pre_bid"": ""-50600"", ""sel_4th_pre_req_pre"": ""0"", ""sel_4th_pre_req"": ""507"", ""sel_4th_pre_bid"": ""-50500"", ""sel_3th_pre_req_pre"": ""0"", ""sel_3th_pre_req"": ""20"", ""sel_3th_pre_bid"": ""-50400"", ""sel_2th_pre_req_pre"": ""0"", ""sel_2th_pre_req"": ""44"", ""sel_2th_pre_bid"": ""-50200"", ""sel_1th_pre_req_pre"": ""0"", ""sel_fpr_req"": ""12"", ""sel_fpr_bid"": ""-50100"", ""buy_fpr_bid"": ""-49950"", ""buy_fpr_req"": ""36"", ""buy_1th_pre_req_pre"": ""0"", ""buy_2th_pre_bid"": ""-49900"", ""buy_2th_pre_req"": ""6"", ""buy_2th_pre_req_pre"": ""0"", ""buy_3th_pre_bid"": ""-49850"", ""buy_3th_pre_req"": ""112"", ""buy_3th_pre_req_pre"": ""0"", ""buy_4th_pre_bid"": ""-49800"", ""buy_4th_pre_req"": ""432"", ""buy_4th_pre_req_pre"": ""0"", ""buy_5th_pre_bid"": ""-49750"", ""buy_5th_pre_req"": ""154"", ""buy_5th_pre_req_pre"": ""0"", ""buy_6th_pre_bid"": ""-49700"", ""buy_6th_pre_req"": ""71"", ""buy_6th_pre_req_pre"": ""0"", ""buy_7th_pre_bid"": ""-49650"", ""buy_7th_pre_req"": ""235"", ""buy_7th_pre_req_pre"": ""0"", ""buy_8th_pre_bid"": ""-49600"", ""buy_8th_pre_req"": ""762"", ""buy_8th_pre_req_pre"": ""+5"", ""buy_9th_pre_bid"": ""-49550"", ""buy_9th_pre_req"": ""386"", ""buy_9th_pre_req_pre"": ""0"", ""buy_10th_pre_bid"": ""-49500"", ""buy_10th_pre_req"": ""440"", ""buy_10th_pre_req_pre"": ""0"", ""tot_sel_req_jub_pre"": ""0"", ""tot_sel_req"": ""976"", ""tot_buy_req"": ""2634"", ""tot_buy_req_jub_pre"": ""+5"", ""ovt_sel_req_pre"": ""0"", ""ovt_sel_req"": ""0"", ""ovt_buy_req"": ""0"", ""ovt_buy_req_pre"": ""0"", ""return_code"": 0, ""return_msg"": ""정상적으로 처리되었습니다""}"
2026-06-10,scan_candidate,004990,,0,main_scan,25550,,25550,25450,25550,25650,0.19569471624266144,0.3913894324853229,,,,,,"{""bid_req_base_tm"": ""095254"", ""sel_10th_pre_req_pre"": ""0"", ""sel_10th_pre_req"": ""69"", ""sel_10th_pre_bid"": ""26150"", ""sel_9th_pre_req_pre"": ""0"", ""sel_9th_pre_req"": ""602"", ""sel_9th_pre_bid"": ""-26100"", ""sel_8th_pre_req_pre"": ""0"", ""sel_8th_pre_req"": ""51"", ""sel_8th_pre_bid"": ""-26050"", ""sel_7th_pre_req_pre"": ""0"", ""sel_7th_pre_req"": ""253"", ""sel_7th_pre_bid"": ""-26000"", ""sel_6th_pre_req_pre"": ""0"", ""sel_6th_pre_req"": ""6"", ""sel_6th_pre_bid"": ""-25950"", ""sel_5th_pre_req_pre"": ""0"", ""sel_5th_pre_req"": ""250"", ""sel_5th_pre_bid"": ""-25900"", ""sel_4th_pre_req_pre"": ""0"", ""sel_4th_pre_req"": ""770"", ""sel_4th_pre_bid"": ""-25750"", ""sel_3th_pre_req_pre"": ""0"", ""sel_3th_pre_req"": ""150"", ""sel_3th_pre_bid"": ""-25700"", ""sel_2th_pre_req_pre"": ""0"", ""sel_2th_pre_req"": ""274"", ""sel_2th_pre_bid"": ""-25600"", ""sel_1th_pre_req_pre"": ""0"", ""sel_fpr_req"": ""619"", ""sel_fpr_bid"": ""-25550"", ""buy_fpr_bid"": ""-25450"", ""buy_fpr_req"": ""783"", ""buy_1th_pre_req_pre"": ""--1"", ""buy_2th_pre_bid"": ""-25400"", ""buy_2th_pre_req"": ""796"", ""buy_2th_pre_req_pre"": ""0"", ""buy_3th_pre_bid"": ""-25350"", ""buy_3th_pre_req"": ""297"", ""buy_3th_pre_req_pre"": ""0"", ""buy_4th_pre_bid"": ""-25300"", ""buy_4th_pre_req"": ""501"", ""buy_4th_pre_req_pre"": ""0"", ""buy_5th_pre_bid"": ""-25250"", ""buy_5th_pre_req"": ""633"", ""buy_5th_pre_req_pre"": ""0"", ""buy_6th_pre_bid"": ""-25200"", ""buy_6th_pre_req"": ""402"", ""buy_6th_pre_req_pre"": ""0"", ""buy_7th_pre_bid"": ""-25150"", ""buy_7th_pre_req"": ""1573"", ""buy_7th_pre_req_pre"": ""0"", ""buy_8th_pre_bid"": ""-25100"", ""buy_8th_pre_req"": ""1420"", ""buy_8th_pre_req_pre"": ""0"", ""buy_9th_pre_bid"": ""-25050"", ""buy_9th_pre_req"": ""1481"", ""buy_9th_pre_req_pre"": ""0"", ""buy_10th_pre_bid"": ""-25000"", ""buy_10th_pre_req"": ""857"", ""buy_10th_pre_req_pre"": ""0"", ""tot_sel_req_jub_pre"": ""0"", ""tot_sel_req"": ""3044"", ""tot_buy_req"": ""8743"", ""tot_buy_req_jub_pre"": ""--1"", ""ovt_sel_req_pre"": ""0"", ""ovt_sel_req"": ""0"", ""ovt_buy_req"": ""0"", ""ovt_buy_req_pre"": ""0"", ""return_code"": 0, ""return_msg"": ""정상적으로 처리되었습니다""}"
2026-06-10,scan_candidate,483650,,0,main_scan,204000,,204000,203500,204000,202500,-0.9803921568627451,0.24509803921568626,,,,,,"{""bid_req_base_tm"": ""095258"", ""sel_10th_pre_req_pre"": ""0"", ""sel_10th_pre_req"": ""130"", ""sel_10th_pre_bid"": ""+208500"", ""sel_9th_pre_req_pre"": ""0"", ""sel_9th_pre_req"": ""479"", ""sel_9th_pre_bid"": ""+208000"", ""sel_8th_pre_req_pre"": ""0"", ""sel_8th_pre_req"": ""378"", ""sel_8th_pre_bid"": ""+207500"", ""sel_7th_pre_req_pre"": ""0"", ""sel_7th_pre_req"": ""912"", ""sel_7th_pre_bid"": ""+207000"", ""sel_6th_pre_req_pre"": ""0"", ""sel_6th_pre_req"": ""1632"", ""sel_6th_pre_bid"": ""+206500"", ""sel_5th_pre_req_pre"": ""0"", ""sel_5th_pre_req"": ""1411"", ""sel_5th_pre_bid"": ""+206000"", ""sel_4th_pre_req_pre"": ""0"", ""sel_4th_pre_req"": ""353"", ""sel_4th_pre_bid"": ""+205500"", ""sel_3th_pre_req_pre"": ""0"", ""sel_3th_pre_req"": ""108"", ""sel_3th_pre_bid"": ""+205000"", ""sel_2th_pre_req_pre"": ""0"", ""sel_2th_pre_req"": ""448"", ""sel_2th_pre_bid"": ""+204500"", ""sel_1th_pre_req_pre"": ""--36"", ""sel_fpr_req"": ""1"", ""sel_fpr_bid"": ""+204000"", ""buy_fpr_bid"": ""+203500"", ""buy_fpr_req"": ""37"", ""buy_1th_pre_req_pre"": ""+4"", ""buy_2th_pre_bid"": ""+203000"", ""buy_2th_pre_req"": ""48"", ""buy_2th_pre_req_pre"": ""0"", ""buy_3th_pre_bid"": ""+202500"", ""buy_3th_pre_req"": ""124"", ""buy_3th_pre_req_pre"": ""0"", ""buy_4th_pre_bid"": ""+202000"", ""buy_4th_pre_req"": ""206"", ""buy_4th_pre_req_pre"": ""0"", ""buy_5th_pre_bid"": ""+201500"", ""buy_5th_pre_req"": ""70"", ""buy_5th_pre_req_pre"": ""0"", ""buy_6th_pre_bid"": ""+201000"", ""buy_6th_pre_req"": ""261"", ""buy_6th_pre_req_pre"": ""0"", ""buy_7th_pre_bid"": ""+200500"", ""buy_7th_pre_req"": ""63"", ""buy_7th_pre_req_pre"": ""0"", ""buy_8th_pre_bid"": ""+200000"", ""buy_8th_pre_req"": ""335"", ""buy_8th_pre_req_pre"": ""0"", ""buy_9th_pre_bid"": ""+199900"", ""buy_9th_pre_req"": ""64"", ""buy_9th_pre_req_pre"": ""0"", ""buy_10th_pre_bid"": ""+199800"", ""buy_10th_pre_req"": ""8"", ""buy_10th_pre_req_pre"": ""0"", ""tot_sel_req_jub_pre"": ""--36"", ""tot_sel_req"": ""5852"", ""tot_buy_req"": ""1216"", ""tot_buy_req_jub_pre"": ""+4"", ""ovt_sel_req_pre"": ""0"", ""ovt_sel_req"": ""0"", ""ovt_buy_req"": ""0"", ""ovt_buy_req_pre"": ""0"", ""return_code"": 0, ""return_msg"": ""정상적으로 처리되었습니다""}"
2026-06-10,scan_candidate,003690,,0,main_scan,13250,,13250,13240,13250,13200,-0.7547169811320755,0.07547169811320754,,,,,,"{""bid_req_base_tm"": ""095258"", ""sel_10th_pre_req_pre"": ""0"", ""sel_10th_pre_req"": ""363"", ""sel_10th_pre_bid"": ""-13370"", ""sel_9th_pre_req_pre"": ""0"", ""sel_9th_pre_req"": ""270"", ""sel_9th_pre_bid"": ""-13360"", ""sel_8th_pre_req_pre"": ""0"", ""sel_8th_pre_req"": ""883"", ""sel_8th_pre_bid"": ""-13350"", ""sel_7th_pre_req_pre"": ""0"", ""sel_7th_pre_req"": ""481"", ""sel_7th_pre_bid"": ""-13340"", ""sel_6th_pre_req_pre"": ""0"", ""sel_6th_pre_req"": ""255"", ""sel_6th_pre_bid"": ""-13330"", ""sel_5th_pre_req_pre"": ""0"", ""sel_5th_pre_req"": ""285"", ""sel_5th_pre_bid"": ""-13320"", ""sel_4th_pre_req_pre"": ""0"", ""sel_4th_pre_req"": ""50"", ""sel_4th_pre_bid"": ""-13310"", ""sel_3th_pre_req_pre"": ""0"", ""sel_3th_pre_req"": ""632"", ""sel_3th_pre_bid"": ""-13300"", ""sel_2th_pre_req_pre"": ""0"", ""sel_2th_pre_req"": ""272"", ""sel_2th_pre_bid"": ""-13260"", ""sel_1th_pre_req_pre"": ""0"", ""sel_fpr_req"": ""46"", ""sel_fpr_bid"": ""-13250"", ""buy_fpr_bid"": ""-13240"", ""buy_fpr_req"": ""260"", ""buy_1th_pre_req_pre"": ""+24"", ""buy_2th_pre_bid"": ""-13210"", ""buy_2th_pre_req"": ""28"", ""buy_2th_pre_req_pre"": ""0"", ""buy_3th_pre_bid"": ""-13200"", ""buy_3th_pre_req"": ""106"", ""buy_3th_pre_req_pre"": ""0"", ""buy_4th_pre_bid"": ""-13190"", ""buy_4th_pre_req"": ""51"", ""buy_4th_pre_req_pre"": ""0"", ""buy_5th_pre_bid"": ""-13160"", ""buy_5th_pre_req"": ""130"", ""buy_5th_pre_req_pre"": ""0"", ""buy_6th_pre_bid"": ""-13150"", ""buy_6th_pre_req"": ""71"", ""buy_6th_pre_req_pre"": ""0"", ""buy_7th_pre_bid"": ""-13130"", ""buy_7th_pre_req"": ""1"", ""buy_7th_pre_req_pre"": ""0"", ""buy_8th_pre_bid"": ""-13120"", ""buy_8th_pre_req"": ""50"", ""buy_8th_pre_req_pre"": ""0"", ""buy_9th_pre_bid"": ""-13100"", ""buy_9th_pre_req"": ""139"", ""buy_9th_pre_req_pre"": ""0"", ""buy_10th_pre_bid"": ""-13090"", ""buy_10th_pre_req"": ""306"", ""buy_10th_pre_req_pre"": ""0"", ""tot_sel_req_jub_pre"": ""0"", ""tot_sel_req"": ""3537"", ""tot_buy_req"": ""1142"", ""tot_buy_req_jub_pre"": ""+24"", ""ovt_sel_req_pre"": ""0"", ""ovt_sel_req"": ""0"", ""ovt_buy_req"": ""0"", ""ovt_buy_req_pre"": ""0"", ""return_code"": 0, ""return_msg"": ""정상적으로 처리되었습니다""}"
2026-06-10,scan_candidate,279570,,0,main_scan,5990,,5990,5980,5990,5960,-0.667779632721202,0.1669449081803005,,,,,,"{""bid_req_base_tm"": ""095259"", ""sel_10th_pre_req_pre"": ""0"", ""sel_10th_pre_req"": ""11675"", ""sel_10th_pre_bid"": ""+6080"", ""sel_9th_pre_req_pre"": ""0"", ""sel_9th_pre_req"": ""10233"", ""sel_9th_pre_bid"": ""+6070"", ""sel_8th_pre_req_pre"": ""0"", ""sel_8th_pre_req"": ""35080"", ""sel_8th_pre_bid"": ""+6060"", ""sel_7th_pre_req_pre"": ""0"", ""sel_7th_pre_req"": ""33302"", ""sel_7th_pre_bid"": ""+6050"", ""sel_6th_pre_req_pre"": ""0"", ""sel_6th_pre_req"": ""21354"", ""sel_6th_pre_bid"": ""+6040"", ""sel_5th_pre_req_pre"": ""0"", ""sel_5th_pre_req"": ""16514"", ""sel_5th_pre_bid"": ""+6030"", ""sel_4th_pre_req_pre"": ""0"", ""sel_4th_pre_req"": ""19993"", ""sel_4th_pre_bid"": ""+6020"", ""sel_3th_pre_req_pre"": ""0"", ""sel_3th_pre_req"": ""16795"", ""sel_3th_pre_bid"": ""+6010"", ""sel_2th_pre_req_pre"": ""0"", ""sel_2th_pre_req"": ""27749"", ""sel_2th_pre_bid"": ""+6000"", ""sel_1th_pre_req_pre"": ""0"", ""sel_fpr_req"": ""21368"", ""sel_fpr_bid"": ""+5990"", ""buy_fpr_bid"": ""+5980"", ""buy_fpr_req"": ""111"", ""buy_1th_pre_req_pre"": ""0"", ""buy_2th_pre_bid"": ""+5970"", ""buy_2th_pre_req"": ""1337"", ""buy_2th_pre_req_pre"": ""+200"", ""buy_3th_pre_bid"": ""+5960"", ""buy_3th_pre_req"": ""7583"", ""buy_3th_pre_req_pre"": ""+1"", ""buy_4th_pre_bid"": ""+5950"", ""buy_4th_pre_req"": ""34170"", ""buy_4th_pre_req_pre"": ""0"", ""buy_5th_pre_bid"": ""+5940"", ""buy_5th_pre_req"": ""4722"", ""buy_5th_pre_req_pre"": ""0"", ""buy_6th_pre_bid"": ""+5930"", ""buy_6th_pre_req"": ""4819"", ""buy_6th_pre_req_pre"": ""0"", ""buy_7th_pre_bid"": ""+5920"", ""buy_7th_pre_req"": ""6992"", ""buy_7th_pre_req_pre"": ""0"", ""buy_8th_pre_bid"": ""+5910"", ""buy_8th_pre_req"": ""11777"", ""buy_8th_pre_req_pre"": ""0"", ""buy_9th_pre_bid"": ""+5900"", ""buy_9th_pre_req"": ""11942"", ""buy_9th_pre_req_pre"": ""0"", ""buy_10th_pre_bid"": ""+5890"", ""buy_10th_pre_req"": ""3648"", ""buy_10th_pre_req_pre"": ""0"", ""tot_sel_req_jub_pre"": ""0"", ""tot_sel_req"": ""214063"", ""tot_buy_req"": ""87101"", ""tot_buy_req_jub_pre"": ""+201"", ""ovt_sel_req_pre"": ""0"", ""ovt_sel_req"": ""0"", ""ovt_buy_req"": ""0"", ""ovt_buy_req_pre"": ""0"", ""return_code"": 0, ""return_msg"": ""정상적으로 처리되었습니다""}"
2026-06-10,scan_candidate,008770,,0,main_scan,53900,,53900,53700,53900,54100,0.1855287569573284,0.3710575139146568,,,,,,"{""bid_req_base_tm"": ""095258"", ""sel_10th_pre_req_pre"": ""0"", ""sel_10th_pre_req"": ""476"", ""sel_10th_pre_bid"": ""-55000"", ""sel_9th_pre_req_pre"": ""0"", ""sel_9th_pre_req"": ""302"", ""sel_9th_pre_bid"": ""-54900"", ""sel_8th_pre_req_pre"": ""0"", ""sel_8th_pre_req"": ""258"", ""sel_8th_pre_bid"": ""-54800"", ""sel_7th_pre_req_pre"": ""0"", ""sel_7th_pre_req"": ""34"", ""sel_7th_pre_bid"": ""-54700"", ""sel_6th_pre_req_pre"": ""0"", ""sel_6th_pre_req"": ""11"", ""sel_6th_pre_bid"": ""-54600"", ""sel_5th_pre_req_pre"": ""0"", ""sel_5th_pre_req"": ""4"", ""sel_5th_pre_bid"": ""-54300"", ""sel_4th_pre_req_pre"": ""0"", ""sel_4th_pre_req"": ""466"", ""sel_4th_pre_bid"": ""-54200"", ""sel_3th_pre_req_pre"": ""0"", ""sel_3th_pre_req"": ""22"", ""sel_3th_pre_bid"": ""-54100"", ""sel_2th_pre_req_pre"": ""0"", ""sel_2th_pre_req"": ""67"", ""sel_2th_pre_bid"": ""-54000"", ""sel_1th_pre_req_pre"": ""--4"", ""sel_fpr_req"": ""127"", ""sel_fpr_bid"": ""-53900"", ""buy_fpr_bid"": ""-53700"", ""buy_fpr_req"": ""76"", ""buy_1th_pre_req_pre"": ""0"", ""buy_2th_pre_bid"": ""-53600"", ""buy_2th_pre_req"": ""327"", ""buy_2th_pre_req_pre"": ""0"", ""buy_3th_pre_bid"": ""-53500"", ""buy_3th_pre_req"": ""545"", ""buy_3th_pre_req_pre"": ""0"", ""buy_4th_pre_bid"": ""-53400"", ""buy_4th_pre_req"": ""291"", ""buy_4th_pre_req_pre"": ""0"", ""buy_5th_pre_bid"": ""-53300"", ""buy_5th_pre_req"": ""194"", ""buy_5th_pre_req_pre"": ""0"", ""buy_6th_pre_bid"": ""-53200"", ""buy_6th_pre_req"": ""2023"", ""buy_6th_pre_req_pre"": ""0"", ""buy_7th_pre_bid"": ""-53100"", ""buy_7th_pre_req"": ""330"", ""buy_7th_pre_req_pre"": ""0"", ""buy_8th_pre_bid"": ""-53000"", ""buy_8th_pre_req"": ""1022"", ""buy_8th_pre_req_pre"": ""0"", ""buy_9th_pre_bid"": ""-52900"", ""buy_9th_pre_req"": ""596"", ""buy_9th_pre_req_pre"": ""0"", ""buy_10th_pre_bid"": ""-52800"", ""buy_10th_pre_req"": ""410"", ""buy_10th_pre_req_pre"": ""0"", ""tot_sel_req_jub_pre"": ""--4"", ""tot_sel_req"": ""1767"", ""tot_buy_req"": ""5814"", ""tot_buy_req_jub_pre"": ""0"", ""ovt_sel_req_pre"": ""0"", ""ovt_sel_req"": ""0"", ""ovt_buy_req"": ""0"", ""ovt_buy_req_pre"": ""0"", ""return_code"": 0, ""return_msg"": ""정상적으로 처리되었습니다""}"
2026-06-10,scan_candidate,081660,,0,main_scan,40200,,40200,40100,40200,40150,-0.24875621890547264,0.24875621890547264,,,,,,"{""bid_req_base_tm"": ""095252"", ""sel_10th_pre_req_pre"": ""0"", ""sel_10th_pre_req"": ""90"", ""sel_10th_pre_bid"": ""+40700"", ""sel_9th_pre_req_pre"": ""0"", ""sel_9th_pre_req"": ""50"", ""sel_9th_pre_bid"": ""+40650"", ""sel_8th_pre_req_pre"": ""0"", ""sel_8th_pre_req"": ""75"", ""sel_8th_pre_bid"": ""+40600"", ""sel_7th_pre_req_pre"": ""0"", ""sel_7th_pre_req"": ""126"", ""sel_7th_pre_bid"": ""+40550"", ""sel_6th_pre_req_pre"": ""0"", ""sel_6th_pre_req"": ""140"", ""sel_6th_pre_bid"": ""+40500"", ""sel_5th_pre_req_pre"": ""+10"", ""sel_5th_pre_req"": ""20"", ""sel_5th_pre_bid"": ""+40450"", ""sel_4th_pre_req_pre"": ""0"", ""sel_4th_pre_req"": ""87"", ""sel_4th_pre_bid"": ""+40400"", ""sel_3th_pre_req_pre"": ""0"", ""sel_3th_pre_req"": ""18"", ""sel_3th_pre_bid"": ""+40350"", ""sel_2th_pre_req_pre"": ""0"", ""sel_2th_pre_req"": ""98"", ""sel_2th_pre_bid"": ""+40300"", ""sel_1th_pre_req_pre"": ""0"", ""sel_fpr_req"": ""70"", ""sel_fpr_bid"": ""+40200"", ""buy_fpr_bid"": ""+40100"", ""buy_fpr_req"": ""170"", ""buy_1th_pre_req_pre"": ""0"", ""buy_2th_pre_bid"": ""+40050"", ""buy_2th_pre_req"": ""50"", ""buy_2th_pre_req_pre"": ""0"", ""buy_3th_pre_bid"": ""+40000"", ""buy_3th_pre_req"": ""154"", ""buy_3th_pre_req_pre"": ""0"", ""buy_4th_pre_bid"": ""+39950"", ""buy_4th_pre_req"": ""64"", ""buy_4th_pre_req_pre"": ""0"", ""buy_5th_pre_bid"": ""+39900"", ""buy_5th_pre_req"": ""46"", ""buy_5th_pre_req_pre"": ""0"", ""buy_6th_pre_bid"": ""+39850"", ""buy_6th_pre_req"": ""90"", ""buy_6th_pre_req_pre"": ""0"", ""buy_7th_pre_bid"": ""+39800"", ""buy_7th_pre_req"": ""40"", ""buy_7th_pre_req_pre"": ""0"", ""buy_8th_pre_bid"": ""+39750"", ""buy_8th_pre_req"": ""40"", ""buy_8th_pre_req_pre"": ""0"", ""buy_9th_pre_bid"": ""39700"", ""buy_9th_pre_req"": ""60"", ""buy_9th_pre_req_pre"": ""0"", ""buy_10th_pre_bid"": ""-39650"", ""buy_10th_pre_req"": ""30"", ""buy_10th_pre_req_pre"": ""0"", ""tot_sel_req_jub_pre"": ""+10"", ""tot_sel_req"": ""774"", ""tot_buy_req"": ""744"", ""tot_buy_req_jub_pre"": ""0"", ""ovt_sel_req_pre"": ""0"", ""ovt_sel_req"": ""0"", ""ovt_buy_req"": ""0"", ""ovt_buy_req_pre"": ""0"", ""return_code"": 0, ""return_msg"": ""정상적으로 처리되었습니다""}"
2026-06-10,scan_candidate,462870,,0,main_scan,30650,,30650,30600,30650,30850,0.48939641109298526,0.1631321370309951,,,,,,"{""bid_req_base_tm"": ""095259"", ""sel_10th_pre_req_pre"": ""0"", ""sel_10th_pre_req"": ""46"", ""sel_10th_pre_bid"": ""-31100"", ""sel_9th_pre_req_pre"": ""0"", ""sel_9th_pre_req"": ""28"", ""sel_9th_pre_bid"": ""-31050"", ""sel_8th_pre_req_pre"": ""0"", ""sel_8th_pre_req"": ""221"", ""sel_8th_pre_bid"": ""-31000"", ""sel_7th_pre_req_pre"": ""0"", ""sel_7th_pre_req"": ""21"", ""sel_7th_pre_bid"": ""-30950"", ""sel_6th_pre_req_pre"": ""0"", ""sel_6th_pre_req"": ""213"", ""sel_6th_pre_bid"": ""-30900"", ""sel_5th_pre_req_pre"": ""0"", ""sel_5th_pre_req"": ""39"", ""sel_5th_pre_bid"": ""-30850"", ""sel_4th_pre_req_pre"": ""0"", ""sel_4th_pre_req"": ""51"", ""sel_4th_pre_bid"": ""-30800"", ""sel_3th_pre_req_pre"": ""0"", ""sel_3th_pre_req"": ""9"", ""sel_3th_pre_bid"": ""-30750"", ""sel_2th_pre_req_pre"": ""0"", ""sel_2th_pre_req"": ""31"", ""sel_2th_pre_bid"": ""-30700"", ""sel_1th_pre_req_pre"": ""0"", ""sel_fpr_req"": ""55"", ""sel_fpr_bid"": ""-30650"", ""buy_fpr_bid"": ""-30600"", ""buy_fpr_req"": ""2730"", ""buy_1th_pre_req_pre"": ""+3"", ""buy_2th_pre_bid"": ""-30550"", ""buy_2th_pre_req"": ""31"", ""buy_2th_pre_req_pre"": ""0"", ""buy_3th_pre_bid"": ""-30500"", ""buy_3th_pre_req"": ""222"", ""buy_3th_pre_req_pre"": ""0"", ""buy_4th_pre_bid"": ""-30450"", ""buy_4th_pre_req"": ""197"", ""buy_4th_pre_req_pre"": ""0"", ""buy_5th_pre_bid"": ""-30400"", ""buy_5th_pre_req"": ""264"", ""buy_5th_pre_req_pre"": ""0"", ""buy_6th_pre_bid"": ""-30350"", ""buy_6th_pre_req"": ""120"", ""buy_6th_pre_req_pre"": ""--1"", ""buy_7th_pre_bid"": ""-30300"", ""buy_7th_pre_req"": ""237"", ""buy_7th_pre_req_pre"": ""0"", ""buy_8th_pre_bid"": ""-30250"", ""buy_8th_pre_req"": ""382"", ""buy_8th_pre_req_pre"": ""0"", ""buy_9th_pre_bid"": ""-30200"", ""buy_9th_pre_req"": ""1206"", ""buy_9th_pre_req_pre"": ""0"", ""buy_10th_pre_bid"": ""-30150"", ""buy_10th_pre_req"": ""525"", ""buy_10th_pre_req_pre"": ""0"", ""tot_sel_req_jub_pre"": ""0"", ""tot_sel_req"": ""714"", ""tot_buy_req"": ""5914"", ""tot_buy_req_jub_pre"": ""+2"", ""ovt_sel_req_pre"": ""0"", ""ovt_sel_req"": ""0"", ""ovt_buy_req"": ""0"", ""ovt_buy_req_pre"": ""0"", ""return_code"": 0, ""return_msg"": ""정상적으로 처리되었습니다""}"
2026-06-10,scan_candidate,120110,,0,main_scan,68700,,68700,68300,68700,68200,-0.8733624454148471,0.5822416302765648,,,,,,"{""bid_req_base_tm"": ""095258"", ""sel_10th_pre_req_pre"": ""0"", ""sel_10th_pre_req"": ""506"", ""sel_10th_pre_bid"": ""+69700"", ""sel_9th_pre_req_pre"": ""0"", ""sel_9th_pre_req"": ""70"", ""sel_9th_pre_bid"": ""+69600"", ""sel_8th_pre_req_pre"": ""+1"", ""sel_8th_pre_req"": ""64"", ""sel_8th_pre_bid"": ""+69500"", ""sel_7th_pre_req_pre"": ""0"", ""sel_7th_pre_req"": ""90"", ""sel_7th_pre_bid"": ""+69400"", ""sel_6th_pre_req_pre"": ""0"", ""sel_6th_pre_req"": ""110"", ""sel_6th_pre_bid"": ""+69200"", ""sel_5th_pre_req_pre"": ""0"", ""sel_5th_pre_req"": ""56"", ""sel_5th_pre_bid"": ""+69100"", ""sel_4th_pre_req_pre"": ""0"", ""sel_4th_pre_req"": ""495"", ""sel_4th_pre_bid"": ""+69000"", ""sel_3th_pre_req_pre"": ""0"", ""sel_3th_pre_req"": ""130"", ""sel_3th_pre_bid"": ""+68900"", ""sel_2th_pre_req_pre"": ""0"", ""sel_2th_pre_req"": ""99"", ""sel_2th_pre_bid"": ""+68800"", ""sel_1th_pre_req_pre"": ""0"", ""sel_fpr_req"": ""147"", ""sel_fpr_bid"": ""+68700"", ""buy_fpr_bid"": ""+68300"", ""buy_fpr_req"": ""40"", ""buy_1th_pre_req_pre"": ""0"", ""buy_2th_pre_bid"": ""+68200"", ""buy_2th_pre_req"": ""107"", ""buy_2th_pre_req_pre"": ""0"", ""buy_3th_pre_bid"": ""+68100"", ""buy_3th_pre_req"": ""24"", ""buy_3th_pre_req_pre"": ""0"", ""buy_4th_pre_bid"": ""+68000"", ""buy_4th_pre_req"": ""209"", ""buy_4th_pre_req_pre"": ""0"", ""buy_5th_pre_bid"": ""+67900"", ""buy_5th_pre_req"": ""3"", ""buy_5th_pre_req_pre"": ""0"", ""buy_6th_pre_bid"": ""+67800"", ""buy_6th_pre_req"": ""44"", ""buy_6th_pre_req_pre"": ""0"", ""buy_7th_pre_bid"": ""+67700"", ""buy_7th_pre_req"": ""90"", ""buy_7th_pre_req_pre"": ""0"", ""buy_8th_pre_bid"": ""+67600"", ""buy_8th_pre_req"": ""74"", ""buy_8th_pre_req_pre"": ""0"", ""buy_9th_pre_bid"": ""+67500"", ""buy_9th_pre_req"": ""159"", ""buy_9th_pre_req_pre"": ""0"", ""buy_10th_pre_bid"": ""+67400"", ""buy_10th_pre_req"": ""2"", ""buy_10th_pre_req_pre"": ""0"", ""tot_sel_req_jub_pre"": ""+1"", ""tot_sel_req"": ""1767"", ""tot_buy_req"": ""752"", ""tot_buy_req_jub_pre"": ""0"", ""ovt_sel_req_pre"": ""0"", ""ovt_sel_req"": ""0"", ""ovt_buy_req"": ""0"", ""ovt_buy_req_pre"": ""0"", ""return_code"": 0, ""return_msg"": ""정상적으로 처리되었습니다""}"
2026-06-10,scan_candidate,009155,,0,main_scan,605000,,605000,604000,605000,607000,0.1652892561983471,0.1652892561983471,,,,,,"{""bid_req_base_tm"": ""095300"", ""sel_10th_pre_req_pre"": ""0"", ""sel_10th_pre_req"": ""6"", ""sel_10th_pre_bid"": ""-614000"", ""sel_9th_pre_req_pre"": ""0"", ""sel_9th_pre_req"": ""49"", ""sel_9th_pre_bid"": ""-613000"", ""sel_8th_pre_req_pre"": ""0"", ""sel_8th_pre_req"": ""13"", ""sel_8th_pre_bid"": ""-612000"", ""sel_7th_pre_req_pre"": ""0"", ""sel_7th_pre_req"": ""2"", ""sel_7th_pre_bid"": ""-611000"", ""sel_6th_pre_req_pre"": ""0"", ""sel_6th_pre_req"": ""52"", ""sel_6th_pre_bid"": ""-610000"", ""sel_5th_pre_req_pre"": ""0"", ""sel_5th_pre_req"": ""6"", ""sel_5th_pre_bid"": ""-609000"", ""sel_4th_pre_req_pre"": ""0"", ""sel_4th_pre_req"": ""38"", ""sel_4th_pre_bid"": ""-608000"", ""sel_3th_pre_req_pre"": ""0"", ""sel_3th_pre_req"": ""7"", ""sel_3th_pre_bid"": ""-607000"", ""sel_2th_pre_req_pre"": ""0"", ""sel_2th_pre_req"": ""14"", ""sel_2th_pre_bid"": ""-606000"", ""sel_1th_pre_req_pre"": ""0"", ""sel_fpr_req"": ""4"", ""sel_fpr_bid"": ""-605000"", ""buy_fpr_bid"": ""-604000"", ""buy_fpr_req"": ""9"", ""buy_1th_pre_req_pre"": ""+1"", ""buy_2th_pre_bid"": ""-603000"", ""buy_2th_pre_req"": ""25"", ""buy_2th_pre_req_pre"": ""0"", ""buy_3th_pre_bid"": ""-602000"", ""buy_3th_pre_req"": ""10"", ""buy_3th_pre_req_pre"": ""0"", ""buy_4th_pre_bid"": ""-601000"", ""buy_4th_pre_req"": ""99"", ""buy_4th_pre_req_pre"": ""0"", ""buy_5th_pre_bid"": ""-600000"", ""buy_5th_pre_req"": ""145"", ""buy_5th_pre_req_pre"": ""0"", ""buy_6th_pre_bid"": ""-599000"", ""buy_6th_pre_req"": ""119"", ""buy_6th_pre_req_pre"": ""0"", ""buy_7th_pre_bid"": ""-598000"", ""buy_7th_pre_req"": ""52"", ""buy_7th_pre_req_pre"": ""0"", ""buy_8th_pre_bid"": ""-597000"", ""buy_8th_pre_req"": ""89"", ""buy_8th_pre_req_pre"": ""0"", ""buy_9th_pre_bid"": ""-596000"", ""buy_9th_pre_req"": ""36"", ""buy_9th_pre_req_pre"": ""0"", ""buy_10th_pre_bid"": ""-595000"", ""buy_10th_pre_req"": ""178"", ""buy_10th_pre_req_pre"": ""0"", ""tot_sel_req_jub_pre"": ""0"", ""tot_sel_req"": ""191"", ""tot_buy_req"": ""762"", ""tot_buy_req_jub_pre"": ""+1"", ""ovt_sel_req_pre"": ""0"", ""ovt_sel_req"": ""0"", ""ovt_buy_req"": ""0"", ""ovt_buy_req_pre"": ""0"", ""return_code"": 0, ""return_msg"": ""정상적으로 처리되었습니다""}"
2026-06-10,scan_candidate,192080,,0,main_scan,72000,,72000,71900,72000,72300,0.2777777777777778,0.1388888888888889,,,,,,"{""bid_req_base_tm"": ""095255"", ""sel_10th_pre_req_pre"": ""0"", ""sel_10th_pre_req"": ""73"", ""sel_10th_pre_bid"": ""+73400"", ""sel_9th_pre_req_pre"": ""0"", ""sel_9th_pre_req"": ""11"", ""sel_9th_pre_bid"": ""+73300"", ""sel_8th_pre_req_pre"": ""0"", ""sel_8th_pre_req"": ""11"", ""sel_8th_pre_bid"": ""+73200"", ""sel_7th_pre_req_pre"": ""0"", ""sel_7th_pre_req"": ""50"", ""sel_7th_pre_bid"": ""+73000"", ""sel_6th_pre_req_pre"": ""0"", ""sel_6th_pre_req"": ""5"", ""sel_6th_pre_bid"": ""+72900"", ""sel_5th_pre_req_pre"": ""0"", ""sel_5th_pre_req"": ""2"", ""sel_5th_pre_bid"": ""+72600"", ""sel_4th_pre_req_pre"": ""0"", ""sel_4th_pre_req"": ""1"", ""sel_4th_pre_bid"": ""+72300"", ""sel_3th_pre_req_pre"": ""0"", ""sel_3th_pre_req"": ""20"", ""sel_3th_pre_bid"": ""+72200"", ""sel_2th_pre_req_pre"": ""0"", ""sel_2th_pre_req"": ""21"", ""sel_2th_pre_bid"": ""+72100"", ""sel_1th_pre_req_pre"": ""+3"", ""sel_fpr_req"": ""194"", ""sel_fpr_bid"": ""72000"", ""buy_fpr_bid"": ""-71900"", ""buy_fpr_req"": ""72"", ""buy_1th_pre_req_pre"": ""0"", ""buy_2th_pre_bid"": ""-71800"", ""buy_2th_pre_req"": ""56"", ""buy_2th_pre_req_pre"": ""0"", ""buy_3th_pre_bid"": ""-71700"", ""buy_3th_pre_req"": ""11"", ""buy_3th_pre_req_pre"": ""0"", ""buy_4th_pre_bid"": ""-71600"", ""buy_4th_pre_req"": ""58"", ""buy_4th_pre_req_pre"": ""0"", ""buy_5th_pre_bid"": ""-71500"", ""buy_5th_pre_req"": ""46"", ""buy_5th_pre_req_pre"": ""0"", ""buy_6th_pre_bid"": ""-71400"", ""buy_6th_pre_req"": ""11"", ""buy_6th_pre_req_pre"": ""0"", ""buy_7th_pre_bid"": ""-71300"", ""buy_7th_pre_req"": ""66"", ""buy_7th_pre_req_pre"": ""0"", ""buy_8th_pre_bid"": ""-71200"", ""buy_8th_pre_req"": ""415"", ""buy_8th_pre_req_pre"": ""0"", ""buy_9th_pre_bid"": ""-71100"", ""buy_9th_pre_req"": ""71"", ""buy_9th_pre_req_pre"": ""0"", ""buy_10th_pre_bid"": ""-71000"", ""buy_10th_pre_req"": ""82"", ""buy_10th_pre_req_pre"": ""0"", ""tot_sel_req_jub_pre"": ""+3"", ""tot_sel_req"": ""388"", ""tot_buy_req"": ""888"", ""tot_buy_req_jub_pre"": ""0"", ""ovt_sel_req_pre"": ""0"", ""ovt_sel_req"": ""0"", ""ovt_buy_req"": ""0"", ""ovt_buy_req_pre"": ""0"", ""return_code"": 0, ""return_msg"": ""정상적으로 처리되었습니다""}"
2026-06-10,scan_candidate,093370,,0,main_scan,14660,,14660,14650,14660,14650,-0.4092769440654843,0.06821282401091405,,,,,,"{""bid_req_base_tm"": ""095300"", ""sel_10th_pre_req_pre"": ""+3"", ""sel_10th_pre_req"": ""2446"", ""sel_10th_pre_bid"": ""+14750"", ""sel_9th_pre_req_pre"": ""0"", ""sel_9th_pre_req"": ""1810"", ""sel_9th_pre_bid"": ""+14740"", ""sel_8th_pre_req_pre"": ""0"", ""sel_8th_pre_req"": ""1077"", ""sel_8th_pre_bid"": ""+14730"", ""sel_7th_pre_req_pre"": ""0"", ""sel_7th_pre_req"": ""415"", ""sel_7th_pre_bid"": ""+14720"", ""sel_6th_pre_req_pre"": ""0"", ""sel_6th_pre_req"": ""173"", ""sel_6th_pre_bid"": ""+14710"", ""sel_5th_pre_req_pre"": ""+1"", ""sel_5th_pre_req"": ""4672"", ""sel_5th_pre_bid"": ""+14700"", ""sel_4th_pre_req_pre"": ""0"", ""sel_4th_pre_req"": ""360"", ""sel_4th_pre_bid"": ""+14690"", ""sel_3th_pre_req_pre"": ""0"", ""sel_3th_pre_req"": ""2882"", ""sel_3th_pre_bid"": ""+14680"", ""sel_2th_pre_req_pre"": ""0"", ""sel_2th_pre_req"": ""530"", ""sel_2th_pre_bid"": ""+14670"", ""sel_1th_pre_req_pre"": ""+15"", ""sel_fpr_req"": ""415"", ""sel_fpr_bid"": ""+14660"", ""buy_fpr_bid"": ""+14650"", ""buy_fpr_req"": ""8638"", ""buy_1th_pre_req_pre"": ""--55"", ""buy_2th_pre_bid"": ""+14640"", ""buy_2th_pre_req"": ""1197"", ""buy_2th_pre_req_pre"": ""0"", ""buy_3th_pre_bid"": ""+14630"", ""buy_3th_pre_req"": ""1729"", ""buy_3th_pre_req_pre"": ""0"", ""buy_4th_pre_bid"": ""+14620"", ""buy_4th_pre_req"": ""2534"", ""buy_4th_pre_req_pre"": ""0"", ""buy_5th_pre_bid"": ""+14610"", ""buy_5th_pre_req"": ""1532"", ""buy_5th_pre_req_pre"": ""0"", ""buy_6th_pre_bid"": ""+14600"", ""buy_6th_pre_req"": ""1764"", ""buy_6th_pre_req_pre"": ""0"", ""buy_7th_pre_bid"": ""+14590"", ""buy_7th_pre_req"": ""1708"", ""buy_7th_pre_req_pre"": ""0"", ""buy_8th_pre_bid"": ""+14580"", ""buy_8th_pre_req"": ""1584"", ""buy_8th_pre_req_pre"": ""0"", ""buy_9th_pre_bid"": ""+14570"", ""buy_9th_pre_req"": ""890"", ""buy_9th_pre_req_pre"": ""0"", ""buy_10th_pre_bid"": ""+14560"", ""buy_10th_pre_req"": ""1649"", ""buy_10th_pre_req_pre"": ""0"", ""tot_sel_req_jub_pre"": ""+19"", ""tot_sel_req"": ""14780"", ""tot_buy_req"": ""23225"", ""tot_buy_req_jub_pre"": ""--55"", ""ovt_sel_req_pre"": ""0"", ""ovt_sel_req"": ""0"", ""ovt_buy_req"": ""0"", ""ovt_buy_req_pre"": ""0"", ""return_code"": 0, ""return_msg"": ""정상적으로 처리되었습니다""}"
2026-06-10,scan_candidate,066575,,0,main_scan,78400,,78400,78300,78400,78100,-0.5102040816326531,0.12755102040816327,,,,,,"{""bid_req_base_tm"": ""095301"", ""sel_10th_pre_req_pre"": ""0"", ""sel_10th_pre_req"": ""172"", ""sel_10th_pre_bid"": ""-79300"", ""sel_9th_pre_req_pre"": ""0"", ""sel_9th_pre_req"": ""326"", ""sel_9th_pre_bid"": ""-79200"", ""sel_8th_pre_req_pre"": ""0"", ""sel_8th_pre_req"": ""255"", ""sel_8th_pre_bid"": ""-79100"", ""sel_7th_pre_req_pre"": ""0"", ""sel_7th_pre_req"": ""157"", ""sel_7th_pre_bid"": ""-79000"", ""sel_6th_pre_req_pre"": ""0"", ""sel_6th_pre_req"": ""403"", ""sel_6th_pre_bid"": ""-78900"", ""sel_5th_pre_req_pre"": ""0"", ""sel_5th_pre_req"": ""207"", ""sel_5th_pre_bid"": ""-78800"", ""sel_4th_pre_req_pre"": ""0"", ""sel_4th_pre_req"": ""1"", ""sel_4th_pre_bid"": ""-78700"", ""sel_3th_pre_req_pre"": ""0"", ""sel_3th_pre_req"": ""11"", ""sel_3th_pre_bid"": ""-78600"", ""sel_2th_pre_req_pre"": ""0"", ""sel_2th_pre_req"": ""4000"", ""sel_2th_pre_bid"": ""-78500"", ""sel_1th_pre_req_pre"": ""0"", ""sel_fpr_req"": ""152"", ""sel_fpr_bid"": ""-78400"", ""buy_fpr_bid"": ""-78300"", ""buy_fpr_req"": ""189"", ""buy_1th_pre_req_pre"": ""+1"", ""buy_2th_pre_bid"": ""-78200"", ""buy_2th_pre_req"": ""313"", ""buy_2th_pre_req_pre"": ""0"", ""buy_3th_pre_bid"": ""-78100"", ""buy_3th_pre_req"": ""671"", ""buy_3th_pre_req_pre"": ""0"", ""buy_4th_pre_bid"": ""-78000"", ""buy_4th_pre_req"": ""2176"", ""buy_4th_pre_req_pre"": ""0"", ""buy_5th_pre_bid"": ""-77900"", ""buy_5th_pre_req"": ""108"", ""buy_5th_pre_req_pre"": ""0"", ""buy_6th_pre_bid"": ""-77800"", ""buy_6th_pre_req"": ""274"", ""buy_6th_pre_req_pre"": ""0"", ""buy_7th_pre_bid"": ""-77700"", ""buy_7th_pre_req"": ""421"", ""buy_7th_pre_req_pre"": ""0"", ""buy_8th_pre_bid"": ""-77600"", ""buy_8th_pre_req"": ""81"", ""buy_8th_pre_req_pre"": ""0"", ""buy_9th_pre_bid"": ""-77500"", ""buy_9th_pre_req"": ""367"", ""buy_9th_pre_req_pre"": ""0"", ""buy_10th_pre_bid"": ""-77400"", ""buy_10th_pre_req"": ""40"", ""buy_10th_pre_req_pre"": ""0"", ""tot_sel_req_jub_pre"": ""0"", ""tot_sel_req"": ""5684"", ""tot_buy_req"": ""4640"", ""tot_buy_req_jub_pre"": ""+1"", ""ovt_sel_req_pre"": ""0"", ""ovt_sel_req"": ""0"", ""ovt_buy_req"": ""0"", ""ovt_buy_req_pre"": ""0"", ""return_code"": 0, ""return_msg"": ""정상적으로 처리되었습니다""}"
2026-06-10,scan_candidate,181710,,0,main_scan,40150,,40150,40100,40150,40400,0.49813200498132004,0.12453300124533001,,,,,,"{""bid_req_base_tm"": ""095300"", ""sel_10th_pre_req_pre"": ""0"", ""sel_10th_pre_req"": ""4"", ""sel_10th_pre_bid"": ""-40850"", ""sel_9th_pre_req_pre"": ""0"", ""sel_9th_pre_req"": ""24"", ""sel_9th_pre_bid"": ""-40700"", ""sel_8th_pre_req_pre"": ""0"", ""sel_8th_pre_req"": ""345"", ""sel_8th_pre_bid"": ""-40650"", ""sel_7th_pre_req_pre"": ""0"", ""sel_7th_pre_req"": ""40"", ""sel_7th_pre_bid"": ""-40600"", ""sel_6th_pre_req_pre"": ""0"", ""sel_6th_pre_req"": ""347"", ""sel_6th_pre_bid"": ""-40550"", ""sel_5th_pre_req_pre"": ""0"", ""sel_5th_pre_req"": ""218"", ""sel_5th_pre_bid"": ""-40500"", ""sel_4th_pre_req_pre"": ""0"", ""sel_4th_pre_req"": ""32"", ""sel_4th_pre_bid"": ""-40350"", ""sel_3th_pre_req_pre"": ""0"", ""sel_3th_pre_req"": ""12"", ""sel_3th_pre_bid"": ""-40250"", ""sel_2th_pre_req_pre"": ""--94"", ""sel_2th_pre_req"": ""97"", ""sel_2th_pre_bid"": ""-40200"", ""sel_1th_pre_req_pre"": ""0"", ""sel_fpr_req"": ""677"", ""sel_fpr_bid"": ""-40150"", ""buy_fpr_bid"": ""-40100"", ""buy_fpr_req"": ""26"", ""buy_1th_pre_req_pre"": ""0"", ""buy_2th_pre_bid"": ""-40050"", ""buy_2th_pre_req"": ""429"", ""buy_2th_pre_req_pre"": ""0"", ""buy_3th_pre_bid"": ""-40000"", ""buy_3th_pre_req"": ""975"", ""buy_3th_pre_req_pre"": ""0"", ""buy_4th_pre_bid"": ""-39950"", ""buy_4th_pre_req"": ""897"", ""buy_4th_pre_req_pre"": ""0"", ""buy_5th_pre_bid"": ""-39900"", ""buy_5th_pre_req"": ""23"", ""buy_5th_pre_req_pre"": ""0"", ""buy_6th_pre_bid"": ""-39850"", ""buy_6th_pre_req"": ""30"", ""buy_6th_pre_req_pre"": ""0"", ""buy_7th_pre_bid"": ""-39800"", ""buy_7th_pre_req"": ""16"", ""buy_7th_pre_req_pre"": ""0"", ""buy_8th_pre_bid"": ""-39750"", ""buy_8th_pre_req"": ""21"", ""buy_8th_pre_req_pre"": ""0"", ""buy_9th_pre_bid"": ""-39700"", ""buy_9th_pre_req"": ""120"", ""buy_9th_pre_req_pre"": ""0"", ""buy_10th_pre_bid"": ""-39650"", ""buy_10th_pre_req"": ""47"", ""buy_10th_pre_req_pre"": ""0"", ""tot_sel_req_jub_pre"": ""--94"", ""tot_sel_req"": ""1796"", ""tot_buy_req"": ""2584"", ""tot_buy_req_jub_pre"": ""0"", ""ovt_sel_req_pre"": ""0"", ""ovt_sel_req"": ""0"", ""ovt_buy_req"": ""0"", ""ovt_buy_req_pre"": ""0"", ""return_code"": 0, ""return_msg"": ""정상적으로 처리되었습니다""}"
2026-06-10,scan_candidate,034230,,0,main_scan,14700,,14700,14670,14700,14700,-0.3401360544217687,0.20408163265306123,,,,,,"{""bid_req_base_tm"": ""095300"", ""sel_10th_pre_req_pre"": ""0"", ""sel_10th_pre_req"": ""5"", ""sel_10th_pre_bid"": ""-14820"", ""sel_9th_pre_req_pre"": ""0"", ""sel_9th_pre_req"": ""317"", ""sel_9th_pre_bid"": ""-14810"", ""sel_8th_pre_req_pre"": ""0"", ""sel_8th_pre_req"": ""205"", ""sel_8th_pre_bid"": ""-14800"", ""sel_7th_pre_req_pre"": ""0"", ""sel_7th_pre_req"": ""51"", ""sel_7th_pre_bid"": ""-14790"", ""sel_6th_pre_req_pre"": ""0"", ""sel_6th_pre_req"": ""6"", ""sel_6th_pre_bid"": ""-14770"", ""sel_5th_pre_req_pre"": ""0"", ""sel_5th_pre_req"": ""8"", ""sel_5th_pre_bid"": ""-14760"", ""sel_4th_pre_req_pre"": ""0"", ""sel_4th_pre_req"": ""31"", ""sel_4th_pre_bid"": ""-14730"", ""sel_3th_pre_req_pre"": ""0"", ""sel_3th_pre_req"": ""14"", ""sel_3th_pre_bid"": ""-14720"", ""sel_2th_pre_req_pre"": ""0"", ""sel_2th_pre_req"": ""47"", ""sel_2th_pre_bid"": ""-14710"", ""sel_1th_pre_req_pre"": ""0"", ""sel_fpr_req"": ""2"", ""sel_fpr_bid"": ""-14700"", ""buy_fpr_bid"": ""-14670"", ""buy_fpr_req"": ""300"", ""buy_1th_pre_req_pre"": ""0"", ""buy_2th_pre_bid"": ""-14660"", ""buy_2th_pre_req"": ""407"", ""buy_2th_pre_req_pre"": ""0"", ""buy_3th_pre_bid"": ""-14650"", ""buy_3th_pre_req"": ""27"", ""buy_3th_pre_req_pre"": ""0"", ""buy_4th_pre_bid"": ""-14640"", ""buy_4th_pre_req"": ""291"", ""buy_4th_pre_req_pre"": ""0"", ""buy_5th_pre_bid"": ""-14630"", ""buy_5th_pre_req"": ""464"", ""buy_5th_pre_req_pre"": ""0"", ""buy_6th_pre_bid"": ""-14620"", ""buy_6th_pre_req"": ""570"", ""buy_6th_pre_req_pre"": ""0"", ""buy_7th_pre_bid"": ""-14610"", ""buy_7th_pre_req"": ""750"", ""buy_7th_pre_req_pre"": ""0"", ""buy_8th_pre_bid"": ""-14600"", ""buy_8th_pre_req"": ""3344"", ""buy_8th_pre_req_pre"": ""0"", ""buy_9th_pre_bid"": ""-14590"", ""buy_9th_pre_req"": ""55"", ""buy_9th_pre_req_pre"": ""0"", ""buy_10th_pre_bid"": ""-14580"", ""buy_10th_pre_req"": ""255"", ""buy_10th_pre_req_pre"": ""0"", ""tot_sel_req_jub_pre"": ""+188"", ""tot_sel_req"": ""686"", ""tot_buy_req"": ""6463"", ""tot_buy_req_jub_pre"": ""0"", ""ovt_sel_req_pre"": ""0"", ""ovt_sel_req"": ""0"", ""ovt_buy_req"": ""0"", ""ovt_buy_req_pre"": ""0"", ""return_code"": 0, ""return_msg"": ""정상적으로 처리되었습니다""}"
2026-06-10,scan_candidate,281820,,0,main_scan,66000,,66000,65800,66000,66500,0.6060606060606061,0.30303030303030304,,,,,,"{""bid_req_base_tm"": ""095301"", ""sel_10th_pre_req_pre"": ""0"", ""sel_10th_pre_req"": ""20"", ""sel_10th_pre_bid"": ""+67500"", ""sel_9th_pre_req_pre"": ""0"", ""sel_9th_pre_req"": ""6"", ""sel_9th_pre_bid"": ""+66900"", ""sel_8th_pre_req_pre"": ""0"", ""sel_8th_pre_req"": ""25"", ""sel_8th_pre_bid"": ""+66800"", ""sel_7th_pre_req_pre"": ""0"", ""sel_7th_pre_req"": ""20"", ""sel_7th_pre_bid"": ""+66700"", ""sel_6th_pre_req_pre"": ""0"", ""sel_6th_pre_req"": ""12"", ""sel_6th_pre_bid"": ""+66600"", ""sel_5th_pre_req_pre"": ""0"", ""sel_5th_pre_req"": ""107"", ""sel_5th_pre_bid"": ""+66500"", ""sel_4th_pre_req_pre"": ""0"", ""sel_4th_pre_req"": ""78"", ""sel_4th_pre_bid"": ""66400"", ""sel_3th_pre_req_pre"": ""0"", ""sel_3th_pre_req"": ""21"", ""sel_3th_pre_bid"": ""-66300"", ""sel_2th_pre_req_pre"": ""0"", ""sel_2th_pre_req"": ""14"", ""sel_2th_pre_bid"": ""-66100"", ""sel_1th_pre_req_pre"": ""--2"", ""sel_fpr_req"": ""25"", ""sel_fpr_bid"": ""-66000"", ""buy_fpr_bid"": ""-65800"", ""buy_fpr_req"": ""50"", ""buy_1th_pre_req_pre"": ""0"", ""buy_2th_pre_bid"": ""-65700"", ""buy_2th_pre_req"": ""23"", ""buy_2th_pre_req_pre"": ""0"", ""buy_3th_pre_bid"": ""-65600"", ""buy_3th_pre_req"": ""127"", ""buy_3th_pre_req_pre"": ""0"", ""buy_4th_pre_bid"": ""-65500"", ""buy_4th_pre_req"": ""211"", ""buy_4th_pre_req_pre"": ""0"", ""buy_5th_pre_bid"": ""-65400"", ""buy_5th_pre_req"": ""98"", ""buy_5th_pre_req_pre"": ""0"", ""buy_6th_pre_bid"": ""-65300"", ""buy_6th_pre_req"": ""23"", ""buy_6th_pre_req_pre"": ""0"", ""buy_7th_pre_bid"": ""-65200"", ""buy_7th_pre_req"": ""228"", ""buy_7th_pre_req_pre"": ""0"", ""buy_8th_pre_bid"": ""-65100"", ""buy_8th_pre_req"": ""132"", ""buy_8th_pre_req_pre"": ""0"", ""buy_9th_pre_bid"": ""-65000"", ""buy_9th_pre_req"": ""277"", ""buy_9th_pre_req_pre"": ""0"", ""buy_10th_pre_bid"": ""-64900"", ""buy_10th_pre_req"": ""11"", ""buy_10th_pre_req_pre"": ""0"", ""tot_sel_req_jub_pre"": ""--2"", ""tot_sel_req"": ""328"", ""tot_buy_req"": ""1180"", ""tot_buy_req_jub_pre"": ""0"", ""ovt_sel_req_pre"": ""0"", ""ovt_sel_req"": ""0"", ""ovt_buy_req"": ""0"", ""ovt_buy_req_pre"": ""0"", ""return_code"": 0, ""return_msg"": ""정상적으로 처리되었습니다""}"
2026-06-10,scan_candidate,001820,,0,main_scan,115800,,115800,115700,115800,115500,-0.690846286701209,0.08635578583765112,,,,,,"{""bid_req_base_tm"": ""095301"", ""sel_10th_pre_req_pre"": ""0"", ""sel_10th_pre_req"": ""978"", ""sel_10th_pre_bid"": ""-116800"", ""sel_9th_pre_req_pre"": ""0"", ""sel_9th_pre_req"": ""26"", ""sel_9th_pre_bid"": ""-116700"", ""sel_8th_pre_req_pre"": ""0"", ""sel_8th_pre_req"": ""1157"", ""sel_8th_pre_bid"": ""-116500"", ""sel_7th_pre_req_pre"": ""0"", ""sel_7th_pre_req"": ""321"", ""sel_7th_pre_bid"": ""-116400"", ""sel_6th_pre_req_pre"": ""0"", ""sel_6th_pre_req"": ""246"", ""sel_6th_pre_bid"": ""-116300"", ""sel_5th_pre_req_pre"": ""0"", ""sel_5th_pre_req"": ""36"", ""sel_5th_pre_bid"": ""-116200"", ""sel_4th_pre_req_pre"": ""0"", ""sel_4th_pre_req"": ""1"", ""sel_4th_pre_bid"": ""-116100"", ""sel_3th_pre_req_pre"": ""0"", ""sel_3th_pre_req"": ""202"", ""sel_3th_pre_bid"": ""-116000"", ""sel_2th_pre_req_pre"": ""0"", ""sel_2th_pre_req"": ""18"", ""sel_2th_pre_bid"": ""-115900"", ""sel_1th_pre_req_pre"": ""0"", ""sel_fpr_req"": ""49"", ""sel_fpr_bid"": ""-115800"", ""buy_fpr_bid"": ""-115700"", ""buy_fpr_req"": ""7"", ""buy_1th_pre_req_pre"": ""+1"", ""buy_2th_pre_bid"": ""-115600"", ""buy_2th_pre_req"": ""285"", ""buy_2th_pre_req_pre"": ""0"", ""buy_3th_pre_bid"": ""-115500"", ""buy_3th_pre_req"": ""203"", ""buy_3th_pre_req_pre"": ""0"", ""buy_4th_pre_bid"": ""-115400"", ""buy_4th_pre_req"": ""89"", ""buy_4th_pre_req_pre"": ""0"", ""buy_5th_pre_bid"": ""-115300"", ""buy_5th_pre_req"": ""175"", ""buy_5th_pre_req_pre"": ""0"", ""buy_6th_pre_bid"": ""-115200"", ""buy_6th_pre_req"": ""359"", ""buy_6th_pre_req_pre"": ""0"", ""buy_7th_pre_bid"": ""-115100"", ""buy_7th_pre_req"": ""94"", ""buy_7th_pre_req_pre"": ""0"", ""buy_8th_pre_bid"": ""-115000"", ""buy_8th_pre_req"": ""610"", ""buy_8th_pre_req_pre"": ""0"", ""buy_9th_pre_bid"": ""-114900"", ""buy_9th_pre_req"": ""91"", ""buy_9th_pre_req_pre"": ""0"", ""buy_10th_pre_bid"": ""-114800"", ""buy_10th_pre_req"": ""125"", ""buy_10th_pre_req_pre"": ""0"", ""tot_sel_req_jub_pre"": ""0"", ""tot_sel_req"": ""3034"", ""tot_buy_req"": ""2038"", ""tot_buy_req_jub_pre"": ""+1"", ""ovt_sel_req_pre"": ""0"", ""ovt_sel_req"": ""0"", ""ovt_buy_req"": ""0"", ""ovt_buy_req_pre"": ""0"", ""return_code"": 0, ""return_msg"": ""정상적으로 처리되었습니다""}"
2026-06-10,scan_candidate,000815,,0,main_scan,400000,,400000,399000,400000,399500,-0.25,0.25,,,,,,"{""bid_req_base_tm"": ""095256"", ""sel_10th_pre_req_pre"": ""0"", ""sel_10th_pre_req"": ""122"", ""sel_10th_pre_bid"": ""-406000"", ""sel_9th_pre_req_pre"": ""0"", ""sel_9th_pre_req"": ""5"", ""sel_9th_pre_bid"": ""-405500"", ""sel_8th_pre_req_pre"": ""0"", ""sel_8th_pre_req"": ""33"", ""sel_8th_pre_bid"": ""-405000"", ""sel_7th_pre_req_pre"": ""0"", ""sel_7th_pre_req"": ""13"", ""sel_7th_pre_bid"": ""-404500"", ""sel_6th_pre_req_pre"": ""0"", ""sel_6th_pre_req"": ""1"", ""sel_6th_pre_bid"": ""-404000"", ""sel_5th_pre_req_pre"": ""0"", ""sel_5th_pre_req"": ""179"", ""sel_5th_pre_bid"": ""-403500"", ""sel_4th_pre_req_pre"": ""0"", ""sel_4th_pre_req"": ""55"", ""sel_4th_pre_bid"": ""-403000"", ""sel_3th_pre_req_pre"": ""0"", ""sel_3th_pre_req"": ""10"", ""sel_3th_pre_bid"": ""-402000"", ""sel_2th_pre_req_pre"": ""0"", ""sel_2th_pre_req"": ""291"", ""sel_2th_pre_bid"": ""-401500"", ""sel_1th_pre_req_pre"": ""+5"", ""sel_fpr_req"": ""22"", ""sel_fpr_bid"": ""-400000"", ""buy_fpr_bid"": ""-399000"", ""buy_fpr_req"": ""1"", ""buy_1th_pre_req_pre"": ""0"", ""buy_2th_pre_bid"": ""-398500"", ""buy_2th_pre_req"": ""80"", ""buy_2th_pre_req_pre"": ""0"", ""buy_3th_pre_bid"": ""-398000"", ""buy_3th_pre_req"": ""116"", ""buy_3th_pre_req_pre"": ""0"", ""buy_4th_pre_bid"": ""-397500"", ""buy_4th_pre_req"": ""149"", ""buy_4th_pre_req_pre"": ""0"", ""buy_5th_pre_bid"": ""-397000"", ""buy_5th_pre_req"": ""90"", ""buy_5th_pre_req_pre"": ""0"", ""buy_6th_pre_bid"": ""-396500"", ""buy_6th_pre_req"": ""11"", ""buy_6th_pre_req_pre"": ""0"", ""buy_7th_pre_bid"": ""-396000"", ""buy_7th_pre_req"": ""23"", ""buy_7th_pre_req_pre"": ""0"", ""buy_8th_pre_bid"": ""-395500"", ""buy_8th_pre_req"": ""24"", ""buy_8th_pre_req_pre"": ""0"", ""buy_9th_pre_bid"": ""-395000"", ""buy_9th_pre_req"": ""66"", ""buy_9th_pre_req_pre"": ""0"", ""buy_10th_pre_bid"": ""-394500"", ""buy_10th_pre_req"": ""2"", ""buy_10th_pre_req_pre"": ""0"", ""tot_sel_req_jub_pre"": ""+5"", ""tot_sel_req"": ""731"", ""tot_buy_req"": ""562"", ""tot_buy_req_jub_pre"": ""0"", ""ovt_sel_req_pre"": ""0"", ""ovt_sel_req"": ""0"", ""ovt_buy_req"": ""0"", ""ovt_buy_req_pre"": ""0"", ""return_code"": 0, ""return_msg"": ""정상적으로 처리되었습니다""}"
2026-06-10,scan_candidate,499790,,0,main_scan,47950,,47950,47700,47950,47900,-0.20855057351407716,0.5213764337851928,,,,,,"{""bid_req_base_tm"": ""095250"", ""sel_10th_pre_req_pre"": ""0"", ""sel_10th_pre_req"": ""975"", ""sel_10th_pre_bid"": ""+48750"", ""sel_9th_pre_req_pre"": ""0"", ""sel_9th_pre_req"": ""36"", ""sel_9th_pre_bid"": ""+48700"", ""sel_8th_pre_req_pre"": ""0"", ""sel_8th_pre_req"": ""184"", ""sel_8th_pre_bid"": ""+48600"", ""sel_7th_pre_req_pre"": ""0"", ""sel_7th_pre_req"": ""5"", ""sel_7th_pre_bid"": ""+48550"", ""sel_6th_pre_req_pre"": ""0"", ""sel_6th_pre_req"": ""7"", ""sel_6th_pre_bid"": ""+48500"", ""sel_5th_pre_req_pre"": ""0"", ""sel_5th_pre_req"": ""53"", ""sel_5th_pre_bid"": ""+48300"", ""sel_4th_pre_req_pre"": ""0"", ""sel_4th_pre_req"": ""122"", ""sel_4th_pre_bid"": ""+48250"", ""sel_3th_pre_req_pre"": ""0"", ""sel_3th_pre_req"": ""81"", ""sel_3th_pre_bid"": ""+48200"", ""sel_2th_pre_req_pre"": ""0"", ""sel_2th_pre_req"": ""43"", ""sel_2th_pre_bid"": ""+48150"", ""sel_1th_pre_req_pre"": ""0"", ""sel_fpr_req"": ""14"", ""sel_fpr_bid"": ""+47950"", ""buy_fpr_bid"": ""+47700"", ""buy_fpr_req"": ""1"", ""buy_1th_pre_req_pre"": ""0"", ""buy_2th_pre_bid"": ""+47650"", ""buy_2th_pre_req"": ""11"", ""buy_2th_pre_req_pre"": ""0"", ""buy_3th_pre_bid"": ""+47600"", ""buy_3th_pre_req"": ""30"", ""buy_3th_pre_req_pre"": ""0"", ""buy_4th_pre_bid"": ""+47550"", ""buy_4th_pre_req"": ""44"", ""buy_4th_pre_req_pre"": ""0"", ""buy_5th_pre_bid"": ""+47500"", ""buy_5th_pre_req"": ""56"", ""buy_5th_pre_req_pre"": ""0"", ""buy_6th_pre_bid"": ""+47450"", ""buy_6th_pre_req"": ""51"", ""buy_6th_pre_req_pre"": ""0"", ""buy_7th_pre_bid"": ""+47400"", ""buy_7th_pre_req"": ""62"", ""buy_7th_pre_req_pre"": ""0"", ""buy_8th_pre_bid"": ""+47300"", ""buy_8th_pre_req"": ""44"", ""buy_8th_pre_req_pre"": ""+43"", ""buy_9th_pre_bid"": ""+47250"", ""buy_9th_pre_req"": ""55"", ""buy_9th_pre_req_pre"": ""0"", ""buy_10th_pre_bid"": ""+47200"", ""buy_10th_pre_req"": ""40"", ""buy_10th_pre_req_pre"": ""0"", ""tot_sel_req_jub_pre"": ""0"", ""tot_sel_req"": ""1520"", ""tot_buy_req"": ""394"", ""tot_buy_req_jub_pre"": ""+43"", ""ovt_sel_req_pre"": ""0"", ""ovt_sel_req"": ""0"", ""ovt_buy_req"": ""0"", ""ovt_buy_req_pre"": ""0"", ""return_code"": 0, ""return_msg"": ""정상적으로 처리되었습니다""}"
2026-06-10,scan_candidate,100090,,0,main_scan,16610,,16610,16600,16610,16600,-0.3612281757977122,0.060204695966285374,,,,,,"{""bid_req_base_tm"": ""095302"", ""sel_10th_pre_req_pre"": ""0"", ""sel_10th_pre_req"": ""47"", ""sel_10th_pre_bid"": ""+16760"", ""sel_9th_pre_req_pre"": ""0"", ""sel_9th_pre_req"": ""903"", ""sel_9th_pre_bid"": ""+16740"", ""sel_8th_pre_req_pre"": ""0"", ""sel_8th_pre_req"": ""59"", ""sel_8th_pre_bid"": ""+16710"", ""sel_7th_pre_req_pre"": ""0"", ""sel_7th_pre_req"": ""31"", ""sel_7th_pre_bid"": ""+16690"", ""sel_6th_pre_req_pre"": ""0"", ""sel_6th_pre_req"": ""2"", ""sel_6th_pre_bid"": ""+16680"", ""sel_5th_pre_req_pre"": ""0"", ""sel_5th_pre_req"": ""213"", ""sel_5th_pre_bid"": ""+16650"", ""sel_4th_pre_req_pre"": ""0"", ""sel_4th_pre_req"": ""4"", ""sel_4th_pre_bid"": ""+16640"", ""sel_3th_pre_req_pre"": ""0"", ""sel_3th_pre_req"": ""1562"", ""sel_3th_pre_bid"": ""+16630"", ""sel_2th_pre_req_pre"": ""0"", ""sel_2th_pre_req"": ""779"", ""sel_2th_pre_bid"": ""+16620"", ""sel_1th_pre_req_pre"": ""--50"", ""sel_fpr_req"": ""1429"", ""sel_fpr_bid"": ""+16610"", ""buy_fpr_bid"": ""+16600"", ""buy_fpr_req"": ""1218"", ""buy_1th_pre_req_pre"": ""0"", ""buy_2th_pre_bid"": ""+16590"", ""buy_2th_pre_req"": ""66"", ""buy_2th_pre_req_pre"": ""0"", ""buy_3th_pre_bid"": ""+16580"", ""buy_3th_pre_req"": ""77"", ""buy_3th_pre_req_pre"": ""0"", ""buy_4th_pre_bid"": ""+16570"", ""buy_4th_pre_req"": ""464"", ""buy_4th_pre_req_pre"": ""+5"", ""buy_5th_pre_bid"": ""+16560"", ""buy_5th_pre_req"": ""703"", ""buy_5th_pre_req_pre"": ""0"", ""buy_6th_pre_bid"": ""+16550"", ""buy_6th_pre_req"": ""535"", ""buy_6th_pre_req_pre"": ""0"", ""buy_7th_pre_bid"": ""+16540"", ""buy_7th_pre_req"": ""463"", ""buy_7th_pre_req_pre"": ""0"", ""buy_8th_pre_bid"": ""+16530"", ""buy_8th_pre_req"": ""1244"", ""buy_8th_pre_req_pre"": ""0"", ""buy_9th_pre_bid"": ""+16520"", ""buy_9th_pre_req"": ""947"", ""buy_9th_pre_req_pre"": ""0"", ""buy_10th_pre_bid"": ""+16510"", ""buy_10th_pre_req"": ""835"", ""buy_10th_pre_req_pre"": ""0"", ""tot_sel_req_jub_pre"": ""--50"", ""tot_sel_req"": ""5029"", ""tot_buy_req"": ""6552"", ""tot_buy_req_jub_pre"": ""+5"", ""ovt_sel_req_pre"": ""0"", ""ovt_sel_req"": ""0"", ""ovt_buy_req"": ""0"", ""ovt_buy_req_pre"": ""0"", ""return_code"": 0, ""return_msg"": ""정상적으로 처리되었습니다""}"
2026-06-10,scan_candidate,003160,,0,main_scan,27650,,27650,27600,27650,27600,-0.3616636528028933,0.18083182640144665,,,,,,"{""bid_req_base_tm"": ""095258"", ""sel_10th_pre_req_pre"": ""0"", ""sel_10th_pre_req"": ""473"", ""sel_10th_pre_bid"": ""+28100"", ""sel_9th_pre_req_pre"": ""0"", ""sel_9th_pre_req"": ""103"", ""sel_9th_pre_bid"": ""28050"", ""sel_8th_pre_req_pre"": ""0"", ""sel_8th_pre_req"": ""10"", ""sel_8th_pre_bid"": ""-28000"", ""sel_7th_pre_req_pre"": ""0"", ""sel_7th_pre_req"": ""150"", ""sel_7th_pre_bid"": ""-27950"", ""sel_6th_pre_req_pre"": ""0"", ""sel_6th_pre_req"": ""14"", ""sel_6th_pre_bid"": ""-27900"", ""sel_5th_pre_req_pre"": ""0"", ""sel_5th_pre_req"": ""119"", ""sel_5th_pre_bid"": ""-27850"", ""sel_4th_pre_req_pre"": ""0"", ""sel_4th_pre_req"": ""1192"", ""sel_4th_pre_bid"": ""-27800"", ""sel_3th_pre_req_pre"": ""0"", ""sel_3th_pre_req"": ""139"", ""sel_3th_pre_bid"": ""-27750"", ""sel_2th_pre_req_pre"": ""0"", ""sel_2th_pre_req"": ""65"", ""sel_2th_pre_bid"": ""-27700"", ""sel_1th_pre_req_pre"": ""0"", ""sel_fpr_req"": ""23"", ""sel_fpr_bid"": ""-27650"", ""buy_fpr_bid"": ""-27600"", ""buy_fpr_req"": ""157"", ""buy_1th_pre_req_pre"": ""+115"", ""buy_2th_pre_bid"": ""-27550"", ""buy_2th_pre_req"": ""110"", ""buy_2th_pre_req_pre"": ""0"", ""buy_3th_pre_bid"": ""-27500"", ""buy_3th_pre_req"": ""225"", ""buy_3th_pre_req_pre"": ""0"", ""buy_4th_pre_bid"": ""-27450"", ""buy_4th_pre_req"": ""274"", ""buy_4th_pre_req_pre"": ""0"", ""buy_5th_pre_bid"": ""-27400"", ""buy_5th_pre_req"": ""308"", ""buy_5th_pre_req_pre"": ""0"", ""buy_6th_pre_bid"": ""-27350"", ""buy_6th_pre_req"": ""64"", ""buy_6th_pre_req_pre"": ""0"", ""buy_7th_pre_bid"": ""-27300"", ""buy_7th_pre_req"": ""821"", ""buy_7th_pre_req_pre"": ""0"", ""buy_8th_pre_bid"": ""-27250"", ""buy_8th_pre_req"": ""103"", ""buy_8th_pre_req_pre"": ""0"", ""buy_9th_pre_bid"": ""-27200"", ""buy_9th_pre_req"": ""165"", ""buy_9th_pre_req_pre"": ""0"", ""buy_10th_pre_bid"": ""-27150"", ""buy_10th_pre_req"": ""253"", ""buy_10th_pre_req_pre"": ""0"", ""tot_sel_req_jub_pre"": ""0"", ""tot_sel_req"": ""2288"", ""tot_buy_req"": ""2480"", ""tot_buy_req_jub_pre"": ""+115"", ""ovt_sel_req_pre"": ""0"", ""ovt_sel_req"": ""0"", ""ovt_buy_req"": ""0"", ""ovt_buy_req_pre"": ""0"", ""return_code"": 0, ""return_msg"": ""정상적으로 처리되었습니다""}"
2026-06-10,scan_candidate,000370,,0,main_scan,6410,,6410,6400,6410,6410,-0.15600624024961,0.15600624024961,,,,,,"{""bid_req_base_tm"": ""095301"", ""sel_10th_pre_req_pre"": ""0"", ""sel_10th_pre_req"": ""803"", ""sel_10th_pre_bid"": ""+6520"", ""sel_9th_pre_req_pre"": ""0"", ""sel_9th_pre_req"": ""502"", ""sel_9th_pre_bid"": ""+6510"", ""sel_8th_pre_req_pre"": ""0"", ""sel_8th_pre_req"": ""302"", ""sel_8th_pre_bid"": ""+6500"", ""sel_7th_pre_req_pre"": ""0"", ""sel_7th_pre_req"": ""101"", ""sel_7th_pre_bid"": ""+6490"", ""sel_6th_pre_req_pre"": ""0"", ""sel_6th_pre_req"": ""394"", ""sel_6th_pre_bid"": ""+6480"", ""sel_5th_pre_req_pre"": ""0"", ""sel_5th_pre_req"": ""391"", ""sel_5th_pre_bid"": ""+6470"", ""sel_4th_pre_req_pre"": ""0"", ""sel_4th_pre_req"": ""76"", ""sel_4th_pre_bid"": ""6450"", ""sel_3th_pre_req_pre"": ""0"", ""sel_3th_pre_req"": ""1053"", ""sel_3th_pre_bid"": ""-6430"", ""sel_2th_pre_req_pre"": ""0"", ""sel_2th_pre_req"": ""1889"", ""sel_2th_pre_bid"": ""-6420"", ""sel_1th_pre_req_pre"": ""--63"", ""sel_fpr_req"": ""246"", ""sel_fpr_bid"": ""-6410"", ""buy_fpr_bid"": ""-6400"", ""buy_fpr_req"": ""17"", ""buy_1th_pre_req_pre"": ""--3"", ""buy_2th_pre_bid"": ""-6390"", ""buy_2th_pre_req"": ""121"", ""buy_2th_pre_req_pre"": ""0"", ""buy_3th_pre_bid"": ""-6380"", ""buy_3th_pre_req"": ""232"", ""buy_3th_pre_req_pre"": ""0"", ""buy_4th_pre_bid"": ""-6370"", ""buy_4th_pre_req"": ""1697"", ""buy_4th_pre_req_pre"": ""0"", ""buy_5th_pre_bid"": ""-6360"", ""buy_5th_pre_req"": ""336"", ""buy_5th_pre_req_pre"": ""0"", ""buy_6th_pre_bid"": ""-6350"", ""buy_6th_pre_req"": ""1673"", ""buy_6th_pre_req_pre"": ""0"", ""buy_7th_pre_bid"": ""-6340"", ""buy_7th_pre_req"": ""84"", ""buy_7th_pre_req_pre"": ""0"", ""buy_8th_pre_bid"": ""-6330"", ""buy_8th_pre_req"": ""214"", ""buy_8th_pre_req_pre"": ""0"", ""buy_9th_pre_bid"": ""-6320"", ""buy_9th_pre_req"": ""194"", ""buy_9th_pre_req_pre"": ""0"", ""buy_10th_pre_bid"": ""-6310"", ""buy_10th_pre_req"": ""226"", ""buy_10th_pre_req_pre"": ""0"", ""tot_sel_req_jub_pre"": ""--63"", ""tot_sel_req"": ""5757"", ""tot_buy_req"": ""4794"", ""tot_buy_req_jub_pre"": ""--3"", ""ovt_sel_req_pre"": ""0"", ""ovt_sel_req"": ""0"", ""ovt_buy_req"": ""0"", ""ovt_buy_req_pre"": ""0"", ""return_code"": 0, ""return_msg"": ""정상적으로 처리되었습니다""}"
2026-06-10,scan_candidate,114090,,0,main_scan,11870,,11870,11840,11870,11850,-0.5897219882055602,0.2527379949452401,,,,,,"{""bid_req_base_tm"": ""095303"", ""sel_10th_pre_req_pre"": ""0"", ""sel_10th_pre_req"": ""110"", ""sel_10th_pre_bid"": ""+12060"", ""sel_9th_pre_req_pre"": ""0"", ""sel_9th_pre_req"": ""39"", ""sel_9th_pre_bid"": ""+12050"", ""sel_8th_pre_req_pre"": ""0"", ""sel_8th_pre_req"": ""298"", ""sel_8th_pre_bid"": ""+12020"", ""sel_7th_pre_req_pre"": ""0"", ""sel_7th_pre_req"": ""821"", ""sel_7th_pre_bid"": ""+12010"", ""sel_6th_pre_req_pre"": ""0"", ""sel_6th_pre_req"": ""25"", ""sel_6th_pre_bid"": ""+12000"", ""sel_5th_pre_req_pre"": ""0"", ""sel_5th_pre_req"": ""5"", ""sel_5th_pre_bid"": ""+11990"", ""sel_4th_pre_req_pre"": ""0"", ""sel_4th_pre_req"": ""100"", ""sel_4th_pre_bid"": ""-11910"", ""sel_3th_pre_req_pre"": ""0"", ""sel_3th_pre_req"": ""10"", ""sel_3th_pre_bid"": ""-11890"", ""sel_2th_pre_req_pre"": ""0"", ""sel_2th_pre_req"": ""138"", ""sel_2th_pre_bid"": ""-11880"", ""sel_1th_pre_req_pre"": ""0"", ""sel_fpr_req"": ""195"", ""sel_fpr_bid"": ""-11870"", ""buy_fpr_bid"": ""-11840"", ""buy_fpr_req"": ""22"", ""buy_1th_pre_req_pre"": ""0"", ""buy_2th_pre_bid"": ""-11830"", ""buy_2th_pre_req"": ""593"", ""buy_2th_pre_req_pre"": ""0"", ""buy_3th_pre_bid"": ""-11820"", ""buy_3th_pre_req"": ""49"", ""buy_3th_pre_req_pre"": ""0"", ""buy_4th_pre_bid"": ""-11810"", ""buy_4th_pre_req"": ""417"", ""buy_4th_pre_req_pre"": ""0"", ""buy_5th_pre_bid"": ""-11800"", ""buy_5th_pre_req"": ""83"", ""buy_5th_pre_req_pre"": ""0"", ""buy_6th_pre_bid"": ""-11790"", ""buy_6th_pre_req"": ""116"", ""buy_6th_pre_req_pre"": ""0"", ""buy_7th_pre_bid"": ""-11780"", ""buy_7th_pre_req"": ""12"", ""buy_7th_pre_req_pre"": ""0"", ""buy_8th_pre_bid"": ""-11770"", ""buy_8th_pre_req"": ""16"", ""buy_8th_pre_req_pre"": ""0"", ""buy_9th_pre_bid"": ""-11760"", ""buy_9th_pre_req"": ""7"", ""buy_9th_pre_req_pre"": ""0"", ""buy_10th_pre_bid"": ""-11750"", ""buy_10th_pre_req"": ""209"", ""buy_10th_pre_req_pre"": ""0"", ""tot_sel_req_jub_pre"": ""0"", ""tot_sel_req"": ""1741"", ""tot_buy_req"": ""1524"", ""tot_buy_req_jub_pre"": ""0"", ""ovt_sel_req_pre"": ""0"", ""ovt_sel_req"": ""0"", ""ovt_buy_req"": ""0"", ""ovt_buy_req_pre"": ""0"", ""return_code"": 0, ""return_msg"": ""정상적으로 처리되었습니다""}"
2026-06-10,scan_candidate,005090,,0,main_scan,50800,,50800,50600,50800,51200,0.5905511811023622,0.39370078740157477,,,,,,"{""bid_req_base_tm"": ""095303"", ""sel_10th_pre_req_pre"": ""0"", ""sel_10th_pre_req"": ""219"", ""sel_10th_pre_bid"": ""+52100"", ""sel_9th_pre_req_pre"": ""0"", ""sel_9th_pre_req"": ""4"", ""sel_9th_pre_bid"": ""+52000"", ""sel_8th_pre_req_pre"": ""0"", ""sel_8th_pre_req"": ""98"", ""sel_8th_pre_bid"": ""+51600"", ""sel_7th_pre_req_pre"": ""0"", ""sel_7th_pre_req"": ""28"", ""sel_7th_pre_bid"": ""+51500"", ""sel_6th_pre_req_pre"": ""0"", ""sel_6th_pre_req"": ""128"", ""sel_6th_pre_bid"": ""+51400"", ""sel_5th_pre_req_pre"": ""0"", ""sel_5th_pre_req"": ""200"", ""sel_5th_pre_bid"": ""+51300"", ""sel_4th_pre_req_pre"": ""0"", ""sel_4th_pre_req"": ""20"", ""sel_4th_pre_bid"": ""+51100"", ""sel_3th_pre_req_pre"": ""0"", ""sel_3th_pre_req"": ""24"", ""sel_3th_pre_bid"": ""+51000"", ""sel_2th_pre_req_pre"": ""0"", ""sel_2th_pre_req"": ""43"", ""sel_2th_pre_bid"": ""+50900"", ""sel_1th_pre_req_pre"": ""0"", ""sel_fpr_req"": ""26"", ""sel_fpr_bid"": ""+50800"", ""buy_fpr_bid"": ""+50600"", ""buy_fpr_req"": ""30"", ""buy_1th_pre_req_pre"": ""+14"", ""buy_2th_pre_bid"": ""50500"", ""buy_2th_pre_req"": ""216"", ""buy_2th_pre_req_pre"": ""0"", ""buy_3th_pre_bid"": ""-50400"", ""buy_3th_pre_req"": ""484"", ""buy_3th_pre_req_pre"": ""0"", ""buy_4th_pre_bid"": ""-50300"", ""buy_4th_pre_req"": ""190"", ""buy_4th_pre_req_pre"": ""0"", ""buy_5th_pre_bid"": ""-50200"", ""buy_5th_pre_req"": ""80"", ""buy_5th_pre_req_pre"": ""0"", ""buy_6th_pre_bid"": ""-50100"", ""buy_6th_pre_req"": ""293"", ""buy_6th_pre_req_pre"": ""0"", ""buy_7th_pre_bid"": ""-50000"", ""buy_7th_pre_req"": ""706"", ""buy_7th_pre_req_pre"": ""0"", ""buy_8th_pre_bid"": ""-49950"", ""buy_8th_pre_req"": ""67"", ""buy_8th_pre_req_pre"": ""0"", ""buy_9th_pre_bid"": ""-49900"", ""buy_9th_pre_req"": ""74"", ""buy_9th_pre_req_pre"": ""0"", ""buy_10th_pre_bid"": ""-49850"", ""buy_10th_pre_req"": ""66"", ""buy_10th_pre_req_pre"": ""0"", ""tot_sel_req_jub_pre"": ""0"", ""tot_sel_req"": ""790"", ""tot_buy_req"": ""2206"", ""tot_buy_req_jub_pre"": ""+14"", ""ovt_sel_req_pre"": ""0"", ""ovt_sel_req"": ""0"", ""ovt_buy_req"": ""0"", ""ovt_buy_req_pre"": ""0"", ""return_code"": 0, ""return_msg"": ""정상적으로 처리되었습니다""}"
2026-06-10,scan_candidate,017900,,0,main_scan,10670,,10670,10640,10670,10650,-0.6560449859418931,0.28116213683223995,,,,,,"{""bid_req_base_tm"": ""095303"", ""sel_10th_pre_req_pre"": ""0"", ""sel_10th_pre_req"": ""1284"", ""sel_10th_pre_bid"": ""+10790"", ""sel_9th_pre_req_pre"": ""0"", ""sel_9th_pre_req"": ""24"", ""sel_9th_pre_bid"": ""+10780"", ""sel_8th_pre_req_pre"": ""0"", ""sel_8th_pre_req"": ""195"", ""sel_8th_pre_bid"": ""+10770"", ""sel_7th_pre_req_pre"": ""0"", ""sel_7th_pre_req"": ""259"", ""sel_7th_pre_bid"": ""+10740"", ""sel_6th_pre_req_pre"": ""--343"", ""sel_6th_pre_req"": ""1985"", ""sel_6th_pre_bid"": ""+10730"", ""sel_5th_pre_req_pre"": ""--83"", ""sel_5th_pre_req"": ""102"", ""sel_5th_pre_bid"": ""+10710"", ""sel_4th_pre_req_pre"": ""+259"", ""sel_4th_pre_req"": ""489"", ""sel_4th_pre_bid"": ""+10700"", ""sel_3th_pre_req_pre"": ""0"", ""sel_3th_pre_req"": ""105"", ""sel_3th_pre_bid"": ""+10690"", ""sel_2th_pre_req_pre"": ""0"", ""sel_2th_pre_req"": ""185"", ""sel_2th_pre_bid"": ""+10680"", ""sel_1th_pre_req_pre"": ""+80"", ""sel_fpr_req"": ""1568"", ""sel_fpr_bid"": ""+10670"", ""buy_fpr_bid"": ""+10640"", ""buy_fpr_req"": ""582"", ""buy_1th_pre_req_pre"": ""0"", ""buy_2th_pre_bid"": ""+10630"", ""buy_2th_pre_req"": ""524"", ""buy_2th_pre_req_pre"": ""0"", ""buy_3th_pre_bid"": ""+10620"", ""buy_3th_pre_req"": ""483"", ""buy_3th_pre_req_pre"": ""0"", ""buy_4th_pre_bid"": ""+10610"", ""buy_4th_pre_req"": ""2985"", ""buy_4th_pre_req_pre"": ""0"", ""buy_5th_pre_bid"": ""+10600"", ""buy_5th_pre_req"": ""1537"", ""buy_5th_pre_req_pre"": ""0"", ""buy_6th_pre_bid"": ""+10590"", ""buy_6th_pre_req"": ""429"", ""buy_6th_pre_req_pre"": ""0"", ""buy_7th_pre_bid"": ""+10580"", ""buy_7th_pre_req"": ""955"", ""buy_7th_pre_req_pre"": ""0"", ""buy_8th_pre_bid"": ""+10570"", ""buy_8th_pre_req"": ""558"", ""buy_8th_pre_req_pre"": ""0"", ""buy_9th_pre_bid"": ""+10560"", ""buy_9th_pre_req"": ""789"", ""buy_9th_pre_req_pre"": ""0"", ""buy_10th_pre_bid"": ""+10550"", ""buy_10th_pre_req"": ""474"", ""buy_10th_pre_req_pre"": ""0"", ""tot_sel_req_jub_pre"": ""--505"", ""tot_sel_req"": ""6196"", ""tot_buy_req"": ""9316"", ""tot_buy_req_jub_pre"": ""--20"", ""ovt_sel_req_pre"": ""0"", ""ovt_sel_req"": ""0"", ""ovt_buy_req"": ""0"", ""ovt_buy_req_pre"": ""0"", ""return_code"": 0, ""return_msg"": ""정상적으로 처리되었습니다""}"
2026-06-10,scan_candidate,006220,,0,main_scan,11360,,11360,11350,11360,11350,-0.528169014084507,0.08802816901408451,,,,,,"{""bid_req_base_tm"": ""095303"", ""sel_10th_pre_req_pre"": ""0"", ""sel_10th_pre_req"": ""1217"", ""sel_10th_pre_bid"": ""+11470"", ""sel_9th_pre_req_pre"": ""0"", ""sel_9th_pre_req"": ""255"", ""sel_9th_pre_bid"": ""+11460"", ""sel_8th_pre_req_pre"": ""0"", ""sel_8th_pre_req"": ""275"", ""sel_8th_pre_bid"": ""+11450"", ""sel_7th_pre_req_pre"": ""0"", ""sel_7th_pre_req"": ""27"", ""sel_7th_pre_bid"": ""+11440"", ""sel_6th_pre_req_pre"": ""0"", ""sel_6th_pre_req"": ""61"", ""sel_6th_pre_bid"": ""+11430"", ""sel_5th_pre_req_pre"": ""0"", ""sel_5th_pre_req"": ""111"", ""sel_5th_pre_bid"": ""+11420"", ""sel_4th_pre_req_pre"": ""0"", ""sel_4th_pre_req"": ""4"", ""sel_4th_pre_bid"": ""+11410"", ""sel_3th_pre_req_pre"": ""0"", ""sel_3th_pre_req"": ""1"", ""sel_3th_pre_bid"": ""+11380"", ""sel_2th_pre_req_pre"": ""0"", ""sel_2th_pre_req"": ""21"", ""sel_2th_pre_bid"": ""+11370"", ""sel_1th_pre_req_pre"": ""0"", ""sel_fpr_req"": ""1"", ""sel_fpr_bid"": ""+11360"", ""buy_fpr_bid"": ""+11350"", ""buy_fpr_req"": ""492"", ""buy_1th_pre_req_pre"": ""0"", ""buy_2th_pre_bid"": ""+11330"", ""buy_2th_pre_req"": ""59"", ""buy_2th_pre_req_pre"": ""+2"", ""buy_3th_pre_bid"": ""+11320"", ""buy_3th_pre_req"": ""2049"", ""buy_3th_pre_req_pre"": ""0"", ""buy_4th_pre_bid"": ""+11310"", ""buy_4th_pre_req"": ""1504"", ""buy_4th_pre_req_pre"": ""0"", ""buy_5th_pre_bid"": ""+11300"", ""buy_5th_pre_req"": ""256"", ""buy_5th_pre_req_pre"": ""0"", ""buy_6th_pre_bid"": ""+11290"", ""buy_6th_pre_req"": ""850"", ""buy_6th_pre_req_pre"": ""0"", ""buy_7th_pre_bid"": ""+11280"", ""buy_7th_pre_req"": ""385"", ""buy_7th_pre_req_pre"": ""0"", ""buy_8th_pre_bid"": ""+11270"", ""buy_8th_pre_req"": ""888"", ""buy_8th_pre_req_pre"": ""0"", ""buy_9th_pre_bid"": ""+11260"", ""buy_9th_pre_req"": ""394"", ""buy_9th_pre_req_pre"": ""0"", ""buy_10th_pre_bid"": ""+11250"", ""buy_10th_pre_req"": ""153"", ""buy_10th_pre_req_pre"": ""0"", ""tot_sel_req_jub_pre"": ""0"", ""tot_sel_req"": ""1973"", ""tot_buy_req"": ""7030"", ""tot_buy_req_jub_pre"": ""+2"", ""ovt_sel_req_pre"": ""0"", ""ovt_sel_req"": ""0"", ""ovt_buy_req"": ""0"", ""ovt_buy_req_pre"": ""0"", ""return_code"": 0, ""return_msg"": ""정상적으로 처리되었습니다""}"
2026-06-10,scan_candidate,092200,,0,main_scan,9840,,9840,9830,9840,9890,0.40650406504065045,0.10162601626016261,,,,,,"{""bid_req_base_tm"": ""095303"", ""sel_10th_pre_req_pre"": ""0"", ""sel_10th_pre_req"": ""216"", ""sel_10th_pre_bid"": ""-9970"", ""sel_9th_pre_req_pre"": ""0"", ""sel_9th_pre_req"": ""535"", ""sel_9th_pre_bid"": ""-9960"", ""sel_8th_pre_req_pre"": ""0"", ""sel_8th_pre_req"": ""280"", ""sel_8th_pre_bid"": ""-9950"", ""sel_7th_pre_req_pre"": ""0"", ""sel_7th_pre_req"": ""221"", ""sel_7th_pre_bid"": ""-9940"", ""sel_6th_pre_req_pre"": ""0"", ""sel_6th_pre_req"": ""269"", ""sel_6th_pre_bid"": ""-9930"", ""sel_5th_pre_req_pre"": ""0"", ""sel_5th_pre_req"": ""1790"", ""sel_5th_pre_bid"": ""-9920"", ""sel_4th_pre_req_pre"": ""0"", ""sel_4th_pre_req"": ""281"", ""sel_4th_pre_bid"": ""-9890"", ""sel_3th_pre_req_pre"": ""0"", ""sel_3th_pre_req"": ""100"", ""sel_3th_pre_bid"": ""-9880"", ""sel_2th_pre_req_pre"": ""0"", ""sel_2th_pre_req"": ""200"", ""sel_2th_pre_bid"": ""-9870"", ""sel_1th_pre_req_pre"": ""0"", ""sel_fpr_req"": ""22"", ""sel_fpr_bid"": ""-9840"", ""buy_fpr_bid"": ""-9830"", ""buy_fpr_req"": ""2072"", ""buy_1th_pre_req_pre"": ""+2"", ""buy_2th_pre_bid"": ""-9820"", ""buy_2th_pre_req"": ""1481"", ""buy_2th_pre_req_pre"": ""0"", ""buy_3th_pre_bid"": ""-9810"", ""buy_3th_pre_req"": ""4555"", ""buy_3th_pre_req_pre"": ""0"", ""buy_4th_pre_bid"": ""-9800"", ""buy_4th_pre_req"": ""5393"", ""buy_4th_pre_req_pre"": ""0"", ""buy_5th_pre_bid"": ""-9790"", ""buy_5th_pre_req"": ""725"", ""buy_5th_pre_req_pre"": ""0"", ""buy_6th_pre_bid"": ""-9780"", ""buy_6th_pre_req"": ""346"", ""buy_6th_pre_req_pre"": ""0"", ""buy_7th_pre_bid"": ""-9770"", ""buy_7th_pre_req"": ""1938"", ""buy_7th_pre_req_pre"": ""0"", ""buy_8th_pre_bid"": ""-9760"", ""buy_8th_pre_req"": ""963"", ""buy_8th_pre_req_pre"": ""0"", ""buy_9th_pre_bid"": ""-9750"", ""buy_9th_pre_req"": ""1308"", ""buy_9th_pre_req_pre"": ""0"", ""buy_10th_pre_bid"": ""-9740"", ""buy_10th_pre_req"": ""623"", ""buy_10th_pre_req_pre"": ""0"", ""tot_sel_req_jub_pre"": ""0"", ""tot_sel_req"": ""3914"", ""tot_buy_req"": ""19404"", ""tot_buy_req_jub_pre"": ""+2"", ""ovt_sel_req_pre"": ""0"", ""ovt_sel_req"": ""0"", ""ovt_buy_req"": ""0"", ""ovt_buy_req_pre"": ""0"", ""return_code"": 0, ""return_msg"": ""정상적으로 처리되었습니다""}"
2026-06-10,scan_candidate,000430,,0,main_scan,5860,,5860,5850,5860,5890,0.3412969283276451,0.17064846416382254,,,,,,"{""bid_req_base_tm"": ""095304"", ""sel_10th_pre_req_pre"": ""0"", ""sel_10th_pre_req"": ""141"", ""sel_10th_pre_bid"": ""-5950"", ""sel_9th_pre_req_pre"": ""0"", ""sel_9th_pre_req"": ""239"", ""sel_9th_pre_bid"": ""-5940"", ""sel_8th_pre_req_pre"": ""0"", ""sel_8th_pre_req"": ""297"", ""sel_8th_pre_bid"": ""-5930"", ""sel_7th_pre_req_pre"": ""0"", ""sel_7th_pre_req"": ""988"", ""sel_7th_pre_bid"": ""-5920"", ""sel_6th_pre_req_pre"": ""0"", ""sel_6th_pre_req"": ""350"", ""sel_6th_pre_bid"": ""-5910"", ""sel_5th_pre_req_pre"": ""0"", ""sel_5th_pre_req"": ""66"", ""sel_5th_pre_bid"": ""-5900"", ""sel_4th_pre_req_pre"": ""0"", ""sel_4th_pre_req"": ""52"", ""sel_4th_pre_bid"": ""-5890"", ""sel_3th_pre_req_pre"": ""0"", ""sel_3th_pre_req"": ""1744"", ""sel_3th_pre_bid"": ""-5880"", ""sel_2th_pre_req_pre"": ""0"", ""sel_2th_pre_req"": ""1213"", ""sel_2th_pre_bid"": ""-5870"", ""sel_1th_pre_req_pre"": ""--2"", ""sel_fpr_req"": ""1299"", ""sel_fpr_bid"": ""-5860"", ""buy_fpr_bid"": ""-5850"", ""buy_fpr_req"": ""1937"", ""buy_1th_pre_req_pre"": ""--1"", ""buy_2th_pre_bid"": ""-5840"", ""buy_2th_pre_req"": ""6090"", ""buy_2th_pre_req_pre"": ""0"", ""buy_3th_pre_bid"": ""-5830"", ""buy_3th_pre_req"": ""6288"", ""buy_3th_pre_req_pre"": ""0"", ""buy_4th_pre_bid"": ""-5820"", ""buy_4th_pre_req"": ""2810"", ""buy_4th_pre_req_pre"": ""0"", ""buy_5th_pre_bid"": ""-5810"", ""buy_5th_pre_req"": ""2228"", ""buy_5th_pre_req_pre"": ""0"", ""buy_6th_pre_bid"": ""-5800"", ""buy_6th_pre_req"": ""16429"", ""buy_6th_pre_req_pre"": ""0"", ""buy_7th_pre_bid"": ""-5790"", ""buy_7th_pre_req"": ""5727"", ""buy_7th_pre_req_pre"": ""0"", ""buy_8th_pre_bid"": ""-5780"", ""buy_8th_pre_req"": ""2457"", ""buy_8th_pre_req_pre"": ""0"", ""buy_9th_pre_bid"": ""-5770"", ""buy_9th_pre_req"": ""5572"", ""buy_9th_pre_req_pre"": ""0"", ""buy_10th_pre_bid"": ""-5760"", ""buy_10th_pre_req"": ""4718"", ""buy_10th_pre_req_pre"": ""0"", ""tot_sel_req_jub_pre"": ""--2"", ""tot_sel_req"": ""6389"", ""tot_buy_req"": ""54256"", ""tot_buy_req_jub_pre"": ""--1"", ""ovt_sel_req_pre"": ""0"", ""ovt_sel_req"": ""0"", ""ovt_buy_req"": ""0"", ""ovt_buy_req_pre"": ""0"", ""return_code"": 0, ""return_msg"": ""정상적으로 처리되었습니다""}"
2026-06-10,scan_candidate,010690,,0,main_scan,10580,,10580,10570,10580,10500,-1.2287334593572778,0.0945179584120983,,,,,,"{""bid_req_base_tm"": ""095304"", ""sel_10th_pre_req_pre"": ""0"", ""sel_10th_pre_req"": ""280"", ""sel_10th_pre_bid"": ""+10670"", ""sel_9th_pre_req_pre"": ""0"", ""sel_9th_pre_req"": ""3788"", ""sel_9th_pre_bid"": ""+10660"", ""sel_8th_pre_req_pre"": ""0"", ""sel_8th_pre_req"": ""398"", ""sel_8th_pre_bid"": ""+10650"", ""sel_7th_pre_req_pre"": ""0"", ""sel_7th_pre_req"": ""215"", ""sel_7th_pre_bid"": ""+10640"", ""sel_6th_pre_req_pre"": ""0"", ""sel_6th_pre_req"": ""39"", ""sel_6th_pre_bid"": ""+10630"", ""sel_5th_pre_req_pre"": ""0"", ""sel_5th_pre_req"": ""519"", ""sel_5th_pre_bid"": ""+10620"", ""sel_4th_pre_req_pre"": ""0"", ""sel_4th_pre_req"": ""500"", ""sel_4th_pre_bid"": ""+10610"", ""sel_3th_pre_req_pre"": ""0"", ""sel_3th_pre_req"": ""2416"", ""sel_3th_pre_bid"": ""+10600"", ""sel_2th_pre_req_pre"": ""0"", ""sel_2th_pre_req"": ""547"", ""sel_2th_pre_bid"": ""+10590"", ""sel_1th_pre_req_pre"": ""--376"", ""sel_fpr_req"": ""4"", ""sel_fpr_bid"": ""+10580"", ""buy_fpr_bid"": ""+10570"", ""buy_fpr_req"": ""114"", ""buy_1th_pre_req_pre"": ""--5"", ""buy_2th_pre_bid"": ""+10530"", ""buy_2th_pre_req"": ""1132"", ""buy_2th_pre_req_pre"": ""0"", ""buy_3th_pre_bid"": ""+10520"", ""buy_3th_pre_req"": ""12"", ""buy_3th_pre_req_pre"": ""0"", ""buy_4th_pre_bid"": ""+10510"", ""buy_4th_pre_req"": ""45"", ""buy_4th_pre_req_pre"": ""0"", ""buy_5th_pre_bid"": ""+10500"", ""buy_5th_pre_req"": ""973"", ""buy_5th_pre_req_pre"": ""0"", ""buy_6th_pre_bid"": ""+10470"", ""buy_6th_pre_req"": ""656"", ""buy_6th_pre_req_pre"": ""0"", ""buy_7th_pre_bid"": ""+10460"", ""buy_7th_pre_req"": ""224"", ""buy_7th_pre_req_pre"": ""0"", ""buy_8th_pre_bid"": ""+10450"", ""buy_8th_pre_req"": ""1798"", ""buy_8th_pre_req_pre"": ""0"", ""buy_9th_pre_bid"": ""+10440"", ""buy_9th_pre_req"": ""146"", ""buy_9th_pre_req_pre"": ""0"", ""buy_10th_pre_bid"": ""+10430"", ""buy_10th_pre_req"": ""565"", ""buy_10th_pre_req_pre"": ""0"", ""tot_sel_req_jub_pre"": ""--376"", ""tot_sel_req"": ""8706"", ""tot_buy_req"": ""5665"", ""tot_buy_req_jub_pre"": ""--5"", ""ovt_sel_req_pre"": ""0"", ""ovt_sel_req"": ""0"", ""ovt_buy_req"": ""0"", ""ovt_buy_req_pre"": ""0"", ""return_code"": 0, ""return_msg"": ""정상적으로 처리되었습니다""}"
2026-06-10,scan_candidate,005950,,0,main_scan,11870,,11870,11810,11870,11850,-0.5897219882055602,0.5054759898904801,,,,,,"{""bid_req_base_tm"": ""095302"", ""sel_10th_pre_req_pre"": ""0"", ""sel_10th_pre_req"": ""11"", ""sel_10th_pre_bid"": ""+12030"", ""sel_9th_pre_req_pre"": ""0"", ""sel_9th_pre_req"": ""797"", ""sel_9th_pre_bid"": ""+12000"", ""sel_8th_pre_req_pre"": ""0"", ""sel_8th_pre_req"": ""206"", ""sel_8th_pre_bid"": ""+11970"", ""sel_7th_pre_req_pre"": ""0"", ""sel_7th_pre_req"": ""3"", ""sel_7th_pre_bid"": ""+11950"", ""sel_6th_pre_req_pre"": ""0"", ""sel_6th_pre_req"": ""89"", ""sel_6th_pre_bid"": ""+11940"", ""sel_5th_pre_req_pre"": ""0"", ""sel_5th_pre_req"": ""3"", ""sel_5th_pre_bid"": ""+11910"", ""sel_4th_pre_req_pre"": ""0"", ""sel_4th_pre_req"": ""505"", ""sel_4th_pre_bid"": ""+11900"", ""sel_3th_pre_req_pre"": ""0"", ""sel_3th_pre_req"": ""147"", ""sel_3th_pre_bid"": ""+11890"", ""sel_2th_pre_req_pre"": ""0"", ""sel_2th_pre_req"": ""94"", ""sel_2th_pre_bid"": ""+11880"", ""sel_1th_pre_req_pre"": ""0"", ""sel_fpr_req"": ""2"", ""sel_fpr_bid"": ""+11870"", ""buy_fpr_bid"": ""+11810"", ""buy_fpr_req"": ""693"", ""buy_1th_pre_req_pre"": ""0"", ""buy_2th_pre_bid"": ""+11770"", ""buy_2th_pre_req"": ""144"", ""buy_2th_pre_req_pre"": ""0"", ""buy_3th_pre_bid"": ""+11760"", ""buy_3th_pre_req"": ""436"", ""buy_3th_pre_req_pre"": ""0"", ""buy_4th_pre_bid"": ""+11750"", ""buy_4th_pre_req"": ""69"", ""buy_4th_pre_req_pre"": ""0"", ""buy_5th_pre_bid"": ""+11730"", ""buy_5th_pre_req"": ""167"", ""buy_5th_pre_req_pre"": ""0"", ""buy_6th_pre_bid"": ""+11720"", ""buy_6th_pre_req"": ""55"", ""buy_6th_pre_req_pre"": ""0"", ""buy_7th_pre_bid"": ""+11710"", ""buy_7th_pre_req"": ""403"", ""buy_7th_pre_req_pre"": ""0"", ""buy_8th_pre_bid"": ""+11700"", ""buy_8th_pre_req"": ""1955"", ""buy_8th_pre_req_pre"": ""0"", ""buy_9th_pre_bid"": ""+11690"", ""buy_9th_pre_req"": ""210"", ""buy_9th_pre_req_pre"": ""+100"", ""buy_10th_pre_bid"": ""+11680"", ""buy_10th_pre_req"": ""225"", ""buy_10th_pre_req_pre"": ""0"", ""tot_sel_req_jub_pre"": ""0"", ""tot_sel_req"": ""1857"", ""tot_buy_req"": ""4357"", ""tot_buy_req_jub_pre"": ""+100"", ""ovt_sel_req_pre"": ""0"", ""ovt_sel_req"": ""0"", ""ovt_buy_req"": ""0"", ""ovt_buy_req_pre"": ""0"", ""return_code"": 0, ""return_msg"": ""정상적으로 처리되었습니다""}"
2026-06-10,watchlist,014680,,1,filtered_candidate_recheck,261000,,261000,260500,261000,263000,0.5747126436781609,0.19157088122605362,,,,,,"{""bid_req_base_tm"": ""095449"", ""sel_10th_pre_req_pre"": ""0"", ""sel_10th_pre_req"": ""12"", ""sel_10th_pre_bid"": ""+266000"", ""sel_9th_pre_req_pre"": ""0"", ""sel_9th_pre_req"": ""58"", ""sel_9th_pre_bid"": ""+265500"", ""sel_8th_pre_req_pre"": ""0"", ""sel_8th_pre_req"": ""44"", ""sel_8th_pre_bid"": ""+265000"", ""sel_7th_pre_req_pre"": ""0"", ""sel_7th_pre_req"": ""39"", ""sel_7th_pre_bid"": ""+264500"", ""sel_6th_pre_req_pre"": ""0"", ""sel_6th_pre_req"": ""107"", ""sel_6th_pre_bid"": ""+264000"", ""sel_5th_pre_req_pre"": ""0"", ""sel_5th_pre_req"": ""8"", ""sel_5th_pre_bid"": ""+263500"", ""sel_4th_pre_req_pre"": ""0"", ""sel_4th_pre_req"": ""11"", ""sel_4th_pre_bid"": ""+263000"", ""sel_3th_pre_req_pre"": ""--1"", ""sel_3th_pre_req"": ""12"", ""sel_3th_pre_bid"": ""+262500"", ""sel_2th_pre_req_pre"": ""+1"", ""sel_2th_pre_req"": ""9"", ""sel_2th_pre_bid"": ""+262000"", ""sel_1th_pre_req_pre"": ""0"", ""sel_fpr_req"": ""13"", ""sel_fpr_bid"": ""+261000"", ""buy_fpr_bid"": ""+260500"", ""buy_fpr_req"": ""195"", ""buy_1th_pre_req_pre"": ""0"", ""buy_2th_pre_bid"": ""+260000"", ""buy_2th_pre_req"": ""149"", ""buy_2th_pre_req_pre"": ""0"", ""buy_3th_pre_bid"": ""+259500"", ""buy_3th_pre_req"": ""19"", ""buy_3th_pre_req_pre"": ""0"", ""buy_4th_pre_bid"": ""+259000"", ""buy_4th_pre_req"": ""2"", ""buy_4th_pre_req_pre"": ""0"", ""buy_5th_pre_bid"": ""+258500"", ""buy_5th_pre_req"": ""3"", ""buy_5th_pre_req_pre"": ""0"", ""buy_6th_pre_bid"": ""+258000"", ""buy_6th_pre_req"": ""102"", ""buy_6th_pre_req_pre"": ""0"", ""buy_7th_pre_bid"": ""+257500"", ""buy_7th_pre_req"": ""132"", ""buy_7th_pre_req_pre"": ""0"", ""buy_8th_pre_bid"": ""+257000"", ""buy_8th_pre_req"": ""139"", ""buy_8th_pre_req_pre"": ""0"", ""buy_9th_pre_bid"": ""+256500"", ""buy_9th_pre_req"": ""3"", ""buy_9th_pre_req_pre"": ""0"", ""buy_10th_pre_bid"": ""+256000"", ""buy_10th_pre_req"": ""2"", ""buy_10th_pre_req_pre"": ""0"", ""tot_sel_req_jub_pre"": ""0"", ""tot_sel_req"": ""313"", ""tot_buy_req"": ""746"", ""tot_buy_req_jub_pre"": ""0"", ""ovt_sel_req_pre"": ""0"", ""ovt_sel_req"": ""0"", ""ovt_buy_req"": ""0"", ""ovt_buy_req_pre"": ""0"", ""return_code"": 0, ""return_msg"": ""정상적으로 처리되었습니다""}"
2026-06-10,watchlist,035420,,0,filtered_candidate_recheck,237000,,237000,236500,237000,238000,0.21097046413502107,0.21097046413502107,,,,,,"{""bid_req_base_tm"": ""095450"", ""sel_10th_pre_req_pre"": ""0"", ""sel_10th_pre_req"": ""1644"", ""sel_10th_pre_bid"": ""-241500"", ""sel_9th_pre_req_pre"": ""0"", ""sel_9th_pre_req"": ""1551"", ""sel_9th_pre_bid"": ""-241000"", ""sel_8th_pre_req_pre"": ""0"", ""sel_8th_pre_req"": ""1277"", ""sel_8th_pre_bid"": ""-240500"", ""sel_7th_pre_req_pre"": ""0"", ""sel_7th_pre_req"": ""2846"", ""sel_7th_pre_bid"": ""-240000"", ""sel_6th_pre_req_pre"": ""0"", ""sel_6th_pre_req"": ""2132"", ""sel_6th_pre_bid"": ""-239500"", ""sel_5th_pre_req_pre"": ""0"", ""sel_5th_pre_req"": ""2264"", ""sel_5th_pre_bid"": ""-239000"", ""sel_4th_pre_req_pre"": ""0"", ""sel_4th_pre_req"": ""1353"", ""sel_4th_pre_bid"": ""-238500"", ""sel_3th_pre_req_pre"": ""0"", ""sel_3th_pre_req"": ""1978"", ""sel_3th_pre_bid"": ""-238000"", ""sel_2th_pre_req_pre"": ""0"", ""sel_2th_pre_req"": ""959"", ""sel_2th_pre_bid"": ""-237500"", ""sel_1th_pre_req_pre"": ""0"", ""sel_fpr_req"": ""762"", ""sel_fpr_bid"": ""-237000"", ""buy_fpr_bid"": ""-236500"", ""buy_fpr_req"": ""352"", ""buy_1th_pre_req_pre"": ""0"", ""buy_2th_pre_bid"": ""-236000"", ""buy_2th_pre_req"": ""4777"", ""buy_2th_pre_req_pre"": ""0"", ""buy_3th_pre_bid"": ""-235500"", ""buy_3th_pre_req"": ""5528"", ""buy_3th_pre_req_pre"": ""+1"", ""buy_4th_pre_bid"": ""-235000"", ""buy_4th_pre_req"": ""16173"", ""buy_4th_pre_req_pre"": ""0"", ""buy_5th_pre_bid"": ""-234500"", ""buy_5th_pre_req"": ""53005"", ""buy_5th_pre_req_pre"": ""0"", ""buy_6th_pre_bid"": ""-234000"", ""buy_6th_pre_req"": ""7258"", ""buy_6th_pre_req_pre"": ""0"", ""buy_7th_pre_bid"": ""-233500"", ""buy_7th_pre_req"": ""6307"", ""buy_7th_pre_req_pre"": ""0"", ""buy_8th_pre_bid"": ""-233000"", ""buy_8th_pre_req"": ""9978"", ""buy_8th_pre_req_pre"": ""+11"", ""buy_9th_pre_bid"": ""-232500"", ""buy_9th_pre_req"": ""6318"", ""buy_9th_pre_req_pre"": ""0"", ""buy_10th_pre_bid"": ""-232000"", ""buy_10th_pre_req"": ""8444"", ""buy_10th_pre_req_pre"": ""+3"", ""tot_sel_req_jub_pre"": ""0"", ""tot_sel_req"": ""16766"", ""tot_buy_req"": ""118140"", ""tot_buy_req_jub_pre"": ""+15"", ""ovt_sel_req_pre"": ""0"", ""ovt_sel_req"": ""0"", ""ovt_buy_req"": ""0"", ""ovt_buy_req_pre"": ""0"", ""return_code"": 0, ""return_msg"": ""정상적으로 처리되었습니다""}"
2026-06-10,watchlist,036570,,0,filtered_candidate_recheck,257000,,257000,256500,257000,258000,0.19455252918287938,0.19455252918287938,,,,,,"{""bid_req_base_tm"": ""095450"", ""sel_10th_pre_req_pre"": ""0"", ""sel_10th_pre_req"": ""1"", ""sel_10th_pre_bid"": ""-261500"", ""sel_9th_pre_req_pre"": ""0"", ""sel_9th_pre_req"": ""36"", ""sel_9th_pre_bid"": ""-261000"", ""sel_8th_pre_req_pre"": ""0"", ""sel_8th_pre_req"": ""37"", ""sel_8th_pre_bid"": ""-260500"", ""sel_7th_pre_req_pre"": ""0"", ""sel_7th_pre_req"": ""172"", ""sel_7th_pre_bid"": ""-260000"", ""sel_6th_pre_req_pre"": ""0"", ""sel_6th_pre_req"": ""32"", ""sel_6th_pre_bid"": ""-259500"", ""sel_5th_pre_req_pre"": ""0"", ""sel_5th_pre_req"": ""47"", ""sel_5th_pre_bid"": ""-259000"", ""sel_4th_pre_req_pre"": ""0"", ""sel_4th_pre_req"": ""46"", ""sel_4th_pre_bid"": ""-258500"", ""sel_3th_pre_req_pre"": ""0"", ""sel_3th_pre_req"": ""127"", ""sel_3th_pre_bid"": ""-258000"", ""sel_2th_pre_req_pre"": ""0"", ""sel_2th_pre_req"": ""20"", ""sel_2th_pre_bid"": ""-257500"", ""sel_1th_pre_req_pre"": ""0"", ""sel_fpr_req"": ""1"", ""sel_fpr_bid"": ""-257000"", ""buy_fpr_bid"": ""-256500"", ""buy_fpr_req"": ""14"", ""buy_1th_pre_req_pre"": ""--8"", ""buy_2th_pre_bid"": ""-256000"", ""buy_2th_pre_req"": ""58"", ""buy_2th_pre_req_pre"": ""+8"", ""buy_3th_pre_bid"": ""-255500"", ""buy_3th_pre_req"": ""115"", ""buy_3th_pre_req_pre"": ""0"", ""buy_4th_pre_bid"": ""-255000"", ""buy_4th_pre_req"": ""173"", ""buy_4th_pre_req_pre"": ""0"", ""buy_5th_pre_bid"": ""-254500"", ""buy_5th_pre_req"": ""202"", ""buy_5th_pre_req_pre"": ""0"", ""buy_6th_pre_bid"": ""-254000"", ""buy_6th_pre_req"": ""296"", ""buy_6th_pre_req_pre"": ""0"", ""buy_7th_pre_bid"": ""-253500"", ""buy_7th_pre_req"": ""489"", ""buy_7th_pre_req_pre"": ""0"", ""buy_8th_pre_bid"": ""-253000"", ""buy_8th_pre_req"": ""731"", ""buy_8th_pre_req_pre"": ""0"", ""buy_9th_pre_bid"": ""-252500"", ""buy_9th_pre_req"": ""190"", ""buy_9th_pre_req_pre"": ""0"", ""buy_10th_pre_bid"": ""-252000"", ""buy_10th_pre_req"": ""199"", ""buy_10th_pre_req_pre"": ""0"", ""tot_sel_req_jub_pre"": ""0"", ""tot_sel_req"": ""519"", ""tot_buy_req"": ""2467"", ""tot_buy_req_jub_pre"": ""0"", ""ovt_sel_req_pre"": ""0"", ""ovt_sel_req"": ""0"", ""ovt_buy_req"": ""0"", ""ovt_buy_req_pre"": ""0"", ""return_code"": 0, ""return_msg"": ""정상적으로 처리되었습니다""}"
2026-06-10,watchlist,005090,,0,filtered_candidate_recheck,51000,,51000,50800,51000,51300,0.39215686274509803,0.39215686274509803,,,,,,"{""bid_req_base_tm"": ""095449"", ""sel_10th_pre_req_pre"": ""0"", ""sel_10th_pre_req"": ""10"", ""sel_10th_pre_bid"": ""+52400"", ""sel_9th_pre_req_pre"": ""0"", ""sel_9th_pre_req"": ""504"", ""sel_9th_pre_bid"": ""+52200"", ""sel_8th_pre_req_pre"": ""0"", ""sel_8th_pre_req"": ""219"", ""sel_8th_pre_bid"": ""+52100"", ""sel_7th_pre_req_pre"": ""0"", ""sel_7th_pre_req"": ""4"", ""sel_7th_pre_bid"": ""+52000"", ""sel_6th_pre_req_pre"": ""0"", ""sel_6th_pre_req"": ""98"", ""sel_6th_pre_bid"": ""+51600"", ""sel_5th_pre_req_pre"": ""0"", ""sel_5th_pre_req"": ""20"", ""sel_5th_pre_bid"": ""+51500"", ""sel_4th_pre_req_pre"": ""0"", ""sel_4th_pre_req"": ""128"", ""sel_4th_pre_bid"": ""+51400"", ""sel_3th_pre_req_pre"": ""0"", ""sel_3th_pre_req"": ""200"", ""sel_3th_pre_bid"": ""+51300"", ""sel_2th_pre_req_pre"": ""0"", ""sel_2th_pre_req"": ""62"", ""sel_2th_pre_bid"": ""+51100"", ""sel_1th_pre_req_pre"": ""--1"", ""sel_fpr_req"": ""29"", ""sel_fpr_bid"": ""+51000"", ""buy_fpr_bid"": ""+50800"", ""buy_fpr_req"": ""36"", ""buy_1th_pre_req_pre"": ""--1"", ""buy_2th_pre_bid"": ""+50700"", ""buy_2th_pre_req"": ""88"", ""buy_2th_pre_req_pre"": ""0"", ""buy_3th_pre_bid"": ""+50600"", ""buy_3th_pre_req"": ""278"", ""buy_3th_pre_req_pre"": ""0"", ""buy_4th_pre_bid"": ""50500"", ""buy_4th_pre_req"": ""269"", ""buy_4th_pre_req_pre"": ""0"", ""buy_5th_pre_bid"": ""-50400"", ""buy_5th_pre_req"": ""361"", ""buy_5th_pre_req_pre"": ""0"", ""buy_6th_pre_bid"": ""-50300"", ""buy_6th_pre_req"": ""190"", ""buy_6th_pre_req_pre"": ""0"", ""buy_7th_pre_bid"": ""-50200"", ""buy_7th_pre_req"": ""81"", ""buy_7th_pre_req_pre"": ""0"", ""buy_8th_pre_bid"": ""-50100"", ""buy_8th_pre_req"": ""293"", ""buy_8th_pre_req_pre"": ""0"", ""buy_9th_pre_bid"": ""-50000"", ""buy_9th_pre_req"": ""706"", ""buy_9th_pre_req_pre"": ""0"", ""buy_10th_pre_bid"": ""-49950"", ""buy_10th_pre_req"": ""71"", ""buy_10th_pre_req_pre"": ""0"", ""tot_sel_req_jub_pre"": ""--1"", ""tot_sel_req"": ""1274"", ""tot_buy_req"": ""2373"", ""tot_buy_req_jub_pre"": ""--1"", ""ovt_sel_req_pre"": ""0"", ""ovt_sel_req"": ""0"", ""ovt_buy_req"": ""0"", ""ovt_buy_req_pre"": ""0"", ""return_code"": 0, ""return_msg"": ""정상적으로 처리되었습니다""}"
2026-06-10,watchlist,066570,,0,filtered_candidate_recheck,232000,,232000,231500,232000,233500,0.43103448275862066,0.21551724137931033,,,,,,"{""bid_req_base_tm"": ""095451"", ""sel_10th_pre_req_pre"": ""0"", ""sel_10th_pre_req"": ""556"", ""sel_10th_pre_bid"": ""-236500"", ""sel_9th_pre_req_pre"": ""0"", ""sel_9th_pre_req"": ""2517"", ""sel_9th_pre_bid"": ""-236000"", ""sel_8th_pre_req_pre"": ""0"", ""sel_8th_pre_req"": ""526"", ""sel_8th_pre_bid"": ""-235500"", ""sel_7th_pre_req_pre"": ""0"", ""sel_7th_pre_req"": ""1656"", ""sel_7th_pre_bid"": ""-235000"", ""sel_6th_pre_req_pre"": ""0"", ""sel_6th_pre_req"": ""514"", ""sel_6th_pre_bid"": ""-234500"", ""sel_5th_pre_req_pre"": ""0"", ""sel_5th_pre_req"": ""368"", ""sel_5th_pre_bid"": ""-234000"", ""sel_4th_pre_req_pre"": ""0"", ""sel_4th_pre_req"": ""594"", ""sel_4th_pre_bid"": ""-233500"", ""sel_3th_pre_req_pre"": ""0"", ""sel_3th_pre_req"": ""1183"", ""sel_3th_pre_bid"": ""-233000"", ""sel_2th_pre_req_pre"": ""0"", ""sel_2th_pre_req"": ""964"", ""sel_2th_pre_bid"": ""-232500"", ""sel_1th_pre_req_pre"": ""+124"", ""sel_fpr_req"": ""4433"", ""sel_fpr_bid"": ""-232000"", ""buy_fpr_bid"": ""-231500"", ""buy_fpr_req"": ""201"", ""buy_1th_pre_req_pre"": ""--4"", ""buy_2th_pre_bid"": ""-231000"", ""buy_2th_pre_req"": ""4763"", ""buy_2th_pre_req_pre"": ""0"", ""buy_3th_pre_bid"": ""-230500"", ""buy_3th_pre_req"": ""8440"", ""buy_3th_pre_req_pre"": ""0"", ""buy_4th_pre_bid"": ""-230000"", ""buy_4th_pre_req"": ""32443"", ""buy_4th_pre_req_pre"": ""0"", ""buy_5th_pre_bid"": ""-229500"", ""buy_5th_pre_req"": ""3011"", ""buy_5th_pre_req_pre"": ""0"", ""buy_6th_pre_bid"": ""-229000"", ""buy_6th_pre_req"": ""7048"", ""buy_6th_pre_req_pre"": ""0"", ""buy_7th_pre_bid"": ""-228500"", ""buy_7th_pre_req"": ""8901"", ""buy_7th_pre_req_pre"": ""0"", ""buy_8th_pre_bid"": ""-228000"", ""buy_8th_pre_req"": ""11179"", ""buy_8th_pre_req_pre"": ""0"", ""buy_9th_pre_bid"": ""-227500"", ""buy_9th_pre_req"": ""3587"", ""buy_9th_pre_req_pre"": ""0"", ""buy_10th_pre_bid"": ""-227000"", ""buy_10th_pre_req"": ""4943"", ""buy_10th_pre_req_pre"": ""0"", ""tot_sel_req_jub_pre"": ""+124"", ""tot_sel_req"": ""13311"", ""tot_buy_req"": ""84516"", ""tot_buy_req_jub_pre"": ""--4"", ""ovt_sel_req_pre"": ""0"", ""ovt_sel_req"": ""0"", ""ovt_buy_req"": ""0"", ""ovt_buy_req_pre"": ""0"", ""return_code"": 0, ""return_msg"": ""정상적으로 처리되었습니다""}"
2026-06-10,watchlist,028670,,1,filtered_candidate_recheck,5060,,5060,5050,5060,5090,0.3952569169960474,0.1976284584980237,,,,,,"{""bid_req_base_tm"": ""095451"", ""sel_10th_pre_req_pre"": ""0"", ""sel_10th_pre_req"": ""200"", ""sel_10th_pre_bid"": ""-5150"", ""sel_9th_pre_req_pre"": ""0"", ""sel_9th_pre_req"": ""330"", ""sel_9th_pre_bid"": ""-5140"", ""sel_8th_pre_req_pre"": ""0"", ""sel_8th_pre_req"": ""159"", ""sel_8th_pre_bid"": ""-5130"", ""sel_7th_pre_req_pre"": ""0"", ""sel_7th_pre_req"": ""308"", ""sel_7th_pre_bid"": ""-5120"", ""sel_6th_pre_req_pre"": ""0"", ""sel_6th_pre_req"": ""200"", ""sel_6th_pre_bid"": ""-5110"", ""sel_5th_pre_req_pre"": ""0"", ""sel_5th_pre_req"": ""1720"", ""sel_5th_pre_bid"": ""-5100"", ""sel_4th_pre_req_pre"": ""0"", ""sel_4th_pre_req"": ""555"", ""sel_4th_pre_bid"": ""-5090"", ""sel_3th_pre_req_pre"": ""0"", ""sel_3th_pre_req"": ""4184"", ""sel_3th_pre_bid"": ""-5080"", ""sel_2th_pre_req_pre"": ""0"", ""sel_2th_pre_req"": ""972"", ""sel_2th_pre_bid"": ""-5070"", ""sel_1th_pre_req_pre"": ""0"", ""sel_fpr_req"": ""2239"", ""sel_fpr_bid"": ""-5060"", ""buy_fpr_bid"": ""-5050"", ""buy_fpr_req"": ""2571"", ""buy_1th_pre_req_pre"": ""--1"", ""buy_2th_pre_bid"": ""-5040"", ""buy_2th_pre_req"": ""6714"", ""buy_2th_pre_req_pre"": ""0"", ""buy_3th_pre_bid"": ""-5030"", ""buy_3th_pre_req"": ""3689"", ""buy_3th_pre_req_pre"": ""0"", ""buy_4th_pre_bid"": ""-5020"", ""buy_4th_pre_req"": ""8322"", ""buy_4th_pre_req_pre"": ""0"", ""buy_5th_pre_bid"": ""-5010"", ""buy_5th_pre_req"": ""2487"", ""buy_5th_pre_req_pre"": ""0"", ""buy_6th_pre_bid"": ""-5000"", ""buy_6th_pre_req"": ""11556"", ""buy_6th_pre_req_pre"": ""0"", ""buy_7th_pre_bid"": ""-4995"", ""buy_7th_pre_req"": ""1815"", ""buy_7th_pre_req_pre"": ""0"", ""buy_8th_pre_bid"": ""-4990"", ""buy_8th_pre_req"": ""1215"", ""buy_8th_pre_req_pre"": ""0"", ""buy_9th_pre_bid"": ""-4985"", ""buy_9th_pre_req"": ""1060"", ""buy_9th_pre_req_pre"": ""0"", ""buy_10th_pre_bid"": ""-4980"", ""buy_10th_pre_req"": ""14474"", ""buy_10th_pre_req_pre"": ""0"", ""tot_sel_req_jub_pre"": ""0"", ""tot_sel_req"": ""10867"", ""tot_buy_req"": ""53903"", ""tot_buy_req_jub_pre"": ""--1"", ""ovt_sel_req_pre"": ""0"", ""ovt_sel_req"": ""0"", ""ovt_buy_req"": ""0"", ""ovt_buy_req_pre"": ""0"", ""return_code"": 0, ""return_msg"": ""정상적으로 처리되었습니다""}"
2026-06-10,watchlist,004990,,0,filtered_candidate_recheck,25500,,25500,25450,25500,25650,0.39215686274509803,0.19607843137254902,,,,,,"{""bid_req_base_tm"": ""095449"", ""sel_10th_pre_req_pre"": ""0"", ""sel_10th_pre_req"": ""61"", ""sel_10th_pre_bid"": ""-26050"", ""sel_9th_pre_req_pre"": ""0"", ""sel_9th_pre_req"": ""253"", ""sel_9th_pre_bid"": ""-26000"", ""sel_8th_pre_req_pre"": ""0"", ""sel_8th_pre_req"": ""6"", ""sel_8th_pre_bid"": ""-25950"", ""sel_7th_pre_req_pre"": ""0"", ""sel_7th_pre_req"": ""250"", ""sel_7th_pre_bid"": ""-25900"", ""sel_6th_pre_req_pre"": ""0"", ""sel_6th_pre_req"": ""770"", ""sel_6th_pre_bid"": ""-25750"", ""sel_5th_pre_req_pre"": ""0"", ""sel_5th_pre_req"": ""150"", ""sel_5th_pre_bid"": ""-25700"", ""sel_4th_pre_req_pre"": ""0"", ""sel_4th_pre_req"": ""10"", ""sel_4th_pre_bid"": ""-25650"", ""sel_3th_pre_req_pre"": ""0"", ""sel_3th_pre_req"": ""78"", ""sel_3th_pre_bid"": ""-25600"", ""sel_2th_pre_req_pre"": ""0"", ""sel_2th_pre_req"": ""331"", ""sel_2th_pre_bid"": ""-25550"", ""sel_1th_pre_req_pre"": ""0"", ""sel_fpr_req"": ""638"", ""sel_fpr_bid"": ""-25500"", ""buy_fpr_bid"": ""-25450"", ""buy_fpr_req"": ""739"", ""buy_1th_pre_req_pre"": ""0"", ""buy_2th_pre_bid"": ""-25400"", ""buy_2th_pre_req"": ""908"", ""buy_2th_pre_req_pre"": ""+1"", ""buy_3th_pre_bid"": ""-25350"", ""buy_3th_pre_req"": ""407"", ""buy_3th_pre_req_pre"": ""0"", ""buy_4th_pre_bid"": ""-25300"", ""buy_4th_pre_req"": ""502"", ""buy_4th_pre_req_pre"": ""0"", ""buy_5th_pre_bid"": ""-25250"", ""buy_5th_pre_req"": ""683"", ""buy_5th_pre_req_pre"": ""0"", ""buy_6th_pre_bid"": ""-25200"", ""buy_6th_pre_req"": ""402"", ""buy_6th_pre_req_pre"": ""0"", ""buy_7th_pre_bid"": ""-25150"", ""buy_7th_pre_req"": ""1573"", ""buy_7th_pre_req_pre"": ""0"", ""buy_8th_pre_bid"": ""-25100"", ""buy_8th_pre_req"": ""1420"", ""buy_8th_pre_req_pre"": ""0"", ""buy_9th_pre_bid"": ""-25050"", ""buy_9th_pre_req"": ""1481"", ""buy_9th_pre_req_pre"": ""0"", ""buy_10th_pre_bid"": ""-25000"", ""buy_10th_pre_req"": ""757"", ""buy_10th_pre_req_pre"": ""0"", ""tot_sel_req_jub_pre"": ""0"", ""tot_sel_req"": ""2547"", ""tot_buy_req"": ""8872"", ""tot_buy_req_jub_pre"": ""+1"", ""ovt_sel_req_pre"": ""0"", ""ovt_sel_req"": ""0"", ""ovt_buy_req"": ""0"", ""ovt_buy_req_pre"": ""0"", ""return_code"": 0, ""return_msg"": ""정상적으로 처리되었습니다""}"
2026-06-10,watchlist,081660,,0,filtered_candidate_recheck,40150,,40150,40100,40150,40100,-0.24906600249066002,0.12453300124533001,,,,,,"{""bid_req_base_tm"": ""095445"", ""sel_10th_pre_req_pre"": ""0"", ""sel_10th_pre_req"": ""75"", ""sel_10th_pre_bid"": ""+40600"", ""sel_9th_pre_req_pre"": ""0"", ""sel_9th_pre_req"": ""126"", ""sel_9th_pre_bid"": ""+40550"", ""sel_8th_pre_req_pre"": ""0"", ""sel_8th_pre_req"": ""55"", ""sel_8th_pre_bid"": ""+40500"", ""sel_7th_pre_req_pre"": ""0"", ""sel_7th_pre_req"": ""20"", ""sel_7th_pre_bid"": ""+40450"", ""sel_6th_pre_req_pre"": ""0"", ""sel_6th_pre_req"": ""87"", ""sel_6th_pre_bid"": ""+40400"", ""sel_5th_pre_req_pre"": ""0"", ""sel_5th_pre_req"": ""18"", ""sel_5th_pre_bid"": ""+40350"", ""sel_4th_pre_req_pre"": ""0"", ""sel_4th_pre_req"": ""108"", ""sel_4th_pre_bid"": ""+40300"", ""sel_3th_pre_req_pre"": ""0"", ""sel_3th_pre_req"": ""47"", ""sel_3th_pre_bid"": ""+40250"", ""sel_2th_pre_req_pre"": ""0"", ""sel_2th_pre_req"": ""156"", ""sel_2th_pre_bid"": ""+40200"", ""sel_1th_pre_req_pre"": ""--10"", ""sel_fpr_req"": ""40"", ""sel_fpr_bid"": ""+40150"", ""buy_fpr_bid"": ""+40100"", ""buy_fpr_req"": ""97"", ""buy_1th_pre_req_pre"": ""0"", ""buy_2th_pre_bid"": ""+40050"", ""buy_2th_pre_req"": ""51"", ""buy_2th_pre_req_pre"": ""0"", ""buy_3th_pre_bid"": ""+40000"", ""buy_3th_pre_req"": ""204"", ""buy_3th_pre_req_pre"": ""0"", ""buy_4th_pre_bid"": ""+39950"", ""buy_4th_pre_req"": ""64"", ""buy_4th_pre_req_pre"": ""0"", ""buy_5th_pre_bid"": ""+39900"", ""buy_5th_pre_req"": ""21"", ""buy_5th_pre_req_pre"": ""0"", ""buy_6th_pre_bid"": ""+39850"", ""buy_6th_pre_req"": ""91"", ""buy_6th_pre_req_pre"": ""0"", ""buy_7th_pre_bid"": ""+39800"", ""buy_7th_pre_req"": ""40"", ""buy_7th_pre_req_pre"": ""0"", ""buy_8th_pre_bid"": ""+39750"", ""buy_8th_pre_req"": ""40"", ""buy_8th_pre_req_pre"": ""0"", ""buy_9th_pre_bid"": ""39700"", ""buy_9th_pre_req"": ""60"", ""buy_9th_pre_req_pre"": ""0"", ""buy_10th_pre_bid"": ""-39650"", ""buy_10th_pre_req"": ""30"", ""buy_10th_pre_req_pre"": ""0"", ""tot_sel_req_jub_pre"": ""--10"", ""tot_sel_req"": ""732"", ""tot_buy_req"": ""698"", ""tot_buy_req_jub_pre"": ""0"", ""ovt_sel_req_pre"": ""0"", ""ovt_sel_req"": ""0"", ""ovt_buy_req"": ""0"", ""ovt_buy_req_pre"": ""0"", ""return_code"": 0, ""return_msg"": ""정상적으로 처리되었습니다""}"
2026-06-10,watchlist,008770,,0,filtered_candidate_recheck,53900,,53900,53800,53900,54100,0.1855287569573284,0.1855287569573284,,,,,,"{""bid_req_base_tm"": ""095451"", ""sel_10th_pre_req_pre"": ""0"", ""sel_10th_pre_req"": ""36"", ""sel_10th_pre_bid"": ""-54800"", ""sel_9th_pre_req_pre"": ""0"", ""sel_9th_pre_req"": ""24"", ""sel_9th_pre_bid"": ""-54700"", ""sel_8th_pre_req_pre"": ""0"", ""sel_8th_pre_req"": ""233"", ""sel_8th_pre_bid"": ""-54600"", ""sel_7th_pre_req_pre"": ""0"", ""sel_7th_pre_req"": ""17"", ""sel_7th_pre_bid"": ""-54500"", ""sel_6th_pre_req_pre"": ""0"", ""sel_6th_pre_req"": ""1"", ""sel_6th_pre_bid"": ""-54400"", ""sel_5th_pre_req_pre"": ""0"", ""sel_5th_pre_req"": ""4"", ""sel_5th_pre_bid"": ""-54300"", ""sel_4th_pre_req_pre"": ""0"", ""sel_4th_pre_req"": ""466"", ""sel_4th_pre_bid"": ""-54200"", ""sel_3th_pre_req_pre"": ""0"", ""sel_3th_pre_req"": ""62"", ""sel_3th_pre_bid"": ""-54100"", ""sel_2th_pre_req_pre"": ""0"", ""sel_2th_pre_req"": ""134"", ""sel_2th_pre_bid"": ""-54000"", ""sel_1th_pre_req_pre"": ""+33"", ""sel_fpr_req"": ""121"", ""sel_fpr_bid"": ""-53900"", ""buy_fpr_bid"": ""-53800"", ""buy_fpr_req"": ""70"", ""buy_1th_pre_req_pre"": ""0"", ""buy_2th_pre_bid"": ""-53700"", ""buy_2th_pre_req"": ""39"", ""buy_2th_pre_req_pre"": ""0"", ""buy_3th_pre_bid"": ""-53600"", ""buy_3th_pre_req"": ""232"", ""buy_3th_pre_req_pre"": ""0"", ""buy_4th_pre_bid"": ""-53500"", ""buy_4th_pre_req"": ""477"", ""buy_4th_pre_req_pre"": ""0"", ""buy_5th_pre_bid"": ""-53400"", ""buy_5th_pre_req"": ""309"", ""buy_5th_pre_req_pre"": ""0"", ""buy_6th_pre_bid"": ""-53300"", ""buy_6th_pre_req"": ""414"", ""buy_6th_pre_req_pre"": ""0"", ""buy_7th_pre_bid"": ""-53200"", ""buy_7th_pre_req"": ""2023"", ""buy_7th_pre_req_pre"": ""0"", ""buy_8th_pre_bid"": ""-53100"", ""buy_8th_pre_req"": ""332"", ""buy_8th_pre_req_pre"": ""0"", ""buy_9th_pre_bid"": ""-53000"", ""buy_9th_pre_req"": ""1022"", ""buy_9th_pre_req_pre"": ""0"", ""buy_10th_pre_bid"": ""-52900"", ""buy_10th_pre_req"": ""596"", ""buy_10th_pre_req_pre"": ""0"", ""tot_sel_req_jub_pre"": ""+33"", ""tot_sel_req"": ""1098"", ""tot_buy_req"": ""5514"", ""tot_buy_req_jub_pre"": ""0"", ""ovt_sel_req_pre"": ""0"", ""ovt_sel_req"": ""0"", ""ovt_buy_req"": ""0"", ""ovt_buy_req_pre"": ""0"", ""return_code"": 0, ""return_msg"": ""정상적으로 처리되었습니다""}"
2026-06-10,watchlist,012330,,0,filtered_candidate_recheck,578000,,578000,577000,578000,581000,0.34602076124567477,0.17301038062283738,,,,,,"{""bid_req_base_tm"": ""095452"", ""sel_10th_pre_req_pre"": ""0"", ""sel_10th_pre_req"": ""230"", ""sel_10th_pre_bid"": ""-587000"", ""sel_9th_pre_req_pre"": ""0"", ""sel_9th_pre_req"": ""194"", ""sel_9th_pre_bid"": ""-586000"", ""sel_8th_pre_req_pre"": ""0"", ""sel_8th_pre_req"": ""85"", ""sel_8th_pre_bid"": ""-585000"", ""sel_7th_pre_req_pre"": ""0"", ""sel_7th_pre_req"": ""28"", ""sel_7th_pre_bid"": ""-584000"", ""sel_6th_pre_req_pre"": ""0"", ""sel_6th_pre_req"": ""95"", ""sel_6th_pre_bid"": ""-583000"", ""sel_5th_pre_req_pre"": ""0"", ""sel_5th_pre_req"": ""72"", ""sel_5th_pre_bid"": ""-582000"", ""sel_4th_pre_req_pre"": ""0"", ""sel_4th_pre_req"": ""164"", ""sel_4th_pre_bid"": ""-581000"", ""sel_3th_pre_req_pre"": ""0"", ""sel_3th_pre_req"": ""303"", ""sel_3th_pre_bid"": ""-580000"", ""sel_2th_pre_req_pre"": ""0"", ""sel_2th_pre_req"": ""98"", ""sel_2th_pre_bid"": ""-579000"", ""sel_1th_pre_req_pre"": ""0"", ""sel_fpr_req"": ""48"", ""sel_fpr_bid"": ""-578000"", ""buy_fpr_bid"": ""-577000"", ""buy_fpr_req"": ""57"", ""buy_1th_pre_req_pre"": ""--5"", ""buy_2th_pre_bid"": ""-576000"", ""buy_2th_pre_req"": ""1073"", ""buy_2th_pre_req_pre"": ""0"", ""buy_3th_pre_bid"": ""-575000"", ""buy_3th_pre_req"": ""371"", ""buy_3th_pre_req_pre"": ""0"", ""buy_4th_pre_bid"": ""-574000"", ""buy_4th_pre_req"": ""396"", ""buy_4th_pre_req_pre"": ""0"", ""buy_5th_pre_bid"": ""-573000"", ""buy_5th_pre_req"": ""787"", ""buy_5th_pre_req_pre"": ""0"", ""buy_6th_pre_bid"": ""-572000"", ""buy_6th_pre_req"": ""1343"", ""buy_6th_pre_req_pre"": ""+20"", ""buy_7th_pre_bid"": ""-571000"", ""buy_7th_pre_req"": ""1685"", ""buy_7th_pre_req_pre"": ""0"", ""buy_8th_pre_bid"": ""-570000"", ""buy_8th_pre_req"": ""3817"", ""buy_8th_pre_req_pre"": ""0"", ""buy_9th_pre_bid"": ""-569000"", ""buy_9th_pre_req"": ""2480"", ""buy_9th_pre_req_pre"": ""0"", ""buy_10th_pre_bid"": ""-568000"", ""buy_10th_pre_req"": ""952"", ""buy_10th_pre_req_pre"": ""0"", ""tot_sel_req_jub_pre"": ""0"", ""tot_sel_req"": ""1317"", ""tot_buy_req"": ""12961"", ""tot_buy_req_jub_pre"": ""+15"", ""ovt_sel_req_pre"": ""0"", ""ovt_sel_req"": ""0"", ""ovt_buy_req"": ""0"", ""ovt_buy_req_pre"": ""0"", ""return_code"": 0, ""return_msg"": ""정상적으로 처리되었습니다""}"
2026-06-10,watchlist,009155,,0,filtered_candidate_recheck,604000,,604000,603000,604000,606000,0.16556291390728478,0.16556291390728478,,,,,,"{""bid_req_base_tm"": ""095452"", ""sel_10th_pre_req_pre"": ""0"", ""sel_10th_pre_req"": ""49"", ""sel_10th_pre_bid"": ""-613000"", ""sel_9th_pre_req_pre"": ""0"", ""sel_9th_pre_req"": ""13"", ""sel_9th_pre_bid"": ""-612000"", ""sel_8th_pre_req_pre"": ""0"", ""sel_8th_pre_req"": ""1"", ""sel_8th_pre_bid"": ""-611000"", ""sel_7th_pre_req_pre"": ""0"", ""sel_7th_pre_req"": ""37"", ""sel_7th_pre_bid"": ""-610000"", ""sel_6th_pre_req_pre"": ""0"", ""sel_6th_pre_req"": ""7"", ""sel_6th_pre_bid"": ""-609000"", ""sel_5th_pre_req_pre"": ""0"", ""sel_5th_pre_req"": ""36"", ""sel_5th_pre_bid"": ""-608000"", ""sel_4th_pre_req_pre"": ""0"", ""sel_4th_pre_req"": ""20"", ""sel_4th_pre_bid"": ""-607000"", ""sel_3th_pre_req_pre"": ""0"", ""sel_3th_pre_req"": ""12"", ""sel_3th_pre_bid"": ""-606000"", ""sel_2th_pre_req_pre"": ""0"", ""sel_2th_pre_req"": ""35"", ""sel_2th_pre_bid"": ""-605000"", ""sel_1th_pre_req_pre"": ""0"", ""sel_fpr_req"": ""19"", ""sel_fpr_bid"": ""-604000"", ""buy_fpr_bid"": ""-603000"", ""buy_fpr_req"": ""47"", ""buy_1th_pre_req_pre"": ""+2"", ""buy_2th_pre_bid"": ""-602000"", ""buy_2th_pre_req"": ""18"", ""buy_2th_pre_req_pre"": ""0"", ""buy_3th_pre_bid"": ""-601000"", ""buy_3th_pre_req"": ""122"", ""buy_3th_pre_req_pre"": ""0"", ""buy_4th_pre_bid"": ""-600000"", ""buy_4th_pre_req"": ""152"", ""buy_4th_pre_req_pre"": ""0"", ""buy_5th_pre_bid"": ""-599000"", ""buy_5th_pre_req"": ""144"", ""buy_5th_pre_req_pre"": ""0"", ""buy_6th_pre_bid"": ""-598000"", ""buy_6th_pre_req"": ""51"", ""buy_6th_pre_req_pre"": ""0"", ""buy_7th_pre_bid"": ""-597000"", ""buy_7th_pre_req"": ""89"", ""buy_7th_pre_req_pre"": ""0"", ""buy_8th_pre_bid"": ""-596000"", ""buy_8th_pre_req"": ""35"", ""buy_8th_pre_req_pre"": ""0"", ""buy_9th_pre_bid"": ""-595000"", ""buy_9th_pre_req"": ""234"", ""buy_9th_pre_req_pre"": ""0"", ""buy_10th_pre_bid"": ""-594000"", ""buy_10th_pre_req"": ""25"", ""buy_10th_pre_req_pre"": ""0"", ""tot_sel_req_jub_pre"": ""0"", ""tot_sel_req"": ""229"", ""tot_buy_req"": ""917"", ""tot_buy_req_jub_pre"": ""+2"", ""ovt_sel_req_pre"": ""0"", ""ovt_sel_req"": ""0"", ""ovt_buy_req"": ""0"", ""ovt_buy_req_pre"": ""0"", ""return_code"": 0, ""return_msg"": ""정상적으로 처리되었습니다""}"
2026-06-10,watchlist,181710,,1,filtered_candidate_recheck,40150,,40150,40100,40150,40400,0.49813200498132004,0.12453300124533001,,,,,,"{""bid_req_base_tm"": ""095448"", ""sel_10th_pre_req_pre"": ""0"", ""sel_10th_pre_req"": ""4"", ""sel_10th_pre_bid"": ""-40850"", ""sel_9th_pre_req_pre"": ""0"", ""sel_9th_pre_req"": ""24"", ""sel_9th_pre_bid"": ""-40700"", ""sel_8th_pre_req_pre"": ""0"", ""sel_8th_pre_req"": ""353"", ""sel_8th_pre_bid"": ""-40650"", ""sel_7th_pre_req_pre"": ""0"", ""sel_7th_pre_req"": ""40"", ""sel_7th_pre_bid"": ""-40600"", ""sel_6th_pre_req_pre"": ""0"", ""sel_6th_pre_req"": ""347"", ""sel_6th_pre_bid"": ""-40550"", ""sel_5th_pre_req_pre"": ""0"", ""sel_5th_pre_req"": ""218"", ""sel_5th_pre_bid"": ""-40500"", ""sel_4th_pre_req_pre"": ""0"", ""sel_4th_pre_req"": ""131"", ""sel_4th_pre_bid"": ""-40350"", ""sel_3th_pre_req_pre"": ""0"", ""sel_3th_pre_req"": ""15"", ""sel_3th_pre_bid"": ""-40250"", ""sel_2th_pre_req_pre"": ""0"", ""sel_2th_pre_req"": ""72"", ""sel_2th_pre_bid"": ""-40200"", ""sel_1th_pre_req_pre"": ""0"", ""sel_fpr_req"": ""122"", ""sel_fpr_bid"": ""-40150"", ""buy_fpr_bid"": ""-40100"", ""buy_fpr_req"": ""152"", ""buy_1th_pre_req_pre"": ""0"", ""buy_2th_pre_bid"": ""-40050"", ""buy_2th_pre_req"": ""930"", ""buy_2th_pre_req_pre"": ""+1"", ""buy_3th_pre_bid"": ""-40000"", ""buy_3th_pre_req"": ""1032"", ""buy_3th_pre_req_pre"": ""0"", ""buy_4th_pre_bid"": ""-39950"", ""buy_4th_pre_req"": ""949"", ""buy_4th_pre_req_pre"": ""0"", ""buy_5th_pre_bid"": ""-39900"", ""buy_5th_pre_req"": ""425"", ""buy_5th_pre_req_pre"": ""0"", ""buy_6th_pre_bid"": ""-39850"", ""buy_6th_pre_req"": ""30"", ""buy_6th_pre_req_pre"": ""0"", ""buy_7th_pre_bid"": ""-39800"", ""buy_7th_pre_req"": ""416"", ""buy_7th_pre_req_pre"": ""0"", ""buy_8th_pre_bid"": ""-39750"", ""buy_8th_pre_req"": ""21"", ""buy_8th_pre_req_pre"": ""0"", ""buy_9th_pre_bid"": ""-39700"", ""buy_9th_pre_req"": ""272"", ""buy_9th_pre_req_pre"": ""0"", ""buy_10th_pre_bid"": ""-39650"", ""buy_10th_pre_req"": ""43"", ""buy_10th_pre_req_pre"": ""0"", ""tot_sel_req_jub_pre"": ""0"", ""tot_sel_req"": ""1326"", ""tot_buy_req"": ""4270"", ""tot_buy_req_jub_pre"": ""+1"", ""ovt_sel_req_pre"": ""0"", ""ovt_sel_req"": ""0"", ""ovt_buy_req"": ""0"", ""ovt_buy_req_pre"": ""0"", ""return_code"": 0, ""return_msg"": ""정상적으로 처리되었습니다""}"
2026-06-10,watchlist,085620,,0,filtered_candidate_recheck,21950,,21950,21900,21950,22000,0.0,0.22779043280182232,,,,,,"{""bid_req_base_tm"": ""095452"", ""sel_10th_pre_req_pre"": ""0"", ""sel_10th_pre_req"": ""559"", ""sel_10th_pre_bid"": ""-22400"", ""sel_9th_pre_req_pre"": ""0"", ""sel_9th_pre_req"": ""378"", ""sel_9th_pre_bid"": ""-22350"", ""sel_8th_pre_req_pre"": ""0"", ""sel_8th_pre_req"": ""1386"", ""sel_8th_pre_bid"": ""-22300"", ""sel_7th_pre_req_pre"": ""0"", ""sel_7th_pre_req"": ""666"", ""sel_7th_pre_bid"": ""-22250"", ""sel_6th_pre_req_pre"": ""0"", ""sel_6th_pre_req"": ""1613"", ""sel_6th_pre_bid"": ""-22200"", ""sel_5th_pre_req_pre"": ""0"", ""sel_5th_pre_req"": ""1292"", ""sel_5th_pre_bid"": ""-22150"", ""sel_4th_pre_req_pre"": ""0"", ""sel_4th_pre_req"": ""919"", ""sel_4th_pre_bid"": ""-22100"", ""sel_3th_pre_req_pre"": ""0"", ""sel_3th_pre_req"": ""210"", ""sel_3th_pre_bid"": ""-22050"", ""sel_2th_pre_req_pre"": ""0"", ""sel_2th_pre_req"": ""1068"", ""sel_2th_pre_bid"": ""-22000"", ""sel_1th_pre_req_pre"": ""0"", ""sel_fpr_req"": ""437"", ""sel_fpr_bid"": ""-21950"", ""buy_fpr_bid"": ""-21900"", ""buy_fpr_req"": ""1119"", ""buy_1th_pre_req_pre"": ""0"", ""buy_2th_pre_bid"": ""-21850"", ""buy_2th_pre_req"": ""172"", ""buy_2th_pre_req_pre"": ""--50"", ""buy_3th_pre_bid"": ""-21800"", ""buy_3th_pre_req"": ""863"", ""buy_3th_pre_req_pre"": ""0"", ""buy_4th_pre_bid"": ""-21750"", ""buy_4th_pre_req"": ""2279"", ""buy_4th_pre_req_pre"": ""0"", ""buy_5th_pre_bid"": ""-21700"", ""buy_5th_pre_req"": ""1537"", ""buy_5th_pre_req_pre"": ""0"", ""buy_6th_pre_bid"": ""-21650"", ""buy_6th_pre_req"": ""2250"", ""buy_6th_pre_req_pre"": ""0"", ""buy_7th_pre_bid"": ""-21600"", ""buy_7th_pre_req"": ""1208"", ""buy_7th_pre_req_pre"": ""0"", ""buy_8th_pre_bid"": ""-21550"", ""buy_8th_pre_req"": ""1018"", ""buy_8th_pre_req_pre"": ""0"", ""buy_9th_pre_bid"": ""-21500"", ""buy_9th_pre_req"": ""1799"", ""buy_9th_pre_req_pre"": ""0"", ""buy_10th_pre_bid"": ""-21450"", ""buy_10th_pre_req"": ""2794"", ""buy_10th_pre_req_pre"": ""0"", ""tot_sel_req_jub_pre"": ""0"", ""tot_sel_req"": ""8528"", ""tot_buy_req"": ""15039"", ""tot_buy_req_jub_pre"": ""--50"", ""ovt_sel_req_pre"": ""0"", ""ovt_sel_req"": ""0"", ""ovt_buy_req"": ""0"", ""ovt_buy_req_pre"": ""0"", ""return_code"": 0, ""return_msg"": ""정상적으로 처리되었습니다""}"
2026-06-10,watchlist,062040,,0,filtered_candidate_recheck,223000,,223000,222500,223000,223500,0.0,0.2242152466367713,,,,,,"{""bid_req_base_tm"": ""095452"", ""sel_10th_pre_req_pre"": ""0"", ""sel_10th_pre_req"": ""47"", ""sel_10th_pre_bid"": ""+227500"", ""sel_9th_pre_req_pre"": ""0"", ""sel_9th_pre_req"": ""132"", ""sel_9th_pre_bid"": ""+227000"", ""sel_8th_pre_req_pre"": ""0"", ""sel_8th_pre_req"": ""169"", ""sel_8th_pre_bid"": ""+226500"", ""sel_7th_pre_req_pre"": ""0"", ""sel_7th_pre_req"": ""46"", ""sel_7th_pre_bid"": ""+226000"", ""sel_6th_pre_req_pre"": ""0"", ""sel_6th_pre_req"": ""34"", ""sel_6th_pre_bid"": ""+225500"", ""sel_5th_pre_req_pre"": ""0"", ""sel_5th_pre_req"": ""103"", ""sel_5th_pre_bid"": ""225000"", ""sel_4th_pre_req_pre"": ""0"", ""sel_4th_pre_req"": ""30"", ""sel_4th_pre_bid"": ""-224500"", ""sel_3th_pre_req_pre"": ""0"", ""sel_3th_pre_req"": ""309"", ""sel_3th_pre_bid"": ""-224000"", ""sel_2th_pre_req_pre"": ""0"", ""sel_2th_pre_req"": ""61"", ""sel_2th_pre_bid"": ""-223500"", ""sel_1th_pre_req_pre"": ""--13"", ""sel_fpr_req"": ""12"", ""sel_fpr_bid"": ""-223000"", ""buy_fpr_bid"": ""-222500"", ""buy_fpr_req"": ""48"", ""buy_1th_pre_req_pre"": ""0"", ""buy_2th_pre_bid"": ""-222000"", ""buy_2th_pre_req"": ""52"", ""buy_2th_pre_req_pre"": ""0"", ""buy_3th_pre_bid"": ""-221500"", ""buy_3th_pre_req"": ""97"", ""buy_3th_pre_req_pre"": ""0"", ""buy_4th_pre_bid"": ""-221000"", ""buy_4th_pre_req"": ""37"", ""buy_4th_pre_req_pre"": ""0"", ""buy_5th_pre_bid"": ""-220500"", ""buy_5th_pre_req"": ""230"", ""buy_5th_pre_req_pre"": ""0"", ""buy_6th_pre_bid"": ""-220000"", ""buy_6th_pre_req"": ""638"", ""buy_6th_pre_req_pre"": ""0"", ""buy_7th_pre_bid"": ""-219500"", ""buy_7th_pre_req"": ""78"", ""buy_7th_pre_req_pre"": ""0"", ""buy_8th_pre_bid"": ""-219000"", ""buy_8th_pre_req"": ""148"", ""buy_8th_pre_req_pre"": ""0"", ""buy_9th_pre_bid"": ""-218500"", ""buy_9th_pre_req"": ""383"", ""buy_9th_pre_req_pre"": ""0"", ""buy_10th_pre_bid"": ""-218000"", ""buy_10th_pre_req"": ""229"", ""buy_10th_pre_req_pre"": ""0"", ""tot_sel_req_jub_pre"": ""--13"", ""tot_sel_req"": ""943"", ""tot_buy_req"": ""1940"", ""tot_buy_req_jub_pre"": ""0"", ""ovt_sel_req_pre"": ""0"", ""ovt_sel_req"": ""0"", ""ovt_buy_req"": ""0"", ""ovt_buy_req_pre"": ""0"", ""return_code"": 0, ""return_msg"": ""정상적으로 처리되었습니다""}"
2026-06-10,watchlist,036460,,0,filtered_candidate_recheck,34250,,34250,34200,34250,34350,0.145985401459854,0.145985401459854,,,,,,"{""bid_req_base_tm"": ""095453"", ""sel_10th_pre_req_pre"": ""0"", ""sel_10th_pre_req"": ""196"", ""sel_10th_pre_bid"": ""+34700"", ""sel_9th_pre_req_pre"": ""0"", ""sel_9th_pre_req"": ""271"", ""sel_9th_pre_bid"": ""+34650"", ""sel_8th_pre_req_pre"": ""0"", ""sel_8th_pre_req"": ""629"", ""sel_8th_pre_bid"": ""+34600"", ""sel_7th_pre_req_pre"": ""0"", ""sel_7th_pre_req"": ""219"", ""sel_7th_pre_bid"": ""+34550"", ""sel_6th_pre_req_pre"": ""0"", ""sel_6th_pre_req"": ""242"", ""sel_6th_pre_bid"": ""+34500"", ""sel_5th_pre_req_pre"": ""0"", ""sel_5th_pre_req"": ""459"", ""sel_5th_pre_bid"": ""+34450"", ""sel_4th_pre_req_pre"": ""0"", ""sel_4th_pre_req"": ""165"", ""sel_4th_pre_bid"": ""+34400"", ""sel_3th_pre_req_pre"": ""0"", ""sel_3th_pre_req"": ""230"", ""sel_3th_pre_bid"": ""+34350"", ""sel_2th_pre_req_pre"": ""0"", ""sel_2th_pre_req"": ""222"", ""sel_2th_pre_bid"": ""+34300"", ""sel_1th_pre_req_pre"": ""--10"", ""sel_fpr_req"": ""8"", ""sel_fpr_bid"": ""+34250"", ""buy_fpr_bid"": ""+34200"", ""buy_fpr_req"": ""497"", ""buy_1th_pre_req_pre"": ""0"", ""buy_2th_pre_bid"": ""+34150"", ""buy_2th_pre_req"": ""103"", ""buy_2th_pre_req_pre"": ""0"", ""buy_3th_pre_bid"": ""+34100"", ""buy_3th_pre_req"": ""403"", ""buy_3th_pre_req_pre"": ""0"", ""buy_4th_pre_bid"": ""+34050"", ""buy_4th_pre_req"": ""1182"", ""buy_4th_pre_req_pre"": ""0"", ""buy_5th_pre_bid"": ""34000"", ""buy_5th_pre_req"": ""3019"", ""buy_5th_pre_req_pre"": ""0"", ""buy_6th_pre_bid"": ""-33950"", ""buy_6th_pre_req"": ""854"", ""buy_6th_pre_req_pre"": ""0"", ""buy_7th_pre_bid"": ""-33900"", ""buy_7th_pre_req"": ""840"", ""buy_7th_pre_req_pre"": ""0"", ""buy_8th_pre_bid"": ""-33850"", ""buy_8th_pre_req"": ""263"", ""buy_8th_pre_req_pre"": ""0"", ""buy_9th_pre_bid"": ""-33800"", ""buy_9th_pre_req"": ""348"", ""buy_9th_pre_req_pre"": ""0"", ""buy_10th_pre_bid"": ""-33750"", ""buy_10th_pre_req"": ""658"", ""buy_10th_pre_req_pre"": ""0"", ""tot_sel_req_jub_pre"": ""--10"", ""tot_sel_req"": ""2641"", ""tot_buy_req"": ""8167"", ""tot_buy_req_jub_pre"": ""0"", ""ovt_sel_req_pre"": ""0"", ""ovt_sel_req"": ""0"", ""ovt_buy_req"": ""0"", ""ovt_buy_req_pre"": ""0"", ""return_code"": 0, ""return_msg"": ""정상적으로 처리되었습니다""}"
2026-06-10,watchlist,066575,,0,filtered_candidate_recheck,78100,,78100,78000,78100,78200,0.0,0.12804097311139565,,,,,,"{""bid_req_base_tm"": ""095453"", ""sel_10th_pre_req_pre"": ""0"", ""sel_10th_pre_req"": ""245"", ""sel_10th_pre_bid"": ""-79000"", ""sel_9th_pre_req_pre"": ""0"", ""sel_9th_pre_req"": ""336"", ""sel_9th_pre_bid"": ""-78900"", ""sel_8th_pre_req_pre"": ""0"", ""sel_8th_pre_req"": ""240"", ""sel_8th_pre_bid"": ""-78800"", ""sel_7th_pre_req_pre"": ""0"", ""sel_7th_pre_req"": ""250"", ""sel_7th_pre_bid"": ""-78700"", ""sel_6th_pre_req_pre"": ""0"", ""sel_6th_pre_req"": ""1"", ""sel_6th_pre_bid"": ""-78600"", ""sel_5th_pre_req_pre"": ""0"", ""sel_5th_pre_req"": ""2"", ""sel_5th_pre_bid"": ""-78500"", ""sel_4th_pre_req_pre"": ""0"", ""sel_4th_pre_req"": ""177"", ""sel_4th_pre_bid"": ""-78400"", ""sel_3th_pre_req_pre"": ""0"", ""sel_3th_pre_req"": ""9"", ""sel_3th_pre_bid"": ""-78300"", ""sel_2th_pre_req_pre"": ""0"", ""sel_2th_pre_req"": ""128"", ""sel_2th_pre_bid"": ""-78200"", ""sel_1th_pre_req_pre"": ""0"", ""sel_fpr_req"": ""829"", ""sel_fpr_bid"": ""-78100"", ""buy_fpr_bid"": ""-78000"", ""buy_fpr_req"": ""1022"", ""buy_1th_pre_req_pre"": ""--10"", ""buy_2th_pre_bid"": ""-77900"", ""buy_2th_pre_req"": ""148"", ""buy_2th_pre_req_pre"": ""0"", ""buy_3th_pre_bid"": ""-77800"", ""buy_3th_pre_req"": ""325"", ""buy_3th_pre_req_pre"": ""0"", ""buy_4th_pre_bid"": ""-77700"", ""buy_4th_pre_req"": ""514"", ""buy_4th_pre_req_pre"": ""0"", ""buy_5th_pre_bid"": ""-77600"", ""buy_5th_pre_req"": ""119"", ""buy_5th_pre_req_pre"": ""0"", ""buy_6th_pre_bid"": ""-77500"", ""buy_6th_pre_req"": ""445"", ""buy_6th_pre_req_pre"": ""0"", ""buy_7th_pre_bid"": ""-77400"", ""buy_7th_pre_req"": ""82"", ""buy_7th_pre_req_pre"": ""0"", ""buy_8th_pre_bid"": ""-77300"", ""buy_8th_pre_req"": ""90"", ""buy_8th_pre_req_pre"": ""0"", ""buy_9th_pre_bid"": ""-77200"", ""buy_9th_pre_req"": ""54"", ""buy_9th_pre_req_pre"": ""0"", ""buy_10th_pre_bid"": ""-77100"", ""buy_10th_pre_req"": ""120"", ""buy_10th_pre_req_pre"": ""0"", ""tot_sel_req_jub_pre"": ""0"", ""tot_sel_req"": ""2217"", ""tot_buy_req"": ""2919"", ""tot_buy_req_jub_pre"": ""--10"", ""ovt_sel_req_pre"": ""0"", ""ovt_sel_req"": ""0"", ""ovt_buy_req"": ""0"", ""ovt_buy_req_pre"": ""0"", ""return_code"": 0, ""return_msg"": ""정상적으로 처리되었습니다""}"
2026-06-10,watchlist,000810,,0,filtered_candidate_recheck,611000,,611000,609000,611000,615000,0.4909983633387889,0.32733224222585927,,,,,,"{""bid_req_base_tm"": ""095452"", ""sel_10th_pre_req_pre"": ""0"", ""sel_10th_pre_req"": ""36"", ""sel_10th_pre_bid"": ""-621000"", ""sel_9th_pre_req_pre"": ""0"", ""sel_9th_pre_req"": ""22"", ""sel_9th_pre_bid"": ""-620000"", ""sel_8th_pre_req_pre"": ""0"", ""sel_8th_pre_req"": ""7"", ""sel_8th_pre_bid"": ""-619000"", ""sel_7th_pre_req_pre"": ""0"", ""sel_7th_pre_req"": ""16"", ""sel_7th_pre_bid"": ""-618000"", ""sel_6th_pre_req_pre"": ""0"", ""sel_6th_pre_req"": ""8"", ""sel_6th_pre_bid"": ""-617000"", ""sel_5th_pre_req_pre"": ""0"", ""sel_5th_pre_req"": ""13"", ""sel_5th_pre_bid"": ""-616000"", ""sel_4th_pre_req_pre"": ""0"", ""sel_4th_pre_req"": ""158"", ""sel_4th_pre_bid"": ""-615000"", ""sel_3th_pre_req_pre"": ""0"", ""sel_3th_pre_req"": ""15"", ""sel_3th_pre_bid"": ""-614000"", ""sel_2th_pre_req_pre"": ""0"", ""sel_2th_pre_req"": ""17"", ""sel_2th_pre_bid"": ""-613000"", ""sel_1th_pre_req_pre"": ""+1"", ""sel_fpr_req"": ""44"", ""sel_fpr_bid"": ""-611000"", ""buy_fpr_bid"": ""-609000"", ""buy_fpr_req"": ""721"", ""buy_1th_pre_req_pre"": ""0"", ""buy_2th_pre_bid"": ""-608000"", ""buy_2th_pre_req"": ""16"", ""buy_2th_pre_req_pre"": ""0"", ""buy_3th_pre_bid"": ""-607000"", ""buy_3th_pre_req"": ""30"", ""buy_3th_pre_req_pre"": ""0"", ""buy_4th_pre_bid"": ""-606000"", ""buy_4th_pre_req"": ""15"", ""buy_4th_pre_req_pre"": ""0"", ""buy_5th_pre_bid"": ""-605000"", ""buy_5th_pre_req"": ""63"", ""buy_5th_pre_req_pre"": ""0"", ""buy_6th_pre_bid"": ""-604000"", ""buy_6th_pre_req"": ""27"", ""buy_6th_pre_req_pre"": ""0"", ""buy_7th_pre_bid"": ""-603000"", ""buy_7th_pre_req"": ""58"", ""buy_7th_pre_req_pre"": ""0"", ""buy_8th_pre_bid"": ""-602000"", ""buy_8th_pre_req"": ""17"", ""buy_8th_pre_req_pre"": ""0"", ""buy_9th_pre_bid"": ""-601000"", ""buy_9th_pre_req"": ""58"", ""buy_9th_pre_req_pre"": ""0"", ""buy_10th_pre_bid"": ""-600000"", ""buy_10th_pre_req"": ""389"", ""buy_10th_pre_req_pre"": ""0"", ""tot_sel_req_jub_pre"": ""+1"", ""tot_sel_req"": ""336"", ""tot_buy_req"": ""1394"", ""tot_buy_req_jub_pre"": ""0"", ""ovt_sel_req_pre"": ""0"", ""ovt_sel_req"": ""0"", ""ovt_buy_req"": ""0"", ""ovt_buy_req_pre"": ""0"", ""return_code"": 0, ""return_msg"": ""정상적으로 처리되었습니다""}"
2026-06-10,watchlist,005930,,0,filtered_candidate_recheck,307500,,307500,307000,307500,308500,0.16260162601626016,0.16260162601626016,,,,,,"{""bid_req_base_tm"": ""095453"", ""sel_10th_pre_req_pre"": ""0"", ""sel_10th_pre_req"": ""16813"", ""sel_10th_pre_bid"": ""-312000"", ""sel_9th_pre_req_pre"": ""0"", ""sel_9th_pre_req"": ""13487"", ""sel_9th_pre_bid"": ""-311500"", ""sel_8th_pre_req_pre"": ""0"", ""sel_8th_pre_req"": ""12610"", ""sel_8th_pre_bid"": ""-311000"", ""sel_7th_pre_req_pre"": ""0"", ""sel_7th_pre_req"": ""9895"", ""sel_7th_pre_bid"": ""-310500"", ""sel_6th_pre_req_pre"": ""0"", ""sel_6th_pre_req"": ""25335"", ""sel_6th_pre_bid"": ""-310000"", ""sel_5th_pre_req_pre"": ""0"", ""sel_5th_pre_req"": ""14705"", ""sel_5th_pre_bid"": ""-309500"", ""sel_4th_pre_req_pre"": ""0"", ""sel_4th_pre_req"": ""12412"", ""sel_4th_pre_bid"": ""-309000"", ""sel_3th_pre_req_pre"": ""0"", ""sel_3th_pre_req"": ""16357"", ""sel_3th_pre_bid"": ""-308500"", ""sel_2th_pre_req_pre"": ""0"", ""sel_2th_pre_req"": ""20313"", ""sel_2th_pre_bid"": ""-308000"", ""sel_1th_pre_req_pre"": ""0"", ""sel_fpr_req"": ""22349"", ""sel_fpr_bid"": ""-307500"", ""buy_fpr_bid"": ""-307000"", ""buy_fpr_req"": ""10115"", ""buy_1th_pre_req_pre"": ""+10"", ""buy_2th_pre_bid"": ""-306500"", ""buy_2th_pre_req"": ""9127"", ""buy_2th_pre_req_pre"": ""0"", ""buy_3th_pre_bid"": ""-306000"", ""buy_3th_pre_req"": ""33878"", ""buy_3th_pre_req_pre"": ""0"", ""buy_4th_pre_bid"": ""-305500"", ""buy_4th_pre_req"": ""35286"", ""buy_4th_pre_req_pre"": ""--30"", ""buy_5th_pre_bid"": ""-305000"", ""buy_5th_pre_req"": ""158280"", ""buy_5th_pre_req_pre"": ""0"", ""buy_6th_pre_bid"": ""-304500"", ""buy_6th_pre_req"": ""27561"", ""buy_6th_pre_req_pre"": ""0"", ""buy_7th_pre_bid"": ""-304000"", ""buy_7th_pre_req"": ""44266"", ""buy_7th_pre_req_pre"": ""0"", ""buy_8th_pre_bid"": ""-303500"", ""buy_8th_pre_req"": ""36724"", ""buy_8th_pre_req_pre"": ""0"", ""buy_9th_pre_bid"": ""-303000"", ""buy_9th_pre_req"": ""64820"", ""buy_9th_pre_req_pre"": ""--1"", ""buy_10th_pre_bid"": ""-302500"", ""buy_10th_pre_req"": ""41517"", ""buy_10th_pre_req_pre"": ""0"", ""tot_sel_req_jub_pre"": ""0"", ""tot_sel_req"": ""164276"", ""tot_buy_req"": ""461574"", ""tot_buy_req_jub_pre"": ""--21"", ""ovt_sel_req_pre"": ""0"", ""ovt_sel_req"": ""0"", ""ovt_buy_req"": ""0"", ""ovt_buy_req_pre"": ""0"", ""return_code"": 0, ""return_msg"": ""정상적으로 처리되었습니다""}"
2026-06-10,watchlist,000370,,0,filtered_candidate_recheck,6430,,6430,6420,6430,6450,0.15552099533437014,0.15552099533437014,,,,,,"{""bid_req_base_tm"": ""095442"", ""sel_10th_pre_req_pre"": ""0"", ""sel_10th_pre_req"": ""646"", ""sel_10th_pre_bid"": ""+6530"", ""sel_9th_pre_req_pre"": ""0"", ""sel_9th_pre_req"": ""878"", ""sel_9th_pre_bid"": ""+6520"", ""sel_8th_pre_req_pre"": ""0"", ""sel_8th_pre_req"": ""502"", ""sel_8th_pre_bid"": ""+6510"", ""sel_7th_pre_req_pre"": ""0"", ""sel_7th_pre_req"": ""303"", ""sel_7th_pre_bid"": ""+6500"", ""sel_6th_pre_req_pre"": ""0"", ""sel_6th_pre_req"": ""102"", ""sel_6th_pre_bid"": ""+6490"", ""sel_5th_pre_req_pre"": ""0"", ""sel_5th_pre_req"": ""395"", ""sel_5th_pre_bid"": ""+6480"", ""sel_4th_pre_req_pre"": ""0"", ""sel_4th_pre_req"": ""392"", ""sel_4th_pre_bid"": ""+6470"", ""sel_3th_pre_req_pre"": ""0"", ""sel_3th_pre_req"": ""77"", ""sel_3th_pre_bid"": ""6450"", ""sel_2th_pre_req_pre"": ""0"", ""sel_2th_pre_req"": ""59"", ""sel_2th_pre_bid"": ""-6440"", ""sel_1th_pre_req_pre"": ""0"", ""sel_fpr_req"": ""452"", ""sel_fpr_bid"": ""-6430"", ""buy_fpr_bid"": ""-6420"", ""buy_fpr_req"": ""109"", ""buy_1th_pre_req_pre"": ""0"", ""buy_2th_pre_bid"": ""-6410"", ""buy_2th_pre_req"": ""2388"", ""buy_2th_pre_req_pre"": ""0"", ""buy_3th_pre_bid"": ""-6400"", ""buy_3th_pre_req"": ""81"", ""buy_3th_pre_req_pre"": ""0"", ""buy_4th_pre_bid"": ""-6390"", ""buy_4th_pre_req"": ""31"", ""buy_4th_pre_req_pre"": ""0"", ""buy_5th_pre_bid"": ""-6380"", ""buy_5th_pre_req"": ""239"", ""buy_5th_pre_req_pre"": ""+1"", ""buy_6th_pre_bid"": ""-6370"", ""buy_6th_pre_req"": ""1698"", ""buy_6th_pre_req_pre"": ""0"", ""buy_7th_pre_bid"": ""-6360"", ""buy_7th_pre_req"": ""337"", ""buy_7th_pre_req_pre"": ""0"", ""buy_8th_pre_bid"": ""-6350"", ""buy_8th_pre_req"": ""1684"", ""buy_8th_pre_req_pre"": ""0"", ""buy_9th_pre_bid"": ""-6340"", ""buy_9th_pre_req"": ""85"", ""buy_9th_pre_req_pre"": ""0"", ""buy_10th_pre_bid"": ""-6330"", ""buy_10th_pre_req"": ""205"", ""buy_10th_pre_req_pre"": ""0"", ""tot_sel_req_jub_pre"": ""0"", ""tot_sel_req"": ""3806"", ""tot_buy_req"": ""6857"", ""tot_buy_req_jub_pre"": ""+1"", ""ovt_sel_req_pre"": ""0"", ""ovt_sel_req"": ""0"", ""ovt_buy_req"": ""0"", ""ovt_buy_req_pre"": ""0"", ""return_code"": 0, ""return_msg"": ""정상적으로 처리되었습니다""}"
2026-06-10,watchlist,064400,,0,filtered_candidate_recheck,95800,,95800,95700,95800,96000,0.10438413361169101,0.10438413361169101,,,,,,"{""bid_req_base_tm"": ""095454"", ""sel_10th_pre_req_pre"": ""0"", ""sel_10th_pre_req"": ""154"", ""sel_10th_pre_bid"": ""-96700"", ""sel_9th_pre_req_pre"": ""0"", ""sel_9th_pre_req"": ""221"", ""sel_9th_pre_bid"": ""-96600"", ""sel_8th_pre_req_pre"": ""0"", ""sel_8th_pre_req"": ""1631"", ""sel_8th_pre_bid"": ""-96500"", ""sel_7th_pre_req_pre"": ""0"", ""sel_7th_pre_req"": ""298"", ""sel_7th_pre_bid"": ""-96400"", ""sel_6th_pre_req_pre"": ""0"", ""sel_6th_pre_req"": ""324"", ""sel_6th_pre_bid"": ""-96300"", ""sel_5th_pre_req_pre"": ""0"", ""sel_5th_pre_req"": ""325"", ""sel_5th_pre_bid"": ""-96200"", ""sel_4th_pre_req_pre"": ""0"", ""sel_4th_pre_req"": ""183"", ""sel_4th_pre_bid"": ""-96100"", ""sel_3th_pre_req_pre"": ""0"", ""sel_3th_pre_req"": ""170"", ""sel_3th_pre_bid"": ""-96000"", ""sel_2th_pre_req_pre"": ""0"", ""sel_2th_pre_req"": ""433"", ""sel_2th_pre_bid"": ""-95900"", ""sel_1th_pre_req_pre"": ""0"", ""sel_fpr_req"": ""21"", ""sel_fpr_bid"": ""-95800"", ""buy_fpr_bid"": ""-95700"", ""buy_fpr_req"": ""197"", ""buy_1th_pre_req_pre"": ""--1"", ""buy_2th_pre_bid"": ""-95600"", ""buy_2th_pre_req"": ""1210"", ""buy_2th_pre_req_pre"": ""0"", ""buy_3th_pre_bid"": ""-95500"", ""buy_3th_pre_req"": ""623"", ""buy_3th_pre_req_pre"": ""0"", ""buy_4th_pre_bid"": ""-95400"", ""buy_4th_pre_req"": ""613"", ""buy_4th_pre_req_pre"": ""+1"", ""buy_5th_pre_bid"": ""-95300"", ""buy_5th_pre_req"": ""1368"", ""buy_5th_pre_req_pre"": ""0"", ""buy_6th_pre_bid"": ""-95200"", ""buy_6th_pre_req"": ""1380"", ""buy_6th_pre_req_pre"": ""0"", ""buy_7th_pre_bid"": ""-95100"", ""buy_7th_pre_req"": ""2976"", ""buy_7th_pre_req_pre"": ""0"", ""buy_8th_pre_bid"": ""-95000"", ""buy_8th_pre_req"": ""6927"", ""buy_8th_pre_req_pre"": ""0"", ""buy_9th_pre_bid"": ""-94900"", ""buy_9th_pre_req"": ""418"", ""buy_9th_pre_req_pre"": ""0"", ""buy_10th_pre_bid"": ""-94800"", ""buy_10th_pre_req"": ""1286"", ""buy_10th_pre_req_pre"": ""0"", ""tot_sel_req_jub_pre"": ""0"", ""tot_sel_req"": ""3760"", ""tot_buy_req"": ""16998"", ""tot_buy_req_jub_pre"": ""0"", ""ovt_sel_req_pre"": ""0"", ""ovt_sel_req"": ""0"", ""ovt_buy_req"": ""0"", ""ovt_buy_req_pre"": ""0"", ""return_code"": 0, ""return_msg"": ""정상적으로 처리되었습니다""}"
2026-06-10,watchlist,009420,,1,filtered_candidate_recheck,50200,,50200,50100,50200,50500,0.398406374501992,0.199203187250996,,,,,,"{""bid_req_base_tm"": ""095453"", ""sel_10th_pre_req_pre"": ""0"", ""sel_10th_pre_req"": ""13"", ""sel_10th_pre_bid"": ""-51200"", ""sel_9th_pre_req_pre"": ""0"", ""sel_9th_pre_req"": ""50"", ""sel_9th_pre_bid"": ""-51100"", ""sel_8th_pre_req_pre"": ""0"", ""sel_8th_pre_req"": ""100"", ""sel_8th_pre_bid"": ""-51000"", ""sel_7th_pre_req_pre"": ""0"", ""sel_7th_pre_req"": ""54"", ""sel_7th_pre_bid"": ""-50900"", ""sel_6th_pre_req_pre"": ""0"", ""sel_6th_pre_req"": ""162"", ""sel_6th_pre_bid"": ""-50800"", ""sel_5th_pre_req_pre"": ""0"", ""sel_5th_pre_req"": ""5"", ""sel_5th_pre_bid"": ""-50700"", ""sel_4th_pre_req_pre"": ""0"", ""sel_4th_pre_req"": ""14"", ""sel_4th_pre_bid"": ""-50600"", ""sel_3th_pre_req_pre"": ""0"", ""sel_3th_pre_req"": ""507"", ""sel_3th_pre_bid"": ""-50500"", ""sel_2th_pre_req_pre"": ""0"", ""sel_2th_pre_req"": ""100"", ""sel_2th_pre_bid"": ""-50400"", ""sel_1th_pre_req_pre"": ""--1"", ""sel_fpr_req"": ""144"", ""sel_fpr_bid"": ""-50200"", ""buy_fpr_bid"": ""-50100"", ""buy_fpr_req"": ""70"", ""buy_1th_pre_req_pre"": ""0"", ""buy_2th_pre_bid"": ""-50000"", ""buy_2th_pre_req"": ""24"", ""buy_2th_pre_req_pre"": ""0"", ""buy_3th_pre_bid"": ""-49950"", ""buy_3th_pre_req"": ""233"", ""buy_3th_pre_req_pre"": ""0"", ""buy_4th_pre_bid"": ""-49900"", ""buy_4th_pre_req"": ""166"", ""buy_4th_pre_req_pre"": ""0"", ""buy_5th_pre_bid"": ""-49850"", ""buy_5th_pre_req"": ""220"", ""buy_5th_pre_req_pre"": ""0"", ""buy_6th_pre_bid"": ""-49800"", ""buy_6th_pre_req"": ""447"", ""buy_6th_pre_req_pre"": ""0"", ""buy_7th_pre_bid"": ""-49750"", ""buy_7th_pre_req"": ""156"", ""buy_7th_pre_req_pre"": ""0"", ""buy_8th_pre_bid"": ""-49700"", ""buy_8th_pre_req"": ""1069"", ""buy_8th_pre_req_pre"": ""0"", ""buy_9th_pre_bid"": ""-49650"", ""buy_9th_pre_req"": ""241"", ""buy_9th_pre_req_pre"": ""0"", ""buy_10th_pre_bid"": ""-49600"", ""buy_10th_pre_req"": ""776"", ""buy_10th_pre_req_pre"": ""0"", ""tot_sel_req_jub_pre"": ""--1"", ""tot_sel_req"": ""1149"", ""tot_buy_req"": ""3402"", ""tot_buy_req_jub_pre"": ""0"", ""ovt_sel_req_pre"": ""0"", ""ovt_sel_req"": ""0"", ""ovt_buy_req"": ""0"", ""ovt_buy_req_pre"": ""0"", ""return_code"": 0, ""return_msg"": ""정상적으로 처리되었습니다""}"
2026-06-10,watchlist,383220,,0,filtered_candidate_recheck,75600,,75600,75400,75600,75700,0.0,0.26455026455026454,,,,,,"{""bid_req_base_tm"": ""095454"", ""sel_10th_pre_req_pre"": ""0"", ""sel_10th_pre_req"": ""2"", ""sel_10th_pre_bid"": ""+77000"", ""sel_9th_pre_req_pre"": ""0"", ""sel_9th_pre_req"": ""105"", ""sel_9th_pre_bid"": ""+76900"", ""sel_8th_pre_req_pre"": ""0"", ""sel_8th_pre_req"": ""20"", ""sel_8th_pre_bid"": ""+76800"", ""sel_7th_pre_req_pre"": ""0"", ""sel_7th_pre_req"": ""1"", ""sel_7th_pre_bid"": ""+76700"", ""sel_6th_pre_req_pre"": ""0"", ""sel_6th_pre_req"": ""7"", ""sel_6th_pre_bid"": ""+76500"", ""sel_5th_pre_req_pre"": ""0"", ""sel_5th_pre_req"": ""1"", ""sel_5th_pre_bid"": ""+76400"", ""sel_4th_pre_req_pre"": ""0"", ""sel_4th_pre_req"": ""29"", ""sel_4th_pre_bid"": ""+76000"", ""sel_3th_pre_req_pre"": ""0"", ""sel_3th_pre_req"": ""30"", ""sel_3th_pre_bid"": ""+75800"", ""sel_2th_pre_req_pre"": ""0"", ""sel_2th_pre_req"": ""14"", ""sel_2th_pre_bid"": ""+75700"", ""sel_1th_pre_req_pre"": ""0"", ""sel_fpr_req"": ""103"", ""sel_fpr_bid"": ""+75600"", ""buy_fpr_bid"": ""+75400"", ""buy_fpr_req"": ""35"", ""buy_1th_pre_req_pre"": ""+7"", ""buy_2th_pre_bid"": ""+75300"", ""buy_2th_pre_req"": ""9"", ""buy_2th_pre_req_pre"": ""0"", ""buy_3th_pre_bid"": ""+75200"", ""buy_3th_pre_req"": ""5"", ""buy_3th_pre_req_pre"": ""0"", ""buy_4th_pre_bid"": ""+75100"", ""buy_4th_pre_req"": ""123"", ""buy_4th_pre_req_pre"": ""0"", ""buy_5th_pre_bid"": ""+75000"", ""buy_5th_pre_req"": ""5"", ""buy_5th_pre_req_pre"": ""0"", ""buy_6th_pre_bid"": ""+74900"", ""buy_6th_pre_req"": ""10"", ""buy_6th_pre_req_pre"": ""0"", ""buy_7th_pre_bid"": ""+74800"", ""buy_7th_pre_req"": ""9"", ""buy_7th_pre_req_pre"": ""0"", ""buy_8th_pre_bid"": ""+74700"", ""buy_8th_pre_req"": ""15"", ""buy_8th_pre_req_pre"": ""0"", ""buy_9th_pre_bid"": ""74600"", ""buy_9th_pre_req"": ""65"", ""buy_9th_pre_req_pre"": ""0"", ""buy_10th_pre_bid"": ""-74500"", ""buy_10th_pre_req"": ""26"", ""buy_10th_pre_req_pre"": ""0"", ""tot_sel_req_jub_pre"": ""0"", ""tot_sel_req"": ""312"", ""tot_buy_req"": ""302"", ""tot_buy_req_jub_pre"": ""+7"", ""ovt_sel_req_pre"": ""0"", ""ovt_sel_req"": ""0"", ""ovt_buy_req"": ""0"", ""ovt_buy_req_pre"": ""0"", ""return_code"": 0, ""return_msg"": ""정상적으로 처리되었습니다""}"
2026-06-10,watchlist,004170,,0,filtered_candidate_recheck,667000,,667000,665000,667000,665000,-0.4497751124437781,0.29985007496251875,,,,,,"{""bid_req_base_tm"": ""095453"", ""sel_10th_pre_req_pre"": ""0"", ""sel_10th_pre_req"": ""10"", ""sel_10th_pre_bid"": ""+678000"", ""sel_9th_pre_req_pre"": ""0"", ""sel_9th_pre_req"": ""16"", ""sel_9th_pre_bid"": ""+677000"", ""sel_8th_pre_req_pre"": ""0"", ""sel_8th_pre_req"": ""7"", ""sel_8th_pre_bid"": ""+676000"", ""sel_7th_pre_req_pre"": ""0"", ""sel_7th_pre_req"": ""12"", ""sel_7th_pre_bid"": ""+675000"", ""sel_6th_pre_req_pre"": ""0"", ""sel_6th_pre_req"": ""2"", ""sel_6th_pre_bid"": ""+674000"", ""sel_5th_pre_req_pre"": ""0"", ""sel_5th_pre_req"": ""18"", ""sel_5th_pre_bid"": ""+671000"", ""sel_4th_pre_req_pre"": ""0"", ""sel_4th_pre_req"": ""50"", ""sel_4th_pre_bid"": ""+670000"", ""sel_3th_pre_req_pre"": ""0"", ""sel_3th_pre_req"": ""1"", ""sel_3th_pre_bid"": ""+669000"", ""sel_2th_pre_req_pre"": ""0"", ""sel_2th_pre_req"": ""38"", ""sel_2th_pre_bid"": ""+668000"", ""sel_1th_pre_req_pre"": ""0"", ""sel_fpr_req"": ""27"", ""sel_fpr_bid"": ""+667000"", ""buy_fpr_bid"": ""+665000"", ""buy_fpr_req"": ""1"", ""buy_1th_pre_req_pre"": ""0"", ""buy_2th_pre_bid"": ""+664000"", ""buy_2th_pre_req"": ""3"", ""buy_2th_pre_req_pre"": ""0"", ""buy_3th_pre_bid"": ""+663000"", ""buy_3th_pre_req"": ""12"", ""buy_3th_pre_req_pre"": ""0"", ""buy_4th_pre_bid"": ""+662000"", ""buy_4th_pre_req"": ""11"", ""buy_4th_pre_req_pre"": ""+8"", ""buy_5th_pre_bid"": ""+661000"", ""buy_5th_pre_req"": ""24"", ""buy_5th_pre_req_pre"": ""0"", ""buy_6th_pre_bid"": ""+660000"", ""buy_6th_pre_req"": ""42"", ""buy_6th_pre_req_pre"": ""0"", ""buy_7th_pre_bid"": ""+659000"", ""buy_7th_pre_req"": ""10"", ""buy_7th_pre_req_pre"": ""0"", ""buy_8th_pre_bid"": ""+658000"", ""buy_8th_pre_req"": ""3"", ""buy_8th_pre_req_pre"": ""0"", ""buy_9th_pre_bid"": ""+657000"", ""buy_9th_pre_req"": ""31"", ""buy_9th_pre_req_pre"": ""0"", ""buy_10th_pre_bid"": ""+656000"", ""buy_10th_pre_req"": ""2"", ""buy_10th_pre_req_pre"": ""0"", ""tot_sel_req_jub_pre"": ""0"", ""tot_sel_req"": ""181"", ""tot_buy_req"": ""139"", ""tot_buy_req_jub_pre"": ""+8"", ""ovt_sel_req_pre"": ""0"", ""ovt_sel_req"": ""0"", ""ovt_buy_req"": ""0"", ""ovt_buy_req_pre"": ""0"", ""return_code"": 0, ""return_msg"": ""정상적으로 처리되었습니다""}"
2026-06-10,watchlist,018260,,0,filtered_candidate_recheck,233500,,233500,233000,233500,235000,0.4282655246252677,0.21413276231263384,,,,,,"{""bid_req_base_tm"": ""095454"", ""sel_10th_pre_req_pre"": ""0"", ""sel_10th_pre_req"": ""184"", ""sel_10th_pre_bid"": ""-238000"", ""sel_9th_pre_req_pre"": ""0"", ""sel_9th_pre_req"": ""94"", ""sel_9th_pre_bid"": ""-237500"", ""sel_8th_pre_req_pre"": ""0"", ""sel_8th_pre_req"": ""65"", ""sel_8th_pre_bid"": ""-237000"", ""sel_7th_pre_req_pre"": ""0"", ""sel_7th_pre_req"": ""207"", ""sel_7th_pre_bid"": ""-236500"", ""sel_6th_pre_req_pre"": ""0"", ""sel_6th_pre_req"": ""97"", ""sel_6th_pre_bid"": ""-236000"", ""sel_5th_pre_req_pre"": ""0"", ""sel_5th_pre_req"": ""32"", ""sel_5th_pre_bid"": ""-235500"", ""sel_4th_pre_req_pre"": ""0"", ""sel_4th_pre_req"": ""40"", ""sel_4th_pre_bid"": ""-235000"", ""sel_3th_pre_req_pre"": ""0"", ""sel_3th_pre_req"": ""233"", ""sel_3th_pre_bid"": ""-234500"", ""sel_2th_pre_req_pre"": ""0"", ""sel_2th_pre_req"": ""70"", ""sel_2th_pre_bid"": ""-234000"", ""sel_1th_pre_req_pre"": ""0"", ""sel_fpr_req"": ""31"", ""sel_fpr_bid"": ""-233500"", ""buy_fpr_bid"": ""-233000"", ""buy_fpr_req"": ""2"", ""buy_1th_pre_req_pre"": ""+1"", ""buy_2th_pre_bid"": ""-232500"", ""buy_2th_pre_req"": ""322"", ""buy_2th_pre_req_pre"": ""0"", ""buy_3th_pre_bid"": ""-232000"", ""buy_3th_pre_req"": ""746"", ""buy_3th_pre_req_pre"": ""0"", ""buy_4th_pre_bid"": ""-231500"", ""buy_4th_pre_req"": ""888"", ""buy_4th_pre_req_pre"": ""0"", ""buy_5th_pre_bid"": ""-231000"", ""buy_5th_pre_req"": ""2098"", ""buy_5th_pre_req_pre"": ""0"", ""buy_6th_pre_bid"": ""-230500"", ""buy_6th_pre_req"": ""1507"", ""buy_6th_pre_req_pre"": ""0"", ""buy_7th_pre_bid"": ""-230000"", ""buy_7th_pre_req"": ""3162"", ""buy_7th_pre_req_pre"": ""0"", ""buy_8th_pre_bid"": ""-229500"", ""buy_8th_pre_req"": ""603"", ""buy_8th_pre_req_pre"": ""0"", ""buy_9th_pre_bid"": ""-229000"", ""buy_9th_pre_req"": ""1373"", ""buy_9th_pre_req_pre"": ""0"", ""buy_10th_pre_bid"": ""-228500"", ""buy_10th_pre_req"": ""514"", ""buy_10th_pre_req_pre"": ""0"", ""tot_sel_req_jub_pre"": ""0"", ""tot_sel_req"": ""1053"", ""tot_buy_req"": ""11215"", ""tot_buy_req_jub_pre"": ""+1"", ""ovt_sel_req_pre"": ""0"", ""ovt_sel_req"": ""0"", ""ovt_buy_req"": ""0"", ""ovt_buy_req_pre"": ""0"", ""return_code"": 0, ""return_msg"": ""정상적으로 처리되었습니다""}"
2026-06-10,watchlist,161390,,0,filtered_candidate_recheck,72000,,72000,71900,72000,72100,0.0,0.1388888888888889,,,,,,"{""bid_req_base_tm"": ""095454"", ""sel_10th_pre_req_pre"": ""0"", ""sel_10th_pre_req"": ""3"", ""sel_10th_pre_bid"": ""-72900"", ""sel_9th_pre_req_pre"": ""0"", ""sel_9th_pre_req"": ""84"", ""sel_9th_pre_bid"": ""-72800"", ""sel_8th_pre_req_pre"": ""0"", ""sel_8th_pre_req"": ""112"", ""sel_8th_pre_bid"": ""-72700"", ""sel_7th_pre_req_pre"": ""0"", ""sel_7th_pre_req"": ""18"", ""sel_7th_pre_bid"": ""-72600"", ""sel_6th_pre_req_pre"": ""0"", ""sel_6th_pre_req"": ""186"", ""sel_6th_pre_bid"": ""-72500"", ""sel_5th_pre_req_pre"": ""0"", ""sel_5th_pre_req"": ""94"", ""sel_5th_pre_bid"": ""-72400"", ""sel_4th_pre_req_pre"": ""0"", ""sel_4th_pre_req"": ""24"", ""sel_4th_pre_bid"": ""-72300"", ""sel_3th_pre_req_pre"": ""0"", ""sel_3th_pre_req"": ""6"", ""sel_3th_pre_bid"": ""-72200"", ""sel_2th_pre_req_pre"": ""0"", ""sel_2th_pre_req"": ""210"", ""sel_2th_pre_bid"": ""-72100"", ""sel_1th_pre_req_pre"": ""--21"", ""sel_fpr_req"": ""940"", ""sel_fpr_bid"": ""-72000"", ""buy_fpr_bid"": ""-71900"", ""buy_fpr_req"": ""613"", ""buy_1th_pre_req_pre"": ""0"", ""buy_2th_pre_bid"": ""-71800"", ""buy_2th_pre_req"": ""407"", ""buy_2th_pre_req_pre"": ""0"", ""buy_3th_pre_bid"": ""-71700"", ""buy_3th_pre_req"": ""150"", ""buy_3th_pre_req_pre"": ""0"", ""buy_4th_pre_bid"": ""-71600"", ""buy_4th_pre_req"": ""396"", ""buy_4th_pre_req_pre"": ""0"", ""buy_5th_pre_bid"": ""-71500"", ""buy_5th_pre_req"": ""67"", ""buy_5th_pre_req_pre"": ""0"", ""buy_6th_pre_bid"": ""-71400"", ""buy_6th_pre_req"": ""155"", ""buy_6th_pre_req_pre"": ""0"", ""buy_7th_pre_bid"": ""-71300"", ""buy_7th_pre_req"": ""16"", ""buy_7th_pre_req_pre"": ""0"", ""buy_8th_pre_bid"": ""-71200"", ""buy_8th_pre_req"": ""362"", ""buy_8th_pre_req_pre"": ""0"", ""buy_9th_pre_bid"": ""-71100"", ""buy_9th_pre_req"": ""229"", ""buy_9th_pre_req_pre"": ""0"", ""buy_10th_pre_bid"": ""-71000"", ""buy_10th_pre_req"": ""1001"", ""buy_10th_pre_req_pre"": ""0"", ""tot_sel_req_jub_pre"": ""--21"", ""tot_sel_req"": ""1677"", ""tot_buy_req"": ""3396"", ""tot_buy_req_jub_pre"": ""0"", ""ovt_sel_req_pre"": ""0"", ""ovt_sel_req"": ""0"", ""ovt_buy_req"": ""0"", ""ovt_buy_req_pre"": ""0"", ""return_code"": 0, ""return_msg"": ""정상적으로 처리되었습니다""}"
2026-06-10,watchlist,078930,,0,filtered_candidate_recheck,72700,,72700,72500,72700,73000,0.2751031636863824,0.2751031636863824,,,,,,"{""bid_req_base_tm"": ""095455"", ""sel_10th_pre_req_pre"": ""0"", ""sel_10th_pre_req"": ""1"", ""sel_10th_pre_bid"": ""-73600"", ""sel_9th_pre_req_pre"": ""0"", ""sel_9th_pre_req"": ""50"", ""sel_9th_pre_bid"": ""-73500"", ""sel_8th_pre_req_pre"": ""0"", ""sel_8th_pre_req"": ""3"", ""sel_8th_pre_bid"": ""-73400"", ""sel_7th_pre_req_pre"": ""0"", ""sel_7th_pre_req"": ""159"", ""sel_7th_pre_bid"": ""-73300"", ""sel_6th_pre_req_pre"": ""0"", ""sel_6th_pre_req"": ""188"", ""sel_6th_pre_bid"": ""-73200"", ""sel_5th_pre_req_pre"": ""0"", ""sel_5th_pre_req"": ""11"", ""sel_5th_pre_bid"": ""-73100"", ""sel_4th_pre_req_pre"": ""0"", ""sel_4th_pre_req"": ""132"", ""sel_4th_pre_bid"": ""-73000"", ""sel_3th_pre_req_pre"": ""0"", ""sel_3th_pre_req"": ""33"", ""sel_3th_pre_bid"": ""-72900"", ""sel_2th_pre_req_pre"": ""0"", ""sel_2th_pre_req"": ""4"", ""sel_2th_pre_bid"": ""-72800"", ""sel_1th_pre_req_pre"": ""0"", ""sel_fpr_req"": ""60"", ""sel_fpr_bid"": ""-72700"", ""buy_fpr_bid"": ""-72500"", ""buy_fpr_req"": ""545"", ""buy_1th_pre_req_pre"": ""0"", ""buy_2th_pre_bid"": ""-72400"", ""buy_2th_pre_req"": ""103"", ""buy_2th_pre_req_pre"": ""0"", ""buy_3th_pre_bid"": ""-72300"", ""buy_3th_pre_req"": ""257"", ""buy_3th_pre_req_pre"": ""0"", ""buy_4th_pre_bid"": ""-72200"", ""buy_4th_pre_req"": ""155"", ""buy_4th_pre_req_pre"": ""0"", ""buy_5th_pre_bid"": ""-72100"", ""buy_5th_pre_req"": ""507"", ""buy_5th_pre_req_pre"": ""0"", ""buy_6th_pre_bid"": ""-72000"", ""buy_6th_pre_req"": ""156"", ""buy_6th_pre_req_pre"": ""--1"", ""buy_7th_pre_bid"": ""-71900"", ""buy_7th_pre_req"": ""111"", ""buy_7th_pre_req_pre"": ""0"", ""buy_8th_pre_bid"": ""-71800"", ""buy_8th_pre_req"": ""115"", ""buy_8th_pre_req_pre"": ""0"", ""buy_9th_pre_bid"": ""-71700"", ""buy_9th_pre_req"": ""127"", ""buy_9th_pre_req_pre"": ""0"", ""buy_10th_pre_bid"": ""-71600"", ""buy_10th_pre_req"": ""94"", ""buy_10th_pre_req_pre"": ""0"", ""tot_sel_req_jub_pre"": ""0"", ""tot_sel_req"": ""641"", ""tot_buy_req"": ""2170"", ""tot_buy_req_jub_pre"": ""--1"", ""ovt_sel_req_pre"": ""0"", ""ovt_sel_req"": ""0"", ""ovt_buy_req"": ""0"", ""ovt_buy_req_pre"": ""0"", ""return_code"": 0, ""return_msg"": ""정상적으로 처리되었습니다""}"
2026-06-10,watchlist,462870,,0,filtered_candidate_recheck,30600,,30600,30550,30600,30700,0.16339869281045752,0.16339869281045752,,,,,,"{""bid_req_base_tm"": ""095455"", ""sel_10th_pre_req_pre"": ""0"", ""sel_10th_pre_req"": ""28"", ""sel_10th_pre_bid"": ""-31050"", ""sel_9th_pre_req_pre"": ""0"", ""sel_9th_pre_req"": ""221"", ""sel_9th_pre_bid"": ""-31000"", ""sel_8th_pre_req_pre"": ""0"", ""sel_8th_pre_req"": ""21"", ""sel_8th_pre_bid"": ""-30950"", ""sel_7th_pre_req_pre"": ""0"", ""sel_7th_pre_req"": ""213"", ""sel_7th_pre_bid"": ""-30900"", ""sel_6th_pre_req_pre"": ""0"", ""sel_6th_pre_req"": ""39"", ""sel_6th_pre_bid"": ""-30850"", ""sel_5th_pre_req_pre"": ""0"", ""sel_5th_pre_req"": ""51"", ""sel_5th_pre_bid"": ""-30800"", ""sel_4th_pre_req_pre"": ""0"", ""sel_4th_pre_req"": ""9"", ""sel_4th_pre_bid"": ""-30750"", ""sel_3th_pre_req_pre"": ""0"", ""sel_3th_pre_req"": ""27"", ""sel_3th_pre_bid"": ""-30700"", ""sel_2th_pre_req_pre"": ""0"", ""sel_2th_pre_req"": ""45"", ""sel_2th_pre_bid"": ""-30650"", ""sel_1th_pre_req_pre"": ""0"", ""sel_fpr_req"": ""139"", ""sel_fpr_bid"": ""-30600"", ""buy_fpr_bid"": ""-30550"", ""buy_fpr_req"": ""1"", ""buy_1th_pre_req_pre"": ""0"", ""buy_2th_pre_bid"": ""-30500"", ""buy_2th_pre_req"": ""234"", ""buy_2th_pre_req_pre"": ""0"", ""buy_3th_pre_bid"": ""-30450"", ""buy_3th_pre_req"": ""197"", ""buy_3th_pre_req_pre"": ""0"", ""buy_4th_pre_bid"": ""-30400"", ""buy_4th_pre_req"": ""269"", ""buy_4th_pre_req_pre"": ""0"", ""buy_5th_pre_bid"": ""-30350"", ""buy_5th_pre_req"": ""121"", ""buy_5th_pre_req_pre"": ""0"", ""buy_6th_pre_bid"": ""-30300"", ""buy_6th_pre_req"": ""238"", ""buy_6th_pre_req_pre"": ""0"", ""buy_7th_pre_bid"": ""-30250"", ""buy_7th_pre_req"": ""683"", ""buy_7th_pre_req_pre"": ""0"", ""buy_8th_pre_bid"": ""-30200"", ""buy_8th_pre_req"": ""1207"", ""buy_8th_pre_req_pre"": ""0"", ""buy_9th_pre_bid"": ""-30150"", ""buy_9th_pre_req"": ""361"", ""buy_9th_pre_req_pre"": ""0"", ""buy_10th_pre_bid"": ""-30100"", ""buy_10th_pre_req"": ""640"", ""buy_10th_pre_req_pre"": ""0"", ""tot_sel_req_jub_pre"": ""0"", ""tot_sel_req"": ""793"", ""tot_buy_req"": ""3951"", ""tot_buy_req_jub_pre"": ""--294"", ""ovt_sel_req_pre"": ""0"", ""ovt_sel_req"": ""0"", ""ovt_buy_req"": ""0"", ""ovt_buy_req_pre"": ""0"", ""return_code"": 0, ""return_msg"": ""정상적으로 처리되었습니다""}"
2026-06-10,watchlist,055550,,0,filtered_candidate_recheck,99200,,99200,99100,99200,99200,-0.10080645161290322,0.10080645161290322,,,,,,"{""bid_req_base_tm"": ""095455"", ""sel_10th_pre_req_pre"": ""0"", ""sel_10th_pre_req"": ""594"", ""sel_10th_pre_bid"": ""-100100"", ""sel_9th_pre_req_pre"": ""0"", ""sel_9th_pre_req"": ""236"", ""sel_9th_pre_bid"": ""-100000"", ""sel_8th_pre_req_pre"": ""0"", ""sel_8th_pre_req"": ""42"", ""sel_8th_pre_bid"": ""-99900"", ""sel_7th_pre_req_pre"": ""0"", ""sel_7th_pre_req"": ""47"", ""sel_7th_pre_bid"": ""-99800"", ""sel_6th_pre_req_pre"": ""0"", ""sel_6th_pre_req"": ""4"", ""sel_6th_pre_bid"": ""-99700"", ""sel_5th_pre_req_pre"": ""0"", ""sel_5th_pre_req"": ""317"", ""sel_5th_pre_bid"": ""-99600"", ""sel_4th_pre_req_pre"": ""0"", ""sel_4th_pre_req"": ""359"", ""sel_4th_pre_bid"": ""-99500"", ""sel_3th_pre_req_pre"": ""0"", ""sel_3th_pre_req"": ""1210"", ""sel_3th_pre_bid"": ""-99400"", ""sel_2th_pre_req_pre"": ""0"", ""sel_2th_pre_req"": ""174"", ""sel_2th_pre_bid"": ""-99300"", ""sel_1th_pre_req_pre"": ""0"", ""sel_fpr_req"": ""356"", ""sel_fpr_bid"": ""-99200"", ""buy_fpr_bid"": ""-99100"", ""buy_fpr_req"": ""272"", ""buy_1th_pre_req_pre"": ""0"", ""buy_2th_pre_bid"": ""-99000"", ""buy_2th_pre_req"": ""439"", ""buy_2th_pre_req_pre"": ""0"", ""buy_3th_pre_bid"": ""-98900"", ""buy_3th_pre_req"": ""396"", ""buy_3th_pre_req_pre"": ""0"", ""buy_4th_pre_bid"": ""-98800"", ""buy_4th_pre_req"": ""354"", ""buy_4th_pre_req_pre"": ""0"", ""buy_5th_pre_bid"": ""-98700"", ""buy_5th_pre_req"": ""507"", ""buy_5th_pre_req_pre"": ""--51"", ""buy_6th_pre_bid"": ""-98600"", ""buy_6th_pre_req"": ""59"", ""buy_6th_pre_req_pre"": ""0"", ""buy_7th_pre_bid"": ""-98500"", ""buy_7th_pre_req"": ""334"", ""buy_7th_pre_req_pre"": ""0"", ""buy_8th_pre_bid"": ""-98400"", ""buy_8th_pre_req"": ""1011"", ""buy_8th_pre_req_pre"": ""0"", ""buy_9th_pre_bid"": ""-98300"", ""buy_9th_pre_req"": ""49"", ""buy_9th_pre_req_pre"": ""0"", ""buy_10th_pre_bid"": ""-98200"", ""buy_10th_pre_req"": ""1089"", ""buy_10th_pre_req_pre"": ""0"", ""tot_sel_req_jub_pre"": ""0"", ""tot_sel_req"": ""3339"", ""tot_buy_req"": ""4510"", ""tot_buy_req_jub_pre"": ""--51"", ""ovt_sel_req_pre"": ""0"", ""ovt_sel_req"": ""0"", ""ovt_buy_req"": ""0"", ""ovt_buy_req_pre"": ""0"", ""return_code"": 0, ""return_msg"": ""정상적으로 처리되었습니다""}"
2026-06-10,watchlist,192080,,0,filtered_candidate_recheck,72000,,72000,71900,72000,72300,0.2777777777777778,0.1388888888888889,,,,,,"{""bid_req_base_tm"": ""095455"", ""sel_10th_pre_req_pre"": ""0"", ""sel_10th_pre_req"": ""73"", ""sel_10th_pre_bid"": ""+73400"", ""sel_9th_pre_req_pre"": ""0"", ""sel_9th_pre_req"": ""11"", ""sel_9th_pre_bid"": ""+73300"", ""sel_8th_pre_req_pre"": ""0"", ""sel_8th_pre_req"": ""11"", ""sel_8th_pre_bid"": ""+73200"", ""sel_7th_pre_req_pre"": ""0"", ""sel_7th_pre_req"": ""50"", ""sel_7th_pre_bid"": ""+73000"", ""sel_6th_pre_req_pre"": ""0"", ""sel_6th_pre_req"": ""5"", ""sel_6th_pre_bid"": ""+72900"", ""sel_5th_pre_req_pre"": ""0"", ""sel_5th_pre_req"": ""1"", ""sel_5th_pre_bid"": ""+72600"", ""sel_4th_pre_req_pre"": ""0"", ""sel_4th_pre_req"": ""1"", ""sel_4th_pre_bid"": ""+72300"", ""sel_3th_pre_req_pre"": ""0"", ""sel_3th_pre_req"": ""20"", ""sel_3th_pre_bid"": ""+72200"", ""sel_2th_pre_req_pre"": ""0"", ""sel_2th_pre_req"": ""21"", ""sel_2th_pre_bid"": ""+72100"", ""sel_1th_pre_req_pre"": ""0"", ""sel_fpr_req"": ""134"", ""sel_fpr_bid"": ""72000"", ""buy_fpr_bid"": ""-71900"", ""buy_fpr_req"": ""62"", ""buy_1th_pre_req_pre"": ""+33"", ""buy_2th_pre_bid"": ""-71800"", ""buy_2th_pre_req"": ""48"", ""buy_2th_pre_req_pre"": ""0"", ""buy_3th_pre_bid"": ""-71700"", ""buy_3th_pre_req"": ""11"", ""buy_3th_pre_req_pre"": ""0"", ""buy_4th_pre_bid"": ""-71600"", ""buy_4th_pre_req"": ""58"", ""buy_4th_pre_req_pre"": ""0"", ""buy_5th_pre_bid"": ""-71500"", ""buy_5th_pre_req"": ""46"", ""buy_5th_pre_req_pre"": ""0"", ""buy_6th_pre_bid"": ""-71400"", ""buy_6th_pre_req"": ""11"", ""buy_6th_pre_req_pre"": ""0"", ""buy_7th_pre_bid"": ""-71300"", ""buy_7th_pre_req"": ""66"", ""buy_7th_pre_req_pre"": ""0"", ""buy_8th_pre_bid"": ""-71200"", ""buy_8th_pre_req"": ""415"", ""buy_8th_pre_req_pre"": ""0"", ""buy_9th_pre_bid"": ""-71100"", ""buy_9th_pre_req"": ""71"", ""buy_9th_pre_req_pre"": ""0"", ""buy_10th_pre_bid"": ""-71000"", ""buy_10th_pre_req"": ""80"", ""buy_10th_pre_req_pre"": ""0"", ""tot_sel_req_jub_pre"": ""0"", ""tot_sel_req"": ""327"", ""tot_buy_req"": ""868"", ""tot_buy_req_jub_pre"": ""+33"", ""ovt_sel_req_pre"": ""0"", ""ovt_sel_req"": ""0"", ""ovt_buy_req"": ""0"", ""ovt_buy_req_pre"": ""0"", ""return_code"": 0, ""return_msg"": ""정상적으로 처리되었습니다""}"
2026-06-10,watchlist,000430,,0,filtered_candidate_recheck,5850,,5850,5840,5850,5890,0.5128205128205128,0.17094017094017094,,,,,,"{""bid_req_base_tm"": ""095456"", ""sel_10th_pre_req_pre"": ""0"", ""sel_10th_pre_req"": ""239"", ""sel_10th_pre_bid"": ""-5940"", ""sel_9th_pre_req_pre"": ""0"", ""sel_9th_pre_req"": ""237"", ""sel_9th_pre_bid"": ""-5930"", ""sel_8th_pre_req_pre"": ""0"", ""sel_8th_pre_req"": ""955"", ""sel_8th_pre_bid"": ""-5920"", ""sel_7th_pre_req_pre"": ""0"", ""sel_7th_pre_req"": ""320"", ""sel_7th_pre_bid"": ""-5910"", ""sel_6th_pre_req_pre"": ""0"", ""sel_6th_pre_req"": ""657"", ""sel_6th_pre_bid"": ""-5900"", ""sel_5th_pre_req_pre"": ""0"", ""sel_5th_pre_req"": ""449"", ""sel_5th_pre_bid"": ""-5890"", ""sel_4th_pre_req_pre"": ""0"", ""sel_4th_pre_req"": ""220"", ""sel_4th_pre_bid"": ""-5880"", ""sel_3th_pre_req_pre"": ""0"", ""sel_3th_pre_req"": ""708"", ""sel_3th_pre_bid"": ""-5870"", ""sel_2th_pre_req_pre"": ""0"", ""sel_2th_pre_req"": ""79"", ""sel_2th_pre_bid"": ""-5860"", ""sel_1th_pre_req_pre"": ""--1"", ""sel_fpr_req"": ""163"", ""sel_fpr_bid"": ""-5850"", ""buy_fpr_bid"": ""-5840"", ""buy_fpr_req"": ""4503"", ""buy_1th_pre_req_pre"": ""0"", ""buy_2th_pre_bid"": ""-5830"", ""buy_2th_pre_req"": ""5376"", ""buy_2th_pre_req_pre"": ""0"", ""buy_3th_pre_bid"": ""-5820"", ""buy_3th_pre_req"": ""3735"", ""buy_3th_pre_req_pre"": ""0"", ""buy_4th_pre_bid"": ""-5810"", ""buy_4th_pre_req"": ""7784"", ""buy_4th_pre_req_pre"": ""0"", ""buy_5th_pre_bid"": ""-5800"", ""buy_5th_pre_req"": ""16882"", ""buy_5th_pre_req_pre"": ""0"", ""buy_6th_pre_bid"": ""-5790"", ""buy_6th_pre_req"": ""5697"", ""buy_6th_pre_req_pre"": ""0"", ""buy_7th_pre_bid"": ""-5780"", ""buy_7th_pre_req"": ""2878"", ""buy_7th_pre_req_pre"": ""0"", ""buy_8th_pre_bid"": ""-5770"", ""buy_8th_pre_req"": ""5749"", ""buy_8th_pre_req_pre"": ""0"", ""buy_9th_pre_bid"": ""-5760"", ""buy_9th_pre_req"": ""4810"", ""buy_9th_pre_req_pre"": ""0"", ""buy_10th_pre_bid"": ""-5750"", ""buy_10th_pre_req"": ""9688"", ""buy_10th_pre_req_pre"": ""0"", ""tot_sel_req_jub_pre"": ""--1"", ""tot_sel_req"": ""4027"", ""tot_buy_req"": ""67102"", ""tot_buy_req_jub_pre"": ""0"", ""ovt_sel_req_pre"": ""0"", ""ovt_sel_req"": ""0"", ""ovt_buy_req"": ""0"", ""ovt_buy_req_pre"": ""0"", ""return_code"": 0, ""return_msg"": ""정상적으로 처리되었습니다""}"
2026-06-10,watchlist,307950,,0,filtered_candidate_recheck,706000,,706000,705000,706000,707000,0.0,0.141643059490085,,,,,,"{""bid_req_base_tm"": ""095456"", ""sel_10th_pre_req_pre"": ""0"", ""sel_10th_pre_req"": ""47"", ""sel_10th_pre_bid"": ""+715000"", ""sel_9th_pre_req_pre"": ""0"", ""sel_9th_pre_req"": ""16"", ""sel_9th_pre_bid"": ""+714000"", ""sel_8th_pre_req_pre"": ""0"", ""sel_8th_pre_req"": ""44"", ""sel_8th_pre_bid"": ""+713000"", ""sel_7th_pre_req_pre"": ""0"", ""sel_7th_pre_req"": ""11"", ""sel_7th_pre_bid"": ""+712000"", ""sel_6th_pre_req_pre"": ""0"", ""sel_6th_pre_req"": ""78"", ""sel_6th_pre_bid"": ""+711000"", ""sel_5th_pre_req_pre"": ""0"", ""sel_5th_pre_req"": ""271"", ""sel_5th_pre_bid"": ""+710000"", ""sel_4th_pre_req_pre"": ""0"", ""sel_4th_pre_req"": ""39"", ""sel_4th_pre_bid"": ""+709000"", ""sel_3th_pre_req_pre"": ""0"", ""sel_3th_pre_req"": ""39"", ""sel_3th_pre_bid"": ""+708000"", ""sel_2th_pre_req_pre"": ""0"", ""sel_2th_pre_req"": ""8"", ""sel_2th_pre_bid"": ""+707000"", ""sel_1th_pre_req_pre"": ""0"", ""sel_fpr_req"": ""36"", ""sel_fpr_bid"": ""+706000"", ""buy_fpr_bid"": ""+705000"", ""buy_fpr_req"": ""85"", ""buy_1th_pre_req_pre"": ""0"", ""buy_2th_pre_bid"": ""+704000"", ""buy_2th_pre_req"": ""57"", ""buy_2th_pre_req_pre"": ""0"", ""buy_3th_pre_bid"": ""+703000"", ""buy_3th_pre_req"": ""64"", ""buy_3th_pre_req_pre"": ""0"", ""buy_4th_pre_bid"": ""+702000"", ""buy_4th_pre_req"": ""44"", ""buy_4th_pre_req_pre"": ""0"", ""buy_5th_pre_bid"": ""+701000"", ""buy_5th_pre_req"": ""141"", ""buy_5th_pre_req_pre"": ""0"", ""buy_6th_pre_bid"": ""+700000"", ""buy_6th_pre_req"": ""304"", ""buy_6th_pre_req_pre"": ""0"", ""buy_7th_pre_bid"": ""+699000"", ""buy_7th_pre_req"": ""156"", ""buy_7th_pre_req_pre"": ""0"", ""buy_8th_pre_bid"": ""+698000"", ""buy_8th_pre_req"": ""141"", ""buy_8th_pre_req_pre"": ""0"", ""buy_9th_pre_bid"": ""+697000"", ""buy_9th_pre_req"": ""163"", ""buy_9th_pre_req_pre"": ""0"", ""buy_10th_pre_bid"": ""+696000"", ""buy_10th_pre_req"": ""241"", ""buy_10th_pre_req_pre"": ""0"", ""tot_sel_req_jub_pre"": ""0"", ""tot_sel_req"": ""589"", ""tot_buy_req"": ""1396"", ""tot_buy_req_jub_pre"": ""0"", ""ovt_sel_req_pre"": ""0"", ""ovt_sel_req"": ""0"", ""ovt_buy_req"": ""0"", ""ovt_buy_req_pre"": ""0"", ""return_code"": 0, ""return_msg"": ""정상적으로 처리되었습니다""}"
2026-06-10,watchlist,114090,,0,filtered_candidate_recheck,11870,,11870,11840,11870,11900,-0.16849199663016007,0.2527379949452401,,,,,,"{""bid_req_base_tm"": ""095456"", ""sel_10th_pre_req_pre"": ""0"", ""sel_10th_pre_req"": ""39"", ""sel_10th_pre_bid"": ""+12050"", ""sel_9th_pre_req_pre"": ""0"", ""sel_9th_pre_req"": ""298"", ""sel_9th_pre_bid"": ""+12020"", ""sel_8th_pre_req_pre"": ""0"", ""sel_8th_pre_req"": ""821"", ""sel_8th_pre_bid"": ""+12010"", ""sel_7th_pre_req_pre"": ""0"", ""sel_7th_pre_req"": ""25"", ""sel_7th_pre_bid"": ""+12000"", ""sel_6th_pre_req_pre"": ""0"", ""sel_6th_pre_req"": ""5"", ""sel_6th_pre_bid"": ""+11990"", ""sel_5th_pre_req_pre"": ""0"", ""sel_5th_pre_req"": ""1"", ""sel_5th_pre_bid"": ""+11980"", ""sel_4th_pre_req_pre"": ""0"", ""sel_4th_pre_req"": ""100"", ""sel_4th_pre_bid"": ""-11910"", ""sel_3th_pre_req_pre"": ""0"", ""sel_3th_pre_req"": ""10"", ""sel_3th_pre_bid"": ""-11890"", ""sel_2th_pre_req_pre"": ""0"", ""sel_2th_pre_req"": ""26"", ""sel_2th_pre_bid"": ""-11880"", ""sel_1th_pre_req_pre"": ""0"", ""sel_fpr_req"": ""1"", ""sel_fpr_bid"": ""-11870"", ""buy_fpr_bid"": ""-11840"", ""buy_fpr_req"": ""58"", ""buy_1th_pre_req_pre"": ""0"", ""buy_2th_pre_bid"": ""-11830"", ""buy_2th_pre_req"": ""573"", ""buy_2th_pre_req_pre"": ""0"", ""buy_3th_pre_bid"": ""-11820"", ""buy_3th_pre_req"": ""29"", ""buy_3th_pre_req_pre"": ""0"", ""buy_4th_pre_bid"": ""-11810"", ""buy_4th_pre_req"": ""406"", ""buy_4th_pre_req_pre"": ""0"", ""buy_5th_pre_bid"": ""-11800"", ""buy_5th_pre_req"": ""83"", ""buy_5th_pre_req_pre"": ""0"", ""buy_6th_pre_bid"": ""-11790"", ""buy_6th_pre_req"": ""116"", ""buy_6th_pre_req_pre"": ""0"", ""buy_7th_pre_bid"": ""-11780"", ""buy_7th_pre_req"": ""12"", ""buy_7th_pre_req_pre"": ""0"", ""buy_8th_pre_bid"": ""-11770"", ""buy_8th_pre_req"": ""16"", ""buy_8th_pre_req_pre"": ""0"", ""buy_9th_pre_bid"": ""-11760"", ""buy_9th_pre_req"": ""12"", ""buy_9th_pre_req_pre"": ""0"", ""buy_10th_pre_bid"": ""-11750"", ""buy_10th_pre_req"": ""209"", ""buy_10th_pre_req_pre"": ""0"", ""tot_sel_req_jub_pre"": ""0"", ""tot_sel_req"": ""1326"", ""tot_buy_req"": ""1514"", ""tot_buy_req_jub_pre"": ""0"", ""ovt_sel_req_pre"": ""0"", ""ovt_sel_req"": ""0"", ""ovt_buy_req"": ""0"", ""ovt_buy_req_pre"": ""0"", ""return_code"": 0, ""return_msg"": ""정상적으로 처리되었습니다""}"
2026-06-10,watchlist,281820,,1,filtered_candidate_recheck,66400,,66400,66100,66400,66500,0.0,0.4518072289156626,,,,,,"{""bid_req_base_tm"": ""095454"", ""sel_10th_pre_req_pre"": ""0"", ""sel_10th_pre_req"": ""20"", ""sel_10th_pre_bid"": ""+67500"", ""sel_9th_pre_req_pre"": ""0"", ""sel_9th_pre_req"": ""11"", ""sel_9th_pre_bid"": ""+67200"", ""sel_8th_pre_req_pre"": ""0"", ""sel_8th_pre_req"": ""12"", ""sel_8th_pre_bid"": ""+67100"", ""sel_7th_pre_req_pre"": ""0"", ""sel_7th_pre_req"": ""9"", ""sel_7th_pre_bid"": ""+67000"", ""sel_6th_pre_req_pre"": ""0"", ""sel_6th_pre_req"": ""6"", ""sel_6th_pre_bid"": ""+66900"", ""sel_5th_pre_req_pre"": ""0"", ""sel_5th_pre_req"": ""25"", ""sel_5th_pre_bid"": ""+66800"", ""sel_4th_pre_req_pre"": ""0"", ""sel_4th_pre_req"": ""20"", ""sel_4th_pre_bid"": ""+66700"", ""sel_3th_pre_req_pre"": ""0"", ""sel_3th_pre_req"": ""12"", ""sel_3th_pre_bid"": ""+66600"", ""sel_2th_pre_req_pre"": ""0"", ""sel_2th_pre_req"": ""109"", ""sel_2th_pre_bid"": ""+66500"", ""sel_1th_pre_req_pre"": ""0"", ""sel_fpr_req"": ""49"", ""sel_fpr_bid"": ""66400"", ""buy_fpr_bid"": ""-66100"", ""buy_fpr_req"": ""23"", ""buy_1th_pre_req_pre"": ""--21"", ""buy_2th_pre_bid"": ""-66000"", ""buy_2th_pre_req"": ""21"", ""buy_2th_pre_req_pre"": ""0"", ""buy_3th_pre_bid"": ""-65800"", ""buy_3th_pre_req"": ""17"", ""buy_3th_pre_req_pre"": ""0"", ""buy_4th_pre_bid"": ""-65700"", ""buy_4th_pre_req"": ""111"", ""buy_4th_pre_req_pre"": ""0"", ""buy_5th_pre_bid"": ""-65600"", ""buy_5th_pre_req"": ""118"", ""buy_5th_pre_req_pre"": ""0"", ""buy_6th_pre_bid"": ""-65500"", ""buy_6th_pre_req"": ""211"", ""buy_6th_pre_req_pre"": ""0"", ""buy_7th_pre_bid"": ""-65400"", ""buy_7th_pre_req"": ""98"", ""buy_7th_pre_req_pre"": ""0"", ""buy_8th_pre_bid"": ""-65300"", ""buy_8th_pre_req"": ""13"", ""buy_8th_pre_req_pre"": ""0"", ""buy_9th_pre_bid"": ""-65200"", ""buy_9th_pre_req"": ""228"", ""buy_9th_pre_req_pre"": ""0"", ""buy_10th_pre_bid"": ""-65100"", ""buy_10th_pre_req"": ""132"", ""buy_10th_pre_req_pre"": ""0"", ""tot_sel_req_jub_pre"": ""0"", ""tot_sel_req"": ""273"", ""tot_buy_req"": ""972"", ""tot_buy_req_jub_pre"": ""--21"", ""ovt_sel_req_pre"": ""0"", ""ovt_sel_req"": ""0"", ""ovt_buy_req"": ""0"", ""ovt_buy_req_pre"": ""0"", ""return_code"": 0, ""return_msg"": ""정상적으로 처리되었습니다""}"
2026-06-10,watchlist,489790,,0,filtered_candidate_recheck,69900,,69900,69700,69900,69600,-0.5722460658082975,0.28612303290414876,,,,,,"{""bid_req_base_tm"": ""095456"", ""sel_10th_pre_req_pre"": ""0"", ""sel_10th_pre_req"": ""261"", ""sel_10th_pre_bid"": ""+70800"", ""sel_9th_pre_req_pre"": ""0"", ""sel_9th_pre_req"": ""218"", ""sel_9th_pre_bid"": ""+70700"", ""sel_8th_pre_req_pre"": ""0"", ""sel_8th_pre_req"": ""36"", ""sel_8th_pre_bid"": ""+70600"", ""sel_7th_pre_req_pre"": ""0"", ""sel_7th_pre_req"": ""1398"", ""sel_7th_pre_bid"": ""+70500"", ""sel_6th_pre_req_pre"": ""0"", ""sel_6th_pre_req"": ""71"", ""sel_6th_pre_bid"": ""+70400"", ""sel_5th_pre_req_pre"": ""0"", ""sel_5th_pre_req"": ""175"", ""sel_5th_pre_bid"": ""+70300"", ""sel_4th_pre_req_pre"": ""0"", ""sel_4th_pre_req"": ""19"", ""sel_4th_pre_bid"": ""+70200"", ""sel_3th_pre_req_pre"": ""0"", ""sel_3th_pre_req"": ""264"", ""sel_3th_pre_bid"": ""+70100"", ""sel_2th_pre_req_pre"": ""0"", ""sel_2th_pre_req"": ""72"", ""sel_2th_pre_bid"": ""+70000"", ""sel_1th_pre_req_pre"": ""--37"", ""sel_fpr_req"": ""2"", ""sel_fpr_bid"": ""+69900"", ""buy_fpr_bid"": ""+69700"", ""buy_fpr_req"": ""29"", ""buy_1th_pre_req_pre"": ""0"", ""buy_2th_pre_bid"": ""+69600"", ""buy_2th_pre_req"": ""104"", ""buy_2th_pre_req_pre"": ""0"", ""buy_3th_pre_bid"": ""+69500"", ""buy_3th_pre_req"": ""201"", ""buy_3th_pre_req_pre"": ""0"", ""buy_4th_pre_bid"": ""+69400"", ""buy_4th_pre_req"": ""351"", ""buy_4th_pre_req_pre"": ""0"", ""buy_5th_pre_bid"": ""+69300"", ""buy_5th_pre_req"": ""218"", ""buy_5th_pre_req_pre"": ""0"", ""buy_6th_pre_bid"": ""+69200"", ""buy_6th_pre_req"": ""156"", ""buy_6th_pre_req_pre"": ""0"", ""buy_7th_pre_bid"": ""+69100"", ""buy_7th_pre_req"": ""255"", ""buy_7th_pre_req_pre"": ""0"", ""buy_8th_pre_bid"": ""+69000"", ""buy_8th_pre_req"": ""52"", ""buy_8th_pre_req_pre"": ""0"", ""buy_9th_pre_bid"": ""+68900"", ""buy_9th_pre_req"": ""17"", ""buy_9th_pre_req_pre"": ""0"", ""buy_10th_pre_bid"": ""+68800"", ""buy_10th_pre_req"": ""51"", ""buy_10th_pre_req_pre"": ""0"", ""tot_sel_req_jub_pre"": ""--37"", ""tot_sel_req"": ""2516"", ""tot_buy_req"": ""1434"", ""tot_buy_req_jub_pre"": ""0"", ""ovt_sel_req_pre"": ""0"", ""ovt_sel_req"": ""0"", ""ovt_buy_req"": ""0"", ""ovt_buy_req_pre"": ""0"", ""return_code"": 0, ""return_msg"": ""정상적으로 처리되었습니다""}"
2026-06-10,watchlist,092200,,0,filtered_candidate_recheck,9860,,9860,9850,9860,9890,0.2028397565922921,0.10141987829614604,,,,,,"{""bid_req_base_tm"": ""095457"", ""sel_10th_pre_req_pre"": ""0"", ""sel_10th_pre_req"": ""216"", ""sel_10th_pre_bid"": ""-9970"", ""sel_9th_pre_req_pre"": ""0"", ""sel_9th_pre_req"": ""535"", ""sel_9th_pre_bid"": ""-9960"", ""sel_8th_pre_req_pre"": ""0"", ""sel_8th_pre_req"": ""280"", ""sel_8th_pre_bid"": ""-9950"", ""sel_7th_pre_req_pre"": ""0"", ""sel_7th_pre_req"": ""221"", ""sel_7th_pre_bid"": ""-9940"", ""sel_6th_pre_req_pre"": ""0"", ""sel_6th_pre_req"": ""269"", ""sel_6th_pre_bid"": ""-9930"", ""sel_5th_pre_req_pre"": ""0"", ""sel_5th_pre_req"": ""1790"", ""sel_5th_pre_bid"": ""-9920"", ""sel_4th_pre_req_pre"": ""0"", ""sel_4th_pre_req"": ""281"", ""sel_4th_pre_bid"": ""-9890"", ""sel_3th_pre_req_pre"": ""0"", ""sel_3th_pre_req"": ""100"", ""sel_3th_pre_bid"": ""-9880"", ""sel_2th_pre_req_pre"": ""0"", ""sel_2th_pre_req"": ""1289"", ""sel_2th_pre_bid"": ""-9870"", ""sel_1th_pre_req_pre"": ""0"", ""sel_fpr_req"": ""115"", ""sel_fpr_bid"": ""-9860"", ""buy_fpr_bid"": ""-9850"", ""buy_fpr_req"": ""850"", ""buy_1th_pre_req_pre"": ""0"", ""buy_2th_pre_bid"": ""-9840"", ""buy_2th_pre_req"": ""367"", ""buy_2th_pre_req_pre"": ""0"", ""buy_3th_pre_bid"": ""-9830"", ""buy_3th_pre_req"": ""1945"", ""buy_3th_pre_req_pre"": ""0"", ""buy_4th_pre_bid"": ""-9820"", ""buy_4th_pre_req"": ""1942"", ""buy_4th_pre_req_pre"": ""0"", ""buy_5th_pre_bid"": ""-9810"", ""buy_5th_pre_req"": ""4557"", ""buy_5th_pre_req_pre"": ""0"", ""buy_6th_pre_bid"": ""-9800"", ""buy_6th_pre_req"": ""5444"", ""buy_6th_pre_req_pre"": ""0"", ""buy_7th_pre_bid"": ""-9790"", ""buy_7th_pre_req"": ""3775"", ""buy_7th_pre_req_pre"": ""0"", ""buy_8th_pre_bid"": ""-9780"", ""buy_8th_pre_req"": ""3351"", ""buy_8th_pre_req_pre"": ""0"", ""buy_9th_pre_bid"": ""-9770"", ""buy_9th_pre_req"": ""2120"", ""buy_9th_pre_req_pre"": ""0"", ""buy_10th_pre_bid"": ""-9760"", ""buy_10th_pre_req"": ""1151"", ""buy_10th_pre_req_pre"": ""0"", ""tot_sel_req_jub_pre"": ""0"", ""tot_sel_req"": ""5096"", ""tot_buy_req"": ""25502"", ""tot_buy_req_jub_pre"": ""0"", ""ovt_sel_req_pre"": ""0"", ""ovt_sel_req"": ""0"", ""ovt_buy_req"": ""0"", ""ovt_buy_req_pre"": ""0"", ""return_code"": 0, ""return_msg"": ""정상적으로 처리되었습니다""}"
2026-06-10,watchlist,175330,,0,filtered_candidate_recheck,25400,,25400,25350,25400,25450,0.0,0.19685039370078738,,,,,,"{""bid_req_base_tm"": ""095457"", ""sel_10th_pre_req_pre"": ""0"", ""sel_10th_pre_req"": ""454"", ""sel_10th_pre_bid"": ""-25850"", ""sel_9th_pre_req_pre"": ""0"", ""sel_9th_pre_req"": ""299"", ""sel_9th_pre_bid"": ""-25800"", ""sel_8th_pre_req_pre"": ""0"", ""sel_8th_pre_req"": ""206"", ""sel_8th_pre_bid"": ""-25750"", ""sel_7th_pre_req_pre"": ""0"", ""sel_7th_pre_req"": ""84"", ""sel_7th_pre_bid"": ""-25700"", ""sel_6th_pre_req_pre"": ""0"", ""sel_6th_pre_req"": ""561"", ""sel_6th_pre_bid"": ""-25650"", ""sel_5th_pre_req_pre"": ""0"", ""sel_5th_pre_req"": ""469"", ""sel_5th_pre_bid"": ""-25600"", ""sel_4th_pre_req_pre"": ""0"", ""sel_4th_pre_req"": ""402"", ""sel_4th_pre_bid"": ""-25550"", ""sel_3th_pre_req_pre"": ""0"", ""sel_3th_pre_req"": ""76"", ""sel_3th_pre_bid"": ""-25500"", ""sel_2th_pre_req_pre"": ""0"", ""sel_2th_pre_req"": ""682"", ""sel_2th_pre_bid"": ""-25450"", ""sel_1th_pre_req_pre"": ""--1"", ""sel_fpr_req"": ""1960"", ""sel_fpr_bid"": ""-25400"", ""buy_fpr_bid"": ""-25350"", ""buy_fpr_req"": ""647"", ""buy_1th_pre_req_pre"": ""0"", ""buy_2th_pre_bid"": ""-25300"", ""buy_2th_pre_req"": ""865"", ""buy_2th_pre_req_pre"": ""0"", ""buy_3th_pre_bid"": ""-25250"", ""buy_3th_pre_req"": ""1342"", ""buy_3th_pre_req_pre"": ""0"", ""buy_4th_pre_bid"": ""-25200"", ""buy_4th_pre_req"": ""1207"", ""buy_4th_pre_req_pre"": ""0"", ""buy_5th_pre_bid"": ""-25150"", ""buy_5th_pre_req"": ""601"", ""buy_5th_pre_req_pre"": ""0"", ""buy_6th_pre_bid"": ""-25100"", ""buy_6th_pre_req"": ""284"", ""buy_6th_pre_req_pre"": ""0"", ""buy_7th_pre_bid"": ""-25050"", ""buy_7th_pre_req"": ""318"", ""buy_7th_pre_req_pre"": ""0"", ""buy_8th_pre_bid"": ""-25000"", ""buy_8th_pre_req"": ""656"", ""buy_8th_pre_req_pre"": ""0"", ""buy_9th_pre_bid"": ""-24950"", ""buy_9th_pre_req"": ""238"", ""buy_9th_pre_req_pre"": ""0"", ""buy_10th_pre_bid"": ""-24900"", ""buy_10th_pre_req"": ""707"", ""buy_10th_pre_req_pre"": ""0"", ""tot_sel_req_jub_pre"": ""--1"", ""tot_sel_req"": ""5193"", ""tot_buy_req"": ""6865"", ""tot_buy_req_jub_pre"": ""0"", ""ovt_sel_req_pre"": ""0"", ""ovt_sel_req"": ""0"", ""ovt_buy_req"": ""0"", ""ovt_buy_req_pre"": ""0"", ""return_code"": 0, ""return_msg"": ""정상적으로 처리되었습니다""}"
2026-06-10,scan_candidate,005930,,0,main_scan,306500,,306500,306000,306500,308000,0.3262642740619902,0.1631321370309951,,,,,,"{""bid_req_base_tm"": ""095630"", ""sel_10th_pre_req_pre"": ""0"", ""sel_10th_pre_req"": ""12719"", ""sel_10th_pre_bid"": ""-311000"", ""sel_9th_pre_req_pre"": ""0"", ""sel_9th_pre_req"": ""10008"", ""sel_9th_pre_bid"": ""-310500"", ""sel_8th_pre_req_pre"": ""0"", ""sel_8th_pre_req"": ""24856"", ""sel_8th_pre_bid"": ""-310000"", ""sel_7th_pre_req_pre"": ""0"", ""sel_7th_pre_req"": ""14678"", ""sel_7th_pre_bid"": ""-309500"", ""sel_6th_pre_req_pre"": ""0"", ""sel_6th_pre_req"": ""12106"", ""sel_6th_pre_bid"": ""-309000"", ""sel_5th_pre_req_pre"": ""0"", ""sel_5th_pre_req"": ""14362"", ""sel_5th_pre_bid"": ""-308500"", ""sel_4th_pre_req_pre"": ""0"", ""sel_4th_pre_req"": ""17007"", ""sel_4th_pre_bid"": ""-308000"", ""sel_3th_pre_req_pre"": ""0"", ""sel_3th_pre_req"": ""18463"", ""sel_3th_pre_bid"": ""-307500"", ""sel_2th_pre_req_pre"": ""0"", ""sel_2th_pre_req"": ""23041"", ""sel_2th_pre_bid"": ""-307000"", ""sel_1th_pre_req_pre"": ""--25"", ""sel_fpr_req"": ""34238"", ""sel_fpr_bid"": ""-306500"", ""buy_fpr_bid"": ""-306000"", ""buy_fpr_req"": ""26323"", ""buy_1th_pre_req_pre"": ""+1"", ""buy_2th_pre_bid"": ""-305500"", ""buy_2th_pre_req"": ""57099"", ""buy_2th_pre_req_pre"": ""0"", ""buy_3th_pre_bid"": ""-305000"", ""buy_3th_pre_req"": ""163033"", ""buy_3th_pre_req_pre"": ""+8"", ""buy_4th_pre_bid"": ""-304500"", ""buy_4th_pre_req"": ""26388"", ""buy_4th_pre_req_pre"": ""0"", ""buy_5th_pre_bid"": ""-304000"", ""buy_5th_pre_req"": ""48520"", ""buy_5th_pre_req_pre"": ""0"", ""buy_6th_pre_bid"": ""-303500"", ""buy_6th_pre_req"": ""36785"", ""buy_6th_pre_req_pre"": ""0"", ""buy_7th_pre_bid"": ""-303000"", ""buy_7th_pre_req"": ""66112"", ""buy_7th_pre_req_pre"": ""+15"", ""buy_8th_pre_bid"": ""-302500"", ""buy_8th_pre_req"": ""41933"", ""buy_8th_pre_req_pre"": ""0"", ""buy_9th_pre_bid"": ""-302000"", ""buy_9th_pre_req"": ""41693"", ""buy_9th_pre_req_pre"": ""0"", ""buy_10th_pre_bid"": ""-301500"", ""buy_10th_pre_req"": ""36351"", ""buy_10th_pre_req_pre"": ""0"", ""tot_sel_req_jub_pre"": ""--25"", ""tot_sel_req"": ""181478"", ""tot_buy_req"": ""544237"", ""tot_buy_req_jub_pre"": ""+24"", ""ovt_sel_req_pre"": ""0"", ""ovt_sel_req"": ""0"", ""ovt_buy_req"": ""0"", ""ovt_buy_req_pre"": ""0"", ""return_code"": 0, ""return_msg"": ""정상적으로 처리되었습니다""}"
2026-06-10,scan_candidate,000660,,0,main_scan,2125000,,2125000,2123000,2125000,2128000,0.09411764705882353,0.09411764705882353,,,,,,"{""bid_req_base_tm"": ""095630"", ""sel_10th_pre_req_pre"": ""0"", ""sel_10th_pre_req"": ""55"", ""sel_10th_pre_bid"": ""-2134000"", ""sel_9th_pre_req_pre"": ""0"", ""sel_9th_pre_req"": ""103"", ""sel_9th_pre_bid"": ""-2133000"", ""sel_8th_pre_req_pre"": ""0"", ""sel_8th_pre_req"": ""12"", ""sel_8th_pre_bid"": ""-2132000"", ""sel_7th_pre_req_pre"": ""0"", ""sel_7th_pre_req"": ""100"", ""sel_7th_pre_bid"": ""-2131000"", ""sel_6th_pre_req_pre"": ""+20"", ""sel_6th_pre_req"": ""169"", ""sel_6th_pre_bid"": ""-2130000"", ""sel_5th_pre_req_pre"": ""0"", ""sel_5th_pre_req"": ""159"", ""sel_5th_pre_bid"": ""-2129000"", ""sel_4th_pre_req_pre"": ""0"", ""sel_4th_pre_req"": ""300"", ""sel_4th_pre_bid"": ""-2128000"", ""sel_3th_pre_req_pre"": ""+50"", ""sel_3th_pre_req"": ""110"", ""sel_3th_pre_bid"": ""-2127000"", ""sel_2th_pre_req_pre"": ""+133"", ""sel_2th_pre_req"": ""272"", ""sel_2th_pre_bid"": ""-2126000"", ""sel_1th_pre_req_pre"": ""--203"", ""sel_fpr_req"": ""222"", ""sel_fpr_bid"": ""-2125000"", ""buy_fpr_bid"": ""-2123000"", ""buy_fpr_req"": ""967"", ""buy_1th_pre_req_pre"": ""+130"", ""buy_2th_pre_bid"": ""-2122000"", ""buy_2th_pre_req"": ""929"", ""buy_2th_pre_req_pre"": ""0"", ""buy_3th_pre_bid"": ""-2121000"", ""buy_3th_pre_req"": ""764"", ""buy_3th_pre_req_pre"": ""0"", ""buy_4th_pre_bid"": ""-2120000"", ""buy_4th_pre_req"": ""1069"", ""buy_4th_pre_req_pre"": ""--130"", ""buy_5th_pre_bid"": ""-2119000"", ""buy_5th_pre_req"": ""430"", ""buy_5th_pre_req_pre"": ""0"", ""buy_6th_pre_bid"": ""-2118000"", ""buy_6th_pre_req"": ""621"", ""buy_6th_pre_req_pre"": ""0"", ""buy_7th_pre_bid"": ""-2117000"", ""buy_7th_pre_req"": ""665"", ""buy_7th_pre_req_pre"": ""0"", ""buy_8th_pre_bid"": ""-2116000"", ""buy_8th_pre_req"": ""747"", ""buy_8th_pre_req_pre"": ""+100"", ""buy_9th_pre_bid"": ""-2115000"", ""buy_9th_pre_req"": ""1167"", ""buy_9th_pre_req_pre"": ""--100"", ""buy_10th_pre_bid"": ""-2114000"", ""buy_10th_pre_req"": ""354"", ""buy_10th_pre_req_pre"": ""0"", ""tot_sel_req_jub_pre"": ""+53"", ""tot_sel_req"": ""1502"", ""tot_buy_req"": ""7713"", ""tot_buy_req_jub_pre"": ""0"", ""ovt_sel_req_pre"": ""0"", ""ovt_sel_req"": ""0"", ""ovt_buy_req"": ""0"", ""ovt_buy_req_pre"": ""0"", ""return_code"": 0, ""return_msg"": ""정상적으로 처리되었습니다""}"
2026-06-10,scan_candidate,402340,,0,main_scan,1217000,,1217000,1216000,1217000,1220000,0.16433853738701726,0.08216926869350863,,,,,,"{""bid_req_base_tm"": ""095630"", ""sel_10th_pre_req_pre"": ""0"", ""sel_10th_pre_req"": ""19"", ""sel_10th_pre_bid"": ""-1226000"", ""sel_9th_pre_req_pre"": ""0"", ""sel_9th_pre_req"": ""301"", ""sel_9th_pre_bid"": ""-1225000"", ""sel_8th_pre_req_pre"": ""0"", ""sel_8th_pre_req"": ""81"", ""sel_8th_pre_bid"": ""-1224000"", ""sel_7th_pre_req_pre"": ""0"", ""sel_7th_pre_req"": ""15"", ""sel_7th_pre_bid"": ""-1223000"", ""sel_6th_pre_req_pre"": ""0"", ""sel_6th_pre_req"": ""17"", ""sel_6th_pre_bid"": ""-1222000"", ""sel_5th_pre_req_pre"": ""0"", ""sel_5th_pre_req"": ""4"", ""sel_5th_pre_bid"": ""-1221000"", ""sel_4th_pre_req_pre"": ""0"", ""sel_4th_pre_req"": ""141"", ""sel_4th_pre_bid"": ""-1220000"", ""sel_3th_pre_req_pre"": ""0"", ""sel_3th_pre_req"": ""122"", ""sel_3th_pre_bid"": ""-1219000"", ""sel_2th_pre_req_pre"": ""0"", ""sel_2th_pre_req"": ""80"", ""sel_2th_pre_bid"": ""-1218000"", ""sel_1th_pre_req_pre"": ""0"", ""sel_fpr_req"": ""2"", ""sel_fpr_bid"": ""-1217000"", ""buy_fpr_bid"": ""-1216000"", ""buy_fpr_req"": ""533"", ""buy_1th_pre_req_pre"": ""--1"", ""buy_2th_pre_bid"": ""-1215000"", ""buy_2th_pre_req"": ""428"", ""buy_2th_pre_req_pre"": ""0"", ""buy_3th_pre_bid"": ""-1214000"", ""buy_3th_pre_req"": ""40"", ""buy_3th_pre_req_pre"": ""0"", ""buy_4th_pre_bid"": ""-1212000"", ""buy_4th_pre_req"": ""1"", ""buy_4th_pre_req_pre"": ""0"", ""buy_5th_pre_bid"": ""-1211000"", ""buy_5th_pre_req"": ""2"", ""buy_5th_pre_req_pre"": ""0"", ""buy_6th_pre_bid"": ""-1210000"", ""buy_6th_pre_req"": ""72"", ""buy_6th_pre_req_pre"": ""0"", ""buy_7th_pre_bid"": ""-1209000"", ""buy_7th_pre_req"": ""5"", ""buy_7th_pre_req_pre"": ""0"", ""buy_8th_pre_bid"": ""-1208000"", ""buy_8th_pre_req"": ""9"", ""buy_8th_pre_req_pre"": ""0"", ""buy_9th_pre_bid"": ""-1207000"", ""buy_9th_pre_req"": ""26"", ""buy_9th_pre_req_pre"": ""0"", ""buy_10th_pre_bid"": ""-1206000"", ""buy_10th_pre_req"": ""14"", ""buy_10th_pre_req_pre"": ""0"", ""tot_sel_req_jub_pre"": ""0"", ""tot_sel_req"": ""782"", ""tot_buy_req"": ""1130"", ""tot_buy_req_jub_pre"": ""--1"", ""ovt_sel_req_pre"": ""0"", ""ovt_sel_req"": ""0"", ""ovt_buy_req"": ""0"", ""ovt_buy_req_pre"": ""0"", ""return_code"": 0, ""return_msg"": ""정상적으로 처리되었습니다""}"
2026-06-10,scan_candidate,009150,,0,main_scan,1873000,,1873000,1872000,1873000,1876000,0.10678056593699946,0.05339028296849973,,,,,,"{""bid_req_base_tm"": ""095631"", ""sel_10th_pre_req_pre"": ""0"", ""sel_10th_pre_req"": ""115"", ""sel_10th_pre_bid"": ""-1882000"", ""sel_9th_pre_req_pre"": ""0"", ""sel_9th_pre_req"": ""64"", ""sel_9th_pre_bid"": ""-1881000"", ""sel_8th_pre_req_pre"": ""0"", ""sel_8th_pre_req"": ""68"", ""sel_8th_pre_bid"": ""-1880000"", ""sel_7th_pre_req_pre"": ""0"", ""sel_7th_pre_req"": ""2"", ""sel_7th_pre_bid"": ""-1879000"", ""sel_6th_pre_req_pre"": ""+10"", ""sel_6th_pre_req"": ""21"", ""sel_6th_pre_bid"": ""-1878000"", ""sel_5th_pre_req_pre"": ""+10"", ""sel_5th_pre_req"": ""47"", ""sel_5th_pre_bid"": ""-1877000"", ""sel_4th_pre_req_pre"": ""0"", ""sel_4th_pre_req"": ""54"", ""sel_4th_pre_bid"": ""-1876000"", ""sel_3th_pre_req_pre"": ""--20"", ""sel_3th_pre_req"": ""21"", ""sel_3th_pre_bid"": ""-1875000"", ""sel_2th_pre_req_pre"": ""0"", ""sel_2th_pre_req"": ""103"", ""sel_2th_pre_bid"": ""-1874000"", ""sel_1th_pre_req_pre"": ""--1"", ""sel_fpr_req"": ""583"", ""sel_fpr_bid"": ""-1873000"", ""buy_fpr_bid"": ""-1872000"", ""buy_fpr_req"": ""83"", ""buy_1th_pre_req_pre"": ""0"", ""buy_2th_pre_bid"": ""-1871000"", ""buy_2th_pre_req"": ""341"", ""buy_2th_pre_req_pre"": ""+30"", ""buy_3th_pre_bid"": ""-1870000"", ""buy_3th_pre_req"": ""1914"", ""buy_3th_pre_req_pre"": ""+89"", ""buy_4th_pre_bid"": ""-1869000"", ""buy_4th_pre_req"": ""382"", ""buy_4th_pre_req_pre"": ""+1"", ""buy_5th_pre_bid"": ""-1868000"", ""buy_5th_pre_req"": ""129"", ""buy_5th_pre_req_pre"": ""--109"", ""buy_6th_pre_bid"": ""-1867000"", ""buy_6th_pre_req"": ""400"", ""buy_6th_pre_req_pre"": ""+269"", ""buy_7th_pre_bid"": ""-1866000"", ""buy_7th_pre_req"": ""109"", ""buy_7th_pre_req_pre"": ""--276"", ""buy_8th_pre_bid"": ""-1865000"", ""buy_8th_pre_req"": ""448"", ""buy_8th_pre_req_pre"": ""0"", ""buy_9th_pre_bid"": ""-1864000"", ""buy_9th_pre_req"": ""230"", ""buy_9th_pre_req_pre"": ""0"", ""buy_10th_pre_bid"": ""-1863000"", ""buy_10th_pre_req"": ""188"", ""buy_10th_pre_req_pre"": ""0"", ""tot_sel_req_jub_pre"": ""--1"", ""tot_sel_req"": ""1078"", ""tot_buy_req"": ""4224"", ""tot_buy_req_jub_pre"": ""+4"", ""ovt_sel_req_pre"": ""0"", ""ovt_sel_req"": ""0"", ""ovt_buy_req"": ""0"", ""ovt_buy_req_pre"": ""0"", ""return_code"": 0, ""return_msg"": ""정상적으로 처리되었습니다""}"
2026-06-10,scan_candidate,032830,,0,main_scan,373000,,373000,372500,373000,373000,-0.13404825737265416,0.13404825737265416,,,,,,"{""bid_req_base_tm"": ""095631"", ""sel_10th_pre_req_pre"": ""0"", ""sel_10th_pre_req"": ""144"", ""sel_10th_pre_bid"": ""-378000"", ""sel_9th_pre_req_pre"": ""0"", ""sel_9th_pre_req"": ""34"", ""sel_9th_pre_bid"": ""-377500"", ""sel_8th_pre_req_pre"": ""0"", ""sel_8th_pre_req"": ""32"", ""sel_8th_pre_bid"": ""-377000"", ""sel_7th_pre_req_pre"": ""0"", ""sel_7th_pre_req"": ""30"", ""sel_7th_pre_bid"": ""-376500"", ""sel_6th_pre_req_pre"": ""0"", ""sel_6th_pre_req"": ""9"", ""sel_6th_pre_bid"": ""-376000"", ""sel_5th_pre_req_pre"": ""0"", ""sel_5th_pre_req"": ""141"", ""sel_5th_pre_bid"": ""-375000"", ""sel_4th_pre_req_pre"": ""0"", ""sel_4th_pre_req"": ""148"", ""sel_4th_pre_bid"": ""-374500"", ""sel_3th_pre_req_pre"": ""0"", ""sel_3th_pre_req"": ""217"", ""sel_3th_pre_bid"": ""-374000"", ""sel_2th_pre_req_pre"": ""0"", ""sel_2th_pre_req"": ""29"", ""sel_2th_pre_bid"": ""-373500"", ""sel_1th_pre_req_pre"": ""--5"", ""sel_fpr_req"": ""108"", ""sel_fpr_bid"": ""-373000"", ""buy_fpr_bid"": ""-372500"", ""buy_fpr_req"": ""65"", ""buy_1th_pre_req_pre"": ""0"", ""buy_2th_pre_bid"": ""-372000"", ""buy_2th_pre_req"": ""68"", ""buy_2th_pre_req_pre"": ""0"", ""buy_3th_pre_bid"": ""-371500"", ""buy_3th_pre_req"": ""258"", ""buy_3th_pre_req_pre"": ""0"", ""buy_4th_pre_bid"": ""-371000"", ""buy_4th_pre_req"": ""9"", ""buy_4th_pre_req_pre"": ""0"", ""buy_5th_pre_bid"": ""-370500"", ""buy_5th_pre_req"": ""239"", ""buy_5th_pre_req_pre"": ""0"", ""buy_6th_pre_bid"": ""-370000"", ""buy_6th_pre_req"": ""14"", ""buy_6th_pre_req_pre"": ""0"", ""buy_7th_pre_bid"": ""-369500"", ""buy_7th_pre_req"": ""4"", ""buy_7th_pre_req_pre"": ""0"", ""buy_8th_pre_bid"": ""-369000"", ""buy_8th_pre_req"": ""12"", ""buy_8th_pre_req_pre"": ""0"", ""buy_9th_pre_bid"": ""-368500"", ""buy_9th_pre_req"": ""12"", ""buy_9th_pre_req_pre"": ""0"", ""buy_10th_pre_bid"": ""-368000"", ""buy_10th_pre_req"": ""211"", ""buy_10th_pre_req_pre"": ""0"", ""tot_sel_req_jub_pre"": ""--5"", ""tot_sel_req"": ""892"", ""tot_buy_req"": ""892"", ""tot_buy_req_jub_pre"": ""0"", ""ovt_sel_req_pre"": ""0"", ""ovt_sel_req"": ""0"", ""ovt_buy_req"": ""0"", ""ovt_buy_req_pre"": ""0"", ""return_code"": 0, ""return_msg"": ""정상적으로 처리되었습니다""}"
2026-06-10,scan_candidate,012330,,0,main_scan,577000,,577000,576000,577000,580000,0.34662045060658575,0.17331022530329288,,,,,,"{""bid_req_base_tm"": ""095631"", ""sel_10th_pre_req_pre"": ""0"", ""sel_10th_pre_req"": ""136"", ""sel_10th_pre_bid"": ""-586000"", ""sel_9th_pre_req_pre"": ""0"", ""sel_9th_pre_req"": ""35"", ""sel_9th_pre_bid"": ""-585000"", ""sel_8th_pre_req_pre"": ""0"", ""sel_8th_pre_req"": ""32"", ""sel_8th_pre_bid"": ""-584000"", ""sel_7th_pre_req_pre"": ""0"", ""sel_7th_pre_req"": ""97"", ""sel_7th_pre_bid"": ""-583000"", ""sel_6th_pre_req_pre"": ""0"", ""sel_6th_pre_req"": ""103"", ""sel_6th_pre_bid"": ""-582000"", ""sel_5th_pre_req_pre"": ""0"", ""sel_5th_pre_req"": ""31"", ""sel_5th_pre_bid"": ""-581000"", ""sel_4th_pre_req_pre"": ""0"", ""sel_4th_pre_req"": ""303"", ""sel_4th_pre_bid"": ""-580000"", ""sel_3th_pre_req_pre"": ""0"", ""sel_3th_pre_req"": ""98"", ""sel_3th_pre_bid"": ""-579000"", ""sel_2th_pre_req_pre"": ""0"", ""sel_2th_pre_req"": ""130"", ""sel_2th_pre_bid"": ""-578000"", ""sel_1th_pre_req_pre"": ""0"", ""sel_fpr_req"": ""178"", ""sel_fpr_bid"": ""-577000"", ""buy_fpr_bid"": ""-576000"", ""buy_fpr_req"": ""20"", ""buy_1th_pre_req_pre"": ""--5"", ""buy_2th_pre_bid"": ""-575000"", ""buy_2th_pre_req"": ""573"", ""buy_2th_pre_req_pre"": ""0"", ""buy_3th_pre_bid"": ""-574000"", ""buy_3th_pre_req"": ""598"", ""buy_3th_pre_req_pre"": ""0"", ""buy_4th_pre_bid"": ""-573000"", ""buy_4th_pre_req"": ""784"", ""buy_4th_pre_req_pre"": ""0"", ""buy_5th_pre_bid"": ""-572000"", ""buy_5th_pre_req"": ""1326"", ""buy_5th_pre_req_pre"": ""0"", ""buy_6th_pre_bid"": ""-571000"", ""buy_6th_pre_req"": ""1675"", ""buy_6th_pre_req_pre"": ""0"", ""buy_7th_pre_bid"": ""-570000"", ""buy_7th_pre_req"": ""3864"", ""buy_7th_pre_req_pre"": ""0"", ""buy_8th_pre_bid"": ""-569000"", ""buy_8th_pre_req"": ""2478"", ""buy_8th_pre_req_pre"": ""0"", ""buy_9th_pre_bid"": ""-568000"", ""buy_9th_pre_req"": ""930"", ""buy_9th_pre_req_pre"": ""0"", ""buy_10th_pre_bid"": ""-567000"", ""buy_10th_pre_req"": ""778"", ""buy_10th_pre_req_pre"": ""0"", ""tot_sel_req_jub_pre"": ""0"", ""tot_sel_req"": ""1143"", ""tot_buy_req"": ""13026"", ""tot_buy_req_jub_pre"": ""--5"", ""ovt_sel_req_pre"": ""0"", ""ovt_sel_req"": ""0"", ""ovt_buy_req"": ""0"", ""ovt_buy_req_pre"": ""0"", ""return_code"": 0, ""return_msg"": ""정상적으로 처리되었습니다""}"
2026-06-10,scan_candidate,055550,,0,main_scan,99900,,99900,99800,99900,99700,-0.3003003003003003,0.10010010010010009,,,,,,"{""bid_req_base_tm"": ""095631"", ""sel_10th_pre_req_pre"": ""0"", ""sel_10th_pre_req"": ""1149"", ""sel_10th_pre_bid"": ""-100800"", ""sel_9th_pre_req_pre"": ""0"", ""sel_9th_pre_req"": ""620"", ""sel_9th_pre_bid"": ""-100700"", ""sel_8th_pre_req_pre"": ""0"", ""sel_8th_pre_req"": ""185"", ""sel_8th_pre_bid"": ""-100600"", ""sel_7th_pre_req_pre"": ""0"", ""sel_7th_pre_req"": ""167"", ""sel_7th_pre_bid"": ""-100500"", ""sel_6th_pre_req_pre"": ""0"", ""sel_6th_pre_req"": ""1138"", ""sel_6th_pre_bid"": ""-100400"", ""sel_5th_pre_req_pre"": ""0"", ""sel_5th_pre_req"": ""218"", ""sel_5th_pre_bid"": ""-100300"", ""sel_4th_pre_req_pre"": ""0"", ""sel_4th_pre_req"": ""926"", ""sel_4th_pre_bid"": ""-100200"", ""sel_3th_pre_req_pre"": ""0"", ""sel_3th_pre_req"": ""610"", ""sel_3th_pre_bid"": ""-100100"", ""sel_2th_pre_req_pre"": ""0"", ""sel_2th_pre_req"": ""758"", ""sel_2th_pre_bid"": ""-100000"", ""sel_1th_pre_req_pre"": ""+5"", ""sel_fpr_req"": ""801"", ""sel_fpr_bid"": ""-99900"", ""buy_fpr_bid"": ""-99800"", ""buy_fpr_req"": ""669"", ""buy_1th_pre_req_pre"": ""0"", ""buy_2th_pre_bid"": ""-99700"", ""buy_2th_pre_req"": ""698"", ""buy_2th_pre_req_pre"": ""0"", ""buy_3th_pre_bid"": ""-99600"", ""buy_3th_pre_req"": ""226"", ""buy_3th_pre_req_pre"": ""0"", ""buy_4th_pre_bid"": ""-99500"", ""buy_4th_pre_req"": ""977"", ""buy_4th_pre_req_pre"": ""0"", ""buy_5th_pre_bid"": ""-99400"", ""buy_5th_pre_req"": ""406"", ""buy_5th_pre_req_pre"": ""0"", ""buy_6th_pre_bid"": ""-99300"", ""buy_6th_pre_req"": ""1040"", ""buy_6th_pre_req_pre"": ""0"", ""buy_7th_pre_bid"": ""-99200"", ""buy_7th_pre_req"": ""100"", ""buy_7th_pre_req_pre"": ""0"", ""buy_8th_pre_bid"": ""-99100"", ""buy_8th_pre_req"": ""215"", ""buy_8th_pre_req_pre"": ""0"", ""buy_9th_pre_bid"": ""-99000"", ""buy_9th_pre_req"": ""200"", ""buy_9th_pre_req_pre"": ""0"", ""buy_10th_pre_bid"": ""-98900"", ""buy_10th_pre_req"": ""172"", ""buy_10th_pre_req_pre"": ""0"", ""tot_sel_req_jub_pre"": ""+5"", ""tot_sel_req"": ""6572"", ""tot_buy_req"": ""4703"", ""tot_buy_req_jub_pre"": ""0"", ""ovt_sel_req_pre"": ""0"", ""ovt_sel_req"": ""0"", ""ovt_buy_req"": ""0"", ""ovt_buy_req_pre"": ""0"", ""return_code"": 0, ""return_msg"": ""정상적으로 처리되었습니다""}"
2026-06-10,scan_candidate,034730,,0,main_scan,589000,,589000,588000,589000,588000,-0.3395585738539898,0.1697792869269949,,,,,,"{""bid_req_base_tm"": ""095632"", ""sel_10th_pre_req_pre"": ""0"", ""sel_10th_pre_req"": ""215"", ""sel_10th_pre_bid"": ""+598000"", ""sel_9th_pre_req_pre"": ""0"", ""sel_9th_pre_req"": ""141"", ""sel_9th_pre_bid"": ""+597000"", ""sel_8th_pre_req_pre"": ""0"", ""sel_8th_pre_req"": ""135"", ""sel_8th_pre_bid"": ""+596000"", ""sel_7th_pre_req_pre"": ""0"", ""sel_7th_pre_req"": ""140"", ""sel_7th_pre_bid"": ""+595000"", ""sel_6th_pre_req_pre"": ""0"", ""sel_6th_pre_req"": ""235"", ""sel_6th_pre_bid"": ""594000"", ""sel_5th_pre_req_pre"": ""0"", ""sel_5th_pre_req"": ""106"", ""sel_5th_pre_bid"": ""-593000"", ""sel_4th_pre_req_pre"": ""0"", ""sel_4th_pre_req"": ""41"", ""sel_4th_pre_bid"": ""-592000"", ""sel_3th_pre_req_pre"": ""0"", ""sel_3th_pre_req"": ""30"", ""sel_3th_pre_bid"": ""-591000"", ""sel_2th_pre_req_pre"": ""0"", ""sel_2th_pre_req"": ""7"", ""sel_2th_pre_bid"": ""-590000"", ""sel_1th_pre_req_pre"": ""0"", ""sel_fpr_req"": ""56"", ""sel_fpr_bid"": ""-589000"", ""buy_fpr_bid"": ""-588000"", ""buy_fpr_req"": ""188"", ""buy_1th_pre_req_pre"": ""+38"", ""buy_2th_pre_bid"": ""-587000"", ""buy_2th_pre_req"": ""192"", ""buy_2th_pre_req_pre"": ""0"", ""buy_3th_pre_bid"": ""-586000"", ""buy_3th_pre_req"": ""332"", ""buy_3th_pre_req_pre"": ""0"", ""buy_4th_pre_bid"": ""-585000"", ""buy_4th_pre_req"": ""64"", ""buy_4th_pre_req_pre"": ""0"", ""buy_5th_pre_bid"": ""-584000"", ""buy_5th_pre_req"": ""34"", ""buy_5th_pre_req_pre"": ""0"", ""buy_6th_pre_bid"": ""-583000"", ""buy_6th_pre_req"": ""17"", ""buy_6th_pre_req_pre"": ""0"", ""buy_7th_pre_bid"": ""-582000"", ""buy_7th_pre_req"": ""16"", ""buy_7th_pre_req_pre"": ""0"", ""buy_8th_pre_bid"": ""-581000"", ""buy_8th_pre_req"": ""113"", ""buy_8th_pre_req_pre"": ""0"", ""buy_9th_pre_bid"": ""-580000"", ""buy_9th_pre_req"": ""44"", ""buy_9th_pre_req_pre"": ""0"", ""buy_10th_pre_bid"": ""-579000"", ""buy_10th_pre_req"": ""14"", ""buy_10th_pre_req_pre"": ""0"", ""tot_sel_req_jub_pre"": ""0"", ""tot_sel_req"": ""1106"", ""tot_buy_req"": ""1014"", ""tot_buy_req_jub_pre"": ""+38"", ""ovt_sel_req_pre"": ""0"", ""ovt_sel_req"": ""0"", ""ovt_buy_req"": ""0"", ""ovt_buy_req_pre"": ""0"", ""return_code"": 0, ""return_msg"": ""정상적으로 처리되었습니다""}"
2026-06-10,scan_candidate,066570,,0,main_scan,231000,,231000,230500,231000,232500,0.4329004329004329,0.21645021645021645,,,,,,"{""bid_req_base_tm"": ""095632"", ""sel_10th_pre_req_pre"": ""0"", ""sel_10th_pre_req"": ""683"", ""sel_10th_pre_bid"": ""-235500"", ""sel_9th_pre_req_pre"": ""0"", ""sel_9th_pre_req"": ""1791"", ""sel_9th_pre_bid"": ""-235000"", ""sel_8th_pre_req_pre"": ""0"", ""sel_8th_pre_req"": ""563"", ""sel_8th_pre_bid"": ""-234500"", ""sel_7th_pre_req_pre"": ""0"", ""sel_7th_pre_req"": ""362"", ""sel_7th_pre_bid"": ""-234000"", ""sel_6th_pre_req_pre"": ""0"", ""sel_6th_pre_req"": ""894"", ""sel_6th_pre_bid"": ""-233500"", ""sel_5th_pre_req_pre"": ""0"", ""sel_5th_pre_req"": ""910"", ""sel_5th_pre_bid"": ""-233000"", ""sel_4th_pre_req_pre"": ""0"", ""sel_4th_pre_req"": ""1030"", ""sel_4th_pre_bid"": ""-232500"", ""sel_3th_pre_req_pre"": ""0"", ""sel_3th_pre_req"": ""1778"", ""sel_3th_pre_bid"": ""-232000"", ""sel_2th_pre_req_pre"": ""0"", ""sel_2th_pre_req"": ""1695"", ""sel_2th_pre_bid"": ""-231500"", ""sel_1th_pre_req_pre"": ""0"", ""sel_fpr_req"": ""3522"", ""sel_fpr_bid"": ""-231000"", ""buy_fpr_bid"": ""-230500"", ""buy_fpr_req"": ""8275"", ""buy_1th_pre_req_pre"": ""0"", ""buy_2th_pre_bid"": ""-230000"", ""buy_2th_pre_req"": ""34195"", ""buy_2th_pre_req_pre"": ""0"", ""buy_3th_pre_bid"": ""-229500"", ""buy_3th_pre_req"": ""3359"", ""buy_3th_pre_req_pre"": ""0"", ""buy_4th_pre_bid"": ""-229000"", ""buy_4th_pre_req"": ""6942"", ""buy_4th_pre_req_pre"": ""0"", ""buy_5th_pre_bid"": ""-228500"", ""buy_5th_pre_req"": ""8698"", ""buy_5th_pre_req_pre"": ""0"", ""buy_6th_pre_bid"": ""-228000"", ""buy_6th_pre_req"": ""11927"", ""buy_6th_pre_req_pre"": ""+1"", ""buy_7th_pre_bid"": ""-227500"", ""buy_7th_pre_req"": ""4174"", ""buy_7th_pre_req_pre"": ""0"", ""buy_8th_pre_bid"": ""-227000"", ""buy_8th_pre_req"": ""4976"", ""buy_8th_pre_req_pre"": ""--5"", ""buy_9th_pre_bid"": ""-226500"", ""buy_9th_pre_req"": ""2488"", ""buy_9th_pre_req_pre"": ""0"", ""buy_10th_pre_bid"": ""-226000"", ""buy_10th_pre_req"": ""3981"", ""buy_10th_pre_req_pre"": ""0"", ""tot_sel_req_jub_pre"": ""0"", ""tot_sel_req"": ""13228"", ""tot_buy_req"": ""89015"", ""tot_buy_req_jub_pre"": ""--4"", ""ovt_sel_req_pre"": ""0"", ""ovt_sel_req"": ""0"", ""ovt_buy_req"": ""0"", ""ovt_buy_req_pre"": ""0"", ""return_code"": 0, ""return_msg"": ""정상적으로 처리되었습니다""}"
2026-06-10,scan_candidate,035420,,0,main_scan,236500,,236500,236000,236500,238000,0.42283298097251587,0.21141649048625794,,,,,,"{""bid_req_base_tm"": ""095632"", ""sel_10th_pre_req_pre"": ""0"", ""sel_10th_pre_req"": ""1469"", ""sel_10th_pre_bid"": ""-241000"", ""sel_9th_pre_req_pre"": ""0"", ""sel_9th_pre_req"": ""1279"", ""sel_9th_pre_bid"": ""-240500"", ""sel_8th_pre_req_pre"": ""0"", ""sel_8th_pre_req"": ""4381"", ""sel_8th_pre_bid"": ""-240000"", ""sel_7th_pre_req_pre"": ""0"", ""sel_7th_pre_req"": ""1909"", ""sel_7th_pre_bid"": ""-239500"", ""sel_6th_pre_req_pre"": ""0"", ""sel_6th_pre_req"": ""2142"", ""sel_6th_pre_bid"": ""-239000"", ""sel_5th_pre_req_pre"": ""0"", ""sel_5th_pre_req"": ""1390"", ""sel_5th_pre_bid"": ""-238500"", ""sel_4th_pre_req_pre"": ""0"", ""sel_4th_pre_req"": ""1788"", ""sel_4th_pre_bid"": ""-238000"", ""sel_3th_pre_req_pre"": ""0"", ""sel_3th_pre_req"": ""2161"", ""sel_3th_pre_bid"": ""-237500"", ""sel_2th_pre_req_pre"": ""0"", ""sel_2th_pre_req"": ""1747"", ""sel_2th_pre_bid"": ""-237000"", ""sel_1th_pre_req_pre"": ""--1"", ""sel_fpr_req"": ""4491"", ""sel_fpr_bid"": ""-236500"", ""buy_fpr_bid"": ""-236000"", ""buy_fpr_req"": ""4438"", ""buy_1th_pre_req_pre"": ""--2"", ""buy_2th_pre_bid"": ""-235500"", ""buy_2th_pre_req"": ""7737"", ""buy_2th_pre_req_pre"": ""0"", ""buy_3th_pre_bid"": ""-235000"", ""buy_3th_pre_req"": ""19393"", ""buy_3th_pre_req_pre"": ""--23"", ""buy_4th_pre_bid"": ""-234500"", ""buy_4th_pre_req"": ""53405"", ""buy_4th_pre_req_pre"": ""0"", ""buy_5th_pre_bid"": ""-234000"", ""buy_5th_pre_req"": ""7182"", ""buy_5th_pre_req_pre"": ""0"", ""buy_6th_pre_bid"": ""-233500"", ""buy_6th_pre_req"": ""5827"", ""buy_6th_pre_req_pre"": ""0"", ""buy_7th_pre_bid"": ""-233000"", ""buy_7th_pre_req"": ""10210"", ""buy_7th_pre_req_pre"": ""0"", ""buy_8th_pre_bid"": ""-232500"", ""buy_8th_pre_req"": ""6219"", ""buy_8th_pre_req_pre"": ""0"", ""buy_9th_pre_bid"": ""-232000"", ""buy_9th_pre_req"": ""8822"", ""buy_9th_pre_req_pre"": ""0"", ""buy_10th_pre_bid"": ""-231500"", ""buy_10th_pre_req"": ""8067"", ""buy_10th_pre_req_pre"": ""0"", ""tot_sel_req_jub_pre"": ""--1"", ""tot_sel_req"": ""22757"", ""tot_buy_req"": ""131300"", ""tot_buy_req_jub_pre"": ""--25"", ""ovt_sel_req_pre"": ""0"", ""ovt_sel_req"": ""0"", ""ovt_buy_req"": ""0"", ""ovt_buy_req_pre"": ""0"", ""return_code"": 0, ""return_msg"": ""정상적으로 처리되었습니다""}"
2026-06-10,scan_candidate,086790,,0,main_scan,119400,,119400,119200,119400,119500,-0.33500837520938026,0.16750418760469013,,,,,,"{""bid_req_base_tm"": ""095632"", ""sel_10th_pre_req_pre"": ""0"", ""sel_10th_pre_req"": ""16"", ""sel_10th_pre_bid"": ""+120300"", ""sel_9th_pre_req_pre"": ""0"", ""sel_9th_pre_req"": ""11"", ""sel_9th_pre_bid"": ""+120200"", ""sel_8th_pre_req_pre"": ""0"", ""sel_8th_pre_req"": ""16"", ""sel_8th_pre_bid"": ""+120100"", ""sel_7th_pre_req_pre"": ""0"", ""sel_7th_pre_req"": ""603"", ""sel_7th_pre_bid"": ""+120000"", ""sel_6th_pre_req_pre"": ""0"", ""sel_6th_pre_req"": ""306"", ""sel_6th_pre_bid"": ""+119900"", ""sel_5th_pre_req_pre"": ""0"", ""sel_5th_pre_req"": ""13"", ""sel_5th_pre_bid"": ""+119800"", ""sel_4th_pre_req_pre"": ""0"", ""sel_4th_pre_req"": ""7"", ""sel_4th_pre_bid"": ""+119700"", ""sel_3th_pre_req_pre"": ""0"", ""sel_3th_pre_req"": ""11"", ""sel_3th_pre_bid"": ""+119600"", ""sel_2th_pre_req_pre"": ""0"", ""sel_2th_pre_req"": ""317"", ""sel_2th_pre_bid"": ""+119500"", ""sel_1th_pre_req_pre"": ""0"", ""sel_fpr_req"": ""440"", ""sel_fpr_bid"": ""+119400"", ""buy_fpr_bid"": ""+119200"", ""buy_fpr_req"": ""196"", ""buy_1th_pre_req_pre"": ""0"", ""buy_2th_pre_bid"": ""+119100"", ""buy_2th_pre_req"": ""225"", ""buy_2th_pre_req_pre"": ""0"", ""buy_3th_pre_bid"": ""119000"", ""buy_3th_pre_req"": ""1116"", ""buy_3th_pre_req_pre"": ""0"", ""buy_4th_pre_bid"": ""-118900"", ""buy_4th_pre_req"": ""50"", ""buy_4th_pre_req_pre"": ""0"", ""buy_5th_pre_bid"": ""-118800"", ""buy_5th_pre_req"": ""174"", ""buy_5th_pre_req_pre"": ""0"", ""buy_6th_pre_bid"": ""-118700"", ""buy_6th_pre_req"": ""1042"", ""buy_6th_pre_req_pre"": ""0"", ""buy_7th_pre_bid"": ""-118600"", ""buy_7th_pre_req"": ""170"", ""buy_7th_pre_req_pre"": ""0"", ""buy_8th_pre_bid"": ""-118500"", ""buy_8th_pre_req"": ""1"", ""buy_8th_pre_req_pre"": ""0"", ""buy_9th_pre_bid"": ""-118400"", ""buy_9th_pre_req"": ""518"", ""buy_9th_pre_req_pre"": ""0"", ""buy_10th_pre_bid"": ""-118300"", ""buy_10th_pre_req"": ""810"", ""buy_10th_pre_req_pre"": ""0"", ""tot_sel_req_jub_pre"": ""0"", ""tot_sel_req"": ""1740"", ""tot_buy_req"": ""4302"", ""tot_buy_req_jub_pre"": ""0"", ""ovt_sel_req_pre"": ""0"", ""ovt_sel_req"": ""0"", ""ovt_buy_req"": ""0"", ""ovt_buy_req_pre"": ""0"", ""return_code"": 0, ""return_msg"": ""정상적으로 처리되었습니다""}"
2026-06-10,scan_candidate,000810,,0,main_scan,614000,,614000,613000,614000,617000,0.32573289902280134,0.16286644951140067,,,,,,"{""bid_req_base_tm"": ""095632"", ""sel_10th_pre_req_pre"": ""0"", ""sel_10th_pre_req"": ""34"", ""sel_10th_pre_bid"": ""-623000"", ""sel_9th_pre_req_pre"": ""0"", ""sel_9th_pre_req"": ""12"", ""sel_9th_pre_bid"": ""-622000"", ""sel_8th_pre_req_pre"": ""0"", ""sel_8th_pre_req"": ""41"", ""sel_8th_pre_bid"": ""-621000"", ""sel_7th_pre_req_pre"": ""0"", ""sel_7th_pre_req"": ""18"", ""sel_7th_pre_bid"": ""-620000"", ""sel_6th_pre_req_pre"": ""0"", ""sel_6th_pre_req"": ""76"", ""sel_6th_pre_bid"": ""-619000"", ""sel_5th_pre_req_pre"": ""0"", ""sel_5th_pre_req"": ""16"", ""sel_5th_pre_bid"": ""-618000"", ""sel_4th_pre_req_pre"": ""0"", ""sel_4th_pre_req"": ""9"", ""sel_4th_pre_bid"": ""-617000"", ""sel_3th_pre_req_pre"": ""0"", ""sel_3th_pre_req"": ""15"", ""sel_3th_pre_bid"": ""-616000"", ""sel_2th_pre_req_pre"": ""--9"", ""sel_2th_pre_req"": ""175"", ""sel_2th_pre_bid"": ""-615000"", ""sel_1th_pre_req_pre"": ""+9"", ""sel_fpr_req"": ""36"", ""sel_fpr_bid"": ""-614000"", ""buy_fpr_bid"": ""-613000"", ""buy_fpr_req"": ""40"", ""buy_1th_pre_req_pre"": ""0"", ""buy_2th_pre_bid"": ""-612000"", ""buy_2th_pre_req"": ""2"", ""buy_2th_pre_req_pre"": ""0"", ""buy_3th_pre_bid"": ""-611000"", ""buy_3th_pre_req"": ""1304"", ""buy_3th_pre_req_pre"": ""0"", ""buy_4th_pre_bid"": ""-610000"", ""buy_4th_pre_req"": ""36"", ""buy_4th_pre_req_pre"": ""0"", ""buy_5th_pre_bid"": ""-609000"", ""buy_5th_pre_req"": ""67"", ""buy_5th_pre_req_pre"": ""0"", ""buy_6th_pre_bid"": ""-608000"", ""buy_6th_pre_req"": ""5"", ""buy_6th_pre_req_pre"": ""0"", ""buy_7th_pre_bid"": ""-607000"", ""buy_7th_pre_req"": ""10"", ""buy_7th_pre_req_pre"": ""0"", ""buy_8th_pre_bid"": ""-606000"", ""buy_8th_pre_req"": ""15"", ""buy_8th_pre_req_pre"": ""0"", ""buy_9th_pre_bid"": ""-605000"", ""buy_9th_pre_req"": ""63"", ""buy_9th_pre_req_pre"": ""0"", ""buy_10th_pre_bid"": ""-604000"", ""buy_10th_pre_req"": ""27"", ""buy_10th_pre_req_pre"": ""0"", ""tot_sel_req_jub_pre"": ""0"", ""tot_sel_req"": ""432"", ""tot_buy_req"": ""1569"", ""tot_buy_req_jub_pre"": ""0"", ""ovt_sel_req_pre"": ""0"", ""ovt_sel_req"": ""0"", ""ovt_buy_req"": ""0"", ""ovt_buy_req_pre"": ""0"", ""return_code"": 0, ""return_msg"": ""정상적으로 처리되었습니다""}"
2026-06-10,scan_candidate,011070,,0,main_scan,1064000,,1064000,1063000,1064000,1067000,0.18796992481203006,0.09398496240601503,,,,,,"{""bid_req_base_tm"": ""095633"", ""sel_10th_pre_req_pre"": ""0"", ""sel_10th_pre_req"": ""102"", ""sel_10th_pre_bid"": ""-1073000"", ""sel_9th_pre_req_pre"": ""0"", ""sel_9th_pre_req"": ""8"", ""sel_9th_pre_bid"": ""-1072000"", ""sel_8th_pre_req_pre"": ""0"", ""sel_8th_pre_req"": ""1"", ""sel_8th_pre_bid"": ""-1071000"", ""sel_7th_pre_req_pre"": ""0"", ""sel_7th_pre_req"": ""11"", ""sel_7th_pre_bid"": ""-1070000"", ""sel_6th_pre_req_pre"": ""0"", ""sel_6th_pre_req"": ""40"", ""sel_6th_pre_bid"": ""-1069000"", ""sel_5th_pre_req_pre"": ""0"", ""sel_5th_pre_req"": ""12"", ""sel_5th_pre_bid"": ""-1068000"", ""sel_4th_pre_req_pre"": ""0"", ""sel_4th_pre_req"": ""115"", ""sel_4th_pre_bid"": ""-1067000"", ""sel_3th_pre_req_pre"": ""0"", ""sel_3th_pre_req"": ""75"", ""sel_3th_pre_bid"": ""-1066000"", ""sel_2th_pre_req_pre"": ""0"", ""sel_2th_pre_req"": ""4"", ""sel_2th_pre_bid"": ""-1065000"", ""sel_1th_pre_req_pre"": ""0"", ""sel_fpr_req"": ""64"", ""sel_fpr_bid"": ""-1064000"", ""buy_fpr_bid"": ""-1063000"", ""buy_fpr_req"": ""206"", ""buy_1th_pre_req_pre"": ""+3"", ""buy_2th_pre_bid"": ""-1062000"", ""buy_2th_pre_req"": ""550"", ""buy_2th_pre_req_pre"": ""0"", ""buy_3th_pre_bid"": ""-1061000"", ""buy_3th_pre_req"": ""215"", ""buy_3th_pre_req_pre"": ""0"", ""buy_4th_pre_bid"": ""-1060000"", ""buy_4th_pre_req"": ""710"", ""buy_4th_pre_req_pre"": ""0"", ""buy_5th_pre_bid"": ""-1059000"", ""buy_5th_pre_req"": ""52"", ""buy_5th_pre_req_pre"": ""0"", ""buy_6th_pre_bid"": ""-1058000"", ""buy_6th_pre_req"": ""89"", ""buy_6th_pre_req_pre"": ""0"", ""buy_7th_pre_bid"": ""-1057000"", ""buy_7th_pre_req"": ""149"", ""buy_7th_pre_req_pre"": ""0"", ""buy_8th_pre_bid"": ""-1056000"", ""buy_8th_pre_req"": ""72"", ""buy_8th_pre_req_pre"": ""0"", ""buy_9th_pre_bid"": ""-1055000"", ""buy_9th_pre_req"": ""154"", ""buy_9th_pre_req_pre"": ""0"", ""buy_10th_pre_bid"": ""-1054000"", ""buy_10th_pre_req"": ""23"", ""buy_10th_pre_req_pre"": ""0"", ""tot_sel_req_jub_pre"": ""0"", ""tot_sel_req"": ""432"", ""tot_buy_req"": ""2220"", ""tot_buy_req_jub_pre"": ""+3"", ""ovt_sel_req_pre"": ""0"", ""ovt_sel_req"": ""0"", ""ovt_buy_req"": ""0"", ""ovt_buy_req_pre"": ""0"", ""return_code"": 0, ""return_msg"": ""정상적으로 처리되었습니다""}"
2026-06-10,scan_candidate,042700,,0,main_scan,285000,,285000,284500,285000,284500,-0.3508771929824561,0.17543859649122806,,,,,,"{""bid_req_base_tm"": ""095633"", ""sel_10th_pre_req_pre"": ""0"", ""sel_10th_pre_req"": ""394"", ""sel_10th_pre_bid"": ""+289500"", ""sel_9th_pre_req_pre"": ""0"", ""sel_9th_pre_req"": ""300"", ""sel_9th_pre_bid"": ""+289000"", ""sel_8th_pre_req_pre"": ""0"", ""sel_8th_pre_req"": ""74"", ""sel_8th_pre_bid"": ""+288500"", ""sel_7th_pre_req_pre"": ""0"", ""sel_7th_pre_req"": ""393"", ""sel_7th_pre_bid"": ""+288000"", ""sel_6th_pre_req_pre"": ""0"", ""sel_6th_pre_req"": ""381"", ""sel_6th_pre_bid"": ""+287500"", ""sel_5th_pre_req_pre"": ""0"", ""sel_5th_pre_req"": ""141"", ""sel_5th_pre_bid"": ""+287000"", ""sel_4th_pre_req_pre"": ""0"", ""sel_4th_pre_req"": ""30"", ""sel_4th_pre_bid"": ""+286500"", ""sel_3th_pre_req_pre"": ""0"", ""sel_3th_pre_req"": ""815"", ""sel_3th_pre_bid"": ""+286000"", ""sel_2th_pre_req_pre"": ""+110"", ""sel_2th_pre_req"": ""921"", ""sel_2th_pre_bid"": ""+285500"", ""sel_1th_pre_req_pre"": ""0"", ""sel_fpr_req"": ""1376"", ""sel_fpr_bid"": ""+285000"", ""buy_fpr_bid"": ""+284500"", ""buy_fpr_req"": ""74"", ""buy_1th_pre_req_pre"": ""0"", ""buy_2th_pre_bid"": ""+284000"", ""buy_2th_pre_req"": ""103"", ""buy_2th_pre_req_pre"": ""0"", ""buy_3th_pre_bid"": ""+283500"", ""buy_3th_pre_req"": ""417"", ""buy_3th_pre_req_pre"": ""0"", ""buy_4th_pre_bid"": ""+283000"", ""buy_4th_pre_req"": ""607"", ""buy_4th_pre_req_pre"": ""0"", ""buy_5th_pre_bid"": ""+282500"", ""buy_5th_pre_req"": ""252"", ""buy_5th_pre_req_pre"": ""0"", ""buy_6th_pre_bid"": ""+282000"", ""buy_6th_pre_req"": ""315"", ""buy_6th_pre_req_pre"": ""0"", ""buy_7th_pre_bid"": ""+281500"", ""buy_7th_pre_req"": ""337"", ""buy_7th_pre_req_pre"": ""0"", ""buy_8th_pre_bid"": ""+281000"", ""buy_8th_pre_req"": ""354"", ""buy_8th_pre_req_pre"": ""0"", ""buy_9th_pre_bid"": ""+280500"", ""buy_9th_pre_req"": ""860"", ""buy_9th_pre_req_pre"": ""0"", ""buy_10th_pre_bid"": ""+280000"", ""buy_10th_pre_req"": ""1581"", ""buy_10th_pre_req_pre"": ""0"", ""tot_sel_req_jub_pre"": ""+110"", ""tot_sel_req"": ""4825"", ""tot_buy_req"": ""4900"", ""tot_buy_req_jub_pre"": ""0"", ""ovt_sel_req_pre"": ""0"", ""ovt_sel_req"": ""0"", ""ovt_buy_req"": ""0"", ""ovt_buy_req_pre"": ""0"", ""return_code"": 0, ""return_msg"": ""정상적으로 처리되었습니다""}"
2026-06-10,scan_candidate,017670,,0,main_scan,106400,,106400,106300,106400,106500,-0.37593984962406013,0.09398496240601503,,,,,,"{""bid_req_base_tm"": ""095633"", ""sel_10th_pre_req_pre"": ""0"", ""sel_10th_pre_req"": ""427"", ""sel_10th_pre_bid"": ""-107300"", ""sel_9th_pre_req_pre"": ""0"", ""sel_9th_pre_req"": ""375"", ""sel_9th_pre_bid"": ""-107200"", ""sel_8th_pre_req_pre"": ""0"", ""sel_8th_pre_req"": ""202"", ""sel_8th_pre_bid"": ""-107100"", ""sel_7th_pre_req_pre"": ""0"", ""sel_7th_pre_req"": ""289"", ""sel_7th_pre_bid"": ""-107000"", ""sel_6th_pre_req_pre"": ""0"", ""sel_6th_pre_req"": ""14"", ""sel_6th_pre_bid"": ""-106900"", ""sel_5th_pre_req_pre"": ""0"", ""sel_5th_pre_req"": ""150"", ""sel_5th_pre_bid"": ""-106800"", ""sel_4th_pre_req_pre"": ""0"", ""sel_4th_pre_req"": ""502"", ""sel_4th_pre_bid"": ""-106700"", ""sel_3th_pre_req_pre"": ""0"", ""sel_3th_pre_req"": ""410"", ""sel_3th_pre_bid"": ""-106600"", ""sel_2th_pre_req_pre"": ""0"", ""sel_2th_pre_req"": ""470"", ""sel_2th_pre_bid"": ""-106500"", ""sel_1th_pre_req_pre"": ""0"", ""sel_fpr_req"": ""79"", ""sel_fpr_bid"": ""-106400"", ""buy_fpr_bid"": ""-106300"", ""buy_fpr_req"": ""118"", ""buy_1th_pre_req_pre"": ""--2"", ""buy_2th_pre_bid"": ""-106200"", ""buy_2th_pre_req"": ""285"", ""buy_2th_pre_req_pre"": ""+64"", ""buy_3th_pre_bid"": ""-106100"", ""buy_3th_pre_req"": ""1046"", ""buy_3th_pre_req_pre"": ""--64"", ""buy_4th_pre_bid"": ""-106000"", ""buy_4th_pre_req"": ""2761"", ""buy_4th_pre_req_pre"": ""0"", ""buy_5th_pre_bid"": ""-105900"", ""buy_5th_pre_req"": ""854"", ""buy_5th_pre_req_pre"": ""0"", ""buy_6th_pre_bid"": ""-105800"", ""buy_6th_pre_req"": ""593"", ""buy_6th_pre_req_pre"": ""0"", ""buy_7th_pre_bid"": ""-105700"", ""buy_7th_pre_req"": ""607"", ""buy_7th_pre_req_pre"": ""0"", ""buy_8th_pre_bid"": ""-105600"", ""buy_8th_pre_req"": ""474"", ""buy_8th_pre_req_pre"": ""0"", ""buy_9th_pre_bid"": ""-105500"", ""buy_9th_pre_req"": ""2536"", ""buy_9th_pre_req_pre"": ""0"", ""buy_10th_pre_bid"": ""-105400"", ""buy_10th_pre_req"": ""342"", ""buy_10th_pre_req_pre"": ""0"", ""tot_sel_req_jub_pre"": ""0"", ""tot_sel_req"": ""2918"", ""tot_buy_req"": ""9616"", ""tot_buy_req_jub_pre"": ""--2"", ""ovt_sel_req_pre"": ""0"", ""ovt_sel_req"": ""0"", ""ovt_buy_req"": ""0"", ""ovt_buy_req_pre"": ""0"", ""return_code"": 0, ""return_msg"": ""정상적으로 처리되었습니다""}"
2026-06-10,scan_candidate,316140,,0,main_scan,30150,,30150,30100,30150,29900,-0.9950248756218906,0.16583747927031509,,,,,,"{""bid_req_base_tm"": ""095633"", ""sel_10th_pre_req_pre"": ""0"", ""sel_10th_pre_req"": ""886"", ""sel_10th_pre_bid"": ""+30600"", ""sel_9th_pre_req_pre"": ""0"", ""sel_9th_pre_req"": ""315"", ""sel_9th_pre_bid"": ""+30550"", ""sel_8th_pre_req_pre"": ""0"", ""sel_8th_pre_req"": ""4152"", ""sel_8th_pre_bid"": ""+30500"", ""sel_7th_pre_req_pre"": ""0"", ""sel_7th_pre_req"": ""1483"", ""sel_7th_pre_bid"": ""+30450"", ""sel_6th_pre_req_pre"": ""0"", ""sel_6th_pre_req"": ""1775"", ""sel_6th_pre_bid"": ""+30400"", ""sel_5th_pre_req_pre"": ""0"", ""sel_5th_pre_req"": ""1568"", ""sel_5th_pre_bid"": ""+30350"", ""sel_4th_pre_req_pre"": ""0"", ""sel_4th_pre_req"": ""1186"", ""sel_4th_pre_bid"": ""+30300"", ""sel_3th_pre_req_pre"": ""0"", ""sel_3th_pre_req"": ""652"", ""sel_3th_pre_bid"": ""+30250"", ""sel_2th_pre_req_pre"": ""0"", ""sel_2th_pre_req"": ""1264"", ""sel_2th_pre_bid"": ""+30200"", ""sel_1th_pre_req_pre"": ""--10"", ""sel_fpr_req"": ""25049"", ""sel_fpr_bid"": ""+30150"", ""buy_fpr_bid"": ""+30100"", ""buy_fpr_req"": ""2293"", ""buy_1th_pre_req_pre"": ""0"", ""buy_2th_pre_bid"": ""+30050"", ""buy_2th_pre_req"": ""1156"", ""buy_2th_pre_req_pre"": ""0"", ""buy_3th_pre_bid"": ""30000"", ""buy_3th_pre_req"": ""1150"", ""buy_3th_pre_req_pre"": ""0"", ""buy_4th_pre_bid"": ""-29950"", ""buy_4th_pre_req"": ""342"", ""buy_4th_pre_req_pre"": ""0"", ""buy_5th_pre_bid"": ""-29900"", ""buy_5th_pre_req"": ""1487"", ""buy_5th_pre_req_pre"": ""0"", ""buy_6th_pre_bid"": ""-29850"", ""buy_6th_pre_req"": ""101"", ""buy_6th_pre_req_pre"": ""0"", ""buy_7th_pre_bid"": ""-29800"", ""buy_7th_pre_req"": ""2717"", ""buy_7th_pre_req_pre"": ""0"", ""buy_8th_pre_bid"": ""-29750"", ""buy_8th_pre_req"": ""791"", ""buy_8th_pre_req_pre"": ""0"", ""buy_9th_pre_bid"": ""-29700"", ""buy_9th_pre_req"": ""2388"", ""buy_9th_pre_req_pre"": ""0"", ""buy_10th_pre_bid"": ""-29650"", ""buy_10th_pre_req"": ""1338"", ""buy_10th_pre_req_pre"": ""0"", ""tot_sel_req_jub_pre"": ""--10"", ""tot_sel_req"": ""38330"", ""tot_buy_req"": ""13763"", ""tot_buy_req_jub_pre"": ""0"", ""ovt_sel_req_pre"": ""0"", ""ovt_sel_req"": ""0"", ""ovt_buy_req"": ""0"", ""ovt_buy_req_pre"": ""0"", ""return_code"": 0, ""return_msg"": ""정상적으로 처리되었습니다""}"
2026-06-10,scan_candidate,018260,,0,main_scan,233000,,233000,232500,233000,234500,0.4291845493562232,0.2145922746781116,,,,,,"{""bid_req_base_tm"": ""095633"", ""sel_10th_pre_req_pre"": ""0"", ""sel_10th_pre_req"": ""103"", ""sel_10th_pre_bid"": ""-237500"", ""sel_9th_pre_req_pre"": ""0"", ""sel_9th_pre_req"": ""62"", ""sel_9th_pre_bid"": ""-237000"", ""sel_8th_pre_req_pre"": ""0"", ""sel_8th_pre_req"": ""207"", ""sel_8th_pre_bid"": ""-236500"", ""sel_7th_pre_req_pre"": ""0"", ""sel_7th_pre_req"": ""97"", ""sel_7th_pre_bid"": ""-236000"", ""sel_6th_pre_req_pre"": ""0"", ""sel_6th_pre_req"": ""28"", ""sel_6th_pre_bid"": ""-235500"", ""sel_5th_pre_req_pre"": ""0"", ""sel_5th_pre_req"": ""44"", ""sel_5th_pre_bid"": ""-235000"", ""sel_4th_pre_req_pre"": ""0"", ""sel_4th_pre_req"": ""236"", ""sel_4th_pre_bid"": ""-234500"", ""sel_3th_pre_req_pre"": ""0"", ""sel_3th_pre_req"": ""57"", ""sel_3th_pre_bid"": ""-234000"", ""sel_2th_pre_req_pre"": ""0"", ""sel_2th_pre_req"": ""55"", ""sel_2th_pre_bid"": ""-233500"", ""sel_1th_pre_req_pre"": ""+12"", ""sel_fpr_req"": ""346"", ""sel_fpr_bid"": ""-233000"", ""buy_fpr_bid"": ""-232500"", ""buy_fpr_req"": ""650"", ""buy_1th_pre_req_pre"": ""0"", ""buy_2th_pre_bid"": ""-232000"", ""buy_2th_pre_req"": ""899"", ""buy_2th_pre_req_pre"": ""0"", ""buy_3th_pre_bid"": ""-231500"", ""buy_3th_pre_req"": ""952"", ""buy_3th_pre_req_pre"": ""+1"", ""buy_4th_pre_bid"": ""-231000"", ""buy_4th_pre_req"": ""2083"", ""buy_4th_pre_req_pre"": ""0"", ""buy_5th_pre_bid"": ""-230500"", ""buy_5th_pre_req"": ""1551"", ""buy_5th_pre_req_pre"": ""0"", ""buy_6th_pre_bid"": ""-230000"", ""buy_6th_pre_req"": ""3208"", ""buy_6th_pre_req_pre"": ""0"", ""buy_7th_pre_bid"": ""-229500"", ""buy_7th_pre_req"": ""494"", ""buy_7th_pre_req_pre"": ""0"", ""buy_8th_pre_bid"": ""-229000"", ""buy_8th_pre_req"": ""1373"", ""buy_8th_pre_req_pre"": ""0"", ""buy_9th_pre_bid"": ""-228500"", ""buy_9th_pre_req"": ""424"", ""buy_9th_pre_req_pre"": ""0"", ""buy_10th_pre_bid"": ""-228000"", ""buy_10th_pre_req"": ""1116"", ""buy_10th_pre_req_pre"": ""0"", ""tot_sel_req_jub_pre"": ""+12"", ""tot_sel_req"": ""1235"", ""tot_buy_req"": ""12750"", ""tot_buy_req_jub_pre"": ""+1"", ""ovt_sel_req_pre"": ""0"", ""ovt_sel_req"": ""0"", ""ovt_buy_req"": ""0"", ""ovt_buy_req_pre"": ""0"", ""return_code"": 0, ""return_msg"": ""정상적으로 처리되었습니다""}"
2026-06-10,scan_candidate,033780,,0,main_scan,185100,,185100,185000,185100,184500,-0.5942733657482442,0.05402485143165856,,,,,,"{""bid_req_base_tm"": ""095633"", ""sel_10th_pre_req_pre"": ""0"", ""sel_10th_pre_req"": ""817"", ""sel_10th_pre_bid"": ""+186000"", ""sel_9th_pre_req_pre"": ""0"", ""sel_9th_pre_req"": ""451"", ""sel_9th_pre_bid"": ""+185900"", ""sel_8th_pre_req_pre"": ""0"", ""sel_8th_pre_req"": ""184"", ""sel_8th_pre_bid"": ""+185800"", ""sel_7th_pre_req_pre"": ""0"", ""sel_7th_pre_req"": ""221"", ""sel_7th_pre_bid"": ""+185700"", ""sel_6th_pre_req_pre"": ""0"", ""sel_6th_pre_req"": ""339"", ""sel_6th_pre_bid"": ""+185600"", ""sel_5th_pre_req_pre"": ""0"", ""sel_5th_pre_req"": ""652"", ""sel_5th_pre_bid"": ""+185500"", ""sel_4th_pre_req_pre"": ""0"", ""sel_4th_pre_req"": ""653"", ""sel_4th_pre_bid"": ""+185400"", ""sel_3th_pre_req_pre"": ""0"", ""sel_3th_pre_req"": ""491"", ""sel_3th_pre_bid"": ""+185300"", ""sel_2th_pre_req_pre"": ""0"", ""sel_2th_pre_req"": ""63"", ""sel_2th_pre_bid"": ""+185200"", ""sel_1th_pre_req_pre"": ""0"", ""sel_fpr_req"": ""1701"", ""sel_fpr_bid"": ""+185100"", ""buy_fpr_bid"": ""+185000"", ""buy_fpr_req"": ""749"", ""buy_1th_pre_req_pre"": ""0"", ""buy_2th_pre_bid"": ""+184900"", ""buy_2th_pre_req"": ""217"", ""buy_2th_pre_req_pre"": ""0"", ""buy_3th_pre_bid"": ""+184800"", ""buy_3th_pre_req"": ""72"", ""buy_3th_pre_req_pre"": ""0"", ""buy_4th_pre_bid"": ""+184700"", ""buy_4th_pre_req"": ""81"", ""buy_4th_pre_req_pre"": ""0"", ""buy_5th_pre_bid"": ""+184600"", ""buy_5th_pre_req"": ""10"", ""buy_5th_pre_req_pre"": ""0"", ""buy_6th_pre_bid"": ""+184500"", ""buy_6th_pre_req"": ""167"", ""buy_6th_pre_req_pre"": ""0"", ""buy_7th_pre_bid"": ""+184400"", ""buy_7th_pre_req"": ""78"", ""buy_7th_pre_req_pre"": ""0"", ""buy_8th_pre_bid"": ""184300"", ""buy_8th_pre_req"": ""558"", ""buy_8th_pre_req_pre"": ""0"", ""buy_9th_pre_bid"": ""-184200"", ""buy_9th_pre_req"": ""200"", ""buy_9th_pre_req_pre"": ""0"", ""buy_10th_pre_bid"": ""-184100"", ""buy_10th_pre_req"": ""359"", ""buy_10th_pre_req_pre"": ""0"", ""tot_sel_req_jub_pre"": ""0"", ""tot_sel_req"": ""5572"", ""tot_buy_req"": ""2491"", ""tot_buy_req_jub_pre"": ""0"", ""ovt_sel_req_pre"": ""0"", ""ovt_sel_req"": ""0"", ""ovt_buy_req"": ""0"", ""ovt_buy_req_pre"": ""0"", ""return_code"": 0, ""return_msg"": ""정상적으로 처리되었습니다""}"
2026-06-10,scan_candidate,307950,,0,main_scan,706000,,706000,705000,706000,707000,0.0,0.141643059490085,,,,,,"{""bid_req_base_tm"": ""095634"", ""sel_10th_pre_req_pre"": ""0"", ""sel_10th_pre_req"": ""47"", ""sel_10th_pre_bid"": ""+715000"", ""sel_9th_pre_req_pre"": ""0"", ""sel_9th_pre_req"": ""54"", ""sel_9th_pre_bid"": ""+714000"", ""sel_8th_pre_req_pre"": ""0"", ""sel_8th_pre_req"": ""43"", ""sel_8th_pre_bid"": ""+713000"", ""sel_7th_pre_req_pre"": ""0"", ""sel_7th_pre_req"": ""11"", ""sel_7th_pre_bid"": ""+712000"", ""sel_6th_pre_req_pre"": ""0"", ""sel_6th_pre_req"": ""15"", ""sel_6th_pre_bid"": ""+711000"", ""sel_5th_pre_req_pre"": ""0"", ""sel_5th_pre_req"": ""229"", ""sel_5th_pre_bid"": ""+710000"", ""sel_4th_pre_req_pre"": ""0"", ""sel_4th_pre_req"": ""20"", ""sel_4th_pre_bid"": ""+709000"", ""sel_3th_pre_req_pre"": ""0"", ""sel_3th_pre_req"": ""36"", ""sel_3th_pre_bid"": ""+708000"", ""sel_2th_pre_req_pre"": ""0"", ""sel_2th_pre_req"": ""29"", ""sel_2th_pre_bid"": ""+707000"", ""sel_1th_pre_req_pre"": ""0"", ""sel_fpr_req"": ""27"", ""sel_fpr_bid"": ""+706000"", ""buy_fpr_bid"": ""+705000"", ""buy_fpr_req"": ""1"", ""buy_1th_pre_req_pre"": ""0"", ""buy_2th_pre_bid"": ""+704000"", ""buy_2th_pre_req"": ""74"", ""buy_2th_pre_req_pre"": ""0"", ""buy_3th_pre_bid"": ""+703000"", ""buy_3th_pre_req"": ""81"", ""buy_3th_pre_req_pre"": ""0"", ""buy_4th_pre_bid"": ""+702000"", ""buy_4th_pre_req"": ""102"", ""buy_4th_pre_req_pre"": ""0"", ""buy_5th_pre_bid"": ""+701000"", ""buy_5th_pre_req"": ""96"", ""buy_5th_pre_req_pre"": ""0"", ""buy_6th_pre_bid"": ""+700000"", ""buy_6th_pre_req"": ""339"", ""buy_6th_pre_req_pre"": ""0"", ""buy_7th_pre_bid"": ""+699000"", ""buy_7th_pre_req"": ""170"", ""buy_7th_pre_req_pre"": ""0"", ""buy_8th_pre_bid"": ""+698000"", ""buy_8th_pre_req"": ""140"", ""buy_8th_pre_req_pre"": ""0"", ""buy_9th_pre_bid"": ""+697000"", ""buy_9th_pre_req"": ""223"", ""buy_9th_pre_req_pre"": ""0"", ""buy_10th_pre_bid"": ""+696000"", ""buy_10th_pre_req"": ""243"", ""buy_10th_pre_req_pre"": ""0"", ""tot_sel_req_jub_pre"": ""0"", ""tot_sel_req"": ""511"", ""tot_buy_req"": ""1469"", ""tot_buy_req_jub_pre"": ""0"", ""ovt_sel_req_pre"": ""0"", ""ovt_sel_req"": ""0"", ""ovt_buy_req"": ""0"", ""ovt_buy_req_pre"": ""0"", ""return_code"": 0, ""return_msg"": ""정상적으로 처리되었습니다""}"
2026-06-10,scan_candidate,138040,,0,main_scan,109000,,109000,108900,109000,108500,-0.9174311926605505,0.09174311926605505,,,,,,"{""bid_req_base_tm"": ""095634"", ""sel_10th_pre_req_pre"": ""0"", ""sel_10th_pre_req"": ""12"", ""sel_10th_pre_bid"": ""+109900"", ""sel_9th_pre_req_pre"": ""0"", ""sel_9th_pre_req"": ""402"", ""sel_9th_pre_bid"": ""+109800"", ""sel_8th_pre_req_pre"": ""+1051"", ""sel_8th_pre_req"": ""2754"", ""sel_8th_pre_bid"": ""+109700"", ""sel_7th_pre_req_pre"": ""0"", ""sel_7th_pre_req"": ""259"", ""sel_7th_pre_bid"": ""+109600"", ""sel_6th_pre_req_pre"": ""0"", ""sel_6th_pre_req"": ""115"", ""sel_6th_pre_bid"": ""+109500"", ""sel_5th_pre_req_pre"": ""0"", ""sel_5th_pre_req"": ""626"", ""sel_5th_pre_bid"": ""+109400"", ""sel_4th_pre_req_pre"": ""0"", ""sel_4th_pre_req"": ""201"", ""sel_4th_pre_bid"": ""+109300"", ""sel_3th_pre_req_pre"": ""0"", ""sel_3th_pre_req"": ""572"", ""sel_3th_pre_bid"": ""+109200"", ""sel_2th_pre_req_pre"": ""0"", ""sel_2th_pre_req"": ""626"", ""sel_2th_pre_bid"": ""109100"", ""sel_1th_pre_req_pre"": ""0"", ""sel_fpr_req"": ""777"", ""sel_fpr_bid"": ""-109000"", ""buy_fpr_bid"": ""-108900"", ""buy_fpr_req"": ""737"", ""buy_1th_pre_req_pre"": ""0"", ""buy_2th_pre_bid"": ""-108800"", ""buy_2th_pre_req"": ""554"", ""buy_2th_pre_req_pre"": ""0"", ""buy_3th_pre_bid"": ""-108700"", ""buy_3th_pre_req"": ""106"", ""buy_3th_pre_req_pre"": ""0"", ""buy_4th_pre_bid"": ""-108600"", ""buy_4th_pre_req"": ""534"", ""buy_4th_pre_req_pre"": ""0"", ""buy_5th_pre_bid"": ""-108500"", ""buy_5th_pre_req"": ""1"", ""buy_5th_pre_req_pre"": ""0"", ""buy_6th_pre_bid"": ""-108400"", ""buy_6th_pre_req"": ""1353"", ""buy_6th_pre_req_pre"": ""0"", ""buy_7th_pre_bid"": ""-108000"", ""buy_7th_pre_req"": ""66"", ""buy_7th_pre_req_pre"": ""0"", ""buy_8th_pre_bid"": ""-107900"", ""buy_8th_pre_req"": ""899"", ""buy_8th_pre_req_pre"": ""0"", ""buy_9th_pre_bid"": ""-107800"", ""buy_9th_pre_req"": ""604"", ""buy_9th_pre_req_pre"": ""0"", ""buy_10th_pre_bid"": ""-107700"", ""buy_10th_pre_req"": ""2"", ""buy_10th_pre_req_pre"": ""0"", ""tot_sel_req_jub_pre"": ""+1051"", ""tot_sel_req"": ""6344"", ""tot_buy_req"": ""4856"", ""tot_buy_req_jub_pre"": ""0"", ""ovt_sel_req_pre"": ""0"", ""ovt_sel_req"": ""0"", ""ovt_buy_req"": ""0"", ""ovt_buy_req_pre"": ""0"", ""return_code"": 0, ""return_msg"": ""정상적으로 처리되었습니다""}"
2026-06-10,scan_candidate,003550,,0,main_scan,108300,,108300,108200,108300,108000,-0.7386888273314866,0.09233610341643582,,,,,,"{""bid_req_base_tm"": ""095634"", ""sel_10th_pre_req_pre"": ""0"", ""sel_10th_pre_req"": ""321"", ""sel_10th_pre_bid"": ""-109300"", ""sel_9th_pre_req_pre"": ""0"", ""sel_9th_pre_req"": ""76"", ""sel_9th_pre_bid"": ""-109100"", ""sel_8th_pre_req_pre"": ""0"", ""sel_8th_pre_req"": ""24"", ""sel_8th_pre_bid"": ""-109000"", ""sel_7th_pre_req_pre"": ""0"", ""sel_7th_pre_req"": ""18"", ""sel_7th_pre_bid"": ""-108900"", ""sel_6th_pre_req_pre"": ""0"", ""sel_6th_pre_req"": ""3"", ""sel_6th_pre_bid"": ""-108800"", ""sel_5th_pre_req_pre"": ""0"", ""sel_5th_pre_req"": ""55"", ""sel_5th_pre_bid"": ""-108700"", ""sel_4th_pre_req_pre"": ""0"", ""sel_4th_pre_req"": ""19"", ""sel_4th_pre_bid"": ""-108600"", ""sel_3th_pre_req_pre"": ""0"", ""sel_3th_pre_req"": ""50"", ""sel_3th_pre_bid"": ""-108500"", ""sel_2th_pre_req_pre"": ""+5"", ""sel_2th_pre_req"": ""292"", ""sel_2th_pre_bid"": ""-108400"", ""sel_1th_pre_req_pre"": ""0"", ""sel_fpr_req"": ""811"", ""sel_fpr_bid"": ""-108300"", ""buy_fpr_bid"": ""-108200"", ""buy_fpr_req"": ""368"", ""buy_1th_pre_req_pre"": ""0"", ""buy_2th_pre_bid"": ""-108100"", ""buy_2th_pre_req"": ""388"", ""buy_2th_pre_req_pre"": ""0"", ""buy_3th_pre_bid"": ""-108000"", ""buy_3th_pre_req"": ""105"", ""buy_3th_pre_req_pre"": ""0"", ""buy_4th_pre_bid"": ""-107900"", ""buy_4th_pre_req"": ""53"", ""buy_4th_pre_req_pre"": ""0"", ""buy_5th_pre_bid"": ""-107800"", ""buy_5th_pre_req"": ""78"", ""buy_5th_pre_req_pre"": ""0"", ""buy_6th_pre_bid"": ""-107700"", ""buy_6th_pre_req"": ""104"", ""buy_6th_pre_req_pre"": ""0"", ""buy_7th_pre_bid"": ""-107600"", ""buy_7th_pre_req"": ""36"", ""buy_7th_pre_req_pre"": ""0"", ""buy_8th_pre_bid"": ""-107500"", ""buy_8th_pre_req"": ""278"", ""buy_8th_pre_req_pre"": ""0"", ""buy_9th_pre_bid"": ""-107400"", ""buy_9th_pre_req"": ""128"", ""buy_9th_pre_req_pre"": ""0"", ""buy_10th_pre_bid"": ""-107300"", ""buy_10th_pre_req"": ""358"", ""buy_10th_pre_req_pre"": ""0"", ""tot_sel_req_jub_pre"": ""+5"", ""tot_sel_req"": ""1669"", ""tot_buy_req"": ""1896"", ""tot_buy_req_jub_pre"": ""0"", ""ovt_sel_req_pre"": ""0"", ""ovt_sel_req"": ""0"", ""ovt_buy_req"": ""0"", ""ovt_buy_req_pre"": ""0"", ""return_code"": 0, ""return_msg"": ""정상적으로 처리되었습니다""}"
2026-06-10,scan_candidate,024110,,0,main_scan,21050,,21050,21000,21050,20800,-1.4251781472684086,0.23752969121140144,,,,,,"{""bid_req_base_tm"": ""095633"", ""sel_10th_pre_req_pre"": ""0"", ""sel_10th_pre_req"": ""7543"", ""sel_10th_pre_bid"": ""+21500"", ""sel_9th_pre_req_pre"": ""0"", ""sel_9th_pre_req"": ""2676"", ""sel_9th_pre_bid"": ""+21450"", ""sel_8th_pre_req_pre"": ""0"", ""sel_8th_pre_req"": ""11210"", ""sel_8th_pre_bid"": ""+21400"", ""sel_7th_pre_req_pre"": ""0"", ""sel_7th_pre_req"": ""4578"", ""sel_7th_pre_bid"": ""+21350"", ""sel_6th_pre_req_pre"": ""0"", ""sel_6th_pre_req"": ""7806"", ""sel_6th_pre_bid"": ""+21300"", ""sel_5th_pre_req_pre"": ""0"", ""sel_5th_pre_req"": ""8301"", ""sel_5th_pre_bid"": ""+21250"", ""sel_4th_pre_req_pre"": ""+1"", ""sel_4th_pre_req"": ""10128"", ""sel_4th_pre_bid"": ""+21200"", ""sel_3th_pre_req_pre"": ""0"", ""sel_3th_pre_req"": ""7753"", ""sel_3th_pre_bid"": ""+21150"", ""sel_2th_pre_req_pre"": ""0"", ""sel_2th_pre_req"": ""12578"", ""sel_2th_pre_bid"": ""+21100"", ""sel_1th_pre_req_pre"": ""0"", ""sel_fpr_req"": ""8474"", ""sel_fpr_bid"": ""+21050"", ""buy_fpr_bid"": ""+21000"", ""buy_fpr_req"": ""3206"", ""buy_1th_pre_req_pre"": ""0"", ""buy_2th_pre_bid"": ""+20950"", ""buy_2th_pre_req"": ""1800"", ""buy_2th_pre_req_pre"": ""0"", ""buy_3th_pre_bid"": ""+20900"", ""buy_3th_pre_req"": ""878"", ""buy_3th_pre_req_pre"": ""0"", ""buy_4th_pre_bid"": ""+20850"", ""buy_4th_pre_req"": ""191"", ""buy_4th_pre_req_pre"": ""0"", ""buy_5th_pre_bid"": ""+20800"", ""buy_5th_pre_req"": ""1687"", ""buy_5th_pre_req_pre"": ""0"", ""buy_6th_pre_bid"": ""+20750"", ""buy_6th_pre_req"": ""3205"", ""buy_6th_pre_req_pre"": ""0"", ""buy_7th_pre_bid"": ""+20700"", ""buy_7th_pre_req"": ""1930"", ""buy_7th_pre_req_pre"": ""0"", ""buy_8th_pre_bid"": ""+20650"", ""buy_8th_pre_req"": ""631"", ""buy_8th_pre_req_pre"": ""0"", ""buy_9th_pre_bid"": ""+20600"", ""buy_9th_pre_req"": ""1706"", ""buy_9th_pre_req_pre"": ""0"", ""buy_10th_pre_bid"": ""20550"", ""buy_10th_pre_req"": ""1681"", ""buy_10th_pre_req_pre"": ""0"", ""tot_sel_req_jub_pre"": ""+1"", ""tot_sel_req"": ""81047"", ""tot_buy_req"": ""16915"", ""tot_buy_req_jub_pre"": ""0"", ""ovt_sel_req_pre"": ""0"", ""ovt_sel_req"": ""0"", ""ovt_buy_req"": ""0"", ""ovt_buy_req_pre"": ""0"", ""return_code"": 0, ""return_msg"": ""정상적으로 처리되었습니다""}"
2026-06-10,scan_candidate,079550,,0,main_scan,780000,,780000,778000,780000,782000,0.1282051282051282,0.2564102564102564,,,,,,"{""bid_req_base_tm"": ""095632"", ""sel_10th_pre_req_pre"": ""0"", ""sel_10th_pre_req"": ""73"", ""sel_10th_pre_bid"": ""+789000"", ""sel_9th_pre_req_pre"": ""0"", ""sel_9th_pre_req"": ""86"", ""sel_9th_pre_bid"": ""+788000"", ""sel_8th_pre_req_pre"": ""0"", ""sel_8th_pre_req"": ""61"", ""sel_8th_pre_bid"": ""+787000"", ""sel_7th_pre_req_pre"": ""0"", ""sel_7th_pre_req"": ""22"", ""sel_7th_pre_bid"": ""+786000"", ""sel_6th_pre_req_pre"": ""0"", ""sel_6th_pre_req"": ""146"", ""sel_6th_pre_bid"": ""+785000"", ""sel_5th_pre_req_pre"": ""0"", ""sel_5th_pre_req"": ""24"", ""sel_5th_pre_bid"": ""+784000"", ""sel_4th_pre_req_pre"": ""0"", ""sel_4th_pre_req"": ""20"", ""sel_4th_pre_bid"": ""+783000"", ""sel_3th_pre_req_pre"": ""0"", ""sel_3th_pre_req"": ""25"", ""sel_3th_pre_bid"": ""+782000"", ""sel_2th_pre_req_pre"": ""0"", ""sel_2th_pre_req"": ""57"", ""sel_2th_pre_bid"": ""+781000"", ""sel_1th_pre_req_pre"": ""0"", ""sel_fpr_req"": ""77"", ""sel_fpr_bid"": ""+780000"", ""buy_fpr_bid"": ""+778000"", ""buy_fpr_req"": ""3"", ""buy_1th_pre_req_pre"": ""0"", ""buy_2th_pre_bid"": ""+777000"", ""buy_2th_pre_req"": ""126"", ""buy_2th_pre_req_pre"": ""0"", ""buy_3th_pre_bid"": ""+776000"", ""buy_3th_pre_req"": ""174"", ""buy_3th_pre_req_pre"": ""0"", ""buy_4th_pre_bid"": ""+775000"", ""buy_4th_pre_req"": ""361"", ""buy_4th_pre_req_pre"": ""0"", ""buy_5th_pre_bid"": ""+774000"", ""buy_5th_pre_req"": ""82"", ""buy_5th_pre_req_pre"": ""0"", ""buy_6th_pre_bid"": ""+773000"", ""buy_6th_pre_req"": ""94"", ""buy_6th_pre_req_pre"": ""0"", ""buy_7th_pre_bid"": ""+772000"", ""buy_7th_pre_req"": ""42"", ""buy_7th_pre_req_pre"": ""0"", ""buy_8th_pre_bid"": ""+771000"", ""buy_8th_pre_req"": ""41"", ""buy_8th_pre_req_pre"": ""0"", ""buy_9th_pre_bid"": ""+770000"", ""buy_9th_pre_req"": ""151"", ""buy_9th_pre_req_pre"": ""0"", ""buy_10th_pre_bid"": ""+769000"", ""buy_10th_pre_req"": ""8"", ""buy_10th_pre_req_pre"": ""0"", ""tot_sel_req_jub_pre"": ""0"", ""tot_sel_req"": ""591"", ""tot_buy_req"": ""1082"", ""tot_buy_req_jub_pre"": ""0"", ""ovt_sel_req_pre"": ""0"", ""ovt_sel_req"": ""0"", ""ovt_buy_req"": ""0"", ""ovt_buy_req_pre"": ""0"", ""return_code"": 0, ""return_msg"": ""정상적으로 처리되었습니다""}"
2026-06-10,scan_candidate,278470,,0,main_scan,415000,,415000,414000,415000,413000,-0.6024096385542169,0.24096385542168677,,,,,,"{""bid_req_base_tm"": ""095633"", ""sel_10th_pre_req_pre"": ""0"", ""sel_10th_pre_req"": ""687"", ""sel_10th_pre_bid"": ""+419500"", ""sel_9th_pre_req_pre"": ""0"", ""sel_9th_pre_req"": ""317"", ""sel_9th_pre_bid"": ""+419000"", ""sel_8th_pre_req_pre"": ""0"", ""sel_8th_pre_req"": ""69"", ""sel_8th_pre_bid"": ""+418500"", ""sel_7th_pre_req_pre"": ""0"", ""sel_7th_pre_req"": ""350"", ""sel_7th_pre_bid"": ""+418000"", ""sel_6th_pre_req_pre"": ""0"", ""sel_6th_pre_req"": ""471"", ""sel_6th_pre_bid"": ""+417500"", ""sel_5th_pre_req_pre"": ""0"", ""sel_5th_pre_req"": ""871"", ""sel_5th_pre_bid"": ""+417000"", ""sel_4th_pre_req_pre"": ""0"", ""sel_4th_pre_req"": ""154"", ""sel_4th_pre_bid"": ""+416500"", ""sel_3th_pre_req_pre"": ""0"", ""sel_3th_pre_req"": ""174"", ""sel_3th_pre_bid"": ""+416000"", ""sel_2th_pre_req_pre"": ""0"", ""sel_2th_pre_req"": ""116"", ""sel_2th_pre_bid"": ""+415500"", ""sel_1th_pre_req_pre"": ""0"", ""sel_fpr_req"": ""222"", ""sel_fpr_bid"": ""+415000"", ""buy_fpr_bid"": ""+414000"", ""buy_fpr_req"": ""142"", ""buy_1th_pre_req_pre"": ""+18"", ""buy_2th_pre_bid"": ""+413500"", ""buy_2th_pre_req"": ""110"", ""buy_2th_pre_req_pre"": ""0"", ""buy_3th_pre_bid"": ""+413000"", ""buy_3th_pre_req"": ""77"", ""buy_3th_pre_req_pre"": ""0"", ""buy_4th_pre_bid"": ""+412500"", ""buy_4th_pre_req"": ""96"", ""buy_4th_pre_req_pre"": ""0"", ""buy_5th_pre_bid"": ""+412000"", ""buy_5th_pre_req"": ""99"", ""buy_5th_pre_req_pre"": ""0"", ""buy_6th_pre_bid"": ""+411500"", ""buy_6th_pre_req"": ""65"", ""buy_6th_pre_req_pre"": ""0"", ""buy_7th_pre_bid"": ""+411000"", ""buy_7th_pre_req"": ""214"", ""buy_7th_pre_req_pre"": ""0"", ""buy_8th_pre_bid"": ""+410500"", ""buy_8th_pre_req"": ""70"", ""buy_8th_pre_req_pre"": ""0"", ""buy_9th_pre_bid"": ""+410000"", ""buy_9th_pre_req"": ""220"", ""buy_9th_pre_req_pre"": ""0"", ""buy_10th_pre_bid"": ""+409500"", ""buy_10th_pre_req"": ""20"", ""buy_10th_pre_req_pre"": ""0"", ""tot_sel_req_jub_pre"": ""0"", ""tot_sel_req"": ""3431"", ""tot_buy_req"": ""1113"", ""tot_buy_req_jub_pre"": ""+18"", ""ovt_sel_req_pre"": ""0"", ""ovt_sel_req"": ""0"", ""ovt_buy_req"": ""0"", ""ovt_buy_req_pre"": ""0"", ""return_code"": 0, ""return_msg"": ""정상적으로 처리되었습니다""}"
2026-06-10,scan_candidate,030200,,0,main_scan,54400,,54400,54300,54400,54100,-0.7352941176470588,0.1838235294117647,,,,,,"{""bid_req_base_tm"": ""095635"", ""sel_10th_pre_req_pre"": ""0"", ""sel_10th_pre_req"": ""491"", ""sel_10th_pre_bid"": ""+55300"", ""sel_9th_pre_req_pre"": ""0"", ""sel_9th_pre_req"": ""184"", ""sel_9th_pre_bid"": ""+55200"", ""sel_8th_pre_req_pre"": ""0"", ""sel_8th_pre_req"": ""236"", ""sel_8th_pre_bid"": ""+55100"", ""sel_7th_pre_req_pre"": ""0"", ""sel_7th_pre_req"": ""1867"", ""sel_7th_pre_bid"": ""+55000"", ""sel_6th_pre_req_pre"": ""0"", ""sel_6th_pre_req"": ""1294"", ""sel_6th_pre_bid"": ""+54900"", ""sel_5th_pre_req_pre"": ""0"", ""sel_5th_pre_req"": ""1311"", ""sel_5th_pre_bid"": ""+54800"", ""sel_4th_pre_req_pre"": ""0"", ""sel_4th_pre_req"": ""812"", ""sel_4th_pre_bid"": ""+54700"", ""sel_3th_pre_req_pre"": ""0"", ""sel_3th_pre_req"": ""783"", ""sel_3th_pre_bid"": ""+54600"", ""sel_2th_pre_req_pre"": ""0"", ""sel_2th_pre_req"": ""1111"", ""sel_2th_pre_bid"": ""+54500"", ""sel_1th_pre_req_pre"": ""--10"", ""sel_fpr_req"": ""1421"", ""sel_fpr_bid"": ""+54400"", ""buy_fpr_bid"": ""+54300"", ""buy_fpr_req"": ""50"", ""buy_1th_pre_req_pre"": ""0"", ""buy_2th_pre_bid"": ""+54200"", ""buy_2th_pre_req"": ""1269"", ""buy_2th_pre_req_pre"": ""0"", ""buy_3th_pre_bid"": ""+54100"", ""buy_3th_pre_req"": ""928"", ""buy_3th_pre_req_pre"": ""0"", ""buy_4th_pre_bid"": ""+54000"", ""buy_4th_pre_req"": ""7"", ""buy_4th_pre_req_pre"": ""0"", ""buy_5th_pre_bid"": ""+53900"", ""buy_5th_pre_req"": ""632"", ""buy_5th_pre_req_pre"": ""0"", ""buy_6th_pre_bid"": ""53800"", ""buy_6th_pre_req"": ""404"", ""buy_6th_pre_req_pre"": ""0"", ""buy_7th_pre_bid"": ""-53700"", ""buy_7th_pre_req"": ""387"", ""buy_7th_pre_req_pre"": ""0"", ""buy_8th_pre_bid"": ""-53600"", ""buy_8th_pre_req"": ""355"", ""buy_8th_pre_req_pre"": ""0"", ""buy_9th_pre_bid"": ""-53500"", ""buy_9th_pre_req"": ""809"", ""buy_9th_pre_req_pre"": ""0"", ""buy_10th_pre_bid"": ""-53400"", ""buy_10th_pre_req"": ""688"", ""buy_10th_pre_req_pre"": ""0"", ""tot_sel_req_jub_pre"": ""--10"", ""tot_sel_req"": ""9510"", ""tot_buy_req"": ""5529"", ""tot_buy_req_jub_pre"": ""--1140"", ""ovt_sel_req_pre"": ""0"", ""ovt_sel_req"": ""0"", ""ovt_buy_req"": ""0"", ""ovt_buy_req_pre"": ""0"", ""return_code"": 0, ""return_msg"": ""정상적으로 처리되었습니다""}"
2026-06-10,scan_candidate,010950,,0,main_scan,109600,,109600,109500,109600,110000,-0.09124087591240876,0.09124087591240876,,,,,,"{""bid_req_base_tm"": ""095634"", ""sel_10th_pre_req_pre"": ""0"", ""sel_10th_pre_req"": ""51"", ""sel_10th_pre_bid"": ""+111000"", ""sel_9th_pre_req_pre"": ""0"", ""sel_9th_pre_req"": ""1"", ""sel_9th_pre_bid"": ""110900"", ""sel_8th_pre_req_pre"": ""0"", ""sel_8th_pre_req"": ""12"", ""sel_8th_pre_bid"": ""-110800"", ""sel_7th_pre_req_pre"": ""0"", ""sel_7th_pre_req"": ""52"", ""sel_7th_pre_bid"": ""-110700"", ""sel_6th_pre_req_pre"": ""0"", ""sel_6th_pre_req"": ""10"", ""sel_6th_pre_bid"": ""-110600"", ""sel_5th_pre_req_pre"": ""0"", ""sel_5th_pre_req"": ""6"", ""sel_5th_pre_bid"": ""-110400"", ""sel_4th_pre_req_pre"": ""0"", ""sel_4th_pre_req"": ""16"", ""sel_4th_pre_bid"": ""-110000"", ""sel_3th_pre_req_pre"": ""0"", ""sel_3th_pre_req"": ""22"", ""sel_3th_pre_bid"": ""-109800"", ""sel_2th_pre_req_pre"": ""0"", ""sel_2th_pre_req"": ""13"", ""sel_2th_pre_bid"": ""-109700"", ""sel_1th_pre_req_pre"": ""0"", ""sel_fpr_req"": ""146"", ""sel_fpr_bid"": ""-109600"", ""buy_fpr_bid"": ""-109500"", ""buy_fpr_req"": ""10"", ""buy_1th_pre_req_pre"": ""+2"", ""buy_2th_pre_bid"": ""-109400"", ""buy_2th_pre_req"": ""122"", ""buy_2th_pre_req_pre"": ""0"", ""buy_3th_pre_bid"": ""-109300"", ""buy_3th_pre_req"": ""18"", ""buy_3th_pre_req_pre"": ""0"", ""buy_4th_pre_bid"": ""-109200"", ""buy_4th_pre_req"": ""3"", ""buy_4th_pre_req_pre"": ""0"", ""buy_5th_pre_bid"": ""-109100"", ""buy_5th_pre_req"": ""120"", ""buy_5th_pre_req_pre"": ""0"", ""buy_6th_pre_bid"": ""-109000"", ""buy_6th_pre_req"": ""131"", ""buy_6th_pre_req_pre"": ""0"", ""buy_7th_pre_bid"": ""-108900"", ""buy_7th_pre_req"": ""97"", ""buy_7th_pre_req_pre"": ""0"", ""buy_8th_pre_bid"": ""-108800"", ""buy_8th_pre_req"": ""203"", ""buy_8th_pre_req_pre"": ""0"", ""buy_9th_pre_bid"": ""-108700"", ""buy_9th_pre_req"": ""14"", ""buy_9th_pre_req_pre"": ""0"", ""buy_10th_pre_bid"": ""-108600"", ""buy_10th_pre_req"": ""145"", ""buy_10th_pre_req_pre"": ""0"", ""tot_sel_req_jub_pre"": ""0"", ""tot_sel_req"": ""329"", ""tot_buy_req"": ""863"", ""tot_buy_req_jub_pre"": ""+2"", ""ovt_sel_req_pre"": ""0"", ""ovt_sel_req"": ""0"", ""ovt_buy_req"": ""0"", ""ovt_buy_req_pre"": ""0"", ""return_code"": 0, ""return_msg"": ""정상적으로 처리되었습니다""}"
2026-06-10,scan_candidate,323410,,0,main_scan,24550,,24550,24500,24550,24400,-0.8146639511201629,0.20366598778004072,,,,,,"{""bid_req_base_tm"": ""095634"", ""sel_10th_pre_req_pre"": ""0"", ""sel_10th_pre_req"": ""10910"", ""sel_10th_pre_bid"": ""+25000"", ""sel_9th_pre_req_pre"": ""0"", ""sel_9th_pre_req"": ""6811"", ""sel_9th_pre_bid"": ""+24950"", ""sel_8th_pre_req_pre"": ""0"", ""sel_8th_pre_req"": ""3193"", ""sel_8th_pre_bid"": ""+24900"", ""sel_7th_pre_req_pre"": ""0"", ""sel_7th_pre_req"": ""5649"", ""sel_7th_pre_bid"": ""+24850"", ""sel_6th_pre_req_pre"": ""0"", ""sel_6th_pre_req"": ""7089"", ""sel_6th_pre_bid"": ""+24800"", ""sel_5th_pre_req_pre"": ""0"", ""sel_5th_pre_req"": ""5940"", ""sel_5th_pre_bid"": ""+24750"", ""sel_4th_pre_req_pre"": ""0"", ""sel_4th_pre_req"": ""4354"", ""sel_4th_pre_bid"": ""+24700"", ""sel_3th_pre_req_pre"": ""0"", ""sel_3th_pre_req"": ""1471"", ""sel_3th_pre_bid"": ""+24650"", ""sel_2th_pre_req_pre"": ""0"", ""sel_2th_pre_req"": ""2214"", ""sel_2th_pre_bid"": ""+24600"", ""sel_1th_pre_req_pre"": ""+56"", ""sel_fpr_req"": ""2486"", ""sel_fpr_bid"": ""+24550"", ""buy_fpr_bid"": ""+24500"", ""buy_fpr_req"": ""2785"", ""buy_1th_pre_req_pre"": ""--10"", ""buy_2th_pre_bid"": ""+24450"", ""buy_2th_pre_req"": ""3280"", ""buy_2th_pre_req_pre"": ""0"", ""buy_3th_pre_bid"": ""24400"", ""buy_3th_pre_req"": ""1334"", ""buy_3th_pre_req_pre"": ""0"", ""buy_4th_pre_bid"": ""-24350"", ""buy_4th_pre_req"": ""4285"", ""buy_4th_pre_req_pre"": ""0"", ""buy_5th_pre_bid"": ""-24300"", ""buy_5th_pre_req"": ""1265"", ""buy_5th_pre_req_pre"": ""0"", ""buy_6th_pre_bid"": ""-24250"", ""buy_6th_pre_req"": ""2957"", ""buy_6th_pre_req_pre"": ""0"", ""buy_7th_pre_bid"": ""-24200"", ""buy_7th_pre_req"": ""996"", ""buy_7th_pre_req_pre"": ""0"", ""buy_8th_pre_bid"": ""-24150"", ""buy_8th_pre_req"": ""1184"", ""buy_8th_pre_req_pre"": ""0"", ""buy_9th_pre_bid"": ""-24100"", ""buy_9th_pre_req"": ""1783"", ""buy_9th_pre_req_pre"": ""0"", ""buy_10th_pre_bid"": ""-24050"", ""buy_10th_pre_req"": ""1133"", ""buy_10th_pre_req_pre"": ""0"", ""tot_sel_req_jub_pre"": ""+56"", ""tot_sel_req"": ""50117"", ""tot_buy_req"": ""21002"", ""tot_buy_req_jub_pre"": ""--10"", ""ovt_sel_req_pre"": ""0"", ""ovt_sel_req"": ""0"", ""ovt_buy_req"": ""0"", ""ovt_buy_req_pre"": ""0"", ""return_code"": 0, ""return_msg"": ""정상적으로 처리되었습니다""}"
2026-06-10,scan_candidate,064400,,0,main_scan,95700,,95700,95600,95700,95900,0.10449320794148381,0.10449320794148381,,,,,,"{""bid_req_base_tm"": ""095635"", ""sel_10th_pre_req_pre"": ""0"", ""sel_10th_pre_req"": ""221"", ""sel_10th_pre_bid"": ""-96600"", ""sel_9th_pre_req_pre"": ""0"", ""sel_9th_pre_req"": ""1631"", ""sel_9th_pre_bid"": ""-96500"", ""sel_8th_pre_req_pre"": ""0"", ""sel_8th_pre_req"": ""398"", ""sel_8th_pre_bid"": ""-96400"", ""sel_7th_pre_req_pre"": ""0"", ""sel_7th_pre_req"": ""433"", ""sel_7th_pre_bid"": ""-96300"", ""sel_6th_pre_req_pre"": ""0"", ""sel_6th_pre_req"": ""325"", ""sel_6th_pre_bid"": ""-96200"", ""sel_5th_pre_req_pre"": ""0"", ""sel_5th_pre_req"": ""251"", ""sel_5th_pre_bid"": ""-96100"", ""sel_4th_pre_req_pre"": ""0"", ""sel_4th_pre_req"": ""313"", ""sel_4th_pre_bid"": ""-96000"", ""sel_3th_pre_req_pre"": ""0"", ""sel_3th_pre_req"": ""118"", ""sel_3th_pre_bid"": ""-95900"", ""sel_2th_pre_req_pre"": ""0"", ""sel_2th_pre_req"": ""199"", ""sel_2th_pre_bid"": ""-95800"", ""sel_1th_pre_req_pre"": ""0"", ""sel_fpr_req"": ""35"", ""sel_fpr_bid"": ""-95700"", ""buy_fpr_bid"": ""-95600"", ""buy_fpr_req"": ""132"", ""buy_1th_pre_req_pre"": ""+10"", ""buy_2th_pre_bid"": ""-95500"", ""buy_2th_pre_req"": ""733"", ""buy_2th_pre_req_pre"": ""0"", ""buy_3th_pre_bid"": ""-95400"", ""buy_3th_pre_req"": ""855"", ""buy_3th_pre_req_pre"": ""0"", ""buy_4th_pre_bid"": ""-95300"", ""buy_4th_pre_req"": ""1374"", ""buy_4th_pre_req_pre"": ""0"", ""buy_5th_pre_bid"": ""-95200"", ""buy_5th_pre_req"": ""1587"", ""buy_5th_pre_req_pre"": ""0"", ""buy_6th_pre_bid"": ""-95100"", ""buy_6th_pre_req"": ""3066"", ""buy_6th_pre_req_pre"": ""0"", ""buy_7th_pre_bid"": ""-95000"", ""buy_7th_pre_req"": ""6936"", ""buy_7th_pre_req_pre"": ""0"", ""buy_8th_pre_bid"": ""-94900"", ""buy_8th_pre_req"": ""551"", ""buy_8th_pre_req_pre"": ""0"", ""buy_9th_pre_bid"": ""-94800"", ""buy_9th_pre_req"": ""1281"", ""buy_9th_pre_req_pre"": ""0"", ""buy_10th_pre_bid"": ""-94700"", ""buy_10th_pre_req"": ""430"", ""buy_10th_pre_req_pre"": ""0"", ""tot_sel_req_jub_pre"": ""0"", ""tot_sel_req"": ""3924"", ""tot_buy_req"": ""16945"", ""tot_buy_req_jub_pre"": ""+10"", ""ovt_sel_req_pre"": ""0"", ""ovt_sel_req"": ""0"", ""ovt_buy_req"": ""0"", ""ovt_buy_req_pre"": ""0"", ""return_code"": 0, ""return_msg"": ""정상적으로 처리되었습니다""}"
2026-06-10,scan_candidate,003490,,0,main_scan,25750,,25750,25700,25750,25550,-0.9708737864077669,0.1941747572815534,,,,,,"{""bid_req_base_tm"": ""095636"", ""sel_10th_pre_req_pre"": ""0"", ""sel_10th_pre_req"": ""4851"", ""sel_10th_pre_bid"": ""+26200"", ""sel_9th_pre_req_pre"": ""0"", ""sel_9th_pre_req"": ""4823"", ""sel_9th_pre_bid"": ""+26150"", ""sel_8th_pre_req_pre"": ""0"", ""sel_8th_pre_req"": ""3802"", ""sel_8th_pre_bid"": ""+26100"", ""sel_7th_pre_req_pre"": ""0"", ""sel_7th_pre_req"": ""2069"", ""sel_7th_pre_bid"": ""+26050"", ""sel_6th_pre_req_pre"": ""+50"", ""sel_6th_pre_req"": ""32339"", ""sel_6th_pre_bid"": ""+26000"", ""sel_5th_pre_req_pre"": ""0"", ""sel_5th_pre_req"": ""23487"", ""sel_5th_pre_bid"": ""+25950"", ""sel_4th_pre_req_pre"": ""0"", ""sel_4th_pre_req"": ""17201"", ""sel_4th_pre_bid"": ""+25900"", ""sel_3th_pre_req_pre"": ""0"", ""sel_3th_pre_req"": ""5966"", ""sel_3th_pre_bid"": ""+25850"", ""sel_2th_pre_req_pre"": ""0"", ""sel_2th_pre_req"": ""1408"", ""sel_2th_pre_bid"": ""+25800"", ""sel_1th_pre_req_pre"": ""0"", ""sel_fpr_req"": ""40"", ""sel_fpr_bid"": ""+25750"", ""buy_fpr_bid"": ""+25700"", ""buy_fpr_req"": ""1855"", ""buy_1th_pre_req_pre"": ""0"", ""buy_2th_pre_bid"": ""+25650"", ""buy_2th_pre_req"": ""2101"", ""buy_2th_pre_req_pre"": ""0"", ""buy_3th_pre_bid"": ""+25600"", ""buy_3th_pre_req"": ""21"", ""buy_3th_pre_req_pre"": ""0"", ""buy_4th_pre_bid"": ""+25550"", ""buy_4th_pre_req"": ""21"", ""buy_4th_pre_req_pre"": ""0"", ""buy_5th_pre_bid"": ""+25500"", ""buy_5th_pre_req"": ""633"", ""buy_5th_pre_req_pre"": ""0"", ""buy_6th_pre_bid"": ""+25450"", ""buy_6th_pre_req"": ""3071"", ""buy_6th_pre_req_pre"": ""0"", ""buy_7th_pre_bid"": ""+25400"", ""buy_7th_pre_req"": ""6395"", ""buy_7th_pre_req_pre"": ""0"", ""buy_8th_pre_bid"": ""+25350"", ""buy_8th_pre_req"": ""3227"", ""buy_8th_pre_req_pre"": ""0"", ""buy_9th_pre_bid"": ""+25300"", ""buy_9th_pre_req"": ""4046"", ""buy_9th_pre_req_pre"": ""0"", ""buy_10th_pre_bid"": ""+25250"", ""buy_10th_pre_req"": ""1985"", ""buy_10th_pre_req_pre"": ""0"", ""tot_sel_req_jub_pre"": ""+50"", ""tot_sel_req"": ""95986"", ""tot_buy_req"": ""23355"", ""tot_buy_req_jub_pre"": ""0"", ""ovt_sel_req_pre"": ""0"", ""ovt_sel_req"": ""0"", ""ovt_buy_req"": ""0"", ""ovt_buy_req_pre"": ""0"", ""return_code"": 0, ""return_msg"": ""정상적으로 처리되었습니다""}"
2026-06-10,scan_candidate,161390,,0,main_scan,71900,,71900,71800,71900,72000,0.0,0.13908205841446453,,,,,,"{""bid_req_base_tm"": ""095632"", ""sel_10th_pre_req_pre"": ""0"", ""sel_10th_pre_req"": ""44"", ""sel_10th_pre_bid"": ""-72800"", ""sel_9th_pre_req_pre"": ""0"", ""sel_9th_pre_req"": ""112"", ""sel_9th_pre_bid"": ""-72700"", ""sel_8th_pre_req_pre"": ""0"", ""sel_8th_pre_req"": ""18"", ""sel_8th_pre_bid"": ""-72600"", ""sel_7th_pre_req_pre"": ""0"", ""sel_7th_pre_req"": ""186"", ""sel_7th_pre_bid"": ""-72500"", ""sel_6th_pre_req_pre"": ""0"", ""sel_6th_pre_req"": ""44"", ""sel_6th_pre_bid"": ""-72400"", ""sel_5th_pre_req_pre"": ""0"", ""sel_5th_pre_req"": ""24"", ""sel_5th_pre_bid"": ""-72300"", ""sel_4th_pre_req_pre"": ""0"", ""sel_4th_pre_req"": ""9"", ""sel_4th_pre_bid"": ""-72200"", ""sel_3th_pre_req_pre"": ""0"", ""sel_3th_pre_req"": ""190"", ""sel_3th_pre_bid"": ""-72100"", ""sel_2th_pre_req_pre"": ""0"", ""sel_2th_pre_req"": ""621"", ""sel_2th_pre_bid"": ""-72000"", ""sel_1th_pre_req_pre"": ""+1"", ""sel_fpr_req"": ""297"", ""sel_fpr_bid"": ""-71900"", ""buy_fpr_bid"": ""-71800"", ""buy_fpr_req"": ""651"", ""buy_1th_pre_req_pre"": ""0"", ""buy_2th_pre_bid"": ""-71700"", ""buy_2th_pre_req"": ""150"", ""buy_2th_pre_req_pre"": ""0"", ""buy_3th_pre_bid"": ""-71600"", ""buy_3th_pre_req"": ""474"", ""buy_3th_pre_req_pre"": ""0"", ""buy_4th_pre_bid"": ""-71500"", ""buy_4th_pre_req"": ""67"", ""buy_4th_pre_req_pre"": ""0"", ""buy_5th_pre_bid"": ""-71400"", ""buy_5th_pre_req"": ""155"", ""buy_5th_pre_req_pre"": ""0"", ""buy_6th_pre_bid"": ""-71300"", ""buy_6th_pre_req"": ""16"", ""buy_6th_pre_req_pre"": ""0"", ""buy_7th_pre_bid"": ""-71200"", ""buy_7th_pre_req"": ""362"", ""buy_7th_pre_req_pre"": ""0"", ""buy_8th_pre_bid"": ""-71100"", ""buy_8th_pre_req"": ""249"", ""buy_8th_pre_req_pre"": ""0"", ""buy_9th_pre_bid"": ""-71000"", ""buy_9th_pre_req"": ""1003"", ""buy_9th_pre_req_pre"": ""0"", ""buy_10th_pre_bid"": ""-70900"", ""buy_10th_pre_req"": ""2017"", ""buy_10th_pre_req_pre"": ""0"", ""tot_sel_req_jub_pre"": ""+1"", ""tot_sel_req"": ""1545"", ""tot_buy_req"": ""5144"", ""tot_buy_req_jub_pre"": ""0"", ""ovt_sel_req_pre"": ""0"", ""ovt_sel_req"": ""0"", ""ovt_buy_req"": ""0"", ""ovt_buy_req_pre"": ""0"", ""return_code"": 0, ""return_msg"": ""정상적으로 처리되었습니다""}"
2026-06-10,scan_candidate,180640,,0,main_scan,118400,,118400,118100,118400,117500,-1.1824324324324325,0.2533783783783784,,,,,,"{""bid_req_base_tm"": ""095636"", ""sel_10th_pre_req_pre"": ""0"", ""sel_10th_pre_req"": ""1"", ""sel_10th_pre_bid"": ""+119400"", ""sel_9th_pre_req_pre"": ""0"", ""sel_9th_pre_req"": ""25"", ""sel_9th_pre_bid"": ""+119300"", ""sel_8th_pre_req_pre"": ""0"", ""sel_8th_pre_req"": ""126"", ""sel_8th_pre_bid"": ""+119100"", ""sel_7th_pre_req_pre"": ""0"", ""sel_7th_pre_req"": ""321"", ""sel_7th_pre_bid"": ""+119000"", ""sel_6th_pre_req_pre"": ""0"", ""sel_6th_pre_req"": ""105"", ""sel_6th_pre_bid"": ""+118900"", ""sel_5th_pre_req_pre"": ""0"", ""sel_5th_pre_req"": ""55"", ""sel_5th_pre_bid"": ""+118800"", ""sel_4th_pre_req_pre"": ""0"", ""sel_4th_pre_req"": ""15"", ""sel_4th_pre_bid"": ""+118700"", ""sel_3th_pre_req_pre"": ""0"", ""sel_3th_pre_req"": ""2"", ""sel_3th_pre_bid"": ""+118600"", ""sel_2th_pre_req_pre"": ""0"", ""sel_2th_pre_req"": ""107"", ""sel_2th_pre_bid"": ""+118500"", ""sel_1th_pre_req_pre"": ""+35"", ""sel_fpr_req"": ""76"", ""sel_fpr_bid"": ""+118400"", ""buy_fpr_bid"": ""+118100"", ""buy_fpr_req"": ""1"", ""buy_1th_pre_req_pre"": ""0"", ""buy_2th_pre_bid"": ""+117900"", ""buy_2th_pre_req"": ""67"", ""buy_2th_pre_req_pre"": ""0"", ""buy_3th_pre_bid"": ""+117800"", ""buy_3th_pre_req"": ""19"", ""buy_3th_pre_req_pre"": ""0"", ""buy_4th_pre_bid"": ""+117600"", ""buy_4th_pre_req"": ""24"", ""buy_4th_pre_req_pre"": ""0"", ""buy_5th_pre_bid"": ""+117500"", ""buy_5th_pre_req"": ""16"", ""buy_5th_pre_req_pre"": ""0"", ""buy_6th_pre_bid"": ""+117200"", ""buy_6th_pre_req"": ""37"", ""buy_6th_pre_req_pre"": ""0"", ""buy_7th_pre_bid"": ""+117000"", ""buy_7th_pre_req"": ""126"", ""buy_7th_pre_req_pre"": ""0"", ""buy_8th_pre_bid"": ""+116900"", ""buy_8th_pre_req"": ""16"", ""buy_8th_pre_req_pre"": ""0"", ""buy_9th_pre_bid"": ""+116300"", ""buy_9th_pre_req"": ""8"", ""buy_9th_pre_req_pre"": ""0"", ""buy_10th_pre_bid"": ""+116100"", ""buy_10th_pre_req"": ""57"", ""buy_10th_pre_req_pre"": ""0"", ""tot_sel_req_jub_pre"": ""+35"", ""tot_sel_req"": ""833"", ""tot_buy_req"": ""371"", ""tot_buy_req_jub_pre"": ""0"", ""ovt_sel_req_pre"": ""0"", ""ovt_sel_req"": ""0"", ""ovt_buy_req"": ""0"", ""ovt_buy_req_pre"": ""0"", ""return_code"": 0, ""return_msg"": ""정상적으로 처리되었습니다""}"
2026-06-10,scan_candidate,454910,,0,main_scan,109700,,109700,109600,109700,109500,-0.6381039197812215,0.09115770282588878,,,,,,"{""bid_req_base_tm"": ""095636"", ""sel_10th_pre_req_pre"": ""0"", ""sel_10th_pre_req"": ""1035"", ""sel_10th_pre_bid"": ""-110600"", ""sel_9th_pre_req_pre"": ""0"", ""sel_9th_pre_req"": ""454"", ""sel_9th_pre_bid"": ""-110500"", ""sel_8th_pre_req_pre"": ""0"", ""sel_8th_pre_req"": ""159"", ""sel_8th_pre_bid"": ""-110400"", ""sel_7th_pre_req_pre"": ""0"", ""sel_7th_pre_req"": ""1302"", ""sel_7th_pre_bid"": ""-110300"", ""sel_6th_pre_req_pre"": ""0"", ""sel_6th_pre_req"": ""940"", ""sel_6th_pre_bid"": ""-110200"", ""sel_5th_pre_req_pre"": ""0"", ""sel_5th_pre_req"": ""515"", ""sel_5th_pre_bid"": ""-110100"", ""sel_4th_pre_req_pre"": ""0"", ""sel_4th_pre_req"": ""706"", ""sel_4th_pre_bid"": ""-110000"", ""sel_3th_pre_req_pre"": ""0"", ""sel_3th_pre_req"": ""362"", ""sel_3th_pre_bid"": ""-109900"", ""sel_2th_pre_req_pre"": ""0"", ""sel_2th_pre_req"": ""693"", ""sel_2th_pre_bid"": ""-109800"", ""sel_1th_pre_req_pre"": ""+1"", ""sel_fpr_req"": ""27"", ""sel_fpr_bid"": ""-109700"", ""buy_fpr_bid"": ""-109600"", ""buy_fpr_req"": ""440"", ""buy_1th_pre_req_pre"": ""0"", ""buy_2th_pre_bid"": ""-109500"", ""buy_2th_pre_req"": ""2121"", ""buy_2th_pre_req_pre"": ""0"", ""buy_3th_pre_bid"": ""-109400"", ""buy_3th_pre_req"": ""818"", ""buy_3th_pre_req_pre"": ""0"", ""buy_4th_pre_bid"": ""-109300"", ""buy_4th_pre_req"": ""1627"", ""buy_4th_pre_req_pre"": ""0"", ""buy_5th_pre_bid"": ""-109200"", ""buy_5th_pre_req"": ""1475"", ""buy_5th_pre_req_pre"": ""0"", ""buy_6th_pre_bid"": ""-109100"", ""buy_6th_pre_req"": ""1399"", ""buy_6th_pre_req_pre"": ""0"", ""buy_7th_pre_bid"": ""-109000"", ""buy_7th_pre_req"": ""4934"", ""buy_7th_pre_req_pre"": ""0"", ""buy_8th_pre_bid"": ""-108900"", ""buy_8th_pre_req"": ""400"", ""buy_8th_pre_req_pre"": ""0"", ""buy_9th_pre_bid"": ""-108800"", ""buy_9th_pre_req"": ""596"", ""buy_9th_pre_req_pre"": ""0"", ""buy_10th_pre_bid"": ""-108700"", ""buy_10th_pre_req"": ""315"", ""buy_10th_pre_req_pre"": ""0"", ""tot_sel_req_jub_pre"": ""+1"", ""tot_sel_req"": ""6193"", ""tot_buy_req"": ""14125"", ""tot_buy_req_jub_pre"": ""0"", ""ovt_sel_req_pre"": ""0"", ""ovt_sel_req"": ""0"", ""ovt_buy_req"": ""0"", ""ovt_buy_req_pre"": ""0"", ""return_code"": 0, ""return_msg"": ""정상적으로 처리되었습니다""}"
2026-06-10,scan_candidate,353200,,0,main_scan,154200,,154200,154100,154200,154000,-0.4539559014267186,0.06485084306095978,,,,,,"{""bid_req_base_tm"": ""095637"", ""sel_10th_pre_req_pre"": ""0"", ""sel_10th_pre_req"": ""5"", ""sel_10th_pre_bid"": ""+155200"", ""sel_9th_pre_req_pre"": ""0"", ""sel_9th_pre_req"": ""1"", ""sel_9th_pre_bid"": ""+155100"", ""sel_8th_pre_req_pre"": ""0"", ""sel_8th_pre_req"": ""288"", ""sel_8th_pre_bid"": ""+155000"", ""sel_7th_pre_req_pre"": ""0"", ""sel_7th_pre_req"": ""63"", ""sel_7th_pre_bid"": ""+154900"", ""sel_6th_pre_req_pre"": ""0"", ""sel_6th_pre_req"": ""358"", ""sel_6th_pre_bid"": ""+154800"", ""sel_5th_pre_req_pre"": ""0"", ""sel_5th_pre_req"": ""10"", ""sel_5th_pre_bid"": ""+154700"", ""sel_4th_pre_req_pre"": ""0"", ""sel_4th_pre_req"": ""40"", ""sel_4th_pre_bid"": ""+154600"", ""sel_3th_pre_req_pre"": ""0"", ""sel_3th_pre_req"": ""25"", ""sel_3th_pre_bid"": ""+154500"", ""sel_2th_pre_req_pre"": ""0"", ""sel_2th_pre_req"": ""10"", ""sel_2th_pre_bid"": ""+154400"", ""sel_1th_pre_req_pre"": ""--43"", ""sel_fpr_req"": ""182"", ""sel_fpr_bid"": ""+154200"", ""buy_fpr_bid"": ""+154100"", ""buy_fpr_req"": ""3"", ""buy_1th_pre_req_pre"": ""0"", ""buy_2th_pre_bid"": ""+154000"", ""buy_2th_pre_req"": ""12"", ""buy_2th_pre_req_pre"": ""0"", ""buy_3th_pre_bid"": ""+153900"", ""buy_3th_pre_req"": ""51"", ""buy_3th_pre_req_pre"": ""0"", ""buy_4th_pre_bid"": ""+153800"", ""buy_4th_pre_req"": ""263"", ""buy_4th_pre_req_pre"": ""0"", ""buy_5th_pre_bid"": ""+153700"", ""buy_5th_pre_req"": ""21"", ""buy_5th_pre_req_pre"": ""0"", ""buy_6th_pre_bid"": ""+153600"", ""buy_6th_pre_req"": ""21"", ""buy_6th_pre_req_pre"": ""0"", ""buy_7th_pre_bid"": ""+153500"", ""buy_7th_pre_req"": ""143"", ""buy_7th_pre_req_pre"": ""+5"", ""buy_8th_pre_bid"": ""+153400"", ""buy_8th_pre_req"": ""71"", ""buy_8th_pre_req_pre"": ""0"", ""buy_9th_pre_bid"": ""+153200"", ""buy_9th_pre_req"": ""173"", ""buy_9th_pre_req_pre"": ""0"", ""buy_10th_pre_bid"": ""+153100"", ""buy_10th_pre_req"": ""119"", ""buy_10th_pre_req_pre"": ""0"", ""tot_sel_req_jub_pre"": ""--43"", ""tot_sel_req"": ""982"", ""tot_buy_req"": ""877"", ""tot_buy_req_jub_pre"": ""+5"", ""ovt_sel_req_pre"": ""0"", ""ovt_sel_req"": ""0"", ""ovt_buy_req"": ""0"", ""ovt_buy_req_pre"": ""0"", ""return_code"": 0, ""return_msg"": ""정상적으로 처리되었습니다""}"
2026-06-10,scan_candidate,034220,,0,main_scan,13070,,13070,13060,13070,13050,-0.5355776587605203,0.07651109410864575,,,,,,"{""bid_req_base_tm"": ""095637"", ""sel_10th_pre_req_pre"": ""0"", ""sel_10th_pre_req"": ""631"", ""sel_10th_pre_bid"": ""-13160"", ""sel_9th_pre_req_pre"": ""0"", ""sel_9th_pre_req"": ""80"", ""sel_9th_pre_bid"": ""-13150"", ""sel_8th_pre_req_pre"": ""0"", ""sel_8th_pre_req"": ""100"", ""sel_8th_pre_bid"": ""-13140"", ""sel_7th_pre_req_pre"": ""0"", ""sel_7th_pre_req"": ""1289"", ""sel_7th_pre_bid"": ""-13130"", ""sel_6th_pre_req_pre"": ""0"", ""sel_6th_pre_req"": ""2959"", ""sel_6th_pre_bid"": ""-13120"", ""sel_5th_pre_req_pre"": ""0"", ""sel_5th_pre_req"": ""21"", ""sel_5th_pre_bid"": ""-13110"", ""sel_4th_pre_req_pre"": ""0"", ""sel_4th_pre_req"": ""1015"", ""sel_4th_pre_bid"": ""-13100"", ""sel_3th_pre_req_pre"": ""0"", ""sel_3th_pre_req"": ""2"", ""sel_3th_pre_bid"": ""-13090"", ""sel_2th_pre_req_pre"": ""0"", ""sel_2th_pre_req"": ""1021"", ""sel_2th_pre_bid"": ""-13080"", ""sel_1th_pre_req_pre"": ""--50"", ""sel_fpr_req"": ""3593"", ""sel_fpr_bid"": ""-13070"", ""buy_fpr_bid"": ""-13060"", ""buy_fpr_req"": ""413"", ""buy_1th_pre_req_pre"": ""0"", ""buy_2th_pre_bid"": ""-13050"", ""buy_2th_pre_req"": ""3093"", ""buy_2th_pre_req_pre"": ""0"", ""buy_3th_pre_bid"": ""-13040"", ""buy_3th_pre_req"": ""1511"", ""buy_3th_pre_req_pre"": ""0"", ""buy_4th_pre_bid"": ""-13030"", ""buy_4th_pre_req"": ""2749"", ""buy_4th_pre_req_pre"": ""0"", ""buy_5th_pre_bid"": ""-13020"", ""buy_5th_pre_req"": ""9711"", ""buy_5th_pre_req_pre"": ""0"", ""buy_6th_pre_bid"": ""-13010"", ""buy_6th_pre_req"": ""22571"", ""buy_6th_pre_req_pre"": ""0"", ""buy_7th_pre_bid"": ""-13000"", ""buy_7th_pre_req"": ""49914"", ""buy_7th_pre_req_pre"": ""0"", ""buy_8th_pre_bid"": ""-12990"", ""buy_8th_pre_req"": ""11836"", ""buy_8th_pre_req_pre"": ""0"", ""buy_9th_pre_bid"": ""-12980"", ""buy_9th_pre_req"": ""15254"", ""buy_9th_pre_req_pre"": ""0"", ""buy_10th_pre_bid"": ""-12970"", ""buy_10th_pre_req"": ""6347"", ""buy_10th_pre_req_pre"": ""0"", ""tot_sel_req_jub_pre"": ""--50"", ""tot_sel_req"": ""10711"", ""tot_buy_req"": ""123399"", ""tot_buy_req_jub_pre"": ""0"", ""ovt_sel_req_pre"": ""0"", ""ovt_sel_req"": ""0"", ""ovt_buy_req"": ""0"", ""ovt_buy_req_pre"": ""0"", ""return_code"": 0, ""return_msg"": ""정상적으로 처리되었습니다""}"
2026-06-10,scan_candidate,078930,,0,main_scan,72800,,72800,72700,72800,73100,0.27472527472527475,0.13736263736263737,,,,,,"{""bid_req_base_tm"": ""095634"", ""sel_10th_pre_req_pre"": ""0"", ""sel_10th_pre_req"": ""10"", ""sel_10th_pre_bid"": ""-73700"", ""sel_9th_pre_req_pre"": ""0"", ""sel_9th_pre_req"": ""1"", ""sel_9th_pre_bid"": ""-73600"", ""sel_8th_pre_req_pre"": ""0"", ""sel_8th_pre_req"": ""50"", ""sel_8th_pre_bid"": ""-73500"", ""sel_7th_pre_req_pre"": ""0"", ""sel_7th_pre_req"": ""3"", ""sel_7th_pre_bid"": ""-73400"", ""sel_6th_pre_req_pre"": ""0"", ""sel_6th_pre_req"": ""159"", ""sel_6th_pre_bid"": ""-73300"", ""sel_5th_pre_req_pre"": ""0"", ""sel_5th_pre_req"": ""207"", ""sel_5th_pre_bid"": ""-73200"", ""sel_4th_pre_req_pre"": ""0"", ""sel_4th_pre_req"": ""49"", ""sel_4th_pre_bid"": ""-73100"", ""sel_3th_pre_req_pre"": ""0"", ""sel_3th_pre_req"": ""133"", ""sel_3th_pre_bid"": ""-73000"", ""sel_2th_pre_req_pre"": ""0"", ""sel_2th_pre_req"": ""65"", ""sel_2th_pre_bid"": ""-72900"", ""sel_1th_pre_req_pre"": ""+18"", ""sel_fpr_req"": ""138"", ""sel_fpr_bid"": ""-72800"", ""buy_fpr_bid"": ""-72700"", ""buy_fpr_req"": ""168"", ""buy_1th_pre_req_pre"": ""0"", ""buy_2th_pre_bid"": ""-72600"", ""buy_2th_pre_req"": ""219"", ""buy_2th_pre_req_pre"": ""0"", ""buy_3th_pre_bid"": ""-72500"", ""buy_3th_pre_req"": ""440"", ""buy_3th_pre_req_pre"": ""0"", ""buy_4th_pre_bid"": ""-72400"", ""buy_4th_pre_req"": ""103"", ""buy_4th_pre_req_pre"": ""0"", ""buy_5th_pre_bid"": ""-72300"", ""buy_5th_pre_req"": ""141"", ""buy_5th_pre_req_pre"": ""0"", ""buy_6th_pre_bid"": ""-72200"", ""buy_6th_pre_req"": ""125"", ""buy_6th_pre_req_pre"": ""0"", ""buy_7th_pre_bid"": ""-72100"", ""buy_7th_pre_req"": ""507"", ""buy_7th_pre_req_pre"": ""0"", ""buy_8th_pre_bid"": ""-72000"", ""buy_8th_pre_req"": ""156"", ""buy_8th_pre_req_pre"": ""0"", ""buy_9th_pre_bid"": ""-71900"", ""buy_9th_pre_req"": ""111"", ""buy_9th_pre_req_pre"": ""0"", ""buy_10th_pre_bid"": ""-71800"", ""buy_10th_pre_req"": ""115"", ""buy_10th_pre_req_pre"": ""0"", ""tot_sel_req_jub_pre"": ""+18"", ""tot_sel_req"": ""815"", ""tot_buy_req"": ""2085"", ""tot_buy_req_jub_pre"": ""0"", ""ovt_sel_req_pre"": ""0"", ""ovt_sel_req"": ""0"", ""ovt_buy_req"": ""0"", ""ovt_buy_req_pre"": ""0"", ""return_code"": 0, ""return_msg"": ""정상적으로 처리되었습니다""}"
2026-06-10,scan_candidate,090430,,0,main_scan,112600,,112600,112500,112600,112500,-0.5328596802841918,0.08880994671403197,,,,,,"{""bid_req_base_tm"": ""095637"", ""sel_10th_pre_req_pre"": ""0"", ""sel_10th_pre_req"": ""117"", ""sel_10th_pre_bid"": ""+113500"", ""sel_9th_pre_req_pre"": ""0"", ""sel_9th_pre_req"": ""8"", ""sel_9th_pre_bid"": ""+113400"", ""sel_8th_pre_req_pre"": ""0"", ""sel_8th_pre_req"": ""27"", ""sel_8th_pre_bid"": ""+113300"", ""sel_7th_pre_req_pre"": ""0"", ""sel_7th_pre_req"": ""13"", ""sel_7th_pre_bid"": ""+113200"", ""sel_6th_pre_req_pre"": ""0"", ""sel_6th_pre_req"": ""13"", ""sel_6th_pre_bid"": ""+113100"", ""sel_5th_pre_req_pre"": ""0"", ""sel_5th_pre_req"": ""182"", ""sel_5th_pre_bid"": ""+113000"", ""sel_4th_pre_req_pre"": ""0"", ""sel_4th_pre_req"": ""64"", ""sel_4th_pre_bid"": ""+112900"", ""sel_3th_pre_req_pre"": ""0"", ""sel_3th_pre_req"": ""7"", ""sel_3th_pre_bid"": ""+112800"", ""sel_2th_pre_req_pre"": ""0"", ""sel_2th_pre_req"": ""18"", ""sel_2th_pre_bid"": ""+112700"", ""sel_1th_pre_req_pre"": ""0"", ""sel_fpr_req"": ""50"", ""sel_fpr_bid"": ""+112600"", ""buy_fpr_bid"": ""+112500"", ""buy_fpr_req"": ""14"", ""buy_1th_pre_req_pre"": ""0"", ""buy_2th_pre_bid"": ""+112400"", ""buy_2th_pre_req"": ""48"", ""buy_2th_pre_req_pre"": ""0"", ""buy_3th_pre_bid"": ""+112300"", ""buy_3th_pre_req"": ""50"", ""buy_3th_pre_req_pre"": ""0"", ""buy_4th_pre_bid"": ""+112100"", ""buy_4th_pre_req"": ""30"", ""buy_4th_pre_req_pre"": ""0"", ""buy_5th_pre_bid"": ""112000"", ""buy_5th_pre_req"": ""253"", ""buy_5th_pre_req_pre"": ""+49"", ""buy_6th_pre_bid"": ""-111800"", ""buy_6th_pre_req"": ""11"", ""buy_6th_pre_req_pre"": ""0"", ""buy_7th_pre_bid"": ""-111700"", ""buy_7th_pre_req"": ""200"", ""buy_7th_pre_req_pre"": ""0"", ""buy_8th_pre_bid"": ""-111600"", ""buy_8th_pre_req"": ""124"", ""buy_8th_pre_req_pre"": ""0"", ""buy_9th_pre_bid"": ""-111500"", ""buy_9th_pre_req"": ""101"", ""buy_9th_pre_req_pre"": ""0"", ""buy_10th_pre_bid"": ""-111400"", ""buy_10th_pre_req"": ""21"", ""buy_10th_pre_req_pre"": ""0"", ""tot_sel_req_jub_pre"": ""0"", ""tot_sel_req"": ""499"", ""tot_buy_req"": ""852"", ""tot_buy_req_jub_pre"": ""+21"", ""ovt_sel_req_pre"": ""0"", ""ovt_sel_req"": ""0"", ""ovt_buy_req"": ""0"", ""ovt_buy_req_pre"": ""0"", ""return_code"": 0, ""return_msg"": ""정상적으로 처리되었습니다""}"
2026-06-10,scan_candidate,004170,,0,main_scan,660000,,660000,658000,660000,663000,0.30303030303030304,0.30303030303030304,,,,,,"{""bid_req_base_tm"": ""095637"", ""sel_10th_pre_req_pre"": ""0"", ""sel_10th_pre_req"": ""1"", ""sel_10th_pre_bid"": ""+675000"", ""sel_9th_pre_req_pre"": ""0"", ""sel_9th_pre_req"": ""14"", ""sel_9th_pre_bid"": ""+674000"", ""sel_8th_pre_req_pre"": ""0"", ""sel_8th_pre_req"": ""1"", ""sel_8th_pre_bid"": ""+672000"", ""sel_7th_pre_req_pre"": ""0"", ""sel_7th_pre_req"": ""3"", ""sel_7th_pre_bid"": ""+670000"", ""sel_6th_pre_req_pre"": ""0"", ""sel_6th_pre_req"": ""1"", ""sel_6th_pre_bid"": ""+669000"", ""sel_5th_pre_req_pre"": ""0"", ""sel_5th_pre_req"": ""2"", ""sel_5th_pre_bid"": ""+665000"", ""sel_4th_pre_req_pre"": ""0"", ""sel_4th_pre_req"": ""48"", ""sel_4th_pre_bid"": ""+663000"", ""sel_3th_pre_req_pre"": ""0"", ""sel_3th_pre_req"": ""23"", ""sel_3th_pre_bid"": ""+662000"", ""sel_2th_pre_req_pre"": ""0"", ""sel_2th_pre_req"": ""19"", ""sel_2th_pre_bid"": ""+661000"", ""sel_1th_pre_req_pre"": ""+1"", ""sel_fpr_req"": ""55"", ""sel_fpr_bid"": ""+660000"", ""buy_fpr_bid"": ""+658000"", ""buy_fpr_req"": ""46"", ""buy_1th_pre_req_pre"": ""0"", ""buy_2th_pre_bid"": ""+657000"", ""buy_2th_pre_req"": ""15"", ""buy_2th_pre_req_pre"": ""0"", ""buy_3th_pre_bid"": ""+656000"", ""buy_3th_pre_req"": ""2"", ""buy_3th_pre_req_pre"": ""0"", ""buy_4th_pre_bid"": ""+655000"", ""buy_4th_pre_req"": ""13"", ""buy_4th_pre_req_pre"": ""0"", ""buy_5th_pre_bid"": ""+654000"", ""buy_5th_pre_req"": ""28"", ""buy_5th_pre_req_pre"": ""0"", ""buy_6th_pre_bid"": ""+653000"", ""buy_6th_pre_req"": ""16"", ""buy_6th_pre_req_pre"": ""0"", ""buy_7th_pre_bid"": ""+652000"", ""buy_7th_pre_req"": ""36"", ""buy_7th_pre_req_pre"": ""0"", ""buy_8th_pre_bid"": ""+651000"", ""buy_8th_pre_req"": ""67"", ""buy_8th_pre_req_pre"": ""0"", ""buy_9th_pre_bid"": ""+650000"", ""buy_9th_pre_req"": ""34"", ""buy_9th_pre_req_pre"": ""0"", ""buy_10th_pre_bid"": ""+649000"", ""buy_10th_pre_req"": ""12"", ""buy_10th_pre_req_pre"": ""0"", ""tot_sel_req_jub_pre"": ""+1"", ""tot_sel_req"": ""167"", ""tot_buy_req"": ""269"", ""tot_buy_req_jub_pre"": ""0"", ""ovt_sel_req_pre"": ""0"", ""ovt_sel_req"": ""0"", ""ovt_buy_req"": ""0"", ""ovt_buy_req_pre"": ""0"", ""return_code"": 0, ""return_msg"": ""정상적으로 처리되었습니다""}"
2026-06-10,scan_candidate,036570,,0,main_scan,258000,,258000,257500,258000,258500,0.0,0.1937984496124031,,,,,,"{""bid_req_base_tm"": ""095637"", ""sel_10th_pre_req_pre"": ""0"", ""sel_10th_pre_req"": ""9"", ""sel_10th_pre_bid"": ""-262500"", ""sel_9th_pre_req_pre"": ""0"", ""sel_9th_pre_req"": ""23"", ""sel_9th_pre_bid"": ""-262000"", ""sel_8th_pre_req_pre"": ""0"", ""sel_8th_pre_req"": ""1"", ""sel_8th_pre_bid"": ""-261500"", ""sel_7th_pre_req_pre"": ""0"", ""sel_7th_pre_req"": ""36"", ""sel_7th_pre_bid"": ""-261000"", ""sel_6th_pre_req_pre"": ""0"", ""sel_6th_pre_req"": ""37"", ""sel_6th_pre_bid"": ""-260500"", ""sel_5th_pre_req_pre"": ""0"", ""sel_5th_pre_req"": ""172"", ""sel_5th_pre_bid"": ""-260000"", ""sel_4th_pre_req_pre"": ""0"", ""sel_4th_pre_req"": ""32"", ""sel_4th_pre_bid"": ""-259500"", ""sel_3th_pre_req_pre"": ""0"", ""sel_3th_pre_req"": ""95"", ""sel_3th_pre_bid"": ""-259000"", ""sel_2th_pre_req_pre"": ""0"", ""sel_2th_pre_req"": ""46"", ""sel_2th_pre_bid"": ""-258500"", ""sel_1th_pre_req_pre"": ""0"", ""sel_fpr_req"": ""75"", ""sel_fpr_bid"": ""-258000"", ""buy_fpr_bid"": ""-257500"", ""buy_fpr_req"": ""149"", ""buy_1th_pre_req_pre"": ""+40"", ""buy_2th_pre_bid"": ""-257000"", ""buy_2th_pre_req"": ""67"", ""buy_2th_pre_req_pre"": ""--50"", ""buy_3th_pre_bid"": ""-256500"", ""buy_3th_pre_req"": ""40"", ""buy_3th_pre_req_pre"": ""0"", ""buy_4th_pre_bid"": ""-256000"", ""buy_4th_pre_req"": ""43"", ""buy_4th_pre_req_pre"": ""0"", ""buy_5th_pre_bid"": ""-255500"", ""buy_5th_pre_req"": ""122"", ""buy_5th_pre_req_pre"": ""0"", ""buy_6th_pre_bid"": ""-255000"", ""buy_6th_pre_req"": ""172"", ""buy_6th_pre_req_pre"": ""0"", ""buy_7th_pre_bid"": ""-254500"", ""buy_7th_pre_req"": ""187"", ""buy_7th_pre_req_pre"": ""0"", ""buy_8th_pre_bid"": ""-254000"", ""buy_8th_pre_req"": ""296"", ""buy_8th_pre_req_pre"": ""0"", ""buy_9th_pre_bid"": ""-253500"", ""buy_9th_pre_req"": ""494"", ""buy_9th_pre_req_pre"": ""0"", ""buy_10th_pre_bid"": ""-253000"", ""buy_10th_pre_req"": ""729"", ""buy_10th_pre_req_pre"": ""0"", ""tot_sel_req_jub_pre"": ""0"", ""tot_sel_req"": ""526"", ""tot_buy_req"": ""2299"", ""tot_buy_req_jub_pre"": ""--10"", ""ovt_sel_req_pre"": ""0"", ""ovt_sel_req"": ""0"", ""ovt_buy_req"": ""0"", ""ovt_buy_req_pre"": ""0"", ""return_code"": 0, ""return_msg"": ""정상적으로 처리되었습니다""}"
2026-06-10,scan_candidate,271560,,0,main_scan,132200,,132200,132100,132200,132000,-0.529500756429652,0.07564296520423601,,,,,,"{""bid_req_base_tm"": ""095637"", ""sel_10th_pre_req_pre"": ""0"", ""sel_10th_pre_req"": ""20"", ""sel_10th_pre_bid"": ""+133800"", ""sel_9th_pre_req_pre"": ""0"", ""sel_9th_pre_req"": ""100"", ""sel_9th_pre_bid"": ""+133700"", ""sel_8th_pre_req_pre"": ""0"", ""sel_8th_pre_req"": ""25"", ""sel_8th_pre_bid"": ""+133600"", ""sel_7th_pre_req_pre"": ""0"", ""sel_7th_pre_req"": ""253"", ""sel_7th_pre_bid"": ""+133500"", ""sel_6th_pre_req_pre"": ""0"", ""sel_6th_pre_req"": ""3"", ""sel_6th_pre_bid"": ""+133200"", ""sel_5th_pre_req_pre"": ""0"", ""sel_5th_pre_req"": ""5"", ""sel_5th_pre_bid"": ""+133000"", ""sel_4th_pre_req_pre"": ""0"", ""sel_4th_pre_req"": ""14"", ""sel_4th_pre_bid"": ""-132800"", ""sel_3th_pre_req_pre"": ""0"", ""sel_3th_pre_req"": ""200"", ""sel_3th_pre_bid"": ""-132600"", ""sel_2th_pre_req_pre"": ""0"", ""sel_2th_pre_req"": ""59"", ""sel_2th_pre_bid"": ""-132300"", ""sel_1th_pre_req_pre"": ""+34"", ""sel_fpr_req"": ""107"", ""sel_fpr_bid"": ""-132200"", ""buy_fpr_bid"": ""-132100"", ""buy_fpr_req"": ""100"", ""buy_1th_pre_req_pre"": ""0"", ""buy_2th_pre_bid"": ""-132000"", ""buy_2th_pre_req"": ""61"", ""buy_2th_pre_req_pre"": ""0"", ""buy_3th_pre_bid"": ""-131700"", ""buy_3th_pre_req"": ""21"", ""buy_3th_pre_req_pre"": ""0"", ""buy_4th_pre_bid"": ""-131600"", ""buy_4th_pre_req"": ""60"", ""buy_4th_pre_req_pre"": ""0"", ""buy_5th_pre_bid"": ""-131500"", ""buy_5th_pre_req"": ""26"", ""buy_5th_pre_req_pre"": ""0"", ""buy_6th_pre_bid"": ""-131200"", ""buy_6th_pre_req"": ""136"", ""buy_6th_pre_req_pre"": ""0"", ""buy_7th_pre_bid"": ""-131100"", ""buy_7th_pre_req"": ""20"", ""buy_7th_pre_req_pre"": ""0"", ""buy_8th_pre_bid"": ""-131000"", ""buy_8th_pre_req"": ""1"", ""buy_8th_pre_req_pre"": ""0"", ""buy_9th_pre_bid"": ""-130900"", ""buy_9th_pre_req"": ""11"", ""buy_9th_pre_req_pre"": ""0"", ""buy_10th_pre_bid"": ""-130700"", ""buy_10th_pre_req"": ""1"", ""buy_10th_pre_req_pre"": ""0"", ""tot_sel_req_jub_pre"": ""+34"", ""tot_sel_req"": ""786"", ""tot_buy_req"": ""437"", ""tot_buy_req_jub_pre"": ""0"", ""ovt_sel_req_pre"": ""0"", ""ovt_sel_req"": ""0"", ""ovt_buy_req"": ""0"", ""ovt_buy_req_pre"": ""0"", ""return_code"": 0, ""return_msg"": ""정상적으로 처리되었습니다""}"
2026-06-10,scan_candidate,023530,,0,main_scan,188200,,188200,188100,188200,188500,-0.10626992561105207,0.053134962805526036,,,,,,"{""bid_req_base_tm"": ""095636"", ""sel_10th_pre_req_pre"": ""0"", ""sel_10th_pre_req"": ""12"", ""sel_10th_pre_bid"": ""+190500"", ""sel_9th_pre_req_pre"": ""0"", ""sel_9th_pre_req"": ""50"", ""sel_9th_pre_bid"": ""+190200"", ""sel_8th_pre_req_pre"": ""0"", ""sel_8th_pre_req"": ""10"", ""sel_8th_pre_bid"": ""+190000"", ""sel_7th_pre_req_pre"": ""0"", ""sel_7th_pre_req"": ""14"", ""sel_7th_pre_bid"": ""+189800"", ""sel_6th_pre_req_pre"": ""0"", ""sel_6th_pre_req"": ""20"", ""sel_6th_pre_bid"": ""+189300"", ""sel_5th_pre_req_pre"": ""--1"", ""sel_5th_pre_req"": ""391"", ""sel_5th_pre_bid"": ""+188900"", ""sel_4th_pre_req_pre"": ""0"", ""sel_4th_pre_req"": ""22"", ""sel_4th_pre_bid"": ""+188500"", ""sel_3th_pre_req_pre"": ""0"", ""sel_3th_pre_req"": ""4"", ""sel_3th_pre_bid"": ""+188400"", ""sel_2th_pre_req_pre"": ""0"", ""sel_2th_pre_req"": ""29"", ""sel_2th_pre_bid"": ""+188300"", ""sel_1th_pre_req_pre"": ""0"", ""sel_fpr_req"": ""70"", ""sel_fpr_bid"": ""+188200"", ""buy_fpr_bid"": ""+188100"", ""buy_fpr_req"": ""9"", ""buy_1th_pre_req_pre"": ""--5"", ""buy_2th_pre_bid"": ""+188000"", ""buy_2th_pre_req"": ""8"", ""buy_2th_pre_req_pre"": ""0"", ""buy_3th_pre_bid"": ""+187800"", ""buy_3th_pre_req"": ""10"", ""buy_3th_pre_req_pre"": ""0"", ""buy_4th_pre_bid"": ""+187700"", ""buy_4th_pre_req"": ""1"", ""buy_4th_pre_req_pre"": ""0"", ""buy_5th_pre_bid"": ""+187600"", ""buy_5th_pre_req"": ""21"", ""buy_5th_pre_req_pre"": ""0"", ""buy_6th_pre_bid"": ""+187500"", ""buy_6th_pre_req"": ""21"", ""buy_6th_pre_req_pre"": ""0"", ""buy_7th_pre_bid"": ""+187400"", ""buy_7th_pre_req"": ""1153"", ""buy_7th_pre_req_pre"": ""0"", ""buy_8th_pre_bid"": ""+187100"", ""buy_8th_pre_req"": ""180"", ""buy_8th_pre_req_pre"": ""0"", ""buy_9th_pre_bid"": ""+187000"", ""buy_9th_pre_req"": ""1"", ""buy_9th_pre_req_pre"": ""0"", ""buy_10th_pre_bid"": ""+186800"", ""buy_10th_pre_req"": ""1"", ""buy_10th_pre_req_pre"": ""0"", ""tot_sel_req_jub_pre"": ""--1"", ""tot_sel_req"": ""622"", ""tot_buy_req"": ""1405"", ""tot_buy_req_jub_pre"": ""--5"", ""ovt_sel_req_pre"": ""0"", ""ovt_sel_req"": ""0"", ""ovt_buy_req"": ""0"", ""ovt_buy_req_pre"": ""0"", ""return_code"": 0, ""return_msg"": ""정상적으로 처리되었습니다""}"
2026-06-10,scan_candidate,175330,,0,main_scan,25600,,25600,25550,25600,25750,0.390625,0.1953125,,,,,,"{""bid_req_base_tm"": ""095638"", ""sel_10th_pre_req_pre"": ""0"", ""sel_10th_pre_req"": ""22"", ""sel_10th_pre_bid"": ""+26100"", ""sel_9th_pre_req_pre"": ""0"", ""sel_9th_pre_req"": ""195"", ""sel_9th_pre_bid"": ""+26000"", ""sel_8th_pre_req_pre"": ""0"", ""sel_8th_pre_req"": ""42"", ""sel_8th_pre_bid"": ""+25950"", ""sel_7th_pre_req_pre"": ""0"", ""sel_7th_pre_req"": ""232"", ""sel_7th_pre_bid"": ""25900"", ""sel_6th_pre_req_pre"": ""0"", ""sel_6th_pre_req"": ""527"", ""sel_6th_pre_bid"": ""-25850"", ""sel_5th_pre_req_pre"": ""0"", ""sel_5th_pre_req"": ""489"", ""sel_5th_pre_bid"": ""-25800"", ""sel_4th_pre_req_pre"": ""0"", ""sel_4th_pre_req"": ""211"", ""sel_4th_pre_bid"": ""-25750"", ""sel_3th_pre_req_pre"": ""0"", ""sel_3th_pre_req"": ""168"", ""sel_3th_pre_bid"": ""-25700"", ""sel_2th_pre_req_pre"": ""0"", ""sel_2th_pre_req"": ""618"", ""sel_2th_pre_bid"": ""-25650"", ""sel_1th_pre_req_pre"": ""--1"", ""sel_fpr_req"": ""660"", ""sel_fpr_bid"": ""-25600"", ""buy_fpr_bid"": ""-25550"", ""buy_fpr_req"": ""158"", ""buy_1th_pre_req_pre"": ""0"", ""buy_2th_pre_bid"": ""-25500"", ""buy_2th_pre_req"": ""1514"", ""buy_2th_pre_req_pre"": ""0"", ""buy_3th_pre_bid"": ""-25450"", ""buy_3th_pre_req"": ""1365"", ""buy_3th_pre_req_pre"": ""0"", ""buy_4th_pre_bid"": ""-25400"", ""buy_4th_pre_req"": ""455"", ""buy_4th_pre_req_pre"": ""0"", ""buy_5th_pre_bid"": ""-25350"", ""buy_5th_pre_req"": ""251"", ""buy_5th_pre_req_pre"": ""0"", ""buy_6th_pre_bid"": ""-25300"", ""buy_6th_pre_req"": ""650"", ""buy_6th_pre_req_pre"": ""0"", ""buy_7th_pre_bid"": ""-25250"", ""buy_7th_pre_req"": ""577"", ""buy_7th_pre_req_pre"": ""0"", ""buy_8th_pre_bid"": ""-25200"", ""buy_8th_pre_req"": ""300"", ""buy_8th_pre_req_pre"": ""0"", ""buy_9th_pre_bid"": ""-25150"", ""buy_9th_pre_req"": ""445"", ""buy_9th_pre_req_pre"": ""0"", ""buy_10th_pre_bid"": ""-25100"", ""buy_10th_pre_req"": ""492"", ""buy_10th_pre_req_pre"": ""0"", ""tot_sel_req_jub_pre"": ""--1"", ""tot_sel_req"": ""3164"", ""tot_buy_req"": ""6207"", ""tot_buy_req_jub_pre"": ""0"", ""ovt_sel_req_pre"": ""0"", ""ovt_sel_req"": ""0"", ""ovt_buy_req"": ""0"", ""ovt_buy_req_pre"": ""0"", ""return_code"": 0, ""return_msg"": ""정상적으로 처리되었습니다""}"
2026-06-10,scan_candidate,088350,,0,main_scan,4830,,4830,4825,4830,4835,0.0,0.10351966873706005,,,,,,"{""bid_req_base_tm"": ""095638"", ""sel_10th_pre_req_pre"": ""0"", ""sel_10th_pre_req"": ""2302"", ""sel_10th_pre_bid"": ""-4880"", ""sel_9th_pre_req_pre"": ""0"", ""sel_9th_pre_req"": ""1"", ""sel_9th_pre_bid"": ""-4875"", ""sel_8th_pre_req_pre"": ""0"", ""sel_8th_pre_req"": ""503"", ""sel_8th_pre_bid"": ""-4870"", ""sel_7th_pre_req_pre"": ""0"", ""sel_7th_pre_req"": ""1"", ""sel_7th_pre_bid"": ""-4860"", ""sel_6th_pre_req_pre"": ""0"", ""sel_6th_pre_req"": ""447"", ""sel_6th_pre_bid"": ""-4855"", ""sel_5th_pre_req_pre"": ""0"", ""sel_5th_pre_req"": ""7376"", ""sel_5th_pre_bid"": ""-4850"", ""sel_4th_pre_req_pre"": ""0"", ""sel_4th_pre_req"": ""1181"", ""sel_4th_pre_bid"": ""-4845"", ""sel_3th_pre_req_pre"": ""0"", ""sel_3th_pre_req"": ""5139"", ""sel_3th_pre_bid"": ""-4840"", ""sel_2th_pre_req_pre"": ""0"", ""sel_2th_pre_req"": ""2756"", ""sel_2th_pre_bid"": ""-4835"", ""sel_1th_pre_req_pre"": ""0"", ""sel_fpr_req"": ""508"", ""sel_fpr_bid"": ""-4830"", ""buy_fpr_bid"": ""-4825"", ""buy_fpr_req"": ""225"", ""buy_1th_pre_req_pre"": ""0"", ""buy_2th_pre_bid"": ""-4820"", ""buy_2th_pre_req"": ""491"", ""buy_2th_pre_req_pre"": ""0"", ""buy_3th_pre_bid"": ""-4815"", ""buy_3th_pre_req"": ""9772"", ""buy_3th_pre_req_pre"": ""0"", ""buy_4th_pre_bid"": ""-4810"", ""buy_4th_pre_req"": ""1027"", ""buy_4th_pre_req_pre"": ""0"", ""buy_5th_pre_bid"": ""-4805"", ""buy_5th_pre_req"": ""11"", ""buy_5th_pre_req_pre"": ""0"", ""buy_6th_pre_bid"": ""-4800"", ""buy_6th_pre_req"": ""1257"", ""buy_6th_pre_req_pre"": ""0"", ""buy_7th_pre_bid"": ""-4795"", ""buy_7th_pre_req"": ""1114"", ""buy_7th_pre_req_pre"": ""0"", ""buy_8th_pre_bid"": ""-4790"", ""buy_8th_pre_req"": ""14015"", ""buy_8th_pre_req_pre"": ""0"", ""buy_9th_pre_bid"": ""-4785"", ""buy_9th_pre_req"": ""26366"", ""buy_9th_pre_req_pre"": ""0"", ""buy_10th_pre_bid"": ""-4780"", ""buy_10th_pre_req"": ""8858"", ""buy_10th_pre_req_pre"": ""0"", ""tot_sel_req_jub_pre"": ""+2029"", ""tot_sel_req"": ""20214"", ""tot_buy_req"": ""63136"", ""tot_buy_req_jub_pre"": ""--7402"", ""ovt_sel_req_pre"": ""0"", ""ovt_sel_req"": ""0"", ""ovt_buy_req"": ""0"", ""ovt_buy_req_pre"": ""0"", ""return_code"": 0, ""return_msg"": ""정상적으로 처리되었습니다""}"
2026-06-10,scan_candidate,069960,,0,main_scan,163100,,163100,162700,163100,162000,-0.9809932556713672,0.2452483139178418,,,,,,"{""bid_req_base_tm"": ""095638"", ""sel_10th_pre_req_pre"": ""0"", ""sel_10th_pre_req"": ""1"", ""sel_10th_pre_bid"": ""-164400"", ""sel_9th_pre_req_pre"": ""0"", ""sel_9th_pre_req"": ""21"", ""sel_9th_pre_bid"": ""-164100"", ""sel_8th_pre_req_pre"": ""0"", ""sel_8th_pre_req"": ""120"", ""sel_8th_pre_bid"": ""-164000"", ""sel_7th_pre_req_pre"": ""0"", ""sel_7th_pre_req"": ""38"", ""sel_7th_pre_bid"": ""-163900"", ""sel_6th_pre_req_pre"": ""0"", ""sel_6th_pre_req"": ""140"", ""sel_6th_pre_bid"": ""-163600"", ""sel_5th_pre_req_pre"": ""0"", ""sel_5th_pre_req"": ""1"", ""sel_5th_pre_bid"": ""-163500"", ""sel_4th_pre_req_pre"": ""0"", ""sel_4th_pre_req"": ""31"", ""sel_4th_pre_bid"": ""-163400"", ""sel_3th_pre_req_pre"": ""0"", ""sel_3th_pre_req"": ""134"", ""sel_3th_pre_bid"": ""-163300"", ""sel_2th_pre_req_pre"": ""0"", ""sel_2th_pre_req"": ""72"", ""sel_2th_pre_bid"": ""-163200"", ""sel_1th_pre_req_pre"": ""0"", ""sel_fpr_req"": ""41"", ""sel_fpr_bid"": ""-163100"", ""buy_fpr_bid"": ""-162700"", ""buy_fpr_req"": ""19"", ""buy_1th_pre_req_pre"": ""+18"", ""buy_2th_pre_bid"": ""-162500"", ""buy_2th_pre_req"": ""4"", ""buy_2th_pre_req_pre"": ""0"", ""buy_3th_pre_bid"": ""-162400"", ""buy_3th_pre_req"": ""37"", ""buy_3th_pre_req_pre"": ""0"", ""buy_4th_pre_bid"": ""-162200"", ""buy_4th_pre_req"": ""4"", ""buy_4th_pre_req_pre"": ""0"", ""buy_5th_pre_bid"": ""-162000"", ""buy_5th_pre_req"": ""1"", ""buy_5th_pre_req_pre"": ""0"", ""buy_6th_pre_bid"": ""-161800"", ""buy_6th_pre_req"": ""1"", ""buy_6th_pre_req_pre"": ""0"", ""buy_7th_pre_bid"": ""-161700"", ""buy_7th_pre_req"": ""11"", ""buy_7th_pre_req_pre"": ""0"", ""buy_8th_pre_bid"": ""-161400"", ""buy_8th_pre_req"": ""3"", ""buy_8th_pre_req_pre"": ""0"", ""buy_9th_pre_bid"": ""-161300"", ""buy_9th_pre_req"": ""26"", ""buy_9th_pre_req_pre"": ""0"", ""buy_10th_pre_bid"": ""-161200"", ""buy_10th_pre_req"": ""23"", ""buy_10th_pre_req_pre"": ""0"", ""tot_sel_req_jub_pre"": ""0"", ""tot_sel_req"": ""599"", ""tot_buy_req"": ""129"", ""tot_buy_req_jub_pre"": ""--11"", ""ovt_sel_req_pre"": ""0"", ""ovt_sel_req"": ""0"", ""ovt_buy_req"": ""0"", ""ovt_buy_req_pre"": ""0"", ""return_code"": 0, ""return_msg"": ""정상적으로 처리되었습니다""}"
2026-06-10,scan_candidate,489790,,0,main_scan,69300,,69300,69200,69300,69200,-0.2886002886002886,0.1443001443001443,,,,,,"{""bid_req_base_tm"": ""095639"", ""sel_10th_pre_req_pre"": ""0"", ""sel_10th_pre_req"": ""175"", ""sel_10th_pre_bid"": ""+70300"", ""sel_9th_pre_req_pre"": ""0"", ""sel_9th_pre_req"": ""90"", ""sel_9th_pre_bid"": ""+70200"", ""sel_8th_pre_req_pre"": ""0"", ""sel_8th_pre_req"": ""349"", ""sel_8th_pre_bid"": ""+70100"", ""sel_7th_pre_req_pre"": ""0"", ""sel_7th_pre_req"": ""50"", ""sel_7th_pre_bid"": ""+70000"", ""sel_6th_pre_req_pre"": ""0"", ""sel_6th_pre_req"": ""3"", ""sel_6th_pre_bid"": ""+69900"", ""sel_5th_pre_req_pre"": ""0"", ""sel_5th_pre_req"": ""18"", ""sel_5th_pre_bid"": ""+69800"", ""sel_4th_pre_req_pre"": ""0"", ""sel_4th_pre_req"": ""17"", ""sel_4th_pre_bid"": ""+69600"", ""sel_3th_pre_req_pre"": ""0"", ""sel_3th_pre_req"": ""4"", ""sel_3th_pre_bid"": ""+69500"", ""sel_2th_pre_req_pre"": ""0"", ""sel_2th_pre_req"": ""205"", ""sel_2th_pre_bid"": ""+69400"", ""sel_1th_pre_req_pre"": ""0"", ""sel_fpr_req"": ""11"", ""sel_fpr_bid"": ""+69300"", ""buy_fpr_bid"": ""+69200"", ""buy_fpr_req"": ""17"", ""buy_1th_pre_req_pre"": ""0"", ""buy_2th_pre_bid"": ""+68900"", ""buy_2th_pre_req"": ""39"", ""buy_2th_pre_req_pre"": ""0"", ""buy_3th_pre_bid"": ""+68800"", ""buy_3th_pre_req"": ""53"", ""buy_3th_pre_req_pre"": ""0"", ""buy_4th_pre_bid"": ""+68700"", ""buy_4th_pre_req"": ""44"", ""buy_4th_pre_req_pre"": ""0"", ""buy_5th_pre_bid"": ""+68600"", ""buy_5th_pre_req"": ""63"", ""buy_5th_pre_req_pre"": ""0"", ""buy_6th_pre_bid"": ""+68500"", ""buy_6th_pre_req"": ""145"", ""buy_6th_pre_req_pre"": ""0"", ""buy_7th_pre_bid"": ""+68400"", ""buy_7th_pre_req"": ""34"", ""buy_7th_pre_req_pre"": ""0"", ""buy_8th_pre_bid"": ""+68300"", ""buy_8th_pre_req"": ""340"", ""buy_8th_pre_req_pre"": ""0"", ""buy_9th_pre_bid"": ""+68200"", ""buy_9th_pre_req"": ""102"", ""buy_9th_pre_req_pre"": ""0"", ""buy_10th_pre_bid"": ""+68100"", ""buy_10th_pre_req"": ""50"", ""buy_10th_pre_req_pre"": ""0"", ""tot_sel_req_jub_pre"": ""0"", ""tot_sel_req"": ""922"", ""tot_buy_req"": ""887"", ""tot_buy_req_jub_pre"": ""0"", ""ovt_sel_req_pre"": ""0"", ""ovt_sel_req"": ""0"", ""ovt_buy_req"": ""0"", ""ovt_buy_req_pre"": ""0"", ""return_code"": 0, ""return_msg"": ""정상적으로 처리되었습니다""}"
2026-06-10,scan_candidate,085620,,0,main_scan,21950,,21950,21900,21950,22000,0.0,0.22779043280182232,,,,,,"{""bid_req_base_tm"": ""095639"", ""sel_10th_pre_req_pre"": ""0"", ""sel_10th_pre_req"": ""880"", ""sel_10th_pre_bid"": ""-22400"", ""sel_9th_pre_req_pre"": ""0"", ""sel_9th_pre_req"": ""569"", ""sel_9th_pre_bid"": ""-22350"", ""sel_8th_pre_req_pre"": ""0"", ""sel_8th_pre_req"": ""1386"", ""sel_8th_pre_bid"": ""-22300"", ""sel_7th_pre_req_pre"": ""0"", ""sel_7th_pre_req"": ""673"", ""sel_7th_pre_bid"": ""-22250"", ""sel_6th_pre_req_pre"": ""0"", ""sel_6th_pre_req"": ""1623"", ""sel_6th_pre_bid"": ""-22200"", ""sel_5th_pre_req_pre"": ""0"", ""sel_5th_pre_req"": ""1158"", ""sel_5th_pre_bid"": ""-22150"", ""sel_4th_pre_req_pre"": ""0"", ""sel_4th_pre_req"": ""1012"", ""sel_4th_pre_bid"": ""-22100"", ""sel_3th_pre_req_pre"": ""0"", ""sel_3th_pre_req"": ""225"", ""sel_3th_pre_bid"": ""-22050"", ""sel_2th_pre_req_pre"": ""0"", ""sel_2th_pre_req"": ""1124"", ""sel_2th_pre_bid"": ""-22000"", ""sel_1th_pre_req_pre"": ""0"", ""sel_fpr_req"": ""441"", ""sel_fpr_bid"": ""-21950"", ""buy_fpr_bid"": ""-21900"", ""buy_fpr_req"": ""1179"", ""buy_1th_pre_req_pre"": ""0"", ""buy_2th_pre_bid"": ""-21850"", ""buy_2th_pre_req"": ""300"", ""buy_2th_pre_req_pre"": ""+1"", ""buy_3th_pre_bid"": ""-21800"", ""buy_3th_pre_req"": ""1006"", ""buy_3th_pre_req_pre"": ""0"", ""buy_4th_pre_bid"": ""-21750"", ""buy_4th_pre_req"": ""2495"", ""buy_4th_pre_req_pre"": ""0"", ""buy_5th_pre_bid"": ""-21700"", ""buy_5th_pre_req"": ""1316"", ""buy_5th_pre_req_pre"": ""0"", ""buy_6th_pre_bid"": ""-21650"", ""buy_6th_pre_req"": ""2255"", ""buy_6th_pre_req_pre"": ""0"", ""buy_7th_pre_bid"": ""-21600"", ""buy_7th_pre_req"": ""1207"", ""buy_7th_pre_req_pre"": ""0"", ""buy_8th_pre_bid"": ""-21550"", ""buy_8th_pre_req"": ""1112"", ""buy_8th_pre_req_pre"": ""0"", ""buy_9th_pre_bid"": ""-21500"", ""buy_9th_pre_req"": ""2038"", ""buy_9th_pre_req_pre"": ""0"", ""buy_10th_pre_bid"": ""-21450"", ""buy_10th_pre_req"": ""2794"", ""buy_10th_pre_req_pre"": ""0"", ""tot_sel_req_jub_pre"": ""0"", ""tot_sel_req"": ""9091"", ""tot_buy_req"": ""15702"", ""tot_buy_req_jub_pre"": ""+1"", ""ovt_sel_req_pre"": ""0"", ""ovt_sel_req"": ""0"", ""ovt_buy_req"": ""0"", ""ovt_buy_req_pre"": ""0"", ""return_code"": 0, ""return_msg"": ""정상적으로 처리되었습니다""}"
2026-06-10,scan_candidate,001450,,0,main_scan,38150,,38150,38100,38150,37900,-0.7863695937090431,0.1310615989515072,,,,,,"{""bid_req_base_tm"": ""095639"", ""sel_10th_pre_req_pre"": ""0"", ""sel_10th_pre_req"": ""134"", ""sel_10th_pre_bid"": ""+38600"", ""sel_9th_pre_req_pre"": ""0"", ""sel_9th_pre_req"": ""81"", ""sel_9th_pre_bid"": ""+38550"", ""sel_8th_pre_req_pre"": ""0"", ""sel_8th_pre_req"": ""1881"", ""sel_8th_pre_bid"": ""+38500"", ""sel_7th_pre_req_pre"": ""0"", ""sel_7th_pre_req"": ""292"", ""sel_7th_pre_bid"": ""+38450"", ""sel_6th_pre_req_pre"": ""0"", ""sel_6th_pre_req"": ""4783"", ""sel_6th_pre_bid"": ""+38400"", ""sel_5th_pre_req_pre"": ""0"", ""sel_5th_pre_req"": ""1103"", ""sel_5th_pre_bid"": ""+38350"", ""sel_4th_pre_req_pre"": ""0"", ""sel_4th_pre_req"": ""219"", ""sel_4th_pre_bid"": ""+38300"", ""sel_3th_pre_req_pre"": ""0"", ""sel_3th_pre_req"": ""132"", ""sel_3th_pre_bid"": ""+38250"", ""sel_2th_pre_req_pre"": ""0"", ""sel_2th_pre_req"": ""721"", ""sel_2th_pre_bid"": ""+38200"", ""sel_1th_pre_req_pre"": ""+23"", ""sel_fpr_req"": ""1321"", ""sel_fpr_bid"": ""+38150"", ""buy_fpr_bid"": ""+38100"", ""buy_fpr_req"": ""330"", ""buy_1th_pre_req_pre"": ""0"", ""buy_2th_pre_bid"": ""+38050"", ""buy_2th_pre_req"": ""3"", ""buy_2th_pre_req_pre"": ""0"", ""buy_3th_pre_bid"": ""+38000"", ""buy_3th_pre_req"": ""198"", ""buy_3th_pre_req_pre"": ""0"", ""buy_4th_pre_bid"": ""+37950"", ""buy_4th_pre_req"": ""158"", ""buy_4th_pre_req_pre"": ""0"", ""buy_5th_pre_bid"": ""+37900"", ""buy_5th_pre_req"": ""516"", ""buy_5th_pre_req_pre"": ""0"", ""buy_6th_pre_bid"": ""+37850"", ""buy_6th_pre_req"": ""84"", ""buy_6th_pre_req_pre"": ""0"", ""buy_7th_pre_bid"": ""+37800"", ""buy_7th_pre_req"": ""54"", ""buy_7th_pre_req_pre"": ""0"", ""buy_8th_pre_bid"": ""+37750"", ""buy_8th_pre_req"": ""11"", ""buy_8th_pre_req_pre"": ""0"", ""buy_9th_pre_bid"": ""+37650"", ""buy_9th_pre_req"": ""1"", ""buy_9th_pre_req_pre"": ""0"", ""buy_10th_pre_bid"": ""+37600"", ""buy_10th_pre_req"": ""6"", ""buy_10th_pre_req_pre"": ""0"", ""tot_sel_req_jub_pre"": ""+23"", ""tot_sel_req"": ""10667"", ""tot_buy_req"": ""1361"", ""tot_buy_req_jub_pre"": ""0"", ""ovt_sel_req_pre"": ""0"", ""ovt_sel_req"": ""0"", ""ovt_buy_req"": ""0"", ""ovt_buy_req_pre"": ""0"", ""return_code"": 0, ""return_msg"": ""정상적으로 처리되었습니다""}"
2026-06-10,scan_candidate,036460,,0,main_scan,34350,,34350,34300,34350,34400,0.0,0.1455604075691412,,,,,,"{""bid_req_base_tm"": ""095639"", ""sel_10th_pre_req_pre"": ""0"", ""sel_10th_pre_req"": ""13"", ""sel_10th_pre_bid"": ""+34800"", ""sel_9th_pre_req_pre"": ""0"", ""sel_9th_pre_req"": ""61"", ""sel_9th_pre_bid"": ""+34750"", ""sel_8th_pre_req_pre"": ""0"", ""sel_8th_pre_req"": ""196"", ""sel_8th_pre_bid"": ""+34700"", ""sel_7th_pre_req_pre"": ""0"", ""sel_7th_pre_req"": ""271"", ""sel_7th_pre_bid"": ""+34650"", ""sel_6th_pre_req_pre"": ""0"", ""sel_6th_pre_req"": ""629"", ""sel_6th_pre_bid"": ""+34600"", ""sel_5th_pre_req_pre"": ""0"", ""sel_5th_pre_req"": ""219"", ""sel_5th_pre_bid"": ""+34550"", ""sel_4th_pre_req_pre"": ""0"", ""sel_4th_pre_req"": ""692"", ""sel_4th_pre_bid"": ""+34500"", ""sel_3th_pre_req_pre"": ""0"", ""sel_3th_pre_req"": ""461"", ""sel_3th_pre_bid"": ""+34450"", ""sel_2th_pre_req_pre"": ""0"", ""sel_2th_pre_req"": ""151"", ""sel_2th_pre_bid"": ""+34400"", ""sel_1th_pre_req_pre"": ""0"", ""sel_fpr_req"": ""269"", ""sel_fpr_bid"": ""+34350"", ""buy_fpr_bid"": ""+34300"", ""buy_fpr_req"": ""14"", ""buy_1th_pre_req_pre"": ""--7"", ""buy_2th_pre_bid"": ""+34250"", ""buy_2th_pre_req"": ""219"", ""buy_2th_pre_req_pre"": ""0"", ""buy_3th_pre_bid"": ""+34200"", ""buy_3th_pre_req"": ""618"", ""buy_3th_pre_req_pre"": ""0"", ""buy_4th_pre_bid"": ""+34150"", ""buy_4th_pre_req"": ""404"", ""buy_4th_pre_req_pre"": ""0"", ""buy_5th_pre_bid"": ""+34100"", ""buy_5th_pre_req"": ""400"", ""buy_5th_pre_req_pre"": ""0"", ""buy_6th_pre_bid"": ""+34050"", ""buy_6th_pre_req"": ""1144"", ""buy_6th_pre_req_pre"": ""0"", ""buy_7th_pre_bid"": ""34000"", ""buy_7th_pre_req"": ""3016"", ""buy_7th_pre_req_pre"": ""0"", ""buy_8th_pre_bid"": ""-33950"", ""buy_8th_pre_req"": ""854"", ""buy_8th_pre_req_pre"": ""0"", ""buy_9th_pre_bid"": ""-33900"", ""buy_9th_pre_req"": ""840"", ""buy_9th_pre_req_pre"": ""0"", ""buy_10th_pre_bid"": ""-33850"", ""buy_10th_pre_req"": ""263"", ""buy_10th_pre_req_pre"": ""0"", ""tot_sel_req_jub_pre"": ""0"", ""tot_sel_req"": ""2962"", ""tot_buy_req"": ""7772"", ""tot_buy_req_jub_pre"": ""--7"", ""ovt_sel_req_pre"": ""0"", ""ovt_sel_req"": ""0"", ""ovt_buy_req"": ""0"", ""ovt_buy_req_pre"": ""0"", ""return_code"": 0, ""return_msg"": ""정상적으로 처리되었습니다""}"
2026-06-10,scan_candidate,007810,,0,main_scan,119700,,119700,119300,119700,119500,-0.5847953216374269,0.3341687552213868,,,,,,"{""bid_req_base_tm"": ""095639"", ""sel_10th_pre_req_pre"": ""0"", ""sel_10th_pre_req"": ""37"", ""sel_10th_pre_bid"": ""+120600"", ""sel_9th_pre_req_pre"": ""0"", ""sel_9th_pre_req"": ""3"", ""sel_9th_pre_bid"": ""+120500"", ""sel_8th_pre_req_pre"": ""0"", ""sel_8th_pre_req"": ""8"", ""sel_8th_pre_bid"": ""+120400"", ""sel_7th_pre_req_pre"": ""0"", ""sel_7th_pre_req"": ""10"", ""sel_7th_pre_bid"": ""120300"", ""sel_6th_pre_req_pre"": ""0"", ""sel_6th_pre_req"": ""20"", ""sel_6th_pre_bid"": ""-120200"", ""sel_5th_pre_req_pre"": ""0"", ""sel_5th_pre_req"": ""133"", ""sel_5th_pre_bid"": ""-120100"", ""sel_4th_pre_req_pre"": ""0"", ""sel_4th_pre_req"": ""45"", ""sel_4th_pre_bid"": ""-120000"", ""sel_3th_pre_req_pre"": ""0"", ""sel_3th_pre_req"": ""21"", ""sel_3th_pre_bid"": ""-119900"", ""sel_2th_pre_req_pre"": ""0"", ""sel_2th_pre_req"": ""20"", ""sel_2th_pre_bid"": ""-119800"", ""sel_1th_pre_req_pre"": ""0"", ""sel_fpr_req"": ""36"", ""sel_fpr_bid"": ""-119700"", ""buy_fpr_bid"": ""-119300"", ""buy_fpr_req"": ""27"", ""buy_1th_pre_req_pre"": ""0"", ""buy_2th_pre_bid"": ""-119200"", ""buy_2th_pre_req"": ""324"", ""buy_2th_pre_req_pre"": ""0"", ""buy_3th_pre_bid"": ""-119100"", ""buy_3th_pre_req"": ""68"", ""buy_3th_pre_req_pre"": ""0"", ""buy_4th_pre_bid"": ""-119000"", ""buy_4th_pre_req"": ""173"", ""buy_4th_pre_req_pre"": ""0"", ""buy_5th_pre_bid"": ""-118900"", ""buy_5th_pre_req"": ""62"", ""buy_5th_pre_req_pre"": ""0"", ""buy_6th_pre_bid"": ""-118800"", ""buy_6th_pre_req"": ""138"", ""buy_6th_pre_req_pre"": ""0"", ""buy_7th_pre_bid"": ""-118700"", ""buy_7th_pre_req"": ""44"", ""buy_7th_pre_req_pre"": ""0"", ""buy_8th_pre_bid"": ""-118600"", ""buy_8th_pre_req"": ""96"", ""buy_8th_pre_req_pre"": ""0"", ""buy_9th_pre_bid"": ""-118500"", ""buy_9th_pre_req"": ""170"", ""buy_9th_pre_req_pre"": ""0"", ""buy_10th_pre_bid"": ""-118400"", ""buy_10th_pre_req"": ""35"", ""buy_10th_pre_req_pre"": ""0"", ""tot_sel_req_jub_pre"": ""0"", ""tot_sel_req"": ""333"", ""tot_buy_req"": ""1137"", ""tot_buy_req_jub_pre"": ""0"", ""ovt_sel_req_pre"": ""0"", ""ovt_sel_req"": ""0"", ""ovt_buy_req"": ""0"", ""ovt_buy_req_pre"": ""0"", ""return_code"": 0, ""return_msg"": ""정상적으로 처리되었습니다""}"
2026-06-10,scan_candidate,001740,,0,main_scan,13630,,13630,13620,13630,13650,-0.22010271460014674,0.07336757153338225,,,,,,"{""bid_req_base_tm"": ""095640"", ""sel_10th_pre_req_pre"": ""0"", ""sel_10th_pre_req"": ""104"", ""sel_10th_pre_bid"": ""-13720"", ""sel_9th_pre_req_pre"": ""0"", ""sel_9th_pre_req"": ""745"", ""sel_9th_pre_bid"": ""-13710"", ""sel_8th_pre_req_pre"": ""0"", ""sel_8th_pre_req"": ""956"", ""sel_8th_pre_bid"": ""-13700"", ""sel_7th_pre_req_pre"": ""0"", ""sel_7th_pre_req"": ""389"", ""sel_7th_pre_bid"": ""-13690"", ""sel_6th_pre_req_pre"": ""0"", ""sel_6th_pre_req"": ""502"", ""sel_6th_pre_bid"": ""-13680"", ""sel_5th_pre_req_pre"": ""0"", ""sel_5th_pre_req"": ""80"", ""sel_5th_pre_bid"": ""-13670"", ""sel_4th_pre_req_pre"": ""0"", ""sel_4th_pre_req"": ""1095"", ""sel_4th_pre_bid"": ""-13660"", ""sel_3th_pre_req_pre"": ""0"", ""sel_3th_pre_req"": ""269"", ""sel_3th_pre_bid"": ""-13650"", ""sel_2th_pre_req_pre"": ""0"", ""sel_2th_pre_req"": ""868"", ""sel_2th_pre_bid"": ""-13640"", ""sel_1th_pre_req_pre"": ""+397"", ""sel_fpr_req"": ""1135"", ""sel_fpr_bid"": ""-13630"", ""buy_fpr_bid"": ""-13620"", ""buy_fpr_req"": ""1"", ""buy_1th_pre_req_pre"": ""0"", ""buy_2th_pre_bid"": ""-13610"", ""buy_2th_pre_req"": ""2111"", ""buy_2th_pre_req_pre"": ""+5"", ""buy_3th_pre_bid"": ""-13600"", ""buy_3th_pre_req"": ""2561"", ""buy_3th_pre_req_pre"": ""--131"", ""buy_4th_pre_bid"": ""-13590"", ""buy_4th_pre_req"": ""2307"", ""buy_4th_pre_req_pre"": ""0"", ""buy_5th_pre_bid"": ""-13580"", ""buy_5th_pre_req"": ""4472"", ""buy_5th_pre_req_pre"": ""0"", ""buy_6th_pre_bid"": ""-13570"", ""buy_6th_pre_req"": ""5988"", ""buy_6th_pre_req_pre"": ""0"", ""buy_7th_pre_bid"": ""-13560"", ""buy_7th_pre_req"": ""1248"", ""buy_7th_pre_req_pre"": ""0"", ""buy_8th_pre_bid"": ""-13550"", ""buy_8th_pre_req"": ""12956"", ""buy_8th_pre_req_pre"": ""0"", ""buy_9th_pre_bid"": ""-13540"", ""buy_9th_pre_req"": ""9319"", ""buy_9th_pre_req_pre"": ""0"", ""buy_10th_pre_bid"": ""-13530"", ""buy_10th_pre_req"": ""5937"", ""buy_10th_pre_req_pre"": ""0"", ""tot_sel_req_jub_pre"": ""+397"", ""tot_sel_req"": ""6143"", ""tot_buy_req"": ""46900"", ""tot_buy_req_jub_pre"": ""--10221"", ""ovt_sel_req_pre"": ""0"", ""ovt_sel_req"": ""0"", ""ovt_buy_req"": ""0"", ""ovt_buy_req_pre"": ""0"", ""return_code"": 0, ""return_msg"": ""정상적으로 처리되었습니다""}"
2026-06-10,scan_candidate,383220,,0,main_scan,75700,,75700,75500,75700,75900,0.13210039630118892,0.26420079260237783,,,,,,"{""bid_req_base_tm"": ""095640"", ""sel_10th_pre_req_pre"": ""0"", ""sel_10th_pre_req"": ""10"", ""sel_10th_pre_bid"": ""+77100"", ""sel_9th_pre_req_pre"": ""0"", ""sel_9th_pre_req"": ""2"", ""sel_9th_pre_bid"": ""+77000"", ""sel_8th_pre_req_pre"": ""0"", ""sel_8th_pre_req"": ""105"", ""sel_8th_pre_bid"": ""+76900"", ""sel_7th_pre_req_pre"": ""0"", ""sel_7th_pre_req"": ""20"", ""sel_7th_pre_bid"": ""+76800"", ""sel_6th_pre_req_pre"": ""0"", ""sel_6th_pre_req"": ""1"", ""sel_6th_pre_bid"": ""+76700"", ""sel_5th_pre_req_pre"": ""0"", ""sel_5th_pre_req"": ""7"", ""sel_5th_pre_bid"": ""+76500"", ""sel_4th_pre_req_pre"": ""0"", ""sel_4th_pre_req"": ""1"", ""sel_4th_pre_bid"": ""+76400"", ""sel_3th_pre_req_pre"": ""0"", ""sel_3th_pre_req"": ""29"", ""sel_3th_pre_bid"": ""+76000"", ""sel_2th_pre_req_pre"": ""0"", ""sel_2th_pre_req"": ""22"", ""sel_2th_pre_bid"": ""+75800"", ""sel_1th_pre_req_pre"": ""0"", ""sel_fpr_req"": ""47"", ""sel_fpr_bid"": ""+75700"", ""buy_fpr_bid"": ""+75500"", ""buy_fpr_req"": ""28"", ""buy_1th_pre_req_pre"": ""0"", ""buy_2th_pre_bid"": ""+75400"", ""buy_2th_pre_req"": ""43"", ""buy_2th_pre_req_pre"": ""0"", ""buy_3th_pre_bid"": ""+75300"", ""buy_3th_pre_req"": ""9"", ""buy_3th_pre_req_pre"": ""0"", ""buy_4th_pre_bid"": ""+75200"", ""buy_4th_pre_req"": ""5"", ""buy_4th_pre_req_pre"": ""0"", ""buy_5th_pre_bid"": ""+75100"", ""buy_5th_pre_req"": ""123"", ""buy_5th_pre_req_pre"": ""0"", ""buy_6th_pre_bid"": ""+75000"", ""buy_6th_pre_req"": ""5"", ""buy_6th_pre_req_pre"": ""0"", ""buy_7th_pre_bid"": ""+74900"", ""buy_7th_pre_req"": ""10"", ""buy_7th_pre_req_pre"": ""0"", ""buy_8th_pre_bid"": ""+74800"", ""buy_8th_pre_req"": ""9"", ""buy_8th_pre_req_pre"": ""0"", ""buy_9th_pre_bid"": ""+74700"", ""buy_9th_pre_req"": ""15"", ""buy_9th_pre_req_pre"": ""0"", ""buy_10th_pre_bid"": ""74600"", ""buy_10th_pre_req"": ""65"", ""buy_10th_pre_req_pre"": ""0"", ""tot_sel_req_jub_pre"": ""0"", ""tot_sel_req"": ""244"", ""tot_buy_req"": ""312"", ""tot_buy_req_jub_pre"": ""+59"", ""ovt_sel_req_pre"": ""0"", ""ovt_sel_req"": ""0"", ""ovt_buy_req"": ""0"", ""ovt_buy_req_pre"": ""0"", ""return_code"": 0, ""return_msg"": ""정상적으로 처리되었습니다""}"
2026-06-10,scan_candidate,014680,,0,main_scan,259500,,259500,259000,259500,261000,0.3853564547206166,0.1926782273603083,,,,,,"{""bid_req_base_tm"": ""095639"", ""sel_10th_pre_req_pre"": ""0"", ""sel_10th_pre_req"": ""107"", ""sel_10th_pre_bid"": ""+264000"", ""sel_9th_pre_req_pre"": ""0"", ""sel_9th_pre_req"": ""13"", ""sel_9th_pre_bid"": ""+263500"", ""sel_8th_pre_req_pre"": ""0"", ""sel_8th_pre_req"": ""11"", ""sel_8th_pre_bid"": ""+263000"", ""sel_7th_pre_req_pre"": ""0"", ""sel_7th_pre_req"": ""12"", ""sel_7th_pre_bid"": ""+262500"", ""sel_6th_pre_req_pre"": ""0"", ""sel_6th_pre_req"": ""8"", ""sel_6th_pre_bid"": ""+262000"", ""sel_5th_pre_req_pre"": ""0"", ""sel_5th_pre_req"": ""1"", ""sel_5th_pre_bid"": ""+261500"", ""sel_4th_pre_req_pre"": ""0"", ""sel_4th_pre_req"": ""5"", ""sel_4th_pre_bid"": ""+261000"", ""sel_3th_pre_req_pre"": ""--7"", ""sel_3th_pre_req"": ""66"", ""sel_3th_pre_bid"": ""+260500"", ""sel_2th_pre_req_pre"": ""0"", ""sel_2th_pre_req"": ""53"", ""sel_2th_pre_bid"": ""+260000"", ""sel_1th_pre_req_pre"": ""0"", ""sel_fpr_req"": ""57"", ""sel_fpr_bid"": ""+259500"", ""buy_fpr_bid"": ""+259000"", ""buy_fpr_req"": ""163"", ""buy_1th_pre_req_pre"": ""0"", ""buy_2th_pre_bid"": ""+258500"", ""buy_2th_pre_req"": ""170"", ""buy_2th_pre_req_pre"": ""+19"", ""buy_3th_pre_bid"": ""+258000"", ""buy_3th_pre_req"": ""124"", ""buy_3th_pre_req_pre"": ""0"", ""buy_4th_pre_bid"": ""+257500"", ""buy_4th_pre_req"": ""132"", ""buy_4th_pre_req_pre"": ""0"", ""buy_5th_pre_bid"": ""+257000"", ""buy_5th_pre_req"": ""138"", ""buy_5th_pre_req_pre"": ""0"", ""buy_6th_pre_bid"": ""+256500"", ""buy_6th_pre_req"": ""3"", ""buy_6th_pre_req_pre"": ""0"", ""buy_7th_pre_bid"": ""+256000"", ""buy_7th_pre_req"": ""2"", ""buy_7th_pre_req_pre"": ""0"", ""buy_8th_pre_bid"": ""+255500"", ""buy_8th_pre_req"": ""68"", ""buy_8th_pre_req_pre"": ""0"", ""buy_9th_pre_bid"": ""+255000"", ""buy_9th_pre_req"": ""2"", ""buy_9th_pre_req_pre"": ""0"", ""buy_10th_pre_bid"": ""+254500"", ""buy_10th_pre_req"": ""23"", ""buy_10th_pre_req_pre"": ""0"", ""tot_sel_req_jub_pre"": ""--7"", ""tot_sel_req"": ""333"", ""tot_buy_req"": ""825"", ""tot_buy_req_jub_pre"": ""+19"", ""ovt_sel_req_pre"": ""0"", ""ovt_sel_req"": ""0"", ""ovt_buy_req"": ""0"", ""ovt_buy_req_pre"": ""0"", ""return_code"": 0, ""return_msg"": ""정상적으로 처리되었습니다""}"
2026-06-10,scan_candidate,028670,,0,main_scan,5080,,5080,5070,5080,5100,0.19685039370078738,0.19685039370078738,,,,,,"{""bid_req_base_tm"": ""095640"", ""sel_10th_pre_req_pre"": ""0"", ""sel_10th_pre_req"": ""2012"", ""sel_10th_pre_bid"": ""-5170"", ""sel_9th_pre_req_pre"": ""0"", ""sel_9th_pre_req"": ""802"", ""sel_9th_pre_bid"": ""-5160"", ""sel_8th_pre_req_pre"": ""0"", ""sel_8th_pre_req"": ""200"", ""sel_8th_pre_bid"": ""-5150"", ""sel_7th_pre_req_pre"": ""0"", ""sel_7th_pre_req"": ""330"", ""sel_7th_pre_bid"": ""-5140"", ""sel_6th_pre_req_pre"": ""0"", ""sel_6th_pre_req"": ""159"", ""sel_6th_pre_bid"": ""-5130"", ""sel_5th_pre_req_pre"": ""0"", ""sel_5th_pre_req"": ""308"", ""sel_5th_pre_bid"": ""-5120"", ""sel_4th_pre_req_pre"": ""0"", ""sel_4th_pre_req"": ""1020"", ""sel_4th_pre_bid"": ""-5110"", ""sel_3th_pre_req_pre"": ""0"", ""sel_3th_pre_req"": ""1730"", ""sel_3th_pre_bid"": ""-5100"", ""sel_2th_pre_req_pre"": ""0"", ""sel_2th_pre_req"": ""1077"", ""sel_2th_pre_bid"": ""-5090"", ""sel_1th_pre_req_pre"": ""0"", ""sel_fpr_req"": ""4188"", ""sel_fpr_bid"": ""-5080"", ""buy_fpr_bid"": ""-5070"", ""buy_fpr_req"": ""263"", ""buy_1th_pre_req_pre"": ""0"", ""buy_2th_pre_bid"": ""-5050"", ""buy_2th_pre_req"": ""4767"", ""buy_2th_pre_req_pre"": ""--37"", ""buy_3th_pre_bid"": ""-5040"", ""buy_3th_pre_req"": ""6724"", ""buy_3th_pre_req_pre"": ""0"", ""buy_4th_pre_bid"": ""-5030"", ""buy_4th_pre_req"": ""3465"", ""buy_4th_pre_req_pre"": ""0"", ""buy_5th_pre_bid"": ""-5020"", ""buy_5th_pre_req"": ""8334"", ""buy_5th_pre_req_pre"": ""0"", ""buy_6th_pre_bid"": ""-5010"", ""buy_6th_pre_req"": ""2589"", ""buy_6th_pre_req_pre"": ""0"", ""buy_7th_pre_bid"": ""-5000"", ""buy_7th_pre_req"": ""11655"", ""buy_7th_pre_req_pre"": ""0"", ""buy_8th_pre_bid"": ""-4995"", ""buy_8th_pre_req"": ""1815"", ""buy_8th_pre_req_pre"": ""0"", ""buy_9th_pre_bid"": ""-4990"", ""buy_9th_pre_req"": ""1215"", ""buy_9th_pre_req_pre"": ""0"", ""buy_10th_pre_bid"": ""-4985"", ""buy_10th_pre_req"": ""1065"", ""buy_10th_pre_req_pre"": ""0"", ""tot_sel_req_jub_pre"": ""0"", ""tot_sel_req"": ""11826"", ""tot_buy_req"": ""41892"", ""tot_buy_req_jub_pre"": ""--37"", ""ovt_sel_req_pre"": ""0"", ""ovt_sel_req"": ""0"", ""ovt_buy_req"": ""0"", ""ovt_buy_req_pre"": ""0"", ""return_code"": 0, ""return_msg"": ""정상적으로 처리되었습니다""}"
2026-06-10,scan_candidate,009420,,0,main_scan,50300,,50300,50100,50300,50500,0.19880715705765406,0.3976143141153081,,,,,,"{""bid_req_base_tm"": ""095640"", ""sel_10th_pre_req_pre"": ""0"", ""sel_10th_pre_req"": ""430"", ""sel_10th_pre_bid"": ""-51300"", ""sel_9th_pre_req_pre"": ""0"", ""sel_9th_pre_req"": ""13"", ""sel_9th_pre_bid"": ""-51200"", ""sel_8th_pre_req_pre"": ""0"", ""sel_8th_pre_req"": ""100"", ""sel_8th_pre_bid"": ""-51000"", ""sel_7th_pre_req_pre"": ""0"", ""sel_7th_pre_req"": ""54"", ""sel_7th_pre_bid"": ""-50900"", ""sel_6th_pre_req_pre"": ""0"", ""sel_6th_pre_req"": ""162"", ""sel_6th_pre_bid"": ""-50800"", ""sel_5th_pre_req_pre"": ""0"", ""sel_5th_pre_req"": ""5"", ""sel_5th_pre_bid"": ""-50700"", ""sel_4th_pre_req_pre"": ""0"", ""sel_4th_pre_req"": ""14"", ""sel_4th_pre_bid"": ""-50600"", ""sel_3th_pre_req_pre"": ""0"", ""sel_3th_pre_req"": ""514"", ""sel_3th_pre_bid"": ""-50500"", ""sel_2th_pre_req_pre"": ""0"", ""sel_2th_pre_req"": ""38"", ""sel_2th_pre_bid"": ""-50400"", ""sel_1th_pre_req_pre"": ""0"", ""sel_fpr_req"": ""46"", ""sel_fpr_bid"": ""-50300"", ""buy_fpr_bid"": ""-50100"", ""buy_fpr_req"": ""40"", ""buy_1th_pre_req_pre"": ""0"", ""buy_2th_pre_bid"": ""-50000"", ""buy_2th_pre_req"": ""90"", ""buy_2th_pre_req_pre"": ""0"", ""buy_3th_pre_bid"": ""-49950"", ""buy_3th_pre_req"": ""288"", ""buy_3th_pre_req_pre"": ""0"", ""buy_4th_pre_bid"": ""-49900"", ""buy_4th_pre_req"": ""157"", ""buy_4th_pre_req_pre"": ""0"", ""buy_5th_pre_bid"": ""-49850"", ""buy_5th_pre_req"": ""220"", ""buy_5th_pre_req_pre"": ""0"", ""buy_6th_pre_bid"": ""-49800"", ""buy_6th_pre_req"": ""394"", ""buy_6th_pre_req_pre"": ""0"", ""buy_7th_pre_bid"": ""-49750"", ""buy_7th_pre_req"": ""156"", ""buy_7th_pre_req_pre"": ""0"", ""buy_8th_pre_bid"": ""-49700"", ""buy_8th_pre_req"": ""1069"", ""buy_8th_pre_req_pre"": ""0"", ""buy_9th_pre_bid"": ""-49650"", ""buy_9th_pre_req"": ""252"", ""buy_9th_pre_req_pre"": ""0"", ""buy_10th_pre_bid"": ""-49600"", ""buy_10th_pre_req"": ""754"", ""buy_10th_pre_req_pre"": ""0"", ""tot_sel_req_jub_pre"": ""0"", ""tot_sel_req"": ""1376"", ""tot_buy_req"": ""3420"", ""tot_buy_req_jub_pre"": ""0"", ""ovt_sel_req_pre"": ""0"", ""ovt_sel_req"": ""0"", ""ovt_buy_req"": ""0"", ""ovt_buy_req_pre"": ""0"", ""return_code"": 0, ""return_msg"": ""정상적으로 처리되었습니다""}"
2026-06-10,scan_candidate,004990,,0,main_scan,25500,,25500,25450,25500,25650,0.39215686274509803,0.19607843137254902,,,,,,"{""bid_req_base_tm"": ""095641"", ""sel_10th_pre_req_pre"": ""0"", ""sel_10th_pre_req"": ""61"", ""sel_10th_pre_bid"": ""-26050"", ""sel_9th_pre_req_pre"": ""0"", ""sel_9th_pre_req"": ""253"", ""sel_9th_pre_bid"": ""-26000"", ""sel_8th_pre_req_pre"": ""0"", ""sel_8th_pre_req"": ""6"", ""sel_8th_pre_bid"": ""-25950"", ""sel_7th_pre_req_pre"": ""0"", ""sel_7th_pre_req"": ""250"", ""sel_7th_pre_bid"": ""-25900"", ""sel_6th_pre_req_pre"": ""0"", ""sel_6th_pre_req"": ""770"", ""sel_6th_pre_bid"": ""-25750"", ""sel_5th_pre_req_pre"": ""0"", ""sel_5th_pre_req"": ""146"", ""sel_5th_pre_bid"": ""-25700"", ""sel_4th_pre_req_pre"": ""0"", ""sel_4th_pre_req"": ""10"", ""sel_4th_pre_bid"": ""-25650"", ""sel_3th_pre_req_pre"": ""0"", ""sel_3th_pre_req"": ""78"", ""sel_3th_pre_bid"": ""-25600"", ""sel_2th_pre_req_pre"": ""0"", ""sel_2th_pre_req"": ""134"", ""sel_2th_pre_bid"": ""-25550"", ""sel_1th_pre_req_pre"": ""0"", ""sel_fpr_req"": ""493"", ""sel_fpr_bid"": ""-25500"", ""buy_fpr_bid"": ""-25450"", ""buy_fpr_req"": ""194"", ""buy_1th_pre_req_pre"": ""--2"", ""buy_2th_pre_bid"": ""-25400"", ""buy_2th_pre_req"": ""733"", ""buy_2th_pre_req_pre"": ""0"", ""buy_3th_pre_bid"": ""-25350"", ""buy_3th_pre_req"": ""307"", ""buy_3th_pre_req_pre"": ""0"", ""buy_4th_pre_bid"": ""-25300"", ""buy_4th_pre_req"": ""502"", ""buy_4th_pre_req_pre"": ""0"", ""buy_5th_pre_bid"": ""-25250"", ""buy_5th_pre_req"": ""683"", ""buy_5th_pre_req_pre"": ""0"", ""buy_6th_pre_bid"": ""-25200"", ""buy_6th_pre_req"": ""402"", ""buy_6th_pre_req_pre"": ""0"", ""buy_7th_pre_bid"": ""-25150"", ""buy_7th_pre_req"": ""1573"", ""buy_7th_pre_req_pre"": ""0"", ""buy_8th_pre_bid"": ""-25100"", ""buy_8th_pre_req"": ""1520"", ""buy_8th_pre_req_pre"": ""0"", ""buy_9th_pre_bid"": ""-25050"", ""buy_9th_pre_req"": ""1680"", ""buy_9th_pre_req_pre"": ""0"", ""buy_10th_pre_bid"": ""-25000"", ""buy_10th_pre_req"": ""760"", ""buy_10th_pre_req_pre"": ""0"", ""tot_sel_req_jub_pre"": ""0"", ""tot_sel_req"": ""2201"", ""tot_buy_req"": ""8354"", ""tot_buy_req_jub_pre"": ""--2"", ""ovt_sel_req_pre"": ""0"", ""ovt_sel_req"": ""0"", ""ovt_buy_req"": ""0"", ""ovt_buy_req_pre"": ""0"", ""return_code"": 0, ""return_msg"": ""정상적으로 처리되었습니다""}"
2026-06-10,scan_candidate,483650,,0,main_scan,205000,,205000,204500,205000,203000,-1.2195121951219512,0.24390243902439024,,,,,,"{""bid_req_base_tm"": ""095640"", ""sel_10th_pre_req_pre"": ""0"", ""sel_10th_pre_req"": ""999"", ""sel_10th_pre_bid"": ""+209500"", ""sel_9th_pre_req_pre"": ""0"", ""sel_9th_pre_req"": ""624"", ""sel_9th_pre_bid"": ""+209000"", ""sel_8th_pre_req_pre"": ""0"", ""sel_8th_pre_req"": ""232"", ""sel_8th_pre_bid"": ""+208500"", ""sel_7th_pre_req_pre"": ""0"", ""sel_7th_pre_req"": ""482"", ""sel_7th_pre_bid"": ""+208000"", ""sel_6th_pre_req_pre"": ""0"", ""sel_6th_pre_req"": ""380"", ""sel_6th_pre_bid"": ""+207500"", ""sel_5th_pre_req_pre"": ""0"", ""sel_5th_pre_req"": ""917"", ""sel_5th_pre_bid"": ""+207000"", ""sel_4th_pre_req_pre"": ""0"", ""sel_4th_pre_req"": ""1634"", ""sel_4th_pre_bid"": ""+206500"", ""sel_3th_pre_req_pre"": ""0"", ""sel_3th_pre_req"": ""1391"", ""sel_3th_pre_bid"": ""+206000"", ""sel_2th_pre_req_pre"": ""0"", ""sel_2th_pre_req"": ""383"", ""sel_2th_pre_bid"": ""+205500"", ""sel_1th_pre_req_pre"": ""0"", ""sel_fpr_req"": ""234"", ""sel_fpr_bid"": ""+205000"", ""buy_fpr_bid"": ""+204500"", ""buy_fpr_req"": ""111"", ""buy_1th_pre_req_pre"": ""0"", ""buy_2th_pre_bid"": ""+204000"", ""buy_2th_pre_req"": ""51"", ""buy_2th_pre_req_pre"": ""0"", ""buy_3th_pre_bid"": ""+203500"", ""buy_3th_pre_req"": ""13"", ""buy_3th_pre_req_pre"": ""0"", ""buy_4th_pre_bid"": ""+203000"", ""buy_4th_pre_req"": ""54"", ""buy_4th_pre_req_pre"": ""0"", ""buy_5th_pre_bid"": ""+202500"", ""buy_5th_pre_req"": ""124"", ""buy_5th_pre_req_pre"": ""0"", ""buy_6th_pre_bid"": ""+202000"", ""buy_6th_pre_req"": ""206"", ""buy_6th_pre_req_pre"": ""0"", ""buy_7th_pre_bid"": ""+201500"", ""buy_7th_pre_req"": ""76"", ""buy_7th_pre_req_pre"": ""0"", ""buy_8th_pre_bid"": ""+201000"", ""buy_8th_pre_req"": ""261"", ""buy_8th_pre_req_pre"": ""0"", ""buy_9th_pre_bid"": ""+200500"", ""buy_9th_pre_req"": ""115"", ""buy_9th_pre_req_pre"": ""0"", ""buy_10th_pre_bid"": ""+200000"", ""buy_10th_pre_req"": ""403"", ""buy_10th_pre_req_pre"": ""0"", ""tot_sel_req_jub_pre"": ""0"", ""tot_sel_req"": ""7276"", ""tot_buy_req"": ""1414"", ""tot_buy_req_jub_pre"": ""0"", ""ovt_sel_req_pre"": ""0"", ""ovt_sel_req"": ""0"", ""ovt_buy_req"": ""0"", ""ovt_buy_req_pre"": ""0"", ""return_code"": 0, ""return_msg"": ""정상적으로 처리되었습니다""}"
2026-06-10,scan_candidate,003690,,0,main_scan,13300,,13300,13280,13300,13250,-0.7518796992481203,0.15037593984962408,,,,,,"{""bid_req_base_tm"": ""095633"", ""sel_10th_pre_req_pre"": ""0"", ""sel_10th_pre_req"": ""870"", ""sel_10th_pre_bid"": ""-13390"", ""sel_9th_pre_req_pre"": ""0"", ""sel_9th_pre_req"": ""856"", ""sel_9th_pre_bid"": ""-13380"", ""sel_8th_pre_req_pre"": ""0"", ""sel_8th_pre_req"": ""363"", ""sel_8th_pre_bid"": ""-13370"", ""sel_7th_pre_req_pre"": ""0"", ""sel_7th_pre_req"": ""270"", ""sel_7th_pre_bid"": ""-13360"", ""sel_6th_pre_req_pre"": ""0"", ""sel_6th_pre_req"": ""883"", ""sel_6th_pre_bid"": ""-13350"", ""sel_5th_pre_req_pre"": ""0"", ""sel_5th_pre_req"": ""481"", ""sel_5th_pre_bid"": ""-13340"", ""sel_4th_pre_req_pre"": ""0"", ""sel_4th_pre_req"": ""255"", ""sel_4th_pre_bid"": ""-13330"", ""sel_3th_pre_req_pre"": ""0"", ""sel_3th_pre_req"": ""285"", ""sel_3th_pre_bid"": ""-13320"", ""sel_2th_pre_req_pre"": ""0"", ""sel_2th_pre_req"": ""50"", ""sel_2th_pre_bid"": ""-13310"", ""sel_1th_pre_req_pre"": ""0"", ""sel_fpr_req"": ""747"", ""sel_fpr_bid"": ""-13300"", ""buy_fpr_bid"": ""-13280"", ""buy_fpr_req"": ""648"", ""buy_1th_pre_req_pre"": ""--30"", ""buy_2th_pre_bid"": ""-13250"", ""buy_2th_pre_req"": ""71"", ""buy_2th_pre_req_pre"": ""0"", ""buy_3th_pre_bid"": ""-13240"", ""buy_3th_pre_req"": ""68"", ""buy_3th_pre_req_pre"": ""0"", ""buy_4th_pre_bid"": ""-13230"", ""buy_4th_pre_req"": ""398"", ""buy_4th_pre_req_pre"": ""0"", ""buy_5th_pre_bid"": ""-13220"", ""buy_5th_pre_req"": ""29"", ""buy_5th_pre_req_pre"": ""0"", ""buy_6th_pre_bid"": ""-13210"", ""buy_6th_pre_req"": ""500"", ""buy_6th_pre_req_pre"": ""0"", ""buy_7th_pre_bid"": ""-13200"", ""buy_7th_pre_req"": ""606"", ""buy_7th_pre_req_pre"": ""0"", ""buy_8th_pre_bid"": ""-13190"", ""buy_8th_pre_req"": ""51"", ""buy_8th_pre_req_pre"": ""0"", ""buy_9th_pre_bid"": ""-13160"", ""buy_9th_pre_req"": ""130"", ""buy_9th_pre_req_pre"": ""0"", ""buy_10th_pre_bid"": ""-13150"", ""buy_10th_pre_req"": ""71"", ""buy_10th_pre_req_pre"": ""0"", ""tot_sel_req_jub_pre"": ""0"", ""tot_sel_req"": ""5060"", ""tot_buy_req"": ""2572"", ""tot_buy_req_jub_pre"": ""--30"", ""ovt_sel_req_pre"": ""0"", ""ovt_sel_req"": ""0"", ""ovt_buy_req"": ""0"", ""ovt_buy_req_pre"": ""0"", ""return_code"": 0, ""return_msg"": ""정상적으로 처리되었습니다""}"
2026-06-10,scan_candidate,279570,,0,main_scan,5980,,5980,5970,5980,5960,-0.5016722408026756,0.16722408026755853,,,,,,"{""bid_req_base_tm"": ""095641"", ""sel_10th_pre_req_pre"": ""0"", ""sel_10th_pre_req"": ""10149"", ""sel_10th_pre_bid"": ""+6070"", ""sel_9th_pre_req_pre"": ""0"", ""sel_9th_pre_req"": ""35249"", ""sel_9th_pre_bid"": ""+6060"", ""sel_8th_pre_req_pre"": ""0"", ""sel_8th_pre_req"": ""34812"", ""sel_8th_pre_bid"": ""+6050"", ""sel_7th_pre_req_pre"": ""0"", ""sel_7th_pre_req"": ""19134"", ""sel_7th_pre_bid"": ""+6040"", ""sel_6th_pre_req_pre"": ""0"", ""sel_6th_pre_req"": ""26547"", ""sel_6th_pre_bid"": ""+6030"", ""sel_5th_pre_req_pre"": ""0"", ""sel_5th_pre_req"": ""20098"", ""sel_5th_pre_bid"": ""+6020"", ""sel_4th_pre_req_pre"": ""0"", ""sel_4th_pre_req"": ""12037"", ""sel_4th_pre_bid"": ""+6010"", ""sel_3th_pre_req_pre"": ""0"", ""sel_3th_pre_req"": ""23860"", ""sel_3th_pre_bid"": ""+6000"", ""sel_2th_pre_req_pre"": ""0"", ""sel_2th_pre_req"": ""3687"", ""sel_2th_pre_bid"": ""+5990"", ""sel_1th_pre_req_pre"": ""0"", ""sel_fpr_req"": ""1534"", ""sel_fpr_bid"": ""+5980"", ""buy_fpr_bid"": ""+5970"", ""buy_fpr_req"": ""8967"", ""buy_1th_pre_req_pre"": ""+200"", ""buy_2th_pre_bid"": ""+5960"", ""buy_2th_pre_req"": ""39213"", ""buy_2th_pre_req_pre"": ""0"", ""buy_3th_pre_bid"": ""+5950"", ""buy_3th_pre_req"": ""33605"", ""buy_3th_pre_req_pre"": ""0"", ""buy_4th_pre_bid"": ""+5940"", ""buy_4th_pre_req"": ""4540"", ""buy_4th_pre_req_pre"": ""0"", ""buy_5th_pre_bid"": ""+5930"", ""buy_5th_pre_req"": ""4715"", ""buy_5th_pre_req_pre"": ""0"", ""buy_6th_pre_bid"": ""+5920"", ""buy_6th_pre_req"": ""7251"", ""buy_6th_pre_req_pre"": ""0"", ""buy_7th_pre_bid"": ""+5910"", ""buy_7th_pre_req"": ""11413"", ""buy_7th_pre_req_pre"": ""0"", ""buy_8th_pre_bid"": ""+5900"", ""buy_8th_pre_req"": ""10900"", ""buy_8th_pre_req_pre"": ""0"", ""buy_9th_pre_bid"": ""+5890"", ""buy_9th_pre_req"": ""3124"", ""buy_9th_pre_req_pre"": ""0"", ""buy_10th_pre_bid"": ""+5880"", ""buy_10th_pre_req"": ""2239"", ""buy_10th_pre_req_pre"": ""0"", ""tot_sel_req_jub_pre"": ""0"", ""tot_sel_req"": ""187107"", ""tot_buy_req"": ""125967"", ""tot_buy_req_jub_pre"": ""+200"", ""ovt_sel_req_pre"": ""0"", ""ovt_sel_req"": ""0"", ""ovt_buy_req"": ""0"", ""ovt_buy_req_pre"": ""0"", ""return_code"": 0, ""return_msg"": ""정상적으로 처리되었습니다""}"
2026-06-10,scan_candidate,008770,,0,main_scan,53900,,53900,53800,53900,54000,0.0,0.1855287569573284,,,,,,"{""bid_req_base_tm"": ""095641"", ""sel_10th_pre_req_pre"": ""0"", ""sel_10th_pre_req"": ""36"", ""sel_10th_pre_bid"": ""-54800"", ""sel_9th_pre_req_pre"": ""0"", ""sel_9th_pre_req"": ""15"", ""sel_9th_pre_bid"": ""-54700"", ""sel_8th_pre_req_pre"": ""0"", ""sel_8th_pre_req"": ""233"", ""sel_8th_pre_bid"": ""-54600"", ""sel_7th_pre_req_pre"": ""0"", ""sel_7th_pre_req"": ""27"", ""sel_7th_pre_bid"": ""-54500"", ""sel_6th_pre_req_pre"": ""0"", ""sel_6th_pre_req"": ""1"", ""sel_6th_pre_bid"": ""-54400"", ""sel_5th_pre_req_pre"": ""0"", ""sel_5th_pre_req"": ""4"", ""sel_5th_pre_bid"": ""-54300"", ""sel_4th_pre_req_pre"": ""0"", ""sel_4th_pre_req"": ""466"", ""sel_4th_pre_bid"": ""-54200"", ""sel_3th_pre_req_pre"": ""--139"", ""sel_3th_pre_req"": ""21"", ""sel_3th_pre_bid"": ""-54100"", ""sel_2th_pre_req_pre"": ""0"", ""sel_2th_pre_req"": ""82"", ""sel_2th_pre_bid"": ""-54000"", ""sel_1th_pre_req_pre"": ""0"", ""sel_fpr_req"": ""700"", ""sel_fpr_bid"": ""-53900"", ""buy_fpr_bid"": ""-53800"", ""buy_fpr_req"": ""107"", ""buy_1th_pre_req_pre"": ""0"", ""buy_2th_pre_bid"": ""-53700"", ""buy_2th_pre_req"": ""119"", ""buy_2th_pre_req_pre"": ""0"", ""buy_3th_pre_bid"": ""-53600"", ""buy_3th_pre_req"": ""210"", ""buy_3th_pre_req_pre"": ""0"", ""buy_4th_pre_bid"": ""-53500"", ""buy_4th_pre_req"": ""367"", ""buy_4th_pre_req_pre"": ""0"", ""buy_5th_pre_bid"": ""-53400"", ""buy_5th_pre_req"": ""290"", ""buy_5th_pre_req_pre"": ""0"", ""buy_6th_pre_bid"": ""-53300"", ""buy_6th_pre_req"": ""417"", ""buy_6th_pre_req_pre"": ""0"", ""buy_7th_pre_bid"": ""-53200"", ""buy_7th_pre_req"": ""2013"", ""buy_7th_pre_req_pre"": ""0"", ""buy_8th_pre_bid"": ""-53100"", ""buy_8th_pre_req"": ""343"", ""buy_8th_pre_req_pre"": ""0"", ""buy_9th_pre_bid"": ""-53000"", ""buy_9th_pre_req"": ""1024"", ""buy_9th_pre_req_pre"": ""0"", ""buy_10th_pre_bid"": ""-52900"", ""buy_10th_pre_req"": ""596"", ""buy_10th_pre_req_pre"": ""0"", ""tot_sel_req_jub_pre"": ""--139"", ""tot_sel_req"": ""1585"", ""tot_buy_req"": ""5486"", ""tot_buy_req_jub_pre"": ""0"", ""ovt_sel_req_pre"": ""0"", ""ovt_sel_req"": ""0"", ""ovt_buy_req"": ""0"", ""ovt_buy_req_pre"": ""0"", ""return_code"": 0, ""return_msg"": ""정상적으로 처리되었습니다""}"
2026-06-10,scan_candidate,081660,,0,main_scan,40150,,40150,40100,40150,40100,-0.24906600249066002,0.12453300124533001,,,,,,"{""bid_req_base_tm"": ""095642"", ""sel_10th_pre_req_pre"": ""0"", ""sel_10th_pre_req"": ""75"", ""sel_10th_pre_bid"": ""+40600"", ""sel_9th_pre_req_pre"": ""0"", ""sel_9th_pre_req"": ""126"", ""sel_9th_pre_bid"": ""+40550"", ""sel_8th_pre_req_pre"": ""0"", ""sel_8th_pre_req"": ""55"", ""sel_8th_pre_bid"": ""+40500"", ""sel_7th_pre_req_pre"": ""0"", ""sel_7th_pre_req"": ""20"", ""sel_7th_pre_bid"": ""+40450"", ""sel_6th_pre_req_pre"": ""0"", ""sel_6th_pre_req"": ""87"", ""sel_6th_pre_bid"": ""+40400"", ""sel_5th_pre_req_pre"": ""0"", ""sel_5th_pre_req"": ""18"", ""sel_5th_pre_bid"": ""+40350"", ""sel_4th_pre_req_pre"": ""0"", ""sel_4th_pre_req"": ""98"", ""sel_4th_pre_bid"": ""+40300"", ""sel_3th_pre_req_pre"": ""0"", ""sel_3th_pre_req"": ""57"", ""sel_3th_pre_bid"": ""+40250"", ""sel_2th_pre_req_pre"": ""0"", ""sel_2th_pre_req"": ""62"", ""sel_2th_pre_bid"": ""+40200"", ""sel_1th_pre_req_pre"": ""--1"", ""sel_fpr_req"": ""362"", ""sel_fpr_bid"": ""+40150"", ""buy_fpr_bid"": ""+40100"", ""buy_fpr_req"": ""183"", ""buy_1th_pre_req_pre"": ""0"", ""buy_2th_pre_bid"": ""+40050"", ""buy_2th_pre_req"": ""104"", ""buy_2th_pre_req_pre"": ""0"", ""buy_3th_pre_bid"": ""+40000"", ""buy_3th_pre_req"": ""105"", ""buy_3th_pre_req_pre"": ""0"", ""buy_4th_pre_bid"": ""+39950"", ""buy_4th_pre_req"": ""69"", ""buy_4th_pre_req_pre"": ""0"", ""buy_5th_pre_bid"": ""+39900"", ""buy_5th_pre_req"": ""70"", ""buy_5th_pre_req_pre"": ""0"", ""buy_6th_pre_bid"": ""+39850"", ""buy_6th_pre_req"": ""91"", ""buy_6th_pre_req_pre"": ""0"", ""buy_7th_pre_bid"": ""+39800"", ""buy_7th_pre_req"": ""40"", ""buy_7th_pre_req_pre"": ""0"", ""buy_8th_pre_bid"": ""+39750"", ""buy_8th_pre_req"": ""40"", ""buy_8th_pre_req_pre"": ""0"", ""buy_9th_pre_bid"": ""39700"", ""buy_9th_pre_req"": ""60"", ""buy_9th_pre_req_pre"": ""0"", ""buy_10th_pre_bid"": ""-39650"", ""buy_10th_pre_req"": ""30"", ""buy_10th_pre_req_pre"": ""0"", ""tot_sel_req_jub_pre"": ""--1"", ""tot_sel_req"": ""960"", ""tot_buy_req"": ""792"", ""tot_buy_req_jub_pre"": ""0"", ""ovt_sel_req_pre"": ""0"", ""ovt_sel_req"": ""0"", ""ovt_buy_req"": ""0"", ""ovt_buy_req_pre"": ""0"", ""return_code"": 0, ""return_msg"": ""정상적으로 처리되었습니다""}"
2026-06-10,scan_candidate,462870,,0,main_scan,30600,,30600,30550,30600,30750,0.32679738562091504,0.16339869281045752,,,,,,"{""bid_req_base_tm"": ""095641"", ""sel_10th_pre_req_pre"": ""0"", ""sel_10th_pre_req"": ""25"", ""sel_10th_pre_bid"": ""-31150"", ""sel_9th_pre_req_pre"": ""0"", ""sel_9th_pre_req"": ""80"", ""sel_9th_pre_bid"": ""-31100"", ""sel_8th_pre_req_pre"": ""0"", ""sel_8th_pre_req"": ""221"", ""sel_8th_pre_bid"": ""-31000"", ""sel_7th_pre_req_pre"": ""0"", ""sel_7th_pre_req"": ""21"", ""sel_7th_pre_bid"": ""-30950"", ""sel_6th_pre_req_pre"": ""0"", ""sel_6th_pre_req"": ""213"", ""sel_6th_pre_bid"": ""-30900"", ""sel_5th_pre_req_pre"": ""0"", ""sel_5th_pre_req"": ""39"", ""sel_5th_pre_bid"": ""-30850"", ""sel_4th_pre_req_pre"": ""0"", ""sel_4th_pre_req"": ""51"", ""sel_4th_pre_bid"": ""-30800"", ""sel_3th_pre_req_pre"": ""0"", ""sel_3th_pre_req"": ""9"", ""sel_3th_pre_bid"": ""-30750"", ""sel_2th_pre_req_pre"": ""0"", ""sel_2th_pre_req"": ""43"", ""sel_2th_pre_bid"": ""-30650"", ""sel_1th_pre_req_pre"": ""0"", ""sel_fpr_req"": ""139"", ""sel_fpr_bid"": ""-30600"", ""buy_fpr_bid"": ""-30550"", ""buy_fpr_req"": ""69"", ""buy_1th_pre_req_pre"": ""0"", ""buy_2th_pre_bid"": ""-30500"", ""buy_2th_pre_req"": ""424"", ""buy_2th_pre_req_pre"": ""0"", ""buy_3th_pre_bid"": ""-30450"", ""buy_3th_pre_req"": ""198"", ""buy_3th_pre_req_pre"": ""0"", ""buy_4th_pre_bid"": ""-30400"", ""buy_4th_pre_req"": ""262"", ""buy_4th_pre_req_pre"": ""0"", ""buy_5th_pre_bid"": ""-30350"", ""buy_5th_pre_req"": ""123"", ""buy_5th_pre_req_pre"": ""0"", ""buy_6th_pre_bid"": ""-30300"", ""buy_6th_pre_req"": ""240"", ""buy_6th_pre_req_pre"": ""0"", ""buy_7th_pre_bid"": ""-30250"", ""buy_7th_pre_req"": ""683"", ""buy_7th_pre_req_pre"": ""0"", ""buy_8th_pre_bid"": ""-30200"", ""buy_8th_pre_req"": ""1209"", ""buy_8th_pre_req_pre"": ""0"", ""buy_9th_pre_bid"": ""-30150"", ""buy_9th_pre_req"": ""363"", ""buy_9th_pre_req_pre"": ""+2"", ""buy_10th_pre_bid"": ""-30100"", ""buy_10th_pre_req"": ""652"", ""buy_10th_pre_req_pre"": ""0"", ""tot_sel_req_jub_pre"": ""0"", ""tot_sel_req"": ""841"", ""tot_buy_req"": ""4223"", ""tot_buy_req_jub_pre"": ""+2"", ""ovt_sel_req_pre"": ""0"", ""ovt_sel_req"": ""0"", ""ovt_buy_req"": ""0"", ""ovt_buy_req_pre"": ""0"", ""return_code"": 0, ""return_msg"": ""정상적으로 처리되었습니다""}"
2026-06-10,scan_candidate,120110,,0,main_scan,70000,,70000,69900,70000,69600,-0.7142857142857143,0.14285714285714285,,,,,,"{""bid_req_base_tm"": ""095641"", ""sel_10th_pre_req_pre"": ""0"", ""sel_10th_pre_req"": ""122"", ""sel_10th_pre_bid"": ""+70900"", ""sel_9th_pre_req_pre"": ""0"", ""sel_9th_pre_req"": ""65"", ""sel_9th_pre_bid"": ""+70800"", ""sel_8th_pre_req_pre"": ""0"", ""sel_8th_pre_req"": ""638"", ""sel_8th_pre_bid"": ""+70700"", ""sel_7th_pre_req_pre"": ""0"", ""sel_7th_pre_req"": ""474"", ""sel_7th_pre_bid"": ""+70600"", ""sel_6th_pre_req_pre"": ""0"", ""sel_6th_pre_req"": ""283"", ""sel_6th_pre_bid"": ""+70500"", ""sel_5th_pre_req_pre"": ""0"", ""sel_5th_pre_req"": ""28"", ""sel_5th_pre_bid"": ""+70400"", ""sel_4th_pre_req_pre"": ""0"", ""sel_4th_pre_req"": ""85"", ""sel_4th_pre_bid"": ""+70300"", ""sel_3th_pre_req_pre"": ""0"", ""sel_3th_pre_req"": ""159"", ""sel_3th_pre_bid"": ""+70200"", ""sel_2th_pre_req_pre"": ""0"", ""sel_2th_pre_req"": ""63"", ""sel_2th_pre_bid"": ""+70100"", ""sel_1th_pre_req_pre"": ""0"", ""sel_fpr_req"": ""173"", ""sel_fpr_bid"": ""+70000"", ""buy_fpr_bid"": ""+69900"", ""buy_fpr_req"": ""7"", ""buy_1th_pre_req_pre"": ""--3"", ""buy_2th_pre_bid"": ""+69800"", ""buy_2th_pre_req"": ""97"", ""buy_2th_pre_req_pre"": ""0"", ""buy_3th_pre_bid"": ""+69700"", ""buy_3th_pre_req"": ""419"", ""buy_3th_pre_req_pre"": ""0"", ""buy_4th_pre_bid"": ""+69600"", ""buy_4th_pre_req"": ""2"", ""buy_4th_pre_req_pre"": ""0"", ""buy_5th_pre_bid"": ""+69500"", ""buy_5th_pre_req"": ""145"", ""buy_5th_pre_req_pre"": ""0"", ""buy_6th_pre_bid"": ""+69400"", ""buy_6th_pre_req"": ""7"", ""buy_6th_pre_req_pre"": ""0"", ""buy_7th_pre_bid"": ""+69200"", ""buy_7th_pre_req"": ""55"", ""buy_7th_pre_req_pre"": ""0"", ""buy_8th_pre_bid"": ""+68900"", ""buy_8th_pre_req"": ""39"", ""buy_8th_pre_req_pre"": ""0"", ""buy_9th_pre_bid"": ""+68800"", ""buy_9th_pre_req"": ""2"", ""buy_9th_pre_req_pre"": ""0"", ""buy_10th_pre_bid"": ""+68700"", ""buy_10th_pre_req"": ""121"", ""buy_10th_pre_req_pre"": ""0"", ""tot_sel_req_jub_pre"": ""0"", ""tot_sel_req"": ""2090"", ""tot_buy_req"": ""894"", ""tot_buy_req_jub_pre"": ""--3"", ""ovt_sel_req_pre"": ""0"", ""ovt_sel_req"": ""0"", ""ovt_buy_req"": ""0"", ""ovt_buy_req_pre"": ""0"", ""return_code"": 0, ""return_msg"": ""정상적으로 처리되었습니다""}"
2026-06-10,scan_candidate,009155,,0,main_scan,604000,,604000,603000,604000,607000,0.33112582781456956,0.16556291390728478,,,,,,"{""bid_req_base_tm"": ""095641"", ""sel_10th_pre_req_pre"": ""0"", ""sel_10th_pre_req"": ""49"", ""sel_10th_pre_bid"": ""-613000"", ""sel_9th_pre_req_pre"": ""0"", ""sel_9th_pre_req"": ""13"", ""sel_9th_pre_bid"": ""-612000"", ""sel_8th_pre_req_pre"": ""0"", ""sel_8th_pre_req"": ""1"", ""sel_8th_pre_bid"": ""-611000"", ""sel_7th_pre_req_pre"": ""0"", ""sel_7th_pre_req"": ""37"", ""sel_7th_pre_bid"": ""-610000"", ""sel_6th_pre_req_pre"": ""0"", ""sel_6th_pre_req"": ""7"", ""sel_6th_pre_bid"": ""-609000"", ""sel_5th_pre_req_pre"": ""0"", ""sel_5th_pre_req"": ""35"", ""sel_5th_pre_bid"": ""-608000"", ""sel_4th_pre_req_pre"": ""0"", ""sel_4th_pre_req"": ""20"", ""sel_4th_pre_bid"": ""-607000"", ""sel_3th_pre_req_pre"": ""0"", ""sel_3th_pre_req"": ""12"", ""sel_3th_pre_bid"": ""-606000"", ""sel_2th_pre_req_pre"": ""0"", ""sel_2th_pre_req"": ""29"", ""sel_2th_pre_bid"": ""-605000"", ""sel_1th_pre_req_pre"": ""--1"", ""sel_fpr_req"": ""18"", ""sel_fpr_bid"": ""-604000"", ""buy_fpr_bid"": ""-603000"", ""buy_fpr_req"": ""75"", ""buy_1th_pre_req_pre"": ""0"", ""buy_2th_pre_bid"": ""-602000"", ""buy_2th_pre_req"": ""33"", ""buy_2th_pre_req_pre"": ""0"", ""buy_3th_pre_bid"": ""-601000"", ""buy_3th_pre_req"": ""127"", ""buy_3th_pre_req_pre"": ""0"", ""buy_4th_pre_bid"": ""-600000"", ""buy_4th_pre_req"": ""174"", ""buy_4th_pre_req_pre"": ""0"", ""buy_5th_pre_bid"": ""-599000"", ""buy_5th_pre_req"": ""151"", ""buy_5th_pre_req_pre"": ""0"", ""buy_6th_pre_bid"": ""-598000"", ""buy_6th_pre_req"": ""48"", ""buy_6th_pre_req_pre"": ""0"", ""buy_7th_pre_bid"": ""-597000"", ""buy_7th_pre_req"": ""99"", ""buy_7th_pre_req_pre"": ""0"", ""buy_8th_pre_bid"": ""-596000"", ""buy_8th_pre_req"": ""37"", ""buy_8th_pre_req_pre"": ""0"", ""buy_9th_pre_bid"": ""-595000"", ""buy_9th_pre_req"": ""236"", ""buy_9th_pre_req_pre"": ""0"", ""buy_10th_pre_bid"": ""-594000"", ""buy_10th_pre_req"": ""28"", ""buy_10th_pre_req_pre"": ""0"", ""tot_sel_req_jub_pre"": ""--1"", ""tot_sel_req"": ""221"", ""tot_buy_req"": ""1008"", ""tot_buy_req_jub_pre"": ""0"", ""ovt_sel_req_pre"": ""0"", ""ovt_sel_req"": ""0"", ""ovt_buy_req"": ""0"", ""ovt_buy_req_pre"": ""0"", ""return_code"": 0, ""return_msg"": ""정상적으로 처리되었습니다""}"
2026-06-10,scan_candidate,192080,,0,main_scan,72200,,72200,72100,72200,72500,0.2770083102493075,0.13850415512465375,,,,,,"{""bid_req_base_tm"": ""095642"", ""sel_10th_pre_req_pre"": ""0"", ""sel_10th_pre_req"": ""121"", ""sel_10th_pre_bid"": ""+73600"", ""sel_9th_pre_req_pre"": ""0"", ""sel_9th_pre_req"": ""43"", ""sel_9th_pre_bid"": ""+73500"", ""sel_8th_pre_req_pre"": ""0"", ""sel_8th_pre_req"": ""73"", ""sel_8th_pre_bid"": ""+73400"", ""sel_7th_pre_req_pre"": ""0"", ""sel_7th_pre_req"": ""10"", ""sel_7th_pre_bid"": ""+73300"", ""sel_6th_pre_req_pre"": ""0"", ""sel_6th_pre_req"": ""10"", ""sel_6th_pre_bid"": ""+73200"", ""sel_5th_pre_req_pre"": ""0"", ""sel_5th_pre_req"": ""50"", ""sel_5th_pre_bid"": ""+73000"", ""sel_4th_pre_req_pre"": ""0"", ""sel_4th_pre_req"": ""5"", ""sel_4th_pre_bid"": ""+72900"", ""sel_3th_pre_req_pre"": ""0"", ""sel_3th_pre_req"": ""1"", ""sel_3th_pre_bid"": ""+72600"", ""sel_2th_pre_req_pre"": ""+1"", ""sel_2th_pre_req"": ""17"", ""sel_2th_pre_bid"": ""+72300"", ""sel_1th_pre_req_pre"": ""0"", ""sel_fpr_req"": ""26"", ""sel_fpr_bid"": ""+72200"", ""buy_fpr_bid"": ""+72100"", ""buy_fpr_req"": ""36"", ""buy_1th_pre_req_pre"": ""0"", ""buy_2th_pre_bid"": ""72000"", ""buy_2th_pre_req"": ""61"", ""buy_2th_pre_req_pre"": ""0"", ""buy_3th_pre_bid"": ""-71900"", ""buy_3th_pre_req"": ""22"", ""buy_3th_pre_req_pre"": ""0"", ""buy_4th_pre_bid"": ""-71800"", ""buy_4th_pre_req"": ""70"", ""buy_4th_pre_req_pre"": ""0"", ""buy_5th_pre_bid"": ""-71700"", ""buy_5th_pre_req"": ""33"", ""buy_5th_pre_req_pre"": ""0"", ""buy_6th_pre_bid"": ""-71600"", ""buy_6th_pre_req"": ""80"", ""buy_6th_pre_req_pre"": ""0"", ""buy_7th_pre_bid"": ""-71500"", ""buy_7th_pre_req"": ""68"", ""buy_7th_pre_req_pre"": ""0"", ""buy_8th_pre_bid"": ""-71400"", ""buy_8th_pre_req"": ""22"", ""buy_8th_pre_req_pre"": ""0"", ""buy_9th_pre_bid"": ""-71300"", ""buy_9th_pre_req"": ""61"", ""buy_9th_pre_req_pre"": ""0"", ""buy_10th_pre_bid"": ""-71200"", ""buy_10th_pre_req"": ""426"", ""buy_10th_pre_req_pre"": ""0"", ""tot_sel_req_jub_pre"": ""+1"", ""tot_sel_req"": ""356"", ""tot_buy_req"": ""879"", ""tot_buy_req_jub_pre"": ""0"", ""ovt_sel_req_pre"": ""0"", ""ovt_sel_req"": ""0"", ""ovt_buy_req"": ""0"", ""ovt_buy_req_pre"": ""0"", ""return_code"": 0, ""return_msg"": ""정상적으로 처리되었습니다""}"
2026-06-10,scan_candidate,093370,,0,main_scan,14910,,14910,14900,14910,14850,-0.7377598926894702,0.0670690811535882,,,,,,"{""bid_req_base_tm"": ""095643"", ""sel_10th_pre_req_pre"": ""0"", ""sel_10th_pre_req"": ""76257"", ""sel_10th_pre_bid"": ""+15000"", ""sel_9th_pre_req_pre"": ""--2"", ""sel_9th_pre_req"": ""9422"", ""sel_9th_pre_bid"": ""+14990"", ""sel_8th_pre_req_pre"": ""0"", ""sel_8th_pre_req"": ""7988"", ""sel_8th_pre_bid"": ""+14980"", ""sel_7th_pre_req_pre"": ""0"", ""sel_7th_pre_req"": ""5957"", ""sel_7th_pre_bid"": ""+14970"", ""sel_6th_pre_req_pre"": ""0"", ""sel_6th_pre_req"": ""2209"", ""sel_6th_pre_bid"": ""+14960"", ""sel_5th_pre_req_pre"": ""0"", ""sel_5th_pre_req"": ""6700"", ""sel_5th_pre_bid"": ""+14950"", ""sel_4th_pre_req_pre"": ""0"", ""sel_4th_pre_req"": ""12286"", ""sel_4th_pre_bid"": ""+14940"", ""sel_3th_pre_req_pre"": ""0"", ""sel_3th_pre_req"": ""5483"", ""sel_3th_pre_bid"": ""+14930"", ""sel_2th_pre_req_pre"": ""0"", ""sel_2th_pre_req"": ""1752"", ""sel_2th_pre_bid"": ""+14920"", ""sel_1th_pre_req_pre"": ""0"", ""sel_fpr_req"": ""2243"", ""sel_fpr_bid"": ""+14910"", ""buy_fpr_bid"": ""+14900"", ""buy_fpr_req"": ""897"", ""buy_1th_pre_req_pre"": ""+1"", ""buy_2th_pre_bid"": ""+14890"", ""buy_2th_pre_req"": ""1071"", ""buy_2th_pre_req_pre"": ""0"", ""buy_3th_pre_bid"": ""+14880"", ""buy_3th_pre_req"": ""630"", ""buy_3th_pre_req_pre"": ""0"", ""buy_4th_pre_bid"": ""+14870"", ""buy_4th_pre_req"": ""5254"", ""buy_4th_pre_req_pre"": ""0"", ""buy_5th_pre_bid"": ""+14860"", ""buy_5th_pre_req"": ""2017"", ""buy_5th_pre_req_pre"": ""0"", ""buy_6th_pre_bid"": ""+14850"", ""buy_6th_pre_req"": ""2284"", ""buy_6th_pre_req_pre"": ""0"", ""buy_7th_pre_bid"": ""+14840"", ""buy_7th_pre_req"": ""919"", ""buy_7th_pre_req_pre"": ""0"", ""buy_8th_pre_bid"": ""+14830"", ""buy_8th_pre_req"": ""719"", ""buy_8th_pre_req_pre"": ""0"", ""buy_9th_pre_bid"": ""+14820"", ""buy_9th_pre_req"": ""1362"", ""buy_9th_pre_req_pre"": ""0"", ""buy_10th_pre_bid"": ""+14810"", ""buy_10th_pre_req"": ""2151"", ""buy_10th_pre_req_pre"": ""0"", ""tot_sel_req_jub_pre"": ""--2"", ""tot_sel_req"": ""130297"", ""tot_buy_req"": ""17304"", ""tot_buy_req_jub_pre"": ""+1"", ""ovt_sel_req_pre"": ""0"", ""ovt_sel_req"": ""0"", ""ovt_buy_req"": ""0"", ""ovt_buy_req_pre"": ""0"", ""return_code"": 0, ""return_msg"": ""정상적으로 처리되었습니다""}"
2026-06-10,scan_candidate,066575,,0,main_scan,78200,,78200,78100,78200,78300,0.0,0.1278772378516624,,,,,,"{""bid_req_base_tm"": ""095643"", ""sel_10th_pre_req_pre"": ""0"", ""sel_10th_pre_req"": ""235"", ""sel_10th_pre_bid"": ""-79100"", ""sel_9th_pre_req_pre"": ""0"", ""sel_9th_pre_req"": ""251"", ""sel_9th_pre_bid"": ""-79000"", ""sel_8th_pre_req_pre"": ""0"", ""sel_8th_pre_req"": ""338"", ""sel_8th_pre_bid"": ""-78900"", ""sel_7th_pre_req_pre"": ""0"", ""sel_7th_pre_req"": ""196"", ""sel_7th_pre_bid"": ""-78800"", ""sel_6th_pre_req_pre"": ""0"", ""sel_6th_pre_req"": ""263"", ""sel_6th_pre_bid"": ""-78700"", ""sel_5th_pre_req_pre"": ""0"", ""sel_5th_pre_req"": ""101"", ""sel_5th_pre_bid"": ""-78600"", ""sel_4th_pre_req_pre"": ""0"", ""sel_4th_pre_req"": ""12"", ""sel_4th_pre_bid"": ""-78500"", ""sel_3th_pre_req_pre"": ""0"", ""sel_3th_pre_req"": ""113"", ""sel_3th_pre_bid"": ""-78400"", ""sel_2th_pre_req_pre"": ""0"", ""sel_2th_pre_req"": ""35"", ""sel_2th_pre_bid"": ""-78300"", ""sel_1th_pre_req_pre"": ""0"", ""sel_fpr_req"": ""1"", ""sel_fpr_bid"": ""-78200"", ""buy_fpr_bid"": ""-78100"", ""buy_fpr_req"": ""124"", ""buy_1th_pre_req_pre"": ""0"", ""buy_2th_pre_bid"": ""-78000"", ""buy_2th_pre_req"": ""126"", ""buy_2th_pre_req_pre"": ""0"", ""buy_3th_pre_bid"": ""-77900"", ""buy_3th_pre_req"": ""26"", ""buy_3th_pre_req_pre"": ""0"", ""buy_4th_pre_bid"": ""-77800"", ""buy_4th_pre_req"": ""284"", ""buy_4th_pre_req_pre"": ""0"", ""buy_5th_pre_bid"": ""-77700"", ""buy_5th_pre_req"": ""824"", ""buy_5th_pre_req_pre"": ""0"", ""buy_6th_pre_bid"": ""-77600"", ""buy_6th_pre_req"": ""147"", ""buy_6th_pre_req_pre"": ""0"", ""buy_7th_pre_bid"": ""-77500"", ""buy_7th_pre_req"": ""351"", ""buy_7th_pre_req_pre"": ""0"", ""buy_8th_pre_bid"": ""-77400"", ""buy_8th_pre_req"": ""52"", ""buy_8th_pre_req_pre"": ""0"", ""buy_9th_pre_bid"": ""-77300"", ""buy_9th_pre_req"": ""110"", ""buy_9th_pre_req_pre"": ""0"", ""buy_10th_pre_bid"": ""-77200"", ""buy_10th_pre_req"": ""59"", ""buy_10th_pre_req_pre"": ""+1"", ""tot_sel_req_jub_pre"": ""0"", ""tot_sel_req"": ""1545"", ""tot_buy_req"": ""2103"", ""tot_buy_req_jub_pre"": ""+1"", ""ovt_sel_req_pre"": ""0"", ""ovt_sel_req"": ""0"", ""ovt_buy_req"": ""0"", ""ovt_buy_req_pre"": ""0"", ""return_code"": 0, ""return_msg"": ""정상적으로 처리되었습니다""}"
2026-06-10,scan_candidate,181710,,0,main_scan,40200,,40200,40100,40200,40500,0.6218905472636816,0.24875621890547264,,,,,,"{""bid_req_base_tm"": ""095643"", ""sel_10th_pre_req_pre"": ""0"", ""sel_10th_pre_req"": ""76"", ""sel_10th_pre_bid"": ""-40950"", ""sel_9th_pre_req_pre"": ""0"", ""sel_9th_pre_req"": ""4"", ""sel_9th_pre_bid"": ""-40850"", ""sel_8th_pre_req_pre"": ""0"", ""sel_8th_pre_req"": ""24"", ""sel_8th_pre_bid"": ""-40700"", ""sel_7th_pre_req_pre"": ""0"", ""sel_7th_pre_req"": ""8"", ""sel_7th_pre_bid"": ""-40650"", ""sel_6th_pre_req_pre"": ""0"", ""sel_6th_pre_req"": ""40"", ""sel_6th_pre_bid"": ""-40600"", ""sel_5th_pre_req_pre"": ""0"", ""sel_5th_pre_req"": ""347"", ""sel_5th_pre_bid"": ""-40550"", ""sel_4th_pre_req_pre"": ""0"", ""sel_4th_pre_req"": ""218"", ""sel_4th_pre_bid"": ""-40500"", ""sel_3th_pre_req_pre"": ""0"", ""sel_3th_pre_req"": ""131"", ""sel_3th_pre_bid"": ""-40350"", ""sel_2th_pre_req_pre"": ""+1"", ""sel_2th_pre_req"": ""5"", ""sel_2th_pre_bid"": ""-40250"", ""sel_1th_pre_req_pre"": ""0"", ""sel_fpr_req"": ""14"", ""sel_fpr_bid"": ""-40200"", ""buy_fpr_bid"": ""-40100"", ""buy_fpr_req"": ""222"", ""buy_1th_pre_req_pre"": ""0"", ""buy_2th_pre_bid"": ""-40050"", ""buy_2th_pre_req"": ""1108"", ""buy_2th_pre_req_pre"": ""0"", ""buy_3th_pre_bid"": ""-40000"", ""buy_3th_pre_req"": ""1141"", ""buy_3th_pre_req_pre"": ""0"", ""buy_4th_pre_bid"": ""-39950"", ""buy_4th_pre_req"": ""801"", ""buy_4th_pre_req_pre"": ""0"", ""buy_5th_pre_bid"": ""-39900"", ""buy_5th_pre_req"": ""425"", ""buy_5th_pre_req_pre"": ""0"", ""buy_6th_pre_bid"": ""-39850"", ""buy_6th_pre_req"": ""30"", ""buy_6th_pre_req_pre"": ""0"", ""buy_7th_pre_bid"": ""-39800"", ""buy_7th_pre_req"": ""416"", ""buy_7th_pre_req_pre"": ""0"", ""buy_8th_pre_bid"": ""-39750"", ""buy_8th_pre_req"": ""21"", ""buy_8th_pre_req_pre"": ""0"", ""buy_9th_pre_bid"": ""-39700"", ""buy_9th_pre_req"": ""672"", ""buy_9th_pre_req_pre"": ""0"", ""buy_10th_pre_bid"": ""-39650"", ""buy_10th_pre_req"": ""43"", ""buy_10th_pre_req_pre"": ""0"", ""tot_sel_req_jub_pre"": ""+1"", ""tot_sel_req"": ""867"", ""tot_buy_req"": ""4879"", ""tot_buy_req_jub_pre"": ""0"", ""ovt_sel_req_pre"": ""0"", ""ovt_sel_req"": ""0"", ""ovt_buy_req"": ""0"", ""ovt_buy_req_pre"": ""0"", ""return_code"": 0, ""return_msg"": ""정상적으로 처리되었습니다""}"
2026-06-10,scan_candidate,034230,,0,main_scan,14760,,14760,14740,14760,14750,-0.40650406504065045,0.13550135501355012,,,,,,"{""bid_req_base_tm"": ""095642"", ""sel_10th_pre_req_pre"": ""0"", ""sel_10th_pre_req"": ""40"", ""sel_10th_pre_bid"": ""-14870"", ""sel_9th_pre_req_pre"": ""0"", ""sel_9th_pre_req"": ""40"", ""sel_9th_pre_bid"": ""-14860"", ""sel_8th_pre_req_pre"": ""0"", ""sel_8th_pre_req"": ""32"", ""sel_8th_pre_bid"": ""-14850"", ""sel_7th_pre_req_pre"": ""0"", ""sel_7th_pre_req"": ""1"", ""sel_7th_pre_bid"": ""-14840"", ""sel_6th_pre_req_pre"": ""0"", ""sel_6th_pre_req"": ""300"", ""sel_6th_pre_bid"": ""-14810"", ""sel_5th_pre_req_pre"": ""0"", ""sel_5th_pre_req"": ""365"", ""sel_5th_pre_bid"": ""-14800"", ""sel_4th_pre_req_pre"": ""0"", ""sel_4th_pre_req"": ""28"", ""sel_4th_pre_bid"": ""-14790"", ""sel_3th_pre_req_pre"": ""0"", ""sel_3th_pre_req"": ""5"", ""sel_3th_pre_bid"": ""-14780"", ""sel_2th_pre_req_pre"": ""0"", ""sel_2th_pre_req"": ""17"", ""sel_2th_pre_bid"": ""-14770"", ""sel_1th_pre_req_pre"": ""0"", ""sel_fpr_req"": ""185"", ""sel_fpr_bid"": ""-14760"", ""buy_fpr_bid"": ""-14740"", ""buy_fpr_req"": ""2"", ""buy_1th_pre_req_pre"": ""0"", ""buy_2th_pre_bid"": ""-14730"", ""buy_2th_pre_req"": ""13"", ""buy_2th_pre_req_pre"": ""0"", ""buy_3th_pre_bid"": ""-14720"", ""buy_3th_pre_req"": ""73"", ""buy_3th_pre_req_pre"": ""0"", ""buy_4th_pre_bid"": ""-14710"", ""buy_4th_pre_req"": ""401"", ""buy_4th_pre_req_pre"": ""0"", ""buy_5th_pre_bid"": ""-14700"", ""buy_5th_pre_req"": ""216"", ""buy_5th_pre_req_pre"": ""0"", ""buy_6th_pre_bid"": ""-14690"", ""buy_6th_pre_req"": ""1"", ""buy_6th_pre_req_pre"": ""0"", ""buy_7th_pre_bid"": ""-14680"", ""buy_7th_pre_req"": ""65"", ""buy_7th_pre_req_pre"": ""0"", ""buy_8th_pre_bid"": ""-14670"", ""buy_8th_pre_req"": ""685"", ""buy_8th_pre_req_pre"": ""0"", ""buy_9th_pre_bid"": ""-14660"", ""buy_9th_pre_req"": ""625"", ""buy_9th_pre_req_pre"": ""0"", ""buy_10th_pre_bid"": ""-14650"", ""buy_10th_pre_req"": ""1027"", ""buy_10th_pre_req_pre"": ""0"", ""tot_sel_req_jub_pre"": ""0"", ""tot_sel_req"": ""1013"", ""tot_buy_req"": ""3108"", ""tot_buy_req_jub_pre"": ""+816"", ""ovt_sel_req_pre"": ""0"", ""ovt_sel_req"": ""0"", ""ovt_buy_req"": ""0"", ""ovt_buy_req_pre"": ""0"", ""return_code"": 0, ""return_msg"": ""정상적으로 처리되었습니다""}"
2026-06-10,scan_candidate,281820,,0,main_scan,66600,,66600,66400,66600,66800,0.15015015015015015,0.3003003003003003,,,,,,"{""bid_req_base_tm"": ""095643"", ""sel_10th_pre_req_pre"": ""0"", ""sel_10th_pre_req"": ""50"", ""sel_10th_pre_bid"": ""+67500"", ""sel_9th_pre_req_pre"": ""0"", ""sel_9th_pre_req"": ""10"", ""sel_9th_pre_bid"": ""+67400"", ""sel_8th_pre_req_pre"": ""0"", ""sel_8th_pre_req"": ""15"", ""sel_8th_pre_bid"": ""+67300"", ""sel_7th_pre_req_pre"": ""0"", ""sel_7th_pre_req"": ""11"", ""sel_7th_pre_bid"": ""+67200"", ""sel_6th_pre_req_pre"": ""0"", ""sel_6th_pre_req"": ""10"", ""sel_6th_pre_bid"": ""+67100"", ""sel_5th_pre_req_pre"": ""0"", ""sel_5th_pre_req"": ""10"", ""sel_5th_pre_bid"": ""+67000"", ""sel_4th_pre_req_pre"": ""0"", ""sel_4th_pre_req"": ""19"", ""sel_4th_pre_bid"": ""+66900"", ""sel_3th_pre_req_pre"": ""0"", ""sel_3th_pre_req"": ""25"", ""sel_3th_pre_bid"": ""+66800"", ""sel_2th_pre_req_pre"": ""0"", ""sel_2th_pre_req"": ""18"", ""sel_2th_pre_bid"": ""+66700"", ""sel_1th_pre_req_pre"": ""0"", ""sel_fpr_req"": ""1"", ""sel_fpr_bid"": ""+66600"", ""buy_fpr_bid"": ""66400"", ""buy_fpr_req"": ""109"", ""buy_1th_pre_req_pre"": ""+1"", ""buy_2th_pre_bid"": ""-66300"", ""buy_2th_pre_req"": ""39"", ""buy_2th_pre_req_pre"": ""0"", ""buy_3th_pre_bid"": ""-66200"", ""buy_3th_pre_req"": ""10"", ""buy_3th_pre_req_pre"": ""0"", ""buy_4th_pre_bid"": ""-66100"", ""buy_4th_pre_req"": ""200"", ""buy_4th_pre_req_pre"": ""0"", ""buy_5th_pre_bid"": ""-66000"", ""buy_5th_pre_req"": ""1"", ""buy_5th_pre_req_pre"": ""0"", ""buy_6th_pre_bid"": ""-65900"", ""buy_6th_pre_req"": ""47"", ""buy_6th_pre_req_pre"": ""0"", ""buy_7th_pre_bid"": ""-65800"", ""buy_7th_pre_req"": ""66"", ""buy_7th_pre_req_pre"": ""0"", ""buy_8th_pre_bid"": ""-65700"", ""buy_8th_pre_req"": ""112"", ""buy_8th_pre_req_pre"": ""0"", ""buy_9th_pre_bid"": ""-65600"", ""buy_9th_pre_req"": ""118"", ""buy_9th_pre_req_pre"": ""0"", ""buy_10th_pre_bid"": ""-65500"", ""buy_10th_pre_req"": ""211"", ""buy_10th_pre_req_pre"": ""0"", ""tot_sel_req_jub_pre"": ""0"", ""tot_sel_req"": ""169"", ""tot_buy_req"": ""913"", ""tot_buy_req_jub_pre"": ""+1"", ""ovt_sel_req_pre"": ""0"", ""ovt_sel_req"": ""0"", ""ovt_buy_req"": ""0"", ""ovt_buy_req_pre"": ""0"", ""return_code"": 0, ""return_msg"": ""정상적으로 처리되었습니다""}"
2026-06-10,scan_candidate,001820,,0,main_scan,115500,,115500,115400,115500,115500,-0.4329004329004329,0.08658008658008658,,,,,,"{""bid_req_base_tm"": ""095644"", ""sel_10th_pre_req_pre"": ""0"", ""sel_10th_pre_req"": ""323"", ""sel_10th_pre_bid"": ""-116400"", ""sel_9th_pre_req_pre"": ""0"", ""sel_9th_pre_req"": ""222"", ""sel_9th_pre_bid"": ""-116300"", ""sel_8th_pre_req_pre"": ""0"", ""sel_8th_pre_req"": ""6"", ""sel_8th_pre_bid"": ""-116200"", ""sel_7th_pre_req_pre"": ""0"", ""sel_7th_pre_req"": ""105"", ""sel_7th_pre_bid"": ""-116100"", ""sel_6th_pre_req_pre"": ""0"", ""sel_6th_pre_req"": ""575"", ""sel_6th_pre_bid"": ""-116000"", ""sel_5th_pre_req_pre"": ""0"", ""sel_5th_pre_req"": ""49"", ""sel_5th_pre_bid"": ""-115900"", ""sel_4th_pre_req_pre"": ""0"", ""sel_4th_pre_req"": ""935"", ""sel_4th_pre_bid"": ""-115800"", ""sel_3th_pre_req_pre"": ""0"", ""sel_3th_pre_req"": ""56"", ""sel_3th_pre_bid"": ""-115700"", ""sel_2th_pre_req_pre"": ""0"", ""sel_2th_pre_req"": ""66"", ""sel_2th_pre_bid"": ""-115600"", ""sel_1th_pre_req_pre"": ""0"", ""sel_fpr_req"": ""117"", ""sel_fpr_bid"": ""-115500"", ""buy_fpr_bid"": ""-115400"", ""buy_fpr_req"": ""168"", ""buy_1th_pre_req_pre"": ""--6"", ""buy_2th_pre_bid"": ""-115300"", ""buy_2th_pre_req"": ""297"", ""buy_2th_pre_req_pre"": ""0"", ""buy_3th_pre_bid"": ""-115200"", ""buy_3th_pre_req"": ""371"", ""buy_3th_pre_req_pre"": ""0"", ""buy_4th_pre_bid"": ""-115100"", ""buy_4th_pre_req"": ""432"", ""buy_4th_pre_req_pre"": ""0"", ""buy_5th_pre_bid"": ""-115000"", ""buy_5th_pre_req"": ""616"", ""buy_5th_pre_req_pre"": ""+6"", ""buy_6th_pre_bid"": ""-114900"", ""buy_6th_pre_req"": ""108"", ""buy_6th_pre_req_pre"": ""0"", ""buy_7th_pre_bid"": ""-114800"", ""buy_7th_pre_req"": ""137"", ""buy_7th_pre_req_pre"": ""0"", ""buy_8th_pre_bid"": ""-114700"", ""buy_8th_pre_req"": ""182"", ""buy_8th_pre_req_pre"": ""0"", ""buy_9th_pre_bid"": ""-114600"", ""buy_9th_pre_req"": ""208"", ""buy_9th_pre_req_pre"": ""0"", ""buy_10th_pre_bid"": ""-114500"", ""buy_10th_pre_req"": ""450"", ""buy_10th_pre_req_pre"": ""0"", ""tot_sel_req_jub_pre"": ""0"", ""tot_sel_req"": ""2454"", ""tot_buy_req"": ""2969"", ""tot_buy_req_jub_pre"": ""0"", ""ovt_sel_req_pre"": ""0"", ""ovt_sel_req"": ""0"", ""ovt_buy_req"": ""0"", ""ovt_buy_req_pre"": ""0"", ""return_code"": 0, ""return_msg"": ""정상적으로 처리되었습니다""}"
2026-06-10,scan_candidate,000815,,0,main_scan,401000,,401000,399000,401000,399000,-0.6234413965087282,0.4987531172069825,,,,,,"{""bid_req_base_tm"": ""095641"", ""sel_10th_pre_req_pre"": ""0"", ""sel_10th_pre_req"": ""122"", ""sel_10th_pre_bid"": ""-406000"", ""sel_9th_pre_req_pre"": ""0"", ""sel_9th_pre_req"": ""5"", ""sel_9th_pre_bid"": ""-405500"", ""sel_8th_pre_req_pre"": ""0"", ""sel_8th_pre_req"": ""33"", ""sel_8th_pre_bid"": ""-405000"", ""sel_7th_pre_req_pre"": ""0"", ""sel_7th_pre_req"": ""13"", ""sel_7th_pre_bid"": ""-404500"", ""sel_6th_pre_req_pre"": ""0"", ""sel_6th_pre_req"": ""1"", ""sel_6th_pre_bid"": ""-404000"", ""sel_5th_pre_req_pre"": ""0"", ""sel_5th_pre_req"": ""179"", ""sel_5th_pre_bid"": ""-403500"", ""sel_4th_pre_req_pre"": ""0"", ""sel_4th_pre_req"": ""55"", ""sel_4th_pre_bid"": ""-403000"", ""sel_3th_pre_req_pre"": ""0"", ""sel_3th_pre_req"": ""10"", ""sel_3th_pre_bid"": ""-402000"", ""sel_2th_pre_req_pre"": ""0"", ""sel_2th_pre_req"": ""301"", ""sel_2th_pre_bid"": ""-401500"", ""sel_1th_pre_req_pre"": ""0"", ""sel_fpr_req"": ""16"", ""sel_fpr_bid"": ""-401000"", ""buy_fpr_bid"": ""-399000"", ""buy_fpr_req"": ""9"", ""buy_1th_pre_req_pre"": ""+1"", ""buy_2th_pre_bid"": ""-398500"", ""buy_2th_pre_req"": ""40"", ""buy_2th_pre_req_pre"": ""0"", ""buy_3th_pre_bid"": ""-398000"", ""buy_3th_pre_req"": ""119"", ""buy_3th_pre_req_pre"": ""0"", ""buy_4th_pre_bid"": ""-397500"", ""buy_4th_pre_req"": ""149"", ""buy_4th_pre_req_pre"": ""0"", ""buy_5th_pre_bid"": ""-397000"", ""buy_5th_pre_req"": ""92"", ""buy_5th_pre_req_pre"": ""0"", ""buy_6th_pre_bid"": ""-396500"", ""buy_6th_pre_req"": ""11"", ""buy_6th_pre_req_pre"": ""0"", ""buy_7th_pre_bid"": ""-396000"", ""buy_7th_pre_req"": ""23"", ""buy_7th_pre_req_pre"": ""0"", ""buy_8th_pre_bid"": ""-395500"", ""buy_8th_pre_req"": ""24"", ""buy_8th_pre_req_pre"": ""0"", ""buy_9th_pre_bid"": ""-395000"", ""buy_9th_pre_req"": ""66"", ""buy_9th_pre_req_pre"": ""0"", ""buy_10th_pre_bid"": ""-394500"", ""buy_10th_pre_req"": ""2"", ""buy_10th_pre_req_pre"": ""0"", ""tot_sel_req_jub_pre"": ""0"", ""tot_sel_req"": ""735"", ""tot_buy_req"": ""535"", ""tot_buy_req_jub_pre"": ""+1"", ""ovt_sel_req_pre"": ""0"", ""ovt_sel_req"": ""0"", ""ovt_buy_req"": ""0"", ""ovt_buy_req_pre"": ""0"", ""return_code"": 0, ""return_msg"": ""정상적으로 처리되었습니다""}"
2026-06-10,scan_candidate,499790,,0,main_scan,48150,,48150,47950,48150,48000,-0.4153686396677051,0.4153686396677051,,,,,,"{""bid_req_base_tm"": ""095641"", ""sel_10th_pre_req_pre"": ""0"", ""sel_10th_pre_req"": ""975"", ""sel_10th_pre_bid"": ""+48750"", ""sel_9th_pre_req_pre"": ""0"", ""sel_9th_pre_req"": ""36"", ""sel_9th_pre_bid"": ""+48700"", ""sel_8th_pre_req_pre"": ""0"", ""sel_8th_pre_req"": ""3"", ""sel_8th_pre_bid"": ""+48650"", ""sel_7th_pre_req_pre"": ""0"", ""sel_7th_pre_req"": ""184"", ""sel_7th_pre_bid"": ""+48600"", ""sel_6th_pre_req_pre"": ""0"", ""sel_6th_pre_req"": ""5"", ""sel_6th_pre_bid"": ""+48550"", ""sel_5th_pre_req_pre"": ""0"", ""sel_5th_pre_req"": ""7"", ""sel_5th_pre_bid"": ""+48500"", ""sel_4th_pre_req_pre"": ""0"", ""sel_4th_pre_req"": ""5"", ""sel_4th_pre_bid"": ""+48300"", ""sel_3th_pre_req_pre"": ""0"", ""sel_3th_pre_req"": ""123"", ""sel_3th_pre_bid"": ""+48250"", ""sel_2th_pre_req_pre"": ""0"", ""sel_2th_pre_req"": ""78"", ""sel_2th_pre_bid"": ""+48200"", ""sel_1th_pre_req_pre"": ""0"", ""sel_fpr_req"": ""28"", ""sel_fpr_bid"": ""+48150"", ""buy_fpr_bid"": ""+47950"", ""buy_fpr_req"": ""19"", ""buy_1th_pre_req_pre"": ""+9"", ""buy_2th_pre_bid"": ""+47900"", ""buy_2th_pre_req"": ""1"", ""buy_2th_pre_req_pre"": ""--9"", ""buy_3th_pre_bid"": ""+47800"", ""buy_3th_pre_req"": ""17"", ""buy_3th_pre_req_pre"": ""0"", ""buy_4th_pre_bid"": ""+47750"", ""buy_4th_pre_req"": ""30"", ""buy_4th_pre_req_pre"": ""0"", ""buy_5th_pre_bid"": ""+47700"", ""buy_5th_pre_req"": ""56"", ""buy_5th_pre_req_pre"": ""0"", ""buy_6th_pre_bid"": ""+47650"", ""buy_6th_pre_req"": ""13"", ""buy_6th_pre_req_pre"": ""0"", ""buy_7th_pre_bid"": ""+47600"", ""buy_7th_pre_req"": ""40"", ""buy_7th_pre_req_pre"": ""0"", ""buy_8th_pre_bid"": ""+47500"", ""buy_8th_pre_req"": ""6"", ""buy_8th_pre_req_pre"": ""0"", ""buy_9th_pre_bid"": ""+47450"", ""buy_9th_pre_req"": ""51"", ""buy_9th_pre_req_pre"": ""0"", ""buy_10th_pre_bid"": ""+47400"", ""buy_10th_pre_req"": ""62"", ""buy_10th_pre_req_pre"": ""0"", ""tot_sel_req_jub_pre"": ""0"", ""tot_sel_req"": ""1444"", ""tot_buy_req"": ""295"", ""tot_buy_req_jub_pre"": ""0"", ""ovt_sel_req_pre"": ""0"", ""ovt_sel_req"": ""0"", ""ovt_buy_req"": ""0"", ""ovt_buy_req_pre"": ""0"", ""return_code"": 0, ""return_msg"": ""정상적으로 처리되었습니다""}"
2026-06-10,scan_candidate,100090,,0,main_scan,16630,,16630,16620,16630,16650,-0.1803968731208659,0.06013229104028864,,,,,,"{""bid_req_base_tm"": ""095645"", ""sel_10th_pre_req_pre"": ""0"", ""sel_10th_pre_req"": ""1"", ""sel_10th_pre_bid"": ""+16720"", ""sel_9th_pre_req_pre"": ""0"", ""sel_9th_pre_req"": ""131"", ""sel_9th_pre_bid"": ""+16710"", ""sel_8th_pre_req_pre"": ""0"", ""sel_8th_pre_req"": ""80"", ""sel_8th_pre_bid"": ""+16700"", ""sel_7th_pre_req_pre"": ""0"", ""sel_7th_pre_req"": ""19"", ""sel_7th_pre_bid"": ""+16690"", ""sel_6th_pre_req_pre"": ""0"", ""sel_6th_pre_req"": ""181"", ""sel_6th_pre_bid"": ""+16680"", ""sel_5th_pre_req_pre"": ""0"", ""sel_5th_pre_req"": ""2539"", ""sel_5th_pre_bid"": ""+16670"", ""sel_4th_pre_req_pre"": ""0"", ""sel_4th_pre_req"": ""60"", ""sel_4th_pre_bid"": ""+16660"", ""sel_3th_pre_req_pre"": ""0"", ""sel_3th_pre_req"": ""98"", ""sel_3th_pre_bid"": ""+16650"", ""sel_2th_pre_req_pre"": ""0"", ""sel_2th_pre_req"": ""295"", ""sel_2th_pre_bid"": ""+16640"", ""sel_1th_pre_req_pre"": ""0"", ""sel_fpr_req"": ""166"", ""sel_fpr_bid"": ""+16630"", ""buy_fpr_bid"": ""+16620"", ""buy_fpr_req"": ""246"", ""buy_1th_pre_req_pre"": ""+50"", ""buy_2th_pre_bid"": ""+16610"", ""buy_2th_pre_req"": ""659"", ""buy_2th_pre_req_pre"": ""0"", ""buy_3th_pre_bid"": ""+16600"", ""buy_3th_pre_req"": ""648"", ""buy_3th_pre_req_pre"": ""0"", ""buy_4th_pre_bid"": ""+16590"", ""buy_4th_pre_req"": ""1402"", ""buy_4th_pre_req_pre"": ""0"", ""buy_5th_pre_bid"": ""+16580"", ""buy_5th_pre_req"": ""627"", ""buy_5th_pre_req_pre"": ""0"", ""buy_6th_pre_bid"": ""+16570"", ""buy_6th_pre_req"": ""325"", ""buy_6th_pre_req_pre"": ""0"", ""buy_7th_pre_bid"": ""+16560"", ""buy_7th_pre_req"": ""277"", ""buy_7th_pre_req_pre"": ""0"", ""buy_8th_pre_bid"": ""+16550"", ""buy_8th_pre_req"": ""1659"", ""buy_8th_pre_req_pre"": ""0"", ""buy_9th_pre_bid"": ""+16540"", ""buy_9th_pre_req"": ""215"", ""buy_9th_pre_req_pre"": ""0"", ""buy_10th_pre_bid"": ""+16530"", ""buy_10th_pre_req"": ""224"", ""buy_10th_pre_req_pre"": ""0"", ""tot_sel_req_jub_pre"": ""0"", ""tot_sel_req"": ""3570"", ""tot_buy_req"": ""6282"", ""tot_buy_req_jub_pre"": ""+50"", ""ovt_sel_req_pre"": ""0"", ""ovt_sel_req"": ""0"", ""ovt_buy_req"": ""0"", ""ovt_buy_req_pre"": ""0"", ""return_code"": 0, ""return_msg"": ""정상적으로 처리되었습니다""}"
2026-06-10,scan_candidate,003160,,0,main_scan,27950,,27950,27900,27950,27850,-0.5366726296958855,0.17889087656529518,,,,,,"{""bid_req_base_tm"": ""095644"", ""sel_10th_pre_req_pre"": ""0"", ""sel_10th_pre_req"": ""604"", ""sel_10th_pre_bid"": ""+28400"", ""sel_9th_pre_req_pre"": ""0"", ""sel_9th_pre_req"": ""309"", ""sel_9th_pre_bid"": ""+28350"", ""sel_8th_pre_req_pre"": ""0"", ""sel_8th_pre_req"": ""510"", ""sel_8th_pre_bid"": ""+28300"", ""sel_7th_pre_req_pre"": ""0"", ""sel_7th_pre_req"": ""96"", ""sel_7th_pre_bid"": ""+28250"", ""sel_6th_pre_req_pre"": ""0"", ""sel_6th_pre_req"": ""106"", ""sel_6th_pre_bid"": ""+28200"", ""sel_5th_pre_req_pre"": ""0"", ""sel_5th_pre_req"": ""151"", ""sel_5th_pre_bid"": ""+28150"", ""sel_4th_pre_req_pre"": ""0"", ""sel_4th_pre_req"": ""473"", ""sel_4th_pre_bid"": ""+28100"", ""sel_3th_pre_req_pre"": ""0"", ""sel_3th_pre_req"": ""6"", ""sel_3th_pre_bid"": ""28050"", ""sel_2th_pre_req_pre"": ""+6"", ""sel_2th_pre_req"": ""19"", ""sel_2th_pre_bid"": ""-28000"", ""sel_1th_pre_req_pre"": ""--7"", ""sel_fpr_req"": ""30"", ""sel_fpr_bid"": ""-27950"", ""buy_fpr_bid"": ""-27900"", ""buy_fpr_req"": ""7"", ""buy_1th_pre_req_pre"": ""0"", ""buy_2th_pre_bid"": ""-27800"", ""buy_2th_pre_req"": ""1"", ""buy_2th_pre_req_pre"": ""0"", ""buy_3th_pre_bid"": ""-27750"", ""buy_3th_pre_req"": ""6"", ""buy_3th_pre_req_pre"": ""0"", ""buy_4th_pre_bid"": ""-27700"", ""buy_4th_pre_req"": ""12"", ""buy_4th_pre_req_pre"": ""0"", ""buy_5th_pre_bid"": ""-27650"", ""buy_5th_pre_req"": ""160"", ""buy_5th_pre_req_pre"": ""0"", ""buy_6th_pre_bid"": ""-27600"", ""buy_6th_pre_req"": ""458"", ""buy_6th_pre_req_pre"": ""0"", ""buy_7th_pre_bid"": ""-27550"", ""buy_7th_pre_req"": ""112"", ""buy_7th_pre_req_pre"": ""0"", ""buy_8th_pre_bid"": ""-27500"", ""buy_8th_pre_req"": ""94"", ""buy_8th_pre_req_pre"": ""0"", ""buy_9th_pre_bid"": ""-27450"", ""buy_9th_pre_req"": ""124"", ""buy_9th_pre_req_pre"": ""0"", ""buy_10th_pre_bid"": ""-27400"", ""buy_10th_pre_req"": ""594"", ""buy_10th_pre_req_pre"": ""0"", ""tot_sel_req_jub_pre"": ""--1"", ""tot_sel_req"": ""2304"", ""tot_buy_req"": ""1568"", ""tot_buy_req_jub_pre"": ""0"", ""ovt_sel_req_pre"": ""0"", ""ovt_sel_req"": ""0"", ""ovt_buy_req"": ""0"", ""ovt_buy_req_pre"": ""0"", ""return_code"": 0, ""return_msg"": ""정상적으로 처리되었습니다""}"
2026-06-10,scan_candidate,000370,,0,main_scan,6480,,6480,6460,6480,6450,-0.6172839506172839,0.30864197530864196,,,,,,"{""bid_req_base_tm"": ""095643"", ""sel_10th_pre_req_pre"": ""0"", ""sel_10th_pre_req"": ""8824"", ""sel_10th_pre_bid"": ""+6570"", ""sel_9th_pre_req_pre"": ""0"", ""sel_9th_pre_req"": ""2580"", ""sel_9th_pre_bid"": ""+6560"", ""sel_8th_pre_req_pre"": ""0"", ""sel_8th_pre_req"": ""2104"", ""sel_8th_pre_bid"": ""+6550"", ""sel_7th_pre_req_pre"": ""0"", ""sel_7th_pre_req"": ""1528"", ""sel_7th_pre_bid"": ""+6540"", ""sel_6th_pre_req_pre"": ""0"", ""sel_6th_pre_req"": ""798"", ""sel_6th_pre_bid"": ""+6530"", ""sel_5th_pre_req_pre"": ""0"", ""sel_5th_pre_req"": ""878"", ""sel_5th_pre_bid"": ""+6520"", ""sel_4th_pre_req_pre"": ""0"", ""sel_4th_pre_req"": ""502"", ""sel_4th_pre_bid"": ""+6510"", ""sel_3th_pre_req_pre"": ""0"", ""sel_3th_pre_req"": ""303"", ""sel_3th_pre_bid"": ""+6500"", ""sel_2th_pre_req_pre"": ""0"", ""sel_2th_pre_req"": ""385"", ""sel_2th_pre_bid"": ""+6490"", ""sel_1th_pre_req_pre"": ""--3"", ""sel_fpr_req"": ""753"", ""sel_fpr_bid"": ""+6480"", ""buy_fpr_bid"": ""+6460"", ""buy_fpr_req"": ""47"", ""buy_1th_pre_req_pre"": ""--3"", ""buy_2th_pre_bid"": ""6450"", ""buy_2th_pre_req"": ""354"", ""buy_2th_pre_req_pre"": ""0"", ""buy_3th_pre_bid"": ""-6440"", ""buy_3th_pre_req"": ""27"", ""buy_3th_pre_req_pre"": ""0"", ""buy_4th_pre_bid"": ""-6430"", ""buy_4th_pre_req"": ""63"", ""buy_4th_pre_req_pre"": ""0"", ""buy_5th_pre_bid"": ""-6420"", ""buy_5th_pre_req"": ""21"", ""buy_5th_pre_req_pre"": ""0"", ""buy_6th_pre_bid"": ""-6410"", ""buy_6th_pre_req"": ""116"", ""buy_6th_pre_req_pre"": ""0"", ""buy_7th_pre_bid"": ""-6400"", ""buy_7th_pre_req"": ""1101"", ""buy_7th_pre_req_pre"": ""0"", ""buy_8th_pre_bid"": ""-6390"", ""buy_8th_pre_req"": ""3"", ""buy_8th_pre_req_pre"": ""0"", ""buy_9th_pre_bid"": ""-6380"", ""buy_9th_pre_req"": ""239"", ""buy_9th_pre_req_pre"": ""0"", ""buy_10th_pre_bid"": ""-6370"", ""buy_10th_pre_req"": ""1699"", ""buy_10th_pre_req_pre"": ""0"", ""tot_sel_req_jub_pre"": ""--3"", ""tot_sel_req"": ""18655"", ""tot_buy_req"": ""3670"", ""tot_buy_req_jub_pre"": ""--3"", ""ovt_sel_req_pre"": ""0"", ""ovt_sel_req"": ""0"", ""ovt_buy_req"": ""0"", ""ovt_buy_req_pre"": ""0"", ""return_code"": 0, ""return_msg"": ""정상적으로 처리되었습니다""}"
2026-06-10,scan_candidate,114090,,0,main_scan,11910,,11910,11880,11910,11900,-0.5037783375314862,0.2518891687657431,,,,,,"{""bid_req_base_tm"": ""095643"", ""sel_10th_pre_req_pre"": ""0"", ""sel_10th_pre_req"": ""72"", ""sel_10th_pre_bid"": ""+12070"", ""sel_9th_pre_req_pre"": ""0"", ""sel_9th_pre_req"": ""110"", ""sel_9th_pre_bid"": ""+12060"", ""sel_8th_pre_req_pre"": ""0"", ""sel_8th_pre_req"": ""39"", ""sel_8th_pre_bid"": ""+12050"", ""sel_7th_pre_req_pre"": ""0"", ""sel_7th_pre_req"": ""298"", ""sel_7th_pre_bid"": ""+12020"", ""sel_6th_pre_req_pre"": ""0"", ""sel_6th_pre_req"": ""821"", ""sel_6th_pre_bid"": ""+12010"", ""sel_5th_pre_req_pre"": ""0"", ""sel_5th_pre_req"": ""25"", ""sel_5th_pre_bid"": ""+12000"", ""sel_4th_pre_req_pre"": ""0"", ""sel_4th_pre_req"": ""5"", ""sel_4th_pre_bid"": ""+11990"", ""sel_3th_pre_req_pre"": ""0"", ""sel_3th_pre_req"": ""1"", ""sel_3th_pre_bid"": ""+11980"", ""sel_2th_pre_req_pre"": ""0"", ""sel_2th_pre_req"": ""50"", ""sel_2th_pre_bid"": ""-11920"", ""sel_1th_pre_req_pre"": ""0"", ""sel_fpr_req"": ""243"", ""sel_fpr_bid"": ""-11910"", ""buy_fpr_bid"": ""-11880"", ""buy_fpr_req"": ""37"", ""buy_1th_pre_req_pre"": ""0"", ""buy_2th_pre_bid"": ""-11870"", ""buy_2th_pre_req"": ""937"", ""buy_2th_pre_req_pre"": ""0"", ""buy_3th_pre_bid"": ""-11860"", ""buy_3th_pre_req"": ""379"", ""buy_3th_pre_req_pre"": ""0"", ""buy_4th_pre_bid"": ""-11840"", ""buy_4th_pre_req"": ""214"", ""buy_4th_pre_req_pre"": ""--41"", ""buy_5th_pre_bid"": ""-11820"", ""buy_5th_pre_req"": ""28"", ""buy_5th_pre_req_pre"": ""0"", ""buy_6th_pre_bid"": ""-11810"", ""buy_6th_pre_req"": ""404"", ""buy_6th_pre_req_pre"": ""0"", ""buy_7th_pre_bid"": ""-11800"", ""buy_7th_pre_req"": ""87"", ""buy_7th_pre_req_pre"": ""0"", ""buy_8th_pre_bid"": ""-11790"", ""buy_8th_pre_req"": ""116"", ""buy_8th_pre_req_pre"": ""0"", ""buy_9th_pre_bid"": ""-11780"", ""buy_9th_pre_req"": ""12"", ""buy_9th_pre_req_pre"": ""0"", ""buy_10th_pre_bid"": ""-11770"", ""buy_10th_pre_req"": ""16"", ""buy_10th_pre_req_pre"": ""0"", ""tot_sel_req_jub_pre"": ""0"", ""tot_sel_req"": ""1664"", ""tot_buy_req"": ""2230"", ""tot_buy_req_jub_pre"": ""--49"", ""ovt_sel_req_pre"": ""0"", ""ovt_sel_req"": ""0"", ""ovt_buy_req"": ""0"", ""ovt_buy_req_pre"": ""0"", ""return_code"": 0, ""return_msg"": ""정상적으로 처리되었습니다""}"
2026-06-10,scan_candidate,005090,,0,main_scan,51000,,51000,50800,51000,51400,0.5882352941176471,0.39215686274509803,,,,,,"{""bid_req_base_tm"": ""095645"", ""sel_10th_pre_req_pre"": ""0"", ""sel_10th_pre_req"": ""10"", ""sel_10th_pre_bid"": ""+52400"", ""sel_9th_pre_req_pre"": ""0"", ""sel_9th_pre_req"": ""504"", ""sel_9th_pre_bid"": ""+52200"", ""sel_8th_pre_req_pre"": ""0"", ""sel_8th_pre_req"": ""219"", ""sel_8th_pre_bid"": ""+52100"", ""sel_7th_pre_req_pre"": ""0"", ""sel_7th_pre_req"": ""4"", ""sel_7th_pre_bid"": ""+52000"", ""sel_6th_pre_req_pre"": ""0"", ""sel_6th_pre_req"": ""98"", ""sel_6th_pre_bid"": ""+51600"", ""sel_5th_pre_req_pre"": ""0"", ""sel_5th_pre_req"": ""20"", ""sel_5th_pre_bid"": ""+51500"", ""sel_4th_pre_req_pre"": ""0"", ""sel_4th_pre_req"": ""108"", ""sel_4th_pre_bid"": ""+51400"", ""sel_3th_pre_req_pre"": ""0"", ""sel_3th_pre_req"": ""205"", ""sel_3th_pre_bid"": ""+51300"", ""sel_2th_pre_req_pre"": ""0"", ""sel_2th_pre_req"": ""103"", ""sel_2th_pre_bid"": ""+51100"", ""sel_1th_pre_req_pre"": ""--3"", ""sel_fpr_req"": ""43"", ""sel_fpr_bid"": ""+51000"", ""buy_fpr_bid"": ""+50800"", ""buy_fpr_req"": ""200"", ""buy_1th_pre_req_pre"": ""0"", ""buy_2th_pre_bid"": ""+50700"", ""buy_2th_pre_req"": ""103"", ""buy_2th_pre_req_pre"": ""0"", ""buy_3th_pre_bid"": ""+50600"", ""buy_3th_pre_req"": ""267"", ""buy_3th_pre_req_pre"": ""0"", ""buy_4th_pre_bid"": ""50500"", ""buy_4th_pre_req"": ""469"", ""buy_4th_pre_req_pre"": ""0"", ""buy_5th_pre_bid"": ""-50400"", ""buy_5th_pre_req"": ""363"", ""buy_5th_pre_req_pre"": ""0"", ""buy_6th_pre_bid"": ""-50300"", ""buy_6th_pre_req"": ""190"", ""buy_6th_pre_req_pre"": ""0"", ""buy_7th_pre_bid"": ""-50200"", ""buy_7th_pre_req"": ""78"", ""buy_7th_pre_req_pre"": ""0"", ""buy_8th_pre_bid"": ""-50100"", ""buy_8th_pre_req"": ""298"", ""buy_8th_pre_req_pre"": ""0"", ""buy_9th_pre_bid"": ""-50000"", ""buy_9th_pre_req"": ""831"", ""buy_9th_pre_req_pre"": ""0"", ""buy_10th_pre_bid"": ""-49950"", ""buy_10th_pre_req"": ""69"", ""buy_10th_pre_req_pre"": ""0"", ""tot_sel_req_jub_pre"": ""--3"", ""tot_sel_req"": ""1314"", ""tot_buy_req"": ""2868"", ""tot_buy_req_jub_pre"": ""0"", ""ovt_sel_req_pre"": ""0"", ""ovt_sel_req"": ""0"", ""ovt_buy_req"": ""0"", ""ovt_buy_req_pre"": ""0"", ""return_code"": 0, ""return_msg"": ""정상적으로 처리되었습니다""}"
2026-06-10,scan_candidate,017900,,0,main_scan,10300,,10300,10270,10300,10250,-0.9708737864077669,0.2912621359223301,,,,,,"{""bid_req_base_tm"": ""095646"", ""sel_10th_pre_req_pre"": ""0"", ""sel_10th_pre_req"": ""865"", ""sel_10th_pre_bid"": ""+10390"", ""sel_9th_pre_req_pre"": ""0"", ""sel_9th_pre_req"": ""544"", ""sel_9th_pre_bid"": ""+10380"", ""sel_8th_pre_req_pre"": ""0"", ""sel_8th_pre_req"": ""2487"", ""sel_8th_pre_bid"": ""+10370"", ""sel_7th_pre_req_pre"": ""0"", ""sel_7th_pre_req"": ""387"", ""sel_7th_pre_bid"": ""+10360"", ""sel_6th_pre_req_pre"": ""0"", ""sel_6th_pre_req"": ""5249"", ""sel_6th_pre_bid"": ""+10350"", ""sel_5th_pre_req_pre"": ""0"", ""sel_5th_pre_req"": ""114"", ""sel_5th_pre_bid"": ""+10340"", ""sel_4th_pre_req_pre"": ""0"", ""sel_4th_pre_req"": ""1642"", ""sel_4th_pre_bid"": ""+10330"", ""sel_3th_pre_req_pre"": ""+18"", ""sel_3th_pre_req"": ""4173"", ""sel_3th_pre_bid"": ""+10320"", ""sel_2th_pre_req_pre"": ""0"", ""sel_2th_pre_req"": ""5007"", ""sel_2th_pre_bid"": ""+10310"", ""sel_1th_pre_req_pre"": ""--38"", ""sel_fpr_req"": ""805"", ""sel_fpr_bid"": ""+10300"", ""buy_fpr_bid"": ""+10270"", ""buy_fpr_req"": ""133"", ""buy_1th_pre_req_pre"": ""+4"", ""buy_2th_pre_bid"": ""+10260"", ""buy_2th_pre_req"": ""520"", ""buy_2th_pre_req_pre"": ""0"", ""buy_3th_pre_bid"": ""+10250"", ""buy_3th_pre_req"": ""3075"", ""buy_3th_pre_req_pre"": ""0"", ""buy_4th_pre_bid"": ""+10240"", ""buy_4th_pre_req"": ""3507"", ""buy_4th_pre_req_pre"": ""0"", ""buy_5th_pre_bid"": ""+10230"", ""buy_5th_pre_req"": ""419"", ""buy_5th_pre_req_pre"": ""--196"", ""buy_6th_pre_bid"": ""+10220"", ""buy_6th_pre_req"": ""677"", ""buy_6th_pre_req_pre"": ""0"", ""buy_7th_pre_bid"": ""+10210"", ""buy_7th_pre_req"": ""508"", ""buy_7th_pre_req_pre"": ""0"", ""buy_8th_pre_bid"": ""+10200"", ""buy_8th_pre_req"": ""2660"", ""buy_8th_pre_req_pre"": ""0"", ""buy_9th_pre_bid"": ""+10190"", ""buy_9th_pre_req"": ""205"", ""buy_9th_pre_req_pre"": ""0"", ""buy_10th_pre_bid"": ""+10180"", ""buy_10th_pre_req"": ""311"", ""buy_10th_pre_req_pre"": ""0"", ""tot_sel_req_jub_pre"": ""+830"", ""tot_sel_req"": ""21273"", ""tot_buy_req"": ""12015"", ""tot_buy_req_jub_pre"": ""--192"", ""ovt_sel_req_pre"": ""0"", ""ovt_sel_req"": ""0"", ""ovt_buy_req"": ""0"", ""ovt_buy_req_pre"": ""0"", ""return_code"": 0, ""return_msg"": ""정상적으로 처리되었습니다""}"
2026-06-10,scan_candidate,006220,,0,main_scan,11340,,11340,11330,11340,11350,-0.3527336860670194,0.08818342151675485,,,,,,"{""bid_req_base_tm"": ""095645"", ""sel_10th_pre_req_pre"": ""0"", ""sel_10th_pre_req"": ""94"", ""sel_10th_pre_bid"": ""+11450"", ""sel_9th_pre_req_pre"": ""0"", ""sel_9th_pre_req"": ""47"", ""sel_9th_pre_bid"": ""+11440"", ""sel_8th_pre_req_pre"": ""0"", ""sel_8th_pre_req"": ""32"", ""sel_8th_pre_bid"": ""+11430"", ""sel_7th_pre_req_pre"": ""0"", ""sel_7th_pre_req"": ""1034"", ""sel_7th_pre_bid"": ""+11420"", ""sel_6th_pre_req_pre"": ""0"", ""sel_6th_pre_req"": ""1001"", ""sel_6th_pre_bid"": ""+11400"", ""sel_5th_pre_req_pre"": ""0"", ""sel_5th_pre_req"": ""1601"", ""sel_5th_pre_bid"": ""+11390"", ""sel_4th_pre_req_pre"": ""0"", ""sel_4th_pre_req"": ""527"", ""sel_4th_pre_bid"": ""+11380"", ""sel_3th_pre_req_pre"": ""0"", ""sel_3th_pre_req"": ""60"", ""sel_3th_pre_bid"": ""+11360"", ""sel_2th_pre_req_pre"": ""0"", ""sel_2th_pre_req"": ""400"", ""sel_2th_pre_bid"": ""+11350"", ""sel_1th_pre_req_pre"": ""0"", ""sel_fpr_req"": ""193"", ""sel_fpr_bid"": ""+11340"", ""buy_fpr_bid"": ""+11330"", ""buy_fpr_req"": ""159"", ""buy_1th_pre_req_pre"": ""0"", ""buy_2th_pre_bid"": ""+11320"", ""buy_2th_pre_req"": ""116"", ""buy_2th_pre_req_pre"": ""0"", ""buy_3th_pre_bid"": ""+11310"", ""buy_3th_pre_req"": ""175"", ""buy_3th_pre_req_pre"": ""0"", ""buy_4th_pre_bid"": ""+11300"", ""buy_4th_pre_req"": ""413"", ""buy_4th_pre_req_pre"": ""0"", ""buy_5th_pre_bid"": ""+11290"", ""buy_5th_pre_req"": ""3420"", ""buy_5th_pre_req_pre"": ""0"", ""buy_6th_pre_bid"": ""+11280"", ""buy_6th_pre_req"": ""1487"", ""buy_6th_pre_req_pre"": ""0"", ""buy_7th_pre_bid"": ""+11270"", ""buy_7th_pre_req"": ""1354"", ""buy_7th_pre_req_pre"": ""0"", ""buy_8th_pre_bid"": ""+11260"", ""buy_8th_pre_req"": ""1447"", ""buy_8th_pre_req_pre"": ""0"", ""buy_9th_pre_bid"": ""+11250"", ""buy_9th_pre_req"": ""1669"", ""buy_9th_pre_req_pre"": ""0"", ""buy_10th_pre_bid"": ""+11240"", ""buy_10th_pre_req"": ""345"", ""buy_10th_pre_req_pre"": ""0"", ""tot_sel_req_jub_pre"": ""0"", ""tot_sel_req"": ""4989"", ""tot_buy_req"": ""10585"", ""tot_buy_req_jub_pre"": ""0"", ""ovt_sel_req_pre"": ""0"", ""ovt_sel_req"": ""0"", ""ovt_buy_req"": ""0"", ""ovt_buy_req_pre"": ""0"", ""return_code"": 0, ""return_msg"": ""정상적으로 처리되었습니다""}"
2026-06-10,scan_candidate,092200,,0,main_scan,9790,,9790,9780,9790,9840,0.40858018386108275,0.10214504596527069,,,,,,"{""bid_req_base_tm"": ""095646"", ""sel_10th_pre_req_pre"": ""0"", ""sel_10th_pre_req"": ""269"", ""sel_10th_pre_bid"": ""-9930"", ""sel_9th_pre_req_pre"": ""0"", ""sel_9th_pre_req"": ""1790"", ""sel_9th_pre_bid"": ""-9920"", ""sel_8th_pre_req_pre"": ""0"", ""sel_8th_pre_req"": ""321"", ""sel_8th_pre_bid"": ""-9890"", ""sel_7th_pre_req_pre"": ""0"", ""sel_7th_pre_req"": ""159"", ""sel_7th_pre_bid"": ""-9870"", ""sel_6th_pre_req_pre"": ""0"", ""sel_6th_pre_req"": ""37"", ""sel_6th_pre_bid"": ""-9860"", ""sel_5th_pre_req_pre"": ""0"", ""sel_5th_pre_req"": ""170"", ""sel_5th_pre_bid"": ""-9850"", ""sel_4th_pre_req_pre"": ""0"", ""sel_4th_pre_req"": ""146"", ""sel_4th_pre_bid"": ""-9830"", ""sel_3th_pre_req_pre"": ""0"", ""sel_3th_pre_req"": ""1574"", ""sel_3th_pre_bid"": ""-9820"", ""sel_2th_pre_req_pre"": ""0"", ""sel_2th_pre_req"": ""770"", ""sel_2th_pre_bid"": ""-9810"", ""sel_1th_pre_req_pre"": ""0"", ""sel_fpr_req"": ""149"", ""sel_fpr_bid"": ""-9790"", ""buy_fpr_bid"": ""-9780"", ""buy_fpr_req"": ""3025"", ""buy_1th_pre_req_pre"": ""0"", ""buy_2th_pre_bid"": ""-9770"", ""buy_2th_pre_req"": ""2096"", ""buy_2th_pre_req_pre"": ""0"", ""buy_3th_pre_bid"": ""-9760"", ""buy_3th_pre_req"": ""1162"", ""buy_3th_pre_req_pre"": ""+1"", ""buy_4th_pre_bid"": ""-9750"", ""buy_4th_pre_req"": ""1456"", ""buy_4th_pre_req_pre"": ""0"", ""buy_5th_pre_bid"": ""-9740"", ""buy_5th_pre_req"": ""622"", ""buy_5th_pre_req_pre"": ""0"", ""buy_6th_pre_bid"": ""-9730"", ""buy_6th_pre_req"": ""180"", ""buy_6th_pre_req_pre"": ""0"", ""buy_7th_pre_bid"": ""-9720"", ""buy_7th_pre_req"": ""585"", ""buy_7th_pre_req_pre"": ""0"", ""buy_8th_pre_bid"": ""-9710"", ""buy_8th_pre_req"": ""1925"", ""buy_8th_pre_req_pre"": ""0"", ""buy_9th_pre_bid"": ""-9700"", ""buy_9th_pre_req"": ""2082"", ""buy_9th_pre_req_pre"": ""0"", ""buy_10th_pre_bid"": ""-9690"", ""buy_10th_pre_req"": ""184"", ""buy_10th_pre_req_pre"": ""0"", ""tot_sel_req_jub_pre"": ""0"", ""tot_sel_req"": ""5385"", ""tot_buy_req"": ""13317"", ""tot_buy_req_jub_pre"": ""+1"", ""ovt_sel_req_pre"": ""0"", ""ovt_sel_req"": ""0"", ""ovt_buy_req"": ""0"", ""ovt_buy_req_pre"": ""0"", ""return_code"": 0, ""return_msg"": ""정상적으로 처리되었습니다""}"
2026-06-10,scan_candidate,000430,,0,main_scan,5900,,5900,5890,5900,5930,0.3389830508474576,0.1694915254237288,,,,,,"{""bid_req_base_tm"": ""095646"", ""sel_10th_pre_req_pre"": ""0"", ""sel_10th_pre_req"": ""1025"", ""sel_10th_pre_bid"": ""-5990"", ""sel_9th_pre_req_pre"": ""0"", ""sel_9th_pre_req"": ""444"", ""sel_9th_pre_bid"": ""-5980"", ""sel_8th_pre_req_pre"": ""0"", ""sel_8th_pre_req"": ""354"", ""sel_8th_pre_bid"": ""-5970"", ""sel_7th_pre_req_pre"": ""0"", ""sel_7th_pre_req"": ""125"", ""sel_7th_pre_bid"": ""-5960"", ""sel_6th_pre_req_pre"": ""0"", ""sel_6th_pre_req"": ""144"", ""sel_6th_pre_bid"": ""-5950"", ""sel_5th_pre_req_pre"": ""0"", ""sel_5th_pre_req"": ""241"", ""sel_5th_pre_bid"": ""-5940"", ""sel_4th_pre_req_pre"": ""0"", ""sel_4th_pre_req"": ""239"", ""sel_4th_pre_bid"": ""-5930"", ""sel_3th_pre_req_pre"": ""0"", ""sel_3th_pre_req"": ""835"", ""sel_3th_pre_bid"": ""-5920"", ""sel_2th_pre_req_pre"": ""0"", ""sel_2th_pre_req"": ""341"", ""sel_2th_pre_bid"": ""-5910"", ""sel_1th_pre_req_pre"": ""0"", ""sel_fpr_req"": ""969"", ""sel_fpr_bid"": ""-5900"", ""buy_fpr_bid"": ""-5890"", ""buy_fpr_req"": ""2452"", ""buy_1th_pre_req_pre"": ""--891"", ""buy_2th_pre_bid"": ""-5880"", ""buy_2th_pre_req"": ""1848"", ""buy_2th_pre_req_pre"": ""0"", ""buy_3th_pre_bid"": ""-5870"", ""buy_3th_pre_req"": ""1325"", ""buy_3th_pre_req_pre"": ""0"", ""buy_4th_pre_bid"": ""-5860"", ""buy_4th_pre_req"": ""743"", ""buy_4th_pre_req_pre"": ""0"", ""buy_5th_pre_bid"": ""-5850"", ""buy_5th_pre_req"": ""726"", ""buy_5th_pre_req_pre"": ""0"", ""buy_6th_pre_bid"": ""-5840"", ""buy_6th_pre_req"": ""2513"", ""buy_6th_pre_req_pre"": ""0"", ""buy_7th_pre_bid"": ""-5830"", ""buy_7th_pre_req"": ""4869"", ""buy_7th_pre_req_pre"": ""0"", ""buy_8th_pre_bid"": ""-5820"", ""buy_8th_pre_req"": ""3884"", ""buy_8th_pre_req_pre"": ""0"", ""buy_9th_pre_bid"": ""-5810"", ""buy_9th_pre_req"": ""10553"", ""buy_9th_pre_req_pre"": ""0"", ""buy_10th_pre_bid"": ""-5800"", ""buy_10th_pre_req"": ""16840"", ""buy_10th_pre_req_pre"": ""0"", ""tot_sel_req_jub_pre"": ""0"", ""tot_sel_req"": ""4717"", ""tot_buy_req"": ""45753"", ""tot_buy_req_jub_pre"": ""--891"", ""ovt_sel_req_pre"": ""0"", ""ovt_sel_req"": ""0"", ""ovt_buy_req"": ""0"", ""ovt_buy_req_pre"": ""0"", ""return_code"": 0, ""return_msg"": ""정상적으로 처리되었습니다""}"
2026-06-10,scan_candidate,010690,,0,main_scan,11050,,11050,11020,11050,10950,-1.3574660633484164,0.27149321266968324,,,,,,"{""bid_req_base_tm"": ""095647"", ""sel_10th_pre_req_pre"": ""0"", ""sel_10th_pre_req"": ""196"", ""sel_10th_pre_bid"": ""+11140"", ""sel_9th_pre_req_pre"": ""0"", ""sel_9th_pre_req"": ""62"", ""sel_9th_pre_bid"": ""+11130"", ""sel_8th_pre_req_pre"": ""0"", ""sel_8th_pre_req"": ""51"", ""sel_8th_pre_bid"": ""+11120"", ""sel_7th_pre_req_pre"": ""+2"", ""sel_7th_pre_req"": ""329"", ""sel_7th_pre_bid"": ""+11110"", ""sel_6th_pre_req_pre"": ""0"", ""sel_6th_pre_req"": ""708"", ""sel_6th_pre_bid"": ""+11100"", ""sel_5th_pre_req_pre"": ""0"", ""sel_5th_pre_req"": ""191"", ""sel_5th_pre_bid"": ""+11090"", ""sel_4th_pre_req_pre"": ""0"", ""sel_4th_pre_req"": ""108"", ""sel_4th_pre_bid"": ""+11080"", ""sel_3th_pre_req_pre"": ""0"", ""sel_3th_pre_req"": ""682"", ""sel_3th_pre_bid"": ""+11070"", ""sel_2th_pre_req_pre"": ""+289"", ""sel_2th_pre_req"": ""946"", ""sel_2th_pre_bid"": ""+11060"", ""sel_1th_pre_req_pre"": ""--1"", ""sel_fpr_req"": ""283"", ""sel_fpr_bid"": ""+11050"", ""buy_fpr_bid"": ""+11020"", ""buy_fpr_req"": ""45"", ""buy_1th_pre_req_pre"": ""0"", ""buy_2th_pre_bid"": ""+11010"", ""buy_2th_pre_req"": ""10"", ""buy_2th_pre_req_pre"": ""0"", ""buy_3th_pre_bid"": ""+11000"", ""buy_3th_pre_req"": ""14"", ""buy_3th_pre_req_pre"": ""0"", ""buy_4th_pre_bid"": ""+10970"", ""buy_4th_pre_req"": ""52"", ""buy_4th_pre_req_pre"": ""0"", ""buy_5th_pre_bid"": ""+10960"", ""buy_5th_pre_req"": ""12"", ""buy_5th_pre_req_pre"": ""0"", ""buy_6th_pre_bid"": ""+10950"", ""buy_6th_pre_req"": ""340"", ""buy_6th_pre_req_pre"": ""+7"", ""buy_7th_pre_bid"": ""+10940"", ""buy_7th_pre_req"": ""1"", ""buy_7th_pre_req_pre"": ""0"", ""buy_8th_pre_bid"": ""+10930"", ""buy_8th_pre_req"": ""143"", ""buy_8th_pre_req_pre"": ""0"", ""buy_9th_pre_bid"": ""+10920"", ""buy_9th_pre_req"": ""207"", ""buy_9th_pre_req_pre"": ""0"", ""buy_10th_pre_bid"": ""+10910"", ""buy_10th_pre_req"": ""215"", ""buy_10th_pre_req_pre"": ""0"", ""tot_sel_req_jub_pre"": ""+290"", ""tot_sel_req"": ""3556"", ""tot_buy_req"": ""1039"", ""tot_buy_req_jub_pre"": ""+7"", ""ovt_sel_req_pre"": ""0"", ""ovt_sel_req"": ""0"", ""ovt_buy_req"": ""0"", ""ovt_buy_req_pre"": ""0"", ""return_code"": 0, ""return_msg"": ""정상적으로 처리되었습니다""}"
2026-06-10,scan_candidate,005950,,0,main_scan,11970,,11970,11920,11970,11900,-1.0025062656641603,0.4177109440267335,,,,,,"{""bid_req_base_tm"": ""095645"", ""sel_10th_pre_req_pre"": ""0"", ""sel_10th_pre_req"": ""14"", ""sel_10th_pre_bid"": ""+12080"", ""sel_9th_pre_req_pre"": ""0"", ""sel_9th_pre_req"": ""84"", ""sel_9th_pre_bid"": ""+12070"", ""sel_8th_pre_req_pre"": ""0"", ""sel_8th_pre_req"": ""232"", ""sel_8th_pre_bid"": ""+12060"", ""sel_7th_pre_req_pre"": ""0"", ""sel_7th_pre_req"": ""215"", ""sel_7th_pre_bid"": ""+12050"", ""sel_6th_pre_req_pre"": ""0"", ""sel_6th_pre_req"": ""535"", ""sel_6th_pre_bid"": ""+12040"", ""sel_5th_pre_req_pre"": ""0"", ""sel_5th_pre_req"": ""257"", ""sel_5th_pre_bid"": ""+12030"", ""sel_4th_pre_req_pre"": ""0"", ""sel_4th_pre_req"": ""102"", ""sel_4th_pre_bid"": ""+12020"", ""sel_3th_pre_req_pre"": ""0"", ""sel_3th_pre_req"": ""101"", ""sel_3th_pre_bid"": ""+12000"", ""sel_2th_pre_req_pre"": ""0"", ""sel_2th_pre_req"": ""490"", ""sel_2th_pre_bid"": ""+11990"", ""sel_1th_pre_req_pre"": ""0"", ""sel_fpr_req"": ""765"", ""sel_fpr_bid"": ""+11970"", ""buy_fpr_bid"": ""+11920"", ""buy_fpr_req"": ""50"", ""buy_1th_pre_req_pre"": ""0"", ""buy_2th_pre_bid"": ""+11910"", ""buy_2th_pre_req"": ""104"", ""buy_2th_pre_req_pre"": ""0"", ""buy_3th_pre_bid"": ""+11900"", ""buy_3th_pre_req"": ""240"", ""buy_3th_pre_req_pre"": ""0"", ""buy_4th_pre_bid"": ""+11890"", ""buy_4th_pre_req"": ""297"", ""buy_4th_pre_req_pre"": ""0"", ""buy_5th_pre_bid"": ""+11880"", ""buy_5th_pre_req"": ""273"", ""buy_5th_pre_req_pre"": ""0"", ""buy_6th_pre_bid"": ""+11870"", ""buy_6th_pre_req"": ""145"", ""buy_6th_pre_req_pre"": ""0"", ""buy_7th_pre_bid"": ""+11860"", ""buy_7th_pre_req"": ""25"", ""buy_7th_pre_req_pre"": ""0"", ""buy_8th_pre_bid"": ""+11850"", ""buy_8th_pre_req"": ""219"", ""buy_8th_pre_req_pre"": ""0"", ""buy_9th_pre_bid"": ""+11840"", ""buy_9th_pre_req"": ""10"", ""buy_9th_pre_req_pre"": ""0"", ""buy_10th_pre_bid"": ""+11830"", ""buy_10th_pre_req"": ""207"", ""buy_10th_pre_req_pre"": ""0"", ""tot_sel_req_jub_pre"": ""0"", ""tot_sel_req"": ""2795"", ""tot_buy_req"": ""1570"", ""tot_buy_req_jub_pre"": ""--41"", ""ovt_sel_req_pre"": ""0"", ""ovt_sel_req"": ""0"", ""ovt_buy_req"": ""0"", ""ovt_buy_req_pre"": ""0"", ""return_code"": 0, ""return_msg"": ""정상적으로 처리되었습니다""}"
2026-06-10,watchlist,014680,,1,filtered_candidate_recheck,259500,,259500,259000,259500,261000,0.3853564547206166,0.1926782273603083,,,,,,"{""bid_req_base_tm"": ""095828"", ""sel_10th_pre_req_pre"": ""0"", ""sel_10th_pre_req"": ""107"", ""sel_10th_pre_bid"": ""+264000"", ""sel_9th_pre_req_pre"": ""0"", ""sel_9th_pre_req"": ""14"", ""sel_9th_pre_bid"": ""+263500"", ""sel_8th_pre_req_pre"": ""0"", ""sel_8th_pre_req"": ""11"", ""sel_8th_pre_bid"": ""+263000"", ""sel_7th_pre_req_pre"": ""0"", ""sel_7th_pre_req"": ""12"", ""sel_7th_pre_bid"": ""+262500"", ""sel_6th_pre_req_pre"": ""0"", ""sel_6th_pre_req"": ""9"", ""sel_6th_pre_bid"": ""+262000"", ""sel_5th_pre_req_pre"": ""0"", ""sel_5th_pre_req"": ""1"", ""sel_5th_pre_bid"": ""+261500"", ""sel_4th_pre_req_pre"": ""0"", ""sel_4th_pre_req"": ""16"", ""sel_4th_pre_bid"": ""+261000"", ""sel_3th_pre_req_pre"": ""0"", ""sel_3th_pre_req"": ""70"", ""sel_3th_pre_bid"": ""+260500"", ""sel_2th_pre_req_pre"": ""0"", ""sel_2th_pre_req"": ""21"", ""sel_2th_pre_bid"": ""+260000"", ""sel_1th_pre_req_pre"": ""+1"", ""sel_fpr_req"": ""7"", ""sel_fpr_bid"": ""+259500"", ""buy_fpr_bid"": ""+259000"", ""buy_fpr_req"": ""219"", ""buy_1th_pre_req_pre"": ""0"", ""buy_2th_pre_bid"": ""+258500"", ""buy_2th_pre_req"": ""157"", ""buy_2th_pre_req_pre"": ""0"", ""buy_3th_pre_bid"": ""+258000"", ""buy_3th_pre_req"": ""118"", ""buy_3th_pre_req_pre"": ""0"", ""buy_4th_pre_bid"": ""+257500"", ""buy_4th_pre_req"": ""132"", ""buy_4th_pre_req_pre"": ""0"", ""buy_5th_pre_bid"": ""+257000"", ""buy_5th_pre_req"": ""138"", ""buy_5th_pre_req_pre"": ""0"", ""buy_6th_pre_bid"": ""+256500"", ""buy_6th_pre_req"": ""3"", ""buy_6th_pre_req_pre"": ""0"", ""buy_7th_pre_bid"": ""+256000"", ""buy_7th_pre_req"": ""2"", ""buy_7th_pre_req_pre"": ""0"", ""buy_8th_pre_bid"": ""+255500"", ""buy_8th_pre_req"": ""68"", ""buy_8th_pre_req_pre"": ""0"", ""buy_9th_pre_bid"": ""+255000"", ""buy_9th_pre_req"": ""2"", ""buy_9th_pre_req_pre"": ""0"", ""buy_10th_pre_bid"": ""+254500"", ""buy_10th_pre_req"": ""23"", ""buy_10th_pre_req_pre"": ""0"", ""tot_sel_req_jub_pre"": ""+1"", ""tot_sel_req"": ""268"", ""tot_buy_req"": ""862"", ""tot_buy_req_jub_pre"": ""0"", ""ovt_sel_req_pre"": ""0"", ""ovt_sel_req"": ""0"", ""ovt_buy_req"": ""0"", ""ovt_buy_req_pre"": ""0"", ""return_code"": 0, ""return_msg"": ""정상적으로 처리되었습니다""}"
2026-06-10,watchlist,035420,,0,filtered_candidate_recheck,237500,,237500,237000,237500,238500,0.21052631578947367,0.21052631578947367,,,,,,"{""bid_req_base_tm"": ""095832"", ""sel_10th_pre_req_pre"": ""0"", ""sel_10th_pre_req"": ""2486"", ""sel_10th_pre_bid"": ""-242000"", ""sel_9th_pre_req_pre"": ""0"", ""sel_9th_pre_req"": ""2090"", ""sel_9th_pre_bid"": ""-241500"", ""sel_8th_pre_req_pre"": ""0"", ""sel_8th_pre_req"": ""1674"", ""sel_8th_pre_bid"": ""-241000"", ""sel_7th_pre_req_pre"": ""0"", ""sel_7th_pre_req"": ""1438"", ""sel_7th_pre_bid"": ""-240500"", ""sel_6th_pre_req_pre"": ""0"", ""sel_6th_pre_req"": ""4420"", ""sel_6th_pre_bid"": ""-240000"", ""sel_5th_pre_req_pre"": ""0"", ""sel_5th_pre_req"": ""1930"", ""sel_5th_pre_bid"": ""-239500"", ""sel_4th_pre_req_pre"": ""0"", ""sel_4th_pre_req"": ""2019"", ""sel_4th_pre_bid"": ""-239000"", ""sel_3th_pre_req_pre"": ""0"", ""sel_3th_pre_req"": ""2227"", ""sel_3th_pre_bid"": ""-238500"", ""sel_2th_pre_req_pre"": ""0"", ""sel_2th_pre_req"": ""2387"", ""sel_2th_pre_bid"": ""-238000"", ""sel_1th_pre_req_pre"": ""0"", ""sel_fpr_req"": ""2233"", ""sel_fpr_bid"": ""-237500"", ""buy_fpr_bid"": ""-237000"", ""buy_fpr_req"": ""758"", ""buy_1th_pre_req_pre"": ""0"", ""buy_2th_pre_bid"": ""-236500"", ""buy_2th_pre_req"": ""4541"", ""buy_2th_pre_req_pre"": ""0"", ""buy_3th_pre_bid"": ""-236000"", ""buy_3th_pre_req"": ""6709"", ""buy_3th_pre_req_pre"": ""0"", ""buy_4th_pre_bid"": ""-235500"", ""buy_4th_pre_req"": ""6896"", ""buy_4th_pre_req_pre"": ""0"", ""buy_5th_pre_bid"": ""-235000"", ""buy_5th_pre_req"": ""18442"", ""buy_5th_pre_req_pre"": ""0"", ""buy_6th_pre_bid"": ""-234500"", ""buy_6th_pre_req"": ""52995"", ""buy_6th_pre_req_pre"": ""0"", ""buy_7th_pre_bid"": ""-234000"", ""buy_7th_pre_req"": ""7195"", ""buy_7th_pre_req_pre"": ""0"", ""buy_8th_pre_bid"": ""-233500"", ""buy_8th_pre_req"": ""5893"", ""buy_8th_pre_req_pre"": ""0"", ""buy_9th_pre_bid"": ""-233000"", ""buy_9th_pre_req"": ""10250"", ""buy_9th_pre_req_pre"": ""0"", ""buy_10th_pre_bid"": ""-232500"", ""buy_10th_pre_req"": ""6421"", ""buy_10th_pre_req_pre"": ""0"", ""tot_sel_req_jub_pre"": ""0"", ""tot_sel_req"": ""22904"", ""tot_buy_req"": ""120100"", ""tot_buy_req_jub_pre"": ""0"", ""ovt_sel_req_pre"": ""0"", ""ovt_sel_req"": ""0"", ""ovt_buy_req"": ""0"", ""ovt_buy_req_pre"": ""0"", ""return_code"": 0, ""return_msg"": ""정상적으로 처리되었습니다""}"
2026-06-10,watchlist,036570,,0,filtered_candidate_recheck,258000,,258000,257500,258000,258500,0.0,0.1937984496124031,,,,,,"{""bid_req_base_tm"": ""095831"", ""sel_10th_pre_req_pre"": ""0"", ""sel_10th_pre_req"": ""9"", ""sel_10th_pre_bid"": ""-262500"", ""sel_9th_pre_req_pre"": ""0"", ""sel_9th_pre_req"": ""23"", ""sel_9th_pre_bid"": ""-262000"", ""sel_8th_pre_req_pre"": ""0"", ""sel_8th_pre_req"": ""1"", ""sel_8th_pre_bid"": ""-261500"", ""sel_7th_pre_req_pre"": ""0"", ""sel_7th_pre_req"": ""36"", ""sel_7th_pre_bid"": ""-261000"", ""sel_6th_pre_req_pre"": ""0"", ""sel_6th_pre_req"": ""37"", ""sel_6th_pre_bid"": ""-260500"", ""sel_5th_pre_req_pre"": ""0"", ""sel_5th_pre_req"": ""172"", ""sel_5th_pre_bid"": ""-260000"", ""sel_4th_pre_req_pre"": ""0"", ""sel_4th_pre_req"": ""33"", ""sel_4th_pre_bid"": ""-259500"", ""sel_3th_pre_req_pre"": ""0"", ""sel_3th_pre_req"": ""95"", ""sel_3th_pre_bid"": ""-259000"", ""sel_2th_pre_req_pre"": ""0"", ""sel_2th_pre_req"": ""46"", ""sel_2th_pre_bid"": ""-258500"", ""sel_1th_pre_req_pre"": ""--2"", ""sel_fpr_req"": ""68"", ""sel_fpr_bid"": ""-258000"", ""buy_fpr_bid"": ""-257500"", ""buy_fpr_req"": ""149"", ""buy_1th_pre_req_pre"": ""0"", ""buy_2th_pre_bid"": ""-257000"", ""buy_2th_pre_req"": ""111"", ""buy_2th_pre_req_pre"": ""0"", ""buy_3th_pre_bid"": ""-256500"", ""buy_3th_pre_req"": ""39"", ""buy_3th_pre_req_pre"": ""0"", ""buy_4th_pre_bid"": ""-256000"", ""buy_4th_pre_req"": ""73"", ""buy_4th_pre_req_pre"": ""0"", ""buy_5th_pre_bid"": ""-255500"", ""buy_5th_pre_req"": ""39"", ""buy_5th_pre_req_pre"": ""0"", ""buy_6th_pre_bid"": ""-255000"", ""buy_6th_pre_req"": ""184"", ""buy_6th_pre_req_pre"": ""0"", ""buy_7th_pre_bid"": ""-254500"", ""buy_7th_pre_req"": ""166"", ""buy_7th_pre_req_pre"": ""0"", ""buy_8th_pre_bid"": ""-254000"", ""buy_8th_pre_req"": ""297"", ""buy_8th_pre_req_pre"": ""0"", ""buy_9th_pre_bid"": ""-253500"", ""buy_9th_pre_req"": ""494"", ""buy_9th_pre_req_pre"": ""0"", ""buy_10th_pre_bid"": ""-253000"", ""buy_10th_pre_req"": ""728"", ""buy_10th_pre_req_pre"": ""0"", ""tot_sel_req_jub_pre"": ""--2"", ""tot_sel_req"": ""520"", ""tot_buy_req"": ""2280"", ""tot_buy_req_jub_pre"": ""0"", ""ovt_sel_req_pre"": ""0"", ""ovt_sel_req"": ""0"", ""ovt_buy_req"": ""0"", ""ovt_buy_req_pre"": ""0"", ""return_code"": 0, ""return_msg"": ""정상적으로 처리되었습니다""}"
2026-06-10,watchlist,005090,,1,filtered_candidate_recheck,51100,,51100,50900,51100,51300,0.19569471624266144,0.3913894324853229,,,,,,"{""bid_req_base_tm"": ""095829"", ""sel_10th_pre_req_pre"": ""0"", ""sel_10th_pre_req"": ""10"", ""sel_10th_pre_bid"": ""+52400"", ""sel_9th_pre_req_pre"": ""0"", ""sel_9th_pre_req"": ""504"", ""sel_9th_pre_bid"": ""+52200"", ""sel_8th_pre_req_pre"": ""0"", ""sel_8th_pre_req"": ""219"", ""sel_8th_pre_bid"": ""+52100"", ""sel_7th_pre_req_pre"": ""0"", ""sel_7th_pre_req"": ""4"", ""sel_7th_pre_bid"": ""+52000"", ""sel_6th_pre_req_pre"": ""0"", ""sel_6th_pre_req"": ""98"", ""sel_6th_pre_bid"": ""+51600"", ""sel_5th_pre_req_pre"": ""0"", ""sel_5th_pre_req"": ""20"", ""sel_5th_pre_bid"": ""+51500"", ""sel_4th_pre_req_pre"": ""0"", ""sel_4th_pre_req"": ""108"", ""sel_4th_pre_bid"": ""+51400"", ""sel_3th_pre_req_pre"": ""0"", ""sel_3th_pre_req"": ""209"", ""sel_3th_pre_bid"": ""+51300"", ""sel_2th_pre_req_pre"": ""0"", ""sel_2th_pre_req"": ""42"", ""sel_2th_pre_bid"": ""+51200"", ""sel_1th_pre_req_pre"": ""+19"", ""sel_fpr_req"": ""58"", ""sel_fpr_bid"": ""+51100"", ""buy_fpr_bid"": ""+50900"", ""buy_fpr_req"": ""1"", ""buy_1th_pre_req_pre"": ""0"", ""buy_2th_pre_bid"": ""+50800"", ""buy_2th_pre_req"": ""80"", ""buy_2th_pre_req_pre"": ""0"", ""buy_3th_pre_bid"": ""+50700"", ""buy_3th_pre_req"": ""123"", ""buy_3th_pre_req_pre"": ""0"", ""buy_4th_pre_bid"": ""+50600"", ""buy_4th_pre_req"": ""172"", ""buy_4th_pre_req_pre"": ""0"", ""buy_5th_pre_bid"": ""50500"", ""buy_5th_pre_req"": ""471"", ""buy_5th_pre_req_pre"": ""0"", ""buy_6th_pre_bid"": ""-50400"", ""buy_6th_pre_req"": ""363"", ""buy_6th_pre_req_pre"": ""0"", ""buy_7th_pre_bid"": ""-50300"", ""buy_7th_pre_req"": ""191"", ""buy_7th_pre_req_pre"": ""0"", ""buy_8th_pre_bid"": ""-50200"", ""buy_8th_pre_req"": ""78"", ""buy_8th_pre_req_pre"": ""0"", ""buy_9th_pre_bid"": ""-50100"", ""buy_9th_pre_req"": ""1298"", ""buy_9th_pre_req_pre"": ""0"", ""buy_10th_pre_bid"": ""-50000"", ""buy_10th_pre_req"": ""831"", ""buy_10th_pre_req_pre"": ""0"", ""tot_sel_req_jub_pre"": ""+19"", ""tot_sel_req"": ""1272"", ""tot_buy_req"": ""3608"", ""tot_buy_req_jub_pre"": ""0"", ""ovt_sel_req_pre"": ""0"", ""ovt_sel_req"": ""0"", ""ovt_buy_req"": ""0"", ""ovt_buy_req_pre"": ""0"", ""return_code"": 0, ""return_msg"": ""정상적으로 처리되었습니다""}"
2026-06-10,watchlist,066570,,0,filtered_candidate_recheck,232500,,232500,232000,232500,233500,0.21505376344086022,0.21505376344086022,,,,,,"{""bid_req_base_tm"": ""095833"", ""sel_10th_pre_req_pre"": ""0"", ""sel_10th_pre_req"": ""1460"", ""sel_10th_pre_bid"": ""-237000"", ""sel_9th_pre_req_pre"": ""0"", ""sel_9th_pre_req"": ""624"", ""sel_9th_pre_bid"": ""-236500"", ""sel_8th_pre_req_pre"": ""0"", ""sel_8th_pre_req"": ""3088"", ""sel_8th_pre_bid"": ""-236000"", ""sel_7th_pre_req_pre"": ""0"", ""sel_7th_pre_req"": ""604"", ""sel_7th_pre_bid"": ""-235500"", ""sel_6th_pre_req_pre"": ""0"", ""sel_6th_pre_req"": ""1936"", ""sel_6th_pre_bid"": ""-235000"", ""sel_5th_pre_req_pre"": ""0"", ""sel_5th_pre_req"": ""579"", ""sel_5th_pre_bid"": ""-234500"", ""sel_4th_pre_req_pre"": ""0"", ""sel_4th_pre_req"": ""266"", ""sel_4th_pre_bid"": ""-234000"", ""sel_3th_pre_req_pre"": ""0"", ""sel_3th_pre_req"": ""1621"", ""sel_3th_pre_bid"": ""-233500"", ""sel_2th_pre_req_pre"": ""--22"", ""sel_2th_pre_req"": ""2213"", ""sel_2th_pre_bid"": ""-233000"", ""sel_1th_pre_req_pre"": ""+23"", ""sel_fpr_req"": ""2118"", ""sel_fpr_bid"": ""-232500"", ""buy_fpr_bid"": ""-232000"", ""buy_fpr_req"": ""2025"", ""buy_1th_pre_req_pre"": ""+20"", ""buy_2th_pre_bid"": ""-231500"", ""buy_2th_pre_req"": ""1120"", ""buy_2th_pre_req_pre"": ""0"", ""buy_3th_pre_bid"": ""-231000"", ""buy_3th_pre_req"": ""6781"", ""buy_3th_pre_req_pre"": ""0"", ""buy_4th_pre_bid"": ""-230500"", ""buy_4th_pre_req"": ""7974"", ""buy_4th_pre_req_pre"": ""0"", ""buy_5th_pre_bid"": ""-230000"", ""buy_5th_pre_req"": ""33360"", ""buy_5th_pre_req_pre"": ""+16"", ""buy_6th_pre_bid"": ""-229500"", ""buy_6th_pre_req"": ""3489"", ""buy_6th_pre_req_pre"": ""0"", ""buy_7th_pre_bid"": ""-229000"", ""buy_7th_pre_req"": ""7525"", ""buy_7th_pre_req_pre"": ""0"", ""buy_8th_pre_bid"": ""-228500"", ""buy_8th_pre_req"": ""8402"", ""buy_8th_pre_req_pre"": ""0"", ""buy_9th_pre_bid"": ""-228000"", ""buy_9th_pre_req"": ""12512"", ""buy_9th_pre_req_pre"": ""+100"", ""buy_10th_pre_bid"": ""-227500"", ""buy_10th_pre_req"": ""4013"", ""buy_10th_pre_req_pre"": ""0"", ""tot_sel_req_jub_pre"": ""+1"", ""tot_sel_req"": ""14509"", ""tot_buy_req"": ""87201"", ""tot_buy_req_jub_pre"": ""+136"", ""ovt_sel_req_pre"": ""0"", ""ovt_sel_req"": ""0"", ""ovt_buy_req"": ""0"", ""ovt_buy_req_pre"": ""0"", ""return_code"": 0, ""return_msg"": ""정상적으로 처리되었습니다""}"
2026-06-10,watchlist,028670,,1,filtered_candidate_recheck,5070,,5070,5060,5070,5090,0.19723865877712032,0.19723865877712032,,,,,,"{""bid_req_base_tm"": ""095833"", ""sel_10th_pre_req_pre"": ""0"", ""sel_10th_pre_req"": ""800"", ""sel_10th_pre_bid"": ""-5160"", ""sel_9th_pre_req_pre"": ""0"", ""sel_9th_pre_req"": ""200"", ""sel_9th_pre_bid"": ""-5150"", ""sel_8th_pre_req_pre"": ""0"", ""sel_8th_pre_req"": ""330"", ""sel_8th_pre_bid"": ""-5140"", ""sel_7th_pre_req_pre"": ""0"", ""sel_7th_pre_req"": ""159"", ""sel_7th_pre_bid"": ""-5130"", ""sel_6th_pre_req_pre"": ""0"", ""sel_6th_pre_req"": ""308"", ""sel_6th_pre_bid"": ""-5120"", ""sel_5th_pre_req_pre"": ""0"", ""sel_5th_pre_req"": ""1160"", ""sel_5th_pre_bid"": ""-5110"", ""sel_4th_pre_req_pre"": ""0"", ""sel_4th_pre_req"": ""1730"", ""sel_4th_pre_bid"": ""-5100"", ""sel_3th_pre_req_pre"": ""0"", ""sel_3th_pre_req"": ""458"", ""sel_3th_pre_bid"": ""-5090"", ""sel_2th_pre_req_pre"": ""0"", ""sel_2th_pre_req"": ""3674"", ""sel_2th_pre_bid"": ""-5080"", ""sel_1th_pre_req_pre"": ""0"", ""sel_fpr_req"": ""804"", ""sel_fpr_bid"": ""-5070"", ""buy_fpr_bid"": ""-5060"", ""buy_fpr_req"": ""1231"", ""buy_1th_pre_req_pre"": ""--8"", ""buy_2th_pre_bid"": ""-5050"", ""buy_2th_pre_req"": ""4261"", ""buy_2th_pre_req_pre"": ""0"", ""buy_3th_pre_bid"": ""-5040"", ""buy_3th_pre_req"": ""1738"", ""buy_3th_pre_req_pre"": ""0"", ""buy_4th_pre_bid"": ""-5030"", ""buy_4th_pre_req"": ""3463"", ""buy_4th_pre_req_pre"": ""0"", ""buy_5th_pre_bid"": ""-5020"", ""buy_5th_pre_req"": ""8332"", ""buy_5th_pre_req_pre"": ""0"", ""buy_6th_pre_bid"": ""-5010"", ""buy_6th_pre_req"": ""2638"", ""buy_6th_pre_req_pre"": ""0"", ""buy_7th_pre_bid"": ""-5000"", ""buy_7th_pre_req"": ""11654"", ""buy_7th_pre_req_pre"": ""0"", ""buy_8th_pre_bid"": ""-4995"", ""buy_8th_pre_req"": ""1820"", ""buy_8th_pre_req_pre"": ""0"", ""buy_9th_pre_bid"": ""-4990"", ""buy_9th_pre_req"": ""1195"", ""buy_9th_pre_req_pre"": ""0"", ""buy_10th_pre_bid"": ""-4985"", ""buy_10th_pre_req"": ""2365"", ""buy_10th_pre_req_pre"": ""0"", ""tot_sel_req_jub_pre"": ""0"", ""tot_sel_req"": ""9623"", ""tot_buy_req"": ""38697"", ""tot_buy_req_jub_pre"": ""--8"", ""ovt_sel_req_pre"": ""0"", ""ovt_sel_req"": ""0"", ""ovt_buy_req"": ""0"", ""ovt_buy_req_pre"": ""0"", ""return_code"": 0, ""return_msg"": ""정상적으로 처리되었습니다""}"
2026-06-10,watchlist,004990,,0,filtered_candidate_recheck,25650,,25650,25500,25650,25650,-0.1949317738791423,0.5847953216374269,,,,,,"{""bid_req_base_tm"": ""095833"", ""sel_10th_pre_req_pre"": ""0"", ""sel_10th_pre_req"": ""90"", ""sel_10th_pre_bid"": ""+26200"", ""sel_9th_pre_req_pre"": ""0"", ""sel_9th_pre_req"": ""69"", ""sel_9th_pre_bid"": ""26150"", ""sel_8th_pre_req_pre"": ""0"", ""sel_8th_pre_req"": ""3602"", ""sel_8th_pre_bid"": ""-26100"", ""sel_7th_pre_req_pre"": ""0"", ""sel_7th_pre_req"": ""61"", ""sel_7th_pre_bid"": ""-26050"", ""sel_6th_pre_req_pre"": ""0"", ""sel_6th_pre_req"": ""253"", ""sel_6th_pre_bid"": ""-26000"", ""sel_5th_pre_req_pre"": ""0"", ""sel_5th_pre_req"": ""6"", ""sel_5th_pre_bid"": ""-25950"", ""sel_4th_pre_req_pre"": ""0"", ""sel_4th_pre_req"": ""250"", ""sel_4th_pre_bid"": ""-25900"", ""sel_3th_pre_req_pre"": ""0"", ""sel_3th_pre_req"": ""770"", ""sel_3th_pre_bid"": ""-25750"", ""sel_2th_pre_req_pre"": ""0"", ""sel_2th_pre_req"": ""147"", ""sel_2th_pre_bid"": ""-25700"", ""sel_1th_pre_req_pre"": ""0"", ""sel_fpr_req"": ""13"", ""sel_fpr_bid"": ""-25650"", ""buy_fpr_bid"": ""-25500"", ""buy_fpr_req"": ""695"", ""buy_1th_pre_req_pre"": ""+211"", ""buy_2th_pre_bid"": ""-25450"", ""buy_2th_pre_req"": ""485"", ""buy_2th_pre_req_pre"": ""0"", ""buy_3th_pre_bid"": ""-25400"", ""buy_3th_pre_req"": ""733"", ""buy_3th_pre_req_pre"": ""0"", ""buy_4th_pre_bid"": ""-25350"", ""buy_4th_pre_req"": ""308"", ""buy_4th_pre_req_pre"": ""0"", ""buy_5th_pre_bid"": ""-25300"", ""buy_5th_pre_req"": ""902"", ""buy_5th_pre_req_pre"": ""0"", ""buy_6th_pre_bid"": ""-25250"", ""buy_6th_pre_req"": ""683"", ""buy_6th_pre_req_pre"": ""0"", ""buy_7th_pre_bid"": ""-25200"", ""buy_7th_pre_req"": ""707"", ""buy_7th_pre_req_pre"": ""0"", ""buy_8th_pre_bid"": ""-25150"", ""buy_8th_pre_req"": ""1573"", ""buy_8th_pre_req_pre"": ""0"", ""buy_9th_pre_bid"": ""-25100"", ""buy_9th_pre_req"": ""1520"", ""buy_9th_pre_req_pre"": ""0"", ""buy_10th_pre_bid"": ""-25050"", ""buy_10th_pre_req"": ""1481"", ""buy_10th_pre_req_pre"": ""0"", ""tot_sel_req_jub_pre"": ""0"", ""tot_sel_req"": ""5261"", ""tot_buy_req"": ""9087"", ""tot_buy_req_jub_pre"": ""+1493"", ""ovt_sel_req_pre"": ""0"", ""ovt_sel_req"": ""0"", ""ovt_buy_req"": ""0"", ""ovt_buy_req_pre"": ""0"", ""return_code"": 0, ""return_msg"": ""정상적으로 처리되었습니다""}"
2026-06-10,watchlist,081660,,0,filtered_candidate_recheck,40150,,40150,40100,40150,40100,-0.24906600249066002,0.12453300124533001,,,,,,"{""bid_req_base_tm"": ""095824"", ""sel_10th_pre_req_pre"": ""0"", ""sel_10th_pre_req"": ""75"", ""sel_10th_pre_bid"": ""+40600"", ""sel_9th_pre_req_pre"": ""0"", ""sel_9th_pre_req"": ""126"", ""sel_9th_pre_bid"": ""+40550"", ""sel_8th_pre_req_pre"": ""0"", ""sel_8th_pre_req"": ""55"", ""sel_8th_pre_bid"": ""+40500"", ""sel_7th_pre_req_pre"": ""0"", ""sel_7th_pre_req"": ""20"", ""sel_7th_pre_bid"": ""+40450"", ""sel_6th_pre_req_pre"": ""0"", ""sel_6th_pre_req"": ""87"", ""sel_6th_pre_bid"": ""+40400"", ""sel_5th_pre_req_pre"": ""0"", ""sel_5th_pre_req"": ""18"", ""sel_5th_pre_bid"": ""+40350"", ""sel_4th_pre_req_pre"": ""0"", ""sel_4th_pre_req"": ""98"", ""sel_4th_pre_bid"": ""+40300"", ""sel_3th_pre_req_pre"": ""0"", ""sel_3th_pre_req"": ""57"", ""sel_3th_pre_bid"": ""+40250"", ""sel_2th_pre_req_pre"": ""0"", ""sel_2th_pre_req"": ""33"", ""sel_2th_pre_bid"": ""+40200"", ""sel_1th_pre_req_pre"": ""--53"", ""sel_fpr_req"": ""421"", ""sel_fpr_bid"": ""+40150"", ""buy_fpr_bid"": ""+40100"", ""buy_fpr_req"": ""277"", ""buy_1th_pre_req_pre"": ""0"", ""buy_2th_pre_bid"": ""+40050"", ""buy_2th_pre_req"": ""104"", ""buy_2th_pre_req_pre"": ""0"", ""buy_3th_pre_bid"": ""+40000"", ""buy_3th_pre_req"": ""105"", ""buy_3th_pre_req_pre"": ""0"", ""buy_4th_pre_bid"": ""+39950"", ""buy_4th_pre_req"": ""69"", ""buy_4th_pre_req_pre"": ""0"", ""buy_5th_pre_bid"": ""+39900"", ""buy_5th_pre_req"": ""70"", ""buy_5th_pre_req_pre"": ""0"", ""buy_6th_pre_bid"": ""+39850"", ""buy_6th_pre_req"": ""91"", ""buy_6th_pre_req_pre"": ""0"", ""buy_7th_pre_bid"": ""+39800"", ""buy_7th_pre_req"": ""40"", ""buy_7th_pre_req_pre"": ""0"", ""buy_8th_pre_bid"": ""+39750"", ""buy_8th_pre_req"": ""40"", ""buy_8th_pre_req_pre"": ""0"", ""buy_9th_pre_bid"": ""39700"", ""buy_9th_pre_req"": ""60"", ""buy_9th_pre_req_pre"": ""0"", ""buy_10th_pre_bid"": ""-39650"", ""buy_10th_pre_req"": ""30"", ""buy_10th_pre_req_pre"": ""0"", ""tot_sel_req_jub_pre"": ""--53"", ""tot_sel_req"": ""990"", ""tot_buy_req"": ""886"", ""tot_buy_req_jub_pre"": ""0"", ""ovt_sel_req_pre"": ""0"", ""ovt_sel_req"": ""0"", ""ovt_buy_req"": ""0"", ""ovt_buy_req_pre"": ""0"", ""return_code"": 0, ""return_msg"": ""정상적으로 처리되었습니다""}"
2026-06-10,watchlist,008770,,0,filtered_candidate_recheck,54000,,54000,53900,54000,54100,0.0,0.1851851851851852,,,,,,"{""bid_req_base_tm"": ""095833"", ""sel_10th_pre_req_pre"": ""0"", ""sel_10th_pre_req"": ""312"", ""sel_10th_pre_bid"": ""-54900"", ""sel_9th_pre_req_pre"": ""0"", ""sel_9th_pre_req"": ""36"", ""sel_9th_pre_bid"": ""-54800"", ""sel_8th_pre_req_pre"": ""0"", ""sel_8th_pre_req"": ""15"", ""sel_8th_pre_bid"": ""-54700"", ""sel_7th_pre_req_pre"": ""0"", ""sel_7th_pre_req"": ""233"", ""sel_7th_pre_bid"": ""-54600"", ""sel_6th_pre_req_pre"": ""0"", ""sel_6th_pre_req"": ""27"", ""sel_6th_pre_bid"": ""-54500"", ""sel_5th_pre_req_pre"": ""0"", ""sel_5th_pre_req"": ""1"", ""sel_5th_pre_bid"": ""-54400"", ""sel_4th_pre_req_pre"": ""0"", ""sel_4th_pre_req"": ""4"", ""sel_4th_pre_bid"": ""-54300"", ""sel_3th_pre_req_pre"": ""0"", ""sel_3th_pre_req"": ""466"", ""sel_3th_pre_bid"": ""-54200"", ""sel_2th_pre_req_pre"": ""0"", ""sel_2th_pre_req"": ""30"", ""sel_2th_pre_bid"": ""-54100"", ""sel_1th_pre_req_pre"": ""+292"", ""sel_fpr_req"": ""414"", ""sel_fpr_bid"": ""-54000"", ""buy_fpr_bid"": ""-53900"", ""buy_fpr_req"": ""291"", ""buy_1th_pre_req_pre"": ""0"", ""buy_2th_pre_bid"": ""-53800"", ""buy_2th_pre_req"": ""172"", ""buy_2th_pre_req_pre"": ""0"", ""buy_3th_pre_bid"": ""-53700"", ""buy_3th_pre_req"": ""72"", ""buy_3th_pre_req_pre"": ""0"", ""buy_4th_pre_bid"": ""-53600"", ""buy_4th_pre_req"": ""215"", ""buy_4th_pre_req_pre"": ""0"", ""buy_5th_pre_bid"": ""-53500"", ""buy_5th_pre_req"": ""282"", ""buy_5th_pre_req_pre"": ""0"", ""buy_6th_pre_bid"": ""-53400"", ""buy_6th_pre_req"": ""250"", ""buy_6th_pre_req_pre"": ""0"", ""buy_7th_pre_bid"": ""-53300"", ""buy_7th_pre_req"": ""421"", ""buy_7th_pre_req_pre"": ""0"", ""buy_8th_pre_bid"": ""-53200"", ""buy_8th_pre_req"": ""2013"", ""buy_8th_pre_req_pre"": ""0"", ""buy_9th_pre_bid"": ""-53100"", ""buy_9th_pre_req"": ""343"", ""buy_9th_pre_req_pre"": ""0"", ""buy_10th_pre_bid"": ""-53000"", ""buy_10th_pre_req"": ""1024"", ""buy_10th_pre_req_pre"": ""0"", ""tot_sel_req_jub_pre"": ""+292"", ""tot_sel_req"": ""1538"", ""tot_buy_req"": ""5083"", ""tot_buy_req_jub_pre"": ""0"", ""ovt_sel_req_pre"": ""0"", ""ovt_sel_req"": ""0"", ""ovt_buy_req"": ""0"", ""ovt_buy_req_pre"": ""0"", ""return_code"": 0, ""return_msg"": ""정상적으로 처리되었습니다""}"
2026-06-10,watchlist,012330,,0,filtered_candidate_recheck,578000,,578000,577000,578000,581000,0.34602076124567477,0.17301038062283738,,,,,,"{""bid_req_base_tm"": ""095834"", ""sel_10th_pre_req_pre"": ""0"", ""sel_10th_pre_req"": ""256"", ""sel_10th_pre_bid"": ""-587000"", ""sel_9th_pre_req_pre"": ""0"", ""sel_9th_pre_req"": ""202"", ""sel_9th_pre_bid"": ""-586000"", ""sel_8th_pre_req_pre"": ""0"", ""sel_8th_pre_req"": ""29"", ""sel_8th_pre_bid"": ""-585000"", ""sel_7th_pre_req_pre"": ""0"", ""sel_7th_pre_req"": ""36"", ""sel_7th_pre_bid"": ""-584000"", ""sel_6th_pre_req_pre"": ""0"", ""sel_6th_pre_req"": ""100"", ""sel_6th_pre_bid"": ""-583000"", ""sel_5th_pre_req_pre"": ""0"", ""sel_5th_pre_req"": ""82"", ""sel_5th_pre_bid"": ""-582000"", ""sel_4th_pre_req_pre"": ""0"", ""sel_4th_pre_req"": ""34"", ""sel_4th_pre_bid"": ""-581000"", ""sel_3th_pre_req_pre"": ""0"", ""sel_3th_pre_req"": ""321"", ""sel_3th_pre_bid"": ""-580000"", ""sel_2th_pre_req_pre"": ""0"", ""sel_2th_pre_req"": ""59"", ""sel_2th_pre_bid"": ""-579000"", ""sel_1th_pre_req_pre"": ""0"", ""sel_fpr_req"": ""2"", ""sel_fpr_bid"": ""-578000"", ""buy_fpr_bid"": ""-577000"", ""buy_fpr_req"": ""449"", ""buy_1th_pre_req_pre"": ""0"", ""buy_2th_pre_bid"": ""-576000"", ""buy_2th_pre_req"": ""457"", ""buy_2th_pre_req_pre"": ""0"", ""buy_3th_pre_bid"": ""-575000"", ""buy_3th_pre_req"": ""554"", ""buy_3th_pre_req_pre"": ""+2"", ""buy_4th_pre_bid"": ""-574000"", ""buy_4th_pre_req"": ""311"", ""buy_4th_pre_req_pre"": ""0"", ""buy_5th_pre_bid"": ""-573000"", ""buy_5th_pre_req"": ""588"", ""buy_5th_pre_req_pre"": ""0"", ""buy_6th_pre_bid"": ""-572000"", ""buy_6th_pre_req"": ""1285"", ""buy_6th_pre_req_pre"": ""0"", ""buy_7th_pre_bid"": ""-571000"", ""buy_7th_pre_req"": ""1602"", ""buy_7th_pre_req_pre"": ""0"", ""buy_8th_pre_bid"": ""-570000"", ""buy_8th_pre_req"": ""3972"", ""buy_8th_pre_req_pre"": ""0"", ""buy_9th_pre_bid"": ""-569000"", ""buy_9th_pre_req"": ""2508"", ""buy_9th_pre_req_pre"": ""0"", ""buy_10th_pre_bid"": ""-568000"", ""buy_10th_pre_req"": ""948"", ""buy_10th_pre_req_pre"": ""0"", ""tot_sel_req_jub_pre"": ""0"", ""tot_sel_req"": ""1121"", ""tot_buy_req"": ""12674"", ""tot_buy_req_jub_pre"": ""+2"", ""ovt_sel_req_pre"": ""0"", ""ovt_sel_req"": ""0"", ""ovt_buy_req"": ""0"", ""ovt_buy_req_pre"": ""0"", ""return_code"": 0, ""return_msg"": ""정상적으로 처리되었습니다""}"
2026-06-10,watchlist,009155,,0,filtered_candidate_recheck,607000,,607000,605000,607000,609000,0.16474464579901155,0.3294892915980231,,,,,,"{""bid_req_base_tm"": ""095833"", ""sel_10th_pre_req_pre"": ""0"", ""sel_10th_pre_req"": ""2"", ""sel_10th_pre_bid"": ""-616000"", ""sel_9th_pre_req_pre"": ""0"", ""sel_9th_pre_req"": ""46"", ""sel_9th_pre_bid"": ""-615000"", ""sel_8th_pre_req_pre"": ""0"", ""sel_8th_pre_req"": ""6"", ""sel_8th_pre_bid"": ""-614000"", ""sel_7th_pre_req_pre"": ""0"", ""sel_7th_pre_req"": ""49"", ""sel_7th_pre_bid"": ""-613000"", ""sel_6th_pre_req_pre"": ""0"", ""sel_6th_pre_req"": ""72"", ""sel_6th_pre_bid"": ""-612000"", ""sel_5th_pre_req_pre"": ""0"", ""sel_5th_pre_req"": ""2"", ""sel_5th_pre_bid"": ""-611000"", ""sel_4th_pre_req_pre"": ""0"", ""sel_4th_pre_req"": ""25"", ""sel_4th_pre_bid"": ""-610000"", ""sel_3th_pre_req_pre"": ""0"", ""sel_3th_pre_req"": ""6"", ""sel_3th_pre_bid"": ""-609000"", ""sel_2th_pre_req_pre"": ""0"", ""sel_2th_pre_req"": ""19"", ""sel_2th_pre_bid"": ""-608000"", ""sel_1th_pre_req_pre"": ""0"", ""sel_fpr_req"": ""3"", ""sel_fpr_bid"": ""-607000"", ""buy_fpr_bid"": ""-605000"", ""buy_fpr_req"": ""20"", ""buy_1th_pre_req_pre"": ""0"", ""buy_2th_pre_bid"": ""-604000"", ""buy_2th_pre_req"": ""79"", ""buy_2th_pre_req_pre"": ""--18"", ""buy_3th_pre_bid"": ""-603000"", ""buy_3th_pre_req"": ""180"", ""buy_3th_pre_req_pre"": ""0"", ""buy_4th_pre_bid"": ""-602000"", ""buy_4th_pre_req"": ""27"", ""buy_4th_pre_req_pre"": ""0"", ""buy_5th_pre_bid"": ""-601000"", ""buy_5th_pre_req"": ""94"", ""buy_5th_pre_req_pre"": ""0"", ""buy_6th_pre_bid"": ""-600000"", ""buy_6th_pre_req"": ""187"", ""buy_6th_pre_req_pre"": ""0"", ""buy_7th_pre_bid"": ""-599000"", ""buy_7th_pre_req"": ""149"", ""buy_7th_pre_req_pre"": ""0"", ""buy_8th_pre_bid"": ""-598000"", ""buy_8th_pre_req"": ""48"", ""buy_8th_pre_req_pre"": ""0"", ""buy_9th_pre_bid"": ""-597000"", ""buy_9th_pre_req"": ""101"", ""buy_9th_pre_req_pre"": ""0"", ""buy_10th_pre_bid"": ""-596000"", ""buy_10th_pre_req"": ""39"", ""buy_10th_pre_req_pre"": ""0"", ""tot_sel_req_jub_pre"": ""0"", ""tot_sel_req"": ""230"", ""tot_buy_req"": ""924"", ""tot_buy_req_jub_pre"": ""--18"", ""ovt_sel_req_pre"": ""0"", ""ovt_sel_req"": ""0"", ""ovt_buy_req"": ""0"", ""ovt_buy_req_pre"": ""0"", ""return_code"": 0, ""return_msg"": ""정상적으로 처리되었습니다""}"
2026-06-10,watchlist,181710,,1,filtered_candidate_recheck,40250,,40250,40150,40250,40500,0.4968944099378882,0.2484472049689441,,,,,,"{""bid_req_base_tm"": ""095834"", ""sel_10th_pre_req_pre"": ""0"", ""sel_10th_pre_req"": ""76"", ""sel_10th_pre_bid"": ""-40950"", ""sel_9th_pre_req_pre"": ""0"", ""sel_9th_pre_req"": ""4"", ""sel_9th_pre_bid"": ""-40850"", ""sel_8th_pre_req_pre"": ""0"", ""sel_8th_pre_req"": ""24"", ""sel_8th_pre_bid"": ""-40700"", ""sel_7th_pre_req_pre"": ""0"", ""sel_7th_pre_req"": ""8"", ""sel_7th_pre_bid"": ""-40650"", ""sel_6th_pre_req_pre"": ""0"", ""sel_6th_pre_req"": ""40"", ""sel_6th_pre_bid"": ""-40600"", ""sel_5th_pre_req_pre"": ""0"", ""sel_5th_pre_req"": ""346"", ""sel_5th_pre_bid"": ""-40550"", ""sel_4th_pre_req_pre"": ""0"", ""sel_4th_pre_req"": ""217"", ""sel_4th_pre_bid"": ""-40500"", ""sel_3th_pre_req_pre"": ""0"", ""sel_3th_pre_req"": ""132"", ""sel_3th_pre_bid"": ""-40350"", ""sel_2th_pre_req_pre"": ""0"", ""sel_2th_pre_req"": ""1"", ""sel_2th_pre_bid"": ""-40300"", ""sel_1th_pre_req_pre"": ""--1"", ""sel_fpr_req"": ""20"", ""sel_fpr_bid"": ""-40250"", ""buy_fpr_bid"": ""-40150"", ""buy_fpr_req"": ""63"", ""buy_1th_pre_req_pre"": ""0"", ""buy_2th_pre_bid"": ""-40100"", ""buy_2th_pre_req"": ""91"", ""buy_2th_pre_req_pre"": ""0"", ""buy_3th_pre_bid"": ""-40050"", ""buy_3th_pre_req"": ""1194"", ""buy_3th_pre_req_pre"": ""0"", ""buy_4th_pre_bid"": ""-40000"", ""buy_4th_pre_req"": ""967"", ""buy_4th_pre_req_pre"": ""0"", ""buy_5th_pre_bid"": ""-39950"", ""buy_5th_pre_req"": ""801"", ""buy_5th_pre_req_pre"": ""0"", ""buy_6th_pre_bid"": ""-39900"", ""buy_6th_pre_req"": ""425"", ""buy_6th_pre_req_pre"": ""0"", ""buy_7th_pre_bid"": ""-39850"", ""buy_7th_pre_req"": ""30"", ""buy_7th_pre_req_pre"": ""0"", ""buy_8th_pre_bid"": ""-39800"", ""buy_8th_pre_req"": ""416"", ""buy_8th_pre_req_pre"": ""0"", ""buy_9th_pre_bid"": ""-39750"", ""buy_9th_pre_req"": ""21"", ""buy_9th_pre_req_pre"": ""0"", ""buy_10th_pre_bid"": ""-39700"", ""buy_10th_pre_req"": ""672"", ""buy_10th_pre_req_pre"": ""0"", ""tot_sel_req_jub_pre"": ""--1"", ""tot_sel_req"": ""868"", ""tot_buy_req"": ""4680"", ""tot_buy_req_jub_pre"": ""0"", ""ovt_sel_req_pre"": ""0"", ""ovt_sel_req"": ""0"", ""ovt_buy_req"": ""0"", ""ovt_buy_req_pre"": ""0"", ""return_code"": 0, ""return_msg"": ""정상적으로 처리되었습니다""}"
2026-06-10,watchlist,085620,,0,filtered_candidate_recheck,21900,,21900,21850,21900,22000,0.228310502283105,0.228310502283105,,,,,,"{""bid_req_base_tm"": ""095831"", ""sel_10th_pre_req_pre"": ""0"", ""sel_10th_pre_req"": ""569"", ""sel_10th_pre_bid"": ""-22350"", ""sel_9th_pre_req_pre"": ""0"", ""sel_9th_pre_req"": ""1152"", ""sel_9th_pre_bid"": ""-22300"", ""sel_8th_pre_req_pre"": ""0"", ""sel_8th_pre_req"": ""698"", ""sel_8th_pre_bid"": ""-22250"", ""sel_7th_pre_req_pre"": ""0"", ""sel_7th_pre_req"": ""1623"", ""sel_7th_pre_bid"": ""-22200"", ""sel_6th_pre_req_pre"": ""0"", ""sel_6th_pre_req"": ""1158"", ""sel_6th_pre_bid"": ""-22150"", ""sel_5th_pre_req_pre"": ""0"", ""sel_5th_pre_req"": ""312"", ""sel_5th_pre_bid"": ""-22100"", ""sel_4th_pre_req_pre"": ""0"", ""sel_4th_pre_req"": ""229"", ""sel_4th_pre_bid"": ""-22050"", ""sel_3th_pre_req_pre"": ""--24"", ""sel_3th_pre_req"": ""1128"", ""sel_3th_pre_bid"": ""-22000"", ""sel_2th_pre_req_pre"": ""0"", ""sel_2th_pre_req"": ""309"", ""sel_2th_pre_bid"": ""-21950"", ""sel_1th_pre_req_pre"": ""0"", ""sel_fpr_req"": ""12"", ""sel_fpr_bid"": ""-21900"", ""buy_fpr_bid"": ""-21850"", ""buy_fpr_req"": ""991"", ""buy_1th_pre_req_pre"": ""0"", ""buy_2th_pre_bid"": ""-21800"", ""buy_2th_pre_req"": ""1365"", ""buy_2th_pre_req_pre"": ""0"", ""buy_3th_pre_bid"": ""-21750"", ""buy_3th_pre_req"": ""2502"", ""buy_3th_pre_req_pre"": ""0"", ""buy_4th_pre_bid"": ""-21700"", ""buy_4th_pre_req"": ""1313"", ""buy_4th_pre_req_pre"": ""0"", ""buy_5th_pre_bid"": ""-21650"", ""buy_5th_pre_req"": ""2250"", ""buy_5th_pre_req_pre"": ""0"", ""buy_6th_pre_bid"": ""-21600"", ""buy_6th_pre_req"": ""956"", ""buy_6th_pre_req_pre"": ""0"", ""buy_7th_pre_bid"": ""-21550"", ""buy_7th_pre_req"": ""1338"", ""buy_7th_pre_req_pre"": ""0"", ""buy_8th_pre_bid"": ""-21500"", ""buy_8th_pre_req"": ""2279"", ""buy_8th_pre_req_pre"": ""0"", ""buy_9th_pre_bid"": ""-21450"", ""buy_9th_pre_req"": ""2694"", ""buy_9th_pre_req_pre"": ""0"", ""buy_10th_pre_bid"": ""-21400"", ""buy_10th_pre_req"": ""3359"", ""buy_10th_pre_req_pre"": ""0"", ""tot_sel_req_jub_pre"": ""--24"", ""tot_sel_req"": ""7190"", ""tot_buy_req"": ""19047"", ""tot_buy_req_jub_pre"": ""0"", ""ovt_sel_req_pre"": ""0"", ""ovt_sel_req"": ""0"", ""ovt_buy_req"": ""0"", ""ovt_buy_req_pre"": ""0"", ""return_code"": 0, ""return_msg"": ""정상적으로 처리되었습니다""}"
2026-06-10,watchlist,062040,,0,filtered_candidate_recheck,227500,,227500,226500,227500,226000,-0.8791208791208791,0.43956043956043955,,,,,,"{""bid_req_base_tm"": ""095835"", ""sel_10th_pre_req_pre"": ""0"", ""sel_10th_pre_req"": ""651"", ""sel_10th_pre_bid"": ""+232000"", ""sel_9th_pre_req_pre"": ""0"", ""sel_9th_pre_req"": ""189"", ""sel_9th_pre_bid"": ""+231500"", ""sel_8th_pre_req_pre"": ""0"", ""sel_8th_pre_req"": ""294"", ""sel_8th_pre_bid"": ""+231000"", ""sel_7th_pre_req_pre"": ""0"", ""sel_7th_pre_req"": ""124"", ""sel_7th_pre_bid"": ""+230500"", ""sel_6th_pre_req_pre"": ""0"", ""sel_6th_pre_req"": ""241"", ""sel_6th_pre_bid"": ""+230000"", ""sel_5th_pre_req_pre"": ""0"", ""sel_5th_pre_req"": ""49"", ""sel_5th_pre_bid"": ""+229500"", ""sel_4th_pre_req_pre"": ""0"", ""sel_4th_pre_req"": ""143"", ""sel_4th_pre_bid"": ""+229000"", ""sel_3th_pre_req_pre"": ""0"", ""sel_3th_pre_req"": ""58"", ""sel_3th_pre_bid"": ""+228500"", ""sel_2th_pre_req_pre"": ""0"", ""sel_2th_pre_req"": ""183"", ""sel_2th_pre_bid"": ""+228000"", ""sel_1th_pre_req_pre"": ""0"", ""sel_fpr_req"": ""25"", ""sel_fpr_bid"": ""+227500"", ""buy_fpr_bid"": ""+226500"", ""buy_fpr_req"": ""95"", ""buy_1th_pre_req_pre"": ""0"", ""buy_2th_pre_bid"": ""+226000"", ""buy_2th_pre_req"": ""108"", ""buy_2th_pre_req_pre"": ""0"", ""buy_3th_pre_bid"": ""+225500"", ""buy_3th_pre_req"": ""57"", ""buy_3th_pre_req_pre"": ""0"", ""buy_4th_pre_bid"": ""225000"", ""buy_4th_pre_req"": ""120"", ""buy_4th_pre_req_pre"": ""0"", ""buy_5th_pre_bid"": ""-224500"", ""buy_5th_pre_req"": ""31"", ""buy_5th_pre_req_pre"": ""0"", ""buy_6th_pre_bid"": ""-224000"", ""buy_6th_pre_req"": ""54"", ""buy_6th_pre_req_pre"": ""0"", ""buy_7th_pre_bid"": ""-223500"", ""buy_7th_pre_req"": ""1"", ""buy_7th_pre_req_pre"": ""0"", ""buy_8th_pre_bid"": ""-223000"", ""buy_8th_pre_req"": ""94"", ""buy_8th_pre_req_pre"": ""0"", ""buy_9th_pre_bid"": ""-222500"", ""buy_9th_pre_req"": ""124"", ""buy_9th_pre_req_pre"": ""0"", ""buy_10th_pre_bid"": ""-222000"", ""buy_10th_pre_req"": ""84"", ""buy_10th_pre_req_pre"": ""0"", ""tot_sel_req_jub_pre"": ""0"", ""tot_sel_req"": ""1957"", ""tot_buy_req"": ""768"", ""tot_buy_req_jub_pre"": ""0"", ""ovt_sel_req_pre"": ""0"", ""ovt_sel_req"": ""0"", ""ovt_buy_req"": ""0"", ""ovt_buy_req_pre"": ""0"", ""return_code"": 0, ""return_msg"": ""정상적으로 처리되었습니다""}"
2026-06-10,watchlist,036460,,0,filtered_candidate_recheck,34300,,34300,34250,34300,34350,0.0,0.1457725947521866,,,,,,"{""bid_req_base_tm"": ""095833"", ""sel_10th_pre_req_pre"": ""0"", ""sel_10th_pre_req"": ""61"", ""sel_10th_pre_bid"": ""+34750"", ""sel_9th_pre_req_pre"": ""0"", ""sel_9th_pre_req"": ""196"", ""sel_9th_pre_bid"": ""+34700"", ""sel_8th_pre_req_pre"": ""0"", ""sel_8th_pre_req"": ""271"", ""sel_8th_pre_bid"": ""+34650"", ""sel_7th_pre_req_pre"": ""0"", ""sel_7th_pre_req"": ""629"", ""sel_7th_pre_bid"": ""+34600"", ""sel_6th_pre_req_pre"": ""0"", ""sel_6th_pre_req"": ""219"", ""sel_6th_pre_bid"": ""+34550"", ""sel_5th_pre_req_pre"": ""0"", ""sel_5th_pre_req"": ""702"", ""sel_5th_pre_bid"": ""+34500"", ""sel_4th_pre_req_pre"": ""0"", ""sel_4th_pre_req"": ""671"", ""sel_4th_pre_bid"": ""+34450"", ""sel_3th_pre_req_pre"": ""0"", ""sel_3th_pre_req"": ""194"", ""sel_3th_pre_bid"": ""+34400"", ""sel_2th_pre_req_pre"": ""0"", ""sel_2th_pre_req"": ""167"", ""sel_2th_pre_bid"": ""+34350"", ""sel_1th_pre_req_pre"": ""--26"", ""sel_fpr_req"": ""193"", ""sel_fpr_bid"": ""+34300"", ""buy_fpr_bid"": ""+34250"", ""buy_fpr_req"": ""325"", ""buy_1th_pre_req_pre"": ""0"", ""buy_2th_pre_bid"": ""+34200"", ""buy_2th_pre_req"": ""618"", ""buy_2th_pre_req_pre"": ""0"", ""buy_3th_pre_bid"": ""+34150"", ""buy_3th_pre_req"": ""304"", ""buy_3th_pre_req_pre"": ""0"", ""buy_4th_pre_bid"": ""+34100"", ""buy_4th_pre_req"": ""413"", ""buy_4th_pre_req_pre"": ""0"", ""buy_5th_pre_bid"": ""+34050"", ""buy_5th_pre_req"": ""1039"", ""buy_5th_pre_req_pre"": ""0"", ""buy_6th_pre_bid"": ""34000"", ""buy_6th_pre_req"": ""3019"", ""buy_6th_pre_req_pre"": ""0"", ""buy_7th_pre_bid"": ""-33950"", ""buy_7th_pre_req"": ""854"", ""buy_7th_pre_req_pre"": ""0"", ""buy_8th_pre_bid"": ""-33900"", ""buy_8th_pre_req"": ""840"", ""buy_8th_pre_req_pre"": ""0"", ""buy_9th_pre_bid"": ""-33850"", ""buy_9th_pre_req"": ""263"", ""buy_9th_pre_req_pre"": ""0"", ""buy_10th_pre_bid"": ""-33800"", ""buy_10th_pre_req"": ""349"", ""buy_10th_pre_req_pre"": ""0"", ""tot_sel_req_jub_pre"": ""--26"", ""tot_sel_req"": ""3303"", ""tot_buy_req"": ""8024"", ""tot_buy_req_jub_pre"": ""0"", ""ovt_sel_req_pre"": ""0"", ""ovt_sel_req"": ""0"", ""ovt_buy_req"": ""0"", ""ovt_buy_req_pre"": ""0"", ""return_code"": 0, ""return_msg"": ""정상적으로 처리되었습니다""}"
2026-06-10,watchlist,066575,,0,filtered_candidate_recheck,78500,,78500,78400,78500,78400,-0.25477707006369427,0.12738853503184713,,,,,,"{""bid_req_base_tm"": ""095835"", ""sel_10th_pre_req_pre"": ""0"", ""sel_10th_pre_req"": ""354"", ""sel_10th_pre_bid"": ""-79400"", ""sel_9th_pre_req_pre"": ""0"", ""sel_9th_pre_req"": ""274"", ""sel_9th_pre_bid"": ""-79300"", ""sel_8th_pre_req_pre"": ""0"", ""sel_8th_pre_req"": ""326"", ""sel_8th_pre_bid"": ""-79200"", ""sel_7th_pre_req_pre"": ""0"", ""sel_7th_pre_req"": ""235"", ""sel_7th_pre_bid"": ""-79100"", ""sel_6th_pre_req_pre"": ""0"", ""sel_6th_pre_req"": ""227"", ""sel_6th_pre_bid"": ""-79000"", ""sel_5th_pre_req_pre"": ""0"", ""sel_5th_pre_req"": ""337"", ""sel_5th_pre_bid"": ""-78900"", ""sel_4th_pre_req_pre"": ""0"", ""sel_4th_pre_req"": ""186"", ""sel_4th_pre_bid"": ""-78800"", ""sel_3th_pre_req_pre"": ""0"", ""sel_3th_pre_req"": ""250"", ""sel_3th_pre_bid"": ""-78700"", ""sel_2th_pre_req_pre"": ""0"", ""sel_2th_pre_req"": ""131"", ""sel_2th_pre_bid"": ""-78600"", ""sel_1th_pre_req_pre"": ""0"", ""sel_fpr_req"": ""87"", ""sel_fpr_bid"": ""-78500"", ""buy_fpr_bid"": ""-78400"", ""buy_fpr_req"": ""61"", ""buy_1th_pre_req_pre"": ""+5"", ""buy_2th_pre_bid"": ""-78300"", ""buy_2th_pre_req"": ""119"", ""buy_2th_pre_req_pre"": ""0"", ""buy_3th_pre_bid"": ""-78200"", ""buy_3th_pre_req"": ""54"", ""buy_3th_pre_req_pre"": ""0"", ""buy_4th_pre_bid"": ""-78100"", ""buy_4th_pre_req"": ""189"", ""buy_4th_pre_req_pre"": ""0"", ""buy_5th_pre_bid"": ""-78000"", ""buy_5th_pre_req"": ""215"", ""buy_5th_pre_req_pre"": ""0"", ""buy_6th_pre_bid"": ""-77900"", ""buy_6th_pre_req"": ""115"", ""buy_6th_pre_req_pre"": ""0"", ""buy_7th_pre_bid"": ""-77800"", ""buy_7th_pre_req"": ""331"", ""buy_7th_pre_req_pre"": ""0"", ""buy_8th_pre_bid"": ""-77700"", ""buy_8th_pre_req"": ""870"", ""buy_8th_pre_req_pre"": ""0"", ""buy_9th_pre_bid"": ""-77600"", ""buy_9th_pre_req"": ""151"", ""buy_9th_pre_req_pre"": ""0"", ""buy_10th_pre_bid"": ""-77500"", ""buy_10th_pre_req"": ""394"", ""buy_10th_pre_req_pre"": ""0"", ""tot_sel_req_jub_pre"": ""0"", ""tot_sel_req"": ""2407"", ""tot_buy_req"": ""2499"", ""tot_buy_req_jub_pre"": ""+5"", ""ovt_sel_req_pre"": ""0"", ""ovt_sel_req"": ""0"", ""ovt_buy_req"": ""0"", ""ovt_buy_req_pre"": ""0"", ""return_code"": 0, ""return_msg"": ""정상적으로 처리되었습니다""}"
2026-06-10,watchlist,000810,,0,filtered_candidate_recheck,618000,,618000,617000,618000,621000,0.3236245954692557,0.16181229773462785,,,,,,"{""bid_req_base_tm"": ""095834"", ""sel_10th_pre_req_pre"": ""0"", ""sel_10th_pre_req"": ""7"", ""sel_10th_pre_bid"": ""-627000"", ""sel_9th_pre_req_pre"": ""0"", ""sel_9th_pre_req"": ""26"", ""sel_9th_pre_bid"": ""-626000"", ""sel_8th_pre_req_pre"": ""0"", ""sel_8th_pre_req"": ""27"", ""sel_8th_pre_bid"": ""-625000"", ""sel_7th_pre_req_pre"": ""0"", ""sel_7th_pre_req"": ""23"", ""sel_7th_pre_bid"": ""-624000"", ""sel_6th_pre_req_pre"": ""0"", ""sel_6th_pre_req"": ""34"", ""sel_6th_pre_bid"": ""-623000"", ""sel_5th_pre_req_pre"": ""0"", ""sel_5th_pre_req"": ""18"", ""sel_5th_pre_bid"": ""-622000"", ""sel_4th_pre_req_pre"": ""0"", ""sel_4th_pre_req"": ""41"", ""sel_4th_pre_bid"": ""-621000"", ""sel_3th_pre_req_pre"": ""+5"", ""sel_3th_pre_req"": ""28"", ""sel_3th_pre_bid"": ""-620000"", ""sel_2th_pre_req_pre"": ""0"", ""sel_2th_pre_req"": ""91"", ""sel_2th_pre_bid"": ""-619000"", ""sel_1th_pre_req_pre"": ""--5"", ""sel_fpr_req"": ""99"", ""sel_fpr_bid"": ""-618000"", ""buy_fpr_bid"": ""-617000"", ""buy_fpr_req"": ""56"", ""buy_1th_pre_req_pre"": ""0"", ""buy_2th_pre_bid"": ""-616000"", ""buy_2th_pre_req"": ""3"", ""buy_2th_pre_req_pre"": ""0"", ""buy_3th_pre_bid"": ""-615000"", ""buy_3th_pre_req"": ""1024"", ""buy_3th_pre_req_pre"": ""0"", ""buy_4th_pre_bid"": ""-614000"", ""buy_4th_pre_req"": ""1"", ""buy_4th_pre_req_pre"": ""0"", ""buy_5th_pre_bid"": ""-613000"", ""buy_5th_pre_req"": ""42"", ""buy_5th_pre_req_pre"": ""0"", ""buy_6th_pre_bid"": ""-612000"", ""buy_6th_pre_req"": ""7"", ""buy_6th_pre_req_pre"": ""0"", ""buy_7th_pre_bid"": ""-611000"", ""buy_7th_pre_req"": ""5"", ""buy_7th_pre_req_pre"": ""0"", ""buy_8th_pre_bid"": ""-610000"", ""buy_8th_pre_req"": ""39"", ""buy_8th_pre_req_pre"": ""0"", ""buy_9th_pre_bid"": ""-609000"", ""buy_9th_pre_req"": ""18"", ""buy_9th_pre_req_pre"": ""0"", ""buy_10th_pre_bid"": ""-608000"", ""buy_10th_pre_req"": ""7"", ""buy_10th_pre_req_pre"": ""0"", ""tot_sel_req_jub_pre"": ""0"", ""tot_sel_req"": ""394"", ""tot_buy_req"": ""1202"", ""tot_buy_req_jub_pre"": ""0"", ""ovt_sel_req_pre"": ""0"", ""ovt_sel_req"": ""0"", ""ovt_buy_req"": ""0"", ""ovt_buy_req_pre"": ""0"", ""return_code"": 0, ""return_msg"": ""정상적으로 처리되었습니다""}"
2026-06-10,watchlist,005930,,0,filtered_candidate_recheck,307500,,307500,307000,307500,308500,0.16260162601626016,0.16260162601626016,,,,,,"{""bid_req_base_tm"": ""095836"", ""sel_10th_pre_req_pre"": ""0"", ""sel_10th_pre_req"": ""18828"", ""sel_10th_pre_bid"": ""-312000"", ""sel_9th_pre_req_pre"": ""0"", ""sel_9th_pre_req"": ""14032"", ""sel_9th_pre_bid"": ""-311500"", ""sel_8th_pre_req_pre"": ""0"", ""sel_8th_pre_req"": ""12943"", ""sel_8th_pre_bid"": ""-311000"", ""sel_7th_pre_req_pre"": ""0"", ""sel_7th_pre_req"": ""10030"", ""sel_7th_pre_bid"": ""-310500"", ""sel_6th_pre_req_pre"": ""0"", ""sel_6th_pre_req"": ""24773"", ""sel_6th_pre_bid"": ""-310000"", ""sel_5th_pre_req_pre"": ""0"", ""sel_5th_pre_req"": ""14436"", ""sel_5th_pre_bid"": ""-309500"", ""sel_4th_pre_req_pre"": ""0"", ""sel_4th_pre_req"": ""14135"", ""sel_4th_pre_bid"": ""-309000"", ""sel_3th_pre_req_pre"": ""0"", ""sel_3th_pre_req"": ""20490"", ""sel_3th_pre_bid"": ""-308500"", ""sel_2th_pre_req_pre"": ""0"", ""sel_2th_pre_req"": ""38091"", ""sel_2th_pre_bid"": ""-308000"", ""sel_1th_pre_req_pre"": ""--7"", ""sel_fpr_req"": ""30353"", ""sel_fpr_bid"": ""-307500"", ""buy_fpr_bid"": ""-307000"", ""buy_fpr_req"": ""2992"", ""buy_1th_pre_req_pre"": ""+144"", ""buy_2th_pre_bid"": ""-306500"", ""buy_2th_pre_req"": ""35107"", ""buy_2th_pre_req_pre"": ""--50"", ""buy_3th_pre_bid"": ""-306000"", ""buy_3th_pre_req"": ""38824"", ""buy_3th_pre_req_pre"": ""0"", ""buy_4th_pre_bid"": ""-305500"", ""buy_4th_pre_req"": ""44757"", ""buy_4th_pre_req_pre"": ""+4"", ""buy_5th_pre_bid"": ""-305000"", ""buy_5th_pre_req"": ""164806"", ""buy_5th_pre_req_pre"": ""+9"", ""buy_6th_pre_bid"": ""-304500"", ""buy_6th_pre_req"": ""26854"", ""buy_6th_pre_req_pre"": ""0"", ""buy_7th_pre_bid"": ""-304000"", ""buy_7th_pre_req"": ""37074"", ""buy_7th_pre_req_pre"": ""0"", ""buy_8th_pre_bid"": ""-303500"", ""buy_8th_pre_req"": ""36648"", ""buy_8th_pre_req_pre"": ""0"", ""buy_9th_pre_bid"": ""-303000"", ""buy_9th_pre_req"": ""66707"", ""buy_9th_pre_req_pre"": ""0"", ""buy_10th_pre_bid"": ""-302500"", ""buy_10th_pre_req"": ""42081"", ""buy_10th_pre_req_pre"": ""0"", ""tot_sel_req_jub_pre"": ""--7"", ""tot_sel_req"": ""198111"", ""tot_buy_req"": ""495850"", ""tot_buy_req_jub_pre"": ""+107"", ""ovt_sel_req_pre"": ""0"", ""ovt_sel_req"": ""0"", ""ovt_buy_req"": ""0"", ""ovt_buy_req_pre"": ""0"", ""return_code"": 0, ""return_msg"": ""정상적으로 처리되었습니다""}"
2026-06-10,watchlist,000370,,0,filtered_candidate_recheck,6560,,6560,6540,6560,6500,-1.0670731707317074,0.3048780487804878,,,,,,"{""bid_req_base_tm"": ""095835"", ""sel_10th_pre_req_pre"": ""0"", ""sel_10th_pre_req"": ""4"", ""sel_10th_pre_bid"": ""+6650"", ""sel_9th_pre_req_pre"": ""0"", ""sel_9th_pre_req"": ""1018"", ""sel_9th_pre_bid"": ""+6640"", ""sel_8th_pre_req_pre"": ""0"", ""sel_8th_pre_req"": ""500"", ""sel_8th_pre_bid"": ""+6630"", ""sel_7th_pre_req_pre"": ""0"", ""sel_7th_pre_req"": ""857"", ""sel_7th_pre_bid"": ""+6620"", ""sel_6th_pre_req_pre"": ""0"", ""sel_6th_pre_req"": ""181"", ""sel_6th_pre_bid"": ""+6610"", ""sel_5th_pre_req_pre"": ""0"", ""sel_5th_pre_req"": ""5910"", ""sel_5th_pre_bid"": ""+6600"", ""sel_4th_pre_req_pre"": ""0"", ""sel_4th_pre_req"": ""858"", ""sel_4th_pre_bid"": ""+6590"", ""sel_3th_pre_req_pre"": ""0"", ""sel_3th_pre_req"": ""1623"", ""sel_3th_pre_bid"": ""+6580"", ""sel_2th_pre_req_pre"": ""0"", ""sel_2th_pre_req"": ""7962"", ""sel_2th_pre_bid"": ""+6570"", ""sel_1th_pre_req_pre"": ""--272"", ""sel_fpr_req"": ""2289"", ""sel_fpr_bid"": ""+6560"", ""buy_fpr_bid"": ""+6540"", ""buy_fpr_req"": ""80"", ""buy_1th_pre_req_pre"": ""0"", ""buy_2th_pre_bid"": ""+6530"", ""buy_2th_pre_req"": ""50"", ""buy_2th_pre_req_pre"": ""0"", ""buy_3th_pre_bid"": ""+6520"", ""buy_3th_pre_req"": ""184"", ""buy_3th_pre_req_pre"": ""0"", ""buy_4th_pre_bid"": ""+6510"", ""buy_4th_pre_req"": ""400"", ""buy_4th_pre_req_pre"": ""0"", ""buy_5th_pre_bid"": ""+6500"", ""buy_5th_pre_req"": ""140"", ""buy_5th_pre_req_pre"": ""0"", ""buy_6th_pre_bid"": ""+6480"", ""buy_6th_pre_req"": ""5"", ""buy_6th_pre_req_pre"": ""0"", ""buy_7th_pre_bid"": ""+6470"", ""buy_7th_pre_req"": ""160"", ""buy_7th_pre_req_pre"": ""0"", ""buy_8th_pre_bid"": ""+6460"", ""buy_8th_pre_req"": ""89"", ""buy_8th_pre_req_pre"": ""0"", ""buy_9th_pre_bid"": ""6450"", ""buy_9th_pre_req"": ""384"", ""buy_9th_pre_req_pre"": ""0"", ""buy_10th_pre_bid"": ""-6440"", ""buy_10th_pre_req"": ""26"", ""buy_10th_pre_req_pre"": ""0"", ""tot_sel_req_jub_pre"": ""--368"", ""tot_sel_req"": ""21202"", ""tot_buy_req"": ""1518"", ""tot_buy_req_jub_pre"": ""0"", ""ovt_sel_req_pre"": ""0"", ""ovt_sel_req"": ""0"", ""ovt_buy_req"": ""0"", ""ovt_buy_req_pre"": ""0"", ""return_code"": 0, ""return_msg"": ""정상적으로 처리되었습니다""}"
2026-06-10,watchlist,064400,,0,filtered_candidate_recheck,96600,,96600,96400,96600,96500,-0.2070393374741201,0.2070393374741201,,,,,,"{""bid_req_base_tm"": ""095836"", ""sel_10th_pre_req_pre"": ""0"", ""sel_10th_pre_req"": ""87"", ""sel_10th_pre_bid"": ""-97500"", ""sel_9th_pre_req_pre"": ""0"", ""sel_9th_pre_req"": ""451"", ""sel_9th_pre_bid"": ""-97400"", ""sel_8th_pre_req_pre"": ""0"", ""sel_8th_pre_req"": ""37"", ""sel_8th_pre_bid"": ""-97300"", ""sel_7th_pre_req_pre"": ""0"", ""sel_7th_pre_req"": ""329"", ""sel_7th_pre_bid"": ""-97200"", ""sel_6th_pre_req_pre"": ""0"", ""sel_6th_pre_req"": ""91"", ""sel_6th_pre_bid"": ""-97100"", ""sel_5th_pre_req_pre"": ""0"", ""sel_5th_pre_req"": ""819"", ""sel_5th_pre_bid"": ""-97000"", ""sel_4th_pre_req_pre"": ""0"", ""sel_4th_pre_req"": ""233"", ""sel_4th_pre_bid"": ""-96900"", ""sel_3th_pre_req_pre"": ""0"", ""sel_3th_pre_req"": ""1945"", ""sel_3th_pre_bid"": ""-96800"", ""sel_2th_pre_req_pre"": ""0"", ""sel_2th_pre_req"": ""153"", ""sel_2th_pre_bid"": ""-96700"", ""sel_1th_pre_req_pre"": ""0"", ""sel_fpr_req"": ""289"", ""sel_fpr_bid"": ""-96600"", ""buy_fpr_bid"": ""-96400"", ""buy_fpr_req"": ""155"", ""buy_1th_pre_req_pre"": ""0"", ""buy_2th_pre_bid"": ""-96300"", ""buy_2th_pre_req"": ""296"", ""buy_2th_pre_req_pre"": ""0"", ""buy_3th_pre_bid"": ""-96200"", ""buy_3th_pre_req"": ""61"", ""buy_3th_pre_req_pre"": ""0"", ""buy_4th_pre_bid"": ""-96100"", ""buy_4th_pre_req"": ""126"", ""buy_4th_pre_req_pre"": ""0"", ""buy_5th_pre_bid"": ""-96000"", ""buy_5th_pre_req"": ""330"", ""buy_5th_pre_req_pre"": ""0"", ""buy_6th_pre_bid"": ""-95900"", ""buy_6th_pre_req"": ""1506"", ""buy_6th_pre_req_pre"": ""0"", ""buy_7th_pre_bid"": ""-95800"", ""buy_7th_pre_req"": ""231"", ""buy_7th_pre_req_pre"": ""+5"", ""buy_8th_pre_bid"": ""-95700"", ""buy_8th_pre_req"": ""705"", ""buy_8th_pre_req_pre"": ""0"", ""buy_9th_pre_bid"": ""-95600"", ""buy_9th_pre_req"": ""605"", ""buy_9th_pre_req_pre"": ""0"", ""buy_10th_pre_bid"": ""-95500"", ""buy_10th_pre_req"": ""886"", ""buy_10th_pre_req_pre"": ""0"", ""tot_sel_req_jub_pre"": ""0"", ""tot_sel_req"": ""4434"", ""tot_buy_req"": ""4901"", ""tot_buy_req_jub_pre"": ""+5"", ""ovt_sel_req_pre"": ""0"", ""ovt_sel_req"": ""0"", ""ovt_buy_req"": ""0"", ""ovt_buy_req_pre"": ""0"", ""return_code"": 0, ""return_msg"": ""정상적으로 처리되었습니다""}"
2026-06-10,watchlist,009420,,1,filtered_candidate_recheck,50400,,50400,50300,50400,50600,0.1984126984126984,0.1984126984126984,,,,,,"{""bid_req_base_tm"": ""095836"", ""sel_10th_pre_req_pre"": ""0"", ""sel_10th_pre_req"": ""430"", ""sel_10th_pre_bid"": ""-51300"", ""sel_9th_pre_req_pre"": ""0"", ""sel_9th_pre_req"": ""13"", ""sel_9th_pre_bid"": ""-51200"", ""sel_8th_pre_req_pre"": ""0"", ""sel_8th_pre_req"": ""34"", ""sel_8th_pre_bid"": ""-51100"", ""sel_7th_pre_req_pre"": ""0"", ""sel_7th_pre_req"": ""100"", ""sel_7th_pre_bid"": ""-51000"", ""sel_6th_pre_req_pre"": ""0"", ""sel_6th_pre_req"": ""54"", ""sel_6th_pre_bid"": ""-50900"", ""sel_5th_pre_req_pre"": ""0"", ""sel_5th_pre_req"": ""162"", ""sel_5th_pre_bid"": ""-50800"", ""sel_4th_pre_req_pre"": ""0"", ""sel_4th_pre_req"": ""5"", ""sel_4th_pre_bid"": ""-50700"", ""sel_3th_pre_req_pre"": ""0"", ""sel_3th_pre_req"": ""14"", ""sel_3th_pre_bid"": ""-50600"", ""sel_2th_pre_req_pre"": ""0"", ""sel_2th_pre_req"": ""52"", ""sel_2th_pre_bid"": ""-50500"", ""sel_1th_pre_req_pre"": ""0"", ""sel_fpr_req"": ""75"", ""sel_fpr_bid"": ""-50400"", ""buy_fpr_bid"": ""-50300"", ""buy_fpr_req"": ""228"", ""buy_1th_pre_req_pre"": ""+9"", ""buy_2th_pre_bid"": ""-50200"", ""buy_2th_pre_req"": ""103"", ""buy_2th_pre_req_pre"": ""0"", ""buy_3th_pre_bid"": ""-50100"", ""buy_3th_pre_req"": ""72"", ""buy_3th_pre_req_pre"": ""0"", ""buy_4th_pre_bid"": ""-50000"", ""buy_4th_pre_req"": ""131"", ""buy_4th_pre_req_pre"": ""0"", ""buy_5th_pre_bid"": ""-49950"", ""buy_5th_pre_req"": ""277"", ""buy_5th_pre_req_pre"": ""0"", ""buy_6th_pre_bid"": ""-49900"", ""buy_6th_pre_req"": ""157"", ""buy_6th_pre_req_pre"": ""0"", ""buy_7th_pre_bid"": ""-49850"", ""buy_7th_pre_req"": ""224"", ""buy_7th_pre_req_pre"": ""0"", ""buy_8th_pre_bid"": ""-49800"", ""buy_8th_pre_req"": ""364"", ""buy_8th_pre_req_pre"": ""0"", ""buy_9th_pre_bid"": ""-49750"", ""buy_9th_pre_req"": ""166"", ""buy_9th_pre_req_pre"": ""0"", ""buy_10th_pre_bid"": ""-49700"", ""buy_10th_pre_req"": ""1069"", ""buy_10th_pre_req_pre"": ""0"", ""tot_sel_req_jub_pre"": ""0"", ""tot_sel_req"": ""939"", ""tot_buy_req"": ""2791"", ""tot_buy_req_jub_pre"": ""+9"", ""ovt_sel_req_pre"": ""0"", ""ovt_sel_req"": ""0"", ""ovt_buy_req"": ""0"", ""ovt_buy_req_pre"": ""0"", ""return_code"": 0, ""return_msg"": ""정상적으로 처리되었습니다""}"
2026-06-10,watchlist,383220,,0,filtered_candidate_recheck,75600,,75600,75500,75600,76000,0.3968253968253968,0.13227513227513227,,,,,,"{""bid_req_base_tm"": ""095834"", ""sel_10th_pre_req_pre"": ""0"", ""sel_10th_pre_req"": ""2"", ""sel_10th_pre_bid"": ""+77000"", ""sel_9th_pre_req_pre"": ""0"", ""sel_9th_pre_req"": ""105"", ""sel_9th_pre_bid"": ""+76900"", ""sel_8th_pre_req_pre"": ""0"", ""sel_8th_pre_req"": ""20"", ""sel_8th_pre_bid"": ""+76800"", ""sel_7th_pre_req_pre"": ""0"", ""sel_7th_pre_req"": ""1"", ""sel_7th_pre_bid"": ""+76700"", ""sel_6th_pre_req_pre"": ""0"", ""sel_6th_pre_req"": ""7"", ""sel_6th_pre_bid"": ""+76500"", ""sel_5th_pre_req_pre"": ""0"", ""sel_5th_pre_req"": ""1"", ""sel_5th_pre_bid"": ""+76400"", ""sel_4th_pre_req_pre"": ""0"", ""sel_4th_pre_req"": ""9"", ""sel_4th_pre_bid"": ""+76000"", ""sel_3th_pre_req_pre"": ""0"", ""sel_3th_pre_req"": ""11"", ""sel_3th_pre_bid"": ""+75800"", ""sel_2th_pre_req_pre"": ""0"", ""sel_2th_pre_req"": ""31"", ""sel_2th_pre_bid"": ""+75700"", ""sel_1th_pre_req_pre"": ""--10"", ""sel_fpr_req"": ""23"", ""sel_fpr_bid"": ""+75600"", ""buy_fpr_bid"": ""+75500"", ""buy_fpr_req"": ""33"", ""buy_1th_pre_req_pre"": ""0"", ""buy_2th_pre_bid"": ""+75400"", ""buy_2th_pre_req"": ""51"", ""buy_2th_pre_req_pre"": ""0"", ""buy_3th_pre_bid"": ""+75300"", ""buy_3th_pre_req"": ""18"", ""buy_3th_pre_req_pre"": ""0"", ""buy_4th_pre_bid"": ""+75200"", ""buy_4th_pre_req"": ""13"", ""buy_4th_pre_req_pre"": ""0"", ""buy_5th_pre_bid"": ""+75100"", ""buy_5th_pre_req"": ""124"", ""buy_5th_pre_req_pre"": ""0"", ""buy_6th_pre_bid"": ""+75000"", ""buy_6th_pre_req"": ""5"", ""buy_6th_pre_req_pre"": ""0"", ""buy_7th_pre_bid"": ""+74900"", ""buy_7th_pre_req"": ""10"", ""buy_7th_pre_req_pre"": ""0"", ""buy_8th_pre_bid"": ""+74800"", ""buy_8th_pre_req"": ""9"", ""buy_8th_pre_req_pre"": ""0"", ""buy_9th_pre_bid"": ""+74700"", ""buy_9th_pre_req"": ""15"", ""buy_9th_pre_req_pre"": ""0"", ""buy_10th_pre_bid"": ""74600"", ""buy_10th_pre_req"": ""75"", ""buy_10th_pre_req_pre"": ""0"", ""tot_sel_req_jub_pre"": ""--10"", ""tot_sel_req"": ""210"", ""tot_buy_req"": ""353"", ""tot_buy_req_jub_pre"": ""0"", ""ovt_sel_req_pre"": ""0"", ""ovt_sel_req"": ""0"", ""ovt_buy_req"": ""0"", ""ovt_buy_req_pre"": ""0"", ""return_code"": 0, ""return_msg"": ""정상적으로 처리되었습니다""}"
2026-06-10,watchlist,004170,,0,filtered_candidate_recheck,660000,,660000,659000,660000,664000,0.45454545454545453,0.15151515151515152,,,,,,"{""bid_req_base_tm"": ""095835"", ""sel_10th_pre_req_pre"": ""0"", ""sel_10th_pre_req"": ""32"", ""sel_10th_pre_bid"": ""+677000"", ""sel_9th_pre_req_pre"": ""0"", ""sel_9th_pre_req"": ""5"", ""sel_9th_pre_bid"": ""+676000"", ""sel_8th_pre_req_pre"": ""0"", ""sel_8th_pre_req"": ""1"", ""sel_8th_pre_bid"": ""+675000"", ""sel_7th_pre_req_pre"": ""0"", ""sel_7th_pre_req"": ""3"", ""sel_7th_pre_bid"": ""+674000"", ""sel_6th_pre_req_pre"": ""0"", ""sel_6th_pre_req"": ""15"", ""sel_6th_pre_bid"": ""+670000"", ""sel_5th_pre_req_pre"": ""0"", ""sel_5th_pre_req"": ""1"", ""sel_5th_pre_bid"": ""+669000"", ""sel_4th_pre_req_pre"": ""0"", ""sel_4th_pre_req"": ""48"", ""sel_4th_pre_bid"": ""+663000"", ""sel_3th_pre_req_pre"": ""0"", ""sel_3th_pre_req"": ""30"", ""sel_3th_pre_bid"": ""+662000"", ""sel_2th_pre_req_pre"": ""0"", ""sel_2th_pre_req"": ""30"", ""sel_2th_pre_bid"": ""+661000"", ""sel_1th_pre_req_pre"": ""0"", ""sel_fpr_req"": ""25"", ""sel_fpr_bid"": ""+660000"", ""buy_fpr_bid"": ""+659000"", ""buy_fpr_req"": ""69"", ""buy_1th_pre_req_pre"": ""0"", ""buy_2th_pre_bid"": ""+658000"", ""buy_2th_pre_req"": ""3"", ""buy_2th_pre_req_pre"": ""0"", ""buy_3th_pre_bid"": ""+657000"", ""buy_3th_pre_req"": ""4"", ""buy_3th_pre_req_pre"": ""0"", ""buy_4th_pre_bid"": ""+656000"", ""buy_4th_pre_req"": ""3"", ""buy_4th_pre_req_pre"": ""--2"", ""buy_5th_pre_bid"": ""+655000"", ""buy_5th_pre_req"": ""13"", ""buy_5th_pre_req_pre"": ""0"", ""buy_6th_pre_bid"": ""+654000"", ""buy_6th_pre_req"": ""28"", ""buy_6th_pre_req_pre"": ""0"", ""buy_7th_pre_bid"": ""+653000"", ""buy_7th_pre_req"": ""42"", ""buy_7th_pre_req_pre"": ""0"", ""buy_8th_pre_bid"": ""+652000"", ""buy_8th_pre_req"": ""36"", ""buy_8th_pre_req_pre"": ""0"", ""buy_9th_pre_bid"": ""+651000"", ""buy_9th_pre_req"": ""67"", ""buy_9th_pre_req_pre"": ""0"", ""buy_10th_pre_bid"": ""+650000"", ""buy_10th_pre_req"": ""35"", ""buy_10th_pre_req_pre"": ""0"", ""tot_sel_req_jub_pre"": ""0"", ""tot_sel_req"": ""190"", ""tot_buy_req"": ""300"", ""tot_buy_req_jub_pre"": ""--2"", ""ovt_sel_req_pre"": ""0"", ""ovt_sel_req"": ""0"", ""ovt_buy_req"": ""0"", ""ovt_buy_req_pre"": ""0"", ""return_code"": 0, ""return_msg"": ""정상적으로 처리되었습니다""}"
2026-06-10,watchlist,018260,,0,filtered_candidate_recheck,234000,,234000,233500,234000,235500,0.4273504273504274,0.2136752136752137,,,,,,"{""bid_req_base_tm"": ""095837"", ""sel_10th_pre_req_pre"": ""0"", ""sel_10th_pre_req"": ""54"", ""sel_10th_pre_bid"": ""-238500"", ""sel_9th_pre_req_pre"": ""0"", ""sel_9th_pre_req"": ""184"", ""sel_9th_pre_bid"": ""-238000"", ""sel_8th_pre_req_pre"": ""0"", ""sel_8th_pre_req"": ""83"", ""sel_8th_pre_bid"": ""-237500"", ""sel_7th_pre_req_pre"": ""0"", ""sel_7th_pre_req"": ""60"", ""sel_7th_pre_bid"": ""-237000"", ""sel_6th_pre_req_pre"": ""0"", ""sel_6th_pre_req"": ""207"", ""sel_6th_pre_bid"": ""-236500"", ""sel_5th_pre_req_pre"": ""0"", ""sel_5th_pre_req"": ""87"", ""sel_5th_pre_bid"": ""-236000"", ""sel_4th_pre_req_pre"": ""0"", ""sel_4th_pre_req"": ""32"", ""sel_4th_pre_bid"": ""-235500"", ""sel_3th_pre_req_pre"": ""0"", ""sel_3th_pre_req"": ""42"", ""sel_3th_pre_bid"": ""-235000"", ""sel_2th_pre_req_pre"": ""0"", ""sel_2th_pre_req"": ""237"", ""sel_2th_pre_bid"": ""-234500"", ""sel_1th_pre_req_pre"": ""--1"", ""sel_fpr_req"": ""184"", ""sel_fpr_bid"": ""-234000"", ""buy_fpr_bid"": ""-233500"", ""buy_fpr_req"": ""171"", ""buy_1th_pre_req_pre"": ""0"", ""buy_2th_pre_bid"": ""-233000"", ""buy_2th_pre_req"": ""569"", ""buy_2th_pre_req_pre"": ""0"", ""buy_3th_pre_bid"": ""-232500"", ""buy_3th_pre_req"": ""773"", ""buy_3th_pre_req_pre"": ""0"", ""buy_4th_pre_bid"": ""-232000"", ""buy_4th_pre_req"": ""895"", ""buy_4th_pre_req_pre"": ""0"", ""buy_5th_pre_bid"": ""-231500"", ""buy_5th_pre_req"": ""1019"", ""buy_5th_pre_req_pre"": ""0"", ""buy_6th_pre_bid"": ""-231000"", ""buy_6th_pre_req"": ""1923"", ""buy_6th_pre_req_pre"": ""0"", ""buy_7th_pre_bid"": ""-230500"", ""buy_7th_pre_req"": ""1619"", ""buy_7th_pre_req_pre"": ""0"", ""buy_8th_pre_bid"": ""-230000"", ""buy_8th_pre_req"": ""3287"", ""buy_8th_pre_req_pre"": ""0"", ""buy_9th_pre_bid"": ""-229500"", ""buy_9th_pre_req"": ""570"", ""buy_9th_pre_req_pre"": ""0"", ""buy_10th_pre_bid"": ""-229000"", ""buy_10th_pre_req"": ""1310"", ""buy_10th_pre_req_pre"": ""0"", ""tot_sel_req_jub_pre"": ""--1"", ""tot_sel_req"": ""1170"", ""tot_buy_req"": ""12136"", ""tot_buy_req_jub_pre"": ""0"", ""ovt_sel_req_pre"": ""0"", ""ovt_sel_req"": ""0"", ""ovt_buy_req"": ""0"", ""ovt_buy_req_pre"": ""0"", ""return_code"": 0, ""return_msg"": ""정상적으로 처리되었습니다""}"
2026-06-10,watchlist,161390,,0,filtered_candidate_recheck,72000,,72000,71900,72000,72300,0.2777777777777778,0.1388888888888889,,,,,,"{""bid_req_base_tm"": ""095836"", ""sel_10th_pre_req_pre"": ""0"", ""sel_10th_pre_req"": ""8"", ""sel_10th_pre_bid"": ""-72900"", ""sel_9th_pre_req_pre"": ""0"", ""sel_9th_pre_req"": ""2"", ""sel_9th_pre_bid"": ""-72800"", ""sel_8th_pre_req_pre"": ""0"", ""sel_8th_pre_req"": ""112"", ""sel_8th_pre_bid"": ""-72700"", ""sel_7th_pre_req_pre"": ""0"", ""sel_7th_pre_req"": ""18"", ""sel_7th_pre_bid"": ""-72600"", ""sel_6th_pre_req_pre"": ""0"", ""sel_6th_pre_req"": ""186"", ""sel_6th_pre_bid"": ""-72500"", ""sel_5th_pre_req_pre"": ""0"", ""sel_5th_pre_req"": ""44"", ""sel_5th_pre_bid"": ""-72400"", ""sel_4th_pre_req_pre"": ""0"", ""sel_4th_pre_req"": ""34"", ""sel_4th_pre_bid"": ""-72300"", ""sel_3th_pre_req_pre"": ""0"", ""sel_3th_pre_req"": ""12"", ""sel_3th_pre_bid"": ""-72200"", ""sel_2th_pre_req_pre"": ""0"", ""sel_2th_pre_req"": ""264"", ""sel_2th_pre_bid"": ""-72100"", ""sel_1th_pre_req_pre"": ""0"", ""sel_fpr_req"": ""675"", ""sel_fpr_bid"": ""-72000"", ""buy_fpr_bid"": ""-71900"", ""buy_fpr_req"": ""1332"", ""buy_1th_pre_req_pre"": ""0"", ""buy_2th_pre_bid"": ""-71800"", ""buy_2th_pre_req"": ""319"", ""buy_2th_pre_req_pre"": ""0"", ""buy_3th_pre_bid"": ""-71700"", ""buy_3th_pre_req"": ""151"", ""buy_3th_pre_req_pre"": ""0"", ""buy_4th_pre_bid"": ""-71600"", ""buy_4th_pre_req"": ""106"", ""buy_4th_pre_req_pre"": ""0"", ""buy_5th_pre_bid"": ""-71500"", ""buy_5th_pre_req"": ""67"", ""buy_5th_pre_req_pre"": ""0"", ""buy_6th_pre_bid"": ""-71400"", ""buy_6th_pre_req"": ""155"", ""buy_6th_pre_req_pre"": ""0"", ""buy_7th_pre_bid"": ""-71300"", ""buy_7th_pre_req"": ""16"", ""buy_7th_pre_req_pre"": ""0"", ""buy_8th_pre_bid"": ""-71200"", ""buy_8th_pre_req"": ""362"", ""buy_8th_pre_req_pre"": ""0"", ""buy_9th_pre_bid"": ""-71100"", ""buy_9th_pre_req"": ""254"", ""buy_9th_pre_req_pre"": ""0"", ""buy_10th_pre_bid"": ""-71000"", ""buy_10th_pre_req"": ""1003"", ""buy_10th_pre_req_pre"": ""0"", ""tot_sel_req_jub_pre"": ""0"", ""tot_sel_req"": ""1355"", ""tot_buy_req"": ""3765"", ""tot_buy_req_jub_pre"": ""0"", ""ovt_sel_req_pre"": ""0"", ""ovt_sel_req"": ""0"", ""ovt_buy_req"": ""0"", ""ovt_buy_req_pre"": ""0"", ""return_code"": 0, ""return_msg"": ""정상적으로 처리되었습니다""}"
2026-06-10,watchlist,078930,,0,filtered_candidate_recheck,73200,,73200,73100,73200,73700,0.546448087431694,0.1366120218579235,,,,,,"{""bid_req_base_tm"": ""095836"", ""sel_10th_pre_req_pre"": ""0"", ""sel_10th_pre_req"": ""83"", ""sel_10th_pre_bid"": ""+74500"", ""sel_9th_pre_req_pre"": ""0"", ""sel_9th_pre_req"": ""76"", ""sel_9th_pre_bid"": ""+74400"", ""sel_8th_pre_req_pre"": ""0"", ""sel_8th_pre_req"": ""1"", ""sel_8th_pre_bid"": ""+74200"", ""sel_7th_pre_req_pre"": ""0"", ""sel_7th_pre_req"": ""15"", ""sel_7th_pre_bid"": ""+74000"", ""sel_6th_pre_req_pre"": ""0"", ""sel_6th_pre_req"": ""10"", ""sel_6th_pre_bid"": ""-73700"", ""sel_5th_pre_req_pre"": ""0"", ""sel_5th_pre_req"": ""1"", ""sel_5th_pre_bid"": ""-73600"", ""sel_4th_pre_req_pre"": ""0"", ""sel_4th_pre_req"": ""52"", ""sel_4th_pre_bid"": ""-73500"", ""sel_3th_pre_req_pre"": ""0"", ""sel_3th_pre_req"": ""37"", ""sel_3th_pre_bid"": ""-73400"", ""sel_2th_pre_req_pre"": ""0"", ""sel_2th_pre_req"": ""200"", ""sel_2th_pre_bid"": ""-73300"", ""sel_1th_pre_req_pre"": ""+14"", ""sel_fpr_req"": ""369"", ""sel_fpr_bid"": ""-73200"", ""buy_fpr_bid"": ""-73100"", ""buy_fpr_req"": ""467"", ""buy_1th_pre_req_pre"": ""0"", ""buy_2th_pre_bid"": ""-73000"", ""buy_2th_pre_req"": ""62"", ""buy_2th_pre_req_pre"": ""0"", ""buy_3th_pre_bid"": ""-72900"", ""buy_3th_pre_req"": ""343"", ""buy_3th_pre_req_pre"": ""0"", ""buy_4th_pre_bid"": ""-72800"", ""buy_4th_pre_req"": ""270"", ""buy_4th_pre_req_pre"": ""0"", ""buy_5th_pre_bid"": ""-72700"", ""buy_5th_pre_req"": ""63"", ""buy_5th_pre_req_pre"": ""0"", ""buy_6th_pre_bid"": ""-72600"", ""buy_6th_pre_req"": ""10"", ""buy_6th_pre_req_pre"": ""0"", ""buy_7th_pre_bid"": ""-72500"", ""buy_7th_pre_req"": ""7"", ""buy_7th_pre_req_pre"": ""0"", ""buy_8th_pre_bid"": ""-72300"", ""buy_8th_pre_req"": ""50"", ""buy_8th_pre_req_pre"": ""0"", ""buy_9th_pre_bid"": ""-72200"", ""buy_9th_pre_req"": ""109"", ""buy_9th_pre_req_pre"": ""0"", ""buy_10th_pre_bid"": ""-72100"", ""buy_10th_pre_req"": ""507"", ""buy_10th_pre_req_pre"": ""0"", ""tot_sel_req_jub_pre"": ""+14"", ""tot_sel_req"": ""844"", ""tot_buy_req"": ""1888"", ""tot_buy_req_jub_pre"": ""0"", ""ovt_sel_req_pre"": ""0"", ""ovt_sel_req"": ""0"", ""ovt_buy_req"": ""0"", ""ovt_buy_req_pre"": ""0"", ""return_code"": 0, ""return_msg"": ""정상적으로 처리되었습니다""}"
2026-06-10,watchlist,462870,,0,filtered_candidate_recheck,30550,,30550,30500,30550,30750,0.4909983633387889,0.16366612111292964,,,,,,"{""bid_req_base_tm"": ""095836"", ""sel_10th_pre_req_pre"": ""0"", ""sel_10th_pre_req"": ""80"", ""sel_10th_pre_bid"": ""-31100"", ""sel_9th_pre_req_pre"": ""0"", ""sel_9th_pre_req"": ""221"", ""sel_9th_pre_bid"": ""-31000"", ""sel_8th_pre_req_pre"": ""0"", ""sel_8th_pre_req"": ""21"", ""sel_8th_pre_bid"": ""-30950"", ""sel_7th_pre_req_pre"": ""0"", ""sel_7th_pre_req"": ""213"", ""sel_7th_pre_bid"": ""-30900"", ""sel_6th_pre_req_pre"": ""0"", ""sel_6th_pre_req"": ""39"", ""sel_6th_pre_bid"": ""-30850"", ""sel_5th_pre_req_pre"": ""0"", ""sel_5th_pre_req"": ""51"", ""sel_5th_pre_bid"": ""-30800"", ""sel_4th_pre_req_pre"": ""0"", ""sel_4th_pre_req"": ""9"", ""sel_4th_pre_bid"": ""-30750"", ""sel_3th_pre_req_pre"": ""0"", ""sel_3th_pre_req"": ""35"", ""sel_3th_pre_bid"": ""-30650"", ""sel_2th_pre_req_pre"": ""0"", ""sel_2th_pre_req"": ""2"", ""sel_2th_pre_bid"": ""-30600"", ""sel_1th_pre_req_pre"": ""+22"", ""sel_fpr_req"": ""63"", ""sel_fpr_bid"": ""-30550"", ""buy_fpr_bid"": ""-30500"", ""buy_fpr_req"": ""368"", ""buy_1th_pre_req_pre"": ""0"", ""buy_2th_pre_bid"": ""-30450"", ""buy_2th_pre_req"": ""301"", ""buy_2th_pre_req_pre"": ""0"", ""buy_3th_pre_bid"": ""-30400"", ""buy_3th_pre_req"": ""276"", ""buy_3th_pre_req_pre"": ""0"", ""buy_4th_pre_bid"": ""-30350"", ""buy_4th_pre_req"": ""123"", ""buy_4th_pre_req_pre"": ""0"", ""buy_5th_pre_bid"": ""-30300"", ""buy_5th_pre_req"": ""240"", ""buy_5th_pre_req_pre"": ""0"", ""buy_6th_pre_bid"": ""-30250"", ""buy_6th_pre_req"": ""684"", ""buy_6th_pre_req_pre"": ""0"", ""buy_7th_pre_bid"": ""-30200"", ""buy_7th_pre_req"": ""170"", ""buy_7th_pre_req_pre"": ""0"", ""buy_8th_pre_bid"": ""-30150"", ""buy_8th_pre_req"": ""416"", ""buy_8th_pre_req_pre"": ""0"", ""buy_9th_pre_bid"": ""-30100"", ""buy_9th_pre_req"": ""656"", ""buy_9th_pre_req_pre"": ""0"", ""buy_10th_pre_bid"": ""-30050"", ""buy_10th_pre_req"": ""295"", ""buy_10th_pre_req_pre"": ""0"", ""tot_sel_req_jub_pre"": ""+22"", ""tot_sel_req"": ""734"", ""tot_buy_req"": ""3529"", ""tot_buy_req_jub_pre"": ""0"", ""ovt_sel_req_pre"": ""0"", ""ovt_sel_req"": ""0"", ""ovt_buy_req"": ""0"", ""ovt_buy_req_pre"": ""0"", ""return_code"": 0, ""return_msg"": ""정상적으로 처리되었습니다""}"
2026-06-10,watchlist,055550,,0,filtered_candidate_recheck,100400,,100400,100300,100400,100000,-0.8964143426294822,0.099601593625498,,,,,,"{""bid_req_base_tm"": ""095837"", ""sel_10th_pre_req_pre"": ""0"", ""sel_10th_pre_req"": ""5"", ""sel_10th_pre_bid"": ""+101300"", ""sel_9th_pre_req_pre"": ""0"", ""sel_9th_pre_req"": ""480"", ""sel_9th_pre_bid"": ""101200"", ""sel_8th_pre_req_pre"": ""0"", ""sel_8th_pre_req"": ""110"", ""sel_8th_pre_bid"": ""-101100"", ""sel_7th_pre_req_pre"": ""0"", ""sel_7th_pre_req"": ""888"", ""sel_7th_pre_bid"": ""-101000"", ""sel_6th_pre_req_pre"": ""0"", ""sel_6th_pre_req"": ""259"", ""sel_6th_pre_bid"": ""-100900"", ""sel_5th_pre_req_pre"": ""0"", ""sel_5th_pre_req"": ""1226"", ""sel_5th_pre_bid"": ""-100800"", ""sel_4th_pre_req_pre"": ""0"", ""sel_4th_pre_req"": ""1373"", ""sel_4th_pre_bid"": ""-100700"", ""sel_3th_pre_req_pre"": ""0"", ""sel_3th_pre_req"": ""129"", ""sel_3th_pre_bid"": ""-100600"", ""sel_2th_pre_req_pre"": ""0"", ""sel_2th_pre_req"": ""892"", ""sel_2th_pre_bid"": ""-100500"", ""sel_1th_pre_req_pre"": ""0"", ""sel_fpr_req"": ""7"", ""sel_fpr_bid"": ""-100400"", ""buy_fpr_bid"": ""-100300"", ""buy_fpr_req"": ""642"", ""buy_1th_pre_req_pre"": ""+37"", ""buy_2th_pre_bid"": ""-100200"", ""buy_2th_pre_req"": ""429"", ""buy_2th_pre_req_pre"": ""0"", ""buy_3th_pre_bid"": ""-100100"", ""buy_3th_pre_req"": ""475"", ""buy_3th_pre_req_pre"": ""0"", ""buy_4th_pre_bid"": ""-100000"", ""buy_4th_pre_req"": ""848"", ""buy_4th_pre_req_pre"": ""0"", ""buy_5th_pre_bid"": ""-99900"", ""buy_5th_pre_req"": ""125"", ""buy_5th_pre_req_pre"": ""0"", ""buy_6th_pre_bid"": ""-99800"", ""buy_6th_pre_req"": ""279"", ""buy_6th_pre_req_pre"": ""0"", ""buy_7th_pre_bid"": ""-99700"", ""buy_7th_pre_req"": ""82"", ""buy_7th_pre_req_pre"": ""0"", ""buy_8th_pre_bid"": ""-99600"", ""buy_8th_pre_req"": ""1"", ""buy_8th_pre_req_pre"": ""0"", ""buy_9th_pre_bid"": ""-99500"", ""buy_9th_pre_req"": ""551"", ""buy_9th_pre_req_pre"": ""0"", ""buy_10th_pre_bid"": ""-99400"", ""buy_10th_pre_req"": ""132"", ""buy_10th_pre_req_pre"": ""0"", ""tot_sel_req_jub_pre"": ""--97"", ""tot_sel_req"": ""5369"", ""tot_buy_req"": ""3564"", ""tot_buy_req_jub_pre"": ""+37"", ""ovt_sel_req_pre"": ""0"", ""ovt_sel_req"": ""0"", ""ovt_buy_req"": ""0"", ""ovt_buy_req_pre"": ""0"", ""return_code"": 0, ""return_msg"": ""정상적으로 처리되었습니다""}"
2026-06-10,watchlist,192080,,0,filtered_candidate_recheck,72600,,72600,72300,72600,72500,-0.27548209366391185,0.4132231404958678,,,,,,"{""bid_req_base_tm"": ""095833"", ""sel_10th_pre_req_pre"": ""0"", ""sel_10th_pre_req"": ""812"", ""sel_10th_pre_bid"": ""+73700"", ""sel_9th_pre_req_pre"": ""0"", ""sel_9th_pre_req"": ""121"", ""sel_9th_pre_bid"": ""+73600"", ""sel_8th_pre_req_pre"": ""0"", ""sel_8th_pre_req"": ""43"", ""sel_8th_pre_bid"": ""+73500"", ""sel_7th_pre_req_pre"": ""0"", ""sel_7th_pre_req"": ""73"", ""sel_7th_pre_bid"": ""+73400"", ""sel_6th_pre_req_pre"": ""0"", ""sel_6th_pre_req"": ""10"", ""sel_6th_pre_bid"": ""+73300"", ""sel_5th_pre_req_pre"": ""0"", ""sel_5th_pre_req"": ""10"", ""sel_5th_pre_bid"": ""+73200"", ""sel_4th_pre_req_pre"": ""0"", ""sel_4th_pre_req"": ""53"", ""sel_4th_pre_bid"": ""+73000"", ""sel_3th_pre_req_pre"": ""0"", ""sel_3th_pre_req"": ""22"", ""sel_3th_pre_bid"": ""+72900"", ""sel_2th_pre_req_pre"": ""0"", ""sel_2th_pre_req"": ""2"", ""sel_2th_pre_bid"": ""+72700"", ""sel_1th_pre_req_pre"": ""0"", ""sel_fpr_req"": ""83"", ""sel_fpr_bid"": ""+72600"", ""buy_fpr_bid"": ""+72300"", ""buy_fpr_req"": ""43"", ""buy_1th_pre_req_pre"": ""--1"", ""buy_2th_pre_bid"": ""+72100"", ""buy_2th_pre_req"": ""8"", ""buy_2th_pre_req_pre"": ""0"", ""buy_3th_pre_bid"": ""72000"", ""buy_3th_pre_req"": ""62"", ""buy_3th_pre_req_pre"": ""0"", ""buy_4th_pre_bid"": ""-71900"", ""buy_4th_pre_req"": ""22"", ""buy_4th_pre_req_pre"": ""0"", ""buy_5th_pre_bid"": ""-71800"", ""buy_5th_pre_req"": ""66"", ""buy_5th_pre_req_pre"": ""0"", ""buy_6th_pre_bid"": ""-71700"", ""buy_6th_pre_req"": ""33"", ""buy_6th_pre_req_pre"": ""0"", ""buy_7th_pre_bid"": ""-71600"", ""buy_7th_pre_req"": ""80"", ""buy_7th_pre_req_pre"": ""0"", ""buy_8th_pre_bid"": ""-71500"", ""buy_8th_pre_req"": ""68"", ""buy_8th_pre_req_pre"": ""0"", ""buy_9th_pre_bid"": ""-71400"", ""buy_9th_pre_req"": ""22"", ""buy_9th_pre_req_pre"": ""0"", ""buy_10th_pre_bid"": ""-71300"", ""buy_10th_pre_req"": ""35"", ""buy_10th_pre_req_pre"": ""0"", ""tot_sel_req_jub_pre"": ""0"", ""tot_sel_req"": ""1229"", ""tot_buy_req"": ""439"", ""tot_buy_req_jub_pre"": ""--1"", ""ovt_sel_req_pre"": ""0"", ""ovt_sel_req"": ""0"", ""ovt_buy_req"": ""0"", ""ovt_buy_req_pre"": ""0"", ""return_code"": 0, ""return_msg"": ""정상적으로 처리되었습니다""}"
2026-06-10,watchlist,000430,,0,filtered_candidate_recheck,5890,,5890,5880,5890,5910,0.1697792869269949,0.1697792869269949,,,,,,"{""bid_req_base_tm"": ""095838"", ""sel_10th_pre_req_pre"": ""0"", ""sel_10th_pre_req"": ""5771"", ""sel_10th_pre_bid"": ""6000"", ""sel_9th_pre_req_pre"": ""0"", ""sel_9th_pre_req"": ""1266"", ""sel_9th_pre_bid"": ""-5990"", ""sel_8th_pre_req_pre"": ""0"", ""sel_8th_pre_req"": ""1461"", ""sel_8th_pre_bid"": ""-5980"", ""sel_7th_pre_req_pre"": ""0"", ""sel_7th_pre_req"": ""764"", ""sel_7th_pre_bid"": ""-5970"", ""sel_6th_pre_req_pre"": ""0"", ""sel_6th_pre_req"": ""759"", ""sel_6th_pre_bid"": ""-5960"", ""sel_5th_pre_req_pre"": ""0"", ""sel_5th_pre_req"": ""118"", ""sel_5th_pre_bid"": ""-5950"", ""sel_4th_pre_req_pre"": ""0"", ""sel_4th_pre_req"": ""404"", ""sel_4th_pre_bid"": ""-5940"", ""sel_3th_pre_req_pre"": ""0"", ""sel_3th_pre_req"": ""175"", ""sel_3th_pre_bid"": ""-5930"", ""sel_2th_pre_req_pre"": ""0"", ""sel_2th_pre_req"": ""142"", ""sel_2th_pre_bid"": ""-5910"", ""sel_1th_pre_req_pre"": ""--1"", ""sel_fpr_req"": ""418"", ""sel_fpr_bid"": ""-5890"", ""buy_fpr_bid"": ""-5880"", ""buy_fpr_req"": ""95"", ""buy_1th_pre_req_pre"": ""+1"", ""buy_2th_pre_bid"": ""-5870"", ""buy_2th_pre_req"": ""543"", ""buy_2th_pre_req_pre"": ""--1"", ""buy_3th_pre_bid"": ""-5860"", ""buy_3th_pre_req"": ""1621"", ""buy_3th_pre_req_pre"": ""0"", ""buy_4th_pre_bid"": ""-5850"", ""buy_4th_pre_req"": ""2300"", ""buy_4th_pre_req_pre"": ""0"", ""buy_5th_pre_bid"": ""-5840"", ""buy_5th_pre_req"": ""2439"", ""buy_5th_pre_req_pre"": ""0"", ""buy_6th_pre_bid"": ""-5830"", ""buy_6th_pre_req"": ""7829"", ""buy_6th_pre_req_pre"": ""0"", ""buy_7th_pre_bid"": ""-5820"", ""buy_7th_pre_req"": ""2740"", ""buy_7th_pre_req_pre"": ""0"", ""buy_8th_pre_bid"": ""-5810"", ""buy_8th_pre_req"": ""10691"", ""buy_8th_pre_req_pre"": ""0"", ""buy_9th_pre_bid"": ""-5800"", ""buy_9th_pre_req"": ""16698"", ""buy_9th_pre_req_pre"": ""0"", ""buy_10th_pre_bid"": ""-5790"", ""buy_10th_pre_req"": ""5663"", ""buy_10th_pre_req_pre"": ""0"", ""tot_sel_req_jub_pre"": ""--1"", ""tot_sel_req"": ""11278"", ""tot_buy_req"": ""50619"", ""tot_buy_req_jub_pre"": ""0"", ""ovt_sel_req_pre"": ""0"", ""ovt_sel_req"": ""0"", ""ovt_buy_req"": ""0"", ""ovt_buy_req_pre"": ""0"", ""return_code"": 0, ""return_msg"": ""정상적으로 처리되었습니다""}"
2026-06-10,watchlist,307950,,0,filtered_candidate_recheck,705000,,705000,704000,705000,707000,0.14184397163120568,0.14184397163120568,,,,,,"{""bid_req_base_tm"": ""095838"", ""sel_10th_pre_req_pre"": ""0"", ""sel_10th_pre_req"": ""55"", ""sel_10th_pre_bid"": ""+714000"", ""sel_9th_pre_req_pre"": ""0"", ""sel_9th_pre_req"": ""48"", ""sel_9th_pre_bid"": ""+713000"", ""sel_8th_pre_req_pre"": ""0"", ""sel_8th_pre_req"": ""11"", ""sel_8th_pre_bid"": ""+712000"", ""sel_7th_pre_req_pre"": ""0"", ""sel_7th_pre_req"": ""30"", ""sel_7th_pre_bid"": ""+711000"", ""sel_6th_pre_req_pre"": ""0"", ""sel_6th_pre_req"": ""240"", ""sel_6th_pre_bid"": ""+710000"", ""sel_5th_pre_req_pre"": ""0"", ""sel_5th_pre_req"": ""52"", ""sel_5th_pre_bid"": ""+709000"", ""sel_4th_pre_req_pre"": ""0"", ""sel_4th_pre_req"": ""42"", ""sel_4th_pre_bid"": ""+708000"", ""sel_3th_pre_req_pre"": ""0"", ""sel_3th_pre_req"": ""41"", ""sel_3th_pre_bid"": ""+707000"", ""sel_2th_pre_req_pre"": ""0"", ""sel_2th_pre_req"": ""55"", ""sel_2th_pre_bid"": ""+706000"", ""sel_1th_pre_req_pre"": ""0"", ""sel_fpr_req"": ""68"", ""sel_fpr_bid"": ""+705000"", ""buy_fpr_bid"": ""+704000"", ""buy_fpr_req"": ""13"", ""buy_1th_pre_req_pre"": ""0"", ""buy_2th_pre_bid"": ""+703000"", ""buy_2th_pre_req"": ""71"", ""buy_2th_pre_req_pre"": ""+15"", ""buy_3th_pre_bid"": ""+702000"", ""buy_3th_pre_req"": ""103"", ""buy_3th_pre_req_pre"": ""0"", ""buy_4th_pre_bid"": ""+701000"", ""buy_4th_pre_req"": ""217"", ""buy_4th_pre_req_pre"": ""0"", ""buy_5th_pre_bid"": ""+700000"", ""buy_5th_pre_req"": ""307"", ""buy_5th_pre_req_pre"": ""0"", ""buy_6th_pre_bid"": ""+699000"", ""buy_6th_pre_req"": ""142"", ""buy_6th_pre_req_pre"": ""0"", ""buy_7th_pre_bid"": ""+698000"", ""buy_7th_pre_req"": ""159"", ""buy_7th_pre_req_pre"": ""0"", ""buy_8th_pre_bid"": ""+697000"", ""buy_8th_pre_req"": ""233"", ""buy_8th_pre_req_pre"": ""0"", ""buy_9th_pre_bid"": ""+696000"", ""buy_9th_pre_req"": ""243"", ""buy_9th_pre_req_pre"": ""0"", ""buy_10th_pre_bid"": ""+695000"", ""buy_10th_pre_req"": ""213"", ""buy_10th_pre_req_pre"": ""0"", ""tot_sel_req_jub_pre"": ""0"", ""tot_sel_req"": ""642"", ""tot_buy_req"": ""1701"", ""tot_buy_req_jub_pre"": ""+15"", ""ovt_sel_req_pre"": ""0"", ""ovt_sel_req"": ""0"", ""ovt_buy_req"": ""0"", ""ovt_buy_req_pre"": ""0"", ""return_code"": 0, ""return_msg"": ""정상적으로 처리되었습니다""}"
2026-06-10,watchlist,114090,,0,filtered_candidate_recheck,11980,,11980,11900,11980,11900,-1.0851419031719534,0.667779632721202,,,,,,"{""bid_req_base_tm"": ""095823"", ""sel_10th_pre_req_pre"": ""0"", ""sel_10th_pre_req"": ""743"", ""sel_10th_pre_bid"": ""+12090"", ""sel_9th_pre_req_pre"": ""0"", ""sel_9th_pre_req"": ""556"", ""sel_9th_pre_bid"": ""+12080"", ""sel_8th_pre_req_pre"": ""0"", ""sel_8th_pre_req"": ""72"", ""sel_8th_pre_bid"": ""+12070"", ""sel_7th_pre_req_pre"": ""0"", ""sel_7th_pre_req"": ""110"", ""sel_7th_pre_bid"": ""+12060"", ""sel_6th_pre_req_pre"": ""0"", ""sel_6th_pre_req"": ""39"", ""sel_6th_pre_bid"": ""+12050"", ""sel_5th_pre_req_pre"": ""0"", ""sel_5th_pre_req"": ""298"", ""sel_5th_pre_bid"": ""+12020"", ""sel_4th_pre_req_pre"": ""0"", ""sel_4th_pre_req"": ""821"", ""sel_4th_pre_bid"": ""+12010"", ""sel_3th_pre_req_pre"": ""0"", ""sel_3th_pre_req"": ""20"", ""sel_3th_pre_bid"": ""+12000"", ""sel_2th_pre_req_pre"": ""0"", ""sel_2th_pre_req"": ""5"", ""sel_2th_pre_bid"": ""+11990"", ""sel_1th_pre_req_pre"": ""+1"", ""sel_fpr_req"": ""120"", ""sel_fpr_bid"": ""+11980"", ""buy_fpr_bid"": ""-11900"", ""buy_fpr_req"": ""162"", ""buy_1th_pre_req_pre"": ""0"", ""buy_2th_pre_bid"": ""-11890"", ""buy_2th_pre_req"": ""588"", ""buy_2th_pre_req_pre"": ""0"", ""buy_3th_pre_bid"": ""-11880"", ""buy_3th_pre_req"": ""65"", ""buy_3th_pre_req_pre"": ""0"", ""buy_4th_pre_bid"": ""-11870"", ""buy_4th_pre_req"": ""340"", ""buy_4th_pre_req_pre"": ""0"", ""buy_5th_pre_bid"": ""-11840"", ""buy_5th_pre_req"": ""209"", ""buy_5th_pre_req_pre"": ""0"", ""buy_6th_pre_bid"": ""-11820"", ""buy_6th_pre_req"": ""4"", ""buy_6th_pre_req_pre"": ""0"", ""buy_7th_pre_bid"": ""-11800"", ""buy_7th_pre_req"": ""487"", ""buy_7th_pre_req_pre"": ""0"", ""buy_8th_pre_bid"": ""-11790"", ""buy_8th_pre_req"": ""116"", ""buy_8th_pre_req_pre"": ""0"", ""buy_9th_pre_bid"": ""-11780"", ""buy_9th_pre_req"": ""12"", ""buy_9th_pre_req_pre"": ""0"", ""buy_10th_pre_bid"": ""-11770"", ""buy_10th_pre_req"": ""16"", ""buy_10th_pre_req_pre"": ""0"", ""tot_sel_req_jub_pre"": ""+1"", ""tot_sel_req"": ""2784"", ""tot_buy_req"": ""1999"", ""tot_buy_req_jub_pre"": ""0"", ""ovt_sel_req_pre"": ""0"", ""ovt_sel_req"": ""0"", ""ovt_buy_req"": ""0"", ""ovt_buy_req_pre"": ""0"", ""return_code"": 0, ""return_msg"": ""정상적으로 처리되었습니다""}"
2026-06-10,watchlist,281820,,0,filtered_candidate_recheck,66600,,66600,66400,66600,66800,0.15015015015015015,0.3003003003003003,,,,,,"{""bid_req_base_tm"": ""095836"", ""sel_10th_pre_req_pre"": ""0"", ""sel_10th_pre_req"": ""16"", ""sel_10th_pre_bid"": ""+67600"", ""sel_9th_pre_req_pre"": ""0"", ""sel_9th_pre_req"": ""50"", ""sel_9th_pre_bid"": ""+67500"", ""sel_8th_pre_req_pre"": ""0"", ""sel_8th_pre_req"": ""11"", ""sel_8th_pre_bid"": ""+67400"", ""sel_7th_pre_req_pre"": ""0"", ""sel_7th_pre_req"": ""15"", ""sel_7th_pre_bid"": ""+67300"", ""sel_6th_pre_req_pre"": ""0"", ""sel_6th_pre_req"": ""10"", ""sel_6th_pre_bid"": ""+67200"", ""sel_5th_pre_req_pre"": ""0"", ""sel_5th_pre_req"": ""10"", ""sel_5th_pre_bid"": ""+67100"", ""sel_4th_pre_req_pre"": ""0"", ""sel_4th_pre_req"": ""10"", ""sel_4th_pre_bid"": ""+67000"", ""sel_3th_pre_req_pre"": ""0"", ""sel_3th_pre_req"": ""19"", ""sel_3th_pre_bid"": ""+66900"", ""sel_2th_pre_req_pre"": ""0"", ""sel_2th_pre_req"": ""25"", ""sel_2th_pre_bid"": ""+66800"", ""sel_1th_pre_req_pre"": ""--1"", ""sel_fpr_req"": ""56"", ""sel_fpr_bid"": ""+66600"", ""buy_fpr_bid"": ""66400"", ""buy_fpr_req"": ""12"", ""buy_1th_pre_req_pre"": ""0"", ""buy_2th_pre_bid"": ""-66300"", ""buy_2th_pre_req"": ""10"", ""buy_2th_pre_req_pre"": ""0"", ""buy_3th_pre_bid"": ""-66200"", ""buy_3th_pre_req"": ""16"", ""buy_3th_pre_req_pre"": ""0"", ""buy_4th_pre_bid"": ""-66100"", ""buy_4th_pre_req"": ""200"", ""buy_4th_pre_req_pre"": ""0"", ""buy_5th_pre_bid"": ""-66000"", ""buy_5th_pre_req"": ""11"", ""buy_5th_pre_req_pre"": ""0"", ""buy_6th_pre_bid"": ""-65900"", ""buy_6th_pre_req"": ""19"", ""buy_6th_pre_req_pre"": ""0"", ""buy_7th_pre_bid"": ""-65800"", ""buy_7th_pre_req"": ""67"", ""buy_7th_pre_req_pre"": ""0"", ""buy_8th_pre_bid"": ""-65700"", ""buy_8th_pre_req"": ""312"", ""buy_8th_pre_req_pre"": ""0"", ""buy_9th_pre_bid"": ""-65600"", ""buy_9th_pre_req"": ""118"", ""buy_9th_pre_req_pre"": ""0"", ""buy_10th_pre_bid"": ""-65500"", ""buy_10th_pre_req"": ""211"", ""buy_10th_pre_req_pre"": ""0"", ""tot_sel_req_jub_pre"": ""--1"", ""tot_sel_req"": ""222"", ""tot_buy_req"": ""976"", ""tot_buy_req_jub_pre"": ""0"", ""ovt_sel_req_pre"": ""0"", ""ovt_sel_req"": ""0"", ""ovt_buy_req"": ""0"", ""ovt_buy_req_pre"": ""0"", ""return_code"": 0, ""return_msg"": ""정상적으로 처리되었습니다""}"
2026-06-10,watchlist,489790,,0,filtered_candidate_recheck,69400,,69400,69300,69400,69400,-0.1440922190201729,0.1440922190201729,,,,,,"{""bid_req_base_tm"": ""095839"", ""sel_10th_pre_req_pre"": ""0"", ""sel_10th_pre_req"": ""175"", ""sel_10th_pre_bid"": ""+70300"", ""sel_9th_pre_req_pre"": ""0"", ""sel_9th_pre_req"": ""90"", ""sel_9th_pre_bid"": ""+70200"", ""sel_8th_pre_req_pre"": ""0"", ""sel_8th_pre_req"": ""299"", ""sel_8th_pre_bid"": ""+70100"", ""sel_7th_pre_req_pre"": ""0"", ""sel_7th_pre_req"": ""197"", ""sel_7th_pre_bid"": ""+70000"", ""sel_6th_pre_req_pre"": ""0"", ""sel_6th_pre_req"": ""14"", ""sel_6th_pre_bid"": ""+69900"", ""sel_5th_pre_req_pre"": ""0"", ""sel_5th_pre_req"": ""18"", ""sel_5th_pre_bid"": ""+69800"", ""sel_4th_pre_req_pre"": ""0"", ""sel_4th_pre_req"": ""2"", ""sel_4th_pre_bid"": ""+69700"", ""sel_3th_pre_req_pre"": ""0"", ""sel_3th_pre_req"": ""18"", ""sel_3th_pre_bid"": ""+69600"", ""sel_2th_pre_req_pre"": ""0"", ""sel_2th_pre_req"": ""1"", ""sel_2th_pre_bid"": ""+69500"", ""sel_1th_pre_req_pre"": ""0"", ""sel_fpr_req"": ""23"", ""sel_fpr_bid"": ""+69400"", ""buy_fpr_bid"": ""+69300"", ""buy_fpr_req"": ""109"", ""buy_1th_pre_req_pre"": ""0"", ""buy_2th_pre_bid"": ""+69200"", ""buy_2th_pre_req"": ""40"", ""buy_2th_pre_req_pre"": ""0"", ""buy_3th_pre_bid"": ""+69100"", ""buy_3th_pre_req"": ""2"", ""buy_3th_pre_req_pre"": ""0"", ""buy_4th_pre_bid"": ""+69000"", ""buy_4th_pre_req"": ""330"", ""buy_4th_pre_req_pre"": ""0"", ""buy_5th_pre_bid"": ""+68900"", ""buy_5th_pre_req"": ""111"", ""buy_5th_pre_req_pre"": ""0"", ""buy_6th_pre_bid"": ""+68800"", ""buy_6th_pre_req"": ""75"", ""buy_6th_pre_req_pre"": ""--7"", ""buy_7th_pre_bid"": ""+68700"", ""buy_7th_pre_req"": ""39"", ""buy_7th_pre_req_pre"": ""0"", ""buy_8th_pre_bid"": ""+68600"", ""buy_8th_pre_req"": ""263"", ""buy_8th_pre_req_pre"": ""0"", ""buy_9th_pre_bid"": ""+68500"", ""buy_9th_pre_req"": ""146"", ""buy_9th_pre_req_pre"": ""0"", ""buy_10th_pre_bid"": ""+68400"", ""buy_10th_pre_req"": ""108"", ""buy_10th_pre_req_pre"": ""0"", ""tot_sel_req_jub_pre"": ""0"", ""tot_sel_req"": ""837"", ""tot_buy_req"": ""1223"", ""tot_buy_req_jub_pre"": ""--239"", ""ovt_sel_req_pre"": ""0"", ""ovt_sel_req"": ""0"", ""ovt_buy_req"": ""0"", ""ovt_buy_req_pre"": ""0"", ""return_code"": 0, ""return_msg"": ""정상적으로 처리되었습니다""}"
2026-06-10,watchlist,092200,,0,filtered_candidate_recheck,9770,,9770,9740,9770,9810,0.3070624360286591,0.3070624360286591,,,,,,"{""bid_req_base_tm"": ""095839"", ""sel_10th_pre_req_pre"": ""0"", ""sel_10th_pre_req"": ""321"", ""sel_10th_pre_bid"": ""-9890"", ""sel_9th_pre_req_pre"": ""0"", ""sel_9th_pre_req"": ""159"", ""sel_9th_pre_bid"": ""-9870"", ""sel_8th_pre_req_pre"": ""0"", ""sel_8th_pre_req"": ""20"", ""sel_8th_pre_bid"": ""-9860"", ""sel_7th_pre_req_pre"": ""0"", ""sel_7th_pre_req"": ""30"", ""sel_7th_pre_bid"": ""-9850"", ""sel_6th_pre_req_pre"": ""0"", ""sel_6th_pre_req"": ""2"", ""sel_6th_pre_bid"": ""-9820"", ""sel_5th_pre_req_pre"": ""0"", ""sel_5th_pre_req"": ""602"", ""sel_5th_pre_bid"": ""-9810"", ""sel_4th_pre_req_pre"": ""0"", ""sel_4th_pre_req"": ""224"", ""sel_4th_pre_bid"": ""-9800"", ""sel_3th_pre_req_pre"": ""0"", ""sel_3th_pre_req"": ""114"", ""sel_3th_pre_bid"": ""-9790"", ""sel_2th_pre_req_pre"": ""0"", ""sel_2th_pre_req"": ""336"", ""sel_2th_pre_bid"": ""-9780"", ""sel_1th_pre_req_pre"": ""0"", ""sel_fpr_req"": ""42"", ""sel_fpr_bid"": ""-9770"", ""buy_fpr_bid"": ""-9740"", ""buy_fpr_req"": ""1314"", ""buy_1th_pre_req_pre"": ""0"", ""buy_2th_pre_bid"": ""-9730"", ""buy_2th_pre_req"": ""846"", ""buy_2th_pre_req_pre"": ""0"", ""buy_3th_pre_bid"": ""-9720"", ""buy_3th_pre_req"": ""1580"", ""buy_3th_pre_req_pre"": ""0"", ""buy_4th_pre_bid"": ""-9710"", ""buy_4th_pre_req"": ""2200"", ""buy_4th_pre_req_pre"": ""0"", ""buy_5th_pre_bid"": ""-9700"", ""buy_5th_pre_req"": ""2372"", ""buy_5th_pre_req_pre"": ""0"", ""buy_6th_pre_bid"": ""-9690"", ""buy_6th_pre_req"": ""206"", ""buy_6th_pre_req_pre"": ""0"", ""buy_7th_pre_bid"": ""-9680"", ""buy_7th_pre_req"": ""211"", ""buy_7th_pre_req_pre"": ""0"", ""buy_8th_pre_bid"": ""-9670"", ""buy_8th_pre_req"": ""475"", ""buy_8th_pre_req_pre"": ""0"", ""buy_9th_pre_bid"": ""-9660"", ""buy_9th_pre_req"": ""78"", ""buy_9th_pre_req_pre"": ""0"", ""buy_10th_pre_bid"": ""-9650"", ""buy_10th_pre_req"": ""1322"", ""buy_10th_pre_req_pre"": ""0"", ""tot_sel_req_jub_pre"": ""0"", ""tot_sel_req"": ""1850"", ""tot_buy_req"": ""10604"", ""tot_buy_req_jub_pre"": ""0"", ""ovt_sel_req_pre"": ""0"", ""ovt_sel_req"": ""0"", ""ovt_buy_req"": ""0"", ""ovt_buy_req_pre"": ""0"", ""return_code"": 0, ""return_msg"": ""정상적으로 처리되었습니다""}"
2026-06-10,watchlist,175330,,0,filtered_candidate_recheck,25700,,25700,25650,25700,25650,-0.38910505836575876,0.19455252918287938,,,,,,"{""bid_req_base_tm"": ""095838"", ""sel_10th_pre_req_pre"": ""0"", ""sel_10th_pre_req"": ""2192"", ""sel_10th_pre_bid"": ""+26150"", ""sel_9th_pre_req_pre"": ""0"", ""sel_9th_pre_req"": ""247"", ""sel_9th_pre_bid"": ""+26100"", ""sel_8th_pre_req_pre"": ""0"", ""sel_8th_pre_req"": ""208"", ""sel_8th_pre_bid"": ""+26050"", ""sel_7th_pre_req_pre"": ""0"", ""sel_7th_pre_req"": ""195"", ""sel_7th_pre_bid"": ""+26000"", ""sel_6th_pre_req_pre"": ""0"", ""sel_6th_pre_req"": ""108"", ""sel_6th_pre_bid"": ""+25950"", ""sel_5th_pre_req_pre"": ""0"", ""sel_5th_pre_req"": ""293"", ""sel_5th_pre_bid"": ""25900"", ""sel_4th_pre_req_pre"": ""0"", ""sel_4th_pre_req"": ""527"", ""sel_4th_pre_bid"": ""-25850"", ""sel_3th_pre_req_pre"": ""0"", ""sel_3th_pre_req"": ""307"", ""sel_3th_pre_bid"": ""-25800"", ""sel_2th_pre_req_pre"": ""0"", ""sel_2th_pre_req"": ""61"", ""sel_2th_pre_bid"": ""-25750"", ""sel_1th_pre_req_pre"": ""+36"", ""sel_fpr_req"": ""729"", ""sel_fpr_bid"": ""-25700"", ""buy_fpr_bid"": ""-25650"", ""buy_fpr_req"": ""498"", ""buy_1th_pre_req_pre"": ""0"", ""buy_2th_pre_bid"": ""-25600"", ""buy_2th_pre_req"": ""90"", ""buy_2th_pre_req_pre"": ""0"", ""buy_3th_pre_bid"": ""-25550"", ""buy_3th_pre_req"": ""307"", ""buy_3th_pre_req_pre"": ""0"", ""buy_4th_pre_bid"": ""-25500"", ""buy_4th_pre_req"": ""270"", ""buy_4th_pre_req_pre"": ""0"", ""buy_5th_pre_bid"": ""-25450"", ""buy_5th_pre_req"": ""1160"", ""buy_5th_pre_req_pre"": ""0"", ""buy_6th_pre_bid"": ""-25400"", ""buy_6th_pre_req"": ""555"", ""buy_6th_pre_req_pre"": ""0"", ""buy_7th_pre_bid"": ""-25350"", ""buy_7th_pre_req"": ""351"", ""buy_7th_pre_req_pre"": ""0"", ""buy_8th_pre_bid"": ""-25300"", ""buy_8th_pre_req"": ""333"", ""buy_8th_pre_req_pre"": ""0"", ""buy_9th_pre_bid"": ""-25250"", ""buy_9th_pre_req"": ""433"", ""buy_9th_pre_req_pre"": ""0"", ""buy_10th_pre_bid"": ""-25200"", ""buy_10th_pre_req"": ""300"", ""buy_10th_pre_req_pre"": ""0"", ""tot_sel_req_jub_pre"": ""+36"", ""tot_sel_req"": ""4867"", ""tot_buy_req"": ""4297"", ""tot_buy_req_jub_pre"": ""0"", ""ovt_sel_req_pre"": ""0"", ""ovt_sel_req"": ""0"", ""ovt_buy_req"": ""0"", ""ovt_buy_req_pre"": ""0"", ""return_code"": 0, ""return_msg"": ""정상적으로 처리되었습니다""}"
2026-06-10,scan_candidate,005930,,0,main_scan,307000,,307000,306500,307000,308000,0.16286644951140067,0.16286644951140067,,,,,,"{""bid_req_base_tm"": ""100018"", ""sel_10th_pre_req_pre"": ""0"", ""sel_10th_pre_req"": ""13594"", ""sel_10th_pre_bid"": ""-311500"", ""sel_9th_pre_req_pre"": ""0"", ""sel_9th_pre_req"": ""13136"", ""sel_9th_pre_bid"": ""-311000"", ""sel_8th_pre_req_pre"": ""0"", ""sel_8th_pre_req"": ""10367"", ""sel_8th_pre_bid"": ""-310500"", ""sel_7th_pre_req_pre"": ""0"", ""sel_7th_pre_req"": ""24528"", ""sel_7th_pre_bid"": ""-310000"", ""sel_6th_pre_req_pre"": ""0"", ""sel_6th_pre_req"": ""14798"", ""sel_6th_pre_bid"": ""-309500"", ""sel_5th_pre_req_pre"": ""0"", ""sel_5th_pre_req"": ""12034"", ""sel_5th_pre_bid"": ""-309000"", ""sel_4th_pre_req_pre"": ""0"", ""sel_4th_pre_req"": ""16467"", ""sel_4th_pre_bid"": ""-308500"", ""sel_3th_pre_req_pre"": ""0"", ""sel_3th_pre_req"": ""20847"", ""sel_3th_pre_bid"": ""-308000"", ""sel_2th_pre_req_pre"": ""0"", ""sel_2th_pre_req"": ""50174"", ""sel_2th_pre_bid"": ""-307500"", ""sel_1th_pre_req_pre"": ""0"", ""sel_fpr_req"": ""17967"", ""sel_fpr_bid"": ""-307000"", ""buy_fpr_bid"": ""-306500"", ""buy_fpr_req"": ""19076"", ""buy_1th_pre_req_pre"": ""+97"", ""buy_2th_pre_bid"": ""-306000"", ""buy_2th_pre_req"": ""51254"", ""buy_2th_pre_req_pre"": ""0"", ""buy_3th_pre_bid"": ""-305500"", ""buy_3th_pre_req"": ""52788"", ""buy_3th_pre_req_pre"": ""0"", ""buy_4th_pre_bid"": ""-305000"", ""buy_4th_pre_req"": ""168167"", ""buy_4th_pre_req_pre"": ""--2"", ""buy_5th_pre_bid"": ""-304500"", ""buy_5th_pre_req"": ""27825"", ""buy_5th_pre_req_pre"": ""0"", ""buy_6th_pre_bid"": ""-304000"", ""buy_6th_pre_req"": ""37395"", ""buy_6th_pre_req_pre"": ""0"", ""buy_7th_pre_bid"": ""-303500"", ""buy_7th_pre_req"": ""36785"", ""buy_7th_pre_req_pre"": ""0"", ""buy_8th_pre_bid"": ""-303000"", ""buy_8th_pre_req"": ""67747"", ""buy_8th_pre_req_pre"": ""0"", ""buy_9th_pre_bid"": ""-302500"", ""buy_9th_pre_req"": ""42154"", ""buy_9th_pre_req_pre"": ""0"", ""buy_10th_pre_bid"": ""-302000"", ""buy_10th_pre_req"": ""44111"", ""buy_10th_pre_req_pre"": ""+2"", ""tot_sel_req_jub_pre"": ""0"", ""tot_sel_req"": ""193912"", ""tot_buy_req"": ""547302"", ""tot_buy_req_jub_pre"": ""+97"", ""ovt_sel_req_pre"": ""0"", ""ovt_sel_req"": ""0"", ""ovt_buy_req"": ""0"", ""ovt_buy_req_pre"": ""0"", ""return_code"": 0, ""return_msg"": ""정상적으로 처리되었습니다""}"
2026-06-10,scan_candidate,000660,,0,main_scan,2127000,,2127000,2126000,2127000,2129000,0.04701457451810061,0.04701457451810061,,,,,,"{""bid_req_base_tm"": ""100018"", ""sel_10th_pre_req_pre"": ""0"", ""sel_10th_pre_req"": ""494"", ""sel_10th_pre_bid"": ""-2136000"", ""sel_9th_pre_req_pre"": ""0"", ""sel_9th_pre_req"": ""332"", ""sel_9th_pre_bid"": ""-2135000"", ""sel_8th_pre_req_pre"": ""0"", ""sel_8th_pre_req"": ""105"", ""sel_8th_pre_bid"": ""-2134000"", ""sel_7th_pre_req_pre"": ""0"", ""sel_7th_pre_req"": ""106"", ""sel_7th_pre_bid"": ""-2133000"", ""sel_6th_pre_req_pre"": ""0"", ""sel_6th_pre_req"": ""19"", ""sel_6th_pre_bid"": ""-2132000"", ""sel_5th_pre_req_pre"": ""0"", ""sel_5th_pre_req"": ""64"", ""sel_5th_pre_bid"": ""-2131000"", ""sel_4th_pre_req_pre"": ""0"", ""sel_4th_pre_req"": ""1259"", ""sel_4th_pre_bid"": ""-2130000"", ""sel_3th_pre_req_pre"": ""0"", ""sel_3th_pre_req"": ""123"", ""sel_3th_pre_bid"": ""-2129000"", ""sel_2th_pre_req_pre"": ""0"", ""sel_2th_pre_req"": ""154"", ""sel_2th_pre_bid"": ""-2128000"", ""sel_1th_pre_req_pre"": ""--5"", ""sel_fpr_req"": ""227"", ""sel_fpr_bid"": ""-2127000"", ""buy_fpr_bid"": ""-2126000"", ""buy_fpr_req"": ""253"", ""buy_1th_pre_req_pre"": ""+18"", ""buy_2th_pre_bid"": ""-2125000"", ""buy_2th_pre_req"": ""309"", ""buy_2th_pre_req_pre"": ""--200"", ""buy_3th_pre_bid"": ""-2124000"", ""buy_3th_pre_req"": ""2215"", ""buy_3th_pre_req_pre"": ""+200"", ""buy_4th_pre_bid"": ""-2123000"", ""buy_4th_pre_req"": ""409"", ""buy_4th_pre_req_pre"": ""0"", ""buy_5th_pre_bid"": ""-2122000"", ""buy_5th_pre_req"": ""1766"", ""buy_5th_pre_req_pre"": ""0"", ""buy_6th_pre_bid"": ""-2121000"", ""buy_6th_pre_req"": ""615"", ""buy_6th_pre_req_pre"": ""0"", ""buy_7th_pre_bid"": ""-2120000"", ""buy_7th_pre_req"": ""1983"", ""buy_7th_pre_req_pre"": ""0"", ""buy_8th_pre_bid"": ""-2119000"", ""buy_8th_pre_req"": ""595"", ""buy_8th_pre_req_pre"": ""0"", ""buy_9th_pre_bid"": ""-2118000"", ""buy_9th_pre_req"": ""859"", ""buy_9th_pre_req_pre"": ""0"", ""buy_10th_pre_bid"": ""-2117000"", ""buy_10th_pre_req"": ""767"", ""buy_10th_pre_req_pre"": ""0"", ""tot_sel_req_jub_pre"": ""--5"", ""tot_sel_req"": ""2883"", ""tot_buy_req"": ""9771"", ""tot_buy_req_jub_pre"": ""+18"", ""ovt_sel_req_pre"": ""0"", ""ovt_sel_req"": ""0"", ""ovt_buy_req"": ""0"", ""ovt_buy_req_pre"": ""0"", ""return_code"": 0, ""return_msg"": ""정상적으로 처리되었습니다""}"
2026-06-10,scan_candidate,402340,,0,main_scan,1224000,,1224000,1223000,1224000,1222000,-0.24509803921568626,0.08169934640522876,,,,,,"{""bid_req_base_tm"": ""100018"", ""sel_10th_pre_req_pre"": ""0"", ""sel_10th_pre_req"": ""58"", ""sel_10th_pre_bid"": ""-1233000"", ""sel_9th_pre_req_pre"": ""0"", ""sel_9th_pre_req"": ""14"", ""sel_9th_pre_bid"": ""-1232000"", ""sel_8th_pre_req_pre"": ""0"", ""sel_8th_pre_req"": ""39"", ""sel_8th_pre_bid"": ""-1231000"", ""sel_7th_pre_req_pre"": ""0"", ""sel_7th_pre_req"": ""134"", ""sel_7th_pre_bid"": ""-1230000"", ""sel_6th_pre_req_pre"": ""0"", ""sel_6th_pre_req"": ""96"", ""sel_6th_pre_bid"": ""-1229000"", ""sel_5th_pre_req_pre"": ""0"", ""sel_5th_pre_req"": ""73"", ""sel_5th_pre_bid"": ""-1228000"", ""sel_4th_pre_req_pre"": ""0"", ""sel_4th_pre_req"": ""128"", ""sel_4th_pre_bid"": ""-1227000"", ""sel_3th_pre_req_pre"": ""0"", ""sel_3th_pre_req"": ""21"", ""sel_3th_pre_bid"": ""-1226000"", ""sel_2th_pre_req_pre"": ""0"", ""sel_2th_pre_req"": ""528"", ""sel_2th_pre_bid"": ""-1225000"", ""sel_1th_pre_req_pre"": ""0"", ""sel_fpr_req"": ""544"", ""sel_fpr_bid"": ""-1224000"", ""buy_fpr_bid"": ""-1223000"", ""buy_fpr_req"": ""678"", ""buy_1th_pre_req_pre"": ""+4"", ""buy_2th_pre_bid"": ""-1222000"", ""buy_2th_pre_req"": ""109"", ""buy_2th_pre_req_pre"": ""0"", ""buy_3th_pre_bid"": ""-1221000"", ""buy_3th_pre_req"": ""140"", ""buy_3th_pre_req_pre"": ""0"", ""buy_4th_pre_bid"": ""-1220000"", ""buy_4th_pre_req"": ""439"", ""buy_4th_pre_req_pre"": ""0"", ""buy_5th_pre_bid"": ""-1219000"", ""buy_5th_pre_req"": ""1"", ""buy_5th_pre_req_pre"": ""0"", ""buy_6th_pre_bid"": ""-1218000"", ""buy_6th_pre_req"": ""14"", ""buy_6th_pre_req_pre"": ""0"", ""buy_7th_pre_bid"": ""-1217000"", ""buy_7th_pre_req"": ""18"", ""buy_7th_pre_req_pre"": ""0"", ""buy_8th_pre_bid"": ""-1216000"", ""buy_8th_pre_req"": ""4"", ""buy_8th_pre_req_pre"": ""0"", ""buy_9th_pre_bid"": ""-1215000"", ""buy_9th_pre_req"": ""7"", ""buy_9th_pre_req_pre"": ""0"", ""buy_10th_pre_bid"": ""-1214000"", ""buy_10th_pre_req"": ""1"", ""buy_10th_pre_req_pre"": ""0"", ""tot_sel_req_jub_pre"": ""0"", ""tot_sel_req"": ""1635"", ""tot_buy_req"": ""1411"", ""tot_buy_req_jub_pre"": ""+4"", ""ovt_sel_req_pre"": ""0"", ""ovt_sel_req"": ""0"", ""ovt_buy_req"": ""0"", ""ovt_buy_req_pre"": ""0"", ""return_code"": 0, ""return_msg"": ""정상적으로 처리되었습니다""}"
2026-06-10,scan_candidate,009150,,0,main_scan,1882000,,1882000,1881000,1882000,1881000,-0.10626992561105207,0.053134962805526036,,,,,,"{""bid_req_base_tm"": ""100018"", ""sel_10th_pre_req_pre"": ""0"", ""sel_10th_pre_req"": ""17"", ""sel_10th_pre_bid"": ""-1891000"", ""sel_9th_pre_req_pre"": ""0"", ""sel_9th_pre_req"": ""94"", ""sel_9th_pre_bid"": ""-1890000"", ""sel_8th_pre_req_pre"": ""0"", ""sel_8th_pre_req"": ""33"", ""sel_8th_pre_bid"": ""-1889000"", ""sel_7th_pre_req_pre"": ""0"", ""sel_7th_pre_req"": ""113"", ""sel_7th_pre_bid"": ""-1888000"", ""sel_6th_pre_req_pre"": ""0"", ""sel_6th_pre_req"": ""320"", ""sel_6th_pre_bid"": ""-1887000"", ""sel_5th_pre_req_pre"": ""0"", ""sel_5th_pre_req"": ""41"", ""sel_5th_pre_bid"": ""-1886000"", ""sel_4th_pre_req_pre"": ""0"", ""sel_4th_pre_req"": ""103"", ""sel_4th_pre_bid"": ""-1885000"", ""sel_3th_pre_req_pre"": ""0"", ""sel_3th_pre_req"": ""70"", ""sel_3th_pre_bid"": ""-1884000"", ""sel_2th_pre_req_pre"": ""0"", ""sel_2th_pre_req"": ""341"", ""sel_2th_pre_bid"": ""-1883000"", ""sel_1th_pre_req_pre"": ""0"", ""sel_fpr_req"": ""101"", ""sel_fpr_bid"": ""-1882000"", ""buy_fpr_bid"": ""-1881000"", ""buy_fpr_req"": ""16"", ""buy_1th_pre_req_pre"": ""--9"", ""buy_2th_pre_bid"": ""-1880000"", ""buy_2th_pre_req"": ""46"", ""buy_2th_pre_req_pre"": ""0"", ""buy_3th_pre_bid"": ""-1879000"", ""buy_3th_pre_req"": ""191"", ""buy_3th_pre_req_pre"": ""--2"", ""buy_4th_pre_bid"": ""-1878000"", ""buy_4th_pre_req"": ""127"", ""buy_4th_pre_req_pre"": ""0"", ""buy_5th_pre_bid"": ""-1877000"", ""buy_5th_pre_req"": ""74"", ""buy_5th_pre_req_pre"": ""0"", ""buy_6th_pre_bid"": ""-1876000"", ""buy_6th_pre_req"": ""297"", ""buy_6th_pre_req_pre"": ""0"", ""buy_7th_pre_bid"": ""-1875000"", ""buy_7th_pre_req"": ""124"", ""buy_7th_pre_req_pre"": ""0"", ""buy_8th_pre_bid"": ""-1874000"", ""buy_8th_pre_req"": ""60"", ""buy_8th_pre_req_pre"": ""0"", ""buy_9th_pre_bid"": ""-1873000"", ""buy_9th_pre_req"": ""187"", ""buy_9th_pre_req_pre"": ""0"", ""buy_10th_pre_bid"": ""-1872000"", ""buy_10th_pre_req"": ""280"", ""buy_10th_pre_req_pre"": ""0"", ""tot_sel_req_jub_pre"": ""0"", ""tot_sel_req"": ""1233"", ""tot_buy_req"": ""1402"", ""tot_buy_req_jub_pre"": ""--11"", ""ovt_sel_req_pre"": ""0"", ""ovt_sel_req"": ""0"", ""ovt_buy_req"": ""0"", ""ovt_buy_req_pre"": ""0"", ""return_code"": 0, ""return_msg"": ""정상적으로 처리되었습니다""}"
2026-06-10,scan_candidate,032830,,0,main_scan,375000,,375000,374500,375000,374000,-0.4,0.13333333333333333,,,,,,"{""bid_req_base_tm"": ""100019"", ""sel_10th_pre_req_pre"": ""0"", ""sel_10th_pre_req"": ""110"", ""sel_10th_pre_bid"": ""-379500"", ""sel_9th_pre_req_pre"": ""0"", ""sel_9th_pre_req"": ""420"", ""sel_9th_pre_bid"": ""-379000"", ""sel_8th_pre_req_pre"": ""0"", ""sel_8th_pre_req"": ""77"", ""sel_8th_pre_bid"": ""-378500"", ""sel_7th_pre_req_pre"": ""0"", ""sel_7th_pre_req"": ""12"", ""sel_7th_pre_bid"": ""-378000"", ""sel_6th_pre_req_pre"": ""0"", ""sel_6th_pre_req"": ""34"", ""sel_6th_pre_bid"": ""-377500"", ""sel_5th_pre_req_pre"": ""0"", ""sel_5th_pre_req"": ""32"", ""sel_5th_pre_bid"": ""-377000"", ""sel_4th_pre_req_pre"": ""0"", ""sel_4th_pre_req"": ""70"", ""sel_4th_pre_bid"": ""-376500"", ""sel_3th_pre_req_pre"": ""0"", ""sel_3th_pre_req"": ""4"", ""sel_3th_pre_bid"": ""-376000"", ""sel_2th_pre_req_pre"": ""0"", ""sel_2th_pre_req"": ""110"", ""sel_2th_pre_bid"": ""-375500"", ""sel_1th_pre_req_pre"": ""+11"", ""sel_fpr_req"": ""420"", ""sel_fpr_bid"": ""-375000"", ""buy_fpr_bid"": ""-374500"", ""buy_fpr_req"": ""257"", ""buy_1th_pre_req_pre"": ""0"", ""buy_2th_pre_bid"": ""-374000"", ""buy_2th_pre_req"": ""102"", ""buy_2th_pre_req_pre"": ""0"", ""buy_3th_pre_bid"": ""-373500"", ""buy_3th_pre_req"": ""153"", ""buy_3th_pre_req_pre"": ""0"", ""buy_4th_pre_bid"": ""-373000"", ""buy_4th_pre_req"": ""51"", ""buy_4th_pre_req_pre"": ""0"", ""buy_5th_pre_bid"": ""-372500"", ""buy_5th_pre_req"": ""66"", ""buy_5th_pre_req_pre"": ""0"", ""buy_6th_pre_bid"": ""-372000"", ""buy_6th_pre_req"": ""21"", ""buy_6th_pre_req_pre"": ""0"", ""buy_7th_pre_bid"": ""-371500"", ""buy_7th_pre_req"": ""19"", ""buy_7th_pre_req_pre"": ""0"", ""buy_8th_pre_bid"": ""-371000"", ""buy_8th_pre_req"": ""18"", ""buy_8th_pre_req_pre"": ""0"", ""buy_9th_pre_bid"": ""-370500"", ""buy_9th_pre_req"": ""16"", ""buy_9th_pre_req_pre"": ""0"", ""buy_10th_pre_bid"": ""-370000"", ""buy_10th_pre_req"": ""39"", ""buy_10th_pre_req_pre"": ""0"", ""tot_sel_req_jub_pre"": ""+11"", ""tot_sel_req"": ""1289"", ""tot_buy_req"": ""742"", ""tot_buy_req_jub_pre"": ""0"", ""ovt_sel_req_pre"": ""0"", ""ovt_sel_req"": ""0"", ""ovt_buy_req"": ""0"", ""ovt_buy_req_pre"": ""0"", ""return_code"": 0, ""return_msg"": ""정상적으로 처리되었습니다""}"
2026-06-10,scan_candidate,012330,,0,main_scan,579000,,579000,578000,579000,581000,0.17271157167530224,0.17271157167530224,,,,,,"{""bid_req_base_tm"": ""100019"", ""sel_10th_pre_req_pre"": ""0"", ""sel_10th_pre_req"": ""127"", ""sel_10th_pre_bid"": ""-588000"", ""sel_9th_pre_req_pre"": ""0"", ""sel_9th_pre_req"": ""256"", ""sel_9th_pre_bid"": ""-587000"", ""sel_8th_pre_req_pre"": ""0"", ""sel_8th_pre_req"": ""202"", ""sel_8th_pre_bid"": ""-586000"", ""sel_7th_pre_req_pre"": ""0"", ""sel_7th_pre_req"": ""32"", ""sel_7th_pre_bid"": ""-585000"", ""sel_6th_pre_req_pre"": ""0"", ""sel_6th_pre_req"": ""36"", ""sel_6th_pre_bid"": ""-584000"", ""sel_5th_pre_req_pre"": ""0"", ""sel_5th_pre_req"": ""90"", ""sel_5th_pre_bid"": ""-583000"", ""sel_4th_pre_req_pre"": ""0"", ""sel_4th_pre_req"": ""83"", ""sel_4th_pre_bid"": ""-582000"", ""sel_3th_pre_req_pre"": ""0"", ""sel_3th_pre_req"": ""46"", ""sel_3th_pre_bid"": ""-581000"", ""sel_2th_pre_req_pre"": ""0"", ""sel_2th_pre_req"": ""267"", ""sel_2th_pre_bid"": ""-580000"", ""sel_1th_pre_req_pre"": ""0"", ""sel_fpr_req"": ""32"", ""sel_fpr_bid"": ""-579000"", ""buy_fpr_bid"": ""-578000"", ""buy_fpr_req"": ""74"", ""buy_1th_pre_req_pre"": ""+5"", ""buy_2th_pre_bid"": ""-577000"", ""buy_2th_pre_req"": ""404"", ""buy_2th_pre_req_pre"": ""0"", ""buy_3th_pre_bid"": ""-576000"", ""buy_3th_pre_req"": ""426"", ""buy_3th_pre_req_pre"": ""--1"", ""buy_4th_pre_bid"": ""-575000"", ""buy_4th_pre_req"": ""652"", ""buy_4th_pre_req_pre"": ""0"", ""buy_5th_pre_bid"": ""-574000"", ""buy_5th_pre_req"": ""412"", ""buy_5th_pre_req_pre"": ""0"", ""buy_6th_pre_bid"": ""-573000"", ""buy_6th_pre_req"": ""584"", ""buy_6th_pre_req_pre"": ""0"", ""buy_7th_pre_bid"": ""-572000"", ""buy_7th_pre_req"": ""1298"", ""buy_7th_pre_req_pre"": ""0"", ""buy_8th_pre_bid"": ""-571000"", ""buy_8th_pre_req"": ""1729"", ""buy_8th_pre_req_pre"": ""0"", ""buy_9th_pre_bid"": ""-570000"", ""buy_9th_pre_req"": ""4056"", ""buy_9th_pre_req_pre"": ""0"", ""buy_10th_pre_bid"": ""-569000"", ""buy_10th_pre_req"": ""2527"", ""buy_10th_pre_req_pre"": ""0"", ""tot_sel_req_jub_pre"": ""0"", ""tot_sel_req"": ""1171"", ""tot_buy_req"": ""12162"", ""tot_buy_req_jub_pre"": ""+4"", ""ovt_sel_req_pre"": ""0"", ""ovt_sel_req"": ""0"", ""ovt_buy_req"": ""0"", ""ovt_buy_req_pre"": ""0"", ""return_code"": 0, ""return_msg"": ""정상적으로 처리되었습니다""}"
2026-06-10,scan_candidate,055550,,0,main_scan,100300,,100300,100200,100300,99900,-0.4985044865403789,0.09970089730807577,,,,,,"{""bid_req_base_tm"": ""100018"", ""sel_10th_pre_req_pre"": ""0"", ""sel_10th_pre_req"": ""481"", ""sel_10th_pre_bid"": ""101200"", ""sel_9th_pre_req_pre"": ""0"", ""sel_9th_pre_req"": ""111"", ""sel_9th_pre_bid"": ""-101100"", ""sel_8th_pre_req_pre"": ""0"", ""sel_8th_pre_req"": ""881"", ""sel_8th_pre_bid"": ""-101000"", ""sel_7th_pre_req_pre"": ""0"", ""sel_7th_pre_req"": ""270"", ""sel_7th_pre_bid"": ""-100900"", ""sel_6th_pre_req_pre"": ""0"", ""sel_6th_pre_req"": ""1032"", ""sel_6th_pre_bid"": ""-100800"", ""sel_5th_pre_req_pre"": ""0"", ""sel_5th_pre_req"": ""561"", ""sel_5th_pre_bid"": ""-100700"", ""sel_4th_pre_req_pre"": ""0"", ""sel_4th_pre_req"": ""457"", ""sel_4th_pre_bid"": ""-100600"", ""sel_3th_pre_req_pre"": ""0"", ""sel_3th_pre_req"": ""1602"", ""sel_3th_pre_bid"": ""-100500"", ""sel_2th_pre_req_pre"": ""--273"", ""sel_2th_pre_req"": ""1501"", ""sel_2th_pre_bid"": ""-100400"", ""sel_1th_pre_req_pre"": ""+261"", ""sel_fpr_req"": ""556"", ""sel_fpr_bid"": ""-100300"", ""buy_fpr_bid"": ""-100200"", ""buy_fpr_req"": ""717"", ""buy_1th_pre_req_pre"": ""0"", ""buy_2th_pre_bid"": ""-100100"", ""buy_2th_pre_req"": ""318"", ""buy_2th_pre_req_pre"": ""0"", ""buy_3th_pre_bid"": ""-100000"", ""buy_3th_pre_req"": ""980"", ""buy_3th_pre_req_pre"": ""0"", ""buy_4th_pre_bid"": ""-99900"", ""buy_4th_pre_req"": ""125"", ""buy_4th_pre_req_pre"": ""0"", ""buy_5th_pre_bid"": ""-99800"", ""buy_5th_pre_req"": ""279"", ""buy_5th_pre_req_pre"": ""0"", ""buy_6th_pre_bid"": ""-99700"", ""buy_6th_pre_req"": ""82"", ""buy_6th_pre_req_pre"": ""0"", ""buy_7th_pre_bid"": ""-99600"", ""buy_7th_pre_req"": ""4"", ""buy_7th_pre_req_pre"": ""0"", ""buy_8th_pre_bid"": ""-99500"", ""buy_8th_pre_req"": ""552"", ""buy_8th_pre_req_pre"": ""0"", ""buy_9th_pre_bid"": ""-99400"", ""buy_9th_pre_req"": ""18"", ""buy_9th_pre_req_pre"": ""0"", ""buy_10th_pre_bid"": ""-99300"", ""buy_10th_pre_req"": ""96"", ""buy_10th_pre_req_pre"": ""0"", ""tot_sel_req_jub_pre"": ""--12"", ""tot_sel_req"": ""7452"", ""tot_buy_req"": ""3171"", ""tot_buy_req_jub_pre"": ""0"", ""ovt_sel_req_pre"": ""0"", ""ovt_sel_req"": ""0"", ""ovt_buy_req"": ""0"", ""ovt_buy_req_pre"": ""0"", ""return_code"": 0, ""return_msg"": ""정상적으로 처리되었습니다""}"
2026-06-10,scan_candidate,034730,,0,main_scan,587000,,587000,586000,587000,586000,-0.34071550255536626,0.17035775127768313,,,,,,"{""bid_req_base_tm"": ""100019"", ""sel_10th_pre_req_pre"": ""0"", ""sel_10th_pre_req"": ""142"", ""sel_10th_pre_bid"": ""+597000"", ""sel_9th_pre_req_pre"": ""0"", ""sel_9th_pre_req"": ""135"", ""sel_9th_pre_bid"": ""+596000"", ""sel_8th_pre_req_pre"": ""0"", ""sel_8th_pre_req"": ""142"", ""sel_8th_pre_bid"": ""+595000"", ""sel_7th_pre_req_pre"": ""0"", ""sel_7th_pre_req"": ""230"", ""sel_7th_pre_bid"": ""594000"", ""sel_6th_pre_req_pre"": ""0"", ""sel_6th_pre_req"": ""102"", ""sel_6th_pre_bid"": ""-593000"", ""sel_5th_pre_req_pre"": ""0"", ""sel_5th_pre_req"": ""14"", ""sel_5th_pre_bid"": ""-592000"", ""sel_4th_pre_req_pre"": ""0"", ""sel_4th_pre_req"": ""48"", ""sel_4th_pre_bid"": ""-591000"", ""sel_3th_pre_req_pre"": ""0"", ""sel_3th_pre_req"": ""2"", ""sel_3th_pre_bid"": ""-589000"", ""sel_2th_pre_req_pre"": ""0"", ""sel_2th_pre_req"": ""1"", ""sel_2th_pre_bid"": ""-588000"", ""sel_1th_pre_req_pre"": ""+2"", ""sel_fpr_req"": ""71"", ""sel_fpr_bid"": ""-587000"", ""buy_fpr_bid"": ""-586000"", ""buy_fpr_req"": ""70"", ""buy_1th_pre_req_pre"": ""0"", ""buy_2th_pre_bid"": ""-585000"", ""buy_2th_pre_req"": ""207"", ""buy_2th_pre_req_pre"": ""0"", ""buy_3th_pre_bid"": ""-584000"", ""buy_3th_pre_req"": ""34"", ""buy_3th_pre_req_pre"": ""0"", ""buy_4th_pre_bid"": ""-583000"", ""buy_4th_pre_req"": ""17"", ""buy_4th_pre_req_pre"": ""0"", ""buy_5th_pre_bid"": ""-582000"", ""buy_5th_pre_req"": ""21"", ""buy_5th_pre_req_pre"": ""0"", ""buy_6th_pre_bid"": ""-581000"", ""buy_6th_pre_req"": ""113"", ""buy_6th_pre_req_pre"": ""0"", ""buy_7th_pre_bid"": ""-580000"", ""buy_7th_pre_req"": ""44"", ""buy_7th_pre_req_pre"": ""0"", ""buy_8th_pre_bid"": ""-579000"", ""buy_8th_pre_req"": ""14"", ""buy_8th_pre_req_pre"": ""0"", ""buy_9th_pre_bid"": ""-578000"", ""buy_9th_pre_req"": ""110"", ""buy_9th_pre_req_pre"": ""0"", ""buy_10th_pre_bid"": ""-577000"", ""buy_10th_pre_req"": ""17"", ""buy_10th_pre_req_pre"": ""0"", ""tot_sel_req_jub_pre"": ""+2"", ""tot_sel_req"": ""887"", ""tot_buy_req"": ""647"", ""tot_buy_req_jub_pre"": ""0"", ""ovt_sel_req_pre"": ""0"", ""ovt_sel_req"": ""0"", ""ovt_buy_req"": ""0"", ""ovt_buy_req_pre"": ""0"", ""return_code"": 0, ""return_msg"": ""정상적으로 처리되었습니다""}"
2026-06-10,scan_candidate,066570,,0,main_scan,232000,,232000,231500,232000,233500,0.43103448275862066,0.21551724137931033,,,,,,"{""bid_req_base_tm"": ""100019"", ""sel_10th_pre_req_pre"": ""0"", ""sel_10th_pre_req"": ""643"", ""sel_10th_pre_bid"": ""-236500"", ""sel_9th_pre_req_pre"": ""0"", ""sel_9th_pre_req"": ""3068"", ""sel_9th_pre_bid"": ""-236000"", ""sel_8th_pre_req_pre"": ""0"", ""sel_8th_pre_req"": ""733"", ""sel_8th_pre_bid"": ""-235500"", ""sel_7th_pre_req_pre"": ""0"", ""sel_7th_pre_req"": ""2345"", ""sel_7th_pre_bid"": ""-235000"", ""sel_6th_pre_req_pre"": ""0"", ""sel_6th_pre_req"": ""654"", ""sel_6th_pre_bid"": ""-234500"", ""sel_5th_pre_req_pre"": ""0"", ""sel_5th_pre_req"": ""544"", ""sel_5th_pre_bid"": ""-234000"", ""sel_4th_pre_req_pre"": ""0"", ""sel_4th_pre_req"": ""1775"", ""sel_4th_pre_bid"": ""-233500"", ""sel_3th_pre_req_pre"": ""+800"", ""sel_3th_pre_req"": ""3071"", ""sel_3th_pre_bid"": ""-233000"", ""sel_2th_pre_req_pre"": ""--800"", ""sel_2th_pre_req"": ""2113"", ""sel_2th_pre_bid"": ""-232500"", ""sel_1th_pre_req_pre"": ""+5"", ""sel_fpr_req"": ""679"", ""sel_fpr_bid"": ""-232000"", ""buy_fpr_bid"": ""-231500"", ""buy_fpr_req"": ""2759"", ""buy_1th_pre_req_pre"": ""+651"", ""buy_2th_pre_bid"": ""-231000"", ""buy_2th_pre_req"": ""6988"", ""buy_2th_pre_req_pre"": ""--600"", ""buy_3th_pre_bid"": ""-230500"", ""buy_3th_pre_req"": ""7624"", ""buy_3th_pre_req_pre"": ""0"", ""buy_4th_pre_bid"": ""-230000"", ""buy_4th_pre_req"": ""33422"", ""buy_4th_pre_req_pre"": ""0"", ""buy_5th_pre_bid"": ""-229500"", ""buy_5th_pre_req"": ""3613"", ""buy_5th_pre_req_pre"": ""0"", ""buy_6th_pre_bid"": ""-229000"", ""buy_6th_pre_req"": ""7725"", ""buy_6th_pre_req_pre"": ""0"", ""buy_7th_pre_bid"": ""-228500"", ""buy_7th_pre_req"": ""8355"", ""buy_7th_pre_req_pre"": ""0"", ""buy_8th_pre_bid"": ""-228000"", ""buy_8th_pre_req"": ""12389"", ""buy_8th_pre_req_pre"": ""--4"", ""buy_9th_pre_bid"": ""-227500"", ""buy_9th_pre_req"": ""3991"", ""buy_9th_pre_req_pre"": ""0"", ""buy_10th_pre_bid"": ""-227000"", ""buy_10th_pre_req"": ""5830"", ""buy_10th_pre_req_pre"": ""+4"", ""tot_sel_req_jub_pre"": ""+5"", ""tot_sel_req"": ""15625"", ""tot_buy_req"": ""92696"", ""tot_buy_req_jub_pre"": ""+51"", ""ovt_sel_req_pre"": ""0"", ""ovt_sel_req"": ""0"", ""ovt_buy_req"": ""0"", ""ovt_buy_req_pre"": ""0"", ""return_code"": 0, ""return_msg"": ""정상적으로 처리되었습니다""}"
2026-06-10,scan_candidate,035420,,0,main_scan,237500,,237500,237000,237500,238500,0.21052631578947367,0.21052631578947367,,,,,,"{""bid_req_base_tm"": ""100019"", ""sel_10th_pre_req_pre"": ""0"", ""sel_10th_pre_req"": ""2729"", ""sel_10th_pre_bid"": ""-242000"", ""sel_9th_pre_req_pre"": ""0"", ""sel_9th_pre_req"": ""2086"", ""sel_9th_pre_bid"": ""-241500"", ""sel_8th_pre_req_pre"": ""0"", ""sel_8th_pre_req"": ""1680"", ""sel_8th_pre_bid"": ""-241000"", ""sel_7th_pre_req_pre"": ""0"", ""sel_7th_pre_req"": ""1456"", ""sel_7th_pre_bid"": ""-240500"", ""sel_6th_pre_req_pre"": ""0"", ""sel_6th_pre_req"": ""3001"", ""sel_6th_pre_bid"": ""-240000"", ""sel_5th_pre_req_pre"": ""0"", ""sel_5th_pre_req"": ""1988"", ""sel_5th_pre_bid"": ""-239500"", ""sel_4th_pre_req_pre"": ""0"", ""sel_4th_pre_req"": ""2086"", ""sel_4th_pre_bid"": ""-239000"", ""sel_3th_pre_req_pre"": ""0"", ""sel_3th_pre_req"": ""2253"", ""sel_3th_pre_bid"": ""-238500"", ""sel_2th_pre_req_pre"": ""0"", ""sel_2th_pre_req"": ""3340"", ""sel_2th_pre_bid"": ""-238000"", ""sel_1th_pre_req_pre"": ""0"", ""sel_fpr_req"": ""1326"", ""sel_fpr_bid"": ""-237500"", ""buy_fpr_bid"": ""-237000"", ""buy_fpr_req"": ""3315"", ""buy_1th_pre_req_pre"": ""+207"", ""buy_2th_pre_bid"": ""-236500"", ""buy_2th_pre_req"": ""6715"", ""buy_2th_pre_req_pre"": ""0"", ""buy_3th_pre_bid"": ""-236000"", ""buy_3th_pre_req"": ""6647"", ""buy_3th_pre_req_pre"": ""0"", ""buy_4th_pre_bid"": ""-235500"", ""buy_4th_pre_req"": ""6370"", ""buy_4th_pre_req_pre"": ""0"", ""buy_5th_pre_bid"": ""-235000"", ""buy_5th_pre_req"": ""18813"", ""buy_5th_pre_req_pre"": ""0"", ""buy_6th_pre_bid"": ""-234500"", ""buy_6th_pre_req"": ""53023"", ""buy_6th_pre_req_pre"": ""0"", ""buy_7th_pre_bid"": ""-234000"", ""buy_7th_pre_req"": ""7664"", ""buy_7th_pre_req_pre"": ""0"", ""buy_8th_pre_bid"": ""-233500"", ""buy_8th_pre_req"": ""5875"", ""buy_8th_pre_req_pre"": ""0"", ""buy_9th_pre_bid"": ""-233000"", ""buy_9th_pre_req"": ""9641"", ""buy_9th_pre_req_pre"": ""0"", ""buy_10th_pre_bid"": ""-232500"", ""buy_10th_pre_req"": ""6527"", ""buy_10th_pre_req_pre"": ""0"", ""tot_sel_req_jub_pre"": ""0"", ""tot_sel_req"": ""21945"", ""tot_buy_req"": ""124590"", ""tot_buy_req_jub_pre"": ""+207"", ""ovt_sel_req_pre"": ""0"", ""ovt_sel_req"": ""0"", ""ovt_buy_req"": ""0"", ""ovt_buy_req_pre"": ""0"", ""return_code"": 0, ""return_msg"": ""정상적으로 처리되었습니다""}"
2026-06-10,scan_candidate,267260,,0,main_scan,1007000,,1007000,1006000,1007000,1009000,0.09930486593843098,0.09930486593843098,,,,,,"{""bid_req_base_tm"": ""100020"", ""sel_10th_pre_req_pre"": ""0"", ""sel_10th_pre_req"": ""33"", ""sel_10th_pre_bid"": ""+1016000"", ""sel_9th_pre_req_pre"": ""0"", ""sel_9th_pre_req"": ""26"", ""sel_9th_pre_bid"": ""+1015000"", ""sel_8th_pre_req_pre"": ""0"", ""sel_8th_pre_req"": ""8"", ""sel_8th_pre_bid"": ""+1014000"", ""sel_7th_pre_req_pre"": ""0"", ""sel_7th_pre_req"": ""112"", ""sel_7th_pre_bid"": ""+1013000"", ""sel_6th_pre_req_pre"": ""0"", ""sel_6th_pre_req"": ""62"", ""sel_6th_pre_bid"": ""+1012000"", ""sel_5th_pre_req_pre"": ""0"", ""sel_5th_pre_req"": ""20"", ""sel_5th_pre_bid"": ""+1011000"", ""sel_4th_pre_req_pre"": ""0"", ""sel_4th_pre_req"": ""90"", ""sel_4th_pre_bid"": ""+1010000"", ""sel_3th_pre_req_pre"": ""0"", ""sel_3th_pre_req"": ""47"", ""sel_3th_pre_bid"": ""+1009000"", ""sel_2th_pre_req_pre"": ""0"", ""sel_2th_pre_req"": ""145"", ""sel_2th_pre_bid"": ""+1008000"", ""sel_1th_pre_req_pre"": ""--34"", ""sel_fpr_req"": ""22"", ""sel_fpr_bid"": ""+1007000"", ""buy_fpr_bid"": ""+1006000"", ""buy_fpr_req"": ""161"", ""buy_1th_pre_req_pre"": ""0"", ""buy_2th_pre_bid"": ""+1005000"", ""buy_2th_pre_req"": ""181"", ""buy_2th_pre_req_pre"": ""0"", ""buy_3th_pre_bid"": ""+1004000"", ""buy_3th_pre_req"": ""202"", ""buy_3th_pre_req_pre"": ""0"", ""buy_4th_pre_bid"": ""+1003000"", ""buy_4th_pre_req"": ""29"", ""buy_4th_pre_req_pre"": ""0"", ""buy_5th_pre_bid"": ""+1002000"", ""buy_5th_pre_req"": ""102"", ""buy_5th_pre_req_pre"": ""0"", ""buy_6th_pre_bid"": ""+1001000"", ""buy_6th_pre_req"": ""3"", ""buy_6th_pre_req_pre"": ""0"", ""buy_7th_pre_bid"": ""+1000000"", ""buy_7th_pre_req"": ""21"", ""buy_7th_pre_req_pre"": ""0"", ""buy_8th_pre_bid"": ""+999000"", ""buy_8th_pre_req"": ""15"", ""buy_8th_pre_req_pre"": ""0"", ""buy_9th_pre_bid"": ""+998000"", ""buy_9th_pre_req"": ""24"", ""buy_9th_pre_req_pre"": ""0"", ""buy_10th_pre_bid"": ""+997000"", ""buy_10th_pre_req"": ""401"", ""buy_10th_pre_req_pre"": ""0"", ""tot_sel_req_jub_pre"": ""--34"", ""tot_sel_req"": ""565"", ""tot_buy_req"": ""1139"", ""tot_buy_req_jub_pre"": ""0"", ""ovt_sel_req_pre"": ""0"", ""ovt_sel_req"": ""0"", ""ovt_buy_req"": ""0"", ""ovt_buy_req_pre"": ""0"", ""return_code"": 0, ""return_msg"": ""정상적으로 처리되었습니다""}"
2026-06-10,scan_candidate,086790,,0,main_scan,120000,,120000,119900,120000,119500,-0.8333333333333334,0.08333333333333334,,,,,,"{""bid_req_base_tm"": ""100020"", ""sel_10th_pre_req_pre"": ""0"", ""sel_10th_pre_req"": ""940"", ""sel_10th_pre_bid"": ""+120900"", ""sel_9th_pre_req_pre"": ""0"", ""sel_9th_pre_req"": ""216"", ""sel_9th_pre_bid"": ""+120800"", ""sel_8th_pre_req_pre"": ""0"", ""sel_8th_pre_req"": ""7"", ""sel_8th_pre_bid"": ""+120700"", ""sel_7th_pre_req_pre"": ""0"", ""sel_7th_pre_req"": ""1006"", ""sel_7th_pre_bid"": ""+120600"", ""sel_6th_pre_req_pre"": ""0"", ""sel_6th_pre_req"": ""21"", ""sel_6th_pre_bid"": ""+120500"", ""sel_5th_pre_req_pre"": ""0"", ""sel_5th_pre_req"": ""1050"", ""sel_5th_pre_bid"": ""+120400"", ""sel_4th_pre_req_pre"": ""0"", ""sel_4th_pre_req"": ""60"", ""sel_4th_pre_bid"": ""+120300"", ""sel_3th_pre_req_pre"": ""0"", ""sel_3th_pre_req"": ""3"", ""sel_3th_pre_bid"": ""+120200"", ""sel_2th_pre_req_pre"": ""--126"", ""sel_2th_pre_req"": ""144"", ""sel_2th_pre_bid"": ""+120100"", ""sel_1th_pre_req_pre"": ""+126"", ""sel_fpr_req"": ""170"", ""sel_fpr_bid"": ""+120000"", ""buy_fpr_bid"": ""+119900"", ""buy_fpr_req"": ""359"", ""buy_1th_pre_req_pre"": ""0"", ""buy_2th_pre_bid"": ""+119800"", ""buy_2th_pre_req"": ""125"", ""buy_2th_pre_req_pre"": ""--200"", ""buy_3th_pre_bid"": ""+119700"", ""buy_3th_pre_req"": ""294"", ""buy_3th_pre_req_pre"": ""--400"", ""buy_4th_pre_bid"": ""+119600"", ""buy_4th_pre_req"": ""601"", ""buy_4th_pre_req_pre"": ""+600"", ""buy_5th_pre_bid"": ""+119500"", ""buy_5th_pre_req"": ""715"", ""buy_5th_pre_req_pre"": ""0"", ""buy_6th_pre_bid"": ""+119400"", ""buy_6th_pre_req"": ""1"", ""buy_6th_pre_req_pre"": ""0"", ""buy_7th_pre_bid"": ""+119300"", ""buy_7th_pre_req"": ""20"", ""buy_7th_pre_req_pre"": ""0"", ""buy_8th_pre_bid"": ""+119200"", ""buy_8th_pre_req"": ""2"", ""buy_8th_pre_req_pre"": ""0"", ""buy_9th_pre_bid"": ""+119100"", ""buy_9th_pre_req"": ""1"", ""buy_9th_pre_req_pre"": ""0"", ""buy_10th_pre_bid"": ""119000"", ""buy_10th_pre_req"": ""465"", ""buy_10th_pre_req_pre"": ""0"", ""tot_sel_req_jub_pre"": ""0"", ""tot_sel_req"": ""3617"", ""tot_buy_req"": ""2583"", ""tot_buy_req_jub_pre"": ""0"", ""ovt_sel_req_pre"": ""0"", ""ovt_sel_req"": ""0"", ""ovt_buy_req"": ""0"", ""ovt_buy_req_pre"": ""0"", ""return_code"": 0, ""return_msg"": ""정상적으로 처리되었습니다""}"
2026-06-10,scan_candidate,000810,,0,main_scan,622000,,622000,621000,622000,617000,-0.964630225080386,0.1607717041800643,,,,,,"{""bid_req_base_tm"": ""100020"", ""sel_10th_pre_req_pre"": ""0"", ""sel_10th_pre_req"": ""3"", ""sel_10th_pre_bid"": ""-631000"", ""sel_9th_pre_req_pre"": ""0"", ""sel_9th_pre_req"": ""38"", ""sel_9th_pre_bid"": ""-630000"", ""sel_8th_pre_req_pre"": ""0"", ""sel_8th_pre_req"": ""36"", ""sel_8th_pre_bid"": ""-629000"", ""sel_7th_pre_req_pre"": ""0"", ""sel_7th_pre_req"": ""18"", ""sel_7th_pre_bid"": ""-628000"", ""sel_6th_pre_req_pre"": ""0"", ""sel_6th_pre_req"": ""7"", ""sel_6th_pre_bid"": ""-627000"", ""sel_5th_pre_req_pre"": ""0"", ""sel_5th_pre_req"": ""17"", ""sel_5th_pre_bid"": ""-626000"", ""sel_4th_pre_req_pre"": ""0"", ""sel_4th_pre_req"": ""22"", ""sel_4th_pre_bid"": ""-625000"", ""sel_3th_pre_req_pre"": ""0"", ""sel_3th_pre_req"": ""28"", ""sel_3th_pre_bid"": ""-624000"", ""sel_2th_pre_req_pre"": ""+2"", ""sel_2th_pre_req"": ""231"", ""sel_2th_pre_bid"": ""-623000"", ""sel_1th_pre_req_pre"": ""0"", ""sel_fpr_req"": ""206"", ""sel_fpr_bid"": ""-622000"", ""buy_fpr_bid"": ""-621000"", ""buy_fpr_req"": ""292"", ""buy_1th_pre_req_pre"": ""0"", ""buy_2th_pre_bid"": ""-619000"", ""buy_2th_pre_req"": ""11"", ""buy_2th_pre_req_pre"": ""0"", ""buy_3th_pre_bid"": ""-618000"", ""buy_3th_pre_req"": ""32"", ""buy_3th_pre_req_pre"": ""0"", ""buy_4th_pre_bid"": ""-617000"", ""buy_4th_pre_req"": ""3"", ""buy_4th_pre_req_pre"": ""0"", ""buy_5th_pre_bid"": ""-616000"", ""buy_5th_pre_req"": ""5"", ""buy_5th_pre_req_pre"": ""0"", ""buy_6th_pre_bid"": ""-615000"", ""buy_6th_pre_req"": ""4"", ""buy_6th_pre_req_pre"": ""0"", ""buy_7th_pre_bid"": ""-614000"", ""buy_7th_pre_req"": ""4"", ""buy_7th_pre_req_pre"": ""0"", ""buy_8th_pre_bid"": ""-613000"", ""buy_8th_pre_req"": ""34"", ""buy_8th_pre_req_pre"": ""0"", ""buy_9th_pre_bid"": ""-612000"", ""buy_9th_pre_req"": ""7"", ""buy_9th_pre_req_pre"": ""0"", ""buy_10th_pre_bid"": ""-611000"", ""buy_10th_pre_req"": ""5"", ""buy_10th_pre_req_pre"": ""0"", ""tot_sel_req_jub_pre"": ""+2"", ""tot_sel_req"": ""606"", ""tot_buy_req"": ""397"", ""tot_buy_req_jub_pre"": ""0"", ""ovt_sel_req_pre"": ""0"", ""ovt_sel_req"": ""0"", ""ovt_buy_req"": ""0"", ""ovt_buy_req_pre"": ""0"", ""return_code"": 0, ""return_msg"": ""정상적으로 처리되었습니다""}"
2026-06-10,scan_candidate,011070,,0,main_scan,1070000,,1070000,1069000,1070000,1073000,0.1869158878504673,0.09345794392523366,,,,,,"{""bid_req_base_tm"": ""100020"", ""sel_10th_pre_req_pre"": ""0"", ""sel_10th_pre_req"": ""37"", ""sel_10th_pre_bid"": ""-1079000"", ""sel_9th_pre_req_pre"": ""0"", ""sel_9th_pre_req"": ""12"", ""sel_9th_pre_bid"": ""-1078000"", ""sel_8th_pre_req_pre"": ""0"", ""sel_8th_pre_req"": ""3"", ""sel_8th_pre_bid"": ""-1077000"", ""sel_7th_pre_req_pre"": ""0"", ""sel_7th_pre_req"": ""27"", ""sel_7th_pre_bid"": ""-1076000"", ""sel_6th_pre_req_pre"": ""0"", ""sel_6th_pre_req"": ""19"", ""sel_6th_pre_bid"": ""-1075000"", ""sel_5th_pre_req_pre"": ""0"", ""sel_5th_pre_req"": ""20"", ""sel_5th_pre_bid"": ""-1074000"", ""sel_4th_pre_req_pre"": ""0"", ""sel_4th_pre_req"": ""102"", ""sel_4th_pre_bid"": ""-1073000"", ""sel_3th_pre_req_pre"": ""0"", ""sel_3th_pre_req"": ""42"", ""sel_3th_pre_bid"": ""-1072000"", ""sel_2th_pre_req_pre"": ""+10"", ""sel_2th_pre_req"": ""91"", ""sel_2th_pre_bid"": ""-1071000"", ""sel_1th_pre_req_pre"": ""0"", ""sel_fpr_req"": ""20"", ""sel_fpr_bid"": ""-1070000"", ""buy_fpr_bid"": ""-1069000"", ""buy_fpr_req"": ""34"", ""buy_1th_pre_req_pre"": ""+4"", ""buy_2th_pre_bid"": ""-1068000"", ""buy_2th_pre_req"": ""156"", ""buy_2th_pre_req_pre"": ""0"", ""buy_3th_pre_bid"": ""-1067000"", ""buy_3th_pre_req"": ""202"", ""buy_3th_pre_req_pre"": ""0"", ""buy_4th_pre_bid"": ""-1066000"", ""buy_4th_pre_req"": ""25"", ""buy_4th_pre_req_pre"": ""0"", ""buy_5th_pre_bid"": ""-1065000"", ""buy_5th_pre_req"": ""49"", ""buy_5th_pre_req_pre"": ""0"", ""buy_6th_pre_bid"": ""-1064000"", ""buy_6th_pre_req"": ""119"", ""buy_6th_pre_req_pre"": ""0"", ""buy_7th_pre_bid"": ""-1063000"", ""buy_7th_pre_req"": ""284"", ""buy_7th_pre_req_pre"": ""0"", ""buy_8th_pre_bid"": ""-1062000"", ""buy_8th_pre_req"": ""583"", ""buy_8th_pre_req_pre"": ""0"", ""buy_9th_pre_bid"": ""-1061000"", ""buy_9th_pre_req"": ""218"", ""buy_9th_pre_req_pre"": ""0"", ""buy_10th_pre_bid"": ""-1060000"", ""buy_10th_pre_req"": ""703"", ""buy_10th_pre_req_pre"": ""0"", ""tot_sel_req_jub_pre"": ""+10"", ""tot_sel_req"": ""373"", ""tot_buy_req"": ""2373"", ""tot_buy_req_jub_pre"": ""+4"", ""ovt_sel_req_pre"": ""0"", ""ovt_sel_req"": ""0"", ""ovt_buy_req"": ""0"", ""ovt_buy_req_pre"": ""0"", ""return_code"": 0, ""return_msg"": ""정상적으로 처리되었습니다""}"
2026-06-10,scan_candidate,042700,,0,main_scan,284000,,284000,283500,284000,284500,0.0,0.17605633802816903,,,,,,"{""bid_req_base_tm"": ""100020"", ""sel_10th_pre_req_pre"": ""0"", ""sel_10th_pre_req"": ""45"", ""sel_10th_pre_bid"": ""+288500"", ""sel_9th_pre_req_pre"": ""0"", ""sel_9th_pre_req"": ""223"", ""sel_9th_pre_bid"": ""+288000"", ""sel_8th_pre_req_pre"": ""0"", ""sel_8th_pre_req"": ""405"", ""sel_8th_pre_bid"": ""+287500"", ""sel_7th_pre_req_pre"": ""0"", ""sel_7th_pre_req"": ""291"", ""sel_7th_pre_bid"": ""+287000"", ""sel_6th_pre_req_pre"": ""0"", ""sel_6th_pre_req"": ""69"", ""sel_6th_pre_bid"": ""+286500"", ""sel_5th_pre_req_pre"": ""0"", ""sel_5th_pre_req"": ""475"", ""sel_5th_pre_bid"": ""+286000"", ""sel_4th_pre_req_pre"": ""0"", ""sel_4th_pre_req"": ""94"", ""sel_4th_pre_bid"": ""+285500"", ""sel_3th_pre_req_pre"": ""0"", ""sel_3th_pre_req"": ""993"", ""sel_3th_pre_bid"": ""+285000"", ""sel_2th_pre_req_pre"": ""0"", ""sel_2th_pre_req"": ""73"", ""sel_2th_pre_bid"": ""+284500"", ""sel_1th_pre_req_pre"": ""+15"", ""sel_fpr_req"": ""230"", ""sel_fpr_bid"": ""+284000"", ""buy_fpr_bid"": ""+283500"", ""buy_fpr_req"": ""63"", ""buy_1th_pre_req_pre"": ""--5"", ""buy_2th_pre_bid"": ""+283000"", ""buy_2th_pre_req"": ""583"", ""buy_2th_pre_req_pre"": ""0"", ""buy_3th_pre_bid"": ""+282500"", ""buy_3th_pre_req"": ""479"", ""buy_3th_pre_req_pre"": ""0"", ""buy_4th_pre_bid"": ""+282000"", ""buy_4th_pre_req"": ""300"", ""buy_4th_pre_req_pre"": ""0"", ""buy_5th_pre_bid"": ""+281500"", ""buy_5th_pre_req"": ""381"", ""buy_5th_pre_req_pre"": ""0"", ""buy_6th_pre_bid"": ""+281000"", ""buy_6th_pre_req"": ""381"", ""buy_6th_pre_req_pre"": ""0"", ""buy_7th_pre_bid"": ""+280500"", ""buy_7th_pre_req"": ""932"", ""buy_7th_pre_req_pre"": ""0"", ""buy_8th_pre_bid"": ""+280000"", ""buy_8th_pre_req"": ""1786"", ""buy_8th_pre_req_pre"": ""0"", ""buy_9th_pre_bid"": ""+279500"", ""buy_9th_pre_req"": ""105"", ""buy_9th_pre_req_pre"": ""0"", ""buy_10th_pre_bid"": ""+279000"", ""buy_10th_pre_req"": ""303"", ""buy_10th_pre_req_pre"": ""0"", ""tot_sel_req_jub_pre"": ""+15"", ""tot_sel_req"": ""2898"", ""tot_buy_req"": ""5313"", ""tot_buy_req_jub_pre"": ""--5"", ""ovt_sel_req_pre"": ""0"", ""ovt_sel_req"": ""0"", ""ovt_buy_req"": ""0"", ""ovt_buy_req_pre"": ""0"", ""return_code"": 0, ""return_msg"": ""정상적으로 처리되었습니다""}"
2026-06-10,scan_candidate,017670,,0,main_scan,107100,,107100,107000,107100,107000,-0.5602240896358543,0.09337068160597572,,,,,,"{""bid_req_base_tm"": ""100020"", ""sel_10th_pre_req_pre"": ""0"", ""sel_10th_pre_req"": ""523"", ""sel_10th_pre_bid"": ""-108000"", ""sel_9th_pre_req_pre"": ""0"", ""sel_9th_pre_req"": ""232"", ""sel_9th_pre_bid"": ""-107900"", ""sel_8th_pre_req_pre"": ""0"", ""sel_8th_pre_req"": ""76"", ""sel_8th_pre_bid"": ""-107800"", ""sel_7th_pre_req_pre"": ""0"", ""sel_7th_pre_req"": ""368"", ""sel_7th_pre_bid"": ""-107700"", ""sel_6th_pre_req_pre"": ""0"", ""sel_6th_pre_req"": ""332"", ""sel_6th_pre_bid"": ""-107600"", ""sel_5th_pre_req_pre"": ""0"", ""sel_5th_pre_req"": ""438"", ""sel_5th_pre_bid"": ""-107500"", ""sel_4th_pre_req_pre"": ""0"", ""sel_4th_pre_req"": ""600"", ""sel_4th_pre_bid"": ""-107400"", ""sel_3th_pre_req_pre"": ""0"", ""sel_3th_pre_req"": ""626"", ""sel_3th_pre_bid"": ""-107300"", ""sel_2th_pre_req_pre"": ""0"", ""sel_2th_pre_req"": ""159"", ""sel_2th_pre_bid"": ""-107200"", ""sel_1th_pre_req_pre"": ""0"", ""sel_fpr_req"": ""106"", ""sel_fpr_bid"": ""-107100"", ""buy_fpr_bid"": ""-107000"", ""buy_fpr_req"": ""215"", ""buy_1th_pre_req_pre"": ""+120"", ""buy_2th_pre_bid"": ""-106900"", ""buy_2th_pre_req"": ""336"", ""buy_2th_pre_req_pre"": ""--100"", ""buy_3th_pre_bid"": ""-106800"", ""buy_3th_pre_req"": ""639"", ""buy_3th_pre_req_pre"": ""+75"", ""buy_4th_pre_bid"": ""-106700"", ""buy_4th_pre_req"": ""364"", ""buy_4th_pre_req_pre"": ""0"", ""buy_5th_pre_bid"": ""-106600"", ""buy_5th_pre_req"": ""286"", ""buy_5th_pre_req_pre"": ""0"", ""buy_6th_pre_bid"": ""-106500"", ""buy_6th_pre_req"": ""147"", ""buy_6th_pre_req_pre"": ""0"", ""buy_7th_pre_bid"": ""-106400"", ""buy_7th_pre_req"": ""169"", ""buy_7th_pre_req_pre"": ""0"", ""buy_8th_pre_bid"": ""-106300"", ""buy_8th_pre_req"": ""163"", ""buy_8th_pre_req_pre"": ""0"", ""buy_9th_pre_bid"": ""-106200"", ""buy_9th_pre_req"": ""217"", ""buy_9th_pre_req_pre"": ""0"", ""buy_10th_pre_bid"": ""-106100"", ""buy_10th_pre_req"": ""1114"", ""buy_10th_pre_req_pre"": ""0"", ""tot_sel_req_jub_pre"": ""0"", ""tot_sel_req"": ""3460"", ""tot_buy_req"": ""3650"", ""tot_buy_req_jub_pre"": ""+95"", ""ovt_sel_req_pre"": ""0"", ""ovt_sel_req"": ""0"", ""ovt_buy_req"": ""0"", ""ovt_buy_req_pre"": ""0"", ""return_code"": 0, ""return_msg"": ""정상적으로 처리되었습니다""}"
2026-06-10,scan_candidate,316140,,0,main_scan,30350,,30350,30300,30350,30250,-0.4942339373970346,0.16474464579901155,,,,,,"{""bid_req_base_tm"": ""100020"", ""sel_10th_pre_req_pre"": ""0"", ""sel_10th_pre_req"": ""2034"", ""sel_10th_pre_bid"": ""+30800"", ""sel_9th_pre_req_pre"": ""0"", ""sel_9th_pre_req"": ""438"", ""sel_9th_pre_bid"": ""+30750"", ""sel_8th_pre_req_pre"": ""0"", ""sel_8th_pre_req"": ""909"", ""sel_8th_pre_bid"": ""+30700"", ""sel_7th_pre_req_pre"": ""0"", ""sel_7th_pre_req"": ""354"", ""sel_7th_pre_bid"": ""+30650"", ""sel_6th_pre_req_pre"": ""0"", ""sel_6th_pre_req"": ""985"", ""sel_6th_pre_bid"": ""+30600"", ""sel_5th_pre_req_pre"": ""0"", ""sel_5th_pre_req"": ""1611"", ""sel_5th_pre_bid"": ""+30550"", ""sel_4th_pre_req_pre"": ""0"", ""sel_4th_pre_req"": ""4123"", ""sel_4th_pre_bid"": ""+30500"", ""sel_3th_pre_req_pre"": ""0"", ""sel_3th_pre_req"": ""991"", ""sel_3th_pre_bid"": ""+30450"", ""sel_2th_pre_req_pre"": ""+20"", ""sel_2th_pre_req"": ""1144"", ""sel_2th_pre_bid"": ""+30400"", ""sel_1th_pre_req_pre"": ""0"", ""sel_fpr_req"": ""3852"", ""sel_fpr_bid"": ""+30350"", ""buy_fpr_bid"": ""+30300"", ""buy_fpr_req"": ""4096"", ""buy_1th_pre_req_pre"": ""0"", ""buy_2th_pre_bid"": ""+30250"", ""buy_2th_pre_req"": ""1689"", ""buy_2th_pre_req_pre"": ""0"", ""buy_3th_pre_bid"": ""+30200"", ""buy_3th_pre_req"": ""668"", ""buy_3th_pre_req_pre"": ""0"", ""buy_4th_pre_bid"": ""+30150"", ""buy_4th_pre_req"": ""114"", ""buy_4th_pre_req_pre"": ""0"", ""buy_5th_pre_bid"": ""+30100"", ""buy_5th_pre_req"": ""1420"", ""buy_5th_pre_req_pre"": ""0"", ""buy_6th_pre_bid"": ""+30050"", ""buy_6th_pre_req"": ""1260"", ""buy_6th_pre_req_pre"": ""0"", ""buy_7th_pre_bid"": ""30000"", ""buy_7th_pre_req"": ""2112"", ""buy_7th_pre_req_pre"": ""0"", ""buy_8th_pre_bid"": ""-29950"", ""buy_8th_pre_req"": ""357"", ""buy_8th_pre_req_pre"": ""0"", ""buy_9th_pre_bid"": ""-29900"", ""buy_9th_pre_req"": ""1178"", ""buy_9th_pre_req_pre"": ""0"", ""buy_10th_pre_bid"": ""-29850"", ""buy_10th_pre_req"": ""266"", ""buy_10th_pre_req_pre"": ""0"", ""tot_sel_req_jub_pre"": ""+20"", ""tot_sel_req"": ""16441"", ""tot_buy_req"": ""13160"", ""tot_buy_req_jub_pre"": ""0"", ""ovt_sel_req_pre"": ""0"", ""ovt_sel_req"": ""0"", ""ovt_buy_req"": ""0"", ""ovt_buy_req_pre"": ""0"", ""return_code"": 0, ""return_msg"": ""정상적으로 처리되었습니다""}"
2026-06-10,scan_candidate,018260,,0,main_scan,234000,,234000,233500,234000,235500,0.4273504273504274,0.2136752136752137,,,,,,"{""bid_req_base_tm"": ""100021"", ""sel_10th_pre_req_pre"": ""0"", ""sel_10th_pre_req"": ""65"", ""sel_10th_pre_bid"": ""-238500"", ""sel_9th_pre_req_pre"": ""0"", ""sel_9th_pre_req"": ""173"", ""sel_9th_pre_bid"": ""-238000"", ""sel_8th_pre_req_pre"": ""0"", ""sel_8th_pre_req"": ""80"", ""sel_8th_pre_bid"": ""-237500"", ""sel_7th_pre_req_pre"": ""0"", ""sel_7th_pre_req"": ""56"", ""sel_7th_pre_bid"": ""-237000"", ""sel_6th_pre_req_pre"": ""0"", ""sel_6th_pre_req"": ""207"", ""sel_6th_pre_bid"": ""-236500"", ""sel_5th_pre_req_pre"": ""0"", ""sel_5th_pre_req"": ""137"", ""sel_5th_pre_bid"": ""-236000"", ""sel_4th_pre_req_pre"": ""0"", ""sel_4th_pre_req"": ""44"", ""sel_4th_pre_bid"": ""-235500"", ""sel_3th_pre_req_pre"": ""0"", ""sel_3th_pre_req"": ""33"", ""sel_3th_pre_bid"": ""-235000"", ""sel_2th_pre_req_pre"": ""0"", ""sel_2th_pre_req"": ""252"", ""sel_2th_pre_bid"": ""-234500"", ""sel_1th_pre_req_pre"": ""0"", ""sel_fpr_req"": ""218"", ""sel_fpr_bid"": ""-234000"", ""buy_fpr_bid"": ""-233500"", ""buy_fpr_req"": ""93"", ""buy_1th_pre_req_pre"": ""+20"", ""buy_2th_pre_bid"": ""-233000"", ""buy_2th_pre_req"": ""621"", ""buy_2th_pre_req_pre"": ""+1"", ""buy_3th_pre_bid"": ""-232500"", ""buy_3th_pre_req"": ""829"", ""buy_3th_pre_req_pre"": ""0"", ""buy_4th_pre_bid"": ""-232000"", ""buy_4th_pre_req"": ""968"", ""buy_4th_pre_req_pre"": ""+1"", ""buy_5th_pre_bid"": ""-231500"", ""buy_5th_pre_req"": ""972"", ""buy_5th_pre_req_pre"": ""0"", ""buy_6th_pre_bid"": ""-231000"", ""buy_6th_pre_req"": ""2144"", ""buy_6th_pre_req_pre"": ""0"", ""buy_7th_pre_bid"": ""-230500"", ""buy_7th_pre_req"": ""1606"", ""buy_7th_pre_req_pre"": ""0"", ""buy_8th_pre_bid"": ""-230000"", ""buy_8th_pre_req"": ""3272"", ""buy_8th_pre_req_pre"": ""0"", ""buy_9th_pre_bid"": ""-229500"", ""buy_9th_pre_req"": ""493"", ""buy_9th_pre_req_pre"": ""0"", ""buy_10th_pre_bid"": ""-229000"", ""buy_10th_pre_req"": ""1334"", ""buy_10th_pre_req_pre"": ""0"", ""tot_sel_req_jub_pre"": ""0"", ""tot_sel_req"": ""1265"", ""tot_buy_req"": ""12332"", ""tot_buy_req_jub_pre"": ""+22"", ""ovt_sel_req_pre"": ""0"", ""ovt_sel_req"": ""0"", ""ovt_buy_req"": ""0"", ""ovt_buy_req_pre"": ""0"", ""return_code"": 0, ""return_msg"": ""정상적으로 처리되었습니다""}"
2026-06-10,scan_candidate,033780,,0,main_scan,185600,,185600,185500,185600,185000,-0.5926724137931034,0.05387931034482758,,,,,,"{""bid_req_base_tm"": ""100021"", ""sel_10th_pre_req_pre"": ""0"", ""sel_10th_pre_req"": ""112"", ""sel_10th_pre_bid"": ""+186500"", ""sel_9th_pre_req_pre"": ""0"", ""sel_9th_pre_req"": ""395"", ""sel_9th_pre_bid"": ""+186400"", ""sel_8th_pre_req_pre"": ""0"", ""sel_8th_pre_req"": ""17"", ""sel_8th_pre_bid"": ""+186300"", ""sel_7th_pre_req_pre"": ""0"", ""sel_7th_pre_req"": ""21"", ""sel_7th_pre_bid"": ""+186200"", ""sel_6th_pre_req_pre"": ""0"", ""sel_6th_pre_req"": ""157"", ""sel_6th_pre_bid"": ""+186100"", ""sel_5th_pre_req_pre"": ""0"", ""sel_5th_pre_req"": ""833"", ""sel_5th_pre_bid"": ""+186000"", ""sel_4th_pre_req_pre"": ""0"", ""sel_4th_pre_req"": ""155"", ""sel_4th_pre_bid"": ""+185900"", ""sel_3th_pre_req_pre"": ""0"", ""sel_3th_pre_req"": ""186"", ""sel_3th_pre_bid"": ""+185800"", ""sel_2th_pre_req_pre"": ""0"", ""sel_2th_pre_req"": ""142"", ""sel_2th_pre_bid"": ""+185700"", ""sel_1th_pre_req_pre"": ""0"", ""sel_fpr_req"": ""1663"", ""sel_fpr_bid"": ""+185600"", ""buy_fpr_bid"": ""+185500"", ""buy_fpr_req"": ""1015"", ""buy_1th_pre_req_pre"": ""--120"", ""buy_2th_pre_bid"": ""+185400"", ""buy_2th_pre_req"": ""119"", ""buy_2th_pre_req_pre"": ""0"", ""buy_3th_pre_bid"": ""+185300"", ""buy_3th_pre_req"": ""27"", ""buy_3th_pre_req_pre"": ""0"", ""buy_4th_pre_bid"": ""+185200"", ""buy_4th_pre_req"": ""209"", ""buy_4th_pre_req_pre"": ""0"", ""buy_5th_pre_bid"": ""+185100"", ""buy_5th_pre_req"": ""11"", ""buy_5th_pre_req_pre"": ""0"", ""buy_6th_pre_bid"": ""+185000"", ""buy_6th_pre_req"": ""210"", ""buy_6th_pre_req_pre"": ""0"", ""buy_7th_pre_bid"": ""+184900"", ""buy_7th_pre_req"": ""459"", ""buy_7th_pre_req_pre"": ""0"", ""buy_8th_pre_bid"": ""+184800"", ""buy_8th_pre_req"": ""55"", ""buy_8th_pre_req_pre"": ""0"", ""buy_9th_pre_bid"": ""+184700"", ""buy_9th_pre_req"": ""80"", ""buy_9th_pre_req_pre"": ""0"", ""buy_10th_pre_bid"": ""+184600"", ""buy_10th_pre_req"": ""20"", ""buy_10th_pre_req_pre"": ""0"", ""tot_sel_req_jub_pre"": ""0"", ""tot_sel_req"": ""3681"", ""tot_buy_req"": ""2205"", ""tot_buy_req_jub_pre"": ""--120"", ""ovt_sel_req_pre"": ""0"", ""ovt_sel_req"": ""0"", ""ovt_buy_req"": ""0"", ""ovt_buy_req_pre"": ""0"", ""return_code"": 0, ""return_msg"": ""정상적으로 처리되었습니다""}"
2026-06-10,scan_candidate,307950,,0,main_scan,704000,,704000,703000,704000,706000,0.14204545454545456,0.14204545454545456,,,,,,"{""bid_req_base_tm"": ""100021"", ""sel_10th_pre_req_pre"": ""0"", ""sel_10th_pre_req"": ""53"", ""sel_10th_pre_bid"": ""+713000"", ""sel_9th_pre_req_pre"": ""0"", ""sel_9th_pre_req"": ""11"", ""sel_9th_pre_bid"": ""+712000"", ""sel_8th_pre_req_pre"": ""0"", ""sel_8th_pre_req"": ""30"", ""sel_8th_pre_bid"": ""+711000"", ""sel_7th_pre_req_pre"": ""0"", ""sel_7th_pre_req"": ""257"", ""sel_7th_pre_bid"": ""+710000"", ""sel_6th_pre_req_pre"": ""0"", ""sel_6th_pre_req"": ""62"", ""sel_6th_pre_bid"": ""+709000"", ""sel_5th_pre_req_pre"": ""0"", ""sel_5th_pre_req"": ""25"", ""sel_5th_pre_bid"": ""+708000"", ""sel_4th_pre_req_pre"": ""0"", ""sel_4th_pre_req"": ""47"", ""sel_4th_pre_bid"": ""+707000"", ""sel_3th_pre_req_pre"": ""0"", ""sel_3th_pre_req"": ""52"", ""sel_3th_pre_bid"": ""+706000"", ""sel_2th_pre_req_pre"": ""0"", ""sel_2th_pre_req"": ""31"", ""sel_2th_pre_bid"": ""+705000"", ""sel_1th_pre_req_pre"": ""--2"", ""sel_fpr_req"": ""64"", ""sel_fpr_bid"": ""+704000"", ""buy_fpr_bid"": ""+703000"", ""buy_fpr_req"": ""36"", ""buy_1th_pre_req_pre"": ""0"", ""buy_2th_pre_bid"": ""+702000"", ""buy_2th_pre_req"": ""50"", ""buy_2th_pre_req_pre"": ""0"", ""buy_3th_pre_bid"": ""+701000"", ""buy_3th_pre_req"": ""219"", ""buy_3th_pre_req_pre"": ""0"", ""buy_4th_pre_bid"": ""+700000"", ""buy_4th_pre_req"": ""212"", ""buy_4th_pre_req_pre"": ""0"", ""buy_5th_pre_bid"": ""+699000"", ""buy_5th_pre_req"": ""139"", ""buy_5th_pre_req_pre"": ""0"", ""buy_6th_pre_bid"": ""+698000"", ""buy_6th_pre_req"": ""238"", ""buy_6th_pre_req_pre"": ""0"", ""buy_7th_pre_bid"": ""+697000"", ""buy_7th_pre_req"": ""252"", ""buy_7th_pre_req_pre"": ""0"", ""buy_8th_pre_bid"": ""+696000"", ""buy_8th_pre_req"": ""243"", ""buy_8th_pre_req_pre"": ""0"", ""buy_9th_pre_bid"": ""+695000"", ""buy_9th_pre_req"": ""212"", ""buy_9th_pre_req_pre"": ""0"", ""buy_10th_pre_bid"": ""+694000"", ""buy_10th_pre_req"": ""84"", ""buy_10th_pre_req_pre"": ""0"", ""tot_sel_req_jub_pre"": ""--2"", ""tot_sel_req"": ""632"", ""tot_buy_req"": ""1685"", ""tot_buy_req_jub_pre"": ""0"", ""ovt_sel_req_pre"": ""0"", ""ovt_sel_req"": ""0"", ""ovt_buy_req"": ""0"", ""ovt_buy_req_pre"": ""0"", ""return_code"": 0, ""return_msg"": ""정상적으로 처리되었습니다""}"
2026-06-10,scan_candidate,138040,,0,main_scan,109900,,109900,109800,109900,109000,-1.2738853503184715,0.09099181073703368,,,,,,"{""bid_req_base_tm"": ""100021"", ""sel_10th_pre_req_pre"": ""0"", ""sel_10th_pre_req"": ""2"", ""sel_10th_pre_bid"": ""+110800"", ""sel_9th_pre_req_pre"": ""0"", ""sel_9th_pre_req"": ""221"", ""sel_9th_pre_bid"": ""+110700"", ""sel_8th_pre_req_pre"": ""0"", ""sel_8th_pre_req"": ""51"", ""sel_8th_pre_bid"": ""+110600"", ""sel_7th_pre_req_pre"": ""0"", ""sel_7th_pre_req"": ""104"", ""sel_7th_pre_bid"": ""+110500"", ""sel_6th_pre_req_pre"": ""0"", ""sel_6th_pre_req"": ""1"", ""sel_6th_pre_bid"": ""+110400"", ""sel_5th_pre_req_pre"": ""0"", ""sel_5th_pre_req"": ""1004"", ""sel_5th_pre_bid"": ""+110300"", ""sel_4th_pre_req_pre"": ""+5"", ""sel_4th_pre_req"": ""615"", ""sel_4th_pre_bid"": ""+110200"", ""sel_3th_pre_req_pre"": ""0"", ""sel_3th_pre_req"": ""511"", ""sel_3th_pre_bid"": ""+110100"", ""sel_2th_pre_req_pre"": ""0"", ""sel_2th_pre_req"": ""2209"", ""sel_2th_pre_bid"": ""+110000"", ""sel_1th_pre_req_pre"": ""0"", ""sel_fpr_req"": ""150"", ""sel_fpr_bid"": ""+109900"", ""buy_fpr_bid"": ""+109800"", ""buy_fpr_req"": ""1032"", ""buy_1th_pre_req_pre"": ""0"", ""buy_2th_pre_bid"": ""+109700"", ""buy_2th_pre_req"": ""296"", ""buy_2th_pre_req_pre"": ""0"", ""buy_3th_pre_bid"": ""+109600"", ""buy_3th_pre_req"": ""620"", ""buy_3th_pre_req_pre"": ""0"", ""buy_4th_pre_bid"": ""+109500"", ""buy_4th_pre_req"": ""68"", ""buy_4th_pre_req_pre"": ""0"", ""buy_5th_pre_bid"": ""+109300"", ""buy_5th_pre_req"": ""366"", ""buy_5th_pre_req_pre"": ""0"", ""buy_6th_pre_bid"": ""+109200"", ""buy_6th_pre_req"": ""5"", ""buy_6th_pre_req_pre"": ""0"", ""buy_7th_pre_bid"": ""-109000"", ""buy_7th_pre_req"": ""16"", ""buy_7th_pre_req_pre"": ""0"", ""buy_8th_pre_bid"": ""-108900"", ""buy_8th_pre_req"": ""475"", ""buy_8th_pre_req_pre"": ""0"", ""buy_9th_pre_bid"": ""-108800"", ""buy_9th_pre_req"": ""310"", ""buy_9th_pre_req_pre"": ""0"", ""buy_10th_pre_bid"": ""-108700"", ""buy_10th_pre_req"": ""104"", ""buy_10th_pre_req_pre"": ""0"", ""tot_sel_req_jub_pre"": ""+5"", ""tot_sel_req"": ""4868"", ""tot_buy_req"": ""3292"", ""tot_buy_req_jub_pre"": ""0"", ""ovt_sel_req_pre"": ""0"", ""ovt_sel_req"": ""0"", ""ovt_buy_req"": ""0"", ""ovt_buy_req_pre"": ""0"", ""return_code"": 0, ""return_msg"": ""정상적으로 처리되었습니다""}"
2026-06-10,scan_candidate,003550,,0,main_scan,109300,,109300,109100,109300,108500,-1.1893870082342177,0.18298261665141813,,,,,,"{""bid_req_base_tm"": ""100022"", ""sel_10th_pre_req_pre"": ""0"", ""sel_10th_pre_req"": ""25"", ""sel_10th_pre_bid"": ""-110300"", ""sel_9th_pre_req_pre"": ""0"", ""sel_9th_pre_req"": ""3"", ""sel_9th_pre_bid"": ""-110200"", ""sel_8th_pre_req_pre"": ""0"", ""sel_8th_pre_req"": ""6"", ""sel_8th_pre_bid"": ""-110100"", ""sel_7th_pre_req_pre"": ""0"", ""sel_7th_pre_req"": ""5123"", ""sel_7th_pre_bid"": ""-110000"", ""sel_6th_pre_req_pre"": ""0"", ""sel_6th_pre_req"": ""23"", ""sel_6th_pre_bid"": ""-109800"", ""sel_5th_pre_req_pre"": ""0"", ""sel_5th_pre_req"": ""1"", ""sel_5th_pre_bid"": ""-109700"", ""sel_4th_pre_req_pre"": ""0"", ""sel_4th_pre_req"": ""593"", ""sel_4th_pre_bid"": ""-109600"", ""sel_3th_pre_req_pre"": ""0"", ""sel_3th_pre_req"": ""70"", ""sel_3th_pre_bid"": ""-109500"", ""sel_2th_pre_req_pre"": ""0"", ""sel_2th_pre_req"": ""15"", ""sel_2th_pre_bid"": ""-109400"", ""sel_1th_pre_req_pre"": ""+77"", ""sel_fpr_req"": ""177"", ""sel_fpr_bid"": ""-109300"", ""buy_fpr_bid"": ""-109100"", ""buy_fpr_req"": ""101"", ""buy_1th_pre_req_pre"": ""0"", ""buy_2th_pre_bid"": ""-109000"", ""buy_2th_pre_req"": ""12"", ""buy_2th_pre_req_pre"": ""0"", ""buy_3th_pre_bid"": ""-108900"", ""buy_3th_pre_req"": ""2"", ""buy_3th_pre_req_pre"": ""0"", ""buy_4th_pre_bid"": ""-108800"", ""buy_4th_pre_req"": ""137"", ""buy_4th_pre_req_pre"": ""0"", ""buy_5th_pre_bid"": ""-108700"", ""buy_5th_pre_req"": ""1"", ""buy_5th_pre_req_pre"": ""0"", ""buy_6th_pre_bid"": ""-108500"", ""buy_6th_pre_req"": ""43"", ""buy_6th_pre_req_pre"": ""0"", ""buy_7th_pre_bid"": ""-108400"", ""buy_7th_pre_req"": ""1"", ""buy_7th_pre_req_pre"": ""0"", ""buy_8th_pre_bid"": ""-108300"", ""buy_8th_pre_req"": ""4"", ""buy_8th_pre_req_pre"": ""0"", ""buy_9th_pre_bid"": ""-108200"", ""buy_9th_pre_req"": ""66"", ""buy_9th_pre_req_pre"": ""0"", ""buy_10th_pre_bid"": ""-108100"", ""buy_10th_pre_req"": ""252"", ""buy_10th_pre_req_pre"": ""0"", ""tot_sel_req_jub_pre"": ""+77"", ""tot_sel_req"": ""6036"", ""tot_buy_req"": ""619"", ""tot_buy_req_jub_pre"": ""0"", ""ovt_sel_req_pre"": ""0"", ""ovt_sel_req"": ""0"", ""ovt_buy_req"": ""0"", ""ovt_buy_req_pre"": ""0"", ""return_code"": 0, ""return_msg"": ""정상적으로 처리되었습니다""}"
2026-06-10,scan_candidate,024110,,0,main_scan,21100,,21100,21050,21100,20900,-1.1848341232227488,0.23696682464454977,,,,,,"{""bid_req_base_tm"": ""100022"", ""sel_10th_pre_req_pre"": ""0"", ""sel_10th_pre_req"": ""1289"", ""sel_10th_pre_bid"": ""+21550"", ""sel_9th_pre_req_pre"": ""0"", ""sel_9th_pre_req"": ""7810"", ""sel_9th_pre_bid"": ""+21500"", ""sel_8th_pre_req_pre"": ""0"", ""sel_8th_pre_req"": ""3158"", ""sel_8th_pre_bid"": ""+21450"", ""sel_7th_pre_req_pre"": ""0"", ""sel_7th_pre_req"": ""11633"", ""sel_7th_pre_bid"": ""+21400"", ""sel_6th_pre_req_pre"": ""0"", ""sel_6th_pre_req"": ""4725"", ""sel_6th_pre_bid"": ""+21350"", ""sel_5th_pre_req_pre"": ""0"", ""sel_5th_pre_req"": ""9547"", ""sel_5th_pre_bid"": ""+21300"", ""sel_4th_pre_req_pre"": ""0"", ""sel_4th_pre_req"": ""10242"", ""sel_4th_pre_bid"": ""+21250"", ""sel_3th_pre_req_pre"": ""0"", ""sel_3th_pre_req"": ""10723"", ""sel_3th_pre_bid"": ""+21200"", ""sel_2th_pre_req_pre"": ""0"", ""sel_2th_pre_req"": ""7283"", ""sel_2th_pre_bid"": ""+21150"", ""sel_1th_pre_req_pre"": ""0"", ""sel_fpr_req"": ""3923"", ""sel_fpr_bid"": ""+21100"", ""buy_fpr_bid"": ""+21050"", ""buy_fpr_req"": ""443"", ""buy_1th_pre_req_pre"": ""--511"", ""buy_2th_pre_bid"": ""+21000"", ""buy_2th_pre_req"": ""1713"", ""buy_2th_pre_req_pre"": ""0"", ""buy_3th_pre_bid"": ""+20950"", ""buy_3th_pre_req"": ""1203"", ""buy_3th_pre_req_pre"": ""0"", ""buy_4th_pre_bid"": ""+20900"", ""buy_4th_pre_req"": ""980"", ""buy_4th_pre_req_pre"": ""0"", ""buy_5th_pre_bid"": ""+20850"", ""buy_5th_pre_req"": ""290"", ""buy_5th_pre_req_pre"": ""0"", ""buy_6th_pre_bid"": ""+20800"", ""buy_6th_pre_req"": ""1213"", ""buy_6th_pre_req_pre"": ""0"", ""buy_7th_pre_bid"": ""+20750"", ""buy_7th_pre_req"": ""1383"", ""buy_7th_pre_req_pre"": ""0"", ""buy_8th_pre_bid"": ""+20700"", ""buy_8th_pre_req"": ""1930"", ""buy_8th_pre_req_pre"": ""0"", ""buy_9th_pre_bid"": ""+20650"", ""buy_9th_pre_req"": ""636"", ""buy_9th_pre_req_pre"": ""0"", ""buy_10th_pre_bid"": ""+20600"", ""buy_10th_pre_req"": ""1706"", ""buy_10th_pre_req_pre"": ""0"", ""tot_sel_req_jub_pre"": ""0"", ""tot_sel_req"": ""70333"", ""tot_buy_req"": ""11497"", ""tot_buy_req_jub_pre"": ""--511"", ""ovt_sel_req_pre"": ""0"", ""ovt_sel_req"": ""0"", ""ovt_buy_req"": ""0"", ""ovt_buy_req_pre"": ""0"", ""return_code"": 0, ""return_msg"": ""정상적으로 처리되었습니다""}"
2026-06-10,scan_candidate,079550,,0,main_scan,794000,,794000,793000,794000,788000,-0.8816120906801008,0.12594458438287154,,,,,,"{""bid_req_base_tm"": ""100022"", ""sel_10th_pre_req_pre"": ""0"", ""sel_10th_pre_req"": ""43"", ""sel_10th_pre_bid"": ""+803000"", ""sel_9th_pre_req_pre"": ""0"", ""sel_9th_pre_req"": ""19"", ""sel_9th_pre_bid"": ""+802000"", ""sel_8th_pre_req_pre"": ""0"", ""sel_8th_pre_req"": ""374"", ""sel_8th_pre_bid"": ""+801000"", ""sel_7th_pre_req_pre"": ""0"", ""sel_7th_pre_req"": ""1180"", ""sel_7th_pre_bid"": ""+800000"", ""sel_6th_pre_req_pre"": ""0"", ""sel_6th_pre_req"": ""273"", ""sel_6th_pre_bid"": ""+799000"", ""sel_5th_pre_req_pre"": ""0"", ""sel_5th_pre_req"": ""685"", ""sel_5th_pre_bid"": ""+798000"", ""sel_4th_pre_req_pre"": ""0"", ""sel_4th_pre_req"": ""588"", ""sel_4th_pre_bid"": ""+797000"", ""sel_3th_pre_req_pre"": ""0"", ""sel_3th_pre_req"": ""182"", ""sel_3th_pre_bid"": ""+796000"", ""sel_2th_pre_req_pre"": ""0"", ""sel_2th_pre_req"": ""2392"", ""sel_2th_pre_bid"": ""+795000"", ""sel_1th_pre_req_pre"": ""0"", ""sel_fpr_req"": ""504"", ""sel_fpr_bid"": ""+794000"", ""buy_fpr_bid"": ""+793000"", ""buy_fpr_req"": ""218"", ""buy_1th_pre_req_pre"": ""+1"", ""buy_2th_pre_bid"": ""+792000"", ""buy_2th_pre_req"": ""232"", ""buy_2th_pre_req_pre"": ""0"", ""buy_3th_pre_bid"": ""+791000"", ""buy_3th_pre_req"": ""36"", ""buy_3th_pre_req_pre"": ""0"", ""buy_4th_pre_bid"": ""+790000"", ""buy_4th_pre_req"": ""41"", ""buy_4th_pre_req_pre"": ""0"", ""buy_5th_pre_bid"": ""+789000"", ""buy_5th_pre_req"": ""16"", ""buy_5th_pre_req_pre"": ""0"", ""buy_6th_pre_bid"": ""+788000"", ""buy_6th_pre_req"": ""3"", ""buy_6th_pre_req_pre"": ""0"", ""buy_7th_pre_bid"": ""+787000"", ""buy_7th_pre_req"": ""4"", ""buy_7th_pre_req_pre"": ""0"", ""buy_8th_pre_bid"": ""+786000"", ""buy_8th_pre_req"": ""95"", ""buy_8th_pre_req_pre"": ""0"", ""buy_9th_pre_bid"": ""+785000"", ""buy_9th_pre_req"": ""56"", ""buy_9th_pre_req_pre"": ""0"", ""buy_10th_pre_bid"": ""+781000"", ""buy_10th_pre_req"": ""1"", ""buy_10th_pre_req_pre"": ""0"", ""tot_sel_req_jub_pre"": ""0"", ""tot_sel_req"": ""6240"", ""tot_buy_req"": ""702"", ""tot_buy_req_jub_pre"": ""+1"", ""ovt_sel_req_pre"": ""0"", ""ovt_sel_req"": ""0"", ""ovt_buy_req"": ""0"", ""ovt_buy_req_pre"": ""0"", ""return_code"": 0, ""return_msg"": ""정상적으로 처리되었습니다""}"
2026-06-10,scan_candidate,278470,,0,main_scan,417500,,417500,417000,417500,415500,-0.5988023952095809,0.11976047904191617,,,,,,"{""bid_req_base_tm"": ""100020"", ""sel_10th_pre_req_pre"": ""0"", ""sel_10th_pre_req"": ""359"", ""sel_10th_pre_bid"": ""+422000"", ""sel_9th_pre_req_pre"": ""0"", ""sel_9th_pre_req"": ""77"", ""sel_9th_pre_bid"": ""+421500"", ""sel_8th_pre_req_pre"": ""0"", ""sel_8th_pre_req"": ""395"", ""sel_8th_pre_bid"": ""+421000"", ""sel_7th_pre_req_pre"": ""0"", ""sel_7th_pre_req"": ""397"", ""sel_7th_pre_bid"": ""+420500"", ""sel_6th_pre_req_pre"": ""+10"", ""sel_6th_pre_req"": ""2368"", ""sel_6th_pre_bid"": ""+420000"", ""sel_5th_pre_req_pre"": ""0"", ""sel_5th_pre_req"": ""695"", ""sel_5th_pre_bid"": ""+419500"", ""sel_4th_pre_req_pre"": ""0"", ""sel_4th_pre_req"": ""372"", ""sel_4th_pre_bid"": ""+419000"", ""sel_3th_pre_req_pre"": ""0"", ""sel_3th_pre_req"": ""123"", ""sel_3th_pre_bid"": ""+418500"", ""sel_2th_pre_req_pre"": ""0"", ""sel_2th_pre_req"": ""385"", ""sel_2th_pre_bid"": ""+418000"", ""sel_1th_pre_req_pre"": ""--11"", ""sel_fpr_req"": ""447"", ""sel_fpr_bid"": ""+417500"", ""buy_fpr_bid"": ""+417000"", ""buy_fpr_req"": ""143"", ""buy_1th_pre_req_pre"": ""0"", ""buy_2th_pre_bid"": ""+416500"", ""buy_2th_pre_req"": ""117"", ""buy_2th_pre_req_pre"": ""0"", ""buy_3th_pre_bid"": ""+416000"", ""buy_3th_pre_req"": ""34"", ""buy_3th_pre_req_pre"": ""0"", ""buy_4th_pre_bid"": ""+415500"", ""buy_4th_pre_req"": ""138"", ""buy_4th_pre_req_pre"": ""0"", ""buy_5th_pre_bid"": ""+415000"", ""buy_5th_pre_req"": ""207"", ""buy_5th_pre_req_pre"": ""0"", ""buy_6th_pre_bid"": ""+414500"", ""buy_6th_pre_req"": ""294"", ""buy_6th_pre_req_pre"": ""0"", ""buy_7th_pre_bid"": ""+414000"", ""buy_7th_pre_req"": ""8"", ""buy_7th_pre_req_pre"": ""0"", ""buy_8th_pre_bid"": ""+413500"", ""buy_8th_pre_req"": ""110"", ""buy_8th_pre_req_pre"": ""0"", ""buy_9th_pre_bid"": ""+413000"", ""buy_9th_pre_req"": ""29"", ""buy_9th_pre_req_pre"": ""0"", ""buy_10th_pre_bid"": ""+412500"", ""buy_10th_pre_req"": ""96"", ""buy_10th_pre_req_pre"": ""0"", ""tot_sel_req_jub_pre"": ""--1"", ""tot_sel_req"": ""5618"", ""tot_buy_req"": ""1176"", ""tot_buy_req_jub_pre"": ""0"", ""ovt_sel_req_pre"": ""0"", ""ovt_sel_req"": ""0"", ""ovt_buy_req"": ""0"", ""ovt_buy_req_pre"": ""0"", ""return_code"": 0, ""return_msg"": ""정상적으로 처리되었습니다""}"
2026-06-10,scan_candidate,030200,,0,main_scan,54900,,54900,54800,54900,54800,-0.36429872495446264,0.18214936247723132,,,,,,"{""bid_req_base_tm"": ""100021"", ""sel_10th_pre_req_pre"": ""0"", ""sel_10th_pre_req"": ""1202"", ""sel_10th_pre_bid"": ""+55800"", ""sel_9th_pre_req_pre"": ""0"", ""sel_9th_pre_req"": ""51"", ""sel_9th_pre_bid"": ""+55700"", ""sel_8th_pre_req_pre"": ""0"", ""sel_8th_pre_req"": ""101"", ""sel_8th_pre_bid"": ""+55600"", ""sel_7th_pre_req_pre"": ""0"", ""sel_7th_pre_req"": ""493"", ""sel_7th_pre_bid"": ""+55500"", ""sel_6th_pre_req_pre"": ""0"", ""sel_6th_pre_req"": ""1011"", ""sel_6th_pre_bid"": ""+55400"", ""sel_5th_pre_req_pre"": ""0"", ""sel_5th_pre_req"": ""563"", ""sel_5th_pre_bid"": ""+55300"", ""sel_4th_pre_req_pre"": ""0"", ""sel_4th_pre_req"": ""209"", ""sel_4th_pre_bid"": ""+55200"", ""sel_3th_pre_req_pre"": ""0"", ""sel_3th_pre_req"": ""439"", ""sel_3th_pre_bid"": ""+55100"", ""sel_2th_pre_req_pre"": ""0"", ""sel_2th_pre_req"": ""2368"", ""sel_2th_pre_bid"": ""+55000"", ""sel_1th_pre_req_pre"": ""0"", ""sel_fpr_req"": ""1109"", ""sel_fpr_bid"": ""+54900"", ""buy_fpr_bid"": ""+54800"", ""buy_fpr_req"": ""211"", ""buy_1th_pre_req_pre"": ""--1"", ""buy_2th_pre_bid"": ""+54700"", ""buy_2th_pre_req"": ""200"", ""buy_2th_pre_req_pre"": ""0"", ""buy_3th_pre_bid"": ""+54600"", ""buy_3th_pre_req"": ""1040"", ""buy_3th_pre_req_pre"": ""0"", ""buy_4th_pre_bid"": ""+54500"", ""buy_4th_pre_req"": ""463"", ""buy_4th_pre_req_pre"": ""0"", ""buy_5th_pre_bid"": ""+54400"", ""buy_5th_pre_req"": ""74"", ""buy_5th_pre_req_pre"": ""0"", ""buy_6th_pre_bid"": ""+54300"", ""buy_6th_pre_req"": ""252"", ""buy_6th_pre_req_pre"": ""0"", ""buy_7th_pre_bid"": ""+54200"", ""buy_7th_pre_req"": ""1191"", ""buy_7th_pre_req_pre"": ""0"", ""buy_8th_pre_bid"": ""+54100"", ""buy_8th_pre_req"": ""252"", ""buy_8th_pre_req_pre"": ""0"", ""buy_9th_pre_bid"": ""+54000"", ""buy_9th_pre_req"": ""3649"", ""buy_9th_pre_req_pre"": ""0"", ""buy_10th_pre_bid"": ""+53900"", ""buy_10th_pre_req"": ""493"", ""buy_10th_pre_req_pre"": ""0"", ""tot_sel_req_jub_pre"": ""0"", ""tot_sel_req"": ""7546"", ""tot_buy_req"": ""7825"", ""tot_buy_req_jub_pre"": ""--1"", ""ovt_sel_req_pre"": ""0"", ""ovt_sel_req"": ""0"", ""ovt_buy_req"": ""0"", ""ovt_buy_req_pre"": ""0"", ""return_code"": 0, ""return_msg"": ""정상적으로 처리되었습니다""}"
2026-06-10,scan_candidate,010950,,0,main_scan,109800,,109800,109700,109800,110000,-0.273224043715847,0.09107468123861566,,,,,,"{""bid_req_base_tm"": ""100023"", ""sel_10th_pre_req_pre"": ""0"", ""sel_10th_pre_req"": ""58"", ""sel_10th_pre_bid"": ""+111000"", ""sel_9th_pre_req_pre"": ""0"", ""sel_9th_pre_req"": ""5"", ""sel_9th_pre_bid"": ""110900"", ""sel_8th_pre_req_pre"": ""0"", ""sel_8th_pre_req"": ""12"", ""sel_8th_pre_bid"": ""-110800"", ""sel_7th_pre_req_pre"": ""0"", ""sel_7th_pre_req"": ""52"", ""sel_7th_pre_bid"": ""-110700"", ""sel_6th_pre_req_pre"": ""0"", ""sel_6th_pre_req"": ""10"", ""sel_6th_pre_bid"": ""-110600"", ""sel_5th_pre_req_pre"": ""0"", ""sel_5th_pre_req"": ""6"", ""sel_5th_pre_bid"": ""-110400"", ""sel_4th_pre_req_pre"": ""0"", ""sel_4th_pre_req"": ""50"", ""sel_4th_pre_bid"": ""-110200"", ""sel_3th_pre_req_pre"": ""0"", ""sel_3th_pre_req"": ""53"", ""sel_3th_pre_bid"": ""-110000"", ""sel_2th_pre_req_pre"": ""0"", ""sel_2th_pre_req"": ""10"", ""sel_2th_pre_bid"": ""-109900"", ""sel_1th_pre_req_pre"": ""0"", ""sel_fpr_req"": ""46"", ""sel_fpr_bid"": ""-109800"", ""buy_fpr_bid"": ""-109700"", ""buy_fpr_req"": ""40"", ""buy_1th_pre_req_pre"": ""+7"", ""buy_2th_pre_bid"": ""-109300"", ""buy_2th_pre_req"": ""136"", ""buy_2th_pre_req_pre"": ""0"", ""buy_3th_pre_bid"": ""-109200"", ""buy_3th_pre_req"": ""34"", ""buy_3th_pre_req_pre"": ""0"", ""buy_4th_pre_bid"": ""-109100"", ""buy_4th_pre_req"": ""15"", ""buy_4th_pre_req_pre"": ""0"", ""buy_5th_pre_bid"": ""-109000"", ""buy_5th_pre_req"": ""142"", ""buy_5th_pre_req_pre"": ""0"", ""buy_6th_pre_bid"": ""-108900"", ""buy_6th_pre_req"": ""150"", ""buy_6th_pre_req_pre"": ""0"", ""buy_7th_pre_bid"": ""-108800"", ""buy_7th_pre_req"": ""303"", ""buy_7th_pre_req_pre"": ""0"", ""buy_8th_pre_bid"": ""-108700"", ""buy_8th_pre_req"": ""20"", ""buy_8th_pre_req_pre"": ""0"", ""buy_9th_pre_bid"": ""-108600"", ""buy_9th_pre_req"": ""145"", ""buy_9th_pre_req_pre"": ""0"", ""buy_10th_pre_bid"": ""-108500"", ""buy_10th_pre_req"": ""63"", ""buy_10th_pre_req_pre"": ""0"", ""tot_sel_req_jub_pre"": ""0"", ""tot_sel_req"": ""302"", ""tot_buy_req"": ""1048"", ""tot_buy_req_jub_pre"": ""+7"", ""ovt_sel_req_pre"": ""0"", ""ovt_sel_req"": ""0"", ""ovt_buy_req"": ""0"", ""ovt_buy_req_pre"": ""0"", ""return_code"": 0, ""return_msg"": ""정상적으로 처리되었습니다""}"
2026-06-10,scan_candidate,323410,,0,main_scan,24650,,24650,24600,24650,24450,-1.0141987829614605,0.2028397565922921,,,,,,"{""bid_req_base_tm"": ""100023"", ""sel_10th_pre_req_pre"": ""0"", ""sel_10th_pre_req"": ""1338"", ""sel_10th_pre_bid"": ""+25100"", ""sel_9th_pre_req_pre"": ""0"", ""sel_9th_pre_req"": ""971"", ""sel_9th_pre_bid"": ""+25050"", ""sel_8th_pre_req_pre"": ""0"", ""sel_8th_pre_req"": ""10865"", ""sel_8th_pre_bid"": ""+25000"", ""sel_7th_pre_req_pre"": ""0"", ""sel_7th_pre_req"": ""8120"", ""sel_7th_pre_bid"": ""+24950"", ""sel_6th_pre_req_pre"": ""0"", ""sel_6th_pre_req"": ""3099"", ""sel_6th_pre_bid"": ""+24900"", ""sel_5th_pre_req_pre"": ""0"", ""sel_5th_pre_req"": ""5669"", ""sel_5th_pre_bid"": ""+24850"", ""sel_4th_pre_req_pre"": ""0"", ""sel_4th_pre_req"": ""7336"", ""sel_4th_pre_bid"": ""+24800"", ""sel_3th_pre_req_pre"": ""0"", ""sel_3th_pre_req"": ""4886"", ""sel_3th_pre_bid"": ""+24750"", ""sel_2th_pre_req_pre"": ""0"", ""sel_2th_pre_req"": ""5094"", ""sel_2th_pre_bid"": ""+24700"", ""sel_1th_pre_req_pre"": ""0"", ""sel_fpr_req"": ""3941"", ""sel_fpr_bid"": ""+24650"", ""buy_fpr_bid"": ""+24600"", ""buy_fpr_req"": ""6313"", ""buy_1th_pre_req_pre"": ""0"", ""buy_2th_pre_bid"": ""+24550"", ""buy_2th_pre_req"": ""2515"", ""buy_2th_pre_req_pre"": ""0"", ""buy_3th_pre_bid"": ""+24500"", ""buy_3th_pre_req"": ""1384"", ""buy_3th_pre_req_pre"": ""0"", ""buy_4th_pre_bid"": ""+24450"", ""buy_4th_pre_req"": ""1434"", ""buy_4th_pre_req_pre"": ""0"", ""buy_5th_pre_bid"": ""24400"", ""buy_5th_pre_req"": ""797"", ""buy_5th_pre_req_pre"": ""0"", ""buy_6th_pre_bid"": ""-24350"", ""buy_6th_pre_req"": ""2609"", ""buy_6th_pre_req_pre"": ""0"", ""buy_7th_pre_bid"": ""-24300"", ""buy_7th_pre_req"": ""2379"", ""buy_7th_pre_req_pre"": ""0"", ""buy_8th_pre_bid"": ""-24250"", ""buy_8th_pre_req"": ""951"", ""buy_8th_pre_req_pre"": ""0"", ""buy_9th_pre_bid"": ""-24200"", ""buy_9th_pre_req"": ""991"", ""buy_9th_pre_req_pre"": ""0"", ""buy_10th_pre_bid"": ""-24150"", ""buy_10th_pre_req"": ""1186"", ""buy_10th_pre_req_pre"": ""0"", ""tot_sel_req_jub_pre"": ""0"", ""tot_sel_req"": ""51319"", ""tot_buy_req"": ""20559"", ""tot_buy_req_jub_pre"": ""0"", ""ovt_sel_req_pre"": ""0"", ""ovt_sel_req"": ""0"", ""ovt_buy_req"": ""0"", ""ovt_buy_req_pre"": ""0"", ""return_code"": 0, ""return_msg"": ""정상적으로 처리되었습니다""}"
2026-06-10,scan_candidate,064400,,0,main_scan,96800,,96800,96500,96800,96800,-0.10330578512396695,0.30991735537190085,,,,,,"{""bid_req_base_tm"": ""100023"", ""sel_10th_pre_req_pre"": ""0"", ""sel_10th_pre_req"": ""49"", ""sel_10th_pre_bid"": ""-97700"", ""sel_9th_pre_req_pre"": ""0"", ""sel_9th_pre_req"": ""54"", ""sel_9th_pre_bid"": ""-97600"", ""sel_8th_pre_req_pre"": ""0"", ""sel_8th_pre_req"": ""112"", ""sel_8th_pre_bid"": ""-97500"", ""sel_7th_pre_req_pre"": ""0"", ""sel_7th_pre_req"": ""453"", ""sel_7th_pre_bid"": ""-97400"", ""sel_6th_pre_req_pre"": ""0"", ""sel_6th_pre_req"": ""49"", ""sel_6th_pre_bid"": ""-97300"", ""sel_5th_pre_req_pre"": ""0"", ""sel_5th_pre_req"": ""330"", ""sel_5th_pre_bid"": ""-97200"", ""sel_4th_pre_req_pre"": ""0"", ""sel_4th_pre_req"": ""75"", ""sel_4th_pre_bid"": ""-97100"", ""sel_3th_pre_req_pre"": ""0"", ""sel_3th_pre_req"": ""844"", ""sel_3th_pre_bid"": ""-97000"", ""sel_2th_pre_req_pre"": ""0"", ""sel_2th_pre_req"": ""232"", ""sel_2th_pre_bid"": ""-96900"", ""sel_1th_pre_req_pre"": ""0"", ""sel_fpr_req"": ""351"", ""sel_fpr_bid"": ""-96800"", ""buy_fpr_bid"": ""-96500"", ""buy_fpr_req"": ""271"", ""buy_1th_pre_req_pre"": ""0"", ""buy_2th_pre_bid"": ""-96400"", ""buy_2th_pre_req"": ""1320"", ""buy_2th_pre_req_pre"": ""0"", ""buy_3th_pre_bid"": ""-96300"", ""buy_3th_pre_req"": ""372"", ""buy_3th_pre_req_pre"": ""+1"", ""buy_4th_pre_bid"": ""-96200"", ""buy_4th_pre_req"": ""275"", ""buy_4th_pre_req_pre"": ""--1"", ""buy_5th_pre_bid"": ""-96100"", ""buy_5th_pre_req"": ""282"", ""buy_5th_pre_req_pre"": ""0"", ""buy_6th_pre_bid"": ""-96000"", ""buy_6th_pre_req"": ""428"", ""buy_6th_pre_req_pre"": ""0"", ""buy_7th_pre_bid"": ""-95900"", ""buy_7th_pre_req"": ""1387"", ""buy_7th_pre_req_pre"": ""0"", ""buy_8th_pre_bid"": ""-95800"", ""buy_8th_pre_req"": ""218"", ""buy_8th_pre_req_pre"": ""0"", ""buy_9th_pre_bid"": ""-95700"", ""buy_9th_pre_req"": ""425"", ""buy_9th_pre_req_pre"": ""0"", ""buy_10th_pre_bid"": ""-95600"", ""buy_10th_pre_req"": ""616"", ""buy_10th_pre_req_pre"": ""0"", ""tot_sel_req_jub_pre"": ""0"", ""tot_sel_req"": ""2549"", ""tot_buy_req"": ""5594"", ""tot_buy_req_jub_pre"": ""0"", ""ovt_sel_req_pre"": ""0"", ""ovt_sel_req"": ""0"", ""ovt_buy_req"": ""0"", ""ovt_buy_req_pre"": ""0"", ""return_code"": 0, ""return_msg"": ""정상적으로 처리되었습니다""}"
2026-06-10,scan_candidate,003490,,0,main_scan,25850,,25850,25800,25850,25650,-0.9671179883945842,0.19342359767891684,,,,,,"{""bid_req_base_tm"": ""100023"", ""sel_10th_pre_req_pre"": ""0"", ""sel_10th_pre_req"": ""4290"", ""sel_10th_pre_bid"": ""+26300"", ""sel_9th_pre_req_pre"": ""0"", ""sel_9th_pre_req"": ""1279"", ""sel_9th_pre_bid"": ""+26250"", ""sel_8th_pre_req_pre"": ""0"", ""sel_8th_pre_req"": ""8577"", ""sel_8th_pre_bid"": ""+26200"", ""sel_7th_pre_req_pre"": ""0"", ""sel_7th_pre_req"": ""4933"", ""sel_7th_pre_bid"": ""+26150"", ""sel_6th_pre_req_pre"": ""0"", ""sel_6th_pre_req"": ""4229"", ""sel_6th_pre_bid"": ""+26100"", ""sel_5th_pre_req_pre"": ""0"", ""sel_5th_pre_req"": ""4019"", ""sel_5th_pre_bid"": ""+26050"", ""sel_4th_pre_req_pre"": ""0"", ""sel_4th_pre_req"": ""34734"", ""sel_4th_pre_bid"": ""+26000"", ""sel_3th_pre_req_pre"": ""0"", ""sel_3th_pre_req"": ""21743"", ""sel_3th_pre_bid"": ""+25950"", ""sel_2th_pre_req_pre"": ""+810"", ""sel_2th_pre_req"": ""14296"", ""sel_2th_pre_bid"": ""+25900"", ""sel_1th_pre_req_pre"": ""+25"", ""sel_fpr_req"": ""7049"", ""sel_fpr_bid"": ""+25850"", ""buy_fpr_bid"": ""+25800"", ""buy_fpr_req"": ""2404"", ""buy_1th_pre_req_pre"": ""0"", ""buy_2th_pre_bid"": ""+25750"", ""buy_2th_pre_req"": ""104"", ""buy_2th_pre_req_pre"": ""0"", ""buy_3th_pre_bid"": ""+25700"", ""buy_3th_pre_req"": ""1036"", ""buy_3th_pre_req_pre"": ""0"", ""buy_4th_pre_bid"": ""+25650"", ""buy_4th_pre_req"": ""565"", ""buy_4th_pre_req_pre"": ""+10"", ""buy_5th_pre_bid"": ""+25600"", ""buy_5th_pre_req"": ""2572"", ""buy_5th_pre_req_pre"": ""0"", ""buy_6th_pre_bid"": ""+25550"", ""buy_6th_pre_req"": ""2219"", ""buy_6th_pre_req_pre"": ""0"", ""buy_7th_pre_bid"": ""+25500"", ""buy_7th_pre_req"": ""1064"", ""buy_7th_pre_req_pre"": ""0"", ""buy_8th_pre_bid"": ""+25450"", ""buy_8th_pre_req"": ""1836"", ""buy_8th_pre_req_pre"": ""0"", ""buy_9th_pre_bid"": ""+25400"", ""buy_9th_pre_req"": ""4224"", ""buy_9th_pre_req_pre"": ""0"", ""buy_10th_pre_bid"": ""+25350"", ""buy_10th_pre_req"": ""6795"", ""buy_10th_pre_req_pre"": ""0"", ""tot_sel_req_jub_pre"": ""+835"", ""tot_sel_req"": ""105149"", ""tot_buy_req"": ""22819"", ""tot_buy_req_jub_pre"": ""+10"", ""ovt_sel_req_pre"": ""0"", ""ovt_sel_req"": ""0"", ""ovt_buy_req"": ""0"", ""ovt_buy_req_pre"": ""0"", ""return_code"": 0, ""return_msg"": ""정상적으로 처리되었습니다""}"
2026-06-10,scan_candidate,161390,,0,main_scan,72000,,72000,71900,72000,72300,0.2777777777777778,0.1388888888888889,,,,,,"{""bid_req_base_tm"": ""100023"", ""sel_10th_pre_req_pre"": ""0"", ""sel_10th_pre_req"": ""8"", ""sel_10th_pre_bid"": ""-72900"", ""sel_9th_pre_req_pre"": ""0"", ""sel_9th_pre_req"": ""2"", ""sel_9th_pre_bid"": ""-72800"", ""sel_8th_pre_req_pre"": ""0"", ""sel_8th_pre_req"": ""112"", ""sel_8th_pre_bid"": ""-72700"", ""sel_7th_pre_req_pre"": ""0"", ""sel_7th_pre_req"": ""18"", ""sel_7th_pre_bid"": ""-72600"", ""sel_6th_pre_req_pre"": ""0"", ""sel_6th_pre_req"": ""186"", ""sel_6th_pre_bid"": ""-72500"", ""sel_5th_pre_req_pre"": ""0"", ""sel_5th_pre_req"": ""44"", ""sel_5th_pre_bid"": ""-72400"", ""sel_4th_pre_req_pre"": ""0"", ""sel_4th_pre_req"": ""34"", ""sel_4th_pre_bid"": ""-72300"", ""sel_3th_pre_req_pre"": ""0"", ""sel_3th_pre_req"": ""12"", ""sel_3th_pre_bid"": ""-72200"", ""sel_2th_pre_req_pre"": ""0"", ""sel_2th_pre_req"": ""272"", ""sel_2th_pre_bid"": ""-72100"", ""sel_1th_pre_req_pre"": ""+33"", ""sel_fpr_req"": ""877"", ""sel_fpr_bid"": ""-72000"", ""buy_fpr_bid"": ""-71900"", ""buy_fpr_req"": ""1513"", ""buy_1th_pre_req_pre"": ""0"", ""buy_2th_pre_bid"": ""-71800"", ""buy_2th_pre_req"": ""318"", ""buy_2th_pre_req_pre"": ""0"", ""buy_3th_pre_bid"": ""-71700"", ""buy_3th_pre_req"": ""151"", ""buy_3th_pre_req_pre"": ""0"", ""buy_4th_pre_bid"": ""-71600"", ""buy_4th_pre_req"": ""106"", ""buy_4th_pre_req_pre"": ""0"", ""buy_5th_pre_bid"": ""-71500"", ""buy_5th_pre_req"": ""67"", ""buy_5th_pre_req_pre"": ""0"", ""buy_6th_pre_bid"": ""-71400"", ""buy_6th_pre_req"": ""155"", ""buy_6th_pre_req_pre"": ""0"", ""buy_7th_pre_bid"": ""-71300"", ""buy_7th_pre_req"": ""16"", ""buy_7th_pre_req_pre"": ""0"", ""buy_8th_pre_bid"": ""-71200"", ""buy_8th_pre_req"": ""361"", ""buy_8th_pre_req_pre"": ""0"", ""buy_9th_pre_bid"": ""-71100"", ""buy_9th_pre_req"": ""254"", ""buy_9th_pre_req_pre"": ""0"", ""buy_10th_pre_bid"": ""-71000"", ""buy_10th_pre_req"": ""1003"", ""buy_10th_pre_req_pre"": ""0"", ""tot_sel_req_jub_pre"": ""+33"", ""tot_sel_req"": ""1565"", ""tot_buy_req"": ""3944"", ""tot_buy_req_jub_pre"": ""0"", ""ovt_sel_req_pre"": ""0"", ""ovt_sel_req"": ""0"", ""ovt_buy_req"": ""0"", ""ovt_buy_req_pre"": ""0"", ""return_code"": 0, ""return_msg"": ""정상적으로 처리되었습니다""}"
2026-06-10,scan_candidate,000880,,0,main_scan,119500,,119500,119300,119500,119000,-0.8368200836820083,0.16736401673640167,,,,,,"{""bid_req_base_tm"": ""100023"", ""sel_10th_pre_req_pre"": ""0"", ""sel_10th_pre_req"": ""105"", ""sel_10th_pre_bid"": ""+120500"", ""sel_9th_pre_req_pre"": ""0"", ""sel_9th_pre_req"": ""55"", ""sel_9th_pre_bid"": ""+120400"", ""sel_8th_pre_req_pre"": ""0"", ""sel_8th_pre_req"": ""568"", ""sel_8th_pre_bid"": ""+120200"", ""sel_7th_pre_req_pre"": ""0"", ""sel_7th_pre_req"": ""50"", ""sel_7th_pre_bid"": ""+120100"", ""sel_6th_pre_req_pre"": ""0"", ""sel_6th_pre_req"": ""317"", ""sel_6th_pre_bid"": ""+120000"", ""sel_5th_pre_req_pre"": ""0"", ""sel_5th_pre_req"": ""60"", ""sel_5th_pre_bid"": ""+119900"", ""sel_4th_pre_req_pre"": ""0"", ""sel_4th_pre_req"": ""10"", ""sel_4th_pre_bid"": ""+119800"", ""sel_3th_pre_req_pre"": ""0"", ""sel_3th_pre_req"": ""91"", ""sel_3th_pre_bid"": ""+119700"", ""sel_2th_pre_req_pre"": ""0"", ""sel_2th_pre_req"": ""4"", ""sel_2th_pre_bid"": ""+119600"", ""sel_1th_pre_req_pre"": ""0"", ""sel_fpr_req"": ""47"", ""sel_fpr_bid"": ""+119500"", ""buy_fpr_bid"": ""+119300"", ""buy_fpr_req"": ""10"", ""buy_1th_pre_req_pre"": ""0"", ""buy_2th_pre_bid"": ""+119100"", ""buy_2th_pre_req"": ""292"", ""buy_2th_pre_req_pre"": ""0"", ""buy_3th_pre_bid"": ""+118900"", ""buy_3th_pre_req"": ""73"", ""buy_3th_pre_req_pre"": ""0"", ""buy_4th_pre_bid"": ""+118700"", ""buy_4th_pre_req"": ""143"", ""buy_4th_pre_req_pre"": ""0"", ""buy_5th_pre_bid"": ""+118500"", ""buy_5th_pre_req"": ""4"", ""buy_5th_pre_req_pre"": ""0"", ""buy_6th_pre_bid"": ""+118400"", ""buy_6th_pre_req"": ""7"", ""buy_6th_pre_req_pre"": ""0"", ""buy_7th_pre_bid"": ""+118300"", ""buy_7th_pre_req"": ""569"", ""buy_7th_pre_req_pre"": ""0"", ""buy_8th_pre_bid"": ""+118200"", ""buy_8th_pre_req"": ""10"", ""buy_8th_pre_req_pre"": ""0"", ""buy_9th_pre_bid"": ""+118100"", ""buy_9th_pre_req"": ""9"", ""buy_9th_pre_req_pre"": ""0"", ""buy_10th_pre_bid"": ""+118000"", ""buy_10th_pre_req"": ""1"", ""buy_10th_pre_req_pre"": ""0"", ""tot_sel_req_jub_pre"": ""+87"", ""tot_sel_req"": ""1307"", ""tot_buy_req"": ""1118"", ""tot_buy_req_jub_pre"": ""+9"", ""ovt_sel_req_pre"": ""0"", ""ovt_sel_req"": ""0"", ""ovt_buy_req"": ""0"", ""ovt_buy_req_pre"": ""0"", ""return_code"": 0, ""return_msg"": ""정상적으로 처리되었습니다""}"
2026-06-10,scan_candidate,180640,,0,main_scan,120000,,120000,119600,120000,119000,-1.25,0.33333333333333337,,,,,,"{""bid_req_base_tm"": ""100024"", ""sel_10th_pre_req_pre"": ""0"", ""sel_10th_pre_req"": ""598"", ""sel_10th_pre_bid"": ""+121000"", ""sel_9th_pre_req_pre"": ""0"", ""sel_9th_pre_req"": ""31"", ""sel_9th_pre_bid"": ""+120900"", ""sel_8th_pre_req_pre"": ""0"", ""sel_8th_pre_req"": ""25"", ""sel_8th_pre_bid"": ""+120800"", ""sel_7th_pre_req_pre"": ""0"", ""sel_7th_pre_req"": ""9"", ""sel_7th_pre_bid"": ""+120700"", ""sel_6th_pre_req_pre"": ""0"", ""sel_6th_pre_req"": ""50"", ""sel_6th_pre_bid"": ""+120600"", ""sel_5th_pre_req_pre"": ""0"", ""sel_5th_pre_req"": ""122"", ""sel_5th_pre_bid"": ""+120500"", ""sel_4th_pre_req_pre"": ""0"", ""sel_4th_pre_req"": ""133"", ""sel_4th_pre_bid"": ""+120300"", ""sel_3th_pre_req_pre"": ""0"", ""sel_3th_pre_req"": ""26"", ""sel_3th_pre_bid"": ""+120200"", ""sel_2th_pre_req_pre"": ""0"", ""sel_2th_pre_req"": ""2"", ""sel_2th_pre_bid"": ""+120100"", ""sel_1th_pre_req_pre"": ""0"", ""sel_fpr_req"": ""18"", ""sel_fpr_bid"": ""+120000"", ""buy_fpr_bid"": ""+119600"", ""buy_fpr_req"": ""7"", ""buy_1th_pre_req_pre"": ""0"", ""buy_2th_pre_bid"": ""+119500"", ""buy_2th_pre_req"": ""25"", ""buy_2th_pre_req_pre"": ""+8"", ""buy_3th_pre_bid"": ""+119400"", ""buy_3th_pre_req"": ""50"", ""buy_3th_pre_req_pre"": ""0"", ""buy_4th_pre_bid"": ""+119300"", ""buy_4th_pre_req"": ""20"", ""buy_4th_pre_req_pre"": ""0"", ""buy_5th_pre_bid"": ""+119200"", ""buy_5th_pre_req"": ""4"", ""buy_5th_pre_req_pre"": ""0"", ""buy_6th_pre_bid"": ""+119100"", ""buy_6th_pre_req"": ""67"", ""buy_6th_pre_req_pre"": ""0"", ""buy_7th_pre_bid"": ""+118900"", ""buy_7th_pre_req"": ""14"", ""buy_7th_pre_req_pre"": ""0"", ""buy_8th_pre_bid"": ""+118800"", ""buy_8th_pre_req"": ""56"", ""buy_8th_pre_req_pre"": ""0"", ""buy_9th_pre_bid"": ""+118100"", ""buy_9th_pre_req"": ""3"", ""buy_9th_pre_req_pre"": ""0"", ""buy_10th_pre_bid"": ""+117900"", ""buy_10th_pre_req"": ""67"", ""buy_10th_pre_req_pre"": ""0"", ""tot_sel_req_jub_pre"": ""0"", ""tot_sel_req"": ""1014"", ""tot_buy_req"": ""313"", ""tot_buy_req_jub_pre"": ""+8"", ""ovt_sel_req_pre"": ""0"", ""ovt_sel_req"": ""0"", ""ovt_buy_req"": ""0"", ""ovt_buy_req_pre"": ""0"", ""return_code"": 0, ""return_msg"": ""정상적으로 처리되었습니다""}"
2026-06-10,scan_candidate,454910,,0,main_scan,110100,,110100,110000,110100,110000,-0.544959128065395,0.09082652134423251,,,,,,"{""bid_req_base_tm"": ""100024"", ""sel_10th_pre_req_pre"": ""0"", ""sel_10th_pre_req"": ""1074"", ""sel_10th_pre_bid"": ""-111000"", ""sel_9th_pre_req_pre"": ""0"", ""sel_9th_pre_req"": ""172"", ""sel_9th_pre_bid"": ""-110900"", ""sel_8th_pre_req_pre"": ""0"", ""sel_8th_pre_req"": ""269"", ""sel_8th_pre_bid"": ""-110800"", ""sel_7th_pre_req_pre"": ""0"", ""sel_7th_pre_req"": ""40"", ""sel_7th_pre_bid"": ""-110700"", ""sel_6th_pre_req_pre"": ""--10"", ""sel_6th_pre_req"": ""1024"", ""sel_6th_pre_bid"": ""-110600"", ""sel_5th_pre_req_pre"": ""0"", ""sel_5th_pre_req"": ""467"", ""sel_5th_pre_bid"": ""-110500"", ""sel_4th_pre_req_pre"": ""0"", ""sel_4th_pre_req"": ""295"", ""sel_4th_pre_bid"": ""-110400"", ""sel_3th_pre_req_pre"": ""0"", ""sel_3th_pre_req"": ""111"", ""sel_3th_pre_bid"": ""-110300"", ""sel_2th_pre_req_pre"": ""0"", ""sel_2th_pre_req"": ""134"", ""sel_2th_pre_bid"": ""-110200"", ""sel_1th_pre_req_pre"": ""--10"", ""sel_fpr_req"": ""187"", ""sel_fpr_bid"": ""-110100"", ""buy_fpr_bid"": ""-110000"", ""buy_fpr_req"": ""222"", ""buy_1th_pre_req_pre"": ""0"", ""buy_2th_pre_bid"": ""-109900"", ""buy_2th_pre_req"": ""26"", ""buy_2th_pre_req_pre"": ""0"", ""buy_3th_pre_bid"": ""-109800"", ""buy_3th_pre_req"": ""80"", ""buy_3th_pre_req_pre"": ""0"", ""buy_4th_pre_bid"": ""-109700"", ""buy_4th_pre_req"": ""445"", ""buy_4th_pre_req_pre"": ""0"", ""buy_5th_pre_bid"": ""-109600"", ""buy_5th_pre_req"": ""992"", ""buy_5th_pre_req_pre"": ""0"", ""buy_6th_pre_bid"": ""-109500"", ""buy_6th_pre_req"": ""2054"", ""buy_6th_pre_req_pre"": ""0"", ""buy_7th_pre_bid"": ""-109400"", ""buy_7th_pre_req"": ""830"", ""buy_7th_pre_req_pre"": ""0"", ""buy_8th_pre_bid"": ""-109300"", ""buy_8th_pre_req"": ""764"", ""buy_8th_pre_req_pre"": ""0"", ""buy_9th_pre_bid"": ""-109200"", ""buy_9th_pre_req"": ""1798"", ""buy_9th_pre_req_pre"": ""0"", ""buy_10th_pre_bid"": ""-109100"", ""buy_10th_pre_req"": ""1685"", ""buy_10th_pre_req_pre"": ""0"", ""tot_sel_req_jub_pre"": ""--20"", ""tot_sel_req"": ""3773"", ""tot_buy_req"": ""8896"", ""tot_buy_req_jub_pre"": ""0"", ""ovt_sel_req_pre"": ""0"", ""ovt_sel_req"": ""0"", ""ovt_buy_req"": ""0"", ""ovt_buy_req_pre"": ""0"", ""return_code"": 0, ""return_msg"": ""정상적으로 처리되었습니다""}"
2026-06-10,scan_candidate,353200,,0,main_scan,157400,,157400,157300,157400,156500,-0.8894536213468869,0.06353240152477764,,,,,,"{""bid_req_base_tm"": ""100024"", ""sel_10th_pre_req_pre"": ""0"", ""sel_10th_pre_req"": ""492"", ""sel_10th_pre_bid"": ""+158300"", ""sel_9th_pre_req_pre"": ""0"", ""sel_9th_pre_req"": ""446"", ""sel_9th_pre_bid"": ""+158200"", ""sel_8th_pre_req_pre"": ""0"", ""sel_8th_pre_req"": ""57"", ""sel_8th_pre_bid"": ""+158100"", ""sel_7th_pre_req_pre"": ""0"", ""sel_7th_pre_req"": ""1765"", ""sel_7th_pre_bid"": ""+158000"", ""sel_6th_pre_req_pre"": ""0"", ""sel_6th_pre_req"": ""241"", ""sel_6th_pre_bid"": ""+157900"", ""sel_5th_pre_req_pre"": ""0"", ""sel_5th_pre_req"": ""38"", ""sel_5th_pre_bid"": ""+157800"", ""sel_4th_pre_req_pre"": ""0"", ""sel_4th_pre_req"": ""128"", ""sel_4th_pre_bid"": ""+157700"", ""sel_3th_pre_req_pre"": ""0"", ""sel_3th_pre_req"": ""13"", ""sel_3th_pre_bid"": ""+157600"", ""sel_2th_pre_req_pre"": ""0"", ""sel_2th_pre_req"": ""1443"", ""sel_2th_pre_bid"": ""+157500"", ""sel_1th_pre_req_pre"": ""0"", ""sel_fpr_req"": ""147"", ""sel_fpr_bid"": ""+157400"", ""buy_fpr_bid"": ""+157300"", ""buy_fpr_req"": ""2"", ""buy_1th_pre_req_pre"": ""0"", ""buy_2th_pre_bid"": ""+157200"", ""buy_2th_pre_req"": ""81"", ""buy_2th_pre_req_pre"": ""+36"", ""buy_3th_pre_bid"": ""+157100"", ""buy_3th_pre_req"": ""2"", ""buy_3th_pre_req_pre"": ""--31"", ""buy_4th_pre_bid"": ""+157000"", ""buy_4th_pre_req"": ""26"", ""buy_4th_pre_req_pre"": ""0"", ""buy_5th_pre_bid"": ""+156900"", ""buy_5th_pre_req"": ""3"", ""buy_5th_pre_req_pre"": ""0"", ""buy_6th_pre_bid"": ""+156800"", ""buy_6th_pre_req"": ""42"", ""buy_6th_pre_req_pre"": ""--11"", ""buy_7th_pre_bid"": ""+156600"", ""buy_7th_pre_req"": ""7"", ""buy_7th_pre_req_pre"": ""--2"", ""buy_8th_pre_bid"": ""+156500"", ""buy_8th_pre_req"": ""142"", ""buy_8th_pre_req_pre"": ""0"", ""buy_9th_pre_bid"": ""+156300"", ""buy_9th_pre_req"": ""60"", ""buy_9th_pre_req_pre"": ""0"", ""buy_10th_pre_bid"": ""+156200"", ""buy_10th_pre_req"": ""8"", ""buy_10th_pre_req_pre"": ""0"", ""tot_sel_req_jub_pre"": ""+460"", ""tot_sel_req"": ""4770"", ""tot_buy_req"": ""373"", ""tot_buy_req_jub_pre"": ""--21"", ""ovt_sel_req_pre"": ""0"", ""ovt_sel_req"": ""0"", ""ovt_buy_req"": ""0"", ""ovt_buy_req_pre"": ""0"", ""return_code"": 0, ""return_msg"": ""정상적으로 처리되었습니다""}"
2026-06-10,scan_candidate,326030,,0,main_scan,88700,,88700,88600,88700,89000,0.2254791431792559,0.11273957158962795,,,,,,"{""bid_req_base_tm"": ""100022"", ""sel_10th_pre_req_pre"": ""0"", ""sel_10th_pre_req"": ""7"", ""sel_10th_pre_bid"": ""-89800"", ""sel_9th_pre_req_pre"": ""0"", ""sel_9th_pre_req"": ""34"", ""sel_9th_pre_bid"": ""-89700"", ""sel_8th_pre_req_pre"": ""0"", ""sel_8th_pre_req"": ""2"", ""sel_8th_pre_bid"": ""-89600"", ""sel_7th_pre_req_pre"": ""0"", ""sel_7th_pre_req"": ""2"", ""sel_7th_pre_bid"": ""-89500"", ""sel_6th_pre_req_pre"": ""0"", ""sel_6th_pre_req"": ""2"", ""sel_6th_pre_bid"": ""-89400"", ""sel_5th_pre_req_pre"": ""0"", ""sel_5th_pre_req"": ""201"", ""sel_5th_pre_bid"": ""-89300"", ""sel_4th_pre_req_pre"": ""0"", ""sel_4th_pre_req"": ""22"", ""sel_4th_pre_bid"": ""-89200"", ""sel_3th_pre_req_pre"": ""0"", ""sel_3th_pre_req"": ""24"", ""sel_3th_pre_bid"": ""-89100"", ""sel_2th_pre_req_pre"": ""0"", ""sel_2th_pre_req"": ""10"", ""sel_2th_pre_bid"": ""-89000"", ""sel_1th_pre_req_pre"": ""0"", ""sel_fpr_req"": ""54"", ""sel_fpr_bid"": ""-88700"", ""buy_fpr_bid"": ""-88600"", ""buy_fpr_req"": ""35"", ""buy_1th_pre_req_pre"": ""--50"", ""buy_2th_pre_bid"": ""-88500"", ""buy_2th_pre_req"": ""18"", ""buy_2th_pre_req_pre"": ""0"", ""buy_3th_pre_bid"": ""-88400"", ""buy_3th_pre_req"": ""66"", ""buy_3th_pre_req_pre"": ""0"", ""buy_4th_pre_bid"": ""-88300"", ""buy_4th_pre_req"": ""244"", ""buy_4th_pre_req_pre"": ""0"", ""buy_5th_pre_bid"": ""-88200"", ""buy_5th_pre_req"": ""22"", ""buy_5th_pre_req_pre"": ""0"", ""buy_6th_pre_bid"": ""-88100"", ""buy_6th_pre_req"": ""18"", ""buy_6th_pre_req_pre"": ""0"", ""buy_7th_pre_bid"": ""-88000"", ""buy_7th_pre_req"": ""156"", ""buy_7th_pre_req_pre"": ""0"", ""buy_8th_pre_bid"": ""-87900"", ""buy_8th_pre_req"": ""106"", ""buy_8th_pre_req_pre"": ""0"", ""buy_9th_pre_bid"": ""-87800"", ""buy_9th_pre_req"": ""104"", ""buy_9th_pre_req_pre"": ""0"", ""buy_10th_pre_bid"": ""-87700"", ""buy_10th_pre_req"": ""243"", ""buy_10th_pre_req_pre"": ""0"", ""tot_sel_req_jub_pre"": ""0"", ""tot_sel_req"": ""358"", ""tot_buy_req"": ""1012"", ""tot_buy_req_jub_pre"": ""--50"", ""ovt_sel_req_pre"": ""0"", ""ovt_sel_req"": ""0"", ""ovt_buy_req"": ""0"", ""ovt_buy_req_pre"": ""0"", ""return_code"": 0, ""return_msg"": ""정상적으로 처리되었습니다""}"
2026-06-10,scan_candidate,034220,,0,main_scan,13190,,13190,13180,13190,13150,-0.6823351023502654,0.0758150113722517,,,,,,"{""bid_req_base_tm"": ""100025"", ""sel_10th_pre_req_pre"": ""0"", ""sel_10th_pre_req"": ""2823"", ""sel_10th_pre_bid"": ""-13280"", ""sel_9th_pre_req_pre"": ""0"", ""sel_9th_pre_req"": ""1460"", ""sel_9th_pre_bid"": ""-13270"", ""sel_8th_pre_req_pre"": ""0"", ""sel_8th_pre_req"": ""2355"", ""sel_8th_pre_bid"": ""-13260"", ""sel_7th_pre_req_pre"": ""0"", ""sel_7th_pre_req"": ""477"", ""sel_7th_pre_bid"": ""-13250"", ""sel_6th_pre_req_pre"": ""0"", ""sel_6th_pre_req"": ""3826"", ""sel_6th_pre_bid"": ""-13240"", ""sel_5th_pre_req_pre"": ""0"", ""sel_5th_pre_req"": ""205"", ""sel_5th_pre_bid"": ""-13230"", ""sel_4th_pre_req_pre"": ""0"", ""sel_4th_pre_req"": ""236"", ""sel_4th_pre_bid"": ""-13220"", ""sel_3th_pre_req_pre"": ""0"", ""sel_3th_pre_req"": ""55"", ""sel_3th_pre_bid"": ""-13210"", ""sel_2th_pre_req_pre"": ""0"", ""sel_2th_pre_req"": ""2105"", ""sel_2th_pre_bid"": ""-13200"", ""sel_1th_pre_req_pre"": ""0"", ""sel_fpr_req"": ""428"", ""sel_fpr_bid"": ""-13190"", ""buy_fpr_bid"": ""-13180"", ""buy_fpr_req"": ""299"", ""buy_1th_pre_req_pre"": ""0"", ""buy_2th_pre_bid"": ""-13170"", ""buy_2th_pre_req"": ""681"", ""buy_2th_pre_req_pre"": ""0"", ""buy_3th_pre_bid"": ""-13160"", ""buy_3th_pre_req"": ""110"", ""buy_3th_pre_req_pre"": ""0"", ""buy_4th_pre_bid"": ""-13150"", ""buy_4th_pre_req"": ""485"", ""buy_4th_pre_req_pre"": ""0"", ""buy_5th_pre_bid"": ""-13140"", ""buy_5th_pre_req"": ""11"", ""buy_5th_pre_req_pre"": ""0"", ""buy_6th_pre_bid"": ""-13120"", ""buy_6th_pre_req"": ""239"", ""buy_6th_pre_req_pre"": ""0"", ""buy_7th_pre_bid"": ""-13110"", ""buy_7th_pre_req"": ""2880"", ""buy_7th_pre_req_pre"": ""0"", ""buy_8th_pre_bid"": ""-13100"", ""buy_8th_pre_req"": ""4206"", ""buy_8th_pre_req_pre"": ""0"", ""buy_9th_pre_bid"": ""-13090"", ""buy_9th_pre_req"": ""3508"", ""buy_9th_pre_req_pre"": ""+10"", ""buy_10th_pre_bid"": ""-13080"", ""buy_10th_pre_req"": ""2271"", ""buy_10th_pre_req_pre"": ""0"", ""tot_sel_req_jub_pre"": ""0"", ""tot_sel_req"": ""13970"", ""tot_buy_req"": ""14690"", ""tot_buy_req_jub_pre"": ""+10"", ""ovt_sel_req_pre"": ""0"", ""ovt_sel_req"": ""0"", ""ovt_buy_req"": ""0"", ""ovt_buy_req_pre"": ""0"", ""return_code"": 0, ""return_msg"": ""정상적으로 처리되었습니다""}"
2026-06-10,scan_candidate,267270,,0,main_scan,149900,,149900,149700,149900,149000,-0.9339559706470981,0.13342228152101399,,,,,,"{""bid_req_base_tm"": ""100025"", ""sel_10th_pre_req_pre"": ""0"", ""sel_10th_pre_req"": ""214"", ""sel_10th_pre_bid"": ""+150800"", ""sel_9th_pre_req_pre"": ""0"", ""sel_9th_pre_req"": ""15"", ""sel_9th_pre_bid"": ""+150700"", ""sel_8th_pre_req_pre"": ""0"", ""sel_8th_pre_req"": ""4"", ""sel_8th_pre_bid"": ""+150600"", ""sel_7th_pre_req_pre"": ""0"", ""sel_7th_pre_req"": ""96"", ""sel_7th_pre_bid"": ""+150500"", ""sel_6th_pre_req_pre"": ""0"", ""sel_6th_pre_req"": ""12"", ""sel_6th_pre_bid"": ""+150400"", ""sel_5th_pre_req_pre"": ""0"", ""sel_5th_pre_req"": ""13"", ""sel_5th_pre_bid"": ""+150300"", ""sel_4th_pre_req_pre"": ""0"", ""sel_4th_pre_req"": ""64"", ""sel_4th_pre_bid"": ""+150200"", ""sel_3th_pre_req_pre"": ""0"", ""sel_3th_pre_req"": ""20"", ""sel_3th_pre_bid"": ""+150100"", ""sel_2th_pre_req_pre"": ""0"", ""sel_2th_pre_req"": ""1997"", ""sel_2th_pre_bid"": ""+150000"", ""sel_1th_pre_req_pre"": ""+24"", ""sel_fpr_req"": ""520"", ""sel_fpr_bid"": ""+149900"", ""buy_fpr_bid"": ""+149700"", ""buy_fpr_req"": ""8"", ""buy_1th_pre_req_pre"": ""0"", ""buy_2th_pre_bid"": ""+149600"", ""buy_2th_pre_req"": ""7"", ""buy_2th_pre_req_pre"": ""0"", ""buy_3th_pre_bid"": ""+149500"", ""buy_3th_pre_req"": ""32"", ""buy_3th_pre_req_pre"": ""0"", ""buy_4th_pre_bid"": ""+149300"", ""buy_4th_pre_req"": ""12"", ""buy_4th_pre_req_pre"": ""0"", ""buy_5th_pre_bid"": ""+149200"", ""buy_5th_pre_req"": ""13"", ""buy_5th_pre_req_pre"": ""0"", ""buy_6th_pre_bid"": ""+149100"", ""buy_6th_pre_req"": ""7"", ""buy_6th_pre_req_pre"": ""0"", ""buy_7th_pre_bid"": ""+149000"", ""buy_7th_pre_req"": ""138"", ""buy_7th_pre_req_pre"": ""0"", ""buy_8th_pre_bid"": ""+148900"", ""buy_8th_pre_req"": ""179"", ""buy_8th_pre_req_pre"": ""0"", ""buy_9th_pre_bid"": ""+148700"", ""buy_9th_pre_req"": ""10"", ""buy_9th_pre_req_pre"": ""0"", ""buy_10th_pre_bid"": ""+148600"", ""buy_10th_pre_req"": ""95"", ""buy_10th_pre_req_pre"": ""0"", ""tot_sel_req_jub_pre"": ""+215"", ""tot_sel_req"": ""2955"", ""tot_buy_req"": ""501"", ""tot_buy_req_jub_pre"": ""0"", ""ovt_sel_req_pre"": ""0"", ""ovt_sel_req"": ""0"", ""ovt_buy_req"": ""0"", ""ovt_buy_req_pre"": ""0"", ""return_code"": 0, ""return_msg"": ""정상적으로 처리되었습니다""}"
2026-06-10,scan_candidate,062040,,0,main_scan,228000,,228000,227500,228000,226500,-0.8771929824561403,0.21929824561403508,,,,,,"{""bid_req_base_tm"": ""100025"", ""sel_10th_pre_req_pre"": ""0"", ""sel_10th_pre_req"": ""257"", ""sel_10th_pre_bid"": ""+232500"", ""sel_9th_pre_req_pre"": ""0"", ""sel_9th_pre_req"": ""651"", ""sel_9th_pre_bid"": ""+232000"", ""sel_8th_pre_req_pre"": ""0"", ""sel_8th_pre_req"": ""189"", ""sel_8th_pre_bid"": ""+231500"", ""sel_7th_pre_req_pre"": ""0"", ""sel_7th_pre_req"": ""294"", ""sel_7th_pre_bid"": ""+231000"", ""sel_6th_pre_req_pre"": ""0"", ""sel_6th_pre_req"": ""268"", ""sel_6th_pre_bid"": ""+230500"", ""sel_5th_pre_req_pre"": ""0"", ""sel_5th_pre_req"": ""228"", ""sel_5th_pre_bid"": ""+230000"", ""sel_4th_pre_req_pre"": ""0"", ""sel_4th_pre_req"": ""151"", ""sel_4th_pre_bid"": ""+229500"", ""sel_3th_pre_req_pre"": ""0"", ""sel_3th_pre_req"": ""143"", ""sel_3th_pre_bid"": ""+229000"", ""sel_2th_pre_req_pre"": ""0"", ""sel_2th_pre_req"": ""28"", ""sel_2th_pre_bid"": ""+228500"", ""sel_1th_pre_req_pre"": ""--21"", ""sel_fpr_req"": ""384"", ""sel_fpr_bid"": ""+228000"", ""buy_fpr_bid"": ""+227500"", ""buy_fpr_req"": ""2"", ""buy_1th_pre_req_pre"": ""0"", ""buy_2th_pre_bid"": ""+227000"", ""buy_2th_pre_req"": ""19"", ""buy_2th_pre_req_pre"": ""0"", ""buy_3th_pre_bid"": ""+226500"", ""buy_3th_pre_req"": ""18"", ""buy_3th_pre_req_pre"": ""0"", ""buy_4th_pre_bid"": ""+226000"", ""buy_4th_pre_req"": ""158"", ""buy_4th_pre_req_pre"": ""0"", ""buy_5th_pre_bid"": ""+225500"", ""buy_5th_pre_req"": ""87"", ""buy_5th_pre_req_pre"": ""0"", ""buy_6th_pre_bid"": ""225000"", ""buy_6th_pre_req"": ""123"", ""buy_6th_pre_req_pre"": ""0"", ""buy_7th_pre_bid"": ""-224500"", ""buy_7th_pre_req"": ""7"", ""buy_7th_pre_req_pre"": ""0"", ""buy_8th_pre_bid"": ""-224000"", ""buy_8th_pre_req"": ""63"", ""buy_8th_pre_req_pre"": ""0"", ""buy_9th_pre_bid"": ""-223500"", ""buy_9th_pre_req"": ""168"", ""buy_9th_pre_req_pre"": ""0"", ""buy_10th_pre_bid"": ""-223000"", ""buy_10th_pre_req"": ""104"", ""buy_10th_pre_req_pre"": ""0"", ""tot_sel_req_jub_pre"": ""--21"", ""tot_sel_req"": ""2593"", ""tot_buy_req"": ""749"", ""tot_buy_req_jub_pre"": ""0"", ""ovt_sel_req_pre"": ""0"", ""ovt_sel_req"": ""0"", ""ovt_buy_req"": ""0"", ""ovt_buy_req_pre"": ""0"", ""return_code"": 0, ""return_msg"": ""정상적으로 처리되었습니다""}"
2026-06-10,scan_candidate,078930,,0,main_scan,73200,,73200,73100,73200,73600,0.4098360655737705,0.1366120218579235,,,,,,"{""bid_req_base_tm"": ""100026"", ""sel_10th_pre_req_pre"": ""0"", ""sel_10th_pre_req"": ""93"", ""sel_10th_pre_bid"": ""+74500"", ""sel_9th_pre_req_pre"": ""0"", ""sel_9th_pre_req"": ""76"", ""sel_9th_pre_bid"": ""+74400"", ""sel_8th_pre_req_pre"": ""0"", ""sel_8th_pre_req"": ""1"", ""sel_8th_pre_bid"": ""+74200"", ""sel_7th_pre_req_pre"": ""0"", ""sel_7th_pre_req"": ""40"", ""sel_7th_pre_bid"": ""+74000"", ""sel_6th_pre_req_pre"": ""0"", ""sel_6th_pre_req"": ""10"", ""sel_6th_pre_bid"": ""-73700"", ""sel_5th_pre_req_pre"": ""0"", ""sel_5th_pre_req"": ""38"", ""sel_5th_pre_bid"": ""-73600"", ""sel_4th_pre_req_pre"": ""0"", ""sel_4th_pre_req"": ""54"", ""sel_4th_pre_bid"": ""-73500"", ""sel_3th_pre_req_pre"": ""0"", ""sel_3th_pre_req"": ""37"", ""sel_3th_pre_bid"": ""-73400"", ""sel_2th_pre_req_pre"": ""0"", ""sel_2th_pre_req"": ""201"", ""sel_2th_pre_bid"": ""-73300"", ""sel_1th_pre_req_pre"": ""0"", ""sel_fpr_req"": ""259"", ""sel_fpr_bid"": ""-73200"", ""buy_fpr_bid"": ""-73100"", ""buy_fpr_req"": ""258"", ""buy_1th_pre_req_pre"": ""0"", ""buy_2th_pre_bid"": ""-73000"", ""buy_2th_pre_req"": ""227"", ""buy_2th_pre_req_pre"": ""0"", ""buy_3th_pre_bid"": ""-72900"", ""buy_3th_pre_req"": ""306"", ""buy_3th_pre_req_pre"": ""0"", ""buy_4th_pre_bid"": ""-72800"", ""buy_4th_pre_req"": ""146"", ""buy_4th_pre_req_pre"": ""0"", ""buy_5th_pre_bid"": ""-72700"", ""buy_5th_pre_req"": ""63"", ""buy_5th_pre_req_pre"": ""0"", ""buy_6th_pre_bid"": ""-72600"", ""buy_6th_pre_req"": ""3"", ""buy_6th_pre_req_pre"": ""0"", ""buy_7th_pre_bid"": ""-72500"", ""buy_7th_pre_req"": ""7"", ""buy_7th_pre_req_pre"": ""0"", ""buy_8th_pre_bid"": ""-72300"", ""buy_8th_pre_req"": ""50"", ""buy_8th_pre_req_pre"": ""0"", ""buy_9th_pre_bid"": ""-72200"", ""buy_9th_pre_req"": ""118"", ""buy_9th_pre_req_pre"": ""0"", ""buy_10th_pre_bid"": ""-72100"", ""buy_10th_pre_req"": ""507"", ""buy_10th_pre_req_pre"": ""0"", ""tot_sel_req_jub_pre"": ""0"", ""tot_sel_req"": ""809"", ""tot_buy_req"": ""1685"", ""tot_buy_req_jub_pre"": ""0"", ""ovt_sel_req_pre"": ""0"", ""ovt_sel_req"": ""0"", ""ovt_buy_req"": ""0"", ""ovt_buy_req_pre"": ""0"", ""return_code"": 0, ""return_msg"": ""정상적으로 처리되었습니다""}"
2026-06-10,scan_candidate,090430,,0,main_scan,113000,,113000,112900,113000,112500,-0.8849557522123894,0.08849557522123894,,,,,,"{""bid_req_base_tm"": ""100025"", ""sel_10th_pre_req_pre"": ""0"", ""sel_10th_pre_req"": ""46"", ""sel_10th_pre_bid"": ""+113900"", ""sel_9th_pre_req_pre"": ""0"", ""sel_9th_pre_req"": ""35"", ""sel_9th_pre_bid"": ""+113800"", ""sel_8th_pre_req_pre"": ""0"", ""sel_8th_pre_req"": ""3"", ""sel_8th_pre_bid"": ""+113700"", ""sel_7th_pre_req_pre"": ""0"", ""sel_7th_pre_req"": ""41"", ""sel_7th_pre_bid"": ""+113600"", ""sel_6th_pre_req_pre"": ""0"", ""sel_6th_pre_req"": ""144"", ""sel_6th_pre_bid"": ""+113500"", ""sel_5th_pre_req_pre"": ""0"", ""sel_5th_pre_req"": ""76"", ""sel_5th_pre_bid"": ""+113400"", ""sel_4th_pre_req_pre"": ""0"", ""sel_4th_pre_req"": ""58"", ""sel_4th_pre_bid"": ""+113300"", ""sel_3th_pre_req_pre"": ""0"", ""sel_3th_pre_req"": ""21"", ""sel_3th_pre_bid"": ""+113200"", ""sel_2th_pre_req_pre"": ""0"", ""sel_2th_pre_req"": ""59"", ""sel_2th_pre_bid"": ""+113100"", ""sel_1th_pre_req_pre"": ""+7"", ""sel_fpr_req"": ""84"", ""sel_fpr_bid"": ""+113000"", ""buy_fpr_bid"": ""+112900"", ""buy_fpr_req"": ""129"", ""buy_1th_pre_req_pre"": ""0"", ""buy_2th_pre_bid"": ""+112800"", ""buy_2th_pre_req"": ""14"", ""buy_2th_pre_req_pre"": ""0"", ""buy_3th_pre_bid"": ""+112600"", ""buy_3th_pre_req"": ""22"", ""buy_3th_pre_req_pre"": ""0"", ""buy_4th_pre_bid"": ""+112500"", ""buy_4th_pre_req"": ""22"", ""buy_4th_pre_req_pre"": ""0"", ""buy_5th_pre_bid"": ""+112400"", ""buy_5th_pre_req"": ""4"", ""buy_5th_pre_req_pre"": ""0"", ""buy_6th_pre_bid"": ""+112300"", ""buy_6th_pre_req"": ""1"", ""buy_6th_pre_req_pre"": ""0"", ""buy_7th_pre_bid"": ""+112100"", ""buy_7th_pre_req"": ""29"", ""buy_7th_pre_req_pre"": ""0"", ""buy_8th_pre_bid"": ""112000"", ""buy_8th_pre_req"": ""20"", ""buy_8th_pre_req_pre"": ""0"", ""buy_9th_pre_bid"": ""-111800"", ""buy_9th_pre_req"": ""10"", ""buy_9th_pre_req_pre"": ""0"", ""buy_10th_pre_bid"": ""-111700"", ""buy_10th_pre_req"": ""200"", ""buy_10th_pre_req_pre"": ""0"", ""tot_sel_req_jub_pre"": ""+7"", ""tot_sel_req"": ""567"", ""tot_buy_req"": ""451"", ""tot_buy_req_jub_pre"": ""0"", ""ovt_sel_req_pre"": ""0"", ""ovt_sel_req"": ""0"", ""ovt_buy_req"": ""0"", ""ovt_buy_req_pre"": ""0"", ""return_code"": 0, ""return_msg"": ""정상적으로 처리되었습니다""}"
2026-06-10,scan_candidate,004170,,0,main_scan,662000,,662000,661000,662000,663000,0.0,0.1510574018126888,,,,,,"{""bid_req_base_tm"": ""100026"", ""sel_10th_pre_req_pre"": ""0"", ""sel_10th_pre_req"": ""13"", ""sel_10th_pre_bid"": ""+674000"", ""sel_9th_pre_req_pre"": ""0"", ""sel_9th_pre_req"": ""1"", ""sel_9th_pre_bid"": ""+673000"", ""sel_8th_pre_req_pre"": ""0"", ""sel_8th_pre_req"": ""2"", ""sel_8th_pre_bid"": ""+671000"", ""sel_7th_pre_req_pre"": ""0"", ""sel_7th_pre_req"": ""77"", ""sel_7th_pre_bid"": ""+670000"", ""sel_6th_pre_req_pre"": ""0"", ""sel_6th_pre_req"": ""1"", ""sel_6th_pre_bid"": ""+669000"", ""sel_5th_pre_req_pre"": ""0"", ""sel_5th_pre_req"": ""1"", ""sel_5th_pre_bid"": ""+668000"", ""sel_4th_pre_req_pre"": ""0"", ""sel_4th_pre_req"": ""10"", ""sel_4th_pre_bid"": ""+665000"", ""sel_3th_pre_req_pre"": ""0"", ""sel_3th_pre_req"": ""10"", ""sel_3th_pre_bid"": ""+664000"", ""sel_2th_pre_req_pre"": ""0"", ""sel_2th_pre_req"": ""21"", ""sel_2th_pre_bid"": ""+663000"", ""sel_1th_pre_req_pre"": ""0"", ""sel_fpr_req"": ""33"", ""sel_fpr_bid"": ""+662000"", ""buy_fpr_bid"": ""+661000"", ""buy_fpr_req"": ""16"", ""buy_1th_pre_req_pre"": ""+4"", ""buy_2th_pre_bid"": ""+660000"", ""buy_2th_pre_req"": ""5"", ""buy_2th_pre_req_pre"": ""0"", ""buy_3th_pre_bid"": ""+659000"", ""buy_3th_pre_req"": ""15"", ""buy_3th_pre_req_pre"": ""0"", ""buy_4th_pre_bid"": ""+658000"", ""buy_4th_pre_req"": ""2"", ""buy_4th_pre_req_pre"": ""--4"", ""buy_5th_pre_bid"": ""+657000"", ""buy_5th_pre_req"": ""3"", ""buy_5th_pre_req_pre"": ""0"", ""buy_6th_pre_bid"": ""+656000"", ""buy_6th_pre_req"": ""2"", ""buy_6th_pre_req_pre"": ""0"", ""buy_7th_pre_bid"": ""+655000"", ""buy_7th_pre_req"": ""25"", ""buy_7th_pre_req_pre"": ""0"", ""buy_8th_pre_bid"": ""+654000"", ""buy_8th_pre_req"": ""24"", ""buy_8th_pre_req_pre"": ""--5"", ""buy_9th_pre_bid"": ""+653000"", ""buy_9th_pre_req"": ""42"", ""buy_9th_pre_req_pre"": ""0"", ""buy_10th_pre_bid"": ""+652000"", ""buy_10th_pre_req"": ""36"", ""buy_10th_pre_req_pre"": ""0"", ""tot_sel_req_jub_pre"": ""0"", ""tot_sel_req"": ""169"", ""tot_buy_req"": ""170"", ""tot_buy_req_jub_pre"": ""--5"", ""ovt_sel_req_pre"": ""0"", ""ovt_sel_req"": ""0"", ""ovt_buy_req"": ""0"", ""ovt_buy_req_pre"": ""0"", ""return_code"": 0, ""return_msg"": ""정상적으로 처리되었습니다""}"
2026-06-10,scan_candidate,036570,,0,main_scan,259500,,259500,258500,259500,259500,-0.1926782273603083,0.3853564547206166,,,,,,"{""bid_req_base_tm"": ""100026"", ""sel_10th_pre_req_pre"": ""0"", ""sel_10th_pre_req"": ""90"", ""sel_10th_pre_bid"": ""-264000"", ""sel_9th_pre_req_pre"": ""0"", ""sel_9th_pre_req"": ""42"", ""sel_9th_pre_bid"": ""-263500"", ""sel_8th_pre_req_pre"": ""0"", ""sel_8th_pre_req"": ""16"", ""sel_8th_pre_bid"": ""-263000"", ""sel_7th_pre_req_pre"": ""0"", ""sel_7th_pre_req"": ""9"", ""sel_7th_pre_bid"": ""-262500"", ""sel_6th_pre_req_pre"": ""0"", ""sel_6th_pre_req"": ""23"", ""sel_6th_pre_bid"": ""-262000"", ""sel_5th_pre_req_pre"": ""0"", ""sel_5th_pre_req"": ""1"", ""sel_5th_pre_bid"": ""-261500"", ""sel_4th_pre_req_pre"": ""0"", ""sel_4th_pre_req"": ""38"", ""sel_4th_pre_bid"": ""-261000"", ""sel_3th_pre_req_pre"": ""0"", ""sel_3th_pre_req"": ""33"", ""sel_3th_pre_bid"": ""-260500"", ""sel_2th_pre_req_pre"": ""0"", ""sel_2th_pre_req"": ""172"", ""sel_2th_pre_bid"": ""-260000"", ""sel_1th_pre_req_pre"": ""+16"", ""sel_fpr_req"": ""156"", ""sel_fpr_bid"": ""-259500"", ""buy_fpr_bid"": ""-258500"", ""buy_fpr_req"": ""61"", ""buy_1th_pre_req_pre"": ""+5"", ""buy_2th_pre_bid"": ""-258000"", ""buy_2th_pre_req"": ""99"", ""buy_2th_pre_req_pre"": ""0"", ""buy_3th_pre_bid"": ""-257500"", ""buy_3th_pre_req"": ""62"", ""buy_3th_pre_req_pre"": ""0"", ""buy_4th_pre_bid"": ""-257000"", ""buy_4th_pre_req"": ""98"", ""buy_4th_pre_req_pre"": ""0"", ""buy_5th_pre_bid"": ""-256500"", ""buy_5th_pre_req"": ""28"", ""buy_5th_pre_req_pre"": ""0"", ""buy_6th_pre_bid"": ""-256000"", ""buy_6th_pre_req"": ""52"", ""buy_6th_pre_req_pre"": ""0"", ""buy_7th_pre_bid"": ""-255500"", ""buy_7th_pre_req"": ""34"", ""buy_7th_pre_req_pre"": ""0"", ""buy_8th_pre_bid"": ""-255000"", ""buy_8th_pre_req"": ""207"", ""buy_8th_pre_req_pre"": ""0"", ""buy_9th_pre_bid"": ""-254500"", ""buy_9th_pre_req"": ""161"", ""buy_9th_pre_req_pre"": ""0"", ""buy_10th_pre_bid"": ""-254000"", ""buy_10th_pre_req"": ""295"", ""buy_10th_pre_req_pre"": ""0"", ""tot_sel_req_jub_pre"": ""+16"", ""tot_sel_req"": ""580"", ""tot_buy_req"": ""1097"", ""tot_buy_req_jub_pre"": ""+5"", ""ovt_sel_req_pre"": ""0"", ""ovt_sel_req"": ""0"", ""ovt_buy_req"": ""0"", ""ovt_buy_req_pre"": ""0"", ""return_code"": 0, ""return_msg"": ""정상적으로 처리되었습니다""}"
2026-06-10,scan_candidate,138930,,0,main_scan,17250,,17250,17240,17250,17150,-0.8695652173913043,0.057971014492753624,,,,,,"{""bid_req_base_tm"": ""100026"", ""sel_10th_pre_req_pre"": ""0"", ""sel_10th_pre_req"": ""916"", ""sel_10th_pre_bid"": ""+17350"", ""sel_9th_pre_req_pre"": ""0"", ""sel_9th_pre_req"": ""6"", ""sel_9th_pre_bid"": ""+17340"", ""sel_8th_pre_req_pre"": ""0"", ""sel_8th_pre_req"": ""30"", ""sel_8th_pre_bid"": ""+17320"", ""sel_7th_pre_req_pre"": ""0"", ""sel_7th_pre_req"": ""1"", ""sel_7th_pre_bid"": ""+17310"", ""sel_6th_pre_req_pre"": ""0"", ""sel_6th_pre_req"": ""811"", ""sel_6th_pre_bid"": ""+17300"", ""sel_5th_pre_req_pre"": ""0"", ""sel_5th_pre_req"": ""31"", ""sel_5th_pre_bid"": ""+17290"", ""sel_4th_pre_req_pre"": ""0"", ""sel_4th_pre_req"": ""717"", ""sel_4th_pre_bid"": ""+17280"", ""sel_3th_pre_req_pre"": ""0"", ""sel_3th_pre_req"": ""160"", ""sel_3th_pre_bid"": ""+17270"", ""sel_2th_pre_req_pre"": ""0"", ""sel_2th_pre_req"": ""252"", ""sel_2th_pre_bid"": ""+17260"", ""sel_1th_pre_req_pre"": ""+34"", ""sel_fpr_req"": ""289"", ""sel_fpr_bid"": ""+17250"", ""buy_fpr_bid"": ""+17240"", ""buy_fpr_req"": ""807"", ""buy_1th_pre_req_pre"": ""0"", ""buy_2th_pre_bid"": ""+17210"", ""buy_2th_pre_req"": ""80"", ""buy_2th_pre_req_pre"": ""0"", ""buy_3th_pre_bid"": ""+17200"", ""buy_3th_pre_req"": ""115"", ""buy_3th_pre_req_pre"": ""0"", ""buy_4th_pre_bid"": ""+17190"", ""buy_4th_pre_req"": ""59"", ""buy_4th_pre_req_pre"": ""0"", ""buy_5th_pre_bid"": ""+17180"", ""buy_5th_pre_req"": ""43"", ""buy_5th_pre_req_pre"": ""0"", ""buy_6th_pre_bid"": ""+17130"", ""buy_6th_pre_req"": ""5"", ""buy_6th_pre_req_pre"": ""0"", ""buy_7th_pre_bid"": ""+17100"", ""buy_7th_pre_req"": ""4"", ""buy_7th_pre_req_pre"": ""0"", ""buy_8th_pre_bid"": ""+17090"", ""buy_8th_pre_req"": ""491"", ""buy_8th_pre_req_pre"": ""0"", ""buy_9th_pre_bid"": ""+17080"", ""buy_9th_pre_req"": ""37"", ""buy_9th_pre_req_pre"": ""0"", ""buy_10th_pre_bid"": ""+17070"", ""buy_10th_pre_req"": ""10"", ""buy_10th_pre_req_pre"": ""0"", ""tot_sel_req_jub_pre"": ""+34"", ""tot_sel_req"": ""3213"", ""tot_buy_req"": ""1651"", ""tot_buy_req_jub_pre"": ""0"", ""ovt_sel_req_pre"": ""0"", ""ovt_sel_req"": ""0"", ""ovt_buy_req"": ""0"", ""ovt_buy_req_pre"": ""0"", ""return_code"": 0, ""return_msg"": ""정상적으로 처리되었습니다""}"
2026-06-10,scan_candidate,271560,,0,main_scan,132300,,132300,132200,132300,131500,-0.9826152683295541,0.07558578987150416,,,,,,"{""bid_req_base_tm"": ""100022"", ""sel_10th_pre_req_pre"": ""0"", ""sel_10th_pre_req"": ""100"", ""sel_10th_pre_bid"": ""+133700"", ""sel_9th_pre_req_pre"": ""0"", ""sel_9th_pre_req"": ""25"", ""sel_9th_pre_bid"": ""+133600"", ""sel_8th_pre_req_pre"": ""0"", ""sel_8th_pre_req"": ""253"", ""sel_8th_pre_bid"": ""+133500"", ""sel_7th_pre_req_pre"": ""0"", ""sel_7th_pre_req"": ""3"", ""sel_7th_pre_bid"": ""+133200"", ""sel_6th_pre_req_pre"": ""0"", ""sel_6th_pre_req"": ""6"", ""sel_6th_pre_bid"": ""+133000"", ""sel_5th_pre_req_pre"": ""0"", ""sel_5th_pre_req"": ""14"", ""sel_5th_pre_bid"": ""-132800"", ""sel_4th_pre_req_pre"": ""0"", ""sel_4th_pre_req"": ""223"", ""sel_4th_pre_bid"": ""-132600"", ""sel_3th_pre_req_pre"": ""0"", ""sel_3th_pre_req"": ""113"", ""sel_3th_pre_bid"": ""-132500"", ""sel_2th_pre_req_pre"": ""0"", ""sel_2th_pre_req"": ""56"", ""sel_2th_pre_bid"": ""-132400"", ""sel_1th_pre_req_pre"": ""0"", ""sel_fpr_req"": ""219"", ""sel_fpr_bid"": ""-132300"", ""buy_fpr_bid"": ""-132200"", ""buy_fpr_req"": ""187"", ""buy_1th_pre_req_pre"": ""+17"", ""buy_2th_pre_bid"": ""-132100"", ""buy_2th_pre_req"": ""5"", ""buy_2th_pre_req_pre"": ""0"", ""buy_3th_pre_bid"": ""-132000"", ""buy_3th_pre_req"": ""43"", ""buy_3th_pre_req_pre"": ""0"", ""buy_4th_pre_bid"": ""-131700"", ""buy_4th_pre_req"": ""21"", ""buy_4th_pre_req_pre"": ""0"", ""buy_5th_pre_bid"": ""-131600"", ""buy_5th_pre_req"": ""15"", ""buy_5th_pre_req_pre"": ""0"", ""buy_6th_pre_bid"": ""-131500"", ""buy_6th_pre_req"": ""26"", ""buy_6th_pre_req_pre"": ""0"", ""buy_7th_pre_bid"": ""-131300"", ""buy_7th_pre_req"": ""1"", ""buy_7th_pre_req_pre"": ""0"", ""buy_8th_pre_bid"": ""-131200"", ""buy_8th_pre_req"": ""136"", ""buy_8th_pre_req_pre"": ""0"", ""buy_9th_pre_bid"": ""-131100"", ""buy_9th_pre_req"": ""20"", ""buy_9th_pre_req_pre"": ""0"", ""buy_10th_pre_bid"": ""-131000"", ""buy_10th_pre_req"": ""1"", ""buy_10th_pre_req_pre"": ""0"", ""tot_sel_req_jub_pre"": ""0"", ""tot_sel_req"": ""1012"", ""tot_buy_req"": ""455"", ""tot_buy_req_jub_pre"": ""+17"", ""ovt_sel_req_pre"": ""0"", ""ovt_sel_req"": ""0"", ""ovt_buy_req"": ""0"", ""ovt_buy_req_pre"": ""0"", ""return_code"": 0, ""return_msg"": ""정상적으로 처리되었습니다""}"
2026-06-10,scan_candidate,023530,,0,main_scan,189800,,189800,189300,189800,189500,-0.42149631190727077,0.26343519494204426,,,,,,"{""bid_req_base_tm"": ""100026"", ""sel_10th_pre_req_pre"": ""0"", ""sel_10th_pre_req"": ""1"", ""sel_10th_pre_bid"": ""+191200"", ""sel_9th_pre_req_pre"": ""0"", ""sel_9th_pre_req"": ""223"", ""sel_9th_pre_bid"": ""+191100"", ""sel_8th_pre_req_pre"": ""0"", ""sel_8th_pre_req"": ""73"", ""sel_8th_pre_bid"": ""+191000"", ""sel_7th_pre_req_pre"": ""0"", ""sel_7th_pre_req"": ""1"", ""sel_7th_pre_bid"": ""+190900"", ""sel_6th_pre_req_pre"": ""0"", ""sel_6th_pre_req"": ""1"", ""sel_6th_pre_bid"": ""+190800"", ""sel_5th_pre_req_pre"": ""0"", ""sel_5th_pre_req"": ""12"", ""sel_5th_pre_bid"": ""+190500"", ""sel_4th_pre_req_pre"": ""0"", ""sel_4th_pre_req"": ""50"", ""sel_4th_pre_bid"": ""+190200"", ""sel_3th_pre_req_pre"": ""0"", ""sel_3th_pre_req"": ""1"", ""sel_3th_pre_bid"": ""+190100"", ""sel_2th_pre_req_pre"": ""0"", ""sel_2th_pre_req"": ""12"", ""sel_2th_pre_bid"": ""+190000"", ""sel_1th_pre_req_pre"": ""0"", ""sel_fpr_req"": ""30"", ""sel_fpr_bid"": ""+189800"", ""buy_fpr_bid"": ""+189300"", ""buy_fpr_req"": ""9"", ""buy_1th_pre_req_pre"": ""0"", ""buy_2th_pre_bid"": ""+189200"", ""buy_2th_pre_req"": ""54"", ""buy_2th_pre_req_pre"": ""+18"", ""buy_3th_pre_bid"": ""+189100"", ""buy_3th_pre_req"": ""20"", ""buy_3th_pre_req_pre"": ""0"", ""buy_4th_pre_bid"": ""+188900"", ""buy_4th_pre_req"": ""6"", ""buy_4th_pre_req_pre"": ""0"", ""buy_5th_pre_bid"": ""+188800"", ""buy_5th_pre_req"": ""4"", ""buy_5th_pre_req_pre"": ""0"", ""buy_6th_pre_bid"": ""+188600"", ""buy_6th_pre_req"": ""19"", ""buy_6th_pre_req_pre"": ""0"", ""buy_7th_pre_bid"": ""+188500"", ""buy_7th_pre_req"": ""35"", ""buy_7th_pre_req_pre"": ""0"", ""buy_8th_pre_bid"": ""+188400"", ""buy_8th_pre_req"": ""16"", ""buy_8th_pre_req_pre"": ""0"", ""buy_9th_pre_bid"": ""+188300"", ""buy_9th_pre_req"": ""3"", ""buy_9th_pre_req_pre"": ""0"", ""buy_10th_pre_bid"": ""+188200"", ""buy_10th_pre_req"": ""3"", ""buy_10th_pre_req_pre"": ""0"", ""tot_sel_req_jub_pre"": ""0"", ""tot_sel_req"": ""404"", ""tot_buy_req"": ""169"", ""tot_buy_req_jub_pre"": ""+18"", ""ovt_sel_req_pre"": ""0"", ""ovt_sel_req"": ""0"", ""ovt_buy_req"": ""0"", ""ovt_buy_req_pre"": ""0"", ""return_code"": 0, ""return_msg"": ""정상적으로 처리되었습니다""}"
2026-06-10,scan_candidate,175330,,0,main_scan,25750,,25750,25700,25750,25700,-0.3883495145631068,0.1941747572815534,,,,,,"{""bid_req_base_tm"": ""100025"", ""sel_10th_pre_req_pre"": ""0"", ""sel_10th_pre_req"": ""1368"", ""sel_10th_pre_bid"": ""+26200"", ""sel_9th_pre_req_pre"": ""0"", ""sel_9th_pre_req"": ""2192"", ""sel_9th_pre_bid"": ""+26150"", ""sel_8th_pre_req_pre"": ""0"", ""sel_8th_pre_req"": ""247"", ""sel_8th_pre_bid"": ""+26100"", ""sel_7th_pre_req_pre"": ""0"", ""sel_7th_pre_req"": ""208"", ""sel_7th_pre_bid"": ""+26050"", ""sel_6th_pre_req_pre"": ""0"", ""sel_6th_pre_req"": ""195"", ""sel_6th_pre_bid"": ""+26000"", ""sel_5th_pre_req_pre"": ""0"", ""sel_5th_pre_req"": ""42"", ""sel_5th_pre_bid"": ""+25950"", ""sel_4th_pre_req_pre"": ""0"", ""sel_4th_pre_req"": ""232"", ""sel_4th_pre_bid"": ""25900"", ""sel_3th_pre_req_pre"": ""0"", ""sel_3th_pre_req"": ""455"", ""sel_3th_pre_bid"": ""-25850"", ""sel_2th_pre_req_pre"": ""0"", ""sel_2th_pre_req"": ""695"", ""sel_2th_pre_bid"": ""-25800"", ""sel_1th_pre_req_pre"": ""0"", ""sel_fpr_req"": ""379"", ""sel_fpr_bid"": ""-25750"", ""buy_fpr_bid"": ""-25700"", ""buy_fpr_req"": ""190"", ""buy_1th_pre_req_pre"": ""0"", ""buy_2th_pre_bid"": ""-25650"", ""buy_2th_pre_req"": ""210"", ""buy_2th_pre_req_pre"": ""0"", ""buy_3th_pre_bid"": ""-25600"", ""buy_3th_pre_req"": ""464"", ""buy_3th_pre_req_pre"": ""0"", ""buy_4th_pre_bid"": ""-25550"", ""buy_4th_pre_req"": ""568"", ""buy_4th_pre_req_pre"": ""0"", ""buy_5th_pre_bid"": ""-25500"", ""buy_5th_pre_req"": ""470"", ""buy_5th_pre_req_pre"": ""0"", ""buy_6th_pre_bid"": ""-25450"", ""buy_6th_pre_req"": ""1210"", ""buy_6th_pre_req_pre"": ""0"", ""buy_7th_pre_bid"": ""-25400"", ""buy_7th_pre_req"": ""575"", ""buy_7th_pre_req_pre"": ""0"", ""buy_8th_pre_bid"": ""-25350"", ""buy_8th_pre_req"": ""401"", ""buy_8th_pre_req_pre"": ""0"", ""buy_9th_pre_bid"": ""-25300"", ""buy_9th_pre_req"": ""389"", ""buy_9th_pre_req_pre"": ""0"", ""buy_10th_pre_bid"": ""-25250"", ""buy_10th_pre_req"": ""483"", ""buy_10th_pre_req_pre"": ""0"", ""tot_sel_req_jub_pre"": ""0"", ""tot_sel_req"": ""6013"", ""tot_buy_req"": ""4960"", ""tot_buy_req_jub_pre"": ""0"", ""ovt_sel_req_pre"": ""0"", ""ovt_sel_req"": ""0"", ""ovt_buy_req"": ""0"", ""ovt_buy_req_pre"": ""0"", ""return_code"": 0, ""return_msg"": ""정상적으로 처리되었습니다""}"
2026-06-10,scan_candidate,088350,,0,main_scan,4920,,4920,4910,4920,4895,-0.6097560975609756,0.20325203252032523,,,,,,"{""bid_req_base_tm"": ""100027"", ""sel_10th_pre_req_pre"": ""0"", ""sel_10th_pre_req"": ""1"", ""sel_10th_pre_bid"": ""-4965"", ""sel_9th_pre_req_pre"": ""0"", ""sel_9th_pre_req"": ""3071"", ""sel_9th_pre_bid"": ""-4960"", ""sel_8th_pre_req_pre"": ""0"", ""sel_8th_pre_req"": ""14459"", ""sel_8th_pre_bid"": ""-4955"", ""sel_7th_pre_req_pre"": ""0"", ""sel_7th_pre_req"": ""2347"", ""sel_7th_pre_bid"": ""-4950"", ""sel_6th_pre_req_pre"": ""0"", ""sel_6th_pre_req"": ""2585"", ""sel_6th_pre_bid"": ""-4945"", ""sel_5th_pre_req_pre"": ""0"", ""sel_5th_pre_req"": ""1953"", ""sel_5th_pre_bid"": ""-4940"", ""sel_4th_pre_req_pre"": ""0"", ""sel_4th_pre_req"": ""1807"", ""sel_4th_pre_bid"": ""-4935"", ""sel_3th_pre_req_pre"": ""0"", ""sel_3th_pre_req"": ""4690"", ""sel_3th_pre_bid"": ""-4930"", ""sel_2th_pre_req_pre"": ""0"", ""sel_2th_pre_req"": ""1106"", ""sel_2th_pre_bid"": ""-4925"", ""sel_1th_pre_req_pre"": ""0"", ""sel_fpr_req"": ""285"", ""sel_fpr_bid"": ""-4920"", ""buy_fpr_bid"": ""-4910"", ""buy_fpr_req"": ""184"", ""buy_1th_pre_req_pre"": ""0"", ""buy_2th_pre_bid"": ""-4905"", ""buy_2th_pre_req"": ""3"", ""buy_2th_pre_req_pre"": ""0"", ""buy_3th_pre_bid"": ""-4895"", ""buy_3th_pre_req"": ""150"", ""buy_3th_pre_req_pre"": ""0"", ""buy_4th_pre_bid"": ""-4890"", ""buy_4th_pre_req"": ""900"", ""buy_4th_pre_req_pre"": ""0"", ""buy_5th_pre_bid"": ""-4880"", ""buy_5th_pre_req"": ""560"", ""buy_5th_pre_req_pre"": ""0"", ""buy_6th_pre_bid"": ""-4875"", ""buy_6th_pre_req"": ""114"", ""buy_6th_pre_req_pre"": ""0"", ""buy_7th_pre_bid"": ""-4870"", ""buy_7th_pre_req"": ""2636"", ""buy_7th_pre_req_pre"": ""+5"", ""buy_8th_pre_bid"": ""-4865"", ""buy_8th_pre_req"": ""1751"", ""buy_8th_pre_req_pre"": ""0"", ""buy_9th_pre_bid"": ""-4860"", ""buy_9th_pre_req"": ""56"", ""buy_9th_pre_req_pre"": ""0"", ""buy_10th_pre_bid"": ""-4855"", ""buy_10th_pre_req"": ""7"", ""buy_10th_pre_req_pre"": ""0"", ""tot_sel_req_jub_pre"": ""0"", ""tot_sel_req"": ""32304"", ""tot_buy_req"": ""6361"", ""tot_buy_req_jub_pre"": ""+5"", ""ovt_sel_req_pre"": ""0"", ""ovt_sel_req"": ""0"", ""ovt_buy_req"": ""0"", ""ovt_buy_req_pre"": ""0"", ""return_code"": 0, ""return_msg"": ""정상적으로 처리되었습니다""}"
2026-06-10,scan_candidate,069960,,0,main_scan,163100,,163100,162800,163100,163500,-0.06131207847946045,0.18393623543838136,,,,,,"{""bid_req_base_tm"": ""100026"", ""sel_10th_pre_req_pre"": ""0"", ""sel_10th_pre_req"": ""1"", ""sel_10th_pre_bid"": ""-165500"", ""sel_9th_pre_req_pre"": ""0"", ""sel_9th_pre_req"": ""1"", ""sel_9th_pre_bid"": ""-165400"", ""sel_8th_pre_req_pre"": ""0"", ""sel_8th_pre_req"": ""2"", ""sel_8th_pre_bid"": ""-165200"", ""sel_7th_pre_req_pre"": ""0"", ""sel_7th_pre_req"": ""8"", ""sel_7th_pre_bid"": ""-164800"", ""sel_6th_pre_req_pre"": ""0"", ""sel_6th_pre_req"": ""1"", ""sel_6th_pre_bid"": ""-164400"", ""sel_5th_pre_req_pre"": ""0"", ""sel_5th_pre_req"": ""6"", ""sel_5th_pre_bid"": ""-163700"", ""sel_4th_pre_req_pre"": ""0"", ""sel_4th_pre_req"": ""19"", ""sel_4th_pre_bid"": ""-163500"", ""sel_3th_pre_req_pre"": ""0"", ""sel_3th_pre_req"": ""1"", ""sel_3th_pre_bid"": ""-163400"", ""sel_2th_pre_req_pre"": ""0"", ""sel_2th_pre_req"": ""1"", ""sel_2th_pre_bid"": ""-163200"", ""sel_1th_pre_req_pre"": ""+11"", ""sel_fpr_req"": ""25"", ""sel_fpr_bid"": ""-163100"", ""buy_fpr_bid"": ""-162800"", ""buy_fpr_req"": ""8"", ""buy_1th_pre_req_pre"": ""0"", ""buy_2th_pre_bid"": ""-162500"", ""buy_2th_pre_req"": ""7"", ""buy_2th_pre_req_pre"": ""0"", ""buy_3th_pre_bid"": ""-162300"", ""buy_3th_pre_req"": ""3"", ""buy_3th_pre_req_pre"": ""0"", ""buy_4th_pre_bid"": ""-162200"", ""buy_4th_pre_req"": ""4"", ""buy_4th_pre_req_pre"": ""0"", ""buy_5th_pre_bid"": ""-162100"", ""buy_5th_pre_req"": ""136"", ""buy_5th_pre_req_pre"": ""0"", ""buy_6th_pre_bid"": ""-162000"", ""buy_6th_pre_req"": ""2"", ""buy_6th_pre_req_pre"": ""0"", ""buy_7th_pre_bid"": ""-161800"", ""buy_7th_pre_req"": ""1"", ""buy_7th_pre_req_pre"": ""0"", ""buy_8th_pre_bid"": ""-161700"", ""buy_8th_pre_req"": ""2"", ""buy_8th_pre_req_pre"": ""0"", ""buy_9th_pre_bid"": ""-161500"", ""buy_9th_pre_req"": ""5"", ""buy_9th_pre_req_pre"": ""0"", ""buy_10th_pre_bid"": ""-161200"", ""buy_10th_pre_req"": ""23"", ""buy_10th_pre_req_pre"": ""0"", ""tot_sel_req_jub_pre"": ""+11"", ""tot_sel_req"": ""65"", ""tot_buy_req"": ""191"", ""tot_buy_req_jub_pre"": ""0"", ""ovt_sel_req_pre"": ""0"", ""ovt_sel_req"": ""0"", ""ovt_buy_req"": ""0"", ""ovt_buy_req_pre"": ""0"", ""return_code"": 0, ""return_msg"": ""정상적으로 처리되었습니다""}"
2026-06-10,scan_candidate,111770,,0,main_scan,79200,,79200,79100,79200,79000,-0.3787878787878788,0.12626262626262627,,,,,,"{""bid_req_base_tm"": ""100027"", ""sel_10th_pre_req_pre"": ""0"", ""sel_10th_pre_req"": ""6"", ""sel_10th_pre_bid"": ""+80300"", ""sel_9th_pre_req_pre"": ""0"", ""sel_9th_pre_req"": ""191"", ""sel_9th_pre_bid"": ""+80000"", ""sel_8th_pre_req_pre"": ""0"", ""sel_8th_pre_req"": ""31"", ""sel_8th_pre_bid"": ""+79900"", ""sel_7th_pre_req_pre"": ""0"", ""sel_7th_pre_req"": ""2"", ""sel_7th_pre_bid"": ""+79800"", ""sel_6th_pre_req_pre"": ""0"", ""sel_6th_pre_req"": ""1"", ""sel_6th_pre_bid"": ""+79700"", ""sel_5th_pre_req_pre"": ""0"", ""sel_5th_pre_req"": ""2"", ""sel_5th_pre_bid"": ""+79600"", ""sel_4th_pre_req_pre"": ""0"", ""sel_4th_pre_req"": ""11"", ""sel_4th_pre_bid"": ""+79500"", ""sel_3th_pre_req_pre"": ""0"", ""sel_3th_pre_req"": ""7"", ""sel_3th_pre_bid"": ""+79400"", ""sel_2th_pre_req_pre"": ""0"", ""sel_2th_pre_req"": ""7"", ""sel_2th_pre_bid"": ""+79300"", ""sel_1th_pre_req_pre"": ""--37"", ""sel_fpr_req"": ""7"", ""sel_fpr_bid"": ""+79200"", ""buy_fpr_bid"": ""+79100"", ""buy_fpr_req"": ""10"", ""buy_1th_pre_req_pre"": ""0"", ""buy_2th_pre_bid"": ""+79000"", ""buy_2th_pre_req"": ""28"", ""buy_2th_pre_req_pre"": ""--23"", ""buy_3th_pre_bid"": ""+78900"", ""buy_3th_pre_req"": ""7"", ""buy_3th_pre_req_pre"": ""0"", ""buy_4th_pre_bid"": ""+78800"", ""buy_4th_pre_req"": ""3"", ""buy_4th_pre_req_pre"": ""0"", ""buy_5th_pre_bid"": ""+78700"", ""buy_5th_pre_req"": ""26"", ""buy_5th_pre_req_pre"": ""0"", ""buy_6th_pre_bid"": ""+78600"", ""buy_6th_pre_req"": ""50"", ""buy_6th_pre_req_pre"": ""0"", ""buy_7th_pre_bid"": ""+78500"", ""buy_7th_pre_req"": ""87"", ""buy_7th_pre_req_pre"": ""0"", ""buy_8th_pre_bid"": ""+78300"", ""buy_8th_pre_req"": ""7"", ""buy_8th_pre_req_pre"": ""0"", ""buy_9th_pre_bid"": ""+78200"", ""buy_9th_pre_req"": ""11"", ""buy_9th_pre_req_pre"": ""0"", ""buy_10th_pre_bid"": ""+78100"", ""buy_10th_pre_req"": ""19"", ""buy_10th_pre_req_pre"": ""0"", ""tot_sel_req_jub_pre"": ""--44"", ""tot_sel_req"": ""265"", ""tot_buy_req"": ""248"", ""tot_buy_req_jub_pre"": ""--71"", ""ovt_sel_req_pre"": ""0"", ""ovt_sel_req"": ""0"", ""ovt_buy_req"": ""0"", ""ovt_buy_req_pre"": ""0"", ""return_code"": 0, ""return_msg"": ""정상적으로 처리되었습니다""}"
2026-06-10,scan_candidate,489790,,0,main_scan,69600,,69600,69200,69600,69400,-0.43103448275862066,0.5747126436781609,,,,,,"{""bid_req_base_tm"": ""100027"", ""sel_10th_pre_req_pre"": ""0"", ""sel_10th_pre_req"": ""256"", ""sel_10th_pre_bid"": ""+70500"", ""sel_9th_pre_req_pre"": ""0"", ""sel_9th_pre_req"": ""326"", ""sel_9th_pre_bid"": ""+70400"", ""sel_8th_pre_req_pre"": ""0"", ""sel_8th_pre_req"": ""145"", ""sel_8th_pre_bid"": ""+70300"", ""sel_7th_pre_req_pre"": ""0"", ""sel_7th_pre_req"": ""104"", ""sel_7th_pre_bid"": ""+70200"", ""sel_6th_pre_req_pre"": ""0"", ""sel_6th_pre_req"": ""299"", ""sel_6th_pre_bid"": ""+70100"", ""sel_5th_pre_req_pre"": ""0"", ""sel_5th_pre_req"": ""285"", ""sel_5th_pre_bid"": ""+70000"", ""sel_4th_pre_req_pre"": ""0"", ""sel_4th_pre_req"": ""25"", ""sel_4th_pre_bid"": ""+69900"", ""sel_3th_pre_req_pre"": ""0"", ""sel_3th_pre_req"": ""20"", ""sel_3th_pre_bid"": ""+69800"", ""sel_2th_pre_req_pre"": ""0"", ""sel_2th_pre_req"": ""9"", ""sel_2th_pre_bid"": ""+69700"", ""sel_1th_pre_req_pre"": ""0"", ""sel_fpr_req"": ""3"", ""sel_fpr_bid"": ""+69600"", ""buy_fpr_bid"": ""+69200"", ""buy_fpr_req"": ""7"", ""buy_1th_pre_req_pre"": ""+1"", ""buy_2th_pre_bid"": ""+69100"", ""buy_2th_pre_req"": ""163"", ""buy_2th_pre_req_pre"": ""0"", ""buy_3th_pre_bid"": ""+69000"", ""buy_3th_pre_req"": ""38"", ""buy_3th_pre_req_pre"": ""0"", ""buy_4th_pre_bid"": ""+68900"", ""buy_4th_pre_req"": ""80"", ""buy_4th_pre_req_pre"": ""0"", ""buy_5th_pre_bid"": ""+68800"", ""buy_5th_pre_req"": ""573"", ""buy_5th_pre_req_pre"": ""0"", ""buy_6th_pre_bid"": ""+68700"", ""buy_6th_pre_req"": ""26"", ""buy_6th_pre_req_pre"": ""0"", ""buy_7th_pre_bid"": ""+68600"", ""buy_7th_pre_req"": ""254"", ""buy_7th_pre_req_pre"": ""0"", ""buy_8th_pre_bid"": ""+68500"", ""buy_8th_pre_req"": ""147"", ""buy_8th_pre_req_pre"": ""0"", ""buy_9th_pre_bid"": ""+68400"", ""buy_9th_pre_req"": ""113"", ""buy_9th_pre_req_pre"": ""0"", ""buy_10th_pre_bid"": ""+68300"", ""buy_10th_pre_req"": ""688"", ""buy_10th_pre_req_pre"": ""0"", ""tot_sel_req_jub_pre"": ""0"", ""tot_sel_req"": ""1472"", ""tot_buy_req"": ""2089"", ""tot_buy_req_jub_pre"": ""+1"", ""ovt_sel_req_pre"": ""0"", ""ovt_sel_req"": ""0"", ""ovt_buy_req"": ""0"", ""ovt_buy_req_pre"": ""0"", ""return_code"": 0, ""return_msg"": ""정상적으로 처리되었습니다""}"
2026-06-10,scan_candidate,085620,,0,main_scan,22100,,22100,22050,22100,22100,-0.22624434389140274,0.22624434389140274,,,,,,"{""bid_req_base_tm"": ""100028"", ""sel_10th_pre_req_pre"": ""0"", ""sel_10th_pre_req"": ""443"", ""sel_10th_pre_bid"": ""-22550"", ""sel_9th_pre_req_pre"": ""0"", ""sel_9th_pre_req"": ""285"", ""sel_9th_pre_bid"": ""-22500"", ""sel_8th_pre_req_pre"": ""0"", ""sel_8th_pre_req"": ""517"", ""sel_8th_pre_bid"": ""-22450"", ""sel_7th_pre_req_pre"": ""0"", ""sel_7th_pre_req"": ""881"", ""sel_7th_pre_bid"": ""-22400"", ""sel_6th_pre_req_pre"": ""0"", ""sel_6th_pre_req"": ""570"", ""sel_6th_pre_bid"": ""-22350"", ""sel_5th_pre_req_pre"": ""0"", ""sel_5th_pre_req"": ""1152"", ""sel_5th_pre_bid"": ""-22300"", ""sel_4th_pre_req_pre"": ""0"", ""sel_4th_pre_req"": ""698"", ""sel_4th_pre_bid"": ""-22250"", ""sel_3th_pre_req_pre"": ""0"", ""sel_3th_pre_req"": ""1623"", ""sel_3th_pre_bid"": ""-22200"", ""sel_2th_pre_req_pre"": ""0"", ""sel_2th_pre_req"": ""1172"", ""sel_2th_pre_bid"": ""-22150"", ""sel_1th_pre_req_pre"": ""+12"", ""sel_fpr_req"": ""1100"", ""sel_fpr_bid"": ""-22100"", ""buy_fpr_bid"": ""-22050"", ""buy_fpr_req"": ""313"", ""buy_1th_pre_req_pre"": ""0"", ""buy_2th_pre_bid"": ""-21950"", ""buy_2th_pre_req"": ""143"", ""buy_2th_pre_req_pre"": ""0"", ""buy_3th_pre_bid"": ""-21900"", ""buy_3th_pre_req"": ""10"", ""buy_3th_pre_req_pre"": ""0"", ""buy_4th_pre_bid"": ""-21850"", ""buy_4th_pre_req"": ""962"", ""buy_4th_pre_req_pre"": ""0"", ""buy_5th_pre_bid"": ""-21800"", ""buy_5th_pre_req"": ""1178"", ""buy_5th_pre_req_pre"": ""0"", ""buy_6th_pre_bid"": ""-21750"", ""buy_6th_pre_req"": ""2509"", ""buy_6th_pre_req_pre"": ""0"", ""buy_7th_pre_bid"": ""-21700"", ""buy_7th_pre_req"": ""1410"", ""buy_7th_pre_req_pre"": ""0"", ""buy_8th_pre_bid"": ""-21650"", ""buy_8th_pre_req"": ""2397"", ""buy_8th_pre_req_pre"": ""0"", ""buy_9th_pre_bid"": ""-21600"", ""buy_9th_pre_req"": ""1406"", ""buy_9th_pre_req_pre"": ""0"", ""buy_10th_pre_bid"": ""-21550"", ""buy_10th_pre_req"": ""1577"", ""buy_10th_pre_req_pre"": ""0"", ""tot_sel_req_jub_pre"": ""+12"", ""tot_sel_req"": ""8441"", ""tot_buy_req"": ""11905"", ""tot_buy_req_jub_pre"": ""0"", ""ovt_sel_req_pre"": ""0"", ""ovt_sel_req"": ""0"", ""ovt_buy_req"": ""0"", ""ovt_buy_req_pre"": ""0"", ""return_code"": 0, ""return_msg"": ""정상적으로 처리되었습니다""}"
2026-06-10,scan_candidate,001450,,0,main_scan,38900,,38900,38850,38900,38750,-0.5141388174807198,0.12853470437017994,,,,,,"{""bid_req_base_tm"": ""100028"", ""sel_10th_pre_req_pre"": ""0"", ""sel_10th_pre_req"": ""155"", ""sel_10th_pre_bid"": ""+39350"", ""sel_9th_pre_req_pre"": ""0"", ""sel_9th_pre_req"": ""703"", ""sel_9th_pre_bid"": ""+39300"", ""sel_8th_pre_req_pre"": ""0"", ""sel_8th_pre_req"": ""219"", ""sel_8th_pre_bid"": ""+39250"", ""sel_7th_pre_req_pre"": ""0"", ""sel_7th_pre_req"": ""306"", ""sel_7th_pre_bid"": ""+39200"", ""sel_6th_pre_req_pre"": ""0"", ""sel_6th_pre_req"": ""2019"", ""sel_6th_pre_bid"": ""+39150"", ""sel_5th_pre_req_pre"": ""0"", ""sel_5th_pre_req"": ""676"", ""sel_5th_pre_bid"": ""+39100"", ""sel_4th_pre_req_pre"": ""0"", ""sel_4th_pre_req"": ""529"", ""sel_4th_pre_bid"": ""+39050"", ""sel_3th_pre_req_pre"": ""0"", ""sel_3th_pre_req"": ""1027"", ""sel_3th_pre_bid"": ""+39000"", ""sel_2th_pre_req_pre"": ""0"", ""sel_2th_pre_req"": ""912"", ""sel_2th_pre_bid"": ""+38950"", ""sel_1th_pre_req_pre"": ""--33"", ""sel_fpr_req"": ""398"", ""sel_fpr_bid"": ""+38900"", ""buy_fpr_bid"": ""+38850"", ""buy_fpr_req"": ""301"", ""buy_1th_pre_req_pre"": ""0"", ""buy_2th_pre_bid"": ""+38800"", ""buy_2th_pre_req"": ""482"", ""buy_2th_pre_req_pre"": ""0"", ""buy_3th_pre_bid"": ""+38750"", ""buy_3th_pre_req"": ""499"", ""buy_3th_pre_req_pre"": ""0"", ""buy_4th_pre_bid"": ""+38700"", ""buy_4th_pre_req"": ""403"", ""buy_4th_pre_req_pre"": ""0"", ""buy_5th_pre_bid"": ""+38650"", ""buy_5th_pre_req"": ""52"", ""buy_5th_pre_req_pre"": ""0"", ""buy_6th_pre_bid"": ""+38600"", ""buy_6th_pre_req"": ""163"", ""buy_6th_pre_req_pre"": ""0"", ""buy_7th_pre_bid"": ""+38550"", ""buy_7th_pre_req"": ""2505"", ""buy_7th_pre_req_pre"": ""0"", ""buy_8th_pre_bid"": ""+38500"", ""buy_8th_pre_req"": ""117"", ""buy_8th_pre_req_pre"": ""0"", ""buy_9th_pre_bid"": ""+38450"", ""buy_9th_pre_req"": ""11"", ""buy_9th_pre_req_pre"": ""0"", ""buy_10th_pre_bid"": ""+38400"", ""buy_10th_pre_req"": ""221"", ""buy_10th_pre_req_pre"": ""0"", ""tot_sel_req_jub_pre"": ""--33"", ""tot_sel_req"": ""6944"", ""tot_buy_req"": ""4754"", ""tot_buy_req_jub_pre"": ""0"", ""ovt_sel_req_pre"": ""0"", ""ovt_sel_req"": ""0"", ""ovt_buy_req"": ""0"", ""ovt_buy_req_pre"": ""0"", ""return_code"": 0, ""return_msg"": ""정상적으로 처리되었습니다""}"
2026-06-10,scan_candidate,036460,,0,main_scan,34400,,34400,34350,34400,34400,-0.14534883720930233,0.14534883720930233,,,,,,"{""bid_req_base_tm"": ""100028"", ""sel_10th_pre_req_pre"": ""0"", ""sel_10th_pre_req"": ""530"", ""sel_10th_pre_bid"": ""+34850"", ""sel_9th_pre_req_pre"": ""0"", ""sel_9th_pre_req"": ""14"", ""sel_9th_pre_bid"": ""+34800"", ""sel_8th_pre_req_pre"": ""0"", ""sel_8th_pre_req"": ""61"", ""sel_8th_pre_bid"": ""+34750"", ""sel_7th_pre_req_pre"": ""0"", ""sel_7th_pre_req"": ""196"", ""sel_7th_pre_bid"": ""+34700"", ""sel_6th_pre_req_pre"": ""0"", ""sel_6th_pre_req"": ""271"", ""sel_6th_pre_bid"": ""+34650"", ""sel_5th_pre_req_pre"": ""0"", ""sel_5th_pre_req"": ""629"", ""sel_5th_pre_bid"": ""+34600"", ""sel_4th_pre_req_pre"": ""0"", ""sel_4th_pre_req"": ""219"", ""sel_4th_pre_bid"": ""+34550"", ""sel_3th_pre_req_pre"": ""0"", ""sel_3th_pre_req"": ""702"", ""sel_3th_pre_bid"": ""+34500"", ""sel_2th_pre_req_pre"": ""0"", ""sel_2th_pre_req"": ""713"", ""sel_2th_pre_bid"": ""+34450"", ""sel_1th_pre_req_pre"": ""0"", ""sel_fpr_req"": ""1252"", ""sel_fpr_bid"": ""+34400"", ""buy_fpr_bid"": ""+34350"", ""buy_fpr_req"": ""210"", ""buy_1th_pre_req_pre"": ""+31"", ""buy_2th_pre_bid"": ""+34300"", ""buy_2th_pre_req"": ""446"", ""buy_2th_pre_req_pre"": ""0"", ""buy_3th_pre_bid"": ""+34250"", ""buy_3th_pre_req"": ""252"", ""buy_3th_pre_req_pre"": ""0"", ""buy_4th_pre_bid"": ""+34200"", ""buy_4th_pre_req"": ""618"", ""buy_4th_pre_req_pre"": ""0"", ""buy_5th_pre_bid"": ""+34150"", ""buy_5th_pre_req"": ""304"", ""buy_5th_pre_req_pre"": ""0"", ""buy_6th_pre_bid"": ""+34100"", ""buy_6th_pre_req"": ""413"", ""buy_6th_pre_req_pre"": ""0"", ""buy_7th_pre_bid"": ""+34050"", ""buy_7th_pre_req"": ""893"", ""buy_7th_pre_req_pre"": ""--30"", ""buy_8th_pre_bid"": ""34000"", ""buy_8th_pre_req"": ""3019"", ""buy_8th_pre_req_pre"": ""0"", ""buy_9th_pre_bid"": ""-33950"", ""buy_9th_pre_req"": ""854"", ""buy_9th_pre_req_pre"": ""0"", ""buy_10th_pre_bid"": ""-33900"", ""buy_10th_pre_req"": ""840"", ""buy_10th_pre_req_pre"": ""0"", ""tot_sel_req_jub_pre"": ""0"", ""tot_sel_req"": ""4587"", ""tot_buy_req"": ""7849"", ""tot_buy_req_jub_pre"": ""+1"", ""ovt_sel_req_pre"": ""0"", ""ovt_sel_req"": ""0"", ""ovt_buy_req"": ""0"", ""ovt_buy_req_pre"": ""0"", ""return_code"": 0, ""return_msg"": ""정상적으로 처리되었습니다""}"
2026-06-10,scan_candidate,007810,,0,main_scan,120800,,120800,120600,120800,120000,-1.076158940397351,0.16556291390728478,,,,,,"{""bid_req_base_tm"": ""100029"", ""sel_10th_pre_req_pre"": ""0"", ""sel_10th_pre_req"": ""357"", ""sel_10th_pre_bid"": ""+122200"", ""sel_9th_pre_req_pre"": ""0"", ""sel_9th_pre_req"": ""1"", ""sel_9th_pre_bid"": ""+122100"", ""sel_8th_pre_req_pre"": ""0"", ""sel_8th_pre_req"": ""57"", ""sel_8th_pre_bid"": ""+122000"", ""sel_7th_pre_req_pre"": ""0"", ""sel_7th_pre_req"": ""2"", ""sel_7th_pre_bid"": ""+121900"", ""sel_6th_pre_req_pre"": ""0"", ""sel_6th_pre_req"": ""6"", ""sel_6th_pre_bid"": ""+121800"", ""sel_5th_pre_req_pre"": ""0"", ""sel_5th_pre_req"": ""2"", ""sel_5th_pre_bid"": ""+121600"", ""sel_4th_pre_req_pre"": ""0"", ""sel_4th_pre_req"": ""201"", ""sel_4th_pre_bid"": ""+121500"", ""sel_3th_pre_req_pre"": ""0"", ""sel_3th_pre_req"": ""3"", ""sel_3th_pre_bid"": ""+121400"", ""sel_2th_pre_req_pre"": ""0"", ""sel_2th_pre_req"": ""821"", ""sel_2th_pre_bid"": ""+121000"", ""sel_1th_pre_req_pre"": ""+16"", ""sel_fpr_req"": ""99"", ""sel_fpr_bid"": ""+120800"", ""buy_fpr_bid"": ""+120600"", ""buy_fpr_req"": ""7"", ""buy_1th_pre_req_pre"": ""+6"", ""buy_2th_pre_bid"": ""+120500"", ""buy_2th_pre_req"": ""20"", ""buy_2th_pre_req_pre"": ""0"", ""buy_3th_pre_bid"": ""+120400"", ""buy_3th_pre_req"": ""1"", ""buy_3th_pre_req_pre"": ""0"", ""buy_4th_pre_bid"": ""120300"", ""buy_4th_pre_req"": ""31"", ""buy_4th_pre_req_pre"": ""0"", ""buy_5th_pre_bid"": ""-120200"", ""buy_5th_pre_req"": ""23"", ""buy_5th_pre_req_pre"": ""0"", ""buy_6th_pre_bid"": ""-120100"", ""buy_6th_pre_req"": ""1"", ""buy_6th_pre_req_pre"": ""0"", ""buy_7th_pre_bid"": ""-120000"", ""buy_7th_pre_req"": ""1"", ""buy_7th_pre_req_pre"": ""0"", ""buy_8th_pre_bid"": ""-119900"", ""buy_8th_pre_req"": ""1"", ""buy_8th_pre_req_pre"": ""0"", ""buy_9th_pre_bid"": ""-119800"", ""buy_9th_pre_req"": ""4"", ""buy_9th_pre_req_pre"": ""0"", ""buy_10th_pre_bid"": ""-119700"", ""buy_10th_pre_req"": ""17"", ""buy_10th_pre_req_pre"": ""0"", ""tot_sel_req_jub_pre"": ""+16"", ""tot_sel_req"": ""1549"", ""tot_buy_req"": ""106"", ""tot_buy_req_jub_pre"": ""+6"", ""ovt_sel_req_pre"": ""0"", ""ovt_sel_req"": ""0"", ""ovt_buy_req"": ""0"", ""ovt_buy_req_pre"": ""0"", ""return_code"": 0, ""return_msg"": ""정상적으로 처리되었습니다""}"
2026-06-10,scan_candidate,001740,,0,main_scan,13560,,13560,13550,13560,13550,-0.4424778761061947,0.07374631268436578,,,,,,"{""bid_req_base_tm"": ""100029"", ""sel_10th_pre_req_pre"": ""0"", ""sel_10th_pre_req"": ""132"", ""sel_10th_pre_bid"": ""-13650"", ""sel_9th_pre_req_pre"": ""0"", ""sel_9th_pre_req"": ""2"", ""sel_9th_pre_bid"": ""-13640"", ""sel_8th_pre_req_pre"": ""0"", ""sel_8th_pre_req"": ""370"", ""sel_8th_pre_bid"": ""-13630"", ""sel_7th_pre_req_pre"": ""0"", ""sel_7th_pre_req"": ""1567"", ""sel_7th_pre_bid"": ""-13620"", ""sel_6th_pre_req_pre"": ""0"", ""sel_6th_pre_req"": ""716"", ""sel_6th_pre_bid"": ""-13610"", ""sel_5th_pre_req_pre"": ""0"", ""sel_5th_pre_req"": ""739"", ""sel_5th_pre_bid"": ""-13600"", ""sel_4th_pre_req_pre"": ""0"", ""sel_4th_pre_req"": ""633"", ""sel_4th_pre_bid"": ""-13590"", ""sel_3th_pre_req_pre"": ""0"", ""sel_3th_pre_req"": ""707"", ""sel_3th_pre_bid"": ""-13580"", ""sel_2th_pre_req_pre"": ""0"", ""sel_2th_pre_req"": ""3907"", ""sel_2th_pre_bid"": ""-13570"", ""sel_1th_pre_req_pre"": ""0"", ""sel_fpr_req"": ""279"", ""sel_fpr_bid"": ""-13560"", ""buy_fpr_bid"": ""-13550"", ""buy_fpr_req"": ""461"", ""buy_1th_pre_req_pre"": ""0"", ""buy_2th_pre_bid"": ""-13540"", ""buy_2th_pre_req"": ""473"", ""buy_2th_pre_req_pre"": ""0"", ""buy_3th_pre_bid"": ""-13530"", ""buy_3th_pre_req"": ""1417"", ""buy_3th_pre_req_pre"": ""+111"", ""buy_4th_pre_bid"": ""-13520"", ""buy_4th_pre_req"": ""4231"", ""buy_4th_pre_req_pre"": ""+81"", ""buy_5th_pre_bid"": ""-13510"", ""buy_5th_pre_req"": ""11650"", ""buy_5th_pre_req_pre"": ""0"", ""buy_6th_pre_bid"": ""-13500"", ""buy_6th_pre_req"": ""43427"", ""buy_6th_pre_req_pre"": ""+1"", ""buy_7th_pre_bid"": ""-13490"", ""buy_7th_pre_req"": ""5108"", ""buy_7th_pre_req_pre"": ""0"", ""buy_8th_pre_bid"": ""-13480"", ""buy_8th_pre_req"": ""2988"", ""buy_8th_pre_req_pre"": ""0"", ""buy_9th_pre_bid"": ""-13470"", ""buy_9th_pre_req"": ""11254"", ""buy_9th_pre_req_pre"": ""0"", ""buy_10th_pre_bid"": ""-13460"", ""buy_10th_pre_req"": ""19655"", ""buy_10th_pre_req_pre"": ""0"", ""tot_sel_req_jub_pre"": ""0"", ""tot_sel_req"": ""9052"", ""tot_buy_req"": ""100664"", ""tot_buy_req_jub_pre"": ""+193"", ""ovt_sel_req_pre"": ""0"", ""ovt_sel_req"": ""0"", ""ovt_buy_req"": ""0"", ""ovt_buy_req_pre"": ""0"", ""return_code"": 0, ""return_msg"": ""정상적으로 처리되었습니다""}"
2026-06-10,scan_candidate,383220,,0,main_scan,75800,,75800,75700,75800,76100,0.2638522427440633,0.13192612137203166,,,,,,"{""bid_req_base_tm"": ""100025"", ""sel_10th_pre_req_pre"": ""0"", ""sel_10th_pre_req"": ""10"", ""sel_10th_pre_bid"": ""+77100"", ""sel_9th_pre_req_pre"": ""0"", ""sel_9th_pre_req"": ""2"", ""sel_9th_pre_bid"": ""+77000"", ""sel_8th_pre_req_pre"": ""0"", ""sel_8th_pre_req"": ""106"", ""sel_8th_pre_bid"": ""+76900"", ""sel_7th_pre_req_pre"": ""0"", ""sel_7th_pre_req"": ""20"", ""sel_7th_pre_bid"": ""+76800"", ""sel_6th_pre_req_pre"": ""0"", ""sel_6th_pre_req"": ""11"", ""sel_6th_pre_bid"": ""+76700"", ""sel_5th_pre_req_pre"": ""0"", ""sel_5th_pre_req"": ""7"", ""sel_5th_pre_bid"": ""+76500"", ""sel_4th_pre_req_pre"": ""0"", ""sel_4th_pre_req"": ""1"", ""sel_4th_pre_bid"": ""+76400"", ""sel_3th_pre_req_pre"": ""0"", ""sel_3th_pre_req"": ""9"", ""sel_3th_pre_bid"": ""+76000"", ""sel_2th_pre_req_pre"": ""0"", ""sel_2th_pre_req"": ""11"", ""sel_2th_pre_bid"": ""+75900"", ""sel_1th_pre_req_pre"": ""0"", ""sel_fpr_req"": ""44"", ""sel_fpr_bid"": ""+75800"", ""buy_fpr_bid"": ""+75700"", ""buy_fpr_req"": ""77"", ""buy_1th_pre_req_pre"": ""0"", ""buy_2th_pre_bid"": ""+75600"", ""buy_2th_pre_req"": ""25"", ""buy_2th_pre_req_pre"": ""+5"", ""buy_3th_pre_bid"": ""+75500"", ""buy_3th_pre_req"": ""10"", ""buy_3th_pre_req_pre"": ""--5"", ""buy_4th_pre_bid"": ""+75400"", ""buy_4th_pre_req"": ""52"", ""buy_4th_pre_req_pre"": ""0"", ""buy_5th_pre_bid"": ""+75300"", ""buy_5th_pre_req"": ""18"", ""buy_5th_pre_req_pre"": ""0"", ""buy_6th_pre_bid"": ""+75200"", ""buy_6th_pre_req"": ""5"", ""buy_6th_pre_req_pre"": ""0"", ""buy_7th_pre_bid"": ""+75100"", ""buy_7th_pre_req"": ""123"", ""buy_7th_pre_req_pre"": ""0"", ""buy_8th_pre_bid"": ""+75000"", ""buy_8th_pre_req"": ""5"", ""buy_8th_pre_req_pre"": ""0"", ""buy_9th_pre_bid"": ""+74900"", ""buy_9th_pre_req"": ""10"", ""buy_9th_pre_req_pre"": ""0"", ""buy_10th_pre_bid"": ""+74800"", ""buy_10th_pre_req"": ""9"", ""buy_10th_pre_req_pre"": ""0"", ""tot_sel_req_jub_pre"": ""0"", ""tot_sel_req"": ""221"", ""tot_buy_req"": ""334"", ""tot_buy_req_jub_pre"": ""0"", ""ovt_sel_req_pre"": ""0"", ""ovt_sel_req"": ""0"", ""ovt_buy_req"": ""0"", ""ovt_buy_req_pre"": ""0"", ""return_code"": 0, ""return_msg"": ""정상적으로 처리되었습니다""}"
2026-06-10,scan_candidate,014680,,0,main_scan,261500,,261500,261000,261500,262500,0.19120458891013384,0.19120458891013384,,,,,,"{""bid_req_base_tm"": ""100028"", ""sel_10th_pre_req_pre"": ""0"", ""sel_10th_pre_req"": ""23"", ""sel_10th_pre_bid"": ""+266000"", ""sel_9th_pre_req_pre"": ""0"", ""sel_9th_pre_req"": ""58"", ""sel_9th_pre_bid"": ""+265500"", ""sel_8th_pre_req_pre"": ""0"", ""sel_8th_pre_req"": ""34"", ""sel_8th_pre_bid"": ""+265000"", ""sel_7th_pre_req_pre"": ""0"", ""sel_7th_pre_req"": ""40"", ""sel_7th_pre_bid"": ""+264500"", ""sel_6th_pre_req_pre"": ""0"", ""sel_6th_pre_req"": ""114"", ""sel_6th_pre_bid"": ""+264000"", ""sel_5th_pre_req_pre"": ""0"", ""sel_5th_pre_req"": ""14"", ""sel_5th_pre_bid"": ""+263500"", ""sel_4th_pre_req_pre"": ""0"", ""sel_4th_pre_req"": ""11"", ""sel_4th_pre_bid"": ""+263000"", ""sel_3th_pre_req_pre"": ""--1"", ""sel_3th_pre_req"": ""13"", ""sel_3th_pre_bid"": ""+262500"", ""sel_2th_pre_req_pre"": ""0"", ""sel_2th_pre_req"": ""5"", ""sel_2th_pre_bid"": ""+262000"", ""sel_1th_pre_req_pre"": ""0"", ""sel_fpr_req"": ""1"", ""sel_fpr_bid"": ""+261500"", ""buy_fpr_bid"": ""+261000"", ""buy_fpr_req"": ""49"", ""buy_1th_pre_req_pre"": ""0"", ""buy_2th_pre_bid"": ""+260500"", ""buy_2th_pre_req"": ""69"", ""buy_2th_pre_req_pre"": ""0"", ""buy_3th_pre_bid"": ""+260000"", ""buy_3th_pre_req"": ""99"", ""buy_3th_pre_req_pre"": ""0"", ""buy_4th_pre_bid"": ""+259500"", ""buy_4th_pre_req"": ""225"", ""buy_4th_pre_req_pre"": ""0"", ""buy_5th_pre_bid"": ""+259000"", ""buy_5th_pre_req"": ""300"", ""buy_5th_pre_req_pre"": ""0"", ""buy_6th_pre_bid"": ""+258500"", ""buy_6th_pre_req"": ""115"", ""buy_6th_pre_req_pre"": ""0"", ""buy_7th_pre_bid"": ""+258000"", ""buy_7th_pre_req"": ""102"", ""buy_7th_pre_req_pre"": ""0"", ""buy_8th_pre_bid"": ""+257500"", ""buy_8th_pre_req"": ""132"", ""buy_8th_pre_req_pre"": ""0"", ""buy_9th_pre_bid"": ""+257000"", ""buy_9th_pre_req"": ""138"", ""buy_9th_pre_req_pre"": ""0"", ""buy_10th_pre_bid"": ""+256500"", ""buy_10th_pre_req"": ""3"", ""buy_10th_pre_req_pre"": ""0"", ""tot_sel_req_jub_pre"": ""--1"", ""tot_sel_req"": ""313"", ""tot_buy_req"": ""1232"", ""tot_buy_req_jub_pre"": ""0"", ""ovt_sel_req_pre"": ""0"", ""ovt_sel_req"": ""0"", ""ovt_buy_req"": ""0"", ""ovt_buy_req_pre"": ""0"", ""return_code"": 0, ""return_msg"": ""정상적으로 처리되었습니다""}"
2026-06-10,scan_candidate,028670,,0,main_scan,5070,,5070,5060,5070,5100,0.39447731755424065,0.19723865877712032,,,,,,"{""bid_req_base_tm"": ""100029"", ""sel_10th_pre_req_pre"": ""0"", ""sel_10th_pre_req"": ""800"", ""sel_10th_pre_bid"": ""-5160"", ""sel_9th_pre_req_pre"": ""0"", ""sel_9th_pre_req"": ""200"", ""sel_9th_pre_bid"": ""-5150"", ""sel_8th_pre_req_pre"": ""0"", ""sel_8th_pre_req"": ""330"", ""sel_8th_pre_bid"": ""-5140"", ""sel_7th_pre_req_pre"": ""0"", ""sel_7th_pre_req"": ""659"", ""sel_7th_pre_bid"": ""-5130"", ""sel_6th_pre_req_pre"": ""0"", ""sel_6th_pre_req"": ""359"", ""sel_6th_pre_bid"": ""-5120"", ""sel_5th_pre_req_pre"": ""0"", ""sel_5th_pre_req"": ""200"", ""sel_5th_pre_bid"": ""-5110"", ""sel_4th_pre_req_pre"": ""0"", ""sel_4th_pre_req"": ""1730"", ""sel_4th_pre_bid"": ""-5100"", ""sel_3th_pre_req_pre"": ""0"", ""sel_3th_pre_req"": ""458"", ""sel_3th_pre_bid"": ""-5090"", ""sel_2th_pre_req_pre"": ""0"", ""sel_2th_pre_req"": ""3394"", ""sel_2th_pre_bid"": ""-5080"", ""sel_1th_pre_req_pre"": ""+299"", ""sel_fpr_req"": ""1910"", ""sel_fpr_bid"": ""-5070"", ""buy_fpr_bid"": ""-5060"", ""buy_fpr_req"": ""4385"", ""buy_1th_pre_req_pre"": ""0"", ""buy_2th_pre_bid"": ""-5050"", ""buy_2th_pre_req"": ""5197"", ""buy_2th_pre_req_pre"": ""0"", ""buy_3th_pre_bid"": ""-5040"", ""buy_3th_pre_req"": ""1719"", ""buy_3th_pre_req_pre"": ""0"", ""buy_4th_pre_bid"": ""-5030"", ""buy_4th_pre_req"": ""4463"", ""buy_4th_pre_req_pre"": ""0"", ""buy_5th_pre_bid"": ""-5020"", ""buy_5th_pre_req"": ""8232"", ""buy_5th_pre_req_pre"": ""0"", ""buy_6th_pre_bid"": ""-5010"", ""buy_6th_pre_req"": ""2638"", ""buy_6th_pre_req_pre"": ""0"", ""buy_7th_pre_bid"": ""-5000"", ""buy_7th_pre_req"": ""11781"", ""buy_7th_pre_req_pre"": ""0"", ""buy_8th_pre_bid"": ""-4995"", ""buy_8th_pre_req"": ""1820"", ""buy_8th_pre_req_pre"": ""0"", ""buy_9th_pre_bid"": ""-4990"", ""buy_9th_pre_req"": ""2195"", ""buy_9th_pre_req_pre"": ""0"", ""buy_10th_pre_bid"": ""-4985"", ""buy_10th_pre_req"": ""2365"", ""buy_10th_pre_req_pre"": ""0"", ""tot_sel_req_jub_pre"": ""+299"", ""tot_sel_req"": ""10040"", ""tot_buy_req"": ""44795"", ""tot_buy_req_jub_pre"": ""0"", ""ovt_sel_req_pre"": ""0"", ""ovt_sel_req"": ""0"", ""ovt_buy_req"": ""0"", ""ovt_buy_req_pre"": ""0"", ""return_code"": 0, ""return_msg"": ""정상적으로 처리되었습니다""}"
2026-06-10,scan_candidate,009420,,0,main_scan,50600,,50600,50500,50600,50600,-0.1976284584980237,0.1976284584980237,,,,,,"{""bid_req_base_tm"": ""100029"", ""sel_10th_pre_req_pre"": ""0"", ""sel_10th_pre_req"": ""21"", ""sel_10th_pre_bid"": ""-51500"", ""sel_9th_pre_req_pre"": ""0"", ""sel_9th_pre_req"": ""40"", ""sel_9th_pre_bid"": ""-51400"", ""sel_8th_pre_req_pre"": ""0"", ""sel_8th_pre_req"": ""430"", ""sel_8th_pre_bid"": ""-51300"", ""sel_7th_pre_req_pre"": ""0"", ""sel_7th_pre_req"": ""13"", ""sel_7th_pre_bid"": ""-51200"", ""sel_6th_pre_req_pre"": ""0"", ""sel_6th_pre_req"": ""34"", ""sel_6th_pre_bid"": ""-51100"", ""sel_5th_pre_req_pre"": ""0"", ""sel_5th_pre_req"": ""100"", ""sel_5th_pre_bid"": ""-51000"", ""sel_4th_pre_req_pre"": ""0"", ""sel_4th_pre_req"": ""57"", ""sel_4th_pre_bid"": ""-50900"", ""sel_3th_pre_req_pre"": ""0"", ""sel_3th_pre_req"": ""162"", ""sel_3th_pre_bid"": ""-50800"", ""sel_2th_pre_req_pre"": ""+2"", ""sel_2th_pre_req"": ""231"", ""sel_2th_pre_bid"": ""-50700"", ""sel_1th_pre_req_pre"": ""0"", ""sel_fpr_req"": ""50"", ""sel_fpr_bid"": ""-50600"", ""buy_fpr_bid"": ""-50500"", ""buy_fpr_req"": ""54"", ""buy_1th_pre_req_pre"": ""0"", ""buy_2th_pre_bid"": ""-50400"", ""buy_2th_pre_req"": ""31"", ""buy_2th_pre_req_pre"": ""0"", ""buy_3th_pre_bid"": ""-50300"", ""buy_3th_pre_req"": ""336"", ""buy_3th_pre_req_pre"": ""0"", ""buy_4th_pre_bid"": ""-50200"", ""buy_4th_pre_req"": ""10"", ""buy_4th_pre_req_pre"": ""0"", ""buy_5th_pre_bid"": ""-50100"", ""buy_5th_pre_req"": ""59"", ""buy_5th_pre_req_pre"": ""0"", ""buy_6th_pre_bid"": ""-50000"", ""buy_6th_pre_req"": ""98"", ""buy_6th_pre_req_pre"": ""0"", ""buy_7th_pre_bid"": ""-49950"", ""buy_7th_pre_req"": ""213"", ""buy_7th_pre_req_pre"": ""0"", ""buy_8th_pre_bid"": ""-49900"", ""buy_8th_pre_req"": ""157"", ""buy_8th_pre_req_pre"": ""0"", ""buy_9th_pre_bid"": ""-49850"", ""buy_9th_pre_req"": ""224"", ""buy_9th_pre_req_pre"": ""0"", ""buy_10th_pre_bid"": ""-49800"", ""buy_10th_pre_req"": ""438"", ""buy_10th_pre_req_pre"": ""0"", ""tot_sel_req_jub_pre"": ""+2"", ""tot_sel_req"": ""1138"", ""tot_buy_req"": ""1620"", ""tot_buy_req_jub_pre"": ""0"", ""ovt_sel_req_pre"": ""0"", ""ovt_sel_req"": ""0"", ""ovt_buy_req"": ""0"", ""ovt_buy_req_pre"": ""0"", ""return_code"": 0, ""return_msg"": ""정상적으로 처리되었습니다""}"
2026-06-10,scan_candidate,375500,,0,main_scan,70800,,70800,70400,70800,70000,-1.2711864406779663,0.5649717514124294,,,,,,"{""bid_req_base_tm"": ""100030"", ""sel_10th_pre_req_pre"": ""0"", ""sel_10th_pre_req"": ""330"", ""sel_10th_pre_bid"": ""+71700"", ""sel_9th_pre_req_pre"": ""0"", ""sel_9th_pre_req"": ""2"", ""sel_9th_pre_bid"": ""+71600"", ""sel_8th_pre_req_pre"": ""0"", ""sel_8th_pre_req"": ""154"", ""sel_8th_pre_bid"": ""+71500"", ""sel_7th_pre_req_pre"": ""0"", ""sel_7th_pre_req"": ""6"", ""sel_7th_pre_bid"": ""+71400"", ""sel_6th_pre_req_pre"": ""0"", ""sel_6th_pre_req"": ""107"", ""sel_6th_pre_bid"": ""+71300"", ""sel_5th_pre_req_pre"": ""0"", ""sel_5th_pre_req"": ""5"", ""sel_5th_pre_bid"": ""+71200"", ""sel_4th_pre_req_pre"": ""0"", ""sel_4th_pre_req"": ""1"", ""sel_4th_pre_bid"": ""+71100"", ""sel_3th_pre_req_pre"": ""0"", ""sel_3th_pre_req"": ""221"", ""sel_3th_pre_bid"": ""+71000"", ""sel_2th_pre_req_pre"": ""0"", ""sel_2th_pre_req"": ""87"", ""sel_2th_pre_bid"": ""+70900"", ""sel_1th_pre_req_pre"": ""0"", ""sel_fpr_req"": ""513"", ""sel_fpr_bid"": ""+70800"", ""buy_fpr_bid"": ""+70400"", ""buy_fpr_req"": ""60"", ""buy_1th_pre_req_pre"": ""0"", ""buy_2th_pre_bid"": ""+70200"", ""buy_2th_pre_req"": ""17"", ""buy_2th_pre_req_pre"": ""0"", ""buy_3th_pre_bid"": ""+70100"", ""buy_3th_pre_req"": ""39"", ""buy_3th_pre_req_pre"": ""0"", ""buy_4th_pre_bid"": ""+70000"", ""buy_4th_pre_req"": ""92"", ""buy_4th_pre_req_pre"": ""0"", ""buy_5th_pre_bid"": ""+69900"", ""buy_5th_pre_req"": ""13"", ""buy_5th_pre_req_pre"": ""0"", ""buy_6th_pre_bid"": ""+69800"", ""buy_6th_pre_req"": ""3"", ""buy_6th_pre_req_pre"": ""0"", ""buy_7th_pre_bid"": ""69600"", ""buy_7th_pre_req"": ""83"", ""buy_7th_pre_req_pre"": ""+14"", ""buy_8th_pre_bid"": ""-69500"", ""buy_8th_pre_req"": ""16"", ""buy_8th_pre_req_pre"": ""0"", ""buy_9th_pre_bid"": ""-69400"", ""buy_9th_pre_req"": ""4"", ""buy_9th_pre_req_pre"": ""0"", ""buy_10th_pre_bid"": ""-69200"", ""buy_10th_pre_req"": ""24"", ""buy_10th_pre_req_pre"": ""0"", ""tot_sel_req_jub_pre"": ""0"", ""tot_sel_req"": ""1426"", ""tot_buy_req"": ""351"", ""tot_buy_req_jub_pre"": ""+14"", ""ovt_sel_req_pre"": ""0"", ""ovt_sel_req"": ""0"", ""ovt_buy_req"": ""0"", ""ovt_buy_req_pre"": ""0"", ""return_code"": 0, ""return_msg"": ""정상적으로 처리되었습니다""}"
2026-06-10,scan_candidate,004990,,0,main_scan,25600,,25600,25550,25600,25650,0.0,0.1953125,,,,,,"{""bid_req_base_tm"": ""100029"", ""sel_10th_pre_req_pre"": ""0"", ""sel_10th_pre_req"": ""69"", ""sel_10th_pre_bid"": ""26150"", ""sel_9th_pre_req_pre"": ""0"", ""sel_9th_pre_req"": ""3603"", ""sel_9th_pre_bid"": ""-26100"", ""sel_8th_pre_req_pre"": ""0"", ""sel_8th_pre_req"": ""61"", ""sel_8th_pre_bid"": ""-26050"", ""sel_7th_pre_req_pre"": ""0"", ""sel_7th_pre_req"": ""253"", ""sel_7th_pre_bid"": ""-26000"", ""sel_6th_pre_req_pre"": ""0"", ""sel_6th_pre_req"": ""16"", ""sel_6th_pre_bid"": ""-25950"", ""sel_5th_pre_req_pre"": ""0"", ""sel_5th_pre_req"": ""250"", ""sel_5th_pre_bid"": ""-25900"", ""sel_4th_pre_req_pre"": ""0"", ""sel_4th_pre_req"": ""770"", ""sel_4th_pre_bid"": ""-25750"", ""sel_3th_pre_req_pre"": ""0"", ""sel_3th_pre_req"": ""136"", ""sel_3th_pre_bid"": ""-25700"", ""sel_2th_pre_req_pre"": ""0"", ""sel_2th_pre_req"": ""41"", ""sel_2th_pre_bid"": ""-25650"", ""sel_1th_pre_req_pre"": ""--20"", ""sel_fpr_req"": ""76"", ""sel_fpr_bid"": ""-25600"", ""buy_fpr_bid"": ""-25550"", ""buy_fpr_req"": ""353"", ""buy_1th_pre_req_pre"": ""+217"", ""buy_2th_pre_bid"": ""-25500"", ""buy_2th_pre_req"": ""433"", ""buy_2th_pre_req_pre"": ""--211"", ""buy_3th_pre_bid"": ""-25450"", ""buy_3th_pre_req"": ""484"", ""buy_3th_pre_req_pre"": ""0"", ""buy_4th_pre_bid"": ""-25400"", ""buy_4th_pre_req"": ""633"", ""buy_4th_pre_req_pre"": ""0"", ""buy_5th_pre_bid"": ""-25350"", ""buy_5th_pre_req"": ""309"", ""buy_5th_pre_req_pre"": ""0"", ""buy_6th_pre_bid"": ""-25300"", ""buy_6th_pre_req"": ""902"", ""buy_6th_pre_req_pre"": ""0"", ""buy_7th_pre_bid"": ""-25250"", ""buy_7th_pre_req"": ""684"", ""buy_7th_pre_req_pre"": ""0"", ""buy_8th_pre_bid"": ""-25200"", ""buy_8th_pre_req"": ""706"", ""buy_8th_pre_req_pre"": ""0"", ""buy_9th_pre_bid"": ""-25150"", ""buy_9th_pre_req"": ""1593"", ""buy_9th_pre_req_pre"": ""0"", ""buy_10th_pre_bid"": ""-25100"", ""buy_10th_pre_req"": ""1519"", ""buy_10th_pre_req_pre"": ""0"", ""tot_sel_req_jub_pre"": ""--20"", ""tot_sel_req"": ""5275"", ""tot_buy_req"": ""7616"", ""tot_buy_req_jub_pre"": ""+6"", ""ovt_sel_req_pre"": ""0"", ""ovt_sel_req"": ""0"", ""ovt_buy_req"": ""0"", ""ovt_buy_req_pre"": ""0"", ""return_code"": 0, ""return_msg"": ""정상적으로 처리되었습니다""}"
2026-06-10,scan_candidate,483650,,0,main_scan,205500,,205500,204500,205500,203000,-1.4598540145985401,0.48661800486618007,,,,,,"{""bid_req_base_tm"": ""100030"", ""sel_10th_pre_req_pre"": ""0"", ""sel_10th_pre_req"": ""1003"", ""sel_10th_pre_bid"": ""+210000"", ""sel_9th_pre_req_pre"": ""0"", ""sel_9th_pre_req"": ""1004"", ""sel_9th_pre_bid"": ""+209500"", ""sel_8th_pre_req_pre"": ""0"", ""sel_8th_pre_req"": ""624"", ""sel_8th_pre_bid"": ""+209000"", ""sel_7th_pre_req_pre"": ""0"", ""sel_7th_pre_req"": ""233"", ""sel_7th_pre_bid"": ""+208500"", ""sel_6th_pre_req_pre"": ""0"", ""sel_6th_pre_req"": ""483"", ""sel_6th_pre_bid"": ""+208000"", ""sel_5th_pre_req_pre"": ""0"", ""sel_5th_pre_req"": ""381"", ""sel_5th_pre_bid"": ""+207500"", ""sel_4th_pre_req_pre"": ""0"", ""sel_4th_pre_req"": ""949"", ""sel_4th_pre_bid"": ""+207000"", ""sel_3th_pre_req_pre"": ""0"", ""sel_3th_pre_req"": ""1637"", ""sel_3th_pre_bid"": ""+206500"", ""sel_2th_pre_req_pre"": ""0"", ""sel_2th_pre_req"": ""1643"", ""sel_2th_pre_bid"": ""+206000"", ""sel_1th_pre_req_pre"": ""+1"", ""sel_fpr_req"": ""547"", ""sel_fpr_bid"": ""+205500"", ""buy_fpr_bid"": ""+204500"", ""buy_fpr_req"": ""48"", ""buy_1th_pre_req_pre"": ""0"", ""buy_2th_pre_bid"": ""+204000"", ""buy_2th_pre_req"": ""34"", ""buy_2th_pre_req_pre"": ""0"", ""buy_3th_pre_bid"": ""+203500"", ""buy_3th_pre_req"": ""32"", ""buy_3th_pre_req_pre"": ""0"", ""buy_4th_pre_bid"": ""+203000"", ""buy_4th_pre_req"": ""66"", ""buy_4th_pre_req_pre"": ""0"", ""buy_5th_pre_bid"": ""+202500"", ""buy_5th_pre_req"": ""122"", ""buy_5th_pre_req_pre"": ""0"", ""buy_6th_pre_bid"": ""+202000"", ""buy_6th_pre_req"": ""215"", ""buy_6th_pre_req_pre"": ""0"", ""buy_7th_pre_bid"": ""+201500"", ""buy_7th_pre_req"": ""77"", ""buy_7th_pre_req_pre"": ""0"", ""buy_8th_pre_bid"": ""+201000"", ""buy_8th_pre_req"": ""261"", ""buy_8th_pre_req_pre"": ""0"", ""buy_9th_pre_bid"": ""+200500"", ""buy_9th_pre_req"": ""141"", ""buy_9th_pre_req_pre"": ""0"", ""buy_10th_pre_bid"": ""+200000"", ""buy_10th_pre_req"": ""411"", ""buy_10th_pre_req_pre"": ""0"", ""tot_sel_req_jub_pre"": ""+1"", ""tot_sel_req"": ""8504"", ""tot_buy_req"": ""1407"", ""tot_buy_req_jub_pre"": ""0"", ""ovt_sel_req_pre"": ""0"", ""ovt_sel_req"": ""0"", ""ovt_buy_req"": ""0"", ""ovt_buy_req_pre"": ""0"", ""return_code"": 0, ""return_msg"": ""정상적으로 처리되었습니다""}"
2026-06-10,scan_candidate,003690,,0,main_scan,13420,,13420,13360,13420,13300,-1.2667660208643814,0.44709388971684055,,,,,,"{""bid_req_base_tm"": ""100030"", ""sel_10th_pre_req_pre"": ""0"", ""sel_10th_pre_req"": ""1"", ""sel_10th_pre_bid"": ""+13510"", ""sel_9th_pre_req_pre"": ""0"", ""sel_9th_pre_req"": ""63"", ""sel_9th_pre_bid"": ""+13500"", ""sel_8th_pre_req_pre"": ""0"", ""sel_8th_pre_req"": ""51"", ""sel_8th_pre_bid"": ""+13490"", ""sel_7th_pre_req_pre"": ""0"", ""sel_7th_pre_req"": ""112"", ""sel_7th_pre_bid"": ""+13480"", ""sel_6th_pre_req_pre"": ""0"", ""sel_6th_pre_req"": ""50"", ""sel_6th_pre_bid"": ""+13470"", ""sel_5th_pre_req_pre"": ""0"", ""sel_5th_pre_req"": ""50"", ""sel_5th_pre_bid"": ""+13460"", ""sel_4th_pre_req_pre"": ""0"", ""sel_4th_pre_req"": ""352"", ""sel_4th_pre_bid"": ""+13450"", ""sel_3th_pre_req_pre"": ""--2"", ""sel_3th_pre_req"": ""236"", ""sel_3th_pre_bid"": ""13440"", ""sel_2th_pre_req_pre"": ""0"", ""sel_2th_pre_req"": ""263"", ""sel_2th_pre_bid"": ""-13430"", ""sel_1th_pre_req_pre"": ""0"", ""sel_fpr_req"": ""97"", ""sel_fpr_bid"": ""-13420"", ""buy_fpr_bid"": ""-13360"", ""buy_fpr_req"": ""135"", ""buy_1th_pre_req_pre"": ""0"", ""buy_2th_pre_bid"": ""-13350"", ""buy_2th_pre_req"": ""189"", ""buy_2th_pre_req_pre"": ""0"", ""buy_3th_pre_bid"": ""-13340"", ""buy_3th_pre_req"": ""142"", ""buy_3th_pre_req_pre"": ""0"", ""buy_4th_pre_bid"": ""-13330"", ""buy_4th_pre_req"": ""57"", ""buy_4th_pre_req_pre"": ""0"", ""buy_5th_pre_bid"": ""-13320"", ""buy_5th_pre_req"": ""49"", ""buy_5th_pre_req_pre"": ""0"", ""buy_6th_pre_bid"": ""-13310"", ""buy_6th_pre_req"": ""129"", ""buy_6th_pre_req_pre"": ""0"", ""buy_7th_pre_bid"": ""-13300"", ""buy_7th_pre_req"": ""1"", ""buy_7th_pre_req_pre"": ""0"", ""buy_8th_pre_bid"": ""-13290"", ""buy_8th_pre_req"": ""121"", ""buy_8th_pre_req_pre"": ""0"", ""buy_9th_pre_bid"": ""-13280"", ""buy_9th_pre_req"": ""41"", ""buy_9th_pre_req_pre"": ""0"", ""buy_10th_pre_bid"": ""-13240"", ""buy_10th_pre_req"": ""68"", ""buy_10th_pre_req_pre"": ""0"", ""tot_sel_req_jub_pre"": ""--2"", ""tot_sel_req"": ""1275"", ""tot_buy_req"": ""932"", ""tot_buy_req_jub_pre"": ""0"", ""ovt_sel_req_pre"": ""0"", ""ovt_sel_req"": ""0"", ""ovt_buy_req"": ""0"", ""ovt_buy_req_pre"": ""0"", ""return_code"": 0, ""return_msg"": ""정상적으로 처리되었습니다""}"
2026-06-10,scan_candidate,279570,,0,main_scan,5990,,5990,5980,5990,5970,-0.5008347245409015,0.1669449081803005,,,,,,"{""bid_req_base_tm"": ""100030"", ""sel_10th_pre_req_pre"": ""0"", ""sel_10th_pre_req"": ""11678"", ""sel_10th_pre_bid"": ""+6080"", ""sel_9th_pre_req_pre"": ""0"", ""sel_9th_pre_req"": ""10544"", ""sel_9th_pre_bid"": ""+6070"", ""sel_8th_pre_req_pre"": ""0"", ""sel_8th_pre_req"": ""34250"", ""sel_8th_pre_bid"": ""+6060"", ""sel_7th_pre_req_pre"": ""0"", ""sel_7th_pre_req"": ""35230"", ""sel_7th_pre_bid"": ""+6050"", ""sel_6th_pre_req_pre"": ""0"", ""sel_6th_pre_req"": ""20284"", ""sel_6th_pre_bid"": ""+6040"", ""sel_5th_pre_req_pre"": ""0"", ""sel_5th_pre_req"": ""26870"", ""sel_5th_pre_bid"": ""+6030"", ""sel_4th_pre_req_pre"": ""0"", ""sel_4th_pre_req"": ""20083"", ""sel_4th_pre_bid"": ""+6020"", ""sel_3th_pre_req_pre"": ""0"", ""sel_3th_pre_req"": ""13117"", ""sel_3th_pre_bid"": ""+6010"", ""sel_2th_pre_req_pre"": ""--59"", ""sel_2th_pre_req"": ""28283"", ""sel_2th_pre_bid"": ""+6000"", ""sel_1th_pre_req_pre"": ""0"", ""sel_fpr_req"": ""4498"", ""sel_fpr_bid"": ""+5990"", ""buy_fpr_bid"": ""+5980"", ""buy_fpr_req"": ""1096"", ""buy_1th_pre_req_pre"": ""+132"", ""buy_2th_pre_bid"": ""+5970"", ""buy_2th_pre_req"": ""8211"", ""buy_2th_pre_req_pre"": ""0"", ""buy_3th_pre_bid"": ""+5960"", ""buy_3th_pre_req"": ""37980"", ""buy_3th_pre_req_pre"": ""0"", ""buy_4th_pre_bid"": ""+5950"", ""buy_4th_pre_req"": ""33600"", ""buy_4th_pre_req_pre"": ""0"", ""buy_5th_pre_bid"": ""+5940"", ""buy_5th_pre_req"": ""4300"", ""buy_5th_pre_req_pre"": ""0"", ""buy_6th_pre_bid"": ""+5930"", ""buy_6th_pre_req"": ""5716"", ""buy_6th_pre_req_pre"": ""0"", ""buy_7th_pre_bid"": ""+5920"", ""buy_7th_pre_req"": ""7012"", ""buy_7th_pre_req_pre"": ""0"", ""buy_8th_pre_bid"": ""+5910"", ""buy_8th_pre_req"": ""11297"", ""buy_8th_pre_req_pre"": ""0"", ""buy_9th_pre_bid"": ""+5900"", ""buy_9th_pre_req"": ""11443"", ""buy_9th_pre_req_pre"": ""0"", ""buy_10th_pre_bid"": ""+5890"", ""buy_10th_pre_req"": ""2794"", ""buy_10th_pre_req_pre"": ""0"", ""tot_sel_req_jub_pre"": ""--59"", ""tot_sel_req"": ""204837"", ""tot_buy_req"": ""123449"", ""tot_buy_req_jub_pre"": ""+132"", ""ovt_sel_req_pre"": ""0"", ""ovt_sel_req"": ""0"", ""ovt_buy_req"": ""0"", ""ovt_buy_req_pre"": ""0"", ""return_code"": 0, ""return_msg"": ""정상적으로 처리되었습니다""}"
2026-06-10,scan_candidate,008770,,0,main_scan,54100,,54100,54000,54100,54100,-0.18484288354898337,0.18484288354898337,,,,,,"{""bid_req_base_tm"": ""100030"", ""sel_10th_pre_req_pre"": ""0"", ""sel_10th_pre_req"": ""436"", ""sel_10th_pre_bid"": ""-55000"", ""sel_9th_pre_req_pre"": ""0"", ""sel_9th_pre_req"": ""319"", ""sel_9th_pre_bid"": ""-54900"", ""sel_8th_pre_req_pre"": ""0"", ""sel_8th_pre_req"": ""36"", ""sel_8th_pre_bid"": ""-54800"", ""sel_7th_pre_req_pre"": ""0"", ""sel_7th_pre_req"": ""15"", ""sel_7th_pre_bid"": ""-54700"", ""sel_6th_pre_req_pre"": ""0"", ""sel_6th_pre_req"": ""233"", ""sel_6th_pre_bid"": ""-54600"", ""sel_5th_pre_req_pre"": ""0"", ""sel_5th_pre_req"": ""20"", ""sel_5th_pre_bid"": ""-54500"", ""sel_4th_pre_req_pre"": ""0"", ""sel_4th_pre_req"": ""1"", ""sel_4th_pre_bid"": ""-54400"", ""sel_3th_pre_req_pre"": ""0"", ""sel_3th_pre_req"": ""4"", ""sel_3th_pre_bid"": ""-54300"", ""sel_2th_pre_req_pre"": ""+5"", ""sel_2th_pre_req"": ""471"", ""sel_2th_pre_bid"": ""-54200"", ""sel_1th_pre_req_pre"": ""0"", ""sel_fpr_req"": ""64"", ""sel_fpr_bid"": ""-54100"", ""buy_fpr_bid"": ""-54000"", ""buy_fpr_req"": ""14"", ""buy_1th_pre_req_pre"": ""0"", ""buy_2th_pre_bid"": ""-53900"", ""buy_2th_pre_req"": ""563"", ""buy_2th_pre_req_pre"": ""0"", ""buy_3th_pre_bid"": ""-53800"", ""buy_3th_pre_req"": ""102"", ""buy_3th_pre_req_pre"": ""0"", ""buy_4th_pre_bid"": ""-53700"", ""buy_4th_pre_req"": ""72"", ""buy_4th_pre_req_pre"": ""0"", ""buy_5th_pre_bid"": ""-53600"", ""buy_5th_pre_req"": ""167"", ""buy_5th_pre_req_pre"": ""0"", ""buy_6th_pre_bid"": ""-53500"", ""buy_6th_pre_req"": ""71"", ""buy_6th_pre_req_pre"": ""0"", ""buy_7th_pre_bid"": ""-53400"", ""buy_7th_pre_req"": ""150"", ""buy_7th_pre_req_pre"": ""0"", ""buy_8th_pre_bid"": ""-53300"", ""buy_8th_pre_req"": ""222"", ""buy_8th_pre_req_pre"": ""0"", ""buy_9th_pre_bid"": ""-53200"", ""buy_9th_pre_req"": ""359"", ""buy_9th_pre_req_pre"": ""0"", ""buy_10th_pre_bid"": ""-53100"", ""buy_10th_pre_req"": ""531"", ""buy_10th_pre_req_pre"": ""0"", ""tot_sel_req_jub_pre"": ""+5"", ""tot_sel_req"": ""1599"", ""tot_buy_req"": ""2251"", ""tot_buy_req_jub_pre"": ""0"", ""ovt_sel_req_pre"": ""0"", ""ovt_sel_req"": ""0"", ""ovt_buy_req"": ""0"", ""ovt_buy_req_pre"": ""0"", ""return_code"": 0, ""return_msg"": ""정상적으로 처리되었습니다""}"
2026-06-10,scan_candidate,081660,,0,main_scan,40350,,40350,40200,40350,40300,-0.24783147459727387,0.37174721189591076,,,,,,"{""bid_req_base_tm"": ""100030"", ""sel_10th_pre_req_pre"": ""0"", ""sel_10th_pre_req"": ""156"", ""sel_10th_pre_bid"": ""+40800"", ""sel_9th_pre_req_pre"": ""0"", ""sel_9th_pre_req"": ""31"", ""sel_9th_pre_bid"": ""+40750"", ""sel_8th_pre_req_pre"": ""0"", ""sel_8th_pre_req"": ""90"", ""sel_8th_pre_bid"": ""+40700"", ""sel_7th_pre_req_pre"": ""0"", ""sel_7th_pre_req"": ""50"", ""sel_7th_pre_bid"": ""+40650"", ""sel_6th_pre_req_pre"": ""0"", ""sel_6th_pre_req"": ""75"", ""sel_6th_pre_bid"": ""+40600"", ""sel_5th_pre_req_pre"": ""0"", ""sel_5th_pre_req"": ""126"", ""sel_5th_pre_bid"": ""+40550"", ""sel_4th_pre_req_pre"": ""0"", ""sel_4th_pre_req"": ""55"", ""sel_4th_pre_bid"": ""+40500"", ""sel_3th_pre_req_pre"": ""0"", ""sel_3th_pre_req"": ""20"", ""sel_3th_pre_bid"": ""+40450"", ""sel_2th_pre_req_pre"": ""0"", ""sel_2th_pre_req"": ""87"", ""sel_2th_pre_bid"": ""+40400"", ""sel_1th_pre_req_pre"": ""+23"", ""sel_fpr_req"": ""142"", ""sel_fpr_bid"": ""+40350"", ""buy_fpr_bid"": ""+40200"", ""buy_fpr_req"": ""273"", ""buy_1th_pre_req_pre"": ""0"", ""buy_2th_pre_bid"": ""+40150"", ""buy_2th_pre_req"": ""93"", ""buy_2th_pre_req_pre"": ""0"", ""buy_3th_pre_bid"": ""+40100"", ""buy_3th_pre_req"": ""146"", ""buy_3th_pre_req_pre"": ""0"", ""buy_4th_pre_bid"": ""+40050"", ""buy_4th_pre_req"": ""95"", ""buy_4th_pre_req_pre"": ""0"", ""buy_5th_pre_bid"": ""+40000"", ""buy_5th_pre_req"": ""105"", ""buy_5th_pre_req_pre"": ""0"", ""buy_6th_pre_bid"": ""+39950"", ""buy_6th_pre_req"": ""39"", ""buy_6th_pre_req_pre"": ""0"", ""buy_7th_pre_bid"": ""+39900"", ""buy_7th_pre_req"": ""21"", ""buy_7th_pre_req_pre"": ""0"", ""buy_8th_pre_bid"": ""+39850"", ""buy_8th_pre_req"": ""91"", ""buy_8th_pre_req_pre"": ""0"", ""buy_9th_pre_bid"": ""+39800"", ""buy_9th_pre_req"": ""40"", ""buy_9th_pre_req_pre"": ""0"", ""buy_10th_pre_bid"": ""+39750"", ""buy_10th_pre_req"": ""40"", ""buy_10th_pre_req_pre"": ""0"", ""tot_sel_req_jub_pre"": ""+23"", ""tot_sel_req"": ""832"", ""tot_buy_req"": ""943"", ""tot_buy_req_jub_pre"": ""0"", ""ovt_sel_req_pre"": ""0"", ""ovt_sel_req"": ""0"", ""ovt_buy_req"": ""0"", ""ovt_buy_req_pre"": ""0"", ""return_code"": 0, ""return_msg"": ""정상적으로 처리되었습니다""}"
2026-06-10,scan_candidate,462870,,0,main_scan,31100,,31100,31000,31100,31000,-0.482315112540193,0.3215434083601286,,,,,,"{""bid_req_base_tm"": ""100031"", ""sel_10th_pre_req_pre"": ""0"", ""sel_10th_pre_req"": ""82"", ""sel_10th_pre_bid"": ""-31550"", ""sel_9th_pre_req_pre"": ""0"", ""sel_9th_pre_req"": ""166"", ""sel_9th_pre_bid"": ""-31500"", ""sel_8th_pre_req_pre"": ""0"", ""sel_8th_pre_req"": ""254"", ""sel_8th_pre_bid"": ""-31450"", ""sel_7th_pre_req_pre"": ""0"", ""sel_7th_pre_req"": ""137"", ""sel_7th_pre_bid"": ""-31400"", ""sel_6th_pre_req_pre"": ""0"", ""sel_6th_pre_req"": ""40"", ""sel_6th_pre_bid"": ""-31350"", ""sel_5th_pre_req_pre"": ""0"", ""sel_5th_pre_req"": ""381"", ""sel_5th_pre_bid"": ""-31300"", ""sel_4th_pre_req_pre"": ""0"", ""sel_4th_pre_req"": ""60"", ""sel_4th_pre_bid"": ""-31250"", ""sel_3th_pre_req_pre"": ""0"", ""sel_3th_pre_req"": ""31"", ""sel_3th_pre_bid"": ""-31200"", ""sel_2th_pre_req_pre"": ""0"", ""sel_2th_pre_req"": ""10"", ""sel_2th_pre_bid"": ""-31150"", ""sel_1th_pre_req_pre"": ""+3"", ""sel_fpr_req"": ""19"", ""sel_fpr_bid"": ""-31100"", ""buy_fpr_bid"": ""-31000"", ""buy_fpr_req"": ""197"", ""buy_1th_pre_req_pre"": ""0"", ""buy_2th_pre_bid"": ""-30950"", ""buy_2th_pre_req"": ""7"", ""buy_2th_pre_req_pre"": ""0"", ""buy_3th_pre_bid"": ""-30900"", ""buy_3th_pre_req"": ""10"", ""buy_3th_pre_req_pre"": ""0"", ""buy_4th_pre_bid"": ""-30850"", ""buy_4th_pre_req"": ""5"", ""buy_4th_pre_req_pre"": ""0"", ""buy_5th_pre_bid"": ""-30750"", ""buy_5th_pre_req"": ""22"", ""buy_5th_pre_req_pre"": ""0"", ""buy_6th_pre_bid"": ""-30700"", ""buy_6th_pre_req"": ""21"", ""buy_6th_pre_req_pre"": ""0"", ""buy_7th_pre_bid"": ""-30650"", ""buy_7th_pre_req"": ""54"", ""buy_7th_pre_req_pre"": ""0"", ""buy_8th_pre_bid"": ""-30600"", ""buy_8th_pre_req"": ""279"", ""buy_8th_pre_req_pre"": ""0"", ""buy_9th_pre_bid"": ""-30550"", ""buy_9th_pre_req"": ""171"", ""buy_9th_pre_req_pre"": ""0"", ""buy_10th_pre_bid"": ""-30500"", ""buy_10th_pre_req"": ""593"", ""buy_10th_pre_req_pre"": ""0"", ""tot_sel_req_jub_pre"": ""+3"", ""tot_sel_req"": ""1180"", ""tot_buy_req"": ""1359"", ""tot_buy_req_jub_pre"": ""0"", ""ovt_sel_req_pre"": ""0"", ""ovt_sel_req"": ""0"", ""ovt_buy_req"": ""0"", ""ovt_buy_req_pre"": ""0"", ""return_code"": 0, ""return_msg"": ""정상적으로 처리되었습니다""}"
2026-06-10,scan_candidate,120110,,0,main_scan,70500,,70500,70300,70500,70000,-0.851063829787234,0.28368794326241137,,,,,,"{""bid_req_base_tm"": ""100031"", ""sel_10th_pre_req_pre"": ""0"", ""sel_10th_pre_req"": ""136"", ""sel_10th_pre_bid"": ""+71400"", ""sel_9th_pre_req_pre"": ""0"", ""sel_9th_pre_req"": ""33"", ""sel_9th_pre_bid"": ""+71300"", ""sel_8th_pre_req_pre"": ""0"", ""sel_8th_pre_req"": ""115"", ""sel_8th_pre_bid"": ""+71200"", ""sel_7th_pre_req_pre"": ""0"", ""sel_7th_pre_req"": ""111"", ""sel_7th_pre_bid"": ""+71100"", ""sel_6th_pre_req_pre"": ""0"", ""sel_6th_pre_req"": ""958"", ""sel_6th_pre_bid"": ""+71000"", ""sel_5th_pre_req_pre"": ""0"", ""sel_5th_pre_req"": ""1612"", ""sel_5th_pre_bid"": ""+70900"", ""sel_4th_pre_req_pre"": ""0"", ""sel_4th_pre_req"": ""579"", ""sel_4th_pre_bid"": ""+70800"", ""sel_3th_pre_req_pre"": ""0"", ""sel_3th_pre_req"": ""365"", ""sel_3th_pre_bid"": ""+70700"", ""sel_2th_pre_req_pre"": ""0"", ""sel_2th_pre_req"": ""32"", ""sel_2th_pre_bid"": ""+70600"", ""sel_1th_pre_req_pre"": ""0"", ""sel_fpr_req"": ""118"", ""sel_fpr_bid"": ""+70500"", ""buy_fpr_bid"": ""+70300"", ""buy_fpr_req"": ""12"", ""buy_1th_pre_req_pre"": ""0"", ""buy_2th_pre_bid"": ""+70200"", ""buy_2th_pre_req"": ""31"", ""buy_2th_pre_req_pre"": ""--100"", ""buy_3th_pre_bid"": ""+70100"", ""buy_3th_pre_req"": ""150"", ""buy_3th_pre_req_pre"": ""+100"", ""buy_4th_pre_bid"": ""+70000"", ""buy_4th_pre_req"": ""158"", ""buy_4th_pre_req_pre"": ""0"", ""buy_5th_pre_bid"": ""+69700"", ""buy_5th_pre_req"": ""295"", ""buy_5th_pre_req_pre"": ""0"", ""buy_6th_pre_bid"": ""+69600"", ""buy_6th_pre_req"": ""1"", ""buy_6th_pre_req_pre"": ""0"", ""buy_7th_pre_bid"": ""+69500"", ""buy_7th_pre_req"": ""68"", ""buy_7th_pre_req_pre"": ""0"", ""buy_8th_pre_bid"": ""+69400"", ""buy_8th_pre_req"": ""10"", ""buy_8th_pre_req_pre"": ""0"", ""buy_9th_pre_bid"": ""+69300"", ""buy_9th_pre_req"": ""2"", ""buy_9th_pre_req_pre"": ""0"", ""buy_10th_pre_bid"": ""+69200"", ""buy_10th_pre_req"": ""2"", ""buy_10th_pre_req_pre"": ""0"", ""tot_sel_req_jub_pre"": ""0"", ""tot_sel_req"": ""4059"", ""tot_buy_req"": ""729"", ""tot_buy_req_jub_pre"": ""0"", ""ovt_sel_req_pre"": ""0"", ""ovt_sel_req"": ""0"", ""ovt_buy_req"": ""0"", ""ovt_buy_req_pre"": ""0"", ""return_code"": 0, ""return_msg"": ""정상적으로 처리되었습니다""}"
2026-06-10,scan_candidate,009155,,0,main_scan,607000,,607000,604000,607000,608000,0.0,0.4942339373970346,,,,,,"{""bid_req_base_tm"": ""100031"", ""sel_10th_pre_req_pre"": ""0"", ""sel_10th_pre_req"": ""2"", ""sel_10th_pre_bid"": ""-616000"", ""sel_9th_pre_req_pre"": ""0"", ""sel_9th_pre_req"": ""46"", ""sel_9th_pre_bid"": ""-615000"", ""sel_8th_pre_req_pre"": ""0"", ""sel_8th_pre_req"": ""12"", ""sel_8th_pre_bid"": ""-614000"", ""sel_7th_pre_req_pre"": ""0"", ""sel_7th_pre_req"": ""49"", ""sel_7th_pre_bid"": ""-613000"", ""sel_6th_pre_req_pre"": ""0"", ""sel_6th_pre_req"": ""72"", ""sel_6th_pre_bid"": ""-612000"", ""sel_5th_pre_req_pre"": ""0"", ""sel_5th_pre_req"": ""2"", ""sel_5th_pre_bid"": ""-611000"", ""sel_4th_pre_req_pre"": ""0"", ""sel_4th_pre_req"": ""44"", ""sel_4th_pre_bid"": ""-610000"", ""sel_3th_pre_req_pre"": ""0"", ""sel_3th_pre_req"": ""17"", ""sel_3th_pre_bid"": ""-609000"", ""sel_2th_pre_req_pre"": ""0"", ""sel_2th_pre_req"": ""5"", ""sel_2th_pre_bid"": ""-608000"", ""sel_1th_pre_req_pre"": ""0"", ""sel_fpr_req"": ""5"", ""sel_fpr_bid"": ""-607000"", ""buy_fpr_bid"": ""-604000"", ""buy_fpr_req"": ""17"", ""buy_1th_pre_req_pre"": ""0"", ""buy_2th_pre_bid"": ""-603000"", ""buy_2th_pre_req"": ""31"", ""buy_2th_pre_req_pre"": ""0"", ""buy_3th_pre_bid"": ""-602000"", ""buy_3th_pre_req"": ""165"", ""buy_3th_pre_req_pre"": ""+5"", ""buy_4th_pre_bid"": ""-601000"", ""buy_4th_pre_req"": ""102"", ""buy_4th_pre_req_pre"": ""0"", ""buy_5th_pre_bid"": ""-600000"", ""buy_5th_pre_req"": ""212"", ""buy_5th_pre_req_pre"": ""0"", ""buy_6th_pre_bid"": ""-599000"", ""buy_6th_pre_req"": ""165"", ""buy_6th_pre_req_pre"": ""0"", ""buy_7th_pre_bid"": ""-598000"", ""buy_7th_pre_req"": ""56"", ""buy_7th_pre_req_pre"": ""0"", ""buy_8th_pre_bid"": ""-597000"", ""buy_8th_pre_req"": ""99"", ""buy_8th_pre_req_pre"": ""0"", ""buy_9th_pre_bid"": ""-596000"", ""buy_9th_pre_req"": ""39"", ""buy_9th_pre_req_pre"": ""0"", ""buy_10th_pre_bid"": ""-595000"", ""buy_10th_pre_req"": ""166"", ""buy_10th_pre_req_pre"": ""--5"", ""tot_sel_req_jub_pre"": ""0"", ""tot_sel_req"": ""254"", ""tot_buy_req"": ""1052"", ""tot_buy_req_jub_pre"": ""0"", ""ovt_sel_req_pre"": ""0"", ""ovt_sel_req"": ""0"", ""ovt_buy_req"": ""0"", ""ovt_buy_req_pre"": ""0"", ""return_code"": 0, ""return_msg"": ""정상적으로 처리되었습니다""}"
2026-06-10,scan_candidate,192080,,0,main_scan,72500,,72500,72400,72500,72600,0.0,0.13793103448275862,,,,,,"{""bid_req_base_tm"": ""100028"", ""sel_10th_pre_req_pre"": ""0"", ""sel_10th_pre_req"": ""812"", ""sel_10th_pre_bid"": ""+73700"", ""sel_9th_pre_req_pre"": ""0"", ""sel_9th_pre_req"": ""121"", ""sel_9th_pre_bid"": ""+73600"", ""sel_8th_pre_req_pre"": ""0"", ""sel_8th_pre_req"": ""43"", ""sel_8th_pre_bid"": ""+73500"", ""sel_7th_pre_req_pre"": ""0"", ""sel_7th_pre_req"": ""73"", ""sel_7th_pre_bid"": ""+73400"", ""sel_6th_pre_req_pre"": ""0"", ""sel_6th_pre_req"": ""10"", ""sel_6th_pre_bid"": ""+73300"", ""sel_5th_pre_req_pre"": ""0"", ""sel_5th_pre_req"": ""10"", ""sel_5th_pre_bid"": ""+73200"", ""sel_4th_pre_req_pre"": ""0"", ""sel_4th_pre_req"": ""53"", ""sel_4th_pre_bid"": ""+73000"", ""sel_3th_pre_req_pre"": ""0"", ""sel_3th_pre_req"": ""22"", ""sel_3th_pre_bid"": ""+72900"", ""sel_2th_pre_req_pre"": ""0"", ""sel_2th_pre_req"": ""19"", ""sel_2th_pre_bid"": ""+72600"", ""sel_1th_pre_req_pre"": ""0"", ""sel_fpr_req"": ""26"", ""sel_fpr_bid"": ""+72500"", ""buy_fpr_bid"": ""+72400"", ""buy_fpr_req"": ""59"", ""buy_1th_pre_req_pre"": ""0"", ""buy_2th_pre_bid"": ""+72300"", ""buy_2th_pre_req"": ""9"", ""buy_2th_pre_req_pre"": ""0"", ""buy_3th_pre_bid"": ""+72200"", ""buy_3th_pre_req"": ""11"", ""buy_3th_pre_req_pre"": ""0"", ""buy_4th_pre_bid"": ""+72100"", ""buy_4th_pre_req"": ""14"", ""buy_4th_pre_req_pre"": ""0"", ""buy_5th_pre_bid"": ""72000"", ""buy_5th_pre_req"": ""66"", ""buy_5th_pre_req_pre"": ""0"", ""buy_6th_pre_bid"": ""-71900"", ""buy_6th_pre_req"": ""22"", ""buy_6th_pre_req_pre"": ""0"", ""buy_7th_pre_bid"": ""-71800"", ""buy_7th_pre_req"": ""66"", ""buy_7th_pre_req_pre"": ""0"", ""buy_8th_pre_bid"": ""-71700"", ""buy_8th_pre_req"": ""33"", ""buy_8th_pre_req_pre"": ""0"", ""buy_9th_pre_bid"": ""-71600"", ""buy_9th_pre_req"": ""80"", ""buy_9th_pre_req_pre"": ""0"", ""buy_10th_pre_bid"": ""-71500"", ""buy_10th_pre_req"": ""68"", ""buy_10th_pre_req_pre"": ""0"", ""tot_sel_req_jub_pre"": ""0"", ""tot_sel_req"": ""1189"", ""tot_buy_req"": ""428"", ""tot_buy_req_jub_pre"": ""0"", ""ovt_sel_req_pre"": ""0"", ""ovt_sel_req"": ""0"", ""ovt_buy_req"": ""0"", ""ovt_buy_req_pre"": ""0"", ""return_code"": 0, ""return_msg"": ""정상적으로 처리되었습니다""}"
2026-06-10,scan_candidate,093370,,0,main_scan,15110,,15110,15080,15110,15100,-0.3970880211780278,0.1985440105890139,,,,,,"{""bid_req_base_tm"": ""100032"", ""sel_10th_pre_req_pre"": ""+19"", ""sel_10th_pre_req"": ""2424"", ""sel_10th_pre_bid"": ""+15200"", ""sel_9th_pre_req_pre"": ""0"", ""sel_9th_pre_req"": ""583"", ""sel_9th_pre_bid"": ""+15190"", ""sel_8th_pre_req_pre"": ""0"", ""sel_8th_pre_req"": ""426"", ""sel_8th_pre_bid"": ""+15180"", ""sel_7th_pre_req_pre"": ""--66"", ""sel_7th_pre_req"": ""1253"", ""sel_7th_pre_bid"": ""+15170"", ""sel_6th_pre_req_pre"": ""+5"", ""sel_6th_pre_req"": ""2400"", ""sel_6th_pre_bid"": ""+15160"", ""sel_5th_pre_req_pre"": ""0"", ""sel_5th_pre_req"": ""2337"", ""sel_5th_pre_bid"": ""+15150"", ""sel_4th_pre_req_pre"": ""0"", ""sel_4th_pre_req"": ""811"", ""sel_4th_pre_bid"": ""+15140"", ""sel_3th_pre_req_pre"": ""0"", ""sel_3th_pre_req"": ""194"", ""sel_3th_pre_bid"": ""+15130"", ""sel_2th_pre_req_pre"": ""0"", ""sel_2th_pre_req"": ""740"", ""sel_2th_pre_bid"": ""+15120"", ""sel_1th_pre_req_pre"": ""+215"", ""sel_fpr_req"": ""279"", ""sel_fpr_bid"": ""+15110"", ""buy_fpr_bid"": ""+15080"", ""buy_fpr_req"": ""114"", ""buy_1th_pre_req_pre"": ""--6034"", ""buy_2th_pre_bid"": ""+15070"", ""buy_2th_pre_req"": ""921"", ""buy_2th_pre_req_pre"": ""0"", ""buy_3th_pre_bid"": ""+15060"", ""buy_3th_pre_req"": ""1914"", ""buy_3th_pre_req_pre"": ""0"", ""buy_4th_pre_bid"": ""+15050"", ""buy_4th_pre_req"": ""2757"", ""buy_4th_pre_req_pre"": ""+4"", ""buy_5th_pre_bid"": ""+15040"", ""buy_5th_pre_req"": ""563"", ""buy_5th_pre_req_pre"": ""0"", ""buy_6th_pre_bid"": ""+15030"", ""buy_6th_pre_req"": ""1409"", ""buy_6th_pre_req_pre"": ""0"", ""buy_7th_pre_bid"": ""+15020"", ""buy_7th_pre_req"": ""551"", ""buy_7th_pre_req_pre"": ""0"", ""buy_8th_pre_bid"": ""+15010"", ""buy_8th_pre_req"": ""721"", ""buy_8th_pre_req_pre"": ""0"", ""buy_9th_pre_bid"": ""+15000"", ""buy_9th_pre_req"": ""18226"", ""buy_9th_pre_req_pre"": ""0"", ""buy_10th_pre_bid"": ""+14990"", ""buy_10th_pre_req"": ""3271"", ""buy_10th_pre_req_pre"": ""0"", ""tot_sel_req_jub_pre"": ""+173"", ""tot_sel_req"": ""11447"", ""tot_buy_req"": ""30447"", ""tot_buy_req_jub_pre"": ""+10060"", ""ovt_sel_req_pre"": ""0"", ""ovt_sel_req"": ""0"", ""ovt_buy_req"": ""0"", ""ovt_buy_req_pre"": ""0"", ""return_code"": 0, ""return_msg"": ""정상적으로 처리되었습니다""}"
2026-06-10,scan_candidate,066575,,0,main_scan,78500,,78500,78100,78500,78300,-0.3821656050955414,0.5095541401273885,,,,,,"{""bid_req_base_tm"": ""100030"", ""sel_10th_pre_req_pre"": ""0"", ""sel_10th_pre_req"": ""353"", ""sel_10th_pre_bid"": ""-79400"", ""sel_9th_pre_req_pre"": ""0"", ""sel_9th_pre_req"": ""271"", ""sel_9th_pre_bid"": ""-79300"", ""sel_8th_pre_req_pre"": ""0"", ""sel_8th_pre_req"": ""225"", ""sel_8th_pre_bid"": ""-79200"", ""sel_7th_pre_req_pre"": ""0"", ""sel_7th_pre_req"": ""335"", ""sel_7th_pre_bid"": ""-79100"", ""sel_6th_pre_req_pre"": ""0"", ""sel_6th_pre_req"": ""216"", ""sel_6th_pre_bid"": ""-79000"", ""sel_5th_pre_req_pre"": ""0"", ""sel_5th_pre_req"": ""38"", ""sel_5th_pre_bid"": ""-78900"", ""sel_4th_pre_req_pre"": ""0"", ""sel_4th_pre_req"": ""255"", ""sel_4th_pre_bid"": ""-78800"", ""sel_3th_pre_req_pre"": ""0"", ""sel_3th_pre_req"": ""249"", ""sel_3th_pre_bid"": ""-78700"", ""sel_2th_pre_req_pre"": ""0"", ""sel_2th_pre_req"": ""237"", ""sel_2th_pre_bid"": ""-78600"", ""sel_1th_pre_req_pre"": ""0"", ""sel_fpr_req"": ""37"", ""sel_fpr_bid"": ""-78500"", ""buy_fpr_bid"": ""-78100"", ""buy_fpr_req"": ""280"", ""buy_1th_pre_req_pre"": ""0"", ""buy_2th_pre_bid"": ""-78000"", ""buy_2th_pre_req"": ""332"", ""buy_2th_pre_req_pre"": ""0"", ""buy_3th_pre_bid"": ""-77900"", ""buy_3th_pre_req"": ""84"", ""buy_3th_pre_req_pre"": ""0"", ""buy_4th_pre_bid"": ""-77800"", ""buy_4th_pre_req"": ""353"", ""buy_4th_pre_req_pre"": ""0"", ""buy_5th_pre_bid"": ""-77700"", ""buy_5th_pre_req"": ""349"", ""buy_5th_pre_req_pre"": ""0"", ""buy_6th_pre_bid"": ""-77600"", ""buy_6th_pre_req"": ""155"", ""buy_6th_pre_req_pre"": ""0"", ""buy_7th_pre_bid"": ""-77500"", ""buy_7th_pre_req"": ""401"", ""buy_7th_pre_req_pre"": ""0"", ""buy_8th_pre_bid"": ""-77400"", ""buy_8th_pre_req"": ""67"", ""buy_8th_pre_req_pre"": ""0"", ""buy_9th_pre_bid"": ""-77300"", ""buy_9th_pre_req"": ""110"", ""buy_9th_pre_req_pre"": ""0"", ""buy_10th_pre_bid"": ""-77200"", ""buy_10th_pre_req"": ""82"", ""buy_10th_pre_req_pre"": ""0"", ""tot_sel_req_jub_pre"": ""0"", ""tot_sel_req"": ""2216"", ""tot_buy_req"": ""2213"", ""tot_buy_req_jub_pre"": ""0"", ""ovt_sel_req_pre"": ""0"", ""ovt_sel_req"": ""0"", ""ovt_buy_req"": ""0"", ""ovt_buy_req_pre"": ""0"", ""return_code"": 0, ""return_msg"": ""정상적으로 처리되었습니다""}"
2026-06-10,scan_candidate,181710,,0,main_scan,40350,,40350,40300,40350,40550,0.37174721189591076,0.12391573729863693,,,,,,"{""bid_req_base_tm"": ""100032"", ""sel_10th_pre_req_pre"": ""0"", ""sel_10th_pre_req"": ""10"", ""sel_10th_pre_bid"": ""-41000"", ""sel_9th_pre_req_pre"": ""0"", ""sel_9th_pre_req"": ""76"", ""sel_9th_pre_bid"": ""-40950"", ""sel_8th_pre_req_pre"": ""0"", ""sel_8th_pre_req"": ""4"", ""sel_8th_pre_bid"": ""-40850"", ""sel_7th_pre_req_pre"": ""0"", ""sel_7th_pre_req"": ""24"", ""sel_7th_pre_bid"": ""-40700"", ""sel_6th_pre_req_pre"": ""0"", ""sel_6th_pre_req"": ""8"", ""sel_6th_pre_bid"": ""-40650"", ""sel_5th_pre_req_pre"": ""0"", ""sel_5th_pre_req"": ""40"", ""sel_5th_pre_bid"": ""-40600"", ""sel_4th_pre_req_pre"": ""0"", ""sel_4th_pre_req"": ""50"", ""sel_4th_pre_bid"": ""-40500"", ""sel_3th_pre_req_pre"": ""0"", ""sel_3th_pre_req"": ""4"", ""sel_3th_pre_bid"": ""-40450"", ""sel_2th_pre_req_pre"": ""0"", ""sel_2th_pre_req"": ""18"", ""sel_2th_pre_bid"": ""-40400"", ""sel_1th_pre_req_pre"": ""+100"", ""sel_fpr_req"": ""102"", ""sel_fpr_bid"": ""-40350"", ""buy_fpr_bid"": ""-40300"", ""buy_fpr_req"": ""64"", ""buy_1th_pre_req_pre"": ""+17"", ""buy_2th_pre_bid"": ""-40250"", ""buy_2th_pre_req"": ""42"", ""buy_2th_pre_req_pre"": ""0"", ""buy_3th_pre_bid"": ""-40200"", ""buy_3th_pre_req"": ""108"", ""buy_3th_pre_req_pre"": ""0"", ""buy_4th_pre_bid"": ""-40150"", ""buy_4th_pre_req"": ""268"", ""buy_4th_pre_req_pre"": ""0"", ""buy_5th_pre_bid"": ""-40100"", ""buy_5th_pre_req"": ""550"", ""buy_5th_pre_req_pre"": ""0"", ""buy_6th_pre_bid"": ""-40050"", ""buy_6th_pre_req"": ""1021"", ""buy_6th_pre_req_pre"": ""0"", ""buy_7th_pre_bid"": ""-40000"", ""buy_7th_pre_req"": ""971"", ""buy_7th_pre_req_pre"": ""0"", ""buy_8th_pre_bid"": ""-39950"", ""buy_8th_pre_req"": ""50"", ""buy_8th_pre_req_pre"": ""0"", ""buy_9th_pre_bid"": ""-39900"", ""buy_9th_pre_req"": ""424"", ""buy_9th_pre_req_pre"": ""0"", ""buy_10th_pre_bid"": ""-39850"", ""buy_10th_pre_req"": ""30"", ""buy_10th_pre_req_pre"": ""0"", ""tot_sel_req_jub_pre"": ""+130"", ""tot_sel_req"": ""336"", ""tot_buy_req"": ""3528"", ""tot_buy_req_jub_pre"": ""+17"", ""ovt_sel_req_pre"": ""0"", ""ovt_sel_req"": ""0"", ""ovt_buy_req"": ""0"", ""ovt_buy_req_pre"": ""0"", ""return_code"": 0, ""return_msg"": ""정상적으로 처리되었습니다""}"
2026-06-10,scan_candidate,034230,,0,main_scan,15020,,15020,15000,15020,15000,-0.4660452729693742,0.13315579227696406,,,,,,"{""bid_req_base_tm"": ""100032"", ""sel_10th_pre_req_pre"": ""0"", ""sel_10th_pre_req"": ""100"", ""sel_10th_pre_bid"": ""+15170"", ""sel_9th_pre_req_pre"": ""0"", ""sel_9th_pre_req"": ""946"", ""sel_9th_pre_bid"": ""+15150"", ""sel_8th_pre_req_pre"": ""0"", ""sel_8th_pre_req"": ""65"", ""sel_8th_pre_bid"": ""+15130"", ""sel_7th_pre_req_pre"": ""0"", ""sel_7th_pre_req"": ""83"", ""sel_7th_pre_bid"": ""+15120"", ""sel_6th_pre_req_pre"": ""0"", ""sel_6th_pre_req"": ""616"", ""sel_6th_pre_bid"": ""+15100"", ""sel_5th_pre_req_pre"": ""0"", ""sel_5th_pre_req"": ""150"", ""sel_5th_pre_bid"": ""+15090"", ""sel_4th_pre_req_pre"": ""0"", ""sel_4th_pre_req"": ""50"", ""sel_4th_pre_bid"": ""+15080"", ""sel_3th_pre_req_pre"": ""0"", ""sel_3th_pre_req"": ""130"", ""sel_3th_pre_bid"": ""+15050"", ""sel_2th_pre_req_pre"": ""0"", ""sel_2th_pre_req"": ""57"", ""sel_2th_pre_bid"": ""+15030"", ""sel_1th_pre_req_pre"": ""0"", ""sel_fpr_req"": ""38"", ""sel_fpr_bid"": ""15020"", ""buy_fpr_bid"": ""-15000"", ""buy_fpr_req"": ""12"", ""buy_1th_pre_req_pre"": ""0"", ""buy_2th_pre_bid"": ""-14990"", ""buy_2th_pre_req"": ""1"", ""buy_2th_pre_req_pre"": ""0"", ""buy_3th_pre_bid"": ""-14960"", ""buy_3th_pre_req"": ""146"", ""buy_3th_pre_req_pre"": ""0"", ""buy_4th_pre_bid"": ""-14930"", ""buy_4th_pre_req"": ""60"", ""buy_4th_pre_req_pre"": ""0"", ""buy_5th_pre_bid"": ""-14920"", ""buy_5th_pre_req"": ""10"", ""buy_5th_pre_req_pre"": ""0"", ""buy_6th_pre_bid"": ""-14910"", ""buy_6th_pre_req"": ""1"", ""buy_6th_pre_req_pre"": ""0"", ""buy_7th_pre_bid"": ""-14900"", ""buy_7th_pre_req"": ""276"", ""buy_7th_pre_req_pre"": ""0"", ""buy_8th_pre_bid"": ""-14890"", ""buy_8th_pre_req"": ""1"", ""buy_8th_pre_req_pre"": ""0"", ""buy_9th_pre_bid"": ""-14880"", ""buy_9th_pre_req"": ""165"", ""buy_9th_pre_req_pre"": ""+140"", ""buy_10th_pre_bid"": ""-14870"", ""buy_10th_pre_req"": ""13364"", ""buy_10th_pre_req_pre"": ""0"", ""tot_sel_req_jub_pre"": ""0"", ""tot_sel_req"": ""2235"", ""tot_buy_req"": ""14036"", ""tot_buy_req_jub_pre"": ""+140"", ""ovt_sel_req_pre"": ""0"", ""ovt_sel_req"": ""0"", ""ovt_buy_req"": ""0"", ""ovt_buy_req_pre"": ""0"", ""return_code"": 0, ""return_msg"": ""정상적으로 처리되었습니다""}"
2026-06-10,scan_candidate,281820,,0,main_scan,67200,,67200,67100,67200,66900,-0.5952380952380952,0.1488095238095238,,,,,,"{""bid_req_base_tm"": ""100033"", ""sel_10th_pre_req_pre"": ""0"", ""sel_10th_pre_req"": ""1"", ""sel_10th_pre_bid"": ""+68100"", ""sel_9th_pre_req_pre"": ""0"", ""sel_9th_pre_req"": ""53"", ""sel_9th_pre_bid"": ""+68000"", ""sel_8th_pre_req_pre"": ""0"", ""sel_8th_pre_req"": ""111"", ""sel_8th_pre_bid"": ""+67900"", ""sel_7th_pre_req_pre"": ""+1"", ""sel_7th_pre_req"": ""2"", ""sel_7th_pre_bid"": ""+67800"", ""sel_6th_pre_req_pre"": ""0"", ""sel_6th_pre_req"": ""9"", ""sel_6th_pre_bid"": ""+67700"", ""sel_5th_pre_req_pre"": ""0"", ""sel_5th_pre_req"": ""26"", ""sel_5th_pre_bid"": ""+67600"", ""sel_4th_pre_req_pre"": ""0"", ""sel_4th_pre_req"": ""51"", ""sel_4th_pre_bid"": ""+67500"", ""sel_3th_pre_req_pre"": ""0"", ""sel_3th_pre_req"": ""15"", ""sel_3th_pre_bid"": ""+67400"", ""sel_2th_pre_req_pre"": ""0"", ""sel_2th_pre_req"": ""22"", ""sel_2th_pre_bid"": ""+67300"", ""sel_1th_pre_req_pre"": ""+13"", ""sel_fpr_req"": ""16"", ""sel_fpr_bid"": ""+67200"", ""buy_fpr_bid"": ""+67100"", ""buy_fpr_req"": ""3"", ""buy_1th_pre_req_pre"": ""0"", ""buy_2th_pre_bid"": ""+66800"", ""buy_2th_pre_req"": ""3"", ""buy_2th_pre_req_pre"": ""0"", ""buy_3th_pre_bid"": ""+66700"", ""buy_3th_pre_req"": ""4"", ""buy_3th_pre_req_pre"": ""0"", ""buy_4th_pre_bid"": ""+66600"", ""buy_4th_pre_req"": ""6"", ""buy_4th_pre_req_pre"": ""0"", ""buy_5th_pre_bid"": ""+66500"", ""buy_5th_pre_req"": ""25"", ""buy_5th_pre_req_pre"": ""0"", ""buy_6th_pre_bid"": ""66400"", ""buy_6th_pre_req"": ""2"", ""buy_6th_pre_req_pre"": ""0"", ""buy_7th_pre_bid"": ""-66300"", ""buy_7th_pre_req"": ""14"", ""buy_7th_pre_req_pre"": ""0"", ""buy_8th_pre_bid"": ""-66200"", ""buy_8th_pre_req"": ""46"", ""buy_8th_pre_req_pre"": ""0"", ""buy_9th_pre_bid"": ""-66100"", ""buy_9th_pre_req"": ""100"", ""buy_9th_pre_req_pre"": ""0"", ""buy_10th_pre_bid"": ""-66000"", ""buy_10th_pre_req"": ""11"", ""buy_10th_pre_req_pre"": ""0"", ""tot_sel_req_jub_pre"": ""+14"", ""tot_sel_req"": ""306"", ""tot_buy_req"": ""214"", ""tot_buy_req_jub_pre"": ""0"", ""ovt_sel_req_pre"": ""0"", ""ovt_sel_req"": ""0"", ""ovt_buy_req"": ""0"", ""ovt_buy_req_pre"": ""0"", ""return_code"": 0, ""return_msg"": ""정상적으로 처리되었습니다""}"
2026-06-10,scan_candidate,001820,,0,main_scan,115200,,115200,115100,115200,115000,-0.607638888888889,0.08680555555555555,,,,,,"{""bid_req_base_tm"": ""100032"", ""sel_10th_pre_req_pre"": ""0"", ""sel_10th_pre_req"": ""6"", ""sel_10th_pre_bid"": ""-116200"", ""sel_9th_pre_req_pre"": ""0"", ""sel_9th_pre_req"": ""105"", ""sel_9th_pre_bid"": ""-116100"", ""sel_8th_pre_req_pre"": ""0"", ""sel_8th_pre_req"": ""302"", ""sel_8th_pre_bid"": ""-116000"", ""sel_7th_pre_req_pre"": ""0"", ""sel_7th_pre_req"": ""19"", ""sel_7th_pre_bid"": ""-115900"", ""sel_6th_pre_req_pre"": ""0"", ""sel_6th_pre_req"": ""1079"", ""sel_6th_pre_bid"": ""-115800"", ""sel_5th_pre_req_pre"": ""0"", ""sel_5th_pre_req"": ""66"", ""sel_5th_pre_bid"": ""-115700"", ""sel_4th_pre_req_pre"": ""0"", ""sel_4th_pre_req"": ""235"", ""sel_4th_pre_bid"": ""-115600"", ""sel_3th_pre_req_pre"": ""0"", ""sel_3th_pre_req"": ""27"", ""sel_3th_pre_bid"": ""-115500"", ""sel_2th_pre_req_pre"": ""0"", ""sel_2th_pre_req"": ""45"", ""sel_2th_pre_bid"": ""-115400"", ""sel_1th_pre_req_pre"": ""0"", ""sel_fpr_req"": ""1"", ""sel_fpr_bid"": ""-115200"", ""buy_fpr_bid"": ""-115100"", ""buy_fpr_req"": ""130"", ""buy_1th_pre_req_pre"": ""0"", ""buy_2th_pre_bid"": ""-115000"", ""buy_2th_pre_req"": ""905"", ""buy_2th_pre_req_pre"": ""0"", ""buy_3th_pre_bid"": ""-114900"", ""buy_3th_pre_req"": ""352"", ""buy_3th_pre_req_pre"": ""0"", ""buy_4th_pre_bid"": ""-114800"", ""buy_4th_pre_req"": ""199"", ""buy_4th_pre_req_pre"": ""0"", ""buy_5th_pre_bid"": ""-114700"", ""buy_5th_pre_req"": ""228"", ""buy_5th_pre_req_pre"": ""0"", ""buy_6th_pre_bid"": ""-114600"", ""buy_6th_pre_req"": ""282"", ""buy_6th_pre_req_pre"": ""0"", ""buy_7th_pre_bid"": ""-114500"", ""buy_7th_pre_req"": ""537"", ""buy_7th_pre_req_pre"": ""0"", ""buy_8th_pre_bid"": ""-114400"", ""buy_8th_pre_req"": ""78"", ""buy_8th_pre_req_pre"": ""0"", ""buy_9th_pre_bid"": ""-114300"", ""buy_9th_pre_req"": ""129"", ""buy_9th_pre_req_pre"": ""0"", ""buy_10th_pre_bid"": ""-114200"", ""buy_10th_pre_req"": ""80"", ""buy_10th_pre_req_pre"": ""0"", ""tot_sel_req_jub_pre"": ""0"", ""tot_sel_req"": ""1885"", ""tot_buy_req"": ""2920"", ""tot_buy_req_jub_pre"": ""0"", ""ovt_sel_req_pre"": ""0"", ""ovt_sel_req"": ""0"", ""ovt_buy_req"": ""0"", ""ovt_buy_req_pre"": ""0"", ""return_code"": 0, ""return_msg"": ""정상적으로 처리되었습니다""}"
2026-06-10,scan_candidate,000815,,0,main_scan,404500,,404500,401500,404500,403000,-0.4944375772558714,0.7416563658838072,,,,,,"{""bid_req_base_tm"": ""100027"", ""sel_10th_pre_req_pre"": ""0"", ""sel_10th_pre_req"": ""5"", ""sel_10th_pre_bid"": ""+409000"", ""sel_9th_pre_req_pre"": ""0"", ""sel_9th_pre_req"": ""2"", ""sel_9th_pre_bid"": ""+408500"", ""sel_8th_pre_req_pre"": ""0"", ""sel_8th_pre_req"": ""7"", ""sel_8th_pre_bid"": ""+408000"", ""sel_7th_pre_req_pre"": ""0"", ""sel_7th_pre_req"": ""22"", ""sel_7th_pre_bid"": ""407500"", ""sel_6th_pre_req_pre"": ""0"", ""sel_6th_pre_req"": ""18"", ""sel_6th_pre_bid"": ""-407000"", ""sel_5th_pre_req_pre"": ""0"", ""sel_5th_pre_req"": ""70"", ""sel_5th_pre_bid"": ""-406500"", ""sel_4th_pre_req_pre"": ""0"", ""sel_4th_pre_req"": ""122"", ""sel_4th_pre_bid"": ""-406000"", ""sel_3th_pre_req_pre"": ""0"", ""sel_3th_pre_req"": ""55"", ""sel_3th_pre_bid"": ""-405500"", ""sel_2th_pre_req_pre"": ""0"", ""sel_2th_pre_req"": ""24"", ""sel_2th_pre_bid"": ""-405000"", ""sel_1th_pre_req_pre"": ""--1"", ""sel_fpr_req"": ""21"", ""sel_fpr_bid"": ""-404500"", ""buy_fpr_bid"": ""-401500"", ""buy_fpr_req"": ""11"", ""buy_1th_pre_req_pre"": ""0"", ""buy_2th_pre_bid"": ""-401000"", ""buy_2th_pre_req"": ""1"", ""buy_2th_pre_req_pre"": ""0"", ""buy_3th_pre_bid"": ""-400500"", ""buy_3th_pre_req"": ""4"", ""buy_3th_pre_req_pre"": ""0"", ""buy_4th_pre_bid"": ""-400000"", ""buy_4th_pre_req"": ""40"", ""buy_4th_pre_req_pre"": ""0"", ""buy_5th_pre_bid"": ""-399500"", ""buy_5th_pre_req"": ""3"", ""buy_5th_pre_req_pre"": ""0"", ""buy_6th_pre_bid"": ""-399000"", ""buy_6th_pre_req"": ""8"", ""buy_6th_pre_req_pre"": ""0"", ""buy_7th_pre_bid"": ""-398500"", ""buy_7th_pre_req"": ""27"", ""buy_7th_pre_req_pre"": ""0"", ""buy_8th_pre_bid"": ""-398000"", ""buy_8th_pre_req"": ""118"", ""buy_8th_pre_req_pre"": ""0"", ""buy_9th_pre_bid"": ""-397500"", ""buy_9th_pre_req"": ""149"", ""buy_9th_pre_req_pre"": ""0"", ""buy_10th_pre_bid"": ""-397000"", ""buy_10th_pre_req"": ""91"", ""buy_10th_pre_req_pre"": ""0"", ""tot_sel_req_jub_pre"": ""--1"", ""tot_sel_req"": ""346"", ""tot_buy_req"": ""452"", ""tot_buy_req_jub_pre"": ""0"", ""ovt_sel_req_pre"": ""0"", ""ovt_sel_req"": ""0"", ""ovt_buy_req"": ""0"", ""ovt_buy_req_pre"": ""0"", ""return_code"": 0, ""return_msg"": ""정상적으로 처리되었습니다""}"
2026-06-10,scan_candidate,499790,,0,main_scan,49150,,49150,49050,49150,48800,-0.8138351983723295,0.20345879959308238,,,,,,"{""bid_req_base_tm"": ""100032"", ""sel_10th_pre_req_pre"": ""0"", ""sel_10th_pre_req"": ""14"", ""sel_10th_pre_bid"": ""+49650"", ""sel_9th_pre_req_pre"": ""0"", ""sel_9th_pre_req"": ""6"", ""sel_9th_pre_bid"": ""+49600"", ""sel_8th_pre_req_pre"": ""0"", ""sel_8th_pre_req"": ""211"", ""sel_8th_pre_bid"": ""+49500"", ""sel_7th_pre_req_pre"": ""0"", ""sel_7th_pre_req"": ""18"", ""sel_7th_pre_bid"": ""+49450"", ""sel_6th_pre_req_pre"": ""0"", ""sel_6th_pre_req"": ""18"", ""sel_6th_pre_bid"": ""+49400"", ""sel_5th_pre_req_pre"": ""0"", ""sel_5th_pre_req"": ""52"", ""sel_5th_pre_bid"": ""+49350"", ""sel_4th_pre_req_pre"": ""0"", ""sel_4th_pre_req"": ""121"", ""sel_4th_pre_bid"": ""+49300"", ""sel_3th_pre_req_pre"": ""0"", ""sel_3th_pre_req"": ""377"", ""sel_3th_pre_bid"": ""+49250"", ""sel_2th_pre_req_pre"": ""+2"", ""sel_2th_pre_req"": ""48"", ""sel_2th_pre_bid"": ""+49200"", ""sel_1th_pre_req_pre"": ""--11"", ""sel_fpr_req"": ""87"", ""sel_fpr_bid"": ""+49150"", ""buy_fpr_bid"": ""+49050"", ""buy_fpr_req"": ""18"", ""buy_1th_pre_req_pre"": ""0"", ""buy_2th_pre_bid"": ""+49000"", ""buy_2th_pre_req"": ""40"", ""buy_2th_pre_req_pre"": ""--11"", ""buy_3th_pre_bid"": ""+48950"", ""buy_3th_pre_req"": ""3"", ""buy_3th_pre_req_pre"": ""0"", ""buy_4th_pre_bid"": ""+48850"", ""buy_4th_pre_req"": ""22"", ""buy_4th_pre_req_pre"": ""0"", ""buy_5th_pre_bid"": ""+48800"", ""buy_5th_pre_req"": ""235"", ""buy_5th_pre_req_pre"": ""0"", ""buy_6th_pre_bid"": ""+48600"", ""buy_6th_pre_req"": ""35"", ""buy_6th_pre_req_pre"": ""0"", ""buy_7th_pre_bid"": ""+48550"", ""buy_7th_pre_req"": ""56"", ""buy_7th_pre_req_pre"": ""0"", ""buy_8th_pre_bid"": ""+48450"", ""buy_8th_pre_req"": ""85"", ""buy_8th_pre_req_pre"": ""0"", ""buy_9th_pre_bid"": ""+48400"", ""buy_9th_pre_req"": ""12"", ""buy_9th_pre_req_pre"": ""0"", ""buy_10th_pre_bid"": ""+48350"", ""buy_10th_pre_req"": ""25"", ""buy_10th_pre_req_pre"": ""0"", ""tot_sel_req_jub_pre"": ""--9"", ""tot_sel_req"": ""952"", ""tot_buy_req"": ""531"", ""tot_buy_req_jub_pre"": ""--11"", ""ovt_sel_req_pre"": ""0"", ""ovt_sel_req"": ""0"", ""ovt_buy_req"": ""0"", ""ovt_buy_req_pre"": ""0"", ""return_code"": 0, ""return_msg"": ""정상적으로 처리되었습니다""}"
2026-06-10,scan_candidate,100090,,0,main_scan,16720,,16720,16710,16720,16700,-0.41866028708133973,0.05980861244019139,,,,,,"{""bid_req_base_tm"": ""100034"", ""sel_10th_pre_req_pre"": ""0"", ""sel_10th_pre_req"": ""77"", ""sel_10th_pre_bid"": ""+16810"", ""sel_9th_pre_req_pre"": ""0"", ""sel_9th_pre_req"": ""3717"", ""sel_9th_pre_bid"": ""+16800"", ""sel_8th_pre_req_pre"": ""0"", ""sel_8th_pre_req"": ""111"", ""sel_8th_pre_bid"": ""+16790"", ""sel_7th_pre_req_pre"": ""0"", ""sel_7th_pre_req"": ""477"", ""sel_7th_pre_bid"": ""+16780"", ""sel_6th_pre_req_pre"": ""0"", ""sel_6th_pre_req"": ""4"", ""sel_6th_pre_bid"": ""+16770"", ""sel_5th_pre_req_pre"": ""0"", ""sel_5th_pre_req"": ""1838"", ""sel_5th_pre_bid"": ""+16760"", ""sel_4th_pre_req_pre"": ""0"", ""sel_4th_pre_req"": ""547"", ""sel_4th_pre_bid"": ""+16750"", ""sel_3th_pre_req_pre"": ""0"", ""sel_3th_pre_req"": ""223"", ""sel_3th_pre_bid"": ""+16740"", ""sel_2th_pre_req_pre"": ""0"", ""sel_2th_pre_req"": ""848"", ""sel_2th_pre_bid"": ""+16730"", ""sel_1th_pre_req_pre"": ""0"", ""sel_fpr_req"": ""96"", ""sel_fpr_bid"": ""+16720"", ""buy_fpr_bid"": ""+16710"", ""buy_fpr_req"": ""6"", ""buy_1th_pre_req_pre"": ""0"", ""buy_2th_pre_bid"": ""+16700"", ""buy_2th_pre_req"": ""122"", ""buy_2th_pre_req_pre"": ""0"", ""buy_3th_pre_bid"": ""+16690"", ""buy_3th_pre_req"": ""462"", ""buy_3th_pre_req_pre"": ""0"", ""buy_4th_pre_bid"": ""+16680"", ""buy_4th_pre_req"": ""1059"", ""buy_4th_pre_req_pre"": ""0"", ""buy_5th_pre_bid"": ""+16670"", ""buy_5th_pre_req"": ""337"", ""buy_5th_pre_req_pre"": ""0"", ""buy_6th_pre_bid"": ""+16660"", ""buy_6th_pre_req"": ""237"", ""buy_6th_pre_req_pre"": ""0"", ""buy_7th_pre_bid"": ""+16650"", ""buy_7th_pre_req"": ""731"", ""buy_7th_pre_req_pre"": ""0"", ""buy_8th_pre_bid"": ""+16640"", ""buy_8th_pre_req"": ""1291"", ""buy_8th_pre_req_pre"": ""0"", ""buy_9th_pre_bid"": ""+16630"", ""buy_9th_pre_req"": ""181"", ""buy_9th_pre_req_pre"": ""0"", ""buy_10th_pre_bid"": ""+16620"", ""buy_10th_pre_req"": ""6253"", ""buy_10th_pre_req_pre"": ""0"", ""tot_sel_req_jub_pre"": ""0"", ""tot_sel_req"": ""7938"", ""tot_buy_req"": ""10679"", ""tot_buy_req_jub_pre"": ""0"", ""ovt_sel_req_pre"": ""0"", ""ovt_sel_req"": ""0"", ""ovt_buy_req"": ""0"", ""ovt_buy_req_pre"": ""0"", ""return_code"": 0, ""return_msg"": ""정상적으로 처리되었습니다""}"
2026-06-10,scan_candidate,003160,,0,main_scan,29200,,29200,29100,29200,29000,-0.8561643835616438,0.3424657534246575,,,,,,"{""bid_req_base_tm"": ""100034"", ""sel_10th_pre_req_pre"": ""0"", ""sel_10th_pre_req"": ""566"", ""sel_10th_pre_bid"": ""+29650"", ""sel_9th_pre_req_pre"": ""0"", ""sel_9th_pre_req"": ""772"", ""sel_9th_pre_bid"": ""+29600"", ""sel_8th_pre_req_pre"": ""0"", ""sel_8th_pre_req"": ""42"", ""sel_8th_pre_bid"": ""+29550"", ""sel_7th_pre_req_pre"": ""0"", ""sel_7th_pre_req"": ""278"", ""sel_7th_pre_bid"": ""+29500"", ""sel_6th_pre_req_pre"": ""0"", ""sel_6th_pre_req"": ""563"", ""sel_6th_pre_bid"": ""+29450"", ""sel_5th_pre_req_pre"": ""0"", ""sel_5th_pre_req"": ""2125"", ""sel_5th_pre_bid"": ""+29400"", ""sel_4th_pre_req_pre"": ""0"", ""sel_4th_pre_req"": ""677"", ""sel_4th_pre_bid"": ""+29350"", ""sel_3th_pre_req_pre"": ""0"", ""sel_3th_pre_req"": ""13"", ""sel_3th_pre_bid"": ""+29300"", ""sel_2th_pre_req_pre"": ""0"", ""sel_2th_pre_req"": ""342"", ""sel_2th_pre_bid"": ""+29250"", ""sel_1th_pre_req_pre"": ""0"", ""sel_fpr_req"": ""80"", ""sel_fpr_bid"": ""+29200"", ""buy_fpr_bid"": ""+29100"", ""buy_fpr_req"": ""145"", ""buy_1th_pre_req_pre"": ""0"", ""buy_2th_pre_bid"": ""+29050"", ""buy_2th_pre_req"": ""119"", ""buy_2th_pre_req_pre"": ""0"", ""buy_3th_pre_bid"": ""+29000"", ""buy_3th_pre_req"": ""196"", ""buy_3th_pre_req_pre"": ""0"", ""buy_4th_pre_bid"": ""+28950"", ""buy_4th_pre_req"": ""157"", ""buy_4th_pre_req_pre"": ""0"", ""buy_5th_pre_bid"": ""+28900"", ""buy_5th_pre_req"": ""1143"", ""buy_5th_pre_req_pre"": ""+10"", ""buy_6th_pre_bid"": ""+28850"", ""buy_6th_pre_req"": ""272"", ""buy_6th_pre_req_pre"": ""0"", ""buy_7th_pre_bid"": ""+28800"", ""buy_7th_pre_req"": ""78"", ""buy_7th_pre_req_pre"": ""0"", ""buy_8th_pre_bid"": ""+28750"", ""buy_8th_pre_req"": ""30"", ""buy_8th_pre_req_pre"": ""0"", ""buy_9th_pre_bid"": ""+28700"", ""buy_9th_pre_req"": ""45"", ""buy_9th_pre_req_pre"": ""0"", ""buy_10th_pre_bid"": ""+28650"", ""buy_10th_pre_req"": ""236"", ""buy_10th_pre_req_pre"": ""0"", ""tot_sel_req_jub_pre"": ""0"", ""tot_sel_req"": ""5458"", ""tot_buy_req"": ""2421"", ""tot_buy_req_jub_pre"": ""+10"", ""ovt_sel_req_pre"": ""0"", ""ovt_sel_req"": ""0"", ""ovt_buy_req"": ""0"", ""ovt_buy_req_pre"": ""0"", ""return_code"": 0, ""return_msg"": ""정상적으로 처리되었습니다""}"
2026-06-10,scan_candidate,000370,,0,main_scan,6690,,6690,6680,6690,6660,-0.5979073243647235,0.14947683109118087,,,,,,"{""bid_req_base_tm"": ""100034"", ""sel_10th_pre_req_pre"": ""0"", ""sel_10th_pre_req"": ""513"", ""sel_10th_pre_bid"": ""+6780"", ""sel_9th_pre_req_pre"": ""0"", ""sel_9th_pre_req"": ""862"", ""sel_9th_pre_bid"": ""+6770"", ""sel_8th_pre_req_pre"": ""0"", ""sel_8th_pre_req"": ""1002"", ""sel_8th_pre_bid"": ""+6760"", ""sel_7th_pre_req_pre"": ""0"", ""sel_7th_pre_req"": ""1112"", ""sel_7th_pre_bid"": ""+6750"", ""sel_6th_pre_req_pre"": ""0"", ""sel_6th_pre_req"": ""1369"", ""sel_6th_pre_bid"": ""+6740"", ""sel_5th_pre_req_pre"": ""0"", ""sel_5th_pre_req"": ""2223"", ""sel_5th_pre_bid"": ""+6730"", ""sel_4th_pre_req_pre"": ""0"", ""sel_4th_pre_req"": ""1327"", ""sel_4th_pre_bid"": ""+6720"", ""sel_3th_pre_req_pre"": ""+5"", ""sel_3th_pre_req"": ""598"", ""sel_3th_pre_bid"": ""+6710"", ""sel_2th_pre_req_pre"": ""0"", ""sel_2th_pre_req"": ""3434"", ""sel_2th_pre_bid"": ""+6700"", ""sel_1th_pre_req_pre"": ""0"", ""sel_fpr_req"": ""501"", ""sel_fpr_bid"": ""+6690"", ""buy_fpr_bid"": ""+6680"", ""buy_fpr_req"": ""11"", ""buy_1th_pre_req_pre"": ""0"", ""buy_2th_pre_bid"": ""+6670"", ""buy_2th_pre_req"": ""128"", ""buy_2th_pre_req_pre"": ""0"", ""buy_3th_pre_bid"": ""+6660"", ""buy_3th_pre_req"": ""1"", ""buy_3th_pre_req_pre"": ""0"", ""buy_4th_pre_bid"": ""+6650"", ""buy_4th_pre_req"": ""2"", ""buy_4th_pre_req_pre"": ""0"", ""buy_5th_pre_bid"": ""+6640"", ""buy_5th_pre_req"": ""182"", ""buy_5th_pre_req_pre"": ""0"", ""buy_6th_pre_bid"": ""+6630"", ""buy_6th_pre_req"": ""389"", ""buy_6th_pre_req_pre"": ""0"", ""buy_7th_pre_bid"": ""+6620"", ""buy_7th_pre_req"": ""4751"", ""buy_7th_pre_req_pre"": ""0"", ""buy_8th_pre_bid"": ""+6610"", ""buy_8th_pre_req"": ""170"", ""buy_8th_pre_req_pre"": ""0"", ""buy_9th_pre_bid"": ""+6600"", ""buy_9th_pre_req"": ""50"", ""buy_9th_pre_req_pre"": ""0"", ""buy_10th_pre_bid"": ""+6590"", ""buy_10th_pre_req"": ""201"", ""buy_10th_pre_req_pre"": ""0"", ""tot_sel_req_jub_pre"": ""+5"", ""tot_sel_req"": ""12941"", ""tot_buy_req"": ""5885"", ""tot_buy_req_jub_pre"": ""0"", ""ovt_sel_req_pre"": ""0"", ""ovt_sel_req"": ""0"", ""ovt_buy_req"": ""0"", ""ovt_buy_req_pre"": ""0"", ""return_code"": 0, ""return_msg"": ""정상적으로 처리되었습니다""}"
2026-06-10,scan_candidate,114090,,0,main_scan,12080,,12080,12020,12080,11950,-1.490066225165563,0.49668874172185434,,,,,,"{""bid_req_base_tm"": ""100030"", ""sel_10th_pre_req_pre"": ""0"", ""sel_10th_pre_req"": ""176"", ""sel_10th_pre_bid"": ""+12180"", ""sel_9th_pre_req_pre"": ""0"", ""sel_9th_pre_req"": ""11"", ""sel_9th_pre_bid"": ""+12170"", ""sel_8th_pre_req_pre"": ""0"", ""sel_8th_pre_req"": ""1511"", ""sel_8th_pre_bid"": ""+12150"", ""sel_7th_pre_req_pre"": ""0"", ""sel_7th_pre_req"": ""358"", ""sel_7th_pre_bid"": ""+12140"", ""sel_6th_pre_req_pre"": ""0"", ""sel_6th_pre_req"": ""55"", ""sel_6th_pre_bid"": ""+12130"", ""sel_5th_pre_req_pre"": ""0"", ""sel_5th_pre_req"": ""20"", ""sel_5th_pre_bid"": ""+12120"", ""sel_4th_pre_req_pre"": ""0"", ""sel_4th_pre_req"": ""5"", ""sel_4th_pre_bid"": ""+12110"", ""sel_3th_pre_req_pre"": ""0"", ""sel_3th_pre_req"": ""177"", ""sel_3th_pre_bid"": ""+12100"", ""sel_2th_pre_req_pre"": ""0"", ""sel_2th_pre_req"": ""744"", ""sel_2th_pre_bid"": ""+12090"", ""sel_1th_pre_req_pre"": ""0"", ""sel_fpr_req"": ""535"", ""sel_fpr_bid"": ""+12080"", ""buy_fpr_bid"": ""+12020"", ""buy_fpr_req"": ""93"", ""buy_1th_pre_req_pre"": ""0"", ""buy_2th_pre_bid"": ""+12010"", ""buy_2th_pre_req"": ""273"", ""buy_2th_pre_req_pre"": ""0"", ""buy_3th_pre_bid"": ""+12000"", ""buy_3th_pre_req"": ""39"", ""buy_3th_pre_req_pre"": ""0"", ""buy_4th_pre_bid"": ""+11990"", ""buy_4th_pre_req"": ""30"", ""buy_4th_pre_req_pre"": ""0"", ""buy_5th_pre_bid"": ""+11970"", ""buy_5th_pre_req"": ""7"", ""buy_5th_pre_req_pre"": ""0"", ""buy_6th_pre_bid"": ""-11890"", ""buy_6th_pre_req"": ""365"", ""buy_6th_pre_req_pre"": ""0"", ""buy_7th_pre_bid"": ""-11880"", ""buy_7th_pre_req"": ""14"", ""buy_7th_pre_req_pre"": ""0"", ""buy_8th_pre_bid"": ""-11870"", ""buy_8th_pre_req"": ""340"", ""buy_8th_pre_req_pre"": ""0"", ""buy_9th_pre_bid"": ""-11850"", ""buy_9th_pre_req"": ""30"", ""buy_9th_pre_req_pre"": ""0"", ""buy_10th_pre_bid"": ""-11840"", ""buy_10th_pre_req"": ""192"", ""buy_10th_pre_req_pre"": ""0"", ""tot_sel_req_jub_pre"": ""0"", ""tot_sel_req"": ""3592"", ""tot_buy_req"": ""1383"", ""tot_buy_req_jub_pre"": ""0"", ""ovt_sel_req_pre"": ""0"", ""ovt_sel_req"": ""0"", ""ovt_buy_req"": ""0"", ""ovt_buy_req_pre"": ""0"", ""return_code"": 0, ""return_msg"": ""정상적으로 처리되었습니다""}"
2026-06-10,scan_candidate,005090,,0,main_scan,51400,,51400,51300,51400,51800,0.5836575875486382,0.19455252918287938,,,,,,"{""bid_req_base_tm"": ""100033"", ""sel_10th_pre_req_pre"": ""0"", ""sel_10th_pre_req"": ""2"", ""sel_10th_pre_bid"": ""+52900"", ""sel_9th_pre_req_pre"": ""0"", ""sel_9th_pre_req"": ""223"", ""sel_9th_pre_bid"": ""+52700"", ""sel_8th_pre_req_pre"": ""0"", ""sel_8th_pre_req"": ""100"", ""sel_8th_pre_bid"": ""+52500"", ""sel_7th_pre_req_pre"": ""0"", ""sel_7th_pre_req"": ""10"", ""sel_7th_pre_bid"": ""+52400"", ""sel_6th_pre_req_pre"": ""0"", ""sel_6th_pre_req"": ""504"", ""sel_6th_pre_bid"": ""+52200"", ""sel_5th_pre_req_pre"": ""0"", ""sel_5th_pre_req"": ""219"", ""sel_5th_pre_bid"": ""+52100"", ""sel_4th_pre_req_pre"": ""0"", ""sel_4th_pre_req"": ""4"", ""sel_4th_pre_bid"": ""+52000"", ""sel_3th_pre_req_pre"": ""0"", ""sel_3th_pre_req"": ""140"", ""sel_3th_pre_bid"": ""+51600"", ""sel_2th_pre_req_pre"": ""0"", ""sel_2th_pre_req"": ""20"", ""sel_2th_pre_bid"": ""+51500"", ""sel_1th_pre_req_pre"": ""0"", ""sel_fpr_req"": ""108"", ""sel_fpr_bid"": ""+51400"", ""buy_fpr_bid"": ""+51300"", ""buy_fpr_req"": ""46"", ""buy_1th_pre_req_pre"": ""+23"", ""buy_2th_pre_bid"": ""+51200"", ""buy_2th_pre_req"": ""70"", ""buy_2th_pre_req_pre"": ""0"", ""buy_3th_pre_bid"": ""+51000"", ""buy_3th_pre_req"": ""318"", ""buy_3th_pre_req_pre"": ""0"", ""buy_4th_pre_bid"": ""+50900"", ""buy_4th_pre_req"": ""24"", ""buy_4th_pre_req_pre"": ""0"", ""buy_5th_pre_bid"": ""+50800"", ""buy_5th_pre_req"": ""80"", ""buy_5th_pre_req_pre"": ""0"", ""buy_6th_pre_bid"": ""+50700"", ""buy_6th_pre_req"": ""1003"", ""buy_6th_pre_req_pre"": ""0"", ""buy_7th_pre_bid"": ""+50600"", ""buy_7th_pre_req"": ""172"", ""buy_7th_pre_req_pre"": ""0"", ""buy_8th_pre_bid"": ""50500"", ""buy_8th_pre_req"": ""471"", ""buy_8th_pre_req_pre"": ""0"", ""buy_9th_pre_bid"": ""-50400"", ""buy_9th_pre_req"": ""363"", ""buy_9th_pre_req_pre"": ""0"", ""buy_10th_pre_bid"": ""-50300"", ""buy_10th_pre_req"": ""191"", ""buy_10th_pre_req_pre"": ""0"", ""tot_sel_req_jub_pre"": ""0"", ""tot_sel_req"": ""1330"", ""tot_buy_req"": ""2738"", ""tot_buy_req_jub_pre"": ""+23"", ""ovt_sel_req_pre"": ""0"", ""ovt_sel_req"": ""0"", ""ovt_buy_req"": ""0"", ""ovt_buy_req_pre"": ""0"", ""return_code"": 0, ""return_msg"": ""정상적으로 처리되었습니다""}"
2026-06-10,scan_candidate,017900,,0,main_scan,10260,,10260,10240,10260,10250,-0.5847953216374269,0.1949317738791423,,,,,,"{""bid_req_base_tm"": ""100035"", ""sel_10th_pre_req_pre"": ""0"", ""sel_10th_pre_req"": ""276"", ""sel_10th_pre_bid"": ""+10350"", ""sel_9th_pre_req_pre"": ""0"", ""sel_9th_pre_req"": ""257"", ""sel_9th_pre_bid"": ""+10340"", ""sel_8th_pre_req_pre"": ""+10"", ""sel_8th_pre_req"": ""439"", ""sel_8th_pre_bid"": ""+10330"", ""sel_7th_pre_req_pre"": ""0"", ""sel_7th_pre_req"": ""105"", ""sel_7th_pre_bid"": ""+10320"", ""sel_6th_pre_req_pre"": ""0"", ""sel_6th_pre_req"": ""1518"", ""sel_6th_pre_bid"": ""+10310"", ""sel_5th_pre_req_pre"": ""+10"", ""sel_5th_pre_req"": ""800"", ""sel_5th_pre_bid"": ""+10300"", ""sel_4th_pre_req_pre"": ""0"", ""sel_4th_pre_req"": ""1041"", ""sel_4th_pre_bid"": ""+10290"", ""sel_3th_pre_req_pre"": ""0"", ""sel_3th_pre_req"": ""322"", ""sel_3th_pre_bid"": ""+10280"", ""sel_2th_pre_req_pre"": ""0"", ""sel_2th_pre_req"": ""1393"", ""sel_2th_pre_bid"": ""+10270"", ""sel_1th_pre_req_pre"": ""0"", ""sel_fpr_req"": ""215"", ""sel_fpr_bid"": ""+10260"", ""buy_fpr_bid"": ""+10240"", ""buy_fpr_req"": ""926"", ""buy_1th_pre_req_pre"": ""+49"", ""buy_2th_pre_bid"": ""+10230"", ""buy_2th_pre_req"": ""895"", ""buy_2th_pre_req_pre"": ""+30"", ""buy_3th_pre_bid"": ""+10220"", ""buy_3th_pre_req"": ""2804"", ""buy_3th_pre_req_pre"": ""0"", ""buy_4th_pre_bid"": ""+10210"", ""buy_4th_pre_req"": ""1275"", ""buy_4th_pre_req_pre"": ""0"", ""buy_5th_pre_bid"": ""+10200"", ""buy_5th_pre_req"": ""937"", ""buy_5th_pre_req_pre"": ""+150"", ""buy_6th_pre_bid"": ""+10190"", ""buy_6th_pre_req"": ""3210"", ""buy_6th_pre_req_pre"": ""0"", ""buy_7th_pre_bid"": ""+10180"", ""buy_7th_pre_req"": ""2584"", ""buy_7th_pre_req_pre"": ""--197"", ""buy_8th_pre_bid"": ""+10170"", ""buy_8th_pre_req"": ""625"", ""buy_8th_pre_req_pre"": ""0"", ""buy_9th_pre_bid"": ""+10160"", ""buy_9th_pre_req"": ""801"", ""buy_9th_pre_req_pre"": ""0"", ""buy_10th_pre_bid"": ""+10150"", ""buy_10th_pre_req"": ""1273"", ""buy_10th_pre_req_pre"": ""--150"", ""tot_sel_req_jub_pre"": ""+20"", ""tot_sel_req"": ""6366"", ""tot_buy_req"": ""15330"", ""tot_buy_req_jub_pre"": ""--118"", ""ovt_sel_req_pre"": ""0"", ""ovt_sel_req"": ""0"", ""ovt_buy_req"": ""0"", ""ovt_buy_req_pre"": ""0"", ""return_code"": 0, ""return_msg"": ""정상적으로 처리되었습니다""}"
2026-06-10,scan_candidate,006220,,0,main_scan,11340,,11340,11330,11340,11300,-0.7936507936507936,0.08818342151675485,,,,,,"{""bid_req_base_tm"": ""100034"", ""sel_10th_pre_req_pre"": ""0"", ""sel_10th_pre_req"": ""32"", ""sel_10th_pre_bid"": ""+11430"", ""sel_9th_pre_req_pre"": ""0"", ""sel_9th_pre_req"": ""303"", ""sel_9th_pre_bid"": ""+11420"", ""sel_8th_pre_req_pre"": ""0"", ""sel_8th_pre_req"": ""10"", ""sel_8th_pre_bid"": ""+11410"", ""sel_7th_pre_req_pre"": ""0"", ""sel_7th_pre_req"": ""278"", ""sel_7th_pre_bid"": ""+11400"", ""sel_6th_pre_req_pre"": ""0"", ""sel_6th_pre_req"": ""1666"", ""sel_6th_pre_bid"": ""+11390"", ""sel_5th_pre_req_pre"": ""0"", ""sel_5th_pre_req"": ""108"", ""sel_5th_pre_bid"": ""+11380"", ""sel_4th_pre_req_pre"": ""0"", ""sel_4th_pre_req"": ""1"", ""sel_4th_pre_bid"": ""+11370"", ""sel_3th_pre_req_pre"": ""0"", ""sel_3th_pre_req"": ""186"", ""sel_3th_pre_bid"": ""+11360"", ""sel_2th_pre_req_pre"": ""+100"", ""sel_2th_pre_req"": ""550"", ""sel_2th_pre_bid"": ""+11350"", ""sel_1th_pre_req_pre"": ""0"", ""sel_fpr_req"": ""104"", ""sel_fpr_bid"": ""+11340"", ""buy_fpr_bid"": ""+11330"", ""buy_fpr_req"": ""68"", ""buy_1th_pre_req_pre"": ""0"", ""buy_2th_pre_bid"": ""+11320"", ""buy_2th_pre_req"": ""114"", ""buy_2th_pre_req_pre"": ""0"", ""buy_3th_pre_bid"": ""+11310"", ""buy_3th_pre_req"": ""110"", ""buy_3th_pre_req_pre"": ""0"", ""buy_4th_pre_bid"": ""+11300"", ""buy_4th_pre_req"": ""166"", ""buy_4th_pre_req_pre"": ""0"", ""buy_5th_pre_bid"": ""+11290"", ""buy_5th_pre_req"": ""115"", ""buy_5th_pre_req_pre"": ""0"", ""buy_6th_pre_bid"": ""+11280"", ""buy_6th_pre_req"": ""989"", ""buy_6th_pre_req_pre"": ""0"", ""buy_7th_pre_bid"": ""+11270"", ""buy_7th_pre_req"": ""12"", ""buy_7th_pre_req_pre"": ""0"", ""buy_8th_pre_bid"": ""+11260"", ""buy_8th_pre_req"": ""57"", ""buy_8th_pre_req_pre"": ""0"", ""buy_9th_pre_bid"": ""+11250"", ""buy_9th_pre_req"": ""183"", ""buy_9th_pre_req_pre"": ""0"", ""buy_10th_pre_bid"": ""+11240"", ""buy_10th_pre_req"": ""30"", ""buy_10th_pre_req_pre"": ""0"", ""tot_sel_req_jub_pre"": ""+100"", ""tot_sel_req"": ""3238"", ""tot_buy_req"": ""1844"", ""tot_buy_req_jub_pre"": ""0"", ""ovt_sel_req_pre"": ""0"", ""ovt_sel_req"": ""0"", ""ovt_buy_req"": ""0"", ""ovt_buy_req_pre"": ""0"", ""return_code"": 0, ""return_msg"": ""정상적으로 처리되었습니다""}"
2026-06-10,scan_candidate,092200,,0,main_scan,9870,,9870,9860,9870,9850,-0.303951367781155,0.10131712259371835,,,,,,"{""bid_req_base_tm"": ""100035"", ""sel_10th_pre_req_pre"": ""0"", ""sel_10th_pre_req"": ""7"", ""sel_10th_pre_bid"": ""-10010"", ""sel_9th_pre_req_pre"": ""0"", ""sel_9th_pre_req"": ""2765"", ""sel_9th_pre_bid"": ""-10000"", ""sel_8th_pre_req_pre"": ""0"", ""sel_8th_pre_req"": ""216"", ""sel_8th_pre_bid"": ""-9970"", ""sel_7th_pre_req_pre"": ""0"", ""sel_7th_pre_req"": ""535"", ""sel_7th_pre_bid"": ""-9960"", ""sel_6th_pre_req_pre"": ""0"", ""sel_6th_pre_req"": ""221"", ""sel_6th_pre_bid"": ""-9940"", ""sel_5th_pre_req_pre"": ""0"", ""sel_5th_pre_req"": ""269"", ""sel_5th_pre_bid"": ""-9930"", ""sel_4th_pre_req_pre"": ""0"", ""sel_4th_pre_req"": ""1790"", ""sel_4th_pre_bid"": ""-9920"", ""sel_3th_pre_req_pre"": ""0"", ""sel_3th_pre_req"": ""39"", ""sel_3th_pre_bid"": ""-9900"", ""sel_2th_pre_req_pre"": ""0"", ""sel_2th_pre_req"": ""41"", ""sel_2th_pre_bid"": ""-9890"", ""sel_1th_pre_req_pre"": ""0"", ""sel_fpr_req"": ""138"", ""sel_fpr_bid"": ""-9870"", ""buy_fpr_bid"": ""-9860"", ""buy_fpr_req"": ""6"", ""buy_1th_pre_req_pre"": ""--4"", ""buy_2th_pre_bid"": ""-9850"", ""buy_2th_pre_req"": ""216"", ""buy_2th_pre_req_pre"": ""0"", ""buy_3th_pre_bid"": ""-9820"", ""buy_3th_pre_req"": ""296"", ""buy_3th_pre_req_pre"": ""+50"", ""buy_4th_pre_bid"": ""-9810"", ""buy_4th_pre_req"": ""99"", ""buy_4th_pre_req_pre"": ""0"", ""buy_5th_pre_bid"": ""-9800"", ""buy_5th_pre_req"": ""51"", ""buy_5th_pre_req_pre"": ""0"", ""buy_6th_pre_bid"": ""-9780"", ""buy_6th_pre_req"": ""4"", ""buy_6th_pre_req_pre"": ""0"", ""buy_7th_pre_bid"": ""-9770"", ""buy_7th_pre_req"": ""508"", ""buy_7th_pre_req_pre"": ""0"", ""buy_8th_pre_bid"": ""-9760"", ""buy_8th_pre_req"": ""385"", ""buy_8th_pre_req_pre"": ""0"", ""buy_9th_pre_bid"": ""-9750"", ""buy_9th_pre_req"": ""24"", ""buy_9th_pre_req_pre"": ""0"", ""buy_10th_pre_bid"": ""-9740"", ""buy_10th_pre_req"": ""1515"", ""buy_10th_pre_req_pre"": ""0"", ""tot_sel_req_jub_pre"": ""0"", ""tot_sel_req"": ""6021"", ""tot_buy_req"": ""3104"", ""tot_buy_req_jub_pre"": ""+46"", ""ovt_sel_req_pre"": ""0"", ""ovt_sel_req"": ""0"", ""ovt_buy_req"": ""0"", ""ovt_buy_req_pre"": ""0"", ""return_code"": 0, ""return_msg"": ""정상적으로 처리되었습니다""}"
2026-06-10,scan_candidate,000430,,0,main_scan,5860,,5860,5840,5860,5890,0.3412969283276451,0.3412969283276451,,,,,,"{""bid_req_base_tm"": ""100035"", ""sel_10th_pre_req_pre"": ""0"", ""sel_10th_pre_req"": ""1511"", ""sel_10th_pre_bid"": ""-5980"", ""sel_9th_pre_req_pre"": ""0"", ""sel_9th_pre_req"": ""764"", ""sel_9th_pre_bid"": ""-5970"", ""sel_8th_pre_req_pre"": ""0"", ""sel_8th_pre_req"": ""683"", ""sel_8th_pre_bid"": ""-5960"", ""sel_7th_pre_req_pre"": ""0"", ""sel_7th_pre_req"": ""118"", ""sel_7th_pre_bid"": ""-5950"", ""sel_6th_pre_req_pre"": ""0"", ""sel_6th_pre_req"": ""404"", ""sel_6th_pre_bid"": ""-5940"", ""sel_5th_pre_req_pre"": ""0"", ""sel_5th_pre_req"": ""240"", ""sel_5th_pre_bid"": ""-5930"", ""sel_4th_pre_req_pre"": ""0"", ""sel_4th_pre_req"": ""277"", ""sel_4th_pre_bid"": ""-5910"", ""sel_3th_pre_req_pre"": ""0"", ""sel_3th_pre_req"": ""375"", ""sel_3th_pre_bid"": ""-5890"", ""sel_2th_pre_req_pre"": ""0"", ""sel_2th_pre_req"": ""301"", ""sel_2th_pre_bid"": ""-5880"", ""sel_1th_pre_req_pre"": ""0"", ""sel_fpr_req"": ""778"", ""sel_fpr_bid"": ""-5860"", ""buy_fpr_bid"": ""-5840"", ""buy_fpr_req"": ""1"", ""buy_1th_pre_req_pre"": ""0"", ""buy_2th_pre_bid"": ""-5830"", ""buy_2th_pre_req"": ""709"", ""buy_2th_pre_req_pre"": ""0"", ""buy_3th_pre_bid"": ""-5820"", ""buy_3th_pre_req"": ""1978"", ""buy_3th_pre_req_pre"": ""+923"", ""buy_4th_pre_bid"": ""-5810"", ""buy_4th_pre_req"": ""4923"", ""buy_4th_pre_req_pre"": ""--923"", ""buy_5th_pre_bid"": ""-5800"", ""buy_5th_pre_req"": ""17518"", ""buy_5th_pre_req_pre"": ""0"", ""buy_6th_pre_bid"": ""-5790"", ""buy_6th_pre_req"": ""5304"", ""buy_6th_pre_req_pre"": ""0"", ""buy_7th_pre_bid"": ""-5780"", ""buy_7th_pre_req"": ""2844"", ""buy_7th_pre_req_pre"": ""0"", ""buy_8th_pre_bid"": ""-5770"", ""buy_8th_pre_req"": ""2259"", ""buy_8th_pre_req_pre"": ""0"", ""buy_9th_pre_bid"": ""-5760"", ""buy_9th_pre_req"": ""4861"", ""buy_9th_pre_req_pre"": ""0"", ""buy_10th_pre_bid"": ""-5750"", ""buy_10th_pre_req"": ""10297"", ""buy_10th_pre_req_pre"": ""0"", ""tot_sel_req_jub_pre"": ""0"", ""tot_sel_req"": ""5451"", ""tot_buy_req"": ""50694"", ""tot_buy_req_jub_pre"": ""0"", ""ovt_sel_req_pre"": ""0"", ""ovt_sel_req"": ""0"", ""ovt_buy_req"": ""0"", ""ovt_buy_req_pre"": ""0"", ""return_code"": 0, ""return_msg"": ""정상적으로 처리되었습니다""}"
2026-06-10,scan_candidate,010690,,0,main_scan,11270,,11270,11200,11270,11150,-1.5084294587400178,0.6211180124223602,,,,,,"{""bid_req_base_tm"": ""100036"", ""sel_10th_pre_req_pre"": ""0"", ""sel_10th_pre_req"": ""318"", ""sel_10th_pre_bid"": ""+11360"", ""sel_9th_pre_req_pre"": ""0"", ""sel_9th_pre_req"": ""651"", ""sel_9th_pre_bid"": ""+11350"", ""sel_8th_pre_req_pre"": ""0"", ""sel_8th_pre_req"": ""250"", ""sel_8th_pre_bid"": ""+11340"", ""sel_7th_pre_req_pre"": ""0"", ""sel_7th_pre_req"": ""774"", ""sel_7th_pre_bid"": ""+11330"", ""sel_6th_pre_req_pre"": ""0"", ""sel_6th_pre_req"": ""345"", ""sel_6th_pre_bid"": ""+11320"", ""sel_5th_pre_req_pre"": ""0"", ""sel_5th_pre_req"": ""232"", ""sel_5th_pre_bid"": ""+11310"", ""sel_4th_pre_req_pre"": ""+20"", ""sel_4th_pre_req"": ""1626"", ""sel_4th_pre_bid"": ""+11300"", ""sel_3th_pre_req_pre"": ""0"", ""sel_3th_pre_req"": ""1432"", ""sel_3th_pre_bid"": ""+11290"", ""sel_2th_pre_req_pre"": ""--79"", ""sel_2th_pre_req"": ""2812"", ""sel_2th_pre_bid"": ""+11280"", ""sel_1th_pre_req_pre"": ""--106"", ""sel_fpr_req"": ""157"", ""sel_fpr_bid"": ""+11270"", ""buy_fpr_bid"": ""+11200"", ""buy_fpr_req"": ""747"", ""buy_1th_pre_req_pre"": ""+21"", ""buy_2th_pre_bid"": ""+11190"", ""buy_2th_pre_req"": ""165"", ""buy_2th_pre_req_pre"": ""0"", ""buy_3th_pre_bid"": ""+11180"", ""buy_3th_pre_req"": ""8"", ""buy_3th_pre_req_pre"": ""0"", ""buy_4th_pre_bid"": ""+11170"", ""buy_4th_pre_req"": ""12"", ""buy_4th_pre_req_pre"": ""0"", ""buy_5th_pre_bid"": ""+11160"", ""buy_5th_pre_req"": ""320"", ""buy_5th_pre_req_pre"": ""0"", ""buy_6th_pre_bid"": ""+11130"", ""buy_6th_pre_req"": ""65"", ""buy_6th_pre_req_pre"": ""0"", ""buy_7th_pre_bid"": ""+11120"", ""buy_7th_pre_req"": ""100"", ""buy_7th_pre_req_pre"": ""0"", ""buy_8th_pre_bid"": ""+11110"", ""buy_8th_pre_req"": ""2"", ""buy_8th_pre_req_pre"": ""0"", ""buy_9th_pre_bid"": ""+11100"", ""buy_9th_pre_req"": ""138"", ""buy_9th_pre_req_pre"": ""0"", ""buy_10th_pre_bid"": ""+11090"", ""buy_10th_pre_req"": ""45"", ""buy_10th_pre_req_pre"": ""0"", ""tot_sel_req_jub_pre"": ""--165"", ""tot_sel_req"": ""8597"", ""tot_buy_req"": ""1602"", ""tot_buy_req_jub_pre"": ""+21"", ""ovt_sel_req_pre"": ""0"", ""ovt_sel_req"": ""0"", ""ovt_buy_req"": ""0"", ""ovt_buy_req_pre"": ""0"", ""return_code"": 0, ""return_msg"": ""정상적으로 처리되었습니다""}"
2026-06-10,scan_candidate,005950,,0,main_scan,12090,,12090,12050,12090,12050,-0.7444168734491315,0.3308519437551696,,,,,,"{""bid_req_base_tm"": ""100035"", ""sel_10th_pre_req_pre"": ""0"", ""sel_10th_pre_req"": ""22"", ""sel_10th_pre_bid"": ""+12200"", ""sel_9th_pre_req_pre"": ""0"", ""sel_9th_pre_req"": ""2"", ""sel_9th_pre_bid"": ""+12180"", ""sel_8th_pre_req_pre"": ""0"", ""sel_8th_pre_req"": ""111"", ""sel_8th_pre_bid"": ""+12170"", ""sel_7th_pre_req_pre"": ""0"", ""sel_7th_pre_req"": ""4"", ""sel_7th_pre_bid"": ""+12160"", ""sel_6th_pre_req_pre"": ""0"", ""sel_6th_pre_req"": ""141"", ""sel_6th_pre_bid"": ""+12150"", ""sel_5th_pre_req_pre"": ""0"", ""sel_5th_pre_req"": ""29"", ""sel_5th_pre_bid"": ""+12140"", ""sel_4th_pre_req_pre"": ""0"", ""sel_4th_pre_req"": ""7"", ""sel_4th_pre_bid"": ""+12130"", ""sel_3th_pre_req_pre"": ""0"", ""sel_3th_pre_req"": ""360"", ""sel_3th_pre_bid"": ""+12120"", ""sel_2th_pre_req_pre"": ""0"", ""sel_2th_pre_req"": ""289"", ""sel_2th_pre_bid"": ""+12100"", ""sel_1th_pre_req_pre"": ""--20"", ""sel_fpr_req"": ""9"", ""sel_fpr_bid"": ""+12090"", ""buy_fpr_bid"": ""+12050"", ""buy_fpr_req"": ""100"", ""buy_1th_pre_req_pre"": ""0"", ""buy_2th_pre_bid"": ""+12040"", ""buy_2th_pre_req"": ""80"", ""buy_2th_pre_req_pre"": ""0"", ""buy_3th_pre_bid"": ""+12030"", ""buy_3th_pre_req"": ""59"", ""buy_3th_pre_req_pre"": ""0"", ""buy_4th_pre_bid"": ""+12020"", ""buy_4th_pre_req"": ""570"", ""buy_4th_pre_req_pre"": ""0"", ""buy_5th_pre_bid"": ""+12000"", ""buy_5th_pre_req"": ""54"", ""buy_5th_pre_req_pre"": ""0"", ""buy_6th_pre_bid"": ""+11990"", ""buy_6th_pre_req"": ""2"", ""buy_6th_pre_req_pre"": ""0"", ""buy_7th_pre_bid"": ""+11970"", ""buy_7th_pre_req"": ""9"", ""buy_7th_pre_req_pre"": ""0"", ""buy_8th_pre_bid"": ""+11960"", ""buy_8th_pre_req"": ""200"", ""buy_8th_pre_req_pre"": ""0"", ""buy_9th_pre_bid"": ""+11950"", ""buy_9th_pre_req"": ""10"", ""buy_9th_pre_req_pre"": ""0"", ""buy_10th_pre_bid"": ""+11940"", ""buy_10th_pre_req"": ""24"", ""buy_10th_pre_req_pre"": ""0"", ""tot_sel_req_jub_pre"": ""--20"", ""tot_sel_req"": ""974"", ""tot_buy_req"": ""1108"", ""tot_buy_req_jub_pre"": ""0"", ""ovt_sel_req_pre"": ""0"", ""ovt_sel_req"": ""0"", ""ovt_buy_req"": ""0"", ""ovt_buy_req_pre"": ""0"", ""return_code"": 0, ""return_msg"": ""정상적으로 처리되었습니다""}"
2026-06-10,watchlist,014680,,1,filtered_candidate_recheck,262500,,262500,262000,262500,263000,0.0,0.19047619047619047,,,,,,"{""bid_req_base_tm"": ""100216"", ""sel_10th_pre_req_pre"": ""0"", ""sel_10th_pre_req"": ""2"", ""sel_10th_pre_bid"": ""+267000"", ""sel_9th_pre_req_pre"": ""0"", ""sel_9th_pre_req"": ""16"", ""sel_9th_pre_bid"": ""+266500"", ""sel_8th_pre_req_pre"": ""0"", ""sel_8th_pre_req"": ""24"", ""sel_8th_pre_bid"": ""+266000"", ""sel_7th_pre_req_pre"": ""0"", ""sel_7th_pre_req"": ""58"", ""sel_7th_pre_bid"": ""+265500"", ""sel_6th_pre_req_pre"": ""0"", ""sel_6th_pre_req"": ""35"", ""sel_6th_pre_bid"": ""+265000"", ""sel_5th_pre_req_pre"": ""0"", ""sel_5th_pre_req"": ""40"", ""sel_5th_pre_bid"": ""+264500"", ""sel_4th_pre_req_pre"": ""0"", ""sel_4th_pre_req"": ""110"", ""sel_4th_pre_bid"": ""+264000"", ""sel_3th_pre_req_pre"": ""0"", ""sel_3th_pre_req"": ""21"", ""sel_3th_pre_bid"": ""+263500"", ""sel_2th_pre_req_pre"": ""0"", ""sel_2th_pre_req"": ""5"", ""sel_2th_pre_bid"": ""+263000"", ""sel_1th_pre_req_pre"": ""+1"", ""sel_fpr_req"": ""24"", ""sel_fpr_bid"": ""+262500"", ""buy_fpr_bid"": ""+262000"", ""buy_fpr_req"": ""1"", ""buy_1th_pre_req_pre"": ""0"", ""buy_2th_pre_bid"": ""+261500"", ""buy_2th_pre_req"": ""21"", ""buy_2th_pre_req_pre"": ""0"", ""buy_3th_pre_bid"": ""+261000"", ""buy_3th_pre_req"": ""28"", ""buy_3th_pre_req_pre"": ""0"", ""buy_4th_pre_bid"": ""+260000"", ""buy_4th_pre_req"": ""65"", ""buy_4th_pre_req_pre"": ""0"", ""buy_5th_pre_bid"": ""+259500"", ""buy_5th_pre_req"": ""119"", ""buy_5th_pre_req_pre"": ""0"", ""buy_6th_pre_bid"": ""+259000"", ""buy_6th_pre_req"": ""209"", ""buy_6th_pre_req_pre"": ""0"", ""buy_7th_pre_bid"": ""+258500"", ""buy_7th_pre_req"": ""102"", ""buy_7th_pre_req_pre"": ""0"", ""buy_8th_pre_bid"": ""+258000"", ""buy_8th_pre_req"": ""102"", ""buy_8th_pre_req_pre"": ""0"", ""buy_9th_pre_bid"": ""+257500"", ""buy_9th_pre_req"": ""132"", ""buy_9th_pre_req_pre"": ""0"", ""buy_10th_pre_bid"": ""+257000"", ""buy_10th_pre_req"": ""138"", ""buy_10th_pre_req_pre"": ""0"", ""tot_sel_req_jub_pre"": ""+1"", ""tot_sel_req"": ""335"", ""tot_buy_req"": ""917"", ""tot_buy_req_jub_pre"": ""0"", ""ovt_sel_req_pre"": ""0"", ""ovt_sel_req"": ""0"", ""ovt_buy_req"": ""0"", ""ovt_buy_req_pre"": ""0"", ""return_code"": 0, ""return_msg"": ""정상적으로 처리되었습니다""}"
2026-06-10,watchlist,035420,,0,filtered_candidate_recheck,237000,,237000,236500,237000,238500,0.42194092827004215,0.21097046413502107,,,,,,"{""bid_req_base_tm"": ""100222"", ""sel_10th_pre_req_pre"": ""0"", ""sel_10th_pre_req"": ""2292"", ""sel_10th_pre_bid"": ""-241500"", ""sel_9th_pre_req_pre"": ""0"", ""sel_9th_pre_req"": ""1684"", ""sel_9th_pre_bid"": ""-241000"", ""sel_8th_pre_req_pre"": ""0"", ""sel_8th_pre_req"": ""2013"", ""sel_8th_pre_bid"": ""-240500"", ""sel_7th_pre_req_pre"": ""0"", ""sel_7th_pre_req"": ""3051"", ""sel_7th_pre_bid"": ""-240000"", ""sel_6th_pre_req_pre"": ""--50"", ""sel_6th_pre_req"": ""2010"", ""sel_6th_pre_bid"": ""-239500"", ""sel_5th_pre_req_pre"": ""0"", ""sel_5th_pre_req"": ""2205"", ""sel_5th_pre_bid"": ""-239000"", ""sel_4th_pre_req_pre"": ""0"", ""sel_4th_pre_req"": ""1471"", ""sel_4th_pre_bid"": ""-238500"", ""sel_3th_pre_req_pre"": ""0"", ""sel_3th_pre_req"": ""2777"", ""sel_3th_pre_bid"": ""-238000"", ""sel_2th_pre_req_pre"": ""0"", ""sel_2th_pre_req"": ""1228"", ""sel_2th_pre_bid"": ""-237500"", ""sel_1th_pre_req_pre"": ""--1"", ""sel_fpr_req"": ""2877"", ""sel_fpr_bid"": ""-237000"", ""buy_fpr_bid"": ""-236500"", ""buy_fpr_req"": ""5699"", ""buy_1th_pre_req_pre"": ""0"", ""buy_2th_pre_bid"": ""-236000"", ""buy_2th_pre_req"": ""8108"", ""buy_2th_pre_req_pre"": ""0"", ""buy_3th_pre_bid"": ""-235500"", ""buy_3th_pre_req"": ""8236"", ""buy_3th_pre_req_pre"": ""0"", ""buy_4th_pre_bid"": ""-235000"", ""buy_4th_pre_req"": ""19430"", ""buy_4th_pre_req_pre"": ""0"", ""buy_5th_pre_bid"": ""-234500"", ""buy_5th_pre_req"": ""52987"", ""buy_5th_pre_req_pre"": ""0"", ""buy_6th_pre_bid"": ""-234000"", ""buy_6th_pre_req"": ""7473"", ""buy_6th_pre_req_pre"": ""0"", ""buy_7th_pre_bid"": ""-233500"", ""buy_7th_pre_req"": ""5783"", ""buy_7th_pre_req_pre"": ""0"", ""buy_8th_pre_bid"": ""-233000"", ""buy_8th_pre_req"": ""9631"", ""buy_8th_pre_req_pre"": ""0"", ""buy_9th_pre_bid"": ""-232500"", ""buy_9th_pre_req"": ""5904"", ""buy_9th_pre_req_pre"": ""0"", ""buy_10th_pre_bid"": ""-232000"", ""buy_10th_pre_req"": ""9244"", ""buy_10th_pre_req_pre"": ""0"", ""tot_sel_req_jub_pre"": ""--51"", ""tot_sel_req"": ""21608"", ""tot_buy_req"": ""132495"", ""tot_buy_req_jub_pre"": ""0"", ""ovt_sel_req_pre"": ""0"", ""ovt_sel_req"": ""0"", ""ovt_buy_req"": ""0"", ""ovt_buy_req_pre"": ""0"", ""return_code"": 0, ""return_msg"": ""정상적으로 처리되었습니다""}"
2026-06-10,watchlist,036570,,0,filtered_candidate_recheck,259000,,259000,258500,259000,259000,-0.19305019305019305,0.19305019305019305,,,,,,"{""bid_req_base_tm"": ""100222"", ""sel_10th_pre_req_pre"": ""0"", ""sel_10th_pre_req"": ""42"", ""sel_10th_pre_bid"": ""-263500"", ""sel_9th_pre_req_pre"": ""0"", ""sel_9th_pre_req"": ""16"", ""sel_9th_pre_bid"": ""-263000"", ""sel_8th_pre_req_pre"": ""0"", ""sel_8th_pre_req"": ""19"", ""sel_8th_pre_bid"": ""-262500"", ""sel_7th_pre_req_pre"": ""0"", ""sel_7th_pre_req"": ""23"", ""sel_7th_pre_bid"": ""-262000"", ""sel_6th_pre_req_pre"": ""0"", ""sel_6th_pre_req"": ""10"", ""sel_6th_pre_bid"": ""-261500"", ""sel_5th_pre_req_pre"": ""0"", ""sel_5th_pre_req"": ""38"", ""sel_5th_pre_bid"": ""-261000"", ""sel_4th_pre_req_pre"": ""0"", ""sel_4th_pre_req"": ""26"", ""sel_4th_pre_bid"": ""-260500"", ""sel_3th_pre_req_pre"": ""0"", ""sel_3th_pre_req"": ""185"", ""sel_3th_pre_bid"": ""-260000"", ""sel_2th_pre_req_pre"": ""0"", ""sel_2th_pre_req"": ""114"", ""sel_2th_pre_bid"": ""-259500"", ""sel_1th_pre_req_pre"": ""0"", ""sel_fpr_req"": ""99"", ""sel_fpr_bid"": ""-259000"", ""buy_fpr_bid"": ""-258500"", ""buy_fpr_req"": ""116"", ""buy_1th_pre_req_pre"": ""+50"", ""buy_2th_pre_bid"": ""-258000"", ""buy_2th_pre_req"": ""52"", ""buy_2th_pre_req_pre"": ""--50"", ""buy_3th_pre_bid"": ""-257500"", ""buy_3th_pre_req"": ""65"", ""buy_3th_pre_req_pre"": ""0"", ""buy_4th_pre_bid"": ""-257000"", ""buy_4th_pre_req"": ""98"", ""buy_4th_pre_req_pre"": ""0"", ""buy_5th_pre_bid"": ""-256500"", ""buy_5th_pre_req"": ""24"", ""buy_5th_pre_req_pre"": ""0"", ""buy_6th_pre_bid"": ""-256000"", ""buy_6th_pre_req"": ""33"", ""buy_6th_pre_req_pre"": ""0"", ""buy_7th_pre_bid"": ""-255500"", ""buy_7th_pre_req"": ""83"", ""buy_7th_pre_req_pre"": ""0"", ""buy_8th_pre_bid"": ""-255000"", ""buy_8th_pre_req"": ""164"", ""buy_8th_pre_req_pre"": ""0"", ""buy_9th_pre_bid"": ""-254500"", ""buy_9th_pre_req"": ""162"", ""buy_9th_pre_req_pre"": ""0"", ""buy_10th_pre_bid"": ""-254000"", ""buy_10th_pre_req"": ""293"", ""buy_10th_pre_req_pre"": ""0"", ""tot_sel_req_jub_pre"": ""0"", ""tot_sel_req"": ""572"", ""tot_buy_req"": ""1090"", ""tot_buy_req_jub_pre"": ""0"", ""ovt_sel_req_pre"": ""0"", ""ovt_sel_req"": ""0"", ""ovt_buy_req"": ""0"", ""ovt_buy_req_pre"": ""0"", ""return_code"": 0, ""return_msg"": ""정상적으로 처리되었습니다""}"
2026-06-10,watchlist,005090,,0,filtered_candidate_recheck,51800,,51800,51700,51800,52000,0.19305019305019305,0.19305019305019305,,,,,,"{""bid_req_base_tm"": ""100222"", ""sel_10th_pre_req_pre"": ""0"", ""sel_10th_pre_req"": ""17"", ""sel_10th_pre_bid"": ""+53100"", ""sel_9th_pre_req_pre"": ""0"", ""sel_9th_pre_req"": ""32"", ""sel_9th_pre_bid"": ""+53000"", ""sel_8th_pre_req_pre"": ""0"", ""sel_8th_pre_req"": ""2"", ""sel_8th_pre_bid"": ""+52900"", ""sel_7th_pre_req_pre"": ""0"", ""sel_7th_pre_req"": ""223"", ""sel_7th_pre_bid"": ""+52700"", ""sel_6th_pre_req_pre"": ""0"", ""sel_6th_pre_req"": ""10"", ""sel_6th_pre_bid"": ""+52400"", ""sel_5th_pre_req_pre"": ""0"", ""sel_5th_pre_req"": ""200"", ""sel_5th_pre_bid"": ""+52300"", ""sel_4th_pre_req_pre"": ""0"", ""sel_4th_pre_req"": ""144"", ""sel_4th_pre_bid"": ""+52200"", ""sel_3th_pre_req_pre"": ""0"", ""sel_3th_pre_req"": ""4"", ""sel_3th_pre_bid"": ""+52100"", ""sel_2th_pre_req_pre"": ""0"", ""sel_2th_pre_req"": ""53"", ""sel_2th_pre_bid"": ""+52000"", ""sel_1th_pre_req_pre"": ""0"", ""sel_fpr_req"": ""35"", ""sel_fpr_bid"": ""+51800"", ""buy_fpr_bid"": ""+51700"", ""buy_fpr_req"": ""1"", ""buy_1th_pre_req_pre"": ""0"", ""buy_2th_pre_bid"": ""+51600"", ""buy_2th_pre_req"": ""42"", ""buy_2th_pre_req_pre"": ""0"", ""buy_3th_pre_bid"": ""+51500"", ""buy_3th_pre_req"": ""165"", ""buy_3th_pre_req_pre"": ""0"", ""buy_4th_pre_bid"": ""+51400"", ""buy_4th_pre_req"": ""82"", ""buy_4th_pre_req_pre"": ""0"", ""buy_5th_pre_bid"": ""+51300"", ""buy_5th_pre_req"": ""42"", ""buy_5th_pre_req_pre"": ""0"", ""buy_6th_pre_bid"": ""+51200"", ""buy_6th_pre_req"": ""50"", ""buy_6th_pre_req_pre"": ""0"", ""buy_7th_pre_bid"": ""+51100"", ""buy_7th_pre_req"": ""200"", ""buy_7th_pre_req_pre"": ""0"", ""buy_8th_pre_bid"": ""+51000"", ""buy_8th_pre_req"": ""196"", ""buy_8th_pre_req_pre"": ""0"", ""buy_9th_pre_bid"": ""+50900"", ""buy_9th_pre_req"": ""24"", ""buy_9th_pre_req_pre"": ""0"", ""buy_10th_pre_bid"": ""+50800"", ""buy_10th_pre_req"": ""105"", ""buy_10th_pre_req_pre"": ""0"", ""tot_sel_req_jub_pre"": ""0"", ""tot_sel_req"": ""720"", ""tot_buy_req"": ""907"", ""tot_buy_req_jub_pre"": ""0"", ""ovt_sel_req_pre"": ""0"", ""ovt_sel_req"": ""0"", ""ovt_buy_req"": ""0"", ""ovt_buy_req_pre"": ""0"", ""return_code"": 0, ""return_msg"": ""정상적으로 처리되었습니다""}"
2026-06-10,watchlist,066570,,0,filtered_candidate_recheck,232000,,232000,231500,232000,233000,0.21551724137931033,0.21551724137931033,,,,,,"{""bid_req_base_tm"": ""100222"", ""sel_10th_pre_req_pre"": ""0"", ""sel_10th_pre_req"": ""790"", ""sel_10th_pre_bid"": ""-236500"", ""sel_9th_pre_req_pre"": ""0"", ""sel_9th_pre_req"": ""2914"", ""sel_9th_pre_bid"": ""-236000"", ""sel_8th_pre_req_pre"": ""0"", ""sel_8th_pre_req"": ""1721"", ""sel_8th_pre_bid"": ""-235500"", ""sel_7th_pre_req_pre"": ""0"", ""sel_7th_pre_req"": ""2638"", ""sel_7th_pre_bid"": ""-235000"", ""sel_6th_pre_req_pre"": ""0"", ""sel_6th_pre_req"": ""860"", ""sel_6th_pre_bid"": ""-234500"", ""sel_5th_pre_req_pre"": ""0"", ""sel_5th_pre_req"": ""691"", ""sel_5th_pre_bid"": ""-234000"", ""sel_4th_pre_req_pre"": ""0"", ""sel_4th_pre_req"": ""1736"", ""sel_4th_pre_bid"": ""-233500"", ""sel_3th_pre_req_pre"": ""0"", ""sel_3th_pre_req"": ""2123"", ""sel_3th_pre_bid"": ""-233000"", ""sel_2th_pre_req_pre"": ""0"", ""sel_2th_pre_req"": ""2851"", ""sel_2th_pre_bid"": ""-232500"", ""sel_1th_pre_req_pre"": ""0"", ""sel_fpr_req"": ""558"", ""sel_fpr_bid"": ""-232000"", ""buy_fpr_bid"": ""-231500"", ""buy_fpr_req"": ""203"", ""buy_1th_pre_req_pre"": ""0"", ""buy_2th_pre_bid"": ""-231000"", ""buy_2th_pre_req"": ""8002"", ""buy_2th_pre_req_pre"": ""0"", ""buy_3th_pre_bid"": ""-230500"", ""buy_3th_pre_req"": ""8447"", ""buy_3th_pre_req_pre"": ""0"", ""buy_4th_pre_bid"": ""-230000"", ""buy_4th_pre_req"": ""35040"", ""buy_4th_pre_req_pre"": ""+5"", ""buy_5th_pre_bid"": ""-229500"", ""buy_5th_pre_req"": ""3661"", ""buy_5th_pre_req_pre"": ""0"", ""buy_6th_pre_bid"": ""-229000"", ""buy_6th_pre_req"": ""7729"", ""buy_6th_pre_req_pre"": ""0"", ""buy_7th_pre_bid"": ""-228500"", ""buy_7th_pre_req"": ""7203"", ""buy_7th_pre_req_pre"": ""0"", ""buy_8th_pre_bid"": ""-228000"", ""buy_8th_pre_req"": ""12325"", ""buy_8th_pre_req_pre"": ""0"", ""buy_9th_pre_bid"": ""-227500"", ""buy_9th_pre_req"": ""4013"", ""buy_9th_pre_req_pre"": ""0"", ""buy_10th_pre_bid"": ""-227000"", ""buy_10th_pre_req"": ""5413"", ""buy_10th_pre_req_pre"": ""0"", ""tot_sel_req_jub_pre"": ""0"", ""tot_sel_req"": ""16882"", ""tot_buy_req"": ""92036"", ""tot_buy_req_jub_pre"": ""+5"", ""ovt_sel_req_pre"": ""0"", ""ovt_sel_req"": ""0"", ""ovt_buy_req"": ""0"", ""ovt_buy_req_pre"": ""0"", ""return_code"": 0, ""return_msg"": ""정상적으로 처리되었습니다""}"
2026-06-10,watchlist,028670,,1,filtered_candidate_recheck,5070,,5070,5060,5070,5090,0.19723865877712032,0.19723865877712032,,,,,,"{""bid_req_base_tm"": ""100222"", ""sel_10th_pre_req_pre"": ""0"", ""sel_10th_pre_req"": ""800"", ""sel_10th_pre_bid"": ""-5160"", ""sel_9th_pre_req_pre"": ""0"", ""sel_9th_pre_req"": ""2200"", ""sel_9th_pre_bid"": ""-5150"", ""sel_8th_pre_req_pre"": ""0"", ""sel_8th_pre_req"": ""330"", ""sel_8th_pre_bid"": ""-5140"", ""sel_7th_pre_req_pre"": ""0"", ""sel_7th_pre_req"": ""659"", ""sel_7th_pre_bid"": ""-5130"", ""sel_6th_pre_req_pre"": ""0"", ""sel_6th_pre_req"": ""1859"", ""sel_6th_pre_bid"": ""-5120"", ""sel_5th_pre_req_pre"": ""0"", ""sel_5th_pre_req"": ""200"", ""sel_5th_pre_bid"": ""-5110"", ""sel_4th_pre_req_pre"": ""0"", ""sel_4th_pre_req"": ""1730"", ""sel_4th_pre_bid"": ""-5100"", ""sel_3th_pre_req_pre"": ""0"", ""sel_3th_pre_req"": ""958"", ""sel_3th_pre_bid"": ""-5090"", ""sel_2th_pre_req_pre"": ""0"", ""sel_2th_pre_req"": ""3397"", ""sel_2th_pre_bid"": ""-5080"", ""sel_1th_pre_req_pre"": ""0"", ""sel_fpr_req"": ""4754"", ""sel_fpr_bid"": ""-5070"", ""buy_fpr_bid"": ""-5060"", ""buy_fpr_req"": ""6547"", ""buy_1th_pre_req_pre"": ""0"", ""buy_2th_pre_bid"": ""-5050"", ""buy_2th_pre_req"": ""5299"", ""buy_2th_pre_req_pre"": ""0"", ""buy_3th_pre_bid"": ""-5040"", ""buy_3th_pre_req"": ""2220"", ""buy_3th_pre_req_pre"": ""0"", ""buy_4th_pre_bid"": ""-5030"", ""buy_4th_pre_req"": ""4514"", ""buy_4th_pre_req_pre"": ""0"", ""buy_5th_pre_bid"": ""-5020"", ""buy_5th_pre_req"": ""8235"", ""buy_5th_pre_req_pre"": ""0"", ""buy_6th_pre_bid"": ""-5010"", ""buy_6th_pre_req"": ""2791"", ""buy_6th_pre_req_pre"": ""0"", ""buy_7th_pre_bid"": ""-5000"", ""buy_7th_pre_req"": ""12395"", ""buy_7th_pre_req_pre"": ""0"", ""buy_8th_pre_bid"": ""-4995"", ""buy_8th_pre_req"": ""1720"", ""buy_8th_pre_req_pre"": ""0"", ""buy_9th_pre_bid"": ""-4990"", ""buy_9th_pre_req"": ""2195"", ""buy_9th_pre_req_pre"": ""0"", ""buy_10th_pre_bid"": ""-4985"", ""buy_10th_pre_req"": ""2368"", ""buy_10th_pre_req_pre"": ""0"", ""tot_sel_req_jub_pre"": ""0"", ""tot_sel_req"": ""16887"", ""tot_buy_req"": ""48284"", ""tot_buy_req_jub_pre"": ""0"", ""ovt_sel_req_pre"": ""0"", ""ovt_sel_req"": ""0"", ""ovt_buy_req"": ""0"", ""ovt_buy_req_pre"": ""0"", ""return_code"": 0, ""return_msg"": ""정상적으로 처리되었습니다""}"
2026-06-10,watchlist,004990,,0,filtered_candidate_recheck,25650,,25650,25550,25650,25650,-0.1949317738791423,0.3898635477582846,,,,,,"{""bid_req_base_tm"": ""100218"", ""sel_10th_pre_req_pre"": ""0"", ""sel_10th_pre_req"": ""90"", ""sel_10th_pre_bid"": ""+26200"", ""sel_9th_pre_req_pre"": ""0"", ""sel_9th_pre_req"": ""69"", ""sel_9th_pre_bid"": ""26150"", ""sel_8th_pre_req_pre"": ""0"", ""sel_8th_pre_req"": ""3603"", ""sel_8th_pre_bid"": ""-26100"", ""sel_7th_pre_req_pre"": ""0"", ""sel_7th_pre_req"": ""61"", ""sel_7th_pre_bid"": ""-26050"", ""sel_6th_pre_req_pre"": ""0"", ""sel_6th_pre_req"": ""253"", ""sel_6th_pre_bid"": ""-26000"", ""sel_5th_pre_req_pre"": ""0"", ""sel_5th_pre_req"": ""16"", ""sel_5th_pre_bid"": ""-25950"", ""sel_4th_pre_req_pre"": ""0"", ""sel_4th_pre_req"": ""250"", ""sel_4th_pre_bid"": ""-25900"", ""sel_3th_pre_req_pre"": ""0"", ""sel_3th_pre_req"": ""864"", ""sel_3th_pre_bid"": ""-25750"", ""sel_2th_pre_req_pre"": ""0"", ""sel_2th_pre_req"": ""235"", ""sel_2th_pre_bid"": ""-25700"", ""sel_1th_pre_req_pre"": ""+5"", ""sel_fpr_req"": ""323"", ""sel_fpr_bid"": ""-25650"", ""buy_fpr_bid"": ""-25550"", ""buy_fpr_req"": ""332"", ""buy_1th_pre_req_pre"": ""0"", ""buy_2th_pre_bid"": ""-25450"", ""buy_2th_pre_req"": ""483"", ""buy_2th_pre_req_pre"": ""0"", ""buy_3th_pre_bid"": ""-25400"", ""buy_3th_pre_req"": ""633"", ""buy_3th_pre_req_pre"": ""0"", ""buy_4th_pre_bid"": ""-25350"", ""buy_4th_pre_req"": ""359"", ""buy_4th_pre_req_pre"": ""0"", ""buy_5th_pre_bid"": ""-25300"", ""buy_5th_pre_req"": ""902"", ""buy_5th_pre_req_pre"": ""0"", ""buy_6th_pre_bid"": ""-25250"", ""buy_6th_pre_req"": ""684"", ""buy_6th_pre_req_pre"": ""0"", ""buy_7th_pre_bid"": ""-25200"", ""buy_7th_pre_req"": ""706"", ""buy_7th_pre_req_pre"": ""0"", ""buy_8th_pre_bid"": ""-25150"", ""buy_8th_pre_req"": ""1593"", ""buy_8th_pre_req_pre"": ""0"", ""buy_9th_pre_bid"": ""-25100"", ""buy_9th_pre_req"": ""1519"", ""buy_9th_pre_req_pre"": ""0"", ""buy_10th_pre_bid"": ""-25050"", ""buy_10th_pre_req"": ""1482"", ""buy_10th_pre_req_pre"": ""0"", ""tot_sel_req_jub_pre"": ""+5"", ""tot_sel_req"": ""5764"", ""tot_buy_req"": ""8693"", ""tot_buy_req_jub_pre"": ""0"", ""ovt_sel_req_pre"": ""0"", ""ovt_sel_req"": ""0"", ""ovt_buy_req"": ""0"", ""ovt_buy_req_pre"": ""0"", ""return_code"": 0, ""return_msg"": ""정상적으로 처리되었습니다""}"
2026-06-10,watchlist,081660,,0,filtered_candidate_recheck,40200,,40200,40150,40200,40300,0.12437810945273632,0.12437810945273632,,,,,,"{""bid_req_base_tm"": ""100214"", ""sel_10th_pre_req_pre"": ""0"", ""sel_10th_pre_req"": ""50"", ""sel_10th_pre_bid"": ""+40650"", ""sel_9th_pre_req_pre"": ""0"", ""sel_9th_pre_req"": ""75"", ""sel_9th_pre_bid"": ""+40600"", ""sel_8th_pre_req_pre"": ""0"", ""sel_8th_pre_req"": ""126"", ""sel_8th_pre_bid"": ""+40550"", ""sel_7th_pre_req_pre"": ""0"", ""sel_7th_pre_req"": ""55"", ""sel_7th_pre_bid"": ""+40500"", ""sel_6th_pre_req_pre"": ""0"", ""sel_6th_pre_req"": ""70"", ""sel_6th_pre_bid"": ""+40450"", ""sel_5th_pre_req_pre"": ""0"", ""sel_5th_pre_req"": ""87"", ""sel_5th_pre_bid"": ""+40400"", ""sel_4th_pre_req_pre"": ""0"", ""sel_4th_pre_req"": ""18"", ""sel_4th_pre_bid"": ""+40350"", ""sel_3th_pre_req_pre"": ""0"", ""sel_3th_pre_req"": ""52"", ""sel_3th_pre_bid"": ""+40300"", ""sel_2th_pre_req_pre"": ""0"", ""sel_2th_pre_req"": ""1"", ""sel_2th_pre_bid"": ""+40250"", ""sel_1th_pre_req_pre"": ""+25"", ""sel_fpr_req"": ""476"", ""sel_fpr_bid"": ""+40200"", ""buy_fpr_bid"": ""+40150"", ""buy_fpr_req"": ""107"", ""buy_1th_pre_req_pre"": ""0"", ""buy_2th_pre_bid"": ""+40100"", ""buy_2th_pre_req"": ""146"", ""buy_2th_pre_req_pre"": ""0"", ""buy_3th_pre_bid"": ""+40050"", ""buy_3th_pre_req"": ""95"", ""buy_3th_pre_req_pre"": ""0"", ""buy_4th_pre_bid"": ""+40000"", ""buy_4th_pre_req"": ""706"", ""buy_4th_pre_req_pre"": ""0"", ""buy_5th_pre_bid"": ""+39950"", ""buy_5th_pre_req"": ""539"", ""buy_5th_pre_req_pre"": ""0"", ""buy_6th_pre_bid"": ""+39900"", ""buy_6th_pre_req"": ""21"", ""buy_6th_pre_req_pre"": ""0"", ""buy_7th_pre_bid"": ""+39850"", ""buy_7th_pre_req"": ""91"", ""buy_7th_pre_req_pre"": ""0"", ""buy_8th_pre_bid"": ""+39800"", ""buy_8th_pre_req"": ""40"", ""buy_8th_pre_req_pre"": ""0"", ""buy_9th_pre_bid"": ""+39750"", ""buy_9th_pre_req"": ""40"", ""buy_9th_pre_req_pre"": ""0"", ""buy_10th_pre_bid"": ""39700"", ""buy_10th_pre_req"": ""60"", ""buy_10th_pre_req_pre"": ""0"", ""tot_sel_req_jub_pre"": ""+25"", ""tot_sel_req"": ""1010"", ""tot_buy_req"": ""1845"", ""tot_buy_req_jub_pre"": ""0"", ""ovt_sel_req_pre"": ""0"", ""ovt_sel_req"": ""0"", ""ovt_buy_req"": ""0"", ""ovt_buy_req_pre"": ""0"", ""return_code"": 0, ""return_msg"": ""정상적으로 처리되었습니다""}"
2026-06-10,watchlist,008770,,0,filtered_candidate_recheck,54100,,54100,54000,54100,54100,-0.18484288354898337,0.18484288354898337,,,,,,"{""bid_req_base_tm"": ""100223"", ""sel_10th_pre_req_pre"": ""0"", ""sel_10th_pre_req"": ""441"", ""sel_10th_pre_bid"": ""-55000"", ""sel_9th_pre_req_pre"": ""0"", ""sel_9th_pre_req"": ""312"", ""sel_9th_pre_bid"": ""-54900"", ""sel_8th_pre_req_pre"": ""0"", ""sel_8th_pre_req"": ""49"", ""sel_8th_pre_bid"": ""-54800"", ""sel_7th_pre_req_pre"": ""0"", ""sel_7th_pre_req"": ""15"", ""sel_7th_pre_bid"": ""-54700"", ""sel_6th_pre_req_pre"": ""0"", ""sel_6th_pre_req"": ""233"", ""sel_6th_pre_bid"": ""-54600"", ""sel_5th_pre_req_pre"": ""0"", ""sel_5th_pre_req"": ""10"", ""sel_5th_pre_bid"": ""-54500"", ""sel_4th_pre_req_pre"": ""0"", ""sel_4th_pre_req"": ""1"", ""sel_4th_pre_bid"": ""-54400"", ""sel_3th_pre_req_pre"": ""0"", ""sel_3th_pre_req"": ""7"", ""sel_3th_pre_bid"": ""-54300"", ""sel_2th_pre_req_pre"": ""0"", ""sel_2th_pre_req"": ""586"", ""sel_2th_pre_bid"": ""-54200"", ""sel_1th_pre_req_pre"": ""0"", ""sel_fpr_req"": ""17"", ""sel_fpr_bid"": ""-54100"", ""buy_fpr_bid"": ""-54000"", ""buy_fpr_req"": ""32"", ""buy_1th_pre_req_pre"": ""0"", ""buy_2th_pre_bid"": ""-53900"", ""buy_2th_pre_req"": ""426"", ""buy_2th_pre_req_pre"": ""0"", ""buy_3th_pre_bid"": ""-53800"", ""buy_3th_pre_req"": ""102"", ""buy_3th_pre_req_pre"": ""0"", ""buy_4th_pre_bid"": ""-53700"", ""buy_4th_pre_req"": ""77"", ""buy_4th_pre_req_pre"": ""0"", ""buy_5th_pre_bid"": ""-53600"", ""buy_5th_pre_req"": ""167"", ""buy_5th_pre_req_pre"": ""0"", ""buy_6th_pre_bid"": ""-53500"", ""buy_6th_pre_req"": ""25"", ""buy_6th_pre_req_pre"": ""0"", ""buy_7th_pre_bid"": ""-53400"", ""buy_7th_pre_req"": ""150"", ""buy_7th_pre_req_pre"": ""0"", ""buy_8th_pre_bid"": ""-53300"", ""buy_8th_pre_req"": ""410"", ""buy_8th_pre_req_pre"": ""0"", ""buy_9th_pre_bid"": ""-53200"", ""buy_9th_pre_req"": ""362"", ""buy_9th_pre_req_pre"": ""+1"", ""buy_10th_pre_bid"": ""-53100"", ""buy_10th_pre_req"": ""343"", ""buy_10th_pre_req_pre"": ""0"", ""tot_sel_req_jub_pre"": ""0"", ""tot_sel_req"": ""1671"", ""tot_buy_req"": ""2094"", ""tot_buy_req_jub_pre"": ""+1"", ""ovt_sel_req_pre"": ""0"", ""ovt_sel_req"": ""0"", ""ovt_buy_req"": ""0"", ""ovt_buy_req_pre"": ""0"", ""return_code"": 0, ""return_msg"": ""정상적으로 처리되었습니다""}"
2026-06-10,watchlist,012330,,0,filtered_candidate_recheck,577000,,577000,576000,577000,580000,0.34662045060658575,0.17331022530329288,,,,,,"{""bid_req_base_tm"": ""100223"", ""sel_10th_pre_req_pre"": ""0"", ""sel_10th_pre_req"": ""195"", ""sel_10th_pre_bid"": ""-586000"", ""sel_9th_pre_req_pre"": ""0"", ""sel_9th_pre_req"": ""302"", ""sel_9th_pre_bid"": ""-585000"", ""sel_8th_pre_req_pre"": ""0"", ""sel_8th_pre_req"": ""28"", ""sel_8th_pre_bid"": ""-584000"", ""sel_7th_pre_req_pre"": ""0"", ""sel_7th_pre_req"": ""46"", ""sel_7th_pre_bid"": ""-583000"", ""sel_6th_pre_req_pre"": ""0"", ""sel_6th_pre_req"": ""89"", ""sel_6th_pre_bid"": ""-582000"", ""sel_5th_pre_req_pre"": ""0"", ""sel_5th_pre_req"": ""77"", ""sel_5th_pre_bid"": ""-581000"", ""sel_4th_pre_req_pre"": ""0"", ""sel_4th_pre_req"": ""263"", ""sel_4th_pre_bid"": ""-580000"", ""sel_3th_pre_req_pre"": ""0"", ""sel_3th_pre_req"": ""48"", ""sel_3th_pre_bid"": ""-579000"", ""sel_2th_pre_req_pre"": ""0"", ""sel_2th_pre_req"": ""58"", ""sel_2th_pre_bid"": ""-578000"", ""sel_1th_pre_req_pre"": ""0"", ""sel_fpr_req"": ""85"", ""sel_fpr_bid"": ""-577000"", ""buy_fpr_bid"": ""-576000"", ""buy_fpr_req"": ""148"", ""buy_1th_pre_req_pre"": ""0"", ""buy_2th_pre_bid"": ""-575000"", ""buy_2th_pre_req"": ""833"", ""buy_2th_pre_req_pre"": ""0"", ""buy_3th_pre_bid"": ""-574000"", ""buy_3th_pre_req"": ""757"", ""buy_3th_pre_req_pre"": ""0"", ""buy_4th_pre_bid"": ""-573000"", ""buy_4th_pre_req"": ""880"", ""buy_4th_pre_req_pre"": ""--10"", ""buy_5th_pre_bid"": ""-572000"", ""buy_5th_pre_req"": ""1522"", ""buy_5th_pre_req_pre"": ""+10"", ""buy_6th_pre_bid"": ""-571000"", ""buy_6th_pre_req"": ""2030"", ""buy_6th_pre_req_pre"": ""0"", ""buy_7th_pre_bid"": ""-570000"", ""buy_7th_pre_req"": ""4045"", ""buy_7th_pre_req_pre"": ""0"", ""buy_8th_pre_bid"": ""-569000"", ""buy_8th_pre_req"": ""2510"", ""buy_8th_pre_req_pre"": ""0"", ""buy_9th_pre_bid"": ""-568000"", ""buy_9th_pre_req"": ""1053"", ""buy_9th_pre_req_pre"": ""0"", ""buy_10th_pre_bid"": ""-567000"", ""buy_10th_pre_req"": ""823"", ""buy_10th_pre_req_pre"": ""0"", ""tot_sel_req_jub_pre"": ""0"", ""tot_sel_req"": ""1191"", ""tot_buy_req"": ""14601"", ""tot_buy_req_jub_pre"": ""0"", ""ovt_sel_req_pre"": ""0"", ""ovt_sel_req"": ""0"", ""ovt_buy_req"": ""0"", ""ovt_buy_req_pre"": ""0"", ""return_code"": 0, ""return_msg"": ""정상적으로 처리되었습니다""}"
2026-06-10,watchlist,009155,,0,filtered_candidate_recheck,606000,,606000,602000,606000,607000,0.0,0.6600660066006601,,,,,,"{""bid_req_base_tm"": ""100223"", ""sel_10th_pre_req_pre"": ""0"", ""sel_10th_pre_req"": ""46"", ""sel_10th_pre_bid"": ""-615000"", ""sel_9th_pre_req_pre"": ""0"", ""sel_9th_pre_req"": ""12"", ""sel_9th_pre_bid"": ""-614000"", ""sel_8th_pre_req_pre"": ""0"", ""sel_8th_pre_req"": ""49"", ""sel_8th_pre_bid"": ""-613000"", ""sel_7th_pre_req_pre"": ""0"", ""sel_7th_pre_req"": ""72"", ""sel_7th_pre_bid"": ""-612000"", ""sel_6th_pre_req_pre"": ""0"", ""sel_6th_pre_req"": ""2"", ""sel_6th_pre_bid"": ""-611000"", ""sel_5th_pre_req_pre"": ""0"", ""sel_5th_pre_req"": ""40"", ""sel_5th_pre_bid"": ""-610000"", ""sel_4th_pre_req_pre"": ""0"", ""sel_4th_pre_req"": ""7"", ""sel_4th_pre_bid"": ""-609000"", ""sel_3th_pre_req_pre"": ""0"", ""sel_3th_pre_req"": ""16"", ""sel_3th_pre_bid"": ""-608000"", ""sel_2th_pre_req_pre"": ""0"", ""sel_2th_pre_req"": ""48"", ""sel_2th_pre_bid"": ""-607000"", ""sel_1th_pre_req_pre"": ""0"", ""sel_fpr_req"": ""12"", ""sel_fpr_bid"": ""-606000"", ""buy_fpr_bid"": ""-602000"", ""buy_fpr_req"": ""13"", ""buy_1th_pre_req_pre"": ""0"", ""buy_2th_pre_bid"": ""-601000"", ""buy_2th_pre_req"": ""102"", ""buy_2th_pre_req_pre"": ""0"", ""buy_3th_pre_bid"": ""-600000"", ""buy_3th_pre_req"": ""240"", ""buy_3th_pre_req_pre"": ""0"", ""buy_4th_pre_bid"": ""-599000"", ""buy_4th_pre_req"": ""160"", ""buy_4th_pre_req_pre"": ""0"", ""buy_5th_pre_bid"": ""-598000"", ""buy_5th_pre_req"": ""72"", ""buy_5th_pre_req_pre"": ""+1"", ""buy_6th_pre_bid"": ""-597000"", ""buy_6th_pre_req"": ""95"", ""buy_6th_pre_req_pre"": ""0"", ""buy_7th_pre_bid"": ""-596000"", ""buy_7th_pre_req"": ""38"", ""buy_7th_pre_req_pre"": ""0"", ""buy_8th_pre_bid"": ""-595000"", ""buy_8th_pre_req"": ""166"", ""buy_8th_pre_req_pre"": ""0"", ""buy_9th_pre_bid"": ""-594000"", ""buy_9th_pre_req"": ""30"", ""buy_9th_pre_req_pre"": ""0"", ""buy_10th_pre_bid"": ""-593000"", ""buy_10th_pre_req"": ""53"", ""buy_10th_pre_req_pre"": ""0"", ""tot_sel_req_jub_pre"": ""0"", ""tot_sel_req"": ""304"", ""tot_buy_req"": ""969"", ""tot_buy_req_jub_pre"": ""+1"", ""ovt_sel_req_pre"": ""0"", ""ovt_sel_req"": ""0"", ""ovt_buy_req"": ""0"", ""ovt_buy_req_pre"": ""0"", ""return_code"": 0, ""return_msg"": ""정상적으로 처리되었습니다""}"
2026-06-10,watchlist,181710,,1,filtered_candidate_recheck,40350,,40350,40300,40350,40550,0.37174721189591076,0.12391573729863693,,,,,,"{""bid_req_base_tm"": ""100223"", ""sel_10th_pre_req_pre"": ""0"", ""sel_10th_pre_req"": ""20"", ""sel_10th_pre_bid"": ""-41050"", ""sel_9th_pre_req_pre"": ""0"", ""sel_9th_pre_req"": ""10"", ""sel_9th_pre_bid"": ""-41000"", ""sel_8th_pre_req_pre"": ""0"", ""sel_8th_pre_req"": ""76"", ""sel_8th_pre_bid"": ""-40950"", ""sel_7th_pre_req_pre"": ""0"", ""sel_7th_pre_req"": ""4"", ""sel_7th_pre_bid"": ""-40850"", ""sel_6th_pre_req_pre"": ""0"", ""sel_6th_pre_req"": ""24"", ""sel_6th_pre_bid"": ""-40700"", ""sel_5th_pre_req_pre"": ""0"", ""sel_5th_pre_req"": ""8"", ""sel_5th_pre_bid"": ""-40650"", ""sel_4th_pre_req_pre"": ""0"", ""sel_4th_pre_req"": ""1"", ""sel_4th_pre_bid"": ""-40600"", ""sel_3th_pre_req_pre"": ""0"", ""sel_3th_pre_req"": ""40"", ""sel_3th_pre_bid"": ""-40550"", ""sel_2th_pre_req_pre"": ""0"", ""sel_2th_pre_req"": ""122"", ""sel_2th_pre_bid"": ""-40400"", ""sel_1th_pre_req_pre"": ""0"", ""sel_fpr_req"": ""158"", ""sel_fpr_bid"": ""-40350"", ""buy_fpr_bid"": ""-40300"", ""buy_fpr_req"": ""52"", ""buy_1th_pre_req_pre"": ""0"", ""buy_2th_pre_bid"": ""-40250"", ""buy_2th_pre_req"": ""1"", ""buy_2th_pre_req_pre"": ""0"", ""buy_3th_pre_bid"": ""-40200"", ""buy_3th_pre_req"": ""108"", ""buy_3th_pre_req_pre"": ""0"", ""buy_4th_pre_bid"": ""-40150"", ""buy_4th_pre_req"": ""237"", ""buy_4th_pre_req_pre"": ""0"", ""buy_5th_pre_bid"": ""-40100"", ""buy_5th_pre_req"": ""546"", ""buy_5th_pre_req_pre"": ""0"", ""buy_6th_pre_bid"": ""-40050"", ""buy_6th_pre_req"": ""964"", ""buy_6th_pre_req_pre"": ""0"", ""buy_7th_pre_bid"": ""-40000"", ""buy_7th_pre_req"": ""976"", ""buy_7th_pre_req_pre"": ""0"", ""buy_8th_pre_bid"": ""-39950"", ""buy_8th_pre_req"": ""50"", ""buy_8th_pre_req_pre"": ""0"", ""buy_9th_pre_bid"": ""-39900"", ""buy_9th_pre_req"": ""424"", ""buy_9th_pre_req_pre"": ""0"", ""buy_10th_pre_bid"": ""-39850"", ""buy_10th_pre_req"": ""30"", ""buy_10th_pre_req_pre"": ""0"", ""tot_sel_req_jub_pre"": ""0"", ""tot_sel_req"": ""463"", ""tot_buy_req"": ""3388"", ""tot_buy_req_jub_pre"": ""0"", ""ovt_sel_req_pre"": ""0"", ""ovt_sel_req"": ""0"", ""ovt_buy_req"": ""0"", ""ovt_buy_req_pre"": ""0"", ""return_code"": 0, ""return_msg"": ""정상적으로 처리되었습니다""}"
2026-06-10,watchlist,085620,,0,filtered_candidate_recheck,22050,,22050,22000,22050,22000,-0.45351473922902497,0.22675736961451248,,,,,,"{""bid_req_base_tm"": ""100224"", ""sel_10th_pre_req_pre"": ""0"", ""sel_10th_pre_req"": ""11654"", ""sel_10th_pre_bid"": ""-22500"", ""sel_9th_pre_req_pre"": ""0"", ""sel_9th_pre_req"": ""430"", ""sel_9th_pre_bid"": ""-22450"", ""sel_8th_pre_req_pre"": ""0"", ""sel_8th_pre_req"": ""891"", ""sel_8th_pre_bid"": ""-22400"", ""sel_7th_pre_req_pre"": ""0"", ""sel_7th_pre_req"": ""470"", ""sel_7th_pre_bid"": ""-22350"", ""sel_6th_pre_req_pre"": ""0"", ""sel_6th_pre_req"": ""1152"", ""sel_6th_pre_bid"": ""-22300"", ""sel_5th_pre_req_pre"": ""0"", ""sel_5th_pre_req"": ""672"", ""sel_5th_pre_bid"": ""-22250"", ""sel_4th_pre_req_pre"": ""0"", ""sel_4th_pre_req"": ""1628"", ""sel_4th_pre_bid"": ""-22200"", ""sel_3th_pre_req_pre"": ""0"", ""sel_3th_pre_req"": ""1162"", ""sel_3th_pre_bid"": ""-22150"", ""sel_2th_pre_req_pre"": ""0"", ""sel_2th_pre_req"": ""795"", ""sel_2th_pre_bid"": ""-22100"", ""sel_1th_pre_req_pre"": ""0"", ""sel_fpr_req"": ""276"", ""sel_fpr_bid"": ""-22050"", ""buy_fpr_bid"": ""-22000"", ""buy_fpr_req"": ""455"", ""buy_1th_pre_req_pre"": ""--1"", ""buy_2th_pre_bid"": ""-21950"", ""buy_2th_pre_req"": ""449"", ""buy_2th_pre_req_pre"": ""0"", ""buy_3th_pre_bid"": ""-21900"", ""buy_3th_pre_req"": ""581"", ""buy_3th_pre_req_pre"": ""0"", ""buy_4th_pre_bid"": ""-21850"", ""buy_4th_pre_req"": ""833"", ""buy_4th_pre_req_pre"": ""0"", ""buy_5th_pre_bid"": ""-21800"", ""buy_5th_pre_req"": ""1030"", ""buy_5th_pre_req_pre"": ""0"", ""buy_6th_pre_bid"": ""-21750"", ""buy_6th_pre_req"": ""2515"", ""buy_6th_pre_req_pre"": ""0"", ""buy_7th_pre_bid"": ""-21700"", ""buy_7th_pre_req"": ""1410"", ""buy_7th_pre_req_pre"": ""0"", ""buy_8th_pre_bid"": ""-21650"", ""buy_8th_pre_req"": ""2387"", ""buy_8th_pre_req_pre"": ""0"", ""buy_9th_pre_bid"": ""-21600"", ""buy_9th_pre_req"": ""1408"", ""buy_9th_pre_req_pre"": ""0"", ""buy_10th_pre_bid"": ""-21550"", ""buy_10th_pre_req"": ""1589"", ""buy_10th_pre_req_pre"": ""0"", ""tot_sel_req_jub_pre"": ""0"", ""tot_sel_req"": ""19130"", ""tot_buy_req"": ""12657"", ""tot_buy_req_jub_pre"": ""--1"", ""ovt_sel_req_pre"": ""0"", ""ovt_sel_req"": ""0"", ""ovt_buy_req"": ""0"", ""ovt_buy_req_pre"": ""0"", ""return_code"": 0, ""return_msg"": ""정상적으로 처리되었습니다""}"
2026-06-10,watchlist,062040,,0,filtered_candidate_recheck,227000,,227000,226000,227000,226500,-0.4405286343612335,0.4405286343612335,,,,,,"{""bid_req_base_tm"": ""100224"", ""sel_10th_pre_req_pre"": ""0"", ""sel_10th_pre_req"": ""212"", ""sel_10th_pre_bid"": ""+231500"", ""sel_9th_pre_req_pre"": ""0"", ""sel_9th_pre_req"": ""269"", ""sel_9th_pre_bid"": ""+231000"", ""sel_8th_pre_req_pre"": ""0"", ""sel_8th_pre_req"": ""194"", ""sel_8th_pre_bid"": ""+230500"", ""sel_7th_pre_req_pre"": ""0"", ""sel_7th_pre_req"": ""88"", ""sel_7th_pre_bid"": ""+230000"", ""sel_6th_pre_req_pre"": ""0"", ""sel_6th_pre_req"": ""34"", ""sel_6th_pre_bid"": ""+229500"", ""sel_5th_pre_req_pre"": ""0"", ""sel_5th_pre_req"": ""63"", ""sel_5th_pre_bid"": ""+229000"", ""sel_4th_pre_req_pre"": ""0"", ""sel_4th_pre_req"": ""4"", ""sel_4th_pre_bid"": ""+228500"", ""sel_3th_pre_req_pre"": ""0"", ""sel_3th_pre_req"": ""6"", ""sel_3th_pre_bid"": ""+228000"", ""sel_2th_pre_req_pre"": ""0"", ""sel_2th_pre_req"": ""44"", ""sel_2th_pre_bid"": ""+227500"", ""sel_1th_pre_req_pre"": ""0"", ""sel_fpr_req"": ""70"", ""sel_fpr_bid"": ""+227000"", ""buy_fpr_bid"": ""+226000"", ""buy_fpr_req"": ""179"", ""buy_1th_pre_req_pre"": ""--1"", ""buy_2th_pre_bid"": ""+225500"", ""buy_2th_pre_req"": ""81"", ""buy_2th_pre_req_pre"": ""+1"", ""buy_3th_pre_bid"": ""225000"", ""buy_3th_pre_req"": ""125"", ""buy_3th_pre_req_pre"": ""0"", ""buy_4th_pre_bid"": ""-224500"", ""buy_4th_pre_req"": ""38"", ""buy_4th_pre_req_pre"": ""0"", ""buy_5th_pre_bid"": ""-224000"", ""buy_5th_pre_req"": ""52"", ""buy_5th_pre_req_pre"": ""0"", ""buy_6th_pre_bid"": ""-223500"", ""buy_6th_pre_req"": ""226"", ""buy_6th_pre_req_pre"": ""0"", ""buy_7th_pre_bid"": ""-223000"", ""buy_7th_pre_req"": ""128"", ""buy_7th_pre_req_pre"": ""0"", ""buy_8th_pre_bid"": ""-222500"", ""buy_8th_pre_req"": ""73"", ""buy_8th_pre_req_pre"": ""0"", ""buy_9th_pre_bid"": ""-222000"", ""buy_9th_pre_req"": ""125"", ""buy_9th_pre_req_pre"": ""0"", ""buy_10th_pre_bid"": ""-221500"", ""buy_10th_pre_req"": ""106"", ""buy_10th_pre_req_pre"": ""0"", ""tot_sel_req_jub_pre"": ""0"", ""tot_sel_req"": ""984"", ""tot_buy_req"": ""1133"", ""tot_buy_req_jub_pre"": ""0"", ""ovt_sel_req_pre"": ""0"", ""ovt_sel_req"": ""0"", ""ovt_buy_req"": ""0"", ""ovt_buy_req_pre"": ""0"", ""return_code"": 0, ""return_msg"": ""정상적으로 처리되었습니다""}"
2026-06-10,watchlist,036460,,0,filtered_candidate_recheck,34300,,34300,34250,34300,34350,0.0,0.1457725947521866,,,,,,"{""bid_req_base_tm"": ""100223"", ""sel_10th_pre_req_pre"": ""0"", ""sel_10th_pre_req"": ""61"", ""sel_10th_pre_bid"": ""+34750"", ""sel_9th_pre_req_pre"": ""0"", ""sel_9th_pre_req"": ""196"", ""sel_9th_pre_bid"": ""+34700"", ""sel_8th_pre_req_pre"": ""0"", ""sel_8th_pre_req"": ""271"", ""sel_8th_pre_bid"": ""+34650"", ""sel_7th_pre_req_pre"": ""0"", ""sel_7th_pre_req"": ""629"", ""sel_7th_pre_bid"": ""+34600"", ""sel_6th_pre_req_pre"": ""0"", ""sel_6th_pre_req"": ""225"", ""sel_6th_pre_bid"": ""+34550"", ""sel_5th_pre_req_pre"": ""0"", ""sel_5th_pre_req"": ""702"", ""sel_5th_pre_bid"": ""+34500"", ""sel_4th_pre_req_pre"": ""0"", ""sel_4th_pre_req"": ""671"", ""sel_4th_pre_bid"": ""+34450"", ""sel_3th_pre_req_pre"": ""--1101"", ""sel_3th_pre_req"": ""316"", ""sel_3th_pre_bid"": ""+34400"", ""sel_2th_pre_req_pre"": ""0"", ""sel_2th_pre_req"": ""94"", ""sel_2th_pre_bid"": ""+34350"", ""sel_1th_pre_req_pre"": ""0"", ""sel_fpr_req"": ""370"", ""sel_fpr_bid"": ""+34300"", ""buy_fpr_bid"": ""+34250"", ""buy_fpr_req"": ""348"", ""buy_1th_pre_req_pre"": ""0"", ""buy_2th_pre_bid"": ""+34200"", ""buy_2th_pre_req"": ""618"", ""buy_2th_pre_req_pre"": ""0"", ""buy_3th_pre_bid"": ""+34150"", ""buy_3th_pre_req"": ""301"", ""buy_3th_pre_req_pre"": ""0"", ""buy_4th_pre_bid"": ""+34100"", ""buy_4th_pre_req"": ""413"", ""buy_4th_pre_req_pre"": ""0"", ""buy_5th_pre_bid"": ""+34050"", ""buy_5th_pre_req"": ""896"", ""buy_5th_pre_req_pre"": ""0"", ""buy_6th_pre_bid"": ""34000"", ""buy_6th_pre_req"": ""3020"", ""buy_6th_pre_req_pre"": ""0"", ""buy_7th_pre_bid"": ""-33950"", ""buy_7th_pre_req"": ""854"", ""buy_7th_pre_req_pre"": ""0"", ""buy_8th_pre_bid"": ""-33900"", ""buy_8th_pre_req"": ""831"", ""buy_8th_pre_req_pre"": ""0"", ""buy_9th_pre_bid"": ""-33850"", ""buy_9th_pre_req"": ""269"", ""buy_9th_pre_req_pre"": ""0"", ""buy_10th_pre_bid"": ""-33800"", ""buy_10th_pre_req"": ""249"", ""buy_10th_pre_req_pre"": ""0"", ""tot_sel_req_jub_pre"": ""--1101"", ""tot_sel_req"": ""3535"", ""tot_buy_req"": ""7799"", ""tot_buy_req_jub_pre"": ""0"", ""ovt_sel_req_pre"": ""0"", ""ovt_sel_req"": ""0"", ""ovt_buy_req"": ""0"", ""ovt_buy_req_pre"": ""0"", ""return_code"": 0, ""return_msg"": ""정상적으로 처리되었습니다""}"
2026-06-10,watchlist,066575,,0,filtered_candidate_recheck,78100,,78100,78000,78100,78400,0.2560819462227913,0.12804097311139565,,,,,,"{""bid_req_base_tm"": ""100223"", ""sel_10th_pre_req_pre"": ""0"", ""sel_10th_pre_req"": ""218"", ""sel_10th_pre_bid"": ""-79000"", ""sel_9th_pre_req_pre"": ""0"", ""sel_9th_pre_req"": ""39"", ""sel_9th_pre_bid"": ""-78900"", ""sel_8th_pre_req_pre"": ""0"", ""sel_8th_pre_req"": ""177"", ""sel_8th_pre_bid"": ""-78800"", ""sel_7th_pre_req_pre"": ""0"", ""sel_7th_pre_req"": ""249"", ""sel_7th_pre_bid"": ""-78700"", ""sel_6th_pre_req_pre"": ""0"", ""sel_6th_pre_req"": ""210"", ""sel_6th_pre_bid"": ""-78600"", ""sel_5th_pre_req_pre"": ""--4"", ""sel_5th_pre_req"": ""126"", ""sel_5th_pre_bid"": ""-78500"", ""sel_4th_pre_req_pre"": ""0"", ""sel_4th_pre_req"": ""14"", ""sel_4th_pre_bid"": ""-78400"", ""sel_3th_pre_req_pre"": ""0"", ""sel_3th_pre_req"": ""10"", ""sel_3th_pre_bid"": ""-78300"", ""sel_2th_pre_req_pre"": ""--37"", ""sel_2th_pre_req"": ""583"", ""sel_2th_pre_bid"": ""-78200"", ""sel_1th_pre_req_pre"": ""+41"", ""sel_fpr_req"": ""163"", ""sel_fpr_bid"": ""-78100"", ""buy_fpr_bid"": ""-78000"", ""buy_fpr_req"": ""419"", ""buy_1th_pre_req_pre"": ""0"", ""buy_2th_pre_bid"": ""-77900"", ""buy_2th_pre_req"": ""701"", ""buy_2th_pre_req_pre"": ""0"", ""buy_3th_pre_bid"": ""-77800"", ""buy_3th_pre_req"": ""1130"", ""buy_3th_pre_req_pre"": ""0"", ""buy_4th_pre_bid"": ""-77700"", ""buy_4th_pre_req"": ""398"", ""buy_4th_pre_req_pre"": ""0"", ""buy_5th_pre_bid"": ""-77600"", ""buy_5th_pre_req"": ""148"", ""buy_5th_pre_req_pre"": ""0"", ""buy_6th_pre_bid"": ""-77500"", ""buy_6th_pre_req"": ""448"", ""buy_6th_pre_req_pre"": ""0"", ""buy_7th_pre_bid"": ""-77400"", ""buy_7th_pre_req"": ""70"", ""buy_7th_pre_req_pre"": ""0"", ""buy_8th_pre_bid"": ""-77300"", ""buy_8th_pre_req"": ""150"", ""buy_8th_pre_req_pre"": ""0"", ""buy_9th_pre_bid"": ""-77200"", ""buy_9th_pre_req"": ""99"", ""buy_9th_pre_req_pre"": ""0"", ""buy_10th_pre_bid"": ""-77100"", ""buy_10th_pre_req"": ""208"", ""buy_10th_pre_req_pre"": ""0"", ""tot_sel_req_jub_pre"": ""0"", ""tot_sel_req"": ""1789"", ""tot_buy_req"": ""3771"", ""tot_buy_req_jub_pre"": ""0"", ""ovt_sel_req_pre"": ""0"", ""ovt_sel_req"": ""0"", ""ovt_buy_req"": ""0"", ""ovt_buy_req_pre"": ""0"", ""return_code"": 0, ""return_msg"": ""정상적으로 처리되었습니다""}"
2026-06-10,watchlist,000810,,0,filtered_candidate_recheck,623000,,623000,622000,623000,617000,-1.1235955056179776,0.16051364365971107,,,,,,"{""bid_req_base_tm"": ""100224"", ""sel_10th_pre_req_pre"": ""0"", ""sel_10th_pre_req"": ""4"", ""sel_10th_pre_bid"": ""-632000"", ""sel_9th_pre_req_pre"": ""0"", ""sel_9th_pre_req"": ""3"", ""sel_9th_pre_bid"": ""-631000"", ""sel_8th_pre_req_pre"": ""0"", ""sel_8th_pre_req"": ""39"", ""sel_8th_pre_bid"": ""-630000"", ""sel_7th_pre_req_pre"": ""0"", ""sel_7th_pre_req"": ""37"", ""sel_7th_pre_bid"": ""-629000"", ""sel_6th_pre_req_pre"": ""0"", ""sel_6th_pre_req"": ""18"", ""sel_6th_pre_bid"": ""-628000"", ""sel_5th_pre_req_pre"": ""0"", ""sel_5th_pre_req"": ""7"", ""sel_5th_pre_bid"": ""-627000"", ""sel_4th_pre_req_pre"": ""0"", ""sel_4th_pre_req"": ""18"", ""sel_4th_pre_bid"": ""-626000"", ""sel_3th_pre_req_pre"": ""0"", ""sel_3th_pre_req"": ""7"", ""sel_3th_pre_bid"": ""-625000"", ""sel_2th_pre_req_pre"": ""0"", ""sel_2th_pre_req"": ""26"", ""sel_2th_pre_bid"": ""-624000"", ""sel_1th_pre_req_pre"": ""0"", ""sel_fpr_req"": ""241"", ""sel_fpr_bid"": ""-623000"", ""buy_fpr_bid"": ""-622000"", ""buy_fpr_req"": ""8"", ""buy_1th_pre_req_pre"": ""+1"", ""buy_2th_pre_bid"": ""-619000"", ""buy_2th_pre_req"": ""17"", ""buy_2th_pre_req_pre"": ""0"", ""buy_3th_pre_bid"": ""-618000"", ""buy_3th_pre_req"": ""33"", ""buy_3th_pre_req_pre"": ""0"", ""buy_4th_pre_bid"": ""-617000"", ""buy_4th_pre_req"": ""8"", ""buy_4th_pre_req_pre"": ""0"", ""buy_5th_pre_bid"": ""-616000"", ""buy_5th_pre_req"": ""7"", ""buy_5th_pre_req_pre"": ""0"", ""buy_6th_pre_bid"": ""-615000"", ""buy_6th_pre_req"": ""4"", ""buy_6th_pre_req_pre"": ""0"", ""buy_7th_pre_bid"": ""-614000"", ""buy_7th_pre_req"": ""9"", ""buy_7th_pre_req_pre"": ""0"", ""buy_8th_pre_bid"": ""-613000"", ""buy_8th_pre_req"": ""35"", ""buy_8th_pre_req_pre"": ""0"", ""buy_9th_pre_bid"": ""-612000"", ""buy_9th_pre_req"": ""7"", ""buy_9th_pre_req_pre"": ""0"", ""buy_10th_pre_bid"": ""-611000"", ""buy_10th_pre_req"": ""4"", ""buy_10th_pre_req_pre"": ""0"", ""tot_sel_req_jub_pre"": ""0"", ""tot_sel_req"": ""400"", ""tot_buy_req"": ""132"", ""tot_buy_req_jub_pre"": ""+1"", ""ovt_sel_req_pre"": ""0"", ""ovt_sel_req"": ""0"", ""ovt_buy_req"": ""0"", ""ovt_buy_req_pre"": ""0"", ""return_code"": 0, ""return_msg"": ""정상적으로 처리되었습니다""}"
2026-06-10,watchlist,005930,,0,filtered_candidate_recheck,306500,,306500,306000,306500,308000,0.3262642740619902,0.1631321370309951,,,,,,"{""bid_req_base_tm"": ""100225"", ""sel_10th_pre_req_pre"": ""0"", ""sel_10th_pre_req"": ""13624"", ""sel_10th_pre_bid"": ""-311000"", ""sel_9th_pre_req_pre"": ""0"", ""sel_9th_pre_req"": ""10394"", ""sel_9th_pre_bid"": ""-310500"", ""sel_8th_pre_req_pre"": ""0"", ""sel_8th_pre_req"": ""25149"", ""sel_8th_pre_bid"": ""-310000"", ""sel_7th_pre_req_pre"": ""0"", ""sel_7th_pre_req"": ""15288"", ""sel_7th_pre_bid"": ""-309500"", ""sel_6th_pre_req_pre"": ""0"", ""sel_6th_pre_req"": ""11902"", ""sel_6th_pre_bid"": ""-309000"", ""sel_5th_pre_req_pre"": ""0"", ""sel_5th_pre_req"": ""11224"", ""sel_5th_pre_bid"": ""-308500"", ""sel_4th_pre_req_pre"": ""0"", ""sel_4th_pre_req"": ""15052"", ""sel_4th_pre_bid"": ""-308000"", ""sel_3th_pre_req_pre"": ""0"", ""sel_3th_pre_req"": ""32786"", ""sel_3th_pre_bid"": ""-307500"", ""sel_2th_pre_req_pre"": ""0"", ""sel_2th_pre_req"": ""10849"", ""sel_2th_pre_bid"": ""-307000"", ""sel_1th_pre_req_pre"": ""+3"", ""sel_fpr_req"": ""33122"", ""sel_fpr_bid"": ""-306500"", ""buy_fpr_bid"": ""-306000"", ""buy_fpr_req"": ""16725"", ""buy_1th_pre_req_pre"": ""+140"", ""buy_2th_pre_bid"": ""-305500"", ""buy_2th_pre_req"": ""60454"", ""buy_2th_pre_req_pre"": ""--5"", ""buy_3th_pre_bid"": ""-305000"", ""buy_3th_pre_req"": ""184308"", ""buy_3th_pre_req_pre"": ""--1"", ""buy_4th_pre_bid"": ""-304500"", ""buy_4th_pre_req"": ""29968"", ""buy_4th_pre_req_pre"": ""--51"", ""buy_5th_pre_bid"": ""-304000"", ""buy_5th_pre_req"": ""38251"", ""buy_5th_pre_req_pre"": ""0"", ""buy_6th_pre_bid"": ""-303500"", ""buy_6th_pre_req"": ""41100"", ""buy_6th_pre_req_pre"": ""--2"", ""buy_7th_pre_bid"": ""-303000"", ""buy_7th_pre_req"": ""69138"", ""buy_7th_pre_req_pre"": ""0"", ""buy_8th_pre_bid"": ""-302500"", ""buy_8th_pre_req"": ""42882"", ""buy_8th_pre_req_pre"": ""+5"", ""buy_9th_pre_bid"": ""-302000"", ""buy_9th_pre_req"": ""45381"", ""buy_9th_pre_req_pre"": ""0"", ""buy_10th_pre_bid"": ""-301500"", ""buy_10th_pre_req"": ""36012"", ""buy_10th_pre_req_pre"": ""+1"", ""tot_sel_req_jub_pre"": ""+3"", ""tot_sel_req"": ""179390"", ""tot_buy_req"": ""564219"", ""tot_buy_req_jub_pre"": ""+87"", ""ovt_sel_req_pre"": ""0"", ""ovt_sel_req"": ""0"", ""ovt_buy_req"": ""0"", ""ovt_buy_req_pre"": ""0"", ""return_code"": 0, ""return_msg"": ""정상적으로 처리되었습니다""}"
2026-06-10,watchlist,000370,,0,filtered_candidate_recheck,6660,,6660,6650,6660,6630,-0.6006006006006006,0.15015015015015015,,,,,,"{""bid_req_base_tm"": ""100225"", ""sel_10th_pre_req_pre"": ""0"", ""sel_10th_pre_req"": ""1127"", ""sel_10th_pre_bid"": ""+6750"", ""sel_9th_pre_req_pre"": ""0"", ""sel_9th_pre_req"": ""971"", ""sel_9th_pre_bid"": ""+6740"", ""sel_8th_pre_req_pre"": ""0"", ""sel_8th_pre_req"": ""2212"", ""sel_8th_pre_bid"": ""+6730"", ""sel_7th_pre_req_pre"": ""0"", ""sel_7th_pre_req"": ""1336"", ""sel_7th_pre_bid"": ""+6720"", ""sel_6th_pre_req_pre"": ""0"", ""sel_6th_pre_req"": ""597"", ""sel_6th_pre_bid"": ""+6710"", ""sel_5th_pre_req_pre"": ""0"", ""sel_5th_pre_req"": ""3819"", ""sel_5th_pre_bid"": ""+6700"", ""sel_4th_pre_req_pre"": ""0"", ""sel_4th_pre_req"": ""1120"", ""sel_4th_pre_bid"": ""+6690"", ""sel_3th_pre_req_pre"": ""0"", ""sel_3th_pre_req"": ""1269"", ""sel_3th_pre_bid"": ""+6680"", ""sel_2th_pre_req_pre"": ""0"", ""sel_2th_pre_req"": ""232"", ""sel_2th_pre_bid"": ""+6670"", ""sel_1th_pre_req_pre"": ""--217"", ""sel_fpr_req"": ""217"", ""sel_fpr_bid"": ""+6660"", ""buy_fpr_bid"": ""+6650"", ""buy_fpr_req"": ""1"", ""buy_1th_pre_req_pre"": ""0"", ""buy_2th_pre_bid"": ""+6640"", ""buy_2th_pre_req"": ""68"", ""buy_2th_pre_req_pre"": ""0"", ""buy_3th_pre_bid"": ""+6630"", ""buy_3th_pre_req"": ""376"", ""buy_3th_pre_req_pre"": ""0"", ""buy_4th_pre_bid"": ""+6620"", ""buy_4th_pre_req"": ""291"", ""buy_4th_pre_req_pre"": ""0"", ""buy_5th_pre_bid"": ""+6610"", ""buy_5th_pre_req"": ""1131"", ""buy_5th_pre_req_pre"": ""0"", ""buy_6th_pre_bid"": ""+6600"", ""buy_6th_pre_req"": ""1860"", ""buy_6th_pre_req_pre"": ""0"", ""buy_7th_pre_bid"": ""+6590"", ""buy_7th_pre_req"": ""101"", ""buy_7th_pre_req_pre"": ""0"", ""buy_8th_pre_bid"": ""+6580"", ""buy_8th_pre_req"": ""72"", ""buy_8th_pre_req_pre"": ""0"", ""buy_9th_pre_bid"": ""+6570"", ""buy_9th_pre_req"": ""51"", ""buy_9th_pre_req_pre"": ""0"", ""buy_10th_pre_bid"": ""+6560"", ""buy_10th_pre_req"": ""256"", ""buy_10th_pre_req_pre"": ""0"", ""tot_sel_req_jub_pre"": ""--217"", ""tot_sel_req"": ""12900"", ""tot_buy_req"": ""4207"", ""tot_buy_req_jub_pre"": ""0"", ""ovt_sel_req_pre"": ""0"", ""ovt_sel_req"": ""0"", ""ovt_buy_req"": ""0"", ""ovt_buy_req_pre"": ""0"", ""return_code"": 0, ""return_msg"": ""정상적으로 처리되었습니다""}"
2026-06-10,watchlist,064400,,0,filtered_candidate_recheck,96100,,96100,96000,96100,96300,0.10405827263267431,0.10405827263267431,,,,,,"{""bid_req_base_tm"": ""100225"", ""sel_10th_pre_req_pre"": ""0"", ""sel_10th_pre_req"": ""935"", ""sel_10th_pre_bid"": ""-97000"", ""sel_9th_pre_req_pre"": ""0"", ""sel_9th_pre_req"": ""289"", ""sel_9th_pre_bid"": ""-96900"", ""sel_8th_pre_req_pre"": ""0"", ""sel_8th_pre_req"": ""426"", ""sel_8th_pre_bid"": ""-96800"", ""sel_7th_pre_req_pre"": ""0"", ""sel_7th_pre_req"": ""38"", ""sel_7th_pre_bid"": ""-96700"", ""sel_6th_pre_req_pre"": ""0"", ""sel_6th_pre_req"": ""11"", ""sel_6th_pre_bid"": ""-96600"", ""sel_5th_pre_req_pre"": ""+10"", ""sel_5th_pre_req"": ""24"", ""sel_5th_pre_bid"": ""-96500"", ""sel_4th_pre_req_pre"": ""0"", ""sel_4th_pre_req"": ""28"", ""sel_4th_pre_bid"": ""-96400"", ""sel_3th_pre_req_pre"": ""0"", ""sel_3th_pre_req"": ""396"", ""sel_3th_pre_bid"": ""-96300"", ""sel_2th_pre_req_pre"": ""0"", ""sel_2th_pre_req"": ""279"", ""sel_2th_pre_bid"": ""-96200"", ""sel_1th_pre_req_pre"": ""0"", ""sel_fpr_req"": ""273"", ""sel_fpr_bid"": ""-96100"", ""buy_fpr_bid"": ""-96000"", ""buy_fpr_req"": ""839"", ""buy_1th_pre_req_pre"": ""+39"", ""buy_2th_pre_bid"": ""-95900"", ""buy_2th_pre_req"": ""264"", ""buy_2th_pre_req_pre"": ""0"", ""buy_3th_pre_bid"": ""-95800"", ""buy_3th_pre_req"": ""809"", ""buy_3th_pre_req_pre"": ""0"", ""buy_4th_pre_bid"": ""-95700"", ""buy_4th_pre_req"": ""503"", ""buy_4th_pre_req_pre"": ""0"", ""buy_5th_pre_bid"": ""-95600"", ""buy_5th_pre_req"": ""570"", ""buy_5th_pre_req_pre"": ""0"", ""buy_6th_pre_bid"": ""-95500"", ""buy_6th_pre_req"": ""1029"", ""buy_6th_pre_req_pre"": ""0"", ""buy_7th_pre_bid"": ""-95400"", ""buy_7th_pre_req"": ""1273"", ""buy_7th_pre_req_pre"": ""0"", ""buy_8th_pre_bid"": ""-95300"", ""buy_8th_pre_req"": ""1312"", ""buy_8th_pre_req_pre"": ""0"", ""buy_9th_pre_bid"": ""-95200"", ""buy_9th_pre_req"": ""1744"", ""buy_9th_pre_req_pre"": ""0"", ""buy_10th_pre_bid"": ""-95100"", ""buy_10th_pre_req"": ""3158"", ""buy_10th_pre_req_pre"": ""0"", ""tot_sel_req_jub_pre"": ""+10"", ""tot_sel_req"": ""2699"", ""tot_buy_req"": ""11501"", ""tot_buy_req_jub_pre"": ""+39"", ""ovt_sel_req_pre"": ""0"", ""ovt_sel_req"": ""0"", ""ovt_buy_req"": ""0"", ""ovt_buy_req_pre"": ""0"", ""return_code"": 0, ""return_msg"": ""정상적으로 처리되었습니다""}"
2026-06-10,watchlist,009420,,1,filtered_candidate_recheck,50700,,50700,50600,50700,50700,-0.19723865877712032,0.19723865877712032,,,,,,"{""bid_req_base_tm"": ""100225"", ""sel_10th_pre_req_pre"": ""0"", ""sel_10th_pre_req"": ""23"", ""sel_10th_pre_bid"": ""-51600"", ""sel_9th_pre_req_pre"": ""0"", ""sel_9th_pre_req"": ""31"", ""sel_9th_pre_bid"": ""-51500"", ""sel_8th_pre_req_pre"": ""0"", ""sel_8th_pre_req"": ""50"", ""sel_8th_pre_bid"": ""-51400"", ""sel_7th_pre_req_pre"": ""0"", ""sel_7th_pre_req"": ""440"", ""sel_7th_pre_bid"": ""-51300"", ""sel_6th_pre_req_pre"": ""0"", ""sel_6th_pre_req"": ""141"", ""sel_6th_pre_bid"": ""-51200"", ""sel_5th_pre_req_pre"": ""0"", ""sel_5th_pre_req"": ""79"", ""sel_5th_pre_bid"": ""-51100"", ""sel_4th_pre_req_pre"": ""0"", ""sel_4th_pre_req"": ""100"", ""sel_4th_pre_bid"": ""-51000"", ""sel_3th_pre_req_pre"": ""0"", ""sel_3th_pre_req"": ""54"", ""sel_3th_pre_bid"": ""-50900"", ""sel_2th_pre_req_pre"": ""0"", ""sel_2th_pre_req"": ""212"", ""sel_2th_pre_bid"": ""-50800"", ""sel_1th_pre_req_pre"": ""0"", ""sel_fpr_req"": ""174"", ""sel_fpr_bid"": ""-50700"", ""buy_fpr_bid"": ""-50600"", ""buy_fpr_req"": ""149"", ""buy_1th_pre_req_pre"": ""0"", ""buy_2th_pre_bid"": ""-50500"", ""buy_2th_pre_req"": ""37"", ""buy_2th_pre_req_pre"": ""+3"", ""buy_3th_pre_bid"": ""-50400"", ""buy_3th_pre_req"": ""117"", ""buy_3th_pre_req_pre"": ""0"", ""buy_4th_pre_bid"": ""-50300"", ""buy_4th_pre_req"": ""322"", ""buy_4th_pre_req_pre"": ""0"", ""buy_5th_pre_bid"": ""-50200"", ""buy_5th_pre_req"": ""26"", ""buy_5th_pre_req_pre"": ""0"", ""buy_6th_pre_bid"": ""-50100"", ""buy_6th_pre_req"": ""263"", ""buy_6th_pre_req_pre"": ""0"", ""buy_7th_pre_bid"": ""-50000"", ""buy_7th_pre_req"": ""241"", ""buy_7th_pre_req_pre"": ""0"", ""buy_8th_pre_bid"": ""-49950"", ""buy_8th_pre_req"": ""205"", ""buy_8th_pre_req_pre"": ""0"", ""buy_9th_pre_bid"": ""-49900"", ""buy_9th_pre_req"": ""159"", ""buy_9th_pre_req_pre"": ""0"", ""buy_10th_pre_bid"": ""-49850"", ""buy_10th_pre_req"": ""224"", ""buy_10th_pre_req_pre"": ""0"", ""tot_sel_req_jub_pre"": ""0"", ""tot_sel_req"": ""1304"", ""tot_buy_req"": ""1743"", ""tot_buy_req_jub_pre"": ""+3"", ""ovt_sel_req_pre"": ""0"", ""ovt_sel_req"": ""0"", ""ovt_buy_req"": ""0"", ""ovt_buy_req_pre"": ""0"", ""return_code"": 0, ""return_msg"": ""정상적으로 처리되었습니다""}"
2026-06-10,watchlist,383220,,0,filtered_candidate_recheck,76000,,76000,75700,76000,75500,-0.7894736842105263,0.39473684210526316,,,,,,"{""bid_req_base_tm"": ""100225"", ""sel_10th_pre_req_pre"": ""0"", ""sel_10th_pre_req"": ""2"", ""sel_10th_pre_bid"": ""+77000"", ""sel_9th_pre_req_pre"": ""0"", ""sel_9th_pre_req"": ""106"", ""sel_9th_pre_bid"": ""+76900"", ""sel_8th_pre_req_pre"": ""0"", ""sel_8th_pre_req"": ""20"", ""sel_8th_pre_bid"": ""+76800"", ""sel_7th_pre_req_pre"": ""0"", ""sel_7th_pre_req"": ""11"", ""sel_7th_pre_bid"": ""+76700"", ""sel_6th_pre_req_pre"": ""0"", ""sel_6th_pre_req"": ""5"", ""sel_6th_pre_bid"": ""+76600"", ""sel_5th_pre_req_pre"": ""0"", ""sel_5th_pre_req"": ""7"", ""sel_5th_pre_bid"": ""+76500"", ""sel_4th_pre_req_pre"": ""0"", ""sel_4th_pre_req"": ""1"", ""sel_4th_pre_bid"": ""+76400"", ""sel_3th_pre_req_pre"": ""0"", ""sel_3th_pre_req"": ""104"", ""sel_3th_pre_bid"": ""+76300"", ""sel_2th_pre_req_pre"": ""0"", ""sel_2th_pre_req"": ""20"", ""sel_2th_pre_bid"": ""+76100"", ""sel_1th_pre_req_pre"": ""0"", ""sel_fpr_req"": ""235"", ""sel_fpr_bid"": ""+76000"", ""buy_fpr_bid"": ""+75700"", ""buy_fpr_req"": ""51"", ""buy_1th_pre_req_pre"": ""+5"", ""buy_2th_pre_bid"": ""+75600"", ""buy_2th_pre_req"": ""33"", ""buy_2th_pre_req_pre"": ""0"", ""buy_3th_pre_bid"": ""+75500"", ""buy_3th_pre_req"": ""13"", ""buy_3th_pre_req_pre"": ""0"", ""buy_4th_pre_bid"": ""+75400"", ""buy_4th_pre_req"": ""31"", ""buy_4th_pre_req_pre"": ""0"", ""buy_5th_pre_bid"": ""+75300"", ""buy_5th_pre_req"": ""13"", ""buy_5th_pre_req_pre"": ""0"", ""buy_6th_pre_bid"": ""+75200"", ""buy_6th_pre_req"": ""15"", ""buy_6th_pre_req_pre"": ""0"", ""buy_7th_pre_bid"": ""+75100"", ""buy_7th_pre_req"": ""123"", ""buy_7th_pre_req_pre"": ""0"", ""buy_8th_pre_bid"": ""+75000"", ""buy_8th_pre_req"": ""6"", ""buy_8th_pre_req_pre"": ""0"", ""buy_9th_pre_bid"": ""+74900"", ""buy_9th_pre_req"": ""10"", ""buy_9th_pre_req_pre"": ""0"", ""buy_10th_pre_bid"": ""+74800"", ""buy_10th_pre_req"": ""9"", ""buy_10th_pre_req_pre"": ""0"", ""tot_sel_req_jub_pre"": ""0"", ""tot_sel_req"": ""511"", ""tot_buy_req"": ""304"", ""tot_buy_req_jub_pre"": ""+5"", ""ovt_sel_req_pre"": ""0"", ""ovt_sel_req"": ""0"", ""ovt_buy_req"": ""0"", ""ovt_buy_req_pre"": ""0"", ""return_code"": 0, ""return_msg"": ""정상적으로 처리되었습니다""}"
2026-06-10,watchlist,004170,,0,filtered_candidate_recheck,662000,,662000,661000,662000,662000,-0.1510574018126888,0.1510574018126888,,,,,,"{""bid_req_base_tm"": ""100224"", ""sel_10th_pre_req_pre"": ""0"", ""sel_10th_pre_req"": ""1"", ""sel_10th_pre_bid"": ""+673000"", ""sel_9th_pre_req_pre"": ""0"", ""sel_9th_pre_req"": ""27"", ""sel_9th_pre_bid"": ""+672000"", ""sel_8th_pre_req_pre"": ""0"", ""sel_8th_pre_req"": ""2"", ""sel_8th_pre_bid"": ""+671000"", ""sel_7th_pre_req_pre"": ""0"", ""sel_7th_pre_req"": ""76"", ""sel_7th_pre_bid"": ""+670000"", ""sel_6th_pre_req_pre"": ""0"", ""sel_6th_pre_req"": ""3"", ""sel_6th_pre_bid"": ""+669000"", ""sel_5th_pre_req_pre"": ""0"", ""sel_5th_pre_req"": ""1"", ""sel_5th_pre_bid"": ""+668000"", ""sel_4th_pre_req_pre"": ""0"", ""sel_4th_pre_req"": ""20"", ""sel_4th_pre_bid"": ""+665000"", ""sel_3th_pre_req_pre"": ""0"", ""sel_3th_pre_req"": ""12"", ""sel_3th_pre_bid"": ""+664000"", ""sel_2th_pre_req_pre"": ""0"", ""sel_2th_pre_req"": ""25"", ""sel_2th_pre_bid"": ""+663000"", ""sel_1th_pre_req_pre"": ""0"", ""sel_fpr_req"": ""30"", ""sel_fpr_bid"": ""+662000"", ""buy_fpr_bid"": ""+661000"", ""buy_fpr_req"": ""22"", ""buy_1th_pre_req_pre"": ""+2"", ""buy_2th_pre_bid"": ""+660000"", ""buy_2th_pre_req"": ""33"", ""buy_2th_pre_req_pre"": ""0"", ""buy_3th_pre_bid"": ""+659000"", ""buy_3th_pre_req"": ""24"", ""buy_3th_pre_req_pre"": ""0"", ""buy_4th_pre_bid"": ""+658000"", ""buy_4th_pre_req"": ""2"", ""buy_4th_pre_req_pre"": ""0"", ""buy_5th_pre_bid"": ""+657000"", ""buy_5th_pre_req"": ""2"", ""buy_5th_pre_req_pre"": ""0"", ""buy_6th_pre_bid"": ""+656000"", ""buy_6th_pre_req"": ""1"", ""buy_6th_pre_req_pre"": ""0"", ""buy_7th_pre_bid"": ""+655000"", ""buy_7th_pre_req"": ""20"", ""buy_7th_pre_req_pre"": ""0"", ""buy_8th_pre_bid"": ""+654000"", ""buy_8th_pre_req"": ""24"", ""buy_8th_pre_req_pre"": ""0"", ""buy_9th_pre_bid"": ""+653000"", ""buy_9th_pre_req"": ""42"", ""buy_9th_pre_req_pre"": ""0"", ""buy_10th_pre_bid"": ""+652000"", ""buy_10th_pre_req"": ""36"", ""buy_10th_pre_req_pre"": ""0"", ""tot_sel_req_jub_pre"": ""0"", ""tot_sel_req"": ""197"", ""tot_buy_req"": ""206"", ""tot_buy_req_jub_pre"": ""+2"", ""ovt_sel_req_pre"": ""0"", ""ovt_sel_req"": ""0"", ""ovt_buy_req"": ""0"", ""ovt_buy_req_pre"": ""0"", ""return_code"": 0, ""return_msg"": ""정상적으로 처리되었습니다""}"
2026-06-10,watchlist,018260,,0,filtered_candidate_recheck,234000,,234000,233500,234000,235500,0.4273504273504274,0.2136752136752137,,,,,,"{""bid_req_base_tm"": ""100226"", ""sel_10th_pre_req_pre"": ""0"", ""sel_10th_pre_req"": ""65"", ""sel_10th_pre_bid"": ""-238500"", ""sel_9th_pre_req_pre"": ""0"", ""sel_9th_pre_req"": ""178"", ""sel_9th_pre_bid"": ""-238000"", ""sel_8th_pre_req_pre"": ""0"", ""sel_8th_pre_req"": ""83"", ""sel_8th_pre_bid"": ""-237500"", ""sel_7th_pre_req_pre"": ""0"", ""sel_7th_pre_req"": ""51"", ""sel_7th_pre_bid"": ""-237000"", ""sel_6th_pre_req_pre"": ""0"", ""sel_6th_pre_req"": ""207"", ""sel_6th_pre_bid"": ""-236500"", ""sel_5th_pre_req_pre"": ""0"", ""sel_5th_pre_req"": ""137"", ""sel_5th_pre_bid"": ""-236000"", ""sel_4th_pre_req_pre"": ""0"", ""sel_4th_pre_req"": ""31"", ""sel_4th_pre_bid"": ""-235500"", ""sel_3th_pre_req_pre"": ""0"", ""sel_3th_pre_req"": ""59"", ""sel_3th_pre_bid"": ""-235000"", ""sel_2th_pre_req_pre"": ""0"", ""sel_2th_pre_req"": ""183"", ""sel_2th_pre_bid"": ""-234500"", ""sel_1th_pre_req_pre"": ""0"", ""sel_fpr_req"": ""137"", ""sel_fpr_bid"": ""-234000"", ""buy_fpr_bid"": ""-233500"", ""buy_fpr_req"": ""283"", ""buy_1th_pre_req_pre"": ""--129"", ""buy_2th_pre_bid"": ""-233000"", ""buy_2th_pre_req"": ""421"", ""buy_2th_pre_req_pre"": ""0"", ""buy_3th_pre_bid"": ""-232500"", ""buy_3th_pre_req"": ""1214"", ""buy_3th_pre_req_pre"": ""0"", ""buy_4th_pre_bid"": ""-232000"", ""buy_4th_pre_req"": ""1091"", ""buy_4th_pre_req_pre"": ""0"", ""buy_5th_pre_bid"": ""-231500"", ""buy_5th_pre_req"": ""1043"", ""buy_5th_pre_req_pre"": ""0"", ""buy_6th_pre_bid"": ""-231000"", ""buy_6th_pre_req"": ""2098"", ""buy_6th_pre_req_pre"": ""0"", ""buy_7th_pre_bid"": ""-230500"", ""buy_7th_pre_req"": ""1541"", ""buy_7th_pre_req_pre"": ""0"", ""buy_8th_pre_bid"": ""-230000"", ""buy_8th_pre_req"": ""3177"", ""buy_8th_pre_req_pre"": ""0"", ""buy_9th_pre_bid"": ""-229500"", ""buy_9th_pre_req"": ""502"", ""buy_9th_pre_req_pre"": ""0"", ""buy_10th_pre_bid"": ""-229000"", ""buy_10th_pre_req"": ""1332"", ""buy_10th_pre_req_pre"": ""0"", ""tot_sel_req_jub_pre"": ""0"", ""tot_sel_req"": ""1131"", ""tot_buy_req"": ""12702"", ""tot_buy_req_jub_pre"": ""--129"", ""ovt_sel_req_pre"": ""0"", ""ovt_sel_req"": ""0"", ""ovt_buy_req"": ""0"", ""ovt_buy_req_pre"": ""0"", ""return_code"": 0, ""return_msg"": ""정상적으로 처리되었습니다""}"
2026-06-10,watchlist,161390,,0,filtered_candidate_recheck,71900,,71900,71800,71900,71900,-0.13908205841446453,0.13908205841446453,,,,,,"{""bid_req_base_tm"": ""100225"", ""sel_10th_pre_req_pre"": ""0"", ""sel_10th_pre_req"": ""2"", ""sel_10th_pre_bid"": ""-72800"", ""sel_9th_pre_req_pre"": ""0"", ""sel_9th_pre_req"": ""112"", ""sel_9th_pre_bid"": ""-72700"", ""sel_8th_pre_req_pre"": ""0"", ""sel_8th_pre_req"": ""18"", ""sel_8th_pre_bid"": ""-72600"", ""sel_7th_pre_req_pre"": ""0"", ""sel_7th_pre_req"": ""186"", ""sel_7th_pre_bid"": ""-72500"", ""sel_6th_pre_req_pre"": ""0"", ""sel_6th_pre_req"": ""44"", ""sel_6th_pre_bid"": ""-72400"", ""sel_5th_pre_req_pre"": ""0"", ""sel_5th_pre_req"": ""34"", ""sel_5th_pre_bid"": ""-72300"", ""sel_4th_pre_req_pre"": ""0"", ""sel_4th_pre_req"": ""9"", ""sel_4th_pre_bid"": ""-72200"", ""sel_3th_pre_req_pre"": ""0"", ""sel_3th_pre_req"": ""224"", ""sel_3th_pre_bid"": ""-72100"", ""sel_2th_pre_req_pre"": ""0"", ""sel_2th_pre_req"": ""672"", ""sel_2th_pre_bid"": ""-72000"", ""sel_1th_pre_req_pre"": ""0"", ""sel_fpr_req"": ""807"", ""sel_fpr_bid"": ""-71900"", ""buy_fpr_bid"": ""-71800"", ""buy_fpr_req"": ""1201"", ""buy_1th_pre_req_pre"": ""+115"", ""buy_2th_pre_bid"": ""-71700"", ""buy_2th_pre_req"": ""152"", ""buy_2th_pre_req_pre"": ""0"", ""buy_3th_pre_bid"": ""-71600"", ""buy_3th_pre_req"": ""126"", ""buy_3th_pre_req_pre"": ""0"", ""buy_4th_pre_bid"": ""-71500"", ""buy_4th_pre_req"": ""67"", ""buy_4th_pre_req_pre"": ""0"", ""buy_5th_pre_bid"": ""-71400"", ""buy_5th_pre_req"": ""155"", ""buy_5th_pre_req_pre"": ""0"", ""buy_6th_pre_bid"": ""-71300"", ""buy_6th_pre_req"": ""16"", ""buy_6th_pre_req_pre"": ""0"", ""buy_7th_pre_bid"": ""-71200"", ""buy_7th_pre_req"": ""361"", ""buy_7th_pre_req_pre"": ""0"", ""buy_8th_pre_bid"": ""-71100"", ""buy_8th_pre_req"": ""254"", ""buy_8th_pre_req_pre"": ""0"", ""buy_9th_pre_bid"": ""-71000"", ""buy_9th_pre_req"": ""1003"", ""buy_9th_pre_req_pre"": ""0"", ""buy_10th_pre_bid"": ""-70900"", ""buy_10th_pre_req"": ""2017"", ""buy_10th_pre_req_pre"": ""0"", ""tot_sel_req_jub_pre"": ""0"", ""tot_sel_req"": ""2108"", ""tot_buy_req"": ""5352"", ""tot_buy_req_jub_pre"": ""+115"", ""ovt_sel_req_pre"": ""0"", ""ovt_sel_req"": ""0"", ""ovt_buy_req"": ""0"", ""ovt_buy_req_pre"": ""0"", ""return_code"": 0, ""return_msg"": ""정상적으로 처리되었습니다""}"
2026-06-10,watchlist,078930,,1,filtered_candidate_recheck,73100,,73100,73000,73100,73500,0.4103967168262654,0.13679890560875513,,,,,,"{""bid_req_base_tm"": ""100224"", ""sel_10th_pre_req_pre"": ""0"", ""sel_10th_pre_req"": ""76"", ""sel_10th_pre_bid"": ""+74400"", ""sel_9th_pre_req_pre"": ""0"", ""sel_9th_pre_req"": ""1"", ""sel_9th_pre_bid"": ""+74200"", ""sel_8th_pre_req_pre"": ""0"", ""sel_8th_pre_req"": ""40"", ""sel_8th_pre_bid"": ""+74000"", ""sel_7th_pre_req_pre"": ""0"", ""sel_7th_pre_req"": ""10"", ""sel_7th_pre_bid"": ""-73700"", ""sel_6th_pre_req_pre"": ""0"", ""sel_6th_pre_req"": ""1"", ""sel_6th_pre_bid"": ""-73600"", ""sel_5th_pre_req_pre"": ""0"", ""sel_5th_pre_req"": ""56"", ""sel_5th_pre_bid"": ""-73500"", ""sel_4th_pre_req_pre"": ""0"", ""sel_4th_pre_req"": ""34"", ""sel_4th_pre_bid"": ""-73400"", ""sel_3th_pre_req_pre"": ""0"", ""sel_3th_pre_req"": ""199"", ""sel_3th_pre_bid"": ""-73300"", ""sel_2th_pre_req_pre"": ""0"", ""sel_2th_pre_req"": ""299"", ""sel_2th_pre_bid"": ""-73200"", ""sel_1th_pre_req_pre"": ""--3"", ""sel_fpr_req"": ""127"", ""sel_fpr_bid"": ""-73100"", ""buy_fpr_bid"": ""-73000"", ""buy_fpr_req"": ""356"", ""buy_1th_pre_req_pre"": ""0"", ""buy_2th_pre_bid"": ""-72900"", ""buy_2th_pre_req"": ""255"", ""buy_2th_pre_req_pre"": ""0"", ""buy_3th_pre_bid"": ""-72800"", ""buy_3th_pre_req"": ""196"", ""buy_3th_pre_req_pre"": ""0"", ""buy_4th_pre_bid"": ""-72700"", ""buy_4th_pre_req"": ""56"", ""buy_4th_pre_req_pre"": ""0"", ""buy_5th_pre_bid"": ""-72600"", ""buy_5th_pre_req"": ""3"", ""buy_5th_pre_req_pre"": ""0"", ""buy_6th_pre_bid"": ""-72500"", ""buy_6th_pre_req"": ""7"", ""buy_6th_pre_req_pre"": ""0"", ""buy_7th_pre_bid"": ""-72300"", ""buy_7th_pre_req"": ""50"", ""buy_7th_pre_req_pre"": ""0"", ""buy_8th_pre_bid"": ""-72200"", ""buy_8th_pre_req"": ""118"", ""buy_8th_pre_req_pre"": ""0"", ""buy_9th_pre_bid"": ""-72100"", ""buy_9th_pre_req"": ""508"", ""buy_9th_pre_req_pre"": ""0"", ""buy_10th_pre_bid"": ""-72000"", ""buy_10th_pre_req"": ""156"", ""buy_10th_pre_req_pre"": ""0"", ""tot_sel_req_jub_pre"": ""--3"", ""tot_sel_req"": ""843"", ""tot_buy_req"": ""1705"", ""tot_buy_req_jub_pre"": ""0"", ""ovt_sel_req_pre"": ""0"", ""ovt_sel_req"": ""0"", ""ovt_buy_req"": ""0"", ""ovt_buy_req_pre"": ""0"", ""return_code"": 0, ""return_msg"": ""정상적으로 처리되었습니다""}"
2026-06-10,watchlist,462870,,0,filtered_candidate_recheck,31200,,31200,31100,31200,31000,-0.8012820512820512,0.3205128205128205,,,,,,"{""bid_req_base_tm"": ""100226"", ""sel_10th_pre_req_pre"": ""0"", ""sel_10th_pre_req"": ""70"", ""sel_10th_pre_bid"": ""-31650"", ""sel_9th_pre_req_pre"": ""0"", ""sel_9th_pre_req"": ""36"", ""sel_9th_pre_bid"": ""-31600"", ""sel_8th_pre_req_pre"": ""0"", ""sel_8th_pre_req"": ""282"", ""sel_8th_pre_bid"": ""-31550"", ""sel_7th_pre_req_pre"": ""0"", ""sel_7th_pre_req"": ""166"", ""sel_7th_pre_bid"": ""-31500"", ""sel_6th_pre_req_pre"": ""0"", ""sel_6th_pre_req"": ""254"", ""sel_6th_pre_bid"": ""-31450"", ""sel_5th_pre_req_pre"": ""0"", ""sel_5th_pre_req"": ""137"", ""sel_5th_pre_bid"": ""-31400"", ""sel_4th_pre_req_pre"": ""0"", ""sel_4th_pre_req"": ""40"", ""sel_4th_pre_bid"": ""-31350"", ""sel_3th_pre_req_pre"": ""0"", ""sel_3th_pre_req"": ""11"", ""sel_3th_pre_bid"": ""-31300"", ""sel_2th_pre_req_pre"": ""0"", ""sel_2th_pre_req"": ""60"", ""sel_2th_pre_bid"": ""-31250"", ""sel_1th_pre_req_pre"": ""--2"", ""sel_fpr_req"": ""2"", ""sel_fpr_bid"": ""-31200"", ""buy_fpr_bid"": ""-31100"", ""buy_fpr_req"": ""2"", ""buy_1th_pre_req_pre"": ""0"", ""buy_2th_pre_bid"": ""-31050"", ""buy_2th_pre_req"": ""9"", ""buy_2th_pre_req_pre"": ""0"", ""buy_3th_pre_bid"": ""-31000"", ""buy_3th_pre_req"": ""5"", ""buy_3th_pre_req_pre"": ""0"", ""buy_4th_pre_bid"": ""-30950"", ""buy_4th_pre_req"": ""7"", ""buy_4th_pre_req_pre"": ""0"", ""buy_5th_pre_bid"": ""-30900"", ""buy_5th_pre_req"": ""10"", ""buy_5th_pre_req_pre"": ""0"", ""buy_6th_pre_bid"": ""-30850"", ""buy_6th_pre_req"": ""5"", ""buy_6th_pre_req_pre"": ""0"", ""buy_7th_pre_bid"": ""-30750"", ""buy_7th_pre_req"": ""44"", ""buy_7th_pre_req_pre"": ""0"", ""buy_8th_pre_bid"": ""-30700"", ""buy_8th_pre_req"": ""56"", ""buy_8th_pre_req_pre"": ""0"", ""buy_9th_pre_bid"": ""-30650"", ""buy_9th_pre_req"": ""54"", ""buy_9th_pre_req_pre"": ""0"", ""buy_10th_pre_bid"": ""-30600"", ""buy_10th_pre_req"": ""290"", ""buy_10th_pre_req_pre"": ""0"", ""tot_sel_req_jub_pre"": ""--2"", ""tot_sel_req"": ""1058"", ""tot_buy_req"": ""482"", ""tot_buy_req_jub_pre"": ""0"", ""ovt_sel_req_pre"": ""0"", ""ovt_sel_req"": ""0"", ""ovt_buy_req"": ""0"", ""ovt_buy_req_pre"": ""0"", ""return_code"": 0, ""return_msg"": ""정상적으로 처리되었습니다""}"
2026-06-10,watchlist,055550,,0,filtered_candidate_recheck,99900,,99900,99800,99900,99700,-0.3003003003003003,0.10010010010010009,,,,,,"{""bid_req_base_tm"": ""100227"", ""sel_10th_pre_req_pre"": ""+1"", ""sel_10th_pre_req"": ""270"", ""sel_10th_pre_bid"": ""-100900"", ""sel_9th_pre_req_pre"": ""+1"", ""sel_9th_pre_req"": ""1031"", ""sel_9th_pre_bid"": ""-100800"", ""sel_8th_pre_req_pre"": ""0"", ""sel_8th_pre_req"": ""559"", ""sel_8th_pre_bid"": ""-100700"", ""sel_7th_pre_req_pre"": ""0"", ""sel_7th_pre_req"": ""303"", ""sel_7th_pre_bid"": ""-100600"", ""sel_6th_pre_req_pre"": ""0"", ""sel_6th_pre_req"": ""647"", ""sel_6th_pre_bid"": ""-100500"", ""sel_5th_pre_req_pre"": ""0"", ""sel_5th_pre_req"": ""681"", ""sel_5th_pre_bid"": ""-100400"", ""sel_4th_pre_req_pre"": ""0"", ""sel_4th_pre_req"": ""205"", ""sel_4th_pre_bid"": ""-100300"", ""sel_3th_pre_req_pre"": ""0"", ""sel_3th_pre_req"": ""812"", ""sel_3th_pre_bid"": ""-100200"", ""sel_2th_pre_req_pre"": ""+8"", ""sel_2th_pre_req"": ""208"", ""sel_2th_pre_bid"": ""-100000"", ""sel_1th_pre_req_pre"": ""0"", ""sel_fpr_req"": ""299"", ""sel_fpr_bid"": ""-99900"", ""buy_fpr_bid"": ""-99800"", ""buy_fpr_req"": ""344"", ""buy_1th_pre_req_pre"": ""0"", ""buy_2th_pre_bid"": ""-99700"", ""buy_2th_pre_req"": ""520"", ""buy_2th_pre_req_pre"": ""0"", ""buy_3th_pre_bid"": ""-99600"", ""buy_3th_pre_req"": ""242"", ""buy_3th_pre_req_pre"": ""0"", ""buy_4th_pre_bid"": ""-99500"", ""buy_4th_pre_req"": ""781"", ""buy_4th_pre_req_pre"": ""0"", ""buy_5th_pre_bid"": ""-99400"", ""buy_5th_pre_req"": ""38"", ""buy_5th_pre_req_pre"": ""0"", ""buy_6th_pre_bid"": ""-99300"", ""buy_6th_pre_req"": ""96"", ""buy_6th_pre_req_pre"": ""0"", ""buy_7th_pre_bid"": ""-99200"", ""buy_7th_pre_req"": ""1"", ""buy_7th_pre_req_pre"": ""0"", ""buy_8th_pre_bid"": ""-99100"", ""buy_8th_pre_req"": ""183"", ""buy_8th_pre_req_pre"": ""0"", ""buy_9th_pre_bid"": ""-99000"", ""buy_9th_pre_req"": ""57"", ""buy_9th_pre_req_pre"": ""0"", ""buy_10th_pre_bid"": ""-98900"", ""buy_10th_pre_req"": ""96"", ""buy_10th_pre_req_pre"": ""0"", ""tot_sel_req_jub_pre"": ""+10"", ""tot_sel_req"": ""5015"", ""tot_buy_req"": ""2358"", ""tot_buy_req_jub_pre"": ""0"", ""ovt_sel_req_pre"": ""0"", ""ovt_sel_req"": ""0"", ""ovt_buy_req"": ""0"", ""ovt_buy_req_pre"": ""0"", ""return_code"": 0, ""return_msg"": ""정상적으로 처리되었습니다""}"
2026-06-10,watchlist,192080,,0,filtered_candidate_recheck,72500,,72500,72400,72500,72600,0.0,0.13793103448275862,,,,,,"{""bid_req_base_tm"": ""100224"", ""sel_10th_pre_req_pre"": ""0"", ""sel_10th_pre_req"": ""812"", ""sel_10th_pre_bid"": ""+73700"", ""sel_9th_pre_req_pre"": ""0"", ""sel_9th_pre_req"": ""121"", ""sel_9th_pre_bid"": ""+73600"", ""sel_8th_pre_req_pre"": ""0"", ""sel_8th_pre_req"": ""43"", ""sel_8th_pre_bid"": ""+73500"", ""sel_7th_pre_req_pre"": ""0"", ""sel_7th_pre_req"": ""73"", ""sel_7th_pre_bid"": ""+73400"", ""sel_6th_pre_req_pre"": ""0"", ""sel_6th_pre_req"": ""10"", ""sel_6th_pre_bid"": ""+73300"", ""sel_5th_pre_req_pre"": ""0"", ""sel_5th_pre_req"": ""10"", ""sel_5th_pre_bid"": ""+73200"", ""sel_4th_pre_req_pre"": ""0"", ""sel_4th_pre_req"": ""53"", ""sel_4th_pre_bid"": ""+73000"", ""sel_3th_pre_req_pre"": ""0"", ""sel_3th_pre_req"": ""22"", ""sel_3th_pre_bid"": ""+72900"", ""sel_2th_pre_req_pre"": ""0"", ""sel_2th_pre_req"": ""54"", ""sel_2th_pre_bid"": ""+72600"", ""sel_1th_pre_req_pre"": ""+14"", ""sel_fpr_req"": ""112"", ""sel_fpr_bid"": ""+72500"", ""buy_fpr_bid"": ""+72400"", ""buy_fpr_req"": ""148"", ""buy_1th_pre_req_pre"": ""0"", ""buy_2th_pre_bid"": ""+72300"", ""buy_2th_pre_req"": ""19"", ""buy_2th_pre_req_pre"": ""0"", ""buy_3th_pre_bid"": ""+72200"", ""buy_3th_pre_req"": ""11"", ""buy_3th_pre_req_pre"": ""0"", ""buy_4th_pre_bid"": ""+72100"", ""buy_4th_pre_req"": ""14"", ""buy_4th_pre_req_pre"": ""0"", ""buy_5th_pre_bid"": ""72000"", ""buy_5th_pre_req"": ""66"", ""buy_5th_pre_req_pre"": ""0"", ""buy_6th_pre_bid"": ""-71900"", ""buy_6th_pre_req"": ""22"", ""buy_6th_pre_req_pre"": ""0"", ""buy_7th_pre_bid"": ""-71800"", ""buy_7th_pre_req"": ""66"", ""buy_7th_pre_req_pre"": ""0"", ""buy_8th_pre_bid"": ""-71700"", ""buy_8th_pre_req"": ""33"", ""buy_8th_pre_req_pre"": ""0"", ""buy_9th_pre_bid"": ""-71600"", ""buy_9th_pre_req"": ""80"", ""buy_9th_pre_req_pre"": ""0"", ""buy_10th_pre_bid"": ""-71500"", ""buy_10th_pre_req"": ""68"", ""buy_10th_pre_req_pre"": ""0"", ""tot_sel_req_jub_pre"": ""+14"", ""tot_sel_req"": ""1310"", ""tot_buy_req"": ""527"", ""tot_buy_req_jub_pre"": ""0"", ""ovt_sel_req_pre"": ""0"", ""ovt_sel_req"": ""0"", ""ovt_buy_req"": ""0"", ""ovt_buy_req_pre"": ""0"", ""return_code"": 0, ""return_msg"": ""정상적으로 처리되었습니다""}"
2026-06-10,watchlist,000430,,0,filtered_candidate_recheck,5850,,5850,5840,5850,5880,0.3418803418803419,0.17094017094017094,,,,,,"{""bid_req_base_tm"": ""100226"", ""sel_10th_pre_req_pre"": ""0"", ""sel_10th_pre_req"": ""118"", ""sel_10th_pre_bid"": ""-5950"", ""sel_9th_pre_req_pre"": ""0"", ""sel_9th_pre_req"": ""404"", ""sel_9th_pre_bid"": ""-5940"", ""sel_8th_pre_req_pre"": ""0"", ""sel_8th_pre_req"": ""240"", ""sel_8th_pre_bid"": ""-5930"", ""sel_7th_pre_req_pre"": ""0"", ""sel_7th_pre_req"": ""67"", ""sel_7th_pre_bid"": ""-5910"", ""sel_6th_pre_req_pre"": ""0"", ""sel_6th_pre_req"": ""1000"", ""sel_6th_pre_bid"": ""-5900"", ""sel_5th_pre_req_pre"": ""0"", ""sel_5th_pre_req"": ""325"", ""sel_5th_pre_bid"": ""-5890"", ""sel_4th_pre_req_pre"": ""0"", ""sel_4th_pre_req"": ""1"", ""sel_4th_pre_bid"": ""-5880"", ""sel_3th_pre_req_pre"": ""0"", ""sel_3th_pre_req"": ""206"", ""sel_3th_pre_bid"": ""-5870"", ""sel_2th_pre_req_pre"": ""0"", ""sel_2th_pre_req"": ""187"", ""sel_2th_pre_bid"": ""-5860"", ""sel_1th_pre_req_pre"": ""0"", ""sel_fpr_req"": ""405"", ""sel_fpr_bid"": ""-5850"", ""buy_fpr_bid"": ""-5840"", ""buy_fpr_req"": ""17"", ""buy_1th_pre_req_pre"": ""0"", ""buy_2th_pre_bid"": ""-5830"", ""buy_2th_pre_req"": ""489"", ""buy_2th_pre_req_pre"": ""+200"", ""buy_3th_pre_bid"": ""-5820"", ""buy_3th_pre_req"": ""2627"", ""buy_3th_pre_req_pre"": ""0"", ""buy_4th_pre_bid"": ""-5810"", ""buy_4th_pre_req"": ""5927"", ""buy_4th_pre_req_pre"": ""0"", ""buy_5th_pre_bid"": ""-5800"", ""buy_5th_pre_req"": ""17419"", ""buy_5th_pre_req_pre"": ""0"", ""buy_6th_pre_bid"": ""-5790"", ""buy_6th_pre_req"": ""2238"", ""buy_6th_pre_req_pre"": ""0"", ""buy_7th_pre_bid"": ""-5780"", ""buy_7th_pre_req"": ""2985"", ""buy_7th_pre_req_pre"": ""0"", ""buy_8th_pre_bid"": ""-5770"", ""buy_8th_pre_req"": ""2454"", ""buy_8th_pre_req_pre"": ""0"", ""buy_9th_pre_bid"": ""-5760"", ""buy_9th_pre_req"": ""9931"", ""buy_9th_pre_req_pre"": ""0"", ""buy_10th_pre_bid"": ""-5750"", ""buy_10th_pre_req"": ""11441"", ""buy_10th_pre_req_pre"": ""0"", ""tot_sel_req_jub_pre"": ""0"", ""tot_sel_req"": ""2953"", ""tot_buy_req"": ""55528"", ""tot_buy_req_jub_pre"": ""+200"", ""ovt_sel_req_pre"": ""0"", ""ovt_sel_req"": ""0"", ""ovt_buy_req"": ""0"", ""ovt_buy_req_pre"": ""0"", ""return_code"": 0, ""return_msg"": ""정상적으로 처리되었습니다""}"
2026-06-10,watchlist,307950,,0,filtered_candidate_recheck,705000,,705000,704000,705000,707000,0.14184397163120568,0.14184397163120568,,,,,,"{""bid_req_base_tm"": ""100227"", ""sel_10th_pre_req_pre"": ""0"", ""sel_10th_pre_req"": ""52"", ""sel_10th_pre_bid"": ""+714000"", ""sel_9th_pre_req_pre"": ""0"", ""sel_9th_pre_req"": ""52"", ""sel_9th_pre_bid"": ""+713000"", ""sel_8th_pre_req_pre"": ""0"", ""sel_8th_pre_req"": ""12"", ""sel_8th_pre_bid"": ""+712000"", ""sel_7th_pre_req_pre"": ""0"", ""sel_7th_pre_req"": ""31"", ""sel_7th_pre_bid"": ""+711000"", ""sel_6th_pre_req_pre"": ""0"", ""sel_6th_pre_req"": ""267"", ""sel_6th_pre_bid"": ""+710000"", ""sel_5th_pre_req_pre"": ""0"", ""sel_5th_pre_req"": ""55"", ""sel_5th_pre_bid"": ""+709000"", ""sel_4th_pre_req_pre"": ""0"", ""sel_4th_pre_req"": ""35"", ""sel_4th_pre_bid"": ""+708000"", ""sel_3th_pre_req_pre"": ""0"", ""sel_3th_pre_req"": ""14"", ""sel_3th_pre_bid"": ""+707000"", ""sel_2th_pre_req_pre"": ""0"", ""sel_2th_pre_req"": ""38"", ""sel_2th_pre_bid"": ""+706000"", ""sel_1th_pre_req_pre"": ""--1"", ""sel_fpr_req"": ""15"", ""sel_fpr_bid"": ""+705000"", ""buy_fpr_bid"": ""+704000"", ""buy_fpr_req"": ""95"", ""buy_1th_pre_req_pre"": ""0"", ""buy_2th_pre_bid"": ""+703000"", ""buy_2th_pre_req"": ""123"", ""buy_2th_pre_req_pre"": ""0"", ""buy_3th_pre_bid"": ""+702000"", ""buy_3th_pre_req"": ""112"", ""buy_3th_pre_req_pre"": ""0"", ""buy_4th_pre_bid"": ""+701000"", ""buy_4th_pre_req"": ""216"", ""buy_4th_pre_req_pre"": ""0"", ""buy_5th_pre_bid"": ""+700000"", ""buy_5th_pre_req"": ""320"", ""buy_5th_pre_req_pre"": ""0"", ""buy_6th_pre_bid"": ""+699000"", ""buy_6th_pre_req"": ""127"", ""buy_6th_pre_req_pre"": ""0"", ""buy_7th_pre_bid"": ""+698000"", ""buy_7th_pre_req"": ""229"", ""buy_7th_pre_req_pre"": ""0"", ""buy_8th_pre_bid"": ""+697000"", ""buy_8th_pre_req"": ""252"", ""buy_8th_pre_req_pre"": ""0"", ""buy_9th_pre_bid"": ""+696000"", ""buy_9th_pre_req"": ""233"", ""buy_9th_pre_req_pre"": ""0"", ""buy_10th_pre_bid"": ""+695000"", ""buy_10th_pre_req"": ""218"", ""buy_10th_pre_req_pre"": ""0"", ""tot_sel_req_jub_pre"": ""--1"", ""tot_sel_req"": ""571"", ""tot_buy_req"": ""1925"", ""tot_buy_req_jub_pre"": ""0"", ""ovt_sel_req_pre"": ""0"", ""ovt_sel_req"": ""0"", ""ovt_buy_req"": ""0"", ""ovt_buy_req_pre"": ""0"", ""return_code"": 0, ""return_msg"": ""정상적으로 처리되었습니다""}"
2026-06-10,watchlist,114090,,0,filtered_candidate_recheck,12060,,12060,12030,12060,11950,-1.3266998341625207,0.24875621890547264,,,,,,"{""bid_req_base_tm"": ""100226"", ""sel_10th_pre_req_pre"": ""0"", ""sel_10th_pre_req"": ""1511"", ""sel_10th_pre_bid"": ""+12150"", ""sel_9th_pre_req_pre"": ""0"", ""sel_9th_pre_req"": ""561"", ""sel_9th_pre_bid"": ""+12140"", ""sel_8th_pre_req_pre"": ""0"", ""sel_8th_pre_req"": ""136"", ""sel_8th_pre_bid"": ""+12130"", ""sel_7th_pre_req_pre"": ""0"", ""sel_7th_pre_req"": ""20"", ""sel_7th_pre_bid"": ""+12120"", ""sel_6th_pre_req_pre"": ""0"", ""sel_6th_pre_req"": ""7"", ""sel_6th_pre_bid"": ""+12110"", ""sel_5th_pre_req_pre"": ""0"", ""sel_5th_pre_req"": ""177"", ""sel_5th_pre_bid"": ""+12100"", ""sel_4th_pre_req_pre"": ""0"", ""sel_4th_pre_req"": ""540"", ""sel_4th_pre_bid"": ""+12090"", ""sel_3th_pre_req_pre"": ""0"", ""sel_3th_pre_req"": ""531"", ""sel_3th_pre_bid"": ""+12080"", ""sel_2th_pre_req_pre"": ""0"", ""sel_2th_pre_req"": ""41"", ""sel_2th_pre_bid"": ""+12070"", ""sel_1th_pre_req_pre"": ""0"", ""sel_fpr_req"": ""102"", ""sel_fpr_bid"": ""+12060"", ""buy_fpr_bid"": ""+12030"", ""buy_fpr_req"": ""20"", ""buy_1th_pre_req_pre"": ""+5"", ""buy_2th_pre_bid"": ""+12020"", ""buy_2th_pre_req"": ""521"", ""buy_2th_pre_req_pre"": ""0"", ""buy_3th_pre_bid"": ""+12010"", ""buy_3th_pre_req"": ""40"", ""buy_3th_pre_req_pre"": ""0"", ""buy_4th_pre_bid"": ""+12000"", ""buy_4th_pre_req"": ""27"", ""buy_4th_pre_req_pre"": ""0"", ""buy_5th_pre_bid"": ""+11990"", ""buy_5th_pre_req"": ""30"", ""buy_5th_pre_req_pre"": ""0"", ""buy_6th_pre_bid"": ""+11980"", ""buy_6th_pre_req"": ""340"", ""buy_6th_pre_req_pre"": ""0"", ""buy_7th_pre_bid"": ""-11900"", ""buy_7th_pre_req"": ""50"", ""buy_7th_pre_req_pre"": ""0"", ""buy_8th_pre_bid"": ""-11890"", ""buy_8th_pre_req"": ""197"", ""buy_8th_pre_req_pre"": ""0"", ""buy_9th_pre_bid"": ""-11880"", ""buy_9th_pre_req"": ""14"", ""buy_9th_pre_req_pre"": ""0"", ""buy_10th_pre_bid"": ""-11850"", ""buy_10th_pre_req"": ""30"", ""buy_10th_pre_req_pre"": ""0"", ""tot_sel_req_jub_pre"": ""0"", ""tot_sel_req"": ""3626"", ""tot_buy_req"": ""1269"", ""tot_buy_req_jub_pre"": ""+5"", ""ovt_sel_req_pre"": ""0"", ""ovt_sel_req"": ""0"", ""ovt_buy_req"": ""0"", ""ovt_buy_req_pre"": ""0"", ""return_code"": 0, ""return_msg"": ""정상적으로 처리되었습니다""}"
2026-06-10,watchlist,281820,,0,filtered_candidate_recheck,67200,,67200,67000,67200,67300,0.0,0.2976190476190476,,,,,,"{""bid_req_base_tm"": ""100227"", ""sel_10th_pre_req_pre"": ""0"", ""sel_10th_pre_req"": ""2"", ""sel_10th_pre_bid"": ""+68100"", ""sel_9th_pre_req_pre"": ""0"", ""sel_9th_pre_req"": ""61"", ""sel_9th_pre_bid"": ""+68000"", ""sel_8th_pre_req_pre"": ""0"", ""sel_8th_pre_req"": ""1"", ""sel_8th_pre_bid"": ""+67900"", ""sel_7th_pre_req_pre"": ""0"", ""sel_7th_pre_req"": ""17"", ""sel_7th_pre_bid"": ""+67800"", ""sel_6th_pre_req_pre"": ""0"", ""sel_6th_pre_req"": ""11"", ""sel_6th_pre_bid"": ""+67700"", ""sel_5th_pre_req_pre"": ""0"", ""sel_5th_pre_req"": ""29"", ""sel_5th_pre_bid"": ""+67600"", ""sel_4th_pre_req_pre"": ""0"", ""sel_4th_pre_req"": ""1"", ""sel_4th_pre_bid"": ""+67500"", ""sel_3th_pre_req_pre"": ""0"", ""sel_3th_pre_req"": ""21"", ""sel_3th_pre_bid"": ""+67400"", ""sel_2th_pre_req_pre"": ""0"", ""sel_2th_pre_req"": ""46"", ""sel_2th_pre_bid"": ""+67300"", ""sel_1th_pre_req_pre"": ""+59"", ""sel_fpr_req"": ""60"", ""sel_fpr_bid"": ""+67200"", ""buy_fpr_bid"": ""+67000"", ""buy_fpr_req"": ""124"", ""buy_1th_pre_req_pre"": ""0"", ""buy_2th_pre_bid"": ""+66900"", ""buy_2th_pre_req"": ""3"", ""buy_2th_pre_req_pre"": ""0"", ""buy_3th_pre_bid"": ""+66800"", ""buy_3th_pre_req"": ""30"", ""buy_3th_pre_req_pre"": ""0"", ""buy_4th_pre_bid"": ""+66600"", ""buy_4th_pre_req"": ""106"", ""buy_4th_pre_req_pre"": ""0"", ""buy_5th_pre_bid"": ""+66500"", ""buy_5th_pre_req"": ""25"", ""buy_5th_pre_req_pre"": ""0"", ""buy_6th_pre_bid"": ""66400"", ""buy_6th_pre_req"": ""2"", ""buy_6th_pre_req_pre"": ""0"", ""buy_7th_pre_bid"": ""-66300"", ""buy_7th_pre_req"": ""13"", ""buy_7th_pre_req_pre"": ""0"", ""buy_8th_pre_bid"": ""-66200"", ""buy_8th_pre_req"": ""46"", ""buy_8th_pre_req_pre"": ""0"", ""buy_9th_pre_bid"": ""-66000"", ""buy_9th_pre_req"": ""11"", ""buy_9th_pre_req_pre"": ""0"", ""buy_10th_pre_bid"": ""-65900"", ""buy_10th_pre_req"": ""19"", ""buy_10th_pre_req_pre"": ""0"", ""tot_sel_req_jub_pre"": ""+59"", ""tot_sel_req"": ""249"", ""tot_buy_req"": ""379"", ""tot_buy_req_jub_pre"": ""0"", ""ovt_sel_req_pre"": ""0"", ""ovt_sel_req"": ""0"", ""ovt_buy_req"": ""0"", ""ovt_buy_req_pre"": ""0"", ""return_code"": 0, ""return_msg"": ""정상적으로 처리되었습니다""}"
2026-06-10,watchlist,489790,,0,filtered_candidate_recheck,69400,,69400,69100,69400,69300,-0.2881844380403458,0.43227665706051877,,,,,,"{""bid_req_base_tm"": ""100228"", ""sel_10th_pre_req_pre"": ""0"", ""sel_10th_pre_req"": ""286"", ""sel_10th_pre_bid"": ""+70400"", ""sel_9th_pre_req_pre"": ""0"", ""sel_9th_pre_req"": ""148"", ""sel_9th_pre_bid"": ""+70300"", ""sel_8th_pre_req_pre"": ""0"", ""sel_8th_pre_req"": ""102"", ""sel_8th_pre_bid"": ""+70200"", ""sel_7th_pre_req_pre"": ""0"", ""sel_7th_pre_req"": ""309"", ""sel_7th_pre_bid"": ""+70100"", ""sel_6th_pre_req_pre"": ""0"", ""sel_6th_pre_req"": ""251"", ""sel_6th_pre_bid"": ""+70000"", ""sel_5th_pre_req_pre"": ""+5"", ""sel_5th_pre_req"": ""225"", ""sel_5th_pre_bid"": ""+69900"", ""sel_4th_pre_req_pre"": ""0"", ""sel_4th_pre_req"": ""8"", ""sel_4th_pre_bid"": ""+69800"", ""sel_3th_pre_req_pre"": ""0"", ""sel_3th_pre_req"": ""2"", ""sel_3th_pre_bid"": ""+69700"", ""sel_2th_pre_req_pre"": ""0"", ""sel_2th_pre_req"": ""3"", ""sel_2th_pre_bid"": ""+69600"", ""sel_1th_pre_req_pre"": ""0"", ""sel_fpr_req"": ""16"", ""sel_fpr_bid"": ""+69400"", ""buy_fpr_bid"": ""+69100"", ""buy_fpr_req"": ""94"", ""buy_1th_pre_req_pre"": ""0"", ""buy_2th_pre_bid"": ""+69000"", ""buy_2th_pre_req"": ""45"", ""buy_2th_pre_req_pre"": ""0"", ""buy_3th_pre_bid"": ""+68900"", ""buy_3th_pre_req"": ""86"", ""buy_3th_pre_req_pre"": ""0"", ""buy_4th_pre_bid"": ""+68800"", ""buy_4th_pre_req"": ""571"", ""buy_4th_pre_req_pre"": ""0"", ""buy_5th_pre_bid"": ""+68700"", ""buy_5th_pre_req"": ""60"", ""buy_5th_pre_req_pre"": ""0"", ""buy_6th_pre_bid"": ""+68600"", ""buy_6th_pre_req"": ""56"", ""buy_6th_pre_req_pre"": ""0"", ""buy_7th_pre_bid"": ""+68500"", ""buy_7th_pre_req"": ""147"", ""buy_7th_pre_req_pre"": ""0"", ""buy_8th_pre_bid"": ""+68400"", ""buy_8th_pre_req"": ""105"", ""buy_8th_pre_req_pre"": ""0"", ""buy_9th_pre_bid"": ""+68300"", ""buy_9th_pre_req"": ""687"", ""buy_9th_pre_req_pre"": ""0"", ""buy_10th_pre_bid"": ""+68200"", ""buy_10th_pre_req"": ""264"", ""buy_10th_pre_req_pre"": ""0"", ""tot_sel_req_jub_pre"": ""+5"", ""tot_sel_req"": ""1350"", ""tot_buy_req"": ""2115"", ""tot_buy_req_jub_pre"": ""0"", ""ovt_sel_req_pre"": ""0"", ""ovt_sel_req"": ""0"", ""ovt_buy_req"": ""0"", ""ovt_buy_req_pre"": ""0"", ""return_code"": 0, ""return_msg"": ""정상적으로 처리되었습니다""}"
2026-06-10,watchlist,092200,,0,filtered_candidate_recheck,9880,,9880,9870,9880,9890,0.0,0.10121457489878542,,,,,,"{""bid_req_base_tm"": ""100228"", ""sel_10th_pre_req_pre"": ""0"", ""sel_10th_pre_req"": ""366"", ""sel_10th_pre_bid"": ""-9970"", ""sel_9th_pre_req_pre"": ""0"", ""sel_9th_pre_req"": ""535"", ""sel_9th_pre_bid"": ""-9960"", ""sel_8th_pre_req_pre"": ""0"", ""sel_8th_pre_req"": ""10"", ""sel_8th_pre_bid"": ""-9950"", ""sel_7th_pre_req_pre"": ""0"", ""sel_7th_pre_req"": ""476"", ""sel_7th_pre_bid"": ""-9940"", ""sel_6th_pre_req_pre"": ""0"", ""sel_6th_pre_req"": ""269"", ""sel_6th_pre_bid"": ""-9930"", ""sel_5th_pre_req_pre"": ""0"", ""sel_5th_pre_req"": ""1790"", ""sel_5th_pre_bid"": ""-9920"", ""sel_4th_pre_req_pre"": ""0"", ""sel_4th_pre_req"": ""13"", ""sel_4th_pre_bid"": ""-9910"", ""sel_3th_pre_req_pre"": ""0"", ""sel_3th_pre_req"": ""139"", ""sel_3th_pre_bid"": ""-9900"", ""sel_2th_pre_req_pre"": ""0"", ""sel_2th_pre_req"": ""156"", ""sel_2th_pre_bid"": ""-9890"", ""sel_1th_pre_req_pre"": ""0"", ""sel_fpr_req"": ""325"", ""sel_fpr_bid"": ""-9880"", ""buy_fpr_bid"": ""-9870"", ""buy_fpr_req"": ""6"", ""buy_1th_pre_req_pre"": ""0"", ""buy_2th_pre_bid"": ""-9840"", ""buy_2th_pre_req"": ""136"", ""buy_2th_pre_req_pre"": ""0"", ""buy_3th_pre_bid"": ""-9830"", ""buy_3th_pre_req"": ""3768"", ""buy_3th_pre_req_pre"": ""0"", ""buy_4th_pre_bid"": ""-9820"", ""buy_4th_pre_req"": ""721"", ""buy_4th_pre_req_pre"": ""+100"", ""buy_5th_pre_bid"": ""-9810"", ""buy_5th_pre_req"": ""1057"", ""buy_5th_pre_req_pre"": ""0"", ""buy_6th_pre_bid"": ""-9800"", ""buy_6th_pre_req"": ""1489"", ""buy_6th_pre_req_pre"": ""0"", ""buy_7th_pre_bid"": ""-9790"", ""buy_7th_pre_req"": ""1005"", ""buy_7th_pre_req_pre"": ""0"", ""buy_8th_pre_bid"": ""-9780"", ""buy_8th_pre_req"": ""1105"", ""buy_8th_pre_req_pre"": ""0"", ""buy_9th_pre_bid"": ""-9770"", ""buy_9th_pre_req"": ""1586"", ""buy_9th_pre_req_pre"": ""0"", ""buy_10th_pre_bid"": ""-9760"", ""buy_10th_pre_req"": ""1522"", ""buy_10th_pre_req_pre"": ""0"", ""tot_sel_req_jub_pre"": ""0"", ""tot_sel_req"": ""4079"", ""tot_buy_req"": ""12395"", ""tot_buy_req_jub_pre"": ""+100"", ""ovt_sel_req_pre"": ""0"", ""ovt_sel_req"": ""0"", ""ovt_buy_req"": ""0"", ""ovt_buy_req_pre"": ""0"", ""return_code"": 0, ""return_msg"": ""정상적으로 처리되었습니다""}"
2026-06-10,watchlist,175330,,0,filtered_candidate_recheck,25650,,25650,25600,25650,25650,-0.1949317738791423,0.1949317738791423,,,,,,"{""bid_req_base_tm"": ""100228"", ""sel_10th_pre_req_pre"": ""0"", ""sel_10th_pre_req"": ""297"", ""sel_10th_pre_bid"": ""+26100"", ""sel_9th_pre_req_pre"": ""0"", ""sel_9th_pre_req"": ""208"", ""sel_9th_pre_bid"": ""+26050"", ""sel_8th_pre_req_pre"": ""0"", ""sel_8th_pre_req"": ""223"", ""sel_8th_pre_bid"": ""+26000"", ""sel_7th_pre_req_pre"": ""0"", ""sel_7th_pre_req"": ""142"", ""sel_7th_pre_bid"": ""+25950"", ""sel_6th_pre_req_pre"": ""0"", ""sel_6th_pre_req"": ""232"", ""sel_6th_pre_bid"": ""25900"", ""sel_5th_pre_req_pre"": ""0"", ""sel_5th_pre_req"": ""454"", ""sel_5th_pre_bid"": ""-25850"", ""sel_4th_pre_req_pre"": ""0"", ""sel_4th_pre_req"": ""637"", ""sel_4th_pre_bid"": ""-25800"", ""sel_3th_pre_req_pre"": ""+100"", ""sel_3th_pre_req"": ""148"", ""sel_3th_pre_bid"": ""-25750"", ""sel_2th_pre_req_pre"": ""0"", ""sel_2th_pre_req"": ""623"", ""sel_2th_pre_bid"": ""-25700"", ""sel_1th_pre_req_pre"": ""0"", ""sel_fpr_req"": ""1098"", ""sel_fpr_bid"": ""-25650"", ""buy_fpr_bid"": ""-25600"", ""buy_fpr_req"": ""364"", ""buy_1th_pre_req_pre"": ""0"", ""buy_2th_pre_bid"": ""-25550"", ""buy_2th_pre_req"": ""304"", ""buy_2th_pre_req_pre"": ""0"", ""buy_3th_pre_bid"": ""-25500"", ""buy_3th_pre_req"": ""633"", ""buy_3th_pre_req_pre"": ""0"", ""buy_4th_pre_bid"": ""-25450"", ""buy_4th_pre_req"": ""1240"", ""buy_4th_pre_req_pre"": ""0"", ""buy_5th_pre_bid"": ""-25400"", ""buy_5th_pre_req"": ""575"", ""buy_5th_pre_req_pre"": ""0"", ""buy_6th_pre_bid"": ""-25350"", ""buy_6th_pre_req"": ""251"", ""buy_6th_pre_req_pre"": ""0"", ""buy_7th_pre_bid"": ""-25300"", ""buy_7th_pre_req"": ""389"", ""buy_7th_pre_req_pre"": ""0"", ""buy_8th_pre_bid"": ""-25250"", ""buy_8th_pre_req"": ""483"", ""buy_8th_pre_req_pre"": ""0"", ""buy_9th_pre_bid"": ""-25200"", ""buy_9th_pre_req"": ""301"", ""buy_9th_pre_req_pre"": ""0"", ""buy_10th_pre_bid"": ""-25150"", ""buy_10th_pre_req"": ""804"", ""buy_10th_pre_req_pre"": ""0"", ""tot_sel_req_jub_pre"": ""+100"", ""tot_sel_req"": ""4062"", ""tot_buy_req"": ""5344"", ""tot_buy_req_jub_pre"": ""0"", ""ovt_sel_req_pre"": ""0"", ""ovt_sel_req"": ""0"", ""ovt_buy_req"": ""0"", ""ovt_buy_req_pre"": ""0"", ""return_code"": 0, ""return_msg"": ""정상적으로 처리되었습니다""}"
2026-06-10,scan_candidate,005930,,0,main_scan,308000,,308000,307500,308000,308500,0.0,0.16233766233766234,,,,,,"{""bid_req_base_tm"": ""100406"", ""sel_10th_pre_req_pre"": ""0"", ""sel_10th_pre_req"": ""14139"", ""sel_10th_pre_bid"": ""-312500"", ""sel_9th_pre_req_pre"": ""0"", ""sel_9th_pre_req"": ""20220"", ""sel_9th_pre_bid"": ""-312000"", ""sel_8th_pre_req_pre"": ""0"", ""sel_8th_pre_req"": ""14168"", ""sel_8th_pre_bid"": ""-311500"", ""sel_7th_pre_req_pre"": ""0"", ""sel_7th_pre_req"": ""13956"", ""sel_7th_pre_bid"": ""-311000"", ""sel_6th_pre_req_pre"": ""0"", ""sel_6th_pre_req"": ""10423"", ""sel_6th_pre_bid"": ""-310500"", ""sel_5th_pre_req_pre"": ""+57"", ""sel_5th_pre_req"": ""25358"", ""sel_5th_pre_bid"": ""-310000"", ""sel_4th_pre_req_pre"": ""0"", ""sel_4th_pre_req"": ""17169"", ""sel_4th_pre_bid"": ""-309500"", ""sel_3th_pre_req_pre"": ""0"", ""sel_3th_pre_req"": ""14168"", ""sel_3th_pre_bid"": ""-309000"", ""sel_2th_pre_req_pre"": ""+14000"", ""sel_2th_pre_req"": ""31335"", ""sel_2th_pre_bid"": ""-308500"", ""sel_1th_pre_req_pre"": ""--14019"", ""sel_fpr_req"": ""18870"", ""sel_fpr_bid"": ""-308000"", ""buy_fpr_bid"": ""-307500"", ""buy_fpr_req"": ""10716"", ""buy_1th_pre_req_pre"": ""+125"", ""buy_2th_pre_bid"": ""-307000"", ""buy_2th_pre_req"": ""21351"", ""buy_2th_pre_req_pre"": ""+11283"", ""buy_3th_pre_bid"": ""-306500"", ""buy_3th_pre_req"": ""10129"", ""buy_3th_pre_req_pre"": ""--11400"", ""buy_4th_pre_bid"": ""-306000"", ""buy_4th_pre_req"": ""24083"", ""buy_4th_pre_req_pre"": ""+182"", ""buy_5th_pre_bid"": ""-305500"", ""buy_5th_pre_req"": ""61458"", ""buy_5th_pre_req_pre"": ""+4"", ""buy_6th_pre_bid"": ""-305000"", ""buy_6th_pre_req"": ""173706"", ""buy_6th_pre_req_pre"": ""--39"", ""buy_7th_pre_bid"": ""-304500"", ""buy_7th_pre_req"": ""28000"", ""buy_7th_pre_req_pre"": ""0"", ""buy_8th_pre_bid"": ""-304000"", ""buy_8th_pre_req"": ""40620"", ""buy_8th_pre_req_pre"": ""--1"", ""buy_9th_pre_bid"": ""-303500"", ""buy_9th_pre_req"": ""39904"", ""buy_9th_pre_req_pre"": ""0"", ""buy_10th_pre_bid"": ""-303000"", ""buy_10th_pre_req"": ""69538"", ""buy_10th_pre_req_pre"": ""0"", ""tot_sel_req_jub_pre"": ""+38"", ""tot_sel_req"": ""179806"", ""tot_buy_req"": ""479505"", ""tot_buy_req_jub_pre"": ""+154"", ""ovt_sel_req_pre"": ""0"", ""ovt_sel_req"": ""0"", ""ovt_buy_req"": ""0"", ""ovt_buy_req_pre"": ""0"", ""return_code"": 0, ""return_msg"": ""정상적으로 처리되었습니다""}"
2026-06-10,scan_candidate,000660,,0,main_scan,2136000,,2136000,2135000,2136000,2132000,-0.23408239700374533,0.04681647940074907,,,,,,"{""bid_req_base_tm"": ""100406"", ""sel_10th_pre_req_pre"": ""0"", ""sel_10th_pre_req"": ""2165"", ""sel_10th_pre_bid"": ""-2145000"", ""sel_9th_pre_req_pre"": ""0"", ""sel_9th_pre_req"": ""436"", ""sel_9th_pre_bid"": ""-2144000"", ""sel_8th_pre_req_pre"": ""0"", ""sel_8th_pre_req"": ""94"", ""sel_8th_pre_bid"": ""-2143000"", ""sel_7th_pre_req_pre"": ""0"", ""sel_7th_pre_req"": ""172"", ""sel_7th_pre_bid"": ""-2142000"", ""sel_6th_pre_req_pre"": ""0"", ""sel_6th_pre_req"": ""125"", ""sel_6th_pre_bid"": ""-2141000"", ""sel_5th_pre_req_pre"": ""0"", ""sel_5th_pre_req"": ""949"", ""sel_5th_pre_bid"": ""-2140000"", ""sel_4th_pre_req_pre"": ""0"", ""sel_4th_pre_req"": ""542"", ""sel_4th_pre_bid"": ""-2139000"", ""sel_3th_pre_req_pre"": ""0"", ""sel_3th_pre_req"": ""1809"", ""sel_3th_pre_bid"": ""-2138000"", ""sel_2th_pre_req_pre"": ""0"", ""sel_2th_pre_req"": ""617"", ""sel_2th_pre_bid"": ""-2137000"", ""sel_1th_pre_req_pre"": ""0"", ""sel_fpr_req"": ""470"", ""sel_fpr_bid"": ""-2136000"", ""buy_fpr_bid"": ""-2135000"", ""buy_fpr_req"": ""574"", ""buy_1th_pre_req_pre"": ""0"", ""buy_2th_pre_bid"": ""-2134000"", ""buy_2th_pre_req"": ""207"", ""buy_2th_pre_req_pre"": ""0"", ""buy_3th_pre_bid"": ""-2133000"", ""buy_3th_pre_req"": ""33"", ""buy_3th_pre_req_pre"": ""0"", ""buy_4th_pre_bid"": ""-2132000"", ""buy_4th_pre_req"": ""66"", ""buy_4th_pre_req_pre"": ""0"", ""buy_5th_pre_bid"": ""-2131000"", ""buy_5th_pre_req"": ""89"", ""buy_5th_pre_req_pre"": ""0"", ""buy_6th_pre_bid"": ""-2130000"", ""buy_6th_pre_req"": ""192"", ""buy_6th_pre_req_pre"": ""0"", ""buy_7th_pre_bid"": ""-2129000"", ""buy_7th_pre_req"": ""54"", ""buy_7th_pre_req_pre"": ""0"", ""buy_8th_pre_bid"": ""-2128000"", ""buy_8th_pre_req"": ""137"", ""buy_8th_pre_req_pre"": ""0"", ""buy_9th_pre_bid"": ""-2127000"", ""buy_9th_pre_req"": ""55"", ""buy_9th_pre_req_pre"": ""0"", ""buy_10th_pre_bid"": ""-2126000"", ""buy_10th_pre_req"": ""56"", ""buy_10th_pre_req_pre"": ""0"", ""tot_sel_req_jub_pre"": ""0"", ""tot_sel_req"": ""7379"", ""tot_buy_req"": ""1463"", ""tot_buy_req_jub_pre"": ""0"", ""ovt_sel_req_pre"": ""0"", ""ovt_sel_req"": ""0"", ""ovt_buy_req"": ""0"", ""ovt_buy_req_pre"": ""0"", ""return_code"": 0, ""return_msg"": ""정상적으로 처리되었습니다""}"
2026-06-10,scan_candidate,402340,,0,main_scan,1223000,,1223000,1222000,1223000,1219000,-0.4088307440719542,0.08176614881439084,,,,,,"{""bid_req_base_tm"": ""100407"", ""sel_10th_pre_req_pre"": ""0"", ""sel_10th_pre_req"": ""14"", ""sel_10th_pre_bid"": ""-1232000"", ""sel_9th_pre_req_pre"": ""0"", ""sel_9th_pre_req"": ""39"", ""sel_9th_pre_bid"": ""-1231000"", ""sel_8th_pre_req_pre"": ""0"", ""sel_8th_pre_req"": ""133"", ""sel_8th_pre_bid"": ""-1230000"", ""sel_7th_pre_req_pre"": ""0"", ""sel_7th_pre_req"": ""102"", ""sel_7th_pre_bid"": ""-1229000"", ""sel_6th_pre_req_pre"": ""0"", ""sel_6th_pre_req"": ""60"", ""sel_6th_pre_bid"": ""-1228000"", ""sel_5th_pre_req_pre"": ""0"", ""sel_5th_pre_req"": ""143"", ""sel_5th_pre_bid"": ""-1227000"", ""sel_4th_pre_req_pre"": ""0"", ""sel_4th_pre_req"": ""24"", ""sel_4th_pre_bid"": ""-1226000"", ""sel_3th_pre_req_pre"": ""0"", ""sel_3th_pre_req"": ""231"", ""sel_3th_pre_bid"": ""-1225000"", ""sel_2th_pre_req_pre"": ""0"", ""sel_2th_pre_req"": ""453"", ""sel_2th_pre_bid"": ""-1224000"", ""sel_1th_pre_req_pre"": ""+130"", ""sel_fpr_req"": ""218"", ""sel_fpr_bid"": ""-1223000"", ""buy_fpr_bid"": ""-1222000"", ""buy_fpr_req"": ""121"", ""buy_1th_pre_req_pre"": ""0"", ""buy_2th_pre_bid"": ""-1221000"", ""buy_2th_pre_req"": ""116"", ""buy_2th_pre_req_pre"": ""+40"", ""buy_3th_pre_bid"": ""-1220000"", ""buy_3th_pre_req"": ""81"", ""buy_3th_pre_req_pre"": ""--300"", ""buy_4th_pre_bid"": ""-1219000"", ""buy_4th_pre_req"": ""395"", ""buy_4th_pre_req_pre"": ""+300"", ""buy_5th_pre_bid"": ""-1218000"", ""buy_5th_pre_req"": ""1"", ""buy_5th_pre_req_pre"": ""--40"", ""buy_6th_pre_bid"": ""-1217000"", ""buy_6th_pre_req"": ""18"", ""buy_6th_pre_req_pre"": ""0"", ""buy_7th_pre_bid"": ""-1216000"", ""buy_7th_pre_req"": ""8"", ""buy_7th_pre_req_pre"": ""0"", ""buy_8th_pre_bid"": ""-1215000"", ""buy_8th_pre_req"": ""9"", ""buy_8th_pre_req_pre"": ""0"", ""buy_9th_pre_bid"": ""-1214000"", ""buy_9th_pre_req"": ""8"", ""buy_9th_pre_req_pre"": ""0"", ""buy_10th_pre_bid"": ""-1213000"", ""buy_10th_pre_req"": ""8"", ""buy_10th_pre_req_pre"": ""0"", ""tot_sel_req_jub_pre"": ""+130"", ""tot_sel_req"": ""1417"", ""tot_buy_req"": ""765"", ""tot_buy_req_jub_pre"": ""0"", ""ovt_sel_req_pre"": ""0"", ""ovt_sel_req"": ""0"", ""ovt_buy_req"": ""0"", ""ovt_buy_req_pre"": ""0"", ""return_code"": 0, ""return_msg"": ""정상적으로 처리되었습니다""}"
2026-06-10,scan_candidate,009150,,0,main_scan,1886000,,1886000,1885000,1886000,1887000,0.0,0.05302226935312832,,,,,,"{""bid_req_base_tm"": ""100407"", ""sel_10th_pre_req_pre"": ""0"", ""sel_10th_pre_req"": ""24"", ""sel_10th_pre_bid"": ""-1895000"", ""sel_9th_pre_req_pre"": ""0"", ""sel_9th_pre_req"": ""47"", ""sel_9th_pre_bid"": ""-1894000"", ""sel_8th_pre_req_pre"": ""0"", ""sel_8th_pre_req"": ""44"", ""sel_8th_pre_bid"": ""-1893000"", ""sel_7th_pre_req_pre"": ""0"", ""sel_7th_pre_req"": ""49"", ""sel_7th_pre_bid"": ""-1892000"", ""sel_6th_pre_req_pre"": ""0"", ""sel_6th_pre_req"": ""17"", ""sel_6th_pre_bid"": ""-1891000"", ""sel_5th_pre_req_pre"": ""0"", ""sel_5th_pre_req"": ""239"", ""sel_5th_pre_bid"": ""-1890000"", ""sel_4th_pre_req_pre"": ""0"", ""sel_4th_pre_req"": ""64"", ""sel_4th_pre_bid"": ""-1889000"", ""sel_3th_pre_req_pre"": ""0"", ""sel_3th_pre_req"": ""179"", ""sel_3th_pre_bid"": ""-1888000"", ""sel_2th_pre_req_pre"": ""0"", ""sel_2th_pre_req"": ""138"", ""sel_2th_pre_bid"": ""-1887000"", ""sel_1th_pre_req_pre"": ""--12"", ""sel_fpr_req"": ""7"", ""sel_fpr_bid"": ""-1886000"", ""buy_fpr_bid"": ""-1885000"", ""buy_fpr_req"": ""25"", ""buy_1th_pre_req_pre"": ""+1"", ""buy_2th_pre_bid"": ""-1884000"", ""buy_2th_pre_req"": ""38"", ""buy_2th_pre_req_pre"": ""+1"", ""buy_3th_pre_bid"": ""-1883000"", ""buy_3th_pre_req"": ""96"", ""buy_3th_pre_req_pre"": ""+5"", ""buy_4th_pre_bid"": ""-1882000"", ""buy_4th_pre_req"": ""190"", ""buy_4th_pre_req_pre"": ""0"", ""buy_5th_pre_bid"": ""-1881000"", ""buy_5th_pre_req"": ""139"", ""buy_5th_pre_req_pre"": ""0"", ""buy_6th_pre_bid"": ""-1880000"", ""buy_6th_pre_req"": ""59"", ""buy_6th_pre_req_pre"": ""0"", ""buy_7th_pre_bid"": ""-1879000"", ""buy_7th_pre_req"": ""296"", ""buy_7th_pre_req_pre"": ""0"", ""buy_8th_pre_bid"": ""-1878000"", ""buy_8th_pre_req"": ""32"", ""buy_8th_pre_req_pre"": ""0"", ""buy_9th_pre_bid"": ""-1877000"", ""buy_9th_pre_req"": ""30"", ""buy_9th_pre_req_pre"": ""0"", ""buy_10th_pre_bid"": ""-1876000"", ""buy_10th_pre_req"": ""58"", ""buy_10th_pre_req_pre"": ""0"", ""tot_sel_req_jub_pre"": ""--12"", ""tot_sel_req"": ""808"", ""tot_buy_req"": ""963"", ""tot_buy_req_jub_pre"": ""+7"", ""ovt_sel_req_pre"": ""0"", ""ovt_sel_req"": ""0"", ""ovt_buy_req"": ""0"", ""ovt_buy_req_pre"": ""0"", ""return_code"": 0, ""return_msg"": ""정상적으로 처리되었습니다""}"
2026-06-10,scan_candidate,032830,,0,main_scan,375000,,375000,374500,375000,372500,-0.8,0.13333333333333333,,,,,,"{""bid_req_base_tm"": ""100406"", ""sel_10th_pre_req_pre"": ""0"", ""sel_10th_pre_req"": ""104"", ""sel_10th_pre_bid"": ""-379500"", ""sel_9th_pre_req_pre"": ""0"", ""sel_9th_pre_req"": ""410"", ""sel_9th_pre_bid"": ""-379000"", ""sel_8th_pre_req_pre"": ""0"", ""sel_8th_pre_req"": ""97"", ""sel_8th_pre_bid"": ""-378500"", ""sel_7th_pre_req_pre"": ""0"", ""sel_7th_pre_req"": ""21"", ""sel_7th_pre_bid"": ""-378000"", ""sel_6th_pre_req_pre"": ""0"", ""sel_6th_pre_req"": ""29"", ""sel_6th_pre_bid"": ""-377500"", ""sel_5th_pre_req_pre"": ""0"", ""sel_5th_pre_req"": ""32"", ""sel_5th_pre_bid"": ""-377000"", ""sel_4th_pre_req_pre"": ""0"", ""sel_4th_pre_req"": ""138"", ""sel_4th_pre_bid"": ""-376500"", ""sel_3th_pre_req_pre"": ""0"", ""sel_3th_pre_req"": ""15"", ""sel_3th_pre_bid"": ""-376000"", ""sel_2th_pre_req_pre"": ""0"", ""sel_2th_pre_req"": ""267"", ""sel_2th_pre_bid"": ""-375500"", ""sel_1th_pre_req_pre"": ""--9"", ""sel_fpr_req"": ""934"", ""sel_fpr_bid"": ""-375000"", ""buy_fpr_bid"": ""-374500"", ""buy_fpr_req"": ""43"", ""buy_1th_pre_req_pre"": ""0"", ""buy_2th_pre_bid"": ""-374000"", ""buy_2th_pre_req"": ""63"", ""buy_2th_pre_req_pre"": ""0"", ""buy_3th_pre_bid"": ""-373500"", ""buy_3th_pre_req"": ""275"", ""buy_3th_pre_req_pre"": ""0"", ""buy_4th_pre_bid"": ""-373000"", ""buy_4th_pre_req"": ""58"", ""buy_4th_pre_req_pre"": ""0"", ""buy_5th_pre_bid"": ""-372500"", ""buy_5th_pre_req"": ""69"", ""buy_5th_pre_req_pre"": ""0"", ""buy_6th_pre_bid"": ""-372000"", ""buy_6th_pre_req"": ""21"", ""buy_6th_pre_req_pre"": ""0"", ""buy_7th_pre_bid"": ""-371500"", ""buy_7th_pre_req"": ""19"", ""buy_7th_pre_req_pre"": ""0"", ""buy_8th_pre_bid"": ""-371000"", ""buy_8th_pre_req"": ""24"", ""buy_8th_pre_req_pre"": ""0"", ""buy_9th_pre_bid"": ""-370500"", ""buy_9th_pre_req"": ""13"", ""buy_9th_pre_req_pre"": ""0"", ""buy_10th_pre_bid"": ""-370000"", ""buy_10th_pre_req"": ""60"", ""buy_10th_pre_req_pre"": ""0"", ""tot_sel_req_jub_pre"": ""--9"", ""tot_sel_req"": ""2047"", ""tot_buy_req"": ""645"", ""tot_buy_req_jub_pre"": ""0"", ""ovt_sel_req_pre"": ""0"", ""ovt_sel_req"": ""0"", ""ovt_buy_req"": ""0"", ""ovt_buy_req_pre"": ""0"", ""return_code"": 0, ""return_msg"": ""정상적으로 처리되었습니다""}"
2026-06-10,scan_candidate,012330,,0,main_scan,579000,,579000,578000,579000,581000,0.17271157167530224,0.17271157167530224,,,,,,"{""bid_req_base_tm"": ""100407"", ""sel_10th_pre_req_pre"": ""0"", ""sel_10th_pre_req"": ""215"", ""sel_10th_pre_bid"": ""-588000"", ""sel_9th_pre_req_pre"": ""0"", ""sel_9th_pre_req"": ""74"", ""sel_9th_pre_bid"": ""-587000"", ""sel_8th_pre_req_pre"": ""0"", ""sel_8th_pre_req"": ""354"", ""sel_8th_pre_bid"": ""-586000"", ""sel_7th_pre_req_pre"": ""0"", ""sel_7th_pre_req"": ""309"", ""sel_7th_pre_bid"": ""-585000"", ""sel_6th_pre_req_pre"": ""0"", ""sel_6th_pre_req"": ""29"", ""sel_6th_pre_bid"": ""-584000"", ""sel_5th_pre_req_pre"": ""0"", ""sel_5th_pre_req"": ""47"", ""sel_5th_pre_bid"": ""-583000"", ""sel_4th_pre_req_pre"": ""0"", ""sel_4th_pre_req"": ""79"", ""sel_4th_pre_bid"": ""-582000"", ""sel_3th_pre_req_pre"": ""0"", ""sel_3th_pre_req"": ""47"", ""sel_3th_pre_bid"": ""-581000"", ""sel_2th_pre_req_pre"": ""0"", ""sel_2th_pre_req"": ""213"", ""sel_2th_pre_bid"": ""-580000"", ""sel_1th_pre_req_pre"": ""0"", ""sel_fpr_req"": ""6"", ""sel_fpr_bid"": ""-579000"", ""buy_fpr_bid"": ""-578000"", ""buy_fpr_req"": ""290"", ""buy_1th_pre_req_pre"": ""0"", ""buy_2th_pre_bid"": ""-577000"", ""buy_2th_pre_req"": ""239"", ""buy_2th_pre_req_pre"": ""0"", ""buy_3th_pre_bid"": ""-576000"", ""buy_3th_pre_req"": ""711"", ""buy_3th_pre_req_pre"": ""0"", ""buy_4th_pre_bid"": ""-575000"", ""buy_4th_pre_req"": ""1049"", ""buy_4th_pre_req_pre"": ""0"", ""buy_5th_pre_bid"": ""-574000"", ""buy_5th_pre_req"": ""544"", ""buy_5th_pre_req_pre"": ""0"", ""buy_6th_pre_bid"": ""-573000"", ""buy_6th_pre_req"": ""686"", ""buy_6th_pre_req_pre"": ""0"", ""buy_7th_pre_bid"": ""-572000"", ""buy_7th_pre_req"": ""1349"", ""buy_7th_pre_req_pre"": ""0"", ""buy_8th_pre_bid"": ""-571000"", ""buy_8th_pre_req"": ""2014"", ""buy_8th_pre_req_pre"": ""0"", ""buy_9th_pre_bid"": ""-570000"", ""buy_9th_pre_req"": ""4034"", ""buy_9th_pre_req_pre"": ""+1"", ""buy_10th_pre_bid"": ""-569000"", ""buy_10th_pre_req"": ""2612"", ""buy_10th_pre_req_pre"": ""0"", ""tot_sel_req_jub_pre"": ""0"", ""tot_sel_req"": ""1373"", ""tot_buy_req"": ""13528"", ""tot_buy_req_jub_pre"": ""+1"", ""ovt_sel_req_pre"": ""0"", ""ovt_sel_req"": ""0"", ""ovt_buy_req"": ""0"", ""ovt_buy_req_pre"": ""0"", ""return_code"": 0, ""return_msg"": ""정상적으로 처리되었습니다""}"
2026-06-10,scan_candidate,055550,,0,main_scan,100000,,100000,99900,100000,99900,-0.2,0.1,,,,,,"{""bid_req_base_tm"": ""100407"", ""sel_10th_pre_req_pre"": ""0"", ""sel_10th_pre_req"": ""289"", ""sel_10th_pre_bid"": ""-100900"", ""sel_9th_pre_req_pre"": ""0"", ""sel_9th_pre_req"": ""1030"", ""sel_9th_pre_bid"": ""-100800"", ""sel_8th_pre_req_pre"": ""0"", ""sel_8th_pre_req"": ""559"", ""sel_8th_pre_bid"": ""-100700"", ""sel_7th_pre_req_pre"": ""0"", ""sel_7th_pre_req"": ""195"", ""sel_7th_pre_bid"": ""-100600"", ""sel_6th_pre_req_pre"": ""0"", ""sel_6th_pre_req"": ""1685"", ""sel_6th_pre_bid"": ""-100500"", ""sel_5th_pre_req_pre"": ""0"", ""sel_5th_pre_req"": ""820"", ""sel_5th_pre_bid"": ""-100400"", ""sel_4th_pre_req_pre"": ""0"", ""sel_4th_pre_req"": ""206"", ""sel_4th_pre_bid"": ""-100300"", ""sel_3th_pre_req_pre"": ""0"", ""sel_3th_pre_req"": ""126"", ""sel_3th_pre_bid"": ""-100200"", ""sel_2th_pre_req_pre"": ""0"", ""sel_2th_pre_req"": ""403"", ""sel_2th_pre_bid"": ""-100100"", ""sel_1th_pre_req_pre"": ""+34"", ""sel_fpr_req"": ""176"", ""sel_fpr_bid"": ""-100000"", ""buy_fpr_bid"": ""-99900"", ""buy_fpr_req"": ""2875"", ""buy_1th_pre_req_pre"": ""0"", ""buy_2th_pre_bid"": ""-99800"", ""buy_2th_pre_req"": ""395"", ""buy_2th_pre_req_pre"": ""0"", ""buy_3th_pre_bid"": ""-99700"", ""buy_3th_pre_req"": ""558"", ""buy_3th_pre_req_pre"": ""0"", ""buy_4th_pre_bid"": ""-99600"", ""buy_4th_pre_req"": ""242"", ""buy_4th_pre_req_pre"": ""0"", ""buy_5th_pre_bid"": ""-99500"", ""buy_5th_pre_req"": ""494"", ""buy_5th_pre_req_pre"": ""0"", ""buy_6th_pre_bid"": ""-99400"", ""buy_6th_pre_req"": ""42"", ""buy_6th_pre_req_pre"": ""0"", ""buy_7th_pre_bid"": ""-99300"", ""buy_7th_pre_req"": ""95"", ""buy_7th_pre_req_pre"": ""0"", ""buy_8th_pre_bid"": ""-99200"", ""buy_8th_pre_req"": ""2"", ""buy_8th_pre_req_pre"": ""0"", ""buy_9th_pre_bid"": ""-99100"", ""buy_9th_pre_req"": ""183"", ""buy_9th_pre_req_pre"": ""0"", ""buy_10th_pre_bid"": ""-99000"", ""buy_10th_pre_req"": ""58"", ""buy_10th_pre_req_pre"": ""0"", ""tot_sel_req_jub_pre"": ""+34"", ""tot_sel_req"": ""5489"", ""tot_buy_req"": ""4944"", ""tot_buy_req_jub_pre"": ""0"", ""ovt_sel_req_pre"": ""0"", ""ovt_sel_req"": ""0"", ""ovt_buy_req"": ""0"", ""ovt_buy_req_pre"": ""0"", ""return_code"": 0, ""return_msg"": ""정상적으로 처리되었습니다""}"
2026-06-10,scan_candidate,034730,,0,main_scan,589000,,589000,588000,589000,586000,-0.6791171477079796,0.1697792869269949,,,,,,"{""bid_req_base_tm"": ""100407"", ""sel_10th_pre_req_pre"": ""0"", ""sel_10th_pre_req"": ""135"", ""sel_10th_pre_bid"": ""+598000"", ""sel_9th_pre_req_pre"": ""0"", ""sel_9th_pre_req"": ""142"", ""sel_9th_pre_bid"": ""+597000"", ""sel_8th_pre_req_pre"": ""0"", ""sel_8th_pre_req"": ""142"", ""sel_8th_pre_bid"": ""+596000"", ""sel_7th_pre_req_pre"": ""0"", ""sel_7th_pre_req"": ""142"", ""sel_7th_pre_bid"": ""+595000"", ""sel_6th_pre_req_pre"": ""0"", ""sel_6th_pre_req"": ""230"", ""sel_6th_pre_bid"": ""594000"", ""sel_5th_pre_req_pre"": ""0"", ""sel_5th_pre_req"": ""182"", ""sel_5th_pre_bid"": ""-593000"", ""sel_4th_pre_req_pre"": ""0"", ""sel_4th_pre_req"": ""64"", ""sel_4th_pre_bid"": ""-592000"", ""sel_3th_pre_req_pre"": ""0"", ""sel_3th_pre_req"": ""35"", ""sel_3th_pre_bid"": ""-591000"", ""sel_2th_pre_req_pre"": ""0"", ""sel_2th_pre_req"": ""1"", ""sel_2th_pre_bid"": ""-590000"", ""sel_1th_pre_req_pre"": ""+5"", ""sel_fpr_req"": ""257"", ""sel_fpr_bid"": ""-589000"", ""buy_fpr_bid"": ""-588000"", ""buy_fpr_req"": ""164"", ""buy_1th_pre_req_pre"": ""0"", ""buy_2th_pre_bid"": ""-587000"", ""buy_2th_pre_req"": ""45"", ""buy_2th_pre_req_pre"": ""0"", ""buy_3th_pre_bid"": ""-586000"", ""buy_3th_pre_req"": ""165"", ""buy_3th_pre_req_pre"": ""0"", ""buy_4th_pre_bid"": ""-585000"", ""buy_4th_pre_req"": ""125"", ""buy_4th_pre_req_pre"": ""0"", ""buy_5th_pre_bid"": ""-584000"", ""buy_5th_pre_req"": ""34"", ""buy_5th_pre_req_pre"": ""0"", ""buy_6th_pre_bid"": ""-583000"", ""buy_6th_pre_req"": ""17"", ""buy_6th_pre_req_pre"": ""0"", ""buy_7th_pre_bid"": ""-582000"", ""buy_7th_pre_req"": ""22"", ""buy_7th_pre_req_pre"": ""0"", ""buy_8th_pre_bid"": ""-581000"", ""buy_8th_pre_req"": ""113"", ""buy_8th_pre_req_pre"": ""0"", ""buy_9th_pre_bid"": ""-580000"", ""buy_9th_pre_req"": ""45"", ""buy_9th_pre_req_pre"": ""0"", ""buy_10th_pre_bid"": ""-579000"", ""buy_10th_pre_req"": ""14"", ""buy_10th_pre_req_pre"": ""0"", ""tot_sel_req_jub_pre"": ""+5"", ""tot_sel_req"": ""1330"", ""tot_buy_req"": ""744"", ""tot_buy_req_jub_pre"": ""0"", ""ovt_sel_req_pre"": ""0"", ""ovt_sel_req"": ""0"", ""ovt_buy_req"": ""0"", ""ovt_buy_req_pre"": ""0"", ""return_code"": 0, ""return_msg"": ""정상적으로 처리되었습니다""}"
2026-06-10,scan_candidate,066570,,0,main_scan,232000,,232000,231500,232000,233500,0.43103448275862066,0.21551724137931033,,,,,,"{""bid_req_base_tm"": ""100408"", ""sel_10th_pre_req_pre"": ""0"", ""sel_10th_pre_req"": ""816"", ""sel_10th_pre_bid"": ""-236500"", ""sel_9th_pre_req_pre"": ""0"", ""sel_9th_pre_req"": ""2929"", ""sel_9th_pre_bid"": ""-236000"", ""sel_8th_pre_req_pre"": ""0"", ""sel_8th_pre_req"": ""2016"", ""sel_8th_pre_bid"": ""-235500"", ""sel_7th_pre_req_pre"": ""0"", ""sel_7th_pre_req"": ""2877"", ""sel_7th_pre_bid"": ""-235000"", ""sel_6th_pre_req_pre"": ""0"", ""sel_6th_pre_req"": ""893"", ""sel_6th_pre_bid"": ""-234500"", ""sel_5th_pre_req_pre"": ""0"", ""sel_5th_pre_req"": ""536"", ""sel_5th_pre_bid"": ""-234000"", ""sel_4th_pre_req_pre"": ""0"", ""sel_4th_pre_req"": ""1696"", ""sel_4th_pre_bid"": ""-233500"", ""sel_3th_pre_req_pre"": ""0"", ""sel_3th_pre_req"": ""2133"", ""sel_3th_pre_bid"": ""-233000"", ""sel_2th_pre_req_pre"": ""0"", ""sel_2th_pre_req"": ""1649"", ""sel_2th_pre_bid"": ""-232500"", ""sel_1th_pre_req_pre"": ""+5"", ""sel_fpr_req"": ""2946"", ""sel_fpr_bid"": ""-232000"", ""buy_fpr_bid"": ""-231500"", ""buy_fpr_req"": ""3459"", ""buy_1th_pre_req_pre"": ""0"", ""buy_2th_pre_bid"": ""-231000"", ""buy_2th_pre_req"": ""9275"", ""buy_2th_pre_req_pre"": ""0"", ""buy_3th_pre_bid"": ""-230500"", ""buy_3th_pre_req"": ""8501"", ""buy_3th_pre_req_pre"": ""0"", ""buy_4th_pre_bid"": ""-230000"", ""buy_4th_pre_req"": ""34118"", ""buy_4th_pre_req_pre"": ""+2"", ""buy_5th_pre_bid"": ""-229500"", ""buy_5th_pre_req"": ""4427"", ""buy_5th_pre_req_pre"": ""0"", ""buy_6th_pre_bid"": ""-229000"", ""buy_6th_pre_req"": ""7694"", ""buy_6th_pre_req_pre"": ""0"", ""buy_7th_pre_bid"": ""-228500"", ""buy_7th_pre_req"": ""7243"", ""buy_7th_pre_req_pre"": ""0"", ""buy_8th_pre_bid"": ""-228000"", ""buy_8th_pre_req"": ""12611"", ""buy_8th_pre_req_pre"": ""0"", ""buy_9th_pre_bid"": ""-227500"", ""buy_9th_pre_req"": ""3981"", ""buy_9th_pre_req_pre"": ""0"", ""buy_10th_pre_bid"": ""-227000"", ""buy_10th_pre_req"": ""5690"", ""buy_10th_pre_req_pre"": ""0"", ""tot_sel_req_jub_pre"": ""+5"", ""tot_sel_req"": ""18491"", ""tot_buy_req"": ""96999"", ""tot_buy_req_jub_pre"": ""+2"", ""ovt_sel_req_pre"": ""0"", ""ovt_sel_req"": ""0"", ""ovt_buy_req"": ""0"", ""ovt_buy_req_pre"": ""0"", ""return_code"": 0, ""return_msg"": ""정상적으로 처리되었습니다""}"
2026-06-10,scan_candidate,035420,,0,main_scan,237000,,237000,236500,237000,238000,0.21097046413502107,0.21097046413502107,,,,,,"{""bid_req_base_tm"": ""100408"", ""sel_10th_pre_req_pre"": ""0"", ""sel_10th_pre_req"": ""2292"", ""sel_10th_pre_bid"": ""-241500"", ""sel_9th_pre_req_pre"": ""0"", ""sel_9th_pre_req"": ""2091"", ""sel_9th_pre_bid"": ""-241000"", ""sel_8th_pre_req_pre"": ""0"", ""sel_8th_pre_req"": ""2033"", ""sel_8th_pre_bid"": ""-240500"", ""sel_7th_pre_req_pre"": ""0"", ""sel_7th_pre_req"": ""3580"", ""sel_7th_pre_bid"": ""-240000"", ""sel_6th_pre_req_pre"": ""0"", ""sel_6th_pre_req"": ""2040"", ""sel_6th_pre_bid"": ""-239500"", ""sel_5th_pre_req_pre"": ""0"", ""sel_5th_pre_req"": ""2419"", ""sel_5th_pre_bid"": ""-239000"", ""sel_4th_pre_req_pre"": ""0"", ""sel_4th_pre_req"": ""767"", ""sel_4th_pre_bid"": ""-238500"", ""sel_3th_pre_req_pre"": ""0"", ""sel_3th_pre_req"": ""2837"", ""sel_3th_pre_bid"": ""-238000"", ""sel_2th_pre_req_pre"": ""0"", ""sel_2th_pre_req"": ""1724"", ""sel_2th_pre_bid"": ""-237500"", ""sel_1th_pre_req_pre"": ""--1"", ""sel_fpr_req"": ""4030"", ""sel_fpr_bid"": ""-237000"", ""buy_fpr_bid"": ""-236500"", ""buy_fpr_req"": ""5790"", ""buy_1th_pre_req_pre"": ""0"", ""buy_2th_pre_bid"": ""-236000"", ""buy_2th_pre_req"": ""8404"", ""buy_2th_pre_req_pre"": ""0"", ""buy_3th_pre_bid"": ""-235500"", ""buy_3th_pre_req"": ""8534"", ""buy_3th_pre_req_pre"": ""0"", ""buy_4th_pre_bid"": ""-235000"", ""buy_4th_pre_req"": ""20549"", ""buy_4th_pre_req_pre"": ""0"", ""buy_5th_pre_bid"": ""-234500"", ""buy_5th_pre_req"": ""53103"", ""buy_5th_pre_req_pre"": ""0"", ""buy_6th_pre_bid"": ""-234000"", ""buy_6th_pre_req"": ""7530"", ""buy_6th_pre_req_pre"": ""0"", ""buy_7th_pre_bid"": ""-233500"", ""buy_7th_pre_req"": ""5511"", ""buy_7th_pre_req_pre"": ""+1"", ""buy_8th_pre_bid"": ""-233000"", ""buy_8th_pre_req"": ""9749"", ""buy_8th_pre_req_pre"": ""0"", ""buy_9th_pre_bid"": ""-232500"", ""buy_9th_pre_req"": ""6000"", ""buy_9th_pre_req_pre"": ""0"", ""buy_10th_pre_bid"": ""-232000"", ""buy_10th_pre_req"": ""10483"", ""buy_10th_pre_req_pre"": ""0"", ""tot_sel_req_jub_pre"": ""--1"", ""tot_sel_req"": ""23813"", ""tot_buy_req"": ""135653"", ""tot_buy_req_jub_pre"": ""+1"", ""ovt_sel_req_pre"": ""0"", ""ovt_sel_req"": ""0"", ""ovt_buy_req"": ""0"", ""ovt_buy_req_pre"": ""0"", ""return_code"": 0, ""return_msg"": ""정상적으로 처리되었습니다""}"
2026-06-10,scan_candidate,267260,,0,main_scan,1006000,,1006000,1004000,1006000,1002000,-0.4970178926441352,0.19880715705765406,,,,,,"{""bid_req_base_tm"": ""100408"", ""sel_10th_pre_req_pre"": ""0"", ""sel_10th_pre_req"": ""58"", ""sel_10th_pre_bid"": ""+1015000"", ""sel_9th_pre_req_pre"": ""0"", ""sel_9th_pre_req"": ""56"", ""sel_9th_pre_bid"": ""+1014000"", ""sel_8th_pre_req_pre"": ""0"", ""sel_8th_pre_req"": ""197"", ""sel_8th_pre_bid"": ""+1013000"", ""sel_7th_pre_req_pre"": ""0"", ""sel_7th_pre_req"": ""34"", ""sel_7th_pre_bid"": ""+1012000"", ""sel_6th_pre_req_pre"": ""0"", ""sel_6th_pre_req"": ""25"", ""sel_6th_pre_bid"": ""+1011000"", ""sel_5th_pre_req_pre"": ""--2"", ""sel_5th_pre_req"": ""85"", ""sel_5th_pre_bid"": ""+1010000"", ""sel_4th_pre_req_pre"": ""0"", ""sel_4th_pre_req"": ""11"", ""sel_4th_pre_bid"": ""+1009000"", ""sel_3th_pre_req_pre"": ""0"", ""sel_3th_pre_req"": ""33"", ""sel_3th_pre_bid"": ""+1008000"", ""sel_2th_pre_req_pre"": ""0"", ""sel_2th_pre_req"": ""72"", ""sel_2th_pre_bid"": ""+1007000"", ""sel_1th_pre_req_pre"": ""0"", ""sel_fpr_req"": ""29"", ""sel_fpr_bid"": ""+1006000"", ""buy_fpr_bid"": ""+1004000"", ""buy_fpr_req"": ""137"", ""buy_1th_pre_req_pre"": ""0"", ""buy_2th_pre_bid"": ""+1003000"", ""buy_2th_pre_req"": ""194"", ""buy_2th_pre_req_pre"": ""0"", ""buy_3th_pre_bid"": ""+999000"", ""buy_3th_pre_req"": ""6"", ""buy_3th_pre_req_pre"": ""0"", ""buy_4th_pre_bid"": ""+998000"", ""buy_4th_pre_req"": ""21"", ""buy_4th_pre_req_pre"": ""0"", ""buy_5th_pre_bid"": ""+997000"", ""buy_5th_pre_req"": ""8"", ""buy_5th_pre_req_pre"": ""0"", ""buy_6th_pre_bid"": ""+996000"", ""buy_6th_pre_req"": ""6"", ""buy_6th_pre_req_pre"": ""0"", ""buy_7th_pre_bid"": ""+995000"", ""buy_7th_pre_req"": ""18"", ""buy_7th_pre_req_pre"": ""0"", ""buy_8th_pre_bid"": ""+994000"", ""buy_8th_pre_req"": ""14"", ""buy_8th_pre_req_pre"": ""0"", ""buy_9th_pre_bid"": ""+993000"", ""buy_9th_pre_req"": ""12"", ""buy_9th_pre_req_pre"": ""0"", ""buy_10th_pre_bid"": ""+992000"", ""buy_10th_pre_req"": ""7"", ""buy_10th_pre_req_pre"": ""0"", ""tot_sel_req_jub_pre"": ""--97"", ""tot_sel_req"": ""600"", ""tot_buy_req"": ""423"", ""tot_buy_req_jub_pre"": ""0"", ""ovt_sel_req_pre"": ""0"", ""ovt_sel_req"": ""0"", ""ovt_buy_req"": ""0"", ""ovt_buy_req_pre"": ""0"", ""return_code"": 0, ""return_msg"": ""정상적으로 처리되었습니다""}"
2026-06-10,scan_candidate,086790,,0,main_scan,119800,,119800,119700,119800,119500,-0.667779632721202,0.08347245409015025,,,,,,"{""bid_req_base_tm"": ""100407"", ""sel_10th_pre_req_pre"": ""0"", ""sel_10th_pre_req"": ""507"", ""sel_10th_pre_bid"": ""+120700"", ""sel_9th_pre_req_pre"": ""0"", ""sel_9th_pre_req"": ""1006"", ""sel_9th_pre_bid"": ""+120600"", ""sel_8th_pre_req_pre"": ""0"", ""sel_8th_pre_req"": ""425"", ""sel_8th_pre_bid"": ""+120500"", ""sel_7th_pre_req_pre"": ""0"", ""sel_7th_pre_req"": ""1150"", ""sel_7th_pre_bid"": ""+120400"", ""sel_6th_pre_req_pre"": ""0"", ""sel_6th_pre_req"": ""192"", ""sel_6th_pre_bid"": ""+120300"", ""sel_5th_pre_req_pre"": ""0"", ""sel_5th_pre_req"": ""190"", ""sel_5th_pre_bid"": ""+120200"", ""sel_4th_pre_req_pre"": ""0"", ""sel_4th_pre_req"": ""7"", ""sel_4th_pre_bid"": ""+120100"", ""sel_3th_pre_req_pre"": ""0"", ""sel_3th_pre_req"": ""18"", ""sel_3th_pre_bid"": ""+120000"", ""sel_2th_pre_req_pre"": ""0"", ""sel_2th_pre_req"": ""257"", ""sel_2th_pre_bid"": ""+119900"", ""sel_1th_pre_req_pre"": ""0"", ""sel_fpr_req"": ""141"", ""sel_fpr_bid"": ""+119800"", ""buy_fpr_bid"": ""+119700"", ""buy_fpr_req"": ""2"", ""buy_1th_pre_req_pre"": ""0"", ""buy_2th_pre_bid"": ""+119600"", ""buy_2th_pre_req"": ""475"", ""buy_2th_pre_req_pre"": ""--12"", ""buy_3th_pre_bid"": ""+119500"", ""buy_3th_pre_req"": ""2222"", ""buy_3th_pre_req_pre"": ""0"", ""buy_4th_pre_bid"": ""+119300"", ""buy_4th_pre_req"": ""3"", ""buy_4th_pre_req_pre"": ""0"", ""buy_5th_pre_bid"": ""+119200"", ""buy_5th_pre_req"": ""52"", ""buy_5th_pre_req_pre"": ""0"", ""buy_6th_pre_bid"": ""+119100"", ""buy_6th_pre_req"": ""21"", ""buy_6th_pre_req_pre"": ""0"", ""buy_7th_pre_bid"": ""119000"", ""buy_7th_pre_req"": ""532"", ""buy_7th_pre_req_pre"": ""0"", ""buy_8th_pre_bid"": ""-118900"", ""buy_8th_pre_req"": ""8"", ""buy_8th_pre_req_pre"": ""0"", ""buy_9th_pre_bid"": ""-118800"", ""buy_9th_pre_req"": ""53"", ""buy_9th_pre_req_pre"": ""0"", ""buy_10th_pre_bid"": ""-118700"", ""buy_10th_pre_req"": ""35"", ""buy_10th_pre_req_pre"": ""0"", ""tot_sel_req_jub_pre"": ""0"", ""tot_sel_req"": ""3893"", ""tot_buy_req"": ""3403"", ""tot_buy_req_jub_pre"": ""--12"", ""ovt_sel_req_pre"": ""0"", ""ovt_sel_req"": ""0"", ""ovt_buy_req"": ""0"", ""ovt_buy_req_pre"": ""0"", ""return_code"": 0, ""return_msg"": ""정상적으로 처리되었습니다""}"
2026-06-10,scan_candidate,000810,,0,main_scan,621000,,621000,620000,621000,617000,-0.8051529790660225,0.1610305958132045,,,,,,"{""bid_req_base_tm"": ""100408"", ""sel_10th_pre_req_pre"": ""0"", ""sel_10th_pre_req"": ""39"", ""sel_10th_pre_bid"": ""-630000"", ""sel_9th_pre_req_pre"": ""0"", ""sel_9th_pre_req"": ""37"", ""sel_9th_pre_bid"": ""-629000"", ""sel_8th_pre_req_pre"": ""0"", ""sel_8th_pre_req"": ""23"", ""sel_8th_pre_bid"": ""-628000"", ""sel_7th_pre_req_pre"": ""0"", ""sel_7th_pre_req"": ""6"", ""sel_7th_pre_bid"": ""-627000"", ""sel_6th_pre_req_pre"": ""0"", ""sel_6th_pre_req"": ""17"", ""sel_6th_pre_bid"": ""-626000"", ""sel_5th_pre_req_pre"": ""0"", ""sel_5th_pre_req"": ""7"", ""sel_5th_pre_bid"": ""-625000"", ""sel_4th_pre_req_pre"": ""0"", ""sel_4th_pre_req"": ""10"", ""sel_4th_pre_bid"": ""-624000"", ""sel_3th_pre_req_pre"": ""0"", ""sel_3th_pre_req"": ""218"", ""sel_3th_pre_bid"": ""-623000"", ""sel_2th_pre_req_pre"": ""0"", ""sel_2th_pre_req"": ""23"", ""sel_2th_pre_bid"": ""-622000"", ""sel_1th_pre_req_pre"": ""0"", ""sel_fpr_req"": ""122"", ""sel_fpr_bid"": ""-621000"", ""buy_fpr_bid"": ""-620000"", ""buy_fpr_req"": ""18"", ""buy_1th_pre_req_pre"": ""0"", ""buy_2th_pre_bid"": ""-619000"", ""buy_2th_pre_req"": ""36"", ""buy_2th_pre_req_pre"": ""+20"", ""buy_3th_pre_bid"": ""-618000"", ""buy_3th_pre_req"": ""35"", ""buy_3th_pre_req_pre"": ""0"", ""buy_4th_pre_bid"": ""-617000"", ""buy_4th_pre_req"": ""8"", ""buy_4th_pre_req_pre"": ""0"", ""buy_5th_pre_bid"": ""-616000"", ""buy_5th_pre_req"": ""5"", ""buy_5th_pre_req_pre"": ""0"", ""buy_6th_pre_bid"": ""-615000"", ""buy_6th_pre_req"": ""79"", ""buy_6th_pre_req_pre"": ""0"", ""buy_7th_pre_bid"": ""-614000"", ""buy_7th_pre_req"": ""9"", ""buy_7th_pre_req_pre"": ""0"", ""buy_8th_pre_bid"": ""-613000"", ""buy_8th_pre_req"": ""14"", ""buy_8th_pre_req_pre"": ""0"", ""buy_9th_pre_bid"": ""-612000"", ""buy_9th_pre_req"": ""10"", ""buy_9th_pre_req_pre"": ""0"", ""buy_10th_pre_bid"": ""-611000"", ""buy_10th_pre_req"": ""4"", ""buy_10th_pre_req_pre"": ""0"", ""tot_sel_req_jub_pre"": ""0"", ""tot_sel_req"": ""502"", ""tot_buy_req"": ""218"", ""tot_buy_req_jub_pre"": ""+20"", ""ovt_sel_req_pre"": ""0"", ""ovt_sel_req"": ""0"", ""ovt_buy_req"": ""0"", ""ovt_buy_req_pre"": ""0"", ""return_code"": 0, ""return_msg"": ""정상적으로 처리되었습니다""}"
2026-06-10,scan_candidate,011070,,0,main_scan,1067000,,1067000,1066000,1067000,1070000,0.18744142455482662,0.09372071227741331,,,,,,"{""bid_req_base_tm"": ""100409"", ""sel_10th_pre_req_pre"": ""0"", ""sel_10th_pre_req"": ""3"", ""sel_10th_pre_bid"": ""-1077000"", ""sel_9th_pre_req_pre"": ""0"", ""sel_9th_pre_req"": ""29"", ""sel_9th_pre_bid"": ""-1076000"", ""sel_8th_pre_req_pre"": ""0"", ""sel_8th_pre_req"": ""102"", ""sel_8th_pre_bid"": ""-1075000"", ""sel_7th_pre_req_pre"": ""0"", ""sel_7th_pre_req"": ""20"", ""sel_7th_pre_bid"": ""-1074000"", ""sel_6th_pre_req_pre"": ""0"", ""sel_6th_pre_req"": ""23"", ""sel_6th_pre_bid"": ""-1073000"", ""sel_5th_pre_req_pre"": ""0"", ""sel_5th_pre_req"": ""3"", ""sel_5th_pre_bid"": ""-1072000"", ""sel_4th_pre_req_pre"": ""0"", ""sel_4th_pre_req"": ""1"", ""sel_4th_pre_bid"": ""-1070000"", ""sel_3th_pre_req_pre"": ""0"", ""sel_3th_pre_req"": ""34"", ""sel_3th_pre_bid"": ""-1069000"", ""sel_2th_pre_req_pre"": ""0"", ""sel_2th_pre_req"": ""165"", ""sel_2th_pre_bid"": ""-1068000"", ""sel_1th_pre_req_pre"": ""0"", ""sel_fpr_req"": ""4"", ""sel_fpr_bid"": ""-1067000"", ""buy_fpr_bid"": ""-1066000"", ""buy_fpr_req"": ""155"", ""buy_1th_pre_req_pre"": ""0"", ""buy_2th_pre_bid"": ""-1065000"", ""buy_2th_pre_req"": ""85"", ""buy_2th_pre_req_pre"": ""0"", ""buy_3th_pre_bid"": ""-1064000"", ""buy_3th_pre_req"": ""138"", ""buy_3th_pre_req_pre"": ""0"", ""buy_4th_pre_bid"": ""-1063000"", ""buy_4th_pre_req"": ""609"", ""buy_4th_pre_req_pre"": ""0"", ""buy_5th_pre_bid"": ""-1062000"", ""buy_5th_pre_req"": ""559"", ""buy_5th_pre_req_pre"": ""0"", ""buy_6th_pre_bid"": ""-1061000"", ""buy_6th_pre_req"": ""202"", ""buy_6th_pre_req_pre"": ""0"", ""buy_7th_pre_bid"": ""-1060000"", ""buy_7th_pre_req"": ""737"", ""buy_7th_pre_req_pre"": ""0"", ""buy_8th_pre_bid"": ""-1059000"", ""buy_8th_pre_req"": ""74"", ""buy_8th_pre_req_pre"": ""0"", ""buy_9th_pre_bid"": ""-1058000"", ""buy_9th_pre_req"": ""126"", ""buy_9th_pre_req_pre"": ""0"", ""buy_10th_pre_bid"": ""-1057000"", ""buy_10th_pre_req"": ""172"", ""buy_10th_pre_req_pre"": ""0"", ""tot_sel_req_jub_pre"": ""--11"", ""tot_sel_req"": ""384"", ""tot_buy_req"": ""2857"", ""tot_buy_req_jub_pre"": ""+84"", ""ovt_sel_req_pre"": ""0"", ""ovt_sel_req"": ""0"", ""ovt_buy_req"": ""0"", ""ovt_buy_req_pre"": ""0"", ""return_code"": 0, ""return_msg"": ""정상적으로 처리되었습니다""}"
2026-06-10,scan_candidate,042700,,0,main_scan,285500,,285500,285000,285500,285000,-0.3502626970227671,0.17513134851138354,,,,,,"{""bid_req_base_tm"": ""100409"", ""sel_10th_pre_req_pre"": ""0"", ""sel_10th_pre_req"": ""1407"", ""sel_10th_pre_bid"": ""+290000"", ""sel_9th_pre_req_pre"": ""0"", ""sel_9th_pre_req"": ""297"", ""sel_9th_pre_bid"": ""+289500"", ""sel_8th_pre_req_pre"": ""0"", ""sel_8th_pre_req"": ""277"", ""sel_8th_pre_bid"": ""+289000"", ""sel_7th_pre_req_pre"": ""0"", ""sel_7th_pre_req"": ""76"", ""sel_7th_pre_bid"": ""+288500"", ""sel_6th_pre_req_pre"": ""0"", ""sel_6th_pre_req"": ""217"", ""sel_6th_pre_bid"": ""+288000"", ""sel_5th_pre_req_pre"": ""0"", ""sel_5th_pre_req"": ""430"", ""sel_5th_pre_bid"": ""+287500"", ""sel_4th_pre_req_pre"": ""0"", ""sel_4th_pre_req"": ""343"", ""sel_4th_pre_bid"": ""+287000"", ""sel_3th_pre_req_pre"": ""0"", ""sel_3th_pre_req"": ""126"", ""sel_3th_pre_bid"": ""+286500"", ""sel_2th_pre_req_pre"": ""0"", ""sel_2th_pre_req"": ""634"", ""sel_2th_pre_bid"": ""+286000"", ""sel_1th_pre_req_pre"": ""--23"", ""sel_fpr_req"": ""349"", ""sel_fpr_bid"": ""+285500"", ""buy_fpr_bid"": ""+285000"", ""buy_fpr_req"": ""192"", ""buy_1th_pre_req_pre"": ""0"", ""buy_2th_pre_bid"": ""+284500"", ""buy_2th_pre_req"": ""127"", ""buy_2th_pre_req_pre"": ""0"", ""buy_3th_pre_bid"": ""+284000"", ""buy_3th_pre_req"": ""131"", ""buy_3th_pre_req_pre"": ""0"", ""buy_4th_pre_bid"": ""+283500"", ""buy_4th_pre_req"": ""66"", ""buy_4th_pre_req_pre"": ""0"", ""buy_5th_pre_bid"": ""+283000"", ""buy_5th_pre_req"": ""494"", ""buy_5th_pre_req_pre"": ""0"", ""buy_6th_pre_bid"": ""+282500"", ""buy_6th_pre_req"": ""473"", ""buy_6th_pre_req_pre"": ""0"", ""buy_7th_pre_bid"": ""+282000"", ""buy_7th_pre_req"": ""375"", ""buy_7th_pre_req_pre"": ""0"", ""buy_8th_pre_bid"": ""+281500"", ""buy_8th_pre_req"": ""410"", ""buy_8th_pre_req_pre"": ""0"", ""buy_9th_pre_bid"": ""+281000"", ""buy_9th_pre_req"": ""449"", ""buy_9th_pre_req_pre"": ""0"", ""buy_10th_pre_bid"": ""+280500"", ""buy_10th_pre_req"": ""965"", ""buy_10th_pre_req_pre"": ""0"", ""tot_sel_req_jub_pre"": ""--23"", ""tot_sel_req"": ""4156"", ""tot_buy_req"": ""3682"", ""tot_buy_req_jub_pre"": ""0"", ""ovt_sel_req_pre"": ""0"", ""ovt_sel_req"": ""0"", ""ovt_buy_req"": ""0"", ""ovt_buy_req_pre"": ""0"", ""return_code"": 0, ""return_msg"": ""정상적으로 처리되었습니다""}"
2026-06-10,scan_candidate,017670,,0,main_scan,106700,,106700,106600,106700,106500,-0.6560449859418931,0.09372071227741331,,,,,,"{""bid_req_base_tm"": ""100409"", ""sel_10th_pre_req_pre"": ""0"", ""sel_10th_pre_req"": ""408"", ""sel_10th_pre_bid"": ""-107700"", ""sel_9th_pre_req_pre"": ""0"", ""sel_9th_pre_req"": ""342"", ""sel_9th_pre_bid"": ""-107600"", ""sel_8th_pre_req_pre"": ""0"", ""sel_8th_pre_req"": ""630"", ""sel_8th_pre_bid"": ""-107500"", ""sel_7th_pre_req_pre"": ""0"", ""sel_7th_pre_req"": ""503"", ""sel_7th_pre_bid"": ""-107400"", ""sel_6th_pre_req_pre"": ""0"", ""sel_6th_pre_req"": ""667"", ""sel_6th_pre_bid"": ""-107300"", ""sel_5th_pre_req_pre"": ""0"", ""sel_5th_pre_req"": ""326"", ""sel_5th_pre_bid"": ""-107200"", ""sel_4th_pre_req_pre"": ""0"", ""sel_4th_pre_req"": ""131"", ""sel_4th_pre_bid"": ""-107100"", ""sel_3th_pre_req_pre"": ""0"", ""sel_3th_pre_req"": ""412"", ""sel_3th_pre_bid"": ""-107000"", ""sel_2th_pre_req_pre"": ""0"", ""sel_2th_pre_req"": ""509"", ""sel_2th_pre_bid"": ""-106900"", ""sel_1th_pre_req_pre"": ""0"", ""sel_fpr_req"": ""171"", ""sel_fpr_bid"": ""-106700"", ""buy_fpr_bid"": ""-106600"", ""buy_fpr_req"": ""602"", ""buy_1th_pre_req_pre"": ""+63"", ""buy_2th_pre_bid"": ""-106500"", ""buy_2th_pre_req"": ""1561"", ""buy_2th_pre_req_pre"": ""0"", ""buy_3th_pre_bid"": ""-106400"", ""buy_3th_pre_req"": ""221"", ""buy_3th_pre_req_pre"": ""0"", ""buy_4th_pre_bid"": ""-106300"", ""buy_4th_pre_req"": ""295"", ""buy_4th_pre_req_pre"": ""0"", ""buy_5th_pre_bid"": ""-106200"", ""buy_5th_pre_req"": ""389"", ""buy_5th_pre_req_pre"": ""0"", ""buy_6th_pre_bid"": ""-106100"", ""buy_6th_pre_req"": ""1243"", ""buy_6th_pre_req_pre"": ""0"", ""buy_7th_pre_bid"": ""-106000"", ""buy_7th_pre_req"": ""3229"", ""buy_7th_pre_req_pre"": ""0"", ""buy_8th_pre_bid"": ""-105900"", ""buy_8th_pre_req"": ""894"", ""buy_8th_pre_req_pre"": ""0"", ""buy_9th_pre_bid"": ""-105800"", ""buy_9th_pre_req"": ""803"", ""buy_9th_pre_req_pre"": ""0"", ""buy_10th_pre_bid"": ""-105700"", ""buy_10th_pre_req"": ""859"", ""buy_10th_pre_req_pre"": ""0"", ""tot_sel_req_jub_pre"": ""0"", ""tot_sel_req"": ""4099"", ""tot_buy_req"": ""10096"", ""tot_buy_req_jub_pre"": ""+63"", ""ovt_sel_req_pre"": ""0"", ""ovt_sel_req"": ""0"", ""ovt_buy_req"": ""0"", ""ovt_buy_req_pre"": ""0"", ""return_code"": 0, ""return_msg"": ""정상적으로 처리되었습니다""}"
2026-06-10,scan_candidate,316140,,0,main_scan,30250,,30250,30200,30250,30100,-0.6611570247933884,0.1652892561983471,,,,,,"{""bid_req_base_tm"": ""100408"", ""sel_10th_pre_req_pre"": ""0"", ""sel_10th_pre_req"": ""909"", ""sel_10th_pre_bid"": ""+30700"", ""sel_9th_pre_req_pre"": ""0"", ""sel_9th_pre_req"": ""354"", ""sel_9th_pre_bid"": ""+30650"", ""sel_8th_pre_req_pre"": ""0"", ""sel_8th_pre_req"": ""985"", ""sel_8th_pre_bid"": ""+30600"", ""sel_7th_pre_req_pre"": ""0"", ""sel_7th_pre_req"": ""523"", ""sel_7th_pre_bid"": ""+30550"", ""sel_6th_pre_req_pre"": ""0"", ""sel_6th_pre_req"": ""3734"", ""sel_6th_pre_bid"": ""+30500"", ""sel_5th_pre_req_pre"": ""0"", ""sel_5th_pre_req"": ""2055"", ""sel_5th_pre_bid"": ""+30450"", ""sel_4th_pre_req_pre"": ""0"", ""sel_4th_pre_req"": ""2733"", ""sel_4th_pre_bid"": ""+30400"", ""sel_3th_pre_req_pre"": ""0"", ""sel_3th_pre_req"": ""2335"", ""sel_3th_pre_bid"": ""+30350"", ""sel_2th_pre_req_pre"": ""0"", ""sel_2th_pre_req"": ""1902"", ""sel_2th_pre_bid"": ""+30300"", ""sel_1th_pre_req_pre"": ""0"", ""sel_fpr_req"": ""405"", ""sel_fpr_bid"": ""+30250"", ""buy_fpr_bid"": ""+30200"", ""buy_fpr_req"": ""357"", ""buy_1th_pre_req_pre"": ""0"", ""buy_2th_pre_bid"": ""+30150"", ""buy_2th_pre_req"": ""722"", ""buy_2th_pre_req_pre"": ""0"", ""buy_3th_pre_bid"": ""+30100"", ""buy_3th_pre_req"": ""300"", ""buy_3th_pre_req_pre"": ""0"", ""buy_4th_pre_bid"": ""+30050"", ""buy_4th_pre_req"": ""1267"", ""buy_4th_pre_req_pre"": ""0"", ""buy_5th_pre_bid"": ""30000"", ""buy_5th_pre_req"": ""2217"", ""buy_5th_pre_req_pre"": ""--1"", ""buy_6th_pre_bid"": ""-29950"", ""buy_6th_pre_req"": ""652"", ""buy_6th_pre_req_pre"": ""0"", ""buy_7th_pre_bid"": ""-29900"", ""buy_7th_pre_req"": ""1188"", ""buy_7th_pre_req_pre"": ""0"", ""buy_8th_pre_bid"": ""-29850"", ""buy_8th_pre_req"": ""666"", ""buy_8th_pre_req_pre"": ""0"", ""buy_9th_pre_bid"": ""-29800"", ""buy_9th_pre_req"": ""739"", ""buy_9th_pre_req_pre"": ""0"", ""buy_10th_pre_bid"": ""-29750"", ""buy_10th_pre_req"": ""469"", ""buy_10th_pre_req_pre"": ""0"", ""tot_sel_req_jub_pre"": ""0"", ""tot_sel_req"": ""15935"", ""tot_buy_req"": ""8577"", ""tot_buy_req_jub_pre"": ""--1"", ""ovt_sel_req_pre"": ""0"", ""ovt_sel_req"": ""0"", ""ovt_buy_req"": ""0"", ""ovt_buy_req_pre"": ""0"", ""return_code"": 0, ""return_msg"": ""정상적으로 처리되었습니다""}"
2026-06-10,scan_candidate,018260,,0,main_scan,235000,,235000,234500,235000,236000,0.2127659574468085,0.2127659574468085,,,,,,"{""bid_req_base_tm"": ""100409"", ""sel_10th_pre_req_pre"": ""0"", ""sel_10th_pre_req"": ""364"", ""sel_10th_pre_bid"": ""-239500"", ""sel_9th_pre_req_pre"": ""0"", ""sel_9th_pre_req"": ""105"", ""sel_9th_pre_bid"": ""-239000"", ""sel_8th_pre_req_pre"": ""0"", ""sel_8th_pre_req"": ""70"", ""sel_8th_pre_bid"": ""-238500"", ""sel_7th_pre_req_pre"": ""0"", ""sel_7th_pre_req"": ""184"", ""sel_7th_pre_bid"": ""-238000"", ""sel_6th_pre_req_pre"": ""0"", ""sel_6th_pre_req"": ""83"", ""sel_6th_pre_bid"": ""-237500"", ""sel_5th_pre_req_pre"": ""0"", ""sel_5th_pre_req"": ""47"", ""sel_5th_pre_bid"": ""-237000"", ""sel_4th_pre_req_pre"": ""0"", ""sel_4th_pre_req"": ""207"", ""sel_4th_pre_bid"": ""-236500"", ""sel_3th_pre_req_pre"": ""0"", ""sel_3th_pre_req"": ""164"", ""sel_3th_pre_bid"": ""-236000"", ""sel_2th_pre_req_pre"": ""0"", ""sel_2th_pre_req"": ""35"", ""sel_2th_pre_bid"": ""-235500"", ""sel_1th_pre_req_pre"": ""0"", ""sel_fpr_req"": ""316"", ""sel_fpr_bid"": ""-235000"", ""buy_fpr_bid"": ""-234500"", ""buy_fpr_req"": ""189"", ""buy_1th_pre_req_pre"": ""0"", ""buy_2th_pre_bid"": ""-234000"", ""buy_2th_pre_req"": ""179"", ""buy_2th_pre_req_pre"": ""0"", ""buy_3th_pre_bid"": ""-233500"", ""buy_3th_pre_req"": ""197"", ""buy_3th_pre_req_pre"": ""+1"", ""buy_4th_pre_bid"": ""-233000"", ""buy_4th_pre_req"": ""515"", ""buy_4th_pre_req_pre"": ""0"", ""buy_5th_pre_bid"": ""-232500"", ""buy_5th_pre_req"": ""1251"", ""buy_5th_pre_req_pre"": ""0"", ""buy_6th_pre_bid"": ""-232000"", ""buy_6th_pre_req"": ""1130"", ""buy_6th_pre_req_pre"": ""0"", ""buy_7th_pre_bid"": ""-231500"", ""buy_7th_pre_req"": ""1060"", ""buy_7th_pre_req_pre"": ""0"", ""buy_8th_pre_bid"": ""-231000"", ""buy_8th_pre_req"": ""2100"", ""buy_8th_pre_req_pre"": ""0"", ""buy_9th_pre_bid"": ""-230500"", ""buy_9th_pre_req"": ""1564"", ""buy_9th_pre_req_pre"": ""0"", ""buy_10th_pre_bid"": ""-230000"", ""buy_10th_pre_req"": ""3305"", ""buy_10th_pre_req_pre"": ""0"", ""tot_sel_req_jub_pre"": ""0"", ""tot_sel_req"": ""1575"", ""tot_buy_req"": ""11490"", ""tot_buy_req_jub_pre"": ""+1"", ""ovt_sel_req_pre"": ""0"", ""ovt_sel_req"": ""0"", ""ovt_buy_req"": ""0"", ""ovt_buy_req_pre"": ""0"", ""return_code"": 0, ""return_msg"": ""정상적으로 처리되었습니다""}"
2026-06-10,scan_candidate,033780,,0,main_scan,185500,,185500,185400,185500,185000,-0.5390835579514826,0.05390835579514825,,,,,,"{""bid_req_base_tm"": ""100409"", ""sel_10th_pre_req_pre"": ""0"", ""sel_10th_pre_req"": ""398"", ""sel_10th_pre_bid"": ""+186400"", ""sel_9th_pre_req_pre"": ""0"", ""sel_9th_pre_req"": ""17"", ""sel_9th_pre_bid"": ""+186300"", ""sel_8th_pre_req_pre"": ""0"", ""sel_8th_pre_req"": ""24"", ""sel_8th_pre_bid"": ""+186200"", ""sel_7th_pre_req_pre"": ""0"", ""sel_7th_pre_req"": ""156"", ""sel_7th_pre_bid"": ""+186100"", ""sel_6th_pre_req_pre"": ""0"", ""sel_6th_pre_req"": ""824"", ""sel_6th_pre_bid"": ""+186000"", ""sel_5th_pre_req_pre"": ""0"", ""sel_5th_pre_req"": ""158"", ""sel_5th_pre_bid"": ""+185900"", ""sel_4th_pre_req_pre"": ""0"", ""sel_4th_pre_req"": ""188"", ""sel_4th_pre_bid"": ""+185800"", ""sel_3th_pre_req_pre"": ""0"", ""sel_3th_pre_req"": ""141"", ""sel_3th_pre_bid"": ""+185700"", ""sel_2th_pre_req_pre"": ""0"", ""sel_2th_pre_req"": ""178"", ""sel_2th_pre_bid"": ""+185600"", ""sel_1th_pre_req_pre"": ""+47"", ""sel_fpr_req"": ""994"", ""sel_fpr_bid"": ""+185500"", ""buy_fpr_bid"": ""+185400"", ""buy_fpr_req"": ""1053"", ""buy_1th_pre_req_pre"": ""0"", ""buy_2th_pre_bid"": ""+185300"", ""buy_2th_pre_req"": ""46"", ""buy_2th_pre_req_pre"": ""0"", ""buy_3th_pre_bid"": ""+185200"", ""buy_3th_pre_req"": ""192"", ""buy_3th_pre_req_pre"": ""0"", ""buy_4th_pre_bid"": ""+185100"", ""buy_4th_pre_req"": ""21"", ""buy_4th_pre_req_pre"": ""0"", ""buy_5th_pre_bid"": ""+185000"", ""buy_5th_pre_req"": ""176"", ""buy_5th_pre_req_pre"": ""0"", ""buy_6th_pre_bid"": ""+184900"", ""buy_6th_pre_req"": ""367"", ""buy_6th_pre_req_pre"": ""0"", ""buy_7th_pre_bid"": ""+184800"", ""buy_7th_pre_req"": ""55"", ""buy_7th_pre_req_pre"": ""0"", ""buy_8th_pre_bid"": ""+184700"", ""buy_8th_pre_req"": ""80"", ""buy_8th_pre_req_pre"": ""0"", ""buy_9th_pre_bid"": ""+184600"", ""buy_9th_pre_req"": ""20"", ""buy_9th_pre_req_pre"": ""0"", ""buy_10th_pre_bid"": ""+184400"", ""buy_10th_pre_req"": ""78"", ""buy_10th_pre_req_pre"": ""0"", ""tot_sel_req_jub_pre"": ""+47"", ""tot_sel_req"": ""3078"", ""tot_buy_req"": ""2088"", ""tot_buy_req_jub_pre"": ""0"", ""ovt_sel_req_pre"": ""0"", ""ovt_sel_req"": ""0"", ""ovt_buy_req"": ""0"", ""ovt_buy_req_pre"": ""0"", ""return_code"": 0, ""return_msg"": ""정상적으로 처리되었습니다""}"
2026-06-10,scan_candidate,307950,,0,main_scan,710000,,710000,709000,710000,711000,0.0,0.14084507042253522,,,,,,"{""bid_req_base_tm"": ""100410"", ""sel_10th_pre_req_pre"": ""0"", ""sel_10th_pre_req"": ""51"", ""sel_10th_pre_bid"": ""+719000"", ""sel_9th_pre_req_pre"": ""0"", ""sel_9th_pre_req"": ""71"", ""sel_9th_pre_bid"": ""+718000"", ""sel_8th_pre_req_pre"": ""0"", ""sel_8th_pre_req"": ""34"", ""sel_8th_pre_bid"": ""+717000"", ""sel_7th_pre_req_pre"": ""0"", ""sel_7th_pre_req"": ""12"", ""sel_7th_pre_bid"": ""+716000"", ""sel_6th_pre_req_pre"": ""0"", ""sel_6th_pre_req"": ""56"", ""sel_6th_pre_bid"": ""+715000"", ""sel_5th_pre_req_pre"": ""0"", ""sel_5th_pre_req"": ""52"", ""sel_5th_pre_bid"": ""+714000"", ""sel_4th_pre_req_pre"": ""0"", ""sel_4th_pre_req"": ""52"", ""sel_4th_pre_bid"": ""+713000"", ""sel_3th_pre_req_pre"": ""0"", ""sel_3th_pre_req"": ""63"", ""sel_3th_pre_bid"": ""+712000"", ""sel_2th_pre_req_pre"": ""0"", ""sel_2th_pre_req"": ""76"", ""sel_2th_pre_bid"": ""+711000"", ""sel_1th_pre_req_pre"": ""0"", ""sel_fpr_req"": ""129"", ""sel_fpr_bid"": ""+710000"", ""buy_fpr_bid"": ""+709000"", ""buy_fpr_req"": ""206"", ""buy_1th_pre_req_pre"": ""0"", ""buy_2th_pre_bid"": ""+708000"", ""buy_2th_pre_req"": ""79"", ""buy_2th_pre_req_pre"": ""0"", ""buy_3th_pre_bid"": ""+707000"", ""buy_3th_pre_req"": ""9"", ""buy_3th_pre_req_pre"": ""0"", ""buy_4th_pre_bid"": ""+706000"", ""buy_4th_pre_req"": ""49"", ""buy_4th_pre_req_pre"": ""0"", ""buy_5th_pre_bid"": ""+705000"", ""buy_5th_pre_req"": ""77"", ""buy_5th_pre_req_pre"": ""0"", ""buy_6th_pre_bid"": ""+704000"", ""buy_6th_pre_req"": ""87"", ""buy_6th_pre_req_pre"": ""0"", ""buy_7th_pre_bid"": ""+703000"", ""buy_7th_pre_req"": ""120"", ""buy_7th_pre_req_pre"": ""0"", ""buy_8th_pre_bid"": ""+702000"", ""buy_8th_pre_req"": ""112"", ""buy_8th_pre_req_pre"": ""0"", ""buy_9th_pre_bid"": ""+701000"", ""buy_9th_pre_req"": ""216"", ""buy_9th_pre_req_pre"": ""0"", ""buy_10th_pre_bid"": ""+700000"", ""buy_10th_pre_req"": ""333"", ""buy_10th_pre_req_pre"": ""0"", ""tot_sel_req_jub_pre"": ""0"", ""tot_sel_req"": ""596"", ""tot_buy_req"": ""1288"", ""tot_buy_req_jub_pre"": ""0"", ""ovt_sel_req_pre"": ""0"", ""ovt_sel_req"": ""0"", ""ovt_buy_req"": ""0"", ""ovt_buy_req_pre"": ""0"", ""return_code"": 0, ""return_msg"": ""정상적으로 처리되었습니다""}"
2026-06-10,scan_candidate,138040,,0,main_scan,109900,,109900,109800,109900,109000,-1.2738853503184715,0.09099181073703368,,,,,,"{""bid_req_base_tm"": ""100406"", ""sel_10th_pre_req_pre"": ""0"", ""sel_10th_pre_req"": ""8003"", ""sel_10th_pre_bid"": ""+110800"", ""sel_9th_pre_req_pre"": ""0"", ""sel_9th_pre_req"": ""302"", ""sel_9th_pre_bid"": ""+110700"", ""sel_8th_pre_req_pre"": ""0"", ""sel_8th_pre_req"": ""656"", ""sel_8th_pre_bid"": ""+110600"", ""sel_7th_pre_req_pre"": ""0"", ""sel_7th_pre_req"": ""127"", ""sel_7th_pre_bid"": ""+110500"", ""sel_6th_pre_req_pre"": ""0"", ""sel_6th_pre_req"": ""61"", ""sel_6th_pre_bid"": ""+110400"", ""sel_5th_pre_req_pre"": ""0"", ""sel_5th_pre_req"": ""1009"", ""sel_5th_pre_bid"": ""+110300"", ""sel_4th_pre_req_pre"": ""0"", ""sel_4th_pre_req"": ""625"", ""sel_4th_pre_bid"": ""+110200"", ""sel_3th_pre_req_pre"": ""0"", ""sel_3th_pre_req"": ""521"", ""sel_3th_pre_bid"": ""+110100"", ""sel_2th_pre_req_pre"": ""0"", ""sel_2th_pre_req"": ""877"", ""sel_2th_pre_bid"": ""+110000"", ""sel_1th_pre_req_pre"": ""+1"", ""sel_fpr_req"": ""992"", ""sel_fpr_bid"": ""+109900"", ""buy_fpr_bid"": ""+109800"", ""buy_fpr_req"": ""637"", ""buy_1th_pre_req_pre"": ""0"", ""buy_2th_pre_bid"": ""+109700"", ""buy_2th_pre_req"": ""26"", ""buy_2th_pre_req_pre"": ""0"", ""buy_3th_pre_bid"": ""+109600"", ""buy_3th_pre_req"": ""156"", ""buy_3th_pre_req_pre"": ""0"", ""buy_4th_pre_bid"": ""+109500"", ""buy_4th_pre_req"": ""54"", ""buy_4th_pre_req_pre"": ""0"", ""buy_5th_pre_bid"": ""+109300"", ""buy_5th_pre_req"": ""366"", ""buy_5th_pre_req_pre"": ""0"", ""buy_6th_pre_bid"": ""+109200"", ""buy_6th_pre_req"": ""5"", ""buy_6th_pre_req_pre"": ""0"", ""buy_7th_pre_bid"": ""-109000"", ""buy_7th_pre_req"": ""26"", ""buy_7th_pre_req_pre"": ""0"", ""buy_8th_pre_bid"": ""-108900"", ""buy_8th_pre_req"": ""495"", ""buy_8th_pre_req_pre"": ""0"", ""buy_9th_pre_bid"": ""-108800"", ""buy_9th_pre_req"": ""310"", ""buy_9th_pre_req_pre"": ""0"", ""buy_10th_pre_bid"": ""-108700"", ""buy_10th_pre_req"": ""105"", ""buy_10th_pre_req_pre"": ""0"", ""tot_sel_req_jub_pre"": ""+1"", ""tot_sel_req"": ""13173"", ""tot_buy_req"": ""2180"", ""tot_buy_req_jub_pre"": ""0"", ""ovt_sel_req_pre"": ""0"", ""ovt_sel_req"": ""0"", ""ovt_buy_req"": ""0"", ""ovt_buy_req_pre"": ""0"", ""return_code"": 0, ""return_msg"": ""정상적으로 처리되었습니다""}"
2026-06-10,scan_candidate,003550,,0,main_scan,108900,,108900,108800,108900,108500,-0.8264462809917356,0.09182736455463728,,,,,,"{""bid_req_base_tm"": ""100410"", ""sel_10th_pre_req_pre"": ""0"", ""sel_10th_pre_req"": ""5"", ""sel_10th_pre_bid"": ""-109900"", ""sel_9th_pre_req_pre"": ""0"", ""sel_9th_pre_req"": ""23"", ""sel_9th_pre_bid"": ""-109800"", ""sel_8th_pre_req_pre"": ""0"", ""sel_8th_pre_req"": ""2"", ""sel_8th_pre_bid"": ""-109700"", ""sel_7th_pre_req_pre"": ""0"", ""sel_7th_pre_req"": ""593"", ""sel_7th_pre_bid"": ""-109600"", ""sel_6th_pre_req_pre"": ""0"", ""sel_6th_pre_req"": ""120"", ""sel_6th_pre_bid"": ""-109500"", ""sel_5th_pre_req_pre"": ""0"", ""sel_5th_pre_req"": ""16"", ""sel_5th_pre_bid"": ""-109400"", ""sel_4th_pre_req_pre"": ""0"", ""sel_4th_pre_req"": ""184"", ""sel_4th_pre_bid"": ""-109300"", ""sel_3th_pre_req_pre"": ""--89"", ""sel_3th_pre_req"": ""397"", ""sel_3th_pre_bid"": ""-109100"", ""sel_2th_pre_req_pre"": ""0"", ""sel_2th_pre_req"": ""10"", ""sel_2th_pre_bid"": ""-109000"", ""sel_1th_pre_req_pre"": ""+88"", ""sel_fpr_req"": ""89"", ""sel_fpr_bid"": ""-108900"", ""buy_fpr_bid"": ""-108800"", ""buy_fpr_req"": ""278"", ""buy_1th_pre_req_pre"": ""0"", ""buy_2th_pre_bid"": ""-108700"", ""buy_2th_pre_req"": ""94"", ""buy_2th_pre_req_pre"": ""0"", ""buy_3th_pre_bid"": ""-108600"", ""buy_3th_pre_req"": ""2"", ""buy_3th_pre_req_pre"": ""0"", ""buy_4th_pre_bid"": ""-108500"", ""buy_4th_pre_req"": ""27"", ""buy_4th_pre_req_pre"": ""0"", ""buy_5th_pre_bid"": ""-108400"", ""buy_5th_pre_req"": ""225"", ""buy_5th_pre_req_pre"": ""0"", ""buy_6th_pre_bid"": ""-108300"", ""buy_6th_pre_req"": ""207"", ""buy_6th_pre_req_pre"": ""0"", ""buy_7th_pre_bid"": ""-108200"", ""buy_7th_pre_req"": ""67"", ""buy_7th_pre_req_pre"": ""0"", ""buy_8th_pre_bid"": ""-108100"", ""buy_8th_pre_req"": ""253"", ""buy_8th_pre_req_pre"": ""0"", ""buy_9th_pre_bid"": ""-108000"", ""buy_9th_pre_req"": ""129"", ""buy_9th_pre_req_pre"": ""0"", ""buy_10th_pre_bid"": ""-107900"", ""buy_10th_pre_req"": ""163"", ""buy_10th_pre_req_pre"": ""0"", ""tot_sel_req_jub_pre"": ""--1"", ""tot_sel_req"": ""1439"", ""tot_buy_req"": ""1445"", ""tot_buy_req_jub_pre"": ""0"", ""ovt_sel_req_pre"": ""0"", ""ovt_sel_req"": ""0"", ""ovt_buy_req"": ""0"", ""ovt_buy_req_pre"": ""0"", ""return_code"": 0, ""return_msg"": ""정상적으로 처리되었습니다""}"
2026-06-10,scan_candidate,024110,,0,main_scan,21100,,21100,21050,21100,20900,-1.1848341232227488,0.23696682464454977,,,,,,"{""bid_req_base_tm"": ""100410"", ""sel_10th_pre_req_pre"": ""0"", ""sel_10th_pre_req"": ""2531"", ""sel_10th_pre_bid"": ""+21550"", ""sel_9th_pre_req_pre"": ""0"", ""sel_9th_pre_req"": ""7864"", ""sel_9th_pre_bid"": ""+21500"", ""sel_8th_pre_req_pre"": ""0"", ""sel_8th_pre_req"": ""3695"", ""sel_8th_pre_bid"": ""+21450"", ""sel_7th_pre_req_pre"": ""0"", ""sel_7th_pre_req"": ""10665"", ""sel_7th_pre_bid"": ""+21400"", ""sel_6th_pre_req_pre"": ""0"", ""sel_6th_pre_req"": ""4794"", ""sel_6th_pre_bid"": ""+21350"", ""sel_5th_pre_req_pre"": ""0"", ""sel_5th_pre_req"": ""9764"", ""sel_5th_pre_bid"": ""+21300"", ""sel_4th_pre_req_pre"": ""0"", ""sel_4th_pre_req"": ""11355"", ""sel_4th_pre_bid"": ""+21250"", ""sel_3th_pre_req_pre"": ""0"", ""sel_3th_pre_req"": ""11720"", ""sel_3th_pre_bid"": ""+21200"", ""sel_2th_pre_req_pre"": ""0"", ""sel_2th_pre_req"": ""8828"", ""sel_2th_pre_bid"": ""+21150"", ""sel_1th_pre_req_pre"": ""0"", ""sel_fpr_req"": ""6999"", ""sel_fpr_bid"": ""+21100"", ""buy_fpr_bid"": ""+21050"", ""buy_fpr_req"": ""3026"", ""buy_1th_pre_req_pre"": ""--1"", ""buy_2th_pre_bid"": ""+21000"", ""buy_2th_pre_req"": ""7149"", ""buy_2th_pre_req_pre"": ""0"", ""buy_3th_pre_bid"": ""+20950"", ""buy_3th_pre_req"": ""1207"", ""buy_3th_pre_req_pre"": ""0"", ""buy_4th_pre_bid"": ""+20900"", ""buy_4th_pre_req"": ""988"", ""buy_4th_pre_req_pre"": ""0"", ""buy_5th_pre_bid"": ""+20850"", ""buy_5th_pre_req"": ""480"", ""buy_5th_pre_req_pre"": ""0"", ""buy_6th_pre_bid"": ""+20800"", ""buy_6th_pre_req"": ""1334"", ""buy_6th_pre_req_pre"": ""0"", ""buy_7th_pre_bid"": ""+20750"", ""buy_7th_pre_req"": ""1234"", ""buy_7th_pre_req_pre"": ""0"", ""buy_8th_pre_bid"": ""+20700"", ""buy_8th_pre_req"": ""1930"", ""buy_8th_pre_req_pre"": ""0"", ""buy_9th_pre_bid"": ""+20650"", ""buy_9th_pre_req"": ""732"", ""buy_9th_pre_req_pre"": ""0"", ""buy_10th_pre_bid"": ""+20600"", ""buy_10th_pre_req"": ""2856"", ""buy_10th_pre_req_pre"": ""0"", ""tot_sel_req_jub_pre"": ""0"", ""tot_sel_req"": ""78215"", ""tot_buy_req"": ""20936"", ""tot_buy_req_jub_pre"": ""--1"", ""ovt_sel_req_pre"": ""0"", ""ovt_sel_req"": ""0"", ""ovt_buy_req"": ""0"", ""ovt_buy_req_pre"": ""0"", ""return_code"": 0, ""return_msg"": ""정상적으로 처리되었습니다""}"
2026-06-10,scan_candidate,079550,,0,main_scan,789000,,789000,787000,789000,786000,-0.5069708491761723,0.25348542458808615,,,,,,"{""bid_req_base_tm"": ""100410"", ""sel_10th_pre_req_pre"": ""0"", ""sel_10th_pre_req"": ""863"", ""sel_10th_pre_bid"": ""+798000"", ""sel_9th_pre_req_pre"": ""0"", ""sel_9th_pre_req"": ""537"", ""sel_9th_pre_bid"": ""+797000"", ""sel_8th_pre_req_pre"": ""0"", ""sel_8th_pre_req"": ""181"", ""sel_8th_pre_bid"": ""+796000"", ""sel_7th_pre_req_pre"": ""0"", ""sel_7th_pre_req"": ""2180"", ""sel_7th_pre_bid"": ""+795000"", ""sel_6th_pre_req_pre"": ""0"", ""sel_6th_pre_req"": ""456"", ""sel_6th_pre_bid"": ""+794000"", ""sel_5th_pre_req_pre"": ""0"", ""sel_5th_pre_req"": ""264"", ""sel_5th_pre_bid"": ""+793000"", ""sel_4th_pre_req_pre"": ""0"", ""sel_4th_pre_req"": ""34"", ""sel_4th_pre_bid"": ""+792000"", ""sel_3th_pre_req_pre"": ""0"", ""sel_3th_pre_req"": ""25"", ""sel_3th_pre_bid"": ""+791000"", ""sel_2th_pre_req_pre"": ""--9"", ""sel_2th_pre_req"": ""173"", ""sel_2th_pre_bid"": ""+790000"", ""sel_1th_pre_req_pre"": ""+29"", ""sel_fpr_req"": ""56"", ""sel_fpr_bid"": ""+789000"", ""buy_fpr_bid"": ""+787000"", ""buy_fpr_req"": ""37"", ""buy_1th_pre_req_pre"": ""0"", ""buy_2th_pre_bid"": ""+786000"", ""buy_2th_pre_req"": ""27"", ""buy_2th_pre_req_pre"": ""--140"", ""buy_3th_pre_bid"": ""+785000"", ""buy_3th_pre_req"": ""158"", ""buy_3th_pre_req_pre"": ""--59"", ""buy_4th_pre_bid"": ""+784000"", ""buy_4th_pre_req"": ""199"", ""buy_4th_pre_req_pre"": ""0"", ""buy_5th_pre_bid"": ""+783000"", ""buy_5th_pre_req"": ""33"", ""buy_5th_pre_req_pre"": ""0"", ""buy_6th_pre_bid"": ""+782000"", ""buy_6th_pre_req"": ""21"", ""buy_6th_pre_req_pre"": ""0"", ""buy_7th_pre_bid"": ""+781000"", ""buy_7th_pre_req"": ""22"", ""buy_7th_pre_req_pre"": ""0"", ""buy_8th_pre_bid"": ""+780000"", ""buy_8th_pre_req"": ""83"", ""buy_8th_pre_req_pre"": ""0"", ""buy_9th_pre_bid"": ""+779000"", ""buy_9th_pre_req"": ""22"", ""buy_9th_pre_req_pre"": ""0"", ""buy_10th_pre_bid"": ""+778000"", ""buy_10th_pre_req"": ""86"", ""buy_10th_pre_req_pre"": ""0"", ""tot_sel_req_jub_pre"": ""+20"", ""tot_sel_req"": ""4769"", ""tot_buy_req"": ""688"", ""tot_buy_req_jub_pre"": ""--60"", ""ovt_sel_req_pre"": ""0"", ""ovt_sel_req"": ""0"", ""ovt_buy_req"": ""0"", ""ovt_buy_req_pre"": ""0"", ""return_code"": 0, ""return_msg"": ""정상적으로 처리되었습니다""}"
2026-06-10,scan_candidate,278470,,0,main_scan,419500,,419500,419000,419500,417000,-0.7151370679380215,0.11918951132300357,,,,,,"{""bid_req_base_tm"": ""100411"", ""sel_10th_pre_req_pre"": ""0"", ""sel_10th_pre_req"": ""112"", ""sel_10th_pre_bid"": ""+424000"", ""sel_9th_pre_req_pre"": ""0"", ""sel_9th_pre_req"": ""173"", ""sel_9th_pre_bid"": ""+423500"", ""sel_8th_pre_req_pre"": ""0"", ""sel_8th_pre_req"": ""1733"", ""sel_8th_pre_bid"": ""+423000"", ""sel_7th_pre_req_pre"": ""0"", ""sel_7th_pre_req"": ""137"", ""sel_7th_pre_bid"": ""+422500"", ""sel_6th_pre_req_pre"": ""0"", ""sel_6th_pre_req"": ""435"", ""sel_6th_pre_bid"": ""+422000"", ""sel_5th_pre_req_pre"": ""0"", ""sel_5th_pre_req"": ""98"", ""sel_5th_pre_bid"": ""+421500"", ""sel_4th_pre_req_pre"": ""0"", ""sel_4th_pre_req"": ""403"", ""sel_4th_pre_bid"": ""+421000"", ""sel_3th_pre_req_pre"": ""0"", ""sel_3th_pre_req"": ""397"", ""sel_3th_pre_bid"": ""+420500"", ""sel_2th_pre_req_pre"": ""0"", ""sel_2th_pre_req"": ""2461"", ""sel_2th_pre_bid"": ""+420000"", ""sel_1th_pre_req_pre"": ""0"", ""sel_fpr_req"": ""519"", ""sel_fpr_bid"": ""+419500"", ""buy_fpr_bid"": ""+419000"", ""buy_fpr_req"": ""396"", ""buy_1th_pre_req_pre"": ""0"", ""buy_2th_pre_bid"": ""+418500"", ""buy_2th_pre_req"": ""71"", ""buy_2th_pre_req_pre"": ""0"", ""buy_3th_pre_bid"": ""+418000"", ""buy_3th_pre_req"": ""22"", ""buy_3th_pre_req_pre"": ""0"", ""buy_4th_pre_bid"": ""+417500"", ""buy_4th_pre_req"": ""46"", ""buy_4th_pre_req_pre"": ""0"", ""buy_5th_pre_bid"": ""+417000"", ""buy_5th_pre_req"": ""41"", ""buy_5th_pre_req_pre"": ""--100"", ""buy_6th_pre_bid"": ""+416500"", ""buy_6th_pre_req"": ""141"", ""buy_6th_pre_req_pre"": ""+100"", ""buy_7th_pre_bid"": ""+416000"", ""buy_7th_pre_req"": ""35"", ""buy_7th_pre_req_pre"": ""0"", ""buy_8th_pre_bid"": ""+415500"", ""buy_8th_pre_req"": ""119"", ""buy_8th_pre_req_pre"": ""0"", ""buy_9th_pre_bid"": ""+415000"", ""buy_9th_pre_req"": ""110"", ""buy_9th_pre_req_pre"": ""0"", ""buy_10th_pre_bid"": ""+414500"", ""buy_10th_pre_req"": ""294"", ""buy_10th_pre_req_pre"": ""0"", ""tot_sel_req_jub_pre"": ""0"", ""tot_sel_req"": ""6468"", ""tot_buy_req"": ""1275"", ""tot_buy_req_jub_pre"": ""0"", ""ovt_sel_req_pre"": ""0"", ""ovt_sel_req"": ""0"", ""ovt_buy_req"": ""0"", ""ovt_buy_req_pre"": ""0"", ""return_code"": 0, ""return_msg"": ""정상적으로 처리되었습니다""}"
2026-06-10,scan_candidate,030200,,0,main_scan,54700,,54700,54500,54700,54700,-0.18281535648994515,0.3656307129798903,,,,,,"{""bid_req_base_tm"": ""100411"", ""sel_10th_pre_req_pre"": ""0"", ""sel_10th_pre_req"": ""131"", ""sel_10th_pre_bid"": ""+55600"", ""sel_9th_pre_req_pre"": ""0"", ""sel_9th_pre_req"": ""680"", ""sel_9th_pre_bid"": ""+55500"", ""sel_8th_pre_req_pre"": ""0"", ""sel_8th_pre_req"": ""1078"", ""sel_8th_pre_bid"": ""+55400"", ""sel_7th_pre_req_pre"": ""0"", ""sel_7th_pre_req"": ""628"", ""sel_7th_pre_bid"": ""+55300"", ""sel_6th_pre_req_pre"": ""0"", ""sel_6th_pre_req"": ""545"", ""sel_6th_pre_bid"": ""+55200"", ""sel_5th_pre_req_pre"": ""0"", ""sel_5th_pre_req"": ""318"", ""sel_5th_pre_bid"": ""+55100"", ""sel_4th_pre_req_pre"": ""0"", ""sel_4th_pre_req"": ""3276"", ""sel_4th_pre_bid"": ""+55000"", ""sel_3th_pre_req_pre"": ""0"", ""sel_3th_pre_req"": ""1245"", ""sel_3th_pre_bid"": ""+54900"", ""sel_2th_pre_req_pre"": ""0"", ""sel_2th_pre_req"": ""52"", ""sel_2th_pre_bid"": ""+54800"", ""sel_1th_pre_req_pre"": ""0"", ""sel_fpr_req"": ""13"", ""sel_fpr_bid"": ""+54700"", ""buy_fpr_bid"": ""+54500"", ""buy_fpr_req"": ""539"", ""buy_1th_pre_req_pre"": ""0"", ""buy_2th_pre_bid"": ""+54400"", ""buy_2th_pre_req"": ""1226"", ""buy_2th_pre_req_pre"": ""0"", ""buy_3th_pre_bid"": ""+54300"", ""buy_3th_pre_req"": ""655"", ""buy_3th_pre_req_pre"": ""0"", ""buy_4th_pre_bid"": ""+54200"", ""buy_4th_pre_req"": ""1009"", ""buy_4th_pre_req_pre"": ""0"", ""buy_5th_pre_bid"": ""+54100"", ""buy_5th_pre_req"": ""291"", ""buy_5th_pre_req_pre"": ""0"", ""buy_6th_pre_bid"": ""+54000"", ""buy_6th_pre_req"": ""3649"", ""buy_6th_pre_req_pre"": ""0"", ""buy_7th_pre_bid"": ""+53900"", ""buy_7th_pre_req"": ""1014"", ""buy_7th_pre_req_pre"": ""0"", ""buy_8th_pre_bid"": ""53800"", ""buy_8th_pre_req"": ""585"", ""buy_8th_pre_req_pre"": ""0"", ""buy_9th_pre_bid"": ""-53700"", ""buy_9th_pre_req"": ""1086"", ""buy_9th_pre_req_pre"": ""0"", ""buy_10th_pre_bid"": ""-53600"", ""buy_10th_pre_req"": ""385"", ""buy_10th_pre_req_pre"": ""0"", ""tot_sel_req_jub_pre"": ""+130"", ""tot_sel_req"": ""7966"", ""tot_buy_req"": ""10439"", ""tot_buy_req_jub_pre"": ""0"", ""ovt_sel_req_pre"": ""0"", ""ovt_sel_req"": ""0"", ""ovt_buy_req"": ""0"", ""ovt_buy_req_pre"": ""0"", ""return_code"": 0, ""return_msg"": ""정상적으로 처리되었습니다""}"
2026-06-10,scan_candidate,010950,,0,main_scan,109900,,109900,109700,109900,110000,-0.3639672429481347,0.18198362147406735,,,,,,"{""bid_req_base_tm"": ""100411"", ""sel_10th_pre_req_pre"": ""0"", ""sel_10th_pre_req"": ""58"", ""sel_10th_pre_bid"": ""+111000"", ""sel_9th_pre_req_pre"": ""0"", ""sel_9th_pre_req"": ""1"", ""sel_9th_pre_bid"": ""110900"", ""sel_8th_pre_req_pre"": ""0"", ""sel_8th_pre_req"": ""13"", ""sel_8th_pre_bid"": ""-110800"", ""sel_7th_pre_req_pre"": ""0"", ""sel_7th_pre_req"": ""50"", ""sel_7th_pre_bid"": ""-110700"", ""sel_6th_pre_req_pre"": ""0"", ""sel_6th_pre_req"": ""10"", ""sel_6th_pre_bid"": ""-110600"", ""sel_5th_pre_req_pre"": ""0"", ""sel_5th_pre_req"": ""7"", ""sel_5th_pre_bid"": ""-110400"", ""sel_4th_pre_req_pre"": ""0"", ""sel_4th_pre_req"": ""17"", ""sel_4th_pre_bid"": ""-110200"", ""sel_3th_pre_req_pre"": ""0"", ""sel_3th_pre_req"": ""15"", ""sel_3th_pre_bid"": ""-110100"", ""sel_2th_pre_req_pre"": ""0"", ""sel_2th_pre_req"": ""103"", ""sel_2th_pre_bid"": ""-110000"", ""sel_1th_pre_req_pre"": ""0"", ""sel_fpr_req"": ""33"", ""sel_fpr_bid"": ""-109900"", ""buy_fpr_bid"": ""-109700"", ""buy_fpr_req"": ""63"", ""buy_1th_pre_req_pre"": ""0"", ""buy_2th_pre_bid"": ""-109600"", ""buy_2th_pre_req"": ""32"", ""buy_2th_pre_req_pre"": ""0"", ""buy_3th_pre_bid"": ""-109500"", ""buy_3th_pre_req"": ""43"", ""buy_3th_pre_req_pre"": ""0"", ""buy_4th_pre_bid"": ""-109400"", ""buy_4th_pre_req"": ""1101"", ""buy_4th_pre_req_pre"": ""0"", ""buy_5th_pre_bid"": ""-109300"", ""buy_5th_pre_req"": ""1121"", ""buy_5th_pre_req_pre"": ""0"", ""buy_6th_pre_bid"": ""-109200"", ""buy_6th_pre_req"": ""14"", ""buy_6th_pre_req_pre"": ""0"", ""buy_7th_pre_bid"": ""-109100"", ""buy_7th_pre_req"": ""82"", ""buy_7th_pre_req_pre"": ""0"", ""buy_8th_pre_bid"": ""-109000"", ""buy_8th_pre_req"": ""121"", ""buy_8th_pre_req_pre"": ""0"", ""buy_9th_pre_bid"": ""-108900"", ""buy_9th_pre_req"": ""160"", ""buy_9th_pre_req_pre"": ""0"", ""buy_10th_pre_bid"": ""-108800"", ""buy_10th_pre_req"": ""304"", ""buy_10th_pre_req_pre"": ""0"", ""tot_sel_req_jub_pre"": ""+51"", ""tot_sel_req"": ""307"", ""tot_buy_req"": ""3041"", ""tot_buy_req_jub_pre"": ""0"", ""ovt_sel_req_pre"": ""0"", ""ovt_sel_req"": ""0"", ""ovt_buy_req"": ""0"", ""ovt_buy_req_pre"": ""0"", ""return_code"": 0, ""return_msg"": ""정상적으로 처리되었습니다""}"
2026-06-10,scan_candidate,323410,,0,main_scan,24700,,24700,24650,24700,24500,-1.0121457489878543,0.20242914979757085,,,,,,"{""bid_req_base_tm"": ""100411"", ""sel_10th_pre_req_pre"": ""0"", ""sel_10th_pre_req"": ""3209"", ""sel_10th_pre_bid"": ""+25150"", ""sel_9th_pre_req_pre"": ""0"", ""sel_9th_pre_req"": ""1374"", ""sel_9th_pre_bid"": ""+25100"", ""sel_8th_pre_req_pre"": ""0"", ""sel_8th_pre_req"": ""1211"", ""sel_8th_pre_bid"": ""+25050"", ""sel_7th_pre_req_pre"": ""0"", ""sel_7th_pre_req"": ""11132"", ""sel_7th_pre_bid"": ""+25000"", ""sel_6th_pre_req_pre"": ""0"", ""sel_6th_pre_req"": ""8062"", ""sel_6th_pre_bid"": ""+24950"", ""sel_5th_pre_req_pre"": ""0"", ""sel_5th_pre_req"": ""4045"", ""sel_5th_pre_bid"": ""+24900"", ""sel_4th_pre_req_pre"": ""0"", ""sel_4th_pre_req"": ""2552"", ""sel_4th_pre_bid"": ""+24850"", ""sel_3th_pre_req_pre"": ""0"", ""sel_3th_pre_req"": ""7192"", ""sel_3th_pre_bid"": ""+24800"", ""sel_2th_pre_req_pre"": ""0"", ""sel_2th_pre_req"": ""6441"", ""sel_2th_pre_bid"": ""+24750"", ""sel_1th_pre_req_pre"": ""0"", ""sel_fpr_req"": ""7208"", ""sel_fpr_bid"": ""+24700"", ""buy_fpr_bid"": ""+24650"", ""buy_fpr_req"": ""6121"", ""buy_1th_pre_req_pre"": ""+1"", ""buy_2th_pre_bid"": ""+24600"", ""buy_2th_pre_req"": ""3488"", ""buy_2th_pre_req_pre"": ""0"", ""buy_3th_pre_bid"": ""+24550"", ""buy_3th_pre_req"": ""1576"", ""buy_3th_pre_req_pre"": ""0"", ""buy_4th_pre_bid"": ""+24500"", ""buy_4th_pre_req"": ""1220"", ""buy_4th_pre_req_pre"": ""0"", ""buy_5th_pre_bid"": ""+24450"", ""buy_5th_pre_req"": ""1344"", ""buy_5th_pre_req_pre"": ""0"", ""buy_6th_pre_bid"": ""24400"", ""buy_6th_pre_req"": ""2086"", ""buy_6th_pre_req_pre"": ""0"", ""buy_7th_pre_bid"": ""-24350"", ""buy_7th_pre_req"": ""2092"", ""buy_7th_pre_req_pre"": ""0"", ""buy_8th_pre_bid"": ""-24300"", ""buy_8th_pre_req"": ""2380"", ""buy_8th_pre_req_pre"": ""0"", ""buy_9th_pre_bid"": ""-24250"", ""buy_9th_pre_req"": ""951"", ""buy_9th_pre_req_pre"": ""0"", ""buy_10th_pre_bid"": ""-24200"", ""buy_10th_pre_req"": ""990"", ""buy_10th_pre_req_pre"": ""0"", ""tot_sel_req_jub_pre"": ""0"", ""tot_sel_req"": ""52426"", ""tot_buy_req"": ""22248"", ""tot_buy_req_jub_pre"": ""+1"", ""ovt_sel_req_pre"": ""0"", ""ovt_sel_req"": ""0"", ""ovt_buy_req"": ""0"", ""ovt_buy_req_pre"": ""0"", ""return_code"": 0, ""return_msg"": ""정상적으로 처리되었습니다""}"
2026-06-10,scan_candidate,005940,,0,main_scan,30850,,30850,30800,30850,30900,0.0,0.1620745542949757,,,,,,"{""bid_req_base_tm"": ""100411"", ""sel_10th_pre_req_pre"": ""0"", ""sel_10th_pre_req"": ""526"", ""sel_10th_pre_bid"": ""+31350"", ""sel_9th_pre_req_pre"": ""0"", ""sel_9th_pre_req"": ""837"", ""sel_9th_pre_bid"": ""+31300"", ""sel_8th_pre_req_pre"": ""0"", ""sel_8th_pre_req"": ""205"", ""sel_8th_pre_bid"": ""31250"", ""sel_7th_pre_req_pre"": ""0"", ""sel_7th_pre_req"": ""1"", ""sel_7th_pre_bid"": ""-31200"", ""sel_6th_pre_req_pre"": ""0"", ""sel_6th_pre_req"": ""13"", ""sel_6th_pre_bid"": ""-31150"", ""sel_5th_pre_req_pre"": ""0"", ""sel_5th_pre_req"": ""105"", ""sel_5th_pre_bid"": ""-31100"", ""sel_4th_pre_req_pre"": ""0"", ""sel_4th_pre_req"": ""501"", ""sel_4th_pre_bid"": ""-31000"", ""sel_3th_pre_req_pre"": ""0"", ""sel_3th_pre_req"": ""153"", ""sel_3th_pre_bid"": ""-30950"", ""sel_2th_pre_req_pre"": ""0"", ""sel_2th_pre_req"": ""178"", ""sel_2th_pre_bid"": ""-30900"", ""sel_1th_pre_req_pre"": ""0"", ""sel_fpr_req"": ""482"", ""sel_fpr_bid"": ""-30850"", ""buy_fpr_bid"": ""-30800"", ""buy_fpr_req"": ""1151"", ""buy_1th_pre_req_pre"": ""0"", ""buy_2th_pre_bid"": ""-30750"", ""buy_2th_pre_req"": ""534"", ""buy_2th_pre_req_pre"": ""0"", ""buy_3th_pre_bid"": ""-30700"", ""buy_3th_pre_req"": ""470"", ""buy_3th_pre_req_pre"": ""0"", ""buy_4th_pre_bid"": ""-30650"", ""buy_4th_pre_req"": ""88"", ""buy_4th_pre_req_pre"": ""0"", ""buy_5th_pre_bid"": ""-30600"", ""buy_5th_pre_req"": ""175"", ""buy_5th_pre_req_pre"": ""0"", ""buy_6th_pre_bid"": ""-30550"", ""buy_6th_pre_req"": ""265"", ""buy_6th_pre_req_pre"": ""0"", ""buy_7th_pre_bid"": ""-30500"", ""buy_7th_pre_req"": ""250"", ""buy_7th_pre_req_pre"": ""0"", ""buy_8th_pre_bid"": ""-30450"", ""buy_8th_pre_req"": ""191"", ""buy_8th_pre_req_pre"": ""0"", ""buy_9th_pre_bid"": ""-30400"", ""buy_9th_pre_req"": ""394"", ""buy_9th_pre_req_pre"": ""0"", ""buy_10th_pre_bid"": ""-30350"", ""buy_10th_pre_req"": ""375"", ""buy_10th_pre_req_pre"": ""0"", ""tot_sel_req_jub_pre"": ""0"", ""tot_sel_req"": ""3001"", ""tot_buy_req"": ""3893"", ""tot_buy_req_jub_pre"": ""0"", ""ovt_sel_req_pre"": ""0"", ""ovt_sel_req"": ""0"", ""ovt_buy_req"": ""0"", ""ovt_buy_req_pre"": ""0"", ""return_code"": 0, ""return_msg"": ""정상적으로 처리되었습니다""}"
2026-06-10,scan_candidate,064400,,0,main_scan,96600,,96600,96400,96600,96700,0.0,0.2070393374741201,,,,,,"{""bid_req_base_tm"": ""100412"", ""sel_10th_pre_req_pre"": ""0"", ""sel_10th_pre_req"": ""290"", ""sel_10th_pre_bid"": ""-97500"", ""sel_9th_pre_req_pre"": ""0"", ""sel_9th_pre_req"": ""89"", ""sel_9th_pre_bid"": ""-97400"", ""sel_8th_pre_req_pre"": ""0"", ""sel_8th_pre_req"": ""30"", ""sel_8th_pre_bid"": ""-97300"", ""sel_7th_pre_req_pre"": ""0"", ""sel_7th_pre_req"": ""231"", ""sel_7th_pre_bid"": ""-97200"", ""sel_6th_pre_req_pre"": ""0"", ""sel_6th_pre_req"": ""79"", ""sel_6th_pre_bid"": ""-97100"", ""sel_5th_pre_req_pre"": ""0"", ""sel_5th_pre_req"": ""911"", ""sel_5th_pre_bid"": ""-97000"", ""sel_4th_pre_req_pre"": ""0"", ""sel_4th_pre_req"": ""319"", ""sel_4th_pre_bid"": ""-96900"", ""sel_3th_pre_req_pre"": ""0"", ""sel_3th_pre_req"": ""377"", ""sel_3th_pre_bid"": ""-96800"", ""sel_2th_pre_req_pre"": ""0"", ""sel_2th_pre_req"": ""193"", ""sel_2th_pre_bid"": ""-96700"", ""sel_1th_pre_req_pre"": ""+54"", ""sel_fpr_req"": ""71"", ""sel_fpr_bid"": ""-96600"", ""buy_fpr_bid"": ""-96400"", ""buy_fpr_req"": ""68"", ""buy_1th_pre_req_pre"": ""0"", ""buy_2th_pre_bid"": ""-96300"", ""buy_2th_pre_req"": ""59"", ""buy_2th_pre_req_pre"": ""+10"", ""buy_3th_pre_bid"": ""-96200"", ""buy_3th_pre_req"": ""593"", ""buy_3th_pre_req_pre"": ""0"", ""buy_4th_pre_bid"": ""-96100"", ""buy_4th_pre_req"": ""553"", ""buy_4th_pre_req_pre"": ""0"", ""buy_5th_pre_bid"": ""-96000"", ""buy_5th_pre_req"": ""953"", ""buy_5th_pre_req_pre"": ""0"", ""buy_6th_pre_bid"": ""-95900"", ""buy_6th_pre_req"": ""464"", ""buy_6th_pre_req_pre"": ""0"", ""buy_7th_pre_bid"": ""-95800"", ""buy_7th_pre_req"": ""562"", ""buy_7th_pre_req_pre"": ""0"", ""buy_8th_pre_bid"": ""-95700"", ""buy_8th_pre_req"": ""1200"", ""buy_8th_pre_req_pre"": ""0"", ""buy_9th_pre_bid"": ""-95600"", ""buy_9th_pre_req"": ""464"", ""buy_9th_pre_req_pre"": ""0"", ""buy_10th_pre_bid"": ""-95500"", ""buy_10th_pre_req"": ""2749"", ""buy_10th_pre_req_pre"": ""0"", ""tot_sel_req_jub_pre"": ""+54"", ""tot_sel_req"": ""2590"", ""tot_buy_req"": ""7665"", ""tot_buy_req_jub_pre"": ""+10"", ""ovt_sel_req_pre"": ""0"", ""ovt_sel_req"": ""0"", ""ovt_buy_req"": ""0"", ""ovt_buy_req_pre"": ""0"", ""return_code"": 0, ""return_msg"": ""정상적으로 처리되었습니다""}"
2026-06-10,scan_candidate,003490,,0,main_scan,25750,,25750,25700,25750,25550,-0.9708737864077669,0.1941747572815534,,,,,,"{""bid_req_base_tm"": ""100412"", ""sel_10th_pre_req_pre"": ""0"", ""sel_10th_pre_req"": ""7803"", ""sel_10th_pre_bid"": ""+26200"", ""sel_9th_pre_req_pre"": ""0"", ""sel_9th_pre_req"": ""5955"", ""sel_9th_pre_bid"": ""+26150"", ""sel_8th_pre_req_pre"": ""0"", ""sel_8th_pre_req"": ""4128"", ""sel_8th_pre_bid"": ""+26100"", ""sel_7th_pre_req_pre"": ""0"", ""sel_7th_pre_req"": ""3149"", ""sel_7th_pre_bid"": ""+26050"", ""sel_6th_pre_req_pre"": ""0"", ""sel_6th_pre_req"": ""36748"", ""sel_6th_pre_bid"": ""+26000"", ""sel_5th_pre_req_pre"": ""0"", ""sel_5th_pre_req"": ""18571"", ""sel_5th_pre_bid"": ""+25950"", ""sel_4th_pre_req_pre"": ""0"", ""sel_4th_pre_req"": ""17605"", ""sel_4th_pre_bid"": ""+25900"", ""sel_3th_pre_req_pre"": ""+200"", ""sel_3th_pre_req"": ""8121"", ""sel_3th_pre_bid"": ""+25850"", ""sel_2th_pre_req_pre"": ""0"", ""sel_2th_pre_req"": ""15926"", ""sel_2th_pre_bid"": ""+25800"", ""sel_1th_pre_req_pre"": ""0"", ""sel_fpr_req"": ""173"", ""sel_fpr_bid"": ""+25750"", ""buy_fpr_bid"": ""+25700"", ""buy_fpr_req"": ""1033"", ""buy_1th_pre_req_pre"": ""0"", ""buy_2th_pre_bid"": ""+25650"", ""buy_2th_pre_req"": ""1162"", ""buy_2th_pre_req_pre"": ""0"", ""buy_3th_pre_bid"": ""+25600"", ""buy_3th_pre_req"": ""853"", ""buy_3th_pre_req_pre"": ""0"", ""buy_4th_pre_bid"": ""+25550"", ""buy_4th_pre_req"": ""485"", ""buy_4th_pre_req_pre"": ""0"", ""buy_5th_pre_bid"": ""+25500"", ""buy_5th_pre_req"": ""1127"", ""buy_5th_pre_req_pre"": ""0"", ""buy_6th_pre_bid"": ""+25450"", ""buy_6th_pre_req"": ""1903"", ""buy_6th_pre_req_pre"": ""0"", ""buy_7th_pre_bid"": ""+25400"", ""buy_7th_pre_req"": ""4467"", ""buy_7th_pre_req_pre"": ""0"", ""buy_8th_pre_bid"": ""+25350"", ""buy_8th_pre_req"": ""6746"", ""buy_8th_pre_req_pre"": ""0"", ""buy_9th_pre_bid"": ""+25300"", ""buy_9th_pre_req"": ""4622"", ""buy_9th_pre_req_pre"": ""0"", ""buy_10th_pre_bid"": ""+25250"", ""buy_10th_pre_req"": ""2640"", ""buy_10th_pre_req_pre"": ""0"", ""tot_sel_req_jub_pre"": ""+200"", ""tot_sel_req"": ""118179"", ""tot_buy_req"": ""25038"", ""tot_buy_req_jub_pre"": ""0"", ""ovt_sel_req_pre"": ""0"", ""ovt_sel_req"": ""0"", ""ovt_buy_req"": ""0"", ""ovt_buy_req_pre"": ""0"", ""return_code"": 0, ""return_msg"": ""정상적으로 처리되었습니다""}"
2026-06-10,scan_candidate,161390,,0,main_scan,72000,,72000,71900,72000,72300,0.2777777777777778,0.1388888888888889,,,,,,"{""bid_req_base_tm"": ""100408"", ""sel_10th_pre_req_pre"": ""0"", ""sel_10th_pre_req"": ""8"", ""sel_10th_pre_bid"": ""-72900"", ""sel_9th_pre_req_pre"": ""0"", ""sel_9th_pre_req"": ""2"", ""sel_9th_pre_bid"": ""-72800"", ""sel_8th_pre_req_pre"": ""0"", ""sel_8th_pre_req"": ""112"", ""sel_8th_pre_bid"": ""-72700"", ""sel_7th_pre_req_pre"": ""0"", ""sel_7th_pre_req"": ""18"", ""sel_7th_pre_bid"": ""-72600"", ""sel_6th_pre_req_pre"": ""0"", ""sel_6th_pre_req"": ""186"", ""sel_6th_pre_bid"": ""-72500"", ""sel_5th_pre_req_pre"": ""0"", ""sel_5th_pre_req"": ""44"", ""sel_5th_pre_bid"": ""-72400"", ""sel_4th_pre_req_pre"": ""0"", ""sel_4th_pre_req"": ""34"", ""sel_4th_pre_bid"": ""-72300"", ""sel_3th_pre_req_pre"": ""0"", ""sel_3th_pre_req"": ""11"", ""sel_3th_pre_bid"": ""-72200"", ""sel_2th_pre_req_pre"": ""0"", ""sel_2th_pre_req"": ""215"", ""sel_2th_pre_bid"": ""-72100"", ""sel_1th_pre_req_pre"": ""+15"", ""sel_fpr_req"": ""625"", ""sel_fpr_bid"": ""-72000"", ""buy_fpr_bid"": ""-71900"", ""buy_fpr_req"": ""1094"", ""buy_1th_pre_req_pre"": ""0"", ""buy_2th_pre_bid"": ""-71800"", ""buy_2th_pre_req"": ""910"", ""buy_2th_pre_req_pre"": ""0"", ""buy_3th_pre_bid"": ""-71700"", ""buy_3th_pre_req"": ""236"", ""buy_3th_pre_req_pre"": ""0"", ""buy_4th_pre_bid"": ""-71600"", ""buy_4th_pre_req"": ""106"", ""buy_4th_pre_req_pre"": ""0"", ""buy_5th_pre_bid"": ""-71500"", ""buy_5th_pre_req"": ""67"", ""buy_5th_pre_req_pre"": ""0"", ""buy_6th_pre_bid"": ""-71400"", ""buy_6th_pre_req"": ""155"", ""buy_6th_pre_req_pre"": ""0"", ""buy_7th_pre_bid"": ""-71300"", ""buy_7th_pre_req"": ""16"", ""buy_7th_pre_req_pre"": ""0"", ""buy_8th_pre_bid"": ""-71200"", ""buy_8th_pre_req"": ""446"", ""buy_8th_pre_req_pre"": ""0"", ""buy_9th_pre_bid"": ""-71100"", ""buy_9th_pre_req"": ""254"", ""buy_9th_pre_req_pre"": ""0"", ""buy_10th_pre_bid"": ""-71000"", ""buy_10th_pre_req"": ""1005"", ""buy_10th_pre_req_pre"": ""0"", ""tot_sel_req_jub_pre"": ""+15"", ""tot_sel_req"": ""1255"", ""tot_buy_req"": ""4289"", ""tot_buy_req_jub_pre"": ""0"", ""ovt_sel_req_pre"": ""0"", ""ovt_sel_req"": ""0"", ""ovt_buy_req"": ""0"", ""ovt_buy_req_pre"": ""0"", ""return_code"": 0, ""return_msg"": ""정상적으로 처리되었습니다""}"
2026-06-10,scan_candidate,180640,,0,main_scan,120200,,120200,120000,120200,119500,-0.9983361064891847,0.16638935108153077,,,,,,"{""bid_req_base_tm"": ""100412"", ""sel_10th_pre_req_pre"": ""0"", ""sel_10th_pre_req"": ""27"", ""sel_10th_pre_bid"": ""+121100"", ""sel_9th_pre_req_pre"": ""0"", ""sel_9th_pre_req"": ""827"", ""sel_9th_pre_bid"": ""+121000"", ""sel_8th_pre_req_pre"": ""0"", ""sel_8th_pre_req"": ""504"", ""sel_8th_pre_bid"": ""+120900"", ""sel_7th_pre_req_pre"": ""0"", ""sel_7th_pre_req"": ""58"", ""sel_7th_pre_bid"": ""+120800"", ""sel_6th_pre_req_pre"": ""0"", ""sel_6th_pre_req"": ""53"", ""sel_6th_pre_bid"": ""+120700"", ""sel_5th_pre_req_pre"": ""0"", ""sel_5th_pre_req"": ""158"", ""sel_5th_pre_bid"": ""+120600"", ""sel_4th_pre_req_pre"": ""0"", ""sel_4th_pre_req"": ""32"", ""sel_4th_pre_bid"": ""+120500"", ""sel_3th_pre_req_pre"": ""0"", ""sel_3th_pre_req"": ""48"", ""sel_3th_pre_bid"": ""+120400"", ""sel_2th_pre_req_pre"": ""0"", ""sel_2th_pre_req"": ""38"", ""sel_2th_pre_bid"": ""+120300"", ""sel_1th_pre_req_pre"": ""+12"", ""sel_fpr_req"": ""102"", ""sel_fpr_bid"": ""+120200"", ""buy_fpr_bid"": ""+120000"", ""buy_fpr_req"": ""17"", ""buy_1th_pre_req_pre"": ""0"", ""buy_2th_pre_bid"": ""+119800"", ""buy_2th_pre_req"": ""41"", ""buy_2th_pre_req_pre"": ""0"", ""buy_3th_pre_bid"": ""+119600"", ""buy_3th_pre_req"": ""143"", ""buy_3th_pre_req_pre"": ""0"", ""buy_4th_pre_bid"": ""+119500"", ""buy_4th_pre_req"": ""112"", ""buy_4th_pre_req_pre"": ""0"", ""buy_5th_pre_bid"": ""+119400"", ""buy_5th_pre_req"": ""78"", ""buy_5th_pre_req_pre"": ""0"", ""buy_6th_pre_bid"": ""+119300"", ""buy_6th_pre_req"": ""120"", ""buy_6th_pre_req_pre"": ""0"", ""buy_7th_pre_bid"": ""+119200"", ""buy_7th_pre_req"": ""41"", ""buy_7th_pre_req_pre"": ""0"", ""buy_8th_pre_bid"": ""+119100"", ""buy_8th_pre_req"": ""67"", ""buy_8th_pre_req_pre"": ""0"", ""buy_9th_pre_bid"": ""+118900"", ""buy_9th_pre_req"": ""14"", ""buy_9th_pre_req_pre"": ""0"", ""buy_10th_pre_bid"": ""+118800"", ""buy_10th_pre_req"": ""56"", ""buy_10th_pre_req_pre"": ""0"", ""tot_sel_req_jub_pre"": ""+12"", ""tot_sel_req"": ""1847"", ""tot_buy_req"": ""689"", ""tot_buy_req_jub_pre"": ""0"", ""ovt_sel_req_pre"": ""0"", ""ovt_sel_req"": ""0"", ""ovt_buy_req"": ""0"", ""ovt_buy_req_pre"": ""0"", ""return_code"": 0, ""return_msg"": ""정상적으로 처리되었습니다""}"
2026-06-10,scan_candidate,454910,,0,main_scan,110600,,110600,110500,110600,110500,-0.5424954792043399,0.09041591320072333,,,,,,"{""bid_req_base_tm"": ""100413"", ""sel_10th_pre_req_pre"": ""0"", ""sel_10th_pre_req"": ""65"", ""sel_10th_pre_bid"": ""-111500"", ""sel_9th_pre_req_pre"": ""0"", ""sel_9th_pre_req"": ""302"", ""sel_9th_pre_bid"": ""-111400"", ""sel_8th_pre_req_pre"": ""0"", ""sel_8th_pre_req"": ""81"", ""sel_8th_pre_bid"": ""-111300"", ""sel_7th_pre_req_pre"": ""0"", ""sel_7th_pre_req"": ""73"", ""sel_7th_pre_bid"": ""-111200"", ""sel_6th_pre_req_pre"": ""0"", ""sel_6th_pre_req"": ""86"", ""sel_6th_pre_bid"": ""-111100"", ""sel_5th_pre_req_pre"": ""0"", ""sel_5th_pre_req"": ""1095"", ""sel_5th_pre_bid"": ""-111000"", ""sel_4th_pre_req_pre"": ""0"", ""sel_4th_pre_req"": ""165"", ""sel_4th_pre_bid"": ""-110900"", ""sel_3th_pre_req_pre"": ""0"", ""sel_3th_pre_req"": ""269"", ""sel_3th_pre_bid"": ""-110800"", ""sel_2th_pre_req_pre"": ""0"", ""sel_2th_pre_req"": ""60"", ""sel_2th_pre_bid"": ""-110700"", ""sel_1th_pre_req_pre"": ""+22"", ""sel_fpr_req"": ""1331"", ""sel_fpr_bid"": ""-110600"", ""buy_fpr_bid"": ""-110500"", ""buy_fpr_req"": ""2"", ""buy_1th_pre_req_pre"": ""+1"", ""buy_2th_pre_bid"": ""-110400"", ""buy_2th_pre_req"": ""21"", ""buy_2th_pre_req_pre"": ""0"", ""buy_3th_pre_bid"": ""-110300"", ""buy_3th_pre_req"": ""106"", ""buy_3th_pre_req_pre"": ""0"", ""buy_4th_pre_bid"": ""-110200"", ""buy_4th_pre_req"": ""171"", ""buy_4th_pre_req_pre"": ""0"", ""buy_5th_pre_bid"": ""-110100"", ""buy_5th_pre_req"": ""223"", ""buy_5th_pre_req_pre"": ""0"", ""buy_6th_pre_bid"": ""-110000"", ""buy_6th_pre_req"": ""283"", ""buy_6th_pre_req_pre"": ""+1"", ""buy_7th_pre_bid"": ""-109900"", ""buy_7th_pre_req"": ""155"", ""buy_7th_pre_req_pre"": ""0"", ""buy_8th_pre_bid"": ""-109800"", ""buy_8th_pre_req"": ""368"", ""buy_8th_pre_req_pre"": ""0"", ""buy_9th_pre_bid"": ""-109700"", ""buy_9th_pre_req"": ""1427"", ""buy_9th_pre_req_pre"": ""0"", ""buy_10th_pre_bid"": ""-109600"", ""buy_10th_pre_req"": ""1885"", ""buy_10th_pre_req_pre"": ""0"", ""tot_sel_req_jub_pre"": ""+22"", ""tot_sel_req"": ""3527"", ""tot_buy_req"": ""4641"", ""tot_buy_req_jub_pre"": ""+2"", ""ovt_sel_req_pre"": ""0"", ""ovt_sel_req"": ""0"", ""ovt_buy_req"": ""0"", ""ovt_buy_req_pre"": ""0"", ""return_code"": 0, ""return_msg"": ""정상적으로 처리되었습니다""}"
2026-06-10,scan_candidate,353200,,0,main_scan,158100,,158100,157900,158100,157500,-0.6957621758380772,0.1265022137887413,,,,,,"{""bid_req_base_tm"": ""100413"", ""sel_10th_pre_req_pre"": ""0"", ""sel_10th_pre_req"": ""2177"", ""sel_10th_pre_bid"": ""+159000"", ""sel_9th_pre_req_pre"": ""0"", ""sel_9th_pre_req"": ""1028"", ""sel_9th_pre_bid"": ""+158900"", ""sel_8th_pre_req_pre"": ""+1"", ""sel_8th_pre_req"": ""272"", ""sel_8th_pre_bid"": ""+158800"", ""sel_7th_pre_req_pre"": ""0"", ""sel_7th_pre_req"": ""267"", ""sel_7th_pre_bid"": ""+158700"", ""sel_6th_pre_req_pre"": ""0"", ""sel_6th_pre_req"": ""1221"", ""sel_6th_pre_bid"": ""+158600"", ""sel_5th_pre_req_pre"": ""0"", ""sel_5th_pre_req"": ""1658"", ""sel_5th_pre_bid"": ""+158500"", ""sel_4th_pre_req_pre"": ""0"", ""sel_4th_pre_req"": ""206"", ""sel_4th_pre_bid"": ""+158400"", ""sel_3th_pre_req_pre"": ""+100"", ""sel_3th_pre_req"": ""113"", ""sel_3th_pre_bid"": ""+158300"", ""sel_2th_pre_req_pre"": ""0"", ""sel_2th_pre_req"": ""39"", ""sel_2th_pre_bid"": ""+158200"", ""sel_1th_pre_req_pre"": ""0"", ""sel_fpr_req"": ""91"", ""sel_fpr_bid"": ""+158100"", ""buy_fpr_bid"": ""+157900"", ""buy_fpr_req"": ""79"", ""buy_1th_pre_req_pre"": ""0"", ""buy_2th_pre_bid"": ""+157800"", ""buy_2th_pre_req"": ""15"", ""buy_2th_pre_req_pre"": ""0"", ""buy_3th_pre_bid"": ""+157600"", ""buy_3th_pre_req"": ""45"", ""buy_3th_pre_req_pre"": ""0"", ""buy_4th_pre_bid"": ""+157500"", ""buy_4th_pre_req"": ""41"", ""buy_4th_pre_req_pre"": ""0"", ""buy_5th_pre_bid"": ""+157400"", ""buy_5th_pre_req"": ""305"", ""buy_5th_pre_req_pre"": ""0"", ""buy_6th_pre_bid"": ""+157300"", ""buy_6th_pre_req"": ""45"", ""buy_6th_pre_req_pre"": ""0"", ""buy_7th_pre_bid"": ""+157200"", ""buy_7th_pre_req"": ""41"", ""buy_7th_pre_req_pre"": ""0"", ""buy_8th_pre_bid"": ""+157100"", ""buy_8th_pre_req"": ""23"", ""buy_8th_pre_req_pre"": ""0"", ""buy_9th_pre_bid"": ""+157000"", ""buy_9th_pre_req"": ""165"", ""buy_9th_pre_req_pre"": ""0"", ""buy_10th_pre_bid"": ""+156800"", ""buy_10th_pre_req"": ""6"", ""buy_10th_pre_req_pre"": ""0"", ""tot_sel_req_jub_pre"": ""+101"", ""tot_sel_req"": ""7072"", ""tot_buy_req"": ""765"", ""tot_buy_req_jub_pre"": ""0"", ""ovt_sel_req_pre"": ""0"", ""ovt_sel_req"": ""0"", ""ovt_buy_req"": ""0"", ""ovt_buy_req_pre"": ""0"", ""return_code"": 0, ""return_msg"": ""정상적으로 처리되었습니다""}"
2026-06-10,scan_candidate,326030,,0,main_scan,88900,,88900,88800,88900,88800,-0.22497187851518563,0.11248593925759282,,,,,,"{""bid_req_base_tm"": ""100413"", ""sel_10th_pre_req_pre"": ""0"", ""sel_10th_pre_req"": ""84"", ""sel_10th_pre_bid"": ""-89900"", ""sel_9th_pre_req_pre"": ""0"", ""sel_9th_pre_req"": ""6"", ""sel_9th_pre_bid"": ""-89800"", ""sel_8th_pre_req_pre"": ""0"", ""sel_8th_pre_req"": ""34"", ""sel_8th_pre_bid"": ""-89700"", ""sel_7th_pre_req_pre"": ""0"", ""sel_7th_pre_req"": ""1"", ""sel_7th_pre_bid"": ""-89600"", ""sel_6th_pre_req_pre"": ""0"", ""sel_6th_pre_req"": ""2"", ""sel_6th_pre_bid"": ""-89500"", ""sel_5th_pre_req_pre"": ""0"", ""sel_5th_pre_req"": ""2"", ""sel_5th_pre_bid"": ""-89400"", ""sel_4th_pre_req_pre"": ""0"", ""sel_4th_pre_req"": ""180"", ""sel_4th_pre_bid"": ""-89300"", ""sel_3th_pre_req_pre"": ""0"", ""sel_3th_pre_req"": ""47"", ""sel_3th_pre_bid"": ""-89200"", ""sel_2th_pre_req_pre"": ""--5"", ""sel_2th_pre_req"": ""332"", ""sel_2th_pre_bid"": ""-89000"", ""sel_1th_pre_req_pre"": ""+5"", ""sel_fpr_req"": ""71"", ""sel_fpr_bid"": ""-88900"", ""buy_fpr_bid"": ""-88800"", ""buy_fpr_req"": ""2"", ""buy_1th_pre_req_pre"": ""0"", ""buy_2th_pre_bid"": ""-88600"", ""buy_2th_pre_req"": ""104"", ""buy_2th_pre_req_pre"": ""0"", ""buy_3th_pre_bid"": ""-88500"", ""buy_3th_pre_req"": ""21"", ""buy_3th_pre_req_pre"": ""0"", ""buy_4th_pre_bid"": ""-88400"", ""buy_4th_pre_req"": ""2"", ""buy_4th_pre_req_pre"": ""0"", ""buy_5th_pre_bid"": ""-88200"", ""buy_5th_pre_req"": ""10"", ""buy_5th_pre_req_pre"": ""0"", ""buy_6th_pre_bid"": ""-88100"", ""buy_6th_pre_req"": ""30"", ""buy_6th_pre_req_pre"": ""0"", ""buy_7th_pre_bid"": ""-88000"", ""buy_7th_pre_req"": ""156"", ""buy_7th_pre_req_pre"": ""0"", ""buy_8th_pre_bid"": ""-87900"", ""buy_8th_pre_req"": ""107"", ""buy_8th_pre_req_pre"": ""0"", ""buy_9th_pre_bid"": ""-87800"", ""buy_9th_pre_req"": ""121"", ""buy_9th_pre_req_pre"": ""0"", ""buy_10th_pre_bid"": ""-87700"", ""buy_10th_pre_req"": ""244"", ""buy_10th_pre_req_pre"": ""0"", ""tot_sel_req_jub_pre"": ""0"", ""tot_sel_req"": ""759"", ""tot_buy_req"": ""797"", ""tot_buy_req_jub_pre"": ""0"", ""ovt_sel_req_pre"": ""0"", ""ovt_sel_req"": ""0"", ""ovt_buy_req"": ""0"", ""ovt_buy_req_pre"": ""0"", ""return_code"": 0, ""return_msg"": ""정상적으로 처리되었습니다""}"
2026-06-10,scan_candidate,034220,,0,main_scan,13270,,13270,13260,13270,13200,-0.9042954031650339,0.07535795026375283,,,,,,"{""bid_req_base_tm"": ""100413"", ""sel_10th_pre_req_pre"": ""0"", ""sel_10th_pre_req"": ""2109"", ""sel_10th_pre_bid"": ""-13370"", ""sel_9th_pre_req_pre"": ""0"", ""sel_9th_pre_req"": ""135"", ""sel_9th_pre_bid"": ""-13360"", ""sel_8th_pre_req_pre"": ""0"", ""sel_8th_pre_req"": ""303"", ""sel_8th_pre_bid"": ""-13350"", ""sel_7th_pre_req_pre"": ""0"", ""sel_7th_pre_req"": ""3227"", ""sel_7th_pre_bid"": ""-13340"", ""sel_6th_pre_req_pre"": ""0"", ""sel_6th_pre_req"": ""349"", ""sel_6th_pre_bid"": ""-13330"", ""sel_5th_pre_req_pre"": ""0"", ""sel_5th_pre_req"": ""1215"", ""sel_5th_pre_bid"": ""-13320"", ""sel_4th_pre_req_pre"": ""0"", ""sel_4th_pre_req"": ""3901"", ""sel_4th_pre_bid"": ""-13310"", ""sel_3th_pre_req_pre"": ""0"", ""sel_3th_pre_req"": ""3629"", ""sel_3th_pre_bid"": ""-13300"", ""sel_2th_pre_req_pre"": ""0"", ""sel_2th_pre_req"": ""880"", ""sel_2th_pre_bid"": ""-13290"", ""sel_1th_pre_req_pre"": ""+495"", ""sel_fpr_req"": ""1015"", ""sel_fpr_bid"": ""-13270"", ""buy_fpr_bid"": ""-13260"", ""buy_fpr_req"": ""691"", ""buy_1th_pre_req_pre"": ""0"", ""buy_2th_pre_bid"": ""-13250"", ""buy_2th_pre_req"": ""2719"", ""buy_2th_pre_req_pre"": ""0"", ""buy_3th_pre_bid"": ""-13240"", ""buy_3th_pre_req"": ""1729"", ""buy_3th_pre_req_pre"": ""0"", ""buy_4th_pre_bid"": ""-13230"", ""buy_4th_pre_req"": ""58"", ""buy_4th_pre_req_pre"": ""0"", ""buy_5th_pre_bid"": ""-13220"", ""buy_5th_pre_req"": ""267"", ""buy_5th_pre_req_pre"": ""0"", ""buy_6th_pre_bid"": ""-13210"", ""buy_6th_pre_req"": ""256"", ""buy_6th_pre_req_pre"": ""0"", ""buy_7th_pre_bid"": ""-13200"", ""buy_7th_pre_req"": ""2024"", ""buy_7th_pre_req_pre"": ""0"", ""buy_8th_pre_bid"": ""-13190"", ""buy_8th_pre_req"": ""158"", ""buy_8th_pre_req_pre"": ""0"", ""buy_9th_pre_bid"": ""-13180"", ""buy_9th_pre_req"": ""361"", ""buy_9th_pre_req_pre"": ""0"", ""buy_10th_pre_bid"": ""-13170"", ""buy_10th_pre_req"": ""36"", ""buy_10th_pre_req_pre"": ""0"", ""tot_sel_req_jub_pre"": ""+2074"", ""tot_sel_req"": ""16763"", ""tot_buy_req"": ""8299"", ""tot_buy_req_jub_pre"": ""0"", ""ovt_sel_req_pre"": ""0"", ""ovt_sel_req"": ""0"", ""ovt_buy_req"": ""0"", ""ovt_buy_req_pre"": ""0"", ""return_code"": 0, ""return_msg"": ""정상적으로 처리되었습니다""}"
2026-06-10,scan_candidate,267270,,0,main_scan,151100,,151100,150900,151100,150500,-0.727994705493051,0.13236267372600927,,,,,,"{""bid_req_base_tm"": ""100413"", ""sel_10th_pre_req_pre"": ""0"", ""sel_10th_pre_req"": ""2262"", ""sel_10th_pre_bid"": ""+152000"", ""sel_9th_pre_req_pre"": ""0"", ""sel_9th_pre_req"": ""264"", ""sel_9th_pre_bid"": ""+151900"", ""sel_8th_pre_req_pre"": ""0"", ""sel_8th_pre_req"": ""44"", ""sel_8th_pre_bid"": ""+151800"", ""sel_7th_pre_req_pre"": ""0"", ""sel_7th_pre_req"": ""24"", ""sel_7th_pre_bid"": ""+151700"", ""sel_6th_pre_req_pre"": ""0"", ""sel_6th_pre_req"": ""126"", ""sel_6th_pre_bid"": ""+151600"", ""sel_5th_pre_req_pre"": ""0"", ""sel_5th_pre_req"": ""132"", ""sel_5th_pre_bid"": ""+151500"", ""sel_4th_pre_req_pre"": ""0"", ""sel_4th_pre_req"": ""362"", ""sel_4th_pre_bid"": ""+151400"", ""sel_3th_pre_req_pre"": ""0"", ""sel_3th_pre_req"": ""105"", ""sel_3th_pre_bid"": ""+151300"", ""sel_2th_pre_req_pre"": ""--1"", ""sel_2th_pre_req"": ""65"", ""sel_2th_pre_bid"": ""+151200"", ""sel_1th_pre_req_pre"": ""0"", ""sel_fpr_req"": ""24"", ""sel_fpr_bid"": ""+151100"", ""buy_fpr_bid"": ""+150900"", ""buy_fpr_req"": ""64"", ""buy_1th_pre_req_pre"": ""0"", ""buy_2th_pre_bid"": ""+150800"", ""buy_2th_pre_req"": ""16"", ""buy_2th_pre_req_pre"": ""0"", ""buy_3th_pre_bid"": ""+150700"", ""buy_3th_pre_req"": ""7"", ""buy_3th_pre_req_pre"": ""0"", ""buy_4th_pre_bid"": ""+150600"", ""buy_4th_pre_req"": ""28"", ""buy_4th_pre_req_pre"": ""0"", ""buy_5th_pre_bid"": ""+150500"", ""buy_5th_pre_req"": ""84"", ""buy_5th_pre_req_pre"": ""0"", ""buy_6th_pre_bid"": ""+150400"", ""buy_6th_pre_req"": ""4"", ""buy_6th_pre_req_pre"": ""0"", ""buy_7th_pre_bid"": ""+150300"", ""buy_7th_pre_req"": ""40"", ""buy_7th_pre_req_pre"": ""0"", ""buy_8th_pre_bid"": ""+150200"", ""buy_8th_pre_req"": ""17"", ""buy_8th_pre_req_pre"": ""0"", ""buy_9th_pre_bid"": ""+150100"", ""buy_9th_pre_req"": ""8"", ""buy_9th_pre_req_pre"": ""0"", ""buy_10th_pre_bid"": ""+150000"", ""buy_10th_pre_req"": ""95"", ""buy_10th_pre_req_pre"": ""0"", ""tot_sel_req_jub_pre"": ""--1"", ""tot_sel_req"": ""3408"", ""tot_buy_req"": ""363"", ""tot_buy_req_jub_pre"": ""0"", ""ovt_sel_req_pre"": ""0"", ""ovt_sel_req"": ""0"", ""ovt_buy_req"": ""0"", ""ovt_buy_req_pre"": ""0"", ""return_code"": 0, ""return_msg"": ""정상적으로 처리되었습니다""}"
2026-06-10,scan_candidate,062040,,0,main_scan,229500,,229500,229000,229500,228000,-0.8714596949891068,0.2178649237472767,,,,,,"{""bid_req_base_tm"": ""100414"", ""sel_10th_pre_req_pre"": ""0"", ""sel_10th_pre_req"": ""342"", ""sel_10th_pre_bid"": ""+234000"", ""sel_9th_pre_req_pre"": ""0"", ""sel_9th_pre_req"": ""553"", ""sel_9th_pre_bid"": ""+233500"", ""sel_8th_pre_req_pre"": ""0"", ""sel_8th_pre_req"": ""1361"", ""sel_8th_pre_bid"": ""+233000"", ""sel_7th_pre_req_pre"": ""0"", ""sel_7th_pre_req"": ""258"", ""sel_7th_pre_bid"": ""+232500"", ""sel_6th_pre_req_pre"": ""0"", ""sel_6th_pre_req"": ""295"", ""sel_6th_pre_bid"": ""+232000"", ""sel_5th_pre_req_pre"": ""0"", ""sel_5th_pre_req"": ""211"", ""sel_5th_pre_bid"": ""+231500"", ""sel_4th_pre_req_pre"": ""0"", ""sel_4th_pre_req"": ""352"", ""sel_4th_pre_bid"": ""+231000"", ""sel_3th_pre_req_pre"": ""0"", ""sel_3th_pre_req"": ""229"", ""sel_3th_pre_bid"": ""+230500"", ""sel_2th_pre_req_pre"": ""0"", ""sel_2th_pre_req"": ""252"", ""sel_2th_pre_bid"": ""+230000"", ""sel_1th_pre_req_pre"": ""+29"", ""sel_fpr_req"": ""179"", ""sel_fpr_bid"": ""+229500"", ""buy_fpr_bid"": ""+229000"", ""buy_fpr_req"": ""362"", ""buy_1th_pre_req_pre"": ""0"", ""buy_2th_pre_bid"": ""+228500"", ""buy_2th_pre_req"": ""5"", ""buy_2th_pre_req_pre"": ""0"", ""buy_3th_pre_bid"": ""+228000"", ""buy_3th_pre_req"": ""2"", ""buy_3th_pre_req_pre"": ""0"", ""buy_4th_pre_bid"": ""+227500"", ""buy_4th_pre_req"": ""12"", ""buy_4th_pre_req_pre"": ""0"", ""buy_5th_pre_bid"": ""+227000"", ""buy_5th_pre_req"": ""85"", ""buy_5th_pre_req_pre"": ""0"", ""buy_6th_pre_bid"": ""+226500"", ""buy_6th_pre_req"": ""88"", ""buy_6th_pre_req_pre"": ""0"", ""buy_7th_pre_bid"": ""+226000"", ""buy_7th_pre_req"": ""101"", ""buy_7th_pre_req_pre"": ""0"", ""buy_8th_pre_bid"": ""+225500"", ""buy_8th_pre_req"": ""51"", ""buy_8th_pre_req_pre"": ""0"", ""buy_9th_pre_bid"": ""225000"", ""buy_9th_pre_req"": ""274"", ""buy_9th_pre_req_pre"": ""0"", ""buy_10th_pre_bid"": ""-224500"", ""buy_10th_pre_req"": ""39"", ""buy_10th_pre_req_pre"": ""0"", ""tot_sel_req_jub_pre"": ""+29"", ""tot_sel_req"": ""4032"", ""tot_buy_req"": ""1019"", ""tot_buy_req_jub_pre"": ""0"", ""ovt_sel_req_pre"": ""0"", ""ovt_sel_req"": ""0"", ""ovt_buy_req"": ""0"", ""ovt_buy_req_pre"": ""0"", ""return_code"": 0, ""return_msg"": ""정상적으로 처리되었습니다""}"
2026-06-10,scan_candidate,078930,,0,main_scan,73400,,73400,73200,73400,73800,0.4087193460490463,0.2724795640326975,,,,,,"{""bid_req_base_tm"": ""100406"", ""sel_10th_pre_req_pre"": ""0"", ""sel_10th_pre_req"": ""104"", ""sel_10th_pre_bid"": ""+74600"", ""sel_9th_pre_req_pre"": ""0"", ""sel_9th_pre_req"": ""93"", ""sel_9th_pre_bid"": ""+74500"", ""sel_8th_pre_req_pre"": ""0"", ""sel_8th_pre_req"": ""76"", ""sel_8th_pre_bid"": ""+74400"", ""sel_7th_pre_req_pre"": ""0"", ""sel_7th_pre_req"": ""1"", ""sel_7th_pre_bid"": ""+74200"", ""sel_6th_pre_req_pre"": ""0"", ""sel_6th_pre_req"": ""40"", ""sel_6th_pre_bid"": ""+74000"", ""sel_5th_pre_req_pre"": ""0"", ""sel_5th_pre_req"": ""9"", ""sel_5th_pre_bid"": ""73800"", ""sel_4th_pre_req_pre"": ""0"", ""sel_4th_pre_req"": ""122"", ""sel_4th_pre_bid"": ""-73700"", ""sel_3th_pre_req_pre"": ""0"", ""sel_3th_pre_req"": ""26"", ""sel_3th_pre_bid"": ""-73600"", ""sel_2th_pre_req_pre"": ""+5"", ""sel_2th_pre_req"": ""170"", ""sel_2th_pre_bid"": ""-73500"", ""sel_1th_pre_req_pre"": ""0"", ""sel_fpr_req"": ""3"", ""sel_fpr_bid"": ""-73400"", ""buy_fpr_bid"": ""-73200"", ""buy_fpr_req"": ""558"", ""buy_1th_pre_req_pre"": ""0"", ""buy_2th_pre_bid"": ""-73100"", ""buy_2th_pre_req"": ""390"", ""buy_2th_pre_req_pre"": ""0"", ""buy_3th_pre_bid"": ""-73000"", ""buy_3th_pre_req"": ""315"", ""buy_3th_pre_req_pre"": ""0"", ""buy_4th_pre_bid"": ""-72900"", ""buy_4th_pre_req"": ""278"", ""buy_4th_pre_req_pre"": ""0"", ""buy_5th_pre_bid"": ""-72800"", ""buy_5th_pre_req"": ""79"", ""buy_5th_pre_req_pre"": ""0"", ""buy_6th_pre_bid"": ""-72700"", ""buy_6th_pre_req"": ""3"", ""buy_6th_pre_req_pre"": ""0"", ""buy_7th_pre_bid"": ""-72500"", ""buy_7th_pre_req"": ""7"", ""buy_7th_pre_req_pre"": ""0"", ""buy_8th_pre_bid"": ""-72300"", ""buy_8th_pre_req"": ""50"", ""buy_8th_pre_req_pre"": ""0"", ""buy_9th_pre_bid"": ""-72200"", ""buy_9th_pre_req"": ""118"", ""buy_9th_pre_req_pre"": ""0"", ""buy_10th_pre_bid"": ""-72100"", ""buy_10th_pre_req"": ""508"", ""buy_10th_pre_req_pre"": ""0"", ""tot_sel_req_jub_pre"": ""+5"", ""tot_sel_req"": ""644"", ""tot_buy_req"": ""2306"", ""tot_buy_req_jub_pre"": ""0"", ""ovt_sel_req_pre"": ""0"", ""ovt_sel_req"": ""0"", ""ovt_buy_req"": ""0"", ""ovt_buy_req_pre"": ""0"", ""return_code"": 0, ""return_msg"": ""정상적으로 처리되었습니다""}"
2026-06-10,scan_candidate,090430,,0,main_scan,113200,,113200,113100,113200,112500,-1.0600706713780919,0.08833922261484099,,,,,,"{""bid_req_base_tm"": ""100413"", ""sel_10th_pre_req_pre"": ""0"", ""sel_10th_pre_req"": ""149"", ""sel_10th_pre_bid"": ""+114100"", ""sel_9th_pre_req_pre"": ""0"", ""sel_9th_pre_req"": ""165"", ""sel_9th_pre_bid"": ""+114000"", ""sel_8th_pre_req_pre"": ""0"", ""sel_8th_pre_req"": ""51"", ""sel_8th_pre_bid"": ""+113900"", ""sel_7th_pre_req_pre"": ""0"", ""sel_7th_pre_req"": ""173"", ""sel_7th_pre_bid"": ""+113800"", ""sel_6th_pre_req_pre"": ""0"", ""sel_6th_pre_req"": ""8"", ""sel_6th_pre_bid"": ""+113700"", ""sel_5th_pre_req_pre"": ""0"", ""sel_5th_pre_req"": ""42"", ""sel_5th_pre_bid"": ""+113600"", ""sel_4th_pre_req_pre"": ""0"", ""sel_4th_pre_req"": ""202"", ""sel_4th_pre_bid"": ""+113500"", ""sel_3th_pre_req_pre"": ""0"", ""sel_3th_pre_req"": ""75"", ""sel_3th_pre_bid"": ""+113400"", ""sel_2th_pre_req_pre"": ""0"", ""sel_2th_pre_req"": ""101"", ""sel_2th_pre_bid"": ""+113300"", ""sel_1th_pre_req_pre"": ""0"", ""sel_fpr_req"": ""193"", ""sel_fpr_bid"": ""+113200"", ""buy_fpr_bid"": ""+113100"", ""buy_fpr_req"": ""34"", ""buy_1th_pre_req_pre"": ""+1"", ""buy_2th_pre_bid"": ""+113000"", ""buy_2th_pre_req"": ""66"", ""buy_2th_pre_req_pre"": ""+1"", ""buy_3th_pre_bid"": ""+112900"", ""buy_3th_pre_req"": ""27"", ""buy_3th_pre_req_pre"": ""0"", ""buy_4th_pre_bid"": ""+112800"", ""buy_4th_pre_req"": ""22"", ""buy_4th_pre_req_pre"": ""0"", ""buy_5th_pre_bid"": ""+112700"", ""buy_5th_pre_req"": ""17"", ""buy_5th_pre_req_pre"": ""0"", ""buy_6th_pre_bid"": ""+112600"", ""buy_6th_pre_req"": ""14"", ""buy_6th_pre_req_pre"": ""0"", ""buy_7th_pre_bid"": ""+112500"", ""buy_7th_pre_req"": ""25"", ""buy_7th_pre_req_pre"": ""--1"", ""buy_8th_pre_bid"": ""+112200"", ""buy_8th_pre_req"": ""1"", ""buy_8th_pre_req_pre"": ""0"", ""buy_9th_pre_bid"": ""112000"", ""buy_9th_pre_req"": ""21"", ""buy_9th_pre_req_pre"": ""0"", ""buy_10th_pre_bid"": ""-111800"", ""buy_10th_pre_req"": ""110"", ""buy_10th_pre_req_pre"": ""0"", ""tot_sel_req_jub_pre"": ""0"", ""tot_sel_req"": ""1159"", ""tot_buy_req"": ""337"", ""tot_buy_req_jub_pre"": ""+110"", ""ovt_sel_req_pre"": ""0"", ""ovt_sel_req"": ""0"", ""ovt_buy_req"": ""0"", ""ovt_buy_req_pre"": ""0"", ""return_code"": 0, ""return_msg"": ""정상적으로 처리되었습니다""}"
2026-06-10,scan_candidate,004170,,0,main_scan,666000,,666000,665000,666000,670000,0.45045045045045046,0.15015015015015015,,,,,,"{""bid_req_base_tm"": ""100414"", ""sel_10th_pre_req_pre"": ""0"", ""sel_10th_pre_req"": ""2"", ""sel_10th_pre_bid"": ""+675000"", ""sel_9th_pre_req_pre"": ""0"", ""sel_9th_pre_req"": ""13"", ""sel_9th_pre_bid"": ""+674000"", ""sel_8th_pre_req_pre"": ""0"", ""sel_8th_pre_req"": ""1"", ""sel_8th_pre_bid"": ""+673000"", ""sel_7th_pre_req_pre"": ""0"", ""sel_7th_pre_req"": ""27"", ""sel_7th_pre_bid"": ""+672000"", ""sel_6th_pre_req_pre"": ""0"", ""sel_6th_pre_req"": ""2"", ""sel_6th_pre_bid"": ""+671000"", ""sel_5th_pre_req_pre"": ""0"", ""sel_5th_pre_req"": ""26"", ""sel_5th_pre_bid"": ""+670000"", ""sel_4th_pre_req_pre"": ""0"", ""sel_4th_pre_req"": ""16"", ""sel_4th_pre_bid"": ""+669000"", ""sel_3th_pre_req_pre"": ""0"", ""sel_3th_pre_req"": ""15"", ""sel_3th_pre_bid"": ""+668000"", ""sel_2th_pre_req_pre"": ""0"", ""sel_2th_pre_req"": ""7"", ""sel_2th_pre_bid"": ""+667000"", ""sel_1th_pre_req_pre"": ""--1"", ""sel_fpr_req"": ""52"", ""sel_fpr_bid"": ""+666000"", ""buy_fpr_bid"": ""+665000"", ""buy_fpr_req"": ""621"", ""buy_1th_pre_req_pre"": ""0"", ""buy_2th_pre_bid"": ""+664000"", ""buy_2th_pre_req"": ""1"", ""buy_2th_pre_req_pre"": ""0"", ""buy_3th_pre_bid"": ""+663000"", ""buy_3th_pre_req"": ""5"", ""buy_3th_pre_req_pre"": ""0"", ""buy_4th_pre_bid"": ""+662000"", ""buy_4th_pre_req"": ""73"", ""buy_4th_pre_req_pre"": ""0"", ""buy_5th_pre_bid"": ""+661000"", ""buy_5th_pre_req"": ""6"", ""buy_5th_pre_req_pre"": ""0"", ""buy_6th_pre_bid"": ""+660000"", ""buy_6th_pre_req"": ""76"", ""buy_6th_pre_req_pre"": ""0"", ""buy_7th_pre_bid"": ""+659000"", ""buy_7th_pre_req"": ""10"", ""buy_7th_pre_req_pre"": ""0"", ""buy_8th_pre_bid"": ""+657000"", ""buy_8th_pre_req"": ""2"", ""buy_8th_pre_req_pre"": ""0"", ""buy_9th_pre_bid"": ""+656000"", ""buy_9th_pre_req"": ""12"", ""buy_9th_pre_req_pre"": ""0"", ""buy_10th_pre_bid"": ""+655000"", ""buy_10th_pre_req"": ""20"", ""buy_10th_pre_req_pre"": ""0"", ""tot_sel_req_jub_pre"": ""--1"", ""tot_sel_req"": ""161"", ""tot_buy_req"": ""826"", ""tot_buy_req_jub_pre"": ""0"", ""ovt_sel_req_pre"": ""0"", ""ovt_sel_req"": ""0"", ""ovt_buy_req"": ""0"", ""ovt_buy_req_pre"": ""0"", ""return_code"": 0, ""return_msg"": ""정상적으로 처리되었습니다""}"
2026-06-10,scan_candidate,036570,,0,main_scan,259500,,259500,259000,259500,259500,-0.1926782273603083,0.1926782273603083,,,,,,"{""bid_req_base_tm"": ""100413"", ""sel_10th_pre_req_pre"": ""0"", ""sel_10th_pre_req"": ""51"", ""sel_10th_pre_bid"": ""-264000"", ""sel_9th_pre_req_pre"": ""0"", ""sel_9th_pre_req"": ""42"", ""sel_9th_pre_bid"": ""-263500"", ""sel_8th_pre_req_pre"": ""0"", ""sel_8th_pre_req"": ""16"", ""sel_8th_pre_bid"": ""-263000"", ""sel_7th_pre_req_pre"": ""0"", ""sel_7th_pre_req"": ""20"", ""sel_7th_pre_bid"": ""-262500"", ""sel_6th_pre_req_pre"": ""0"", ""sel_6th_pre_req"": ""22"", ""sel_6th_pre_bid"": ""-262000"", ""sel_5th_pre_req_pre"": ""0"", ""sel_5th_pre_req"": ""10"", ""sel_5th_pre_bid"": ""-261500"", ""sel_4th_pre_req_pre"": ""0"", ""sel_4th_pre_req"": ""19"", ""sel_4th_pre_bid"": ""-261000"", ""sel_3th_pre_req_pre"": ""0"", ""sel_3th_pre_req"": ""27"", ""sel_3th_pre_bid"": ""-260500"", ""sel_2th_pre_req_pre"": ""--48"", ""sel_2th_pre_req"": ""139"", ""sel_2th_pre_bid"": ""-260000"", ""sel_1th_pre_req_pre"": ""+48"", ""sel_fpr_req"": ""160"", ""sel_fpr_bid"": ""-259500"", ""buy_fpr_bid"": ""-259000"", ""buy_fpr_req"": ""6"", ""buy_1th_pre_req_pre"": ""0"", ""buy_2th_pre_bid"": ""-258500"", ""buy_2th_pre_req"": ""43"", ""buy_2th_pre_req_pre"": ""0"", ""buy_3th_pre_bid"": ""-258000"", ""buy_3th_pre_req"": ""50"", ""buy_3th_pre_req_pre"": ""0"", ""buy_4th_pre_bid"": ""-257500"", ""buy_4th_pre_req"": ""63"", ""buy_4th_pre_req_pre"": ""0"", ""buy_5th_pre_bid"": ""-257000"", ""buy_5th_pre_req"": ""98"", ""buy_5th_pre_req_pre"": ""0"", ""buy_6th_pre_bid"": ""-256500"", ""buy_6th_pre_req"": ""23"", ""buy_6th_pre_req_pre"": ""0"", ""buy_7th_pre_bid"": ""-256000"", ""buy_7th_pre_req"": ""93"", ""buy_7th_pre_req_pre"": ""0"", ""buy_8th_pre_bid"": ""-255500"", ""buy_8th_pre_req"": ""44"", ""buy_8th_pre_req_pre"": ""0"", ""buy_9th_pre_bid"": ""-255000"", ""buy_9th_pre_req"": ""184"", ""buy_9th_pre_req_pre"": ""0"", ""buy_10th_pre_bid"": ""-254500"", ""buy_10th_pre_req"": ""178"", ""buy_10th_pre_req_pre"": ""0"", ""tot_sel_req_jub_pre"": ""0"", ""tot_sel_req"": ""506"", ""tot_buy_req"": ""782"", ""tot_buy_req_jub_pre"": ""0"", ""ovt_sel_req_pre"": ""0"", ""ovt_sel_req"": ""0"", ""ovt_buy_req"": ""0"", ""ovt_buy_req_pre"": ""0"", ""return_code"": 0, ""return_msg"": ""정상적으로 처리되었습니다""}"
2026-06-10,scan_candidate,271560,,0,main_scan,132900,,132900,132800,132900,132500,-0.6772009029345373,0.07524454477050413,,,,,,"{""bid_req_base_tm"": ""100410"", ""sel_10th_pre_req_pre"": ""0"", ""sel_10th_pre_req"": ""132"", ""sel_10th_pre_bid"": ""+134000"", ""sel_9th_pre_req_pre"": ""0"", ""sel_9th_pre_req"": ""200"", ""sel_9th_pre_bid"": ""+133900"", ""sel_8th_pre_req_pre"": ""0"", ""sel_8th_pre_req"": ""20"", ""sel_8th_pre_bid"": ""+133800"", ""sel_7th_pre_req_pre"": ""0"", ""sel_7th_pre_req"": ""100"", ""sel_7th_pre_bid"": ""+133700"", ""sel_6th_pre_req_pre"": ""0"", ""sel_6th_pre_req"": ""25"", ""sel_6th_pre_bid"": ""+133600"", ""sel_5th_pre_req_pre"": ""0"", ""sel_5th_pre_req"": ""27"", ""sel_5th_pre_bid"": ""+133500"", ""sel_4th_pre_req_pre"": ""0"", ""sel_4th_pre_req"": ""3"", ""sel_4th_pre_bid"": ""+133200"", ""sel_3th_pre_req_pre"": ""0"", ""sel_3th_pre_req"": ""6"", ""sel_3th_pre_bid"": ""+133100"", ""sel_2th_pre_req_pre"": ""0"", ""sel_2th_pre_req"": ""91"", ""sel_2th_pre_bid"": ""+133000"", ""sel_1th_pre_req_pre"": ""0"", ""sel_fpr_req"": ""9"", ""sel_fpr_bid"": ""132900"", ""buy_fpr_bid"": ""-132800"", ""buy_fpr_req"": ""182"", ""buy_1th_pre_req_pre"": ""--2"", ""buy_2th_pre_bid"": ""-132700"", ""buy_2th_pre_req"": ""50"", ""buy_2th_pre_req_pre"": ""0"", ""buy_3th_pre_bid"": ""-132600"", ""buy_3th_pre_req"": ""38"", ""buy_3th_pre_req_pre"": ""0"", ""buy_4th_pre_bid"": ""-132500"", ""buy_4th_pre_req"": ""32"", ""buy_4th_pre_req_pre"": ""0"", ""buy_5th_pre_bid"": ""-132400"", ""buy_5th_pre_req"": ""5"", ""buy_5th_pre_req_pre"": ""0"", ""buy_6th_pre_bid"": ""-132300"", ""buy_6th_pre_req"": ""7"", ""buy_6th_pre_req_pre"": ""0"", ""buy_7th_pre_bid"": ""-132200"", ""buy_7th_pre_req"": ""123"", ""buy_7th_pre_req_pre"": ""0"", ""buy_8th_pre_bid"": ""-132100"", ""buy_8th_pre_req"": ""48"", ""buy_8th_pre_req_pre"": ""0"", ""buy_9th_pre_bid"": ""-132000"", ""buy_9th_pre_req"": ""36"", ""buy_9th_pre_req_pre"": ""0"", ""buy_10th_pre_bid"": ""-131700"", ""buy_10th_pre_req"": ""46"", ""buy_10th_pre_req_pre"": ""0"", ""tot_sel_req_jub_pre"": ""0"", ""tot_sel_req"": ""613"", ""tot_buy_req"": ""567"", ""tot_buy_req_jub_pre"": ""--2"", ""ovt_sel_req_pre"": ""0"", ""ovt_sel_req"": ""0"", ""ovt_buy_req"": ""0"", ""ovt_buy_req_pre"": ""0"", ""return_code"": 0, ""return_msg"": ""정상적으로 처리되었습니다""}"
2026-06-10,scan_candidate,023530,,0,main_scan,190400,,190400,190100,190400,189500,-0.7352941176470588,0.15756302521008403,,,,,,"{""bid_req_base_tm"": ""100413"", ""sel_10th_pre_req_pre"": ""0"", ""sel_10th_pre_req"": ""90"", ""sel_10th_pre_bid"": ""+191400"", ""sel_9th_pre_req_pre"": ""0"", ""sel_9th_pre_req"": ""6"", ""sel_9th_pre_bid"": ""+191300"", ""sel_8th_pre_req_pre"": ""0"", ""sel_8th_pre_req"": ""6"", ""sel_8th_pre_bid"": ""+191200"", ""sel_7th_pre_req_pre"": ""0"", ""sel_7th_pre_req"": ""230"", ""sel_7th_pre_bid"": ""+191100"", ""sel_6th_pre_req_pre"": ""0"", ""sel_6th_pre_req"": ""57"", ""sel_6th_pre_bid"": ""+191000"", ""sel_5th_pre_req_pre"": ""0"", ""sel_5th_pre_req"": ""13"", ""sel_5th_pre_bid"": ""+190900"", ""sel_4th_pre_req_pre"": ""0"", ""sel_4th_pre_req"": ""14"", ""sel_4th_pre_bid"": ""+190800"", ""sel_3th_pre_req_pre"": ""--15"", ""sel_3th_pre_req"": ""19"", ""sel_3th_pre_bid"": ""+190700"", ""sel_2th_pre_req_pre"": ""+21"", ""sel_2th_pre_req"": ""41"", ""sel_2th_pre_bid"": ""+190500"", ""sel_1th_pre_req_pre"": ""0"", ""sel_fpr_req"": ""13"", ""sel_fpr_bid"": ""+190400"", ""buy_fpr_bid"": ""+190100"", ""buy_fpr_req"": ""12"", ""buy_1th_pre_req_pre"": ""0"", ""buy_2th_pre_bid"": ""+190000"", ""buy_2th_pre_req"": ""28"", ""buy_2th_pre_req_pre"": ""+20"", ""buy_3th_pre_bid"": ""+189900"", ""buy_3th_pre_req"": ""22"", ""buy_3th_pre_req_pre"": ""--21"", ""buy_4th_pre_bid"": ""+189800"", ""buy_4th_pre_req"": ""27"", ""buy_4th_pre_req_pre"": ""0"", ""buy_5th_pre_bid"": ""+189700"", ""buy_5th_pre_req"": ""6"", ""buy_5th_pre_req_pre"": ""0"", ""buy_6th_pre_bid"": ""+189600"", ""buy_6th_pre_req"": ""6"", ""buy_6th_pre_req_pre"": ""0"", ""buy_7th_pre_bid"": ""+189200"", ""buy_7th_pre_req"": ""1"", ""buy_7th_pre_req_pre"": ""0"", ""buy_8th_pre_bid"": ""+189000"", ""buy_8th_pre_req"": ""6"", ""buy_8th_pre_req_pre"": ""0"", ""buy_9th_pre_bid"": ""+188800"", ""buy_9th_pre_req"": ""50"", ""buy_9th_pre_req_pre"": ""0"", ""buy_10th_pre_bid"": ""+188300"", ""buy_10th_pre_req"": ""4"", ""buy_10th_pre_req_pre"": ""0"", ""tot_sel_req_jub_pre"": ""+6"", ""tot_sel_req"": ""489"", ""tot_buy_req"": ""162"", ""tot_buy_req_jub_pre"": ""--1"", ""ovt_sel_req_pre"": ""0"", ""ovt_sel_req"": ""0"", ""ovt_buy_req"": ""0"", ""ovt_buy_req_pre"": ""0"", ""return_code"": 0, ""return_msg"": ""정상적으로 처리되었습니다""}"
2026-06-10,scan_candidate,175330,,0,main_scan,25750,,25750,25650,25750,25650,-0.5825242718446602,0.3883495145631068,,,,,,"{""bid_req_base_tm"": ""100415"", ""sel_10th_pre_req_pre"": ""0"", ""sel_10th_pre_req"": ""1368"", ""sel_10th_pre_bid"": ""+26200"", ""sel_9th_pre_req_pre"": ""0"", ""sel_9th_pre_req"": ""2192"", ""sel_9th_pre_bid"": ""+26150"", ""sel_8th_pre_req_pre"": ""0"", ""sel_8th_pre_req"": ""297"", ""sel_8th_pre_bid"": ""+26100"", ""sel_7th_pre_req_pre"": ""0"", ""sel_7th_pre_req"": ""208"", ""sel_7th_pre_bid"": ""+26050"", ""sel_6th_pre_req_pre"": ""0"", ""sel_6th_pre_req"": ""233"", ""sel_6th_pre_bid"": ""+26000"", ""sel_5th_pre_req_pre"": ""0"", ""sel_5th_pre_req"": ""142"", ""sel_5th_pre_bid"": ""+25950"", ""sel_4th_pre_req_pre"": ""0"", ""sel_4th_pre_req"": ""32"", ""sel_4th_pre_bid"": ""25900"", ""sel_3th_pre_req_pre"": ""0"", ""sel_3th_pre_req"": ""454"", ""sel_3th_pre_bid"": ""-25850"", ""sel_2th_pre_req_pre"": ""0"", ""sel_2th_pre_req"": ""861"", ""sel_2th_pre_bid"": ""-25800"", ""sel_1th_pre_req_pre"": ""0"", ""sel_fpr_req"": ""1005"", ""sel_fpr_bid"": ""-25750"", ""buy_fpr_bid"": ""-25650"", ""buy_fpr_req"": ""508"", ""buy_1th_pre_req_pre"": ""0"", ""buy_2th_pre_bid"": ""-25600"", ""buy_2th_pre_req"": ""525"", ""buy_2th_pre_req_pre"": ""0"", ""buy_3th_pre_bid"": ""-25550"", ""buy_3th_pre_req"": ""564"", ""buy_3th_pre_req_pre"": ""0"", ""buy_4th_pre_bid"": ""-25500"", ""buy_4th_pre_req"": ""443"", ""buy_4th_pre_req_pre"": ""0"", ""buy_5th_pre_bid"": ""-25450"", ""buy_5th_pre_req"": ""1240"", ""buy_5th_pre_req_pre"": ""0"", ""buy_6th_pre_bid"": ""-25400"", ""buy_6th_pre_req"": ""575"", ""buy_6th_pre_req_pre"": ""0"", ""buy_7th_pre_bid"": ""-25350"", ""buy_7th_pre_req"": ""251"", ""buy_7th_pre_req_pre"": ""0"", ""buy_8th_pre_bid"": ""-25300"", ""buy_8th_pre_req"": ""389"", ""buy_8th_pre_req_pre"": ""0"", ""buy_9th_pre_bid"": ""-25250"", ""buy_9th_pre_req"": ""483"", ""buy_9th_pre_req_pre"": ""0"", ""buy_10th_pre_bid"": ""-25200"", ""buy_10th_pre_req"": ""301"", ""buy_10th_pre_req_pre"": ""0"", ""tot_sel_req_jub_pre"": ""0"", ""tot_sel_req"": ""6792"", ""tot_buy_req"": ""5279"", ""tot_buy_req_jub_pre"": ""0"", ""ovt_sel_req_pre"": ""0"", ""ovt_sel_req"": ""0"", ""ovt_buy_req"": ""0"", ""ovt_buy_req_pre"": ""0"", ""return_code"": 0, ""return_msg"": ""정상적으로 처리되었습니다""}"
2026-06-10,scan_candidate,088350,,0,main_scan,4965,,4965,4960,4965,4950,-0.4028197381671702,0.10070493454179255,,,,,,"{""bid_req_base_tm"": ""100415"", ""sel_10th_pre_req_pre"": ""0"", ""sel_10th_pre_req"": ""1970"", ""sel_10th_pre_bid"": ""+5020"", ""sel_9th_pre_req_pre"": ""0"", ""sel_9th_pre_req"": ""22347"", ""sel_9th_pre_bid"": ""5010"", ""sel_8th_pre_req_pre"": ""0"", ""sel_8th_pre_req"": ""14778"", ""sel_8th_pre_bid"": ""-5000"", ""sel_7th_pre_req_pre"": ""0"", ""sel_7th_pre_req"": ""9164"", ""sel_7th_pre_bid"": ""-4995"", ""sel_6th_pre_req_pre"": ""0"", ""sel_6th_pre_req"": ""5534"", ""sel_6th_pre_bid"": ""-4990"", ""sel_5th_pre_req_pre"": ""+25"", ""sel_5th_pre_req"": ""3657"", ""sel_5th_pre_bid"": ""-4985"", ""sel_4th_pre_req_pre"": ""0"", ""sel_4th_pre_req"": ""1260"", ""sel_4th_pre_bid"": ""-4980"", ""sel_3th_pre_req_pre"": ""0"", ""sel_3th_pre_req"": ""3293"", ""sel_3th_pre_bid"": ""-4975"", ""sel_2th_pre_req_pre"": ""0"", ""sel_2th_pre_req"": ""1874"", ""sel_2th_pre_bid"": ""-4970"", ""sel_1th_pre_req_pre"": ""0"", ""sel_fpr_req"": ""804"", ""sel_fpr_bid"": ""-4965"", ""buy_fpr_bid"": ""-4960"", ""buy_fpr_req"": ""197"", ""buy_1th_pre_req_pre"": ""0"", ""buy_2th_pre_bid"": ""-4955"", ""buy_2th_pre_req"": ""153"", ""buy_2th_pre_req_pre"": ""0"", ""buy_3th_pre_bid"": ""-4950"", ""buy_3th_pre_req"": ""2701"", ""buy_3th_pre_req_pre"": ""0"", ""buy_4th_pre_bid"": ""-4945"", ""buy_4th_pre_req"": ""1256"", ""buy_4th_pre_req_pre"": ""0"", ""buy_5th_pre_bid"": ""-4940"", ""buy_5th_pre_req"": ""572"", ""buy_5th_pre_req_pre"": ""0"", ""buy_6th_pre_bid"": ""-4935"", ""buy_6th_pre_req"": ""91"", ""buy_6th_pre_req_pre"": ""0"", ""buy_7th_pre_bid"": ""-4930"", ""buy_7th_pre_req"": ""420"", ""buy_7th_pre_req_pre"": ""0"", ""buy_8th_pre_bid"": ""-4925"", ""buy_8th_pre_req"": ""3167"", ""buy_8th_pre_req_pre"": ""0"", ""buy_9th_pre_bid"": ""-4920"", ""buy_9th_pre_req"": ""7"", ""buy_9th_pre_req_pre"": ""0"", ""buy_10th_pre_bid"": ""-4915"", ""buy_10th_pre_req"": ""9"", ""buy_10th_pre_req_pre"": ""0"", ""tot_sel_req_jub_pre"": ""+25"", ""tot_sel_req"": ""64681"", ""tot_buy_req"": ""8573"", ""tot_buy_req_jub_pre"": ""0"", ""ovt_sel_req_pre"": ""0"", ""ovt_sel_req"": ""0"", ""ovt_buy_req"": ""0"", ""ovt_buy_req_pre"": ""0"", ""return_code"": 0, ""return_msg"": ""정상적으로 처리되었습니다""}"
2026-06-10,scan_candidate,069960,,0,main_scan,163000,,163000,162200,163000,162000,-0.9202453987730062,0.49079754601227,,,,,,"{""bid_req_base_tm"": ""100414"", ""sel_10th_pre_req_pre"": ""0"", ""sel_10th_pre_req"": ""1"", ""sel_10th_pre_bid"": ""-165500"", ""sel_9th_pre_req_pre"": ""0"", ""sel_9th_pre_req"": ""1"", ""sel_9th_pre_bid"": ""-165400"", ""sel_8th_pre_req_pre"": ""0"", ""sel_8th_pre_req"": ""1"", ""sel_8th_pre_bid"": ""-165200"", ""sel_7th_pre_req_pre"": ""0"", ""sel_7th_pre_req"": ""8"", ""sel_7th_pre_bid"": ""-164800"", ""sel_6th_pre_req_pre"": ""0"", ""sel_6th_pre_req"": ""1"", ""sel_6th_pre_bid"": ""-164400"", ""sel_5th_pre_req_pre"": ""0"", ""sel_5th_pre_req"": ""4"", ""sel_5th_pre_bid"": ""-163600"", ""sel_4th_pre_req_pre"": ""0"", ""sel_4th_pre_req"": ""30"", ""sel_4th_pre_bid"": ""-163500"", ""sel_3th_pre_req_pre"": ""0"", ""sel_3th_pre_req"": ""262"", ""sel_3th_pre_bid"": ""-163200"", ""sel_2th_pre_req_pre"": ""0"", ""sel_2th_pre_req"": ""543"", ""sel_2th_pre_bid"": ""-163100"", ""sel_1th_pre_req_pre"": ""+4"", ""sel_fpr_req"": ""24"", ""sel_fpr_bid"": ""-163000"", ""buy_fpr_bid"": ""-162200"", ""buy_fpr_req"": ""20"", ""buy_1th_pre_req_pre"": ""+4"", ""buy_2th_pre_bid"": ""-162100"", ""buy_2th_pre_req"": ""109"", ""buy_2th_pre_req_pre"": ""0"", ""buy_3th_pre_bid"": ""-162000"", ""buy_3th_pre_req"": ""4"", ""buy_3th_pre_req_pre"": ""0"", ""buy_4th_pre_bid"": ""-161800"", ""buy_4th_pre_req"": ""3"", ""buy_4th_pre_req_pre"": ""0"", ""buy_5th_pre_bid"": ""-161700"", ""buy_5th_pre_req"": ""2"", ""buy_5th_pre_req_pre"": ""0"", ""buy_6th_pre_bid"": ""-161500"", ""buy_6th_pre_req"": ""5"", ""buy_6th_pre_req_pre"": ""0"", ""buy_7th_pre_bid"": ""-161200"", ""buy_7th_pre_req"": ""25"", ""buy_7th_pre_req_pre"": ""0"", ""buy_8th_pre_bid"": ""-161100"", ""buy_8th_pre_req"": ""29"", ""buy_8th_pre_req_pre"": ""0"", ""buy_9th_pre_bid"": ""-161000"", ""buy_9th_pre_req"": ""103"", ""buy_9th_pre_req_pre"": ""0"", ""buy_10th_pre_bid"": ""-160900"", ""buy_10th_pre_req"": ""130"", ""buy_10th_pre_req_pre"": ""0"", ""tot_sel_req_jub_pre"": ""+4"", ""tot_sel_req"": ""875"", ""tot_buy_req"": ""430"", ""tot_buy_req_jub_pre"": ""+4"", ""ovt_sel_req_pre"": ""0"", ""ovt_sel_req"": ""0"", ""ovt_buy_req"": ""0"", ""ovt_buy_req_pre"": ""0"", ""return_code"": 0, ""return_msg"": ""정상적으로 처리되었습니다""}"
2026-06-10,scan_candidate,111770,,0,main_scan,79100,,79100,79000,79100,78900,-0.37926675094816686,0.12642225031605564,,,,,,"{""bid_req_base_tm"": ""100415"", ""sel_10th_pre_req_pre"": ""0"", ""sel_10th_pre_req"": ""6"", ""sel_10th_pre_bid"": ""+80300"", ""sel_9th_pre_req_pre"": ""0"", ""sel_9th_pre_req"": ""191"", ""sel_9th_pre_bid"": ""+80000"", ""sel_8th_pre_req_pre"": ""0"", ""sel_8th_pre_req"": ""131"", ""sel_8th_pre_bid"": ""+79900"", ""sel_7th_pre_req_pre"": ""0"", ""sel_7th_pre_req"": ""2"", ""sel_7th_pre_bid"": ""+79800"", ""sel_6th_pre_req_pre"": ""0"", ""sel_6th_pre_req"": ""1"", ""sel_6th_pre_bid"": ""+79700"", ""sel_5th_pre_req_pre"": ""0"", ""sel_5th_pre_req"": ""3"", ""sel_5th_pre_bid"": ""+79600"", ""sel_4th_pre_req_pre"": ""0"", ""sel_4th_pre_req"": ""29"", ""sel_4th_pre_bid"": ""+79500"", ""sel_3th_pre_req_pre"": ""0"", ""sel_3th_pre_req"": ""9"", ""sel_3th_pre_bid"": ""+79300"", ""sel_2th_pre_req_pre"": ""0"", ""sel_2th_pre_req"": ""72"", ""sel_2th_pre_bid"": ""+79200"", ""sel_1th_pre_req_pre"": ""0"", ""sel_fpr_req"": ""77"", ""sel_fpr_bid"": ""+79100"", ""buy_fpr_bid"": ""+79000"", ""buy_fpr_req"": ""62"", ""buy_1th_pre_req_pre"": ""0"", ""buy_2th_pre_bid"": ""+78900"", ""buy_2th_pre_req"": ""46"", ""buy_2th_pre_req_pre"": ""+8"", ""buy_3th_pre_bid"": ""+78800"", ""buy_3th_pre_req"": ""3"", ""buy_3th_pre_req_pre"": ""0"", ""buy_4th_pre_bid"": ""+78700"", ""buy_4th_pre_req"": ""3"", ""buy_4th_pre_req_pre"": ""0"", ""buy_5th_pre_bid"": ""+78600"", ""buy_5th_pre_req"": ""4"", ""buy_5th_pre_req_pre"": ""0"", ""buy_6th_pre_bid"": ""+78500"", ""buy_6th_pre_req"": ""7"", ""buy_6th_pre_req_pre"": ""0"", ""buy_7th_pre_bid"": ""+78300"", ""buy_7th_pre_req"": ""7"", ""buy_7th_pre_req_pre"": ""0"", ""buy_8th_pre_bid"": ""+78200"", ""buy_8th_pre_req"": ""11"", ""buy_8th_pre_req_pre"": ""0"", ""buy_9th_pre_bid"": ""+78100"", ""buy_9th_pre_req"": ""19"", ""buy_9th_pre_req_pre"": ""0"", ""buy_10th_pre_bid"": ""78000"", ""buy_10th_pre_req"": ""58"", ""buy_10th_pre_req_pre"": ""0"", ""tot_sel_req_jub_pre"": ""0"", ""tot_sel_req"": ""521"", ""tot_buy_req"": ""220"", ""tot_buy_req_jub_pre"": ""+8"", ""ovt_sel_req_pre"": ""0"", ""ovt_sel_req"": ""0"", ""ovt_buy_req"": ""0"", ""ovt_buy_req_pre"": ""0"", ""return_code"": 0, ""return_msg"": ""정상적으로 처리되었습니다""}"
2026-06-10,scan_candidate,489790,,0,main_scan,70400,,70400,70200,70400,69900,-0.8522727272727272,0.2840909090909091,,,,,,"{""bid_req_base_tm"": ""100416"", ""sel_10th_pre_req_pre"": ""0"", ""sel_10th_pre_req"": ""311"", ""sel_10th_pre_bid"": ""+71300"", ""sel_9th_pre_req_pre"": ""0"", ""sel_9th_pre_req"": ""287"", ""sel_9th_pre_bid"": ""+71200"", ""sel_8th_pre_req_pre"": ""0"", ""sel_8th_pre_req"": ""548"", ""sel_8th_pre_bid"": ""+71100"", ""sel_7th_pre_req_pre"": ""--80"", ""sel_7th_pre_req"": ""1211"", ""sel_7th_pre_bid"": ""+71000"", ""sel_6th_pre_req_pre"": ""0"", ""sel_6th_pre_req"": ""381"", ""sel_6th_pre_bid"": ""+70900"", ""sel_5th_pre_req_pre"": ""0"", ""sel_5th_pre_req"": ""275"", ""sel_5th_pre_bid"": ""+70800"", ""sel_4th_pre_req_pre"": ""0"", ""sel_4th_pre_req"": ""649"", ""sel_4th_pre_bid"": ""+70700"", ""sel_3th_pre_req_pre"": ""0"", ""sel_3th_pre_req"": ""143"", ""sel_3th_pre_bid"": ""+70600"", ""sel_2th_pre_req_pre"": ""0"", ""sel_2th_pre_req"": ""213"", ""sel_2th_pre_bid"": ""+70500"", ""sel_1th_pre_req_pre"": ""0"", ""sel_fpr_req"": ""53"", ""sel_fpr_bid"": ""+70400"", ""buy_fpr_bid"": ""+70200"", ""buy_fpr_req"": ""4"", ""buy_1th_pre_req_pre"": ""0"", ""buy_2th_pre_bid"": ""+69900"", ""buy_2th_pre_req"": ""17"", ""buy_2th_pre_req_pre"": ""0"", ""buy_3th_pre_bid"": ""+69800"", ""buy_3th_pre_req"": ""395"", ""buy_3th_pre_req_pre"": ""0"", ""buy_4th_pre_bid"": ""+69700"", ""buy_4th_pre_req"": ""27"", ""buy_4th_pre_req_pre"": ""0"", ""buy_5th_pre_bid"": ""+69600"", ""buy_5th_pre_req"": ""2"", ""buy_5th_pre_req_pre"": ""0"", ""buy_6th_pre_bid"": ""+69500"", ""buy_6th_pre_req"": ""1"", ""buy_6th_pre_req_pre"": ""0"", ""buy_7th_pre_bid"": ""+69400"", ""buy_7th_pre_req"": ""109"", ""buy_7th_pre_req_pre"": ""0"", ""buy_8th_pre_bid"": ""+69300"", ""buy_8th_pre_req"": ""52"", ""buy_8th_pre_req_pre"": ""0"", ""buy_9th_pre_bid"": ""+69200"", ""buy_9th_pre_req"": ""3"", ""buy_9th_pre_req_pre"": ""0"", ""buy_10th_pre_bid"": ""+69100"", ""buy_10th_pre_req"": ""94"", ""buy_10th_pre_req_pre"": ""0"", ""tot_sel_req_jub_pre"": ""--80"", ""tot_sel_req"": ""4071"", ""tot_buy_req"": ""704"", ""tot_buy_req_jub_pre"": ""0"", ""ovt_sel_req_pre"": ""0"", ""ovt_sel_req"": ""0"", ""ovt_buy_req"": ""0"", ""ovt_buy_req_pre"": ""0"", ""return_code"": 0, ""return_msg"": ""정상적으로 처리되었습니다""}"
2026-06-10,scan_candidate,085620,,0,main_scan,22100,,22100,22000,22100,22000,-0.6787330316742082,0.4524886877828055,,,,,,"{""bid_req_base_tm"": ""100416"", ""sel_10th_pre_req_pre"": ""0"", ""sel_10th_pre_req"": ""143"", ""sel_10th_pre_bid"": ""-22550"", ""sel_9th_pre_req_pre"": ""0"", ""sel_9th_pre_req"": ""11651"", ""sel_9th_pre_bid"": ""-22500"", ""sel_8th_pre_req_pre"": ""0"", ""sel_8th_pre_req"": ""4873"", ""sel_8th_pre_bid"": ""-22450"", ""sel_7th_pre_req_pre"": ""0"", ""sel_7th_pre_req"": ""1537"", ""sel_7th_pre_bid"": ""-22400"", ""sel_6th_pre_req_pre"": ""0"", ""sel_6th_pre_req"": ""447"", ""sel_6th_pre_bid"": ""-22350"", ""sel_5th_pre_req_pre"": ""0"", ""sel_5th_pre_req"": ""1152"", ""sel_5th_pre_bid"": ""-22300"", ""sel_4th_pre_req_pre"": ""0"", ""sel_4th_pre_req"": ""777"", ""sel_4th_pre_bid"": ""-22250"", ""sel_3th_pre_req_pre"": ""0"", ""sel_3th_pre_req"": ""1628"", ""sel_3th_pre_bid"": ""-22200"", ""sel_2th_pre_req_pre"": ""0"", ""sel_2th_pre_req"": ""2284"", ""sel_2th_pre_bid"": ""-22150"", ""sel_1th_pre_req_pre"": ""0"", ""sel_fpr_req"": ""1439"", ""sel_fpr_bid"": ""-22100"", ""buy_fpr_bid"": ""-22000"", ""buy_fpr_req"": ""160"", ""buy_1th_pre_req_pre"": ""+5"", ""buy_2th_pre_bid"": ""-21950"", ""buy_2th_pre_req"": ""769"", ""buy_2th_pre_req_pre"": ""0"", ""buy_3th_pre_bid"": ""-21900"", ""buy_3th_pre_req"": ""915"", ""buy_3th_pre_req_pre"": ""0"", ""buy_4th_pre_bid"": ""-21850"", ""buy_4th_pre_req"": ""1122"", ""buy_4th_pre_req_pre"": ""0"", ""buy_5th_pre_bid"": ""-21800"", ""buy_5th_pre_req"": ""7777"", ""buy_5th_pre_req_pre"": ""0"", ""buy_6th_pre_bid"": ""-21750"", ""buy_6th_pre_req"": ""2516"", ""buy_6th_pre_req_pre"": ""0"", ""buy_7th_pre_bid"": ""-21700"", ""buy_7th_pre_req"": ""1428"", ""buy_7th_pre_req_pre"": ""0"", ""buy_8th_pre_bid"": ""-21650"", ""buy_8th_pre_req"": ""2387"", ""buy_8th_pre_req_pre"": ""0"", ""buy_9th_pre_bid"": ""-21600"", ""buy_9th_pre_req"": ""5883"", ""buy_9th_pre_req_pre"": ""0"", ""buy_10th_pre_bid"": ""-21550"", ""buy_10th_pre_req"": ""1576"", ""buy_10th_pre_req_pre"": ""0"", ""tot_sel_req_jub_pre"": ""0"", ""tot_sel_req"": ""25931"", ""tot_buy_req"": ""24533"", ""tot_buy_req_jub_pre"": ""+5"", ""ovt_sel_req_pre"": ""0"", ""ovt_sel_req"": ""0"", ""ovt_buy_req"": ""0"", ""ovt_buy_req_pre"": ""0"", ""return_code"": 0, ""return_msg"": ""정상적으로 처리되었습니다""}"
2026-06-10,scan_candidate,001450,,0,main_scan,38700,,38700,38650,38700,38600,-0.3875968992248062,0.12919896640826875,,,,,,"{""bid_req_base_tm"": ""100416"", ""sel_10th_pre_req_pre"": ""0"", ""sel_10th_pre_req"": ""1022"", ""sel_10th_pre_bid"": ""+39150"", ""sel_9th_pre_req_pre"": ""0"", ""sel_9th_pre_req"": ""360"", ""sel_9th_pre_bid"": ""+39100"", ""sel_8th_pre_req_pre"": ""0"", ""sel_8th_pre_req"": ""734"", ""sel_8th_pre_bid"": ""+39050"", ""sel_7th_pre_req_pre"": ""0"", ""sel_7th_pre_req"": ""1381"", ""sel_7th_pre_bid"": ""+39000"", ""sel_6th_pre_req_pre"": ""0"", ""sel_6th_pre_req"": ""203"", ""sel_6th_pre_bid"": ""+38950"", ""sel_5th_pre_req_pre"": ""0"", ""sel_5th_pre_req"": ""999"", ""sel_5th_pre_bid"": ""+38900"", ""sel_4th_pre_req_pre"": ""0"", ""sel_4th_pre_req"": ""782"", ""sel_4th_pre_bid"": ""+38850"", ""sel_3th_pre_req_pre"": ""0"", ""sel_3th_pre_req"": ""260"", ""sel_3th_pre_bid"": ""+38800"", ""sel_2th_pre_req_pre"": ""0"", ""sel_2th_pre_req"": ""346"", ""sel_2th_pre_bid"": ""+38750"", ""sel_1th_pre_req_pre"": ""0"", ""sel_fpr_req"": ""350"", ""sel_fpr_bid"": ""+38700"", ""buy_fpr_bid"": ""+38650"", ""buy_fpr_req"": ""44"", ""buy_1th_pre_req_pre"": ""0"", ""buy_2th_pre_bid"": ""+38600"", ""buy_2th_pre_req"": ""325"", ""buy_2th_pre_req_pre"": ""0"", ""buy_3th_pre_bid"": ""+38550"", ""buy_3th_pre_req"": ""323"", ""buy_3th_pre_req_pre"": ""0"", ""buy_4th_pre_bid"": ""+38500"", ""buy_4th_pre_req"": ""209"", ""buy_4th_pre_req_pre"": ""0"", ""buy_5th_pre_bid"": ""+38450"", ""buy_5th_pre_req"": ""175"", ""buy_5th_pre_req_pre"": ""0"", ""buy_6th_pre_bid"": ""+38400"", ""buy_6th_pre_req"": ""221"", ""buy_6th_pre_req_pre"": ""0"", ""buy_7th_pre_bid"": ""+38350"", ""buy_7th_pre_req"": ""76"", ""buy_7th_pre_req_pre"": ""0"", ""buy_8th_pre_bid"": ""+38300"", ""buy_8th_pre_req"": ""76"", ""buy_8th_pre_req_pre"": ""0"", ""buy_9th_pre_bid"": ""+38250"", ""buy_9th_pre_req"": ""2512"", ""buy_9th_pre_req_pre"": ""0"", ""buy_10th_pre_bid"": ""+38200"", ""buy_10th_pre_req"": ""618"", ""buy_10th_pre_req_pre"": ""0"", ""tot_sel_req_jub_pre"": ""0"", ""tot_sel_req"": ""6437"", ""tot_buy_req"": ""4579"", ""tot_buy_req_jub_pre"": ""0"", ""ovt_sel_req_pre"": ""0"", ""ovt_sel_req"": ""0"", ""ovt_buy_req"": ""0"", ""ovt_buy_req_pre"": ""0"", ""return_code"": 0, ""return_msg"": ""정상적으로 처리되었습니다""}"
2026-06-10,scan_candidate,036460,,0,main_scan,34350,,34350,34300,34350,34400,0.0,0.1455604075691412,,,,,,"{""bid_req_base_tm"": ""100414"", ""sel_10th_pre_req_pre"": ""0"", ""sel_10th_pre_req"": ""17"", ""sel_10th_pre_bid"": ""+34800"", ""sel_9th_pre_req_pre"": ""0"", ""sel_9th_pre_req"": ""61"", ""sel_9th_pre_bid"": ""+34750"", ""sel_8th_pre_req_pre"": ""0"", ""sel_8th_pre_req"": ""196"", ""sel_8th_pre_bid"": ""+34700"", ""sel_7th_pre_req_pre"": ""0"", ""sel_7th_pre_req"": ""271"", ""sel_7th_pre_bid"": ""+34650"", ""sel_6th_pre_req_pre"": ""0"", ""sel_6th_pre_req"": ""629"", ""sel_6th_pre_bid"": ""+34600"", ""sel_5th_pre_req_pre"": ""+1"", ""sel_5th_pre_req"": ""226"", ""sel_5th_pre_bid"": ""+34550"", ""sel_4th_pre_req_pre"": ""0"", ""sel_4th_pre_req"": ""702"", ""sel_4th_pre_bid"": ""+34500"", ""sel_3th_pre_req_pre"": ""0"", ""sel_3th_pre_req"": ""471"", ""sel_3th_pre_bid"": ""+34450"", ""sel_2th_pre_req_pre"": ""0"", ""sel_2th_pre_req"": ""1473"", ""sel_2th_pre_bid"": ""+34400"", ""sel_1th_pre_req_pre"": ""0"", ""sel_fpr_req"": ""374"", ""sel_fpr_bid"": ""+34350"", ""buy_fpr_bid"": ""+34300"", ""buy_fpr_req"": ""308"", ""buy_1th_pre_req_pre"": ""0"", ""buy_2th_pre_bid"": ""+34250"", ""buy_2th_pre_req"": ""386"", ""buy_2th_pre_req_pre"": ""0"", ""buy_3th_pre_bid"": ""+34200"", ""buy_3th_pre_req"": ""552"", ""buy_3th_pre_req_pre"": ""0"", ""buy_4th_pre_bid"": ""+34150"", ""buy_4th_pre_req"": ""301"", ""buy_4th_pre_req_pre"": ""0"", ""buy_5th_pre_bid"": ""+34100"", ""buy_5th_pre_req"": ""419"", ""buy_5th_pre_req_pre"": ""0"", ""buy_6th_pre_bid"": ""+34050"", ""buy_6th_pre_req"": ""921"", ""buy_6th_pre_req_pre"": ""0"", ""buy_7th_pre_bid"": ""34000"", ""buy_7th_pre_req"": ""3021"", ""buy_7th_pre_req_pre"": ""0"", ""buy_8th_pre_bid"": ""-33950"", ""buy_8th_pre_req"": ""854"", ""buy_8th_pre_req_pre"": ""0"", ""buy_9th_pre_bid"": ""-33900"", ""buy_9th_pre_req"": ""831"", ""buy_9th_pre_req_pre"": ""0"", ""buy_10th_pre_bid"": ""-33850"", ""buy_10th_pre_req"": ""269"", ""buy_10th_pre_req_pre"": ""0"", ""tot_sel_req_jub_pre"": ""+1"", ""tot_sel_req"": ""4420"", ""tot_buy_req"": ""7862"", ""tot_buy_req_jub_pre"": ""0"", ""ovt_sel_req_pre"": ""0"", ""ovt_sel_req"": ""0"", ""ovt_buy_req"": ""0"", ""ovt_buy_req_pre"": ""0"", ""return_code"": 0, ""return_msg"": ""정상적으로 처리되었습니다""}"
2026-06-10,scan_candidate,007810,,0,main_scan,120600,,120600,120400,120600,120500,-0.4975124378109453,0.16583747927031509,,,,,,"{""bid_req_base_tm"": ""100416"", ""sel_10th_pre_req_pre"": ""0"", ""sel_10th_pre_req"": ""1"", ""sel_10th_pre_bid"": ""+121600"", ""sel_9th_pre_req_pre"": ""0"", ""sel_9th_pre_req"": ""201"", ""sel_9th_pre_bid"": ""+121500"", ""sel_8th_pre_req_pre"": ""0"", ""sel_8th_pre_req"": ""113"", ""sel_8th_pre_bid"": ""+121400"", ""sel_7th_pre_req_pre"": ""0"", ""sel_7th_pre_req"": ""1"", ""sel_7th_pre_bid"": ""+121200"", ""sel_6th_pre_req_pre"": ""0"", ""sel_6th_pre_req"": ""11"", ""sel_6th_pre_bid"": ""+121100"", ""sel_5th_pre_req_pre"": ""0"", ""sel_5th_pre_req"": ""2"", ""sel_5th_pre_bid"": ""+121000"", ""sel_4th_pre_req_pre"": ""0"", ""sel_4th_pre_req"": ""9"", ""sel_4th_pre_bid"": ""+120900"", ""sel_3th_pre_req_pre"": ""0"", ""sel_3th_pre_req"": ""14"", ""sel_3th_pre_bid"": ""+120800"", ""sel_2th_pre_req_pre"": ""0"", ""sel_2th_pre_req"": ""28"", ""sel_2th_pre_bid"": ""+120700"", ""sel_1th_pre_req_pre"": ""--1"", ""sel_fpr_req"": ""29"", ""sel_fpr_bid"": ""+120600"", ""buy_fpr_bid"": ""+120400"", ""buy_fpr_req"": ""95"", ""buy_1th_pre_req_pre"": ""0"", ""buy_2th_pre_bid"": ""120300"", ""buy_2th_pre_req"": ""30"", ""buy_2th_pre_req_pre"": ""0"", ""buy_3th_pre_bid"": ""-120100"", ""buy_3th_pre_req"": ""1"", ""buy_3th_pre_req_pre"": ""0"", ""buy_4th_pre_bid"": ""-120000"", ""buy_4th_pre_req"": ""41"", ""buy_4th_pre_req_pre"": ""0"", ""buy_5th_pre_bid"": ""-119900"", ""buy_5th_pre_req"": ""9"", ""buy_5th_pre_req_pre"": ""0"", ""buy_6th_pre_bid"": ""-119800"", ""buy_6th_pre_req"": ""27"", ""buy_6th_pre_req_pre"": ""0"", ""buy_7th_pre_bid"": ""-119700"", ""buy_7th_pre_req"": ""62"", ""buy_7th_pre_req_pre"": ""0"", ""buy_8th_pre_bid"": ""-119600"", ""buy_8th_pre_req"": ""73"", ""buy_8th_pre_req_pre"": ""0"", ""buy_9th_pre_bid"": ""-119500"", ""buy_9th_pre_req"": ""21"", ""buy_9th_pre_req_pre"": ""0"", ""buy_10th_pre_bid"": ""-119400"", ""buy_10th_pre_req"": ""143"", ""buy_10th_pre_req_pre"": ""0"", ""tot_sel_req_jub_pre"": ""--1"", ""tot_sel_req"": ""409"", ""tot_buy_req"": ""502"", ""tot_buy_req_jub_pre"": ""0"", ""ovt_sel_req_pre"": ""0"", ""ovt_sel_req"": ""0"", ""ovt_buy_req"": ""0"", ""ovt_buy_req_pre"": ""0"", ""return_code"": 0, ""return_msg"": ""정상적으로 처리되었습니다""}"
2026-06-10,scan_candidate,001740,,0,main_scan,13840,,13840,13820,13840,13800,-0.6502890173410405,0.1445086705202312,,,,,,"{""bid_req_base_tm"": ""100417"", ""sel_10th_pre_req_pre"": ""0"", ""sel_10th_pre_req"": ""1804"", ""sel_10th_pre_bid"": ""-13930"", ""sel_9th_pre_req_pre"": ""0"", ""sel_9th_pre_req"": ""2031"", ""sel_9th_pre_bid"": ""-13920"", ""sel_8th_pre_req_pre"": ""0"", ""sel_8th_pre_req"": ""206"", ""sel_8th_pre_bid"": ""-13910"", ""sel_7th_pre_req_pre"": ""0"", ""sel_7th_pre_req"": ""3985"", ""sel_7th_pre_bid"": ""-13900"", ""sel_6th_pre_req_pre"": ""0"", ""sel_6th_pre_req"": ""2410"", ""sel_6th_pre_bid"": ""-13890"", ""sel_5th_pre_req_pre"": ""0"", ""sel_5th_pre_req"": ""3770"", ""sel_5th_pre_bid"": ""-13880"", ""sel_4th_pre_req_pre"": ""0"", ""sel_4th_pre_req"": ""5661"", ""sel_4th_pre_bid"": ""-13870"", ""sel_3th_pre_req_pre"": ""0"", ""sel_3th_pre_req"": ""2039"", ""sel_3th_pre_bid"": ""-13860"", ""sel_2th_pre_req_pre"": ""0"", ""sel_2th_pre_req"": ""745"", ""sel_2th_pre_bid"": ""-13850"", ""sel_1th_pre_req_pre"": ""0"", ""sel_fpr_req"": ""576"", ""sel_fpr_bid"": ""-13840"", ""buy_fpr_bid"": ""-13820"", ""buy_fpr_req"": ""402"", ""buy_1th_pre_req_pre"": ""0"", ""buy_2th_pre_bid"": ""-13810"", ""buy_2th_pre_req"": ""816"", ""buy_2th_pre_req_pre"": ""0"", ""buy_3th_pre_bid"": ""-13800"", ""buy_3th_pre_req"": ""801"", ""buy_3th_pre_req_pre"": ""0"", ""buy_4th_pre_bid"": ""-13790"", ""buy_4th_pre_req"": ""256"", ""buy_4th_pre_req_pre"": ""+1"", ""buy_5th_pre_bid"": ""-13780"", ""buy_5th_pre_req"": ""243"", ""buy_5th_pre_req_pre"": ""0"", ""buy_6th_pre_bid"": ""-13770"", ""buy_6th_pre_req"": ""843"", ""buy_6th_pre_req_pre"": ""0"", ""buy_7th_pre_bid"": ""-13760"", ""buy_7th_pre_req"": ""222"", ""buy_7th_pre_req_pre"": ""0"", ""buy_8th_pre_bid"": ""-13750"", ""buy_8th_pre_req"": ""491"", ""buy_8th_pre_req_pre"": ""0"", ""buy_9th_pre_bid"": ""-13740"", ""buy_9th_pre_req"": ""506"", ""buy_9th_pre_req_pre"": ""0"", ""buy_10th_pre_bid"": ""-13730"", ""buy_10th_pre_req"": ""3067"", ""buy_10th_pre_req_pre"": ""0"", ""tot_sel_req_jub_pre"": ""0"", ""tot_sel_req"": ""23227"", ""tot_buy_req"": ""7647"", ""tot_buy_req_jub_pre"": ""+1"", ""ovt_sel_req_pre"": ""0"", ""ovt_sel_req"": ""0"", ""ovt_buy_req"": ""0"", ""ovt_buy_req_pre"": ""0"", ""return_code"": 0, ""return_msg"": ""정상적으로 처리되었습니다""}"
2026-06-10,scan_candidate,383220,,0,main_scan,75900,,75900,75700,75900,75800,-0.2635046113306983,0.2635046113306983,,,,,,"{""bid_req_base_tm"": ""100415"", ""sel_10th_pre_req_pre"": ""0"", ""sel_10th_pre_req"": ""2"", ""sel_10th_pre_bid"": ""+77000"", ""sel_9th_pre_req_pre"": ""0"", ""sel_9th_pre_req"": ""106"", ""sel_9th_pre_bid"": ""+76900"", ""sel_8th_pre_req_pre"": ""0"", ""sel_8th_pre_req"": ""20"", ""sel_8th_pre_bid"": ""+76800"", ""sel_7th_pre_req_pre"": ""0"", ""sel_7th_pre_req"": ""11"", ""sel_7th_pre_bid"": ""+76700"", ""sel_6th_pre_req_pre"": ""0"", ""sel_6th_pre_req"": ""7"", ""sel_6th_pre_bid"": ""+76500"", ""sel_5th_pre_req_pre"": ""0"", ""sel_5th_pre_req"": ""1"", ""sel_5th_pre_bid"": ""+76400"", ""sel_4th_pre_req_pre"": ""0"", ""sel_4th_pre_req"": ""104"", ""sel_4th_pre_bid"": ""+76300"", ""sel_3th_pre_req_pre"": ""0"", ""sel_3th_pre_req"": ""1"", ""sel_3th_pre_bid"": ""+76100"", ""sel_2th_pre_req_pre"": ""0"", ""sel_2th_pre_req"": ""127"", ""sel_2th_pre_bid"": ""+76000"", ""sel_1th_pre_req_pre"": ""0"", ""sel_fpr_req"": ""5"", ""sel_fpr_bid"": ""+75900"", ""buy_fpr_bid"": ""+75700"", ""buy_fpr_req"": ""38"", ""buy_1th_pre_req_pre"": ""0"", ""buy_2th_pre_bid"": ""+75600"", ""buy_2th_pre_req"": ""33"", ""buy_2th_pre_req_pre"": ""0"", ""buy_3th_pre_bid"": ""+75500"", ""buy_3th_pre_req"": ""13"", ""buy_3th_pre_req_pre"": ""0"", ""buy_4th_pre_bid"": ""+75400"", ""buy_4th_pre_req"": ""23"", ""buy_4th_pre_req_pre"": ""0"", ""buy_5th_pre_bid"": ""+75300"", ""buy_5th_pre_req"": ""13"", ""buy_5th_pre_req_pre"": ""0"", ""buy_6th_pre_bid"": ""+75200"", ""buy_6th_pre_req"": ""15"", ""buy_6th_pre_req_pre"": ""0"", ""buy_7th_pre_bid"": ""+75100"", ""buy_7th_pre_req"": ""148"", ""buy_7th_pre_req_pre"": ""0"", ""buy_8th_pre_bid"": ""+75000"", ""buy_8th_pre_req"": ""7"", ""buy_8th_pre_req_pre"": ""0"", ""buy_9th_pre_bid"": ""+74900"", ""buy_9th_pre_req"": ""10"", ""buy_9th_pre_req_pre"": ""0"", ""buy_10th_pre_bid"": ""+74800"", ""buy_10th_pre_req"": ""9"", ""buy_10th_pre_req_pre"": ""0"", ""tot_sel_req_jub_pre"": ""0"", ""tot_sel_req"": ""384"", ""tot_buy_req"": ""309"", ""tot_buy_req_jub_pre"": ""--16"", ""ovt_sel_req_pre"": ""0"", ""ovt_sel_req"": ""0"", ""ovt_buy_req"": ""0"", ""ovt_buy_req_pre"": ""0"", ""return_code"": 0, ""return_msg"": ""정상적으로 처리되었습니다""}"
2026-06-10,scan_candidate,014680,,0,main_scan,263000,,263000,262500,263000,263000,-0.19011406844106463,0.19011406844106463,,,,,,"{""bid_req_base_tm"": ""100417"", ""sel_10th_pre_req_pre"": ""0"", ""sel_10th_pre_req"": ""12"", ""sel_10th_pre_bid"": ""+267500"", ""sel_9th_pre_req_pre"": ""0"", ""sel_9th_pre_req"": ""2"", ""sel_9th_pre_bid"": ""+267000"", ""sel_8th_pre_req_pre"": ""0"", ""sel_8th_pre_req"": ""16"", ""sel_8th_pre_bid"": ""+266500"", ""sel_7th_pre_req_pre"": ""0"", ""sel_7th_pre_req"": ""24"", ""sel_7th_pre_bid"": ""+266000"", ""sel_6th_pre_req_pre"": ""0"", ""sel_6th_pre_req"": ""58"", ""sel_6th_pre_bid"": ""+265500"", ""sel_5th_pre_req_pre"": ""0"", ""sel_5th_pre_req"": ""36"", ""sel_5th_pre_bid"": ""+265000"", ""sel_4th_pre_req_pre"": ""0"", ""sel_4th_pre_req"": ""40"", ""sel_4th_pre_bid"": ""+264500"", ""sel_3th_pre_req_pre"": ""0"", ""sel_3th_pre_req"": ""151"", ""sel_3th_pre_bid"": ""+264000"", ""sel_2th_pre_req_pre"": ""0"", ""sel_2th_pre_req"": ""44"", ""sel_2th_pre_bid"": ""+263500"", ""sel_1th_pre_req_pre"": ""--6"", ""sel_fpr_req"": ""15"", ""sel_fpr_bid"": ""+263000"", ""buy_fpr_bid"": ""+262500"", ""buy_fpr_req"": ""64"", ""buy_1th_pre_req_pre"": ""0"", ""buy_2th_pre_bid"": ""+262000"", ""buy_2th_pre_req"": ""60"", ""buy_2th_pre_req_pre"": ""0"", ""buy_3th_pre_bid"": ""+261500"", ""buy_3th_pre_req"": ""7"", ""buy_3th_pre_req_pre"": ""0"", ""buy_4th_pre_bid"": ""+261000"", ""buy_4th_pre_req"": ""10"", ""buy_4th_pre_req_pre"": ""0"", ""buy_5th_pre_bid"": ""+260000"", ""buy_5th_pre_req"": ""27"", ""buy_5th_pre_req_pre"": ""0"", ""buy_6th_pre_bid"": ""+259500"", ""buy_6th_pre_req"": ""119"", ""buy_6th_pre_req_pre"": ""0"", ""buy_7th_pre_bid"": ""+259000"", ""buy_7th_pre_req"": ""209"", ""buy_7th_pre_req_pre"": ""0"", ""buy_8th_pre_bid"": ""+258500"", ""buy_8th_pre_req"": ""102"", ""buy_8th_pre_req_pre"": ""0"", ""buy_9th_pre_bid"": ""+258000"", ""buy_9th_pre_req"": ""103"", ""buy_9th_pre_req_pre"": ""0"", ""buy_10th_pre_bid"": ""+257500"", ""buy_10th_pre_req"": ""132"", ""buy_10th_pre_req_pre"": ""0"", ""tot_sel_req_jub_pre"": ""--6"", ""tot_sel_req"": ""398"", ""tot_buy_req"": ""833"", ""tot_buy_req_jub_pre"": ""0"", ""ovt_sel_req_pre"": ""0"", ""ovt_sel_req"": ""0"", ""ovt_buy_req"": ""0"", ""ovt_buy_req_pre"": ""0"", ""return_code"": 0, ""return_msg"": ""정상적으로 처리되었습니다""}"
2026-06-10,scan_candidate,028670,,0,main_scan,5080,,5080,5070,5080,5100,0.19685039370078738,0.19685039370078738,,,,,,"{""bid_req_base_tm"": ""100417"", ""sel_10th_pre_req_pre"": ""0"", ""sel_10th_pre_req"": ""3013"", ""sel_10th_pre_bid"": ""-5170"", ""sel_9th_pre_req_pre"": ""0"", ""sel_9th_pre_req"": ""801"", ""sel_9th_pre_bid"": ""-5160"", ""sel_8th_pre_req_pre"": ""0"", ""sel_8th_pre_req"": ""2201"", ""sel_8th_pre_bid"": ""-5150"", ""sel_7th_pre_req_pre"": ""0"", ""sel_7th_pre_req"": ""331"", ""sel_7th_pre_bid"": ""-5140"", ""sel_6th_pre_req_pre"": ""0"", ""sel_6th_pre_req"": ""660"", ""sel_6th_pre_bid"": ""-5130"", ""sel_5th_pre_req_pre"": ""0"", ""sel_5th_pre_req"": ""1860"", ""sel_5th_pre_bid"": ""-5120"", ""sel_4th_pre_req_pre"": ""0"", ""sel_4th_pre_req"": ""1281"", ""sel_4th_pre_bid"": ""-5110"", ""sel_3th_pre_req_pre"": ""0"", ""sel_3th_pre_req"": ""1731"", ""sel_3th_pre_bid"": ""-5100"", ""sel_2th_pre_req_pre"": ""0"", ""sel_2th_pre_req"": ""963"", ""sel_2th_pre_bid"": ""-5090"", ""sel_1th_pre_req_pre"": ""0"", ""sel_fpr_req"": ""5528"", ""sel_fpr_bid"": ""-5080"", ""buy_fpr_bid"": ""-5070"", ""buy_fpr_req"": ""3845"", ""buy_1th_pre_req_pre"": ""--55"", ""buy_2th_pre_bid"": ""-5060"", ""buy_2th_pre_req"": ""5905"", ""buy_2th_pre_req_pre"": ""0"", ""buy_3th_pre_bid"": ""-5050"", ""buy_3th_pre_req"": ""5290"", ""buy_3th_pre_req_pre"": ""0"", ""buy_4th_pre_bid"": ""-5040"", ""buy_4th_pre_req"": ""3183"", ""buy_4th_pre_req_pre"": ""0"", ""buy_5th_pre_bid"": ""-5030"", ""buy_5th_pre_req"": ""4599"", ""buy_5th_pre_req_pre"": ""0"", ""buy_6th_pre_bid"": ""-5020"", ""buy_6th_pre_req"": ""8254"", ""buy_6th_pre_req_pre"": ""0"", ""buy_7th_pre_bid"": ""-5010"", ""buy_7th_pre_req"": ""2830"", ""buy_7th_pre_req_pre"": ""0"", ""buy_8th_pre_bid"": ""-5000"", ""buy_8th_pre_req"": ""13045"", ""buy_8th_pre_req_pre"": ""0"", ""buy_9th_pre_bid"": ""-4995"", ""buy_9th_pre_req"": ""1744"", ""buy_9th_pre_req_pre"": ""0"", ""buy_10th_pre_bid"": ""-4990"", ""buy_10th_pre_req"": ""2195"", ""buy_10th_pre_req_pre"": ""0"", ""tot_sel_req_jub_pre"": ""0"", ""tot_sel_req"": ""18369"", ""tot_buy_req"": ""50890"", ""tot_buy_req_jub_pre"": ""--55"", ""ovt_sel_req_pre"": ""0"", ""ovt_sel_req"": ""0"", ""ovt_buy_req"": ""0"", ""ovt_buy_req_pre"": ""0"", ""return_code"": 0, ""return_msg"": ""정상적으로 처리되었습니다""}"
2026-06-10,scan_candidate,009420,,0,main_scan,51000,,51000,50900,51000,50900,-0.39215686274509803,0.19607843137254902,,,,,,"{""bid_req_base_tm"": ""100415"", ""sel_10th_pre_req_pre"": ""0"", ""sel_10th_pre_req"": ""303"", ""sel_10th_pre_bid"": ""-51900"", ""sel_9th_pre_req_pre"": ""0"", ""sel_9th_pre_req"": ""681"", ""sel_9th_pre_bid"": ""-51800"", ""sel_8th_pre_req_pre"": ""0"", ""sel_8th_pre_req"": ""159"", ""sel_8th_pre_bid"": ""-51700"", ""sel_7th_pre_req_pre"": ""0"", ""sel_7th_pre_req"": ""23"", ""sel_7th_pre_bid"": ""-51600"", ""sel_6th_pre_req_pre"": ""0"", ""sel_6th_pre_req"": ""31"", ""sel_6th_pre_bid"": ""-51500"", ""sel_5th_pre_req_pre"": ""0"", ""sel_5th_pre_req"": ""50"", ""sel_5th_pre_bid"": ""-51400"", ""sel_4th_pre_req_pre"": ""0"", ""sel_4th_pre_req"": ""440"", ""sel_4th_pre_bid"": ""-51300"", ""sel_3th_pre_req_pre"": ""0"", ""sel_3th_pre_req"": ""141"", ""sel_3th_pre_bid"": ""-51200"", ""sel_2th_pre_req_pre"": ""0"", ""sel_2th_pre_req"": ""80"", ""sel_2th_pre_bid"": ""-51100"", ""sel_1th_pre_req_pre"": ""0"", ""sel_fpr_req"": ""108"", ""sel_fpr_bid"": ""-51000"", ""buy_fpr_bid"": ""-50900"", ""buy_fpr_req"": ""268"", ""buy_1th_pre_req_pre"": ""0"", ""buy_2th_pre_bid"": ""-50800"", ""buy_2th_pre_req"": ""25"", ""buy_2th_pre_req_pre"": ""0"", ""buy_3th_pre_bid"": ""-50700"", ""buy_3th_pre_req"": ""295"", ""buy_3th_pre_req_pre"": ""0"", ""buy_4th_pre_bid"": ""-50600"", ""buy_4th_pre_req"": ""83"", ""buy_4th_pre_req_pre"": ""0"", ""buy_5th_pre_bid"": ""-50500"", ""buy_5th_pre_req"": ""320"", ""buy_5th_pre_req_pre"": ""+250"", ""buy_6th_pre_bid"": ""-50400"", ""buy_6th_pre_req"": ""48"", ""buy_6th_pre_req_pre"": ""0"", ""buy_7th_pre_bid"": ""-50300"", ""buy_7th_pre_req"": ""309"", ""buy_7th_pre_req_pre"": ""0"", ""buy_8th_pre_bid"": ""-50200"", ""buy_8th_pre_req"": ""6"", ""buy_8th_pre_req_pre"": ""0"", ""buy_9th_pre_bid"": ""-50100"", ""buy_9th_pre_req"": ""222"", ""buy_9th_pre_req_pre"": ""0"", ""buy_10th_pre_bid"": ""-50000"", ""buy_10th_pre_req"": ""284"", ""buy_10th_pre_req_pre"": ""0"", ""tot_sel_req_jub_pre"": ""0"", ""tot_sel_req"": ""2016"", ""tot_buy_req"": ""1860"", ""tot_buy_req_jub_pre"": ""+250"", ""ovt_sel_req_pre"": ""0"", ""ovt_sel_req"": ""0"", ""ovt_buy_req"": ""0"", ""ovt_buy_req_pre"": ""0"", ""return_code"": 0, ""return_msg"": ""정상적으로 처리되었습니다""}"
2026-06-10,scan_candidate,375500,,0,main_scan,70900,,70900,70800,70900,70600,-0.5641748942172073,0.14104372355430184,,,,,,"{""bid_req_base_tm"": ""100418"", ""sel_10th_pre_req_pre"": ""0"", ""sel_10th_pre_req"": ""238"", ""sel_10th_pre_bid"": ""+71800"", ""sel_9th_pre_req_pre"": ""0"", ""sel_9th_pre_req"": ""230"", ""sel_9th_pre_bid"": ""+71700"", ""sel_8th_pre_req_pre"": ""0"", ""sel_8th_pre_req"": ""1002"", ""sel_8th_pre_bid"": ""+71600"", ""sel_7th_pre_req_pre"": ""0"", ""sel_7th_pre_req"": ""401"", ""sel_7th_pre_bid"": ""+71500"", ""sel_6th_pre_req_pre"": ""0"", ""sel_6th_pre_req"": ""378"", ""sel_6th_pre_bid"": ""+71400"", ""sel_5th_pre_req_pre"": ""0"", ""sel_5th_pre_req"": ""342"", ""sel_5th_pre_bid"": ""+71300"", ""sel_4th_pre_req_pre"": ""0"", ""sel_4th_pre_req"": ""200"", ""sel_4th_pre_bid"": ""+71200"", ""sel_3th_pre_req_pre"": ""0"", ""sel_3th_pre_req"": ""56"", ""sel_3th_pre_bid"": ""+71100"", ""sel_2th_pre_req_pre"": ""0"", ""sel_2th_pre_req"": ""52"", ""sel_2th_pre_bid"": ""+71000"", ""sel_1th_pre_req_pre"": ""+17"", ""sel_fpr_req"": ""161"", ""sel_fpr_bid"": ""+70900"", ""buy_fpr_bid"": ""+70800"", ""buy_fpr_req"": ""63"", ""buy_1th_pre_req_pre"": ""0"", ""buy_2th_pre_bid"": ""+70700"", ""buy_2th_pre_req"": ""8"", ""buy_2th_pre_req_pre"": ""0"", ""buy_3th_pre_bid"": ""+70600"", ""buy_3th_pre_req"": ""787"", ""buy_3th_pre_req_pre"": ""0"", ""buy_4th_pre_bid"": ""+70500"", ""buy_4th_pre_req"": ""101"", ""buy_4th_pre_req_pre"": ""0"", ""buy_5th_pre_bid"": ""+70400"", ""buy_5th_pre_req"": ""1000"", ""buy_5th_pre_req_pre"": ""0"", ""buy_6th_pre_bid"": ""+70100"", ""buy_6th_pre_req"": ""143"", ""buy_6th_pre_req_pre"": ""0"", ""buy_7th_pre_bid"": ""+70000"", ""buy_7th_pre_req"": ""93"", ""buy_7th_pre_req_pre"": ""0"", ""buy_8th_pre_bid"": ""+69900"", ""buy_8th_pre_req"": ""13"", ""buy_8th_pre_req_pre"": ""0"", ""buy_9th_pre_bid"": ""+69800"", ""buy_9th_pre_req"": ""5"", ""buy_9th_pre_req_pre"": ""0"", ""buy_10th_pre_bid"": ""+69700"", ""buy_10th_pre_req"": ""71"", ""buy_10th_pre_req_pre"": ""0"", ""tot_sel_req_jub_pre"": ""+17"", ""tot_sel_req"": ""3060"", ""tot_buy_req"": ""2284"", ""tot_buy_req_jub_pre"": ""0"", ""ovt_sel_req_pre"": ""0"", ""ovt_sel_req"": ""0"", ""ovt_buy_req"": ""0"", ""ovt_buy_req_pre"": ""0"", ""return_code"": 0, ""return_msg"": ""정상적으로 처리되었습니다""}"
2026-06-10,scan_candidate,004990,,0,main_scan,25650,,25650,25600,25650,25650,-0.1949317738791423,0.1949317738791423,,,,,,"{""bid_req_base_tm"": ""100415"", ""sel_10th_pre_req_pre"": ""0"", ""sel_10th_pre_req"": ""69"", ""sel_10th_pre_bid"": ""26150"", ""sel_9th_pre_req_pre"": ""0"", ""sel_9th_pre_req"": ""3602"", ""sel_9th_pre_bid"": ""-26100"", ""sel_8th_pre_req_pre"": ""0"", ""sel_8th_pre_req"": ""61"", ""sel_8th_pre_bid"": ""-26050"", ""sel_7th_pre_req_pre"": ""0"", ""sel_7th_pre_req"": ""3"", ""sel_7th_pre_bid"": ""-26000"", ""sel_6th_pre_req_pre"": ""0"", ""sel_6th_pre_req"": ""16"", ""sel_6th_pre_bid"": ""-25950"", ""sel_5th_pre_req_pre"": ""0"", ""sel_5th_pre_req"": ""250"", ""sel_5th_pre_bid"": ""-25900"", ""sel_4th_pre_req_pre"": ""0"", ""sel_4th_pre_req"": ""250"", ""sel_4th_pre_bid"": ""-25850"", ""sel_3th_pre_req_pre"": ""0"", ""sel_3th_pre_req"": ""770"", ""sel_3th_pre_bid"": ""-25750"", ""sel_2th_pre_req_pre"": ""0"", ""sel_2th_pre_req"": ""289"", ""sel_2th_pre_bid"": ""-25700"", ""sel_1th_pre_req_pre"": ""0"", ""sel_fpr_req"": ""142"", ""sel_fpr_bid"": ""-25650"", ""buy_fpr_bid"": ""-25600"", ""buy_fpr_req"": ""171"", ""buy_1th_pre_req_pre"": ""0"", ""buy_2th_pre_bid"": ""-25550"", ""buy_2th_pre_req"": ""106"", ""buy_2th_pre_req_pre"": ""0"", ""buy_3th_pre_bid"": ""-25500"", ""buy_3th_pre_req"": ""80"", ""buy_3th_pre_req_pre"": ""0"", ""buy_4th_pre_bid"": ""-25450"", ""buy_4th_pre_req"": ""532"", ""buy_4th_pre_req_pre"": ""0"", ""buy_5th_pre_bid"": ""-25400"", ""buy_5th_pre_req"": ""651"", ""buy_5th_pre_req_pre"": ""0"", ""buy_6th_pre_bid"": ""-25350"", ""buy_6th_pre_req"": ""390"", ""buy_6th_pre_req_pre"": ""0"", ""buy_7th_pre_bid"": ""-25300"", ""buy_7th_pre_req"": ""902"", ""buy_7th_pre_req_pre"": ""0"", ""buy_8th_pre_bid"": ""-25250"", ""buy_8th_pre_req"": ""684"", ""buy_8th_pre_req_pre"": ""0"", ""buy_9th_pre_bid"": ""-25200"", ""buy_9th_pre_req"": ""706"", ""buy_9th_pre_req_pre"": ""0"", ""buy_10th_pre_bid"": ""-25150"", ""buy_10th_pre_req"": ""1593"", ""buy_10th_pre_req_pre"": ""0"", ""tot_sel_req_jub_pre"": ""0"", ""tot_sel_req"": ""5452"", ""tot_buy_req"": ""5815"", ""tot_buy_req_jub_pre"": ""0"", ""ovt_sel_req_pre"": ""0"", ""ovt_sel_req"": ""0"", ""ovt_buy_req"": ""0"", ""ovt_buy_req_pre"": ""0"", ""return_code"": 0, ""return_msg"": ""정상적으로 처리되었습니다""}"
2026-06-10,scan_candidate,483650,,0,main_scan,206000,,206000,205500,206000,203500,-1.4563106796116505,0.24271844660194172,,,,,,"{""bid_req_base_tm"": ""100416"", ""sel_10th_pre_req_pre"": ""0"", ""sel_10th_pre_req"": ""10"", ""sel_10th_pre_bid"": ""+210500"", ""sel_9th_pre_req_pre"": ""0"", ""sel_9th_pre_req"": ""999"", ""sel_9th_pre_bid"": ""+210000"", ""sel_8th_pre_req_pre"": ""0"", ""sel_8th_pre_req"": ""1016"", ""sel_8th_pre_bid"": ""+209500"", ""sel_7th_pre_req_pre"": ""0"", ""sel_7th_pre_req"": ""624"", ""sel_7th_pre_bid"": ""+209000"", ""sel_6th_pre_req_pre"": ""0"", ""sel_6th_pre_req"": ""237"", ""sel_6th_pre_bid"": ""+208500"", ""sel_5th_pre_req_pre"": ""0"", ""sel_5th_pre_req"": ""483"", ""sel_5th_pre_bid"": ""+208000"", ""sel_4th_pre_req_pre"": ""0"", ""sel_4th_pre_req"": ""381"", ""sel_4th_pre_bid"": ""+207500"", ""sel_3th_pre_req_pre"": ""0"", ""sel_3th_pre_req"": ""929"", ""sel_3th_pre_bid"": ""+207000"", ""sel_2th_pre_req_pre"": ""0"", ""sel_2th_pre_req"": ""1949"", ""sel_2th_pre_bid"": ""+206500"", ""sel_1th_pre_req_pre"": ""--2"", ""sel_fpr_req"": ""1539"", ""sel_fpr_bid"": ""+206000"", ""buy_fpr_bid"": ""+205500"", ""buy_fpr_req"": ""10"", ""buy_1th_pre_req_pre"": ""0"", ""buy_2th_pre_bid"": ""+205000"", ""buy_2th_pre_req"": ""197"", ""buy_2th_pre_req_pre"": ""0"", ""buy_3th_pre_bid"": ""+204500"", ""buy_3th_pre_req"": ""35"", ""buy_3th_pre_req_pre"": ""0"", ""buy_4th_pre_bid"": ""+204000"", ""buy_4th_pre_req"": ""36"", ""buy_4th_pre_req_pre"": ""0"", ""buy_5th_pre_bid"": ""+203500"", ""buy_5th_pre_req"": ""33"", ""buy_5th_pre_req_pre"": ""0"", ""buy_6th_pre_bid"": ""+203000"", ""buy_6th_pre_req"": ""78"", ""buy_6th_pre_req_pre"": ""0"", ""buy_7th_pre_bid"": ""+202500"", ""buy_7th_pre_req"": ""123"", ""buy_7th_pre_req_pre"": ""0"", ""buy_8th_pre_bid"": ""+202000"", ""buy_8th_pre_req"": ""219"", ""buy_8th_pre_req_pre"": ""0"", ""buy_9th_pre_bid"": ""+201500"", ""buy_9th_pre_req"": ""187"", ""buy_9th_pre_req_pre"": ""0"", ""buy_10th_pre_bid"": ""+201000"", ""buy_10th_pre_req"": ""264"", ""buy_10th_pre_req_pre"": ""0"", ""tot_sel_req_jub_pre"": ""--2"", ""tot_sel_req"": ""8167"", ""tot_buy_req"": ""1182"", ""tot_buy_req_jub_pre"": ""0"", ""ovt_sel_req_pre"": ""0"", ""ovt_sel_req"": ""0"", ""ovt_buy_req"": ""0"", ""ovt_buy_req_pre"": ""0"", ""return_code"": 0, ""return_msg"": ""정상적으로 처리되었습니다""}"
2026-06-10,scan_candidate,003690,,0,main_scan,13400,,13400,13380,13400,13350,-0.7462686567164178,0.1492537313432836,,,,,,"{""bid_req_base_tm"": ""100413"", ""sel_10th_pre_req_pre"": ""0"", ""sel_10th_pre_req"": ""125"", ""sel_10th_pre_bid"": ""+13490"", ""sel_9th_pre_req_pre"": ""0"", ""sel_9th_pre_req"": ""82"", ""sel_9th_pre_bid"": ""+13480"", ""sel_8th_pre_req_pre"": ""0"", ""sel_8th_pre_req"": ""60"", ""sel_8th_pre_bid"": ""+13470"", ""sel_7th_pre_req_pre"": ""0"", ""sel_7th_pre_req"": ""80"", ""sel_7th_pre_bid"": ""+13460"", ""sel_6th_pre_req_pre"": ""0"", ""sel_6th_pre_req"": ""352"", ""sel_6th_pre_bid"": ""+13450"", ""sel_5th_pre_req_pre"": ""0"", ""sel_5th_pre_req"": ""236"", ""sel_5th_pre_bid"": ""13440"", ""sel_4th_pre_req_pre"": ""0"", ""sel_4th_pre_req"": ""263"", ""sel_4th_pre_bid"": ""-13430"", ""sel_3th_pre_req_pre"": ""0"", ""sel_3th_pre_req"": ""200"", ""sel_3th_pre_bid"": ""-13420"", ""sel_2th_pre_req_pre"": ""0"", ""sel_2th_pre_req"": ""101"", ""sel_2th_pre_bid"": ""-13410"", ""sel_1th_pre_req_pre"": ""0"", ""sel_fpr_req"": ""66"", ""sel_fpr_bid"": ""-13400"", ""buy_fpr_bid"": ""-13380"", ""buy_fpr_req"": ""7"", ""buy_1th_pre_req_pre"": ""+1"", ""buy_2th_pre_bid"": ""-13370"", ""buy_2th_pre_req"": ""267"", ""buy_2th_pre_req_pre"": ""+15"", ""buy_3th_pre_bid"": ""-13350"", ""buy_3th_pre_req"": ""420"", ""buy_3th_pre_req_pre"": ""0"", ""buy_4th_pre_bid"": ""-13340"", ""buy_4th_pre_req"": ""142"", ""buy_4th_pre_req_pre"": ""0"", ""buy_5th_pre_bid"": ""-13330"", ""buy_5th_pre_req"": ""57"", ""buy_5th_pre_req_pre"": ""0"", ""buy_6th_pre_bid"": ""-13300"", ""buy_6th_pre_req"": ""202"", ""buy_6th_pre_req_pre"": ""0"", ""buy_7th_pre_bid"": ""-13290"", ""buy_7th_pre_req"": ""50"", ""buy_7th_pre_req_pre"": ""0"", ""buy_8th_pre_bid"": ""-13280"", ""buy_8th_pre_req"": ""41"", ""buy_8th_pre_req_pre"": ""0"", ""buy_9th_pre_bid"": ""-13250"", ""buy_9th_pre_req"": ""35"", ""buy_9th_pre_req_pre"": ""0"", ""buy_10th_pre_bid"": ""-13240"", ""buy_10th_pre_req"": ""15"", ""buy_10th_pre_req_pre"": ""0"", ""tot_sel_req_jub_pre"": ""0"", ""tot_sel_req"": ""1565"", ""tot_buy_req"": ""1236"", ""tot_buy_req_jub_pre"": ""+16"", ""ovt_sel_req_pre"": ""0"", ""ovt_sel_req"": ""0"", ""ovt_buy_req"": ""0"", ""ovt_buy_req_pre"": ""0"", ""return_code"": 0, ""return_msg"": ""정상적으로 처리되었습니다""}"
2026-06-10,scan_candidate,279570,,0,main_scan,5990,,5990,5980,5990,5960,-0.667779632721202,0.1669449081803005,,,,,,"{""bid_req_base_tm"": ""100419"", ""sel_10th_pre_req_pre"": ""0"", ""sel_10th_pre_req"": ""11809"", ""sel_10th_pre_bid"": ""+6080"", ""sel_9th_pre_req_pre"": ""0"", ""sel_9th_pre_req"": ""11657"", ""sel_9th_pre_bid"": ""+6070"", ""sel_8th_pre_req_pre"": ""0"", ""sel_8th_pre_req"": ""34262"", ""sel_8th_pre_bid"": ""+6060"", ""sel_7th_pre_req_pre"": ""0"", ""sel_7th_pre_req"": ""35634"", ""sel_7th_pre_bid"": ""+6050"", ""sel_6th_pre_req_pre"": ""0"", ""sel_6th_pre_req"": ""20493"", ""sel_6th_pre_bid"": ""+6040"", ""sel_5th_pre_req_pre"": ""0"", ""sel_5th_pre_req"": ""27373"", ""sel_5th_pre_bid"": ""+6030"", ""sel_4th_pre_req_pre"": ""0"", ""sel_4th_pre_req"": ""21643"", ""sel_4th_pre_bid"": ""+6020"", ""sel_3th_pre_req_pre"": ""0"", ""sel_3th_pre_req"": ""12861"", ""sel_3th_pre_bid"": ""+6010"", ""sel_2th_pre_req_pre"": ""0"", ""sel_2th_pre_req"": ""30829"", ""sel_2th_pre_bid"": ""+6000"", ""sel_1th_pre_req_pre"": ""0"", ""sel_fpr_req"": ""6392"", ""sel_fpr_bid"": ""+5990"", ""buy_fpr_bid"": ""+5980"", ""buy_fpr_req"": ""2413"", ""buy_1th_pre_req_pre"": ""+1"", ""buy_2th_pre_bid"": ""+5970"", ""buy_2th_pre_req"": ""2459"", ""buy_2th_pre_req_pre"": ""0"", ""buy_3th_pre_bid"": ""+5960"", ""buy_3th_pre_req"": ""3592"", ""buy_3th_pre_req_pre"": ""0"", ""buy_4th_pre_bid"": ""+5950"", ""buy_4th_pre_req"": ""15796"", ""buy_4th_pre_req_pre"": ""0"", ""buy_5th_pre_bid"": ""+5940"", ""buy_5th_pre_req"": ""3336"", ""buy_5th_pre_req_pre"": ""0"", ""buy_6th_pre_bid"": ""+5930"", ""buy_6th_pre_req"": ""5791"", ""buy_6th_pre_req_pre"": ""0"", ""buy_7th_pre_bid"": ""+5920"", ""buy_7th_pre_req"": ""7477"", ""buy_7th_pre_req_pre"": ""0"", ""buy_8th_pre_bid"": ""+5910"", ""buy_8th_pre_req"": ""11997"", ""buy_8th_pre_req_pre"": ""0"", ""buy_9th_pre_bid"": ""+5900"", ""buy_9th_pre_req"": ""28769"", ""buy_9th_pre_req_pre"": ""0"", ""buy_10th_pre_bid"": ""+5890"", ""buy_10th_pre_req"": ""3006"", ""buy_10th_pre_req_pre"": ""0"", ""tot_sel_req_jub_pre"": ""0"", ""tot_sel_req"": ""212953"", ""tot_buy_req"": ""84636"", ""tot_buy_req_jub_pre"": ""+1"", ""ovt_sel_req_pre"": ""0"", ""ovt_sel_req"": ""0"", ""ovt_buy_req"": ""0"", ""ovt_buy_req_pre"": ""0"", ""return_code"": 0, ""return_msg"": ""정상적으로 처리되었습니다""}"
2026-06-10,scan_candidate,008770,,0,main_scan,54300,,54300,54200,54300,54100,-0.5524861878453038,0.1841620626151013,,,,,,"{""bid_req_base_tm"": ""100419"", ""sel_10th_pre_req_pre"": ""0"", ""sel_10th_pre_req"": ""535"", ""sel_10th_pre_bid"": ""55200"", ""sel_9th_pre_req_pre"": ""0"", ""sel_9th_pre_req"": ""57"", ""sel_9th_pre_bid"": ""-55100"", ""sel_8th_pre_req_pre"": ""0"", ""sel_8th_pre_req"": ""441"", ""sel_8th_pre_bid"": ""-55000"", ""sel_7th_pre_req_pre"": ""0"", ""sel_7th_pre_req"": ""312"", ""sel_7th_pre_bid"": ""-54900"", ""sel_6th_pre_req_pre"": ""0"", ""sel_6th_pre_req"": ""44"", ""sel_6th_pre_bid"": ""-54800"", ""sel_5th_pre_req_pre"": ""0"", ""sel_5th_pre_req"": ""20"", ""sel_5th_pre_bid"": ""-54700"", ""sel_4th_pre_req_pre"": ""0"", ""sel_4th_pre_req"": ""233"", ""sel_4th_pre_bid"": ""-54600"", ""sel_3th_pre_req_pre"": ""0"", ""sel_3th_pre_req"": ""42"", ""sel_3th_pre_bid"": ""-54500"", ""sel_2th_pre_req_pre"": ""0"", ""sel_2th_pre_req"": ""283"", ""sel_2th_pre_bid"": ""-54400"", ""sel_1th_pre_req_pre"": ""--30"", ""sel_fpr_req"": ""228"", ""sel_fpr_bid"": ""-54300"", ""buy_fpr_bid"": ""-54200"", ""buy_fpr_req"": ""18"", ""buy_1th_pre_req_pre"": ""--30"", ""buy_2th_pre_bid"": ""-54100"", ""buy_2th_pre_req"": ""152"", ""buy_2th_pre_req_pre"": ""0"", ""buy_3th_pre_bid"": ""-54000"", ""buy_3th_pre_req"": ""149"", ""buy_3th_pre_req_pre"": ""0"", ""buy_4th_pre_bid"": ""-53900"", ""buy_4th_pre_req"": ""251"", ""buy_4th_pre_req_pre"": ""0"", ""buy_5th_pre_bid"": ""-53800"", ""buy_5th_pre_req"": ""57"", ""buy_5th_pre_req_pre"": ""0"", ""buy_6th_pre_bid"": ""-53700"", ""buy_6th_pre_req"": ""32"", ""buy_6th_pre_req_pre"": ""0"", ""buy_7th_pre_bid"": ""-53600"", ""buy_7th_pre_req"": ""113"", ""buy_7th_pre_req_pre"": ""0"", ""buy_8th_pre_bid"": ""-53500"", ""buy_8th_pre_req"": ""25"", ""buy_8th_pre_req_pre"": ""0"", ""buy_9th_pre_bid"": ""-53400"", ""buy_9th_pre_req"": ""150"", ""buy_9th_pre_req_pre"": ""0"", ""buy_10th_pre_bid"": ""-53300"", ""buy_10th_pre_req"": ""410"", ""buy_10th_pre_req_pre"": ""0"", ""tot_sel_req_jub_pre"": ""--30"", ""tot_sel_req"": ""2195"", ""tot_buy_req"": ""1357"", ""tot_buy_req_jub_pre"": ""--30"", ""ovt_sel_req_pre"": ""0"", ""ovt_sel_req"": ""0"", ""ovt_buy_req"": ""0"", ""ovt_buy_req_pre"": ""0"", ""return_code"": 0, ""return_msg"": ""정상적으로 처리되었습니다""}"
2026-06-10,scan_candidate,081660,,0,main_scan,40300,,40300,40200,40300,40350,0.0,0.24813895781637718,,,,,,"{""bid_req_base_tm"": ""100413"", ""sel_10th_pre_req_pre"": ""0"", ""sel_10th_pre_req"": ""31"", ""sel_10th_pre_bid"": ""+40750"", ""sel_9th_pre_req_pre"": ""0"", ""sel_9th_pre_req"": ""90"", ""sel_9th_pre_bid"": ""+40700"", ""sel_8th_pre_req_pre"": ""0"", ""sel_8th_pre_req"": ""50"", ""sel_8th_pre_bid"": ""+40650"", ""sel_7th_pre_req_pre"": ""0"", ""sel_7th_pre_req"": ""75"", ""sel_7th_pre_bid"": ""+40600"", ""sel_6th_pre_req_pre"": ""0"", ""sel_6th_pre_req"": ""126"", ""sel_6th_pre_bid"": ""+40550"", ""sel_5th_pre_req_pre"": ""0"", ""sel_5th_pre_req"": ""55"", ""sel_5th_pre_bid"": ""+40500"", ""sel_4th_pre_req_pre"": ""0"", ""sel_4th_pre_req"": ""70"", ""sel_4th_pre_bid"": ""+40450"", ""sel_3th_pre_req_pre"": ""0"", ""sel_3th_pre_req"": ""141"", ""sel_3th_pre_bid"": ""+40400"", ""sel_2th_pre_req_pre"": ""0"", ""sel_2th_pre_req"": ""175"", ""sel_2th_pre_bid"": ""+40350"", ""sel_1th_pre_req_pre"": ""0"", ""sel_fpr_req"": ""34"", ""sel_fpr_bid"": ""+40300"", ""buy_fpr_bid"": ""+40200"", ""buy_fpr_req"": ""181"", ""buy_1th_pre_req_pre"": ""+20"", ""buy_2th_pre_bid"": ""+40150"", ""buy_2th_pre_req"": ""152"", ""buy_2th_pre_req_pre"": ""0"", ""buy_3th_pre_bid"": ""+40100"", ""buy_3th_pre_req"": ""25"", ""buy_3th_pre_req_pre"": ""0"", ""buy_4th_pre_bid"": ""+40050"", ""buy_4th_pre_req"": ""81"", ""buy_4th_pre_req_pre"": ""0"", ""buy_5th_pre_bid"": ""+40000"", ""buy_5th_pre_req"": ""757"", ""buy_5th_pre_req_pre"": ""0"", ""buy_6th_pre_bid"": ""+39950"", ""buy_6th_pre_req"": ""539"", ""buy_6th_pre_req_pre"": ""0"", ""buy_7th_pre_bid"": ""+39900"", ""buy_7th_pre_req"": ""21"", ""buy_7th_pre_req_pre"": ""0"", ""buy_8th_pre_bid"": ""+39850"", ""buy_8th_pre_req"": ""91"", ""buy_8th_pre_req_pre"": ""0"", ""buy_9th_pre_bid"": ""+39800"", ""buy_9th_pre_req"": ""40"", ""buy_9th_pre_req_pre"": ""0"", ""buy_10th_pre_bid"": ""+39750"", ""buy_10th_pre_req"": ""40"", ""buy_10th_pre_req_pre"": ""0"", ""tot_sel_req_jub_pre"": ""0"", ""tot_sel_req"": ""847"", ""tot_buy_req"": ""1927"", ""tot_buy_req_jub_pre"": ""+20"", ""ovt_sel_req_pre"": ""0"", ""ovt_sel_req"": ""0"", ""ovt_buy_req"": ""0"", ""ovt_buy_req_pre"": ""0"", ""return_code"": 0, ""return_msg"": ""정상적으로 처리되었습니다""}"
2026-06-10,scan_candidate,462870,,0,main_scan,31350,,31350,31250,31350,31100,-0.9569377990430622,0.3189792663476874,,,,,,"{""bid_req_base_tm"": ""100416"", ""sel_10th_pre_req_pre"": ""0"", ""sel_10th_pre_req"": ""22"", ""sel_10th_pre_bid"": ""-31800"", ""sel_9th_pre_req_pre"": ""0"", ""sel_9th_pre_req"": ""127"", ""sel_9th_pre_bid"": ""-31750"", ""sel_8th_pre_req_pre"": ""0"", ""sel_8th_pre_req"": ""2072"", ""sel_8th_pre_bid"": ""-31700"", ""sel_7th_pre_req_pre"": ""0"", ""sel_7th_pre_req"": ""70"", ""sel_7th_pre_bid"": ""-31650"", ""sel_6th_pre_req_pre"": ""0"", ""sel_6th_pre_req"": ""36"", ""sel_6th_pre_bid"": ""-31600"", ""sel_5th_pre_req_pre"": ""0"", ""sel_5th_pre_req"": ""282"", ""sel_5th_pre_bid"": ""-31550"", ""sel_4th_pre_req_pre"": ""0"", ""sel_4th_pre_req"": ""167"", ""sel_4th_pre_bid"": ""-31500"", ""sel_3th_pre_req_pre"": ""0"", ""sel_3th_pre_req"": ""255"", ""sel_3th_pre_bid"": ""-31450"", ""sel_2th_pre_req_pre"": ""0"", ""sel_2th_pre_req"": ""137"", ""sel_2th_pre_bid"": ""-31400"", ""sel_1th_pre_req_pre"": ""--5"", ""sel_fpr_req"": ""16"", ""sel_fpr_bid"": ""-31350"", ""buy_fpr_bid"": ""-31250"", ""buy_fpr_req"": ""1"", ""buy_1th_pre_req_pre"": ""0"", ""buy_2th_pre_bid"": ""-31200"", ""buy_2th_pre_req"": ""1"", ""buy_2th_pre_req_pre"": ""0"", ""buy_3th_pre_bid"": ""-31150"", ""buy_3th_pre_req"": ""12"", ""buy_3th_pre_req_pre"": ""0"", ""buy_4th_pre_bid"": ""-31100"", ""buy_4th_pre_req"": ""29"", ""buy_4th_pre_req_pre"": ""0"", ""buy_5th_pre_bid"": ""-31050"", ""buy_5th_pre_req"": ""10"", ""buy_5th_pre_req_pre"": ""0"", ""buy_6th_pre_bid"": ""-31000"", ""buy_6th_pre_req"": ""17"", ""buy_6th_pre_req_pre"": ""0"", ""buy_7th_pre_bid"": ""-30950"", ""buy_7th_pre_req"": ""8"", ""buy_7th_pre_req_pre"": ""0"", ""buy_8th_pre_bid"": ""-30900"", ""buy_8th_pre_req"": ""7"", ""buy_8th_pre_req_pre"": ""0"", ""buy_9th_pre_bid"": ""-30850"", ""buy_9th_pre_req"": ""1"", ""buy_9th_pre_req_pre"": ""0"", ""buy_10th_pre_bid"": ""-30800"", ""buy_10th_pre_req"": ""6"", ""buy_10th_pre_req_pre"": ""0"", ""tot_sel_req_jub_pre"": ""--5"", ""tot_sel_req"": ""3184"", ""tot_buy_req"": ""92"", ""tot_buy_req_jub_pre"": ""+1"", ""ovt_sel_req_pre"": ""0"", ""ovt_sel_req"": ""0"", ""ovt_buy_req"": ""0"", ""ovt_buy_req_pre"": ""0"", ""return_code"": 0, ""return_msg"": ""정상적으로 처리되었습니다""}"
2026-06-10,scan_candidate,161890,,0,main_scan,83600,,83600,83500,83600,83000,-0.8373205741626795,0.11961722488038277,,,,,,"{""bid_req_base_tm"": ""100412"", ""sel_10th_pre_req_pre"": ""0"", ""sel_10th_pre_req"": ""152"", ""sel_10th_pre_bid"": ""+84500"", ""sel_9th_pre_req_pre"": ""0"", ""sel_9th_pre_req"": ""19"", ""sel_9th_pre_bid"": ""+84400"", ""sel_8th_pre_req_pre"": ""0"", ""sel_8th_pre_req"": ""18"", ""sel_8th_pre_bid"": ""+84300"", ""sel_7th_pre_req_pre"": ""0"", ""sel_7th_pre_req"": ""140"", ""sel_7th_pre_bid"": ""+84200"", ""sel_6th_pre_req_pre"": ""0"", ""sel_6th_pre_req"": ""217"", ""sel_6th_pre_bid"": ""+84100"", ""sel_5th_pre_req_pre"": ""0"", ""sel_5th_pre_req"": ""363"", ""sel_5th_pre_bid"": ""+84000"", ""sel_4th_pre_req_pre"": ""0"", ""sel_4th_pre_req"": ""207"", ""sel_4th_pre_bid"": ""+83900"", ""sel_3th_pre_req_pre"": ""0"", ""sel_3th_pre_req"": ""120"", ""sel_3th_pre_bid"": ""+83800"", ""sel_2th_pre_req_pre"": ""0"", ""sel_2th_pre_req"": ""83"", ""sel_2th_pre_bid"": ""+83700"", ""sel_1th_pre_req_pre"": ""--2"", ""sel_fpr_req"": ""342"", ""sel_fpr_bid"": ""+83600"", ""buy_fpr_bid"": ""+83500"", ""buy_fpr_req"": ""28"", ""buy_1th_pre_req_pre"": ""0"", ""buy_2th_pre_bid"": ""+83400"", ""buy_2th_pre_req"": ""5"", ""buy_2th_pre_req_pre"": ""0"", ""buy_3th_pre_bid"": ""+83300"", ""buy_3th_pre_req"": ""9"", ""buy_3th_pre_req_pre"": ""0"", ""buy_4th_pre_bid"": ""+83200"", ""buy_4th_pre_req"": ""15"", ""buy_4th_pre_req_pre"": ""0"", ""buy_5th_pre_bid"": ""+83100"", ""buy_5th_pre_req"": ""25"", ""buy_5th_pre_req_pre"": ""0"", ""buy_6th_pre_bid"": ""+82900"", ""buy_6th_pre_req"": ""10"", ""buy_6th_pre_req_pre"": ""0"", ""buy_7th_pre_bid"": ""+82800"", ""buy_7th_pre_req"": ""6"", ""buy_7th_pre_req_pre"": ""0"", ""buy_8th_pre_bid"": ""+82700"", ""buy_8th_pre_req"": ""32"", ""buy_8th_pre_req_pre"": ""0"", ""buy_9th_pre_bid"": ""+82600"", ""buy_9th_pre_req"": ""5"", ""buy_9th_pre_req_pre"": ""0"", ""buy_10th_pre_bid"": ""+82500"", ""buy_10th_pre_req"": ""6"", ""buy_10th_pre_req_pre"": ""0"", ""tot_sel_req_jub_pre"": ""--2"", ""tot_sel_req"": ""1661"", ""tot_buy_req"": ""141"", ""tot_buy_req_jub_pre"": ""0"", ""ovt_sel_req_pre"": ""0"", ""ovt_sel_req"": ""0"", ""ovt_buy_req"": ""0"", ""ovt_buy_req_pre"": ""0"", ""return_code"": 0, ""return_msg"": ""정상적으로 처리되었습니다""}"
2026-06-10,scan_candidate,120110,,0,main_scan,70700,,70700,70600,70700,70500,-0.4243281471004243,0.14144271570014144,,,,,,"{""bid_req_base_tm"": ""100419"", ""sel_10th_pre_req_pre"": ""0"", ""sel_10th_pre_req"": ""10"", ""sel_10th_pre_bid"": ""+71700"", ""sel_9th_pre_req_pre"": ""0"", ""sel_9th_pre_req"": ""18"", ""sel_9th_pre_bid"": ""+71600"", ""sel_8th_pre_req_pre"": ""0"", ""sel_8th_pre_req"": ""709"", ""sel_8th_pre_bid"": ""+71500"", ""sel_7th_pre_req_pre"": ""0"", ""sel_7th_pre_req"": ""136"", ""sel_7th_pre_bid"": ""+71400"", ""sel_6th_pre_req_pre"": ""0"", ""sel_6th_pre_req"": ""9"", ""sel_6th_pre_bid"": ""+71300"", ""sel_5th_pre_req_pre"": ""0"", ""sel_5th_pre_req"": ""32"", ""sel_5th_pre_bid"": ""+71200"", ""sel_4th_pre_req_pre"": ""0"", ""sel_4th_pre_req"": ""591"", ""sel_4th_pre_bid"": ""+71000"", ""sel_3th_pre_req_pre"": ""0"", ""sel_3th_pre_req"": ""25"", ""sel_3th_pre_bid"": ""+70900"", ""sel_2th_pre_req_pre"": ""0"", ""sel_2th_pre_req"": ""74"", ""sel_2th_pre_bid"": ""+70800"", ""sel_1th_pre_req_pre"": ""0"", ""sel_fpr_req"": ""53"", ""sel_fpr_bid"": ""+70700"", ""buy_fpr_bid"": ""+70600"", ""buy_fpr_req"": ""34"", ""buy_1th_pre_req_pre"": ""+1"", ""buy_2th_pre_bid"": ""+70500"", ""buy_2th_pre_req"": ""21"", ""buy_2th_pre_req_pre"": ""+1"", ""buy_3th_pre_bid"": ""+70300"", ""buy_3th_pre_req"": ""138"", ""buy_3th_pre_req_pre"": ""0"", ""buy_4th_pre_bid"": ""+70200"", ""buy_4th_pre_req"": ""40"", ""buy_4th_pre_req_pre"": ""0"", ""buy_5th_pre_bid"": ""+70100"", ""buy_5th_pre_req"": ""52"", ""buy_5th_pre_req_pre"": ""--2"", ""buy_6th_pre_bid"": ""+70000"", ""buy_6th_pre_req"": ""145"", ""buy_6th_pre_req_pre"": ""0"", ""buy_7th_pre_bid"": ""+69800"", ""buy_7th_pre_req"": ""45"", ""buy_7th_pre_req_pre"": ""0"", ""buy_8th_pre_bid"": ""+69700"", ""buy_8th_pre_req"": ""295"", ""buy_8th_pre_req_pre"": ""0"", ""buy_9th_pre_bid"": ""+69600"", ""buy_9th_pre_req"": ""501"", ""buy_9th_pre_req_pre"": ""0"", ""buy_10th_pre_bid"": ""+69500"", ""buy_10th_pre_req"": ""66"", ""buy_10th_pre_req_pre"": ""0"", ""tot_sel_req_jub_pre"": ""0"", ""tot_sel_req"": ""1657"", ""tot_buy_req"": ""1337"", ""tot_buy_req_jub_pre"": ""0"", ""ovt_sel_req_pre"": ""0"", ""ovt_sel_req"": ""0"", ""ovt_buy_req"": ""0"", ""ovt_buy_req_pre"": ""0"", ""return_code"": 0, ""return_msg"": ""정상적으로 처리되었습니다""}"
2026-06-10,scan_candidate,009155,,0,main_scan,606000,,606000,604000,606000,607000,0.0,0.33003300330033003,,,,,,"{""bid_req_base_tm"": ""100420"", ""sel_10th_pre_req_pre"": ""0"", ""sel_10th_pre_req"": ""46"", ""sel_10th_pre_bid"": ""-615000"", ""sel_9th_pre_req_pre"": ""0"", ""sel_9th_pre_req"": ""9"", ""sel_9th_pre_bid"": ""-614000"", ""sel_8th_pre_req_pre"": ""0"", ""sel_8th_pre_req"": ""49"", ""sel_8th_pre_bid"": ""-613000"", ""sel_7th_pre_req_pre"": ""0"", ""sel_7th_pre_req"": ""72"", ""sel_7th_pre_bid"": ""-612000"", ""sel_6th_pre_req_pre"": ""0"", ""sel_6th_pre_req"": ""2"", ""sel_6th_pre_bid"": ""-611000"", ""sel_5th_pre_req_pre"": ""0"", ""sel_5th_pre_req"": ""45"", ""sel_5th_pre_bid"": ""-610000"", ""sel_4th_pre_req_pre"": ""0"", ""sel_4th_pre_req"": ""7"", ""sel_4th_pre_bid"": ""-609000"", ""sel_3th_pre_req_pre"": ""0"", ""sel_3th_pre_req"": ""14"", ""sel_3th_pre_bid"": ""-608000"", ""sel_2th_pre_req_pre"": ""0"", ""sel_2th_pre_req"": ""18"", ""sel_2th_pre_bid"": ""-607000"", ""sel_1th_pre_req_pre"": ""0"", ""sel_fpr_req"": ""18"", ""sel_fpr_bid"": ""-606000"", ""buy_fpr_bid"": ""-604000"", ""buy_fpr_req"": ""1"", ""buy_1th_pre_req_pre"": ""0"", ""buy_2th_pre_bid"": ""-603000"", ""buy_2th_pre_req"": ""57"", ""buy_2th_pre_req_pre"": ""0"", ""buy_3th_pre_bid"": ""-602000"", ""buy_3th_pre_req"": ""88"", ""buy_3th_pre_req_pre"": ""+1"", ""buy_4th_pre_bid"": ""-601000"", ""buy_4th_pre_req"": ""112"", ""buy_4th_pre_req_pre"": ""0"", ""buy_5th_pre_bid"": ""-600000"", ""buy_5th_pre_req"": ""298"", ""buy_5th_pre_req_pre"": ""0"", ""buy_6th_pre_bid"": ""-599000"", ""buy_6th_pre_req"": ""183"", ""buy_6th_pre_req_pre"": ""0"", ""buy_7th_pre_bid"": ""-598000"", ""buy_7th_pre_req"": ""76"", ""buy_7th_pre_req_pre"": ""0"", ""buy_8th_pre_bid"": ""-597000"", ""buy_8th_pre_req"": ""98"", ""buy_8th_pre_req_pre"": ""0"", ""buy_9th_pre_bid"": ""-596000"", ""buy_9th_pre_req"": ""40"", ""buy_9th_pre_req_pre"": ""0"", ""buy_10th_pre_bid"": ""-595000"", ""buy_10th_pre_req"": ""175"", ""buy_10th_pre_req_pre"": ""0"", ""tot_sel_req_jub_pre"": ""0"", ""tot_sel_req"": ""280"", ""tot_buy_req"": ""1128"", ""tot_buy_req_jub_pre"": ""+1"", ""ovt_sel_req_pre"": ""0"", ""ovt_sel_req"": ""0"", ""ovt_buy_req"": ""0"", ""ovt_buy_req_pre"": ""0"", ""return_code"": 0, ""return_msg"": ""정상적으로 처리되었습니다""}"
2026-06-10,scan_candidate,192080,,0,main_scan,72600,,72600,72500,72600,72600,-0.13774104683195593,0.13774104683195593,,,,,,"{""bid_req_base_tm"": ""100413"", ""sel_10th_pre_req_pre"": ""0"", ""sel_10th_pre_req"": ""812"", ""sel_10th_pre_bid"": ""+73700"", ""sel_9th_pre_req_pre"": ""0"", ""sel_9th_pre_req"": ""121"", ""sel_9th_pre_bid"": ""+73600"", ""sel_8th_pre_req_pre"": ""0"", ""sel_8th_pre_req"": ""43"", ""sel_8th_pre_bid"": ""+73500"", ""sel_7th_pre_req_pre"": ""0"", ""sel_7th_pre_req"": ""73"", ""sel_7th_pre_bid"": ""+73400"", ""sel_6th_pre_req_pre"": ""0"", ""sel_6th_pre_req"": ""10"", ""sel_6th_pre_bid"": ""+73300"", ""sel_5th_pre_req_pre"": ""0"", ""sel_5th_pre_req"": ""10"", ""sel_5th_pre_bid"": ""+73200"", ""sel_4th_pre_req_pre"": ""0"", ""sel_4th_pre_req"": ""53"", ""sel_4th_pre_bid"": ""+73000"", ""sel_3th_pre_req_pre"": ""0"", ""sel_3th_pre_req"": ""22"", ""sel_3th_pre_bid"": ""+72900"", ""sel_2th_pre_req_pre"": ""0"", ""sel_2th_pre_req"": ""1"", ""sel_2th_pre_bid"": ""+72700"", ""sel_1th_pre_req_pre"": ""--8"", ""sel_fpr_req"": ""121"", ""sel_fpr_bid"": ""+72600"", ""buy_fpr_bid"": ""+72500"", ""buy_fpr_req"": ""206"", ""buy_1th_pre_req_pre"": ""0"", ""buy_2th_pre_bid"": ""+72400"", ""buy_2th_pre_req"": ""3"", ""buy_2th_pre_req_pre"": ""0"", ""buy_3th_pre_bid"": ""+72300"", ""buy_3th_pre_req"": ""8"", ""buy_3th_pre_req_pre"": ""0"", ""buy_4th_pre_bid"": ""+72200"", ""buy_4th_pre_req"": ""11"", ""buy_4th_pre_req_pre"": ""0"", ""buy_5th_pre_bid"": ""+72100"", ""buy_5th_pre_req"": ""12"", ""buy_5th_pre_req_pre"": ""0"", ""buy_6th_pre_bid"": ""72000"", ""buy_6th_pre_req"": ""66"", ""buy_6th_pre_req_pre"": ""0"", ""buy_7th_pre_bid"": ""-71900"", ""buy_7th_pre_req"": ""22"", ""buy_7th_pre_req_pre"": ""0"", ""buy_8th_pre_bid"": ""-71800"", ""buy_8th_pre_req"": ""66"", ""buy_8th_pre_req_pre"": ""0"", ""buy_9th_pre_bid"": ""-71700"", ""buy_9th_pre_req"": ""33"", ""buy_9th_pre_req_pre"": ""0"", ""buy_10th_pre_bid"": ""-71600"", ""buy_10th_pre_req"": ""80"", ""buy_10th_pre_req_pre"": ""0"", ""tot_sel_req_jub_pre"": ""--8"", ""tot_sel_req"": ""1266"", ""tot_buy_req"": ""507"", ""tot_buy_req_jub_pre"": ""0"", ""ovt_sel_req_pre"": ""0"", ""ovt_sel_req"": ""0"", ""ovt_buy_req"": ""0"", ""ovt_buy_req_pre"": ""0"", ""return_code"": 0, ""return_msg"": ""정상적으로 처리되었습니다""}"
2026-06-10,scan_candidate,093370,,0,main_scan,15300,,15300,15290,15300,15300,-0.32679738562091504,0.065359477124183,,,,,,"{""bid_req_base_tm"": ""100421"", ""sel_10th_pre_req_pre"": ""0"", ""sel_10th_pre_req"": ""2090"", ""sel_10th_pre_bid"": ""+15390"", ""sel_9th_pre_req_pre"": ""0"", ""sel_9th_pre_req"": ""5320"", ""sel_9th_pre_bid"": ""+15380"", ""sel_8th_pre_req_pre"": ""0"", ""sel_8th_pre_req"": ""1752"", ""sel_8th_pre_bid"": ""+15370"", ""sel_7th_pre_req_pre"": ""0"", ""sel_7th_pre_req"": ""714"", ""sel_7th_pre_bid"": ""+15360"", ""sel_6th_pre_req_pre"": ""0"", ""sel_6th_pre_req"": ""1829"", ""sel_6th_pre_bid"": ""+15350"", ""sel_5th_pre_req_pre"": ""0"", ""sel_5th_pre_req"": ""4319"", ""sel_5th_pre_bid"": ""+15340"", ""sel_4th_pre_req_pre"": ""0"", ""sel_4th_pre_req"": ""1021"", ""sel_4th_pre_bid"": ""+15330"", ""sel_3th_pre_req_pre"": ""0"", ""sel_3th_pre_req"": ""2428"", ""sel_3th_pre_bid"": ""+15320"", ""sel_2th_pre_req_pre"": ""0"", ""sel_2th_pre_req"": ""420"", ""sel_2th_pre_bid"": ""+15310"", ""sel_1th_pre_req_pre"": ""+500"", ""sel_fpr_req"": ""1274"", ""sel_fpr_bid"": ""+15300"", ""buy_fpr_bid"": ""+15290"", ""buy_fpr_req"": ""11"", ""buy_1th_pre_req_pre"": ""0"", ""buy_2th_pre_bid"": ""+15280"", ""buy_2th_pre_req"": ""432"", ""buy_2th_pre_req_pre"": ""+428"", ""buy_3th_pre_bid"": ""+15270"", ""buy_3th_pre_req"": ""324"", ""buy_3th_pre_req_pre"": ""0"", ""buy_4th_pre_bid"": ""+15260"", ""buy_4th_pre_req"": ""2316"", ""buy_4th_pre_req_pre"": ""0"", ""buy_5th_pre_bid"": ""+15250"", ""buy_5th_pre_req"": ""5869"", ""buy_5th_pre_req_pre"": ""0"", ""buy_6th_pre_bid"": ""+15240"", ""buy_6th_pre_req"": ""1808"", ""buy_6th_pre_req_pre"": ""0"", ""buy_7th_pre_bid"": ""+15230"", ""buy_7th_pre_req"": ""7153"", ""buy_7th_pre_req_pre"": ""0"", ""buy_8th_pre_bid"": ""+15220"", ""buy_8th_pre_req"": ""906"", ""buy_8th_pre_req_pre"": ""0"", ""buy_9th_pre_bid"": ""+15210"", ""buy_9th_pre_req"": ""2979"", ""buy_9th_pre_req_pre"": ""0"", ""buy_10th_pre_bid"": ""+15200"", ""buy_10th_pre_req"": ""5895"", ""buy_10th_pre_req_pre"": ""0"", ""tot_sel_req_jub_pre"": ""+1992"", ""tot_sel_req"": ""21167"", ""tot_buy_req"": ""27693"", ""tot_buy_req_jub_pre"": ""--835"", ""ovt_sel_req_pre"": ""0"", ""ovt_sel_req"": ""0"", ""ovt_buy_req"": ""0"", ""ovt_buy_req_pre"": ""0"", ""return_code"": 0, ""return_msg"": ""정상적으로 처리되었습니다""}"
2026-06-10,scan_candidate,066575,,0,main_scan,78200,,78200,78100,78200,78400,0.1278772378516624,0.1278772378516624,,,,,,"{""bid_req_base_tm"": ""100420"", ""sel_10th_pre_req_pre"": ""0"", ""sel_10th_pre_req"": ""335"", ""sel_10th_pre_bid"": ""-79100"", ""sel_9th_pre_req_pre"": ""0"", ""sel_9th_pre_req"": ""390"", ""sel_9th_pre_bid"": ""-79000"", ""sel_8th_pre_req_pre"": ""0"", ""sel_8th_pre_req"": ""39"", ""sel_8th_pre_bid"": ""-78900"", ""sel_7th_pre_req_pre"": ""0"", ""sel_7th_pre_req"": ""177"", ""sel_7th_pre_bid"": ""-78800"", ""sel_6th_pre_req_pre"": ""0"", ""sel_6th_pre_req"": ""249"", ""sel_6th_pre_bid"": ""-78700"", ""sel_5th_pre_req_pre"": ""0"", ""sel_5th_pre_req"": ""210"", ""sel_5th_pre_bid"": ""-78600"", ""sel_4th_pre_req_pre"": ""0"", ""sel_4th_pre_req"": ""124"", ""sel_4th_pre_bid"": ""-78500"", ""sel_3th_pre_req_pre"": ""0"", ""sel_3th_pre_req"": ""35"", ""sel_3th_pre_bid"": ""-78400"", ""sel_2th_pre_req_pre"": ""+50"", ""sel_2th_pre_req"": ""117"", ""sel_2th_pre_bid"": ""-78300"", ""sel_1th_pre_req_pre"": ""0"", ""sel_fpr_req"": ""15"", ""sel_fpr_bid"": ""-78200"", ""buy_fpr_bid"": ""-78100"", ""buy_fpr_req"": ""63"", ""buy_1th_pre_req_pre"": ""0"", ""buy_2th_pre_bid"": ""-78000"", ""buy_2th_pre_req"": ""261"", ""buy_2th_pre_req_pre"": ""0"", ""buy_3th_pre_bid"": ""-77900"", ""buy_3th_pre_req"": ""822"", ""buy_3th_pre_req_pre"": ""0"", ""buy_4th_pre_bid"": ""-77800"", ""buy_4th_pre_req"": ""1237"", ""buy_4th_pre_req_pre"": ""+26"", ""buy_5th_pre_bid"": ""-77700"", ""buy_5th_pre_req"": ""356"", ""buy_5th_pre_req_pre"": ""0"", ""buy_6th_pre_bid"": ""-77600"", ""buy_6th_pre_req"": ""149"", ""buy_6th_pre_req_pre"": ""0"", ""buy_7th_pre_bid"": ""-77500"", ""buy_7th_pre_req"": ""512"", ""buy_7th_pre_req_pre"": ""0"", ""buy_8th_pre_bid"": ""-77400"", ""buy_8th_pre_req"": ""70"", ""buy_8th_pre_req_pre"": ""0"", ""buy_9th_pre_bid"": ""-77300"", ""buy_9th_pre_req"": ""147"", ""buy_9th_pre_req_pre"": ""0"", ""buy_10th_pre_bid"": ""-77200"", ""buy_10th_pre_req"": ""101"", ""buy_10th_pre_req_pre"": ""0"", ""tot_sel_req_jub_pre"": ""+50"", ""tot_sel_req"": ""1691"", ""tot_buy_req"": ""3718"", ""tot_buy_req_jub_pre"": ""+26"", ""ovt_sel_req_pre"": ""0"", ""ovt_sel_req"": ""0"", ""ovt_buy_req"": ""0"", ""ovt_buy_req_pre"": ""0"", ""return_code"": 0, ""return_msg"": ""정상적으로 처리되었습니다""}"
2026-06-10,scan_candidate,181710,,0,main_scan,40550,,40550,40500,40550,40850,0.6165228113440198,0.12330456226880394,,,,,,"{""bid_req_base_tm"": ""100420"", ""sel_10th_pre_req_pre"": ""0"", ""sel_10th_pre_req"": ""11"", ""sel_10th_pre_bid"": ""-41300"", ""sel_9th_pre_req_pre"": ""0"", ""sel_9th_pre_req"": ""10"", ""sel_9th_pre_bid"": ""-41200"", ""sel_8th_pre_req_pre"": ""0"", ""sel_8th_pre_req"": ""20"", ""sel_8th_pre_bid"": ""-41050"", ""sel_7th_pre_req_pre"": ""0"", ""sel_7th_pre_req"": ""10"", ""sel_7th_pre_bid"": ""-41000"", ""sel_6th_pre_req_pre"": ""0"", ""sel_6th_pre_req"": ""76"", ""sel_6th_pre_bid"": ""-40950"", ""sel_5th_pre_req_pre"": ""0"", ""sel_5th_pre_req"": ""4"", ""sel_5th_pre_bid"": ""-40850"", ""sel_4th_pre_req_pre"": ""0"", ""sel_4th_pre_req"": ""24"", ""sel_4th_pre_bid"": ""-40700"", ""sel_3th_pre_req_pre"": ""+49"", ""sel_3th_pre_req"": ""63"", ""sel_3th_pre_bid"": ""-40650"", ""sel_2th_pre_req_pre"": ""+1"", ""sel_2th_pre_req"": ""3"", ""sel_2th_pre_bid"": ""-40600"", ""sel_1th_pre_req_pre"": ""0"", ""sel_fpr_req"": ""27"", ""sel_fpr_bid"": ""-40550"", ""buy_fpr_bid"": ""-40500"", ""buy_fpr_req"": ""9"", ""buy_1th_pre_req_pre"": ""0"", ""buy_2th_pre_bid"": ""-40450"", ""buy_2th_pre_req"": ""204"", ""buy_2th_pre_req_pre"": ""--19"", ""buy_3th_pre_bid"": ""-40400"", ""buy_3th_pre_req"": ""121"", ""buy_3th_pre_req_pre"": ""+4"", ""buy_4th_pre_bid"": ""-40350"", ""buy_4th_pre_req"": ""62"", ""buy_4th_pre_req_pre"": ""+50"", ""buy_5th_pre_bid"": ""-40300"", ""buy_5th_pre_req"": ""73"", ""buy_5th_pre_req_pre"": ""0"", ""buy_6th_pre_bid"": ""-40250"", ""buy_6th_pre_req"": ""112"", ""buy_6th_pre_req_pre"": ""0"", ""buy_7th_pre_bid"": ""-40200"", ""buy_7th_pre_req"": ""72"", ""buy_7th_pre_req_pre"": ""0"", ""buy_8th_pre_bid"": ""-40150"", ""buy_8th_pre_req"": ""67"", ""buy_8th_pre_req_pre"": ""0"", ""buy_9th_pre_bid"": ""-40100"", ""buy_9th_pre_req"": ""546"", ""buy_9th_pre_req_pre"": ""0"", ""buy_10th_pre_bid"": ""-40050"", ""buy_10th_pre_req"": ""964"", ""buy_10th_pre_req_pre"": ""0"", ""tot_sel_req_jub_pre"": ""+50"", ""tot_sel_req"": ""248"", ""tot_buy_req"": ""2230"", ""tot_buy_req_jub_pre"": ""+35"", ""ovt_sel_req_pre"": ""0"", ""ovt_sel_req"": ""0"", ""ovt_buy_req"": ""0"", ""ovt_buy_req_pre"": ""0"", ""return_code"": 0, ""return_msg"": ""정상적으로 처리되었습니다""}"
2026-06-10,scan_candidate,034230,,0,main_scan,15150,,15150,15140,15150,15100,-0.6600660066006601,0.066006600660066,,,,,,"{""bid_req_base_tm"": ""100421"", ""sel_10th_pre_req_pre"": ""0"", ""sel_10th_pre_req"": ""630"", ""sel_10th_pre_bid"": ""+15300"", ""sel_9th_pre_req_pre"": ""0"", ""sel_9th_pre_req"": ""900"", ""sel_9th_pre_bid"": ""+15290"", ""sel_8th_pre_req_pre"": ""0"", ""sel_8th_pre_req"": ""852"", ""sel_8th_pre_bid"": ""+15280"", ""sel_7th_pre_req_pre"": ""0"", ""sel_7th_pre_req"": ""50"", ""sel_7th_pre_bid"": ""+15270"", ""sel_6th_pre_req_pre"": ""0"", ""sel_6th_pre_req"": ""160"", ""sel_6th_pre_bid"": ""+15250"", ""sel_5th_pre_req_pre"": ""0"", ""sel_5th_pre_req"": ""100"", ""sel_5th_pre_bid"": ""+15240"", ""sel_4th_pre_req_pre"": ""0"", ""sel_4th_pre_req"": ""1050"", ""sel_4th_pre_bid"": ""+15230"", ""sel_3th_pre_req_pre"": ""0"", ""sel_3th_pre_req"": ""182"", ""sel_3th_pre_bid"": ""+15220"", ""sel_2th_pre_req_pre"": ""0"", ""sel_2th_pre_req"": ""92"", ""sel_2th_pre_bid"": ""+15180"", ""sel_1th_pre_req_pre"": ""+214"", ""sel_fpr_req"": ""306"", ""sel_fpr_bid"": ""+15150"", ""buy_fpr_bid"": ""+15140"", ""buy_fpr_req"": ""179"", ""buy_1th_pre_req_pre"": ""0"", ""buy_2th_pre_bid"": ""+15130"", ""buy_2th_pre_req"": ""1"", ""buy_2th_pre_req_pre"": ""0"", ""buy_3th_pre_bid"": ""+15120"", ""buy_3th_pre_req"": ""3"", ""buy_3th_pre_req_pre"": ""0"", ""buy_4th_pre_bid"": ""+15110"", ""buy_4th_pre_req"": ""113"", ""buy_4th_pre_req_pre"": ""0"", ""buy_5th_pre_bid"": ""+15090"", ""buy_5th_pre_req"": ""166"", ""buy_5th_pre_req_pre"": ""0"", ""buy_6th_pre_bid"": ""+15080"", ""buy_6th_pre_req"": ""11"", ""buy_6th_pre_req_pre"": ""0"", ""buy_7th_pre_bid"": ""+15070"", ""buy_7th_pre_req"": ""11"", ""buy_7th_pre_req_pre"": ""0"", ""buy_8th_pre_bid"": ""+15060"", ""buy_8th_pre_req"": ""62"", ""buy_8th_pre_req_pre"": ""0"", ""buy_9th_pre_bid"": ""+15050"", ""buy_9th_pre_req"": ""122"", ""buy_9th_pre_req_pre"": ""0"", ""buy_10th_pre_bid"": ""+15040"", ""buy_10th_pre_req"": ""100"", ""buy_10th_pre_req_pre"": ""0"", ""tot_sel_req_jub_pre"": ""+214"", ""tot_sel_req"": ""4322"", ""tot_buy_req"": ""768"", ""tot_buy_req_jub_pre"": ""0"", ""ovt_sel_req_pre"": ""0"", ""ovt_sel_req"": ""0"", ""ovt_buy_req"": ""0"", ""ovt_buy_req_pre"": ""0"", ""return_code"": 0, ""return_msg"": ""정상적으로 처리되었습니다""}"
2026-06-10,scan_candidate,281820,,0,main_scan,67800,,67800,67500,67800,67500,-0.5899705014749262,0.4424778761061947,,,,,,"{""bid_req_base_tm"": ""100420"", ""sel_10th_pre_req_pre"": ""0"", ""sel_10th_pre_req"": ""104"", ""sel_10th_pre_bid"": ""+68800"", ""sel_9th_pre_req_pre"": ""0"", ""sel_9th_pre_req"": ""167"", ""sel_9th_pre_bid"": ""+68700"", ""sel_8th_pre_req_pre"": ""0"", ""sel_8th_pre_req"": ""260"", ""sel_8th_pre_bid"": ""+68600"", ""sel_7th_pre_req_pre"": ""0"", ""sel_7th_pre_req"": ""245"", ""sel_7th_pre_bid"": ""+68500"", ""sel_6th_pre_req_pre"": ""0"", ""sel_6th_pre_req"": ""39"", ""sel_6th_pre_bid"": ""+68400"", ""sel_5th_pre_req_pre"": ""0"", ""sel_5th_pre_req"": ""3"", ""sel_5th_pre_bid"": ""+68300"", ""sel_4th_pre_req_pre"": ""0"", ""sel_4th_pre_req"": ""53"", ""sel_4th_pre_bid"": ""+68200"", ""sel_3th_pre_req_pre"": ""0"", ""sel_3th_pre_req"": ""7"", ""sel_3th_pre_bid"": ""+68100"", ""sel_2th_pre_req_pre"": ""--1"", ""sel_2th_pre_req"": ""60"", ""sel_2th_pre_bid"": ""+68000"", ""sel_1th_pre_req_pre"": ""+1"", ""sel_fpr_req"": ""5"", ""sel_fpr_bid"": ""+67800"", ""buy_fpr_bid"": ""+67500"", ""buy_fpr_req"": ""11"", ""buy_1th_pre_req_pre"": ""0"", ""buy_2th_pre_bid"": ""+67400"", ""buy_2th_pre_req"": ""4"", ""buy_2th_pre_req_pre"": ""0"", ""buy_3th_pre_bid"": ""+67300"", ""buy_3th_pre_req"": ""1"", ""buy_3th_pre_req_pre"": ""0"", ""buy_4th_pre_bid"": ""+67200"", ""buy_4th_pre_req"": ""9"", ""buy_4th_pre_req_pre"": ""0"", ""buy_5th_pre_bid"": ""+67100"", ""buy_5th_pre_req"": ""14"", ""buy_5th_pre_req_pre"": ""0"", ""buy_6th_pre_bid"": ""+67000"", ""buy_6th_pre_req"": ""129"", ""buy_6th_pre_req_pre"": ""0"", ""buy_7th_pre_bid"": ""+66900"", ""buy_7th_pre_req"": ""3"", ""buy_7th_pre_req_pre"": ""0"", ""buy_8th_pre_bid"": ""+66800"", ""buy_8th_pre_req"": ""30"", ""buy_8th_pre_req_pre"": ""0"", ""buy_9th_pre_bid"": ""+66700"", ""buy_9th_pre_req"": ""15"", ""buy_9th_pre_req_pre"": ""0"", ""buy_10th_pre_bid"": ""+66600"", ""buy_10th_pre_req"": ""106"", ""buy_10th_pre_req_pre"": ""0"", ""tot_sel_req_jub_pre"": ""0"", ""tot_sel_req"": ""943"", ""tot_buy_req"": ""322"", ""tot_buy_req_jub_pre"": ""0"", ""ovt_sel_req_pre"": ""0"", ""ovt_sel_req"": ""0"", ""ovt_buy_req"": ""0"", ""ovt_buy_req_pre"": ""0"", ""return_code"": 0, ""return_msg"": ""정상적으로 처리되었습니다""}"
2026-06-10,scan_candidate,001820,,0,main_scan,115300,,115300,115200,115300,115000,-0.6938421509106678,0.08673026886383348,,,,,,"{""bid_req_base_tm"": ""100421"", ""sel_10th_pre_req_pre"": ""0"", ""sel_10th_pre_req"": ""11"", ""sel_10th_pre_bid"": ""-116200"", ""sel_9th_pre_req_pre"": ""0"", ""sel_9th_pre_req"": ""105"", ""sel_9th_pre_bid"": ""-116100"", ""sel_8th_pre_req_pre"": ""0"", ""sel_8th_pre_req"": ""353"", ""sel_8th_pre_bid"": ""-116000"", ""sel_7th_pre_req_pre"": ""0"", ""sel_7th_pre_req"": ""1"", ""sel_7th_pre_bid"": ""-115900"", ""sel_6th_pre_req_pre"": ""0"", ""sel_6th_pre_req"": ""926"", ""sel_6th_pre_bid"": ""-115800"", ""sel_5th_pre_req_pre"": ""0"", ""sel_5th_pre_req"": ""66"", ""sel_5th_pre_bid"": ""-115700"", ""sel_4th_pre_req_pre"": ""0"", ""sel_4th_pre_req"": ""235"", ""sel_4th_pre_bid"": ""-115600"", ""sel_3th_pre_req_pre"": ""0"", ""sel_3th_pre_req"": ""29"", ""sel_3th_pre_bid"": ""-115500"", ""sel_2th_pre_req_pre"": ""0"", ""sel_2th_pre_req"": ""39"", ""sel_2th_pre_bid"": ""-115400"", ""sel_1th_pre_req_pre"": ""0"", ""sel_fpr_req"": ""16"", ""sel_fpr_bid"": ""-115300"", ""buy_fpr_bid"": ""-115200"", ""buy_fpr_req"": ""166"", ""buy_1th_pre_req_pre"": ""0"", ""buy_2th_pre_bid"": ""-115100"", ""buy_2th_pre_req"": ""64"", ""buy_2th_pre_req_pre"": ""0"", ""buy_3th_pre_bid"": ""-115000"", ""buy_3th_pre_req"": ""220"", ""buy_3th_pre_req_pre"": ""0"", ""buy_4th_pre_bid"": ""-114900"", ""buy_4th_pre_req"": ""11"", ""buy_4th_pre_req_pre"": ""0"", ""buy_5th_pre_bid"": ""-114800"", ""buy_5th_pre_req"": ""13"", ""buy_5th_pre_req_pre"": ""0"", ""buy_6th_pre_bid"": ""-114700"", ""buy_6th_pre_req"": ""146"", ""buy_6th_pre_req_pre"": ""0"", ""buy_7th_pre_bid"": ""-114600"", ""buy_7th_pre_req"": ""95"", ""buy_7th_pre_req_pre"": ""0"", ""buy_8th_pre_bid"": ""-114500"", ""buy_8th_pre_req"": ""743"", ""buy_8th_pre_req_pre"": ""0"", ""buy_9th_pre_bid"": ""-114400"", ""buy_9th_pre_req"": ""94"", ""buy_9th_pre_req_pre"": ""0"", ""buy_10th_pre_bid"": ""-114300"", ""buy_10th_pre_req"": ""151"", ""buy_10th_pre_req_pre"": ""0"", ""tot_sel_req_jub_pre"": ""0"", ""tot_sel_req"": ""1781"", ""tot_buy_req"": ""1703"", ""tot_buy_req_jub_pre"": ""0"", ""ovt_sel_req_pre"": ""0"", ""ovt_sel_req"": ""0"", ""ovt_buy_req"": ""0"", ""ovt_buy_req_pre"": ""0"", ""return_code"": 0, ""return_msg"": ""정상적으로 처리되었습니다""}"
2026-06-10,scan_candidate,000815,,0,main_scan,402000,,402000,401500,402000,402500,0.0,0.12437810945273632,,,,,,"{""bid_req_base_tm"": ""100419"", ""sel_10th_pre_req_pre"": ""0"", ""sel_10th_pre_req"": ""7"", ""sel_10th_pre_bid"": ""+408000"", ""sel_9th_pre_req_pre"": ""0"", ""sel_9th_pre_req"": ""22"", ""sel_9th_pre_bid"": ""407500"", ""sel_8th_pre_req_pre"": ""0"", ""sel_8th_pre_req"": ""18"", ""sel_8th_pre_bid"": ""-407000"", ""sel_7th_pre_req_pre"": ""0"", ""sel_7th_pre_req"": ""70"", ""sel_7th_pre_bid"": ""-406500"", ""sel_6th_pre_req_pre"": ""0"", ""sel_6th_pre_req"": ""122"", ""sel_6th_pre_bid"": ""-406000"", ""sel_5th_pre_req_pre"": ""0"", ""sel_5th_pre_req"": ""60"", ""sel_5th_pre_bid"": ""-405500"", ""sel_4th_pre_req_pre"": ""0"", ""sel_4th_pre_req"": ""52"", ""sel_4th_pre_bid"": ""-405000"", ""sel_3th_pre_req_pre"": ""0"", ""sel_3th_pre_req"": ""71"", ""sel_3th_pre_bid"": ""-404500"", ""sel_2th_pre_req_pre"": ""0"", ""sel_2th_pre_req"": ""4"", ""sel_2th_pre_bid"": ""-403000"", ""sel_1th_pre_req_pre"": ""0"", ""sel_fpr_req"": ""1"", ""sel_fpr_bid"": ""-402000"", ""buy_fpr_bid"": ""-401500"", ""buy_fpr_req"": ""2"", ""buy_1th_pre_req_pre"": ""0"", ""buy_2th_pre_bid"": ""-401000"", ""buy_2th_pre_req"": ""21"", ""buy_2th_pre_req_pre"": ""0"", ""buy_3th_pre_bid"": ""-400500"", ""buy_3th_pre_req"": ""53"", ""buy_3th_pre_req_pre"": ""0"", ""buy_4th_pre_bid"": ""-400000"", ""buy_4th_pre_req"": ""112"", ""buy_4th_pre_req_pre"": ""0"", ""buy_5th_pre_bid"": ""-399500"", ""buy_5th_pre_req"": ""7"", ""buy_5th_pre_req_pre"": ""0"", ""buy_6th_pre_bid"": ""-399000"", ""buy_6th_pre_req"": ""13"", ""buy_6th_pre_req_pre"": ""0"", ""buy_7th_pre_bid"": ""-398500"", ""buy_7th_pre_req"": ""14"", ""buy_7th_pre_req_pre"": ""0"", ""buy_8th_pre_bid"": ""-398000"", ""buy_8th_pre_req"": ""115"", ""buy_8th_pre_req_pre"": ""0"", ""buy_9th_pre_bid"": ""-397500"", ""buy_9th_pre_req"": ""144"", ""buy_9th_pre_req_pre"": ""0"", ""buy_10th_pre_bid"": ""-397000"", ""buy_10th_pre_req"": ""56"", ""buy_10th_pre_req_pre"": ""0"", ""tot_sel_req_jub_pre"": ""--1"", ""tot_sel_req"": ""427"", ""tot_buy_req"": ""537"", ""tot_buy_req_jub_pre"": ""+44"", ""ovt_sel_req_pre"": ""0"", ""ovt_sel_req"": ""0"", ""ovt_buy_req"": ""0"", ""ovt_buy_req_pre"": ""0"", ""return_code"": 0, ""return_msg"": ""정상적으로 처리되었습니다""}"
2026-06-10,scan_candidate,499790,,0,main_scan,49250,,49250,49050,49250,49000,-0.6091370558375634,0.40609137055837563,,,,,,"{""bid_req_base_tm"": ""100421"", ""sel_10th_pre_req_pre"": ""0"", ""sel_10th_pre_req"": ""50"", ""sel_10th_pre_bid"": ""+49750"", ""sel_9th_pre_req_pre"": ""0"", ""sel_9th_pre_req"": ""11"", ""sel_9th_pre_bid"": ""+49700"", ""sel_8th_pre_req_pre"": ""0"", ""sel_8th_pre_req"": ""14"", ""sel_8th_pre_bid"": ""+49650"", ""sel_7th_pre_req_pre"": ""0"", ""sel_7th_pre_req"": ""47"", ""sel_7th_pre_bid"": ""+49600"", ""sel_6th_pre_req_pre"": ""0"", ""sel_6th_pre_req"": ""212"", ""sel_6th_pre_bid"": ""+49500"", ""sel_5th_pre_req_pre"": ""0"", ""sel_5th_pre_req"": ""18"", ""sel_5th_pre_bid"": ""+49450"", ""sel_4th_pre_req_pre"": ""0"", ""sel_4th_pre_req"": ""18"", ""sel_4th_pre_bid"": ""+49400"", ""sel_3th_pre_req_pre"": ""0"", ""sel_3th_pre_req"": ""252"", ""sel_3th_pre_bid"": ""+49350"", ""sel_2th_pre_req_pre"": ""0"", ""sel_2th_pre_req"": ""35"", ""sel_2th_pre_bid"": ""+49300"", ""sel_1th_pre_req_pre"": ""--1"", ""sel_fpr_req"": ""293"", ""sel_fpr_bid"": ""+49250"", ""buy_fpr_bid"": ""+49050"", ""buy_fpr_req"": ""78"", ""buy_1th_pre_req_pre"": ""+2"", ""buy_2th_pre_bid"": ""+49000"", ""buy_2th_pre_req"": ""40"", ""buy_2th_pre_req_pre"": ""0"", ""buy_3th_pre_bid"": ""+48950"", ""buy_3th_pre_req"": ""2"", ""buy_3th_pre_req_pre"": ""0"", ""buy_4th_pre_bid"": ""+48650"", ""buy_4th_pre_req"": ""65"", ""buy_4th_pre_req_pre"": ""0"", ""buy_5th_pre_bid"": ""+48600"", ""buy_5th_pre_req"": ""135"", ""buy_5th_pre_req_pre"": ""0"", ""buy_6th_pre_bid"": ""+48550"", ""buy_6th_pre_req"": ""56"", ""buy_6th_pre_req_pre"": ""0"", ""buy_7th_pre_bid"": ""+48450"", ""buy_7th_pre_req"": ""20"", ""buy_7th_pre_req_pre"": ""0"", ""buy_8th_pre_bid"": ""+48400"", ""buy_8th_pre_req"": ""12"", ""buy_8th_pre_req_pre"": ""0"", ""buy_9th_pre_bid"": ""+48350"", ""buy_9th_pre_req"": ""25"", ""buy_9th_pre_req_pre"": ""0"", ""buy_10th_pre_bid"": ""+48300"", ""buy_10th_pre_req"": ""1207"", ""buy_10th_pre_req_pre"": ""0"", ""tot_sel_req_jub_pre"": ""--1"", ""tot_sel_req"": ""950"", ""tot_buy_req"": ""1640"", ""tot_buy_req_jub_pre"": ""+1208"", ""ovt_sel_req_pre"": ""0"", ""ovt_sel_req"": ""0"", ""ovt_buy_req"": ""0"", ""ovt_buy_req_pre"": ""0"", ""return_code"": 0, ""return_msg"": ""정상적으로 처리되었습니다""}"
2026-06-10,scan_candidate,100090,,0,main_scan,16730,,16730,16710,16730,16750,-0.17931858936043038,0.11954572624028689,,,,,,"{""bid_req_base_tm"": ""100422"", ""sel_10th_pre_req_pre"": ""0"", ""sel_10th_pre_req"": ""1"", ""sel_10th_pre_bid"": ""+16870"", ""sel_9th_pre_req_pre"": ""0"", ""sel_9th_pre_req"": ""150"", ""sel_9th_pre_bid"": ""+16860"", ""sel_8th_pre_req_pre"": ""0"", ""sel_8th_pre_req"": ""668"", ""sel_8th_pre_bid"": ""+16850"", ""sel_7th_pre_req_pre"": ""0"", ""sel_7th_pre_req"": ""796"", ""sel_7th_pre_bid"": ""+16840"", ""sel_6th_pre_req_pre"": ""0"", ""sel_6th_pre_req"": ""50"", ""sel_6th_pre_bid"": ""+16820"", ""sel_5th_pre_req_pre"": ""0"", ""sel_5th_pre_req"": ""174"", ""sel_5th_pre_bid"": ""+16780"", ""sel_4th_pre_req_pre"": ""0"", ""sel_4th_pre_req"": ""209"", ""sel_4th_pre_bid"": ""+16760"", ""sel_3th_pre_req_pre"": ""0"", ""sel_3th_pre_req"": ""130"", ""sel_3th_pre_bid"": ""+16750"", ""sel_2th_pre_req_pre"": ""0"", ""sel_2th_pre_req"": ""194"", ""sel_2th_pre_bid"": ""+16740"", ""sel_1th_pre_req_pre"": ""+26"", ""sel_fpr_req"": ""1352"", ""sel_fpr_bid"": ""+16730"", ""buy_fpr_bid"": ""+16710"", ""buy_fpr_req"": ""123"", ""buy_1th_pre_req_pre"": ""0"", ""buy_2th_pre_bid"": ""+16700"", ""buy_2th_pre_req"": ""777"", ""buy_2th_pre_req_pre"": ""0"", ""buy_3th_pre_bid"": ""+16690"", ""buy_3th_pre_req"": ""213"", ""buy_3th_pre_req_pre"": ""0"", ""buy_4th_pre_bid"": ""+16680"", ""buy_4th_pre_req"": ""36"", ""buy_4th_pre_req_pre"": ""0"", ""buy_5th_pre_bid"": ""+16670"", ""buy_5th_pre_req"": ""894"", ""buy_5th_pre_req_pre"": ""0"", ""buy_6th_pre_bid"": ""+16660"", ""buy_6th_pre_req"": ""351"", ""buy_6th_pre_req_pre"": ""+10"", ""buy_7th_pre_bid"": ""+16650"", ""buy_7th_pre_req"": ""606"", ""buy_7th_pre_req_pre"": ""0"", ""buy_8th_pre_bid"": ""+16640"", ""buy_8th_pre_req"": ""787"", ""buy_8th_pre_req_pre"": ""0"", ""buy_9th_pre_bid"": ""+16630"", ""buy_9th_pre_req"": ""212"", ""buy_9th_pre_req_pre"": ""0"", ""buy_10th_pre_bid"": ""+16620"", ""buy_10th_pre_req"": ""5342"", ""buy_10th_pre_req_pre"": ""0"", ""tot_sel_req_jub_pre"": ""+26"", ""tot_sel_req"": ""3724"", ""tot_buy_req"": ""9341"", ""tot_buy_req_jub_pre"": ""+10"", ""ovt_sel_req_pre"": ""0"", ""ovt_sel_req"": ""0"", ""ovt_buy_req"": ""0"", ""ovt_buy_req_pre"": ""0"", ""return_code"": 0, ""return_msg"": ""정상적으로 처리되었습니다""}"
2026-06-10,scan_candidate,003160,,0,main_scan,29100,,29100,29050,29100,29050,-0.3436426116838488,0.1718213058419244,,,,,,"{""bid_req_base_tm"": ""100422"", ""sel_10th_pre_req_pre"": ""0"", ""sel_10th_pre_req"": ""423"", ""sel_10th_pre_bid"": ""+29550"", ""sel_9th_pre_req_pre"": ""0"", ""sel_9th_pre_req"": ""3276"", ""sel_9th_pre_bid"": ""+29500"", ""sel_8th_pre_req_pre"": ""0"", ""sel_8th_pre_req"": ""344"", ""sel_8th_pre_bid"": ""+29450"", ""sel_7th_pre_req_pre"": ""0"", ""sel_7th_pre_req"": ""10"", ""sel_7th_pre_bid"": ""+29400"", ""sel_6th_pre_req_pre"": ""0"", ""sel_6th_pre_req"": ""22"", ""sel_6th_pre_bid"": ""+29350"", ""sel_5th_pre_req_pre"": ""0"", ""sel_5th_pre_req"": ""38"", ""sel_5th_pre_bid"": ""+29300"", ""sel_4th_pre_req_pre"": ""0"", ""sel_4th_pre_req"": ""289"", ""sel_4th_pre_bid"": ""+29250"", ""sel_3th_pre_req_pre"": ""0"", ""sel_3th_pre_req"": ""95"", ""sel_3th_pre_bid"": ""+29200"", ""sel_2th_pre_req_pre"": ""0"", ""sel_2th_pre_req"": ""57"", ""sel_2th_pre_bid"": ""+29150"", ""sel_1th_pre_req_pre"": ""--1"", ""sel_fpr_req"": ""1"", ""sel_fpr_bid"": ""+29100"", ""buy_fpr_bid"": ""+29050"", ""buy_fpr_req"": ""73"", ""buy_1th_pre_req_pre"": ""+64"", ""buy_2th_pre_bid"": ""+29000"", ""buy_2th_pre_req"": ""18"", ""buy_2th_pre_req_pre"": ""+10"", ""buy_3th_pre_bid"": ""+28950"", ""buy_3th_pre_req"": ""345"", ""buy_3th_pre_req_pre"": ""0"", ""buy_4th_pre_bid"": ""+28900"", ""buy_4th_pre_req"": ""641"", ""buy_4th_pre_req_pre"": ""0"", ""buy_5th_pre_bid"": ""+28850"", ""buy_5th_pre_req"": ""279"", ""buy_5th_pre_req_pre"": ""0"", ""buy_6th_pre_bid"": ""+28800"", ""buy_6th_pre_req"": ""267"", ""buy_6th_pre_req_pre"": ""0"", ""buy_7th_pre_bid"": ""+28750"", ""buy_7th_pre_req"": ""44"", ""buy_7th_pre_req_pre"": ""0"", ""buy_8th_pre_bid"": ""+28700"", ""buy_8th_pre_req"": ""213"", ""buy_8th_pre_req_pre"": ""0"", ""buy_9th_pre_bid"": ""+28650"", ""buy_9th_pre_req"": ""650"", ""buy_9th_pre_req_pre"": ""--79"", ""buy_10th_pre_bid"": ""+28600"", ""buy_10th_pre_req"": ""216"", ""buy_10th_pre_req_pre"": ""0"", ""tot_sel_req_jub_pre"": ""--1"", ""tot_sel_req"": ""4555"", ""tot_buy_req"": ""2746"", ""tot_buy_req_jub_pre"": ""--5"", ""ovt_sel_req_pre"": ""0"", ""ovt_sel_req"": ""0"", ""ovt_buy_req"": ""0"", ""ovt_buy_req_pre"": ""0"", ""return_code"": 0, ""return_msg"": ""정상적으로 처리되었습니다""}"
2026-06-10,scan_candidate,000370,,0,main_scan,6680,,6680,6670,6680,6650,-0.5988023952095809,0.14970059880239522,,,,,,"{""bid_req_base_tm"": ""100423"", ""sel_10th_pre_req_pre"": ""0"", ""sel_10th_pre_req"": ""1674"", ""sel_10th_pre_bid"": ""+6770"", ""sel_9th_pre_req_pre"": ""0"", ""sel_9th_pre_req"": ""1018"", ""sel_9th_pre_bid"": ""+6760"", ""sel_8th_pre_req_pre"": ""0"", ""sel_8th_pre_req"": ""1293"", ""sel_8th_pre_bid"": ""+6750"", ""sel_7th_pre_req_pre"": ""0"", ""sel_7th_pre_req"": ""1471"", ""sel_7th_pre_bid"": ""+6740"", ""sel_6th_pre_req_pre"": ""0"", ""sel_6th_pre_req"": ""2213"", ""sel_6th_pre_bid"": ""+6730"", ""sel_5th_pre_req_pre"": ""0"", ""sel_5th_pre_req"": ""1459"", ""sel_5th_pre_bid"": ""+6720"", ""sel_4th_pre_req_pre"": ""0"", ""sel_4th_pre_req"": ""1217"", ""sel_4th_pre_bid"": ""+6710"", ""sel_3th_pre_req_pre"": ""+5"", ""sel_3th_pre_req"": ""893"", ""sel_3th_pre_bid"": ""+6700"", ""sel_2th_pre_req_pre"": ""0"", ""sel_2th_pre_req"": ""144"", ""sel_2th_pre_bid"": ""+6690"", ""sel_1th_pre_req_pre"": ""0"", ""sel_fpr_req"": ""10"", ""sel_fpr_bid"": ""+6680"", ""buy_fpr_bid"": ""+6670"", ""buy_fpr_req"": ""227"", ""buy_1th_pre_req_pre"": ""--3"", ""buy_2th_pre_bid"": ""+6660"", ""buy_2th_pre_req"": ""1152"", ""buy_2th_pre_req_pre"": ""0"", ""buy_3th_pre_bid"": ""+6650"", ""buy_3th_pre_req"": ""1"", ""buy_3th_pre_req_pre"": ""0"", ""buy_4th_pre_bid"": ""+6640"", ""buy_4th_pre_req"": ""153"", ""buy_4th_pre_req_pre"": ""0"", ""buy_5th_pre_bid"": ""+6630"", ""buy_5th_pre_req"": ""385"", ""buy_5th_pre_req_pre"": ""0"", ""buy_6th_pre_bid"": ""+6620"", ""buy_6th_pre_req"": ""394"", ""buy_6th_pre_req_pre"": ""0"", ""buy_7th_pre_bid"": ""+6610"", ""buy_7th_pre_req"": ""13"", ""buy_7th_pre_req_pre"": ""0"", ""buy_8th_pre_bid"": ""+6600"", ""buy_8th_pre_req"": ""1910"", ""buy_8th_pre_req_pre"": ""0"", ""buy_9th_pre_bid"": ""+6590"", ""buy_9th_pre_req"": ""115"", ""buy_9th_pre_req_pre"": ""0"", ""buy_10th_pre_bid"": ""+6580"", ""buy_10th_pre_req"": ""123"", ""buy_10th_pre_req_pre"": ""0"", ""tot_sel_req_jub_pre"": ""+5"", ""tot_sel_req"": ""11392"", ""tot_buy_req"": ""4473"", ""tot_buy_req_jub_pre"": ""--3"", ""ovt_sel_req_pre"": ""0"", ""ovt_sel_req"": ""0"", ""ovt_buy_req"": ""0"", ""ovt_buy_req_pre"": ""0"", ""return_code"": 0, ""return_msg"": ""정상적으로 처리되었습니다""}"
2026-06-10,scan_candidate,114090,,0,main_scan,12120,,12120,12100,12120,12050,-0.9900990099009901,0.16501650165016502,,,,,,"{""bid_req_base_tm"": ""100422"", ""sel_10th_pre_req_pre"": ""0"", ""sel_10th_pre_req"": ""14"", ""sel_10th_pre_bid"": ""+12210"", ""sel_9th_pre_req_pre"": ""0"", ""sel_9th_pre_req"": ""881"", ""sel_9th_pre_bid"": ""+12200"", ""sel_8th_pre_req_pre"": ""0"", ""sel_8th_pre_req"": ""310"", ""sel_8th_pre_bid"": ""+12190"", ""sel_7th_pre_req_pre"": ""0"", ""sel_7th_pre_req"": ""181"", ""sel_7th_pre_bid"": ""+12180"", ""sel_6th_pre_req_pre"": ""0"", ""sel_6th_pre_req"": ""17"", ""sel_6th_pre_bid"": ""+12170"", ""sel_5th_pre_req_pre"": ""0"", ""sel_5th_pre_req"": ""5"", ""sel_5th_pre_bid"": ""+12160"", ""sel_4th_pre_req_pre"": ""0"", ""sel_4th_pre_req"": ""1513"", ""sel_4th_pre_bid"": ""+12150"", ""sel_3th_pre_req_pre"": ""0"", ""sel_3th_pre_req"": ""562"", ""sel_3th_pre_bid"": ""+12140"", ""sel_2th_pre_req_pre"": ""+100"", ""sel_2th_pre_req"": ""113"", ""sel_2th_pre_bid"": ""+12130"", ""sel_1th_pre_req_pre"": ""0"", ""sel_fpr_req"": ""53"", ""sel_fpr_bid"": ""+12120"", ""buy_fpr_bid"": ""+12100"", ""buy_fpr_req"": ""220"", ""buy_1th_pre_req_pre"": ""0"", ""buy_2th_pre_bid"": ""+12090"", ""buy_2th_pre_req"": ""190"", ""buy_2th_pre_req_pre"": ""0"", ""buy_3th_pre_bid"": ""+12080"", ""buy_3th_pre_req"": ""499"", ""buy_3th_pre_req_pre"": ""0"", ""buy_4th_pre_bid"": ""+12070"", ""buy_4th_pre_req"": ""59"", ""buy_4th_pre_req_pre"": ""0"", ""buy_5th_pre_bid"": ""+12060"", ""buy_5th_pre_req"": ""17"", ""buy_5th_pre_req_pre"": ""0"", ""buy_6th_pre_bid"": ""+12050"", ""buy_6th_pre_req"": ""148"", ""buy_6th_pre_req_pre"": ""0"", ""buy_7th_pre_bid"": ""+12030"", ""buy_7th_pre_req"": ""18"", ""buy_7th_pre_req_pre"": ""0"", ""buy_8th_pre_bid"": ""+12020"", ""buy_8th_pre_req"": ""2"", ""buy_8th_pre_req_pre"": ""0"", ""buy_9th_pre_bid"": ""+12000"", ""buy_9th_pre_req"": ""27"", ""buy_9th_pre_req_pre"": ""0"", ""buy_10th_pre_bid"": ""+11990"", ""buy_10th_pre_req"": ""30"", ""buy_10th_pre_req_pre"": ""0"", ""tot_sel_req_jub_pre"": ""+100"", ""tot_sel_req"": ""3649"", ""tot_buy_req"": ""1210"", ""tot_buy_req_jub_pre"": ""0"", ""ovt_sel_req_pre"": ""0"", ""ovt_sel_req"": ""0"", ""ovt_buy_req"": ""0"", ""ovt_buy_req_pre"": ""0"", ""return_code"": 0, ""return_msg"": ""정상적으로 처리되었습니다""}"
2026-06-10,scan_candidate,005090,,0,main_scan,52100,,52100,51700,52100,52200,0.0,0.7677543186180422,,,,,,"{""bid_req_base_tm"": ""100423"", ""sel_10th_pre_req_pre"": ""0"", ""sel_10th_pre_req"": ""10"", ""sel_10th_pre_bid"": ""+53500"", ""sel_9th_pre_req_pre"": ""0"", ""sel_9th_pre_req"": ""545"", ""sel_9th_pre_bid"": ""+53400"", ""sel_8th_pre_req_pre"": ""0"", ""sel_8th_pre_req"": ""67"", ""sel_8th_pre_bid"": ""+53100"", ""sel_7th_pre_req_pre"": ""0"", ""sel_7th_pre_req"": ""32"", ""sel_7th_pre_bid"": ""+53000"", ""sel_6th_pre_req_pre"": ""0"", ""sel_6th_pre_req"": ""52"", ""sel_6th_pre_bid"": ""+52900"", ""sel_5th_pre_req_pre"": ""0"", ""sel_5th_pre_req"": ""223"", ""sel_5th_pre_bid"": ""+52700"", ""sel_4th_pre_req_pre"": ""0"", ""sel_4th_pre_req"": ""60"", ""sel_4th_pre_bid"": ""+52400"", ""sel_3th_pre_req_pre"": ""0"", ""sel_3th_pre_req"": ""142"", ""sel_3th_pre_bid"": ""+52300"", ""sel_2th_pre_req_pre"": ""0"", ""sel_2th_pre_req"": ""145"", ""sel_2th_pre_bid"": ""+52200"", ""sel_1th_pre_req_pre"": ""0"", ""sel_fpr_req"": ""35"", ""sel_fpr_bid"": ""+52100"", ""buy_fpr_bid"": ""+51700"", ""buy_fpr_req"": ""275"", ""buy_1th_pre_req_pre"": ""0"", ""buy_2th_pre_bid"": ""+51600"", ""buy_2th_pre_req"": ""377"", ""buy_2th_pre_req_pre"": ""+4"", ""buy_3th_pre_bid"": ""+51500"", ""buy_3th_pre_req"": ""23"", ""buy_3th_pre_req_pre"": ""0"", ""buy_4th_pre_bid"": ""+51300"", ""buy_4th_pre_req"": ""120"", ""buy_4th_pre_req_pre"": ""0"", ""buy_5th_pre_bid"": ""+51100"", ""buy_5th_pre_req"": ""302"", ""buy_5th_pre_req_pre"": ""0"", ""buy_6th_pre_bid"": ""+51000"", ""buy_6th_pre_req"": ""198"", ""buy_6th_pre_req_pre"": ""0"", ""buy_7th_pre_bid"": ""+50900"", ""buy_7th_pre_req"": ""150"", ""buy_7th_pre_req_pre"": ""0"", ""buy_8th_pre_bid"": ""+50800"", ""buy_8th_pre_req"": ""605"", ""buy_8th_pre_req_pre"": ""0"", ""buy_9th_pre_bid"": ""+50700"", ""buy_9th_pre_req"": ""1203"", ""buy_9th_pre_req_pre"": ""0"", ""buy_10th_pre_bid"": ""+50600"", ""buy_10th_pre_req"": ""18"", ""buy_10th_pre_req_pre"": ""0"", ""tot_sel_req_jub_pre"": ""0"", ""tot_sel_req"": ""1311"", ""tot_buy_req"": ""3271"", ""tot_buy_req_jub_pre"": ""+4"", ""ovt_sel_req_pre"": ""0"", ""ovt_sel_req"": ""0"", ""ovt_buy_req"": ""0"", ""ovt_buy_req_pre"": ""0"", ""return_code"": 0, ""return_msg"": ""정상적으로 처리되었습니다""}"
2026-06-10,scan_candidate,017900,,0,main_scan,9950,,9950,9940,9950,9970,0.10050251256281408,0.10050251256281408,,,,,,"{""bid_req_base_tm"": ""100423"", ""sel_10th_pre_req_pre"": ""0"", ""sel_10th_pre_req"": ""3968"", ""sel_10th_pre_bid"": ""+10080"", ""sel_9th_pre_req_pre"": ""0"", ""sel_9th_pre_req"": ""1378"", ""sel_9th_pre_bid"": ""+10030"", ""sel_8th_pre_req_pre"": ""0"", ""sel_8th_pre_req"": ""332"", ""sel_8th_pre_bid"": ""+10020"", ""sel_7th_pre_req_pre"": ""0"", ""sel_7th_pre_req"": ""20"", ""sel_7th_pre_bid"": ""+10010"", ""sel_6th_pre_req_pre"": ""0"", ""sel_6th_pre_req"": ""45"", ""sel_6th_pre_bid"": ""+10000"", ""sel_5th_pre_req_pre"": ""0"", ""sel_5th_pre_req"": ""392"", ""sel_5th_pre_bid"": ""+9990"", ""sel_4th_pre_req_pre"": ""0"", ""sel_4th_pre_req"": ""8"", ""sel_4th_pre_bid"": ""+9980"", ""sel_3th_pre_req_pre"": ""0"", ""sel_3th_pre_req"": ""537"", ""sel_3th_pre_bid"": ""+9970"", ""sel_2th_pre_req_pre"": ""0"", ""sel_2th_pre_req"": ""151"", ""sel_2th_pre_bid"": ""+9960"", ""sel_1th_pre_req_pre"": ""0"", ""sel_fpr_req"": ""306"", ""sel_fpr_bid"": ""+9950"", ""buy_fpr_bid"": ""+9940"", ""buy_fpr_req"": ""3"", ""buy_1th_pre_req_pre"": ""+2"", ""buy_2th_pre_bid"": ""+9920"", ""buy_2th_pre_req"": ""22"", ""buy_2th_pre_req_pre"": ""0"", ""buy_3th_pre_bid"": ""+9910"", ""buy_3th_pre_req"": ""319"", ""buy_3th_pre_req_pre"": ""+109"", ""buy_4th_pre_bid"": ""+9900"", ""buy_4th_pre_req"": ""72"", ""buy_4th_pre_req_pre"": ""0"", ""buy_5th_pre_bid"": ""+9890"", ""buy_5th_pre_req"": ""264"", ""buy_5th_pre_req_pre"": ""0"", ""buy_6th_pre_bid"": ""+9880"", ""buy_6th_pre_req"": ""641"", ""buy_6th_pre_req_pre"": ""0"", ""buy_7th_pre_bid"": ""+9870"", ""buy_7th_pre_req"": ""4154"", ""buy_7th_pre_req_pre"": ""0"", ""buy_8th_pre_bid"": ""+9860"", ""buy_8th_pre_req"": ""2095"", ""buy_8th_pre_req_pre"": ""0"", ""buy_9th_pre_bid"": ""+9850"", ""buy_9th_pre_req"": ""704"", ""buy_9th_pre_req_pre"": ""0"", ""buy_10th_pre_bid"": ""+9840"", ""buy_10th_pre_req"": ""383"", ""buy_10th_pre_req_pre"": ""0"", ""tot_sel_req_jub_pre"": ""0"", ""tot_sel_req"": ""7137"", ""tot_buy_req"": ""8657"", ""tot_buy_req_jub_pre"": ""--319"", ""ovt_sel_req_pre"": ""0"", ""ovt_sel_req"": ""0"", ""ovt_buy_req"": ""0"", ""ovt_buy_req_pre"": ""0"", ""return_code"": 0, ""return_msg"": ""정상적으로 처리되었습니다""}"
2026-06-10,scan_candidate,006220,,0,main_scan,11280,,11280,11270,11280,11250,-0.7092198581560284,0.08865248226950355,,,,,,"{""bid_req_base_tm"": ""100423"", ""sel_10th_pre_req_pre"": ""0"", ""sel_10th_pre_req"": ""4"", ""sel_10th_pre_bid"": ""+11370"", ""sel_9th_pre_req_pre"": ""0"", ""sel_9th_pre_req"": ""264"", ""sel_9th_pre_bid"": ""+11360"", ""sel_8th_pre_req_pre"": ""0"", ""sel_8th_pre_req"": ""148"", ""sel_8th_pre_bid"": ""+11350"", ""sel_7th_pre_req_pre"": ""0"", ""sel_7th_pre_req"": ""597"", ""sel_7th_pre_bid"": ""+11340"", ""sel_6th_pre_req_pre"": ""0"", ""sel_6th_pre_req"": ""1074"", ""sel_6th_pre_bid"": ""+11330"", ""sel_5th_pre_req_pre"": ""0"", ""sel_5th_pre_req"": ""310"", ""sel_5th_pre_bid"": ""+11320"", ""sel_4th_pre_req_pre"": ""0"", ""sel_4th_pre_req"": ""1"", ""sel_4th_pre_bid"": ""+11310"", ""sel_3th_pre_req_pre"": ""0"", ""sel_3th_pre_req"": ""305"", ""sel_3th_pre_bid"": ""+11300"", ""sel_2th_pre_req_pre"": ""0"", ""sel_2th_pre_req"": ""106"", ""sel_2th_pre_bid"": ""+11290"", ""sel_1th_pre_req_pre"": ""+443"", ""sel_fpr_req"": ""454"", ""sel_fpr_bid"": ""+11280"", ""buy_fpr_bid"": ""+11270"", ""buy_fpr_req"": ""2"", ""buy_1th_pre_req_pre"": ""0"", ""buy_2th_pre_bid"": ""+11260"", ""buy_2th_pre_req"": ""197"", ""buy_2th_pre_req_pre"": ""0"", ""buy_3th_pre_bid"": ""+11250"", ""buy_3th_pre_req"": ""146"", ""buy_3th_pre_req_pre"": ""0"", ""buy_4th_pre_bid"": ""+11240"", ""buy_4th_pre_req"": ""174"", ""buy_4th_pre_req_pre"": ""0"", ""buy_5th_pre_bid"": ""+11230"", ""buy_5th_pre_req"": ""857"", ""buy_5th_pre_req_pre"": ""0"", ""buy_6th_pre_bid"": ""+11220"", ""buy_6th_pre_req"": ""1056"", ""buy_6th_pre_req_pre"": ""0"", ""buy_7th_pre_bid"": ""+11210"", ""buy_7th_pre_req"": ""2225"", ""buy_7th_pre_req_pre"": ""0"", ""buy_8th_pre_bid"": ""+11200"", ""buy_8th_pre_req"": ""2016"", ""buy_8th_pre_req_pre"": ""0"", ""buy_9th_pre_bid"": ""+11190"", ""buy_9th_pre_req"": ""2537"", ""buy_9th_pre_req_pre"": ""0"", ""buy_10th_pre_bid"": ""+11180"", ""buy_10th_pre_req"": ""6019"", ""buy_10th_pre_req_pre"": ""0"", ""tot_sel_req_jub_pre"": ""+443"", ""tot_sel_req"": ""3263"", ""tot_buy_req"": ""15229"", ""tot_buy_req_jub_pre"": ""0"", ""ovt_sel_req_pre"": ""0"", ""ovt_sel_req"": ""0"", ""ovt_buy_req"": ""0"", ""ovt_buy_req_pre"": ""0"", ""return_code"": 0, ""return_msg"": ""정상적으로 처리되었습니다""}"
2026-06-10,scan_candidate,092200,,0,main_scan,9900,,9900,9890,9900,9920,0.10101010101010101,0.10101010101010101,,,,,,"{""bid_req_base_tm"": ""100424"", ""sel_10th_pre_req_pre"": ""0"", ""sel_10th_pre_req"": ""7"", ""sel_10th_pre_bid"": ""-10010"", ""sel_9th_pre_req_pre"": ""0"", ""sel_9th_pre_req"": ""1889"", ""sel_9th_pre_bid"": ""-10000"", ""sel_8th_pre_req_pre"": ""0"", ""sel_8th_pre_req"": ""366"", ""sel_8th_pre_bid"": ""-9970"", ""sel_7th_pre_req_pre"": ""0"", ""sel_7th_pre_req"": ""535"", ""sel_7th_pre_bid"": ""-9960"", ""sel_6th_pre_req_pre"": ""0"", ""sel_6th_pre_req"": ""10"", ""sel_6th_pre_bid"": ""-9950"", ""sel_5th_pre_req_pre"": ""0"", ""sel_5th_pre_req"": ""226"", ""sel_5th_pre_bid"": ""-9940"", ""sel_4th_pre_req_pre"": ""0"", ""sel_4th_pre_req"": ""30"", ""sel_4th_pre_bid"": ""-9930"", ""sel_3th_pre_req_pre"": ""0"", ""sel_3th_pre_req"": ""1790"", ""sel_3th_pre_bid"": ""-9920"", ""sel_2th_pre_req_pre"": ""0"", ""sel_2th_pre_req"": ""47"", ""sel_2th_pre_bid"": ""-9910"", ""sel_1th_pre_req_pre"": ""--265"", ""sel_fpr_req"": ""273"", ""sel_fpr_bid"": ""-9900"", ""buy_fpr_bid"": ""-9890"", ""buy_fpr_req"": ""15"", ""buy_1th_pre_req_pre"": ""0"", ""buy_2th_pre_bid"": ""-9880"", ""buy_2th_pre_req"": ""125"", ""buy_2th_pre_req_pre"": ""0"", ""buy_3th_pre_bid"": ""-9850"", ""buy_3th_pre_req"": ""2045"", ""buy_3th_pre_req_pre"": ""0"", ""buy_4th_pre_bid"": ""-9840"", ""buy_4th_pre_req"": ""2032"", ""buy_4th_pre_req_pre"": ""0"", ""buy_5th_pre_bid"": ""-9830"", ""buy_5th_pre_req"": ""2212"", ""buy_5th_pre_req_pre"": ""0"", ""buy_6th_pre_bid"": ""-9820"", ""buy_6th_pre_req"": ""2721"", ""buy_6th_pre_req_pre"": ""0"", ""buy_7th_pre_bid"": ""-9810"", ""buy_7th_pre_req"": ""980"", ""buy_7th_pre_req_pre"": ""0"", ""buy_8th_pre_bid"": ""-9800"", ""buy_8th_pre_req"": ""2431"", ""buy_8th_pre_req_pre"": ""0"", ""buy_9th_pre_bid"": ""-9790"", ""buy_9th_pre_req"": ""1005"", ""buy_9th_pre_req_pre"": ""0"", ""buy_10th_pre_bid"": ""-9780"", ""buy_10th_pre_req"": ""1536"", ""buy_10th_pre_req_pre"": ""0"", ""tot_sel_req_jub_pre"": ""--265"", ""tot_sel_req"": ""5173"", ""tot_buy_req"": ""15102"", ""tot_buy_req_jub_pre"": ""0"", ""ovt_sel_req_pre"": ""0"", ""ovt_sel_req"": ""0"", ""ovt_buy_req"": ""0"", ""ovt_buy_req_pre"": ""0"", ""return_code"": 0, ""return_msg"": ""정상적으로 처리되었습니다""}"
2026-06-10,scan_candidate,010820,,0,main_scan,8200,,8200,8190,8200,8150,-0.7317073170731708,0.12195121951219512,,,,,,"{""bid_req_base_tm"": ""100423"", ""sel_10th_pre_req_pre"": ""0"", ""sel_10th_pre_req"": ""4765"", ""sel_10th_pre_bid"": ""+8290"", ""sel_9th_pre_req_pre"": ""0"", ""sel_9th_pre_req"": ""570"", ""sel_9th_pre_bid"": ""+8280"", ""sel_8th_pre_req_pre"": ""0"", ""sel_8th_pre_req"": ""2616"", ""sel_8th_pre_bid"": ""+8270"", ""sel_7th_pre_req_pre"": ""0"", ""sel_7th_pre_req"": ""269"", ""sel_7th_pre_bid"": ""+8260"", ""sel_6th_pre_req_pre"": ""0"", ""sel_6th_pre_req"": ""2981"", ""sel_6th_pre_bid"": ""+8250"", ""sel_5th_pre_req_pre"": ""0"", ""sel_5th_pre_req"": ""1464"", ""sel_5th_pre_bid"": ""+8240"", ""sel_4th_pre_req_pre"": ""0"", ""sel_4th_pre_req"": ""498"", ""sel_4th_pre_bid"": ""+8230"", ""sel_3th_pre_req_pre"": ""0"", ""sel_3th_pre_req"": ""1387"", ""sel_3th_pre_bid"": ""+8220"", ""sel_2th_pre_req_pre"": ""0"", ""sel_2th_pre_req"": ""497"", ""sel_2th_pre_bid"": ""+8210"", ""sel_1th_pre_req_pre"": ""--6"", ""sel_fpr_req"": ""164"", ""sel_fpr_bid"": ""+8200"", ""buy_fpr_bid"": ""+8190"", ""buy_fpr_req"": ""160"", ""buy_1th_pre_req_pre"": ""0"", ""buy_2th_pre_bid"": ""+8160"", ""buy_2th_pre_req"": ""30"", ""buy_2th_pre_req_pre"": ""0"", ""buy_3th_pre_bid"": ""+8150"", ""buy_3th_pre_req"": ""204"", ""buy_3th_pre_req_pre"": ""0"", ""buy_4th_pre_bid"": ""+8140"", ""buy_4th_pre_req"": ""372"", ""buy_4th_pre_req_pre"": ""0"", ""buy_5th_pre_bid"": ""+8130"", ""buy_5th_pre_req"": ""360"", ""buy_5th_pre_req_pre"": ""0"", ""buy_6th_pre_bid"": ""+8100"", ""buy_6th_pre_req"": ""2476"", ""buy_6th_pre_req_pre"": ""0"", ""buy_7th_pre_bid"": ""+8090"", ""buy_7th_pre_req"": ""367"", ""buy_7th_pre_req_pre"": ""0"", ""buy_8th_pre_bid"": ""+8080"", ""buy_8th_pre_req"": ""31"", ""buy_8th_pre_req_pre"": ""0"", ""buy_9th_pre_bid"": ""+8070"", ""buy_9th_pre_req"": ""36"", ""buy_9th_pre_req_pre"": ""0"", ""buy_10th_pre_bid"": ""+8050"", ""buy_10th_pre_req"": ""261"", ""buy_10th_pre_req_pre"": ""0"", ""tot_sel_req_jub_pre"": ""--6"", ""tot_sel_req"": ""15211"", ""tot_buy_req"": ""4297"", ""tot_buy_req_jub_pre"": ""0"", ""ovt_sel_req_pre"": ""0"", ""ovt_sel_req"": ""0"", ""ovt_buy_req"": ""0"", ""ovt_buy_req_pre"": ""0"", ""return_code"": 0, ""return_msg"": ""정상적으로 처리되었습니다""}"
2026-06-10,scan_candidate,000430,,0,main_scan,5750,,5750,5740,5750,5800,0.6956521739130435,0.17391304347826086,,,,,,"{""bid_req_base_tm"": ""100424"", ""sel_10th_pre_req_pre"": ""0"", ""sel_10th_pre_req"": ""947"", ""sel_10th_pre_bid"": ""-5890"", ""sel_9th_pre_req_pre"": ""0"", ""sel_9th_pre_req"": ""865"", ""sel_9th_pre_bid"": ""-5860"", ""sel_8th_pre_req_pre"": ""0"", ""sel_8th_pre_req"": ""11"", ""sel_8th_pre_bid"": ""-5850"", ""sel_7th_pre_req_pre"": ""0"", ""sel_7th_pre_req"": ""16"", ""sel_7th_pre_bid"": ""-5840"", ""sel_6th_pre_req_pre"": ""0"", ""sel_6th_pre_req"": ""1510"", ""sel_6th_pre_bid"": ""-5800"", ""sel_5th_pre_req_pre"": ""0"", ""sel_5th_pre_req"": ""170"", ""sel_5th_pre_bid"": ""-5790"", ""sel_4th_pre_req_pre"": ""0"", ""sel_4th_pre_req"": ""136"", ""sel_4th_pre_bid"": ""-5780"", ""sel_3th_pre_req_pre"": ""0"", ""sel_3th_pre_req"": ""777"", ""sel_3th_pre_bid"": ""-5770"", ""sel_2th_pre_req_pre"": ""0"", ""sel_2th_pre_req"": ""1962"", ""sel_2th_pre_bid"": ""-5760"", ""sel_1th_pre_req_pre"": ""--2"", ""sel_fpr_req"": ""254"", ""sel_fpr_bid"": ""-5750"", ""buy_fpr_bid"": ""-5740"", ""buy_fpr_req"": ""1808"", ""buy_1th_pre_req_pre"": ""0"", ""buy_2th_pre_bid"": ""-5730"", ""buy_2th_pre_req"": ""3756"", ""buy_2th_pre_req_pre"": ""0"", ""buy_3th_pre_bid"": ""-5720"", ""buy_3th_pre_req"": ""10428"", ""buy_3th_pre_req_pre"": ""0"", ""buy_4th_pre_bid"": ""-5710"", ""buy_4th_pre_req"": ""12851"", ""buy_4th_pre_req_pre"": ""0"", ""buy_5th_pre_bid"": ""-5700"", ""buy_5th_pre_req"": ""16557"", ""buy_5th_pre_req_pre"": ""0"", ""buy_6th_pre_bid"": ""-5690"", ""buy_6th_pre_req"": ""1216"", ""buy_6th_pre_req_pre"": ""0"", ""buy_7th_pre_bid"": ""-5680"", ""buy_7th_pre_req"": ""627"", ""buy_7th_pre_req_pre"": ""0"", ""buy_8th_pre_bid"": ""-5670"", ""buy_8th_pre_req"": ""758"", ""buy_8th_pre_req_pre"": ""0"", ""buy_9th_pre_bid"": ""-5660"", ""buy_9th_pre_req"": ""895"", ""buy_9th_pre_req_pre"": ""0"", ""buy_10th_pre_bid"": ""-5650"", ""buy_10th_pre_req"": ""2904"", ""buy_10th_pre_req_pre"": ""0"", ""tot_sel_req_jub_pre"": ""--2"", ""tot_sel_req"": ""6648"", ""tot_buy_req"": ""51800"", ""tot_buy_req_jub_pre"": ""0"", ""ovt_sel_req_pre"": ""0"", ""ovt_sel_req"": ""0"", ""ovt_buy_req"": ""0"", ""ovt_buy_req_pre"": ""0"", ""return_code"": 0, ""return_msg"": ""정상적으로 처리되었습니다""}"
2026-06-10,scan_candidate,010690,,0,main_scan,11190,,11190,11180,11190,11150,-0.8042895442359249,0.08936550491510277,,,,,,"{""bid_req_base_tm"": ""100424"", ""sel_10th_pre_req_pre"": ""0"", ""sel_10th_pre_req"": ""1187"", ""sel_10th_pre_bid"": ""+11280"", ""sel_9th_pre_req_pre"": ""0"", ""sel_9th_pre_req"": ""953"", ""sel_9th_pre_bid"": ""+11270"", ""sel_8th_pre_req_pre"": ""0"", ""sel_8th_pre_req"": ""523"", ""sel_8th_pre_bid"": ""+11260"", ""sel_7th_pre_req_pre"": ""0"", ""sel_7th_pre_req"": ""575"", ""sel_7th_pre_bid"": ""+11250"", ""sel_6th_pre_req_pre"": ""0"", ""sel_6th_pre_req"": ""792"", ""sel_6th_pre_bid"": ""+11240"", ""sel_5th_pre_req_pre"": ""0"", ""sel_5th_pre_req"": ""567"", ""sel_5th_pre_bid"": ""+11230"", ""sel_4th_pre_req_pre"": ""0"", ""sel_4th_pre_req"": ""357"", ""sel_4th_pre_bid"": ""+11220"", ""sel_3th_pre_req_pre"": ""0"", ""sel_3th_pre_req"": ""107"", ""sel_3th_pre_bid"": ""+11210"", ""sel_2th_pre_req_pre"": ""0"", ""sel_2th_pre_req"": ""394"", ""sel_2th_pre_bid"": ""+11200"", ""sel_1th_pre_req_pre"": ""0"", ""sel_fpr_req"": ""47"", ""sel_fpr_bid"": ""+11190"", ""buy_fpr_bid"": ""+11180"", ""buy_fpr_req"": ""8"", ""buy_1th_pre_req_pre"": ""0"", ""buy_2th_pre_bid"": ""+11170"", ""buy_2th_pre_req"": ""16"", ""buy_2th_pre_req_pre"": ""0"", ""buy_3th_pre_bid"": ""+11160"", ""buy_3th_pre_req"": ""1"", ""buy_3th_pre_req_pre"": ""0"", ""buy_4th_pre_bid"": ""+11150"", ""buy_4th_pre_req"": ""969"", ""buy_4th_pre_req_pre"": ""0"", ""buy_5th_pre_bid"": ""+11140"", ""buy_5th_pre_req"": ""45"", ""buy_5th_pre_req_pre"": ""0"", ""buy_6th_pre_bid"": ""+11130"", ""buy_6th_pre_req"": ""124"", ""buy_6th_pre_req_pre"": ""0"", ""buy_7th_pre_bid"": ""+11120"", ""buy_7th_pre_req"": ""13"", ""buy_7th_pre_req_pre"": ""0"", ""buy_8th_pre_bid"": ""+11110"", ""buy_8th_pre_req"": ""431"", ""buy_8th_pre_req_pre"": ""0"", ""buy_9th_pre_bid"": ""+11100"", ""buy_9th_pre_req"": ""28723"", ""buy_9th_pre_req_pre"": ""0"", ""buy_10th_pre_bid"": ""+11090"", ""buy_10th_pre_req"": ""172"", ""buy_10th_pre_req_pre"": ""0"", ""tot_sel_req_jub_pre"": ""0"", ""tot_sel_req"": ""5502"", ""tot_buy_req"": ""30502"", ""tot_buy_req_jub_pre"": ""0"", ""ovt_sel_req_pre"": ""0"", ""ovt_sel_req"": ""0"", ""ovt_buy_req"": ""0"", ""ovt_buy_req_pre"": ""0"", ""return_code"": 0, ""return_msg"": ""정상적으로 처리되었습니다""}"
2026-06-10,scan_candidate,005950,,0,main_scan,12300,,12300,12240,12300,12200,-1.2195121951219512,0.4878048780487805,,,,,,"{""bid_req_base_tm"": ""100424"", ""sel_10th_pre_req_pre"": ""--100"", ""sel_10th_pre_req"": ""410"", ""sel_10th_pre_bid"": ""+12400"", ""sel_9th_pre_req_pre"": ""0"", ""sel_9th_pre_req"": ""501"", ""sel_9th_pre_bid"": ""+12390"", ""sel_8th_pre_req_pre"": ""0"", ""sel_8th_pre_req"": ""56"", ""sel_8th_pre_bid"": ""+12380"", ""sel_7th_pre_req_pre"": ""0"", ""sel_7th_pre_req"": ""251"", ""sel_7th_pre_bid"": ""+12370"", ""sel_6th_pre_req_pre"": ""0"", ""sel_6th_pre_req"": ""146"", ""sel_6th_pre_bid"": ""+12350"", ""sel_5th_pre_req_pre"": ""0"", ""sel_5th_pre_req"": ""11"", ""sel_5th_pre_bid"": ""+12340"", ""sel_4th_pre_req_pre"": ""0"", ""sel_4th_pre_req"": ""227"", ""sel_4th_pre_bid"": ""+12330"", ""sel_3th_pre_req_pre"": ""0"", ""sel_3th_pre_req"": ""467"", ""sel_3th_pre_bid"": ""+12320"", ""sel_2th_pre_req_pre"": ""0"", ""sel_2th_pre_req"": ""217"", ""sel_2th_pre_bid"": ""+12310"", ""sel_1th_pre_req_pre"": ""0"", ""sel_fpr_req"": ""68"", ""sel_fpr_bid"": ""+12300"", ""buy_fpr_bid"": ""+12240"", ""buy_fpr_req"": ""107"", ""buy_1th_pre_req_pre"": ""0"", ""buy_2th_pre_bid"": ""+12210"", ""buy_2th_pre_req"": ""10"", ""buy_2th_pre_req_pre"": ""0"", ""buy_3th_pre_bid"": ""+12200"", ""buy_3th_pre_req"": ""4"", ""buy_3th_pre_req_pre"": ""0"", ""buy_4th_pre_bid"": ""+12190"", ""buy_4th_pre_req"": ""12"", ""buy_4th_pre_req_pre"": ""0"", ""buy_5th_pre_bid"": ""+12180"", ""buy_5th_pre_req"": ""17"", ""buy_5th_pre_req_pre"": ""0"", ""buy_6th_pre_bid"": ""+12170"", ""buy_6th_pre_req"": ""263"", ""buy_6th_pre_req_pre"": ""0"", ""buy_7th_pre_bid"": ""+12150"", ""buy_7th_pre_req"": ""24"", ""buy_7th_pre_req_pre"": ""0"", ""buy_8th_pre_bid"": ""+12140"", ""buy_8th_pre_req"": ""394"", ""buy_8th_pre_req_pre"": ""0"", ""buy_9th_pre_bid"": ""+12130"", ""buy_9th_pre_req"": ""99"", ""buy_9th_pre_req_pre"": ""0"", ""buy_10th_pre_bid"": ""+12120"", ""buy_10th_pre_req"": ""32"", ""buy_10th_pre_req_pre"": ""0"", ""tot_sel_req_jub_pre"": ""--82"", ""tot_sel_req"": ""2354"", ""tot_buy_req"": ""962"", ""tot_buy_req_jub_pre"": ""0"", ""ovt_sel_req_pre"": ""0"", ""ovt_sel_req"": ""0"", ""ovt_buy_req"": ""0"", ""ovt_buy_req_pre"": ""0"", ""return_code"": 0, ""return_msg"": ""정상적으로 처리되었습니다""}"
2026-06-10,watchlist,014680,,0,filtered_candidate_recheck,262000,,262000,261500,262000,262500,0.0,0.19083969465648853,,,,,,"{""bid_req_base_tm"": ""100608"", ""sel_10th_pre_req_pre"": ""0"", ""sel_10th_pre_req"": ""16"", ""sel_10th_pre_bid"": ""+266500"", ""sel_9th_pre_req_pre"": ""0"", ""sel_9th_pre_req"": ""24"", ""sel_9th_pre_bid"": ""+266000"", ""sel_8th_pre_req_pre"": ""0"", ""sel_8th_pre_req"": ""59"", ""sel_8th_pre_bid"": ""+265500"", ""sel_7th_pre_req_pre"": ""--3"", ""sel_7th_pre_req"": ""34"", ""sel_7th_pre_bid"": ""+265000"", ""sel_6th_pre_req_pre"": ""0"", ""sel_6th_pre_req"": ""30"", ""sel_6th_pre_bid"": ""+264500"", ""sel_5th_pre_req_pre"": ""0"", ""sel_5th_pre_req"": ""113"", ""sel_5th_pre_bid"": ""+264000"", ""sel_4th_pre_req_pre"": ""0"", ""sel_4th_pre_req"": ""63"", ""sel_4th_pre_bid"": ""+263500"", ""sel_3th_pre_req_pre"": ""0"", ""sel_3th_pre_req"": ""22"", ""sel_3th_pre_bid"": ""+263000"", ""sel_2th_pre_req_pre"": ""0"", ""sel_2th_pre_req"": ""54"", ""sel_2th_pre_bid"": ""+262500"", ""sel_1th_pre_req_pre"": ""0"", ""sel_fpr_req"": ""47"", ""sel_fpr_bid"": ""+262000"", ""buy_fpr_bid"": ""+261500"", ""buy_fpr_req"": ""32"", ""buy_1th_pre_req_pre"": ""+1"", ""buy_2th_pre_bid"": ""+261000"", ""buy_2th_pre_req"": ""29"", ""buy_2th_pre_req_pre"": ""0"", ""buy_3th_pre_bid"": ""+260000"", ""buy_3th_pre_req"": ""31"", ""buy_3th_pre_req_pre"": ""0"", ""buy_4th_pre_bid"": ""+259500"", ""buy_4th_pre_req"": ""119"", ""buy_4th_pre_req_pre"": ""0"", ""buy_5th_pre_bid"": ""+259000"", ""buy_5th_pre_req"": ""209"", ""buy_5th_pre_req_pre"": ""0"", ""buy_6th_pre_bid"": ""+258500"", ""buy_6th_pre_req"": ""102"", ""buy_6th_pre_req_pre"": ""0"", ""buy_7th_pre_bid"": ""+258000"", ""buy_7th_pre_req"": ""103"", ""buy_7th_pre_req_pre"": ""0"", ""buy_8th_pre_bid"": ""+257500"", ""buy_8th_pre_req"": ""132"", ""buy_8th_pre_req_pre"": ""0"", ""buy_9th_pre_bid"": ""+257000"", ""buy_9th_pre_req"": ""138"", ""buy_9th_pre_req_pre"": ""0"", ""buy_10th_pre_bid"": ""+256500"", ""buy_10th_pre_req"": ""3"", ""buy_10th_pre_req_pre"": ""0"", ""tot_sel_req_jub_pre"": ""--3"", ""tot_sel_req"": ""462"", ""tot_buy_req"": ""898"", ""tot_buy_req_jub_pre"": ""+1"", ""ovt_sel_req_pre"": ""0"", ""ovt_sel_req"": ""0"", ""ovt_buy_req"": ""0"", ""ovt_buy_req_pre"": ""0"", ""return_code"": 0, ""return_msg"": ""정상적으로 처리되었습니다""}"
2026-06-10,watchlist,035420,,0,filtered_candidate_recheck,236000,,236000,235500,236000,237500,0.423728813559322,0.211864406779661,,,,,,"{""bid_req_base_tm"": ""100610"", ""sel_10th_pre_req_pre"": ""0"", ""sel_10th_pre_req"": ""2175"", ""sel_10th_pre_bid"": ""-240500"", ""sel_9th_pre_req_pre"": ""0"", ""sel_9th_pre_req"": ""3593"", ""sel_9th_pre_bid"": ""-240000"", ""sel_8th_pre_req_pre"": ""0"", ""sel_8th_pre_req"": ""2249"", ""sel_8th_pre_bid"": ""-239500"", ""sel_7th_pre_req_pre"": ""0"", ""sel_7th_pre_req"": ""2077"", ""sel_7th_pre_bid"": ""-239000"", ""sel_6th_pre_req_pre"": ""0"", ""sel_6th_pre_req"": ""1055"", ""sel_6th_pre_bid"": ""-238500"", ""sel_5th_pre_req_pre"": ""0"", ""sel_5th_pre_req"": ""2545"", ""sel_5th_pre_bid"": ""-238000"", ""sel_4th_pre_req_pre"": ""0"", ""sel_4th_pre_req"": ""1360"", ""sel_4th_pre_bid"": ""-237500"", ""sel_3th_pre_req_pre"": ""0"", ""sel_3th_pre_req"": ""1126"", ""sel_3th_pre_bid"": ""-237000"", ""sel_2th_pre_req_pre"": ""0"", ""sel_2th_pre_req"": ""767"", ""sel_2th_pre_bid"": ""-236500"", ""sel_1th_pre_req_pre"": ""0"", ""sel_fpr_req"": ""2697"", ""sel_fpr_bid"": ""-236000"", ""buy_fpr_bid"": ""-235500"", ""buy_fpr_req"": ""9295"", ""buy_1th_pre_req_pre"": ""+12"", ""buy_2th_pre_bid"": ""-235000"", ""buy_2th_pre_req"": ""20886"", ""buy_2th_pre_req_pre"": ""0"", ""buy_3th_pre_bid"": ""-234500"", ""buy_3th_pre_req"": ""54877"", ""buy_3th_pre_req_pre"": ""0"", ""buy_4th_pre_bid"": ""-234000"", ""buy_4th_pre_req"": ""8048"", ""buy_4th_pre_req_pre"": ""0"", ""buy_5th_pre_bid"": ""-233500"", ""buy_5th_pre_req"": ""6337"", ""buy_5th_pre_req_pre"": ""0"", ""buy_6th_pre_bid"": ""-233000"", ""buy_6th_pre_req"": ""6928"", ""buy_6th_pre_req_pre"": ""0"", ""buy_7th_pre_bid"": ""-232500"", ""buy_7th_pre_req"": ""6190"", ""buy_7th_pre_req_pre"": ""0"", ""buy_8th_pre_bid"": ""-232000"", ""buy_8th_pre_req"": ""10612"", ""buy_8th_pre_req_pre"": ""0"", ""buy_9th_pre_bid"": ""-231500"", ""buy_9th_pre_req"": ""8024"", ""buy_9th_pre_req_pre"": ""0"", ""buy_10th_pre_bid"": ""-231000"", ""buy_10th_pre_req"": ""13379"", ""buy_10th_pre_req_pre"": ""0"", ""tot_sel_req_jub_pre"": ""0"", ""tot_sel_req"": ""19644"", ""tot_buy_req"": ""144576"", ""tot_buy_req_jub_pre"": ""+12"", ""ovt_sel_req_pre"": ""0"", ""ovt_sel_req"": ""0"", ""ovt_buy_req"": ""0"", ""ovt_buy_req_pre"": ""0"", ""return_code"": 0, ""return_msg"": ""정상적으로 처리되었습니다""}"
2026-06-10,watchlist,036570,,0,filtered_candidate_recheck,258500,,258500,257500,258500,258500,-0.19342359767891684,0.3868471953578337,,,,,,"{""bid_req_base_tm"": ""100610"", ""sel_10th_pre_req_pre"": ""0"", ""sel_10th_pre_req"": ""16"", ""sel_10th_pre_bid"": ""-263000"", ""sel_9th_pre_req_pre"": ""0"", ""sel_9th_pre_req"": ""20"", ""sel_9th_pre_bid"": ""-262500"", ""sel_8th_pre_req_pre"": ""0"", ""sel_8th_pre_req"": ""22"", ""sel_8th_pre_bid"": ""-262000"", ""sel_7th_pre_req_pre"": ""0"", ""sel_7th_pre_req"": ""10"", ""sel_7th_pre_bid"": ""-261500"", ""sel_6th_pre_req_pre"": ""0"", ""sel_6th_pre_req"": ""19"", ""sel_6th_pre_bid"": ""-261000"", ""sel_5th_pre_req_pre"": ""0"", ""sel_5th_pre_req"": ""11"", ""sel_5th_pre_bid"": ""-260500"", ""sel_4th_pre_req_pre"": ""0"", ""sel_4th_pre_req"": ""139"", ""sel_4th_pre_bid"": ""-260000"", ""sel_3th_pre_req_pre"": ""0"", ""sel_3th_pre_req"": ""23"", ""sel_3th_pre_bid"": ""-259500"", ""sel_2th_pre_req_pre"": ""0"", ""sel_2th_pre_req"": ""25"", ""sel_2th_pre_bid"": ""-259000"", ""sel_1th_pre_req_pre"": ""+31"", ""sel_fpr_req"": ""228"", ""sel_fpr_bid"": ""-258500"", ""buy_fpr_bid"": ""-257500"", ""buy_fpr_req"": ""91"", ""buy_1th_pre_req_pre"": ""0"", ""buy_2th_pre_bid"": ""-257000"", ""buy_2th_pre_req"": ""32"", ""buy_2th_pre_req_pre"": ""0"", ""buy_3th_pre_bid"": ""-256500"", ""buy_3th_pre_req"": ""29"", ""buy_3th_pre_req_pre"": ""0"", ""buy_4th_pre_bid"": ""-256000"", ""buy_4th_pre_req"": ""94"", ""buy_4th_pre_req_pre"": ""0"", ""buy_5th_pre_bid"": ""-255500"", ""buy_5th_pre_req"": ""48"", ""buy_5th_pre_req_pre"": ""0"", ""buy_6th_pre_bid"": ""-255000"", ""buy_6th_pre_req"": ""192"", ""buy_6th_pre_req_pre"": ""0"", ""buy_7th_pre_bid"": ""-254500"", ""buy_7th_pre_req"": ""189"", ""buy_7th_pre_req_pre"": ""0"", ""buy_8th_pre_bid"": ""-254000"", ""buy_8th_pre_req"": ""295"", ""buy_8th_pre_req_pre"": ""0"", ""buy_9th_pre_bid"": ""-253500"", ""buy_9th_pre_req"": ""448"", ""buy_9th_pre_req_pre"": ""0"", ""buy_10th_pre_bid"": ""-253000"", ""buy_10th_pre_req"": ""722"", ""buy_10th_pre_req_pre"": ""0"", ""tot_sel_req_jub_pre"": ""+31"", ""tot_sel_req"": ""513"", ""tot_buy_req"": ""2140"", ""tot_buy_req_jub_pre"": ""0"", ""ovt_sel_req_pre"": ""0"", ""ovt_sel_req"": ""0"", ""ovt_buy_req"": ""0"", ""ovt_buy_req_pre"": ""0"", ""return_code"": 0, ""return_msg"": ""정상적으로 처리되었습니다""}"
2026-06-10,watchlist,005090,,0,filtered_candidate_recheck,51700,,51700,51600,51700,52000,0.3868471953578337,0.19342359767891684,,,,,,"{""bid_req_base_tm"": ""100610"", ""sel_10th_pre_req_pre"": ""0"", ""sel_10th_pre_req"": ""67"", ""sel_10th_pre_bid"": ""+53100"", ""sel_9th_pre_req_pre"": ""0"", ""sel_9th_pre_req"": ""32"", ""sel_9th_pre_bid"": ""+53000"", ""sel_8th_pre_req_pre"": ""0"", ""sel_8th_pre_req"": ""52"", ""sel_8th_pre_bid"": ""+52900"", ""sel_7th_pre_req_pre"": ""0"", ""sel_7th_pre_req"": ""223"", ""sel_7th_pre_bid"": ""+52700"", ""sel_6th_pre_req_pre"": ""0"", ""sel_6th_pre_req"": ""60"", ""sel_6th_pre_bid"": ""+52400"", ""sel_5th_pre_req_pre"": ""0"", ""sel_5th_pre_req"": ""103"", ""sel_5th_pre_bid"": ""+52300"", ""sel_4th_pre_req_pre"": ""0"", ""sel_4th_pre_req"": ""145"", ""sel_4th_pre_bid"": ""+52200"", ""sel_3th_pre_req_pre"": ""0"", ""sel_3th_pre_req"": ""21"", ""sel_3th_pre_bid"": ""+52100"", ""sel_2th_pre_req_pre"": ""+3"", ""sel_2th_pre_req"": ""87"", ""sel_2th_pre_bid"": ""+51800"", ""sel_1th_pre_req_pre"": ""--5"", ""sel_fpr_req"": ""6"", ""sel_fpr_bid"": ""+51700"", ""buy_fpr_bid"": ""+51600"", ""buy_fpr_req"": ""17"", ""buy_1th_pre_req_pre"": ""0"", ""buy_2th_pre_bid"": ""+51500"", ""buy_2th_pre_req"": ""1"", ""buy_2th_pre_req_pre"": ""0"", ""buy_3th_pre_bid"": ""+51400"", ""buy_3th_pre_req"": ""43"", ""buy_3th_pre_req_pre"": ""--49"", ""buy_4th_pre_bid"": ""+51300"", ""buy_4th_pre_req"": ""181"", ""buy_4th_pre_req_pre"": ""+39"", ""buy_5th_pre_bid"": ""+51100"", ""buy_5th_pre_req"": ""302"", ""buy_5th_pre_req_pre"": ""0"", ""buy_6th_pre_bid"": ""+51000"", ""buy_6th_pre_req"": ""198"", ""buy_6th_pre_req_pre"": ""0"", ""buy_7th_pre_bid"": ""+50900"", ""buy_7th_pre_req"": ""150"", ""buy_7th_pre_req_pre"": ""0"", ""buy_8th_pre_bid"": ""+50800"", ""buy_8th_pre_req"": ""533"", ""buy_8th_pre_req_pre"": ""0"", ""buy_9th_pre_bid"": ""+50700"", ""buy_9th_pre_req"": ""203"", ""buy_9th_pre_req_pre"": ""0"", ""buy_10th_pre_bid"": ""+50600"", ""buy_10th_pre_req"": ""18"", ""buy_10th_pre_req_pre"": ""0"", ""tot_sel_req_jub_pre"": ""--2"", ""tot_sel_req"": ""796"", ""tot_buy_req"": ""1646"", ""tot_buy_req_jub_pre"": ""--10"", ""ovt_sel_req_pre"": ""0"", ""ovt_sel_req"": ""0"", ""ovt_buy_req"": ""0"", ""ovt_buy_req_pre"": ""0"", ""return_code"": 0, ""return_msg"": ""정상적으로 처리되었습니다""}"
2026-06-10,watchlist,066570,,0,filtered_candidate_recheck,231500,,231500,231000,231500,233000,0.4319654427645789,0.21598272138228944,,,,,,"{""bid_req_base_tm"": ""100610"", ""sel_10th_pre_req_pre"": ""0"", ""sel_10th_pre_req"": ""2920"", ""sel_10th_pre_bid"": ""-236000"", ""sel_9th_pre_req_pre"": ""0"", ""sel_9th_pre_req"": ""2017"", ""sel_9th_pre_bid"": ""-235500"", ""sel_8th_pre_req_pre"": ""0"", ""sel_8th_pre_req"": ""2868"", ""sel_8th_pre_bid"": ""-235000"", ""sel_7th_pre_req_pre"": ""0"", ""sel_7th_pre_req"": ""869"", ""sel_7th_pre_bid"": ""-234500"", ""sel_6th_pre_req_pre"": ""0"", ""sel_6th_pre_req"": ""537"", ""sel_6th_pre_bid"": ""-234000"", ""sel_5th_pre_req_pre"": ""0"", ""sel_5th_pre_req"": ""1404"", ""sel_5th_pre_bid"": ""-233500"", ""sel_4th_pre_req_pre"": ""0"", ""sel_4th_pre_req"": ""1802"", ""sel_4th_pre_bid"": ""-233000"", ""sel_3th_pre_req_pre"": ""0"", ""sel_3th_pre_req"": ""827"", ""sel_3th_pre_bid"": ""-232500"", ""sel_2th_pre_req_pre"": ""--114"", ""sel_2th_pre_req"": ""2568"", ""sel_2th_pre_bid"": ""-232000"", ""sel_1th_pre_req_pre"": ""+414"", ""sel_fpr_req"": ""4948"", ""sel_fpr_bid"": ""-231500"", ""buy_fpr_bid"": ""-231000"", ""buy_fpr_req"": ""8649"", ""buy_1th_pre_req_pre"": ""0"", ""buy_2th_pre_bid"": ""-230500"", ""buy_2th_pre_req"": ""8830"", ""buy_2th_pre_req_pre"": ""--3"", ""buy_3th_pre_bid"": ""-230000"", ""buy_3th_pre_req"": ""35838"", ""buy_3th_pre_req_pre"": ""+15"", ""buy_4th_pre_bid"": ""-229500"", ""buy_4th_pre_req"": ""5219"", ""buy_4th_pre_req_pre"": ""0"", ""buy_5th_pre_bid"": ""-229000"", ""buy_5th_pre_req"": ""7638"", ""buy_5th_pre_req_pre"": ""0"", ""buy_6th_pre_bid"": ""-228500"", ""buy_6th_pre_req"": ""7221"", ""buy_6th_pre_req_pre"": ""0"", ""buy_7th_pre_bid"": ""-228000"", ""buy_7th_pre_req"": ""12689"", ""buy_7th_pre_req_pre"": ""0"", ""buy_8th_pre_bid"": ""-227500"", ""buy_8th_pre_req"": ""3744"", ""buy_8th_pre_req_pre"": ""+50"", ""buy_9th_pre_bid"": ""-227000"", ""buy_9th_pre_req"": ""5853"", ""buy_9th_pre_req_pre"": ""0"", ""buy_10th_pre_bid"": ""-226500"", ""buy_10th_pre_req"": ""2433"", ""buy_10th_pre_req_pre"": ""0"", ""tot_sel_req_jub_pre"": ""+300"", ""tot_sel_req"": ""20760"", ""tot_buy_req"": ""98114"", ""tot_buy_req_jub_pre"": ""+62"", ""ovt_sel_req_pre"": ""0"", ""ovt_sel_req"": ""0"", ""ovt_buy_req"": ""0"", ""ovt_buy_req_pre"": ""0"", ""return_code"": 0, ""return_msg"": ""정상적으로 처리되었습니다""}"
2026-06-10,watchlist,028670,,1,filtered_candidate_recheck,5070,,5070,5060,5070,5090,0.19723865877712032,0.19723865877712032,,,,,,"{""bid_req_base_tm"": ""100610"", ""sel_10th_pre_req_pre"": ""0"", ""sel_10th_pre_req"": ""801"", ""sel_10th_pre_bid"": ""-5160"", ""sel_9th_pre_req_pre"": ""0"", ""sel_9th_pre_req"": ""2201"", ""sel_9th_pre_bid"": ""-5150"", ""sel_8th_pre_req_pre"": ""0"", ""sel_8th_pre_req"": ""331"", ""sel_8th_pre_bid"": ""-5140"", ""sel_7th_pre_req_pre"": ""0"", ""sel_7th_pre_req"": ""660"", ""sel_7th_pre_bid"": ""-5130"", ""sel_6th_pre_req_pre"": ""0"", ""sel_6th_pre_req"": ""1860"", ""sel_6th_pre_bid"": ""-5120"", ""sel_5th_pre_req_pre"": ""0"", ""sel_5th_pre_req"": ""201"", ""sel_5th_pre_bid"": ""-5110"", ""sel_4th_pre_req_pre"": ""0"", ""sel_4th_pre_req"": ""1731"", ""sel_4th_pre_bid"": ""-5100"", ""sel_3th_pre_req_pre"": ""0"", ""sel_3th_pre_req"": ""1049"", ""sel_3th_pre_bid"": ""-5090"", ""sel_2th_pre_req_pre"": ""0"", ""sel_2th_pre_req"": ""5281"", ""sel_2th_pre_bid"": ""-5080"", ""sel_1th_pre_req_pre"": ""+340"", ""sel_fpr_req"": ""3077"", ""sel_fpr_bid"": ""-5070"", ""buy_fpr_bid"": ""-5060"", ""buy_fpr_req"": ""8029"", ""buy_1th_pre_req_pre"": ""0"", ""buy_2th_pre_bid"": ""-5050"", ""buy_2th_pre_req"": ""6211"", ""buy_2th_pre_req_pre"": ""0"", ""buy_3th_pre_bid"": ""-5040"", ""buy_3th_pre_req"": ""1628"", ""buy_3th_pre_req_pre"": ""0"", ""buy_4th_pre_bid"": ""-5030"", ""buy_4th_pre_req"": ""4594"", ""buy_4th_pre_req_pre"": ""0"", ""buy_5th_pre_bid"": ""-5020"", ""buy_5th_pre_req"": ""8249"", ""buy_5th_pre_req_pre"": ""0"", ""buy_6th_pre_bid"": ""-5010"", ""buy_6th_pre_req"": ""2825"", ""buy_6th_pre_req_pre"": ""0"", ""buy_7th_pre_bid"": ""-5000"", ""buy_7th_pre_req"": ""13047"", ""buy_7th_pre_req_pre"": ""0"", ""buy_8th_pre_bid"": ""-4995"", ""buy_8th_pre_req"": ""1744"", ""buy_8th_pre_req_pre"": ""0"", ""buy_9th_pre_bid"": ""-4990"", ""buy_9th_pre_req"": ""2195"", ""buy_9th_pre_req_pre"": ""0"", ""buy_10th_pre_bid"": ""-4985"", ""buy_10th_pre_req"": ""2418"", ""buy_10th_pre_req_pre"": ""0"", ""tot_sel_req_jub_pre"": ""+340"", ""tot_sel_req"": ""17192"", ""tot_buy_req"": ""50940"", ""tot_buy_req_jub_pre"": ""0"", ""ovt_sel_req_pre"": ""0"", ""ovt_sel_req"": ""0"", ""ovt_buy_req"": ""0"", ""ovt_buy_req_pre"": ""0"", ""return_code"": 0, ""return_msg"": ""정상적으로 처리되었습니다""}"
2026-06-10,watchlist,004990,,0,filtered_candidate_recheck,25650,,25650,25600,25650,25650,-0.1949317738791423,0.1949317738791423,,,,,,"{""bid_req_base_tm"": ""100608"", ""sel_10th_pre_req_pre"": ""0"", ""sel_10th_pre_req"": ""69"", ""sel_10th_pre_bid"": ""26150"", ""sel_9th_pre_req_pre"": ""0"", ""sel_9th_pre_req"": ""3602"", ""sel_9th_pre_bid"": ""-26100"", ""sel_8th_pre_req_pre"": ""0"", ""sel_8th_pre_req"": ""61"", ""sel_8th_pre_bid"": ""-26050"", ""sel_7th_pre_req_pre"": ""0"", ""sel_7th_pre_req"": ""3"", ""sel_7th_pre_bid"": ""-26000"", ""sel_6th_pre_req_pre"": ""0"", ""sel_6th_pre_req"": ""16"", ""sel_6th_pre_bid"": ""-25950"", ""sel_5th_pre_req_pre"": ""0"", ""sel_5th_pre_req"": ""250"", ""sel_5th_pre_bid"": ""-25900"", ""sel_4th_pre_req_pre"": ""0"", ""sel_4th_pre_req"": ""250"", ""sel_4th_pre_bid"": ""-25850"", ""sel_3th_pre_req_pre"": ""0"", ""sel_3th_pre_req"": ""770"", ""sel_3th_pre_bid"": ""-25750"", ""sel_2th_pre_req_pre"": ""0"", ""sel_2th_pre_req"": ""213"", ""sel_2th_pre_bid"": ""-25700"", ""sel_1th_pre_req_pre"": ""0"", ""sel_fpr_req"": ""537"", ""sel_fpr_bid"": ""-25650"", ""buy_fpr_bid"": ""-25600"", ""buy_fpr_req"": ""202"", ""buy_1th_pre_req_pre"": ""0"", ""buy_2th_pre_bid"": ""-25550"", ""buy_2th_pre_req"": ""105"", ""buy_2th_pre_req_pre"": ""0"", ""buy_3th_pre_bid"": ""-25500"", ""buy_3th_pre_req"": ""80"", ""buy_3th_pre_req_pre"": ""0"", ""buy_4th_pre_bid"": ""-25450"", ""buy_4th_pre_req"": ""534"", ""buy_4th_pre_req_pre"": ""+1"", ""buy_5th_pre_bid"": ""-25400"", ""buy_5th_pre_req"": ""652"", ""buy_5th_pre_req_pre"": ""0"", ""buy_6th_pre_bid"": ""-25350"", ""buy_6th_pre_req"": ""390"", ""buy_6th_pre_req_pre"": ""0"", ""buy_7th_pre_bid"": ""-25300"", ""buy_7th_pre_req"": ""902"", ""buy_7th_pre_req_pre"": ""0"", ""buy_8th_pre_bid"": ""-25250"", ""buy_8th_pre_req"": ""684"", ""buy_8th_pre_req_pre"": ""0"", ""buy_9th_pre_bid"": ""-25200"", ""buy_9th_pre_req"": ""4206"", ""buy_9th_pre_req_pre"": ""0"", ""buy_10th_pre_bid"": ""-25150"", ""buy_10th_pre_req"": ""1593"", ""buy_10th_pre_req_pre"": ""0"", ""tot_sel_req_jub_pre"": ""0"", ""tot_sel_req"": ""5771"", ""tot_buy_req"": ""9348"", ""tot_buy_req_jub_pre"": ""+1"", ""ovt_sel_req_pre"": ""0"", ""ovt_sel_req"": ""0"", ""ovt_buy_req"": ""0"", ""ovt_buy_req_pre"": ""0"", ""return_code"": 0, ""return_msg"": ""정상적으로 처리되었습니다""}"
2026-06-10,watchlist,081660,,0,filtered_candidate_recheck,40250,,40250,40200,40250,40350,0.12422360248447205,0.12422360248447205,,,,,,"{""bid_req_base_tm"": ""100610"", ""sel_10th_pre_req_pre"": ""0"", ""sel_10th_pre_req"": ""90"", ""sel_10th_pre_bid"": ""+40700"", ""sel_9th_pre_req_pre"": ""0"", ""sel_9th_pre_req"": ""50"", ""sel_9th_pre_bid"": ""+40650"", ""sel_8th_pre_req_pre"": ""0"", ""sel_8th_pre_req"": ""75"", ""sel_8th_pre_bid"": ""+40600"", ""sel_7th_pre_req_pre"": ""0"", ""sel_7th_pre_req"": ""126"", ""sel_7th_pre_bid"": ""+40550"", ""sel_6th_pre_req_pre"": ""0"", ""sel_6th_pre_req"": ""55"", ""sel_6th_pre_bid"": ""+40500"", ""sel_5th_pre_req_pre"": ""0"", ""sel_5th_pre_req"": ""70"", ""sel_5th_pre_bid"": ""+40450"", ""sel_4th_pre_req_pre"": ""0"", ""sel_4th_pre_req"": ""141"", ""sel_4th_pre_bid"": ""+40400"", ""sel_3th_pre_req_pre"": ""0"", ""sel_3th_pre_req"": ""141"", ""sel_3th_pre_bid"": ""+40350"", ""sel_2th_pre_req_pre"": ""0"", ""sel_2th_pre_req"": ""46"", ""sel_2th_pre_bid"": ""+40300"", ""sel_1th_pre_req_pre"": ""+46"", ""sel_fpr_req"": ""81"", ""sel_fpr_bid"": ""+40250"", ""buy_fpr_bid"": ""+40200"", ""buy_fpr_req"": ""281"", ""buy_1th_pre_req_pre"": ""0"", ""buy_2th_pre_bid"": ""+40150"", ""buy_2th_pre_req"": ""73"", ""buy_2th_pre_req_pre"": ""0"", ""buy_3th_pre_bid"": ""+40100"", ""buy_3th_pre_req"": ""25"", ""buy_3th_pre_req_pre"": ""0"", ""buy_4th_pre_bid"": ""+40050"", ""buy_4th_pre_req"": ""81"", ""buy_4th_pre_req_pre"": ""0"", ""buy_5th_pre_bid"": ""+40000"", ""buy_5th_pre_req"": ""757"", ""buy_5th_pre_req_pre"": ""0"", ""buy_6th_pre_bid"": ""+39950"", ""buy_6th_pre_req"": ""539"", ""buy_6th_pre_req_pre"": ""0"", ""buy_7th_pre_bid"": ""+39900"", ""buy_7th_pre_req"": ""21"", ""buy_7th_pre_req_pre"": ""0"", ""buy_8th_pre_bid"": ""+39850"", ""buy_8th_pre_req"": ""91"", ""buy_8th_pre_req_pre"": ""0"", ""buy_9th_pre_bid"": ""+39800"", ""buy_9th_pre_req"": ""40"", ""buy_9th_pre_req_pre"": ""0"", ""buy_10th_pre_bid"": ""+39750"", ""buy_10th_pre_req"": ""40"", ""buy_10th_pre_req_pre"": ""0"", ""tot_sel_req_jub_pre"": ""+46"", ""tot_sel_req"": ""875"", ""tot_buy_req"": ""1948"", ""tot_buy_req_jub_pre"": ""0"", ""ovt_sel_req_pre"": ""0"", ""ovt_sel_req"": ""0"", ""ovt_buy_req"": ""0"", ""ovt_buy_req_pre"": ""0"", ""return_code"": 0, ""return_msg"": ""정상적으로 처리되었습니다""}"
2026-06-10,watchlist,008770,,0,filtered_candidate_recheck,54100,,54100,54000,54100,54100,-0.18484288354898337,0.18484288354898337,,,,,,"{""bid_req_base_tm"": ""100611"", ""sel_10th_pre_req_pre"": ""0"", ""sel_10th_pre_req"": ""431"", ""sel_10th_pre_bid"": ""-55000"", ""sel_9th_pre_req_pre"": ""0"", ""sel_9th_pre_req"": ""312"", ""sel_9th_pre_bid"": ""-54900"", ""sel_8th_pre_req_pre"": ""0"", ""sel_8th_pre_req"": ""204"", ""sel_8th_pre_bid"": ""-54800"", ""sel_7th_pre_req_pre"": ""0"", ""sel_7th_pre_req"": ""20"", ""sel_7th_pre_bid"": ""-54700"", ""sel_6th_pre_req_pre"": ""0"", ""sel_6th_pre_req"": ""233"", ""sel_6th_pre_bid"": ""-54600"", ""sel_5th_pre_req_pre"": ""0"", ""sel_5th_pre_req"": ""42"", ""sel_5th_pre_bid"": ""-54500"", ""sel_4th_pre_req_pre"": ""--7"", ""sel_4th_pre_req"": ""61"", ""sel_4th_pre_bid"": ""-54400"", ""sel_3th_pre_req_pre"": ""--36"", ""sel_3th_pre_req"": ""143"", ""sel_3th_pre_bid"": ""-54300"", ""sel_2th_pre_req_pre"": ""+36"", ""sel_2th_pre_req"": ""236"", ""sel_2th_pre_bid"": ""-54200"", ""sel_1th_pre_req_pre"": ""0"", ""sel_fpr_req"": ""40"", ""sel_fpr_bid"": ""-54100"", ""buy_fpr_bid"": ""-54000"", ""buy_fpr_req"": ""150"", ""buy_1th_pre_req_pre"": ""0"", ""buy_2th_pre_bid"": ""-53900"", ""buy_2th_pre_req"": ""251"", ""buy_2th_pre_req_pre"": ""0"", ""buy_3th_pre_bid"": ""-53800"", ""buy_3th_pre_req"": ""57"", ""buy_3th_pre_req_pre"": ""0"", ""buy_4th_pre_bid"": ""-53700"", ""buy_4th_pre_req"": ""32"", ""buy_4th_pre_req_pre"": ""0"", ""buy_5th_pre_bid"": ""-53600"", ""buy_5th_pre_req"": ""113"", ""buy_5th_pre_req_pre"": ""0"", ""buy_6th_pre_bid"": ""-53500"", ""buy_6th_pre_req"": ""25"", ""buy_6th_pre_req_pre"": ""0"", ""buy_7th_pre_bid"": ""-53400"", ""buy_7th_pre_req"": ""152"", ""buy_7th_pre_req_pre"": ""0"", ""buy_8th_pre_bid"": ""-53300"", ""buy_8th_pre_req"": ""583"", ""buy_8th_pre_req_pre"": ""0"", ""buy_9th_pre_bid"": ""-53200"", ""buy_9th_pre_req"": ""377"", ""buy_9th_pre_req_pre"": ""0"", ""buy_10th_pre_bid"": ""-53100"", ""buy_10th_pre_req"": ""353"", ""buy_10th_pre_req_pre"": ""0"", ""tot_sel_req_jub_pre"": ""--7"", ""tot_sel_req"": ""1722"", ""tot_buy_req"": ""2093"", ""tot_buy_req_jub_pre"": ""0"", ""ovt_sel_req_pre"": ""0"", ""ovt_sel_req"": ""0"", ""ovt_buy_req"": ""0"", ""ovt_buy_req_pre"": ""0"", ""return_code"": 0, ""return_msg"": ""정상적으로 처리되었습니다""}"
2026-06-10,watchlist,012330,,0,filtered_candidate_recheck,580000,,580000,579000,580000,582000,0.1724137931034483,0.1724137931034483,,,,,,"{""bid_req_base_tm"": ""100611"", ""sel_10th_pre_req_pre"": ""0"", ""sel_10th_pre_req"": ""237"", ""sel_10th_pre_bid"": ""-589000"", ""sel_9th_pre_req_pre"": ""0"", ""sel_9th_pre_req"": ""215"", ""sel_9th_pre_bid"": ""-588000"", ""sel_8th_pre_req_pre"": ""0"", ""sel_8th_pre_req"": ""77"", ""sel_8th_pre_bid"": ""-587000"", ""sel_7th_pre_req_pre"": ""0"", ""sel_7th_pre_req"": ""330"", ""sel_7th_pre_bid"": ""-586000"", ""sel_6th_pre_req_pre"": ""0"", ""sel_6th_pre_req"": ""293"", ""sel_6th_pre_bid"": ""-585000"", ""sel_5th_pre_req_pre"": ""0"", ""sel_5th_pre_req"": ""83"", ""sel_5th_pre_bid"": ""-584000"", ""sel_4th_pre_req_pre"": ""0"", ""sel_4th_pre_req"": ""77"", ""sel_4th_pre_bid"": ""-583000"", ""sel_3th_pre_req_pre"": ""0"", ""sel_3th_pre_req"": ""223"", ""sel_3th_pre_bid"": ""-582000"", ""sel_2th_pre_req_pre"": ""0"", ""sel_2th_pre_req"": ""165"", ""sel_2th_pre_bid"": ""-581000"", ""sel_1th_pre_req_pre"": ""--26"", ""sel_fpr_req"": ""219"", ""sel_fpr_bid"": ""-580000"", ""buy_fpr_bid"": ""-579000"", ""buy_fpr_req"": ""271"", ""buy_1th_pre_req_pre"": ""0"", ""buy_2th_pre_bid"": ""-578000"", ""buy_2th_pre_req"": ""271"", ""buy_2th_pre_req_pre"": ""+17"", ""buy_3th_pre_bid"": ""-577000"", ""buy_3th_pre_req"": ""602"", ""buy_3th_pre_req_pre"": ""0"", ""buy_4th_pre_bid"": ""-576000"", ""buy_4th_pre_req"": ""647"", ""buy_4th_pre_req_pre"": ""0"", ""buy_5th_pre_bid"": ""-575000"", ""buy_5th_pre_req"": ""1061"", ""buy_5th_pre_req_pre"": ""0"", ""buy_6th_pre_bid"": ""-574000"", ""buy_6th_pre_req"": ""578"", ""buy_6th_pre_req_pre"": ""0"", ""buy_7th_pre_bid"": ""-573000"", ""buy_7th_pre_req"": ""795"", ""buy_7th_pre_req_pre"": ""0"", ""buy_8th_pre_bid"": ""-572000"", ""buy_8th_pre_req"": ""1309"", ""buy_8th_pre_req_pre"": ""0"", ""buy_9th_pre_bid"": ""-571000"", ""buy_9th_pre_req"": ""1651"", ""buy_9th_pre_req_pre"": ""0"", ""buy_10th_pre_bid"": ""-570000"", ""buy_10th_pre_req"": ""3905"", ""buy_10th_pre_req_pre"": ""0"", ""tot_sel_req_jub_pre"": ""--26"", ""tot_sel_req"": ""1919"", ""tot_buy_req"": ""11090"", ""tot_buy_req_jub_pre"": ""+17"", ""ovt_sel_req_pre"": ""0"", ""ovt_sel_req"": ""0"", ""ovt_buy_req"": ""0"", ""ovt_buy_req_pre"": ""0"", ""return_code"": 0, ""return_msg"": ""정상적으로 처리되었습니다""}"
2026-06-10,watchlist,009155,,0,filtered_candidate_recheck,601000,,601000,600000,601000,605000,0.49916805324459235,0.16638935108153077,,,,,,"{""bid_req_base_tm"": ""100611"", ""sel_10th_pre_req_pre"": ""0"", ""sel_10th_pre_req"": ""2"", ""sel_10th_pre_bid"": ""-611000"", ""sel_9th_pre_req_pre"": ""0"", ""sel_9th_pre_req"": ""48"", ""sel_9th_pre_bid"": ""-610000"", ""sel_8th_pre_req_pre"": ""0"", ""sel_8th_pre_req"": ""7"", ""sel_8th_pre_bid"": ""-609000"", ""sel_7th_pre_req_pre"": ""0"", ""sel_7th_pre_req"": ""13"", ""sel_7th_pre_bid"": ""-608000"", ""sel_6th_pre_req_pre"": ""0"", ""sel_6th_pre_req"": ""16"", ""sel_6th_pre_bid"": ""-607000"", ""sel_5th_pre_req_pre"": ""0"", ""sel_5th_pre_req"": ""3"", ""sel_5th_pre_bid"": ""-606000"", ""sel_4th_pre_req_pre"": ""0"", ""sel_4th_pre_req"": ""10"", ""sel_4th_pre_bid"": ""-605000"", ""sel_3th_pre_req_pre"": ""0"", ""sel_3th_pre_req"": ""8"", ""sel_3th_pre_bid"": ""-603000"", ""sel_2th_pre_req_pre"": ""0"", ""sel_2th_pre_req"": ""42"", ""sel_2th_pre_bid"": ""-602000"", ""sel_1th_pre_req_pre"": ""--1"", ""sel_fpr_req"": ""9"", ""sel_fpr_bid"": ""-601000"", ""buy_fpr_bid"": ""-600000"", ""buy_fpr_req"": ""378"", ""buy_1th_pre_req_pre"": ""0"", ""buy_2th_pre_bid"": ""-599000"", ""buy_2th_pre_req"": ""147"", ""buy_2th_pre_req_pre"": ""0"", ""buy_3th_pre_bid"": ""-598000"", ""buy_3th_pre_req"": ""83"", ""buy_3th_pre_req_pre"": ""0"", ""buy_4th_pre_bid"": ""-597000"", ""buy_4th_pre_req"": ""88"", ""buy_4th_pre_req_pre"": ""0"", ""buy_5th_pre_bid"": ""-596000"", ""buy_5th_pre_req"": ""43"", ""buy_5th_pre_req_pre"": ""0"", ""buy_6th_pre_bid"": ""-595000"", ""buy_6th_pre_req"": ""205"", ""buy_6th_pre_req_pre"": ""0"", ""buy_7th_pre_bid"": ""-594000"", ""buy_7th_pre_req"": ""30"", ""buy_7th_pre_req_pre"": ""0"", ""buy_8th_pre_bid"": ""-593000"", ""buy_8th_pre_req"": ""57"", ""buy_8th_pre_req_pre"": ""0"", ""buy_9th_pre_bid"": ""-592000"", ""buy_9th_pre_req"": ""23"", ""buy_9th_pre_req_pre"": ""0"", ""buy_10th_pre_bid"": ""-591000"", ""buy_10th_pre_req"": ""33"", ""buy_10th_pre_req_pre"": ""0"", ""tot_sel_req_jub_pre"": ""--1"", ""tot_sel_req"": ""158"", ""tot_buy_req"": ""1087"", ""tot_buy_req_jub_pre"": ""0"", ""ovt_sel_req_pre"": ""0"", ""ovt_sel_req"": ""0"", ""ovt_buy_req"": ""0"", ""ovt_buy_req_pre"": ""0"", ""return_code"": 0, ""return_msg"": ""정상적으로 처리되었습니다""}"
2026-06-10,watchlist,181710,,1,filtered_candidate_recheck,40250,,40250,40200,40250,40500,0.4968944099378882,0.12422360248447205,,,,,,"{""bid_req_base_tm"": ""100610"", ""sel_10th_pre_req_pre"": ""0"", ""sel_10th_pre_req"": ""76"", ""sel_10th_pre_bid"": ""-40950"", ""sel_9th_pre_req_pre"": ""0"", ""sel_9th_pre_req"": ""4"", ""sel_9th_pre_bid"": ""-40850"", ""sel_8th_pre_req_pre"": ""0"", ""sel_8th_pre_req"": ""24"", ""sel_8th_pre_bid"": ""-40700"", ""sel_7th_pre_req_pre"": ""0"", ""sel_7th_pre_req"": ""16"", ""sel_7th_pre_bid"": ""-40650"", ""sel_6th_pre_req_pre"": ""0"", ""sel_6th_pre_req"": ""4"", ""sel_6th_pre_bid"": ""-40550"", ""sel_5th_pre_req_pre"": ""0"", ""sel_5th_pre_req"": ""823"", ""sel_5th_pre_bid"": ""-40500"", ""sel_4th_pre_req_pre"": ""0"", ""sel_4th_pre_req"": ""46"", ""sel_4th_pre_bid"": ""-40400"", ""sel_3th_pre_req_pre"": ""--1"", ""sel_3th_pre_req"": ""127"", ""sel_3th_pre_bid"": ""-40350"", ""sel_2th_pre_req_pre"": ""--2"", ""sel_2th_pre_req"": ""94"", ""sel_2th_pre_bid"": ""-40300"", ""sel_1th_pre_req_pre"": ""0"", ""sel_fpr_req"": ""43"", ""sel_fpr_bid"": ""-40250"", ""buy_fpr_bid"": ""-40200"", ""buy_fpr_req"": ""66"", ""buy_1th_pre_req_pre"": ""0"", ""buy_2th_pre_bid"": ""-40150"", ""buy_2th_pre_req"": ""107"", ""buy_2th_pre_req_pre"": ""--54"", ""buy_3th_pre_bid"": ""-40100"", ""buy_3th_pre_req"": ""752"", ""buy_3th_pre_req_pre"": ""+4"", ""buy_4th_pre_bid"": ""-40050"", ""buy_4th_pre_req"": ""1014"", ""buy_4th_pre_req_pre"": ""+50"", ""buy_5th_pre_bid"": ""-40000"", ""buy_5th_pre_req"": ""891"", ""buy_5th_pre_req_pre"": ""0"", ""buy_6th_pre_bid"": ""-39950"", ""buy_6th_pre_req"": ""54"", ""buy_6th_pre_req_pre"": ""0"", ""buy_7th_pre_bid"": ""-39900"", ""buy_7th_pre_req"": ""424"", ""buy_7th_pre_req_pre"": ""0"", ""buy_8th_pre_bid"": ""-39850"", ""buy_8th_pre_req"": ""30"", ""buy_8th_pre_req_pre"": ""0"", ""buy_9th_pre_bid"": ""-39800"", ""buy_9th_pre_req"": ""414"", ""buy_9th_pre_req_pre"": ""0"", ""buy_10th_pre_bid"": ""-39750"", ""buy_10th_pre_req"": ""22"", ""buy_10th_pre_req_pre"": ""0"", ""tot_sel_req_jub_pre"": ""--3"", ""tot_sel_req"": ""1257"", ""tot_buy_req"": ""3774"", ""tot_buy_req_jub_pre"": ""0"", ""ovt_sel_req_pre"": ""0"", ""ovt_sel_req"": ""0"", ""ovt_buy_req"": ""0"", ""ovt_buy_req_pre"": ""0"", ""return_code"": 0, ""return_msg"": ""정상적으로 처리되었습니다""}"
2026-06-10,watchlist,085620,,0,filtered_candidate_recheck,22100,,22100,22000,22100,22000,-0.6787330316742082,0.4524886877828055,,,,,,"{""bid_req_base_tm"": ""100612"", ""sel_10th_pre_req_pre"": ""0"", ""sel_10th_pre_req"": ""143"", ""sel_10th_pre_bid"": ""-22550"", ""sel_9th_pre_req_pre"": ""0"", ""sel_9th_pre_req"": ""11651"", ""sel_9th_pre_bid"": ""-22500"", ""sel_8th_pre_req_pre"": ""0"", ""sel_8th_pre_req"": ""4889"", ""sel_8th_pre_bid"": ""-22450"", ""sel_7th_pre_req_pre"": ""0"", ""sel_7th_pre_req"": ""1535"", ""sel_7th_pre_bid"": ""-22400"", ""sel_6th_pre_req_pre"": ""0"", ""sel_6th_pre_req"": ""727"", ""sel_6th_pre_bid"": ""-22350"", ""sel_5th_pre_req_pre"": ""0"", ""sel_5th_pre_req"": ""1349"", ""sel_5th_pre_bid"": ""-22300"", ""sel_4th_pre_req_pre"": ""0"", ""sel_4th_pre_req"": ""763"", ""sel_4th_pre_bid"": ""-22250"", ""sel_3th_pre_req_pre"": ""0"", ""sel_3th_pre_req"": ""1625"", ""sel_3th_pre_bid"": ""-22200"", ""sel_2th_pre_req_pre"": ""0"", ""sel_2th_pre_req"": ""2742"", ""sel_2th_pre_bid"": ""-22150"", ""sel_1th_pre_req_pre"": ""--69"", ""sel_fpr_req"": ""1037"", ""sel_fpr_bid"": ""-22100"", ""buy_fpr_bid"": ""-22000"", ""buy_fpr_req"": ""976"", ""buy_1th_pre_req_pre"": ""0"", ""buy_2th_pre_bid"": ""-21950"", ""buy_2th_pre_req"": ""340"", ""buy_2th_pre_req_pre"": ""0"", ""buy_3th_pre_bid"": ""-21900"", ""buy_3th_pre_req"": ""588"", ""buy_3th_pre_req_pre"": ""0"", ""buy_4th_pre_bid"": ""-21850"", ""buy_4th_pre_req"": ""1059"", ""buy_4th_pre_req_pre"": ""0"", ""buy_5th_pre_bid"": ""-21800"", ""buy_5th_pre_req"": ""8482"", ""buy_5th_pre_req_pre"": ""0"", ""buy_6th_pre_bid"": ""-21750"", ""buy_6th_pre_req"": ""2516"", ""buy_6th_pre_req_pre"": ""0"", ""buy_7th_pre_bid"": ""-21700"", ""buy_7th_pre_req"": ""2138"", ""buy_7th_pre_req_pre"": ""0"", ""buy_8th_pre_bid"": ""-21650"", ""buy_8th_pre_req"": ""1900"", ""buy_8th_pre_req_pre"": ""0"", ""buy_9th_pre_bid"": ""-21600"", ""buy_9th_pre_req"": ""5375"", ""buy_9th_pre_req_pre"": ""0"", ""buy_10th_pre_bid"": ""-21550"", ""buy_10th_pre_req"": ""1581"", ""buy_10th_pre_req_pre"": ""0"", ""tot_sel_req_jub_pre"": ""--69"", ""tot_sel_req"": ""26461"", ""tot_buy_req"": ""24955"", ""tot_buy_req_jub_pre"": ""+1511"", ""ovt_sel_req_pre"": ""0"", ""ovt_sel_req"": ""0"", ""ovt_buy_req"": ""0"", ""ovt_buy_req_pre"": ""0"", ""return_code"": 0, ""return_msg"": ""정상적으로 처리되었습니다""}"
2026-06-10,watchlist,062040,,0,filtered_candidate_recheck,227000,,227000,226500,227000,226500,-0.4405286343612335,0.22026431718061676,,,,,,"{""bid_req_base_tm"": ""100612"", ""sel_10th_pre_req_pre"": ""0"", ""sel_10th_pre_req"": ""223"", ""sel_10th_pre_bid"": ""+231500"", ""sel_9th_pre_req_pre"": ""0"", ""sel_9th_pre_req"": ""400"", ""sel_9th_pre_bid"": ""+231000"", ""sel_8th_pre_req_pre"": ""0"", ""sel_8th_pre_req"": ""189"", ""sel_8th_pre_bid"": ""+230500"", ""sel_7th_pre_req_pre"": ""+5"", ""sel_7th_pre_req"": ""281"", ""sel_7th_pre_bid"": ""+230000"", ""sel_6th_pre_req_pre"": ""0"", ""sel_6th_pre_req"": ""108"", ""sel_6th_pre_bid"": ""+229500"", ""sel_5th_pre_req_pre"": ""0"", ""sel_5th_pre_req"": ""130"", ""sel_5th_pre_bid"": ""+229000"", ""sel_4th_pre_req_pre"": ""0"", ""sel_4th_pre_req"": ""29"", ""sel_4th_pre_bid"": ""+228500"", ""sel_3th_pre_req_pre"": ""0"", ""sel_3th_pre_req"": ""73"", ""sel_3th_pre_bid"": ""+228000"", ""sel_2th_pre_req_pre"": ""0"", ""sel_2th_pre_req"": ""24"", ""sel_2th_pre_bid"": ""+227500"", ""sel_1th_pre_req_pre"": ""0"", ""sel_fpr_req"": ""60"", ""sel_fpr_bid"": ""+227000"", ""buy_fpr_bid"": ""+226500"", ""buy_fpr_req"": ""41"", ""buy_1th_pre_req_pre"": ""0"", ""buy_2th_pre_bid"": ""+226000"", ""buy_2th_pre_req"": ""85"", ""buy_2th_pre_req_pre"": ""0"", ""buy_3th_pre_bid"": ""+225500"", ""buy_3th_pre_req"": ""64"", ""buy_3th_pre_req_pre"": ""0"", ""buy_4th_pre_bid"": ""225000"", ""buy_4th_pre_req"": ""269"", ""buy_4th_pre_req_pre"": ""0"", ""buy_5th_pre_bid"": ""-224500"", ""buy_5th_pre_req"": ""52"", ""buy_5th_pre_req_pre"": ""0"", ""buy_6th_pre_bid"": ""-224000"", ""buy_6th_pre_req"": ""82"", ""buy_6th_pre_req_pre"": ""0"", ""buy_7th_pre_bid"": ""-223500"", ""buy_7th_pre_req"": ""225"", ""buy_7th_pre_req_pre"": ""0"", ""buy_8th_pre_bid"": ""-223000"", ""buy_8th_pre_req"": ""82"", ""buy_8th_pre_req_pre"": ""0"", ""buy_9th_pre_bid"": ""-222500"", ""buy_9th_pre_req"": ""54"", ""buy_9th_pre_req_pre"": ""0"", ""buy_10th_pre_bid"": ""-222000"", ""buy_10th_pre_req"": ""113"", ""buy_10th_pre_req_pre"": ""0"", ""tot_sel_req_jub_pre"": ""+5"", ""tot_sel_req"": ""1517"", ""tot_buy_req"": ""1067"", ""tot_buy_req_jub_pre"": ""0"", ""ovt_sel_req_pre"": ""0"", ""ovt_sel_req"": ""0"", ""ovt_buy_req"": ""0"", ""ovt_buy_req_pre"": ""0"", ""return_code"": 0, ""return_msg"": ""정상적으로 처리되었습니다""}"
2026-06-10,watchlist,036460,,0,filtered_candidate_recheck,34400,,34400,34300,34400,34400,-0.14534883720930233,0.29069767441860467,,,,,,"{""bid_req_base_tm"": ""100610"", ""sel_10th_pre_req_pre"": ""0"", ""sel_10th_pre_req"": ""530"", ""sel_10th_pre_bid"": ""+34850"", ""sel_9th_pre_req_pre"": ""0"", ""sel_9th_pre_req"": ""17"", ""sel_9th_pre_bid"": ""+34800"", ""sel_8th_pre_req_pre"": ""0"", ""sel_8th_pre_req"": ""61"", ""sel_8th_pre_bid"": ""+34750"", ""sel_7th_pre_req_pre"": ""0"", ""sel_7th_pre_req"": ""196"", ""sel_7th_pre_bid"": ""+34700"", ""sel_6th_pre_req_pre"": ""0"", ""sel_6th_pre_req"": ""271"", ""sel_6th_pre_bid"": ""+34650"", ""sel_5th_pre_req_pre"": ""0"", ""sel_5th_pre_req"": ""638"", ""sel_5th_pre_bid"": ""+34600"", ""sel_4th_pre_req_pre"": ""0"", ""sel_4th_pre_req"": ""650"", ""sel_4th_pre_bid"": ""+34550"", ""sel_3th_pre_req_pre"": ""0"", ""sel_3th_pre_req"": ""712"", ""sel_3th_pre_bid"": ""+34500"", ""sel_2th_pre_req_pre"": ""0"", ""sel_2th_pre_req"": ""78"", ""sel_2th_pre_bid"": ""+34450"", ""sel_1th_pre_req_pre"": ""--56"", ""sel_fpr_req"": ""1526"", ""sel_fpr_bid"": ""+34400"", ""buy_fpr_bid"": ""+34300"", ""buy_fpr_req"": ""78"", ""buy_1th_pre_req_pre"": ""0"", ""buy_2th_pre_bid"": ""+34250"", ""buy_2th_pre_req"": ""386"", ""buy_2th_pre_req_pre"": ""0"", ""buy_3th_pre_bid"": ""+34200"", ""buy_3th_pre_req"": ""555"", ""buy_3th_pre_req_pre"": ""0"", ""buy_4th_pre_bid"": ""+34150"", ""buy_4th_pre_req"": ""301"", ""buy_4th_pre_req_pre"": ""0"", ""buy_5th_pre_bid"": ""+34100"", ""buy_5th_pre_req"": ""419"", ""buy_5th_pre_req_pre"": ""0"", ""buy_6th_pre_bid"": ""+34050"", ""buy_6th_pre_req"": ""921"", ""buy_6th_pre_req_pre"": ""0"", ""buy_7th_pre_bid"": ""34000"", ""buy_7th_pre_req"": ""3021"", ""buy_7th_pre_req_pre"": ""0"", ""buy_8th_pre_bid"": ""-33950"", ""buy_8th_pre_req"": ""854"", ""buy_8th_pre_req_pre"": ""0"", ""buy_9th_pre_bid"": ""-33900"", ""buy_9th_pre_req"": ""831"", ""buy_9th_pre_req_pre"": ""0"", ""buy_10th_pre_bid"": ""-33850"", ""buy_10th_pre_req"": ""269"", ""buy_10th_pre_req_pre"": ""0"", ""tot_sel_req_jub_pre"": ""--56"", ""tot_sel_req"": ""4679"", ""tot_buy_req"": ""7635"", ""tot_buy_req_jub_pre"": ""+207"", ""ovt_sel_req_pre"": ""0"", ""ovt_sel_req"": ""0"", ""ovt_buy_req"": ""0"", ""ovt_buy_req_pre"": ""0"", ""return_code"": 0, ""return_msg"": ""정상적으로 처리되었습니다""}"
2026-06-10,watchlist,066575,,0,filtered_candidate_recheck,78100,,78100,78000,78100,78400,0.2560819462227913,0.12804097311139565,,,,,,"{""bid_req_base_tm"": ""100611"", ""sel_10th_pre_req_pre"": ""0"", ""sel_10th_pre_req"": ""220"", ""sel_10th_pre_bid"": ""-79000"", ""sel_9th_pre_req_pre"": ""0"", ""sel_9th_pre_req"": ""39"", ""sel_9th_pre_bid"": ""-78900"", ""sel_8th_pre_req_pre"": ""0"", ""sel_8th_pre_req"": ""177"", ""sel_8th_pre_bid"": ""-78800"", ""sel_7th_pre_req_pre"": ""0"", ""sel_7th_pre_req"": ""249"", ""sel_7th_pre_bid"": ""-78700"", ""sel_6th_pre_req_pre"": ""0"", ""sel_6th_pre_req"": ""210"", ""sel_6th_pre_bid"": ""-78600"", ""sel_5th_pre_req_pre"": ""0"", ""sel_5th_pre_req"": ""112"", ""sel_5th_pre_bid"": ""-78500"", ""sel_4th_pre_req_pre"": ""0"", ""sel_4th_pre_req"": ""15"", ""sel_4th_pre_bid"": ""-78400"", ""sel_3th_pre_req_pre"": ""0"", ""sel_3th_pre_req"": ""4"", ""sel_3th_pre_bid"": ""-78300"", ""sel_2th_pre_req_pre"": ""0"", ""sel_2th_pre_req"": ""354"", ""sel_2th_pre_bid"": ""-78200"", ""sel_1th_pre_req_pre"": ""0"", ""sel_fpr_req"": ""274"", ""sel_fpr_bid"": ""-78100"", ""buy_fpr_bid"": ""-78000"", ""buy_fpr_req"": ""186"", ""buy_1th_pre_req_pre"": ""+5"", ""buy_2th_pre_bid"": ""-77900"", ""buy_2th_pre_req"": ""934"", ""buy_2th_pre_req_pre"": ""0"", ""buy_3th_pre_bid"": ""-77800"", ""buy_3th_pre_req"": ""1183"", ""buy_3th_pre_req_pre"": ""0"", ""buy_4th_pre_bid"": ""-77700"", ""buy_4th_pre_req"": ""475"", ""buy_4th_pre_req_pre"": ""0"", ""buy_5th_pre_bid"": ""-77600"", ""buy_5th_pre_req"": ""156"", ""buy_5th_pre_req_pre"": ""0"", ""buy_6th_pre_bid"": ""-77500"", ""buy_6th_pre_req"": ""551"", ""buy_6th_pre_req_pre"": ""0"", ""buy_7th_pre_bid"": ""-77400"", ""buy_7th_pre_req"": ""137"", ""buy_7th_pre_req_pre"": ""0"", ""buy_8th_pre_bid"": ""-77300"", ""buy_8th_pre_req"": ""148"", ""buy_8th_pre_req_pre"": ""0"", ""buy_9th_pre_bid"": ""-77200"", ""buy_9th_pre_req"": ""138"", ""buy_9th_pre_req_pre"": ""0"", ""buy_10th_pre_bid"": ""-77100"", ""buy_10th_pre_req"": ""290"", ""buy_10th_pre_req_pre"": ""0"", ""tot_sel_req_jub_pre"": ""0"", ""tot_sel_req"": ""1654"", ""tot_buy_req"": ""4198"", ""tot_buy_req_jub_pre"": ""+5"", ""ovt_sel_req_pre"": ""0"", ""ovt_sel_req"": ""0"", ""ovt_buy_req"": ""0"", ""ovt_buy_req_pre"": ""0"", ""return_code"": 0, ""return_msg"": ""정상적으로 처리되었습니다""}"
2026-06-10,watchlist,000810,,0,filtered_candidate_recheck,619000,,619000,618000,619000,616000,-0.6462035541195477,0.16155088852988692,,,,,,"{""bid_req_base_tm"": ""100613"", ""sel_10th_pre_req_pre"": ""0"", ""sel_10th_pre_req"": ""23"", ""sel_10th_pre_bid"": ""-628000"", ""sel_9th_pre_req_pre"": ""0"", ""sel_9th_pre_req"": ""6"", ""sel_9th_pre_bid"": ""-627000"", ""sel_8th_pre_req_pre"": ""0"", ""sel_8th_pre_req"": ""18"", ""sel_8th_pre_bid"": ""-626000"", ""sel_7th_pre_req_pre"": ""0"", ""sel_7th_pre_req"": ""6"", ""sel_7th_pre_bid"": ""-625000"", ""sel_6th_pre_req_pre"": ""0"", ""sel_6th_pre_req"": ""11"", ""sel_6th_pre_bid"": ""-624000"", ""sel_5th_pre_req_pre"": ""0"", ""sel_5th_pre_req"": ""220"", ""sel_5th_pre_bid"": ""-623000"", ""sel_4th_pre_req_pre"": ""0"", ""sel_4th_pre_req"": ""13"", ""sel_4th_pre_bid"": ""-622000"", ""sel_3th_pre_req_pre"": ""0"", ""sel_3th_pre_req"": ""12"", ""sel_3th_pre_bid"": ""-621000"", ""sel_2th_pre_req_pre"": ""0"", ""sel_2th_pre_req"": ""95"", ""sel_2th_pre_bid"": ""-620000"", ""sel_1th_pre_req_pre"": ""0"", ""sel_fpr_req"": ""49"", ""sel_fpr_bid"": ""-619000"", ""buy_fpr_bid"": ""-618000"", ""buy_fpr_req"": ""25"", ""buy_1th_pre_req_pre"": ""+1"", ""buy_2th_pre_bid"": ""-617000"", ""buy_2th_pre_req"": ""33"", ""buy_2th_pre_req_pre"": ""0"", ""buy_3th_pre_bid"": ""-616000"", ""buy_3th_pre_req"": ""20"", ""buy_3th_pre_req_pre"": ""0"", ""buy_4th_pre_bid"": ""-615000"", ""buy_4th_pre_req"": ""79"", ""buy_4th_pre_req_pre"": ""0"", ""buy_5th_pre_bid"": ""-614000"", ""buy_5th_pre_req"": ""18"", ""buy_5th_pre_req_pre"": ""0"", ""buy_6th_pre_bid"": ""-613000"", ""buy_6th_pre_req"": ""19"", ""buy_6th_pre_req_pre"": ""0"", ""buy_7th_pre_bid"": ""-612000"", ""buy_7th_pre_req"": ""11"", ""buy_7th_pre_req_pre"": ""0"", ""buy_8th_pre_bid"": ""-611000"", ""buy_8th_pre_req"": ""6"", ""buy_8th_pre_req_pre"": ""0"", ""buy_9th_pre_bid"": ""-610000"", ""buy_9th_pre_req"": ""59"", ""buy_9th_pre_req_pre"": ""0"", ""buy_10th_pre_bid"": ""-609000"", ""buy_10th_pre_req"": ""11"", ""buy_10th_pre_req_pre"": ""0"", ""tot_sel_req_jub_pre"": ""0"", ""tot_sel_req"": ""453"", ""tot_buy_req"": ""281"", ""tot_buy_req_jub_pre"": ""+1"", ""ovt_sel_req_pre"": ""0"", ""ovt_sel_req"": ""0"", ""ovt_buy_req"": ""0"", ""ovt_buy_req_pre"": ""0"", ""return_code"": 0, ""return_msg"": ""정상적으로 처리되었습니다""}"
2026-06-10,watchlist,005930,,0,filtered_candidate_recheck,307000,,307000,306500,307000,308000,0.16286644951140067,0.16286644951140067,,,,,,"{""bid_req_base_tm"": ""100613"", ""sel_10th_pre_req_pre"": ""0"", ""sel_10th_pre_req"": ""15071"", ""sel_10th_pre_bid"": ""-311500"", ""sel_9th_pre_req_pre"": ""0"", ""sel_9th_pre_req"": ""14573"", ""sel_9th_pre_bid"": ""-311000"", ""sel_8th_pre_req_pre"": ""0"", ""sel_8th_pre_req"": ""10461"", ""sel_8th_pre_bid"": ""-310500"", ""sel_7th_pre_req_pre"": ""0"", ""sel_7th_pre_req"": ""25455"", ""sel_7th_pre_bid"": ""-310000"", ""sel_6th_pre_req_pre"": ""0"", ""sel_6th_pre_req"": ""15366"", ""sel_6th_pre_bid"": ""-309500"", ""sel_5th_pre_req_pre"": ""0"", ""sel_5th_pre_req"": ""14198"", ""sel_5th_pre_bid"": ""-309000"", ""sel_4th_pre_req_pre"": ""0"", ""sel_4th_pre_req"": ""18439"", ""sel_4th_pre_bid"": ""-308500"", ""sel_3th_pre_req_pre"": ""0"", ""sel_3th_pre_req"": ""19193"", ""sel_3th_pre_bid"": ""-308000"", ""sel_2th_pre_req_pre"": ""0"", ""sel_2th_pre_req"": ""6203"", ""sel_2th_pre_bid"": ""-307500"", ""sel_1th_pre_req_pre"": ""0"", ""sel_fpr_req"": ""23595"", ""sel_fpr_bid"": ""-307000"", ""buy_fpr_bid"": ""-306500"", ""buy_fpr_req"": ""9366"", ""buy_1th_pre_req_pre"": ""+2"", ""buy_2th_pre_bid"": ""-306000"", ""buy_2th_pre_req"": ""34712"", ""buy_2th_pre_req_pre"": ""--9"", ""buy_3th_pre_bid"": ""-305500"", ""buy_3th_pre_req"": ""77099"", ""buy_3th_pre_req_pre"": ""+10"", ""buy_4th_pre_bid"": ""-305000"", ""buy_4th_pre_req"": ""178760"", ""buy_4th_pre_req_pre"": ""+10"", ""buy_5th_pre_bid"": ""-304500"", ""buy_5th_pre_req"": ""28105"", ""buy_5th_pre_req_pre"": ""--1"", ""buy_6th_pre_bid"": ""-304000"", ""buy_6th_pre_req"": ""39627"", ""buy_6th_pre_req_pre"": ""0"", ""buy_7th_pre_bid"": ""-303500"", ""buy_7th_pre_req"": ""37051"", ""buy_7th_pre_req_pre"": ""0"", ""buy_8th_pre_bid"": ""-303000"", ""buy_8th_pre_req"": ""70665"", ""buy_8th_pre_req_pre"": ""+1"", ""buy_9th_pre_bid"": ""-302500"", ""buy_9th_pre_req"": ""43048"", ""buy_9th_pre_req_pre"": ""0"", ""buy_10th_pre_bid"": ""-302000"", ""buy_10th_pre_req"": ""47372"", ""buy_10th_pre_req_pre"": ""0"", ""tot_sel_req_jub_pre"": ""0"", ""tot_sel_req"": ""162554"", ""tot_buy_req"": ""565805"", ""tot_buy_req_jub_pre"": ""+13"", ""ovt_sel_req_pre"": ""0"", ""ovt_sel_req"": ""0"", ""ovt_buy_req"": ""0"", ""ovt_buy_req_pre"": ""0"", ""return_code"": 0, ""return_msg"": ""정상적으로 처리되었습니다""}"
2026-06-10,watchlist,000370,,0,filtered_candidate_recheck,6680,,6680,6670,6680,6640,-0.7485029940119761,0.14970059880239522,,,,,,"{""bid_req_base_tm"": ""100610"", ""sel_10th_pre_req_pre"": ""0"", ""sel_10th_pre_req"": ""1675"", ""sel_10th_pre_bid"": ""+6770"", ""sel_9th_pre_req_pre"": ""0"", ""sel_9th_pre_req"": ""1018"", ""sel_9th_pre_bid"": ""+6760"", ""sel_8th_pre_req_pre"": ""0"", ""sel_8th_pre_req"": ""1305"", ""sel_8th_pre_bid"": ""+6750"", ""sel_7th_pre_req_pre"": ""0"", ""sel_7th_pre_req"": ""1472"", ""sel_7th_pre_bid"": ""+6740"", ""sel_6th_pre_req_pre"": ""0"", ""sel_6th_pre_req"": ""2313"", ""sel_6th_pre_bid"": ""+6730"", ""sel_5th_pre_req_pre"": ""0"", ""sel_5th_pre_req"": ""1971"", ""sel_5th_pre_bid"": ""+6720"", ""sel_4th_pre_req_pre"": ""0"", ""sel_4th_pre_req"": ""3397"", ""sel_4th_pre_bid"": ""+6710"", ""sel_3th_pre_req_pre"": ""0"", ""sel_3th_pre_req"": ""3473"", ""sel_3th_pre_bid"": ""+6700"", ""sel_2th_pre_req_pre"": ""0"", ""sel_2th_pre_req"": ""905"", ""sel_2th_pre_bid"": ""+6690"", ""sel_1th_pre_req_pre"": ""0"", ""sel_fpr_req"": ""408"", ""sel_fpr_bid"": ""+6680"", ""buy_fpr_bid"": ""+6670"", ""buy_fpr_req"": ""91"", ""buy_1th_pre_req_pre"": ""0"", ""buy_2th_pre_bid"": ""+6660"", ""buy_2th_pre_req"": ""1"", ""buy_2th_pre_req_pre"": ""0"", ""buy_3th_pre_bid"": ""+6650"", ""buy_3th_pre_req"": ""244"", ""buy_3th_pre_req_pre"": ""0"", ""buy_4th_pre_bid"": ""+6640"", ""buy_4th_pre_req"": ""1110"", ""buy_4th_pre_req_pre"": ""0"", ""buy_5th_pre_bid"": ""+6630"", ""buy_5th_pre_req"": ""423"", ""buy_5th_pre_req_pre"": ""0"", ""buy_6th_pre_bid"": ""+6620"", ""buy_6th_pre_req"": ""395"", ""buy_6th_pre_req_pre"": ""0"", ""buy_7th_pre_bid"": ""+6610"", ""buy_7th_pre_req"": ""39"", ""buy_7th_pre_req_pre"": ""0"", ""buy_8th_pre_bid"": ""+6600"", ""buy_8th_pre_req"": ""1966"", ""buy_8th_pre_req_pre"": ""0"", ""buy_9th_pre_bid"": ""+6590"", ""buy_9th_pre_req"": ""116"", ""buy_9th_pre_req_pre"": ""0"", ""buy_10th_pre_bid"": ""+6580"", ""buy_10th_pre_req"": ""124"", ""buy_10th_pre_req_pre"": ""0"", ""tot_sel_req_jub_pre"": ""0"", ""tot_sel_req"": ""17937"", ""tot_buy_req"": ""4509"", ""tot_buy_req_jub_pre"": ""0"", ""ovt_sel_req_pre"": ""0"", ""ovt_sel_req"": ""0"", ""ovt_buy_req"": ""0"", ""ovt_buy_req_pre"": ""0"", ""return_code"": 0, ""return_msg"": ""정상적으로 처리되었습니다""}"
2026-06-10,watchlist,064400,,0,filtered_candidate_recheck,95700,,95700,95600,95700,96000,0.20898641588296762,0.10449320794148381,,,,,,"{""bid_req_base_tm"": ""100613"", ""sel_10th_pre_req_pre"": ""0"", ""sel_10th_pre_req"": ""103"", ""sel_10th_pre_bid"": ""-96600"", ""sel_9th_pre_req_pre"": ""0"", ""sel_9th_pre_req"": ""464"", ""sel_9th_pre_bid"": ""-96500"", ""sel_8th_pre_req_pre"": ""0"", ""sel_8th_pre_req"": ""226"", ""sel_8th_pre_bid"": ""-96400"", ""sel_7th_pre_req_pre"": ""0"", ""sel_7th_pre_req"": ""9"", ""sel_7th_pre_bid"": ""-96300"", ""sel_6th_pre_req_pre"": ""0"", ""sel_6th_pre_req"": ""281"", ""sel_6th_pre_bid"": ""-96200"", ""sel_5th_pre_req_pre"": ""0"", ""sel_5th_pre_req"": ""26"", ""sel_5th_pre_bid"": ""-96100"", ""sel_4th_pre_req_pre"": ""0"", ""sel_4th_pre_req"": ""274"", ""sel_4th_pre_bid"": ""-96000"", ""sel_3th_pre_req_pre"": ""0"", ""sel_3th_pre_req"": ""266"", ""sel_3th_pre_bid"": ""-95900"", ""sel_2th_pre_req_pre"": ""0"", ""sel_2th_pre_req"": ""20"", ""sel_2th_pre_bid"": ""-95800"", ""sel_1th_pre_req_pre"": ""+4"", ""sel_fpr_req"": ""26"", ""sel_fpr_bid"": ""-95700"", ""buy_fpr_bid"": ""-95600"", ""buy_fpr_req"": ""23"", ""buy_1th_pre_req_pre"": ""0"", ""buy_2th_pre_bid"": ""-95500"", ""buy_2th_pre_req"": ""2289"", ""buy_2th_pre_req_pre"": ""0"", ""buy_3th_pre_bid"": ""-95400"", ""buy_3th_pre_req"": ""1068"", ""buy_3th_pre_req_pre"": ""0"", ""buy_4th_pre_bid"": ""-95300"", ""buy_4th_pre_req"": ""1419"", ""buy_4th_pre_req_pre"": ""0"", ""buy_5th_pre_bid"": ""-95200"", ""buy_5th_pre_req"": ""1717"", ""buy_5th_pre_req_pre"": ""0"", ""buy_6th_pre_bid"": ""-95100"", ""buy_6th_pre_req"": ""3140"", ""buy_6th_pre_req_pre"": ""0"", ""buy_7th_pre_bid"": ""-95000"", ""buy_7th_pre_req"": ""8006"", ""buy_7th_pre_req_pre"": ""0"", ""buy_8th_pre_bid"": ""-94900"", ""buy_8th_pre_req"": ""659"", ""buy_8th_pre_req_pre"": ""0"", ""buy_9th_pre_bid"": ""-94800"", ""buy_9th_pre_req"": ""1310"", ""buy_9th_pre_req_pre"": ""0"", ""buy_10th_pre_bid"": ""-94700"", ""buy_10th_pre_req"": ""411"", ""buy_10th_pre_req_pre"": ""0"", ""tot_sel_req_jub_pre"": ""+4"", ""tot_sel_req"": ""1695"", ""tot_buy_req"": ""20042"", ""tot_buy_req_jub_pre"": ""0"", ""ovt_sel_req_pre"": ""0"", ""ovt_sel_req"": ""0"", ""ovt_buy_req"": ""0"", ""ovt_buy_req_pre"": ""0"", ""return_code"": 0, ""return_msg"": ""정상적으로 처리되었습니다""}"
2026-06-10,watchlist,009420,,0,filtered_candidate_recheck,50600,,50600,50500,50600,50700,0.0,0.1976284584980237,,,,,,"{""bid_req_base_tm"": ""100613"", ""sel_10th_pre_req_pre"": ""0"", ""sel_10th_pre_req"": ""31"", ""sel_10th_pre_bid"": ""-51500"", ""sel_9th_pre_req_pre"": ""0"", ""sel_9th_pre_req"": ""50"", ""sel_9th_pre_bid"": ""-51400"", ""sel_8th_pre_req_pre"": ""0"", ""sel_8th_pre_req"": ""440"", ""sel_8th_pre_bid"": ""-51300"", ""sel_7th_pre_req_pre"": ""0"", ""sel_7th_pre_req"": ""141"", ""sel_7th_pre_bid"": ""-51200"", ""sel_6th_pre_req_pre"": ""--4"", ""sel_6th_pre_req"": ""80"", ""sel_6th_pre_bid"": ""-51100"", ""sel_5th_pre_req_pre"": ""0"", ""sel_5th_pre_req"": ""139"", ""sel_5th_pre_bid"": ""-51000"", ""sel_4th_pre_req_pre"": ""0"", ""sel_4th_pre_req"": ""141"", ""sel_4th_pre_bid"": ""-50900"", ""sel_3th_pre_req_pre"": ""+4"", ""sel_3th_pre_req"": ""39"", ""sel_3th_pre_bid"": ""-50800"", ""sel_2th_pre_req_pre"": ""0"", ""sel_2th_pre_req"": ""90"", ""sel_2th_pre_bid"": ""-50700"", ""sel_1th_pre_req_pre"": ""0"", ""sel_fpr_req"": ""41"", ""sel_fpr_bid"": ""-50600"", ""buy_fpr_bid"": ""-50500"", ""buy_fpr_req"": ""343"", ""buy_1th_pre_req_pre"": ""0"", ""buy_2th_pre_bid"": ""-50400"", ""buy_2th_pre_req"": ""48"", ""buy_2th_pre_req_pre"": ""0"", ""buy_3th_pre_bid"": ""-50300"", ""buy_3th_pre_req"": ""309"", ""buy_3th_pre_req_pre"": ""0"", ""buy_4th_pre_bid"": ""-50200"", ""buy_4th_pre_req"": ""10"", ""buy_4th_pre_req_pre"": ""0"", ""buy_5th_pre_bid"": ""-50100"", ""buy_5th_pre_req"": ""232"", ""buy_5th_pre_req_pre"": ""0"", ""buy_6th_pre_bid"": ""-50000"", ""buy_6th_pre_req"": ""233"", ""buy_6th_pre_req_pre"": ""0"", ""buy_7th_pre_bid"": ""-49950"", ""buy_7th_pre_req"": ""218"", ""buy_7th_pre_req_pre"": ""0"", ""buy_8th_pre_bid"": ""-49900"", ""buy_8th_pre_req"": ""159"", ""buy_8th_pre_req_pre"": ""0"", ""buy_9th_pre_bid"": ""-49850"", ""buy_9th_pre_req"": ""224"", ""buy_9th_pre_req_pre"": ""0"", ""buy_10th_pre_bid"": ""-49800"", ""buy_10th_pre_req"": ""498"", ""buy_10th_pre_req_pre"": ""0"", ""tot_sel_req_jub_pre"": ""0"", ""tot_sel_req"": ""1192"", ""tot_buy_req"": ""2274"", ""tot_buy_req_jub_pre"": ""0"", ""ovt_sel_req_pre"": ""0"", ""ovt_sel_req"": ""0"", ""ovt_buy_req"": ""0"", ""ovt_buy_req_pre"": ""0"", ""return_code"": 0, ""return_msg"": ""정상적으로 처리되었습니다""}"
2026-06-10,watchlist,383220,,0,filtered_candidate_recheck,75500,,75500,75400,75500,75800,0.26490066225165565,0.13245033112582782,,,,,,"{""bid_req_base_tm"": ""100613"", ""sel_10th_pre_req_pre"": ""0"", ""sel_10th_pre_req"": ""20"", ""sel_10th_pre_bid"": ""+76800"", ""sel_9th_pre_req_pre"": ""0"", ""sel_9th_pre_req"": ""11"", ""sel_9th_pre_bid"": ""+76700"", ""sel_8th_pre_req_pre"": ""0"", ""sel_8th_pre_req"": ""1"", ""sel_8th_pre_bid"": ""+76600"", ""sel_7th_pre_req_pre"": ""0"", ""sel_7th_pre_req"": ""7"", ""sel_7th_pre_bid"": ""+76500"", ""sel_6th_pre_req_pre"": ""0"", ""sel_6th_pre_req"": ""3"", ""sel_6th_pre_bid"": ""+76400"", ""sel_5th_pre_req_pre"": ""0"", ""sel_5th_pre_req"": ""100"", ""sel_5th_pre_bid"": ""+76300"", ""sel_4th_pre_req_pre"": ""0"", ""sel_4th_pre_req"": ""129"", ""sel_4th_pre_bid"": ""+76000"", ""sel_3th_pre_req_pre"": ""0"", ""sel_3th_pre_req"": ""12"", ""sel_3th_pre_bid"": ""+75900"", ""sel_2th_pre_req_pre"": ""--17"", ""sel_2th_pre_req"": ""7"", ""sel_2th_pre_bid"": ""+75800"", ""sel_1th_pre_req_pre"": ""0"", ""sel_fpr_req"": ""24"", ""sel_fpr_bid"": ""+75500"", ""buy_fpr_bid"": ""+75400"", ""buy_fpr_req"": ""28"", ""buy_1th_pre_req_pre"": ""0"", ""buy_2th_pre_bid"": ""+75300"", ""buy_2th_pre_req"": ""22"", ""buy_2th_pre_req_pre"": ""0"", ""buy_3th_pre_bid"": ""+75200"", ""buy_3th_pre_req"": ""15"", ""buy_3th_pre_req_pre"": ""0"", ""buy_4th_pre_bid"": ""+75100"", ""buy_4th_pre_req"": ""125"", ""buy_4th_pre_req_pre"": ""0"", ""buy_5th_pre_bid"": ""+75000"", ""buy_5th_pre_req"": ""107"", ""buy_5th_pre_req_pre"": ""0"", ""buy_6th_pre_bid"": ""+74900"", ""buy_6th_pre_req"": ""10"", ""buy_6th_pre_req_pre"": ""0"", ""buy_7th_pre_bid"": ""+74800"", ""buy_7th_pre_req"": ""9"", ""buy_7th_pre_req_pre"": ""0"", ""buy_8th_pre_bid"": ""+74700"", ""buy_8th_pre_req"": ""15"", ""buy_8th_pre_req_pre"": ""0"", ""buy_9th_pre_bid"": ""74600"", ""buy_9th_pre_req"": ""75"", ""buy_9th_pre_req_pre"": ""0"", ""buy_10th_pre_bid"": ""-74500"", ""buy_10th_pre_req"": ""27"", ""buy_10th_pre_req_pre"": ""0"", ""tot_sel_req_jub_pre"": ""--17"", ""tot_sel_req"": ""314"", ""tot_buy_req"": ""433"", ""tot_buy_req_jub_pre"": ""0"", ""ovt_sel_req_pre"": ""0"", ""ovt_sel_req"": ""0"", ""ovt_buy_req"": ""0"", ""ovt_buy_req_pre"": ""0"", ""return_code"": 0, ""return_msg"": ""정상적으로 처리되었습니다""}"
2026-06-10,watchlist,004170,,0,filtered_candidate_recheck,662000,,662000,661000,662000,662000,-0.1510574018126888,0.1510574018126888,,,,,,"{""bid_req_base_tm"": ""100614"", ""sel_10th_pre_req_pre"": ""0"", ""sel_10th_pre_req"": ""27"", ""sel_10th_pre_bid"": ""+672000"", ""sel_9th_pre_req_pre"": ""0"", ""sel_9th_pre_req"": ""4"", ""sel_9th_pre_bid"": ""+671000"", ""sel_8th_pre_req_pre"": ""0"", ""sel_8th_pre_req"": ""29"", ""sel_8th_pre_bid"": ""+670000"", ""sel_7th_pre_req_pre"": ""0"", ""sel_7th_pre_req"": ""4"", ""sel_7th_pre_bid"": ""+669000"", ""sel_6th_pre_req_pre"": ""0"", ""sel_6th_pre_req"": ""5"", ""sel_6th_pre_bid"": ""+667000"", ""sel_5th_pre_req_pre"": ""0"", ""sel_5th_pre_req"": ""50"", ""sel_5th_pre_bid"": ""+666000"", ""sel_4th_pre_req_pre"": ""0"", ""sel_4th_pre_req"": ""26"", ""sel_4th_pre_bid"": ""+665000"", ""sel_3th_pre_req_pre"": ""0"", ""sel_3th_pre_req"": ""46"", ""sel_3th_pre_bid"": ""+664000"", ""sel_2th_pre_req_pre"": ""0"", ""sel_2th_pre_req"": ""59"", ""sel_2th_pre_bid"": ""+663000"", ""sel_1th_pre_req_pre"": ""+3"", ""sel_fpr_req"": ""74"", ""sel_fpr_bid"": ""+662000"", ""buy_fpr_bid"": ""+661000"", ""buy_fpr_req"": ""51"", ""buy_1th_pre_req_pre"": ""0"", ""buy_2th_pre_bid"": ""+660000"", ""buy_2th_pre_req"": ""94"", ""buy_2th_pre_req_pre"": ""0"", ""buy_3th_pre_bid"": ""+659000"", ""buy_3th_pre_req"": ""10"", ""buy_3th_pre_req_pre"": ""0"", ""buy_4th_pre_bid"": ""+658000"", ""buy_4th_pre_req"": ""5"", ""buy_4th_pre_req_pre"": ""0"", ""buy_5th_pre_bid"": ""+657000"", ""buy_5th_pre_req"": ""4"", ""buy_5th_pre_req_pre"": ""0"", ""buy_6th_pre_bid"": ""+656000"", ""buy_6th_pre_req"": ""12"", ""buy_6th_pre_req_pre"": ""0"", ""buy_7th_pre_bid"": ""+655000"", ""buy_7th_pre_req"": ""21"", ""buy_7th_pre_req_pre"": ""0"", ""buy_8th_pre_bid"": ""+654000"", ""buy_8th_pre_req"": ""24"", ""buy_8th_pre_req_pre"": ""0"", ""buy_9th_pre_bid"": ""+653000"", ""buy_9th_pre_req"": ""42"", ""buy_9th_pre_req_pre"": ""0"", ""buy_10th_pre_bid"": ""+652000"", ""buy_10th_pre_req"": ""36"", ""buy_10th_pre_req_pre"": ""0"", ""tot_sel_req_jub_pre"": ""+3"", ""tot_sel_req"": ""324"", ""tot_buy_req"": ""299"", ""tot_buy_req_jub_pre"": ""0"", ""ovt_sel_req_pre"": ""0"", ""ovt_sel_req"": ""0"", ""ovt_buy_req"": ""0"", ""ovt_buy_req_pre"": ""0"", ""return_code"": 0, ""return_msg"": ""정상적으로 처리되었습니다""}"
2026-06-10,watchlist,018260,,0,filtered_candidate_recheck,234000,,234000,233000,234000,235500,0.4273504273504274,0.4273504273504274,,,,,,"{""bid_req_base_tm"": ""100613"", ""sel_10th_pre_req_pre"": ""0"", ""sel_10th_pre_req"": ""70"", ""sel_10th_pre_bid"": ""-238500"", ""sel_9th_pre_req_pre"": ""0"", ""sel_9th_pre_req"": ""185"", ""sel_9th_pre_bid"": ""-238000"", ""sel_8th_pre_req_pre"": ""0"", ""sel_8th_pre_req"": ""83"", ""sel_8th_pre_bid"": ""-237500"", ""sel_7th_pre_req_pre"": ""0"", ""sel_7th_pre_req"": ""47"", ""sel_7th_pre_bid"": ""-237000"", ""sel_6th_pre_req_pre"": ""0"", ""sel_6th_pre_req"": ""207"", ""sel_6th_pre_bid"": ""-236500"", ""sel_5th_pre_req_pre"": ""0"", ""sel_5th_pre_req"": ""139"", ""sel_5th_pre_bid"": ""-236000"", ""sel_4th_pre_req_pre"": ""0"", ""sel_4th_pre_req"": ""43"", ""sel_4th_pre_bid"": ""-235500"", ""sel_3th_pre_req_pre"": ""0"", ""sel_3th_pre_req"": ""39"", ""sel_3th_pre_bid"": ""-235000"", ""sel_2th_pre_req_pre"": ""0"", ""sel_2th_pre_req"": ""185"", ""sel_2th_pre_bid"": ""-234500"", ""sel_1th_pre_req_pre"": ""0"", ""sel_fpr_req"": ""357"", ""sel_fpr_bid"": ""-234000"", ""buy_fpr_bid"": ""-233000"", ""buy_fpr_req"": ""856"", ""buy_1th_pre_req_pre"": ""+2"", ""buy_2th_pre_bid"": ""-232500"", ""buy_2th_pre_req"": ""1243"", ""buy_2th_pre_req_pre"": ""0"", ""buy_3th_pre_bid"": ""-232000"", ""buy_3th_pre_req"": ""562"", ""buy_3th_pre_req_pre"": ""0"", ""buy_4th_pre_bid"": ""-231500"", ""buy_4th_pre_req"": ""1059"", ""buy_4th_pre_req_pre"": ""0"", ""buy_5th_pre_bid"": ""-231000"", ""buy_5th_pre_req"": ""2182"", ""buy_5th_pre_req_pre"": ""0"", ""buy_6th_pre_bid"": ""-230500"", ""buy_6th_pre_req"": ""1720"", ""buy_6th_pre_req_pre"": ""0"", ""buy_7th_pre_bid"": ""-230000"", ""buy_7th_pre_req"": ""3387"", ""buy_7th_pre_req_pre"": ""0"", ""buy_8th_pre_bid"": ""-229500"", ""buy_8th_pre_req"": ""552"", ""buy_8th_pre_req_pre"": ""0"", ""buy_9th_pre_bid"": ""-229000"", ""buy_9th_pre_req"": ""1636"", ""buy_9th_pre_req_pre"": ""0"", ""buy_10th_pre_bid"": ""-228500"", ""buy_10th_pre_req"": ""486"", ""buy_10th_pre_req_pre"": ""0"", ""tot_sel_req_jub_pre"": ""0"", ""tot_sel_req"": ""1355"", ""tot_buy_req"": ""13683"", ""tot_buy_req_jub_pre"": ""+2"", ""ovt_sel_req_pre"": ""0"", ""ovt_sel_req"": ""0"", ""ovt_buy_req"": ""0"", ""ovt_buy_req_pre"": ""0"", ""return_code"": 0, ""return_msg"": ""정상적으로 처리되었습니다""}"
2026-06-10,watchlist,161390,,0,filtered_candidate_recheck,71900,,71900,71800,71900,71900,-0.13908205841446453,0.13908205841446453,,,,,,"{""bid_req_base_tm"": ""100614"", ""sel_10th_pre_req_pre"": ""0"", ""sel_10th_pre_req"": ""2"", ""sel_10th_pre_bid"": ""-72800"", ""sel_9th_pre_req_pre"": ""0"", ""sel_9th_pre_req"": ""112"", ""sel_9th_pre_bid"": ""-72700"", ""sel_8th_pre_req_pre"": ""0"", ""sel_8th_pre_req"": ""18"", ""sel_8th_pre_bid"": ""-72600"", ""sel_7th_pre_req_pre"": ""0"", ""sel_7th_pre_req"": ""186"", ""sel_7th_pre_bid"": ""-72500"", ""sel_6th_pre_req_pre"": ""0"", ""sel_6th_pre_req"": ""44"", ""sel_6th_pre_bid"": ""-72400"", ""sel_5th_pre_req_pre"": ""0"", ""sel_5th_pre_req"": ""34"", ""sel_5th_pre_bid"": ""-72300"", ""sel_4th_pre_req_pre"": ""0"", ""sel_4th_pre_req"": ""12"", ""sel_4th_pre_bid"": ""-72200"", ""sel_3th_pre_req_pre"": ""0"", ""sel_3th_pre_req"": ""236"", ""sel_3th_pre_bid"": ""-72100"", ""sel_2th_pre_req_pre"": ""0"", ""sel_2th_pre_req"": ""1123"", ""sel_2th_pre_bid"": ""-72000"", ""sel_1th_pre_req_pre"": ""+1"", ""sel_fpr_req"": ""761"", ""sel_fpr_bid"": ""-71900"", ""buy_fpr_bid"": ""-71800"", ""buy_fpr_req"": ""940"", ""buy_1th_pre_req_pre"": ""0"", ""buy_2th_pre_bid"": ""-71700"", ""buy_2th_pre_req"": ""357"", ""buy_2th_pre_req_pre"": ""0"", ""buy_3th_pre_bid"": ""-71600"", ""buy_3th_pre_req"": ""126"", ""buy_3th_pre_req_pre"": ""0"", ""buy_4th_pre_bid"": ""-71500"", ""buy_4th_pre_req"": ""67"", ""buy_4th_pre_req_pre"": ""0"", ""buy_5th_pre_bid"": ""-71400"", ""buy_5th_pre_req"": ""155"", ""buy_5th_pre_req_pre"": ""0"", ""buy_6th_pre_bid"": ""-71300"", ""buy_6th_pre_req"": ""16"", ""buy_6th_pre_req_pre"": ""0"", ""buy_7th_pre_bid"": ""-71200"", ""buy_7th_pre_req"": ""446"", ""buy_7th_pre_req_pre"": ""0"", ""buy_8th_pre_bid"": ""-71100"", ""buy_8th_pre_req"": ""254"", ""buy_8th_pre_req_pre"": ""0"", ""buy_9th_pre_bid"": ""-71000"", ""buy_9th_pre_req"": ""1003"", ""buy_9th_pre_req_pre"": ""0"", ""buy_10th_pre_bid"": ""-70900"", ""buy_10th_pre_req"": ""2117"", ""buy_10th_pre_req_pre"": ""0"", ""tot_sel_req_jub_pre"": ""+1"", ""tot_sel_req"": ""2528"", ""tot_buy_req"": ""5481"", ""tot_buy_req_jub_pre"": ""0"", ""ovt_sel_req_pre"": ""0"", ""ovt_sel_req"": ""0"", ""ovt_buy_req"": ""0"", ""ovt_buy_req_pre"": ""0"", ""return_code"": 0, ""return_msg"": ""정상적으로 처리되었습니다""}"
2026-06-10,watchlist,078930,,0,filtered_candidate_recheck,73300,,73300,73200,73300,73600,0.2728512960436562,0.1364256480218281,,,,,,"{""bid_req_base_tm"": ""100614"", ""sel_10th_pre_req_pre"": ""0"", ""sel_10th_pre_req"": ""104"", ""sel_10th_pre_bid"": ""+74600"", ""sel_9th_pre_req_pre"": ""0"", ""sel_9th_pre_req"": ""64"", ""sel_9th_pre_bid"": ""+74500"", ""sel_8th_pre_req_pre"": ""0"", ""sel_8th_pre_req"": ""76"", ""sel_8th_pre_bid"": ""+74400"", ""sel_7th_pre_req_pre"": ""0"", ""sel_7th_pre_req"": ""1"", ""sel_7th_pre_bid"": ""+74200"", ""sel_6th_pre_req_pre"": ""0"", ""sel_6th_pre_req"": ""60"", ""sel_6th_pre_bid"": ""+74000"", ""sel_5th_pre_req_pre"": ""0"", ""sel_5th_pre_req"": ""167"", ""sel_5th_pre_bid"": ""-73700"", ""sel_4th_pre_req_pre"": ""--43"", ""sel_4th_pre_req"": ""97"", ""sel_4th_pre_bid"": ""-73600"", ""sel_3th_pre_req_pre"": ""0"", ""sel_3th_pre_req"": ""40"", ""sel_3th_pre_bid"": ""-73500"", ""sel_2th_pre_req_pre"": ""0"", ""sel_2th_pre_req"": ""47"", ""sel_2th_pre_bid"": ""-73400"", ""sel_1th_pre_req_pre"": ""0"", ""sel_fpr_req"": ""114"", ""sel_fpr_bid"": ""-73300"", ""buy_fpr_bid"": ""-73200"", ""buy_fpr_req"": ""437"", ""buy_1th_pre_req_pre"": ""0"", ""buy_2th_pre_bid"": ""-73100"", ""buy_2th_pre_req"": ""194"", ""buy_2th_pre_req_pre"": ""0"", ""buy_3th_pre_bid"": ""-73000"", ""buy_3th_pre_req"": ""30"", ""buy_3th_pre_req_pre"": ""0"", ""buy_4th_pre_bid"": ""-72900"", ""buy_4th_pre_req"": ""57"", ""buy_4th_pre_req_pre"": ""0"", ""buy_5th_pre_bid"": ""-72700"", ""buy_5th_pre_req"": ""53"", ""buy_5th_pre_req_pre"": ""0"", ""buy_6th_pre_bid"": ""-72300"", ""buy_6th_pre_req"": ""51"", ""buy_6th_pre_req_pre"": ""0"", ""buy_7th_pre_bid"": ""-72200"", ""buy_7th_pre_req"": ""118"", ""buy_7th_pre_req_pre"": ""0"", ""buy_8th_pre_bid"": ""-72100"", ""buy_8th_pre_req"": ""508"", ""buy_8th_pre_req_pre"": ""0"", ""buy_9th_pre_bid"": ""-72000"", ""buy_9th_pre_req"": ""156"", ""buy_9th_pre_req_pre"": ""0"", ""buy_10th_pre_bid"": ""-71900"", ""buy_10th_pre_req"": ""111"", ""buy_10th_pre_req_pre"": ""0"", ""tot_sel_req_jub_pre"": ""--43"", ""tot_sel_req"": ""770"", ""tot_buy_req"": ""1715"", ""tot_buy_req_jub_pre"": ""0"", ""ovt_sel_req_pre"": ""0"", ""ovt_sel_req"": ""0"", ""ovt_buy_req"": ""0"", ""ovt_buy_req_pre"": ""0"", ""return_code"": 0, ""return_msg"": ""정상적으로 처리되었습니다""}"
2026-06-10,watchlist,462870,,0,filtered_candidate_recheck,31350,,31350,31300,31350,31150,-0.7974481658692184,0.1594896331738437,,,,,,"{""bid_req_base_tm"": ""100615"", ""sel_10th_pre_req_pre"": ""0"", ""sel_10th_pre_req"": ""122"", ""sel_10th_pre_bid"": ""-31800"", ""sel_9th_pre_req_pre"": ""0"", ""sel_9th_pre_req"": ""127"", ""sel_9th_pre_bid"": ""-31750"", ""sel_8th_pre_req_pre"": ""0"", ""sel_8th_pre_req"": ""2072"", ""sel_8th_pre_bid"": ""-31700"", ""sel_7th_pre_req_pre"": ""+200"", ""sel_7th_pre_req"": ""280"", ""sel_7th_pre_bid"": ""-31650"", ""sel_6th_pre_req_pre"": ""--200"", ""sel_6th_pre_req"": ""36"", ""sel_6th_pre_bid"": ""-31600"", ""sel_5th_pre_req_pre"": ""0"", ""sel_5th_pre_req"": ""82"", ""sel_5th_pre_bid"": ""-31550"", ""sel_4th_pre_req_pre"": ""0"", ""sel_4th_pre_req"": ""167"", ""sel_4th_pre_bid"": ""-31500"", ""sel_3th_pre_req_pre"": ""0"", ""sel_3th_pre_req"": ""255"", ""sel_3th_pre_bid"": ""-31450"", ""sel_2th_pre_req_pre"": ""0"", ""sel_2th_pre_req"": ""132"", ""sel_2th_pre_bid"": ""-31400"", ""sel_1th_pre_req_pre"": ""0"", ""sel_fpr_req"": ""38"", ""sel_fpr_bid"": ""-31350"", ""buy_fpr_bid"": ""-31300"", ""buy_fpr_req"": ""6"", ""buy_1th_pre_req_pre"": ""0"", ""buy_2th_pre_bid"": ""-31250"", ""buy_2th_pre_req"": ""1"", ""buy_2th_pre_req_pre"": ""0"", ""buy_3th_pre_bid"": ""-31200"", ""buy_3th_pre_req"": ""11"", ""buy_3th_pre_req_pre"": ""0"", ""buy_4th_pre_bid"": ""-31150"", ""buy_4th_pre_req"": ""12"", ""buy_4th_pre_req_pre"": ""0"", ""buy_5th_pre_bid"": ""-31100"", ""buy_5th_pre_req"": ""19"", ""buy_5th_pre_req_pre"": ""0"", ""buy_6th_pre_bid"": ""-31050"", ""buy_6th_pre_req"": ""106"", ""buy_6th_pre_req_pre"": ""0"", ""buy_7th_pre_bid"": ""-31000"", ""buy_7th_pre_req"": ""27"", ""buy_7th_pre_req_pre"": ""0"", ""buy_8th_pre_bid"": ""-30950"", ""buy_8th_pre_req"": ""6"", ""buy_8th_pre_req_pre"": ""0"", ""buy_9th_pre_bid"": ""-30900"", ""buy_9th_pre_req"": ""17"", ""buy_9th_pre_req_pre"": ""0"", ""buy_10th_pre_bid"": ""-30850"", ""buy_10th_pre_req"": ""21"", ""buy_10th_pre_req_pre"": ""0"", ""tot_sel_req_jub_pre"": ""0"", ""tot_sel_req"": ""3311"", ""tot_buy_req"": ""226"", ""tot_buy_req_jub_pre"": ""0"", ""ovt_sel_req_pre"": ""0"", ""ovt_sel_req"": ""0"", ""ovt_buy_req"": ""0"", ""ovt_buy_req_pre"": ""0"", ""return_code"": 0, ""return_msg"": ""정상적으로 처리되었습니다""}"
2026-06-10,watchlist,055550,,0,filtered_candidate_recheck,99800,,99800,99700,99800,99600,-0.30060120240480964,0.1002004008016032,,,,,,"{""bid_req_base_tm"": ""100614"", ""sel_10th_pre_req_pre"": ""0"", ""sel_10th_pre_req"": ""70"", ""sel_10th_pre_bid"": ""-100700"", ""sel_9th_pre_req_pre"": ""0"", ""sel_9th_pre_req"": ""889"", ""sel_9th_pre_bid"": ""-100600"", ""sel_8th_pre_req_pre"": ""0"", ""sel_8th_pre_req"": ""1684"", ""sel_8th_pre_bid"": ""-100500"", ""sel_7th_pre_req_pre"": ""0"", ""sel_7th_pre_req"": ""877"", ""sel_7th_pre_bid"": ""-100400"", ""sel_6th_pre_req_pre"": ""0"", ""sel_6th_pre_req"": ""206"", ""sel_6th_pre_bid"": ""-100300"", ""sel_5th_pre_req_pre"": ""0"", ""sel_5th_pre_req"": ""64"", ""sel_5th_pre_bid"": ""-100200"", ""sel_4th_pre_req_pre"": ""0"", ""sel_4th_pre_req"": ""160"", ""sel_4th_pre_bid"": ""-100100"", ""sel_3th_pre_req_pre"": ""0"", ""sel_3th_pre_req"": ""288"", ""sel_3th_pre_bid"": ""-100000"", ""sel_2th_pre_req_pre"": ""0"", ""sel_2th_pre_req"": ""374"", ""sel_2th_pre_bid"": ""-99900"", ""sel_1th_pre_req_pre"": ""+77"", ""sel_fpr_req"": ""2176"", ""sel_fpr_bid"": ""-99800"", ""buy_fpr_bid"": ""-99700"", ""buy_fpr_req"": ""1555"", ""buy_1th_pre_req_pre"": ""0"", ""buy_2th_pre_bid"": ""-99600"", ""buy_2th_pre_req"": ""1020"", ""buy_2th_pre_req_pre"": ""0"", ""buy_3th_pre_bid"": ""-99500"", ""buy_3th_pre_req"": ""494"", ""buy_3th_pre_req_pre"": ""0"", ""buy_4th_pre_bid"": ""-99400"", ""buy_4th_pre_req"": ""42"", ""buy_4th_pre_req_pre"": ""0"", ""buy_5th_pre_bid"": ""-99300"", ""buy_5th_pre_req"": ""95"", ""buy_5th_pre_req_pre"": ""0"", ""buy_6th_pre_bid"": ""-99200"", ""buy_6th_pre_req"": ""12"", ""buy_6th_pre_req_pre"": ""0"", ""buy_7th_pre_bid"": ""-99100"", ""buy_7th_pre_req"": ""183"", ""buy_7th_pre_req_pre"": ""0"", ""buy_8th_pre_bid"": ""-99000"", ""buy_8th_pre_req"": ""61"", ""buy_8th_pre_req_pre"": ""0"", ""buy_9th_pre_bid"": ""-98900"", ""buy_9th_pre_req"": ""97"", ""buy_9th_pre_req_pre"": ""0"", ""buy_10th_pre_bid"": ""-98800"", ""buy_10th_pre_req"": ""34"", ""buy_10th_pre_req_pre"": ""0"", ""tot_sel_req_jub_pre"": ""+77"", ""tot_sel_req"": ""6788"", ""tot_buy_req"": ""3593"", ""tot_buy_req_jub_pre"": ""0"", ""ovt_sel_req_pre"": ""0"", ""ovt_sel_req"": ""0"", ""ovt_buy_req"": ""0"", ""ovt_buy_req_pre"": ""0"", ""return_code"": 0, ""return_msg"": ""정상적으로 처리되었습니다""}"
2026-06-10,watchlist,192080,,0,filtered_candidate_recheck,72500,,72500,72300,72500,72500,-0.13793103448275862,0.27586206896551724,,,,,,"{""bid_req_base_tm"": ""100614"", ""sel_10th_pre_req_pre"": ""0"", ""sel_10th_pre_req"": ""121"", ""sel_10th_pre_bid"": ""+73600"", ""sel_9th_pre_req_pre"": ""0"", ""sel_9th_pre_req"": ""44"", ""sel_9th_pre_bid"": ""+73500"", ""sel_8th_pre_req_pre"": ""0"", ""sel_8th_pre_req"": ""73"", ""sel_8th_pre_bid"": ""+73400"", ""sel_7th_pre_req_pre"": ""0"", ""sel_7th_pre_req"": ""10"", ""sel_7th_pre_bid"": ""+73300"", ""sel_6th_pre_req_pre"": ""0"", ""sel_6th_pre_req"": ""12"", ""sel_6th_pre_bid"": ""+73200"", ""sel_5th_pre_req_pre"": ""0"", ""sel_5th_pre_req"": ""59"", ""sel_5th_pre_bid"": ""+73000"", ""sel_4th_pre_req_pre"": ""0"", ""sel_4th_pre_req"": ""22"", ""sel_4th_pre_bid"": ""+72900"", ""sel_3th_pre_req_pre"": ""0"", ""sel_3th_pre_req"": ""1"", ""sel_3th_pre_bid"": ""+72700"", ""sel_2th_pre_req_pre"": ""0"", ""sel_2th_pre_req"": ""60"", ""sel_2th_pre_bid"": ""+72600"", ""sel_1th_pre_req_pre"": ""0"", ""sel_fpr_req"": ""31"", ""sel_fpr_bid"": ""+72500"", ""buy_fpr_bid"": ""+72300"", ""buy_fpr_req"": ""49"", ""buy_1th_pre_req_pre"": ""+6"", ""buy_2th_pre_bid"": ""+72200"", ""buy_2th_pre_req"": ""26"", ""buy_2th_pre_req_pre"": ""0"", ""buy_3th_pre_bid"": ""+72100"", ""buy_3th_pre_req"": ""26"", ""buy_3th_pre_req_pre"": ""0"", ""buy_4th_pre_bid"": ""72000"", ""buy_4th_pre_req"": ""66"", ""buy_4th_pre_req_pre"": ""0"", ""buy_5th_pre_bid"": ""-71900"", ""buy_5th_pre_req"": ""22"", ""buy_5th_pre_req_pre"": ""0"", ""buy_6th_pre_bid"": ""-71800"", ""buy_6th_pre_req"": ""66"", ""buy_6th_pre_req_pre"": ""0"", ""buy_7th_pre_bid"": ""-71700"", ""buy_7th_pre_req"": ""33"", ""buy_7th_pre_req_pre"": ""0"", ""buy_8th_pre_bid"": ""-71600"", ""buy_8th_pre_req"": ""80"", ""buy_8th_pre_req_pre"": ""0"", ""buy_9th_pre_bid"": ""-71500"", ""buy_9th_pre_req"": ""55"", ""buy_9th_pre_req_pre"": ""0"", ""buy_10th_pre_bid"": ""-71400"", ""buy_10th_pre_req"": ""43"", ""buy_10th_pre_req_pre"": ""0"", ""tot_sel_req_jub_pre"": ""0"", ""tot_sel_req"": ""433"", ""tot_buy_req"": ""466"", ""tot_buy_req_jub_pre"": ""+6"", ""ovt_sel_req_pre"": ""0"", ""ovt_sel_req"": ""0"", ""ovt_buy_req"": ""0"", ""ovt_buy_req_pre"": ""0"", ""return_code"": 0, ""return_msg"": ""정상적으로 처리되었습니다""}"
2026-06-10,watchlist,000430,,1,filtered_candidate_recheck,5730,,5730,5720,5730,5750,0.17452006980802792,0.17452006980802792,,,,,,"{""bid_req_base_tm"": ""100615"", ""sel_10th_pre_req_pre"": ""0"", ""sel_10th_pre_req"": ""950"", ""sel_10th_pre_bid"": ""-5830"", ""sel_9th_pre_req_pre"": ""+5"", ""sel_9th_pre_req"": ""506"", ""sel_9th_pre_bid"": ""-5810"", ""sel_8th_pre_req_pre"": ""0"", ""sel_8th_pre_req"": ""1521"", ""sel_8th_pre_bid"": ""-5800"", ""sel_7th_pre_req_pre"": ""0"", ""sel_7th_pre_req"": ""2254"", ""sel_7th_pre_bid"": ""-5790"", ""sel_6th_pre_req_pre"": ""0"", ""sel_6th_pre_req"": ""156"", ""sel_6th_pre_bid"": ""-5780"", ""sel_5th_pre_req_pre"": ""0"", ""sel_5th_pre_req"": ""115"", ""sel_5th_pre_bid"": ""-5770"", ""sel_4th_pre_req_pre"": ""0"", ""sel_4th_pre_req"": ""1115"", ""sel_4th_pre_bid"": ""-5760"", ""sel_3th_pre_req_pre"": ""0"", ""sel_3th_pre_req"": ""729"", ""sel_3th_pre_bid"": ""-5750"", ""sel_2th_pre_req_pre"": ""0"", ""sel_2th_pre_req"": ""1146"", ""sel_2th_pre_bid"": ""-5740"", ""sel_1th_pre_req_pre"": ""0"", ""sel_fpr_req"": ""799"", ""sel_fpr_bid"": ""-5730"", ""buy_fpr_bid"": ""-5720"", ""buy_fpr_req"": ""382"", ""buy_1th_pre_req_pre"": ""+68"", ""buy_2th_pre_bid"": ""-5710"", ""buy_2th_pre_req"": ""930"", ""buy_2th_pre_req_pre"": ""0"", ""buy_3th_pre_bid"": ""-5700"", ""buy_3th_pre_req"": ""2356"", ""buy_3th_pre_req_pre"": ""0"", ""buy_4th_pre_bid"": ""-5690"", ""buy_4th_pre_req"": ""3812"", ""buy_4th_pre_req_pre"": ""0"", ""buy_5th_pre_bid"": ""-5680"", ""buy_5th_pre_req"": ""4485"", ""buy_5th_pre_req_pre"": ""0"", ""buy_6th_pre_bid"": ""-5670"", ""buy_6th_pre_req"": ""2702"", ""buy_6th_pre_req_pre"": ""0"", ""buy_7th_pre_bid"": ""-5660"", ""buy_7th_pre_req"": ""2612"", ""buy_7th_pre_req_pre"": ""0"", ""buy_8th_pre_bid"": ""-5650"", ""buy_8th_pre_req"": ""4287"", ""buy_8th_pre_req_pre"": ""0"", ""buy_9th_pre_bid"": ""-5640"", ""buy_9th_pre_req"": ""5992"", ""buy_9th_pre_req_pre"": ""0"", ""buy_10th_pre_bid"": ""-5630"", ""buy_10th_pre_req"": ""2162"", ""buy_10th_pre_req_pre"": ""0"", ""tot_sel_req_jub_pre"": ""+5"", ""tot_sel_req"": ""9291"", ""tot_buy_req"": ""29720"", ""tot_buy_req_jub_pre"": ""+68"", ""ovt_sel_req_pre"": ""0"", ""ovt_sel_req"": ""0"", ""ovt_buy_req"": ""0"", ""ovt_buy_req_pre"": ""0"", ""return_code"": 0, ""return_msg"": ""정상적으로 처리되었습니다""}"
2026-06-10,watchlist,307950,,0,filtered_candidate_recheck,710000,,710000,708000,710000,709000,-0.28169014084507044,0.28169014084507044,,,,,,"{""bid_req_base_tm"": ""100615"", ""sel_10th_pre_req_pre"": ""0"", ""sel_10th_pre_req"": ""75"", ""sel_10th_pre_bid"": ""+719000"", ""sel_9th_pre_req_pre"": ""0"", ""sel_9th_pre_req"": ""71"", ""sel_9th_pre_bid"": ""+718000"", ""sel_8th_pre_req_pre"": ""0"", ""sel_8th_pre_req"": ""37"", ""sel_8th_pre_bid"": ""+717000"", ""sel_7th_pre_req_pre"": ""0"", ""sel_7th_pre_req"": ""11"", ""sel_7th_pre_bid"": ""+716000"", ""sel_6th_pre_req_pre"": ""0"", ""sel_6th_pre_req"": ""57"", ""sel_6th_pre_bid"": ""+715000"", ""sel_5th_pre_req_pre"": ""0"", ""sel_5th_pre_req"": ""47"", ""sel_5th_pre_bid"": ""+714000"", ""sel_4th_pre_req_pre"": ""0"", ""sel_4th_pre_req"": ""111"", ""sel_4th_pre_bid"": ""+713000"", ""sel_3th_pre_req_pre"": ""0"", ""sel_3th_pre_req"": ""120"", ""sel_3th_pre_bid"": ""+712000"", ""sel_2th_pre_req_pre"": ""0"", ""sel_2th_pre_req"": ""134"", ""sel_2th_pre_bid"": ""+711000"", ""sel_1th_pre_req_pre"": ""0"", ""sel_fpr_req"": ""109"", ""sel_fpr_bid"": ""+710000"", ""buy_fpr_bid"": ""+708000"", ""buy_fpr_req"": ""92"", ""buy_1th_pre_req_pre"": ""0"", ""buy_2th_pre_bid"": ""+707000"", ""buy_2th_pre_req"": ""63"", ""buy_2th_pre_req_pre"": ""0"", ""buy_3th_pre_bid"": ""+706000"", ""buy_3th_pre_req"": ""27"", ""buy_3th_pre_req_pre"": ""0"", ""buy_4th_pre_bid"": ""+705000"", ""buy_4th_pre_req"": ""53"", ""buy_4th_pre_req_pre"": ""0"", ""buy_5th_pre_bid"": ""+704000"", ""buy_5th_pre_req"": ""62"", ""buy_5th_pre_req_pre"": ""0"", ""buy_6th_pre_bid"": ""+703000"", ""buy_6th_pre_req"": ""58"", ""buy_6th_pre_req_pre"": ""0"", ""buy_7th_pre_bid"": ""+702000"", ""buy_7th_pre_req"": ""107"", ""buy_7th_pre_req_pre"": ""0"", ""buy_8th_pre_bid"": ""+701000"", ""buy_8th_pre_req"": ""216"", ""buy_8th_pre_req_pre"": ""0"", ""buy_9th_pre_bid"": ""+700000"", ""buy_9th_pre_req"": ""378"", ""buy_9th_pre_req_pre"": ""+1"", ""buy_10th_pre_bid"": ""+699000"", ""buy_10th_pre_req"": ""139"", ""buy_10th_pre_req_pre"": ""0"", ""tot_sel_req_jub_pre"": ""0"", ""tot_sel_req"": ""772"", ""tot_buy_req"": ""1195"", ""tot_buy_req_jub_pre"": ""+1"", ""ovt_sel_req_pre"": ""0"", ""ovt_sel_req"": ""0"", ""ovt_buy_req"": ""0"", ""ovt_buy_req_pre"": ""0"", ""return_code"": 0, ""return_msg"": ""정상적으로 처리되었습니다""}"
2026-06-10,watchlist,114090,,0,filtered_candidate_recheck,12120,,12120,12110,12120,12050,-0.9900990099009901,0.08250825082508251,,,,,,"{""bid_req_base_tm"": ""100612"", ""sel_10th_pre_req_pre"": ""0"", ""sel_10th_pre_req"": ""14"", ""sel_10th_pre_bid"": ""+12210"", ""sel_9th_pre_req_pre"": ""0"", ""sel_9th_pre_req"": ""881"", ""sel_9th_pre_bid"": ""+12200"", ""sel_8th_pre_req_pre"": ""0"", ""sel_8th_pre_req"": ""349"", ""sel_8th_pre_bid"": ""+12190"", ""sel_7th_pre_req_pre"": ""0"", ""sel_7th_pre_req"": ""181"", ""sel_7th_pre_bid"": ""+12180"", ""sel_6th_pre_req_pre"": ""0"", ""sel_6th_pre_req"": ""17"", ""sel_6th_pre_bid"": ""+12170"", ""sel_5th_pre_req_pre"": ""0"", ""sel_5th_pre_req"": ""5"", ""sel_5th_pre_bid"": ""+12160"", ""sel_4th_pre_req_pre"": ""0"", ""sel_4th_pre_req"": ""1084"", ""sel_4th_pre_bid"": ""+12150"", ""sel_3th_pre_req_pre"": ""0"", ""sel_3th_pre_req"": ""6"", ""sel_3th_pre_bid"": ""+12140"", ""sel_2th_pre_req_pre"": ""0"", ""sel_2th_pre_req"": ""12"", ""sel_2th_pre_bid"": ""+12130"", ""sel_1th_pre_req_pre"": ""0"", ""sel_fpr_req"": ""209"", ""sel_fpr_bid"": ""+12120"", ""buy_fpr_bid"": ""+12110"", ""buy_fpr_req"": ""124"", ""buy_1th_pre_req_pre"": ""--1"", ""buy_2th_pre_bid"": ""+12100"", ""buy_2th_pre_req"": ""139"", ""buy_2th_pre_req_pre"": ""0"", ""buy_3th_pre_bid"": ""+12090"", ""buy_3th_pre_req"": ""190"", ""buy_3th_pre_req_pre"": ""0"", ""buy_4th_pre_bid"": ""+12080"", ""buy_4th_pre_req"": ""499"", ""buy_4th_pre_req_pre"": ""0"", ""buy_5th_pre_bid"": ""+12070"", ""buy_5th_pre_req"": ""59"", ""buy_5th_pre_req_pre"": ""0"", ""buy_6th_pre_bid"": ""+12060"", ""buy_6th_pre_req"": ""16"", ""buy_6th_pre_req_pre"": ""0"", ""buy_7th_pre_bid"": ""+12050"", ""buy_7th_pre_req"": ""148"", ""buy_7th_pre_req_pre"": ""0"", ""buy_8th_pre_bid"": ""+12030"", ""buy_8th_pre_req"": ""18"", ""buy_8th_pre_req_pre"": ""0"", ""buy_9th_pre_bid"": ""+12020"", ""buy_9th_pre_req"": ""2"", ""buy_9th_pre_req_pre"": ""0"", ""buy_10th_pre_bid"": ""+12000"", ""buy_10th_pre_req"": ""27"", ""buy_10th_pre_req_pre"": ""0"", ""tot_sel_req_jub_pre"": ""0"", ""tot_sel_req"": ""2758"", ""tot_buy_req"": ""1222"", ""tot_buy_req_jub_pre"": ""--1"", ""ovt_sel_req_pre"": ""0"", ""ovt_sel_req"": ""0"", ""ovt_buy_req"": ""0"", ""ovt_buy_req_pre"": ""0"", ""return_code"": 0, ""return_msg"": ""정상적으로 처리되었습니다""}"
2026-06-10,watchlist,281820,,0,filtered_candidate_recheck,68000,,68000,67600,68000,67500,-0.8823529411764706,0.5882352941176471,,,,,,"{""bid_req_base_tm"": ""100616"", ""sel_10th_pre_req_pre"": ""0"", ""sel_10th_pre_req"": ""188"", ""sel_10th_pre_bid"": ""+68900"", ""sel_9th_pre_req_pre"": ""0"", ""sel_9th_pre_req"": ""104"", ""sel_9th_pre_bid"": ""+68800"", ""sel_8th_pre_req_pre"": ""0"", ""sel_8th_pre_req"": ""150"", ""sel_8th_pre_bid"": ""+68700"", ""sel_7th_pre_req_pre"": ""0"", ""sel_7th_pre_req"": ""280"", ""sel_7th_pre_bid"": ""+68600"", ""sel_6th_pre_req_pre"": ""0"", ""sel_6th_pre_req"": ""244"", ""sel_6th_pre_bid"": ""+68500"", ""sel_5th_pre_req_pre"": ""0"", ""sel_5th_pre_req"": ""55"", ""sel_5th_pre_bid"": ""+68400"", ""sel_4th_pre_req_pre"": ""0"", ""sel_4th_pre_req"": ""45"", ""sel_4th_pre_bid"": ""+68300"", ""sel_3th_pre_req_pre"": ""0"", ""sel_3th_pre_req"": ""62"", ""sel_3th_pre_bid"": ""+68200"", ""sel_2th_pre_req_pre"": ""0"", ""sel_2th_pre_req"": ""21"", ""sel_2th_pre_bid"": ""+68100"", ""sel_1th_pre_req_pre"": ""+19"", ""sel_fpr_req"": ""134"", ""sel_fpr_bid"": ""+68000"", ""buy_fpr_bid"": ""+67600"", ""buy_fpr_req"": ""11"", ""buy_1th_pre_req_pre"": ""0"", ""buy_2th_pre_bid"": ""+67500"", ""buy_2th_pre_req"": ""11"", ""buy_2th_pre_req_pre"": ""0"", ""buy_3th_pre_bid"": ""+67400"", ""buy_3th_pre_req"": ""6"", ""buy_3th_pre_req_pre"": ""0"", ""buy_4th_pre_bid"": ""+67300"", ""buy_4th_pre_req"": ""10"", ""buy_4th_pre_req_pre"": ""0"", ""buy_5th_pre_bid"": ""+67200"", ""buy_5th_pre_req"": ""15"", ""buy_5th_pre_req_pre"": ""0"", ""buy_6th_pre_bid"": ""+67100"", ""buy_6th_pre_req"": ""14"", ""buy_6th_pre_req_pre"": ""0"", ""buy_7th_pre_bid"": ""+67000"", ""buy_7th_pre_req"": ""127"", ""buy_7th_pre_req_pre"": ""0"", ""buy_8th_pre_bid"": ""+66900"", ""buy_8th_pre_req"": ""3"", ""buy_8th_pre_req_pre"": ""0"", ""buy_9th_pre_bid"": ""+66800"", ""buy_9th_pre_req"": ""30"", ""buy_9th_pre_req_pre"": ""0"", ""buy_10th_pre_bid"": ""+66700"", ""buy_10th_pre_req"": ""15"", ""buy_10th_pre_req_pre"": ""0"", ""tot_sel_req_jub_pre"": ""+19"", ""tot_sel_req"": ""1283"", ""tot_buy_req"": ""242"", ""tot_buy_req_jub_pre"": ""0"", ""ovt_sel_req_pre"": ""0"", ""ovt_sel_req"": ""0"", ""ovt_buy_req"": ""0"", ""ovt_buy_req_pre"": ""0"", ""return_code"": 0, ""return_msg"": ""정상적으로 처리되었습니다""}"
2026-06-10,watchlist,489790,,0,filtered_candidate_recheck,70300,,70300,70200,70300,69900,-0.7112375533428165,0.1422475106685633,,,,,,"{""bid_req_base_tm"": ""100616"", ""sel_10th_pre_req_pre"": ""0"", ""sel_10th_pre_req"": ""289"", ""sel_10th_pre_bid"": ""+71200"", ""sel_9th_pre_req_pre"": ""0"", ""sel_9th_pre_req"": ""548"", ""sel_9th_pre_bid"": ""+71100"", ""sel_8th_pre_req_pre"": ""0"", ""sel_8th_pre_req"": ""1331"", ""sel_8th_pre_bid"": ""+71000"", ""sel_7th_pre_req_pre"": ""0"", ""sel_7th_pre_req"": ""306"", ""sel_7th_pre_bid"": ""+70900"", ""sel_6th_pre_req_pre"": ""0"", ""sel_6th_pre_req"": ""298"", ""sel_6th_pre_bid"": ""+70800"", ""sel_5th_pre_req_pre"": ""0"", ""sel_5th_pre_req"": ""649"", ""sel_5th_pre_bid"": ""+70700"", ""sel_4th_pre_req_pre"": ""0"", ""sel_4th_pre_req"": ""227"", ""sel_4th_pre_bid"": ""+70600"", ""sel_3th_pre_req_pre"": ""0"", ""sel_3th_pre_req"": ""446"", ""sel_3th_pre_bid"": ""+70500"", ""sel_2th_pre_req_pre"": ""+8"", ""sel_2th_pre_req"": ""15"", ""sel_2th_pre_bid"": ""+70400"", ""sel_1th_pre_req_pre"": ""0"", ""sel_fpr_req"": ""20"", ""sel_fpr_bid"": ""+70300"", ""buy_fpr_bid"": ""+70200"", ""buy_fpr_req"": ""222"", ""buy_1th_pre_req_pre"": ""0"", ""buy_2th_pre_bid"": ""+70000"", ""buy_2th_pre_req"": ""40"", ""buy_2th_pre_req_pre"": ""0"", ""buy_3th_pre_bid"": ""+69900"", ""buy_3th_pre_req"": ""20"", ""buy_3th_pre_req_pre"": ""0"", ""buy_4th_pre_bid"": ""+69800"", ""buy_4th_pre_req"": ""41"", ""buy_4th_pre_req_pre"": ""0"", ""buy_5th_pre_bid"": ""+69700"", ""buy_5th_pre_req"": ""23"", ""buy_5th_pre_req_pre"": ""0"", ""buy_6th_pre_bid"": ""+69600"", ""buy_6th_pre_req"": ""29"", ""buy_6th_pre_req_pre"": ""0"", ""buy_7th_pre_bid"": ""+69500"", ""buy_7th_pre_req"": ""22"", ""buy_7th_pre_req_pre"": ""0"", ""buy_8th_pre_bid"": ""+69400"", ""buy_8th_pre_req"": ""111"", ""buy_8th_pre_req_pre"": ""0"", ""buy_9th_pre_bid"": ""+69300"", ""buy_9th_pre_req"": ""52"", ""buy_9th_pre_req_pre"": ""0"", ""buy_10th_pre_bid"": ""+69200"", ""buy_10th_pre_req"": ""3"", ""buy_10th_pre_req_pre"": ""0"", ""tot_sel_req_jub_pre"": ""+8"", ""tot_sel_req"": ""4129"", ""tot_buy_req"": ""563"", ""tot_buy_req_jub_pre"": ""0"", ""ovt_sel_req_pre"": ""0"", ""ovt_sel_req"": ""0"", ""ovt_buy_req"": ""0"", ""ovt_buy_req_pre"": ""0"", ""return_code"": 0, ""return_msg"": ""정상적으로 처리되었습니다""}"
2026-06-10,watchlist,092200,,0,filtered_candidate_recheck,9870,,9870,9860,9870,9910,0.303951367781155,0.10131712259371835,,,,,,"{""bid_req_base_tm"": ""100616"", ""sel_10th_pre_req_pre"": ""0"", ""sel_10th_pre_req"": ""376"", ""sel_10th_pre_bid"": ""-9970"", ""sel_9th_pre_req_pre"": ""0"", ""sel_9th_pre_req"": ""535"", ""sel_9th_pre_bid"": ""-9960"", ""sel_8th_pre_req_pre"": ""0"", ""sel_8th_pre_req"": ""10"", ""sel_8th_pre_bid"": ""-9950"", ""sel_7th_pre_req_pre"": ""0"", ""sel_7th_pre_req"": ""228"", ""sel_7th_pre_bid"": ""-9940"", ""sel_6th_pre_req_pre"": ""0"", ""sel_6th_pre_req"": ""30"", ""sel_6th_pre_bid"": ""-9930"", ""sel_5th_pre_req_pre"": ""0"", ""sel_5th_pre_req"": ""1790"", ""sel_5th_pre_bid"": ""-9920"", ""sel_4th_pre_req_pre"": ""0"", ""sel_4th_pre_req"": ""99"", ""sel_4th_pre_bid"": ""-9910"", ""sel_3th_pre_req_pre"": ""0"", ""sel_3th_pre_req"": ""36"", ""sel_3th_pre_bid"": ""-9900"", ""sel_2th_pre_req_pre"": ""0"", ""sel_2th_pre_req"": ""34"", ""sel_2th_pre_bid"": ""-9880"", ""sel_1th_pre_req_pre"": ""0"", ""sel_fpr_req"": ""750"", ""sel_fpr_bid"": ""-9870"", ""buy_fpr_bid"": ""-9860"", ""buy_fpr_req"": ""104"", ""buy_1th_pre_req_pre"": ""+5"", ""buy_2th_pre_bid"": ""-9850"", ""buy_2th_pre_req"": ""4913"", ""buy_2th_pre_req_pre"": ""0"", ""buy_3th_pre_bid"": ""-9840"", ""buy_3th_pre_req"": ""1775"", ""buy_3th_pre_req_pre"": ""0"", ""buy_4th_pre_bid"": ""-9830"", ""buy_4th_pre_req"": ""1391"", ""buy_4th_pre_req_pre"": ""0"", ""buy_5th_pre_bid"": ""-9820"", ""buy_5th_pre_req"": ""2734"", ""buy_5th_pre_req_pre"": ""0"", ""buy_6th_pre_bid"": ""-9810"", ""buy_6th_pre_req"": ""1117"", ""buy_6th_pre_req_pre"": ""0"", ""buy_7th_pre_bid"": ""-9800"", ""buy_7th_pre_req"": ""2746"", ""buy_7th_pre_req_pre"": ""0"", ""buy_8th_pre_bid"": ""-9790"", ""buy_8th_pre_req"": ""1011"", ""buy_8th_pre_req_pre"": ""0"", ""buy_9th_pre_bid"": ""-9780"", ""buy_9th_pre_req"": ""1547"", ""buy_9th_pre_req_pre"": ""0"", ""buy_10th_pre_bid"": ""-9770"", ""buy_10th_pre_req"": ""2091"", ""buy_10th_pre_req_pre"": ""0"", ""tot_sel_req_jub_pre"": ""0"", ""tot_sel_req"": ""3888"", ""tot_buy_req"": ""19429"", ""tot_buy_req_jub_pre"": ""+5"", ""ovt_sel_req_pre"": ""0"", ""ovt_sel_req"": ""0"", ""ovt_buy_req"": ""0"", ""ovt_buy_req_pre"": ""0"", ""return_code"": 0, ""return_msg"": ""정상적으로 처리되었습니다""}"
2026-06-10,watchlist,175330,,0,filtered_candidate_recheck,25700,,25700,25650,25700,25650,-0.38910505836575876,0.19455252918287938,,,,,,"{""bid_req_base_tm"": ""100613"", ""sel_10th_pre_req_pre"": ""0"", ""sel_10th_pre_req"": ""2192"", ""sel_10th_pre_bid"": ""+26150"", ""sel_9th_pre_req_pre"": ""0"", ""sel_9th_pre_req"": ""297"", ""sel_9th_pre_bid"": ""+26100"", ""sel_8th_pre_req_pre"": ""0"", ""sel_8th_pre_req"": ""208"", ""sel_8th_pre_bid"": ""+26050"", ""sel_7th_pre_req_pre"": ""0"", ""sel_7th_pre_req"": ""233"", ""sel_7th_pre_bid"": ""+26000"", ""sel_6th_pre_req_pre"": ""0"", ""sel_6th_pre_req"": ""142"", ""sel_6th_pre_bid"": ""+25950"", ""sel_5th_pre_req_pre"": ""0"", ""sel_5th_pre_req"": ""32"", ""sel_5th_pre_bid"": ""25900"", ""sel_4th_pre_req_pre"": ""0"", ""sel_4th_pre_req"": ""454"", ""sel_4th_pre_bid"": ""-25850"", ""sel_3th_pre_req_pre"": ""0"", ""sel_3th_pre_req"": ""782"", ""sel_3th_pre_bid"": ""-25800"", ""sel_2th_pre_req_pre"": ""0"", ""sel_2th_pre_req"": ""901"", ""sel_2th_pre_bid"": ""-25750"", ""sel_1th_pre_req_pre"": ""0"", ""sel_fpr_req"": ""1810"", ""sel_fpr_bid"": ""-25700"", ""buy_fpr_bid"": ""-25650"", ""buy_fpr_req"": ""694"", ""buy_1th_pre_req_pre"": ""0"", ""buy_2th_pre_bid"": ""-25600"", ""buy_2th_pre_req"": ""643"", ""buy_2th_pre_req_pre"": ""0"", ""buy_3th_pre_bid"": ""-25550"", ""buy_3th_pre_req"": ""525"", ""buy_3th_pre_req_pre"": ""0"", ""buy_4th_pre_bid"": ""-25500"", ""buy_4th_pre_req"": ""396"", ""buy_4th_pre_req_pre"": ""0"", ""buy_5th_pre_bid"": ""-25450"", ""buy_5th_pre_req"": ""1164"", ""buy_5th_pre_req_pre"": ""0"", ""buy_6th_pre_bid"": ""-25400"", ""buy_6th_pre_req"": ""575"", ""buy_6th_pre_req_pre"": ""0"", ""buy_7th_pre_bid"": ""-25350"", ""buy_7th_pre_req"": ""251"", ""buy_7th_pre_req_pre"": ""0"", ""buy_8th_pre_bid"": ""-25300"", ""buy_8th_pre_req"": ""389"", ""buy_8th_pre_req_pre"": ""0"", ""buy_9th_pre_bid"": ""-25250"", ""buy_9th_pre_req"": ""484"", ""buy_9th_pre_req_pre"": ""0"", ""buy_10th_pre_bid"": ""-25200"", ""buy_10th_pre_req"": ""301"", ""buy_10th_pre_req_pre"": ""0"", ""tot_sel_req_jub_pre"": ""0"", ""tot_sel_req"": ""7051"", ""tot_buy_req"": ""5422"", ""tot_buy_req_jub_pre"": ""0"", ""ovt_sel_req_pre"": ""0"", ""ovt_sel_req"": ""0"", ""ovt_buy_req"": ""0"", ""ovt_buy_req_pre"": ""0"", ""return_code"": 0, ""return_msg"": ""정상적으로 처리되었습니다""}"
2026-06-10,scan_candidate,005930,,0,main_scan,307500,,307500,307000,307500,308500,0.16260162601626016,0.16260162601626016,,,,,,"{""bid_req_base_tm"": ""100811"", ""sel_10th_pre_req_pre"": ""0"", ""sel_10th_pre_req"": ""19127"", ""sel_10th_pre_bid"": ""-312000"", ""sel_9th_pre_req_pre"": ""0"", ""sel_9th_pre_req"": ""15083"", ""sel_9th_pre_bid"": ""-311500"", ""sel_8th_pre_req_pre"": ""0"", ""sel_8th_pre_req"": ""13972"", ""sel_8th_pre_bid"": ""-311000"", ""sel_7th_pre_req_pre"": ""0"", ""sel_7th_pre_req"": ""10429"", ""sel_7th_pre_bid"": ""-310500"", ""sel_6th_pre_req_pre"": ""0"", ""sel_6th_pre_req"": ""26200"", ""sel_6th_pre_bid"": ""-310000"", ""sel_5th_pre_req_pre"": ""0"", ""sel_5th_pre_req"": ""15415"", ""sel_5th_pre_bid"": ""-309500"", ""sel_4th_pre_req_pre"": ""0"", ""sel_4th_pre_req"": ""15262"", ""sel_4th_pre_bid"": ""-309000"", ""sel_3th_pre_req_pre"": ""0"", ""sel_3th_pre_req"": ""22877"", ""sel_3th_pre_bid"": ""-308500"", ""sel_2th_pre_req_pre"": ""--658"", ""sel_2th_pre_req"": ""34761"", ""sel_2th_pre_bid"": ""-308000"", ""sel_1th_pre_req_pre"": ""+98"", ""sel_fpr_req"": ""1013"", ""sel_fpr_bid"": ""-307500"", ""buy_fpr_bid"": ""-307000"", ""buy_fpr_req"": ""10789"", ""buy_1th_pre_req_pre"": ""+2"", ""buy_2th_pre_bid"": ""-306500"", ""buy_2th_pre_req"": ""19423"", ""buy_2th_pre_req_pre"": ""+3"", ""buy_3th_pre_bid"": ""-306000"", ""buy_3th_pre_req"": ""39000"", ""buy_3th_pre_req_pre"": ""+40"", ""buy_4th_pre_bid"": ""-305500"", ""buy_4th_pre_req"": ""67894"", ""buy_4th_pre_req_pre"": ""0"", ""buy_5th_pre_bid"": ""-305000"", ""buy_5th_pre_req"": ""182988"", ""buy_5th_pre_req_pre"": ""--10"", ""buy_6th_pre_bid"": ""-304500"", ""buy_6th_pre_req"": ""28186"", ""buy_6th_pre_req_pre"": ""0"", ""buy_7th_pre_bid"": ""-304000"", ""buy_7th_pre_req"": ""41064"", ""buy_7th_pre_req_pre"": ""+1"", ""buy_8th_pre_bid"": ""-303500"", ""buy_8th_pre_req"": ""37715"", ""buy_8th_pre_req_pre"": ""0"", ""buy_9th_pre_bid"": ""-303000"", ""buy_9th_pre_req"": ""71683"", ""buy_9th_pre_req_pre"": ""0"", ""buy_10th_pre_bid"": ""-302500"", ""buy_10th_pre_req"": ""43248"", ""buy_10th_pre_req_pre"": ""0"", ""tot_sel_req_jub_pre"": ""--560"", ""tot_sel_req"": ""174139"", ""tot_buy_req"": ""541990"", ""tot_buy_req_jub_pre"": ""+36"", ""ovt_sel_req_pre"": ""0"", ""ovt_sel_req"": ""0"", ""ovt_buy_req"": ""0"", ""ovt_buy_req_pre"": ""0"", ""return_code"": 0, ""return_msg"": ""정상적으로 처리되었습니다""}"
2026-06-10,scan_candidate,000660,,0,main_scan,2126000,,2126000,2125000,2126000,2128000,0.047036688617121354,0.047036688617121354,,,,,,"{""bid_req_base_tm"": ""100811"", ""sel_10th_pre_req_pre"": ""0"", ""sel_10th_pre_req"": ""329"", ""sel_10th_pre_bid"": ""-2135000"", ""sel_9th_pre_req_pre"": ""0"", ""sel_9th_pre_req"": ""52"", ""sel_9th_pre_bid"": ""-2134000"", ""sel_8th_pre_req_pre"": ""0"", ""sel_8th_pre_req"": ""18"", ""sel_8th_pre_bid"": ""-2133000"", ""sel_7th_pre_req_pre"": ""0"", ""sel_7th_pre_req"": ""46"", ""sel_7th_pre_bid"": ""-2132000"", ""sel_6th_pre_req_pre"": ""0"", ""sel_6th_pre_req"": ""124"", ""sel_6th_pre_bid"": ""-2131000"", ""sel_5th_pre_req_pre"": ""0"", ""sel_5th_pre_req"": ""593"", ""sel_5th_pre_bid"": ""-2130000"", ""sel_4th_pre_req_pre"": ""0"", ""sel_4th_pre_req"": ""1044"", ""sel_4th_pre_bid"": ""-2129000"", ""sel_3th_pre_req_pre"": ""0"", ""sel_3th_pre_req"": ""252"", ""sel_3th_pre_bid"": ""-2128000"", ""sel_2th_pre_req_pre"": ""--5"", ""sel_2th_pre_req"": ""856"", ""sel_2th_pre_bid"": ""-2127000"", ""sel_1th_pre_req_pre"": ""0"", ""sel_fpr_req"": ""212"", ""sel_fpr_bid"": ""-2126000"", ""buy_fpr_bid"": ""-2125000"", ""buy_fpr_req"": ""51"", ""buy_1th_pre_req_pre"": ""0"", ""buy_2th_pre_bid"": ""-2124000"", ""buy_2th_pre_req"": ""1467"", ""buy_2th_pre_req_pre"": ""0"", ""buy_3th_pre_bid"": ""-2123000"", ""buy_3th_pre_req"": ""312"", ""buy_3th_pre_req_pre"": ""0"", ""buy_4th_pre_bid"": ""-2122000"", ""buy_4th_pre_req"": ""560"", ""buy_4th_pre_req_pre"": ""0"", ""buy_5th_pre_bid"": ""-2121000"", ""buy_5th_pre_req"": ""1718"", ""buy_5th_pre_req_pre"": ""0"", ""buy_6th_pre_bid"": ""-2120000"", ""buy_6th_pre_req"": ""1174"", ""buy_6th_pre_req_pre"": ""0"", ""buy_7th_pre_bid"": ""-2119000"", ""buy_7th_pre_req"": ""422"", ""buy_7th_pre_req_pre"": ""0"", ""buy_8th_pre_bid"": ""-2118000"", ""buy_8th_pre_req"": ""1070"", ""buy_8th_pre_req_pre"": ""+5"", ""buy_9th_pre_bid"": ""-2117000"", ""buy_9th_pre_req"": ""809"", ""buy_9th_pre_req_pre"": ""0"", ""buy_10th_pre_bid"": ""-2116000"", ""buy_10th_pre_req"": ""680"", ""buy_10th_pre_req_pre"": ""0"", ""tot_sel_req_jub_pre"": ""--5"", ""tot_sel_req"": ""3526"", ""tot_buy_req"": ""8263"", ""tot_buy_req_jub_pre"": ""+5"", ""ovt_sel_req_pre"": ""0"", ""ovt_sel_req"": ""0"", ""ovt_buy_req"": ""0"", ""ovt_buy_req_pre"": ""0"", ""return_code"": 0, ""return_msg"": ""정상적으로 처리되었습니다""}"
2026-06-10,scan_candidate,402340,,0,main_scan,1215000,,1215000,1214000,1215000,1219000,0.24691358024691357,0.0823045267489712,,,,,,"{""bid_req_base_tm"": ""100811"", ""sel_10th_pre_req_pre"": ""0"", ""sel_10th_pre_req"": ""46"", ""sel_10th_pre_bid"": ""-1224000"", ""sel_9th_pre_req_pre"": ""0"", ""sel_9th_pre_req"": ""49"", ""sel_9th_pre_bid"": ""-1223000"", ""sel_8th_pre_req_pre"": ""0"", ""sel_8th_pre_req"": ""16"", ""sel_8th_pre_bid"": ""-1222000"", ""sel_7th_pre_req_pre"": ""0"", ""sel_7th_pre_req"": ""8"", ""sel_7th_pre_bid"": ""-1221000"", ""sel_6th_pre_req_pre"": ""0"", ""sel_6th_pre_req"": ""16"", ""sel_6th_pre_bid"": ""-1220000"", ""sel_5th_pre_req_pre"": ""0"", ""sel_5th_pre_req"": ""1"", ""sel_5th_pre_bid"": ""-1219000"", ""sel_4th_pre_req_pre"": ""0"", ""sel_4th_pre_req"": ""1"", ""sel_4th_pre_bid"": ""-1218000"", ""sel_3th_pre_req_pre"": ""0"", ""sel_3th_pre_req"": ""80"", ""sel_3th_pre_bid"": ""-1217000"", ""sel_2th_pre_req_pre"": ""--2"", ""sel_2th_pre_req"": ""97"", ""sel_2th_pre_bid"": ""-1216000"", ""sel_1th_pre_req_pre"": ""+3"", ""sel_fpr_req"": ""77"", ""sel_fpr_bid"": ""-1215000"", ""buy_fpr_bid"": ""-1214000"", ""buy_fpr_req"": ""405"", ""buy_1th_pre_req_pre"": ""0"", ""buy_2th_pre_bid"": ""-1213000"", ""buy_2th_pre_req"": ""388"", ""buy_2th_pre_req_pre"": ""0"", ""buy_3th_pre_bid"": ""-1212000"", ""buy_3th_pre_req"": ""44"", ""buy_3th_pre_req_pre"": ""0"", ""buy_4th_pre_bid"": ""-1211000"", ""buy_4th_pre_req"": ""4"", ""buy_4th_pre_req_pre"": ""0"", ""buy_5th_pre_bid"": ""-1210000"", ""buy_5th_pre_req"": ""81"", ""buy_5th_pre_req_pre"": ""0"", ""buy_6th_pre_bid"": ""-1209000"", ""buy_6th_pre_req"": ""35"", ""buy_6th_pre_req_pre"": ""0"", ""buy_7th_pre_bid"": ""-1208000"", ""buy_7th_pre_req"": ""12"", ""buy_7th_pre_req_pre"": ""0"", ""buy_8th_pre_bid"": ""-1207000"", ""buy_8th_pre_req"": ""33"", ""buy_8th_pre_req_pre"": ""0"", ""buy_9th_pre_bid"": ""-1206000"", ""buy_9th_pre_req"": ""31"", ""buy_9th_pre_req_pre"": ""0"", ""buy_10th_pre_bid"": ""-1205000"", ""buy_10th_pre_req"": ""156"", ""buy_10th_pre_req_pre"": ""0"", ""tot_sel_req_jub_pre"": ""+1"", ""tot_sel_req"": ""391"", ""tot_buy_req"": ""1189"", ""tot_buy_req_jub_pre"": ""0"", ""ovt_sel_req_pre"": ""0"", ""ovt_sel_req"": ""0"", ""ovt_buy_req"": ""0"", ""ovt_buy_req_pre"": ""0"", ""return_code"": 0, ""return_msg"": ""정상적으로 처리되었습니다""}"
2026-06-10,scan_candidate,009150,,0,main_scan,1874000,,1874000,1873000,1874000,1876000,0.05336179295624333,0.05336179295624333,,,,,,"{""bid_req_base_tm"": ""100811"", ""sel_10th_pre_req_pre"": ""0"", ""sel_10th_pre_req"": ""7"", ""sel_10th_pre_bid"": ""-1883000"", ""sel_9th_pre_req_pre"": ""0"", ""sel_9th_pre_req"": ""6"", ""sel_9th_pre_bid"": ""-1882000"", ""sel_8th_pre_req_pre"": ""0"", ""sel_8th_pre_req"": ""174"", ""sel_8th_pre_bid"": ""-1881000"", ""sel_7th_pre_req_pre"": ""0"", ""sel_7th_pre_req"": ""113"", ""sel_7th_pre_bid"": ""-1880000"", ""sel_6th_pre_req_pre"": ""0"", ""sel_6th_pre_req"": ""3"", ""sel_6th_pre_bid"": ""-1879000"", ""sel_5th_pre_req_pre"": ""0"", ""sel_5th_pre_req"": ""12"", ""sel_5th_pre_bid"": ""-1878000"", ""sel_4th_pre_req_pre"": ""0"", ""sel_4th_pre_req"": ""4"", ""sel_4th_pre_bid"": ""-1877000"", ""sel_3th_pre_req_pre"": ""0"", ""sel_3th_pre_req"": ""25"", ""sel_3th_pre_bid"": ""-1876000"", ""sel_2th_pre_req_pre"": ""0"", ""sel_2th_pre_req"": ""72"", ""sel_2th_pre_bid"": ""-1875000"", ""sel_1th_pre_req_pre"": ""0"", ""sel_fpr_req"": ""58"", ""sel_fpr_bid"": ""-1874000"", ""buy_fpr_bid"": ""-1873000"", ""buy_fpr_req"": ""20"", ""buy_1th_pre_req_pre"": ""+1"", ""buy_2th_pre_bid"": ""-1872000"", ""buy_2th_pre_req"": ""98"", ""buy_2th_pre_req_pre"": ""0"", ""buy_3th_pre_bid"": ""-1871000"", ""buy_3th_pre_req"": ""154"", ""buy_3th_pre_req_pre"": ""0"", ""buy_4th_pre_bid"": ""-1870000"", ""buy_4th_pre_req"": ""798"", ""buy_4th_pre_req_pre"": ""0"", ""buy_5th_pre_bid"": ""-1869000"", ""buy_5th_pre_req"": ""423"", ""buy_5th_pre_req_pre"": ""0"", ""buy_6th_pre_bid"": ""-1868000"", ""buy_6th_pre_req"": ""422"", ""buy_6th_pre_req_pre"": ""0"", ""buy_7th_pre_bid"": ""-1867000"", ""buy_7th_pre_req"": ""582"", ""buy_7th_pre_req_pre"": ""0"", ""buy_8th_pre_bid"": ""-1866000"", ""buy_8th_pre_req"": ""245"", ""buy_8th_pre_req_pre"": ""0"", ""buy_9th_pre_bid"": ""-1865000"", ""buy_9th_pre_req"": ""576"", ""buy_9th_pre_req_pre"": ""0"", ""buy_10th_pre_bid"": ""-1864000"", ""buy_10th_pre_req"": ""188"", ""buy_10th_pre_req_pre"": ""0"", ""tot_sel_req_jub_pre"": ""0"", ""tot_sel_req"": ""474"", ""tot_buy_req"": ""3506"", ""tot_buy_req_jub_pre"": ""+1"", ""ovt_sel_req_pre"": ""0"", ""ovt_sel_req"": ""0"", ""ovt_buy_req"": ""0"", ""ovt_buy_req_pre"": ""0"", ""return_code"": 0, ""return_msg"": ""정상적으로 처리되었습니다""}"
2026-06-10,scan_candidate,032830,,0,main_scan,372500,,372500,371500,372500,371000,-0.5369127516778524,0.2684563758389262,,,,,,"{""bid_req_base_tm"": ""100811"", ""sel_10th_pre_req_pre"": ""0"", ""sel_10th_pre_req"": ""38"", ""sel_10th_pre_bid"": ""-377000"", ""sel_9th_pre_req_pre"": ""0"", ""sel_9th_pre_req"": ""138"", ""sel_9th_pre_bid"": ""-376500"", ""sel_8th_pre_req_pre"": ""0"", ""sel_8th_pre_req"": ""25"", ""sel_8th_pre_bid"": ""-376000"", ""sel_7th_pre_req_pre"": ""0"", ""sel_7th_pre_req"": ""127"", ""sel_7th_pre_bid"": ""-375500"", ""sel_6th_pre_req_pre"": ""0"", ""sel_6th_pre_req"": ""584"", ""sel_6th_pre_bid"": ""-375000"", ""sel_5th_pre_req_pre"": ""0"", ""sel_5th_pre_req"": ""27"", ""sel_5th_pre_bid"": ""-374500"", ""sel_4th_pre_req_pre"": ""0"", ""sel_4th_pre_req"": ""222"", ""sel_4th_pre_bid"": ""-374000"", ""sel_3th_pre_req_pre"": ""0"", ""sel_3th_pre_req"": ""368"", ""sel_3th_pre_bid"": ""-373500"", ""sel_2th_pre_req_pre"": ""0"", ""sel_2th_pre_req"": ""177"", ""sel_2th_pre_bid"": ""-373000"", ""sel_1th_pre_req_pre"": ""+3"", ""sel_fpr_req"": ""60"", ""sel_fpr_bid"": ""-372500"", ""buy_fpr_bid"": ""-371500"", ""buy_fpr_req"": ""32"", ""buy_1th_pre_req_pre"": ""--3"", ""buy_2th_pre_bid"": ""-371000"", ""buy_2th_pre_req"": ""88"", ""buy_2th_pre_req_pre"": ""0"", ""buy_3th_pre_bid"": ""-370500"", ""buy_3th_pre_req"": ""22"", ""buy_3th_pre_req_pre"": ""0"", ""buy_4th_pre_bid"": ""-370000"", ""buy_4th_pre_req"": ""72"", ""buy_4th_pre_req_pre"": ""0"", ""buy_5th_pre_bid"": ""-369500"", ""buy_5th_pre_req"": ""15"", ""buy_5th_pre_req_pre"": ""0"", ""buy_6th_pre_bid"": ""-369000"", ""buy_6th_pre_req"": ""31"", ""buy_6th_pre_req_pre"": ""0"", ""buy_7th_pre_bid"": ""-368500"", ""buy_7th_pre_req"": ""102"", ""buy_7th_pre_req_pre"": ""0"", ""buy_8th_pre_bid"": ""-368000"", ""buy_8th_pre_req"": ""516"", ""buy_8th_pre_req_pre"": ""0"", ""buy_9th_pre_bid"": ""-367500"", ""buy_9th_pre_req"": ""54"", ""buy_9th_pre_req_pre"": ""0"", ""buy_10th_pre_bid"": ""-367000"", ""buy_10th_pre_req"": ""409"", ""buy_10th_pre_req_pre"": ""0"", ""tot_sel_req_jub_pre"": ""+3"", ""tot_sel_req"": ""1766"", ""tot_buy_req"": ""1341"", ""tot_buy_req_jub_pre"": ""--3"", ""ovt_sel_req_pre"": ""0"", ""ovt_sel_req"": ""0"", ""ovt_buy_req"": ""0"", ""ovt_buy_req_pre"": ""0"", ""return_code"": 0, ""return_msg"": ""정상적으로 처리되었습니다""}"
2026-06-10,scan_candidate,012330,,0,main_scan,579000,,579000,578000,579000,582000,0.3454231433506045,0.17271157167530224,,,,,,"{""bid_req_base_tm"": ""100811"", ""sel_10th_pre_req_pre"": ""0"", ""sel_10th_pre_req"": ""266"", ""sel_10th_pre_bid"": ""-588000"", ""sel_9th_pre_req_pre"": ""0"", ""sel_9th_pre_req"": ""41"", ""sel_9th_pre_bid"": ""-587000"", ""sel_8th_pre_req_pre"": ""0"", ""sel_8th_pre_req"": ""221"", ""sel_8th_pre_bid"": ""-586000"", ""sel_7th_pre_req_pre"": ""0"", ""sel_7th_pre_req"": ""296"", ""sel_7th_pre_bid"": ""-585000"", ""sel_6th_pre_req_pre"": ""0"", ""sel_6th_pre_req"": ""53"", ""sel_6th_pre_bid"": ""-584000"", ""sel_5th_pre_req_pre"": ""0"", ""sel_5th_pre_req"": ""72"", ""sel_5th_pre_bid"": ""-583000"", ""sel_4th_pre_req_pre"": ""0"", ""sel_4th_pre_req"": ""214"", ""sel_4th_pre_bid"": ""-582000"", ""sel_3th_pre_req_pre"": ""0"", ""sel_3th_pre_req"": ""67"", ""sel_3th_pre_bid"": ""-581000"", ""sel_2th_pre_req_pre"": ""0"", ""sel_2th_pre_req"": ""105"", ""sel_2th_pre_bid"": ""-580000"", ""sel_1th_pre_req_pre"": ""+49"", ""sel_fpr_req"": ""186"", ""sel_fpr_bid"": ""-579000"", ""buy_fpr_bid"": ""-578000"", ""buy_fpr_req"": ""220"", ""buy_1th_pre_req_pre"": ""0"", ""buy_2th_pre_bid"": ""-577000"", ""buy_2th_pre_req"": ""608"", ""buy_2th_pre_req_pre"": ""0"", ""buy_3th_pre_bid"": ""-576000"", ""buy_3th_pre_req"": ""778"", ""buy_3th_pre_req_pre"": ""0"", ""buy_4th_pre_bid"": ""-575000"", ""buy_4th_pre_req"": ""1297"", ""buy_4th_pre_req_pre"": ""0"", ""buy_5th_pre_bid"": ""-574000"", ""buy_5th_pre_req"": ""572"", ""buy_5th_pre_req_pre"": ""0"", ""buy_6th_pre_bid"": ""-573000"", ""buy_6th_pre_req"": ""571"", ""buy_6th_pre_req_pre"": ""0"", ""buy_7th_pre_bid"": ""-572000"", ""buy_7th_pre_req"": ""1184"", ""buy_7th_pre_req_pre"": ""0"", ""buy_8th_pre_bid"": ""-571000"", ""buy_8th_pre_req"": ""1678"", ""buy_8th_pre_req_pre"": ""0"", ""buy_9th_pre_bid"": ""-570000"", ""buy_9th_pre_req"": ""3995"", ""buy_9th_pre_req_pre"": ""0"", ""buy_10th_pre_bid"": ""-569000"", ""buy_10th_pre_req"": ""2621"", ""buy_10th_pre_req_pre"": ""0"", ""tot_sel_req_jub_pre"": ""+49"", ""tot_sel_req"": ""1521"", ""tot_buy_req"": ""13524"", ""tot_buy_req_jub_pre"": ""0"", ""ovt_sel_req_pre"": ""0"", ""ovt_sel_req"": ""0"", ""ovt_buy_req"": ""0"", ""ovt_buy_req_pre"": ""0"", ""return_code"": 0, ""return_msg"": ""정상적으로 처리되었습니다""}"
2026-06-10,scan_candidate,055550,,0,main_scan,99900,,99900,99700,99900,99600,-0.40040040040040037,0.20020020020020018,,,,,,"{""bid_req_base_tm"": ""100812"", ""sel_10th_pre_req_pre"": ""0"", ""sel_10th_pre_req"": ""1031"", ""sel_10th_pre_bid"": ""-100800"", ""sel_9th_pre_req_pre"": ""0"", ""sel_9th_pre_req"": ""71"", ""sel_9th_pre_bid"": ""-100700"", ""sel_8th_pre_req_pre"": ""0"", ""sel_8th_pre_req"": ""889"", ""sel_8th_pre_bid"": ""-100600"", ""sel_7th_pre_req_pre"": ""0"", ""sel_7th_pre_req"": ""1600"", ""sel_7th_pre_bid"": ""-100500"", ""sel_6th_pre_req_pre"": ""0"", ""sel_6th_pre_req"": ""880"", ""sel_6th_pre_bid"": ""-100400"", ""sel_5th_pre_req_pre"": ""0"", ""sel_5th_pre_req"": ""205"", ""sel_5th_pre_bid"": ""-100300"", ""sel_4th_pre_req_pre"": ""0"", ""sel_4th_pre_req"": ""16"", ""sel_4th_pre_bid"": ""-100200"", ""sel_3th_pre_req_pre"": ""0"", ""sel_3th_pre_req"": ""109"", ""sel_3th_pre_bid"": ""-100100"", ""sel_2th_pre_req_pre"": ""0"", ""sel_2th_pre_req"": ""1210"", ""sel_2th_pre_bid"": ""-100000"", ""sel_1th_pre_req_pre"": ""0"", ""sel_fpr_req"": ""799"", ""sel_fpr_bid"": ""-99900"", ""buy_fpr_bid"": ""-99700"", ""buy_fpr_req"": ""1563"", ""buy_1th_pre_req_pre"": ""0"", ""buy_2th_pre_bid"": ""-99600"", ""buy_2th_pre_req"": ""397"", ""buy_2th_pre_req_pre"": ""--2"", ""buy_3th_pre_bid"": ""-99500"", ""buy_3th_pre_req"": ""883"", ""buy_3th_pre_req_pre"": ""0"", ""buy_4th_pre_bid"": ""-99400"", ""buy_4th_pre_req"": ""56"", ""buy_4th_pre_req_pre"": ""0"", ""buy_5th_pre_bid"": ""-99300"", ""buy_5th_pre_req"": ""95"", ""buy_5th_pre_req_pre"": ""0"", ""buy_6th_pre_bid"": ""-99200"", ""buy_6th_pre_req"": ""12"", ""buy_6th_pre_req_pre"": ""0"", ""buy_7th_pre_bid"": ""-99100"", ""buy_7th_pre_req"": ""83"", ""buy_7th_pre_req_pre"": ""0"", ""buy_8th_pre_bid"": ""-99000"", ""buy_8th_pre_req"": ""61"", ""buy_8th_pre_req_pre"": ""0"", ""buy_9th_pre_bid"": ""-98900"", ""buy_9th_pre_req"": ""97"", ""buy_9th_pre_req_pre"": ""0"", ""buy_10th_pre_bid"": ""-98800"", ""buy_10th_pre_req"": ""34"", ""buy_10th_pre_req_pre"": ""0"", ""tot_sel_req_jub_pre"": ""0"", ""tot_sel_req"": ""6810"", ""tot_buy_req"": ""3281"", ""tot_buy_req_jub_pre"": ""--2"", ""ovt_sel_req_pre"": ""0"", ""ovt_sel_req"": ""0"", ""ovt_buy_req"": ""0"", ""ovt_buy_req_pre"": ""0"", ""return_code"": 0, ""return_msg"": ""정상적으로 처리되었습니다""}"
2026-06-10,scan_candidate,034730,,0,main_scan,586000,,586000,585000,586000,585000,-0.3412969283276451,0.17064846416382254,,,,,,"{""bid_req_base_tm"": ""100811"", ""sel_10th_pre_req_pre"": ""0"", ""sel_10th_pre_req"": ""287"", ""sel_10th_pre_bid"": ""+595000"", ""sel_9th_pre_req_pre"": ""0"", ""sel_9th_pre_req"": ""294"", ""sel_9th_pre_bid"": ""594000"", ""sel_8th_pre_req_pre"": ""0"", ""sel_8th_pre_req"": ""182"", ""sel_8th_pre_bid"": ""-593000"", ""sel_7th_pre_req_pre"": ""0"", ""sel_7th_pre_req"": ""261"", ""sel_7th_pre_bid"": ""-592000"", ""sel_6th_pre_req_pre"": ""0"", ""sel_6th_pre_req"": ""33"", ""sel_6th_pre_bid"": ""-591000"", ""sel_5th_pre_req_pre"": ""0"", ""sel_5th_pre_req"": ""7"", ""sel_5th_pre_bid"": ""-590000"", ""sel_4th_pre_req_pre"": ""0"", ""sel_4th_pre_req"": ""41"", ""sel_4th_pre_bid"": ""-589000"", ""sel_3th_pre_req_pre"": ""0"", ""sel_3th_pre_req"": ""14"", ""sel_3th_pre_bid"": ""-588000"", ""sel_2th_pre_req_pre"": ""0"", ""sel_2th_pre_req"": ""1"", ""sel_2th_pre_bid"": ""-587000"", ""sel_1th_pre_req_pre"": ""+1"", ""sel_fpr_req"": ""173"", ""sel_fpr_bid"": ""-586000"", ""buy_fpr_bid"": ""-585000"", ""buy_fpr_req"": ""244"", ""buy_1th_pre_req_pre"": ""0"", ""buy_2th_pre_bid"": ""-584000"", ""buy_2th_pre_req"": ""100"", ""buy_2th_pre_req_pre"": ""0"", ""buy_3th_pre_bid"": ""-583000"", ""buy_3th_pre_req"": ""168"", ""buy_3th_pre_req_pre"": ""0"", ""buy_4th_pre_bid"": ""-582000"", ""buy_4th_pre_req"": ""40"", ""buy_4th_pre_req_pre"": ""0"", ""buy_5th_pre_bid"": ""-581000"", ""buy_5th_pre_req"": ""109"", ""buy_5th_pre_req_pre"": ""0"", ""buy_6th_pre_bid"": ""-580000"", ""buy_6th_pre_req"": ""10"", ""buy_6th_pre_req_pre"": ""0"", ""buy_7th_pre_bid"": ""-579000"", ""buy_7th_pre_req"": ""13"", ""buy_7th_pre_req_pre"": ""0"", ""buy_8th_pre_bid"": ""-578000"", ""buy_8th_pre_req"": ""109"", ""buy_8th_pre_req_pre"": ""0"", ""buy_9th_pre_bid"": ""-577000"", ""buy_9th_pre_req"": ""30"", ""buy_9th_pre_req_pre"": ""0"", ""buy_10th_pre_bid"": ""-576000"", ""buy_10th_pre_req"": ""28"", ""buy_10th_pre_req_pre"": ""0"", ""tot_sel_req_jub_pre"": ""+1"", ""tot_sel_req"": ""1293"", ""tot_buy_req"": ""851"", ""tot_buy_req_jub_pre"": ""0"", ""ovt_sel_req_pre"": ""0"", ""ovt_sel_req"": ""0"", ""ovt_buy_req"": ""0"", ""ovt_buy_req_pre"": ""0"", ""return_code"": 0, ""return_msg"": ""정상적으로 처리되었습니다""}"
2026-06-10,scan_candidate,066570,,0,main_scan,232000,,232000,231500,232000,233500,0.43103448275862066,0.21551724137931033,,,,,,"{""bid_req_base_tm"": ""100812"", ""sel_10th_pre_req_pre"": ""0"", ""sel_10th_pre_req"": ""1170"", ""sel_10th_pre_bid"": ""-236500"", ""sel_9th_pre_req_pre"": ""0"", ""sel_9th_pre_req"": ""2951"", ""sel_9th_pre_bid"": ""-236000"", ""sel_8th_pre_req_pre"": ""0"", ""sel_8th_pre_req"": ""2157"", ""sel_8th_pre_bid"": ""-235500"", ""sel_7th_pre_req_pre"": ""0"", ""sel_7th_pre_req"": ""2882"", ""sel_7th_pre_bid"": ""-235000"", ""sel_6th_pre_req_pre"": ""0"", ""sel_6th_pre_req"": ""952"", ""sel_6th_pre_bid"": ""-234500"", ""sel_5th_pre_req_pre"": ""0"", ""sel_5th_pre_req"": ""614"", ""sel_5th_pre_bid"": ""-234000"", ""sel_4th_pre_req_pre"": ""0"", ""sel_4th_pre_req"": ""1513"", ""sel_4th_pre_bid"": ""-233500"", ""sel_3th_pre_req_pre"": ""0"", ""sel_3th_pre_req"": ""2244"", ""sel_3th_pre_bid"": ""-233000"", ""sel_2th_pre_req_pre"": ""0"", ""sel_2th_pre_req"": ""1840"", ""sel_2th_pre_bid"": ""-232500"", ""sel_1th_pre_req_pre"": ""0"", ""sel_fpr_req"": ""2915"", ""sel_fpr_bid"": ""-232000"", ""buy_fpr_bid"": ""-231500"", ""buy_fpr_req"": ""944"", ""buy_1th_pre_req_pre"": ""0"", ""buy_2th_pre_bid"": ""-231000"", ""buy_2th_pre_req"": ""8972"", ""buy_2th_pre_req_pre"": ""0"", ""buy_3th_pre_bid"": ""-230500"", ""buy_3th_pre_req"": ""9730"", ""buy_3th_pre_req_pre"": ""--43"", ""buy_4th_pre_bid"": ""-230000"", ""buy_4th_pre_req"": ""34950"", ""buy_4th_pre_req_pre"": ""0"", ""buy_5th_pre_bid"": ""-229500"", ""buy_5th_pre_req"": ""4895"", ""buy_5th_pre_req_pre"": ""0"", ""buy_6th_pre_bid"": ""-229000"", ""buy_6th_pre_req"": ""7777"", ""buy_6th_pre_req_pre"": ""0"", ""buy_7th_pre_bid"": ""-228500"", ""buy_7th_pre_req"": ""7449"", ""buy_7th_pre_req_pre"": ""0"", ""buy_8th_pre_bid"": ""-228000"", ""buy_8th_pre_req"": ""12679"", ""buy_8th_pre_req_pre"": ""0"", ""buy_9th_pre_bid"": ""-227500"", ""buy_9th_pre_req"": ""3856"", ""buy_9th_pre_req_pre"": ""0"", ""buy_10th_pre_bid"": ""-227000"", ""buy_10th_pre_req"": ""5945"", ""buy_10th_pre_req_pre"": ""0"", ""tot_sel_req_jub_pre"": ""0"", ""tot_sel_req"": ""19238"", ""tot_buy_req"": ""97197"", ""tot_buy_req_jub_pre"": ""--43"", ""ovt_sel_req_pre"": ""0"", ""ovt_sel_req"": ""0"", ""ovt_buy_req"": ""0"", ""ovt_buy_req_pre"": ""0"", ""return_code"": 0, ""return_msg"": ""정상적으로 처리되었습니다""}"
2026-06-10,scan_candidate,035420,,0,main_scan,236500,,236500,236000,236500,238000,0.42283298097251587,0.21141649048625794,,,,,,"{""bid_req_base_tm"": ""100813"", ""sel_10th_pre_req_pre"": ""0"", ""sel_10th_pre_req"": ""2112"", ""sel_10th_pre_bid"": ""-241000"", ""sel_9th_pre_req_pre"": ""0"", ""sel_9th_pre_req"": ""2183"", ""sel_9th_pre_bid"": ""-240500"", ""sel_8th_pre_req_pre"": ""0"", ""sel_8th_pre_req"": ""3508"", ""sel_8th_pre_bid"": ""-240000"", ""sel_7th_pre_req_pre"": ""0"", ""sel_7th_pre_req"": ""2271"", ""sel_7th_pre_bid"": ""-239500"", ""sel_6th_pre_req_pre"": ""0"", ""sel_6th_pre_req"": ""2242"", ""sel_6th_pre_bid"": ""-239000"", ""sel_5th_pre_req_pre"": ""0"", ""sel_5th_pre_req"": ""3194"", ""sel_5th_pre_bid"": ""-238500"", ""sel_4th_pre_req_pre"": ""0"", ""sel_4th_pre_req"": ""2959"", ""sel_4th_pre_bid"": ""-238000"", ""sel_3th_pre_req_pre"": ""0"", ""sel_3th_pre_req"": ""2494"", ""sel_3th_pre_bid"": ""-237500"", ""sel_2th_pre_req_pre"": ""+2"", ""sel_2th_pre_req"": ""2938"", ""sel_2th_pre_bid"": ""-237000"", ""sel_1th_pre_req_pre"": ""--2"", ""sel_fpr_req"": ""2941"", ""sel_fpr_bid"": ""-236500"", ""buy_fpr_bid"": ""-236000"", ""buy_fpr_req"": ""1161"", ""buy_1th_pre_req_pre"": ""0"", ""buy_2th_pre_bid"": ""-235500"", ""buy_2th_pre_req"": ""7473"", ""buy_2th_pre_req_pre"": ""0"", ""buy_3th_pre_bid"": ""-235000"", ""buy_3th_pre_req"": ""21505"", ""buy_3th_pre_req_pre"": ""0"", ""buy_4th_pre_bid"": ""-234500"", ""buy_4th_pre_req"": ""53767"", ""buy_4th_pre_req_pre"": ""0"", ""buy_5th_pre_bid"": ""-234000"", ""buy_5th_pre_req"": ""6377"", ""buy_5th_pre_req_pre"": ""0"", ""buy_6th_pre_bid"": ""-233500"", ""buy_6th_pre_req"": ""6031"", ""buy_6th_pre_req_pre"": ""0"", ""buy_7th_pre_bid"": ""-233000"", ""buy_7th_pre_req"": ""7532"", ""buy_7th_pre_req_pre"": ""0"", ""buy_8th_pre_bid"": ""-232500"", ""buy_8th_pre_req"": ""5934"", ""buy_8th_pre_req_pre"": ""0"", ""buy_9th_pre_bid"": ""-232000"", ""buy_9th_pre_req"": ""9581"", ""buy_9th_pre_req_pre"": ""0"", ""buy_10th_pre_bid"": ""-231500"", ""buy_10th_pre_req"": ""8260"", ""buy_10th_pre_req_pre"": ""0"", ""tot_sel_req_jub_pre"": ""0"", ""tot_sel_req"": ""26842"", ""tot_buy_req"": ""127621"", ""tot_buy_req_jub_pre"": ""0"", ""ovt_sel_req_pre"": ""0"", ""ovt_sel_req"": ""0"", ""ovt_buy_req"": ""0"", ""ovt_buy_req_pre"": ""0"", ""return_code"": 0, ""return_msg"": ""정상적으로 처리되었습니다""}"
2026-06-10,scan_candidate,267260,,0,main_scan,1006000,,1006000,1005000,1006000,1005000,-0.19880715705765406,0.09940357852882703,,,,,,"{""bid_req_base_tm"": ""100813"", ""sel_10th_pre_req_pre"": ""0"", ""sel_10th_pre_req"": ""91"", ""sel_10th_pre_bid"": ""+1015000"", ""sel_9th_pre_req_pre"": ""0"", ""sel_9th_pre_req"": ""89"", ""sel_9th_pre_bid"": ""+1014000"", ""sel_8th_pre_req_pre"": ""0"", ""sel_8th_pre_req"": ""206"", ""sel_8th_pre_bid"": ""+1013000"", ""sel_7th_pre_req_pre"": ""0"", ""sel_7th_pre_req"": ""39"", ""sel_7th_pre_bid"": ""+1012000"", ""sel_6th_pre_req_pre"": ""0"", ""sel_6th_pre_req"": ""42"", ""sel_6th_pre_bid"": ""+1011000"", ""sel_5th_pre_req_pre"": ""0"", ""sel_5th_pre_req"": ""155"", ""sel_5th_pre_bid"": ""+1010000"", ""sel_4th_pre_req_pre"": ""0"", ""sel_4th_pre_req"": ""28"", ""sel_4th_pre_bid"": ""+1009000"", ""sel_3th_pre_req_pre"": ""0"", ""sel_3th_pre_req"": ""14"", ""sel_3th_pre_bid"": ""+1008000"", ""sel_2th_pre_req_pre"": ""0"", ""sel_2th_pre_req"": ""290"", ""sel_2th_pre_bid"": ""+1007000"", ""sel_1th_pre_req_pre"": ""0"", ""sel_fpr_req"": ""67"", ""sel_fpr_bid"": ""+1006000"", ""buy_fpr_bid"": ""+1005000"", ""buy_fpr_req"": ""46"", ""buy_1th_pre_req_pre"": ""--1"", ""buy_2th_pre_bid"": ""+1004000"", ""buy_2th_pre_req"": ""44"", ""buy_2th_pre_req_pre"": ""0"", ""buy_3th_pre_bid"": ""+1003000"", ""buy_3th_pre_req"": ""90"", ""buy_3th_pre_req_pre"": ""0"", ""buy_4th_pre_bid"": ""+1002000"", ""buy_4th_pre_req"": ""196"", ""buy_4th_pre_req_pre"": ""0"", ""buy_5th_pre_bid"": ""+1001000"", ""buy_5th_pre_req"": ""6"", ""buy_5th_pre_req_pre"": ""0"", ""buy_6th_pre_bid"": ""+1000000"", ""buy_6th_pre_req"": ""89"", ""buy_6th_pre_req_pre"": ""0"", ""buy_7th_pre_bid"": ""+999000"", ""buy_7th_pre_req"": ""508"", ""buy_7th_pre_req_pre"": ""0"", ""buy_8th_pre_bid"": ""+998000"", ""buy_8th_pre_req"": ""10"", ""buy_8th_pre_req_pre"": ""0"", ""buy_9th_pre_bid"": ""+997000"", ""buy_9th_pre_req"": ""6"", ""buy_9th_pre_req_pre"": ""0"", ""buy_10th_pre_bid"": ""+996000"", ""buy_10th_pre_req"": ""16"", ""buy_10th_pre_req_pre"": ""0"", ""tot_sel_req_jub_pre"": ""0"", ""tot_sel_req"": ""1021"", ""tot_buy_req"": ""1011"", ""tot_buy_req_jub_pre"": ""--1"", ""ovt_sel_req_pre"": ""0"", ""ovt_sel_req"": ""0"", ""ovt_buy_req"": ""0"", ""ovt_buy_req_pre"": ""0"", ""return_code"": 0, ""return_msg"": ""정상적으로 처리되었습니다""}"
2026-06-10,scan_candidate,086790,,0,main_scan,119700,,119700,119600,119700,119500,-0.5847953216374269,0.0835421888053467,,,,,,"{""bid_req_base_tm"": ""100813"", ""sel_10th_pre_req_pre"": ""0"", ""sel_10th_pre_req"": ""8"", ""sel_10th_pre_bid"": ""+120700"", ""sel_9th_pre_req_pre"": ""0"", ""sel_9th_pre_req"": ""1507"", ""sel_9th_pre_bid"": ""+120600"", ""sel_8th_pre_req_pre"": ""0"", ""sel_8th_pre_req"": ""725"", ""sel_8th_pre_bid"": ""+120500"", ""sel_7th_pre_req_pre"": ""0"", ""sel_7th_pre_req"": ""1150"", ""sel_7th_pre_bid"": ""+120400"", ""sel_6th_pre_req_pre"": ""0"", ""sel_6th_pre_req"": ""193"", ""sel_6th_pre_bid"": ""+120300"", ""sel_5th_pre_req_pre"": ""0"", ""sel_5th_pre_req"": ""201"", ""sel_5th_pre_bid"": ""+120200"", ""sel_4th_pre_req_pre"": ""0"", ""sel_4th_pre_req"": ""105"", ""sel_4th_pre_bid"": ""+120100"", ""sel_3th_pre_req_pre"": ""0"", ""sel_3th_pre_req"": ""42"", ""sel_3th_pre_bid"": ""+120000"", ""sel_2th_pre_req_pre"": ""0"", ""sel_2th_pre_req"": ""209"", ""sel_2th_pre_bid"": ""+119800"", ""sel_1th_pre_req_pre"": ""--10"", ""sel_fpr_req"": ""434"", ""sel_fpr_bid"": ""+119700"", ""buy_fpr_bid"": ""+119600"", ""buy_fpr_req"": ""706"", ""buy_1th_pre_req_pre"": ""0"", ""buy_2th_pre_bid"": ""+119500"", ""buy_2th_pre_req"": ""1094"", ""buy_2th_pre_req_pre"": ""0"", ""buy_3th_pre_bid"": ""+119400"", ""buy_3th_pre_req"": ""697"", ""buy_3th_pre_req_pre"": ""0"", ""buy_4th_pre_bid"": ""+119300"", ""buy_4th_pre_req"": ""8"", ""buy_4th_pre_req_pre"": ""0"", ""buy_5th_pre_bid"": ""+119200"", ""buy_5th_pre_req"": ""53"", ""buy_5th_pre_req_pre"": ""0"", ""buy_6th_pre_bid"": ""+119100"", ""buy_6th_pre_req"": ""21"", ""buy_6th_pre_req_pre"": ""0"", ""buy_7th_pre_bid"": ""119000"", ""buy_7th_pre_req"": ""533"", ""buy_7th_pre_req_pre"": ""0"", ""buy_8th_pre_bid"": ""-118900"", ""buy_8th_pre_req"": ""10"", ""buy_8th_pre_req_pre"": ""0"", ""buy_9th_pre_bid"": ""-118800"", ""buy_9th_pre_req"": ""53"", ""buy_9th_pre_req_pre"": ""0"", ""buy_10th_pre_bid"": ""-118700"", ""buy_10th_pre_req"": ""35"", ""buy_10th_pre_req_pre"": ""0"", ""tot_sel_req_jub_pre"": ""--10"", ""tot_sel_req"": ""4574"", ""tot_buy_req"": ""3210"", ""tot_buy_req_jub_pre"": ""0"", ""ovt_sel_req_pre"": ""0"", ""ovt_sel_req"": ""0"", ""ovt_buy_req"": ""0"", ""ovt_buy_req_pre"": ""0"", ""return_code"": 0, ""return_msg"": ""정상적으로 처리되었습니다""}"
2026-06-10,scan_candidate,000810,,0,main_scan,620000,,620000,619000,620000,619000,-0.3225806451612903,0.16129032258064516,,,,,,"{""bid_req_base_tm"": ""100813"", ""sel_10th_pre_req_pre"": ""0"", ""sel_10th_pre_req"": ""35"", ""sel_10th_pre_bid"": ""-629000"", ""sel_9th_pre_req_pre"": ""0"", ""sel_9th_pre_req"": ""23"", ""sel_9th_pre_bid"": ""-628000"", ""sel_8th_pre_req_pre"": ""0"", ""sel_8th_pre_req"": ""6"", ""sel_8th_pre_bid"": ""-627000"", ""sel_7th_pre_req_pre"": ""0"", ""sel_7th_pre_req"": ""18"", ""sel_7th_pre_bid"": ""-626000"", ""sel_6th_pre_req_pre"": ""0"", ""sel_6th_pre_req"": ""6"", ""sel_6th_pre_bid"": ""-625000"", ""sel_5th_pre_req_pre"": ""0"", ""sel_5th_pre_req"": ""11"", ""sel_5th_pre_bid"": ""-624000"", ""sel_4th_pre_req_pre"": ""0"", ""sel_4th_pre_req"": ""220"", ""sel_4th_pre_bid"": ""-623000"", ""sel_3th_pre_req_pre"": ""0"", ""sel_3th_pre_req"": ""16"", ""sel_3th_pre_bid"": ""-622000"", ""sel_2th_pre_req_pre"": ""--2"", ""sel_2th_pre_req"": ""12"", ""sel_2th_pre_bid"": ""-621000"", ""sel_1th_pre_req_pre"": ""+2"", ""sel_fpr_req"": ""248"", ""sel_fpr_bid"": ""-620000"", ""buy_fpr_bid"": ""-619000"", ""buy_fpr_req"": ""303"", ""buy_1th_pre_req_pre"": ""0"", ""buy_2th_pre_bid"": ""-618000"", ""buy_2th_pre_req"": ""39"", ""buy_2th_pre_req_pre"": ""0"", ""buy_3th_pre_bid"": ""-617000"", ""buy_3th_pre_req"": ""14"", ""buy_3th_pre_req_pre"": ""0"", ""buy_4th_pre_bid"": ""-616000"", ""buy_4th_pre_req"": ""10"", ""buy_4th_pre_req_pre"": ""0"", ""buy_5th_pre_bid"": ""-615000"", ""buy_5th_pre_req"": ""87"", ""buy_5th_pre_req_pre"": ""0"", ""buy_6th_pre_bid"": ""-614000"", ""buy_6th_pre_req"": ""18"", ""buy_6th_pre_req_pre"": ""0"", ""buy_7th_pre_bid"": ""-613000"", ""buy_7th_pre_req"": ""19"", ""buy_7th_pre_req_pre"": ""0"", ""buy_8th_pre_bid"": ""-612000"", ""buy_8th_pre_req"": ""9"", ""buy_8th_pre_req_pre"": ""0"", ""buy_9th_pre_bid"": ""-611000"", ""buy_9th_pre_req"": ""6"", ""buy_9th_pre_req_pre"": ""0"", ""buy_10th_pre_bid"": ""-610000"", ""buy_10th_pre_req"": ""63"", ""buy_10th_pre_req_pre"": ""0"", ""tot_sel_req_jub_pre"": ""0"", ""tot_sel_req"": ""595"", ""tot_buy_req"": ""568"", ""tot_buy_req_jub_pre"": ""0"", ""ovt_sel_req_pre"": ""0"", ""ovt_sel_req"": ""0"", ""ovt_buy_req"": ""0"", ""ovt_buy_req_pre"": ""0"", ""return_code"": 0, ""return_msg"": ""정상적으로 처리되었습니다""}"
2026-06-10,scan_candidate,011070,,0,main_scan,1068000,,1068000,1067000,1068000,1071000,0.18726591760299627,0.09363295880149813,,,,,,"{""bid_req_base_tm"": ""100813"", ""sel_10th_pre_req_pre"": ""0"", ""sel_10th_pre_req"": ""3"", ""sel_10th_pre_bid"": ""-1077000"", ""sel_9th_pre_req_pre"": ""0"", ""sel_9th_pre_req"": ""29"", ""sel_9th_pre_bid"": ""-1076000"", ""sel_8th_pre_req_pre"": ""0"", ""sel_8th_pre_req"": ""102"", ""sel_8th_pre_bid"": ""-1075000"", ""sel_7th_pre_req_pre"": ""0"", ""sel_7th_pre_req"": ""20"", ""sel_7th_pre_bid"": ""-1074000"", ""sel_6th_pre_req_pre"": ""0"", ""sel_6th_pre_req"": ""13"", ""sel_6th_pre_bid"": ""-1073000"", ""sel_5th_pre_req_pre"": ""0"", ""sel_5th_pre_req"": ""13"", ""sel_5th_pre_bid"": ""-1072000"", ""sel_4th_pre_req_pre"": ""0"", ""sel_4th_pre_req"": ""4"", ""sel_4th_pre_bid"": ""-1071000"", ""sel_3th_pre_req_pre"": ""0"", ""sel_3th_pre_req"": ""32"", ""sel_3th_pre_bid"": ""-1070000"", ""sel_2th_pre_req_pre"": ""0"", ""sel_2th_pre_req"": ""23"", ""sel_2th_pre_bid"": ""-1069000"", ""sel_1th_pre_req_pre"": ""+3"", ""sel_fpr_req"": ""28"", ""sel_fpr_bid"": ""-1068000"", ""buy_fpr_bid"": ""-1067000"", ""buy_fpr_req"": ""33"", ""buy_1th_pre_req_pre"": ""0"", ""buy_2th_pre_bid"": ""-1066000"", ""buy_2th_pre_req"": ""9"", ""buy_2th_pre_req_pre"": ""0"", ""buy_3th_pre_bid"": ""-1065000"", ""buy_3th_pre_req"": ""236"", ""buy_3th_pre_req_pre"": ""0"", ""buy_4th_pre_bid"": ""-1064000"", ""buy_4th_pre_req"": ""211"", ""buy_4th_pre_req_pre"": ""0"", ""buy_5th_pre_bid"": ""-1063000"", ""buy_5th_pre_req"": ""25"", ""buy_5th_pre_req_pre"": ""0"", ""buy_6th_pre_bid"": ""-1062000"", ""buy_6th_pre_req"": ""14"", ""buy_6th_pre_req_pre"": ""0"", ""buy_7th_pre_bid"": ""-1061000"", ""buy_7th_pre_req"": ""29"", ""buy_7th_pre_req_pre"": ""0"", ""buy_8th_pre_bid"": ""-1060000"", ""buy_8th_pre_req"": ""44"", ""buy_8th_pre_req_pre"": ""0"", ""buy_9th_pre_bid"": ""-1059000"", ""buy_9th_pre_req"": ""61"", ""buy_9th_pre_req_pre"": ""0"", ""buy_10th_pre_bid"": ""-1058000"", ""buy_10th_pre_req"": ""117"", ""buy_10th_pre_req_pre"": ""0"", ""tot_sel_req_jub_pre"": ""+3"", ""tot_sel_req"": ""267"", ""tot_buy_req"": ""779"", ""tot_buy_req_jub_pre"": ""0"", ""ovt_sel_req_pre"": ""0"", ""ovt_sel_req"": ""0"", ""ovt_buy_req"": ""0"", ""ovt_buy_req_pre"": ""0"", ""return_code"": 0, ""return_msg"": ""정상적으로 처리되었습니다""}"
2026-06-10,scan_candidate,042700,,0,main_scan,284500,,284500,284000,284500,285000,0.0,0.17574692442882248,,,,,,"{""bid_req_base_tm"": ""100813"", ""sel_10th_pre_req_pre"": ""0"", ""sel_10th_pre_req"": ""274"", ""sel_10th_pre_bid"": ""+289000"", ""sel_9th_pre_req_pre"": ""0"", ""sel_9th_pre_req"": ""72"", ""sel_9th_pre_bid"": ""+288500"", ""sel_8th_pre_req_pre"": ""0"", ""sel_8th_pre_req"": ""274"", ""sel_8th_pre_bid"": ""+288000"", ""sel_7th_pre_req_pre"": ""0"", ""sel_7th_pre_req"": ""205"", ""sel_7th_pre_bid"": ""+287500"", ""sel_6th_pre_req_pre"": ""0"", ""sel_6th_pre_req"": ""402"", ""sel_6th_pre_bid"": ""+287000"", ""sel_5th_pre_req_pre"": ""0"", ""sel_5th_pre_req"": ""350"", ""sel_5th_pre_bid"": ""+286500"", ""sel_4th_pre_req_pre"": ""0"", ""sel_4th_pre_req"": ""383"", ""sel_4th_pre_bid"": ""+286000"", ""sel_3th_pre_req_pre"": ""0"", ""sel_3th_pre_req"": ""314"", ""sel_3th_pre_bid"": ""+285500"", ""sel_2th_pre_req_pre"": ""0"", ""sel_2th_pre_req"": ""689"", ""sel_2th_pre_bid"": ""+285000"", ""sel_1th_pre_req_pre"": ""--10"", ""sel_fpr_req"": ""365"", ""sel_fpr_bid"": ""+284500"", ""buy_fpr_bid"": ""+284000"", ""buy_fpr_req"": ""101"", ""buy_1th_pre_req_pre"": ""0"", ""buy_2th_pre_bid"": ""+283500"", ""buy_2th_pre_req"": ""758"", ""buy_2th_pre_req_pre"": ""0"", ""buy_3th_pre_bid"": ""+283000"", ""buy_3th_pre_req"": ""543"", ""buy_3th_pre_req_pre"": ""0"", ""buy_4th_pre_bid"": ""+282500"", ""buy_4th_pre_req"": ""706"", ""buy_4th_pre_req_pre"": ""0"", ""buy_5th_pre_bid"": ""+282000"", ""buy_5th_pre_req"": ""535"", ""buy_5th_pre_req_pre"": ""0"", ""buy_6th_pre_bid"": ""+281500"", ""buy_6th_pre_req"": ""437"", ""buy_6th_pre_req_pre"": ""0"", ""buy_7th_pre_bid"": ""+281000"", ""buy_7th_pre_req"": ""364"", ""buy_7th_pre_req_pre"": ""0"", ""buy_8th_pre_bid"": ""+280500"", ""buy_8th_pre_req"": ""943"", ""buy_8th_pre_req_pre"": ""0"", ""buy_9th_pre_bid"": ""+280000"", ""buy_9th_pre_req"": ""2241"", ""buy_9th_pre_req_pre"": ""0"", ""buy_10th_pre_bid"": ""+279500"", ""buy_10th_pre_req"": ""177"", ""buy_10th_pre_req_pre"": ""0"", ""tot_sel_req_jub_pre"": ""--10"", ""tot_sel_req"": ""3328"", ""tot_buy_req"": ""6805"", ""tot_buy_req_jub_pre"": ""0"", ""ovt_sel_req_pre"": ""0"", ""ovt_sel_req"": ""0"", ""ovt_buy_req"": ""0"", ""ovt_buy_req_pre"": ""0"", ""return_code"": 0, ""return_msg"": ""정상적으로 처리되었습니다""}"
2026-06-10,scan_candidate,017670,,0,main_scan,107100,,107100,107000,107100,107000,-0.5602240896358543,0.09337068160597572,,,,,,"{""bid_req_base_tm"": ""100813"", ""sel_10th_pre_req_pre"": ""0"", ""sel_10th_pre_req"": ""561"", ""sel_10th_pre_bid"": ""-108000"", ""sel_9th_pre_req_pre"": ""0"", ""sel_9th_pre_req"": ""243"", ""sel_9th_pre_bid"": ""-107900"", ""sel_8th_pre_req_pre"": ""0"", ""sel_8th_pre_req"": ""77"", ""sel_8th_pre_bid"": ""-107800"", ""sel_7th_pre_req_pre"": ""0"", ""sel_7th_pre_req"": ""408"", ""sel_7th_pre_bid"": ""-107700"", ""sel_6th_pre_req_pre"": ""0"", ""sel_6th_pre_req"": ""340"", ""sel_6th_pre_bid"": ""-107600"", ""sel_5th_pre_req_pre"": ""0"", ""sel_5th_pre_req"": ""514"", ""sel_5th_pre_bid"": ""-107500"", ""sel_4th_pre_req_pre"": ""0"", ""sel_4th_pre_req"": ""522"", ""sel_4th_pre_bid"": ""-107400"", ""sel_3th_pre_req_pre"": ""0"", ""sel_3th_pre_req"": ""977"", ""sel_3th_pre_bid"": ""-107300"", ""sel_2th_pre_req_pre"": ""0"", ""sel_2th_pre_req"": ""359"", ""sel_2th_pre_bid"": ""-107200"", ""sel_1th_pre_req_pre"": ""+6"", ""sel_fpr_req"": ""102"", ""sel_fpr_bid"": ""-107100"", ""buy_fpr_bid"": ""-107000"", ""buy_fpr_req"": ""115"", ""buy_1th_pre_req_pre"": ""+100"", ""buy_2th_pre_bid"": ""-106900"", ""buy_2th_pre_req"": ""54"", ""buy_2th_pre_req_pre"": ""0"", ""buy_3th_pre_bid"": ""-106800"", ""buy_3th_pre_req"": ""75"", ""buy_3th_pre_req_pre"": ""0"", ""buy_4th_pre_bid"": ""-106700"", ""buy_4th_pre_req"": ""69"", ""buy_4th_pre_req_pre"": ""0"", ""buy_5th_pre_bid"": ""-106600"", ""buy_5th_pre_req"": ""111"", ""buy_5th_pre_req_pre"": ""0"", ""buy_6th_pre_bid"": ""-106500"", ""buy_6th_pre_req"": ""139"", ""buy_6th_pre_req_pre"": ""0"", ""buy_7th_pre_bid"": ""-106400"", ""buy_7th_pre_req"": ""300"", ""buy_7th_pre_req_pre"": ""0"", ""buy_8th_pre_bid"": ""-106300"", ""buy_8th_pre_req"": ""518"", ""buy_8th_pre_req_pre"": ""0"", ""buy_9th_pre_bid"": ""-106200"", ""buy_9th_pre_req"": ""1019"", ""buy_9th_pre_req_pre"": ""--1"", ""buy_10th_pre_bid"": ""-106100"", ""buy_10th_pre_req"": ""1382"", ""buy_10th_pre_req_pre"": ""0"", ""tot_sel_req_jub_pre"": ""+6"", ""tot_sel_req"": ""4103"", ""tot_buy_req"": ""3782"", ""tot_buy_req_jub_pre"": ""+99"", ""ovt_sel_req_pre"": ""0"", ""ovt_sel_req"": ""0"", ""ovt_buy_req"": ""0"", ""ovt_buy_req_pre"": ""0"", ""return_code"": 0, ""return_msg"": ""정상적으로 처리되었습니다""}"
2026-06-10,scan_candidate,316140,,0,main_scan,30150,,30150,30100,30150,30050,-0.4975124378109453,0.16583747927031509,,,,,,"{""bid_req_base_tm"": ""100814"", ""sel_10th_pre_req_pre"": ""0"", ""sel_10th_pre_req"": ""895"", ""sel_10th_pre_bid"": ""+30600"", ""sel_9th_pre_req_pre"": ""0"", ""sel_9th_pre_req"": ""532"", ""sel_9th_pre_bid"": ""+30550"", ""sel_8th_pre_req_pre"": ""0"", ""sel_8th_pre_req"": ""5110"", ""sel_8th_pre_bid"": ""+30500"", ""sel_7th_pre_req_pre"": ""0"", ""sel_7th_pre_req"": ""2155"", ""sel_7th_pre_bid"": ""+30450"", ""sel_6th_pre_req_pre"": ""0"", ""sel_6th_pre_req"": ""2736"", ""sel_6th_pre_bid"": ""+30400"", ""sel_5th_pre_req_pre"": ""0"", ""sel_5th_pre_req"": ""2377"", ""sel_5th_pre_bid"": ""+30350"", ""sel_4th_pre_req_pre"": ""0"", ""sel_4th_pre_req"": ""1449"", ""sel_4th_pre_bid"": ""+30300"", ""sel_3th_pre_req_pre"": ""0"", ""sel_3th_pre_req"": ""182"", ""sel_3th_pre_bid"": ""+30250"", ""sel_2th_pre_req_pre"": ""0"", ""sel_2th_pre_req"": ""308"", ""sel_2th_pre_bid"": ""+30200"", ""sel_1th_pre_req_pre"": ""0"", ""sel_fpr_req"": ""3050"", ""sel_fpr_bid"": ""+30150"", ""buy_fpr_bid"": ""+30100"", ""buy_fpr_req"": ""3157"", ""buy_1th_pre_req_pre"": ""0"", ""buy_2th_pre_bid"": ""+30050"", ""buy_2th_pre_req"": ""1809"", ""buy_2th_pre_req_pre"": ""0"", ""buy_3th_pre_bid"": ""30000"", ""buy_3th_pre_req"": ""3019"", ""buy_3th_pre_req_pre"": ""0"", ""buy_4th_pre_bid"": ""-29950"", ""buy_4th_pre_req"": ""552"", ""buy_4th_pre_req_pre"": ""0"", ""buy_5th_pre_bid"": ""-29900"", ""buy_5th_pre_req"": ""1191"", ""buy_5th_pre_req_pre"": ""0"", ""buy_6th_pre_bid"": ""-29850"", ""buy_6th_pre_req"": ""621"", ""buy_6th_pre_req_pre"": ""0"", ""buy_7th_pre_bid"": ""-29800"", ""buy_7th_pre_req"": ""563"", ""buy_7th_pre_req_pre"": ""0"", ""buy_8th_pre_bid"": ""-29750"", ""buy_8th_pre_req"": ""1018"", ""buy_8th_pre_req_pre"": ""0"", ""buy_9th_pre_bid"": ""-29700"", ""buy_9th_pre_req"": ""2346"", ""buy_9th_pre_req_pre"": ""0"", ""buy_10th_pre_bid"": ""-29650"", ""buy_10th_pre_req"": ""391"", ""buy_10th_pre_req_pre"": ""0"", ""tot_sel_req_jub_pre"": ""0"", ""tot_sel_req"": ""18794"", ""tot_buy_req"": ""14667"", ""tot_buy_req_jub_pre"": ""0"", ""ovt_sel_req_pre"": ""0"", ""ovt_sel_req"": ""0"", ""ovt_buy_req"": ""0"", ""ovt_buy_req_pre"": ""0"", ""return_code"": 0, ""return_msg"": ""정상적으로 처리되었습니다""}"
2026-06-10,scan_candidate,018260,,0,main_scan,234000,,234000,233500,234000,235500,0.4273504273504274,0.2136752136752137,,,,,,"{""bid_req_base_tm"": ""100813"", ""sel_10th_pre_req_pre"": ""0"", ""sel_10th_pre_req"": ""59"", ""sel_10th_pre_bid"": ""-238500"", ""sel_9th_pre_req_pre"": ""0"", ""sel_9th_pre_req"": ""190"", ""sel_9th_pre_bid"": ""-238000"", ""sel_8th_pre_req_pre"": ""0"", ""sel_8th_pre_req"": ""83"", ""sel_8th_pre_bid"": ""-237500"", ""sel_7th_pre_req_pre"": ""0"", ""sel_7th_pre_req"": ""47"", ""sel_7th_pre_bid"": ""-237000"", ""sel_6th_pre_req_pre"": ""0"", ""sel_6th_pre_req"": ""207"", ""sel_6th_pre_bid"": ""-236500"", ""sel_5th_pre_req_pre"": ""0"", ""sel_5th_pre_req"": ""217"", ""sel_5th_pre_bid"": ""-236000"", ""sel_4th_pre_req_pre"": ""0"", ""sel_4th_pre_req"": ""33"", ""sel_4th_pre_bid"": ""-235500"", ""sel_3th_pre_req_pre"": ""0"", ""sel_3th_pre_req"": ""263"", ""sel_3th_pre_bid"": ""-235000"", ""sel_2th_pre_req_pre"": ""0"", ""sel_2th_pre_req"": ""99"", ""sel_2th_pre_bid"": ""-234500"", ""sel_1th_pre_req_pre"": ""0"", ""sel_fpr_req"": ""344"", ""sel_fpr_bid"": ""-234000"", ""buy_fpr_bid"": ""-233500"", ""buy_fpr_req"": ""611"", ""buy_1th_pre_req_pre"": ""0"", ""buy_2th_pre_bid"": ""-233000"", ""buy_2th_pre_req"": ""778"", ""buy_2th_pre_req_pre"": ""--1"", ""buy_3th_pre_bid"": ""-232500"", ""buy_3th_pre_req"": ""1146"", ""buy_3th_pre_req_pre"": ""0"", ""buy_4th_pre_bid"": ""-232000"", ""buy_4th_pre_req"": ""760"", ""buy_4th_pre_req_pre"": ""0"", ""buy_5th_pre_bid"": ""-231500"", ""buy_5th_pre_req"": ""1094"", ""buy_5th_pre_req_pre"": ""0"", ""buy_6th_pre_bid"": ""-231000"", ""buy_6th_pre_req"": ""2214"", ""buy_6th_pre_req_pre"": ""0"", ""buy_7th_pre_bid"": ""-230500"", ""buy_7th_pre_req"": ""1731"", ""buy_7th_pre_req_pre"": ""0"", ""buy_8th_pre_bid"": ""-230000"", ""buy_8th_pre_req"": ""3394"", ""buy_8th_pre_req_pre"": ""0"", ""buy_9th_pre_bid"": ""-229500"", ""buy_9th_pre_req"": ""550"", ""buy_9th_pre_req_pre"": ""0"", ""buy_10th_pre_bid"": ""-229000"", ""buy_10th_pre_req"": ""1631"", ""buy_10th_pre_req_pre"": ""0"", ""tot_sel_req_jub_pre"": ""0"", ""tot_sel_req"": ""1542"", ""tot_buy_req"": ""13909"", ""tot_buy_req_jub_pre"": ""--1"", ""ovt_sel_req_pre"": ""0"", ""ovt_sel_req"": ""0"", ""ovt_buy_req"": ""0"", ""ovt_buy_req_pre"": ""0"", ""return_code"": 0, ""return_msg"": ""정상적으로 처리되었습니다""}"
2026-06-10,scan_candidate,033780,,0,main_scan,185100,,185100,185000,185100,185000,-0.3241491085899514,0.05402485143165856,,,,,,"{""bid_req_base_tm"": ""100814"", ""sel_10th_pre_req_pre"": ""0"", ""sel_10th_pre_req"": ""825"", ""sel_10th_pre_bid"": ""+186000"", ""sel_9th_pre_req_pre"": ""0"", ""sel_9th_pre_req"": ""176"", ""sel_9th_pre_bid"": ""+185900"", ""sel_8th_pre_req_pre"": ""0"", ""sel_8th_pre_req"": ""187"", ""sel_8th_pre_bid"": ""+185800"", ""sel_7th_pre_req_pre"": ""0"", ""sel_7th_pre_req"": ""170"", ""sel_7th_pre_bid"": ""+185700"", ""sel_6th_pre_req_pre"": ""0"", ""sel_6th_pre_req"": ""135"", ""sel_6th_pre_bid"": ""+185600"", ""sel_5th_pre_req_pre"": ""--1"", ""sel_5th_pre_req"": ""458"", ""sel_5th_pre_bid"": ""+185500"", ""sel_4th_pre_req_pre"": ""0"", ""sel_4th_pre_req"": ""12"", ""sel_4th_pre_bid"": ""+185400"", ""sel_3th_pre_req_pre"": ""0"", ""sel_3th_pre_req"": ""67"", ""sel_3th_pre_bid"": ""+185300"", ""sel_2th_pre_req_pre"": ""0"", ""sel_2th_pre_req"": ""2"", ""sel_2th_pre_bid"": ""+185200"", ""sel_1th_pre_req_pre"": ""+1"", ""sel_fpr_req"": ""195"", ""sel_fpr_bid"": ""+185100"", ""buy_fpr_bid"": ""+185000"", ""buy_fpr_req"": ""478"", ""buy_1th_pre_req_pre"": ""--1"", ""buy_2th_pre_bid"": ""+184900"", ""buy_2th_pre_req"": ""556"", ""buy_2th_pre_req_pre"": ""0"", ""buy_3th_pre_bid"": ""+184800"", ""buy_3th_pre_req"": ""68"", ""buy_3th_pre_req_pre"": ""0"", ""buy_4th_pre_bid"": ""+184700"", ""buy_4th_pre_req"": ""80"", ""buy_4th_pre_req_pre"": ""0"", ""buy_5th_pre_bid"": ""+184600"", ""buy_5th_pre_req"": ""20"", ""buy_5th_pre_req_pre"": ""0"", ""buy_6th_pre_bid"": ""+184400"", ""buy_6th_pre_req"": ""78"", ""buy_6th_pre_req_pre"": ""0"", ""buy_7th_pre_bid"": ""184300"", ""buy_7th_pre_req"": ""554"", ""buy_7th_pre_req_pre"": ""0"", ""buy_8th_pre_bid"": ""-184200"", ""buy_8th_pre_req"": ""200"", ""buy_8th_pre_req_pre"": ""0"", ""buy_9th_pre_bid"": ""-184100"", ""buy_9th_pre_req"": ""209"", ""buy_9th_pre_req_pre"": ""0"", ""buy_10th_pre_bid"": ""-184000"", ""buy_10th_pre_req"": ""25"", ""buy_10th_pre_req_pre"": ""0"", ""tot_sel_req_jub_pre"": ""0"", ""tot_sel_req"": ""2227"", ""tot_buy_req"": ""2268"", ""tot_buy_req_jub_pre"": ""--1"", ""ovt_sel_req_pre"": ""0"", ""ovt_sel_req"": ""0"", ""ovt_buy_req"": ""0"", ""ovt_buy_req_pre"": ""0"", ""return_code"": 0, ""return_msg"": ""정상적으로 처리되었습니다""}"
2026-06-10,scan_candidate,307950,,0,main_scan,709000,,709000,708000,709000,709000,-0.14104372355430184,0.14104372355430184,,,,,,"{""bid_req_base_tm"": ""100814"", ""sel_10th_pre_req_pre"": ""0"", ""sel_10th_pre_req"": ""72"", ""sel_10th_pre_bid"": ""+718000"", ""sel_9th_pre_req_pre"": ""0"", ""sel_9th_pre_req"": ""50"", ""sel_9th_pre_bid"": ""+717000"", ""sel_8th_pre_req_pre"": ""0"", ""sel_8th_pre_req"": ""14"", ""sel_8th_pre_bid"": ""+716000"", ""sel_7th_pre_req_pre"": ""0"", ""sel_7th_pre_req"": ""108"", ""sel_7th_pre_bid"": ""+715000"", ""sel_6th_pre_req_pre"": ""0"", ""sel_6th_pre_req"": ""45"", ""sel_6th_pre_bid"": ""+714000"", ""sel_5th_pre_req_pre"": ""0"", ""sel_5th_pre_req"": ""96"", ""sel_5th_pre_bid"": ""+713000"", ""sel_4th_pre_req_pre"": ""0"", ""sel_4th_pre_req"": ""103"", ""sel_4th_pre_bid"": ""+712000"", ""sel_3th_pre_req_pre"": ""0"", ""sel_3th_pre_req"": ""101"", ""sel_3th_pre_bid"": ""+711000"", ""sel_2th_pre_req_pre"": ""0"", ""sel_2th_pre_req"": ""65"", ""sel_2th_pre_bid"": ""+710000"", ""sel_1th_pre_req_pre"": ""--22"", ""sel_fpr_req"": ""2"", ""sel_fpr_bid"": ""+709000"", ""buy_fpr_bid"": ""+708000"", ""buy_fpr_req"": ""10"", ""buy_1th_pre_req_pre"": ""0"", ""buy_2th_pre_bid"": ""+707000"", ""buy_2th_pre_req"": ""39"", ""buy_2th_pre_req_pre"": ""0"", ""buy_3th_pre_bid"": ""+706000"", ""buy_3th_pre_req"": ""39"", ""buy_3th_pre_req_pre"": ""0"", ""buy_4th_pre_bid"": ""+705000"", ""buy_4th_pre_req"": ""70"", ""buy_4th_pre_req_pre"": ""0"", ""buy_5th_pre_bid"": ""+704000"", ""buy_5th_pre_req"": ""80"", ""buy_5th_pre_req_pre"": ""0"", ""buy_6th_pre_bid"": ""+703000"", ""buy_6th_pre_req"": ""60"", ""buy_6th_pre_req_pre"": ""0"", ""buy_7th_pre_bid"": ""+702000"", ""buy_7th_pre_req"": ""113"", ""buy_7th_pre_req_pre"": ""0"", ""buy_8th_pre_bid"": ""+701000"", ""buy_8th_pre_req"": ""229"", ""buy_8th_pre_req_pre"": ""0"", ""buy_9th_pre_bid"": ""+700000"", ""buy_9th_pre_req"": ""356"", ""buy_9th_pre_req_pre"": ""0"", ""buy_10th_pre_bid"": ""+699000"", ""buy_10th_pre_req"": ""143"", ""buy_10th_pre_req_pre"": ""0"", ""tot_sel_req_jub_pre"": ""--22"", ""tot_sel_req"": ""656"", ""tot_buy_req"": ""1139"", ""tot_buy_req_jub_pre"": ""--307"", ""ovt_sel_req_pre"": ""0"", ""ovt_sel_req"": ""0"", ""ovt_buy_req"": ""0"", ""ovt_buy_req_pre"": ""0"", ""return_code"": 0, ""return_msg"": ""정상적으로 처리되었습니다""}"
2026-06-10,scan_candidate,138040,,0,main_scan,110000,,110000,109900,110000,109500,-0.9090909090909091,0.09090909090909091,,,,,,"{""bid_req_base_tm"": ""100815"", ""sel_10th_pre_req_pre"": ""0"", ""sel_10th_pre_req"": ""49"", ""sel_10th_pre_bid"": ""+110900"", ""sel_9th_pre_req_pre"": ""0"", ""sel_9th_pre_req"": ""8009"", ""sel_9th_pre_bid"": ""+110800"", ""sel_8th_pre_req_pre"": ""0"", ""sel_8th_pre_req"": ""301"", ""sel_8th_pre_bid"": ""+110700"", ""sel_7th_pre_req_pre"": ""0"", ""sel_7th_pre_req"": ""651"", ""sel_7th_pre_bid"": ""+110600"", ""sel_6th_pre_req_pre"": ""0"", ""sel_6th_pre_req"": ""154"", ""sel_6th_pre_bid"": ""+110500"", ""sel_5th_pre_req_pre"": ""0"", ""sel_5th_pre_req"": ""73"", ""sel_5th_pre_bid"": ""+110400"", ""sel_4th_pre_req_pre"": ""0"", ""sel_4th_pre_req"": ""1004"", ""sel_4th_pre_bid"": ""+110300"", ""sel_3th_pre_req_pre"": ""0"", ""sel_3th_pre_req"": ""620"", ""sel_3th_pre_bid"": ""+110200"", ""sel_2th_pre_req_pre"": ""0"", ""sel_2th_pre_req"": ""616"", ""sel_2th_pre_bid"": ""+110100"", ""sel_1th_pre_req_pre"": ""0"", ""sel_fpr_req"": ""527"", ""sel_fpr_bid"": ""+110000"", ""buy_fpr_bid"": ""+109900"", ""buy_fpr_req"": ""347"", ""buy_1th_pre_req_pre"": ""+120"", ""buy_2th_pre_bid"": ""+109800"", ""buy_2th_pre_req"": ""18"", ""buy_2th_pre_req_pre"": ""0"", ""buy_3th_pre_bid"": ""+109700"", ""buy_3th_pre_req"": ""178"", ""buy_3th_pre_req_pre"": ""0"", ""buy_4th_pre_bid"": ""+109600"", ""buy_4th_pre_req"": ""1"", ""buy_4th_pre_req_pre"": ""0"", ""buy_5th_pre_bid"": ""+109500"", ""buy_5th_pre_req"": ""165"", ""buy_5th_pre_req_pre"": ""0"", ""buy_6th_pre_bid"": ""+109400"", ""buy_6th_pre_req"": ""1"", ""buy_6th_pre_req_pre"": ""0"", ""buy_7th_pre_bid"": ""+109300"", ""buy_7th_pre_req"": ""366"", ""buy_7th_pre_req_pre"": ""0"", ""buy_8th_pre_bid"": ""-109000"", ""buy_8th_pre_req"": ""96"", ""buy_8th_pre_req_pre"": ""0"", ""buy_9th_pre_bid"": ""-108900"", ""buy_9th_pre_req"": ""475"", ""buy_9th_pre_req_pre"": ""0"", ""buy_10th_pre_bid"": ""-108800"", ""buy_10th_pre_req"": ""295"", ""buy_10th_pre_req_pre"": ""0"", ""tot_sel_req_jub_pre"": ""0"", ""tot_sel_req"": ""12004"", ""tot_buy_req"": ""1942"", ""tot_buy_req_jub_pre"": ""+120"", ""ovt_sel_req_pre"": ""0"", ""ovt_sel_req"": ""0"", ""ovt_buy_req"": ""0"", ""ovt_buy_req_pre"": ""0"", ""return_code"": 0, ""return_msg"": ""정상적으로 처리되었습니다""}"
2026-06-10,scan_candidate,003550,,0,main_scan,108600,,108600,108500,108600,108500,-0.5524861878453038,0.09208103130755065,,,,,,"{""bid_req_base_tm"": ""100814"", ""sel_10th_pre_req_pre"": ""0"", ""sel_10th_pre_req"": ""592"", ""sel_10th_pre_bid"": ""-109600"", ""sel_9th_pre_req_pre"": ""0"", ""sel_9th_pre_req"": ""76"", ""sel_9th_pre_bid"": ""-109500"", ""sel_8th_pre_req_pre"": ""0"", ""sel_8th_pre_req"": ""323"", ""sel_8th_pre_bid"": ""-109400"", ""sel_7th_pre_req_pre"": ""0"", ""sel_7th_pre_req"": ""184"", ""sel_7th_pre_bid"": ""-109300"", ""sel_6th_pre_req_pre"": ""0"", ""sel_6th_pre_req"": ""7"", ""sel_6th_pre_bid"": ""-109100"", ""sel_5th_pre_req_pre"": ""0"", ""sel_5th_pre_req"": ""75"", ""sel_5th_pre_bid"": ""-109000"", ""sel_4th_pre_req_pre"": ""0"", ""sel_4th_pre_req"": ""3"", ""sel_4th_pre_bid"": ""-108900"", ""sel_3th_pre_req_pre"": ""0"", ""sel_3th_pre_req"": ""9"", ""sel_3th_pre_bid"": ""-108800"", ""sel_2th_pre_req_pre"": ""0"", ""sel_2th_pre_req"": ""8"", ""sel_2th_pre_bid"": ""-108700"", ""sel_1th_pre_req_pre"": ""--64"", ""sel_fpr_req"": ""121"", ""sel_fpr_bid"": ""-108600"", ""buy_fpr_bid"": ""-108500"", ""buy_fpr_req"": ""164"", ""buy_1th_pre_req_pre"": ""0"", ""buy_2th_pre_bid"": ""-108400"", ""buy_2th_pre_req"": ""318"", ""buy_2th_pre_req_pre"": ""+56"", ""buy_3th_pre_bid"": ""-108300"", ""buy_3th_pre_req"": ""38"", ""buy_3th_pre_req_pre"": ""0"", ""buy_4th_pre_bid"": ""-108200"", ""buy_4th_pre_req"": ""107"", ""buy_4th_pre_req_pre"": ""0"", ""buy_5th_pre_bid"": ""-108100"", ""buy_5th_pre_req"": ""293"", ""buy_5th_pre_req_pre"": ""0"", ""buy_6th_pre_bid"": ""-108000"", ""buy_6th_pre_req"": ""150"", ""buy_6th_pre_req_pre"": ""0"", ""buy_7th_pre_bid"": ""-107900"", ""buy_7th_pre_req"": ""179"", ""buy_7th_pre_req_pre"": ""0"", ""buy_8th_pre_bid"": ""-107800"", ""buy_8th_pre_req"": ""110"", ""buy_8th_pre_req_pre"": ""0"", ""buy_9th_pre_bid"": ""-107700"", ""buy_9th_pre_req"": ""106"", ""buy_9th_pre_req_pre"": ""0"", ""buy_10th_pre_bid"": ""-107600"", ""buy_10th_pre_req"": ""60"", ""buy_10th_pre_req_pre"": ""0"", ""tot_sel_req_jub_pre"": ""--64"", ""tot_sel_req"": ""1398"", ""tot_buy_req"": ""1525"", ""tot_buy_req_jub_pre"": ""+56"", ""ovt_sel_req_pre"": ""0"", ""ovt_sel_req"": ""0"", ""ovt_buy_req"": ""0"", ""ovt_buy_req_pre"": ""0"", ""return_code"": 0, ""return_msg"": ""정상적으로 처리되었습니다""}"
2026-06-10,scan_candidate,024110,,0,main_scan,21100,,21100,21050,21100,20850,-1.4218009478672986,0.23696682464454977,,,,,,"{""bid_req_base_tm"": ""100815"", ""sel_10th_pre_req_pre"": ""0"", ""sel_10th_pre_req"": ""2402"", ""sel_10th_pre_bid"": ""+21550"", ""sel_9th_pre_req_pre"": ""0"", ""sel_9th_pre_req"": ""7538"", ""sel_9th_pre_bid"": ""+21500"", ""sel_8th_pre_req_pre"": ""0"", ""sel_8th_pre_req"": ""3526"", ""sel_8th_pre_bid"": ""+21450"", ""sel_7th_pre_req_pre"": ""0"", ""sel_7th_pre_req"": ""10695"", ""sel_7th_pre_bid"": ""+21400"", ""sel_6th_pre_req_pre"": ""0"", ""sel_6th_pre_req"": ""4840"", ""sel_6th_pre_bid"": ""+21350"", ""sel_5th_pre_req_pre"": ""0"", ""sel_5th_pre_req"": ""10410"", ""sel_5th_pre_bid"": ""+21300"", ""sel_4th_pre_req_pre"": ""0"", ""sel_4th_pre_req"": ""11486"", ""sel_4th_pre_bid"": ""+21250"", ""sel_3th_pre_req_pre"": ""0"", ""sel_3th_pre_req"": ""12161"", ""sel_3th_pre_bid"": ""+21200"", ""sel_2th_pre_req_pre"": ""0"", ""sel_2th_pre_req"": ""14304"", ""sel_2th_pre_bid"": ""+21150"", ""sel_1th_pre_req_pre"": ""0"", ""sel_fpr_req"": ""8231"", ""sel_fpr_bid"": ""+21100"", ""buy_fpr_bid"": ""+21050"", ""buy_fpr_req"": ""999"", ""buy_1th_pre_req_pre"": ""+50"", ""buy_2th_pre_bid"": ""+21000"", ""buy_2th_pre_req"": ""10159"", ""buy_2th_pre_req_pre"": ""0"", ""buy_3th_pre_bid"": ""+20950"", ""buy_3th_pre_req"": ""1434"", ""buy_3th_pre_req_pre"": ""0"", ""buy_4th_pre_bid"": ""+20900"", ""buy_4th_pre_req"": ""1027"", ""buy_4th_pre_req_pre"": ""0"", ""buy_5th_pre_bid"": ""+20850"", ""buy_5th_pre_req"": ""526"", ""buy_5th_pre_req_pre"": ""0"", ""buy_6th_pre_bid"": ""+20800"", ""buy_6th_pre_req"": ""1381"", ""buy_6th_pre_req_pre"": ""0"", ""buy_7th_pre_bid"": ""+20750"", ""buy_7th_pre_req"": ""1268"", ""buy_7th_pre_req_pre"": ""0"", ""buy_8th_pre_bid"": ""+20700"", ""buy_8th_pre_req"": ""1961"", ""buy_8th_pre_req_pre"": ""0"", ""buy_9th_pre_bid"": ""+20650"", ""buy_9th_pre_req"": ""763"", ""buy_9th_pre_req_pre"": ""0"", ""buy_10th_pre_bid"": ""+20600"", ""buy_10th_pre_req"": ""2967"", ""buy_10th_pre_req_pre"": ""0"", ""tot_sel_req_jub_pre"": ""0"", ""tot_sel_req"": ""85593"", ""tot_buy_req"": ""22485"", ""tot_buy_req_jub_pre"": ""+50"", ""ovt_sel_req_pre"": ""0"", ""ovt_sel_req"": ""0"", ""ovt_buy_req"": ""0"", ""ovt_buy_req_pre"": ""0"", ""return_code"": 0, ""return_msg"": ""정상적으로 처리되었습니다""}"
2026-06-10,scan_candidate,079550,,0,main_scan,784000,,784000,783000,784000,784000,-0.12755102040816327,0.12755102040816327,,,,,,"{""bid_req_base_tm"": ""100815"", ""sel_10th_pre_req_pre"": ""0"", ""sel_10th_pre_req"": ""300"", ""sel_10th_pre_bid"": ""+793000"", ""sel_9th_pre_req_pre"": ""+1"", ""sel_9th_pre_req"": ""257"", ""sel_9th_pre_bid"": ""+792000"", ""sel_8th_pre_req_pre"": ""0"", ""sel_8th_pre_req"": ""42"", ""sel_8th_pre_bid"": ""+791000"", ""sel_7th_pre_req_pre"": ""0"", ""sel_7th_pre_req"": ""157"", ""sel_7th_pre_bid"": ""+790000"", ""sel_6th_pre_req_pre"": ""0"", ""sel_6th_pre_req"": ""61"", ""sel_6th_pre_bid"": ""+789000"", ""sel_5th_pre_req_pre"": ""0"", ""sel_5th_pre_req"": ""1"", ""sel_5th_pre_bid"": ""+788000"", ""sel_4th_pre_req_pre"": ""0"", ""sel_4th_pre_req"": ""4"", ""sel_4th_pre_bid"": ""+787000"", ""sel_3th_pre_req_pre"": ""0"", ""sel_3th_pre_req"": ""47"", ""sel_3th_pre_bid"": ""+786000"", ""sel_2th_pre_req_pre"": ""0"", ""sel_2th_pre_req"": ""63"", ""sel_2th_pre_bid"": ""+785000"", ""sel_1th_pre_req_pre"": ""0"", ""sel_fpr_req"": ""1"", ""sel_fpr_bid"": ""+784000"", ""buy_fpr_bid"": ""+783000"", ""buy_fpr_req"": ""71"", ""buy_1th_pre_req_pre"": ""0"", ""buy_2th_pre_bid"": ""+782000"", ""buy_2th_pre_req"": ""185"", ""buy_2th_pre_req_pre"": ""0"", ""buy_3th_pre_bid"": ""+781000"", ""buy_3th_pre_req"": ""218"", ""buy_3th_pre_req_pre"": ""0"", ""buy_4th_pre_bid"": ""+780000"", ""buy_4th_pre_req"": ""72"", ""buy_4th_pre_req_pre"": ""0"", ""buy_5th_pre_bid"": ""+779000"", ""buy_5th_pre_req"": ""80"", ""buy_5th_pre_req_pre"": ""0"", ""buy_6th_pre_bid"": ""+778000"", ""buy_6th_pre_req"": ""103"", ""buy_6th_pre_req_pre"": ""0"", ""buy_7th_pre_bid"": ""+777000"", ""buy_7th_pre_req"": ""76"", ""buy_7th_pre_req_pre"": ""0"", ""buy_8th_pre_bid"": ""+776000"", ""buy_8th_pre_req"": ""34"", ""buy_8th_pre_req_pre"": ""0"", ""buy_9th_pre_bid"": ""+775000"", ""buy_9th_pre_req"": ""156"", ""buy_9th_pre_req_pre"": ""0"", ""buy_10th_pre_bid"": ""+774000"", ""buy_10th_pre_req"": ""84"", ""buy_10th_pre_req_pre"": ""0"", ""tot_sel_req_jub_pre"": ""+1"", ""tot_sel_req"": ""933"", ""tot_buy_req"": ""1079"", ""tot_buy_req_jub_pre"": ""0"", ""ovt_sel_req_pre"": ""0"", ""ovt_sel_req"": ""0"", ""ovt_buy_req"": ""0"", ""ovt_buy_req_pre"": ""0"", ""return_code"": 0, ""return_msg"": ""정상적으로 처리되었습니다""}"
2026-06-10,scan_candidate,278470,,0,main_scan,416500,,416500,416000,416500,415500,-0.36014405762304924,0.12004801920768307,,,,,,"{""bid_req_base_tm"": ""100815"", ""sel_10th_pre_req_pre"": ""0"", ""sel_10th_pre_req"": ""113"", ""sel_10th_pre_bid"": ""+421000"", ""sel_9th_pre_req_pre"": ""0"", ""sel_9th_pre_req"": ""309"", ""sel_9th_pre_bid"": ""+420500"", ""sel_8th_pre_req_pre"": ""0"", ""sel_8th_pre_req"": ""2371"", ""sel_8th_pre_bid"": ""+420000"", ""sel_7th_pre_req_pre"": ""0"", ""sel_7th_pre_req"": ""589"", ""sel_7th_pre_bid"": ""+419500"", ""sel_6th_pre_req_pre"": ""0"", ""sel_6th_pre_req"": ""338"", ""sel_6th_pre_bid"": ""+419000"", ""sel_5th_pre_req_pre"": ""0"", ""sel_5th_pre_req"": ""65"", ""sel_5th_pre_bid"": ""+418500"", ""sel_4th_pre_req_pre"": ""0"", ""sel_4th_pre_req"": ""61"", ""sel_4th_pre_bid"": ""+418000"", ""sel_3th_pre_req_pre"": ""0"", ""sel_3th_pre_req"": ""18"", ""sel_3th_pre_bid"": ""+417500"", ""sel_2th_pre_req_pre"": ""0"", ""sel_2th_pre_req"": ""2"", ""sel_2th_pre_bid"": ""+417000"", ""sel_1th_pre_req_pre"": ""0"", ""sel_fpr_req"": ""77"", ""sel_fpr_bid"": ""+416500"", ""buy_fpr_bid"": ""+416000"", ""buy_fpr_req"": ""114"", ""buy_1th_pre_req_pre"": ""0"", ""buy_2th_pre_bid"": ""+415500"", ""buy_2th_pre_req"": ""108"", ""buy_2th_pre_req_pre"": ""0"", ""buy_3th_pre_bid"": ""+415000"", ""buy_3th_pre_req"": ""125"", ""buy_3th_pre_req_pre"": ""+1"", ""buy_4th_pre_bid"": ""+414500"", ""buy_4th_pre_req"": ""520"", ""buy_4th_pre_req_pre"": ""0"", ""buy_5th_pre_bid"": ""+414000"", ""buy_5th_pre_req"": ""38"", ""buy_5th_pre_req_pre"": ""0"", ""buy_6th_pre_bid"": ""+413500"", ""buy_6th_pre_req"": ""110"", ""buy_6th_pre_req_pre"": ""0"", ""buy_7th_pre_bid"": ""+413000"", ""buy_7th_pre_req"": ""35"", ""buy_7th_pre_req_pre"": ""0"", ""buy_8th_pre_bid"": ""+412500"", ""buy_8th_pre_req"": ""2"", ""buy_8th_pre_req_pre"": ""--1"", ""buy_9th_pre_bid"": ""+412000"", ""buy_9th_pre_req"": ""96"", ""buy_9th_pre_req_pre"": ""0"", ""buy_10th_pre_bid"": ""+411500"", ""buy_10th_pre_req"": ""60"", ""buy_10th_pre_req_pre"": ""0"", ""tot_sel_req_jub_pre"": ""0"", ""tot_sel_req"": ""3943"", ""tot_buy_req"": ""1208"", ""tot_buy_req_jub_pre"": ""0"", ""ovt_sel_req_pre"": ""0"", ""ovt_sel_req"": ""0"", ""ovt_buy_req"": ""0"", ""ovt_buy_req_pre"": ""0"", ""return_code"": 0, ""return_msg"": ""정상적으로 처리되었습니다""}"
2026-06-10,scan_candidate,030200,,0,main_scan,54500,,54500,54400,54500,54700,0.1834862385321101,0.1834862385321101,,,,,,"{""bid_req_base_tm"": ""100815"", ""sel_10th_pre_req_pre"": ""0"", ""sel_10th_pre_req"": ""1078"", ""sel_10th_pre_bid"": ""+55400"", ""sel_9th_pre_req_pre"": ""0"", ""sel_9th_pre_req"": ""628"", ""sel_9th_pre_bid"": ""+55300"", ""sel_8th_pre_req_pre"": ""0"", ""sel_8th_pre_req"": ""611"", ""sel_8th_pre_bid"": ""+55200"", ""sel_7th_pre_req_pre"": ""0"", ""sel_7th_pre_req"": ""319"", ""sel_7th_pre_bid"": ""+55100"", ""sel_6th_pre_req_pre"": ""0"", ""sel_6th_pre_req"": ""3276"", ""sel_6th_pre_bid"": ""+55000"", ""sel_5th_pre_req_pre"": ""0"", ""sel_5th_pre_req"": ""1023"", ""sel_5th_pre_bid"": ""+54900"", ""sel_4th_pre_req_pre"": ""0"", ""sel_4th_pre_req"": ""39"", ""sel_4th_pre_bid"": ""+54800"", ""sel_3th_pre_req_pre"": ""0"", ""sel_3th_pre_req"": ""211"", ""sel_3th_pre_bid"": ""+54700"", ""sel_2th_pre_req_pre"": ""0"", ""sel_2th_pre_req"": ""183"", ""sel_2th_pre_bid"": ""+54600"", ""sel_1th_pre_req_pre"": ""0"", ""sel_fpr_req"": ""580"", ""sel_fpr_bid"": ""+54500"", ""buy_fpr_bid"": ""+54400"", ""buy_fpr_req"": ""122"", ""buy_1th_pre_req_pre"": ""+75"", ""buy_2th_pre_bid"": ""+54300"", ""buy_2th_pre_req"": ""817"", ""buy_2th_pre_req_pre"": ""0"", ""buy_3th_pre_bid"": ""+54200"", ""buy_3th_pre_req"": ""2211"", ""buy_3th_pre_req_pre"": ""0"", ""buy_4th_pre_bid"": ""+54100"", ""buy_4th_pre_req"": ""521"", ""buy_4th_pre_req_pre"": ""0"", ""buy_5th_pre_bid"": ""+54000"", ""buy_5th_pre_req"": ""4399"", ""buy_5th_pre_req_pre"": ""0"", ""buy_6th_pre_bid"": ""+53900"", ""buy_6th_pre_req"": ""1014"", ""buy_6th_pre_req_pre"": ""0"", ""buy_7th_pre_bid"": ""53800"", ""buy_7th_pre_req"": ""2585"", ""buy_7th_pre_req_pre"": ""0"", ""buy_8th_pre_bid"": ""-53700"", ""buy_8th_pre_req"": ""1086"", ""buy_8th_pre_req_pre"": ""0"", ""buy_9th_pre_bid"": ""-53600"", ""buy_9th_pre_req"": ""385"", ""buy_9th_pre_req_pre"": ""0"", ""buy_10th_pre_bid"": ""-53500"", ""buy_10th_pre_req"": ""787"", ""buy_10th_pre_req_pre"": ""0"", ""tot_sel_req_jub_pre"": ""0"", ""tot_sel_req"": ""7948"", ""tot_buy_req"": ""13927"", ""tot_buy_req_jub_pre"": ""+75"", ""ovt_sel_req_pre"": ""0"", ""ovt_sel_req"": ""0"", ""ovt_buy_req"": ""0"", ""ovt_buy_req_pre"": ""0"", ""return_code"": 0, ""return_msg"": ""정상적으로 처리되었습니다""}"
2026-06-10,scan_candidate,010950,,0,main_scan,109900,,109900,109800,109900,110000,-0.3639672429481347,0.09099181073703368,,,,,,"{""bid_req_base_tm"": ""100815"", ""sel_10th_pre_req_pre"": ""0"", ""sel_10th_pre_req"": ""2"", ""sel_10th_pre_bid"": ""+111400"", ""sel_9th_pre_req_pre"": ""0"", ""sel_9th_pre_req"": ""59"", ""sel_9th_pre_bid"": ""+111000"", ""sel_8th_pre_req_pre"": ""0"", ""sel_8th_pre_req"": ""1"", ""sel_8th_pre_bid"": ""110900"", ""sel_7th_pre_req_pre"": ""0"", ""sel_7th_pre_req"": ""13"", ""sel_7th_pre_bid"": ""-110800"", ""sel_6th_pre_req_pre"": ""0"", ""sel_6th_pre_req"": ""50"", ""sel_6th_pre_bid"": ""-110700"", ""sel_5th_pre_req_pre"": ""0"", ""sel_5th_pre_req"": ""10"", ""sel_5th_pre_bid"": ""-110600"", ""sel_4th_pre_req_pre"": ""0"", ""sel_4th_pre_req"": ""6"", ""sel_4th_pre_bid"": ""-110400"", ""sel_3th_pre_req_pre"": ""0"", ""sel_3th_pre_req"": ""10"", ""sel_3th_pre_bid"": ""-110200"", ""sel_2th_pre_req_pre"": ""0"", ""sel_2th_pre_req"": ""44"", ""sel_2th_pre_bid"": ""-110000"", ""sel_1th_pre_req_pre"": ""0"", ""sel_fpr_req"": ""5"", ""sel_fpr_bid"": ""-109900"", ""buy_fpr_bid"": ""-109800"", ""buy_fpr_req"": ""52"", ""buy_1th_pre_req_pre"": ""+34"", ""buy_2th_pre_bid"": ""-109700"", ""buy_2th_pre_req"": ""16"", ""buy_2th_pre_req_pre"": ""0"", ""buy_3th_pre_bid"": ""-109600"", ""buy_3th_pre_req"": ""77"", ""buy_3th_pre_req_pre"": ""0"", ""buy_4th_pre_bid"": ""-109500"", ""buy_4th_pre_req"": ""42"", ""buy_4th_pre_req_pre"": ""0"", ""buy_5th_pre_bid"": ""-109400"", ""buy_5th_pre_req"": ""394"", ""buy_5th_pre_req_pre"": ""0"", ""buy_6th_pre_bid"": ""-109300"", ""buy_6th_pre_req"": ""193"", ""buy_6th_pre_req_pre"": ""0"", ""buy_7th_pre_bid"": ""-109200"", ""buy_7th_pre_req"": ""1"", ""buy_7th_pre_req_pre"": ""0"", ""buy_8th_pre_bid"": ""-109100"", ""buy_8th_pre_req"": ""27"", ""buy_8th_pre_req_pre"": ""0"", ""buy_9th_pre_bid"": ""-109000"", ""buy_9th_pre_req"": ""141"", ""buy_9th_pre_req_pre"": ""0"", ""buy_10th_pre_bid"": ""-108900"", ""buy_10th_pre_req"": ""110"", ""buy_10th_pre_req_pre"": ""0"", ""tot_sel_req_jub_pre"": ""0"", ""tot_sel_req"": ""200"", ""tot_buy_req"": ""1053"", ""tot_buy_req_jub_pre"": ""+34"", ""ovt_sel_req_pre"": ""0"", ""ovt_sel_req"": ""0"", ""ovt_buy_req"": ""0"", ""ovt_buy_req_pre"": ""0"", ""return_code"": 0, ""return_msg"": ""정상적으로 처리되었습니다""}"
2026-06-10,scan_candidate,323410,,0,main_scan,24700,,24700,24600,24700,24450,-1.214574898785425,0.4048582995951417,,,,,,"{""bid_req_base_tm"": ""100816"", ""sel_10th_pre_req_pre"": ""0"", ""sel_10th_pre_req"": ""3214"", ""sel_10th_pre_bid"": ""+25150"", ""sel_9th_pre_req_pre"": ""0"", ""sel_9th_pre_req"": ""1395"", ""sel_9th_pre_bid"": ""+25100"", ""sel_8th_pre_req_pre"": ""0"", ""sel_8th_pre_req"": ""1711"", ""sel_8th_pre_bid"": ""+25050"", ""sel_7th_pre_req_pre"": ""0"", ""sel_7th_pre_req"": ""10274"", ""sel_7th_pre_bid"": ""+25000"", ""sel_6th_pre_req_pre"": ""0"", ""sel_6th_pre_req"": ""8242"", ""sel_6th_pre_bid"": ""+24950"", ""sel_5th_pre_req_pre"": ""0"", ""sel_5th_pre_req"": ""4635"", ""sel_5th_pre_bid"": ""+24900"", ""sel_4th_pre_req_pre"": ""0"", ""sel_4th_pre_req"": ""2552"", ""sel_4th_pre_bid"": ""+24850"", ""sel_3th_pre_req_pre"": ""0"", ""sel_3th_pre_req"": ""10269"", ""sel_3th_pre_bid"": ""+24800"", ""sel_2th_pre_req_pre"": ""0"", ""sel_2th_pre_req"": ""6432"", ""sel_2th_pre_bid"": ""+24750"", ""sel_1th_pre_req_pre"": ""0"", ""sel_fpr_req"": ""5048"", ""sel_fpr_bid"": ""+24700"", ""buy_fpr_bid"": ""+24600"", ""buy_fpr_req"": ""972"", ""buy_1th_pre_req_pre"": ""+189"", ""buy_2th_pre_bid"": ""+24550"", ""buy_2th_pre_req"": ""2873"", ""buy_2th_pre_req_pre"": ""+105"", ""buy_3th_pre_bid"": ""+24500"", ""buy_3th_pre_req"": ""1230"", ""buy_3th_pre_req_pre"": ""0"", ""buy_4th_pre_bid"": ""+24450"", ""buy_4th_pre_req"": ""1484"", ""buy_4th_pre_req_pre"": ""0"", ""buy_5th_pre_bid"": ""24400"", ""buy_5th_pre_req"": ""2366"", ""buy_5th_pre_req_pre"": ""0"", ""buy_6th_pre_bid"": ""-24350"", ""buy_6th_pre_req"": ""2102"", ""buy_6th_pre_req_pre"": ""0"", ""buy_7th_pre_bid"": ""-24300"", ""buy_7th_pre_req"": ""2406"", ""buy_7th_pre_req_pre"": ""0"", ""buy_8th_pre_bid"": ""-24250"", ""buy_8th_pre_req"": ""956"", ""buy_8th_pre_req_pre"": ""0"", ""buy_9th_pre_bid"": ""-24200"", ""buy_9th_pre_req"": ""992"", ""buy_9th_pre_req_pre"": ""0"", ""buy_10th_pre_bid"": ""-24150"", ""buy_10th_pre_req"": ""1186"", ""buy_10th_pre_req_pre"": ""0"", ""tot_sel_req_jub_pre"": ""0"", ""tot_sel_req"": ""53772"", ""tot_buy_req"": ""16567"", ""tot_buy_req_jub_pre"": ""+294"", ""ovt_sel_req_pre"": ""0"", ""ovt_sel_req"": ""0"", ""ovt_buy_req"": ""0"", ""ovt_buy_req_pre"": ""0"", ""return_code"": 0, ""return_msg"": ""정상적으로 처리되었습니다""}"
2026-06-10,scan_candidate,005940,,0,main_scan,30700,,30700,30650,30700,30800,0.16286644951140067,0.16286644951140067,,,,,,"{""bid_req_base_tm"": ""100816"", ""sel_10th_pre_req_pre"": ""0"", ""sel_10th_pre_req"": ""51"", ""sel_10th_pre_bid"": ""-31200"", ""sel_9th_pre_req_pre"": ""0"", ""sel_9th_pre_req"": ""513"", ""sel_9th_pre_bid"": ""-31150"", ""sel_8th_pre_req_pre"": ""0"", ""sel_8th_pre_req"": ""105"", ""sel_8th_pre_bid"": ""-31100"", ""sel_7th_pre_req_pre"": ""0"", ""sel_7th_pre_req"": ""551"", ""sel_7th_pre_bid"": ""-31000"", ""sel_6th_pre_req_pre"": ""0"", ""sel_6th_pre_req"": ""100"", ""sel_6th_pre_bid"": ""-30950"", ""sel_5th_pre_req_pre"": ""0"", ""sel_5th_pre_req"": ""109"", ""sel_5th_pre_bid"": ""-30900"", ""sel_4th_pre_req_pre"": ""0"", ""sel_4th_pre_req"": ""444"", ""sel_4th_pre_bid"": ""-30850"", ""sel_3th_pre_req_pre"": ""0"", ""sel_3th_pre_req"": ""195"", ""sel_3th_pre_bid"": ""-30800"", ""sel_2th_pre_req_pre"": ""0"", ""sel_2th_pre_req"": ""457"", ""sel_2th_pre_bid"": ""-30750"", ""sel_1th_pre_req_pre"": ""+41"", ""sel_fpr_req"": ""328"", ""sel_fpr_bid"": ""-30700"", ""buy_fpr_bid"": ""-30650"", ""buy_fpr_req"": ""358"", ""buy_1th_pre_req_pre"": ""0"", ""buy_2th_pre_bid"": ""-30600"", ""buy_2th_pre_req"": ""263"", ""buy_2th_pre_req_pre"": ""0"", ""buy_3th_pre_bid"": ""-30550"", ""buy_3th_pre_req"": ""275"", ""buy_3th_pre_req_pre"": ""0"", ""buy_4th_pre_bid"": ""-30500"", ""buy_4th_pre_req"": ""1265"", ""buy_4th_pre_req_pre"": ""0"", ""buy_5th_pre_bid"": ""-30450"", ""buy_5th_pre_req"": ""1191"", ""buy_5th_pre_req_pre"": ""0"", ""buy_6th_pre_bid"": ""-30400"", ""buy_6th_pre_req"": ""404"", ""buy_6th_pre_req_pre"": ""0"", ""buy_7th_pre_bid"": ""-30350"", ""buy_7th_pre_req"": ""485"", ""buy_7th_pre_req_pre"": ""0"", ""buy_8th_pre_bid"": ""-30300"", ""buy_8th_pre_req"": ""1678"", ""buy_8th_pre_req_pre"": ""0"", ""buy_9th_pre_bid"": ""-30250"", ""buy_9th_pre_req"": ""409"", ""buy_9th_pre_req_pre"": ""0"", ""buy_10th_pre_bid"": ""-30200"", ""buy_10th_pre_req"": ""1328"", ""buy_10th_pre_req_pre"": ""0"", ""tot_sel_req_jub_pre"": ""+41"", ""tot_sel_req"": ""2853"", ""tot_buy_req"": ""7656"", ""tot_buy_req_jub_pre"": ""0"", ""ovt_sel_req_pre"": ""0"", ""ovt_sel_req"": ""0"", ""ovt_buy_req"": ""0"", ""ovt_buy_req_pre"": ""0"", ""return_code"": 0, ""return_msg"": ""정상적으로 처리되었습니다""}"
2026-06-10,scan_candidate,064400,,0,main_scan,95900,,95900,95800,95900,96100,0.10427528675703858,0.10427528675703858,,,,,,"{""bid_req_base_tm"": ""100816"", ""sel_10th_pre_req_pre"": ""0"", ""sel_10th_pre_req"": ""377"", ""sel_10th_pre_bid"": ""-96800"", ""sel_9th_pre_req_pre"": ""0"", ""sel_9th_pre_req"": ""279"", ""sel_9th_pre_bid"": ""-96700"", ""sel_8th_pre_req_pre"": ""0"", ""sel_8th_pre_req"": ""1426"", ""sel_8th_pre_bid"": ""-96600"", ""sel_7th_pre_req_pre"": ""0"", ""sel_7th_pre_req"": ""498"", ""sel_7th_pre_bid"": ""-96500"", ""sel_6th_pre_req_pre"": ""0"", ""sel_6th_pre_req"": ""336"", ""sel_6th_pre_bid"": ""-96400"", ""sel_5th_pre_req_pre"": ""+10"", ""sel_5th_pre_req"": ""332"", ""sel_5th_pre_bid"": ""-96300"", ""sel_4th_pre_req_pre"": ""0"", ""sel_4th_pre_req"": ""117"", ""sel_4th_pre_bid"": ""-96200"", ""sel_3th_pre_req_pre"": ""0"", ""sel_3th_pre_req"": ""187"", ""sel_3th_pre_bid"": ""-96100"", ""sel_2th_pre_req_pre"": ""0"", ""sel_2th_pre_req"": ""259"", ""sel_2th_pre_bid"": ""-96000"", ""sel_1th_pre_req_pre"": ""0"", ""sel_fpr_req"": ""70"", ""sel_fpr_bid"": ""-95900"", ""buy_fpr_bid"": ""-95800"", ""buy_fpr_req"": ""31"", ""buy_1th_pre_req_pre"": ""--11"", ""buy_2th_pre_bid"": ""-95700"", ""buy_2th_pre_req"": ""582"", ""buy_2th_pre_req_pre"": ""0"", ""buy_3th_pre_bid"": ""-95600"", ""buy_3th_pre_req"": ""997"", ""buy_3th_pre_req_pre"": ""0"", ""buy_4th_pre_bid"": ""-95500"", ""buy_4th_pre_req"": ""2336"", ""buy_4th_pre_req_pre"": ""0"", ""buy_5th_pre_bid"": ""-95400"", ""buy_5th_pre_req"": ""1066"", ""buy_5th_pre_req_pre"": ""0"", ""buy_6th_pre_bid"": ""-95300"", ""buy_6th_pre_req"": ""1589"", ""buy_6th_pre_req_pre"": ""0"", ""buy_7th_pre_bid"": ""-95200"", ""buy_7th_pre_req"": ""1766"", ""buy_7th_pre_req_pre"": ""0"", ""buy_8th_pre_bid"": ""-95100"", ""buy_8th_pre_req"": ""3146"", ""buy_8th_pre_req_pre"": ""0"", ""buy_9th_pre_bid"": ""-95000"", ""buy_9th_pre_req"": ""8310"", ""buy_9th_pre_req_pre"": ""0"", ""buy_10th_pre_bid"": ""-94900"", ""buy_10th_pre_req"": ""757"", ""buy_10th_pre_req_pre"": ""0"", ""tot_sel_req_jub_pre"": ""+10"", ""tot_sel_req"": ""3881"", ""tot_buy_req"": ""20580"", ""tot_buy_req_jub_pre"": ""--11"", ""ovt_sel_req_pre"": ""0"", ""ovt_sel_req"": ""0"", ""ovt_buy_req"": ""0"", ""ovt_buy_req_pre"": ""0"", ""return_code"": 0, ""return_msg"": ""정상적으로 처리되었습니다""}"
2026-06-10,scan_candidate,003490,,0,main_scan,25700,,25700,25650,25700,25550,-0.7782101167315175,0.19455252918287938,,,,,,"{""bid_req_base_tm"": ""100817"", ""sel_10th_pre_req_pre"": ""0"", ""sel_10th_pre_req"": ""6145"", ""sel_10th_pre_bid"": ""+26150"", ""sel_9th_pre_req_pre"": ""0"", ""sel_9th_pre_req"": ""4228"", ""sel_9th_pre_bid"": ""+26100"", ""sel_8th_pre_req_pre"": ""0"", ""sel_8th_pre_req"": ""3152"", ""sel_8th_pre_bid"": ""+26050"", ""sel_7th_pre_req_pre"": ""0"", ""sel_7th_pre_req"": ""41548"", ""sel_7th_pre_bid"": ""+26000"", ""sel_6th_pre_req_pre"": ""0"", ""sel_6th_pre_req"": ""18524"", ""sel_6th_pre_bid"": ""+25950"", ""sel_5th_pre_req_pre"": ""0"", ""sel_5th_pre_req"": ""16627"", ""sel_5th_pre_bid"": ""+25900"", ""sel_4th_pre_req_pre"": ""0"", ""sel_4th_pre_req"": ""8734"", ""sel_4th_pre_bid"": ""+25850"", ""sel_3th_pre_req_pre"": ""0"", ""sel_3th_pre_req"": ""13091"", ""sel_3th_pre_bid"": ""+25800"", ""sel_2th_pre_req_pre"": ""0"", ""sel_2th_pre_req"": ""2452"", ""sel_2th_pre_bid"": ""+25750"", ""sel_1th_pre_req_pre"": ""0"", ""sel_fpr_req"": ""3139"", ""sel_fpr_bid"": ""+25700"", ""buy_fpr_bid"": ""+25650"", ""buy_fpr_req"": ""906"", ""buy_1th_pre_req_pre"": ""0"", ""buy_2th_pre_bid"": ""+25600"", ""buy_2th_pre_req"": ""3126"", ""buy_2th_pre_req_pre"": ""0"", ""buy_3th_pre_bid"": ""+25550"", ""buy_3th_pre_req"": ""628"", ""buy_3th_pre_req_pre"": ""0"", ""buy_4th_pre_bid"": ""+25500"", ""buy_4th_pre_req"": ""1119"", ""buy_4th_pre_req_pre"": ""0"", ""buy_5th_pre_bid"": ""+25450"", ""buy_5th_pre_req"": ""1943"", ""buy_5th_pre_req_pre"": ""0"", ""buy_6th_pre_bid"": ""+25400"", ""buy_6th_pre_req"": ""4118"", ""buy_6th_pre_req_pre"": ""0"", ""buy_7th_pre_bid"": ""+25350"", ""buy_7th_pre_req"": ""6849"", ""buy_7th_pre_req_pre"": ""0"", ""buy_8th_pre_bid"": ""+25300"", ""buy_8th_pre_req"": ""4634"", ""buy_8th_pre_req_pre"": ""0"", ""buy_9th_pre_bid"": ""+25250"", ""buy_9th_pre_req"": ""2681"", ""buy_9th_pre_req_pre"": ""0"", ""buy_10th_pre_bid"": ""+25200"", ""buy_10th_pre_req"": ""2961"", ""buy_10th_pre_req_pre"": ""+2"", ""tot_sel_req_jub_pre"": ""0"", ""tot_sel_req"": ""117640"", ""tot_buy_req"": ""28965"", ""tot_buy_req_jub_pre"": ""+2"", ""ovt_sel_req_pre"": ""0"", ""ovt_sel_req"": ""0"", ""ovt_buy_req"": ""0"", ""ovt_buy_req_pre"": ""0"", ""return_code"": 0, ""return_msg"": ""정상적으로 처리되었습니다""}"
2026-06-10,scan_candidate,161390,,0,main_scan,71500,,71500,71400,71500,71600,0.0,0.13986013986013987,,,,,,"{""bid_req_base_tm"": ""100817"", ""sel_10th_pre_req_pre"": ""0"", ""sel_10th_pre_req"": ""45"", ""sel_10th_pre_bid"": ""-72400"", ""sel_9th_pre_req_pre"": ""0"", ""sel_9th_pre_req"": ""34"", ""sel_9th_pre_bid"": ""-72300"", ""sel_8th_pre_req_pre"": ""0"", ""sel_8th_pre_req"": ""9"", ""sel_8th_pre_bid"": ""-72200"", ""sel_7th_pre_req_pre"": ""0"", ""sel_7th_pre_req"": ""130"", ""sel_7th_pre_bid"": ""-72100"", ""sel_6th_pre_req_pre"": ""0"", ""sel_6th_pre_req"": ""219"", ""sel_6th_pre_bid"": ""-72000"", ""sel_5th_pre_req_pre"": ""0"", ""sel_5th_pre_req"": ""9"", ""sel_5th_pre_bid"": ""-71900"", ""sel_4th_pre_req_pre"": ""0"", ""sel_4th_pre_req"": ""51"", ""sel_4th_pre_bid"": ""-71800"", ""sel_3th_pre_req_pre"": ""--1"", ""sel_3th_pre_req"": ""268"", ""sel_3th_pre_bid"": ""-71700"", ""sel_2th_pre_req_pre"": ""+1"", ""sel_2th_pre_req"": ""525"", ""sel_2th_pre_bid"": ""-71600"", ""sel_1th_pre_req_pre"": ""0"", ""sel_fpr_req"": ""1980"", ""sel_fpr_bid"": ""-71500"", ""buy_fpr_bid"": ""-71400"", ""buy_fpr_req"": ""996"", ""buy_1th_pre_req_pre"": ""0"", ""buy_2th_pre_bid"": ""-71300"", ""buy_2th_pre_req"": ""105"", ""buy_2th_pre_req_pre"": ""0"", ""buy_3th_pre_bid"": ""-71200"", ""buy_3th_pre_req"": ""540"", ""buy_3th_pre_req_pre"": ""0"", ""buy_4th_pre_bid"": ""-71100"", ""buy_4th_pre_req"": ""260"", ""buy_4th_pre_req_pre"": ""0"", ""buy_5th_pre_bid"": ""-71000"", ""buy_5th_pre_req"": ""1004"", ""buy_5th_pre_req_pre"": ""0"", ""buy_6th_pre_bid"": ""-70900"", ""buy_6th_pre_req"": ""2117"", ""buy_6th_pre_req_pre"": ""0"", ""buy_7th_pre_bid"": ""-70800"", ""buy_7th_pre_req"": ""155"", ""buy_7th_pre_req_pre"": ""0"", ""buy_8th_pre_bid"": ""-70700"", ""buy_8th_pre_req"": ""71"", ""buy_8th_pre_req_pre"": ""0"", ""buy_9th_pre_bid"": ""-70600"", ""buy_9th_pre_req"": ""87"", ""buy_9th_pre_req_pre"": ""0"", ""buy_10th_pre_bid"": ""-70500"", ""buy_10th_pre_req"": ""314"", ""buy_10th_pre_req_pre"": ""0"", ""tot_sel_req_jub_pre"": ""0"", ""tot_sel_req"": ""3270"", ""tot_buy_req"": ""5649"", ""tot_buy_req_jub_pre"": ""0"", ""ovt_sel_req_pre"": ""0"", ""ovt_sel_req"": ""0"", ""ovt_buy_req"": ""0"", ""ovt_buy_req_pre"": ""0"", ""return_code"": 0, ""return_msg"": ""정상적으로 처리되었습니다""}"
2026-06-10,scan_candidate,003230,,0,main_scan,1158000,,1158000,1157000,1158000,1156000,-0.2590673575129534,0.08635578583765112,,,,,,"{""bid_req_base_tm"": ""100817"", ""sel_10th_pre_req_pre"": ""0"", ""sel_10th_pre_req"": ""12"", ""sel_10th_pre_bid"": ""+1169000"", ""sel_9th_pre_req_pre"": ""0"", ""sel_9th_pre_req"": ""11"", ""sel_9th_pre_bid"": ""+1168000"", ""sel_8th_pre_req_pre"": ""0"", ""sel_8th_pre_req"": ""15"", ""sel_8th_pre_bid"": ""+1166000"", ""sel_7th_pre_req_pre"": ""0"", ""sel_7th_pre_req"": ""39"", ""sel_7th_pre_bid"": ""+1165000"", ""sel_6th_pre_req_pre"": ""0"", ""sel_6th_pre_req"": ""2"", ""sel_6th_pre_bid"": ""+1164000"", ""sel_5th_pre_req_pre"": ""0"", ""sel_5th_pre_req"": ""2"", ""sel_5th_pre_bid"": ""+1163000"", ""sel_4th_pre_req_pre"": ""0"", ""sel_4th_pre_req"": ""4"", ""sel_4th_pre_bid"": ""+1161000"", ""sel_3th_pre_req_pre"": ""0"", ""sel_3th_pre_req"": ""34"", ""sel_3th_pre_bid"": ""+1160000"", ""sel_2th_pre_req_pre"": ""0"", ""sel_2th_pre_req"": ""35"", ""sel_2th_pre_bid"": ""+1159000"", ""sel_1th_pre_req_pre"": ""0"", ""sel_fpr_req"": ""7"", ""sel_fpr_bid"": ""+1158000"", ""buy_fpr_bid"": ""+1157000"", ""buy_fpr_req"": ""2"", ""buy_1th_pre_req_pre"": ""0"", ""buy_2th_pre_bid"": ""+1156000"", ""buy_2th_pre_req"": ""21"", ""buy_2th_pre_req_pre"": ""+14"", ""buy_3th_pre_bid"": ""+1155000"", ""buy_3th_pre_req"": ""64"", ""buy_3th_pre_req_pre"": ""0"", ""buy_4th_pre_bid"": ""+1152000"", ""buy_4th_pre_req"": ""4"", ""buy_4th_pre_req_pre"": ""0"", ""buy_5th_pre_bid"": ""+1151000"", ""buy_5th_pre_req"": ""3"", ""buy_5th_pre_req_pre"": ""0"", ""buy_6th_pre_bid"": ""+1148000"", ""buy_6th_pre_req"": ""3"", ""buy_6th_pre_req_pre"": ""0"", ""buy_7th_pre_bid"": ""+1146000"", ""buy_7th_pre_req"": ""5"", ""buy_7th_pre_req_pre"": ""0"", ""buy_8th_pre_bid"": ""+1145000"", ""buy_8th_pre_req"": ""50"", ""buy_8th_pre_req_pre"": ""0"", ""buy_9th_pre_bid"": ""+1143000"", ""buy_9th_pre_req"": ""87"", ""buy_9th_pre_req_pre"": ""0"", ""buy_10th_pre_bid"": ""+1142000"", ""buy_10th_pre_req"": ""17"", ""buy_10th_pre_req_pre"": ""0"", ""tot_sel_req_jub_pre"": ""0"", ""tot_sel_req"": ""161"", ""tot_buy_req"": ""256"", ""tot_buy_req_jub_pre"": ""+14"", ""ovt_sel_req_pre"": ""0"", ""ovt_sel_req"": ""0"", ""ovt_buy_req"": ""0"", ""ovt_buy_req_pre"": ""0"", ""return_code"": 0, ""return_msg"": ""정상적으로 처리되었습니다""}"
2026-06-10,scan_candidate,000880,,0,main_scan,119100,,119100,118900,119100,119000,-0.5037783375314862,0.16792611251049538,,,,,,"{""bid_req_base_tm"": ""100817"", ""sel_10th_pre_req_pre"": ""0"", ""sel_10th_pre_req"": ""573"", ""sel_10th_pre_bid"": ""+120200"", ""sel_9th_pre_req_pre"": ""0"", ""sel_9th_pre_req"": ""77"", ""sel_9th_pre_bid"": ""+120100"", ""sel_8th_pre_req_pre"": ""0"", ""sel_8th_pre_req"": ""318"", ""sel_8th_pre_bid"": ""+120000"", ""sel_7th_pre_req_pre"": ""0"", ""sel_7th_pre_req"": ""210"", ""sel_7th_pre_bid"": ""+119900"", ""sel_6th_pre_req_pre"": ""0"", ""sel_6th_pre_req"": ""7"", ""sel_6th_pre_bid"": ""+119800"", ""sel_5th_pre_req_pre"": ""0"", ""sel_5th_pre_req"": ""26"", ""sel_5th_pre_bid"": ""+119600"", ""sel_4th_pre_req_pre"": ""0"", ""sel_4th_pre_req"": ""10"", ""sel_4th_pre_bid"": ""+119500"", ""sel_3th_pre_req_pre"": ""0"", ""sel_3th_pre_req"": ""3"", ""sel_3th_pre_bid"": ""+119400"", ""sel_2th_pre_req_pre"": ""0"", ""sel_2th_pre_req"": ""17"", ""sel_2th_pre_bid"": ""+119300"", ""sel_1th_pre_req_pre"": ""0"", ""sel_fpr_req"": ""95"", ""sel_fpr_bid"": ""+119100"", ""buy_fpr_bid"": ""+118900"", ""buy_fpr_req"": ""173"", ""buy_1th_pre_req_pre"": ""+45"", ""buy_2th_pre_bid"": ""+118800"", ""buy_2th_pre_req"": ""11"", ""buy_2th_pre_req_pre"": ""0"", ""buy_3th_pre_bid"": ""+118700"", ""buy_3th_pre_req"": ""118"", ""buy_3th_pre_req_pre"": ""0"", ""buy_4th_pre_bid"": ""+118500"", ""buy_4th_pre_req"": ""7"", ""buy_4th_pre_req_pre"": ""0"", ""buy_5th_pre_bid"": ""+118400"", ""buy_5th_pre_req"": ""9"", ""buy_5th_pre_req_pre"": ""0"", ""buy_6th_pre_bid"": ""+118300"", ""buy_6th_pre_req"": ""519"", ""buy_6th_pre_req_pre"": ""0"", ""buy_7th_pre_bid"": ""+118200"", ""buy_7th_pre_req"": ""10"", ""buy_7th_pre_req_pre"": ""0"", ""buy_8th_pre_bid"": ""+118000"", ""buy_8th_pre_req"": ""7"", ""buy_8th_pre_req_pre"": ""0"", ""buy_9th_pre_bid"": ""+117900"", ""buy_9th_pre_req"": ""1"", ""buy_9th_pre_req_pre"": ""0"", ""buy_10th_pre_bid"": ""+117800"", ""buy_10th_pre_req"": ""10"", ""buy_10th_pre_req_pre"": ""0"", ""tot_sel_req_jub_pre"": ""0"", ""tot_sel_req"": ""1336"", ""tot_buy_req"": ""865"", ""tot_buy_req_jub_pre"": ""+45"", ""ovt_sel_req_pre"": ""0"", ""ovt_sel_req"": ""0"", ""ovt_buy_req"": ""0"", ""ovt_buy_req_pre"": ""0"", ""return_code"": 0, ""return_msg"": ""정상적으로 처리되었습니다""}"
2026-06-10,scan_candidate,180640,,0,main_scan,119000,,119000,118900,119000,118500,-0.8403361344537815,0.08403361344537816,,,,,,"{""bid_req_base_tm"": ""100818"", ""sel_10th_pre_req_pre"": ""0"", ""sel_10th_pre_req"": ""228"", ""sel_10th_pre_bid"": ""+120100"", ""sel_9th_pre_req_pre"": ""0"", ""sel_9th_pre_req"": ""311"", ""sel_9th_pre_bid"": ""+120000"", ""sel_8th_pre_req_pre"": ""0"", ""sel_8th_pre_req"": ""85"", ""sel_8th_pre_bid"": ""+119900"", ""sel_7th_pre_req_pre"": ""0"", ""sel_7th_pre_req"": ""111"", ""sel_7th_pre_bid"": ""+119700"", ""sel_6th_pre_req_pre"": ""0"", ""sel_6th_pre_req"": ""13"", ""sel_6th_pre_bid"": ""+119500"", ""sel_5th_pre_req_pre"": ""0"", ""sel_5th_pre_req"": ""41"", ""sel_5th_pre_bid"": ""+119400"", ""sel_4th_pre_req_pre"": ""0"", ""sel_4th_pre_req"": ""98"", ""sel_4th_pre_bid"": ""+119300"", ""sel_3th_pre_req_pre"": ""0"", ""sel_3th_pre_req"": ""10"", ""sel_3th_pre_bid"": ""+119200"", ""sel_2th_pre_req_pre"": ""--43"", ""sel_2th_pre_req"": ""21"", ""sel_2th_pre_bid"": ""+119100"", ""sel_1th_pre_req_pre"": ""+39"", ""sel_fpr_req"": ""98"", ""sel_fpr_bid"": ""+119000"", ""buy_fpr_bid"": ""+118900"", ""buy_fpr_req"": ""155"", ""buy_1th_pre_req_pre"": ""0"", ""buy_2th_pre_bid"": ""+118800"", ""buy_2th_pre_req"": ""69"", ""buy_2th_pre_req_pre"": ""0"", ""buy_3th_pre_bid"": ""+118700"", ""buy_3th_pre_req"": ""30"", ""buy_3th_pre_req_pre"": ""0"", ""buy_4th_pre_bid"": ""+118500"", ""buy_4th_pre_req"": ""10"", ""buy_4th_pre_req_pre"": ""0"", ""buy_5th_pre_bid"": ""+118400"", ""buy_5th_pre_req"": ""8"", ""buy_5th_pre_req_pre"": ""0"", ""buy_6th_pre_bid"": ""+118100"", ""buy_6th_pre_req"": ""6"", ""buy_6th_pre_req_pre"": ""0"", ""buy_7th_pre_bid"": ""+118000"", ""buy_7th_pre_req"": ""12"", ""buy_7th_pre_req_pre"": ""0"", ""buy_8th_pre_bid"": ""+117900"", ""buy_8th_pre_req"": ""68"", ""buy_8th_pre_req_pre"": ""0"", ""buy_9th_pre_bid"": ""+117800"", ""buy_9th_pre_req"": ""19"", ""buy_9th_pre_req_pre"": ""0"", ""buy_10th_pre_bid"": ""+117600"", ""buy_10th_pre_req"": ""19"", ""buy_10th_pre_req_pre"": ""0"", ""tot_sel_req_jub_pre"": ""--4"", ""tot_sel_req"": ""1016"", ""tot_buy_req"": ""396"", ""tot_buy_req_jub_pre"": ""0"", ""ovt_sel_req_pre"": ""0"", ""ovt_sel_req"": ""0"", ""ovt_buy_req"": ""0"", ""ovt_buy_req_pre"": ""0"", ""return_code"": 0, ""return_msg"": ""정상적으로 처리되었습니다""}"
2026-06-10,scan_candidate,454910,,0,main_scan,110000,,110000,109900,110000,110000,-0.45454545454545453,0.09090909090909091,,,,,,"{""bid_req_base_tm"": ""100818"", ""sel_10th_pre_req_pre"": ""0"", ""sel_10th_pre_req"": ""377"", ""sel_10th_pre_bid"": ""-110900"", ""sel_9th_pre_req_pre"": ""0"", ""sel_9th_pre_req"": ""269"", ""sel_9th_pre_bid"": ""-110800"", ""sel_8th_pre_req_pre"": ""0"", ""sel_8th_pre_req"": ""66"", ""sel_8th_pre_bid"": ""-110700"", ""sel_7th_pre_req_pre"": ""0"", ""sel_7th_pre_req"": ""877"", ""sel_7th_pre_bid"": ""-110600"", ""sel_6th_pre_req_pre"": ""0"", ""sel_6th_pre_req"": ""154"", ""sel_6th_pre_bid"": ""-110500"", ""sel_5th_pre_req_pre"": ""0"", ""sel_5th_pre_req"": ""463"", ""sel_5th_pre_bid"": ""-110400"", ""sel_4th_pre_req_pre"": ""0"", ""sel_4th_pre_req"": ""99"", ""sel_4th_pre_bid"": ""-110300"", ""sel_3th_pre_req_pre"": ""0"", ""sel_3th_pre_req"": ""36"", ""sel_3th_pre_bid"": ""-110200"", ""sel_2th_pre_req_pre"": ""0"", ""sel_2th_pre_req"": ""157"", ""sel_2th_pre_bid"": ""-110100"", ""sel_1th_pre_req_pre"": ""0"", ""sel_fpr_req"": ""332"", ""sel_fpr_bid"": ""-110000"", ""buy_fpr_bid"": ""-109900"", ""buy_fpr_req"": ""358"", ""buy_1th_pre_req_pre"": ""0"", ""buy_2th_pre_bid"": ""-109800"", ""buy_2th_pre_req"": ""939"", ""buy_2th_pre_req_pre"": ""--30"", ""buy_3th_pre_bid"": ""-109700"", ""buy_3th_pre_req"": ""714"", ""buy_3th_pre_req_pre"": ""+1"", ""buy_4th_pre_bid"": ""-109600"", ""buy_4th_pre_req"": ""1580"", ""buy_4th_pre_req_pre"": ""0"", ""buy_5th_pre_bid"": ""-109500"", ""buy_5th_pre_req"": ""3163"", ""buy_5th_pre_req_pre"": ""0"", ""buy_6th_pre_bid"": ""-109400"", ""buy_6th_pre_req"": ""1247"", ""buy_6th_pre_req_pre"": ""0"", ""buy_7th_pre_bid"": ""-109300"", ""buy_7th_pre_req"": ""1359"", ""buy_7th_pre_req_pre"": ""0"", ""buy_8th_pre_bid"": ""-109200"", ""buy_8th_pre_req"": ""2201"", ""buy_8th_pre_req_pre"": ""0"", ""buy_9th_pre_bid"": ""-109100"", ""buy_9th_pre_req"": ""1711"", ""buy_9th_pre_req_pre"": ""--15"", ""buy_10th_pre_bid"": ""-109000"", ""buy_10th_pre_req"": ""3700"", ""buy_10th_pre_req_pre"": ""+5"", ""tot_sel_req_jub_pre"": ""0"", ""tot_sel_req"": ""2830"", ""tot_buy_req"": ""16972"", ""tot_buy_req_jub_pre"": ""--39"", ""ovt_sel_req_pre"": ""0"", ""ovt_sel_req"": ""0"", ""ovt_buy_req"": ""0"", ""ovt_buy_req_pre"": ""0"", ""return_code"": 0, ""return_msg"": ""정상적으로 처리되었습니다""}"
2026-06-10,scan_candidate,353200,,0,main_scan,158400,,158400,158300,158400,158000,-0.5681818181818182,0.06313131313131314,,,,,,"{""bid_req_base_tm"": ""100818"", ""sel_10th_pre_req_pre"": ""0"", ""sel_10th_pre_req"": ""71"", ""sel_10th_pre_bid"": ""+159300"", ""sel_9th_pre_req_pre"": ""0"", ""sel_9th_pre_req"": ""177"", ""sel_9th_pre_bid"": ""+159200"", ""sel_8th_pre_req_pre"": ""0"", ""sel_8th_pre_req"": ""166"", ""sel_8th_pre_bid"": ""+159100"", ""sel_7th_pre_req_pre"": ""0"", ""sel_7th_pre_req"": ""2676"", ""sel_7th_pre_bid"": ""+159000"", ""sel_6th_pre_req_pre"": ""0"", ""sel_6th_pre_req"": ""1074"", ""sel_6th_pre_bid"": ""+158900"", ""sel_5th_pre_req_pre"": ""0"", ""sel_5th_pre_req"": ""816"", ""sel_5th_pre_bid"": ""+158800"", ""sel_4th_pre_req_pre"": ""0"", ""sel_4th_pre_req"": ""106"", ""sel_4th_pre_bid"": ""+158700"", ""sel_3th_pre_req_pre"": ""0"", ""sel_3th_pre_req"": ""1148"", ""sel_3th_pre_bid"": ""+158600"", ""sel_2th_pre_req_pre"": ""0"", ""sel_2th_pre_req"": ""538"", ""sel_2th_pre_bid"": ""+158500"", ""sel_1th_pre_req_pre"": ""0"", ""sel_fpr_req"": ""655"", ""sel_fpr_bid"": ""+158400"", ""buy_fpr_bid"": ""+158300"", ""buy_fpr_req"": ""133"", ""buy_1th_pre_req_pre"": ""--4"", ""buy_2th_pre_bid"": ""+158200"", ""buy_2th_pre_req"": ""73"", ""buy_2th_pre_req_pre"": ""+4"", ""buy_3th_pre_bid"": ""+158100"", ""buy_3th_pre_req"": ""26"", ""buy_3th_pre_req_pre"": ""0"", ""buy_4th_pre_bid"": ""+158000"", ""buy_4th_pre_req"": ""136"", ""buy_4th_pre_req_pre"": ""0"", ""buy_5th_pre_bid"": ""+157900"", ""buy_5th_pre_req"": ""67"", ""buy_5th_pre_req_pre"": ""0"", ""buy_6th_pre_bid"": ""+157800"", ""buy_6th_pre_req"": ""191"", ""buy_6th_pre_req_pre"": ""0"", ""buy_7th_pre_bid"": ""+157700"", ""buy_7th_pre_req"": ""303"", ""buy_7th_pre_req_pre"": ""0"", ""buy_8th_pre_bid"": ""+157600"", ""buy_8th_pre_req"": ""215"", ""buy_8th_pre_req_pre"": ""0"", ""buy_9th_pre_bid"": ""+157500"", ""buy_9th_pre_req"": ""31"", ""buy_9th_pre_req_pre"": ""0"", ""buy_10th_pre_bid"": ""+157400"", ""buy_10th_pre_req"": ""249"", ""buy_10th_pre_req_pre"": ""0"", ""tot_sel_req_jub_pre"": ""0"", ""tot_sel_req"": ""7427"", ""tot_buy_req"": ""1424"", ""tot_buy_req_jub_pre"": ""0"", ""ovt_sel_req_pre"": ""0"", ""ovt_sel_req"": ""0"", ""ovt_buy_req"": ""0"", ""ovt_buy_req_pre"": ""0"", ""return_code"": 0, ""return_msg"": ""정상적으로 처리되었습니다""}"
2026-06-10,scan_candidate,326030,,0,main_scan,88300,,88300,88200,88300,88600,0.22650056625141565,0.11325028312570783,,,,,,"{""bid_req_base_tm"": ""100818"", ""sel_10th_pre_req_pre"": ""0"", ""sel_10th_pre_req"": ""2"", ""sel_10th_pre_bid"": ""-89400"", ""sel_9th_pre_req_pre"": ""0"", ""sel_9th_pre_req"": ""180"", ""sel_9th_pre_bid"": ""-89300"", ""sel_8th_pre_req_pre"": ""0"", ""sel_8th_pre_req"": ""43"", ""sel_8th_pre_bid"": ""-89200"", ""sel_7th_pre_req_pre"": ""0"", ""sel_7th_pre_req"": ""156"", ""sel_7th_pre_bid"": ""-89000"", ""sel_6th_pre_req_pre"": ""0"", ""sel_6th_pre_req"": ""1"", ""sel_6th_pre_bid"": ""-88900"", ""sel_5th_pre_req_pre"": ""0"", ""sel_5th_pre_req"": ""1"", ""sel_5th_pre_bid"": ""-88800"", ""sel_4th_pre_req_pre"": ""0"", ""sel_4th_pre_req"": ""2"", ""sel_4th_pre_bid"": ""-88700"", ""sel_3th_pre_req_pre"": ""0"", ""sel_3th_pre_req"": ""18"", ""sel_3th_pre_bid"": ""-88600"", ""sel_2th_pre_req_pre"": ""0"", ""sel_2th_pre_req"": ""89"", ""sel_2th_pre_bid"": ""-88400"", ""sel_1th_pre_req_pre"": ""--24"", ""sel_fpr_req"": ""47"", ""sel_fpr_bid"": ""-88300"", ""buy_fpr_bid"": ""-88200"", ""buy_fpr_req"": ""142"", ""buy_1th_pre_req_pre"": ""0"", ""buy_2th_pre_bid"": ""-88100"", ""buy_2th_pre_req"": ""108"", ""buy_2th_pre_req_pre"": ""0"", ""buy_3th_pre_bid"": ""-88000"", ""buy_3th_pre_req"": ""191"", ""buy_3th_pre_req_pre"": ""0"", ""buy_4th_pre_bid"": ""-87900"", ""buy_4th_pre_req"": ""141"", ""buy_4th_pre_req_pre"": ""0"", ""buy_5th_pre_bid"": ""-87800"", ""buy_5th_pre_req"": ""211"", ""buy_5th_pre_req_pre"": ""0"", ""buy_6th_pre_bid"": ""-87700"", ""buy_6th_pre_req"": ""245"", ""buy_6th_pre_req_pre"": ""0"", ""buy_7th_pre_bid"": ""-87600"", ""buy_7th_pre_req"": ""113"", ""buy_7th_pre_req_pre"": ""0"", ""buy_8th_pre_bid"": ""-87500"", ""buy_8th_pre_req"": ""176"", ""buy_8th_pre_req_pre"": ""0"", ""buy_9th_pre_bid"": ""-87400"", ""buy_9th_pre_req"": ""231"", ""buy_9th_pre_req_pre"": ""0"", ""buy_10th_pre_bid"": ""-87300"", ""buy_10th_pre_req"": ""470"", ""buy_10th_pre_req_pre"": ""0"", ""tot_sel_req_jub_pre"": ""--24"", ""tot_sel_req"": ""539"", ""tot_buy_req"": ""2028"", ""tot_buy_req_jub_pre"": ""0"", ""ovt_sel_req_pre"": ""0"", ""ovt_sel_req"": ""0"", ""ovt_buy_req"": ""0"", ""ovt_buy_req_pre"": ""0"", ""return_code"": 0, ""return_msg"": ""정상적으로 처리되었습니다""}"
2026-06-10,scan_candidate,034220,,0,main_scan,13230,,13230,13220,13230,13200,-0.6046863189720333,0.07558578987150416,,,,,,"{""bid_req_base_tm"": ""100818"", ""sel_10th_pre_req_pre"": ""0"", ""sel_10th_pre_req"": ""1220"", ""sel_10th_pre_bid"": ""-13320"", ""sel_9th_pre_req_pre"": ""0"", ""sel_9th_pre_req"": ""4105"", ""sel_9th_pre_bid"": ""-13310"", ""sel_8th_pre_req_pre"": ""0"", ""sel_8th_pre_req"": ""4074"", ""sel_8th_pre_bid"": ""-13300"", ""sel_7th_pre_req_pre"": ""0"", ""sel_7th_pre_req"": ""2707"", ""sel_7th_pre_bid"": ""-13290"", ""sel_6th_pre_req_pre"": ""0"", ""sel_6th_pre_req"": ""1021"", ""sel_6th_pre_bid"": ""-13280"", ""sel_5th_pre_req_pre"": ""0"", ""sel_5th_pre_req"": ""1162"", ""sel_5th_pre_bid"": ""-13270"", ""sel_4th_pre_req_pre"": ""0"", ""sel_4th_pre_req"": ""544"", ""sel_4th_pre_bid"": ""-13260"", ""sel_3th_pre_req_pre"": ""0"", ""sel_3th_pre_req"": ""1657"", ""sel_3th_pre_bid"": ""-13250"", ""sel_2th_pre_req_pre"": ""0"", ""sel_2th_pre_req"": ""335"", ""sel_2th_pre_bid"": ""-13240"", ""sel_1th_pre_req_pre"": ""+570"", ""sel_fpr_req"": ""1076"", ""sel_fpr_bid"": ""-13230"", ""buy_fpr_bid"": ""-13220"", ""buy_fpr_req"": ""583"", ""buy_1th_pre_req_pre"": ""0"", ""buy_2th_pre_bid"": ""-13210"", ""buy_2th_pre_req"": ""1385"", ""buy_2th_pre_req_pre"": ""0"", ""buy_3th_pre_bid"": ""-13200"", ""buy_3th_pre_req"": ""883"", ""buy_3th_pre_req_pre"": ""0"", ""buy_4th_pre_bid"": ""-13190"", ""buy_4th_pre_req"": ""1871"", ""buy_4th_pre_req_pre"": ""0"", ""buy_5th_pre_bid"": ""-13180"", ""buy_5th_pre_req"": ""518"", ""buy_5th_pre_req_pre"": ""0"", ""buy_6th_pre_bid"": ""-13170"", ""buy_6th_pre_req"": ""831"", ""buy_6th_pre_req_pre"": ""0"", ""buy_7th_pre_bid"": ""-13160"", ""buy_7th_pre_req"": ""487"", ""buy_7th_pre_req_pre"": ""0"", ""buy_8th_pre_bid"": ""-13150"", ""buy_8th_pre_req"": ""1293"", ""buy_8th_pre_req_pre"": ""0"", ""buy_9th_pre_bid"": ""-13140"", ""buy_9th_pre_req"": ""527"", ""buy_9th_pre_req_pre"": ""0"", ""buy_10th_pre_bid"": ""-13130"", ""buy_10th_pre_req"": ""519"", ""buy_10th_pre_req_pre"": ""0"", ""tot_sel_req_jub_pre"": ""+570"", ""tot_sel_req"": ""17901"", ""tot_buy_req"": ""8897"", ""tot_buy_req_jub_pre"": ""0"", ""ovt_sel_req_pre"": ""0"", ""ovt_sel_req"": ""0"", ""ovt_buy_req"": ""0"", ""ovt_buy_req_pre"": ""0"", ""return_code"": 0, ""return_msg"": ""정상적으로 처리되었습니다""}"
2026-06-10,scan_candidate,267270,,0,main_scan,149700,,149700,149300,149700,149500,-0.46760187040748163,0.26720106880427524,,,,,,"{""bid_req_base_tm"": ""100818"", ""sel_10th_pre_req_pre"": ""0"", ""sel_10th_pre_req"": ""206"", ""sel_10th_pre_bid"": ""+150900"", ""sel_9th_pre_req_pre"": ""0"", ""sel_9th_pre_req"": ""1"", ""sel_9th_pre_bid"": ""+150800"", ""sel_8th_pre_req_pre"": ""0"", ""sel_8th_pre_req"": ""38"", ""sel_8th_pre_bid"": ""+150700"", ""sel_7th_pre_req_pre"": ""0"", ""sel_7th_pre_req"": ""16"", ""sel_7th_pre_bid"": ""+150600"", ""sel_6th_pre_req_pre"": ""0"", ""sel_6th_pre_req"": ""1"", ""sel_6th_pre_bid"": ""+150300"", ""sel_5th_pre_req_pre"": ""0"", ""sel_5th_pre_req"": ""2"", ""sel_5th_pre_bid"": ""+150100"", ""sel_4th_pre_req_pre"": ""0"", ""sel_4th_pre_req"": ""26"", ""sel_4th_pre_bid"": ""+150000"", ""sel_3th_pre_req_pre"": ""0"", ""sel_3th_pre_req"": ""77"", ""sel_3th_pre_bid"": ""+149900"", ""sel_2th_pre_req_pre"": ""+1"", ""sel_2th_pre_req"": ""35"", ""sel_2th_pre_bid"": ""+149800"", ""sel_1th_pre_req_pre"": ""0"", ""sel_fpr_req"": ""106"", ""sel_fpr_bid"": ""+149700"", ""buy_fpr_bid"": ""+149300"", ""buy_fpr_req"": ""46"", ""buy_1th_pre_req_pre"": ""0"", ""buy_2th_pre_bid"": ""+149200"", ""buy_2th_pre_req"": ""13"", ""buy_2th_pre_req_pre"": ""0"", ""buy_3th_pre_bid"": ""+149100"", ""buy_3th_pre_req"": ""18"", ""buy_3th_pre_req_pre"": ""0"", ""buy_4th_pre_bid"": ""+149000"", ""buy_4th_pre_req"": ""23"", ""buy_4th_pre_req_pre"": ""0"", ""buy_5th_pre_bid"": ""+148900"", ""buy_5th_pre_req"": ""9"", ""buy_5th_pre_req_pre"": ""0"", ""buy_6th_pre_bid"": ""+148800"", ""buy_6th_pre_req"": ""11"", ""buy_6th_pre_req_pre"": ""0"", ""buy_7th_pre_bid"": ""+148700"", ""buy_7th_pre_req"": ""8"", ""buy_7th_pre_req_pre"": ""0"", ""buy_8th_pre_bid"": ""+148500"", ""buy_8th_pre_req"": ""25"", ""buy_8th_pre_req_pre"": ""0"", ""buy_9th_pre_bid"": ""+148400"", ""buy_9th_pre_req"": ""10"", ""buy_9th_pre_req_pre"": ""0"", ""buy_10th_pre_bid"": ""+148100"", ""buy_10th_pre_req"": ""168"", ""buy_10th_pre_req_pre"": ""0"", ""tot_sel_req_jub_pre"": ""+1"", ""tot_sel_req"": ""508"", ""tot_buy_req"": ""331"", ""tot_buy_req_jub_pre"": ""0"", ""ovt_sel_req_pre"": ""0"", ""ovt_sel_req"": ""0"", ""ovt_buy_req"": ""0"", ""ovt_buy_req_pre"": ""0"", ""return_code"": 0, ""return_msg"": ""정상적으로 처리되었습니다""}"
2026-06-10,scan_candidate,062040,,0,main_scan,228500,,228500,228000,228500,227500,-0.6564551422319475,0.2188183807439825,,,,,,"{""bid_req_base_tm"": ""100819"", ""sel_10th_pre_req_pre"": ""0"", ""sel_10th_pre_req"": ""1346"", ""sel_10th_pre_bid"": ""+233000"", ""sel_9th_pre_req_pre"": ""0"", ""sel_9th_pre_req"": ""326"", ""sel_9th_pre_bid"": ""+232500"", ""sel_8th_pre_req_pre"": ""0"", ""sel_8th_pre_req"": ""515"", ""sel_8th_pre_bid"": ""+232000"", ""sel_7th_pre_req_pre"": ""0"", ""sel_7th_pre_req"": ""226"", ""sel_7th_pre_bid"": ""+231500"", ""sel_6th_pre_req_pre"": ""0"", ""sel_6th_pre_req"": ""290"", ""sel_6th_pre_bid"": ""+231000"", ""sel_5th_pre_req_pre"": ""0"", ""sel_5th_pre_req"": ""189"", ""sel_5th_pre_bid"": ""+230500"", ""sel_4th_pre_req_pre"": ""0"", ""sel_4th_pre_req"": ""318"", ""sel_4th_pre_bid"": ""+230000"", ""sel_3th_pre_req_pre"": ""0"", ""sel_3th_pre_req"": ""117"", ""sel_3th_pre_bid"": ""+229500"", ""sel_2th_pre_req_pre"": ""0"", ""sel_2th_pre_req"": ""131"", ""sel_2th_pre_bid"": ""+229000"", ""sel_1th_pre_req_pre"": ""+16"", ""sel_fpr_req"": ""63"", ""sel_fpr_bid"": ""+228500"", ""buy_fpr_bid"": ""+228000"", ""buy_fpr_req"": ""244"", ""buy_1th_pre_req_pre"": ""+164"", ""buy_2th_pre_bid"": ""+227500"", ""buy_2th_pre_req"": ""16"", ""buy_2th_pre_req_pre"": ""0"", ""buy_3th_pre_bid"": ""+227000"", ""buy_3th_pre_req"": ""101"", ""buy_3th_pre_req_pre"": ""0"", ""buy_4th_pre_bid"": ""+226500"", ""buy_4th_pre_req"": ""15"", ""buy_4th_pre_req_pre"": ""0"", ""buy_5th_pre_bid"": ""+226000"", ""buy_5th_pre_req"": ""144"", ""buy_5th_pre_req_pre"": ""--12"", ""buy_6th_pre_bid"": ""+225500"", ""buy_6th_pre_req"": ""94"", ""buy_6th_pre_req_pre"": ""0"", ""buy_7th_pre_bid"": ""225000"", ""buy_7th_pre_req"": ""349"", ""buy_7th_pre_req_pre"": ""0"", ""buy_8th_pre_bid"": ""-224500"", ""buy_8th_pre_req"": ""52"", ""buy_8th_pre_req_pre"": ""0"", ""buy_9th_pre_bid"": ""-224000"", ""buy_9th_pre_req"": ""86"", ""buy_9th_pre_req_pre"": ""0"", ""buy_10th_pre_bid"": ""-223500"", ""buy_10th_pre_req"": ""225"", ""buy_10th_pre_req_pre"": ""0"", ""tot_sel_req_jub_pre"": ""+16"", ""tot_sel_req"": ""3521"", ""tot_buy_req"": ""1326"", ""tot_buy_req_jub_pre"": ""+152"", ""ovt_sel_req_pre"": ""0"", ""ovt_sel_req"": ""0"", ""ovt_buy_req"": ""0"", ""ovt_buy_req_pre"": ""0"", ""return_code"": 0, ""return_msg"": ""정상적으로 처리되었습니다""}"
2026-06-10,scan_candidate,078930,,0,main_scan,73300,,73300,73200,73300,73300,-0.1364256480218281,0.1364256480218281,,,,,,"{""bid_req_base_tm"": ""100819"", ""sel_10th_pre_req_pre"": ""0"", ""sel_10th_pre_req"": ""104"", ""sel_10th_pre_bid"": ""+74600"", ""sel_9th_pre_req_pre"": ""0"", ""sel_9th_pre_req"": ""64"", ""sel_9th_pre_bid"": ""+74500"", ""sel_8th_pre_req_pre"": ""0"", ""sel_8th_pre_req"": ""76"", ""sel_8th_pre_bid"": ""+74400"", ""sel_7th_pre_req_pre"": ""0"", ""sel_7th_pre_req"": ""1"", ""sel_7th_pre_bid"": ""+74200"", ""sel_6th_pre_req_pre"": ""0"", ""sel_6th_pre_req"": ""60"", ""sel_6th_pre_bid"": ""+74000"", ""sel_5th_pre_req_pre"": ""0"", ""sel_5th_pre_req"": ""167"", ""sel_5th_pre_bid"": ""-73700"", ""sel_4th_pre_req_pre"": ""0"", ""sel_4th_pre_req"": ""55"", ""sel_4th_pre_bid"": ""-73600"", ""sel_3th_pre_req_pre"": ""0"", ""sel_3th_pre_req"": ""40"", ""sel_3th_pre_bid"": ""-73500"", ""sel_2th_pre_req_pre"": ""0"", ""sel_2th_pre_req"": ""47"", ""sel_2th_pre_bid"": ""-73400"", ""sel_1th_pre_req_pre"": ""+26"", ""sel_fpr_req"": ""570"", ""sel_fpr_bid"": ""-73300"", ""buy_fpr_bid"": ""-73200"", ""buy_fpr_req"": ""549"", ""buy_1th_pre_req_pre"": ""0"", ""buy_2th_pre_bid"": ""-73100"", ""buy_2th_pre_req"": ""235"", ""buy_2th_pre_req_pre"": ""0"", ""buy_3th_pre_bid"": ""-73000"", ""buy_3th_pre_req"": ""80"", ""buy_3th_pre_req_pre"": ""0"", ""buy_4th_pre_bid"": ""-72900"", ""buy_4th_pre_req"": ""7"", ""buy_4th_pre_req_pre"": ""0"", ""buy_5th_pre_bid"": ""-72700"", ""buy_5th_pre_req"": ""53"", ""buy_5th_pre_req_pre"": ""0"", ""buy_6th_pre_bid"": ""-72300"", ""buy_6th_pre_req"": ""51"", ""buy_6th_pre_req_pre"": ""0"", ""buy_7th_pre_bid"": ""-72200"", ""buy_7th_pre_req"": ""118"", ""buy_7th_pre_req_pre"": ""0"", ""buy_8th_pre_bid"": ""-72100"", ""buy_8th_pre_req"": ""508"", ""buy_8th_pre_req_pre"": ""0"", ""buy_9th_pre_bid"": ""-72000"", ""buy_9th_pre_req"": ""156"", ""buy_9th_pre_req_pre"": ""0"", ""buy_10th_pre_bid"": ""-71900"", ""buy_10th_pre_req"": ""111"", ""buy_10th_pre_req_pre"": ""0"", ""tot_sel_req_jub_pre"": ""+26"", ""tot_sel_req"": ""1184"", ""tot_buy_req"": ""1868"", ""tot_buy_req_jub_pre"": ""0"", ""ovt_sel_req_pre"": ""0"", ""ovt_sel_req"": ""0"", ""ovt_buy_req"": ""0"", ""ovt_buy_req_pre"": ""0"", ""return_code"": 0, ""return_msg"": ""정상적으로 처리되었습니다""}"
2026-06-10,scan_candidate,090430,,0,main_scan,112800,,112800,112700,112800,112000,-1.152482269503546,0.08865248226950355,,,,,,"{""bid_req_base_tm"": ""100819"", ""sel_10th_pre_req_pre"": ""0"", ""sel_10th_pre_req"": ""5"", ""sel_10th_pre_bid"": ""+113700"", ""sel_9th_pre_req_pre"": ""0"", ""sel_9th_pre_req"": ""63"", ""sel_9th_pre_bid"": ""+113600"", ""sel_8th_pre_req_pre"": ""0"", ""sel_8th_pre_req"": ""202"", ""sel_8th_pre_bid"": ""+113500"", ""sel_7th_pre_req_pre"": ""0"", ""sel_7th_pre_req"": ""78"", ""sel_7th_pre_bid"": ""+113400"", ""sel_6th_pre_req_pre"": ""0"", ""sel_6th_pre_req"": ""33"", ""sel_6th_pre_bid"": ""+113300"", ""sel_5th_pre_req_pre"": ""0"", ""sel_5th_pre_req"": ""14"", ""sel_5th_pre_bid"": ""+113200"", ""sel_4th_pre_req_pre"": ""0"", ""sel_4th_pre_req"": ""35"", ""sel_4th_pre_bid"": ""+113100"", ""sel_3th_pre_req_pre"": ""0"", ""sel_3th_pre_req"": ""156"", ""sel_3th_pre_bid"": ""+113000"", ""sel_2th_pre_req_pre"": ""0"", ""sel_2th_pre_req"": ""106"", ""sel_2th_pre_bid"": ""+112900"", ""sel_1th_pre_req_pre"": ""0"", ""sel_fpr_req"": ""84"", ""sel_fpr_bid"": ""+112800"", ""buy_fpr_bid"": ""+112700"", ""buy_fpr_req"": ""82"", ""buy_1th_pre_req_pre"": ""0"", ""buy_2th_pre_bid"": ""+112600"", ""buy_2th_pre_req"": ""1"", ""buy_2th_pre_req_pre"": ""0"", ""buy_3th_pre_bid"": ""+112500"", ""buy_3th_pre_req"": ""31"", ""buy_3th_pre_req_pre"": ""0"", ""buy_4th_pre_bid"": ""+112400"", ""buy_4th_pre_req"": ""1"", ""buy_4th_pre_req_pre"": ""0"", ""buy_5th_pre_bid"": ""+112300"", ""buy_5th_pre_req"": ""1"", ""buy_5th_pre_req_pre"": ""0"", ""buy_6th_pre_bid"": ""+112200"", ""buy_6th_pre_req"": ""2"", ""buy_6th_pre_req_pre"": ""0"", ""buy_7th_pre_bid"": ""+112100"", ""buy_7th_pre_req"": ""2"", ""buy_7th_pre_req_pre"": ""0"", ""buy_8th_pre_bid"": ""112000"", ""buy_8th_pre_req"": ""29"", ""buy_8th_pre_req_pre"": ""0"", ""buy_9th_pre_bid"": ""-111900"", ""buy_9th_pre_req"": ""22"", ""buy_9th_pre_req_pre"": ""0"", ""buy_10th_pre_bid"": ""-111800"", ""buy_10th_pre_req"": ""112"", ""buy_10th_pre_req_pre"": ""0"", ""tot_sel_req_jub_pre"": ""0"", ""tot_sel_req"": ""776"", ""tot_buy_req"": ""283"", ""tot_buy_req_jub_pre"": ""0"", ""ovt_sel_req_pre"": ""0"", ""ovt_sel_req"": ""0"", ""ovt_buy_req"": ""0"", ""ovt_buy_req_pre"": ""0"", ""return_code"": 0, ""return_msg"": ""정상적으로 처리되었습니다""}"
2026-06-10,scan_candidate,004170,,0,main_scan,661000,,661000,660000,661000,666000,0.6051437216338881,0.15128593040847202,,,,,,"{""bid_req_base_tm"": ""100819"", ""sel_10th_pre_req_pre"": ""0"", ""sel_10th_pre_req"": ""27"", ""sel_10th_pre_bid"": ""+672000"", ""sel_9th_pre_req_pre"": ""0"", ""sel_9th_pre_req"": ""4"", ""sel_9th_pre_bid"": ""+671000"", ""sel_8th_pre_req_pre"": ""0"", ""sel_8th_pre_req"": ""30"", ""sel_8th_pre_bid"": ""+670000"", ""sel_7th_pre_req_pre"": ""0"", ""sel_7th_pre_req"": ""4"", ""sel_7th_pre_bid"": ""+669000"", ""sel_6th_pre_req_pre"": ""0"", ""sel_6th_pre_req"": ""17"", ""sel_6th_pre_bid"": ""+666000"", ""sel_5th_pre_req_pre"": ""0"", ""sel_5th_pre_req"": ""1"", ""sel_5th_pre_bid"": ""+665000"", ""sel_4th_pre_req_pre"": ""0"", ""sel_4th_pre_req"": ""10"", ""sel_4th_pre_bid"": ""+664000"", ""sel_3th_pre_req_pre"": ""0"", ""sel_3th_pre_req"": ""13"", ""sel_3th_pre_bid"": ""+663000"", ""sel_2th_pre_req_pre"": ""0"", ""sel_2th_pre_req"": ""8"", ""sel_2th_pre_bid"": ""+662000"", ""sel_1th_pre_req_pre"": ""+10"", ""sel_fpr_req"": ""72"", ""sel_fpr_bid"": ""+661000"", ""buy_fpr_bid"": ""+660000"", ""buy_fpr_req"": ""610"", ""buy_1th_pre_req_pre"": ""0"", ""buy_2th_pre_bid"": ""+659000"", ""buy_2th_pre_req"": ""10"", ""buy_2th_pre_req_pre"": ""0"", ""buy_3th_pre_bid"": ""+658000"", ""buy_3th_pre_req"": ""53"", ""buy_3th_pre_req_pre"": ""0"", ""buy_4th_pre_bid"": ""+657000"", ""buy_4th_pre_req"": ""17"", ""buy_4th_pre_req_pre"": ""0"", ""buy_5th_pre_bid"": ""+656000"", ""buy_5th_pre_req"": ""12"", ""buy_5th_pre_req_pre"": ""0"", ""buy_6th_pre_bid"": ""+655000"", ""buy_6th_pre_req"": ""21"", ""buy_6th_pre_req_pre"": ""0"", ""buy_7th_pre_bid"": ""+654000"", ""buy_7th_pre_req"": ""24"", ""buy_7th_pre_req_pre"": ""0"", ""buy_8th_pre_bid"": ""+653000"", ""buy_8th_pre_req"": ""42"", ""buy_8th_pre_req_pre"": ""0"", ""buy_9th_pre_bid"": ""+652000"", ""buy_9th_pre_req"": ""36"", ""buy_9th_pre_req_pre"": ""0"", ""buy_10th_pre_bid"": ""+651000"", ""buy_10th_pre_req"": ""67"", ""buy_10th_pre_req_pre"": ""0"", ""tot_sel_req_jub_pre"": ""+10"", ""tot_sel_req"": ""186"", ""tot_buy_req"": ""892"", ""tot_buy_req_jub_pre"": ""0"", ""ovt_sel_req_pre"": ""0"", ""ovt_sel_req"": ""0"", ""ovt_buy_req"": ""0"", ""ovt_buy_req_pre"": ""0"", ""return_code"": 0, ""return_msg"": ""정상적으로 처리되었습니다""}"
2026-06-10,scan_candidate,036570,,0,main_scan,258500,,258500,258000,258500,259000,0.0,0.19342359767891684,,,,,,"{""bid_req_base_tm"": ""100818"", ""sel_10th_pre_req_pre"": ""0"", ""sel_10th_pre_req"": ""16"", ""sel_10th_pre_bid"": ""-263000"", ""sel_9th_pre_req_pre"": ""0"", ""sel_9th_pre_req"": ""20"", ""sel_9th_pre_bid"": ""-262500"", ""sel_8th_pre_req_pre"": ""0"", ""sel_8th_pre_req"": ""32"", ""sel_8th_pre_bid"": ""-262000"", ""sel_7th_pre_req_pre"": ""0"", ""sel_7th_pre_req"": ""10"", ""sel_7th_pre_bid"": ""-261500"", ""sel_6th_pre_req_pre"": ""0"", ""sel_6th_pre_req"": ""19"", ""sel_6th_pre_bid"": ""-261000"", ""sel_5th_pre_req_pre"": ""0"", ""sel_5th_pre_req"": ""8"", ""sel_5th_pre_bid"": ""-260500"", ""sel_4th_pre_req_pre"": ""0"", ""sel_4th_pre_req"": ""139"", ""sel_4th_pre_bid"": ""-260000"", ""sel_3th_pre_req_pre"": ""0"", ""sel_3th_pre_req"": ""27"", ""sel_3th_pre_bid"": ""-259500"", ""sel_2th_pre_req_pre"": ""0"", ""sel_2th_pre_req"": ""150"", ""sel_2th_pre_bid"": ""-259000"", ""sel_1th_pre_req_pre"": ""0"", ""sel_fpr_req"": ""100"", ""sel_fpr_bid"": ""-258500"", ""buy_fpr_bid"": ""-258000"", ""buy_fpr_req"": ""135"", ""buy_1th_pre_req_pre"": ""+10"", ""buy_2th_pre_bid"": ""-257500"", ""buy_2th_pre_req"": ""107"", ""buy_2th_pre_req_pre"": ""0"", ""buy_3th_pre_bid"": ""-257000"", ""buy_3th_pre_req"": ""65"", ""buy_3th_pre_req_pre"": ""0"", ""buy_4th_pre_bid"": ""-256500"", ""buy_4th_pre_req"": ""33"", ""buy_4th_pre_req_pre"": ""0"", ""buy_5th_pre_bid"": ""-256000"", ""buy_5th_pre_req"": ""88"", ""buy_5th_pre_req_pre"": ""0"", ""buy_6th_pre_bid"": ""-255500"", ""buy_6th_pre_req"": ""48"", ""buy_6th_pre_req_pre"": ""0"", ""buy_7th_pre_bid"": ""-255000"", ""buy_7th_pre_req"": ""196"", ""buy_7th_pre_req_pre"": ""0"", ""buy_8th_pre_bid"": ""-254500"", ""buy_8th_pre_req"": ""222"", ""buy_8th_pre_req_pre"": ""0"", ""buy_9th_pre_bid"": ""-254000"", ""buy_9th_pre_req"": ""300"", ""buy_9th_pre_req_pre"": ""0"", ""buy_10th_pre_bid"": ""-253500"", ""buy_10th_pre_req"": ""458"", ""buy_10th_pre_req_pre"": ""0"", ""tot_sel_req_jub_pre"": ""0"", ""tot_sel_req"": ""521"", ""tot_buy_req"": ""1652"", ""tot_buy_req_jub_pre"": ""+10"", ""ovt_sel_req_pre"": ""0"", ""ovt_sel_req"": ""0"", ""ovt_buy_req"": ""0"", ""ovt_buy_req_pre"": ""0"", ""return_code"": 0, ""return_msg"": ""정상적으로 처리되었습니다""}"
2026-06-10,scan_candidate,271560,,0,main_scan,132900,,132900,132800,132900,132500,-0.6772009029345373,0.07524454477050413,,,,,,"{""bid_req_base_tm"": ""100818"", ""sel_10th_pre_req_pre"": ""0"", ""sel_10th_pre_req"": ""132"", ""sel_10th_pre_bid"": ""+134000"", ""sel_9th_pre_req_pre"": ""0"", ""sel_9th_pre_req"": ""190"", ""sel_9th_pre_bid"": ""+133900"", ""sel_8th_pre_req_pre"": ""0"", ""sel_8th_pre_req"": ""20"", ""sel_8th_pre_bid"": ""+133800"", ""sel_7th_pre_req_pre"": ""0"", ""sel_7th_pre_req"": ""100"", ""sel_7th_pre_bid"": ""+133700"", ""sel_6th_pre_req_pre"": ""0"", ""sel_6th_pre_req"": ""25"", ""sel_6th_pre_bid"": ""+133600"", ""sel_5th_pre_req_pre"": ""0"", ""sel_5th_pre_req"": ""27"", ""sel_5th_pre_bid"": ""+133500"", ""sel_4th_pre_req_pre"": ""0"", ""sel_4th_pre_req"": ""3"", ""sel_4th_pre_bid"": ""+133200"", ""sel_3th_pre_req_pre"": ""0"", ""sel_3th_pre_req"": ""1"", ""sel_3th_pre_bid"": ""+133100"", ""sel_2th_pre_req_pre"": ""0"", ""sel_2th_pre_req"": ""25"", ""sel_2th_pre_bid"": ""+133000"", ""sel_1th_pre_req_pre"": ""0"", ""sel_fpr_req"": ""48"", ""sel_fpr_bid"": ""132900"", ""buy_fpr_bid"": ""-132800"", ""buy_fpr_req"": ""18"", ""buy_1th_pre_req_pre"": ""+11"", ""buy_2th_pre_bid"": ""-132700"", ""buy_2th_pre_req"": ""278"", ""buy_2th_pre_req_pre"": ""--22"", ""buy_3th_pre_bid"": ""-132600"", ""buy_3th_pre_req"": ""59"", ""buy_3th_pre_req_pre"": ""0"", ""buy_4th_pre_bid"": ""-132500"", ""buy_4th_pre_req"": ""32"", ""buy_4th_pre_req_pre"": ""0"", ""buy_5th_pre_bid"": ""-132400"", ""buy_5th_pre_req"": ""5"", ""buy_5th_pre_req_pre"": ""0"", ""buy_6th_pre_bid"": ""-132300"", ""buy_6th_pre_req"": ""27"", ""buy_6th_pre_req_pre"": ""0"", ""buy_7th_pre_bid"": ""-132200"", ""buy_7th_pre_req"": ""94"", ""buy_7th_pre_req_pre"": ""0"", ""buy_8th_pre_bid"": ""-132000"", ""buy_8th_pre_req"": ""1"", ""buy_8th_pre_req_pre"": ""--35"", ""buy_9th_pre_bid"": ""-131700"", ""buy_9th_pre_req"": ""46"", ""buy_9th_pre_req_pre"": ""0"", ""buy_10th_pre_bid"": ""-131500"", ""buy_10th_pre_req"": ""397"", ""buy_10th_pre_req_pre"": ""0"", ""tot_sel_req_jub_pre"": ""0"", ""tot_sel_req"": ""571"", ""tot_buy_req"": ""957"", ""tot_buy_req_jub_pre"": ""+303"", ""ovt_sel_req_pre"": ""0"", ""ovt_sel_req"": ""0"", ""ovt_buy_req"": ""0"", ""ovt_buy_req_pre"": ""0"", ""return_code"": 0, ""return_msg"": ""정상적으로 처리되었습니다""}"
2026-06-10,scan_candidate,023530,,0,main_scan,190300,,190300,189600,190300,189000,-0.9458749343142407,0.36784025223331585,,,,,,"{""bid_req_base_tm"": ""100820"", ""sel_10th_pre_req_pre"": ""0"", ""sel_10th_pre_req"": ""90"", ""sel_10th_pre_bid"": ""+191400"", ""sel_9th_pre_req_pre"": ""0"", ""sel_9th_pre_req"": ""6"", ""sel_9th_pre_bid"": ""+191300"", ""sel_8th_pre_req_pre"": ""0"", ""sel_8th_pre_req"": ""6"", ""sel_8th_pre_bid"": ""+191200"", ""sel_7th_pre_req_pre"": ""0"", ""sel_7th_pre_req"": ""230"", ""sel_7th_pre_bid"": ""+191100"", ""sel_6th_pre_req_pre"": ""0"", ""sel_6th_pre_req"": ""59"", ""sel_6th_pre_bid"": ""+191000"", ""sel_5th_pre_req_pre"": ""0"", ""sel_5th_pre_req"": ""23"", ""sel_5th_pre_bid"": ""+190900"", ""sel_4th_pre_req_pre"": ""0"", ""sel_4th_pre_req"": ""14"", ""sel_4th_pre_bid"": ""+190800"", ""sel_3th_pre_req_pre"": ""--34"", ""sel_3th_pre_req"": ""148"", ""sel_3th_pre_bid"": ""+190500"", ""sel_2th_pre_req_pre"": ""0"", ""sel_2th_pre_req"": ""26"", ""sel_2th_pre_bid"": ""+190400"", ""sel_1th_pre_req_pre"": ""--2"", ""sel_fpr_req"": ""11"", ""sel_fpr_bid"": ""+190300"", ""buy_fpr_bid"": ""+189600"", ""buy_fpr_req"": ""8"", ""buy_1th_pre_req_pre"": ""0"", ""buy_2th_pre_bid"": ""+189500"", ""buy_2th_pre_req"": ""61"", ""buy_2th_pre_req_pre"": ""0"", ""buy_3th_pre_bid"": ""+189400"", ""buy_3th_pre_req"": ""16"", ""buy_3th_pre_req_pre"": ""0"", ""buy_4th_pre_bid"": ""+189300"", ""buy_4th_pre_req"": ""3"", ""buy_4th_pre_req_pre"": ""0"", ""buy_5th_pre_bid"": ""+189200"", ""buy_5th_pre_req"": ""1"", ""buy_5th_pre_req_pre"": ""0"", ""buy_6th_pre_bid"": ""+189100"", ""buy_6th_pre_req"": ""12"", ""buy_6th_pre_req_pre"": ""0"", ""buy_7th_pre_bid"": ""+189000"", ""buy_7th_pre_req"": ""19"", ""buy_7th_pre_req_pre"": ""0"", ""buy_8th_pre_bid"": ""+188800"", ""buy_8th_pre_req"": ""50"", ""buy_8th_pre_req_pre"": ""0"", ""buy_9th_pre_bid"": ""+188600"", ""buy_9th_pre_req"": ""5"", ""buy_9th_pre_req_pre"": ""0"", ""buy_10th_pre_bid"": ""+188300"", ""buy_10th_pre_req"": ""5"", ""buy_10th_pre_req_pre"": ""0"", ""tot_sel_req_jub_pre"": ""--369"", ""tot_sel_req"": ""613"", ""tot_buy_req"": ""180"", ""tot_buy_req_jub_pre"": ""0"", ""ovt_sel_req_pre"": ""0"", ""ovt_sel_req"": ""0"", ""ovt_buy_req"": ""0"", ""ovt_buy_req_pre"": ""0"", ""return_code"": 0, ""return_msg"": ""정상적으로 처리되었습니다""}"
2026-06-10,scan_candidate,175330,,0,main_scan,25650,,25650,25600,25650,25600,-0.3898635477582846,0.1949317738791423,,,,,,"{""bid_req_base_tm"": ""100820"", ""sel_10th_pre_req_pre"": ""0"", ""sel_10th_pre_req"": ""1065"", ""sel_10th_pre_bid"": ""+26100"", ""sel_9th_pre_req_pre"": ""0"", ""sel_9th_pre_req"": ""808"", ""sel_9th_pre_bid"": ""+26050"", ""sel_8th_pre_req_pre"": ""0"", ""sel_8th_pre_req"": ""233"", ""sel_8th_pre_bid"": ""+26000"", ""sel_7th_pre_req_pre"": ""0"", ""sel_7th_pre_req"": ""142"", ""sel_7th_pre_bid"": ""+25950"", ""sel_6th_pre_req_pre"": ""0"", ""sel_6th_pre_req"": ""32"", ""sel_6th_pre_bid"": ""25900"", ""sel_5th_pre_req_pre"": ""0"", ""sel_5th_pre_req"": ""454"", ""sel_5th_pre_bid"": ""-25850"", ""sel_4th_pre_req_pre"": ""0"", ""sel_4th_pre_req"": ""797"", ""sel_4th_pre_bid"": ""-25800"", ""sel_3th_pre_req_pre"": ""0"", ""sel_3th_pre_req"": ""571"", ""sel_3th_pre_bid"": ""-25750"", ""sel_2th_pre_req_pre"": ""0"", ""sel_2th_pre_req"": ""602"", ""sel_2th_pre_bid"": ""-25700"", ""sel_1th_pre_req_pre"": ""0"", ""sel_fpr_req"": ""2083"", ""sel_fpr_bid"": ""-25650"", ""buy_fpr_bid"": ""-25600"", ""buy_fpr_req"": ""793"", ""buy_1th_pre_req_pre"": ""0"", ""buy_2th_pre_bid"": ""-25550"", ""buy_2th_pre_req"": ""540"", ""buy_2th_pre_req_pre"": ""0"", ""buy_3th_pre_bid"": ""-25500"", ""buy_3th_pre_req"": ""396"", ""buy_3th_pre_req_pre"": ""0"", ""buy_4th_pre_bid"": ""-25450"", ""buy_4th_pre_req"": ""1154"", ""buy_4th_pre_req_pre"": ""0"", ""buy_5th_pre_bid"": ""-25400"", ""buy_5th_pre_req"": ""575"", ""buy_5th_pre_req_pre"": ""0"", ""buy_6th_pre_bid"": ""-25350"", ""buy_6th_pre_req"": ""291"", ""buy_6th_pre_req_pre"": ""0"", ""buy_7th_pre_bid"": ""-25300"", ""buy_7th_pre_req"": ""389"", ""buy_7th_pre_req_pre"": ""0"", ""buy_8th_pre_bid"": ""-25250"", ""buy_8th_pre_req"": ""484"", ""buy_8th_pre_req_pre"": ""0"", ""buy_9th_pre_bid"": ""-25200"", ""buy_9th_pre_req"": ""301"", ""buy_9th_pre_req_pre"": ""0"", ""buy_10th_pre_bid"": ""-25150"", ""buy_10th_pre_req"": ""804"", ""buy_10th_pre_req_pre"": ""0"", ""tot_sel_req_jub_pre"": ""0"", ""tot_sel_req"": ""6787"", ""tot_buy_req"": ""5727"", ""tot_buy_req_jub_pre"": ""0"", ""ovt_sel_req_pre"": ""0"", ""ovt_sel_req"": ""0"", ""ovt_buy_req"": ""0"", ""ovt_buy_req_pre"": ""0"", ""return_code"": 0, ""return_msg"": ""정상적으로 처리되었습니다""}"
2026-06-10,scan_candidate,088350,,0,main_scan,4920,,4920,4910,4920,4910,-0.3048780487804878,0.20325203252032523,,,,,,"{""bid_req_base_tm"": ""100820"", ""sel_10th_pre_req_pre"": ""0"", ""sel_10th_pre_req"": ""3313"", ""sel_10th_pre_bid"": ""-4970"", ""sel_9th_pre_req_pre"": ""0"", ""sel_9th_pre_req"": ""1172"", ""sel_9th_pre_bid"": ""-4965"", ""sel_8th_pre_req_pre"": ""0"", ""sel_8th_pre_req"": ""3297"", ""sel_8th_pre_bid"": ""-4960"", ""sel_7th_pre_req_pre"": ""0"", ""sel_7th_pre_req"": ""2038"", ""sel_7th_pre_bid"": ""-4955"", ""sel_6th_pre_req_pre"": ""0"", ""sel_6th_pre_req"": ""2252"", ""sel_6th_pre_bid"": ""-4950"", ""sel_5th_pre_req_pre"": ""0"", ""sel_5th_pre_req"": ""755"", ""sel_5th_pre_bid"": ""-4945"", ""sel_4th_pre_req_pre"": ""0"", ""sel_4th_pre_req"": ""582"", ""sel_4th_pre_bid"": ""-4940"", ""sel_3th_pre_req_pre"": ""0"", ""sel_3th_pre_req"": ""551"", ""sel_3th_pre_bid"": ""-4935"", ""sel_2th_pre_req_pre"": ""0"", ""sel_2th_pre_req"": ""1695"", ""sel_2th_pre_bid"": ""-4930"", ""sel_1th_pre_req_pre"": ""0"", ""sel_fpr_req"": ""3714"", ""sel_fpr_bid"": ""-4920"", ""buy_fpr_bid"": ""-4910"", ""buy_fpr_req"": ""263"", ""buy_1th_pre_req_pre"": ""+1"", ""buy_2th_pre_bid"": ""-4905"", ""buy_2th_pre_req"": ""1300"", ""buy_2th_pre_req_pre"": ""0"", ""buy_3th_pre_bid"": ""-4900"", ""buy_3th_pre_req"": ""3322"", ""buy_3th_pre_req_pre"": ""0"", ""buy_4th_pre_bid"": ""-4895"", ""buy_4th_pre_req"": ""2046"", ""buy_4th_pre_req_pre"": ""0"", ""buy_5th_pre_bid"": ""-4890"", ""buy_5th_pre_req"": ""1138"", ""buy_5th_pre_req_pre"": ""0"", ""buy_6th_pre_bid"": ""-4885"", ""buy_6th_pre_req"": ""282"", ""buy_6th_pre_req_pre"": ""0"", ""buy_7th_pre_bid"": ""-4880"", ""buy_7th_pre_req"": ""1009"", ""buy_7th_pre_req_pre"": ""0"", ""buy_8th_pre_bid"": ""-4875"", ""buy_8th_pre_req"": ""412"", ""buy_8th_pre_req_pre"": ""0"", ""buy_9th_pre_bid"": ""-4870"", ""buy_9th_pre_req"": ""610"", ""buy_9th_pre_req_pre"": ""0"", ""buy_10th_pre_bid"": ""-4865"", ""buy_10th_pre_req"": ""1194"", ""buy_10th_pre_req_pre"": ""0"", ""tot_sel_req_jub_pre"": ""0"", ""tot_sel_req"": ""19369"", ""tot_buy_req"": ""11576"", ""tot_buy_req_jub_pre"": ""+1"", ""ovt_sel_req_pre"": ""0"", ""ovt_sel_req"": ""0"", ""ovt_buy_req"": ""0"", ""ovt_buy_req_pre"": ""0"", ""return_code"": 0, ""return_msg"": ""정상적으로 처리되었습니다""}"
2026-06-10,scan_candidate,069960,,0,main_scan,162100,,162100,162000,162100,163500,0.5552128315854411,0.061690314620604564,,,,,,"{""bid_req_base_tm"": ""100820"", ""sel_10th_pre_req_pre"": ""0"", ""sel_10th_pre_req"": ""1"", ""sel_10th_pre_bid"": ""-165400"", ""sel_9th_pre_req_pre"": ""0"", ""sel_9th_pre_req"": ""1"", ""sel_9th_pre_bid"": ""-165200"", ""sel_8th_pre_req_pre"": ""0"", ""sel_8th_pre_req"": ""8"", ""sel_8th_pre_bid"": ""-164800"", ""sel_7th_pre_req_pre"": ""0"", ""sel_7th_pre_req"": ""1"", ""sel_7th_pre_bid"": ""-164400"", ""sel_6th_pre_req_pre"": ""0"", ""sel_6th_pre_req"": ""16"", ""sel_6th_pre_bid"": ""-163500"", ""sel_5th_pre_req_pre"": ""0"", ""sel_5th_pre_req"": ""1"", ""sel_5th_pre_bid"": ""-163100"", ""sel_4th_pre_req_pre"": ""0"", ""sel_4th_pre_req"": ""25"", ""sel_4th_pre_bid"": ""-163000"", ""sel_3th_pre_req_pre"": ""0"", ""sel_3th_pre_req"": ""1"", ""sel_3th_pre_bid"": ""-162700"", ""sel_2th_pre_req_pre"": ""0"", ""sel_2th_pre_req"": ""82"", ""sel_2th_pre_bid"": ""-162200"", ""sel_1th_pre_req_pre"": ""+6"", ""sel_fpr_req"": ""87"", ""sel_fpr_bid"": ""-162100"", ""buy_fpr_bid"": ""-162000"", ""buy_fpr_req"": ""1696"", ""buy_1th_pre_req_pre"": ""0"", ""buy_2th_pre_bid"": ""-161700"", ""buy_2th_pre_req"": ""33"", ""buy_2th_pre_req_pre"": ""0"", ""buy_3th_pre_bid"": ""-161500"", ""buy_3th_pre_req"": ""5"", ""buy_3th_pre_req_pre"": ""0"", ""buy_4th_pre_bid"": ""-161200"", ""buy_4th_pre_req"": ""26"", ""buy_4th_pre_req_pre"": ""0"", ""buy_5th_pre_bid"": ""-161100"", ""buy_5th_pre_req"": ""2"", ""buy_5th_pre_req_pre"": ""0"", ""buy_6th_pre_bid"": ""-161000"", ""buy_6th_pre_req"": ""105"", ""buy_6th_pre_req_pre"": ""0"", ""buy_7th_pre_bid"": ""-160900"", ""buy_7th_pre_req"": ""8"", ""buy_7th_pre_req_pre"": ""0"", ""buy_8th_pre_bid"": ""-160800"", ""buy_8th_pre_req"": ""1"", ""buy_8th_pre_req_pre"": ""0"", ""buy_9th_pre_bid"": ""-160700"", ""buy_9th_pre_req"": ""21"", ""buy_9th_pre_req_pre"": ""0"", ""buy_10th_pre_bid"": ""-160600"", ""buy_10th_pre_req"": ""11"", ""buy_10th_pre_req_pre"": ""0"", ""tot_sel_req_jub_pre"": ""+6"", ""tot_sel_req"": ""223"", ""tot_buy_req"": ""1908"", ""tot_buy_req_jub_pre"": ""0"", ""ovt_sel_req_pre"": ""0"", ""ovt_sel_req"": ""0"", ""ovt_buy_req"": ""0"", ""ovt_buy_req_pre"": ""0"", ""return_code"": 0, ""return_msg"": ""정상적으로 처리되었습니다""}"
2026-06-10,scan_candidate,111770,,0,main_scan,79100,,79100,79000,79100,78900,-0.37926675094816686,0.12642225031605564,,,,,,"{""bid_req_base_tm"": ""100818"", ""sel_10th_pre_req_pre"": ""0"", ""sel_10th_pre_req"": ""25"", ""sel_10th_pre_bid"": ""+80500"", ""sel_9th_pre_req_pre"": ""0"", ""sel_9th_pre_req"": ""6"", ""sel_9th_pre_bid"": ""+80300"", ""sel_8th_pre_req_pre"": ""0"", ""sel_8th_pre_req"": ""48"", ""sel_8th_pre_bid"": ""+80000"", ""sel_7th_pre_req_pre"": ""0"", ""sel_7th_pre_req"": ""131"", ""sel_7th_pre_bid"": ""+79900"", ""sel_6th_pre_req_pre"": ""0"", ""sel_6th_pre_req"": ""2"", ""sel_6th_pre_bid"": ""+79800"", ""sel_5th_pre_req_pre"": ""0"", ""sel_5th_pre_req"": ""1"", ""sel_5th_pre_bid"": ""+79700"", ""sel_4th_pre_req_pre"": ""0"", ""sel_4th_pre_req"": ""3"", ""sel_4th_pre_bid"": ""+79600"", ""sel_3th_pre_req_pre"": ""0"", ""sel_3th_pre_req"": ""18"", ""sel_3th_pre_bid"": ""+79500"", ""sel_2th_pre_req_pre"": ""0"", ""sel_2th_pre_req"": ""22"", ""sel_2th_pre_bid"": ""+79200"", ""sel_1th_pre_req_pre"": ""0"", ""sel_fpr_req"": ""27"", ""sel_fpr_bid"": ""+79100"", ""buy_fpr_bid"": ""+79000"", ""buy_fpr_req"": ""36"", ""buy_1th_pre_req_pre"": ""--1"", ""buy_2th_pre_bid"": ""+78900"", ""buy_2th_pre_req"": ""3"", ""buy_2th_pre_req_pre"": ""0"", ""buy_3th_pre_bid"": ""+78800"", ""buy_3th_pre_req"": ""40"", ""buy_3th_pre_req_pre"": ""0"", ""buy_4th_pre_bid"": ""+78700"", ""buy_4th_pre_req"": ""3"", ""buy_4th_pre_req_pre"": ""0"", ""buy_5th_pre_bid"": ""+78600"", ""buy_5th_pre_req"": ""4"", ""buy_5th_pre_req_pre"": ""0"", ""buy_6th_pre_bid"": ""+78500"", ""buy_6th_pre_req"": ""7"", ""buy_6th_pre_req_pre"": ""0"", ""buy_7th_pre_bid"": ""+78300"", ""buy_7th_pre_req"": ""7"", ""buy_7th_pre_req_pre"": ""0"", ""buy_8th_pre_bid"": ""+78200"", ""buy_8th_pre_req"": ""11"", ""buy_8th_pre_req_pre"": ""0"", ""buy_9th_pre_bid"": ""+78100"", ""buy_9th_pre_req"": ""19"", ""buy_9th_pre_req_pre"": ""0"", ""buy_10th_pre_bid"": ""78000"", ""buy_10th_pre_req"": ""58"", ""buy_10th_pre_req_pre"": ""0"", ""tot_sel_req_jub_pre"": ""0"", ""tot_sel_req"": ""283"", ""tot_buy_req"": ""188"", ""tot_buy_req_jub_pre"": ""--1"", ""ovt_sel_req_pre"": ""0"", ""ovt_sel_req"": ""0"", ""ovt_buy_req"": ""0"", ""ovt_buy_req_pre"": ""0"", ""return_code"": 0, ""return_msg"": ""정상적으로 처리되었습니다""}"
2026-06-10,scan_candidate,489790,,0,main_scan,70500,,70500,70300,70500,69900,-0.9929078014184398,0.28368794326241137,,,,,,"{""bid_req_base_tm"": ""100821"", ""sel_10th_pre_req_pre"": ""0"", ""sel_10th_pre_req"": ""133"", ""sel_10th_pre_bid"": ""+71400"", ""sel_9th_pre_req_pre"": ""0"", ""sel_9th_pre_req"": ""333"", ""sel_9th_pre_bid"": ""+71300"", ""sel_8th_pre_req_pre"": ""0"", ""sel_8th_pre_req"": ""318"", ""sel_8th_pre_bid"": ""+71200"", ""sel_7th_pre_req_pre"": ""0"", ""sel_7th_pre_req"": ""551"", ""sel_7th_pre_bid"": ""+71100"", ""sel_6th_pre_req_pre"": ""0"", ""sel_6th_pre_req"": ""1410"", ""sel_6th_pre_bid"": ""+71000"", ""sel_5th_pre_req_pre"": ""0"", ""sel_5th_pre_req"": ""275"", ""sel_5th_pre_bid"": ""+70900"", ""sel_4th_pre_req_pre"": ""0"", ""sel_4th_pre_req"": ""357"", ""sel_4th_pre_bid"": ""+70800"", ""sel_3th_pre_req_pre"": ""0"", ""sel_3th_pre_req"": ""649"", ""sel_3th_pre_bid"": ""+70700"", ""sel_2th_pre_req_pre"": ""0"", ""sel_2th_pre_req"": ""164"", ""sel_2th_pre_bid"": ""+70600"", ""sel_1th_pre_req_pre"": ""0"", ""sel_fpr_req"": ""638"", ""sel_fpr_bid"": ""+70500"", ""buy_fpr_bid"": ""+70300"", ""buy_fpr_req"": ""127"", ""buy_1th_pre_req_pre"": ""0"", ""buy_2th_pre_bid"": ""+70200"", ""buy_2th_pre_req"": ""8"", ""buy_2th_pre_req_pre"": ""0"", ""buy_3th_pre_bid"": ""+70100"", ""buy_3th_pre_req"": ""179"", ""buy_3th_pre_req_pre"": ""0"", ""buy_4th_pre_bid"": ""+70000"", ""buy_4th_pre_req"": ""23"", ""buy_4th_pre_req_pre"": ""0"", ""buy_5th_pre_bid"": ""+69900"", ""buy_5th_pre_req"": ""30"", ""buy_5th_pre_req_pre"": ""0"", ""buy_6th_pre_bid"": ""+69800"", ""buy_6th_pre_req"": ""72"", ""buy_6th_pre_req_pre"": ""0"", ""buy_7th_pre_bid"": ""+69700"", ""buy_7th_pre_req"": ""23"", ""buy_7th_pre_req_pre"": ""0"", ""buy_8th_pre_bid"": ""+69600"", ""buy_8th_pre_req"": ""30"", ""buy_8th_pre_req_pre"": ""0"", ""buy_9th_pre_bid"": ""+69500"", ""buy_9th_pre_req"": ""23"", ""buy_9th_pre_req_pre"": ""0"", ""buy_10th_pre_bid"": ""+69400"", ""buy_10th_pre_req"": ""114"", ""buy_10th_pre_req_pre"": ""0"", ""tot_sel_req_jub_pre"": ""+128"", ""tot_sel_req"": ""4828"", ""tot_buy_req"": ""629"", ""tot_buy_req_jub_pre"": ""0"", ""ovt_sel_req_pre"": ""0"", ""ovt_sel_req"": ""0"", ""ovt_buy_req"": ""0"", ""ovt_buy_req_pre"": ""0"", ""return_code"": 0, ""return_msg"": ""정상적으로 처리되었습니다""}"
2026-06-10,scan_candidate,085620,,0,main_scan,22300,,22300,22250,22300,22150,-0.8968609865470852,0.2242152466367713,,,,,,"{""bid_req_base_tm"": ""100821"", ""sel_10th_pre_req_pre"": ""0"", ""sel_10th_pre_req"": ""1124"", ""sel_10th_pre_bid"": ""-22750"", ""sel_9th_pre_req_pre"": ""0"", ""sel_9th_pre_req"": ""762"", ""sel_9th_pre_bid"": ""-22700"", ""sel_8th_pre_req_pre"": ""0"", ""sel_8th_pre_req"": ""207"", ""sel_8th_pre_bid"": ""-22650"", ""sel_7th_pre_req_pre"": ""0"", ""sel_7th_pre_req"": ""420"", ""sel_7th_pre_bid"": ""-22600"", ""sel_6th_pre_req_pre"": ""0"", ""sel_6th_pre_req"": ""10953"", ""sel_6th_pre_bid"": ""-22550"", ""sel_5th_pre_req_pre"": ""0"", ""sel_5th_pre_req"": ""979"", ""sel_5th_pre_bid"": ""-22500"", ""sel_4th_pre_req_pre"": ""0"", ""sel_4th_pre_req"": ""5534"", ""sel_4th_pre_bid"": ""-22450"", ""sel_3th_pre_req_pre"": ""0"", ""sel_3th_pre_req"": ""1535"", ""sel_3th_pre_bid"": ""-22400"", ""sel_2th_pre_req_pre"": ""0"", ""sel_2th_pre_req"": ""726"", ""sel_2th_pre_bid"": ""-22350"", ""sel_1th_pre_req_pre"": ""0"", ""sel_fpr_req"": ""1448"", ""sel_fpr_bid"": ""-22300"", ""buy_fpr_bid"": ""-22250"", ""buy_fpr_req"": ""128"", ""buy_1th_pre_req_pre"": ""--1"", ""buy_2th_pre_bid"": ""-22200"", ""buy_2th_pre_req"": ""1634"", ""buy_2th_pre_req_pre"": ""0"", ""buy_3th_pre_bid"": ""-22150"", ""buy_3th_pre_req"": ""412"", ""buy_3th_pre_req_pre"": ""0"", ""buy_4th_pre_bid"": ""-22100"", ""buy_4th_pre_req"": ""1253"", ""buy_4th_pre_req_pre"": ""0"", ""buy_5th_pre_bid"": ""-22050"", ""buy_5th_pre_req"": ""570"", ""buy_5th_pre_req_pre"": ""0"", ""buy_6th_pre_bid"": ""-22000"", ""buy_6th_pre_req"": ""720"", ""buy_6th_pre_req_pre"": ""0"", ""buy_7th_pre_bid"": ""-21950"", ""buy_7th_pre_req"": ""619"", ""buy_7th_pre_req_pre"": ""0"", ""buy_8th_pre_bid"": ""-21900"", ""buy_8th_pre_req"": ""594"", ""buy_8th_pre_req_pre"": ""0"", ""buy_9th_pre_bid"": ""-21850"", ""buy_9th_pre_req"": ""2805"", ""buy_9th_pre_req_pre"": ""0"", ""buy_10th_pre_bid"": ""-21800"", ""buy_10th_pre_req"": ""8485"", ""buy_10th_pre_req_pre"": ""0"", ""tot_sel_req_jub_pre"": ""0"", ""tot_sel_req"": ""23688"", ""tot_buy_req"": ""17220"", ""tot_buy_req_jub_pre"": ""--1"", ""ovt_sel_req_pre"": ""0"", ""ovt_sel_req"": ""0"", ""ovt_buy_req"": ""0"", ""ovt_buy_req_pre"": ""0"", ""return_code"": 0, ""return_msg"": ""정상적으로 처리되었습니다""}"
2026-06-10,scan_candidate,001450,,0,main_scan,38450,,38450,38400,38450,38550,0.13003901170351106,0.13003901170351106,,,,,,"{""bid_req_base_tm"": ""100821"", ""sel_10th_pre_req_pre"": ""0"", ""sel_10th_pre_req"": ""888"", ""sel_10th_pre_bid"": ""+38900"", ""sel_9th_pre_req_pre"": ""0"", ""sel_9th_pre_req"": ""184"", ""sel_9th_pre_bid"": ""+38850"", ""sel_8th_pre_req_pre"": ""0"", ""sel_8th_pre_req"": ""536"", ""sel_8th_pre_bid"": ""+38800"", ""sel_7th_pre_req_pre"": ""0"", ""sel_7th_pre_req"": ""6"", ""sel_7th_pre_bid"": ""+38750"", ""sel_6th_pre_req_pre"": ""0"", ""sel_6th_pre_req"": ""203"", ""sel_6th_pre_bid"": ""+38700"", ""sel_5th_pre_req_pre"": ""0"", ""sel_5th_pre_req"": ""304"", ""sel_5th_pre_bid"": ""+38650"", ""sel_4th_pre_req_pre"": ""0"", ""sel_4th_pre_req"": ""147"", ""sel_4th_pre_bid"": ""+38600"", ""sel_3th_pre_req_pre"": ""0"", ""sel_3th_pre_req"": ""103"", ""sel_3th_pre_bid"": ""+38550"", ""sel_2th_pre_req_pre"": ""0"", ""sel_2th_pre_req"": ""635"", ""sel_2th_pre_bid"": ""+38500"", ""sel_1th_pre_req_pre"": ""+3"", ""sel_fpr_req"": ""6"", ""sel_fpr_bid"": ""+38450"", ""buy_fpr_bid"": ""+38400"", ""buy_fpr_req"": ""824"", ""buy_1th_pre_req_pre"": ""0"", ""buy_2th_pre_bid"": ""+38350"", ""buy_2th_pre_req"": ""284"", ""buy_2th_pre_req_pre"": ""0"", ""buy_3th_pre_bid"": ""+38300"", ""buy_3th_pre_req"": ""1144"", ""buy_3th_pre_req_pre"": ""0"", ""buy_4th_pre_bid"": ""+38250"", ""buy_4th_pre_req"": ""132"", ""buy_4th_pre_req_pre"": ""0"", ""buy_5th_pre_bid"": ""+38200"", ""buy_5th_pre_req"": ""738"", ""buy_5th_pre_req_pre"": ""0"", ""buy_6th_pre_bid"": ""+38150"", ""buy_6th_pre_req"": ""16"", ""buy_6th_pre_req_pre"": ""0"", ""buy_7th_pre_bid"": ""+38100"", ""buy_7th_pre_req"": ""144"", ""buy_7th_pre_req_pre"": ""0"", ""buy_8th_pre_bid"": ""+38050"", ""buy_8th_pre_req"": ""164"", ""buy_8th_pre_req_pre"": ""0"", ""buy_9th_pre_bid"": ""+38000"", ""buy_9th_pre_req"": ""154"", ""buy_9th_pre_req_pre"": ""0"", ""buy_10th_pre_bid"": ""+37950"", ""buy_10th_pre_req"": ""109"", ""buy_10th_pre_req_pre"": ""0"", ""tot_sel_req_jub_pre"": ""+3"", ""tot_sel_req"": ""3012"", ""tot_buy_req"": ""3709"", ""tot_buy_req_jub_pre"": ""0"", ""ovt_sel_req_pre"": ""0"", ""ovt_sel_req"": ""0"", ""ovt_buy_req"": ""0"", ""ovt_buy_req_pre"": ""0"", ""return_code"": 0, ""return_msg"": ""정상적으로 처리되었습니다""}"
2026-06-10,scan_candidate,036460,,0,main_scan,34300,,34300,34250,34300,34350,0.0,0.1457725947521866,,,,,,"{""bid_req_base_tm"": ""100819"", ""sel_10th_pre_req_pre"": ""0"", ""sel_10th_pre_req"": ""611"", ""sel_10th_pre_bid"": ""+34750"", ""sel_9th_pre_req_pre"": ""0"", ""sel_9th_pre_req"": ""196"", ""sel_9th_pre_bid"": ""+34700"", ""sel_8th_pre_req_pre"": ""0"", ""sel_8th_pre_req"": ""271"", ""sel_8th_pre_bid"": ""+34650"", ""sel_7th_pre_req_pre"": ""0"", ""sel_7th_pre_req"": ""638"", ""sel_7th_pre_bid"": ""+34600"", ""sel_6th_pre_req_pre"": ""0"", ""sel_6th_pre_req"": ""650"", ""sel_6th_pre_bid"": ""+34550"", ""sel_5th_pre_req_pre"": ""0"", ""sel_5th_pre_req"": ""712"", ""sel_5th_pre_bid"": ""+34500"", ""sel_4th_pre_req_pre"": ""0"", ""sel_4th_pre_req"": ""78"", ""sel_4th_pre_bid"": ""+34450"", ""sel_3th_pre_req_pre"": ""0"", ""sel_3th_pre_req"": ""1403"", ""sel_3th_pre_bid"": ""+34400"", ""sel_2th_pre_req_pre"": ""0"", ""sel_2th_pre_req"": ""338"", ""sel_2th_pre_bid"": ""+34350"", ""sel_1th_pre_req_pre"": ""0"", ""sel_fpr_req"": ""13"", ""sel_fpr_bid"": ""+34300"", ""buy_fpr_bid"": ""+34250"", ""buy_fpr_req"": ""388"", ""buy_1th_pre_req_pre"": ""0"", ""buy_2th_pre_bid"": ""+34200"", ""buy_2th_pre_req"": ""555"", ""buy_2th_pre_req_pre"": ""0"", ""buy_3th_pre_bid"": ""+34150"", ""buy_3th_pre_req"": ""301"", ""buy_3th_pre_req_pre"": ""0"", ""buy_4th_pre_bid"": ""+34100"", ""buy_4th_pre_req"": ""429"", ""buy_4th_pre_req_pre"": ""0"", ""buy_5th_pre_bid"": ""+34050"", ""buy_5th_pre_req"": ""1121"", ""buy_5th_pre_req_pre"": ""0"", ""buy_6th_pre_bid"": ""34000"", ""buy_6th_pre_req"": ""3021"", ""buy_6th_pre_req_pre"": ""0"", ""buy_7th_pre_bid"": ""-33950"", ""buy_7th_pre_req"": ""854"", ""buy_7th_pre_req_pre"": ""0"", ""buy_8th_pre_bid"": ""-33900"", ""buy_8th_pre_req"": ""831"", ""buy_8th_pre_req_pre"": ""0"", ""buy_9th_pre_bid"": ""-33850"", ""buy_9th_pre_req"": ""269"", ""buy_9th_pre_req_pre"": ""0"", ""buy_10th_pre_bid"": ""-33800"", ""buy_10th_pre_req"": ""269"", ""buy_10th_pre_req_pre"": ""0"", ""tot_sel_req_jub_pre"": ""0"", ""tot_sel_req"": ""4910"", ""tot_buy_req"": ""8038"", ""tot_buy_req_jub_pre"": ""0"", ""ovt_sel_req_pre"": ""0"", ""ovt_sel_req"": ""0"", ""ovt_buy_req"": ""0"", ""ovt_buy_req_pre"": ""0"", ""return_code"": 0, ""return_msg"": ""정상적으로 처리되었습니다""}"
2026-06-10,scan_candidate,007810,,0,main_scan,121200,,121200,120800,121200,121000,-0.5775577557755776,0.33003300330033003,,,,,,"{""bid_req_base_tm"": ""100822"", ""sel_10th_pre_req_pre"": ""0"", ""sel_10th_pre_req"": ""558"", ""sel_10th_pre_bid"": ""+122200"", ""sel_9th_pre_req_pre"": ""0"", ""sel_9th_pre_req"": ""21"", ""sel_9th_pre_bid"": ""+122100"", ""sel_8th_pre_req_pre"": ""0"", ""sel_8th_pre_req"": ""57"", ""sel_8th_pre_bid"": ""+122000"", ""sel_7th_pre_req_pre"": ""0"", ""sel_7th_pre_req"": ""106"", ""sel_7th_pre_bid"": ""+121900"", ""sel_6th_pre_req_pre"": ""0"", ""sel_6th_pre_req"": ""15"", ""sel_6th_pre_bid"": ""+121800"", ""sel_5th_pre_req_pre"": ""0"", ""sel_5th_pre_req"": ""2"", ""sel_5th_pre_bid"": ""+121600"", ""sel_4th_pre_req_pre"": ""0"", ""sel_4th_pre_req"": ""1"", ""sel_4th_pre_bid"": ""+121500"", ""sel_3th_pre_req_pre"": ""0"", ""sel_3th_pre_req"": ""7"", ""sel_3th_pre_bid"": ""+121400"", ""sel_2th_pre_req_pre"": ""0"", ""sel_2th_pre_req"": ""29"", ""sel_2th_pre_bid"": ""+121300"", ""sel_1th_pre_req_pre"": ""+9"", ""sel_fpr_req"": ""26"", ""sel_fpr_bid"": ""+121200"", ""buy_fpr_bid"": ""+120800"", ""buy_fpr_req"": ""84"", ""buy_1th_pre_req_pre"": ""0"", ""buy_2th_pre_bid"": ""+120700"", ""buy_2th_pre_req"": ""145"", ""buy_2th_pre_req_pre"": ""0"", ""buy_3th_pre_bid"": ""+120600"", ""buy_3th_pre_req"": ""180"", ""buy_3th_pre_req_pre"": ""0"", ""buy_4th_pre_bid"": ""+120500"", ""buy_4th_pre_req"": ""109"", ""buy_4th_pre_req_pre"": ""0"", ""buy_5th_pre_bid"": ""+120400"", ""buy_5th_pre_req"": ""90"", ""buy_5th_pre_req_pre"": ""0"", ""buy_6th_pre_bid"": ""120300"", ""buy_6th_pre_req"": ""36"", ""buy_6th_pre_req_pre"": ""0"", ""buy_7th_pre_bid"": ""-120200"", ""buy_7th_pre_req"": ""2"", ""buy_7th_pre_req_pre"": ""0"", ""buy_8th_pre_bid"": ""-120100"", ""buy_8th_pre_req"": ""19"", ""buy_8th_pre_req_pre"": ""0"", ""buy_9th_pre_bid"": ""-120000"", ""buy_9th_pre_req"": ""51"", ""buy_9th_pre_req_pre"": ""0"", ""buy_10th_pre_bid"": ""-119900"", ""buy_10th_pre_req"": ""3"", ""buy_10th_pre_req_pre"": ""0"", ""tot_sel_req_jub_pre"": ""+9"", ""tot_sel_req"": ""822"", ""tot_buy_req"": ""719"", ""tot_buy_req_jub_pre"": ""0"", ""ovt_sel_req_pre"": ""0"", ""ovt_sel_req"": ""0"", ""ovt_buy_req"": ""0"", ""ovt_buy_req_pre"": ""0"", ""return_code"": 0, ""return_msg"": ""정상적으로 처리되었습니다""}"
2026-06-10,scan_candidate,001740,,0,main_scan,13970,,13970,13950,13970,13900,-0.8589835361488906,0.14316392269148173,,,,,,"{""bid_req_base_tm"": ""100822"", ""sel_10th_pre_req_pre"": ""0"", ""sel_10th_pre_req"": ""6432"", ""sel_10th_pre_bid"": ""-14060"", ""sel_9th_pre_req_pre"": ""0"", ""sel_9th_pre_req"": ""3497"", ""sel_9th_pre_bid"": ""-14050"", ""sel_8th_pre_req_pre"": ""0"", ""sel_8th_pre_req"": ""2523"", ""sel_8th_pre_bid"": ""-14040"", ""sel_7th_pre_req_pre"": ""0"", ""sel_7th_pre_req"": ""1170"", ""sel_7th_pre_bid"": ""-14030"", ""sel_6th_pre_req_pre"": ""0"", ""sel_6th_pre_req"": ""4176"", ""sel_6th_pre_bid"": ""-14020"", ""sel_5th_pre_req_pre"": ""--767"", ""sel_5th_pre_req"": ""567"", ""sel_5th_pre_bid"": ""-14010"", ""sel_4th_pre_req_pre"": ""+2416"", ""sel_4th_pre_req"": ""8085"", ""sel_4th_pre_bid"": ""-14000"", ""sel_3th_pre_req_pre"": ""0"", ""sel_3th_pre_req"": ""1504"", ""sel_3th_pre_bid"": ""-13990"", ""sel_2th_pre_req_pre"": ""--1"", ""sel_2th_pre_req"": ""1635"", ""sel_2th_pre_bid"": ""-13980"", ""sel_1th_pre_req_pre"": ""--223"", ""sel_fpr_req"": ""1348"", ""sel_fpr_bid"": ""-13970"", ""buy_fpr_bid"": ""-13950"", ""buy_fpr_req"": ""283"", ""buy_1th_pre_req_pre"": ""0"", ""buy_2th_pre_bid"": ""-13940"", ""buy_2th_pre_req"": ""355"", ""buy_2th_pre_req_pre"": ""--156"", ""buy_3th_pre_bid"": ""-13930"", ""buy_3th_pre_req"": ""227"", ""buy_3th_pre_req_pre"": ""--131"", ""buy_4th_pre_bid"": ""-13920"", ""buy_4th_pre_req"": ""630"", ""buy_4th_pre_req_pre"": ""+144"", ""buy_5th_pre_bid"": ""-13910"", ""buy_5th_pre_req"": ""81"", ""buy_5th_pre_req_pre"": ""0"", ""buy_6th_pre_bid"": ""-13900"", ""buy_6th_pre_req"": ""1275"", ""buy_6th_pre_req_pre"": ""0"", ""buy_7th_pre_bid"": ""-13890"", ""buy_7th_pre_req"": ""1185"", ""buy_7th_pre_req_pre"": ""0"", ""buy_8th_pre_bid"": ""-13880"", ""buy_8th_pre_req"": ""3065"", ""buy_8th_pre_req_pre"": ""0"", ""buy_9th_pre_bid"": ""-13870"", ""buy_9th_pre_req"": ""454"", ""buy_9th_pre_req_pre"": ""0"", ""buy_10th_pre_bid"": ""-13860"", ""buy_10th_pre_req"": ""1013"", ""buy_10th_pre_req_pre"": ""0"", ""tot_sel_req_jub_pre"": ""+7753"", ""tot_sel_req"": ""30937"", ""tot_buy_req"": ""8568"", ""tot_buy_req_jub_pre"": ""--143"", ""ovt_sel_req_pre"": ""0"", ""ovt_sel_req"": ""0"", ""ovt_buy_req"": ""0"", ""ovt_buy_req_pre"": ""0"", ""return_code"": 0, ""return_msg"": ""정상적으로 처리되었습니다""}"
2026-06-10,scan_candidate,383220,,0,main_scan,75600,,75600,75400,75600,75800,0.13227513227513227,0.26455026455026454,,,,,,"{""bid_req_base_tm"": ""100820"", ""sel_10th_pre_req_pre"": ""0"", ""sel_10th_pre_req"": ""11"", ""sel_10th_pre_bid"": ""+76700"", ""sel_9th_pre_req_pre"": ""0"", ""sel_9th_pre_req"": ""1"", ""sel_9th_pre_bid"": ""+76600"", ""sel_8th_pre_req_pre"": ""0"", ""sel_8th_pre_req"": ""7"", ""sel_8th_pre_bid"": ""+76500"", ""sel_7th_pre_req_pre"": ""0"", ""sel_7th_pre_req"": ""3"", ""sel_7th_pre_bid"": ""+76400"", ""sel_6th_pre_req_pre"": ""0"", ""sel_6th_pre_req"": ""100"", ""sel_6th_pre_bid"": ""+76300"", ""sel_5th_pre_req_pre"": ""0"", ""sel_5th_pre_req"": ""122"", ""sel_5th_pre_bid"": ""+76000"", ""sel_4th_pre_req_pre"": ""0"", ""sel_4th_pre_req"": ""16"", ""sel_4th_pre_bid"": ""+75900"", ""sel_3th_pre_req_pre"": ""0"", ""sel_3th_pre_req"": ""11"", ""sel_3th_pre_bid"": ""+75800"", ""sel_2th_pre_req_pre"": ""0"", ""sel_2th_pre_req"": ""44"", ""sel_2th_pre_bid"": ""+75700"", ""sel_1th_pre_req_pre"": ""0"", ""sel_fpr_req"": ""35"", ""sel_fpr_bid"": ""+75600"", ""buy_fpr_bid"": ""+75400"", ""buy_fpr_req"": ""18"", ""buy_1th_pre_req_pre"": ""+2"", ""buy_2th_pre_bid"": ""+75300"", ""buy_2th_pre_req"": ""64"", ""buy_2th_pre_req_pre"": ""0"", ""buy_3th_pre_bid"": ""+75200"", ""buy_3th_pre_req"": ""13"", ""buy_3th_pre_req_pre"": ""0"", ""buy_4th_pre_bid"": ""+75100"", ""buy_4th_pre_req"": ""133"", ""buy_4th_pre_req_pre"": ""0"", ""buy_5th_pre_bid"": ""+75000"", ""buy_5th_pre_req"": ""117"", ""buy_5th_pre_req_pre"": ""0"", ""buy_6th_pre_bid"": ""+74900"", ""buy_6th_pre_req"": ""24"", ""buy_6th_pre_req_pre"": ""0"", ""buy_7th_pre_bid"": ""+74800"", ""buy_7th_pre_req"": ""21"", ""buy_7th_pre_req_pre"": ""0"", ""buy_8th_pre_bid"": ""+74700"", ""buy_8th_pre_req"": ""26"", ""buy_8th_pre_req_pre"": ""0"", ""buy_9th_pre_bid"": ""74600"", ""buy_9th_pre_req"": ""74"", ""buy_9th_pre_req_pre"": ""0"", ""buy_10th_pre_bid"": ""-74500"", ""buy_10th_pre_req"": ""27"", ""buy_10th_pre_req_pre"": ""0"", ""tot_sel_req_jub_pre"": ""0"", ""tot_sel_req"": ""350"", ""tot_buy_req"": ""517"", ""tot_buy_req_jub_pre"": ""+2"", ""ovt_sel_req_pre"": ""0"", ""ovt_sel_req"": ""0"", ""ovt_buy_req"": ""0"", ""ovt_buy_req_pre"": ""0"", ""return_code"": 0, ""return_msg"": ""정상적으로 처리되었습니다""}"
2026-06-10,scan_candidate,014680,,0,main_scan,262500,,262500,262000,262500,264000,0.38095238095238093,0.19047619047619047,,,,,,"{""bid_req_base_tm"": ""100818"", ""sel_10th_pre_req_pre"": ""0"", ""sel_10th_pre_req"": ""3"", ""sel_10th_pre_bid"": ""+267000"", ""sel_9th_pre_req_pre"": ""0"", ""sel_9th_pre_req"": ""16"", ""sel_9th_pre_bid"": ""+266500"", ""sel_8th_pre_req_pre"": ""0"", ""sel_8th_pre_req"": ""24"", ""sel_8th_pre_bid"": ""+266000"", ""sel_7th_pre_req_pre"": ""0"", ""sel_7th_pre_req"": ""59"", ""sel_7th_pre_bid"": ""+265500"", ""sel_6th_pre_req_pre"": ""0"", ""sel_6th_pre_req"": ""49"", ""sel_6th_pre_bid"": ""+265000"", ""sel_5th_pre_req_pre"": ""0"", ""sel_5th_pre_req"": ""30"", ""sel_5th_pre_bid"": ""+264500"", ""sel_4th_pre_req_pre"": ""0"", ""sel_4th_pre_req"": ""108"", ""sel_4th_pre_bid"": ""+264000"", ""sel_3th_pre_req_pre"": ""0"", ""sel_3th_pre_req"": ""50"", ""sel_3th_pre_bid"": ""+263500"", ""sel_2th_pre_req_pre"": ""0"", ""sel_2th_pre_req"": ""35"", ""sel_2th_pre_bid"": ""+263000"", ""sel_1th_pre_req_pre"": ""0"", ""sel_fpr_req"": ""16"", ""sel_fpr_bid"": ""+262500"", ""buy_fpr_bid"": ""+262000"", ""buy_fpr_req"": ""371"", ""buy_1th_pre_req_pre"": ""0"", ""buy_2th_pre_bid"": ""+261500"", ""buy_2th_pre_req"": ""48"", ""buy_2th_pre_req_pre"": ""0"", ""buy_3th_pre_bid"": ""+261000"", ""buy_3th_pre_req"": ""3"", ""buy_3th_pre_req_pre"": ""--4"", ""buy_4th_pre_bid"": ""+260500"", ""buy_4th_pre_req"": ""3"", ""buy_4th_pre_req_pre"": ""0"", ""buy_5th_pre_bid"": ""+260000"", ""buy_5th_pre_req"": ""27"", ""buy_5th_pre_req_pre"": ""0"", ""buy_6th_pre_bid"": ""+259500"", ""buy_6th_pre_req"": ""119"", ""buy_6th_pre_req_pre"": ""0"", ""buy_7th_pre_bid"": ""+259000"", ""buy_7th_pre_req"": ""209"", ""buy_7th_pre_req_pre"": ""0"", ""buy_8th_pre_bid"": ""+258500"", ""buy_8th_pre_req"": ""102"", ""buy_8th_pre_req_pre"": ""0"", ""buy_9th_pre_bid"": ""+258000"", ""buy_9th_pre_req"": ""103"", ""buy_9th_pre_req_pre"": ""0"", ""buy_10th_pre_bid"": ""+257500"", ""buy_10th_pre_req"": ""132"", ""buy_10th_pre_req_pre"": ""0"", ""tot_sel_req_jub_pre"": ""0"", ""tot_sel_req"": ""390"", ""tot_buy_req"": ""1117"", ""tot_buy_req_jub_pre"": ""--4"", ""ovt_sel_req_pre"": ""0"", ""ovt_sel_req"": ""0"", ""ovt_buy_req"": ""0"", ""ovt_buy_req_pre"": ""0"", ""return_code"": 0, ""return_msg"": ""정상적으로 처리되었습니다""}"
2026-06-10,scan_candidate,028670,,0,main_scan,5060,,5060,5050,5060,5080,0.1976284584980237,0.1976284584980237,,,,,,"{""bid_req_base_tm"": ""100822"", ""sel_10th_pre_req_pre"": ""0"", ""sel_10th_pre_req"": ""2211"", ""sel_10th_pre_bid"": ""-5150"", ""sel_9th_pre_req_pre"": ""0"", ""sel_9th_pre_req"": ""331"", ""sel_9th_pre_bid"": ""-5140"", ""sel_8th_pre_req_pre"": ""0"", ""sel_8th_pre_req"": ""660"", ""sel_8th_pre_bid"": ""-5130"", ""sel_7th_pre_req_pre"": ""0"", ""sel_7th_pre_req"": ""2860"", ""sel_7th_pre_bid"": ""-5120"", ""sel_6th_pre_req_pre"": ""0"", ""sel_6th_pre_req"": ""201"", ""sel_6th_pre_bid"": ""-5110"", ""sel_5th_pre_req_pre"": ""0"", ""sel_5th_pre_req"": ""231"", ""sel_5th_pre_bid"": ""-5100"", ""sel_4th_pre_req_pre"": ""0"", ""sel_4th_pre_req"": ""1049"", ""sel_4th_pre_bid"": ""-5090"", ""sel_3th_pre_req_pre"": ""0"", ""sel_3th_pre_req"": ""3490"", ""sel_3th_pre_bid"": ""-5080"", ""sel_2th_pre_req_pre"": ""0"", ""sel_2th_pre_req"": ""8895"", ""sel_2th_pre_bid"": ""-5070"", ""sel_1th_pre_req_pre"": ""+4"", ""sel_fpr_req"": ""185"", ""sel_fpr_bid"": ""-5060"", ""buy_fpr_bid"": ""-5050"", ""buy_fpr_req"": ""7314"", ""buy_1th_pre_req_pre"": ""0"", ""buy_2th_pre_bid"": ""-5040"", ""buy_2th_pre_req"": ""2228"", ""buy_2th_pre_req_pre"": ""0"", ""buy_3th_pre_bid"": ""-5030"", ""buy_3th_pre_req"": ""5416"", ""buy_3th_pre_req_pre"": ""0"", ""buy_4th_pre_bid"": ""-5020"", ""buy_4th_pre_req"": ""8299"", ""buy_4th_pre_req_pre"": ""0"", ""buy_5th_pre_bid"": ""-5010"", ""buy_5th_pre_req"": ""2925"", ""buy_5th_pre_req_pre"": ""0"", ""buy_6th_pre_bid"": ""-5000"", ""buy_6th_pre_req"": ""14571"", ""buy_6th_pre_req_pre"": ""0"", ""buy_7th_pre_bid"": ""-4995"", ""buy_7th_pre_req"": ""1744"", ""buy_7th_pre_req_pre"": ""0"", ""buy_8th_pre_bid"": ""-4990"", ""buy_8th_pre_req"": ""2195"", ""buy_8th_pre_req_pre"": ""0"", ""buy_9th_pre_bid"": ""-4985"", ""buy_9th_pre_req"": ""1148"", ""buy_9th_pre_req_pre"": ""0"", ""buy_10th_pre_bid"": ""-4980"", ""buy_10th_pre_req"": ""5334"", ""buy_10th_pre_req_pre"": ""0"", ""tot_sel_req_jub_pre"": ""+4"", ""tot_sel_req"": ""20113"", ""tot_buy_req"": ""51174"", ""tot_buy_req_jub_pre"": ""0"", ""ovt_sel_req_pre"": ""0"", ""ovt_sel_req"": ""0"", ""ovt_buy_req"": ""0"", ""ovt_buy_req_pre"": ""0"", ""return_code"": 0, ""return_msg"": ""정상적으로 처리되었습니다""}"
2026-06-10,scan_candidate,009420,,0,main_scan,50400,,50400,50300,50400,50600,0.1984126984126984,0.1984126984126984,,,,,,"{""bid_req_base_tm"": ""100823"", ""sel_10th_pre_req_pre"": ""0"", ""sel_10th_pre_req"": ""50"", ""sel_10th_pre_bid"": ""-51400"", ""sel_9th_pre_req_pre"": ""0"", ""sel_9th_pre_req"": ""460"", ""sel_9th_pre_bid"": ""-51300"", ""sel_8th_pre_req_pre"": ""0"", ""sel_8th_pre_req"": ""141"", ""sel_8th_pre_bid"": ""-51200"", ""sel_7th_pre_req_pre"": ""0"", ""sel_7th_pre_req"": ""80"", ""sel_7th_pre_bid"": ""-51100"", ""sel_6th_pre_req_pre"": ""0"", ""sel_6th_pre_req"": ""121"", ""sel_6th_pre_bid"": ""-51000"", ""sel_5th_pre_req_pre"": ""0"", ""sel_5th_pre_req"": ""32"", ""sel_5th_pre_bid"": ""-50900"", ""sel_4th_pre_req_pre"": ""0"", ""sel_4th_pre_req"": ""282"", ""sel_4th_pre_bid"": ""-50700"", ""sel_3th_pre_req_pre"": ""0"", ""sel_3th_pre_req"": ""169"", ""sel_3th_pre_bid"": ""-50600"", ""sel_2th_pre_req_pre"": ""0"", ""sel_2th_pre_req"": ""12"", ""sel_2th_pre_bid"": ""-50500"", ""sel_1th_pre_req_pre"": ""0"", ""sel_fpr_req"": ""81"", ""sel_fpr_bid"": ""-50400"", ""buy_fpr_bid"": ""-50300"", ""buy_fpr_req"": ""226"", ""buy_1th_pre_req_pre"": ""0"", ""buy_2th_pre_bid"": ""-50200"", ""buy_2th_pre_req"": ""23"", ""buy_2th_pre_req_pre"": ""+1"", ""buy_3th_pre_bid"": ""-50100"", ""buy_3th_pre_req"": ""239"", ""buy_3th_pre_req_pre"": ""0"", ""buy_4th_pre_bid"": ""-50000"", ""buy_4th_pre_req"": ""280"", ""buy_4th_pre_req_pre"": ""0"", ""buy_5th_pre_bid"": ""-49950"", ""buy_5th_pre_req"": ""223"", ""buy_5th_pre_req_pre"": ""0"", ""buy_6th_pre_bid"": ""-49900"", ""buy_6th_pre_req"": ""369"", ""buy_6th_pre_req_pre"": ""0"", ""buy_7th_pre_bid"": ""-49850"", ""buy_7th_pre_req"": ""253"", ""buy_7th_pre_req_pre"": ""0"", ""buy_8th_pre_bid"": ""-49800"", ""buy_8th_pre_req"": ""543"", ""buy_8th_pre_req_pre"": ""0"", ""buy_9th_pre_bid"": ""-49750"", ""buy_9th_pre_req"": ""834"", ""buy_9th_pre_req_pre"": ""0"", ""buy_10th_pre_bid"": ""-49700"", ""buy_10th_pre_req"": ""1148"", ""buy_10th_pre_req_pre"": ""0"", ""tot_sel_req_jub_pre"": ""0"", ""tot_sel_req"": ""1428"", ""tot_buy_req"": ""4138"", ""tot_buy_req_jub_pre"": ""+1"", ""ovt_sel_req_pre"": ""0"", ""ovt_sel_req"": ""0"", ""ovt_buy_req"": ""0"", ""ovt_buy_req_pre"": ""0"", ""return_code"": 0, ""return_msg"": ""정상적으로 처리되었습니다""}"
2026-06-10,scan_candidate,375500,,0,main_scan,71100,,71100,71000,71100,70800,-0.5625879043600562,0.14064697609001406,,,,,,"{""bid_req_base_tm"": ""100821"", ""sel_10th_pre_req_pre"": ""0"", ""sel_10th_pre_req"": ""532"", ""sel_10th_pre_bid"": ""+72000"", ""sel_9th_pre_req_pre"": ""0"", ""sel_9th_pre_req"": ""408"", ""sel_9th_pre_bid"": ""+71900"", ""sel_8th_pre_req_pre"": ""0"", ""sel_8th_pre_req"": ""240"", ""sel_8th_pre_bid"": ""+71800"", ""sel_7th_pre_req_pre"": ""0"", ""sel_7th_pre_req"": ""230"", ""sel_7th_pre_bid"": ""+71700"", ""sel_6th_pre_req_pre"": ""0"", ""sel_6th_pre_req"": ""1004"", ""sel_6th_pre_bid"": ""+71600"", ""sel_5th_pre_req_pre"": ""0"", ""sel_5th_pre_req"": ""602"", ""sel_5th_pre_bid"": ""+71500"", ""sel_4th_pre_req_pre"": ""0"", ""sel_4th_pre_req"": ""561"", ""sel_4th_pre_bid"": ""+71400"", ""sel_3th_pre_req_pre"": ""0"", ""sel_3th_pre_req"": ""343"", ""sel_3th_pre_bid"": ""+71300"", ""sel_2th_pre_req_pre"": ""0"", ""sel_2th_pre_req"": ""151"", ""sel_2th_pre_bid"": ""+71200"", ""sel_1th_pre_req_pre"": ""0"", ""sel_fpr_req"": ""163"", ""sel_fpr_bid"": ""+71100"", ""buy_fpr_bid"": ""+71000"", ""buy_fpr_req"": ""3"", ""buy_1th_pre_req_pre"": ""0"", ""buy_2th_pre_bid"": ""+70800"", ""buy_2th_pre_req"": ""30"", ""buy_2th_pre_req_pre"": ""0"", ""buy_3th_pre_bid"": ""+70700"", ""buy_3th_pre_req"": ""515"", ""buy_3th_pre_req_pre"": ""0"", ""buy_4th_pre_bid"": ""+70600"", ""buy_4th_pre_req"": ""792"", ""buy_4th_pre_req_pre"": ""0"", ""buy_5th_pre_bid"": ""+70500"", ""buy_5th_pre_req"": ""107"", ""buy_5th_pre_req_pre"": ""0"", ""buy_6th_pre_bid"": ""+70400"", ""buy_6th_pre_req"": ""1004"", ""buy_6th_pre_req_pre"": ""0"", ""buy_7th_pre_bid"": ""+70300"", ""buy_7th_pre_req"": ""6"", ""buy_7th_pre_req_pre"": ""0"", ""buy_8th_pre_bid"": ""+70200"", ""buy_8th_pre_req"": ""6"", ""buy_8th_pre_req_pre"": ""0"", ""buy_9th_pre_bid"": ""+70100"", ""buy_9th_pre_req"": ""147"", ""buy_9th_pre_req_pre"": ""0"", ""buy_10th_pre_bid"": ""+70000"", ""buy_10th_pre_req"": ""115"", ""buy_10th_pre_req_pre"": ""0"", ""tot_sel_req_jub_pre"": ""0"", ""tot_sel_req"": ""4234"", ""tot_buy_req"": ""2725"", ""tot_buy_req_jub_pre"": ""--10"", ""ovt_sel_req_pre"": ""0"", ""ovt_sel_req"": ""0"", ""ovt_buy_req"": ""0"", ""ovt_buy_req_pre"": ""0"", ""return_code"": 0, ""return_msg"": ""정상적으로 처리되었습니다""}"
2026-06-10,scan_candidate,004990,,0,main_scan,25650,,25650,25600,25650,25650,-0.1949317738791423,0.1949317738791423,,,,,,"{""bid_req_base_tm"": ""100820"", ""sel_10th_pre_req_pre"": ""0"", ""sel_10th_pre_req"": ""69"", ""sel_10th_pre_bid"": ""26150"", ""sel_9th_pre_req_pre"": ""0"", ""sel_9th_pre_req"": ""3603"", ""sel_9th_pre_bid"": ""-26100"", ""sel_8th_pre_req_pre"": ""0"", ""sel_8th_pre_req"": ""61"", ""sel_8th_pre_bid"": ""-26050"", ""sel_7th_pre_req_pre"": ""0"", ""sel_7th_pre_req"": ""3"", ""sel_7th_pre_bid"": ""-26000"", ""sel_6th_pre_req_pre"": ""0"", ""sel_6th_pre_req"": ""16"", ""sel_6th_pre_bid"": ""-25950"", ""sel_5th_pre_req_pre"": ""0"", ""sel_5th_pre_req"": ""250"", ""sel_5th_pre_bid"": ""-25900"", ""sel_4th_pre_req_pre"": ""0"", ""sel_4th_pre_req"": ""250"", ""sel_4th_pre_bid"": ""-25850"", ""sel_3th_pre_req_pre"": ""0"", ""sel_3th_pre_req"": ""770"", ""sel_3th_pre_bid"": ""-25750"", ""sel_2th_pre_req_pre"": ""0"", ""sel_2th_pre_req"": ""134"", ""sel_2th_pre_bid"": ""-25700"", ""sel_1th_pre_req_pre"": ""+23"", ""sel_fpr_req"": ""203"", ""sel_fpr_bid"": ""-25650"", ""buy_fpr_bid"": ""-25600"", ""buy_fpr_req"": ""226"", ""buy_1th_pre_req_pre"": ""0"", ""buy_2th_pre_bid"": ""-25550"", ""buy_2th_pre_req"": ""87"", ""buy_2th_pre_req_pre"": ""0"", ""buy_3th_pre_bid"": ""-25500"", ""buy_3th_pre_req"": ""184"", ""buy_3th_pre_req_pre"": ""0"", ""buy_4th_pre_bid"": ""-25450"", ""buy_4th_pre_req"": ""537"", ""buy_4th_pre_req_pre"": ""0"", ""buy_5th_pre_bid"": ""-25400"", ""buy_5th_pre_req"": ""654"", ""buy_5th_pre_req_pre"": ""0"", ""buy_6th_pre_bid"": ""-25350"", ""buy_6th_pre_req"": ""390"", ""buy_6th_pre_req_pre"": ""0"", ""buy_7th_pre_bid"": ""-25300"", ""buy_7th_pre_req"": ""902"", ""buy_7th_pre_req_pre"": ""0"", ""buy_8th_pre_bid"": ""-25250"", ""buy_8th_pre_req"": ""785"", ""buy_8th_pre_req_pre"": ""0"", ""buy_9th_pre_bid"": ""-25200"", ""buy_9th_pre_req"": ""4207"", ""buy_9th_pre_req_pre"": ""0"", ""buy_10th_pre_bid"": ""-25150"", ""buy_10th_pre_req"": ""1593"", ""buy_10th_pre_req_pre"": ""0"", ""tot_sel_req_jub_pre"": ""+23"", ""tot_sel_req"": ""5359"", ""tot_buy_req"": ""9565"", ""tot_buy_req_jub_pre"": ""0"", ""ovt_sel_req_pre"": ""0"", ""ovt_sel_req"": ""0"", ""ovt_buy_req"": ""0"", ""ovt_buy_req_pre"": ""0"", ""return_code"": 0, ""return_msg"": ""정상적으로 처리되었습니다""}"
2026-06-10,scan_candidate,483650,,0,main_scan,205500,,205500,205000,205500,203000,-1.4598540145985401,0.24330900243309003,,,,,,"{""bid_req_base_tm"": ""100823"", ""sel_10th_pre_req_pre"": ""0"", ""sel_10th_pre_req"": ""1017"", ""sel_10th_pre_bid"": ""+210000"", ""sel_9th_pre_req_pre"": ""0"", ""sel_9th_pre_req"": ""1017"", ""sel_9th_pre_bid"": ""+209500"", ""sel_8th_pre_req_pre"": ""0"", ""sel_8th_pre_req"": ""626"", ""sel_8th_pre_bid"": ""+209000"", ""sel_7th_pre_req_pre"": ""0"", ""sel_7th_pre_req"": ""237"", ""sel_7th_pre_bid"": ""+208500"", ""sel_6th_pre_req_pre"": ""0"", ""sel_6th_pre_req"": ""483"", ""sel_6th_pre_bid"": ""+208000"", ""sel_5th_pre_req_pre"": ""0"", ""sel_5th_pre_req"": ""381"", ""sel_5th_pre_bid"": ""+207500"", ""sel_4th_pre_req_pre"": ""0"", ""sel_4th_pre_req"": ""995"", ""sel_4th_pre_bid"": ""+207000"", ""sel_3th_pre_req_pre"": ""0"", ""sel_3th_pre_req"": ""1668"", ""sel_3th_pre_bid"": ""+206500"", ""sel_2th_pre_req_pre"": ""0"", ""sel_2th_pre_req"": ""1409"", ""sel_2th_pre_bid"": ""+206000"", ""sel_1th_pre_req_pre"": ""0"", ""sel_fpr_req"": ""589"", ""sel_fpr_bid"": ""+205500"", ""buy_fpr_bid"": ""+205000"", ""buy_fpr_req"": ""252"", ""buy_1th_pre_req_pre"": ""+16"", ""buy_2th_pre_bid"": ""+204500"", ""buy_2th_pre_req"": ""22"", ""buy_2th_pre_req_pre"": ""0"", ""buy_3th_pre_bid"": ""+204000"", ""buy_3th_pre_req"": ""255"", ""buy_3th_pre_req_pre"": ""0"", ""buy_4th_pre_bid"": ""+203500"", ""buy_4th_pre_req"": ""39"", ""buy_4th_pre_req_pre"": ""0"", ""buy_5th_pre_bid"": ""+203000"", ""buy_5th_pre_req"": ""82"", ""buy_5th_pre_req_pre"": ""0"", ""buy_6th_pre_bid"": ""+202500"", ""buy_6th_pre_req"": ""123"", ""buy_6th_pre_req_pre"": ""0"", ""buy_7th_pre_bid"": ""+202000"", ""buy_7th_pre_req"": ""221"", ""buy_7th_pre_req_pre"": ""0"", ""buy_8th_pre_bid"": ""+201500"", ""buy_8th_pre_req"": ""107"", ""buy_8th_pre_req_pre"": ""0"", ""buy_9th_pre_bid"": ""+201000"", ""buy_9th_pre_req"": ""280"", ""buy_9th_pre_req_pre"": ""0"", ""buy_10th_pre_bid"": ""+200500"", ""buy_10th_pre_req"": ""161"", ""buy_10th_pre_req_pre"": ""0"", ""tot_sel_req_jub_pre"": ""0"", ""tot_sel_req"": ""8422"", ""tot_buy_req"": ""1542"", ""tot_buy_req_jub_pre"": ""+16"", ""ovt_sel_req_pre"": ""0"", ""ovt_sel_req"": ""0"", ""ovt_buy_req"": ""0"", ""ovt_buy_req_pre"": ""0"", ""return_code"": 0, ""return_msg"": ""정상적으로 처리되었습니다""}"
2026-06-10,scan_candidate,003690,,0,main_scan,13380,,13380,13370,13380,13300,-0.9715994020926756,0.07473841554559044,,,,,,"{""bid_req_base_tm"": ""100816"", ""sel_10th_pre_req_pre"": ""0"", ""sel_10th_pre_req"": ""260"", ""sel_10th_pre_bid"": ""+13470"", ""sel_9th_pre_req_pre"": ""0"", ""sel_9th_pre_req"": ""80"", ""sel_9th_pre_bid"": ""+13460"", ""sel_8th_pre_req_pre"": ""0"", ""sel_8th_pre_req"": ""352"", ""sel_8th_pre_bid"": ""+13450"", ""sel_7th_pre_req_pre"": ""0"", ""sel_7th_pre_req"": ""50"", ""sel_7th_pre_bid"": ""13440"", ""sel_6th_pre_req_pre"": ""0"", ""sel_6th_pre_req"": ""263"", ""sel_6th_pre_bid"": ""-13430"", ""sel_5th_pre_req_pre"": ""0"", ""sel_5th_pre_req"": ""201"", ""sel_5th_pre_bid"": ""-13420"", ""sel_4th_pre_req_pre"": ""0"", ""sel_4th_pre_req"": ""118"", ""sel_4th_pre_bid"": ""-13410"", ""sel_3th_pre_req_pre"": ""0"", ""sel_3th_pre_req"": ""67"", ""sel_3th_pre_bid"": ""-13400"", ""sel_2th_pre_req_pre"": ""0"", ""sel_2th_pre_req"": ""414"", ""sel_2th_pre_bid"": ""-13390"", ""sel_1th_pre_req_pre"": ""--1"", ""sel_fpr_req"": ""283"", ""sel_fpr_bid"": ""-13380"", ""buy_fpr_bid"": ""-13370"", ""buy_fpr_req"": ""483"", ""buy_1th_pre_req_pre"": ""0"", ""buy_2th_pre_bid"": ""-13350"", ""buy_2th_pre_req"": ""420"", ""buy_2th_pre_req_pre"": ""0"", ""buy_3th_pre_bid"": ""-13340"", ""buy_3th_pre_req"": ""142"", ""buy_3th_pre_req_pre"": ""0"", ""buy_4th_pre_bid"": ""-13300"", ""buy_4th_pre_req"": ""201"", ""buy_4th_pre_req_pre"": ""0"", ""buy_5th_pre_bid"": ""-13290"", ""buy_5th_pre_req"": ""50"", ""buy_5th_pre_req_pre"": ""0"", ""buy_6th_pre_bid"": ""-13280"", ""buy_6th_pre_req"": ""41"", ""buy_6th_pre_req_pre"": ""0"", ""buy_7th_pre_bid"": ""-13250"", ""buy_7th_pre_req"": ""65"", ""buy_7th_pre_req_pre"": ""0"", ""buy_8th_pre_bid"": ""-13240"", ""buy_8th_pre_req"": ""15"", ""buy_8th_pre_req_pre"": ""0"", ""buy_9th_pre_bid"": ""-13220"", ""buy_9th_pre_req"": ""29"", ""buy_9th_pre_req_pre"": ""0"", ""buy_10th_pre_bid"": ""-13210"", ""buy_10th_pre_req"": ""500"", ""buy_10th_pre_req_pre"": ""0"", ""tot_sel_req_jub_pre"": ""--1"", ""tot_sel_req"": ""2088"", ""tot_buy_req"": ""1946"", ""tot_buy_req_jub_pre"": ""0"", ""ovt_sel_req_pre"": ""0"", ""ovt_sel_req"": ""0"", ""ovt_buy_req"": ""0"", ""ovt_buy_req_pre"": ""0"", ""return_code"": 0, ""return_msg"": ""정상적으로 처리되었습니다""}"
2026-06-10,scan_candidate,279570,,0,main_scan,5990,,5990,5980,5990,5960,-0.667779632721202,0.1669449081803005,,,,,,"{""bid_req_base_tm"": ""100824"", ""sel_10th_pre_req_pre"": ""0"", ""sel_10th_pre_req"": ""12082"", ""sel_10th_pre_bid"": ""+6080"", ""sel_9th_pre_req_pre"": ""0"", ""sel_9th_pre_req"": ""11852"", ""sel_9th_pre_bid"": ""+6070"", ""sel_8th_pre_req_pre"": ""0"", ""sel_8th_pre_req"": ""33677"", ""sel_8th_pre_bid"": ""+6060"", ""sel_7th_pre_req_pre"": ""0"", ""sel_7th_pre_req"": ""36166"", ""sel_7th_pre_bid"": ""+6050"", ""sel_6th_pre_req_pre"": ""0"", ""sel_6th_pre_req"": ""21190"", ""sel_6th_pre_bid"": ""+6040"", ""sel_5th_pre_req_pre"": ""0"", ""sel_5th_pre_req"": ""27062"", ""sel_5th_pre_bid"": ""+6030"", ""sel_4th_pre_req_pre"": ""0"", ""sel_4th_pre_req"": ""22874"", ""sel_4th_pre_bid"": ""+6020"", ""sel_3th_pre_req_pre"": ""0"", ""sel_3th_pre_req"": ""13822"", ""sel_3th_pre_bid"": ""+6010"", ""sel_2th_pre_req_pre"": ""0"", ""sel_2th_pre_req"": ""31620"", ""sel_2th_pre_bid"": ""+6000"", ""sel_1th_pre_req_pre"": ""--1"", ""sel_fpr_req"": ""13895"", ""sel_fpr_bid"": ""+5990"", ""buy_fpr_bid"": ""+5980"", ""buy_fpr_req"": ""2416"", ""buy_1th_pre_req_pre"": ""0"", ""buy_2th_pre_bid"": ""+5970"", ""buy_2th_pre_req"": ""2818"", ""buy_2th_pre_req_pre"": ""0"", ""buy_3th_pre_bid"": ""+5960"", ""buy_3th_pre_req"": ""3954"", ""buy_3th_pre_req_pre"": ""0"", ""buy_4th_pre_bid"": ""+5950"", ""buy_4th_pre_req"": ""14729"", ""buy_4th_pre_req_pre"": ""0"", ""buy_5th_pre_bid"": ""+5940"", ""buy_5th_pre_req"": ""4333"", ""buy_5th_pre_req_pre"": ""0"", ""buy_6th_pre_bid"": ""+5930"", ""buy_6th_pre_req"": ""12780"", ""buy_6th_pre_req_pre"": ""0"", ""buy_7th_pre_bid"": ""+5920"", ""buy_7th_pre_req"": ""6280"", ""buy_7th_pre_req_pre"": ""0"", ""buy_8th_pre_bid"": ""+5910"", ""buy_8th_pre_req"": ""12850"", ""buy_8th_pre_req_pre"": ""0"", ""buy_9th_pre_bid"": ""+5900"", ""buy_9th_pre_req"": ""29556"", ""buy_9th_pre_req_pre"": ""0"", ""buy_10th_pre_bid"": ""+5890"", ""buy_10th_pre_req"": ""3519"", ""buy_10th_pre_req_pre"": ""0"", ""tot_sel_req_jub_pre"": ""--1"", ""tot_sel_req"": ""224240"", ""tot_buy_req"": ""93235"", ""tot_buy_req_jub_pre"": ""0"", ""ovt_sel_req_pre"": ""0"", ""ovt_sel_req"": ""0"", ""ovt_buy_req"": ""0"", ""ovt_buy_req_pre"": ""0"", ""return_code"": 0, ""return_msg"": ""정상적으로 처리되었습니다""}"
2026-06-10,scan_candidate,008770,,0,main_scan,54100,,54100,54000,54100,54100,-0.18484288354898337,0.18484288354898337,,,,,,"{""bid_req_base_tm"": ""100823"", ""sel_10th_pre_req_pre"": ""0"", ""sel_10th_pre_req"": ""431"", ""sel_10th_pre_bid"": ""-55000"", ""sel_9th_pre_req_pre"": ""0"", ""sel_9th_pre_req"": ""312"", ""sel_9th_pre_bid"": ""-54900"", ""sel_8th_pre_req_pre"": ""0"", ""sel_8th_pre_req"": ""49"", ""sel_8th_pre_bid"": ""-54800"", ""sel_7th_pre_req_pre"": ""0"", ""sel_7th_pre_req"": ""15"", ""sel_7th_pre_bid"": ""-54700"", ""sel_6th_pre_req_pre"": ""0"", ""sel_6th_pre_req"": ""233"", ""sel_6th_pre_bid"": ""-54600"", ""sel_5th_pre_req_pre"": ""0"", ""sel_5th_pre_req"": ""85"", ""sel_5th_pre_bid"": ""-54500"", ""sel_4th_pre_req_pre"": ""0"", ""sel_4th_pre_req"": ""28"", ""sel_4th_pre_bid"": ""-54400"", ""sel_3th_pre_req_pre"": ""0"", ""sel_3th_pre_req"": ""42"", ""sel_3th_pre_bid"": ""-54300"", ""sel_2th_pre_req_pre"": ""0"", ""sel_2th_pre_req"": ""77"", ""sel_2th_pre_bid"": ""-54200"", ""sel_1th_pre_req_pre"": ""0"", ""sel_fpr_req"": ""214"", ""sel_fpr_bid"": ""-54100"", ""buy_fpr_bid"": ""-54000"", ""buy_fpr_req"": ""10"", ""buy_1th_pre_req_pre"": ""0"", ""buy_2th_pre_bid"": ""-53900"", ""buy_2th_pre_req"": ""337"", ""buy_2th_pre_req_pre"": ""0"", ""buy_3th_pre_bid"": ""-53800"", ""buy_3th_pre_req"": ""57"", ""buy_3th_pre_req_pre"": ""0"", ""buy_4th_pre_bid"": ""-53700"", ""buy_4th_pre_req"": ""34"", ""buy_4th_pre_req_pre"": ""0"", ""buy_5th_pre_bid"": ""-53600"", ""buy_5th_pre_req"": ""113"", ""buy_5th_pre_req_pre"": ""0"", ""buy_6th_pre_bid"": ""-53500"", ""buy_6th_pre_req"": ""36"", ""buy_6th_pre_req_pre"": ""0"", ""buy_7th_pre_bid"": ""-53400"", ""buy_7th_pre_req"": ""162"", ""buy_7th_pre_req_pre"": ""0"", ""buy_8th_pre_bid"": ""-53300"", ""buy_8th_pre_req"": ""583"", ""buy_8th_pre_req_pre"": ""0"", ""buy_9th_pre_bid"": ""-53200"", ""buy_9th_pre_req"": ""402"", ""buy_9th_pre_req_pre"": ""0"", ""buy_10th_pre_bid"": ""-53100"", ""buy_10th_pre_req"": ""353"", ""buy_10th_pre_req_pre"": ""0"", ""tot_sel_req_jub_pre"": ""0"", ""tot_sel_req"": ""1486"", ""tot_buy_req"": ""2087"", ""tot_buy_req_jub_pre"": ""0"", ""ovt_sel_req_pre"": ""0"", ""ovt_sel_req"": ""0"", ""ovt_buy_req"": ""0"", ""ovt_buy_req_pre"": ""0"", ""return_code"": 0, ""return_msg"": ""정상적으로 처리되었습니다""}"
2026-06-10,scan_candidate,081660,,0,main_scan,40250,,40250,40200,40250,40350,0.12422360248447205,0.12422360248447205,,,,,,"{""bid_req_base_tm"": ""100818"", ""sel_10th_pre_req_pre"": ""0"", ""sel_10th_pre_req"": ""90"", ""sel_10th_pre_bid"": ""+40700"", ""sel_9th_pre_req_pre"": ""0"", ""sel_9th_pre_req"": ""50"", ""sel_9th_pre_bid"": ""+40650"", ""sel_8th_pre_req_pre"": ""0"", ""sel_8th_pre_req"": ""75"", ""sel_8th_pre_bid"": ""+40600"", ""sel_7th_pre_req_pre"": ""0"", ""sel_7th_pre_req"": ""126"", ""sel_7th_pre_bid"": ""+40550"", ""sel_6th_pre_req_pre"": ""0"", ""sel_6th_pre_req"": ""57"", ""sel_6th_pre_bid"": ""+40500"", ""sel_5th_pre_req_pre"": ""0"", ""sel_5th_pre_req"": ""70"", ""sel_5th_pre_bid"": ""+40450"", ""sel_4th_pre_req_pre"": ""0"", ""sel_4th_pre_req"": ""141"", ""sel_4th_pre_bid"": ""+40400"", ""sel_3th_pre_req_pre"": ""0"", ""sel_3th_pre_req"": ""120"", ""sel_3th_pre_bid"": ""+40350"", ""sel_2th_pre_req_pre"": ""0"", ""sel_2th_pre_req"": ""15"", ""sel_2th_pre_bid"": ""+40300"", ""sel_1th_pre_req_pre"": ""0"", ""sel_fpr_req"": ""197"", ""sel_fpr_bid"": ""+40250"", ""buy_fpr_bid"": ""+40200"", ""buy_fpr_req"": ""273"", ""buy_1th_pre_req_pre"": ""0"", ""buy_2th_pre_bid"": ""+40150"", ""buy_2th_pre_req"": ""73"", ""buy_2th_pre_req_pre"": ""0"", ""buy_3th_pre_bid"": ""+40100"", ""buy_3th_pre_req"": ""25"", ""buy_3th_pre_req_pre"": ""0"", ""buy_4th_pre_bid"": ""+40050"", ""buy_4th_pre_req"": ""81"", ""buy_4th_pre_req_pre"": ""0"", ""buy_5th_pre_bid"": ""+40000"", ""buy_5th_pre_req"": ""757"", ""buy_5th_pre_req_pre"": ""0"", ""buy_6th_pre_bid"": ""+39950"", ""buy_6th_pre_req"": ""539"", ""buy_6th_pre_req_pre"": ""0"", ""buy_7th_pre_bid"": ""+39900"", ""buy_7th_pre_req"": ""21"", ""buy_7th_pre_req_pre"": ""0"", ""buy_8th_pre_bid"": ""+39850"", ""buy_8th_pre_req"": ""91"", ""buy_8th_pre_req_pre"": ""0"", ""buy_9th_pre_bid"": ""+39800"", ""buy_9th_pre_req"": ""40"", ""buy_9th_pre_req_pre"": ""0"", ""buy_10th_pre_bid"": ""+39750"", ""buy_10th_pre_req"": ""40"", ""buy_10th_pre_req_pre"": ""0"", ""tot_sel_req_jub_pre"": ""0"", ""tot_sel_req"": ""941"", ""tot_buy_req"": ""1940"", ""tot_buy_req_jub_pre"": ""0"", ""ovt_sel_req_pre"": ""0"", ""ovt_sel_req"": ""0"", ""ovt_buy_req"": ""0"", ""ovt_buy_req_pre"": ""0"", ""return_code"": 0, ""return_msg"": ""정상적으로 처리되었습니다""}"
2026-06-10,scan_candidate,462870,,0,main_scan,31200,,31200,31150,31200,31150,-0.3205128205128205,0.16025641025641024,,,,,,"{""bid_req_base_tm"": ""100824"", ""sel_10th_pre_req_pre"": ""0"", ""sel_10th_pre_req"": ""2072"", ""sel_10th_pre_bid"": ""-31700"", ""sel_9th_pre_req_pre"": ""0"", ""sel_9th_pre_req"": ""280"", ""sel_9th_pre_bid"": ""-31650"", ""sel_8th_pre_req_pre"": ""0"", ""sel_8th_pre_req"": ""36"", ""sel_8th_pre_bid"": ""-31600"", ""sel_7th_pre_req_pre"": ""0"", ""sel_7th_pre_req"": ""82"", ""sel_7th_pre_bid"": ""-31550"", ""sel_6th_pre_req_pre"": ""0"", ""sel_6th_pre_req"": ""167"", ""sel_6th_pre_bid"": ""-31500"", ""sel_5th_pre_req_pre"": ""0"", ""sel_5th_pre_req"": ""55"", ""sel_5th_pre_bid"": ""-31450"", ""sel_4th_pre_req_pre"": ""0"", ""sel_4th_pre_req"": ""131"", ""sel_4th_pre_bid"": ""-31400"", ""sel_3th_pre_req_pre"": ""0"", ""sel_3th_pre_req"": ""28"", ""sel_3th_pre_bid"": ""-31300"", ""sel_2th_pre_req_pre"": ""0"", ""sel_2th_pre_req"": ""11"", ""sel_2th_pre_bid"": ""-31250"", ""sel_1th_pre_req_pre"": ""0"", ""sel_fpr_req"": ""31"", ""sel_fpr_bid"": ""-31200"", ""buy_fpr_bid"": ""-31150"", ""buy_fpr_req"": ""42"", ""buy_1th_pre_req_pre"": ""+7"", ""buy_2th_pre_bid"": ""-31100"", ""buy_2th_pre_req"": ""19"", ""buy_2th_pre_req_pre"": ""0"", ""buy_3th_pre_bid"": ""-31050"", ""buy_3th_pre_req"": ""105"", ""buy_3th_pre_req_pre"": ""0"", ""buy_4th_pre_bid"": ""-31000"", ""buy_4th_pre_req"": ""27"", ""buy_4th_pre_req_pre"": ""0"", ""buy_5th_pre_bid"": ""-30950"", ""buy_5th_pre_req"": ""6"", ""buy_5th_pre_req_pre"": ""0"", ""buy_6th_pre_bid"": ""-30900"", ""buy_6th_pre_req"": ""17"", ""buy_6th_pre_req_pre"": ""0"", ""buy_7th_pre_bid"": ""-30850"", ""buy_7th_pre_req"": ""11"", ""buy_7th_pre_req_pre"": ""0"", ""buy_8th_pre_bid"": ""-30800"", ""buy_8th_pre_req"": ""26"", ""buy_8th_pre_req_pre"": ""0"", ""buy_9th_pre_bid"": ""-30750"", ""buy_9th_pre_req"": ""93"", ""buy_9th_pre_req_pre"": ""0"", ""buy_10th_pre_bid"": ""-30700"", ""buy_10th_pre_req"": ""176"", ""buy_10th_pre_req_pre"": ""0"", ""tot_sel_req_jub_pre"": ""0"", ""tot_sel_req"": ""2893"", ""tot_buy_req"": ""522"", ""tot_buy_req_jub_pre"": ""+7"", ""ovt_sel_req_pre"": ""0"", ""ovt_sel_req"": ""0"", ""ovt_buy_req"": ""0"", ""ovt_buy_req_pre"": ""0"", ""return_code"": 0, ""return_msg"": ""정상적으로 처리되었습니다""}"
2026-06-10,scan_candidate,120110,,0,main_scan,69900,,69900,69700,69900,69700,-0.4291845493562232,0.28612303290414876,,,,,,"{""bid_req_base_tm"": ""100824"", ""sel_10th_pre_req_pre"": ""0"", ""sel_10th_pre_req"": ""66"", ""sel_10th_pre_bid"": ""+70900"", ""sel_9th_pre_req_pre"": ""0"", ""sel_9th_pre_req"": ""116"", ""sel_9th_pre_bid"": ""+70800"", ""sel_8th_pre_req_pre"": ""0"", ""sel_8th_pre_req"": ""13"", ""sel_8th_pre_bid"": ""+70700"", ""sel_7th_pre_req_pre"": ""0"", ""sel_7th_pre_req"": ""1"", ""sel_7th_pre_bid"": ""+70600"", ""sel_6th_pre_req_pre"": ""0"", ""sel_6th_pre_req"": ""78"", ""sel_6th_pre_bid"": ""+70500"", ""sel_5th_pre_req_pre"": ""0"", ""sel_5th_pre_req"": ""123"", ""sel_5th_pre_bid"": ""+70400"", ""sel_4th_pre_req_pre"": ""0"", ""sel_4th_pre_req"": ""304"", ""sel_4th_pre_bid"": ""+70200"", ""sel_3th_pre_req_pre"": ""0"", ""sel_3th_pre_req"": ""95"", ""sel_3th_pre_bid"": ""+70100"", ""sel_2th_pre_req_pre"": ""0"", ""sel_2th_pre_req"": ""22"", ""sel_2th_pre_bid"": ""+70000"", ""sel_1th_pre_req_pre"": ""0"", ""sel_fpr_req"": ""97"", ""sel_fpr_bid"": ""+69900"", ""buy_fpr_bid"": ""+69700"", ""buy_fpr_req"": ""150"", ""buy_1th_pre_req_pre"": ""0"", ""buy_2th_pre_bid"": ""+69600"", ""buy_2th_pre_req"": ""18"", ""buy_2th_pre_req_pre"": ""0"", ""buy_3th_pre_bid"": ""+69400"", ""buy_3th_pre_req"": ""100"", ""buy_3th_pre_req_pre"": ""0"", ""buy_4th_pre_bid"": ""+69200"", ""buy_4th_pre_req"": ""12"", ""buy_4th_pre_req_pre"": ""0"", ""buy_5th_pre_bid"": ""+69100"", ""buy_5th_pre_req"": ""109"", ""buy_5th_pre_req_pre"": ""0"", ""buy_6th_pre_bid"": ""+69000"", ""buy_6th_pre_req"": ""507"", ""buy_6th_pre_req_pre"": ""0"", ""buy_7th_pre_bid"": ""+68900"", ""buy_7th_pre_req"": ""5"", ""buy_7th_pre_req_pre"": ""0"", ""buy_8th_pre_bid"": ""+68800"", ""buy_8th_pre_req"": ""2"", ""buy_8th_pre_req_pre"": ""0"", ""buy_9th_pre_bid"": ""+68700"", ""buy_9th_pre_req"": ""10"", ""buy_9th_pre_req_pre"": ""0"", ""buy_10th_pre_bid"": ""+68600"", ""buy_10th_pre_req"": ""86"", ""buy_10th_pre_req_pre"": ""0"", ""tot_sel_req_jub_pre"": ""0"", ""tot_sel_req"": ""915"", ""tot_buy_req"": ""999"", ""tot_buy_req_jub_pre"": ""+98"", ""ovt_sel_req_pre"": ""0"", ""ovt_sel_req"": ""0"", ""ovt_buy_req"": ""0"", ""ovt_buy_req_pre"": ""0"", ""return_code"": 0, ""return_msg"": ""정상적으로 처리되었습니다""}"
2026-06-10,scan_candidate,009155,,0,main_scan,604000,,604000,603000,604000,607000,0.33112582781456956,0.16556291390728478,,,,,,"{""bid_req_base_tm"": ""100823"", ""sel_10th_pre_req_pre"": ""0"", ""sel_10th_pre_req"": ""49"", ""sel_10th_pre_bid"": ""-613000"", ""sel_9th_pre_req_pre"": ""0"", ""sel_9th_pre_req"": ""72"", ""sel_9th_pre_bid"": ""-612000"", ""sel_8th_pre_req_pre"": ""0"", ""sel_8th_pre_req"": ""2"", ""sel_8th_pre_bid"": ""-611000"", ""sel_7th_pre_req_pre"": ""0"", ""sel_7th_pre_req"": ""48"", ""sel_7th_pre_bid"": ""-610000"", ""sel_6th_pre_req_pre"": ""0"", ""sel_6th_pre_req"": ""18"", ""sel_6th_pre_bid"": ""-609000"", ""sel_5th_pre_req_pre"": ""0"", ""sel_5th_pre_req"": ""11"", ""sel_5th_pre_bid"": ""-608000"", ""sel_4th_pre_req_pre"": ""0"", ""sel_4th_pre_req"": ""16"", ""sel_4th_pre_bid"": ""-607000"", ""sel_3th_pre_req_pre"": ""0"", ""sel_3th_pre_req"": ""5"", ""sel_3th_pre_bid"": ""-606000"", ""sel_2th_pre_req_pre"": ""0"", ""sel_2th_pre_req"": ""10"", ""sel_2th_pre_bid"": ""-605000"", ""sel_1th_pre_req_pre"": ""0"", ""sel_fpr_req"": ""5"", ""sel_fpr_bid"": ""-604000"", ""buy_fpr_bid"": ""-603000"", ""buy_fpr_req"": ""56"", ""buy_1th_pre_req_pre"": ""0"", ""buy_2th_pre_bid"": ""-602000"", ""buy_2th_pre_req"": ""167"", ""buy_2th_pre_req_pre"": ""0"", ""buy_3th_pre_bid"": ""-601000"", ""buy_3th_pre_req"": ""67"", ""buy_3th_pre_req_pre"": ""0"", ""buy_4th_pre_bid"": ""-600000"", ""buy_4th_pre_req"": ""333"", ""buy_4th_pre_req_pre"": ""0"", ""buy_5th_pre_bid"": ""-599000"", ""buy_5th_pre_req"": ""165"", ""buy_5th_pre_req_pre"": ""0"", ""buy_6th_pre_bid"": ""-598000"", ""buy_6th_pre_req"": ""81"", ""buy_6th_pre_req_pre"": ""0"", ""buy_7th_pre_bid"": ""-597000"", ""buy_7th_pre_req"": ""109"", ""buy_7th_pre_req_pre"": ""0"", ""buy_8th_pre_bid"": ""-596000"", ""buy_8th_pre_req"": ""58"", ""buy_8th_pre_req_pre"": ""0"", ""buy_9th_pre_bid"": ""-595000"", ""buy_9th_pre_req"": ""211"", ""buy_9th_pre_req_pre"": ""0"", ""buy_10th_pre_bid"": ""-594000"", ""buy_10th_pre_req"": ""31"", ""buy_10th_pre_req_pre"": ""0"", ""tot_sel_req_jub_pre"": ""+2"", ""tot_sel_req"": ""236"", ""tot_buy_req"": ""1278"", ""tot_buy_req_jub_pre"": ""0"", ""ovt_sel_req_pre"": ""0"", ""ovt_sel_req"": ""0"", ""ovt_buy_req"": ""0"", ""ovt_buy_req_pre"": ""0"", ""return_code"": 0, ""return_msg"": ""정상적으로 처리되었습니다""}"
2026-06-10,scan_candidate,017960,,0,main_scan,31600,,31600,31500,31600,31450,-0.6329113924050633,0.31645569620253167,,,,,,"{""bid_req_base_tm"": ""100825"", ""sel_10th_pre_req_pre"": ""0"", ""sel_10th_pre_req"": ""2"", ""sel_10th_pre_bid"": ""+32050"", ""sel_9th_pre_req_pre"": ""0"", ""sel_9th_pre_req"": ""685"", ""sel_9th_pre_bid"": ""+32000"", ""sel_8th_pre_req_pre"": ""0"", ""sel_8th_pre_req"": ""151"", ""sel_8th_pre_bid"": ""+31950"", ""sel_7th_pre_req_pre"": ""0"", ""sel_7th_pre_req"": ""1382"", ""sel_7th_pre_bid"": ""+31900"", ""sel_6th_pre_req_pre"": ""0"", ""sel_6th_pre_req"": ""57"", ""sel_6th_pre_bid"": ""+31850"", ""sel_5th_pre_req_pre"": ""+180"", ""sel_5th_pre_req"": ""210"", ""sel_5th_pre_bid"": ""+31800"", ""sel_4th_pre_req_pre"": ""0"", ""sel_4th_pre_req"": ""106"", ""sel_4th_pre_bid"": ""+31750"", ""sel_3th_pre_req_pre"": ""+100"", ""sel_3th_pre_req"": ""302"", ""sel_3th_pre_bid"": ""+31700"", ""sel_2th_pre_req_pre"": ""0"", ""sel_2th_pre_req"": ""114"", ""sel_2th_pre_bid"": ""+31650"", ""sel_1th_pre_req_pre"": ""0"", ""sel_fpr_req"": ""372"", ""sel_fpr_bid"": ""+31600"", ""buy_fpr_bid"": ""+31500"", ""buy_fpr_req"": ""119"", ""buy_1th_pre_req_pre"": ""0"", ""buy_2th_pre_bid"": ""+31450"", ""buy_2th_pre_req"": ""11"", ""buy_2th_pre_req_pre"": ""0"", ""buy_3th_pre_bid"": ""+31400"", ""buy_3th_pre_req"": ""278"", ""buy_3th_pre_req_pre"": ""0"", ""buy_4th_pre_bid"": ""+31350"", ""buy_4th_pre_req"": ""538"", ""buy_4th_pre_req_pre"": ""0"", ""buy_5th_pre_bid"": ""+31300"", ""buy_5th_pre_req"": ""98"", ""buy_5th_pre_req_pre"": ""0"", ""buy_6th_pre_bid"": ""+31250"", ""buy_6th_pre_req"": ""61"", ""buy_6th_pre_req_pre"": ""0"", ""buy_7th_pre_bid"": ""+31200"", ""buy_7th_pre_req"": ""52"", ""buy_7th_pre_req_pre"": ""0"", ""buy_8th_pre_bid"": ""+31150"", ""buy_8th_pre_req"": ""27"", ""buy_8th_pre_req_pre"": ""0"", ""buy_9th_pre_bid"": ""+31100"", ""buy_9th_pre_req"": ""78"", ""buy_9th_pre_req_pre"": ""0"", ""buy_10th_pre_bid"": ""+31050"", ""buy_10th_pre_req"": ""169"", ""buy_10th_pre_req_pre"": ""0"", ""tot_sel_req_jub_pre"": ""+280"", ""tot_sel_req"": ""3381"", ""tot_buy_req"": ""1431"", ""tot_buy_req_jub_pre"": ""0"", ""ovt_sel_req_pre"": ""0"", ""ovt_sel_req"": ""0"", ""ovt_buy_req"": ""0"", ""ovt_buy_req_pre"": ""0"", ""return_code"": 0, ""return_msg"": ""정상적으로 처리되었습니다""}"
2026-06-10,scan_candidate,192080,,0,main_scan,72400,,72400,72300,72400,72500,0.0,0.13812154696132595,,,,,,"{""bid_req_base_tm"": ""100814"", ""sel_10th_pre_req_pre"": ""0"", ""sel_10th_pre_req"": ""44"", ""sel_10th_pre_bid"": ""+73500"", ""sel_9th_pre_req_pre"": ""0"", ""sel_9th_pre_req"": ""73"", ""sel_9th_pre_bid"": ""+73400"", ""sel_8th_pre_req_pre"": ""0"", ""sel_8th_pre_req"": ""11"", ""sel_8th_pre_bid"": ""+73300"", ""sel_7th_pre_req_pre"": ""0"", ""sel_7th_pre_req"": ""12"", ""sel_7th_pre_bid"": ""+73200"", ""sel_6th_pre_req_pre"": ""0"", ""sel_6th_pre_req"": ""50"", ""sel_6th_pre_bid"": ""+73000"", ""sel_5th_pre_req_pre"": ""0"", ""sel_5th_pre_req"": ""4"", ""sel_5th_pre_bid"": ""+72900"", ""sel_4th_pre_req_pre"": ""0"", ""sel_4th_pre_req"": ""1"", ""sel_4th_pre_bid"": ""+72700"", ""sel_3th_pre_req_pre"": ""--16"", ""sel_3th_pre_req"": ""11"", ""sel_3th_pre_bid"": ""+72600"", ""sel_2th_pre_req_pre"": ""0"", ""sel_2th_pre_req"": ""40"", ""sel_2th_pre_bid"": ""+72500"", ""sel_1th_pre_req_pre"": ""+16"", ""sel_fpr_req"": ""92"", ""sel_fpr_bid"": ""+72400"", ""buy_fpr_bid"": ""+72300"", ""buy_fpr_req"": ""58"", ""buy_1th_pre_req_pre"": ""0"", ""buy_2th_pre_bid"": ""+72200"", ""buy_2th_pre_req"": ""26"", ""buy_2th_pre_req_pre"": ""0"", ""buy_3th_pre_bid"": ""+72100"", ""buy_3th_pre_req"": ""26"", ""buy_3th_pre_req_pre"": ""0"", ""buy_4th_pre_bid"": ""72000"", ""buy_4th_pre_req"": ""66"", ""buy_4th_pre_req_pre"": ""0"", ""buy_5th_pre_bid"": ""-71900"", ""buy_5th_pre_req"": ""22"", ""buy_5th_pre_req_pre"": ""0"", ""buy_6th_pre_bid"": ""-71800"", ""buy_6th_pre_req"": ""66"", ""buy_6th_pre_req_pre"": ""0"", ""buy_7th_pre_bid"": ""-71700"", ""buy_7th_pre_req"": ""33"", ""buy_7th_pre_req_pre"": ""0"", ""buy_8th_pre_bid"": ""-71600"", ""buy_8th_pre_req"": ""80"", ""buy_8th_pre_req_pre"": ""0"", ""buy_9th_pre_bid"": ""-71500"", ""buy_9th_pre_req"": ""55"", ""buy_9th_pre_req_pre"": ""0"", ""buy_10th_pre_bid"": ""-71400"", ""buy_10th_pre_req"": ""43"", ""buy_10th_pre_req_pre"": ""0"", ""tot_sel_req_jub_pre"": ""0"", ""tot_sel_req"": ""338"", ""tot_buy_req"": ""475"", ""tot_buy_req_jub_pre"": ""0"", ""ovt_sel_req_pre"": ""0"", ""ovt_sel_req"": ""0"", ""ovt_buy_req"": ""0"", ""ovt_buy_req_pre"": ""0"", ""return_code"": 0, ""return_msg"": ""정상적으로 처리되었습니다""}"
2026-06-10,scan_candidate,093370,,0,main_scan,15710,,15710,15700,15710,15700,-0.3819223424570337,0.06365372374283895,,,,,,"{""bid_req_base_tm"": ""100825"", ""sel_10th_pre_req_pre"": ""0"", ""sel_10th_pre_req"": ""0"", ""sel_10th_pre_bid"": ""0"", ""sel_9th_pre_req_pre"": ""0"", ""sel_9th_pre_req"": ""0"", ""sel_9th_pre_bid"": ""0"", ""sel_8th_pre_req_pre"": ""0"", ""sel_8th_pre_req"": ""0"", ""sel_8th_pre_bid"": ""0"", ""sel_7th_pre_req_pre"": ""0"", ""sel_7th_pre_req"": ""0"", ""sel_7th_pre_bid"": ""0"", ""sel_6th_pre_req_pre"": ""0"", ""sel_6th_pre_req"": ""0"", ""sel_6th_pre_bid"": ""0"", ""sel_5th_pre_req_pre"": ""0"", ""sel_5th_pre_req"": ""0"", ""sel_5th_pre_bid"": ""0"", ""sel_4th_pre_req_pre"": ""0"", ""sel_4th_pre_req"": ""0"", ""sel_4th_pre_bid"": ""0"", ""sel_3th_pre_req_pre"": ""0"", ""sel_3th_pre_req"": ""1320"", ""sel_3th_pre_bid"": ""+15730"", ""sel_2th_pre_req_pre"": ""0"", ""sel_2th_pre_req"": ""9020"", ""sel_2th_pre_bid"": ""+15720"", ""sel_1th_pre_req_pre"": ""--1"", ""sel_fpr_req"": ""5986"", ""sel_fpr_bid"": ""+15710"", ""buy_fpr_bid"": ""+15700"", ""buy_fpr_req"": ""813"", ""buy_1th_pre_req_pre"": ""0"", ""buy_2th_pre_bid"": ""+15690"", ""buy_2th_pre_req"": ""387"", ""buy_2th_pre_req_pre"": ""0"", ""buy_3th_pre_bid"": ""+15680"", ""buy_3th_pre_req"": ""10238"", ""buy_3th_pre_req_pre"": ""0"", ""buy_4th_pre_bid"": ""0"", ""buy_4th_pre_req"": ""0"", ""buy_4th_pre_req_pre"": ""0"", ""buy_5th_pre_bid"": ""0"", ""buy_5th_pre_req"": ""0"", ""buy_5th_pre_req_pre"": ""0"", ""buy_6th_pre_bid"": ""0"", ""buy_6th_pre_req"": ""0"", ""buy_6th_pre_req_pre"": ""0"", ""buy_7th_pre_bid"": ""0"", ""buy_7th_pre_req"": ""0"", ""buy_7th_pre_req_pre"": ""0"", ""buy_8th_pre_bid"": ""0"", ""buy_8th_pre_req"": ""0"", ""buy_8th_pre_req_pre"": ""0"", ""buy_9th_pre_bid"": ""0"", ""buy_9th_pre_req"": ""0"", ""buy_9th_pre_req_pre"": ""0"", ""buy_10th_pre_bid"": ""0"", ""buy_10th_pre_req"": ""0"", ""buy_10th_pre_req_pre"": ""0"", ""tot_sel_req_jub_pre"": ""--1"", ""tot_sel_req"": ""16326"", ""tot_buy_req"": ""11438"", ""tot_buy_req_jub_pre"": ""0"", ""ovt_sel_req_pre"": ""0"", ""ovt_sel_req"": ""0"", ""ovt_buy_req"": ""0"", ""ovt_buy_req_pre"": ""0"", ""return_code"": 0, ""return_msg"": ""정상적으로 처리되었습니다""}"
2026-06-10,scan_candidate,066575,,0,main_scan,78200,,78200,78100,78200,78500,0.2557544757033248,0.1278772378516624,,,,,,"{""bid_req_base_tm"": ""100825"", ""sel_10th_pre_req_pre"": ""0"", ""sel_10th_pre_req"": ""334"", ""sel_10th_pre_bid"": ""-79100"", ""sel_9th_pre_req_pre"": ""0"", ""sel_9th_pre_req"": ""207"", ""sel_9th_pre_bid"": ""-79000"", ""sel_8th_pre_req_pre"": ""0"", ""sel_8th_pre_req"": ""62"", ""sel_8th_pre_bid"": ""-78900"", ""sel_7th_pre_req_pre"": ""0"", ""sel_7th_pre_req"": ""107"", ""sel_7th_pre_bid"": ""-78800"", ""sel_6th_pre_req_pre"": ""0"", ""sel_6th_pre_req"": ""249"", ""sel_6th_pre_bid"": ""-78700"", ""sel_5th_pre_req_pre"": ""0"", ""sel_5th_pre_req"": ""212"", ""sel_5th_pre_bid"": ""-78600"", ""sel_4th_pre_req_pre"": ""0"", ""sel_4th_pre_req"": ""74"", ""sel_4th_pre_bid"": ""-78500"", ""sel_3th_pre_req_pre"": ""0"", ""sel_3th_pre_req"": ""15"", ""sel_3th_pre_bid"": ""-78400"", ""sel_2th_pre_req_pre"": ""0"", ""sel_2th_pre_req"": ""30"", ""sel_2th_pre_bid"": ""-78300"", ""sel_1th_pre_req_pre"": ""0"", ""sel_fpr_req"": ""409"", ""sel_fpr_bid"": ""-78200"", ""buy_fpr_bid"": ""-78100"", ""buy_fpr_req"": ""39"", ""buy_1th_pre_req_pre"": ""0"", ""buy_2th_pre_bid"": ""-78000"", ""buy_2th_pre_req"": ""908"", ""buy_2th_pre_req_pre"": ""0"", ""buy_3th_pre_bid"": ""-77900"", ""buy_3th_pre_req"": ""841"", ""buy_3th_pre_req_pre"": ""0"", ""buy_4th_pre_bid"": ""-77800"", ""buy_4th_pre_req"": ""1263"", ""buy_4th_pre_req_pre"": ""0"", ""buy_5th_pre_bid"": ""-77700"", ""buy_5th_pre_req"": ""682"", ""buy_5th_pre_req_pre"": ""0"", ""buy_6th_pre_bid"": ""-77600"", ""buy_6th_pre_req"": ""163"", ""buy_6th_pre_req_pre"": ""0"", ""buy_7th_pre_bid"": ""-77500"", ""buy_7th_pre_req"": ""549"", ""buy_7th_pre_req_pre"": ""--5"", ""buy_8th_pre_bid"": ""-77400"", ""buy_8th_pre_req"": ""83"", ""buy_8th_pre_req_pre"": ""0"", ""buy_9th_pre_bid"": ""-77300"", ""buy_9th_pre_req"": ""150"", ""buy_9th_pre_req_pre"": ""0"", ""buy_10th_pre_bid"": ""-77200"", ""buy_10th_pre_req"": ""135"", ""buy_10th_pre_req_pre"": ""0"", ""tot_sel_req_jub_pre"": ""0"", ""tot_sel_req"": ""1699"", ""tot_buy_req"": ""4813"", ""tot_buy_req_jub_pre"": ""--5"", ""ovt_sel_req_pre"": ""0"", ""ovt_sel_req"": ""0"", ""ovt_buy_req"": ""0"", ""ovt_buy_req_pre"": ""0"", ""return_code"": 0, ""return_msg"": ""정상적으로 처리되었습니다""}"
2026-06-10,scan_candidate,181710,,0,main_scan,40250,,40250,40200,40250,40500,0.4968944099378882,0.12422360248447205,,,,,,"{""bid_req_base_tm"": ""100824"", ""sel_10th_pre_req_pre"": ""0"", ""sel_10th_pre_req"": ""10"", ""sel_10th_pre_bid"": ""-41000"", ""sel_9th_pre_req_pre"": ""0"", ""sel_9th_pre_req"": ""76"", ""sel_9th_pre_bid"": ""-40950"", ""sel_8th_pre_req_pre"": ""0"", ""sel_8th_pre_req"": ""4"", ""sel_8th_pre_bid"": ""-40850"", ""sel_7th_pre_req_pre"": ""0"", ""sel_7th_pre_req"": ""24"", ""sel_7th_pre_bid"": ""-40700"", ""sel_6th_pre_req_pre"": ""0"", ""sel_6th_pre_req"": ""11"", ""sel_6th_pre_bid"": ""-40650"", ""sel_5th_pre_req_pre"": ""0"", ""sel_5th_pre_req"": ""3"", ""sel_5th_pre_bid"": ""-40550"", ""sel_4th_pre_req_pre"": ""0"", ""sel_4th_pre_req"": ""824"", ""sel_4th_pre_bid"": ""-40500"", ""sel_3th_pre_req_pre"": ""0"", ""sel_3th_pre_req"": ""46"", ""sel_3th_pre_bid"": ""-40400"", ""sel_2th_pre_req_pre"": ""0"", ""sel_2th_pre_req"": ""431"", ""sel_2th_pre_bid"": ""-40300"", ""sel_1th_pre_req_pre"": ""+1"", ""sel_fpr_req"": ""91"", ""sel_fpr_bid"": ""-40250"", ""buy_fpr_bid"": ""-40200"", ""buy_fpr_req"": ""71"", ""buy_1th_pre_req_pre"": ""0"", ""buy_2th_pre_bid"": ""-40150"", ""buy_2th_pre_req"": ""113"", ""buy_2th_pre_req_pre"": ""0"", ""buy_3th_pre_bid"": ""-40100"", ""buy_3th_pre_req"": ""879"", ""buy_3th_pre_req_pre"": ""0"", ""buy_4th_pre_bid"": ""-40050"", ""buy_4th_pre_req"": ""1064"", ""buy_4th_pre_req_pre"": ""0"", ""buy_5th_pre_bid"": ""-40000"", ""buy_5th_pre_req"": ""901"", ""buy_5th_pre_req_pre"": ""0"", ""buy_6th_pre_bid"": ""-39950"", ""buy_6th_pre_req"": ""54"", ""buy_6th_pre_req_pre"": ""0"", ""buy_7th_pre_bid"": ""-39900"", ""buy_7th_pre_req"": ""424"", ""buy_7th_pre_req_pre"": ""0"", ""buy_8th_pre_bid"": ""-39850"", ""buy_8th_pre_req"": ""30"", ""buy_8th_pre_req_pre"": ""0"", ""buy_9th_pre_bid"": ""-39800"", ""buy_9th_pre_req"": ""414"", ""buy_9th_pre_req_pre"": ""0"", ""buy_10th_pre_bid"": ""-39750"", ""buy_10th_pre_req"": ""22"", ""buy_10th_pre_req_pre"": ""0"", ""tot_sel_req_jub_pre"": ""+1"", ""tot_sel_req"": ""1520"", ""tot_buy_req"": ""3972"", ""tot_buy_req_jub_pre"": ""0"", ""ovt_sel_req_pre"": ""0"", ""ovt_sel_req"": ""0"", ""ovt_buy_req"": ""0"", ""ovt_buy_req_pre"": ""0"", ""return_code"": 0, ""return_msg"": ""정상적으로 처리되었습니다""}"
2026-06-10,scan_candidate,034230,,0,main_scan,15090,,15090,15060,15090,15000,-0.9277667329357191,0.19880715705765406,,,,,,"{""bid_req_base_tm"": ""100826"", ""sel_10th_pre_req_pre"": ""0"", ""sel_10th_pre_req"": ""375"", ""sel_10th_pre_bid"": ""+15200"", ""sel_9th_pre_req_pre"": ""0"", ""sel_9th_pre_req"": ""83"", ""sel_9th_pre_bid"": ""+15190"", ""sel_8th_pre_req_pre"": ""0"", ""sel_8th_pre_req"": ""58"", ""sel_8th_pre_bid"": ""+15180"", ""sel_7th_pre_req_pre"": ""0"", ""sel_7th_pre_req"": ""114"", ""sel_7th_pre_bid"": ""+15170"", ""sel_6th_pre_req_pre"": ""0"", ""sel_6th_pre_req"": ""26"", ""sel_6th_pre_bid"": ""+15160"", ""sel_5th_pre_req_pre"": ""0"", ""sel_5th_pre_req"": ""10"", ""sel_5th_pre_bid"": ""+15150"", ""sel_4th_pre_req_pre"": ""0"", ""sel_4th_pre_req"": ""24"", ""sel_4th_pre_bid"": ""+15130"", ""sel_3th_pre_req_pre"": ""0"", ""sel_3th_pre_req"": ""309"", ""sel_3th_pre_bid"": ""+15110"", ""sel_2th_pre_req_pre"": ""0"", ""sel_2th_pre_req"": ""1101"", ""sel_2th_pre_bid"": ""+15100"", ""sel_1th_pre_req_pre"": ""0"", ""sel_fpr_req"": ""126"", ""sel_fpr_bid"": ""+15090"", ""buy_fpr_bid"": ""+15060"", ""buy_fpr_req"": ""22"", ""buy_1th_pre_req_pre"": ""0"", ""buy_2th_pre_bid"": ""+15050"", ""buy_2th_pre_req"": ""207"", ""buy_2th_pre_req_pre"": ""0"", ""buy_3th_pre_bid"": ""+15040"", ""buy_3th_pre_req"": ""61"", ""buy_3th_pre_req_pre"": ""0"", ""buy_4th_pre_bid"": ""+15030"", ""buy_4th_pre_req"": ""11"", ""buy_4th_pre_req_pre"": ""0"", ""buy_5th_pre_bid"": ""15020"", ""buy_5th_pre_req"": ""185"", ""buy_5th_pre_req_pre"": ""0"", ""buy_6th_pre_bid"": ""-15010"", ""buy_6th_pre_req"": ""34"", ""buy_6th_pre_req_pre"": ""0"", ""buy_7th_pre_bid"": ""-15000"", ""buy_7th_pre_req"": ""212"", ""buy_7th_pre_req_pre"": ""0"", ""buy_8th_pre_bid"": ""-14990"", ""buy_8th_pre_req"": ""384"", ""buy_8th_pre_req_pre"": ""0"", ""buy_9th_pre_bid"": ""-14980"", ""buy_9th_pre_req"": ""51"", ""buy_9th_pre_req_pre"": ""0"", ""buy_10th_pre_bid"": ""-14970"", ""buy_10th_pre_req"": ""153"", ""buy_10th_pre_req_pre"": ""0"", ""tot_sel_req_jub_pre"": ""0"", ""tot_sel_req"": ""2226"", ""tot_buy_req"": ""1320"", ""tot_buy_req_jub_pre"": ""--126"", ""ovt_sel_req_pre"": ""0"", ""ovt_sel_req"": ""0"", ""ovt_buy_req"": ""0"", ""ovt_buy_req_pre"": ""0"", ""return_code"": 0, ""return_msg"": ""정상적으로 처리되었습니다""}"
2026-06-10,scan_candidate,281820,,0,main_scan,67800,,67800,67600,67800,67500,-0.5899705014749262,0.2949852507374631,,,,,,"{""bid_req_base_tm"": ""100822"", ""sel_10th_pre_req_pre"": ""0"", ""sel_10th_pre_req"": ""150"", ""sel_10th_pre_bid"": ""+68700"", ""sel_9th_pre_req_pre"": ""0"", ""sel_9th_pre_req"": ""281"", ""sel_9th_pre_bid"": ""+68600"", ""sel_8th_pre_req_pre"": ""0"", ""sel_8th_pre_req"": ""245"", ""sel_8th_pre_bid"": ""+68500"", ""sel_7th_pre_req_pre"": ""0"", ""sel_7th_pre_req"": ""195"", ""sel_7th_pre_bid"": ""+68400"", ""sel_6th_pre_req_pre"": ""0"", ""sel_6th_pre_req"": ""97"", ""sel_6th_pre_bid"": ""+68300"", ""sel_5th_pre_req_pre"": ""0"", ""sel_5th_pre_req"": ""44"", ""sel_5th_pre_bid"": ""+68200"", ""sel_4th_pre_req_pre"": ""0"", ""sel_4th_pre_req"": ""18"", ""sel_4th_pre_bid"": ""+68100"", ""sel_3th_pre_req_pre"": ""0"", ""sel_3th_pre_req"": ""25"", ""sel_3th_pre_bid"": ""+68000"", ""sel_2th_pre_req_pre"": ""0"", ""sel_2th_pre_req"": ""113"", ""sel_2th_pre_bid"": ""+67900"", ""sel_1th_pre_req_pre"": ""0"", ""sel_fpr_req"": ""6"", ""sel_fpr_bid"": ""+67800"", ""buy_fpr_bid"": ""+67600"", ""buy_fpr_req"": ""22"", ""buy_1th_pre_req_pre"": ""0"", ""buy_2th_pre_bid"": ""+67500"", ""buy_2th_pre_req"": ""13"", ""buy_2th_pre_req_pre"": ""0"", ""buy_3th_pre_bid"": ""+67400"", ""buy_3th_pre_req"": ""7"", ""buy_3th_pre_req_pre"": ""0"", ""buy_4th_pre_bid"": ""+67300"", ""buy_4th_pre_req"": ""10"", ""buy_4th_pre_req_pre"": ""0"", ""buy_5th_pre_bid"": ""+67200"", ""buy_5th_pre_req"": ""15"", ""buy_5th_pre_req_pre"": ""0"", ""buy_6th_pre_bid"": ""+67100"", ""buy_6th_pre_req"": ""34"", ""buy_6th_pre_req_pre"": ""0"", ""buy_7th_pre_bid"": ""+67000"", ""buy_7th_pre_req"": ""127"", ""buy_7th_pre_req_pre"": ""0"", ""buy_8th_pre_bid"": ""+66900"", ""buy_8th_pre_req"": ""3"", ""buy_8th_pre_req_pre"": ""0"", ""buy_9th_pre_bid"": ""+66800"", ""buy_9th_pre_req"": ""50"", ""buy_9th_pre_req_pre"": ""0"", ""buy_10th_pre_bid"": ""+66700"", ""buy_10th_pre_req"": ""15"", ""buy_10th_pre_req_pre"": ""0"", ""tot_sel_req_jub_pre"": ""0"", ""tot_sel_req"": ""1174"", ""tot_buy_req"": ""296"", ""tot_buy_req_jub_pre"": ""0"", ""ovt_sel_req_pre"": ""0"", ""ovt_sel_req"": ""0"", ""ovt_buy_req"": ""0"", ""ovt_buy_req_pre"": ""0"", ""return_code"": 0, ""return_msg"": ""정상적으로 처리되었습니다""}"
2026-06-10,scan_candidate,195870,,0,main_scan,76900,,76900,76800,76900,76800,-0.26007802340702213,0.13003901170351106,,,,,,"{""bid_req_base_tm"": ""100826"", ""sel_10th_pre_req_pre"": ""0"", ""sel_10th_pre_req"": ""118"", ""sel_10th_pre_bid"": ""+77900"", ""sel_9th_pre_req_pre"": ""0"", ""sel_9th_pre_req"": ""122"", ""sel_9th_pre_bid"": ""+77800"", ""sel_8th_pre_req_pre"": ""0"", ""sel_8th_pre_req"": ""13"", ""sel_8th_pre_bid"": ""+77700"", ""sel_7th_pre_req_pre"": ""0"", ""sel_7th_pre_req"": ""82"", ""sel_7th_pre_bid"": ""+77600"", ""sel_6th_pre_req_pre"": ""0"", ""sel_6th_pre_req"": ""70"", ""sel_6th_pre_bid"": ""+77400"", ""sel_5th_pre_req_pre"": ""0"", ""sel_5th_pre_req"": ""50"", ""sel_5th_pre_bid"": ""+77300"", ""sel_4th_pre_req_pre"": ""0"", ""sel_4th_pre_req"": ""101"", ""sel_4th_pre_bid"": ""+77200"", ""sel_3th_pre_req_pre"": ""0"", ""sel_3th_pre_req"": ""261"", ""sel_3th_pre_bid"": ""+77100"", ""sel_2th_pre_req_pre"": ""0"", ""sel_2th_pre_req"": ""6"", ""sel_2th_pre_bid"": ""+77000"", ""sel_1th_pre_req_pre"": ""0"", ""sel_fpr_req"": ""41"", ""sel_fpr_bid"": ""+76900"", ""buy_fpr_bid"": ""+76800"", ""buy_fpr_req"": ""20"", ""buy_1th_pre_req_pre"": ""--1"", ""buy_2th_pre_bid"": ""+76600"", ""buy_2th_pre_req"": ""201"", ""buy_2th_pre_req_pre"": ""0"", ""buy_3th_pre_bid"": ""+76400"", ""buy_3th_pre_req"": ""4"", ""buy_3th_pre_req_pre"": ""0"", ""buy_4th_pre_bid"": ""+76200"", ""buy_4th_pre_req"": ""10"", ""buy_4th_pre_req_pre"": ""0"", ""buy_5th_pre_bid"": ""+76000"", ""buy_5th_pre_req"": ""102"", ""buy_5th_pre_req_pre"": ""0"", ""buy_6th_pre_bid"": ""+75900"", ""buy_6th_pre_req"": ""253"", ""buy_6th_pre_req_pre"": ""0"", ""buy_7th_pre_bid"": ""+75800"", ""buy_7th_pre_req"": ""250"", ""buy_7th_pre_req_pre"": ""0"", ""buy_8th_pre_bid"": ""+75700"", ""buy_8th_pre_req"": ""250"", ""buy_8th_pre_req_pre"": ""0"", ""buy_9th_pre_bid"": ""+75600"", ""buy_9th_pre_req"": ""13"", ""buy_9th_pre_req_pre"": ""0"", ""buy_10th_pre_bid"": ""+75500"", ""buy_10th_pre_req"": ""2"", ""buy_10th_pre_req_pre"": ""0"", ""tot_sel_req_jub_pre"": ""0"", ""tot_sel_req"": ""864"", ""tot_buy_req"": ""1105"", ""tot_buy_req_jub_pre"": ""--1"", ""ovt_sel_req_pre"": ""0"", ""ovt_sel_req"": ""0"", ""ovt_buy_req"": ""0"", ""ovt_buy_req_pre"": ""0"", ""return_code"": 0, ""return_msg"": ""정상적으로 처리되었습니다""}"
2026-06-10,scan_candidate,001820,,0,main_scan,114500,,114500,114400,114500,114500,-0.43668122270742354,0.08733624454148471,,,,,,"{""bid_req_base_tm"": ""100826"", ""sel_10th_pre_req_pre"": ""0"", ""sel_10th_pre_req"": ""17"", ""sel_10th_pre_bid"": ""-115600"", ""sel_9th_pre_req_pre"": ""0"", ""sel_9th_pre_req"": ""113"", ""sel_9th_pre_bid"": ""-115500"", ""sel_8th_pre_req_pre"": ""0"", ""sel_8th_pre_req"": ""2"", ""sel_8th_pre_bid"": ""-115400"", ""sel_7th_pre_req_pre"": ""0"", ""sel_7th_pre_req"": ""10"", ""sel_7th_pre_bid"": ""-115300"", ""sel_6th_pre_req_pre"": ""0"", ""sel_6th_pre_req"": ""501"", ""sel_6th_pre_bid"": ""-115000"", ""sel_5th_pre_req_pre"": ""0"", ""sel_5th_pre_req"": ""4"", ""sel_5th_pre_bid"": ""-114900"", ""sel_4th_pre_req_pre"": ""0"", ""sel_4th_pre_req"": ""221"", ""sel_4th_pre_bid"": ""-114800"", ""sel_3th_pre_req_pre"": ""0"", ""sel_3th_pre_req"": ""169"", ""sel_3th_pre_bid"": ""-114700"", ""sel_2th_pre_req_pre"": ""0"", ""sel_2th_pre_req"": ""129"", ""sel_2th_pre_bid"": ""-114600"", ""sel_1th_pre_req_pre"": ""0"", ""sel_fpr_req"": ""53"", ""sel_fpr_bid"": ""-114500"", ""buy_fpr_bid"": ""-114400"", ""buy_fpr_req"": ""44"", ""buy_1th_pre_req_pre"": ""0"", ""buy_2th_pre_bid"": ""-114300"", ""buy_2th_pre_req"": ""267"", ""buy_2th_pre_req_pre"": ""0"", ""buy_3th_pre_bid"": ""-114200"", ""buy_3th_pre_req"": ""247"", ""buy_3th_pre_req_pre"": ""0"", ""buy_4th_pre_bid"": ""-114100"", ""buy_4th_pre_req"": ""335"", ""buy_4th_pre_req_pre"": ""+121"", ""buy_5th_pre_bid"": ""-114000"", ""buy_5th_pre_req"": ""949"", ""buy_5th_pre_req_pre"": ""0"", ""buy_6th_pre_bid"": ""-113900"", ""buy_6th_pre_req"": ""247"", ""buy_6th_pre_req_pre"": ""0"", ""buy_7th_pre_bid"": ""-113800"", ""buy_7th_pre_req"": ""108"", ""buy_7th_pre_req_pre"": ""0"", ""buy_8th_pre_bid"": ""-113700"", ""buy_8th_pre_req"": ""159"", ""buy_8th_pre_req_pre"": ""0"", ""buy_9th_pre_bid"": ""-113600"", ""buy_9th_pre_req"": ""181"", ""buy_9th_pre_req_pre"": ""0"", ""buy_10th_pre_bid"": ""-113500"", ""buy_10th_pre_req"": ""486"", ""buy_10th_pre_req_pre"": ""0"", ""tot_sel_req_jub_pre"": ""0"", ""tot_sel_req"": ""1219"", ""tot_buy_req"": ""3023"", ""tot_buy_req_jub_pre"": ""+121"", ""ovt_sel_req_pre"": ""0"", ""ovt_sel_req"": ""0"", ""ovt_buy_req"": ""0"", ""ovt_buy_req_pre"": ""0"", ""return_code"": 0, ""return_msg"": ""정상적으로 처리되었습니다""}"
2026-06-10,scan_candidate,000815,,0,main_scan,401000,,401000,400500,401000,402500,0.24937655860349126,0.12468827930174563,,,,,,"{""bid_req_base_tm"": ""100824"", ""sel_10th_pre_req_pre"": ""0"", ""sel_10th_pre_req"": ""22"", ""sel_10th_pre_bid"": ""407500"", ""sel_9th_pre_req_pre"": ""0"", ""sel_9th_pre_req"": ""18"", ""sel_9th_pre_bid"": ""-407000"", ""sel_8th_pre_req_pre"": ""0"", ""sel_8th_pre_req"": ""70"", ""sel_8th_pre_bid"": ""-406500"", ""sel_7th_pre_req_pre"": ""0"", ""sel_7th_pre_req"": ""122"", ""sel_7th_pre_bid"": ""-406000"", ""sel_6th_pre_req_pre"": ""0"", ""sel_6th_pre_req"": ""65"", ""sel_6th_pre_bid"": ""-405500"", ""sel_5th_pre_req_pre"": ""0"", ""sel_5th_pre_req"": ""52"", ""sel_5th_pre_bid"": ""-405000"", ""sel_4th_pre_req_pre"": ""+1"", ""sel_4th_pre_req"": ""13"", ""sel_4th_pre_bid"": ""-404500"", ""sel_3th_pre_req_pre"": ""0"", ""sel_3th_pre_req"": ""17"", ""sel_3th_pre_bid"": ""-404000"", ""sel_2th_pre_req_pre"": ""0"", ""sel_2th_pre_req"": ""101"", ""sel_2th_pre_bid"": ""-401500"", ""sel_1th_pre_req_pre"": ""0"", ""sel_fpr_req"": ""6"", ""sel_fpr_bid"": ""-401000"", ""buy_fpr_bid"": ""-400500"", ""buy_fpr_req"": ""140"", ""buy_1th_pre_req_pre"": ""--12"", ""buy_2th_pre_bid"": ""-400000"", ""buy_2th_pre_req"": ""112"", ""buy_2th_pre_req_pre"": ""0"", ""buy_3th_pre_bid"": ""-399500"", ""buy_3th_pre_req"": ""7"", ""buy_3th_pre_req_pre"": ""0"", ""buy_4th_pre_bid"": ""-399000"", ""buy_4th_pre_req"": ""13"", ""buy_4th_pre_req_pre"": ""0"", ""buy_5th_pre_bid"": ""-398500"", ""buy_5th_pre_req"": ""29"", ""buy_5th_pre_req_pre"": ""0"", ""buy_6th_pre_bid"": ""-398000"", ""buy_6th_pre_req"": ""203"", ""buy_6th_pre_req_pre"": ""0"", ""buy_7th_pre_bid"": ""-397500"", ""buy_7th_pre_req"": ""144"", ""buy_7th_pre_req_pre"": ""0"", ""buy_8th_pre_bid"": ""-397000"", ""buy_8th_pre_req"": ""55"", ""buy_8th_pre_req_pre"": ""0"", ""buy_9th_pre_bid"": ""-396500"", ""buy_9th_pre_req"": ""11"", ""buy_9th_pre_req_pre"": ""0"", ""buy_10th_pre_bid"": ""-396000"", ""buy_10th_pre_req"": ""23"", ""buy_10th_pre_req_pre"": ""0"", ""tot_sel_req_jub_pre"": ""+1"", ""tot_sel_req"": ""486"", ""tot_buy_req"": ""737"", ""tot_buy_req_jub_pre"": ""--12"", ""ovt_sel_req_pre"": ""0"", ""ovt_sel_req"": ""0"", ""ovt_buy_req"": ""0"", ""ovt_buy_req_pre"": ""0"", ""return_code"": 0, ""return_msg"": ""정상적으로 처리되었습니다""}"
2026-06-10,scan_candidate,499790,,0,main_scan,49400,,49400,49050,49400,49100,-0.708502024291498,0.708502024291498,,,,,,"{""bid_req_base_tm"": ""100825"", ""sel_10th_pre_req_pre"": ""0"", ""sel_10th_pre_req"": ""197"", ""sel_10th_pre_bid"": ""+49950"", ""sel_9th_pre_req_pre"": ""0"", ""sel_9th_pre_req"": ""686"", ""sel_9th_pre_bid"": ""+49900"", ""sel_8th_pre_req_pre"": ""0"", ""sel_8th_pre_req"": ""134"", ""sel_8th_pre_bid"": ""+49850"", ""sel_7th_pre_req_pre"": ""0"", ""sel_7th_pre_req"": ""119"", ""sel_7th_pre_bid"": ""+49800"", ""sel_6th_pre_req_pre"": ""0"", ""sel_6th_pre_req"": ""111"", ""sel_6th_pre_bid"": ""+49750"", ""sel_5th_pre_req_pre"": ""0"", ""sel_5th_pre_req"": ""27"", ""sel_5th_pre_bid"": ""+49700"", ""sel_4th_pre_req_pre"": ""0"", ""sel_4th_pre_req"": ""24"", ""sel_4th_pre_bid"": ""+49650"", ""sel_3th_pre_req_pre"": ""0"", ""sel_3th_pre_req"": ""71"", ""sel_3th_pre_bid"": ""+49600"", ""sel_2th_pre_req_pre"": ""0"", ""sel_2th_pre_req"": ""1"", ""sel_2th_pre_bid"": ""+49500"", ""sel_1th_pre_req_pre"": ""0"", ""sel_fpr_req"": ""40"", ""sel_fpr_bid"": ""+49400"", ""buy_fpr_bid"": ""+49050"", ""buy_fpr_req"": ""41"", ""buy_1th_pre_req_pre"": ""+6"", ""buy_2th_pre_bid"": ""+49000"", ""buy_2th_pre_req"": ""863"", ""buy_2th_pre_req_pre"": ""0"", ""buy_3th_pre_bid"": ""+48950"", ""buy_3th_pre_req"": ""10"", ""buy_3th_pre_req_pre"": ""0"", ""buy_4th_pre_bid"": ""+48800"", ""buy_4th_pre_req"": ""47"", ""buy_4th_pre_req_pre"": ""0"", ""buy_5th_pre_bid"": ""+48750"", ""buy_5th_pre_req"": ""39"", ""buy_5th_pre_req_pre"": ""0"", ""buy_6th_pre_bid"": ""+48600"", ""buy_6th_pre_req"": ""105"", ""buy_6th_pre_req_pre"": ""0"", ""buy_7th_pre_bid"": ""+48550"", ""buy_7th_pre_req"": ""56"", ""buy_7th_pre_req_pre"": ""0"", ""buy_8th_pre_bid"": ""+48400"", ""buy_8th_pre_req"": ""12"", ""buy_8th_pre_req_pre"": ""0"", ""buy_9th_pre_bid"": ""+48350"", ""buy_9th_pre_req"": ""25"", ""buy_9th_pre_req_pre"": ""0"", ""buy_10th_pre_bid"": ""+48300"", ""buy_10th_pre_req"": ""15"", ""buy_10th_pre_req_pre"": ""0"", ""tot_sel_req_jub_pre"": ""0"", ""tot_sel_req"": ""1410"", ""tot_buy_req"": ""1213"", ""tot_buy_req_jub_pre"": ""+6"", ""ovt_sel_req_pre"": ""0"", ""ovt_sel_req"": ""0"", ""ovt_buy_req"": ""0"", ""ovt_buy_req_pre"": ""0"", ""return_code"": 0, ""return_msg"": ""정상적으로 처리되었습니다""}"
2026-06-10,scan_candidate,100090,,0,main_scan,16670,,16670,16660,16670,16700,-0.11997600479904018,0.05998800239952009,,,,,,"{""bid_req_base_tm"": ""100827"", ""sel_10th_pre_req_pre"": ""0"", ""sel_10th_pre_req"": ""20"", ""sel_10th_pre_bid"": ""+16800"", ""sel_9th_pre_req_pre"": ""+6"", ""sel_9th_pre_req"": ""1006"", ""sel_9th_pre_bid"": ""+16780"", ""sel_8th_pre_req_pre"": ""0"", ""sel_8th_pre_req"": ""6"", ""sel_8th_pre_bid"": ""+16760"", ""sel_7th_pre_req_pre"": ""0"", ""sel_7th_pre_req"": ""10"", ""sel_7th_pre_bid"": ""+16750"", ""sel_6th_pre_req_pre"": ""0"", ""sel_6th_pre_req"": ""56"", ""sel_6th_pre_bid"": ""+16730"", ""sel_5th_pre_req_pre"": ""0"", ""sel_5th_pre_req"": ""360"", ""sel_5th_pre_bid"": ""+16710"", ""sel_4th_pre_req_pre"": ""0"", ""sel_4th_pre_req"": ""337"", ""sel_4th_pre_bid"": ""+16700"", ""sel_3th_pre_req_pre"": ""0"", ""sel_3th_pre_req"": ""325"", ""sel_3th_pre_bid"": ""+16690"", ""sel_2th_pre_req_pre"": ""0"", ""sel_2th_pre_req"": ""314"", ""sel_2th_pre_bid"": ""+16680"", ""sel_1th_pre_req_pre"": ""0"", ""sel_fpr_req"": ""281"", ""sel_fpr_bid"": ""+16670"", ""buy_fpr_bid"": ""+16660"", ""buy_fpr_req"": ""5"", ""buy_1th_pre_req_pre"": ""0"", ""buy_2th_pre_bid"": ""+16650"", ""buy_2th_pre_req"": ""1327"", ""buy_2th_pre_req_pre"": ""0"", ""buy_3th_pre_bid"": ""+16640"", ""buy_3th_pre_req"": ""1792"", ""buy_3th_pre_req_pre"": ""0"", ""buy_4th_pre_bid"": ""+16630"", ""buy_4th_pre_req"": ""582"", ""buy_4th_pre_req_pre"": ""0"", ""buy_5th_pre_bid"": ""+16620"", ""buy_5th_pre_req"": ""5202"", ""buy_5th_pre_req_pre"": ""0"", ""buy_6th_pre_bid"": ""+16610"", ""buy_6th_pre_req"": ""596"", ""buy_6th_pre_req_pre"": ""0"", ""buy_7th_pre_bid"": ""+16600"", ""buy_7th_pre_req"": ""952"", ""buy_7th_pre_req_pre"": ""--10"", ""buy_8th_pre_bid"": ""+16590"", ""buy_8th_pre_req"": ""1479"", ""buy_8th_pre_req_pre"": ""0"", ""buy_9th_pre_bid"": ""+16580"", ""buy_9th_pre_req"": ""933"", ""buy_9th_pre_req_pre"": ""0"", ""buy_10th_pre_bid"": ""+16570"", ""buy_10th_pre_req"": ""517"", ""buy_10th_pre_req_pre"": ""0"", ""tot_sel_req_jub_pre"": ""+6"", ""tot_sel_req"": ""2715"", ""tot_buy_req"": ""13385"", ""tot_buy_req_jub_pre"": ""--10"", ""ovt_sel_req_pre"": ""0"", ""ovt_sel_req"": ""0"", ""ovt_buy_req"": ""0"", ""ovt_buy_req_pre"": ""0"", ""return_code"": 0, ""return_msg"": ""정상적으로 처리되었습니다""}"
2026-06-10,scan_candidate,003160,,0,main_scan,29400,,29400,29350,29400,29300,-0.5102040816326531,0.17006802721088435,,,,,,"{""bid_req_base_tm"": ""100827"", ""sel_10th_pre_req_pre"": ""0"", ""sel_10th_pre_req"": ""1644"", ""sel_10th_pre_bid"": ""+29850"", ""sel_9th_pre_req_pre"": ""0"", ""sel_9th_pre_req"": ""1285"", ""sel_9th_pre_bid"": ""+29800"", ""sel_8th_pre_req_pre"": ""0"", ""sel_8th_pre_req"": ""1478"", ""sel_8th_pre_bid"": ""+29750"", ""sel_7th_pre_req_pre"": ""0"", ""sel_7th_pre_req"": ""714"", ""sel_7th_pre_bid"": ""+29700"", ""sel_6th_pre_req_pre"": ""0"", ""sel_6th_pre_req"": ""1028"", ""sel_6th_pre_bid"": ""+29650"", ""sel_5th_pre_req_pre"": ""0"", ""sel_5th_pre_req"": ""178"", ""sel_5th_pre_bid"": ""+29600"", ""sel_4th_pre_req_pre"": ""0"", ""sel_4th_pre_req"": ""57"", ""sel_4th_pre_bid"": ""+29550"", ""sel_3th_pre_req_pre"": ""0"", ""sel_3th_pre_req"": ""2287"", ""sel_3th_pre_bid"": ""+29500"", ""sel_2th_pre_req_pre"": ""0"", ""sel_2th_pre_req"": ""117"", ""sel_2th_pre_bid"": ""+29450"", ""sel_1th_pre_req_pre"": ""0"", ""sel_fpr_req"": ""1"", ""sel_fpr_bid"": ""+29400"", ""buy_fpr_bid"": ""+29350"", ""buy_fpr_req"": ""11"", ""buy_1th_pre_req_pre"": ""0"", ""buy_2th_pre_bid"": ""+29300"", ""buy_2th_pre_req"": ""123"", ""buy_2th_pre_req_pre"": ""0"", ""buy_3th_pre_bid"": ""+29250"", ""buy_3th_pre_req"": ""333"", ""buy_3th_pre_req_pre"": ""0"", ""buy_4th_pre_bid"": ""+29200"", ""buy_4th_pre_req"": ""1151"", ""buy_4th_pre_req_pre"": ""0"", ""buy_5th_pre_bid"": ""+29150"", ""buy_5th_pre_req"": ""117"", ""buy_5th_pre_req_pre"": ""0"", ""buy_6th_pre_bid"": ""+29100"", ""buy_6th_pre_req"": ""972"", ""buy_6th_pre_req_pre"": ""0"", ""buy_7th_pre_bid"": ""+29050"", ""buy_7th_pre_req"": ""336"", ""buy_7th_pre_req_pre"": ""0"", ""buy_8th_pre_bid"": ""+29000"", ""buy_8th_pre_req"": ""490"", ""buy_8th_pre_req_pre"": ""0"", ""buy_9th_pre_bid"": ""+28950"", ""buy_9th_pre_req"": ""495"", ""buy_9th_pre_req_pre"": ""0"", ""buy_10th_pre_bid"": ""+28900"", ""buy_10th_pre_req"": ""593"", ""buy_10th_pre_req_pre"": ""0"", ""tot_sel_req_jub_pre"": ""0"", ""tot_sel_req"": ""8789"", ""tot_buy_req"": ""4621"", ""tot_buy_req_jub_pre"": ""0"", ""ovt_sel_req_pre"": ""0"", ""ovt_sel_req"": ""0"", ""ovt_buy_req"": ""0"", ""ovt_buy_req_pre"": ""0"", ""return_code"": 0, ""return_msg"": ""정상적으로 처리되었습니다""}"
2026-06-10,scan_candidate,000370,,0,main_scan,6650,,6650,6640,6650,6620,-0.6015037593984963,0.15037593984962408,,,,,,"{""bid_req_base_tm"": ""100827"", ""sel_10th_pre_req_pre"": ""0"", ""sel_10th_pre_req"": ""1472"", ""sel_10th_pre_bid"": ""+6740"", ""sel_9th_pre_req_pre"": ""0"", ""sel_9th_pre_req"": ""2337"", ""sel_9th_pre_bid"": ""+6730"", ""sel_8th_pre_req_pre"": ""0"", ""sel_8th_pre_req"": ""1963"", ""sel_8th_pre_bid"": ""+6720"", ""sel_7th_pre_req_pre"": ""0"", ""sel_7th_pre_req"": ""3607"", ""sel_7th_pre_bid"": ""+6710"", ""sel_6th_pre_req_pre"": ""0"", ""sel_6th_pre_req"": ""4065"", ""sel_6th_pre_bid"": ""+6700"", ""sel_5th_pre_req_pre"": ""0"", ""sel_5th_pre_req"": ""1669"", ""sel_5th_pre_bid"": ""+6690"", ""sel_4th_pre_req_pre"": ""0"", ""sel_4th_pre_req"": ""26"", ""sel_4th_pre_bid"": ""+6680"", ""sel_3th_pre_req_pre"": ""0"", ""sel_3th_pre_req"": ""540"", ""sel_3th_pre_bid"": ""+6670"", ""sel_2th_pre_req_pre"": ""0"", ""sel_2th_pre_req"": ""296"", ""sel_2th_pre_bid"": ""+6660"", ""sel_1th_pre_req_pre"": ""0"", ""sel_fpr_req"": ""856"", ""sel_fpr_bid"": ""+6650"", ""buy_fpr_bid"": ""+6640"", ""buy_fpr_req"": ""767"", ""buy_1th_pre_req_pre"": ""0"", ""buy_2th_pre_bid"": ""+6630"", ""buy_2th_pre_req"": ""390"", ""buy_2th_pre_req_pre"": ""0"", ""buy_3th_pre_bid"": ""+6620"", ""buy_3th_pre_req"": ""398"", ""buy_3th_pre_req_pre"": ""0"", ""buy_4th_pre_bid"": ""+6610"", ""buy_4th_pre_req"": ""41"", ""buy_4th_pre_req_pre"": ""0"", ""buy_5th_pre_bid"": ""+6600"", ""buy_5th_pre_req"": ""1968"", ""buy_5th_pre_req_pre"": ""0"", ""buy_6th_pre_bid"": ""+6590"", ""buy_6th_pre_req"": ""117"", ""buy_6th_pre_req_pre"": ""0"", ""buy_7th_pre_bid"": ""+6580"", ""buy_7th_pre_req"": ""124"", ""buy_7th_pre_req_pre"": ""0"", ""buy_8th_pre_bid"": ""+6570"", ""buy_8th_pre_req"": ""161"", ""buy_8th_pre_req_pre"": ""0"", ""buy_9th_pre_bid"": ""+6560"", ""buy_9th_pre_req"": ""75"", ""buy_9th_pre_req_pre"": ""0"", ""buy_10th_pre_bid"": ""+6550"", ""buy_10th_pre_req"": ""2416"", ""buy_10th_pre_req_pre"": ""0"", ""tot_sel_req_jub_pre"": ""0"", ""tot_sel_req"": ""16831"", ""tot_buy_req"": ""6457"", ""tot_buy_req_jub_pre"": ""0"", ""ovt_sel_req_pre"": ""0"", ""ovt_sel_req"": ""0"", ""ovt_buy_req"": ""0"", ""ovt_buy_req_pre"": ""0"", ""return_code"": 0, ""return_msg"": ""정상적으로 처리되었습니다""}"
2026-06-10,scan_candidate,114090,,0,main_scan,12070,,12070,12060,12070,12050,-0.579950289975145,0.08285004142502071,,,,,,"{""bid_req_base_tm"": ""100827"", ""sel_10th_pre_req_pre"": ""0"", ""sel_10th_pre_req"": ""17"", ""sel_10th_pre_bid"": ""+12170"", ""sel_9th_pre_req_pre"": ""0"", ""sel_9th_pre_req"": ""5"", ""sel_9th_pre_bid"": ""+12160"", ""sel_8th_pre_req_pre"": ""0"", ""sel_8th_pre_req"": ""1095"", ""sel_8th_pre_bid"": ""+12150"", ""sel_7th_pre_req_pre"": ""0"", ""sel_7th_pre_req"": ""131"", ""sel_7th_pre_bid"": ""+12140"", ""sel_6th_pre_req_pre"": ""0"", ""sel_6th_pre_req"": ""477"", ""sel_6th_pre_bid"": ""+12130"", ""sel_5th_pre_req_pre"": ""0"", ""sel_5th_pre_req"": ""5"", ""sel_5th_pre_bid"": ""+12120"", ""sel_4th_pre_req_pre"": ""0"", ""sel_4th_pre_req"": ""373"", ""sel_4th_pre_bid"": ""+12110"", ""sel_3th_pre_req_pre"": ""0"", ""sel_3th_pre_req"": ""166"", ""sel_3th_pre_bid"": ""+12100"", ""sel_2th_pre_req_pre"": ""0"", ""sel_2th_pre_req"": ""108"", ""sel_2th_pre_bid"": ""+12090"", ""sel_1th_pre_req_pre"": ""+45"", ""sel_fpr_req"": ""340"", ""sel_fpr_bid"": ""+12070"", ""buy_fpr_bid"": ""+12060"", ""buy_fpr_req"": ""411"", ""buy_1th_pre_req_pre"": ""0"", ""buy_2th_pre_bid"": ""+12050"", ""buy_2th_pre_req"": ""167"", ""buy_2th_pre_req_pre"": ""0"", ""buy_3th_pre_bid"": ""+12040"", ""buy_3th_pre_req"": ""176"", ""buy_3th_pre_req_pre"": ""0"", ""buy_4th_pre_bid"": ""+12030"", ""buy_4th_pre_req"": ""352"", ""buy_4th_pre_req_pre"": ""0"", ""buy_5th_pre_bid"": ""+12020"", ""buy_5th_pre_req"": ""2"", ""buy_5th_pre_req_pre"": ""0"", ""buy_6th_pre_bid"": ""+12000"", ""buy_6th_pre_req"": ""327"", ""buy_6th_pre_req_pre"": ""0"", ""buy_7th_pre_bid"": ""+11990"", ""buy_7th_pre_req"": ""130"", ""buy_7th_pre_req_pre"": ""0"", ""buy_8th_pre_bid"": ""+11980"", ""buy_8th_pre_req"": ""340"", ""buy_8th_pre_req_pre"": ""0"", ""buy_9th_pre_bid"": ""+11970"", ""buy_9th_pre_req"": ""63"", ""buy_9th_pre_req_pre"": ""0"", ""buy_10th_pre_bid"": ""11950"", ""buy_10th_pre_req"": ""50"", ""buy_10th_pre_req_pre"": ""0"", ""tot_sel_req_jub_pre"": ""+45"", ""tot_sel_req"": ""2717"", ""tot_buy_req"": ""2018"", ""tot_buy_req_jub_pre"": ""0"", ""ovt_sel_req_pre"": ""0"", ""ovt_sel_req"": ""0"", ""ovt_buy_req"": ""0"", ""ovt_buy_req_pre"": ""0"", ""return_code"": 0, ""return_msg"": ""정상적으로 처리되었습니다""}"
2026-06-10,scan_candidate,005090,,0,main_scan,51800,,51800,51600,51800,52000,0.19305019305019305,0.3861003861003861,,,,,,"{""bid_req_base_tm"": ""100827"", ""sel_10th_pre_req_pre"": ""0"", ""sel_10th_pre_req"": ""67"", ""sel_10th_pre_bid"": ""+53100"", ""sel_9th_pre_req_pre"": ""0"", ""sel_9th_pre_req"": ""32"", ""sel_9th_pre_bid"": ""+53000"", ""sel_8th_pre_req_pre"": ""0"", ""sel_8th_pre_req"": ""52"", ""sel_8th_pre_bid"": ""+52900"", ""sel_7th_pre_req_pre"": ""0"", ""sel_7th_pre_req"": ""60"", ""sel_7th_pre_bid"": ""+52400"", ""sel_6th_pre_req_pre"": ""0"", ""sel_6th_pre_req"": ""123"", ""sel_6th_pre_bid"": ""+52300"", ""sel_5th_pre_req_pre"": ""0"", ""sel_5th_pre_req"": ""155"", ""sel_5th_pre_bid"": ""+52200"", ""sel_4th_pre_req_pre"": ""0"", ""sel_4th_pre_req"": ""5"", ""sel_4th_pre_bid"": ""+52100"", ""sel_3th_pre_req_pre"": ""0"", ""sel_3th_pre_req"": ""13"", ""sel_3th_pre_bid"": ""+52000"", ""sel_2th_pre_req_pre"": ""--1"", ""sel_2th_pre_req"": ""244"", ""sel_2th_pre_bid"": ""+51900"", ""sel_1th_pre_req_pre"": ""0"", ""sel_fpr_req"": ""146"", ""sel_fpr_bid"": ""+51800"", ""buy_fpr_bid"": ""+51600"", ""buy_fpr_req"": ""1"", ""buy_1th_pre_req_pre"": ""0"", ""buy_2th_pre_bid"": ""+51500"", ""buy_2th_pre_req"": ""1"", ""buy_2th_pre_req_pre"": ""0"", ""buy_3th_pre_bid"": ""+51400"", ""buy_3th_pre_req"": ""121"", ""buy_3th_pre_req_pre"": ""0"", ""buy_4th_pre_bid"": ""+51300"", ""buy_4th_pre_req"": ""103"", ""buy_4th_pre_req_pre"": ""0"", ""buy_5th_pre_bid"": ""+51200"", ""buy_5th_pre_req"": ""36"", ""buy_5th_pre_req_pre"": ""0"", ""buy_6th_pre_bid"": ""+51100"", ""buy_6th_pre_req"": ""300"", ""buy_6th_pre_req_pre"": ""0"", ""buy_7th_pre_bid"": ""+51000"", ""buy_7th_pre_req"": ""198"", ""buy_7th_pre_req_pre"": ""0"", ""buy_8th_pre_bid"": ""+50900"", ""buy_8th_pre_req"": ""160"", ""buy_8th_pre_req_pre"": ""0"", ""buy_9th_pre_bid"": ""+50800"", ""buy_9th_pre_req"": ""533"", ""buy_9th_pre_req_pre"": ""0"", ""buy_10th_pre_bid"": ""+50700"", ""buy_10th_pre_req"": ""201"", ""buy_10th_pre_req_pre"": ""0"", ""tot_sel_req_jub_pre"": ""--1"", ""tot_sel_req"": ""897"", ""tot_buy_req"": ""1654"", ""tot_buy_req_jub_pre"": ""0"", ""ovt_sel_req_pre"": ""0"", ""ovt_sel_req"": ""0"", ""ovt_buy_req"": ""0"", ""ovt_buy_req_pre"": ""0"", ""return_code"": 0, ""return_msg"": ""정상적으로 처리되었습니다""}"
2026-06-10,scan_candidate,017900,,0,main_scan,9740,,9740,9720,9740,9720,-0.3080082135523614,0.20533880903490762,,,,,,"{""bid_req_base_tm"": ""100828"", ""sel_10th_pre_req_pre"": ""0"", ""sel_10th_pre_req"": ""608"", ""sel_10th_pre_bid"": ""+9830"", ""sel_9th_pre_req_pre"": ""0"", ""sel_9th_pre_req"": ""1011"", ""sel_9th_pre_bid"": ""+9820"", ""sel_8th_pre_req_pre"": ""0"", ""sel_8th_pre_req"": ""1987"", ""sel_8th_pre_bid"": ""+9810"", ""sel_7th_pre_req_pre"": ""+100"", ""sel_7th_pre_req"": ""1017"", ""sel_7th_pre_bid"": ""+9800"", ""sel_6th_pre_req_pre"": ""0"", ""sel_6th_pre_req"": ""2376"", ""sel_6th_pre_bid"": ""+9790"", ""sel_5th_pre_req_pre"": ""0"", ""sel_5th_pre_req"": ""237"", ""sel_5th_pre_bid"": ""+9780"", ""sel_4th_pre_req_pre"": ""0"", ""sel_4th_pre_req"": ""4128"", ""sel_4th_pre_bid"": ""+9770"", ""sel_3th_pre_req_pre"": ""0"", ""sel_3th_pre_req"": ""1077"", ""sel_3th_pre_bid"": ""+9760"", ""sel_2th_pre_req_pre"": ""0"", ""sel_2th_pre_req"": ""1786"", ""sel_2th_pre_bid"": ""+9750"", ""sel_1th_pre_req_pre"": ""0"", ""sel_fpr_req"": ""38"", ""sel_fpr_bid"": ""+9740"", ""buy_fpr_bid"": ""+9720"", ""buy_fpr_req"": ""1250"", ""buy_1th_pre_req_pre"": ""0"", ""buy_2th_pre_bid"": ""+9710"", ""buy_2th_pre_req"": ""1938"", ""buy_2th_pre_req_pre"": ""0"", ""buy_3th_pre_bid"": ""+9700"", ""buy_3th_pre_req"": ""5436"", ""buy_3th_pre_req_pre"": ""0"", ""buy_4th_pre_bid"": ""+9690"", ""buy_4th_pre_req"": ""285"", ""buy_4th_pre_req_pre"": ""0"", ""buy_5th_pre_bid"": ""+9680"", ""buy_5th_pre_req"": ""1010"", ""buy_5th_pre_req_pre"": ""0"", ""buy_6th_pre_bid"": ""+9670"", ""buy_6th_pre_req"": ""1279"", ""buy_6th_pre_req_pre"": ""0"", ""buy_7th_pre_bid"": ""+9660"", ""buy_7th_pre_req"": ""227"", ""buy_7th_pre_req_pre"": ""0"", ""buy_8th_pre_bid"": ""+9650"", ""buy_8th_pre_req"": ""636"", ""buy_8th_pre_req_pre"": ""0"", ""buy_9th_pre_bid"": ""+9640"", ""buy_9th_pre_req"": ""584"", ""buy_9th_pre_req_pre"": ""0"", ""buy_10th_pre_bid"": ""+9630"", ""buy_10th_pre_req"": ""633"", ""buy_10th_pre_req_pre"": ""0"", ""tot_sel_req_jub_pre"": ""+100"", ""tot_sel_req"": ""14265"", ""tot_buy_req"": ""13278"", ""tot_buy_req_jub_pre"": ""0"", ""ovt_sel_req_pre"": ""0"", ""ovt_sel_req"": ""0"", ""ovt_buy_req"": ""0"", ""ovt_buy_req_pre"": ""0"", ""return_code"": 0, ""return_msg"": ""정상적으로 처리되었습니다""}"
2026-06-10,scan_candidate,006220,,0,main_scan,11280,,11280,11260,11280,11250,-0.7092198581560284,0.1773049645390071,,,,,,"{""bid_req_base_tm"": ""100828"", ""sel_10th_pre_req_pre"": ""0"", ""sel_10th_pre_req"": ""309"", ""sel_10th_pre_bid"": ""+11380"", ""sel_9th_pre_req_pre"": ""0"", ""sel_9th_pre_req"": ""644"", ""sel_9th_pre_bid"": ""+11370"", ""sel_8th_pre_req_pre"": ""0"", ""sel_8th_pre_req"": ""603"", ""sel_8th_pre_bid"": ""+11360"", ""sel_7th_pre_req_pre"": ""0"", ""sel_7th_pre_req"": ""48"", ""sel_7th_pre_bid"": ""+11350"", ""sel_6th_pre_req_pre"": ""0"", ""sel_6th_pre_req"": ""584"", ""sel_6th_pre_bid"": ""+11340"", ""sel_5th_pre_req_pre"": ""0"", ""sel_5th_pre_req"": ""983"", ""sel_5th_pre_bid"": ""+11330"", ""sel_4th_pre_req_pre"": ""0"", ""sel_4th_pre_req"": ""100"", ""sel_4th_pre_bid"": ""+11320"", ""sel_3th_pre_req_pre"": ""+30"", ""sel_3th_pre_req"": ""31"", ""sel_3th_pre_bid"": ""+11310"", ""sel_2th_pre_req_pre"": ""0"", ""sel_2th_pre_req"": ""81"", ""sel_2th_pre_bid"": ""+11300"", ""sel_1th_pre_req_pre"": ""0"", ""sel_fpr_req"": ""104"", ""sel_fpr_bid"": ""+11280"", ""buy_fpr_bid"": ""+11260"", ""buy_fpr_req"": ""38"", ""buy_1th_pre_req_pre"": ""0"", ""buy_2th_pre_bid"": ""+11250"", ""buy_2th_pre_req"": ""690"", ""buy_2th_pre_req_pre"": ""0"", ""buy_3th_pre_bid"": ""+11230"", ""buy_3th_pre_req"": ""1"", ""buy_3th_pre_req_pre"": ""0"", ""buy_4th_pre_bid"": ""+11220"", ""buy_4th_pre_req"": ""212"", ""buy_4th_pre_req_pre"": ""0"", ""buy_5th_pre_bid"": ""+11210"", ""buy_5th_pre_req"": ""270"", ""buy_5th_pre_req_pre"": ""0"", ""buy_6th_pre_bid"": ""+11200"", ""buy_6th_pre_req"": ""825"", ""buy_6th_pre_req_pre"": ""0"", ""buy_7th_pre_bid"": ""+11190"", ""buy_7th_pre_req"": ""4501"", ""buy_7th_pre_req_pre"": ""0"", ""buy_8th_pre_bid"": ""+11180"", ""buy_8th_pre_req"": ""2125"", ""buy_8th_pre_req_pre"": ""0"", ""buy_9th_pre_bid"": ""+11170"", ""buy_9th_pre_req"": ""732"", ""buy_9th_pre_req_pre"": ""0"", ""buy_10th_pre_bid"": ""+11160"", ""buy_10th_pre_req"": ""3193"", ""buy_10th_pre_req_pre"": ""0"", ""tot_sel_req_jub_pre"": ""+30"", ""tot_sel_req"": ""3487"", ""tot_buy_req"": ""12587"", ""tot_buy_req_jub_pre"": ""0"", ""ovt_sel_req_pre"": ""0"", ""ovt_sel_req"": ""0"", ""ovt_buy_req"": ""0"", ""ovt_buy_req_pre"": ""0"", ""return_code"": 0, ""return_msg"": ""정상적으로 처리되었습니다""}"
2026-06-10,scan_candidate,092200,,0,main_scan,9860,,9860,9850,9860,9890,0.2028397565922921,0.10141987829614604,,,,,,"{""bid_req_base_tm"": ""100829"", ""sel_10th_pre_req_pre"": ""0"", ""sel_10th_pre_req"": ""535"", ""sel_10th_pre_bid"": ""-9960"", ""sel_9th_pre_req_pre"": ""0"", ""sel_9th_pre_req"": ""13"", ""sel_9th_pre_bid"": ""-9950"", ""sel_8th_pre_req_pre"": ""0"", ""sel_8th_pre_req"": ""231"", ""sel_8th_pre_bid"": ""-9940"", ""sel_7th_pre_req_pre"": ""0"", ""sel_7th_pre_req"": ""30"", ""sel_7th_pre_bid"": ""-9930"", ""sel_6th_pre_req_pre"": ""0"", ""sel_6th_pre_req"": ""1793"", ""sel_6th_pre_bid"": ""-9920"", ""sel_5th_pre_req_pre"": ""0"", ""sel_5th_pre_req"": ""600"", ""sel_5th_pre_bid"": ""-9910"", ""sel_4th_pre_req_pre"": ""0"", ""sel_4th_pre_req"": ""89"", ""sel_4th_pre_bid"": ""-9900"", ""sel_3th_pre_req_pre"": ""0"", ""sel_3th_pre_req"": ""112"", ""sel_3th_pre_bid"": ""-9890"", ""sel_2th_pre_req_pre"": ""0"", ""sel_2th_pre_req"": ""6"", ""sel_2th_pre_bid"": ""-9870"", ""sel_1th_pre_req_pre"": ""0"", ""sel_fpr_req"": ""5"", ""sel_fpr_bid"": ""-9860"", ""buy_fpr_bid"": ""-9850"", ""buy_fpr_req"": ""470"", ""buy_1th_pre_req_pre"": ""0"", ""buy_2th_pre_bid"": ""-9840"", ""buy_2th_pre_req"": ""1588"", ""buy_2th_pre_req_pre"": ""0"", ""buy_3th_pre_bid"": ""-9830"", ""buy_3th_pre_req"": ""1531"", ""buy_3th_pre_req_pre"": ""0"", ""buy_4th_pre_bid"": ""-9820"", ""buy_4th_pre_req"": ""2796"", ""buy_4th_pre_req_pre"": ""0"", ""buy_5th_pre_bid"": ""-9810"", ""buy_5th_pre_req"": ""1690"", ""buy_5th_pre_req_pre"": ""0"", ""buy_6th_pre_bid"": ""-9800"", ""buy_6th_pre_req"": ""2840"", ""buy_6th_pre_req_pre"": ""+6"", ""buy_7th_pre_bid"": ""-9790"", ""buy_7th_pre_req"": ""1001"", ""buy_7th_pre_req_pre"": ""0"", ""buy_8th_pre_bid"": ""-9780"", ""buy_8th_pre_req"": ""1648"", ""buy_8th_pre_req_pre"": ""0"", ""buy_9th_pre_bid"": ""-9770"", ""buy_9th_pre_req"": ""2091"", ""buy_9th_pre_req_pre"": ""0"", ""buy_10th_pre_bid"": ""-9760"", ""buy_10th_pre_req"": ""1403"", ""buy_10th_pre_req_pre"": ""0"", ""tot_sel_req_jub_pre"": ""0"", ""tot_sel_req"": ""3414"", ""tot_buy_req"": ""17058"", ""tot_buy_req_jub_pre"": ""+6"", ""ovt_sel_req_pre"": ""0"", ""ovt_sel_req"": ""0"", ""ovt_buy_req"": ""0"", ""ovt_buy_req_pre"": ""0"", ""return_code"": 0, ""return_msg"": ""정상적으로 처리되었습니다""}"
2026-06-10,scan_candidate,010820,,0,main_scan,8170,,8170,8150,8170,8130,-0.6119951040391677,0.24479804161566704,,,,,,"{""bid_req_base_tm"": ""100829"", ""sel_10th_pre_req_pre"": ""0"", ""sel_10th_pre_req"": ""329"", ""sel_10th_pre_bid"": ""+8260"", ""sel_9th_pre_req_pre"": ""0"", ""sel_9th_pre_req"": ""3429"", ""sel_9th_pre_bid"": ""+8250"", ""sel_8th_pre_req_pre"": ""--1000"", ""sel_8th_pre_req"": ""843"", ""sel_8th_pre_bid"": ""+8240"", ""sel_7th_pre_req_pre"": ""0"", ""sel_7th_pre_req"": ""415"", ""sel_7th_pre_bid"": ""+8230"", ""sel_6th_pre_req_pre"": ""+1000"", ""sel_6th_pre_req"": ""1051"", ""sel_6th_pre_bid"": ""+8220"", ""sel_5th_pre_req_pre"": ""0"", ""sel_5th_pre_req"": ""1213"", ""sel_5th_pre_bid"": ""+8210"", ""sel_4th_pre_req_pre"": ""0"", ""sel_4th_pre_req"": ""294"", ""sel_4th_pre_bid"": ""+8200"", ""sel_3th_pre_req_pre"": ""0"", ""sel_3th_pre_req"": ""373"", ""sel_3th_pre_bid"": ""+8190"", ""sel_2th_pre_req_pre"": ""0"", ""sel_2th_pre_req"": ""123"", ""sel_2th_pre_bid"": ""+8180"", ""sel_1th_pre_req_pre"": ""0"", ""sel_fpr_req"": ""55"", ""sel_fpr_bid"": ""+8170"", ""buy_fpr_bid"": ""+8150"", ""buy_fpr_req"": ""96"", ""buy_1th_pre_req_pre"": ""0"", ""buy_2th_pre_bid"": ""+8130"", ""buy_2th_pre_req"": ""144"", ""buy_2th_pre_req_pre"": ""0"", ""buy_3th_pre_bid"": ""+8110"", ""buy_3th_pre_req"": ""92"", ""buy_3th_pre_req_pre"": ""0"", ""buy_4th_pre_bid"": ""+8100"", ""buy_4th_pre_req"": ""2377"", ""buy_4th_pre_req_pre"": ""0"", ""buy_5th_pre_bid"": ""+8090"", ""buy_5th_pre_req"": ""307"", ""buy_5th_pre_req_pre"": ""0"", ""buy_6th_pre_bid"": ""+8080"", ""buy_6th_pre_req"": ""30"", ""buy_6th_pre_req_pre"": ""0"", ""buy_7th_pre_bid"": ""+8070"", ""buy_7th_pre_req"": ""36"", ""buy_7th_pre_req_pre"": ""0"", ""buy_8th_pre_bid"": ""+8060"", ""buy_8th_pre_req"": ""1"", ""buy_8th_pre_req_pre"": ""0"", ""buy_9th_pre_bid"": ""+8050"", ""buy_9th_pre_req"": ""270"", ""buy_9th_pre_req_pre"": ""0"", ""buy_10th_pre_bid"": ""+8040"", ""buy_10th_pre_req"": ""99"", ""buy_10th_pre_req_pre"": ""0"", ""tot_sel_req_jub_pre"": ""0"", ""tot_sel_req"": ""8125"", ""tot_buy_req"": ""3452"", ""tot_buy_req_jub_pre"": ""0"", ""ovt_sel_req_pre"": ""0"", ""ovt_sel_req"": ""0"", ""ovt_buy_req"": ""0"", ""ovt_buy_req_pre"": ""0"", ""return_code"": 0, ""return_msg"": ""정상적으로 처리되었습니다""}"
2026-06-10,scan_candidate,000430,,0,main_scan,5760,,5760,5740,5760,5780,0.1736111111111111,0.3472222222222222,,,,,,"{""bid_req_base_tm"": ""100829"", ""sel_10th_pre_req_pre"": ""0"", ""sel_10th_pre_req"": ""1634"", ""sel_10th_pre_bid"": ""-5850"", ""sel_9th_pre_req_pre"": ""0"", ""sel_9th_pre_req"": ""70"", ""sel_9th_pre_bid"": ""-5840"", ""sel_8th_pre_req_pre"": ""0"", ""sel_8th_pre_req"": ""906"", ""sel_8th_pre_bid"": ""-5830"", ""sel_7th_pre_req_pre"": ""0"", ""sel_7th_pre_req"": ""9"", ""sel_7th_pre_bid"": ""-5820"", ""sel_6th_pre_req_pre"": ""0"", ""sel_6th_pre_req"": ""506"", ""sel_6th_pre_bid"": ""-5810"", ""sel_5th_pre_req_pre"": ""0"", ""sel_5th_pre_req"": ""1550"", ""sel_5th_pre_bid"": ""-5800"", ""sel_4th_pre_req_pre"": ""0"", ""sel_4th_pre_req"": ""2259"", ""sel_4th_pre_bid"": ""-5790"", ""sel_3th_pre_req_pre"": ""0"", ""sel_3th_pre_req"": ""379"", ""sel_3th_pre_bid"": ""-5780"", ""sel_2th_pre_req_pre"": ""0"", ""sel_2th_pre_req"": ""132"", ""sel_2th_pre_bid"": ""-5770"", ""sel_1th_pre_req_pre"": ""0"", ""sel_fpr_req"": ""581"", ""sel_fpr_bid"": ""-5760"", ""buy_fpr_bid"": ""-5740"", ""buy_fpr_req"": ""4143"", ""buy_1th_pre_req_pre"": ""0"", ""buy_2th_pre_bid"": ""-5730"", ""buy_2th_pre_req"": ""3060"", ""buy_2th_pre_req_pre"": ""0"", ""buy_3th_pre_bid"": ""-5720"", ""buy_3th_pre_req"": ""1744"", ""buy_3th_pre_req_pre"": ""0"", ""buy_4th_pre_bid"": ""-5710"", ""buy_4th_pre_req"": ""355"", ""buy_4th_pre_req_pre"": ""0"", ""buy_5th_pre_bid"": ""-5700"", ""buy_5th_pre_req"": ""1793"", ""buy_5th_pre_req_pre"": ""--100"", ""buy_6th_pre_bid"": ""-5690"", ""buy_6th_pre_req"": ""1800"", ""buy_6th_pre_req_pre"": ""0"", ""buy_7th_pre_bid"": ""-5680"", ""buy_7th_pre_req"": ""5465"", ""buy_7th_pre_req_pre"": ""0"", ""buy_8th_pre_bid"": ""-5670"", ""buy_8th_pre_req"": ""2627"", ""buy_8th_pre_req_pre"": ""0"", ""buy_9th_pre_bid"": ""-5660"", ""buy_9th_pre_req"": ""3337"", ""buy_9th_pre_req_pre"": ""0"", ""buy_10th_pre_bid"": ""-5650"", ""buy_10th_pre_req"": ""6096"", ""buy_10th_pre_req_pre"": ""0"", ""tot_sel_req_jub_pre"": ""0"", ""tot_sel_req"": ""8026"", ""tot_buy_req"": ""30420"", ""tot_buy_req_jub_pre"": ""--100"", ""ovt_sel_req_pre"": ""0"", ""ovt_sel_req"": ""0"", ""ovt_buy_req"": ""0"", ""ovt_buy_req_pre"": ""0"", ""return_code"": 0, ""return_msg"": ""정상적으로 처리되었습니다""}"
2026-06-10,scan_candidate,010690,,0,main_scan,11150,,11150,11140,11150,11100,-0.8968609865470852,0.08968609865470852,,,,,,"{""bid_req_base_tm"": ""100829"", ""sel_10th_pre_req_pre"": ""0"", ""sel_10th_pre_req"": ""1"", ""sel_10th_pre_bid"": ""+11270"", ""sel_9th_pre_req_pre"": ""0"", ""sel_9th_pre_req"": ""201"", ""sel_9th_pre_bid"": ""+11260"", ""sel_8th_pre_req_pre"": ""0"", ""sel_8th_pre_req"": ""86"", ""sel_8th_pre_bid"": ""+11250"", ""sel_7th_pre_req_pre"": ""0"", ""sel_7th_pre_req"": ""16"", ""sel_7th_pre_bid"": ""+11240"", ""sel_6th_pre_req_pre"": ""0"", ""sel_6th_pre_req"": ""2904"", ""sel_6th_pre_bid"": ""+11220"", ""sel_5th_pre_req_pre"": ""0"", ""sel_5th_pre_req"": ""272"", ""sel_5th_pre_bid"": ""+11210"", ""sel_4th_pre_req_pre"": ""0"", ""sel_4th_pre_req"": ""489"", ""sel_4th_pre_bid"": ""+11200"", ""sel_3th_pre_req_pre"": ""0"", ""sel_3th_pre_req"": ""32"", ""sel_3th_pre_bid"": ""+11180"", ""sel_2th_pre_req_pre"": ""0"", ""sel_2th_pre_req"": ""53"", ""sel_2th_pre_bid"": ""+11160"", ""sel_1th_pre_req_pre"": ""--50"", ""sel_fpr_req"": ""1"", ""sel_fpr_bid"": ""+11150"", ""buy_fpr_bid"": ""+11140"", ""buy_fpr_req"": ""142"", ""buy_1th_pre_req_pre"": ""0"", ""buy_2th_pre_bid"": ""+11130"", ""buy_2th_pre_req"": ""411"", ""buy_2th_pre_req_pre"": ""0"", ""buy_3th_pre_bid"": ""+11110"", ""buy_3th_pre_req"": ""50"", ""buy_3th_pre_req_pre"": ""0"", ""buy_4th_pre_bid"": ""+11100"", ""buy_4th_pre_req"": ""183"", ""buy_4th_pre_req_pre"": ""0"", ""buy_5th_pre_bid"": ""+11090"", ""buy_5th_pre_req"": ""280"", ""buy_5th_pre_req_pre"": ""0"", ""buy_6th_pre_bid"": ""+11080"", ""buy_6th_pre_req"": ""109"", ""buy_6th_pre_req_pre"": ""0"", ""buy_7th_pre_bid"": ""+11070"", ""buy_7th_pre_req"": ""5"", ""buy_7th_pre_req_pre"": ""0"", ""buy_8th_pre_bid"": ""+11060"", ""buy_8th_pre_req"": ""809"", ""buy_8th_pre_req_pre"": ""0"", ""buy_9th_pre_bid"": ""+11050"", ""buy_9th_pre_req"": ""1479"", ""buy_9th_pre_req_pre"": ""0"", ""buy_10th_pre_bid"": ""+11040"", ""buy_10th_pre_req"": ""23"", ""buy_10th_pre_req_pre"": ""0"", ""tot_sel_req_jub_pre"": ""--50"", ""tot_sel_req"": ""4055"", ""tot_buy_req"": ""3491"", ""tot_buy_req_jub_pre"": ""0"", ""ovt_sel_req_pre"": ""0"", ""ovt_sel_req"": ""0"", ""ovt_buy_req"": ""0"", ""ovt_buy_req_pre"": ""0"", ""return_code"": 0, ""return_msg"": ""정상적으로 처리되었습니다""}"
2026-06-10,scan_candidate,005950,,0,main_scan,12320,,12320,12310,12320,12250,-0.974025974025974,0.08116883116883117,,,,,,"{""bid_req_base_tm"": ""100829"", ""sel_10th_pre_req_pre"": ""0"", ""sel_10th_pre_req"": ""117"", ""sel_10th_pre_bid"": ""+12410"", ""sel_9th_pre_req_pre"": ""0"", ""sel_9th_pre_req"": ""709"", ""sel_9th_pre_bid"": ""+12400"", ""sel_8th_pre_req_pre"": ""0"", ""sel_8th_pre_req"": ""234"", ""sel_8th_pre_bid"": ""+12390"", ""sel_7th_pre_req_pre"": ""0"", ""sel_7th_pre_req"": ""29"", ""sel_7th_pre_bid"": ""+12380"", ""sel_6th_pre_req_pre"": ""0"", ""sel_6th_pre_req"": ""109"", ""sel_6th_pre_bid"": ""+12370"", ""sel_5th_pre_req_pre"": ""0"", ""sel_5th_pre_req"": ""102"", ""sel_5th_pre_bid"": ""+12360"", ""sel_4th_pre_req_pre"": ""0"", ""sel_4th_pre_req"": ""1"", ""sel_4th_pre_bid"": ""+12350"", ""sel_3th_pre_req_pre"": ""0"", ""sel_3th_pre_req"": ""66"", ""sel_3th_pre_bid"": ""+12340"", ""sel_2th_pre_req_pre"": ""0"", ""sel_2th_pre_req"": ""159"", ""sel_2th_pre_bid"": ""+12330"", ""sel_1th_pre_req_pre"": ""0"", ""sel_fpr_req"": ""737"", ""sel_fpr_bid"": ""+12320"", ""buy_fpr_bid"": ""+12310"", ""buy_fpr_req"": ""39"", ""buy_1th_pre_req_pre"": ""0"", ""buy_2th_pre_bid"": ""+12300"", ""buy_2th_pre_req"": ""1340"", ""buy_2th_pre_req_pre"": ""0"", ""buy_3th_pre_bid"": ""+12250"", ""buy_3th_pre_req"": ""140"", ""buy_3th_pre_req_pre"": ""0"", ""buy_4th_pre_bid"": ""+12230"", ""buy_4th_pre_req"": ""1"", ""buy_4th_pre_req_pre"": ""0"", ""buy_5th_pre_bid"": ""+12220"", ""buy_5th_pre_req"": ""5"", ""buy_5th_pre_req_pre"": ""0"", ""buy_6th_pre_bid"": ""+12210"", ""buy_6th_pre_req"": ""10"", ""buy_6th_pre_req_pre"": ""0"", ""buy_7th_pre_bid"": ""+12200"", ""buy_7th_pre_req"": ""152"", ""buy_7th_pre_req_pre"": ""0"", ""buy_8th_pre_bid"": ""+12180"", ""buy_8th_pre_req"": ""39"", ""buy_8th_pre_req_pre"": ""0"", ""buy_9th_pre_bid"": ""+12170"", ""buy_9th_pre_req"": ""76"", ""buy_9th_pre_req_pre"": ""0"", ""buy_10th_pre_bid"": ""+12160"", ""buy_10th_pre_req"": ""20"", ""buy_10th_pre_req_pre"": ""0"", ""tot_sel_req_jub_pre"": ""0"", ""tot_sel_req"": ""2263"", ""tot_buy_req"": ""1822"", ""tot_buy_req_jub_pre"": ""0"", ""ovt_sel_req_pre"": ""0"", ""ovt_sel_req"": ""0"", ""ovt_buy_req"": ""0"", ""ovt_buy_req_pre"": ""0"", ""return_code"": 0, ""return_msg"": ""정상적으로 처리되었습니다""}"
2026-06-10,watchlist,014680,,0,filtered_candidate_recheck,262000,,262000,261500,262000,262500,0.0,0.19083969465648853,,,,,,"{""bid_req_base_tm"": ""101015"", ""sel_10th_pre_req_pre"": ""0"", ""sel_10th_pre_req"": ""16"", ""sel_10th_pre_bid"": ""+266500"", ""sel_9th_pre_req_pre"": ""0"", ""sel_9th_pre_req"": ""24"", ""sel_9th_pre_bid"": ""+266000"", ""sel_8th_pre_req_pre"": ""0"", ""sel_8th_pre_req"": ""59"", ""sel_8th_pre_bid"": ""+265500"", ""sel_7th_pre_req_pre"": ""0"", ""sel_7th_pre_req"": ""46"", ""sel_7th_pre_bid"": ""+265000"", ""sel_6th_pre_req_pre"": ""0"", ""sel_6th_pre_req"": ""30"", ""sel_6th_pre_bid"": ""+264500"", ""sel_5th_pre_req_pre"": ""0"", ""sel_5th_pre_req"": ""113"", ""sel_5th_pre_bid"": ""+264000"", ""sel_4th_pre_req_pre"": ""0"", ""sel_4th_pre_req"": ""69"", ""sel_4th_pre_bid"": ""+263500"", ""sel_3th_pre_req_pre"": ""+2"", ""sel_3th_pre_req"": ""4"", ""sel_3th_pre_bid"": ""+263000"", ""sel_2th_pre_req_pre"": ""0"", ""sel_2th_pre_req"": ""46"", ""sel_2th_pre_bid"": ""+262500"", ""sel_1th_pre_req_pre"": ""0"", ""sel_fpr_req"": ""9"", ""sel_fpr_bid"": ""+262000"", ""buy_fpr_bid"": ""+261500"", ""buy_fpr_req"": ""75"", ""buy_1th_pre_req_pre"": ""0"", ""buy_2th_pre_bid"": ""+261000"", ""buy_2th_pre_req"": ""21"", ""buy_2th_pre_req_pre"": ""0"", ""buy_3th_pre_bid"": ""+260500"", ""buy_3th_pre_req"": ""2"", ""buy_3th_pre_req_pre"": ""0"", ""buy_4th_pre_bid"": ""+260000"", ""buy_4th_pre_req"": ""31"", ""buy_4th_pre_req_pre"": ""0"", ""buy_5th_pre_bid"": ""+259500"", ""buy_5th_pre_req"": ""119"", ""buy_5th_pre_req_pre"": ""0"", ""buy_6th_pre_bid"": ""+259000"", ""buy_6th_pre_req"": ""209"", ""buy_6th_pre_req_pre"": ""0"", ""buy_7th_pre_bid"": ""+258500"", ""buy_7th_pre_req"": ""102"", ""buy_7th_pre_req_pre"": ""0"", ""buy_8th_pre_bid"": ""+258000"", ""buy_8th_pre_req"": ""103"", ""buy_8th_pre_req_pre"": ""0"", ""buy_9th_pre_bid"": ""+257500"", ""buy_9th_pre_req"": ""132"", ""buy_9th_pre_req_pre"": ""0"", ""buy_10th_pre_bid"": ""+257000"", ""buy_10th_pre_req"": ""138"", ""buy_10th_pre_req_pre"": ""0"", ""tot_sel_req_jub_pre"": ""+2"", ""tot_sel_req"": ""416"", ""tot_buy_req"": ""932"", ""tot_buy_req_jub_pre"": ""0"", ""ovt_sel_req_pre"": ""0"", ""ovt_sel_req"": ""0"", ""ovt_buy_req"": ""0"", ""ovt_buy_req_pre"": ""0"", ""return_code"": 0, ""return_msg"": ""정상적으로 처리되었습니다""}"
2026-06-10,watchlist,035420,,0,filtered_candidate_recheck,236500,,236500,236000,236500,238000,0.42283298097251587,0.21141649048625794,,,,,,"{""bid_req_base_tm"": ""101016"", ""sel_10th_pre_req_pre"": ""0"", ""sel_10th_pre_req"": ""2400"", ""sel_10th_pre_bid"": ""-241000"", ""sel_9th_pre_req_pre"": ""0"", ""sel_9th_pre_req"": ""2067"", ""sel_9th_pre_bid"": ""-240500"", ""sel_8th_pre_req_pre"": ""0"", ""sel_8th_pre_req"": ""3549"", ""sel_8th_pre_bid"": ""-240000"", ""sel_7th_pre_req_pre"": ""0"", ""sel_7th_pre_req"": ""2595"", ""sel_7th_pre_bid"": ""-239500"", ""sel_6th_pre_req_pre"": ""0"", ""sel_6th_pre_req"": ""2268"", ""sel_6th_pre_bid"": ""-239000"", ""sel_5th_pre_req_pre"": ""0"", ""sel_5th_pre_req"": ""3162"", ""sel_5th_pre_bid"": ""-238500"", ""sel_4th_pre_req_pre"": ""0"", ""sel_4th_pre_req"": ""2915"", ""sel_4th_pre_bid"": ""-238000"", ""sel_3th_pre_req_pre"": ""0"", ""sel_3th_pre_req"": ""3732"", ""sel_3th_pre_bid"": ""-237500"", ""sel_2th_pre_req_pre"": ""--1"", ""sel_2th_pre_req"": ""2659"", ""sel_2th_pre_bid"": ""-237000"", ""sel_1th_pre_req_pre"": ""--1"", ""sel_fpr_req"": ""6788"", ""sel_fpr_bid"": ""-236500"", ""buy_fpr_bid"": ""-236000"", ""buy_fpr_req"": ""4116"", ""buy_1th_pre_req_pre"": ""+16"", ""buy_2th_pre_bid"": ""-235500"", ""buy_2th_pre_req"": ""5840"", ""buy_2th_pre_req_pre"": ""+1"", ""buy_3th_pre_bid"": ""-235000"", ""buy_3th_pre_req"": ""25587"", ""buy_3th_pre_req_pre"": ""0"", ""buy_4th_pre_bid"": ""-234500"", ""buy_4th_pre_req"": ""54086"", ""buy_4th_pre_req_pre"": ""+9"", ""buy_5th_pre_bid"": ""-234000"", ""buy_5th_pre_req"": ""7113"", ""buy_5th_pre_req_pre"": ""0"", ""buy_6th_pre_bid"": ""-233500"", ""buy_6th_pre_req"": ""6204"", ""buy_6th_pre_req_pre"": ""+1"", ""buy_7th_pre_bid"": ""-233000"", ""buy_7th_pre_req"": ""7336"", ""buy_7th_pre_req_pre"": ""0"", ""buy_8th_pre_bid"": ""-232500"", ""buy_8th_pre_req"": ""6003"", ""buy_8th_pre_req_pre"": ""0"", ""buy_9th_pre_bid"": ""-232000"", ""buy_9th_pre_req"": ""10195"", ""buy_9th_pre_req_pre"": ""0"", ""buy_10th_pre_bid"": ""-231500"", ""buy_10th_pre_req"": ""8365"", ""buy_10th_pre_req_pre"": ""+4"", ""tot_sel_req_jub_pre"": ""--2"", ""tot_sel_req"": ""32135"", ""tot_buy_req"": ""134845"", ""tot_buy_req_jub_pre"": ""+31"", ""ovt_sel_req_pre"": ""0"", ""ovt_sel_req"": ""0"", ""ovt_buy_req"": ""0"", ""ovt_buy_req_pre"": ""0"", ""return_code"": 0, ""return_msg"": ""정상적으로 처리되었습니다""}"
2026-06-10,watchlist,036570,,0,filtered_candidate_recheck,258500,,258500,258000,258500,259000,0.0,0.19342359767891684,,,,,,"{""bid_req_base_tm"": ""101015"", ""sel_10th_pre_req_pre"": ""0"", ""sel_10th_pre_req"": ""15"", ""sel_10th_pre_bid"": ""-263000"", ""sel_9th_pre_req_pre"": ""0"", ""sel_9th_pre_req"": ""18"", ""sel_9th_pre_bid"": ""-262500"", ""sel_8th_pre_req_pre"": ""0"", ""sel_8th_pre_req"": ""33"", ""sel_8th_pre_bid"": ""-262000"", ""sel_7th_pre_req_pre"": ""0"", ""sel_7th_pre_req"": ""13"", ""sel_7th_pre_bid"": ""-261500"", ""sel_6th_pre_req_pre"": ""0"", ""sel_6th_pre_req"": ""16"", ""sel_6th_pre_bid"": ""-261000"", ""sel_5th_pre_req_pre"": ""0"", ""sel_5th_pre_req"": ""8"", ""sel_5th_pre_bid"": ""-260500"", ""sel_4th_pre_req_pre"": ""0"", ""sel_4th_pre_req"": ""138"", ""sel_4th_pre_bid"": ""-260000"", ""sel_3th_pre_req_pre"": ""--4"", ""sel_3th_pre_req"": ""27"", ""sel_3th_pre_bid"": ""-259500"", ""sel_2th_pre_req_pre"": ""0"", ""sel_2th_pre_req"": ""81"", ""sel_2th_pre_bid"": ""-259000"", ""sel_1th_pre_req_pre"": ""0"", ""sel_fpr_req"": ""45"", ""sel_fpr_bid"": ""-258500"", ""buy_fpr_bid"": ""-258000"", ""buy_fpr_req"": ""35"", ""buy_1th_pre_req_pre"": ""0"", ""buy_2th_pre_bid"": ""-257500"", ""buy_2th_pre_req"": ""101"", ""buy_2th_pre_req_pre"": ""0"", ""buy_3th_pre_bid"": ""-257000"", ""buy_3th_pre_req"": ""63"", ""buy_3th_pre_req_pre"": ""0"", ""buy_4th_pre_bid"": ""-256500"", ""buy_4th_pre_req"": ""26"", ""buy_4th_pre_req_pre"": ""0"", ""buy_5th_pre_bid"": ""-256000"", ""buy_5th_pre_req"": ""91"", ""buy_5th_pre_req_pre"": ""0"", ""buy_6th_pre_bid"": ""-255500"", ""buy_6th_pre_req"": ""58"", ""buy_6th_pre_req_pre"": ""0"", ""buy_7th_pre_bid"": ""-255000"", ""buy_7th_pre_req"": ""197"", ""buy_7th_pre_req_pre"": ""0"", ""buy_8th_pre_bid"": ""-254500"", ""buy_8th_pre_req"": ""345"", ""buy_8th_pre_req_pre"": ""0"", ""buy_9th_pre_bid"": ""-254000"", ""buy_9th_pre_req"": ""300"", ""buy_9th_pre_req_pre"": ""0"", ""buy_10th_pre_bid"": ""-253500"", ""buy_10th_pre_req"": ""458"", ""buy_10th_pre_req_pre"": ""0"", ""tot_sel_req_jub_pre"": ""--4"", ""tot_sel_req"": ""394"", ""tot_buy_req"": ""1674"", ""tot_buy_req_jub_pre"": ""0"", ""ovt_sel_req_pre"": ""0"", ""ovt_sel_req"": ""0"", ""ovt_buy_req"": ""0"", ""ovt_buy_req_pre"": ""0"", ""return_code"": 0, ""return_msg"": ""정상적으로 처리되었습니다""}"
2026-06-10,watchlist,005090,,0,filtered_candidate_recheck,51900,,51900,51600,51900,52000,0.0,0.5780346820809248,,,,,,"{""bid_req_base_tm"": ""101009"", ""sel_10th_pre_req_pre"": ""0"", ""sel_10th_pre_req"": ""610"", ""sel_10th_pre_bid"": ""+53400"", ""sel_9th_pre_req_pre"": ""0"", ""sel_9th_pre_req"": ""67"", ""sel_9th_pre_bid"": ""+53100"", ""sel_8th_pre_req_pre"": ""0"", ""sel_8th_pre_req"": ""32"", ""sel_8th_pre_bid"": ""+53000"", ""sel_7th_pre_req_pre"": ""0"", ""sel_7th_pre_req"": ""52"", ""sel_7th_pre_bid"": ""+52900"", ""sel_6th_pre_req_pre"": ""0"", ""sel_6th_pre_req"": ""60"", ""sel_6th_pre_bid"": ""+52400"", ""sel_5th_pre_req_pre"": ""0"", ""sel_5th_pre_req"": ""3"", ""sel_5th_pre_bid"": ""+52300"", ""sel_4th_pre_req_pre"": ""0"", ""sel_4th_pre_req"": ""474"", ""sel_4th_pre_bid"": ""+52200"", ""sel_3th_pre_req_pre"": ""0"", ""sel_3th_pre_req"": ""5"", ""sel_3th_pre_bid"": ""+52100"", ""sel_2th_pre_req_pre"": ""+2"", ""sel_2th_pre_req"": ""57"", ""sel_2th_pre_bid"": ""+52000"", ""sel_1th_pre_req_pre"": ""0"", ""sel_fpr_req"": ""202"", ""sel_fpr_bid"": ""+51900"", ""buy_fpr_bid"": ""+51600"", ""buy_fpr_req"": ""1"", ""buy_1th_pre_req_pre"": ""0"", ""buy_2th_pre_bid"": ""+51500"", ""buy_2th_pre_req"": ""175"", ""buy_2th_pre_req_pre"": ""0"", ""buy_3th_pre_bid"": ""+51400"", ""buy_3th_pre_req"": ""1"", ""buy_3th_pre_req_pre"": ""0"", ""buy_4th_pre_bid"": ""+51300"", ""buy_4th_pre_req"": ""103"", ""buy_4th_pre_req_pre"": ""0"", ""buy_5th_pre_bid"": ""+51200"", ""buy_5th_pre_req"": ""36"", ""buy_5th_pre_req_pre"": ""0"", ""buy_6th_pre_bid"": ""+51100"", ""buy_6th_pre_req"": ""300"", ""buy_6th_pre_req_pre"": ""0"", ""buy_7th_pre_bid"": ""+51000"", ""buy_7th_pre_req"": ""198"", ""buy_7th_pre_req_pre"": ""0"", ""buy_8th_pre_bid"": ""+50900"", ""buy_8th_pre_req"": ""160"", ""buy_8th_pre_req_pre"": ""0"", ""buy_9th_pre_bid"": ""+50800"", ""buy_9th_pre_req"": ""534"", ""buy_9th_pre_req_pre"": ""0"", ""buy_10th_pre_bid"": ""+50700"", ""buy_10th_pre_req"": ""202"", ""buy_10th_pre_req_pre"": ""0"", ""tot_sel_req_jub_pre"": ""+2"", ""tot_sel_req"": ""1562"", ""tot_buy_req"": ""1710"", ""tot_buy_req_jub_pre"": ""0"", ""ovt_sel_req_pre"": ""0"", ""ovt_sel_req"": ""0"", ""ovt_buy_req"": ""0"", ""ovt_buy_req_pre"": ""0"", ""return_code"": 0, ""return_msg"": ""정상적으로 처리되었습니다""}"
2026-06-10,watchlist,066570,,0,filtered_candidate_recheck,232000,,232000,231500,232000,233500,0.43103448275862066,0.21551724137931033,,,,,,"{""bid_req_base_tm"": ""101017"", ""sel_10th_pre_req_pre"": ""0"", ""sel_10th_pre_req"": ""1258"", ""sel_10th_pre_bid"": ""-236500"", ""sel_9th_pre_req_pre"": ""0"", ""sel_9th_pre_req"": ""2922"", ""sel_9th_pre_bid"": ""-236000"", ""sel_8th_pre_req_pre"": ""0"", ""sel_8th_pre_req"": ""2154"", ""sel_8th_pre_bid"": ""-235500"", ""sel_7th_pre_req_pre"": ""0"", ""sel_7th_pre_req"": ""2927"", ""sel_7th_pre_bid"": ""-235000"", ""sel_6th_pre_req_pre"": ""0"", ""sel_6th_pre_req"": ""865"", ""sel_6th_pre_bid"": ""-234500"", ""sel_5th_pre_req_pre"": ""0"", ""sel_5th_pre_req"": ""874"", ""sel_5th_pre_bid"": ""-234000"", ""sel_4th_pre_req_pre"": ""0"", ""sel_4th_pre_req"": ""1019"", ""sel_4th_pre_bid"": ""-233500"", ""sel_3th_pre_req_pre"": ""0"", ""sel_3th_pre_req"": ""2393"", ""sel_3th_pre_bid"": ""-233000"", ""sel_2th_pre_req_pre"": ""0"", ""sel_2th_pre_req"": ""1444"", ""sel_2th_pre_bid"": ""-232500"", ""sel_1th_pre_req_pre"": ""0"", ""sel_fpr_req"": ""3629"", ""sel_fpr_bid"": ""-232000"", ""buy_fpr_bid"": ""-231500"", ""buy_fpr_req"": ""2490"", ""buy_1th_pre_req_pre"": ""+3"", ""buy_2th_pre_bid"": ""-231000"", ""buy_2th_pre_req"": ""7584"", ""buy_2th_pre_req_pre"": ""0"", ""buy_3th_pre_bid"": ""-230500"", ""buy_3th_pre_req"": ""12233"", ""buy_3th_pre_req_pre"": ""0"", ""buy_4th_pre_bid"": ""-230000"", ""buy_4th_pre_req"": ""35762"", ""buy_4th_pre_req_pre"": ""0"", ""buy_5th_pre_bid"": ""-229500"", ""buy_5th_pre_req"": ""5068"", ""buy_5th_pre_req_pre"": ""0"", ""buy_6th_pre_bid"": ""-229000"", ""buy_6th_pre_req"": ""7652"", ""buy_6th_pre_req_pre"": ""0"", ""buy_7th_pre_bid"": ""-228500"", ""buy_7th_pre_req"": ""7318"", ""buy_7th_pre_req_pre"": ""0"", ""buy_8th_pre_bid"": ""-228000"", ""buy_8th_pre_req"": ""12915"", ""buy_8th_pre_req_pre"": ""0"", ""buy_9th_pre_bid"": ""-227500"", ""buy_9th_pre_req"": ""3852"", ""buy_9th_pre_req_pre"": ""0"", ""buy_10th_pre_bid"": ""-227000"", ""buy_10th_pre_req"": ""6333"", ""buy_10th_pre_req_pre"": ""0"", ""tot_sel_req_jub_pre"": ""0"", ""tot_sel_req"": ""19485"", ""tot_buy_req"": ""101207"", ""tot_buy_req_jub_pre"": ""+3"", ""ovt_sel_req_pre"": ""0"", ""ovt_sel_req"": ""0"", ""ovt_buy_req"": ""0"", ""ovt_buy_req_pre"": ""0"", ""return_code"": 0, ""return_msg"": ""정상적으로 처리되었습니다""}"
2026-06-10,watchlist,028670,,1,filtered_candidate_recheck,5060,,5060,5050,5060,5090,0.3952569169960474,0.1976284584980237,,,,,,"{""bid_req_base_tm"": ""101017"", ""sel_10th_pre_req_pre"": ""0"", ""sel_10th_pre_req"": ""2312"", ""sel_10th_pre_bid"": ""-5150"", ""sel_9th_pre_req_pre"": ""0"", ""sel_9th_pre_req"": ""331"", ""sel_9th_pre_bid"": ""-5140"", ""sel_8th_pre_req_pre"": ""0"", ""sel_8th_pre_req"": ""1648"", ""sel_8th_pre_bid"": ""-5130"", ""sel_7th_pre_req_pre"": ""0"", ""sel_7th_pre_req"": ""3360"", ""sel_7th_pre_bid"": ""-5120"", ""sel_6th_pre_req_pre"": ""0"", ""sel_6th_pre_req"": ""201"", ""sel_6th_pre_bid"": ""-5110"", ""sel_5th_pre_req_pre"": ""0"", ""sel_5th_pre_req"": ""111"", ""sel_5th_pre_bid"": ""-5100"", ""sel_4th_pre_req_pre"": ""0"", ""sel_4th_pre_req"": ""1049"", ""sel_4th_pre_bid"": ""-5090"", ""sel_3th_pre_req_pre"": ""0"", ""sel_3th_pre_req"": ""3490"", ""sel_3th_pre_bid"": ""-5080"", ""sel_2th_pre_req_pre"": ""0"", ""sel_2th_pre_req"": ""3081"", ""sel_2th_pre_bid"": ""-5070"", ""sel_1th_pre_req_pre"": ""0"", ""sel_fpr_req"": ""5896"", ""sel_fpr_bid"": ""-5060"", ""buy_fpr_bid"": ""-5050"", ""buy_fpr_req"": ""9229"", ""buy_1th_pre_req_pre"": ""--3"", ""buy_2th_pre_bid"": ""-5040"", ""buy_2th_pre_req"": ""7230"", ""buy_2th_pre_req_pre"": ""0"", ""buy_3th_pre_bid"": ""-5030"", ""buy_3th_pre_req"": ""5417"", ""buy_3th_pre_req_pre"": ""0"", ""buy_4th_pre_bid"": ""-5020"", ""buy_4th_pre_req"": ""8299"", ""buy_4th_pre_req_pre"": ""0"", ""buy_5th_pre_bid"": ""-5010"", ""buy_5th_pre_req"": ""3926"", ""buy_5th_pre_req_pre"": ""0"", ""buy_6th_pre_bid"": ""-5000"", ""buy_6th_pre_req"": ""15078"", ""buy_6th_pre_req_pre"": ""0"", ""buy_7th_pre_bid"": ""-4995"", ""buy_7th_pre_req"": ""1744"", ""buy_7th_pre_req_pre"": ""0"", ""buy_8th_pre_bid"": ""-4990"", ""buy_8th_pre_req"": ""2196"", ""buy_8th_pre_req_pre"": ""0"", ""buy_9th_pre_bid"": ""-4985"", ""buy_9th_pre_req"": ""1148"", ""buy_9th_pre_req_pre"": ""0"", ""buy_10th_pre_bid"": ""-4980"", ""buy_10th_pre_req"": ""5427"", ""buy_10th_pre_req_pre"": ""0"", ""tot_sel_req_jub_pre"": ""0"", ""tot_sel_req"": ""21479"", ""tot_buy_req"": ""59694"", ""tot_buy_req_jub_pre"": ""--3"", ""ovt_sel_req_pre"": ""0"", ""ovt_sel_req"": ""0"", ""ovt_buy_req"": ""0"", ""ovt_buy_req_pre"": ""0"", ""return_code"": 0, ""return_msg"": ""정상적으로 처리되었습니다""}"
2026-06-10,watchlist,004990,,0,filtered_candidate_recheck,25600,,25600,25550,25600,25650,0.0,0.1953125,,,,,,"{""bid_req_base_tm"": ""101011"", ""sel_10th_pre_req_pre"": ""0"", ""sel_10th_pre_req"": ""3603"", ""sel_10th_pre_bid"": ""-26100"", ""sel_9th_pre_req_pre"": ""0"", ""sel_9th_pre_req"": ""61"", ""sel_9th_pre_bid"": ""-26050"", ""sel_8th_pre_req_pre"": ""0"", ""sel_8th_pre_req"": ""3"", ""sel_8th_pre_bid"": ""-26000"", ""sel_7th_pre_req_pre"": ""0"", ""sel_7th_pre_req"": ""16"", ""sel_7th_pre_bid"": ""-25950"", ""sel_6th_pre_req_pre"": ""0"", ""sel_6th_pre_req"": ""250"", ""sel_6th_pre_bid"": ""-25900"", ""sel_5th_pre_req_pre"": ""0"", ""sel_5th_pre_req"": ""250"", ""sel_5th_pre_bid"": ""-25850"", ""sel_4th_pre_req_pre"": ""0"", ""sel_4th_pre_req"": ""770"", ""sel_4th_pre_bid"": ""-25750"", ""sel_3th_pre_req_pre"": ""0"", ""sel_3th_pre_req"": ""133"", ""sel_3th_pre_bid"": ""-25700"", ""sel_2th_pre_req_pre"": ""0"", ""sel_2th_pre_req"": ""211"", ""sel_2th_pre_bid"": ""-25650"", ""sel_1th_pre_req_pre"": ""0"", ""sel_fpr_req"": ""367"", ""sel_fpr_bid"": ""-25600"", ""buy_fpr_bid"": ""-25550"", ""buy_fpr_req"": ""200"", ""buy_1th_pre_req_pre"": ""0"", ""buy_2th_pre_bid"": ""-25500"", ""buy_2th_pre_req"": ""334"", ""buy_2th_pre_req_pre"": ""0"", ""buy_3th_pre_bid"": ""-25450"", ""buy_3th_pre_req"": ""538"", ""buy_3th_pre_req_pre"": ""0"", ""buy_4th_pre_bid"": ""-25400"", ""buy_4th_pre_req"": ""655"", ""buy_4th_pre_req_pre"": ""+1"", ""buy_5th_pre_bid"": ""-25350"", ""buy_5th_pre_req"": ""393"", ""buy_5th_pre_req_pre"": ""0"", ""buy_6th_pre_bid"": ""-25300"", ""buy_6th_pre_req"": ""905"", ""buy_6th_pre_req_pre"": ""0"", ""buy_7th_pre_bid"": ""-25250"", ""buy_7th_pre_req"": ""880"", ""buy_7th_pre_req_pre"": ""0"", ""buy_8th_pre_bid"": ""-25200"", ""buy_8th_pre_req"": ""4207"", ""buy_8th_pre_req_pre"": ""0"", ""buy_9th_pre_bid"": ""-25150"", ""buy_9th_pre_req"": ""1594"", ""buy_9th_pre_req_pre"": ""0"", ""buy_10th_pre_bid"": ""-25100"", ""buy_10th_pre_req"": ""1525"", ""buy_10th_pre_req_pre"": ""0"", ""tot_sel_req_jub_pre"": ""0"", ""tot_sel_req"": ""5664"", ""tot_buy_req"": ""11231"", ""tot_buy_req_jub_pre"": ""+1"", ""ovt_sel_req_pre"": ""0"", ""ovt_sel_req"": ""0"", ""ovt_buy_req"": ""0"", ""ovt_buy_req_pre"": ""0"", ""return_code"": 0, ""return_msg"": ""정상적으로 처리되었습니다""}"
2026-06-10,watchlist,081660,,0,filtered_candidate_recheck,40300,,40300,40200,40300,40350,0.0,0.24813895781637718,,,,,,"{""bid_req_base_tm"": ""101017"", ""sel_10th_pre_req_pre"": ""0"", ""sel_10th_pre_req"": ""33"", ""sel_10th_pre_bid"": ""+40750"", ""sel_9th_pre_req_pre"": ""0"", ""sel_9th_pre_req"": ""90"", ""sel_9th_pre_bid"": ""+40700"", ""sel_8th_pre_req_pre"": ""0"", ""sel_8th_pre_req"": ""50"", ""sel_8th_pre_bid"": ""+40650"", ""sel_7th_pre_req_pre"": ""0"", ""sel_7th_pre_req"": ""75"", ""sel_7th_pre_bid"": ""+40600"", ""sel_6th_pre_req_pre"": ""0"", ""sel_6th_pre_req"": ""126"", ""sel_6th_pre_bid"": ""+40550"", ""sel_5th_pre_req_pre"": ""0"", ""sel_5th_pre_req"": ""257"", ""sel_5th_pre_bid"": ""+40500"", ""sel_4th_pre_req_pre"": ""0"", ""sel_4th_pre_req"": ""70"", ""sel_4th_pre_bid"": ""+40450"", ""sel_3th_pre_req_pre"": ""0"", ""sel_3th_pre_req"": ""141"", ""sel_3th_pre_bid"": ""+40400"", ""sel_2th_pre_req_pre"": ""0"", ""sel_2th_pre_req"": ""95"", ""sel_2th_pre_bid"": ""+40350"", ""sel_1th_pre_req_pre"": ""0"", ""sel_fpr_req"": ""84"", ""sel_fpr_bid"": ""+40300"", ""buy_fpr_bid"": ""+40200"", ""buy_fpr_req"": ""380"", ""buy_1th_pre_req_pre"": ""+21"", ""buy_2th_pre_bid"": ""+40150"", ""buy_2th_pre_req"": ""73"", ""buy_2th_pre_req_pre"": ""0"", ""buy_3th_pre_bid"": ""+40100"", ""buy_3th_pre_req"": ""25"", ""buy_3th_pre_req_pre"": ""0"", ""buy_4th_pre_bid"": ""+40050"", ""buy_4th_pre_req"": ""81"", ""buy_4th_pre_req_pre"": ""0"", ""buy_5th_pre_bid"": ""+40000"", ""buy_5th_pre_req"": ""757"", ""buy_5th_pre_req_pre"": ""0"", ""buy_6th_pre_bid"": ""+39950"", ""buy_6th_pre_req"": ""539"", ""buy_6th_pre_req_pre"": ""0"", ""buy_7th_pre_bid"": ""+39900"", ""buy_7th_pre_req"": ""21"", ""buy_7th_pre_req_pre"": ""0"", ""buy_8th_pre_bid"": ""+39850"", ""buy_8th_pre_req"": ""91"", ""buy_8th_pre_req_pre"": ""0"", ""buy_9th_pre_bid"": ""+39800"", ""buy_9th_pre_req"": ""40"", ""buy_9th_pre_req_pre"": ""0"", ""buy_10th_pre_bid"": ""+39750"", ""buy_10th_pre_req"": ""40"", ""buy_10th_pre_req_pre"": ""0"", ""tot_sel_req_jub_pre"": ""0"", ""tot_sel_req"": ""1021"", ""tot_buy_req"": ""2047"", ""tot_buy_req_jub_pre"": ""+21"", ""ovt_sel_req_pre"": ""0"", ""ovt_sel_req"": ""0"", ""ovt_buy_req"": ""0"", ""ovt_buy_req_pre"": ""0"", ""return_code"": 0, ""return_msg"": ""정상적으로 처리되었습니다""}"
2026-06-10,watchlist,008770,,0,filtered_candidate_recheck,54000,,54000,53900,54000,54100,0.0,0.1851851851851852,,,,,,"{""bid_req_base_tm"": ""101013"", ""sel_10th_pre_req_pre"": ""0"", ""sel_10th_pre_req"": ""312"", ""sel_10th_pre_bid"": ""-54900"", ""sel_9th_pre_req_pre"": ""0"", ""sel_9th_pre_req"": ""49"", ""sel_9th_pre_bid"": ""-54800"", ""sel_8th_pre_req_pre"": ""0"", ""sel_8th_pre_req"": ""15"", ""sel_8th_pre_bid"": ""-54700"", ""sel_7th_pre_req_pre"": ""0"", ""sel_7th_pre_req"": ""233"", ""sel_7th_pre_bid"": ""-54600"", ""sel_6th_pre_req_pre"": ""0"", ""sel_6th_pre_req"": ""95"", ""sel_6th_pre_bid"": ""-54500"", ""sel_5th_pre_req_pre"": ""0"", ""sel_5th_pre_req"": ""26"", ""sel_5th_pre_bid"": ""-54400"", ""sel_4th_pre_req_pre"": ""0"", ""sel_4th_pre_req"": ""35"", ""sel_4th_pre_bid"": ""-54300"", ""sel_3th_pre_req_pre"": ""0"", ""sel_3th_pre_req"": ""44"", ""sel_3th_pre_bid"": ""-54200"", ""sel_2th_pre_req_pre"": ""--22"", ""sel_2th_pre_req"": ""170"", ""sel_2th_pre_bid"": ""-54100"", ""sel_1th_pre_req_pre"": ""+22"", ""sel_fpr_req"": ""199"", ""sel_fpr_bid"": ""-54000"", ""buy_fpr_bid"": ""-53900"", ""buy_fpr_req"": ""352"", ""buy_1th_pre_req_pre"": ""0"", ""buy_2th_pre_bid"": ""-53800"", ""buy_2th_pre_req"": ""159"", ""buy_2th_pre_req_pre"": ""0"", ""buy_3th_pre_bid"": ""-53700"", ""buy_3th_pre_req"": ""76"", ""buy_3th_pre_req_pre"": ""0"", ""buy_4th_pre_bid"": ""-53600"", ""buy_4th_pre_req"": ""155"", ""buy_4th_pre_req_pre"": ""0"", ""buy_5th_pre_bid"": ""-53500"", ""buy_5th_pre_req"": ""46"", ""buy_5th_pre_req_pre"": ""0"", ""buy_6th_pre_bid"": ""-53400"", ""buy_6th_pre_req"": ""207"", ""buy_6th_pre_req_pre"": ""0"", ""buy_7th_pre_bid"": ""-53300"", ""buy_7th_pre_req"": ""591"", ""buy_7th_pre_req_pre"": ""0"", ""buy_8th_pre_bid"": ""-53200"", ""buy_8th_pre_req"": ""417"", ""buy_8th_pre_req_pre"": ""0"", ""buy_9th_pre_bid"": ""-53100"", ""buy_9th_pre_req"": ""516"", ""buy_9th_pre_req_pre"": ""0"", ""buy_10th_pre_bid"": ""-53000"", ""buy_10th_pre_req"": ""1072"", ""buy_10th_pre_req_pre"": ""0"", ""tot_sel_req_jub_pre"": ""0"", ""tot_sel_req"": ""1178"", ""tot_buy_req"": ""3591"", ""tot_buy_req_jub_pre"": ""0"", ""ovt_sel_req_pre"": ""0"", ""ovt_sel_req"": ""0"", ""ovt_buy_req"": ""0"", ""ovt_buy_req_pre"": ""0"", ""return_code"": 0, ""return_msg"": ""정상적으로 처리되었습니다""}"
2026-06-10,watchlist,012330,,0,filtered_candidate_recheck,578000,,578000,577000,578000,581000,0.34602076124567477,0.17301038062283738,,,,,,"{""bid_req_base_tm"": ""101017"", ""sel_10th_pre_req_pre"": ""0"", ""sel_10th_pre_req"": ""49"", ""sel_10th_pre_bid"": ""-587000"", ""sel_9th_pre_req_pre"": ""0"", ""sel_9th_pre_req"": ""223"", ""sel_9th_pre_bid"": ""-586000"", ""sel_8th_pre_req_pre"": ""0"", ""sel_8th_pre_req"": ""296"", ""sel_8th_pre_bid"": ""-585000"", ""sel_7th_pre_req_pre"": ""0"", ""sel_7th_pre_req"": ""58"", ""sel_7th_pre_bid"": ""-584000"", ""sel_6th_pre_req_pre"": ""0"", ""sel_6th_pre_req"": ""78"", ""sel_6th_pre_bid"": ""-583000"", ""sel_5th_pre_req_pre"": ""0"", ""sel_5th_pre_req"": ""212"", ""sel_5th_pre_bid"": ""-582000"", ""sel_4th_pre_req_pre"": ""0"", ""sel_4th_pre_req"": ""187"", ""sel_4th_pre_bid"": ""-581000"", ""sel_3th_pre_req_pre"": ""0"", ""sel_3th_pre_req"": ""84"", ""sel_3th_pre_bid"": ""-580000"", ""sel_2th_pre_req_pre"": ""0"", ""sel_2th_pre_req"": ""32"", ""sel_2th_pre_bid"": ""-579000"", ""sel_1th_pre_req_pre"": ""0"", ""sel_fpr_req"": ""34"", ""sel_fpr_bid"": ""-578000"", ""buy_fpr_bid"": ""-577000"", ""buy_fpr_req"": ""441"", ""buy_1th_pre_req_pre"": ""+5"", ""buy_2th_pre_bid"": ""-576000"", ""buy_2th_pre_req"": ""852"", ""buy_2th_pre_req_pre"": ""0"", ""buy_3th_pre_bid"": ""-575000"", ""buy_3th_pre_req"": ""1351"", ""buy_3th_pre_req_pre"": ""0"", ""buy_4th_pre_bid"": ""-574000"", ""buy_4th_pre_req"": ""757"", ""buy_4th_pre_req_pre"": ""+100"", ""buy_5th_pre_bid"": ""-573000"", ""buy_5th_pre_req"": ""1077"", ""buy_5th_pre_req_pre"": ""--100"", ""buy_6th_pre_bid"": ""-572000"", ""buy_6th_pre_req"": ""1368"", ""buy_6th_pre_req_pre"": ""0"", ""buy_7th_pre_bid"": ""-571000"", ""buy_7th_pre_req"": ""1721"", ""buy_7th_pre_req_pre"": ""0"", ""buy_8th_pre_bid"": ""-570000"", ""buy_8th_pre_req"": ""4117"", ""buy_8th_pre_req_pre"": ""0"", ""buy_9th_pre_bid"": ""-569000"", ""buy_9th_pre_req"": ""2456"", ""buy_9th_pre_req_pre"": ""+1"", ""buy_10th_pre_bid"": ""-568000"", ""buy_10th_pre_req"": ""865"", ""buy_10th_pre_req_pre"": ""0"", ""tot_sel_req_jub_pre"": ""0"", ""tot_sel_req"": ""1253"", ""tot_buy_req"": ""15005"", ""tot_buy_req_jub_pre"": ""+6"", ""ovt_sel_req_pre"": ""0"", ""ovt_sel_req"": ""0"", ""ovt_buy_req"": ""0"", ""ovt_buy_req_pre"": ""0"", ""return_code"": 0, ""return_msg"": ""정상적으로 처리되었습니다""}"
2026-06-10,watchlist,009155,,0,filtered_candidate_recheck,603000,,603000,602000,603000,606000,0.33167495854063017,0.16583747927031509,,,,,,"{""bid_req_base_tm"": ""101018"", ""sel_10th_pre_req_pre"": ""0"", ""sel_10th_pre_req"": ""49"", ""sel_10th_pre_bid"": ""-613000"", ""sel_9th_pre_req_pre"": ""0"", ""sel_9th_pre_req"": ""72"", ""sel_9th_pre_bid"": ""-612000"", ""sel_8th_pre_req_pre"": ""0"", ""sel_8th_pre_req"": ""2"", ""sel_8th_pre_bid"": ""-611000"", ""sel_7th_pre_req_pre"": ""0"", ""sel_7th_pre_req"": ""47"", ""sel_7th_pre_bid"": ""-610000"", ""sel_6th_pre_req_pre"": ""0"", ""sel_6th_pre_req"": ""18"", ""sel_6th_pre_bid"": ""-609000"", ""sel_5th_pre_req_pre"": ""0"", ""sel_5th_pre_req"": ""16"", ""sel_5th_pre_bid"": ""-608000"", ""sel_4th_pre_req_pre"": ""0"", ""sel_4th_pre_req"": ""19"", ""sel_4th_pre_bid"": ""-607000"", ""sel_3th_pre_req_pre"": ""0"", ""sel_3th_pre_req"": ""5"", ""sel_3th_pre_bid"": ""-606000"", ""sel_2th_pre_req_pre"": ""0"", ""sel_2th_pre_req"": ""215"", ""sel_2th_pre_bid"": ""-605000"", ""sel_1th_pre_req_pre"": ""+6"", ""sel_fpr_req"": ""7"", ""sel_fpr_bid"": ""-603000"", ""buy_fpr_bid"": ""-602000"", ""buy_fpr_req"": ""104"", ""buy_1th_pre_req_pre"": ""0"", ""buy_2th_pre_bid"": ""-601000"", ""buy_2th_pre_req"": ""104"", ""buy_2th_pre_req_pre"": ""0"", ""buy_3th_pre_bid"": ""-600000"", ""buy_3th_pre_req"": ""345"", ""buy_3th_pre_req_pre"": ""0"", ""buy_4th_pre_bid"": ""-599000"", ""buy_4th_pre_req"": ""182"", ""buy_4th_pre_req_pre"": ""0"", ""buy_5th_pre_bid"": ""-598000"", ""buy_5th_pre_req"": ""80"", ""buy_5th_pre_req_pre"": ""0"", ""buy_6th_pre_bid"": ""-597000"", ""buy_6th_pre_req"": ""109"", ""buy_6th_pre_req_pre"": ""0"", ""buy_7th_pre_bid"": ""-596000"", ""buy_7th_pre_req"": ""57"", ""buy_7th_pre_req_pre"": ""0"", ""buy_8th_pre_bid"": ""-595000"", ""buy_8th_pre_req"": ""218"", ""buy_8th_pre_req_pre"": ""0"", ""buy_9th_pre_bid"": ""-594000"", ""buy_9th_pre_req"": ""32"", ""buy_9th_pre_req_pre"": ""0"", ""buy_10th_pre_bid"": ""-593000"", ""buy_10th_pre_req"": ""59"", ""buy_10th_pre_req_pre"": ""0"", ""tot_sel_req_jub_pre"": ""+6"", ""tot_sel_req"": ""450"", ""tot_buy_req"": ""1290"", ""tot_buy_req_jub_pre"": ""0"", ""ovt_sel_req_pre"": ""0"", ""ovt_sel_req"": ""0"", ""ovt_buy_req"": ""0"", ""ovt_buy_req_pre"": ""0"", ""return_code"": 0, ""return_msg"": ""정상적으로 처리되었습니다""}"
2026-06-10,watchlist,181710,,1,filtered_candidate_recheck,40300,,40300,40250,40300,40500,0.37220843672456577,0.12406947890818859,,,,,,"{""bid_req_base_tm"": ""101017"", ""sel_10th_pre_req_pre"": ""0"", ""sel_10th_pre_req"": ""76"", ""sel_10th_pre_bid"": ""-40950"", ""sel_9th_pre_req_pre"": ""0"", ""sel_9th_pre_req"": ""4"", ""sel_9th_pre_bid"": ""-40850"", ""sel_8th_pre_req_pre"": ""0"", ""sel_8th_pre_req"": ""24"", ""sel_8th_pre_bid"": ""-40700"", ""sel_7th_pre_req_pre"": ""0"", ""sel_7th_pre_req"": ""11"", ""sel_7th_pre_bid"": ""-40650"", ""sel_6th_pre_req_pre"": ""0"", ""sel_6th_pre_req"": ""3"", ""sel_6th_pre_bid"": ""-40550"", ""sel_5th_pre_req_pre"": ""--1"", ""sel_5th_pre_req"": ""822"", ""sel_5th_pre_bid"": ""-40500"", ""sel_4th_pre_req_pre"": ""0"", ""sel_4th_pre_req"": ""5"", ""sel_4th_pre_bid"": ""-40450"", ""sel_3th_pre_req_pre"": ""--2"", ""sel_3th_pre_req"": ""34"", ""sel_3th_pre_bid"": ""-40400"", ""sel_2th_pre_req_pre"": ""0"", ""sel_2th_pre_req"": ""2"", ""sel_2th_pre_bid"": ""-40350"", ""sel_1th_pre_req_pre"": ""+3"", ""sel_fpr_req"": ""59"", ""sel_fpr_bid"": ""-40300"", ""buy_fpr_bid"": ""-40250"", ""buy_fpr_req"": ""47"", ""buy_1th_pre_req_pre"": ""0"", ""buy_2th_pre_bid"": ""-40200"", ""buy_2th_pre_req"": ""7"", ""buy_2th_pre_req_pre"": ""0"", ""buy_3th_pre_bid"": ""-40150"", ""buy_3th_pre_req"": ""371"", ""buy_3th_pre_req_pre"": ""0"", ""buy_4th_pre_bid"": ""-40100"", ""buy_4th_pre_req"": ""880"", ""buy_4th_pre_req_pre"": ""0"", ""buy_5th_pre_bid"": ""-40050"", ""buy_5th_pre_req"": ""961"", ""buy_5th_pre_req_pre"": ""0"", ""buy_6th_pre_bid"": ""-40000"", ""buy_6th_pre_req"": ""904"", ""buy_6th_pre_req_pre"": ""0"", ""buy_7th_pre_bid"": ""-39950"", ""buy_7th_pre_req"": ""54"", ""buy_7th_pre_req_pre"": ""0"", ""buy_8th_pre_bid"": ""-39900"", ""buy_8th_pre_req"": ""424"", ""buy_8th_pre_req_pre"": ""0"", ""buy_9th_pre_bid"": ""-39850"", ""buy_9th_pre_req"": ""30"", ""buy_9th_pre_req_pre"": ""0"", ""buy_10th_pre_bid"": ""-39800"", ""buy_10th_pre_req"": ""414"", ""buy_10th_pre_req_pre"": ""0"", ""tot_sel_req_jub_pre"": ""0"", ""tot_sel_req"": ""1040"", ""tot_buy_req"": ""4092"", ""tot_buy_req_jub_pre"": ""0"", ""ovt_sel_req_pre"": ""0"", ""ovt_sel_req"": ""0"", ""ovt_buy_req"": ""0"", ""ovt_buy_req_pre"": ""0"", ""return_code"": 0, ""return_msg"": ""정상적으로 처리되었습니다""}"
2026-06-10,watchlist,085620,,0,filtered_candidate_recheck,22450,,22450,22350,22450,22350,-0.6681514476614699,0.4454342984409799,,,,,,"{""bid_req_base_tm"": ""101018"", ""sel_10th_pre_req_pre"": ""0"", ""sel_10th_pre_req"": ""559"", ""sel_10th_pre_bid"": ""-22900"", ""sel_9th_pre_req_pre"": ""0"", ""sel_9th_pre_req"": ""2039"", ""sel_9th_pre_bid"": ""-22850"", ""sel_8th_pre_req_pre"": ""0"", ""sel_8th_pre_req"": ""2393"", ""sel_8th_pre_bid"": ""-22800"", ""sel_7th_pre_req_pre"": ""0"", ""sel_7th_pre_req"": ""238"", ""sel_7th_pre_bid"": ""-22750"", ""sel_6th_pre_req_pre"": ""0"", ""sel_6th_pre_req"": ""860"", ""sel_6th_pre_bid"": ""-22700"", ""sel_5th_pre_req_pre"": ""0"", ""sel_5th_pre_req"": ""169"", ""sel_5th_pre_bid"": ""-22650"", ""sel_4th_pre_req_pre"": ""0"", ""sel_4th_pre_req"": ""535"", ""sel_4th_pre_bid"": ""-22600"", ""sel_3th_pre_req_pre"": ""0"", ""sel_3th_pre_req"": ""1209"", ""sel_3th_pre_bid"": ""-22550"", ""sel_2th_pre_req_pre"": ""0"", ""sel_2th_pre_req"": ""947"", ""sel_2th_pre_bid"": ""-22500"", ""sel_1th_pre_req_pre"": ""0"", ""sel_fpr_req"": ""3526"", ""sel_fpr_bid"": ""-22450"", ""buy_fpr_bid"": ""-22350"", ""buy_fpr_req"": ""866"", ""buy_1th_pre_req_pre"": ""0"", ""buy_2th_pre_bid"": ""-22300"", ""buy_2th_pre_req"": ""534"", ""buy_2th_pre_req_pre"": ""0"", ""buy_3th_pre_bid"": ""-22250"", ""buy_3th_pre_req"": ""1055"", ""buy_3th_pre_req_pre"": ""0"", ""buy_4th_pre_bid"": ""-22200"", ""buy_4th_pre_req"": ""1509"", ""buy_4th_pre_req_pre"": ""0"", ""buy_5th_pre_bid"": ""-22150"", ""buy_5th_pre_req"": ""189"", ""buy_5th_pre_req_pre"": ""0"", ""buy_6th_pre_bid"": ""-22100"", ""buy_6th_pre_req"": ""1139"", ""buy_6th_pre_req_pre"": ""0"", ""buy_7th_pre_bid"": ""-22050"", ""buy_7th_pre_req"": ""695"", ""buy_7th_pre_req_pre"": ""0"", ""buy_8th_pre_bid"": ""-22000"", ""buy_8th_pre_req"": ""1304"", ""buy_8th_pre_req_pre"": ""0"", ""buy_9th_pre_bid"": ""-21950"", ""buy_9th_pre_req"": ""624"", ""buy_9th_pre_req_pre"": ""0"", ""buy_10th_pre_bid"": ""-21900"", ""buy_10th_pre_req"": ""1376"", ""buy_10th_pre_req_pre"": ""0"", ""tot_sel_req_jub_pre"": ""+548"", ""tot_sel_req"": ""12475"", ""tot_buy_req"": ""9291"", ""tot_buy_req_jub_pre"": ""0"", ""ovt_sel_req_pre"": ""0"", ""ovt_sel_req"": ""0"", ""ovt_buy_req"": ""0"", ""ovt_buy_req_pre"": ""0"", ""return_code"": 0, ""return_msg"": ""정상적으로 처리되었습니다""}"
2026-06-10,watchlist,062040,,0,filtered_candidate_recheck,230000,,230000,229500,230000,228500,-0.8695652173913043,0.21739130434782608,,,,,,"{""bid_req_base_tm"": ""101018"", ""sel_10th_pre_req_pre"": ""0"", ""sel_10th_pre_req"": ""546"", ""sel_10th_pre_bid"": ""+234500"", ""sel_9th_pre_req_pre"": ""0"", ""sel_9th_pre_req"": ""362"", ""sel_9th_pre_bid"": ""+234000"", ""sel_8th_pre_req_pre"": ""0"", ""sel_8th_pre_req"": ""509"", ""sel_8th_pre_bid"": ""+233500"", ""sel_7th_pre_req_pre"": ""0"", ""sel_7th_pre_req"": ""1381"", ""sel_7th_pre_bid"": ""+233000"", ""sel_6th_pre_req_pre"": ""0"", ""sel_6th_pre_req"": ""333"", ""sel_6th_pre_bid"": ""+232500"", ""sel_5th_pre_req_pre"": ""0"", ""sel_5th_pre_req"": ""285"", ""sel_5th_pre_bid"": ""+232000"", ""sel_4th_pre_req_pre"": ""0"", ""sel_4th_pre_req"": ""289"", ""sel_4th_pre_bid"": ""+231500"", ""sel_3th_pre_req_pre"": ""0"", ""sel_3th_pre_req"": ""317"", ""sel_3th_pre_bid"": ""+231000"", ""sel_2th_pre_req_pre"": ""+50"", ""sel_2th_pre_req"": ""242"", ""sel_2th_pre_bid"": ""+230500"", ""sel_1th_pre_req_pre"": ""0"", ""sel_fpr_req"": ""152"", ""sel_fpr_bid"": ""+230000"", ""buy_fpr_bid"": ""+229500"", ""buy_fpr_req"": ""33"", ""buy_1th_pre_req_pre"": ""0"", ""buy_2th_pre_bid"": ""+229000"", ""buy_2th_pre_req"": ""118"", ""buy_2th_pre_req_pre"": ""0"", ""buy_3th_pre_bid"": ""+228500"", ""buy_3th_pre_req"": ""1"", ""buy_3th_pre_req_pre"": ""0"", ""buy_4th_pre_bid"": ""+228000"", ""buy_4th_pre_req"": ""110"", ""buy_4th_pre_req_pre"": ""0"", ""buy_5th_pre_bid"": ""+227500"", ""buy_5th_pre_req"": ""101"", ""buy_5th_pre_req_pre"": ""0"", ""buy_6th_pre_bid"": ""+227000"", ""buy_6th_pre_req"": ""122"", ""buy_6th_pre_req_pre"": ""0"", ""buy_7th_pre_bid"": ""+226500"", ""buy_7th_pre_req"": ""36"", ""buy_7th_pre_req_pre"": ""0"", ""buy_8th_pre_bid"": ""+226000"", ""buy_8th_pre_req"": ""244"", ""buy_8th_pre_req_pre"": ""0"", ""buy_9th_pre_bid"": ""+225500"", ""buy_9th_pre_req"": ""189"", ""buy_9th_pre_req_pre"": ""0"", ""buy_10th_pre_bid"": ""225000"", ""buy_10th_pre_req"": ""349"", ""buy_10th_pre_req_pre"": ""0"", ""tot_sel_req_jub_pre"": ""+50"", ""tot_sel_req"": ""4416"", ""tot_buy_req"": ""1303"", ""tot_buy_req_jub_pre"": ""0"", ""ovt_sel_req_pre"": ""0"", ""ovt_sel_req"": ""0"", ""ovt_buy_req"": ""0"", ""ovt_buy_req_pre"": ""0"", ""return_code"": 0, ""return_msg"": ""정상적으로 처리되었습니다""}"
2026-06-10,watchlist,036460,,0,filtered_candidate_recheck,34350,,34350,34300,34350,34400,0.0,0.1455604075691412,,,,,,"{""bid_req_base_tm"": ""101016"", ""sel_10th_pre_req_pre"": ""0"", ""sel_10th_pre_req"": ""21"", ""sel_10th_pre_bid"": ""+34800"", ""sel_9th_pre_req_pre"": ""0"", ""sel_9th_pre_req"": ""611"", ""sel_9th_pre_bid"": ""+34750"", ""sel_8th_pre_req_pre"": ""0"", ""sel_8th_pre_req"": ""75"", ""sel_8th_pre_bid"": ""+34700"", ""sel_7th_pre_req_pre"": ""0"", ""sel_7th_pre_req"": ""271"", ""sel_7th_pre_bid"": ""+34650"", ""sel_6th_pre_req_pre"": ""0"", ""sel_6th_pre_req"": ""638"", ""sel_6th_pre_bid"": ""+34600"", ""sel_5th_pre_req_pre"": ""0"", ""sel_5th_pre_req"": ""650"", ""sel_5th_pre_bid"": ""+34550"", ""sel_4th_pre_req_pre"": ""0"", ""sel_4th_pre_req"": ""712"", ""sel_4th_pre_bid"": ""+34500"", ""sel_3th_pre_req_pre"": ""0"", ""sel_3th_pre_req"": ""78"", ""sel_3th_pre_bid"": ""+34450"", ""sel_2th_pre_req_pre"": ""0"", ""sel_2th_pre_req"": ""1399"", ""sel_2th_pre_bid"": ""+34400"", ""sel_1th_pre_req_pre"": ""+29"", ""sel_fpr_req"": ""305"", ""sel_fpr_bid"": ""+34350"", ""buy_fpr_bid"": ""+34300"", ""buy_fpr_req"": ""146"", ""buy_1th_pre_req_pre"": ""0"", ""buy_2th_pre_bid"": ""+34250"", ""buy_2th_pre_req"": ""538"", ""buy_2th_pre_req_pre"": ""0"", ""buy_3th_pre_bid"": ""+34200"", ""buy_3th_pre_req"": ""555"", ""buy_3th_pre_req_pre"": ""0"", ""buy_4th_pre_bid"": ""+34150"", ""buy_4th_pre_req"": ""301"", ""buy_4th_pre_req_pre"": ""0"", ""buy_5th_pre_bid"": ""+34100"", ""buy_5th_pre_req"": ""429"", ""buy_5th_pre_req_pre"": ""0"", ""buy_6th_pre_bid"": ""+34050"", ""buy_6th_pre_req"": ""1121"", ""buy_6th_pre_req_pre"": ""0"", ""buy_7th_pre_bid"": ""34000"", ""buy_7th_pre_req"": ""3020"", ""buy_7th_pre_req_pre"": ""0"", ""buy_8th_pre_bid"": ""-33950"", ""buy_8th_pre_req"": ""854"", ""buy_8th_pre_req_pre"": ""0"", ""buy_9th_pre_bid"": ""-33900"", ""buy_9th_pre_req"": ""831"", ""buy_9th_pre_req_pre"": ""0"", ""buy_10th_pre_bid"": ""-33850"", ""buy_10th_pre_req"": ""269"", ""buy_10th_pre_req_pre"": ""0"", ""tot_sel_req_jub_pre"": ""+29"", ""tot_sel_req"": ""4760"", ""tot_buy_req"": ""8064"", ""tot_buy_req_jub_pre"": ""0"", ""ovt_sel_req_pre"": ""0"", ""ovt_sel_req"": ""0"", ""ovt_buy_req"": ""0"", ""ovt_buy_req_pre"": ""0"", ""return_code"": 0, ""return_msg"": ""정상적으로 처리되었습니다""}"
2026-06-10,watchlist,066575,,0,filtered_candidate_recheck,78400,,78400,78300,78400,78600,0.12755102040816327,0.12755102040816327,,,,,,"{""bid_req_base_tm"": ""101019"", ""sel_10th_pre_req_pre"": ""0"", ""sel_10th_pre_req"": ""271"", ""sel_10th_pre_bid"": ""-79300"", ""sel_9th_pre_req_pre"": ""0"", ""sel_9th_pre_req"": ""234"", ""sel_9th_pre_bid"": ""-79200"", ""sel_8th_pre_req_pre"": ""0"", ""sel_8th_pre_req"": ""334"", ""sel_8th_pre_bid"": ""-79100"", ""sel_7th_pre_req_pre"": ""0"", ""sel_7th_pre_req"": ""207"", ""sel_7th_pre_bid"": ""-79000"", ""sel_6th_pre_req_pre"": ""0"", ""sel_6th_pre_req"": ""39"", ""sel_6th_pre_bid"": ""-78900"", ""sel_5th_pre_req_pre"": ""0"", ""sel_5th_pre_req"": ""107"", ""sel_5th_pre_bid"": ""-78800"", ""sel_4th_pre_req_pre"": ""0"", ""sel_4th_pre_req"": ""249"", ""sel_4th_pre_bid"": ""-78700"", ""sel_3th_pre_req_pre"": ""0"", ""sel_3th_pre_req"": ""224"", ""sel_3th_pre_bid"": ""-78600"", ""sel_2th_pre_req_pre"": ""0"", ""sel_2th_pre_req"": ""191"", ""sel_2th_pre_bid"": ""-78500"", ""sel_1th_pre_req_pre"": ""+4"", ""sel_fpr_req"": ""119"", ""sel_fpr_bid"": ""-78400"", ""buy_fpr_bid"": ""-78300"", ""buy_fpr_req"": ""296"", ""buy_1th_pre_req_pre"": ""0"", ""buy_2th_pre_bid"": ""-78200"", ""buy_2th_pre_req"": ""82"", ""buy_2th_pre_req_pre"": ""0"", ""buy_3th_pre_bid"": ""-78100"", ""buy_3th_pre_req"": ""708"", ""buy_3th_pre_req_pre"": ""0"", ""buy_4th_pre_bid"": ""-78000"", ""buy_4th_pre_req"": ""1012"", ""buy_4th_pre_req_pre"": ""0"", ""buy_5th_pre_bid"": ""-77900"", ""buy_5th_pre_req"": ""845"", ""buy_5th_pre_req_pre"": ""0"", ""buy_6th_pre_bid"": ""-77800"", ""buy_6th_pre_req"": ""1182"", ""buy_6th_pre_req_pre"": ""0"", ""buy_7th_pre_bid"": ""-77700"", ""buy_7th_pre_req"": ""679"", ""buy_7th_pre_req_pre"": ""0"", ""buy_8th_pre_bid"": ""-77600"", ""buy_8th_pre_req"": ""199"", ""buy_8th_pre_req_pre"": ""0"", ""buy_9th_pre_bid"": ""-77500"", ""buy_9th_pre_req"": ""610"", ""buy_9th_pre_req_pre"": ""0"", ""buy_10th_pre_bid"": ""-77400"", ""buy_10th_pre_req"": ""88"", ""buy_10th_pre_req_pre"": ""0"", ""tot_sel_req_jub_pre"": ""+4"", ""tot_sel_req"": ""1975"", ""tot_buy_req"": ""5701"", ""tot_buy_req_jub_pre"": ""0"", ""ovt_sel_req_pre"": ""0"", ""ovt_sel_req"": ""0"", ""ovt_buy_req"": ""0"", ""ovt_buy_req_pre"": ""0"", ""return_code"": 0, ""return_msg"": ""정상적으로 처리되었습니다""}"
2026-06-10,watchlist,000810,,0,filtered_candidate_recheck,618000,,618000,617000,618000,615000,-0.6472491909385114,0.16181229773462785,,,,,,"{""bid_req_base_tm"": ""101018"", ""sel_10th_pre_req_pre"": ""0"", ""sel_10th_pre_req"": ""6"", ""sel_10th_pre_bid"": ""-627000"", ""sel_9th_pre_req_pre"": ""0"", ""sel_9th_pre_req"": ""18"", ""sel_9th_pre_bid"": ""-626000"", ""sel_8th_pre_req_pre"": ""0"", ""sel_8th_pre_req"": ""6"", ""sel_8th_pre_bid"": ""-625000"", ""sel_7th_pre_req_pre"": ""0"", ""sel_7th_pre_req"": ""11"", ""sel_7th_pre_bid"": ""-624000"", ""sel_6th_pre_req_pre"": ""0"", ""sel_6th_pre_req"": ""221"", ""sel_6th_pre_bid"": ""-623000"", ""sel_5th_pre_req_pre"": ""0"", ""sel_5th_pre_req"": ""24"", ""sel_5th_pre_bid"": ""-622000"", ""sel_4th_pre_req_pre"": ""0"", ""sel_4th_pre_req"": ""12"", ""sel_4th_pre_bid"": ""-621000"", ""sel_3th_pre_req_pre"": ""0"", ""sel_3th_pre_req"": ""18"", ""sel_3th_pre_bid"": ""-620000"", ""sel_2th_pre_req_pre"": ""--25"", ""sel_2th_pre_req"": ""149"", ""sel_2th_pre_bid"": ""-619000"", ""sel_1th_pre_req_pre"": ""0"", ""sel_fpr_req"": ""41"", ""sel_fpr_bid"": ""-618000"", ""buy_fpr_bid"": ""-617000"", ""buy_fpr_req"": ""31"", ""buy_1th_pre_req_pre"": ""0"", ""buy_2th_pre_bid"": ""-616000"", ""buy_2th_pre_req"": ""28"", ""buy_2th_pre_req_pre"": ""0"", ""buy_3th_pre_bid"": ""-615000"", ""buy_3th_pre_req"": ""86"", ""buy_3th_pre_req_pre"": ""0"", ""buy_4th_pre_bid"": ""-614000"", ""buy_4th_pre_req"": ""18"", ""buy_4th_pre_req_pre"": ""0"", ""buy_5th_pre_bid"": ""-613000"", ""buy_5th_pre_req"": ""19"", ""buy_5th_pre_req_pre"": ""0"", ""buy_6th_pre_bid"": ""-612000"", ""buy_6th_pre_req"": ""15"", ""buy_6th_pre_req_pre"": ""0"", ""buy_7th_pre_bid"": ""-611000"", ""buy_7th_pre_req"": ""13"", ""buy_7th_pre_req_pre"": ""0"", ""buy_8th_pre_bid"": ""-610000"", ""buy_8th_pre_req"": ""70"", ""buy_8th_pre_req_pre"": ""0"", ""buy_9th_pre_bid"": ""-609000"", ""buy_9th_pre_req"": ""18"", ""buy_9th_pre_req_pre"": ""0"", ""buy_10th_pre_bid"": ""-608000"", ""buy_10th_pre_req"": ""40"", ""buy_10th_pre_req_pre"": ""0"", ""tot_sel_req_jub_pre"": ""--8"", ""tot_sel_req"": ""506"", ""tot_buy_req"": ""338"", ""tot_buy_req_jub_pre"": ""+36"", ""ovt_sel_req_pre"": ""0"", ""ovt_sel_req"": ""0"", ""ovt_buy_req"": ""0"", ""ovt_buy_req_pre"": ""0"", ""return_code"": 0, ""return_msg"": ""정상적으로 처리되었습니다""}"
2026-06-10,watchlist,005930,,0,filtered_candidate_recheck,307000,,307000,306500,307000,308000,0.16286644951140067,0.16286644951140067,,,,,,"{""bid_req_base_tm"": ""101019"", ""sel_10th_pre_req_pre"": ""0"", ""sel_10th_pre_req"": ""14746"", ""sel_10th_pre_bid"": ""-311500"", ""sel_9th_pre_req_pre"": ""0"", ""sel_9th_pre_req"": ""14066"", ""sel_9th_pre_bid"": ""-311000"", ""sel_8th_pre_req_pre"": ""0"", ""sel_8th_pre_req"": ""10358"", ""sel_8th_pre_bid"": ""-310500"", ""sel_7th_pre_req_pre"": ""0"", ""sel_7th_pre_req"": ""26225"", ""sel_7th_pre_bid"": ""-310000"", ""sel_6th_pre_req_pre"": ""0"", ""sel_6th_pre_req"": ""15586"", ""sel_6th_pre_bid"": ""-309500"", ""sel_5th_pre_req_pre"": ""0"", ""sel_5th_pre_req"": ""13417"", ""sel_5th_pre_bid"": ""-309000"", ""sel_4th_pre_req_pre"": ""0"", ""sel_4th_pre_req"": ""18517"", ""sel_4th_pre_bid"": ""-308500"", ""sel_3th_pre_req_pre"": ""0"", ""sel_3th_pre_req"": ""17667"", ""sel_3th_pre_bid"": ""-308000"", ""sel_2th_pre_req_pre"": ""0"", ""sel_2th_pre_req"": ""3986"", ""sel_2th_pre_bid"": ""-307500"", ""sel_1th_pre_req_pre"": ""--75"", ""sel_fpr_req"": ""30654"", ""sel_fpr_bid"": ""-307000"", ""buy_fpr_bid"": ""-306500"", ""buy_fpr_req"": ""1012"", ""buy_1th_pre_req_pre"": ""+4"", ""buy_2th_pre_bid"": ""-306000"", ""buy_2th_pre_req"": ""48070"", ""buy_2th_pre_req_pre"": ""0"", ""buy_3th_pre_bid"": ""-305500"", ""buy_3th_pre_req"": ""78846"", ""buy_3th_pre_req_pre"": ""0"", ""buy_4th_pre_bid"": ""-305000"", ""buy_4th_pre_req"": ""187991"", ""buy_4th_pre_req_pre"": ""+2"", ""buy_5th_pre_bid"": ""-304500"", ""buy_5th_pre_req"": ""27117"", ""buy_5th_pre_req_pre"": ""0"", ""buy_6th_pre_bid"": ""-304000"", ""buy_6th_pre_req"": ""41768"", ""buy_6th_pre_req_pre"": ""0"", ""buy_7th_pre_bid"": ""-303500"", ""buy_7th_pre_req"": ""37708"", ""buy_7th_pre_req_pre"": ""0"", ""buy_8th_pre_bid"": ""-303000"", ""buy_8th_pre_req"": ""70090"", ""buy_8th_pre_req_pre"": ""0"", ""buy_9th_pre_bid"": ""-302500"", ""buy_9th_pre_req"": ""43998"", ""buy_9th_pre_req_pre"": ""0"", ""buy_10th_pre_bid"": ""-302000"", ""buy_10th_pre_req"": ""47584"", ""buy_10th_pre_req_pre"": ""0"", ""tot_sel_req_jub_pre"": ""--75"", ""tot_sel_req"": ""165222"", ""tot_buy_req"": ""584184"", ""tot_buy_req_jub_pre"": ""+6"", ""ovt_sel_req_pre"": ""0"", ""ovt_sel_req"": ""0"", ""ovt_buy_req"": ""0"", ""ovt_buy_req_pre"": ""0"", ""return_code"": 0, ""return_msg"": ""정상적으로 처리되었습니다""}"
2026-06-10,watchlist,000370,,0,filtered_candidate_recheck,6670,,6670,6660,6670,6630,-0.7496251874062968,0.14992503748125938,,,,,,"{""bid_req_base_tm"": ""101019"", ""sel_10th_pre_req_pre"": ""0"", ""sel_10th_pre_req"": ""1423"", ""sel_10th_pre_bid"": ""+6760"", ""sel_9th_pre_req_pre"": ""0"", ""sel_9th_pre_req"": ""1287"", ""sel_9th_pre_bid"": ""+6750"", ""sel_8th_pre_req_pre"": ""0"", ""sel_8th_pre_req"": ""1473"", ""sel_8th_pre_bid"": ""+6740"", ""sel_7th_pre_req_pre"": ""0"", ""sel_7th_pre_req"": ""1355"", ""sel_7th_pre_bid"": ""+6730"", ""sel_6th_pre_req_pre"": ""0"", ""sel_6th_pre_req"": ""1847"", ""sel_6th_pre_bid"": ""+6720"", ""sel_5th_pre_req_pre"": ""0"", ""sel_5th_pre_req"": ""3398"", ""sel_5th_pre_bid"": ""+6710"", ""sel_4th_pre_req_pre"": ""0"", ""sel_4th_pre_req"": ""2521"", ""sel_4th_pre_bid"": ""+6700"", ""sel_3th_pre_req_pre"": ""0"", ""sel_3th_pre_req"": ""2243"", ""sel_3th_pre_bid"": ""+6690"", ""sel_2th_pre_req_pre"": ""0"", ""sel_2th_pre_req"": ""425"", ""sel_2th_pre_bid"": ""+6680"", ""sel_1th_pre_req_pre"": ""0"", ""sel_fpr_req"": ""169"", ""sel_fpr_bid"": ""+6670"", ""buy_fpr_bid"": ""+6660"", ""buy_fpr_req"": ""1"", ""buy_1th_pre_req_pre"": ""0"", ""buy_2th_pre_bid"": ""+6650"", ""buy_2th_pre_req"": ""1"", ""buy_2th_pre_req_pre"": ""0"", ""buy_3th_pre_bid"": ""+6640"", ""buy_3th_pre_req"": ""1"", ""buy_3th_pre_req_pre"": ""0"", ""buy_4th_pre_bid"": ""+6630"", ""buy_4th_pre_req"": ""501"", ""buy_4th_pre_req_pre"": ""0"", ""buy_5th_pre_bid"": ""+6620"", ""buy_5th_pre_req"": ""1002"", ""buy_5th_pre_req_pre"": ""0"", ""buy_6th_pre_bid"": ""+6610"", ""buy_6th_pre_req"": ""1002"", ""buy_6th_pre_req_pre"": ""0"", ""buy_7th_pre_bid"": ""+6600"", ""buy_7th_pre_req"": ""183"", ""buy_7th_pre_req_pre"": ""0"", ""buy_8th_pre_bid"": ""+6590"", ""buy_8th_pre_req"": ""11"", ""buy_8th_pre_req_pre"": ""0"", ""buy_9th_pre_bid"": ""+6580"", ""buy_9th_pre_req"": ""639"", ""buy_9th_pre_req_pre"": ""0"", ""buy_10th_pre_bid"": ""+6570"", ""buy_10th_pre_req"": ""825"", ""buy_10th_pre_req_pre"": ""0"", ""tot_sel_req_jub_pre"": ""0"", ""tot_sel_req"": ""16141"", ""tot_buy_req"": ""4166"", ""tot_buy_req_jub_pre"": ""0"", ""ovt_sel_req_pre"": ""0"", ""ovt_sel_req"": ""0"", ""ovt_buy_req"": ""0"", ""ovt_buy_req_pre"": ""0"", ""return_code"": 0, ""return_msg"": ""정상적으로 처리되었습니다""}"
2026-06-10,watchlist,064400,,0,filtered_candidate_recheck,95800,,95800,95700,95800,96000,0.10438413361169101,0.10438413361169101,,,,,,"{""bid_req_base_tm"": ""101019"", ""sel_10th_pre_req_pre"": ""0"", ""sel_10th_pre_req"": ""258"", ""sel_10th_pre_bid"": ""-96700"", ""sel_9th_pre_req_pre"": ""0"", ""sel_9th_pre_req"": ""1426"", ""sel_9th_pre_bid"": ""-96600"", ""sel_8th_pre_req_pre"": ""0"", ""sel_8th_pre_req"": ""285"", ""sel_8th_pre_bid"": ""-96500"", ""sel_7th_pre_req_pre"": ""0"", ""sel_7th_pre_req"": ""1432"", ""sel_7th_pre_bid"": ""-96400"", ""sel_6th_pre_req_pre"": ""0"", ""sel_6th_pre_req"": ""93"", ""sel_6th_pre_bid"": ""-96300"", ""sel_5th_pre_req_pre"": ""0"", ""sel_5th_pre_req"": ""138"", ""sel_5th_pre_bid"": ""-96200"", ""sel_4th_pre_req_pre"": ""0"", ""sel_4th_pre_req"": ""87"", ""sel_4th_pre_bid"": ""-96100"", ""sel_3th_pre_req_pre"": ""0"", ""sel_3th_pre_req"": ""763"", ""sel_3th_pre_bid"": ""-96000"", ""sel_2th_pre_req_pre"": ""0"", ""sel_2th_pre_req"": ""82"", ""sel_2th_pre_bid"": ""-95900"", ""sel_1th_pre_req_pre"": ""0"", ""sel_fpr_req"": ""492"", ""sel_fpr_bid"": ""-95800"", ""buy_fpr_bid"": ""-95700"", ""buy_fpr_req"": ""65"", ""buy_1th_pre_req_pre"": ""+59"", ""buy_2th_pre_bid"": ""-95600"", ""buy_2th_pre_req"": ""1265"", ""buy_2th_pre_req_pre"": ""0"", ""buy_3th_pre_bid"": ""-95500"", ""buy_3th_pre_req"": ""2273"", ""buy_3th_pre_req_pre"": ""--37"", ""buy_4th_pre_bid"": ""-95400"", ""buy_4th_pre_req"": ""1236"", ""buy_4th_pre_req_pre"": ""0"", ""buy_5th_pre_bid"": ""-95300"", ""buy_5th_pre_req"": ""1735"", ""buy_5th_pre_req_pre"": ""0"", ""buy_6th_pre_bid"": ""-95200"", ""buy_6th_pre_req"": ""2050"", ""buy_6th_pre_req_pre"": ""0"", ""buy_7th_pre_bid"": ""-95100"", ""buy_7th_pre_req"": ""3209"", ""buy_7th_pre_req_pre"": ""0"", ""buy_8th_pre_bid"": ""-95000"", ""buy_8th_pre_req"": ""8335"", ""buy_8th_pre_req_pre"": ""0"", ""buy_9th_pre_bid"": ""-94900"", ""buy_9th_pre_req"": ""768"", ""buy_9th_pre_req_pre"": ""0"", ""buy_10th_pre_bid"": ""-94800"", ""buy_10th_pre_req"": ""1435"", ""buy_10th_pre_req_pre"": ""0"", ""tot_sel_req_jub_pre"": ""0"", ""tot_sel_req"": ""5056"", ""tot_buy_req"": ""22371"", ""tot_buy_req_jub_pre"": ""+22"", ""ovt_sel_req_pre"": ""0"", ""ovt_sel_req"": ""0"", ""ovt_buy_req"": ""0"", ""ovt_buy_req_pre"": ""0"", ""return_code"": 0, ""return_msg"": ""정상적으로 처리되었습니다""}"
2026-06-10,watchlist,009420,,0,filtered_candidate_recheck,50300,,50300,50200,50300,50500,0.19880715705765406,0.19880715705765406,,,,,,"{""bid_req_base_tm"": ""101019"", ""sel_10th_pre_req_pre"": ""0"", ""sel_10th_pre_req"": ""460"", ""sel_10th_pre_bid"": ""-51300"", ""sel_9th_pre_req_pre"": ""0"", ""sel_9th_pre_req"": ""141"", ""sel_9th_pre_bid"": ""-51200"", ""sel_8th_pre_req_pre"": ""0"", ""sel_8th_pre_req"": ""80"", ""sel_8th_pre_bid"": ""-51100"", ""sel_7th_pre_req_pre"": ""0"", ""sel_7th_pre_req"": ""101"", ""sel_7th_pre_bid"": ""-51000"", ""sel_6th_pre_req_pre"": ""0"", ""sel_6th_pre_req"": ""32"", ""sel_6th_pre_bid"": ""-50900"", ""sel_5th_pre_req_pre"": ""0"", ""sel_5th_pre_req"": ""281"", ""sel_5th_pre_bid"": ""-50700"", ""sel_4th_pre_req_pre"": ""0"", ""sel_4th_pre_req"": ""169"", ""sel_4th_pre_bid"": ""-50600"", ""sel_3th_pre_req_pre"": ""0"", ""sel_3th_pre_req"": ""71"", ""sel_3th_pre_bid"": ""-50500"", ""sel_2th_pre_req_pre"": ""0"", ""sel_2th_pre_req"": ""10"", ""sel_2th_pre_bid"": ""-50400"", ""sel_1th_pre_req_pre"": ""0"", ""sel_fpr_req"": ""276"", ""sel_fpr_bid"": ""-50300"", ""buy_fpr_bid"": ""-50200"", ""buy_fpr_req"": ""241"", ""buy_1th_pre_req_pre"": ""0"", ""buy_2th_pre_bid"": ""-50100"", ""buy_2th_pre_req"": ""40"", ""buy_2th_pre_req_pre"": ""0"", ""buy_3th_pre_bid"": ""-50000"", ""buy_3th_pre_req"": ""280"", ""buy_3th_pre_req_pre"": ""0"", ""buy_4th_pre_bid"": ""-49950"", ""buy_4th_pre_req"": ""223"", ""buy_4th_pre_req_pre"": ""0"", ""buy_5th_pre_bid"": ""-49900"", ""buy_5th_pre_req"": ""369"", ""buy_5th_pre_req_pre"": ""0"", ""buy_6th_pre_bid"": ""-49850"", ""buy_6th_pre_req"": ""254"", ""buy_6th_pre_req_pre"": ""0"", ""buy_7th_pre_bid"": ""-49800"", ""buy_7th_pre_req"": ""567"", ""buy_7th_pre_req_pre"": ""0"", ""buy_8th_pre_bid"": ""-49750"", ""buy_8th_pre_req"": ""861"", ""buy_8th_pre_req_pre"": ""0"", ""buy_9th_pre_bid"": ""-49700"", ""buy_9th_pre_req"": ""1200"", ""buy_9th_pre_req_pre"": ""0"", ""buy_10th_pre_bid"": ""-49650"", ""buy_10th_pre_req"": ""364"", ""buy_10th_pre_req_pre"": ""0"", ""tot_sel_req_jub_pre"": ""0"", ""tot_sel_req"": ""1621"", ""tot_buy_req"": ""4399"", ""tot_buy_req_jub_pre"": ""0"", ""ovt_sel_req_pre"": ""0"", ""ovt_sel_req"": ""0"", ""ovt_buy_req"": ""0"", ""ovt_buy_req_pre"": ""0"", ""return_code"": 0, ""return_msg"": ""정상적으로 처리되었습니다""}"
2026-06-10,watchlist,383220,,0,filtered_candidate_recheck,75500,,75500,75200,75500,75500,-0.13245033112582782,0.3973509933774834,,,,,,"{""bid_req_base_tm"": ""101020"", ""sel_10th_pre_req_pre"": ""0"", ""sel_10th_pre_req"": ""4"", ""sel_10th_pre_bid"": ""+76500"", ""sel_9th_pre_req_pre"": ""0"", ""sel_9th_pre_req"": ""3"", ""sel_9th_pre_bid"": ""+76400"", ""sel_8th_pre_req_pre"": ""0"", ""sel_8th_pre_req"": ""100"", ""sel_8th_pre_bid"": ""+76300"", ""sel_7th_pre_req_pre"": ""0"", ""sel_7th_pre_req"": ""3"", ""sel_7th_pre_bid"": ""+76200"", ""sel_6th_pre_req_pre"": ""0"", ""sel_6th_pre_req"": ""122"", ""sel_6th_pre_bid"": ""+76000"", ""sel_5th_pre_req_pre"": ""0"", ""sel_5th_pre_req"": ""108"", ""sel_5th_pre_bid"": ""+75900"", ""sel_4th_pre_req_pre"": ""0"", ""sel_4th_pre_req"": ""4"", ""sel_4th_pre_bid"": ""+75800"", ""sel_3th_pre_req_pre"": ""0"", ""sel_3th_pre_req"": ""8"", ""sel_3th_pre_bid"": ""+75700"", ""sel_2th_pre_req_pre"": ""0"", ""sel_2th_pre_req"": ""48"", ""sel_2th_pre_bid"": ""+75600"", ""sel_1th_pre_req_pre"": ""0"", ""sel_fpr_req"": ""26"", ""sel_fpr_bid"": ""+75500"", ""buy_fpr_bid"": ""+75200"", ""buy_fpr_req"": ""59"", ""buy_1th_pre_req_pre"": ""--1"", ""buy_2th_pre_bid"": ""+75100"", ""buy_2th_pre_req"": ""133"", ""buy_2th_pre_req_pre"": ""0"", ""buy_3th_pre_bid"": ""+75000"", ""buy_3th_pre_req"": ""125"", ""buy_3th_pre_req_pre"": ""0"", ""buy_4th_pre_bid"": ""+74900"", ""buy_4th_pre_req"": ""24"", ""buy_4th_pre_req_pre"": ""0"", ""buy_5th_pre_bid"": ""+74800"", ""buy_5th_pre_req"": ""21"", ""buy_5th_pre_req_pre"": ""0"", ""buy_6th_pre_bid"": ""+74700"", ""buy_6th_pre_req"": ""26"", ""buy_6th_pre_req_pre"": ""0"", ""buy_7th_pre_bid"": ""74600"", ""buy_7th_pre_req"": ""86"", ""buy_7th_pre_req_pre"": ""0"", ""buy_8th_pre_bid"": ""-74500"", ""buy_8th_pre_req"": ""27"", ""buy_8th_pre_req_pre"": ""0"", ""buy_9th_pre_bid"": ""-74400"", ""buy_9th_pre_req"": ""24"", ""buy_9th_pre_req_pre"": ""0"", ""buy_10th_pre_bid"": ""-74300"", ""buy_10th_pre_req"": ""10"", ""buy_10th_pre_req_pre"": ""0"", ""tot_sel_req_jub_pre"": ""0"", ""tot_sel_req"": ""426"", ""tot_buy_req"": ""535"", ""tot_buy_req_jub_pre"": ""--1"", ""ovt_sel_req_pre"": ""0"", ""ovt_sel_req"": ""0"", ""ovt_buy_req"": ""0"", ""ovt_buy_req_pre"": ""0"", ""return_code"": 0, ""return_msg"": ""정상적으로 처리되었습니다""}"
2026-06-10,watchlist,004170,,0,filtered_candidate_recheck,661000,,661000,660000,661000,665000,0.45385779122541603,0.15128593040847202,,,,,,"{""bid_req_base_tm"": ""101020"", ""sel_10th_pre_req_pre"": ""0"", ""sel_10th_pre_req"": ""4"", ""sel_10th_pre_bid"": ""+671000"", ""sel_9th_pre_req_pre"": ""0"", ""sel_9th_pre_req"": ""31"", ""sel_9th_pre_bid"": ""+670000"", ""sel_8th_pre_req_pre"": ""0"", ""sel_8th_pre_req"": ""3"", ""sel_8th_pre_bid"": ""+669000"", ""sel_7th_pre_req_pre"": ""0"", ""sel_7th_pre_req"": ""1"", ""sel_7th_pre_bid"": ""+667000"", ""sel_6th_pre_req_pre"": ""0"", ""sel_6th_pre_req"": ""5"", ""sel_6th_pre_bid"": ""+666000"", ""sel_5th_pre_req_pre"": ""0"", ""sel_5th_pre_req"": ""12"", ""sel_5th_pre_bid"": ""+665000"", ""sel_4th_pre_req_pre"": ""0"", ""sel_4th_pre_req"": ""26"", ""sel_4th_pre_bid"": ""+664000"", ""sel_3th_pre_req_pre"": ""0"", ""sel_3th_pre_req"": ""20"", ""sel_3th_pre_bid"": ""+663000"", ""sel_2th_pre_req_pre"": ""0"", ""sel_2th_pre_req"": ""36"", ""sel_2th_pre_bid"": ""+662000"", ""sel_1th_pre_req_pre"": ""0"", ""sel_fpr_req"": ""102"", ""sel_fpr_bid"": ""+661000"", ""buy_fpr_bid"": ""+660000"", ""buy_fpr_req"": ""496"", ""buy_1th_pre_req_pre"": ""0"", ""buy_2th_pre_bid"": ""+659000"", ""buy_2th_pre_req"": ""9"", ""buy_2th_pre_req_pre"": ""+1"", ""buy_3th_pre_bid"": ""+658000"", ""buy_3th_pre_req"": ""58"", ""buy_3th_pre_req_pre"": ""0"", ""buy_4th_pre_bid"": ""+657000"", ""buy_4th_pre_req"": ""17"", ""buy_4th_pre_req_pre"": ""0"", ""buy_5th_pre_bid"": ""+656000"", ""buy_5th_pre_req"": ""12"", ""buy_5th_pre_req_pre"": ""0"", ""buy_6th_pre_bid"": ""+655000"", ""buy_6th_pre_req"": ""22"", ""buy_6th_pre_req_pre"": ""0"", ""buy_7th_pre_bid"": ""+654000"", ""buy_7th_pre_req"": ""23"", ""buy_7th_pre_req_pre"": ""0"", ""buy_8th_pre_bid"": ""+653000"", ""buy_8th_pre_req"": ""42"", ""buy_8th_pre_req_pre"": ""0"", ""buy_9th_pre_bid"": ""+652000"", ""buy_9th_pre_req"": ""6"", ""buy_9th_pre_req_pre"": ""0"", ""buy_10th_pre_bid"": ""+651000"", ""buy_10th_pre_req"": ""67"", ""buy_10th_pre_req_pre"": ""0"", ""tot_sel_req_jub_pre"": ""0"", ""tot_sel_req"": ""240"", ""tot_buy_req"": ""752"", ""tot_buy_req_jub_pre"": ""+1"", ""ovt_sel_req_pre"": ""0"", ""ovt_sel_req"": ""0"", ""ovt_buy_req"": ""0"", ""ovt_buy_req_pre"": ""0"", ""return_code"": 0, ""return_msg"": ""정상적으로 처리되었습니다""}"
2026-06-10,watchlist,018260,,0,filtered_candidate_recheck,233500,,233500,233000,233500,235000,0.4282655246252677,0.21413276231263384,,,,,,"{""bid_req_base_tm"": ""101020"", ""sel_10th_pre_req_pre"": ""0"", ""sel_10th_pre_req"": ""188"", ""sel_10th_pre_bid"": ""-238000"", ""sel_9th_pre_req_pre"": ""0"", ""sel_9th_pre_req"": ""94"", ""sel_9th_pre_bid"": ""-237500"", ""sel_8th_pre_req_pre"": ""0"", ""sel_8th_pre_req"": ""61"", ""sel_8th_pre_bid"": ""-237000"", ""sel_7th_pre_req_pre"": ""0"", ""sel_7th_pre_req"": ""255"", ""sel_7th_pre_bid"": ""-236500"", ""sel_6th_pre_req_pre"": ""0"", ""sel_6th_pre_req"": ""217"", ""sel_6th_pre_bid"": ""-236000"", ""sel_5th_pre_req_pre"": ""0"", ""sel_5th_pre_req"": ""36"", ""sel_5th_pre_bid"": ""-235500"", ""sel_4th_pre_req_pre"": ""0"", ""sel_4th_pre_req"": ""242"", ""sel_4th_pre_bid"": ""-235000"", ""sel_3th_pre_req_pre"": ""0"", ""sel_3th_pre_req"": ""98"", ""sel_3th_pre_bid"": ""-234500"", ""sel_2th_pre_req_pre"": ""0"", ""sel_2th_pre_req"": ""151"", ""sel_2th_pre_bid"": ""-234000"", ""sel_1th_pre_req_pre"": ""0"", ""sel_fpr_req"": ""129"", ""sel_fpr_bid"": ""-233500"", ""buy_fpr_bid"": ""-233000"", ""buy_fpr_req"": ""919"", ""buy_1th_pre_req_pre"": ""--30"", ""buy_2th_pre_bid"": ""-232500"", ""buy_2th_pre_req"": ""2004"", ""buy_2th_pre_req_pre"": ""0"", ""buy_3th_pre_bid"": ""-232000"", ""buy_3th_pre_req"": ""677"", ""buy_3th_pre_req_pre"": ""+30"", ""buy_4th_pre_bid"": ""-231500"", ""buy_4th_pre_req"": ""1194"", ""buy_4th_pre_req_pre"": ""0"", ""buy_5th_pre_bid"": ""-231000"", ""buy_5th_pre_req"": ""2221"", ""buy_5th_pre_req_pre"": ""0"", ""buy_6th_pre_bid"": ""-230500"", ""buy_6th_pre_req"": ""1641"", ""buy_6th_pre_req_pre"": ""0"", ""buy_7th_pre_bid"": ""-230000"", ""buy_7th_pre_req"": ""3462"", ""buy_7th_pre_req_pre"": ""0"", ""buy_8th_pre_bid"": ""-229500"", ""buy_8th_pre_req"": ""549"", ""buy_8th_pre_req_pre"": ""0"", ""buy_9th_pre_bid"": ""-229000"", ""buy_9th_pre_req"": ""1643"", ""buy_9th_pre_req_pre"": ""0"", ""buy_10th_pre_bid"": ""-228500"", ""buy_10th_pre_req"": ""481"", ""buy_10th_pre_req_pre"": ""0"", ""tot_sel_req_jub_pre"": ""0"", ""tot_sel_req"": ""1471"", ""tot_buy_req"": ""14791"", ""tot_buy_req_jub_pre"": ""0"", ""ovt_sel_req_pre"": ""0"", ""ovt_sel_req"": ""0"", ""ovt_buy_req"": ""0"", ""ovt_buy_req_pre"": ""0"", ""return_code"": 0, ""return_msg"": ""정상적으로 처리되었습니다""}"
2026-06-10,watchlist,161390,,0,filtered_candidate_recheck,71600,,71600,71500,71600,71700,0.0,0.13966480446927373,,,,,,"{""bid_req_base_tm"": ""101020"", ""sel_10th_pre_req_pre"": ""0"", ""sel_10th_pre_req"": ""201"", ""sel_10th_pre_bid"": ""-72500"", ""sel_9th_pre_req_pre"": ""0"", ""sel_9th_pre_req"": ""5"", ""sel_9th_pre_bid"": ""-72400"", ""sel_8th_pre_req_pre"": ""0"", ""sel_8th_pre_req"": ""34"", ""sel_8th_pre_bid"": ""-72300"", ""sel_7th_pre_req_pre"": ""0"", ""sel_7th_pre_req"": ""9"", ""sel_7th_pre_bid"": ""-72200"", ""sel_6th_pre_req_pre"": ""0"", ""sel_6th_pre_req"": ""20"", ""sel_6th_pre_bid"": ""-72100"", ""sel_5th_pre_req_pre"": ""+10"", ""sel_5th_pre_req"": ""184"", ""sel_5th_pre_bid"": ""-72000"", ""sel_4th_pre_req_pre"": ""0"", ""sel_4th_pre_req"": ""161"", ""sel_4th_pre_bid"": ""-71900"", ""sel_3th_pre_req_pre"": ""0"", ""sel_3th_pre_req"": ""23"", ""sel_3th_pre_bid"": ""-71800"", ""sel_2th_pre_req_pre"": ""0"", ""sel_2th_pre_req"": ""235"", ""sel_2th_pre_bid"": ""-71700"", ""sel_1th_pre_req_pre"": ""0"", ""sel_fpr_req"": ""948"", ""sel_fpr_bid"": ""-71600"", ""buy_fpr_bid"": ""-71500"", ""buy_fpr_req"": ""409"", ""buy_1th_pre_req_pre"": ""0"", ""buy_2th_pre_bid"": ""-71400"", ""buy_2th_pre_req"": ""435"", ""buy_2th_pre_req_pre"": ""0"", ""buy_3th_pre_bid"": ""-71300"", ""buy_3th_pre_req"": ""121"", ""buy_3th_pre_req_pre"": ""0"", ""buy_4th_pre_bid"": ""-71200"", ""buy_4th_pre_req"": ""422"", ""buy_4th_pre_req_pre"": ""0"", ""buy_5th_pre_bid"": ""-71100"", ""buy_5th_pre_req"": ""236"", ""buy_5th_pre_req_pre"": ""0"", ""buy_6th_pre_bid"": ""-71000"", ""buy_6th_pre_req"": ""1014"", ""buy_6th_pre_req_pre"": ""0"", ""buy_7th_pre_bid"": ""-70900"", ""buy_7th_pre_req"": ""2117"", ""buy_7th_pre_req_pre"": ""0"", ""buy_8th_pre_bid"": ""-70800"", ""buy_8th_pre_req"": ""153"", ""buy_8th_pre_req_pre"": ""0"", ""buy_9th_pre_bid"": ""-70700"", ""buy_9th_pre_req"": ""71"", ""buy_9th_pre_req_pre"": ""0"", ""buy_10th_pre_bid"": ""-70600"", ""buy_10th_pre_req"": ""86"", ""buy_10th_pre_req_pre"": ""0"", ""tot_sel_req_jub_pre"": ""+10"", ""tot_sel_req"": ""1820"", ""tot_buy_req"": ""5064"", ""tot_buy_req_jub_pre"": ""0"", ""ovt_sel_req_pre"": ""0"", ""ovt_sel_req"": ""0"", ""ovt_buy_req"": ""0"", ""ovt_buy_req_pre"": ""0"", ""return_code"": 0, ""return_msg"": ""정상적으로 처리되었습니다""}"
2026-06-10,watchlist,078930,,0,filtered_candidate_recheck,73200,,73200,73100,73200,73300,0.0,0.1366120218579235,,,,,,"{""bid_req_base_tm"": ""101020"", ""sel_10th_pre_req_pre"": ""0"", ""sel_10th_pre_req"": ""64"", ""sel_10th_pre_bid"": ""+74500"", ""sel_9th_pre_req_pre"": ""0"", ""sel_9th_pre_req"": ""76"", ""sel_9th_pre_bid"": ""+74400"", ""sel_8th_pre_req_pre"": ""0"", ""sel_8th_pre_req"": ""41"", ""sel_8th_pre_bid"": ""+74200"", ""sel_7th_pre_req_pre"": ""0"", ""sel_7th_pre_req"": ""60"", ""sel_7th_pre_bid"": ""+74000"", ""sel_6th_pre_req_pre"": ""0"", ""sel_6th_pre_req"": ""55"", ""sel_6th_pre_bid"": ""-73700"", ""sel_5th_pre_req_pre"": ""0"", ""sel_5th_pre_req"": ""49"", ""sel_5th_pre_bid"": ""-73600"", ""sel_4th_pre_req_pre"": ""0"", ""sel_4th_pre_req"": ""167"", ""sel_4th_pre_bid"": ""-73500"", ""sel_3th_pre_req_pre"": ""--14"", ""sel_3th_pre_req"": ""207"", ""sel_3th_pre_bid"": ""-73400"", ""sel_2th_pre_req_pre"": ""0"", ""sel_2th_pre_req"": ""125"", ""sel_2th_pre_bid"": ""-73300"", ""sel_1th_pre_req_pre"": ""+14"", ""sel_fpr_req"": ""72"", ""sel_fpr_bid"": ""-73200"", ""buy_fpr_bid"": ""-73100"", ""buy_fpr_req"": ""332"", ""buy_1th_pre_req_pre"": ""0"", ""buy_2th_pre_bid"": ""-73000"", ""buy_2th_pre_req"": ""30"", ""buy_2th_pre_req_pre"": ""0"", ""buy_3th_pre_bid"": ""-72800"", ""buy_3th_pre_req"": ""50"", ""buy_3th_pre_req_pre"": ""0"", ""buy_4th_pre_bid"": ""-72700"", ""buy_4th_pre_req"": ""53"", ""buy_4th_pre_req_pre"": ""0"", ""buy_5th_pre_bid"": ""-72300"", ""buy_5th_pre_req"": ""51"", ""buy_5th_pre_req_pre"": ""0"", ""buy_6th_pre_bid"": ""-72200"", ""buy_6th_pre_req"": ""118"", ""buy_6th_pre_req_pre"": ""0"", ""buy_7th_pre_bid"": ""-72100"", ""buy_7th_pre_req"": ""508"", ""buy_7th_pre_req_pre"": ""0"", ""buy_8th_pre_bid"": ""-72000"", ""buy_8th_pre_req"": ""157"", ""buy_8th_pre_req_pre"": ""0"", ""buy_9th_pre_bid"": ""-71900"", ""buy_9th_pre_req"": ""111"", ""buy_9th_pre_req_pre"": ""0"", ""buy_10th_pre_bid"": ""-71800"", ""buy_10th_pre_req"": ""116"", ""buy_10th_pre_req_pre"": ""0"", ""tot_sel_req_jub_pre"": ""0"", ""tot_sel_req"": ""916"", ""tot_buy_req"": ""1526"", ""tot_buy_req_jub_pre"": ""0"", ""ovt_sel_req_pre"": ""0"", ""ovt_sel_req"": ""0"", ""ovt_buy_req"": ""0"", ""ovt_buy_req_pre"": ""0"", ""return_code"": 0, ""return_msg"": ""정상적으로 처리되었습니다""}"
2026-06-10,watchlist,462870,,0,filtered_candidate_recheck,31200,,31200,31100,31200,31000,-0.8012820512820512,0.3205128205128205,,,,,,"{""bid_req_base_tm"": ""101020"", ""sel_10th_pre_req_pre"": ""0"", ""sel_10th_pre_req"": ""2072"", ""sel_10th_pre_bid"": ""-31700"", ""sel_9th_pre_req_pre"": ""0"", ""sel_9th_pre_req"": ""280"", ""sel_9th_pre_bid"": ""-31650"", ""sel_8th_pre_req_pre"": ""0"", ""sel_8th_pre_req"": ""36"", ""sel_8th_pre_bid"": ""-31600"", ""sel_7th_pre_req_pre"": ""0"", ""sel_7th_pre_req"": ""82"", ""sel_7th_pre_bid"": ""-31550"", ""sel_6th_pre_req_pre"": ""0"", ""sel_6th_pre_req"": ""167"", ""sel_6th_pre_bid"": ""-31500"", ""sel_5th_pre_req_pre"": ""0"", ""sel_5th_pre_req"": ""55"", ""sel_5th_pre_bid"": ""-31450"", ""sel_4th_pre_req_pre"": ""0"", ""sel_4th_pre_req"": ""131"", ""sel_4th_pre_bid"": ""-31400"", ""sel_3th_pre_req_pre"": ""0"", ""sel_3th_pre_req"": ""28"", ""sel_3th_pre_bid"": ""-31300"", ""sel_2th_pre_req_pre"": ""0"", ""sel_2th_pre_req"": ""12"", ""sel_2th_pre_bid"": ""-31250"", ""sel_1th_pre_req_pre"": ""0"", ""sel_fpr_req"": ""248"", ""sel_fpr_bid"": ""-31200"", ""buy_fpr_bid"": ""-31100"", ""buy_fpr_req"": ""13"", ""buy_1th_pre_req_pre"": ""0"", ""buy_2th_pre_bid"": ""-31050"", ""buy_2th_pre_req"": ""14"", ""buy_2th_pre_req_pre"": ""0"", ""buy_3th_pre_bid"": ""-31000"", ""buy_3th_pre_req"": ""22"", ""buy_3th_pre_req_pre"": ""0"", ""buy_4th_pre_bid"": ""-30950"", ""buy_4th_pre_req"": ""6"", ""buy_4th_pre_req_pre"": ""0"", ""buy_5th_pre_bid"": ""-30900"", ""buy_5th_pre_req"": ""17"", ""buy_5th_pre_req_pre"": ""0"", ""buy_6th_pre_bid"": ""-30850"", ""buy_6th_pre_req"": ""11"", ""buy_6th_pre_req_pre"": ""0"", ""buy_7th_pre_bid"": ""-30800"", ""buy_7th_pre_req"": ""28"", ""buy_7th_pre_req_pre"": ""0"", ""buy_8th_pre_bid"": ""-30750"", ""buy_8th_pre_req"": ""93"", ""buy_8th_pre_req_pre"": ""0"", ""buy_9th_pre_bid"": ""-30700"", ""buy_9th_pre_req"": ""176"", ""buy_9th_pre_req_pre"": ""0"", ""buy_10th_pre_bid"": ""-30650"", ""buy_10th_pre_req"": ""31"", ""buy_10th_pre_req_pre"": ""0"", ""tot_sel_req_jub_pre"": ""0"", ""tot_sel_req"": ""3111"", ""tot_buy_req"": ""411"", ""tot_buy_req_jub_pre"": ""0"", ""ovt_sel_req_pre"": ""0"", ""ovt_sel_req"": ""0"", ""ovt_buy_req"": ""0"", ""ovt_buy_req_pre"": ""0"", ""return_code"": 0, ""return_msg"": ""정상적으로 처리되었습니다""}"
2026-06-10,watchlist,055550,,0,filtered_candidate_recheck,99700,,99700,99600,99700,99300,-0.5015045135406219,0.10030090270812438,,,,,,"{""bid_req_base_tm"": ""101021"", ""sel_10th_pre_req_pre"": ""0"", ""sel_10th_pre_req"": ""685"", ""sel_10th_pre_bid"": ""-100600"", ""sel_9th_pre_req_pre"": ""0"", ""sel_9th_pre_req"": ""1698"", ""sel_9th_pre_bid"": ""-100500"", ""sel_8th_pre_req_pre"": ""0"", ""sel_8th_pre_req"": ""685"", ""sel_8th_pre_bid"": ""-100400"", ""sel_7th_pre_req_pre"": ""0"", ""sel_7th_pre_req"": ""205"", ""sel_7th_pre_bid"": ""-100300"", ""sel_6th_pre_req_pre"": ""0"", ""sel_6th_pre_req"": ""88"", ""sel_6th_pre_bid"": ""-100200"", ""sel_5th_pre_req_pre"": ""0"", ""sel_5th_pre_req"": ""63"", ""sel_5th_pre_bid"": ""-100100"", ""sel_4th_pre_req_pre"": ""0"", ""sel_4th_pre_req"": ""329"", ""sel_4th_pre_bid"": ""-100000"", ""sel_3th_pre_req_pre"": ""0"", ""sel_3th_pre_req"": ""1296"", ""sel_3th_pre_bid"": ""-99900"", ""sel_2th_pre_req_pre"": ""0"", ""sel_2th_pre_req"": ""207"", ""sel_2th_pre_bid"": ""-99800"", ""sel_1th_pre_req_pre"": ""+60"", ""sel_fpr_req"": ""1290"", ""sel_fpr_bid"": ""-99700"", ""buy_fpr_bid"": ""-99600"", ""buy_fpr_req"": ""35"", ""buy_1th_pre_req_pre"": ""0"", ""buy_2th_pre_bid"": ""-99500"", ""buy_2th_pre_req"": ""804"", ""buy_2th_pre_req_pre"": ""0"", ""buy_3th_pre_bid"": ""-99400"", ""buy_3th_pre_req"": ""56"", ""buy_3th_pre_req_pre"": ""0"", ""buy_4th_pre_bid"": ""-99300"", ""buy_4th_pre_req"": ""95"", ""buy_4th_pre_req_pre"": ""0"", ""buy_5th_pre_bid"": ""-99200"", ""buy_5th_pre_req"": ""19"", ""buy_5th_pre_req_pre"": ""0"", ""buy_6th_pre_bid"": ""-99100"", ""buy_6th_pre_req"": ""83"", ""buy_6th_pre_req_pre"": ""0"", ""buy_7th_pre_bid"": ""-99000"", ""buy_7th_pre_req"": ""92"", ""buy_7th_pre_req_pre"": ""0"", ""buy_8th_pre_bid"": ""-98900"", ""buy_8th_pre_req"": ""107"", ""buy_8th_pre_req_pre"": ""0"", ""buy_9th_pre_bid"": ""-98800"", ""buy_9th_pre_req"": ""85"", ""buy_9th_pre_req_pre"": ""0"", ""buy_10th_pre_bid"": ""-98700"", ""buy_10th_pre_req"": ""212"", ""buy_10th_pre_req_pre"": ""0"", ""tot_sel_req_jub_pre"": ""+60"", ""tot_sel_req"": ""6546"", ""tot_buy_req"": ""1588"", ""tot_buy_req_jub_pre"": ""0"", ""ovt_sel_req_pre"": ""0"", ""ovt_sel_req"": ""0"", ""ovt_buy_req"": ""0"", ""ovt_buy_req_pre"": ""0"", ""return_code"": 0, ""return_msg"": ""정상적으로 처리되었습니다""}"
2026-06-10,watchlist,192080,,0,filtered_candidate_recheck,72200,,72200,72000,72200,72500,0.2770083102493075,0.2770083102493075,,,,,,"{""bid_req_base_tm"": ""101021"", ""sel_10th_pre_req_pre"": ""0"", ""sel_10th_pre_req"": ""44"", ""sel_10th_pre_bid"": ""+73500"", ""sel_9th_pre_req_pre"": ""0"", ""sel_9th_pre_req"": ""73"", ""sel_9th_pre_bid"": ""+73400"", ""sel_8th_pre_req_pre"": ""0"", ""sel_8th_pre_req"": ""11"", ""sel_8th_pre_bid"": ""+73300"", ""sel_7th_pre_req_pre"": ""0"", ""sel_7th_pre_req"": ""12"", ""sel_7th_pre_bid"": ""+73200"", ""sel_6th_pre_req_pre"": ""0"", ""sel_6th_pre_req"": ""50"", ""sel_6th_pre_bid"": ""+73000"", ""sel_5th_pre_req_pre"": ""0"", ""sel_5th_pre_req"": ""4"", ""sel_5th_pre_bid"": ""+72900"", ""sel_4th_pre_req_pre"": ""0"", ""sel_4th_pre_req"": ""10"", ""sel_4th_pre_bid"": ""+72600"", ""sel_3th_pre_req_pre"": ""0"", ""sel_3th_pre_req"": ""39"", ""sel_3th_pre_bid"": ""+72500"", ""sel_2th_pre_req_pre"": ""0"", ""sel_2th_pre_req"": ""1"", ""sel_2th_pre_bid"": ""+72400"", ""sel_1th_pre_req_pre"": ""+9"", ""sel_fpr_req"": ""69"", ""sel_fpr_bid"": ""+72200"", ""buy_fpr_bid"": ""72000"", ""buy_fpr_req"": ""85"", ""buy_1th_pre_req_pre"": ""0"", ""buy_2th_pre_bid"": ""-71900"", ""buy_2th_pre_req"": ""22"", ""buy_2th_pre_req_pre"": ""0"", ""buy_3th_pre_bid"": ""-71800"", ""buy_3th_pre_req"": ""66"", ""buy_3th_pre_req_pre"": ""0"", ""buy_4th_pre_bid"": ""-71700"", ""buy_4th_pre_req"": ""33"", ""buy_4th_pre_req_pre"": ""0"", ""buy_5th_pre_bid"": ""-71600"", ""buy_5th_pre_req"": ""80"", ""buy_5th_pre_req_pre"": ""0"", ""buy_6th_pre_bid"": ""-71500"", ""buy_6th_pre_req"": ""55"", ""buy_6th_pre_req_pre"": ""0"", ""buy_7th_pre_bid"": ""-71400"", ""buy_7th_pre_req"": ""43"", ""buy_7th_pre_req_pre"": ""0"", ""buy_8th_pre_bid"": ""-71300"", ""buy_8th_pre_req"": ""21"", ""buy_8th_pre_req_pre"": ""0"", ""buy_9th_pre_bid"": ""-71200"", ""buy_9th_pre_req"": ""11"", ""buy_9th_pre_req_pre"": ""0"", ""buy_10th_pre_bid"": ""-71100"", ""buy_10th_pre_req"": ""78"", ""buy_10th_pre_req_pre"": ""0"", ""tot_sel_req_jub_pre"": ""+43"", ""tot_sel_req"": ""313"", ""tot_buy_req"": ""494"", ""tot_buy_req_jub_pre"": ""0"", ""ovt_sel_req_pre"": ""0"", ""ovt_sel_req"": ""0"", ""ovt_buy_req"": ""0"", ""ovt_buy_req_pre"": ""0"", ""return_code"": 0, ""return_msg"": ""정상적으로 처리되었습니다""}"
2026-06-10,watchlist,000430,,1,filtered_candidate_recheck,5740,,5740,5730,5740,5760,0.17421602787456447,0.17421602787456447,,,,,,"{""bid_req_base_tm"": ""101021"", ""sel_10th_pre_req_pre"": ""0"", ""sel_10th_pre_req"": ""949"", ""sel_10th_pre_bid"": ""-5830"", ""sel_9th_pre_req_pre"": ""0"", ""sel_9th_pre_req"": ""278"", ""sel_9th_pre_bid"": ""-5820"", ""sel_8th_pre_req_pre"": ""0"", ""sel_8th_pre_req"": ""693"", ""sel_8th_pre_bid"": ""-5810"", ""sel_7th_pre_req_pre"": ""0"", ""sel_7th_pre_req"": ""592"", ""sel_7th_pre_bid"": ""-5800"", ""sel_6th_pre_req_pre"": ""0"", ""sel_6th_pre_req"": ""2264"", ""sel_6th_pre_bid"": ""-5790"", ""sel_5th_pre_req_pre"": ""0"", ""sel_5th_pre_req"": ""345"", ""sel_5th_pre_bid"": ""-5780"", ""sel_4th_pre_req_pre"": ""0"", ""sel_4th_pre_req"": ""822"", ""sel_4th_pre_bid"": ""-5770"", ""sel_3th_pre_req_pre"": ""0"", ""sel_3th_pre_req"": ""599"", ""sel_3th_pre_bid"": ""-5760"", ""sel_2th_pre_req_pre"": ""0"", ""sel_2th_pre_req"": ""1969"", ""sel_2th_pre_bid"": ""-5750"", ""sel_1th_pre_req_pre"": ""0"", ""sel_fpr_req"": ""239"", ""sel_fpr_bid"": ""-5740"", ""buy_fpr_bid"": ""-5730"", ""buy_fpr_req"": ""2590"", ""buy_1th_pre_req_pre"": ""+22"", ""buy_2th_pre_bid"": ""-5720"", ""buy_2th_pre_req"": ""144"", ""buy_2th_pre_req_pre"": ""0"", ""buy_3th_pre_bid"": ""-5710"", ""buy_3th_pre_req"": ""1428"", ""buy_3th_pre_req_pre"": ""0"", ""buy_4th_pre_bid"": ""-5700"", ""buy_4th_pre_req"": ""3275"", ""buy_4th_pre_req_pre"": ""0"", ""buy_5th_pre_bid"": ""-5690"", ""buy_5th_pre_req"": ""2255"", ""buy_5th_pre_req_pre"": ""0"", ""buy_6th_pre_bid"": ""-5680"", ""buy_6th_pre_req"": ""7298"", ""buy_6th_pre_req_pre"": ""0"", ""buy_7th_pre_bid"": ""-5670"", ""buy_7th_pre_req"": ""2638"", ""buy_7th_pre_req_pre"": ""0"", ""buy_8th_pre_bid"": ""-5660"", ""buy_8th_pre_req"": ""2588"", ""buy_8th_pre_req_pre"": ""0"", ""buy_9th_pre_bid"": ""-5650"", ""buy_9th_pre_req"": ""5248"", ""buy_9th_pre_req_pre"": ""0"", ""buy_10th_pre_bid"": ""-5640"", ""buy_10th_pre_req"": ""2406"", ""buy_10th_pre_req_pre"": ""0"", ""tot_sel_req_jub_pre"": ""0"", ""tot_sel_req"": ""8750"", ""tot_buy_req"": ""29870"", ""tot_buy_req_jub_pre"": ""+22"", ""ovt_sel_req_pre"": ""0"", ""ovt_sel_req"": ""0"", ""ovt_buy_req"": ""0"", ""ovt_buy_req_pre"": ""0"", ""return_code"": 0, ""return_msg"": ""정상적으로 처리되었습니다""}"
2026-06-10,watchlist,307950,,0,filtered_candidate_recheck,706000,,706000,705000,706000,708000,0.141643059490085,0.141643059490085,,,,,,"{""bid_req_base_tm"": ""101021"", ""sel_10th_pre_req_pre"": ""0"", ""sel_10th_pre_req"": ""107"", ""sel_10th_pre_bid"": ""+715000"", ""sel_9th_pre_req_pre"": ""+1"", ""sel_9th_pre_req"": ""15"", ""sel_9th_pre_bid"": ""+714000"", ""sel_8th_pre_req_pre"": ""0"", ""sel_8th_pre_req"": ""51"", ""sel_8th_pre_bid"": ""+713000"", ""sel_7th_pre_req_pre"": ""0"", ""sel_7th_pre_req"": ""92"", ""sel_7th_pre_bid"": ""+712000"", ""sel_6th_pre_req_pre"": ""0"", ""sel_6th_pre_req"": ""76"", ""sel_6th_pre_bid"": ""+711000"", ""sel_5th_pre_req_pre"": ""0"", ""sel_5th_pre_req"": ""50"", ""sel_5th_pre_bid"": ""+710000"", ""sel_4th_pre_req_pre"": ""0"", ""sel_4th_pre_req"": ""37"", ""sel_4th_pre_bid"": ""+709000"", ""sel_3th_pre_req_pre"": ""0"", ""sel_3th_pre_req"": ""11"", ""sel_3th_pre_bid"": ""+708000"", ""sel_2th_pre_req_pre"": ""0"", ""sel_2th_pre_req"": ""30"", ""sel_2th_pre_bid"": ""+707000"", ""sel_1th_pre_req_pre"": ""0"", ""sel_fpr_req"": ""64"", ""sel_fpr_bid"": ""+706000"", ""buy_fpr_bid"": ""+705000"", ""buy_fpr_req"": ""24"", ""buy_1th_pre_req_pre"": ""0"", ""buy_2th_pre_bid"": ""+704000"", ""buy_2th_pre_req"": ""76"", ""buy_2th_pre_req_pre"": ""0"", ""buy_3th_pre_bid"": ""+703000"", ""buy_3th_pre_req"": ""62"", ""buy_3th_pre_req_pre"": ""0"", ""buy_4th_pre_bid"": ""+702000"", ""buy_4th_pre_req"": ""109"", ""buy_4th_pre_req_pre"": ""0"", ""buy_5th_pre_bid"": ""+701000"", ""buy_5th_pre_req"": ""271"", ""buy_5th_pre_req_pre"": ""0"", ""buy_6th_pre_bid"": ""+700000"", ""buy_6th_pre_req"": ""322"", ""buy_6th_pre_req_pre"": ""0"", ""buy_7th_pre_bid"": ""+699000"", ""buy_7th_pre_req"": ""164"", ""buy_7th_pre_req_pre"": ""0"", ""buy_8th_pre_bid"": ""+698000"", ""buy_8th_pre_req"": ""326"", ""buy_8th_pre_req_pre"": ""0"", ""buy_9th_pre_bid"": ""+697000"", ""buy_9th_pre_req"": ""479"", ""buy_9th_pre_req_pre"": ""0"", ""buy_10th_pre_bid"": ""+696000"", ""buy_10th_pre_req"": ""241"", ""buy_10th_pre_req_pre"": ""0"", ""tot_sel_req_jub_pre"": ""+1"", ""tot_sel_req"": ""533"", ""tot_buy_req"": ""2074"", ""tot_buy_req_jub_pre"": ""0"", ""ovt_sel_req_pre"": ""0"", ""ovt_sel_req"": ""0"", ""ovt_buy_req"": ""0"", ""ovt_buy_req_pre"": ""0"", ""return_code"": 0, ""return_msg"": ""정상적으로 처리되었습니다""}"
2026-06-10,watchlist,114090,,0,filtered_candidate_recheck,12040,,12040,12030,12040,12000,-0.7475083056478405,0.08305647840531562,,,,,,"{""bid_req_base_tm"": ""101016"", ""sel_10th_pre_req_pre"": ""0"", ""sel_10th_pre_req"": ""5"", ""sel_10th_pre_bid"": ""+12160"", ""sel_9th_pre_req_pre"": ""0"", ""sel_9th_pre_req"": ""2465"", ""sel_9th_pre_bid"": ""+12150"", ""sel_8th_pre_req_pre"": ""0"", ""sel_8th_pre_req"": ""131"", ""sel_8th_pre_bid"": ""+12140"", ""sel_7th_pre_req_pre"": ""0"", ""sel_7th_pre_req"": ""474"", ""sel_7th_pre_bid"": ""+12130"", ""sel_6th_pre_req_pre"": ""0"", ""sel_6th_pre_req"": ""5"", ""sel_6th_pre_bid"": ""+12120"", ""sel_5th_pre_req_pre"": ""0"", ""sel_5th_pre_req"": ""3"", ""sel_5th_pre_bid"": ""+12100"", ""sel_4th_pre_req_pre"": ""0"", ""sel_4th_pre_req"": ""4"", ""sel_4th_pre_bid"": ""+12070"", ""sel_3th_pre_req_pre"": ""0"", ""sel_3th_pre_req"": ""194"", ""sel_3th_pre_bid"": ""+12060"", ""sel_2th_pre_req_pre"": ""--10"", ""sel_2th_pre_req"": ""90"", ""sel_2th_pre_bid"": ""+12050"", ""sel_1th_pre_req_pre"": ""+9"", ""sel_fpr_req"": ""287"", ""sel_fpr_bid"": ""+12040"", ""buy_fpr_bid"": ""+12030"", ""buy_fpr_req"": ""126"", ""buy_1th_pre_req_pre"": ""0"", ""buy_2th_pre_bid"": ""+12020"", ""buy_2th_pre_req"": ""167"", ""buy_2th_pre_req_pre"": ""0"", ""buy_3th_pre_bid"": ""+12010"", ""buy_3th_pre_req"": ""176"", ""buy_3th_pre_req_pre"": ""0"", ""buy_4th_pre_bid"": ""+12000"", ""buy_4th_pre_req"": ""661"", ""buy_4th_pre_req_pre"": ""0"", ""buy_5th_pre_bid"": ""+11990"", ""buy_5th_pre_req"": ""130"", ""buy_5th_pre_req_pre"": ""0"", ""buy_6th_pre_bid"": ""+11980"", ""buy_6th_pre_req"": ""340"", ""buy_6th_pre_req_pre"": ""0"", ""buy_7th_pre_bid"": ""+11970"", ""buy_7th_pre_req"": ""63"", ""buy_7th_pre_req_pre"": ""0"", ""buy_8th_pre_bid"": ""11950"", ""buy_8th_pre_req"": ""50"", ""buy_8th_pre_req_pre"": ""0"", ""buy_9th_pre_bid"": ""-11900"", ""buy_9th_pre_req"": ""147"", ""buy_9th_pre_req_pre"": ""0"", ""buy_10th_pre_bid"": ""-11850"", ""buy_10th_pre_req"": ""30"", ""buy_10th_pre_req_pre"": ""0"", ""tot_sel_req_jub_pre"": ""--5"", ""tot_sel_req"": ""3658"", ""tot_buy_req"": ""1890"", ""tot_buy_req_jub_pre"": ""0"", ""ovt_sel_req_pre"": ""0"", ""ovt_sel_req"": ""0"", ""ovt_buy_req"": ""0"", ""ovt_buy_req_pre"": ""0"", ""return_code"": 0, ""return_msg"": ""정상적으로 처리되었습니다""}"
2026-06-10,watchlist,281820,,0,filtered_candidate_recheck,67400,,67400,67200,67400,67000,-0.741839762611276,0.2967359050445104,,,,,,"{""bid_req_base_tm"": ""101019"", ""sel_10th_pre_req_pre"": ""0"", ""sel_10th_pre_req"": ""195"", ""sel_10th_pre_bid"": ""+68400"", ""sel_9th_pre_req_pre"": ""0"", ""sel_9th_pre_req"": ""96"", ""sel_9th_pre_bid"": ""+68300"", ""sel_8th_pre_req_pre"": ""0"", ""sel_8th_pre_req"": ""114"", ""sel_8th_pre_bid"": ""+68200"", ""sel_7th_pre_req_pre"": ""0"", ""sel_7th_pre_req"": ""14"", ""sel_7th_pre_bid"": ""+68100"", ""sel_6th_pre_req_pre"": ""0"", ""sel_6th_pre_req"": ""59"", ""sel_6th_pre_bid"": ""+68000"", ""sel_5th_pre_req_pre"": ""0"", ""sel_5th_pre_req"": ""75"", ""sel_5th_pre_bid"": ""+67900"", ""sel_4th_pre_req_pre"": ""--3"", ""sel_4th_pre_req"": ""303"", ""sel_4th_pre_bid"": ""+67800"", ""sel_3th_pre_req_pre"": ""+1"", ""sel_3th_pre_req"": ""9"", ""sel_3th_pre_bid"": ""+67700"", ""sel_2th_pre_req_pre"": ""0"", ""sel_2th_pre_req"": ""74"", ""sel_2th_pre_bid"": ""+67500"", ""sel_1th_pre_req_pre"": ""0"", ""sel_fpr_req"": ""10"", ""sel_fpr_bid"": ""+67400"", ""buy_fpr_bid"": ""+67200"", ""buy_fpr_req"": ""15"", ""buy_1th_pre_req_pre"": ""0"", ""buy_2th_pre_bid"": ""+67100"", ""buy_2th_pre_req"": ""20"", ""buy_2th_pre_req_pre"": ""0"", ""buy_3th_pre_bid"": ""+67000"", ""buy_3th_pre_req"": ""107"", ""buy_3th_pre_req_pre"": ""0"", ""buy_4th_pre_bid"": ""+66800"", ""buy_4th_pre_req"": ""51"", ""buy_4th_pre_req_pre"": ""0"", ""buy_5th_pre_bid"": ""+66700"", ""buy_5th_pre_req"": ""15"", ""buy_5th_pre_req_pre"": ""0"", ""buy_6th_pre_bid"": ""+66600"", ""buy_6th_pre_req"": ""6"", ""buy_6th_pre_req_pre"": ""0"", ""buy_7th_pre_bid"": ""+66500"", ""buy_7th_pre_req"": ""76"", ""buy_7th_pre_req_pre"": ""0"", ""buy_8th_pre_bid"": ""66400"", ""buy_8th_pre_req"": ""17"", ""buy_8th_pre_req_pre"": ""0"", ""buy_9th_pre_bid"": ""-66300"", ""buy_9th_pre_req"": ""7"", ""buy_9th_pre_req_pre"": ""0"", ""buy_10th_pre_bid"": ""-66200"", ""buy_10th_pre_req"": ""136"", ""buy_10th_pre_req_pre"": ""0"", ""tot_sel_req_jub_pre"": ""--2"", ""tot_sel_req"": ""949"", ""tot_buy_req"": ""450"", ""tot_buy_req_jub_pre"": ""0"", ""ovt_sel_req_pre"": ""0"", ""ovt_sel_req"": ""0"", ""ovt_buy_req"": ""0"", ""ovt_buy_req_pre"": ""0"", ""return_code"": 0, ""return_msg"": ""정상적으로 처리되었습니다""}"
2026-06-10,watchlist,489790,,0,filtered_candidate_recheck,70400,,70400,70100,70400,69900,-0.8522727272727272,0.4261363636363636,,,,,,"{""bid_req_base_tm"": ""101020"", ""sel_10th_pre_req_pre"": ""0"", ""sel_10th_pre_req"": ""585"", ""sel_10th_pre_bid"": ""+71300"", ""sel_9th_pre_req_pre"": ""0"", ""sel_9th_pre_req"": ""404"", ""sel_9th_pre_bid"": ""+71200"", ""sel_8th_pre_req_pre"": ""0"", ""sel_8th_pre_req"": ""551"", ""sel_8th_pre_bid"": ""+71100"", ""sel_7th_pre_req_pre"": ""0"", ""sel_7th_pre_req"": ""1478"", ""sel_7th_pre_bid"": ""+71000"", ""sel_6th_pre_req_pre"": ""0"", ""sel_6th_pre_req"": ""279"", ""sel_6th_pre_bid"": ""+70900"", ""sel_5th_pre_req_pre"": ""0"", ""sel_5th_pre_req"": ""291"", ""sel_5th_pre_bid"": ""+70800"", ""sel_4th_pre_req_pre"": ""0"", ""sel_4th_pre_req"": ""649"", ""sel_4th_pre_bid"": ""+70700"", ""sel_3th_pre_req_pre"": ""0"", ""sel_3th_pre_req"": ""224"", ""sel_3th_pre_bid"": ""+70600"", ""sel_2th_pre_req_pre"": ""+50"", ""sel_2th_pre_req"": ""236"", ""sel_2th_pre_bid"": ""+70500"", ""sel_1th_pre_req_pre"": ""0"", ""sel_fpr_req"": ""26"", ""sel_fpr_bid"": ""+70400"", ""buy_fpr_bid"": ""+70100"", ""buy_fpr_req"": ""179"", ""buy_1th_pre_req_pre"": ""0"", ""buy_2th_pre_bid"": ""+70000"", ""buy_2th_pre_req"": ""34"", ""buy_2th_pre_req_pre"": ""0"", ""buy_3th_pre_bid"": ""+69900"", ""buy_3th_pre_req"": ""23"", ""buy_3th_pre_req_pre"": ""0"", ""buy_4th_pre_bid"": ""+69800"", ""buy_4th_pre_req"": ""181"", ""buy_4th_pre_req_pre"": ""0"", ""buy_5th_pre_bid"": ""+69700"", ""buy_5th_pre_req"": ""17"", ""buy_5th_pre_req_pre"": ""0"", ""buy_6th_pre_bid"": ""+69600"", ""buy_6th_pre_req"": ""27"", ""buy_6th_pre_req_pre"": ""0"", ""buy_7th_pre_bid"": ""+69500"", ""buy_7th_pre_req"": ""34"", ""buy_7th_pre_req_pre"": ""0"", ""buy_8th_pre_bid"": ""+69400"", ""buy_8th_pre_req"": ""113"", ""buy_8th_pre_req_pre"": ""0"", ""buy_9th_pre_bid"": ""+69300"", ""buy_9th_pre_req"": ""53"", ""buy_9th_pre_req_pre"": ""0"", ""buy_10th_pre_bid"": ""+69200"", ""buy_10th_pre_req"": ""23"", ""buy_10th_pre_req_pre"": ""0"", ""tot_sel_req_jub_pre"": ""+50"", ""tot_sel_req"": ""4723"", ""tot_buy_req"": ""684"", ""tot_buy_req_jub_pre"": ""0"", ""ovt_sel_req_pre"": ""0"", ""ovt_sel_req"": ""0"", ""ovt_buy_req"": ""0"", ""ovt_buy_req_pre"": ""0"", ""return_code"": 0, ""return_msg"": ""정상적으로 처리되었습니다""}"
2026-06-10,watchlist,092200,,0,filtered_candidate_recheck,9830,,9830,9820,9830,9850,0.10172939979654119,0.10172939979654119,,,,,,"{""bid_req_base_tm"": ""101020"", ""sel_10th_pre_req_pre"": ""0"", ""sel_10th_pre_req"": ""30"", ""sel_10th_pre_bid"": ""-9930"", ""sel_9th_pre_req_pre"": ""0"", ""sel_9th_pre_req"": ""1793"", ""sel_9th_pre_bid"": ""-9920"", ""sel_8th_pre_req_pre"": ""0"", ""sel_8th_pre_req"": ""1507"", ""sel_8th_pre_bid"": ""-9910"", ""sel_7th_pre_req_pre"": ""0"", ""sel_7th_pre_req"": ""1131"", ""sel_7th_pre_bid"": ""-9900"", ""sel_6th_pre_req_pre"": ""0"", ""sel_6th_pre_req"": ""1006"", ""sel_6th_pre_bid"": ""-9890"", ""sel_5th_pre_req_pre"": ""0"", ""sel_5th_pre_req"": ""1"", ""sel_5th_pre_bid"": ""-9880"", ""sel_4th_pre_req_pre"": ""0"", ""sel_4th_pre_req"": ""35"", ""sel_4th_pre_bid"": ""-9870"", ""sel_3th_pre_req_pre"": ""0"", ""sel_3th_pre_req"": ""116"", ""sel_3th_pre_bid"": ""-9860"", ""sel_2th_pre_req_pre"": ""0"", ""sel_2th_pre_req"": ""110"", ""sel_2th_pre_bid"": ""-9840"", ""sel_1th_pre_req_pre"": ""+38"", ""sel_fpr_req"": ""96"", ""sel_fpr_bid"": ""-9830"", ""buy_fpr_bid"": ""-9820"", ""buy_fpr_req"": ""5"", ""buy_1th_pre_req_pre"": ""0"", ""buy_2th_pre_bid"": ""-9810"", ""buy_2th_pre_req"": ""258"", ""buy_2th_pre_req_pre"": ""0"", ""buy_3th_pre_bid"": ""-9800"", ""buy_3th_pre_req"": ""2952"", ""buy_3th_pre_req_pre"": ""0"", ""buy_4th_pre_bid"": ""-9790"", ""buy_4th_pre_req"": ""1355"", ""buy_4th_pre_req_pre"": ""0"", ""buy_5th_pre_bid"": ""-9780"", ""buy_5th_pre_req"": ""1795"", ""buy_5th_pre_req_pre"": ""+1"", ""buy_6th_pre_bid"": ""-9770"", ""buy_6th_pre_req"": ""1997"", ""buy_6th_pre_req_pre"": ""0"", ""buy_7th_pre_bid"": ""-9760"", ""buy_7th_pre_req"": ""1703"", ""buy_7th_pre_req_pre"": ""0"", ""buy_8th_pre_bid"": ""-9750"", ""buy_8th_pre_req"": ""2214"", ""buy_8th_pre_req_pre"": ""0"", ""buy_9th_pre_bid"": ""-9740"", ""buy_9th_pre_req"": ""855"", ""buy_9th_pre_req_pre"": ""0"", ""buy_10th_pre_bid"": ""-9730"", ""buy_10th_pre_req"": ""1776"", ""buy_10th_pre_req_pre"": ""0"", ""tot_sel_req_jub_pre"": ""+38"", ""tot_sel_req"": ""5825"", ""tot_buy_req"": ""14910"", ""tot_buy_req_jub_pre"": ""+1"", ""ovt_sel_req_pre"": ""0"", ""ovt_sel_req"": ""0"", ""ovt_buy_req"": ""0"", ""ovt_buy_req_pre"": ""0"", ""return_code"": 0, ""return_msg"": ""정상적으로 처리되었습니다""}"
2026-06-10,watchlist,175330,,0,filtered_candidate_recheck,25600,,25600,25550,25600,25500,-0.5859375,0.1953125,,,,,,"{""bid_req_base_tm"": ""101019"", ""sel_10th_pre_req_pre"": ""0"", ""sel_10th_pre_req"": ""808"", ""sel_10th_pre_bid"": ""+26050"", ""sel_9th_pre_req_pre"": ""0"", ""sel_9th_pre_req"": ""233"", ""sel_9th_pre_bid"": ""+26000"", ""sel_8th_pre_req_pre"": ""0"", ""sel_8th_pre_req"": ""142"", ""sel_8th_pre_bid"": ""+25950"", ""sel_7th_pre_req_pre"": ""0"", ""sel_7th_pre_req"": ""532"", ""sel_7th_pre_bid"": ""25900"", ""sel_6th_pre_req_pre"": ""0"", ""sel_6th_pre_req"": ""454"", ""sel_6th_pre_bid"": ""-25850"", ""sel_5th_pre_req_pre"": ""0"", ""sel_5th_pre_req"": ""198"", ""sel_5th_pre_bid"": ""-25800"", ""sel_4th_pre_req_pre"": ""0"", ""sel_4th_pre_req"": ""567"", ""sel_4th_pre_bid"": ""-25750"", ""sel_3th_pre_req_pre"": ""0"", ""sel_3th_pre_req"": ""267"", ""sel_3th_pre_bid"": ""-25700"", ""sel_2th_pre_req_pre"": ""0"", ""sel_2th_pre_req"": ""921"", ""sel_2th_pre_bid"": ""-25650"", ""sel_1th_pre_req_pre"": ""0"", ""sel_fpr_req"": ""2370"", ""sel_fpr_bid"": ""-25600"", ""buy_fpr_bid"": ""-25550"", ""buy_fpr_req"": ""173"", ""buy_1th_pre_req_pre"": ""0"", ""buy_2th_pre_bid"": ""-25500"", ""buy_2th_pre_req"": ""634"", ""buy_2th_pre_req_pre"": ""0"", ""buy_3th_pre_bid"": ""-25450"", ""buy_3th_pre_req"": ""1124"", ""buy_3th_pre_req_pre"": ""0"", ""buy_4th_pre_bid"": ""-25400"", ""buy_4th_pre_req"": ""605"", ""buy_4th_pre_req_pre"": ""0"", ""buy_5th_pre_bid"": ""-25350"", ""buy_5th_pre_req"": ""351"", ""buy_5th_pre_req_pre"": ""0"", ""buy_6th_pre_bid"": ""-25300"", ""buy_6th_pre_req"": ""389"", ""buy_6th_pre_req_pre"": ""0"", ""buy_7th_pre_bid"": ""-25250"", ""buy_7th_pre_req"": ""484"", ""buy_7th_pre_req_pre"": ""0"", ""buy_8th_pre_bid"": ""-25200"", ""buy_8th_pre_req"": ""301"", ""buy_8th_pre_req_pre"": ""0"", ""buy_9th_pre_bid"": ""-25150"", ""buy_9th_pre_req"": ""804"", ""buy_9th_pre_req_pre"": ""0"", ""buy_10th_pre_bid"": ""-25100"", ""buy_10th_pre_req"": ""501"", ""buy_10th_pre_req_pre"": ""0"", ""tot_sel_req_jub_pre"": ""0"", ""tot_sel_req"": ""6492"", ""tot_buy_req"": ""5366"", ""tot_buy_req_jub_pre"": ""0"", ""ovt_sel_req_pre"": ""0"", ""ovt_sel_req"": ""0"", ""ovt_buy_req"": ""0"", ""ovt_buy_req_pre"": ""0"", ""return_code"": 0, ""return_msg"": ""정상적으로 처리되었습니다""}"
2026-06-10,watchlist,069960,,1,filtered_candidate_recheck,162200,,162200,162100,162200,163500,0.4932182490752158,0.06165228113440197,,,,,,"{""bid_req_base_tm"": ""101023"", ""sel_10th_pre_req_pre"": ""0"", ""sel_10th_pre_req"": ""1"", ""sel_10th_pre_bid"": ""-165200"", ""sel_9th_pre_req_pre"": ""0"", ""sel_9th_pre_req"": ""8"", ""sel_9th_pre_bid"": ""-164800"", ""sel_8th_pre_req_pre"": ""0"", ""sel_8th_pre_req"": ""1"", ""sel_8th_pre_bid"": ""-164400"", ""sel_7th_pre_req_pre"": ""0"", ""sel_7th_pre_req"": ""16"", ""sel_7th_pre_bid"": ""-163500"", ""sel_6th_pre_req_pre"": ""0"", ""sel_6th_pre_req"": ""1"", ""sel_6th_pre_bid"": ""-163400"", ""sel_5th_pre_req_pre"": ""0"", ""sel_5th_pre_req"": ""1"", ""sel_5th_pre_bid"": ""-163100"", ""sel_4th_pre_req_pre"": ""0"", ""sel_4th_pre_req"": ""27"", ""sel_4th_pre_bid"": ""-163000"", ""sel_3th_pre_req_pre"": ""0"", ""sel_3th_pre_req"": ""1"", ""sel_3th_pre_bid"": ""-162700"", ""sel_2th_pre_req_pre"": ""0"", ""sel_2th_pre_req"": ""23"", ""sel_2th_pre_bid"": ""-162300"", ""sel_1th_pre_req_pre"": ""+13"", ""sel_fpr_req"": ""139"", ""sel_fpr_bid"": ""-162200"", ""buy_fpr_bid"": ""-162100"", ""buy_fpr_req"": ""10"", ""buy_1th_pre_req_pre"": ""0"", ""buy_2th_pre_bid"": ""-162000"", ""buy_2th_pre_req"": ""1492"", ""buy_2th_pre_req_pre"": ""0"", ""buy_3th_pre_bid"": ""-161700"", ""buy_3th_pre_req"": ""14"", ""buy_3th_pre_req_pre"": ""0"", ""buy_4th_pre_bid"": ""-161500"", ""buy_4th_pre_req"": ""5"", ""buy_4th_pre_req_pre"": ""0"", ""buy_5th_pre_bid"": ""-161200"", ""buy_5th_pre_req"": ""3"", ""buy_5th_pre_req_pre"": ""0"", ""buy_6th_pre_bid"": ""-161100"", ""buy_6th_pre_req"": ""2"", ""buy_6th_pre_req_pre"": ""0"", ""buy_7th_pre_bid"": ""-161000"", ""buy_7th_pre_req"": ""107"", ""buy_7th_pre_req_pre"": ""0"", ""buy_8th_pre_bid"": ""-160900"", ""buy_8th_pre_req"": ""8"", ""buy_8th_pre_req_pre"": ""0"", ""buy_9th_pre_bid"": ""-160800"", ""buy_9th_pre_req"": ""1"", ""buy_9th_pre_req_pre"": ""0"", ""buy_10th_pre_bid"": ""-160700"", ""buy_10th_pre_req"": ""1"", ""buy_10th_pre_req_pre"": ""0"", ""tot_sel_req_jub_pre"": ""+13"", ""tot_sel_req"": ""218"", ""tot_buy_req"": ""1643"", ""tot_buy_req_jub_pre"": ""0"", ""ovt_sel_req_pre"": ""0"", ""ovt_sel_req"": ""0"", ""ovt_buy_req"": ""0"", ""ovt_buy_req_pre"": ""0"", ""return_code"": 0, ""return_msg"": ""정상적으로 처리되었습니다""}"
2026-06-10,scan_candidate,005930,,0,main_scan,307500,,307500,307000,307500,308500,0.16260162601626016,0.16260162601626016,,,,,,"{""bid_req_base_tm"": ""101202"", ""sel_10th_pre_req_pre"": ""0"", ""sel_10th_pre_req"": ""19299"", ""sel_10th_pre_bid"": ""-312000"", ""sel_9th_pre_req_pre"": ""0"", ""sel_9th_pre_req"": ""14620"", ""sel_9th_pre_bid"": ""-311500"", ""sel_8th_pre_req_pre"": ""0"", ""sel_8th_pre_req"": ""14174"", ""sel_8th_pre_bid"": ""-311000"", ""sel_7th_pre_req_pre"": ""0"", ""sel_7th_pre_req"": ""10303"", ""sel_7th_pre_bid"": ""-310500"", ""sel_6th_pre_req_pre"": ""0"", ""sel_6th_pre_req"": ""26449"", ""sel_6th_pre_bid"": ""-310000"", ""sel_5th_pre_req_pre"": ""0"", ""sel_5th_pre_req"": ""15834"", ""sel_5th_pre_bid"": ""-309500"", ""sel_4th_pre_req_pre"": ""0"", ""sel_4th_pre_req"": ""15437"", ""sel_4th_pre_bid"": ""-309000"", ""sel_3th_pre_req_pre"": ""0"", ""sel_3th_pre_req"": ""22015"", ""sel_3th_pre_bid"": ""-308500"", ""sel_2th_pre_req_pre"": ""0"", ""sel_2th_pre_req"": ""36800"", ""sel_2th_pre_bid"": ""-308000"", ""sel_1th_pre_req_pre"": ""--24"", ""sel_fpr_req"": ""8510"", ""sel_fpr_bid"": ""-307500"", ""buy_fpr_bid"": ""-307000"", ""buy_fpr_req"": ""7254"", ""buy_1th_pre_req_pre"": ""0"", ""buy_2th_pre_bid"": ""-306500"", ""buy_2th_pre_req"": ""20622"", ""buy_2th_pre_req_pre"": ""0"", ""buy_3th_pre_bid"": ""-306000"", ""buy_3th_pre_req"": ""51086"", ""buy_3th_pre_req_pre"": ""0"", ""buy_4th_pre_bid"": ""-305500"", ""buy_4th_pre_req"": ""71979"", ""buy_4th_pre_req_pre"": ""0"", ""buy_5th_pre_bid"": ""-305000"", ""buy_5th_pre_req"": ""187577"", ""buy_5th_pre_req_pre"": ""+18"", ""buy_6th_pre_bid"": ""-304500"", ""buy_6th_pre_req"": ""26921"", ""buy_6th_pre_req_pre"": ""0"", ""buy_7th_pre_bid"": ""-304000"", ""buy_7th_pre_req"": ""42446"", ""buy_7th_pre_req_pre"": ""0"", ""buy_8th_pre_bid"": ""-303500"", ""buy_8th_pre_req"": ""37766"", ""buy_8th_pre_req_pre"": ""0"", ""buy_9th_pre_bid"": ""-303000"", ""buy_9th_pre_req"": ""70850"", ""buy_9th_pre_req_pre"": ""0"", ""buy_10th_pre_bid"": ""-302500"", ""buy_10th_pre_req"": ""44088"", ""buy_10th_pre_req_pre"": ""0"", ""tot_sel_req_jub_pre"": ""--24"", ""tot_sel_req"": ""183441"", ""tot_buy_req"": ""560589"", ""tot_buy_req_jub_pre"": ""+18"", ""ovt_sel_req_pre"": ""0"", ""ovt_sel_req"": ""0"", ""ovt_buy_req"": ""0"", ""ovt_buy_req_pre"": ""0"", ""return_code"": 0, ""return_msg"": ""정상적으로 처리되었습니다""}"
2026-06-10,scan_candidate,000660,,0,main_scan,2131000,,2131000,2130000,2131000,2129000,-0.14077897700610043,0.04692632566870014,,,,,,"{""bid_req_base_tm"": ""101202"", ""sel_10th_pre_req_pre"": ""0"", ""sel_10th_pre_req"": ""2840"", ""sel_10th_pre_bid"": ""-2140000"", ""sel_9th_pre_req_pre"": ""0"", ""sel_9th_pre_req"": ""695"", ""sel_9th_pre_bid"": ""-2139000"", ""sel_8th_pre_req_pre"": ""0"", ""sel_8th_pre_req"": ""363"", ""sel_8th_pre_bid"": ""-2138000"", ""sel_7th_pre_req_pre"": ""+5"", ""sel_7th_pre_req"": ""513"", ""sel_7th_pre_bid"": ""-2137000"", ""sel_6th_pre_req_pre"": ""0"", ""sel_6th_pre_req"": ""871"", ""sel_6th_pre_bid"": ""-2136000"", ""sel_5th_pre_req_pre"": ""+43"", ""sel_5th_pre_req"": ""738"", ""sel_5th_pre_bid"": ""-2135000"", ""sel_4th_pre_req_pre"": ""0"", ""sel_4th_pre_req"": ""453"", ""sel_4th_pre_bid"": ""-2134000"", ""sel_3th_pre_req_pre"": ""0"", ""sel_3th_pre_req"": ""259"", ""sel_3th_pre_bid"": ""-2133000"", ""sel_2th_pre_req_pre"": ""--5"", ""sel_2th_pre_req"": ""465"", ""sel_2th_pre_bid"": ""-2132000"", ""sel_1th_pre_req_pre"": ""0"", ""sel_fpr_req"": ""172"", ""sel_fpr_bid"": ""-2131000"", ""buy_fpr_bid"": ""-2130000"", ""buy_fpr_req"": ""49"", ""buy_1th_pre_req_pre"": ""0"", ""buy_2th_pre_bid"": ""-2129000"", ""buy_2th_pre_req"": ""1989"", ""buy_2th_pre_req_pre"": ""0"", ""buy_3th_pre_bid"": ""-2128000"", ""buy_3th_pre_req"": ""314"", ""buy_3th_pre_req_pre"": ""0"", ""buy_4th_pre_bid"": ""-2127000"", ""buy_4th_pre_req"": ""133"", ""buy_4th_pre_req_pre"": ""0"", ""buy_5th_pre_bid"": ""-2126000"", ""buy_5th_pre_req"": ""9"", ""buy_5th_pre_req_pre"": ""--50"", ""buy_6th_pre_bid"": ""-2125000"", ""buy_6th_pre_req"": ""63"", ""buy_6th_pre_req_pre"": ""0"", ""buy_7th_pre_bid"": ""-2124000"", ""buy_7th_pre_req"": ""101"", ""buy_7th_pre_req_pre"": ""0"", ""buy_8th_pre_bid"": ""-2123000"", ""buy_8th_pre_req"": ""257"", ""buy_8th_pre_req_pre"": ""+50"", ""buy_9th_pre_bid"": ""-2122000"", ""buy_9th_pre_req"": ""174"", ""buy_9th_pre_req_pre"": ""0"", ""buy_10th_pre_bid"": ""-2121000"", ""buy_10th_pre_req"": ""191"", ""buy_10th_pre_req_pre"": ""0"", ""tot_sel_req_jub_pre"": ""+43"", ""tot_sel_req"": ""7369"", ""tot_buy_req"": ""3280"", ""tot_buy_req_jub_pre"": ""0"", ""ovt_sel_req_pre"": ""0"", ""ovt_sel_req"": ""0"", ""ovt_buy_req"": ""0"", ""ovt_buy_req_pre"": ""0"", ""return_code"": 0, ""return_msg"": ""정상적으로 처리되었습니다""}"
2026-06-10,scan_candidate,402340,,0,main_scan,1219000,,1219000,1218000,1219000,1221000,0.08203445447087777,0.08203445447087777,,,,,,"{""bid_req_base_tm"": ""101202"", ""sel_10th_pre_req_pre"": ""0"", ""sel_10th_pre_req"": ""64"", ""sel_10th_pre_bid"": ""-1228000"", ""sel_9th_pre_req_pre"": ""0"", ""sel_9th_pre_req"": ""144"", ""sel_9th_pre_bid"": ""-1227000"", ""sel_8th_pre_req_pre"": ""0"", ""sel_8th_pre_req"": ""43"", ""sel_8th_pre_bid"": ""-1226000"", ""sel_7th_pre_req_pre"": ""0"", ""sel_7th_pre_req"": ""225"", ""sel_7th_pre_bid"": ""-1225000"", ""sel_6th_pre_req_pre"": ""0"", ""sel_6th_pre_req"": ""49"", ""sel_6th_pre_bid"": ""-1224000"", ""sel_5th_pre_req_pre"": ""0"", ""sel_5th_pre_req"": ""62"", ""sel_5th_pre_bid"": ""-1223000"", ""sel_4th_pre_req_pre"": ""0"", ""sel_4th_pre_req"": ""16"", ""sel_4th_pre_bid"": ""-1222000"", ""sel_3th_pre_req_pre"": ""0"", ""sel_3th_pre_req"": ""26"", ""sel_3th_pre_bid"": ""-1221000"", ""sel_2th_pre_req_pre"": ""0"", ""sel_2th_pre_req"": ""128"", ""sel_2th_pre_bid"": ""-1220000"", ""sel_1th_pre_req_pre"": ""0"", ""sel_fpr_req"": ""107"", ""sel_fpr_bid"": ""-1219000"", ""buy_fpr_bid"": ""-1218000"", ""buy_fpr_req"": ""8"", ""buy_1th_pre_req_pre"": ""0"", ""buy_2th_pre_bid"": ""-1217000"", ""buy_2th_pre_req"": ""349"", ""buy_2th_pre_req_pre"": ""--219"", ""buy_3th_pre_bid"": ""-1216000"", ""buy_3th_pre_req"": ""507"", ""buy_3th_pre_req_pre"": ""0"", ""buy_4th_pre_bid"": ""-1215000"", ""buy_4th_pre_req"": ""168"", ""buy_4th_pre_req_pre"": ""0"", ""buy_5th_pre_bid"": ""-1214000"", ""buy_5th_pre_req"": ""15"", ""buy_5th_pre_req_pre"": ""0"", ""buy_6th_pre_bid"": ""-1211000"", ""buy_6th_pre_req"": ""17"", ""buy_6th_pre_req_pre"": ""0"", ""buy_7th_pre_bid"": ""-1210000"", ""buy_7th_pre_req"": ""46"", ""buy_7th_pre_req_pre"": ""0"", ""buy_8th_pre_bid"": ""-1209000"", ""buy_8th_pre_req"": ""5"", ""buy_8th_pre_req_pre"": ""0"", ""buy_9th_pre_bid"": ""-1208000"", ""buy_9th_pre_req"": ""18"", ""buy_9th_pre_req_pre"": ""0"", ""buy_10th_pre_bid"": ""-1207000"", ""buy_10th_pre_req"": ""38"", ""buy_10th_pre_req_pre"": ""0"", ""tot_sel_req_jub_pre"": ""--313"", ""tot_sel_req"": ""864"", ""tot_buy_req"": ""1171"", ""tot_buy_req_jub_pre"": ""--258"", ""ovt_sel_req_pre"": ""0"", ""ovt_sel_req"": ""0"", ""ovt_buy_req"": ""0"", ""ovt_buy_req_pre"": ""0"", ""return_code"": 0, ""return_msg"": ""정상적으로 처리되었습니다""}"
2026-06-10,scan_candidate,009150,,0,main_scan,1872000,,1872000,1871000,1872000,1874000,0.05341880341880342,0.05341880341880342,,,,,,"{""bid_req_base_tm"": ""101202"", ""sel_10th_pre_req_pre"": ""0"", ""sel_10th_pre_req"": ""141"", ""sel_10th_pre_bid"": ""-1881000"", ""sel_9th_pre_req_pre"": ""0"", ""sel_9th_pre_req"": ""100"", ""sel_9th_pre_bid"": ""-1880000"", ""sel_8th_pre_req_pre"": ""0"", ""sel_8th_pre_req"": ""35"", ""sel_8th_pre_bid"": ""-1879000"", ""sel_7th_pre_req_pre"": ""0"", ""sel_7th_pre_req"": ""34"", ""sel_7th_pre_bid"": ""-1878000"", ""sel_6th_pre_req_pre"": ""0"", ""sel_6th_pre_req"": ""76"", ""sel_6th_pre_bid"": ""-1877000"", ""sel_5th_pre_req_pre"": ""0"", ""sel_5th_pre_req"": ""124"", ""sel_5th_pre_bid"": ""-1876000"", ""sel_4th_pre_req_pre"": ""0"", ""sel_4th_pre_req"": ""9"", ""sel_4th_pre_bid"": ""-1875000"", ""sel_3th_pre_req_pre"": ""0"", ""sel_3th_pre_req"": ""10"", ""sel_3th_pre_bid"": ""-1874000"", ""sel_2th_pre_req_pre"": ""0"", ""sel_2th_pre_req"": ""13"", ""sel_2th_pre_bid"": ""-1873000"", ""sel_1th_pre_req_pre"": ""0"", ""sel_fpr_req"": ""65"", ""sel_fpr_bid"": ""-1872000"", ""buy_fpr_bid"": ""-1871000"", ""buy_fpr_req"": ""11"", ""buy_1th_pre_req_pre"": ""+6"", ""buy_2th_pre_bid"": ""-1870000"", ""buy_2th_pre_req"": ""92"", ""buy_2th_pre_req_pre"": ""0"", ""buy_3th_pre_bid"": ""-1869000"", ""buy_3th_pre_req"": ""119"", ""buy_3th_pre_req_pre"": ""0"", ""buy_4th_pre_bid"": ""-1868000"", ""buy_4th_pre_req"": ""331"", ""buy_4th_pre_req_pre"": ""0"", ""buy_5th_pre_bid"": ""-1867000"", ""buy_5th_pre_req"": ""254"", ""buy_5th_pre_req_pre"": ""0"", ""buy_6th_pre_bid"": ""-1866000"", ""buy_6th_pre_req"": ""16"", ""buy_6th_pre_req_pre"": ""0"", ""buy_7th_pre_bid"": ""-1865000"", ""buy_7th_pre_req"": ""371"", ""buy_7th_pre_req_pre"": ""0"", ""buy_8th_pre_bid"": ""-1864000"", ""buy_8th_pre_req"": ""45"", ""buy_8th_pre_req_pre"": ""0"", ""buy_9th_pre_bid"": ""-1863000"", ""buy_9th_pre_req"": ""96"", ""buy_9th_pre_req_pre"": ""0"", ""buy_10th_pre_bid"": ""-1862000"", ""buy_10th_pre_req"": ""367"", ""buy_10th_pre_req_pre"": ""0"", ""tot_sel_req_jub_pre"": ""0"", ""tot_sel_req"": ""607"", ""tot_buy_req"": ""1702"", ""tot_buy_req_jub_pre"": ""+6"", ""ovt_sel_req_pre"": ""0"", ""ovt_sel_req"": ""0"", ""ovt_buy_req"": ""0"", ""ovt_buy_req_pre"": ""0"", ""return_code"": 0, ""return_msg"": ""정상적으로 처리되었습니다""}"
2026-06-10,scan_candidate,032830,,0,main_scan,373000,,373000,372500,373000,372500,-0.2680965147453083,0.13404825737265416,,,,,,"{""bid_req_base_tm"": ""101203"", ""sel_10th_pre_req_pre"": ""0"", ""sel_10th_pre_req"": ""28"", ""sel_10th_pre_bid"": ""-377500"", ""sel_9th_pre_req_pre"": ""0"", ""sel_9th_pre_req"": ""39"", ""sel_9th_pre_bid"": ""-377000"", ""sel_8th_pre_req_pre"": ""0"", ""sel_8th_pre_req"": ""139"", ""sel_8th_pre_bid"": ""-376500"", ""sel_7th_pre_req_pre"": ""0"", ""sel_7th_pre_req"": ""26"", ""sel_7th_pre_bid"": ""-376000"", ""sel_6th_pre_req_pre"": ""0"", ""sel_6th_pre_req"": ""5"", ""sel_6th_pre_bid"": ""-375500"", ""sel_5th_pre_req_pre"": ""0"", ""sel_5th_pre_req"": ""27"", ""sel_5th_pre_bid"": ""-375000"", ""sel_4th_pre_req_pre"": ""0"", ""sel_4th_pre_req"": ""13"", ""sel_4th_pre_bid"": ""-374500"", ""sel_3th_pre_req_pre"": ""0"", ""sel_3th_pre_req"": ""222"", ""sel_3th_pre_bid"": ""-374000"", ""sel_2th_pre_req_pre"": ""0"", ""sel_2th_pre_req"": ""400"", ""sel_2th_pre_bid"": ""-373500"", ""sel_1th_pre_req_pre"": ""0"", ""sel_fpr_req"": ""443"", ""sel_fpr_bid"": ""-373000"", ""buy_fpr_bid"": ""-372500"", ""buy_fpr_req"": ""170"", ""buy_1th_pre_req_pre"": ""+127"", ""buy_2th_pre_bid"": ""-372000"", ""buy_2th_pre_req"": ""146"", ""buy_2th_pre_req_pre"": ""0"", ""buy_3th_pre_bid"": ""-371500"", ""buy_3th_pre_req"": ""107"", ""buy_3th_pre_req_pre"": ""0"", ""buy_4th_pre_bid"": ""-371000"", ""buy_4th_pre_req"": ""97"", ""buy_4th_pre_req_pre"": ""0"", ""buy_5th_pre_bid"": ""-370500"", ""buy_5th_pre_req"": ""26"", ""buy_5th_pre_req_pre"": ""0"", ""buy_6th_pre_bid"": ""-370000"", ""buy_6th_pre_req"": ""99"", ""buy_6th_pre_req_pre"": ""0"", ""buy_7th_pre_bid"": ""-369500"", ""buy_7th_pre_req"": ""16"", ""buy_7th_pre_req_pre"": ""0"", ""buy_8th_pre_bid"": ""-369000"", ""buy_8th_pre_req"": ""53"", ""buy_8th_pre_req_pre"": ""0"", ""buy_9th_pre_bid"": ""-368500"", ""buy_9th_pre_req"": ""115"", ""buy_9th_pre_req_pre"": ""0"", ""buy_10th_pre_bid"": ""-368000"", ""buy_10th_pre_req"": ""521"", ""buy_10th_pre_req_pre"": ""0"", ""tot_sel_req_jub_pre"": ""0"", ""tot_sel_req"": ""1342"", ""tot_buy_req"": ""1350"", ""tot_buy_req_jub_pre"": ""+127"", ""ovt_sel_req_pre"": ""0"", ""ovt_sel_req"": ""0"", ""ovt_buy_req"": ""0"", ""ovt_buy_req_pre"": ""0"", ""return_code"": 0, ""return_msg"": ""정상적으로 처리되었습니다""}"
2026-06-10,scan_candidate,012330,,0,main_scan,579000,,579000,578000,579000,581000,0.17271157167530224,0.17271157167530224,,,,,,"{""bid_req_base_tm"": ""101203"", ""sel_10th_pre_req_pre"": ""0"", ""sel_10th_pre_req"": ""265"", ""sel_10th_pre_bid"": ""-588000"", ""sel_9th_pre_req_pre"": ""0"", ""sel_9th_pre_req"": ""49"", ""sel_9th_pre_bid"": ""-587000"", ""sel_8th_pre_req_pre"": ""0"", ""sel_8th_pre_req"": ""223"", ""sel_8th_pre_bid"": ""-586000"", ""sel_7th_pre_req_pre"": ""0"", ""sel_7th_pre_req"": ""295"", ""sel_7th_pre_bid"": ""-585000"", ""sel_6th_pre_req_pre"": ""0"", ""sel_6th_pre_req"": ""58"", ""sel_6th_pre_bid"": ""-584000"", ""sel_5th_pre_req_pre"": ""0"", ""sel_5th_pre_req"": ""77"", ""sel_5th_pre_bid"": ""-583000"", ""sel_4th_pre_req_pre"": ""0"", ""sel_4th_pre_req"": ""211"", ""sel_4th_pre_bid"": ""-582000"", ""sel_3th_pre_req_pre"": ""0"", ""sel_3th_pre_req"": ""351"", ""sel_3th_pre_bid"": ""-581000"", ""sel_2th_pre_req_pre"": ""0"", ""sel_2th_pre_req"": ""197"", ""sel_2th_pre_bid"": ""-580000"", ""sel_1th_pre_req_pre"": ""0"", ""sel_fpr_req"": ""447"", ""sel_fpr_bid"": ""-579000"", ""buy_fpr_bid"": ""-578000"", ""buy_fpr_req"": ""275"", ""buy_1th_pre_req_pre"": ""--187"", ""buy_2th_pre_bid"": ""-577000"", ""buy_2th_pre_req"": ""718"", ""buy_2th_pre_req_pre"": ""+30"", ""buy_3th_pre_bid"": ""-576000"", ""buy_3th_pre_req"": ""986"", ""buy_3th_pre_req_pre"": ""+151"", ""buy_4th_pre_bid"": ""-575000"", ""buy_4th_pre_req"": ""1130"", ""buy_4th_pre_req_pre"": ""+99"", ""buy_5th_pre_bid"": ""-574000"", ""buy_5th_pre_req"": ""575"", ""buy_5th_pre_req_pre"": ""0"", ""buy_6th_pre_bid"": ""-573000"", ""buy_6th_pre_req"": ""984"", ""buy_6th_pre_req_pre"": ""0"", ""buy_7th_pre_bid"": ""-572000"", ""buy_7th_pre_req"": ""1458"", ""buy_7th_pre_req_pre"": ""0"", ""buy_8th_pre_bid"": ""-571000"", ""buy_8th_pre_req"": ""1754"", ""buy_8th_pre_req_pre"": ""0"", ""buy_9th_pre_bid"": ""-570000"", ""buy_9th_pre_req"": ""4212"", ""buy_9th_pre_req_pre"": ""0"", ""buy_10th_pre_bid"": ""-569000"", ""buy_10th_pre_req"": ""2514"", ""buy_10th_pre_req_pre"": ""+1"", ""tot_sel_req_jub_pre"": ""0"", ""tot_sel_req"": ""2173"", ""tot_buy_req"": ""14606"", ""tot_buy_req_jub_pre"": ""+94"", ""ovt_sel_req_pre"": ""0"", ""ovt_sel_req"": ""0"", ""ovt_buy_req"": ""0"", ""ovt_buy_req_pre"": ""0"", ""return_code"": 0, ""return_msg"": ""정상적으로 처리되었습니다""}"
2026-06-10,scan_candidate,055550,,0,main_scan,99900,,99900,99800,99900,99600,-0.40040040040040037,0.10010010010010009,,,,,,"{""bid_req_base_tm"": ""101203"", ""sel_10th_pre_req_pre"": ""0"", ""sel_10th_pre_req"": ""1032"", ""sel_10th_pre_bid"": ""-100800"", ""sel_9th_pre_req_pre"": ""0"", ""sel_9th_pre_req"": ""65"", ""sel_9th_pre_bid"": ""-100700"", ""sel_8th_pre_req_pre"": ""0"", ""sel_8th_pre_req"": ""685"", ""sel_8th_pre_bid"": ""-100600"", ""sel_7th_pre_req_pre"": ""0"", ""sel_7th_pre_req"": ""1601"", ""sel_7th_pre_bid"": ""-100500"", ""sel_6th_pre_req_pre"": ""0"", ""sel_6th_pre_req"": ""684"", ""sel_6th_pre_bid"": ""-100400"", ""sel_5th_pre_req_pre"": ""0"", ""sel_5th_pre_req"": ""206"", ""sel_5th_pre_bid"": ""-100300"", ""sel_4th_pre_req_pre"": ""0"", ""sel_4th_pre_req"": ""70"", ""sel_4th_pre_bid"": ""-100200"", ""sel_3th_pre_req_pre"": ""0"", ""sel_3th_pre_req"": ""64"", ""sel_3th_pre_bid"": ""-100100"", ""sel_2th_pre_req_pre"": ""0"", ""sel_2th_pre_req"": ""1168"", ""sel_2th_pre_bid"": ""-100000"", ""sel_1th_pre_req_pre"": ""0"", ""sel_fpr_req"": ""460"", ""sel_fpr_bid"": ""-99900"", ""buy_fpr_bid"": ""-99800"", ""buy_fpr_req"": ""104"", ""buy_1th_pre_req_pre"": ""+57"", ""buy_2th_pre_bid"": ""-99700"", ""buy_2th_pre_req"": ""317"", ""buy_2th_pre_req_pre"": ""--53"", ""buy_3th_pre_bid"": ""-99600"", ""buy_3th_pre_req"": ""470"", ""buy_3th_pre_req_pre"": ""0"", ""buy_4th_pre_bid"": ""-99500"", ""buy_4th_pre_req"": ""623"", ""buy_4th_pre_req_pre"": ""0"", ""buy_5th_pre_bid"": ""-99400"", ""buy_5th_pre_req"": ""160"", ""buy_5th_pre_req_pre"": ""0"", ""buy_6th_pre_bid"": ""-99300"", ""buy_6th_pre_req"": ""100"", ""buy_6th_pre_req_pre"": ""0"", ""buy_7th_pre_bid"": ""-99200"", ""buy_7th_pre_req"": ""20"", ""buy_7th_pre_req_pre"": ""0"", ""buy_8th_pre_bid"": ""-99100"", ""buy_8th_pre_req"": ""98"", ""buy_8th_pre_req_pre"": ""0"", ""buy_9th_pre_bid"": ""-99000"", ""buy_9th_pre_req"": ""97"", ""buy_9th_pre_req_pre"": ""0"", ""buy_10th_pre_bid"": ""-98900"", ""buy_10th_pre_req"": ""117"", ""buy_10th_pre_req_pre"": ""0"", ""tot_sel_req_jub_pre"": ""0"", ""tot_sel_req"": ""6035"", ""tot_buy_req"": ""2106"", ""tot_buy_req_jub_pre"": ""+4"", ""ovt_sel_req_pre"": ""0"", ""ovt_sel_req"": ""0"", ""ovt_buy_req"": ""0"", ""ovt_buy_req_pre"": ""0"", ""return_code"": 0, ""return_msg"": ""정상적으로 처리되었습니다""}"
2026-06-10,scan_candidate,034730,,0,main_scan,586000,,586000,585000,586000,585000,-0.3412969283276451,0.17064846416382254,,,,,,"{""bid_req_base_tm"": ""101203"", ""sel_10th_pre_req_pre"": ""0"", ""sel_10th_pre_req"": ""142"", ""sel_10th_pre_bid"": ""+596000"", ""sel_9th_pre_req_pre"": ""0"", ""sel_9th_pre_req"": ""287"", ""sel_9th_pre_bid"": ""+595000"", ""sel_8th_pre_req_pre"": ""0"", ""sel_8th_pre_req"": ""293"", ""sel_8th_pre_bid"": ""594000"", ""sel_7th_pre_req_pre"": ""0"", ""sel_7th_pre_req"": ""182"", ""sel_7th_pre_bid"": ""-593000"", ""sel_6th_pre_req_pre"": ""0"", ""sel_6th_pre_req"": ""261"", ""sel_6th_pre_bid"": ""-592000"", ""sel_5th_pre_req_pre"": ""0"", ""sel_5th_pre_req"": ""31"", ""sel_5th_pre_bid"": ""-591000"", ""sel_4th_pre_req_pre"": ""0"", ""sel_4th_pre_req"": ""18"", ""sel_4th_pre_bid"": ""-590000"", ""sel_3th_pre_req_pre"": ""0"", ""sel_3th_pre_req"": ""12"", ""sel_3th_pre_bid"": ""-589000"", ""sel_2th_pre_req_pre"": ""0"", ""sel_2th_pre_req"": ""22"", ""sel_2th_pre_bid"": ""-588000"", ""sel_1th_pre_req_pre"": ""+40"", ""sel_fpr_req"": ""130"", ""sel_fpr_bid"": ""-586000"", ""buy_fpr_bid"": ""-585000"", ""buy_fpr_req"": ""175"", ""buy_1th_pre_req_pre"": ""+109"", ""buy_2th_pre_bid"": ""-584000"", ""buy_2th_pre_req"": ""137"", ""buy_2th_pre_req_pre"": ""--15"", ""buy_3th_pre_bid"": ""-583000"", ""buy_3th_pre_req"": ""137"", ""buy_3th_pre_req_pre"": ""--2"", ""buy_4th_pre_bid"": ""-582000"", ""buy_4th_pre_req"": ""83"", ""buy_4th_pre_req_pre"": ""0"", ""buy_5th_pre_bid"": ""-581000"", ""buy_5th_pre_req"": ""110"", ""buy_5th_pre_req_pre"": ""0"", ""buy_6th_pre_bid"": ""-580000"", ""buy_6th_pre_req"": ""195"", ""buy_6th_pre_req_pre"": ""0"", ""buy_7th_pre_bid"": ""-579000"", ""buy_7th_pre_req"": ""13"", ""buy_7th_pre_req_pre"": ""0"", ""buy_8th_pre_bid"": ""-578000"", ""buy_8th_pre_req"": ""112"", ""buy_8th_pre_req_pre"": ""0"", ""buy_9th_pre_bid"": ""-577000"", ""buy_9th_pre_req"": ""30"", ""buy_9th_pre_req_pre"": ""0"", ""buy_10th_pre_bid"": ""-576000"", ""buy_10th_pre_req"": ""38"", ""buy_10th_pre_req_pre"": ""0"", ""tot_sel_req_jub_pre"": ""+40"", ""tot_sel_req"": ""1378"", ""tot_buy_req"": ""1030"", ""tot_buy_req_jub_pre"": ""+92"", ""ovt_sel_req_pre"": ""0"", ""ovt_sel_req"": ""0"", ""ovt_buy_req"": ""0"", ""ovt_buy_req_pre"": ""0"", ""return_code"": 0, ""return_msg"": ""정상적으로 처리되었습니다""}"
2026-06-10,scan_candidate,066570,,0,main_scan,232000,,232000,231500,232000,233500,0.43103448275862066,0.21551724137931033,,,,,,"{""bid_req_base_tm"": ""101203"", ""sel_10th_pre_req_pre"": ""0"", ""sel_10th_pre_req"": ""1271"", ""sel_10th_pre_bid"": ""-236500"", ""sel_9th_pre_req_pre"": ""0"", ""sel_9th_pre_req"": ""2921"", ""sel_9th_pre_bid"": ""-236000"", ""sel_8th_pre_req_pre"": ""0"", ""sel_8th_pre_req"": ""2155"", ""sel_8th_pre_bid"": ""-235500"", ""sel_7th_pre_req_pre"": ""0"", ""sel_7th_pre_req"": ""2862"", ""sel_7th_pre_bid"": ""-235000"", ""sel_6th_pre_req_pre"": ""0"", ""sel_6th_pre_req"": ""865"", ""sel_6th_pre_bid"": ""-234500"", ""sel_5th_pre_req_pre"": ""0"", ""sel_5th_pre_req"": ""971"", ""sel_5th_pre_bid"": ""-234000"", ""sel_4th_pre_req_pre"": ""0"", ""sel_4th_pre_req"": ""1481"", ""sel_4th_pre_bid"": ""-233500"", ""sel_3th_pre_req_pre"": ""0"", ""sel_3th_pre_req"": ""2351"", ""sel_3th_pre_bid"": ""-233000"", ""sel_2th_pre_req_pre"": ""0"", ""sel_2th_pre_req"": ""3969"", ""sel_2th_pre_bid"": ""-232500"", ""sel_1th_pre_req_pre"": ""+3"", ""sel_fpr_req"": ""1640"", ""sel_fpr_bid"": ""-232000"", ""buy_fpr_bid"": ""-231500"", ""buy_fpr_req"": ""495"", ""buy_1th_pre_req_pre"": ""--50"", ""buy_2th_pre_bid"": ""-231000"", ""buy_2th_pre_req"": ""9004"", ""buy_2th_pre_req_pre"": ""0"", ""buy_3th_pre_bid"": ""-230500"", ""buy_3th_pre_req"": ""11359"", ""buy_3th_pre_req_pre"": ""0"", ""buy_4th_pre_bid"": ""-230000"", ""buy_4th_pre_req"": ""35960"", ""buy_4th_pre_req_pre"": ""0"", ""buy_5th_pre_bid"": ""-229500"", ""buy_5th_pre_req"": ""4929"", ""buy_5th_pre_req_pre"": ""0"", ""buy_6th_pre_bid"": ""-229000"", ""buy_6th_pre_req"": ""7872"", ""buy_6th_pre_req_pre"": ""0"", ""buy_7th_pre_bid"": ""-228500"", ""buy_7th_pre_req"": ""7371"", ""buy_7th_pre_req_pre"": ""0"", ""buy_8th_pre_bid"": ""-228000"", ""buy_8th_pre_req"": ""13082"", ""buy_8th_pre_req_pre"": ""0"", ""buy_9th_pre_bid"": ""-227500"", ""buy_9th_pre_req"": ""5168"", ""buy_9th_pre_req_pre"": ""0"", ""buy_10th_pre_bid"": ""-227000"", ""buy_10th_pre_req"": ""6353"", ""buy_10th_pre_req_pre"": ""0"", ""tot_sel_req_jub_pre"": ""+3"", ""tot_sel_req"": ""20486"", ""tot_buy_req"": ""101593"", ""tot_buy_req_jub_pre"": ""--50"", ""ovt_sel_req_pre"": ""0"", ""ovt_sel_req"": ""0"", ""ovt_buy_req"": ""0"", ""ovt_buy_req_pre"": ""0"", ""return_code"": 0, ""return_msg"": ""정상적으로 처리되었습니다""}"
2026-06-10,scan_candidate,035420,,0,main_scan,236500,,236500,236000,236500,238000,0.42283298097251587,0.21141649048625794,,,,,,"{""bid_req_base_tm"": ""101204"", ""sel_10th_pre_req_pre"": ""0"", ""sel_10th_pre_req"": ""2618"", ""sel_10th_pre_bid"": ""-241000"", ""sel_9th_pre_req_pre"": ""0"", ""sel_9th_pre_req"": ""2073"", ""sel_9th_pre_bid"": ""-240500"", ""sel_8th_pre_req_pre"": ""0"", ""sel_8th_pre_req"": ""3617"", ""sel_8th_pre_bid"": ""-240000"", ""sel_7th_pre_req_pre"": ""0"", ""sel_7th_pre_req"": ""2411"", ""sel_7th_pre_bid"": ""-239500"", ""sel_6th_pre_req_pre"": ""0"", ""sel_6th_pre_req"": ""2280"", ""sel_6th_pre_bid"": ""-239000"", ""sel_5th_pre_req_pre"": ""0"", ""sel_5th_pre_req"": ""3147"", ""sel_5th_pre_bid"": ""-238500"", ""sel_4th_pre_req_pre"": ""0"", ""sel_4th_pre_req"": ""2861"", ""sel_4th_pre_bid"": ""-238000"", ""sel_3th_pre_req_pre"": ""0"", ""sel_3th_pre_req"": ""3964"", ""sel_3th_pre_bid"": ""-237500"", ""sel_2th_pre_req_pre"": ""0"", ""sel_2th_pre_req"": ""2918"", ""sel_2th_pre_bid"": ""-237000"", ""sel_1th_pre_req_pre"": ""0"", ""sel_fpr_req"": ""6080"", ""sel_fpr_bid"": ""-236500"", ""buy_fpr_bid"": ""-236000"", ""buy_fpr_req"": ""1633"", ""buy_1th_pre_req_pre"": ""--2"", ""buy_2th_pre_bid"": ""-235500"", ""buy_2th_pre_req"": ""11235"", ""buy_2th_pre_req_pre"": ""0"", ""buy_3th_pre_bid"": ""-235000"", ""buy_3th_pre_req"": ""23093"", ""buy_3th_pre_req_pre"": ""0"", ""buy_4th_pre_bid"": ""-234500"", ""buy_4th_pre_req"": ""53915"", ""buy_4th_pre_req_pre"": ""0"", ""buy_5th_pre_bid"": ""-234000"", ""buy_5th_pre_req"": ""6909"", ""buy_5th_pre_req_pre"": ""0"", ""buy_6th_pre_bid"": ""-233500"", ""buy_6th_pre_req"": ""6250"", ""buy_6th_pre_req_pre"": ""0"", ""buy_7th_pre_bid"": ""-233000"", ""buy_7th_pre_req"": ""7548"", ""buy_7th_pre_req_pre"": ""0"", ""buy_8th_pre_bid"": ""-232500"", ""buy_8th_pre_req"": ""5991"", ""buy_8th_pre_req_pre"": ""0"", ""buy_9th_pre_bid"": ""-232000"", ""buy_9th_pre_req"": ""10292"", ""buy_9th_pre_req_pre"": ""0"", ""buy_10th_pre_bid"": ""-231500"", ""buy_10th_pre_req"": ""7438"", ""buy_10th_pre_req_pre"": ""0"", ""tot_sel_req_jub_pre"": ""0"", ""tot_sel_req"": ""31969"", ""tot_buy_req"": ""134304"", ""tot_buy_req_jub_pre"": ""--2"", ""ovt_sel_req_pre"": ""0"", ""ovt_sel_req"": ""0"", ""ovt_buy_req"": ""0"", ""ovt_buy_req_pre"": ""0"", ""return_code"": 0, ""return_msg"": ""정상적으로 처리되었습니다""}"
2026-06-10,scan_candidate,267260,,0,main_scan,1022000,,1022000,1021000,1022000,1017000,-0.5870841487279843,0.09784735812133072,,,,,,"{""bid_req_base_tm"": ""101204"", ""sel_10th_pre_req_pre"": ""0"", ""sel_10th_pre_req"": ""94"", ""sel_10th_pre_bid"": ""+1031000"", ""sel_9th_pre_req_pre"": ""0"", ""sel_9th_pre_req"": ""295"", ""sel_9th_pre_bid"": ""+1030000"", ""sel_8th_pre_req_pre"": ""0"", ""sel_8th_pre_req"": ""58"", ""sel_8th_pre_bid"": ""+1029000"", ""sel_7th_pre_req_pre"": ""0"", ""sel_7th_pre_req"": ""14"", ""sel_7th_pre_bid"": ""+1028000"", ""sel_6th_pre_req_pre"": ""0"", ""sel_6th_pre_req"": ""6"", ""sel_6th_pre_bid"": ""+1027000"", ""sel_5th_pre_req_pre"": ""0"", ""sel_5th_pre_req"": ""7"", ""sel_5th_pre_bid"": ""+1026000"", ""sel_4th_pre_req_pre"": ""0"", ""sel_4th_pre_req"": ""49"", ""sel_4th_pre_bid"": ""+1025000"", ""sel_3th_pre_req_pre"": ""0"", ""sel_3th_pre_req"": ""178"", ""sel_3th_pre_bid"": ""+1024000"", ""sel_2th_pre_req_pre"": ""--1"", ""sel_2th_pre_req"": ""205"", ""sel_2th_pre_bid"": ""+1023000"", ""sel_1th_pre_req_pre"": ""0"", ""sel_fpr_req"": ""36"", ""sel_fpr_bid"": ""+1022000"", ""buy_fpr_bid"": ""+1021000"", ""buy_fpr_req"": ""8"", ""buy_1th_pre_req_pre"": ""0"", ""buy_2th_pre_bid"": ""+1020000"", ""buy_2th_pre_req"": ""18"", ""buy_2th_pre_req_pre"": ""0"", ""buy_3th_pre_bid"": ""+1019000"", ""buy_3th_pre_req"": ""138"", ""buy_3th_pre_req_pre"": ""0"", ""buy_4th_pre_bid"": ""+1018000"", ""buy_4th_pre_req"": ""13"", ""buy_4th_pre_req_pre"": ""0"", ""buy_5th_pre_bid"": ""+1017000"", ""buy_5th_pre_req"": ""12"", ""buy_5th_pre_req_pre"": ""0"", ""buy_6th_pre_bid"": ""+1016000"", ""buy_6th_pre_req"": ""16"", ""buy_6th_pre_req_pre"": ""0"", ""buy_7th_pre_bid"": ""+1015000"", ""buy_7th_pre_req"": ""15"", ""buy_7th_pre_req_pre"": ""0"", ""buy_8th_pre_bid"": ""+1014000"", ""buy_8th_pre_req"": ""6"", ""buy_8th_pre_req_pre"": ""0"", ""buy_9th_pre_bid"": ""+1013000"", ""buy_9th_pre_req"": ""4"", ""buy_9th_pre_req_pre"": ""+1"", ""buy_10th_pre_bid"": ""+1012000"", ""buy_10th_pre_req"": ""2"", ""buy_10th_pre_req_pre"": ""0"", ""tot_sel_req_jub_pre"": ""--1"", ""tot_sel_req"": ""942"", ""tot_buy_req"": ""232"", ""tot_buy_req_jub_pre"": ""+1"", ""ovt_sel_req_pre"": ""0"", ""ovt_sel_req"": ""0"", ""ovt_buy_req"": ""0"", ""ovt_buy_req_pre"": ""0"", ""return_code"": 0, ""return_msg"": ""정상적으로 처리되었습니다""}"
2026-06-10,scan_candidate,086790,,0,main_scan,119800,,119800,119700,119800,119500,-0.667779632721202,0.08347245409015025,,,,,,"{""bid_req_base_tm"": ""101204"", ""sel_10th_pre_req_pre"": ""0"", ""sel_10th_pre_req"": ""8"", ""sel_10th_pre_bid"": ""+120700"", ""sel_9th_pre_req_pre"": ""0"", ""sel_9th_pre_req"": ""1528"", ""sel_9th_pre_bid"": ""+120600"", ""sel_8th_pre_req_pre"": ""0"", ""sel_8th_pre_req"": ""746"", ""sel_8th_pre_bid"": ""+120500"", ""sel_7th_pre_req_pre"": ""0"", ""sel_7th_pre_req"": ""1147"", ""sel_7th_pre_bid"": ""+120400"", ""sel_6th_pre_req_pre"": ""0"", ""sel_6th_pre_req"": ""416"", ""sel_6th_pre_bid"": ""+120300"", ""sel_5th_pre_req_pre"": ""0"", ""sel_5th_pre_req"": ""210"", ""sel_5th_pre_bid"": ""+120200"", ""sel_4th_pre_req_pre"": ""0"", ""sel_4th_pre_req"": ""124"", ""sel_4th_pre_bid"": ""+120100"", ""sel_3th_pre_req_pre"": ""0"", ""sel_3th_pre_req"": ""388"", ""sel_3th_pre_bid"": ""+120000"", ""sel_2th_pre_req_pre"": ""0"", ""sel_2th_pre_req"": ""300"", ""sel_2th_pre_bid"": ""+119900"", ""sel_1th_pre_req_pre"": ""0"", ""sel_fpr_req"": ""175"", ""sel_fpr_bid"": ""+119800"", ""buy_fpr_bid"": ""+119700"", ""buy_fpr_req"": ""88"", ""buy_1th_pre_req_pre"": ""0"", ""buy_2th_pre_bid"": ""+119600"", ""buy_2th_pre_req"": ""257"", ""buy_2th_pre_req_pre"": ""--196"", ""buy_3th_pre_bid"": ""+119500"", ""buy_3th_pre_req"": ""1256"", ""buy_3th_pre_req_pre"": ""+196"", ""buy_4th_pre_bid"": ""+119400"", ""buy_4th_pre_req"": ""291"", ""buy_4th_pre_req_pre"": ""0"", ""buy_5th_pre_bid"": ""+119300"", ""buy_5th_pre_req"": ""13"", ""buy_5th_pre_req_pre"": ""0"", ""buy_6th_pre_bid"": ""+119200"", ""buy_6th_pre_req"": ""66"", ""buy_6th_pre_req_pre"": ""0"", ""buy_7th_pre_bid"": ""+119100"", ""buy_7th_pre_req"": ""21"", ""buy_7th_pre_req_pre"": ""0"", ""buy_8th_pre_bid"": ""119000"", ""buy_8th_pre_req"": ""546"", ""buy_8th_pre_req_pre"": ""0"", ""buy_9th_pre_bid"": ""-118900"", ""buy_9th_pre_req"": ""10"", ""buy_9th_pre_req_pre"": ""0"", ""buy_10th_pre_bid"": ""-118800"", ""buy_10th_pre_req"": ""66"", ""buy_10th_pre_req_pre"": ""0"", ""tot_sel_req_jub_pre"": ""0"", ""tot_sel_req"": ""5042"", ""tot_buy_req"": ""2614"", ""tot_buy_req_jub_pre"": ""0"", ""ovt_sel_req_pre"": ""0"", ""ovt_sel_req"": ""0"", ""ovt_buy_req"": ""0"", ""ovt_buy_req_pre"": ""0"", ""return_code"": 0, ""return_msg"": ""정상적으로 처리되었습니다""}"
2026-06-10,scan_candidate,298040,,0,main_scan,3569000,,3569000,3566000,3569000,3563000,-0.1961333706920706,0.08405715886803025,,,,,,"{""bid_req_base_tm"": ""101204"", ""sel_10th_pre_req_pre"": ""0"", ""sel_10th_pre_req"": ""5"", ""sel_10th_pre_bid"": ""+3578000"", ""sel_9th_pre_req_pre"": ""0"", ""sel_9th_pre_req"": ""4"", ""sel_9th_pre_bid"": ""+3577000"", ""sel_8th_pre_req_pre"": ""0"", ""sel_8th_pre_req"": ""4"", ""sel_8th_pre_bid"": ""+3576000"", ""sel_7th_pre_req_pre"": ""0"", ""sel_7th_pre_req"": ""14"", ""sel_7th_pre_bid"": ""+3575000"", ""sel_6th_pre_req_pre"": ""0"", ""sel_6th_pre_req"": ""2"", ""sel_6th_pre_bid"": ""+3574000"", ""sel_5th_pre_req_pre"": ""0"", ""sel_5th_pre_req"": ""5"", ""sel_5th_pre_bid"": ""+3573000"", ""sel_4th_pre_req_pre"": ""--1"", ""sel_4th_pre_req"": ""5"", ""sel_4th_pre_bid"": ""+3572000"", ""sel_3th_pre_req_pre"": ""0"", ""sel_3th_pre_req"": ""14"", ""sel_3th_pre_bid"": ""+3571000"", ""sel_2th_pre_req_pre"": ""0"", ""sel_2th_pre_req"": ""34"", ""sel_2th_pre_bid"": ""+3570000"", ""sel_1th_pre_req_pre"": ""0"", ""sel_fpr_req"": ""8"", ""sel_fpr_bid"": ""+3569000"", ""buy_fpr_bid"": ""+3566000"", ""buy_fpr_req"": ""4"", ""buy_1th_pre_req_pre"": ""0"", ""buy_2th_pre_bid"": ""+3565000"", ""buy_2th_pre_req"": ""5"", ""buy_2th_pre_req_pre"": ""0"", ""buy_3th_pre_bid"": ""+3563000"", ""buy_3th_pre_req"": ""8"", ""buy_3th_pre_req_pre"": ""0"", ""buy_4th_pre_bid"": ""+3562000"", ""buy_4th_pre_req"": ""1"", ""buy_4th_pre_req_pre"": ""0"", ""buy_5th_pre_bid"": ""+3561000"", ""buy_5th_pre_req"": ""1"", ""buy_5th_pre_req_pre"": ""0"", ""buy_6th_pre_bid"": ""+3560000"", ""buy_6th_pre_req"": ""13"", ""buy_6th_pre_req_pre"": ""0"", ""buy_7th_pre_bid"": ""+3559000"", ""buy_7th_pre_req"": ""2"", ""buy_7th_pre_req_pre"": ""0"", ""buy_8th_pre_bid"": ""+3558000"", ""buy_8th_pre_req"": ""5"", ""buy_8th_pre_req_pre"": ""0"", ""buy_9th_pre_bid"": ""+3557000"", ""buy_9th_pre_req"": ""11"", ""buy_9th_pre_req_pre"": ""0"", ""buy_10th_pre_bid"": ""+3556000"", ""buy_10th_pre_req"": ""1"", ""buy_10th_pre_req_pre"": ""0"", ""tot_sel_req_jub_pre"": ""--1"", ""tot_sel_req"": ""95"", ""tot_buy_req"": ""51"", ""tot_buy_req_jub_pre"": ""0"", ""ovt_sel_req_pre"": ""0"", ""ovt_sel_req"": ""0"", ""ovt_buy_req"": ""0"", ""ovt_buy_req_pre"": ""0"", ""return_code"": 0, ""return_msg"": ""정상적으로 처리되었습니다""}"
2026-06-10,scan_candidate,000810,,0,main_scan,618000,,618000,617000,618000,619000,0.0,0.16181229773462785,,,,,,"{""bid_req_base_tm"": ""101204"", ""sel_10th_pre_req_pre"": ""0"", ""sel_10th_pre_req"": ""6"", ""sel_10th_pre_bid"": ""-627000"", ""sel_9th_pre_req_pre"": ""0"", ""sel_9th_pre_req"": ""18"", ""sel_9th_pre_bid"": ""-626000"", ""sel_8th_pre_req_pre"": ""0"", ""sel_8th_pre_req"": ""6"", ""sel_8th_pre_bid"": ""-625000"", ""sel_7th_pre_req_pre"": ""0"", ""sel_7th_pre_req"": ""11"", ""sel_7th_pre_bid"": ""-624000"", ""sel_6th_pre_req_pre"": ""0"", ""sel_6th_pre_req"": ""263"", ""sel_6th_pre_bid"": ""-623000"", ""sel_5th_pre_req_pre"": ""0"", ""sel_5th_pre_req"": ""11"", ""sel_5th_pre_bid"": ""-622000"", ""sel_4th_pre_req_pre"": ""0"", ""sel_4th_pre_req"": ""6"", ""sel_4th_pre_bid"": ""-621000"", ""sel_3th_pre_req_pre"": ""0"", ""sel_3th_pre_req"": ""6"", ""sel_3th_pre_bid"": ""-620000"", ""sel_2th_pre_req_pre"": ""--1"", ""sel_2th_pre_req"": ""16"", ""sel_2th_pre_bid"": ""-619000"", ""sel_1th_pre_req_pre"": ""+3"", ""sel_fpr_req"": ""53"", ""sel_fpr_bid"": ""-618000"", ""buy_fpr_bid"": ""-617000"", ""buy_fpr_req"": ""49"", ""buy_1th_pre_req_pre"": ""0"", ""buy_2th_pre_bid"": ""-616000"", ""buy_2th_pre_req"": ""206"", ""buy_2th_pre_req_pre"": ""0"", ""buy_3th_pre_bid"": ""-615000"", ""buy_3th_pre_req"": ""86"", ""buy_3th_pre_req_pre"": ""0"", ""buy_4th_pre_bid"": ""-614000"", ""buy_4th_pre_req"": ""3"", ""buy_4th_pre_req_pre"": ""0"", ""buy_5th_pre_bid"": ""-613000"", ""buy_5th_pre_req"": ""19"", ""buy_5th_pre_req_pre"": ""0"", ""buy_6th_pre_bid"": ""-612000"", ""buy_6th_pre_req"": ""15"", ""buy_6th_pre_req_pre"": ""0"", ""buy_7th_pre_bid"": ""-611000"", ""buy_7th_pre_req"": ""27"", ""buy_7th_pre_req_pre"": ""0"", ""buy_8th_pre_bid"": ""-610000"", ""buy_8th_pre_req"": ""70"", ""buy_8th_pre_req_pre"": ""0"", ""buy_9th_pre_bid"": ""-609000"", ""buy_9th_pre_req"": ""18"", ""buy_9th_pre_req_pre"": ""0"", ""buy_10th_pre_bid"": ""-608000"", ""buy_10th_pre_req"": ""40"", ""buy_10th_pre_req_pre"": ""0"", ""tot_sel_req_jub_pre"": ""+2"", ""tot_sel_req"": ""396"", ""tot_buy_req"": ""533"", ""tot_buy_req_jub_pre"": ""0"", ""ovt_sel_req_pre"": ""0"", ""ovt_sel_req"": ""0"", ""ovt_buy_req"": ""0"", ""ovt_buy_req_pre"": ""0"", ""return_code"": 0, ""return_msg"": ""정상적으로 처리되었습니다""}"
2026-06-10,scan_candidate,011070,,0,main_scan,1076000,,1076000,1074000,1076000,1076000,-0.09293680297397769,0.18587360594795538,,,,,,"{""bid_req_base_tm"": ""101204"", ""sel_10th_pre_req_pre"": ""0"", ""sel_10th_pre_req"": ""7"", ""sel_10th_pre_bid"": ""-1085000"", ""sel_9th_pre_req_pre"": ""+1"", ""sel_9th_pre_req"": ""5"", ""sel_9th_pre_bid"": ""-1084000"", ""sel_8th_pre_req_pre"": ""0"", ""sel_8th_pre_req"": ""5"", ""sel_8th_pre_bid"": ""-1083000"", ""sel_7th_pre_req_pre"": ""0"", ""sel_7th_pre_req"": ""41"", ""sel_7th_pre_bid"": ""-1082000"", ""sel_6th_pre_req_pre"": ""0"", ""sel_6th_pre_req"": ""25"", ""sel_6th_pre_bid"": ""-1081000"", ""sel_5th_pre_req_pre"": ""--1"", ""sel_5th_pre_req"": ""104"", ""sel_5th_pre_bid"": ""-1080000"", ""sel_4th_pre_req_pre"": ""0"", ""sel_4th_pre_req"": ""113"", ""sel_4th_pre_bid"": ""-1079000"", ""sel_3th_pre_req_pre"": ""0"", ""sel_3th_pre_req"": ""53"", ""sel_3th_pre_bid"": ""-1078000"", ""sel_2th_pre_req_pre"": ""0"", ""sel_2th_pre_req"": ""25"", ""sel_2th_pre_bid"": ""-1077000"", ""sel_1th_pre_req_pre"": ""0"", ""sel_fpr_req"": ""67"", ""sel_fpr_bid"": ""-1076000"", ""buy_fpr_bid"": ""-1074000"", ""buy_fpr_req"": ""86"", ""buy_1th_pre_req_pre"": ""0"", ""buy_2th_pre_bid"": ""-1073000"", ""buy_2th_pre_req"": ""135"", ""buy_2th_pre_req_pre"": ""0"", ""buy_3th_pre_bid"": ""-1072000"", ""buy_3th_pre_req"": ""147"", ""buy_3th_pre_req_pre"": ""0"", ""buy_4th_pre_bid"": ""-1071000"", ""buy_4th_pre_req"": ""72"", ""buy_4th_pre_req_pre"": ""0"", ""buy_5th_pre_bid"": ""-1069000"", ""buy_5th_pre_req"": ""3"", ""buy_5th_pre_req_pre"": ""0"", ""buy_6th_pre_bid"": ""-1068000"", ""buy_6th_pre_req"": ""17"", ""buy_6th_pre_req_pre"": ""0"", ""buy_7th_pre_bid"": ""-1067000"", ""buy_7th_pre_req"": ""10"", ""buy_7th_pre_req_pre"": ""0"", ""buy_8th_pre_bid"": ""-1066000"", ""buy_8th_pre_req"": ""1"", ""buy_8th_pre_req_pre"": ""0"", ""buy_9th_pre_bid"": ""-1065000"", ""buy_9th_pre_req"": ""35"", ""buy_9th_pre_req_pre"": ""0"", ""buy_10th_pre_bid"": ""-1064000"", ""buy_10th_pre_req"": ""195"", ""buy_10th_pre_req_pre"": ""0"", ""tot_sel_req_jub_pre"": ""0"", ""tot_sel_req"": ""445"", ""tot_buy_req"": ""701"", ""tot_buy_req_jub_pre"": ""0"", ""ovt_sel_req_pre"": ""0"", ""ovt_sel_req"": ""0"", ""ovt_buy_req"": ""0"", ""ovt_buy_req_pre"": ""0"", ""return_code"": 0, ""return_msg"": ""정상적으로 처리되었습니다""}"
2026-06-10,scan_candidate,042700,,0,main_scan,285500,,285500,285000,285500,284500,-0.5253940455341506,0.17513134851138354,,,,,,"{""bid_req_base_tm"": ""101205"", ""sel_10th_pre_req_pre"": ""0"", ""sel_10th_pre_req"": ""1359"", ""sel_10th_pre_bid"": ""+290000"", ""sel_9th_pre_req_pre"": ""0"", ""sel_9th_pre_req"": ""244"", ""sel_9th_pre_bid"": ""+289500"", ""sel_8th_pre_req_pre"": ""0"", ""sel_8th_pre_req"": ""491"", ""sel_8th_pre_bid"": ""+289000"", ""sel_7th_pre_req_pre"": ""0"", ""sel_7th_pre_req"": ""106"", ""sel_7th_pre_bid"": ""+288500"", ""sel_6th_pre_req_pre"": ""0"", ""sel_6th_pre_req"": ""269"", ""sel_6th_pre_bid"": ""+288000"", ""sel_5th_pre_req_pre"": ""0"", ""sel_5th_pre_req"": ""252"", ""sel_5th_pre_bid"": ""+287500"", ""sel_4th_pre_req_pre"": ""0"", ""sel_4th_pre_req"": ""569"", ""sel_4th_pre_bid"": ""+287000"", ""sel_3th_pre_req_pre"": ""0"", ""sel_3th_pre_req"": ""584"", ""sel_3th_pre_bid"": ""+286500"", ""sel_2th_pre_req_pre"": ""0"", ""sel_2th_pre_req"": ""232"", ""sel_2th_pre_bid"": ""+286000"", ""sel_1th_pre_req_pre"": ""+19"", ""sel_fpr_req"": ""385"", ""sel_fpr_bid"": ""+285500"", ""buy_fpr_bid"": ""+285000"", ""buy_fpr_req"": ""469"", ""buy_1th_pre_req_pre"": ""0"", ""buy_2th_pre_bid"": ""+284500"", ""buy_2th_pre_req"": ""34"", ""buy_2th_pre_req_pre"": ""0"", ""buy_3th_pre_bid"": ""+284000"", ""buy_3th_pre_req"": ""165"", ""buy_3th_pre_req_pre"": ""0"", ""buy_4th_pre_bid"": ""+283500"", ""buy_4th_pre_req"": ""39"", ""buy_4th_pre_req_pre"": ""0"", ""buy_5th_pre_bid"": ""+283000"", ""buy_5th_pre_req"": ""127"", ""buy_5th_pre_req_pre"": ""0"", ""buy_6th_pre_bid"": ""+282500"", ""buy_6th_pre_req"": ""168"", ""buy_6th_pre_req_pre"": ""0"", ""buy_7th_pre_bid"": ""+282000"", ""buy_7th_pre_req"": ""108"", ""buy_7th_pre_req_pre"": ""0"", ""buy_8th_pre_bid"": ""+281500"", ""buy_8th_pre_req"": ""60"", ""buy_8th_pre_req_pre"": ""0"", ""buy_9th_pre_bid"": ""+281000"", ""buy_9th_pre_req"": ""672"", ""buy_9th_pre_req_pre"": ""0"", ""buy_10th_pre_bid"": ""+280500"", ""buy_10th_pre_req"": ""1013"", ""buy_10th_pre_req_pre"": ""0"", ""tot_sel_req_jub_pre"": ""+19"", ""tot_sel_req"": ""4491"", ""tot_buy_req"": ""2855"", ""tot_buy_req_jub_pre"": ""0"", ""ovt_sel_req_pre"": ""0"", ""ovt_sel_req"": ""0"", ""ovt_buy_req"": ""0"", ""ovt_buy_req_pre"": ""0"", ""return_code"": 0, ""return_msg"": ""정상적으로 처리되었습니다""}"
2026-06-10,scan_candidate,017670,,0,main_scan,108000,,108000,107800,108000,107500,-0.9259259259259258,0.1851851851851852,,,,,,"{""bid_req_base_tm"": ""101205"", ""sel_10th_pre_req_pre"": ""0"", ""sel_10th_pre_req"": ""550"", ""sel_10th_pre_bid"": ""+108900"", ""sel_9th_pre_req_pre"": ""0"", ""sel_9th_pre_req"": ""475"", ""sel_9th_pre_bid"": ""+108800"", ""sel_8th_pre_req_pre"": ""0"", ""sel_8th_pre_req"": ""146"", ""sel_8th_pre_bid"": ""+108700"", ""sel_7th_pre_req_pre"": ""0"", ""sel_7th_pre_req"": ""44"", ""sel_7th_pre_bid"": ""+108600"", ""sel_6th_pre_req_pre"": ""0"", ""sel_6th_pre_req"": ""6352"", ""sel_6th_pre_bid"": ""+108500"", ""sel_5th_pre_req_pre"": ""0"", ""sel_5th_pre_req"": ""442"", ""sel_5th_pre_bid"": ""+108400"", ""sel_4th_pre_req_pre"": ""0"", ""sel_4th_pre_req"": ""82"", ""sel_4th_pre_bid"": ""+108300"", ""sel_3th_pre_req_pre"": ""0"", ""sel_3th_pre_req"": ""142"", ""sel_3th_pre_bid"": ""+108200"", ""sel_2th_pre_req_pre"": ""0"", ""sel_2th_pre_req"": ""646"", ""sel_2th_pre_bid"": ""108100"", ""sel_1th_pre_req_pre"": ""0"", ""sel_fpr_req"": ""114"", ""sel_fpr_bid"": ""-108000"", ""buy_fpr_bid"": ""-107800"", ""buy_fpr_req"": ""19"", ""buy_1th_pre_req_pre"": ""0"", ""buy_2th_pre_bid"": ""-107700"", ""buy_2th_pre_req"": ""305"", ""buy_2th_pre_req_pre"": ""0"", ""buy_3th_pre_bid"": ""-107600"", ""buy_3th_pre_req"": ""55"", ""buy_3th_pre_req_pre"": ""0"", ""buy_4th_pre_bid"": ""-107500"", ""buy_4th_pre_req"": ""61"", ""buy_4th_pre_req_pre"": ""0"", ""buy_5th_pre_bid"": ""-107400"", ""buy_5th_pre_req"": ""14"", ""buy_5th_pre_req_pre"": ""0"", ""buy_6th_pre_bid"": ""-107300"", ""buy_6th_pre_req"": ""20"", ""buy_6th_pre_req_pre"": ""0"", ""buy_7th_pre_bid"": ""-107200"", ""buy_7th_pre_req"": ""343"", ""buy_7th_pre_req_pre"": ""0"", ""buy_8th_pre_bid"": ""-107100"", ""buy_8th_pre_req"": ""121"", ""buy_8th_pre_req_pre"": ""0"", ""buy_9th_pre_bid"": ""-107000"", ""buy_9th_pre_req"": ""899"", ""buy_9th_pre_req_pre"": ""0"", ""buy_10th_pre_bid"": ""-106900"", ""buy_10th_pre_req"": ""24"", ""buy_10th_pre_req_pre"": ""0"", ""tot_sel_req_jub_pre"": ""+329"", ""tot_sel_req"": ""8993"", ""tot_buy_req"": ""1861"", ""tot_buy_req_jub_pre"": ""--108"", ""ovt_sel_req_pre"": ""0"", ""ovt_sel_req"": ""0"", ""ovt_buy_req"": ""0"", ""ovt_buy_req_pre"": ""0"", ""return_code"": 0, ""return_msg"": ""정상적으로 처리되었습니다""}"
2026-06-10,scan_candidate,316140,,0,main_scan,30100,,30100,30050,30100,30050,-0.33222591362126247,0.16611295681063123,,,,,,"{""bid_req_base_tm"": ""101203"", ""sel_10th_pre_req_pre"": ""0"", ""sel_10th_pre_req"": ""532"", ""sel_10th_pre_bid"": ""+30550"", ""sel_9th_pre_req_pre"": ""0"", ""sel_9th_pre_req"": ""5110"", ""sel_9th_pre_bid"": ""+30500"", ""sel_8th_pre_req_pre"": ""0"", ""sel_8th_pre_req"": ""2155"", ""sel_8th_pre_bid"": ""+30450"", ""sel_7th_pre_req_pre"": ""0"", ""sel_7th_pre_req"": ""2736"", ""sel_7th_pre_bid"": ""+30400"", ""sel_6th_pre_req_pre"": ""0"", ""sel_6th_pre_req"": ""2377"", ""sel_6th_pre_bid"": ""+30350"", ""sel_5th_pre_req_pre"": ""0"", ""sel_5th_pre_req"": ""1657"", ""sel_5th_pre_bid"": ""+30300"", ""sel_4th_pre_req_pre"": ""0"", ""sel_4th_pre_req"": ""242"", ""sel_4th_pre_bid"": ""+30250"", ""sel_3th_pre_req_pre"": ""0"", ""sel_3th_pre_req"": ""318"", ""sel_3th_pre_bid"": ""+30200"", ""sel_2th_pre_req_pre"": ""0"", ""sel_2th_pre_req"": ""596"", ""sel_2th_pre_bid"": ""+30150"", ""sel_1th_pre_req_pre"": ""+240"", ""sel_fpr_req"": ""3432"", ""sel_fpr_bid"": ""+30100"", ""buy_fpr_bid"": ""+30050"", ""buy_fpr_req"": ""2434"", ""buy_1th_pre_req_pre"": ""0"", ""buy_2th_pre_bid"": ""30000"", ""buy_2th_pre_req"": ""2770"", ""buy_2th_pre_req_pre"": ""0"", ""buy_3th_pre_bid"": ""-29950"", ""buy_3th_pre_req"": ""559"", ""buy_3th_pre_req_pre"": ""0"", ""buy_4th_pre_bid"": ""-29900"", ""buy_4th_pre_req"": ""1224"", ""buy_4th_pre_req_pre"": ""0"", ""buy_5th_pre_bid"": ""-29850"", ""buy_5th_pre_req"": ""626"", ""buy_5th_pre_req_pre"": ""0"", ""buy_6th_pre_bid"": ""-29800"", ""buy_6th_pre_req"": ""3563"", ""buy_6th_pre_req_pre"": ""0"", ""buy_7th_pre_bid"": ""-29750"", ""buy_7th_pre_req"": ""930"", ""buy_7th_pre_req_pre"": ""0"", ""buy_8th_pre_bid"": ""-29700"", ""buy_8th_pre_req"": ""2356"", ""buy_8th_pre_req_pre"": ""0"", ""buy_9th_pre_bid"": ""-29650"", ""buy_9th_pre_req"": ""302"", ""buy_9th_pre_req_pre"": ""0"", ""buy_10th_pre_bid"": ""-29600"", ""buy_10th_pre_req"": ""1021"", ""buy_10th_pre_req_pre"": ""0"", ""tot_sel_req_jub_pre"": ""+240"", ""tot_sel_req"": ""19155"", ""tot_buy_req"": ""15785"", ""tot_buy_req_jub_pre"": ""0"", ""ovt_sel_req_pre"": ""0"", ""ovt_sel_req"": ""0"", ""ovt_buy_req"": ""0"", ""ovt_buy_req_pre"": ""0"", ""return_code"": 0, ""return_msg"": ""정상적으로 처리되었습니다""}"
2026-06-10,scan_candidate,018260,,0,main_scan,233500,,233500,233000,233500,235000,0.4282655246252677,0.21413276231263384,,,,,,"{""bid_req_base_tm"": ""101205"", ""sel_10th_pre_req_pre"": ""0"", ""sel_10th_pre_req"": ""188"", ""sel_10th_pre_bid"": ""-238000"", ""sel_9th_pre_req_pre"": ""0"", ""sel_9th_pre_req"": ""70"", ""sel_9th_pre_bid"": ""-237500"", ""sel_8th_pre_req_pre"": ""0"", ""sel_8th_pre_req"": ""50"", ""sel_8th_pre_bid"": ""-237000"", ""sel_7th_pre_req_pre"": ""0"", ""sel_7th_pre_req"": ""260"", ""sel_7th_pre_bid"": ""-236500"", ""sel_6th_pre_req_pre"": ""0"", ""sel_6th_pre_req"": ""218"", ""sel_6th_pre_bid"": ""-236000"", ""sel_5th_pre_req_pre"": ""0"", ""sel_5th_pre_req"": ""55"", ""sel_5th_pre_bid"": ""-235500"", ""sel_4th_pre_req_pre"": ""0"", ""sel_4th_pre_req"": ""231"", ""sel_4th_pre_bid"": ""-235000"", ""sel_3th_pre_req_pre"": ""0"", ""sel_3th_pre_req"": ""103"", ""sel_3th_pre_bid"": ""-234500"", ""sel_2th_pre_req_pre"": ""0"", ""sel_2th_pre_req"": ""269"", ""sel_2th_pre_bid"": ""-234000"", ""sel_1th_pre_req_pre"": ""0"", ""sel_fpr_req"": ""922"", ""sel_fpr_bid"": ""-233500"", ""buy_fpr_bid"": ""-233000"", ""buy_fpr_req"": ""63"", ""buy_1th_pre_req_pre"": ""+6"", ""buy_2th_pre_bid"": ""-232500"", ""buy_2th_pre_req"": ""1089"", ""buy_2th_pre_req_pre"": ""+128"", ""buy_3th_pre_bid"": ""-232000"", ""buy_3th_pre_req"": ""1630"", ""buy_3th_pre_req_pre"": ""0"", ""buy_4th_pre_bid"": ""-231500"", ""buy_4th_pre_req"": ""1286"", ""buy_4th_pre_req_pre"": ""0"", ""buy_5th_pre_bid"": ""-231000"", ""buy_5th_pre_req"": ""2393"", ""buy_5th_pre_req_pre"": ""0"", ""buy_6th_pre_bid"": ""-230500"", ""buy_6th_pre_req"": ""1654"", ""buy_6th_pre_req_pre"": ""0"", ""buy_7th_pre_bid"": ""-230000"", ""buy_7th_pre_req"": ""3511"", ""buy_7th_pre_req_pre"": ""0"", ""buy_8th_pre_bid"": ""-229500"", ""buy_8th_pre_req"": ""564"", ""buy_8th_pre_req_pre"": ""0"", ""buy_9th_pre_bid"": ""-229000"", ""buy_9th_pre_req"": ""1443"", ""buy_9th_pre_req_pre"": ""0"", ""buy_10th_pre_bid"": ""-228500"", ""buy_10th_pre_req"": ""546"", ""buy_10th_pre_req_pre"": ""0"", ""tot_sel_req_jub_pre"": ""0"", ""tot_sel_req"": ""2366"", ""tot_buy_req"": ""14179"", ""tot_buy_req_jub_pre"": ""+134"", ""ovt_sel_req_pre"": ""0"", ""ovt_sel_req"": ""0"", ""ovt_buy_req"": ""0"", ""ovt_buy_req_pre"": ""0"", ""return_code"": 0, ""return_msg"": ""정상적으로 처리되었습니다""}"
2026-06-10,scan_candidate,033780,,0,main_scan,185200,,185200,185100,185200,185000,-0.3779697624190065,0.05399568034557236,,,,,,"{""bid_req_base_tm"": ""101205"", ""sel_10th_pre_req_pre"": ""0"", ""sel_10th_pre_req"": ""177"", ""sel_10th_pre_bid"": ""+186100"", ""sel_9th_pre_req_pre"": ""0"", ""sel_9th_pre_req"": ""826"", ""sel_9th_pre_bid"": ""+186000"", ""sel_8th_pre_req_pre"": ""0"", ""sel_8th_pre_req"": ""166"", ""sel_8th_pre_bid"": ""+185900"", ""sel_7th_pre_req_pre"": ""0"", ""sel_7th_pre_req"": ""187"", ""sel_7th_pre_bid"": ""+185800"", ""sel_6th_pre_req_pre"": ""0"", ""sel_6th_pre_req"": ""172"", ""sel_6th_pre_bid"": ""+185700"", ""sel_5th_pre_req_pre"": ""0"", ""sel_5th_pre_req"": ""74"", ""sel_5th_pre_bid"": ""+185600"", ""sel_4th_pre_req_pre"": ""0"", ""sel_4th_pre_req"": ""179"", ""sel_4th_pre_bid"": ""+185500"", ""sel_3th_pre_req_pre"": ""0"", ""sel_3th_pre_req"": ""5"", ""sel_3th_pre_bid"": ""+185400"", ""sel_2th_pre_req_pre"": ""0"", ""sel_2th_pre_req"": ""140"", ""sel_2th_pre_bid"": ""+185300"", ""sel_1th_pre_req_pre"": ""+20"", ""sel_fpr_req"": ""599"", ""sel_fpr_bid"": ""+185200"", ""buy_fpr_bid"": ""+185100"", ""buy_fpr_req"": ""507"", ""buy_1th_pre_req_pre"": ""0"", ""buy_2th_pre_bid"": ""+185000"", ""buy_2th_pre_req"": ""33"", ""buy_2th_pre_req_pre"": ""0"", ""buy_3th_pre_bid"": ""+184900"", ""buy_3th_pre_req"": ""762"", ""buy_3th_pre_req_pre"": ""0"", ""buy_4th_pre_bid"": ""+184800"", ""buy_4th_pre_req"": ""55"", ""buy_4th_pre_req_pre"": ""0"", ""buy_5th_pre_bid"": ""+184700"", ""buy_5th_pre_req"": ""82"", ""buy_5th_pre_req_pre"": ""0"", ""buy_6th_pre_bid"": ""+184600"", ""buy_6th_pre_req"": ""21"", ""buy_6th_pre_req_pre"": ""0"", ""buy_7th_pre_bid"": ""+184500"", ""buy_7th_pre_req"": ""1"", ""buy_7th_pre_req_pre"": ""0"", ""buy_8th_pre_bid"": ""+184400"", ""buy_8th_pre_req"": ""78"", ""buy_8th_pre_req_pre"": ""0"", ""buy_9th_pre_bid"": ""184300"", ""buy_9th_pre_req"": ""567"", ""buy_9th_pre_req_pre"": ""0"", ""buy_10th_pre_bid"": ""-184200"", ""buy_10th_pre_req"": ""200"", ""buy_10th_pre_req_pre"": ""0"", ""tot_sel_req_jub_pre"": ""+20"", ""tot_sel_req"": ""2525"", ""tot_buy_req"": ""2306"", ""tot_buy_req_jub_pre"": ""0"", ""ovt_sel_req_pre"": ""0"", ""ovt_sel_req"": ""0"", ""ovt_buy_req"": ""0"", ""ovt_buy_req_pre"": ""0"", ""return_code"": 0, ""return_msg"": ""정상적으로 처리되었습니다""}"
2026-06-10,scan_candidate,307950,,0,main_scan,705000,,705000,704000,705000,707000,0.14184397163120568,0.14184397163120568,,,,,,"{""bid_req_base_tm"": ""101206"", ""sel_10th_pre_req_pre"": ""0"", ""sel_10th_pre_req"": ""15"", ""sel_10th_pre_bid"": ""+714000"", ""sel_9th_pre_req_pre"": ""0"", ""sel_9th_pre_req"": ""52"", ""sel_9th_pre_bid"": ""+713000"", ""sel_8th_pre_req_pre"": ""0"", ""sel_8th_pre_req"": ""92"", ""sel_8th_pre_bid"": ""+712000"", ""sel_7th_pre_req_pre"": ""0"", ""sel_7th_pre_req"": ""24"", ""sel_7th_pre_bid"": ""+711000"", ""sel_6th_pre_req_pre"": ""0"", ""sel_6th_pre_req"": ""43"", ""sel_6th_pre_bid"": ""+710000"", ""sel_5th_pre_req_pre"": ""0"", ""sel_5th_pre_req"": ""19"", ""sel_5th_pre_bid"": ""+709000"", ""sel_4th_pre_req_pre"": ""0"", ""sel_4th_pre_req"": ""21"", ""sel_4th_pre_bid"": ""+708000"", ""sel_3th_pre_req_pre"": ""0"", ""sel_3th_pre_req"": ""3"", ""sel_3th_pre_bid"": ""+707000"", ""sel_2th_pre_req_pre"": ""0"", ""sel_2th_pre_req"": ""23"", ""sel_2th_pre_bid"": ""+706000"", ""sel_1th_pre_req_pre"": ""+8"", ""sel_fpr_req"": ""45"", ""sel_fpr_bid"": ""+705000"", ""buy_fpr_bid"": ""+704000"", ""buy_fpr_req"": ""5"", ""buy_1th_pre_req_pre"": ""0"", ""buy_2th_pre_bid"": ""+703000"", ""buy_2th_pre_req"": ""5"", ""buy_2th_pre_req_pre"": ""0"", ""buy_3th_pre_bid"": ""+702000"", ""buy_3th_pre_req"": ""260"", ""buy_3th_pre_req_pre"": ""0"", ""buy_4th_pre_bid"": ""+701000"", ""buy_4th_pre_req"": ""347"", ""buy_4th_pre_req_pre"": ""0"", ""buy_5th_pre_bid"": ""+700000"", ""buy_5th_pre_req"": ""324"", ""buy_5th_pre_req_pre"": ""0"", ""buy_6th_pre_bid"": ""+699000"", ""buy_6th_pre_req"": ""165"", ""buy_6th_pre_req_pre"": ""0"", ""buy_7th_pre_bid"": ""+698000"", ""buy_7th_pre_req"": ""328"", ""buy_7th_pre_req_pre"": ""0"", ""buy_8th_pre_bid"": ""+697000"", ""buy_8th_pre_req"": ""480"", ""buy_8th_pre_req_pre"": ""0"", ""buy_9th_pre_bid"": ""+696000"", ""buy_9th_pre_req"": ""241"", ""buy_9th_pre_req_pre"": ""0"", ""buy_10th_pre_bid"": ""+695000"", ""buy_10th_pre_req"": ""392"", ""buy_10th_pre_req_pre"": ""0"", ""tot_sel_req_jub_pre"": ""+8"", ""tot_sel_req"": ""337"", ""tot_buy_req"": ""2547"", ""tot_buy_req_jub_pre"": ""0"", ""ovt_sel_req_pre"": ""0"", ""ovt_sel_req"": ""0"", ""ovt_buy_req"": ""0"", ""ovt_buy_req_pre"": ""0"", ""return_code"": 0, ""return_msg"": ""정상적으로 처리되었습니다""}"
2026-06-10,scan_candidate,138040,,0,main_scan,109800,,109800,109700,109800,109000,-1.1839708561020037,0.09107468123861566,,,,,,"{""bid_req_base_tm"": ""101206"", ""sel_10th_pre_req_pre"": ""0"", ""sel_10th_pre_req"": ""802"", ""sel_10th_pre_bid"": ""+110700"", ""sel_9th_pre_req_pre"": ""0"", ""sel_9th_pre_req"": ""651"", ""sel_9th_pre_bid"": ""+110600"", ""sel_8th_pre_req_pre"": ""0"", ""sel_8th_pre_req"": ""170"", ""sel_8th_pre_bid"": ""+110500"", ""sel_7th_pre_req_pre"": ""0"", ""sel_7th_pre_req"": ""79"", ""sel_7th_pre_bid"": ""+110400"", ""sel_6th_pre_req_pre"": ""0"", ""sel_6th_pre_req"": ""1005"", ""sel_6th_pre_bid"": ""+110300"", ""sel_5th_pre_req_pre"": ""0"", ""sel_5th_pre_req"": ""621"", ""sel_5th_pre_bid"": ""+110200"", ""sel_4th_pre_req_pre"": ""0"", ""sel_4th_pre_req"": ""638"", ""sel_4th_pre_bid"": ""+110100"", ""sel_3th_pre_req_pre"": ""0"", ""sel_3th_pre_req"": ""531"", ""sel_3th_pre_bid"": ""+110000"", ""sel_2th_pre_req_pre"": ""0"", ""sel_2th_pre_req"": ""30"", ""sel_2th_pre_bid"": ""+109900"", ""sel_1th_pre_req_pre"": ""0"", ""sel_fpr_req"": ""510"", ""sel_fpr_bid"": ""+109800"", ""buy_fpr_bid"": ""+109700"", ""buy_fpr_req"": ""1091"", ""buy_1th_pre_req_pre"": ""+108"", ""buy_2th_pre_bid"": ""+109600"", ""buy_2th_pre_req"": ""22"", ""buy_2th_pre_req_pre"": ""0"", ""buy_3th_pre_bid"": ""+109500"", ""buy_3th_pre_req"": ""168"", ""buy_3th_pre_req_pre"": ""0"", ""buy_4th_pre_bid"": ""+109300"", ""buy_4th_pre_req"": ""366"", ""buy_4th_pre_req_pre"": ""0"", ""buy_5th_pre_bid"": ""-109000"", ""buy_5th_pre_req"": ""77"", ""buy_5th_pre_req_pre"": ""0"", ""buy_6th_pre_bid"": ""-108900"", ""buy_6th_pre_req"": ""485"", ""buy_6th_pre_req_pre"": ""0"", ""buy_7th_pre_bid"": ""-108800"", ""buy_7th_pre_req"": ""296"", ""buy_7th_pre_req_pre"": ""0"", ""buy_8th_pre_bid"": ""-108700"", ""buy_8th_pre_req"": ""106"", ""buy_8th_pre_req_pre"": ""0"", ""buy_9th_pre_bid"": ""-108600"", ""buy_9th_pre_req"": ""413"", ""buy_9th_pre_req_pre"": ""0"", ""buy_10th_pre_bid"": ""-108500"", ""buy_10th_pre_req"": ""1"", ""buy_10th_pre_req_pre"": ""0"", ""tot_sel_req_jub_pre"": ""0"", ""tot_sel_req"": ""5037"", ""tot_buy_req"": ""3025"", ""tot_buy_req_jub_pre"": ""+108"", ""ovt_sel_req_pre"": ""0"", ""ovt_sel_req"": ""0"", ""ovt_buy_req"": ""0"", ""ovt_buy_req_pre"": ""0"", ""return_code"": 0, ""return_msg"": ""정상적으로 처리되었습니다""}"
2026-06-10,scan_candidate,003550,,0,main_scan,108500,,108500,108400,108500,108500,-0.4608294930875576,0.09216589861751152,,,,,,"{""bid_req_base_tm"": ""101206"", ""sel_10th_pre_req_pre"": ""--6"", ""sel_10th_pre_req"": ""70"", ""sel_10th_pre_bid"": ""-109500"", ""sel_9th_pre_req_pre"": ""0"", ""sel_9th_pre_req"": ""323"", ""sel_9th_pre_bid"": ""-109400"", ""sel_8th_pre_req_pre"": ""0"", ""sel_8th_pre_req"": ""185"", ""sel_8th_pre_bid"": ""-109300"", ""sel_7th_pre_req_pre"": ""0"", ""sel_7th_pre_req"": ""11"", ""sel_7th_pre_bid"": ""-109200"", ""sel_6th_pre_req_pre"": ""0"", ""sel_6th_pre_req"": ""6"", ""sel_6th_pre_bid"": ""-109100"", ""sel_5th_pre_req_pre"": ""0"", ""sel_5th_pre_req"": ""78"", ""sel_5th_pre_bid"": ""-109000"", ""sel_4th_pre_req_pre"": ""0"", ""sel_4th_pre_req"": ""4"", ""sel_4th_pre_bid"": ""-108900"", ""sel_3th_pre_req_pre"": ""0"", ""sel_3th_pre_req"": ""1"", ""sel_3th_pre_bid"": ""-108800"", ""sel_2th_pre_req_pre"": ""0"", ""sel_2th_pre_req"": ""156"", ""sel_2th_pre_bid"": ""-108600"", ""sel_1th_pre_req_pre"": ""0"", ""sel_fpr_req"": ""77"", ""sel_fpr_bid"": ""-108500"", ""buy_fpr_bid"": ""-108400"", ""buy_fpr_req"": ""398"", ""buy_1th_pre_req_pre"": ""+1"", ""buy_2th_pre_bid"": ""-108300"", ""buy_2th_pre_req"": ""204"", ""buy_2th_pre_req_pre"": ""0"", ""buy_3th_pre_bid"": ""-108200"", ""buy_3th_pre_req"": ""104"", ""buy_3th_pre_req_pre"": ""0"", ""buy_4th_pre_bid"": ""-108100"", ""buy_4th_pre_req"": ""295"", ""buy_4th_pre_req_pre"": ""0"", ""buy_5th_pre_bid"": ""-108000"", ""buy_5th_pre_req"": ""144"", ""buy_5th_pre_req_pre"": ""0"", ""buy_6th_pre_bid"": ""-107900"", ""buy_6th_pre_req"": ""188"", ""buy_6th_pre_req_pre"": ""0"", ""buy_7th_pre_bid"": ""-107800"", ""buy_7th_pre_req"": ""79"", ""buy_7th_pre_req_pre"": ""0"", ""buy_8th_pre_bid"": ""-107700"", ""buy_8th_pre_req"": ""106"", ""buy_8th_pre_req_pre"": ""0"", ""buy_9th_pre_bid"": ""-107600"", ""buy_9th_pre_req"": ""66"", ""buy_9th_pre_req_pre"": ""0"", ""buy_10th_pre_bid"": ""-107500"", ""buy_10th_pre_req"": ""433"", ""buy_10th_pre_req_pre"": ""0"", ""tot_sel_req_jub_pre"": ""--6"", ""tot_sel_req"": ""911"", ""tot_buy_req"": ""2017"", ""tot_buy_req_jub_pre"": ""+1"", ""ovt_sel_req_pre"": ""0"", ""ovt_sel_req"": ""0"", ""ovt_buy_req"": ""0"", ""ovt_buy_req_pre"": ""0"", ""return_code"": 0, ""return_msg"": ""정상적으로 처리되었습니다""}"
2026-06-10,scan_candidate,024110,,0,main_scan,21100,,21100,21050,21100,20850,-1.4218009478672986,0.23696682464454977,,,,,,"{""bid_req_base_tm"": ""101206"", ""sel_10th_pre_req_pre"": ""0"", ""sel_10th_pre_req"": ""2401"", ""sel_10th_pre_bid"": ""+21550"", ""sel_9th_pre_req_pre"": ""0"", ""sel_9th_pre_req"": ""8548"", ""sel_9th_pre_bid"": ""+21500"", ""sel_8th_pre_req_pre"": ""0"", ""sel_8th_pre_req"": ""3555"", ""sel_8th_pre_bid"": ""+21450"", ""sel_7th_pre_req_pre"": ""0"", ""sel_7th_pre_req"": ""10359"", ""sel_7th_pre_bid"": ""+21400"", ""sel_6th_pre_req_pre"": ""0"", ""sel_6th_pre_req"": ""3830"", ""sel_6th_pre_bid"": ""+21350"", ""sel_5th_pre_req_pre"": ""0"", ""sel_5th_pre_req"": ""9770"", ""sel_5th_pre_bid"": ""+21300"", ""sel_4th_pre_req_pre"": ""0"", ""sel_4th_pre_req"": ""11488"", ""sel_4th_pre_bid"": ""+21250"", ""sel_3th_pre_req_pre"": ""0"", ""sel_3th_pre_req"": ""12036"", ""sel_3th_pre_bid"": ""+21200"", ""sel_2th_pre_req_pre"": ""0"", ""sel_2th_pre_req"": ""14646"", ""sel_2th_pre_bid"": ""+21150"", ""sel_1th_pre_req_pre"": ""0"", ""sel_fpr_req"": ""10287"", ""sel_fpr_bid"": ""+21100"", ""buy_fpr_bid"": ""+21050"", ""buy_fpr_req"": ""1627"", ""buy_1th_pre_req_pre"": ""0"", ""buy_2th_pre_bid"": ""+21000"", ""buy_2th_pre_req"": ""9528"", ""buy_2th_pre_req_pre"": ""0"", ""buy_3th_pre_bid"": ""+20950"", ""buy_3th_pre_req"": ""1357"", ""buy_3th_pre_req_pre"": ""0"", ""buy_4th_pre_bid"": ""+20900"", ""buy_4th_pre_req"": ""1037"", ""buy_4th_pre_req_pre"": ""0"", ""buy_5th_pre_bid"": ""+20850"", ""buy_5th_pre_req"": ""539"", ""buy_5th_pre_req_pre"": ""0"", ""buy_6th_pre_bid"": ""+20800"", ""buy_6th_pre_req"": ""1391"", ""buy_6th_pre_req_pre"": ""0"", ""buy_7th_pre_bid"": ""+20750"", ""buy_7th_pre_req"": ""1268"", ""buy_7th_pre_req_pre"": ""0"", ""buy_8th_pre_bid"": ""+20700"", ""buy_8th_pre_req"": ""1971"", ""buy_8th_pre_req_pre"": ""0"", ""buy_9th_pre_bid"": ""+20650"", ""buy_9th_pre_req"": ""768"", ""buy_9th_pre_req_pre"": ""0"", ""buy_10th_pre_bid"": ""+20600"", ""buy_10th_pre_req"": ""2977"", ""buy_10th_pre_req_pre"": ""0"", ""tot_sel_req_jub_pre"": ""0"", ""tot_sel_req"": ""86920"", ""tot_buy_req"": ""22463"", ""tot_buy_req_jub_pre"": ""0"", ""ovt_sel_req_pre"": ""0"", ""ovt_sel_req"": ""0"", ""ovt_buy_req"": ""0"", ""ovt_buy_req_pre"": ""0"", ""return_code"": 0, ""return_msg"": ""정상적으로 처리되었습니다""}"
2026-06-10,scan_candidate,079550,,0,main_scan,779000,,779000,778000,779000,780000,0.0,0.12836970474967907,,,,,,"{""bid_req_base_tm"": ""101206"", ""sel_10th_pre_req_pre"": ""0"", ""sel_10th_pre_req"": ""462"", ""sel_10th_pre_bid"": ""+788000"", ""sel_9th_pre_req_pre"": ""0"", ""sel_9th_pre_req"": ""41"", ""sel_9th_pre_bid"": ""+787000"", ""sel_8th_pre_req_pre"": ""0"", ""sel_8th_pre_req"": ""40"", ""sel_8th_pre_bid"": ""+786000"", ""sel_7th_pre_req_pre"": ""0"", ""sel_7th_pre_req"": ""17"", ""sel_7th_pre_bid"": ""+785000"", ""sel_6th_pre_req_pre"": ""0"", ""sel_6th_pre_req"": ""14"", ""sel_6th_pre_bid"": ""+784000"", ""sel_5th_pre_req_pre"": ""0"", ""sel_5th_pre_req"": ""7"", ""sel_5th_pre_bid"": ""+783000"", ""sel_4th_pre_req_pre"": ""0"", ""sel_4th_pre_req"": ""210"", ""sel_4th_pre_bid"": ""+782000"", ""sel_3th_pre_req_pre"": ""0"", ""sel_3th_pre_req"": ""15"", ""sel_3th_pre_bid"": ""+781000"", ""sel_2th_pre_req_pre"": ""0"", ""sel_2th_pre_req"": ""88"", ""sel_2th_pre_bid"": ""+780000"", ""sel_1th_pre_req_pre"": ""0"", ""sel_fpr_req"": ""65"", ""sel_fpr_bid"": ""+779000"", ""buy_fpr_bid"": ""+778000"", ""buy_fpr_req"": ""103"", ""buy_1th_pre_req_pre"": ""0"", ""buy_2th_pre_bid"": ""+777000"", ""buy_2th_pre_req"": ""121"", ""buy_2th_pre_req_pre"": ""0"", ""buy_3th_pre_bid"": ""+776000"", ""buy_3th_pre_req"": ""234"", ""buy_3th_pre_req_pre"": ""0"", ""buy_4th_pre_bid"": ""+775000"", ""buy_4th_pre_req"": ""359"", ""buy_4th_pre_req_pre"": ""0"", ""buy_5th_pre_bid"": ""+774000"", ""buy_5th_pre_req"": ""94"", ""buy_5th_pre_req_pre"": ""0"", ""buy_6th_pre_bid"": ""+773000"", ""buy_6th_pre_req"": ""97"", ""buy_6th_pre_req_pre"": ""0"", ""buy_7th_pre_bid"": ""+772000"", ""buy_7th_pre_req"": ""57"", ""buy_7th_pre_req_pre"": ""0"", ""buy_8th_pre_bid"": ""+771000"", ""buy_8th_pre_req"": ""44"", ""buy_8th_pre_req_pre"": ""0"", ""buy_9th_pre_bid"": ""+770000"", ""buy_9th_pre_req"": ""136"", ""buy_9th_pre_req_pre"": ""0"", ""buy_10th_pre_bid"": ""+769000"", ""buy_10th_pre_req"": ""20"", ""buy_10th_pre_req_pre"": ""0"", ""tot_sel_req_jub_pre"": ""0"", ""tot_sel_req"": ""959"", ""tot_buy_req"": ""1265"", ""tot_buy_req_jub_pre"": ""0"", ""ovt_sel_req_pre"": ""0"", ""ovt_sel_req"": ""0"", ""ovt_buy_req"": ""0"", ""ovt_buy_req_pre"": ""0"", ""return_code"": 0, ""return_msg"": ""정상적으로 처리되었습니다""}"
2026-06-10,scan_candidate,278470,,0,main_scan,419500,,419500,419000,419500,417000,-0.7151370679380215,0.11918951132300357,,,,,,"{""bid_req_base_tm"": ""101206"", ""sel_10th_pre_req_pre"": ""0"", ""sel_10th_pre_req"": ""128"", ""sel_10th_pre_bid"": ""+424000"", ""sel_9th_pre_req_pre"": ""0"", ""sel_9th_pre_req"": ""80"", ""sel_9th_pre_bid"": ""+423500"", ""sel_8th_pre_req_pre"": ""0"", ""sel_8th_pre_req"": ""1721"", ""sel_8th_pre_bid"": ""+423000"", ""sel_7th_pre_req_pre"": ""0"", ""sel_7th_pre_req"": ""67"", ""sel_7th_pre_bid"": ""+422500"", ""sel_6th_pre_req_pre"": ""0"", ""sel_6th_pre_req"": ""231"", ""sel_6th_pre_bid"": ""+422000"", ""sel_5th_pre_req_pre"": ""--20"", ""sel_5th_pre_req"": ""124"", ""sel_5th_pre_bid"": ""+421500"", ""sel_4th_pre_req_pre"": ""0"", ""sel_4th_pre_req"": ""282"", ""sel_4th_pre_bid"": ""+421000"", ""sel_3th_pre_req_pre"": ""0"", ""sel_3th_pre_req"": ""318"", ""sel_3th_pre_bid"": ""+420500"", ""sel_2th_pre_req_pre"": ""0"", ""sel_2th_pre_req"": ""2513"", ""sel_2th_pre_bid"": ""+420000"", ""sel_1th_pre_req_pre"": ""0"", ""sel_fpr_req"": ""666"", ""sel_fpr_bid"": ""+419500"", ""buy_fpr_bid"": ""+419000"", ""buy_fpr_req"": ""244"", ""buy_1th_pre_req_pre"": ""0"", ""buy_2th_pre_bid"": ""+418500"", ""buy_2th_pre_req"": ""80"", ""buy_2th_pre_req_pre"": ""0"", ""buy_3th_pre_bid"": ""+418000"", ""buy_3th_pre_req"": ""149"", ""buy_3th_pre_req_pre"": ""0"", ""buy_4th_pre_bid"": ""+417500"", ""buy_4th_pre_req"": ""47"", ""buy_4th_pre_req_pre"": ""0"", ""buy_5th_pre_bid"": ""+417000"", ""buy_5th_pre_req"": ""15"", ""buy_5th_pre_req_pre"": ""0"", ""buy_6th_pre_bid"": ""+416500"", ""buy_6th_pre_req"": ""12"", ""buy_6th_pre_req_pre"": ""0"", ""buy_7th_pre_bid"": ""+416000"", ""buy_7th_pre_req"": ""90"", ""buy_7th_pre_req_pre"": ""0"", ""buy_8th_pre_bid"": ""+415500"", ""buy_8th_pre_req"": ""50"", ""buy_8th_pre_req_pre"": ""0"", ""buy_9th_pre_bid"": ""+415000"", ""buy_9th_pre_req"": ""119"", ""buy_9th_pre_req_pre"": ""0"", ""buy_10th_pre_bid"": ""+414500"", ""buy_10th_pre_req"": ""347"", ""buy_10th_pre_req_pre"": ""0"", ""tot_sel_req_jub_pre"": ""--20"", ""tot_sel_req"": ""6130"", ""tot_buy_req"": ""1153"", ""tot_buy_req_jub_pre"": ""0"", ""ovt_sel_req_pre"": ""0"", ""ovt_sel_req"": ""0"", ""ovt_buy_req"": ""0"", ""ovt_buy_req_pre"": ""0"", ""return_code"": 0, ""return_msg"": ""정상적으로 처리되었습니다""}"
2026-06-10,scan_candidate,030200,,0,main_scan,54700,,54700,54600,54700,54800,0.0,0.18281535648994515,,,,,,"{""bid_req_base_tm"": ""101207"", ""sel_10th_pre_req_pre"": ""0"", ""sel_10th_pre_req"": ""109"", ""sel_10th_pre_bid"": ""+55600"", ""sel_9th_pre_req_pre"": ""0"", ""sel_9th_pre_req"": ""717"", ""sel_9th_pre_bid"": ""+55500"", ""sel_8th_pre_req_pre"": ""0"", ""sel_8th_pre_req"": ""1190"", ""sel_8th_pre_bid"": ""+55400"", ""sel_7th_pre_req_pre"": ""0"", ""sel_7th_pre_req"": ""631"", ""sel_7th_pre_bid"": ""+55300"", ""sel_6th_pre_req_pre"": ""0"", ""sel_6th_pre_req"": ""613"", ""sel_6th_pre_bid"": ""+55200"", ""sel_5th_pre_req_pre"": ""0"", ""sel_5th_pre_req"": ""526"", ""sel_5th_pre_bid"": ""+55100"", ""sel_4th_pre_req_pre"": ""0"", ""sel_4th_pre_req"": ""3257"", ""sel_4th_pre_bid"": ""+55000"", ""sel_3th_pre_req_pre"": ""0"", ""sel_3th_pre_req"": ""1338"", ""sel_3th_pre_bid"": ""+54900"", ""sel_2th_pre_req_pre"": ""0"", ""sel_2th_pre_req"": ""40"", ""sel_2th_pre_bid"": ""+54800"", ""sel_1th_pre_req_pre"": ""0"", ""sel_fpr_req"": ""90"", ""sel_fpr_bid"": ""+54700"", ""buy_fpr_bid"": ""+54600"", ""buy_fpr_req"": ""223"", ""buy_1th_pre_req_pre"": ""--1"", ""buy_2th_pre_bid"": ""+54400"", ""buy_2th_pre_req"": ""951"", ""buy_2th_pre_req_pre"": ""0"", ""buy_3th_pre_bid"": ""+54300"", ""buy_3th_pre_req"": ""1796"", ""buy_3th_pre_req_pre"": ""0"", ""buy_4th_pre_bid"": ""+54200"", ""buy_4th_pre_req"": ""1009"", ""buy_4th_pre_req_pre"": ""0"", ""buy_5th_pre_bid"": ""+54100"", ""buy_5th_pre_req"": ""340"", ""buy_5th_pre_req_pre"": ""0"", ""buy_6th_pre_bid"": ""+54000"", ""buy_6th_pre_req"": ""4399"", ""buy_6th_pre_req_pre"": ""0"", ""buy_7th_pre_bid"": ""+53900"", ""buy_7th_pre_req"": ""1014"", ""buy_7th_pre_req_pre"": ""0"", ""buy_8th_pre_bid"": ""53800"", ""buy_8th_pre_req"": ""2585"", ""buy_8th_pre_req_pre"": ""0"", ""buy_9th_pre_bid"": ""-53700"", ""buy_9th_pre_req"": ""1086"", ""buy_9th_pre_req_pre"": ""0"", ""buy_10th_pre_bid"": ""-53600"", ""buy_10th_pre_req"": ""385"", ""buy_10th_pre_req_pre"": ""0"", ""tot_sel_req_jub_pre"": ""0"", ""tot_sel_req"": ""8511"", ""tot_buy_req"": ""13788"", ""tot_buy_req_jub_pre"": ""--1"", ""ovt_sel_req_pre"": ""0"", ""ovt_sel_req"": ""0"", ""ovt_buy_req"": ""0"", ""ovt_buy_req_pre"": ""0"", ""return_code"": 0, ""return_msg"": ""정상적으로 처리되었습니다""}"
2026-06-10,scan_candidate,010950,,0,main_scan,110300,,110300,110100,110300,109500,-1.1786038077969174,0.1813236627379873,,,,,,"{""bid_req_base_tm"": ""101204"", ""sel_10th_pre_req_pre"": ""0"", ""sel_10th_pre_req"": ""2"", ""sel_10th_pre_bid"": ""+111400"", ""sel_9th_pre_req_pre"": ""0"", ""sel_9th_pre_req"": ""43"", ""sel_9th_pre_bid"": ""+111200"", ""sel_8th_pre_req_pre"": ""0"", ""sel_8th_pre_req"": ""58"", ""sel_8th_pre_bid"": ""+111000"", ""sel_7th_pre_req_pre"": ""0"", ""sel_7th_pre_req"": ""1"", ""sel_7th_pre_bid"": ""110900"", ""sel_6th_pre_req_pre"": ""0"", ""sel_6th_pre_req"": ""13"", ""sel_6th_pre_bid"": ""-110800"", ""sel_5th_pre_req_pre"": ""0"", ""sel_5th_pre_req"": ""50"", ""sel_5th_pre_bid"": ""-110700"", ""sel_4th_pre_req_pre"": ""0"", ""sel_4th_pre_req"": ""28"", ""sel_4th_pre_bid"": ""-110600"", ""sel_3th_pre_req_pre"": ""0"", ""sel_3th_pre_req"": ""37"", ""sel_3th_pre_bid"": ""-110500"", ""sel_2th_pre_req_pre"": ""0"", ""sel_2th_pre_req"": ""728"", ""sel_2th_pre_bid"": ""-110400"", ""sel_1th_pre_req_pre"": ""0"", ""sel_fpr_req"": ""85"", ""sel_fpr_bid"": ""-110300"", ""buy_fpr_bid"": ""-110100"", ""buy_fpr_req"": ""20"", ""buy_1th_pre_req_pre"": ""+4"", ""buy_2th_pre_bid"": ""-110000"", ""buy_2th_pre_req"": ""12"", ""buy_2th_pre_req_pre"": ""0"", ""buy_3th_pre_bid"": ""-109800"", ""buy_3th_pre_req"": ""185"", ""buy_3th_pre_req_pre"": ""0"", ""buy_4th_pre_bid"": ""-109700"", ""buy_4th_pre_req"": ""48"", ""buy_4th_pre_req_pre"": ""0"", ""buy_5th_pre_bid"": ""-109600"", ""buy_5th_pre_req"": ""9"", ""buy_5th_pre_req_pre"": ""0"", ""buy_6th_pre_bid"": ""-109500"", ""buy_6th_pre_req"": ""1"", ""buy_6th_pre_req_pre"": ""0"", ""buy_7th_pre_bid"": ""-109400"", ""buy_7th_pre_req"": ""301"", ""buy_7th_pre_req_pre"": ""0"", ""buy_8th_pre_bid"": ""-109200"", ""buy_8th_pre_req"": ""52"", ""buy_8th_pre_req_pre"": ""0"", ""buy_9th_pre_bid"": ""-109100"", ""buy_9th_pre_req"": ""23"", ""buy_9th_pre_req_pre"": ""0"", ""buy_10th_pre_bid"": ""-109000"", ""buy_10th_pre_req"": ""163"", ""buy_10th_pre_req_pre"": ""0"", ""tot_sel_req_jub_pre"": ""0"", ""tot_sel_req"": ""1045"", ""tot_buy_req"": ""814"", ""tot_buy_req_jub_pre"": ""+4"", ""ovt_sel_req_pre"": ""0"", ""ovt_sel_req"": ""0"", ""ovt_buy_req"": ""0"", ""ovt_buy_req_pre"": ""0"", ""return_code"": 0, ""return_msg"": ""정상적으로 처리되었습니다""}"
2026-06-10,scan_candidate,323410,,0,main_scan,24700,,24700,24650,24700,24500,-1.0121457489878543,0.20242914979757085,,,,,,"{""bid_req_base_tm"": ""101207"", ""sel_10th_pre_req_pre"": ""0"", ""sel_10th_pre_req"": ""4271"", ""sel_10th_pre_bid"": ""+25150"", ""sel_9th_pre_req_pre"": ""0"", ""sel_9th_pre_req"": ""1457"", ""sel_9th_pre_bid"": ""+25100"", ""sel_8th_pre_req_pre"": ""0"", ""sel_8th_pre_req"": ""1724"", ""sel_8th_pre_bid"": ""+25050"", ""sel_7th_pre_req_pre"": ""0"", ""sel_7th_pre_req"": ""11563"", ""sel_7th_pre_bid"": ""+25000"", ""sel_6th_pre_req_pre"": ""0"", ""sel_6th_pre_req"": ""9225"", ""sel_6th_pre_bid"": ""+24950"", ""sel_5th_pre_req_pre"": ""0"", ""sel_5th_pre_req"": ""5567"", ""sel_5th_pre_bid"": ""+24900"", ""sel_4th_pre_req_pre"": ""0"", ""sel_4th_pre_req"": ""2903"", ""sel_4th_pre_bid"": ""+24850"", ""sel_3th_pre_req_pre"": ""0"", ""sel_3th_pre_req"": ""10680"", ""sel_3th_pre_bid"": ""+24800"", ""sel_2th_pre_req_pre"": ""0"", ""sel_2th_pre_req"": ""6746"", ""sel_2th_pre_bid"": ""+24750"", ""sel_1th_pre_req_pre"": ""--1"", ""sel_fpr_req"": ""8447"", ""sel_fpr_bid"": ""+24700"", ""buy_fpr_bid"": ""+24650"", ""buy_fpr_req"": ""3906"", ""buy_1th_pre_req_pre"": ""0"", ""buy_2th_pre_bid"": ""+24600"", ""buy_2th_pre_req"": ""3718"", ""buy_2th_pre_req_pre"": ""0"", ""buy_3th_pre_bid"": ""+24550"", ""buy_3th_pre_req"": ""1165"", ""buy_3th_pre_req_pre"": ""0"", ""buy_4th_pre_bid"": ""+24500"", ""buy_4th_pre_req"": ""2703"", ""buy_4th_pre_req_pre"": ""0"", ""buy_5th_pre_bid"": ""+24450"", ""buy_5th_pre_req"": ""1698"", ""buy_5th_pre_req_pre"": ""0"", ""buy_6th_pre_bid"": ""24400"", ""buy_6th_pre_req"": ""2394"", ""buy_6th_pre_req_pre"": ""0"", ""buy_7th_pre_bid"": ""-24350"", ""buy_7th_pre_req"": ""2562"", ""buy_7th_pre_req_pre"": ""0"", ""buy_8th_pre_bid"": ""-24300"", ""buy_8th_pre_req"": ""2342"", ""buy_8th_pre_req_pre"": ""0"", ""buy_9th_pre_bid"": ""-24250"", ""buy_9th_pre_req"": ""958"", ""buy_9th_pre_req_pre"": ""0"", ""buy_10th_pre_bid"": ""-24200"", ""buy_10th_pre_req"": ""1003"", ""buy_10th_pre_req_pre"": ""0"", ""tot_sel_req_jub_pre"": ""--1"", ""tot_sel_req"": ""62583"", ""tot_buy_req"": ""22449"", ""tot_buy_req_jub_pre"": ""0"", ""ovt_sel_req_pre"": ""0"", ""ovt_sel_req"": ""0"", ""ovt_buy_req"": ""0"", ""ovt_buy_req_pre"": ""0"", ""return_code"": 0, ""return_msg"": ""정상적으로 처리되었습니다""}"
2026-06-10,scan_candidate,005940,,0,main_scan,30800,,30800,30750,30800,30900,0.16233766233766234,0.16233766233766234,,,,,,"{""bid_req_base_tm"": ""101205"", ""sel_10th_pre_req_pre"": ""0"", ""sel_10th_pre_req"": ""837"", ""sel_10th_pre_bid"": ""+31300"", ""sel_9th_pre_req_pre"": ""0"", ""sel_9th_pre_req"": ""155"", ""sel_9th_pre_bid"": ""31250"", ""sel_8th_pre_req_pre"": ""0"", ""sel_8th_pre_req"": ""51"", ""sel_8th_pre_bid"": ""-31200"", ""sel_7th_pre_req_pre"": ""0"", ""sel_7th_pre_req"": ""513"", ""sel_7th_pre_bid"": ""-31150"", ""sel_6th_pre_req_pre"": ""0"", ""sel_6th_pre_req"": ""105"", ""sel_6th_pre_bid"": ""-31100"", ""sel_5th_pre_req_pre"": ""0"", ""sel_5th_pre_req"": ""551"", ""sel_5th_pre_bid"": ""-31000"", ""sel_4th_pre_req_pre"": ""0"", ""sel_4th_pre_req"": ""54"", ""sel_4th_pre_bid"": ""-30950"", ""sel_3th_pre_req_pre"": ""0"", ""sel_3th_pre_req"": ""109"", ""sel_3th_pre_bid"": ""-30900"", ""sel_2th_pre_req_pre"": ""0"", ""sel_2th_pre_req"": ""574"", ""sel_2th_pre_bid"": ""-30850"", ""sel_1th_pre_req_pre"": ""0"", ""sel_fpr_req"": ""81"", ""sel_fpr_bid"": ""-30800"", ""buy_fpr_bid"": ""-30750"", ""buy_fpr_req"": ""1096"", ""buy_1th_pre_req_pre"": ""+200"", ""buy_2th_pre_bid"": ""-30700"", ""buy_2th_pre_req"": ""214"", ""buy_2th_pre_req_pre"": ""0"", ""buy_3th_pre_bid"": ""-30650"", ""buy_3th_pre_req"": ""153"", ""buy_3th_pre_req_pre"": ""0"", ""buy_4th_pre_bid"": ""-30600"", ""buy_4th_pre_req"": ""374"", ""buy_4th_pre_req_pre"": ""0"", ""buy_5th_pre_bid"": ""-30550"", ""buy_5th_pre_req"": ""1476"", ""buy_5th_pre_req_pre"": ""0"", ""buy_6th_pre_bid"": ""-30500"", ""buy_6th_pre_req"": ""1276"", ""buy_6th_pre_req_pre"": ""0"", ""buy_7th_pre_bid"": ""-30450"", ""buy_7th_pre_req"": ""194"", ""buy_7th_pre_req_pre"": ""0"", ""buy_8th_pre_bid"": ""-30400"", ""buy_8th_pre_req"": ""504"", ""buy_8th_pre_req_pre"": ""0"", ""buy_9th_pre_bid"": ""-30350"", ""buy_9th_pre_req"": ""485"", ""buy_9th_pre_req_pre"": ""0"", ""buy_10th_pre_bid"": ""-30300"", ""buy_10th_pre_req"": ""2928"", ""buy_10th_pre_req_pre"": ""0"", ""tot_sel_req_jub_pre"": ""0"", ""tot_sel_req"": ""3030"", ""tot_buy_req"": ""8700"", ""tot_buy_req_jub_pre"": ""+200"", ""ovt_sel_req_pre"": ""0"", ""ovt_sel_req"": ""0"", ""ovt_buy_req"": ""0"", ""ovt_buy_req_pre"": ""0"", ""return_code"": 0, ""return_msg"": ""정상적으로 처리되었습니다""}"
2026-06-10,scan_candidate,064400,,0,main_scan,96500,,96500,96400,96500,96400,-0.20725388601036268,0.10362694300518134,,,,,,"{""bid_req_base_tm"": ""101207"", ""sel_10th_pre_req_pre"": ""0"", ""sel_10th_pre_req"": ""165"", ""sel_10th_pre_bid"": ""-97400"", ""sel_9th_pre_req_pre"": ""0"", ""sel_9th_pre_req"": ""54"", ""sel_9th_pre_bid"": ""-97300"", ""sel_8th_pre_req_pre"": ""0"", ""sel_8th_pre_req"": ""251"", ""sel_8th_pre_bid"": ""-97200"", ""sel_7th_pre_req_pre"": ""0"", ""sel_7th_pre_req"": ""102"", ""sel_7th_pre_bid"": ""-97100"", ""sel_6th_pre_req_pre"": ""0"", ""sel_6th_pre_req"": ""1302"", ""sel_6th_pre_bid"": ""-97000"", ""sel_5th_pre_req_pre"": ""0"", ""sel_5th_pre_req"": ""276"", ""sel_5th_pre_bid"": ""-96900"", ""sel_4th_pre_req_pre"": ""0"", ""sel_4th_pre_req"": ""379"", ""sel_4th_pre_bid"": ""-96800"", ""sel_3th_pre_req_pre"": ""0"", ""sel_3th_pre_req"": ""330"", ""sel_3th_pre_bid"": ""-96700"", ""sel_2th_pre_req_pre"": ""0"", ""sel_2th_pre_req"": ""337"", ""sel_2th_pre_bid"": ""-96600"", ""sel_1th_pre_req_pre"": ""0"", ""sel_fpr_req"": ""297"", ""sel_fpr_bid"": ""-96500"", ""buy_fpr_bid"": ""-96400"", ""buy_fpr_req"": ""5"", ""buy_1th_pre_req_pre"": ""+2"", ""buy_2th_pre_bid"": ""-96300"", ""buy_2th_pre_req"": ""5"", ""buy_2th_pre_req_pre"": ""0"", ""buy_3th_pre_bid"": ""-96200"", ""buy_3th_pre_req"": ""165"", ""buy_3th_pre_req_pre"": ""0"", ""buy_4th_pre_bid"": ""-96100"", ""buy_4th_pre_req"": ""76"", ""buy_4th_pre_req_pre"": ""0"", ""buy_5th_pre_bid"": ""-96000"", ""buy_5th_pre_req"": ""94"", ""buy_5th_pre_req_pre"": ""0"", ""buy_6th_pre_bid"": ""-95900"", ""buy_6th_pre_req"": ""105"", ""buy_6th_pre_req_pre"": ""0"", ""buy_7th_pre_bid"": ""-95800"", ""buy_7th_pre_req"": ""426"", ""buy_7th_pre_req_pre"": ""0"", ""buy_8th_pre_bid"": ""-95700"", ""buy_8th_pre_req"": ""653"", ""buy_8th_pre_req_pre"": ""0"", ""buy_9th_pre_bid"": ""-95600"", ""buy_9th_pre_req"": ""1398"", ""buy_9th_pre_req_pre"": ""0"", ""buy_10th_pre_bid"": ""-95500"", ""buy_10th_pre_req"": ""2166"", ""buy_10th_pre_req_pre"": ""0"", ""tot_sel_req_jub_pre"": ""0"", ""tot_sel_req"": ""3493"", ""tot_buy_req"": ""5093"", ""tot_buy_req_jub_pre"": ""+2"", ""ovt_sel_req_pre"": ""0"", ""ovt_sel_req"": ""0"", ""ovt_buy_req"": ""0"", ""ovt_buy_req_pre"": ""0"", ""return_code"": 0, ""return_msg"": ""정상적으로 처리되었습니다""}"
2026-06-10,scan_candidate,003490,,0,main_scan,25700,,25700,25650,25700,25550,-0.7782101167315175,0.19455252918287938,,,,,,"{""bid_req_base_tm"": ""101208"", ""sel_10th_pre_req_pre"": ""0"", ""sel_10th_pre_req"": ""6135"", ""sel_10th_pre_bid"": ""+26150"", ""sel_9th_pre_req_pre"": ""0"", ""sel_9th_pre_req"": ""4199"", ""sel_9th_pre_bid"": ""+26100"", ""sel_8th_pre_req_pre"": ""0"", ""sel_8th_pre_req"": ""4147"", ""sel_8th_pre_bid"": ""+26050"", ""sel_7th_pre_req_pre"": ""0"", ""sel_7th_pre_req"": ""42302"", ""sel_7th_pre_bid"": ""+26000"", ""sel_6th_pre_req_pre"": ""0"", ""sel_6th_pre_req"": ""19060"", ""sel_6th_pre_bid"": ""+25950"", ""sel_5th_pre_req_pre"": ""0"", ""sel_5th_pre_req"": ""17850"", ""sel_5th_pre_bid"": ""+25900"", ""sel_4th_pre_req_pre"": ""0"", ""sel_4th_pre_req"": ""9376"", ""sel_4th_pre_bid"": ""+25850"", ""sel_3th_pre_req_pre"": ""0"", ""sel_3th_pre_req"": ""7245"", ""sel_3th_pre_bid"": ""+25800"", ""sel_2th_pre_req_pre"": ""0"", ""sel_2th_pre_req"": ""411"", ""sel_2th_pre_bid"": ""+25750"", ""sel_1th_pre_req_pre"": ""+50"", ""sel_fpr_req"": ""349"", ""sel_fpr_bid"": ""+25700"", ""buy_fpr_bid"": ""+25650"", ""buy_fpr_req"": ""39"", ""buy_1th_pre_req_pre"": ""0"", ""buy_2th_pre_bid"": ""+25600"", ""buy_2th_pre_req"": ""1336"", ""buy_2th_pre_req_pre"": ""0"", ""buy_3th_pre_bid"": ""+25550"", ""buy_3th_pre_req"": ""2374"", ""buy_3th_pre_req_pre"": ""0"", ""buy_4th_pre_bid"": ""+25500"", ""buy_4th_pre_req"": ""1346"", ""buy_4th_pre_req_pre"": ""0"", ""buy_5th_pre_bid"": ""+25450"", ""buy_5th_pre_req"": ""3217"", ""buy_5th_pre_req_pre"": ""0"", ""buy_6th_pre_bid"": ""+25400"", ""buy_6th_pre_req"": ""5053"", ""buy_6th_pre_req_pre"": ""0"", ""buy_7th_pre_bid"": ""+25350"", ""buy_7th_pre_req"": ""7385"", ""buy_7th_pre_req_pre"": ""0"", ""buy_8th_pre_bid"": ""+25300"", ""buy_8th_pre_req"": ""4673"", ""buy_8th_pre_req_pre"": ""0"", ""buy_9th_pre_bid"": ""+25250"", ""buy_9th_pre_req"": ""2681"", ""buy_9th_pre_req_pre"": ""0"", ""buy_10th_pre_bid"": ""+25200"", ""buy_10th_pre_req"": ""2984"", ""buy_10th_pre_req_pre"": ""0"", ""tot_sel_req_jub_pre"": ""+50"", ""tot_sel_req"": ""111074"", ""tot_buy_req"": ""31088"", ""tot_buy_req_jub_pre"": ""0"", ""ovt_sel_req_pre"": ""0"", ""ovt_sel_req"": ""0"", ""ovt_buy_req"": ""0"", ""ovt_buy_req_pre"": ""0"", ""return_code"": 0, ""return_msg"": ""정상적으로 처리되었습니다""}"
2026-06-10,scan_candidate,161390,,0,main_scan,71600,,71600,71500,71600,71800,0.13966480446927373,0.13966480446927373,,,,,,"{""bid_req_base_tm"": ""101207"", ""sel_10th_pre_req_pre"": ""0"", ""sel_10th_pre_req"": ""201"", ""sel_10th_pre_bid"": ""-72500"", ""sel_9th_pre_req_pre"": ""0"", ""sel_9th_pre_req"": ""5"", ""sel_9th_pre_bid"": ""-72400"", ""sel_8th_pre_req_pre"": ""0"", ""sel_8th_pre_req"": ""34"", ""sel_8th_pre_bid"": ""-72300"", ""sel_7th_pre_req_pre"": ""0"", ""sel_7th_pre_req"": ""9"", ""sel_7th_pre_bid"": ""-72200"", ""sel_6th_pre_req_pre"": ""0"", ""sel_6th_pre_req"": ""13"", ""sel_6th_pre_bid"": ""-72100"", ""sel_5th_pre_req_pre"": ""0"", ""sel_5th_pre_req"": ""184"", ""sel_5th_pre_bid"": ""-72000"", ""sel_4th_pre_req_pre"": ""0"", ""sel_4th_pre_req"": ""160"", ""sel_4th_pre_bid"": ""-71900"", ""sel_3th_pre_req_pre"": ""0"", ""sel_3th_pre_req"": ""23"", ""sel_3th_pre_bid"": ""-71800"", ""sel_2th_pre_req_pre"": ""0"", ""sel_2th_pre_req"": ""248"", ""sel_2th_pre_bid"": ""-71700"", ""sel_1th_pre_req_pre"": ""0"", ""sel_fpr_req"": ""1447"", ""sel_fpr_bid"": ""-71600"", ""buy_fpr_bid"": ""-71500"", ""buy_fpr_req"": ""946"", ""buy_1th_pre_req_pre"": ""0"", ""buy_2th_pre_bid"": ""-71400"", ""buy_2th_pre_req"": ""462"", ""buy_2th_pre_req_pre"": ""+31"", ""buy_3th_pre_bid"": ""-71300"", ""buy_3th_pre_req"": ""479"", ""buy_3th_pre_req_pre"": ""0"", ""buy_4th_pre_bid"": ""-71200"", ""buy_4th_pre_req"": ""426"", ""buy_4th_pre_req_pre"": ""0"", ""buy_5th_pre_bid"": ""-71100"", ""buy_5th_pre_req"": ""252"", ""buy_5th_pre_req_pre"": ""0"", ""buy_6th_pre_bid"": ""-71000"", ""buy_6th_pre_req"": ""1014"", ""buy_6th_pre_req_pre"": ""0"", ""buy_7th_pre_bid"": ""-70900"", ""buy_7th_pre_req"": ""2117"", ""buy_7th_pre_req_pre"": ""0"", ""buy_8th_pre_bid"": ""-70800"", ""buy_8th_pre_req"": ""153"", ""buy_8th_pre_req_pre"": ""0"", ""buy_9th_pre_bid"": ""-70700"", ""buy_9th_pre_req"": ""71"", ""buy_9th_pre_req_pre"": ""0"", ""buy_10th_pre_bid"": ""-70600"", ""buy_10th_pre_req"": ""86"", ""buy_10th_pre_req_pre"": ""0"", ""tot_sel_req_jub_pre"": ""0"", ""tot_sel_req"": ""2324"", ""tot_buy_req"": ""6006"", ""tot_buy_req_jub_pre"": ""+31"", ""ovt_sel_req_pre"": ""0"", ""ovt_sel_req"": ""0"", ""ovt_buy_req"": ""0"", ""ovt_buy_req_pre"": ""0"", ""return_code"": 0, ""return_msg"": ""정상적으로 처리되었습니다""}"
2026-06-10,scan_candidate,003230,,0,main_scan,1161000,,1161000,1159000,1161000,1155000,-0.6029285099052542,0.17226528854435832,,,,,,"{""bid_req_base_tm"": ""101208"", ""sel_10th_pre_req_pre"": ""0"", ""sel_10th_pre_req"": ""27"", ""sel_10th_pre_bid"": ""+1170000"", ""sel_9th_pre_req_pre"": ""0"", ""sel_9th_pre_req"": ""17"", ""sel_9th_pre_bid"": ""+1169000"", ""sel_8th_pre_req_pre"": ""0"", ""sel_8th_pre_req"": ""15"", ""sel_8th_pre_bid"": ""+1168000"", ""sel_7th_pre_req_pre"": ""0"", ""sel_7th_pre_req"": ""6"", ""sel_7th_pre_bid"": ""+1167000"", ""sel_6th_pre_req_pre"": ""0"", ""sel_6th_pre_req"": ""15"", ""sel_6th_pre_bid"": ""+1166000"", ""sel_5th_pre_req_pre"": ""0"", ""sel_5th_pre_req"": ""74"", ""sel_5th_pre_bid"": ""+1165000"", ""sel_4th_pre_req_pre"": ""0"", ""sel_4th_pre_req"": ""23"", ""sel_4th_pre_bid"": ""+1164000"", ""sel_3th_pre_req_pre"": ""0"", ""sel_3th_pre_req"": ""20"", ""sel_3th_pre_bid"": ""+1163000"", ""sel_2th_pre_req_pre"": ""0"", ""sel_2th_pre_req"": ""20"", ""sel_2th_pre_bid"": ""+1162000"", ""sel_1th_pre_req_pre"": ""+1"", ""sel_fpr_req"": ""28"", ""sel_fpr_bid"": ""+1161000"", ""buy_fpr_bid"": ""+1159000"", ""buy_fpr_req"": ""16"", ""buy_1th_pre_req_pre"": ""0"", ""buy_2th_pre_bid"": ""+1158000"", ""buy_2th_pre_req"": ""5"", ""buy_2th_pre_req_pre"": ""0"", ""buy_3th_pre_bid"": ""+1157000"", ""buy_3th_pre_req"": ""20"", ""buy_3th_pre_req_pre"": ""0"", ""buy_4th_pre_bid"": ""+1154000"", ""buy_4th_pre_req"": ""10"", ""buy_4th_pre_req_pre"": ""0"", ""buy_5th_pre_bid"": ""+1153000"", ""buy_5th_pre_req"": ""10"", ""buy_5th_pre_req_pre"": ""0"", ""buy_6th_pre_bid"": ""+1152000"", ""buy_6th_pre_req"": ""2"", ""buy_6th_pre_req_pre"": ""0"", ""buy_7th_pre_bid"": ""+1150000"", ""buy_7th_pre_req"": ""13"", ""buy_7th_pre_req_pre"": ""0"", ""buy_8th_pre_bid"": ""+1149000"", ""buy_8th_pre_req"": ""1"", ""buy_8th_pre_req_pre"": ""0"", ""buy_9th_pre_bid"": ""+1148000"", ""buy_9th_pre_req"": ""3"", ""buy_9th_pre_req_pre"": ""0"", ""buy_10th_pre_bid"": ""+1146000"", ""buy_10th_pre_req"": ""45"", ""buy_10th_pre_req_pre"": ""0"", ""tot_sel_req_jub_pre"": ""+1"", ""tot_sel_req"": ""245"", ""tot_buy_req"": ""125"", ""tot_buy_req_jub_pre"": ""0"", ""ovt_sel_req_pre"": ""0"", ""ovt_sel_req"": ""0"", ""ovt_buy_req"": ""0"", ""ovt_buy_req_pre"": ""0"", ""return_code"": 0, ""return_msg"": ""정상적으로 처리되었습니다""}"
2026-06-10,scan_candidate,000880,,0,main_scan,119000,,119000,118900,119000,118500,-0.8403361344537815,0.08403361344537816,,,,,,"{""bid_req_base_tm"": ""101208"", ""sel_10th_pre_req_pre"": ""0"", ""sel_10th_pre_req"": ""673"", ""sel_10th_pre_bid"": ""+120200"", ""sel_9th_pre_req_pre"": ""0"", ""sel_9th_pre_req"": ""77"", ""sel_9th_pre_bid"": ""+120100"", ""sel_8th_pre_req_pre"": ""0"", ""sel_8th_pre_req"": ""318"", ""sel_8th_pre_bid"": ""+120000"", ""sel_7th_pre_req_pre"": ""0"", ""sel_7th_pre_req"": ""150"", ""sel_7th_pre_bid"": ""+119900"", ""sel_6th_pre_req_pre"": ""0"", ""sel_6th_pre_req"": ""7"", ""sel_6th_pre_bid"": ""+119800"", ""sel_5th_pre_req_pre"": ""0"", ""sel_5th_pre_req"": ""12"", ""sel_5th_pre_bid"": ""+119600"", ""sel_4th_pre_req_pre"": ""0"", ""sel_4th_pre_req"": ""1"", ""sel_4th_pre_bid"": ""+119400"", ""sel_3th_pre_req_pre"": ""0"", ""sel_3th_pre_req"": ""40"", ""sel_3th_pre_bid"": ""+119300"", ""sel_2th_pre_req_pre"": ""0"", ""sel_2th_pre_req"": ""80"", ""sel_2th_pre_bid"": ""+119100"", ""sel_1th_pre_req_pre"": ""+12"", ""sel_fpr_req"": ""75"", ""sel_fpr_bid"": ""+119000"", ""buy_fpr_bid"": ""+118900"", ""buy_fpr_req"": ""22"", ""buy_1th_pre_req_pre"": ""0"", ""buy_2th_pre_bid"": ""+118700"", ""buy_2th_pre_req"": ""72"", ""buy_2th_pre_req_pre"": ""0"", ""buy_3th_pre_bid"": ""+118600"", ""buy_3th_pre_req"": ""37"", ""buy_3th_pre_req_pre"": ""0"", ""buy_4th_pre_bid"": ""+118500"", ""buy_4th_pre_req"": ""6"", ""buy_4th_pre_req_pre"": ""0"", ""buy_5th_pre_bid"": ""+118400"", ""buy_5th_pre_req"": ""9"", ""buy_5th_pre_req_pre"": ""0"", ""buy_6th_pre_bid"": ""+118300"", ""buy_6th_pre_req"": ""519"", ""buy_6th_pre_req_pre"": ""0"", ""buy_7th_pre_bid"": ""+118200"", ""buy_7th_pre_req"": ""10"", ""buy_7th_pre_req_pre"": ""0"", ""buy_8th_pre_bid"": ""+118000"", ""buy_8th_pre_req"": ""7"", ""buy_8th_pre_req_pre"": ""0"", ""buy_9th_pre_bid"": ""+117900"", ""buy_9th_pre_req"": ""1"", ""buy_9th_pre_req_pre"": ""0"", ""buy_10th_pre_bid"": ""+117800"", ""buy_10th_pre_req"": ""10"", ""buy_10th_pre_req_pre"": ""0"", ""tot_sel_req_jub_pre"": ""+12"", ""tot_sel_req"": ""1433"", ""tot_buy_req"": ""693"", ""tot_buy_req_jub_pre"": ""0"", ""ovt_sel_req_pre"": ""0"", ""ovt_sel_req"": ""0"", ""ovt_buy_req"": ""0"", ""ovt_buy_req_pre"": ""0"", ""return_code"": 0, ""return_msg"": ""정상적으로 처리되었습니다""}"
2026-06-10,scan_candidate,180640,,0,main_scan,119500,,119500,119400,119500,119000,-0.8368200836820083,0.08368200836820083,,,,,,"{""bid_req_base_tm"": ""101209"", ""sel_10th_pre_req_pre"": ""0"", ""sel_10th_pre_req"": ""40"", ""sel_10th_pre_bid"": ""+120400"", ""sel_9th_pre_req_pre"": ""0"", ""sel_9th_pre_req"": ""116"", ""sel_9th_pre_bid"": ""+120300"", ""sel_8th_pre_req_pre"": ""0"", ""sel_8th_pre_req"": ""12"", ""sel_8th_pre_bid"": ""+120200"", ""sel_7th_pre_req_pre"": ""0"", ""sel_7th_pre_req"": ""229"", ""sel_7th_pre_bid"": ""+120100"", ""sel_6th_pre_req_pre"": ""0"", ""sel_6th_pre_req"": ""561"", ""sel_6th_pre_bid"": ""+120000"", ""sel_5th_pre_req_pre"": ""0"", ""sel_5th_pre_req"": ""185"", ""sel_5th_pre_bid"": ""+119900"", ""sel_4th_pre_req_pre"": ""0"", ""sel_4th_pre_req"": ""1"", ""sel_4th_pre_bid"": ""+119800"", ""sel_3th_pre_req_pre"": ""0"", ""sel_3th_pre_req"": ""53"", ""sel_3th_pre_bid"": ""+119700"", ""sel_2th_pre_req_pre"": ""0"", ""sel_2th_pre_req"": ""10"", ""sel_2th_pre_bid"": ""+119600"", ""sel_1th_pre_req_pre"": ""0"", ""sel_fpr_req"": ""25"", ""sel_fpr_bid"": ""+119500"", ""buy_fpr_bid"": ""+119400"", ""buy_fpr_req"": ""59"", ""buy_1th_pre_req_pre"": ""+2"", ""buy_2th_pre_bid"": ""+119300"", ""buy_2th_pre_req"": ""1"", ""buy_2th_pre_req_pre"": ""--2"", ""buy_3th_pre_bid"": ""+119200"", ""buy_3th_pre_req"": ""3"", ""buy_3th_pre_req_pre"": ""0"", ""buy_4th_pre_bid"": ""+118900"", ""buy_4th_pre_req"": ""1"", ""buy_4th_pre_req_pre"": ""0"", ""buy_5th_pre_bid"": ""+118800"", ""buy_5th_pre_req"": ""17"", ""buy_5th_pre_req_pre"": ""0"", ""buy_6th_pre_bid"": ""+118700"", ""buy_6th_pre_req"": ""16"", ""buy_6th_pre_req_pre"": ""0"", ""buy_7th_pre_bid"": ""+118400"", ""buy_7th_pre_req"": ""326"", ""buy_7th_pre_req_pre"": ""0"", ""buy_8th_pre_bid"": ""+118300"", ""buy_8th_pre_req"": ""20"", ""buy_8th_pre_req_pre"": ""0"", ""buy_9th_pre_bid"": ""+118200"", ""buy_9th_pre_req"": ""12"", ""buy_9th_pre_req_pre"": ""0"", ""buy_10th_pre_bid"": ""+118100"", ""buy_10th_pre_req"": ""106"", ""buy_10th_pre_req_pre"": ""0"", ""tot_sel_req_jub_pre"": ""0"", ""tot_sel_req"": ""1232"", ""tot_buy_req"": ""561"", ""tot_buy_req_jub_pre"": ""0"", ""ovt_sel_req_pre"": ""0"", ""ovt_sel_req"": ""0"", ""ovt_buy_req"": ""0"", ""ovt_buy_req_pre"": ""0"", ""return_code"": 0, ""return_msg"": ""정상적으로 처리되었습니다""}"
2026-06-10,scan_candidate,454910,,0,main_scan,110100,,110100,110000,110100,110000,-0.544959128065395,0.09082652134423251,,,,,,"{""bid_req_base_tm"": ""101209"", ""sel_10th_pre_req_pre"": ""0"", ""sel_10th_pre_req"": ""1076"", ""sel_10th_pre_bid"": ""-111000"", ""sel_9th_pre_req_pre"": ""0"", ""sel_9th_pre_req"": ""275"", ""sel_9th_pre_bid"": ""-110900"", ""sel_8th_pre_req_pre"": ""0"", ""sel_8th_pre_req"": ""369"", ""sel_8th_pre_bid"": ""-110800"", ""sel_7th_pre_req_pre"": ""0"", ""sel_7th_pre_req"": ""56"", ""sel_7th_pre_bid"": ""-110700"", ""sel_6th_pre_req_pre"": ""0"", ""sel_6th_pre_req"": ""974"", ""sel_6th_pre_bid"": ""-110600"", ""sel_5th_pre_req_pre"": ""0"", ""sel_5th_pre_req"": ""205"", ""sel_5th_pre_bid"": ""-110500"", ""sel_4th_pre_req_pre"": ""0"", ""sel_4th_pre_req"": ""79"", ""sel_4th_pre_bid"": ""-110400"", ""sel_3th_pre_req_pre"": ""0"", ""sel_3th_pre_req"": ""87"", ""sel_3th_pre_bid"": ""-110300"", ""sel_2th_pre_req_pre"": ""0"", ""sel_2th_pre_req"": ""2089"", ""sel_2th_pre_bid"": ""-110200"", ""sel_1th_pre_req_pre"": ""0"", ""sel_fpr_req"": ""111"", ""sel_fpr_bid"": ""-110100"", ""buy_fpr_bid"": ""-110000"", ""buy_fpr_req"": ""187"", ""buy_1th_pre_req_pre"": ""0"", ""buy_2th_pre_bid"": ""-109900"", ""buy_2th_pre_req"": ""95"", ""buy_2th_pre_req_pre"": ""0"", ""buy_3th_pre_bid"": ""-109800"", ""buy_3th_pre_req"": ""160"", ""buy_3th_pre_req_pre"": ""0"", ""buy_4th_pre_bid"": ""-109700"", ""buy_4th_pre_req"": ""165"", ""buy_4th_pre_req_pre"": ""0"", ""buy_5th_pre_bid"": ""-109600"", ""buy_5th_pre_req"": ""592"", ""buy_5th_pre_req_pre"": ""+1"", ""buy_6th_pre_bid"": ""-109500"", ""buy_6th_pre_req"": ""3312"", ""buy_6th_pre_req_pre"": ""0"", ""buy_7th_pre_bid"": ""-109400"", ""buy_7th_pre_req"": ""1271"", ""buy_7th_pre_req_pre"": ""0"", ""buy_8th_pre_bid"": ""-109300"", ""buy_8th_pre_req"": ""1397"", ""buy_8th_pre_req_pre"": ""0"", ""buy_9th_pre_bid"": ""-109200"", ""buy_9th_pre_req"": ""2429"", ""buy_9th_pre_req_pre"": ""0"", ""buy_10th_pre_bid"": ""-109100"", ""buy_10th_pre_req"": ""1767"", ""buy_10th_pre_req_pre"": ""0"", ""tot_sel_req_jub_pre"": ""0"", ""tot_sel_req"": ""5321"", ""tot_buy_req"": ""11375"", ""tot_buy_req_jub_pre"": ""+1"", ""ovt_sel_req_pre"": ""0"", ""ovt_sel_req"": ""0"", ""ovt_buy_req"": ""0"", ""ovt_buy_req_pre"": ""0"", ""return_code"": 0, ""return_msg"": ""정상적으로 처리되었습니다""}"
2026-06-10,scan_candidate,353200,,0,main_scan,158300,,158300,157800,158300,157500,-0.82122552116235,0.3158559696778269,,,,,,"{""bid_req_base_tm"": ""101209"", ""sel_10th_pre_req_pre"": ""0"", ""sel_10th_pre_req"": ""179"", ""sel_10th_pre_bid"": ""+159200"", ""sel_9th_pre_req_pre"": ""0"", ""sel_9th_pre_req"": ""248"", ""sel_9th_pre_bid"": ""+159100"", ""sel_8th_pre_req_pre"": ""0"", ""sel_8th_pre_req"": ""2621"", ""sel_8th_pre_bid"": ""+159000"", ""sel_7th_pre_req_pre"": ""0"", ""sel_7th_pre_req"": ""943"", ""sel_7th_pre_bid"": ""+158900"", ""sel_6th_pre_req_pre"": ""0"", ""sel_6th_pre_req"": ""372"", ""sel_6th_pre_bid"": ""+158800"", ""sel_5th_pre_req_pre"": ""0"", ""sel_5th_pre_req"": ""673"", ""sel_5th_pre_bid"": ""+158700"", ""sel_4th_pre_req_pre"": ""0"", ""sel_4th_pre_req"": ""419"", ""sel_4th_pre_bid"": ""+158600"", ""sel_3th_pre_req_pre"": ""0"", ""sel_3th_pre_req"": ""312"", ""sel_3th_pre_bid"": ""+158500"", ""sel_2th_pre_req_pre"": ""+44"", ""sel_2th_pre_req"": ""188"", ""sel_2th_pre_bid"": ""+158400"", ""sel_1th_pre_req_pre"": ""0"", ""sel_fpr_req"": ""167"", ""sel_fpr_bid"": ""+158300"", ""buy_fpr_bid"": ""+157800"", ""buy_fpr_req"": ""5"", ""buy_1th_pre_req_pre"": ""0"", ""buy_2th_pre_bid"": ""+157700"", ""buy_2th_pre_req"": ""7"", ""buy_2th_pre_req_pre"": ""0"", ""buy_3th_pre_bid"": ""+157600"", ""buy_3th_pre_req"": ""41"", ""buy_3th_pre_req_pre"": ""--11"", ""buy_4th_pre_bid"": ""+157500"", ""buy_4th_pre_req"": ""172"", ""buy_4th_pre_req_pre"": ""+11"", ""buy_5th_pre_bid"": ""+157400"", ""buy_5th_pre_req"": ""198"", ""buy_5th_pre_req_pre"": ""0"", ""buy_6th_pre_bid"": ""+157300"", ""buy_6th_pre_req"": ""17"", ""buy_6th_pre_req_pre"": ""0"", ""buy_7th_pre_bid"": ""+157200"", ""buy_7th_pre_req"": ""123"", ""buy_7th_pre_req_pre"": ""0"", ""buy_8th_pre_bid"": ""+157100"", ""buy_8th_pre_req"": ""361"", ""buy_8th_pre_req_pre"": ""0"", ""buy_9th_pre_bid"": ""+157000"", ""buy_9th_pre_req"": ""208"", ""buy_9th_pre_req_pre"": ""0"", ""buy_10th_pre_bid"": ""+156900"", ""buy_10th_pre_req"": ""5"", ""buy_10th_pre_req_pre"": ""0"", ""tot_sel_req_jub_pre"": ""--177"", ""tot_sel_req"": ""6122"", ""tot_buy_req"": ""1137"", ""tot_buy_req_jub_pre"": ""0"", ""ovt_sel_req_pre"": ""0"", ""ovt_sel_req"": ""0"", ""ovt_buy_req"": ""0"", ""ovt_buy_req_pre"": ""0"", ""return_code"": 0, ""return_msg"": ""정상적으로 처리되었습니다""}"
2026-06-10,scan_candidate,034220,,0,main_scan,13220,,13220,13210,13220,13200,-0.529500756429652,0.07564296520423601,,,,,,"{""bid_req_base_tm"": ""101209"", ""sel_10th_pre_req_pre"": ""0"", ""sel_10th_pre_req"": ""3930"", ""sel_10th_pre_bid"": ""-13310"", ""sel_9th_pre_req_pre"": ""0"", ""sel_9th_pre_req"": ""3907"", ""sel_9th_pre_bid"": ""-13300"", ""sel_8th_pre_req_pre"": ""0"", ""sel_8th_pre_req"": ""13984"", ""sel_8th_pre_bid"": ""-13290"", ""sel_7th_pre_req_pre"": ""0"", ""sel_7th_pre_req"": ""1628"", ""sel_7th_pre_bid"": ""-13280"", ""sel_6th_pre_req_pre"": ""0"", ""sel_6th_pre_req"": ""1188"", ""sel_6th_pre_bid"": ""-13270"", ""sel_5th_pre_req_pre"": ""0"", ""sel_5th_pre_req"": ""911"", ""sel_5th_pre_bid"": ""-13260"", ""sel_4th_pre_req_pre"": ""0"", ""sel_4th_pre_req"": ""102"", ""sel_4th_pre_bid"": ""-13250"", ""sel_3th_pre_req_pre"": ""0"", ""sel_3th_pre_req"": ""149"", ""sel_3th_pre_bid"": ""-13240"", ""sel_2th_pre_req_pre"": ""0"", ""sel_2th_pre_req"": ""1"", ""sel_2th_pre_bid"": ""-13230"", ""sel_1th_pre_req_pre"": ""0"", ""sel_fpr_req"": ""1199"", ""sel_fpr_bid"": ""-13220"", ""buy_fpr_bid"": ""-13210"", ""buy_fpr_req"": ""664"", ""buy_1th_pre_req_pre"": ""0"", ""buy_2th_pre_bid"": ""-13200"", ""buy_2th_pre_req"": ""148"", ""buy_2th_pre_req_pre"": ""0"", ""buy_3th_pre_bid"": ""-13190"", ""buy_3th_pre_req"": ""371"", ""buy_3th_pre_req_pre"": ""0"", ""buy_4th_pre_bid"": ""-13180"", ""buy_4th_pre_req"": ""446"", ""buy_4th_pre_req_pre"": ""0"", ""buy_5th_pre_bid"": ""-13170"", ""buy_5th_pre_req"": ""888"", ""buy_5th_pre_req_pre"": ""0"", ""buy_6th_pre_bid"": ""-13160"", ""buy_6th_pre_req"": ""546"", ""buy_6th_pre_req_pre"": ""0"", ""buy_7th_pre_bid"": ""-13150"", ""buy_7th_pre_req"": ""1308"", ""buy_7th_pre_req_pre"": ""0"", ""buy_8th_pre_bid"": ""-13140"", ""buy_8th_pre_req"": ""628"", ""buy_8th_pre_req_pre"": ""0"", ""buy_9th_pre_bid"": ""-13130"", ""buy_9th_pre_req"": ""926"", ""buy_9th_pre_req_pre"": ""0"", ""buy_10th_pre_bid"": ""-13120"", ""buy_10th_pre_req"": ""1524"", ""buy_10th_pre_req_pre"": ""0"", ""tot_sel_req_jub_pre"": ""0"", ""tot_sel_req"": ""26999"", ""tot_buy_req"": ""7449"", ""tot_buy_req_jub_pre"": ""0"", ""ovt_sel_req_pre"": ""0"", ""ovt_sel_req"": ""0"", ""ovt_buy_req"": ""0"", ""ovt_buy_req_pre"": ""0"", ""return_code"": 0, ""return_msg"": ""정상적으로 처리되었습니다""}"
2026-06-10,scan_candidate,267270,,0,main_scan,149800,,149800,149300,149800,149500,-0.5340453938584779,0.33377837116154874,,,,,,"{""bid_req_base_tm"": ""101208"", ""sel_10th_pre_req_pre"": ""0"", ""sel_10th_pre_req"": ""64"", ""sel_10th_pre_bid"": ""+150900"", ""sel_9th_pre_req_pre"": ""0"", ""sel_9th_pre_req"": ""99"", ""sel_9th_pre_bid"": ""+150800"", ""sel_8th_pre_req_pre"": ""0"", ""sel_8th_pre_req"": ""2"", ""sel_8th_pre_bid"": ""+150600"", ""sel_7th_pre_req_pre"": ""0"", ""sel_7th_pre_req"": ""4"", ""sel_7th_pre_bid"": ""+150500"", ""sel_6th_pre_req_pre"": ""0"", ""sel_6th_pre_req"": ""2"", ""sel_6th_pre_bid"": ""+150400"", ""sel_5th_pre_req_pre"": ""0"", ""sel_5th_pre_req"": ""5"", ""sel_5th_pre_bid"": ""+150300"", ""sel_4th_pre_req_pre"": ""0"", ""sel_4th_pre_req"": ""2"", ""sel_4th_pre_bid"": ""+150200"", ""sel_3th_pre_req_pre"": ""0"", ""sel_3th_pre_req"": ""13"", ""sel_3th_pre_bid"": ""+150100"", ""sel_2th_pre_req_pre"": ""0"", ""sel_2th_pre_req"": ""11"", ""sel_2th_pre_bid"": ""+150000"", ""sel_1th_pre_req_pre"": ""+9"", ""sel_fpr_req"": ""58"", ""sel_fpr_bid"": ""+149800"", ""buy_fpr_bid"": ""+149300"", ""buy_fpr_req"": ""28"", ""buy_1th_pre_req_pre"": ""0"", ""buy_2th_pre_bid"": ""+149200"", ""buy_2th_pre_req"": ""40"", ""buy_2th_pre_req_pre"": ""0"", ""buy_3th_pre_bid"": ""+149100"", ""buy_3th_pre_req"": ""18"", ""buy_3th_pre_req_pre"": ""0"", ""buy_4th_pre_bid"": ""+149000"", ""buy_4th_pre_req"": ""16"", ""buy_4th_pre_req_pre"": ""0"", ""buy_5th_pre_bid"": ""+148900"", ""buy_5th_pre_req"": ""19"", ""buy_5th_pre_req_pre"": ""0"", ""buy_6th_pre_bid"": ""+148800"", ""buy_6th_pre_req"": ""3"", ""buy_6th_pre_req_pre"": ""0"", ""buy_7th_pre_bid"": ""+148700"", ""buy_7th_pre_req"": ""14"", ""buy_7th_pre_req_pre"": ""0"", ""buy_8th_pre_bid"": ""+148600"", ""buy_8th_pre_req"": ""12"", ""buy_8th_pre_req_pre"": ""0"", ""buy_9th_pre_bid"": ""+148500"", ""buy_9th_pre_req"": ""40"", ""buy_9th_pre_req_pre"": ""0"", ""buy_10th_pre_bid"": ""+148400"", ""buy_10th_pre_req"": ""13"", ""buy_10th_pre_req_pre"": ""0"", ""tot_sel_req_jub_pre"": ""+9"", ""tot_sel_req"": ""260"", ""tot_buy_req"": ""203"", ""tot_buy_req_jub_pre"": ""0"", ""ovt_sel_req_pre"": ""0"", ""ovt_sel_req"": ""0"", ""ovt_buy_req"": ""0"", ""ovt_buy_req_pre"": ""0"", ""return_code"": 0, ""return_msg"": ""정상적으로 처리되었습니다""}"
2026-06-10,scan_candidate,062040,,0,main_scan,230500,,230500,230000,230500,229000,-0.8676789587852495,0.21691973969631237,,,,,,"{""bid_req_base_tm"": ""101209"", ""sel_10th_pre_req_pre"": ""0"", ""sel_10th_pre_req"": ""1184"", ""sel_10th_pre_bid"": ""+235000"", ""sel_9th_pre_req_pre"": ""0"", ""sel_9th_pre_req"": ""546"", ""sel_9th_pre_bid"": ""+234500"", ""sel_8th_pre_req_pre"": ""0"", ""sel_8th_pre_req"": ""359"", ""sel_8th_pre_bid"": ""+234000"", ""sel_7th_pre_req_pre"": ""0"", ""sel_7th_pre_req"": ""505"", ""sel_7th_pre_bid"": ""+233500"", ""sel_6th_pre_req_pre"": ""0"", ""sel_6th_pre_req"": ""1446"", ""sel_6th_pre_bid"": ""+233000"", ""sel_5th_pre_req_pre"": ""+1"", ""sel_5th_pre_req"": ""421"", ""sel_5th_pre_bid"": ""+232500"", ""sel_4th_pre_req_pre"": ""0"", ""sel_4th_pre_req"": ""370"", ""sel_4th_pre_bid"": ""+232000"", ""sel_3th_pre_req_pre"": ""0"", ""sel_3th_pre_req"": ""239"", ""sel_3th_pre_bid"": ""+231500"", ""sel_2th_pre_req_pre"": ""0"", ""sel_2th_pre_req"": ""254"", ""sel_2th_pre_bid"": ""+231000"", ""sel_1th_pre_req_pre"": ""0"", ""sel_fpr_req"": ""57"", ""sel_fpr_bid"": ""+230500"", ""buy_fpr_bid"": ""+230000"", ""buy_fpr_req"": ""94"", ""buy_1th_pre_req_pre"": ""0"", ""buy_2th_pre_bid"": ""+229500"", ""buy_2th_pre_req"": ""77"", ""buy_2th_pre_req_pre"": ""0"", ""buy_3th_pre_bid"": ""+229000"", ""buy_3th_pre_req"": ""136"", ""buy_3th_pre_req_pre"": ""0"", ""buy_4th_pre_bid"": ""+228500"", ""buy_4th_pre_req"": ""82"", ""buy_4th_pre_req_pre"": ""0"", ""buy_5th_pre_bid"": ""+228000"", ""buy_5th_pre_req"": ""132"", ""buy_5th_pre_req_pre"": ""0"", ""buy_6th_pre_bid"": ""+227500"", ""buy_6th_pre_req"": ""101"", ""buy_6th_pre_req_pre"": ""0"", ""buy_7th_pre_bid"": ""+227000"", ""buy_7th_pre_req"": ""131"", ""buy_7th_pre_req_pre"": ""0"", ""buy_8th_pre_bid"": ""+226500"", ""buy_8th_pre_req"": ""36"", ""buy_8th_pre_req_pre"": ""0"", ""buy_9th_pre_bid"": ""+226000"", ""buy_9th_pre_req"": ""261"", ""buy_9th_pre_req_pre"": ""0"", ""buy_10th_pre_bid"": ""+225500"", ""buy_10th_pre_req"": ""299"", ""buy_10th_pre_req_pre"": ""0"", ""tot_sel_req_jub_pre"": ""+1"", ""tot_sel_req"": ""5381"", ""tot_buy_req"": ""1349"", ""tot_buy_req_jub_pre"": ""0"", ""ovt_sel_req_pre"": ""0"", ""ovt_sel_req"": ""0"", ""ovt_buy_req"": ""0"", ""ovt_buy_req_pre"": ""0"", ""return_code"": 0, ""return_msg"": ""정상적으로 처리되었습니다""}"
2026-06-10,scan_candidate,078930,,0,main_scan,73200,,73200,73100,73200,73300,0.0,0.1366120218579235,,,,,,"{""bid_req_base_tm"": ""101206"", ""sel_10th_pre_req_pre"": ""0"", ""sel_10th_pre_req"": ""64"", ""sel_10th_pre_bid"": ""+74500"", ""sel_9th_pre_req_pre"": ""0"", ""sel_9th_pre_req"": ""76"", ""sel_9th_pre_bid"": ""+74400"", ""sel_8th_pre_req_pre"": ""0"", ""sel_8th_pre_req"": ""41"", ""sel_8th_pre_bid"": ""+74200"", ""sel_7th_pre_req_pre"": ""0"", ""sel_7th_pre_req"": ""60"", ""sel_7th_pre_bid"": ""+74000"", ""sel_6th_pre_req_pre"": ""0"", ""sel_6th_pre_req"": ""55"", ""sel_6th_pre_bid"": ""-73700"", ""sel_5th_pre_req_pre"": ""0"", ""sel_5th_pre_req"": ""48"", ""sel_5th_pre_bid"": ""-73600"", ""sel_4th_pre_req_pre"": ""0"", ""sel_4th_pre_req"": ""168"", ""sel_4th_pre_bid"": ""-73500"", ""sel_3th_pre_req_pre"": ""0"", ""sel_3th_pre_req"": ""119"", ""sel_3th_pre_bid"": ""-73400"", ""sel_2th_pre_req_pre"": ""0"", ""sel_2th_pre_req"": ""69"", ""sel_2th_pre_bid"": ""-73300"", ""sel_1th_pre_req_pre"": ""--20"", ""sel_fpr_req"": ""387"", ""sel_fpr_bid"": ""-73200"", ""buy_fpr_bid"": ""-73100"", ""buy_fpr_req"": ""531"", ""buy_1th_pre_req_pre"": ""0"", ""buy_2th_pre_bid"": ""-73000"", ""buy_2th_pre_req"": ""115"", ""buy_2th_pre_req_pre"": ""0"", ""buy_3th_pre_bid"": ""-72900"", ""buy_3th_pre_req"": ""60"", ""buy_3th_pre_req_pre"": ""0"", ""buy_4th_pre_bid"": ""-72700"", ""buy_4th_pre_req"": ""53"", ""buy_4th_pre_req_pre"": ""0"", ""buy_5th_pre_bid"": ""-72400"", ""buy_5th_pre_req"": ""1"", ""buy_5th_pre_req_pre"": ""0"", ""buy_6th_pre_bid"": ""-72300"", ""buy_6th_pre_req"": ""51"", ""buy_6th_pre_req_pre"": ""0"", ""buy_7th_pre_bid"": ""-72200"", ""buy_7th_pre_req"": ""128"", ""buy_7th_pre_req_pre"": ""0"", ""buy_8th_pre_bid"": ""-72100"", ""buy_8th_pre_req"": ""508"", ""buy_8th_pre_req_pre"": ""0"", ""buy_9th_pre_bid"": ""-72000"", ""buy_9th_pre_req"": ""157"", ""buy_9th_pre_req_pre"": ""0"", ""buy_10th_pre_bid"": ""-71900"", ""buy_10th_pre_req"": ""111"", ""buy_10th_pre_req_pre"": ""0"", ""tot_sel_req_jub_pre"": ""--20"", ""tot_sel_req"": ""1087"", ""tot_buy_req"": ""1715"", ""tot_buy_req_jub_pre"": ""0"", ""ovt_sel_req_pre"": ""0"", ""ovt_sel_req"": ""0"", ""ovt_buy_req"": ""0"", ""ovt_buy_req_pre"": ""0"", ""return_code"": 0, ""return_msg"": ""정상적으로 처리되었습니다""}"
2026-06-10,scan_candidate,090430,,0,main_scan,112800,,112800,112700,112800,112500,-0.7092198581560284,0.08865248226950355,,,,,,"{""bid_req_base_tm"": ""101208"", ""sel_10th_pre_req_pre"": ""0"", ""sel_10th_pre_req"": ""5"", ""sel_10th_pre_bid"": ""+113700"", ""sel_9th_pre_req_pre"": ""0"", ""sel_9th_pre_req"": ""116"", ""sel_9th_pre_bid"": ""+113600"", ""sel_8th_pre_req_pre"": ""0"", ""sel_8th_pre_req"": ""357"", ""sel_8th_pre_bid"": ""+113500"", ""sel_7th_pre_req_pre"": ""0"", ""sel_7th_pre_req"": ""165"", ""sel_7th_pre_bid"": ""+113400"", ""sel_6th_pre_req_pre"": ""0"", ""sel_6th_pre_req"": ""56"", ""sel_6th_pre_bid"": ""+113300"", ""sel_5th_pre_req_pre"": ""0"", ""sel_5th_pre_req"": ""25"", ""sel_5th_pre_bid"": ""+113200"", ""sel_4th_pre_req_pre"": ""0"", ""sel_4th_pre_req"": ""3"", ""sel_4th_pre_bid"": ""+113100"", ""sel_3th_pre_req_pre"": ""0"", ""sel_3th_pre_req"": ""152"", ""sel_3th_pre_bid"": ""+113000"", ""sel_2th_pre_req_pre"": ""0"", ""sel_2th_pre_req"": ""27"", ""sel_2th_pre_bid"": ""+112900"", ""sel_1th_pre_req_pre"": ""0"", ""sel_fpr_req"": ""74"", ""sel_fpr_bid"": ""+112800"", ""buy_fpr_bid"": ""+112700"", ""buy_fpr_req"": ""36"", ""buy_1th_pre_req_pre"": ""0"", ""buy_2th_pre_bid"": ""+112600"", ""buy_2th_pre_req"": ""4"", ""buy_2th_pre_req_pre"": ""0"", ""buy_3th_pre_bid"": ""+112500"", ""buy_3th_pre_req"": ""11"", ""buy_3th_pre_req_pre"": ""0"", ""buy_4th_pre_bid"": ""+112400"", ""buy_4th_pre_req"": ""31"", ""buy_4th_pre_req_pre"": ""0"", ""buy_5th_pre_bid"": ""+112300"", ""buy_5th_pre_req"": ""98"", ""buy_5th_pre_req_pre"": ""0"", ""buy_6th_pre_bid"": ""+112200"", ""buy_6th_pre_req"": ""22"", ""buy_6th_pre_req_pre"": ""0"", ""buy_7th_pre_bid"": ""+112100"", ""buy_7th_pre_req"": ""1"", ""buy_7th_pre_req_pre"": ""0"", ""buy_8th_pre_bid"": ""112000"", ""buy_8th_pre_req"": ""42"", ""buy_8th_pre_req_pre"": ""0"", ""buy_9th_pre_bid"": ""-111900"", ""buy_9th_pre_req"": ""53"", ""buy_9th_pre_req_pre"": ""+20"", ""buy_10th_pre_bid"": ""-111800"", ""buy_10th_pre_req"": ""112"", ""buy_10th_pre_req_pre"": ""0"", ""tot_sel_req_jub_pre"": ""0"", ""tot_sel_req"": ""980"", ""tot_buy_req"": ""410"", ""tot_buy_req_jub_pre"": ""+20"", ""ovt_sel_req_pre"": ""0"", ""ovt_sel_req"": ""0"", ""ovt_buy_req"": ""0"", ""ovt_buy_req_pre"": ""0"", ""return_code"": 0, ""return_msg"": ""정상적으로 처리되었습니다""}"
2026-06-10,scan_candidate,004170,,0,main_scan,664000,,664000,663000,664000,667000,0.30120481927710846,0.15060240963855423,,,,,,"{""bid_req_base_tm"": ""101210"", ""sel_10th_pre_req_pre"": ""0"", ""sel_10th_pre_req"": ""17"", ""sel_10th_pre_bid"": ""+674000"", ""sel_9th_pre_req_pre"": ""0"", ""sel_9th_pre_req"": ""1"", ""sel_9th_pre_bid"": ""+673000"", ""sel_8th_pre_req_pre"": ""0"", ""sel_8th_pre_req"": ""4"", ""sel_8th_pre_bid"": ""+671000"", ""sel_7th_pre_req_pre"": ""0"", ""sel_7th_pre_req"": ""33"", ""sel_7th_pre_bid"": ""+670000"", ""sel_6th_pre_req_pre"": ""0"", ""sel_6th_pre_req"": ""3"", ""sel_6th_pre_bid"": ""+669000"", ""sel_5th_pre_req_pre"": ""--10"", ""sel_5th_pre_req"": ""10"", ""sel_5th_pre_bid"": ""+668000"", ""sel_4th_pre_req_pre"": ""0"", ""sel_4th_pre_req"": ""31"", ""sel_4th_pre_bid"": ""+667000"", ""sel_3th_pre_req_pre"": ""+10"", ""sel_3th_pre_req"": ""59"", ""sel_3th_pre_bid"": ""+666000"", ""sel_2th_pre_req_pre"": ""0"", ""sel_2th_pre_req"": ""69"", ""sel_2th_pre_bid"": ""+665000"", ""sel_1th_pre_req_pre"": ""0"", ""sel_fpr_req"": ""86"", ""sel_fpr_bid"": ""+664000"", ""buy_fpr_bid"": ""+663000"", ""buy_fpr_req"": ""85"", ""buy_1th_pre_req_pre"": ""0"", ""buy_2th_pre_bid"": ""+662000"", ""buy_2th_pre_req"": ""2"", ""buy_2th_pre_req_pre"": ""0"", ""buy_3th_pre_bid"": ""+661000"", ""buy_3th_pre_req"": ""46"", ""buy_3th_pre_req_pre"": ""0"", ""buy_4th_pre_bid"": ""+660000"", ""buy_4th_pre_req"": ""522"", ""buy_4th_pre_req_pre"": ""0"", ""buy_5th_pre_bid"": ""+659000"", ""buy_5th_pre_req"": ""9"", ""buy_5th_pre_req_pre"": ""0"", ""buy_6th_pre_bid"": ""+658000"", ""buy_6th_pre_req"": ""146"", ""buy_6th_pre_req_pre"": ""0"", ""buy_7th_pre_bid"": ""+657000"", ""buy_7th_pre_req"": ""17"", ""buy_7th_pre_req_pre"": ""0"", ""buy_8th_pre_bid"": ""+656000"", ""buy_8th_pre_req"": ""32"", ""buy_8th_pre_req_pre"": ""0"", ""buy_9th_pre_bid"": ""+655000"", ""buy_9th_pre_req"": ""22"", ""buy_9th_pre_req_pre"": ""0"", ""buy_10th_pre_bid"": ""+654000"", ""buy_10th_pre_req"": ""23"", ""buy_10th_pre_req_pre"": ""0"", ""tot_sel_req_jub_pre"": ""0"", ""tot_sel_req"": ""313"", ""tot_buy_req"": ""904"", ""tot_buy_req_jub_pre"": ""0"", ""ovt_sel_req_pre"": ""0"", ""ovt_sel_req"": ""0"", ""ovt_buy_req"": ""0"", ""ovt_buy_req_pre"": ""0"", ""return_code"": 0, ""return_msg"": ""정상적으로 처리되었습니다""}"
2026-06-10,scan_candidate,036570,,0,main_scan,258500,,258500,258000,258500,259500,0.19342359767891684,0.19342359767891684,,,,,,"{""bid_req_base_tm"": ""101210"", ""sel_10th_pre_req_pre"": ""0"", ""sel_10th_pre_req"": ""16"", ""sel_10th_pre_bid"": ""-263000"", ""sel_9th_pre_req_pre"": ""0"", ""sel_9th_pre_req"": ""18"", ""sel_9th_pre_bid"": ""-262500"", ""sel_8th_pre_req_pre"": ""0"", ""sel_8th_pre_req"": ""33"", ""sel_8th_pre_bid"": ""-262000"", ""sel_7th_pre_req_pre"": ""0"", ""sel_7th_pre_req"": ""13"", ""sel_7th_pre_bid"": ""-261500"", ""sel_6th_pre_req_pre"": ""0"", ""sel_6th_pre_req"": ""16"", ""sel_6th_pre_bid"": ""-261000"", ""sel_5th_pre_req_pre"": ""0"", ""sel_5th_pre_req"": ""8"", ""sel_5th_pre_bid"": ""-260500"", ""sel_4th_pre_req_pre"": ""0"", ""sel_4th_pre_req"": ""138"", ""sel_4th_pre_bid"": ""-260000"", ""sel_3th_pre_req_pre"": ""0"", ""sel_3th_pre_req"": ""78"", ""sel_3th_pre_bid"": ""-259500"", ""sel_2th_pre_req_pre"": ""0"", ""sel_2th_pre_req"": ""12"", ""sel_2th_pre_bid"": ""-259000"", ""sel_1th_pre_req_pre"": ""+1"", ""sel_fpr_req"": ""121"", ""sel_fpr_bid"": ""-258500"", ""buy_fpr_bid"": ""-258000"", ""buy_fpr_req"": ""190"", ""buy_1th_pre_req_pre"": ""0"", ""buy_2th_pre_bid"": ""-257500"", ""buy_2th_pre_req"": ""109"", ""buy_2th_pre_req_pre"": ""0"", ""buy_3th_pre_bid"": ""-257000"", ""buy_3th_pre_req"": ""84"", ""buy_3th_pre_req_pre"": ""0"", ""buy_4th_pre_bid"": ""-256500"", ""buy_4th_pre_req"": ""27"", ""buy_4th_pre_req_pre"": ""0"", ""buy_5th_pre_bid"": ""-256000"", ""buy_5th_pre_req"": ""88"", ""buy_5th_pre_req_pre"": ""0"", ""buy_6th_pre_bid"": ""-255500"", ""buy_6th_pre_req"": ""60"", ""buy_6th_pre_req_pre"": ""0"", ""buy_7th_pre_bid"": ""-255000"", ""buy_7th_pre_req"": ""195"", ""buy_7th_pre_req_pre"": ""0"", ""buy_8th_pre_bid"": ""-254500"", ""buy_8th_pre_req"": ""317"", ""buy_8th_pre_req_pre"": ""0"", ""buy_9th_pre_bid"": ""-254000"", ""buy_9th_pre_req"": ""300"", ""buy_9th_pre_req_pre"": ""0"", ""buy_10th_pre_bid"": ""-253500"", ""buy_10th_pre_req"": ""458"", ""buy_10th_pre_req_pre"": ""0"", ""tot_sel_req_jub_pre"": ""+1"", ""tot_sel_req"": ""453"", ""tot_buy_req"": ""1828"", ""tot_buy_req_jub_pre"": ""0"", ""ovt_sel_req_pre"": ""0"", ""ovt_sel_req"": ""0"", ""ovt_buy_req"": ""0"", ""ovt_buy_req_pre"": ""0"", ""return_code"": 0, ""return_msg"": ""정상적으로 처리되었습니다""}"
2026-06-10,scan_candidate,271560,,0,main_scan,132600,,132600,132500,132600,132500,-0.4524886877828055,0.07541478129713425,,,,,,"{""bid_req_base_tm"": ""101210"", ""sel_10th_pre_req_pre"": ""0"", ""sel_10th_pre_req"": ""195"", ""sel_10th_pre_bid"": ""+133800"", ""sel_9th_pre_req_pre"": ""0"", ""sel_9th_pre_req"": ""100"", ""sel_9th_pre_bid"": ""+133700"", ""sel_8th_pre_req_pre"": ""0"", ""sel_8th_pre_req"": ""25"", ""sel_8th_pre_bid"": ""+133600"", ""sel_7th_pre_req_pre"": ""0"", ""sel_7th_pre_req"": ""27"", ""sel_7th_pre_bid"": ""+133500"", ""sel_6th_pre_req_pre"": ""0"", ""sel_6th_pre_req"": ""3"", ""sel_6th_pre_bid"": ""+133200"", ""sel_5th_pre_req_pre"": ""0"", ""sel_5th_pre_req"": ""25"", ""sel_5th_pre_bid"": ""+133000"", ""sel_4th_pre_req_pre"": ""0"", ""sel_4th_pre_req"": ""41"", ""sel_4th_pre_bid"": ""132900"", ""sel_3th_pre_req_pre"": ""0"", ""sel_3th_pre_req"": ""30"", ""sel_3th_pre_bid"": ""-132800"", ""sel_2th_pre_req_pre"": ""0"", ""sel_2th_pre_req"": ""53"", ""sel_2th_pre_bid"": ""-132700"", ""sel_1th_pre_req_pre"": ""+14"", ""sel_fpr_req"": ""250"", ""sel_fpr_bid"": ""-132600"", ""buy_fpr_bid"": ""-132500"", ""buy_fpr_req"": ""220"", ""buy_1th_pre_req_pre"": ""0"", ""buy_2th_pre_bid"": ""-132400"", ""buy_2th_pre_req"": ""6"", ""buy_2th_pre_req_pre"": ""0"", ""buy_3th_pre_bid"": ""-132300"", ""buy_3th_pre_req"": ""27"", ""buy_3th_pre_req_pre"": ""0"", ""buy_4th_pre_bid"": ""-132200"", ""buy_4th_pre_req"": ""64"", ""buy_4th_pre_req_pre"": ""0"", ""buy_5th_pre_bid"": ""-132100"", ""buy_5th_pre_req"": ""47"", ""buy_5th_pre_req_pre"": ""0"", ""buy_6th_pre_bid"": ""-132000"", ""buy_6th_pre_req"": ""1"", ""buy_6th_pre_req_pre"": ""0"", ""buy_7th_pre_bid"": ""-131700"", ""buy_7th_pre_req"": ""46"", ""buy_7th_pre_req_pre"": ""0"", ""buy_8th_pre_bid"": ""-131500"", ""buy_8th_pre_req"": ""397"", ""buy_8th_pre_req_pre"": ""0"", ""buy_9th_pre_bid"": ""-131300"", ""buy_9th_pre_req"": ""1"", ""buy_9th_pre_req_pre"": ""0"", ""buy_10th_pre_bid"": ""-131200"", ""buy_10th_pre_req"": ""100"", ""buy_10th_pre_req_pre"": ""0"", ""tot_sel_req_jub_pre"": ""+14"", ""tot_sel_req"": ""749"", ""tot_buy_req"": ""909"", ""tot_buy_req_jub_pre"": ""0"", ""ovt_sel_req_pre"": ""0"", ""ovt_sel_req"": ""0"", ""ovt_buy_req"": ""0"", ""ovt_buy_req_pre"": ""0"", ""return_code"": 0, ""return_msg"": ""정상적으로 처리되었습니다""}"
2026-06-10,scan_candidate,023530,,0,main_scan,191500,,191500,191300,191500,190500,-0.7832898172323759,0.10443864229765012,,,,,,"{""bid_req_base_tm"": ""101210"", ""sel_10th_pre_req_pre"": ""0"", ""sel_10th_pre_req"": ""12"", ""sel_10th_pre_bid"": ""+192700"", ""sel_9th_pre_req_pre"": ""0"", ""sel_9th_pre_req"": ""1"", ""sel_9th_pre_bid"": ""+192600"", ""sel_8th_pre_req_pre"": ""0"", ""sel_8th_pre_req"": ""1"", ""sel_8th_pre_bid"": ""+192500"", ""sel_7th_pre_req_pre"": ""0"", ""sel_7th_pre_req"": ""327"", ""sel_7th_pre_bid"": ""+192200"", ""sel_6th_pre_req_pre"": ""0"", ""sel_6th_pre_req"": ""3"", ""sel_6th_pre_bid"": ""+192100"", ""sel_5th_pre_req_pre"": ""0"", ""sel_5th_pre_req"": ""70"", ""sel_5th_pre_bid"": ""+192000"", ""sel_4th_pre_req_pre"": ""0"", ""sel_4th_pre_req"": ""4"", ""sel_4th_pre_bid"": ""+191900"", ""sel_3th_pre_req_pre"": ""0"", ""sel_3th_pre_req"": ""16"", ""sel_3th_pre_bid"": ""+191800"", ""sel_2th_pre_req_pre"": ""0"", ""sel_2th_pre_req"": ""6"", ""sel_2th_pre_bid"": ""+191700"", ""sel_1th_pre_req_pre"": ""0"", ""sel_fpr_req"": ""386"", ""sel_fpr_bid"": ""+191500"", ""buy_fpr_bid"": ""+191300"", ""buy_fpr_req"": ""40"", ""buy_1th_pre_req_pre"": ""+1"", ""buy_2th_pre_bid"": ""+191100"", ""buy_2th_pre_req"": ""46"", ""buy_2th_pre_req_pre"": ""0"", ""buy_3th_pre_bid"": ""+191000"", ""buy_3th_pre_req"": ""15"", ""buy_3th_pre_req_pre"": ""0"", ""buy_4th_pre_bid"": ""+190700"", ""buy_4th_pre_req"": ""10"", ""buy_4th_pre_req_pre"": ""0"", ""buy_5th_pre_bid"": ""+190500"", ""buy_5th_pre_req"": ""2"", ""buy_5th_pre_req_pre"": ""0"", ""buy_6th_pre_bid"": ""+190400"", ""buy_6th_pre_req"": ""3"", ""buy_6th_pre_req_pre"": ""0"", ""buy_7th_pre_bid"": ""+189900"", ""buy_7th_pre_req"": ""13"", ""buy_7th_pre_req_pre"": ""0"", ""buy_8th_pre_bid"": ""+189800"", ""buy_8th_pre_req"": ""5"", ""buy_8th_pre_req_pre"": ""0"", ""buy_9th_pre_bid"": ""+189700"", ""buy_9th_pre_req"": ""2"", ""buy_9th_pre_req_pre"": ""0"", ""buy_10th_pre_bid"": ""+189600"", ""buy_10th_pre_req"": ""36"", ""buy_10th_pre_req_pre"": ""0"", ""tot_sel_req_jub_pre"": ""0"", ""tot_sel_req"": ""826"", ""tot_buy_req"": ""172"", ""tot_buy_req_jub_pre"": ""+1"", ""ovt_sel_req_pre"": ""0"", ""ovt_sel_req"": ""0"", ""ovt_buy_req"": ""0"", ""ovt_buy_req_pre"": ""0"", ""return_code"": 0, ""return_msg"": ""정상적으로 처리되었습니다""}"
2026-06-10,scan_candidate,175330,,0,main_scan,25550,,25550,25500,25550,25500,-0.3913894324853229,0.19569471624266144,,,,,,"{""bid_req_base_tm"": ""101207"", ""sel_10th_pre_req_pre"": ""0"", ""sel_10th_pre_req"": ""233"", ""sel_10th_pre_bid"": ""+26000"", ""sel_9th_pre_req_pre"": ""0"", ""sel_9th_pre_req"": ""142"", ""sel_9th_pre_bid"": ""+25950"", ""sel_8th_pre_req_pre"": ""0"", ""sel_8th_pre_req"": ""532"", ""sel_8th_pre_bid"": ""25900"", ""sel_7th_pre_req_pre"": ""0"", ""sel_7th_pre_req"": ""454"", ""sel_7th_pre_bid"": ""-25850"", ""sel_6th_pre_req_pre"": ""0"", ""sel_6th_pre_req"": ""198"", ""sel_6th_pre_bid"": ""-25800"", ""sel_5th_pre_req_pre"": ""0"", ""sel_5th_pre_req"": ""465"", ""sel_5th_pre_bid"": ""-25750"", ""sel_4th_pre_req_pre"": ""0"", ""sel_4th_pre_req"": ""267"", ""sel_4th_pre_bid"": ""-25700"", ""sel_3th_pre_req_pre"": ""0"", ""sel_3th_pre_req"": ""540"", ""sel_3th_pre_bid"": ""-25650"", ""sel_2th_pre_req_pre"": ""0"", ""sel_2th_pre_req"": ""677"", ""sel_2th_pre_bid"": ""-25600"", ""sel_1th_pre_req_pre"": ""0"", ""sel_fpr_req"": ""2749"", ""sel_fpr_bid"": ""-25550"", ""buy_fpr_bid"": ""-25500"", ""buy_fpr_req"": ""1319"", ""buy_1th_pre_req_pre"": ""0"", ""buy_2th_pre_bid"": ""-25450"", ""buy_2th_pre_req"": ""1373"", ""buy_2th_pre_req_pre"": ""0"", ""buy_3th_pre_bid"": ""-25400"", ""buy_3th_pre_req"": ""605"", ""buy_3th_pre_req_pre"": ""0"", ""buy_4th_pre_bid"": ""-25350"", ""buy_4th_pre_req"": ""351"", ""buy_4th_pre_req_pre"": ""0"", ""buy_5th_pre_bid"": ""-25300"", ""buy_5th_pre_req"": ""389"", ""buy_5th_pre_req_pre"": ""0"", ""buy_6th_pre_bid"": ""-25250"", ""buy_6th_pre_req"": ""484"", ""buy_6th_pre_req_pre"": ""0"", ""buy_7th_pre_bid"": ""-25200"", ""buy_7th_pre_req"": ""301"", ""buy_7th_pre_req_pre"": ""0"", ""buy_8th_pre_bid"": ""-25150"", ""buy_8th_pre_req"": ""804"", ""buy_8th_pre_req_pre"": ""0"", ""buy_9th_pre_bid"": ""-25100"", ""buy_9th_pre_req"": ""501"", ""buy_9th_pre_req_pre"": ""0"", ""buy_10th_pre_bid"": ""-25050"", ""buy_10th_pre_req"": ""398"", ""buy_10th_pre_req_pre"": ""0"", ""tot_sel_req_jub_pre"": ""0"", ""tot_sel_req"": ""6257"", ""tot_buy_req"": ""6525"", ""tot_buy_req_jub_pre"": ""0"", ""ovt_sel_req_pre"": ""0"", ""ovt_sel_req"": ""0"", ""ovt_buy_req"": ""0"", ""ovt_buy_req_pre"": ""0"", ""return_code"": 0, ""return_msg"": ""정상적으로 처리되었습니다""}"
2026-06-10,scan_candidate,088350,,0,main_scan,4905,,4905,4900,4905,4920,0.20387359836901123,0.10193679918450561,,,,,,"{""bid_req_base_tm"": ""101211"", ""sel_10th_pre_req_pre"": ""0"", ""sel_10th_pre_req"": ""2102"", ""sel_10th_pre_bid"": ""-4950"", ""sel_9th_pre_req_pre"": ""0"", ""sel_9th_pre_req"": ""757"", ""sel_9th_pre_bid"": ""-4945"", ""sel_8th_pre_req_pre"": ""0"", ""sel_8th_pre_req"": ""533"", ""sel_8th_pre_bid"": ""-4940"", ""sel_7th_pre_req_pre"": ""0"", ""sel_7th_pre_req"": ""552"", ""sel_7th_pre_bid"": ""-4935"", ""sel_6th_pre_req_pre"": ""0"", ""sel_6th_pre_req"": ""1647"", ""sel_6th_pre_bid"": ""-4930"", ""sel_5th_pre_req_pre"": ""0"", ""sel_5th_pre_req"": ""3"", ""sel_5th_pre_bid"": ""-4925"", ""sel_4th_pre_req_pre"": ""0"", ""sel_4th_pre_req"": ""1389"", ""sel_4th_pre_bid"": ""-4920"", ""sel_3th_pre_req_pre"": ""0"", ""sel_3th_pre_req"": ""1074"", ""sel_3th_pre_bid"": ""-4915"", ""sel_2th_pre_req_pre"": ""0"", ""sel_2th_pre_req"": ""256"", ""sel_2th_pre_bid"": ""-4910"", ""sel_1th_pre_req_pre"": ""0"", ""sel_fpr_req"": ""297"", ""sel_fpr_bid"": ""-4905"", ""buy_fpr_bid"": ""-4900"", ""buy_fpr_req"": ""919"", ""buy_1th_pre_req_pre"": ""0"", ""buy_2th_pre_bid"": ""-4895"", ""buy_2th_pre_req"": ""7463"", ""buy_2th_pre_req_pre"": ""0"", ""buy_3th_pre_bid"": ""-4890"", ""buy_3th_pre_req"": ""1997"", ""buy_3th_pre_req_pre"": ""0"", ""buy_4th_pre_bid"": ""-4885"", ""buy_4th_pre_req"": ""813"", ""buy_4th_pre_req_pre"": ""0"", ""buy_5th_pre_bid"": ""-4880"", ""buy_5th_pre_req"": ""1140"", ""buy_5th_pre_req_pre"": ""0"", ""buy_6th_pre_bid"": ""-4875"", ""buy_6th_pre_req"": ""450"", ""buy_6th_pre_req_pre"": ""0"", ""buy_7th_pre_bid"": ""-4870"", ""buy_7th_pre_req"": ""1160"", ""buy_7th_pre_req_pre"": ""0"", ""buy_8th_pre_bid"": ""-4865"", ""buy_8th_pre_req"": ""1195"", ""buy_8th_pre_req_pre"": ""0"", ""buy_9th_pre_bid"": ""-4860"", ""buy_9th_pre_req"": ""1159"", ""buy_9th_pre_req_pre"": ""0"", ""buy_10th_pre_bid"": ""-4855"", ""buy_10th_pre_req"": ""1023"", ""buy_10th_pre_req_pre"": ""0"", ""tot_sel_req_jub_pre"": ""0"", ""tot_sel_req"": ""8610"", ""tot_buy_req"": ""17319"", ""tot_buy_req_jub_pre"": ""0"", ""ovt_sel_req_pre"": ""0"", ""ovt_sel_req"": ""0"", ""ovt_buy_req"": ""0"", ""ovt_buy_req_pre"": ""0"", ""return_code"": 0, ""return_msg"": ""정상적으로 처리되었습니다""}"
2026-06-10,scan_candidate,069960,,0,main_scan,162400,,162400,162300,162400,163000,0.06157635467980296,0.06157635467980296,,,,,,"{""bid_req_base_tm"": ""101211"", ""sel_10th_pre_req_pre"": ""0"", ""sel_10th_pre_req"": ""8"", ""sel_10th_pre_bid"": ""-164800"", ""sel_9th_pre_req_pre"": ""0"", ""sel_9th_pre_req"": ""1"", ""sel_9th_pre_bid"": ""-164400"", ""sel_8th_pre_req_pre"": ""0"", ""sel_8th_pre_req"": ""16"", ""sel_8th_pre_bid"": ""-163500"", ""sel_7th_pre_req_pre"": ""0"", ""sel_7th_pre_req"": ""13"", ""sel_7th_pre_bid"": ""-163400"", ""sel_6th_pre_req_pre"": ""0"", ""sel_6th_pre_req"": ""7"", ""sel_6th_pre_bid"": ""-163100"", ""sel_5th_pre_req_pre"": ""0"", ""sel_5th_pre_req"": ""27"", ""sel_5th_pre_bid"": ""-163000"", ""sel_4th_pre_req_pre"": ""0"", ""sel_4th_pre_req"": ""1"", ""sel_4th_pre_bid"": ""-162700"", ""sel_3th_pre_req_pre"": ""0"", ""sel_3th_pre_req"": ""25"", ""sel_3th_pre_bid"": ""-162600"", ""sel_2th_pre_req_pre"": ""0"", ""sel_2th_pre_req"": ""25"", ""sel_2th_pre_bid"": ""-162500"", ""sel_1th_pre_req_pre"": ""0"", ""sel_fpr_req"": ""40"", ""sel_fpr_bid"": ""-162400"", ""buy_fpr_bid"": ""-162300"", ""buy_fpr_req"": ""4"", ""buy_1th_pre_req_pre"": ""0"", ""buy_2th_pre_bid"": ""-162100"", ""buy_2th_pre_req"": ""25"", ""buy_2th_pre_req_pre"": ""0"", ""buy_3th_pre_bid"": ""-162000"", ""buy_3th_pre_req"": ""1474"", ""buy_3th_pre_req_pre"": ""0"", ""buy_4th_pre_bid"": ""-161900"", ""buy_4th_pre_req"": ""1"", ""buy_4th_pre_req_pre"": ""0"", ""buy_5th_pre_bid"": ""-161700"", ""buy_5th_pre_req"": ""2"", ""buy_5th_pre_req_pre"": ""0"", ""buy_6th_pre_bid"": ""-161500"", ""buy_6th_pre_req"": ""5"", ""buy_6th_pre_req_pre"": ""0"", ""buy_7th_pre_bid"": ""-161200"", ""buy_7th_pre_req"": ""3"", ""buy_7th_pre_req_pre"": ""0"", ""buy_8th_pre_bid"": ""-161100"", ""buy_8th_pre_req"": ""2"", ""buy_8th_pre_req_pre"": ""0"", ""buy_9th_pre_bid"": ""-161000"", ""buy_9th_pre_req"": ""106"", ""buy_9th_pre_req_pre"": ""0"", ""buy_10th_pre_bid"": ""-160900"", ""buy_10th_pre_req"": ""8"", ""buy_10th_pre_req_pre"": ""0"", ""tot_sel_req_jub_pre"": ""0"", ""tot_sel_req"": ""163"", ""tot_buy_req"": ""1630"", ""tot_buy_req_jub_pre"": ""0"", ""ovt_sel_req_pre"": ""0"", ""ovt_sel_req"": ""0"", ""ovt_buy_req"": ""0"", ""ovt_buy_req_pre"": ""0"", ""return_code"": 0, ""return_msg"": ""정상적으로 처리되었습니다""}"
2026-06-10,scan_candidate,111770,,0,main_scan,78800,,78800,78700,78800,78900,0.0,0.12690355329949238,,,,,,"{""bid_req_base_tm"": ""101210"", ""sel_10th_pre_req_pre"": ""0"", ""sel_10th_pre_req"": ""131"", ""sel_10th_pre_bid"": ""+79900"", ""sel_9th_pre_req_pre"": ""0"", ""sel_9th_pre_req"": ""3"", ""sel_9th_pre_bid"": ""+79800"", ""sel_8th_pre_req_pre"": ""0"", ""sel_8th_pre_req"": ""1"", ""sel_8th_pre_bid"": ""+79700"", ""sel_7th_pre_req_pre"": ""0"", ""sel_7th_pre_req"": ""2"", ""sel_7th_pre_bid"": ""+79600"", ""sel_6th_pre_req_pre"": ""0"", ""sel_6th_pre_req"": ""15"", ""sel_6th_pre_bid"": ""+79500"", ""sel_5th_pre_req_pre"": ""0"", ""sel_5th_pre_req"": ""20"", ""sel_5th_pre_bid"": ""+79200"", ""sel_4th_pre_req_pre"": ""0"", ""sel_4th_pre_req"": ""10"", ""sel_4th_pre_bid"": ""+79100"", ""sel_3th_pre_req_pre"": ""0"", ""sel_3th_pre_req"": ""17"", ""sel_3th_pre_bid"": ""+79000"", ""sel_2th_pre_req_pre"": ""0"", ""sel_2th_pre_req"": ""11"", ""sel_2th_pre_bid"": ""+78900"", ""sel_1th_pre_req_pre"": ""0"", ""sel_fpr_req"": ""163"", ""sel_fpr_bid"": ""+78800"", ""buy_fpr_bid"": ""+78700"", ""buy_fpr_req"": ""133"", ""buy_1th_pre_req_pre"": ""+21"", ""buy_2th_pre_bid"": ""+78600"", ""buy_2th_pre_req"": ""55"", ""buy_2th_pre_req_pre"": ""0"", ""buy_3th_pre_bid"": ""+78500"", ""buy_3th_pre_req"": ""56"", ""buy_3th_pre_req_pre"": ""0"", ""buy_4th_pre_bid"": ""+78300"", ""buy_4th_pre_req"": ""7"", ""buy_4th_pre_req_pre"": ""0"", ""buy_5th_pre_bid"": ""+78200"", ""buy_5th_pre_req"": ""11"", ""buy_5th_pre_req_pre"": ""0"", ""buy_6th_pre_bid"": ""+78100"", ""buy_6th_pre_req"": ""19"", ""buy_6th_pre_req_pre"": ""0"", ""buy_7th_pre_bid"": ""78000"", ""buy_7th_pre_req"": ""58"", ""buy_7th_pre_req_pre"": ""0"", ""buy_8th_pre_bid"": ""-77900"", ""buy_8th_pre_req"": ""47"", ""buy_8th_pre_req_pre"": ""0"", ""buy_9th_pre_bid"": ""-77800"", ""buy_9th_pre_req"": ""7"", ""buy_9th_pre_req_pre"": ""0"", ""buy_10th_pre_bid"": ""-77700"", ""buy_10th_pre_req"": ""7"", ""buy_10th_pre_req_pre"": ""0"", ""tot_sel_req_jub_pre"": ""0"", ""tot_sel_req"": ""373"", ""tot_buy_req"": ""400"", ""tot_buy_req_jub_pre"": ""+21"", ""ovt_sel_req_pre"": ""0"", ""ovt_sel_req"": ""0"", ""ovt_buy_req"": ""0"", ""ovt_buy_req_pre"": ""0"", ""return_code"": 0, ""return_msg"": ""정상적으로 처리되었습니다""}"
2026-06-10,scan_candidate,489790,,0,main_scan,70200,,70200,70100,70200,69900,-0.5698005698005698,0.14245014245014245,,,,,,"{""bid_req_base_tm"": ""101212"", ""sel_10th_pre_req_pre"": ""0"", ""sel_10th_pre_req"": ""551"", ""sel_10th_pre_bid"": ""+71100"", ""sel_9th_pre_req_pre"": ""0"", ""sel_9th_pre_req"": ""1476"", ""sel_9th_pre_bid"": ""+71000"", ""sel_8th_pre_req_pre"": ""0"", ""sel_8th_pre_req"": ""308"", ""sel_8th_pre_bid"": ""+70900"", ""sel_7th_pre_req_pre"": ""0"", ""sel_7th_pre_req"": ""291"", ""sel_7th_pre_bid"": ""+70800"", ""sel_6th_pre_req_pre"": ""0"", ""sel_6th_pre_req"": ""549"", ""sel_6th_pre_bid"": ""+70700"", ""sel_5th_pre_req_pre"": ""0"", ""sel_5th_pre_req"": ""232"", ""sel_5th_pre_bid"": ""+70600"", ""sel_4th_pre_req_pre"": ""0"", ""sel_4th_pre_req"": ""344"", ""sel_4th_pre_bid"": ""+70500"", ""sel_3th_pre_req_pre"": ""0"", ""sel_3th_pre_req"": ""207"", ""sel_3th_pre_bid"": ""+70400"", ""sel_2th_pre_req_pre"": ""0"", ""sel_2th_pre_req"": ""108"", ""sel_2th_pre_bid"": ""+70300"", ""sel_1th_pre_req_pre"": ""0"", ""sel_fpr_req"": ""51"", ""sel_fpr_bid"": ""+70200"", ""buy_fpr_bid"": ""+70100"", ""buy_fpr_req"": ""308"", ""buy_1th_pre_req_pre"": ""0"", ""buy_2th_pre_bid"": ""+70000"", ""buy_2th_pre_req"": ""56"", ""buy_2th_pre_req_pre"": ""0"", ""buy_3th_pre_bid"": ""+69900"", ""buy_3th_pre_req"": ""130"", ""buy_3th_pre_req_pre"": ""0"", ""buy_4th_pre_bid"": ""+69800"", ""buy_4th_pre_req"": ""69"", ""buy_4th_pre_req_pre"": ""0"", ""buy_5th_pre_bid"": ""+69700"", ""buy_5th_pre_req"": ""17"", ""buy_5th_pre_req_pre"": ""0"", ""buy_6th_pre_bid"": ""+69600"", ""buy_6th_pre_req"": ""27"", ""buy_6th_pre_req_pre"": ""0"", ""buy_7th_pre_bid"": ""+69500"", ""buy_7th_pre_req"": ""34"", ""buy_7th_pre_req_pre"": ""0"", ""buy_8th_pre_bid"": ""+69400"", ""buy_8th_pre_req"": ""113"", ""buy_8th_pre_req_pre"": ""0"", ""buy_9th_pre_bid"": ""+69300"", ""buy_9th_pre_req"": ""4"", ""buy_9th_pre_req_pre"": ""0"", ""buy_10th_pre_bid"": ""+69200"", ""buy_10th_pre_req"": ""27"", ""buy_10th_pre_req_pre"": ""0"", ""tot_sel_req_jub_pre"": ""0"", ""tot_sel_req"": ""4117"", ""tot_buy_req"": ""785"", ""tot_buy_req_jub_pre"": ""0"", ""ovt_sel_req_pre"": ""0"", ""ovt_sel_req"": ""0"", ""ovt_buy_req"": ""0"", ""ovt_buy_req_pre"": ""0"", ""return_code"": 0, ""return_msg"": ""정상적으로 처리되었습니다""}"
2026-06-10,scan_candidate,085620,,0,main_scan,22500,,22500,22400,22500,22450,-0.4444444444444444,0.4444444444444444,,,,,,"{""bid_req_base_tm"": ""101212"", ""sel_10th_pre_req_pre"": ""0"", ""sel_10th_pre_req"": ""2489"", ""sel_10th_pre_bid"": ""-22950"", ""sel_9th_pre_req_pre"": ""0"", ""sel_9th_pre_req"": ""856"", ""sel_9th_pre_bid"": ""-22900"", ""sel_8th_pre_req_pre"": ""0"", ""sel_8th_pre_req"": ""2027"", ""sel_8th_pre_bid"": ""-22850"", ""sel_7th_pre_req_pre"": ""0"", ""sel_7th_pre_req"": ""2425"", ""sel_7th_pre_bid"": ""-22800"", ""sel_6th_pre_req_pre"": ""0"", ""sel_6th_pre_req"": ""1246"", ""sel_6th_pre_bid"": ""-22750"", ""sel_5th_pre_req_pre"": ""0"", ""sel_5th_pre_req"": ""1483"", ""sel_5th_pre_bid"": ""-22700"", ""sel_4th_pre_req_pre"": ""0"", ""sel_4th_pre_req"": ""488"", ""sel_4th_pre_bid"": ""-22650"", ""sel_3th_pre_req_pre"": ""0"", ""sel_3th_pre_req"": ""719"", ""sel_3th_pre_bid"": ""-22600"", ""sel_2th_pre_req_pre"": ""0"", ""sel_2th_pre_req"": ""312"", ""sel_2th_pre_bid"": ""-22550"", ""sel_1th_pre_req_pre"": ""0"", ""sel_fpr_req"": ""828"", ""sel_fpr_bid"": ""-22500"", ""buy_fpr_bid"": ""-22400"", ""buy_fpr_req"": ""586"", ""buy_1th_pre_req_pre"": ""0"", ""buy_2th_pre_bid"": ""-22350"", ""buy_2th_pre_req"": ""294"", ""buy_2th_pre_req_pre"": ""0"", ""buy_3th_pre_bid"": ""-22300"", ""buy_3th_pre_req"": ""818"", ""buy_3th_pre_req_pre"": ""0"", ""buy_4th_pre_bid"": ""-22250"", ""buy_4th_pre_req"": ""990"", ""buy_4th_pre_req_pre"": ""+89"", ""buy_5th_pre_bid"": ""-22200"", ""buy_5th_pre_req"": ""1827"", ""buy_5th_pre_req_pre"": ""0"", ""buy_6th_pre_bid"": ""-22150"", ""buy_6th_pre_req"": ""1403"", ""buy_6th_pre_req_pre"": ""0"", ""buy_7th_pre_bid"": ""-22100"", ""buy_7th_pre_req"": ""2265"", ""buy_7th_pre_req_pre"": ""0"", ""buy_8th_pre_bid"": ""-22050"", ""buy_8th_pre_req"": ""3429"", ""buy_8th_pre_req_pre"": ""0"", ""buy_9th_pre_bid"": ""-22000"", ""buy_9th_pre_req"": ""2184"", ""buy_9th_pre_req_pre"": ""0"", ""buy_10th_pre_bid"": ""-21950"", ""buy_10th_pre_req"": ""1372"", ""buy_10th_pre_req_pre"": ""0"", ""tot_sel_req_jub_pre"": ""+2461"", ""tot_sel_req"": ""12873"", ""tot_buy_req"": ""15168"", ""tot_buy_req_jub_pre"": ""+89"", ""ovt_sel_req_pre"": ""0"", ""ovt_sel_req"": ""0"", ""ovt_buy_req"": ""0"", ""ovt_buy_req_pre"": ""0"", ""return_code"": 0, ""return_msg"": ""정상적으로 처리되었습니다""}"
2026-06-10,scan_candidate,001450,,0,main_scan,38300,,38300,38250,38300,38100,-0.6527415143603132,0.13054830287206268,,,,,,"{""bid_req_base_tm"": ""101212"", ""sel_10th_pre_req_pre"": ""0"", ""sel_10th_pre_req"": ""258"", ""sel_10th_pre_bid"": ""+38750"", ""sel_9th_pre_req_pre"": ""0"", ""sel_9th_pre_req"": ""203"", ""sel_9th_pre_bid"": ""+38700"", ""sel_8th_pre_req_pre"": ""0"", ""sel_8th_pre_req"": ""304"", ""sel_8th_pre_bid"": ""+38650"", ""sel_7th_pre_req_pre"": ""0"", ""sel_7th_pre_req"": ""258"", ""sel_7th_pre_bid"": ""+38600"", ""sel_6th_pre_req_pre"": ""0"", ""sel_6th_pre_req"": ""32"", ""sel_6th_pre_bid"": ""+38550"", ""sel_5th_pre_req_pre"": ""0"", ""sel_5th_pre_req"": ""201"", ""sel_5th_pre_bid"": ""+38500"", ""sel_4th_pre_req_pre"": ""0"", ""sel_4th_pre_req"": ""5171"", ""sel_4th_pre_bid"": ""+38450"", ""sel_3th_pre_req_pre"": ""0"", ""sel_3th_pre_req"": ""400"", ""sel_3th_pre_bid"": ""+38400"", ""sel_2th_pre_req_pre"": ""0"", ""sel_2th_pre_req"": ""3"", ""sel_2th_pre_bid"": ""+38350"", ""sel_1th_pre_req_pre"": ""+34"", ""sel_fpr_req"": ""813"", ""sel_fpr_bid"": ""+38300"", ""buy_fpr_bid"": ""+38250"", ""buy_fpr_req"": ""585"", ""buy_1th_pre_req_pre"": ""0"", ""buy_2th_pre_bid"": ""+38200"", ""buy_2th_pre_req"": ""256"", ""buy_2th_pre_req_pre"": ""0"", ""buy_3th_pre_bid"": ""+38150"", ""buy_3th_pre_req"": ""120"", ""buy_3th_pre_req_pre"": ""0"", ""buy_4th_pre_bid"": ""+38100"", ""buy_4th_pre_req"": ""54"", ""buy_4th_pre_req_pre"": ""0"", ""buy_5th_pre_bid"": ""+38050"", ""buy_5th_pre_req"": ""107"", ""buy_5th_pre_req_pre"": ""0"", ""buy_6th_pre_bid"": ""+38000"", ""buy_6th_pre_req"": ""222"", ""buy_6th_pre_req_pre"": ""0"", ""buy_7th_pre_bid"": ""+37950"", ""buy_7th_pre_req"": ""340"", ""buy_7th_pre_req_pre"": ""0"", ""buy_8th_pre_bid"": ""+37900"", ""buy_8th_pre_req"": ""190"", ""buy_8th_pre_req_pre"": ""0"", ""buy_9th_pre_bid"": ""+37850"", ""buy_9th_pre_req"": ""342"", ""buy_9th_pre_req_pre"": ""0"", ""buy_10th_pre_bid"": ""+37800"", ""buy_10th_pre_req"": ""388"", ""buy_10th_pre_req_pre"": ""0"", ""tot_sel_req_jub_pre"": ""+34"", ""tot_sel_req"": ""7643"", ""tot_buy_req"": ""2604"", ""tot_buy_req_jub_pre"": ""0"", ""ovt_sel_req_pre"": ""0"", ""ovt_sel_req"": ""0"", ""ovt_buy_req"": ""0"", ""ovt_buy_req_pre"": ""0"", ""return_code"": 0, ""return_msg"": ""정상적으로 처리되었습니다""}"
2026-06-10,scan_candidate,036460,,0,main_scan,34350,,34350,34300,34350,34400,0.0,0.1455604075691412,,,,,,"{""bid_req_base_tm"": ""101203"", ""sel_10th_pre_req_pre"": ""0"", ""sel_10th_pre_req"": ""21"", ""sel_10th_pre_bid"": ""+34800"", ""sel_9th_pre_req_pre"": ""0"", ""sel_9th_pre_req"": ""611"", ""sel_9th_pre_bid"": ""+34750"", ""sel_8th_pre_req_pre"": ""0"", ""sel_8th_pre_req"": ""75"", ""sel_8th_pre_bid"": ""+34700"", ""sel_7th_pre_req_pre"": ""0"", ""sel_7th_pre_req"": ""271"", ""sel_7th_pre_bid"": ""+34650"", ""sel_6th_pre_req_pre"": ""0"", ""sel_6th_pre_req"": ""638"", ""sel_6th_pre_bid"": ""+34600"", ""sel_5th_pre_req_pre"": ""0"", ""sel_5th_pre_req"": ""650"", ""sel_5th_pre_bid"": ""+34550"", ""sel_4th_pre_req_pre"": ""0"", ""sel_4th_pre_req"": ""712"", ""sel_4th_pre_bid"": ""+34500"", ""sel_3th_pre_req_pre"": ""0"", ""sel_3th_pre_req"": ""94"", ""sel_3th_pre_bid"": ""+34450"", ""sel_2th_pre_req_pre"": ""0"", ""sel_2th_pre_req"": ""1398"", ""sel_2th_pre_bid"": ""+34400"", ""sel_1th_pre_req_pre"": ""0"", ""sel_fpr_req"": ""502"", ""sel_fpr_bid"": ""+34350"", ""buy_fpr_bid"": ""+34300"", ""buy_fpr_req"": ""318"", ""buy_1th_pre_req_pre"": ""+56"", ""buy_2th_pre_bid"": ""+34250"", ""buy_2th_pre_req"": ""672"", ""buy_2th_pre_req_pre"": ""0"", ""buy_3th_pre_bid"": ""+34200"", ""buy_3th_pre_req"": ""555"", ""buy_3th_pre_req_pre"": ""0"", ""buy_4th_pre_bid"": ""+34150"", ""buy_4th_pre_req"": ""321"", ""buy_4th_pre_req_pre"": ""0"", ""buy_5th_pre_bid"": ""+34100"", ""buy_5th_pre_req"": ""429"", ""buy_5th_pre_req_pre"": ""0"", ""buy_6th_pre_bid"": ""+34050"", ""buy_6th_pre_req"": ""1121"", ""buy_6th_pre_req_pre"": ""0"", ""buy_7th_pre_bid"": ""34000"", ""buy_7th_pre_req"": ""3021"", ""buy_7th_pre_req_pre"": ""0"", ""buy_8th_pre_bid"": ""-33950"", ""buy_8th_pre_req"": ""854"", ""buy_8th_pre_req_pre"": ""0"", ""buy_9th_pre_bid"": ""-33900"", ""buy_9th_pre_req"": ""831"", ""buy_9th_pre_req_pre"": ""0"", ""buy_10th_pre_bid"": ""-33850"", ""buy_10th_pre_req"": ""279"", ""buy_10th_pre_req_pre"": ""0"", ""tot_sel_req_jub_pre"": ""0"", ""tot_sel_req"": ""4972"", ""tot_buy_req"": ""8401"", ""tot_buy_req_jub_pre"": ""+56"", ""ovt_sel_req_pre"": ""0"", ""ovt_sel_req"": ""0"", ""ovt_buy_req"": ""0"", ""ovt_buy_req_pre"": ""0"", ""return_code"": 0, ""return_msg"": ""정상적으로 처리되었습니다""}"
2026-06-10,scan_candidate,007810,,0,main_scan,121300,,121300,121200,121300,121000,-0.6595218466611706,0.08244023083264633,,,,,,"{""bid_req_base_tm"": ""101211"", ""sel_10th_pre_req_pre"": ""0"", ""sel_10th_pre_req"": ""21"", ""sel_10th_pre_bid"": ""+122400"", ""sel_9th_pre_req_pre"": ""0"", ""sel_9th_pre_req"": ""1"", ""sel_9th_pre_bid"": ""+122300"", ""sel_8th_pre_req_pre"": ""0"", ""sel_8th_pre_req"": ""557"", ""sel_8th_pre_bid"": ""+122200"", ""sel_7th_pre_req_pre"": ""0"", ""sel_7th_pre_req"": ""21"", ""sel_7th_pre_bid"": ""+122100"", ""sel_6th_pre_req_pre"": ""0"", ""sel_6th_pre_req"": ""60"", ""sel_6th_pre_bid"": ""+122000"", ""sel_5th_pre_req_pre"": ""0"", ""sel_5th_pre_req"": ""11"", ""sel_5th_pre_bid"": ""+121900"", ""sel_4th_pre_req_pre"": ""0"", ""sel_4th_pre_req"": ""2"", ""sel_4th_pre_bid"": ""+121800"", ""sel_3th_pre_req_pre"": ""0"", ""sel_3th_pre_req"": ""12"", ""sel_3th_pre_bid"": ""+121500"", ""sel_2th_pre_req_pre"": ""0"", ""sel_2th_pre_req"": ""9"", ""sel_2th_pre_bid"": ""+121400"", ""sel_1th_pre_req_pre"": ""0"", ""sel_fpr_req"": ""7"", ""sel_fpr_bid"": ""+121300"", ""buy_fpr_bid"": ""+121200"", ""buy_fpr_req"": ""22"", ""buy_1th_pre_req_pre"": ""0"", ""buy_2th_pre_bid"": ""+120800"", ""buy_2th_pre_req"": ""32"", ""buy_2th_pre_req_pre"": ""0"", ""buy_3th_pre_bid"": ""+120700"", ""buy_3th_pre_req"": ""27"", ""buy_3th_pre_req_pre"": ""0"", ""buy_4th_pre_bid"": ""+120600"", ""buy_4th_pre_req"": ""4"", ""buy_4th_pre_req_pre"": ""0"", ""buy_5th_pre_bid"": ""+120500"", ""buy_5th_pre_req"": ""30"", ""buy_5th_pre_req_pre"": ""0"", ""buy_6th_pre_bid"": ""+120400"", ""buy_6th_pre_req"": ""16"", ""buy_6th_pre_req_pre"": ""0"", ""buy_7th_pre_bid"": ""120300"", ""buy_7th_pre_req"": ""305"", ""buy_7th_pre_req_pre"": ""0"", ""buy_8th_pre_bid"": ""-120200"", ""buy_8th_pre_req"": ""4"", ""buy_8th_pre_req_pre"": ""0"", ""buy_9th_pre_bid"": ""-120100"", ""buy_9th_pre_req"": ""76"", ""buy_9th_pre_req_pre"": ""0"", ""buy_10th_pre_bid"": ""-120000"", ""buy_10th_pre_req"": ""101"", ""buy_10th_pre_req_pre"": ""0"", ""tot_sel_req_jub_pre"": ""--13"", ""tot_sel_req"": ""701"", ""tot_buy_req"": ""617"", ""tot_buy_req_jub_pre"": ""+100"", ""ovt_sel_req_pre"": ""0"", ""ovt_sel_req"": ""0"", ""ovt_buy_req"": ""0"", ""ovt_buy_req_pre"": ""0"", ""return_code"": 0, ""return_msg"": ""정상적으로 처리되었습니다""}"
2026-06-10,scan_candidate,001740,,0,main_scan,14060,,14060,14050,14060,14050,-0.42674253200568996,0.07112375533428165,,,,,,"{""bid_req_base_tm"": ""101213"", ""sel_10th_pre_req_pre"": ""0"", ""sel_10th_pre_req"": ""4128"", ""sel_10th_pre_bid"": ""-14150"", ""sel_9th_pre_req_pre"": ""0"", ""sel_9th_pre_req"": ""2359"", ""sel_9th_pre_bid"": ""-14140"", ""sel_8th_pre_req_pre"": ""0"", ""sel_8th_pre_req"": ""1723"", ""sel_8th_pre_bid"": ""-14130"", ""sel_7th_pre_req_pre"": ""--3673"", ""sel_7th_pre_req"": ""982"", ""sel_7th_pre_bid"": ""-14120"", ""sel_6th_pre_req_pre"": ""0"", ""sel_6th_pre_req"": ""637"", ""sel_6th_pre_bid"": ""-14110"", ""sel_5th_pre_req_pre"": ""+96"", ""sel_5th_pre_req"": ""1044"", ""sel_5th_pre_bid"": ""-14100"", ""sel_4th_pre_req_pre"": ""+3783"", ""sel_4th_pre_req"": ""3839"", ""sel_4th_pre_bid"": ""-14090"", ""sel_3th_pre_req_pre"": ""0"", ""sel_3th_pre_req"": ""577"", ""sel_3th_pre_bid"": ""-14080"", ""sel_2th_pre_req_pre"": ""0"", ""sel_2th_pre_req"": ""459"", ""sel_2th_pre_bid"": ""-14070"", ""sel_1th_pre_req_pre"": ""--521"", ""sel_fpr_req"": ""840"", ""sel_fpr_bid"": ""-14060"", ""buy_fpr_bid"": ""-14050"", ""buy_fpr_req"": ""86"", ""buy_1th_pre_req_pre"": ""--77"", ""buy_2th_pre_bid"": ""-14030"", ""buy_2th_pre_req"": ""1438"", ""buy_2th_pre_req_pre"": ""+156"", ""buy_3th_pre_bid"": ""-14020"", ""buy_3th_pre_req"": ""3139"", ""buy_3th_pre_req_pre"": ""+143"", ""buy_4th_pre_bid"": ""-14010"", ""buy_4th_pre_req"": ""2808"", ""buy_4th_pre_req_pre"": ""--286"", ""buy_5th_pre_bid"": ""-14000"", ""buy_5th_pre_req"": ""14487"", ""buy_5th_pre_req_pre"": ""0"", ""buy_6th_pre_bid"": ""-13990"", ""buy_6th_pre_req"": ""1631"", ""buy_6th_pre_req_pre"": ""0"", ""buy_7th_pre_bid"": ""-13980"", ""buy_7th_pre_req"": ""3062"", ""buy_7th_pre_req_pre"": ""0"", ""buy_8th_pre_bid"": ""-13970"", ""buy_8th_pre_req"": ""1775"", ""buy_8th_pre_req_pre"": ""0"", ""buy_9th_pre_bid"": ""-13960"", ""buy_9th_pre_req"": ""2981"", ""buy_9th_pre_req_pre"": ""0"", ""buy_10th_pre_bid"": ""-13950"", ""buy_10th_pre_req"": ""3412"", ""buy_10th_pre_req_pre"": ""0"", ""tot_sel_req_jub_pre"": ""--315"", ""tot_sel_req"": ""16588"", ""tot_buy_req"": ""34819"", ""tot_buy_req_jub_pre"": ""--64"", ""ovt_sel_req_pre"": ""0"", ""ovt_sel_req"": ""0"", ""ovt_buy_req"": ""0"", ""ovt_buy_req_pre"": ""0"", ""return_code"": 0, ""return_msg"": ""정상적으로 처리되었습니다""}"
2026-06-10,scan_candidate,383220,,0,main_scan,75200,,75200,75100,75200,75000,-0.39893617021276595,0.13297872340425532,,,,,,"{""bid_req_base_tm"": ""101212"", ""sel_10th_pre_req_pre"": ""0"", ""sel_10th_pre_req"": ""4"", ""sel_10th_pre_bid"": ""+76500"", ""sel_9th_pre_req_pre"": ""0"", ""sel_9th_pre_req"": ""2"", ""sel_9th_pre_bid"": ""+76400"", ""sel_8th_pre_req_pre"": ""0"", ""sel_8th_pre_req"": ""100"", ""sel_8th_pre_bid"": ""+76300"", ""sel_7th_pre_req_pre"": ""0"", ""sel_7th_pre_req"": ""122"", ""sel_7th_pre_bid"": ""+76000"", ""sel_6th_pre_req_pre"": ""0"", ""sel_6th_pre_req"": ""101"", ""sel_6th_pre_bid"": ""+75900"", ""sel_5th_pre_req_pre"": ""0"", ""sel_5th_pre_req"": ""7"", ""sel_5th_pre_bid"": ""+75800"", ""sel_4th_pre_req_pre"": ""0"", ""sel_4th_pre_req"": ""8"", ""sel_4th_pre_bid"": ""+75500"", ""sel_3th_pre_req_pre"": ""0"", ""sel_3th_pre_req"": ""14"", ""sel_3th_pre_bid"": ""+75400"", ""sel_2th_pre_req_pre"": ""0"", ""sel_2th_pre_req"": ""63"", ""sel_2th_pre_bid"": ""+75300"", ""sel_1th_pre_req_pre"": ""+8"", ""sel_fpr_req"": ""238"", ""sel_fpr_bid"": ""+75200"", ""buy_fpr_bid"": ""+75100"", ""buy_fpr_req"": ""15"", ""buy_1th_pre_req_pre"": ""0"", ""buy_2th_pre_bid"": ""+75000"", ""buy_2th_pre_req"": ""128"", ""buy_2th_pre_req_pre"": ""0"", ""buy_3th_pre_bid"": ""+74900"", ""buy_3th_pre_req"": ""24"", ""buy_3th_pre_req_pre"": ""0"", ""buy_4th_pre_bid"": ""+74800"", ""buy_4th_pre_req"": ""21"", ""buy_4th_pre_req_pre"": ""0"", ""buy_5th_pre_bid"": ""+74700"", ""buy_5th_pre_req"": ""26"", ""buy_5th_pre_req_pre"": ""0"", ""buy_6th_pre_bid"": ""74600"", ""buy_6th_pre_req"": ""86"", ""buy_6th_pre_req_pre"": ""0"", ""buy_7th_pre_bid"": ""-74500"", ""buy_7th_pre_req"": ""37"", ""buy_7th_pre_req_pre"": ""0"", ""buy_8th_pre_bid"": ""-74400"", ""buy_8th_pre_req"": ""36"", ""buy_8th_pre_req_pre"": ""0"", ""buy_9th_pre_bid"": ""-74300"", ""buy_9th_pre_req"": ""10"", ""buy_9th_pre_req_pre"": ""0"", ""buy_10th_pre_bid"": ""-74200"", ""buy_10th_pre_req"": ""5"", ""buy_10th_pre_req_pre"": ""0"", ""tot_sel_req_jub_pre"": ""+8"", ""tot_sel_req"": ""659"", ""tot_buy_req"": ""388"", ""tot_buy_req_jub_pre"": ""0"", ""ovt_sel_req_pre"": ""0"", ""ovt_sel_req"": ""0"", ""ovt_buy_req"": ""0"", ""ovt_buy_req_pre"": ""0"", ""return_code"": 0, ""return_msg"": ""정상적으로 처리되었습니다""}"
2026-06-10,scan_candidate,014680,,0,main_scan,263000,,263000,262000,263000,263000,-0.19011406844106463,0.38022813688212925,,,,,,"{""bid_req_base_tm"": ""101206"", ""sel_10th_pre_req_pre"": ""0"", ""sel_10th_pre_req"": ""33"", ""sel_10th_pre_bid"": ""+267500"", ""sel_9th_pre_req_pre"": ""+1"", ""sel_9th_pre_req"": ""7"", ""sel_9th_pre_bid"": ""+267000"", ""sel_8th_pre_req_pre"": ""0"", ""sel_8th_pre_req"": ""16"", ""sel_8th_pre_bid"": ""+266500"", ""sel_7th_pre_req_pre"": ""0"", ""sel_7th_pre_req"": ""25"", ""sel_7th_pre_bid"": ""+266000"", ""sel_6th_pre_req_pre"": ""0"", ""sel_6th_pre_req"": ""58"", ""sel_6th_pre_bid"": ""+265500"", ""sel_5th_pre_req_pre"": ""0"", ""sel_5th_pre_req"": ""144"", ""sel_5th_pre_bid"": ""+265000"", ""sel_4th_pre_req_pre"": ""0"", ""sel_4th_pre_req"": ""31"", ""sel_4th_pre_bid"": ""+264500"", ""sel_3th_pre_req_pre"": ""0"", ""sel_3th_pre_req"": ""112"", ""sel_3th_pre_bid"": ""+264000"", ""sel_2th_pre_req_pre"": ""0"", ""sel_2th_pre_req"": ""65"", ""sel_2th_pre_bid"": ""+263500"", ""sel_1th_pre_req_pre"": ""0"", ""sel_fpr_req"": ""29"", ""sel_fpr_bid"": ""+263000"", ""buy_fpr_bid"": ""+262000"", ""buy_fpr_req"": ""20"", ""buy_1th_pre_req_pre"": ""0"", ""buy_2th_pre_bid"": ""+261500"", ""buy_2th_pre_req"": ""79"", ""buy_2th_pre_req_pre"": ""0"", ""buy_3th_pre_bid"": ""+261000"", ""buy_3th_pre_req"": ""8"", ""buy_3th_pre_req_pre"": ""0"", ""buy_4th_pre_bid"": ""+260500"", ""buy_4th_pre_req"": ""5"", ""buy_4th_pre_req_pre"": ""0"", ""buy_5th_pre_bid"": ""+260000"", ""buy_5th_pre_req"": ""27"", ""buy_5th_pre_req_pre"": ""0"", ""buy_6th_pre_bid"": ""+259500"", ""buy_6th_pre_req"": ""119"", ""buy_6th_pre_req_pre"": ""0"", ""buy_7th_pre_bid"": ""+259000"", ""buy_7th_pre_req"": ""209"", ""buy_7th_pre_req_pre"": ""0"", ""buy_8th_pre_bid"": ""+258500"", ""buy_8th_pre_req"": ""102"", ""buy_8th_pre_req_pre"": ""0"", ""buy_9th_pre_bid"": ""+258000"", ""buy_9th_pre_req"": ""104"", ""buy_9th_pre_req_pre"": ""0"", ""buy_10th_pre_bid"": ""+257500"", ""buy_10th_pre_req"": ""132"", ""buy_10th_pre_req_pre"": ""0"", ""tot_sel_req_jub_pre"": ""+1"", ""tot_sel_req"": ""520"", ""tot_buy_req"": ""805"", ""tot_buy_req_jub_pre"": ""0"", ""ovt_sel_req_pre"": ""0"", ""ovt_sel_req"": ""0"", ""ovt_buy_req"": ""0"", ""ovt_buy_req_pre"": ""0"", ""return_code"": 0, ""return_msg"": ""정상적으로 처리되었습니다""}"
2026-06-10,scan_candidate,028670,,0,main_scan,5050,,5050,5040,5050,5080,0.39603960396039606,0.19801980198019803,,,,,,"{""bid_req_base_tm"": ""101212"", ""sel_10th_pre_req_pre"": ""0"", ""sel_10th_pre_req"": ""331"", ""sel_10th_pre_bid"": ""-5140"", ""sel_9th_pre_req_pre"": ""0"", ""sel_9th_pre_req"": ""1648"", ""sel_9th_pre_bid"": ""-5130"", ""sel_8th_pre_req_pre"": ""0"", ""sel_8th_pre_req"": ""3360"", ""sel_8th_pre_bid"": ""-5120"", ""sel_7th_pre_req_pre"": ""0"", ""sel_7th_pre_req"": ""201"", ""sel_7th_pre_bid"": ""-5110"", ""sel_6th_pre_req_pre"": ""0"", ""sel_6th_pre_req"": ""111"", ""sel_6th_pre_bid"": ""-5100"", ""sel_5th_pre_req_pre"": ""0"", ""sel_5th_pre_req"": ""953"", ""sel_5th_pre_bid"": ""-5090"", ""sel_4th_pre_req_pre"": ""0"", ""sel_4th_pre_req"": ""3479"", ""sel_4th_pre_bid"": ""-5080"", ""sel_3th_pre_req_pre"": ""0"", ""sel_3th_pre_req"": ""2901"", ""sel_3th_pre_bid"": ""-5070"", ""sel_2th_pre_req_pre"": ""0"", ""sel_2th_pre_req"": ""6148"", ""sel_2th_pre_bid"": ""-5060"", ""sel_1th_pre_req_pre"": ""+2"", ""sel_fpr_req"": ""792"", ""sel_fpr_bid"": ""-5050"", ""buy_fpr_bid"": ""-5040"", ""buy_fpr_req"": ""9380"", ""buy_1th_pre_req_pre"": ""0"", ""buy_2th_pre_bid"": ""-5030"", ""buy_2th_pre_req"": ""5896"", ""buy_2th_pre_req_pre"": ""+2"", ""buy_3th_pre_bid"": ""-5020"", ""buy_3th_pre_req"": ""8665"", ""buy_3th_pre_req_pre"": ""0"", ""buy_4th_pre_bid"": ""-5010"", ""buy_4th_pre_req"": ""4035"", ""buy_4th_pre_req_pre"": ""0"", ""buy_5th_pre_bid"": ""-5000"", ""buy_5th_pre_req"": ""15078"", ""buy_5th_pre_req_pre"": ""0"", ""buy_6th_pre_bid"": ""-4995"", ""buy_6th_pre_req"": ""1744"", ""buy_6th_pre_req_pre"": ""0"", ""buy_7th_pre_bid"": ""-4990"", ""buy_7th_pre_req"": ""2296"", ""buy_7th_pre_req_pre"": ""0"", ""buy_8th_pre_bid"": ""-4985"", ""buy_8th_pre_req"": ""1148"", ""buy_8th_pre_req_pre"": ""0"", ""buy_9th_pre_bid"": ""-4980"", ""buy_9th_pre_req"": ""5427"", ""buy_9th_pre_req_pre"": ""0"", ""buy_10th_pre_bid"": ""-4975"", ""buy_10th_pre_req"": ""290"", ""buy_10th_pre_req_pre"": ""0"", ""tot_sel_req_jub_pre"": ""+2"", ""tot_sel_req"": ""19924"", ""tot_buy_req"": ""53959"", ""tot_buy_req_jub_pre"": ""+2"", ""ovt_sel_req_pre"": ""0"", ""ovt_sel_req"": ""0"", ""ovt_buy_req"": ""0"", ""ovt_buy_req_pre"": ""0"", ""return_code"": 0, ""return_msg"": ""정상적으로 처리되었습니다""}"
2026-06-10,scan_candidate,009420,,0,main_scan,50400,,50400,50300,50400,50600,0.1984126984126984,0.1984126984126984,,,,,,"{""bid_req_base_tm"": ""101214"", ""sel_10th_pre_req_pre"": ""0"", ""sel_10th_pre_req"": ""10"", ""sel_10th_pre_bid"": ""-51400"", ""sel_9th_pre_req_pre"": ""0"", ""sel_9th_pre_req"": ""460"", ""sel_9th_pre_bid"": ""-51300"", ""sel_8th_pre_req_pre"": ""0"", ""sel_8th_pre_req"": ""141"", ""sel_8th_pre_bid"": ""-51200"", ""sel_7th_pre_req_pre"": ""0"", ""sel_7th_pre_req"": ""80"", ""sel_7th_pre_bid"": ""-51100"", ""sel_6th_pre_req_pre"": ""0"", ""sel_6th_pre_req"": ""101"", ""sel_6th_pre_bid"": ""-51000"", ""sel_5th_pre_req_pre"": ""0"", ""sel_5th_pre_req"": ""32"", ""sel_5th_pre_bid"": ""-50900"", ""sel_4th_pre_req_pre"": ""0"", ""sel_4th_pre_req"": ""272"", ""sel_4th_pre_bid"": ""-50700"", ""sel_3th_pre_req_pre"": ""0"", ""sel_3th_pre_req"": ""168"", ""sel_3th_pre_bid"": ""-50600"", ""sel_2th_pre_req_pre"": ""0"", ""sel_2th_pre_req"": ""70"", ""sel_2th_pre_bid"": ""-50500"", ""sel_1th_pre_req_pre"": ""0"", ""sel_fpr_req"": ""111"", ""sel_fpr_bid"": ""-50400"", ""buy_fpr_bid"": ""-50300"", ""buy_fpr_req"": ""191"", ""buy_1th_pre_req_pre"": ""0"", ""buy_2th_pre_bid"": ""-50200"", ""buy_2th_pre_req"": ""167"", ""buy_2th_pre_req_pre"": ""0"", ""buy_3th_pre_bid"": ""-50100"", ""buy_3th_pre_req"": ""266"", ""buy_3th_pre_req_pre"": ""0"", ""buy_4th_pre_bid"": ""-50000"", ""buy_4th_pre_req"": ""280"", ""buy_4th_pre_req_pre"": ""0"", ""buy_5th_pre_bid"": ""-49950"", ""buy_5th_pre_req"": ""226"", ""buy_5th_pre_req_pre"": ""0"", ""buy_6th_pre_bid"": ""-49900"", ""buy_6th_pre_req"": ""369"", ""buy_6th_pre_req_pre"": ""0"", ""buy_7th_pre_bid"": ""-49850"", ""buy_7th_pre_req"": ""269"", ""buy_7th_pre_req_pre"": ""0"", ""buy_8th_pre_bid"": ""-49800"", ""buy_8th_pre_req"": ""567"", ""buy_8th_pre_req_pre"": ""0"", ""buy_9th_pre_bid"": ""-49750"", ""buy_9th_pre_req"": ""861"", ""buy_9th_pre_req_pre"": ""0"", ""buy_10th_pre_bid"": ""-49700"", ""buy_10th_pre_req"": ""1200"", ""buy_10th_pre_req_pre"": ""0"", ""tot_sel_req_jub_pre"": ""0"", ""tot_sel_req"": ""1445"", ""tot_buy_req"": ""4396"", ""tot_buy_req_jub_pre"": ""0"", ""ovt_sel_req_pre"": ""0"", ""ovt_sel_req"": ""0"", ""ovt_buy_req"": ""0"", ""ovt_buy_req_pre"": ""0"", ""return_code"": 0, ""return_msg"": ""정상적으로 처리되었습니다""}"
2026-06-10,scan_candidate,375500,,0,main_scan,71200,,71200,71100,71200,70900,-0.5617977528089888,0.1404494382022472,,,,,,"{""bid_req_base_tm"": ""101213"", ""sel_10th_pre_req_pre"": ""0"", ""sel_10th_pre_req"": ""214"", ""sel_10th_pre_bid"": ""+72100"", ""sel_9th_pre_req_pre"": ""+50"", ""sel_9th_pre_req"": ""592"", ""sel_9th_pre_bid"": ""+72000"", ""sel_8th_pre_req_pre"": ""0"", ""sel_8th_pre_req"": ""412"", ""sel_8th_pre_bid"": ""+71900"", ""sel_7th_pre_req_pre"": ""0"", ""sel_7th_pre_req"": ""241"", ""sel_7th_pre_bid"": ""+71800"", ""sel_6th_pre_req_pre"": ""0"", ""sel_6th_pre_req"": ""230"", ""sel_6th_pre_bid"": ""+71700"", ""sel_5th_pre_req_pre"": ""0"", ""sel_5th_pre_req"": ""858"", ""sel_5th_pre_bid"": ""+71600"", ""sel_4th_pre_req_pre"": ""0"", ""sel_4th_pre_req"": ""45"", ""sel_4th_pre_bid"": ""+71500"", ""sel_3th_pre_req_pre"": ""0"", ""sel_3th_pre_req"": ""143"", ""sel_3th_pre_bid"": ""+71400"", ""sel_2th_pre_req_pre"": ""0"", ""sel_2th_pre_req"": ""51"", ""sel_2th_pre_bid"": ""+71300"", ""sel_1th_pre_req_pre"": ""0"", ""sel_fpr_req"": ""43"", ""sel_fpr_bid"": ""+71200"", ""buy_fpr_bid"": ""+71100"", ""buy_fpr_req"": ""5"", ""buy_1th_pre_req_pre"": ""0"", ""buy_2th_pre_bid"": ""+71000"", ""buy_2th_pre_req"": ""90"", ""buy_2th_pre_req_pre"": ""0"", ""buy_3th_pre_bid"": ""+70900"", ""buy_3th_pre_req"": ""5"", ""buy_3th_pre_req_pre"": ""0"", ""buy_4th_pre_bid"": ""+70800"", ""buy_4th_pre_req"": ""105"", ""buy_4th_pre_req_pre"": ""0"", ""buy_5th_pre_bid"": ""+70700"", ""buy_5th_pre_req"": ""517"", ""buy_5th_pre_req_pre"": ""0"", ""buy_6th_pre_bid"": ""+70600"", ""buy_6th_pre_req"": ""5"", ""buy_6th_pre_req_pre"": ""0"", ""buy_7th_pre_bid"": ""+70500"", ""buy_7th_pre_req"": ""123"", ""buy_7th_pre_req_pre"": ""0"", ""buy_8th_pre_bid"": ""+70400"", ""buy_8th_pre_req"": ""5"", ""buy_8th_pre_req_pre"": ""0"", ""buy_9th_pre_bid"": ""+70300"", ""buy_9th_pre_req"": ""6"", ""buy_9th_pre_req_pre"": ""0"", ""buy_10th_pre_bid"": ""+70200"", ""buy_10th_pre_req"": ""7"", ""buy_10th_pre_req_pre"": ""0"", ""tot_sel_req_jub_pre"": ""+50"", ""tot_sel_req"": ""2829"", ""tot_buy_req"": ""868"", ""tot_buy_req_jub_pre"": ""0"", ""ovt_sel_req_pre"": ""0"", ""ovt_sel_req"": ""0"", ""ovt_buy_req"": ""0"", ""ovt_buy_req_pre"": ""0"", ""return_code"": 0, ""return_msg"": ""정상적으로 처리되었습니다""}"
2026-06-10,scan_candidate,004990,,0,main_scan,25650,,25650,25600,25650,25700,0.0,0.1949317738791423,,,,,,"{""bid_req_base_tm"": ""101207"", ""sel_10th_pre_req_pre"": ""0"", ""sel_10th_pre_req"": ""90"", ""sel_10th_pre_bid"": ""+26200"", ""sel_9th_pre_req_pre"": ""0"", ""sel_9th_pre_req"": ""69"", ""sel_9th_pre_bid"": ""26150"", ""sel_8th_pre_req_pre"": ""0"", ""sel_8th_pre_req"": ""3602"", ""sel_8th_pre_bid"": ""-26100"", ""sel_7th_pre_req_pre"": ""0"", ""sel_7th_pre_req"": ""61"", ""sel_7th_pre_bid"": ""-26050"", ""sel_6th_pre_req_pre"": ""0"", ""sel_6th_pre_req"": ""3"", ""sel_6th_pre_bid"": ""-26000"", ""sel_5th_pre_req_pre"": ""0"", ""sel_5th_pre_req"": ""16"", ""sel_5th_pre_bid"": ""-25950"", ""sel_4th_pre_req_pre"": ""0"", ""sel_4th_pre_req"": ""250"", ""sel_4th_pre_bid"": ""-25900"", ""sel_3th_pre_req_pre"": ""0"", ""sel_3th_pre_req"": ""250"", ""sel_3th_pre_bid"": ""-25850"", ""sel_2th_pre_req_pre"": ""0"", ""sel_2th_pre_req"": ""590"", ""sel_2th_pre_bid"": ""-25750"", ""sel_1th_pre_req_pre"": ""+41"", ""sel_fpr_req"": ""99"", ""sel_fpr_bid"": ""-25650"", ""buy_fpr_bid"": ""-25600"", ""buy_fpr_req"": ""171"", ""buy_1th_pre_req_pre"": ""0"", ""buy_2th_pre_bid"": ""-25550"", ""buy_2th_pre_req"": ""66"", ""buy_2th_pre_req_pre"": ""0"", ""buy_3th_pre_bid"": ""-25500"", ""buy_3th_pre_req"": ""335"", ""buy_3th_pre_req_pre"": ""0"", ""buy_4th_pre_bid"": ""-25450"", ""buy_4th_pre_req"": ""543"", ""buy_4th_pre_req_pre"": ""0"", ""buy_5th_pre_bid"": ""-25400"", ""buy_5th_pre_req"": ""669"", ""buy_5th_pre_req_pre"": ""0"", ""buy_6th_pre_bid"": ""-25350"", ""buy_6th_pre_req"": ""392"", ""buy_6th_pre_req_pre"": ""0"", ""buy_7th_pre_bid"": ""-25300"", ""buy_7th_pre_req"": ""1005"", ""buy_7th_pre_req_pre"": ""0"", ""buy_8th_pre_bid"": ""-25250"", ""buy_8th_pre_req"": ""880"", ""buy_8th_pre_req_pre"": ""0"", ""buy_9th_pre_bid"": ""-25200"", ""buy_9th_pre_req"": ""4207"", ""buy_9th_pre_req_pre"": ""0"", ""buy_10th_pre_bid"": ""-25150"", ""buy_10th_pre_req"": ""1594"", ""buy_10th_pre_req_pre"": ""0"", ""tot_sel_req_jub_pre"": ""+41"", ""tot_sel_req"": ""5030"", ""tot_buy_req"": ""9862"", ""tot_buy_req_jub_pre"": ""0"", ""ovt_sel_req_pre"": ""0"", ""ovt_sel_req"": ""0"", ""ovt_buy_req"": ""0"", ""ovt_buy_req_pre"": ""0"", ""return_code"": 0, ""return_msg"": ""정상적으로 처리되었습니다""}"
2026-06-10,scan_candidate,483650,,0,main_scan,204500,,204500,204000,204500,202500,-1.2224938875305624,0.24449877750611246,,,,,,"{""bid_req_base_tm"": ""101211"", ""sel_10th_pre_req_pre"": ""0"", ""sel_10th_pre_req"": ""626"", ""sel_10th_pre_bid"": ""+209000"", ""sel_9th_pre_req_pre"": ""0"", ""sel_9th_pre_req"": ""37"", ""sel_9th_pre_bid"": ""+208500"", ""sel_8th_pre_req_pre"": ""0"", ""sel_8th_pre_req"": ""483"", ""sel_8th_pre_bid"": ""+208000"", ""sel_7th_pre_req_pre"": ""0"", ""sel_7th_pre_req"": ""392"", ""sel_7th_pre_bid"": ""+207500"", ""sel_6th_pre_req_pre"": ""0"", ""sel_6th_pre_req"": ""994"", ""sel_6th_pre_bid"": ""+207000"", ""sel_5th_pre_req_pre"": ""0"", ""sel_5th_pre_req"": ""1644"", ""sel_5th_pre_bid"": ""+206500"", ""sel_4th_pre_req_pre"": ""--8"", ""sel_4th_pre_req"": ""1261"", ""sel_4th_pre_bid"": ""+206000"", ""sel_3th_pre_req_pre"": ""--14"", ""sel_3th_pre_req"": ""218"", ""sel_3th_pre_bid"": ""+205500"", ""sel_2th_pre_req_pre"": ""0"", ""sel_2th_pre_req"": ""226"", ""sel_2th_pre_bid"": ""+205000"", ""sel_1th_pre_req_pre"": ""+4"", ""sel_fpr_req"": ""89"", ""sel_fpr_bid"": ""+204500"", ""buy_fpr_bid"": ""+204000"", ""buy_fpr_req"": ""62"", ""buy_1th_pre_req_pre"": ""--3"", ""buy_2th_pre_bid"": ""+203500"", ""buy_2th_pre_req"": ""45"", ""buy_2th_pre_req_pre"": ""0"", ""buy_3th_pre_bid"": ""+203000"", ""buy_3th_pre_req"": ""92"", ""buy_3th_pre_req_pre"": ""0"", ""buy_4th_pre_bid"": ""+202500"", ""buy_4th_pre_req"": ""143"", ""buy_4th_pre_req_pre"": ""0"", ""buy_5th_pre_bid"": ""+202000"", ""buy_5th_pre_req"": ""221"", ""buy_5th_pre_req_pre"": ""0"", ""buy_6th_pre_bid"": ""+201500"", ""buy_6th_pre_req"": ""88"", ""buy_6th_pre_req_pre"": ""0"", ""buy_7th_pre_bid"": ""+201000"", ""buy_7th_pre_req"": ""261"", ""buy_7th_pre_req_pre"": ""0"", ""buy_8th_pre_bid"": ""+200500"", ""buy_8th_pre_req"": ""181"", ""buy_8th_pre_req_pre"": ""0"", ""buy_9th_pre_bid"": ""+200000"", ""buy_9th_pre_req"": ""437"", ""buy_9th_pre_req_pre"": ""0"", ""buy_10th_pre_bid"": ""+199900"", ""buy_10th_pre_req"": ""154"", ""buy_10th_pre_req_pre"": ""0"", ""tot_sel_req_jub_pre"": ""--18"", ""tot_sel_req"": ""5970"", ""tot_buy_req"": ""1684"", ""tot_buy_req_jub_pre"": ""--3"", ""ovt_sel_req_pre"": ""0"", ""ovt_sel_req"": ""0"", ""ovt_buy_req"": ""0"", ""ovt_buy_req_pre"": ""0"", ""return_code"": 0, ""return_msg"": ""정상적으로 처리되었습니다""}"
2026-06-10,scan_candidate,003690,,0,main_scan,13330,,13330,13320,13330,13300,-0.6001500375093773,0.07501875468867217,,,,,,"{""bid_req_base_tm"": ""101214"", ""sel_10th_pre_req_pre"": ""0"", ""sel_10th_pre_req"": ""352"", ""sel_10th_pre_bid"": ""+13450"", ""sel_9th_pre_req_pre"": ""0"", ""sel_9th_pre_req"": ""50"", ""sel_9th_pre_bid"": ""13440"", ""sel_8th_pre_req_pre"": ""0"", ""sel_8th_pre_req"": ""75"", ""sel_8th_pre_bid"": ""-13430"", ""sel_7th_pre_req_pre"": ""0"", ""sel_7th_pre_req"": ""201"", ""sel_7th_pre_bid"": ""-13420"", ""sel_6th_pre_req_pre"": ""0"", ""sel_6th_pre_req"": ""118"", ""sel_6th_pre_bid"": ""-13410"", ""sel_5th_pre_req_pre"": ""0"", ""sel_5th_pre_req"": ""488"", ""sel_5th_pre_bid"": ""-13390"", ""sel_4th_pre_req_pre"": ""0"", ""sel_4th_pre_req"": ""32"", ""sel_4th_pre_bid"": ""-13370"", ""sel_3th_pre_req_pre"": ""0"", ""sel_3th_pre_req"": ""230"", ""sel_3th_pre_bid"": ""-13360"", ""sel_2th_pre_req_pre"": ""0"", ""sel_2th_pre_req"": ""99"", ""sel_2th_pre_bid"": ""-13350"", ""sel_1th_pre_req_pre"": ""0"", ""sel_fpr_req"": ""24"", ""sel_fpr_bid"": ""-13330"", ""buy_fpr_bid"": ""-13320"", ""buy_fpr_req"": ""58"", ""buy_1th_pre_req_pre"": ""+53"", ""buy_2th_pre_bid"": ""-13310"", ""buy_2th_pre_req"": ""359"", ""buy_2th_pre_req_pre"": ""0"", ""buy_3th_pre_bid"": ""-13300"", ""buy_3th_pre_req"": ""291"", ""buy_3th_pre_req_pre"": ""0"", ""buy_4th_pre_bid"": ""-13290"", ""buy_4th_pre_req"": ""50"", ""buy_4th_pre_req_pre"": ""0"", ""buy_5th_pre_bid"": ""-13250"", ""buy_5th_pre_req"": ""75"", ""buy_5th_pre_req_pre"": ""0"", ""buy_6th_pre_bid"": ""-13240"", ""buy_6th_pre_req"": ""15"", ""buy_6th_pre_req_pre"": ""0"", ""buy_7th_pre_bid"": ""-13220"", ""buy_7th_pre_req"": ""29"", ""buy_7th_pre_req_pre"": ""0"", ""buy_8th_pre_bid"": ""-13210"", ""buy_8th_pre_req"": ""510"", ""buy_8th_pre_req_pre"": ""0"", ""buy_9th_pre_bid"": ""-13200"", ""buy_9th_pre_req"": ""521"", ""buy_9th_pre_req_pre"": ""0"", ""buy_10th_pre_bid"": ""-13190"", ""buy_10th_pre_req"": ""51"", ""buy_10th_pre_req_pre"": ""0"", ""tot_sel_req_jub_pre"": ""0"", ""tot_sel_req"": ""1669"", ""tot_buy_req"": ""1959"", ""tot_buy_req_jub_pre"": ""+53"", ""ovt_sel_req_pre"": ""0"", ""ovt_sel_req"": ""0"", ""ovt_buy_req"": ""0"", ""ovt_buy_req_pre"": ""0"", ""return_code"": 0, ""return_msg"": ""정상적으로 처리되었습니다""}"
2026-06-10,scan_candidate,279570,,0,main_scan,5970,,5970,5960,5970,5940,-0.6700167504187605,0.16750418760469013,,,,,,"{""bid_req_base_tm"": ""101214"", ""sel_10th_pre_req_pre"": ""0"", ""sel_10th_pre_req"": ""33677"", ""sel_10th_pre_bid"": ""+6060"", ""sel_9th_pre_req_pre"": ""0"", ""sel_9th_pre_req"": ""34483"", ""sel_9th_pre_bid"": ""+6050"", ""sel_8th_pre_req_pre"": ""0"", ""sel_8th_pre_req"": ""21197"", ""sel_8th_pre_bid"": ""+6040"", ""sel_7th_pre_req_pre"": ""0"", ""sel_7th_pre_req"": ""27278"", ""sel_7th_pre_bid"": ""+6030"", ""sel_6th_pre_req_pre"": ""0"", ""sel_6th_pre_req"": ""23274"", ""sel_6th_pre_bid"": ""+6020"", ""sel_5th_pre_req_pre"": ""0"", ""sel_5th_pre_req"": ""13864"", ""sel_5th_pre_bid"": ""+6010"", ""sel_4th_pre_req_pre"": ""0"", ""sel_4th_pre_req"": ""31875"", ""sel_4th_pre_bid"": ""+6000"", ""sel_3th_pre_req_pre"": ""0"", ""sel_3th_pre_req"": ""25410"", ""sel_3th_pre_bid"": ""+5990"", ""sel_2th_pre_req_pre"": ""0"", ""sel_2th_pre_req"": ""1697"", ""sel_2th_pre_bid"": ""+5980"", ""sel_1th_pre_req_pre"": ""+1"", ""sel_fpr_req"": ""2767"", ""sel_fpr_bid"": ""+5970"", ""buy_fpr_bid"": ""+5960"", ""buy_fpr_req"": ""5462"", ""buy_1th_pre_req_pre"": ""0"", ""buy_2th_pre_bid"": ""+5950"", ""buy_2th_pre_req"": ""17891"", ""buy_2th_pre_req_pre"": ""0"", ""buy_3th_pre_bid"": ""+5940"", ""buy_3th_pre_req"": ""4532"", ""buy_3th_pre_req_pre"": ""0"", ""buy_4th_pre_bid"": ""+5930"", ""buy_4th_pre_req"": ""12723"", ""buy_4th_pre_req_pre"": ""0"", ""buy_5th_pre_bid"": ""+5920"", ""buy_5th_pre_req"": ""6849"", ""buy_5th_pre_req_pre"": ""0"", ""buy_6th_pre_bid"": ""+5910"", ""buy_6th_pre_req"": ""12383"", ""buy_6th_pre_req_pre"": ""0"", ""buy_7th_pre_bid"": ""+5900"", ""buy_7th_pre_req"": ""11031"", ""buy_7th_pre_req_pre"": ""0"", ""buy_8th_pre_bid"": ""+5890"", ""buy_8th_pre_req"": ""3664"", ""buy_8th_pre_req_pre"": ""0"", ""buy_9th_pre_bid"": ""+5880"", ""buy_9th_pre_req"": ""2576"", ""buy_9th_pre_req_pre"": ""0"", ""buy_10th_pre_bid"": ""+5870"", ""buy_10th_pre_req"": ""3520"", ""buy_10th_pre_req_pre"": ""0"", ""tot_sel_req_jub_pre"": ""+1"", ""tot_sel_req"": ""215522"", ""tot_buy_req"": ""80631"", ""tot_buy_req_jub_pre"": ""0"", ""ovt_sel_req_pre"": ""0"", ""ovt_sel_req"": ""0"", ""ovt_buy_req"": ""0"", ""ovt_buy_req_pre"": ""0"", ""return_code"": 0, ""return_msg"": ""정상적으로 처리되었습니다""}"
2026-06-10,scan_candidate,008770,,0,main_scan,54100,,54100,53900,54100,54100,-0.18484288354898337,0.36968576709796674,,,,,,"{""bid_req_base_tm"": ""101214"", ""sel_10th_pre_req_pre"": ""0"", ""sel_10th_pre_req"": ""431"", ""sel_10th_pre_bid"": ""-55000"", ""sel_9th_pre_req_pre"": ""0"", ""sel_9th_pre_req"": ""312"", ""sel_9th_pre_bid"": ""-54900"", ""sel_8th_pre_req_pre"": ""0"", ""sel_8th_pre_req"": ""39"", ""sel_8th_pre_bid"": ""-54800"", ""sel_7th_pre_req_pre"": ""0"", ""sel_7th_pre_req"": ""6"", ""sel_7th_pre_bid"": ""-54700"", ""sel_6th_pre_req_pre"": ""0"", ""sel_6th_pre_req"": ""122"", ""sel_6th_pre_bid"": ""-54600"", ""sel_5th_pre_req_pre"": ""0"", ""sel_5th_pre_req"": ""245"", ""sel_5th_pre_bid"": ""-54500"", ""sel_4th_pre_req_pre"": ""0"", ""sel_4th_pre_req"": ""10"", ""sel_4th_pre_bid"": ""-54400"", ""sel_3th_pre_req_pre"": ""0"", ""sel_3th_pre_req"": ""6"", ""sel_3th_pre_bid"": ""-54300"", ""sel_2th_pre_req_pre"": ""0"", ""sel_2th_pre_req"": ""13"", ""sel_2th_pre_bid"": ""-54200"", ""sel_1th_pre_req_pre"": ""0"", ""sel_fpr_req"": ""121"", ""sel_fpr_bid"": ""-54100"", ""buy_fpr_bid"": ""-53900"", ""buy_fpr_req"": ""399"", ""buy_1th_pre_req_pre"": ""0"", ""buy_2th_pre_bid"": ""-53800"", ""buy_2th_pre_req"": ""161"", ""buy_2th_pre_req_pre"": ""0"", ""buy_3th_pre_bid"": ""-53700"", ""buy_3th_pre_req"": ""79"", ""buy_3th_pre_req_pre"": ""0"", ""buy_4th_pre_bid"": ""-53600"", ""buy_4th_pre_req"": ""142"", ""buy_4th_pre_req_pre"": ""0"", ""buy_5th_pre_bid"": ""-53500"", ""buy_5th_pre_req"": ""46"", ""buy_5th_pre_req_pre"": ""0"", ""buy_6th_pre_bid"": ""-53400"", ""buy_6th_pre_req"": ""207"", ""buy_6th_pre_req_pre"": ""0"", ""buy_7th_pre_bid"": ""-53300"", ""buy_7th_pre_req"": ""595"", ""buy_7th_pre_req_pre"": ""0"", ""buy_8th_pre_bid"": ""-53200"", ""buy_8th_pre_req"": ""417"", ""buy_8th_pre_req_pre"": ""0"", ""buy_9th_pre_bid"": ""-53100"", ""buy_9th_pre_req"": ""520"", ""buy_9th_pre_req_pre"": ""0"", ""buy_10th_pre_bid"": ""-53000"", ""buy_10th_pre_req"": ""1176"", ""buy_10th_pre_req_pre"": ""0"", ""tot_sel_req_jub_pre"": ""0"", ""tot_sel_req"": ""1305"", ""tot_buy_req"": ""3742"", ""tot_buy_req_jub_pre"": ""+1106"", ""ovt_sel_req_pre"": ""0"", ""ovt_sel_req"": ""0"", ""ovt_buy_req"": ""0"", ""ovt_buy_req_pre"": ""0"", ""return_code"": 0, ""return_msg"": ""정상적으로 처리되었습니다""}"
2026-06-10,scan_candidate,081660,,0,main_scan,40250,,40250,40200,40250,40350,0.12422360248447205,0.12422360248447205,,,,,,"{""bid_req_base_tm"": ""101214"", ""sel_10th_pre_req_pre"": ""0"", ""sel_10th_pre_req"": ""90"", ""sel_10th_pre_bid"": ""+40700"", ""sel_9th_pre_req_pre"": ""0"", ""sel_9th_pre_req"": ""50"", ""sel_9th_pre_bid"": ""+40650"", ""sel_8th_pre_req_pre"": ""0"", ""sel_8th_pre_req"": ""75"", ""sel_8th_pre_bid"": ""+40600"", ""sel_7th_pre_req_pre"": ""0"", ""sel_7th_pre_req"": ""126"", ""sel_7th_pre_bid"": ""+40550"", ""sel_6th_pre_req_pre"": ""0"", ""sel_6th_pre_req"": ""258"", ""sel_6th_pre_bid"": ""+40500"", ""sel_5th_pre_req_pre"": ""0"", ""sel_5th_pre_req"": ""70"", ""sel_5th_pre_bid"": ""+40450"", ""sel_4th_pre_req_pre"": ""0"", ""sel_4th_pre_req"": ""141"", ""sel_4th_pre_bid"": ""+40400"", ""sel_3th_pre_req_pre"": ""0"", ""sel_3th_pre_req"": ""95"", ""sel_3th_pre_bid"": ""+40350"", ""sel_2th_pre_req_pre"": ""0"", ""sel_2th_pre_req"": ""38"", ""sel_2th_pre_bid"": ""+40300"", ""sel_1th_pre_req_pre"": ""0"", ""sel_fpr_req"": ""91"", ""sel_fpr_bid"": ""+40250"", ""buy_fpr_bid"": ""+40200"", ""buy_fpr_req"": ""66"", ""buy_1th_pre_req_pre"": ""+13"", ""buy_2th_pre_bid"": ""+40150"", ""buy_2th_pre_req"": ""62"", ""buy_2th_pre_req_pre"": ""0"", ""buy_3th_pre_bid"": ""+40050"", ""buy_3th_pre_req"": ""213"", ""buy_3th_pre_req_pre"": ""0"", ""buy_4th_pre_bid"": ""+40000"", ""buy_4th_pre_req"": ""757"", ""buy_4th_pre_req_pre"": ""0"", ""buy_5th_pre_bid"": ""+39950"", ""buy_5th_pre_req"": ""539"", ""buy_5th_pre_req_pre"": ""0"", ""buy_6th_pre_bid"": ""+39900"", ""buy_6th_pre_req"": ""21"", ""buy_6th_pre_req_pre"": ""0"", ""buy_7th_pre_bid"": ""+39850"", ""buy_7th_pre_req"": ""91"", ""buy_7th_pre_req_pre"": ""0"", ""buy_8th_pre_bid"": ""+39800"", ""buy_8th_pre_req"": ""40"", ""buy_8th_pre_req_pre"": ""0"", ""buy_9th_pre_bid"": ""+39750"", ""buy_9th_pre_req"": ""40"", ""buy_9th_pre_req_pre"": ""0"", ""buy_10th_pre_bid"": ""39700"", ""buy_10th_pre_req"": ""62"", ""buy_10th_pre_req_pre"": ""0"", ""tot_sel_req_jub_pre"": ""0"", ""tot_sel_req"": ""1034"", ""tot_buy_req"": ""1891"", ""tot_buy_req_jub_pre"": ""+13"", ""ovt_sel_req_pre"": ""0"", ""ovt_sel_req"": ""0"", ""ovt_buy_req"": ""0"", ""ovt_buy_req_pre"": ""0"", ""return_code"": 0, ""return_msg"": ""정상적으로 처리되었습니다""}"
2026-06-10,scan_candidate,462870,,0,main_scan,31200,,31200,31150,31200,31000,-0.8012820512820512,0.16025641025641024,,,,,,"{""bid_req_base_tm"": ""101210"", ""sel_10th_pre_req_pre"": ""0"", ""sel_10th_pre_req"": ""280"", ""sel_10th_pre_bid"": ""-31650"", ""sel_9th_pre_req_pre"": ""0"", ""sel_9th_pre_req"": ""36"", ""sel_9th_pre_bid"": ""-31600"", ""sel_8th_pre_req_pre"": ""0"", ""sel_8th_pre_req"": ""82"", ""sel_8th_pre_bid"": ""-31550"", ""sel_7th_pre_req_pre"": ""0"", ""sel_7th_pre_req"": ""167"", ""sel_7th_pre_bid"": ""-31500"", ""sel_6th_pre_req_pre"": ""0"", ""sel_6th_pre_req"": ""55"", ""sel_6th_pre_bid"": ""-31450"", ""sel_5th_pre_req_pre"": ""0"", ""sel_5th_pre_req"": ""130"", ""sel_5th_pre_bid"": ""-31400"", ""sel_4th_pre_req_pre"": ""0"", ""sel_4th_pre_req"": ""2"", ""sel_4th_pre_bid"": ""-31350"", ""sel_3th_pre_req_pre"": ""0"", ""sel_3th_pre_req"": ""28"", ""sel_3th_pre_bid"": ""-31300"", ""sel_2th_pre_req_pre"": ""0"", ""sel_2th_pre_req"": ""73"", ""sel_2th_pre_bid"": ""-31250"", ""sel_1th_pre_req_pre"": ""0"", ""sel_fpr_req"": ""465"", ""sel_fpr_bid"": ""-31200"", ""buy_fpr_bid"": ""-31150"", ""buy_fpr_req"": ""2"", ""buy_1th_pre_req_pre"": ""0"", ""buy_2th_pre_bid"": ""-31100"", ""buy_2th_pre_req"": ""49"", ""buy_2th_pre_req_pre"": ""0"", ""buy_3th_pre_bid"": ""-31050"", ""buy_3th_pre_req"": ""15"", ""buy_3th_pre_req_pre"": ""0"", ""buy_4th_pre_bid"": ""-31000"", ""buy_4th_pre_req"": ""22"", ""buy_4th_pre_req_pre"": ""0"", ""buy_5th_pre_bid"": ""-30950"", ""buy_5th_pre_req"": ""31"", ""buy_5th_pre_req_pre"": ""0"", ""buy_6th_pre_bid"": ""-30900"", ""buy_6th_pre_req"": ""20"", ""buy_6th_pre_req_pre"": ""+3"", ""buy_7th_pre_bid"": ""-30850"", ""buy_7th_pre_req"": ""11"", ""buy_7th_pre_req_pre"": ""0"", ""buy_8th_pre_bid"": ""-30800"", ""buy_8th_pre_req"": ""128"", ""buy_8th_pre_req_pre"": ""0"", ""buy_9th_pre_bid"": ""-30750"", ""buy_9th_pre_req"": ""93"", ""buy_9th_pre_req_pre"": ""0"", ""buy_10th_pre_bid"": ""-30700"", ""buy_10th_pre_req"": ""177"", ""buy_10th_pre_req_pre"": ""0"", ""tot_sel_req_jub_pre"": ""--2070"", ""tot_sel_req"": ""1318"", ""tot_buy_req"": ""548"", ""tot_buy_req_jub_pre"": ""+3"", ""ovt_sel_req_pre"": ""0"", ""ovt_sel_req"": ""0"", ""ovt_buy_req"": ""0"", ""ovt_buy_req_pre"": ""0"", ""return_code"": 0, ""return_msg"": ""정상적으로 처리되었습니다""}"
2026-06-10,scan_candidate,120110,,0,main_scan,70600,,70600,70500,70600,70500,-0.28328611898017,0.141643059490085,,,,,,"{""bid_req_base_tm"": ""101214"", ""sel_10th_pre_req_pre"": ""0"", ""sel_10th_pre_req"": ""38"", ""sel_10th_pre_bid"": ""+71600"", ""sel_9th_pre_req_pre"": ""0"", ""sel_9th_pre_req"": ""708"", ""sel_9th_pre_bid"": ""+71500"", ""sel_8th_pre_req_pre"": ""0"", ""sel_8th_pre_req"": ""311"", ""sel_8th_pre_bid"": ""+71400"", ""sel_7th_pre_req_pre"": ""0"", ""sel_7th_pre_req"": ""15"", ""sel_7th_pre_bid"": ""+71300"", ""sel_6th_pre_req_pre"": ""0"", ""sel_6th_pre_req"": ""232"", ""sel_6th_pre_bid"": ""+71200"", ""sel_5th_pre_req_pre"": ""0"", ""sel_5th_pre_req"": ""59"", ""sel_5th_pre_bid"": ""+71100"", ""sel_4th_pre_req_pre"": ""0"", ""sel_4th_pre_req"": ""38"", ""sel_4th_pre_bid"": ""+71000"", ""sel_3th_pre_req_pre"": ""0"", ""sel_3th_pre_req"": ""21"", ""sel_3th_pre_bid"": ""+70900"", ""sel_2th_pre_req_pre"": ""0"", ""sel_2th_pre_req"": ""2"", ""sel_2th_pre_bid"": ""+70700"", ""sel_1th_pre_req_pre"": ""0"", ""sel_fpr_req"": ""49"", ""sel_fpr_bid"": ""+70600"", ""buy_fpr_bid"": ""+70500"", ""buy_fpr_req"": ""55"", ""buy_1th_pre_req_pre"": ""--1"", ""buy_2th_pre_bid"": ""+70400"", ""buy_2th_pre_req"": ""167"", ""buy_2th_pre_req_pre"": ""0"", ""buy_3th_pre_bid"": ""+70300"", ""buy_3th_pre_req"": ""47"", ""buy_3th_pre_req_pre"": ""0"", ""buy_4th_pre_bid"": ""+70200"", ""buy_4th_pre_req"": ""370"", ""buy_4th_pre_req_pre"": ""0"", ""buy_5th_pre_bid"": ""+70100"", ""buy_5th_pre_req"": ""61"", ""buy_5th_pre_req_pre"": ""0"", ""buy_6th_pre_bid"": ""+70000"", ""buy_6th_pre_req"": ""103"", ""buy_6th_pre_req_pre"": ""0"", ""buy_7th_pre_bid"": ""+69900"", ""buy_7th_pre_req"": ""113"", ""buy_7th_pre_req_pre"": ""0"", ""buy_8th_pre_bid"": ""+69700"", ""buy_8th_pre_req"": ""5"", ""buy_8th_pre_req_pre"": ""0"", ""buy_9th_pre_bid"": ""+69600"", ""buy_9th_pre_req"": ""3"", ""buy_9th_pre_req_pre"": ""0"", ""buy_10th_pre_bid"": ""+69500"", ""buy_10th_pre_req"": ""1"", ""buy_10th_pre_req_pre"": ""0"", ""tot_sel_req_jub_pre"": ""0"", ""tot_sel_req"": ""1473"", ""tot_buy_req"": ""925"", ""tot_buy_req_jub_pre"": ""--1"", ""ovt_sel_req_pre"": ""0"", ""ovt_sel_req"": ""0"", ""ovt_buy_req"": ""0"", ""ovt_buy_req_pre"": ""0"", ""return_code"": 0, ""return_msg"": ""정상적으로 처리되었습니다""}"
2026-06-10,scan_candidate,009155,,0,main_scan,603000,,603000,602000,603000,606000,0.33167495854063017,0.16583747927031509,,,,,,"{""bid_req_base_tm"": ""101215"", ""sel_10th_pre_req_pre"": ""0"", ""sel_10th_pre_req"": ""72"", ""sel_10th_pre_bid"": ""-612000"", ""sel_9th_pre_req_pre"": ""0"", ""sel_9th_pre_req"": ""2"", ""sel_9th_pre_bid"": ""-611000"", ""sel_8th_pre_req_pre"": ""0"", ""sel_8th_pre_req"": ""47"", ""sel_8th_pre_bid"": ""-610000"", ""sel_7th_pre_req_pre"": ""0"", ""sel_7th_pre_req"": ""15"", ""sel_7th_pre_bid"": ""-609000"", ""sel_6th_pre_req_pre"": ""0"", ""sel_6th_pre_req"": ""16"", ""sel_6th_pre_bid"": ""-608000"", ""sel_5th_pre_req_pre"": ""0"", ""sel_5th_pre_req"": ""19"", ""sel_5th_pre_bid"": ""-607000"", ""sel_4th_pre_req_pre"": ""0"", ""sel_4th_pre_req"": ""5"", ""sel_4th_pre_bid"": ""-606000"", ""sel_3th_pre_req_pre"": ""0"", ""sel_3th_pre_req"": ""191"", ""sel_3th_pre_bid"": ""-605000"", ""sel_2th_pre_req_pre"": ""0"", ""sel_2th_pre_req"": ""3"", ""sel_2th_pre_bid"": ""-604000"", ""sel_1th_pre_req_pre"": ""0"", ""sel_fpr_req"": ""68"", ""sel_fpr_bid"": ""-603000"", ""buy_fpr_bid"": ""-602000"", ""buy_fpr_req"": ""22"", ""buy_1th_pre_req_pre"": ""+1"", ""buy_2th_pre_bid"": ""-601000"", ""buy_2th_pre_req"": ""135"", ""buy_2th_pre_req_pre"": ""0"", ""buy_3th_pre_bid"": ""-600000"", ""buy_3th_pre_req"": ""351"", ""buy_3th_pre_req_pre"": ""0"", ""buy_4th_pre_bid"": ""-599000"", ""buy_4th_pre_req"": ""182"", ""buy_4th_pre_req_pre"": ""--1"", ""buy_5th_pre_bid"": ""-598000"", ""buy_5th_pre_req"": ""80"", ""buy_5th_pre_req_pre"": ""0"", ""buy_6th_pre_bid"": ""-597000"", ""buy_6th_pre_req"": ""110"", ""buy_6th_pre_req_pre"": ""0"", ""buy_7th_pre_bid"": ""-596000"", ""buy_7th_pre_req"": ""57"", ""buy_7th_pre_req_pre"": ""0"", ""buy_8th_pre_bid"": ""-595000"", ""buy_8th_pre_req"": ""219"", ""buy_8th_pre_req_pre"": ""0"", ""buy_9th_pre_bid"": ""-594000"", ""buy_9th_pre_req"": ""32"", ""buy_9th_pre_req_pre"": ""0"", ""buy_10th_pre_bid"": ""-593000"", ""buy_10th_pre_req"": ""64"", ""buy_10th_pre_req_pre"": ""0"", ""tot_sel_req_jub_pre"": ""0"", ""tot_sel_req"": ""438"", ""tot_buy_req"": ""1252"", ""tot_buy_req_jub_pre"": ""0"", ""ovt_sel_req_pre"": ""0"", ""ovt_sel_req"": ""0"", ""ovt_buy_req"": ""0"", ""ovt_buy_req_pre"": ""0"", ""return_code"": 0, ""return_msg"": ""정상적으로 처리되었습니다""}"
2026-06-10,scan_candidate,017960,,0,main_scan,31350,,31350,31300,31350,31250,-0.4784688995215311,0.1594896331738437,,,,,,"{""bid_req_base_tm"": ""101214"", ""sel_10th_pre_req_pre"": ""0"", ""sel_10th_pre_req"": ""429"", ""sel_10th_pre_bid"": ""+31800"", ""sel_9th_pre_req_pre"": ""0"", ""sel_9th_pre_req"": ""506"", ""sel_9th_pre_bid"": ""+31750"", ""sel_8th_pre_req_pre"": ""0"", ""sel_8th_pre_req"": ""302"", ""sel_8th_pre_bid"": ""+31700"", ""sel_7th_pre_req_pre"": ""0"", ""sel_7th_pre_req"": ""313"", ""sel_7th_pre_bid"": ""+31650"", ""sel_6th_pre_req_pre"": ""0"", ""sel_6th_pre_req"": ""1284"", ""sel_6th_pre_bid"": ""+31600"", ""sel_5th_pre_req_pre"": ""0"", ""sel_5th_pre_req"": ""221"", ""sel_5th_pre_bid"": ""+31550"", ""sel_4th_pre_req_pre"": ""0"", ""sel_4th_pre_req"": ""36"", ""sel_4th_pre_bid"": ""+31500"", ""sel_3th_pre_req_pre"": ""0"", ""sel_3th_pre_req"": ""84"", ""sel_3th_pre_bid"": ""+31450"", ""sel_2th_pre_req_pre"": ""0"", ""sel_2th_pre_req"": ""52"", ""sel_2th_pre_bid"": ""+31400"", ""sel_1th_pre_req_pre"": ""--5"", ""sel_fpr_req"": ""164"", ""sel_fpr_bid"": ""+31350"", ""buy_fpr_bid"": ""+31300"", ""buy_fpr_req"": ""67"", ""buy_1th_pre_req_pre"": ""0"", ""buy_2th_pre_bid"": ""+31250"", ""buy_2th_pre_req"": ""289"", ""buy_2th_pre_req_pre"": ""0"", ""buy_3th_pre_bid"": ""+31200"", ""buy_3th_pre_req"": ""114"", ""buy_3th_pre_req_pre"": ""0"", ""buy_4th_pre_bid"": ""+31150"", ""buy_4th_pre_req"": ""27"", ""buy_4th_pre_req_pre"": ""0"", ""buy_5th_pre_bid"": ""+31100"", ""buy_5th_pre_req"": ""180"", ""buy_5th_pre_req_pre"": ""0"", ""buy_6th_pre_bid"": ""+31050"", ""buy_6th_pre_req"": ""169"", ""buy_6th_pre_req_pre"": ""0"", ""buy_7th_pre_bid"": ""+31000"", ""buy_7th_pre_req"": ""878"", ""buy_7th_pre_req_pre"": ""0"", ""buy_8th_pre_bid"": ""+30950"", ""buy_8th_pre_req"": ""17"", ""buy_8th_pre_req_pre"": ""0"", ""buy_9th_pre_bid"": ""+30900"", ""buy_9th_pre_req"": ""125"", ""buy_9th_pre_req_pre"": ""0"", ""buy_10th_pre_bid"": ""+30850"", ""buy_10th_pre_req"": ""40"", ""buy_10th_pre_req_pre"": ""0"", ""tot_sel_req_jub_pre"": ""--5"", ""tot_sel_req"": ""3391"", ""tot_buy_req"": ""1906"", ""tot_buy_req_jub_pre"": ""0"", ""ovt_sel_req_pre"": ""0"", ""ovt_sel_req"": ""0"", ""ovt_buy_req"": ""0"", ""ovt_buy_req_pre"": ""0"", ""return_code"": 0, ""return_msg"": ""정상적으로 처리되었습니다""}"
2026-06-10,scan_candidate,192080,,0,main_scan,72000,,72000,71900,72000,72500,0.5555555555555556,0.1388888888888889,,,,,,"{""bid_req_base_tm"": ""101214"", ""sel_10th_pre_req_pre"": ""0"", ""sel_10th_pre_req"": ""106"", ""sel_10th_pre_bid"": ""+73400"", ""sel_9th_pre_req_pre"": ""0"", ""sel_9th_pre_req"": ""11"", ""sel_9th_pre_bid"": ""+73300"", ""sel_8th_pre_req_pre"": ""0"", ""sel_8th_pre_req"": ""12"", ""sel_8th_pre_bid"": ""+73200"", ""sel_7th_pre_req_pre"": ""0"", ""sel_7th_pre_req"": ""50"", ""sel_7th_pre_bid"": ""+73000"", ""sel_6th_pre_req_pre"": ""0"", ""sel_6th_pre_req"": ""4"", ""sel_6th_pre_bid"": ""+72900"", ""sel_5th_pre_req_pre"": ""0"", ""sel_5th_pre_req"": ""10"", ""sel_5th_pre_bid"": ""+72600"", ""sel_4th_pre_req_pre"": ""0"", ""sel_4th_pre_req"": ""39"", ""sel_4th_pre_bid"": ""+72500"", ""sel_3th_pre_req_pre"": ""0"", ""sel_3th_pre_req"": ""8"", ""sel_3th_pre_bid"": ""+72200"", ""sel_2th_pre_req_pre"": ""0"", ""sel_2th_pre_req"": ""52"", ""sel_2th_pre_bid"": ""+72100"", ""sel_1th_pre_req_pre"": ""0"", ""sel_fpr_req"": ""24"", ""sel_fpr_bid"": ""72000"", ""buy_fpr_bid"": ""-71900"", ""buy_fpr_req"": ""108"", ""buy_1th_pre_req_pre"": ""0"", ""buy_2th_pre_bid"": ""-71800"", ""buy_2th_pre_req"": ""85"", ""buy_2th_pre_req_pre"": ""0"", ""buy_3th_pre_bid"": ""-71700"", ""buy_3th_pre_req"": ""51"", ""buy_3th_pre_req_pre"": ""0"", ""buy_4th_pre_bid"": ""-71600"", ""buy_4th_pre_req"": ""98"", ""buy_4th_pre_req_pre"": ""0"", ""buy_5th_pre_bid"": ""-71500"", ""buy_5th_pre_req"": ""79"", ""buy_5th_pre_req_pre"": ""0"", ""buy_6th_pre_bid"": ""-71400"", ""buy_6th_pre_req"": ""43"", ""buy_6th_pre_req_pre"": ""0"", ""buy_7th_pre_bid"": ""-71300"", ""buy_7th_pre_req"": ""21"", ""buy_7th_pre_req_pre"": ""0"", ""buy_8th_pre_bid"": ""-71200"", ""buy_8th_pre_req"": ""11"", ""buy_8th_pre_req_pre"": ""0"", ""buy_9th_pre_bid"": ""-71100"", ""buy_9th_pre_req"": ""78"", ""buy_9th_pre_req_pre"": ""0"", ""buy_10th_pre_bid"": ""-71000"", ""buy_10th_pre_req"": ""118"", ""buy_10th_pre_req_pre"": ""0"", ""tot_sel_req_jub_pre"": ""0"", ""tot_sel_req"": ""316"", ""tot_buy_req"": ""692"", ""tot_buy_req_jub_pre"": ""0"", ""ovt_sel_req_pre"": ""0"", ""ovt_sel_req"": ""0"", ""ovt_buy_req"": ""0"", ""ovt_buy_req_pre"": ""0"", ""return_code"": 0, ""return_msg"": ""정상적으로 처리되었습니다""}"
2026-06-10,scan_candidate,093370,,0,main_scan,15900,,15900,15870,15900,15800,-0.9433962264150944,0.18867924528301888,,,,,,"{""bid_req_base_tm"": ""101216"", ""sel_10th_pre_req_pre"": ""0"", ""sel_10th_pre_req"": ""4826"", ""sel_10th_pre_bid"": ""+15990"", ""sel_9th_pre_req_pre"": ""0"", ""sel_9th_pre_req"": ""4132"", ""sel_9th_pre_bid"": ""+15980"", ""sel_8th_pre_req_pre"": ""0"", ""sel_8th_pre_req"": ""3697"", ""sel_8th_pre_bid"": ""+15970"", ""sel_7th_pre_req_pre"": ""0"", ""sel_7th_pre_req"": ""2287"", ""sel_7th_pre_bid"": ""+15960"", ""sel_6th_pre_req_pre"": ""0"", ""sel_6th_pre_req"": ""7755"", ""sel_6th_pre_bid"": ""+15950"", ""sel_5th_pre_req_pre"": ""0"", ""sel_5th_pre_req"": ""3562"", ""sel_5th_pre_bid"": ""+15940"", ""sel_4th_pre_req_pre"": ""0"", ""sel_4th_pre_req"": ""4438"", ""sel_4th_pre_bid"": ""+15930"", ""sel_3th_pre_req_pre"": ""0"", ""sel_3th_pre_req"": ""1537"", ""sel_3th_pre_bid"": ""+15920"", ""sel_2th_pre_req_pre"": ""0"", ""sel_2th_pre_req"": ""12283"", ""sel_2th_pre_bid"": ""+15910"", ""sel_1th_pre_req_pre"": ""+177"", ""sel_fpr_req"": ""17644"", ""sel_fpr_bid"": ""+15900"", ""buy_fpr_bid"": ""+15870"", ""buy_fpr_req"": ""169"", ""buy_1th_pre_req_pre"": ""--869"", ""buy_2th_pre_bid"": ""+15860"", ""buy_2th_pre_req"": ""1344"", ""buy_2th_pre_req_pre"": ""--301"", ""buy_3th_pre_bid"": ""+15850"", ""buy_3th_pre_req"": ""1060"", ""buy_3th_pre_req_pre"": ""0"", ""buy_4th_pre_bid"": ""+15840"", ""buy_4th_pre_req"": ""908"", ""buy_4th_pre_req_pre"": ""--276"", ""buy_5th_pre_bid"": ""+15830"", ""buy_5th_pre_req"": ""3887"", ""buy_5th_pre_req_pre"": ""+82"", ""buy_6th_pre_bid"": ""+15820"", ""buy_6th_pre_req"": ""2014"", ""buy_6th_pre_req_pre"": ""+1"", ""buy_7th_pre_bid"": ""+15810"", ""buy_7th_pre_req"": ""5670"", ""buy_7th_pre_req_pre"": ""0"", ""buy_8th_pre_bid"": ""+15800"", ""buy_8th_pre_req"": ""8146"", ""buy_8th_pre_req_pre"": ""0"", ""buy_9th_pre_bid"": ""+15790"", ""buy_9th_pre_req"": ""2203"", ""buy_9th_pre_req_pre"": ""0"", ""buy_10th_pre_bid"": ""+15780"", ""buy_10th_pre_req"": ""1087"", ""buy_10th_pre_req_pre"": ""0"", ""tot_sel_req_jub_pre"": ""+4985"", ""tot_sel_req"": ""62161"", ""tot_buy_req"": ""26488"", ""tot_buy_req_jub_pre"": ""--1363"", ""ovt_sel_req_pre"": ""0"", ""ovt_sel_req"": ""0"", ""ovt_buy_req"": ""0"", ""ovt_buy_req_pre"": ""0"", ""return_code"": 0, ""return_msg"": ""정상적으로 처리되었습니다""}"
2026-06-10,scan_candidate,066575,,0,main_scan,78500,,78500,78400,78500,78600,0.0,0.12738853503184713,,,,,,"{""bid_req_base_tm"": ""101217"", ""sel_10th_pre_req_pre"": ""0"", ""sel_10th_pre_req"": ""293"", ""sel_10th_pre_bid"": ""-79400"", ""sel_9th_pre_req_pre"": ""0"", ""sel_9th_pre_req"": ""281"", ""sel_9th_pre_bid"": ""-79300"", ""sel_8th_pre_req_pre"": ""0"", ""sel_8th_pre_req"": ""257"", ""sel_8th_pre_bid"": ""-79200"", ""sel_7th_pre_req_pre"": ""0"", ""sel_7th_pre_req"": ""334"", ""sel_7th_pre_bid"": ""-79100"", ""sel_6th_pre_req_pre"": ""0"", ""sel_6th_pre_req"": ""195"", ""sel_6th_pre_bid"": ""-79000"", ""sel_5th_pre_req_pre"": ""0"", ""sel_5th_pre_req"": ""39"", ""sel_5th_pre_bid"": ""-78900"", ""sel_4th_pre_req_pre"": ""0"", ""sel_4th_pre_req"": ""107"", ""sel_4th_pre_bid"": ""-78800"", ""sel_3th_pre_req_pre"": ""0"", ""sel_3th_pre_req"": ""249"", ""sel_3th_pre_bid"": ""-78700"", ""sel_2th_pre_req_pre"": ""0"", ""sel_2th_pre_req"": ""390"", ""sel_2th_pre_bid"": ""-78600"", ""sel_1th_pre_req_pre"": ""0"", ""sel_fpr_req"": ""214"", ""sel_fpr_bid"": ""-78500"", ""buy_fpr_bid"": ""-78400"", ""buy_fpr_req"": ""7"", ""buy_1th_pre_req_pre"": ""0"", ""buy_2th_pre_bid"": ""-78300"", ""buy_2th_pre_req"": ""9"", ""buy_2th_pre_req_pre"": ""+1"", ""buy_3th_pre_bid"": ""-78200"", ""buy_3th_pre_req"": ""85"", ""buy_3th_pre_req_pre"": ""0"", ""buy_4th_pre_bid"": ""-78100"", ""buy_4th_pre_req"": ""795"", ""buy_4th_pre_req_pre"": ""0"", ""buy_5th_pre_bid"": ""-78000"", ""buy_5th_pre_req"": ""1035"", ""buy_5th_pre_req_pre"": ""0"", ""buy_6th_pre_bid"": ""-77900"", ""buy_6th_pre_req"": ""864"", ""buy_6th_pre_req_pre"": ""0"", ""buy_7th_pre_bid"": ""-77800"", ""buy_7th_pre_req"": ""1183"", ""buy_7th_pre_req_pre"": ""0"", ""buy_8th_pre_bid"": ""-77700"", ""buy_8th_pre_req"": ""682"", ""buy_8th_pre_req_pre"": ""0"", ""buy_9th_pre_bid"": ""-77600"", ""buy_9th_pre_req"": ""199"", ""buy_9th_pre_req_pre"": ""0"", ""buy_10th_pre_bid"": ""-77500"", ""buy_10th_pre_req"": ""741"", ""buy_10th_pre_req_pre"": ""0"", ""tot_sel_req_jub_pre"": ""0"", ""tot_sel_req"": ""2359"", ""tot_buy_req"": ""5600"", ""tot_buy_req_jub_pre"": ""+1"", ""ovt_sel_req_pre"": ""0"", ""ovt_sel_req"": ""0"", ""ovt_buy_req"": ""0"", ""ovt_buy_req_pre"": ""0"", ""return_code"": 0, ""return_msg"": ""정상적으로 처리되었습니다""}"
2026-06-10,scan_candidate,181710,,0,main_scan,40400,,40400,40300,40400,40550,0.24752475247524752,0.24752475247524752,,,,,,"{""bid_req_base_tm"": ""101217"", ""sel_10th_pre_req_pre"": ""0"", ""sel_10th_pre_req"": ""20"", ""sel_10th_pre_bid"": ""-41050"", ""sel_9th_pre_req_pre"": ""0"", ""sel_9th_pre_req"": ""15"", ""sel_9th_pre_bid"": ""-41000"", ""sel_8th_pre_req_pre"": ""0"", ""sel_8th_pre_req"": ""76"", ""sel_8th_pre_bid"": ""-40950"", ""sel_7th_pre_req_pre"": ""0"", ""sel_7th_pre_req"": ""3"", ""sel_7th_pre_bid"": ""-40850"", ""sel_6th_pre_req_pre"": ""0"", ""sel_6th_pre_req"": ""24"", ""sel_6th_pre_bid"": ""-40700"", ""sel_5th_pre_req_pre"": ""0"", ""sel_5th_pre_req"": ""11"", ""sel_5th_pre_bid"": ""-40650"", ""sel_4th_pre_req_pre"": ""0"", ""sel_4th_pre_req"": ""2"", ""sel_4th_pre_bid"": ""-40550"", ""sel_3th_pre_req_pre"": ""0"", ""sel_3th_pre_req"": ""846"", ""sel_3th_pre_bid"": ""-40500"", ""sel_2th_pre_req_pre"": ""+3"", ""sel_2th_pre_req"": ""7"", ""sel_2th_pre_bid"": ""-40450"", ""sel_1th_pre_req_pre"": ""0"", ""sel_fpr_req"": ""93"", ""sel_fpr_bid"": ""-40400"", ""buy_fpr_bid"": ""-40300"", ""buy_fpr_req"": ""19"", ""buy_1th_pre_req_pre"": ""0"", ""buy_2th_pre_bid"": ""-40250"", ""buy_2th_pre_req"": ""69"", ""buy_2th_pre_req_pre"": ""0"", ""buy_3th_pre_bid"": ""-40200"", ""buy_3th_pre_req"": ""145"", ""buy_3th_pre_req_pre"": ""0"", ""buy_4th_pre_bid"": ""-40150"", ""buy_4th_pre_req"": ""182"", ""buy_4th_pre_req_pre"": ""0"", ""buy_5th_pre_bid"": ""-40100"", ""buy_5th_pre_req"": ""783"", ""buy_5th_pre_req_pre"": ""0"", ""buy_6th_pre_bid"": ""-40050"", ""buy_6th_pre_req"": ""961"", ""buy_6th_pre_req_pre"": ""0"", ""buy_7th_pre_bid"": ""-40000"", ""buy_7th_pre_req"": ""925"", ""buy_7th_pre_req_pre"": ""0"", ""buy_8th_pre_bid"": ""-39950"", ""buy_8th_pre_req"": ""62"", ""buy_8th_pre_req_pre"": ""0"", ""buy_9th_pre_bid"": ""-39900"", ""buy_9th_pre_req"": ""424"", ""buy_9th_pre_req_pre"": ""0"", ""buy_10th_pre_bid"": ""-39850"", ""buy_10th_pre_req"": ""30"", ""buy_10th_pre_req_pre"": ""0"", ""tot_sel_req_jub_pre"": ""+3"", ""tot_sel_req"": ""1097"", ""tot_buy_req"": ""3600"", ""tot_buy_req_jub_pre"": ""0"", ""ovt_sel_req_pre"": ""0"", ""ovt_sel_req"": ""0"", ""ovt_buy_req"": ""0"", ""ovt_buy_req_pre"": ""0"", ""return_code"": 0, ""return_msg"": ""정상적으로 처리되었습니다""}"
2026-06-10,scan_candidate,034230,,0,main_scan,15080,,15080,15070,15080,15050,-0.5305039787798408,0.0663129973474801,,,,,,"{""bid_req_base_tm"": ""101215"", ""sel_10th_pre_req_pre"": ""0"", ""sel_10th_pre_req"": ""377"", ""sel_10th_pre_bid"": ""+15200"", ""sel_9th_pre_req_pre"": ""0"", ""sel_9th_pre_req"": ""883"", ""sel_9th_pre_bid"": ""+15190"", ""sel_8th_pre_req_pre"": ""0"", ""sel_8th_pre_req"": ""58"", ""sel_8th_pre_bid"": ""+15180"", ""sel_7th_pre_req_pre"": ""0"", ""sel_7th_pre_req"": ""113"", ""sel_7th_pre_bid"": ""+15170"", ""sel_6th_pre_req_pre"": ""0"", ""sel_6th_pre_req"": ""26"", ""sel_6th_pre_bid"": ""+15160"", ""sel_5th_pre_req_pre"": ""0"", ""sel_5th_pre_req"": ""80"", ""sel_5th_pre_bid"": ""+15150"", ""sel_4th_pre_req_pre"": ""0"", ""sel_4th_pre_req"": ""89"", ""sel_4th_pre_bid"": ""+15110"", ""sel_3th_pre_req_pre"": ""0"", ""sel_3th_pre_req"": ""1041"", ""sel_3th_pre_bid"": ""+15100"", ""sel_2th_pre_req_pre"": ""0"", ""sel_2th_pre_req"": ""52"", ""sel_2th_pre_bid"": ""+15090"", ""sel_1th_pre_req_pre"": ""0"", ""sel_fpr_req"": ""153"", ""sel_fpr_bid"": ""+15080"", ""buy_fpr_bid"": ""+15070"", ""buy_fpr_req"": ""44"", ""buy_1th_pre_req_pre"": ""0"", ""buy_2th_pre_bid"": ""+15060"", ""buy_2th_pre_req"": ""76"", ""buy_2th_pre_req_pre"": ""0"", ""buy_3th_pre_bid"": ""+15050"", ""buy_3th_pre_req"": ""76"", ""buy_3th_pre_req_pre"": ""0"", ""buy_4th_pre_bid"": ""+15040"", ""buy_4th_pre_req"": ""35"", ""buy_4th_pre_req_pre"": ""0"", ""buy_5th_pre_bid"": ""+15030"", ""buy_5th_pre_req"": ""628"", ""buy_5th_pre_req_pre"": ""0"", ""buy_6th_pre_bid"": ""15020"", ""buy_6th_pre_req"": ""166"", ""buy_6th_pre_req_pre"": ""0"", ""buy_7th_pre_bid"": ""-15010"", ""buy_7th_pre_req"": ""264"", ""buy_7th_pre_req_pre"": ""0"", ""buy_8th_pre_bid"": ""-15000"", ""buy_8th_pre_req"": ""192"", ""buy_8th_pre_req_pre"": ""0"", ""buy_9th_pre_bid"": ""-14990"", ""buy_9th_pre_req"": ""363"", ""buy_9th_pre_req_pre"": ""0"", ""buy_10th_pre_bid"": ""-14980"", ""buy_10th_pre_req"": ""69"", ""buy_10th_pre_req_pre"": ""0"", ""tot_sel_req_jub_pre"": ""0"", ""tot_sel_req"": ""2872"", ""tot_buy_req"": ""1913"", ""tot_buy_req_jub_pre"": ""0"", ""ovt_sel_req_pre"": ""0"", ""ovt_sel_req"": ""0"", ""ovt_buy_req"": ""0"", ""ovt_buy_req_pre"": ""0"", ""return_code"": 0, ""return_msg"": ""정상적으로 처리되었습니다""}"
2026-06-10,scan_candidate,281820,,0,main_scan,67400,,67400,67100,67400,67300,-0.2967359050445104,0.44510385756676557,,,,,,"{""bid_req_base_tm"": ""101216"", ""sel_10th_pre_req_pre"": ""0"", ""sel_10th_pre_req"": ""191"", ""sel_10th_pre_bid"": ""+68400"", ""sel_9th_pre_req_pre"": ""0"", ""sel_9th_pre_req"": ""96"", ""sel_9th_pre_bid"": ""+68300"", ""sel_8th_pre_req_pre"": ""0"", ""sel_8th_pre_req"": ""111"", ""sel_8th_pre_bid"": ""+68200"", ""sel_7th_pre_req_pre"": ""0"", ""sel_7th_pre_req"": ""15"", ""sel_7th_pre_bid"": ""+68100"", ""sel_6th_pre_req_pre"": ""0"", ""sel_6th_pre_req"": ""54"", ""sel_6th_pre_bid"": ""+68000"", ""sel_5th_pre_req_pre"": ""0"", ""sel_5th_pre_req"": ""76"", ""sel_5th_pre_bid"": ""+67900"", ""sel_4th_pre_req_pre"": ""0"", ""sel_4th_pre_req"": ""1"", ""sel_4th_pre_bid"": ""+67700"", ""sel_3th_pre_req_pre"": ""0"", ""sel_3th_pre_req"": ""2"", ""sel_3th_pre_bid"": ""+67600"", ""sel_2th_pre_req_pre"": ""0"", ""sel_2th_pre_req"": ""29"", ""sel_2th_pre_bid"": ""+67500"", ""sel_1th_pre_req_pre"": ""+18"", ""sel_fpr_req"": ""35"", ""sel_fpr_bid"": ""+67400"", ""buy_fpr_bid"": ""+67100"", ""buy_fpr_req"": ""54"", ""buy_1th_pre_req_pre"": ""0"", ""buy_2th_pre_bid"": ""+67000"", ""buy_2th_pre_req"": ""104"", ""buy_2th_pre_req_pre"": ""0"", ""buy_3th_pre_bid"": ""+66900"", ""buy_3th_pre_req"": ""8"", ""buy_3th_pre_req_pre"": ""0"", ""buy_4th_pre_bid"": ""+66800"", ""buy_4th_pre_req"": ""51"", ""buy_4th_pre_req_pre"": ""0"", ""buy_5th_pre_bid"": ""+66700"", ""buy_5th_pre_req"": ""35"", ""buy_5th_pre_req_pre"": ""0"", ""buy_6th_pre_bid"": ""+66600"", ""buy_6th_pre_req"": ""6"", ""buy_6th_pre_req_pre"": ""0"", ""buy_7th_pre_bid"": ""+66500"", ""buy_7th_pre_req"": ""75"", ""buy_7th_pre_req_pre"": ""0"", ""buy_8th_pre_bid"": ""66400"", ""buy_8th_pre_req"": ""17"", ""buy_8th_pre_req_pre"": ""0"", ""buy_9th_pre_bid"": ""-66300"", ""buy_9th_pre_req"": ""7"", ""buy_9th_pre_req_pre"": ""0"", ""buy_10th_pre_bid"": ""-66200"", ""buy_10th_pre_req"": ""135"", ""buy_10th_pre_req_pre"": ""0"", ""tot_sel_req_jub_pre"": ""+18"", ""tot_sel_req"": ""610"", ""tot_buy_req"": ""492"", ""tot_buy_req_jub_pre"": ""0"", ""ovt_sel_req_pre"": ""0"", ""ovt_sel_req"": ""0"", ""ovt_buy_req"": ""0"", ""ovt_buy_req_pre"": ""0"", ""return_code"": 0, ""return_msg"": ""정상적으로 처리되었습니다""}"
2026-06-10,scan_candidate,195870,,0,main_scan,77400,,77400,77100,77400,77300,-0.2583979328165375,0.3875968992248062,,,,,,"{""bid_req_base_tm"": ""101216"", ""sel_10th_pre_req_pre"": ""0"", ""sel_10th_pre_req"": ""132"", ""sel_10th_pre_bid"": ""+78400"", ""sel_9th_pre_req_pre"": ""0"", ""sel_9th_pre_req"": ""51"", ""sel_9th_pre_bid"": ""+78300"", ""sel_8th_pre_req_pre"": ""+5"", ""sel_8th_pre_req"": ""13"", ""sel_8th_pre_bid"": ""+78200"", ""sel_7th_pre_req_pre"": ""0"", ""sel_7th_pre_req"": ""1"", ""sel_7th_pre_bid"": ""+78100"", ""sel_6th_pre_req_pre"": ""0"", ""sel_6th_pre_req"": ""1"", ""sel_6th_pre_bid"": ""+77900"", ""sel_5th_pre_req_pre"": ""0"", ""sel_5th_pre_req"": ""15"", ""sel_5th_pre_bid"": ""+77800"", ""sel_4th_pre_req_pre"": ""0"", ""sel_4th_pre_req"": ""2"", ""sel_4th_pre_bid"": ""+77700"", ""sel_3th_pre_req_pre"": ""0"", ""sel_3th_pre_req"": ""202"", ""sel_3th_pre_bid"": ""+77600"", ""sel_2th_pre_req_pre"": ""0"", ""sel_2th_pre_req"": ""29"", ""sel_2th_pre_bid"": ""+77500"", ""sel_1th_pre_req_pre"": ""0"", ""sel_fpr_req"": ""44"", ""sel_fpr_bid"": ""+77400"", ""buy_fpr_bid"": ""+77100"", ""buy_fpr_req"": ""15"", ""buy_1th_pre_req_pre"": ""0"", ""buy_2th_pre_bid"": ""+77000"", ""buy_2th_pre_req"": ""96"", ""buy_2th_pre_req_pre"": ""0"", ""buy_3th_pre_bid"": ""+76900"", ""buy_3th_pre_req"": ""2"", ""buy_3th_pre_req_pre"": ""0"", ""buy_4th_pre_bid"": ""+76800"", ""buy_4th_pre_req"": ""6"", ""buy_4th_pre_req_pre"": ""0"", ""buy_5th_pre_bid"": ""+76700"", ""buy_5th_pre_req"": ""5"", ""buy_5th_pre_req_pre"": ""0"", ""buy_6th_pre_bid"": ""+76600"", ""buy_6th_pre_req"": ""212"", ""buy_6th_pre_req_pre"": ""0"", ""buy_7th_pre_bid"": ""+76500"", ""buy_7th_pre_req"": ""12"", ""buy_7th_pre_req_pre"": ""0"", ""buy_8th_pre_bid"": ""+76400"", ""buy_8th_pre_req"": ""1"", ""buy_8th_pre_req_pre"": ""0"", ""buy_9th_pre_bid"": ""+76300"", ""buy_9th_pre_req"": ""51"", ""buy_9th_pre_req_pre"": ""0"", ""buy_10th_pre_bid"": ""+76200"", ""buy_10th_pre_req"": ""31"", ""buy_10th_pre_req_pre"": ""0"", ""tot_sel_req_jub_pre"": ""+5"", ""tot_sel_req"": ""490"", ""tot_buy_req"": ""431"", ""tot_buy_req_jub_pre"": ""0"", ""ovt_sel_req_pre"": ""0"", ""ovt_sel_req"": ""0"", ""ovt_buy_req"": ""0"", ""ovt_buy_req_pre"": ""0"", ""return_code"": 0, ""return_msg"": ""정상적으로 처리되었습니다""}"
2026-06-10,scan_candidate,001820,,0,main_scan,113700,,113700,113500,113700,113500,-0.6156552330694811,0.1759014951627089,,,,,,"{""bid_req_base_tm"": ""101217"", ""sel_10th_pre_req_pre"": ""0"", ""sel_10th_pre_req"": ""11"", ""sel_10th_pre_bid"": ""-114700"", ""sel_9th_pre_req_pre"": ""0"", ""sel_9th_pre_req"": ""60"", ""sel_9th_pre_bid"": ""-114600"", ""sel_8th_pre_req_pre"": ""0"", ""sel_8th_pre_req"": ""10"", ""sel_8th_pre_bid"": ""-114500"", ""sel_7th_pre_req_pre"": ""0"", ""sel_7th_pre_req"": ""40"", ""sel_7th_pre_bid"": ""-114400"", ""sel_6th_pre_req_pre"": ""0"", ""sel_6th_pre_req"": ""12"", ""sel_6th_pre_bid"": ""-114300"", ""sel_5th_pre_req_pre"": ""0"", ""sel_5th_pre_req"": ""47"", ""sel_5th_pre_bid"": ""-114200"", ""sel_4th_pre_req_pre"": ""0"", ""sel_4th_pre_req"": ""205"", ""sel_4th_pre_bid"": ""-114000"", ""sel_3th_pre_req_pre"": ""0"", ""sel_3th_pre_req"": ""170"", ""sel_3th_pre_bid"": ""-113900"", ""sel_2th_pre_req_pre"": ""0"", ""sel_2th_pre_req"": ""101"", ""sel_2th_pre_bid"": ""-113800"", ""sel_1th_pre_req_pre"": ""0"", ""sel_fpr_req"": ""23"", ""sel_fpr_bid"": ""-113700"", ""buy_fpr_bid"": ""-113500"", ""buy_fpr_req"": ""182"", ""buy_1th_pre_req_pre"": ""0"", ""buy_2th_pre_bid"": ""-113400"", ""buy_2th_pre_req"": ""119"", ""buy_2th_pre_req_pre"": ""0"", ""buy_3th_pre_bid"": ""-113300"", ""buy_3th_pre_req"": ""123"", ""buy_3th_pre_req_pre"": ""0"", ""buy_4th_pre_bid"": ""-113200"", ""buy_4th_pre_req"": ""136"", ""buy_4th_pre_req_pre"": ""0"", ""buy_5th_pre_bid"": ""-113100"", ""buy_5th_pre_req"": ""430"", ""buy_5th_pre_req_pre"": ""0"", ""buy_6th_pre_bid"": ""-113000"", ""buy_6th_pre_req"": ""2053"", ""buy_6th_pre_req_pre"": ""0"", ""buy_7th_pre_bid"": ""-112900"", ""buy_7th_pre_req"": ""117"", ""buy_7th_pre_req_pre"": ""0"", ""buy_8th_pre_bid"": ""-112800"", ""buy_8th_pre_req"": ""95"", ""buy_8th_pre_req_pre"": ""0"", ""buy_9th_pre_bid"": ""-112700"", ""buy_9th_pre_req"": ""35"", ""buy_9th_pre_req_pre"": ""0"", ""buy_10th_pre_bid"": ""-112600"", ""buy_10th_pre_req"": ""471"", ""buy_10th_pre_req_pre"": ""0"", ""tot_sel_req_jub_pre"": ""0"", ""tot_sel_req"": ""679"", ""tot_buy_req"": ""3761"", ""tot_buy_req_jub_pre"": ""0"", ""ovt_sel_req_pre"": ""0"", ""ovt_sel_req"": ""0"", ""ovt_buy_req"": ""0"", ""ovt_buy_req_pre"": ""0"", ""return_code"": 0, ""return_msg"": ""정상적으로 처리되었습니다""}"
2026-06-10,scan_candidate,000815,,0,main_scan,403000,,403000,401000,403000,403000,-0.12406947890818859,0.49627791563275436,,,,,,"{""bid_req_base_tm"": ""101213"", ""sel_10th_pre_req_pre"": ""0"", ""sel_10th_pre_req"": ""7"", ""sel_10th_pre_bid"": ""+408000"", ""sel_9th_pre_req_pre"": ""0"", ""sel_9th_pre_req"": ""22"", ""sel_9th_pre_bid"": ""407500"", ""sel_8th_pre_req_pre"": ""0"", ""sel_8th_pre_req"": ""18"", ""sel_8th_pre_bid"": ""-407000"", ""sel_7th_pre_req_pre"": ""0"", ""sel_7th_pre_req"": ""70"", ""sel_7th_pre_bid"": ""-406500"", ""sel_6th_pre_req_pre"": ""0"", ""sel_6th_pre_req"": ""122"", ""sel_6th_pre_bid"": ""-406000"", ""sel_5th_pre_req_pre"": ""0"", ""sel_5th_pre_req"": ""65"", ""sel_5th_pre_bid"": ""-405500"", ""sel_4th_pre_req_pre"": ""0"", ""sel_4th_pre_req"": ""52"", ""sel_4th_pre_bid"": ""-405000"", ""sel_3th_pre_req_pre"": ""0"", ""sel_3th_pre_req"": ""64"", ""sel_3th_pre_bid"": ""-404500"", ""sel_2th_pre_req_pre"": ""0"", ""sel_2th_pre_req"": ""19"", ""sel_2th_pre_bid"": ""-404000"", ""sel_1th_pre_req_pre"": ""+5"", ""sel_fpr_req"": ""12"", ""sel_fpr_bid"": ""-403000"", ""buy_fpr_bid"": ""-401000"", ""buy_fpr_req"": ""8"", ""buy_1th_pre_req_pre"": ""0"", ""buy_2th_pre_bid"": ""-400500"", ""buy_2th_pre_req"": ""139"", ""buy_2th_pre_req_pre"": ""0"", ""buy_3th_pre_bid"": ""-400000"", ""buy_3th_pre_req"": ""116"", ""buy_3th_pre_req_pre"": ""0"", ""buy_4th_pre_bid"": ""-399500"", ""buy_4th_pre_req"": ""8"", ""buy_4th_pre_req_pre"": ""0"", ""buy_5th_pre_bid"": ""-399000"", ""buy_5th_pre_req"": ""13"", ""buy_5th_pre_req_pre"": ""0"", ""buy_6th_pre_bid"": ""-398500"", ""buy_6th_pre_req"": ""30"", ""buy_6th_pre_req_pre"": ""0"", ""buy_7th_pre_bid"": ""-398000"", ""buy_7th_pre_req"": ""201"", ""buy_7th_pre_req_pre"": ""0"", ""buy_8th_pre_bid"": ""-397500"", ""buy_8th_pre_req"": ""144"", ""buy_8th_pre_req_pre"": ""0"", ""buy_9th_pre_bid"": ""-397000"", ""buy_9th_pre_req"": ""55"", ""buy_9th_pre_req_pre"": ""0"", ""buy_10th_pre_bid"": ""-396500"", ""buy_10th_pre_req"": ""11"", ""buy_10th_pre_req_pre"": ""0"", ""tot_sel_req_jub_pre"": ""+5"", ""tot_sel_req"": ""451"", ""tot_buy_req"": ""725"", ""tot_buy_req_jub_pre"": ""0"", ""ovt_sel_req_pre"": ""0"", ""ovt_sel_req"": ""0"", ""ovt_buy_req"": ""0"", ""ovt_buy_req_pre"": ""0"", ""return_code"": 0, ""return_msg"": ""정상적으로 처리되었습니다""}"
2026-06-10,scan_candidate,499790,,0,main_scan,49300,,49300,49200,49300,49450,0.2028397565922921,0.2028397565922921,,,,,,"{""bid_req_base_tm"": ""101206"", ""sel_10th_pre_req_pre"": ""0"", ""sel_10th_pre_req"": ""197"", ""sel_10th_pre_bid"": ""+49950"", ""sel_9th_pre_req_pre"": ""0"", ""sel_9th_pre_req"": ""693"", ""sel_9th_pre_bid"": ""+49900"", ""sel_8th_pre_req_pre"": ""0"", ""sel_8th_pre_req"": ""145"", ""sel_8th_pre_bid"": ""+49850"", ""sel_7th_pre_req_pre"": ""0"", ""sel_7th_pre_req"": ""119"", ""sel_7th_pre_bid"": ""+49800"", ""sel_6th_pre_req_pre"": ""0"", ""sel_6th_pre_req"": ""110"", ""sel_6th_pre_bid"": ""+49750"", ""sel_5th_pre_req_pre"": ""0"", ""sel_5th_pre_req"": ""87"", ""sel_5th_pre_bid"": ""+49700"", ""sel_4th_pre_req_pre"": ""0"", ""sel_4th_pre_req"": ""125"", ""sel_4th_pre_bid"": ""+49650"", ""sel_3th_pre_req_pre"": ""0"", ""sel_3th_pre_req"": ""47"", ""sel_3th_pre_bid"": ""+49600"", ""sel_2th_pre_req_pre"": ""0"", ""sel_2th_pre_req"": ""101"", ""sel_2th_pre_bid"": ""+49500"", ""sel_1th_pre_req_pre"": ""+7"", ""sel_fpr_req"": ""161"", ""sel_fpr_bid"": ""+49300"", ""buy_fpr_bid"": ""+49200"", ""buy_fpr_req"": ""1"", ""buy_1th_pre_req_pre"": ""0"", ""buy_2th_pre_bid"": ""+49100"", ""buy_2th_pre_req"": ""7"", ""buy_2th_pre_req_pre"": ""0"", ""buy_3th_pre_bid"": ""+49050"", ""buy_3th_pre_req"": ""28"", ""buy_3th_pre_req_pre"": ""0"", ""buy_4th_pre_bid"": ""+49000"", ""buy_4th_pre_req"": ""1960"", ""buy_4th_pre_req_pre"": ""0"", ""buy_5th_pre_bid"": ""+48950"", ""buy_5th_pre_req"": ""539"", ""buy_5th_pre_req_pre"": ""0"", ""buy_6th_pre_bid"": ""+48800"", ""buy_6th_pre_req"": ""100"", ""buy_6th_pre_req_pre"": ""0"", ""buy_7th_pre_bid"": ""+48600"", ""buy_7th_pre_req"": ""5"", ""buy_7th_pre_req_pre"": ""0"", ""buy_8th_pre_bid"": ""+48350"", ""buy_8th_pre_req"": ""1"", ""buy_8th_pre_req_pre"": ""0"", ""buy_9th_pre_bid"": ""+48300"", ""buy_9th_pre_req"": ""18"", ""buy_9th_pre_req_pre"": ""0"", ""buy_10th_pre_bid"": ""+48150"", ""buy_10th_pre_req"": ""10"", ""buy_10th_pre_req_pre"": ""0"", ""tot_sel_req_jub_pre"": ""+7"", ""tot_sel_req"": ""1785"", ""tot_buy_req"": ""2669"", ""tot_buy_req_jub_pre"": ""0"", ""ovt_sel_req_pre"": ""0"", ""ovt_sel_req"": ""0"", ""ovt_buy_req"": ""0"", ""ovt_buy_req_pre"": ""0"", ""return_code"": 0, ""return_msg"": ""정상적으로 처리되었습니다""}"
2026-06-10,scan_candidate,100090,,0,main_scan,16550,,16550,16540,16550,16550,-0.3021148036253776,0.060422960725075525,,,,,,"{""bid_req_base_tm"": ""101218"", ""sel_10th_pre_req_pre"": ""0"", ""sel_10th_pre_req"": ""4"", ""sel_10th_pre_bid"": ""+16650"", ""sel_9th_pre_req_pre"": ""0"", ""sel_9th_pre_req"": ""333"", ""sel_9th_pre_bid"": ""+16630"", ""sel_8th_pre_req_pre"": ""0"", ""sel_8th_pre_req"": ""12"", ""sel_8th_pre_bid"": ""+16620"", ""sel_7th_pre_req_pre"": ""0"", ""sel_7th_pre_req"": ""5"", ""sel_7th_pre_bid"": ""+16610"", ""sel_6th_pre_req_pre"": ""0"", ""sel_6th_pre_req"": ""276"", ""sel_6th_pre_bid"": ""+16600"", ""sel_5th_pre_req_pre"": ""0"", ""sel_5th_pre_req"": ""30"", ""sel_5th_pre_bid"": ""+16590"", ""sel_4th_pre_req_pre"": ""0"", ""sel_4th_pre_req"": ""100"", ""sel_4th_pre_bid"": ""+16580"", ""sel_3th_pre_req_pre"": ""0"", ""sel_3th_pre_req"": ""107"", ""sel_3th_pre_bid"": ""+16570"", ""sel_2th_pre_req_pre"": ""0"", ""sel_2th_pre_req"": ""17"", ""sel_2th_pre_bid"": ""+16560"", ""sel_1th_pre_req_pre"": ""0"", ""sel_fpr_req"": ""66"", ""sel_fpr_bid"": ""+16550"", ""buy_fpr_bid"": ""+16540"", ""buy_fpr_req"": ""9"", ""buy_1th_pre_req_pre"": ""--1"", ""buy_2th_pre_bid"": ""+16530"", ""buy_2th_pre_req"": ""578"", ""buy_2th_pre_req_pre"": ""0"", ""buy_3th_pre_bid"": ""+16520"", ""buy_3th_pre_req"": ""54"", ""buy_3th_pre_req_pre"": ""0"", ""buy_4th_pre_bid"": ""+16510"", ""buy_4th_pre_req"": ""144"", ""buy_4th_pre_req_pre"": ""0"", ""buy_5th_pre_bid"": ""+16500"", ""buy_5th_pre_req"": ""139"", ""buy_5th_pre_req_pre"": ""0"", ""buy_6th_pre_bid"": ""+16490"", ""buy_6th_pre_req"": ""67"", ""buy_6th_pre_req_pre"": ""0"", ""buy_7th_pre_bid"": ""+16480"", ""buy_7th_pre_req"": ""218"", ""buy_7th_pre_req_pre"": ""0"", ""buy_8th_pre_bid"": ""+16470"", ""buy_8th_pre_req"": ""220"", ""buy_8th_pre_req_pre"": ""0"", ""buy_9th_pre_bid"": ""+16460"", ""buy_9th_pre_req"": ""23"", ""buy_9th_pre_req_pre"": ""0"", ""buy_10th_pre_bid"": ""+16450"", ""buy_10th_pre_req"": ""2075"", ""buy_10th_pre_req_pre"": ""0"", ""tot_sel_req_jub_pre"": ""0"", ""tot_sel_req"": ""950"", ""tot_buy_req"": ""3527"", ""tot_buy_req_jub_pre"": ""--1"", ""ovt_sel_req_pre"": ""0"", ""ovt_sel_req"": ""0"", ""ovt_buy_req"": ""0"", ""ovt_buy_req_pre"": ""0"", ""return_code"": 0, ""return_msg"": ""정상적으로 처리되었습니다""}"
2026-06-10,scan_candidate,003160,,0,main_scan,28950,,28950,28900,28950,28850,-0.5181347150259068,0.17271157167530224,,,,,,"{""bid_req_base_tm"": ""101218"", ""sel_10th_pre_req_pre"": ""0"", ""sel_10th_pre_req"": ""194"", ""sel_10th_pre_bid"": ""+29400"", ""sel_9th_pre_req_pre"": ""0"", ""sel_9th_pre_req"": ""31"", ""sel_9th_pre_bid"": ""+29350"", ""sel_8th_pre_req_pre"": ""0"", ""sel_8th_pre_req"": ""2052"", ""sel_8th_pre_bid"": ""+29300"", ""sel_7th_pre_req_pre"": ""0"", ""sel_7th_pre_req"": ""175"", ""sel_7th_pre_bid"": ""+29250"", ""sel_6th_pre_req_pre"": ""0"", ""sel_6th_pre_req"": ""116"", ""sel_6th_pre_bid"": ""+29200"", ""sel_5th_pre_req_pre"": ""0"", ""sel_5th_pre_req"": ""252"", ""sel_5th_pre_bid"": ""+29150"", ""sel_4th_pre_req_pre"": ""0"", ""sel_4th_pre_req"": ""346"", ""sel_4th_pre_bid"": ""+29100"", ""sel_3th_pre_req_pre"": ""0"", ""sel_3th_pre_req"": ""221"", ""sel_3th_pre_bid"": ""+29050"", ""sel_2th_pre_req_pre"": ""0"", ""sel_2th_pre_req"": ""119"", ""sel_2th_pre_bid"": ""+29000"", ""sel_1th_pre_req_pre"": ""0"", ""sel_fpr_req"": ""54"", ""sel_fpr_bid"": ""+28950"", ""buy_fpr_bid"": ""+28900"", ""buy_fpr_req"": ""234"", ""buy_1th_pre_req_pre"": ""0"", ""buy_2th_pre_bid"": ""+28850"", ""buy_2th_pre_req"": ""83"", ""buy_2th_pre_req_pre"": ""0"", ""buy_3th_pre_bid"": ""+28800"", ""buy_3th_pre_req"": ""505"", ""buy_3th_pre_req_pre"": ""0"", ""buy_4th_pre_bid"": ""+28750"", ""buy_4th_pre_req"": ""100"", ""buy_4th_pre_req_pre"": ""0"", ""buy_5th_pre_bid"": ""+28700"", ""buy_5th_pre_req"": ""71"", ""buy_5th_pre_req_pre"": ""0"", ""buy_6th_pre_bid"": ""+28650"", ""buy_6th_pre_req"": ""100"", ""buy_6th_pre_req_pre"": ""0"", ""buy_7th_pre_bid"": ""+28600"", ""buy_7th_pre_req"": ""181"", ""buy_7th_pre_req_pre"": ""0"", ""buy_8th_pre_bid"": ""+28550"", ""buy_8th_pre_req"": ""176"", ""buy_8th_pre_req_pre"": ""0"", ""buy_9th_pre_bid"": ""+28500"", ""buy_9th_pre_req"": ""705"", ""buy_9th_pre_req_pre"": ""0"", ""buy_10th_pre_bid"": ""+28450"", ""buy_10th_pre_req"": ""35"", ""buy_10th_pre_req_pre"": ""0"", ""tot_sel_req_jub_pre"": ""0"", ""tot_sel_req"": ""3560"", ""tot_buy_req"": ""2190"", ""tot_buy_req_jub_pre"": ""0"", ""ovt_sel_req_pre"": ""0"", ""ovt_sel_req"": ""0"", ""ovt_buy_req"": ""0"", ""ovt_buy_req_pre"": ""0"", ""return_code"": 0, ""return_msg"": ""정상적으로 처리되었습니다""}"
2026-06-10,scan_candidate,000370,,0,main_scan,6690,,6690,6680,6690,6650,-0.7473841554559043,0.14947683109118087,,,,,,"{""bid_req_base_tm"": ""101219"", ""sel_10th_pre_req_pre"": ""0"", ""sel_10th_pre_req"": ""1046"", ""sel_10th_pre_bid"": ""+6780"", ""sel_9th_pre_req_pre"": ""0"", ""sel_9th_pre_req"": ""3756"", ""sel_9th_pre_bid"": ""+6770"", ""sel_8th_pre_req_pre"": ""+15"", ""sel_8th_pre_req"": ""1437"", ""sel_8th_pre_bid"": ""+6760"", ""sel_7th_pre_req_pre"": ""0"", ""sel_7th_pre_req"": ""1287"", ""sel_7th_pre_bid"": ""+6750"", ""sel_6th_pre_req_pre"": ""0"", ""sel_6th_pre_req"": ""1473"", ""sel_6th_pre_bid"": ""+6740"", ""sel_5th_pre_req_pre"": ""0"", ""sel_5th_pre_req"": ""1355"", ""sel_5th_pre_bid"": ""+6730"", ""sel_4th_pre_req_pre"": ""0"", ""sel_4th_pre_req"": ""1847"", ""sel_4th_pre_bid"": ""+6720"", ""sel_3th_pre_req_pre"": ""0"", ""sel_3th_pre_req"": ""1398"", ""sel_3th_pre_bid"": ""+6710"", ""sel_2th_pre_req_pre"": ""0"", ""sel_2th_pre_req"": ""3063"", ""sel_2th_pre_bid"": ""+6700"", ""sel_1th_pre_req_pre"": ""0"", ""sel_fpr_req"": ""221"", ""sel_fpr_bid"": ""+6690"", ""buy_fpr_bid"": ""+6680"", ""buy_fpr_req"": ""131"", ""buy_1th_pre_req_pre"": ""0"", ""buy_2th_pre_bid"": ""+6660"", ""buy_2th_pre_req"": ""381"", ""buy_2th_pre_req_pre"": ""0"", ""buy_3th_pre_bid"": ""+6640"", ""buy_3th_pre_req"": ""264"", ""buy_3th_pre_req_pre"": ""0"", ""buy_4th_pre_bid"": ""+6630"", ""buy_4th_pre_req"": ""892"", ""buy_4th_pre_req_pre"": ""0"", ""buy_5th_pre_bid"": ""+6620"", ""buy_5th_pre_req"": ""1005"", ""buy_5th_pre_req_pre"": ""0"", ""buy_6th_pre_bid"": ""+6610"", ""buy_6th_pre_req"": ""3073"", ""buy_6th_pre_req_pre"": ""0"", ""buy_7th_pre_bid"": ""+6600"", ""buy_7th_pre_req"": ""1032"", ""buy_7th_pre_req_pre"": ""0"", ""buy_8th_pre_bid"": ""+6590"", ""buy_8th_pre_req"": ""12"", ""buy_8th_pre_req_pre"": ""0"", ""buy_9th_pre_bid"": ""+6580"", ""buy_9th_pre_req"": ""407"", ""buy_9th_pre_req_pre"": ""0"", ""buy_10th_pre_bid"": ""+6570"", ""buy_10th_pre_req"": ""878"", ""buy_10th_pre_req_pre"": ""0"", ""tot_sel_req_jub_pre"": ""+15"", ""tot_sel_req"": ""16883"", ""tot_buy_req"": ""8075"", ""tot_buy_req_jub_pre"": ""0"", ""ovt_sel_req_pre"": ""0"", ""ovt_sel_req"": ""0"", ""ovt_buy_req"": ""0"", ""ovt_buy_req_pre"": ""0"", ""return_code"": 0, ""return_msg"": ""정상적으로 처리되었습니다""}"
2026-06-10,scan_candidate,114090,,0,main_scan,12020,,12020,12000,12020,11950,-0.9983361064891847,0.16638935108153077,,,,,,"{""bid_req_base_tm"": ""101218"", ""sel_10th_pre_req_pre"": ""0"", ""sel_10th_pre_req"": ""12"", ""sel_10th_pre_bid"": ""+12170"", ""sel_9th_pre_req_pre"": ""--25"", ""sel_9th_pre_req"": ""1071"", ""sel_9th_pre_bid"": ""+12150"", ""sel_8th_pre_req_pre"": ""--5"", ""sel_8th_pre_req"": ""125"", ""sel_8th_pre_bid"": ""+12140"", ""sel_7th_pre_req_pre"": ""--5"", ""sel_7th_pre_req"": ""469"", ""sel_7th_pre_bid"": ""+12130"", ""sel_6th_pre_req_pre"": ""0"", ""sel_6th_pre_req"": ""3"", ""sel_6th_pre_bid"": ""+12100"", ""sel_5th_pre_req_pre"": ""0"", ""sel_5th_pre_req"": ""4"", ""sel_5th_pre_bid"": ""+12070"", ""sel_4th_pre_req_pre"": ""0"", ""sel_4th_pre_req"": ""3"", ""sel_4th_pre_bid"": ""+12050"", ""sel_3th_pre_req_pre"": ""0"", ""sel_3th_pre_req"": ""22"", ""sel_3th_pre_bid"": ""+12040"", ""sel_2th_pre_req_pre"": ""--56"", ""sel_2th_pre_req"": ""16"", ""sel_2th_pre_bid"": ""+12030"", ""sel_1th_pre_req_pre"": ""+222"", ""sel_fpr_req"": ""426"", ""sel_fpr_bid"": ""+12020"", ""buy_fpr_bid"": ""+12000"", ""buy_fpr_req"": ""351"", ""buy_1th_pre_req_pre"": ""--99"", ""buy_2th_pre_bid"": ""+11990"", ""buy_2th_pre_req"": ""306"", ""buy_2th_pre_req_pre"": ""0"", ""buy_3th_pre_bid"": ""+11980"", ""buy_3th_pre_req"": ""843"", ""buy_3th_pre_req_pre"": ""+167"", ""buy_4th_pre_bid"": ""+11970"", ""buy_4th_pre_req"": ""63"", ""buy_4th_pre_req_pre"": ""0"", ""buy_5th_pre_bid"": ""11950"", ""buy_5th_pre_req"": ""50"", ""buy_5th_pre_req_pre"": ""0"", ""buy_6th_pre_bid"": ""-11900"", ""buy_6th_pre_req"": ""147"", ""buy_6th_pre_req_pre"": ""0"", ""buy_7th_pre_bid"": ""-11850"", ""buy_7th_pre_req"": ""30"", ""buy_7th_pre_req_pre"": ""0"", ""buy_8th_pre_bid"": ""-11840"", ""buy_8th_pre_req"": ""25"", ""buy_8th_pre_req_pre"": ""0"", ""buy_9th_pre_bid"": ""-11820"", ""buy_9th_pre_req"": ""24"", ""buy_9th_pre_req_pre"": ""0"", ""buy_10th_pre_bid"": ""-11800"", ""buy_10th_pre_req"": ""487"", ""buy_10th_pre_req_pre"": ""0"", ""tot_sel_req_jub_pre"": ""+138"", ""tot_sel_req"": ""2151"", ""tot_buy_req"": ""2326"", ""tot_buy_req_jub_pre"": ""+68"", ""ovt_sel_req_pre"": ""0"", ""ovt_sel_req"": ""0"", ""ovt_buy_req"": ""0"", ""ovt_buy_req_pre"": ""0"", ""return_code"": 0, ""return_msg"": ""정상적으로 처리되었습니다""}"
2026-06-10,scan_candidate,005090,,0,main_scan,51800,,51800,51500,51800,51900,0.0,0.5791505791505791,,,,,,"{""bid_req_base_tm"": ""101214"", ""sel_10th_pre_req_pre"": ""0"", ""sel_10th_pre_req"": ""67"", ""sel_10th_pre_bid"": ""+53100"", ""sel_9th_pre_req_pre"": ""0"", ""sel_9th_pre_req"": ""32"", ""sel_9th_pre_bid"": ""+53000"", ""sel_8th_pre_req_pre"": ""0"", ""sel_8th_pre_req"": ""52"", ""sel_8th_pre_bid"": ""+52900"", ""sel_7th_pre_req_pre"": ""0"", ""sel_7th_pre_req"": ""60"", ""sel_7th_pre_bid"": ""+52400"", ""sel_6th_pre_req_pre"": ""0"", ""sel_6th_pre_req"": ""3"", ""sel_6th_pre_bid"": ""+52300"", ""sel_5th_pre_req_pre"": ""0"", ""sel_5th_pre_req"": ""474"", ""sel_5th_pre_bid"": ""+52200"", ""sel_4th_pre_req_pre"": ""0"", ""sel_4th_pre_req"": ""5"", ""sel_4th_pre_bid"": ""+52100"", ""sel_3th_pre_req_pre"": ""0"", ""sel_3th_pre_req"": ""13"", ""sel_3th_pre_bid"": ""+52000"", ""sel_2th_pre_req_pre"": ""0"", ""sel_2th_pre_req"": ""245"", ""sel_2th_pre_bid"": ""+51900"", ""sel_1th_pre_req_pre"": ""0"", ""sel_fpr_req"": ""89"", ""sel_fpr_bid"": ""+51800"", ""buy_fpr_bid"": ""+51500"", ""buy_fpr_req"": ""28"", ""buy_1th_pre_req_pre"": ""0"", ""buy_2th_pre_bid"": ""+51400"", ""buy_2th_pre_req"": ""123"", ""buy_2th_pre_req_pre"": ""0"", ""buy_3th_pre_bid"": ""+51300"", ""buy_3th_pre_req"": ""103"", ""buy_3th_pre_req_pre"": ""0"", ""buy_4th_pre_bid"": ""+51200"", ""buy_4th_pre_req"": ""74"", ""buy_4th_pre_req_pre"": ""0"", ""buy_5th_pre_bid"": ""+51100"", ""buy_5th_pre_req"": ""318"", ""buy_5th_pre_req_pre"": ""0"", ""buy_6th_pre_bid"": ""+51000"", ""buy_6th_pre_req"": ""198"", ""buy_6th_pre_req_pre"": ""0"", ""buy_7th_pre_bid"": ""+50900"", ""buy_7th_pre_req"": ""160"", ""buy_7th_pre_req_pre"": ""0"", ""buy_8th_pre_bid"": ""+50800"", ""buy_8th_pre_req"": ""534"", ""buy_8th_pre_req_pre"": ""0"", ""buy_9th_pre_bid"": ""+50700"", ""buy_9th_pre_req"": ""202"", ""buy_9th_pre_req_pre"": ""0"", ""buy_10th_pre_bid"": ""+50600"", ""buy_10th_pre_req"": ""18"", ""buy_10th_pre_req_pre"": ""0"", ""tot_sel_req_jub_pre"": ""0"", ""tot_sel_req"": ""1040"", ""tot_buy_req"": ""1758"", ""tot_buy_req_jub_pre"": ""0"", ""ovt_sel_req_pre"": ""0"", ""ovt_sel_req"": ""0"", ""ovt_buy_req"": ""0"", ""ovt_buy_req_pre"": ""0"", ""return_code"": 0, ""return_msg"": ""정상적으로 처리되었습니다""}"
2026-06-10,scan_candidate,017900,,0,main_scan,9820,,9820,9810,9820,9830,0.0,0.10183299389002036,,,,,,"{""bid_req_base_tm"": ""101219"", ""sel_10th_pre_req_pre"": ""0"", ""sel_10th_pre_req"": ""24"", ""sel_10th_pre_bid"": ""+9910"", ""sel_9th_pre_req_pre"": ""0"", ""sel_9th_pre_req"": ""1137"", ""sel_9th_pre_bid"": ""+9900"", ""sel_8th_pre_req_pre"": ""0"", ""sel_8th_pre_req"": ""246"", ""sel_8th_pre_bid"": ""+9890"", ""sel_7th_pre_req_pre"": ""0"", ""sel_7th_pre_req"": ""1020"", ""sel_7th_pre_bid"": ""+9880"", ""sel_6th_pre_req_pre"": ""0"", ""sel_6th_pre_req"": ""269"", ""sel_6th_pre_bid"": ""+9870"", ""sel_5th_pre_req_pre"": ""0"", ""sel_5th_pre_req"": ""53"", ""sel_5th_pre_bid"": ""+9860"", ""sel_4th_pre_req_pre"": ""0"", ""sel_4th_pre_req"": ""1134"", ""sel_4th_pre_bid"": ""+9850"", ""sel_3th_pre_req_pre"": ""0"", ""sel_3th_pre_req"": ""1003"", ""sel_3th_pre_bid"": ""+9840"", ""sel_2th_pre_req_pre"": ""0"", ""sel_2th_pre_req"": ""291"", ""sel_2th_pre_bid"": ""+9830"", ""sel_1th_pre_req_pre"": ""0"", ""sel_fpr_req"": ""46"", ""sel_fpr_bid"": ""+9820"", ""buy_fpr_bid"": ""+9810"", ""buy_fpr_req"": ""84"", ""buy_1th_pre_req_pre"": ""+51"", ""buy_2th_pre_bid"": ""+9800"", ""buy_2th_pre_req"": ""162"", ""buy_2th_pre_req_pre"": ""0"", ""buy_3th_pre_bid"": ""+9790"", ""buy_3th_pre_req"": ""599"", ""buy_3th_pre_req_pre"": ""0"", ""buy_4th_pre_bid"": ""+9780"", ""buy_4th_pre_req"": ""3321"", ""buy_4th_pre_req_pre"": ""--51"", ""buy_5th_pre_bid"": ""+9770"", ""buy_5th_pre_req"": ""298"", ""buy_5th_pre_req_pre"": ""0"", ""buy_6th_pre_bid"": ""+9760"", ""buy_6th_pre_req"": ""506"", ""buy_6th_pre_req_pre"": ""+205"", ""buy_7th_pre_bid"": ""+9750"", ""buy_7th_pre_req"": ""1769"", ""buy_7th_pre_req_pre"": ""0"", ""buy_8th_pre_bid"": ""+9740"", ""buy_8th_pre_req"": ""187"", ""buy_8th_pre_req_pre"": ""0"", ""buy_9th_pre_bid"": ""+9730"", ""buy_9th_pre_req"": ""138"", ""buy_9th_pre_req_pre"": ""0"", ""buy_10th_pre_bid"": ""+9720"", ""buy_10th_pre_req"": ""575"", ""buy_10th_pre_req_pre"": ""0"", ""tot_sel_req_jub_pre"": ""0"", ""tot_sel_req"": ""5223"", ""tot_buy_req"": ""7639"", ""tot_buy_req_jub_pre"": ""+205"", ""ovt_sel_req_pre"": ""0"", ""ovt_sel_req"": ""0"", ""ovt_buy_req"": ""0"", ""ovt_buy_req_pre"": ""0"", ""return_code"": 0, ""return_msg"": ""정상적으로 처리되었습니다""}"
2026-06-10,scan_candidate,006220,,0,main_scan,11380,,11380,11360,11380,11350,-0.7029876977152899,0.17574692442882248,,,,,,"{""bid_req_base_tm"": ""101219"", ""sel_10th_pre_req_pre"": ""0"", ""sel_10th_pre_req"": ""380"", ""sel_10th_pre_bid"": ""+11470"", ""sel_9th_pre_req_pre"": ""0"", ""sel_9th_pre_req"": ""101"", ""sel_9th_pre_bid"": ""+11460"", ""sel_8th_pre_req_pre"": ""0"", ""sel_8th_pre_req"": ""1720"", ""sel_8th_pre_bid"": ""+11450"", ""sel_7th_pre_req_pre"": ""0"", ""sel_7th_pre_req"": ""551"", ""sel_7th_pre_bid"": ""+11440"", ""sel_6th_pre_req_pre"": ""0"", ""sel_6th_pre_req"": ""269"", ""sel_6th_pre_bid"": ""+11430"", ""sel_5th_pre_req_pre"": ""0"", ""sel_5th_pre_req"": ""51"", ""sel_5th_pre_bid"": ""+11420"", ""sel_4th_pre_req_pre"": ""0"", ""sel_4th_pre_req"": ""51"", ""sel_4th_pre_bid"": ""+11410"", ""sel_3th_pre_req_pre"": ""0"", ""sel_3th_pre_req"": ""51"", ""sel_3th_pre_bid"": ""+11400"", ""sel_2th_pre_req_pre"": ""0"", ""sel_2th_pre_req"": ""367"", ""sel_2th_pre_bid"": ""+11390"", ""sel_1th_pre_req_pre"": ""0"", ""sel_fpr_req"": ""307"", ""sel_fpr_bid"": ""+11380"", ""buy_fpr_bid"": ""+11360"", ""buy_fpr_req"": ""1"", ""buy_1th_pre_req_pre"": ""0"", ""buy_2th_pre_bid"": ""+11350"", ""buy_2th_pre_req"": ""491"", ""buy_2th_pre_req_pre"": ""0"", ""buy_3th_pre_bid"": ""+11340"", ""buy_3th_pre_req"": ""1263"", ""buy_3th_pre_req_pre"": ""0"", ""buy_4th_pre_bid"": ""+11330"", ""buy_4th_pre_req"": ""100"", ""buy_4th_pre_req_pre"": ""0"", ""buy_5th_pre_bid"": ""+11320"", ""buy_5th_pre_req"": ""893"", ""buy_5th_pre_req_pre"": ""0"", ""buy_6th_pre_bid"": ""+11310"", ""buy_6th_pre_req"": ""197"", ""buy_6th_pre_req_pre"": ""0"", ""buy_7th_pre_bid"": ""+11300"", ""buy_7th_pre_req"": ""328"", ""buy_7th_pre_req_pre"": ""0"", ""buy_8th_pre_bid"": ""+11290"", ""buy_8th_pre_req"": ""223"", ""buy_8th_pre_req_pre"": ""0"", ""buy_9th_pre_bid"": ""+11280"", ""buy_9th_pre_req"": ""788"", ""buy_9th_pre_req_pre"": ""0"", ""buy_10th_pre_bid"": ""+11270"", ""buy_10th_pre_req"": ""1073"", ""buy_10th_pre_req_pre"": ""0"", ""tot_sel_req_jub_pre"": ""0"", ""tot_sel_req"": ""3848"", ""tot_buy_req"": ""5357"", ""tot_buy_req_jub_pre"": ""0"", ""ovt_sel_req_pre"": ""0"", ""ovt_sel_req"": ""0"", ""ovt_buy_req"": ""0"", ""ovt_buy_req_pre"": ""0"", ""return_code"": 0, ""return_msg"": ""정상적으로 처리되었습니다""}"
2026-06-10,scan_candidate,092200,,0,main_scan,9760,,9760,9750,9760,9810,0.4098360655737705,0.10245901639344263,,,,,,"{""bid_req_base_tm"": ""101220"", ""sel_10th_pre_req_pre"": ""0"", ""sel_10th_pre_req"": ""1073"", ""sel_10th_pre_bid"": ""-9900"", ""sel_9th_pre_req_pre"": ""0"", ""sel_9th_pre_req"": ""1000"", ""sel_9th_pre_bid"": ""-9890"", ""sel_8th_pre_req_pre"": ""0"", ""sel_8th_pre_req"": ""707"", ""sel_8th_pre_bid"": ""-9880"", ""sel_7th_pre_req_pre"": ""0"", ""sel_7th_pre_req"": ""65"", ""sel_7th_pre_bid"": ""-9870"", ""sel_6th_pre_req_pre"": ""0"", ""sel_6th_pre_req"": ""5"", ""sel_6th_pre_bid"": ""-9860"", ""sel_5th_pre_req_pre"": ""0"", ""sel_5th_pre_req"": ""53"", ""sel_5th_pre_bid"": ""-9800"", ""sel_4th_pre_req_pre"": ""0"", ""sel_4th_pre_req"": ""236"", ""sel_4th_pre_bid"": ""-9790"", ""sel_3th_pre_req_pre"": ""0"", ""sel_3th_pre_req"": ""458"", ""sel_3th_pre_bid"": ""-9780"", ""sel_2th_pre_req_pre"": ""0"", ""sel_2th_pre_req"": ""172"", ""sel_2th_pre_bid"": ""-9770"", ""sel_1th_pre_req_pre"": ""0"", ""sel_fpr_req"": ""245"", ""sel_fpr_bid"": ""-9760"", ""buy_fpr_bid"": ""-9750"", ""buy_fpr_req"": ""1274"", ""buy_1th_pre_req_pre"": ""0"", ""buy_2th_pre_bid"": ""-9740"", ""buy_2th_pre_req"": ""966"", ""buy_2th_pre_req_pre"": ""0"", ""buy_3th_pre_bid"": ""-9730"", ""buy_3th_pre_req"": ""2044"", ""buy_3th_pre_req_pre"": ""--4"", ""buy_4th_pre_bid"": ""-9720"", ""buy_4th_pre_req"": ""2174"", ""buy_4th_pre_req_pre"": ""0"", ""buy_5th_pre_bid"": ""-9710"", ""buy_5th_pre_req"": ""2355"", ""buy_5th_pre_req_pre"": ""0"", ""buy_6th_pre_bid"": ""-9700"", ""buy_6th_pre_req"": ""2673"", ""buy_6th_pre_req_pre"": ""0"", ""buy_7th_pre_bid"": ""-9690"", ""buy_7th_pre_req"": ""406"", ""buy_7th_pre_req_pre"": ""0"", ""buy_8th_pre_bid"": ""-9680"", ""buy_8th_pre_req"": ""348"", ""buy_8th_pre_req_pre"": ""0"", ""buy_9th_pre_bid"": ""-9670"", ""buy_9th_pre_req"": ""516"", ""buy_9th_pre_req_pre"": ""0"", ""buy_10th_pre_bid"": ""-9660"", ""buy_10th_pre_req"": ""555"", ""buy_10th_pre_req_pre"": ""0"", ""tot_sel_req_jub_pre"": ""0"", ""tot_sel_req"": ""4014"", ""tot_buy_req"": ""13311"", ""tot_buy_req_jub_pre"": ""--4"", ""ovt_sel_req_pre"": ""0"", ""ovt_sel_req"": ""0"", ""ovt_buy_req"": ""0"", ""ovt_buy_req_pre"": ""0"", ""return_code"": 0, ""return_msg"": ""정상적으로 처리되었습니다""}"
2026-06-10,scan_candidate,010820,,0,main_scan,8130,,8130,8120,8130,8130,-0.12300123001230012,0.12300123001230012,,,,,,"{""bid_req_base_tm"": ""101219"", ""sel_10th_pre_req_pre"": ""0"", ""sel_10th_pre_req"": ""389"", ""sel_10th_pre_bid"": ""+8220"", ""sel_9th_pre_req_pre"": ""0"", ""sel_9th_pre_req"": ""1213"", ""sel_9th_pre_bid"": ""+8210"", ""sel_8th_pre_req_pre"": ""0"", ""sel_8th_pre_req"": ""1149"", ""sel_8th_pre_bid"": ""+8200"", ""sel_7th_pre_req_pre"": ""0"", ""sel_7th_pre_req"": ""270"", ""sel_7th_pre_bid"": ""+8190"", ""sel_6th_pre_req_pre"": ""0"", ""sel_6th_pre_req"": ""172"", ""sel_6th_pre_bid"": ""+8180"", ""sel_5th_pre_req_pre"": ""0"", ""sel_5th_pre_req"": ""80"", ""sel_5th_pre_bid"": ""+8170"", ""sel_4th_pre_req_pre"": ""0"", ""sel_4th_pre_req"": ""27"", ""sel_4th_pre_bid"": ""+8160"", ""sel_3th_pre_req_pre"": ""0"", ""sel_3th_pre_req"": ""1028"", ""sel_3th_pre_bid"": ""+8150"", ""sel_2th_pre_req_pre"": ""0"", ""sel_2th_pre_req"": ""122"", ""sel_2th_pre_bid"": ""+8140"", ""sel_1th_pre_req_pre"": ""--59"", ""sel_fpr_req"": ""54"", ""sel_fpr_bid"": ""+8130"", ""buy_fpr_bid"": ""+8120"", ""buy_fpr_req"": ""35"", ""buy_1th_pre_req_pre"": ""0"", ""buy_2th_pre_bid"": ""+8110"", ""buy_2th_pre_req"": ""386"", ""buy_2th_pre_req_pre"": ""0"", ""buy_3th_pre_bid"": ""+8100"", ""buy_3th_pre_req"": ""20"", ""buy_3th_pre_req_pre"": ""0"", ""buy_4th_pre_bid"": ""+8090"", ""buy_4th_pre_req"": ""1169"", ""buy_4th_pre_req_pre"": ""0"", ""buy_5th_pre_bid"": ""+8080"", ""buy_5th_pre_req"": ""1066"", ""buy_5th_pre_req_pre"": ""0"", ""buy_6th_pre_bid"": ""+8070"", ""buy_6th_pre_req"": ""389"", ""buy_6th_pre_req_pre"": ""0"", ""buy_7th_pre_bid"": ""+8060"", ""buy_7th_pre_req"": ""260"", ""buy_7th_pre_req_pre"": ""0"", ""buy_8th_pre_bid"": ""+8050"", ""buy_8th_pre_req"": ""1488"", ""buy_8th_pre_req_pre"": ""0"", ""buy_9th_pre_bid"": ""+8040"", ""buy_9th_pre_req"": ""100"", ""buy_9th_pre_req_pre"": ""0"", ""buy_10th_pre_bid"": ""+8030"", ""buy_10th_pre_req"": ""209"", ""buy_10th_pre_req_pre"": ""0"", ""tot_sel_req_jub_pre"": ""--59"", ""tot_sel_req"": ""4504"", ""tot_buy_req"": ""5122"", ""tot_buy_req_jub_pre"": ""0"", ""ovt_sel_req_pre"": ""0"", ""ovt_sel_req"": ""0"", ""ovt_buy_req"": ""0"", ""ovt_buy_req_pre"": ""0"", ""return_code"": 0, ""return_msg"": ""정상적으로 처리되었습니다""}"
2026-06-10,scan_candidate,000430,,0,main_scan,5720,,5720,5700,5720,5740,0.17482517482517482,0.34965034965034963,,,,,,"{""bid_req_base_tm"": ""101220"", ""sel_10th_pre_req_pre"": ""0"", ""sel_10th_pre_req"": ""613"", ""sel_10th_pre_bid"": ""-5810"", ""sel_9th_pre_req_pre"": ""0"", ""sel_9th_pre_req"": ""386"", ""sel_9th_pre_bid"": ""-5800"", ""sel_8th_pre_req_pre"": ""0"", ""sel_8th_pre_req"": ""2267"", ""sel_8th_pre_bid"": ""-5790"", ""sel_7th_pre_req_pre"": ""0"", ""sel_7th_pre_req"": ""350"", ""sel_7th_pre_bid"": ""-5780"", ""sel_6th_pre_req_pre"": ""0"", ""sel_6th_pre_req"": ""60"", ""sel_6th_pre_bid"": ""-5770"", ""sel_5th_pre_req_pre"": ""0"", ""sel_5th_pre_req"": ""624"", ""sel_5th_pre_bid"": ""-5760"", ""sel_4th_pre_req_pre"": ""0"", ""sel_4th_pre_req"": ""1867"", ""sel_4th_pre_bid"": ""-5750"", ""sel_3th_pre_req_pre"": ""0"", ""sel_3th_pre_req"": ""133"", ""sel_3th_pre_bid"": ""-5740"", ""sel_2th_pre_req_pre"": ""0"", ""sel_2th_pre_req"": ""1087"", ""sel_2th_pre_bid"": ""-5730"", ""sel_1th_pre_req_pre"": ""--1"", ""sel_fpr_req"": ""573"", ""sel_fpr_bid"": ""-5720"", ""buy_fpr_bid"": ""-5700"", ""buy_fpr_req"": ""241"", ""buy_1th_pre_req_pre"": ""0"", ""buy_2th_pre_bid"": ""-5690"", ""buy_2th_pre_req"": ""855"", ""buy_2th_pre_req_pre"": ""--923"", ""buy_3th_pre_bid"": ""-5680"", ""buy_3th_pre_req"": ""5073"", ""buy_3th_pre_req_pre"": ""+923"", ""buy_4th_pre_bid"": ""-5670"", ""buy_4th_pre_req"": ""2690"", ""buy_4th_pre_req_pre"": ""0"", ""buy_5th_pre_bid"": ""-5660"", ""buy_5th_pre_req"": ""5894"", ""buy_5th_pre_req_pre"": ""0"", ""buy_6th_pre_bid"": ""-5650"", ""buy_6th_pre_req"": ""5728"", ""buy_6th_pre_req_pre"": ""0"", ""buy_7th_pre_bid"": ""-5640"", ""buy_7th_pre_req"": ""2294"", ""buy_7th_pre_req_pre"": ""0"", ""buy_8th_pre_bid"": ""-5630"", ""buy_8th_pre_req"": ""1342"", ""buy_8th_pre_req_pre"": ""0"", ""buy_9th_pre_bid"": ""-5620"", ""buy_9th_pre_req"": ""3235"", ""buy_9th_pre_req_pre"": ""0"", ""buy_10th_pre_bid"": ""-5610"", ""buy_10th_pre_req"": ""8433"", ""buy_10th_pre_req_pre"": ""0"", ""tot_sel_req_jub_pre"": ""--1"", ""tot_sel_req"": ""7960"", ""tot_buy_req"": ""35785"", ""tot_buy_req_jub_pre"": ""0"", ""ovt_sel_req_pre"": ""0"", ""ovt_sel_req"": ""0"", ""ovt_buy_req"": ""0"", ""ovt_buy_req_pre"": ""0"", ""return_code"": 0, ""return_msg"": ""정상적으로 처리되었습니다""}"
2026-06-10,scan_candidate,010690,,0,main_scan,11040,,11040,11010,11040,11050,-0.36231884057971014,0.2717391304347826,,,,,,"{""bid_req_base_tm"": ""101220"", ""sel_10th_pre_req_pre"": ""+1"", ""sel_10th_pre_req"": ""33"", ""sel_10th_pre_bid"": ""+11150"", ""sel_9th_pre_req_pre"": ""0"", ""sel_9th_pre_req"": ""170"", ""sel_9th_pre_bid"": ""+11140"", ""sel_8th_pre_req_pre"": ""0"", ""sel_8th_pre_req"": ""830"", ""sel_8th_pre_bid"": ""+11130"", ""sel_7th_pre_req_pre"": ""0"", ""sel_7th_pre_req"": ""158"", ""sel_7th_pre_bid"": ""+11120"", ""sel_6th_pre_req_pre"": ""0"", ""sel_6th_pre_req"": ""324"", ""sel_6th_pre_bid"": ""+11100"", ""sel_5th_pre_req_pre"": ""0"", ""sel_5th_pre_req"": ""31"", ""sel_5th_pre_bid"": ""+11090"", ""sel_4th_pre_req_pre"": ""0"", ""sel_4th_pre_req"": ""68"", ""sel_4th_pre_bid"": ""+11080"", ""sel_3th_pre_req_pre"": ""0"", ""sel_3th_pre_req"": ""412"", ""sel_3th_pre_bid"": ""+11070"", ""sel_2th_pre_req_pre"": ""0"", ""sel_2th_pre_req"": ""393"", ""sel_2th_pre_bid"": ""+11050"", ""sel_1th_pre_req_pre"": ""0"", ""sel_fpr_req"": ""127"", ""sel_fpr_bid"": ""+11040"", ""buy_fpr_bid"": ""+11010"", ""buy_fpr_req"": ""1"", ""buy_1th_pre_req_pre"": ""0"", ""buy_2th_pre_bid"": ""+11000"", ""buy_2th_pre_req"": ""79"", ""buy_2th_pre_req_pre"": ""0"", ""buy_3th_pre_bid"": ""+10990"", ""buy_3th_pre_req"": ""135"", ""buy_3th_pre_req_pre"": ""0"", ""buy_4th_pre_bid"": ""+10980"", ""buy_4th_pre_req"": ""399"", ""buy_4th_pre_req_pre"": ""0"", ""buy_5th_pre_bid"": ""+10970"", ""buy_5th_pre_req"": ""179"", ""buy_5th_pre_req_pre"": ""0"", ""buy_6th_pre_bid"": ""+10960"", ""buy_6th_pre_req"": ""682"", ""buy_6th_pre_req_pre"": ""0"", ""buy_7th_pre_bid"": ""+10950"", ""buy_7th_pre_req"": ""1681"", ""buy_7th_pre_req_pre"": ""0"", ""buy_8th_pre_bid"": ""+10940"", ""buy_8th_pre_req"": ""878"", ""buy_8th_pre_req_pre"": ""0"", ""buy_9th_pre_bid"": ""+10930"", ""buy_9th_pre_req"": ""1165"", ""buy_9th_pre_req_pre"": ""0"", ""buy_10th_pre_bid"": ""+10920"", ""buy_10th_pre_req"": ""2068"", ""buy_10th_pre_req_pre"": ""0"", ""tot_sel_req_jub_pre"": ""+1"", ""tot_sel_req"": ""2546"", ""tot_buy_req"": ""7267"", ""tot_buy_req_jub_pre"": ""0"", ""ovt_sel_req_pre"": ""0"", ""ovt_sel_req"": ""0"", ""ovt_buy_req"": ""0"", ""ovt_buy_req_pre"": ""0"", ""return_code"": 0, ""return_msg"": ""정상적으로 처리되었습니다""}"
2026-06-10,scan_candidate,005950,,0,main_scan,12300,,12300,12290,12300,12250,-0.8130081300813009,0.08130081300813008,,,,,,"{""bid_req_base_tm"": ""101220"", ""sel_10th_pre_req_pre"": ""0"", ""sel_10th_pre_req"": ""1565"", ""sel_10th_pre_bid"": ""+12400"", ""sel_9th_pre_req_pre"": ""0"", ""sel_9th_pre_req"": ""457"", ""sel_9th_pre_bid"": ""+12390"", ""sel_8th_pre_req_pre"": ""0"", ""sel_8th_pre_req"": ""187"", ""sel_8th_pre_bid"": ""+12380"", ""sel_7th_pre_req_pre"": ""0"", ""sel_7th_pre_req"": ""117"", ""sel_7th_pre_bid"": ""+12370"", ""sel_6th_pre_req_pre"": ""0"", ""sel_6th_pre_req"": ""100"", ""sel_6th_pre_bid"": ""+12360"", ""sel_5th_pre_req_pre"": ""0"", ""sel_5th_pre_req"": ""70"", ""sel_5th_pre_bid"": ""+12350"", ""sel_4th_pre_req_pre"": ""0"", ""sel_4th_pre_req"": ""150"", ""sel_4th_pre_bid"": ""+12330"", ""sel_3th_pre_req_pre"": ""0"", ""sel_3th_pre_req"": ""61"", ""sel_3th_pre_bid"": ""+12320"", ""sel_2th_pre_req_pre"": ""0"", ""sel_2th_pre_req"": ""139"", ""sel_2th_pre_bid"": ""+12310"", ""sel_1th_pre_req_pre"": ""0"", ""sel_fpr_req"": ""179"", ""sel_fpr_bid"": ""+12300"", ""buy_fpr_bid"": ""+12290"", ""buy_fpr_req"": ""395"", ""buy_1th_pre_req_pre"": ""0"", ""buy_2th_pre_bid"": ""+12280"", ""buy_2th_pre_req"": ""943"", ""buy_2th_pre_req_pre"": ""0"", ""buy_3th_pre_bid"": ""+12250"", ""buy_3th_pre_req"": ""169"", ""buy_3th_pre_req_pre"": ""0"", ""buy_4th_pre_bid"": ""+12210"", ""buy_4th_pre_req"": ""150"", ""buy_4th_pre_req_pre"": ""0"", ""buy_5th_pre_bid"": ""+12200"", ""buy_5th_pre_req"": ""213"", ""buy_5th_pre_req_pre"": ""+5"", ""buy_6th_pre_bid"": ""+12180"", ""buy_6th_pre_req"": ""22"", ""buy_6th_pre_req_pre"": ""0"", ""buy_7th_pre_bid"": ""+12150"", ""buy_7th_pre_req"": ""143"", ""buy_7th_pre_req_pre"": ""0"", ""buy_8th_pre_bid"": ""+12140"", ""buy_8th_pre_req"": ""805"", ""buy_8th_pre_req_pre"": ""0"", ""buy_9th_pre_bid"": ""+12120"", ""buy_9th_pre_req"": ""125"", ""buy_9th_pre_req_pre"": ""0"", ""buy_10th_pre_bid"": ""+12110"", ""buy_10th_pre_req"": ""77"", ""buy_10th_pre_req_pre"": ""0"", ""tot_sel_req_jub_pre"": ""0"", ""tot_sel_req"": ""3025"", ""tot_buy_req"": ""3042"", ""tot_buy_req_jub_pre"": ""+5"", ""ovt_sel_req_pre"": ""0"", ""ovt_sel_req"": ""0"", ""ovt_buy_req"": ""0"", ""ovt_buy_req_pre"": ""0"", ""return_code"": 0, ""return_msg"": ""정상적으로 처리되었습니다""}"
2026-06-10,watchlist,014680,,0,filtered_candidate_recheck,262000,,262000,261000,262000,262000,-0.19083969465648853,0.38167938931297707,,,,,,"{""bid_req_base_tm"": ""101404"", ""sel_10th_pre_req_pre"": ""0"", ""sel_10th_pre_req"": ""16"", ""sel_10th_pre_bid"": ""+266500"", ""sel_9th_pre_req_pre"": ""0"", ""sel_9th_pre_req"": ""25"", ""sel_9th_pre_bid"": ""+266000"", ""sel_8th_pre_req_pre"": ""0"", ""sel_8th_pre_req"": ""59"", ""sel_8th_pre_bid"": ""+265500"", ""sel_7th_pre_req_pre"": ""0"", ""sel_7th_pre_req"": ""145"", ""sel_7th_pre_bid"": ""+265000"", ""sel_6th_pre_req_pre"": ""0"", ""sel_6th_pre_req"": ""37"", ""sel_6th_pre_bid"": ""+264500"", ""sel_5th_pre_req_pre"": ""0"", ""sel_5th_pre_req"": ""114"", ""sel_5th_pre_bid"": ""+264000"", ""sel_4th_pre_req_pre"": ""0"", ""sel_4th_pre_req"": ""57"", ""sel_4th_pre_bid"": ""+263500"", ""sel_3th_pre_req_pre"": ""0"", ""sel_3th_pre_req"": ""47"", ""sel_3th_pre_bid"": ""+263000"", ""sel_2th_pre_req_pre"": ""0"", ""sel_2th_pre_req"": ""38"", ""sel_2th_pre_bid"": ""+262500"", ""sel_1th_pre_req_pre"": ""+1"", ""sel_fpr_req"": ""33"", ""sel_fpr_bid"": ""+262000"", ""buy_fpr_bid"": ""+261000"", ""buy_fpr_req"": ""14"", ""buy_1th_pre_req_pre"": ""0"", ""buy_2th_pre_bid"": ""+260500"", ""buy_2th_pre_req"": ""32"", ""buy_2th_pre_req_pre"": ""0"", ""buy_3th_pre_bid"": ""+260000"", ""buy_3th_pre_req"": ""31"", ""buy_3th_pre_req_pre"": ""0"", ""buy_4th_pre_bid"": ""+259500"", ""buy_4th_pre_req"": ""119"", ""buy_4th_pre_req_pre"": ""0"", ""buy_5th_pre_bid"": ""+259000"", ""buy_5th_pre_req"": ""209"", ""buy_5th_pre_req_pre"": ""0"", ""buy_6th_pre_bid"": ""+258500"", ""buy_6th_pre_req"": ""102"", ""buy_6th_pre_req_pre"": ""0"", ""buy_7th_pre_bid"": ""+258000"", ""buy_7th_pre_req"": ""104"", ""buy_7th_pre_req_pre"": ""0"", ""buy_8th_pre_bid"": ""+257500"", ""buy_8th_pre_req"": ""132"", ""buy_8th_pre_req_pre"": ""0"", ""buy_9th_pre_bid"": ""+257000"", ""buy_9th_pre_req"": ""138"", ""buy_9th_pre_req_pre"": ""0"", ""buy_10th_pre_bid"": ""+256500"", ""buy_10th_pre_req"": ""3"", ""buy_10th_pre_req_pre"": ""0"", ""tot_sel_req_jub_pre"": ""+1"", ""tot_sel_req"": ""571"", ""tot_buy_req"": ""884"", ""tot_buy_req_jub_pre"": ""0"", ""ovt_sel_req_pre"": ""0"", ""ovt_sel_req"": ""0"", ""ovt_buy_req"": ""0"", ""ovt_buy_req_pre"": ""0"", ""return_code"": 0, ""return_msg"": ""정상적으로 처리되었습니다""}"
2026-06-10,watchlist,035420,,0,filtered_candidate_recheck,237000,,237000,236500,237000,238000,0.21097046413502107,0.21097046413502107,,,,,,"{""bid_req_base_tm"": ""101405"", ""sel_10th_pre_req_pre"": ""0"", ""sel_10th_pre_req"": ""2182"", ""sel_10th_pre_bid"": ""-241500"", ""sel_9th_pre_req_pre"": ""0"", ""sel_9th_pre_req"": ""2612"", ""sel_9th_pre_bid"": ""-241000"", ""sel_8th_pre_req_pre"": ""0"", ""sel_8th_pre_req"": ""2207"", ""sel_8th_pre_bid"": ""-240500"", ""sel_7th_pre_req_pre"": ""0"", ""sel_7th_pre_req"": ""3711"", ""sel_7th_pre_bid"": ""-240000"", ""sel_6th_pre_req_pre"": ""0"", ""sel_6th_pre_req"": ""2246"", ""sel_6th_pre_bid"": ""-239500"", ""sel_5th_pre_req_pre"": ""0"", ""sel_5th_pre_req"": ""2484"", ""sel_5th_pre_bid"": ""-239000"", ""sel_4th_pre_req_pre"": ""0"", ""sel_4th_pre_req"": ""3158"", ""sel_4th_pre_bid"": ""-238500"", ""sel_3th_pre_req_pre"": ""0"", ""sel_3th_pre_req"": ""3080"", ""sel_3th_pre_bid"": ""-238000"", ""sel_2th_pre_req_pre"": ""0"", ""sel_2th_pre_req"": ""2094"", ""sel_2th_pre_bid"": ""-237500"", ""sel_1th_pre_req_pre"": ""0"", ""sel_fpr_req"": ""570"", ""sel_fpr_bid"": ""-237000"", ""buy_fpr_bid"": ""-236500"", ""buy_fpr_req"": ""1384"", ""buy_1th_pre_req_pre"": ""+3"", ""buy_2th_pre_bid"": ""-236000"", ""buy_2th_pre_req"": ""5148"", ""buy_2th_pre_req_pre"": ""0"", ""buy_3th_pre_bid"": ""-235500"", ""buy_3th_pre_req"": ""9226"", ""buy_3th_pre_req_pre"": ""+10"", ""buy_4th_pre_bid"": ""-235000"", ""buy_4th_pre_req"": ""23387"", ""buy_4th_pre_req_pre"": ""0"", ""buy_5th_pre_bid"": ""-234500"", ""buy_5th_pre_req"": ""53278"", ""buy_5th_pre_req_pre"": ""0"", ""buy_6th_pre_bid"": ""-234000"", ""buy_6th_pre_req"": ""7876"", ""buy_6th_pre_req_pre"": ""0"", ""buy_7th_pre_bid"": ""-233500"", ""buy_7th_pre_req"": ""6330"", ""buy_7th_pre_req_pre"": ""0"", ""buy_8th_pre_bid"": ""-233000"", ""buy_8th_pre_req"": ""7579"", ""buy_8th_pre_req_pre"": ""0"", ""buy_9th_pre_bid"": ""-232500"", ""buy_9th_pre_req"": ""7896"", ""buy_9th_pre_req_pre"": ""0"", ""buy_10th_pre_bid"": ""-232000"", ""buy_10th_pre_req"": ""10387"", ""buy_10th_pre_req_pre"": ""0"", ""tot_sel_req_jub_pre"": ""0"", ""tot_sel_req"": ""24344"", ""tot_buy_req"": ""132491"", ""tot_buy_req_jub_pre"": ""+13"", ""ovt_sel_req_pre"": ""0"", ""ovt_sel_req"": ""0"", ""ovt_buy_req"": ""0"", ""ovt_buy_req_pre"": ""0"", ""return_code"": 0, ""return_msg"": ""정상적으로 처리되었습니다""}"
2026-06-10,watchlist,036570,,0,filtered_candidate_recheck,258000,,258000,257500,258000,259000,0.1937984496124031,0.1937984496124031,,,,,,"{""bid_req_base_tm"": ""101405"", ""sel_10th_pre_req_pre"": ""0"", ""sel_10th_pre_req"": ""18"", ""sel_10th_pre_bid"": ""-262500"", ""sel_9th_pre_req_pre"": ""0"", ""sel_9th_pre_req"": ""33"", ""sel_9th_pre_bid"": ""-262000"", ""sel_8th_pre_req_pre"": ""0"", ""sel_8th_pre_req"": ""14"", ""sel_8th_pre_bid"": ""-261500"", ""sel_7th_pre_req_pre"": ""0"", ""sel_7th_pre_req"": ""16"", ""sel_7th_pre_bid"": ""-261000"", ""sel_6th_pre_req_pre"": ""0"", ""sel_6th_pre_req"": ""8"", ""sel_6th_pre_bid"": ""-260500"", ""sel_5th_pre_req_pre"": ""0"", ""sel_5th_pre_req"": ""98"", ""sel_5th_pre_bid"": ""-260000"", ""sel_4th_pre_req_pre"": ""0"", ""sel_4th_pre_req"": ""33"", ""sel_4th_pre_bid"": ""-259500"", ""sel_3th_pre_req_pre"": ""0"", ""sel_3th_pre_req"": ""71"", ""sel_3th_pre_bid"": ""-259000"", ""sel_2th_pre_req_pre"": ""0"", ""sel_2th_pre_req"": ""17"", ""sel_2th_pre_bid"": ""-258500"", ""sel_1th_pre_req_pre"": ""0"", ""sel_fpr_req"": ""31"", ""sel_fpr_bid"": ""-258000"", ""buy_fpr_bid"": ""-257500"", ""buy_fpr_req"": ""87"", ""buy_1th_pre_req_pre"": ""0"", ""buy_2th_pre_bid"": ""-257000"", ""buy_2th_pre_req"": ""85"", ""buy_2th_pre_req_pre"": ""0"", ""buy_3th_pre_bid"": ""-256500"", ""buy_3th_pre_req"": ""38"", ""buy_3th_pre_req_pre"": ""0"", ""buy_4th_pre_bid"": ""-256000"", ""buy_4th_pre_req"": ""99"", ""buy_4th_pre_req_pre"": ""0"", ""buy_5th_pre_bid"": ""-255500"", ""buy_5th_pre_req"": ""62"", ""buy_5th_pre_req_pre"": ""0"", ""buy_6th_pre_bid"": ""-255000"", ""buy_6th_pre_req"": ""196"", ""buy_6th_pre_req_pre"": ""0"", ""buy_7th_pre_bid"": ""-254500"", ""buy_7th_pre_req"": ""318"", ""buy_7th_pre_req_pre"": ""+1"", ""buy_8th_pre_bid"": ""-254000"", ""buy_8th_pre_req"": ""300"", ""buy_8th_pre_req_pre"": ""0"", ""buy_9th_pre_bid"": ""-253500"", ""buy_9th_pre_req"": ""458"", ""buy_9th_pre_req_pre"": ""0"", ""buy_10th_pre_bid"": ""-253000"", ""buy_10th_pre_req"": ""720"", ""buy_10th_pre_req_pre"": ""0"", ""tot_sel_req_jub_pre"": ""0"", ""tot_sel_req"": ""339"", ""tot_buy_req"": ""2363"", ""tot_buy_req_jub_pre"": ""+1"", ""ovt_sel_req_pre"": ""0"", ""ovt_sel_req"": ""0"", ""ovt_buy_req"": ""0"", ""ovt_buy_req_pre"": ""0"", ""return_code"": 0, ""return_msg"": ""정상적으로 처리되었습니다""}"
2026-06-10,watchlist,005090,,0,filtered_candidate_recheck,51900,,51900,51800,51900,52100,0.1926782273603083,0.1926782273603083,,,,,,"{""bid_req_base_tm"": ""101402"", ""sel_10th_pre_req_pre"": ""0"", ""sel_10th_pre_req"": ""610"", ""sel_10th_pre_bid"": ""+53400"", ""sel_9th_pre_req_pre"": ""0"", ""sel_9th_pre_req"": ""67"", ""sel_9th_pre_bid"": ""+53100"", ""sel_8th_pre_req_pre"": ""0"", ""sel_8th_pre_req"": ""33"", ""sel_8th_pre_bid"": ""+53000"", ""sel_7th_pre_req_pre"": ""0"", ""sel_7th_pre_req"": ""52"", ""sel_7th_pre_bid"": ""+52900"", ""sel_6th_pre_req_pre"": ""0"", ""sel_6th_pre_req"": ""60"", ""sel_6th_pre_bid"": ""+52400"", ""sel_5th_pre_req_pre"": ""0"", ""sel_5th_pre_req"": ""3"", ""sel_5th_pre_bid"": ""+52300"", ""sel_4th_pre_req_pre"": ""0"", ""sel_4th_pre_req"": ""474"", ""sel_4th_pre_bid"": ""+52200"", ""sel_3th_pre_req_pre"": ""0"", ""sel_3th_pre_req"": ""6"", ""sel_3th_pre_bid"": ""+52100"", ""sel_2th_pre_req_pre"": ""0"", ""sel_2th_pre_req"": ""62"", ""sel_2th_pre_bid"": ""+52000"", ""sel_1th_pre_req_pre"": ""0"", ""sel_fpr_req"": ""17"", ""sel_fpr_bid"": ""+51900"", ""buy_fpr_bid"": ""+51800"", ""buy_fpr_req"": ""1"", ""buy_1th_pre_req_pre"": ""0"", ""buy_2th_pre_bid"": ""+51600"", ""buy_2th_pre_req"": ""10"", ""buy_2th_pre_req_pre"": ""0"", ""buy_3th_pre_bid"": ""+51500"", ""buy_3th_pre_req"": ""209"", ""buy_3th_pre_req_pre"": ""0"", ""buy_4th_pre_bid"": ""+51400"", ""buy_4th_pre_req"": ""2"", ""buy_4th_pre_req_pre"": ""0"", ""buy_5th_pre_bid"": ""+51300"", ""buy_5th_pre_req"": ""103"", ""buy_5th_pre_req_pre"": ""0"", ""buy_6th_pre_bid"": ""+51200"", ""buy_6th_pre_req"": ""74"", ""buy_6th_pre_req_pre"": ""0"", ""buy_7th_pre_bid"": ""+51100"", ""buy_7th_pre_req"": ""300"", ""buy_7th_pre_req_pre"": ""0"", ""buy_8th_pre_bid"": ""+51000"", ""buy_8th_pre_req"": ""198"", ""buy_8th_pre_req_pre"": ""0"", ""buy_9th_pre_bid"": ""+50900"", ""buy_9th_pre_req"": ""160"", ""buy_9th_pre_req_pre"": ""0"", ""buy_10th_pre_bid"": ""+50800"", ""buy_10th_pre_req"": ""533"", ""buy_10th_pre_req_pre"": ""0"", ""tot_sel_req_jub_pre"": ""0"", ""tot_sel_req"": ""1384"", ""tot_buy_req"": ""1590"", ""tot_buy_req_jub_pre"": ""--191"", ""ovt_sel_req_pre"": ""0"", ""ovt_sel_req"": ""0"", ""ovt_buy_req"": ""0"", ""ovt_buy_req_pre"": ""0"", ""return_code"": 0, ""return_msg"": ""정상적으로 처리되었습니다""}"
2026-06-10,watchlist,066570,,0,filtered_candidate_recheck,232500,,232500,232000,232500,233500,0.21505376344086022,0.21505376344086022,,,,,,"{""bid_req_base_tm"": ""101406"", ""sel_10th_pre_req_pre"": ""0"", ""sel_10th_pre_req"": ""3698"", ""sel_10th_pre_bid"": ""-237000"", ""sel_9th_pre_req_pre"": ""0"", ""sel_9th_pre_req"": ""1024"", ""sel_9th_pre_bid"": ""-236500"", ""sel_8th_pre_req_pre"": ""0"", ""sel_8th_pre_req"": ""2938"", ""sel_8th_pre_bid"": ""-236000"", ""sel_7th_pre_req_pre"": ""0"", ""sel_7th_pre_req"": ""2166"", ""sel_7th_pre_bid"": ""-235500"", ""sel_6th_pre_req_pre"": ""0"", ""sel_6th_pre_req"": ""3237"", ""sel_6th_pre_bid"": ""-235000"", ""sel_5th_pre_req_pre"": ""0"", ""sel_5th_pre_req"": ""1963"", ""sel_5th_pre_bid"": ""-234500"", ""sel_4th_pre_req_pre"": ""0"", ""sel_4th_pre_req"": ""1447"", ""sel_4th_pre_bid"": ""-234000"", ""sel_3th_pre_req_pre"": ""0"", ""sel_3th_pre_req"": ""1495"", ""sel_3th_pre_bid"": ""-233500"", ""sel_2th_pre_req_pre"": ""--1"", ""sel_2th_pre_req"": ""2811"", ""sel_2th_pre_bid"": ""-233000"", ""sel_1th_pre_req_pre"": ""0"", ""sel_fpr_req"": ""1735"", ""sel_fpr_bid"": ""-232500"", ""buy_fpr_bid"": ""-232000"", ""buy_fpr_req"": ""1654"", ""buy_1th_pre_req_pre"": ""0"", ""buy_2th_pre_bid"": ""-231500"", ""buy_2th_pre_req"": ""1324"", ""buy_2th_pre_req_pre"": ""0"", ""buy_3th_pre_bid"": ""-231000"", ""buy_3th_pre_req"": ""9952"", ""buy_3th_pre_req_pre"": ""0"", ""buy_4th_pre_bid"": ""-230500"", ""buy_4th_pre_req"": ""12673"", ""buy_4th_pre_req_pre"": ""0"", ""buy_5th_pre_bid"": ""-230000"", ""buy_5th_pre_req"": ""35803"", ""buy_5th_pre_req_pre"": ""0"", ""buy_6th_pre_bid"": ""-229500"", ""buy_6th_pre_req"": ""4377"", ""buy_6th_pre_req_pre"": ""0"", ""buy_7th_pre_bid"": ""-229000"", ""buy_7th_pre_req"": ""7478"", ""buy_7th_pre_req_pre"": ""0"", ""buy_8th_pre_bid"": ""-228500"", ""buy_8th_pre_req"": ""7882"", ""buy_8th_pre_req_pre"": ""0"", ""buy_9th_pre_bid"": ""-228000"", ""buy_9th_pre_req"": ""13276"", ""buy_9th_pre_req_pre"": ""0"", ""buy_10th_pre_bid"": ""-227500"", ""buy_10th_pre_req"": ""5183"", ""buy_10th_pre_req_pre"": ""0"", ""tot_sel_req_jub_pre"": ""--1"", ""tot_sel_req"": ""22514"", ""tot_buy_req"": ""99602"", ""tot_buy_req_jub_pre"": ""0"", ""ovt_sel_req_pre"": ""0"", ""ovt_sel_req"": ""0"", ""ovt_buy_req"": ""0"", ""ovt_buy_req_pre"": ""0"", ""return_code"": 0, ""return_msg"": ""정상적으로 처리되었습니다""}"
2026-06-10,watchlist,028670,,1,filtered_candidate_recheck,5050,,5050,5040,5050,5080,0.39603960396039606,0.19801980198019803,,,,,,"{""bid_req_base_tm"": ""101406"", ""sel_10th_pre_req_pre"": ""0"", ""sel_10th_pre_req"": ""331"", ""sel_10th_pre_bid"": ""-5140"", ""sel_9th_pre_req_pre"": ""0"", ""sel_9th_pre_req"": ""1648"", ""sel_9th_pre_bid"": ""-5130"", ""sel_8th_pre_req_pre"": ""0"", ""sel_8th_pre_req"": ""3359"", ""sel_8th_pre_bid"": ""-5120"", ""sel_7th_pre_req_pre"": ""0"", ""sel_7th_pre_req"": ""202"", ""sel_7th_pre_bid"": ""-5110"", ""sel_6th_pre_req_pre"": ""0"", ""sel_6th_pre_req"": ""111"", ""sel_6th_pre_bid"": ""-5100"", ""sel_5th_pre_req_pre"": ""0"", ""sel_5th_pre_req"": ""953"", ""sel_5th_pre_bid"": ""-5090"", ""sel_4th_pre_req_pre"": ""0"", ""sel_4th_pre_req"": ""3459"", ""sel_4th_pre_bid"": ""-5080"", ""sel_3th_pre_req_pre"": ""0"", ""sel_3th_pre_req"": ""2901"", ""sel_3th_pre_bid"": ""-5070"", ""sel_2th_pre_req_pre"": ""0"", ""sel_2th_pre_req"": ""1831"", ""sel_2th_pre_bid"": ""-5060"", ""sel_1th_pre_req_pre"": ""0"", ""sel_fpr_req"": ""3674"", ""sel_fpr_bid"": ""-5050"", ""buy_fpr_bid"": ""-5040"", ""buy_fpr_req"": ""10158"", ""buy_1th_pre_req_pre"": ""+101"", ""buy_2th_pre_bid"": ""-5030"", ""buy_2th_pre_req"": ""5036"", ""buy_2th_pre_req_pre"": ""0"", ""buy_3th_pre_bid"": ""-5020"", ""buy_3th_pre_req"": ""8376"", ""buy_3th_pre_req_pre"": ""0"", ""buy_4th_pre_bid"": ""-5010"", ""buy_4th_pre_req"": ""4035"", ""buy_4th_pre_req_pre"": ""0"", ""buy_5th_pre_bid"": ""-5000"", ""buy_5th_pre_req"": ""15558"", ""buy_5th_pre_req_pre"": ""0"", ""buy_6th_pre_bid"": ""-4995"", ""buy_6th_pre_req"": ""1744"", ""buy_6th_pre_req_pre"": ""0"", ""buy_7th_pre_bid"": ""-4990"", ""buy_7th_pre_req"": ""2795"", ""buy_7th_pre_req_pre"": ""0"", ""buy_8th_pre_bid"": ""-4985"", ""buy_8th_pre_req"": ""2453"", ""buy_8th_pre_req_pre"": ""0"", ""buy_9th_pre_bid"": ""-4980"", ""buy_9th_pre_req"": ""5335"", ""buy_9th_pre_req_pre"": ""0"", ""buy_10th_pre_bid"": ""-4975"", ""buy_10th_pre_req"": ""290"", ""buy_10th_pre_req_pre"": ""0"", ""tot_sel_req_jub_pre"": ""0"", ""tot_sel_req"": ""18469"", ""tot_buy_req"": ""55780"", ""tot_buy_req_jub_pre"": ""+101"", ""ovt_sel_req_pre"": ""0"", ""ovt_sel_req"": ""0"", ""ovt_buy_req"": ""0"", ""ovt_buy_req_pre"": ""0"", ""return_code"": 0, ""return_msg"": ""정상적으로 처리되었습니다""}"
2026-06-10,watchlist,004990,,0,filtered_candidate_recheck,25650,,25650,25600,25650,25650,-0.1949317738791423,0.1949317738791423,,,,,,"{""bid_req_base_tm"": ""101405"", ""sel_10th_pre_req_pre"": ""0"", ""sel_10th_pre_req"": ""119"", ""sel_10th_pre_bid"": ""26150"", ""sel_9th_pre_req_pre"": ""0"", ""sel_9th_pre_req"": ""3602"", ""sel_9th_pre_bid"": ""-26100"", ""sel_8th_pre_req_pre"": ""0"", ""sel_8th_pre_req"": ""91"", ""sel_8th_pre_bid"": ""-26050"", ""sel_7th_pre_req_pre"": ""0"", ""sel_7th_pre_req"": ""3"", ""sel_7th_pre_bid"": ""-26000"", ""sel_6th_pre_req_pre"": ""0"", ""sel_6th_pre_req"": ""16"", ""sel_6th_pre_bid"": ""-25950"", ""sel_5th_pre_req_pre"": ""0"", ""sel_5th_pre_req"": ""250"", ""sel_5th_pre_bid"": ""-25900"", ""sel_4th_pre_req_pre"": ""0"", ""sel_4th_pre_req"": ""250"", ""sel_4th_pre_bid"": ""-25850"", ""sel_3th_pre_req_pre"": ""0"", ""sel_3th_pre_req"": ""465"", ""sel_3th_pre_bid"": ""-25750"", ""sel_2th_pre_req_pre"": ""0"", ""sel_2th_pre_req"": ""5"", ""sel_2th_pre_bid"": ""-25700"", ""sel_1th_pre_req_pre"": ""0"", ""sel_fpr_req"": ""392"", ""sel_fpr_bid"": ""-25650"", ""buy_fpr_bid"": ""-25600"", ""buy_fpr_req"": ""188"", ""buy_1th_pre_req_pre"": ""0"", ""buy_2th_pre_bid"": ""-25550"", ""buy_2th_pre_req"": ""66"", ""buy_2th_pre_req_pre"": ""0"", ""buy_3th_pre_bid"": ""-25500"", ""buy_3th_pre_req"": ""335"", ""buy_3th_pre_req_pre"": ""0"", ""buy_4th_pre_bid"": ""-25450"", ""buy_4th_pre_req"": ""543"", ""buy_4th_pre_req_pre"": ""0"", ""buy_5th_pre_bid"": ""-25400"", ""buy_5th_pre_req"": ""699"", ""buy_5th_pre_req_pre"": ""0"", ""buy_6th_pre_bid"": ""-25350"", ""buy_6th_pre_req"": ""392"", ""buy_6th_pre_req_pre"": ""0"", ""buy_7th_pre_bid"": ""-25300"", ""buy_7th_pre_req"": ""1026"", ""buy_7th_pre_req_pre"": ""0"", ""buy_8th_pre_bid"": ""-25250"", ""buy_8th_pre_req"": ""880"", ""buy_8th_pre_req_pre"": ""0"", ""buy_9th_pre_bid"": ""-25200"", ""buy_9th_pre_req"": ""4208"", ""buy_9th_pre_req_pre"": ""+1"", ""buy_10th_pre_bid"": ""-25150"", ""buy_10th_pre_req"": ""1595"", ""buy_10th_pre_req_pre"": ""0"", ""tot_sel_req_jub_pre"": ""0"", ""tot_sel_req"": ""5193"", ""tot_buy_req"": ""9932"", ""tot_buy_req_jub_pre"": ""+1"", ""ovt_sel_req_pre"": ""0"", ""ovt_sel_req"": ""0"", ""ovt_buy_req"": ""0"", ""ovt_buy_req_pre"": ""0"", ""return_code"": 0, ""return_msg"": ""정상적으로 처리되었습니다""}"
2026-06-10,watchlist,081660,,0,filtered_candidate_recheck,40250,,40250,40200,40250,40300,0.0,0.12422360248447205,,,,,,"{""bid_req_base_tm"": ""101406"", ""sel_10th_pre_req_pre"": ""0"", ""sel_10th_pre_req"": ""90"", ""sel_10th_pre_bid"": ""+40700"", ""sel_9th_pre_req_pre"": ""0"", ""sel_9th_pre_req"": ""50"", ""sel_9th_pre_bid"": ""+40650"", ""sel_8th_pre_req_pre"": ""0"", ""sel_8th_pre_req"": ""75"", ""sel_8th_pre_bid"": ""+40600"", ""sel_7th_pre_req_pre"": ""0"", ""sel_7th_pre_req"": ""126"", ""sel_7th_pre_bid"": ""+40550"", ""sel_6th_pre_req_pre"": ""0"", ""sel_6th_pre_req"": ""268"", ""sel_6th_pre_bid"": ""+40500"", ""sel_5th_pre_req_pre"": ""0"", ""sel_5th_pre_req"": ""70"", ""sel_5th_pre_bid"": ""+40450"", ""sel_4th_pre_req_pre"": ""0"", ""sel_4th_pre_req"": ""101"", ""sel_4th_pre_bid"": ""+40400"", ""sel_3th_pre_req_pre"": ""0"", ""sel_3th_pre_req"": ""95"", ""sel_3th_pre_bid"": ""+40350"", ""sel_2th_pre_req_pre"": ""0"", ""sel_2th_pre_req"": ""188"", ""sel_2th_pre_bid"": ""+40300"", ""sel_1th_pre_req_pre"": ""--7"", ""sel_fpr_req"": ""266"", ""sel_fpr_bid"": ""+40250"", ""buy_fpr_bid"": ""+40200"", ""buy_fpr_req"": ""257"", ""buy_1th_pre_req_pre"": ""+13"", ""buy_2th_pre_bid"": ""+40150"", ""buy_2th_pre_req"": ""56"", ""buy_2th_pre_req_pre"": ""0"", ""buy_3th_pre_bid"": ""+40050"", ""buy_3th_pre_req"": ""213"", ""buy_3th_pre_req_pre"": ""0"", ""buy_4th_pre_bid"": ""+40000"", ""buy_4th_pre_req"": ""757"", ""buy_4th_pre_req_pre"": ""0"", ""buy_5th_pre_bid"": ""+39950"", ""buy_5th_pre_req"": ""539"", ""buy_5th_pre_req_pre"": ""0"", ""buy_6th_pre_bid"": ""+39900"", ""buy_6th_pre_req"": ""21"", ""buy_6th_pre_req_pre"": ""0"", ""buy_7th_pre_bid"": ""+39850"", ""buy_7th_pre_req"": ""91"", ""buy_7th_pre_req_pre"": ""0"", ""buy_8th_pre_bid"": ""+39800"", ""buy_8th_pre_req"": ""40"", ""buy_8th_pre_req_pre"": ""0"", ""buy_9th_pre_bid"": ""+39750"", ""buy_9th_pre_req"": ""40"", ""buy_9th_pre_req_pre"": ""0"", ""buy_10th_pre_bid"": ""39700"", ""buy_10th_pre_req"": ""62"", ""buy_10th_pre_req_pre"": ""0"", ""tot_sel_req_jub_pre"": ""--7"", ""tot_sel_req"": ""1329"", ""tot_buy_req"": ""2076"", ""tot_buy_req_jub_pre"": ""+13"", ""ovt_sel_req_pre"": ""0"", ""ovt_sel_req"": ""0"", ""ovt_buy_req"": ""0"", ""ovt_buy_req_pre"": ""0"", ""return_code"": 0, ""return_msg"": ""정상적으로 처리되었습니다""}"
2026-06-10,watchlist,008770,,0,filtered_candidate_recheck,54200,,54200,54100,54200,54200,-0.18450184501845018,0.18450184501845018,,,,,,"{""bid_req_base_tm"": ""101406"", ""sel_10th_pre_req_pre"": ""0"", ""sel_10th_pre_req"": ""112"", ""sel_10th_pre_bid"": ""-55100"", ""sel_9th_pre_req_pre"": ""0"", ""sel_9th_pre_req"": ""431"", ""sel_9th_pre_bid"": ""-55000"", ""sel_8th_pre_req_pre"": ""0"", ""sel_8th_pre_req"": ""312"", ""sel_8th_pre_bid"": ""-54900"", ""sel_7th_pre_req_pre"": ""0"", ""sel_7th_pre_req"": ""189"", ""sel_7th_pre_bid"": ""-54800"", ""sel_6th_pre_req_pre"": ""0"", ""sel_6th_pre_req"": ""34"", ""sel_6th_pre_bid"": ""-54700"", ""sel_5th_pre_req_pre"": ""0"", ""sel_5th_pre_req"": ""132"", ""sel_5th_pre_bid"": ""-54600"", ""sel_4th_pre_req_pre"": ""0"", ""sel_4th_pre_req"": ""85"", ""sel_4th_pre_bid"": ""-54500"", ""sel_3th_pre_req_pre"": ""0"", ""sel_3th_pre_req"": ""115"", ""sel_3th_pre_bid"": ""-54400"", ""sel_2th_pre_req_pre"": ""0"", ""sel_2th_pre_req"": ""26"", ""sel_2th_pre_bid"": ""-54300"", ""sel_1th_pre_req_pre"": ""0"", ""sel_fpr_req"": ""116"", ""sel_fpr_bid"": ""-54200"", ""buy_fpr_bid"": ""-54100"", ""buy_fpr_req"": ""81"", ""buy_1th_pre_req_pre"": ""+10"", ""buy_2th_pre_bid"": ""-54000"", ""buy_2th_pre_req"": ""98"", ""buy_2th_pre_req_pre"": ""0"", ""buy_3th_pre_bid"": ""-53900"", ""buy_3th_pre_req"": ""242"", ""buy_3th_pre_req_pre"": ""0"", ""buy_4th_pre_bid"": ""-53800"", ""buy_4th_pre_req"": ""161"", ""buy_4th_pre_req_pre"": ""0"", ""buy_5th_pre_bid"": ""-53700"", ""buy_5th_pre_req"": ""421"", ""buy_5th_pre_req_pre"": ""0"", ""buy_6th_pre_bid"": ""-53600"", ""buy_6th_pre_req"": ""142"", ""buy_6th_pre_req_pre"": ""0"", ""buy_7th_pre_bid"": ""-53500"", ""buy_7th_pre_req"": ""57"", ""buy_7th_pre_req_pre"": ""0"", ""buy_8th_pre_bid"": ""-53400"", ""buy_8th_pre_req"": ""226"", ""buy_8th_pre_req_pre"": ""0"", ""buy_9th_pre_bid"": ""-53300"", ""buy_9th_pre_req"": ""598"", ""buy_9th_pre_req_pre"": ""0"", ""buy_10th_pre_bid"": ""-53200"", ""buy_10th_pre_req"": ""417"", ""buy_10th_pre_req_pre"": ""0"", ""tot_sel_req_jub_pre"": ""0"", ""tot_sel_req"": ""1552"", ""tot_buy_req"": ""2443"", ""tot_buy_req_jub_pre"": ""+10"", ""ovt_sel_req_pre"": ""0"", ""ovt_sel_req"": ""0"", ""ovt_buy_req"": ""0"", ""ovt_buy_req_pre"": ""0"", ""return_code"": 0, ""return_msg"": ""정상적으로 처리되었습니다""}"
2026-06-10,watchlist,012330,,0,filtered_candidate_recheck,581000,,581000,580000,581000,582000,0.0,0.17211703958691912,,,,,,"{""bid_req_base_tm"": ""101407"", ""sel_10th_pre_req_pre"": ""0"", ""sel_10th_pre_req"": ""851"", ""sel_10th_pre_bid"": ""-590000"", ""sel_9th_pre_req_pre"": ""0"", ""sel_9th_pre_req"": ""236"", ""sel_9th_pre_bid"": ""-589000"", ""sel_8th_pre_req_pre"": ""0"", ""sel_8th_pre_req"": ""314"", ""sel_8th_pre_bid"": ""-588000"", ""sel_7th_pre_req_pre"": ""0"", ""sel_7th_pre_req"": ""76"", ""sel_7th_pre_bid"": ""-587000"", ""sel_6th_pre_req_pre"": ""0"", ""sel_6th_pre_req"": ""233"", ""sel_6th_pre_bid"": ""-586000"", ""sel_5th_pre_req_pre"": ""0"", ""sel_5th_pre_req"": ""325"", ""sel_5th_pre_bid"": ""-585000"", ""sel_4th_pre_req_pre"": ""0"", ""sel_4th_pre_req"": ""87"", ""sel_4th_pre_bid"": ""-584000"", ""sel_3th_pre_req_pre"": ""--19"", ""sel_3th_pre_req"": ""425"", ""sel_3th_pre_bid"": ""-583000"", ""sel_2th_pre_req_pre"": ""0"", ""sel_2th_pre_req"": ""26"", ""sel_2th_pre_bid"": ""-582000"", ""sel_1th_pre_req_pre"": ""0"", ""sel_fpr_req"": ""254"", ""sel_fpr_bid"": ""-581000"", ""buy_fpr_bid"": ""-580000"", ""buy_fpr_req"": ""613"", ""buy_1th_pre_req_pre"": ""+3"", ""buy_2th_pre_bid"": ""-579000"", ""buy_2th_pre_req"": ""333"", ""buy_2th_pre_req_pre"": ""0"", ""buy_3th_pre_bid"": ""-578000"", ""buy_3th_pre_req"": ""301"", ""buy_3th_pre_req_pre"": ""0"", ""buy_4th_pre_bid"": ""-577000"", ""buy_4th_pre_req"": ""319"", ""buy_4th_pre_req_pre"": ""0"", ""buy_5th_pre_bid"": ""-576000"", ""buy_5th_pre_req"": ""438"", ""buy_5th_pre_req_pre"": ""0"", ""buy_6th_pre_bid"": ""-575000"", ""buy_6th_pre_req"": ""1133"", ""buy_6th_pre_req_pre"": ""0"", ""buy_7th_pre_bid"": ""-574000"", ""buy_7th_pre_req"": ""543"", ""buy_7th_pre_req_pre"": ""0"", ""buy_8th_pre_bid"": ""-573000"", ""buy_8th_pre_req"": ""990"", ""buy_8th_pre_req_pre"": ""0"", ""buy_9th_pre_bid"": ""-572000"", ""buy_9th_pre_req"": ""1474"", ""buy_9th_pre_req_pre"": ""0"", ""buy_10th_pre_bid"": ""-571000"", ""buy_10th_pre_req"": ""1721"", ""buy_10th_pre_req_pre"": ""0"", ""tot_sel_req_jub_pre"": ""--19"", ""tot_sel_req"": ""2827"", ""tot_buy_req"": ""7865"", ""tot_buy_req_jub_pre"": ""+3"", ""ovt_sel_req_pre"": ""0"", ""ovt_sel_req"": ""0"", ""ovt_buy_req"": ""0"", ""ovt_buy_req_pre"": ""0"", ""return_code"": 0, ""return_msg"": ""정상적으로 처리되었습니다""}"
2026-06-10,watchlist,009155,,0,filtered_candidate_recheck,605000,,605000,604000,605000,607000,0.1652892561983471,0.1652892561983471,,,,,,"{""bid_req_base_tm"": ""101407"", ""sel_10th_pre_req_pre"": ""0"", ""sel_10th_pre_req"": ""33"", ""sel_10th_pre_bid"": ""-614000"", ""sel_9th_pre_req_pre"": ""0"", ""sel_9th_pre_req"": ""49"", ""sel_9th_pre_bid"": ""-613000"", ""sel_8th_pre_req_pre"": ""0"", ""sel_8th_pre_req"": ""72"", ""sel_8th_pre_bid"": ""-612000"", ""sel_7th_pre_req_pre"": ""0"", ""sel_7th_pre_req"": ""11"", ""sel_7th_pre_bid"": ""-611000"", ""sel_6th_pre_req_pre"": ""0"", ""sel_6th_pre_req"": ""47"", ""sel_6th_pre_bid"": ""-610000"", ""sel_5th_pre_req_pre"": ""0"", ""sel_5th_pre_req"": ""15"", ""sel_5th_pre_bid"": ""-609000"", ""sel_4th_pre_req_pre"": ""0"", ""sel_4th_pre_req"": ""16"", ""sel_4th_pre_bid"": ""-608000"", ""sel_3th_pre_req_pre"": ""0"", ""sel_3th_pre_req"": ""19"", ""sel_3th_pre_bid"": ""-607000"", ""sel_2th_pre_req_pre"": ""0"", ""sel_2th_pre_req"": ""5"", ""sel_2th_pre_bid"": ""-606000"", ""sel_1th_pre_req_pre"": ""--5"", ""sel_fpr_req"": ""33"", ""sel_fpr_bid"": ""-605000"", ""buy_fpr_bid"": ""-604000"", ""buy_fpr_req"": ""12"", ""buy_1th_pre_req_pre"": ""+10"", ""buy_2th_pre_bid"": ""-603000"", ""buy_2th_pre_req"": ""14"", ""buy_2th_pre_req_pre"": ""0"", ""buy_3th_pre_bid"": ""-602000"", ""buy_3th_pre_req"": ""63"", ""buy_3th_pre_req_pre"": ""0"", ""buy_4th_pre_bid"": ""-601000"", ""buy_4th_pre_req"": ""47"", ""buy_4th_pre_req_pre"": ""0"", ""buy_5th_pre_bid"": ""-600000"", ""buy_5th_pre_req"": ""360"", ""buy_5th_pre_req_pre"": ""0"", ""buy_6th_pre_bid"": ""-599000"", ""buy_6th_pre_req"": ""179"", ""buy_6th_pre_req_pre"": ""0"", ""buy_7th_pre_bid"": ""-598000"", ""buy_7th_pre_req"": ""82"", ""buy_7th_pre_req_pre"": ""0"", ""buy_8th_pre_bid"": ""-597000"", ""buy_8th_pre_req"": ""111"", ""buy_8th_pre_req_pre"": ""0"", ""buy_9th_pre_bid"": ""-596000"", ""buy_9th_pre_req"": ""58"", ""buy_9th_pre_req_pre"": ""0"", ""buy_10th_pre_bid"": ""-595000"", ""buy_10th_pre_req"": ""218"", ""buy_10th_pre_req_pre"": ""0"", ""tot_sel_req_jub_pre"": ""--5"", ""tot_sel_req"": ""300"", ""tot_buy_req"": ""1144"", ""tot_buy_req_jub_pre"": ""+10"", ""ovt_sel_req_pre"": ""0"", ""ovt_sel_req"": ""0"", ""ovt_buy_req"": ""0"", ""ovt_buy_req_pre"": ""0"", ""return_code"": 0, ""return_msg"": ""정상적으로 처리되었습니다""}"
2026-06-10,watchlist,181710,,1,filtered_candidate_recheck,40200,,40200,40150,40200,40350,0.24875621890547264,0.12437810945273632,,,,,,"{""bid_req_base_tm"": ""101407"", ""sel_10th_pre_req_pre"": ""0"", ""sel_10th_pre_req"": ""24"", ""sel_10th_pre_bid"": ""-40700"", ""sel_9th_pre_req_pre"": ""0"", ""sel_9th_pre_req"": ""11"", ""sel_9th_pre_bid"": ""-40650"", ""sel_8th_pre_req_pre"": ""0"", ""sel_8th_pre_req"": ""2"", ""sel_8th_pre_bid"": ""-40550"", ""sel_7th_pre_req_pre"": ""0"", ""sel_7th_pre_req"": ""821"", ""sel_7th_pre_bid"": ""-40500"", ""sel_6th_pre_req_pre"": ""0"", ""sel_6th_pre_req"": ""199"", ""sel_6th_pre_bid"": ""-40450"", ""sel_5th_pre_req_pre"": ""0"", ""sel_5th_pre_req"": ""4"", ""sel_5th_pre_bid"": ""-40400"", ""sel_4th_pre_req_pre"": ""0"", ""sel_4th_pre_req"": ""89"", ""sel_4th_pre_bid"": ""-40350"", ""sel_3th_pre_req_pre"": ""0"", ""sel_3th_pre_req"": ""61"", ""sel_3th_pre_bid"": ""-40300"", ""sel_2th_pre_req_pre"": ""0"", ""sel_2th_pre_req"": ""1440"", ""sel_2th_pre_bid"": ""-40250"", ""sel_1th_pre_req_pre"": ""0"", ""sel_fpr_req"": ""32"", ""sel_fpr_bid"": ""-40200"", ""buy_fpr_bid"": ""-40150"", ""buy_fpr_req"": ""136"", ""buy_1th_pre_req_pre"": ""0"", ""buy_2th_pre_bid"": ""-40100"", ""buy_2th_pre_req"": ""786"", ""buy_2th_pre_req_pre"": ""0"", ""buy_3th_pre_bid"": ""-40050"", ""buy_3th_pre_req"": ""1115"", ""buy_3th_pre_req_pre"": ""0"", ""buy_4th_pre_bid"": ""-40000"", ""buy_4th_pre_req"": ""979"", ""buy_4th_pre_req_pre"": ""0"", ""buy_5th_pre_bid"": ""-39950"", ""buy_5th_pre_req"": ""62"", ""buy_5th_pre_req_pre"": ""0"", ""buy_6th_pre_bid"": ""-39900"", ""buy_6th_pre_req"": ""424"", ""buy_6th_pre_req_pre"": ""0"", ""buy_7th_pre_bid"": ""-39850"", ""buy_7th_pre_req"": ""30"", ""buy_7th_pre_req_pre"": ""0"", ""buy_8th_pre_bid"": ""-39800"", ""buy_8th_pre_req"": ""514"", ""buy_8th_pre_req_pre"": ""+100"", ""buy_9th_pre_bid"": ""-39750"", ""buy_9th_pre_req"": ""23"", ""buy_9th_pre_req_pre"": ""0"", ""buy_10th_pre_bid"": ""-39700"", ""buy_10th_pre_req"": ""672"", ""buy_10th_pre_req_pre"": ""0"", ""tot_sel_req_jub_pre"": ""0"", ""tot_sel_req"": ""2683"", ""tot_buy_req"": ""4741"", ""tot_buy_req_jub_pre"": ""+100"", ""ovt_sel_req_pre"": ""0"", ""ovt_sel_req"": ""0"", ""ovt_buy_req"": ""0"", ""ovt_buy_req_pre"": ""0"", ""return_code"": 0, ""return_msg"": ""정상적으로 처리되었습니다""}"
2026-06-10,watchlist,085620,,0,filtered_candidate_recheck,22400,,22400,22350,22400,22300,-0.6696428571428571,0.2232142857142857,,,,,,"{""bid_req_base_tm"": ""101407"", ""sel_10th_pre_req_pre"": ""0"", ""sel_10th_pre_req"": ""2042"", ""sel_10th_pre_bid"": ""-22850"", ""sel_9th_pre_req_pre"": ""0"", ""sel_9th_pre_req"": ""2701"", ""sel_9th_pre_bid"": ""-22800"", ""sel_8th_pre_req_pre"": ""0"", ""sel_8th_pre_req"": ""264"", ""sel_8th_pre_bid"": ""-22750"", ""sel_7th_pre_req_pre"": ""0"", ""sel_7th_pre_req"": ""1810"", ""sel_7th_pre_bid"": ""-22700"", ""sel_6th_pre_req_pre"": ""0"", ""sel_6th_pre_req"": ""482"", ""sel_6th_pre_bid"": ""-22650"", ""sel_5th_pre_req_pre"": ""0"", ""sel_5th_pre_req"": ""11037"", ""sel_5th_pre_bid"": ""-22600"", ""sel_4th_pre_req_pre"": ""0"", ""sel_4th_pre_req"": ""687"", ""sel_4th_pre_bid"": ""-22550"", ""sel_3th_pre_req_pre"": ""0"", ""sel_3th_pre_req"": ""166"", ""sel_3th_pre_bid"": ""-22500"", ""sel_2th_pre_req_pre"": ""0"", ""sel_2th_pre_req"": ""545"", ""sel_2th_pre_bid"": ""-22450"", ""sel_1th_pre_req_pre"": ""0"", ""sel_fpr_req"": ""928"", ""sel_fpr_bid"": ""-22400"", ""buy_fpr_bid"": ""-22350"", ""buy_fpr_req"": ""713"", ""buy_1th_pre_req_pre"": ""--3"", ""buy_2th_pre_bid"": ""-22300"", ""buy_2th_pre_req"": ""1260"", ""buy_2th_pre_req_pre"": ""0"", ""buy_3th_pre_bid"": ""-22250"", ""buy_3th_pre_req"": ""979"", ""buy_3th_pre_req_pre"": ""0"", ""buy_4th_pre_bid"": ""-22200"", ""buy_4th_pre_req"": ""1580"", ""buy_4th_pre_req_pre"": ""0"", ""buy_5th_pre_bid"": ""-22150"", ""buy_5th_pre_req"": ""506"", ""buy_5th_pre_req_pre"": ""0"", ""buy_6th_pre_bid"": ""-22100"", ""buy_6th_pre_req"": ""2266"", ""buy_6th_pre_req_pre"": ""0"", ""buy_7th_pre_bid"": ""-22050"", ""buy_7th_pre_req"": ""3022"", ""buy_7th_pre_req_pre"": ""0"", ""buy_8th_pre_bid"": ""-22000"", ""buy_8th_pre_req"": ""2269"", ""buy_8th_pre_req_pre"": ""0"", ""buy_9th_pre_bid"": ""-21950"", ""buy_9th_pre_req"": ""1368"", ""buy_9th_pre_req_pre"": ""0"", ""buy_10th_pre_bid"": ""-21900"", ""buy_10th_pre_req"": ""1469"", ""buy_10th_pre_req_pre"": ""0"", ""tot_sel_req_jub_pre"": ""0"", ""tot_sel_req"": ""20662"", ""tot_buy_req"": ""15432"", ""tot_buy_req_jub_pre"": ""--3"", ""ovt_sel_req_pre"": ""0"", ""ovt_sel_req"": ""0"", ""ovt_buy_req"": ""0"", ""ovt_buy_req_pre"": ""0"", ""return_code"": 0, ""return_msg"": ""정상적으로 처리되었습니다""}"
2026-06-10,watchlist,062040,,0,filtered_candidate_recheck,231500,,231500,231000,231500,229500,-1.079913606911447,0.21598272138228944,,,,,,"{""bid_req_base_tm"": ""101408"", ""sel_10th_pre_req_pre"": ""0"", ""sel_10th_pre_req"": ""333"", ""sel_10th_pre_bid"": ""+236000"", ""sel_9th_pre_req_pre"": ""0"", ""sel_9th_pre_req"": ""405"", ""sel_9th_pre_bid"": ""+235500"", ""sel_8th_pre_req_pre"": ""0"", ""sel_8th_pre_req"": ""1250"", ""sel_8th_pre_bid"": ""+235000"", ""sel_7th_pre_req_pre"": ""0"", ""sel_7th_pre_req"": ""614"", ""sel_7th_pre_bid"": ""+234500"", ""sel_6th_pre_req_pre"": ""0"", ""sel_6th_pre_req"": ""351"", ""sel_6th_pre_bid"": ""+234000"", ""sel_5th_pre_req_pre"": ""0"", ""sel_5th_pre_req"": ""491"", ""sel_5th_pre_bid"": ""+233500"", ""sel_4th_pre_req_pre"": ""0"", ""sel_4th_pre_req"": ""1399"", ""sel_4th_pre_bid"": ""+233000"", ""sel_3th_pre_req_pre"": ""0"", ""sel_3th_pre_req"": ""486"", ""sel_3th_pre_bid"": ""+232500"", ""sel_2th_pre_req_pre"": ""0"", ""sel_2th_pre_req"": ""91"", ""sel_2th_pre_bid"": ""+232000"", ""sel_1th_pre_req_pre"": ""--1"", ""sel_fpr_req"": ""7"", ""sel_fpr_bid"": ""+231500"", ""buy_fpr_bid"": ""+231000"", ""buy_fpr_req"": ""37"", ""buy_1th_pre_req_pre"": ""0"", ""buy_2th_pre_bid"": ""+230500"", ""buy_2th_pre_req"": ""7"", ""buy_2th_pre_req_pre"": ""0"", ""buy_3th_pre_bid"": ""+230000"", ""buy_3th_pre_req"": ""98"", ""buy_3th_pre_req_pre"": ""0"", ""buy_4th_pre_bid"": ""+229500"", ""buy_4th_pre_req"": ""42"", ""buy_4th_pre_req_pre"": ""0"", ""buy_5th_pre_bid"": ""+229000"", ""buy_5th_pre_req"": ""46"", ""buy_5th_pre_req_pre"": ""0"", ""buy_6th_pre_bid"": ""+228500"", ""buy_6th_pre_req"": ""98"", ""buy_6th_pre_req_pre"": ""0"", ""buy_7th_pre_bid"": ""+228000"", ""buy_7th_pre_req"": ""130"", ""buy_7th_pre_req_pre"": ""0"", ""buy_8th_pre_bid"": ""+227500"", ""buy_8th_pre_req"": ""115"", ""buy_8th_pre_req_pre"": ""0"", ""buy_9th_pre_bid"": ""+227000"", ""buy_9th_pre_req"": ""148"", ""buy_9th_pre_req_pre"": ""0"", ""buy_10th_pre_bid"": ""+226500"", ""buy_10th_pre_req"": ""16"", ""buy_10th_pre_req_pre"": ""0"", ""tot_sel_req_jub_pre"": ""--1"", ""tot_sel_req"": ""5427"", ""tot_buy_req"": ""737"", ""tot_buy_req_jub_pre"": ""0"", ""ovt_sel_req_pre"": ""0"", ""ovt_sel_req"": ""0"", ""ovt_buy_req"": ""0"", ""ovt_buy_req_pre"": ""0"", ""return_code"": 0, ""return_msg"": ""정상적으로 처리되었습니다""}"
2026-06-10,watchlist,036460,,0,filtered_candidate_recheck,34350,,34350,34300,34350,34400,0.0,0.1455604075691412,,,,,,"{""bid_req_base_tm"": ""101407"", ""sel_10th_pre_req_pre"": ""0"", ""sel_10th_pre_req"": ""21"", ""sel_10th_pre_bid"": ""+34800"", ""sel_9th_pre_req_pre"": ""0"", ""sel_9th_pre_req"": ""611"", ""sel_9th_pre_bid"": ""+34750"", ""sel_8th_pre_req_pre"": ""0"", ""sel_8th_pre_req"": ""75"", ""sel_8th_pre_bid"": ""+34700"", ""sel_7th_pre_req_pre"": ""0"", ""sel_7th_pre_req"": ""271"", ""sel_7th_pre_bid"": ""+34650"", ""sel_6th_pre_req_pre"": ""0"", ""sel_6th_pre_req"": ""638"", ""sel_6th_pre_bid"": ""+34600"", ""sel_5th_pre_req_pre"": ""0"", ""sel_5th_pre_req"": ""256"", ""sel_5th_pre_bid"": ""+34550"", ""sel_4th_pre_req_pre"": ""0"", ""sel_4th_pre_req"": ""712"", ""sel_4th_pre_bid"": ""+34500"", ""sel_3th_pre_req_pre"": ""0"", ""sel_3th_pre_req"": ""472"", ""sel_3th_pre_bid"": ""+34450"", ""sel_2th_pre_req_pre"": ""0"", ""sel_2th_pre_req"": ""1398"", ""sel_2th_pre_bid"": ""+34400"", ""sel_1th_pre_req_pre"": ""0"", ""sel_fpr_req"": ""557"", ""sel_fpr_bid"": ""+34350"", ""buy_fpr_bid"": ""+34300"", ""buy_fpr_req"": ""167"", ""buy_1th_pre_req_pre"": ""+29"", ""buy_2th_pre_bid"": ""+34250"", ""buy_2th_pre_req"": ""578"", ""buy_2th_pre_req_pre"": ""0"", ""buy_3th_pre_bid"": ""+34200"", ""buy_3th_pre_req"": ""669"", ""buy_3th_pre_req_pre"": ""0"", ""buy_4th_pre_bid"": ""+34150"", ""buy_4th_pre_req"": ""341"", ""buy_4th_pre_req_pre"": ""0"", ""buy_5th_pre_bid"": ""+34100"", ""buy_5th_pre_req"": ""429"", ""buy_5th_pre_req_pre"": ""0"", ""buy_6th_pre_bid"": ""+34050"", ""buy_6th_pre_req"": ""1121"", ""buy_6th_pre_req_pre"": ""0"", ""buy_7th_pre_bid"": ""34000"", ""buy_7th_pre_req"": ""2991"", ""buy_7th_pre_req_pre"": ""0"", ""buy_8th_pre_bid"": ""-33950"", ""buy_8th_pre_req"": ""854"", ""buy_8th_pre_req_pre"": ""0"", ""buy_9th_pre_bid"": ""-33900"", ""buy_9th_pre_req"": ""831"", ""buy_9th_pre_req_pre"": ""0"", ""buy_10th_pre_bid"": ""-33850"", ""buy_10th_pre_req"": ""279"", ""buy_10th_pre_req_pre"": ""0"", ""tot_sel_req_jub_pre"": ""0"", ""tot_sel_req"": ""5011"", ""tot_buy_req"": ""8260"", ""tot_buy_req_jub_pre"": ""+29"", ""ovt_sel_req_pre"": ""0"", ""ovt_sel_req"": ""0"", ""ovt_buy_req"": ""0"", ""ovt_buy_req_pre"": ""0"", ""return_code"": 0, ""return_msg"": ""정상적으로 처리되었습니다""}"
2026-06-10,watchlist,066575,,0,filtered_candidate_recheck,78800,,78800,78700,78800,78800,-0.12690355329949238,0.12690355329949238,,,,,,"{""bid_req_base_tm"": ""101408"", ""sel_10th_pre_req_pre"": ""0"", ""sel_10th_pre_req"": ""76"", ""sel_10th_pre_bid"": ""-79700"", ""sel_9th_pre_req_pre"": ""0"", ""sel_9th_pre_req"": ""66"", ""sel_9th_pre_bid"": ""-79600"", ""sel_8th_pre_req_pre"": ""0"", ""sel_8th_pre_req"": ""587"", ""sel_8th_pre_bid"": ""-79500"", ""sel_7th_pre_req_pre"": ""0"", ""sel_7th_pre_req"": ""293"", ""sel_7th_pre_bid"": ""-79400"", ""sel_6th_pre_req_pre"": ""0"", ""sel_6th_pre_req"": ""281"", ""sel_6th_pre_bid"": ""-79300"", ""sel_5th_pre_req_pre"": ""0"", ""sel_5th_pre_req"": ""230"", ""sel_5th_pre_bid"": ""-79200"", ""sel_4th_pre_req_pre"": ""0"", ""sel_4th_pre_req"": ""357"", ""sel_4th_pre_bid"": ""-79100"", ""sel_3th_pre_req_pre"": ""0"", ""sel_3th_pre_req"": ""209"", ""sel_3th_pre_bid"": ""-79000"", ""sel_2th_pre_req_pre"": ""0"", ""sel_2th_pre_req"": ""168"", ""sel_2th_pre_bid"": ""-78900"", ""sel_1th_pre_req_pre"": ""0"", ""sel_fpr_req"": ""85"", ""sel_fpr_bid"": ""-78800"", ""buy_fpr_bid"": ""-78700"", ""buy_fpr_req"": ""8"", ""buy_1th_pre_req_pre"": ""0"", ""buy_2th_pre_bid"": ""-78600"", ""buy_2th_pre_req"": ""332"", ""buy_2th_pre_req_pre"": ""0"", ""buy_3th_pre_bid"": ""-78500"", ""buy_3th_pre_req"": ""52"", ""buy_3th_pre_req_pre"": ""0"", ""buy_4th_pre_bid"": ""-78400"", ""buy_4th_pre_req"": ""111"", ""buy_4th_pre_req_pre"": ""0"", ""buy_5th_pre_bid"": ""-78300"", ""buy_5th_pre_req"": ""20"", ""buy_5th_pre_req_pre"": ""0"", ""buy_6th_pre_bid"": ""-78200"", ""buy_6th_pre_req"": ""65"", ""buy_6th_pre_req_pre"": ""0"", ""buy_7th_pre_bid"": ""-78100"", ""buy_7th_pre_req"": ""392"", ""buy_7th_pre_req_pre"": ""0"", ""buy_8th_pre_bid"": ""-78000"", ""buy_8th_pre_req"": ""845"", ""buy_8th_pre_req_pre"": ""0"", ""buy_9th_pre_bid"": ""-77900"", ""buy_9th_pre_req"": ""854"", ""buy_9th_pre_req_pre"": ""0"", ""buy_10th_pre_bid"": ""-77800"", ""buy_10th_pre_req"": ""1289"", ""buy_10th_pre_req_pre"": ""0"", ""tot_sel_req_jub_pre"": ""0"", ""tot_sel_req"": ""2352"", ""tot_buy_req"": ""3968"", ""tot_buy_req_jub_pre"": ""0"", ""ovt_sel_req_pre"": ""0"", ""ovt_sel_req"": ""0"", ""ovt_buy_req"": ""0"", ""ovt_buy_req_pre"": ""0"", ""return_code"": 0, ""return_msg"": ""정상적으로 처리되었습니다""}"
2026-06-10,watchlist,000810,,0,filtered_candidate_recheck,619000,,619000,618000,619000,622000,0.32310177705977383,0.16155088852988692,,,,,,"{""bid_req_base_tm"": ""101408"", ""sel_10th_pre_req_pre"": ""0"", ""sel_10th_pre_req"": ""23"", ""sel_10th_pre_bid"": ""-628000"", ""sel_9th_pre_req_pre"": ""0"", ""sel_9th_pre_req"": ""16"", ""sel_9th_pre_bid"": ""-627000"", ""sel_8th_pre_req_pre"": ""0"", ""sel_8th_pre_req"": ""18"", ""sel_8th_pre_bid"": ""-626000"", ""sel_7th_pre_req_pre"": ""0"", ""sel_7th_pre_req"": ""6"", ""sel_7th_pre_bid"": ""-625000"", ""sel_6th_pre_req_pre"": ""0"", ""sel_6th_pre_req"": ""11"", ""sel_6th_pre_bid"": ""-624000"", ""sel_5th_pre_req_pre"": ""0"", ""sel_5th_pre_req"": ""259"", ""sel_5th_pre_bid"": ""-623000"", ""sel_4th_pre_req_pre"": ""0"", ""sel_4th_pre_req"": ""25"", ""sel_4th_pre_bid"": ""-622000"", ""sel_3th_pre_req_pre"": ""0"", ""sel_3th_pre_req"": ""23"", ""sel_3th_pre_bid"": ""-621000"", ""sel_2th_pre_req_pre"": ""--13"", ""sel_2th_pre_req"": ""51"", ""sel_2th_pre_bid"": ""-620000"", ""sel_1th_pre_req_pre"": ""+3"", ""sel_fpr_req"": ""10"", ""sel_fpr_bid"": ""-619000"", ""buy_fpr_bid"": ""-618000"", ""buy_fpr_req"": ""313"", ""buy_1th_pre_req_pre"": ""0"", ""buy_2th_pre_bid"": ""-617000"", ""buy_2th_pre_req"": ""111"", ""buy_2th_pre_req_pre"": ""0"", ""buy_3th_pre_bid"": ""-616000"", ""buy_3th_pre_req"": ""84"", ""buy_3th_pre_req_pre"": ""0"", ""buy_4th_pre_bid"": ""-615000"", ""buy_4th_pre_req"": ""86"", ""buy_4th_pre_req_pre"": ""0"", ""buy_5th_pre_bid"": ""-614000"", ""buy_5th_pre_req"": ""3"", ""buy_5th_pre_req_pre"": ""0"", ""buy_6th_pre_bid"": ""-613000"", ""buy_6th_pre_req"": ""19"", ""buy_6th_pre_req_pre"": ""0"", ""buy_7th_pre_bid"": ""-612000"", ""buy_7th_pre_req"": ""15"", ""buy_7th_pre_req_pre"": ""0"", ""buy_8th_pre_bid"": ""-611000"", ""buy_8th_pre_req"": ""27"", ""buy_8th_pre_req_pre"": ""0"", ""buy_9th_pre_bid"": ""-610000"", ""buy_9th_pre_req"": ""70"", ""buy_9th_pre_req_pre"": ""0"", ""buy_10th_pre_bid"": ""-609000"", ""buy_10th_pre_req"": ""18"", ""buy_10th_pre_req_pre"": ""0"", ""tot_sel_req_jub_pre"": ""--10"", ""tot_sel_req"": ""442"", ""tot_buy_req"": ""746"", ""tot_buy_req_jub_pre"": ""0"", ""ovt_sel_req_pre"": ""0"", ""ovt_sel_req"": ""0"", ""ovt_buy_req"": ""0"", ""ovt_buy_req_pre"": ""0"", ""return_code"": 0, ""return_msg"": ""정상적으로 처리되었습니다""}"
2026-06-10,watchlist,005930,,0,filtered_candidate_recheck,308000,,308000,307500,308000,308500,0.0,0.16233766233766234,,,,,,"{""bid_req_base_tm"": ""101409"", ""sel_10th_pre_req_pre"": ""0"", ""sel_10th_pre_req"": ""13767"", ""sel_10th_pre_bid"": ""-312500"", ""sel_9th_pre_req_pre"": ""0"", ""sel_9th_pre_req"": ""19508"", ""sel_9th_pre_bid"": ""-312000"", ""sel_8th_pre_req_pre"": ""0"", ""sel_8th_pre_req"": ""14798"", ""sel_8th_pre_bid"": ""-311500"", ""sel_7th_pre_req_pre"": ""0"", ""sel_7th_pre_req"": ""16043"", ""sel_7th_pre_bid"": ""-311000"", ""sel_6th_pre_req_pre"": ""0"", ""sel_6th_pre_req"": ""10107"", ""sel_6th_pre_bid"": ""-310500"", ""sel_5th_pre_req_pre"": ""0"", ""sel_5th_pre_req"": ""27148"", ""sel_5th_pre_bid"": ""-310000"", ""sel_4th_pre_req_pre"": ""0"", ""sel_4th_pre_req"": ""19469"", ""sel_4th_pre_bid"": ""-309500"", ""sel_3th_pre_req_pre"": ""0"", ""sel_3th_pre_req"": ""19878"", ""sel_3th_pre_bid"": ""-309000"", ""sel_2th_pre_req_pre"": ""0"", ""sel_2th_pre_req"": ""52095"", ""sel_2th_pre_bid"": ""-308500"", ""sel_1th_pre_req_pre"": ""+1"", ""sel_fpr_req"": ""14592"", ""sel_fpr_bid"": ""-308000"", ""buy_fpr_bid"": ""-307500"", ""buy_fpr_req"": ""8609"", ""buy_1th_pre_req_pre"": ""+1"", ""buy_2th_pre_bid"": ""-307000"", ""buy_2th_pre_req"": ""19776"", ""buy_2th_pre_req_pre"": ""0"", ""buy_3th_pre_bid"": ""-306500"", ""buy_3th_pre_req"": ""18923"", ""buy_3th_pre_req_pre"": ""0"", ""buy_4th_pre_bid"": ""-306000"", ""buy_4th_pre_req"": ""65772"", ""buy_4th_pre_req_pre"": ""0"", ""buy_5th_pre_bid"": ""-305500"", ""buy_5th_pre_req"": ""73000"", ""buy_5th_pre_req_pre"": ""+4"", ""buy_6th_pre_bid"": ""-305000"", ""buy_6th_pre_req"": ""190887"", ""buy_6th_pre_req_pre"": ""+37"", ""buy_7th_pre_bid"": ""-304500"", ""buy_7th_pre_req"": ""27080"", ""buy_7th_pre_req_pre"": ""0"", ""buy_8th_pre_bid"": ""-304000"", ""buy_8th_pre_req"": ""41859"", ""buy_8th_pre_req_pre"": ""0"", ""buy_9th_pre_bid"": ""-303500"", ""buy_9th_pre_req"": ""37882"", ""buy_9th_pre_req_pre"": ""0"", ""buy_10th_pre_bid"": ""-303000"", ""buy_10th_pre_req"": ""71758"", ""buy_10th_pre_req_pre"": ""0"", ""tot_sel_req_jub_pre"": ""+1"", ""tot_sel_req"": ""207405"", ""tot_buy_req"": ""555546"", ""tot_buy_req_jub_pre"": ""+42"", ""ovt_sel_req_pre"": ""0"", ""ovt_sel_req"": ""0"", ""ovt_buy_req"": ""0"", ""ovt_buy_req_pre"": ""0"", ""return_code"": 0, ""return_msg"": ""정상적으로 처리되었습니다""}"
2026-06-10,watchlist,000370,,0,filtered_candidate_recheck,6770,,6770,6760,6770,6720,-0.8862629246676514,0.14771048744460857,,,,,,"{""bid_req_base_tm"": ""101408"", ""sel_10th_pre_req_pre"": ""0"", ""sel_10th_pre_req"": ""305"", ""sel_10th_pre_bid"": ""+6860"", ""sel_9th_pre_req_pre"": ""0"", ""sel_9th_pre_req"": ""832"", ""sel_9th_pre_bid"": ""+6850"", ""sel_8th_pre_req_pre"": ""0"", ""sel_8th_pre_req"": ""1223"", ""sel_8th_pre_bid"": ""+6840"", ""sel_7th_pre_req_pre"": ""0"", ""sel_7th_pre_req"": ""1411"", ""sel_7th_pre_bid"": ""+6830"", ""sel_6th_pre_req_pre"": ""0"", ""sel_6th_pre_req"": ""782"", ""sel_6th_pre_bid"": ""+6820"", ""sel_5th_pre_req_pre"": ""0"", ""sel_5th_pre_req"": ""814"", ""sel_5th_pre_bid"": ""+6810"", ""sel_4th_pre_req_pre"": ""0"", ""sel_4th_pre_req"": ""10421"", ""sel_4th_pre_bid"": ""+6800"", ""sel_3th_pre_req_pre"": ""0"", ""sel_3th_pre_req"": ""9075"", ""sel_3th_pre_bid"": ""+6790"", ""sel_2th_pre_req_pre"": ""0"", ""sel_2th_pre_req"": ""4029"", ""sel_2th_pre_bid"": ""+6780"", ""sel_1th_pre_req_pre"": ""+111"", ""sel_fpr_req"": ""737"", ""sel_fpr_bid"": ""+6770"", ""buy_fpr_bid"": ""+6760"", ""buy_fpr_req"": ""625"", ""buy_1th_pre_req_pre"": ""0"", ""buy_2th_pre_bid"": ""+6750"", ""buy_2th_pre_req"": ""86"", ""buy_2th_pre_req_pre"": ""0"", ""buy_3th_pre_bid"": ""+6740"", ""buy_3th_pre_req"": ""101"", ""buy_3th_pre_req_pre"": ""0"", ""buy_4th_pre_bid"": ""+6730"", ""buy_4th_pre_req"": ""73"", ""buy_4th_pre_req_pre"": ""0"", ""buy_5th_pre_bid"": ""+6720"", ""buy_5th_pre_req"": ""526"", ""buy_5th_pre_req_pre"": ""0"", ""buy_6th_pre_bid"": ""+6710"", ""buy_6th_pre_req"": ""1"", ""buy_6th_pre_req_pre"": ""0"", ""buy_7th_pre_bid"": ""+6700"", ""buy_7th_pre_req"": ""1"", ""buy_7th_pre_req_pre"": ""0"", ""buy_8th_pre_bid"": ""+6690"", ""buy_8th_pre_req"": ""90"", ""buy_8th_pre_req_pre"": ""0"", ""buy_9th_pre_bid"": ""+6680"", ""buy_9th_pre_req"": ""61"", ""buy_9th_pre_req_pre"": ""0"", ""buy_10th_pre_bid"": ""+6670"", ""buy_10th_pre_req"": ""183"", ""buy_10th_pre_req_pre"": ""0"", ""tot_sel_req_jub_pre"": ""+111"", ""tot_sel_req"": ""29629"", ""tot_buy_req"": ""1747"", ""tot_buy_req_jub_pre"": ""0"", ""ovt_sel_req_pre"": ""0"", ""ovt_sel_req"": ""0"", ""ovt_buy_req"": ""0"", ""ovt_buy_req_pre"": ""0"", ""return_code"": 0, ""return_msg"": ""정상적으로 처리되었습니다""}"
2026-06-10,watchlist,064400,,0,filtered_candidate_recheck,96300,,96300,96200,96300,96300,-0.10384215991692627,0.10384215991692627,,,,,,"{""bid_req_base_tm"": ""101409"", ""sel_10th_pre_req_pre"": ""0"", ""sel_10th_pre_req"": ""244"", ""sel_10th_pre_bid"": ""-97200"", ""sel_9th_pre_req_pre"": ""0"", ""sel_9th_pre_req"": ""269"", ""sel_9th_pre_bid"": ""-97100"", ""sel_8th_pre_req_pre"": ""0"", ""sel_8th_pre_req"": ""1313"", ""sel_8th_pre_bid"": ""-97000"", ""sel_7th_pre_req_pre"": ""0"", ""sel_7th_pre_req"": ""325"", ""sel_7th_pre_bid"": ""-96900"", ""sel_6th_pre_req_pre"": ""0"", ""sel_6th_pre_req"": ""1345"", ""sel_6th_pre_bid"": ""-96800"", ""sel_5th_pre_req_pre"": ""0"", ""sel_5th_pre_req"": ""163"", ""sel_5th_pre_bid"": ""-96700"", ""sel_4th_pre_req_pre"": ""0"", ""sel_4th_pre_req"": ""124"", ""sel_4th_pre_bid"": ""-96600"", ""sel_3th_pre_req_pre"": ""0"", ""sel_3th_pre_req"": ""206"", ""sel_3th_pre_bid"": ""-96500"", ""sel_2th_pre_req_pre"": ""0"", ""sel_2th_pre_req"": ""346"", ""sel_2th_pre_bid"": ""-96400"", ""sel_1th_pre_req_pre"": ""0"", ""sel_fpr_req"": ""354"", ""sel_fpr_bid"": ""-96300"", ""buy_fpr_bid"": ""-96200"", ""buy_fpr_req"": ""250"", ""buy_1th_pre_req_pre"": ""0"", ""buy_2th_pre_bid"": ""-96100"", ""buy_2th_pre_req"": ""177"", ""buy_2th_pre_req_pre"": ""+1"", ""buy_3th_pre_bid"": ""-96000"", ""buy_3th_pre_req"": ""574"", ""buy_3th_pre_req_pre"": ""0"", ""buy_4th_pre_bid"": ""-95900"", ""buy_4th_pre_req"": ""232"", ""buy_4th_pre_req_pre"": ""0"", ""buy_5th_pre_bid"": ""-95800"", ""buy_5th_pre_req"": ""952"", ""buy_5th_pre_req_pre"": ""0"", ""buy_6th_pre_bid"": ""-95700"", ""buy_6th_pre_req"": ""803"", ""buy_6th_pre_req_pre"": ""0"", ""buy_7th_pre_bid"": ""-95600"", ""buy_7th_pre_req"": ""1370"", ""buy_7th_pre_req_pre"": ""0"", ""buy_8th_pre_bid"": ""-95500"", ""buy_8th_pre_req"": ""2145"", ""buy_8th_pre_req_pre"": ""0"", ""buy_9th_pre_bid"": ""-95400"", ""buy_9th_pre_req"": ""1315"", ""buy_9th_pre_req_pre"": ""0"", ""buy_10th_pre_bid"": ""-95300"", ""buy_10th_pre_req"": ""1580"", ""buy_10th_pre_req_pre"": ""0"", ""tot_sel_req_jub_pre"": ""0"", ""tot_sel_req"": ""4689"", ""tot_buy_req"": ""9398"", ""tot_buy_req_jub_pre"": ""+1"", ""ovt_sel_req_pre"": ""0"", ""ovt_sel_req"": ""0"", ""ovt_buy_req"": ""0"", ""ovt_buy_req_pre"": ""0"", ""return_code"": 0, ""return_msg"": ""정상적으로 처리되었습니다""}"
2026-06-10,watchlist,009420,,0,filtered_candidate_recheck,50400,,50400,50300,50400,50600,0.1984126984126984,0.1984126984126984,,,,,,"{""bid_req_base_tm"": ""101409"", ""sel_10th_pre_req_pre"": ""0"", ""sel_10th_pre_req"": ""10"", ""sel_10th_pre_bid"": ""-51400"", ""sel_9th_pre_req_pre"": ""0"", ""sel_9th_pre_req"": ""460"", ""sel_9th_pre_bid"": ""-51300"", ""sel_8th_pre_req_pre"": ""0"", ""sel_8th_pre_req"": ""141"", ""sel_8th_pre_bid"": ""-51200"", ""sel_7th_pre_req_pre"": ""0"", ""sel_7th_pre_req"": ""80"", ""sel_7th_pre_bid"": ""-51100"", ""sel_6th_pre_req_pre"": ""0"", ""sel_6th_pre_req"": ""101"", ""sel_6th_pre_bid"": ""-51000"", ""sel_5th_pre_req_pre"": ""0"", ""sel_5th_pre_req"": ""37"", ""sel_5th_pre_bid"": ""-50900"", ""sel_4th_pre_req_pre"": ""0"", ""sel_4th_pre_req"": ""278"", ""sel_4th_pre_bid"": ""-50700"", ""sel_3th_pre_req_pre"": ""--28"", ""sel_3th_pre_req"": ""201"", ""sel_3th_pre_bid"": ""-50600"", ""sel_2th_pre_req_pre"": ""+28"", ""sel_2th_pre_req"": ""123"", ""sel_2th_pre_bid"": ""-50500"", ""sel_1th_pre_req_pre"": ""0"", ""sel_fpr_req"": ""267"", ""sel_fpr_bid"": ""-50400"", ""buy_fpr_bid"": ""-50300"", ""buy_fpr_req"": ""150"", ""buy_1th_pre_req_pre"": ""0"", ""buy_2th_pre_bid"": ""-50200"", ""buy_2th_pre_req"": ""317"", ""buy_2th_pre_req_pre"": ""0"", ""buy_3th_pre_bid"": ""-50100"", ""buy_3th_pre_req"": ""211"", ""buy_3th_pre_req_pre"": ""0"", ""buy_4th_pre_bid"": ""-50000"", ""buy_4th_pre_req"": ""269"", ""buy_4th_pre_req_pre"": ""0"", ""buy_5th_pre_bid"": ""-49950"", ""buy_5th_pre_req"": ""236"", ""buy_5th_pre_req_pre"": ""0"", ""buy_6th_pre_bid"": ""-49900"", ""buy_6th_pre_req"": ""369"", ""buy_6th_pre_req_pre"": ""0"", ""buy_7th_pre_bid"": ""-49850"", ""buy_7th_pre_req"": ""269"", ""buy_7th_pre_req_pre"": ""0"", ""buy_8th_pre_bid"": ""-49800"", ""buy_8th_pre_req"": ""537"", ""buy_8th_pre_req_pre"": ""0"", ""buy_9th_pre_bid"": ""-49750"", ""buy_9th_pre_req"": ""834"", ""buy_9th_pre_req_pre"": ""0"", ""buy_10th_pre_bid"": ""-49700"", ""buy_10th_pre_req"": ""1153"", ""buy_10th_pre_req_pre"": ""0"", ""tot_sel_req_jub_pre"": ""0"", ""tot_sel_req"": ""1698"", ""tot_buy_req"": ""4345"", ""tot_buy_req_jub_pre"": ""0"", ""ovt_sel_req_pre"": ""0"", ""ovt_sel_req"": ""0"", ""ovt_buy_req"": ""0"", ""ovt_buy_req_pre"": ""0"", ""return_code"": 0, ""return_msg"": ""정상적으로 처리되었습니다""}"
2026-06-10,watchlist,383220,,0,filtered_candidate_recheck,75500,,75500,75200,75500,75700,0.13245033112582782,0.3973509933774834,,,,,,"{""bid_req_base_tm"": ""101406"", ""sel_10th_pre_req_pre"": ""0"", ""sel_10th_pre_req"": ""20"", ""sel_10th_pre_bid"": ""+76800"", ""sel_9th_pre_req_pre"": ""0"", ""sel_9th_pre_req"": ""19"", ""sel_9th_pre_bid"": ""+76700"", ""sel_8th_pre_req_pre"": ""0"", ""sel_8th_pre_req"": ""1"", ""sel_8th_pre_bid"": ""+76600"", ""sel_7th_pre_req_pre"": ""0"", ""sel_7th_pre_req"": ""4"", ""sel_7th_pre_bid"": ""+76500"", ""sel_6th_pre_req_pre"": ""0"", ""sel_6th_pre_req"": ""2"", ""sel_6th_pre_bid"": ""+76400"", ""sel_5th_pre_req_pre"": ""0"", ""sel_5th_pre_req"": ""100"", ""sel_5th_pre_bid"": ""+76300"", ""sel_4th_pre_req_pre"": ""0"", ""sel_4th_pre_req"": ""122"", ""sel_4th_pre_bid"": ""+76000"", ""sel_3th_pre_req_pre"": ""0"", ""sel_3th_pre_req"": ""101"", ""sel_3th_pre_bid"": ""+75900"", ""sel_2th_pre_req_pre"": ""0"", ""sel_2th_pre_req"": ""7"", ""sel_2th_pre_bid"": ""+75800"", ""sel_1th_pre_req_pre"": ""0"", ""sel_fpr_req"": ""37"", ""sel_fpr_bid"": ""+75500"", ""buy_fpr_bid"": ""+75200"", ""buy_fpr_req"": ""38"", ""buy_1th_pre_req_pre"": ""+21"", ""buy_2th_pre_bid"": ""+75100"", ""buy_2th_pre_req"": ""15"", ""buy_2th_pre_req_pre"": ""0"", ""buy_3th_pre_bid"": ""+75000"", ""buy_3th_pre_req"": ""269"", ""buy_3th_pre_req_pre"": ""0"", ""buy_4th_pre_bid"": ""+74900"", ""buy_4th_pre_req"": ""24"", ""buy_4th_pre_req_pre"": ""0"", ""buy_5th_pre_bid"": ""+74800"", ""buy_5th_pre_req"": ""9"", ""buy_5th_pre_req_pre"": ""0"", ""buy_6th_pre_bid"": ""+74700"", ""buy_6th_pre_req"": ""15"", ""buy_6th_pre_req_pre"": ""0"", ""buy_7th_pre_bid"": ""74600"", ""buy_7th_pre_req"": ""74"", ""buy_7th_pre_req_pre"": ""0"", ""buy_8th_pre_bid"": ""-74500"", ""buy_8th_pre_req"": ""27"", ""buy_8th_pre_req_pre"": ""0"", ""buy_9th_pre_bid"": ""-74400"", ""buy_9th_pre_req"": ""24"", ""buy_9th_pre_req_pre"": ""0"", ""buy_10th_pre_bid"": ""-74300"", ""buy_10th_pre_req"": ""10"", ""buy_10th_pre_req_pre"": ""0"", ""tot_sel_req_jub_pre"": ""0"", ""tot_sel_req"": ""413"", ""tot_buy_req"": ""505"", ""tot_buy_req_jub_pre"": ""+21"", ""ovt_sel_req_pre"": ""0"", ""ovt_sel_req"": ""0"", ""ovt_buy_req"": ""0"", ""ovt_buy_req_pre"": ""0"", ""return_code"": 0, ""return_msg"": ""정상적으로 처리되었습니다""}"
2026-06-10,watchlist,004170,,0,filtered_candidate_recheck,667000,,667000,666000,667000,668000,0.0,0.14992503748125938,,,,,,"{""bid_req_base_tm"": ""101410"", ""sel_10th_pre_req_pre"": ""0"", ""sel_10th_pre_req"": ""33"", ""sel_10th_pre_bid"": ""+677000"", ""sel_9th_pre_req_pre"": ""0"", ""sel_9th_pre_req"": ""5"", ""sel_9th_pre_bid"": ""+676000"", ""sel_8th_pre_req_pre"": ""0"", ""sel_8th_pre_req"": ""19"", ""sel_8th_pre_bid"": ""+675000"", ""sel_7th_pre_req_pre"": ""0"", ""sel_7th_pre_req"": ""17"", ""sel_7th_pre_bid"": ""+674000"", ""sel_6th_pre_req_pre"": ""0"", ""sel_6th_pre_req"": ""1"", ""sel_6th_pre_bid"": ""+673000"", ""sel_5th_pre_req_pre"": ""0"", ""sel_5th_pre_req"": ""14"", ""sel_5th_pre_bid"": ""+671000"", ""sel_4th_pre_req_pre"": ""0"", ""sel_4th_pre_req"": ""86"", ""sel_4th_pre_bid"": ""+670000"", ""sel_3th_pre_req_pre"": ""0"", ""sel_3th_pre_req"": ""10"", ""sel_3th_pre_bid"": ""+669000"", ""sel_2th_pre_req_pre"": ""0"", ""sel_2th_pre_req"": ""14"", ""sel_2th_pre_bid"": ""+668000"", ""sel_1th_pre_req_pre"": ""0"", ""sel_fpr_req"": ""29"", ""sel_fpr_bid"": ""+667000"", ""buy_fpr_bid"": ""+666000"", ""buy_fpr_req"": ""102"", ""buy_1th_pre_req_pre"": ""--1"", ""buy_2th_pre_bid"": ""+665000"", ""buy_2th_pre_req"": ""31"", ""buy_2th_pre_req_pre"": ""0"", ""buy_3th_pre_bid"": ""+664000"", ""buy_3th_pre_req"": ""10"", ""buy_3th_pre_req_pre"": ""0"", ""buy_4th_pre_bid"": ""+663000"", ""buy_4th_pre_req"": ""18"", ""buy_4th_pre_req_pre"": ""0"", ""buy_5th_pre_bid"": ""+662000"", ""buy_5th_pre_req"": ""2"", ""buy_5th_pre_req_pre"": ""0"", ""buy_6th_pre_bid"": ""+661000"", ""buy_6th_pre_req"": ""47"", ""buy_6th_pre_req_pre"": ""0"", ""buy_7th_pre_bid"": ""+660000"", ""buy_7th_pre_req"": ""412"", ""buy_7th_pre_req_pre"": ""0"", ""buy_8th_pre_bid"": ""+659000"", ""buy_8th_pre_req"": ""5"", ""buy_8th_pre_req_pre"": ""0"", ""buy_9th_pre_bid"": ""+658000"", ""buy_9th_pre_req"": ""128"", ""buy_9th_pre_req_pre"": ""0"", ""buy_10th_pre_bid"": ""+657000"", ""buy_10th_pre_req"": ""17"", ""buy_10th_pre_req_pre"": ""0"", ""tot_sel_req_jub_pre"": ""0"", ""tot_sel_req"": ""228"", ""tot_buy_req"": ""772"", ""tot_buy_req_jub_pre"": ""--1"", ""ovt_sel_req_pre"": ""0"", ""ovt_sel_req"": ""0"", ""ovt_buy_req"": ""0"", ""ovt_buy_req_pre"": ""0"", ""return_code"": 0, ""return_msg"": ""정상적으로 처리되었습니다""}"
2026-06-10,watchlist,018260,,0,filtered_candidate_recheck,234000,,234000,233500,234000,235500,0.4273504273504274,0.2136752136752137,,,,,,"{""bid_req_base_tm"": ""101409"", ""sel_10th_pre_req_pre"": ""0"", ""sel_10th_pre_req"": ""59"", ""sel_10th_pre_bid"": ""-238500"", ""sel_9th_pre_req_pre"": ""0"", ""sel_9th_pre_req"": ""186"", ""sel_9th_pre_bid"": ""-238000"", ""sel_8th_pre_req_pre"": ""0"", ""sel_8th_pre_req"": ""72"", ""sel_8th_pre_bid"": ""-237500"", ""sel_7th_pre_req_pre"": ""0"", ""sel_7th_pre_req"": ""50"", ""sel_7th_pre_bid"": ""-237000"", ""sel_6th_pre_req_pre"": ""0"", ""sel_6th_pre_req"": ""259"", ""sel_6th_pre_bid"": ""-236500"", ""sel_5th_pre_req_pre"": ""0"", ""sel_5th_pre_req"": ""151"", ""sel_5th_pre_bid"": ""-236000"", ""sel_4th_pre_req_pre"": ""0"", ""sel_4th_pre_req"": ""57"", ""sel_4th_pre_bid"": ""-235500"", ""sel_3th_pre_req_pre"": ""0"", ""sel_3th_pre_req"": ""234"", ""sel_3th_pre_bid"": ""-235000"", ""sel_2th_pre_req_pre"": ""0"", ""sel_2th_pre_req"": ""206"", ""sel_2th_pre_bid"": ""-234500"", ""sel_1th_pre_req_pre"": ""0"", ""sel_fpr_req"": ""307"", ""sel_fpr_bid"": ""-234000"", ""buy_fpr_bid"": ""-233500"", ""buy_fpr_req"": ""131"", ""buy_1th_pre_req_pre"": ""0"", ""buy_2th_pre_bid"": ""-233000"", ""buy_2th_pre_req"": ""427"", ""buy_2th_pre_req_pre"": ""0"", ""buy_3th_pre_bid"": ""-232500"", ""buy_3th_pre_req"": ""1220"", ""buy_3th_pre_req_pre"": ""0"", ""buy_4th_pre_bid"": ""-232000"", ""buy_4th_pre_req"": ""1542"", ""buy_4th_pre_req_pre"": ""0"", ""buy_5th_pre_bid"": ""-231500"", ""buy_5th_pre_req"": ""1252"", ""buy_5th_pre_req_pre"": ""0"", ""buy_6th_pre_bid"": ""-231000"", ""buy_6th_pre_req"": ""2515"", ""buy_6th_pre_req_pre"": ""0"", ""buy_7th_pre_bid"": ""-230500"", ""buy_7th_pre_req"": ""1625"", ""buy_7th_pre_req_pre"": ""0"", ""buy_8th_pre_bid"": ""-230000"", ""buy_8th_pre_req"": ""3574"", ""buy_8th_pre_req_pre"": ""0"", ""buy_9th_pre_bid"": ""-229500"", ""buy_9th_pre_req"": ""505"", ""buy_9th_pre_req_pre"": ""0"", ""buy_10th_pre_bid"": ""-229000"", ""buy_10th_pre_req"": ""1397"", ""buy_10th_pre_req_pre"": ""0"", ""tot_sel_req_jub_pre"": ""0"", ""tot_sel_req"": ""1581"", ""tot_buy_req"": ""14188"", ""tot_buy_req_jub_pre"": ""0"", ""ovt_sel_req_pre"": ""0"", ""ovt_sel_req"": ""0"", ""ovt_buy_req"": ""0"", ""ovt_buy_req_pre"": ""0"", ""return_code"": 0, ""return_msg"": ""정상적으로 처리되었습니다""}"
2026-06-10,watchlist,161390,,0,filtered_candidate_recheck,71700,,71700,71600,71700,72000,0.2789400278940028,0.1394700139470014,,,,,,"{""bid_req_base_tm"": ""101410"", ""sel_10th_pre_req_pre"": ""0"", ""sel_10th_pre_req"": ""18"", ""sel_10th_pre_bid"": ""-72600"", ""sel_9th_pre_req_pre"": ""0"", ""sel_9th_pre_req"": ""154"", ""sel_9th_pre_bid"": ""-72500"", ""sel_8th_pre_req_pre"": ""0"", ""sel_8th_pre_req"": ""5"", ""sel_8th_pre_bid"": ""-72400"", ""sel_7th_pre_req_pre"": ""0"", ""sel_7th_pre_req"": ""34"", ""sel_7th_pre_bid"": ""-72300"", ""sel_6th_pre_req_pre"": ""0"", ""sel_6th_pre_req"": ""9"", ""sel_6th_pre_bid"": ""-72200"", ""sel_5th_pre_req_pre"": ""0"", ""sel_5th_pre_req"": ""13"", ""sel_5th_pre_bid"": ""-72100"", ""sel_4th_pre_req_pre"": ""0"", ""sel_4th_pre_req"": ""189"", ""sel_4th_pre_bid"": ""-72000"", ""sel_3th_pre_req_pre"": ""0"", ""sel_3th_pre_req"": ""160"", ""sel_3th_pre_bid"": ""-71900"", ""sel_2th_pre_req_pre"": ""0"", ""sel_2th_pre_req"": ""167"", ""sel_2th_pre_bid"": ""-71800"", ""sel_1th_pre_req_pre"": ""0"", ""sel_fpr_req"": ""162"", ""sel_fpr_bid"": ""-71700"", ""buy_fpr_bid"": ""-71600"", ""buy_fpr_req"": ""153"", ""buy_1th_pre_req_pre"": ""0"", ""buy_2th_pre_bid"": ""-71500"", ""buy_2th_pre_req"": ""672"", ""buy_2th_pre_req_pre"": ""0"", ""buy_3th_pre_bid"": ""-71400"", ""buy_3th_pre_req"": ""594"", ""buy_3th_pre_req_pre"": ""0"", ""buy_4th_pre_bid"": ""-71300"", ""buy_4th_pre_req"": ""465"", ""buy_4th_pre_req_pre"": ""0"", ""buy_5th_pre_bid"": ""-71200"", ""buy_5th_pre_req"": ""429"", ""buy_5th_pre_req_pre"": ""0"", ""buy_6th_pre_bid"": ""-71100"", ""buy_6th_pre_req"": ""252"", ""buy_6th_pre_req_pre"": ""0"", ""buy_7th_pre_bid"": ""-71000"", ""buy_7th_pre_req"": ""1034"", ""buy_7th_pre_req_pre"": ""0"", ""buy_8th_pre_bid"": ""-70900"", ""buy_8th_pre_req"": ""2117"", ""buy_8th_pre_req_pre"": ""0"", ""buy_9th_pre_bid"": ""-70800"", ""buy_9th_pre_req"": ""153"", ""buy_9th_pre_req_pre"": ""0"", ""buy_10th_pre_bid"": ""-70700"", ""buy_10th_pre_req"": ""16"", ""buy_10th_pre_req_pre"": ""0"", ""tot_sel_req_jub_pre"": ""0"", ""tot_sel_req"": ""911"", ""tot_buy_req"": ""5885"", ""tot_buy_req_jub_pre"": ""0"", ""ovt_sel_req_pre"": ""0"", ""ovt_sel_req"": ""0"", ""ovt_buy_req"": ""0"", ""ovt_buy_req_pre"": ""0"", ""return_code"": 0, ""return_msg"": ""정상적으로 처리되었습니다""}"
2026-06-10,watchlist,078930,,0,filtered_candidate_recheck,73300,,73300,73200,73300,73300,-0.1364256480218281,0.1364256480218281,,,,,,"{""bid_req_base_tm"": ""101410"", ""sel_10th_pre_req_pre"": ""0"", ""sel_10th_pre_req"": ""104"", ""sel_10th_pre_bid"": ""+74600"", ""sel_9th_pre_req_pre"": ""0"", ""sel_9th_pre_req"": ""64"", ""sel_9th_pre_bid"": ""+74500"", ""sel_8th_pre_req_pre"": ""0"", ""sel_8th_pre_req"": ""76"", ""sel_8th_pre_bid"": ""+74400"", ""sel_7th_pre_req_pre"": ""0"", ""sel_7th_pre_req"": ""41"", ""sel_7th_pre_bid"": ""+74200"", ""sel_6th_pre_req_pre"": ""0"", ""sel_6th_pre_req"": ""60"", ""sel_6th_pre_bid"": ""+74000"", ""sel_5th_pre_req_pre"": ""0"", ""sel_5th_pre_req"": ""55"", ""sel_5th_pre_bid"": ""-73700"", ""sel_4th_pre_req_pre"": ""0"", ""sel_4th_pre_req"": ""48"", ""sel_4th_pre_bid"": ""-73600"", ""sel_3th_pre_req_pre"": ""0"", ""sel_3th_pre_req"": ""218"", ""sel_3th_pre_bid"": ""-73500"", ""sel_2th_pre_req_pre"": ""0"", ""sel_2th_pre_req"": ""77"", ""sel_2th_pre_bid"": ""-73400"", ""sel_1th_pre_req_pre"": ""+12"", ""sel_fpr_req"": ""337"", ""sel_fpr_bid"": ""-73300"", ""buy_fpr_bid"": ""-73200"", ""buy_fpr_req"": ""65"", ""buy_1th_pre_req_pre"": ""--2"", ""buy_2th_pre_bid"": ""-73100"", ""buy_2th_pre_req"": ""348"", ""buy_2th_pre_req_pre"": ""0"", ""buy_3th_pre_bid"": ""-73000"", ""buy_3th_pre_req"": ""35"", ""buy_3th_pre_req_pre"": ""0"", ""buy_4th_pre_bid"": ""-72900"", ""buy_4th_pre_req"": ""60"", ""buy_4th_pre_req_pre"": ""0"", ""buy_5th_pre_bid"": ""-72700"", ""buy_5th_pre_req"": ""53"", ""buy_5th_pre_req_pre"": ""0"", ""buy_6th_pre_bid"": ""-72400"", ""buy_6th_pre_req"": ""1"", ""buy_6th_pre_req_pre"": ""0"", ""buy_7th_pre_bid"": ""-72300"", ""buy_7th_pre_req"": ""51"", ""buy_7th_pre_req_pre"": ""0"", ""buy_8th_pre_bid"": ""-72200"", ""buy_8th_pre_req"": ""266"", ""buy_8th_pre_req_pre"": ""0"", ""buy_9th_pre_bid"": ""-72100"", ""buy_9th_pre_req"": ""508"", ""buy_9th_pre_req_pre"": ""0"", ""buy_10th_pre_bid"": ""-72000"", ""buy_10th_pre_req"": ""157"", ""buy_10th_pre_req_pre"": ""0"", ""tot_sel_req_jub_pre"": ""+12"", ""tot_sel_req"": ""1080"", ""tot_buy_req"": ""1544"", ""tot_buy_req_jub_pre"": ""--2"", ""ovt_sel_req_pre"": ""0"", ""ovt_sel_req"": ""0"", ""ovt_buy_req"": ""0"", ""ovt_buy_req_pre"": ""0"", ""return_code"": 0, ""return_msg"": ""정상적으로 처리되었습니다""}"
2026-06-10,watchlist,462870,,0,filtered_candidate_recheck,31150,,31150,31100,31150,31100,-0.32102728731942215,0.16051364365971107,,,,,,"{""bid_req_base_tm"": ""101408"", ""sel_10th_pre_req_pre"": ""0"", ""sel_10th_pre_req"": ""236"", ""sel_10th_pre_bid"": ""-31600"", ""sel_9th_pre_req_pre"": ""0"", ""sel_9th_pre_req"": ""17"", ""sel_9th_pre_bid"": ""-31550"", ""sel_8th_pre_req_pre"": ""0"", ""sel_8th_pre_req"": ""158"", ""sel_8th_pre_bid"": ""-31500"", ""sel_7th_pre_req_pre"": ""0"", ""sel_7th_pre_req"": ""55"", ""sel_7th_pre_bid"": ""-31450"", ""sel_6th_pre_req_pre"": ""0"", ""sel_6th_pre_req"": ""130"", ""sel_6th_pre_bid"": ""-31400"", ""sel_5th_pre_req_pre"": ""0"", ""sel_5th_pre_req"": ""2"", ""sel_5th_pre_bid"": ""-31350"", ""sel_4th_pre_req_pre"": ""0"", ""sel_4th_pre_req"": ""28"", ""sel_4th_pre_bid"": ""-31300"", ""sel_3th_pre_req_pre"": ""0"", ""sel_3th_pre_req"": ""73"", ""sel_3th_pre_bid"": ""-31250"", ""sel_2th_pre_req_pre"": ""0"", ""sel_2th_pre_req"": ""125"", ""sel_2th_pre_bid"": ""-31200"", ""sel_1th_pre_req_pre"": ""0"", ""sel_fpr_req"": ""65"", ""sel_fpr_bid"": ""-31150"", ""buy_fpr_bid"": ""-31100"", ""buy_fpr_req"": ""21"", ""buy_1th_pre_req_pre"": ""0"", ""buy_2th_pre_bid"": ""-31050"", ""buy_2th_pre_req"": ""15"", ""buy_2th_pre_req_pre"": ""0"", ""buy_3th_pre_bid"": ""-31000"", ""buy_3th_pre_req"": ""22"", ""buy_3th_pre_req_pre"": ""0"", ""buy_4th_pre_bid"": ""-30950"", ""buy_4th_pre_req"": ""31"", ""buy_4th_pre_req_pre"": ""0"", ""buy_5th_pre_bid"": ""-30900"", ""buy_5th_pre_req"": ""120"", ""buy_5th_pre_req_pre"": ""0"", ""buy_6th_pre_bid"": ""-30850"", ""buy_6th_pre_req"": ""11"", ""buy_6th_pre_req_pre"": ""0"", ""buy_7th_pre_bid"": ""-30800"", ""buy_7th_pre_req"": ""129"", ""buy_7th_pre_req_pre"": ""0"", ""buy_8th_pre_bid"": ""-30750"", ""buy_8th_pre_req"": ""93"", ""buy_8th_pre_req_pre"": ""0"", ""buy_9th_pre_bid"": ""-30700"", ""buy_9th_pre_req"": ""177"", ""buy_9th_pre_req_pre"": ""0"", ""buy_10th_pre_bid"": ""-30650"", ""buy_10th_pre_req"": ""32"", ""buy_10th_pre_req_pre"": ""0"", ""tot_sel_req_jub_pre"": ""0"", ""tot_sel_req"": ""889"", ""tot_buy_req"": ""651"", ""tot_buy_req_jub_pre"": ""0"", ""ovt_sel_req_pre"": ""0"", ""ovt_sel_req"": ""0"", ""ovt_buy_req"": ""0"", ""ovt_buy_req_pre"": ""0"", ""return_code"": 0, ""return_msg"": ""정상적으로 처리되었습니다""}"
2026-06-10,watchlist,055550,,0,filtered_candidate_recheck,100000,,100000,99900,100000,99600,-0.5,0.1,,,,,,"{""bid_req_base_tm"": ""101410"", ""sel_10th_pre_req_pre"": ""0"", ""sel_10th_pre_req"": ""311"", ""sel_10th_pre_bid"": ""-100900"", ""sel_9th_pre_req_pre"": ""0"", ""sel_9th_pre_req"": ""1033"", ""sel_9th_pre_bid"": ""-100800"", ""sel_8th_pre_req_pre"": ""0"", ""sel_8th_pre_req"": ""127"", ""sel_8th_pre_bid"": ""-100700"", ""sel_7th_pre_req_pre"": ""0"", ""sel_7th_pre_req"": ""901"", ""sel_7th_pre_bid"": ""-100600"", ""sel_6th_pre_req_pre"": ""0"", ""sel_6th_pre_req"": ""1692"", ""sel_6th_pre_bid"": ""-100500"", ""sel_5th_pre_req_pre"": ""0"", ""sel_5th_pre_req"": ""693"", ""sel_5th_pre_bid"": ""-100400"", ""sel_4th_pre_req_pre"": ""0"", ""sel_4th_pre_req"": ""316"", ""sel_4th_pre_bid"": ""-100300"", ""sel_3th_pre_req_pre"": ""0"", ""sel_3th_pre_req"": ""933"", ""sel_3th_pre_bid"": ""-100200"", ""sel_2th_pre_req_pre"": ""0"", ""sel_2th_pre_req"": ""738"", ""sel_2th_pre_bid"": ""-100100"", ""sel_1th_pre_req_pre"": ""0"", ""sel_fpr_req"": ""1273"", ""sel_fpr_bid"": ""-100000"", ""buy_fpr_bid"": ""-99900"", ""buy_fpr_req"": ""347"", ""buy_1th_pre_req_pre"": ""--3"", ""buy_2th_pre_bid"": ""-99800"", ""buy_2th_pre_req"": ""393"", ""buy_2th_pre_req_pre"": ""0"", ""buy_3th_pre_bid"": ""-99700"", ""buy_3th_pre_req"": ""322"", ""buy_3th_pre_req_pre"": ""0"", ""buy_4th_pre_bid"": ""-99600"", ""buy_4th_pre_req"": ""212"", ""buy_4th_pre_req_pre"": ""0"", ""buy_5th_pre_bid"": ""-99500"", ""buy_5th_pre_req"": ""432"", ""buy_5th_pre_req_pre"": ""0"", ""buy_6th_pre_bid"": ""-99400"", ""buy_6th_pre_req"": ""63"", ""buy_6th_pre_req_pre"": ""0"", ""buy_7th_pre_bid"": ""-99300"", ""buy_7th_pre_req"": ""100"", ""buy_7th_pre_req_pre"": ""0"", ""buy_8th_pre_bid"": ""-99200"", ""buy_8th_pre_req"": ""20"", ""buy_8th_pre_req_pre"": ""0"", ""buy_9th_pre_bid"": ""-99100"", ""buy_9th_pre_req"": ""83"", ""buy_9th_pre_req_pre"": ""0"", ""buy_10th_pre_bid"": ""-99000"", ""buy_10th_pre_req"": ""118"", ""buy_10th_pre_req_pre"": ""0"", ""tot_sel_req_jub_pre"": ""0"", ""tot_sel_req"": ""8017"", ""tot_buy_req"": ""2090"", ""tot_buy_req_jub_pre"": ""--3"", ""ovt_sel_req_pre"": ""0"", ""ovt_sel_req"": ""0"", ""ovt_buy_req"": ""0"", ""ovt_buy_req_pre"": ""0"", ""return_code"": 0, ""return_msg"": ""정상적으로 처리되었습니다""}"
2026-06-10,watchlist,192080,,1,filtered_candidate_recheck,72000,,72000,71800,72000,72100,0.0,0.2777777777777778,,,,,,"{""bid_req_base_tm"": ""101406"", ""sel_10th_pre_req_pre"": ""0"", ""sel_10th_pre_req"": ""12"", ""sel_10th_pre_bid"": ""+73200"", ""sel_9th_pre_req_pre"": ""0"", ""sel_9th_pre_req"": ""50"", ""sel_9th_pre_bid"": ""+73000"", ""sel_8th_pre_req_pre"": ""0"", ""sel_8th_pre_req"": ""4"", ""sel_8th_pre_bid"": ""+72900"", ""sel_7th_pre_req_pre"": ""0"", ""sel_7th_pre_req"": ""10"", ""sel_7th_pre_bid"": ""+72600"", ""sel_6th_pre_req_pre"": ""0"", ""sel_6th_pre_req"": ""29"", ""sel_6th_pre_bid"": ""+72500"", ""sel_5th_pre_req_pre"": ""0"", ""sel_5th_pre_req"": ""2"", ""sel_5th_pre_bid"": ""+72400"", ""sel_4th_pre_req_pre"": ""0"", ""sel_4th_pre_req"": ""1"", ""sel_4th_pre_bid"": ""+72300"", ""sel_3th_pre_req_pre"": ""0"", ""sel_3th_pre_req"": ""135"", ""sel_3th_pre_bid"": ""+72200"", ""sel_2th_pre_req_pre"": ""0"", ""sel_2th_pre_req"": ""37"", ""sel_2th_pre_bid"": ""+72100"", ""sel_1th_pre_req_pre"": ""0"", ""sel_fpr_req"": ""121"", ""sel_fpr_bid"": ""72000"", ""buy_fpr_bid"": ""-71800"", ""buy_fpr_req"": ""101"", ""buy_1th_pre_req_pre"": ""+8"", ""buy_2th_pre_bid"": ""-71700"", ""buy_2th_pre_req"": ""51"", ""buy_2th_pre_req_pre"": ""0"", ""buy_3th_pre_bid"": ""-71600"", ""buy_3th_pre_req"": ""98"", ""buy_3th_pre_req_pre"": ""0"", ""buy_4th_pre_bid"": ""-71500"", ""buy_4th_pre_req"": ""55"", ""buy_4th_pre_req_pre"": ""0"", ""buy_5th_pre_bid"": ""-71400"", ""buy_5th_pre_req"": ""43"", ""buy_5th_pre_req_pre"": ""0"", ""buy_6th_pre_bid"": ""-71300"", ""buy_6th_pre_req"": ""21"", ""buy_6th_pre_req_pre"": ""0"", ""buy_7th_pre_bid"": ""-71200"", ""buy_7th_pre_req"": ""11"", ""buy_7th_pre_req_pre"": ""0"", ""buy_8th_pre_bid"": ""-71100"", ""buy_8th_pre_req"": ""78"", ""buy_8th_pre_req_pre"": ""0"", ""buy_9th_pre_bid"": ""-71000"", ""buy_9th_pre_req"": ""118"", ""buy_9th_pre_req_pre"": ""0"", ""buy_10th_pre_bid"": ""-70900"", ""buy_10th_pre_req"": ""78"", ""buy_10th_pre_req_pre"": ""0"", ""tot_sel_req_jub_pre"": ""0"", ""tot_sel_req"": ""401"", ""tot_buy_req"": ""654"", ""tot_buy_req_jub_pre"": ""+8"", ""ovt_sel_req_pre"": ""0"", ""ovt_sel_req"": ""0"", ""ovt_buy_req"": ""0"", ""ovt_buy_req_pre"": ""0"", ""return_code"": 0, ""return_msg"": ""정상적으로 처리되었습니다""}"
2026-06-10,watchlist,000430,,1,filtered_candidate_recheck,5710,,5710,5700,5710,5730,0.17513134851138354,0.17513134851138354,,,,,,"{""bid_req_base_tm"": ""101411"", ""sel_10th_pre_req_pre"": ""0"", ""sel_10th_pre_req"": ""149"", ""sel_10th_pre_bid"": ""-5800"", ""sel_9th_pre_req_pre"": ""0"", ""sel_9th_pre_req"": ""2268"", ""sel_9th_pre_bid"": ""-5790"", ""sel_8th_pre_req_pre"": ""0"", ""sel_8th_pre_req"": ""1417"", ""sel_8th_pre_bid"": ""-5780"", ""sel_7th_pre_req_pre"": ""0"", ""sel_7th_pre_req"": ""60"", ""sel_7th_pre_bid"": ""-5770"", ""sel_6th_pre_req_pre"": ""0"", ""sel_6th_pre_req"": ""624"", ""sel_6th_pre_bid"": ""-5760"", ""sel_5th_pre_req_pre"": ""0"", ""sel_5th_pre_req"": ""1541"", ""sel_5th_pre_bid"": ""-5750"", ""sel_4th_pre_req_pre"": ""0"", ""sel_4th_pre_req"": ""154"", ""sel_4th_pre_bid"": ""-5740"", ""sel_3th_pre_req_pre"": ""0"", ""sel_3th_pre_req"": ""3341"", ""sel_3th_pre_bid"": ""-5730"", ""sel_2th_pre_req_pre"": ""0"", ""sel_2th_pre_req"": ""1257"", ""sel_2th_pre_bid"": ""-5720"", ""sel_1th_pre_req_pre"": ""+36"", ""sel_fpr_req"": ""116"", ""sel_fpr_bid"": ""-5710"", ""buy_fpr_bid"": ""-5700"", ""buy_fpr_req"": ""504"", ""buy_1th_pre_req_pre"": ""0"", ""buy_2th_pre_bid"": ""-5690"", ""buy_2th_pre_req"": ""1026"", ""buy_2th_pre_req_pre"": ""0"", ""buy_3th_pre_bid"": ""-5680"", ""buy_3th_pre_req"": ""3776"", ""buy_3th_pre_req_pre"": ""0"", ""buy_4th_pre_bid"": ""-5670"", ""buy_4th_pre_req"": ""3356"", ""buy_4th_pre_req_pre"": ""0"", ""buy_5th_pre_bid"": ""-5660"", ""buy_5th_pre_req"": ""5647"", ""buy_5th_pre_req_pre"": ""0"", ""buy_6th_pre_bid"": ""-5650"", ""buy_6th_pre_req"": ""4989"", ""buy_6th_pre_req_pre"": ""0"", ""buy_7th_pre_bid"": ""-5640"", ""buy_7th_pre_req"": ""2470"", ""buy_7th_pre_req_pre"": ""0"", ""buy_8th_pre_bid"": ""-5630"", ""buy_8th_pre_req"": ""982"", ""buy_8th_pre_req_pre"": ""0"", ""buy_9th_pre_bid"": ""-5620"", ""buy_9th_pre_req"": ""3247"", ""buy_9th_pre_req_pre"": ""0"", ""buy_10th_pre_bid"": ""-5610"", ""buy_10th_pre_req"": ""8502"", ""buy_10th_pre_req_pre"": ""0"", ""tot_sel_req_jub_pre"": ""+36"", ""tot_sel_req"": ""10927"", ""tot_buy_req"": ""34499"", ""tot_buy_req_jub_pre"": ""0"", ""ovt_sel_req_pre"": ""0"", ""ovt_sel_req"": ""0"", ""ovt_buy_req"": ""0"", ""ovt_buy_req_pre"": ""0"", ""return_code"": 0, ""return_msg"": ""정상적으로 처리되었습니다""}"
2026-06-10,watchlist,307950,,0,filtered_candidate_recheck,711000,,711000,710000,711000,710000,-0.2812939521800281,0.14064697609001406,,,,,,"{""bid_req_base_tm"": ""101411"", ""sel_10th_pre_req_pre"": ""0"", ""sel_10th_pre_req"": ""163"", ""sel_10th_pre_bid"": ""+720000"", ""sel_9th_pre_req_pre"": ""0"", ""sel_9th_pre_req"": ""59"", ""sel_9th_pre_bid"": ""+719000"", ""sel_8th_pre_req_pre"": ""0"", ""sel_8th_pre_req"": ""71"", ""sel_8th_pre_bid"": ""+718000"", ""sel_7th_pre_req_pre"": ""0"", ""sel_7th_pre_req"": ""87"", ""sel_7th_pre_bid"": ""+717000"", ""sel_6th_pre_req_pre"": ""0"", ""sel_6th_pre_req"": ""16"", ""sel_6th_pre_bid"": ""+716000"", ""sel_5th_pre_req_pre"": ""0"", ""sel_5th_pre_req"": ""105"", ""sel_5th_pre_bid"": ""+715000"", ""sel_4th_pre_req_pre"": ""0"", ""sel_4th_pre_req"": ""82"", ""sel_4th_pre_bid"": ""+714000"", ""sel_3th_pre_req_pre"": ""0"", ""sel_3th_pre_req"": ""60"", ""sel_3th_pre_bid"": ""+713000"", ""sel_2th_pre_req_pre"": ""0"", ""sel_2th_pre_req"": ""183"", ""sel_2th_pre_bid"": ""+712000"", ""sel_1th_pre_req_pre"": ""0"", ""sel_fpr_req"": ""88"", ""sel_fpr_bid"": ""+711000"", ""buy_fpr_bid"": ""+710000"", ""buy_fpr_req"": ""101"", ""buy_1th_pre_req_pre"": ""0"", ""buy_2th_pre_bid"": ""+708000"", ""buy_2th_pre_req"": ""41"", ""buy_2th_pre_req_pre"": ""0"", ""buy_3th_pre_bid"": ""+707000"", ""buy_3th_pre_req"": ""2"", ""buy_3th_pre_req_pre"": ""0"", ""buy_4th_pre_bid"": ""+706000"", ""buy_4th_pre_req"": ""28"", ""buy_4th_pre_req_pre"": ""0"", ""buy_5th_pre_bid"": ""+705000"", ""buy_5th_pre_req"": ""43"", ""buy_5th_pre_req_pre"": ""0"", ""buy_6th_pre_bid"": ""+704000"", ""buy_6th_pre_req"": ""50"", ""buy_6th_pre_req_pre"": ""0"", ""buy_7th_pre_bid"": ""+703000"", ""buy_7th_pre_req"": ""79"", ""buy_7th_pre_req_pre"": ""0"", ""buy_8th_pre_bid"": ""+702000"", ""buy_8th_pre_req"": ""46"", ""buy_8th_pre_req_pre"": ""0"", ""buy_9th_pre_bid"": ""+701000"", ""buy_9th_pre_req"": ""258"", ""buy_9th_pre_req_pre"": ""0"", ""buy_10th_pre_bid"": ""+700000"", ""buy_10th_pre_req"": ""571"", ""buy_10th_pre_req_pre"": ""0"", ""tot_sel_req_jub_pre"": ""0"", ""tot_sel_req"": ""914"", ""tot_buy_req"": ""1219"", ""tot_buy_req_jub_pre"": ""0"", ""ovt_sel_req_pre"": ""0"", ""ovt_sel_req"": ""0"", ""ovt_buy_req"": ""0"", ""ovt_buy_req_pre"": ""0"", ""return_code"": 0, ""return_msg"": ""정상적으로 처리되었습니다""}"
2026-06-10,watchlist,114090,,0,filtered_candidate_recheck,12040,,12040,12000,12040,11950,-1.1627906976744187,0.33222591362126247,,,,,,"{""bid_req_base_tm"": ""101404"", ""sel_10th_pre_req_pre"": ""0"", ""sel_10th_pre_req"": ""349"", ""sel_10th_pre_bid"": ""+12190"", ""sel_9th_pre_req_pre"": ""0"", ""sel_9th_pre_req"": ""76"", ""sel_9th_pre_bid"": ""+12180"", ""sel_8th_pre_req_pre"": ""0"", ""sel_8th_pre_req"": ""12"", ""sel_8th_pre_bid"": ""+12170"", ""sel_7th_pre_req_pre"": ""0"", ""sel_7th_pre_req"": ""1070"", ""sel_7th_pre_bid"": ""+12150"", ""sel_6th_pre_req_pre"": ""0"", ""sel_6th_pre_req"": ""125"", ""sel_6th_pre_bid"": ""+12140"", ""sel_5th_pre_req_pre"": ""0"", ""sel_5th_pre_req"": ""469"", ""sel_5th_pre_bid"": ""+12130"", ""sel_4th_pre_req_pre"": ""0"", ""sel_4th_pre_req"": ""1"", ""sel_4th_pre_bid"": ""+12080"", ""sel_3th_pre_req_pre"": ""0"", ""sel_3th_pre_req"": ""511"", ""sel_3th_pre_bid"": ""+12070"", ""sel_2th_pre_req_pre"": ""0"", ""sel_2th_pre_req"": ""65"", ""sel_2th_pre_bid"": ""+12060"", ""sel_1th_pre_req_pre"": ""+167"", ""sel_fpr_req"": ""631"", ""sel_fpr_bid"": ""+12040"", ""buy_fpr_bid"": ""+12000"", ""buy_fpr_req"": ""566"", ""buy_1th_pre_req_pre"": ""0"", ""buy_2th_pre_bid"": ""+11990"", ""buy_2th_pre_req"": ""354"", ""buy_2th_pre_req_pre"": ""0"", ""buy_3th_pre_bid"": ""+11980"", ""buy_3th_pre_req"": ""340"", ""buy_3th_pre_req_pre"": ""0"", ""buy_4th_pre_bid"": ""+11970"", ""buy_4th_pre_req"": ""63"", ""buy_4th_pre_req_pre"": ""0"", ""buy_5th_pre_bid"": ""11950"", ""buy_5th_pre_req"": ""350"", ""buy_5th_pre_req_pre"": ""0"", ""buy_6th_pre_bid"": ""-11900"", ""buy_6th_pre_req"": ""147"", ""buy_6th_pre_req_pre"": ""0"", ""buy_7th_pre_bid"": ""-11850"", ""buy_7th_pre_req"": ""30"", ""buy_7th_pre_req_pre"": ""0"", ""buy_8th_pre_bid"": ""-11840"", ""buy_8th_pre_req"": ""25"", ""buy_8th_pre_req_pre"": ""0"", ""buy_9th_pre_bid"": ""-11820"", ""buy_9th_pre_req"": ""24"", ""buy_9th_pre_req_pre"": ""0"", ""buy_10th_pre_bid"": ""-11800"", ""buy_10th_pre_req"": ""487"", ""buy_10th_pre_req_pre"": ""0"", ""tot_sel_req_jub_pre"": ""+167"", ""tot_sel_req"": ""3309"", ""tot_buy_req"": ""2386"", ""tot_buy_req_jub_pre"": ""0"", ""ovt_sel_req_pre"": ""0"", ""ovt_sel_req"": ""0"", ""ovt_buy_req"": ""0"", ""ovt_buy_req_pre"": ""0"", ""return_code"": 0, ""return_msg"": ""정상적으로 처리되었습니다""}"
2026-06-10,watchlist,281820,,0,filtered_candidate_recheck,67300,,67300,67100,67300,67500,0.1485884101040119,0.2971768202080238,,,,,,"{""bid_req_base_tm"": ""101409"", ""sel_10th_pre_req_pre"": ""0"", ""sel_10th_pre_req"": ""97"", ""sel_10th_pre_bid"": ""+68300"", ""sel_9th_pre_req_pre"": ""0"", ""sel_9th_pre_req"": ""110"", ""sel_9th_pre_bid"": ""+68200"", ""sel_8th_pre_req_pre"": ""0"", ""sel_8th_pre_req"": ""15"", ""sel_8th_pre_bid"": ""+68100"", ""sel_7th_pre_req_pre"": ""0"", ""sel_7th_pre_req"": ""24"", ""sel_7th_pre_bid"": ""+68000"", ""sel_6th_pre_req_pre"": ""0"", ""sel_6th_pre_req"": ""77"", ""sel_6th_pre_bid"": ""+67900"", ""sel_5th_pre_req_pre"": ""0"", ""sel_5th_pre_req"": ""5"", ""sel_5th_pre_bid"": ""+67800"", ""sel_4th_pre_req_pre"": ""0"", ""sel_4th_pre_req"": ""1"", ""sel_4th_pre_bid"": ""+67700"", ""sel_3th_pre_req_pre"": ""0"", ""sel_3th_pre_req"": ""6"", ""sel_3th_pre_bid"": ""+67600"", ""sel_2th_pre_req_pre"": ""0"", ""sel_2th_pre_req"": ""10"", ""sel_2th_pre_bid"": ""+67500"", ""sel_1th_pre_req_pre"": ""0"", ""sel_fpr_req"": ""3"", ""sel_fpr_bid"": ""+67300"", ""buy_fpr_bid"": ""+67100"", ""buy_fpr_req"": ""117"", ""buy_1th_pre_req_pre"": ""0"", ""buy_2th_pre_bid"": ""+67000"", ""buy_2th_pre_req"": ""138"", ""buy_2th_pre_req_pre"": ""0"", ""buy_3th_pre_bid"": ""+66900"", ""buy_3th_pre_req"": ""8"", ""buy_3th_pre_req_pre"": ""0"", ""buy_4th_pre_bid"": ""+66800"", ""buy_4th_pre_req"": ""51"", ""buy_4th_pre_req_pre"": ""0"", ""buy_5th_pre_bid"": ""+66700"", ""buy_5th_pre_req"": ""35"", ""buy_5th_pre_req_pre"": ""0"", ""buy_6th_pre_bid"": ""+66600"", ""buy_6th_pre_req"": ""8"", ""buy_6th_pre_req_pre"": ""0"", ""buy_7th_pre_bid"": ""+66500"", ""buy_7th_pre_req"": ""75"", ""buy_7th_pre_req_pre"": ""0"", ""buy_8th_pre_bid"": ""66400"", ""buy_8th_pre_req"": ""17"", ""buy_8th_pre_req_pre"": ""0"", ""buy_9th_pre_bid"": ""-66300"", ""buy_9th_pre_req"": ""7"", ""buy_9th_pre_req_pre"": ""0"", ""buy_10th_pre_bid"": ""-66200"", ""buy_10th_pre_req"": ""135"", ""buy_10th_pre_req_pre"": ""0"", ""tot_sel_req_jub_pre"": ""0"", ""tot_sel_req"": ""348"", ""tot_buy_req"": ""591"", ""tot_buy_req_jub_pre"": ""0"", ""ovt_sel_req_pre"": ""0"", ""ovt_sel_req"": ""0"", ""ovt_buy_req"": ""0"", ""ovt_buy_req_pre"": ""0"", ""return_code"": 0, ""return_msg"": ""정상적으로 처리되었습니다""}"
2026-06-10,watchlist,489790,,0,filtered_candidate_recheck,70400,,70400,70300,70400,70000,-0.7102272727272727,0.14204545454545456,,,,,,"{""bid_req_base_tm"": ""101411"", ""sel_10th_pre_req_pre"": ""0"", ""sel_10th_pre_req"": ""585"", ""sel_10th_pre_bid"": ""+71300"", ""sel_9th_pre_req_pre"": ""0"", ""sel_9th_pre_req"": ""335"", ""sel_9th_pre_bid"": ""+71200"", ""sel_8th_pre_req_pre"": ""0"", ""sel_8th_pre_req"": ""551"", ""sel_8th_pre_bid"": ""+71100"", ""sel_7th_pre_req_pre"": ""0"", ""sel_7th_pre_req"": ""1461"", ""sel_7th_pre_bid"": ""+71000"", ""sel_6th_pre_req_pre"": ""0"", ""sel_6th_pre_req"": ""320"", ""sel_6th_pre_bid"": ""+70900"", ""sel_5th_pre_req_pre"": ""0"", ""sel_5th_pre_req"": ""2029"", ""sel_5th_pre_bid"": ""+70800"", ""sel_4th_pre_req_pre"": ""0"", ""sel_4th_pre_req"": ""1004"", ""sel_4th_pre_bid"": ""+70700"", ""sel_3th_pre_req_pre"": ""0"", ""sel_3th_pre_req"": ""151"", ""sel_3th_pre_bid"": ""+70600"", ""sel_2th_pre_req_pre"": ""0"", ""sel_2th_pre_req"": ""35"", ""sel_2th_pre_bid"": ""+70500"", ""sel_1th_pre_req_pre"": ""--1"", ""sel_fpr_req"": ""140"", ""sel_fpr_bid"": ""+70400"", ""buy_fpr_bid"": ""+70300"", ""buy_fpr_req"": ""91"", ""buy_1th_pre_req_pre"": ""0"", ""buy_2th_pre_bid"": ""+70200"", ""buy_2th_pre_req"": ""76"", ""buy_2th_pre_req_pre"": ""0"", ""buy_3th_pre_bid"": ""+70100"", ""buy_3th_pre_req"": ""143"", ""buy_3th_pre_req_pre"": ""0"", ""buy_4th_pre_bid"": ""+70000"", ""buy_4th_pre_req"": ""194"", ""buy_4th_pre_req_pre"": ""0"", ""buy_5th_pre_bid"": ""+69900"", ""buy_5th_pre_req"": ""107"", ""buy_5th_pre_req_pre"": ""0"", ""buy_6th_pre_bid"": ""+69800"", ""buy_6th_pre_req"": ""163"", ""buy_6th_pre_req_pre"": ""0"", ""buy_7th_pre_bid"": ""+69700"", ""buy_7th_pre_req"": ""17"", ""buy_7th_pre_req_pre"": ""0"", ""buy_8th_pre_bid"": ""+69600"", ""buy_8th_pre_req"": ""29"", ""buy_8th_pre_req_pre"": ""0"", ""buy_9th_pre_bid"": ""+69500"", ""buy_9th_pre_req"": ""28"", ""buy_9th_pre_req_pre"": ""0"", ""buy_10th_pre_bid"": ""+69400"", ""buy_10th_pre_req"": ""114"", ""buy_10th_pre_req_pre"": ""0"", ""tot_sel_req_jub_pre"": ""--1"", ""tot_sel_req"": ""6611"", ""tot_buy_req"": ""962"", ""tot_buy_req_jub_pre"": ""0"", ""ovt_sel_req_pre"": ""0"", ""ovt_sel_req"": ""0"", ""ovt_buy_req"": ""0"", ""ovt_buy_req_pre"": ""0"", ""return_code"": 0, ""return_msg"": ""정상적으로 처리되었습니다""}"
2026-06-10,watchlist,092200,,0,filtered_candidate_recheck,9770,,9770,9760,9770,9820,0.4094165813715456,0.1023541453428864,,,,,,"{""bid_req_base_tm"": ""101412"", ""sel_10th_pre_req_pre"": ""0"", ""sel_10th_pre_req"": ""1813"", ""sel_10th_pre_bid"": ""-9920"", ""sel_9th_pre_req_pre"": ""0"", ""sel_9th_pre_req"": ""1547"", ""sel_9th_pre_bid"": ""-9910"", ""sel_8th_pre_req_pre"": ""0"", ""sel_8th_pre_req"": ""873"", ""sel_8th_pre_bid"": ""-9900"", ""sel_7th_pre_req_pre"": ""0"", ""sel_7th_pre_req"": ""1000"", ""sel_7th_pre_bid"": ""-9890"", ""sel_6th_pre_req_pre"": ""0"", ""sel_6th_pre_req"": ""507"", ""sel_6th_pre_bid"": ""-9880"", ""sel_5th_pre_req_pre"": ""0"", ""sel_5th_pre_req"": ""265"", ""sel_5th_pre_bid"": ""-9870"", ""sel_4th_pre_req_pre"": ""0"", ""sel_4th_pre_req"": ""220"", ""sel_4th_pre_bid"": ""-9860"", ""sel_3th_pre_req_pre"": ""0"", ""sel_3th_pre_req"": ""957"", ""sel_3th_pre_bid"": ""-9800"", ""sel_2th_pre_req_pre"": ""0"", ""sel_2th_pre_req"": ""61"", ""sel_2th_pre_bid"": ""-9790"", ""sel_1th_pre_req_pre"": ""0"", ""sel_fpr_req"": ""21"", ""sel_fpr_bid"": ""-9770"", ""buy_fpr_bid"": ""-9760"", ""buy_fpr_req"": ""1125"", ""buy_1th_pre_req_pre"": ""--1"", ""buy_2th_pre_bid"": ""-9750"", ""buy_2th_pre_req"": ""3625"", ""buy_2th_pre_req_pre"": ""0"", ""buy_3th_pre_bid"": ""-9740"", ""buy_3th_pre_req"": ""1936"", ""buy_3th_pre_req_pre"": ""0"", ""buy_4th_pre_bid"": ""-9730"", ""buy_4th_pre_req"": ""2173"", ""buy_4th_pre_req_pre"": ""0"", ""buy_5th_pre_bid"": ""-9720"", ""buy_5th_pre_req"": ""2118"", ""buy_5th_pre_req_pre"": ""0"", ""buy_6th_pre_bid"": ""-9710"", ""buy_6th_pre_req"": ""2301"", ""buy_6th_pre_req_pre"": ""0"", ""buy_7th_pre_bid"": ""-9700"", ""buy_7th_pre_req"": ""2397"", ""buy_7th_pre_req_pre"": ""0"", ""buy_8th_pre_bid"": ""-9690"", ""buy_8th_pre_req"": ""516"", ""buy_8th_pre_req_pre"": ""0"", ""buy_9th_pre_bid"": ""-9680"", ""buy_9th_pre_req"": ""612"", ""buy_9th_pre_req_pre"": ""0"", ""buy_10th_pre_bid"": ""-9670"", ""buy_10th_pre_req"": ""834"", ""buy_10th_pre_req_pre"": ""0"", ""tot_sel_req_jub_pre"": ""0"", ""tot_sel_req"": ""7264"", ""tot_buy_req"": ""17637"", ""tot_buy_req_jub_pre"": ""--1"", ""ovt_sel_req_pre"": ""0"", ""ovt_sel_req"": ""0"", ""ovt_buy_req"": ""0"", ""ovt_buy_req_pre"": ""0"", ""return_code"": 0, ""return_msg"": ""정상적으로 처리되었습니다""}"
2026-06-10,watchlist,175330,,0,filtered_candidate_recheck,25550,,25550,25500,25550,25600,0.0,0.19569471624266144,,,,,,"{""bid_req_base_tm"": ""101412"", ""sel_10th_pre_req_pre"": ""0"", ""sel_10th_pre_req"": ""233"", ""sel_10th_pre_bid"": ""+26000"", ""sel_9th_pre_req_pre"": ""0"", ""sel_9th_pre_req"": ""142"", ""sel_9th_pre_bid"": ""+25950"", ""sel_8th_pre_req_pre"": ""0"", ""sel_8th_pre_req"": ""532"", ""sel_8th_pre_bid"": ""25900"", ""sel_7th_pre_req_pre"": ""0"", ""sel_7th_pre_req"": ""454"", ""sel_7th_pre_bid"": ""-25850"", ""sel_6th_pre_req_pre"": ""0"", ""sel_6th_pre_req"": ""198"", ""sel_6th_pre_bid"": ""-25800"", ""sel_5th_pre_req_pre"": ""0"", ""sel_5th_pre_req"": ""193"", ""sel_5th_pre_bid"": ""-25750"", ""sel_4th_pre_req_pre"": ""0"", ""sel_4th_pre_req"": ""267"", ""sel_4th_pre_bid"": ""-25700"", ""sel_3th_pre_req_pre"": ""0"", ""sel_3th_pre_req"": ""540"", ""sel_3th_pre_bid"": ""-25650"", ""sel_2th_pre_req_pre"": ""0"", ""sel_2th_pre_req"": ""1039"", ""sel_2th_pre_bid"": ""-25600"", ""sel_1th_pre_req_pre"": ""0"", ""sel_fpr_req"": ""821"", ""sel_fpr_bid"": ""-25550"", ""buy_fpr_bid"": ""-25500"", ""buy_fpr_req"": ""1093"", ""buy_1th_pre_req_pre"": ""0"", ""buy_2th_pre_bid"": ""-25450"", ""buy_2th_pre_req"": ""1908"", ""buy_2th_pre_req_pre"": ""0"", ""buy_3th_pre_bid"": ""-25400"", ""buy_3th_pre_req"": ""605"", ""buy_3th_pre_req_pre"": ""0"", ""buy_4th_pre_bid"": ""-25350"", ""buy_4th_pre_req"": ""351"", ""buy_4th_pre_req_pre"": ""0"", ""buy_5th_pre_bid"": ""-25300"", ""buy_5th_pre_req"": ""389"", ""buy_5th_pre_req_pre"": ""0"", ""buy_6th_pre_bid"": ""-25250"", ""buy_6th_pre_req"": ""484"", ""buy_6th_pre_req_pre"": ""0"", ""buy_7th_pre_bid"": ""-25200"", ""buy_7th_pre_req"": ""301"", ""buy_7th_pre_req_pre"": ""0"", ""buy_8th_pre_bid"": ""-25150"", ""buy_8th_pre_req"": ""804"", ""buy_8th_pre_req_pre"": ""0"", ""buy_9th_pre_bid"": ""-25100"", ""buy_9th_pre_req"": ""505"", ""buy_9th_pre_req_pre"": ""0"", ""buy_10th_pre_bid"": ""-25050"", ""buy_10th_pre_req"": ""398"", ""buy_10th_pre_req_pre"": ""0"", ""tot_sel_req_jub_pre"": ""0"", ""tot_sel_req"": ""4419"", ""tot_buy_req"": ""6838"", ""tot_buy_req_jub_pre"": ""0"", ""ovt_sel_req_pre"": ""0"", ""ovt_sel_req"": ""0"", ""ovt_buy_req"": ""0"", ""ovt_buy_req_pre"": ""0"", ""return_code"": 0, ""return_msg"": ""정상적으로 처리되었습니다""}"
2026-06-10,watchlist,069960,,0,filtered_candidate_recheck,163500,,163500,163400,163500,163500,-0.3058103975535168,0.06116207951070336,,,,,,"{""bid_req_base_tm"": ""101409"", ""sel_10th_pre_req_pre"": ""0"", ""sel_10th_pre_req"": ""1"", ""sel_10th_pre_bid"": ""-165200"", ""sel_9th_pre_req_pre"": ""0"", ""sel_9th_pre_req"": ""8"", ""sel_9th_pre_bid"": ""-164800"", ""sel_8th_pre_req_pre"": ""0"", ""sel_8th_pre_req"": ""1"", ""sel_8th_pre_bid"": ""-164400"", ""sel_7th_pre_req_pre"": ""0"", ""sel_7th_pre_req"": ""51"", ""sel_7th_pre_bid"": ""-164300"", ""sel_6th_pre_req_pre"": ""--22"", ""sel_6th_pre_req"": ""53"", ""sel_6th_pre_bid"": ""-164200"", ""sel_5th_pre_req_pre"": ""0"", ""sel_5th_pre_req"": ""2"", ""sel_5th_pre_bid"": ""-164000"", ""sel_4th_pre_req_pre"": ""0"", ""sel_4th_pre_req"": ""15"", ""sel_4th_pre_bid"": ""-163800"", ""sel_3th_pre_req_pre"": ""0"", ""sel_3th_pre_req"": ""29"", ""sel_3th_pre_bid"": ""-163700"", ""sel_2th_pre_req_pre"": ""0"", ""sel_2th_pre_req"": ""11"", ""sel_2th_pre_bid"": ""-163600"", ""sel_1th_pre_req_pre"": ""0"", ""sel_fpr_req"": ""84"", ""sel_fpr_bid"": ""-163500"", ""buy_fpr_bid"": ""-163400"", ""buy_fpr_req"": ""24"", ""buy_1th_pre_req_pre"": ""0"", ""buy_2th_pre_bid"": ""-163300"", ""buy_2th_pre_req"": ""6"", ""buy_2th_pre_req_pre"": ""0"", ""buy_3th_pre_bid"": ""-163000"", ""buy_3th_pre_req"": ""6"", ""buy_3th_pre_req_pre"": ""0"", ""buy_4th_pre_bid"": ""-162600"", ""buy_4th_pre_req"": ""10"", ""buy_4th_pre_req_pre"": ""0"", ""buy_5th_pre_bid"": ""-162500"", ""buy_5th_pre_req"": ""4"", ""buy_5th_pre_req_pre"": ""0"", ""buy_6th_pre_bid"": ""-162200"", ""buy_6th_pre_req"": ""1"", ""buy_6th_pre_req_pre"": ""0"", ""buy_7th_pre_bid"": ""-162100"", ""buy_7th_pre_req"": ""4"", ""buy_7th_pre_req_pre"": ""0"", ""buy_8th_pre_bid"": ""-162000"", ""buy_8th_pre_req"": ""1464"", ""buy_8th_pre_req_pre"": ""0"", ""buy_9th_pre_bid"": ""-161900"", ""buy_9th_pre_req"": ""1"", ""buy_9th_pre_req_pre"": ""0"", ""buy_10th_pre_bid"": ""-161800"", ""buy_10th_pre_req"": ""6"", ""buy_10th_pre_req_pre"": ""0"", ""tot_sel_req_jub_pre"": ""--36"", ""tot_sel_req"": ""255"", ""tot_buy_req"": ""1526"", ""tot_buy_req_jub_pre"": ""0"", ""ovt_sel_req_pre"": ""0"", ""ovt_sel_req"": ""0"", ""ovt_buy_req"": ""0"", ""ovt_buy_req_pre"": ""0"", ""return_code"": 0, ""return_msg"": ""정상적으로 처리되었습니다""}"
2026-06-10,scan_candidate,005930,,0,main_scan,308000,,308000,307500,308000,308500,0.0,0.16233766233766234,,,,,,"{""bid_req_base_tm"": ""101543"", ""sel_10th_pre_req_pre"": ""0"", ""sel_10th_pre_req"": ""14352"", ""sel_10th_pre_bid"": ""-312500"", ""sel_9th_pre_req_pre"": ""0"", ""sel_9th_pre_req"": ""19663"", ""sel_9th_pre_bid"": ""-312000"", ""sel_8th_pre_req_pre"": ""0"", ""sel_8th_pre_req"": ""14960"", ""sel_8th_pre_bid"": ""-311500"", ""sel_7th_pre_req_pre"": ""0"", ""sel_7th_pre_req"": ""15946"", ""sel_7th_pre_bid"": ""-311000"", ""sel_6th_pre_req_pre"": ""0"", ""sel_6th_pre_req"": ""10332"", ""sel_6th_pre_bid"": ""-310500"", ""sel_5th_pre_req_pre"": ""0"", ""sel_5th_pre_req"": ""26828"", ""sel_5th_pre_bid"": ""-310000"", ""sel_4th_pre_req_pre"": ""+33"", ""sel_4th_pre_req"": ""17752"", ""sel_4th_pre_bid"": ""-309500"", ""sel_3th_pre_req_pre"": ""0"", ""sel_3th_pre_req"": ""19952"", ""sel_3th_pre_bid"": ""-309000"", ""sel_2th_pre_req_pre"": ""0"", ""sel_2th_pre_req"": ""40696"", ""sel_2th_pre_bid"": ""-308500"", ""sel_1th_pre_req_pre"": ""--44"", ""sel_fpr_req"": ""18241"", ""sel_fpr_bid"": ""-308000"", ""buy_fpr_bid"": ""-307500"", ""buy_fpr_req"": ""12500"", ""buy_1th_pre_req_pre"": ""0"", ""buy_2th_pre_bid"": ""-307000"", ""buy_2th_pre_req"": ""19430"", ""buy_2th_pre_req_pre"": ""0"", ""buy_3th_pre_bid"": ""-306500"", ""buy_3th_pre_req"": ""15664"", ""buy_3th_pre_req_pre"": ""0"", ""buy_4th_pre_bid"": ""-306000"", ""buy_4th_pre_req"": ""65551"", ""buy_4th_pre_req_pre"": ""0"", ""buy_5th_pre_bid"": ""-305500"", ""buy_5th_pre_req"": ""75171"", ""buy_5th_pre_req_pre"": ""0"", ""buy_6th_pre_bid"": ""-305000"", ""buy_6th_pre_req"": ""194791"", ""buy_6th_pre_req_pre"": ""0"", ""buy_7th_pre_bid"": ""-304500"", ""buy_7th_pre_req"": ""27663"", ""buy_7th_pre_req_pre"": ""0"", ""buy_8th_pre_bid"": ""-304000"", ""buy_8th_pre_req"": ""42708"", ""buy_8th_pre_req_pre"": ""0"", ""buy_9th_pre_bid"": ""-303500"", ""buy_9th_pre_req"": ""38142"", ""buy_9th_pre_req_pre"": ""0"", ""buy_10th_pre_bid"": ""-303000"", ""buy_10th_pre_req"": ""72834"", ""buy_10th_pre_req_pre"": ""0"", ""tot_sel_req_jub_pre"": ""--11"", ""tot_sel_req"": ""198722"", ""tot_buy_req"": ""564454"", ""tot_buy_req_jub_pre"": ""0"", ""ovt_sel_req_pre"": ""0"", ""ovt_sel_req"": ""0"", ""ovt_buy_req"": ""0"", ""ovt_buy_req_pre"": ""0"", ""return_code"": 0, ""return_msg"": ""정상적으로 처리되었습니다""}"
2026-06-10,scan_candidate,000660,,0,main_scan,2132000,,2132000,2131000,2132000,2130000,-0.14071294559099437,0.04690431519699812,,,,,,"{""bid_req_base_tm"": ""101543"", ""sel_10th_pre_req_pre"": ""0"", ""sel_10th_pre_req"": ""285"", ""sel_10th_pre_bid"": ""-2141000"", ""sel_9th_pre_req_pre"": ""0"", ""sel_9th_pre_req"": ""2738"", ""sel_9th_pre_bid"": ""-2140000"", ""sel_8th_pre_req_pre"": ""0"", ""sel_8th_pre_req"": ""997"", ""sel_8th_pre_bid"": ""-2139000"", ""sel_7th_pre_req_pre"": ""0"", ""sel_7th_pre_req"": ""730"", ""sel_7th_pre_bid"": ""-2138000"", ""sel_6th_pre_req_pre"": ""0"", ""sel_6th_pre_req"": ""726"", ""sel_6th_pre_bid"": ""-2137000"", ""sel_5th_pre_req_pre"": ""0"", ""sel_5th_pre_req"": ""683"", ""sel_5th_pre_bid"": ""-2136000"", ""sel_4th_pre_req_pre"": ""0"", ""sel_4th_pre_req"": ""975"", ""sel_4th_pre_bid"": ""-2135000"", ""sel_3th_pre_req_pre"": ""0"", ""sel_3th_pre_req"": ""488"", ""sel_3th_pre_bid"": ""-2134000"", ""sel_2th_pre_req_pre"": ""0"", ""sel_2th_pre_req"": ""58"", ""sel_2th_pre_bid"": ""-2133000"", ""sel_1th_pre_req_pre"": ""+1"", ""sel_fpr_req"": ""145"", ""sel_fpr_bid"": ""-2132000"", ""buy_fpr_bid"": ""-2131000"", ""buy_fpr_req"": ""128"", ""buy_1th_pre_req_pre"": ""+1"", ""buy_2th_pre_bid"": ""-2130000"", ""buy_2th_pre_req"": ""2100"", ""buy_2th_pre_req_pre"": ""0"", ""buy_3th_pre_bid"": ""-2129000"", ""buy_3th_pre_req"": ""68"", ""buy_3th_pre_req_pre"": ""0"", ""buy_4th_pre_bid"": ""-2128000"", ""buy_4th_pre_req"": ""151"", ""buy_4th_pre_req_pre"": ""0"", ""buy_5th_pre_bid"": ""-2127000"", ""buy_5th_pre_req"": ""143"", ""buy_5th_pre_req_pre"": ""0"", ""buy_6th_pre_bid"": ""-2126000"", ""buy_6th_pre_req"": ""132"", ""buy_6th_pre_req_pre"": ""0"", ""buy_7th_pre_bid"": ""-2125000"", ""buy_7th_pre_req"": ""187"", ""buy_7th_pre_req_pre"": ""+1"", ""buy_8th_pre_bid"": ""-2124000"", ""buy_8th_pre_req"": ""289"", ""buy_8th_pre_req_pre"": ""0"", ""buy_9th_pre_bid"": ""-2123000"", ""buy_9th_pre_req"": ""370"", ""buy_9th_pre_req_pre"": ""0"", ""buy_10th_pre_bid"": ""-2122000"", ""buy_10th_pre_req"": ""805"", ""buy_10th_pre_req_pre"": ""0"", ""tot_sel_req_jub_pre"": ""+1"", ""tot_sel_req"": ""7825"", ""tot_buy_req"": ""4373"", ""tot_buy_req_jub_pre"": ""+2"", ""ovt_sel_req_pre"": ""0"", ""ovt_sel_req"": ""0"", ""ovt_buy_req"": ""0"", ""ovt_buy_req_pre"": ""0"", ""return_code"": 0, ""return_msg"": ""정상적으로 처리되었습니다""}"
2026-06-10,scan_candidate,402340,,0,main_scan,1224000,,1224000,1223000,1224000,1221000,-0.32679738562091504,0.08169934640522876,,,,,,"{""bid_req_base_tm"": ""101544"", ""sel_10th_pre_req_pre"": ""+3"", ""sel_10th_pre_req"": ""64"", ""sel_10th_pre_bid"": ""-1233000"", ""sel_9th_pre_req_pre"": ""0"", ""sel_9th_pre_req"": ""19"", ""sel_9th_pre_bid"": ""-1232000"", ""sel_8th_pre_req_pre"": ""0"", ""sel_8th_pre_req"": ""58"", ""sel_8th_pre_bid"": ""-1231000"", ""sel_7th_pre_req_pre"": ""0"", ""sel_7th_pre_req"": ""196"", ""sel_7th_pre_bid"": ""-1230000"", ""sel_6th_pre_req_pre"": ""--3"", ""sel_6th_pre_req"": ""138"", ""sel_6th_pre_bid"": ""-1229000"", ""sel_5th_pre_req_pre"": ""0"", ""sel_5th_pre_req"": ""70"", ""sel_5th_pre_bid"": ""-1228000"", ""sel_4th_pre_req_pre"": ""0"", ""sel_4th_pre_req"": ""224"", ""sel_4th_pre_bid"": ""-1227000"", ""sel_3th_pre_req_pre"": ""0"", ""sel_3th_pre_req"": ""73"", ""sel_3th_pre_bid"": ""-1226000"", ""sel_2th_pre_req_pre"": ""0"", ""sel_2th_pre_req"": ""272"", ""sel_2th_pre_bid"": ""-1225000"", ""sel_1th_pre_req_pre"": ""0"", ""sel_fpr_req"": ""176"", ""sel_fpr_bid"": ""-1224000"", ""buy_fpr_bid"": ""-1223000"", ""buy_fpr_req"": ""91"", ""buy_1th_pre_req_pre"": ""0"", ""buy_2th_pre_bid"": ""-1222000"", ""buy_2th_pre_req"": ""91"", ""buy_2th_pre_req_pre"": ""0"", ""buy_3th_pre_bid"": ""-1221000"", ""buy_3th_pre_req"": ""41"", ""buy_3th_pre_req_pre"": ""0"", ""buy_4th_pre_bid"": ""-1220000"", ""buy_4th_pre_req"": ""454"", ""buy_4th_pre_req_pre"": ""0"", ""buy_5th_pre_bid"": ""-1219000"", ""buy_5th_pre_req"": ""1"", ""buy_5th_pre_req_pre"": ""0"", ""buy_6th_pre_bid"": ""-1218000"", ""buy_6th_pre_req"": ""1"", ""buy_6th_pre_req_pre"": ""0"", ""buy_7th_pre_bid"": ""-1217000"", ""buy_7th_pre_req"": ""6"", ""buy_7th_pre_req_pre"": ""0"", ""buy_8th_pre_bid"": ""-1216000"", ""buy_8th_pre_req"": ""21"", ""buy_8th_pre_req_pre"": ""0"", ""buy_9th_pre_bid"": ""-1215000"", ""buy_9th_pre_req"": ""120"", ""buy_9th_pre_req_pre"": ""0"", ""buy_10th_pre_bid"": ""-1214000"", ""buy_10th_pre_req"": ""59"", ""buy_10th_pre_req_pre"": ""0"", ""tot_sel_req_jub_pre"": ""0"", ""tot_sel_req"": ""1290"", ""tot_buy_req"": ""885"", ""tot_buy_req_jub_pre"": ""0"", ""ovt_sel_req_pre"": ""0"", ""ovt_sel_req"": ""0"", ""ovt_buy_req"": ""0"", ""ovt_buy_req_pre"": ""0"", ""return_code"": 0, ""return_msg"": ""정상적으로 처리되었습니다""}"
2026-06-10,scan_candidate,009150,,0,main_scan,1890000,,1890000,1889000,1890000,1889000,-0.10582010582010583,0.052910052910052914,,,,,,"{""bid_req_base_tm"": ""101544"", ""sel_10th_pre_req_pre"": ""0"", ""sel_10th_pre_req"": ""106"", ""sel_10th_pre_bid"": ""-1899000"", ""sel_9th_pre_req_pre"": ""0"", ""sel_9th_pre_req"": ""232"", ""sel_9th_pre_bid"": ""-1898000"", ""sel_8th_pre_req_pre"": ""0"", ""sel_8th_pre_req"": ""18"", ""sel_8th_pre_bid"": ""-1897000"", ""sel_7th_pre_req_pre"": ""0"", ""sel_7th_pre_req"": ""45"", ""sel_7th_pre_bid"": ""-1896000"", ""sel_6th_pre_req_pre"": ""0"", ""sel_6th_pre_req"": ""74"", ""sel_6th_pre_bid"": ""-1895000"", ""sel_5th_pre_req_pre"": ""0"", ""sel_5th_pre_req"": ""39"", ""sel_5th_pre_bid"": ""-1894000"", ""sel_4th_pre_req_pre"": ""0"", ""sel_4th_pre_req"": ""646"", ""sel_4th_pre_bid"": ""-1893000"", ""sel_3th_pre_req_pre"": ""0"", ""sel_3th_pre_req"": ""195"", ""sel_3th_pre_bid"": ""-1892000"", ""sel_2th_pre_req_pre"": ""0"", ""sel_2th_pre_req"": ""60"", ""sel_2th_pre_bid"": ""-1891000"", ""sel_1th_pre_req_pre"": ""--5"", ""sel_fpr_req"": ""108"", ""sel_fpr_bid"": ""-1890000"", ""buy_fpr_bid"": ""-1889000"", ""buy_fpr_req"": ""173"", ""buy_1th_pre_req_pre"": ""--40"", ""buy_2th_pre_bid"": ""-1888000"", ""buy_2th_pre_req"": ""170"", ""buy_2th_pre_req_pre"": ""--30"", ""buy_3th_pre_bid"": ""-1887000"", ""buy_3th_pre_req"": ""121"", ""buy_3th_pre_req_pre"": ""--89"", ""buy_4th_pre_bid"": ""-1886000"", ""buy_4th_pre_req"": ""202"", ""buy_4th_pre_req_pre"": ""+49"", ""buy_5th_pre_bid"": ""-1885000"", ""buy_5th_pre_req"": ""129"", ""buy_5th_pre_req_pre"": ""+100"", ""buy_6th_pre_bid"": ""-1884000"", ""buy_6th_pre_req"": ""18"", ""buy_6th_pre_req_pre"": ""--266"", ""buy_7th_pre_bid"": ""-1883000"", ""buy_7th_pre_req"": ""295"", ""buy_7th_pre_req_pre"": ""+276"", ""buy_8th_pre_bid"": ""-1882000"", ""buy_8th_pre_req"": ""19"", ""buy_8th_pre_req_pre"": ""0"", ""buy_9th_pre_bid"": ""-1881000"", ""buy_9th_pre_req"": ""17"", ""buy_9th_pre_req_pre"": ""0"", ""buy_10th_pre_bid"": ""-1880000"", ""buy_10th_pre_req"": ""100"", ""buy_10th_pre_req_pre"": ""0"", ""tot_sel_req_jub_pre"": ""--5"", ""tot_sel_req"": ""1523"", ""tot_buy_req"": ""1244"", ""tot_buy_req_jub_pre"": ""0"", ""ovt_sel_req_pre"": ""0"", ""ovt_sel_req"": ""0"", ""ovt_buy_req"": ""0"", ""ovt_buy_req_pre"": ""0"", ""return_code"": 0, ""return_msg"": ""정상적으로 처리되었습니다""}"
2026-06-10,scan_candidate,032830,,0,main_scan,374000,,374000,373500,374000,374000,-0.1336898395721925,0.1336898395721925,,,,,,"{""bid_req_base_tm"": ""101544"", ""sel_10th_pre_req_pre"": ""0"", ""sel_10th_pre_req"": ""410"", ""sel_10th_pre_bid"": ""-379000"", ""sel_9th_pre_req_pre"": ""0"", ""sel_9th_pre_req"": ""66"", ""sel_9th_pre_bid"": ""-378500"", ""sel_8th_pre_req_pre"": ""0"", ""sel_8th_pre_req"": ""25"", ""sel_8th_pre_bid"": ""-378000"", ""sel_7th_pre_req_pre"": ""0"", ""sel_7th_pre_req"": ""28"", ""sel_7th_pre_bid"": ""-377500"", ""sel_6th_pre_req_pre"": ""0"", ""sel_6th_pre_req"": ""39"", ""sel_6th_pre_bid"": ""-377000"", ""sel_5th_pre_req_pre"": ""0"", ""sel_5th_pre_req"": ""75"", ""sel_5th_pre_bid"": ""-376500"", ""sel_4th_pre_req_pre"": ""0"", ""sel_4th_pre_req"": ""41"", ""sel_4th_pre_bid"": ""-376000"", ""sel_3th_pre_req_pre"": ""0"", ""sel_3th_pre_req"": ""5"", ""sel_3th_pre_bid"": ""-375500"", ""sel_2th_pre_req_pre"": ""0"", ""sel_2th_pre_req"": ""4"", ""sel_2th_pre_bid"": ""-375000"", ""sel_1th_pre_req_pre"": ""--9"", ""sel_fpr_req"": ""158"", ""sel_fpr_bid"": ""-374000"", ""buy_fpr_bid"": ""-373500"", ""buy_fpr_req"": ""93"", ""buy_1th_pre_req_pre"": ""0"", ""buy_2th_pre_bid"": ""-373000"", ""buy_2th_pre_req"": ""82"", ""buy_2th_pre_req_pre"": ""0"", ""buy_3th_pre_bid"": ""-372500"", ""buy_3th_pre_req"": ""61"", ""buy_3th_pre_req_pre"": ""0"", ""buy_4th_pre_bid"": ""-372000"", ""buy_4th_pre_req"": ""32"", ""buy_4th_pre_req_pre"": ""0"", ""buy_5th_pre_bid"": ""-371500"", ""buy_5th_pre_req"": ""34"", ""buy_5th_pre_req_pre"": ""0"", ""buy_6th_pre_bid"": ""-371000"", ""buy_6th_pre_req"": ""87"", ""buy_6th_pre_req_pre"": ""0"", ""buy_7th_pre_bid"": ""-370500"", ""buy_7th_pre_req"": ""62"", ""buy_7th_pre_req_pre"": ""0"", ""buy_8th_pre_bid"": ""-370000"", ""buy_8th_pre_req"": ""135"", ""buy_8th_pre_req_pre"": ""0"", ""buy_9th_pre_bid"": ""-369500"", ""buy_9th_pre_req"": ""17"", ""buy_9th_pre_req_pre"": ""0"", ""buy_10th_pre_bid"": ""-369000"", ""buy_10th_pre_req"": ""35"", ""buy_10th_pre_req_pre"": ""0"", ""tot_sel_req_jub_pre"": ""--9"", ""tot_sel_req"": ""851"", ""tot_buy_req"": ""638"", ""tot_buy_req_jub_pre"": ""0"", ""ovt_sel_req_pre"": ""0"", ""ovt_sel_req"": ""0"", ""ovt_buy_req"": ""0"", ""ovt_buy_req_pre"": ""0"", ""return_code"": 0, ""return_msg"": ""정상적으로 처리되었습니다""}"
2026-06-10,scan_candidate,012330,,0,main_scan,584000,,584000,583000,584000,584000,-0.17123287671232876,0.17123287671232876,,,,,,"{""bid_req_base_tm"": ""101544"", ""sel_10th_pre_req_pre"": ""0"", ""sel_10th_pre_req"": ""146"", ""sel_10th_pre_bid"": ""-593000"", ""sel_9th_pre_req_pre"": ""0"", ""sel_9th_pre_req"": ""195"", ""sel_9th_pre_bid"": ""-592000"", ""sel_8th_pre_req_pre"": ""0"", ""sel_8th_pre_req"": ""79"", ""sel_8th_pre_bid"": ""-591000"", ""sel_7th_pre_req_pre"": ""0"", ""sel_7th_pre_req"": ""843"", ""sel_7th_pre_bid"": ""-590000"", ""sel_6th_pre_req_pre"": ""0"", ""sel_6th_pre_req"": ""246"", ""sel_6th_pre_bid"": ""-589000"", ""sel_5th_pre_req_pre"": ""0"", ""sel_5th_pre_req"": ""314"", ""sel_5th_pre_bid"": ""-588000"", ""sel_4th_pre_req_pre"": ""0"", ""sel_4th_pre_req"": ""56"", ""sel_4th_pre_bid"": ""-587000"", ""sel_3th_pre_req_pre"": ""0"", ""sel_3th_pre_req"": ""223"", ""sel_3th_pre_bid"": ""-586000"", ""sel_2th_pre_req_pre"": ""+7"", ""sel_2th_pre_req"": ""346"", ""sel_2th_pre_bid"": ""-585000"", ""sel_1th_pre_req_pre"": ""0"", ""sel_fpr_req"": ""124"", ""sel_fpr_bid"": ""-584000"", ""buy_fpr_bid"": ""-583000"", ""buy_fpr_req"": ""211"", ""buy_1th_pre_req_pre"": ""0"", ""buy_2th_pre_bid"": ""-582000"", ""buy_2th_pre_req"": ""610"", ""buy_2th_pre_req_pre"": ""0"", ""buy_3th_pre_bid"": ""-581000"", ""buy_3th_pre_req"": ""319"", ""buy_3th_pre_req_pre"": ""+1"", ""buy_4th_pre_bid"": ""-580000"", ""buy_4th_pre_req"": ""584"", ""buy_4th_pre_req_pre"": ""+1"", ""buy_5th_pre_bid"": ""-579000"", ""buy_5th_pre_req"": ""57"", ""buy_5th_pre_req_pre"": ""0"", ""buy_6th_pre_bid"": ""-578000"", ""buy_6th_pre_req"": ""128"", ""buy_6th_pre_req_pre"": ""+1"", ""buy_7th_pre_bid"": ""-577000"", ""buy_7th_pre_req"": ""336"", ""buy_7th_pre_req_pre"": ""0"", ""buy_8th_pre_bid"": ""-576000"", ""buy_8th_pre_req"": ""432"", ""buy_8th_pre_req_pre"": ""0"", ""buy_9th_pre_bid"": ""-575000"", ""buy_9th_pre_req"": ""1187"", ""buy_9th_pre_req_pre"": ""0"", ""buy_10th_pre_bid"": ""-574000"", ""buy_10th_pre_req"": ""740"", ""buy_10th_pre_req_pre"": ""0"", ""tot_sel_req_jub_pre"": ""+7"", ""tot_sel_req"": ""2572"", ""tot_buy_req"": ""4604"", ""tot_buy_req_jub_pre"": ""+3"", ""ovt_sel_req_pre"": ""0"", ""ovt_sel_req"": ""0"", ""ovt_buy_req"": ""0"", ""ovt_buy_req_pre"": ""0"", ""return_code"": 0, ""return_msg"": ""정상적으로 처리되었습니다""}"
2026-06-10,scan_candidate,055550,,0,main_scan,100100,,100100,100000,100100,99800,-0.3996003996003996,0.0999000999000999,,,,,,"{""bid_req_base_tm"": ""101544"", ""sel_10th_pre_req_pre"": ""0"", ""sel_10th_pre_req"": ""845"", ""sel_10th_pre_bid"": ""-101000"", ""sel_9th_pre_req_pre"": ""0"", ""sel_9th_pre_req"": ""314"", ""sel_9th_pre_bid"": ""-100900"", ""sel_8th_pre_req_pre"": ""0"", ""sel_8th_pre_req"": ""1136"", ""sel_8th_pre_bid"": ""-100800"", ""sel_7th_pre_req_pre"": ""0"", ""sel_7th_pre_req"": ""227"", ""sel_7th_pre_bid"": ""-100700"", ""sel_6th_pre_req_pre"": ""0"", ""sel_6th_pre_req"": ""901"", ""sel_6th_pre_bid"": ""-100600"", ""sel_5th_pre_req_pre"": ""0"", ""sel_5th_pre_req"": ""1692"", ""sel_5th_pre_bid"": ""-100500"", ""sel_4th_pre_req_pre"": ""0"", ""sel_4th_pre_req"": ""684"", ""sel_4th_pre_bid"": ""-100400"", ""sel_3th_pre_req_pre"": ""0"", ""sel_3th_pre_req"": ""1121"", ""sel_3th_pre_bid"": ""-100300"", ""sel_2th_pre_req_pre"": ""0"", ""sel_2th_pre_req"": ""272"", ""sel_2th_pre_bid"": ""-100200"", ""sel_1th_pre_req_pre"": ""+59"", ""sel_fpr_req"": ""820"", ""sel_fpr_bid"": ""-100100"", ""buy_fpr_bid"": ""-100000"", ""buy_fpr_req"": ""907"", ""buy_1th_pre_req_pre"": ""0"", ""buy_2th_pre_bid"": ""-99900"", ""buy_2th_pre_req"": ""1267"", ""buy_2th_pre_req_pre"": ""0"", ""buy_3th_pre_bid"": ""-99800"", ""buy_3th_pre_req"": ""923"", ""buy_3th_pre_req_pre"": ""0"", ""buy_4th_pre_bid"": ""-99700"", ""buy_4th_pre_req"": ""582"", ""buy_4th_pre_req_pre"": ""0"", ""buy_5th_pre_bid"": ""-99600"", ""buy_5th_pre_req"": ""212"", ""buy_5th_pre_req_pre"": ""0"", ""buy_6th_pre_bid"": ""-99500"", ""buy_6th_pre_req"": ""633"", ""buy_6th_pre_req_pre"": ""0"", ""buy_7th_pre_bid"": ""-99400"", ""buy_7th_pre_req"": ""59"", ""buy_7th_pre_req_pre"": ""0"", ""buy_8th_pre_bid"": ""-99300"", ""buy_8th_pre_req"": ""100"", ""buy_8th_pre_req_pre"": ""0"", ""buy_9th_pre_bid"": ""-99200"", ""buy_9th_pre_req"": ""20"", ""buy_9th_pre_req_pre"": ""0"", ""buy_10th_pre_bid"": ""-99100"", ""buy_10th_pre_req"": ""83"", ""buy_10th_pre_req_pre"": ""0"", ""tot_sel_req_jub_pre"": ""+59"", ""tot_sel_req"": ""8012"", ""tot_buy_req"": ""4786"", ""tot_buy_req_jub_pre"": ""0"", ""ovt_sel_req_pre"": ""0"", ""ovt_sel_req"": ""0"", ""ovt_buy_req"": ""0"", ""ovt_buy_req_pre"": ""0"", ""return_code"": 0, ""return_msg"": ""정상적으로 처리되었습니다""}"
2026-06-10,scan_candidate,034730,,0,main_scan,587000,,587000,586000,587000,585000,-0.5110732538330494,0.17035775127768313,,,,,,"{""bid_req_base_tm"": ""101544"", ""sel_10th_pre_req_pre"": ""0"", ""sel_10th_pre_req"": ""179"", ""sel_10th_pre_bid"": ""+596000"", ""sel_9th_pre_req_pre"": ""0"", ""sel_9th_pre_req"": ""288"", ""sel_9th_pre_bid"": ""+595000"", ""sel_8th_pre_req_pre"": ""0"", ""sel_8th_pre_req"": ""293"", ""sel_8th_pre_bid"": ""594000"", ""sel_7th_pre_req_pre"": ""0"", ""sel_7th_pre_req"": ""182"", ""sel_7th_pre_bid"": ""-593000"", ""sel_6th_pre_req_pre"": ""0"", ""sel_6th_pre_req"": ""263"", ""sel_6th_pre_bid"": ""-592000"", ""sel_5th_pre_req_pre"": ""0"", ""sel_5th_pre_req"": ""30"", ""sel_5th_pre_bid"": ""-591000"", ""sel_4th_pre_req_pre"": ""0"", ""sel_4th_pre_req"": ""217"", ""sel_4th_pre_bid"": ""-590000"", ""sel_3th_pre_req_pre"": ""0"", ""sel_3th_pre_req"": ""55"", ""sel_3th_pre_bid"": ""-589000"", ""sel_2th_pre_req_pre"": ""0"", ""sel_2th_pre_req"": ""65"", ""sel_2th_pre_bid"": ""-588000"", ""sel_1th_pre_req_pre"": ""+1"", ""sel_fpr_req"": ""508"", ""sel_fpr_bid"": ""-587000"", ""buy_fpr_bid"": ""-586000"", ""buy_fpr_req"": ""470"", ""buy_1th_pre_req_pre"": ""0"", ""buy_2th_pre_bid"": ""-585000"", ""buy_2th_pre_req"": ""215"", ""buy_2th_pre_req_pre"": ""0"", ""buy_3th_pre_bid"": ""-584000"", ""buy_3th_pre_req"": ""43"", ""buy_3th_pre_req_pre"": ""0"", ""buy_4th_pre_bid"": ""-583000"", ""buy_4th_pre_req"": ""38"", ""buy_4th_pre_req_pre"": ""0"", ""buy_5th_pre_bid"": ""-582000"", ""buy_5th_pre_req"": ""75"", ""buy_5th_pre_req_pre"": ""0"", ""buy_6th_pre_bid"": ""-581000"", ""buy_6th_pre_req"": ""110"", ""buy_6th_pre_req_pre"": ""0"", ""buy_7th_pre_bid"": ""-580000"", ""buy_7th_pre_req"": ""109"", ""buy_7th_pre_req_pre"": ""0"", ""buy_8th_pre_bid"": ""-579000"", ""buy_8th_pre_req"": ""199"", ""buy_8th_pre_req_pre"": ""0"", ""buy_9th_pre_bid"": ""-578000"", ""buy_9th_pre_req"": ""112"", ""buy_9th_pre_req_pre"": ""0"", ""buy_10th_pre_bid"": ""-577000"", ""buy_10th_pre_req"": ""28"", ""buy_10th_pre_req_pre"": ""0"", ""tot_sel_req_jub_pre"": ""+1"", ""tot_sel_req"": ""2080"", ""tot_buy_req"": ""1399"", ""tot_buy_req_jub_pre"": ""0"", ""ovt_sel_req_pre"": ""0"", ""ovt_sel_req"": ""0"", ""ovt_buy_req"": ""0"", ""ovt_buy_req_pre"": ""0"", ""return_code"": 0, ""return_msg"": ""정상적으로 처리되었습니다""}"
2026-06-10,scan_candidate,066570,,0,main_scan,232000,,232000,231500,232000,233500,0.43103448275862066,0.21551724137931033,,,,,,"{""bid_req_base_tm"": ""101545"", ""sel_10th_pre_req_pre"": ""0"", ""sel_10th_pre_req"": ""1021"", ""sel_10th_pre_bid"": ""-236500"", ""sel_9th_pre_req_pre"": ""0"", ""sel_9th_pre_req"": ""2937"", ""sel_9th_pre_bid"": ""-236000"", ""sel_8th_pre_req_pre"": ""0"", ""sel_8th_pre_req"": ""2164"", ""sel_8th_pre_bid"": ""-235500"", ""sel_7th_pre_req_pre"": ""0"", ""sel_7th_pre_req"": ""3297"", ""sel_7th_pre_bid"": ""-235000"", ""sel_6th_pre_req_pre"": ""0"", ""sel_6th_pre_req"": ""1965"", ""sel_6th_pre_bid"": ""-234500"", ""sel_5th_pre_req_pre"": ""0"", ""sel_5th_pre_req"": ""873"", ""sel_5th_pre_bid"": ""-234000"", ""sel_4th_pre_req_pre"": ""0"", ""sel_4th_pre_req"": ""1528"", ""sel_4th_pre_bid"": ""-233500"", ""sel_3th_pre_req_pre"": ""0"", ""sel_3th_pre_req"": ""2512"", ""sel_3th_pre_bid"": ""-233000"", ""sel_2th_pre_req_pre"": ""0"", ""sel_2th_pre_req"": ""1555"", ""sel_2th_pre_bid"": ""-232500"", ""sel_1th_pre_req_pre"": ""0"", ""sel_fpr_req"": ""1573"", ""sel_fpr_bid"": ""-232000"", ""buy_fpr_bid"": ""-231500"", ""buy_fpr_req"": ""2833"", ""buy_1th_pre_req_pre"": ""0"", ""buy_2th_pre_bid"": ""-231000"", ""buy_2th_pre_req"": ""10358"", ""buy_2th_pre_req_pre"": ""+1"", ""buy_3th_pre_bid"": ""-230500"", ""buy_3th_pre_req"": ""13235"", ""buy_3th_pre_req_pre"": ""0"", ""buy_4th_pre_bid"": ""-230000"", ""buy_4th_pre_req"": ""36456"", ""buy_4th_pre_req_pre"": ""0"", ""buy_5th_pre_bid"": ""-229500"", ""buy_5th_pre_req"": ""4965"", ""buy_5th_pre_req_pre"": ""0"", ""buy_6th_pre_bid"": ""-229000"", ""buy_6th_pre_req"": ""7826"", ""buy_6th_pre_req_pre"": ""0"", ""buy_7th_pre_bid"": ""-228500"", ""buy_7th_pre_req"": ""7680"", ""buy_7th_pre_req_pre"": ""0"", ""buy_8th_pre_bid"": ""-228000"", ""buy_8th_pre_req"": ""13435"", ""buy_8th_pre_req_pre"": ""0"", ""buy_9th_pre_bid"": ""-227500"", ""buy_9th_pre_req"": ""5191"", ""buy_9th_pre_req_pre"": ""0"", ""buy_10th_pre_bid"": ""-227000"", ""buy_10th_pre_req"": ""6346"", ""buy_10th_pre_req_pre"": ""+1"", ""tot_sel_req_jub_pre"": ""0"", ""tot_sel_req"": ""19425"", ""tot_buy_req"": ""108325"", ""tot_buy_req_jub_pre"": ""+2"", ""ovt_sel_req_pre"": ""0"", ""ovt_sel_req"": ""0"", ""ovt_buy_req"": ""0"", ""ovt_buy_req_pre"": ""0"", ""return_code"": 0, ""return_msg"": ""정상적으로 처리되었습니다""}"
2026-06-10,scan_candidate,035420,,0,main_scan,237000,,237000,236500,237000,238000,0.21097046413502107,0.21097046413502107,,,,,,"{""bid_req_base_tm"": ""101545"", ""sel_10th_pre_req_pre"": ""0"", ""sel_10th_pre_req"": ""2178"", ""sel_10th_pre_bid"": ""-241500"", ""sel_9th_pre_req_pre"": ""0"", ""sel_9th_pre_req"": ""2688"", ""sel_9th_pre_bid"": ""-241000"", ""sel_8th_pre_req_pre"": ""0"", ""sel_8th_pre_req"": ""2202"", ""sel_8th_pre_bid"": ""-240500"", ""sel_7th_pre_req_pre"": ""0"", ""sel_7th_pre_req"": ""3854"", ""sel_7th_pre_bid"": ""-240000"", ""sel_6th_pre_req_pre"": ""0"", ""sel_6th_pre_req"": ""2257"", ""sel_6th_pre_bid"": ""-239500"", ""sel_5th_pre_req_pre"": ""0"", ""sel_5th_pre_req"": ""2437"", ""sel_5th_pre_bid"": ""-239000"", ""sel_4th_pre_req_pre"": ""0"", ""sel_4th_pre_req"": ""3171"", ""sel_4th_pre_bid"": ""-238500"", ""sel_3th_pre_req_pre"": ""0"", ""sel_3th_pre_req"": ""3876"", ""sel_3th_pre_bid"": ""-238000"", ""sel_2th_pre_req_pre"": ""0"", ""sel_2th_pre_req"": ""3291"", ""sel_2th_pre_bid"": ""-237500"", ""sel_1th_pre_req_pre"": ""+3"", ""sel_fpr_req"": ""4867"", ""sel_fpr_bid"": ""-237000"", ""buy_fpr_bid"": ""-236500"", ""buy_fpr_req"": ""1072"", ""buy_1th_pre_req_pre"": ""+2"", ""buy_2th_pre_bid"": ""-236000"", ""buy_2th_pre_req"": ""4749"", ""buy_2th_pre_req_pre"": ""0"", ""buy_3th_pre_bid"": ""-235500"", ""buy_3th_pre_req"": ""11919"", ""buy_3th_pre_req_pre"": ""0"", ""buy_4th_pre_bid"": ""-235000"", ""buy_4th_pre_req"": ""24238"", ""buy_4th_pre_req_pre"": ""0"", ""buy_5th_pre_bid"": ""-234500"", ""buy_5th_pre_req"": ""53708"", ""buy_5th_pre_req_pre"": ""0"", ""buy_6th_pre_bid"": ""-234000"", ""buy_6th_pre_req"": ""8545"", ""buy_6th_pre_req_pre"": ""0"", ""buy_7th_pre_bid"": ""-233500"", ""buy_7th_pre_req"": ""6386"", ""buy_7th_pre_req_pre"": ""0"", ""buy_8th_pre_bid"": ""-233000"", ""buy_8th_pre_req"": ""7708"", ""buy_8th_pre_req_pre"": ""0"", ""buy_9th_pre_bid"": ""-232500"", ""buy_9th_pre_req"": ""7708"", ""buy_9th_pre_req_pre"": ""0"", ""buy_10th_pre_bid"": ""-232000"", ""buy_10th_pre_req"": ""10355"", ""buy_10th_pre_req_pre"": ""0"", ""tot_sel_req_jub_pre"": ""+3"", ""tot_sel_req"": ""30821"", ""tot_buy_req"": ""136388"", ""tot_buy_req_jub_pre"": ""+2"", ""ovt_sel_req_pre"": ""0"", ""ovt_sel_req"": ""0"", ""ovt_buy_req"": ""0"", ""ovt_buy_req_pre"": ""0"", ""return_code"": 0, ""return_msg"": ""정상적으로 처리되었습니다""}"
2026-06-10,scan_candidate,267260,,0,main_scan,1022000,,1022000,1021000,1022000,1018000,-0.4892367906066536,0.09784735812133072,,,,,,"{""bid_req_base_tm"": ""101545"", ""sel_10th_pre_req_pre"": ""0"", ""sel_10th_pre_req"": ""101"", ""sel_10th_pre_bid"": ""+1031000"", ""sel_9th_pre_req_pre"": ""0"", ""sel_9th_pre_req"": ""237"", ""sel_9th_pre_bid"": ""+1030000"", ""sel_8th_pre_req_pre"": ""0"", ""sel_8th_pre_req"": ""310"", ""sel_8th_pre_bid"": ""+1029000"", ""sel_7th_pre_req_pre"": ""0"", ""sel_7th_pre_req"": ""98"", ""sel_7th_pre_bid"": ""+1028000"", ""sel_6th_pre_req_pre"": ""0"", ""sel_6th_pre_req"": ""25"", ""sel_6th_pre_bid"": ""+1027000"", ""sel_5th_pre_req_pre"": ""0"", ""sel_5th_pre_req"": ""66"", ""sel_5th_pre_bid"": ""+1026000"", ""sel_4th_pre_req_pre"": ""0"", ""sel_4th_pre_req"": ""94"", ""sel_4th_pre_bid"": ""+1025000"", ""sel_3th_pre_req_pre"": ""0"", ""sel_3th_pre_req"": ""248"", ""sel_3th_pre_bid"": ""+1024000"", ""sel_2th_pre_req_pre"": ""0"", ""sel_2th_pre_req"": ""97"", ""sel_2th_pre_bid"": ""+1023000"", ""sel_1th_pre_req_pre"": ""--5"", ""sel_fpr_req"": ""1"", ""sel_fpr_bid"": ""+1022000"", ""buy_fpr_bid"": ""+1021000"", ""buy_fpr_req"": ""5"", ""buy_1th_pre_req_pre"": ""0"", ""buy_2th_pre_bid"": ""+1020000"", ""buy_2th_pre_req"": ""10"", ""buy_2th_pre_req_pre"": ""0"", ""buy_3th_pre_bid"": ""+1019000"", ""buy_3th_pre_req"": ""176"", ""buy_3th_pre_req_pre"": ""0"", ""buy_4th_pre_bid"": ""+1018000"", ""buy_4th_pre_req"": ""19"", ""buy_4th_pre_req_pre"": ""0"", ""buy_5th_pre_bid"": ""+1017000"", ""buy_5th_pre_req"": ""13"", ""buy_5th_pre_req_pre"": ""0"", ""buy_6th_pre_bid"": ""+1016000"", ""buy_6th_pre_req"": ""13"", ""buy_6th_pre_req_pre"": ""0"", ""buy_7th_pre_bid"": ""+1015000"", ""buy_7th_pre_req"": ""32"", ""buy_7th_pre_req_pre"": ""0"", ""buy_8th_pre_bid"": ""+1014000"", ""buy_8th_pre_req"": ""105"", ""buy_8th_pre_req_pre"": ""0"", ""buy_9th_pre_bid"": ""+1013000"", ""buy_9th_pre_req"": ""12"", ""buy_9th_pre_req_pre"": ""0"", ""buy_10th_pre_bid"": ""+1012000"", ""buy_10th_pre_req"": ""17"", ""buy_10th_pre_req_pre"": ""0"", ""tot_sel_req_jub_pre"": ""--5"", ""tot_sel_req"": ""1277"", ""tot_buy_req"": ""402"", ""tot_buy_req_jub_pre"": ""0"", ""ovt_sel_req_pre"": ""0"", ""ovt_sel_req"": ""0"", ""ovt_buy_req"": ""0"", ""ovt_buy_req_pre"": ""0"", ""return_code"": 0, ""return_msg"": ""정상적으로 처리되었습니다""}"
2026-06-10,scan_candidate,010120,,0,main_scan,243500,,243500,243000,243500,241500,-1.0266940451745379,0.20533880903490762,,,,,,"{""bid_req_base_tm"": ""101545"", ""sel_10th_pre_req_pre"": ""0"", ""sel_10th_pre_req"": ""875"", ""sel_10th_pre_bid"": ""+248000"", ""sel_9th_pre_req_pre"": ""0"", ""sel_9th_pre_req"": ""561"", ""sel_9th_pre_bid"": ""+247500"", ""sel_8th_pre_req_pre"": ""0"", ""sel_8th_pre_req"": ""938"", ""sel_8th_pre_bid"": ""+247000"", ""sel_7th_pre_req_pre"": ""0"", ""sel_7th_pre_req"": ""584"", ""sel_7th_pre_bid"": ""+246500"", ""sel_6th_pre_req_pre"": ""0"", ""sel_6th_pre_req"": ""983"", ""sel_6th_pre_bid"": ""+246000"", ""sel_5th_pre_req_pre"": ""0"", ""sel_5th_pre_req"": ""745"", ""sel_5th_pre_bid"": ""+245500"", ""sel_4th_pre_req_pre"": ""0"", ""sel_4th_pre_req"": ""3992"", ""sel_4th_pre_bid"": ""+245000"", ""sel_3th_pre_req_pre"": ""0"", ""sel_3th_pre_req"": ""1699"", ""sel_3th_pre_bid"": ""+244500"", ""sel_2th_pre_req_pre"": ""+41"", ""sel_2th_pre_req"": ""1501"", ""sel_2th_pre_bid"": ""+244000"", ""sel_1th_pre_req_pre"": ""--1"", ""sel_fpr_req"": ""32"", ""sel_fpr_bid"": ""+243500"", ""buy_fpr_bid"": ""+243000"", ""buy_fpr_req"": ""246"", ""buy_1th_pre_req_pre"": ""0"", ""buy_2th_pre_bid"": ""+242500"", ""buy_2th_pre_req"": ""521"", ""buy_2th_pre_req_pre"": ""0"", ""buy_3th_pre_bid"": ""+242000"", ""buy_3th_pre_req"": ""368"", ""buy_3th_pre_req_pre"": ""0"", ""buy_4th_pre_bid"": ""+241500"", ""buy_4th_pre_req"": ""604"", ""buy_4th_pre_req_pre"": ""0"", ""buy_5th_pre_bid"": ""+241000"", ""buy_5th_pre_req"": ""623"", ""buy_5th_pre_req_pre"": ""0"", ""buy_6th_pre_bid"": ""+240500"", ""buy_6th_pre_req"": ""616"", ""buy_6th_pre_req_pre"": ""0"", ""buy_7th_pre_bid"": ""+240000"", ""buy_7th_pre_req"": ""792"", ""buy_7th_pre_req_pre"": ""0"", ""buy_8th_pre_bid"": ""+239500"", ""buy_8th_pre_req"": ""298"", ""buy_8th_pre_req_pre"": ""0"", ""buy_9th_pre_bid"": ""+239000"", ""buy_9th_pre_req"": ""272"", ""buy_9th_pre_req_pre"": ""0"", ""buy_10th_pre_bid"": ""+238500"", ""buy_10th_pre_req"": ""502"", ""buy_10th_pre_req_pre"": ""0"", ""tot_sel_req_jub_pre"": ""+40"", ""tot_sel_req"": ""11910"", ""tot_buy_req"": ""4842"", ""tot_buy_req_jub_pre"": ""0"", ""ovt_sel_req_pre"": ""0"", ""ovt_sel_req"": ""0"", ""ovt_buy_req"": ""0"", ""ovt_buy_req_pre"": ""0"", ""return_code"": 0, ""return_msg"": ""정상적으로 처리되었습니다""}"
2026-06-10,scan_candidate,086790,,0,main_scan,119900,,119900,119700,119900,119500,-0.7506255212677231,0.16680567139282734,,,,,,"{""bid_req_base_tm"": ""101545"", ""sel_10th_pre_req_pre"": ""0"", ""sel_10th_pre_req"": ""160"", ""sel_10th_pre_bid"": ""+120800"", ""sel_9th_pre_req_pre"": ""0"", ""sel_9th_pre_req"": ""14"", ""sel_9th_pre_bid"": ""+120700"", ""sel_8th_pre_req_pre"": ""0"", ""sel_8th_pre_req"": ""1528"", ""sel_8th_pre_bid"": ""+120600"", ""sel_7th_pre_req_pre"": ""0"", ""sel_7th_pre_req"": ""766"", ""sel_7th_pre_bid"": ""+120500"", ""sel_6th_pre_req_pre"": ""0"", ""sel_6th_pre_req"": ""1167"", ""sel_6th_pre_bid"": ""+120400"", ""sel_5th_pre_req_pre"": ""0"", ""sel_5th_pre_req"": ""438"", ""sel_5th_pre_bid"": ""+120300"", ""sel_4th_pre_req_pre"": ""0"", ""sel_4th_pre_req"": ""310"", ""sel_4th_pre_bid"": ""+120200"", ""sel_3th_pre_req_pre"": ""0"", ""sel_3th_pre_req"": ""34"", ""sel_3th_pre_bid"": ""+120100"", ""sel_2th_pre_req_pre"": ""0"", ""sel_2th_pre_req"": ""808"", ""sel_2th_pre_bid"": ""+120000"", ""sel_1th_pre_req_pre"": ""+117"", ""sel_fpr_req"": ""672"", ""sel_fpr_bid"": ""+119900"", ""buy_fpr_bid"": ""+119700"", ""buy_fpr_req"": ""239"", ""buy_1th_pre_req_pre"": ""0"", ""buy_2th_pre_bid"": ""+119600"", ""buy_2th_pre_req"": ""295"", ""buy_2th_pre_req_pre"": ""0"", ""buy_3th_pre_bid"": ""+119500"", ""buy_3th_pre_req"": ""725"", ""buy_3th_pre_req_pre"": ""0"", ""buy_4th_pre_bid"": ""+119400"", ""buy_4th_pre_req"": ""2"", ""buy_4th_pre_req_pre"": ""0"", ""buy_5th_pre_bid"": ""+119300"", ""buy_5th_pre_req"": ""43"", ""buy_5th_pre_req_pre"": ""0"", ""buy_6th_pre_bid"": ""+119200"", ""buy_6th_pre_req"": ""66"", ""buy_6th_pre_req_pre"": ""0"", ""buy_7th_pre_bid"": ""+119100"", ""buy_7th_pre_req"": ""21"", ""buy_7th_pre_req_pre"": ""0"", ""buy_8th_pre_bid"": ""119000"", ""buy_8th_pre_req"": ""546"", ""buy_8th_pre_req_pre"": ""0"", ""buy_9th_pre_bid"": ""-118900"", ""buy_9th_pre_req"": ""60"", ""buy_9th_pre_req_pre"": ""0"", ""buy_10th_pre_bid"": ""-118800"", ""buy_10th_pre_req"": ""66"", ""buy_10th_pre_req_pre"": ""0"", ""tot_sel_req_jub_pre"": ""+117"", ""tot_sel_req"": ""5897"", ""tot_buy_req"": ""2063"", ""tot_buy_req_jub_pre"": ""0"", ""ovt_sel_req_pre"": ""0"", ""ovt_sel_req"": ""0"", ""ovt_buy_req"": ""0"", ""ovt_buy_req_pre"": ""0"", ""return_code"": 0, ""return_msg"": ""정상적으로 처리되었습니다""}"
2026-06-10,scan_candidate,298040,,0,main_scan,3567000,,3567000,3566000,3567000,3566000,-0.0560695262125035,0.02803476310625175,,,,,,"{""bid_req_base_tm"": ""101546"", ""sel_10th_pre_req_pre"": ""0"", ""sel_10th_pre_req"": ""1"", ""sel_10th_pre_bid"": ""+3583000"", ""sel_9th_pre_req_pre"": ""0"", ""sel_9th_pre_req"": ""20"", ""sel_9th_pre_bid"": ""+3582000"", ""sel_8th_pre_req_pre"": ""0"", ""sel_8th_pre_req"": ""5"", ""sel_8th_pre_bid"": ""+3580000"", ""sel_7th_pre_req_pre"": ""0"", ""sel_7th_pre_req"": ""5"", ""sel_7th_pre_bid"": ""+3578000"", ""sel_6th_pre_req_pre"": ""0"", ""sel_6th_pre_req"": ""3"", ""sel_6th_pre_bid"": ""+3577000"", ""sel_5th_pre_req_pre"": ""0"", ""sel_5th_pre_req"": ""1"", ""sel_5th_pre_bid"": ""+3573000"", ""sel_4th_pre_req_pre"": ""0"", ""sel_4th_pre_req"": ""1"", ""sel_4th_pre_bid"": ""+3572000"", ""sel_3th_pre_req_pre"": ""0"", ""sel_3th_pre_req"": ""1"", ""sel_3th_pre_bid"": ""+3570000"", ""sel_2th_pre_req_pre"": ""0"", ""sel_2th_pre_req"": ""1"", ""sel_2th_pre_bid"": ""+3568000"", ""sel_1th_pre_req_pre"": ""0"", ""sel_fpr_req"": ""28"", ""sel_fpr_bid"": ""+3567000"", ""buy_fpr_bid"": ""+3566000"", ""buy_fpr_req"": ""2"", ""buy_1th_pre_req_pre"": ""0"", ""buy_2th_pre_bid"": ""+3561000"", ""buy_2th_pre_req"": ""2"", ""buy_2th_pre_req_pre"": ""0"", ""buy_3th_pre_bid"": ""+3559000"", ""buy_3th_pre_req"": ""11"", ""buy_3th_pre_req_pre"": ""0"", ""buy_4th_pre_bid"": ""+3558000"", ""buy_4th_pre_req"": ""1"", ""buy_4th_pre_req_pre"": ""0"", ""buy_5th_pre_bid"": ""+3557000"", ""buy_5th_pre_req"": ""8"", ""buy_5th_pre_req_pre"": ""0"", ""buy_6th_pre_bid"": ""+3556000"", ""buy_6th_pre_req"": ""4"", ""buy_6th_pre_req_pre"": ""0"", ""buy_7th_pre_bid"": ""+3555000"", ""buy_7th_pre_req"": ""16"", ""buy_7th_pre_req_pre"": ""0"", ""buy_8th_pre_bid"": ""+3553000"", ""buy_8th_pre_req"": ""2"", ""buy_8th_pre_req_pre"": ""0"", ""buy_9th_pre_bid"": ""+3552000"", ""buy_9th_pre_req"": ""1"", ""buy_9th_pre_req_pre"": ""0"", ""buy_10th_pre_bid"": ""+3550000"", ""buy_10th_pre_req"": ""16"", ""buy_10th_pre_req_pre"": ""0"", ""tot_sel_req_jub_pre"": ""0"", ""tot_sel_req"": ""66"", ""tot_buy_req"": ""63"", ""tot_buy_req_jub_pre"": ""--1"", ""ovt_sel_req_pre"": ""0"", ""ovt_sel_req"": ""0"", ""ovt_buy_req"": ""0"", ""ovt_buy_req_pre"": ""0"", ""return_code"": 0, ""return_msg"": ""정상적으로 처리되었습니다""}"
2026-06-10,scan_candidate,000810,,0,main_scan,620000,,620000,619000,620000,619000,-0.3225806451612903,0.16129032258064516,,,,,,"{""bid_req_base_tm"": ""101545"", ""sel_10th_pre_req_pre"": ""0"", ""sel_10th_pre_req"": ""36"", ""sel_10th_pre_bid"": ""-629000"", ""sel_9th_pre_req_pre"": ""0"", ""sel_9th_pre_req"": ""23"", ""sel_9th_pre_bid"": ""-628000"", ""sel_8th_pre_req_pre"": ""0"", ""sel_8th_pre_req"": ""16"", ""sel_8th_pre_bid"": ""-627000"", ""sel_7th_pre_req_pre"": ""0"", ""sel_7th_pre_req"": ""18"", ""sel_7th_pre_bid"": ""-626000"", ""sel_6th_pre_req_pre"": ""0"", ""sel_6th_pre_req"": ""6"", ""sel_6th_pre_bid"": ""-625000"", ""sel_5th_pre_req_pre"": ""0"", ""sel_5th_pre_req"": ""11"", ""sel_5th_pre_bid"": ""-624000"", ""sel_4th_pre_req_pre"": ""0"", ""sel_4th_pre_req"": ""260"", ""sel_4th_pre_bid"": ""-623000"", ""sel_3th_pre_req_pre"": ""0"", ""sel_3th_pre_req"": ""26"", ""sel_3th_pre_bid"": ""-622000"", ""sel_2th_pre_req_pre"": ""--4"", ""sel_2th_pre_req"": ""12"", ""sel_2th_pre_bid"": ""-621000"", ""sel_1th_pre_req_pre"": ""+1"", ""sel_fpr_req"": ""56"", ""sel_fpr_bid"": ""-620000"", ""buy_fpr_bid"": ""-619000"", ""buy_fpr_req"": ""159"", ""buy_1th_pre_req_pre"": ""0"", ""buy_2th_pre_bid"": ""-618000"", ""buy_2th_pre_req"": ""42"", ""buy_2th_pre_req_pre"": ""0"", ""buy_3th_pre_bid"": ""-617000"", ""buy_3th_pre_req"": ""13"", ""buy_3th_pre_req_pre"": ""0"", ""buy_4th_pre_bid"": ""-616000"", ""buy_4th_pre_req"": ""70"", ""buy_4th_pre_req_pre"": ""0"", ""buy_5th_pre_bid"": ""-615000"", ""buy_5th_pre_req"": ""89"", ""buy_5th_pre_req_pre"": ""0"", ""buy_6th_pre_bid"": ""-614000"", ""buy_6th_pre_req"": ""3"", ""buy_6th_pre_req_pre"": ""0"", ""buy_7th_pre_bid"": ""-613000"", ""buy_7th_pre_req"": ""19"", ""buy_7th_pre_req_pre"": ""0"", ""buy_8th_pre_bid"": ""-612000"", ""buy_8th_pre_req"": ""15"", ""buy_8th_pre_req_pre"": ""0"", ""buy_9th_pre_bid"": ""-611000"", ""buy_9th_pre_req"": ""27"", ""buy_9th_pre_req_pre"": ""0"", ""buy_10th_pre_bid"": ""-610000"", ""buy_10th_pre_req"": ""60"", ""buy_10th_pre_req_pre"": ""0"", ""tot_sel_req_jub_pre"": ""--3"", ""tot_sel_req"": ""464"", ""tot_buy_req"": ""497"", ""tot_buy_req_jub_pre"": ""0"", ""ovt_sel_req_pre"": ""0"", ""ovt_sel_req"": ""0"", ""ovt_buy_req"": ""0"", ""ovt_buy_req_pre"": ""0"", ""return_code"": 0, ""return_msg"": ""정상적으로 처리되었습니다""}"
2026-06-10,scan_candidate,011070,,0,main_scan,1088000,,1088000,1087000,1088000,1090000,0.09191176470588235,0.09191176470588235,,,,,,"{""bid_req_base_tm"": ""101546"", ""sel_10th_pre_req_pre"": ""0"", ""sel_10th_pre_req"": ""113"", ""sel_10th_pre_bid"": ""-1097000"", ""sel_9th_pre_req_pre"": ""0"", ""sel_9th_pre_req"": ""47"", ""sel_9th_pre_bid"": ""-1096000"", ""sel_8th_pre_req_pre"": ""0"", ""sel_8th_pre_req"": ""11"", ""sel_8th_pre_bid"": ""-1095000"", ""sel_7th_pre_req_pre"": ""0"", ""sel_7th_pre_req"": ""16"", ""sel_7th_pre_bid"": ""-1094000"", ""sel_6th_pre_req_pre"": ""0"", ""sel_6th_pre_req"": ""5"", ""sel_6th_pre_bid"": ""-1093000"", ""sel_5th_pre_req_pre"": ""0"", ""sel_5th_pre_req"": ""3"", ""sel_5th_pre_bid"": ""-1092000"", ""sel_4th_pre_req_pre"": ""0"", ""sel_4th_pre_req"": ""28"", ""sel_4th_pre_bid"": ""-1091000"", ""sel_3th_pre_req_pre"": ""0"", ""sel_3th_pre_req"": ""36"", ""sel_3th_pre_bid"": ""-1090000"", ""sel_2th_pre_req_pre"": ""0"", ""sel_2th_pre_req"": ""106"", ""sel_2th_pre_bid"": ""-1089000"", ""sel_1th_pre_req_pre"": ""0"", ""sel_fpr_req"": ""17"", ""sel_fpr_bid"": ""-1088000"", ""buy_fpr_bid"": ""-1087000"", ""buy_fpr_req"": ""13"", ""buy_1th_pre_req_pre"": ""0"", ""buy_2th_pre_bid"": ""-1086000"", ""buy_2th_pre_req"": ""181"", ""buy_2th_pre_req_pre"": ""0"", ""buy_3th_pre_bid"": ""-1085000"", ""buy_3th_pre_req"": ""147"", ""buy_3th_pre_req_pre"": ""0"", ""buy_4th_pre_bid"": ""-1084000"", ""buy_4th_pre_req"": ""253"", ""buy_4th_pre_req_pre"": ""0"", ""buy_5th_pre_bid"": ""-1083000"", ""buy_5th_pre_req"": ""25"", ""buy_5th_pre_req_pre"": ""0"", ""buy_6th_pre_bid"": ""-1080000"", ""buy_6th_pre_req"": ""95"", ""buy_6th_pre_req_pre"": ""0"", ""buy_7th_pre_bid"": ""-1078000"", ""buy_7th_pre_req"": ""39"", ""buy_7th_pre_req_pre"": ""0"", ""buy_8th_pre_bid"": ""-1077000"", ""buy_8th_pre_req"": ""13"", ""buy_8th_pre_req_pre"": ""0"", ""buy_9th_pre_bid"": ""-1076000"", ""buy_9th_pre_req"": ""55"", ""buy_9th_pre_req_pre"": ""0"", ""buy_10th_pre_bid"": ""-1075000"", ""buy_10th_pre_req"": ""30"", ""buy_10th_pre_req_pre"": ""0"", ""tot_sel_req_jub_pre"": ""0"", ""tot_sel_req"": ""382"", ""tot_buy_req"": ""851"", ""tot_buy_req_jub_pre"": ""0"", ""ovt_sel_req_pre"": ""0"", ""ovt_sel_req"": ""0"", ""ovt_buy_req"": ""0"", ""ovt_buy_req_pre"": ""0"", ""return_code"": 0, ""return_msg"": ""정상적으로 처리되었습니다""}"
2026-06-10,scan_candidate,042700,,0,main_scan,286000,,286000,285500,286000,284500,-0.6993006993006993,0.17482517482517482,,,,,,"{""bid_req_base_tm"": ""101546"", ""sel_10th_pre_req_pre"": ""0"", ""sel_10th_pre_req"": ""300"", ""sel_10th_pre_bid"": ""+290500"", ""sel_9th_pre_req_pre"": ""0"", ""sel_9th_pre_req"": ""1422"", ""sel_9th_pre_bid"": ""+290000"", ""sel_8th_pre_req_pre"": ""0"", ""sel_8th_pre_req"": ""490"", ""sel_8th_pre_bid"": ""+289500"", ""sel_7th_pre_req_pre"": ""0"", ""sel_7th_pre_req"": ""549"", ""sel_7th_pre_bid"": ""+289000"", ""sel_6th_pre_req_pre"": ""0"", ""sel_6th_pre_req"": ""300"", ""sel_6th_pre_bid"": ""+288500"", ""sel_5th_pre_req_pre"": ""0"", ""sel_5th_pre_req"": ""364"", ""sel_5th_pre_bid"": ""+288000"", ""sel_4th_pre_req_pre"": ""0"", ""sel_4th_pre_req"": ""223"", ""sel_4th_pre_bid"": ""+287500"", ""sel_3th_pre_req_pre"": ""0"", ""sel_3th_pre_req"": ""1221"", ""sel_3th_pre_bid"": ""+287000"", ""sel_2th_pre_req_pre"": ""0"", ""sel_2th_pre_req"": ""437"", ""sel_2th_pre_bid"": ""+286500"", ""sel_1th_pre_req_pre"": ""+1"", ""sel_fpr_req"": ""53"", ""sel_fpr_bid"": ""+286000"", ""buy_fpr_bid"": ""+285500"", ""buy_fpr_req"": ""70"", ""buy_1th_pre_req_pre"": ""0"", ""buy_2th_pre_bid"": ""+285000"", ""buy_2th_pre_req"": ""267"", ""buy_2th_pre_req_pre"": ""0"", ""buy_3th_pre_bid"": ""+284500"", ""buy_3th_pre_req"": ""145"", ""buy_3th_pre_req_pre"": ""0"", ""buy_4th_pre_bid"": ""+284000"", ""buy_4th_pre_req"": ""127"", ""buy_4th_pre_req_pre"": ""0"", ""buy_5th_pre_bid"": ""+283500"", ""buy_5th_pre_req"": ""162"", ""buy_5th_pre_req_pre"": ""0"", ""buy_6th_pre_bid"": ""+283000"", ""buy_6th_pre_req"": ""156"", ""buy_6th_pre_req_pre"": ""0"", ""buy_7th_pre_bid"": ""+282500"", ""buy_7th_pre_req"": ""203"", ""buy_7th_pre_req_pre"": ""0"", ""buy_8th_pre_bid"": ""+282000"", ""buy_8th_pre_req"": ""167"", ""buy_8th_pre_req_pre"": ""0"", ""buy_9th_pre_bid"": ""+281500"", ""buy_9th_pre_req"": ""279"", ""buy_9th_pre_req_pre"": ""0"", ""buy_10th_pre_bid"": ""+281000"", ""buy_10th_pre_req"": ""467"", ""buy_10th_pre_req_pre"": ""0"", ""tot_sel_req_jub_pre"": ""+1"", ""tot_sel_req"": ""5359"", ""tot_buy_req"": ""2043"", ""tot_buy_req_jub_pre"": ""0"", ""ovt_sel_req_pre"": ""0"", ""ovt_sel_req"": ""0"", ""ovt_buy_req"": ""0"", ""ovt_buy_req_pre"": ""0"", ""return_code"": 0, ""return_msg"": ""정상적으로 처리되었습니다""}"
2026-06-10,scan_candidate,017670,,0,main_scan,108400,,108400,108300,108400,107500,-1.2915129151291513,0.09225092250922509,,,,,,"{""bid_req_base_tm"": ""101546"", ""sel_10th_pre_req_pre"": ""0"", ""sel_10th_pre_req"": ""634"", ""sel_10th_pre_bid"": ""+109300"", ""sel_9th_pre_req_pre"": ""0"", ""sel_9th_pre_req"": ""1019"", ""sel_9th_pre_bid"": ""+109200"", ""sel_8th_pre_req_pre"": ""0"", ""sel_8th_pre_req"": ""1021"", ""sel_8th_pre_bid"": ""+109100"", ""sel_7th_pre_req_pre"": ""0"", ""sel_7th_pre_req"": ""7211"", ""sel_7th_pre_bid"": ""+109000"", ""sel_6th_pre_req_pre"": ""0"", ""sel_6th_pre_req"": ""676"", ""sel_6th_pre_bid"": ""+108900"", ""sel_5th_pre_req_pre"": ""0"", ""sel_5th_pre_req"": ""706"", ""sel_5th_pre_bid"": ""+108800"", ""sel_4th_pre_req_pre"": ""0"", ""sel_4th_pre_req"": ""368"", ""sel_4th_pre_bid"": ""+108700"", ""sel_3th_pre_req_pre"": ""0"", ""sel_3th_pre_req"": ""68"", ""sel_3th_pre_bid"": ""+108600"", ""sel_2th_pre_req_pre"": ""0"", ""sel_2th_pre_req"": ""6406"", ""sel_2th_pre_bid"": ""+108500"", ""sel_1th_pre_req_pre"": ""0"", ""sel_fpr_req"": ""788"", ""sel_fpr_bid"": ""+108400"", ""buy_fpr_bid"": ""+108300"", ""buy_fpr_req"": ""333"", ""buy_1th_pre_req_pre"": ""+1"", ""buy_2th_pre_bid"": ""+108200"", ""buy_2th_pre_req"": ""1225"", ""buy_2th_pre_req_pre"": ""0"", ""buy_3th_pre_bid"": ""108100"", ""buy_3th_pre_req"": ""1483"", ""buy_3th_pre_req_pre"": ""0"", ""buy_4th_pre_bid"": ""-108000"", ""buy_4th_pre_req"": ""399"", ""buy_4th_pre_req_pre"": ""0"", ""buy_5th_pre_bid"": ""-107900"", ""buy_5th_pre_req"": ""336"", ""buy_5th_pre_req_pre"": ""0"", ""buy_6th_pre_bid"": ""-107800"", ""buy_6th_pre_req"": ""463"", ""buy_6th_pre_req_pre"": ""0"", ""buy_7th_pre_bid"": ""-107700"", ""buy_7th_pre_req"": ""114"", ""buy_7th_pre_req_pre"": ""0"", ""buy_8th_pre_bid"": ""-107600"", ""buy_8th_pre_req"": ""113"", ""buy_8th_pre_req_pre"": ""0"", ""buy_9th_pre_bid"": ""-107500"", ""buy_9th_pre_req"": ""123"", ""buy_9th_pre_req_pre"": ""0"", ""buy_10th_pre_bid"": ""-107400"", ""buy_10th_pre_req"": ""329"", ""buy_10th_pre_req_pre"": ""0"", ""tot_sel_req_jub_pre"": ""0"", ""tot_sel_req"": ""18897"", ""tot_buy_req"": ""4918"", ""tot_buy_req_jub_pre"": ""+1"", ""ovt_sel_req_pre"": ""0"", ""ovt_sel_req"": ""0"", ""ovt_buy_req"": ""0"", ""ovt_buy_req_pre"": ""0"", ""return_code"": 0, ""return_msg"": ""정상적으로 처리되었습니다""}"
2026-06-10,scan_candidate,316140,,0,main_scan,30100,,30100,30050,30100,30050,-0.33222591362126247,0.16611295681063123,,,,,,"{""bid_req_base_tm"": ""101545"", ""sel_10th_pre_req_pre"": ""0"", ""sel_10th_pre_req"": ""582"", ""sel_10th_pre_bid"": ""+30550"", ""sel_9th_pre_req_pre"": ""0"", ""sel_9th_pre_req"": ""5110"", ""sel_9th_pre_bid"": ""+30500"", ""sel_8th_pre_req_pre"": ""0"", ""sel_8th_pre_req"": ""2205"", ""sel_8th_pre_bid"": ""+30450"", ""sel_7th_pre_req_pre"": ""0"", ""sel_7th_pre_req"": ""2736"", ""sel_7th_pre_bid"": ""+30400"", ""sel_6th_pre_req_pre"": ""0"", ""sel_6th_pre_req"": ""2428"", ""sel_6th_pre_bid"": ""+30350"", ""sel_5th_pre_req_pre"": ""0"", ""sel_5th_pre_req"": ""1721"", ""sel_5th_pre_bid"": ""+30300"", ""sel_4th_pre_req_pre"": ""0"", ""sel_4th_pre_req"": ""881"", ""sel_4th_pre_bid"": ""+30250"", ""sel_3th_pre_req_pre"": ""0"", ""sel_3th_pre_req"": ""608"", ""sel_3th_pre_bid"": ""+30200"", ""sel_2th_pre_req_pre"": ""0"", ""sel_2th_pre_req"": ""321"", ""sel_2th_pre_bid"": ""+30150"", ""sel_1th_pre_req_pre"": ""0"", ""sel_fpr_req"": ""5593"", ""sel_fpr_bid"": ""+30100"", ""buy_fpr_bid"": ""+30050"", ""buy_fpr_req"": ""4396"", ""buy_1th_pre_req_pre"": ""--152"", ""buy_2th_pre_bid"": ""30000"", ""buy_2th_pre_req"": ""2881"", ""buy_2th_pre_req_pre"": ""0"", ""buy_3th_pre_bid"": ""-29950"", ""buy_3th_pre_req"": ""559"", ""buy_3th_pre_req_pre"": ""0"", ""buy_4th_pre_bid"": ""-29900"", ""buy_4th_pre_req"": ""1236"", ""buy_4th_pre_req_pre"": ""0"", ""buy_5th_pre_bid"": ""-29850"", ""buy_5th_pre_req"": ""636"", ""buy_5th_pre_req_pre"": ""0"", ""buy_6th_pre_bid"": ""-29800"", ""buy_6th_pre_req"": ""3562"", ""buy_6th_pre_req_pre"": ""0"", ""buy_7th_pre_bid"": ""-29750"", ""buy_7th_pre_req"": ""1030"", ""buy_7th_pre_req_pre"": ""0"", ""buy_8th_pre_bid"": ""-29700"", ""buy_8th_pre_req"": ""2356"", ""buy_8th_pre_req_pre"": ""0"", ""buy_9th_pre_bid"": ""-29650"", ""buy_9th_pre_req"": ""403"", ""buy_9th_pre_req_pre"": ""0"", ""buy_10th_pre_bid"": ""-29600"", ""buy_10th_pre_req"": ""1029"", ""buy_10th_pre_req_pre"": ""0"", ""tot_sel_req_jub_pre"": ""0"", ""tot_sel_req"": ""22185"", ""tot_buy_req"": ""18088"", ""tot_buy_req_jub_pre"": ""--152"", ""ovt_sel_req_pre"": ""0"", ""ovt_sel_req"": ""0"", ""ovt_buy_req"": ""0"", ""ovt_buy_req_pre"": ""0"", ""return_code"": 0, ""return_msg"": ""정상적으로 처리되었습니다""}"
2026-06-10,scan_candidate,018260,,0,main_scan,234000,,234000,233500,234000,235500,0.4273504273504274,0.2136752136752137,,,,,,"{""bid_req_base_tm"": ""101547"", ""sel_10th_pre_req_pre"": ""0"", ""sel_10th_pre_req"": ""59"", ""sel_10th_pre_bid"": ""-238500"", ""sel_9th_pre_req_pre"": ""0"", ""sel_9th_pre_req"": ""186"", ""sel_9th_pre_bid"": ""-238000"", ""sel_8th_pre_req_pre"": ""0"", ""sel_8th_pre_req"": ""72"", ""sel_8th_pre_bid"": ""-237500"", ""sel_7th_pre_req_pre"": ""0"", ""sel_7th_pre_req"": ""275"", ""sel_7th_pre_bid"": ""-237000"", ""sel_6th_pre_req_pre"": ""0"", ""sel_6th_pre_req"": ""259"", ""sel_6th_pre_bid"": ""-236500"", ""sel_5th_pre_req_pre"": ""0"", ""sel_5th_pre_req"": ""151"", ""sel_5th_pre_bid"": ""-236000"", ""sel_4th_pre_req_pre"": ""0"", ""sel_4th_pre_req"": ""58"", ""sel_4th_pre_bid"": ""-235500"", ""sel_3th_pre_req_pre"": ""0"", ""sel_3th_pre_req"": ""15"", ""sel_3th_pre_bid"": ""-235000"", ""sel_2th_pre_req_pre"": ""0"", ""sel_2th_pre_req"": ""72"", ""sel_2th_pre_bid"": ""-234500"", ""sel_1th_pre_req_pre"": ""0"", ""sel_fpr_req"": ""219"", ""sel_fpr_bid"": ""-234000"", ""buy_fpr_bid"": ""-233500"", ""buy_fpr_req"": ""139"", ""buy_1th_pre_req_pre"": ""0"", ""buy_2th_pre_bid"": ""-233000"", ""buy_2th_pre_req"": ""858"", ""buy_2th_pre_req_pre"": ""0"", ""buy_3th_pre_bid"": ""-232500"", ""buy_3th_pre_req"": ""1186"", ""buy_3th_pre_req_pre"": ""0"", ""buy_4th_pre_bid"": ""-232000"", ""buy_4th_pre_req"": ""1441"", ""buy_4th_pre_req_pre"": ""0"", ""buy_5th_pre_bid"": ""-231500"", ""buy_5th_pre_req"": ""1250"", ""buy_5th_pre_req_pre"": ""0"", ""buy_6th_pre_bid"": ""-231000"", ""buy_6th_pre_req"": ""2551"", ""buy_6th_pre_req_pre"": ""+5"", ""buy_7th_pre_bid"": ""-230500"", ""buy_7th_pre_req"": ""1653"", ""buy_7th_pre_req_pre"": ""0"", ""buy_8th_pre_bid"": ""-230000"", ""buy_8th_pre_req"": ""3584"", ""buy_8th_pre_req_pre"": ""0"", ""buy_9th_pre_bid"": ""-229500"", ""buy_9th_pre_req"": ""518"", ""buy_9th_pre_req_pre"": ""0"", ""buy_10th_pre_bid"": ""-229000"", ""buy_10th_pre_req"": ""1449"", ""buy_10th_pre_req_pre"": ""0"", ""tot_sel_req_jub_pre"": ""0"", ""tot_sel_req"": ""1366"", ""tot_buy_req"": ""14629"", ""tot_buy_req_jub_pre"": ""+5"", ""ovt_sel_req_pre"": ""0"", ""ovt_sel_req"": ""0"", ""ovt_buy_req"": ""0"", ""ovt_buy_req_pre"": ""0"", ""return_code"": 0, ""return_msg"": ""정상적으로 처리되었습니다""}"
2026-06-10,scan_candidate,033780,,0,main_scan,185500,,185500,185400,185500,185000,-0.5390835579514826,0.05390835579514825,,,,,,"{""bid_req_base_tm"": ""101547"", ""sel_10th_pre_req_pre"": ""0"", ""sel_10th_pre_req"": ""399"", ""sel_10th_pre_bid"": ""+186400"", ""sel_9th_pre_req_pre"": ""0"", ""sel_9th_pre_req"": ""116"", ""sel_9th_pre_bid"": ""+186300"", ""sel_8th_pre_req_pre"": ""0"", ""sel_8th_pre_req"": ""26"", ""sel_8th_pre_bid"": ""+186200"", ""sel_7th_pre_req_pre"": ""0"", ""sel_7th_pre_req"": ""183"", ""sel_7th_pre_bid"": ""+186100"", ""sel_6th_pre_req_pre"": ""0"", ""sel_6th_pre_req"": ""830"", ""sel_6th_pre_bid"": ""+186000"", ""sel_5th_pre_req_pre"": ""0"", ""sel_5th_pre_req"": ""178"", ""sel_5th_pre_bid"": ""+185900"", ""sel_4th_pre_req_pre"": ""0"", ""sel_4th_pre_req"": ""188"", ""sel_4th_pre_bid"": ""+185800"", ""sel_3th_pre_req_pre"": ""0"", ""sel_3th_pre_req"": ""225"", ""sel_3th_pre_bid"": ""+185700"", ""sel_2th_pre_req_pre"": ""0"", ""sel_2th_pre_req"": ""182"", ""sel_2th_pre_bid"": ""+185600"", ""sel_1th_pre_req_pre"": ""0"", ""sel_fpr_req"": ""1849"", ""sel_fpr_bid"": ""+185500"", ""buy_fpr_bid"": ""+185400"", ""buy_fpr_req"": ""1033"", ""buy_1th_pre_req_pre"": ""0"", ""buy_2th_pre_bid"": ""+185300"", ""buy_2th_pre_req"": ""1"", ""buy_2th_pre_req_pre"": ""0"", ""buy_3th_pre_bid"": ""+185200"", ""buy_3th_pre_req"": ""1"", ""buy_3th_pre_req_pre"": ""0"", ""buy_4th_pre_bid"": ""+185100"", ""buy_4th_pre_req"": ""754"", ""buy_4th_pre_req_pre"": ""0"", ""buy_5th_pre_bid"": ""+185000"", ""buy_5th_pre_req"": ""21"", ""buy_5th_pre_req_pre"": ""0"", ""buy_6th_pre_bid"": ""+184900"", ""buy_6th_pre_req"": ""20"", ""buy_6th_pre_req_pre"": ""0"", ""buy_7th_pre_bid"": ""+184800"", ""buy_7th_pre_req"": ""55"", ""buy_7th_pre_req_pre"": ""0"", ""buy_8th_pre_bid"": ""+184700"", ""buy_8th_pre_req"": ""82"", ""buy_8th_pre_req_pre"": ""0"", ""buy_9th_pre_bid"": ""+184600"", ""buy_9th_pre_req"": ""21"", ""buy_9th_pre_req_pre"": ""0"", ""buy_10th_pre_bid"": ""+184500"", ""buy_10th_pre_req"": ""1"", ""buy_10th_pre_req_pre"": ""0"", ""tot_sel_req_jub_pre"": ""0"", ""tot_sel_req"": ""4176"", ""tot_buy_req"": ""1989"", ""tot_buy_req_jub_pre"": ""0"", ""ovt_sel_req_pre"": ""0"", ""ovt_sel_req"": ""0"", ""ovt_buy_req"": ""0"", ""ovt_buy_req_pre"": ""0"", ""return_code"": 0, ""return_msg"": ""정상적으로 처리되었습니다""}"
2026-06-10,scan_candidate,307950,,0,main_scan,711000,,711000,710000,711000,710000,-0.2812939521800281,0.14064697609001406,,,,,,"{""bid_req_base_tm"": ""101547"", ""sel_10th_pre_req_pre"": ""0"", ""sel_10th_pre_req"": ""165"", ""sel_10th_pre_bid"": ""+720000"", ""sel_9th_pre_req_pre"": ""0"", ""sel_9th_pre_req"": ""147"", ""sel_9th_pre_bid"": ""+719000"", ""sel_8th_pre_req_pre"": ""0"", ""sel_8th_pre_req"": ""71"", ""sel_8th_pre_bid"": ""+718000"", ""sel_7th_pre_req_pre"": ""0"", ""sel_7th_pre_req"": ""47"", ""sel_7th_pre_bid"": ""+717000"", ""sel_6th_pre_req_pre"": ""0"", ""sel_6th_pre_req"": ""12"", ""sel_6th_pre_bid"": ""+716000"", ""sel_5th_pre_req_pre"": ""--2"", ""sel_5th_pre_req"": ""108"", ""sel_5th_pre_bid"": ""+715000"", ""sel_4th_pre_req_pre"": ""0"", ""sel_4th_pre_req"": ""81"", ""sel_4th_pre_bid"": ""+714000"", ""sel_3th_pre_req_pre"": ""0"", ""sel_3th_pre_req"": ""100"", ""sel_3th_pre_bid"": ""+713000"", ""sel_2th_pre_req_pre"": ""0"", ""sel_2th_pre_req"": ""90"", ""sel_2th_pre_bid"": ""+712000"", ""sel_1th_pre_req_pre"": ""0"", ""sel_fpr_req"": ""51"", ""sel_fpr_bid"": ""+711000"", ""buy_fpr_bid"": ""+710000"", ""buy_fpr_req"": ""117"", ""buy_1th_pre_req_pre"": ""0"", ""buy_2th_pre_bid"": ""+709000"", ""buy_2th_pre_req"": ""183"", ""buy_2th_pre_req_pre"": ""0"", ""buy_3th_pre_bid"": ""+708000"", ""buy_3th_pre_req"": ""51"", ""buy_3th_pre_req_pre"": ""0"", ""buy_4th_pre_bid"": ""+707000"", ""buy_4th_pre_req"": ""85"", ""buy_4th_pre_req_pre"": ""0"", ""buy_5th_pre_bid"": ""+706000"", ""buy_5th_pre_req"": ""12"", ""buy_5th_pre_req_pre"": ""0"", ""buy_6th_pre_bid"": ""+705000"", ""buy_6th_pre_req"": ""49"", ""buy_6th_pre_req_pre"": ""0"", ""buy_7th_pre_bid"": ""+704000"", ""buy_7th_pre_req"": ""43"", ""buy_7th_pre_req_pre"": ""0"", ""buy_8th_pre_bid"": ""+703000"", ""buy_8th_pre_req"": ""98"", ""buy_8th_pre_req_pre"": ""0"", ""buy_9th_pre_bid"": ""+702000"", ""buy_9th_pre_req"": ""113"", ""buy_9th_pre_req_pre"": ""0"", ""buy_10th_pre_bid"": ""+701000"", ""buy_10th_pre_req"": ""283"", ""buy_10th_pre_req_pre"": ""0"", ""tot_sel_req_jub_pre"": ""--2"", ""tot_sel_req"": ""872"", ""tot_buy_req"": ""1034"", ""tot_buy_req_jub_pre"": ""0"", ""ovt_sel_req_pre"": ""0"", ""ovt_sel_req"": ""0"", ""ovt_buy_req"": ""0"", ""ovt_buy_req_pre"": ""0"", ""return_code"": 0, ""return_msg"": ""정상적으로 처리되었습니다""}"
2026-06-10,scan_candidate,138040,,0,main_scan,110000,,110000,109900,110000,109500,-0.9090909090909091,0.09090909090909091,,,,,,"{""bid_req_base_tm"": ""101538"", ""sel_10th_pre_req_pre"": ""0"", ""sel_10th_pre_req"": ""50"", ""sel_10th_pre_bid"": ""+110900"", ""sel_9th_pre_req_pre"": ""0"", ""sel_9th_pre_req"": ""520"", ""sel_9th_pre_bid"": ""+110800"", ""sel_8th_pre_req_pre"": ""0"", ""sel_8th_pre_req"": ""803"", ""sel_8th_pre_bid"": ""+110700"", ""sel_7th_pre_req_pre"": ""0"", ""sel_7th_pre_req"": ""654"", ""sel_7th_pre_bid"": ""+110600"", ""sel_6th_pre_req_pre"": ""0"", ""sel_6th_pre_req"": ""468"", ""sel_6th_pre_bid"": ""+110500"", ""sel_5th_pre_req_pre"": ""0"", ""sel_5th_pre_req"": ""98"", ""sel_5th_pre_bid"": ""+110400"", ""sel_4th_pre_req_pre"": ""0"", ""sel_4th_pre_req"": ""1006"", ""sel_4th_pre_bid"": ""+110300"", ""sel_3th_pre_req_pre"": ""0"", ""sel_3th_pre_req"": ""582"", ""sel_3th_pre_bid"": ""+110200"", ""sel_2th_pre_req_pre"": ""0"", ""sel_2th_pre_req"": ""85"", ""sel_2th_pre_bid"": ""+110100"", ""sel_1th_pre_req_pre"": ""0"", ""sel_fpr_req"": ""1031"", ""sel_fpr_bid"": ""+110000"", ""buy_fpr_bid"": ""+109900"", ""buy_fpr_req"": ""989"", ""buy_1th_pre_req_pre"": ""0"", ""buy_2th_pre_bid"": ""+109800"", ""buy_2th_pre_req"": ""65"", ""buy_2th_pre_req_pre"": ""0"", ""buy_3th_pre_bid"": ""+109700"", ""buy_3th_pre_req"": ""804"", ""buy_3th_pre_req_pre"": ""0"", ""buy_4th_pre_bid"": ""+109500"", ""buy_4th_pre_req"": ""168"", ""buy_4th_pre_req_pre"": ""0"", ""buy_5th_pre_bid"": ""+109300"", ""buy_5th_pre_req"": ""366"", ""buy_5th_pre_req_pre"": ""0"", ""buy_6th_pre_bid"": ""-109000"", ""buy_6th_pre_req"": ""77"", ""buy_6th_pre_req_pre"": ""0"", ""buy_7th_pre_bid"": ""-108900"", ""buy_7th_pre_req"": ""496"", ""buy_7th_pre_req_pre"": ""0"", ""buy_8th_pre_bid"": ""-108800"", ""buy_8th_pre_req"": ""296"", ""buy_8th_pre_req_pre"": ""0"", ""buy_9th_pre_bid"": ""-108700"", ""buy_9th_pre_req"": ""108"", ""buy_9th_pre_req_pre"": ""0"", ""buy_10th_pre_bid"": ""-108600"", ""buy_10th_pre_req"": ""417"", ""buy_10th_pre_req_pre"": ""0"", ""tot_sel_req_jub_pre"": ""0"", ""tot_sel_req"": ""5297"", ""tot_buy_req"": ""3786"", ""tot_buy_req_jub_pre"": ""0"", ""ovt_sel_req_pre"": ""0"", ""ovt_sel_req"": ""0"", ""ovt_buy_req"": ""0"", ""ovt_buy_req_pre"": ""0"", ""return_code"": 0, ""return_msg"": ""정상적으로 처리되었습니다""}"
2026-06-10,scan_candidate,003550,,0,main_scan,108700,,108700,108600,108700,108000,-1.1039558417663293,0.09199632014719411,,,,,,"{""bid_req_base_tm"": ""101548"", ""sel_10th_pre_req_pre"": ""0"", ""sel_10th_pre_req"": ""24"", ""sel_10th_pre_bid"": ""-109800"", ""sel_9th_pre_req_pre"": ""0"", ""sel_9th_pre_req"": ""40"", ""sel_9th_pre_bid"": ""-109700"", ""sel_8th_pre_req_pre"": ""0"", ""sel_8th_pre_req"": ""20"", ""sel_8th_pre_bid"": ""-109600"", ""sel_7th_pre_req_pre"": ""0"", ""sel_7th_pre_req"": ""70"", ""sel_7th_pre_bid"": ""-109500"", ""sel_6th_pre_req_pre"": ""0"", ""sel_6th_pre_req"": ""324"", ""sel_6th_pre_bid"": ""-109400"", ""sel_5th_pre_req_pre"": ""0"", ""sel_5th_pre_req"": ""186"", ""sel_5th_pre_bid"": ""-109300"", ""sel_4th_pre_req_pre"": ""0"", ""sel_4th_pre_req"": ""317"", ""sel_4th_pre_bid"": ""-109200"", ""sel_3th_pre_req_pre"": ""0"", ""sel_3th_pre_req"": ""115"", ""sel_3th_pre_bid"": ""-109000"", ""sel_2th_pre_req_pre"": ""0"", ""sel_2th_pre_req"": ""1666"", ""sel_2th_pre_bid"": ""-108800"", ""sel_1th_pre_req_pre"": ""0"", ""sel_fpr_req"": ""224"", ""sel_fpr_bid"": ""-108700"", ""buy_fpr_bid"": ""-108600"", ""buy_fpr_req"": ""167"", ""buy_1th_pre_req_pre"": ""+12"", ""buy_2th_pre_bid"": ""-108500"", ""buy_2th_pre_req"": ""3"", ""buy_2th_pre_req_pre"": ""0"", ""buy_3th_pre_bid"": ""-108400"", ""buy_3th_pre_req"": ""66"", ""buy_3th_pre_req_pre"": ""0"", ""buy_4th_pre_bid"": ""-108300"", ""buy_4th_pre_req"": ""199"", ""buy_4th_pre_req_pre"": ""0"", ""buy_5th_pre_bid"": ""-108200"", ""buy_5th_pre_req"": ""102"", ""buy_5th_pre_req_pre"": ""0"", ""buy_6th_pre_bid"": ""-108100"", ""buy_6th_pre_req"": ""307"", ""buy_6th_pre_req_pre"": ""0"", ""buy_7th_pre_bid"": ""-108000"", ""buy_7th_pre_req"": ""243"", ""buy_7th_pre_req_pre"": ""0"", ""buy_8th_pre_bid"": ""-107900"", ""buy_8th_pre_req"": ""189"", ""buy_8th_pre_req_pre"": ""0"", ""buy_9th_pre_bid"": ""-107800"", ""buy_9th_pre_req"": ""80"", ""buy_9th_pre_req_pre"": ""0"", ""buy_10th_pre_bid"": ""-107700"", ""buy_10th_pre_req"": ""107"", ""buy_10th_pre_req_pre"": ""0"", ""tot_sel_req_jub_pre"": ""0"", ""tot_sel_req"": ""2986"", ""tot_buy_req"": ""1463"", ""tot_buy_req_jub_pre"": ""+12"", ""ovt_sel_req_pre"": ""0"", ""ovt_sel_req"": ""0"", ""ovt_buy_req"": ""0"", ""ovt_buy_req_pre"": ""0"", ""return_code"": 0, ""return_msg"": ""정상적으로 처리되었습니다""}"
2026-06-10,scan_candidate,024110,,0,main_scan,21100,,21100,21050,21100,20850,-1.4218009478672986,0.23696682464454977,,,,,,"{""bid_req_base_tm"": ""101548"", ""sel_10th_pre_req_pre"": ""0"", ""sel_10th_pre_req"": ""1401"", ""sel_10th_pre_bid"": ""+21550"", ""sel_9th_pre_req_pre"": ""0"", ""sel_9th_pre_req"": ""8648"", ""sel_9th_pre_bid"": ""+21500"", ""sel_8th_pre_req_pre"": ""0"", ""sel_8th_pre_req"": ""3555"", ""sel_8th_pre_bid"": ""+21450"", ""sel_7th_pre_req_pre"": ""0"", ""sel_7th_pre_req"": ""10659"", ""sel_7th_pre_bid"": ""+21400"", ""sel_6th_pre_req_pre"": ""0"", ""sel_6th_pre_req"": ""3850"", ""sel_6th_pre_bid"": ""+21350"", ""sel_5th_pre_req_pre"": ""0"", ""sel_5th_pre_req"": ""10978"", ""sel_5th_pre_bid"": ""+21300"", ""sel_4th_pre_req_pre"": ""0"", ""sel_4th_pre_req"": ""6491"", ""sel_4th_pre_bid"": ""+21250"", ""sel_3th_pre_req_pre"": ""0"", ""sel_3th_pre_req"": ""12075"", ""sel_3th_pre_bid"": ""+21200"", ""sel_2th_pre_req_pre"": ""0"", ""sel_2th_pre_req"": ""14873"", ""sel_2th_pre_bid"": ""+21150"", ""sel_1th_pre_req_pre"": ""--139"", ""sel_fpr_req"": ""11853"", ""sel_fpr_bid"": ""+21100"", ""buy_fpr_bid"": ""+21050"", ""buy_fpr_req"": ""5620"", ""buy_1th_pre_req_pre"": ""0"", ""buy_2th_pre_bid"": ""+21000"", ""buy_2th_pre_req"": ""9262"", ""buy_2th_pre_req_pre"": ""0"", ""buy_3th_pre_bid"": ""+20950"", ""buy_3th_pre_req"": ""1357"", ""buy_3th_pre_req_pre"": ""0"", ""buy_4th_pre_bid"": ""+20900"", ""buy_4th_pre_req"": ""1038"", ""buy_4th_pre_req_pre"": ""0"", ""buy_5th_pre_bid"": ""+20850"", ""buy_5th_pre_req"": ""542"", ""buy_5th_pre_req_pre"": ""0"", ""buy_6th_pre_bid"": ""+20800"", ""buy_6th_pre_req"": ""1441"", ""buy_6th_pre_req_pre"": ""0"", ""buy_7th_pre_bid"": ""+20750"", ""buy_7th_pre_req"": ""1265"", ""buy_7th_pre_req_pre"": ""0"", ""buy_8th_pre_bid"": ""+20700"", ""buy_8th_pre_req"": ""2104"", ""buy_8th_pre_req_pre"": ""0"", ""buy_9th_pre_bid"": ""+20650"", ""buy_9th_pre_req"": ""767"", ""buy_9th_pre_req_pre"": ""0"", ""buy_10th_pre_bid"": ""+20600"", ""buy_10th_pre_req"": ""3034"", ""buy_10th_pre_req_pre"": ""0"", ""tot_sel_req_jub_pre"": ""--139"", ""tot_sel_req"": ""84383"", ""tot_buy_req"": ""26430"", ""tot_buy_req_jub_pre"": ""0"", ""ovt_sel_req_pre"": ""0"", ""ovt_sel_req"": ""0"", ""ovt_buy_req"": ""0"", ""ovt_buy_req_pre"": ""0"", ""return_code"": 0, ""return_msg"": ""정상적으로 처리되었습니다""}"
2026-06-10,scan_candidate,079550,,0,main_scan,776000,,776000,775000,776000,775000,-0.25773195876288657,0.12886597938144329,,,,,,"{""bid_req_base_tm"": ""101548"", ""sel_10th_pre_req_pre"": ""0"", ""sel_10th_pre_req"": ""109"", ""sel_10th_pre_bid"": ""+785000"", ""sel_9th_pre_req_pre"": ""0"", ""sel_9th_pre_req"": ""90"", ""sel_9th_pre_bid"": ""+784000"", ""sel_8th_pre_req_pre"": ""0"", ""sel_8th_pre_req"": ""2"", ""sel_8th_pre_bid"": ""+783000"", ""sel_7th_pre_req_pre"": ""0"", ""sel_7th_pre_req"": ""223"", ""sel_7th_pre_bid"": ""+782000"", ""sel_6th_pre_req_pre"": ""0"", ""sel_6th_pre_req"": ""35"", ""sel_6th_pre_bid"": ""+781000"", ""sel_5th_pre_req_pre"": ""0"", ""sel_5th_pre_req"": ""33"", ""sel_5th_pre_bid"": ""+780000"", ""sel_4th_pre_req_pre"": ""0"", ""sel_4th_pre_req"": ""15"", ""sel_4th_pre_bid"": ""+779000"", ""sel_3th_pre_req_pre"": ""0"", ""sel_3th_pre_req"": ""209"", ""sel_3th_pre_bid"": ""+778000"", ""sel_2th_pre_req_pre"": ""0"", ""sel_2th_pre_req"": ""131"", ""sel_2th_pre_bid"": ""+777000"", ""sel_1th_pre_req_pre"": ""0"", ""sel_fpr_req"": ""18"", ""sel_fpr_bid"": ""+776000"", ""buy_fpr_bid"": ""+775000"", ""buy_fpr_req"": ""113"", ""buy_1th_pre_req_pre"": ""0"", ""buy_2th_pre_bid"": ""+774000"", ""buy_2th_pre_req"": ""247"", ""buy_2th_pre_req_pre"": ""+29"", ""buy_3th_pre_bid"": ""+773000"", ""buy_3th_pre_req"": ""99"", ""buy_3th_pre_req_pre"": ""+1"", ""buy_4th_pre_bid"": ""+772000"", ""buy_4th_pre_req"": ""109"", ""buy_4th_pre_req_pre"": ""0"", ""buy_5th_pre_bid"": ""+771000"", ""buy_5th_pre_req"": ""55"", ""buy_5th_pre_req_pre"": ""0"", ""buy_6th_pre_bid"": ""+770000"", ""buy_6th_pre_req"": ""134"", ""buy_6th_pre_req_pre"": ""0"", ""buy_7th_pre_bid"": ""+769000"", ""buy_7th_pre_req"": ""21"", ""buy_7th_pre_req_pre"": ""0"", ""buy_8th_pre_bid"": ""+768000"", ""buy_8th_pre_req"": ""22"", ""buy_8th_pre_req_pre"": ""0"", ""buy_9th_pre_bid"": ""+767000"", ""buy_9th_pre_req"": ""9"", ""buy_9th_pre_req_pre"": ""0"", ""buy_10th_pre_bid"": ""+766000"", ""buy_10th_pre_req"": ""42"", ""buy_10th_pre_req_pre"": ""0"", ""tot_sel_req_jub_pre"": ""0"", ""tot_sel_req"": ""865"", ""tot_buy_req"": ""851"", ""tot_buy_req_jub_pre"": ""+30"", ""ovt_sel_req_pre"": ""0"", ""ovt_sel_req"": ""0"", ""ovt_buy_req"": ""0"", ""ovt_buy_req_pre"": ""0"", ""return_code"": 0, ""return_msg"": ""정상적으로 처리되었습니다""}"
2026-06-10,scan_candidate,278470,,0,main_scan,417500,,417500,417000,417500,416000,-0.47904191616766467,0.11976047904191617,,,,,,"{""bid_req_base_tm"": ""101548"", ""sel_10th_pre_req_pre"": ""0"", ""sel_10th_pre_req"": ""249"", ""sel_10th_pre_bid"": ""+422000"", ""sel_9th_pre_req_pre"": ""0"", ""sel_9th_pre_req"": ""92"", ""sel_9th_pre_bid"": ""+421500"", ""sel_8th_pre_req_pre"": ""0"", ""sel_8th_pre_req"": ""280"", ""sel_8th_pre_bid"": ""+421000"", ""sel_7th_pre_req_pre"": ""0"", ""sel_7th_pre_req"": ""303"", ""sel_7th_pre_bid"": ""+420500"", ""sel_6th_pre_req_pre"": ""0"", ""sel_6th_pre_req"": ""2198"", ""sel_6th_pre_bid"": ""+420000"", ""sel_5th_pre_req_pre"": ""0"", ""sel_5th_pre_req"": ""429"", ""sel_5th_pre_bid"": ""+419500"", ""sel_4th_pre_req_pre"": ""0"", ""sel_4th_pre_req"": ""395"", ""sel_4th_pre_bid"": ""+419000"", ""sel_3th_pre_req_pre"": ""0"", ""sel_3th_pre_req"": ""48"", ""sel_3th_pre_bid"": ""+418500"", ""sel_2th_pre_req_pre"": ""0"", ""sel_2th_pre_req"": ""2"", ""sel_2th_pre_bid"": ""+418000"", ""sel_1th_pre_req_pre"": ""+1"", ""sel_fpr_req"": ""183"", ""sel_fpr_bid"": ""+417500"", ""buy_fpr_bid"": ""+417000"", ""buy_fpr_req"": ""93"", ""buy_1th_pre_req_pre"": ""0"", ""buy_2th_pre_bid"": ""+416500"", ""buy_2th_pre_req"": ""74"", ""buy_2th_pre_req_pre"": ""0"", ""buy_3th_pre_bid"": ""+416000"", ""buy_3th_pre_req"": ""179"", ""buy_3th_pre_req_pre"": ""0"", ""buy_4th_pre_bid"": ""+415500"", ""buy_4th_pre_req"": ""77"", ""buy_4th_pre_req_pre"": ""0"", ""buy_5th_pre_bid"": ""+415000"", ""buy_5th_pre_req"": ""129"", ""buy_5th_pre_req_pre"": ""0"", ""buy_6th_pre_bid"": ""+414500"", ""buy_6th_pre_req"": ""354"", ""buy_6th_pre_req_pre"": ""0"", ""buy_7th_pre_bid"": ""+414000"", ""buy_7th_pre_req"": ""35"", ""buy_7th_pre_req_pre"": ""0"", ""buy_8th_pre_bid"": ""+413500"", ""buy_8th_pre_req"": ""111"", ""buy_8th_pre_req_pre"": ""0"", ""buy_9th_pre_bid"": ""+413000"", ""buy_9th_pre_req"": ""40"", ""buy_9th_pre_req_pre"": ""0"", ""buy_10th_pre_bid"": ""+412500"", ""buy_10th_pre_req"": ""3"", ""buy_10th_pre_req_pre"": ""0"", ""tot_sel_req_jub_pre"": ""+1"", ""tot_sel_req"": ""4179"", ""tot_buy_req"": ""1095"", ""tot_buy_req_jub_pre"": ""0"", ""ovt_sel_req_pre"": ""0"", ""ovt_sel_req"": ""0"", ""ovt_buy_req"": ""0"", ""ovt_buy_req_pre"": ""0"", ""return_code"": 0, ""return_msg"": ""정상적으로 처리되었습니다""}"
2026-06-10,scan_candidate,030200,,0,main_scan,54900,,54900,54800,54900,54800,-0.36429872495446264,0.18214936247723132,,,,,,"{""bid_req_base_tm"": ""101548"", ""sel_10th_pre_req_pre"": ""--1"", ""sel_10th_pre_req"": ""1534"", ""sel_10th_pre_bid"": ""+55800"", ""sel_9th_pre_req_pre"": ""0"", ""sel_9th_pre_req"": ""382"", ""sel_9th_pre_bid"": ""+55700"", ""sel_8th_pre_req_pre"": ""0"", ""sel_8th_pre_req"": ""109"", ""sel_8th_pre_bid"": ""+55600"", ""sel_7th_pre_req_pre"": ""0"", ""sel_7th_pre_req"": ""723"", ""sel_7th_pre_bid"": ""+55500"", ""sel_6th_pre_req_pre"": ""0"", ""sel_6th_pre_req"": ""1195"", ""sel_6th_pre_bid"": ""+55400"", ""sel_5th_pre_req_pre"": ""0"", ""sel_5th_pre_req"": ""636"", ""sel_5th_pre_bid"": ""+55300"", ""sel_4th_pre_req_pre"": ""0"", ""sel_4th_pre_req"": ""887"", ""sel_4th_pre_bid"": ""+55200"", ""sel_3th_pre_req_pre"": ""0"", ""sel_3th_pre_req"": ""531"", ""sel_3th_pre_bid"": ""+55100"", ""sel_2th_pre_req_pre"": ""0"", ""sel_2th_pre_req"": ""3503"", ""sel_2th_pre_bid"": ""+55000"", ""sel_1th_pre_req_pre"": ""0"", ""sel_fpr_req"": ""1160"", ""sel_fpr_bid"": ""+54900"", ""buy_fpr_bid"": ""+54800"", ""buy_fpr_req"": ""396"", ""buy_1th_pre_req_pre"": ""0"", ""buy_2th_pre_bid"": ""+54700"", ""buy_2th_pre_req"": ""419"", ""buy_2th_pre_req_pre"": ""0"", ""buy_3th_pre_bid"": ""+54600"", ""buy_3th_pre_req"": ""305"", ""buy_3th_pre_req_pre"": ""0"", ""buy_4th_pre_bid"": ""+54500"", ""buy_4th_pre_req"": ""1305"", ""buy_4th_pre_req_pre"": ""0"", ""buy_5th_pre_bid"": ""+54400"", ""buy_5th_pre_req"": ""679"", ""buy_5th_pre_req_pre"": ""0"", ""buy_6th_pre_bid"": ""+54300"", ""buy_6th_pre_req"": ""794"", ""buy_6th_pre_req_pre"": ""0"", ""buy_7th_pre_bid"": ""+54200"", ""buy_7th_pre_req"": ""1009"", ""buy_7th_pre_req_pre"": ""0"", ""buy_8th_pre_bid"": ""+54100"", ""buy_8th_pre_req"": ""342"", ""buy_8th_pre_req_pre"": ""0"", ""buy_9th_pre_bid"": ""+54000"", ""buy_9th_pre_req"": ""4399"", ""buy_9th_pre_req_pre"": ""0"", ""buy_10th_pre_bid"": ""+53900"", ""buy_10th_pre_req"": ""914"", ""buy_10th_pre_req_pre"": ""0"", ""tot_sel_req_jub_pre"": ""--1"", ""tot_sel_req"": ""10660"", ""tot_buy_req"": ""10562"", ""tot_buy_req_jub_pre"": ""0"", ""ovt_sel_req_pre"": ""0"", ""ovt_sel_req"": ""0"", ""ovt_buy_req"": ""0"", ""ovt_buy_req_pre"": ""0"", ""return_code"": 0, ""return_msg"": ""정상적으로 처리되었습니다""}"
2026-06-10,scan_candidate,010950,,0,main_scan,110200,,110200,110000,110200,110000,-0.6352087114337568,0.18148820326678766,,,,,,"{""bid_req_base_tm"": ""101549"", ""sel_10th_pre_req_pre"": ""0"", ""sel_10th_pre_req"": ""43"", ""sel_10th_pre_bid"": ""+111200"", ""sel_9th_pre_req_pre"": ""0"", ""sel_9th_pre_req"": ""59"", ""sel_9th_pre_bid"": ""+111000"", ""sel_8th_pre_req_pre"": ""0"", ""sel_8th_pre_req"": ""1"", ""sel_8th_pre_bid"": ""110900"", ""sel_7th_pre_req_pre"": ""0"", ""sel_7th_pre_req"": ""12"", ""sel_7th_pre_bid"": ""-110800"", ""sel_6th_pre_req_pre"": ""0"", ""sel_6th_pre_req"": ""51"", ""sel_6th_pre_bid"": ""-110700"", ""sel_5th_pre_req_pre"": ""0"", ""sel_5th_pre_req"": ""3"", ""sel_5th_pre_bid"": ""-110600"", ""sel_4th_pre_req_pre"": ""0"", ""sel_4th_pre_req"": ""39"", ""sel_4th_pre_bid"": ""-110500"", ""sel_3th_pre_req_pre"": ""0"", ""sel_3th_pre_req"": ""337"", ""sel_3th_pre_bid"": ""-110400"", ""sel_2th_pre_req_pre"": ""0"", ""sel_2th_pre_req"": ""2"", ""sel_2th_pre_bid"": ""-110300"", ""sel_1th_pre_req_pre"": ""0"", ""sel_fpr_req"": ""3"", ""sel_fpr_bid"": ""-110200"", ""buy_fpr_bid"": ""-110000"", ""buy_fpr_req"": ""71"", ""buy_1th_pre_req_pre"": ""0"", ""buy_2th_pre_bid"": ""-109900"", ""buy_2th_pre_req"": ""120"", ""buy_2th_pre_req_pre"": ""0"", ""buy_3th_pre_bid"": ""-109800"", ""buy_3th_pre_req"": ""271"", ""buy_3th_pre_req_pre"": ""0"", ""buy_4th_pre_bid"": ""-109500"", ""buy_4th_pre_req"": ""2"", ""buy_4th_pre_req_pre"": ""0"", ""buy_5th_pre_bid"": ""-109400"", ""buy_5th_pre_req"": ""301"", ""buy_5th_pre_req_pre"": ""0"", ""buy_6th_pre_bid"": ""-109200"", ""buy_6th_pre_req"": ""62"", ""buy_6th_pre_req_pre"": ""0"", ""buy_7th_pre_bid"": ""-109100"", ""buy_7th_pre_req"": ""23"", ""buy_7th_pre_req_pre"": ""0"", ""buy_8th_pre_bid"": ""-109000"", ""buy_8th_pre_req"": ""177"", ""buy_8th_pre_req_pre"": ""0"", ""buy_9th_pre_bid"": ""-108900"", ""buy_9th_pre_req"": ""110"", ""buy_9th_pre_req_pre"": ""0"", ""buy_10th_pre_bid"": ""-108800"", ""buy_10th_pre_req"": ""309"", ""buy_10th_pre_req_pre"": ""0"", ""tot_sel_req_jub_pre"": ""0"", ""tot_sel_req"": ""550"", ""tot_buy_req"": ""1446"", ""tot_buy_req_jub_pre"": ""+299"", ""ovt_sel_req_pre"": ""0"", ""ovt_sel_req"": ""0"", ""ovt_buy_req"": ""0"", ""ovt_buy_req_pre"": ""0"", ""return_code"": 0, ""return_msg"": ""정상적으로 처리되었습니다""}"
2026-06-10,scan_candidate,323410,,0,main_scan,24600,,24600,24550,24600,24500,-0.6097560975609756,0.20325203252032523,,,,,,"{""bid_req_base_tm"": ""101549"", ""sel_10th_pre_req_pre"": ""0"", ""sel_10th_pre_req"": ""2226"", ""sel_10th_pre_bid"": ""+25050"", ""sel_9th_pre_req_pre"": ""0"", ""sel_9th_pre_req"": ""11964"", ""sel_9th_pre_bid"": ""+25000"", ""sel_8th_pre_req_pre"": ""0"", ""sel_8th_pre_req"": ""10195"", ""sel_8th_pre_bid"": ""+24950"", ""sel_7th_pre_req_pre"": ""0"", ""sel_7th_pre_req"": ""5967"", ""sel_7th_pre_bid"": ""+24900"", ""sel_6th_pre_req_pre"": ""0"", ""sel_6th_pre_req"": ""3365"", ""sel_6th_pre_bid"": ""+24850"", ""sel_5th_pre_req_pre"": ""0"", ""sel_5th_pre_req"": ""11227"", ""sel_5th_pre_bid"": ""+24800"", ""sel_4th_pre_req_pre"": ""0"", ""sel_4th_pre_req"": ""2823"", ""sel_4th_pre_bid"": ""+24750"", ""sel_3th_pre_req_pre"": ""0"", ""sel_3th_pre_req"": ""1204"", ""sel_3th_pre_bid"": ""+24700"", ""sel_2th_pre_req_pre"": ""0"", ""sel_2th_pre_req"": ""1212"", ""sel_2th_pre_bid"": ""+24650"", ""sel_1th_pre_req_pre"": ""+44"", ""sel_fpr_req"": ""1602"", ""sel_fpr_bid"": ""+24600"", ""buy_fpr_bid"": ""+24550"", ""buy_fpr_req"": ""4764"", ""buy_1th_pre_req_pre"": ""0"", ""buy_2th_pre_bid"": ""+24500"", ""buy_2th_pre_req"": ""2568"", ""buy_2th_pre_req_pre"": ""0"", ""buy_3th_pre_bid"": ""+24450"", ""buy_3th_pre_req"": ""1840"", ""buy_3th_pre_req_pre"": ""0"", ""buy_4th_pre_bid"": ""24400"", ""buy_4th_pre_req"": ""2644"", ""buy_4th_pre_req_pre"": ""0"", ""buy_5th_pre_bid"": ""-24350"", ""buy_5th_pre_req"": ""2448"", ""buy_5th_pre_req_pre"": ""0"", ""buy_6th_pre_bid"": ""-24300"", ""buy_6th_pre_req"": ""2225"", ""buy_6th_pre_req_pre"": ""0"", ""buy_7th_pre_bid"": ""-24250"", ""buy_7th_pre_req"": ""1362"", ""buy_7th_pre_req_pre"": ""0"", ""buy_8th_pre_bid"": ""-24200"", ""buy_8th_pre_req"": ""1039"", ""buy_8th_pre_req_pre"": ""0"", ""buy_9th_pre_bid"": ""-24150"", ""buy_9th_pre_req"": ""1192"", ""buy_9th_pre_req_pre"": ""0"", ""buy_10th_pre_bid"": ""-24100"", ""buy_10th_pre_req"": ""1402"", ""buy_10th_pre_req_pre"": ""0"", ""tot_sel_req_jub_pre"": ""+44"", ""tot_sel_req"": ""51785"", ""tot_buy_req"": ""21484"", ""tot_buy_req_jub_pre"": ""0"", ""ovt_sel_req_pre"": ""0"", ""ovt_sel_req"": ""0"", ""ovt_buy_req"": ""0"", ""ovt_buy_req_pre"": ""0"", ""return_code"": 0, ""return_msg"": ""정상적으로 처리되었습니다""}"
2026-06-10,scan_candidate,005940,,0,main_scan,30900,,30900,30850,30900,30850,-0.3236245954692557,0.16181229773462785,,,,,,"{""bid_req_base_tm"": ""101549"", ""sel_10th_pre_req_pre"": ""0"", ""sel_10th_pre_req"": ""526"", ""sel_10th_pre_bid"": ""+31350"", ""sel_9th_pre_req_pre"": ""0"", ""sel_9th_pre_req"": ""838"", ""sel_9th_pre_bid"": ""+31300"", ""sel_8th_pre_req_pre"": ""0"", ""sel_8th_pre_req"": ""156"", ""sel_8th_pre_bid"": ""31250"", ""sel_7th_pre_req_pre"": ""0"", ""sel_7th_pre_req"": ""82"", ""sel_7th_pre_bid"": ""-31200"", ""sel_6th_pre_req_pre"": ""0"", ""sel_6th_pre_req"": ""14"", ""sel_6th_pre_bid"": ""-31150"", ""sel_5th_pre_req_pre"": ""0"", ""sel_5th_pre_req"": ""107"", ""sel_5th_pre_bid"": ""-31100"", ""sel_4th_pre_req_pre"": ""0"", ""sel_4th_pre_req"": ""43"", ""sel_4th_pre_bid"": ""-31050"", ""sel_3th_pre_req_pre"": ""0"", ""sel_3th_pre_req"": ""594"", ""sel_3th_pre_bid"": ""-31000"", ""sel_2th_pre_req_pre"": ""0"", ""sel_2th_pre_req"": ""96"", ""sel_2th_pre_bid"": ""-30950"", ""sel_1th_pre_req_pre"": ""0"", ""sel_fpr_req"": ""889"", ""sel_fpr_bid"": ""-30900"", ""buy_fpr_bid"": ""-30850"", ""buy_fpr_req"": ""414"", ""buy_1th_pre_req_pre"": ""+302"", ""buy_2th_pre_bid"": ""-30750"", ""buy_2th_pre_req"": ""248"", ""buy_2th_pre_req_pre"": ""0"", ""buy_3th_pre_bid"": ""-30700"", ""buy_3th_pre_req"": ""76"", ""buy_3th_pre_req_pre"": ""0"", ""buy_4th_pre_bid"": ""-30650"", ""buy_4th_pre_req"": ""114"", ""buy_4th_pre_req_pre"": ""0"", ""buy_5th_pre_bid"": ""-30600"", ""buy_5th_pre_req"": ""276"", ""buy_5th_pre_req_pre"": ""0"", ""buy_6th_pre_bid"": ""-30550"", ""buy_6th_pre_req"": ""283"", ""buy_6th_pre_req_pre"": ""0"", ""buy_7th_pre_bid"": ""-30500"", ""buy_7th_pre_req"": ""304"", ""buy_7th_pre_req_pre"": ""0"", ""buy_8th_pre_bid"": ""-30450"", ""buy_8th_pre_req"": ""205"", ""buy_8th_pre_req_pre"": ""0"", ""buy_9th_pre_bid"": ""-30400"", ""buy_9th_pre_req"": ""517"", ""buy_9th_pre_req_pre"": ""0"", ""buy_10th_pre_bid"": ""-30350"", ""buy_10th_pre_req"": ""490"", ""buy_10th_pre_req_pre"": ""0"", ""tot_sel_req_jub_pre"": ""0"", ""tot_sel_req"": ""3345"", ""tot_buy_req"": ""2927"", ""tot_buy_req_jub_pre"": ""+302"", ""ovt_sel_req_pre"": ""0"", ""ovt_sel_req"": ""0"", ""ovt_buy_req"": ""0"", ""ovt_buy_req_pre"": ""0"", ""return_code"": 0, ""return_msg"": ""정상적으로 처리되었습니다""}"
2026-06-10,scan_candidate,064400,,0,main_scan,96000,,96000,95900,96000,96200,0.10416666666666667,0.10416666666666667,,,,,,"{""bid_req_base_tm"": ""101549"", ""sel_10th_pre_req_pre"": ""0"", ""sel_10th_pre_req"": ""323"", ""sel_10th_pre_bid"": ""-96900"", ""sel_9th_pre_req_pre"": ""0"", ""sel_9th_pre_req"": ""1162"", ""sel_9th_pre_bid"": ""-96800"", ""sel_8th_pre_req_pre"": ""0"", ""sel_8th_pre_req"": ""636"", ""sel_8th_pre_bid"": ""-96700"", ""sel_7th_pre_req_pre"": ""0"", ""sel_7th_pre_req"": ""305"", ""sel_7th_pre_bid"": ""-96600"", ""sel_6th_pre_req_pre"": ""0"", ""sel_6th_pre_req"": ""389"", ""sel_6th_pre_bid"": ""-96500"", ""sel_5th_pre_req_pre"": ""0"", ""sel_5th_pre_req"": ""108"", ""sel_5th_pre_bid"": ""-96400"", ""sel_4th_pre_req_pre"": ""0"", ""sel_4th_pre_req"": ""12"", ""sel_4th_pre_bid"": ""-96300"", ""sel_3th_pre_req_pre"": ""0"", ""sel_3th_pre_req"": ""5"", ""sel_3th_pre_bid"": ""-96200"", ""sel_2th_pre_req_pre"": ""0"", ""sel_2th_pre_req"": ""13"", ""sel_2th_pre_bid"": ""-96100"", ""sel_1th_pre_req_pre"": ""+50"", ""sel_fpr_req"": ""2143"", ""sel_fpr_bid"": ""-96000"", ""buy_fpr_bid"": ""-95900"", ""buy_fpr_req"": ""573"", ""buy_1th_pre_req_pre"": ""0"", ""buy_2th_pre_bid"": ""-95800"", ""buy_2th_pre_req"": ""1177"", ""buy_2th_pre_req_pre"": ""0"", ""buy_3th_pre_bid"": ""-95700"", ""buy_3th_pre_req"": ""1087"", ""buy_3th_pre_req_pre"": ""0"", ""buy_4th_pre_bid"": ""-95600"", ""buy_4th_pre_req"": ""1370"", ""buy_4th_pre_req_pre"": ""0"", ""buy_5th_pre_bid"": ""-95500"", ""buy_5th_pre_req"": ""2375"", ""buy_5th_pre_req_pre"": ""0"", ""buy_6th_pre_bid"": ""-95400"", ""buy_6th_pre_req"": ""1364"", ""buy_6th_pre_req_pre"": ""0"", ""buy_7th_pre_bid"": ""-95300"", ""buy_7th_pre_req"": ""1582"", ""buy_7th_pre_req_pre"": ""0"", ""buy_8th_pre_bid"": ""-95200"", ""buy_8th_pre_req"": ""2280"", ""buy_8th_pre_req_pre"": ""0"", ""buy_9th_pre_bid"": ""-95100"", ""buy_9th_pre_req"": ""3327"", ""buy_9th_pre_req_pre"": ""0"", ""buy_10th_pre_bid"": ""-95000"", ""buy_10th_pre_req"": ""8380"", ""buy_10th_pre_req_pre"": ""0"", ""tot_sel_req_jub_pre"": ""+50"", ""tot_sel_req"": ""5096"", ""tot_buy_req"": ""23515"", ""tot_buy_req_jub_pre"": ""0"", ""ovt_sel_req_pre"": ""0"", ""ovt_sel_req"": ""0"", ""ovt_buy_req"": ""0"", ""ovt_buy_req_pre"": ""0"", ""return_code"": 0, ""return_msg"": ""정상적으로 처리되었습니다""}"
2026-06-10,scan_candidate,003490,,0,main_scan,25650,,25650,25600,25650,25500,-0.7797270955165692,0.1949317738791423,,,,,,"{""bid_req_base_tm"": ""101549"", ""sel_10th_pre_req_pre"": ""0"", ""sel_10th_pre_req"": ""4323"", ""sel_10th_pre_bid"": ""+26100"", ""sel_9th_pre_req_pre"": ""0"", ""sel_9th_pre_req"": ""3945"", ""sel_9th_pre_bid"": ""+26050"", ""sel_8th_pre_req_pre"": ""0"", ""sel_8th_pre_req"": ""42483"", ""sel_8th_pre_bid"": ""+26000"", ""sel_7th_pre_req_pre"": ""0"", ""sel_7th_pre_req"": ""19179"", ""sel_7th_pre_bid"": ""+25950"", ""sel_6th_pre_req_pre"": ""0"", ""sel_6th_pre_req"": ""18785"", ""sel_6th_pre_bid"": ""+25900"", ""sel_5th_pre_req_pre"": ""0"", ""sel_5th_pre_req"": ""9670"", ""sel_5th_pre_bid"": ""+25850"", ""sel_4th_pre_req_pre"": ""0"", ""sel_4th_pre_req"": ""10544"", ""sel_4th_pre_bid"": ""+25800"", ""sel_3th_pre_req_pre"": ""0"", ""sel_3th_pre_req"": ""3925"", ""sel_3th_pre_bid"": ""+25750"", ""sel_2th_pre_req_pre"": ""0"", ""sel_2th_pre_req"": ""1147"", ""sel_2th_pre_bid"": ""+25700"", ""sel_1th_pre_req_pre"": ""--2"", ""sel_fpr_req"": ""298"", ""sel_fpr_bid"": ""+25650"", ""buy_fpr_bid"": ""+25600"", ""buy_fpr_req"": ""1133"", ""buy_1th_pre_req_pre"": ""0"", ""buy_2th_pre_bid"": ""+25550"", ""buy_2th_pre_req"": ""2431"", ""buy_2th_pre_req_pre"": ""0"", ""buy_3th_pre_bid"": ""+25500"", ""buy_3th_pre_req"": ""1987"", ""buy_3th_pre_req_pre"": ""0"", ""buy_4th_pre_bid"": ""+25450"", ""buy_4th_pre_req"": ""2427"", ""buy_4th_pre_req_pre"": ""0"", ""buy_5th_pre_bid"": ""+25400"", ""buy_5th_pre_req"": ""5602"", ""buy_5th_pre_req_pre"": ""0"", ""buy_6th_pre_bid"": ""+25350"", ""buy_6th_pre_req"": ""6886"", ""buy_6th_pre_req_pre"": ""0"", ""buy_7th_pre_bid"": ""+25300"", ""buy_7th_pre_req"": ""4183"", ""buy_7th_pre_req_pre"": ""0"", ""buy_8th_pre_bid"": ""+25250"", ""buy_8th_pre_req"": ""2682"", ""buy_8th_pre_req_pre"": ""0"", ""buy_9th_pre_bid"": ""+25200"", ""buy_9th_pre_req"": ""4556"", ""buy_9th_pre_req_pre"": ""0"", ""buy_10th_pre_bid"": ""+25150"", ""buy_10th_pre_req"": ""1762"", ""buy_10th_pre_req_pre"": ""0"", ""tot_sel_req_jub_pre"": ""--2"", ""tot_sel_req"": ""114299"", ""tot_buy_req"": ""33649"", ""tot_buy_req_jub_pre"": ""0"", ""ovt_sel_req_pre"": ""0"", ""ovt_sel_req"": ""0"", ""ovt_buy_req"": ""0"", ""ovt_buy_req_pre"": ""0"", ""return_code"": 0, ""return_msg"": ""정상적으로 처리되었습니다""}"
2026-06-10,scan_candidate,161390,,0,main_scan,71700,,71700,71600,71700,72000,0.2789400278940028,0.1394700139470014,,,,,,"{""bid_req_base_tm"": ""101549"", ""sel_10th_pre_req_pre"": ""0"", ""sel_10th_pre_req"": ""18"", ""sel_10th_pre_bid"": ""-72600"", ""sel_9th_pre_req_pre"": ""0"", ""sel_9th_pre_req"": ""154"", ""sel_9th_pre_bid"": ""-72500"", ""sel_8th_pre_req_pre"": ""0"", ""sel_8th_pre_req"": ""5"", ""sel_8th_pre_bid"": ""-72400"", ""sel_7th_pre_req_pre"": ""0"", ""sel_7th_pre_req"": ""34"", ""sel_7th_pre_bid"": ""-72300"", ""sel_6th_pre_req_pre"": ""0"", ""sel_6th_pre_req"": ""9"", ""sel_6th_pre_bid"": ""-72200"", ""sel_5th_pre_req_pre"": ""0"", ""sel_5th_pre_req"": ""13"", ""sel_5th_pre_bid"": ""-72100"", ""sel_4th_pre_req_pre"": ""0"", ""sel_4th_pre_req"": ""187"", ""sel_4th_pre_bid"": ""-72000"", ""sel_3th_pre_req_pre"": ""0"", ""sel_3th_pre_req"": ""284"", ""sel_3th_pre_bid"": ""-71900"", ""sel_2th_pre_req_pre"": ""0"", ""sel_2th_pre_req"": ""187"", ""sel_2th_pre_bid"": ""-71800"", ""sel_1th_pre_req_pre"": ""+35"", ""sel_fpr_req"": ""891"", ""sel_fpr_bid"": ""-71700"", ""buy_fpr_bid"": ""-71600"", ""buy_fpr_req"": ""1077"", ""buy_1th_pre_req_pre"": ""0"", ""buy_2th_pre_bid"": ""-71500"", ""buy_2th_pre_req"": ""396"", ""buy_2th_pre_req_pre"": ""0"", ""buy_3th_pre_bid"": ""-71400"", ""buy_3th_pre_req"": ""573"", ""buy_3th_pre_req_pre"": ""0"", ""buy_4th_pre_bid"": ""-71300"", ""buy_4th_pre_req"": ""386"", ""buy_4th_pre_req_pre"": ""0"", ""buy_5th_pre_bid"": ""-71200"", ""buy_5th_pre_req"": ""529"", ""buy_5th_pre_req_pre"": ""0"", ""buy_6th_pre_bid"": ""-71100"", ""buy_6th_pre_req"": ""252"", ""buy_6th_pre_req_pre"": ""0"", ""buy_7th_pre_bid"": ""-71000"", ""buy_7th_pre_req"": ""1034"", ""buy_7th_pre_req_pre"": ""0"", ""buy_8th_pre_bid"": ""-70900"", ""buy_8th_pre_req"": ""2117"", ""buy_8th_pre_req_pre"": ""0"", ""buy_9th_pre_bid"": ""-70800"", ""buy_9th_pre_req"": ""153"", ""buy_9th_pre_req_pre"": ""0"", ""buy_10th_pre_bid"": ""-70700"", ""buy_10th_pre_req"": ""71"", ""buy_10th_pre_req_pre"": ""0"", ""tot_sel_req_jub_pre"": ""+35"", ""tot_sel_req"": ""1782"", ""tot_buy_req"": ""6588"", ""tot_buy_req_jub_pre"": ""0"", ""ovt_sel_req_pre"": ""0"", ""ovt_sel_req"": ""0"", ""ovt_buy_req"": ""0"", ""ovt_buy_req_pre"": ""0"", ""return_code"": 0, ""return_msg"": ""정상적으로 처리되었습니다""}"
2026-06-10,scan_candidate,003230,,0,main_scan,1155000,,1155000,1154000,1155000,1154000,-0.17316017316017315,0.08658008658008658,,,,,,"{""bid_req_base_tm"": ""101550"", ""sel_10th_pre_req_pre"": ""0"", ""sel_10th_pre_req"": ""30"", ""sel_10th_pre_bid"": ""+1164000"", ""sel_9th_pre_req_pre"": ""0"", ""sel_9th_pre_req"": ""22"", ""sel_9th_pre_bid"": ""+1163000"", ""sel_8th_pre_req_pre"": ""0"", ""sel_8th_pre_req"": ""15"", ""sel_8th_pre_bid"": ""+1162000"", ""sel_7th_pre_req_pre"": ""0"", ""sel_7th_pre_req"": ""48"", ""sel_7th_pre_bid"": ""+1161000"", ""sel_6th_pre_req_pre"": ""0"", ""sel_6th_pre_req"": ""34"", ""sel_6th_pre_bid"": ""+1160000"", ""sel_5th_pre_req_pre"": ""0"", ""sel_5th_pre_req"": ""11"", ""sel_5th_pre_bid"": ""+1159000"", ""sel_4th_pre_req_pre"": ""0"", ""sel_4th_pre_req"": ""6"", ""sel_4th_pre_bid"": ""+1158000"", ""sel_3th_pre_req_pre"": ""0"", ""sel_3th_pre_req"": ""11"", ""sel_3th_pre_bid"": ""+1157000"", ""sel_2th_pre_req_pre"": ""0"", ""sel_2th_pre_req"": ""5"", ""sel_2th_pre_bid"": ""+1156000"", ""sel_1th_pre_req_pre"": ""0"", ""sel_fpr_req"": ""22"", ""sel_fpr_bid"": ""+1155000"", ""buy_fpr_bid"": ""+1154000"", ""buy_fpr_req"": ""36"", ""buy_1th_pre_req_pre"": ""0"", ""buy_2th_pre_bid"": ""+1153000"", ""buy_2th_pre_req"": ""2"", ""buy_2th_pre_req_pre"": ""0"", ""buy_3th_pre_bid"": ""+1152000"", ""buy_3th_pre_req"": ""2"", ""buy_3th_pre_req_pre"": ""0"", ""buy_4th_pre_bid"": ""+1151000"", ""buy_4th_pre_req"": ""7"", ""buy_4th_pre_req_pre"": ""0"", ""buy_5th_pre_bid"": ""+1150000"", ""buy_5th_pre_req"": ""6"", ""buy_5th_pre_req_pre"": ""0"", ""buy_6th_pre_bid"": ""+1149000"", ""buy_6th_pre_req"": ""1"", ""buy_6th_pre_req_pre"": ""0"", ""buy_7th_pre_bid"": ""+1148000"", ""buy_7th_pre_req"": ""9"", ""buy_7th_pre_req_pre"": ""0"", ""buy_8th_pre_bid"": ""+1147000"", ""buy_8th_pre_req"": ""3"", ""buy_8th_pre_req_pre"": ""0"", ""buy_9th_pre_bid"": ""+1146000"", ""buy_9th_pre_req"": ""43"", ""buy_9th_pre_req_pre"": ""0"", ""buy_10th_pre_bid"": ""+1145000"", ""buy_10th_pre_req"": ""52"", ""buy_10th_pre_req_pre"": ""0"", ""tot_sel_req_jub_pre"": ""0"", ""tot_sel_req"": ""204"", ""tot_buy_req"": ""161"", ""tot_buy_req_jub_pre"": ""0"", ""ovt_sel_req_pre"": ""0"", ""ovt_sel_req"": ""0"", ""ovt_buy_req"": ""0"", ""ovt_buy_req_pre"": ""0"", ""return_code"": 0, ""return_msg"": ""정상적으로 처리되었습니다""}"
2026-06-10,scan_candidate,000880,,0,main_scan,119000,,119000,118700,119000,118500,-0.8403361344537815,0.25210084033613445,,,,,,"{""bid_req_base_tm"": ""101550"", ""sel_10th_pre_req_pre"": ""0"", ""sel_10th_pre_req"": ""673"", ""sel_10th_pre_bid"": ""+120200"", ""sel_9th_pre_req_pre"": ""0"", ""sel_9th_pre_req"": ""114"", ""sel_9th_pre_bid"": ""+120100"", ""sel_8th_pre_req_pre"": ""0"", ""sel_8th_pre_req"": ""318"", ""sel_8th_pre_bid"": ""+120000"", ""sel_7th_pre_req_pre"": ""0"", ""sel_7th_pre_req"": ""150"", ""sel_7th_pre_bid"": ""+119900"", ""sel_6th_pre_req_pre"": ""0"", ""sel_6th_pre_req"": ""20"", ""sel_6th_pre_bid"": ""+119800"", ""sel_5th_pre_req_pre"": ""0"", ""sel_5th_pre_req"": ""50"", ""sel_5th_pre_bid"": ""+119700"", ""sel_4th_pre_req_pre"": ""0"", ""sel_4th_pre_req"": ""2"", ""sel_4th_pre_bid"": ""+119400"", ""sel_3th_pre_req_pre"": ""0"", ""sel_3th_pre_req"": ""14"", ""sel_3th_pre_bid"": ""+119300"", ""sel_2th_pre_req_pre"": ""0"", ""sel_2th_pre_req"": ""45"", ""sel_2th_pre_bid"": ""+119100"", ""sel_1th_pre_req_pre"": ""+13"", ""sel_fpr_req"": ""73"", ""sel_fpr_bid"": ""+119000"", ""buy_fpr_bid"": ""+118700"", ""buy_fpr_req"": ""146"", ""buy_1th_pre_req_pre"": ""0"", ""buy_2th_pre_bid"": ""+118600"", ""buy_2th_pre_req"": ""1"", ""buy_2th_pre_req_pre"": ""0"", ""buy_3th_pre_bid"": ""+118500"", ""buy_3th_pre_req"": ""75"", ""buy_3th_pre_req_pre"": ""0"", ""buy_4th_pre_bid"": ""+118400"", ""buy_4th_pre_req"": ""10"", ""buy_4th_pre_req_pre"": ""0"", ""buy_5th_pre_bid"": ""+118300"", ""buy_5th_pre_req"": ""524"", ""buy_5th_pre_req_pre"": ""0"", ""buy_6th_pre_bid"": ""+118200"", ""buy_6th_pre_req"": ""10"", ""buy_6th_pre_req_pre"": ""0"", ""buy_7th_pre_bid"": ""+118000"", ""buy_7th_pre_req"": ""7"", ""buy_7th_pre_req_pre"": ""0"", ""buy_8th_pre_bid"": ""+117900"", ""buy_8th_pre_req"": ""1"", ""buy_8th_pre_req_pre"": ""0"", ""buy_9th_pre_bid"": ""+117800"", ""buy_9th_pre_req"": ""10"", ""buy_9th_pre_req_pre"": ""0"", ""buy_10th_pre_bid"": ""+117600"", ""buy_10th_pre_req"": ""4"", ""buy_10th_pre_req_pre"": ""0"", ""tot_sel_req_jub_pre"": ""+13"", ""tot_sel_req"": ""1459"", ""tot_buy_req"": ""788"", ""tot_buy_req_jub_pre"": ""0"", ""ovt_sel_req_pre"": ""0"", ""ovt_sel_req"": ""0"", ""ovt_buy_req"": ""0"", ""ovt_buy_req_pre"": ""0"", ""return_code"": 0, ""return_msg"": ""정상적으로 처리되었습니다""}"
2026-06-10,scan_candidate,180640,,0,main_scan,118900,,118900,118800,118900,119000,-0.33641715727502103,0.08410428931875526,,,,,,"{""bid_req_base_tm"": ""101550"", ""sel_10th_pre_req_pre"": ""0"", ""sel_10th_pre_req"": ""11"", ""sel_10th_pre_bid"": ""+119800"", ""sel_9th_pre_req_pre"": ""0"", ""sel_9th_pre_req"": ""63"", ""sel_9th_pre_bid"": ""+119700"", ""sel_8th_pre_req_pre"": ""0"", ""sel_8th_pre_req"": ""35"", ""sel_8th_pre_bid"": ""+119600"", ""sel_7th_pre_req_pre"": ""0"", ""sel_7th_pre_req"": ""52"", ""sel_7th_pre_bid"": ""+119500"", ""sel_6th_pre_req_pre"": ""0"", ""sel_6th_pre_req"": ""10"", ""sel_6th_pre_bid"": ""+119400"", ""sel_5th_pre_req_pre"": ""0"", ""sel_5th_pre_req"": ""85"", ""sel_5th_pre_bid"": ""+119300"", ""sel_4th_pre_req_pre"": ""0"", ""sel_4th_pre_req"": ""30"", ""sel_4th_pre_bid"": ""+119200"", ""sel_3th_pre_req_pre"": ""0"", ""sel_3th_pre_req"": ""38"", ""sel_3th_pre_bid"": ""+119100"", ""sel_2th_pre_req_pre"": ""0"", ""sel_2th_pre_req"": ""38"", ""sel_2th_pre_bid"": ""+119000"", ""sel_1th_pre_req_pre"": ""+13"", ""sel_fpr_req"": ""20"", ""sel_fpr_bid"": ""+118900"", ""buy_fpr_bid"": ""+118800"", ""buy_fpr_req"": ""192"", ""buy_1th_pre_req_pre"": ""0"", ""buy_2th_pre_bid"": ""+118700"", ""buy_2th_pre_req"": ""16"", ""buy_2th_pre_req_pre"": ""0"", ""buy_3th_pre_bid"": ""+118500"", ""buy_3th_pre_req"": ""68"", ""buy_3th_pre_req_pre"": ""0"", ""buy_4th_pre_bid"": ""+118400"", ""buy_4th_pre_req"": ""326"", ""buy_4th_pre_req_pre"": ""0"", ""buy_5th_pre_bid"": ""+118300"", ""buy_5th_pre_req"": ""20"", ""buy_5th_pre_req_pre"": ""0"", ""buy_6th_pre_bid"": ""+118200"", ""buy_6th_pre_req"": ""14"", ""buy_6th_pre_req_pre"": ""0"", ""buy_7th_pre_bid"": ""+118100"", ""buy_7th_pre_req"": ""106"", ""buy_7th_pre_req_pre"": ""0"", ""buy_8th_pre_bid"": ""+118000"", ""buy_8th_pre_req"": ""102"", ""buy_8th_pre_req_pre"": ""0"", ""buy_9th_pre_bid"": ""+117900"", ""buy_9th_pre_req"": ""68"", ""buy_9th_pre_req_pre"": ""0"", ""buy_10th_pre_bid"": ""+117800"", ""buy_10th_pre_req"": ""19"", ""buy_10th_pre_req_pre"": ""0"", ""tot_sel_req_jub_pre"": ""+13"", ""tot_sel_req"": ""382"", ""tot_buy_req"": ""931"", ""tot_buy_req_jub_pre"": ""0"", ""ovt_sel_req_pre"": ""0"", ""ovt_sel_req"": ""0"", ""ovt_buy_req"": ""0"", ""ovt_buy_req_pre"": ""0"", ""return_code"": 0, ""return_msg"": ""정상적으로 처리되었습니다""}"
2026-06-10,scan_candidate,454910,,0,main_scan,110100,,110100,110000,110100,110000,-0.544959128065395,0.09082652134423251,,,,,,"{""bid_req_base_tm"": ""101551"", ""sel_10th_pre_req_pre"": ""+100"", ""sel_10th_pre_req"": ""353"", ""sel_10th_pre_bid"": ""-111000"", ""sel_9th_pre_req_pre"": ""0"", ""sel_9th_pre_req"": ""182"", ""sel_9th_pre_bid"": ""-110900"", ""sel_8th_pre_req_pre"": ""0"", ""sel_8th_pre_req"": ""370"", ""sel_8th_pre_bid"": ""-110800"", ""sel_7th_pre_req_pre"": ""0"", ""sel_7th_pre_req"": ""65"", ""sel_7th_pre_bid"": ""-110700"", ""sel_6th_pre_req_pre"": ""0"", ""sel_6th_pre_req"": ""981"", ""sel_6th_pre_bid"": ""-110600"", ""sel_5th_pre_req_pre"": ""0"", ""sel_5th_pre_req"": ""942"", ""sel_5th_pre_bid"": ""-110500"", ""sel_4th_pre_req_pre"": ""0"", ""sel_4th_pre_req"": ""206"", ""sel_4th_pre_bid"": ""-110400"", ""sel_3th_pre_req_pre"": ""0"", ""sel_3th_pre_req"": ""108"", ""sel_3th_pre_bid"": ""-110300"", ""sel_2th_pre_req_pre"": ""0"", ""sel_2th_pre_req"": ""41"", ""sel_2th_pre_bid"": ""-110200"", ""sel_1th_pre_req_pre"": ""--1"", ""sel_fpr_req"": ""444"", ""sel_fpr_bid"": ""-110100"", ""buy_fpr_bid"": ""-110000"", ""buy_fpr_req"": ""429"", ""buy_1th_pre_req_pre"": ""--5"", ""buy_2th_pre_bid"": ""-109900"", ""buy_2th_pre_req"": ""244"", ""buy_2th_pre_req_pre"": ""0"", ""buy_3th_pre_bid"": ""-109800"", ""buy_3th_pre_req"": ""298"", ""buy_3th_pre_req_pre"": ""0"", ""buy_4th_pre_bid"": ""-109700"", ""buy_4th_pre_req"": ""1338"", ""buy_4th_pre_req_pre"": ""0"", ""buy_5th_pre_bid"": ""-109600"", ""buy_5th_pre_req"": ""1028"", ""buy_5th_pre_req_pre"": ""+57"", ""buy_6th_pre_bid"": ""-109500"", ""buy_6th_pre_req"": ""3322"", ""buy_6th_pre_req_pre"": ""0"", ""buy_7th_pre_bid"": ""-109400"", ""buy_7th_pre_req"": ""1283"", ""buy_7th_pre_req_pre"": ""0"", ""buy_8th_pre_bid"": ""-109300"", ""buy_8th_pre_req"": ""1411"", ""buy_8th_pre_req_pre"": ""0"", ""buy_9th_pre_bid"": ""-109200"", ""buy_9th_pre_req"": ""2635"", ""buy_9th_pre_req_pre"": ""0"", ""buy_10th_pre_bid"": ""-109100"", ""buy_10th_pre_req"": ""1966"", ""buy_10th_pre_req_pre"": ""0"", ""tot_sel_req_jub_pre"": ""+99"", ""tot_sel_req"": ""3692"", ""tot_buy_req"": ""13954"", ""tot_buy_req_jub_pre"": ""+52"", ""ovt_sel_req_pre"": ""0"", ""ovt_sel_req"": ""0"", ""ovt_buy_req"": ""0"", ""ovt_buy_req_pre"": ""0"", ""return_code"": 0, ""return_msg"": ""정상적으로 처리되었습니다""}"
2026-06-10,scan_candidate,353200,,0,main_scan,158100,,158100,158000,158100,157500,-0.6957621758380772,0.06325110689437065,,,,,,"{""bid_req_base_tm"": ""101551"", ""sel_10th_pre_req_pre"": ""0"", ""sel_10th_pre_req"": ""2819"", ""sel_10th_pre_bid"": ""+159000"", ""sel_9th_pre_req_pre"": ""0"", ""sel_9th_pre_req"": ""1070"", ""sel_9th_pre_bid"": ""+158900"", ""sel_8th_pre_req_pre"": ""0"", ""sel_8th_pre_req"": ""501"", ""sel_8th_pre_bid"": ""+158800"", ""sel_7th_pre_req_pre"": ""0"", ""sel_7th_pre_req"": ""712"", ""sel_7th_pre_bid"": ""+158700"", ""sel_6th_pre_req_pre"": ""0"", ""sel_6th_pre_req"": ""251"", ""sel_6th_pre_bid"": ""+158600"", ""sel_5th_pre_req_pre"": ""0"", ""sel_5th_pre_req"": ""458"", ""sel_5th_pre_bid"": ""+158500"", ""sel_4th_pre_req_pre"": ""0"", ""sel_4th_pre_req"": ""80"", ""sel_4th_pre_bid"": ""+158400"", ""sel_3th_pre_req_pre"": ""0"", ""sel_3th_pre_req"": ""75"", ""sel_3th_pre_bid"": ""+158300"", ""sel_2th_pre_req_pre"": ""0"", ""sel_2th_pre_req"": ""136"", ""sel_2th_pre_bid"": ""+158200"", ""sel_1th_pre_req_pre"": ""0"", ""sel_fpr_req"": ""157"", ""sel_fpr_bid"": ""+158100"", ""buy_fpr_bid"": ""+158000"", ""buy_fpr_req"": ""141"", ""buy_1th_pre_req_pre"": ""--4"", ""buy_2th_pre_bid"": ""+157900"", ""buy_2th_pre_req"": ""54"", ""buy_2th_pre_req_pre"": ""+13"", ""buy_3th_pre_bid"": ""+157800"", ""buy_3th_pre_req"": ""5"", ""buy_3th_pre_req_pre"": ""0"", ""buy_4th_pre_bid"": ""+157700"", ""buy_4th_pre_req"": ""64"", ""buy_4th_pre_req_pre"": ""0"", ""buy_5th_pre_bid"": ""+157600"", ""buy_5th_pre_req"": ""43"", ""buy_5th_pre_req_pre"": ""0"", ""buy_6th_pre_bid"": ""+157500"", ""buy_6th_pre_req"": ""21"", ""buy_6th_pre_req_pre"": ""0"", ""buy_7th_pre_bid"": ""+157400"", ""buy_7th_pre_req"": ""5"", ""buy_7th_pre_req_pre"": ""0"", ""buy_8th_pre_bid"": ""+157300"", ""buy_8th_pre_req"": ""46"", ""buy_8th_pre_req_pre"": ""0"", ""buy_9th_pre_bid"": ""+157200"", ""buy_9th_pre_req"": ""43"", ""buy_9th_pre_req_pre"": ""0"", ""buy_10th_pre_bid"": ""+157100"", ""buy_10th_pre_req"": ""158"", ""buy_10th_pre_req_pre"": ""0"", ""tot_sel_req_jub_pre"": ""0"", ""tot_sel_req"": ""6259"", ""tot_buy_req"": ""580"", ""tot_buy_req_jub_pre"": ""+9"", ""ovt_sel_req_pre"": ""0"", ""ovt_sel_req"": ""0"", ""ovt_buy_req"": ""0"", ""ovt_buy_req_pre"": ""0"", ""return_code"": 0, ""return_msg"": ""정상적으로 처리되었습니다""}"
2026-06-10,scan_candidate,034220,,0,main_scan,13270,,13270,13260,13270,13200,-0.9042954031650339,0.07535795026375283,,,,,,"{""bid_req_base_tm"": ""101551"", ""sel_10th_pre_req_pre"": ""0"", ""sel_10th_pre_req"": ""136"", ""sel_10th_pre_bid"": ""-13360"", ""sel_9th_pre_req_pre"": ""0"", ""sel_9th_pre_req"": ""310"", ""sel_9th_pre_bid"": ""-13350"", ""sel_8th_pre_req_pre"": ""0"", ""sel_8th_pre_req"": ""3731"", ""sel_8th_pre_bid"": ""-13340"", ""sel_7th_pre_req_pre"": ""0"", ""sel_7th_pre_req"": ""1181"", ""sel_7th_pre_bid"": ""-13330"", ""sel_6th_pre_req_pre"": ""0"", ""sel_6th_pre_req"": ""1225"", ""sel_6th_pre_bid"": ""-13320"", ""sel_5th_pre_req_pre"": ""0"", ""sel_5th_pre_req"": ""3930"", ""sel_5th_pre_bid"": ""-13310"", ""sel_4th_pre_req_pre"": ""0"", ""sel_4th_pre_req"": ""3885"", ""sel_4th_pre_bid"": ""-13300"", ""sel_3th_pre_req_pre"": ""0"", ""sel_3th_pre_req"": ""14053"", ""sel_3th_pre_bid"": ""-13290"", ""sel_2th_pre_req_pre"": ""0"", ""sel_2th_pre_req"": ""1578"", ""sel_2th_pre_bid"": ""-13280"", ""sel_1th_pre_req_pre"": ""0"", ""sel_fpr_req"": ""177"", ""sel_fpr_bid"": ""-13270"", ""buy_fpr_bid"": ""-13260"", ""buy_fpr_req"": ""1811"", ""buy_1th_pre_req_pre"": ""--50"", ""buy_2th_pre_bid"": ""-13250"", ""buy_2th_pre_req"": ""1342"", ""buy_2th_pre_req_pre"": ""0"", ""buy_3th_pre_bid"": ""-13240"", ""buy_3th_pre_req"": ""722"", ""buy_3th_pre_req_pre"": ""0"", ""buy_4th_pre_bid"": ""-13230"", ""buy_4th_pre_req"": ""2648"", ""buy_4th_pre_req_pre"": ""0"", ""buy_5th_pre_bid"": ""-13220"", ""buy_5th_pre_req"": ""1006"", ""buy_5th_pre_req_pre"": ""0"", ""buy_6th_pre_bid"": ""-13210"", ""buy_6th_pre_req"": ""566"", ""buy_6th_pre_req_pre"": ""0"", ""buy_7th_pre_bid"": ""-13200"", ""buy_7th_pre_req"": ""4380"", ""buy_7th_pre_req_pre"": ""0"", ""buy_8th_pre_bid"": ""-13190"", ""buy_8th_pre_req"": ""459"", ""buy_8th_pre_req_pre"": ""0"", ""buy_9th_pre_bid"": ""-13180"", ""buy_9th_pre_req"": ""646"", ""buy_9th_pre_req_pre"": ""0"", ""buy_10th_pre_bid"": ""-13170"", ""buy_10th_pre_req"": ""815"", ""buy_10th_pre_req_pre"": ""0"", ""tot_sel_req_jub_pre"": ""0"", ""tot_sel_req"": ""30206"", ""tot_buy_req"": ""14395"", ""tot_buy_req_jub_pre"": ""--50"", ""ovt_sel_req_pre"": ""0"", ""ovt_sel_req"": ""0"", ""ovt_buy_req"": ""0"", ""ovt_buy_req_pre"": ""0"", ""return_code"": 0, ""return_msg"": ""정상적으로 처리되었습니다""}"
2026-06-10,scan_candidate,267270,,0,main_scan,149600,,149600,149500,149600,149000,-0.7352941176470588,0.06684491978609625,,,,,,"{""bid_req_base_tm"": ""101551"", ""sel_10th_pre_req_pre"": ""0"", ""sel_10th_pre_req"": ""44"", ""sel_10th_pre_bid"": ""+150500"", ""sel_9th_pre_req_pre"": ""0"", ""sel_9th_pre_req"": ""1"", ""sel_9th_pre_bid"": ""+150400"", ""sel_8th_pre_req_pre"": ""0"", ""sel_8th_pre_req"": ""10"", ""sel_8th_pre_bid"": ""+150300"", ""sel_7th_pre_req_pre"": ""0"", ""sel_7th_pre_req"": ""2"", ""sel_7th_pre_bid"": ""+150200"", ""sel_6th_pre_req_pre"": ""0"", ""sel_6th_pre_req"": ""10"", ""sel_6th_pre_bid"": ""+150100"", ""sel_5th_pre_req_pre"": ""0"", ""sel_5th_pre_req"": ""3"", ""sel_5th_pre_bid"": ""+150000"", ""sel_4th_pre_req_pre"": ""0"", ""sel_4th_pre_req"": ""18"", ""sel_4th_pre_bid"": ""+149900"", ""sel_3th_pre_req_pre"": ""0"", ""sel_3th_pre_req"": ""41"", ""sel_3th_pre_bid"": ""+149800"", ""sel_2th_pre_req_pre"": ""0"", ""sel_2th_pre_req"": ""27"", ""sel_2th_pre_bid"": ""+149700"", ""sel_1th_pre_req_pre"": ""+8"", ""sel_fpr_req"": ""285"", ""sel_fpr_bid"": ""+149600"", ""buy_fpr_bid"": ""+149500"", ""buy_fpr_req"": ""1"", ""buy_1th_pre_req_pre"": ""0"", ""buy_2th_pre_bid"": ""+149400"", ""buy_2th_pre_req"": ""36"", ""buy_2th_pre_req_pre"": ""0"", ""buy_3th_pre_bid"": ""+149300"", ""buy_3th_pre_req"": ""86"", ""buy_3th_pre_req_pre"": ""0"", ""buy_4th_pre_bid"": ""+149200"", ""buy_4th_pre_req"": ""45"", ""buy_4th_pre_req_pre"": ""0"", ""buy_5th_pre_bid"": ""+149100"", ""buy_5th_pre_req"": ""28"", ""buy_5th_pre_req_pre"": ""0"", ""buy_6th_pre_bid"": ""+149000"", ""buy_6th_pre_req"": ""29"", ""buy_6th_pre_req_pre"": ""0"", ""buy_7th_pre_bid"": ""+148900"", ""buy_7th_pre_req"": ""16"", ""buy_7th_pre_req_pre"": ""0"", ""buy_8th_pre_bid"": ""+148800"", ""buy_8th_pre_req"": ""4"", ""buy_8th_pre_req_pre"": ""0"", ""buy_9th_pre_bid"": ""+148700"", ""buy_9th_pre_req"": ""8"", ""buy_9th_pre_req_pre"": ""0"", ""buy_10th_pre_bid"": ""+148600"", ""buy_10th_pre_req"": ""13"", ""buy_10th_pre_req_pre"": ""0"", ""tot_sel_req_jub_pre"": ""+8"", ""tot_sel_req"": ""441"", ""tot_buy_req"": ""266"", ""tot_buy_req_jub_pre"": ""0"", ""ovt_sel_req_pre"": ""0"", ""ovt_sel_req"": ""0"", ""ovt_buy_req"": ""0"", ""ovt_buy_req_pre"": ""0"", ""return_code"": 0, ""return_msg"": ""정상적으로 처리되었습니다""}"
2026-06-10,scan_candidate,062040,,0,main_scan,231000,,231000,230000,231000,229000,-1.0822510822510822,0.4329004329004329,,,,,,"{""bid_req_base_tm"": ""101551"", ""sel_10th_pre_req_pre"": ""0"", ""sel_10th_pre_req"": ""450"", ""sel_10th_pre_bid"": ""+235500"", ""sel_9th_pre_req_pre"": ""0"", ""sel_9th_pre_req"": ""1484"", ""sel_9th_pre_bid"": ""+235000"", ""sel_8th_pre_req_pre"": ""0"", ""sel_8th_pre_req"": ""646"", ""sel_8th_pre_bid"": ""+234500"", ""sel_7th_pre_req_pre"": ""0"", ""sel_7th_pre_req"": ""387"", ""sel_7th_pre_bid"": ""+234000"", ""sel_6th_pre_req_pre"": ""0"", ""sel_6th_pre_req"": ""401"", ""sel_6th_pre_bid"": ""+233500"", ""sel_5th_pre_req_pre"": ""0"", ""sel_5th_pre_req"": ""1303"", ""sel_5th_pre_bid"": ""+233000"", ""sel_4th_pre_req_pre"": ""--40"", ""sel_4th_pre_req"": ""506"", ""sel_4th_pre_bid"": ""+232500"", ""sel_3th_pre_req_pre"": ""0"", ""sel_3th_pre_req"": ""314"", ""sel_3th_pre_bid"": ""+232000"", ""sel_2th_pre_req_pre"": ""+40"", ""sel_2th_pre_req"": ""182"", ""sel_2th_pre_bid"": ""+231500"", ""sel_1th_pre_req_pre"": ""0"", ""sel_fpr_req"": ""61"", ""sel_fpr_bid"": ""+231000"", ""buy_fpr_bid"": ""+230000"", ""buy_fpr_req"": ""96"", ""buy_1th_pre_req_pre"": ""0"", ""buy_2th_pre_bid"": ""+229500"", ""buy_2th_pre_req"": ""78"", ""buy_2th_pre_req_pre"": ""0"", ""buy_3th_pre_bid"": ""+229000"", ""buy_3th_pre_req"": ""72"", ""buy_3th_pre_req_pre"": ""0"", ""buy_4th_pre_bid"": ""+228500"", ""buy_4th_pre_req"": ""95"", ""buy_4th_pre_req_pre"": ""0"", ""buy_5th_pre_bid"": ""+228000"", ""buy_5th_pre_req"": ""160"", ""buy_5th_pre_req_pre"": ""0"", ""buy_6th_pre_bid"": ""+227500"", ""buy_6th_pre_req"": ""127"", ""buy_6th_pre_req_pre"": ""0"", ""buy_7th_pre_bid"": ""+227000"", ""buy_7th_pre_req"": ""161"", ""buy_7th_pre_req_pre"": ""0"", ""buy_8th_pre_bid"": ""+226500"", ""buy_8th_pre_req"": ""33"", ""buy_8th_pre_req_pre"": ""0"", ""buy_9th_pre_bid"": ""+226000"", ""buy_9th_pre_req"": ""269"", ""buy_9th_pre_req_pre"": ""0"", ""buy_10th_pre_bid"": ""+225500"", ""buy_10th_pre_req"": ""504"", ""buy_10th_pre_req_pre"": ""0"", ""tot_sel_req_jub_pre"": ""0"", ""tot_sel_req"": ""5734"", ""tot_buy_req"": ""1595"", ""tot_buy_req_jub_pre"": ""0"", ""ovt_sel_req_pre"": ""0"", ""ovt_sel_req"": ""0"", ""ovt_buy_req"": ""0"", ""ovt_buy_req_pre"": ""0"", ""return_code"": 0, ""return_msg"": ""정상적으로 처리되었습니다""}"
2026-06-10,scan_candidate,078930,,0,main_scan,73200,,73200,73100,73200,73100,-0.273224043715847,0.1366120218579235,,,,,,"{""bid_req_base_tm"": ""101550"", ""sel_10th_pre_req_pre"": ""0"", ""sel_10th_pre_req"": ""41"", ""sel_10th_pre_bid"": ""+74200"", ""sel_9th_pre_req_pre"": ""0"", ""sel_9th_pre_req"": ""200"", ""sel_9th_pre_bid"": ""+74100"", ""sel_8th_pre_req_pre"": ""0"", ""sel_8th_pre_req"": ""60"", ""sel_8th_pre_bid"": ""+74000"", ""sel_7th_pre_req_pre"": ""0"", ""sel_7th_pre_req"": ""200"", ""sel_7th_pre_bid"": ""+73900"", ""sel_6th_pre_req_pre"": ""0"", ""sel_6th_pre_req"": ""55"", ""sel_6th_pre_bid"": ""-73700"", ""sel_5th_pre_req_pre"": ""0"", ""sel_5th_pre_req"": ""48"", ""sel_5th_pre_bid"": ""-73600"", ""sel_4th_pre_req_pre"": ""0"", ""sel_4th_pre_req"": ""216"", ""sel_4th_pre_bid"": ""-73500"", ""sel_3th_pre_req_pre"": ""0"", ""sel_3th_pre_req"": ""80"", ""sel_3th_pre_bid"": ""-73400"", ""sel_2th_pre_req_pre"": ""0"", ""sel_2th_pre_req"": ""199"", ""sel_2th_pre_bid"": ""-73300"", ""sel_1th_pre_req_pre"": ""0"", ""sel_fpr_req"": ""552"", ""sel_fpr_bid"": ""-73200"", ""buy_fpr_bid"": ""-73100"", ""buy_fpr_req"": ""433"", ""buy_1th_pre_req_pre"": ""0"", ""buy_2th_pre_bid"": ""-73000"", ""buy_2th_pre_req"": ""61"", ""buy_2th_pre_req_pre"": ""0"", ""buy_3th_pre_bid"": ""-72900"", ""buy_3th_pre_req"": ""10"", ""buy_3th_pre_req_pre"": ""0"", ""buy_4th_pre_bid"": ""-72800"", ""buy_4th_pre_req"": ""50"", ""buy_4th_pre_req_pre"": ""0"", ""buy_5th_pre_bid"": ""-72700"", ""buy_5th_pre_req"": ""53"", ""buy_5th_pre_req_pre"": ""0"", ""buy_6th_pre_bid"": ""-72500"", ""buy_6th_pre_req"": ""1"", ""buy_6th_pre_req_pre"": ""0"", ""buy_7th_pre_bid"": ""-72400"", ""buy_7th_pre_req"": ""1"", ""buy_7th_pre_req_pre"": ""0"", ""buy_8th_pre_bid"": ""-72300"", ""buy_8th_pre_req"": ""51"", ""buy_8th_pre_req_pre"": ""0"", ""buy_9th_pre_bid"": ""-72200"", ""buy_9th_pre_req"": ""266"", ""buy_9th_pre_req_pre"": ""0"", ""buy_10th_pre_bid"": ""-72100"", ""buy_10th_pre_req"": ""508"", ""buy_10th_pre_req_pre"": ""0"", ""tot_sel_req_jub_pre"": ""+198"", ""tot_sel_req"": ""1651"", ""tot_buy_req"": ""1434"", ""tot_buy_req_jub_pre"": ""0"", ""ovt_sel_req_pre"": ""0"", ""ovt_sel_req"": ""0"", ""ovt_buy_req"": ""0"", ""ovt_buy_req_pre"": ""0"", ""return_code"": 0, ""return_msg"": ""정상적으로 처리되었습니다""}"
2026-06-10,scan_candidate,090430,,0,main_scan,112800,,112800,112700,112800,112500,-0.7092198581560284,0.08865248226950355,,,,,,"{""bid_req_base_tm"": ""101549"", ""sel_10th_pre_req_pre"": ""0"", ""sel_10th_pre_req"": ""5"", ""sel_10th_pre_bid"": ""+113700"", ""sel_9th_pre_req_pre"": ""0"", ""sel_9th_pre_req"": ""118"", ""sel_9th_pre_bid"": ""+113600"", ""sel_8th_pre_req_pre"": ""0"", ""sel_8th_pre_req"": ""357"", ""sel_8th_pre_bid"": ""+113500"", ""sel_7th_pre_req_pre"": ""0"", ""sel_7th_pre_req"": ""165"", ""sel_7th_pre_bid"": ""+113400"", ""sel_6th_pre_req_pre"": ""0"", ""sel_6th_pre_req"": ""68"", ""sel_6th_pre_bid"": ""+113300"", ""sel_5th_pre_req_pre"": ""0"", ""sel_5th_pre_req"": ""25"", ""sel_5th_pre_bid"": ""+113200"", ""sel_4th_pre_req_pre"": ""0"", ""sel_4th_pre_req"": ""64"", ""sel_4th_pre_bid"": ""+113100"", ""sel_3th_pre_req_pre"": ""0"", ""sel_3th_pre_req"": ""153"", ""sel_3th_pre_bid"": ""+113000"", ""sel_2th_pre_req_pre"": ""+25"", ""sel_2th_pre_req"": ""45"", ""sel_2th_pre_bid"": ""+112900"", ""sel_1th_pre_req_pre"": ""+2"", ""sel_fpr_req"": ""183"", ""sel_fpr_bid"": ""+112800"", ""buy_fpr_bid"": ""+112700"", ""buy_fpr_req"": ""79"", ""buy_1th_pre_req_pre"": ""0"", ""buy_2th_pre_bid"": ""+112600"", ""buy_2th_pre_req"": ""146"", ""buy_2th_pre_req_pre"": ""0"", ""buy_3th_pre_bid"": ""+112500"", ""buy_3th_pre_req"": ""116"", ""buy_3th_pre_req_pre"": ""0"", ""buy_4th_pre_bid"": ""+112400"", ""buy_4th_pre_req"": ""33"", ""buy_4th_pre_req_pre"": ""0"", ""buy_5th_pre_bid"": ""+112300"", ""buy_5th_pre_req"": ""96"", ""buy_5th_pre_req_pre"": ""0"", ""buy_6th_pre_bid"": ""+112200"", ""buy_6th_pre_req"": ""2"", ""buy_6th_pre_req_pre"": ""0"", ""buy_7th_pre_bid"": ""+112100"", ""buy_7th_pre_req"": ""2"", ""buy_7th_pre_req_pre"": ""0"", ""buy_8th_pre_bid"": ""112000"", ""buy_8th_pre_req"": ""57"", ""buy_8th_pre_req_pre"": ""0"", ""buy_9th_pre_bid"": ""-111900"", ""buy_9th_pre_req"": ""54"", ""buy_9th_pre_req_pre"": ""0"", ""buy_10th_pre_bid"": ""-111800"", ""buy_10th_pre_req"": ""132"", ""buy_10th_pre_req_pre"": ""0"", ""tot_sel_req_jub_pre"": ""+27"", ""tot_sel_req"": ""1183"", ""tot_buy_req"": ""717"", ""tot_buy_req_jub_pre"": ""0"", ""ovt_sel_req_pre"": ""0"", ""ovt_sel_req"": ""0"", ""ovt_buy_req"": ""0"", ""ovt_buy_req_pre"": ""0"", ""return_code"": 0, ""return_msg"": ""정상적으로 처리되었습니다""}"
2026-06-10,scan_candidate,004170,,0,main_scan,666000,,666000,665000,666000,668000,0.15015015015015015,0.15015015015015015,,,,,,"{""bid_req_base_tm"": ""101551"", ""sel_10th_pre_req_pre"": ""0"", ""sel_10th_pre_req"": ""5"", ""sel_10th_pre_bid"": ""+676000"", ""sel_9th_pre_req_pre"": ""0"", ""sel_9th_pre_req"": ""19"", ""sel_9th_pre_bid"": ""+675000"", ""sel_8th_pre_req_pre"": ""0"", ""sel_8th_pre_req"": ""17"", ""sel_8th_pre_bid"": ""+674000"", ""sel_7th_pre_req_pre"": ""0"", ""sel_7th_pre_req"": ""1"", ""sel_7th_pre_bid"": ""+673000"", ""sel_6th_pre_req_pre"": ""0"", ""sel_6th_pre_req"": ""4"", ""sel_6th_pre_bid"": ""+671000"", ""sel_5th_pre_req_pre"": ""0"", ""sel_5th_pre_req"": ""87"", ""sel_5th_pre_bid"": ""+670000"", ""sel_4th_pre_req_pre"": ""0"", ""sel_4th_pre_req"": ""30"", ""sel_4th_pre_bid"": ""+669000"", ""sel_3th_pre_req_pre"": ""0"", ""sel_3th_pre_req"": ""14"", ""sel_3th_pre_bid"": ""+668000"", ""sel_2th_pre_req_pre"": ""0"", ""sel_2th_pre_req"": ""26"", ""sel_2th_pre_bid"": ""+667000"", ""sel_1th_pre_req_pre"": ""+5"", ""sel_fpr_req"": ""35"", ""sel_fpr_bid"": ""+666000"", ""buy_fpr_bid"": ""+665000"", ""buy_fpr_req"": ""63"", ""buy_1th_pre_req_pre"": ""0"", ""buy_2th_pre_bid"": ""+664000"", ""buy_2th_pre_req"": ""21"", ""buy_2th_pre_req_pre"": ""0"", ""buy_3th_pre_bid"": ""+663000"", ""buy_3th_pre_req"": ""83"", ""buy_3th_pre_req_pre"": ""0"", ""buy_4th_pre_bid"": ""+662000"", ""buy_4th_pre_req"": ""48"", ""buy_4th_pre_req_pre"": ""0"", ""buy_5th_pre_bid"": ""+661000"", ""buy_5th_pre_req"": ""1"", ""buy_5th_pre_req_pre"": ""0"", ""buy_6th_pre_bid"": ""+660000"", ""buy_6th_pre_req"": ""412"", ""buy_6th_pre_req_pre"": ""0"", ""buy_7th_pre_bid"": ""+659000"", ""buy_7th_pre_req"": ""5"", ""buy_7th_pre_req_pre"": ""0"", ""buy_8th_pre_bid"": ""+658000"", ""buy_8th_pre_req"": ""29"", ""buy_8th_pre_req_pre"": ""0"", ""buy_9th_pre_bid"": ""+657000"", ""buy_9th_pre_req"": ""17"", ""buy_9th_pre_req_pre"": ""0"", ""buy_10th_pre_bid"": ""+656000"", ""buy_10th_pre_req"": ""17"", ""buy_10th_pre_req_pre"": ""0"", ""tot_sel_req_jub_pre"": ""+5"", ""tot_sel_req"": ""238"", ""tot_buy_req"": ""696"", ""tot_buy_req_jub_pre"": ""0"", ""ovt_sel_req_pre"": ""0"", ""ovt_sel_req"": ""0"", ""ovt_buy_req"": ""0"", ""ovt_buy_req_pre"": ""0"", ""return_code"": 0, ""return_msg"": ""정상적으로 처리되었습니다""}"
2026-06-10,scan_candidate,036570,,0,main_scan,257500,,257500,257000,257500,258500,0.1941747572815534,0.1941747572815534,,,,,,"{""bid_req_base_tm"": ""101551"", ""sel_10th_pre_req_pre"": ""0"", ""sel_10th_pre_req"": ""33"", ""sel_10th_pre_bid"": ""-262000"", ""sel_9th_pre_req_pre"": ""0"", ""sel_9th_pre_req"": ""14"", ""sel_9th_pre_bid"": ""-261500"", ""sel_8th_pre_req_pre"": ""0"", ""sel_8th_pre_req"": ""16"", ""sel_8th_pre_bid"": ""-261000"", ""sel_7th_pre_req_pre"": ""0"", ""sel_7th_pre_req"": ""18"", ""sel_7th_pre_bid"": ""-260500"", ""sel_6th_pre_req_pre"": ""0"", ""sel_6th_pre_req"": ""98"", ""sel_6th_pre_bid"": ""-260000"", ""sel_5th_pre_req_pre"": ""0"", ""sel_5th_pre_req"": ""28"", ""sel_5th_pre_bid"": ""-259500"", ""sel_4th_pre_req_pre"": ""0"", ""sel_4th_pre_req"": ""14"", ""sel_4th_pre_bid"": ""-259000"", ""sel_3th_pre_req_pre"": ""0"", ""sel_3th_pre_req"": ""66"", ""sel_3th_pre_bid"": ""-258500"", ""sel_2th_pre_req_pre"": ""0"", ""sel_2th_pre_req"": ""109"", ""sel_2th_pre_bid"": ""-258000"", ""sel_1th_pre_req_pre"": ""0"", ""sel_fpr_req"": ""109"", ""sel_fpr_bid"": ""-257500"", ""buy_fpr_bid"": ""-257000"", ""buy_fpr_req"": ""188"", ""buy_1th_pre_req_pre"": ""0"", ""buy_2th_pre_bid"": ""-256500"", ""buy_2th_pre_req"": ""51"", ""buy_2th_pre_req_pre"": ""0"", ""buy_3th_pre_bid"": ""-256000"", ""buy_3th_pre_req"": ""107"", ""buy_3th_pre_req_pre"": ""0"", ""buy_4th_pre_bid"": ""-255500"", ""buy_4th_pre_req"": ""52"", ""buy_4th_pre_req_pre"": ""0"", ""buy_5th_pre_bid"": ""-255000"", ""buy_5th_pre_req"": ""221"", ""buy_5th_pre_req_pre"": ""0"", ""buy_6th_pre_bid"": ""-254500"", ""buy_6th_pre_req"": ""338"", ""buy_6th_pre_req_pre"": ""0"", ""buy_7th_pre_bid"": ""-254000"", ""buy_7th_pre_req"": ""303"", ""buy_7th_pre_req_pre"": ""0"", ""buy_8th_pre_bid"": ""-253500"", ""buy_8th_pre_req"": ""459"", ""buy_8th_pre_req_pre"": ""0"", ""buy_9th_pre_bid"": ""-253000"", ""buy_9th_pre_req"": ""720"", ""buy_9th_pre_req_pre"": ""0"", ""buy_10th_pre_bid"": ""-252500"", ""buy_10th_pre_req"": ""190"", ""buy_10th_pre_req_pre"": ""--5"", ""tot_sel_req_jub_pre"": ""0"", ""tot_sel_req"": ""505"", ""tot_buy_req"": ""2629"", ""tot_buy_req_jub_pre"": ""--5"", ""ovt_sel_req_pre"": ""0"", ""ovt_sel_req"": ""0"", ""ovt_buy_req"": ""0"", ""ovt_buy_req_pre"": ""0"", ""return_code"": 0, ""return_msg"": ""정상적으로 처리되었습니다""}"
2026-06-10,scan_candidate,271560,,0,main_scan,132500,,132500,132400,132500,132500,-0.37735849056603776,0.07547169811320754,,,,,,"{""bid_req_base_tm"": ""101552"", ""sel_10th_pre_req_pre"": ""0"", ""sel_10th_pre_req"": ""25"", ""sel_10th_pre_bid"": ""+133600"", ""sel_9th_pre_req_pre"": ""0"", ""sel_9th_pre_req"": ""27"", ""sel_9th_pre_bid"": ""+133500"", ""sel_8th_pre_req_pre"": ""0"", ""sel_8th_pre_req"": ""3"", ""sel_8th_pre_bid"": ""+133300"", ""sel_7th_pre_req_pre"": ""0"", ""sel_7th_pre_req"": ""3"", ""sel_7th_pre_bid"": ""+133200"", ""sel_6th_pre_req_pre"": ""0"", ""sel_6th_pre_req"": ""25"", ""sel_6th_pre_bid"": ""+133000"", ""sel_5th_pre_req_pre"": ""0"", ""sel_5th_pre_req"": ""12"", ""sel_5th_pre_bid"": ""132900"", ""sel_4th_pre_req_pre"": ""0"", ""sel_4th_pre_req"": ""30"", ""sel_4th_pre_bid"": ""-132800"", ""sel_3th_pre_req_pre"": ""0"", ""sel_3th_pre_req"": ""11"", ""sel_3th_pre_bid"": ""-132700"", ""sel_2th_pre_req_pre"": ""0"", ""sel_2th_pre_req"": ""140"", ""sel_2th_pre_bid"": ""-132600"", ""sel_1th_pre_req_pre"": ""0"", ""sel_fpr_req"": ""426"", ""sel_fpr_bid"": ""-132500"", ""buy_fpr_bid"": ""-132400"", ""buy_fpr_req"": ""183"", ""buy_1th_pre_req_pre"": ""+4"", ""buy_2th_pre_bid"": ""-132300"", ""buy_2th_pre_req"": ""7"", ""buy_2th_pre_req_pre"": ""0"", ""buy_3th_pre_bid"": ""-132200"", ""buy_3th_pre_req"": ""56"", ""buy_3th_pre_req_pre"": ""0"", ""buy_4th_pre_bid"": ""-132000"", ""buy_4th_pre_req"": ""2"", ""buy_4th_pre_req_pre"": ""0"", ""buy_5th_pre_bid"": ""-131900"", ""buy_5th_pre_req"": ""101"", ""buy_5th_pre_req_pre"": ""0"", ""buy_6th_pre_bid"": ""-131700"", ""buy_6th_pre_req"": ""66"", ""buy_6th_pre_req_pre"": ""0"", ""buy_7th_pre_bid"": ""-131600"", ""buy_7th_pre_req"": ""3"", ""buy_7th_pre_req_pre"": ""0"", ""buy_8th_pre_bid"": ""-131500"", ""buy_8th_pre_req"": ""397"", ""buy_8th_pre_req_pre"": ""0"", ""buy_9th_pre_bid"": ""-131300"", ""buy_9th_pre_req"": ""1"", ""buy_9th_pre_req_pre"": ""0"", ""buy_10th_pre_bid"": ""-131200"", ""buy_10th_pre_req"": ""100"", ""buy_10th_pre_req_pre"": ""0"", ""tot_sel_req_jub_pre"": ""0"", ""tot_sel_req"": ""702"", ""tot_buy_req"": ""916"", ""tot_buy_req_jub_pre"": ""+4"", ""ovt_sel_req_pre"": ""0"", ""ovt_sel_req"": ""0"", ""ovt_buy_req"": ""0"", ""ovt_buy_req_pre"": ""0"", ""return_code"": 0, ""return_msg"": ""정상적으로 처리되었습니다""}"
2026-06-10,scan_candidate,023530,,0,main_scan,192300,,192300,192200,192300,191000,-0.93603744149766,0.05200208008320333,,,,,,"{""bid_req_base_tm"": ""101553"", ""sel_10th_pre_req_pre"": ""0"", ""sel_10th_pre_req"": ""193"", ""sel_10th_pre_bid"": ""+193500"", ""sel_9th_pre_req_pre"": ""0"", ""sel_9th_pre_req"": ""1"", ""sel_9th_pre_bid"": ""+193400"", ""sel_8th_pre_req_pre"": ""0"", ""sel_8th_pre_req"": ""7"", ""sel_8th_pre_bid"": ""+193200"", ""sel_7th_pre_req_pre"": ""0"", ""sel_7th_pre_req"": ""983"", ""sel_7th_pre_bid"": ""+193000"", ""sel_6th_pre_req_pre"": ""0"", ""sel_6th_pre_req"": ""79"", ""sel_6th_pre_bid"": ""+192900"", ""sel_5th_pre_req_pre"": ""0"", ""sel_5th_pre_req"": ""5"", ""sel_5th_pre_bid"": ""+192800"", ""sel_4th_pre_req_pre"": ""0"", ""sel_4th_pre_req"": ""2"", ""sel_4th_pre_bid"": ""+192700"", ""sel_3th_pre_req_pre"": ""0"", ""sel_3th_pre_req"": ""1"", ""sel_3th_pre_bid"": ""+192600"", ""sel_2th_pre_req_pre"": ""0"", ""sel_2th_pre_req"": ""39"", ""sel_2th_pre_bid"": ""+192500"", ""sel_1th_pre_req_pre"": ""0"", ""sel_fpr_req"": ""25"", ""sel_fpr_bid"": ""+192300"", ""buy_fpr_bid"": ""+192200"", ""buy_fpr_req"": ""9"", ""buy_1th_pre_req_pre"": ""--16"", ""buy_2th_pre_bid"": ""+192100"", ""buy_2th_pre_req"": ""37"", ""buy_2th_pre_req_pre"": ""0"", ""buy_3th_pre_bid"": ""+192000"", ""buy_3th_pre_req"": ""10"", ""buy_3th_pre_req_pre"": ""0"", ""buy_4th_pre_bid"": ""+191900"", ""buy_4th_pre_req"": ""22"", ""buy_4th_pre_req_pre"": ""0"", ""buy_5th_pre_bid"": ""+191700"", ""buy_5th_pre_req"": ""30"", ""buy_5th_pre_req_pre"": ""0"", ""buy_6th_pre_bid"": ""+191500"", ""buy_6th_pre_req"": ""12"", ""buy_6th_pre_req_pre"": ""0"", ""buy_7th_pre_bid"": ""+191300"", ""buy_7th_pre_req"": ""46"", ""buy_7th_pre_req_pre"": ""0"", ""buy_8th_pre_bid"": ""+190800"", ""buy_8th_pre_req"": ""2"", ""buy_8th_pre_req_pre"": ""0"", ""buy_9th_pre_bid"": ""+190700"", ""buy_9th_pre_req"": ""27"", ""buy_9th_pre_req_pre"": ""0"", ""buy_10th_pre_bid"": ""+189800"", ""buy_10th_pre_req"": ""5"", ""buy_10th_pre_req_pre"": ""0"", ""tot_sel_req_jub_pre"": ""0"", ""tot_sel_req"": ""1335"", ""tot_buy_req"": ""200"", ""tot_buy_req_jub_pre"": ""--16"", ""ovt_sel_req_pre"": ""0"", ""ovt_sel_req"": ""0"", ""ovt_buy_req"": ""0"", ""ovt_buy_req_pre"": ""0"", ""return_code"": 0, ""return_msg"": ""정상적으로 처리되었습니다""}"
2026-06-10,scan_candidate,175330,,0,main_scan,25550,,25550,25500,25550,25550,-0.19569471624266144,0.19569471624266144,,,,,,"{""bid_req_base_tm"": ""101552"", ""sel_10th_pre_req_pre"": ""0"", ""sel_10th_pre_req"": ""233"", ""sel_10th_pre_bid"": ""+26000"", ""sel_9th_pre_req_pre"": ""0"", ""sel_9th_pre_req"": ""142"", ""sel_9th_pre_bid"": ""+25950"", ""sel_8th_pre_req_pre"": ""0"", ""sel_8th_pre_req"": ""532"", ""sel_8th_pre_bid"": ""25900"", ""sel_7th_pre_req_pre"": ""0"", ""sel_7th_pre_req"": ""454"", ""sel_7th_pre_bid"": ""-25850"", ""sel_6th_pre_req_pre"": ""0"", ""sel_6th_pre_req"": ""198"", ""sel_6th_pre_bid"": ""-25800"", ""sel_5th_pre_req_pre"": ""0"", ""sel_5th_pre_req"": ""193"", ""sel_5th_pre_bid"": ""-25750"", ""sel_4th_pre_req_pre"": ""0"", ""sel_4th_pre_req"": ""323"", ""sel_4th_pre_bid"": ""-25700"", ""sel_3th_pre_req_pre"": ""0"", ""sel_3th_pre_req"": ""540"", ""sel_3th_pre_bid"": ""-25650"", ""sel_2th_pre_req_pre"": ""0"", ""sel_2th_pre_req"": ""568"", ""sel_2th_pre_bid"": ""-25600"", ""sel_1th_pre_req_pre"": ""0"", ""sel_fpr_req"": ""2593"", ""sel_fpr_bid"": ""-25550"", ""buy_fpr_bid"": ""-25500"", ""buy_fpr_req"": ""1478"", ""buy_1th_pre_req_pre"": ""--5"", ""buy_2th_pre_bid"": ""-25450"", ""buy_2th_pre_req"": ""1707"", ""buy_2th_pre_req_pre"": ""0"", ""buy_3th_pre_bid"": ""-25400"", ""buy_3th_pre_req"": ""605"", ""buy_3th_pre_req_pre"": ""0"", ""buy_4th_pre_bid"": ""-25350"", ""buy_4th_pre_req"": ""351"", ""buy_4th_pre_req_pre"": ""0"", ""buy_5th_pre_bid"": ""-25300"", ""buy_5th_pre_req"": ""389"", ""buy_5th_pre_req_pre"": ""0"", ""buy_6th_pre_bid"": ""-25250"", ""buy_6th_pre_req"": ""484"", ""buy_6th_pre_req_pre"": ""0"", ""buy_7th_pre_bid"": ""-25200"", ""buy_7th_pre_req"": ""301"", ""buy_7th_pre_req_pre"": ""0"", ""buy_8th_pre_bid"": ""-25150"", ""buy_8th_pre_req"": ""804"", ""buy_8th_pre_req_pre"": ""0"", ""buy_9th_pre_bid"": ""-25100"", ""buy_9th_pre_req"": ""505"", ""buy_9th_pre_req_pre"": ""0"", ""buy_10th_pre_bid"": ""-25050"", ""buy_10th_pre_req"": ""398"", ""buy_10th_pre_req_pre"": ""0"", ""tot_sel_req_jub_pre"": ""0"", ""tot_sel_req"": ""5776"", ""tot_buy_req"": ""7022"", ""tot_buy_req_jub_pre"": ""--5"", ""ovt_sel_req_pre"": ""0"", ""ovt_sel_req"": ""0"", ""ovt_buy_req"": ""0"", ""ovt_buy_req_pre"": ""0"", ""return_code"": 0, ""return_msg"": ""정상적으로 처리되었습니다""}"
2026-06-10,scan_candidate,088350,,0,main_scan,4940,,4940,4920,4940,4920,-0.5060728744939271,0.4048582995951417,,,,,,"{""bid_req_base_tm"": ""101553"", ""sel_10th_pre_req_pre"": ""0"", ""sel_10th_pre_req"": ""3762"", ""sel_10th_pre_bid"": ""-4985"", ""sel_9th_pre_req_pre"": ""0"", ""sel_9th_pre_req"": ""1983"", ""sel_9th_pre_bid"": ""-4980"", ""sel_8th_pre_req_pre"": ""0"", ""sel_8th_pre_req"": ""3948"", ""sel_8th_pre_bid"": ""-4975"", ""sel_7th_pre_req_pre"": ""0"", ""sel_7th_pre_req"": ""2514"", ""sel_7th_pre_bid"": ""-4970"", ""sel_6th_pre_req_pre"": ""0"", ""sel_6th_pre_req"": ""1178"", ""sel_6th_pre_bid"": ""-4965"", ""sel_5th_pre_req_pre"": ""0"", ""sel_5th_pre_req"": ""3369"", ""sel_5th_pre_bid"": ""-4960"", ""sel_4th_pre_req_pre"": ""0"", ""sel_4th_pre_req"": ""1018"", ""sel_4th_pre_bid"": ""-4955"", ""sel_3th_pre_req_pre"": ""0"", ""sel_3th_pre_req"": ""2108"", ""sel_3th_pre_bid"": ""-4950"", ""sel_2th_pre_req_pre"": ""0"", ""sel_2th_pre_req"": ""1063"", ""sel_2th_pre_bid"": ""-4945"", ""sel_1th_pre_req_pre"": ""--1"", ""sel_fpr_req"": ""597"", ""sel_fpr_bid"": ""-4940"", ""buy_fpr_bid"": ""-4920"", ""buy_fpr_req"": ""2958"", ""buy_1th_pre_req_pre"": ""0"", ""buy_2th_pre_bid"": ""-4915"", ""buy_2th_pre_req"": ""1647"", ""buy_2th_pre_req_pre"": ""0"", ""buy_3th_pre_bid"": ""-4910"", ""buy_3th_pre_req"": ""3"", ""buy_3th_pre_req_pre"": ""0"", ""buy_4th_pre_bid"": ""-4905"", ""buy_4th_pre_req"": ""6"", ""buy_4th_pre_req_pre"": ""0"", ""buy_5th_pre_bid"": ""-4900"", ""buy_5th_pre_req"": ""8"", ""buy_5th_pre_req_pre"": ""0"", ""buy_6th_pre_bid"": ""-4890"", ""buy_6th_pre_req"": ""1"", ""buy_6th_pre_req_pre"": ""0"", ""buy_7th_pre_bid"": ""-4885"", ""buy_7th_pre_req"": ""674"", ""buy_7th_pre_req_pre"": ""0"", ""buy_8th_pre_bid"": ""-4880"", ""buy_8th_pre_req"": ""4596"", ""buy_8th_pre_req_pre"": ""0"", ""buy_9th_pre_bid"": ""-4875"", ""buy_9th_pre_req"": ""1207"", ""buy_9th_pre_req_pre"": ""0"", ""buy_10th_pre_bid"": ""-4870"", ""buy_10th_pre_req"": ""882"", ""buy_10th_pre_req_pre"": ""0"", ""tot_sel_req_jub_pre"": ""--1"", ""tot_sel_req"": ""21540"", ""tot_buy_req"": ""11982"", ""tot_buy_req_jub_pre"": ""0"", ""ovt_sel_req_pre"": ""0"", ""ovt_sel_req"": ""0"", ""ovt_buy_req"": ""0"", ""ovt_buy_req_pre"": ""0"", ""return_code"": 0, ""return_msg"": ""정상적으로 처리되었습니다""}"
2026-06-10,scan_candidate,069960,,0,main_scan,162900,,162900,162700,162900,164000,0.3683241252302026,0.12277470841006752,,,,,,"{""bid_req_base_tm"": ""101553"", ""sel_10th_pre_req_pre"": ""0"", ""sel_10th_pre_req"": ""16"", ""sel_10th_pre_bid"": ""-165400"", ""sel_9th_pre_req_pre"": ""0"", ""sel_9th_pre_req"": ""1"", ""sel_9th_pre_bid"": ""-165200"", ""sel_8th_pre_req_pre"": ""0"", ""sel_8th_pre_req"": ""8"", ""sel_8th_pre_bid"": ""-164800"", ""sel_7th_pre_req_pre"": ""0"", ""sel_7th_pre_req"": ""2"", ""sel_7th_pre_bid"": ""-164000"", ""sel_6th_pre_req_pre"": ""0"", ""sel_6th_pre_req"": ""1"", ""sel_6th_pre_bid"": ""-163600"", ""sel_5th_pre_req_pre"": ""0"", ""sel_5th_pre_req"": ""15"", ""sel_5th_pre_bid"": ""-163500"", ""sel_4th_pre_req_pre"": ""0"", ""sel_4th_pre_req"": ""1"", ""sel_4th_pre_bid"": ""-163400"", ""sel_3th_pre_req_pre"": ""0"", ""sel_3th_pre_req"": ""41"", ""sel_3th_pre_bid"": ""-163100"", ""sel_2th_pre_req_pre"": ""0"", ""sel_2th_pre_req"": ""10"", ""sel_2th_pre_bid"": ""-163000"", ""sel_1th_pre_req_pre"": ""0"", ""sel_fpr_req"": ""2"", ""sel_fpr_bid"": ""-162900"", ""buy_fpr_bid"": ""-162700"", ""buy_fpr_req"": ""134"", ""buy_1th_pre_req_pre"": ""+1"", ""buy_2th_pre_bid"": ""-162600"", ""buy_2th_pre_req"": ""16"", ""buy_2th_pre_req_pre"": ""0"", ""buy_3th_pre_bid"": ""-162500"", ""buy_3th_pre_req"": ""5"", ""buy_3th_pre_req_pre"": ""0"", ""buy_4th_pre_bid"": ""-162400"", ""buy_4th_pre_req"": ""3"", ""buy_4th_pre_req_pre"": ""0"", ""buy_5th_pre_bid"": ""-162200"", ""buy_5th_pre_req"": ""1"", ""buy_5th_pre_req_pre"": ""0"", ""buy_6th_pre_bid"": ""-162100"", ""buy_6th_pre_req"": ""5"", ""buy_6th_pre_req_pre"": ""0"", ""buy_7th_pre_bid"": ""-162000"", ""buy_7th_pre_req"": ""1444"", ""buy_7th_pre_req_pre"": ""0"", ""buy_8th_pre_bid"": ""-161900"", ""buy_8th_pre_req"": ""1"", ""buy_8th_pre_req_pre"": ""0"", ""buy_9th_pre_bid"": ""-161800"", ""buy_9th_pre_req"": ""2"", ""buy_9th_pre_req_pre"": ""0"", ""buy_10th_pre_bid"": ""-161700"", ""buy_10th_pre_req"": ""2"", ""buy_10th_pre_req_pre"": ""0"", ""tot_sel_req_jub_pre"": ""0"", ""tot_sel_req"": ""97"", ""tot_buy_req"": ""1613"", ""tot_buy_req_jub_pre"": ""+1"", ""ovt_sel_req_pre"": ""0"", ""ovt_sel_req"": ""0"", ""ovt_buy_req"": ""0"", ""ovt_buy_req_pre"": ""0"", ""return_code"": 0, ""return_msg"": ""정상적으로 처리되었습니다""}"
2026-06-10,scan_candidate,111770,,0,main_scan,78600,,78600,78500,78600,78600,-0.1272264631043257,0.1272264631043257,,,,,,"{""bid_req_base_tm"": ""101549"", ""sel_10th_pre_req_pre"": ""0"", ""sel_10th_pre_req"": ""131"", ""sel_10th_pre_bid"": ""+79900"", ""sel_9th_pre_req_pre"": ""0"", ""sel_9th_pre_req"": ""3"", ""sel_9th_pre_bid"": ""+79800"", ""sel_8th_pre_req_pre"": ""0"", ""sel_8th_pre_req"": ""1"", ""sel_8th_pre_bid"": ""+79700"", ""sel_7th_pre_req_pre"": ""0"", ""sel_7th_pre_req"": ""2"", ""sel_7th_pre_bid"": ""+79600"", ""sel_6th_pre_req_pre"": ""0"", ""sel_6th_pre_req"": ""1"", ""sel_6th_pre_bid"": ""+79500"", ""sel_5th_pre_req_pre"": ""0"", ""sel_5th_pre_req"": ""20"", ""sel_5th_pre_bid"": ""+79200"", ""sel_4th_pre_req_pre"": ""0"", ""sel_4th_pre_req"": ""15"", ""sel_4th_pre_bid"": ""+78900"", ""sel_3th_pre_req_pre"": ""0"", ""sel_3th_pre_req"": ""14"", ""sel_3th_pre_bid"": ""+78800"", ""sel_2th_pre_req_pre"": ""0"", ""sel_2th_pre_req"": ""35"", ""sel_2th_pre_bid"": ""+78700"", ""sel_1th_pre_req_pre"": ""0"", ""sel_fpr_req"": ""155"", ""sel_fpr_bid"": ""+78600"", ""buy_fpr_bid"": ""+78500"", ""buy_fpr_req"": ""105"", ""buy_1th_pre_req_pre"": ""0"", ""buy_2th_pre_bid"": ""+78300"", ""buy_2th_pre_req"": ""12"", ""buy_2th_pre_req_pre"": ""0"", ""buy_3th_pre_bid"": ""+78200"", ""buy_3th_pre_req"": ""14"", ""buy_3th_pre_req_pre"": ""0"", ""buy_4th_pre_bid"": ""+78100"", ""buy_4th_pre_req"": ""19"", ""buy_4th_pre_req_pre"": ""0"", ""buy_5th_pre_bid"": ""78000"", ""buy_5th_pre_req"": ""63"", ""buy_5th_pre_req_pre"": ""0"", ""buy_6th_pre_bid"": ""-77900"", ""buy_6th_pre_req"": ""47"", ""buy_6th_pre_req_pre"": ""0"", ""buy_7th_pre_bid"": ""-77800"", ""buy_7th_pre_req"": ""7"", ""buy_7th_pre_req_pre"": ""0"", ""buy_8th_pre_bid"": ""-77700"", ""buy_8th_pre_req"": ""7"", ""buy_8th_pre_req_pre"": ""0"", ""buy_9th_pre_bid"": ""-77500"", ""buy_9th_pre_req"": ""1"", ""buy_9th_pre_req_pre"": ""0"", ""buy_10th_pre_bid"": ""-77400"", ""buy_10th_pre_req"": ""7"", ""buy_10th_pre_req_pre"": ""0"", ""tot_sel_req_jub_pre"": ""0"", ""tot_sel_req"": ""377"", ""tot_buy_req"": ""282"", ""tot_buy_req_jub_pre"": ""0"", ""ovt_sel_req_pre"": ""0"", ""ovt_sel_req"": ""0"", ""ovt_buy_req"": ""0"", ""ovt_buy_req_pre"": ""0"", ""return_code"": 0, ""return_msg"": ""정상적으로 처리되었습니다""}"
2026-06-10,scan_candidate,489790,,0,main_scan,70200,,70200,70100,70200,69700,-0.8547008547008548,0.14245014245014245,,,,,,"{""bid_req_base_tm"": ""101554"", ""sel_10th_pre_req_pre"": ""0"", ""sel_10th_pre_req"": ""551"", ""sel_10th_pre_bid"": ""+71100"", ""sel_9th_pre_req_pre"": ""0"", ""sel_9th_pre_req"": ""1478"", ""sel_9th_pre_bid"": ""+71000"", ""sel_8th_pre_req_pre"": ""0"", ""sel_8th_pre_req"": ""321"", ""sel_8th_pre_bid"": ""+70900"", ""sel_7th_pre_req_pre"": ""0"", ""sel_7th_pre_req"": ""26"", ""sel_7th_pre_bid"": ""+70800"", ""sel_6th_pre_req_pre"": ""0"", ""sel_6th_pre_req"": ""1004"", ""sel_6th_pre_bid"": ""+70700"", ""sel_5th_pre_req_pre"": ""0"", ""sel_5th_pre_req"": ""226"", ""sel_5th_pre_bid"": ""+70600"", ""sel_4th_pre_req_pre"": ""0"", ""sel_4th_pre_req"": ""46"", ""sel_4th_pre_bid"": ""+70500"", ""sel_3th_pre_req_pre"": ""0"", ""sel_3th_pre_req"": ""3"", ""sel_3th_pre_bid"": ""+70400"", ""sel_2th_pre_req_pre"": ""0"", ""sel_2th_pre_req"": ""8"", ""sel_2th_pre_bid"": ""+70300"", ""sel_1th_pre_req_pre"": ""0"", ""sel_fpr_req"": ""993"", ""sel_fpr_bid"": ""+70200"", ""buy_fpr_bid"": ""+70100"", ""buy_fpr_req"": ""104"", ""buy_1th_pre_req_pre"": ""0"", ""buy_2th_pre_bid"": ""+70000"", ""buy_2th_pre_req"": ""196"", ""buy_2th_pre_req_pre"": ""0"", ""buy_3th_pre_bid"": ""+69900"", ""buy_3th_pre_req"": ""108"", ""buy_3th_pre_req_pre"": ""0"", ""buy_4th_pre_bid"": ""+69800"", ""buy_4th_pre_req"": ""163"", ""buy_4th_pre_req_pre"": ""0"", ""buy_5th_pre_bid"": ""+69700"", ""buy_5th_pre_req"": ""52"", ""buy_5th_pre_req_pre"": ""0"", ""buy_6th_pre_bid"": ""+69600"", ""buy_6th_pre_req"": ""29"", ""buy_6th_pre_req_pre"": ""0"", ""buy_7th_pre_bid"": ""+69500"", ""buy_7th_pre_req"": ""28"", ""buy_7th_pre_req_pre"": ""0"", ""buy_8th_pre_bid"": ""+69400"", ""buy_8th_pre_req"": ""114"", ""buy_8th_pre_req_pre"": ""0"", ""buy_9th_pre_bid"": ""+69300"", ""buy_9th_pre_req"": ""2"", ""buy_9th_pre_req_pre"": ""0"", ""buy_10th_pre_bid"": ""+69200"", ""buy_10th_pre_req"": ""127"", ""buy_10th_pre_req_pre"": ""0"", ""tot_sel_req_jub_pre"": ""0"", ""tot_sel_req"": ""4656"", ""tot_buy_req"": ""923"", ""tot_buy_req_jub_pre"": ""0"", ""ovt_sel_req_pre"": ""0"", ""ovt_sel_req"": ""0"", ""ovt_buy_req"": ""0"", ""ovt_buy_req_pre"": ""0"", ""return_code"": 0, ""return_msg"": ""정상적으로 처리되었습니다""}"
2026-06-10,scan_candidate,085620,,0,main_scan,22400,,22400,22350,22400,22450,0.0,0.2232142857142857,,,,,,"{""bid_req_base_tm"": ""101554"", ""sel_10th_pre_req_pre"": ""0"", ""sel_10th_pre_req"": ""2042"", ""sel_10th_pre_bid"": ""-22850"", ""sel_9th_pre_req_pre"": ""0"", ""sel_9th_pre_req"": ""1644"", ""sel_9th_pre_bid"": ""-22800"", ""sel_8th_pre_req_pre"": ""0"", ""sel_8th_pre_req"": ""259"", ""sel_8th_pre_bid"": ""-22750"", ""sel_7th_pre_req_pre"": ""0"", ""sel_7th_pre_req"": ""1824"", ""sel_7th_pre_bid"": ""-22700"", ""sel_6th_pre_req_pre"": ""0"", ""sel_6th_pre_req"": ""817"", ""sel_6th_pre_bid"": ""-22650"", ""sel_5th_pre_req_pre"": ""0"", ""sel_5th_pre_req"": ""534"", ""sel_5th_pre_bid"": ""-22600"", ""sel_4th_pre_req_pre"": ""0"", ""sel_4th_pre_req"": ""2059"", ""sel_4th_pre_bid"": ""-22550"", ""sel_3th_pre_req_pre"": ""0"", ""sel_3th_pre_req"": ""242"", ""sel_3th_pre_bid"": ""-22500"", ""sel_2th_pre_req_pre"": ""0"", ""sel_2th_pre_req"": ""696"", ""sel_2th_pre_bid"": ""-22450"", ""sel_1th_pre_req_pre"": ""+5"", ""sel_fpr_req"": ""10"", ""sel_fpr_bid"": ""-22400"", ""buy_fpr_bid"": ""-22350"", ""buy_fpr_req"": ""50"", ""buy_1th_pre_req_pre"": ""0"", ""buy_2th_pre_bid"": ""-22300"", ""buy_2th_pre_req"": ""1388"", ""buy_2th_pre_req_pre"": ""0"", ""buy_3th_pre_bid"": ""-22250"", ""buy_3th_pre_req"": ""1254"", ""buy_3th_pre_req_pre"": ""0"", ""buy_4th_pre_bid"": ""-22200"", ""buy_4th_pre_req"": ""1852"", ""buy_4th_pre_req_pre"": ""0"", ""buy_5th_pre_bid"": ""-22150"", ""buy_5th_pre_req"": ""2306"", ""buy_5th_pre_req_pre"": ""0"", ""buy_6th_pre_bid"": ""-22100"", ""buy_6th_pre_req"": ""1339"", ""buy_6th_pre_req_pre"": ""0"", ""buy_7th_pre_bid"": ""-22050"", ""buy_7th_pre_req"": ""3023"", ""buy_7th_pre_req_pre"": ""0"", ""buy_8th_pre_bid"": ""-22000"", ""buy_8th_pre_req"": ""2295"", ""buy_8th_pre_req_pre"": ""0"", ""buy_9th_pre_bid"": ""-21950"", ""buy_9th_pre_req"": ""1069"", ""buy_9th_pre_req_pre"": ""0"", ""buy_10th_pre_bid"": ""-21900"", ""buy_10th_pre_req"": ""1469"", ""buy_10th_pre_req_pre"": ""0"", ""tot_sel_req_jub_pre"": ""+5"", ""tot_sel_req"": ""10127"", ""tot_buy_req"": ""16045"", ""tot_buy_req_jub_pre"": ""0"", ""ovt_sel_req_pre"": ""0"", ""ovt_sel_req"": ""0"", ""ovt_buy_req"": ""0"", ""ovt_buy_req_pre"": ""0"", ""return_code"": 0, ""return_msg"": ""정상적으로 처리되었습니다""}"
2026-06-10,scan_candidate,001450,,0,main_scan,38050,,38050,38000,38050,38000,-0.2628120893561104,0.1314060446780552,,,,,,"{""bid_req_base_tm"": ""101554"", ""sel_10th_pre_req_pre"": ""0"", ""sel_10th_pre_req"": ""35"", ""sel_10th_pre_bid"": ""+38550"", ""sel_9th_pre_req_pre"": ""0"", ""sel_9th_pre_req"": ""704"", ""sel_9th_pre_bid"": ""+38500"", ""sel_8th_pre_req_pre"": ""0"", ""sel_8th_pre_req"": ""5023"", ""sel_8th_pre_bid"": ""+38450"", ""sel_7th_pre_req_pre"": ""0"", ""sel_7th_pre_req"": ""334"", ""sel_7th_pre_bid"": ""+38400"", ""sel_6th_pre_req_pre"": ""0"", ""sel_6th_pre_req"": ""105"", ""sel_6th_pre_bid"": ""+38350"", ""sel_5th_pre_req_pre"": ""0"", ""sel_5th_pre_req"": ""597"", ""sel_5th_pre_bid"": ""+38300"", ""sel_4th_pre_req_pre"": ""0"", ""sel_4th_pre_req"": ""50"", ""sel_4th_pre_bid"": ""+38200"", ""sel_3th_pre_req_pre"": ""0"", ""sel_3th_pre_req"": ""36"", ""sel_3th_pre_bid"": ""+38150"", ""sel_2th_pre_req_pre"": ""0"", ""sel_2th_pre_req"": ""38"", ""sel_2th_pre_bid"": ""+38100"", ""sel_1th_pre_req_pre"": ""0"", ""sel_fpr_req"": ""496"", ""sel_fpr_bid"": ""+38050"", ""buy_fpr_bid"": ""+38000"", ""buy_fpr_req"": ""461"", ""buy_1th_pre_req_pre"": ""0"", ""buy_2th_pre_bid"": ""+37950"", ""buy_2th_pre_req"": ""341"", ""buy_2th_pre_req_pre"": ""0"", ""buy_3th_pre_bid"": ""+37900"", ""buy_3th_pre_req"": ""191"", ""buy_3th_pre_req_pre"": ""0"", ""buy_4th_pre_bid"": ""+37850"", ""buy_4th_pre_req"": ""272"", ""buy_4th_pre_req_pre"": ""0"", ""buy_5th_pre_bid"": ""+37800"", ""buy_5th_pre_req"": ""418"", ""buy_5th_pre_req_pre"": ""0"", ""buy_6th_pre_bid"": ""+37750"", ""buy_6th_pre_req"": ""2461"", ""buy_6th_pre_req_pre"": ""0"", ""buy_7th_pre_bid"": ""+37700"", ""buy_7th_pre_req"": ""532"", ""buy_7th_pre_req_pre"": ""0"", ""buy_8th_pre_bid"": ""+37650"", ""buy_8th_pre_req"": ""38"", ""buy_8th_pre_req_pre"": ""0"", ""buy_9th_pre_bid"": ""+37600"", ""buy_9th_pre_req"": ""24"", ""buy_9th_pre_req_pre"": ""0"", ""buy_10th_pre_bid"": ""+37550"", ""buy_10th_pre_req"": ""81"", ""buy_10th_pre_req_pre"": ""+4"", ""tot_sel_req_jub_pre"": ""0"", ""tot_sel_req"": ""7418"", ""tot_buy_req"": ""4819"", ""tot_buy_req_jub_pre"": ""+4"", ""ovt_sel_req_pre"": ""0"", ""ovt_sel_req"": ""0"", ""ovt_buy_req"": ""0"", ""ovt_buy_req_pre"": ""0"", ""return_code"": 0, ""return_msg"": ""정상적으로 처리되었습니다""}"
2026-06-10,scan_candidate,036460,,0,main_scan,34350,,34350,34300,34350,34400,0.0,0.1455604075691412,,,,,,"{""bid_req_base_tm"": ""101552"", ""sel_10th_pre_req_pre"": ""0"", ""sel_10th_pre_req"": ""21"", ""sel_10th_pre_bid"": ""+34800"", ""sel_9th_pre_req_pre"": ""0"", ""sel_9th_pre_req"": ""611"", ""sel_9th_pre_bid"": ""+34750"", ""sel_8th_pre_req_pre"": ""0"", ""sel_8th_pre_req"": ""75"", ""sel_8th_pre_bid"": ""+34700"", ""sel_7th_pre_req_pre"": ""0"", ""sel_7th_pre_req"": ""271"", ""sel_7th_pre_bid"": ""+34650"", ""sel_6th_pre_req_pre"": ""0"", ""sel_6th_pre_req"": ""638"", ""sel_6th_pre_bid"": ""+34600"", ""sel_5th_pre_req_pre"": ""0"", ""sel_5th_pre_req"": ""256"", ""sel_5th_pre_bid"": ""+34550"", ""sel_4th_pre_req_pre"": ""0"", ""sel_4th_pre_req"": ""712"", ""sel_4th_pre_bid"": ""+34500"", ""sel_3th_pre_req_pre"": ""--2"", ""sel_3th_pre_req"": ""470"", ""sel_3th_pre_bid"": ""+34450"", ""sel_2th_pre_req_pre"": ""0"", ""sel_2th_pre_req"": ""1398"", ""sel_2th_pre_bid"": ""+34400"", ""sel_1th_pre_req_pre"": ""0"", ""sel_fpr_req"": ""522"", ""sel_fpr_bid"": ""+34350"", ""buy_fpr_bid"": ""+34300"", ""buy_fpr_req"": ""28"", ""buy_1th_pre_req_pre"": ""0"", ""buy_2th_pre_bid"": ""+34250"", ""buy_2th_pre_req"": ""549"", ""buy_2th_pre_req_pre"": ""0"", ""buy_3th_pre_bid"": ""+34200"", ""buy_3th_pre_req"": ""555"", ""buy_3th_pre_req_pre"": ""0"", ""buy_4th_pre_bid"": ""+34150"", ""buy_4th_pre_req"": ""341"", ""buy_4th_pre_req_pre"": ""0"", ""buy_5th_pre_bid"": ""+34100"", ""buy_5th_pre_req"": ""429"", ""buy_5th_pre_req_pre"": ""0"", ""buy_6th_pre_bid"": ""+34050"", ""buy_6th_pre_req"": ""1121"", ""buy_6th_pre_req_pre"": ""0"", ""buy_7th_pre_bid"": ""34000"", ""buy_7th_pre_req"": ""2991"", ""buy_7th_pre_req_pre"": ""0"", ""buy_8th_pre_bid"": ""-33950"", ""buy_8th_pre_req"": ""854"", ""buy_8th_pre_req_pre"": ""0"", ""buy_9th_pre_bid"": ""-33900"", ""buy_9th_pre_req"": ""831"", ""buy_9th_pre_req_pre"": ""0"", ""buy_10th_pre_bid"": ""-33850"", ""buy_10th_pre_req"": ""279"", ""buy_10th_pre_req_pre"": ""0"", ""tot_sel_req_jub_pre"": ""--2"", ""tot_sel_req"": ""4974"", ""tot_buy_req"": ""7978"", ""tot_buy_req_jub_pre"": ""0"", ""ovt_sel_req_pre"": ""0"", ""ovt_sel_req"": ""0"", ""ovt_buy_req"": ""0"", ""ovt_buy_req_pre"": ""0"", ""return_code"": 0, ""return_msg"": ""정상적으로 처리되었습니다""}"
2026-06-10,scan_candidate,007810,,0,main_scan,121700,,121700,121300,121700,121000,-0.9860312243221034,0.3286770747740345,,,,,,"{""bid_req_base_tm"": ""101554"", ""sel_10th_pre_req_pre"": ""0"", ""sel_10th_pre_req"": ""2"", ""sel_10th_pre_bid"": ""+122700"", ""sel_9th_pre_req_pre"": ""0"", ""sel_9th_pre_req"": ""34"", ""sel_9th_pre_bid"": ""+122500"", ""sel_8th_pre_req_pre"": ""0"", ""sel_8th_pre_req"": ""23"", ""sel_8th_pre_bid"": ""+122400"", ""sel_7th_pre_req_pre"": ""0"", ""sel_7th_pre_req"": ""1"", ""sel_7th_pre_bid"": ""+122300"", ""sel_6th_pre_req_pre"": ""0"", ""sel_6th_pre_req"": ""572"", ""sel_6th_pre_bid"": ""+122200"", ""sel_5th_pre_req_pre"": ""0"", ""sel_5th_pre_req"": ""121"", ""sel_5th_pre_bid"": ""+122100"", ""sel_4th_pre_req_pre"": ""0"", ""sel_4th_pre_req"": ""70"", ""sel_4th_pre_bid"": ""+122000"", ""sel_3th_pre_req_pre"": ""0"", ""sel_3th_pre_req"": ""21"", ""sel_3th_pre_bid"": ""+121900"", ""sel_2th_pre_req_pre"": ""0"", ""sel_2th_pre_req"": ""15"", ""sel_2th_pre_bid"": ""+121800"", ""sel_1th_pre_req_pre"": ""0"", ""sel_fpr_req"": ""12"", ""sel_fpr_bid"": ""+121700"", ""buy_fpr_bid"": ""+121300"", ""buy_fpr_req"": ""15"", ""buy_1th_pre_req_pre"": ""0"", ""buy_2th_pre_bid"": ""+121200"", ""buy_2th_pre_req"": ""5"", ""buy_2th_pre_req_pre"": ""+1"", ""buy_3th_pre_bid"": ""+121100"", ""buy_3th_pre_req"": ""16"", ""buy_3th_pre_req_pre"": ""0"", ""buy_4th_pre_bid"": ""+121000"", ""buy_4th_pre_req"": ""119"", ""buy_4th_pre_req_pre"": ""0"", ""buy_5th_pre_bid"": ""+120900"", ""buy_5th_pre_req"": ""20"", ""buy_5th_pre_req_pre"": ""0"", ""buy_6th_pre_bid"": ""+120800"", ""buy_6th_pre_req"": ""51"", ""buy_6th_pre_req_pre"": ""0"", ""buy_7th_pre_bid"": ""+120700"", ""buy_7th_pre_req"": ""28"", ""buy_7th_pre_req_pre"": ""0"", ""buy_8th_pre_bid"": ""+120600"", ""buy_8th_pre_req"": ""26"", ""buy_8th_pre_req_pre"": ""0"", ""buy_9th_pre_bid"": ""+120500"", ""buy_9th_pre_req"": ""63"", ""buy_9th_pre_req_pre"": ""0"", ""buy_10th_pre_bid"": ""+120400"", ""buy_10th_pre_req"": ""136"", ""buy_10th_pre_req_pre"": ""0"", ""tot_sel_req_jub_pre"": ""0"", ""tot_sel_req"": ""871"", ""tot_buy_req"": ""479"", ""tot_buy_req_jub_pre"": ""+1"", ""ovt_sel_req_pre"": ""0"", ""ovt_sel_req"": ""0"", ""ovt_buy_req"": ""0"", ""ovt_buy_req_pre"": ""0"", ""return_code"": 0, ""return_msg"": ""정상적으로 처리되었습니다""}"
2026-06-10,scan_candidate,001740,,0,main_scan,14050,,14050,14040,14050,14050,-0.3558718861209964,0.0711743772241993,,,,,,"{""bid_req_base_tm"": ""101555"", ""sel_10th_pre_req_pre"": ""0"", ""sel_10th_pre_req"": ""2155"", ""sel_10th_pre_bid"": ""-14160"", ""sel_9th_pre_req_pre"": ""0"", ""sel_9th_pre_req"": ""2003"", ""sel_9th_pre_bid"": ""-14150"", ""sel_8th_pre_req_pre"": ""0"", ""sel_8th_pre_req"": ""1"", ""sel_8th_pre_bid"": ""-14130"", ""sel_7th_pre_req_pre"": ""+142"", ""sel_7th_pre_req"": ""781"", ""sel_7th_pre_bid"": ""-14120"", ""sel_6th_pre_req_pre"": ""0"", ""sel_6th_pre_req"": ""2"", ""sel_6th_pre_bid"": ""-14110"", ""sel_5th_pre_req_pre"": ""0"", ""sel_5th_pre_req"": ""4"", ""sel_5th_pre_bid"": ""-14100"", ""sel_4th_pre_req_pre"": ""0"", ""sel_4th_pre_req"": ""100"", ""sel_4th_pre_bid"": ""-14080"", ""sel_3th_pre_req_pre"": ""0"", ""sel_3th_pre_req"": ""1"", ""sel_3th_pre_bid"": ""-14070"", ""sel_2th_pre_req_pre"": ""0"", ""sel_2th_pre_req"": ""19"", ""sel_2th_pre_bid"": ""-14060"", ""sel_1th_pre_req_pre"": ""0"", ""sel_fpr_req"": ""2986"", ""sel_fpr_bid"": ""-14050"", ""buy_fpr_bid"": ""-14040"", ""buy_fpr_req"": ""170"", ""buy_1th_pre_req_pre"": ""0"", ""buy_2th_pre_bid"": ""-14030"", ""buy_2th_pre_req"": ""584"", ""buy_2th_pre_req_pre"": ""0"", ""buy_3th_pre_bid"": ""-14020"", ""buy_3th_pre_req"": ""470"", ""buy_3th_pre_req_pre"": ""0"", ""buy_4th_pre_bid"": ""-14010"", ""buy_4th_pre_req"": ""1184"", ""buy_4th_pre_req_pre"": ""0"", ""buy_5th_pre_bid"": ""-14000"", ""buy_5th_pre_req"": ""820"", ""buy_5th_pre_req_pre"": ""0"", ""buy_6th_pre_bid"": ""-13990"", ""buy_6th_pre_req"": ""1202"", ""buy_6th_pre_req_pre"": ""0"", ""buy_7th_pre_bid"": ""-13980"", ""buy_7th_pre_req"": ""2796"", ""buy_7th_pre_req_pre"": ""0"", ""buy_8th_pre_bid"": ""-13970"", ""buy_8th_pre_req"": ""398"", ""buy_8th_pre_req_pre"": ""0"", ""buy_9th_pre_bid"": ""-13960"", ""buy_9th_pre_req"": ""1265"", ""buy_9th_pre_req_pre"": ""0"", ""buy_10th_pre_bid"": ""-13950"", ""buy_10th_pre_req"": ""155"", ""buy_10th_pre_req_pre"": ""0"", ""tot_sel_req_jub_pre"": ""+142"", ""tot_sel_req"": ""8052"", ""tot_buy_req"": ""9044"", ""tot_buy_req_jub_pre"": ""0"", ""ovt_sel_req_pre"": ""0"", ""ovt_sel_req"": ""0"", ""ovt_buy_req"": ""0"", ""ovt_buy_req_pre"": ""0"", ""return_code"": 0, ""return_msg"": ""정상적으로 처리되었습니다""}"
2026-06-10,scan_candidate,383220,,0,main_scan,75400,,75400,75100,75400,75200,-0.3978779840848806,0.3978779840848806,,,,,,"{""bid_req_base_tm"": ""101553"", ""sel_10th_pre_req_pre"": ""0"", ""sel_10th_pre_req"": ""1"", ""sel_10th_pre_bid"": ""+76600"", ""sel_9th_pre_req_pre"": ""0"", ""sel_9th_pre_req"": ""4"", ""sel_9th_pre_bid"": ""+76500"", ""sel_8th_pre_req_pre"": ""0"", ""sel_8th_pre_req"": ""2"", ""sel_8th_pre_bid"": ""+76400"", ""sel_7th_pre_req_pre"": ""0"", ""sel_7th_pre_req"": ""100"", ""sel_7th_pre_bid"": ""+76300"", ""sel_6th_pre_req_pre"": ""0"", ""sel_6th_pre_req"": ""1"", ""sel_6th_pre_bid"": ""+76200"", ""sel_5th_pre_req_pre"": ""0"", ""sel_5th_pre_req"": ""122"", ""sel_5th_pre_bid"": ""+76000"", ""sel_4th_pre_req_pre"": ""0"", ""sel_4th_pre_req"": ""101"", ""sel_4th_pre_bid"": ""+75900"", ""sel_3th_pre_req_pre"": ""0"", ""sel_3th_pre_req"": ""7"", ""sel_3th_pre_bid"": ""+75800"", ""sel_2th_pre_req_pre"": ""0"", ""sel_2th_pre_req"": ""21"", ""sel_2th_pre_bid"": ""+75500"", ""sel_1th_pre_req_pre"": ""0"", ""sel_fpr_req"": ""181"", ""sel_fpr_bid"": ""+75400"", ""buy_fpr_bid"": ""+75100"", ""buy_fpr_req"": ""8"", ""buy_1th_pre_req_pre"": ""+6"", ""buy_2th_pre_bid"": ""+75000"", ""buy_2th_pre_req"": ""271"", ""buy_2th_pre_req_pre"": ""0"", ""buy_3th_pre_bid"": ""+74900"", ""buy_3th_pre_req"": ""24"", ""buy_3th_pre_req_pre"": ""0"", ""buy_4th_pre_bid"": ""+74800"", ""buy_4th_pre_req"": ""10"", ""buy_4th_pre_req_pre"": ""0"", ""buy_5th_pre_bid"": ""+74700"", ""buy_5th_pre_req"": ""16"", ""buy_5th_pre_req_pre"": ""0"", ""buy_6th_pre_bid"": ""74600"", ""buy_6th_pre_req"": ""74"", ""buy_6th_pre_req_pre"": ""0"", ""buy_7th_pre_bid"": ""-74500"", ""buy_7th_pre_req"": ""27"", ""buy_7th_pre_req_pre"": ""0"", ""buy_8th_pre_bid"": ""-74400"", ""buy_8th_pre_req"": ""24"", ""buy_8th_pre_req_pre"": ""0"", ""buy_9th_pre_bid"": ""-74300"", ""buy_9th_pre_req"": ""10"", ""buy_9th_pre_req_pre"": ""0"", ""buy_10th_pre_bid"": ""-74200"", ""buy_10th_pre_req"": ""5"", ""buy_10th_pre_req_pre"": ""0"", ""tot_sel_req_jub_pre"": ""0"", ""tot_sel_req"": ""540"", ""tot_buy_req"": ""469"", ""tot_buy_req_jub_pre"": ""+6"", ""ovt_sel_req_pre"": ""0"", ""ovt_sel_req"": ""0"", ""ovt_buy_req"": ""0"", ""ovt_buy_req_pre"": ""0"", ""return_code"": 0, ""return_msg"": ""정상적으로 처리되었습니다""}"
2026-06-10,scan_candidate,014680,,0,main_scan,261500,,261500,261000,261500,262000,0.0,0.19120458891013384,,,,,,"{""bid_req_base_tm"": ""101555"", ""sel_10th_pre_req_pre"": ""0"", ""sel_10th_pre_req"": ""15"", ""sel_10th_pre_bid"": ""+266000"", ""sel_9th_pre_req_pre"": ""0"", ""sel_9th_pre_req"": ""59"", ""sel_9th_pre_bid"": ""+265500"", ""sel_8th_pre_req_pre"": ""0"", ""sel_8th_pre_req"": ""155"", ""sel_8th_pre_bid"": ""+265000"", ""sel_7th_pre_req_pre"": ""0"", ""sel_7th_pre_req"": ""37"", ""sel_7th_pre_bid"": ""+264500"", ""sel_6th_pre_req_pre"": ""0"", ""sel_6th_pre_req"": ""114"", ""sel_6th_pre_bid"": ""+264000"", ""sel_5th_pre_req_pre"": ""0"", ""sel_5th_pre_req"": ""53"", ""sel_5th_pre_bid"": ""+263500"", ""sel_4th_pre_req_pre"": ""0"", ""sel_4th_pre_req"": ""46"", ""sel_4th_pre_bid"": ""+263000"", ""sel_3th_pre_req_pre"": ""0"", ""sel_3th_pre_req"": ""7"", ""sel_3th_pre_bid"": ""+262500"", ""sel_2th_pre_req_pre"": ""0"", ""sel_2th_pre_req"": ""42"", ""sel_2th_pre_bid"": ""+262000"", ""sel_1th_pre_req_pre"": ""0"", ""sel_fpr_req"": ""97"", ""sel_fpr_bid"": ""+261500"", ""buy_fpr_bid"": ""+261000"", ""buy_fpr_req"": ""98"", ""buy_1th_pre_req_pre"": ""0"", ""buy_2th_pre_bid"": ""+260500"", ""buy_2th_pre_req"": ""36"", ""buy_2th_pre_req_pre"": ""0"", ""buy_3th_pre_bid"": ""+260000"", ""buy_3th_pre_req"": ""13"", ""buy_3th_pre_req_pre"": ""0"", ""buy_4th_pre_bid"": ""+259500"", ""buy_4th_pre_req"": ""119"", ""buy_4th_pre_req_pre"": ""0"", ""buy_5th_pre_bid"": ""+259000"", ""buy_5th_pre_req"": ""209"", ""buy_5th_pre_req_pre"": ""0"", ""buy_6th_pre_bid"": ""+258500"", ""buy_6th_pre_req"": ""102"", ""buy_6th_pre_req_pre"": ""0"", ""buy_7th_pre_bid"": ""+258000"", ""buy_7th_pre_req"": ""104"", ""buy_7th_pre_req_pre"": ""0"", ""buy_8th_pre_bid"": ""+257500"", ""buy_8th_pre_req"": ""132"", ""buy_8th_pre_req_pre"": ""0"", ""buy_9th_pre_bid"": ""+257000"", ""buy_9th_pre_req"": ""138"", ""buy_9th_pre_req_pre"": ""0"", ""buy_10th_pre_bid"": ""+256500"", ""buy_10th_pre_req"": ""3"", ""buy_10th_pre_req_pre"": ""0"", ""tot_sel_req_jub_pre"": ""0"", ""tot_sel_req"": ""625"", ""tot_buy_req"": ""954"", ""tot_buy_req_jub_pre"": ""0"", ""ovt_sel_req_pre"": ""0"", ""ovt_sel_req"": ""0"", ""ovt_buy_req"": ""0"", ""ovt_buy_req_pre"": ""0"", ""return_code"": 0, ""return_msg"": ""정상적으로 처리되었습니다""}"
2026-06-10,scan_candidate,028670,,0,main_scan,5050,,5050,5040,5050,5070,0.19801980198019803,0.19801980198019803,,,,,,"{""bid_req_base_tm"": ""101553"", ""sel_10th_pre_req_pre"": ""0"", ""sel_10th_pre_req"": ""331"", ""sel_10th_pre_bid"": ""-5140"", ""sel_9th_pre_req_pre"": ""0"", ""sel_9th_pre_req"": ""1648"", ""sel_9th_pre_bid"": ""-5130"", ""sel_8th_pre_req_pre"": ""0"", ""sel_8th_pre_req"": ""3359"", ""sel_8th_pre_bid"": ""-5120"", ""sel_7th_pre_req_pre"": ""0"", ""sel_7th_pre_req"": ""902"", ""sel_7th_pre_bid"": ""-5110"", ""sel_6th_pre_req_pre"": ""0"", ""sel_6th_pre_req"": ""111"", ""sel_6th_pre_bid"": ""-5100"", ""sel_5th_pre_req_pre"": ""0"", ""sel_5th_pre_req"": ""674"", ""sel_5th_pre_bid"": ""-5090"", ""sel_4th_pre_req_pre"": ""0"", ""sel_4th_pre_req"": ""2307"", ""sel_4th_pre_bid"": ""-5080"", ""sel_3th_pre_req_pre"": ""0"", ""sel_3th_pre_req"": ""2901"", ""sel_3th_pre_bid"": ""-5070"", ""sel_2th_pre_req_pre"": ""0"", ""sel_2th_pre_req"": ""1665"", ""sel_2th_pre_bid"": ""-5060"", ""sel_1th_pre_req_pre"": ""--2"", ""sel_fpr_req"": ""9501"", ""sel_fpr_bid"": ""-5050"", ""buy_fpr_bid"": ""-5040"", ""buy_fpr_req"": ""941"", ""buy_1th_pre_req_pre"": ""0"", ""buy_2th_pre_bid"": ""-5030"", ""buy_2th_pre_req"": ""5588"", ""buy_2th_pre_req_pre"": ""0"", ""buy_3th_pre_bid"": ""-5020"", ""buy_3th_pre_req"": ""8384"", ""buy_3th_pre_req_pre"": ""0"", ""buy_4th_pre_bid"": ""-5010"", ""buy_4th_pre_req"": ""4249"", ""buy_4th_pre_req_pre"": ""0"", ""buy_5th_pre_bid"": ""-5000"", ""buy_5th_pre_req"": ""15380"", ""buy_5th_pre_req_pre"": ""0"", ""buy_6th_pre_bid"": ""-4995"", ""buy_6th_pre_req"": ""1744"", ""buy_6th_pre_req_pre"": ""0"", ""buy_7th_pre_bid"": ""-4990"", ""buy_7th_pre_req"": ""2795"", ""buy_7th_pre_req_pre"": ""0"", ""buy_8th_pre_bid"": ""-4985"", ""buy_8th_pre_req"": ""2453"", ""buy_8th_pre_req_pre"": ""0"", ""buy_9th_pre_bid"": ""-4980"", ""buy_9th_pre_req"": ""5336"", ""buy_9th_pre_req_pre"": ""0"", ""buy_10th_pre_bid"": ""-4975"", ""buy_10th_pre_req"": ""290"", ""buy_10th_pre_req_pre"": ""0"", ""tot_sel_req_jub_pre"": ""--2"", ""tot_sel_req"": ""23399"", ""tot_buy_req"": ""47160"", ""tot_buy_req_jub_pre"": ""0"", ""ovt_sel_req_pre"": ""0"", ""ovt_sel_req"": ""0"", ""ovt_buy_req"": ""0"", ""ovt_buy_req_pre"": ""0"", ""return_code"": 0, ""return_msg"": ""정상적으로 처리되었습니다""}"
2026-06-10,scan_candidate,009420,,0,main_scan,50400,,50400,50300,50400,50600,0.1984126984126984,0.1984126984126984,,,,,,"{""bid_req_base_tm"": ""101553"", ""sel_10th_pre_req_pre"": ""0"", ""sel_10th_pre_req"": ""10"", ""sel_10th_pre_bid"": ""-51400"", ""sel_9th_pre_req_pre"": ""0"", ""sel_9th_pre_req"": ""460"", ""sel_9th_pre_bid"": ""-51300"", ""sel_8th_pre_req_pre"": ""0"", ""sel_8th_pre_req"": ""141"", ""sel_8th_pre_bid"": ""-51200"", ""sel_7th_pre_req_pre"": ""0"", ""sel_7th_pre_req"": ""80"", ""sel_7th_pre_bid"": ""-51100"", ""sel_6th_pre_req_pre"": ""0"", ""sel_6th_pre_req"": ""101"", ""sel_6th_pre_bid"": ""-51000"", ""sel_5th_pre_req_pre"": ""0"", ""sel_5th_pre_req"": ""38"", ""sel_5th_pre_bid"": ""-50900"", ""sel_4th_pre_req_pre"": ""0"", ""sel_4th_pre_req"": ""272"", ""sel_4th_pre_bid"": ""-50700"", ""sel_3th_pre_req_pre"": ""0"", ""sel_3th_pre_req"": ""201"", ""sel_3th_pre_bid"": ""-50600"", ""sel_2th_pre_req_pre"": ""0"", ""sel_2th_pre_req"": ""40"", ""sel_2th_pre_bid"": ""-50500"", ""sel_1th_pre_req_pre"": ""0"", ""sel_fpr_req"": ""81"", ""sel_fpr_bid"": ""-50400"", ""buy_fpr_bid"": ""-50300"", ""buy_fpr_req"": ""538"", ""buy_1th_pre_req_pre"": ""0"", ""buy_2th_pre_bid"": ""-50200"", ""buy_2th_pre_req"": ""56"", ""buy_2th_pre_req_pre"": ""0"", ""buy_3th_pre_bid"": ""-50100"", ""buy_3th_pre_req"": ""228"", ""buy_3th_pre_req_pre"": ""0"", ""buy_4th_pre_bid"": ""-50000"", ""buy_4th_pre_req"": ""269"", ""buy_4th_pre_req_pre"": ""0"", ""buy_5th_pre_bid"": ""-49950"", ""buy_5th_pre_req"": ""236"", ""buy_5th_pre_req_pre"": ""0"", ""buy_6th_pre_bid"": ""-49900"", ""buy_6th_pre_req"": ""374"", ""buy_6th_pre_req_pre"": ""0"", ""buy_7th_pre_bid"": ""-49850"", ""buy_7th_pre_req"": ""269"", ""buy_7th_pre_req_pre"": ""0"", ""buy_8th_pre_bid"": ""-49800"", ""buy_8th_pre_req"": ""537"", ""buy_8th_pre_req_pre"": ""0"", ""buy_9th_pre_bid"": ""-49750"", ""buy_9th_pre_req"": ""834"", ""buy_9th_pre_req_pre"": ""0"", ""buy_10th_pre_bid"": ""-49700"", ""buy_10th_pre_req"": ""1158"", ""buy_10th_pre_req_pre"": ""0"", ""tot_sel_req_jub_pre"": ""0"", ""tot_sel_req"": ""1424"", ""tot_buy_req"": ""4499"", ""tot_buy_req_jub_pre"": ""0"", ""ovt_sel_req_pre"": ""0"", ""ovt_sel_req"": ""0"", ""ovt_buy_req"": ""0"", ""ovt_buy_req_pre"": ""0"", ""return_code"": 0, ""return_msg"": ""정상적으로 처리되었습니다""}"
2026-06-10,scan_candidate,375500,,0,main_scan,71100,,71100,71000,71100,70800,-0.5625879043600562,0.14064697609001406,,,,,,"{""bid_req_base_tm"": ""101556"", ""sel_10th_pre_req_pre"": ""0"", ""sel_10th_pre_req"": ""675"", ""sel_10th_pre_bid"": ""+72000"", ""sel_9th_pre_req_pre"": ""0"", ""sel_9th_pre_req"": ""437"", ""sel_9th_pre_bid"": ""+71900"", ""sel_8th_pre_req_pre"": ""0"", ""sel_8th_pre_req"": ""241"", ""sel_8th_pre_bid"": ""+71800"", ""sel_7th_pre_req_pre"": ""0"", ""sel_7th_pre_req"": ""230"", ""sel_7th_pre_bid"": ""+71700"", ""sel_6th_pre_req_pre"": ""0"", ""sel_6th_pre_req"": ""857"", ""sel_6th_pre_bid"": ""+71600"", ""sel_5th_pre_req_pre"": ""0"", ""sel_5th_pre_req"": ""219"", ""sel_5th_pre_bid"": ""+71500"", ""sel_4th_pre_req_pre"": ""0"", ""sel_4th_pre_req"": ""3"", ""sel_4th_pre_bid"": ""+71400"", ""sel_3th_pre_req_pre"": ""0"", ""sel_3th_pre_req"": ""17"", ""sel_3th_pre_bid"": ""+71300"", ""sel_2th_pre_req_pre"": ""0"", ""sel_2th_pre_req"": ""30"", ""sel_2th_pre_bid"": ""+71200"", ""sel_1th_pre_req_pre"": ""+7"", ""sel_fpr_req"": ""176"", ""sel_fpr_bid"": ""+71100"", ""buy_fpr_bid"": ""+71000"", ""buy_fpr_req"": ""41"", ""buy_1th_pre_req_pre"": ""0"", ""buy_2th_pre_bid"": ""+70900"", ""buy_2th_pre_req"": ""10"", ""buy_2th_pre_req_pre"": ""0"", ""buy_3th_pre_bid"": ""+70800"", ""buy_3th_pre_req"": ""21"", ""buy_3th_pre_req_pre"": ""0"", ""buy_4th_pre_bid"": ""+70700"", ""buy_4th_pre_req"": ""123"", ""buy_4th_pre_req_pre"": ""0"", ""buy_5th_pre_bid"": ""+70600"", ""buy_5th_pre_req"": ""60"", ""buy_5th_pre_req_pre"": ""0"", ""buy_6th_pre_bid"": ""+70500"", ""buy_6th_pre_req"": ""126"", ""buy_6th_pre_req_pre"": ""0"", ""buy_7th_pre_bid"": ""+70400"", ""buy_7th_pre_req"": ""5"", ""buy_7th_pre_req_pre"": ""0"", ""buy_8th_pre_bid"": ""+70300"", ""buy_8th_pre_req"": ""6"", ""buy_8th_pre_req_pre"": ""0"", ""buy_9th_pre_bid"": ""+70200"", ""buy_9th_pre_req"": ""9"", ""buy_9th_pre_req_pre"": ""0"", ""buy_10th_pre_bid"": ""+70100"", ""buy_10th_pre_req"": ""147"", ""buy_10th_pre_req_pre"": ""0"", ""tot_sel_req_jub_pre"": ""+7"", ""tot_sel_req"": ""2885"", ""tot_buy_req"": ""548"", ""tot_buy_req_jub_pre"": ""0"", ""ovt_sel_req_pre"": ""0"", ""ovt_sel_req"": ""0"", ""ovt_buy_req"": ""0"", ""ovt_buy_req_pre"": ""0"", ""return_code"": 0, ""return_msg"": ""정상적으로 처리되었습니다""}"
2026-06-10,scan_candidate,004990,,0,main_scan,25650,,25650,25550,25650,25650,-0.1949317738791423,0.3898635477582846,,,,,,"{""bid_req_base_tm"": ""101551"", ""sel_10th_pre_req_pre"": ""0"", ""sel_10th_pre_req"": ""119"", ""sel_10th_pre_bid"": ""26150"", ""sel_9th_pre_req_pre"": ""0"", ""sel_9th_pre_req"": ""3602"", ""sel_9th_pre_bid"": ""-26100"", ""sel_8th_pre_req_pre"": ""0"", ""sel_8th_pre_req"": ""91"", ""sel_8th_pre_bid"": ""-26050"", ""sel_7th_pre_req_pre"": ""0"", ""sel_7th_pre_req"": ""3"", ""sel_7th_pre_bid"": ""-26000"", ""sel_6th_pre_req_pre"": ""0"", ""sel_6th_pre_req"": ""16"", ""sel_6th_pre_bid"": ""-25950"", ""sel_5th_pre_req_pre"": ""0"", ""sel_5th_pre_req"": ""250"", ""sel_5th_pre_bid"": ""-25900"", ""sel_4th_pre_req_pre"": ""0"", ""sel_4th_pre_req"": ""250"", ""sel_4th_pre_bid"": ""-25850"", ""sel_3th_pre_req_pre"": ""0"", ""sel_3th_pre_req"": ""458"", ""sel_3th_pre_bid"": ""-25750"", ""sel_2th_pre_req_pre"": ""0"", ""sel_2th_pre_req"": ""6"", ""sel_2th_pre_bid"": ""-25700"", ""sel_1th_pre_req_pre"": ""0"", ""sel_fpr_req"": ""1630"", ""sel_fpr_bid"": ""-25650"", ""buy_fpr_bid"": ""-25550"", ""buy_fpr_req"": ""155"", ""buy_1th_pre_req_pre"": ""0"", ""buy_2th_pre_bid"": ""-25500"", ""buy_2th_pre_req"": ""447"", ""buy_2th_pre_req_pre"": ""0"", ""buy_3th_pre_bid"": ""-25450"", ""buy_3th_pre_req"": ""544"", ""buy_3th_pre_req_pre"": ""+1"", ""buy_4th_pre_bid"": ""-25400"", ""buy_4th_pre_req"": ""689"", ""buy_4th_pre_req_pre"": ""0"", ""buy_5th_pre_bid"": ""-25350"", ""buy_5th_pre_req"": ""392"", ""buy_5th_pre_req_pre"": ""0"", ""buy_6th_pre_bid"": ""-25300"", ""buy_6th_pre_req"": ""926"", ""buy_6th_pre_req_pre"": ""0"", ""buy_7th_pre_bid"": ""-25250"", ""buy_7th_pre_req"": ""880"", ""buy_7th_pre_req_pre"": ""0"", ""buy_8th_pre_bid"": ""-25200"", ""buy_8th_pre_req"": ""4218"", ""buy_8th_pre_req_pre"": ""0"", ""buy_9th_pre_bid"": ""-25150"", ""buy_9th_pre_req"": ""1595"", ""buy_9th_pre_req_pre"": ""0"", ""buy_10th_pre_bid"": ""-25100"", ""buy_10th_pre_req"": ""1526"", ""buy_10th_pre_req_pre"": ""0"", ""tot_sel_req_jub_pre"": ""0"", ""tot_sel_req"": ""6425"", ""tot_buy_req"": ""11372"", ""tot_buy_req_jub_pre"": ""+1"", ""ovt_sel_req_pre"": ""0"", ""ovt_sel_req"": ""0"", ""ovt_buy_req"": ""0"", ""ovt_buy_req_pre"": ""0"", ""return_code"": 0, ""return_msg"": ""정상적으로 처리되었습니다""}"
2026-06-10,scan_candidate,483650,,0,main_scan,203500,,203500,203000,203500,202500,-0.7371007371007371,0.2457002457002457,,,,,,"{""bid_req_base_tm"": ""101556"", ""sel_10th_pre_req_pre"": ""0"", ""sel_10th_pre_req"": ""484"", ""sel_10th_pre_bid"": ""+208000"", ""sel_9th_pre_req_pre"": ""+1"", ""sel_9th_pre_req"": ""432"", ""sel_9th_pre_bid"": ""+207500"", ""sel_8th_pre_req_pre"": ""0"", ""sel_8th_pre_req"": ""1033"", ""sel_8th_pre_bid"": ""+207000"", ""sel_7th_pre_req_pre"": ""0"", ""sel_7th_pre_req"": ""1644"", ""sel_7th_pre_bid"": ""+206500"", ""sel_6th_pre_req_pre"": ""0"", ""sel_6th_pre_req"": ""1260"", ""sel_6th_pre_bid"": ""+206000"", ""sel_5th_pre_req_pre"": ""0"", ""sel_5th_pre_req"": ""288"", ""sel_5th_pre_bid"": ""+205500"", ""sel_4th_pre_req_pre"": ""0"", ""sel_4th_pre_req"": ""10"", ""sel_4th_pre_bid"": ""+205000"", ""sel_3th_pre_req_pre"": ""0"", ""sel_3th_pre_req"": ""17"", ""sel_3th_pre_bid"": ""+204500"", ""sel_2th_pre_req_pre"": ""0"", ""sel_2th_pre_req"": ""252"", ""sel_2th_pre_bid"": ""+204000"", ""sel_1th_pre_req_pre"": ""0"", ""sel_fpr_req"": ""176"", ""sel_fpr_bid"": ""+203500"", ""buy_fpr_bid"": ""+203000"", ""buy_fpr_req"": ""153"", ""buy_1th_pre_req_pre"": ""0"", ""buy_2th_pre_bid"": ""+202500"", ""buy_2th_pre_req"": ""234"", ""buy_2th_pre_req_pre"": ""0"", ""buy_3th_pre_bid"": ""+202000"", ""buy_3th_pre_req"": ""221"", ""buy_3th_pre_req_pre"": ""0"", ""buy_4th_pre_bid"": ""+201500"", ""buy_4th_pre_req"": ""92"", ""buy_4th_pre_req_pre"": ""0"", ""buy_5th_pre_bid"": ""+201000"", ""buy_5th_pre_req"": ""261"", ""buy_5th_pre_req_pre"": ""0"", ""buy_6th_pre_bid"": ""+200500"", ""buy_6th_pre_req"": ""181"", ""buy_6th_pre_req_pre"": ""0"", ""buy_7th_pre_bid"": ""+200000"", ""buy_7th_pre_req"": ""440"", ""buy_7th_pre_req_pre"": ""0"", ""buy_8th_pre_bid"": ""+199900"", ""buy_8th_pre_req"": ""152"", ""buy_8th_pre_req_pre"": ""0"", ""buy_9th_pre_bid"": ""+199800"", ""buy_9th_pre_req"": ""11"", ""buy_9th_pre_req_pre"": ""0"", ""buy_10th_pre_bid"": ""+199700"", ""buy_10th_pre_req"": ""12"", ""buy_10th_pre_req_pre"": ""0"", ""tot_sel_req_jub_pre"": ""+1"", ""tot_sel_req"": ""5596"", ""tot_buy_req"": ""1757"", ""tot_buy_req_jub_pre"": ""0"", ""ovt_sel_req_pre"": ""0"", ""ovt_sel_req"": ""0"", ""ovt_buy_req"": ""0"", ""ovt_buy_req_pre"": ""0"", ""return_code"": 0, ""return_msg"": ""정상적으로 처리되었습니다""}"
2026-06-10,scan_candidate,003690,,0,main_scan,13330,,13330,13310,13330,13250,-0.9752438109527383,0.15003750937734434,,,,,,"{""bid_req_base_tm"": ""101556"", ""sel_10th_pre_req_pre"": ""0"", ""sel_10th_pre_req"": ""50"", ""sel_10th_pre_bid"": ""13440"", ""sel_9th_pre_req_pre"": ""0"", ""sel_9th_pre_req"": ""75"", ""sel_9th_pre_bid"": ""-13430"", ""sel_8th_pre_req_pre"": ""0"", ""sel_8th_pre_req"": ""201"", ""sel_8th_pre_bid"": ""-13420"", ""sel_7th_pre_req_pre"": ""0"", ""sel_7th_pre_req"": ""74"", ""sel_7th_pre_bid"": ""-13410"", ""sel_6th_pre_req_pre"": ""0"", ""sel_6th_pre_req"": ""780"", ""sel_6th_pre_bid"": ""-13400"", ""sel_5th_pre_req_pre"": ""0"", ""sel_5th_pre_req"": ""313"", ""sel_5th_pre_bid"": ""-13390"", ""sel_4th_pre_req_pre"": ""0"", ""sel_4th_pre_req"": ""32"", ""sel_4th_pre_bid"": ""-13370"", ""sel_3th_pre_req_pre"": ""0"", ""sel_3th_pre_req"": ""206"", ""sel_3th_pre_bid"": ""-13360"", ""sel_2th_pre_req_pre"": ""0"", ""sel_2th_pre_req"": ""208"", ""sel_2th_pre_bid"": ""-13340"", ""sel_1th_pre_req_pre"": ""+480"", ""sel_fpr_req"": ""561"", ""sel_fpr_bid"": ""-13330"", ""buy_fpr_bid"": ""-13310"", ""buy_fpr_req"": ""247"", ""buy_1th_pre_req_pre"": ""0"", ""buy_2th_pre_bid"": ""-13300"", ""buy_2th_pre_req"": ""291"", ""buy_2th_pre_req_pre"": ""0"", ""buy_3th_pre_bid"": ""-13290"", ""buy_3th_pre_req"": ""50"", ""buy_3th_pre_req_pre"": ""0"", ""buy_4th_pre_bid"": ""-13250"", ""buy_4th_pre_req"": ""55"", ""buy_4th_pre_req_pre"": ""0"", ""buy_5th_pre_bid"": ""-13240"", ""buy_5th_pre_req"": ""15"", ""buy_5th_pre_req_pre"": ""0"", ""buy_6th_pre_bid"": ""-13220"", ""buy_6th_pre_req"": ""29"", ""buy_6th_pre_req_pre"": ""0"", ""buy_7th_pre_bid"": ""-13210"", ""buy_7th_pre_req"": ""510"", ""buy_7th_pre_req_pre"": ""0"", ""buy_8th_pre_bid"": ""-13200"", ""buy_8th_pre_req"": ""551"", ""buy_8th_pre_req_pre"": ""0"", ""buy_9th_pre_bid"": ""-13190"", ""buy_9th_pre_req"": ""51"", ""buy_9th_pre_req_pre"": ""0"", ""buy_10th_pre_bid"": ""-13150"", ""buy_10th_pre_req"": ""101"", ""buy_10th_pre_req_pre"": ""0"", ""tot_sel_req_jub_pre"": ""+480"", ""tot_sel_req"": ""2500"", ""tot_buy_req"": ""1900"", ""tot_buy_req_jub_pre"": ""0"", ""ovt_sel_req_pre"": ""0"", ""ovt_sel_req"": ""0"", ""ovt_buy_req"": ""0"", ""ovt_buy_req_pre"": ""0"", ""return_code"": 0, ""return_msg"": ""정상적으로 처리되었습니다""}"
2026-06-10,scan_candidate,279570,,0,main_scan,5980,,5980,5970,5980,5950,-0.6688963210702341,0.16722408026755853,,,,,,"{""bid_req_base_tm"": ""101556"", ""sel_10th_pre_req_pre"": ""0"", ""sel_10th_pre_req"": ""12403"", ""sel_10th_pre_bid"": ""+6070"", ""sel_9th_pre_req_pre"": ""0"", ""sel_9th_pre_req"": ""33677"", ""sel_9th_pre_bid"": ""+6060"", ""sel_8th_pre_req_pre"": ""0"", ""sel_8th_pre_req"": ""34314"", ""sel_8th_pre_bid"": ""+6050"", ""sel_7th_pre_req_pre"": ""0"", ""sel_7th_pre_req"": ""19482"", ""sel_7th_pre_bid"": ""+6040"", ""sel_6th_pre_req_pre"": ""0"", ""sel_6th_pre_req"": ""28834"", ""sel_6th_pre_bid"": ""+6030"", ""sel_5th_pre_req_pre"": ""0"", ""sel_5th_pre_req"": ""22029"", ""sel_5th_pre_bid"": ""+6020"", ""sel_4th_pre_req_pre"": ""0"", ""sel_4th_pre_req"": ""13869"", ""sel_4th_pre_bid"": ""+6010"", ""sel_3th_pre_req_pre"": ""0"", ""sel_3th_pre_req"": ""31198"", ""sel_3th_pre_bid"": ""+6000"", ""sel_2th_pre_req_pre"": ""0"", ""sel_2th_pre_req"": ""24967"", ""sel_2th_pre_bid"": ""+5990"", ""sel_1th_pre_req_pre"": ""--1"", ""sel_fpr_req"": ""2304"", ""sel_fpr_bid"": ""+5980"", ""buy_fpr_bid"": ""+5970"", ""buy_fpr_req"": ""1556"", ""buy_1th_pre_req_pre"": ""0"", ""buy_2th_pre_bid"": ""+5960"", ""buy_2th_pre_req"": ""9531"", ""buy_2th_pre_req_pre"": ""0"", ""buy_3th_pre_bid"": ""+5950"", ""buy_3th_pre_req"": ""18619"", ""buy_3th_pre_req_pre"": ""0"", ""buy_4th_pre_bid"": ""+5940"", ""buy_4th_pre_req"": ""4622"", ""buy_4th_pre_req_pre"": ""0"", ""buy_5th_pre_bid"": ""+5930"", ""buy_5th_pre_req"": ""12673"", ""buy_5th_pre_req_pre"": ""0"", ""buy_6th_pre_bid"": ""+5920"", ""buy_6th_pre_req"": ""6535"", ""buy_6th_pre_req_pre"": ""0"", ""buy_7th_pre_bid"": ""+5910"", ""buy_7th_pre_req"": ""12393"", ""buy_7th_pre_req_pre"": ""0"", ""buy_8th_pre_bid"": ""+5900"", ""buy_8th_pre_req"": ""30670"", ""buy_8th_pre_req_pre"": ""0"", ""buy_9th_pre_bid"": ""+5890"", ""buy_9th_pre_req"": ""4563"", ""buy_9th_pre_req_pre"": ""0"", ""buy_10th_pre_bid"": ""+5880"", ""buy_10th_pre_req"": ""2487"", ""buy_10th_pre_req_pre"": ""0"", ""tot_sel_req_jub_pre"": ""--1"", ""tot_sel_req"": ""223077"", ""tot_buy_req"": ""103649"", ""tot_buy_req_jub_pre"": ""0"", ""ovt_sel_req_pre"": ""0"", ""ovt_sel_req"": ""0"", ""ovt_buy_req"": ""0"", ""ovt_buy_req_pre"": ""0"", ""return_code"": 0, ""return_msg"": ""정상적으로 처리되었습니다""}"
2026-06-10,scan_candidate,008770,,0,main_scan,54100,,54100,54000,54100,54200,0.0,0.18484288354898337,,,,,,"{""bid_req_base_tm"": ""101556"", ""sel_10th_pre_req_pre"": ""0"", ""sel_10th_pre_req"": ""433"", ""sel_10th_pre_bid"": ""-55000"", ""sel_9th_pre_req_pre"": ""0"", ""sel_9th_pre_req"": ""312"", ""sel_9th_pre_bid"": ""-54900"", ""sel_8th_pre_req_pre"": ""0"", ""sel_8th_pre_req"": ""189"", ""sel_8th_pre_bid"": ""-54800"", ""sel_7th_pre_req_pre"": ""0"", ""sel_7th_pre_req"": ""24"", ""sel_7th_pre_bid"": ""-54700"", ""sel_6th_pre_req_pre"": ""0"", ""sel_6th_pre_req"": ""132"", ""sel_6th_pre_bid"": ""-54600"", ""sel_5th_pre_req_pre"": ""0"", ""sel_5th_pre_req"": ""95"", ""sel_5th_pre_bid"": ""-54500"", ""sel_4th_pre_req_pre"": ""0"", ""sel_4th_pre_req"": ""112"", ""sel_4th_pre_bid"": ""-54400"", ""sel_3th_pre_req_pre"": ""0"", ""sel_3th_pre_req"": ""11"", ""sel_3th_pre_bid"": ""-54300"", ""sel_2th_pre_req_pre"": ""0"", ""sel_2th_pre_req"": ""52"", ""sel_2th_pre_bid"": ""-54200"", ""sel_1th_pre_req_pre"": ""0"", ""sel_fpr_req"": ""134"", ""sel_fpr_bid"": ""-54100"", ""buy_fpr_bid"": ""-54000"", ""buy_fpr_req"": ""227"", ""buy_1th_pre_req_pre"": ""0"", ""buy_2th_pre_bid"": ""-53900"", ""buy_2th_pre_req"": ""242"", ""buy_2th_pre_req_pre"": ""0"", ""buy_3th_pre_bid"": ""-53800"", ""buy_3th_pre_req"": ""161"", ""buy_3th_pre_req_pre"": ""0"", ""buy_4th_pre_bid"": ""-53700"", ""buy_4th_pre_req"": ""421"", ""buy_4th_pre_req_pre"": ""0"", ""buy_5th_pre_bid"": ""-53600"", ""buy_5th_pre_req"": ""142"", ""buy_5th_pre_req_pre"": ""0"", ""buy_6th_pre_bid"": ""-53500"", ""buy_6th_pre_req"": ""109"", ""buy_6th_pre_req_pre"": ""0"", ""buy_7th_pre_bid"": ""-53400"", ""buy_7th_pre_req"": ""226"", ""buy_7th_pre_req_pre"": ""0"", ""buy_8th_pre_bid"": ""-53300"", ""buy_8th_pre_req"": ""598"", ""buy_8th_pre_req_pre"": ""0"", ""buy_9th_pre_bid"": ""-53200"", ""buy_9th_pre_req"": ""418"", ""buy_9th_pre_req_pre"": ""0"", ""buy_10th_pre_bid"": ""-53100"", ""buy_10th_pre_req"": ""521"", ""buy_10th_pre_req_pre"": ""0"", ""tot_sel_req_jub_pre"": ""0"", ""tot_sel_req"": ""1494"", ""tot_buy_req"": ""3065"", ""tot_buy_req_jub_pre"": ""0"", ""ovt_sel_req_pre"": ""0"", ""ovt_sel_req"": ""0"", ""ovt_buy_req"": ""0"", ""ovt_buy_req_pre"": ""0"", ""return_code"": 0, ""return_msg"": ""정상적으로 처리되었습니다""}"
2026-06-10,scan_candidate,081660,,0,main_scan,40300,,40300,40250,40300,40400,0.12406947890818859,0.12406947890818859,,,,,,"{""bid_req_base_tm"": ""101556"", ""sel_10th_pre_req_pre"": ""0"", ""sel_10th_pre_req"": ""33"", ""sel_10th_pre_bid"": ""+40750"", ""sel_9th_pre_req_pre"": ""0"", ""sel_9th_pre_req"": ""90"", ""sel_9th_pre_bid"": ""+40700"", ""sel_8th_pre_req_pre"": ""0"", ""sel_8th_pre_req"": ""50"", ""sel_8th_pre_bid"": ""+40650"", ""sel_7th_pre_req_pre"": ""0"", ""sel_7th_pre_req"": ""75"", ""sel_7th_pre_bid"": ""+40600"", ""sel_6th_pre_req_pre"": ""0"", ""sel_6th_pre_req"": ""126"", ""sel_6th_pre_bid"": ""+40550"", ""sel_5th_pre_req_pre"": ""0"", ""sel_5th_pre_req"": ""268"", ""sel_5th_pre_bid"": ""+40500"", ""sel_4th_pre_req_pre"": ""0"", ""sel_4th_pre_req"": ""70"", ""sel_4th_pre_bid"": ""+40450"", ""sel_3th_pre_req_pre"": ""0"", ""sel_3th_pre_req"": ""77"", ""sel_3th_pre_bid"": ""+40400"", ""sel_2th_pre_req_pre"": ""0"", ""sel_2th_pre_req"": ""20"", ""sel_2th_pre_bid"": ""+40350"", ""sel_1th_pre_req_pre"": ""0"", ""sel_fpr_req"": ""8"", ""sel_fpr_bid"": ""+40300"", ""buy_fpr_bid"": ""+40250"", ""buy_fpr_req"": ""455"", ""buy_1th_pre_req_pre"": ""0"", ""buy_2th_pre_bid"": ""+40200"", ""buy_2th_pre_req"": ""196"", ""buy_2th_pre_req_pre"": ""--6"", ""buy_3th_pre_bid"": ""+40150"", ""buy_3th_pre_req"": ""56"", ""buy_3th_pre_req_pre"": ""0"", ""buy_4th_pre_bid"": ""+40050"", ""buy_4th_pre_req"": ""116"", ""buy_4th_pre_req_pre"": ""0"", ""buy_5th_pre_bid"": ""+40000"", ""buy_5th_pre_req"": ""767"", ""buy_5th_pre_req_pre"": ""0"", ""buy_6th_pre_bid"": ""+39950"", ""buy_6th_pre_req"": ""539"", ""buy_6th_pre_req_pre"": ""0"", ""buy_7th_pre_bid"": ""+39900"", ""buy_7th_pre_req"": ""21"", ""buy_7th_pre_req_pre"": ""0"", ""buy_8th_pre_bid"": ""+39850"", ""buy_8th_pre_req"": ""91"", ""buy_8th_pre_req_pre"": ""0"", ""buy_9th_pre_bid"": ""+39800"", ""buy_9th_pre_req"": ""40"", ""buy_9th_pre_req_pre"": ""0"", ""buy_10th_pre_bid"": ""+39750"", ""buy_10th_pre_req"": ""40"", ""buy_10th_pre_req_pre"": ""0"", ""tot_sel_req_jub_pre"": ""0"", ""tot_sel_req"": ""817"", ""tot_buy_req"": ""2321"", ""tot_buy_req_jub_pre"": ""--6"", ""ovt_sel_req_pre"": ""0"", ""ovt_sel_req"": ""0"", ""ovt_buy_req"": ""0"", ""ovt_buy_req_pre"": ""0"", ""return_code"": 0, ""return_msg"": ""정상적으로 처리되었습니다""}"
2026-06-10,scan_candidate,462870,,0,main_scan,31150,,31150,31100,31150,31100,-0.32102728731942215,0.16051364365971107,,,,,,"{""bid_req_base_tm"": ""101556"", ""sel_10th_pre_req_pre"": ""0"", ""sel_10th_pre_req"": ""236"", ""sel_10th_pre_bid"": ""-31600"", ""sel_9th_pre_req_pre"": ""0"", ""sel_9th_pre_req"": ""17"", ""sel_9th_pre_bid"": ""-31550"", ""sel_8th_pre_req_pre"": ""0"", ""sel_8th_pre_req"": ""158"", ""sel_8th_pre_bid"": ""-31500"", ""sel_7th_pre_req_pre"": ""0"", ""sel_7th_pre_req"": ""55"", ""sel_7th_pre_bid"": ""-31450"", ""sel_6th_pre_req_pre"": ""0"", ""sel_6th_pre_req"": ""130"", ""sel_6th_pre_bid"": ""-31400"", ""sel_5th_pre_req_pre"": ""0"", ""sel_5th_pre_req"": ""2"", ""sel_5th_pre_bid"": ""-31350"", ""sel_4th_pre_req_pre"": ""0"", ""sel_4th_pre_req"": ""28"", ""sel_4th_pre_bid"": ""-31300"", ""sel_3th_pre_req_pre"": ""0"", ""sel_3th_pre_req"": ""73"", ""sel_3th_pre_bid"": ""-31250"", ""sel_2th_pre_req_pre"": ""0"", ""sel_2th_pre_req"": ""66"", ""sel_2th_pre_bid"": ""-31200"", ""sel_1th_pre_req_pre"": ""--2"", ""sel_fpr_req"": ""108"", ""sel_fpr_bid"": ""-31150"", ""buy_fpr_bid"": ""-31100"", ""buy_fpr_req"": ""155"", ""buy_1th_pre_req_pre"": ""0"", ""buy_2th_pre_bid"": ""-31050"", ""buy_2th_pre_req"": ""17"", ""buy_2th_pre_req_pre"": ""0"", ""buy_3th_pre_bid"": ""-31000"", ""buy_3th_pre_req"": ""77"", ""buy_3th_pre_req_pre"": ""0"", ""buy_4th_pre_bid"": ""-30950"", ""buy_4th_pre_req"": ""31"", ""buy_4th_pre_req_pre"": ""0"", ""buy_5th_pre_bid"": ""-30900"", ""buy_5th_pre_req"": ""121"", ""buy_5th_pre_req_pre"": ""0"", ""buy_6th_pre_bid"": ""-30850"", ""buy_6th_pre_req"": ""11"", ""buy_6th_pre_req_pre"": ""0"", ""buy_7th_pre_bid"": ""-30800"", ""buy_7th_pre_req"": ""129"", ""buy_7th_pre_req_pre"": ""0"", ""buy_8th_pre_bid"": ""-30750"", ""buy_8th_pre_req"": ""105"", ""buy_8th_pre_req_pre"": ""0"", ""buy_9th_pre_bid"": ""-30700"", ""buy_9th_pre_req"": ""177"", ""buy_9th_pre_req_pre"": ""0"", ""buy_10th_pre_bid"": ""-30650"", ""buy_10th_pre_req"": ""33"", ""buy_10th_pre_req_pre"": ""0"", ""tot_sel_req_jub_pre"": ""--2"", ""tot_sel_req"": ""873"", ""tot_buy_req"": ""856"", ""tot_buy_req_jub_pre"": ""0"", ""ovt_sel_req_pre"": ""0"", ""ovt_sel_req"": ""0"", ""ovt_buy_req"": ""0"", ""ovt_buy_req_pre"": ""0"", ""return_code"": 0, ""return_msg"": ""정상적으로 처리되었습니다""}"
2026-06-10,scan_candidate,120110,,0,main_scan,70000,,70000,69900,70000,70000,-0.14285714285714285,0.14285714285714285,,,,,,"{""bid_req_base_tm"": ""101556"", ""sel_10th_pre_req_pre"": ""0"", ""sel_10th_pre_req"": ""59"", ""sel_10th_pre_bid"": ""+71100"", ""sel_9th_pre_req_pre"": ""0"", ""sel_9th_pre_req"": ""488"", ""sel_9th_pre_bid"": ""+71000"", ""sel_8th_pre_req_pre"": ""0"", ""sel_8th_pre_req"": ""11"", ""sel_8th_pre_bid"": ""+70900"", ""sel_7th_pre_req_pre"": ""0"", ""sel_7th_pre_req"": ""3"", ""sel_7th_pre_bid"": ""+70800"", ""sel_6th_pre_req_pre"": ""0"", ""sel_6th_pre_req"": ""49"", ""sel_6th_pre_bid"": ""+70700"", ""sel_5th_pre_req_pre"": ""0"", ""sel_5th_pre_req"": ""91"", ""sel_5th_pre_bid"": ""+70600"", ""sel_4th_pre_req_pre"": ""0"", ""sel_4th_pre_req"": ""20"", ""sel_4th_pre_bid"": ""+70400"", ""sel_3th_pre_req_pre"": ""0"", ""sel_3th_pre_req"": ""163"", ""sel_3th_pre_bid"": ""+70300"", ""sel_2th_pre_req_pre"": ""0"", ""sel_2th_pre_req"": ""20"", ""sel_2th_pre_bid"": ""+70100"", ""sel_1th_pre_req_pre"": ""0"", ""sel_fpr_req"": ""2"", ""sel_fpr_bid"": ""+70000"", ""buy_fpr_bid"": ""+69900"", ""buy_fpr_req"": ""119"", ""buy_1th_pre_req_pre"": ""+7"", ""buy_2th_pre_bid"": ""+69800"", ""buy_2th_pre_req"": ""186"", ""buy_2th_pre_req_pre"": ""0"", ""buy_3th_pre_bid"": ""+69700"", ""buy_3th_pre_req"": ""17"", ""buy_3th_pre_req_pre"": ""0"", ""buy_4th_pre_bid"": ""+69600"", ""buy_4th_pre_req"": ""17"", ""buy_4th_pre_req_pre"": ""0"", ""buy_5th_pre_bid"": ""+69500"", ""buy_5th_pre_req"": ""2"", ""buy_5th_pre_req_pre"": ""0"", ""buy_6th_pre_bid"": ""+69200"", ""buy_6th_pre_req"": ""9"", ""buy_6th_pre_req_pre"": ""0"", ""buy_7th_pre_bid"": ""+69100"", ""buy_7th_pre_req"": ""55"", ""buy_7th_pre_req_pre"": ""0"", ""buy_8th_pre_bid"": ""+69000"", ""buy_8th_pre_req"": ""758"", ""buy_8th_pre_req_pre"": ""0"", ""buy_9th_pre_bid"": ""+68900"", ""buy_9th_pre_req"": ""5"", ""buy_9th_pre_req_pre"": ""0"", ""buy_10th_pre_bid"": ""+68800"", ""buy_10th_pre_req"": ""2"", ""buy_10th_pre_req_pre"": ""0"", ""tot_sel_req_jub_pre"": ""0"", ""tot_sel_req"": ""906"", ""tot_buy_req"": ""1170"", ""tot_buy_req_jub_pre"": ""+7"", ""ovt_sel_req_pre"": ""0"", ""ovt_sel_req"": ""0"", ""ovt_buy_req"": ""0"", ""ovt_buy_req_pre"": ""0"", ""return_code"": 0, ""return_msg"": ""정상적으로 처리되었습니다""}"
2026-06-10,scan_candidate,009155,,0,main_scan,607000,,607000,605000,607000,608000,0.0,0.3294892915980231,,,,,,"{""bid_req_base_tm"": ""101557"", ""sel_10th_pre_req_pre"": ""0"", ""sel_10th_pre_req"": ""4"", ""sel_10th_pre_bid"": ""-616000"", ""sel_9th_pre_req_pre"": ""0"", ""sel_9th_pre_req"": ""46"", ""sel_9th_pre_bid"": ""-615000"", ""sel_8th_pre_req_pre"": ""0"", ""sel_8th_pre_req"": ""33"", ""sel_8th_pre_bid"": ""-614000"", ""sel_7th_pre_req_pre"": ""0"", ""sel_7th_pre_req"": ""49"", ""sel_7th_pre_bid"": ""-613000"", ""sel_6th_pre_req_pre"": ""0"", ""sel_6th_pre_req"": ""72"", ""sel_6th_pre_bid"": ""-612000"", ""sel_5th_pre_req_pre"": ""0"", ""sel_5th_pre_req"": ""11"", ""sel_5th_pre_bid"": ""-611000"", ""sel_4th_pre_req_pre"": ""0"", ""sel_4th_pre_req"": ""45"", ""sel_4th_pre_bid"": ""-610000"", ""sel_3th_pre_req_pre"": ""0"", ""sel_3th_pre_req"": ""14"", ""sel_3th_pre_bid"": ""-609000"", ""sel_2th_pre_req_pre"": ""0"", ""sel_2th_pre_req"": ""17"", ""sel_2th_pre_bid"": ""-608000"", ""sel_1th_pre_req_pre"": ""0"", ""sel_fpr_req"": ""4"", ""sel_fpr_bid"": ""-607000"", ""buy_fpr_bid"": ""-605000"", ""buy_fpr_req"": ""41"", ""buy_1th_pre_req_pre"": ""0"", ""buy_2th_pre_bid"": ""-604000"", ""buy_2th_pre_req"": ""38"", ""buy_2th_pre_req_pre"": ""0"", ""buy_3th_pre_bid"": ""-603000"", ""buy_3th_pre_req"": ""14"", ""buy_3th_pre_req_pre"": ""0"", ""buy_4th_pre_bid"": ""-602000"", ""buy_4th_pre_req"": ""73"", ""buy_4th_pre_req_pre"": ""0"", ""buy_5th_pre_bid"": ""-601000"", ""buy_5th_pre_req"": ""35"", ""buy_5th_pre_req_pre"": ""0"", ""buy_6th_pre_bid"": ""-600000"", ""buy_6th_pre_req"": ""400"", ""buy_6th_pre_req_pre"": ""+1"", ""buy_7th_pre_bid"": ""-599000"", ""buy_7th_pre_req"": ""190"", ""buy_7th_pre_req_pre"": ""0"", ""buy_8th_pre_bid"": ""-598000"", ""buy_8th_pre_req"": ""82"", ""buy_8th_pre_req_pre"": ""0"", ""buy_9th_pre_bid"": ""-597000"", ""buy_9th_pre_req"": ""110"", ""buy_9th_pre_req_pre"": ""0"", ""buy_10th_pre_bid"": ""-596000"", ""buy_10th_pre_req"": ""61"", ""buy_10th_pre_req_pre"": ""0"", ""tot_sel_req_jub_pre"": ""0"", ""tot_sel_req"": ""295"", ""tot_buy_req"": ""1044"", ""tot_buy_req_jub_pre"": ""+1"", ""ovt_sel_req_pre"": ""0"", ""ovt_sel_req"": ""0"", ""ovt_buy_req"": ""0"", ""ovt_buy_req_pre"": ""0"", ""return_code"": 0, ""return_msg"": ""정상적으로 처리되었습니다""}"
2026-06-10,scan_candidate,017960,,0,main_scan,31300,,31300,31250,31300,31200,-0.4792332268370607,0.1597444089456869,,,,,,"{""bid_req_base_tm"": ""101557"", ""sel_10th_pre_req_pre"": ""0"", ""sel_10th_pre_req"": ""506"", ""sel_10th_pre_bid"": ""+31750"", ""sel_9th_pre_req_pre"": ""0"", ""sel_9th_pre_req"": ""302"", ""sel_9th_pre_bid"": ""+31700"", ""sel_8th_pre_req_pre"": ""0"", ""sel_8th_pre_req"": ""157"", ""sel_8th_pre_bid"": ""+31650"", ""sel_7th_pre_req_pre"": ""0"", ""sel_7th_pre_req"": ""1281"", ""sel_7th_pre_bid"": ""+31600"", ""sel_6th_pre_req_pre"": ""0"", ""sel_6th_pre_req"": ""482"", ""sel_6th_pre_bid"": ""+31550"", ""sel_5th_pre_req_pre"": ""0"", ""sel_5th_pre_req"": ""209"", ""sel_5th_pre_bid"": ""+31500"", ""sel_4th_pre_req_pre"": ""0"", ""sel_4th_pre_req"": ""180"", ""sel_4th_pre_bid"": ""+31450"", ""sel_3th_pre_req_pre"": ""0"", ""sel_3th_pre_req"": ""11"", ""sel_3th_pre_bid"": ""+31400"", ""sel_2th_pre_req_pre"": ""0"", ""sel_2th_pre_req"": ""118"", ""sel_2th_pre_bid"": ""+31350"", ""sel_1th_pre_req_pre"": ""0"", ""sel_fpr_req"": ""5"", ""sel_fpr_bid"": ""+31300"", ""buy_fpr_bid"": ""+31250"", ""buy_fpr_req"": ""48"", ""buy_1th_pre_req_pre"": ""0"", ""buy_2th_pre_bid"": ""+31200"", ""buy_2th_pre_req"": ""172"", ""buy_2th_pre_req_pre"": ""0"", ""buy_3th_pre_bid"": ""+31150"", ""buy_3th_pre_req"": ""55"", ""buy_3th_pre_req_pre"": ""0"", ""buy_4th_pre_bid"": ""+31100"", ""buy_4th_pre_req"": ""295"", ""buy_4th_pre_req_pre"": ""0"", ""buy_5th_pre_bid"": ""+31050"", ""buy_5th_pre_req"": ""169"", ""buy_5th_pre_req_pre"": ""0"", ""buy_6th_pre_bid"": ""+31000"", ""buy_6th_pre_req"": ""880"", ""buy_6th_pre_req_pre"": ""0"", ""buy_7th_pre_bid"": ""+30950"", ""buy_7th_pre_req"": ""17"", ""buy_7th_pre_req_pre"": ""0"", ""buy_8th_pre_bid"": ""+30900"", ""buy_8th_pre_req"": ""25"", ""buy_8th_pre_req_pre"": ""0"", ""buy_9th_pre_bid"": ""+30850"", ""buy_9th_pre_req"": ""339"", ""buy_9th_pre_req_pre"": ""0"", ""buy_10th_pre_bid"": ""+30800"", ""buy_10th_pre_req"": ""60"", ""buy_10th_pre_req_pre"": ""0"", ""tot_sel_req_jub_pre"": ""0"", ""tot_sel_req"": ""3251"", ""tot_buy_req"": ""2060"", ""tot_buy_req_jub_pre"": ""0"", ""ovt_sel_req_pre"": ""0"", ""ovt_sel_req"": ""0"", ""ovt_buy_req"": ""0"", ""ovt_buy_req_pre"": ""0"", ""return_code"": 0, ""return_msg"": ""정상적으로 처리되었습니다""}"
2026-06-10,scan_candidate,192080,,0,main_scan,72000,,72000,71900,72000,72300,0.2777777777777778,0.1388888888888889,,,,,,"{""bid_req_base_tm"": ""101555"", ""sel_10th_pre_req_pre"": ""0"", ""sel_10th_pre_req"": ""23"", ""sel_10th_pre_bid"": ""+73200"", ""sel_9th_pre_req_pre"": ""0"", ""sel_9th_pre_req"": ""50"", ""sel_9th_pre_bid"": ""+73000"", ""sel_8th_pre_req_pre"": ""0"", ""sel_8th_pre_req"": ""15"", ""sel_8th_pre_bid"": ""+72900"", ""sel_7th_pre_req_pre"": ""0"", ""sel_7th_pre_req"": ""10"", ""sel_7th_pre_bid"": ""+72600"", ""sel_6th_pre_req_pre"": ""0"", ""sel_6th_pre_req"": ""29"", ""sel_6th_pre_bid"": ""+72500"", ""sel_5th_pre_req_pre"": ""0"", ""sel_5th_pre_req"": ""2"", ""sel_5th_pre_bid"": ""+72400"", ""sel_4th_pre_req_pre"": ""0"", ""sel_4th_pre_req"": ""1"", ""sel_4th_pre_bid"": ""+72300"", ""sel_3th_pre_req_pre"": ""0"", ""sel_3th_pre_req"": ""29"", ""sel_3th_pre_bid"": ""+72200"", ""sel_2th_pre_req_pre"": ""0"", ""sel_2th_pre_req"": ""7"", ""sel_2th_pre_bid"": ""+72100"", ""sel_1th_pre_req_pre"": ""+8"", ""sel_fpr_req"": ""114"", ""sel_fpr_bid"": ""72000"", ""buy_fpr_bid"": ""-71900"", ""buy_fpr_req"": ""40"", ""buy_1th_pre_req_pre"": ""0"", ""buy_2th_pre_bid"": ""-71800"", ""buy_2th_pre_req"": ""81"", ""buy_2th_pre_req_pre"": ""0"", ""buy_3th_pre_bid"": ""-71700"", ""buy_3th_pre_req"": ""51"", ""buy_3th_pre_req_pre"": ""0"", ""buy_4th_pre_bid"": ""-71600"", ""buy_4th_pre_req"": ""98"", ""buy_4th_pre_req_pre"": ""0"", ""buy_5th_pre_bid"": ""-71500"", ""buy_5th_pre_req"": ""55"", ""buy_5th_pre_req_pre"": ""0"", ""buy_6th_pre_bid"": ""-71400"", ""buy_6th_pre_req"": ""43"", ""buy_6th_pre_req_pre"": ""0"", ""buy_7th_pre_bid"": ""-71300"", ""buy_7th_pre_req"": ""21"", ""buy_7th_pre_req_pre"": ""0"", ""buy_8th_pre_bid"": ""-71200"", ""buy_8th_pre_req"": ""11"", ""buy_8th_pre_req_pre"": ""0"", ""buy_9th_pre_bid"": ""-71100"", ""buy_9th_pre_req"": ""78"", ""buy_9th_pre_req_pre"": ""0"", ""buy_10th_pre_bid"": ""-71000"", ""buy_10th_pre_req"": ""118"", ""buy_10th_pre_req_pre"": ""0"", ""tot_sel_req_jub_pre"": ""+8"", ""tot_sel_req"": ""280"", ""tot_buy_req"": ""596"", ""tot_buy_req_jub_pre"": ""0"", ""ovt_sel_req_pre"": ""0"", ""ovt_sel_req"": ""0"", ""ovt_buy_req"": ""0"", ""ovt_buy_req_pre"": ""0"", ""return_code"": 0, ""return_msg"": ""정상적으로 처리되었습니다""}"
2026-06-10,scan_candidate,093370,,0,main_scan,15960,,15960,15950,15960,15900,-0.6892230576441103,0.06265664160401002,,,,,,"{""bid_req_base_tm"": ""101558"", ""sel_10th_pre_req_pre"": ""0"", ""sel_10th_pre_req"": ""3608"", ""sel_10th_pre_bid"": ""+16050"", ""sel_9th_pre_req_pre"": ""0"", ""sel_9th_pre_req"": ""3934"", ""sel_9th_pre_bid"": ""+16040"", ""sel_8th_pre_req_pre"": ""0"", ""sel_8th_pre_req"": ""1583"", ""sel_8th_pre_bid"": ""+16030"", ""sel_7th_pre_req_pre"": ""0"", ""sel_7th_pre_req"": ""1212"", ""sel_7th_pre_bid"": ""+16020"", ""sel_6th_pre_req_pre"": ""0"", ""sel_6th_pre_req"": ""1915"", ""sel_6th_pre_bid"": ""+16010"", ""sel_5th_pre_req_pre"": ""0"", ""sel_5th_pre_req"": ""77572"", ""sel_5th_pre_bid"": ""+16000"", ""sel_4th_pre_req_pre"": ""0"", ""sel_4th_pre_req"": ""13292"", ""sel_4th_pre_bid"": ""+15990"", ""sel_3th_pre_req_pre"": ""+14"", ""sel_3th_pre_req"": ""3397"", ""sel_3th_pre_bid"": ""+15980"", ""sel_2th_pre_req_pre"": ""0"", ""sel_2th_pre_req"": ""1075"", ""sel_2th_pre_bid"": ""+15970"", ""sel_1th_pre_req_pre"": ""--13"", ""sel_fpr_req"": ""2097"", ""sel_fpr_bid"": ""+15960"", ""buy_fpr_bid"": ""+15950"", ""buy_fpr_req"": ""88"", ""buy_1th_pre_req_pre"": ""--3"", ""buy_2th_pre_bid"": ""+15940"", ""buy_2th_pre_req"": ""1928"", ""buy_2th_pre_req_pre"": ""0"", ""buy_3th_pre_bid"": ""+15930"", ""buy_3th_pre_req"": ""1353"", ""buy_3th_pre_req_pre"": ""+50"", ""buy_4th_pre_bid"": ""+15920"", ""buy_4th_pre_req"": ""3233"", ""buy_4th_pre_req_pre"": ""+3132"", ""buy_5th_pre_bid"": ""+15900"", ""buy_5th_pre_req"": ""172"", ""buy_5th_pre_req_pre"": ""0"", ""buy_6th_pre_bid"": ""+15890"", ""buy_6th_pre_req"": ""89"", ""buy_6th_pre_req_pre"": ""+20"", ""buy_7th_pre_bid"": ""+15880"", ""buy_7th_pre_req"": ""25"", ""buy_7th_pre_req_pre"": ""0"", ""buy_8th_pre_bid"": ""+15870"", ""buy_8th_pre_req"": ""1164"", ""buy_8th_pre_req_pre"": ""+500"", ""buy_9th_pre_bid"": ""+15860"", ""buy_9th_pre_req"": ""2787"", ""buy_9th_pre_req_pre"": ""0"", ""buy_10th_pre_bid"": ""+15850"", ""buy_10th_pre_req"": ""1329"", ""buy_10th_pre_req_pre"": ""--95"", ""tot_sel_req_jub_pre"": ""+1"", ""tot_sel_req"": ""109685"", ""tot_buy_req"": ""12168"", ""tot_buy_req_jub_pre"": ""+3604"", ""ovt_sel_req_pre"": ""0"", ""ovt_sel_req"": ""0"", ""ovt_buy_req"": ""0"", ""ovt_buy_req_pre"": ""0"", ""return_code"": 0, ""return_msg"": ""정상적으로 처리되었습니다""}"
2026-06-10,scan_candidate,066575,,0,main_scan,78900,,78900,78800,78900,78800,-0.25348542458808615,0.12674271229404308,,,,,,"{""bid_req_base_tm"": ""101558"", ""sel_10th_pre_req_pre"": ""0"", ""sel_10th_pre_req"": ""264"", ""sel_10th_pre_bid"": ""-79800"", ""sel_9th_pre_req_pre"": ""0"", ""sel_9th_pre_req"": ""76"", ""sel_9th_pre_bid"": ""-79700"", ""sel_8th_pre_req_pre"": ""0"", ""sel_8th_pre_req"": ""57"", ""sel_8th_pre_bid"": ""-79600"", ""sel_7th_pre_req_pre"": ""0"", ""sel_7th_pre_req"": ""587"", ""sel_7th_pre_bid"": ""-79500"", ""sel_6th_pre_req_pre"": ""0"", ""sel_6th_pre_req"": ""323"", ""sel_6th_pre_bid"": ""-79400"", ""sel_5th_pre_req_pre"": ""0"", ""sel_5th_pre_req"": ""281"", ""sel_5th_pre_bid"": ""-79300"", ""sel_4th_pre_req_pre"": ""0"", ""sel_4th_pre_req"": ""253"", ""sel_4th_pre_bid"": ""-79200"", ""sel_3th_pre_req_pre"": ""0"", ""sel_3th_pre_req"": ""334"", ""sel_3th_pre_bid"": ""-79100"", ""sel_2th_pre_req_pre"": ""0"", ""sel_2th_pre_req"": ""254"", ""sel_2th_pre_bid"": ""-79000"", ""sel_1th_pre_req_pre"": ""+18"", ""sel_fpr_req"": ""58"", ""sel_fpr_bid"": ""-78900"", ""buy_fpr_bid"": ""-78800"", ""buy_fpr_req"": ""16"", ""buy_1th_pre_req_pre"": ""0"", ""buy_2th_pre_bid"": ""-78600"", ""buy_2th_pre_req"": ""12"", ""buy_2th_pre_req_pre"": ""0"", ""buy_3th_pre_bid"": ""-78500"", ""buy_3th_pre_req"": ""137"", ""buy_3th_pre_req_pre"": ""0"", ""buy_4th_pre_bid"": ""-78400"", ""buy_4th_pre_req"": ""14"", ""buy_4th_pre_req_pre"": ""0"", ""buy_5th_pre_bid"": ""-78300"", ""buy_5th_pre_req"": ""26"", ""buy_5th_pre_req_pre"": ""0"", ""buy_6th_pre_bid"": ""-78200"", ""buy_6th_pre_req"": ""70"", ""buy_6th_pre_req_pre"": ""0"", ""buy_7th_pre_bid"": ""-78100"", ""buy_7th_pre_req"": ""235"", ""buy_7th_pre_req_pre"": ""0"", ""buy_8th_pre_bid"": ""-78000"", ""buy_8th_pre_req"": ""777"", ""buy_8th_pre_req_pre"": ""0"", ""buy_9th_pre_bid"": ""-77900"", ""buy_9th_pre_req"": ""931"", ""buy_9th_pre_req_pre"": ""0"", ""buy_10th_pre_bid"": ""-77800"", ""buy_10th_pre_req"": ""1291"", ""buy_10th_pre_req_pre"": ""0"", ""tot_sel_req_jub_pre"": ""+18"", ""tot_sel_req"": ""2487"", ""tot_buy_req"": ""3509"", ""tot_buy_req_jub_pre"": ""0"", ""ovt_sel_req_pre"": ""0"", ""ovt_sel_req"": ""0"", ""ovt_buy_req"": ""0"", ""ovt_buy_req_pre"": ""0"", ""return_code"": 0, ""return_msg"": ""정상적으로 처리되었습니다""}"
2026-06-10,scan_candidate,181710,,0,main_scan,40100,,40100,40050,40100,40250,0.24937655860349126,0.12468827930174563,,,,,,"{""bid_req_base_tm"": ""101557"", ""sel_10th_pre_req_pre"": ""0"", ""sel_10th_pre_req"": ""11"", ""sel_10th_pre_bid"": ""-40650"", ""sel_9th_pre_req_pre"": ""0"", ""sel_9th_pre_req"": ""2"", ""sel_9th_pre_bid"": ""-40550"", ""sel_8th_pre_req_pre"": ""0"", ""sel_8th_pre_req"": ""822"", ""sel_8th_pre_bid"": ""-40500"", ""sel_7th_pre_req_pre"": ""0"", ""sel_7th_pre_req"": ""199"", ""sel_7th_pre_bid"": ""-40450"", ""sel_6th_pre_req_pre"": ""0"", ""sel_6th_pre_req"": ""4"", ""sel_6th_pre_bid"": ""-40400"", ""sel_5th_pre_req_pre"": ""0"", ""sel_5th_pre_req"": ""62"", ""sel_5th_pre_bid"": ""-40350"", ""sel_4th_pre_req_pre"": ""0"", ""sel_4th_pre_req"": ""1"", ""sel_4th_pre_bid"": ""-40300"", ""sel_3th_pre_req_pre"": ""0"", ""sel_3th_pre_req"": ""32"", ""sel_3th_pre_bid"": ""-40200"", ""sel_2th_pre_req_pre"": ""0"", ""sel_2th_pre_req"": ""173"", ""sel_2th_pre_bid"": ""-40150"", ""sel_1th_pre_req_pre"": ""0"", ""sel_fpr_req"": ""767"", ""sel_fpr_bid"": ""-40100"", ""buy_fpr_bid"": ""-40050"", ""buy_fpr_req"": ""926"", ""buy_1th_pre_req_pre"": ""0"", ""buy_2th_pre_bid"": ""-40000"", ""buy_2th_pre_req"": ""931"", ""buy_2th_pre_req_pre"": ""+1"", ""buy_3th_pre_bid"": ""-39950"", ""buy_3th_pre_req"": ""176"", ""buy_3th_pre_req_pre"": ""0"", ""buy_4th_pre_bid"": ""-39900"", ""buy_4th_pre_req"": ""526"", ""buy_4th_pre_req_pre"": ""0"", ""buy_5th_pre_bid"": ""-39850"", ""buy_5th_pre_req"": ""530"", ""buy_5th_pre_req_pre"": ""0"", ""buy_6th_pre_bid"": ""-39800"", ""buy_6th_pre_req"": ""414"", ""buy_6th_pre_req_pre"": ""0"", ""buy_7th_pre_bid"": ""-39750"", ""buy_7th_pre_req"": ""123"", ""buy_7th_pre_req_pre"": ""0"", ""buy_8th_pre_bid"": ""-39700"", ""buy_8th_pre_req"": ""672"", ""buy_8th_pre_req_pre"": ""0"", ""buy_9th_pre_bid"": ""-39650"", ""buy_9th_pre_req"": ""38"", ""buy_9th_pre_req_pre"": ""0"", ""buy_10th_pre_bid"": ""-39600"", ""buy_10th_pre_req"": ""463"", ""buy_10th_pre_req_pre"": ""0"", ""tot_sel_req_jub_pre"": ""0"", ""tot_sel_req"": ""2073"", ""tot_buy_req"": ""4799"", ""tot_buy_req_jub_pre"": ""+1"", ""ovt_sel_req_pre"": ""0"", ""ovt_sel_req"": ""0"", ""ovt_buy_req"": ""0"", ""ovt_buy_req_pre"": ""0"", ""return_code"": 0, ""return_msg"": ""정상적으로 처리되었습니다""}"
2026-06-10,scan_candidate,034230,,0,main_scan,15070,,15070,15060,15070,15050,-0.46449900464499,0.06635700066357,,,,,,"{""bid_req_base_tm"": ""101558"", ""sel_10th_pre_req_pre"": ""0"", ""sel_10th_pre_req"": ""883"", ""sel_10th_pre_bid"": ""+15190"", ""sel_9th_pre_req_pre"": ""0"", ""sel_9th_pre_req"": ""58"", ""sel_9th_pre_bid"": ""+15180"", ""sel_8th_pre_req_pre"": ""0"", ""sel_8th_pre_req"": ""113"", ""sel_8th_pre_bid"": ""+15170"", ""sel_7th_pre_req_pre"": ""0"", ""sel_7th_pre_req"": ""26"", ""sel_7th_pre_bid"": ""+15160"", ""sel_6th_pre_req_pre"": ""0"", ""sel_6th_pre_req"": ""80"", ""sel_6th_pre_bid"": ""+15150"", ""sel_5th_pre_req_pre"": ""0"", ""sel_5th_pre_req"": ""89"", ""sel_5th_pre_bid"": ""+15110"", ""sel_4th_pre_req_pre"": ""0"", ""sel_4th_pre_req"": ""809"", ""sel_4th_pre_bid"": ""+15100"", ""sel_3th_pre_req_pre"": ""0"", ""sel_3th_pre_req"": ""79"", ""sel_3th_pre_bid"": ""+15090"", ""sel_2th_pre_req_pre"": ""0"", ""sel_2th_pre_req"": ""8"", ""sel_2th_pre_bid"": ""+15080"", ""sel_1th_pre_req_pre"": ""0"", ""sel_fpr_req"": ""37"", ""sel_fpr_bid"": ""+15070"", ""buy_fpr_bid"": ""+15060"", ""buy_fpr_req"": ""70"", ""buy_1th_pre_req_pre"": ""+1"", ""buy_2th_pre_bid"": ""+15050"", ""buy_2th_pre_req"": ""18"", ""buy_2th_pre_req_pre"": ""0"", ""buy_3th_pre_bid"": ""+15040"", ""buy_3th_pre_req"": ""213"", ""buy_3th_pre_req_pre"": ""0"", ""buy_4th_pre_bid"": ""+15030"", ""buy_4th_pre_req"": ""33"", ""buy_4th_pre_req_pre"": ""0"", ""buy_5th_pre_bid"": ""15020"", ""buy_5th_pre_req"": ""165"", ""buy_5th_pre_req_pre"": ""0"", ""buy_6th_pre_bid"": ""-15010"", ""buy_6th_pre_req"": ""264"", ""buy_6th_pre_req_pre"": ""0"", ""buy_7th_pre_bid"": ""-15000"", ""buy_7th_pre_req"": ""192"", ""buy_7th_pre_req_pre"": ""0"", ""buy_8th_pre_bid"": ""-14990"", ""buy_8th_pre_req"": ""363"", ""buy_8th_pre_req_pre"": ""0"", ""buy_9th_pre_bid"": ""-14980"", ""buy_9th_pre_req"": ""70"", ""buy_9th_pre_req_pre"": ""0"", ""buy_10th_pre_bid"": ""-14970"", ""buy_10th_pre_req"": ""83"", ""buy_10th_pre_req_pre"": ""0"", ""tot_sel_req_jub_pre"": ""0"", ""tot_sel_req"": ""2182"", ""tot_buy_req"": ""1471"", ""tot_buy_req_jub_pre"": ""+1"", ""ovt_sel_req_pre"": ""0"", ""ovt_sel_req"": ""0"", ""ovt_buy_req"": ""0"", ""ovt_buy_req_pre"": ""0"", ""return_code"": 0, ""return_msg"": ""정상적으로 처리되었습니다""}"
2026-06-10,scan_candidate,281820,,0,main_scan,67000,,67000,66900,67000,66900,-0.2985074626865672,0.1492537313432836,,,,,,"{""bid_req_base_tm"": ""101555"", ""sel_10th_pre_req_pre"": ""0"", ""sel_10th_pre_req"": ""21"", ""sel_10th_pre_bid"": ""+68000"", ""sel_9th_pre_req_pre"": ""+1004"", ""sel_9th_pre_req"": ""1081"", ""sel_9th_pre_bid"": ""+67900"", ""sel_8th_pre_req_pre"": ""0"", ""sel_8th_pre_req"": ""55"", ""sel_8th_pre_bid"": ""+67800"", ""sel_7th_pre_req_pre"": ""0"", ""sel_7th_pre_req"": ""1"", ""sel_7th_pre_bid"": ""+67700"", ""sel_6th_pre_req_pre"": ""0"", ""sel_6th_pre_req"": ""36"", ""sel_6th_pre_bid"": ""+67600"", ""sel_5th_pre_req_pre"": ""0"", ""sel_5th_pre_req"": ""14"", ""sel_5th_pre_bid"": ""+67500"", ""sel_4th_pre_req_pre"": ""0"", ""sel_4th_pre_req"": ""4"", ""sel_4th_pre_bid"": ""+67400"", ""sel_3th_pre_req_pre"": ""0"", ""sel_3th_pre_req"": ""90"", ""sel_3th_pre_bid"": ""+67300"", ""sel_2th_pre_req_pre"": ""0"", ""sel_2th_pre_req"": ""11"", ""sel_2th_pre_bid"": ""+67100"", ""sel_1th_pre_req_pre"": ""0"", ""sel_fpr_req"": ""23"", ""sel_fpr_bid"": ""+67000"", ""buy_fpr_bid"": ""+66900"", ""buy_fpr_req"": ""14"", ""buy_1th_pre_req_pre"": ""0"", ""buy_2th_pre_bid"": ""+66800"", ""buy_2th_pre_req"": ""51"", ""buy_2th_pre_req_pre"": ""0"", ""buy_3th_pre_bid"": ""+66700"", ""buy_3th_pre_req"": ""15"", ""buy_3th_pre_req_pre"": ""0"", ""buy_4th_pre_bid"": ""+66600"", ""buy_4th_pre_req"": ""28"", ""buy_4th_pre_req_pre"": ""0"", ""buy_5th_pre_bid"": ""+66500"", ""buy_5th_pre_req"": ""75"", ""buy_5th_pre_req_pre"": ""0"", ""buy_6th_pre_bid"": ""66400"", ""buy_6th_pre_req"": ""17"", ""buy_6th_pre_req_pre"": ""0"", ""buy_7th_pre_bid"": ""-66300"", ""buy_7th_pre_req"": ""7"", ""buy_7th_pre_req_pre"": ""0"", ""buy_8th_pre_bid"": ""-66200"", ""buy_8th_pre_req"": ""135"", ""buy_8th_pre_req_pre"": ""0"", ""buy_9th_pre_bid"": ""-66100"", ""buy_9th_pre_req"": ""20"", ""buy_9th_pre_req_pre"": ""0"", ""buy_10th_pre_bid"": ""-66000"", ""buy_10th_pre_req"": ""178"", ""buy_10th_pre_req_pre"": ""0"", ""tot_sel_req_jub_pre"": ""+1004"", ""tot_sel_req"": ""1336"", ""tot_buy_req"": ""540"", ""tot_buy_req_jub_pre"": ""0"", ""ovt_sel_req_pre"": ""0"", ""ovt_sel_req"": ""0"", ""ovt_buy_req"": ""0"", ""ovt_buy_req_pre"": ""0"", ""return_code"": 0, ""return_msg"": ""정상적으로 처리되었습니다""}"
2026-06-10,scan_candidate,195870,,0,main_scan,77600,,77600,77100,77600,76900,-1.0309278350515463,0.6443298969072164,,,,,,"{""bid_req_base_tm"": ""101559"", ""sel_10th_pre_req_pre"": ""0"", ""sel_10th_pre_req"": ""28"", ""sel_10th_pre_bid"": ""+78500"", ""sel_9th_pre_req_pre"": ""0"", ""sel_9th_pre_req"": ""8"", ""sel_9th_pre_bid"": ""+78400"", ""sel_8th_pre_req_pre"": ""0"", ""sel_8th_pre_req"": ""127"", ""sel_8th_pre_bid"": ""+78300"", ""sel_7th_pre_req_pre"": ""0"", ""sel_7th_pre_req"": ""12"", ""sel_7th_pre_bid"": ""+78200"", ""sel_6th_pre_req_pre"": ""0"", ""sel_6th_pre_req"": ""4"", ""sel_6th_pre_bid"": ""+78100"", ""sel_5th_pre_req_pre"": ""0"", ""sel_5th_pre_req"": ""33"", ""sel_5th_pre_bid"": ""+78000"", ""sel_4th_pre_req_pre"": ""0"", ""sel_4th_pre_req"": ""1"", ""sel_4th_pre_bid"": ""+77900"", ""sel_3th_pre_req_pre"": ""0"", ""sel_3th_pre_req"": ""702"", ""sel_3th_pre_bid"": ""+77800"", ""sel_2th_pre_req_pre"": ""0"", ""sel_2th_pre_req"": ""105"", ""sel_2th_pre_bid"": ""+77700"", ""sel_1th_pre_req_pre"": ""0"", ""sel_fpr_req"": ""16"", ""sel_fpr_bid"": ""+77600"", ""buy_fpr_bid"": ""+77100"", ""buy_fpr_req"": ""31"", ""buy_1th_pre_req_pre"": ""--1"", ""buy_2th_pre_bid"": ""+77000"", ""buy_2th_pre_req"": ""30"", ""buy_2th_pre_req_pre"": ""0"", ""buy_3th_pre_bid"": ""+76900"", ""buy_3th_pre_req"": ""9"", ""buy_3th_pre_req_pre"": ""0"", ""buy_4th_pre_bid"": ""+76700"", ""buy_4th_pre_req"": ""22"", ""buy_4th_pre_req_pre"": ""0"", ""buy_5th_pre_bid"": ""+76600"", ""buy_5th_pre_req"": ""116"", ""buy_5th_pre_req_pre"": ""0"", ""buy_6th_pre_bid"": ""+76500"", ""buy_6th_pre_req"": ""2"", ""buy_6th_pre_req_pre"": ""0"", ""buy_7th_pre_bid"": ""+76400"", ""buy_7th_pre_req"": ""31"", ""buy_7th_pre_req_pre"": ""0"", ""buy_8th_pre_bid"": ""+76300"", ""buy_8th_pre_req"": ""2"", ""buy_8th_pre_req_pre"": ""0"", ""buy_9th_pre_bid"": ""+76200"", ""buy_9th_pre_req"": ""41"", ""buy_9th_pre_req_pre"": ""0"", ""buy_10th_pre_bid"": ""+76100"", ""buy_10th_pre_req"": ""38"", ""buy_10th_pre_req_pre"": ""0"", ""tot_sel_req_jub_pre"": ""0"", ""tot_sel_req"": ""1036"", ""tot_buy_req"": ""322"", ""tot_buy_req_jub_pre"": ""--1"", ""ovt_sel_req_pre"": ""0"", ""ovt_sel_req"": ""0"", ""ovt_buy_req"": ""0"", ""ovt_buy_req_pre"": ""0"", ""return_code"": 0, ""return_msg"": ""정상적으로 처리되었습니다""}"
2026-06-10,scan_candidate,001820,,0,main_scan,114100,,114100,114000,114100,114000,-0.5258545135845749,0.0876424189307625,,,,,,"{""bid_req_base_tm"": ""101559"", ""sel_10th_pre_req_pre"": ""0"", ""sel_10th_pre_req"": ""222"", ""sel_10th_pre_bid"": ""-115000"", ""sel_9th_pre_req_pre"": ""0"", ""sel_9th_pre_req"": ""30"", ""sel_9th_pre_bid"": ""-114900"", ""sel_8th_pre_req_pre"": ""0"", ""sel_8th_pre_req"": ""20"", ""sel_8th_pre_bid"": ""-114800"", ""sel_7th_pre_req_pre"": ""0"", ""sel_7th_pre_req"": ""111"", ""sel_7th_pre_bid"": ""-114700"", ""sel_6th_pre_req_pre"": ""0"", ""sel_6th_pre_req"": ""67"", ""sel_6th_pre_bid"": ""-114600"", ""sel_5th_pre_req_pre"": ""0"", ""sel_5th_pre_req"": ""25"", ""sel_5th_pre_bid"": ""-114500"", ""sel_4th_pre_req_pre"": ""0"", ""sel_4th_pre_req"": ""40"", ""sel_4th_pre_bid"": ""-114400"", ""sel_3th_pre_req_pre"": ""0"", ""sel_3th_pre_req"": ""21"", ""sel_3th_pre_bid"": ""-114300"", ""sel_2th_pre_req_pre"": ""0"", ""sel_2th_pre_req"": ""38"", ""sel_2th_pre_bid"": ""-114200"", ""sel_1th_pre_req_pre"": ""0"", ""sel_fpr_req"": ""5"", ""sel_fpr_bid"": ""-114100"", ""buy_fpr_bid"": ""-114000"", ""buy_fpr_req"": ""3"", ""buy_1th_pre_req_pre"": ""0"", ""buy_2th_pre_bid"": ""-113900"", ""buy_2th_pre_req"": ""56"", ""buy_2th_pre_req_pre"": ""0"", ""buy_3th_pre_bid"": ""-113800"", ""buy_3th_pre_req"": ""64"", ""buy_3th_pre_req_pre"": ""0"", ""buy_4th_pre_bid"": ""-113700"", ""buy_4th_pre_req"": ""2"", ""buy_4th_pre_req_pre"": ""0"", ""buy_5th_pre_bid"": ""-113600"", ""buy_5th_pre_req"": ""127"", ""buy_5th_pre_req_pre"": ""0"", ""buy_6th_pre_bid"": ""-113500"", ""buy_6th_pre_req"": ""883"", ""buy_6th_pre_req_pre"": ""0"", ""buy_7th_pre_bid"": ""-113400"", ""buy_7th_pre_req"": ""191"", ""buy_7th_pre_req_pre"": ""0"", ""buy_8th_pre_bid"": ""-113300"", ""buy_8th_pre_req"": ""201"", ""buy_8th_pre_req_pre"": ""0"", ""buy_9th_pre_bid"": ""-113200"", ""buy_9th_pre_req"": ""414"", ""buy_9th_pre_req_pre"": ""0"", ""buy_10th_pre_bid"": ""-113100"", ""buy_10th_pre_req"": ""875"", ""buy_10th_pre_req_pre"": ""+10"", ""tot_sel_req_jub_pre"": ""0"", ""tot_sel_req"": ""579"", ""tot_buy_req"": ""2816"", ""tot_buy_req_jub_pre"": ""+10"", ""ovt_sel_req_pre"": ""0"", ""ovt_sel_req"": ""0"", ""ovt_buy_req"": ""0"", ""ovt_buy_req_pre"": ""0"", ""return_code"": 0, ""return_msg"": ""정상적으로 처리되었습니다""}"
2026-06-10,scan_candidate,000815,,0,main_scan,400500,,400500,400000,400500,401500,0.12484394506866417,0.12484394506866417,,,,,,"{""bid_req_base_tm"": ""101559"", ""sel_10th_pre_req_pre"": ""0"", ""sel_10th_pre_req"": ""122"", ""sel_10th_pre_bid"": ""-406000"", ""sel_9th_pre_req_pre"": ""0"", ""sel_9th_pre_req"": ""65"", ""sel_9th_pre_bid"": ""-405500"", ""sel_8th_pre_req_pre"": ""0"", ""sel_8th_pre_req"": ""122"", ""sel_8th_pre_bid"": ""-405000"", ""sel_7th_pre_req_pre"": ""0"", ""sel_7th_pre_req"": ""120"", ""sel_7th_pre_bid"": ""-404500"", ""sel_6th_pre_req_pre"": ""0"", ""sel_6th_pre_req"": ""50"", ""sel_6th_pre_bid"": ""-404000"", ""sel_5th_pre_req_pre"": ""0"", ""sel_5th_pre_req"": ""15"", ""sel_5th_pre_bid"": ""-403500"", ""sel_4th_pre_req_pre"": ""0"", ""sel_4th_pre_req"": ""42"", ""sel_4th_pre_bid"": ""-403000"", ""sel_3th_pre_req_pre"": ""0"", ""sel_3th_pre_req"": ""6"", ""sel_3th_pre_bid"": ""-402000"", ""sel_2th_pre_req_pre"": ""0"", ""sel_2th_pre_req"": ""41"", ""sel_2th_pre_bid"": ""-401500"", ""sel_1th_pre_req_pre"": ""0"", ""sel_fpr_req"": ""1"", ""sel_fpr_bid"": ""-400500"", ""buy_fpr_bid"": ""-400000"", ""buy_fpr_req"": ""167"", ""buy_1th_pre_req_pre"": ""+1"", ""buy_2th_pre_bid"": ""-399500"", ""buy_2th_pre_req"": ""8"", ""buy_2th_pre_req_pre"": ""0"", ""buy_3th_pre_bid"": ""-399000"", ""buy_3th_pre_req"": ""13"", ""buy_3th_pre_req_pre"": ""0"", ""buy_4th_pre_bid"": ""-398500"", ""buy_4th_pre_req"": ""77"", ""buy_4th_pre_req_pre"": ""0"", ""buy_5th_pre_bid"": ""-398000"", ""buy_5th_pre_req"": ""201"", ""buy_5th_pre_req_pre"": ""0"", ""buy_6th_pre_bid"": ""-397500"", ""buy_6th_pre_req"": ""137"", ""buy_6th_pre_req_pre"": ""0"", ""buy_7th_pre_bid"": ""-397000"", ""buy_7th_pre_req"": ""56"", ""buy_7th_pre_req_pre"": ""0"", ""buy_8th_pre_bid"": ""-396500"", ""buy_8th_pre_req"": ""11"", ""buy_8th_pre_req_pre"": ""0"", ""buy_9th_pre_bid"": ""-396000"", ""buy_9th_pre_req"": ""23"", ""buy_9th_pre_req_pre"": ""0"", ""buy_10th_pre_bid"": ""-395500"", ""buy_10th_pre_req"": ""8"", ""buy_10th_pre_req_pre"": ""0"", ""tot_sel_req_jub_pre"": ""0"", ""tot_sel_req"": ""584"", ""tot_buy_req"": ""701"", ""tot_buy_req_jub_pre"": ""+1"", ""ovt_sel_req_pre"": ""0"", ""ovt_sel_req"": ""0"", ""ovt_buy_req"": ""0"", ""ovt_buy_req_pre"": ""0"", ""return_code"": 0, ""return_msg"": ""정상적으로 처리되었습니다""}"
2026-06-10,scan_candidate,499790,,0,main_scan,48950,,48950,48750,48950,48800,-0.40858018386108275,0.40858018386108275,,,,,,"{""bid_req_base_tm"": ""101600"", ""sel_10th_pre_req_pre"": ""+1"", ""sel_10th_pre_req"": ""585"", ""sel_10th_pre_bid"": ""+49600"", ""sel_9th_pre_req_pre"": ""0"", ""sel_9th_pre_req"": ""5"", ""sel_9th_pre_bid"": ""+49550"", ""sel_8th_pre_req_pre"": ""0"", ""sel_8th_pre_req"": ""100"", ""sel_8th_pre_bid"": ""+49500"", ""sel_7th_pre_req_pre"": ""0"", ""sel_7th_pre_req"": ""5"", ""sel_7th_pre_bid"": ""+49450"", ""sel_6th_pre_req_pre"": ""0"", ""sel_6th_pre_req"": ""200"", ""sel_6th_pre_bid"": ""+49350"", ""sel_5th_pre_req_pre"": ""0"", ""sel_5th_pre_req"": ""83"", ""sel_5th_pre_bid"": ""+49300"", ""sel_4th_pre_req_pre"": ""0"", ""sel_4th_pre_req"": ""3"", ""sel_4th_pre_bid"": ""+49200"", ""sel_3th_pre_req_pre"": ""0"", ""sel_3th_pre_req"": ""7"", ""sel_3th_pre_bid"": ""+49100"", ""sel_2th_pre_req_pre"": ""0"", ""sel_2th_pre_req"": ""103"", ""sel_2th_pre_bid"": ""+49000"", ""sel_1th_pre_req_pre"": ""0"", ""sel_fpr_req"": ""76"", ""sel_fpr_bid"": ""+48950"", ""buy_fpr_bid"": ""+48750"", ""buy_fpr_req"": ""8"", ""buy_1th_pre_req_pre"": ""0"", ""buy_2th_pre_bid"": ""+48700"", ""buy_2th_pre_req"": ""18"", ""buy_2th_pre_req_pre"": ""0"", ""buy_3th_pre_bid"": ""+48650"", ""buy_3th_pre_req"": ""103"", ""buy_3th_pre_req_pre"": ""0"", ""buy_4th_pre_bid"": ""+48600"", ""buy_4th_pre_req"": ""111"", ""buy_4th_pre_req_pre"": ""0"", ""buy_5th_pre_bid"": ""+48550"", ""buy_5th_pre_req"": ""1"", ""buy_5th_pre_req_pre"": ""0"", ""buy_6th_pre_bid"": ""+48500"", ""buy_6th_pre_req"": ""1"", ""buy_6th_pre_req_pre"": ""0"", ""buy_7th_pre_bid"": ""+48450"", ""buy_7th_pre_req"": ""8"", ""buy_7th_pre_req_pre"": ""0"", ""buy_8th_pre_bid"": ""+48400"", ""buy_8th_pre_req"": ""1"", ""buy_8th_pre_req_pre"": ""0"", ""buy_9th_pre_bid"": ""+48350"", ""buy_9th_pre_req"": ""7"", ""buy_9th_pre_req_pre"": ""0"", ""buy_10th_pre_bid"": ""+48300"", ""buy_10th_pre_req"": ""6"", ""buy_10th_pre_req_pre"": ""0"", ""tot_sel_req_jub_pre"": ""+1"", ""tot_sel_req"": ""1167"", ""tot_buy_req"": ""264"", ""tot_buy_req_jub_pre"": ""0"", ""ovt_sel_req_pre"": ""0"", ""ovt_sel_req"": ""0"", ""ovt_buy_req"": ""0"", ""ovt_buy_req_pre"": ""0"", ""return_code"": 0, ""return_msg"": ""정상적으로 처리되었습니다""}"
2026-06-10,scan_candidate,100090,,0,main_scan,16670,,16670,16660,16670,16600,-0.7198560287942412,0.05998800239952009,,,,,,"{""bid_req_base_tm"": ""101600"", ""sel_10th_pre_req_pre"": ""0"", ""sel_10th_pre_req"": ""258"", ""sel_10th_pre_bid"": ""+16760"", ""sel_9th_pre_req_pre"": ""0"", ""sel_9th_pre_req"": ""327"", ""sel_9th_pre_bid"": ""+16750"", ""sel_8th_pre_req_pre"": ""0"", ""sel_8th_pre_req"": ""692"", ""sel_8th_pre_bid"": ""+16740"", ""sel_7th_pre_req_pre"": ""0"", ""sel_7th_pre_req"": ""398"", ""sel_7th_pre_bid"": ""+16730"", ""sel_6th_pre_req_pre"": ""0"", ""sel_6th_pre_req"": ""43"", ""sel_6th_pre_bid"": ""+16720"", ""sel_5th_pre_req_pre"": ""0"", ""sel_5th_pre_req"": ""224"", ""sel_5th_pre_bid"": ""+16710"", ""sel_4th_pre_req_pre"": ""0"", ""sel_4th_pre_req"": ""110"", ""sel_4th_pre_bid"": ""+16700"", ""sel_3th_pre_req_pre"": ""0"", ""sel_3th_pre_req"": ""72"", ""sel_3th_pre_bid"": ""+16690"", ""sel_2th_pre_req_pre"": ""0"", ""sel_2th_pre_req"": ""323"", ""sel_2th_pre_bid"": ""+16680"", ""sel_1th_pre_req_pre"": ""+8"", ""sel_fpr_req"": ""1006"", ""sel_fpr_bid"": ""+16670"", ""buy_fpr_bid"": ""+16660"", ""buy_fpr_req"": ""14"", ""buy_1th_pre_req_pre"": ""0"", ""buy_2th_pre_bid"": ""+16650"", ""buy_2th_pre_req"": ""171"", ""buy_2th_pre_req_pre"": ""0"", ""buy_3th_pre_bid"": ""+16640"", ""buy_3th_pre_req"": ""42"", ""buy_3th_pre_req_pre"": ""0"", ""buy_4th_pre_bid"": ""+16630"", ""buy_4th_pre_req"": ""51"", ""buy_4th_pre_req_pre"": ""0"", ""buy_5th_pre_bid"": ""+16620"", ""buy_5th_pre_req"": ""51"", ""buy_5th_pre_req_pre"": ""0"", ""buy_6th_pre_bid"": ""+16610"", ""buy_6th_pre_req"": ""102"", ""buy_6th_pre_req_pre"": ""0"", ""buy_7th_pre_bid"": ""+16600"", ""buy_7th_pre_req"": ""12"", ""buy_7th_pre_req_pre"": ""0"", ""buy_8th_pre_bid"": ""+16590"", ""buy_8th_pre_req"": ""202"", ""buy_8th_pre_req_pre"": ""0"", ""buy_9th_pre_bid"": ""+16580"", ""buy_9th_pre_req"": ""472"", ""buy_9th_pre_req_pre"": ""0"", ""buy_10th_pre_bid"": ""+16570"", ""buy_10th_pre_req"": ""66"", ""buy_10th_pre_req_pre"": ""0"", ""tot_sel_req_jub_pre"": ""+8"", ""tot_sel_req"": ""3453"", ""tot_buy_req"": ""1183"", ""tot_buy_req_jub_pre"": ""0"", ""ovt_sel_req_pre"": ""0"", ""ovt_sel_req"": ""0"", ""ovt_buy_req"": ""0"", ""ovt_buy_req_pre"": ""0"", ""return_code"": 0, ""return_msg"": ""정상적으로 처리되었습니다""}"
2026-06-10,scan_candidate,003160,,0,main_scan,28700,,28700,28550,28700,28750,0.0,0.5226480836236934,,,,,,"{""bid_req_base_tm"": ""101600"", ""sel_10th_pre_req_pre"": ""0"", ""sel_10th_pre_req"": ""1"", ""sel_10th_pre_bid"": ""+29150"", ""sel_9th_pre_req_pre"": ""0"", ""sel_9th_pre_req"": ""301"", ""sel_9th_pre_bid"": ""+29100"", ""sel_8th_pre_req_pre"": ""0"", ""sel_8th_pre_req"": ""34"", ""sel_8th_pre_bid"": ""+29050"", ""sel_7th_pre_req_pre"": ""0"", ""sel_7th_pre_req"": ""1117"", ""sel_7th_pre_bid"": ""+29000"", ""sel_6th_pre_req_pre"": ""0"", ""sel_6th_pre_req"": ""110"", ""sel_6th_pre_bid"": ""+28950"", ""sel_5th_pre_req_pre"": ""0"", ""sel_5th_pre_req"": ""32"", ""sel_5th_pre_bid"": ""+28900"", ""sel_4th_pre_req_pre"": ""0"", ""sel_4th_pre_req"": ""79"", ""sel_4th_pre_bid"": ""+28850"", ""sel_3th_pre_req_pre"": ""0"", ""sel_3th_pre_req"": ""86"", ""sel_3th_pre_bid"": ""+28800"", ""sel_2th_pre_req_pre"": ""0"", ""sel_2th_pre_req"": ""75"", ""sel_2th_pre_bid"": ""+28750"", ""sel_1th_pre_req_pre"": ""--41"", ""sel_fpr_req"": ""18"", ""sel_fpr_bid"": ""+28700"", ""buy_fpr_bid"": ""+28550"", ""buy_fpr_req"": ""934"", ""buy_1th_pre_req_pre"": ""0"", ""buy_2th_pre_bid"": ""+28500"", ""buy_2th_pre_req"": ""200"", ""buy_2th_pre_req_pre"": ""0"", ""buy_3th_pre_bid"": ""+28450"", ""buy_3th_pre_req"": ""123"", ""buy_3th_pre_req_pre"": ""0"", ""buy_4th_pre_bid"": ""+28400"", ""buy_4th_pre_req"": ""371"", ""buy_4th_pre_req_pre"": ""0"", ""buy_5th_pre_bid"": ""+28350"", ""buy_5th_pre_req"": ""309"", ""buy_5th_pre_req_pre"": ""0"", ""buy_6th_pre_bid"": ""+28300"", ""buy_6th_pre_req"": ""1813"", ""buy_6th_pre_req_pre"": ""0"", ""buy_7th_pre_bid"": ""+28250"", ""buy_7th_pre_req"": ""230"", ""buy_7th_pre_req_pre"": ""0"", ""buy_8th_pre_bid"": ""+28200"", ""buy_8th_pre_req"": ""121"", ""buy_8th_pre_req_pre"": ""0"", ""buy_9th_pre_bid"": ""+28150"", ""buy_9th_pre_req"": ""497"", ""buy_9th_pre_req_pre"": ""0"", ""buy_10th_pre_bid"": ""+28100"", ""buy_10th_pre_req"": ""2063"", ""buy_10th_pre_req_pre"": ""0"", ""tot_sel_req_jub_pre"": ""--41"", ""tot_sel_req"": ""1853"", ""tot_buy_req"": ""6661"", ""tot_buy_req_jub_pre"": ""0"", ""ovt_sel_req_pre"": ""0"", ""ovt_sel_req"": ""0"", ""ovt_buy_req"": ""0"", ""ovt_buy_req_pre"": ""0"", ""return_code"": 0, ""return_msg"": ""정상적으로 처리되었습니다""}"
2026-06-10,scan_candidate,000370,,0,main_scan,6710,,6710,6700,6710,6700,-0.29806259314456035,0.14903129657228018,,,,,,"{""bid_req_base_tm"": ""101558"", ""sel_10th_pre_req_pre"": ""+1"", ""sel_10th_pre_req"": ""10518"", ""sel_10th_pre_bid"": ""+6800"", ""sel_9th_pre_req_pre"": ""0"", ""sel_9th_pre_req"": ""9058"", ""sel_9th_pre_bid"": ""+6790"", ""sel_8th_pre_req_pre"": ""0"", ""sel_8th_pre_req"": ""3566"", ""sel_8th_pre_bid"": ""+6780"", ""sel_7th_pre_req_pre"": ""0"", ""sel_7th_pre_req"": ""1545"", ""sel_7th_pre_bid"": ""+6770"", ""sel_6th_pre_req_pre"": ""0"", ""sel_6th_pre_req"": ""657"", ""sel_6th_pre_bid"": ""+6760"", ""sel_5th_pre_req_pre"": ""0"", ""sel_5th_pre_req"": ""1001"", ""sel_5th_pre_bid"": ""+6750"", ""sel_4th_pre_req_pre"": ""0"", ""sel_4th_pre_req"": ""479"", ""sel_4th_pre_bid"": ""+6740"", ""sel_3th_pre_req_pre"": ""0"", ""sel_3th_pre_req"": ""50"", ""sel_3th_pre_bid"": ""+6730"", ""sel_2th_pre_req_pre"": ""0"", ""sel_2th_pre_req"": ""459"", ""sel_2th_pre_bid"": ""+6720"", ""sel_1th_pre_req_pre"": ""0"", ""sel_fpr_req"": ""285"", ""sel_fpr_bid"": ""+6710"", ""buy_fpr_bid"": ""+6700"", ""buy_fpr_req"": ""114"", ""buy_1th_pre_req_pre"": ""0"", ""buy_2th_pre_bid"": ""+6690"", ""buy_2th_pre_req"": ""600"", ""buy_2th_pre_req_pre"": ""0"", ""buy_3th_pre_bid"": ""+6680"", ""buy_3th_pre_req"": ""1004"", ""buy_3th_pre_req_pre"": ""0"", ""buy_4th_pre_bid"": ""+6670"", ""buy_4th_pre_req"": ""1011"", ""buy_4th_pre_req_pre"": ""0"", ""buy_5th_pre_bid"": ""+6660"", ""buy_5th_pre_req"": ""1014"", ""buy_5th_pre_req_pre"": ""0"", ""buy_6th_pre_bid"": ""+6650"", ""buy_6th_pre_req"": ""1050"", ""buy_6th_pre_req_pre"": ""0"", ""buy_7th_pre_bid"": ""+6640"", ""buy_7th_pre_req"": ""1051"", ""buy_7th_pre_req_pre"": ""0"", ""buy_8th_pre_bid"": ""+6630"", ""buy_8th_pre_req"": ""1400"", ""buy_8th_pre_req_pre"": ""0"", ""buy_9th_pre_bid"": ""+6620"", ""buy_9th_pre_req"": ""1114"", ""buy_9th_pre_req_pre"": ""0"", ""buy_10th_pre_bid"": ""+6610"", ""buy_10th_pre_req"": ""3116"", ""buy_10th_pre_req_pre"": ""0"", ""tot_sel_req_jub_pre"": ""+1"", ""tot_sel_req"": ""27618"", ""tot_buy_req"": ""11474"", ""tot_buy_req_jub_pre"": ""0"", ""ovt_sel_req_pre"": ""0"", ""ovt_sel_req"": ""0"", ""ovt_buy_req"": ""0"", ""ovt_buy_req_pre"": ""0"", ""return_code"": 0, ""return_msg"": ""정상적으로 처리되었습니다""}"
2026-06-10,scan_candidate,114090,,0,main_scan,12010,,12010,12000,12010,12050,-0.08326394671107411,0.08326394671107411,,,,,,"{""bid_req_base_tm"": ""101600"", ""sel_10th_pre_req_pre"": ""0"", ""sel_10th_pre_req"": ""5"", ""sel_10th_pre_bid"": ""+12120"", ""sel_9th_pre_req_pre"": ""0"", ""sel_9th_pre_req"": ""5"", ""sel_9th_pre_bid"": ""+12110"", ""sel_8th_pre_req_pre"": ""0"", ""sel_8th_pre_req"": ""5"", ""sel_8th_pre_bid"": ""+12100"", ""sel_7th_pre_req_pre"": ""0"", ""sel_7th_pre_req"": ""5"", ""sel_7th_pre_bid"": ""+12090"", ""sel_6th_pre_req_pre"": ""0"", ""sel_6th_pre_req"": ""6"", ""sel_6th_pre_bid"": ""+12080"", ""sel_5th_pre_req_pre"": ""0"", ""sel_5th_pre_req"": ""10"", ""sel_5th_pre_bid"": ""+12070"", ""sel_4th_pre_req_pre"": ""0"", ""sel_4th_pre_req"": ""65"", ""sel_4th_pre_bid"": ""+12060"", ""sel_3th_pre_req_pre"": ""0"", ""sel_3th_pre_req"": ""59"", ""sel_3th_pre_bid"": ""+12030"", ""sel_2th_pre_req_pre"": ""0"", ""sel_2th_pre_req"": ""167"", ""sel_2th_pre_bid"": ""+12020"", ""sel_1th_pre_req_pre"": ""0"", ""sel_fpr_req"": ""658"", ""sel_fpr_bid"": ""+12010"", ""buy_fpr_bid"": ""+12000"", ""buy_fpr_req"": ""541"", ""buy_1th_pre_req_pre"": ""0"", ""buy_2th_pre_bid"": ""+11990"", ""buy_2th_pre_req"": ""178"", ""buy_2th_pre_req_pre"": ""0"", ""buy_3th_pre_bid"": ""+11980"", ""buy_3th_pre_req"": ""681"", ""buy_3th_pre_req_pre"": ""0"", ""buy_4th_pre_bid"": ""+11970"", ""buy_4th_pre_req"": ""399"", ""buy_4th_pre_req_pre"": ""0"", ""buy_5th_pre_bid"": ""11950"", ""buy_5th_pre_req"": ""350"", ""buy_5th_pre_req_pre"": ""0"", ""buy_6th_pre_bid"": ""-11900"", ""buy_6th_pre_req"": ""147"", ""buy_6th_pre_req_pre"": ""0"", ""buy_7th_pre_bid"": ""-11850"", ""buy_7th_pre_req"": ""30"", ""buy_7th_pre_req_pre"": ""0"", ""buy_8th_pre_bid"": ""-11840"", ""buy_8th_pre_req"": ""25"", ""buy_8th_pre_req_pre"": ""0"", ""buy_9th_pre_bid"": ""-11820"", ""buy_9th_pre_req"": ""24"", ""buy_9th_pre_req_pre"": ""0"", ""buy_10th_pre_bid"": ""-11800"", ""buy_10th_pre_req"": ""487"", ""buy_10th_pre_req_pre"": ""0"", ""tot_sel_req_jub_pre"": ""0"", ""tot_sel_req"": ""985"", ""tot_buy_req"": ""2862"", ""tot_buy_req_jub_pre"": ""0"", ""ovt_sel_req_pre"": ""0"", ""ovt_sel_req"": ""0"", ""ovt_buy_req"": ""0"", ""ovt_buy_req_pre"": ""0"", ""return_code"": 0, ""return_msg"": ""정상적으로 처리되었습니다""}"
2026-06-10,scan_candidate,005090,,0,main_scan,52100,,52100,51800,52100,52400,0.3838771593090211,0.5758157389635317,,,,,,"{""bid_req_base_tm"": ""101600"", ""sel_10th_pre_req_pre"": ""0"", ""sel_10th_pre_req"": ""71"", ""sel_10th_pre_bid"": ""+53600"", ""sel_9th_pre_req_pre"": ""0"", ""sel_9th_pre_req"": ""12"", ""sel_9th_pre_bid"": ""+53500"", ""sel_8th_pre_req_pre"": ""0"", ""sel_8th_pre_req"": ""610"", ""sel_8th_pre_bid"": ""+53400"", ""sel_7th_pre_req_pre"": ""0"", ""sel_7th_pre_req"": ""67"", ""sel_7th_pre_bid"": ""+53100"", ""sel_6th_pre_req_pre"": ""0"", ""sel_6th_pre_req"": ""33"", ""sel_6th_pre_bid"": ""+53000"", ""sel_5th_pre_req_pre"": ""0"", ""sel_5th_pre_req"": ""52"", ""sel_5th_pre_bid"": ""+52900"", ""sel_4th_pre_req_pre"": ""0"", ""sel_4th_pre_req"": ""50"", ""sel_4th_pre_bid"": ""+52400"", ""sel_3th_pre_req_pre"": ""0"", ""sel_3th_pre_req"": ""3"", ""sel_3th_pre_bid"": ""+52300"", ""sel_2th_pre_req_pre"": ""0"", ""sel_2th_pre_req"": ""513"", ""sel_2th_pre_bid"": ""+52200"", ""sel_1th_pre_req_pre"": ""+17"", ""sel_fpr_req"": ""27"", ""sel_fpr_bid"": ""+52100"", ""buy_fpr_bid"": ""+51800"", ""buy_fpr_req"": ""1217"", ""buy_1th_pre_req_pre"": ""0"", ""buy_2th_pre_bid"": ""+51700"", ""buy_2th_pre_req"": ""121"", ""buy_2th_pre_req_pre"": ""0"", ""buy_3th_pre_bid"": ""+51600"", ""buy_3th_pre_req"": ""10"", ""buy_3th_pre_req_pre"": ""0"", ""buy_4th_pre_bid"": ""+51500"", ""buy_4th_pre_req"": ""1"", ""buy_4th_pre_req_pre"": ""0"", ""buy_5th_pre_bid"": ""+51400"", ""buy_5th_pre_req"": ""2"", ""buy_5th_pre_req_pre"": ""0"", ""buy_6th_pre_bid"": ""+51300"", ""buy_6th_pre_req"": ""103"", ""buy_6th_pre_req_pre"": ""0"", ""buy_7th_pre_bid"": ""+51100"", ""buy_7th_pre_req"": ""300"", ""buy_7th_pre_req_pre"": ""0"", ""buy_8th_pre_bid"": ""+51000"", ""buy_8th_pre_req"": ""198"", ""buy_8th_pre_req_pre"": ""0"", ""buy_9th_pre_bid"": ""+50900"", ""buy_9th_pre_req"": ""160"", ""buy_9th_pre_req_pre"": ""0"", ""buy_10th_pre_bid"": ""+50800"", ""buy_10th_pre_req"": ""535"", ""buy_10th_pre_req_pre"": ""0"", ""tot_sel_req_jub_pre"": ""+17"", ""tot_sel_req"": ""1438"", ""tot_buy_req"": ""2647"", ""tot_buy_req_jub_pre"": ""0"", ""ovt_sel_req_pre"": ""0"", ""ovt_sel_req"": ""0"", ""ovt_buy_req"": ""0"", ""ovt_buy_req_pre"": ""0"", ""return_code"": 0, ""return_msg"": ""정상적으로 처리되었습니다""}"
2026-06-10,scan_candidate,017900,,0,main_scan,9970,,9970,9930,9970,9930,-0.5015045135406219,0.4012036108324975,,,,,,"{""bid_req_base_tm"": ""101601"", ""sel_10th_pre_req_pre"": ""0"", ""sel_10th_pre_req"": ""261"", ""sel_10th_pre_bid"": ""+10060"", ""sel_9th_pre_req_pre"": ""0"", ""sel_9th_pre_req"": ""2933"", ""sel_9th_pre_bid"": ""+10050"", ""sel_8th_pre_req_pre"": ""0"", ""sel_8th_pre_req"": ""264"", ""sel_8th_pre_bid"": ""+10040"", ""sel_7th_pre_req_pre"": ""0"", ""sel_7th_pre_req"": ""334"", ""sel_7th_pre_bid"": ""+10030"", ""sel_6th_pre_req_pre"": ""0"", ""sel_6th_pre_req"": ""3613"", ""sel_6th_pre_bid"": ""+10020"", ""sel_5th_pre_req_pre"": ""0"", ""sel_5th_pre_req"": ""817"", ""sel_5th_pre_bid"": ""+10010"", ""sel_4th_pre_req_pre"": ""0"", ""sel_4th_pre_req"": ""3932"", ""sel_4th_pre_bid"": ""+10000"", ""sel_3th_pre_req_pre"": ""+5"", ""sel_3th_pre_req"": ""15"", ""sel_3th_pre_bid"": ""+9990"", ""sel_2th_pre_req_pre"": ""0"", ""sel_2th_pre_req"": ""14"", ""sel_2th_pre_bid"": ""+9980"", ""sel_1th_pre_req_pre"": ""--1"", ""sel_fpr_req"": ""33"", ""sel_fpr_bid"": ""+9970"", ""buy_fpr_bid"": ""+9930"", ""buy_fpr_req"": ""143"", ""buy_1th_pre_req_pre"": ""0"", ""buy_2th_pre_bid"": ""+9920"", ""buy_2th_pre_req"": ""3"", ""buy_2th_pre_req_pre"": ""0"", ""buy_3th_pre_bid"": ""+9910"", ""buy_3th_pre_req"": ""463"", ""buy_3th_pre_req_pre"": ""0"", ""buy_4th_pre_bid"": ""+9900"", ""buy_4th_pre_req"": ""1226"", ""buy_4th_pre_req_pre"": ""0"", ""buy_5th_pre_bid"": ""+9890"", ""buy_5th_pre_req"": ""1706"", ""buy_5th_pre_req_pre"": ""0"", ""buy_6th_pre_bid"": ""+9880"", ""buy_6th_pre_req"": ""612"", ""buy_6th_pre_req_pre"": ""--203"", ""buy_7th_pre_bid"": ""+9870"", ""buy_7th_pre_req"": ""116"", ""buy_7th_pre_req_pre"": ""0"", ""buy_8th_pre_bid"": ""+9860"", ""buy_8th_pre_req"": ""667"", ""buy_8th_pre_req_pre"": ""0"", ""buy_9th_pre_bid"": ""+9850"", ""buy_9th_pre_req"": ""1077"", ""buy_9th_pre_req_pre"": ""+2"", ""buy_10th_pre_bid"": ""+9840"", ""buy_10th_pre_req"": ""1416"", ""buy_10th_pre_req_pre"": ""0"", ""tot_sel_req_jub_pre"": ""+4"", ""tot_sel_req"": ""12216"", ""tot_buy_req"": ""7429"", ""tot_buy_req_jub_pre"": ""--201"", ""ovt_sel_req_pre"": ""0"", ""ovt_sel_req"": ""0"", ""ovt_buy_req"": ""0"", ""ovt_buy_req_pre"": ""0"", ""return_code"": 0, ""return_msg"": ""정상적으로 처리되었습니다""}"
2026-06-10,scan_candidate,006220,,0,main_scan,11380,,11380,11360,11380,11350,-0.7029876977152899,0.17574692442882248,,,,,,"{""bid_req_base_tm"": ""101559"", ""sel_10th_pre_req_pre"": ""0"", ""sel_10th_pre_req"": ""280"", ""sel_10th_pre_bid"": ""+11470"", ""sel_9th_pre_req_pre"": ""0"", ""sel_9th_pre_req"": ""61"", ""sel_9th_pre_bid"": ""+11460"", ""sel_8th_pre_req_pre"": ""0"", ""sel_8th_pre_req"": ""1760"", ""sel_8th_pre_bid"": ""+11450"", ""sel_7th_pre_req_pre"": ""0"", ""sel_7th_pre_req"": ""704"", ""sel_7th_pre_bid"": ""+11440"", ""sel_6th_pre_req_pre"": ""0"", ""sel_6th_pre_req"": ""310"", ""sel_6th_pre_bid"": ""+11430"", ""sel_5th_pre_req_pre"": ""0"", ""sel_5th_pre_req"": ""126"", ""sel_5th_pre_bid"": ""+11420"", ""sel_4th_pre_req_pre"": ""0"", ""sel_4th_pre_req"": ""51"", ""sel_4th_pre_bid"": ""+11410"", ""sel_3th_pre_req_pre"": ""0"", ""sel_3th_pre_req"": ""114"", ""sel_3th_pre_bid"": ""+11400"", ""sel_2th_pre_req_pre"": ""0"", ""sel_2th_pre_req"": ""400"", ""sel_2th_pre_bid"": ""+11390"", ""sel_1th_pre_req_pre"": ""0"", ""sel_fpr_req"": ""248"", ""sel_fpr_bid"": ""+11380"", ""buy_fpr_bid"": ""+11360"", ""buy_fpr_req"": ""1"", ""buy_1th_pre_req_pre"": ""0"", ""buy_2th_pre_bid"": ""+11350"", ""buy_2th_pre_req"": ""123"", ""buy_2th_pre_req_pre"": ""0"", ""buy_3th_pre_bid"": ""+11340"", ""buy_3th_pre_req"": ""498"", ""buy_3th_pre_req_pre"": ""0"", ""buy_4th_pre_bid"": ""+11330"", ""buy_4th_pre_req"": ""200"", ""buy_4th_pre_req_pre"": ""0"", ""buy_5th_pre_bid"": ""+11320"", ""buy_5th_pre_req"": ""312"", ""buy_5th_pre_req_pre"": ""0"", ""buy_6th_pre_bid"": ""+11310"", ""buy_6th_pre_req"": ""569"", ""buy_6th_pre_req_pre"": ""0"", ""buy_7th_pre_bid"": ""+11300"", ""buy_7th_pre_req"": ""954"", ""buy_7th_pre_req_pre"": ""0"", ""buy_8th_pre_bid"": ""+11290"", ""buy_8th_pre_req"": ""1061"", ""buy_8th_pre_req_pre"": ""0"", ""buy_9th_pre_bid"": ""+11280"", ""buy_9th_pre_req"": ""1092"", ""buy_9th_pre_req_pre"": ""0"", ""buy_10th_pre_bid"": ""+11270"", ""buy_10th_pre_req"": ""1064"", ""buy_10th_pre_req_pre"": ""0"", ""tot_sel_req_jub_pre"": ""0"", ""tot_sel_req"": ""4054"", ""tot_buy_req"": ""5874"", ""tot_buy_req_jub_pre"": ""0"", ""ovt_sel_req_pre"": ""0"", ""ovt_sel_req"": ""0"", ""ovt_buy_req"": ""0"", ""ovt_buy_req_pre"": ""0"", ""return_code"": 0, ""return_msg"": ""정상적으로 처리되었습니다""}"
2026-06-10,scan_candidate,092200,,0,main_scan,9770,,9770,9760,9770,9820,0.4094165813715456,0.1023541453428864,,,,,,"{""bid_req_base_tm"": ""101600"", ""sel_10th_pre_req_pre"": ""0"", ""sel_10th_pre_req"": ""1000"", ""sel_10th_pre_bid"": ""-9890"", ""sel_9th_pre_req_pre"": ""0"", ""sel_9th_pre_req"": ""507"", ""sel_9th_pre_bid"": ""-9880"", ""sel_8th_pre_req_pre"": ""0"", ""sel_8th_pre_req"": ""65"", ""sel_8th_pre_bid"": ""-9870"", ""sel_7th_pre_req_pre"": ""0"", ""sel_7th_pre_req"": ""20"", ""sel_7th_pre_bid"": ""-9860"", ""sel_6th_pre_req_pre"": ""0"", ""sel_6th_pre_req"": ""50"", ""sel_6th_pre_bid"": ""-9850"", ""sel_5th_pre_req_pre"": ""0"", ""sel_5th_pre_req"": ""100"", ""sel_5th_pre_bid"": ""-9840"", ""sel_4th_pre_req_pre"": ""0"", ""sel_4th_pre_req"": ""100"", ""sel_4th_pre_bid"": ""-9830"", ""sel_3th_pre_req_pre"": ""0"", ""sel_3th_pre_req"": ""1018"", ""sel_3th_pre_bid"": ""-9800"", ""sel_2th_pre_req_pre"": ""0"", ""sel_2th_pre_req"": ""42"", ""sel_2th_pre_bid"": ""-9790"", ""sel_1th_pre_req_pre"": ""0"", ""sel_fpr_req"": ""64"", ""sel_fpr_bid"": ""-9770"", ""buy_fpr_bid"": ""-9760"", ""buy_fpr_req"": ""813"", ""buy_1th_pre_req_pre"": ""0"", ""buy_2th_pre_bid"": ""-9750"", ""buy_2th_pre_req"": ""2823"", ""buy_2th_pre_req_pre"": ""0"", ""buy_3th_pre_bid"": ""-9740"", ""buy_3th_pre_req"": ""1580"", ""buy_3th_pre_req_pre"": ""0"", ""buy_4th_pre_bid"": ""-9730"", ""buy_4th_pre_req"": ""2347"", ""buy_4th_pre_req_pre"": ""0"", ""buy_5th_pre_bid"": ""-9720"", ""buy_5th_pre_req"": ""1964"", ""buy_5th_pre_req_pre"": ""0"", ""buy_6th_pre_bid"": ""-9710"", ""buy_6th_pre_req"": ""2660"", ""buy_6th_pre_req_pre"": ""0"", ""buy_7th_pre_bid"": ""-9700"", ""buy_7th_pre_req"": ""2474"", ""buy_7th_pre_req_pre"": ""+5"", ""buy_8th_pre_bid"": ""-9690"", ""buy_8th_pre_req"": ""596"", ""buy_8th_pre_req_pre"": ""0"", ""buy_9th_pre_bid"": ""-9680"", ""buy_9th_pre_req"": ""603"", ""buy_9th_pre_req_pre"": ""0"", ""buy_10th_pre_bid"": ""-9670"", ""buy_10th_pre_req"": ""930"", ""buy_10th_pre_req_pre"": ""0"", ""tot_sel_req_jub_pre"": ""0"", ""tot_sel_req"": ""2966"", ""tot_buy_req"": ""16790"", ""tot_buy_req_jub_pre"": ""+5"", ""ovt_sel_req_pre"": ""0"", ""ovt_sel_req"": ""0"", ""ovt_buy_req"": ""0"", ""ovt_buy_req_pre"": ""0"", ""return_code"": 0, ""return_msg"": ""정상적으로 처리되었습니다""}"
2026-06-10,scan_candidate,010820,,0,main_scan,8180,,8180,8120,8180,8140,-0.6112469437652812,0.7334963325183375,,,,,,"{""bid_req_base_tm"": ""101602"", ""sel_10th_pre_req_pre"": ""0"", ""sel_10th_pre_req"": ""2609"", ""sel_10th_pre_bid"": ""+8270"", ""sel_9th_pre_req_pre"": ""0"", ""sel_9th_pre_req"": ""331"", ""sel_9th_pre_bid"": ""+8260"", ""sel_8th_pre_req_pre"": ""0"", ""sel_8th_pre_req"": ""4139"", ""sel_8th_pre_bid"": ""+8250"", ""sel_7th_pre_req_pre"": ""0"", ""sel_7th_pre_req"": ""920"", ""sel_7th_pre_bid"": ""+8240"", ""sel_6th_pre_req_pre"": ""0"", ""sel_6th_pre_req"": ""385"", ""sel_6th_pre_bid"": ""+8230"", ""sel_5th_pre_req_pre"": ""0"", ""sel_5th_pre_req"": ""689"", ""sel_5th_pre_bid"": ""+8220"", ""sel_4th_pre_req_pre"": ""0"", ""sel_4th_pre_req"": ""1233"", ""sel_4th_pre_bid"": ""+8210"", ""sel_3th_pre_req_pre"": ""0"", ""sel_3th_pre_req"": ""1199"", ""sel_3th_pre_bid"": ""+8200"", ""sel_2th_pre_req_pre"": ""--40"", ""sel_2th_pre_req"": ""487"", ""sel_2th_pre_bid"": ""+8190"", ""sel_1th_pre_req_pre"": ""+40"", ""sel_fpr_req"": ""251"", ""sel_fpr_bid"": ""+8180"", ""buy_fpr_bid"": ""+8120"", ""buy_fpr_req"": ""52"", ""buy_1th_pre_req_pre"": ""0"", ""buy_2th_pre_bid"": ""+8110"", ""buy_2th_pre_req"": ""444"", ""buy_2th_pre_req_pre"": ""0"", ""buy_3th_pre_bid"": ""+8100"", ""buy_3th_pre_req"": ""943"", ""buy_3th_pre_req_pre"": ""0"", ""buy_4th_pre_bid"": ""+8090"", ""buy_4th_pre_req"": ""534"", ""buy_4th_pre_req_pre"": ""0"", ""buy_5th_pre_bid"": ""+8080"", ""buy_5th_pre_req"": ""559"", ""buy_5th_pre_req_pre"": ""0"", ""buy_6th_pre_bid"": ""+8070"", ""buy_6th_pre_req"": ""21"", ""buy_6th_pre_req_pre"": ""0"", ""buy_7th_pre_bid"": ""+8060"", ""buy_7th_pre_req"": ""269"", ""buy_7th_pre_req_pre"": ""0"", ""buy_8th_pre_bid"": ""+8050"", ""buy_8th_pre_req"": ""1608"", ""buy_8th_pre_req_pre"": ""0"", ""buy_9th_pre_bid"": ""+8040"", ""buy_9th_pre_req"": ""636"", ""buy_9th_pre_req_pre"": ""0"", ""buy_10th_pre_bid"": ""+8030"", ""buy_10th_pre_req"": ""210"", ""buy_10th_pre_req_pre"": ""0"", ""tot_sel_req_jub_pre"": ""0"", ""tot_sel_req"": ""12243"", ""tot_buy_req"": ""5276"", ""tot_buy_req_jub_pre"": ""0"", ""ovt_sel_req_pre"": ""0"", ""ovt_sel_req"": ""0"", ""ovt_buy_req"": ""0"", ""ovt_buy_req_pre"": ""0"", ""return_code"": 0, ""return_msg"": ""정상적으로 처리되었습니다""}"
2026-06-10,scan_candidate,000430,,0,main_scan,5720,,5720,5700,5720,5740,0.17482517482517482,0.34965034965034963,,,,,,"{""bid_req_base_tm"": ""101602"", ""sel_10th_pre_req_pre"": ""0"", ""sel_10th_pre_req"": ""1097"", ""sel_10th_pre_bid"": ""-5810"", ""sel_9th_pre_req_pre"": ""0"", ""sel_9th_pre_req"": ""621"", ""sel_9th_pre_bid"": ""-5800"", ""sel_8th_pre_req_pre"": ""0"", ""sel_8th_pre_req"": ""511"", ""sel_8th_pre_bid"": ""-5790"", ""sel_7th_pre_req_pre"": ""0"", ""sel_7th_pre_req"": ""1412"", ""sel_7th_pre_bid"": ""-5780"", ""sel_6th_pre_req_pre"": ""0"", ""sel_6th_pre_req"": ""56"", ""sel_6th_pre_bid"": ""-5770"", ""sel_5th_pre_req_pre"": ""0"", ""sel_5th_pre_req"": ""624"", ""sel_5th_pre_bid"": ""-5760"", ""sel_4th_pre_req_pre"": ""0"", ""sel_4th_pre_req"": ""1541"", ""sel_4th_pre_bid"": ""-5750"", ""sel_3th_pre_req_pre"": ""0"", ""sel_3th_pre_req"": ""154"", ""sel_3th_pre_bid"": ""-5740"", ""sel_2th_pre_req_pre"": ""0"", ""sel_2th_pre_req"": ""2202"", ""sel_2th_pre_bid"": ""-5730"", ""sel_1th_pre_req_pre"": ""0"", ""sel_fpr_req"": ""763"", ""sel_fpr_bid"": ""-5720"", ""buy_fpr_bid"": ""-5700"", ""buy_fpr_req"": ""1892"", ""buy_1th_pre_req_pre"": ""+311"", ""buy_2th_pre_bid"": ""-5690"", ""buy_2th_pre_req"": ""2700"", ""buy_2th_pre_req_pre"": ""0"", ""buy_3th_pre_bid"": ""-5680"", ""buy_3th_pre_req"": ""4997"", ""buy_3th_pre_req_pre"": ""0"", ""buy_4th_pre_bid"": ""-5670"", ""buy_4th_pre_req"": ""2410"", ""buy_4th_pre_req_pre"": ""0"", ""buy_5th_pre_bid"": ""-5660"", ""buy_5th_pre_req"": ""5040"", ""buy_5th_pre_req_pre"": ""0"", ""buy_6th_pre_bid"": ""-5650"", ""buy_6th_pre_req"": ""4968"", ""buy_6th_pre_req_pre"": ""0"", ""buy_7th_pre_bid"": ""-5640"", ""buy_7th_pre_req"": ""2480"", ""buy_7th_pre_req_pre"": ""0"", ""buy_8th_pre_bid"": ""-5630"", ""buy_8th_pre_req"": ""1092"", ""buy_8th_pre_req_pre"": ""0"", ""buy_9th_pre_bid"": ""-5620"", ""buy_9th_pre_req"": ""4168"", ""buy_9th_pre_req_pre"": ""0"", ""buy_10th_pre_bid"": ""-5610"", ""buy_10th_pre_req"": ""8652"", ""buy_10th_pre_req_pre"": ""0"", ""tot_sel_req_jub_pre"": ""0"", ""tot_sel_req"": ""8981"", ""tot_buy_req"": ""38399"", ""tot_buy_req_jub_pre"": ""+311"", ""ovt_sel_req_pre"": ""0"", ""ovt_sel_req"": ""0"", ""ovt_buy_req"": ""0"", ""ovt_buy_req_pre"": ""0"", ""return_code"": 0, ""return_msg"": ""정상적으로 처리되었습니다""}"
2026-06-10,scan_candidate,010690,,0,main_scan,11030,,11030,10990,11030,11000,-0.7252946509519492,0.3626473254759746,,,,,,"{""bid_req_base_tm"": ""101602"", ""sel_10th_pre_req_pre"": ""0"", ""sel_10th_pre_req"": ""72"", ""sel_10th_pre_bid"": ""+11180"", ""sel_9th_pre_req_pre"": ""0"", ""sel_9th_pre_req"": ""74"", ""sel_9th_pre_bid"": ""+11170"", ""sel_8th_pre_req_pre"": ""0"", ""sel_8th_pre_req"": ""13"", ""sel_8th_pre_bid"": ""+11160"", ""sel_7th_pre_req_pre"": ""0"", ""sel_7th_pre_req"": ""33"", ""sel_7th_pre_bid"": ""+11150"", ""sel_6th_pre_req_pre"": ""0"", ""sel_6th_pre_req"": ""186"", ""sel_6th_pre_bid"": ""+11140"", ""sel_5th_pre_req_pre"": ""0"", ""sel_5th_pre_req"": ""273"", ""sel_5th_pre_bid"": ""+11130"", ""sel_4th_pre_req_pre"": ""0"", ""sel_4th_pre_req"": ""100"", ""sel_4th_pre_bid"": ""+11120"", ""sel_3th_pre_req_pre"": ""0"", ""sel_3th_pre_req"": ""4"", ""sel_3th_pre_bid"": ""+11060"", ""sel_2th_pre_req_pre"": ""0"", ""sel_2th_pre_req"": ""49"", ""sel_2th_pre_bid"": ""+11040"", ""sel_1th_pre_req_pre"": ""0"", ""sel_fpr_req"": ""43"", ""sel_fpr_bid"": ""+11030"", ""buy_fpr_bid"": ""+10990"", ""buy_fpr_req"": ""32"", ""buy_1th_pre_req_pre"": ""0"", ""buy_2th_pre_bid"": ""+10980"", ""buy_2th_pre_req"": ""1"", ""buy_2th_pre_req_pre"": ""0"", ""buy_3th_pre_bid"": ""+10970"", ""buy_3th_pre_req"": ""61"", ""buy_3th_pre_req_pre"": ""0"", ""buy_4th_pre_bid"": ""+10950"", ""buy_4th_pre_req"": ""64"", ""buy_4th_pre_req_pre"": ""0"", ""buy_5th_pre_bid"": ""+10940"", ""buy_5th_pre_req"": ""12"", ""buy_5th_pre_req_pre"": ""0"", ""buy_6th_pre_bid"": ""+10930"", ""buy_6th_pre_req"": ""15"", ""buy_6th_pre_req_pre"": ""0"", ""buy_7th_pre_bid"": ""+10920"", ""buy_7th_pre_req"": ""131"", ""buy_7th_pre_req_pre"": ""0"", ""buy_8th_pre_bid"": ""+10910"", ""buy_8th_pre_req"": ""50"", ""buy_8th_pre_req_pre"": ""0"", ""buy_9th_pre_bid"": ""+10900"", ""buy_9th_pre_req"": ""60"", ""buy_9th_pre_req_pre"": ""0"", ""buy_10th_pre_bid"": ""+10890"", ""buy_10th_pre_req"": ""191"", ""buy_10th_pre_req_pre"": ""0"", ""tot_sel_req_jub_pre"": ""0"", ""tot_sel_req"": ""847"", ""tot_buy_req"": ""617"", ""tot_buy_req_jub_pre"": ""+181"", ""ovt_sel_req_pre"": ""0"", ""ovt_sel_req"": ""0"", ""ovt_buy_req"": ""0"", ""ovt_buy_req_pre"": ""0"", ""return_code"": 0, ""return_msg"": ""정상적으로 처리되었습니다""}"
2026-06-10,scan_candidate,005950,,0,main_scan,12240,,12240,12210,12240,12250,-0.32679738562091504,0.24509803921568626,,,,,,"{""bid_req_base_tm"": ""101601"", ""sel_10th_pre_req_pre"": ""0"", ""sel_10th_pre_req"": ""168"", ""sel_10th_pre_bid"": ""+12370"", ""sel_9th_pre_req_pre"": ""0"", ""sel_9th_pre_req"": ""101"", ""sel_9th_pre_bid"": ""+12360"", ""sel_8th_pre_req_pre"": ""0"", ""sel_8th_pre_req"": ""121"", ""sel_8th_pre_bid"": ""+12350"", ""sel_7th_pre_req_pre"": ""0"", ""sel_7th_pre_req"": ""152"", ""sel_7th_pre_bid"": ""+12330"", ""sel_6th_pre_req_pre"": ""0"", ""sel_6th_pre_req"": ""131"", ""sel_6th_pre_bid"": ""+12320"", ""sel_5th_pre_req_pre"": ""0"", ""sel_5th_pre_req"": ""1"", ""sel_5th_pre_bid"": ""+12300"", ""sel_4th_pre_req_pre"": ""0"", ""sel_4th_pre_req"": ""3"", ""sel_4th_pre_bid"": ""+12280"", ""sel_3th_pre_req_pre"": ""--44"", ""sel_3th_pre_req"": ""541"", ""sel_3th_pre_bid"": ""+12260"", ""sel_2th_pre_req_pre"": ""0"", ""sel_2th_pre_req"": ""388"", ""sel_2th_pre_bid"": ""+12250"", ""sel_1th_pre_req_pre"": ""0"", ""sel_fpr_req"": ""1"", ""sel_fpr_bid"": ""+12240"", ""buy_fpr_bid"": ""+12210"", ""buy_fpr_req"": ""324"", ""buy_1th_pre_req_pre"": ""+143"", ""buy_2th_pre_bid"": ""+12200"", ""buy_2th_pre_req"": ""194"", ""buy_2th_pre_req_pre"": ""+69"", ""buy_3th_pre_bid"": ""+12180"", ""buy_3th_pre_req"": ""86"", ""buy_3th_pre_req_pre"": ""+69"", ""buy_4th_pre_bid"": ""+12150"", ""buy_4th_pre_req"": ""448"", ""buy_4th_pre_req_pre"": ""+143"", ""buy_5th_pre_bid"": ""+12140"", ""buy_5th_pre_req"": ""978"", ""buy_5th_pre_req_pre"": ""--143"", ""buy_6th_pre_bid"": ""+12120"", ""buy_6th_pre_req"": ""105"", ""buy_6th_pre_req_pre"": ""--69"", ""buy_7th_pre_bid"": ""+12110"", ""buy_7th_pre_req"": ""1"", ""buy_7th_pre_req_pre"": ""0"", ""buy_8th_pre_bid"": ""+12100"", ""buy_8th_pre_req"": ""112"", ""buy_8th_pre_req_pre"": ""0"", ""buy_9th_pre_bid"": ""+12090"", ""buy_9th_pre_req"": ""1"", ""buy_9th_pre_req_pre"": ""0"", ""buy_10th_pre_bid"": ""+12050"", ""buy_10th_pre_req"": ""25"", ""buy_10th_pre_req_pre"": ""0"", ""tot_sel_req_jub_pre"": ""--44"", ""tot_sel_req"": ""1607"", ""tot_buy_req"": ""2274"", ""tot_buy_req_jub_pre"": ""+212"", ""ovt_sel_req_pre"": ""0"", ""ovt_sel_req"": ""0"", ""ovt_buy_req"": ""0"", ""ovt_buy_req_pre"": ""0"", ""return_code"": 0, ""return_msg"": ""정상적으로 처리되었습니다""}"
2026-06-10,watchlist,014680,,0,filtered_candidate_recheck,263500,,263500,263000,263500,263500,-0.18975332068311196,0.18975332068311196,,,,,,"{""bid_req_base_tm"": ""101745"", ""sel_10th_pre_req_pre"": ""0"", ""sel_10th_pre_req"": ""49"", ""sel_10th_pre_bid"": ""+268000"", ""sel_9th_pre_req_pre"": ""0"", ""sel_9th_pre_req"": ""33"", ""sel_9th_pre_bid"": ""+267500"", ""sel_8th_pre_req_pre"": ""0"", ""sel_8th_pre_req"": ""7"", ""sel_8th_pre_bid"": ""+267000"", ""sel_7th_pre_req_pre"": ""0"", ""sel_7th_pre_req"": ""16"", ""sel_7th_pre_bid"": ""+266500"", ""sel_6th_pre_req_pre"": ""0"", ""sel_6th_pre_req"": ""15"", ""sel_6th_pre_bid"": ""+266000"", ""sel_5th_pre_req_pre"": ""0"", ""sel_5th_pre_req"": ""59"", ""sel_5th_pre_bid"": ""+265500"", ""sel_4th_pre_req_pre"": ""0"", ""sel_4th_pre_req"": ""155"", ""sel_4th_pre_bid"": ""+265000"", ""sel_3th_pre_req_pre"": ""0"", ""sel_3th_pre_req"": ""38"", ""sel_3th_pre_bid"": ""+264500"", ""sel_2th_pre_req_pre"": ""0"", ""sel_2th_pre_req"": ""131"", ""sel_2th_pre_bid"": ""+264000"", ""sel_1th_pre_req_pre"": ""--6"", ""sel_fpr_req"": ""76"", ""sel_fpr_bid"": ""+263500"", ""buy_fpr_bid"": ""+263000"", ""buy_fpr_req"": ""175"", ""buy_1th_pre_req_pre"": ""0"", ""buy_2th_pre_bid"": ""+262500"", ""buy_2th_pre_req"": ""72"", ""buy_2th_pre_req_pre"": ""0"", ""buy_3th_pre_bid"": ""+262000"", ""buy_3th_pre_req"": ""5"", ""buy_3th_pre_req_pre"": ""0"", ""buy_4th_pre_bid"": ""+261500"", ""buy_4th_pre_req"": ""27"", ""buy_4th_pre_req_pre"": ""0"", ""buy_5th_pre_bid"": ""+261000"", ""buy_5th_pre_req"": ""35"", ""buy_5th_pre_req_pre"": ""0"", ""buy_6th_pre_bid"": ""+260500"", ""buy_6th_pre_req"": ""2"", ""buy_6th_pre_req_pre"": ""0"", ""buy_7th_pre_bid"": ""+260000"", ""buy_7th_pre_req"": ""9"", ""buy_7th_pre_req_pre"": ""0"", ""buy_8th_pre_bid"": ""+259500"", ""buy_8th_pre_req"": ""119"", ""buy_8th_pre_req_pre"": ""0"", ""buy_9th_pre_bid"": ""+259000"", ""buy_9th_pre_req"": ""209"", ""buy_9th_pre_req_pre"": ""0"", ""buy_10th_pre_bid"": ""+258500"", ""buy_10th_pre_req"": ""102"", ""buy_10th_pre_req_pre"": ""0"", ""tot_sel_req_jub_pre"": ""--6"", ""tot_sel_req"": ""579"", ""tot_buy_req"": ""755"", ""tot_buy_req_jub_pre"": ""0"", ""ovt_sel_req_pre"": ""0"", ""ovt_sel_req"": ""0"", ""ovt_buy_req"": ""0"", ""ovt_buy_req_pre"": ""0"", ""return_code"": 0, ""return_msg"": ""정상적으로 처리되었습니다""}"
2026-06-10,watchlist,035420,,0,filtered_candidate_recheck,237000,,237000,236500,237000,238000,0.21097046413502107,0.21097046413502107,,,,,,"{""bid_req_base_tm"": ""101749"", ""sel_10th_pre_req_pre"": ""0"", ""sel_10th_pre_req"": ""2178"", ""sel_10th_pre_bid"": ""-241500"", ""sel_9th_pre_req_pre"": ""0"", ""sel_9th_pre_req"": ""2593"", ""sel_9th_pre_bid"": ""-241000"", ""sel_8th_pre_req_pre"": ""0"", ""sel_8th_pre_req"": ""2192"", ""sel_8th_pre_bid"": ""-240500"", ""sel_7th_pre_req_pre"": ""0"", ""sel_7th_pre_req"": ""3885"", ""sel_7th_pre_bid"": ""-240000"", ""sel_6th_pre_req_pre"": ""0"", ""sel_6th_pre_req"": ""2385"", ""sel_6th_pre_bid"": ""-239500"", ""sel_5th_pre_req_pre"": ""0"", ""sel_5th_pre_req"": ""2356"", ""sel_5th_pre_bid"": ""-239000"", ""sel_4th_pre_req_pre"": ""0"", ""sel_4th_pre_req"": ""3126"", ""sel_4th_pre_bid"": ""-238500"", ""sel_3th_pre_req_pre"": ""0"", ""sel_3th_pre_req"": ""4634"", ""sel_3th_pre_bid"": ""-238000"", ""sel_2th_pre_req_pre"": ""0"", ""sel_2th_pre_req"": ""1879"", ""sel_2th_pre_bid"": ""-237500"", ""sel_1th_pre_req_pre"": ""+14"", ""sel_fpr_req"": ""4633"", ""sel_fpr_bid"": ""-237000"", ""buy_fpr_bid"": ""-236500"", ""buy_fpr_req"": ""3001"", ""buy_1th_pre_req_pre"": ""0"", ""buy_2th_pre_bid"": ""-236000"", ""buy_2th_pre_req"": ""10520"", ""buy_2th_pre_req_pre"": ""0"", ""buy_3th_pre_bid"": ""-235500"", ""buy_3th_pre_req"": ""9833"", ""buy_3th_pre_req_pre"": ""0"", ""buy_4th_pre_bid"": ""-235000"", ""buy_4th_pre_req"": ""24552"", ""buy_4th_pre_req_pre"": ""0"", ""buy_5th_pre_bid"": ""-234500"", ""buy_5th_pre_req"": ""53275"", ""buy_5th_pre_req_pre"": ""0"", ""buy_6th_pre_bid"": ""-234000"", ""buy_6th_pre_req"": ""8557"", ""buy_6th_pre_req_pre"": ""0"", ""buy_7th_pre_bid"": ""-233500"", ""buy_7th_pre_req"": ""6381"", ""buy_7th_pre_req_pre"": ""0"", ""buy_8th_pre_bid"": ""-233000"", ""buy_8th_pre_req"": ""7850"", ""buy_8th_pre_req_pre"": ""0"", ""buy_9th_pre_bid"": ""-232500"", ""buy_9th_pre_req"": ""7736"", ""buy_9th_pre_req_pre"": ""0"", ""buy_10th_pre_bid"": ""-232000"", ""buy_10th_pre_req"": ""10287"", ""buy_10th_pre_req_pre"": ""0"", ""tot_sel_req_jub_pre"": ""+14"", ""tot_sel_req"": ""29861"", ""tot_buy_req"": ""141992"", ""tot_buy_req_jub_pre"": ""0"", ""ovt_sel_req_pre"": ""0"", ""ovt_sel_req"": ""0"", ""ovt_buy_req"": ""0"", ""ovt_buy_req_pre"": ""0"", ""return_code"": 0, ""return_msg"": ""정상적으로 처리되었습니다""}"
2026-06-10,watchlist,036570,,0,filtered_candidate_recheck,258000,,258000,257500,258000,258000,-0.1937984496124031,0.1937984496124031,,,,,,"{""bid_req_base_tm"": ""101747"", ""sel_10th_pre_req_pre"": ""0"", ""sel_10th_pre_req"": ""18"", ""sel_10th_pre_bid"": ""-262500"", ""sel_9th_pre_req_pre"": ""0"", ""sel_9th_pre_req"": ""1044"", ""sel_9th_pre_bid"": ""-262000"", ""sel_8th_pre_req_pre"": ""0"", ""sel_8th_pre_req"": ""14"", ""sel_8th_pre_bid"": ""-261500"", ""sel_7th_pre_req_pre"": ""0"", ""sel_7th_pre_req"": ""16"", ""sel_7th_pre_bid"": ""-261000"", ""sel_6th_pre_req_pre"": ""0"", ""sel_6th_pre_req"": ""17"", ""sel_6th_pre_bid"": ""-260500"", ""sel_5th_pre_req_pre"": ""0"", ""sel_5th_pre_req"": ""98"", ""sel_5th_pre_bid"": ""-260000"", ""sel_4th_pre_req_pre"": ""0"", ""sel_4th_pre_req"": ""27"", ""sel_4th_pre_bid"": ""-259500"", ""sel_3th_pre_req_pre"": ""0"", ""sel_3th_pre_req"": ""63"", ""sel_3th_pre_bid"": ""-259000"", ""sel_2th_pre_req_pre"": ""0"", ""sel_2th_pre_req"": ""18"", ""sel_2th_pre_bid"": ""-258500"", ""sel_1th_pre_req_pre"": ""0"", ""sel_fpr_req"": ""234"", ""sel_fpr_bid"": ""-258000"", ""buy_fpr_bid"": ""-257500"", ""buy_fpr_req"": ""89"", ""buy_1th_pre_req_pre"": ""--2"", ""buy_2th_pre_bid"": ""-257000"", ""buy_2th_pre_req"": ""23"", ""buy_2th_pre_req_pre"": ""0"", ""buy_3th_pre_bid"": ""-256500"", ""buy_3th_pre_req"": ""41"", ""buy_3th_pre_req_pre"": ""0"", ""buy_4th_pre_bid"": ""-256000"", ""buy_4th_pre_req"": ""138"", ""buy_4th_pre_req_pre"": ""0"", ""buy_5th_pre_bid"": ""-255500"", ""buy_5th_pre_req"": ""86"", ""buy_5th_pre_req_pre"": ""0"", ""buy_6th_pre_bid"": ""-255000"", ""buy_6th_pre_req"": ""274"", ""buy_6th_pre_req_pre"": ""0"", ""buy_7th_pre_bid"": ""-254500"", ""buy_7th_pre_req"": ""343"", ""buy_7th_pre_req_pre"": ""0"", ""buy_8th_pre_bid"": ""-254000"", ""buy_8th_pre_req"": ""304"", ""buy_8th_pre_req_pre"": ""0"", ""buy_9th_pre_bid"": ""-253500"", ""buy_9th_pre_req"": ""460"", ""buy_9th_pre_req_pre"": ""0"", ""buy_10th_pre_bid"": ""-253000"", ""buy_10th_pre_req"": ""729"", ""buy_10th_pre_req_pre"": ""0"", ""tot_sel_req_jub_pre"": ""0"", ""tot_sel_req"": ""1549"", ""tot_buy_req"": ""2487"", ""tot_buy_req_jub_pre"": ""--2"", ""ovt_sel_req_pre"": ""0"", ""ovt_sel_req"": ""0"", ""ovt_buy_req"": ""0"", ""ovt_buy_req_pre"": ""0"", ""return_code"": 0, ""return_msg"": ""정상적으로 처리되었습니다""}"
2026-06-10,watchlist,005090,,0,filtered_candidate_recheck,52100,,52100,52000,52100,52600,0.7677543186180422,0.19193857965451055,,,,,,"{""bid_req_base_tm"": ""101749"", ""sel_10th_pre_req_pre"": ""0"", ""sel_10th_pre_req"": ""71"", ""sel_10th_pre_bid"": ""+53600"", ""sel_9th_pre_req_pre"": ""0"", ""sel_9th_pre_req"": ""12"", ""sel_9th_pre_bid"": ""+53500"", ""sel_8th_pre_req_pre"": ""0"", ""sel_8th_pre_req"": ""610"", ""sel_8th_pre_bid"": ""+53400"", ""sel_7th_pre_req_pre"": ""0"", ""sel_7th_pre_req"": ""67"", ""sel_7th_pre_bid"": ""+53100"", ""sel_6th_pre_req_pre"": ""0"", ""sel_6th_pre_req"": ""33"", ""sel_6th_pre_bid"": ""+53000"", ""sel_5th_pre_req_pre"": ""0"", ""sel_5th_pre_req"": ""52"", ""sel_5th_pre_bid"": ""+52900"", ""sel_4th_pre_req_pre"": ""0"", ""sel_4th_pre_req"": ""50"", ""sel_4th_pre_bid"": ""+52400"", ""sel_3th_pre_req_pre"": ""0"", ""sel_3th_pre_req"": ""3"", ""sel_3th_pre_bid"": ""+52300"", ""sel_2th_pre_req_pre"": ""0"", ""sel_2th_pre_req"": ""465"", ""sel_2th_pre_bid"": ""+52200"", ""sel_1th_pre_req_pre"": ""--14"", ""sel_fpr_req"": ""18"", ""sel_fpr_bid"": ""+52100"", ""buy_fpr_bid"": ""+52000"", ""buy_fpr_req"": ""64"", ""buy_1th_pre_req_pre"": ""--96"", ""buy_2th_pre_bid"": ""+51800"", ""buy_2th_pre_req"": ""1226"", ""buy_2th_pre_req_pre"": ""0"", ""buy_3th_pre_bid"": ""+51700"", ""buy_3th_pre_req"": ""121"", ""buy_3th_pre_req_pre"": ""0"", ""buy_4th_pre_bid"": ""+51600"", ""buy_4th_pre_req"": ""10"", ""buy_4th_pre_req_pre"": ""0"", ""buy_5th_pre_bid"": ""+51500"", ""buy_5th_pre_req"": ""1"", ""buy_5th_pre_req_pre"": ""0"", ""buy_6th_pre_bid"": ""+51400"", ""buy_6th_pre_req"": ""1"", ""buy_6th_pre_req_pre"": ""0"", ""buy_7th_pre_bid"": ""+51300"", ""buy_7th_pre_req"": ""103"", ""buy_7th_pre_req_pre"": ""0"", ""buy_8th_pre_bid"": ""+51100"", ""buy_8th_pre_req"": ""300"", ""buy_8th_pre_req_pre"": ""0"", ""buy_9th_pre_bid"": ""+51000"", ""buy_9th_pre_req"": ""198"", ""buy_9th_pre_req_pre"": ""0"", ""buy_10th_pre_bid"": ""+50900"", ""buy_10th_pre_req"": ""160"", ""buy_10th_pre_req_pre"": ""0"", ""tot_sel_req_jub_pre"": ""--14"", ""tot_sel_req"": ""1381"", ""tot_buy_req"": ""2184"", ""tot_buy_req_jub_pre"": ""--96"", ""ovt_sel_req_pre"": ""0"", ""ovt_sel_req"": ""0"", ""ovt_buy_req"": ""0"", ""ovt_buy_req_pre"": ""0"", ""return_code"": 0, ""return_msg"": ""정상적으로 처리되었습니다""}"
2026-06-10,watchlist,066570,,0,filtered_candidate_recheck,233500,,233500,233000,233500,234500,0.21413276231263384,0.21413276231263384,,,,,,"{""bid_req_base_tm"": ""101749"", ""sel_10th_pre_req_pre"": ""0"", ""sel_10th_pre_req"": ""1982"", ""sel_10th_pre_bid"": ""-238000"", ""sel_9th_pre_req_pre"": ""0"", ""sel_9th_pre_req"": ""1553"", ""sel_9th_pre_bid"": ""-237500"", ""sel_8th_pre_req_pre"": ""0"", ""sel_8th_pre_req"": ""3239"", ""sel_8th_pre_bid"": ""-237000"", ""sel_7th_pre_req_pre"": ""0"", ""sel_7th_pre_req"": ""1001"", ""sel_7th_pre_bid"": ""-236500"", ""sel_6th_pre_req_pre"": ""0"", ""sel_6th_pre_req"": ""2545"", ""sel_6th_pre_bid"": ""-236000"", ""sel_5th_pre_req_pre"": ""0"", ""sel_5th_pre_req"": ""2163"", ""sel_5th_pre_bid"": ""-235500"", ""sel_4th_pre_req_pre"": ""0"", ""sel_4th_pre_req"": ""3754"", ""sel_4th_pre_bid"": ""-235000"", ""sel_3th_pre_req_pre"": ""0"", ""sel_3th_pre_req"": ""1771"", ""sel_3th_pre_bid"": ""-234500"", ""sel_2th_pre_req_pre"": ""--24"", ""sel_2th_pre_req"": ""3584"", ""sel_2th_pre_bid"": ""-234000"", ""sel_1th_pre_req_pre"": ""--1"", ""sel_fpr_req"": ""1010"", ""sel_fpr_bid"": ""-233500"", ""buy_fpr_bid"": ""-233000"", ""buy_fpr_req"": ""1342"", ""buy_1th_pre_req_pre"": ""0"", ""buy_2th_pre_bid"": ""-232500"", ""buy_2th_pre_req"": ""1658"", ""buy_2th_pre_req_pre"": ""0"", ""buy_3th_pre_bid"": ""-232000"", ""buy_3th_pre_req"": ""6619"", ""buy_3th_pre_req_pre"": ""0"", ""buy_4th_pre_bid"": ""-231500"", ""buy_4th_pre_req"": ""4337"", ""buy_4th_pre_req_pre"": ""0"", ""buy_5th_pre_bid"": ""-231000"", ""buy_5th_pre_req"": ""9207"", ""buy_5th_pre_req_pre"": ""0"", ""buy_6th_pre_bid"": ""-230500"", ""buy_6th_pre_req"": ""11965"", ""buy_6th_pre_req_pre"": ""0"", ""buy_7th_pre_bid"": ""-230000"", ""buy_7th_pre_req"": ""36694"", ""buy_7th_pre_req_pre"": ""0"", ""buy_8th_pre_bid"": ""-229500"", ""buy_8th_pre_req"": ""4908"", ""buy_8th_pre_req_pre"": ""0"", ""buy_9th_pre_bid"": ""-229000"", ""buy_9th_pre_req"": ""7766"", ""buy_9th_pre_req_pre"": ""0"", ""buy_10th_pre_bid"": ""-228500"", ""buy_10th_pre_req"": ""7256"", ""buy_10th_pre_req_pre"": ""0"", ""tot_sel_req_jub_pre"": ""--25"", ""tot_sel_req"": ""22602"", ""tot_buy_req"": ""91752"", ""tot_buy_req_jub_pre"": ""0"", ""ovt_sel_req_pre"": ""0"", ""ovt_sel_req"": ""0"", ""ovt_buy_req"": ""0"", ""ovt_buy_req_pre"": ""0"", ""return_code"": 0, ""return_msg"": ""정상적으로 처리되었습니다""}"
2026-06-10,watchlist,028670,,1,filtered_candidate_recheck,5050,,5050,5040,5050,5070,0.19801980198019803,0.19801980198019803,,,,,,"{""bid_req_base_tm"": ""101749"", ""sel_10th_pre_req_pre"": ""0"", ""sel_10th_pre_req"": ""331"", ""sel_10th_pre_bid"": ""-5140"", ""sel_9th_pre_req_pre"": ""0"", ""sel_9th_pre_req"": ""1648"", ""sel_9th_pre_bid"": ""-5130"", ""sel_8th_pre_req_pre"": ""0"", ""sel_8th_pre_req"": ""3359"", ""sel_8th_pre_bid"": ""-5120"", ""sel_7th_pre_req_pre"": ""0"", ""sel_7th_pre_req"": ""902"", ""sel_7th_pre_bid"": ""-5110"", ""sel_6th_pre_req_pre"": ""0"", ""sel_6th_pre_req"": ""111"", ""sel_6th_pre_bid"": ""-5100"", ""sel_5th_pre_req_pre"": ""0"", ""sel_5th_pre_req"": ""674"", ""sel_5th_pre_bid"": ""-5090"", ""sel_4th_pre_req_pre"": ""0"", ""sel_4th_pre_req"": ""2307"", ""sel_4th_pre_bid"": ""-5080"", ""sel_3th_pre_req_pre"": ""0"", ""sel_3th_pre_req"": ""2901"", ""sel_3th_pre_bid"": ""-5070"", ""sel_2th_pre_req_pre"": ""0"", ""sel_2th_pre_req"": ""1666"", ""sel_2th_pre_bid"": ""-5060"", ""sel_1th_pre_req_pre"": ""+204"", ""sel_fpr_req"": ""8542"", ""sel_fpr_bid"": ""-5050"", ""buy_fpr_bid"": ""-5040"", ""buy_fpr_req"": ""5753"", ""buy_1th_pre_req_pre"": ""0"", ""buy_2th_pre_bid"": ""-5030"", ""buy_2th_pre_req"": ""5551"", ""buy_2th_pre_req_pre"": ""0"", ""buy_3th_pre_bid"": ""-5020"", ""buy_3th_pre_req"": ""8455"", ""buy_3th_pre_req_pre"": ""0"", ""buy_4th_pre_bid"": ""-5010"", ""buy_4th_pre_req"": ""4285"", ""buy_4th_pre_req_pre"": ""0"", ""buy_5th_pre_bid"": ""-5000"", ""buy_5th_pre_req"": ""15385"", ""buy_5th_pre_req_pre"": ""0"", ""buy_6th_pre_bid"": ""-4995"", ""buy_6th_pre_req"": ""3773"", ""buy_6th_pre_req_pre"": ""0"", ""buy_7th_pre_bid"": ""-4990"", ""buy_7th_pre_req"": ""2796"", ""buy_7th_pre_req_pre"": ""0"", ""buy_8th_pre_bid"": ""-4985"", ""buy_8th_pre_req"": ""2458"", ""buy_8th_pre_req_pre"": ""0"", ""buy_9th_pre_bid"": ""-4980"", ""buy_9th_pre_req"": ""9344"", ""buy_9th_pre_req_pre"": ""0"", ""buy_10th_pre_bid"": ""-4975"", ""buy_10th_pre_req"": ""295"", ""buy_10th_pre_req_pre"": ""0"", ""tot_sel_req_jub_pre"": ""+204"", ""tot_sel_req"": ""22441"", ""tot_buy_req"": ""58095"", ""tot_buy_req_jub_pre"": ""0"", ""ovt_sel_req_pre"": ""0"", ""ovt_sel_req"": ""0"", ""ovt_buy_req"": ""0"", ""ovt_buy_req_pre"": ""0"", ""return_code"": 0, ""return_msg"": ""정상적으로 처리되었습니다""}"
2026-06-10,watchlist,004990,,0,filtered_candidate_recheck,25700,,25700,25600,25700,25700,-0.19455252918287938,0.38910505836575876,,,,,,"{""bid_req_base_tm"": ""101749"", ""sel_10th_pre_req_pre"": ""0"", ""sel_10th_pre_req"": ""90"", ""sel_10th_pre_bid"": ""+26200"", ""sel_9th_pre_req_pre"": ""0"", ""sel_9th_pre_req"": ""119"", ""sel_9th_pre_bid"": ""26150"", ""sel_8th_pre_req_pre"": ""0"", ""sel_8th_pre_req"": ""3602"", ""sel_8th_pre_bid"": ""-26100"", ""sel_7th_pre_req_pre"": ""0"", ""sel_7th_pre_req"": ""101"", ""sel_7th_pre_bid"": ""-26050"", ""sel_6th_pre_req_pre"": ""0"", ""sel_6th_pre_req"": ""3"", ""sel_6th_pre_bid"": ""-26000"", ""sel_5th_pre_req_pre"": ""0"", ""sel_5th_pre_req"": ""6"", ""sel_5th_pre_bid"": ""-25950"", ""sel_4th_pre_req_pre"": ""0"", ""sel_4th_pre_req"": ""250"", ""sel_4th_pre_bid"": ""-25900"", ""sel_3th_pre_req_pre"": ""0"", ""sel_3th_pre_req"": ""250"", ""sel_3th_pre_bid"": ""-25850"", ""sel_2th_pre_req_pre"": ""0"", ""sel_2th_pre_req"": ""458"", ""sel_2th_pre_bid"": ""-25750"", ""sel_1th_pre_req_pre"": ""0"", ""sel_fpr_req"": ""355"", ""sel_fpr_bid"": ""-25700"", ""buy_fpr_bid"": ""-25600"", ""buy_fpr_req"": ""142"", ""buy_1th_pre_req_pre"": ""--25"", ""buy_2th_pre_bid"": ""-25550"", ""buy_2th_pre_req"": ""77"", ""buy_2th_pre_req_pre"": ""0"", ""buy_3th_pre_bid"": ""-25500"", ""buy_3th_pre_req"": ""447"", ""buy_3th_pre_req_pre"": ""0"", ""buy_4th_pre_bid"": ""-25450"", ""buy_4th_pre_req"": ""543"", ""buy_4th_pre_req_pre"": ""0"", ""buy_5th_pre_bid"": ""-25400"", ""buy_5th_pre_req"": ""675"", ""buy_5th_pre_req_pre"": ""0"", ""buy_6th_pre_bid"": ""-25350"", ""buy_6th_pre_req"": ""392"", ""buy_6th_pre_req_pre"": ""0"", ""buy_7th_pre_bid"": ""-25300"", ""buy_7th_pre_req"": ""926"", ""buy_7th_pre_req_pre"": ""0"", ""buy_8th_pre_bid"": ""-25250"", ""buy_8th_pre_req"": ""880"", ""buy_8th_pre_req_pre"": ""0"", ""buy_9th_pre_bid"": ""-25200"", ""buy_9th_pre_req"": ""4218"", ""buy_9th_pre_req_pre"": ""0"", ""buy_10th_pre_bid"": ""-25150"", ""buy_10th_pre_req"": ""1595"", ""buy_10th_pre_req_pre"": ""0"", ""tot_sel_req_jub_pre"": ""0"", ""tot_sel_req"": ""5234"", ""tot_buy_req"": ""9895"", ""tot_buy_req_jub_pre"": ""--25"", ""ovt_sel_req_pre"": ""0"", ""ovt_sel_req"": ""0"", ""ovt_buy_req"": ""0"", ""ovt_buy_req_pre"": ""0"", ""return_code"": 0, ""return_msg"": ""정상적으로 처리되었습니다""}"
2026-06-10,watchlist,081660,,0,filtered_candidate_recheck,40450,,40450,40300,40450,40400,-0.2472187886279357,0.3708281829419036,,,,,,"{""bid_req_base_tm"": ""101747"", ""sel_10th_pre_req_pre"": ""0"", ""sel_10th_pre_req"": ""200"", ""sel_10th_pre_bid"": ""+40900"", ""sel_9th_pre_req_pre"": ""0"", ""sel_9th_pre_req"": ""167"", ""sel_9th_pre_bid"": ""+40850"", ""sel_8th_pre_req_pre"": ""0"", ""sel_8th_pre_req"": ""156"", ""sel_8th_pre_bid"": ""+40800"", ""sel_7th_pre_req_pre"": ""0"", ""sel_7th_pre_req"": ""33"", ""sel_7th_pre_bid"": ""+40750"", ""sel_6th_pre_req_pre"": ""0"", ""sel_6th_pre_req"": ""90"", ""sel_6th_pre_bid"": ""+40700"", ""sel_5th_pre_req_pre"": ""0"", ""sel_5th_pre_req"": ""50"", ""sel_5th_pre_bid"": ""+40650"", ""sel_4th_pre_req_pre"": ""0"", ""sel_4th_pre_req"": ""75"", ""sel_4th_pre_bid"": ""+40600"", ""sel_3th_pre_req_pre"": ""0"", ""sel_3th_pre_req"": ""126"", ""sel_3th_pre_bid"": ""+40550"", ""sel_2th_pre_req_pre"": ""0"", ""sel_2th_pre_req"": ""277"", ""sel_2th_pre_bid"": ""+40500"", ""sel_1th_pre_req_pre"": ""+41"", ""sel_fpr_req"": ""201"", ""sel_fpr_bid"": ""+40450"", ""buy_fpr_bid"": ""+40300"", ""buy_fpr_req"": ""160"", ""buy_1th_pre_req_pre"": ""0"", ""buy_2th_pre_bid"": ""+40250"", ""buy_2th_pre_req"": ""169"", ""buy_2th_pre_req_pre"": ""0"", ""buy_3th_pre_bid"": ""+40200"", ""buy_3th_pre_req"": ""183"", ""buy_3th_pre_req_pre"": ""0"", ""buy_4th_pre_bid"": ""+40150"", ""buy_4th_pre_req"": ""27"", ""buy_4th_pre_req_pre"": ""0"", ""buy_5th_pre_bid"": ""+40050"", ""buy_5th_pre_req"": ""263"", ""buy_5th_pre_req_pre"": ""0"", ""buy_6th_pre_bid"": ""+40000"", ""buy_6th_pre_req"": ""558"", ""buy_6th_pre_req_pre"": ""0"", ""buy_7th_pre_bid"": ""+39950"", ""buy_7th_pre_req"": ""539"", ""buy_7th_pre_req_pre"": ""0"", ""buy_8th_pre_bid"": ""+39900"", ""buy_8th_pre_req"": ""21"", ""buy_8th_pre_req_pre"": ""0"", ""buy_9th_pre_bid"": ""+39850"", ""buy_9th_pre_req"": ""91"", ""buy_9th_pre_req_pre"": ""0"", ""buy_10th_pre_bid"": ""+39800"", ""buy_10th_pre_req"": ""40"", ""buy_10th_pre_req_pre"": ""0"", ""tot_sel_req_jub_pre"": ""+41"", ""tot_sel_req"": ""1375"", ""tot_buy_req"": ""2051"", ""tot_buy_req_jub_pre"": ""0"", ""ovt_sel_req_pre"": ""0"", ""ovt_sel_req"": ""0"", ""ovt_buy_req"": ""0"", ""ovt_buy_req_pre"": ""0"", ""return_code"": 0, ""return_msg"": ""정상적으로 처리되었습니다""}"
2026-06-10,watchlist,008770,,0,filtered_candidate_recheck,54200,,54200,54100,54200,54200,-0.18450184501845018,0.18450184501845018,,,,,,"{""bid_req_base_tm"": ""101749"", ""sel_10th_pre_req_pre"": ""0"", ""sel_10th_pre_req"": ""112"", ""sel_10th_pre_bid"": ""-55100"", ""sel_9th_pre_req_pre"": ""0"", ""sel_9th_pre_req"": ""433"", ""sel_9th_pre_bid"": ""-55000"", ""sel_8th_pre_req_pre"": ""0"", ""sel_8th_pre_req"": ""312"", ""sel_8th_pre_bid"": ""-54900"", ""sel_7th_pre_req_pre"": ""0"", ""sel_7th_pre_req"": ""189"", ""sel_7th_pre_bid"": ""-54800"", ""sel_6th_pre_req_pre"": ""0"", ""sel_6th_pre_req"": ""24"", ""sel_6th_pre_bid"": ""-54700"", ""sel_5th_pre_req_pre"": ""0"", ""sel_5th_pre_req"": ""122"", ""sel_5th_pre_bid"": ""-54600"", ""sel_4th_pre_req_pre"": ""0"", ""sel_4th_pre_req"": ""95"", ""sel_4th_pre_bid"": ""-54500"", ""sel_3th_pre_req_pre"": ""0"", ""sel_3th_pre_req"": ""112"", ""sel_3th_pre_bid"": ""-54400"", ""sel_2th_pre_req_pre"": ""0"", ""sel_2th_pre_req"": ""7"", ""sel_2th_pre_bid"": ""-54300"", ""sel_1th_pre_req_pre"": ""0"", ""sel_fpr_req"": ""204"", ""sel_fpr_bid"": ""-54200"", ""buy_fpr_bid"": ""-54100"", ""buy_fpr_req"": ""235"", ""buy_1th_pre_req_pre"": ""--5"", ""buy_2th_pre_bid"": ""-54000"", ""buy_2th_pre_req"": ""100"", ""buy_2th_pre_req_pre"": ""0"", ""buy_3th_pre_bid"": ""-53900"", ""buy_3th_pre_req"": ""275"", ""buy_3th_pre_req_pre"": ""0"", ""buy_4th_pre_bid"": ""-53800"", ""buy_4th_pre_req"": ""316"", ""buy_4th_pre_req_pre"": ""0"", ""buy_5th_pre_bid"": ""-53700"", ""buy_5th_pre_req"": ""421"", ""buy_5th_pre_req_pre"": ""0"", ""buy_6th_pre_bid"": ""-53600"", ""buy_6th_pre_req"": ""142"", ""buy_6th_pre_req_pre"": ""0"", ""buy_7th_pre_bid"": ""-53500"", ""buy_7th_pre_req"": ""109"", ""buy_7th_pre_req_pre"": ""0"", ""buy_8th_pre_bid"": ""-53400"", ""buy_8th_pre_req"": ""226"", ""buy_8th_pre_req_pre"": ""0"", ""buy_9th_pre_bid"": ""-53300"", ""buy_9th_pre_req"": ""594"", ""buy_9th_pre_req_pre"": ""0"", ""buy_10th_pre_bid"": ""-53200"", ""buy_10th_pre_req"": ""421"", ""buy_10th_pre_req_pre"": ""0"", ""tot_sel_req_jub_pre"": ""0"", ""tot_sel_req"": ""1610"", ""tot_buy_req"": ""2839"", ""tot_buy_req_jub_pre"": ""--5"", ""ovt_sel_req_pre"": ""0"", ""ovt_sel_req"": ""0"", ""ovt_buy_req"": ""0"", ""ovt_buy_req_pre"": ""0"", ""return_code"": 0, ""return_msg"": ""정상적으로 처리되었습니다""}"
2026-06-10,watchlist,012330,,0,filtered_candidate_recheck,587000,,587000,586000,587000,588000,0.0,0.17035775127768313,,,,,,"{""bid_req_base_tm"": ""101751"", ""sel_10th_pre_req_pre"": ""0"", ""sel_10th_pre_req"": ""68"", ""sel_10th_pre_bid"": ""+596000"", ""sel_9th_pre_req_pre"": ""0"", ""sel_9th_pre_req"": ""324"", ""sel_9th_pre_bid"": ""595000"", ""sel_8th_pre_req_pre"": ""0"", ""sel_8th_pre_req"": ""59"", ""sel_8th_pre_bid"": ""-594000"", ""sel_7th_pre_req_pre"": ""0"", ""sel_7th_pre_req"": ""148"", ""sel_7th_pre_bid"": ""-593000"", ""sel_6th_pre_req_pre"": ""0"", ""sel_6th_pre_req"": ""65"", ""sel_6th_pre_bid"": ""-592000"", ""sel_5th_pre_req_pre"": ""0"", ""sel_5th_pre_req"": ""81"", ""sel_5th_pre_bid"": ""-591000"", ""sel_4th_pre_req_pre"": ""0"", ""sel_4th_pre_req"": ""847"", ""sel_4th_pre_bid"": ""-590000"", ""sel_3th_pre_req_pre"": ""0"", ""sel_3th_pre_req"": ""292"", ""sel_3th_pre_bid"": ""-589000"", ""sel_2th_pre_req_pre"": ""0"", ""sel_2th_pre_req"": ""367"", ""sel_2th_pre_bid"": ""-588000"", ""sel_1th_pre_req_pre"": ""+5"", ""sel_fpr_req"": ""96"", ""sel_fpr_bid"": ""-587000"", ""buy_fpr_bid"": ""-586000"", ""buy_fpr_req"": ""611"", ""buy_1th_pre_req_pre"": ""+9"", ""buy_2th_pre_bid"": ""-585000"", ""buy_2th_pre_req"": ""780"", ""buy_2th_pre_req_pre"": ""0"", ""buy_3th_pre_bid"": ""-584000"", ""buy_3th_pre_req"": ""358"", ""buy_3th_pre_req_pre"": ""0"", ""buy_4th_pre_bid"": ""-583000"", ""buy_4th_pre_req"": ""444"", ""buy_4th_pre_req_pre"": ""0"", ""buy_5th_pre_bid"": ""-582000"", ""buy_5th_pre_req"": ""71"", ""buy_5th_pre_req_pre"": ""+5"", ""buy_6th_pre_bid"": ""-581000"", ""buy_6th_pre_req"": ""103"", ""buy_6th_pre_req_pre"": ""0"", ""buy_7th_pre_bid"": ""-580000"", ""buy_7th_pre_req"": ""193"", ""buy_7th_pre_req_pre"": ""0"", ""buy_8th_pre_bid"": ""-579000"", ""buy_8th_pre_req"": ""155"", ""buy_8th_pre_req_pre"": ""0"", ""buy_9th_pre_bid"": ""-578000"", ""buy_9th_pre_req"": ""105"", ""buy_9th_pre_req_pre"": ""0"", ""buy_10th_pre_bid"": ""-577000"", ""buy_10th_pre_req"": ""205"", ""buy_10th_pre_req_pre"": ""0"", ""tot_sel_req_jub_pre"": ""+5"", ""tot_sel_req"": ""2347"", ""tot_buy_req"": ""3025"", ""tot_buy_req_jub_pre"": ""+14"", ""ovt_sel_req_pre"": ""0"", ""ovt_sel_req"": ""0"", ""ovt_buy_req"": ""0"", ""ovt_buy_req_pre"": ""0"", ""return_code"": 0, ""return_msg"": ""정상적으로 처리되었습니다""}"
2026-06-10,watchlist,009155,,0,filtered_candidate_recheck,610000,,610000,609000,610000,612000,0.16393442622950818,0.16393442622950818,,,,,,"{""bid_req_base_tm"": ""101751"", ""sel_10th_pre_req_pre"": ""0"", ""sel_10th_pre_req"": ""19"", ""sel_10th_pre_bid"": ""-620000"", ""sel_9th_pre_req_pre"": ""0"", ""sel_9th_pre_req"": ""3"", ""sel_9th_pre_bid"": ""-619000"", ""sel_8th_pre_req_pre"": ""0"", ""sel_8th_pre_req"": ""1"", ""sel_8th_pre_bid"": ""-617000"", ""sel_7th_pre_req_pre"": ""0"", ""sel_7th_pre_req"": ""4"", ""sel_7th_pre_bid"": ""-616000"", ""sel_6th_pre_req_pre"": ""0"", ""sel_6th_pre_req"": ""46"", ""sel_6th_pre_bid"": ""-615000"", ""sel_5th_pre_req_pre"": ""0"", ""sel_5th_pre_req"": ""33"", ""sel_5th_pre_bid"": ""-614000"", ""sel_4th_pre_req_pre"": ""0"", ""sel_4th_pre_req"": ""49"", ""sel_4th_pre_bid"": ""-613000"", ""sel_3th_pre_req_pre"": ""0"", ""sel_3th_pre_req"": ""82"", ""sel_3th_pre_bid"": ""-612000"", ""sel_2th_pre_req_pre"": ""0"", ""sel_2th_pre_req"": ""139"", ""sel_2th_pre_bid"": ""-611000"", ""sel_1th_pre_req_pre"": ""0"", ""sel_fpr_req"": ""7"", ""sel_fpr_bid"": ""-610000"", ""buy_fpr_bid"": ""-609000"", ""buy_fpr_req"": ""50"", ""buy_1th_pre_req_pre"": ""0"", ""buy_2th_pre_bid"": ""-607000"", ""buy_2th_pre_req"": ""181"", ""buy_2th_pre_req_pre"": ""+1"", ""buy_3th_pre_bid"": ""-606000"", ""buy_3th_pre_req"": ""100"", ""buy_3th_pre_req_pre"": ""0"", ""buy_4th_pre_bid"": ""-605000"", ""buy_4th_pre_req"": ""37"", ""buy_4th_pre_req_pre"": ""0"", ""buy_5th_pre_bid"": ""-604000"", ""buy_5th_pre_req"": ""47"", ""buy_5th_pre_req_pre"": ""0"", ""buy_6th_pre_bid"": ""-603000"", ""buy_6th_pre_req"": ""15"", ""buy_6th_pre_req_pre"": ""0"", ""buy_7th_pre_bid"": ""-602000"", ""buy_7th_pre_req"": ""36"", ""buy_7th_pre_req_pre"": ""0"", ""buy_8th_pre_bid"": ""-601000"", ""buy_8th_pre_req"": ""41"", ""buy_8th_pre_req_pre"": ""0"", ""buy_9th_pre_bid"": ""-600000"", ""buy_9th_pre_req"": ""435"", ""buy_9th_pre_req_pre"": ""0"", ""buy_10th_pre_bid"": ""-599000"", ""buy_10th_pre_req"": ""191"", ""buy_10th_pre_req_pre"": ""0"", ""tot_sel_req_jub_pre"": ""0"", ""tot_sel_req"": ""383"", ""tot_buy_req"": ""1133"", ""tot_buy_req_jub_pre"": ""+1"", ""ovt_sel_req_pre"": ""0"", ""ovt_sel_req"": ""0"", ""ovt_buy_req"": ""0"", ""ovt_buy_req_pre"": ""0"", ""return_code"": 0, ""return_msg"": ""정상적으로 처리되었습니다""}"
2026-06-10,watchlist,181710,,1,filtered_candidate_recheck,40050,,40050,40000,40050,40250,0.37453183520599254,0.12484394506866417,,,,,,"{""bid_req_base_tm"": ""101748"", ""sel_10th_pre_req_pre"": ""0"", ""sel_10th_pre_req"": ""12"", ""sel_10th_pre_bid"": ""-40600"", ""sel_9th_pre_req_pre"": ""0"", ""sel_9th_pre_req"": ""2"", ""sel_9th_pre_bid"": ""-40550"", ""sel_8th_pre_req_pre"": ""0"", ""sel_8th_pre_req"": ""822"", ""sel_8th_pre_bid"": ""-40500"", ""sel_7th_pre_req_pre"": ""0"", ""sel_7th_pre_req"": ""199"", ""sel_7th_pre_bid"": ""-40450"", ""sel_6th_pre_req_pre"": ""0"", ""sel_6th_pre_req"": ""35"", ""sel_6th_pre_bid"": ""-40350"", ""sel_5th_pre_req_pre"": ""0"", ""sel_5th_pre_req"": ""1"", ""sel_5th_pre_bid"": ""-40300"", ""sel_4th_pre_req_pre"": ""0"", ""sel_4th_pre_req"": ""5"", ""sel_4th_pre_bid"": ""-40200"", ""sel_3th_pre_req_pre"": ""0"", ""sel_3th_pre_req"": ""30"", ""sel_3th_pre_bid"": ""-40150"", ""sel_2th_pre_req_pre"": ""0"", ""sel_2th_pre_req"": ""27"", ""sel_2th_pre_bid"": ""-40100"", ""sel_1th_pre_req_pre"": ""0"", ""sel_fpr_req"": ""244"", ""sel_fpr_bid"": ""-40050"", ""buy_fpr_bid"": ""-40000"", ""buy_fpr_req"": ""1170"", ""buy_1th_pre_req_pre"": ""0"", ""buy_2th_pre_bid"": ""-39950"", ""buy_2th_pre_req"": ""67"", ""buy_2th_pre_req_pre"": ""0"", ""buy_3th_pre_bid"": ""-39900"", ""buy_3th_pre_req"": ""530"", ""buy_3th_pre_req_pre"": ""0"", ""buy_4th_pre_bid"": ""-39850"", ""buy_4th_pre_req"": ""632"", ""buy_4th_pre_req_pre"": ""0"", ""buy_5th_pre_bid"": ""-39800"", ""buy_5th_pre_req"": ""414"", ""buy_5th_pre_req_pre"": ""0"", ""buy_6th_pre_bid"": ""-39750"", ""buy_6th_pre_req"": ""24"", ""buy_6th_pre_req_pre"": ""--100"", ""buy_7th_pre_bid"": ""-39700"", ""buy_7th_pre_req"": ""772"", ""buy_7th_pre_req_pre"": ""+100"", ""buy_8th_pre_bid"": ""-39650"", ""buy_8th_pre_req"": ""38"", ""buy_8th_pre_req_pre"": ""0"", ""buy_9th_pre_bid"": ""-39600"", ""buy_9th_pre_req"": ""463"", ""buy_9th_pre_req_pre"": ""0"", ""buy_10th_pre_bid"": ""-39550"", ""buy_10th_pre_req"": ""10"", ""buy_10th_pre_req_pre"": ""0"", ""tot_sel_req_jub_pre"": ""0"", ""tot_sel_req"": ""1377"", ""tot_buy_req"": ""4120"", ""tot_buy_req_jub_pre"": ""0"", ""ovt_sel_req_pre"": ""0"", ""ovt_sel_req"": ""0"", ""ovt_buy_req"": ""0"", ""ovt_buy_req_pre"": ""0"", ""return_code"": 0, ""return_msg"": ""정상적으로 처리되었습니다""}"
2026-06-10,watchlist,085620,,0,filtered_candidate_recheck,22300,,22300,22250,22300,22300,-0.2242152466367713,0.2242152466367713,,,,,,"{""bid_req_base_tm"": ""101750"", ""sel_10th_pre_req_pre"": ""0"", ""sel_10th_pre_req"": ""299"", ""sel_10th_pre_bid"": ""-22750"", ""sel_9th_pre_req_pre"": ""0"", ""sel_9th_pre_req"": ""1958"", ""sel_9th_pre_bid"": ""-22700"", ""sel_8th_pre_req_pre"": ""0"", ""sel_8th_pre_req"": ""812"", ""sel_8th_pre_bid"": ""-22650"", ""sel_7th_pre_req_pre"": ""0"", ""sel_7th_pre_req"": ""334"", ""sel_7th_pre_bid"": ""-22600"", ""sel_6th_pre_req_pre"": ""0"", ""sel_6th_pre_req"": ""12130"", ""sel_6th_pre_bid"": ""-22550"", ""sel_5th_pre_req_pre"": ""0"", ""sel_5th_pre_req"": ""543"", ""sel_5th_pre_bid"": ""-22500"", ""sel_4th_pre_req_pre"": ""0"", ""sel_4th_pre_req"": ""639"", ""sel_4th_pre_bid"": ""-22450"", ""sel_3th_pre_req_pre"": ""0"", ""sel_3th_pre_req"": ""75"", ""sel_3th_pre_bid"": ""-22400"", ""sel_2th_pre_req_pre"": ""0"", ""sel_2th_pre_req"": ""82"", ""sel_2th_pre_bid"": ""-22350"", ""sel_1th_pre_req_pre"": ""0"", ""sel_fpr_req"": ""33"", ""sel_fpr_bid"": ""-22300"", ""buy_fpr_bid"": ""-22250"", ""buy_fpr_req"": ""147"", ""buy_1th_pre_req_pre"": ""--1"", ""buy_2th_pre_bid"": ""-22200"", ""buy_2th_pre_req"": ""1833"", ""buy_2th_pre_req_pre"": ""0"", ""buy_3th_pre_bid"": ""-22150"", ""buy_3th_pre_req"": ""2305"", ""buy_3th_pre_req_pre"": ""0"", ""buy_4th_pre_bid"": ""-22100"", ""buy_4th_pre_req"": ""1148"", ""buy_4th_pre_req_pre"": ""0"", ""buy_5th_pre_bid"": ""-22050"", ""buy_5th_pre_req"": ""3041"", ""buy_5th_pre_req_pre"": ""0"", ""buy_6th_pre_bid"": ""-22000"", ""buy_6th_pre_req"": ""2304"", ""buy_6th_pre_req_pre"": ""0"", ""buy_7th_pre_bid"": ""-21950"", ""buy_7th_pre_req"": ""2448"", ""buy_7th_pre_req_pre"": ""0"", ""buy_8th_pre_bid"": ""-21900"", ""buy_8th_pre_req"": ""2850"", ""buy_8th_pre_req_pre"": ""0"", ""buy_9th_pre_bid"": ""-21850"", ""buy_9th_pre_req"": ""1765"", ""buy_9th_pre_req_pre"": ""0"", ""buy_10th_pre_bid"": ""-21800"", ""buy_10th_pre_req"": ""1934"", ""buy_10th_pre_req_pre"": ""0"", ""tot_sel_req_jub_pre"": ""0"", ""tot_sel_req"": ""16905"", ""tot_buy_req"": ""19775"", ""tot_buy_req_jub_pre"": ""--1"", ""ovt_sel_req_pre"": ""0"", ""ovt_sel_req"": ""0"", ""ovt_buy_req"": ""0"", ""ovt_buy_req_pre"": ""0"", ""return_code"": 0, ""return_msg"": ""정상적으로 처리되었습니다""}"
2026-06-10,watchlist,062040,,0,filtered_candidate_recheck,228500,,228500,228000,228500,228000,-0.437636761487965,0.2188183807439825,,,,,,"{""bid_req_base_tm"": ""101751"", ""sel_10th_pre_req_pre"": ""0"", ""sel_10th_pre_req"": ""1353"", ""sel_10th_pre_bid"": ""+233000"", ""sel_9th_pre_req_pre"": ""0"", ""sel_9th_pre_req"": ""572"", ""sel_9th_pre_bid"": ""+232500"", ""sel_8th_pre_req_pre"": ""0"", ""sel_8th_pre_req"": ""331"", ""sel_8th_pre_bid"": ""+232000"", ""sel_7th_pre_req_pre"": ""0"", ""sel_7th_pre_req"": ""76"", ""sel_7th_pre_bid"": ""+231500"", ""sel_6th_pre_req_pre"": ""0"", ""sel_6th_pre_req"": ""78"", ""sel_6th_pre_bid"": ""+231000"", ""sel_5th_pre_req_pre"": ""0"", ""sel_5th_pre_req"": ""68"", ""sel_5th_pre_bid"": ""+230500"", ""sel_4th_pre_req_pre"": ""0"", ""sel_4th_pre_req"": ""53"", ""sel_4th_pre_bid"": ""+230000"", ""sel_3th_pre_req_pre"": ""0"", ""sel_3th_pre_req"": ""134"", ""sel_3th_pre_bid"": ""+229500"", ""sel_2th_pre_req_pre"": ""0"", ""sel_2th_pre_req"": ""117"", ""sel_2th_pre_bid"": ""+229000"", ""sel_1th_pre_req_pre"": ""+2"", ""sel_fpr_req"": ""82"", ""sel_fpr_bid"": ""+228500"", ""buy_fpr_bid"": ""+228000"", ""buy_fpr_req"": ""48"", ""buy_1th_pre_req_pre"": ""0"", ""buy_2th_pre_bid"": ""+227500"", ""buy_2th_pre_req"": ""123"", ""buy_2th_pre_req_pre"": ""0"", ""buy_3th_pre_bid"": ""+227000"", ""buy_3th_pre_req"": ""171"", ""buy_3th_pre_req_pre"": ""0"", ""buy_4th_pre_bid"": ""+226500"", ""buy_4th_pre_req"": ""39"", ""buy_4th_pre_req_pre"": ""0"", ""buy_5th_pre_bid"": ""+226000"", ""buy_5th_pre_req"": ""271"", ""buy_5th_pre_req_pre"": ""0"", ""buy_6th_pre_bid"": ""+225500"", ""buy_6th_pre_req"": ""502"", ""buy_6th_pre_req_pre"": ""0"", ""buy_7th_pre_bid"": ""225000"", ""buy_7th_pre_req"": ""596"", ""buy_7th_pre_req_pre"": ""0"", ""buy_8th_pre_bid"": ""-224500"", ""buy_8th_pre_req"": ""52"", ""buy_8th_pre_req_pre"": ""0"", ""buy_9th_pre_bid"": ""-224000"", ""buy_9th_pre_req"": ""116"", ""buy_9th_pre_req_pre"": ""0"", ""buy_10th_pre_bid"": ""-223500"", ""buy_10th_pre_req"": ""245"", ""buy_10th_pre_req_pre"": ""0"", ""tot_sel_req_jub_pre"": ""+2"", ""tot_sel_req"": ""2864"", ""tot_buy_req"": ""2163"", ""tot_buy_req_jub_pre"": ""0"", ""ovt_sel_req_pre"": ""0"", ""ovt_sel_req"": ""0"", ""ovt_buy_req"": ""0"", ""ovt_buy_req_pre"": ""0"", ""return_code"": 0, ""return_msg"": ""정상적으로 처리되었습니다""}"
2026-06-10,watchlist,036460,,0,filtered_candidate_recheck,34350,,34350,34300,34350,34400,0.0,0.1455604075691412,,,,,,"{""bid_req_base_tm"": ""101751"", ""sel_10th_pre_req_pre"": ""0"", ""sel_10th_pre_req"": ""17"", ""sel_10th_pre_bid"": ""+34800"", ""sel_9th_pre_req_pre"": ""0"", ""sel_9th_pre_req"": ""611"", ""sel_9th_pre_bid"": ""+34750"", ""sel_8th_pre_req_pre"": ""0"", ""sel_8th_pre_req"": ""79"", ""sel_8th_pre_bid"": ""+34700"", ""sel_7th_pre_req_pre"": ""0"", ""sel_7th_pre_req"": ""271"", ""sel_7th_pre_bid"": ""+34650"", ""sel_6th_pre_req_pre"": ""0"", ""sel_6th_pre_req"": ""638"", ""sel_6th_pre_bid"": ""+34600"", ""sel_5th_pre_req_pre"": ""0"", ""sel_5th_pre_req"": ""256"", ""sel_5th_pre_bid"": ""+34550"", ""sel_4th_pre_req_pre"": ""0"", ""sel_4th_pre_req"": ""728"", ""sel_4th_pre_bid"": ""+34500"", ""sel_3th_pre_req_pre"": ""0"", ""sel_3th_pre_req"": ""470"", ""sel_3th_pre_bid"": ""+34450"", ""sel_2th_pre_req_pre"": ""0"", ""sel_2th_pre_req"": ""1398"", ""sel_2th_pre_bid"": ""+34400"", ""sel_1th_pre_req_pre"": ""--32"", ""sel_fpr_req"": ""388"", ""sel_fpr_bid"": ""+34350"", ""buy_fpr_bid"": ""+34300"", ""buy_fpr_req"": ""239"", ""buy_1th_pre_req_pre"": ""0"", ""buy_2th_pre_bid"": ""+34250"", ""buy_2th_pre_req"": ""550"", ""buy_2th_pre_req_pre"": ""0"", ""buy_3th_pre_bid"": ""+34200"", ""buy_3th_pre_req"": ""525"", ""buy_3th_pre_req_pre"": ""0"", ""buy_4th_pre_bid"": ""+34150"", ""buy_4th_pre_req"": ""464"", ""buy_4th_pre_req_pre"": ""0"", ""buy_5th_pre_bid"": ""+34100"", ""buy_5th_pre_req"": ""429"", ""buy_5th_pre_req_pre"": ""0"", ""buy_6th_pre_bid"": ""+34050"", ""buy_6th_pre_req"": ""1118"", ""buy_6th_pre_req_pre"": ""0"", ""buy_7th_pre_bid"": ""34000"", ""buy_7th_pre_req"": ""2985"", ""buy_7th_pre_req_pre"": ""0"", ""buy_8th_pre_bid"": ""-33950"", ""buy_8th_pre_req"": ""854"", ""buy_8th_pre_req_pre"": ""0"", ""buy_9th_pre_bid"": ""-33900"", ""buy_9th_pre_req"": ""831"", ""buy_9th_pre_req_pre"": ""0"", ""buy_10th_pre_bid"": ""-33850"", ""buy_10th_pre_req"": ""279"", ""buy_10th_pre_req_pre"": ""0"", ""tot_sel_req_jub_pre"": ""--32"", ""tot_sel_req"": ""4856"", ""tot_buy_req"": ""8274"", ""tot_buy_req_jub_pre"": ""0"", ""ovt_sel_req_pre"": ""0"", ""ovt_sel_req"": ""0"", ""ovt_buy_req"": ""0"", ""ovt_buy_req_pre"": ""0"", ""return_code"": 0, ""return_msg"": ""정상적으로 처리되었습니다""}"
2026-06-10,watchlist,066575,,0,filtered_candidate_recheck,79300,,79300,79200,79300,78900,-0.6305170239596469,0.12610340479192939,,,,,,"{""bid_req_base_tm"": ""101751"", ""sel_10th_pre_req_pre"": ""0"", ""sel_10th_pre_req"": ""311"", ""sel_10th_pre_bid"": ""-80200"", ""sel_9th_pre_req_pre"": ""0"", ""sel_9th_pre_req"": ""91"", ""sel_9th_pre_bid"": ""-80100"", ""sel_8th_pre_req_pre"": ""0"", ""sel_8th_pre_req"": ""766"", ""sel_8th_pre_bid"": ""-80000"", ""sel_7th_pre_req_pre"": ""0"", ""sel_7th_pre_req"": ""332"", ""sel_7th_pre_bid"": ""-79900"", ""sel_6th_pre_req_pre"": ""0"", ""sel_6th_pre_req"": ""365"", ""sel_6th_pre_bid"": ""-79800"", ""sel_5th_pre_req_pre"": ""0"", ""sel_5th_pre_req"": ""414"", ""sel_5th_pre_bid"": ""-79700"", ""sel_4th_pre_req_pre"": ""+4"", ""sel_4th_pre_req"": ""61"", ""sel_4th_pre_bid"": ""-79600"", ""sel_3th_pre_req_pre"": ""0"", ""sel_3th_pre_req"": ""582"", ""sel_3th_pre_bid"": ""-79500"", ""sel_2th_pre_req_pre"": ""0"", ""sel_2th_pre_req"": ""377"", ""sel_2th_pre_bid"": ""-79400"", ""sel_1th_pre_req_pre"": ""0"", ""sel_fpr_req"": ""186"", ""sel_fpr_bid"": ""-79300"", ""buy_fpr_bid"": ""-79200"", ""buy_fpr_req"": ""33"", ""buy_1th_pre_req_pre"": ""0"", ""buy_2th_pre_bid"": ""-79100"", ""buy_2th_pre_req"": ""47"", ""buy_2th_pre_req_pre"": ""0"", ""buy_3th_pre_bid"": ""-79000"", ""buy_3th_pre_req"": ""47"", ""buy_3th_pre_req_pre"": ""0"", ""buy_4th_pre_bid"": ""-78900"", ""buy_4th_pre_req"": ""237"", ""buy_4th_pre_req_pre"": ""0"", ""buy_5th_pre_bid"": ""-78800"", ""buy_5th_pre_req"": ""249"", ""buy_5th_pre_req_pre"": ""0"", ""buy_6th_pre_bid"": ""-78700"", ""buy_6th_pre_req"": ""15"", ""buy_6th_pre_req_pre"": ""0"", ""buy_7th_pre_bid"": ""-78600"", ""buy_7th_pre_req"": ""13"", ""buy_7th_pre_req_pre"": ""0"", ""buy_8th_pre_bid"": ""-78500"", ""buy_8th_pre_req"": ""43"", ""buy_8th_pre_req_pre"": ""0"", ""buy_9th_pre_bid"": ""-78400"", ""buy_9th_pre_req"": ""9"", ""buy_9th_pre_req_pre"": ""0"", ""buy_10th_pre_bid"": ""-78300"", ""buy_10th_pre_req"": ""23"", ""buy_10th_pre_req_pre"": ""0"", ""tot_sel_req_jub_pre"": ""+4"", ""tot_sel_req"": ""3485"", ""tot_buy_req"": ""716"", ""tot_buy_req_jub_pre"": ""0"", ""ovt_sel_req_pre"": ""0"", ""ovt_sel_req"": ""0"", ""ovt_buy_req"": ""0"", ""ovt_buy_req_pre"": ""0"", ""return_code"": 0, ""return_msg"": ""정상적으로 처리되었습니다""}"
2026-06-10,watchlist,000810,,0,filtered_candidate_recheck,619000,,619000,618000,619000,615000,-0.8077544426494345,0.16155088852988692,,,,,,"{""bid_req_base_tm"": ""101751"", ""sel_10th_pre_req_pre"": ""0"", ""sel_10th_pre_req"": ""23"", ""sel_10th_pre_bid"": ""-628000"", ""sel_9th_pre_req_pre"": ""0"", ""sel_9th_pre_req"": ""16"", ""sel_9th_pre_bid"": ""-627000"", ""sel_8th_pre_req_pre"": ""0"", ""sel_8th_pre_req"": ""18"", ""sel_8th_pre_bid"": ""-626000"", ""sel_7th_pre_req_pre"": ""0"", ""sel_7th_pre_req"": ""6"", ""sel_7th_pre_bid"": ""-625000"", ""sel_6th_pre_req_pre"": ""0"", ""sel_6th_pre_req"": ""11"", ""sel_6th_pre_bid"": ""-624000"", ""sel_5th_pre_req_pre"": ""0"", ""sel_5th_pre_req"": ""261"", ""sel_5th_pre_bid"": ""-623000"", ""sel_4th_pre_req_pre"": ""0"", ""sel_4th_pre_req"": ""20"", ""sel_4th_pre_bid"": ""-622000"", ""sel_3th_pre_req_pre"": ""0"", ""sel_3th_pre_req"": ""173"", ""sel_3th_pre_bid"": ""-621000"", ""sel_2th_pre_req_pre"": ""0"", ""sel_2th_pre_req"": ""73"", ""sel_2th_pre_bid"": ""-620000"", ""sel_1th_pre_req_pre"": ""--3"", ""sel_fpr_req"": ""208"", ""sel_fpr_bid"": ""-619000"", ""buy_fpr_bid"": ""-618000"", ""buy_fpr_req"": ""23"", ""buy_1th_pre_req_pre"": ""0"", ""buy_2th_pre_bid"": ""-617000"", ""buy_2th_pre_req"": ""35"", ""buy_2th_pre_req_pre"": ""0"", ""buy_3th_pre_bid"": ""-616000"", ""buy_3th_pre_req"": ""24"", ""buy_3th_pre_req_pre"": ""0"", ""buy_4th_pre_bid"": ""-615000"", ""buy_4th_pre_req"": ""88"", ""buy_4th_pre_req_pre"": ""0"", ""buy_5th_pre_bid"": ""-614000"", ""buy_5th_pre_req"": ""3"", ""buy_5th_pre_req_pre"": ""0"", ""buy_6th_pre_bid"": ""-613000"", ""buy_6th_pre_req"": ""19"", ""buy_6th_pre_req_pre"": ""0"", ""buy_7th_pre_bid"": ""-612000"", ""buy_7th_pre_req"": ""14"", ""buy_7th_pre_req_pre"": ""0"", ""buy_8th_pre_bid"": ""-611000"", ""buy_8th_pre_req"": ""26"", ""buy_8th_pre_req_pre"": ""0"", ""buy_9th_pre_bid"": ""-610000"", ""buy_9th_pre_req"": ""70"", ""buy_9th_pre_req_pre"": ""0"", ""buy_10th_pre_bid"": ""-609000"", ""buy_10th_pre_req"": ""18"", ""buy_10th_pre_req_pre"": ""0"", ""tot_sel_req_jub_pre"": ""--3"", ""tot_sel_req"": ""809"", ""tot_buy_req"": ""320"", ""tot_buy_req_jub_pre"": ""0"", ""ovt_sel_req_pre"": ""0"", ""ovt_sel_req"": ""0"", ""ovt_buy_req"": ""0"", ""ovt_buy_req_pre"": ""0"", ""return_code"": 0, ""return_msg"": ""정상적으로 처리되었습니다""}"
2026-06-10,watchlist,005930,,0,filtered_candidate_recheck,309000,,309000,308500,309000,309500,0.0,0.16181229773462785,,,,,,"{""bid_req_base_tm"": ""101752"", ""sel_10th_pre_req_pre"": ""0"", ""sel_10th_pre_req"": ""12867"", ""sel_10th_pre_bid"": ""-313500"", ""sel_9th_pre_req_pre"": ""+1"", ""sel_9th_pre_req"": ""18782"", ""sel_9th_pre_bid"": ""-313000"", ""sel_8th_pre_req_pre"": ""0"", ""sel_8th_pre_req"": ""12457"", ""sel_8th_pre_bid"": ""-312500"", ""sel_7th_pre_req_pre"": ""0"", ""sel_7th_pre_req"": ""19876"", ""sel_7th_pre_bid"": ""-312000"", ""sel_6th_pre_req_pre"": ""0"", ""sel_6th_pre_req"": ""16713"", ""sel_6th_pre_bid"": ""-311500"", ""sel_5th_pre_req_pre"": ""0"", ""sel_5th_pre_req"": ""15793"", ""sel_5th_pre_bid"": ""-311000"", ""sel_4th_pre_req_pre"": ""0"", ""sel_4th_pre_req"": ""13826"", ""sel_4th_pre_bid"": ""-310500"", ""sel_3th_pre_req_pre"": ""0"", ""sel_3th_pre_req"": ""29221"", ""sel_3th_pre_bid"": ""-310000"", ""sel_2th_pre_req_pre"": ""0"", ""sel_2th_pre_req"": ""49402"", ""sel_2th_pre_bid"": ""-309500"", ""sel_1th_pre_req_pre"": ""0"", ""sel_fpr_req"": ""13072"", ""sel_fpr_bid"": ""-309000"", ""buy_fpr_bid"": ""-308500"", ""buy_fpr_req"": ""5260"", ""buy_1th_pre_req_pre"": ""0"", ""buy_2th_pre_bid"": ""-308000"", ""buy_2th_pre_req"": ""21786"", ""buy_2th_pre_req_pre"": ""0"", ""buy_3th_pre_bid"": ""-307500"", ""buy_3th_pre_req"": ""10110"", ""buy_3th_pre_req_pre"": ""+42"", ""buy_4th_pre_bid"": ""-307000"", ""buy_4th_pre_req"": ""15119"", ""buy_4th_pre_req_pre"": ""0"", ""buy_5th_pre_bid"": ""-306500"", ""buy_5th_pre_req"": ""18418"", ""buy_5th_pre_req_pre"": ""0"", ""buy_6th_pre_bid"": ""-306000"", ""buy_6th_pre_req"": ""62795"", ""buy_6th_pre_req_pre"": ""--23"", ""buy_7th_pre_bid"": ""-305500"", ""buy_7th_pre_req"": ""78252"", ""buy_7th_pre_req_pre"": ""0"", ""buy_8th_pre_bid"": ""-305000"", ""buy_8th_pre_req"": ""196637"", ""buy_8th_pre_req_pre"": ""+2"", ""buy_9th_pre_bid"": ""-304500"", ""buy_9th_pre_req"": ""28101"", ""buy_9th_pre_req_pre"": ""0"", ""buy_10th_pre_bid"": ""-304000"", ""buy_10th_pre_req"": ""42383"", ""buy_10th_pre_req_pre"": ""+1"", ""tot_sel_req_jub_pre"": ""+1"", ""tot_sel_req"": ""202009"", ""tot_buy_req"": ""478861"", ""tot_buy_req_jub_pre"": ""+22"", ""ovt_sel_req_pre"": ""0"", ""ovt_sel_req"": ""0"", ""ovt_buy_req"": ""0"", ""ovt_buy_req_pre"": ""0"", ""return_code"": 0, ""return_msg"": ""정상적으로 처리되었습니다""}"
2026-06-10,watchlist,000370,,0,filtered_candidate_recheck,6700,,6700,6680,6700,6690,-0.2985074626865672,0.2985074626865672,,,,,,"{""bid_req_base_tm"": ""101752"", ""sel_10th_pre_req_pre"": ""0"", ""sel_10th_pre_req"": ""9173"", ""sel_10th_pre_bid"": ""+6790"", ""sel_9th_pre_req_pre"": ""0"", ""sel_9th_pre_req"": ""2396"", ""sel_9th_pre_bid"": ""+6780"", ""sel_8th_pre_req_pre"": ""0"", ""sel_8th_pre_req"": ""1545"", ""sel_8th_pre_bid"": ""+6770"", ""sel_7th_pre_req_pre"": ""0"", ""sel_7th_pre_req"": ""672"", ""sel_7th_pre_bid"": ""+6760"", ""sel_6th_pre_req_pre"": ""0"", ""sel_6th_pre_req"": ""491"", ""sel_6th_pre_bid"": ""+6750"", ""sel_5th_pre_req_pre"": ""0"", ""sel_5th_pre_req"": ""20"", ""sel_5th_pre_bid"": ""+6740"", ""sel_4th_pre_req_pre"": ""0"", ""sel_4th_pre_req"": ""823"", ""sel_4th_pre_bid"": ""+6730"", ""sel_3th_pre_req_pre"": ""0"", ""sel_3th_pre_req"": ""263"", ""sel_3th_pre_bid"": ""+6720"", ""sel_2th_pre_req_pre"": ""0"", ""sel_2th_pre_req"": ""669"", ""sel_2th_pre_bid"": ""+6710"", ""sel_1th_pre_req_pre"": ""+2"", ""sel_fpr_req"": ""302"", ""sel_fpr_bid"": ""+6700"", ""buy_fpr_bid"": ""+6680"", ""buy_fpr_req"": ""2107"", ""buy_1th_pre_req_pre"": ""0"", ""buy_2th_pre_bid"": ""+6670"", ""buy_2th_pre_req"": ""1061"", ""buy_2th_pre_req_pre"": ""0"", ""buy_3th_pre_bid"": ""+6660"", ""buy_3th_pre_req"": ""1064"", ""buy_3th_pre_req_pre"": ""0"", ""buy_4th_pre_bid"": ""+6650"", ""buy_4th_pre_req"": ""1050"", ""buy_4th_pre_req_pre"": ""0"", ""buy_5th_pre_bid"": ""+6640"", ""buy_5th_pre_req"": ""1051"", ""buy_5th_pre_req_pre"": ""0"", ""buy_6th_pre_bid"": ""+6630"", ""buy_6th_pre_req"": ""1400"", ""buy_6th_pre_req_pre"": ""0"", ""buy_7th_pre_bid"": ""+6620"", ""buy_7th_pre_req"": ""1214"", ""buy_7th_pre_req_pre"": ""0"", ""buy_8th_pre_bid"": ""+6610"", ""buy_8th_pre_req"": ""3226"", ""buy_8th_pre_req_pre"": ""0"", ""buy_9th_pre_bid"": ""+6600"", ""buy_9th_pre_req"": ""1133"", ""buy_9th_pre_req_pre"": ""0"", ""buy_10th_pre_bid"": ""+6590"", ""buy_10th_pre_req"": ""112"", ""buy_10th_pre_req_pre"": ""0"", ""tot_sel_req_jub_pre"": ""+2"", ""tot_sel_req"": ""16354"", ""tot_buy_req"": ""13418"", ""tot_buy_req_jub_pre"": ""0"", ""ovt_sel_req_pre"": ""0"", ""ovt_sel_req"": ""0"", ""ovt_buy_req"": ""0"", ""ovt_buy_req_pre"": ""0"", ""return_code"": 0, ""return_msg"": ""정상적으로 처리되었습니다""}"
2026-06-10,watchlist,064400,,0,filtered_candidate_recheck,96700,,96700,96500,96700,96600,-0.2068252326783868,0.2068252326783868,,,,,,"{""bid_req_base_tm"": ""101752"", ""sel_10th_pre_req_pre"": ""0"", ""sel_10th_pre_req"": ""202"", ""sel_10th_pre_bid"": ""-97600"", ""sel_9th_pre_req_pre"": ""0"", ""sel_9th_pre_req"": ""261"", ""sel_9th_pre_bid"": ""-97500"", ""sel_8th_pre_req_pre"": ""0"", ""sel_8th_pre_req"": ""332"", ""sel_8th_pre_bid"": ""-97400"", ""sel_7th_pre_req_pre"": ""0"", ""sel_7th_pre_req"": ""103"", ""sel_7th_pre_bid"": ""-97300"", ""sel_6th_pre_req_pre"": ""0"", ""sel_6th_pre_req"": ""243"", ""sel_6th_pre_bid"": ""-97200"", ""sel_5th_pre_req_pre"": ""0"", ""sel_5th_pre_req"": ""108"", ""sel_5th_pre_bid"": ""-97100"", ""sel_4th_pre_req_pre"": ""0"", ""sel_4th_pre_req"": ""1747"", ""sel_4th_pre_bid"": ""-97000"", ""sel_3th_pre_req_pre"": ""0"", ""sel_3th_pre_req"": ""278"", ""sel_3th_pre_bid"": ""-96900"", ""sel_2th_pre_req_pre"": ""0"", ""sel_2th_pre_req"": ""144"", ""sel_2th_pre_bid"": ""-96800"", ""sel_1th_pre_req_pre"": ""0"", ""sel_fpr_req"": ""434"", ""sel_fpr_bid"": ""-96700"", ""buy_fpr_bid"": ""-96500"", ""buy_fpr_req"": ""7"", ""buy_1th_pre_req_pre"": ""0"", ""buy_2th_pre_bid"": ""-96400"", ""buy_2th_pre_req"": ""4"", ""buy_2th_pre_req_pre"": ""0"", ""buy_3th_pre_bid"": ""-96300"", ""buy_3th_pre_req"": ""29"", ""buy_3th_pre_req_pre"": ""0"", ""buy_4th_pre_bid"": ""-96200"", ""buy_4th_pre_req"": ""30"", ""buy_4th_pre_req_pre"": ""0"", ""buy_5th_pre_bid"": ""-96100"", ""buy_5th_pre_req"": ""446"", ""buy_5th_pre_req_pre"": ""0"", ""buy_6th_pre_bid"": ""-96000"", ""buy_6th_pre_req"": ""1257"", ""buy_6th_pre_req_pre"": ""0"", ""buy_7th_pre_bid"": ""-95900"", ""buy_7th_pre_req"": ""516"", ""buy_7th_pre_req_pre"": ""0"", ""buy_8th_pre_bid"": ""-95800"", ""buy_8th_pre_req"": ""969"", ""buy_8th_pre_req_pre"": ""0"", ""buy_9th_pre_bid"": ""-95700"", ""buy_9th_pre_req"": ""832"", ""buy_9th_pre_req_pre"": ""0"", ""buy_10th_pre_bid"": ""-95600"", ""buy_10th_pre_req"": ""1456"", ""buy_10th_pre_req_pre"": ""0"", ""tot_sel_req_jub_pre"": ""0"", ""tot_sel_req"": ""3852"", ""tot_buy_req"": ""5546"", ""tot_buy_req_jub_pre"": ""0"", ""ovt_sel_req_pre"": ""0"", ""ovt_sel_req"": ""0"", ""ovt_buy_req"": ""0"", ""ovt_buy_req_pre"": ""0"", ""return_code"": 0, ""return_msg"": ""정상적으로 처리되었습니다""}"
2026-06-10,watchlist,009420,,0,filtered_candidate_recheck,50300,,50300,50200,50300,50500,0.19880715705765406,0.19880715705765406,,,,,,"{""bid_req_base_tm"": ""101753"", ""sel_10th_pre_req_pre"": ""0"", ""sel_10th_pre_req"": ""460"", ""sel_10th_pre_bid"": ""-51300"", ""sel_9th_pre_req_pre"": ""0"", ""sel_9th_pre_req"": ""141"", ""sel_9th_pre_bid"": ""-51200"", ""sel_8th_pre_req_pre"": ""0"", ""sel_8th_pre_req"": ""80"", ""sel_8th_pre_bid"": ""-51100"", ""sel_7th_pre_req_pre"": ""0"", ""sel_7th_pre_req"": ""112"", ""sel_7th_pre_bid"": ""-51000"", ""sel_6th_pre_req_pre"": ""0"", ""sel_6th_pre_req"": ""38"", ""sel_6th_pre_bid"": ""-50900"", ""sel_5th_pre_req_pre"": ""0"", ""sel_5th_pre_req"": ""272"", ""sel_5th_pre_bid"": ""-50700"", ""sel_4th_pre_req_pre"": ""0"", ""sel_4th_pre_req"": ""251"", ""sel_4th_pre_bid"": ""-50600"", ""sel_3th_pre_req_pre"": ""0"", ""sel_3th_pre_req"": ""56"", ""sel_3th_pre_bid"": ""-50500"", ""sel_2th_pre_req_pre"": ""0"", ""sel_2th_pre_req"": ""161"", ""sel_2th_pre_bid"": ""-50400"", ""sel_1th_pre_req_pre"": ""0"", ""sel_fpr_req"": ""206"", ""sel_fpr_bid"": ""-50300"", ""buy_fpr_bid"": ""-50200"", ""buy_fpr_req"": ""57"", ""buy_1th_pre_req_pre"": ""+1"", ""buy_2th_pre_bid"": ""-50100"", ""buy_2th_pre_req"": ""235"", ""buy_2th_pre_req_pre"": ""0"", ""buy_3th_pre_bid"": ""-50000"", ""buy_3th_pre_req"": ""269"", ""buy_3th_pre_req_pre"": ""0"", ""buy_4th_pre_bid"": ""-49950"", ""buy_4th_pre_req"": ""233"", ""buy_4th_pre_req_pre"": ""0"", ""buy_5th_pre_bid"": ""-49900"", ""buy_5th_pre_req"": ""374"", ""buy_5th_pre_req_pre"": ""0"", ""buy_6th_pre_bid"": ""-49850"", ""buy_6th_pre_req"": ""269"", ""buy_6th_pre_req_pre"": ""0"", ""buy_7th_pre_bid"": ""-49800"", ""buy_7th_pre_req"": ""528"", ""buy_7th_pre_req_pre"": ""0"", ""buy_8th_pre_bid"": ""-49750"", ""buy_8th_pre_req"": ""909"", ""buy_8th_pre_req_pre"": ""0"", ""buy_9th_pre_bid"": ""-49700"", ""buy_9th_pre_req"": ""1153"", ""buy_9th_pre_req_pre"": ""0"", ""buy_10th_pre_bid"": ""-49650"", ""buy_10th_pre_req"": ""282"", ""buy_10th_pre_req_pre"": ""0"", ""tot_sel_req_jub_pre"": ""0"", ""tot_sel_req"": ""1777"", ""tot_buy_req"": ""4309"", ""tot_buy_req_jub_pre"": ""+1"", ""ovt_sel_req_pre"": ""0"", ""ovt_sel_req"": ""0"", ""ovt_buy_req"": ""0"", ""ovt_buy_req_pre"": ""0"", ""return_code"": 0, ""return_msg"": ""정상적으로 처리되었습니다""}"
2026-06-10,watchlist,383220,,0,filtered_candidate_recheck,75400,,75400,75300,75400,75800,0.3978779840848806,0.1326259946949602,,,,,,"{""bid_req_base_tm"": ""101752"", ""sel_10th_pre_req_pre"": ""0"", ""sel_10th_pre_req"": ""1"", ""sel_10th_pre_bid"": ""+76600"", ""sel_9th_pre_req_pre"": ""0"", ""sel_9th_pre_req"": ""4"", ""sel_9th_pre_bid"": ""+76500"", ""sel_8th_pre_req_pre"": ""0"", ""sel_8th_pre_req"": ""2"", ""sel_8th_pre_bid"": ""+76400"", ""sel_7th_pre_req_pre"": ""0"", ""sel_7th_pre_req"": ""100"", ""sel_7th_pre_bid"": ""+76300"", ""sel_6th_pre_req_pre"": ""0"", ""sel_6th_pre_req"": ""1"", ""sel_6th_pre_bid"": ""+76200"", ""sel_5th_pre_req_pre"": ""0"", ""sel_5th_pre_req"": ""122"", ""sel_5th_pre_bid"": ""+76000"", ""sel_4th_pre_req_pre"": ""0"", ""sel_4th_pre_req"": ""101"", ""sel_4th_pre_bid"": ""+75900"", ""sel_3th_pre_req_pre"": ""0"", ""sel_3th_pre_req"": ""7"", ""sel_3th_pre_bid"": ""+75800"", ""sel_2th_pre_req_pre"": ""0"", ""sel_2th_pre_req"": ""16"", ""sel_2th_pre_bid"": ""+75500"", ""sel_1th_pre_req_pre"": ""0"", ""sel_fpr_req"": ""24"", ""sel_fpr_bid"": ""+75400"", ""buy_fpr_bid"": ""+75300"", ""buy_fpr_req"": ""149"", ""buy_1th_pre_req_pre"": ""0"", ""buy_2th_pre_bid"": ""+75200"", ""buy_2th_pre_req"": ""49"", ""buy_2th_pre_req_pre"": ""0"", ""buy_3th_pre_bid"": ""+75100"", ""buy_3th_pre_req"": ""56"", ""buy_3th_pre_req_pre"": ""0"", ""buy_4th_pre_bid"": ""+75000"", ""buy_4th_pre_req"": ""240"", ""buy_4th_pre_req_pre"": ""--22"", ""buy_5th_pre_bid"": ""+74900"", ""buy_5th_pre_req"": ""24"", ""buy_5th_pre_req_pre"": ""0"", ""buy_6th_pre_bid"": ""+74800"", ""buy_6th_pre_req"": ""9"", ""buy_6th_pre_req_pre"": ""0"", ""buy_7th_pre_bid"": ""+74700"", ""buy_7th_pre_req"": ""15"", ""buy_7th_pre_req_pre"": ""0"", ""buy_8th_pre_bid"": ""74600"", ""buy_8th_pre_req"": ""74"", ""buy_8th_pre_req_pre"": ""0"", ""buy_9th_pre_bid"": ""-74500"", ""buy_9th_pre_req"": ""27"", ""buy_9th_pre_req_pre"": ""0"", ""buy_10th_pre_bid"": ""-74400"", ""buy_10th_pre_req"": ""24"", ""buy_10th_pre_req_pre"": ""0"", ""tot_sel_req_jub_pre"": ""0"", ""tot_sel_req"": ""378"", ""tot_buy_req"": ""667"", ""tot_buy_req_jub_pre"": ""--22"", ""ovt_sel_req_pre"": ""0"", ""ovt_sel_req"": ""0"", ""ovt_buy_req"": ""0"", ""ovt_buy_req_pre"": ""0"", ""return_code"": 0, ""return_msg"": ""정상적으로 처리되었습니다""}"
2026-06-10,watchlist,004170,,0,filtered_candidate_recheck,668000,,668000,667000,668000,668000,-0.14970059880239522,0.14970059880239522,,,,,,"{""bid_req_base_tm"": ""101750"", ""sel_10th_pre_req_pre"": ""0"", ""sel_10th_pre_req"": ""33"", ""sel_10th_pre_bid"": ""+677000"", ""sel_9th_pre_req_pre"": ""0"", ""sel_9th_pre_req"": ""5"", ""sel_9th_pre_bid"": ""+676000"", ""sel_8th_pre_req_pre"": ""0"", ""sel_8th_pre_req"": ""24"", ""sel_8th_pre_bid"": ""+675000"", ""sel_7th_pre_req_pre"": ""0"", ""sel_7th_pre_req"": ""17"", ""sel_7th_pre_bid"": ""+674000"", ""sel_6th_pre_req_pre"": ""0"", ""sel_6th_pre_req"": ""1"", ""sel_6th_pre_bid"": ""+673000"", ""sel_5th_pre_req_pre"": ""0"", ""sel_5th_pre_req"": ""5"", ""sel_5th_pre_bid"": ""+672000"", ""sel_4th_pre_req_pre"": ""0"", ""sel_4th_pre_req"": ""14"", ""sel_4th_pre_bid"": ""+671000"", ""sel_3th_pre_req_pre"": ""0"", ""sel_3th_pre_req"": ""243"", ""sel_3th_pre_bid"": ""+670000"", ""sel_2th_pre_req_pre"": ""0"", ""sel_2th_pre_req"": ""52"", ""sel_2th_pre_bid"": ""+669000"", ""sel_1th_pre_req_pre"": ""+10"", ""sel_fpr_req"": ""71"", ""sel_fpr_bid"": ""+668000"", ""buy_fpr_bid"": ""+667000"", ""buy_fpr_req"": ""97"", ""buy_1th_pre_req_pre"": ""0"", ""buy_2th_pre_bid"": ""+665000"", ""buy_2th_pre_req"": ""8"", ""buy_2th_pre_req_pre"": ""0"", ""buy_3th_pre_bid"": ""+664000"", ""buy_3th_pre_req"": ""17"", ""buy_3th_pre_req_pre"": ""0"", ""buy_4th_pre_bid"": ""+663000"", ""buy_4th_pre_req"": ""81"", ""buy_4th_pre_req_pre"": ""0"", ""buy_5th_pre_bid"": ""+662000"", ""buy_5th_pre_req"": ""61"", ""buy_5th_pre_req_pre"": ""0"", ""buy_6th_pre_bid"": ""+661000"", ""buy_6th_pre_req"": ""1"", ""buy_6th_pre_req_pre"": ""0"", ""buy_7th_pre_bid"": ""+660000"", ""buy_7th_pre_req"": ""395"", ""buy_7th_pre_req_pre"": ""0"", ""buy_8th_pre_bid"": ""+659000"", ""buy_8th_pre_req"": ""5"", ""buy_8th_pre_req_pre"": ""0"", ""buy_9th_pre_bid"": ""+658000"", ""buy_9th_pre_req"": ""29"", ""buy_9th_pre_req_pre"": ""0"", ""buy_10th_pre_bid"": ""+657000"", ""buy_10th_pre_req"": ""17"", ""buy_10th_pre_req_pre"": ""0"", ""tot_sel_req_jub_pre"": ""+10"", ""tot_sel_req"": ""465"", ""tot_buy_req"": ""711"", ""tot_buy_req_jub_pre"": ""0"", ""ovt_sel_req_pre"": ""0"", ""ovt_sel_req"": ""0"", ""ovt_buy_req"": ""0"", ""ovt_buy_req_pre"": ""0"", ""return_code"": 0, ""return_msg"": ""정상적으로 처리되었습니다""}"
2026-06-10,watchlist,018260,,0,filtered_candidate_recheck,235500,,235500,235000,235500,236000,0.0,0.21231422505307856,,,,,,"{""bid_req_base_tm"": ""101753"", ""sel_10th_pre_req_pre"": ""0"", ""sel_10th_pre_req"": ""412"", ""sel_10th_pre_bid"": ""-240000"", ""sel_9th_pre_req_pre"": ""0"", ""sel_9th_pre_req"": ""379"", ""sel_9th_pre_bid"": ""-239500"", ""sel_8th_pre_req_pre"": ""0"", ""sel_8th_pre_req"": ""103"", ""sel_8th_pre_bid"": ""-239000"", ""sel_7th_pre_req_pre"": ""0"", ""sel_7th_pre_req"": ""60"", ""sel_7th_pre_bid"": ""-238500"", ""sel_6th_pre_req_pre"": ""0"", ""sel_6th_pre_req"": ""192"", ""sel_6th_pre_bid"": ""-238000"", ""sel_5th_pre_req_pre"": ""0"", ""sel_5th_pre_req"": ""122"", ""sel_5th_pre_bid"": ""-237500"", ""sel_4th_pre_req_pre"": ""0"", ""sel_4th_pre_req"": ""274"", ""sel_4th_pre_bid"": ""-237000"", ""sel_3th_pre_req_pre"": ""0"", ""sel_3th_pre_req"": ""211"", ""sel_3th_pre_bid"": ""-236500"", ""sel_2th_pre_req_pre"": ""0"", ""sel_2th_pre_req"": ""203"", ""sel_2th_pre_bid"": ""-236000"", ""sel_1th_pre_req_pre"": ""0"", ""sel_fpr_req"": ""456"", ""sel_fpr_bid"": ""-235500"", ""buy_fpr_bid"": ""-235000"", ""buy_fpr_req"": ""48"", ""buy_1th_pre_req_pre"": ""0"", ""buy_2th_pre_bid"": ""-234500"", ""buy_2th_pre_req"": ""269"", ""buy_2th_pre_req_pre"": ""0"", ""buy_3th_pre_bid"": ""-234000"", ""buy_3th_pre_req"": ""107"", ""buy_3th_pre_req_pre"": ""0"", ""buy_4th_pre_bid"": ""-233500"", ""buy_4th_pre_req"": ""249"", ""buy_4th_pre_req_pre"": ""0"", ""buy_5th_pre_bid"": ""-233000"", ""buy_5th_pre_req"": ""600"", ""buy_5th_pre_req_pre"": ""+16"", ""buy_6th_pre_bid"": ""-232500"", ""buy_6th_pre_req"": ""1258"", ""buy_6th_pre_req_pre"": ""--10"", ""buy_7th_pre_bid"": ""-232000"", ""buy_7th_pre_req"": ""1520"", ""buy_7th_pre_req_pre"": ""0"", ""buy_8th_pre_bid"": ""-231500"", ""buy_8th_pre_req"": ""1258"", ""buy_8th_pre_req_pre"": ""0"", ""buy_9th_pre_bid"": ""-231000"", ""buy_9th_pre_req"": ""2484"", ""buy_9th_pre_req_pre"": ""0"", ""buy_10th_pre_bid"": ""-230500"", ""buy_10th_pre_req"": ""1697"", ""buy_10th_pre_req_pre"": ""0"", ""tot_sel_req_jub_pre"": ""0"", ""tot_sel_req"": ""2412"", ""tot_buy_req"": ""9490"", ""tot_buy_req_jub_pre"": ""+6"", ""ovt_sel_req_pre"": ""0"", ""ovt_sel_req"": ""0"", ""ovt_buy_req"": ""0"", ""ovt_buy_req_pre"": ""0"", ""return_code"": 0, ""return_msg"": ""정상적으로 처리되었습니다""}"
2026-06-10,watchlist,161390,,0,filtered_candidate_recheck,71900,,71900,71800,71900,72000,0.0,0.13908205841446453,,,,,,"{""bid_req_base_tm"": ""101754"", ""sel_10th_pre_req_pre"": ""0"", ""sel_10th_pre_req"": ""2"", ""sel_10th_pre_bid"": ""-72800"", ""sel_9th_pre_req_pre"": ""0"", ""sel_9th_pre_req"": ""112"", ""sel_9th_pre_bid"": ""-72700"", ""sel_8th_pre_req_pre"": ""0"", ""sel_8th_pre_req"": ""18"", ""sel_8th_pre_bid"": ""-72600"", ""sel_7th_pre_req_pre"": ""0"", ""sel_7th_pre_req"": ""177"", ""sel_7th_pre_bid"": ""-72500"", ""sel_6th_pre_req_pre"": ""0"", ""sel_6th_pre_req"": ""5"", ""sel_6th_pre_bid"": ""-72400"", ""sel_5th_pre_req_pre"": ""0"", ""sel_5th_pre_req"": ""34"", ""sel_5th_pre_bid"": ""-72300"", ""sel_4th_pre_req_pre"": ""0"", ""sel_4th_pre_req"": ""9"", ""sel_4th_pre_bid"": ""-72200"", ""sel_3th_pre_req_pre"": ""0"", ""sel_3th_pre_req"": ""17"", ""sel_3th_pre_bid"": ""-72100"", ""sel_2th_pre_req_pre"": ""0"", ""sel_2th_pre_req"": ""148"", ""sel_2th_pre_bid"": ""-72000"", ""sel_1th_pre_req_pre"": ""+2"", ""sel_fpr_req"": ""664"", ""sel_fpr_bid"": ""-71900"", ""buy_fpr_bid"": ""-71800"", ""buy_fpr_req"": ""344"", ""buy_1th_pre_req_pre"": ""+2"", ""buy_2th_pre_bid"": ""-71700"", ""buy_2th_pre_req"": ""99"", ""buy_2th_pre_req_pre"": ""0"", ""buy_3th_pre_bid"": ""-71600"", ""buy_3th_pre_req"": ""309"", ""buy_3th_pre_req_pre"": ""0"", ""buy_4th_pre_bid"": ""-71500"", ""buy_4th_pre_req"": ""166"", ""buy_4th_pre_req_pre"": ""0"", ""buy_5th_pre_bid"": ""-71400"", ""buy_5th_pre_req"": ""268"", ""buy_5th_pre_req_pre"": ""0"", ""buy_6th_pre_bid"": ""-71300"", ""buy_6th_pre_req"": ""387"", ""buy_6th_pre_req_pre"": ""0"", ""buy_7th_pre_bid"": ""-71200"", ""buy_7th_pre_req"": ""529"", ""buy_7th_pre_req_pre"": ""0"", ""buy_8th_pre_bid"": ""-71100"", ""buy_8th_pre_req"": ""252"", ""buy_8th_pre_req_pre"": ""0"", ""buy_9th_pre_bid"": ""-71000"", ""buy_9th_pre_req"": ""1036"", ""buy_9th_pre_req_pre"": ""0"", ""buy_10th_pre_bid"": ""-70900"", ""buy_10th_pre_req"": ""2117"", ""buy_10th_pre_req_pre"": ""0"", ""tot_sel_req_jub_pre"": ""+2"", ""tot_sel_req"": ""1186"", ""tot_buy_req"": ""5507"", ""tot_buy_req_jub_pre"": ""+2"", ""ovt_sel_req_pre"": ""0"", ""ovt_sel_req"": ""0"", ""ovt_buy_req"": ""0"", ""ovt_buy_req_pre"": ""0"", ""return_code"": 0, ""return_msg"": ""정상적으로 처리되었습니다""}"
2026-06-10,watchlist,078930,,0,filtered_candidate_recheck,73500,,73500,73300,73500,73800,0.27210884353741494,0.27210884353741494,,,,,,"{""bid_req_base_tm"": ""101750"", ""sel_10th_pre_req_pre"": ""0"", ""sel_10th_pre_req"": ""76"", ""sel_10th_pre_bid"": ""+74400"", ""sel_9th_pre_req_pre"": ""0"", ""sel_9th_pre_req"": ""2"", ""sel_9th_pre_bid"": ""+74300"", ""sel_8th_pre_req_pre"": ""0"", ""sel_8th_pre_req"": ""91"", ""sel_8th_pre_bid"": ""+74200"", ""sel_7th_pre_req_pre"": ""0"", ""sel_7th_pre_req"": ""200"", ""sel_7th_pre_bid"": ""+74100"", ""sel_6th_pre_req_pre"": ""0"", ""sel_6th_pre_req"": ""60"", ""sel_6th_pre_bid"": ""+74000"", ""sel_5th_pre_req_pre"": ""0"", ""sel_5th_pre_req"": ""200"", ""sel_5th_pre_bid"": ""+73900"", ""sel_4th_pre_req_pre"": ""0"", ""sel_4th_pre_req"": ""8"", ""sel_4th_pre_bid"": ""73800"", ""sel_3th_pre_req_pre"": ""0"", ""sel_3th_pre_req"": ""56"", ""sel_3th_pre_bid"": ""-73700"", ""sel_2th_pre_req_pre"": ""0"", ""sel_2th_pre_req"": ""48"", ""sel_2th_pre_bid"": ""-73600"", ""sel_1th_pre_req_pre"": ""0"", ""sel_fpr_req"": ""230"", ""sel_fpr_bid"": ""-73500"", ""buy_fpr_bid"": ""-73300"", ""buy_fpr_req"": ""583"", ""buy_1th_pre_req_pre"": ""+249"", ""buy_2th_pre_bid"": ""-73200"", ""buy_2th_pre_req"": ""4527"", ""buy_2th_pre_req_pre"": ""0"", ""buy_3th_pre_bid"": ""-73100"", ""buy_3th_pre_req"": ""273"", ""buy_3th_pre_req_pre"": ""0"", ""buy_4th_pre_bid"": ""-73000"", ""buy_4th_pre_req"": ""111"", ""buy_4th_pre_req_pre"": ""0"", ""buy_5th_pre_bid"": ""-72900"", ""buy_5th_pre_req"": ""10"", ""buy_5th_pre_req_pre"": ""0"", ""buy_6th_pre_bid"": ""-72700"", ""buy_6th_pre_req"": ""53"", ""buy_6th_pre_req_pre"": ""0"", ""buy_7th_pre_bid"": ""-72500"", ""buy_7th_pre_req"": ""1"", ""buy_7th_pre_req_pre"": ""0"", ""buy_8th_pre_bid"": ""-72400"", ""buy_8th_pre_req"": ""1"", ""buy_8th_pre_req_pre"": ""0"", ""buy_9th_pre_bid"": ""-72300"", ""buy_9th_pre_req"": ""51"", ""buy_9th_pre_req_pre"": ""0"", ""buy_10th_pre_bid"": ""-72200"", ""buy_10th_pre_req"": ""266"", ""buy_10th_pre_req_pre"": ""0"", ""tot_sel_req_jub_pre"": ""0"", ""tot_sel_req"": ""971"", ""tot_buy_req"": ""5876"", ""tot_buy_req_jub_pre"": ""+249"", ""ovt_sel_req_pre"": ""0"", ""ovt_sel_req"": ""0"", ""ovt_buy_req"": ""0"", ""ovt_buy_req_pre"": ""0"", ""return_code"": 0, ""return_msg"": ""정상적으로 처리되었습니다""}"
2026-06-10,watchlist,462870,,0,filtered_candidate_recheck,31050,,31050,31000,31050,30900,-0.644122383252818,0.1610305958132045,,,,,,"{""bid_req_base_tm"": ""101753"", ""sel_10th_pre_req_pre"": ""0"", ""sel_10th_pre_req"": ""158"", ""sel_10th_pre_bid"": ""-31500"", ""sel_9th_pre_req_pre"": ""0"", ""sel_9th_pre_req"": ""55"", ""sel_9th_pre_bid"": ""-31450"", ""sel_8th_pre_req_pre"": ""0"", ""sel_8th_pre_req"": ""126"", ""sel_8th_pre_bid"": ""-31400"", ""sel_7th_pre_req_pre"": ""0"", ""sel_7th_pre_req"": ""2"", ""sel_7th_pre_bid"": ""-31350"", ""sel_6th_pre_req_pre"": ""0"", ""sel_6th_pre_req"": ""378"", ""sel_6th_pre_bid"": ""-31300"", ""sel_5th_pre_req_pre"": ""0"", ""sel_5th_pre_req"": ""73"", ""sel_5th_pre_bid"": ""-31250"", ""sel_4th_pre_req_pre"": ""0"", ""sel_4th_pre_req"": ""55"", ""sel_4th_pre_bid"": ""-31200"", ""sel_3th_pre_req_pre"": ""0"", ""sel_3th_pre_req"": ""20"", ""sel_3th_pre_bid"": ""-31150"", ""sel_2th_pre_req_pre"": ""0"", ""sel_2th_pre_req"": ""625"", ""sel_2th_pre_bid"": ""-31100"", ""sel_1th_pre_req_pre"": ""0"", ""sel_fpr_req"": ""143"", ""sel_fpr_bid"": ""-31050"", ""buy_fpr_bid"": ""-31000"", ""buy_fpr_req"": ""75"", ""buy_1th_pre_req_pre"": ""+4"", ""buy_2th_pre_bid"": ""-30950"", ""buy_2th_pre_req"": ""57"", ""buy_2th_pre_req_pre"": ""0"", ""buy_3th_pre_bid"": ""-30900"", ""buy_3th_pre_req"": ""123"", ""buy_3th_pre_req_pre"": ""0"", ""buy_4th_pre_bid"": ""-30850"", ""buy_4th_pre_req"": ""31"", ""buy_4th_pre_req_pre"": ""0"", ""buy_5th_pre_bid"": ""-30800"", ""buy_5th_pre_req"": ""129"", ""buy_5th_pre_req_pre"": ""0"", ""buy_6th_pre_bid"": ""-30750"", ""buy_6th_pre_req"": ""104"", ""buy_6th_pre_req_pre"": ""0"", ""buy_7th_pre_bid"": ""-30700"", ""buy_7th_pre_req"": ""180"", ""buy_7th_pre_req_pre"": ""0"", ""buy_8th_pre_bid"": ""-30650"", ""buy_8th_pre_req"": ""33"", ""buy_8th_pre_req_pre"": ""0"", ""buy_9th_pre_bid"": ""-30600"", ""buy_9th_pre_req"": ""118"", ""buy_9th_pre_req_pre"": ""0"", ""buy_10th_pre_bid"": ""-30550"", ""buy_10th_pre_req"": ""88"", ""buy_10th_pre_req_pre"": ""0"", ""tot_sel_req_jub_pre"": ""0"", ""tot_sel_req"": ""1635"", ""tot_buy_req"": ""938"", ""tot_buy_req_jub_pre"": ""+4"", ""ovt_sel_req_pre"": ""0"", ""ovt_sel_req"": ""0"", ""ovt_buy_req"": ""0"", ""ovt_buy_req_pre"": ""0"", ""return_code"": 0, ""return_msg"": ""정상적으로 처리되었습니다""}"
2026-06-10,watchlist,055550,,0,filtered_candidate_recheck,100000,,100000,99900,100000,99700,-0.4,0.1,,,,,,"{""bid_req_base_tm"": ""101754"", ""sel_10th_pre_req_pre"": ""0"", ""sel_10th_pre_req"": ""320"", ""sel_10th_pre_bid"": ""-100900"", ""sel_9th_pre_req_pre"": ""0"", ""sel_9th_pre_req"": ""1136"", ""sel_9th_pre_bid"": ""-100800"", ""sel_8th_pre_req_pre"": ""0"", ""sel_8th_pre_req"": ""67"", ""sel_8th_pre_bid"": ""-100700"", ""sel_7th_pre_req_pre"": ""0"", ""sel_7th_pre_req"": ""666"", ""sel_7th_pre_bid"": ""-100600"", ""sel_6th_pre_req_pre"": ""0"", ""sel_6th_pre_req"": ""1750"", ""sel_6th_pre_bid"": ""-100500"", ""sel_5th_pre_req_pre"": ""0"", ""sel_5th_pre_req"": ""900"", ""sel_5th_pre_bid"": ""-100400"", ""sel_4th_pre_req_pre"": ""0"", ""sel_4th_pre_req"": ""22"", ""sel_4th_pre_bid"": ""-100300"", ""sel_3th_pre_req_pre"": ""0"", ""sel_3th_pre_req"": ""1310"", ""sel_3th_pre_bid"": ""-100200"", ""sel_2th_pre_req_pre"": ""0"", ""sel_2th_pre_req"": ""223"", ""sel_2th_pre_bid"": ""-100100"", ""sel_1th_pre_req_pre"": ""0"", ""sel_fpr_req"": ""846"", ""sel_fpr_bid"": ""-100000"", ""buy_fpr_bid"": ""-99900"", ""buy_fpr_req"": ""1566"", ""buy_1th_pre_req_pre"": ""0"", ""buy_2th_pre_bid"": ""-99800"", ""buy_2th_pre_req"": ""980"", ""buy_2th_pre_req_pre"": ""0"", ""buy_3th_pre_bid"": ""-99700"", ""buy_3th_pre_req"": ""146"", ""buy_3th_pre_req_pre"": ""0"", ""buy_4th_pre_bid"": ""-99600"", ""buy_4th_pre_req"": ""212"", ""buy_4th_pre_req_pre"": ""0"", ""buy_5th_pre_bid"": ""-99500"", ""buy_5th_pre_req"": ""417"", ""buy_5th_pre_req_pre"": ""0"", ""buy_6th_pre_bid"": ""-99400"", ""buy_6th_pre_req"": ""60"", ""buy_6th_pre_req_pre"": ""0"", ""buy_7th_pre_bid"": ""-99300"", ""buy_7th_pre_req"": ""100"", ""buy_7th_pre_req_pre"": ""0"", ""buy_8th_pre_bid"": ""-99200"", ""buy_8th_pre_req"": ""21"", ""buy_8th_pre_req_pre"": ""0"", ""buy_9th_pre_bid"": ""-99100"", ""buy_9th_pre_req"": ""84"", ""buy_9th_pre_req_pre"": ""0"", ""buy_10th_pre_bid"": ""-99000"", ""buy_10th_pre_req"": ""121"", ""buy_10th_pre_req_pre"": ""0"", ""tot_sel_req_jub_pre"": ""0"", ""tot_sel_req"": ""7240"", ""tot_buy_req"": ""3707"", ""tot_buy_req_jub_pre"": ""0"", ""ovt_sel_req_pre"": ""0"", ""ovt_sel_req"": ""0"", ""ovt_buy_req"": ""0"", ""ovt_buy_req_pre"": ""0"", ""return_code"": 0, ""return_msg"": ""정상적으로 처리되었습니다""}"
2026-06-10,watchlist,192080,,1,filtered_candidate_recheck,72000,,72000,71800,72000,72300,0.2777777777777778,0.2777777777777778,,,,,,"{""bid_req_base_tm"": ""101751"", ""sel_10th_pre_req_pre"": ""0"", ""sel_10th_pre_req"": ""11"", ""sel_10th_pre_bid"": ""+73300"", ""sel_9th_pre_req_pre"": ""0"", ""sel_9th_pre_req"": ""23"", ""sel_9th_pre_bid"": ""+73200"", ""sel_8th_pre_req_pre"": ""0"", ""sel_8th_pre_req"": ""50"", ""sel_8th_pre_bid"": ""+73000"", ""sel_7th_pre_req_pre"": ""0"", ""sel_7th_pre_req"": ""15"", ""sel_7th_pre_bid"": ""+72900"", ""sel_6th_pre_req_pre"": ""0"", ""sel_6th_pre_req"": ""10"", ""sel_6th_pre_bid"": ""+72600"", ""sel_5th_pre_req_pre"": ""0"", ""sel_5th_pre_req"": ""29"", ""sel_5th_pre_bid"": ""+72500"", ""sel_4th_pre_req_pre"": ""0"", ""sel_4th_pre_req"": ""2"", ""sel_4th_pre_bid"": ""+72400"", ""sel_3th_pre_req_pre"": ""--8"", ""sel_3th_pre_req"": ""31"", ""sel_3th_pre_bid"": ""+72200"", ""sel_2th_pre_req_pre"": ""0"", ""sel_2th_pre_req"": ""166"", ""sel_2th_pre_bid"": ""+72100"", ""sel_1th_pre_req_pre"": ""0"", ""sel_fpr_req"": ""5"", ""sel_fpr_bid"": ""72000"", ""buy_fpr_bid"": ""-71800"", ""buy_fpr_req"": ""98"", ""buy_1th_pre_req_pre"": ""0"", ""buy_2th_pre_bid"": ""-71700"", ""buy_2th_pre_req"": ""52"", ""buy_2th_pre_req_pre"": ""0"", ""buy_3th_pre_bid"": ""-71600"", ""buy_3th_pre_req"": ""110"", ""buy_3th_pre_req_pre"": ""0"", ""buy_4th_pre_bid"": ""-71500"", ""buy_4th_pre_req"": ""55"", ""buy_4th_pre_req_pre"": ""0"", ""buy_5th_pre_bid"": ""-71400"", ""buy_5th_pre_req"": ""43"", ""buy_5th_pre_req_pre"": ""0"", ""buy_6th_pre_bid"": ""-71300"", ""buy_6th_pre_req"": ""21"", ""buy_6th_pre_req_pre"": ""0"", ""buy_7th_pre_bid"": ""-71200"", ""buy_7th_pre_req"": ""11"", ""buy_7th_pre_req_pre"": ""0"", ""buy_8th_pre_bid"": ""-71100"", ""buy_8th_pre_req"": ""78"", ""buy_8th_pre_req_pre"": ""0"", ""buy_9th_pre_bid"": ""-71000"", ""buy_9th_pre_req"": ""118"", ""buy_9th_pre_req_pre"": ""0"", ""buy_10th_pre_bid"": ""-70900"", ""buy_10th_pre_req"": ""78"", ""buy_10th_pre_req_pre"": ""0"", ""tot_sel_req_jub_pre"": ""--8"", ""tot_sel_req"": ""342"", ""tot_buy_req"": ""664"", ""tot_buy_req_jub_pre"": ""0"", ""ovt_sel_req_pre"": ""0"", ""ovt_sel_req"": ""0"", ""ovt_buy_req"": ""0"", ""ovt_buy_req_pre"": ""0"", ""return_code"": 0, ""return_msg"": ""정상적으로 처리되었습니다""}"
2026-06-10,watchlist,000430,,1,filtered_candidate_recheck,5730,,5730,5720,5730,5750,0.17452006980802792,0.17452006980802792,,,,,,"{""bid_req_base_tm"": ""101754"", ""sel_10th_pre_req_pre"": ""0"", ""sel_10th_pre_req"": ""785"", ""sel_10th_pre_bid"": ""-5820"", ""sel_9th_pre_req_pre"": ""0"", ""sel_9th_pre_req"": ""1087"", ""sel_9th_pre_bid"": ""-5810"", ""sel_8th_pre_req_pre"": ""0"", ""sel_8th_pre_req"": ""590"", ""sel_8th_pre_bid"": ""-5800"", ""sel_7th_pre_req_pre"": ""0"", ""sel_7th_pre_req"": ""366"", ""sel_7th_pre_bid"": ""-5790"", ""sel_6th_pre_req_pre"": ""0"", ""sel_6th_pre_req"": ""1467"", ""sel_6th_pre_bid"": ""-5780"", ""sel_5th_pre_req_pre"": ""0"", ""sel_5th_pre_req"": ""161"", ""sel_5th_pre_bid"": ""-5770"", ""sel_4th_pre_req_pre"": ""0"", ""sel_4th_pre_req"": ""624"", ""sel_4th_pre_bid"": ""-5760"", ""sel_3th_pre_req_pre"": ""0"", ""sel_3th_pre_req"": ""1541"", ""sel_3th_pre_bid"": ""-5750"", ""sel_2th_pre_req_pre"": ""0"", ""sel_2th_pre_req"": ""654"", ""sel_2th_pre_bid"": ""-5740"", ""sel_1th_pre_req_pre"": ""+58"", ""sel_fpr_req"": ""518"", ""sel_fpr_bid"": ""-5730"", ""buy_fpr_bid"": ""-5720"", ""buy_fpr_req"": ""458"", ""buy_1th_pre_req_pre"": ""0"", ""buy_2th_pre_bid"": ""-5710"", ""buy_2th_pre_req"": ""1760"", ""buy_2th_pre_req_pre"": ""0"", ""buy_3th_pre_bid"": ""-5700"", ""buy_3th_pre_req"": ""3890"", ""buy_3th_pre_req_pre"": ""0"", ""buy_4th_pre_bid"": ""-5690"", ""buy_4th_pre_req"": ""3803"", ""buy_4th_pre_req_pre"": ""0"", ""buy_5th_pre_bid"": ""-5680"", ""buy_5th_pre_req"": ""2317"", ""buy_5th_pre_req_pre"": ""0"", ""buy_6th_pre_bid"": ""-5670"", ""buy_6th_pre_req"": ""2486"", ""buy_6th_pre_req_pre"": ""0"", ""buy_7th_pre_bid"": ""-5660"", ""buy_7th_pre_req"": ""5045"", ""buy_7th_pre_req_pre"": ""0"", ""buy_8th_pre_bid"": ""-5650"", ""buy_8th_pre_req"": ""4909"", ""buy_8th_pre_req_pre"": ""0"", ""buy_9th_pre_bid"": ""-5640"", ""buy_9th_pre_req"": ""2480"", ""buy_9th_pre_req_pre"": ""0"", ""buy_10th_pre_bid"": ""-5630"", ""buy_10th_pre_req"": ""1192"", ""buy_10th_pre_req_pre"": ""0"", ""tot_sel_req_jub_pre"": ""+58"", ""tot_sel_req"": ""7793"", ""tot_buy_req"": ""28340"", ""tot_buy_req_jub_pre"": ""0"", ""ovt_sel_req_pre"": ""0"", ""ovt_sel_req"": ""0"", ""ovt_buy_req"": ""0"", ""ovt_buy_req_pre"": ""0"", ""return_code"": 0, ""return_msg"": ""정상적으로 처리되었습니다""}"
2026-06-10,watchlist,307950,,0,filtered_candidate_recheck,716000,,716000,715000,716000,715000,-0.27932960893854747,0.13966480446927373,,,,,,"{""bid_req_base_tm"": ""101755"", ""sel_10th_pre_req_pre"": ""0"", ""sel_10th_pre_req"": ""148"", ""sel_10th_pre_bid"": ""+725000"", ""sel_9th_pre_req_pre"": ""0"", ""sel_9th_pre_req"": ""87"", ""sel_9th_pre_bid"": ""+724000"", ""sel_8th_pre_req_pre"": ""0"", ""sel_8th_pre_req"": ""61"", ""sel_8th_pre_bid"": ""+723000"", ""sel_7th_pre_req_pre"": ""0"", ""sel_7th_pre_req"": ""19"", ""sel_7th_pre_bid"": ""+722000"", ""sel_6th_pre_req_pre"": ""0"", ""sel_6th_pre_req"": ""45"", ""sel_6th_pre_bid"": ""+721000"", ""sel_5th_pre_req_pre"": ""0"", ""sel_5th_pre_req"": ""149"", ""sel_5th_pre_bid"": ""+720000"", ""sel_4th_pre_req_pre"": ""0"", ""sel_4th_pre_req"": ""126"", ""sel_4th_pre_bid"": ""+719000"", ""sel_3th_pre_req_pre"": ""0"", ""sel_3th_pre_req"": ""103"", ""sel_3th_pre_bid"": ""+718000"", ""sel_2th_pre_req_pre"": ""0"", ""sel_2th_pre_req"": ""145"", ""sel_2th_pre_bid"": ""+717000"", ""sel_1th_pre_req_pre"": ""0"", ""sel_fpr_req"": ""159"", ""sel_fpr_bid"": ""+716000"", ""buy_fpr_bid"": ""+715000"", ""buy_fpr_req"": ""414"", ""buy_1th_pre_req_pre"": ""0"", ""buy_2th_pre_bid"": ""+714000"", ""buy_2th_pre_req"": ""46"", ""buy_2th_pre_req_pre"": ""0"", ""buy_3th_pre_bid"": ""+713000"", ""buy_3th_pre_req"": ""14"", ""buy_3th_pre_req_pre"": ""0"", ""buy_4th_pre_bid"": ""+712000"", ""buy_4th_pre_req"": ""77"", ""buy_4th_pre_req_pre"": ""0"", ""buy_5th_pre_bid"": ""+711000"", ""buy_5th_pre_req"": ""13"", ""buy_5th_pre_req_pre"": ""0"", ""buy_6th_pre_bid"": ""+710000"", ""buy_6th_pre_req"": ""203"", ""buy_6th_pre_req_pre"": ""0"", ""buy_7th_pre_bid"": ""+709000"", ""buy_7th_pre_req"": ""4"", ""buy_7th_pre_req_pre"": ""0"", ""buy_8th_pre_bid"": ""+708000"", ""buy_8th_pre_req"": ""35"", ""buy_8th_pre_req_pre"": ""0"", ""buy_9th_pre_bid"": ""+707000"", ""buy_9th_pre_req"": ""11"", ""buy_9th_pre_req_pre"": ""0"", ""buy_10th_pre_bid"": ""+706000"", ""buy_10th_pre_req"": ""33"", ""buy_10th_pre_req_pre"": ""0"", ""tot_sel_req_jub_pre"": ""0"", ""tot_sel_req"": ""1042"", ""tot_buy_req"": ""850"", ""tot_buy_req_jub_pre"": ""0"", ""ovt_sel_req_pre"": ""0"", ""ovt_sel_req"": ""0"", ""ovt_buy_req"": ""0"", ""ovt_buy_req_pre"": ""0"", ""return_code"": 0, ""return_msg"": ""정상적으로 처리되었습니다""}"
2026-06-10,watchlist,114090,,0,filtered_candidate_recheck,12050,,12050,12030,12050,12050,-0.4149377593360996,0.16597510373443983,,,,,,"{""bid_req_base_tm"": ""101739"", ""sel_10th_pre_req_pre"": ""0"", ""sel_10th_pre_req"": ""130"", ""sel_10th_pre_bid"": ""+12140"", ""sel_9th_pre_req_pre"": ""0"", ""sel_9th_pre_req"": ""475"", ""sel_9th_pre_bid"": ""+12130"", ""sel_8th_pre_req_pre"": ""0"", ""sel_8th_pre_req"": ""83"", ""sel_8th_pre_bid"": ""+12120"", ""sel_7th_pre_req_pre"": ""0"", ""sel_7th_pre_req"": ""5"", ""sel_7th_pre_bid"": ""+12110"", ""sel_6th_pre_req_pre"": ""0"", ""sel_6th_pre_req"": ""5"", ""sel_6th_pre_bid"": ""+12100"", ""sel_5th_pre_req_pre"": ""0"", ""sel_5th_pre_req"": ""5"", ""sel_5th_pre_bid"": ""+12090"", ""sel_4th_pre_req_pre"": ""0"", ""sel_4th_pre_req"": ""6"", ""sel_4th_pre_bid"": ""+12080"", ""sel_3th_pre_req_pre"": ""0"", ""sel_3th_pre_req"": ""10"", ""sel_3th_pre_bid"": ""+12070"", ""sel_2th_pre_req_pre"": ""+93"", ""sel_2th_pre_req"": ""166"", ""sel_2th_pre_bid"": ""+12060"", ""sel_1th_pre_req_pre"": ""0"", ""sel_fpr_req"": ""175"", ""sel_fpr_bid"": ""+12050"", ""buy_fpr_bid"": ""+12030"", ""buy_fpr_req"": ""2"", ""buy_1th_pre_req_pre"": ""0"", ""buy_2th_pre_bid"": ""+12020"", ""buy_2th_pre_req"": ""272"", ""buy_2th_pre_req_pre"": ""0"", ""buy_3th_pre_bid"": ""+12010"", ""buy_3th_pre_req"": ""532"", ""buy_3th_pre_req_pre"": ""0"", ""buy_4th_pre_bid"": ""+12000"", ""buy_4th_pre_req"": ""656"", ""buy_4th_pre_req_pre"": ""0"", ""buy_5th_pre_bid"": ""+11990"", ""buy_5th_pre_req"": ""178"", ""buy_5th_pre_req_pre"": ""0"", ""buy_6th_pre_bid"": ""+11980"", ""buy_6th_pre_req"": ""340"", ""buy_6th_pre_req_pre"": ""0"", ""buy_7th_pre_bid"": ""+11970"", ""buy_7th_pre_req"": ""63"", ""buy_7th_pre_req_pre"": ""0"", ""buy_8th_pre_bid"": ""11950"", ""buy_8th_pre_req"": ""350"", ""buy_8th_pre_req_pre"": ""0"", ""buy_9th_pre_bid"": ""-11900"", ""buy_9th_pre_req"": ""147"", ""buy_9th_pre_req_pre"": ""0"", ""buy_10th_pre_bid"": ""-11850"", ""buy_10th_pre_req"": ""30"", ""buy_10th_pre_req_pre"": ""0"", ""tot_sel_req_jub_pre"": ""+93"", ""tot_sel_req"": ""1060"", ""tot_buy_req"": ""2570"", ""tot_buy_req_jub_pre"": ""0"", ""ovt_sel_req_pre"": ""0"", ""ovt_sel_req"": ""0"", ""ovt_buy_req"": ""0"", ""ovt_buy_req_pre"": ""0"", ""return_code"": 0, ""return_msg"": ""정상적으로 처리되었습니다""}"
2026-06-10,watchlist,281820,,0,filtered_candidate_recheck,67300,,67300,67100,67300,67500,0.1485884101040119,0.2971768202080238,,,,,,"{""bid_req_base_tm"": ""101753"", ""sel_10th_pre_req_pre"": ""0"", ""sel_10th_pre_req"": ""40"", ""sel_10th_pre_bid"": ""+68200"", ""sel_9th_pre_req_pre"": ""0"", ""sel_9th_pre_req"": ""30"", ""sel_9th_pre_bid"": ""+68100"", ""sel_8th_pre_req_pre"": ""0"", ""sel_8th_pre_req"": ""22"", ""sel_8th_pre_bid"": ""+68000"", ""sel_7th_pre_req_pre"": ""0"", ""sel_7th_pre_req"": ""73"", ""sel_7th_pre_bid"": ""+67900"", ""sel_6th_pre_req_pre"": ""0"", ""sel_6th_pre_req"": ""55"", ""sel_6th_pre_bid"": ""+67800"", ""sel_5th_pre_req_pre"": ""0"", ""sel_5th_pre_req"": ""1"", ""sel_5th_pre_bid"": ""+67700"", ""sel_4th_pre_req_pre"": ""0"", ""sel_4th_pre_req"": ""6"", ""sel_4th_pre_bid"": ""+67600"", ""sel_3th_pre_req_pre"": ""0"", ""sel_3th_pre_req"": ""14"", ""sel_3th_pre_bid"": ""+67500"", ""sel_2th_pre_req_pre"": ""0"", ""sel_2th_pre_req"": ""153"", ""sel_2th_pre_bid"": ""+67400"", ""sel_1th_pre_req_pre"": ""--8"", ""sel_fpr_req"": ""6"", ""sel_fpr_bid"": ""+67300"", ""buy_fpr_bid"": ""+67100"", ""buy_fpr_req"": ""108"", ""buy_1th_pre_req_pre"": ""0"", ""buy_2th_pre_bid"": ""+67000"", ""buy_2th_pre_req"": ""220"", ""buy_2th_pre_req_pre"": ""0"", ""buy_3th_pre_bid"": ""+66900"", ""buy_3th_pre_req"": ""198"", ""buy_3th_pre_req_pre"": ""0"", ""buy_4th_pre_bid"": ""+66800"", ""buy_4th_pre_req"": ""51"", ""buy_4th_pre_req_pre"": ""0"", ""buy_5th_pre_bid"": ""+66700"", ""buy_5th_pre_req"": ""19"", ""buy_5th_pre_req_pre"": ""0"", ""buy_6th_pre_bid"": ""+66600"", ""buy_6th_pre_req"": ""28"", ""buy_6th_pre_req_pre"": ""0"", ""buy_7th_pre_bid"": ""+66500"", ""buy_7th_pre_req"": ""75"", ""buy_7th_pre_req_pre"": ""0"", ""buy_8th_pre_bid"": ""66400"", ""buy_8th_pre_req"": ""117"", ""buy_8th_pre_req_pre"": ""0"", ""buy_9th_pre_bid"": ""-66300"", ""buy_9th_pre_req"": ""7"", ""buy_9th_pre_req_pre"": ""0"", ""buy_10th_pre_bid"": ""-66200"", ""buy_10th_pre_req"": ""135"", ""buy_10th_pre_req_pre"": ""0"", ""tot_sel_req_jub_pre"": ""--8"", ""tot_sel_req"": ""400"", ""tot_buy_req"": ""958"", ""tot_buy_req_jub_pre"": ""0"", ""ovt_sel_req_pre"": ""0"", ""ovt_sel_req"": ""0"", ""ovt_buy_req"": ""0"", ""ovt_buy_req_pre"": ""0"", ""return_code"": 0, ""return_msg"": ""정상적으로 처리되었습니다""}"
2026-06-10,watchlist,489790,,0,filtered_candidate_recheck,70300,,70300,70200,70300,69900,-0.7112375533428165,0.1422475106685633,,,,,,"{""bid_req_base_tm"": ""101755"", ""sel_10th_pre_req_pre"": ""0"", ""sel_10th_pre_req"": ""336"", ""sel_10th_pre_bid"": ""+71200"", ""sel_9th_pre_req_pre"": ""0"", ""sel_9th_pre_req"": ""551"", ""sel_9th_pre_bid"": ""+71100"", ""sel_8th_pre_req_pre"": ""0"", ""sel_8th_pre_req"": ""1535"", ""sel_8th_pre_bid"": ""+71000"", ""sel_7th_pre_req_pre"": ""0"", ""sel_7th_pre_req"": ""312"", ""sel_7th_pre_bid"": ""+70900"", ""sel_6th_pre_req_pre"": ""0"", ""sel_6th_pre_req"": ""52"", ""sel_6th_pre_bid"": ""+70800"", ""sel_5th_pre_req_pre"": ""0"", ""sel_5th_pre_req"": ""1094"", ""sel_5th_pre_bid"": ""+70700"", ""sel_4th_pre_req_pre"": ""0"", ""sel_4th_pre_req"": ""265"", ""sel_4th_pre_bid"": ""+70600"", ""sel_3th_pre_req_pre"": ""0"", ""sel_3th_pre_req"": ""10976"", ""sel_3th_pre_bid"": ""+70500"", ""sel_2th_pre_req_pre"": ""0"", ""sel_2th_pre_req"": ""64"", ""sel_2th_pre_bid"": ""+70400"", ""sel_1th_pre_req_pre"": ""0"", ""sel_fpr_req"": ""82"", ""sel_fpr_bid"": ""+70300"", ""buy_fpr_bid"": ""+70200"", ""buy_fpr_req"": ""8"", ""buy_1th_pre_req_pre"": ""0"", ""buy_2th_pre_bid"": ""+70100"", ""buy_2th_pre_req"": ""103"", ""buy_2th_pre_req_pre"": ""0"", ""buy_3th_pre_bid"": ""+70000"", ""buy_3th_pre_req"": ""3"", ""buy_3th_pre_req_pre"": ""0"", ""buy_4th_pre_bid"": ""+69900"", ""buy_4th_pre_req"": ""108"", ""buy_4th_pre_req_pre"": ""0"", ""buy_5th_pre_bid"": ""+69800"", ""buy_5th_pre_req"": ""72"", ""buy_5th_pre_req_pre"": ""0"", ""buy_6th_pre_bid"": ""+69700"", ""buy_6th_pre_req"": ""51"", ""buy_6th_pre_req_pre"": ""0"", ""buy_7th_pre_bid"": ""+69600"", ""buy_7th_pre_req"": ""29"", ""buy_7th_pre_req_pre"": ""0"", ""buy_8th_pre_bid"": ""+69500"", ""buy_8th_pre_req"": ""33"", ""buy_8th_pre_req_pre"": ""0"", ""buy_9th_pre_bid"": ""+69400"", ""buy_9th_pre_req"": ""114"", ""buy_9th_pre_req_pre"": ""0"", ""buy_10th_pre_bid"": ""+69300"", ""buy_10th_pre_req"": ""2"", ""buy_10th_pre_req_pre"": ""0"", ""tot_sel_req_jub_pre"": ""0"", ""tot_sel_req"": ""15267"", ""tot_buy_req"": ""523"", ""tot_buy_req_jub_pre"": ""0"", ""ovt_sel_req_pre"": ""0"", ""ovt_sel_req"": ""0"", ""ovt_buy_req"": ""0"", ""ovt_buy_req_pre"": ""0"", ""return_code"": 0, ""return_msg"": ""정상적으로 처리되었습니다""}"
2026-06-10,watchlist,092200,,0,filtered_candidate_recheck,9830,,9830,9810,9830,9840,0.0,0.20345879959308238,,,,,,"{""bid_req_base_tm"": ""101756"", ""sel_10th_pre_req_pre"": ""0"", ""sel_10th_pre_req"": ""330"", ""sel_10th_pre_bid"": ""-9930"", ""sel_9th_pre_req_pre"": ""0"", ""sel_9th_pre_req"": ""1963"", ""sel_9th_pre_bid"": ""-9920"", ""sel_8th_pre_req_pre"": ""0"", ""sel_8th_pre_req"": ""1547"", ""sel_8th_pre_bid"": ""-9910"", ""sel_7th_pre_req_pre"": ""0"", ""sel_7th_pre_req"": ""823"", ""sel_7th_pre_bid"": ""-9900"", ""sel_6th_pre_req_pre"": ""0"", ""sel_6th_pre_req"": ""1050"", ""sel_6th_pre_bid"": ""-9890"", ""sel_5th_pre_req_pre"": ""0"", ""sel_5th_pre_req"": ""507"", ""sel_5th_pre_bid"": ""-9880"", ""sel_4th_pre_req_pre"": ""0"", ""sel_4th_pre_req"": ""35"", ""sel_4th_pre_bid"": ""-9870"", ""sel_3th_pre_req_pre"": ""0"", ""sel_3th_pre_req"": ""20"", ""sel_3th_pre_bid"": ""-9860"", ""sel_2th_pre_req_pre"": ""0"", ""sel_2th_pre_req"": ""248"", ""sel_2th_pre_bid"": ""-9840"", ""sel_1th_pre_req_pre"": ""+120"", ""sel_fpr_req"": ""245"", ""sel_fpr_bid"": ""-9830"", ""buy_fpr_bid"": ""-9810"", ""buy_fpr_req"": ""102"", ""buy_1th_pre_req_pre"": ""0"", ""buy_2th_pre_bid"": ""-9800"", ""buy_2th_pre_req"": ""355"", ""buy_2th_pre_req_pre"": ""0"", ""buy_3th_pre_bid"": ""-9790"", ""buy_3th_pre_req"": ""2173"", ""buy_3th_pre_req_pre"": ""0"", ""buy_4th_pre_bid"": ""-9780"", ""buy_4th_pre_req"": ""376"", ""buy_4th_pre_req_pre"": ""0"", ""buy_5th_pre_bid"": ""-9770"", ""buy_5th_pre_req"": ""121"", ""buy_5th_pre_req_pre"": ""0"", ""buy_6th_pre_bid"": ""-9760"", ""buy_6th_pre_req"": ""994"", ""buy_6th_pre_req_pre"": ""0"", ""buy_7th_pre_bid"": ""-9750"", ""buy_7th_pre_req"": ""2820"", ""buy_7th_pre_req_pre"": ""0"", ""buy_8th_pre_bid"": ""-9740"", ""buy_8th_pre_req"": ""1611"", ""buy_8th_pre_req_pre"": ""0"", ""buy_9th_pre_bid"": ""-9730"", ""buy_9th_pre_req"": ""3088"", ""buy_9th_pre_req_pre"": ""0"", ""buy_10th_pre_bid"": ""-9720"", ""buy_10th_pre_req"": ""1937"", ""buy_10th_pre_req_pre"": ""0"", ""tot_sel_req_jub_pre"": ""+120"", ""tot_sel_req"": ""6768"", ""tot_buy_req"": ""13577"", ""tot_buy_req_jub_pre"": ""0"", ""ovt_sel_req_pre"": ""0"", ""ovt_sel_req"": ""0"", ""ovt_buy_req"": ""0"", ""ovt_buy_req_pre"": ""0"", ""return_code"": 0, ""return_msg"": ""정상적으로 처리되었습니다""}"
2026-06-10,watchlist,175330,,0,filtered_candidate_recheck,25600,,25600,25550,25600,25700,0.1953125,0.1953125,,,,,,"{""bid_req_base_tm"": ""101755"", ""sel_10th_pre_req_pre"": ""0"", ""sel_10th_pre_req"": ""808"", ""sel_10th_pre_bid"": ""+26050"", ""sel_9th_pre_req_pre"": ""0"", ""sel_9th_pre_req"": ""233"", ""sel_9th_pre_bid"": ""+26000"", ""sel_8th_pre_req_pre"": ""0"", ""sel_8th_pre_req"": ""142"", ""sel_8th_pre_bid"": ""+25950"", ""sel_7th_pre_req_pre"": ""0"", ""sel_7th_pre_req"": ""532"", ""sel_7th_pre_bid"": ""25900"", ""sel_6th_pre_req_pre"": ""0"", ""sel_6th_pre_req"": ""454"", ""sel_6th_pre_bid"": ""-25850"", ""sel_5th_pre_req_pre"": ""0"", ""sel_5th_pre_req"": ""198"", ""sel_5th_pre_bid"": ""-25800"", ""sel_4th_pre_req_pre"": ""0"", ""sel_4th_pre_req"": ""186"", ""sel_4th_pre_bid"": ""-25750"", ""sel_3th_pre_req_pre"": ""0"", ""sel_3th_pre_req"": ""323"", ""sel_3th_pre_bid"": ""-25700"", ""sel_2th_pre_req_pre"": ""0"", ""sel_2th_pre_req"": ""610"", ""sel_2th_pre_bid"": ""-25650"", ""sel_1th_pre_req_pre"": ""0"", ""sel_fpr_req"": ""1466"", ""sel_fpr_bid"": ""-25600"", ""buy_fpr_bid"": ""-25550"", ""buy_fpr_req"": ""2187"", ""buy_1th_pre_req_pre"": ""0"", ""buy_2th_pre_bid"": ""-25500"", ""buy_2th_pre_req"": ""1070"", ""buy_2th_pre_req_pre"": ""0"", ""buy_3th_pre_bid"": ""-25450"", ""buy_3th_pre_req"": ""1374"", ""buy_3th_pre_req_pre"": ""0"", ""buy_4th_pre_bid"": ""-25400"", ""buy_4th_pre_req"": ""605"", ""buy_4th_pre_req_pre"": ""0"", ""buy_5th_pre_bid"": ""-25350"", ""buy_5th_pre_req"": ""351"", ""buy_5th_pre_req_pre"": ""0"", ""buy_6th_pre_bid"": ""-25300"", ""buy_6th_pre_req"": ""389"", ""buy_6th_pre_req_pre"": ""0"", ""buy_7th_pre_bid"": ""-25250"", ""buy_7th_pre_req"": ""484"", ""buy_7th_pre_req_pre"": ""0"", ""buy_8th_pre_bid"": ""-25200"", ""buy_8th_pre_req"": ""301"", ""buy_8th_pre_req_pre"": ""0"", ""buy_9th_pre_bid"": ""-25150"", ""buy_9th_pre_req"": ""804"", ""buy_9th_pre_req_pre"": ""0"", ""buy_10th_pre_bid"": ""-25100"", ""buy_10th_pre_req"": ""505"", ""buy_10th_pre_req_pre"": ""0"", ""tot_sel_req_jub_pre"": ""0"", ""tot_sel_req"": ""4952"", ""tot_buy_req"": ""8070"", ""tot_buy_req_jub_pre"": ""0"", ""ovt_sel_req_pre"": ""0"", ""ovt_sel_req"": ""0"", ""ovt_buy_req"": ""0"", ""ovt_buy_req_pre"": ""0"", ""return_code"": 0, ""return_msg"": ""정상적으로 처리되었습니다""}"
2026-06-10,watchlist,069960,,0,filtered_candidate_recheck,163900,,163900,163800,163900,163000,-0.8541793776693106,0.06101281269066504,,,,,,"{""bid_req_base_tm"": ""101756"", ""sel_10th_pre_req_pre"": ""0"", ""sel_10th_pre_req"": ""16"", ""sel_10th_pre_bid"": ""-165400"", ""sel_9th_pre_req_pre"": ""0"", ""sel_9th_pre_req"": ""1"", ""sel_9th_pre_bid"": ""-165200"", ""sel_8th_pre_req_pre"": ""--9"", ""sel_8th_pre_req"": ""9"", ""sel_8th_pre_bid"": ""-164800"", ""sel_7th_pre_req_pre"": ""0"", ""sel_7th_pre_req"": ""1"", ""sel_7th_pre_bid"": ""-164700"", ""sel_6th_pre_req_pre"": ""0"", ""sel_6th_pre_req"": ""4"", ""sel_6th_pre_bid"": ""-164400"", ""sel_5th_pre_req_pre"": ""0"", ""sel_5th_pre_req"": ""207"", ""sel_5th_pre_bid"": ""-164300"", ""sel_4th_pre_req_pre"": ""0"", ""sel_4th_pre_req"": ""35"", ""sel_4th_pre_bid"": ""-164200"", ""sel_3th_pre_req_pre"": ""0"", ""sel_3th_pre_req"": ""67"", ""sel_3th_pre_bid"": ""-164100"", ""sel_2th_pre_req_pre"": ""0"", ""sel_2th_pre_req"": ""56"", ""sel_2th_pre_bid"": ""-164000"", ""sel_1th_pre_req_pre"": ""0"", ""sel_fpr_req"": ""1"", ""sel_fpr_bid"": ""-163900"", ""buy_fpr_bid"": ""-163800"", ""buy_fpr_req"": ""208"", ""buy_1th_pre_req_pre"": ""0"", ""buy_2th_pre_bid"": ""-163700"", ""buy_2th_pre_req"": ""19"", ""buy_2th_pre_req_pre"": ""0"", ""buy_3th_pre_bid"": ""-163200"", ""buy_3th_pre_req"": ""2"", ""buy_3th_pre_req_pre"": ""0"", ""buy_4th_pre_bid"": ""-162900"", ""buy_4th_pre_req"": ""10"", ""buy_4th_pre_req_pre"": ""0"", ""buy_5th_pre_bid"": ""-162700"", ""buy_5th_pre_req"": ""9"", ""buy_5th_pre_req_pre"": ""0"", ""buy_6th_pre_bid"": ""-162600"", ""buy_6th_pre_req"": ""7"", ""buy_6th_pre_req_pre"": ""0"", ""buy_7th_pre_bid"": ""-162500"", ""buy_7th_pre_req"": ""4"", ""buy_7th_pre_req_pre"": ""0"", ""buy_8th_pre_bid"": ""-162400"", ""buy_8th_pre_req"": ""3"", ""buy_8th_pre_req_pre"": ""0"", ""buy_9th_pre_bid"": ""-162200"", ""buy_9th_pre_req"": ""1"", ""buy_9th_pre_req_pre"": ""0"", ""buy_10th_pre_bid"": ""-162100"", ""buy_10th_pre_req"": ""3"", ""buy_10th_pre_req_pre"": ""0"", ""tot_sel_req_jub_pre"": ""--9"", ""tot_sel_req"": ""397"", ""tot_buy_req"": ""266"", ""tot_buy_req_jub_pre"": ""0"", ""ovt_sel_req_pre"": ""0"", ""ovt_sel_req"": ""0"", ""ovt_buy_req"": ""0"", ""ovt_buy_req_pre"": ""0"", ""return_code"": 0, ""return_msg"": ""정상적으로 처리되었습니다""}"
2026-06-10,scan_candidate,005930,,0,main_scan,310000,,310000,309500,310000,310000,-0.16129032258064516,0.16129032258064516,,,,,,"{""bid_req_base_tm"": ""101934"", ""sel_10th_pre_req_pre"": ""0"", ""sel_10th_pre_req"": ""10361"", ""sel_10th_pre_bid"": ""-314500"", ""sel_9th_pre_req_pre"": ""0"", ""sel_9th_pre_req"": ""17283"", ""sel_9th_pre_bid"": ""-314000"", ""sel_8th_pre_req_pre"": ""0"", ""sel_8th_pre_req"": ""12980"", ""sel_8th_pre_bid"": ""-313500"", ""sel_7th_pre_req_pre"": ""0"", ""sel_7th_pre_req"": ""20322"", ""sel_7th_pre_bid"": ""-313000"", ""sel_6th_pre_req_pre"": ""0"", ""sel_6th_pre_req"": ""12609"", ""sel_6th_pre_bid"": ""-312500"", ""sel_5th_pre_req_pre"": ""0"", ""sel_5th_pre_req"": ""22194"", ""sel_5th_pre_bid"": ""-312000"", ""sel_4th_pre_req_pre"": ""0"", ""sel_4th_pre_req"": ""17097"", ""sel_4th_pre_bid"": ""-311500"", ""sel_3th_pre_req_pre"": ""0"", ""sel_3th_pre_req"": ""37425"", ""sel_3th_pre_bid"": ""-311000"", ""sel_2th_pre_req_pre"": ""--8"", ""sel_2th_pre_req"": ""20767"", ""sel_2th_pre_bid"": ""-310500"", ""sel_1th_pre_req_pre"": ""--8"", ""sel_fpr_req"": ""30217"", ""sel_fpr_bid"": ""-310000"", ""buy_fpr_bid"": ""-309500"", ""buy_fpr_req"": ""33424"", ""buy_1th_pre_req_pre"": ""+1"", ""buy_2th_pre_bid"": ""-309000"", ""buy_2th_pre_req"": ""8616"", ""buy_2th_pre_req_pre"": ""--2"", ""buy_3th_pre_bid"": ""-308500"", ""buy_3th_pre_req"": ""8814"", ""buy_3th_pre_req_pre"": ""0"", ""buy_4th_pre_bid"": ""-308000"", ""buy_4th_pre_req"": ""12915"", ""buy_4th_pre_req_pre"": ""+1"", ""buy_5th_pre_bid"": ""-307500"", ""buy_5th_pre_req"": ""9424"", ""buy_5th_pre_req_pre"": ""0"", ""buy_6th_pre_bid"": ""-307000"", ""buy_6th_pre_req"": ""28641"", ""buy_6th_pre_req_pre"": ""0"", ""buy_7th_pre_bid"": ""-306500"", ""buy_7th_pre_req"": ""18662"", ""buy_7th_pre_req_pre"": ""0"", ""buy_8th_pre_bid"": ""-306000"", ""buy_8th_pre_req"": ""51100"", ""buy_8th_pre_req_pre"": ""+1"", ""buy_9th_pre_bid"": ""-305500"", ""buy_9th_pre_req"": ""78777"", ""buy_9th_pre_req_pre"": ""0"", ""buy_10th_pre_bid"": ""-305000"", ""buy_10th_pre_req"": ""199944"", ""buy_10th_pre_req_pre"": ""0"", ""tot_sel_req_jub_pre"": ""--16"", ""tot_sel_req"": ""201255"", ""tot_buy_req"": ""450317"", ""tot_buy_req_jub_pre"": ""+1"", ""ovt_sel_req_pre"": ""0"", ""ovt_sel_req"": ""0"", ""ovt_buy_req"": ""0"", ""ovt_buy_req_pre"": ""0"", ""return_code"": 0, ""return_msg"": ""정상적으로 처리되었습니다""}"
2026-06-10,scan_candidate,000660,,0,main_scan,2154000,,2154000,2153000,2154000,2152000,-0.1392757660167131,0.04642525533890436,,,,,,"{""bid_req_base_tm"": ""101934"", ""sel_10th_pre_req_pre"": ""0"", ""sel_10th_pre_req"": ""174"", ""sel_10th_pre_bid"": ""-2163000"", ""sel_9th_pre_req_pre"": ""0"", ""sel_9th_pre_req"": ""201"", ""sel_9th_pre_bid"": ""-2162000"", ""sel_8th_pre_req_pre"": ""0"", ""sel_8th_pre_req"": ""35"", ""sel_8th_pre_bid"": ""-2161000"", ""sel_7th_pre_req_pre"": ""0"", ""sel_7th_pre_req"": ""1016"", ""sel_7th_pre_bid"": ""-2160000"", ""sel_6th_pre_req_pre"": ""0"", ""sel_6th_pre_req"": ""561"", ""sel_6th_pre_bid"": ""-2159000"", ""sel_5th_pre_req_pre"": ""0"", ""sel_5th_pre_req"": ""210"", ""sel_5th_pre_bid"": ""-2158000"", ""sel_4th_pre_req_pre"": ""0"", ""sel_4th_pre_req"": ""446"", ""sel_4th_pre_bid"": ""-2157000"", ""sel_3th_pre_req_pre"": ""0"", ""sel_3th_pre_req"": ""195"", ""sel_3th_pre_bid"": ""-2156000"", ""sel_2th_pre_req_pre"": ""0"", ""sel_2th_pre_req"": ""1012"", ""sel_2th_pre_bid"": ""-2155000"", ""sel_1th_pre_req_pre"": ""+1"", ""sel_fpr_req"": ""280"", ""sel_fpr_bid"": ""-2154000"", ""buy_fpr_bid"": ""-2153000"", ""buy_fpr_req"": ""108"", ""buy_1th_pre_req_pre"": ""0"", ""buy_2th_pre_bid"": ""-2152000"", ""buy_2th_pre_req"": ""1847"", ""buy_2th_pre_req_pre"": ""0"", ""buy_3th_pre_bid"": ""-2151000"", ""buy_3th_pre_req"": ""48"", ""buy_3th_pre_req_pre"": ""0"", ""buy_4th_pre_bid"": ""-2150000"", ""buy_4th_pre_req"": ""167"", ""buy_4th_pre_req_pre"": ""0"", ""buy_5th_pre_bid"": ""-2149000"", ""buy_5th_pre_req"": ""261"", ""buy_5th_pre_req_pre"": ""0"", ""buy_6th_pre_bid"": ""-2148000"", ""buy_6th_pre_req"": ""224"", ""buy_6th_pre_req_pre"": ""0"", ""buy_7th_pre_bid"": ""-2147000"", ""buy_7th_pre_req"": ""154"", ""buy_7th_pre_req_pre"": ""0"", ""buy_8th_pre_bid"": ""-2146000"", ""buy_8th_pre_req"": ""134"", ""buy_8th_pre_req_pre"": ""0"", ""buy_9th_pre_bid"": ""-2145000"", ""buy_9th_pre_req"": ""89"", ""buy_9th_pre_req_pre"": ""0"", ""buy_10th_pre_bid"": ""-2144000"", ""buy_10th_pre_req"": ""102"", ""buy_10th_pre_req_pre"": ""0"", ""tot_sel_req_jub_pre"": ""+1"", ""tot_sel_req"": ""4130"", ""tot_buy_req"": ""3134"", ""tot_buy_req_jub_pre"": ""0"", ""ovt_sel_req_pre"": ""0"", ""ovt_sel_req"": ""0"", ""ovt_buy_req"": ""0"", ""ovt_buy_req_pre"": ""0"", ""return_code"": 0, ""return_msg"": ""정상적으로 처리되었습니다""}"
2026-06-10,scan_candidate,402340,,0,main_scan,1228000,,1228000,1227000,1228000,1224000,-0.40716612377850164,0.08143322475570033,,,,,,"{""bid_req_base_tm"": ""101934"", ""sel_10th_pre_req_pre"": ""0"", ""sel_10th_pre_req"": ""30"", ""sel_10th_pre_bid"": ""-1237000"", ""sel_9th_pre_req_pre"": ""0"", ""sel_9th_pre_req"": ""4"", ""sel_9th_pre_bid"": ""-1236000"", ""sel_8th_pre_req_pre"": ""0"", ""sel_8th_pre_req"": ""59"", ""sel_8th_pre_bid"": ""-1235000"", ""sel_7th_pre_req_pre"": ""0"", ""sel_7th_pre_req"": ""29"", ""sel_7th_pre_bid"": ""-1234000"", ""sel_6th_pre_req_pre"": ""0"", ""sel_6th_pre_req"": ""65"", ""sel_6th_pre_bid"": ""-1233000"", ""sel_5th_pre_req_pre"": ""0"", ""sel_5th_pre_req"": ""16"", ""sel_5th_pre_bid"": ""-1232000"", ""sel_4th_pre_req_pre"": ""0"", ""sel_4th_pre_req"": ""89"", ""sel_4th_pre_bid"": ""-1231000"", ""sel_3th_pre_req_pre"": ""0"", ""sel_3th_pre_req"": ""363"", ""sel_3th_pre_bid"": ""-1230000"", ""sel_2th_pre_req_pre"": ""0"", ""sel_2th_pre_req"": ""349"", ""sel_2th_pre_bid"": ""-1229000"", ""sel_1th_pre_req_pre"": ""0"", ""sel_fpr_req"": ""427"", ""sel_fpr_bid"": ""-1228000"", ""buy_fpr_bid"": ""-1227000"", ""buy_fpr_req"": ""266"", ""buy_1th_pre_req_pre"": ""--31"", ""buy_2th_pre_bid"": ""-1226000"", ""buy_2th_pre_req"": ""446"", ""buy_2th_pre_req_pre"": ""0"", ""buy_3th_pre_bid"": ""-1225000"", ""buy_3th_pre_req"": ""86"", ""buy_3th_pre_req_pre"": ""0"", ""buy_4th_pre_bid"": ""-1224000"", ""buy_4th_pre_req"": ""13"", ""buy_4th_pre_req_pre"": ""0"", ""buy_5th_pre_bid"": ""-1223000"", ""buy_5th_pre_req"": ""1"", ""buy_5th_pre_req_pre"": ""0"", ""buy_6th_pre_bid"": ""-1222000"", ""buy_6th_pre_req"": ""24"", ""buy_6th_pre_req_pre"": ""0"", ""buy_7th_pre_bid"": ""-1221000"", ""buy_7th_pre_req"": ""36"", ""buy_7th_pre_req_pre"": ""0"", ""buy_8th_pre_bid"": ""-1220000"", ""buy_8th_pre_req"": ""52"", ""buy_8th_pre_req_pre"": ""0"", ""buy_9th_pre_bid"": ""-1219000"", ""buy_9th_pre_req"": ""4"", ""buy_9th_pre_req_pre"": ""0"", ""buy_10th_pre_bid"": ""-1218000"", ""buy_10th_pre_req"": ""3"", ""buy_10th_pre_req_pre"": ""0"", ""tot_sel_req_jub_pre"": ""0"", ""tot_sel_req"": ""1431"", ""tot_buy_req"": ""931"", ""tot_buy_req_jub_pre"": ""--31"", ""ovt_sel_req_pre"": ""0"", ""ovt_sel_req"": ""0"", ""ovt_buy_req"": ""0"", ""ovt_buy_req_pre"": ""0"", ""return_code"": 0, ""return_msg"": ""정상적으로 처리되었습니다""}"
2026-06-10,scan_candidate,009150,,0,main_scan,1918000,,1918000,1917000,1918000,1916000,-0.15641293013555788,0.05213764337851929,,,,,,"{""bid_req_base_tm"": ""101935"", ""sel_10th_pre_req_pre"": ""0"", ""sel_10th_pre_req"": ""58"", ""sel_10th_pre_bid"": ""-1927000"", ""sel_9th_pre_req_pre"": ""0"", ""sel_9th_pre_req"": ""73"", ""sel_9th_pre_bid"": ""-1926000"", ""sel_8th_pre_req_pre"": ""0"", ""sel_8th_pre_req"": ""115"", ""sel_8th_pre_bid"": ""-1925000"", ""sel_7th_pre_req_pre"": ""0"", ""sel_7th_pre_req"": ""678"", ""sel_7th_pre_bid"": ""-1924000"", ""sel_6th_pre_req_pre"": ""+1"", ""sel_6th_pre_req"": ""40"", ""sel_6th_pre_bid"": ""-1923000"", ""sel_5th_pre_req_pre"": ""0"", ""sel_5th_pre_req"": ""76"", ""sel_5th_pre_bid"": ""-1922000"", ""sel_4th_pre_req_pre"": ""0"", ""sel_4th_pre_req"": ""76"", ""sel_4th_pre_bid"": ""-1921000"", ""sel_3th_pre_req_pre"": ""--1"", ""sel_3th_pre_req"": ""334"", ""sel_3th_pre_bid"": ""-1920000"", ""sel_2th_pre_req_pre"": ""0"", ""sel_2th_pre_req"": ""216"", ""sel_2th_pre_bid"": ""-1919000"", ""sel_1th_pre_req_pre"": ""+6"", ""sel_fpr_req"": ""145"", ""sel_fpr_bid"": ""-1918000"", ""buy_fpr_bid"": ""-1917000"", ""buy_fpr_req"": ""35"", ""buy_1th_pre_req_pre"": ""0"", ""buy_2th_pre_bid"": ""-1916000"", ""buy_2th_pre_req"": ""196"", ""buy_2th_pre_req_pre"": ""0"", ""buy_3th_pre_bid"": ""-1915000"", ""buy_3th_pre_req"": ""113"", ""buy_3th_pre_req_pre"": ""--10"", ""buy_4th_pre_bid"": ""-1914000"", ""buy_4th_pre_req"": ""279"", ""buy_4th_pre_req_pre"": ""--9"", ""buy_5th_pre_bid"": ""-1913000"", ""buy_5th_pre_req"": ""156"", ""buy_5th_pre_req_pre"": ""+20"", ""buy_6th_pre_bid"": ""-1912000"", ""buy_6th_pre_req"": ""16"", ""buy_6th_pre_req_pre"": ""0"", ""buy_7th_pre_bid"": ""-1911000"", ""buy_7th_pre_req"": ""316"", ""buy_7th_pre_req_pre"": ""0"", ""buy_8th_pre_bid"": ""-1910000"", ""buy_8th_pre_req"": ""25"", ""buy_8th_pre_req_pre"": ""0"", ""buy_9th_pre_bid"": ""-1909000"", ""buy_9th_pre_req"": ""33"", ""buy_9th_pre_req_pre"": ""0"", ""buy_10th_pre_bid"": ""-1908000"", ""buy_10th_pre_req"": ""3"", ""buy_10th_pre_req_pre"": ""0"", ""tot_sel_req_jub_pre"": ""+6"", ""tot_sel_req"": ""1811"", ""tot_buy_req"": ""1172"", ""tot_buy_req_jub_pre"": ""--28"", ""ovt_sel_req_pre"": ""0"", ""ovt_sel_req"": ""0"", ""ovt_buy_req"": ""0"", ""ovt_buy_req_pre"": ""0"", ""return_code"": 0, ""return_msg"": ""정상적으로 처리되었습니다""}"
2026-06-10,scan_candidate,032830,,0,main_scan,377000,,377000,376500,377000,377500,0.0,0.1326259946949602,,,,,,"{""bid_req_base_tm"": ""101935"", ""sel_10th_pre_req_pre"": ""0"", ""sel_10th_pre_req"": ""15"", ""sel_10th_pre_bid"": ""-381500"", ""sel_9th_pre_req_pre"": ""0"", ""sel_9th_pre_req"": ""5"", ""sel_9th_pre_bid"": ""-381000"", ""sel_8th_pre_req_pre"": ""0"", ""sel_8th_pre_req"": ""5"", ""sel_8th_pre_bid"": ""-380500"", ""sel_7th_pre_req_pre"": ""0"", ""sel_7th_pre_req"": ""185"", ""sel_7th_pre_bid"": ""-380000"", ""sel_6th_pre_req_pre"": ""0"", ""sel_6th_pre_req"": ""167"", ""sel_6th_pre_bid"": ""-379500"", ""sel_5th_pre_req_pre"": ""0"", ""sel_5th_pre_req"": ""409"", ""sel_5th_pre_bid"": ""-379000"", ""sel_4th_pre_req_pre"": ""0"", ""sel_4th_pre_req"": ""65"", ""sel_4th_pre_bid"": ""-378500"", ""sel_3th_pre_req_pre"": ""0"", ""sel_3th_pre_req"": ""27"", ""sel_3th_pre_bid"": ""-378000"", ""sel_2th_pre_req_pre"": ""0"", ""sel_2th_pre_req"": ""4"", ""sel_2th_pre_bid"": ""-377500"", ""sel_1th_pre_req_pre"": ""--3"", ""sel_fpr_req"": ""220"", ""sel_fpr_bid"": ""-377000"", ""buy_fpr_bid"": ""-376500"", ""buy_fpr_req"": ""228"", ""buy_1th_pre_req_pre"": ""0"", ""buy_2th_pre_bid"": ""-376000"", ""buy_2th_pre_req"": ""134"", ""buy_2th_pre_req_pre"": ""0"", ""buy_3th_pre_bid"": ""-375500"", ""buy_3th_pre_req"": ""109"", ""buy_3th_pre_req_pre"": ""0"", ""buy_4th_pre_bid"": ""-375000"", ""buy_4th_pre_req"": ""319"", ""buy_4th_pre_req_pre"": ""--3"", ""buy_5th_pre_bid"": ""-374500"", ""buy_5th_pre_req"": ""243"", ""buy_5th_pre_req_pre"": ""0"", ""buy_6th_pre_bid"": ""-374000"", ""buy_6th_pre_req"": ""86"", ""buy_6th_pre_req_pre"": ""0"", ""buy_7th_pre_bid"": ""-373500"", ""buy_7th_pre_req"": ""17"", ""buy_7th_pre_req_pre"": ""0"", ""buy_8th_pre_bid"": ""-373000"", ""buy_8th_pre_req"": ""23"", ""buy_8th_pre_req_pre"": ""0"", ""buy_9th_pre_bid"": ""-372500"", ""buy_9th_pre_req"": ""81"", ""buy_9th_pre_req_pre"": ""0"", ""buy_10th_pre_bid"": ""-372000"", ""buy_10th_pre_req"": ""41"", ""buy_10th_pre_req_pre"": ""0"", ""tot_sel_req_jub_pre"": ""--3"", ""tot_sel_req"": ""1102"", ""tot_buy_req"": ""1281"", ""tot_buy_req_jub_pre"": ""--3"", ""ovt_sel_req_pre"": ""0"", ""ovt_sel_req"": ""0"", ""ovt_buy_req"": ""0"", ""ovt_buy_req_pre"": ""0"", ""return_code"": 0, ""return_msg"": ""정상적으로 처리되었습니다""}"
2026-06-10,scan_candidate,012330,,0,main_scan,590000,,590000,588000,590000,589000,-0.3389830508474576,0.3389830508474576,,,,,,"{""bid_req_base_tm"": ""101935"", ""sel_10th_pre_req_pre"": ""0"", ""sel_10th_pre_req"": ""100"", ""sel_10th_pre_bid"": ""+599000"", ""sel_9th_pre_req_pre"": ""0"", ""sel_9th_pre_req"": ""125"", ""sel_9th_pre_bid"": ""+598000"", ""sel_8th_pre_req_pre"": ""0"", ""sel_8th_pre_req"": ""129"", ""sel_8th_pre_bid"": ""+597000"", ""sel_7th_pre_req_pre"": ""0"", ""sel_7th_pre_req"": ""365"", ""sel_7th_pre_bid"": ""+596000"", ""sel_6th_pre_req_pre"": ""0"", ""sel_6th_pre_req"": ""334"", ""sel_6th_pre_bid"": ""595000"", ""sel_5th_pre_req_pre"": ""0"", ""sel_5th_pre_req"": ""254"", ""sel_5th_pre_bid"": ""-594000"", ""sel_4th_pre_req_pre"": ""0"", ""sel_4th_pre_req"": ""171"", ""sel_4th_pre_bid"": ""-593000"", ""sel_3th_pre_req_pre"": ""0"", ""sel_3th_pre_req"": ""65"", ""sel_3th_pre_bid"": ""-592000"", ""sel_2th_pre_req_pre"": ""0"", ""sel_2th_pre_req"": ""90"", ""sel_2th_pre_bid"": ""-591000"", ""sel_1th_pre_req_pre"": ""0"", ""sel_fpr_req"": ""1169"", ""sel_fpr_bid"": ""-590000"", ""buy_fpr_bid"": ""-588000"", ""buy_fpr_req"": ""150"", ""buy_1th_pre_req_pre"": ""0"", ""buy_2th_pre_bid"": ""-587000"", ""buy_2th_pre_req"": ""564"", ""buy_2th_pre_req_pre"": ""--5"", ""buy_3th_pre_bid"": ""-586000"", ""buy_3th_pre_req"": ""581"", ""buy_3th_pre_req_pre"": ""--5"", ""buy_4th_pre_bid"": ""-585000"", ""buy_4th_pre_req"": ""453"", ""buy_4th_pre_req_pre"": ""0"", ""buy_5th_pre_bid"": ""-584000"", ""buy_5th_pre_req"": ""119"", ""buy_5th_pre_req_pre"": ""0"", ""buy_6th_pre_bid"": ""-583000"", ""buy_6th_pre_req"": ""200"", ""buy_6th_pre_req_pre"": ""0"", ""buy_7th_pre_bid"": ""-582000"", ""buy_7th_pre_req"": ""234"", ""buy_7th_pre_req_pre"": ""0"", ""buy_8th_pre_bid"": ""-581000"", ""buy_8th_pre_req"": ""149"", ""buy_8th_pre_req_pre"": ""0"", ""buy_9th_pre_bid"": ""-580000"", ""buy_9th_pre_req"": ""311"", ""buy_9th_pre_req_pre"": ""0"", ""buy_10th_pre_bid"": ""-579000"", ""buy_10th_pre_req"": ""157"", ""buy_10th_pre_req_pre"": ""0"", ""tot_sel_req_jub_pre"": ""0"", ""tot_sel_req"": ""2802"", ""tot_buy_req"": ""2918"", ""tot_buy_req_jub_pre"": ""--10"", ""ovt_sel_req_pre"": ""0"", ""ovt_sel_req"": ""0"", ""ovt_buy_req"": ""0"", ""ovt_buy_req_pre"": ""0"", ""return_code"": 0, ""return_msg"": ""정상적으로 처리되었습니다""}"
2026-06-10,scan_candidate,055550,,0,main_scan,100100,,100100,99900,100100,99700,-0.4995004995004995,0.1998001998001998,,,,,,"{""bid_req_base_tm"": ""101935"", ""sel_10th_pre_req_pre"": ""0"", ""sel_10th_pre_req"": ""106"", ""sel_10th_pre_bid"": ""-101100"", ""sel_9th_pre_req_pre"": ""0"", ""sel_9th_pre_req"": ""689"", ""sel_9th_pre_bid"": ""-101000"", ""sel_8th_pre_req_pre"": ""0"", ""sel_8th_pre_req"": ""320"", ""sel_8th_pre_bid"": ""-100900"", ""sel_7th_pre_req_pre"": ""0"", ""sel_7th_pre_req"": ""1136"", ""sel_7th_pre_bid"": ""-100800"", ""sel_6th_pre_req_pre"": ""0"", ""sel_6th_pre_req"": ""67"", ""sel_6th_pre_bid"": ""-100700"", ""sel_5th_pre_req_pre"": ""0"", ""sel_5th_pre_req"": ""666"", ""sel_5th_pre_bid"": ""-100600"", ""sel_4th_pre_req_pre"": ""--651"", ""sel_4th_pre_req"": ""1752"", ""sel_4th_pre_bid"": ""-100500"", ""sel_3th_pre_req_pre"": ""+651"", ""sel_3th_pre_req"": ""1330"", ""sel_3th_pre_bid"": ""-100400"", ""sel_2th_pre_req_pre"": ""+50"", ""sel_2th_pre_req"": ""311"", ""sel_2th_pre_bid"": ""-100300"", ""sel_1th_pre_req_pre"": ""0"", ""sel_fpr_req"": ""999"", ""sel_fpr_bid"": ""-100100"", ""buy_fpr_bid"": ""-99900"", ""buy_fpr_req"": ""392"", ""buy_1th_pre_req_pre"": ""+100"", ""buy_2th_pre_bid"": ""-99800"", ""buy_2th_pre_req"": ""808"", ""buy_2th_pre_req_pre"": ""0"", ""buy_3th_pre_bid"": ""-99700"", ""buy_3th_pre_req"": ""146"", ""buy_3th_pre_req_pre"": ""0"", ""buy_4th_pre_bid"": ""-99600"", ""buy_4th_pre_req"": ""222"", ""buy_4th_pre_req_pre"": ""0"", ""buy_5th_pre_bid"": ""-99500"", ""buy_5th_pre_req"": ""363"", ""buy_5th_pre_req_pre"": ""0"", ""buy_6th_pre_bid"": ""-99400"", ""buy_6th_pre_req"": ""43"", ""buy_6th_pre_req_pre"": ""0"", ""buy_7th_pre_bid"": ""-99300"", ""buy_7th_pre_req"": ""58"", ""buy_7th_pre_req_pre"": ""0"", ""buy_8th_pre_bid"": ""-99200"", ""buy_8th_pre_req"": ""24"", ""buy_8th_pre_req_pre"": ""0"", ""buy_9th_pre_bid"": ""-99100"", ""buy_9th_pre_req"": ""116"", ""buy_9th_pre_req_pre"": ""0"", ""buy_10th_pre_bid"": ""-99000"", ""buy_10th_pre_req"": ""285"", ""buy_10th_pre_req_pre"": ""0"", ""tot_sel_req_jub_pre"": ""+761"", ""tot_sel_req"": ""7376"", ""tot_buy_req"": ""2457"", ""tot_buy_req_jub_pre"": ""+384"", ""ovt_sel_req_pre"": ""0"", ""ovt_sel_req"": ""0"", ""ovt_buy_req"": ""0"", ""ovt_buy_req_pre"": ""0"", ""return_code"": 0, ""return_msg"": ""정상적으로 처리되었습니다""}"
2026-06-10,scan_candidate,034730,,0,main_scan,592000,,592000,591000,592000,588000,-0.8445945945945946,0.16891891891891891,,,,,,"{""bid_req_base_tm"": ""101935"", ""sel_10th_pre_req_pre"": ""0"", ""sel_10th_pre_req"": ""16"", ""sel_10th_pre_bid"": ""+601000"", ""sel_9th_pre_req_pre"": ""0"", ""sel_9th_pre_req"": ""489"", ""sel_9th_pre_bid"": ""+600000"", ""sel_8th_pre_req_pre"": ""0"", ""sel_8th_pre_req"": ""134"", ""sel_8th_pre_bid"": ""+599000"", ""sel_7th_pre_req_pre"": ""0"", ""sel_7th_pre_req"": ""138"", ""sel_7th_pre_bid"": ""+598000"", ""sel_6th_pre_req_pre"": ""0"", ""sel_6th_pre_req"": ""108"", ""sel_6th_pre_bid"": ""+597000"", ""sel_5th_pre_req_pre"": ""0"", ""sel_5th_pre_req"": ""179"", ""sel_5th_pre_bid"": ""+596000"", ""sel_4th_pre_req_pre"": ""0"", ""sel_4th_pre_req"": ""289"", ""sel_4th_pre_bid"": ""+595000"", ""sel_3th_pre_req_pre"": ""0"", ""sel_3th_pre_req"": ""291"", ""sel_3th_pre_bid"": ""594000"", ""sel_2th_pre_req_pre"": ""0"", ""sel_2th_pre_req"": ""202"", ""sel_2th_pre_bid"": ""-593000"", ""sel_1th_pre_req_pre"": ""--2"", ""sel_fpr_req"": ""330"", ""sel_fpr_bid"": ""-592000"", ""buy_fpr_bid"": ""-591000"", ""buy_fpr_req"": ""468"", ""buy_1th_pre_req_pre"": ""0"", ""buy_2th_pre_bid"": ""-590000"", ""buy_2th_pre_req"": ""138"", ""buy_2th_pre_req_pre"": ""0"", ""buy_3th_pre_bid"": ""-589000"", ""buy_3th_pre_req"": ""15"", ""buy_3th_pre_req_pre"": ""0"", ""buy_4th_pre_bid"": ""-588000"", ""buy_4th_pre_req"": ""152"", ""buy_4th_pre_req_pre"": ""0"", ""buy_5th_pre_bid"": ""-587000"", ""buy_5th_pre_req"": ""2"", ""buy_5th_pre_req_pre"": ""0"", ""buy_6th_pre_bid"": ""-586000"", ""buy_6th_pre_req"": ""10"", ""buy_6th_pre_req_pre"": ""0"", ""buy_7th_pre_bid"": ""-585000"", ""buy_7th_pre_req"": ""37"", ""buy_7th_pre_req_pre"": ""0"", ""buy_8th_pre_bid"": ""-583000"", ""buy_8th_pre_req"": ""38"", ""buy_8th_pre_req_pre"": ""0"", ""buy_9th_pre_bid"": ""-582000"", ""buy_9th_pre_req"": ""76"", ""buy_9th_pre_req_pre"": ""0"", ""buy_10th_pre_bid"": ""-581000"", ""buy_10th_pre_req"": ""111"", ""buy_10th_pre_req_pre"": ""0"", ""tot_sel_req_jub_pre"": ""--2"", ""tot_sel_req"": ""2176"", ""tot_buy_req"": ""1047"", ""tot_buy_req_jub_pre"": ""0"", ""ovt_sel_req_pre"": ""0"", ""ovt_sel_req"": ""0"", ""ovt_buy_req"": ""0"", ""ovt_buy_req_pre"": ""0"", ""return_code"": 0, ""return_msg"": ""정상적으로 처리되었습니다""}"
2026-06-10,scan_candidate,066570,,0,main_scan,234500,,234500,234000,234500,235000,0.0,0.21321961620469082,,,,,,"{""bid_req_base_tm"": ""101936"", ""sel_10th_pre_req_pre"": ""0"", ""sel_10th_pre_req"": ""907"", ""sel_10th_pre_bid"": ""-239000"", ""sel_9th_pre_req_pre"": ""0"", ""sel_9th_pre_req"": ""711"", ""sel_9th_pre_bid"": ""-238500"", ""sel_8th_pre_req_pre"": ""0"", ""sel_8th_pre_req"": ""1848"", ""sel_8th_pre_bid"": ""-238000"", ""sel_7th_pre_req_pre"": ""0"", ""sel_7th_pre_req"": ""1822"", ""sel_7th_pre_bid"": ""-237500"", ""sel_6th_pre_req_pre"": ""0"", ""sel_6th_pre_req"": ""1451"", ""sel_6th_pre_bid"": ""-237000"", ""sel_5th_pre_req_pre"": ""0"", ""sel_5th_pre_req"": ""1130"", ""sel_5th_pre_bid"": ""-236500"", ""sel_4th_pre_req_pre"": ""0"", ""sel_4th_pre_req"": ""2948"", ""sel_4th_pre_bid"": ""-236000"", ""sel_3th_pre_req_pre"": ""0"", ""sel_3th_pre_req"": ""2666"", ""sel_3th_pre_bid"": ""-235500"", ""sel_2th_pre_req_pre"": ""0"", ""sel_2th_pre_req"": ""4787"", ""sel_2th_pre_bid"": ""-235000"", ""sel_1th_pre_req_pre"": ""0"", ""sel_fpr_req"": ""2241"", ""sel_fpr_bid"": ""-234500"", ""buy_fpr_bid"": ""-234000"", ""buy_fpr_req"": ""2211"", ""buy_1th_pre_req_pre"": ""+10"", ""buy_2th_pre_bid"": ""-233500"", ""buy_2th_pre_req"": ""2143"", ""buy_2th_pre_req_pre"": ""0"", ""buy_3th_pre_bid"": ""-233000"", ""buy_3th_pre_req"": ""1640"", ""buy_3th_pre_req_pre"": ""+2"", ""buy_4th_pre_bid"": ""-232500"", ""buy_4th_pre_req"": ""1561"", ""buy_4th_pre_req_pre"": ""0"", ""buy_5th_pre_bid"": ""-232000"", ""buy_5th_pre_req"": ""5925"", ""buy_5th_pre_req_pre"": ""0"", ""buy_6th_pre_bid"": ""-231500"", ""buy_6th_pre_req"": ""4431"", ""buy_6th_pre_req_pre"": ""0"", ""buy_7th_pre_bid"": ""-231000"", ""buy_7th_pre_req"": ""8830"", ""buy_7th_pre_req_pre"": ""0"", ""buy_8th_pre_bid"": ""-230500"", ""buy_8th_pre_req"": ""11889"", ""buy_8th_pre_req_pre"": ""0"", ""buy_9th_pre_bid"": ""-230000"", ""buy_9th_pre_req"": ""36606"", ""buy_9th_pre_req_pre"": ""+7"", ""buy_10th_pre_bid"": ""-229500"", ""buy_10th_pre_req"": ""4876"", ""buy_10th_pre_req_pre"": ""0"", ""tot_sel_req_jub_pre"": ""0"", ""tot_sel_req"": ""20511"", ""tot_buy_req"": ""80112"", ""tot_buy_req_jub_pre"": ""+19"", ""ovt_sel_req_pre"": ""0"", ""ovt_sel_req"": ""0"", ""ovt_buy_req"": ""0"", ""ovt_buy_req_pre"": ""0"", ""return_code"": 0, ""return_msg"": ""정상적으로 처리되었습니다""}"
2026-06-10,scan_candidate,035420,,0,main_scan,237500,,237500,237000,237500,238500,0.21052631578947367,0.21052631578947367,,,,,,"{""bid_req_base_tm"": ""101936"", ""sel_10th_pre_req_pre"": ""0"", ""sel_10th_pre_req"": ""3080"", ""sel_10th_pre_bid"": ""-242000"", ""sel_9th_pre_req_pre"": ""0"", ""sel_9th_pre_req"": ""2204"", ""sel_9th_pre_bid"": ""-241500"", ""sel_8th_pre_req_pre"": ""0"", ""sel_8th_pre_req"": ""2492"", ""sel_8th_pre_bid"": ""-241000"", ""sel_7th_pre_req_pre"": ""0"", ""sel_7th_pre_req"": ""3055"", ""sel_7th_pre_bid"": ""-240500"", ""sel_6th_pre_req_pre"": ""0"", ""sel_6th_pre_req"": ""3810"", ""sel_6th_pre_bid"": ""-240000"", ""sel_5th_pre_req_pre"": ""0"", ""sel_5th_pre_req"": ""2634"", ""sel_5th_pre_bid"": ""-239500"", ""sel_4th_pre_req_pre"": ""0"", ""sel_4th_pre_req"": ""2368"", ""sel_4th_pre_bid"": ""-239000"", ""sel_3th_pre_req_pre"": ""0"", ""sel_3th_pre_req"": ""3162"", ""sel_3th_pre_bid"": ""-238500"", ""sel_2th_pre_req_pre"": ""0"", ""sel_2th_pre_req"": ""4212"", ""sel_2th_pre_bid"": ""-238000"", ""sel_1th_pre_req_pre"": ""--4"", ""sel_fpr_req"": ""1369"", ""sel_fpr_bid"": ""-237500"", ""buy_fpr_bid"": ""-237000"", ""buy_fpr_req"": ""1101"", ""buy_1th_pre_req_pre"": ""+1"", ""buy_2th_pre_bid"": ""-236500"", ""buy_2th_pre_req"": ""6161"", ""buy_2th_pre_req_pre"": ""0"", ""buy_3th_pre_bid"": ""-236000"", ""buy_3th_pre_req"": ""7383"", ""buy_3th_pre_req_pre"": ""0"", ""buy_4th_pre_bid"": ""-235500"", ""buy_4th_pre_req"": ""10711"", ""buy_4th_pre_req_pre"": ""0"", ""buy_5th_pre_bid"": ""-235000"", ""buy_5th_pre_req"": ""24459"", ""buy_5th_pre_req_pre"": ""0"", ""buy_6th_pre_bid"": ""-234500"", ""buy_6th_pre_req"": ""53287"", ""buy_6th_pre_req_pre"": ""0"", ""buy_7th_pre_bid"": ""-234000"", ""buy_7th_pre_req"": ""7737"", ""buy_7th_pre_req_pre"": ""0"", ""buy_8th_pre_bid"": ""-233500"", ""buy_8th_pre_req"": ""6360"", ""buy_8th_pre_req_pre"": ""0"", ""buy_9th_pre_bid"": ""-233000"", ""buy_9th_pre_req"": ""7850"", ""buy_9th_pre_req_pre"": ""0"", ""buy_10th_pre_bid"": ""-232500"", ""buy_10th_pre_req"": ""5840"", ""buy_10th_pre_req_pre"": ""0"", ""tot_sel_req_jub_pre"": ""--4"", ""tot_sel_req"": ""28386"", ""tot_buy_req"": ""130889"", ""tot_buy_req_jub_pre"": ""+1"", ""ovt_sel_req_pre"": ""0"", ""ovt_sel_req"": ""0"", ""ovt_buy_req"": ""0"", ""ovt_buy_req_pre"": ""0"", ""return_code"": 0, ""return_msg"": ""정상적으로 처리되었습니다""}"
2026-06-10,scan_candidate,267260,,0,main_scan,1018000,,1018000,1017000,1018000,1017000,-0.19646365422396855,0.09823182711198428,,,,,,"{""bid_req_base_tm"": ""101936"", ""sel_10th_pre_req_pre"": ""0"", ""sel_10th_pre_req"": ""337"", ""sel_10th_pre_bid"": ""+1027000"", ""sel_9th_pre_req_pre"": ""0"", ""sel_9th_pre_req"": ""133"", ""sel_9th_pre_bid"": ""+1026000"", ""sel_8th_pre_req_pre"": ""0"", ""sel_8th_pre_req"": ""114"", ""sel_8th_pre_bid"": ""+1025000"", ""sel_7th_pre_req_pre"": ""0"", ""sel_7th_pre_req"": ""33"", ""sel_7th_pre_bid"": ""+1024000"", ""sel_6th_pre_req_pre"": ""0"", ""sel_6th_pre_req"": ""14"", ""sel_6th_pre_bid"": ""+1023000"", ""sel_5th_pre_req_pre"": ""0"", ""sel_5th_pre_req"": ""13"", ""sel_5th_pre_bid"": ""+1022000"", ""sel_4th_pre_req_pre"": ""0"", ""sel_4th_pre_req"": ""7"", ""sel_4th_pre_bid"": ""+1021000"", ""sel_3th_pre_req_pre"": ""0"", ""sel_3th_pre_req"": ""159"", ""sel_3th_pre_bid"": ""+1020000"", ""sel_2th_pre_req_pre"": ""0"", ""sel_2th_pre_req"": ""122"", ""sel_2th_pre_bid"": ""+1019000"", ""sel_1th_pre_req_pre"": ""--11"", ""sel_fpr_req"": ""69"", ""sel_fpr_bid"": ""+1018000"", ""buy_fpr_bid"": ""+1017000"", ""buy_fpr_req"": ""7"", ""buy_1th_pre_req_pre"": ""0"", ""buy_2th_pre_bid"": ""+1016000"", ""buy_2th_pre_req"": ""78"", ""buy_2th_pre_req_pre"": ""0"", ""buy_3th_pre_bid"": ""+1015000"", ""buy_3th_pre_req"": ""601"", ""buy_3th_pre_req_pre"": ""0"", ""buy_4th_pre_bid"": ""+1014000"", ""buy_4th_pre_req"": ""108"", ""buy_4th_pre_req_pre"": ""0"", ""buy_5th_pre_bid"": ""+1013000"", ""buy_5th_pre_req"": ""13"", ""buy_5th_pre_req_pre"": ""0"", ""buy_6th_pre_bid"": ""+1012000"", ""buy_6th_pre_req"": ""18"", ""buy_6th_pre_req_pre"": ""0"", ""buy_7th_pre_bid"": ""+1011000"", ""buy_7th_pre_req"": ""16"", ""buy_7th_pre_req_pre"": ""0"", ""buy_8th_pre_bid"": ""+1010000"", ""buy_8th_pre_req"": ""5"", ""buy_8th_pre_req_pre"": ""0"", ""buy_9th_pre_bid"": ""+1009000"", ""buy_9th_pre_req"": ""7"", ""buy_9th_pre_req_pre"": ""0"", ""buy_10th_pre_bid"": ""+1008000"", ""buy_10th_pre_req"": ""7"", ""buy_10th_pre_req_pre"": ""0"", ""tot_sel_req_jub_pre"": ""--11"", ""tot_sel_req"": ""1001"", ""tot_buy_req"": ""860"", ""tot_buy_req_jub_pre"": ""0"", ""ovt_sel_req_pre"": ""0"", ""ovt_sel_req"": ""0"", ""ovt_buy_req"": ""0"", ""ovt_buy_req_pre"": ""0"", ""return_code"": 0, ""return_msg"": ""정상적으로 처리되었습니다""}"
2026-06-10,scan_candidate,010120,,0,main_scan,241000,,241000,240500,241000,240000,-0.6224066390041494,0.2074688796680498,,,,,,"{""bid_req_base_tm"": ""101936"", ""sel_10th_pre_req_pre"": ""0"", ""sel_10th_pre_req"": ""888"", ""sel_10th_pre_bid"": ""+245500"", ""sel_9th_pre_req_pre"": ""0"", ""sel_9th_pre_req"": ""4350"", ""sel_9th_pre_bid"": ""+245000"", ""sel_8th_pre_req_pre"": ""+3"", ""sel_8th_pre_req"": ""1954"", ""sel_8th_pre_bid"": ""+244500"", ""sel_7th_pre_req_pre"": ""0"", ""sel_7th_pre_req"": ""2010"", ""sel_7th_pre_bid"": ""+244000"", ""sel_6th_pre_req_pre"": ""0"", ""sel_6th_pre_req"": ""973"", ""sel_6th_pre_bid"": ""+243500"", ""sel_5th_pre_req_pre"": ""0"", ""sel_5th_pre_req"": ""1696"", ""sel_5th_pre_bid"": ""+243000"", ""sel_4th_pre_req_pre"": ""0"", ""sel_4th_pre_req"": ""918"", ""sel_4th_pre_bid"": ""+242500"", ""sel_3th_pre_req_pre"": ""0"", ""sel_3th_pre_req"": ""257"", ""sel_3th_pre_bid"": ""+242000"", ""sel_2th_pre_req_pre"": ""0"", ""sel_2th_pre_req"": ""666"", ""sel_2th_pre_bid"": ""+241500"", ""sel_1th_pre_req_pre"": ""0"", ""sel_fpr_req"": ""74"", ""sel_fpr_bid"": ""+241000"", ""buy_fpr_bid"": ""+240500"", ""buy_fpr_req"": ""931"", ""buy_1th_pre_req_pre"": ""--1"", ""buy_2th_pre_bid"": ""+240000"", ""buy_2th_pre_req"": ""2284"", ""buy_2th_pre_req_pre"": ""0"", ""buy_3th_pre_bid"": ""+239500"", ""buy_3th_pre_req"": ""449"", ""buy_3th_pre_req_pre"": ""0"", ""buy_4th_pre_bid"": ""+239000"", ""buy_4th_pre_req"": ""524"", ""buy_4th_pre_req_pre"": ""0"", ""buy_5th_pre_bid"": ""+238500"", ""buy_5th_pre_req"": ""312"", ""buy_5th_pre_req_pre"": ""0"", ""buy_6th_pre_bid"": ""+238000"", ""buy_6th_pre_req"": ""863"", ""buy_6th_pre_req_pre"": ""0"", ""buy_7th_pre_bid"": ""+237500"", ""buy_7th_pre_req"": ""682"", ""buy_7th_pre_req_pre"": ""0"", ""buy_8th_pre_bid"": ""+237000"", ""buy_8th_pre_req"": ""729"", ""buy_8th_pre_req_pre"": ""0"", ""buy_9th_pre_bid"": ""+236500"", ""buy_9th_pre_req"": ""306"", ""buy_9th_pre_req_pre"": ""0"", ""buy_10th_pre_bid"": ""+236000"", ""buy_10th_pre_req"": ""446"", ""buy_10th_pre_req_pre"": ""0"", ""tot_sel_req_jub_pre"": ""+3"", ""tot_sel_req"": ""13786"", ""tot_buy_req"": ""7526"", ""tot_buy_req_jub_pre"": ""--1"", ""ovt_sel_req_pre"": ""0"", ""ovt_sel_req"": ""0"", ""ovt_buy_req"": ""0"", ""ovt_buy_req_pre"": ""0"", ""return_code"": 0, ""return_msg"": ""정상적으로 처리되었습니다""}"
2026-06-10,scan_candidate,086790,,0,main_scan,120200,,120200,120000,120200,119500,-0.9983361064891847,0.16638935108153077,,,,,,"{""bid_req_base_tm"": ""101936"", ""sel_10th_pre_req_pre"": ""0"", ""sel_10th_pre_req"": ""13"", ""sel_10th_pre_bid"": ""+121100"", ""sel_9th_pre_req_pre"": ""0"", ""sel_9th_pre_req"": ""320"", ""sel_9th_pre_bid"": ""+121000"", ""sel_8th_pre_req_pre"": ""0"", ""sel_8th_pre_req"": ""1544"", ""sel_8th_pre_bid"": ""+120900"", ""sel_7th_pre_req_pre"": ""0"", ""sel_7th_pre_req"": ""186"", ""sel_7th_pre_bid"": ""+120800"", ""sel_6th_pre_req_pre"": ""0"", ""sel_6th_pre_req"": ""14"", ""sel_6th_pre_bid"": ""+120700"", ""sel_5th_pre_req_pre"": ""0"", ""sel_5th_pre_req"": ""1548"", ""sel_5th_pre_bid"": ""+120600"", ""sel_4th_pre_req_pre"": ""0"", ""sel_4th_pre_req"": ""766"", ""sel_4th_pre_bid"": ""+120500"", ""sel_3th_pre_req_pre"": ""0"", ""sel_3th_pre_req"": ""1167"", ""sel_3th_pre_bid"": ""+120400"", ""sel_2th_pre_req_pre"": ""0"", ""sel_2th_pre_req"": ""641"", ""sel_2th_pre_bid"": ""+120300"", ""sel_1th_pre_req_pre"": ""0"", ""sel_fpr_req"": ""617"", ""sel_fpr_bid"": ""+120200"", ""buy_fpr_bid"": ""+120000"", ""buy_fpr_req"": ""486"", ""buy_1th_pre_req_pre"": ""0"", ""buy_2th_pre_bid"": ""+119900"", ""buy_2th_pre_req"": ""400"", ""buy_2th_pre_req_pre"": ""0"", ""buy_3th_pre_bid"": ""+119800"", ""buy_3th_pre_req"": ""230"", ""buy_3th_pre_req_pre"": ""0"", ""buy_4th_pre_bid"": ""+119700"", ""buy_4th_pre_req"": ""291"", ""buy_4th_pre_req_pre"": ""+10"", ""buy_5th_pre_bid"": ""+119600"", ""buy_5th_pre_req"": ""15"", ""buy_5th_pre_req_pre"": ""0"", ""buy_6th_pre_bid"": ""+119500"", ""buy_6th_pre_req"": ""412"", ""buy_6th_pre_req_pre"": ""0"", ""buy_7th_pre_bid"": ""+119400"", ""buy_7th_pre_req"": ""2"", ""buy_7th_pre_req_pre"": ""0"", ""buy_8th_pre_bid"": ""+119300"", ""buy_8th_pre_req"": ""38"", ""buy_8th_pre_req_pre"": ""0"", ""buy_9th_pre_bid"": ""+119200"", ""buy_9th_pre_req"": ""66"", ""buy_9th_pre_req_pre"": ""0"", ""buy_10th_pre_bid"": ""+119100"", ""buy_10th_pre_req"": ""26"", ""buy_10th_pre_req_pre"": ""0"", ""tot_sel_req_jub_pre"": ""0"", ""tot_sel_req"": ""6816"", ""tot_buy_req"": ""1966"", ""tot_buy_req_jub_pre"": ""+10"", ""ovt_sel_req_pre"": ""0"", ""ovt_sel_req"": ""0"", ""ovt_buy_req"": ""0"", ""ovt_buy_req_pre"": ""0"", ""return_code"": 0, ""return_msg"": ""정상적으로 처리되었습니다""}"
2026-06-10,scan_candidate,298040,,0,main_scan,3555000,,3555000,3554000,3555000,3557000,0.02812939521800281,0.02812939521800281,,,,,,"{""bid_req_base_tm"": ""101937"", ""sel_10th_pre_req_pre"": ""0"", ""sel_10th_pre_req"": ""2"", ""sel_10th_pre_bid"": ""+3565000"", ""sel_9th_pre_req_pre"": ""0"", ""sel_9th_pre_req"": ""20"", ""sel_9th_pre_bid"": ""+3564000"", ""sel_8th_pre_req_pre"": ""0"", ""sel_8th_pre_req"": ""4"", ""sel_8th_pre_bid"": ""+3563000"", ""sel_7th_pre_req_pre"": ""0"", ""sel_7th_pre_req"": ""7"", ""sel_7th_pre_bid"": ""+3562000"", ""sel_6th_pre_req_pre"": ""0"", ""sel_6th_pre_req"": ""1"", ""sel_6th_pre_bid"": ""+3561000"", ""sel_5th_pre_req_pre"": ""0"", ""sel_5th_pre_req"": ""4"", ""sel_5th_pre_bid"": ""+3560000"", ""sel_4th_pre_req_pre"": ""0"", ""sel_4th_pre_req"": ""4"", ""sel_4th_pre_bid"": ""+3559000"", ""sel_3th_pre_req_pre"": ""0"", ""sel_3th_pre_req"": ""1"", ""sel_3th_pre_bid"": ""+3557000"", ""sel_2th_pre_req_pre"": ""0"", ""sel_2th_pre_req"": ""6"", ""sel_2th_pre_bid"": ""+3556000"", ""sel_1th_pre_req_pre"": ""0"", ""sel_fpr_req"": ""13"", ""sel_fpr_bid"": ""+3555000"", ""buy_fpr_bid"": ""+3554000"", ""buy_fpr_req"": ""15"", ""buy_1th_pre_req_pre"": ""0"", ""buy_2th_pre_bid"": ""+3553000"", ""buy_2th_pre_req"": ""10"", ""buy_2th_pre_req_pre"": ""+2"", ""buy_3th_pre_bid"": ""+3552000"", ""buy_3th_pre_req"": ""26"", ""buy_3th_pre_req_pre"": ""0"", ""buy_4th_pre_bid"": ""+3551000"", ""buy_4th_pre_req"": ""1"", ""buy_4th_pre_req_pre"": ""0"", ""buy_5th_pre_bid"": ""+3550000"", ""buy_5th_pre_req"": ""15"", ""buy_5th_pre_req_pre"": ""0"", ""buy_6th_pre_bid"": ""+3549000"", ""buy_6th_pre_req"": ""4"", ""buy_6th_pre_req_pre"": ""0"", ""buy_7th_pre_bid"": ""+3548000"", ""buy_7th_pre_req"": ""1"", ""buy_7th_pre_req_pre"": ""0"", ""buy_8th_pre_bid"": ""+3547000"", ""buy_8th_pre_req"": ""1"", ""buy_8th_pre_req_pre"": ""0"", ""buy_9th_pre_bid"": ""+3546000"", ""buy_9th_pre_req"": ""4"", ""buy_9th_pre_req_pre"": ""0"", ""buy_10th_pre_bid"": ""+3545000"", ""buy_10th_pre_req"": ""1"", ""buy_10th_pre_req_pre"": ""0"", ""tot_sel_req_jub_pre"": ""0"", ""tot_sel_req"": ""62"", ""tot_buy_req"": ""78"", ""tot_buy_req_jub_pre"": ""+2"", ""ovt_sel_req_pre"": ""0"", ""ovt_sel_req"": ""0"", ""ovt_buy_req"": ""0"", ""ovt_buy_req_pre"": ""0"", ""return_code"": 0, ""return_msg"": ""정상적으로 처리되었습니다""}"
2026-06-10,scan_candidate,000810,,0,main_scan,622000,,622000,620000,622000,620000,-0.482315112540193,0.3215434083601286,,,,,,"{""bid_req_base_tm"": ""101937"", ""sel_10th_pre_req_pre"": ""0"", ""sel_10th_pre_req"": ""3"", ""sel_10th_pre_bid"": ""-631000"", ""sel_9th_pre_req_pre"": ""0"", ""sel_9th_pre_req"": ""51"", ""sel_9th_pre_bid"": ""-630000"", ""sel_8th_pre_req_pre"": ""0"", ""sel_8th_pre_req"": ""36"", ""sel_8th_pre_bid"": ""-629000"", ""sel_7th_pre_req_pre"": ""0"", ""sel_7th_pre_req"": ""23"", ""sel_7th_pre_bid"": ""-628000"", ""sel_6th_pre_req_pre"": ""0"", ""sel_6th_pre_req"": ""16"", ""sel_6th_pre_bid"": ""-627000"", ""sel_5th_pre_req_pre"": ""0"", ""sel_5th_pre_req"": ""18"", ""sel_5th_pre_bid"": ""-626000"", ""sel_4th_pre_req_pre"": ""0"", ""sel_4th_pre_req"": ""6"", ""sel_4th_pre_bid"": ""-625000"", ""sel_3th_pre_req_pre"": ""0"", ""sel_3th_pre_req"": ""11"", ""sel_3th_pre_bid"": ""-624000"", ""sel_2th_pre_req_pre"": ""0"", ""sel_2th_pre_req"": ""307"", ""sel_2th_pre_bid"": ""-623000"", ""sel_1th_pre_req_pre"": ""0"", ""sel_fpr_req"": ""64"", ""sel_fpr_bid"": ""-622000"", ""buy_fpr_bid"": ""-620000"", ""buy_fpr_req"": ""158"", ""buy_1th_pre_req_pre"": ""+3"", ""buy_2th_pre_bid"": ""-619000"", ""buy_2th_pre_req"": ""98"", ""buy_2th_pre_req_pre"": ""0"", ""buy_3th_pre_bid"": ""-618000"", ""buy_3th_pre_req"": ""60"", ""buy_3th_pre_req_pre"": ""0"", ""buy_4th_pre_bid"": ""-617000"", ""buy_4th_pre_req"": ""21"", ""buy_4th_pre_req_pre"": ""0"", ""buy_5th_pre_bid"": ""-616000"", ""buy_5th_pre_req"": ""14"", ""buy_5th_pre_req_pre"": ""0"", ""buy_6th_pre_bid"": ""-615000"", ""buy_6th_pre_req"": ""89"", ""buy_6th_pre_req_pre"": ""0"", ""buy_7th_pre_bid"": ""-614000"", ""buy_7th_pre_req"": ""3"", ""buy_7th_pre_req_pre"": ""0"", ""buy_8th_pre_bid"": ""-613000"", ""buy_8th_pre_req"": ""19"", ""buy_8th_pre_req_pre"": ""0"", ""buy_9th_pre_bid"": ""-612000"", ""buy_9th_pre_req"": ""14"", ""buy_9th_pre_req_pre"": ""0"", ""buy_10th_pre_bid"": ""-611000"", ""buy_10th_pre_req"": ""26"", ""buy_10th_pre_req_pre"": ""0"", ""tot_sel_req_jub_pre"": ""0"", ""tot_sel_req"": ""535"", ""tot_buy_req"": ""502"", ""tot_buy_req_jub_pre"": ""+3"", ""ovt_sel_req_pre"": ""0"", ""ovt_sel_req"": ""0"", ""ovt_buy_req"": ""0"", ""ovt_buy_req_pre"": ""0"", ""return_code"": 0, ""return_msg"": ""정상적으로 처리되었습니다""}"
2026-06-10,scan_candidate,011070,,0,main_scan,1102000,,1102000,1100000,1102000,1102000,-0.09074410163339383,0.18148820326678766,,,,,,"{""bid_req_base_tm"": ""101937"", ""sel_10th_pre_req_pre"": ""0"", ""sel_10th_pre_req"": ""34"", ""sel_10th_pre_bid"": ""-1111000"", ""sel_9th_pre_req_pre"": ""0"", ""sel_9th_pre_req"": ""150"", ""sel_9th_pre_bid"": ""-1110000"", ""sel_8th_pre_req_pre"": ""0"", ""sel_8th_pre_req"": ""320"", ""sel_8th_pre_bid"": ""-1109000"", ""sel_7th_pre_req_pre"": ""0"", ""sel_7th_pre_req"": ""13"", ""sel_7th_pre_bid"": ""-1108000"", ""sel_6th_pre_req_pre"": ""0"", ""sel_6th_pre_req"": ""71"", ""sel_6th_pre_bid"": ""-1107000"", ""sel_5th_pre_req_pre"": ""0"", ""sel_5th_pre_req"": ""126"", ""sel_5th_pre_bid"": ""-1106000"", ""sel_4th_pre_req_pre"": ""0"", ""sel_4th_pre_req"": ""30"", ""sel_4th_pre_bid"": ""-1105000"", ""sel_3th_pre_req_pre"": ""0"", ""sel_3th_pre_req"": ""28"", ""sel_3th_pre_bid"": ""-1104000"", ""sel_2th_pre_req_pre"": ""0"", ""sel_2th_pre_req"": ""66"", ""sel_2th_pre_bid"": ""-1103000"", ""sel_1th_pre_req_pre"": ""0"", ""sel_fpr_req"": ""182"", ""sel_fpr_bid"": ""-1102000"", ""buy_fpr_bid"": ""-1100000"", ""buy_fpr_req"": ""28"", ""buy_1th_pre_req_pre"": ""0"", ""buy_2th_pre_bid"": ""-1099000"", ""buy_2th_pre_req"": ""64"", ""buy_2th_pre_req_pre"": ""0"", ""buy_3th_pre_bid"": ""-1098000"", ""buy_3th_pre_req"": ""178"", ""buy_3th_pre_req_pre"": ""0"", ""buy_4th_pre_bid"": ""-1097000"", ""buy_4th_pre_req"": ""23"", ""buy_4th_pre_req_pre"": ""0"", ""buy_5th_pre_bid"": ""-1096000"", ""buy_5th_pre_req"": ""68"", ""buy_5th_pre_req_pre"": ""0"", ""buy_6th_pre_bid"": ""-1095000"", ""buy_6th_pre_req"": ""234"", ""buy_6th_pre_req_pre"": ""0"", ""buy_7th_pre_bid"": ""-1094000"", ""buy_7th_pre_req"": ""560"", ""buy_7th_pre_req_pre"": ""0"", ""buy_8th_pre_bid"": ""-1093000"", ""buy_8th_pre_req"": ""17"", ""buy_8th_pre_req_pre"": ""0"", ""buy_9th_pre_bid"": ""-1092000"", ""buy_9th_pre_req"": ""69"", ""buy_9th_pre_req_pre"": ""0"", ""buy_10th_pre_bid"": ""-1091000"", ""buy_10th_pre_req"": ""102"", ""buy_10th_pre_req_pre"": ""0"", ""tot_sel_req_jub_pre"": ""0"", ""tot_sel_req"": ""1020"", ""tot_buy_req"": ""1343"", ""tot_buy_req_jub_pre"": ""0"", ""ovt_sel_req_pre"": ""0"", ""ovt_sel_req"": ""0"", ""ovt_buy_req"": ""0"", ""ovt_buy_req_pre"": ""0"", ""return_code"": 0, ""return_msg"": ""정상적으로 처리되었습니다""}"
2026-06-10,scan_candidate,042700,,0,main_scan,290000,,290000,289500,290000,287500,-1.0344827586206897,0.1724137931034483,,,,,,"{""bid_req_base_tm"": ""101937"", ""sel_10th_pre_req_pre"": ""0"", ""sel_10th_pre_req"": ""218"", ""sel_10th_pre_bid"": ""+294500"", ""sel_9th_pre_req_pre"": ""0"", ""sel_9th_pre_req"": ""375"", ""sel_9th_pre_bid"": ""+294000"", ""sel_8th_pre_req_pre"": ""0"", ""sel_8th_pre_req"": ""199"", ""sel_8th_pre_bid"": ""+293500"", ""sel_7th_pre_req_pre"": ""0"", ""sel_7th_pre_req"": ""589"", ""sel_7th_pre_bid"": ""+293000"", ""sel_6th_pre_req_pre"": ""0"", ""sel_6th_pre_req"": ""400"", ""sel_6th_pre_bid"": ""+292500"", ""sel_5th_pre_req_pre"": ""0"", ""sel_5th_pre_req"": ""340"", ""sel_5th_pre_bid"": ""+292000"", ""sel_4th_pre_req_pre"": ""0"", ""sel_4th_pre_req"": ""81"", ""sel_4th_pre_bid"": ""+291500"", ""sel_3th_pre_req_pre"": ""0"", ""sel_3th_pre_req"": ""969"", ""sel_3th_pre_bid"": ""+291000"", ""sel_2th_pre_req_pre"": ""0"", ""sel_2th_pre_req"": ""912"", ""sel_2th_pre_bid"": ""+290500"", ""sel_1th_pre_req_pre"": ""+1"", ""sel_fpr_req"": ""1312"", ""sel_fpr_bid"": ""+290000"", ""buy_fpr_bid"": ""+289500"", ""buy_fpr_req"": ""102"", ""buy_1th_pre_req_pre"": ""+1"", ""buy_2th_pre_bid"": ""+289000"", ""buy_2th_pre_req"": ""710"", ""buy_2th_pre_req_pre"": ""+1"", ""buy_3th_pre_bid"": ""+288500"", ""buy_3th_pre_req"": ""176"", ""buy_3th_pre_req_pre"": ""0"", ""buy_4th_pre_bid"": ""+288000"", ""buy_4th_pre_req"": ""203"", ""buy_4th_pre_req_pre"": ""0"", ""buy_5th_pre_bid"": ""+287500"", ""buy_5th_pre_req"": ""21"", ""buy_5th_pre_req_pre"": ""0"", ""buy_6th_pre_bid"": ""+287000"", ""buy_6th_pre_req"": ""118"", ""buy_6th_pre_req_pre"": ""0"", ""buy_7th_pre_bid"": ""+286500"", ""buy_7th_pre_req"": ""12"", ""buy_7th_pre_req_pre"": ""0"", ""buy_8th_pre_bid"": ""+286000"", ""buy_8th_pre_req"": ""100"", ""buy_8th_pre_req_pre"": ""0"", ""buy_9th_pre_bid"": ""+285500"", ""buy_9th_pre_req"": ""164"", ""buy_9th_pre_req_pre"": ""0"", ""buy_10th_pre_bid"": ""+285000"", ""buy_10th_pre_req"": ""215"", ""buy_10th_pre_req_pre"": ""0"", ""tot_sel_req_jub_pre"": ""+1"", ""tot_sel_req"": ""5395"", ""tot_buy_req"": ""1821"", ""tot_buy_req_jub_pre"": ""+2"", ""ovt_sel_req_pre"": ""0"", ""ovt_sel_req"": ""0"", ""ovt_buy_req"": ""0"", ""ovt_buy_req_pre"": ""0"", ""return_code"": 0, ""return_msg"": ""정상적으로 처리되었습니다""}"
2026-06-10,scan_candidate,017670,,0,main_scan,108300,,108300,108200,108300,108000,-0.7386888273314866,0.09233610341643582,,,,,,"{""bid_req_base_tm"": ""101937"", ""sel_10th_pre_req_pre"": ""0"", ""sel_10th_pre_req"": ""1012"", ""sel_10th_pre_bid"": ""+109200"", ""sel_9th_pre_req_pre"": ""0"", ""sel_9th_pre_req"": ""1016"", ""sel_9th_pre_bid"": ""+109100"", ""sel_8th_pre_req_pre"": ""0"", ""sel_8th_pre_req"": ""7067"", ""sel_8th_pre_bid"": ""+109000"", ""sel_7th_pre_req_pre"": ""0"", ""sel_7th_pre_req"": ""840"", ""sel_7th_pre_bid"": ""+108900"", ""sel_6th_pre_req_pre"": ""0"", ""sel_6th_pre_req"": ""549"", ""sel_6th_pre_bid"": ""+108800"", ""sel_5th_pre_req_pre"": ""0"", ""sel_5th_pre_req"": ""191"", ""sel_5th_pre_bid"": ""+108700"", ""sel_4th_pre_req_pre"": ""0"", ""sel_4th_pre_req"": ""139"", ""sel_4th_pre_bid"": ""+108600"", ""sel_3th_pre_req_pre"": ""0"", ""sel_3th_pre_req"": ""414"", ""sel_3th_pre_bid"": ""+108500"", ""sel_2th_pre_req_pre"": ""--6"", ""sel_2th_pre_req"": ""390"", ""sel_2th_pre_bid"": ""+108400"", ""sel_1th_pre_req_pre"": ""0"", ""sel_fpr_req"": ""2245"", ""sel_fpr_bid"": ""+108300"", ""buy_fpr_bid"": ""+108200"", ""buy_fpr_req"": ""277"", ""buy_1th_pre_req_pre"": ""0"", ""buy_2th_pre_bid"": ""-108000"", ""buy_2th_pre_req"": ""5313"", ""buy_2th_pre_req_pre"": ""0"", ""buy_3th_pre_bid"": ""-107900"", ""buy_3th_pre_req"": ""108"", ""buy_3th_pre_req_pre"": ""0"", ""buy_4th_pre_bid"": ""-107800"", ""buy_4th_pre_req"": ""175"", ""buy_4th_pre_req_pre"": ""0"", ""buy_5th_pre_bid"": ""-107700"", ""buy_5th_pre_req"": ""402"", ""buy_5th_pre_req_pre"": ""0"", ""buy_6th_pre_bid"": ""-107600"", ""buy_6th_pre_req"": ""670"", ""buy_6th_pre_req_pre"": ""0"", ""buy_7th_pre_bid"": ""-107500"", ""buy_7th_pre_req"": ""548"", ""buy_7th_pre_req_pre"": ""0"", ""buy_8th_pre_bid"": ""-107400"", ""buy_8th_pre_req"": ""348"", ""buy_8th_pre_req_pre"": ""0"", ""buy_9th_pre_bid"": ""-107300"", ""buy_9th_pre_req"": ""193"", ""buy_9th_pre_req_pre"": ""0"", ""buy_10th_pre_bid"": ""-107200"", ""buy_10th_pre_req"": ""181"", ""buy_10th_pre_req_pre"": ""0"", ""tot_sel_req_jub_pre"": ""--6"", ""tot_sel_req"": ""13863"", ""tot_buy_req"": ""8215"", ""tot_buy_req_jub_pre"": ""0"", ""ovt_sel_req_pre"": ""0"", ""ovt_sel_req"": ""0"", ""ovt_buy_req"": ""0"", ""ovt_buy_req_pre"": ""0"", ""return_code"": 0, ""return_msg"": ""정상적으로 처리되었습니다""}"
2026-06-10,scan_candidate,316140,,0,main_scan,30200,,30200,30150,30200,30150,-0.33112582781456956,0.16556291390728478,,,,,,"{""bid_req_base_tm"": ""101937"", ""sel_10th_pre_req_pre"": ""0"", ""sel_10th_pre_req"": ""254"", ""sel_10th_pre_bid"": ""+30650"", ""sel_9th_pre_req_pre"": ""0"", ""sel_9th_pre_req"": ""796"", ""sel_9th_pre_bid"": ""+30600"", ""sel_8th_pre_req_pre"": ""0"", ""sel_8th_pre_req"": ""582"", ""sel_8th_pre_bid"": ""+30550"", ""sel_7th_pre_req_pre"": ""0"", ""sel_7th_pre_req"": ""5111"", ""sel_7th_pre_bid"": ""+30500"", ""sel_6th_pre_req_pre"": ""0"", ""sel_6th_pre_req"": ""2205"", ""sel_6th_pre_bid"": ""+30450"", ""sel_5th_pre_req_pre"": ""0"", ""sel_5th_pre_req"": ""2736"", ""sel_5th_pre_bid"": ""+30400"", ""sel_4th_pre_req_pre"": ""0"", ""sel_4th_pre_req"": ""2476"", ""sel_4th_pre_bid"": ""+30350"", ""sel_3th_pre_req_pre"": ""0"", ""sel_3th_pre_req"": ""1787"", ""sel_3th_pre_bid"": ""+30300"", ""sel_2th_pre_req_pre"": ""0"", ""sel_2th_pre_req"": ""1202"", ""sel_2th_pre_bid"": ""+30250"", ""sel_1th_pre_req_pre"": ""0"", ""sel_fpr_req"": ""53"", ""sel_fpr_bid"": ""+30200"", ""buy_fpr_bid"": ""+30150"", ""buy_fpr_req"": ""18"", ""buy_1th_pre_req_pre"": ""0"", ""buy_2th_pre_bid"": ""+30100"", ""buy_2th_pre_req"": ""3028"", ""buy_2th_pre_req_pre"": ""+44"", ""buy_3th_pre_bid"": ""+30050"", ""buy_3th_pre_req"": ""1777"", ""buy_3th_pre_req_pre"": ""0"", ""buy_4th_pre_bid"": ""30000"", ""buy_4th_pre_req"": ""2717"", ""buy_4th_pre_req_pre"": ""0"", ""buy_5th_pre_bid"": ""-29950"", ""buy_5th_pre_req"": ""559"", ""buy_5th_pre_req_pre"": ""0"", ""buy_6th_pre_bid"": ""-29900"", ""buy_6th_pre_req"": ""1240"", ""buy_6th_pre_req_pre"": ""0"", ""buy_7th_pre_bid"": ""-29850"", ""buy_7th_pre_req"": ""636"", ""buy_7th_pre_req_pre"": ""0"", ""buy_8th_pre_bid"": ""-29800"", ""buy_8th_pre_req"": ""3552"", ""buy_8th_pre_req_pre"": ""0"", ""buy_9th_pre_bid"": ""-29750"", ""buy_9th_pre_req"": ""1081"", ""buy_9th_pre_req_pre"": ""0"", ""buy_10th_pre_bid"": ""-29700"", ""buy_10th_pre_req"": ""2406"", ""buy_10th_pre_req_pre"": ""0"", ""tot_sel_req_jub_pre"": ""0"", ""tot_sel_req"": ""17202"", ""tot_buy_req"": ""17014"", ""tot_buy_req_jub_pre"": ""+44"", ""ovt_sel_req_pre"": ""0"", ""ovt_sel_req"": ""0"", ""ovt_buy_req"": ""0"", ""ovt_buy_req_pre"": ""0"", ""return_code"": 0, ""return_msg"": ""정상적으로 처리되었습니다""}"
2026-06-10,scan_candidate,018260,,0,main_scan,235500,,235500,235000,235500,236500,0.21231422505307856,0.21231422505307856,,,,,,"{""bid_req_base_tm"": ""101938"", ""sel_10th_pre_req_pre"": ""0"", ""sel_10th_pre_req"": ""410"", ""sel_10th_pre_bid"": ""-240000"", ""sel_9th_pre_req_pre"": ""0"", ""sel_9th_pre_req"": ""379"", ""sel_9th_pre_bid"": ""-239500"", ""sel_8th_pre_req_pre"": ""0"", ""sel_8th_pre_req"": ""103"", ""sel_8th_pre_bid"": ""-239000"", ""sel_7th_pre_req_pre"": ""0"", ""sel_7th_pre_req"": ""60"", ""sel_7th_pre_bid"": ""-238500"", ""sel_6th_pre_req_pre"": ""0"", ""sel_6th_pre_req"": ""188"", ""sel_6th_pre_bid"": ""-238000"", ""sel_5th_pre_req_pre"": ""0"", ""sel_5th_pre_req"": ""122"", ""sel_5th_pre_bid"": ""-237500"", ""sel_4th_pre_req_pre"": ""0"", ""sel_4th_pre_req"": ""259"", ""sel_4th_pre_bid"": ""-237000"", ""sel_3th_pre_req_pre"": ""0"", ""sel_3th_pre_req"": ""213"", ""sel_3th_pre_bid"": ""-236500"", ""sel_2th_pre_req_pre"": ""0"", ""sel_2th_pre_req"": ""286"", ""sel_2th_pre_bid"": ""-236000"", ""sel_1th_pre_req_pre"": ""+43"", ""sel_fpr_req"": ""309"", ""sel_fpr_bid"": ""-235500"", ""buy_fpr_bid"": ""-235000"", ""buy_fpr_req"": ""242"", ""buy_1th_pre_req_pre"": ""+3"", ""buy_2th_pre_bid"": ""-234500"", ""buy_2th_pre_req"": ""281"", ""buy_2th_pre_req_pre"": ""0"", ""buy_3th_pre_bid"": ""-234000"", ""buy_3th_pre_req"": ""985"", ""buy_3th_pre_req_pre"": ""0"", ""buy_4th_pre_bid"": ""-233500"", ""buy_4th_pre_req"": ""390"", ""buy_4th_pre_req_pre"": ""0"", ""buy_5th_pre_bid"": ""-233000"", ""buy_5th_pre_req"": ""1012"", ""buy_5th_pre_req_pre"": ""0"", ""buy_6th_pre_bid"": ""-232500"", ""buy_6th_pre_req"": ""1290"", ""buy_6th_pre_req_pre"": ""0"", ""buy_7th_pre_bid"": ""-232000"", ""buy_7th_pre_req"": ""640"", ""buy_7th_pre_req_pre"": ""0"", ""buy_8th_pre_bid"": ""-231500"", ""buy_8th_pre_req"": ""1037"", ""buy_8th_pre_req_pre"": ""0"", ""buy_9th_pre_bid"": ""-231000"", ""buy_9th_pre_req"": ""2339"", ""buy_9th_pre_req_pre"": ""0"", ""buy_10th_pre_bid"": ""-230500"", ""buy_10th_pre_req"": ""1718"", ""buy_10th_pre_req_pre"": ""0"", ""tot_sel_req_jub_pre"": ""+43"", ""tot_sel_req"": ""2329"", ""tot_buy_req"": ""9934"", ""tot_buy_req_jub_pre"": ""+3"", ""ovt_sel_req_pre"": ""0"", ""ovt_sel_req"": ""0"", ""ovt_buy_req"": ""0"", ""ovt_buy_req_pre"": ""0"", ""return_code"": 0, ""return_msg"": ""정상적으로 처리되었습니다""}"
2026-06-10,scan_candidate,033780,,0,main_scan,185500,,185500,185400,185500,185000,-0.5390835579514826,0.05390835579514825,,,,,,"{""bid_req_base_tm"": ""101937"", ""sel_10th_pre_req_pre"": ""0"", ""sel_10th_pre_req"": ""134"", ""sel_10th_pre_bid"": ""+186500"", ""sel_9th_pre_req_pre"": ""0"", ""sel_9th_pre_req"": ""94"", ""sel_9th_pre_bid"": ""+186400"", ""sel_8th_pre_req_pre"": ""0"", ""sel_8th_pre_req"": ""418"", ""sel_8th_pre_bid"": ""+186300"", ""sel_7th_pre_req_pre"": ""0"", ""sel_7th_pre_req"": ""28"", ""sel_7th_pre_bid"": ""+186200"", ""sel_6th_pre_req_pre"": ""0"", ""sel_6th_pre_req"": ""184"", ""sel_6th_pre_bid"": ""+186100"", ""sel_5th_pre_req_pre"": ""0"", ""sel_5th_pre_req"": ""488"", ""sel_5th_pre_bid"": ""+186000"", ""sel_4th_pre_req_pre"": ""0"", ""sel_4th_pre_req"": ""218"", ""sel_4th_pre_bid"": ""+185900"", ""sel_3th_pre_req_pre"": ""0"", ""sel_3th_pre_req"": ""597"", ""sel_3th_pre_bid"": ""+185800"", ""sel_2th_pre_req_pre"": ""0"", ""sel_2th_pre_req"": ""21"", ""sel_2th_pre_bid"": ""+185700"", ""sel_1th_pre_req_pre"": ""0"", ""sel_fpr_req"": ""194"", ""sel_fpr_bid"": ""+185500"", ""buy_fpr_bid"": ""+185400"", ""buy_fpr_req"": ""566"", ""buy_1th_pre_req_pre"": ""+46"", ""buy_2th_pre_bid"": ""+185300"", ""buy_2th_pre_req"": ""118"", ""buy_2th_pre_req_pre"": ""0"", ""buy_3th_pre_bid"": ""+185200"", ""buy_3th_pre_req"": ""242"", ""buy_3th_pre_req_pre"": ""0"", ""buy_4th_pre_bid"": ""+185100"", ""buy_4th_pre_req"": ""1018"", ""buy_4th_pre_req_pre"": ""0"", ""buy_5th_pre_bid"": ""+185000"", ""buy_5th_pre_req"": ""5"", ""buy_5th_pre_req_pre"": ""0"", ""buy_6th_pre_bid"": ""+184900"", ""buy_6th_pre_req"": ""17"", ""buy_6th_pre_req_pre"": ""0"", ""buy_7th_pre_bid"": ""+184800"", ""buy_7th_pre_req"": ""55"", ""buy_7th_pre_req_pre"": ""0"", ""buy_8th_pre_bid"": ""+184700"", ""buy_8th_pre_req"": ""82"", ""buy_8th_pre_req_pre"": ""0"", ""buy_9th_pre_bid"": ""+184600"", ""buy_9th_pre_req"": ""22"", ""buy_9th_pre_req_pre"": ""0"", ""buy_10th_pre_bid"": ""+184500"", ""buy_10th_pre_req"": ""2"", ""buy_10th_pre_req_pre"": ""0"", ""tot_sel_req_jub_pre"": ""0"", ""tot_sel_req"": ""2376"", ""tot_buy_req"": ""2127"", ""tot_buy_req_jub_pre"": ""+46"", ""ovt_sel_req_pre"": ""0"", ""ovt_sel_req"": ""0"", ""ovt_buy_req"": ""0"", ""ovt_buy_req_pre"": ""0"", ""return_code"": 0, ""return_msg"": ""정상적으로 처리되었습니다""}"
2026-06-10,scan_candidate,307950,,0,main_scan,718000,,718000,717000,718000,718000,-0.1392757660167131,0.1392757660167131,,,,,,"{""bid_req_base_tm"": ""101938"", ""sel_10th_pre_req_pre"": ""0"", ""sel_10th_pre_req"": ""128"", ""sel_10th_pre_bid"": ""+727000"", ""sel_9th_pre_req_pre"": ""0"", ""sel_9th_pre_req"": ""34"", ""sel_9th_pre_bid"": ""+726000"", ""sel_8th_pre_req_pre"": ""0"", ""sel_8th_pre_req"": ""105"", ""sel_8th_pre_bid"": ""+725000"", ""sel_7th_pre_req_pre"": ""0"", ""sel_7th_pre_req"": ""158"", ""sel_7th_pre_bid"": ""+724000"", ""sel_6th_pre_req_pre"": ""0"", ""sel_6th_pre_req"": ""84"", ""sel_6th_pre_bid"": ""+723000"", ""sel_5th_pre_req_pre"": ""0"", ""sel_5th_pre_req"": ""27"", ""sel_5th_pre_bid"": ""+722000"", ""sel_4th_pre_req_pre"": ""0"", ""sel_4th_pre_req"": ""155"", ""sel_4th_pre_bid"": ""+721000"", ""sel_3th_pre_req_pre"": ""0"", ""sel_3th_pre_req"": ""190"", ""sel_3th_pre_bid"": ""+720000"", ""sel_2th_pre_req_pre"": ""0"", ""sel_2th_pre_req"": ""85"", ""sel_2th_pre_bid"": ""+719000"", ""sel_1th_pre_req_pre"": ""0"", ""sel_fpr_req"": ""53"", ""sel_fpr_bid"": ""+718000"", ""buy_fpr_bid"": ""+717000"", ""buy_fpr_req"": ""133"", ""buy_1th_pre_req_pre"": ""+1"", ""buy_2th_pre_bid"": ""+716000"", ""buy_2th_pre_req"": ""125"", ""buy_2th_pre_req_pre"": ""0"", ""buy_3th_pre_bid"": ""+715000"", ""buy_3th_pre_req"": ""404"", ""buy_3th_pre_req_pre"": ""0"", ""buy_4th_pre_bid"": ""+714000"", ""buy_4th_pre_req"": ""35"", ""buy_4th_pre_req_pre"": ""0"", ""buy_5th_pre_bid"": ""+713000"", ""buy_5th_pre_req"": ""42"", ""buy_5th_pre_req_pre"": ""0"", ""buy_6th_pre_bid"": ""+712000"", ""buy_6th_pre_req"": ""79"", ""buy_6th_pre_req_pre"": ""0"", ""buy_7th_pre_bid"": ""+711000"", ""buy_7th_pre_req"": ""47"", ""buy_7th_pre_req_pre"": ""0"", ""buy_8th_pre_bid"": ""+710000"", ""buy_8th_pre_req"": ""204"", ""buy_8th_pre_req_pre"": ""0"", ""buy_9th_pre_bid"": ""+709000"", ""buy_9th_pre_req"": ""7"", ""buy_9th_pre_req_pre"": ""0"", ""buy_10th_pre_bid"": ""+708000"", ""buy_10th_pre_req"": ""44"", ""buy_10th_pre_req_pre"": ""0"", ""tot_sel_req_jub_pre"": ""0"", ""tot_sel_req"": ""1019"", ""tot_buy_req"": ""1120"", ""tot_buy_req_jub_pre"": ""+1"", ""ovt_sel_req_pre"": ""0"", ""ovt_sel_req"": ""0"", ""ovt_buy_req"": ""0"", ""ovt_buy_req_pre"": ""0"", ""return_code"": 0, ""return_msg"": ""정상적으로 처리되었습니다""}"
2026-06-10,scan_candidate,138040,,0,main_scan,110000,,110000,109800,110000,109000,-1.3636363636363635,0.18181818181818182,,,,,,"{""bid_req_base_tm"": ""101938"", ""sel_10th_pre_req_pre"": ""0"", ""sel_10th_pre_req"": ""1052"", ""sel_10th_pre_bid"": ""+110900"", ""sel_9th_pre_req_pre"": ""0"", ""sel_9th_pre_req"": ""520"", ""sel_9th_pre_bid"": ""+110800"", ""sel_8th_pre_req_pre"": ""0"", ""sel_8th_pre_req"": ""803"", ""sel_8th_pre_bid"": ""+110700"", ""sel_7th_pre_req_pre"": ""0"", ""sel_7th_pre_req"": ""659"", ""sel_7th_pre_bid"": ""+110600"", ""sel_6th_pre_req_pre"": ""0"", ""sel_6th_pre_req"": ""479"", ""sel_6th_pre_bid"": ""+110500"", ""sel_5th_pre_req_pre"": ""0"", ""sel_5th_pre_req"": ""99"", ""sel_5th_pre_bid"": ""+110400"", ""sel_4th_pre_req_pre"": ""0"", ""sel_4th_pre_req"": ""1204"", ""sel_4th_pre_bid"": ""+110300"", ""sel_3th_pre_req_pre"": ""0"", ""sel_3th_pre_req"": ""24"", ""sel_3th_pre_bid"": ""+110200"", ""sel_2th_pre_req_pre"": ""0"", ""sel_2th_pre_req"": ""5392"", ""sel_2th_pre_bid"": ""+110100"", ""sel_1th_pre_req_pre"": ""0"", ""sel_fpr_req"": ""9"", ""sel_fpr_bid"": ""+110000"", ""buy_fpr_bid"": ""+109800"", ""buy_fpr_req"": ""48"", ""buy_1th_pre_req_pre"": ""0"", ""buy_2th_pre_bid"": ""+109700"", ""buy_2th_pre_req"": ""115"", ""buy_2th_pre_req_pre"": ""0"", ""buy_3th_pre_bid"": ""+109500"", ""buy_3th_pre_req"": ""1"", ""buy_3th_pre_req_pre"": ""0"", ""buy_4th_pre_bid"": ""+109300"", ""buy_4th_pre_req"": ""27"", ""buy_4th_pre_req_pre"": ""0"", ""buy_5th_pre_bid"": ""-109000"", ""buy_5th_pre_req"": ""78"", ""buy_5th_pre_req_pre"": ""0"", ""buy_6th_pre_bid"": ""-108900"", ""buy_6th_pre_req"": ""41"", ""buy_6th_pre_req_pre"": ""0"", ""buy_7th_pre_bid"": ""-108800"", ""buy_7th_pre_req"": ""5"", ""buy_7th_pre_req_pre"": ""0"", ""buy_8th_pre_bid"": ""-108700"", ""buy_8th_pre_req"": ""4"", ""buy_8th_pre_req_pre"": ""0"", ""buy_9th_pre_bid"": ""-108600"", ""buy_9th_pre_req"": ""5"", ""buy_9th_pre_req_pre"": ""0"", ""buy_10th_pre_bid"": ""-108500"", ""buy_10th_pre_req"": ""3"", ""buy_10th_pre_req_pre"": ""0"", ""tot_sel_req_jub_pre"": ""0"", ""tot_sel_req"": ""10241"", ""tot_buy_req"": ""327"", ""tot_buy_req_jub_pre"": ""0"", ""ovt_sel_req_pre"": ""0"", ""ovt_sel_req"": ""0"", ""ovt_buy_req"": ""0"", ""ovt_buy_req_pre"": ""0"", ""return_code"": 0, ""return_msg"": ""정상적으로 처리되었습니다""}"
2026-06-10,scan_candidate,003550,,0,main_scan,109600,,109600,109500,109600,109000,-1.0036496350364963,0.09124087591240876,,,,,,"{""bid_req_base_tm"": ""101939"", ""sel_10th_pre_req_pre"": ""0"", ""sel_10th_pre_req"": ""11"", ""sel_10th_pre_bid"": ""-110500"", ""sel_9th_pre_req_pre"": ""0"", ""sel_9th_pre_req"": ""11"", ""sel_9th_pre_bid"": ""-110400"", ""sel_8th_pre_req_pre"": ""0"", ""sel_8th_pre_req"": ""25"", ""sel_8th_pre_bid"": ""-110300"", ""sel_7th_pre_req_pre"": ""0"", ""sel_7th_pre_req"": ""3"", ""sel_7th_pre_bid"": ""-110200"", ""sel_6th_pre_req_pre"": ""0"", ""sel_6th_pre_req"": ""7"", ""sel_6th_pre_bid"": ""-110100"", ""sel_5th_pre_req_pre"": ""0"", ""sel_5th_pre_req"": ""5285"", ""sel_5th_pre_bid"": ""-110000"", ""sel_4th_pre_req_pre"": ""0"", ""sel_4th_pre_req"": ""11"", ""sel_4th_pre_bid"": ""-109900"", ""sel_3th_pre_req_pre"": ""0"", ""sel_3th_pre_req"": ""12"", ""sel_3th_pre_bid"": ""-109800"", ""sel_2th_pre_req_pre"": ""0"", ""sel_2th_pre_req"": ""40"", ""sel_2th_pre_bid"": ""-109700"", ""sel_1th_pre_req_pre"": ""+57"", ""sel_fpr_req"": ""3247"", ""sel_fpr_bid"": ""-109600"", ""buy_fpr_bid"": ""-109500"", ""buy_fpr_req"": ""257"", ""buy_1th_pre_req_pre"": ""0"", ""buy_2th_pre_bid"": ""-109400"", ""buy_2th_pre_req"": ""35"", ""buy_2th_pre_req_pre"": ""0"", ""buy_3th_pre_bid"": ""-109300"", ""buy_3th_pre_req"": ""113"", ""buy_3th_pre_req_pre"": ""0"", ""buy_4th_pre_bid"": ""-109200"", ""buy_4th_pre_req"": ""479"", ""buy_4th_pre_req_pre"": ""0"", ""buy_5th_pre_bid"": ""-109100"", ""buy_5th_pre_req"": ""36"", ""buy_5th_pre_req_pre"": ""0"", ""buy_6th_pre_bid"": ""-109000"", ""buy_6th_pre_req"": ""106"", ""buy_6th_pre_req_pre"": ""0"", ""buy_7th_pre_bid"": ""-108900"", ""buy_7th_pre_req"": ""29"", ""buy_7th_pre_req_pre"": ""0"", ""buy_8th_pre_bid"": ""-108800"", ""buy_8th_pre_req"": ""109"", ""buy_8th_pre_req_pre"": ""0"", ""buy_9th_pre_bid"": ""-108700"", ""buy_9th_pre_req"": ""3"", ""buy_9th_pre_req_pre"": ""0"", ""buy_10th_pre_bid"": ""-108600"", ""buy_10th_pre_req"": ""44"", ""buy_10th_pre_req_pre"": ""0"", ""tot_sel_req_jub_pre"": ""+57"", ""tot_sel_req"": ""8652"", ""tot_buy_req"": ""1211"", ""tot_buy_req_jub_pre"": ""0"", ""ovt_sel_req_pre"": ""0"", ""ovt_sel_req"": ""0"", ""ovt_buy_req"": ""0"", ""ovt_buy_req_pre"": ""0"", ""return_code"": 0, ""return_msg"": ""정상적으로 처리되었습니다""}"
2026-06-10,scan_candidate,024110,,0,main_scan,21150,,21150,21050,21150,20900,-1.4184397163120568,0.4728132387706856,,,,,,"{""bid_req_base_tm"": ""101939"", ""sel_10th_pre_req_pre"": ""0"", ""sel_10th_pre_req"": ""1754"", ""sel_10th_pre_bid"": ""+21600"", ""sel_9th_pre_req_pre"": ""0"", ""sel_9th_pre_req"": ""1401"", ""sel_9th_pre_bid"": ""+21550"", ""sel_8th_pre_req_pre"": ""0"", ""sel_8th_pre_req"": ""8718"", ""sel_8th_pre_bid"": ""+21500"", ""sel_7th_pre_req_pre"": ""0"", ""sel_7th_pre_req"": ""3939"", ""sel_7th_pre_bid"": ""+21450"", ""sel_6th_pre_req_pre"": ""0"", ""sel_6th_pre_req"": ""10084"", ""sel_6th_pre_bid"": ""+21400"", ""sel_5th_pre_req_pre"": ""0"", ""sel_5th_pre_req"": ""3960"", ""sel_5th_pre_bid"": ""+21350"", ""sel_4th_pre_req_pre"": ""0"", ""sel_4th_pre_req"": ""12532"", ""sel_4th_pre_bid"": ""+21300"", ""sel_3th_pre_req_pre"": ""0"", ""sel_3th_pre_req"": ""7220"", ""sel_3th_pre_bid"": ""+21250"", ""sel_2th_pre_req_pre"": ""0"", ""sel_2th_pre_req"": ""12176"", ""sel_2th_pre_bid"": ""+21200"", ""sel_1th_pre_req_pre"": ""+1"", ""sel_fpr_req"": ""15849"", ""sel_fpr_bid"": ""+21150"", ""buy_fpr_bid"": ""+21050"", ""buy_fpr_req"": ""10239"", ""buy_1th_pre_req_pre"": ""0"", ""buy_2th_pre_bid"": ""+21000"", ""buy_2th_pre_req"": ""8003"", ""buy_2th_pre_req_pre"": ""0"", ""buy_3th_pre_bid"": ""+20950"", ""buy_3th_pre_req"": ""1356"", ""buy_3th_pre_req_pre"": ""0"", ""buy_4th_pre_bid"": ""+20900"", ""buy_4th_pre_req"": ""1554"", ""buy_4th_pre_req_pre"": ""0"", ""buy_5th_pre_bid"": ""+20850"", ""buy_5th_pre_req"": ""539"", ""buy_5th_pre_req_pre"": ""0"", ""buy_6th_pre_bid"": ""+20800"", ""buy_6th_pre_req"": ""1440"", ""buy_6th_pre_req_pre"": ""0"", ""buy_7th_pre_bid"": ""+20750"", ""buy_7th_pre_req"": ""1266"", ""buy_7th_pre_req_pre"": ""0"", ""buy_8th_pre_bid"": ""+20700"", ""buy_8th_pre_req"": ""2104"", ""buy_8th_pre_req_pre"": ""0"", ""buy_9th_pre_bid"": ""+20650"", ""buy_9th_pre_req"": ""778"", ""buy_9th_pre_req_pre"": ""0"", ""buy_10th_pre_bid"": ""+20600"", ""buy_10th_pre_req"": ""3047"", ""buy_10th_pre_req_pre"": ""0"", ""tot_sel_req_jub_pre"": ""+1"", ""tot_sel_req"": ""77633"", ""tot_buy_req"": ""30326"", ""tot_buy_req_jub_pre"": ""0"", ""ovt_sel_req_pre"": ""0"", ""ovt_sel_req"": ""0"", ""ovt_buy_req"": ""0"", ""ovt_buy_req_pre"": ""0"", ""return_code"": 0, ""return_msg"": ""정상적으로 처리되었습니다""}"
2026-06-10,scan_candidate,079550,,0,main_scan,779000,,779000,778000,779000,777000,-0.38510911424903727,0.12836970474967907,,,,,,"{""bid_req_base_tm"": ""101936"", ""sel_10th_pre_req_pre"": ""0"", ""sel_10th_pre_req"": ""492"", ""sel_10th_pre_bid"": ""+788000"", ""sel_9th_pre_req_pre"": ""0"", ""sel_9th_pre_req"": ""88"", ""sel_9th_pre_bid"": ""+787000"", ""sel_8th_pre_req_pre"": ""0"", ""sel_8th_pre_req"": ""33"", ""sel_8th_pre_bid"": ""+786000"", ""sel_7th_pre_req_pre"": ""0"", ""sel_7th_pre_req"": ""53"", ""sel_7th_pre_bid"": ""+785000"", ""sel_6th_pre_req_pre"": ""0"", ""sel_6th_pre_req"": ""106"", ""sel_6th_pre_bid"": ""+784000"", ""sel_5th_pre_req_pre"": ""0"", ""sel_5th_pre_req"": ""2"", ""sel_5th_pre_bid"": ""+783000"", ""sel_4th_pre_req_pre"": ""0"", ""sel_4th_pre_req"": ""201"", ""sel_4th_pre_bid"": ""+782000"", ""sel_3th_pre_req_pre"": ""0"", ""sel_3th_pre_req"": ""44"", ""sel_3th_pre_bid"": ""+781000"", ""sel_2th_pre_req_pre"": ""0"", ""sel_2th_pre_req"": ""329"", ""sel_2th_pre_bid"": ""+780000"", ""sel_1th_pre_req_pre"": ""0"", ""sel_fpr_req"": ""119"", ""sel_fpr_bid"": ""+779000"", ""buy_fpr_bid"": ""+778000"", ""buy_fpr_req"": ""116"", ""buy_1th_pre_req_pre"": ""0"", ""buy_2th_pre_bid"": ""+777000"", ""buy_2th_pre_req"": ""103"", ""buy_2th_pre_req_pre"": ""0"", ""buy_3th_pre_bid"": ""+776000"", ""buy_3th_pre_req"": ""190"", ""buy_3th_pre_req_pre"": ""0"", ""buy_4th_pre_bid"": ""+775000"", ""buy_4th_pre_req"": ""42"", ""buy_4th_pre_req_pre"": ""0"", ""buy_5th_pre_bid"": ""+774000"", ""buy_5th_pre_req"": ""14"", ""buy_5th_pre_req_pre"": ""0"", ""buy_6th_pre_bid"": ""+773000"", ""buy_6th_pre_req"": ""95"", ""buy_6th_pre_req_pre"": ""0"", ""buy_7th_pre_bid"": ""+772000"", ""buy_7th_pre_req"": ""96"", ""buy_7th_pre_req_pre"": ""0"", ""buy_8th_pre_bid"": ""+771000"", ""buy_8th_pre_req"": ""55"", ""buy_8th_pre_req_pre"": ""0"", ""buy_9th_pre_bid"": ""+770000"", ""buy_9th_pre_req"": ""143"", ""buy_9th_pre_req_pre"": ""0"", ""buy_10th_pre_bid"": ""+769000"", ""buy_10th_pre_req"": ""22"", ""buy_10th_pre_req_pre"": ""0"", ""tot_sel_req_jub_pre"": ""0"", ""tot_sel_req"": ""1467"", ""tot_buy_req"": ""876"", ""tot_buy_req_jub_pre"": ""0"", ""ovt_sel_req_pre"": ""0"", ""ovt_sel_req"": ""0"", ""ovt_buy_req"": ""0"", ""ovt_buy_req_pre"": ""0"", ""return_code"": 0, ""return_msg"": ""정상적으로 처리되었습니다""}"
2026-06-10,scan_candidate,278470,,0,main_scan,418000,,418000,417500,418000,416000,-0.5980861244019139,0.11961722488038277,,,,,,"{""bid_req_base_tm"": ""101939"", ""sel_10th_pre_req_pre"": ""0"", ""sel_10th_pre_req"": ""111"", ""sel_10th_pre_bid"": ""+422500"", ""sel_9th_pre_req_pre"": ""0"", ""sel_9th_pre_req"": ""254"", ""sel_9th_pre_bid"": ""+422000"", ""sel_8th_pre_req_pre"": ""0"", ""sel_8th_pre_req"": ""106"", ""sel_8th_pre_bid"": ""+421500"", ""sel_7th_pre_req_pre"": ""0"", ""sel_7th_pre_req"": ""283"", ""sel_7th_pre_bid"": ""+421000"", ""sel_6th_pre_req_pre"": ""0"", ""sel_6th_pre_req"": ""309"", ""sel_6th_pre_bid"": ""+420500"", ""sel_5th_pre_req_pre"": ""0"", ""sel_5th_pre_req"": ""2514"", ""sel_5th_pre_bid"": ""+420000"", ""sel_4th_pre_req_pre"": ""0"", ""sel_4th_pre_req"": ""380"", ""sel_4th_pre_bid"": ""+419500"", ""sel_3th_pre_req_pre"": ""0"", ""sel_3th_pre_req"": ""414"", ""sel_3th_pre_bid"": ""+419000"", ""sel_2th_pre_req_pre"": ""0"", ""sel_2th_pre_req"": ""405"", ""sel_2th_pre_bid"": ""+418500"", ""sel_1th_pre_req_pre"": ""0"", ""sel_fpr_req"": ""155"", ""sel_fpr_bid"": ""+418000"", ""buy_fpr_bid"": ""+417500"", ""buy_fpr_req"": ""155"", ""buy_1th_pre_req_pre"": ""+9"", ""buy_2th_pre_bid"": ""+416500"", ""buy_2th_pre_req"": ""247"", ""buy_2th_pre_req_pre"": ""0"", ""buy_3th_pre_bid"": ""+416000"", ""buy_3th_pre_req"": ""92"", ""buy_3th_pre_req_pre"": ""0"", ""buy_4th_pre_bid"": ""+415500"", ""buy_4th_pre_req"": ""86"", ""buy_4th_pre_req_pre"": ""0"", ""buy_5th_pre_bid"": ""+415000"", ""buy_5th_pre_req"": ""132"", ""buy_5th_pre_req_pre"": ""0"", ""buy_6th_pre_bid"": ""+414500"", ""buy_6th_pre_req"": ""347"", ""buy_6th_pre_req_pre"": ""0"", ""buy_7th_pre_bid"": ""+414000"", ""buy_7th_pre_req"": ""40"", ""buy_7th_pre_req_pre"": ""0"", ""buy_8th_pre_bid"": ""+413500"", ""buy_8th_pre_req"": ""111"", ""buy_8th_pre_req_pre"": ""0"", ""buy_9th_pre_bid"": ""+413000"", ""buy_9th_pre_req"": ""76"", ""buy_9th_pre_req_pre"": ""0"", ""buy_10th_pre_bid"": ""+412500"", ""buy_10th_pre_req"": ""3"", ""buy_10th_pre_req_pre"": ""0"", ""tot_sel_req_jub_pre"": ""0"", ""tot_sel_req"": ""4931"", ""tot_buy_req"": ""1289"", ""tot_buy_req_jub_pre"": ""+9"", ""ovt_sel_req_pre"": ""0"", ""ovt_sel_req"": ""0"", ""ovt_buy_req"": ""0"", ""ovt_buy_req_pre"": ""0"", ""return_code"": 0, ""return_msg"": ""정상적으로 처리되었습니다""}"
2026-06-10,scan_candidate,030200,,0,main_scan,55000,,55000,54900,55000,54900,-0.36363636363636365,0.18181818181818182,,,,,,"{""bid_req_base_tm"": ""101937"", ""sel_10th_pre_req_pre"": ""0"", ""sel_10th_pre_req"": ""1428"", ""sel_10th_pre_bid"": ""+55900"", ""sel_9th_pre_req_pre"": ""0"", ""sel_9th_pre_req"": ""1534"", ""sel_9th_pre_bid"": ""+55800"", ""sel_8th_pre_req_pre"": ""0"", ""sel_8th_pre_req"": ""302"", ""sel_8th_pre_bid"": ""+55700"", ""sel_7th_pre_req_pre"": ""0"", ""sel_7th_pre_req"": ""210"", ""sel_7th_pre_bid"": ""+55600"", ""sel_6th_pre_req_pre"": ""0"", ""sel_6th_pre_req"": ""749"", ""sel_6th_pre_bid"": ""+55500"", ""sel_5th_pre_req_pre"": ""0"", ""sel_5th_pre_req"": ""1204"", ""sel_5th_pre_bid"": ""+55400"", ""sel_4th_pre_req_pre"": ""0"", ""sel_4th_pre_req"": ""641"", ""sel_4th_pre_bid"": ""+55300"", ""sel_3th_pre_req_pre"": ""0"", ""sel_3th_pre_req"": ""1171"", ""sel_3th_pre_bid"": ""+55200"", ""sel_2th_pre_req_pre"": ""0"", ""sel_2th_pre_req"": ""530"", ""sel_2th_pre_bid"": ""+55100"", ""sel_1th_pre_req_pre"": ""--1"", ""sel_fpr_req"": ""3221"", ""sel_fpr_bid"": ""+55000"", ""buy_fpr_bid"": ""+54900"", ""buy_fpr_req"": ""1111"", ""buy_1th_pre_req_pre"": ""0"", ""buy_2th_pre_bid"": ""+54800"", ""buy_2th_pre_req"": ""648"", ""buy_2th_pre_req_pre"": ""0"", ""buy_3th_pre_bid"": ""+54700"", ""buy_3th_pre_req"": ""1280"", ""buy_3th_pre_req_pre"": ""0"", ""buy_4th_pre_bid"": ""+54600"", ""buy_4th_pre_req"": ""33"", ""buy_4th_pre_req_pre"": ""0"", ""buy_5th_pre_bid"": ""+54500"", ""buy_5th_pre_req"": ""247"", ""buy_5th_pre_req_pre"": ""0"", ""buy_6th_pre_bid"": ""+54400"", ""buy_6th_pre_req"": ""675"", ""buy_6th_pre_req_pre"": ""0"", ""buy_7th_pre_bid"": ""+54300"", ""buy_7th_pre_req"": ""894"", ""buy_7th_pre_req_pre"": ""0"", ""buy_8th_pre_bid"": ""+54200"", ""buy_8th_pre_req"": ""1009"", ""buy_8th_pre_req_pre"": ""0"", ""buy_9th_pre_bid"": ""+54100"", ""buy_9th_pre_req"": ""442"", ""buy_9th_pre_req_pre"": ""0"", ""buy_10th_pre_bid"": ""+54000"", ""buy_10th_pre_req"": ""4399"", ""buy_10th_pre_req_pre"": ""0"", ""tot_sel_req_jub_pre"": ""--1"", ""tot_sel_req"": ""10990"", ""tot_buy_req"": ""10738"", ""tot_buy_req_jub_pre"": ""0"", ""ovt_sel_req_pre"": ""0"", ""ovt_sel_req"": ""0"", ""ovt_buy_req"": ""0"", ""ovt_buy_req_pre"": ""0"", ""return_code"": 0, ""return_msg"": ""정상적으로 처리되었습니다""}"
2026-06-10,scan_candidate,010950,,0,main_scan,110400,,110400,110000,110400,110500,-0.36231884057971014,0.36231884057971014,,,,,,"{""bid_req_base_tm"": ""101939"", ""sel_10th_pre_req_pre"": ""0"", ""sel_10th_pre_req"": ""4"", ""sel_10th_pre_bid"": ""+111400"", ""sel_9th_pre_req_pre"": ""0"", ""sel_9th_pre_req"": ""2"", ""sel_9th_pre_bid"": ""+111300"", ""sel_8th_pre_req_pre"": ""0"", ""sel_8th_pre_req"": ""43"", ""sel_8th_pre_bid"": ""+111200"", ""sel_7th_pre_req_pre"": ""0"", ""sel_7th_pre_req"": ""59"", ""sel_7th_pre_bid"": ""+111000"", ""sel_6th_pre_req_pre"": ""0"", ""sel_6th_pre_req"": ""1"", ""sel_6th_pre_bid"": ""110900"", ""sel_5th_pre_req_pre"": ""0"", ""sel_5th_pre_req"": ""12"", ""sel_5th_pre_bid"": ""-110800"", ""sel_4th_pre_req_pre"": ""0"", ""sel_4th_pre_req"": ""51"", ""sel_4th_pre_bid"": ""-110700"", ""sel_3th_pre_req_pre"": ""0"", ""sel_3th_pre_req"": ""3"", ""sel_3th_pre_bid"": ""-110600"", ""sel_2th_pre_req_pre"": ""0"", ""sel_2th_pre_req"": ""43"", ""sel_2th_pre_bid"": ""-110500"", ""sel_1th_pre_req_pre"": ""0"", ""sel_fpr_req"": ""92"", ""sel_fpr_bid"": ""-110400"", ""buy_fpr_bid"": ""-110000"", ""buy_fpr_req"": ""150"", ""buy_1th_pre_req_pre"": ""0"", ""buy_2th_pre_bid"": ""-109900"", ""buy_2th_pre_req"": ""18"", ""buy_2th_pre_req_pre"": ""0"", ""buy_3th_pre_bid"": ""-109800"", ""buy_3th_pre_req"": ""365"", ""buy_3th_pre_req_pre"": ""0"", ""buy_4th_pre_bid"": ""-109700"", ""buy_4th_pre_req"": ""102"", ""buy_4th_pre_req_pre"": ""0"", ""buy_5th_pre_bid"": ""-109500"", ""buy_5th_pre_req"": ""3"", ""buy_5th_pre_req_pre"": ""0"", ""buy_6th_pre_bid"": ""-109400"", ""buy_6th_pre_req"": ""303"", ""buy_6th_pre_req_pre"": ""0"", ""buy_7th_pre_bid"": ""-109300"", ""buy_7th_pre_req"": ""2"", ""buy_7th_pre_req_pre"": ""0"", ""buy_8th_pre_bid"": ""-109200"", ""buy_8th_pre_req"": ""62"", ""buy_8th_pre_req_pre"": ""0"", ""buy_9th_pre_bid"": ""-109100"", ""buy_9th_pre_req"": ""23"", ""buy_9th_pre_req_pre"": ""0"", ""buy_10th_pre_bid"": ""-109000"", ""buy_10th_pre_req"": ""184"", ""buy_10th_pre_req_pre"": ""0"", ""tot_sel_req_jub_pre"": ""0"", ""tot_sel_req"": ""310"", ""tot_buy_req"": ""1212"", ""tot_buy_req_jub_pre"": ""--92"", ""ovt_sel_req_pre"": ""0"", ""ovt_sel_req"": ""0"", ""ovt_buy_req"": ""0"", ""ovt_buy_req_pre"": ""0"", ""return_code"": 0, ""return_msg"": ""정상적으로 처리되었습니다""}"
2026-06-10,scan_candidate,323410,,0,main_scan,24700,,24700,24650,24700,24550,-0.8097165991902834,0.20242914979757085,,,,,,"{""bid_req_base_tm"": ""101940"", ""sel_10th_pre_req_pre"": ""0"", ""sel_10th_pre_req"": ""5576"", ""sel_10th_pre_bid"": ""+25150"", ""sel_9th_pre_req_pre"": ""0"", ""sel_9th_pre_req"": ""1517"", ""sel_9th_pre_bid"": ""+25100"", ""sel_8th_pre_req_pre"": ""0"", ""sel_8th_pre_req"": ""2226"", ""sel_8th_pre_bid"": ""+25050"", ""sel_7th_pre_req_pre"": ""0"", ""sel_7th_pre_req"": ""12001"", ""sel_7th_pre_bid"": ""+25000"", ""sel_6th_pre_req_pre"": ""0"", ""sel_6th_pre_req"": ""10090"", ""sel_6th_pre_bid"": ""+24950"", ""sel_5th_pre_req_pre"": ""0"", ""sel_5th_pre_req"": ""6032"", ""sel_5th_pre_bid"": ""+24900"", ""sel_4th_pre_req_pre"": ""0"", ""sel_4th_pre_req"": ""3503"", ""sel_4th_pre_bid"": ""+24850"", ""sel_3th_pre_req_pre"": ""0"", ""sel_3th_pre_req"": ""11909"", ""sel_3th_pre_bid"": ""+24800"", ""sel_2th_pre_req_pre"": ""0"", ""sel_2th_pre_req"": ""3132"", ""sel_2th_pre_bid"": ""+24750"", ""sel_1th_pre_req_pre"": ""0"", ""sel_fpr_req"": ""4076"", ""sel_fpr_bid"": ""+24700"", ""buy_fpr_bid"": ""+24650"", ""buy_fpr_req"": ""6256"", ""buy_1th_pre_req_pre"": ""0"", ""buy_2th_pre_bid"": ""+24600"", ""buy_2th_pre_req"": ""1395"", ""buy_2th_pre_req_pre"": ""0"", ""buy_3th_pre_bid"": ""+24550"", ""buy_3th_pre_req"": ""1030"", ""buy_3th_pre_req_pre"": ""0"", ""buy_4th_pre_bid"": ""+24500"", ""buy_4th_pre_req"": ""2933"", ""buy_4th_pre_req_pre"": ""0"", ""buy_5th_pre_bid"": ""+24450"", ""buy_5th_pre_req"": ""1390"", ""buy_5th_pre_req_pre"": ""0"", ""buy_6th_pre_bid"": ""24400"", ""buy_6th_pre_req"": ""2955"", ""buy_6th_pre_req_pre"": ""--10"", ""buy_7th_pre_bid"": ""-24350"", ""buy_7th_pre_req"": ""2458"", ""buy_7th_pre_req_pre"": ""+10"", ""buy_8th_pre_bid"": ""-24300"", ""buy_8th_pre_req"": ""2225"", ""buy_8th_pre_req_pre"": ""0"", ""buy_9th_pre_bid"": ""-24250"", ""buy_9th_pre_req"": ""1362"", ""buy_9th_pre_req_pre"": ""0"", ""buy_10th_pre_bid"": ""-24200"", ""buy_10th_pre_req"": ""1059"", ""buy_10th_pre_req_pre"": ""0"", ""tot_sel_req_jub_pre"": ""0"", ""tot_sel_req"": ""60062"", ""tot_buy_req"": ""23063"", ""tot_buy_req_jub_pre"": ""0"", ""ovt_sel_req_pre"": ""0"", ""ovt_sel_req"": ""0"", ""ovt_buy_req"": ""0"", ""ovt_buy_req_pre"": ""0"", ""return_code"": 0, ""return_msg"": ""정상적으로 처리되었습니다""}"
2026-06-10,scan_candidate,005940,,0,main_scan,31050,,31050,31000,31050,31000,-0.322061191626409,0.1610305958132045,,,,,,"{""bid_req_base_tm"": ""101939"", ""sel_10th_pre_req_pre"": ""0"", ""sel_10th_pre_req"": ""386"", ""sel_10th_pre_bid"": ""+31500"", ""sel_9th_pre_req_pre"": ""0"", ""sel_9th_pre_req"": ""26"", ""sel_9th_pre_bid"": ""+31450"", ""sel_8th_pre_req_pre"": ""0"", ""sel_8th_pre_req"": ""408"", ""sel_8th_pre_bid"": ""+31400"", ""sel_7th_pre_req_pre"": ""0"", ""sel_7th_pre_req"": ""526"", ""sel_7th_pre_bid"": ""+31350"", ""sel_6th_pre_req_pre"": ""0"", ""sel_6th_pre_req"": ""838"", ""sel_6th_pre_bid"": ""+31300"", ""sel_5th_pre_req_pre"": ""0"", ""sel_5th_pre_req"": ""159"", ""sel_5th_pre_bid"": ""31250"", ""sel_4th_pre_req_pre"": ""0"", ""sel_4th_pre_req"": ""78"", ""sel_4th_pre_bid"": ""-31200"", ""sel_3th_pre_req_pre"": ""0"", ""sel_3th_pre_req"": ""214"", ""sel_3th_pre_bid"": ""-31150"", ""sel_2th_pre_req_pre"": ""+1"", ""sel_2th_pre_req"": ""161"", ""sel_2th_pre_bid"": ""-31100"", ""sel_1th_pre_req_pre"": ""0"", ""sel_fpr_req"": ""406"", ""sel_fpr_bid"": ""-31050"", ""buy_fpr_bid"": ""-31000"", ""buy_fpr_req"": ""246"", ""buy_1th_pre_req_pre"": ""0"", ""buy_2th_pre_bid"": ""-30950"", ""buy_2th_pre_req"": ""1327"", ""buy_2th_pre_req_pre"": ""0"", ""buy_3th_pre_bid"": ""-30900"", ""buy_3th_pre_req"": ""347"", ""buy_3th_pre_req_pre"": ""0"", ""buy_4th_pre_bid"": ""-30850"", ""buy_4th_pre_req"": ""75"", ""buy_4th_pre_req_pre"": ""0"", ""buy_5th_pre_bid"": ""-30800"", ""buy_5th_pre_req"": ""60"", ""buy_5th_pre_req_pre"": ""0"", ""buy_6th_pre_bid"": ""-30750"", ""buy_6th_pre_req"": ""76"", ""buy_6th_pre_req_pre"": ""0"", ""buy_7th_pre_bid"": ""-30700"", ""buy_7th_pre_req"": ""56"", ""buy_7th_pre_req_pre"": ""0"", ""buy_8th_pre_bid"": ""-30650"", ""buy_8th_pre_req"": ""115"", ""buy_8th_pre_req_pre"": ""0"", ""buy_9th_pre_bid"": ""-30600"", ""buy_9th_pre_req"": ""276"", ""buy_9th_pre_req_pre"": ""0"", ""buy_10th_pre_bid"": ""-30550"", ""buy_10th_pre_req"": ""284"", ""buy_10th_pre_req_pre"": ""0"", ""tot_sel_req_jub_pre"": ""+1"", ""tot_sel_req"": ""3202"", ""tot_buy_req"": ""2862"", ""tot_buy_req_jub_pre"": ""0"", ""ovt_sel_req_pre"": ""0"", ""ovt_sel_req"": ""0"", ""ovt_buy_req"": ""0"", ""ovt_buy_req_pre"": ""0"", ""return_code"": 0, ""return_msg"": ""정상적으로 처리되었습니다""}"
2026-06-10,scan_candidate,064400,,0,main_scan,96800,,96800,96700,96800,96800,-0.10330578512396695,0.10330578512396695,,,,,,"{""bid_req_base_tm"": ""101940"", ""sel_10th_pre_req_pre"": ""0"", ""sel_10th_pre_req"": ""177"", ""sel_10th_pre_bid"": ""-97700"", ""sel_9th_pre_req_pre"": ""0"", ""sel_9th_pre_req"": ""203"", ""sel_9th_pre_bid"": ""-97600"", ""sel_8th_pre_req_pre"": ""0"", ""sel_8th_pre_req"": ""264"", ""sel_8th_pre_bid"": ""-97500"", ""sel_7th_pre_req_pre"": ""0"", ""sel_7th_pre_req"": ""363"", ""sel_7th_pre_bid"": ""-97400"", ""sel_6th_pre_req_pre"": ""0"", ""sel_6th_pre_req"": ""155"", ""sel_6th_pre_bid"": ""-97300"", ""sel_5th_pre_req_pre"": ""0"", ""sel_5th_pre_req"": ""258"", ""sel_5th_pre_bid"": ""-97200"", ""sel_4th_pre_req_pre"": ""0"", ""sel_4th_pre_req"": ""117"", ""sel_4th_pre_bid"": ""-97100"", ""sel_3th_pre_req_pre"": ""--2"", ""sel_3th_pre_req"": ""1550"", ""sel_3th_pre_bid"": ""-97000"", ""sel_2th_pre_req_pre"": ""0"", ""sel_2th_pre_req"": ""474"", ""sel_2th_pre_bid"": ""-96900"", ""sel_1th_pre_req_pre"": ""--7"", ""sel_fpr_req"": ""361"", ""sel_fpr_bid"": ""-96800"", ""buy_fpr_bid"": ""-96700"", ""buy_fpr_req"": ""370"", ""buy_1th_pre_req_pre"": ""0"", ""buy_2th_pre_bid"": ""-96600"", ""buy_2th_pre_req"": ""210"", ""buy_2th_pre_req_pre"": ""0"", ""buy_3th_pre_bid"": ""-96500"", ""buy_3th_pre_req"": ""288"", ""buy_3th_pre_req_pre"": ""0"", ""buy_4th_pre_bid"": ""-96400"", ""buy_4th_pre_req"": ""82"", ""buy_4th_pre_req_pre"": ""0"", ""buy_5th_pre_bid"": ""-96300"", ""buy_5th_pre_req"": ""125"", ""buy_5th_pre_req_pre"": ""0"", ""buy_6th_pre_bid"": ""-96200"", ""buy_6th_pre_req"": ""596"", ""buy_6th_pre_req_pre"": ""0"", ""buy_7th_pre_bid"": ""-96100"", ""buy_7th_pre_req"": ""607"", ""buy_7th_pre_req_pre"": ""0"", ""buy_8th_pre_bid"": ""-96000"", ""buy_8th_pre_req"": ""487"", ""buy_8th_pre_req_pre"": ""0"", ""buy_9th_pre_bid"": ""-95900"", ""buy_9th_pre_req"": ""1566"", ""buy_9th_pre_req_pre"": ""0"", ""buy_10th_pre_bid"": ""-95800"", ""buy_10th_pre_req"": ""1068"", ""buy_10th_pre_req_pre"": ""0"", ""tot_sel_req_jub_pre"": ""--9"", ""tot_sel_req"": ""3922"", ""tot_buy_req"": ""5399"", ""tot_buy_req_jub_pre"": ""0"", ""ovt_sel_req_pre"": ""0"", ""ovt_sel_req"": ""0"", ""ovt_buy_req"": ""0"", ""ovt_buy_req_pre"": ""0"", ""return_code"": 0, ""return_msg"": ""정상적으로 처리되었습니다""}"
2026-06-10,scan_candidate,003490,,0,main_scan,25700,,25700,25650,25700,25500,-0.9727626459143969,0.19455252918287938,,,,,,"{""bid_req_base_tm"": ""101940"", ""sel_10th_pre_req_pre"": ""0"", ""sel_10th_pre_req"": ""6055"", ""sel_10th_pre_bid"": ""+26150"", ""sel_9th_pre_req_pre"": ""0"", ""sel_9th_pre_req"": ""4429"", ""sel_9th_pre_bid"": ""+26100"", ""sel_8th_pre_req_pre"": ""0"", ""sel_8th_pre_req"": ""3245"", ""sel_8th_pre_bid"": ""+26050"", ""sel_7th_pre_req_pre"": ""--500"", ""sel_7th_pre_req"": ""42243"", ""sel_7th_pre_bid"": ""+26000"", ""sel_6th_pre_req_pre"": ""0"", ""sel_6th_pre_req"": ""17170"", ""sel_6th_pre_bid"": ""+25950"", ""sel_5th_pre_req_pre"": ""0"", ""sel_5th_pre_req"": ""18671"", ""sel_5th_pre_bid"": ""+25900"", ""sel_4th_pre_req_pre"": ""0"", ""sel_4th_pre_req"": ""11815"", ""sel_4th_pre_bid"": ""+25850"", ""sel_3th_pre_req_pre"": ""0"", ""sel_3th_pre_req"": ""51172"", ""sel_3th_pre_bid"": ""+25800"", ""sel_2th_pre_req_pre"": ""0"", ""sel_2th_pre_req"": ""5683"", ""sel_2th_pre_bid"": ""+25750"", ""sel_1th_pre_req_pre"": ""0"", ""sel_fpr_req"": ""8480"", ""sel_fpr_bid"": ""+25700"", ""buy_fpr_bid"": ""+25650"", ""buy_fpr_req"": ""2828"", ""buy_1th_pre_req_pre"": ""0"", ""buy_2th_pre_bid"": ""+25600"", ""buy_2th_pre_req"": ""3316"", ""buy_2th_pre_req_pre"": ""0"", ""buy_3th_pre_bid"": ""+25550"", ""buy_3th_pre_req"": ""667"", ""buy_3th_pre_req_pre"": ""0"", ""buy_4th_pre_bid"": ""+25500"", ""buy_4th_pre_req"": ""1991"", ""buy_4th_pre_req_pre"": ""0"", ""buy_5th_pre_bid"": ""+25450"", ""buy_5th_pre_req"": ""1898"", ""buy_5th_pre_req_pre"": ""0"", ""buy_6th_pre_bid"": ""+25400"", ""buy_6th_pre_req"": ""5413"", ""buy_6th_pre_req_pre"": ""0"", ""buy_7th_pre_bid"": ""+25350"", ""buy_7th_pre_req"": ""6886"", ""buy_7th_pre_req_pre"": ""0"", ""buy_8th_pre_bid"": ""+25300"", ""buy_8th_pre_req"": ""4183"", ""buy_8th_pre_req_pre"": ""0"", ""buy_9th_pre_bid"": ""+25250"", ""buy_9th_pre_req"": ""2682"", ""buy_9th_pre_req_pre"": ""0"", ""buy_10th_pre_bid"": ""+25200"", ""buy_10th_pre_req"": ""4555"", ""buy_10th_pre_req_pre"": ""0"", ""tot_sel_req_jub_pre"": ""--500"", ""tot_sel_req"": ""168963"", ""tot_buy_req"": ""34419"", ""tot_buy_req_jub_pre"": ""0"", ""ovt_sel_req_pre"": ""0"", ""ovt_sel_req"": ""0"", ""ovt_buy_req"": ""0"", ""ovt_buy_req_pre"": ""0"", ""return_code"": 0, ""return_msg"": ""정상적으로 처리되었습니다""}"
2026-06-10,scan_candidate,161390,,0,main_scan,71800,,71800,71700,71800,72100,0.2785515320334262,0.1392757660167131,,,,,,"{""bid_req_base_tm"": ""101939"", ""sel_10th_pre_req_pre"": ""0"", ""sel_10th_pre_req"": ""112"", ""sel_10th_pre_bid"": ""-72700"", ""sel_9th_pre_req_pre"": ""0"", ""sel_9th_pre_req"": ""4"", ""sel_9th_pre_bid"": ""-72600"", ""sel_8th_pre_req_pre"": ""0"", ""sel_8th_pre_req"": ""177"", ""sel_8th_pre_bid"": ""-72500"", ""sel_7th_pre_req_pre"": ""0"", ""sel_7th_pre_req"": ""5"", ""sel_7th_pre_bid"": ""-72400"", ""sel_6th_pre_req_pre"": ""0"", ""sel_6th_pre_req"": ""34"", ""sel_6th_pre_bid"": ""-72300"", ""sel_5th_pre_req_pre"": ""0"", ""sel_5th_pre_req"": ""9"", ""sel_5th_pre_bid"": ""-72200"", ""sel_4th_pre_req_pre"": ""0"", ""sel_4th_pre_req"": ""18"", ""sel_4th_pre_bid"": ""-72100"", ""sel_3th_pre_req_pre"": ""0"", ""sel_3th_pre_req"": ""172"", ""sel_3th_pre_bid"": ""-72000"", ""sel_2th_pre_req_pre"": ""--31"", ""sel_2th_pre_req"": ""615"", ""sel_2th_pre_bid"": ""-71900"", ""sel_1th_pre_req_pre"": ""0"", ""sel_fpr_req"": ""559"", ""sel_fpr_bid"": ""-71800"", ""buy_fpr_bid"": ""-71700"", ""buy_fpr_req"": ""1269"", ""buy_1th_pre_req_pre"": ""+5"", ""buy_2th_pre_bid"": ""-71600"", ""buy_2th_pre_req"": ""446"", ""buy_2th_pre_req_pre"": ""0"", ""buy_3th_pre_bid"": ""-71500"", ""buy_3th_pre_req"": ""257"", ""buy_3th_pre_req_pre"": ""0"", ""buy_4th_pre_bid"": ""-71400"", ""buy_4th_pre_req"": ""350"", ""buy_4th_pre_req_pre"": ""0"", ""buy_5th_pre_bid"": ""-71300"", ""buy_5th_pre_req"": ""185"", ""buy_5th_pre_req_pre"": ""0"", ""buy_6th_pre_bid"": ""-71200"", ""buy_6th_pre_req"": ""529"", ""buy_6th_pre_req_pre"": ""0"", ""buy_7th_pre_bid"": ""-71100"", ""buy_7th_pre_req"": ""252"", ""buy_7th_pre_req_pre"": ""0"", ""buy_8th_pre_bid"": ""-71000"", ""buy_8th_pre_req"": ""1037"", ""buy_8th_pre_req_pre"": ""0"", ""buy_9th_pre_bid"": ""-70900"", ""buy_9th_pre_req"": ""2117"", ""buy_9th_pre_req_pre"": ""0"", ""buy_10th_pre_bid"": ""-70800"", ""buy_10th_pre_req"": ""153"", ""buy_10th_pre_req_pre"": ""0"", ""tot_sel_req_jub_pre"": ""--31"", ""tot_sel_req"": ""1705"", ""tot_buy_req"": ""6595"", ""tot_buy_req_jub_pre"": ""+5"", ""ovt_sel_req_pre"": ""0"", ""ovt_sel_req"": ""0"", ""ovt_buy_req"": ""0"", ""ovt_buy_req_pre"": ""0"", ""return_code"": 0, ""return_msg"": ""정상적으로 처리되었습니다""}"
2026-06-10,scan_candidate,003230,,0,main_scan,1152000,,1152000,1150000,1152000,1151000,-0.1736111111111111,0.1736111111111111,,,,,,"{""bid_req_base_tm"": ""101941"", ""sel_10th_pre_req_pre"": ""0"", ""sel_10th_pre_req"": ""18"", ""sel_10th_pre_bid"": ""+1162000"", ""sel_9th_pre_req_pre"": ""0"", ""sel_9th_pre_req"": ""62"", ""sel_9th_pre_bid"": ""+1161000"", ""sel_8th_pre_req_pre"": ""+1"", ""sel_8th_pre_req"": ""52"", ""sel_8th_pre_bid"": ""+1160000"", ""sel_7th_pre_req_pre"": ""0"", ""sel_7th_pre_req"": ""5"", ""sel_7th_pre_bid"": ""+1159000"", ""sel_6th_pre_req_pre"": ""0"", ""sel_6th_pre_req"": ""10"", ""sel_6th_pre_bid"": ""+1158000"", ""sel_5th_pre_req_pre"": ""0"", ""sel_5th_pre_req"": ""7"", ""sel_5th_pre_bid"": ""+1157000"", ""sel_4th_pre_req_pre"": ""0"", ""sel_4th_pre_req"": ""4"", ""sel_4th_pre_bid"": ""+1156000"", ""sel_3th_pre_req_pre"": ""0"", ""sel_3th_pre_req"": ""1"", ""sel_3th_pre_bid"": ""+1155000"", ""sel_2th_pre_req_pre"": ""0"", ""sel_2th_pre_req"": ""11"", ""sel_2th_pre_bid"": ""+1154000"", ""sel_1th_pre_req_pre"": ""0"", ""sel_fpr_req"": ""53"", ""sel_fpr_bid"": ""+1152000"", ""buy_fpr_bid"": ""+1150000"", ""buy_fpr_req"": ""20"", ""buy_1th_pre_req_pre"": ""0"", ""buy_2th_pre_bid"": ""+1149000"", ""buy_2th_pre_req"": ""17"", ""buy_2th_pre_req_pre"": ""0"", ""buy_3th_pre_bid"": ""+1148000"", ""buy_3th_pre_req"": ""19"", ""buy_3th_pre_req_pre"": ""0"", ""buy_4th_pre_bid"": ""+1147000"", ""buy_4th_pre_req"": ""12"", ""buy_4th_pre_req_pre"": ""0"", ""buy_5th_pre_bid"": ""+1146000"", ""buy_5th_pre_req"": ""44"", ""buy_5th_pre_req_pre"": ""0"", ""buy_6th_pre_bid"": ""+1145000"", ""buy_6th_pre_req"": ""50"", ""buy_6th_pre_req_pre"": ""0"", ""buy_7th_pre_bid"": ""+1144000"", ""buy_7th_pre_req"": ""1"", ""buy_7th_pre_req_pre"": ""0"", ""buy_8th_pre_bid"": ""+1143000"", ""buy_8th_pre_req"": ""1"", ""buy_8th_pre_req_pre"": ""0"", ""buy_9th_pre_bid"": ""+1142000"", ""buy_9th_pre_req"": ""5"", ""buy_9th_pre_req_pre"": ""0"", ""buy_10th_pre_bid"": ""+1141000"", ""buy_10th_pre_req"": ""5"", ""buy_10th_pre_req_pre"": ""0"", ""tot_sel_req_jub_pre"": ""+1"", ""tot_sel_req"": ""223"", ""tot_buy_req"": ""174"", ""tot_buy_req_jub_pre"": ""0"", ""ovt_sel_req_pre"": ""0"", ""ovt_sel_req"": ""0"", ""ovt_buy_req"": ""0"", ""ovt_buy_req_pre"": ""0"", ""return_code"": 0, ""return_msg"": ""정상적으로 처리되었습니다""}"
2026-06-10,scan_candidate,180640,,0,main_scan,120300,,120300,120100,120300,119500,-1.0806317539484622,0.1662510390689942,,,,,,"{""bid_req_base_tm"": ""101941"", ""sel_10th_pre_req_pre"": ""0"", ""sel_10th_pre_req"": ""33"", ""sel_10th_pre_bid"": ""+121200"", ""sel_9th_pre_req_pre"": ""0"", ""sel_9th_pre_req"": ""27"", ""sel_9th_pre_bid"": ""+121100"", ""sel_8th_pre_req_pre"": ""0"", ""sel_8th_pre_req"": ""1030"", ""sel_8th_pre_bid"": ""+121000"", ""sel_7th_pre_req_pre"": ""0"", ""sel_7th_pre_req"": ""212"", ""sel_7th_pre_bid"": ""+120900"", ""sel_6th_pre_req_pre"": ""0"", ""sel_6th_pre_req"": ""70"", ""sel_6th_pre_bid"": ""+120800"", ""sel_5th_pre_req_pre"": ""0"", ""sel_5th_pre_req"": ""87"", ""sel_5th_pre_bid"": ""+120700"", ""sel_4th_pre_req_pre"": ""0"", ""sel_4th_pre_req"": ""134"", ""sel_4th_pre_bid"": ""+120600"", ""sel_3th_pre_req_pre"": ""0"", ""sel_3th_pre_req"": ""144"", ""sel_3th_pre_bid"": ""+120500"", ""sel_2th_pre_req_pre"": ""0"", ""sel_2th_pre_req"": ""47"", ""sel_2th_pre_bid"": ""+120400"", ""sel_1th_pre_req_pre"": ""0"", ""sel_fpr_req"": ""10"", ""sel_fpr_bid"": ""+120300"", ""buy_fpr_bid"": ""+120100"", ""buy_fpr_req"": ""41"", ""buy_1th_pre_req_pre"": ""+1"", ""buy_2th_pre_bid"": ""+119800"", ""buy_2th_pre_req"": ""25"", ""buy_2th_pre_req_pre"": ""0"", ""buy_3th_pre_bid"": ""+119600"", ""buy_3th_pre_req"": ""28"", ""buy_3th_pre_req_pre"": ""0"", ""buy_4th_pre_bid"": ""+119500"", ""buy_4th_pre_req"": ""4"", ""buy_4th_pre_req_pre"": ""0"", ""buy_5th_pre_bid"": ""+119300"", ""buy_5th_pre_req"": ""20"", ""buy_5th_pre_req_pre"": ""0"", ""buy_6th_pre_bid"": ""+118800"", ""buy_6th_pre_req"": ""185"", ""buy_6th_pre_req_pre"": ""0"", ""buy_7th_pre_bid"": ""+118700"", ""buy_7th_pre_req"": ""16"", ""buy_7th_pre_req_pre"": ""0"", ""buy_8th_pre_bid"": ""+118500"", ""buy_8th_pre_req"": ""68"", ""buy_8th_pre_req_pre"": ""0"", ""buy_9th_pre_bid"": ""+118400"", ""buy_9th_pre_req"": ""326"", ""buy_9th_pre_req_pre"": ""0"", ""buy_10th_pre_bid"": ""+118300"", ""buy_10th_pre_req"": ""20"", ""buy_10th_pre_req_pre"": ""0"", ""tot_sel_req_jub_pre"": ""0"", ""tot_sel_req"": ""1794"", ""tot_buy_req"": ""733"", ""tot_buy_req_jub_pre"": ""+1"", ""ovt_sel_req_pre"": ""0"", ""ovt_sel_req"": ""0"", ""ovt_buy_req"": ""0"", ""ovt_buy_req_pre"": ""0"", ""return_code"": 0, ""return_msg"": ""정상적으로 처리되었습니다""}"
2026-06-10,scan_candidate,454910,,0,main_scan,110700,,110700,110600,110700,110500,-0.6323396567299007,0.09033423667570009,,,,,,"{""bid_req_base_tm"": ""101941"", ""sel_10th_pre_req_pre"": ""0"", ""sel_10th_pre_req"": ""413"", ""sel_10th_pre_bid"": ""-111600"", ""sel_9th_pre_req_pre"": ""0"", ""sel_9th_pre_req"": ""205"", ""sel_9th_pre_bid"": ""-111500"", ""sel_8th_pre_req_pre"": ""0"", ""sel_8th_pre_req"": ""353"", ""sel_8th_pre_bid"": ""-111400"", ""sel_7th_pre_req_pre"": ""0"", ""sel_7th_pre_req"": ""110"", ""sel_7th_pre_bid"": ""-111300"", ""sel_6th_pre_req_pre"": ""0"", ""sel_6th_pre_req"": ""99"", ""sel_6th_pre_bid"": ""-111200"", ""sel_5th_pre_req_pre"": ""0"", ""sel_5th_pre_req"": ""65"", ""sel_5th_pre_bid"": ""-111100"", ""sel_4th_pre_req_pre"": ""0"", ""sel_4th_pre_req"": ""285"", ""sel_4th_pre_bid"": ""-111000"", ""sel_3th_pre_req_pre"": ""0"", ""sel_3th_pre_req"": ""1165"", ""sel_3th_pre_bid"": ""-110900"", ""sel_2th_pre_req_pre"": ""0"", ""sel_2th_pre_req"": ""3631"", ""sel_2th_pre_bid"": ""-110800"", ""sel_1th_pre_req_pre"": ""0"", ""sel_fpr_req"": ""94"", ""sel_fpr_bid"": ""-110700"", ""buy_fpr_bid"": ""-110600"", ""buy_fpr_req"": ""179"", ""buy_1th_pre_req_pre"": ""0"", ""buy_2th_pre_bid"": ""-110500"", ""buy_2th_pre_req"": ""236"", ""buy_2th_pre_req_pre"": ""0"", ""buy_3th_pre_bid"": ""-110400"", ""buy_3th_pre_req"": ""496"", ""buy_3th_pre_req_pre"": ""0"", ""buy_4th_pre_bid"": ""-110300"", ""buy_4th_pre_req"": ""528"", ""buy_4th_pre_req_pre"": ""0"", ""buy_5th_pre_bid"": ""-110200"", ""buy_5th_pre_req"": ""299"", ""buy_5th_pre_req_pre"": ""+2"", ""buy_6th_pre_bid"": ""-110100"", ""buy_6th_pre_req"": ""949"", ""buy_6th_pre_req_pre"": ""0"", ""buy_7th_pre_bid"": ""-110000"", ""buy_7th_pre_req"": ""1022"", ""buy_7th_pre_req_pre"": ""0"", ""buy_8th_pre_bid"": ""-109900"", ""buy_8th_pre_req"": ""294"", ""buy_8th_pre_req_pre"": ""0"", ""buy_9th_pre_bid"": ""-109800"", ""buy_9th_pre_req"": ""1262"", ""buy_9th_pre_req_pre"": ""0"", ""buy_10th_pre_bid"": ""-109700"", ""buy_10th_pre_req"": ""392"", ""buy_10th_pre_req_pre"": ""0"", ""tot_sel_req_jub_pre"": ""0"", ""tot_sel_req"": ""6420"", ""tot_buy_req"": ""5657"", ""tot_buy_req_jub_pre"": ""+2"", ""ovt_sel_req_pre"": ""0"", ""ovt_sel_req"": ""0"", ""ovt_buy_req"": ""0"", ""ovt_buy_req_pre"": ""0"", ""return_code"": 0, ""return_msg"": ""정상적으로 처리되었습니다""}"
2026-06-10,scan_candidate,353200,,0,main_scan,159300,,159300,159200,159300,158500,-0.8160703075957313,0.06277463904582549,,,,,,"{""bid_req_base_tm"": ""101941"", ""sel_10th_pre_req_pre"": ""0"", ""sel_10th_pre_req"": ""223"", ""sel_10th_pre_bid"": ""+160200"", ""sel_9th_pre_req_pre"": ""0"", ""sel_9th_pre_req"": ""48"", ""sel_9th_pre_bid"": ""+160100"", ""sel_8th_pre_req_pre"": ""0"", ""sel_8th_pre_req"": ""4617"", ""sel_8th_pre_bid"": ""+160000"", ""sel_7th_pre_req_pre"": ""0"", ""sel_7th_pre_req"": ""722"", ""sel_7th_pre_bid"": ""+159900"", ""sel_6th_pre_req_pre"": ""0"", ""sel_6th_pre_req"": ""1514"", ""sel_6th_pre_bid"": ""+159800"", ""sel_5th_pre_req_pre"": ""0"", ""sel_5th_pre_req"": ""1034"", ""sel_5th_pre_bid"": ""+159700"", ""sel_4th_pre_req_pre"": ""0"", ""sel_4th_pre_req"": ""1121"", ""sel_4th_pre_bid"": ""+159600"", ""sel_3th_pre_req_pre"": ""0"", ""sel_3th_pre_req"": ""1941"", ""sel_3th_pre_bid"": ""+159500"", ""sel_2th_pre_req_pre"": ""0"", ""sel_2th_pre_req"": ""362"", ""sel_2th_pre_bid"": ""+159400"", ""sel_1th_pre_req_pre"": ""0"", ""sel_fpr_req"": ""432"", ""sel_fpr_bid"": ""+159300"", ""buy_fpr_bid"": ""+159200"", ""buy_fpr_req"": ""32"", ""buy_1th_pre_req_pre"": ""+9"", ""buy_2th_pre_bid"": ""+159100"", ""buy_2th_pre_req"": ""65"", ""buy_2th_pre_req_pre"": ""--10"", ""buy_3th_pre_bid"": ""+159000"", ""buy_3th_pre_req"": ""92"", ""buy_3th_pre_req_pre"": ""0"", ""buy_4th_pre_bid"": ""+158900"", ""buy_4th_pre_req"": ""24"", ""buy_4th_pre_req_pre"": ""0"", ""buy_5th_pre_bid"": ""+158800"", ""buy_5th_pre_req"": ""68"", ""buy_5th_pre_req_pre"": ""0"", ""buy_6th_pre_bid"": ""+158700"", ""buy_6th_pre_req"": ""20"", ""buy_6th_pre_req_pre"": ""0"", ""buy_7th_pre_bid"": ""+158600"", ""buy_7th_pre_req"": ""74"", ""buy_7th_pre_req_pre"": ""0"", ""buy_8th_pre_bid"": ""+158400"", ""buy_8th_pre_req"": ""20"", ""buy_8th_pre_req_pre"": ""0"", ""buy_9th_pre_bid"": ""+158300"", ""buy_9th_pre_req"": ""7"", ""buy_9th_pre_req_pre"": ""0"", ""buy_10th_pre_bid"": ""+158200"", ""buy_10th_pre_req"": ""172"", ""buy_10th_pre_req_pre"": ""0"", ""tot_sel_req_jub_pre"": ""0"", ""tot_sel_req"": ""12014"", ""tot_buy_req"": ""574"", ""tot_buy_req_jub_pre"": ""--1"", ""ovt_sel_req_pre"": ""0"", ""ovt_sel_req"": ""0"", ""ovt_buy_req"": ""0"", ""ovt_buy_req_pre"": ""0"", ""return_code"": 0, ""return_msg"": ""정상적으로 처리되었습니다""}"
2026-06-10,scan_candidate,034220,,0,main_scan,13320,,13320,13310,13320,13250,-0.9009009009009009,0.07507507507507508,,,,,,"{""bid_req_base_tm"": ""101941"", ""sel_10th_pre_req_pre"": ""0"", ""sel_10th_pre_req"": ""6742"", ""sel_10th_pre_bid"": ""-13410"", ""sel_9th_pre_req_pre"": ""0"", ""sel_9th_pre_req"": ""6901"", ""sel_9th_pre_bid"": ""-13400"", ""sel_8th_pre_req_pre"": ""0"", ""sel_8th_pre_req"": ""2610"", ""sel_8th_pre_bid"": ""-13390"", ""sel_7th_pre_req_pre"": ""0"", ""sel_7th_pre_req"": ""1473"", ""sel_7th_pre_bid"": ""-13380"", ""sel_6th_pre_req_pre"": ""0"", ""sel_6th_pre_req"": ""2329"", ""sel_6th_pre_bid"": ""-13370"", ""sel_5th_pre_req_pre"": ""0"", ""sel_5th_pre_req"": ""388"", ""sel_5th_pre_bid"": ""-13360"", ""sel_4th_pre_req_pre"": ""0"", ""sel_4th_pre_req"": ""2124"", ""sel_4th_pre_bid"": ""-13350"", ""sel_3th_pre_req_pre"": ""+2"", ""sel_3th_pre_req"": ""3711"", ""sel_3th_pre_bid"": ""-13340"", ""sel_2th_pre_req_pre"": ""0"", ""sel_2th_pre_req"": ""461"", ""sel_2th_pre_bid"": ""-13330"", ""sel_1th_pre_req_pre"": ""0"", ""sel_fpr_req"": ""1021"", ""sel_fpr_bid"": ""-13320"", ""buy_fpr_bid"": ""-13310"", ""buy_fpr_req"": ""283"", ""buy_1th_pre_req_pre"": ""0"", ""buy_2th_pre_bid"": ""-13300"", ""buy_2th_pre_req"": ""691"", ""buy_2th_pre_req_pre"": ""0"", ""buy_3th_pre_bid"": ""-13290"", ""buy_3th_pre_req"": ""898"", ""buy_3th_pre_req_pre"": ""0"", ""buy_4th_pre_bid"": ""-13280"", ""buy_4th_pre_req"": ""10"", ""buy_4th_pre_req_pre"": ""0"", ""buy_5th_pre_bid"": ""-13270"", ""buy_5th_pre_req"": ""481"", ""buy_5th_pre_req_pre"": ""0"", ""buy_6th_pre_bid"": ""-13260"", ""buy_6th_pre_req"": ""114"", ""buy_6th_pre_req_pre"": ""0"", ""buy_7th_pre_bid"": ""-13250"", ""buy_7th_pre_req"": ""1252"", ""buy_7th_pre_req_pre"": ""0"", ""buy_8th_pre_bid"": ""-13240"", ""buy_8th_pre_req"": ""303"", ""buy_8th_pre_req_pre"": ""0"", ""buy_9th_pre_bid"": ""-13230"", ""buy_9th_pre_req"": ""1642"", ""buy_9th_pre_req_pre"": ""0"", ""buy_10th_pre_bid"": ""-13220"", ""buy_10th_pre_req"": ""1202"", ""buy_10th_pre_req_pre"": ""0"", ""tot_sel_req_jub_pre"": ""+2"", ""tot_sel_req"": ""27760"", ""tot_buy_req"": ""6876"", ""tot_buy_req_jub_pre"": ""0"", ""ovt_sel_req_pre"": ""0"", ""ovt_sel_req"": ""0"", ""ovt_buy_req"": ""0"", ""ovt_buy_req_pre"": ""0"", ""return_code"": 0, ""return_msg"": ""정상적으로 처리되었습니다""}"
2026-06-10,scan_candidate,267270,,0,main_scan,150000,,150000,149900,150000,149500,-0.6666666666666667,0.06666666666666667,,,,,,"{""bid_req_base_tm"": ""101941"", ""sel_10th_pre_req_pre"": ""0"", ""sel_10th_pre_req"": ""219"", ""sel_10th_pre_bid"": ""+151000"", ""sel_9th_pre_req_pre"": ""0"", ""sel_9th_pre_req"": ""68"", ""sel_9th_pre_bid"": ""+150900"", ""sel_8th_pre_req_pre"": ""0"", ""sel_8th_pre_req"": ""21"", ""sel_8th_pre_bid"": ""+150800"", ""sel_7th_pre_req_pre"": ""0"", ""sel_7th_pre_req"": ""56"", ""sel_7th_pre_bid"": ""+150700"", ""sel_6th_pre_req_pre"": ""0"", ""sel_6th_pre_req"": ""60"", ""sel_6th_pre_bid"": ""+150600"", ""sel_5th_pre_req_pre"": ""0"", ""sel_5th_pre_req"": ""58"", ""sel_5th_pre_bid"": ""+150500"", ""sel_4th_pre_req_pre"": ""0"", ""sel_4th_pre_req"": ""5"", ""sel_4th_pre_bid"": ""+150400"", ""sel_3th_pre_req_pre"": ""0"", ""sel_3th_pre_req"": ""91"", ""sel_3th_pre_bid"": ""+150200"", ""sel_2th_pre_req_pre"": ""0"", ""sel_2th_pre_req"": ""19"", ""sel_2th_pre_bid"": ""+150100"", ""sel_1th_pre_req_pre"": ""--6"", ""sel_fpr_req"": ""55"", ""sel_fpr_bid"": ""+150000"", ""buy_fpr_bid"": ""+149900"", ""buy_fpr_req"": ""22"", ""buy_1th_pre_req_pre"": ""0"", ""buy_2th_pre_bid"": ""+149800"", ""buy_2th_pre_req"": ""47"", ""buy_2th_pre_req_pre"": ""0"", ""buy_3th_pre_bid"": ""+149500"", ""buy_3th_pre_req"": ""90"", ""buy_3th_pre_req_pre"": ""0"", ""buy_4th_pre_bid"": ""+149400"", ""buy_4th_pre_req"": ""37"", ""buy_4th_pre_req_pre"": ""0"", ""buy_5th_pre_bid"": ""+149200"", ""buy_5th_pre_req"": ""34"", ""buy_5th_pre_req_pre"": ""0"", ""buy_6th_pre_bid"": ""+149100"", ""buy_6th_pre_req"": ""30"", ""buy_6th_pre_req_pre"": ""0"", ""buy_7th_pre_bid"": ""+149000"", ""buy_7th_pre_req"": ""54"", ""buy_7th_pre_req_pre"": ""0"", ""buy_8th_pre_bid"": ""+148900"", ""buy_8th_pre_req"": ""10"", ""buy_8th_pre_req_pre"": ""0"", ""buy_9th_pre_bid"": ""+148800"", ""buy_9th_pre_req"": ""14"", ""buy_9th_pre_req_pre"": ""0"", ""buy_10th_pre_bid"": ""+148700"", ""buy_10th_pre_req"": ""13"", ""buy_10th_pre_req_pre"": ""0"", ""tot_sel_req_jub_pre"": ""--6"", ""tot_sel_req"": ""652"", ""tot_buy_req"": ""351"", ""tot_buy_req_jub_pre"": ""0"", ""ovt_sel_req_pre"": ""0"", ""ovt_sel_req"": ""0"", ""ovt_buy_req"": ""0"", ""ovt_buy_req_pre"": ""0"", ""return_code"": 0, ""return_msg"": ""정상적으로 처리되었습니다""}"
2026-06-10,scan_candidate,062040,,0,main_scan,228500,,228500,228000,228500,228000,-0.437636761487965,0.2188183807439825,,,,,,"{""bid_req_base_tm"": ""101942"", ""sel_10th_pre_req_pre"": ""0"", ""sel_10th_pre_req"": ""1467"", ""sel_10th_pre_bid"": ""+233000"", ""sel_9th_pre_req_pre"": ""0"", ""sel_9th_pre_req"": ""545"", ""sel_9th_pre_bid"": ""+232500"", ""sel_8th_pre_req_pre"": ""0"", ""sel_8th_pre_req"": ""484"", ""sel_8th_pre_bid"": ""+232000"", ""sel_7th_pre_req_pre"": ""0"", ""sel_7th_pre_req"": ""135"", ""sel_7th_pre_bid"": ""+231500"", ""sel_6th_pre_req_pre"": ""0"", ""sel_6th_pre_req"": ""54"", ""sel_6th_pre_bid"": ""+231000"", ""sel_5th_pre_req_pre"": ""0"", ""sel_5th_pre_req"": ""16"", ""sel_5th_pre_bid"": ""+230500"", ""sel_4th_pre_req_pre"": ""0"", ""sel_4th_pre_req"": ""79"", ""sel_4th_pre_bid"": ""+230000"", ""sel_3th_pre_req_pre"": ""0"", ""sel_3th_pre_req"": ""50"", ""sel_3th_pre_bid"": ""+229500"", ""sel_2th_pre_req_pre"": ""0"", ""sel_2th_pre_req"": ""60"", ""sel_2th_pre_bid"": ""+229000"", ""sel_1th_pre_req_pre"": ""--9"", ""sel_fpr_req"": ""17"", ""sel_fpr_bid"": ""+228500"", ""buy_fpr_bid"": ""+228000"", ""buy_fpr_req"": ""31"", ""buy_1th_pre_req_pre"": ""0"", ""buy_2th_pre_bid"": ""+227500"", ""buy_2th_pre_req"": ""173"", ""buy_2th_pre_req_pre"": ""0"", ""buy_3th_pre_bid"": ""+227000"", ""buy_3th_pre_req"": ""295"", ""buy_3th_pre_req_pre"": ""0"", ""buy_4th_pre_bid"": ""+226500"", ""buy_4th_pre_req"": ""271"", ""buy_4th_pre_req_pre"": ""0"", ""buy_5th_pre_bid"": ""+226000"", ""buy_5th_pre_req"": ""273"", ""buy_5th_pre_req_pre"": ""+1"", ""buy_6th_pre_bid"": ""+225500"", ""buy_6th_pre_req"": ""468"", ""buy_6th_pre_req_pre"": ""0"", ""buy_7th_pre_bid"": ""225000"", ""buy_7th_pre_req"": ""644"", ""buy_7th_pre_req_pre"": ""0"", ""buy_8th_pre_bid"": ""-224500"", ""buy_8th_pre_req"": ""63"", ""buy_8th_pre_req_pre"": ""0"", ""buy_9th_pre_bid"": ""-224000"", ""buy_9th_pre_req"": ""142"", ""buy_9th_pre_req_pre"": ""0"", ""buy_10th_pre_bid"": ""-223500"", ""buy_10th_pre_req"": ""245"", ""buy_10th_pre_req_pre"": ""0"", ""tot_sel_req_jub_pre"": ""--9"", ""tot_sel_req"": ""2907"", ""tot_buy_req"": ""2605"", ""tot_buy_req_jub_pre"": ""+1"", ""ovt_sel_req_pre"": ""0"", ""ovt_sel_req"": ""0"", ""ovt_buy_req"": ""0"", ""ovt_buy_req_pre"": ""0"", ""return_code"": 0, ""return_msg"": ""정상적으로 처리되었습니다""}"
2026-06-10,scan_candidate,078930,,0,main_scan,73500,,73500,73400,73500,73800,0.27210884353741494,0.13605442176870747,,,,,,"{""bid_req_base_tm"": ""101939"", ""sel_10th_pre_req_pre"": ""0"", ""sel_10th_pre_req"": ""76"", ""sel_10th_pre_bid"": ""+74400"", ""sel_9th_pre_req_pre"": ""0"", ""sel_9th_pre_req"": ""2"", ""sel_9th_pre_bid"": ""+74300"", ""sel_8th_pre_req_pre"": ""0"", ""sel_8th_pre_req"": ""91"", ""sel_8th_pre_bid"": ""+74200"", ""sel_7th_pre_req_pre"": ""0"", ""sel_7th_pre_req"": ""200"", ""sel_7th_pre_bid"": ""+74100"", ""sel_6th_pre_req_pre"": ""0"", ""sel_6th_pre_req"": ""60"", ""sel_6th_pre_bid"": ""+74000"", ""sel_5th_pre_req_pre"": ""0"", ""sel_5th_pre_req"": ""204"", ""sel_5th_pre_bid"": ""+73900"", ""sel_4th_pre_req_pre"": ""0"", ""sel_4th_pre_req"": ""18"", ""sel_4th_pre_bid"": ""73800"", ""sel_3th_pre_req_pre"": ""0"", ""sel_3th_pre_req"": ""63"", ""sel_3th_pre_bid"": ""-73700"", ""sel_2th_pre_req_pre"": ""0"", ""sel_2th_pre_req"": ""98"", ""sel_2th_pre_bid"": ""-73600"", ""sel_1th_pre_req_pre"": ""0"", ""sel_fpr_req"": ""144"", ""sel_fpr_bid"": ""-73500"", ""buy_fpr_bid"": ""-73400"", ""buy_fpr_req"": ""91"", ""buy_1th_pre_req_pre"": ""0"", ""buy_2th_pre_bid"": ""-73300"", ""buy_2th_pre_req"": ""458"", ""buy_2th_pre_req_pre"": ""0"", ""buy_3th_pre_bid"": ""-73200"", ""buy_3th_pre_req"": ""4292"", ""buy_3th_pre_req_pre"": ""0"", ""buy_4th_pre_bid"": ""-73100"", ""buy_4th_pre_req"": ""323"", ""buy_4th_pre_req_pre"": ""0"", ""buy_5th_pre_bid"": ""-73000"", ""buy_5th_pre_req"": ""30"", ""buy_5th_pre_req_pre"": ""0"", ""buy_6th_pre_bid"": ""-72900"", ""buy_6th_pre_req"": ""10"", ""buy_6th_pre_req_pre"": ""0"", ""buy_7th_pre_bid"": ""-72700"", ""buy_7th_pre_req"": ""53"", ""buy_7th_pre_req_pre"": ""0"", ""buy_8th_pre_bid"": ""-72500"", ""buy_8th_pre_req"": ""10"", ""buy_8th_pre_req_pre"": ""0"", ""buy_9th_pre_bid"": ""-72400"", ""buy_9th_pre_req"": ""1"", ""buy_9th_pre_req_pre"": ""0"", ""buy_10th_pre_bid"": ""-72300"", ""buy_10th_pre_req"": ""51"", ""buy_10th_pre_req_pre"": ""0"", ""tot_sel_req_jub_pre"": ""0"", ""tot_sel_req"": ""956"", ""tot_buy_req"": ""5319"", ""tot_buy_req_jub_pre"": ""0"", ""ovt_sel_req_pre"": ""0"", ""ovt_sel_req"": ""0"", ""ovt_buy_req"": ""0"", ""ovt_buy_req_pre"": ""0"", ""return_code"": 0, ""return_msg"": ""정상적으로 처리되었습니다""}"
2026-06-10,scan_candidate,090430,,0,main_scan,112700,,112700,112600,112700,112500,-0.6211180124223602,0.08873114463176575,,,,,,"{""bid_req_base_tm"": ""101942"", ""sel_10th_pre_req_pre"": ""0"", ""sel_10th_pre_req"": ""118"", ""sel_10th_pre_bid"": ""+113600"", ""sel_9th_pre_req_pre"": ""0"", ""sel_9th_pre_req"": ""299"", ""sel_9th_pre_bid"": ""+113500"", ""sel_8th_pre_req_pre"": ""0"", ""sel_8th_pre_req"": ""171"", ""sel_8th_pre_bid"": ""+113400"", ""sel_7th_pre_req_pre"": ""0"", ""sel_7th_pre_req"": ""68"", ""sel_7th_pre_bid"": ""+113300"", ""sel_6th_pre_req_pre"": ""0"", ""sel_6th_pre_req"": ""25"", ""sel_6th_pre_bid"": ""+113200"", ""sel_5th_pre_req_pre"": ""0"", ""sel_5th_pre_req"": ""64"", ""sel_5th_pre_bid"": ""+113100"", ""sel_4th_pre_req_pre"": ""0"", ""sel_4th_pre_req"": ""74"", ""sel_4th_pre_bid"": ""+113000"", ""sel_3th_pre_req_pre"": ""0"", ""sel_3th_pre_req"": ""44"", ""sel_3th_pre_bid"": ""+112900"", ""sel_2th_pre_req_pre"": ""+4"", ""sel_2th_pre_req"": ""56"", ""sel_2th_pre_bid"": ""+112800"", ""sel_1th_pre_req_pre"": ""+9"", ""sel_fpr_req"": ""280"", ""sel_fpr_bid"": ""+112700"", ""buy_fpr_bid"": ""+112600"", ""buy_fpr_req"": ""78"", ""buy_1th_pre_req_pre"": ""0"", ""buy_2th_pre_bid"": ""+112500"", ""buy_2th_pre_req"": ""73"", ""buy_2th_pre_req_pre"": ""0"", ""buy_3th_pre_bid"": ""+112400"", ""buy_3th_pre_req"": ""37"", ""buy_3th_pre_req_pre"": ""0"", ""buy_4th_pre_bid"": ""+112300"", ""buy_4th_pre_req"": ""69"", ""buy_4th_pre_req_pre"": ""0"", ""buy_5th_pre_bid"": ""+112200"", ""buy_5th_pre_req"": ""68"", ""buy_5th_pre_req_pre"": ""0"", ""buy_6th_pre_bid"": ""+112100"", ""buy_6th_pre_req"": ""2"", ""buy_6th_pre_req_pre"": ""0"", ""buy_7th_pre_bid"": ""112000"", ""buy_7th_pre_req"": ""57"", ""buy_7th_pre_req_pre"": ""0"", ""buy_8th_pre_bid"": ""-111900"", ""buy_8th_pre_req"": ""33"", ""buy_8th_pre_req_pre"": ""0"", ""buy_9th_pre_bid"": ""-111800"", ""buy_9th_pre_req"": ""132"", ""buy_9th_pre_req_pre"": ""0"", ""buy_10th_pre_bid"": ""-111700"", ""buy_10th_pre_req"": ""203"", ""buy_10th_pre_req_pre"": ""0"", ""tot_sel_req_jub_pre"": ""+13"", ""tot_sel_req"": ""1199"", ""tot_buy_req"": ""752"", ""tot_buy_req_jub_pre"": ""0"", ""ovt_sel_req_pre"": ""0"", ""ovt_sel_req"": ""0"", ""ovt_buy_req"": ""0"", ""ovt_buy_req_pre"": ""0"", ""return_code"": 0, ""return_msg"": ""정상적으로 처리되었습니다""}"
2026-06-10,scan_candidate,004170,,0,main_scan,670000,,670000,669000,670000,669000,-0.2985074626865672,0.1492537313432836,,,,,,"{""bid_req_base_tm"": ""101941"", ""sel_10th_pre_req_pre"": ""0"", ""sel_10th_pre_req"": ""14"", ""sel_10th_pre_bid"": ""+679000"", ""sel_9th_pre_req_pre"": ""0"", ""sel_9th_pre_req"": ""60"", ""sel_9th_pre_bid"": ""+678000"", ""sel_8th_pre_req_pre"": ""0"", ""sel_8th_pre_req"": ""33"", ""sel_8th_pre_bid"": ""+677000"", ""sel_7th_pre_req_pre"": ""0"", ""sel_7th_pre_req"": ""5"", ""sel_7th_pre_bid"": ""+676000"", ""sel_6th_pre_req_pre"": ""0"", ""sel_6th_pre_req"": ""24"", ""sel_6th_pre_bid"": ""+675000"", ""sel_5th_pre_req_pre"": ""0"", ""sel_5th_pre_req"": ""27"", ""sel_5th_pre_bid"": ""+674000"", ""sel_4th_pre_req_pre"": ""0"", ""sel_4th_pre_req"": ""11"", ""sel_4th_pre_bid"": ""+673000"", ""sel_3th_pre_req_pre"": ""0"", ""sel_3th_pre_req"": ""16"", ""sel_3th_pre_bid"": ""+672000"", ""sel_2th_pre_req_pre"": ""0"", ""sel_2th_pre_req"": ""12"", ""sel_2th_pre_bid"": ""+671000"", ""sel_1th_pre_req_pre"": ""+5"", ""sel_fpr_req"": ""184"", ""sel_fpr_bid"": ""+670000"", ""buy_fpr_bid"": ""+669000"", ""buy_fpr_req"": ""86"", ""buy_1th_pre_req_pre"": ""0"", ""buy_2th_pre_bid"": ""+667000"", ""buy_2th_pre_req"": ""71"", ""buy_2th_pre_req_pre"": ""0"", ""buy_3th_pre_bid"": ""+665000"", ""buy_3th_pre_req"": ""12"", ""buy_3th_pre_req_pre"": ""0"", ""buy_4th_pre_bid"": ""+664000"", ""buy_4th_pre_req"": ""9"", ""buy_4th_pre_req_pre"": ""0"", ""buy_5th_pre_bid"": ""+663000"", ""buy_5th_pre_req"": ""81"", ""buy_5th_pre_req_pre"": ""0"", ""buy_6th_pre_bid"": ""+662000"", ""buy_6th_pre_req"": ""49"", ""buy_6th_pre_req_pre"": ""0"", ""buy_7th_pre_bid"": ""+661000"", ""buy_7th_pre_req"": ""31"", ""buy_7th_pre_req_pre"": ""0"", ""buy_8th_pre_bid"": ""+660000"", ""buy_8th_pre_req"": ""396"", ""buy_8th_pre_req_pre"": ""0"", ""buy_9th_pre_bid"": ""+659000"", ""buy_9th_pre_req"": ""5"", ""buy_9th_pre_req_pre"": ""0"", ""buy_10th_pre_bid"": ""+658000"", ""buy_10th_pre_req"": ""30"", ""buy_10th_pre_req_pre"": ""0"", ""tot_sel_req_jub_pre"": ""+5"", ""tot_sel_req"": ""386"", ""tot_buy_req"": ""770"", ""tot_buy_req_jub_pre"": ""0"", ""ovt_sel_req_pre"": ""0"", ""ovt_sel_req"": ""0"", ""ovt_buy_req"": ""0"", ""ovt_buy_req_pre"": ""0"", ""return_code"": 0, ""return_msg"": ""정상적으로 처리되었습니다""}"
2026-06-10,scan_candidate,036570,,0,main_scan,258000,,258000,257500,258000,258000,-0.1937984496124031,0.1937984496124031,,,,,,"{""bid_req_base_tm"": ""101942"", ""sel_10th_pre_req_pre"": ""0"", ""sel_10th_pre_req"": ""18"", ""sel_10th_pre_bid"": ""-262500"", ""sel_9th_pre_req_pre"": ""0"", ""sel_9th_pre_req"": ""1044"", ""sel_9th_pre_bid"": ""-262000"", ""sel_8th_pre_req_pre"": ""0"", ""sel_8th_pre_req"": ""16"", ""sel_8th_pre_bid"": ""-261500"", ""sel_7th_pre_req_pre"": ""0"", ""sel_7th_pre_req"": ""16"", ""sel_7th_pre_bid"": ""-261000"", ""sel_6th_pre_req_pre"": ""0"", ""sel_6th_pre_req"": ""17"", ""sel_6th_pre_bid"": ""-260500"", ""sel_5th_pre_req_pre"": ""0"", ""sel_5th_pre_req"": ""98"", ""sel_5th_pre_bid"": ""-260000"", ""sel_4th_pre_req_pre"": ""0"", ""sel_4th_pre_req"": ""27"", ""sel_4th_pre_bid"": ""-259500"", ""sel_3th_pre_req_pre"": ""0"", ""sel_3th_pre_req"": ""63"", ""sel_3th_pre_bid"": ""-259000"", ""sel_2th_pre_req_pre"": ""0"", ""sel_2th_pre_req"": ""19"", ""sel_2th_pre_bid"": ""-258500"", ""sel_1th_pre_req_pre"": ""+10"", ""sel_fpr_req"": ""168"", ""sel_fpr_bid"": ""-258000"", ""buy_fpr_bid"": ""-257500"", ""buy_fpr_req"": ""269"", ""buy_1th_pre_req_pre"": ""0"", ""buy_2th_pre_bid"": ""-257000"", ""buy_2th_pre_req"": ""26"", ""buy_2th_pre_req_pre"": ""0"", ""buy_3th_pre_bid"": ""-256500"", ""buy_3th_pre_req"": ""41"", ""buy_3th_pre_req_pre"": ""0"", ""buy_4th_pre_bid"": ""-256000"", ""buy_4th_pre_req"": ""138"", ""buy_4th_pre_req_pre"": ""0"", ""buy_5th_pre_bid"": ""-255500"", ""buy_5th_pre_req"": ""86"", ""buy_5th_pre_req_pre"": ""0"", ""buy_6th_pre_bid"": ""-255000"", ""buy_6th_pre_req"": ""274"", ""buy_6th_pre_req_pre"": ""0"", ""buy_7th_pre_bid"": ""-254500"", ""buy_7th_pre_req"": ""353"", ""buy_7th_pre_req_pre"": ""0"", ""buy_8th_pre_bid"": ""-254000"", ""buy_8th_pre_req"": ""304"", ""buy_8th_pre_req_pre"": ""0"", ""buy_9th_pre_bid"": ""-253500"", ""buy_9th_pre_req"": ""460"", ""buy_9th_pre_req_pre"": ""0"", ""buy_10th_pre_bid"": ""-253000"", ""buy_10th_pre_req"": ""729"", ""buy_10th_pre_req_pre"": ""0"", ""tot_sel_req_jub_pre"": ""+10"", ""tot_sel_req"": ""1486"", ""tot_buy_req"": ""2680"", ""tot_buy_req_jub_pre"": ""0"", ""ovt_sel_req_pre"": ""0"", ""ovt_sel_req"": ""0"", ""ovt_buy_req"": ""0"", ""ovt_buy_req_pre"": ""0"", ""return_code"": 0, ""return_msg"": ""정상적으로 처리되었습니다""}"
2026-06-10,scan_candidate,271560,,0,main_scan,132900,,132900,132600,132900,132500,-0.6772009029345373,0.2257336343115124,,,,,,"{""bid_req_base_tm"": ""101943"", ""sel_10th_pre_req_pre"": ""0"", ""sel_10th_pre_req"": ""140"", ""sel_10th_pre_bid"": ""+134000"", ""sel_9th_pre_req_pre"": ""0"", ""sel_9th_pre_req"": ""190"", ""sel_9th_pre_bid"": ""+133900"", ""sel_8th_pre_req_pre"": ""0"", ""sel_8th_pre_req"": ""20"", ""sel_8th_pre_bid"": ""+133800"", ""sel_7th_pre_req_pre"": ""0"", ""sel_7th_pre_req"": ""100"", ""sel_7th_pre_bid"": ""+133700"", ""sel_6th_pre_req_pre"": ""0"", ""sel_6th_pre_req"": ""26"", ""sel_6th_pre_bid"": ""+133600"", ""sel_5th_pre_req_pre"": ""0"", ""sel_5th_pre_req"": ""27"", ""sel_5th_pre_bid"": ""+133500"", ""sel_4th_pre_req_pre"": ""0"", ""sel_4th_pre_req"": ""3"", ""sel_4th_pre_bid"": ""+133300"", ""sel_3th_pre_req_pre"": ""0"", ""sel_3th_pre_req"": ""3"", ""sel_3th_pre_bid"": ""+133200"", ""sel_2th_pre_req_pre"": ""0"", ""sel_2th_pre_req"": ""38"", ""sel_2th_pre_bid"": ""+133000"", ""sel_1th_pre_req_pre"": ""0"", ""sel_fpr_req"": ""1"", ""sel_fpr_bid"": ""132900"", ""buy_fpr_bid"": ""-132600"", ""buy_fpr_req"": ""41"", ""buy_1th_pre_req_pre"": ""0"", ""buy_2th_pre_bid"": ""-132500"", ""buy_2th_pre_req"": ""65"", ""buy_2th_pre_req_pre"": ""0"", ""buy_3th_pre_bid"": ""-132400"", ""buy_3th_pre_req"": ""114"", ""buy_3th_pre_req_pre"": ""0"", ""buy_4th_pre_bid"": ""-132300"", ""buy_4th_pre_req"": ""7"", ""buy_4th_pre_req_pre"": ""0"", ""buy_5th_pre_bid"": ""-132200"", ""buy_5th_pre_req"": ""56"", ""buy_5th_pre_req_pre"": ""0"", ""buy_6th_pre_bid"": ""-132100"", ""buy_6th_pre_req"": ""1"", ""buy_6th_pre_req_pre"": ""0"", ""buy_7th_pre_bid"": ""-132000"", ""buy_7th_pre_req"": ""3"", ""buy_7th_pre_req_pre"": ""0"", ""buy_8th_pre_bid"": ""-131900"", ""buy_8th_pre_req"": ""55"", ""buy_8th_pre_req_pre"": ""0"", ""buy_9th_pre_bid"": ""-131700"", ""buy_9th_pre_req"": ""46"", ""buy_9th_pre_req_pre"": ""0"", ""buy_10th_pre_bid"": ""-131600"", ""buy_10th_pre_req"": ""3"", ""buy_10th_pre_req_pre"": ""0"", ""tot_sel_req_jub_pre"": ""0"", ""tot_sel_req"": ""548"", ""tot_buy_req"": ""391"", ""tot_buy_req_jub_pre"": ""--15"", ""ovt_sel_req_pre"": ""0"", ""ovt_sel_req"": ""0"", ""ovt_buy_req"": ""0"", ""ovt_buy_req_pre"": ""0"", ""return_code"": 0, ""return_msg"": ""정상적으로 처리되었습니다""}"
2026-06-10,scan_candidate,023530,,0,main_scan,192700,,192700,192400,192700,191000,-1.1416709911779968,0.15568240788790866,,,,,,"{""bid_req_base_tm"": ""101941"", ""sel_10th_pre_req_pre"": ""0"", ""sel_10th_pre_req"": ""120"", ""sel_10th_pre_bid"": ""+193900"", ""sel_9th_pre_req_pre"": ""0"", ""sel_9th_pre_req"": ""2"", ""sel_9th_pre_bid"": ""+193800"", ""sel_8th_pre_req_pre"": ""0"", ""sel_8th_pre_req"": ""7"", ""sel_8th_pre_bid"": ""+193700"", ""sel_7th_pre_req_pre"": ""0"", ""sel_7th_pre_req"": ""147"", ""sel_7th_pre_bid"": ""+193500"", ""sel_6th_pre_req_pre"": ""0"", ""sel_6th_pre_req"": ""2"", ""sel_6th_pre_bid"": ""+193400"", ""sel_5th_pre_req_pre"": ""0"", ""sel_5th_pre_req"": ""8"", ""sel_5th_pre_bid"": ""+193200"", ""sel_4th_pre_req_pre"": ""0"", ""sel_4th_pre_req"": ""992"", ""sel_4th_pre_bid"": ""+193000"", ""sel_3th_pre_req_pre"": ""0"", ""sel_3th_pre_req"": ""76"", ""sel_3th_pre_bid"": ""+192900"", ""sel_2th_pre_req_pre"": ""0"", ""sel_2th_pre_req"": ""89"", ""sel_2th_pre_bid"": ""+192800"", ""sel_1th_pre_req_pre"": ""0"", ""sel_fpr_req"": ""341"", ""sel_fpr_bid"": ""+192700"", ""buy_fpr_bid"": ""+192400"", ""buy_fpr_req"": ""56"", ""buy_1th_pre_req_pre"": ""0"", ""buy_2th_pre_bid"": ""+192300"", ""buy_2th_pre_req"": ""20"", ""buy_2th_pre_req_pre"": ""--2"", ""buy_3th_pre_bid"": ""+192200"", ""buy_3th_pre_req"": ""74"", ""buy_3th_pre_req_pre"": ""0"", ""buy_4th_pre_bid"": ""+192100"", ""buy_4th_pre_req"": ""1"", ""buy_4th_pre_req_pre"": ""0"", ""buy_5th_pre_bid"": ""+191900"", ""buy_5th_pre_req"": ""29"", ""buy_5th_pre_req_pre"": ""0"", ""buy_6th_pre_bid"": ""+191700"", ""buy_6th_pre_req"": ""1"", ""buy_6th_pre_req_pre"": ""0"", ""buy_7th_pre_bid"": ""+191500"", ""buy_7th_pre_req"": ""2"", ""buy_7th_pre_req_pre"": ""0"", ""buy_8th_pre_bid"": ""+191000"", ""buy_8th_pre_req"": ""1"", ""buy_8th_pre_req_pre"": ""0"", ""buy_9th_pre_bid"": ""+190800"", ""buy_9th_pre_req"": ""2"", ""buy_9th_pre_req_pre"": ""0"", ""buy_10th_pre_bid"": ""+189800"", ""buy_10th_pre_req"": ""1"", ""buy_10th_pre_req_pre"": ""0"", ""tot_sel_req_jub_pre"": ""0"", ""tot_sel_req"": ""1784"", ""tot_buy_req"": ""187"", ""tot_buy_req_jub_pre"": ""--2"", ""ovt_sel_req_pre"": ""0"", ""ovt_sel_req"": ""0"", ""ovt_buy_req"": ""0"", ""ovt_buy_req_pre"": ""0"", ""return_code"": 0, ""return_msg"": ""정상적으로 처리되었습니다""}"
2026-06-10,scan_candidate,175330,,0,main_scan,25650,,25650,25600,25650,25700,0.0,0.1949317738791423,,,,,,"{""bid_req_base_tm"": ""101941"", ""sel_10th_pre_req_pre"": ""0"", ""sel_10th_pre_req"": ""1065"", ""sel_10th_pre_bid"": ""+26100"", ""sel_9th_pre_req_pre"": ""0"", ""sel_9th_pre_req"": ""808"", ""sel_9th_pre_bid"": ""+26050"", ""sel_8th_pre_req_pre"": ""0"", ""sel_8th_pre_req"": ""233"", ""sel_8th_pre_bid"": ""+26000"", ""sel_7th_pre_req_pre"": ""0"", ""sel_7th_pre_req"": ""142"", ""sel_7th_pre_bid"": ""+25950"", ""sel_6th_pre_req_pre"": ""0"", ""sel_6th_pre_req"": ""532"", ""sel_6th_pre_bid"": ""25900"", ""sel_5th_pre_req_pre"": ""0"", ""sel_5th_pre_req"": ""454"", ""sel_5th_pre_bid"": ""-25850"", ""sel_4th_pre_req_pre"": ""0"", ""sel_4th_pre_req"": ""198"", ""sel_4th_pre_bid"": ""-25800"", ""sel_3th_pre_req_pre"": ""0"", ""sel_3th_pre_req"": ""286"", ""sel_3th_pre_bid"": ""-25750"", ""sel_2th_pre_req_pre"": ""0"", ""sel_2th_pre_req"": ""247"", ""sel_2th_pre_bid"": ""-25700"", ""sel_1th_pre_req_pre"": ""0"", ""sel_fpr_req"": ""652"", ""sel_fpr_bid"": ""-25650"", ""buy_fpr_bid"": ""-25600"", ""buy_fpr_req"": ""77"", ""buy_1th_pre_req_pre"": ""+26"", ""buy_2th_pre_bid"": ""-25550"", ""buy_2th_pre_req"": ""1403"", ""buy_2th_pre_req_pre"": ""0"", ""buy_3th_pre_bid"": ""-25500"", ""buy_3th_pre_req"": ""807"", ""buy_3th_pre_req_pre"": ""0"", ""buy_4th_pre_bid"": ""-25450"", ""buy_4th_pre_req"": ""1137"", ""buy_4th_pre_req_pre"": ""0"", ""buy_5th_pre_bid"": ""-25400"", ""buy_5th_pre_req"": ""605"", ""buy_5th_pre_req_pre"": ""0"", ""buy_6th_pre_bid"": ""-25350"", ""buy_6th_pre_req"": ""351"", ""buy_6th_pre_req_pre"": ""0"", ""buy_7th_pre_bid"": ""-25300"", ""buy_7th_pre_req"": ""389"", ""buy_7th_pre_req_pre"": ""0"", ""buy_8th_pre_bid"": ""-25250"", ""buy_8th_pre_req"": ""484"", ""buy_8th_pre_req_pre"": ""0"", ""buy_9th_pre_bid"": ""-25200"", ""buy_9th_pre_req"": ""301"", ""buy_9th_pre_req_pre"": ""0"", ""buy_10th_pre_bid"": ""-25150"", ""buy_10th_pre_req"": ""804"", ""buy_10th_pre_req_pre"": ""0"", ""tot_sel_req_jub_pre"": ""0"", ""tot_sel_req"": ""4617"", ""tot_buy_req"": ""6358"", ""tot_buy_req_jub_pre"": ""+26"", ""ovt_sel_req_pre"": ""0"", ""ovt_sel_req"": ""0"", ""ovt_buy_req"": ""0"", ""ovt_buy_req_pre"": ""0"", ""return_code"": 0, ""return_msg"": ""정상적으로 처리되었습니다""}"
2026-06-10,scan_candidate,088350,,0,main_scan,4935,,4935,4930,4935,4915,-0.5065856129685917,0.10131712259371835,,,,,,"{""bid_req_base_tm"": ""101943"", ""sel_10th_pre_req_pre"": ""0"", ""sel_10th_pre_req"": ""2086"", ""sel_10th_pre_bid"": ""-4980"", ""sel_9th_pre_req_pre"": ""0"", ""sel_9th_pre_req"": ""3998"", ""sel_9th_pre_bid"": ""-4975"", ""sel_8th_pre_req_pre"": ""0"", ""sel_8th_pre_req"": ""3015"", ""sel_8th_pre_bid"": ""-4970"", ""sel_7th_pre_req_pre"": ""0"", ""sel_7th_pre_req"": ""1179"", ""sel_7th_pre_bid"": ""-4965"", ""sel_6th_pre_req_pre"": ""0"", ""sel_6th_pre_req"": ""4372"", ""sel_6th_pre_bid"": ""-4960"", ""sel_5th_pre_req_pre"": ""0"", ""sel_5th_pre_req"": ""1019"", ""sel_5th_pre_bid"": ""-4955"", ""sel_4th_pre_req_pre"": ""0"", ""sel_4th_pre_req"": ""5141"", ""sel_4th_pre_bid"": ""-4950"", ""sel_3th_pre_req_pre"": ""0"", ""sel_3th_pre_req"": ""1383"", ""sel_3th_pre_bid"": ""-4945"", ""sel_2th_pre_req_pre"": ""0"", ""sel_2th_pre_req"": ""2304"", ""sel_2th_pre_bid"": ""-4940"", ""sel_1th_pre_req_pre"": ""0"", ""sel_fpr_req"": ""756"", ""sel_fpr_bid"": ""-4935"", ""buy_fpr_bid"": ""-4930"", ""buy_fpr_req"": ""868"", ""buy_1th_pre_req_pre"": ""0"", ""buy_2th_pre_bid"": ""-4925"", ""buy_2th_pre_req"": ""270"", ""buy_2th_pre_req_pre"": ""0"", ""buy_3th_pre_bid"": ""-4920"", ""buy_3th_pre_req"": ""1250"", ""buy_3th_pre_req_pre"": ""+20"", ""buy_4th_pre_bid"": ""-4915"", ""buy_4th_pre_req"": ""1663"", ""buy_4th_pre_req_pre"": ""0"", ""buy_5th_pre_bid"": ""-4910"", ""buy_5th_pre_req"": ""17"", ""buy_5th_pre_req_pre"": ""0"", ""buy_6th_pre_bid"": ""-4905"", ""buy_6th_pre_req"": ""279"", ""buy_6th_pre_req_pre"": ""0"", ""buy_7th_pre_bid"": ""-4900"", ""buy_7th_pre_req"": ""109"", ""buy_7th_pre_req_pre"": ""0"", ""buy_8th_pre_bid"": ""-4895"", ""buy_8th_pre_req"": ""1"", ""buy_8th_pre_req_pre"": ""0"", ""buy_9th_pre_bid"": ""-4890"", ""buy_9th_pre_req"": ""37"", ""buy_9th_pre_req_pre"": ""0"", ""buy_10th_pre_bid"": ""-4885"", ""buy_10th_pre_req"": ""1558"", ""buy_10th_pre_req_pre"": ""0"", ""tot_sel_req_jub_pre"": ""0"", ""tot_sel_req"": ""25253"", ""tot_buy_req"": ""6052"", ""tot_buy_req_jub_pre"": ""+20"", ""ovt_sel_req_pre"": ""0"", ""ovt_sel_req"": ""0"", ""ovt_buy_req"": ""0"", ""ovt_buy_req_pre"": ""0"", ""return_code"": 0, ""return_msg"": ""정상적으로 처리되었습니다""}"
2026-06-10,scan_candidate,069960,,0,main_scan,164200,,164200,164100,164200,164500,-0.12180267965895249,0.06090133982947624,,,,,,"{""bid_req_base_tm"": ""101944"", ""sel_10th_pre_req_pre"": ""0"", ""sel_10th_pre_req"": ""122"", ""sel_10th_pre_bid"": ""-165800"", ""sel_9th_pre_req_pre"": ""0"", ""sel_9th_pre_req"": ""1"", ""sel_9th_pre_bid"": ""-165700"", ""sel_8th_pre_req_pre"": ""0"", ""sel_8th_pre_req"": ""1"", ""sel_8th_pre_bid"": ""-165600"", ""sel_7th_pre_req_pre"": ""0"", ""sel_7th_pre_req"": ""1"", ""sel_7th_pre_bid"": ""-165500"", ""sel_6th_pre_req_pre"": ""0"", ""sel_6th_pre_req"": ""16"", ""sel_6th_pre_bid"": ""-165400"", ""sel_5th_pre_req_pre"": ""0"", ""sel_5th_pre_req"": ""1"", ""sel_5th_pre_bid"": ""-165200"", ""sel_4th_pre_req_pre"": ""0"", ""sel_4th_pre_req"": ""8"", ""sel_4th_pre_bid"": ""-164800"", ""sel_3th_pre_req_pre"": ""0"", ""sel_3th_pre_req"": ""4"", ""sel_3th_pre_bid"": ""-164400"", ""sel_2th_pre_req_pre"": ""0"", ""sel_2th_pre_req"": ""18"", ""sel_2th_pre_bid"": ""-164300"", ""sel_1th_pre_req_pre"": ""0"", ""sel_fpr_req"": ""72"", ""sel_fpr_bid"": ""-164200"", ""buy_fpr_bid"": ""-164100"", ""buy_fpr_req"": ""3"", ""buy_1th_pre_req_pre"": ""--1"", ""buy_2th_pre_bid"": ""-164000"", ""buy_2th_pre_req"": ""18"", ""buy_2th_pre_req_pre"": ""0"", ""buy_3th_pre_bid"": ""-163900"", ""buy_3th_pre_req"": ""78"", ""buy_3th_pre_req_pre"": ""0"", ""buy_4th_pre_bid"": ""-163800"", ""buy_4th_pre_req"": ""189"", ""buy_4th_pre_req_pre"": ""0"", ""buy_5th_pre_bid"": ""-163500"", ""buy_5th_pre_req"": ""5"", ""buy_5th_pre_req_pre"": ""0"", ""buy_6th_pre_bid"": ""-163200"", ""buy_6th_pre_req"": ""2"", ""buy_6th_pre_req_pre"": ""0"", ""buy_7th_pre_bid"": ""-162900"", ""buy_7th_pre_req"": ""10"", ""buy_7th_pre_req_pre"": ""0"", ""buy_8th_pre_bid"": ""-162600"", ""buy_8th_pre_req"": ""7"", ""buy_8th_pre_req_pre"": ""0"", ""buy_9th_pre_bid"": ""-162500"", ""buy_9th_pre_req"": ""4"", ""buy_9th_pre_req_pre"": ""0"", ""buy_10th_pre_bid"": ""-162400"", ""buy_10th_pre_req"": ""3"", ""buy_10th_pre_req_pre"": ""0"", ""tot_sel_req_jub_pre"": ""0"", ""tot_sel_req"": ""244"", ""tot_buy_req"": ""319"", ""tot_buy_req_jub_pre"": ""--1"", ""ovt_sel_req_pre"": ""0"", ""ovt_sel_req"": ""0"", ""ovt_buy_req"": ""0"", ""ovt_buy_req_pre"": ""0"", ""return_code"": 0, ""return_msg"": ""정상적으로 처리되었습니다""}"
2026-06-10,scan_candidate,111770,,0,main_scan,78700,,78700,78600,78700,78700,-0.12706480304955528,0.12706480304955528,,,,,,"{""bid_req_base_tm"": ""101942"", ""sel_10th_pre_req_pre"": ""0"", ""sel_10th_pre_req"": ""131"", ""sel_10th_pre_bid"": ""+79900"", ""sel_9th_pre_req_pre"": ""0"", ""sel_9th_pre_req"": ""3"", ""sel_9th_pre_bid"": ""+79800"", ""sel_8th_pre_req_pre"": ""0"", ""sel_8th_pre_req"": ""11"", ""sel_8th_pre_bid"": ""+79700"", ""sel_7th_pre_req_pre"": ""0"", ""sel_7th_pre_req"": ""2"", ""sel_7th_pre_bid"": ""+79600"", ""sel_6th_pre_req_pre"": ""0"", ""sel_6th_pre_req"": ""1"", ""sel_6th_pre_bid"": ""+79500"", ""sel_5th_pre_req_pre"": ""0"", ""sel_5th_pre_req"": ""22"", ""sel_5th_pre_bid"": ""+79200"", ""sel_4th_pre_req_pre"": ""0"", ""sel_4th_pre_req"": ""31"", ""sel_4th_pre_bid"": ""+79100"", ""sel_3th_pre_req_pre"": ""0"", ""sel_3th_pre_req"": ""124"", ""sel_3th_pre_bid"": ""+79000"", ""sel_2th_pre_req_pre"": ""0"", ""sel_2th_pre_req"": ""28"", ""sel_2th_pre_bid"": ""+78800"", ""sel_1th_pre_req_pre"": ""0"", ""sel_fpr_req"": ""80"", ""sel_fpr_bid"": ""+78700"", ""buy_fpr_bid"": ""+78600"", ""buy_fpr_req"": ""135"", ""buy_1th_pre_req_pre"": ""--3"", ""buy_2th_pre_bid"": ""+78500"", ""buy_2th_pre_req"": ""8"", ""buy_2th_pre_req_pre"": ""0"", ""buy_3th_pre_bid"": ""+78300"", ""buy_3th_pre_req"": ""12"", ""buy_3th_pre_req_pre"": ""0"", ""buy_4th_pre_bid"": ""+78200"", ""buy_4th_pre_req"": ""11"", ""buy_4th_pre_req_pre"": ""0"", ""buy_5th_pre_bid"": ""+78100"", ""buy_5th_pre_req"": ""19"", ""buy_5th_pre_req_pre"": ""0"", ""buy_6th_pre_bid"": ""78000"", ""buy_6th_pre_req"": ""63"", ""buy_6th_pre_req_pre"": ""0"", ""buy_7th_pre_bid"": ""-77900"", ""buy_7th_pre_req"": ""47"", ""buy_7th_pre_req_pre"": ""0"", ""buy_8th_pre_bid"": ""-77800"", ""buy_8th_pre_req"": ""7"", ""buy_8th_pre_req_pre"": ""0"", ""buy_9th_pre_bid"": ""-77700"", ""buy_9th_pre_req"": ""7"", ""buy_9th_pre_req_pre"": ""0"", ""buy_10th_pre_bid"": ""-77500"", ""buy_10th_pre_req"": ""1"", ""buy_10th_pre_req_pre"": ""0"", ""tot_sel_req_jub_pre"": ""0"", ""tot_sel_req"": ""433"", ""tot_buy_req"": ""310"", ""tot_buy_req_jub_pre"": ""--3"", ""ovt_sel_req_pre"": ""0"", ""ovt_sel_req"": ""0"", ""ovt_buy_req"": ""0"", ""ovt_buy_req_pre"": ""0"", ""return_code"": 0, ""return_msg"": ""정상적으로 처리되었습니다""}"
2026-06-10,scan_candidate,489790,,0,main_scan,70200,,70200,70100,70200,69800,-0.7122507122507122,0.14245014245014245,,,,,,"{""bid_req_base_tm"": ""101944"", ""sel_10th_pre_req_pre"": ""0"", ""sel_10th_pre_req"": ""551"", ""sel_10th_pre_bid"": ""+71100"", ""sel_9th_pre_req_pre"": ""0"", ""sel_9th_pre_req"": ""1516"", ""sel_9th_pre_bid"": ""+71000"", ""sel_8th_pre_req_pre"": ""0"", ""sel_8th_pre_req"": ""642"", ""sel_8th_pre_bid"": ""+70900"", ""sel_7th_pre_req_pre"": ""0"", ""sel_7th_pre_req"": ""38"", ""sel_7th_pre_bid"": ""+70800"", ""sel_6th_pre_req_pre"": ""0"", ""sel_6th_pre_req"": ""1071"", ""sel_6th_pre_bid"": ""+70700"", ""sel_5th_pre_req_pre"": ""0"", ""sel_5th_pre_req"": ""191"", ""sel_5th_pre_bid"": ""+70600"", ""sel_4th_pre_req_pre"": ""0"", ""sel_4th_pre_req"": ""10966"", ""sel_4th_pre_bid"": ""+70500"", ""sel_3th_pre_req_pre"": ""0"", ""sel_3th_pre_req"": ""254"", ""sel_3th_pre_bid"": ""+70400"", ""sel_2th_pre_req_pre"": ""0"", ""sel_2th_pre_req"": ""52"", ""sel_2th_pre_bid"": ""+70300"", ""sel_1th_pre_req_pre"": ""0"", ""sel_fpr_req"": ""41"", ""sel_fpr_bid"": ""+70200"", ""buy_fpr_bid"": ""+70100"", ""buy_fpr_req"": ""191"", ""buy_1th_pre_req_pre"": ""--1"", ""buy_2th_pre_bid"": ""+70000"", ""buy_2th_pre_req"": ""256"", ""buy_2th_pre_req_pre"": ""0"", ""buy_3th_pre_bid"": ""+69900"", ""buy_3th_pre_req"": ""141"", ""buy_3th_pre_req_pre"": ""0"", ""buy_4th_pre_bid"": ""+69800"", ""buy_4th_pre_req"": ""86"", ""buy_4th_pre_req_pre"": ""0"", ""buy_5th_pre_bid"": ""+69700"", ""buy_5th_pre_req"": ""55"", ""buy_5th_pre_req_pre"": ""0"", ""buy_6th_pre_bid"": ""+69600"", ""buy_6th_pre_req"": ""69"", ""buy_6th_pre_req_pre"": ""0"", ""buy_7th_pre_bid"": ""+69500"", ""buy_7th_pre_req"": ""40"", ""buy_7th_pre_req_pre"": ""0"", ""buy_8th_pre_bid"": ""+69400"", ""buy_8th_pre_req"": ""114"", ""buy_8th_pre_req_pre"": ""0"", ""buy_9th_pre_bid"": ""+69300"", ""buy_9th_pre_req"": ""2"", ""buy_9th_pre_req_pre"": ""0"", ""buy_10th_pre_bid"": ""+69200"", ""buy_10th_pre_req"": ""229"", ""buy_10th_pre_req_pre"": ""0"", ""tot_sel_req_jub_pre"": ""0"", ""tot_sel_req"": ""15322"", ""tot_buy_req"": ""1183"", ""tot_buy_req_jub_pre"": ""--1"", ""ovt_sel_req_pre"": ""0"", ""ovt_sel_req"": ""0"", ""ovt_buy_req"": ""0"", ""ovt_buy_req_pre"": ""0"", ""return_code"": 0, ""return_msg"": ""정상적으로 처리되었습니다""}"
2026-06-10,scan_candidate,085620,,0,main_scan,22450,,22450,22350,22450,22450,-0.22271714922048996,0.4454342984409799,,,,,,"{""bid_req_base_tm"": ""101945"", ""sel_10th_pre_req_pre"": ""0"", ""sel_10th_pre_req"": ""952"", ""sel_10th_pre_bid"": ""-22900"", ""sel_9th_pre_req_pre"": ""0"", ""sel_9th_pre_req"": ""2042"", ""sel_9th_pre_bid"": ""-22850"", ""sel_8th_pre_req_pre"": ""0"", ""sel_8th_pre_req"": ""1945"", ""sel_8th_pre_bid"": ""-22800"", ""sel_7th_pre_req_pre"": ""0"", ""sel_7th_pre_req"": ""300"", ""sel_7th_pre_bid"": ""-22750"", ""sel_6th_pre_req_pre"": ""0"", ""sel_6th_pre_req"": ""1365"", ""sel_6th_pre_bid"": ""-22700"", ""sel_5th_pre_req_pre"": ""0"", ""sel_5th_pre_req"": ""1197"", ""sel_5th_pre_bid"": ""-22650"", ""sel_4th_pre_req_pre"": ""0"", ""sel_4th_pre_req"": ""337"", ""sel_4th_pre_bid"": ""-22600"", ""sel_3th_pre_req_pre"": ""0"", ""sel_3th_pre_req"": ""1255"", ""sel_3th_pre_bid"": ""-22550"", ""sel_2th_pre_req_pre"": ""0"", ""sel_2th_pre_req"": ""1143"", ""sel_2th_pre_bid"": ""-22500"", ""sel_1th_pre_req_pre"": ""0"", ""sel_fpr_req"": ""788"", ""sel_fpr_bid"": ""-22450"", ""buy_fpr_bid"": ""-22350"", ""buy_fpr_req"": ""205"", ""buy_1th_pre_req_pre"": ""+25"", ""buy_2th_pre_bid"": ""-22300"", ""buy_2th_pre_req"": ""753"", ""buy_2th_pre_req_pre"": ""0"", ""buy_3th_pre_bid"": ""-22250"", ""buy_3th_pre_req"": ""935"", ""buy_3th_pre_req_pre"": ""0"", ""buy_4th_pre_bid"": ""-22200"", ""buy_4th_pre_req"": ""1978"", ""buy_4th_pre_req_pre"": ""0"", ""buy_5th_pre_bid"": ""-22150"", ""buy_5th_pre_req"": ""2276"", ""buy_5th_pre_req_pre"": ""0"", ""buy_6th_pre_bid"": ""-22100"", ""buy_6th_pre_req"": ""1169"", ""buy_6th_pre_req_pre"": ""0"", ""buy_7th_pre_bid"": ""-22050"", ""buy_7th_pre_req"": ""2554"", ""buy_7th_pre_req_pre"": ""0"", ""buy_8th_pre_bid"": ""-22000"", ""buy_8th_pre_req"": ""2231"", ""buy_8th_pre_req_pre"": ""0"", ""buy_9th_pre_bid"": ""-21950"", ""buy_9th_pre_req"": ""2447"", ""buy_9th_pre_req_pre"": ""0"", ""buy_10th_pre_bid"": ""-21900"", ""buy_10th_pre_req"": ""2850"", ""buy_10th_pre_req_pre"": ""0"", ""tot_sel_req_jub_pre"": ""0"", ""tot_sel_req"": ""11324"", ""tot_buy_req"": ""17398"", ""tot_buy_req_jub_pre"": ""+25"", ""ovt_sel_req_pre"": ""0"", ""ovt_sel_req"": ""0"", ""ovt_buy_req"": ""0"", ""ovt_buy_req_pre"": ""0"", ""return_code"": 0, ""return_msg"": ""정상적으로 처리되었습니다""}"
2026-06-10,scan_candidate,001450,,0,main_scan,38000,,38000,37950,38000,37950,-0.2631578947368421,0.13157894736842105,,,,,,"{""bid_req_base_tm"": ""101944"", ""sel_10th_pre_req_pre"": ""0"", ""sel_10th_pre_req"": ""5035"", ""sel_10th_pre_bid"": ""+38450"", ""sel_9th_pre_req_pre"": ""0"", ""sel_9th_pre_req"": ""815"", ""sel_9th_pre_bid"": ""+38400"", ""sel_8th_pre_req_pre"": ""0"", ""sel_8th_pre_req"": ""105"", ""sel_8th_pre_bid"": ""+38350"", ""sel_7th_pre_req_pre"": ""0"", ""sel_7th_pre_req"": ""509"", ""sel_7th_pre_bid"": ""+38300"", ""sel_6th_pre_req_pre"": ""0"", ""sel_6th_pre_req"": ""12"", ""sel_6th_pre_bid"": ""+38250"", ""sel_5th_pre_req_pre"": ""0"", ""sel_5th_pre_req"": ""54"", ""sel_5th_pre_bid"": ""+38200"", ""sel_4th_pre_req_pre"": ""0"", ""sel_4th_pre_req"": ""2"", ""sel_4th_pre_bid"": ""+38150"", ""sel_3th_pre_req_pre"": ""0"", ""sel_3th_pre_req"": ""60"", ""sel_3th_pre_bid"": ""+38100"", ""sel_2th_pre_req_pre"": ""0"", ""sel_2th_pre_req"": ""639"", ""sel_2th_pre_bid"": ""+38050"", ""sel_1th_pre_req_pre"": ""0"", ""sel_fpr_req"": ""396"", ""sel_fpr_bid"": ""+38000"", ""buy_fpr_bid"": ""+37950"", ""buy_fpr_req"": ""313"", ""buy_1th_pre_req_pre"": ""+113"", ""buy_2th_pre_bid"": ""+37900"", ""buy_2th_pre_req"": ""184"", ""buy_2th_pre_req_pre"": ""0"", ""buy_3th_pre_bid"": ""+37850"", ""buy_3th_pre_req"": ""790"", ""buy_3th_pre_req_pre"": ""0"", ""buy_4th_pre_bid"": ""+37800"", ""buy_4th_pre_req"": ""418"", ""buy_4th_pre_req_pre"": ""0"", ""buy_5th_pre_bid"": ""+37750"", ""buy_5th_pre_req"": ""642"", ""buy_5th_pre_req_pre"": ""0"", ""buy_6th_pre_bid"": ""+37700"", ""buy_6th_pre_req"": ""859"", ""buy_6th_pre_req_pre"": ""0"", ""buy_7th_pre_bid"": ""+37650"", ""buy_7th_pre_req"": ""152"", ""buy_7th_pre_req_pre"": ""0"", ""buy_8th_pre_bid"": ""+37600"", ""buy_8th_pre_req"": ""1699"", ""buy_8th_pre_req_pre"": ""0"", ""buy_9th_pre_bid"": ""+37550"", ""buy_9th_pre_req"": ""138"", ""buy_9th_pre_req_pre"": ""0"", ""buy_10th_pre_bid"": ""+37500"", ""buy_10th_pre_req"": ""404"", ""buy_10th_pre_req_pre"": ""0"", ""tot_sel_req_jub_pre"": ""0"", ""tot_sel_req"": ""7627"", ""tot_buy_req"": ""5599"", ""tot_buy_req_jub_pre"": ""+113"", ""ovt_sel_req_pre"": ""0"", ""ovt_sel_req"": ""0"", ""ovt_buy_req"": ""0"", ""ovt_buy_req_pre"": ""0"", ""return_code"": 0, ""return_msg"": ""정상적으로 처리되었습니다""}"
2026-06-10,scan_candidate,036460,,0,main_scan,34400,,34400,34350,34400,34400,-0.14534883720930233,0.14534883720930233,,,,,,"{""bid_req_base_tm"": ""101944"", ""sel_10th_pre_req_pre"": ""0"", ""sel_10th_pre_req"": ""530"", ""sel_10th_pre_bid"": ""+34850"", ""sel_9th_pre_req_pre"": ""0"", ""sel_9th_pre_req"": ""18"", ""sel_9th_pre_bid"": ""+34800"", ""sel_8th_pre_req_pre"": ""0"", ""sel_8th_pre_req"": ""611"", ""sel_8th_pre_bid"": ""+34750"", ""sel_7th_pre_req_pre"": ""0"", ""sel_7th_pre_req"": ""79"", ""sel_7th_pre_bid"": ""+34700"", ""sel_6th_pre_req_pre"": ""0"", ""sel_6th_pre_req"": ""271"", ""sel_6th_pre_bid"": ""+34650"", ""sel_5th_pre_req_pre"": ""0"", ""sel_5th_pre_req"": ""638"", ""sel_5th_pre_bid"": ""+34600"", ""sel_4th_pre_req_pre"": ""0"", ""sel_4th_pre_req"": ""256"", ""sel_4th_pre_bid"": ""+34550"", ""sel_3th_pre_req_pre"": ""0"", ""sel_3th_pre_req"": ""712"", ""sel_3th_pre_bid"": ""+34500"", ""sel_2th_pre_req_pre"": ""0"", ""sel_2th_pre_req"": ""470"", ""sel_2th_pre_bid"": ""+34450"", ""sel_1th_pre_req_pre"": ""0"", ""sel_fpr_req"": ""182"", ""sel_fpr_bid"": ""+34400"", ""buy_fpr_bid"": ""+34350"", ""buy_fpr_req"": ""392"", ""buy_1th_pre_req_pre"": ""0"", ""buy_2th_pre_bid"": ""+34300"", ""buy_2th_pre_req"": ""60"", ""buy_2th_pre_req_pre"": ""0"", ""buy_3th_pre_bid"": ""+34250"", ""buy_3th_pre_req"": ""673"", ""buy_3th_pre_req_pre"": ""0"", ""buy_4th_pre_bid"": ""+34200"", ""buy_4th_pre_req"": ""525"", ""buy_4th_pre_req_pre"": ""0"", ""buy_5th_pre_bid"": ""+34150"", ""buy_5th_pre_req"": ""341"", ""buy_5th_pre_req_pre"": ""0"", ""buy_6th_pre_bid"": ""+34100"", ""buy_6th_pre_req"": ""439"", ""buy_6th_pre_req_pre"": ""0"", ""buy_7th_pre_bid"": ""+34050"", ""buy_7th_pre_req"": ""1118"", ""buy_7th_pre_req_pre"": ""0"", ""buy_8th_pre_bid"": ""34000"", ""buy_8th_pre_req"": ""2985"", ""buy_8th_pre_req_pre"": ""0"", ""buy_9th_pre_bid"": ""-33950"", ""buy_9th_pre_req"": ""854"", ""buy_9th_pre_req_pre"": ""0"", ""buy_10th_pre_bid"": ""-33900"", ""buy_10th_pre_req"": ""831"", ""buy_10th_pre_req_pre"": ""0"", ""tot_sel_req_jub_pre"": ""0"", ""tot_sel_req"": ""3767"", ""tot_buy_req"": ""8218"", ""tot_buy_req_jub_pre"": ""0"", ""ovt_sel_req_pre"": ""0"", ""ovt_sel_req"": ""0"", ""ovt_buy_req"": ""0"", ""ovt_buy_req_pre"": ""0"", ""return_code"": 0, ""return_msg"": ""정상적으로 처리되었습니다""}"
2026-06-10,scan_candidate,007810,,0,main_scan,121400,,121400,121300,121400,121000,-0.7413509060955519,0.08237232289950577,,,,,,"{""bid_req_base_tm"": ""101945"", ""sel_10th_pre_req_pre"": ""0"", ""sel_10th_pre_req"": ""29"", ""sel_10th_pre_bid"": ""+122500"", ""sel_9th_pre_req_pre"": ""0"", ""sel_9th_pre_req"": ""21"", ""sel_9th_pre_bid"": ""+122400"", ""sel_8th_pre_req_pre"": ""0"", ""sel_8th_pre_req"": ""7"", ""sel_8th_pre_bid"": ""+122300"", ""sel_7th_pre_req_pre"": ""0"", ""sel_7th_pre_req"": ""567"", ""sel_7th_pre_bid"": ""+122200"", ""sel_6th_pre_req_pre"": ""0"", ""sel_6th_pre_req"": ""125"", ""sel_6th_pre_bid"": ""+122100"", ""sel_5th_pre_req_pre"": ""0"", ""sel_5th_pre_req"": ""72"", ""sel_5th_pre_bid"": ""+122000"", ""sel_4th_pre_req_pre"": ""0"", ""sel_4th_pre_req"": ""79"", ""sel_4th_pre_bid"": ""+121900"", ""sel_3th_pre_req_pre"": ""0"", ""sel_3th_pre_req"": ""48"", ""sel_3th_pre_bid"": ""+121700"", ""sel_2th_pre_req_pre"": ""0"", ""sel_2th_pre_req"": ""18"", ""sel_2th_pre_bid"": ""+121500"", ""sel_1th_pre_req_pre"": ""0"", ""sel_fpr_req"": ""30"", ""sel_fpr_bid"": ""+121400"", ""buy_fpr_bid"": ""+121300"", ""buy_fpr_req"": ""27"", ""buy_1th_pre_req_pre"": ""0"", ""buy_2th_pre_bid"": ""+121200"", ""buy_2th_pre_req"": ""136"", ""buy_2th_pre_req_pre"": ""0"", ""buy_3th_pre_bid"": ""+121100"", ""buy_3th_pre_req"": ""212"", ""buy_3th_pre_req_pre"": ""0"", ""buy_4th_pre_bid"": ""+121000"", ""buy_4th_pre_req"": ""165"", ""buy_4th_pre_req_pre"": ""0"", ""buy_5th_pre_bid"": ""+120900"", ""buy_5th_pre_req"": ""23"", ""buy_5th_pre_req_pre"": ""0"", ""buy_6th_pre_bid"": ""+120800"", ""buy_6th_pre_req"": ""32"", ""buy_6th_pre_req_pre"": ""0"", ""buy_7th_pre_bid"": ""+120700"", ""buy_7th_pre_req"": ""61"", ""buy_7th_pre_req_pre"": ""0"", ""buy_8th_pre_bid"": ""+120600"", ""buy_8th_pre_req"": ""140"", ""buy_8th_pre_req_pre"": ""0"", ""buy_9th_pre_bid"": ""+120500"", ""buy_9th_pre_req"": ""64"", ""buy_9th_pre_req_pre"": ""0"", ""buy_10th_pre_bid"": ""+120400"", ""buy_10th_pre_req"": ""39"", ""buy_10th_pre_req_pre"": ""0"", ""tot_sel_req_jub_pre"": ""0"", ""tot_sel_req"": ""996"", ""tot_buy_req"": ""899"", ""tot_buy_req_jub_pre"": ""0"", ""ovt_sel_req_pre"": ""0"", ""ovt_sel_req"": ""0"", ""ovt_buy_req"": ""0"", ""ovt_buy_req_pre"": ""0"", ""return_code"": 0, ""return_msg"": ""정상적으로 처리되었습니다""}"
2026-06-10,scan_candidate,001740,,0,main_scan,14100,,14100,14080,14100,14050,-0.7092198581560284,0.14184397163120568,,,,,,"{""bid_req_base_tm"": ""101945"", ""sel_10th_pre_req_pre"": ""0"", ""sel_10th_pre_req"": ""3938"", ""sel_10th_pre_bid"": ""-14190"", ""sel_9th_pre_req_pre"": ""0"", ""sel_9th_pre_req"": ""1190"", ""sel_9th_pre_bid"": ""-14180"", ""sel_8th_pre_req_pre"": ""0"", ""sel_8th_pre_req"": ""374"", ""sel_8th_pre_bid"": ""-14170"", ""sel_7th_pre_req_pre"": ""0"", ""sel_7th_pre_req"": ""2055"", ""sel_7th_pre_bid"": ""-14160"", ""sel_6th_pre_req_pre"": ""0"", ""sel_6th_pre_req"": ""11838"", ""sel_6th_pre_bid"": ""-14150"", ""sel_5th_pre_req_pre"": ""0"", ""sel_5th_pre_req"": ""1588"", ""sel_5th_pre_bid"": ""-14140"", ""sel_4th_pre_req_pre"": ""0"", ""sel_4th_pre_req"": ""1409"", ""sel_4th_pre_bid"": ""-14130"", ""sel_3th_pre_req_pre"": ""0"", ""sel_3th_pre_req"": ""451"", ""sel_3th_pre_bid"": ""-14120"", ""sel_2th_pre_req_pre"": ""0"", ""sel_2th_pre_req"": ""561"", ""sel_2th_pre_bid"": ""-14110"", ""sel_1th_pre_req_pre"": ""0"", ""sel_fpr_req"": ""172"", ""sel_fpr_bid"": ""-14100"", ""buy_fpr_bid"": ""-14080"", ""buy_fpr_req"": ""698"", ""buy_1th_pre_req_pre"": ""0"", ""buy_2th_pre_bid"": ""-14070"", ""buy_2th_pre_req"": ""536"", ""buy_2th_pre_req_pre"": ""0"", ""buy_3th_pre_bid"": ""-14060"", ""buy_3th_pre_req"": ""702"", ""buy_3th_pre_req_pre"": ""0"", ""buy_4th_pre_bid"": ""-14050"", ""buy_4th_pre_req"": ""1039"", ""buy_4th_pre_req_pre"": ""0"", ""buy_5th_pre_bid"": ""-14040"", ""buy_5th_pre_req"": ""2021"", ""buy_5th_pre_req_pre"": ""0"", ""buy_6th_pre_bid"": ""-14030"", ""buy_6th_pre_req"": ""83"", ""buy_6th_pre_req_pre"": ""0"", ""buy_7th_pre_bid"": ""-14020"", ""buy_7th_pre_req"": ""2324"", ""buy_7th_pre_req_pre"": ""0"", ""buy_8th_pre_bid"": ""-14010"", ""buy_8th_pre_req"": ""474"", ""buy_8th_pre_req_pre"": ""0"", ""buy_9th_pre_bid"": ""-14000"", ""buy_9th_pre_req"": ""2469"", ""buy_9th_pre_req_pre"": ""0"", ""buy_10th_pre_bid"": ""-13990"", ""buy_10th_pre_req"": ""3998"", ""buy_10th_pre_req_pre"": ""0"", ""tot_sel_req_jub_pre"": ""0"", ""tot_sel_req"": ""23576"", ""tot_buy_req"": ""14344"", ""tot_buy_req_jub_pre"": ""0"", ""ovt_sel_req_pre"": ""0"", ""ovt_sel_req"": ""0"", ""ovt_buy_req"": ""0"", ""ovt_buy_req_pre"": ""0"", ""return_code"": 0, ""return_msg"": ""정상적으로 처리되었습니다""}"
2026-06-10,scan_candidate,383220,,0,main_scan,75700,,75700,75400,75700,75800,0.0,0.3963011889035667,,,,,,"{""bid_req_base_tm"": ""101945"", ""sel_10th_pre_req_pre"": ""0"", ""sel_10th_pre_req"": ""19"", ""sel_10th_pre_bid"": ""+76700"", ""sel_9th_pre_req_pre"": ""0"", ""sel_9th_pre_req"": ""31"", ""sel_9th_pre_bid"": ""+76600"", ""sel_8th_pre_req_pre"": ""0"", ""sel_8th_pre_req"": ""4"", ""sel_8th_pre_bid"": ""+76500"", ""sel_7th_pre_req_pre"": ""0"", ""sel_7th_pre_req"": ""2"", ""sel_7th_pre_bid"": ""+76400"", ""sel_6th_pre_req_pre"": ""0"", ""sel_6th_pre_req"": ""100"", ""sel_6th_pre_bid"": ""+76300"", ""sel_5th_pre_req_pre"": ""0"", ""sel_5th_pre_req"": ""1"", ""sel_5th_pre_bid"": ""+76200"", ""sel_4th_pre_req_pre"": ""0"", ""sel_4th_pre_req"": ""122"", ""sel_4th_pre_bid"": ""+76000"", ""sel_3th_pre_req_pre"": ""0"", ""sel_3th_pre_req"": ""101"", ""sel_3th_pre_bid"": ""+75900"", ""sel_2th_pre_req_pre"": ""0"", ""sel_2th_pre_req"": ""17"", ""sel_2th_pre_bid"": ""+75800"", ""sel_1th_pre_req_pre"": ""0"", ""sel_fpr_req"": ""77"", ""sel_fpr_bid"": ""+75700"", ""buy_fpr_bid"": ""+75400"", ""buy_fpr_req"": ""16"", ""buy_1th_pre_req_pre"": ""+2"", ""buy_2th_pre_bid"": ""+75300"", ""buy_2th_pre_req"": ""174"", ""buy_2th_pre_req_pre"": ""0"", ""buy_3th_pre_bid"": ""+75200"", ""buy_3th_pre_req"": ""49"", ""buy_3th_pre_req_pre"": ""0"", ""buy_4th_pre_bid"": ""+75100"", ""buy_4th_pre_req"": ""46"", ""buy_4th_pre_req_pre"": ""0"", ""buy_5th_pre_bid"": ""+75000"", ""buy_5th_pre_req"": ""240"", ""buy_5th_pre_req_pre"": ""0"", ""buy_6th_pre_bid"": ""+74900"", ""buy_6th_pre_req"": ""10"", ""buy_6th_pre_req_pre"": ""0"", ""buy_7th_pre_bid"": ""+74800"", ""buy_7th_pre_req"": ""9"", ""buy_7th_pre_req_pre"": ""0"", ""buy_8th_pre_bid"": ""+74700"", ""buy_8th_pre_req"": ""15"", ""buy_8th_pre_req_pre"": ""0"", ""buy_9th_pre_bid"": ""74600"", ""buy_9th_pre_req"": ""74"", ""buy_9th_pre_req_pre"": ""0"", ""buy_10th_pre_bid"": ""-74500"", ""buy_10th_pre_req"": ""27"", ""buy_10th_pre_req_pre"": ""0"", ""tot_sel_req_jub_pre"": ""0"", ""tot_sel_req"": ""474"", ""tot_buy_req"": ""660"", ""tot_buy_req_jub_pre"": ""+2"", ""ovt_sel_req_pre"": ""0"", ""ovt_sel_req"": ""0"", ""ovt_buy_req"": ""0"", ""ovt_buy_req_pre"": ""0"", ""return_code"": 0, ""return_msg"": ""정상적으로 처리되었습니다""}"
2026-06-10,scan_candidate,014680,,0,main_scan,264500,,264500,264000,264500,262500,-0.945179584120983,0.1890359168241966,,,,,,"{""bid_req_base_tm"": ""101946"", ""sel_10th_pre_req_pre"": ""0"", ""sel_10th_pre_req"": ""105"", ""sel_10th_pre_bid"": ""+269000"", ""sel_9th_pre_req_pre"": ""0"", ""sel_9th_pre_req"": ""11"", ""sel_9th_pre_bid"": ""+268500"", ""sel_8th_pre_req_pre"": ""0"", ""sel_8th_pre_req"": ""49"", ""sel_8th_pre_bid"": ""+268000"", ""sel_7th_pre_req_pre"": ""0"", ""sel_7th_pre_req"": ""33"", ""sel_7th_pre_bid"": ""+267500"", ""sel_6th_pre_req_pre"": ""0"", ""sel_6th_pre_req"": ""8"", ""sel_6th_pre_bid"": ""+267000"", ""sel_5th_pre_req_pre"": ""0"", ""sel_5th_pre_req"": ""16"", ""sel_5th_pre_bid"": ""+266500"", ""sel_4th_pre_req_pre"": ""0"", ""sel_4th_pre_req"": ""15"", ""sel_4th_pre_bid"": ""+266000"", ""sel_3th_pre_req_pre"": ""0"", ""sel_3th_pre_req"": ""39"", ""sel_3th_pre_bid"": ""+265500"", ""sel_2th_pre_req_pre"": ""0"", ""sel_2th_pre_req"": ""200"", ""sel_2th_pre_bid"": ""+265000"", ""sel_1th_pre_req_pre"": ""--1"", ""sel_fpr_req"": ""43"", ""sel_fpr_bid"": ""+264500"", ""buy_fpr_bid"": ""+264000"", ""buy_fpr_req"": ""42"", ""buy_1th_pre_req_pre"": ""0"", ""buy_2th_pre_bid"": ""+263500"", ""buy_2th_pre_req"": ""38"", ""buy_2th_pre_req_pre"": ""0"", ""buy_3th_pre_bid"": ""+263000"", ""buy_3th_pre_req"": ""21"", ""buy_3th_pre_req_pre"": ""0"", ""buy_4th_pre_bid"": ""+262500"", ""buy_4th_pre_req"": ""15"", ""buy_4th_pre_req_pre"": ""0"", ""buy_5th_pre_bid"": ""+262000"", ""buy_5th_pre_req"": ""2"", ""buy_5th_pre_req_pre"": ""0"", ""buy_6th_pre_bid"": ""+261500"", ""buy_6th_pre_req"": ""12"", ""buy_6th_pre_req_pre"": ""0"", ""buy_7th_pre_bid"": ""+261000"", ""buy_7th_pre_req"": ""2"", ""buy_7th_pre_req_pre"": ""0"", ""buy_8th_pre_bid"": ""+260500"", ""buy_8th_pre_req"": ""3"", ""buy_8th_pre_req_pre"": ""0"", ""buy_9th_pre_bid"": ""+260000"", ""buy_9th_pre_req"": ""9"", ""buy_9th_pre_req_pre"": ""0"", ""buy_10th_pre_bid"": ""+259500"", ""buy_10th_pre_req"": ""119"", ""buy_10th_pre_req_pre"": ""0"", ""tot_sel_req_jub_pre"": ""--1"", ""tot_sel_req"": ""519"", ""tot_buy_req"": ""263"", ""tot_buy_req_jub_pre"": ""0"", ""ovt_sel_req_pre"": ""0"", ""ovt_sel_req"": ""0"", ""ovt_buy_req"": ""0"", ""ovt_buy_req_pre"": ""0"", ""return_code"": 0, ""return_msg"": ""정상적으로 처리되었습니다""}"
2026-06-10,scan_candidate,028670,,0,main_scan,5050,,5050,5040,5050,5070,0.19801980198019803,0.19801980198019803,,,,,,"{""bid_req_base_tm"": ""101942"", ""sel_10th_pre_req_pre"": ""0"", ""sel_10th_pre_req"": ""381"", ""sel_10th_pre_bid"": ""-5140"", ""sel_9th_pre_req_pre"": ""0"", ""sel_9th_pre_req"": ""1648"", ""sel_9th_pre_bid"": ""-5130"", ""sel_8th_pre_req_pre"": ""0"", ""sel_8th_pre_req"": ""3359"", ""sel_8th_pre_bid"": ""-5120"", ""sel_7th_pre_req_pre"": ""0"", ""sel_7th_pre_req"": ""902"", ""sel_7th_pre_bid"": ""-5110"", ""sel_6th_pre_req_pre"": ""0"", ""sel_6th_pre_req"": ""111"", ""sel_6th_pre_bid"": ""-5100"", ""sel_5th_pre_req_pre"": ""0"", ""sel_5th_pre_req"": ""671"", ""sel_5th_pre_bid"": ""-5090"", ""sel_4th_pre_req_pre"": ""0"", ""sel_4th_pre_req"": ""2305"", ""sel_4th_pre_bid"": ""-5080"", ""sel_3th_pre_req_pre"": ""0"", ""sel_3th_pre_req"": ""2892"", ""sel_3th_pre_bid"": ""-5070"", ""sel_2th_pre_req_pre"": ""0"", ""sel_2th_pre_req"": ""1657"", ""sel_2th_pre_bid"": ""-5060"", ""sel_1th_pre_req_pre"": ""--5"", ""sel_fpr_req"": ""9825"", ""sel_fpr_bid"": ""-5050"", ""buy_fpr_bid"": ""-5040"", ""buy_fpr_req"": ""8755"", ""buy_1th_pre_req_pre"": ""0"", ""buy_2th_pre_bid"": ""-5030"", ""buy_2th_pre_req"": ""5592"", ""buy_2th_pre_req_pre"": ""0"", ""buy_3th_pre_bid"": ""-5020"", ""buy_3th_pre_req"": ""8456"", ""buy_3th_pre_req_pre"": ""0"", ""buy_4th_pre_bid"": ""-5010"", ""buy_4th_pre_req"": ""5870"", ""buy_4th_pre_req_pre"": ""0"", ""buy_5th_pre_bid"": ""-5000"", ""buy_5th_pre_req"": ""15385"", ""buy_5th_pre_req_pre"": ""0"", ""buy_6th_pre_bid"": ""-4995"", ""buy_6th_pre_req"": ""3773"", ""buy_6th_pre_req_pre"": ""0"", ""buy_7th_pre_bid"": ""-4990"", ""buy_7th_pre_req"": ""2796"", ""buy_7th_pre_req_pre"": ""0"", ""buy_8th_pre_bid"": ""-4985"", ""buy_8th_pre_req"": ""2458"", ""buy_8th_pre_req_pre"": ""0"", ""buy_9th_pre_bid"": ""-4980"", ""buy_9th_pre_req"": ""9347"", ""buy_9th_pre_req_pre"": ""0"", ""buy_10th_pre_bid"": ""-4975"", ""buy_10th_pre_req"": ""295"", ""buy_10th_pre_req_pre"": ""0"", ""tot_sel_req_jub_pre"": ""--5"", ""tot_sel_req"": ""23751"", ""tot_buy_req"": ""62727"", ""tot_buy_req_jub_pre"": ""0"", ""ovt_sel_req_pre"": ""0"", ""ovt_sel_req"": ""0"", ""ovt_buy_req"": ""0"", ""ovt_buy_req_pre"": ""0"", ""return_code"": 0, ""return_msg"": ""정상적으로 처리되었습니다""}"
2026-06-10,scan_candidate,009420,,0,main_scan,50400,,50400,50200,50400,50600,0.1984126984126984,0.3968253968253968,,,,,,"{""bid_req_base_tm"": ""101944"", ""sel_10th_pre_req_pre"": ""0"", ""sel_10th_pre_req"": ""10"", ""sel_10th_pre_bid"": ""-51400"", ""sel_9th_pre_req_pre"": ""0"", ""sel_9th_pre_req"": ""460"", ""sel_9th_pre_bid"": ""-51300"", ""sel_8th_pre_req_pre"": ""0"", ""sel_8th_pre_req"": ""141"", ""sel_8th_pre_bid"": ""-51200"", ""sel_7th_pre_req_pre"": ""0"", ""sel_7th_pre_req"": ""75"", ""sel_7th_pre_bid"": ""-51100"", ""sel_6th_pre_req_pre"": ""0"", ""sel_6th_pre_req"": ""112"", ""sel_6th_pre_bid"": ""-51000"", ""sel_5th_pre_req_pre"": ""0"", ""sel_5th_pre_req"": ""38"", ""sel_5th_pre_bid"": ""-50900"", ""sel_4th_pre_req_pre"": ""0"", ""sel_4th_pre_req"": ""272"", ""sel_4th_pre_bid"": ""-50700"", ""sel_3th_pre_req_pre"": ""0"", ""sel_3th_pre_req"": ""237"", ""sel_3th_pre_bid"": ""-50600"", ""sel_2th_pre_req_pre"": ""0"", ""sel_2th_pre_req"": ""34"", ""sel_2th_pre_bid"": ""-50500"", ""sel_1th_pre_req_pre"": ""+10"", ""sel_fpr_req"": ""36"", ""sel_fpr_bid"": ""-50400"", ""buy_fpr_bid"": ""-50200"", ""buy_fpr_req"": ""139"", ""buy_1th_pre_req_pre"": ""+67"", ""buy_2th_pre_bid"": ""-50100"", ""buy_2th_pre_req"": ""122"", ""buy_2th_pre_req_pre"": ""0"", ""buy_3th_pre_bid"": ""-50000"", ""buy_3th_pre_req"": ""393"", ""buy_3th_pre_req_pre"": ""0"", ""buy_4th_pre_bid"": ""-49950"", ""buy_4th_pre_req"": ""265"", ""buy_4th_pre_req_pre"": ""0"", ""buy_5th_pre_bid"": ""-49900"", ""buy_5th_pre_req"": ""374"", ""buy_5th_pre_req_pre"": ""0"", ""buy_6th_pre_bid"": ""-49850"", ""buy_6th_pre_req"": ""312"", ""buy_6th_pre_req_pre"": ""0"", ""buy_7th_pre_bid"": ""-49800"", ""buy_7th_pre_req"": ""555"", ""buy_7th_pre_req_pre"": ""0"", ""buy_8th_pre_bid"": ""-49750"", ""buy_8th_pre_req"": ""915"", ""buy_8th_pre_req_pre"": ""0"", ""buy_9th_pre_bid"": ""-49700"", ""buy_9th_pre_req"": ""1153"", ""buy_9th_pre_req_pre"": ""0"", ""buy_10th_pre_bid"": ""-49650"", ""buy_10th_pre_req"": ""282"", ""buy_10th_pre_req_pre"": ""0"", ""tot_sel_req_jub_pre"": ""+10"", ""tot_sel_req"": ""1415"", ""tot_buy_req"": ""4510"", ""tot_buy_req_jub_pre"": ""+67"", ""ovt_sel_req_pre"": ""0"", ""ovt_sel_req"": ""0"", ""ovt_buy_req"": ""0"", ""ovt_buy_req_pre"": ""0"", ""return_code"": 0, ""return_msg"": ""정상적으로 처리되었습니다""}"
2026-06-10,scan_candidate,375500,,0,main_scan,71100,,71100,71000,71100,70800,-0.5625879043600562,0.14064697609001406,,,,,,"{""bid_req_base_tm"": ""101944"", ""sel_10th_pre_req_pre"": ""0"", ""sel_10th_pre_req"": ""721"", ""sel_10th_pre_bid"": ""+72000"", ""sel_9th_pre_req_pre"": ""0"", ""sel_9th_pre_req"": ""438"", ""sel_9th_pre_bid"": ""+71900"", ""sel_8th_pre_req_pre"": ""0"", ""sel_8th_pre_req"": ""241"", ""sel_8th_pre_bid"": ""+71800"", ""sel_7th_pre_req_pre"": ""0"", ""sel_7th_pre_req"": ""230"", ""sel_7th_pre_bid"": ""+71700"", ""sel_6th_pre_req_pre"": ""0"", ""sel_6th_pre_req"": ""857"", ""sel_6th_pre_bid"": ""+71600"", ""sel_5th_pre_req_pre"": ""0"", ""sel_5th_pre_req"": ""1219"", ""sel_5th_pre_bid"": ""+71500"", ""sel_4th_pre_req_pre"": ""0"", ""sel_4th_pre_req"": ""9"", ""sel_4th_pre_bid"": ""+71400"", ""sel_3th_pre_req_pre"": ""0"", ""sel_3th_pre_req"": ""271"", ""sel_3th_pre_bid"": ""+71300"", ""sel_2th_pre_req_pre"": ""0"", ""sel_2th_pre_req"": ""303"", ""sel_2th_pre_bid"": ""+71200"", ""sel_1th_pre_req_pre"": ""+1"", ""sel_fpr_req"": ""30"", ""sel_fpr_bid"": ""+71100"", ""buy_fpr_bid"": ""+71000"", ""buy_fpr_req"": ""5"", ""buy_1th_pre_req_pre"": ""0"", ""buy_2th_pre_bid"": ""+70900"", ""buy_2th_pre_req"": ""27"", ""buy_2th_pre_req_pre"": ""0"", ""buy_3th_pre_bid"": ""+70800"", ""buy_3th_pre_req"": ""246"", ""buy_3th_pre_req_pre"": ""+2"", ""buy_4th_pre_bid"": ""+70700"", ""buy_4th_pre_req"": ""88"", ""buy_4th_pre_req_pre"": ""0"", ""buy_5th_pre_bid"": ""+70600"", ""buy_5th_pre_req"": ""64"", ""buy_5th_pre_req_pre"": ""0"", ""buy_6th_pre_bid"": ""+70500"", ""buy_6th_pre_req"": ""179"", ""buy_6th_pre_req_pre"": ""0"", ""buy_7th_pre_bid"": ""+70400"", ""buy_7th_pre_req"": ""69"", ""buy_7th_pre_req_pre"": ""0"", ""buy_8th_pre_bid"": ""+70300"", ""buy_8th_pre_req"": ""140"", ""buy_8th_pre_req_pre"": ""0"", ""buy_9th_pre_bid"": ""+70200"", ""buy_9th_pre_req"": ""13"", ""buy_9th_pre_req_pre"": ""0"", ""buy_10th_pre_bid"": ""+70100"", ""buy_10th_pre_req"": ""169"", ""buy_10th_pre_req_pre"": ""0"", ""tot_sel_req_jub_pre"": ""+1"", ""tot_sel_req"": ""4319"", ""tot_buy_req"": ""1000"", ""tot_buy_req_jub_pre"": ""+2"", ""ovt_sel_req_pre"": ""0"", ""ovt_sel_req"": ""0"", ""ovt_buy_req"": ""0"", ""ovt_buy_req_pre"": ""0"", ""return_code"": 0, ""return_msg"": ""정상적으로 처리되었습니다""}"
2026-06-10,scan_candidate,004990,,0,main_scan,25700,,25700,25650,25700,25700,-0.19455252918287938,0.19455252918287938,,,,,,"{""bid_req_base_tm"": ""101940"", ""sel_10th_pre_req_pre"": ""0"", ""sel_10th_pre_req"": ""90"", ""sel_10th_pre_bid"": ""+26200"", ""sel_9th_pre_req_pre"": ""0"", ""sel_9th_pre_req"": ""3119"", ""sel_9th_pre_bid"": ""26150"", ""sel_8th_pre_req_pre"": ""0"", ""sel_8th_pre_req"": ""602"", ""sel_8th_pre_bid"": ""-26100"", ""sel_7th_pre_req_pre"": ""0"", ""sel_7th_pre_req"": ""101"", ""sel_7th_pre_bid"": ""-26050"", ""sel_6th_pre_req_pre"": ""0"", ""sel_6th_pre_req"": ""3"", ""sel_6th_pre_bid"": ""-26000"", ""sel_5th_pre_req_pre"": ""0"", ""sel_5th_pre_req"": ""6"", ""sel_5th_pre_bid"": ""-25950"", ""sel_4th_pre_req_pre"": ""0"", ""sel_4th_pre_req"": ""250"", ""sel_4th_pre_bid"": ""-25900"", ""sel_3th_pre_req_pre"": ""0"", ""sel_3th_pre_req"": ""250"", ""sel_3th_pre_bid"": ""-25850"", ""sel_2th_pre_req_pre"": ""0"", ""sel_2th_pre_req"": ""458"", ""sel_2th_pre_bid"": ""-25750"", ""sel_1th_pre_req_pre"": ""+28"", ""sel_fpr_req"": ""586"", ""sel_fpr_bid"": ""-25700"", ""buy_fpr_bid"": ""-25650"", ""buy_fpr_req"": ""267"", ""buy_1th_pre_req_pre"": ""0"", ""buy_2th_pre_bid"": ""-25600"", ""buy_2th_pre_req"": ""84"", ""buy_2th_pre_req_pre"": ""0"", ""buy_3th_pre_bid"": ""-25550"", ""buy_3th_pre_req"": ""297"", ""buy_3th_pre_req_pre"": ""0"", ""buy_4th_pre_bid"": ""-25500"", ""buy_4th_pre_req"": ""446"", ""buy_4th_pre_req_pre"": ""0"", ""buy_5th_pre_bid"": ""-25450"", ""buy_5th_pre_req"": ""538"", ""buy_5th_pre_req_pre"": ""0"", ""buy_6th_pre_bid"": ""-25400"", ""buy_6th_pre_req"": ""671"", ""buy_6th_pre_req_pre"": ""0"", ""buy_7th_pre_bid"": ""-25350"", ""buy_7th_pre_req"": ""392"", ""buy_7th_pre_req_pre"": ""0"", ""buy_8th_pre_bid"": ""-25300"", ""buy_8th_pre_req"": ""926"", ""buy_8th_pre_req_pre"": ""0"", ""buy_9th_pre_bid"": ""-25250"", ""buy_9th_pre_req"": ""880"", ""buy_9th_pre_req_pre"": ""0"", ""buy_10th_pre_bid"": ""-25200"", ""buy_10th_pre_req"": ""7718"", ""buy_10th_pre_req_pre"": ""0"", ""tot_sel_req_jub_pre"": ""+28"", ""tot_sel_req"": ""5465"", ""tot_buy_req"": ""12219"", ""tot_buy_req_jub_pre"": ""0"", ""ovt_sel_req_pre"": ""0"", ""ovt_sel_req"": ""0"", ""ovt_buy_req"": ""0"", ""ovt_buy_req_pre"": ""0"", ""return_code"": 0, ""return_msg"": ""정상적으로 처리되었습니다""}"
2026-06-10,scan_candidate,483650,,0,main_scan,202000,,202000,201500,202000,202500,0.0,0.24752475247524752,,,,,,"{""bid_req_base_tm"": ""101947"", ""sel_10th_pre_req_pre"": ""0"", ""sel_10th_pre_req"": ""1644"", ""sel_10th_pre_bid"": ""+206500"", ""sel_9th_pre_req_pre"": ""0"", ""sel_9th_pre_req"": ""1251"", ""sel_9th_pre_bid"": ""+206000"", ""sel_8th_pre_req_pre"": ""0"", ""sel_8th_pre_req"": ""242"", ""sel_8th_pre_bid"": ""+205500"", ""sel_7th_pre_req_pre"": ""0"", ""sel_7th_pre_req"": ""50"", ""sel_7th_pre_bid"": ""+205000"", ""sel_6th_pre_req_pre"": ""0"", ""sel_6th_pre_req"": ""28"", ""sel_6th_pre_bid"": ""+204500"", ""sel_5th_pre_req_pre"": ""0"", ""sel_5th_pre_req"": ""19"", ""sel_5th_pre_bid"": ""+204000"", ""sel_4th_pre_req_pre"": ""0"", ""sel_4th_pre_req"": ""25"", ""sel_4th_pre_bid"": ""+203500"", ""sel_3th_pre_req_pre"": ""0"", ""sel_3th_pre_req"": ""73"", ""sel_3th_pre_bid"": ""+203000"", ""sel_2th_pre_req_pre"": ""0"", ""sel_2th_pre_req"": ""171"", ""sel_2th_pre_bid"": ""+202500"", ""sel_1th_pre_req_pre"": ""0"", ""sel_fpr_req"": ""78"", ""sel_fpr_bid"": ""+202000"", ""buy_fpr_bid"": ""+201500"", ""buy_fpr_req"": ""306"", ""buy_1th_pre_req_pre"": ""+45"", ""buy_2th_pre_bid"": ""+201000"", ""buy_2th_pre_req"": ""331"", ""buy_2th_pre_req_pre"": ""0"", ""buy_3th_pre_bid"": ""+200500"", ""buy_3th_pre_req"": ""114"", ""buy_3th_pre_req_pre"": ""0"", ""buy_4th_pre_bid"": ""+200000"", ""buy_4th_pre_req"": ""146"", ""buy_4th_pre_req_pre"": ""0"", ""buy_5th_pre_bid"": ""+199900"", ""buy_5th_pre_req"": ""152"", ""buy_5th_pre_req_pre"": ""0"", ""buy_6th_pre_bid"": ""+199800"", ""buy_6th_pre_req"": ""11"", ""buy_6th_pre_req_pre"": ""0"", ""buy_7th_pre_bid"": ""+199700"", ""buy_7th_pre_req"": ""12"", ""buy_7th_pre_req_pre"": ""0"", ""buy_8th_pre_bid"": ""+199600"", ""buy_8th_pre_req"": ""11"", ""buy_8th_pre_req_pre"": ""0"", ""buy_9th_pre_bid"": ""+199500"", ""buy_9th_pre_req"": ""26"", ""buy_9th_pre_req_pre"": ""0"", ""buy_10th_pre_bid"": ""+199400"", ""buy_10th_pre_req"": ""3"", ""buy_10th_pre_req_pre"": ""0"", ""tot_sel_req_jub_pre"": ""0"", ""tot_sel_req"": ""3581"", ""tot_buy_req"": ""1112"", ""tot_buy_req_jub_pre"": ""+45"", ""ovt_sel_req_pre"": ""0"", ""ovt_sel_req"": ""0"", ""ovt_buy_req"": ""0"", ""ovt_buy_req_pre"": ""0"", ""return_code"": 0, ""return_msg"": ""정상적으로 처리되었습니다""}"
2026-06-10,scan_candidate,003690,,0,main_scan,13310,,13310,13280,13310,13250,-0.8264462809917356,0.2253944402704733,,,,,,"{""bid_req_base_tm"": ""101946"", ""sel_10th_pre_req_pre"": ""0"", ""sel_10th_pre_req"": ""96"", ""sel_10th_pre_bid"": ""-13430"", ""sel_9th_pre_req_pre"": ""0"", ""sel_9th_pre_req"": ""201"", ""sel_9th_pre_bid"": ""-13420"", ""sel_8th_pre_req_pre"": ""0"", ""sel_8th_pre_req"": ""74"", ""sel_8th_pre_bid"": ""-13410"", ""sel_7th_pre_req_pre"": ""0"", ""sel_7th_pre_req"": ""800"", ""sel_7th_pre_bid"": ""-13400"", ""sel_6th_pre_req_pre"": ""0"", ""sel_6th_pre_req"": ""313"", ""sel_6th_pre_bid"": ""-13390"", ""sel_5th_pre_req_pre"": ""0"", ""sel_5th_pre_req"": ""55"", ""sel_5th_pre_bid"": ""-13370"", ""sel_4th_pre_req_pre"": ""0"", ""sel_4th_pre_req"": ""206"", ""sel_4th_pre_bid"": ""-13360"", ""sel_3th_pre_req_pre"": ""0"", ""sel_3th_pre_req"": ""46"", ""sel_3th_pre_bid"": ""-13340"", ""sel_2th_pre_req_pre"": ""0"", ""sel_2th_pre_req"": ""8"", ""sel_2th_pre_bid"": ""-13320"", ""sel_1th_pre_req_pre"": ""0"", ""sel_fpr_req"": ""1444"", ""sel_fpr_bid"": ""-13310"", ""buy_fpr_bid"": ""-13280"", ""buy_fpr_req"": ""376"", ""buy_1th_pre_req_pre"": ""+105"", ""buy_2th_pre_bid"": ""-13260"", ""buy_2th_pre_req"": ""61"", ""buy_2th_pre_req_pre"": ""--106"", ""buy_3th_pre_bid"": ""-13250"", ""buy_3th_pre_req"": ""164"", ""buy_3th_pre_req_pre"": ""0"", ""buy_4th_pre_bid"": ""-13240"", ""buy_4th_pre_req"": ""73"", ""buy_4th_pre_req_pre"": ""0"", ""buy_5th_pre_bid"": ""-13230"", ""buy_5th_pre_req"": ""63"", ""buy_5th_pre_req_pre"": ""0"", ""buy_6th_pre_bid"": ""-13220"", ""buy_6th_pre_req"": ""29"", ""buy_6th_pre_req_pre"": ""0"", ""buy_7th_pre_bid"": ""-13210"", ""buy_7th_pre_req"": ""510"", ""buy_7th_pre_req_pre"": ""0"", ""buy_8th_pre_bid"": ""-13200"", ""buy_8th_pre_req"": ""641"", ""buy_8th_pre_req_pre"": ""0"", ""buy_9th_pre_bid"": ""-13190"", ""buy_9th_pre_req"": ""101"", ""buy_9th_pre_req_pre"": ""0"", ""buy_10th_pre_bid"": ""-13180"", ""buy_10th_pre_req"": ""50"", ""buy_10th_pre_req_pre"": ""0"", ""tot_sel_req_jub_pre"": ""0"", ""tot_sel_req"": ""3243"", ""tot_buy_req"": ""2068"", ""tot_buy_req_jub_pre"": ""--1"", ""ovt_sel_req_pre"": ""0"", ""ovt_sel_req"": ""0"", ""ovt_buy_req"": ""0"", ""ovt_buy_req_pre"": ""0"", ""return_code"": 0, ""return_msg"": ""정상적으로 처리되었습니다""}"
2026-06-10,scan_candidate,279570,,0,main_scan,5970,,5970,5960,5970,5950,-0.5025125628140703,0.16750418760469013,,,,,,"{""bid_req_base_tm"": ""101947"", ""sel_10th_pre_req_pre"": ""0"", ""sel_10th_pre_req"": ""33645"", ""sel_10th_pre_bid"": ""+6060"", ""sel_9th_pre_req_pre"": ""0"", ""sel_9th_pre_req"": ""35407"", ""sel_9th_pre_bid"": ""+6050"", ""sel_8th_pre_req_pre"": ""0"", ""sel_8th_pre_req"": ""19716"", ""sel_8th_pre_bid"": ""+6040"", ""sel_7th_pre_req_pre"": ""0"", ""sel_7th_pre_req"": ""29638"", ""sel_7th_pre_bid"": ""+6030"", ""sel_6th_pre_req_pre"": ""0"", ""sel_6th_pre_req"": ""22040"", ""sel_6th_pre_bid"": ""+6020"", ""sel_5th_pre_req_pre"": ""0"", ""sel_5th_pre_req"": ""14983"", ""sel_5th_pre_bid"": ""+6010"", ""sel_4th_pre_req_pre"": ""0"", ""sel_4th_pre_req"": ""30582"", ""sel_4th_pre_bid"": ""+6000"", ""sel_3th_pre_req_pre"": ""0"", ""sel_3th_pre_req"": ""25439"", ""sel_3th_pre_bid"": ""+5990"", ""sel_2th_pre_req_pre"": ""0"", ""sel_2th_pre_req"": ""7387"", ""sel_2th_pre_bid"": ""+5980"", ""sel_1th_pre_req_pre"": ""+85"", ""sel_fpr_req"": ""11230"", ""sel_fpr_bid"": ""+5970"", ""buy_fpr_bid"": ""+5960"", ""buy_fpr_req"": ""13489"", ""buy_1th_pre_req_pre"": ""0"", ""buy_2th_pre_bid"": ""+5950"", ""buy_2th_pre_req"": ""20554"", ""buy_2th_pre_req_pre"": ""0"", ""buy_3th_pre_bid"": ""+5940"", ""buy_3th_pre_req"": ""4782"", ""buy_3th_pre_req_pre"": ""0"", ""buy_4th_pre_bid"": ""+5930"", ""buy_4th_pre_req"": ""13021"", ""buy_4th_pre_req_pre"": ""0"", ""buy_5th_pre_bid"": ""+5920"", ""buy_5th_pre_req"": ""6589"", ""buy_5th_pre_req_pre"": ""0"", ""buy_6th_pre_bid"": ""+5910"", ""buy_6th_pre_req"": ""11939"", ""buy_6th_pre_req_pre"": ""0"", ""buy_7th_pre_bid"": ""+5900"", ""buy_7th_pre_req"": ""31202"", ""buy_7th_pre_req_pre"": ""0"", ""buy_8th_pre_bid"": ""+5890"", ""buy_8th_pre_req"": ""5499"", ""buy_8th_pre_req_pre"": ""0"", ""buy_9th_pre_bid"": ""+5880"", ""buy_9th_pre_req"": ""2498"", ""buy_9th_pre_req_pre"": ""0"", ""buy_10th_pre_bid"": ""+5870"", ""buy_10th_pre_req"": ""3480"", ""buy_10th_pre_req_pre"": ""0"", ""tot_sel_req_jub_pre"": ""+85"", ""tot_sel_req"": ""230067"", ""tot_buy_req"": ""113053"", ""tot_buy_req_jub_pre"": ""0"", ""ovt_sel_req_pre"": ""0"", ""ovt_sel_req"": ""0"", ""ovt_buy_req"": ""0"", ""ovt_buy_req_pre"": ""0"", ""return_code"": 0, ""return_msg"": ""정상적으로 처리되었습니다""}"
2026-06-10,scan_candidate,008770,,0,main_scan,54300,,54300,54200,54300,54300,-0.1841620626151013,0.1841620626151013,,,,,,"{""bid_req_base_tm"": ""101947"", ""sel_10th_pre_req_pre"": ""0"", ""sel_10th_pre_req"": ""535"", ""sel_10th_pre_bid"": ""55200"", ""sel_9th_pre_req_pre"": ""0"", ""sel_9th_pre_req"": ""112"", ""sel_9th_pre_bid"": ""-55100"", ""sel_8th_pre_req_pre"": ""0"", ""sel_8th_pre_req"": ""435"", ""sel_8th_pre_bid"": ""-55000"", ""sel_7th_pre_req_pre"": ""0"", ""sel_7th_pre_req"": ""312"", ""sel_7th_pre_bid"": ""-54900"", ""sel_6th_pre_req_pre"": ""0"", ""sel_6th_pre_req"": ""189"", ""sel_6th_pre_bid"": ""-54800"", ""sel_5th_pre_req_pre"": ""0"", ""sel_5th_pre_req"": ""36"", ""sel_5th_pre_bid"": ""-54700"", ""sel_4th_pre_req_pre"": ""0"", ""sel_4th_pre_req"": ""11"", ""sel_4th_pre_bid"": ""-54600"", ""sel_3th_pre_req_pre"": ""0"", ""sel_3th_pre_req"": ""87"", ""sel_3th_pre_bid"": ""-54500"", ""sel_2th_pre_req_pre"": ""0"", ""sel_2th_pre_req"": ""116"", ""sel_2th_pre_bid"": ""-54400"", ""sel_1th_pre_req_pre"": ""0"", ""sel_fpr_req"": ""255"", ""sel_fpr_bid"": ""-54300"", ""buy_fpr_bid"": ""-54200"", ""buy_fpr_req"": ""148"", ""buy_1th_pre_req_pre"": ""--2"", ""buy_2th_pre_bid"": ""-54000"", ""buy_2th_pre_req"": ""399"", ""buy_2th_pre_req_pre"": ""0"", ""buy_3th_pre_bid"": ""-53900"", ""buy_3th_pre_req"": ""502"", ""buy_3th_pre_req_pre"": ""0"", ""buy_4th_pre_bid"": ""-53800"", ""buy_4th_pre_req"": ""303"", ""buy_4th_pre_req_pre"": ""0"", ""buy_5th_pre_bid"": ""-53700"", ""buy_5th_pre_req"": ""379"", ""buy_5th_pre_req_pre"": ""0"", ""buy_6th_pre_bid"": ""-53600"", ""buy_6th_pre_req"": ""114"", ""buy_6th_pre_req_pre"": ""0"", ""buy_7th_pre_bid"": ""-53500"", ""buy_7th_pre_req"": ""120"", ""buy_7th_pre_req_pre"": ""0"", ""buy_8th_pre_bid"": ""-53400"", ""buy_8th_pre_req"": ""227"", ""buy_8th_pre_req_pre"": ""0"", ""buy_9th_pre_bid"": ""-53300"", ""buy_9th_pre_req"": ""595"", ""buy_9th_pre_req_pre"": ""0"", ""buy_10th_pre_bid"": ""-53200"", ""buy_10th_pre_req"": ""422"", ""buy_10th_pre_req_pre"": ""0"", ""tot_sel_req_jub_pre"": ""0"", ""tot_sel_req"": ""2088"", ""tot_buy_req"": ""3209"", ""tot_buy_req_jub_pre"": ""--2"", ""ovt_sel_req_pre"": ""0"", ""ovt_sel_req"": ""0"", ""ovt_buy_req"": ""0"", ""ovt_buy_req_pre"": ""0"", ""return_code"": 0, ""return_msg"": ""정상적으로 처리되었습니다""}"
2026-06-10,scan_candidate,081660,,0,main_scan,40500,,40500,40300,40500,40450,-0.24691358024691357,0.49382716049382713,,,,,,"{""bid_req_base_tm"": ""101947"", ""sel_10th_pre_req_pre"": ""0"", ""sel_10th_pre_req"": ""3"", ""sel_10th_pre_bid"": ""+40950"", ""sel_9th_pre_req_pre"": ""0"", ""sel_9th_pre_req"": ""166"", ""sel_9th_pre_bid"": ""+40900"", ""sel_8th_pre_req_pre"": ""0"", ""sel_8th_pre_req"": ""147"", ""sel_8th_pre_bid"": ""+40850"", ""sel_7th_pre_req_pre"": ""0"", ""sel_7th_pre_req"": ""136"", ""sel_7th_pre_bid"": ""+40800"", ""sel_6th_pre_req_pre"": ""0"", ""sel_6th_pre_req"": ""13"", ""sel_6th_pre_bid"": ""+40750"", ""sel_5th_pre_req_pre"": ""0"", ""sel_5th_pre_req"": ""70"", ""sel_5th_pre_bid"": ""+40700"", ""sel_4th_pre_req_pre"": ""0"", ""sel_4th_pre_req"": ""50"", ""sel_4th_pre_bid"": ""+40650"", ""sel_3th_pre_req_pre"": ""0"", ""sel_3th_pre_req"": ""55"", ""sel_3th_pre_bid"": ""+40600"", ""sel_2th_pre_req_pre"": ""0"", ""sel_2th_pre_req"": ""156"", ""sel_2th_pre_bid"": ""+40550"", ""sel_1th_pre_req_pre"": ""--33"", ""sel_fpr_req"": ""361"", ""sel_fpr_bid"": ""+40500"", ""buy_fpr_bid"": ""+40300"", ""buy_fpr_req"": ""192"", ""buy_1th_pre_req_pre"": ""0"", ""buy_2th_pre_bid"": ""+40250"", ""buy_2th_pre_req"": ""243"", ""buy_2th_pre_req_pre"": ""0"", ""buy_3th_pre_bid"": ""+40200"", ""buy_3th_pre_req"": ""101"", ""buy_3th_pre_req_pre"": ""0"", ""buy_4th_pre_bid"": ""+40150"", ""buy_4th_pre_req"": ""27"", ""buy_4th_pre_req_pre"": ""0"", ""buy_5th_pre_bid"": ""+40050"", ""buy_5th_pre_req"": ""263"", ""buy_5th_pre_req_pre"": ""0"", ""buy_6th_pre_bid"": ""+40000"", ""buy_6th_pre_req"": ""558"", ""buy_6th_pre_req_pre"": ""0"", ""buy_7th_pre_bid"": ""+39950"", ""buy_7th_pre_req"": ""500"", ""buy_7th_pre_req_pre"": ""0"", ""buy_8th_pre_bid"": ""+39900"", ""buy_8th_pre_req"": ""1"", ""buy_8th_pre_req_pre"": ""0"", ""buy_9th_pre_bid"": ""+39850"", ""buy_9th_pre_req"": ""51"", ""buy_9th_pre_req_pre"": ""0"", ""buy_10th_pre_bid"": ""39700"", ""buy_10th_pre_req"": ""52"", ""buy_10th_pre_req_pre"": ""0"", ""tot_sel_req_jub_pre"": ""--33"", ""tot_sel_req"": ""1157"", ""tot_buy_req"": ""1988"", ""tot_buy_req_jub_pre"": ""0"", ""ovt_sel_req_pre"": ""0"", ""ovt_sel_req"": ""0"", ""ovt_buy_req"": ""0"", ""ovt_buy_req_pre"": ""0"", ""return_code"": 0, ""return_msg"": ""정상적으로 처리되었습니다""}"
2026-06-10,scan_candidate,462870,,0,main_scan,31050,,31050,31000,31050,30950,-0.4830917874396135,0.1610305958132045,,,,,,"{""bid_req_base_tm"": ""101944"", ""sel_10th_pre_req_pre"": ""0"", ""sel_10th_pre_req"": ""158"", ""sel_10th_pre_bid"": ""-31500"", ""sel_9th_pre_req_pre"": ""0"", ""sel_9th_pre_req"": ""55"", ""sel_9th_pre_bid"": ""-31450"", ""sel_8th_pre_req_pre"": ""0"", ""sel_8th_pre_req"": ""126"", ""sel_8th_pre_bid"": ""-31400"", ""sel_7th_pre_req_pre"": ""0"", ""sel_7th_pre_req"": ""2"", ""sel_7th_pre_bid"": ""-31350"", ""sel_6th_pre_req_pre"": ""0"", ""sel_6th_pre_req"": ""378"", ""sel_6th_pre_bid"": ""-31300"", ""sel_5th_pre_req_pre"": ""0"", ""sel_5th_pre_req"": ""72"", ""sel_5th_pre_bid"": ""-31250"", ""sel_4th_pre_req_pre"": ""0"", ""sel_4th_pre_req"": ""55"", ""sel_4th_pre_bid"": ""-31200"", ""sel_3th_pre_req_pre"": ""0"", ""sel_3th_pre_req"": ""20"", ""sel_3th_pre_bid"": ""-31150"", ""sel_2th_pre_req_pre"": ""0"", ""sel_2th_pre_req"": ""73"", ""sel_2th_pre_bid"": ""-31100"", ""sel_1th_pre_req_pre"": ""0"", ""sel_fpr_req"": ""297"", ""sel_fpr_bid"": ""-31050"", ""buy_fpr_bid"": ""-31000"", ""buy_fpr_req"": ""80"", ""buy_1th_pre_req_pre"": ""0"", ""buy_2th_pre_bid"": ""-30950"", ""buy_2th_pre_req"": ""94"", ""buy_2th_pre_req_pre"": ""0"", ""buy_3th_pre_bid"": ""-30900"", ""buy_3th_pre_req"": ""139"", ""buy_3th_pre_req_pre"": ""0"", ""buy_4th_pre_bid"": ""-30850"", ""buy_4th_pre_req"": ""11"", ""buy_4th_pre_req_pre"": ""0"", ""buy_5th_pre_bid"": ""-30800"", ""buy_5th_pre_req"": ""129"", ""buy_5th_pre_req_pre"": ""0"", ""buy_6th_pre_bid"": ""-30750"", ""buy_6th_pre_req"": ""104"", ""buy_6th_pre_req_pre"": ""0"", ""buy_7th_pre_bid"": ""-30700"", ""buy_7th_pre_req"": ""190"", ""buy_7th_pre_req_pre"": ""0"", ""buy_8th_pre_bid"": ""-30650"", ""buy_8th_pre_req"": ""33"", ""buy_8th_pre_req_pre"": ""0"", ""buy_9th_pre_bid"": ""-30600"", ""buy_9th_pre_req"": ""129"", ""buy_9th_pre_req_pre"": ""0"", ""buy_10th_pre_bid"": ""-30550"", ""buy_10th_pre_req"": ""105"", ""buy_10th_pre_req_pre"": ""0"", ""tot_sel_req_jub_pre"": ""0"", ""tot_sel_req"": ""1236"", ""tot_buy_req"": ""1014"", ""tot_buy_req_jub_pre"": ""0"", ""ovt_sel_req_pre"": ""0"", ""ovt_sel_req"": ""0"", ""ovt_buy_req"": ""0"", ""ovt_buy_req_pre"": ""0"", ""return_code"": 0, ""return_msg"": ""정상적으로 처리되었습니다""}"
2026-06-10,scan_candidate,120110,,0,main_scan,71000,,71000,70800,71000,70600,-0.7042253521126761,0.28169014084507044,,,,,,"{""bid_req_base_tm"": ""101947"", ""sel_10th_pre_req_pre"": ""0"", ""sel_10th_pre_req"": ""77"", ""sel_10th_pre_bid"": ""+71900"", ""sel_9th_pre_req_pre"": ""0"", ""sel_9th_pre_req"": ""117"", ""sel_9th_pre_bid"": ""+71800"", ""sel_8th_pre_req_pre"": ""0"", ""sel_8th_pre_req"": ""15"", ""sel_8th_pre_bid"": ""+71700"", ""sel_7th_pre_req_pre"": ""0"", ""sel_7th_pre_req"": ""38"", ""sel_7th_pre_bid"": ""+71600"", ""sel_6th_pre_req_pre"": ""0"", ""sel_6th_pre_req"": ""737"", ""sel_6th_pre_bid"": ""+71500"", ""sel_5th_pre_req_pre"": ""0"", ""sel_5th_pre_req"": ""396"", ""sel_5th_pre_bid"": ""+71400"", ""sel_4th_pre_req_pre"": ""0"", ""sel_4th_pre_req"": ""161"", ""sel_4th_pre_bid"": ""+71300"", ""sel_3th_pre_req_pre"": ""0"", ""sel_3th_pre_req"": ""33"", ""sel_3th_pre_bid"": ""+71200"", ""sel_2th_pre_req_pre"": ""0"", ""sel_2th_pre_req"": ""35"", ""sel_2th_pre_bid"": ""+71100"", ""sel_1th_pre_req_pre"": ""0"", ""sel_fpr_req"": ""27"", ""sel_fpr_bid"": ""+71000"", ""buy_fpr_bid"": ""+70800"", ""buy_fpr_req"": ""106"", ""buy_1th_pre_req_pre"": ""+44"", ""buy_2th_pre_bid"": ""+70700"", ""buy_2th_pre_req"": ""142"", ""buy_2th_pre_req_pre"": ""--24"", ""buy_3th_pre_bid"": ""+70600"", ""buy_3th_pre_req"": ""205"", ""buy_3th_pre_req_pre"": ""0"", ""buy_4th_pre_bid"": ""+70500"", ""buy_4th_pre_req"": ""100"", ""buy_4th_pre_req_pre"": ""0"", ""buy_5th_pre_bid"": ""+70400"", ""buy_5th_pre_req"": ""177"", ""buy_5th_pre_req_pre"": ""0"", ""buy_6th_pre_bid"": ""+70300"", ""buy_6th_pre_req"": ""187"", ""buy_6th_pre_req_pre"": ""0"", ""buy_7th_pre_bid"": ""+70200"", ""buy_7th_pre_req"": ""1"", ""buy_7th_pre_req_pre"": ""0"", ""buy_8th_pre_bid"": ""+70000"", ""buy_8th_pre_req"": ""5"", ""buy_8th_pre_req_pre"": ""0"", ""buy_9th_pre_bid"": ""+69900"", ""buy_9th_pre_req"": ""39"", ""buy_9th_pre_req_pre"": ""0"", ""buy_10th_pre_bid"": ""+69700"", ""buy_10th_pre_req"": ""5"", ""buy_10th_pre_req_pre"": ""0"", ""tot_sel_req_jub_pre"": ""0"", ""tot_sel_req"": ""1636"", ""tot_buy_req"": ""967"", ""tot_buy_req_jub_pre"": ""+20"", ""ovt_sel_req_pre"": ""0"", ""ovt_sel_req"": ""0"", ""ovt_buy_req"": ""0"", ""ovt_buy_req_pre"": ""0"", ""return_code"": 0, ""return_msg"": ""정상적으로 처리되었습니다""}"
2026-06-10,scan_candidate,009155,,0,main_scan,612000,,612000,611000,612000,614000,0.16339869281045752,0.16339869281045752,,,,,,"{""bid_req_base_tm"": ""101948"", ""sel_10th_pre_req_pre"": ""0"", ""sel_10th_pre_req"": ""17"", ""sel_10th_pre_bid"": ""-621000"", ""sel_9th_pre_req_pre"": ""0"", ""sel_9th_pre_req"": ""32"", ""sel_9th_pre_bid"": ""-620000"", ""sel_8th_pre_req_pre"": ""0"", ""sel_8th_pre_req"": ""2"", ""sel_8th_pre_bid"": ""-619000"", ""sel_7th_pre_req_pre"": ""0"", ""sel_7th_pre_req"": ""5"", ""sel_7th_pre_bid"": ""-618000"", ""sel_6th_pre_req_pre"": ""0"", ""sel_6th_pre_req"": ""2"", ""sel_6th_pre_bid"": ""-617000"", ""sel_5th_pre_req_pre"": ""0"", ""sel_5th_pre_req"": ""3"", ""sel_5th_pre_bid"": ""-616000"", ""sel_4th_pre_req_pre"": ""0"", ""sel_4th_pre_req"": ""7"", ""sel_4th_pre_bid"": ""-615000"", ""sel_3th_pre_req_pre"": ""0"", ""sel_3th_pre_req"": ""33"", ""sel_3th_pre_bid"": ""-614000"", ""sel_2th_pre_req_pre"": ""0"", ""sel_2th_pre_req"": ""49"", ""sel_2th_pre_bid"": ""-613000"", ""sel_1th_pre_req_pre"": ""0"", ""sel_fpr_req"": ""88"", ""sel_fpr_bid"": ""-612000"", ""buy_fpr_bid"": ""-611000"", ""buy_fpr_req"": ""9"", ""buy_1th_pre_req_pre"": ""+1"", ""buy_2th_pre_bid"": ""-610000"", ""buy_2th_pre_req"": ""29"", ""buy_2th_pre_req_pre"": ""0"", ""buy_3th_pre_bid"": ""-609000"", ""buy_3th_pre_req"": ""87"", ""buy_3th_pre_req_pre"": ""0"", ""buy_4th_pre_bid"": ""-608000"", ""buy_4th_pre_req"": ""2"", ""buy_4th_pre_req_pre"": ""0"", ""buy_5th_pre_bid"": ""-607000"", ""buy_5th_pre_req"": ""178"", ""buy_5th_pre_req_pre"": ""0"", ""buy_6th_pre_bid"": ""-606000"", ""buy_6th_pre_req"": ""101"", ""buy_6th_pre_req_pre"": ""0"", ""buy_7th_pre_bid"": ""-605000"", ""buy_7th_pre_req"": ""29"", ""buy_7th_pre_req_pre"": ""0"", ""buy_8th_pre_bid"": ""-604000"", ""buy_8th_pre_req"": ""34"", ""buy_8th_pre_req_pre"": ""0"", ""buy_9th_pre_bid"": ""-603000"", ""buy_9th_pre_req"": ""17"", ""buy_9th_pre_req_pre"": ""0"", ""buy_10th_pre_bid"": ""-602000"", ""buy_10th_pre_req"": ""33"", ""buy_10th_pre_req_pre"": ""0"", ""tot_sel_req_jub_pre"": ""0"", ""tot_sel_req"": ""238"", ""tot_buy_req"": ""519"", ""tot_buy_req_jub_pre"": ""+1"", ""ovt_sel_req_pre"": ""0"", ""ovt_sel_req"": ""0"", ""ovt_buy_req"": ""0"", ""ovt_buy_req_pre"": ""0"", ""return_code"": 0, ""return_msg"": ""정상적으로 처리되었습니다""}"
2026-06-10,scan_candidate,017960,,0,main_scan,31400,,31400,31350,31400,31200,-0.7961783439490446,0.15923566878980894,,,,,,"{""bid_req_base_tm"": ""101946"", ""sel_10th_pre_req_pre"": ""0"", ""sel_10th_pre_req"": ""60"", ""sel_10th_pre_bid"": ""+31850"", ""sel_9th_pre_req_pre"": ""0"", ""sel_9th_pre_req"": ""429"", ""sel_9th_pre_bid"": ""+31800"", ""sel_8th_pre_req_pre"": ""0"", ""sel_8th_pre_req"": ""506"", ""sel_8th_pre_bid"": ""+31750"", ""sel_7th_pre_req_pre"": ""0"", ""sel_7th_pre_req"": ""302"", ""sel_7th_pre_bid"": ""+31700"", ""sel_6th_pre_req_pre"": ""0"", ""sel_6th_pre_req"": ""157"", ""sel_6th_pre_bid"": ""+31650"", ""sel_5th_pre_req_pre"": ""0"", ""sel_5th_pre_req"": ""1281"", ""sel_5th_pre_bid"": ""+31600"", ""sel_4th_pre_req_pre"": ""0"", ""sel_4th_pre_req"": ""482"", ""sel_4th_pre_bid"": ""+31550"", ""sel_3th_pre_req_pre"": ""0"", ""sel_3th_pre_req"": ""710"", ""sel_3th_pre_bid"": ""+31500"", ""sel_2th_pre_req_pre"": ""0"", ""sel_2th_pre_req"": ""78"", ""sel_2th_pre_bid"": ""+31450"", ""sel_1th_pre_req_pre"": ""+22"", ""sel_fpr_req"": ""142"", ""sel_fpr_bid"": ""+31400"", ""buy_fpr_bid"": ""+31350"", ""buy_fpr_req"": ""159"", ""buy_1th_pre_req_pre"": ""0"", ""buy_2th_pre_bid"": ""+31250"", ""buy_2th_pre_req"": ""232"", ""buy_2th_pre_req_pre"": ""0"", ""buy_3th_pre_bid"": ""+31200"", ""buy_3th_pre_req"": ""158"", ""buy_3th_pre_req_pre"": ""0"", ""buy_4th_pre_bid"": ""+31150"", ""buy_4th_pre_req"": ""190"", ""buy_4th_pre_req_pre"": ""0"", ""buy_5th_pre_bid"": ""+31100"", ""buy_5th_pre_req"": ""304"", ""buy_5th_pre_req_pre"": ""0"", ""buy_6th_pre_bid"": ""+31050"", ""buy_6th_pre_req"": ""194"", ""buy_6th_pre_req_pre"": ""0"", ""buy_7th_pre_bid"": ""+31000"", ""buy_7th_pre_req"": ""904"", ""buy_7th_pre_req_pre"": ""0"", ""buy_8th_pre_bid"": ""+30950"", ""buy_8th_pre_req"": ""84"", ""buy_8th_pre_req_pre"": ""0"", ""buy_9th_pre_bid"": ""+30900"", ""buy_9th_pre_req"": ""25"", ""buy_9th_pre_req_pre"": ""0"", ""buy_10th_pre_bid"": ""+30850"", ""buy_10th_pre_req"": ""389"", ""buy_10th_pre_req_pre"": ""0"", ""tot_sel_req_jub_pre"": ""+22"", ""tot_sel_req"": ""4147"", ""tot_buy_req"": ""2639"", ""tot_buy_req_jub_pre"": ""0"", ""ovt_sel_req_pre"": ""0"", ""ovt_sel_req"": ""0"", ""ovt_buy_req"": ""0"", ""ovt_buy_req_pre"": ""0"", ""return_code"": 0, ""return_msg"": ""정상적으로 처리되었습니다""}"
2026-06-10,scan_candidate,192080,,0,main_scan,71900,,71900,71800,71900,72200,0.27816411682892905,0.13908205841446453,,,,,,"{""bid_req_base_tm"": ""101946"", ""sel_10th_pre_req_pre"": ""0"", ""sel_10th_pre_req"": ""23"", ""sel_10th_pre_bid"": ""+73200"", ""sel_9th_pre_req_pre"": ""0"", ""sel_9th_pre_req"": ""50"", ""sel_9th_pre_bid"": ""+73000"", ""sel_8th_pre_req_pre"": ""0"", ""sel_8th_pre_req"": ""15"", ""sel_8th_pre_bid"": ""+72900"", ""sel_7th_pre_req_pre"": ""0"", ""sel_7th_pre_req"": ""10"", ""sel_7th_pre_bid"": ""+72600"", ""sel_6th_pre_req_pre"": ""0"", ""sel_6th_pre_req"": ""29"", ""sel_6th_pre_bid"": ""+72500"", ""sel_5th_pre_req_pre"": ""0"", ""sel_5th_pre_req"": ""2"", ""sel_5th_pre_bid"": ""+72400"", ""sel_4th_pre_req_pre"": ""0"", ""sel_4th_pre_req"": ""31"", ""sel_4th_pre_bid"": ""+72200"", ""sel_3th_pre_req_pre"": ""0"", ""sel_3th_pre_req"": ""29"", ""sel_3th_pre_bid"": ""+72100"", ""sel_2th_pre_req_pre"": ""0"", ""sel_2th_pre_req"": ""12"", ""sel_2th_pre_bid"": ""72000"", ""sel_1th_pre_req_pre"": ""--1"", ""sel_fpr_req"": ""205"", ""sel_fpr_bid"": ""-71900"", ""buy_fpr_bid"": ""-71800"", ""buy_fpr_req"": ""119"", ""buy_1th_pre_req_pre"": ""0"", ""buy_2th_pre_bid"": ""-71700"", ""buy_2th_pre_req"": ""52"", ""buy_2th_pre_req_pre"": ""0"", ""buy_3th_pre_bid"": ""-71600"", ""buy_3th_pre_req"": ""110"", ""buy_3th_pre_req_pre"": ""0"", ""buy_4th_pre_bid"": ""-71500"", ""buy_4th_pre_req"": ""55"", ""buy_4th_pre_req_pre"": ""0"", ""buy_5th_pre_bid"": ""-71400"", ""buy_5th_pre_req"": ""43"", ""buy_5th_pre_req_pre"": ""0"", ""buy_6th_pre_bid"": ""-71300"", ""buy_6th_pre_req"": ""21"", ""buy_6th_pre_req_pre"": ""0"", ""buy_7th_pre_bid"": ""-71200"", ""buy_7th_pre_req"": ""11"", ""buy_7th_pre_req_pre"": ""0"", ""buy_8th_pre_bid"": ""-71100"", ""buy_8th_pre_req"": ""78"", ""buy_8th_pre_req_pre"": ""0"", ""buy_9th_pre_bid"": ""-71000"", ""buy_9th_pre_req"": ""118"", ""buy_9th_pre_req_pre"": ""0"", ""buy_10th_pre_bid"": ""-70900"", ""buy_10th_pre_req"": ""78"", ""buy_10th_pre_req_pre"": ""0"", ""tot_sel_req_jub_pre"": ""--1"", ""tot_sel_req"": ""406"", ""tot_buy_req"": ""685"", ""tot_buy_req_jub_pre"": ""0"", ""ovt_sel_req_pre"": ""0"", ""ovt_sel_req"": ""0"", ""ovt_buy_req"": ""0"", ""ovt_buy_req_pre"": ""0"", ""return_code"": 0, ""return_msg"": ""정상적으로 처리되었습니다""}"
2026-06-10,scan_candidate,093370,,0,main_scan,15810,,15810,15800,15810,15800,-0.3795066413662239,0.06325110689437065,,,,,,"{""bid_req_base_tm"": ""101949"", ""sel_10th_pre_req_pre"": ""0"", ""sel_10th_pre_req"": ""497"", ""sel_10th_pre_bid"": ""+15900"", ""sel_9th_pre_req_pre"": ""0"", ""sel_9th_pre_req"": ""1753"", ""sel_9th_pre_bid"": ""+15890"", ""sel_8th_pre_req_pre"": ""0"", ""sel_8th_pre_req"": ""3960"", ""sel_8th_pre_bid"": ""+15880"", ""sel_7th_pre_req_pre"": ""0"", ""sel_7th_pre_req"": ""498"", ""sel_7th_pre_bid"": ""+15870"", ""sel_6th_pre_req_pre"": ""0"", ""sel_6th_pre_req"": ""634"", ""sel_6th_pre_bid"": ""+15860"", ""sel_5th_pre_req_pre"": ""0"", ""sel_5th_pre_req"": ""3257"", ""sel_5th_pre_bid"": ""+15850"", ""sel_4th_pre_req_pre"": ""0"", ""sel_4th_pre_req"": ""3661"", ""sel_4th_pre_bid"": ""+15840"", ""sel_3th_pre_req_pre"": ""+2"", ""sel_3th_pre_req"": ""1468"", ""sel_3th_pre_bid"": ""+15830"", ""sel_2th_pre_req_pre"": ""0"", ""sel_2th_pre_req"": ""2054"", ""sel_2th_pre_bid"": ""+15820"", ""sel_1th_pre_req_pre"": ""0"", ""sel_fpr_req"": ""603"", ""sel_fpr_bid"": ""+15810"", ""buy_fpr_bid"": ""+15800"", ""buy_fpr_req"": ""707"", ""buy_1th_pre_req_pre"": ""--191"", ""buy_2th_pre_bid"": ""+15790"", ""buy_2th_pre_req"": ""822"", ""buy_2th_pre_req_pre"": ""0"", ""buy_3th_pre_bid"": ""+15780"", ""buy_3th_pre_req"": ""615"", ""buy_3th_pre_req_pre"": ""0"", ""buy_4th_pre_bid"": ""+15770"", ""buy_4th_pre_req"": ""1967"", ""buy_4th_pre_req_pre"": ""0"", ""buy_5th_pre_bid"": ""+15760"", ""buy_5th_pre_req"": ""2245"", ""buy_5th_pre_req_pre"": ""0"", ""buy_6th_pre_bid"": ""+15750"", ""buy_6th_pre_req"": ""1401"", ""buy_6th_pre_req_pre"": ""0"", ""buy_7th_pre_bid"": ""+15740"", ""buy_7th_pre_req"": ""1687"", ""buy_7th_pre_req_pre"": ""--10"", ""buy_8th_pre_bid"": ""+15730"", ""buy_8th_pre_req"": ""1454"", ""buy_8th_pre_req_pre"": ""+10"", ""buy_9th_pre_bid"": ""+15720"", ""buy_9th_pre_req"": ""3809"", ""buy_9th_pre_req_pre"": ""0"", ""buy_10th_pre_bid"": ""+15710"", ""buy_10th_pre_req"": ""9336"", ""buy_10th_pre_req_pre"": ""0"", ""tot_sel_req_jub_pre"": ""+2"", ""tot_sel_req"": ""18385"", ""tot_buy_req"": ""24043"", ""tot_buy_req_jub_pre"": ""--191"", ""ovt_sel_req_pre"": ""0"", ""ovt_sel_req"": ""0"", ""ovt_buy_req"": ""0"", ""ovt_buy_req_pre"": ""0"", ""return_code"": 0, ""return_msg"": ""정상적으로 처리되었습니다""}"
2026-06-10,scan_candidate,066575,,0,main_scan,79700,,79700,79600,79700,79400,-0.5018820577164366,0.12547051442910914,,,,,,"{""bid_req_base_tm"": ""101948"", ""sel_10th_pre_req_pre"": ""0"", ""sel_10th_pre_req"": ""535"", ""sel_10th_pre_bid"": ""-80600"", ""sel_9th_pre_req_pre"": ""0"", ""sel_9th_pre_req"": ""247"", ""sel_9th_pre_bid"": ""-80500"", ""sel_8th_pre_req_pre"": ""0"", ""sel_8th_pre_req"": ""23"", ""sel_8th_pre_bid"": ""-80400"", ""sel_7th_pre_req_pre"": ""0"", ""sel_7th_pre_req"": ""180"", ""sel_7th_pre_bid"": ""-80300"", ""sel_6th_pre_req_pre"": ""0"", ""sel_6th_pre_req"": ""330"", ""sel_6th_pre_bid"": ""-80200"", ""sel_5th_pre_req_pre"": ""0"", ""sel_5th_pre_req"": ""94"", ""sel_5th_pre_bid"": ""-80100"", ""sel_4th_pre_req_pre"": ""0"", ""sel_4th_pre_req"": ""862"", ""sel_4th_pre_bid"": ""-80000"", ""sel_3th_pre_req_pre"": ""0"", ""sel_3th_pre_req"": ""337"", ""sel_3th_pre_bid"": ""-79900"", ""sel_2th_pre_req_pre"": ""0"", ""sel_2th_pre_req"": ""369"", ""sel_2th_pre_bid"": ""-79800"", ""sel_1th_pre_req_pre"": ""0"", ""sel_fpr_req"": ""6"", ""sel_fpr_bid"": ""-79700"", ""buy_fpr_bid"": ""-79600"", ""buy_fpr_req"": ""486"", ""buy_1th_pre_req_pre"": ""0"", ""buy_2th_pre_bid"": ""-79500"", ""buy_2th_pre_req"": ""18"", ""buy_2th_pre_req_pre"": ""0"", ""buy_3th_pre_bid"": ""-79400"", ""buy_3th_pre_req"": ""57"", ""buy_3th_pre_req_pre"": ""0"", ""buy_4th_pre_bid"": ""-79300"", ""buy_4th_pre_req"": ""207"", ""buy_4th_pre_req_pre"": ""0"", ""buy_5th_pre_bid"": ""-79200"", ""buy_5th_pre_req"": ""260"", ""buy_5th_pre_req_pre"": ""0"", ""buy_6th_pre_bid"": ""-79100"", ""buy_6th_pre_req"": ""89"", ""buy_6th_pre_req_pre"": ""0"", ""buy_7th_pre_bid"": ""-79000"", ""buy_7th_pre_req"": ""81"", ""buy_7th_pre_req_pre"": ""0"", ""buy_8th_pre_bid"": ""-78900"", ""buy_8th_pre_req"": ""140"", ""buy_8th_pre_req_pre"": ""0"", ""buy_9th_pre_bid"": ""-78800"", ""buy_9th_pre_req"": ""233"", ""buy_9th_pre_req_pre"": ""0"", ""buy_10th_pre_bid"": ""-78700"", ""buy_10th_pre_req"": ""15"", ""buy_10th_pre_req_pre"": ""0"", ""tot_sel_req_jub_pre"": ""0"", ""tot_sel_req"": ""2983"", ""tot_buy_req"": ""1586"", ""tot_buy_req_jub_pre"": ""0"", ""ovt_sel_req_pre"": ""0"", ""ovt_sel_req"": ""0"", ""ovt_buy_req"": ""0"", ""ovt_buy_req_pre"": ""0"", ""return_code"": 0, ""return_msg"": ""정상적으로 처리되었습니다""}"
2026-06-10,scan_candidate,181710,,0,main_scan,40200,,40200,40050,40200,40450,0.4975124378109453,0.3731343283582089,,,,,,"{""bid_req_base_tm"": ""101949"", ""sel_10th_pre_req_pre"": ""0"", ""sel_10th_pre_req"": ""76"", ""sel_10th_pre_bid"": ""-40950"", ""sel_9th_pre_req_pre"": ""0"", ""sel_9th_pre_req"": ""3"", ""sel_9th_pre_bid"": ""-40850"", ""sel_8th_pre_req_pre"": ""0"", ""sel_8th_pre_req"": ""24"", ""sel_8th_pre_bid"": ""-40700"", ""sel_7th_pre_req_pre"": ""0"", ""sel_7th_pre_req"": ""3"", ""sel_7th_pre_bid"": ""-40650"", ""sel_6th_pre_req_pre"": ""0"", ""sel_6th_pre_req"": ""12"", ""sel_6th_pre_bid"": ""-40600"", ""sel_5th_pre_req_pre"": ""0"", ""sel_5th_pre_req"": ""2"", ""sel_5th_pre_bid"": ""-40550"", ""sel_4th_pre_req_pre"": ""0"", ""sel_4th_pre_req"": ""821"", ""sel_4th_pre_bid"": ""-40500"", ""sel_3th_pre_req_pre"": ""0"", ""sel_3th_pre_req"": ""199"", ""sel_3th_pre_bid"": ""-40450"", ""sel_2th_pre_req_pre"": ""0"", ""sel_2th_pre_req"": ""35"", ""sel_2th_pre_bid"": ""-40350"", ""sel_1th_pre_req_pre"": ""+121"", ""sel_fpr_req"": ""123"", ""sel_fpr_bid"": ""-40200"", ""buy_fpr_bid"": ""-40050"", ""buy_fpr_req"": ""155"", ""buy_1th_pre_req_pre"": ""--122"", ""buy_2th_pre_bid"": ""-40000"", ""buy_2th_pre_req"": ""1267"", ""buy_2th_pre_req_pre"": ""+50"", ""buy_3th_pre_bid"": ""-39950"", ""buy_3th_pre_req"": ""49"", ""buy_3th_pre_req_pre"": ""0"", ""buy_4th_pre_bid"": ""-39900"", ""buy_4th_pre_req"": ""414"", ""buy_4th_pre_req_pre"": ""0"", ""buy_5th_pre_bid"": ""-39850"", ""buy_5th_pre_req"": ""522"", ""buy_5th_pre_req_pre"": ""0"", ""buy_6th_pre_bid"": ""-39800"", ""buy_6th_pre_req"": ""410"", ""buy_6th_pre_req_pre"": ""0"", ""buy_7th_pre_bid"": ""-39750"", ""buy_7th_pre_req"": ""36"", ""buy_7th_pre_req_pre"": ""0"", ""buy_8th_pre_bid"": ""-39700"", ""buy_8th_pre_req"": ""773"", ""buy_8th_pre_req_pre"": ""0"", ""buy_9th_pre_bid"": ""-39650"", ""buy_9th_pre_req"": ""40"", ""buy_9th_pre_req_pre"": ""0"", ""buy_10th_pre_bid"": ""-39600"", ""buy_10th_pre_req"": ""453"", ""buy_10th_pre_req_pre"": ""0"", ""tot_sel_req_jub_pre"": ""+121"", ""tot_sel_req"": ""1298"", ""tot_buy_req"": ""4119"", ""tot_buy_req_jub_pre"": ""--72"", ""ovt_sel_req_pre"": ""0"", ""ovt_sel_req"": ""0"", ""ovt_buy_req"": ""0"", ""ovt_buy_req_pre"": ""0"", ""return_code"": 0, ""return_msg"": ""정상적으로 처리되었습니다""}"
2026-06-10,scan_candidate,034230,,0,main_scan,15130,,15130,15110,15130,15050,-0.8592200925313946,0.13218770654329146,,,,,,"{""bid_req_base_tm"": ""101949"", ""sel_10th_pre_req_pre"": ""0"", ""sel_10th_pre_req"": ""413"", ""sel_10th_pre_bid"": ""+15220"", ""sel_9th_pre_req_pre"": ""0"", ""sel_9th_pre_req"": ""13"", ""sel_9th_pre_bid"": ""+15210"", ""sel_8th_pre_req_pre"": ""0"", ""sel_8th_pre_req"": ""597"", ""sel_8th_pre_bid"": ""+15200"", ""sel_7th_pre_req_pre"": ""0"", ""sel_7th_pre_req"": ""883"", ""sel_7th_pre_bid"": ""+15190"", ""sel_6th_pre_req_pre"": ""0"", ""sel_6th_pre_req"": ""58"", ""sel_6th_pre_bid"": ""+15180"", ""sel_5th_pre_req_pre"": ""0"", ""sel_5th_pre_req"": ""113"", ""sel_5th_pre_bid"": ""+15170"", ""sel_4th_pre_req_pre"": ""0"", ""sel_4th_pre_req"": ""26"", ""sel_4th_pre_bid"": ""+15160"", ""sel_3th_pre_req_pre"": ""0"", ""sel_3th_pre_req"": ""80"", ""sel_3th_pre_bid"": ""+15150"", ""sel_2th_pre_req_pre"": ""0"", ""sel_2th_pre_req"": ""71"", ""sel_2th_pre_bid"": ""+15140"", ""sel_1th_pre_req_pre"": ""+700"", ""sel_fpr_req"": ""719"", ""sel_fpr_bid"": ""+15130"", ""buy_fpr_bid"": ""+15110"", ""buy_fpr_req"": ""1"", ""buy_1th_pre_req_pre"": ""0"", ""buy_2th_pre_bid"": ""+15100"", ""buy_2th_pre_req"": ""1"", ""buy_2th_pre_req_pre"": ""0"", ""buy_3th_pre_bid"": ""+15090"", ""buy_3th_pre_req"": ""42"", ""buy_3th_pre_req_pre"": ""0"", ""buy_4th_pre_bid"": ""+15070"", ""buy_4th_pre_req"": ""200"", ""buy_4th_pre_req_pre"": ""0"", ""buy_5th_pre_bid"": ""+15040"", ""buy_5th_pre_req"": ""156"", ""buy_5th_pre_req_pre"": ""0"", ""buy_6th_pre_bid"": ""+15030"", ""buy_6th_pre_req"": ""29"", ""buy_6th_pre_req_pre"": ""0"", ""buy_7th_pre_bid"": ""15020"", ""buy_7th_pre_req"": ""165"", ""buy_7th_pre_req_pre"": ""0"", ""buy_8th_pre_bid"": ""-15010"", ""buy_8th_pre_req"": ""264"", ""buy_8th_pre_req_pre"": ""0"", ""buy_9th_pre_bid"": ""-15000"", ""buy_9th_pre_req"": ""192"", ""buy_9th_pre_req_pre"": ""0"", ""buy_10th_pre_bid"": ""-14990"", ""buy_10th_pre_req"": ""97"", ""buy_10th_pre_req_pre"": ""0"", ""tot_sel_req_jub_pre"": ""+700"", ""tot_sel_req"": ""2973"", ""tot_buy_req"": ""1147"", ""tot_buy_req_jub_pre"": ""0"", ""ovt_sel_req_pre"": ""0"", ""ovt_sel_req"": ""0"", ""ovt_buy_req"": ""0"", ""ovt_buy_req_pre"": ""0"", ""return_code"": 0, ""return_msg"": ""정상적으로 처리되었습니다""}"
2026-06-10,scan_candidate,281820,,0,main_scan,67600,,67600,67500,67600,67500,-0.2958579881656805,0.14792899408284024,,,,,,"{""bid_req_base_tm"": ""101949"", ""sel_10th_pre_req_pre"": ""0"", ""sel_10th_pre_req"": ""167"", ""sel_10th_pre_bid"": ""+68500"", ""sel_9th_pre_req_pre"": ""0"", ""sel_9th_pre_req"": ""235"", ""sel_9th_pre_bid"": ""+68400"", ""sel_8th_pre_req_pre"": ""0"", ""sel_8th_pre_req"": ""96"", ""sel_8th_pre_bid"": ""+68300"", ""sel_7th_pre_req_pre"": ""0"", ""sel_7th_pre_req"": ""44"", ""sel_7th_pre_bid"": ""+68200"", ""sel_6th_pre_req_pre"": ""0"", ""sel_6th_pre_req"": ""30"", ""sel_6th_pre_bid"": ""+68100"", ""sel_5th_pre_req_pre"": ""0"", ""sel_5th_pre_req"": ""23"", ""sel_5th_pre_bid"": ""+68000"", ""sel_4th_pre_req_pre"": ""0"", ""sel_4th_pre_req"": ""73"", ""sel_4th_pre_bid"": ""+67900"", ""sel_3th_pre_req_pre"": ""0"", ""sel_3th_pre_req"": ""55"", ""sel_3th_pre_bid"": ""+67800"", ""sel_2th_pre_req_pre"": ""0"", ""sel_2th_pre_req"": ""3"", ""sel_2th_pre_bid"": ""+67700"", ""sel_1th_pre_req_pre"": ""--6"", ""sel_fpr_req"": ""15"", ""sel_fpr_bid"": ""+67600"", ""buy_fpr_bid"": ""+67500"", ""buy_fpr_req"": ""14"", ""buy_1th_pre_req_pre"": ""0"", ""buy_2th_pre_bid"": ""+67400"", ""buy_2th_pre_req"": ""4"", ""buy_2th_pre_req_pre"": ""--27"", ""buy_3th_pre_bid"": ""+67200"", ""buy_3th_pre_req"": ""40"", ""buy_3th_pre_req_pre"": ""--2"", ""buy_4th_pre_bid"": ""+67100"", ""buy_4th_pre_req"": ""112"", ""buy_4th_pre_req_pre"": ""--1"", ""buy_5th_pre_bid"": ""+67000"", ""buy_5th_pre_req"": ""283"", ""buy_5th_pre_req_pre"": ""0"", ""buy_6th_pre_bid"": ""+66900"", ""buy_6th_pre_req"": ""205"", ""buy_6th_pre_req_pre"": ""0"", ""buy_7th_pre_bid"": ""+66800"", ""buy_7th_pre_req"": ""31"", ""buy_7th_pre_req_pre"": ""0"", ""buy_8th_pre_bid"": ""+66700"", ""buy_8th_pre_req"": ""19"", ""buy_8th_pre_req_pre"": ""0"", ""buy_9th_pre_bid"": ""+66600"", ""buy_9th_pre_req"": ""28"", ""buy_9th_pre_req_pre"": ""0"", ""buy_10th_pre_bid"": ""+66500"", ""buy_10th_pre_req"": ""75"", ""buy_10th_pre_req_pre"": ""0"", ""tot_sel_req_jub_pre"": ""--6"", ""tot_sel_req"": ""741"", ""tot_buy_req"": ""811"", ""tot_buy_req_jub_pre"": ""--30"", ""ovt_sel_req_pre"": ""0"", ""ovt_sel_req"": ""0"", ""ovt_buy_req"": ""0"", ""ovt_buy_req_pre"": ""0"", ""return_code"": 0, ""return_msg"": ""정상적으로 처리되었습니다""}"
2026-06-10,scan_candidate,195870,,0,main_scan,77400,,77400,77300,77400,77300,-0.2583979328165375,0.12919896640826875,,,,,,"{""bid_req_base_tm"": ""101949"", ""sel_10th_pre_req_pre"": ""0"", ""sel_10th_pre_req"": ""28"", ""sel_10th_pre_bid"": ""+78400"", ""sel_9th_pre_req_pre"": ""0"", ""sel_9th_pre_req"": ""127"", ""sel_9th_pre_bid"": ""+78300"", ""sel_8th_pre_req_pre"": ""0"", ""sel_8th_pre_req"": ""22"", ""sel_8th_pre_bid"": ""+78200"", ""sel_7th_pre_req_pre"": ""0"", ""sel_7th_pre_req"": ""4"", ""sel_7th_pre_bid"": ""+78100"", ""sel_6th_pre_req_pre"": ""0"", ""sel_6th_pre_req"": ""33"", ""sel_6th_pre_bid"": ""+78000"", ""sel_5th_pre_req_pre"": ""0"", ""sel_5th_pre_req"": ""32"", ""sel_5th_pre_bid"": ""+77900"", ""sel_4th_pre_req_pre"": ""0"", ""sel_4th_pre_req"": ""115"", ""sel_4th_pre_bid"": ""+77800"", ""sel_3th_pre_req_pre"": ""0"", ""sel_3th_pre_req"": ""17"", ""sel_3th_pre_bid"": ""+77700"", ""sel_2th_pre_req_pre"": ""0"", ""sel_2th_pre_req"": ""19"", ""sel_2th_pre_bid"": ""+77500"", ""sel_1th_pre_req_pre"": ""0"", ""sel_fpr_req"": ""88"", ""sel_fpr_bid"": ""+77400"", ""buy_fpr_bid"": ""+77300"", ""buy_fpr_req"": ""55"", ""buy_1th_pre_req_pre"": ""--1"", ""buy_2th_pre_bid"": ""+77200"", ""buy_2th_pre_req"": ""13"", ""buy_2th_pre_req_pre"": ""0"", ""buy_3th_pre_bid"": ""+77100"", ""buy_3th_pre_req"": ""3"", ""buy_3th_pre_req_pre"": ""0"", ""buy_4th_pre_bid"": ""+77000"", ""buy_4th_pre_req"": ""34"", ""buy_4th_pre_req_pre"": ""0"", ""buy_5th_pre_bid"": ""+76900"", ""buy_5th_pre_req"": ""30"", ""buy_5th_pre_req_pre"": ""0"", ""buy_6th_pre_bid"": ""+76800"", ""buy_6th_pre_req"": ""36"", ""buy_6th_pre_req_pre"": ""0"", ""buy_7th_pre_bid"": ""+76700"", ""buy_7th_pre_req"": ""50"", ""buy_7th_pre_req_pre"": ""0"", ""buy_8th_pre_bid"": ""+76600"", ""buy_8th_pre_req"": ""106"", ""buy_8th_pre_req_pre"": ""0"", ""buy_9th_pre_bid"": ""+76500"", ""buy_9th_pre_req"": ""2"", ""buy_9th_pre_req_pre"": ""0"", ""buy_10th_pre_bid"": ""+76400"", ""buy_10th_pre_req"": ""32"", ""buy_10th_pre_req_pre"": ""0"", ""tot_sel_req_jub_pre"": ""0"", ""tot_sel_req"": ""485"", ""tot_buy_req"": ""361"", ""tot_buy_req_jub_pre"": ""--1"", ""ovt_sel_req_pre"": ""0"", ""ovt_sel_req"": ""0"", ""ovt_buy_req"": ""0"", ""ovt_buy_req_pre"": ""0"", ""return_code"": 0, ""return_msg"": ""정상적으로 처리되었습니다""}"
2026-06-10,scan_candidate,001820,,0,main_scan,115800,,115800,115700,115800,115500,-0.690846286701209,0.08635578583765112,,,,,,"{""bid_req_base_tm"": ""101950"", ""sel_10th_pre_req_pre"": ""0"", ""sel_10th_pre_req"": ""22"", ""sel_10th_pre_bid"": ""-116700"", ""sel_9th_pre_req_pre"": ""0"", ""sel_9th_pre_req"": ""1"", ""sel_9th_pre_bid"": ""-116600"", ""sel_8th_pre_req_pre"": ""0"", ""sel_8th_pre_req"": ""97"", ""sel_8th_pre_bid"": ""-116500"", ""sel_7th_pre_req_pre"": ""0"", ""sel_7th_pre_req"": ""142"", ""sel_7th_pre_bid"": ""-116400"", ""sel_6th_pre_req_pre"": ""0"", ""sel_6th_pre_req"": ""74"", ""sel_6th_pre_bid"": ""-116300"", ""sel_5th_pre_req_pre"": ""0"", ""sel_5th_pre_req"": ""20"", ""sel_5th_pre_bid"": ""-116200"", ""sel_4th_pre_req_pre"": ""0"", ""sel_4th_pre_req"": ""53"", ""sel_4th_pre_bid"": ""-116100"", ""sel_3th_pre_req_pre"": ""0"", ""sel_3th_pre_req"": ""43"", ""sel_3th_pre_bid"": ""-116000"", ""sel_2th_pre_req_pre"": ""0"", ""sel_2th_pre_req"": ""40"", ""sel_2th_pre_bid"": ""-115900"", ""sel_1th_pre_req_pre"": ""--11"", ""sel_fpr_req"": ""61"", ""sel_fpr_bid"": ""-115800"", ""buy_fpr_bid"": ""-115700"", ""buy_fpr_req"": ""94"", ""buy_1th_pre_req_pre"": ""0"", ""buy_2th_pre_bid"": ""-115600"", ""buy_2th_pre_req"": ""68"", ""buy_2th_pre_req_pre"": ""0"", ""buy_3th_pre_bid"": ""-115500"", ""buy_3th_pre_req"": ""63"", ""buy_3th_pre_req_pre"": ""0"", ""buy_4th_pre_bid"": ""-115400"", ""buy_4th_pre_req"": ""12"", ""buy_4th_pre_req_pre"": ""0"", ""buy_5th_pre_bid"": ""-115300"", ""buy_5th_pre_req"": ""87"", ""buy_5th_pre_req_pre"": ""0"", ""buy_6th_pre_bid"": ""-115200"", ""buy_6th_pre_req"": ""222"", ""buy_6th_pre_req_pre"": ""0"", ""buy_7th_pre_bid"": ""-115100"", ""buy_7th_pre_req"": ""734"", ""buy_7th_pre_req_pre"": ""0"", ""buy_8th_pre_bid"": ""-115000"", ""buy_8th_pre_req"": ""99"", ""buy_8th_pre_req_pre"": ""0"", ""buy_9th_pre_bid"": ""-114900"", ""buy_9th_pre_req"": ""138"", ""buy_9th_pre_req_pre"": ""0"", ""buy_10th_pre_bid"": ""-114800"", ""buy_10th_pre_req"": ""5"", ""buy_10th_pre_req_pre"": ""0"", ""tot_sel_req_jub_pre"": ""--11"", ""tot_sel_req"": ""553"", ""tot_buy_req"": ""1522"", ""tot_buy_req_jub_pre"": ""0"", ""ovt_sel_req_pre"": ""0"", ""ovt_sel_req"": ""0"", ""ovt_buy_req"": ""0"", ""ovt_buy_req_pre"": ""0"", ""return_code"": 0, ""return_msg"": ""정상적으로 처리되었습니다""}"
2026-06-10,scan_candidate,000815,,0,main_scan,401000,,401000,400500,401000,401500,0.0,0.12468827930174563,,,,,,"{""bid_req_base_tm"": ""101934"", ""sel_10th_pre_req_pre"": ""0"", ""sel_10th_pre_req"": ""122"", ""sel_10th_pre_bid"": ""-406000"", ""sel_9th_pre_req_pre"": ""0"", ""sel_9th_pre_req"": ""65"", ""sel_9th_pre_bid"": ""-405500"", ""sel_8th_pre_req_pre"": ""0"", ""sel_8th_pre_req"": ""122"", ""sel_8th_pre_bid"": ""-405000"", ""sel_7th_pre_req_pre"": ""0"", ""sel_7th_pre_req"": ""126"", ""sel_7th_pre_bid"": ""-404500"", ""sel_6th_pre_req_pre"": ""0"", ""sel_6th_pre_req"": ""50"", ""sel_6th_pre_bid"": ""-404000"", ""sel_5th_pre_req_pre"": ""0"", ""sel_5th_pre_req"": ""15"", ""sel_5th_pre_bid"": ""-403500"", ""sel_4th_pre_req_pre"": ""0"", ""sel_4th_pre_req"": ""42"", ""sel_4th_pre_bid"": ""-403000"", ""sel_3th_pre_req_pre"": ""0"", ""sel_3th_pre_req"": ""6"", ""sel_3th_pre_bid"": ""-402000"", ""sel_2th_pre_req_pre"": ""0"", ""sel_2th_pre_req"": ""37"", ""sel_2th_pre_bid"": ""-401500"", ""sel_1th_pre_req_pre"": ""+1"", ""sel_fpr_req"": ""7"", ""sel_fpr_bid"": ""-401000"", ""buy_fpr_bid"": ""-400500"", ""buy_fpr_req"": ""20"", ""buy_1th_pre_req_pre"": ""0"", ""buy_2th_pre_bid"": ""-400000"", ""buy_2th_pre_req"": ""168"", ""buy_2th_pre_req_pre"": ""0"", ""buy_3th_pre_bid"": ""-399500"", ""buy_3th_pre_req"": ""12"", ""buy_3th_pre_req_pre"": ""0"", ""buy_4th_pre_bid"": ""-399000"", ""buy_4th_pre_req"": ""113"", ""buy_4th_pre_req_pre"": ""0"", ""buy_5th_pre_bid"": ""-398500"", ""buy_5th_pre_req"": ""78"", ""buy_5th_pre_req_pre"": ""0"", ""buy_6th_pre_bid"": ""-398000"", ""buy_6th_pre_req"": ""103"", ""buy_6th_pre_req_pre"": ""0"", ""buy_7th_pre_bid"": ""-397500"", ""buy_7th_pre_req"": ""147"", ""buy_7th_pre_req_pre"": ""0"", ""buy_8th_pre_bid"": ""-397000"", ""buy_8th_pre_req"": ""58"", ""buy_8th_pre_req_pre"": ""0"", ""buy_9th_pre_bid"": ""-396500"", ""buy_9th_pre_req"": ""11"", ""buy_9th_pre_req_pre"": ""0"", ""buy_10th_pre_bid"": ""-396000"", ""buy_10th_pre_req"": ""24"", ""buy_10th_pre_req_pre"": ""0"", ""tot_sel_req_jub_pre"": ""+1"", ""tot_sel_req"": ""592"", ""tot_buy_req"": ""734"", ""tot_buy_req_jub_pre"": ""0"", ""ovt_sel_req_pre"": ""0"", ""ovt_sel_req"": ""0"", ""ovt_buy_req"": ""0"", ""ovt_buy_req_pre"": ""0"", ""return_code"": 0, ""return_msg"": ""정상적으로 처리되었습니다""}"
2026-06-10,scan_candidate,499790,,0,main_scan,48850,,48850,48750,48850,48800,-0.2047082906857728,0.2047082906857728,,,,,,"{""bid_req_base_tm"": ""101946"", ""sel_10th_pre_req_pre"": ""0"", ""sel_10th_pre_req"": ""5"", ""sel_10th_pre_bid"": ""+49550"", ""sel_9th_pre_req_pre"": ""0"", ""sel_9th_pre_req"": ""101"", ""sel_9th_pre_bid"": ""+49500"", ""sel_8th_pre_req_pre"": ""0"", ""sel_8th_pre_req"": ""15"", ""sel_8th_pre_bid"": ""+49450"", ""sel_7th_pre_req_pre"": ""0"", ""sel_7th_pre_req"": ""201"", ""sel_7th_pre_bid"": ""+49350"", ""sel_6th_pre_req_pre"": ""0"", ""sel_6th_pre_req"": ""84"", ""sel_6th_pre_bid"": ""+49300"", ""sel_5th_pre_req_pre"": ""+30"", ""sel_5th_pre_req"": ""60"", ""sel_5th_pre_bid"": ""+49250"", ""sel_4th_pre_req_pre"": ""0"", ""sel_4th_pre_req"": ""61"", ""sel_4th_pre_bid"": ""+49200"", ""sel_3th_pre_req_pre"": ""0"", ""sel_3th_pre_req"": ""1"", ""sel_3th_pre_bid"": ""+49150"", ""sel_2th_pre_req_pre"": ""0"", ""sel_2th_pre_req"": ""1"", ""sel_2th_pre_bid"": ""+48950"", ""sel_1th_pre_req_pre"": ""0"", ""sel_fpr_req"": ""14"", ""sel_fpr_bid"": ""+48850"", ""buy_fpr_bid"": ""+48750"", ""buy_fpr_req"": ""4"", ""buy_1th_pre_req_pre"": ""0"", ""buy_2th_pre_bid"": ""+48700"", ""buy_2th_pre_req"": ""78"", ""buy_2th_pre_req_pre"": ""0"", ""buy_3th_pre_bid"": ""+48650"", ""buy_3th_pre_req"": ""57"", ""buy_3th_pre_req_pre"": ""0"", ""buy_4th_pre_bid"": ""+48600"", ""buy_4th_pre_req"": ""109"", ""buy_4th_pre_req_pre"": ""0"", ""buy_5th_pre_bid"": ""+48550"", ""buy_5th_pre_req"": ""1"", ""buy_5th_pre_req_pre"": ""0"", ""buy_6th_pre_bid"": ""+48500"", ""buy_6th_pre_req"": ""1"", ""buy_6th_pre_req_pre"": ""0"", ""buy_7th_pre_bid"": ""+48450"", ""buy_7th_pre_req"": ""1"", ""buy_7th_pre_req_pre"": ""0"", ""buy_8th_pre_bid"": ""+48400"", ""buy_8th_pre_req"": ""1"", ""buy_8th_pre_req_pre"": ""0"", ""buy_9th_pre_bid"": ""+48300"", ""buy_9th_pre_req"": ""6"", ""buy_9th_pre_req_pre"": ""0"", ""buy_10th_pre_bid"": ""+48250"", ""buy_10th_pre_req"": ""2"", ""buy_10th_pre_req_pre"": ""0"", ""tot_sel_req_jub_pre"": ""+30"", ""tot_sel_req"": ""543"", ""tot_buy_req"": ""260"", ""tot_buy_req_jub_pre"": ""0"", ""ovt_sel_req_pre"": ""0"", ""ovt_sel_req"": ""0"", ""ovt_buy_req"": ""0"", ""ovt_buy_req_pre"": ""0"", ""return_code"": 0, ""return_msg"": ""정상적으로 처리되었습니다""}"
2026-06-10,scan_candidate,100090,,0,main_scan,16480,,16480,16470,16480,16500,-0.1820388349514563,0.06067961165048543,,,,,,"{""bid_req_base_tm"": ""101951"", ""sel_10th_pre_req_pre"": ""0"", ""sel_10th_pre_req"": ""461"", ""sel_10th_pre_bid"": ""+16600"", ""sel_9th_pre_req_pre"": ""0"", ""sel_9th_pre_req"": ""140"", ""sel_9th_pre_bid"": ""+16580"", ""sel_8th_pre_req_pre"": ""0"", ""sel_8th_pre_req"": ""123"", ""sel_8th_pre_bid"": ""+16570"", ""sel_7th_pre_req_pre"": ""0"", ""sel_7th_pre_req"": ""164"", ""sel_7th_pre_bid"": ""+16560"", ""sel_6th_pre_req_pre"": ""0"", ""sel_6th_pre_req"": ""37"", ""sel_6th_pre_bid"": ""+16540"", ""sel_5th_pre_req_pre"": ""0"", ""sel_5th_pre_req"": ""1066"", ""sel_5th_pre_bid"": ""+16520"", ""sel_4th_pre_req_pre"": ""0"", ""sel_4th_pre_req"": ""14"", ""sel_4th_pre_bid"": ""+16510"", ""sel_3th_pre_req_pre"": ""0"", ""sel_3th_pre_req"": ""538"", ""sel_3th_pre_bid"": ""+16500"", ""sel_2th_pre_req_pre"": ""0"", ""sel_2th_pre_req"": ""208"", ""sel_2th_pre_bid"": ""+16490"", ""sel_1th_pre_req_pre"": ""0"", ""sel_fpr_req"": ""391"", ""sel_fpr_bid"": ""+16480"", ""buy_fpr_bid"": ""+16470"", ""buy_fpr_req"": ""41"", ""buy_1th_pre_req_pre"": ""0"", ""buy_2th_pre_bid"": ""+16460"", ""buy_2th_pre_req"": ""333"", ""buy_2th_pre_req_pre"": ""0"", ""buy_3th_pre_bid"": ""+16450"", ""buy_3th_pre_req"": ""868"", ""buy_3th_pre_req_pre"": ""0"", ""buy_4th_pre_bid"": ""+16440"", ""buy_4th_pre_req"": ""195"", ""buy_4th_pre_req_pre"": ""0"", ""buy_5th_pre_bid"": ""+16430"", ""buy_5th_pre_req"": ""164"", ""buy_5th_pre_req_pre"": ""0"", ""buy_6th_pre_bid"": ""+16420"", ""buy_6th_pre_req"": ""123"", ""buy_6th_pre_req_pre"": ""0"", ""buy_7th_pre_bid"": ""+16410"", ""buy_7th_pre_req"": ""96"", ""buy_7th_pre_req_pre"": ""0"", ""buy_8th_pre_bid"": ""+16400"", ""buy_8th_pre_req"": ""3425"", ""buy_8th_pre_req_pre"": ""0"", ""buy_9th_pre_bid"": ""+16390"", ""buy_9th_pre_req"": ""472"", ""buy_9th_pre_req_pre"": ""0"", ""buy_10th_pre_bid"": ""+16380"", ""buy_10th_pre_req"": ""164"", ""buy_10th_pre_req_pre"": ""0"", ""tot_sel_req_jub_pre"": ""0"", ""tot_sel_req"": ""3142"", ""tot_buy_req"": ""5881"", ""tot_buy_req_jub_pre"": ""0"", ""ovt_sel_req_pre"": ""0"", ""ovt_sel_req"": ""0"", ""ovt_buy_req"": ""0"", ""ovt_buy_req_pre"": ""0"", ""return_code"": 0, ""return_msg"": ""정상적으로 처리되었습니다""}"
2026-06-10,scan_candidate,003160,,0,main_scan,28950,,28950,28900,28950,28900,-0.3454231433506045,0.17271157167530224,,,,,,"{""bid_req_base_tm"": ""101951"", ""sel_10th_pre_req_pre"": ""0"", ""sel_10th_pre_req"": ""2104"", ""sel_10th_pre_bid"": ""+29400"", ""sel_9th_pre_req_pre"": ""0"", ""sel_9th_pre_req"": ""47"", ""sel_9th_pre_bid"": ""+29350"", ""sel_8th_pre_req_pre"": ""0"", ""sel_8th_pre_req"": ""2053"", ""sel_8th_pre_bid"": ""+29300"", ""sel_7th_pre_req_pre"": ""0"", ""sel_7th_pre_req"": ""353"", ""sel_7th_pre_bid"": ""+29250"", ""sel_6th_pre_req_pre"": ""0"", ""sel_6th_pre_req"": ""78"", ""sel_6th_pre_bid"": ""+29200"", ""sel_5th_pre_req_pre"": ""0"", ""sel_5th_pre_req"": ""12"", ""sel_5th_pre_bid"": ""+29150"", ""sel_4th_pre_req_pre"": ""0"", ""sel_4th_pre_req"": ""302"", ""sel_4th_pre_bid"": ""+29100"", ""sel_3th_pre_req_pre"": ""0"", ""sel_3th_pre_req"": ""16"", ""sel_3th_pre_bid"": ""+29050"", ""sel_2th_pre_req_pre"": ""0"", ""sel_2th_pre_req"": ""314"", ""sel_2th_pre_bid"": ""+29000"", ""sel_1th_pre_req_pre"": ""0"", ""sel_fpr_req"": ""45"", ""sel_fpr_bid"": ""+28950"", ""buy_fpr_bid"": ""+28900"", ""buy_fpr_req"": ""63"", ""buy_1th_pre_req_pre"": ""0"", ""buy_2th_pre_bid"": ""+28850"", ""buy_2th_pre_req"": ""463"", ""buy_2th_pre_req_pre"": ""+133"", ""buy_3th_pre_bid"": ""+28800"", ""buy_3th_pre_req"": ""279"", ""buy_3th_pre_req_pre"": ""0"", ""buy_4th_pre_bid"": ""+28750"", ""buy_4th_pre_req"": ""338"", ""buy_4th_pre_req_pre"": ""0"", ""buy_5th_pre_bid"": ""+28700"", ""buy_5th_pre_req"": ""239"", ""buy_5th_pre_req_pre"": ""0"", ""buy_6th_pre_bid"": ""+28650"", ""buy_6th_pre_req"": ""61"", ""buy_6th_pre_req_pre"": ""0"", ""buy_7th_pre_bid"": ""+28600"", ""buy_7th_pre_req"": ""285"", ""buy_7th_pre_req_pre"": ""0"", ""buy_8th_pre_bid"": ""+28550"", ""buy_8th_pre_req"": ""808"", ""buy_8th_pre_req_pre"": ""0"", ""buy_9th_pre_bid"": ""+28500"", ""buy_9th_pre_req"": ""1286"", ""buy_9th_pre_req_pre"": ""0"", ""buy_10th_pre_bid"": ""+28450"", ""buy_10th_pre_req"": ""64"", ""buy_10th_pre_req_pre"": ""0"", ""tot_sel_req_jub_pre"": ""0"", ""tot_sel_req"": ""5324"", ""tot_buy_req"": ""3886"", ""tot_buy_req_jub_pre"": ""+133"", ""ovt_sel_req_pre"": ""0"", ""ovt_sel_req"": ""0"", ""ovt_buy_req"": ""0"", ""ovt_buy_req_pre"": ""0"", ""return_code"": 0, ""return_msg"": ""정상적으로 처리되었습니다""}"
2026-06-10,scan_candidate,000370,,0,main_scan,6680,,6680,6660,6680,6630,-0.8982035928143712,0.29940119760479045,,,,,,"{""bid_req_base_tm"": ""101950"", ""sel_10th_pre_req_pre"": ""0"", ""sel_10th_pre_req"": ""1639"", ""sel_10th_pre_bid"": ""+6770"", ""sel_9th_pre_req_pre"": ""0"", ""sel_9th_pre_req"": ""1672"", ""sel_9th_pre_bid"": ""+6760"", ""sel_8th_pre_req_pre"": ""0"", ""sel_8th_pre_req"": ""713"", ""sel_8th_pre_bid"": ""+6750"", ""sel_7th_pre_req_pre"": ""0"", ""sel_7th_pre_req"": ""20"", ""sel_7th_pre_bid"": ""+6740"", ""sel_6th_pre_req_pre"": ""0"", ""sel_6th_pre_req"": ""2015"", ""sel_6th_pre_bid"": ""+6730"", ""sel_5th_pre_req_pre"": ""0"", ""sel_5th_pre_req"": ""361"", ""sel_5th_pre_bid"": ""+6720"", ""sel_4th_pre_req_pre"": ""0"", ""sel_4th_pre_req"": ""274"", ""sel_4th_pre_bid"": ""+6710"", ""sel_3th_pre_req_pre"": ""0"", ""sel_3th_pre_req"": ""3394"", ""sel_3th_pre_bid"": ""+6700"", ""sel_2th_pre_req_pre"": ""0"", ""sel_2th_pre_req"": ""893"", ""sel_2th_pre_bid"": ""+6690"", ""sel_1th_pre_req_pre"": ""0"", ""sel_fpr_req"": ""388"", ""sel_fpr_bid"": ""+6680"", ""buy_fpr_bid"": ""+6660"", ""buy_fpr_req"": ""69"", ""buy_1th_pre_req_pre"": ""+5"", ""buy_2th_pre_bid"": ""+6650"", ""buy_2th_pre_req"": ""50"", ""buy_2th_pre_req_pre"": ""0"", ""buy_3th_pre_bid"": ""+6640"", ""buy_3th_pre_req"": ""51"", ""buy_3th_pre_req_pre"": ""0"", ""buy_4th_pre_bid"": ""+6630"", ""buy_4th_pre_req"": ""103"", ""buy_4th_pre_req_pre"": ""0"", ""buy_5th_pre_bid"": ""+6620"", ""buy_5th_pre_req"": ""158"", ""buy_5th_pre_req_pre"": ""0"", ""buy_6th_pre_bid"": ""+6610"", ""buy_6th_pre_req"": ""155"", ""buy_6th_pre_req_pre"": ""0"", ""buy_7th_pre_bid"": ""+6600"", ""buy_7th_pre_req"": ""115"", ""buy_7th_pre_req_pre"": ""0"", ""buy_8th_pre_bid"": ""+6590"", ""buy_8th_pre_req"": ""112"", ""buy_8th_pre_req_pre"": ""0"", ""buy_9th_pre_bid"": ""+6580"", ""buy_9th_pre_req"": ""161"", ""buy_9th_pre_req_pre"": ""0"", ""buy_10th_pre_bid"": ""+6570"", ""buy_10th_pre_req"": ""3155"", ""buy_10th_pre_req_pre"": ""0"", ""tot_sel_req_jub_pre"": ""0"", ""tot_sel_req"": ""11369"", ""tot_buy_req"": ""4129"", ""tot_buy_req_jub_pre"": ""+5"", ""ovt_sel_req_pre"": ""0"", ""ovt_sel_req"": ""0"", ""ovt_buy_req"": ""0"", ""ovt_buy_req_pre"": ""0"", ""return_code"": 0, ""return_msg"": ""정상적으로 처리되었습니다""}"
2026-06-10,scan_candidate,114090,,0,main_scan,12080,,12080,12060,12080,12050,-0.6622516556291391,0.16556291390728478,,,,,,"{""bid_req_base_tm"": ""101944"", ""sel_10th_pre_req_pre"": ""0"", ""sel_10th_pre_req"": ""81"", ""sel_10th_pre_bid"": ""+12180"", ""sel_9th_pre_req_pre"": ""0"", ""sel_9th_pre_req"": ""17"", ""sel_9th_pre_bid"": ""+12170"", ""sel_8th_pre_req_pre"": ""0"", ""sel_8th_pre_req"": ""10"", ""sel_8th_pre_bid"": ""+12160"", ""sel_7th_pre_req_pre"": ""0"", ""sel_7th_pre_req"": ""1074"", ""sel_7th_pre_bid"": ""+12150"", ""sel_6th_pre_req_pre"": ""0"", ""sel_6th_pre_req"": ""130"", ""sel_6th_pre_bid"": ""+12140"", ""sel_5th_pre_req_pre"": ""0"", ""sel_5th_pre_req"": ""475"", ""sel_5th_pre_bid"": ""+12130"", ""sel_4th_pre_req_pre"": ""0"", ""sel_4th_pre_req"": ""89"", ""sel_4th_pre_bid"": ""+12120"", ""sel_3th_pre_req_pre"": ""0"", ""sel_3th_pre_req"": ""5"", ""sel_3th_pre_bid"": ""+12110"", ""sel_2th_pre_req_pre"": ""--2"", ""sel_2th_pre_req"": ""3"", ""sel_2th_pre_bid"": ""+12100"", ""sel_1th_pre_req_pre"": ""0"", ""sel_fpr_req"": ""141"", ""sel_fpr_bid"": ""+12080"", ""buy_fpr_bid"": ""+12060"", ""buy_fpr_req"": ""70"", ""buy_1th_pre_req_pre"": ""0"", ""buy_2th_pre_bid"": ""+12050"", ""buy_2th_pre_req"": ""174"", ""buy_2th_pre_req_pre"": ""0"", ""buy_3th_pre_bid"": ""+12040"", ""buy_3th_pre_req"": ""502"", ""buy_3th_pre_req_pre"": ""0"", ""buy_4th_pre_bid"": ""+12030"", ""buy_4th_pre_req"": ""1"", ""buy_4th_pre_req_pre"": ""0"", ""buy_5th_pre_bid"": ""+12020"", ""buy_5th_pre_req"": ""98"", ""buy_5th_pre_req_pre"": ""0"", ""buy_6th_pre_bid"": ""+12010"", ""buy_6th_pre_req"": ""3"", ""buy_6th_pre_req_pre"": ""0"", ""buy_7th_pre_bid"": ""+12000"", ""buy_7th_pre_req"": ""656"", ""buy_7th_pre_req_pre"": ""0"", ""buy_8th_pre_bid"": ""+11990"", ""buy_8th_pre_req"": ""178"", ""buy_8th_pre_req_pre"": ""0"", ""buy_9th_pre_bid"": ""+11980"", ""buy_9th_pre_req"": ""340"", ""buy_9th_pre_req_pre"": ""0"", ""buy_10th_pre_bid"": ""+11970"", ""buy_10th_pre_req"": ""63"", ""buy_10th_pre_req_pre"": ""0"", ""tot_sel_req_jub_pre"": ""--2"", ""tot_sel_req"": ""2025"", ""tot_buy_req"": ""2085"", ""tot_buy_req_jub_pre"": ""0"", ""ovt_sel_req_pre"": ""0"", ""ovt_sel_req"": ""0"", ""ovt_buy_req"": ""0"", ""ovt_buy_req_pre"": ""0"", ""return_code"": 0, ""return_msg"": ""정상적으로 처리되었습니다""}"
2026-06-10,scan_candidate,005090,,0,main_scan,52100,,52100,52000,52100,52700,0.9596928982725527,0.19193857965451055,,,,,,"{""bid_req_base_tm"": ""101943"", ""sel_10th_pre_req_pre"": ""0"", ""sel_10th_pre_req"": ""71"", ""sel_10th_pre_bid"": ""+53600"", ""sel_9th_pre_req_pre"": ""0"", ""sel_9th_pre_req"": ""12"", ""sel_9th_pre_bid"": ""+53500"", ""sel_8th_pre_req_pre"": ""0"", ""sel_8th_pre_req"": ""610"", ""sel_8th_pre_bid"": ""+53400"", ""sel_7th_pre_req_pre"": ""0"", ""sel_7th_pre_req"": ""67"", ""sel_7th_pre_bid"": ""+53100"", ""sel_6th_pre_req_pre"": ""0"", ""sel_6th_pre_req"": ""33"", ""sel_6th_pre_bid"": ""+53000"", ""sel_5th_pre_req_pre"": ""0"", ""sel_5th_pre_req"": ""52"", ""sel_5th_pre_bid"": ""+52900"", ""sel_4th_pre_req_pre"": ""0"", ""sel_4th_pre_req"": ""50"", ""sel_4th_pre_bid"": ""+52400"", ""sel_3th_pre_req_pre"": ""0"", ""sel_3th_pre_req"": ""3"", ""sel_3th_pre_bid"": ""+52300"", ""sel_2th_pre_req_pre"": ""0"", ""sel_2th_pre_req"": ""465"", ""sel_2th_pre_bid"": ""+52200"", ""sel_1th_pre_req_pre"": ""0"", ""sel_fpr_req"": ""4"", ""sel_fpr_bid"": ""+52100"", ""buy_fpr_bid"": ""+52000"", ""buy_fpr_req"": ""123"", ""buy_1th_pre_req_pre"": ""0"", ""buy_2th_pre_bid"": ""+51900"", ""buy_2th_pre_req"": ""20"", ""buy_2th_pre_req_pre"": ""0"", ""buy_3th_pre_bid"": ""+51800"", ""buy_3th_pre_req"": ""1226"", ""buy_3th_pre_req_pre"": ""0"", ""buy_4th_pre_bid"": ""+51700"", ""buy_4th_pre_req"": ""121"", ""buy_4th_pre_req_pre"": ""+39"", ""buy_5th_pre_bid"": ""+51600"", ""buy_5th_pre_req"": ""10"", ""buy_5th_pre_req_pre"": ""0"", ""buy_6th_pre_bid"": ""+51500"", ""buy_6th_pre_req"": ""1"", ""buy_6th_pre_req_pre"": ""0"", ""buy_7th_pre_bid"": ""+51400"", ""buy_7th_pre_req"": ""1"", ""buy_7th_pre_req_pre"": ""0"", ""buy_8th_pre_bid"": ""+51300"", ""buy_8th_pre_req"": ""103"", ""buy_8th_pre_req_pre"": ""0"", ""buy_9th_pre_bid"": ""+51100"", ""buy_9th_pre_req"": ""300"", ""buy_9th_pre_req_pre"": ""0"", ""buy_10th_pre_bid"": ""+51000"", ""buy_10th_pre_req"": ""198"", ""buy_10th_pre_req_pre"": ""0"", ""tot_sel_req_jub_pre"": ""0"", ""tot_sel_req"": ""1367"", ""tot_buy_req"": ""2103"", ""tot_buy_req_jub_pre"": ""+39"", ""ovt_sel_req_pre"": ""0"", ""ovt_sel_req"": ""0"", ""ovt_buy_req"": ""0"", ""ovt_buy_req_pre"": ""0"", ""return_code"": 0, ""return_msg"": ""정상적으로 처리되었습니다""}"
2026-06-10,scan_candidate,017900,,0,main_scan,9850,,9850,9830,9850,9850,-0.10152284263959391,0.20304568527918782,,,,,,"{""bid_req_base_tm"": ""101952"", ""sel_10th_pre_req_pre"": ""0"", ""sel_10th_pre_req"": ""46"", ""sel_10th_pre_bid"": ""+9940"", ""sel_9th_pre_req_pre"": ""0"", ""sel_9th_pre_req"": ""134"", ""sel_9th_pre_bid"": ""+9930"", ""sel_8th_pre_req_pre"": ""0"", ""sel_8th_pre_req"": ""92"", ""sel_8th_pre_bid"": ""+9920"", ""sel_7th_pre_req_pre"": ""0"", ""sel_7th_pre_req"": ""32"", ""sel_7th_pre_bid"": ""+9910"", ""sel_6th_pre_req_pre"": ""0"", ""sel_6th_pre_req"": ""3800"", ""sel_6th_pre_bid"": ""+9900"", ""sel_5th_pre_req_pre"": ""0"", ""sel_5th_pre_req"": ""469"", ""sel_5th_pre_bid"": ""+9890"", ""sel_4th_pre_req_pre"": ""0"", ""sel_4th_pre_req"": ""120"", ""sel_4th_pre_bid"": ""+9880"", ""sel_3th_pre_req_pre"": ""0"", ""sel_3th_pre_req"": ""970"", ""sel_3th_pre_bid"": ""+9870"", ""sel_2th_pre_req_pre"": ""0"", ""sel_2th_pre_req"": ""301"", ""sel_2th_pre_bid"": ""+9860"", ""sel_1th_pre_req_pre"": ""0"", ""sel_fpr_req"": ""204"", ""sel_fpr_bid"": ""+9850"", ""buy_fpr_bid"": ""+9830"", ""buy_fpr_req"": ""13"", ""buy_1th_pre_req_pre"": ""0"", ""buy_2th_pre_bid"": ""+9820"", ""buy_2th_pre_req"": ""72"", ""buy_2th_pre_req_pre"": ""0"", ""buy_3th_pre_bid"": ""+9810"", ""buy_3th_pre_req"": ""312"", ""buy_3th_pre_req_pre"": ""0"", ""buy_4th_pre_bid"": ""+9800"", ""buy_4th_pre_req"": ""1832"", ""buy_4th_pre_req_pre"": ""0"", ""buy_5th_pre_bid"": ""+9790"", ""buy_5th_pre_req"": ""1495"", ""buy_5th_pre_req_pre"": ""+100"", ""buy_6th_pre_bid"": ""+9780"", ""buy_6th_pre_req"": ""2008"", ""buy_6th_pre_req_pre"": ""0"", ""buy_7th_pre_bid"": ""+9770"", ""buy_7th_pre_req"": ""1069"", ""buy_7th_pre_req_pre"": ""0"", ""buy_8th_pre_bid"": ""+9760"", ""buy_8th_pre_req"": ""623"", ""buy_8th_pre_req_pre"": ""0"", ""buy_9th_pre_bid"": ""+9750"", ""buy_9th_pre_req"": ""3189"", ""buy_9th_pre_req_pre"": ""0"", ""buy_10th_pre_bid"": ""+9740"", ""buy_10th_pre_req"": ""425"", ""buy_10th_pre_req_pre"": ""0"", ""tot_sel_req_jub_pre"": ""0"", ""tot_sel_req"": ""6168"", ""tot_buy_req"": ""11038"", ""tot_buy_req_jub_pre"": ""+100"", ""ovt_sel_req_pre"": ""0"", ""ovt_sel_req"": ""0"", ""ovt_buy_req"": ""0"", ""ovt_buy_req_pre"": ""0"", ""return_code"": 0, ""return_msg"": ""정상적으로 처리되었습니다""}"
2026-06-10,scan_candidate,006220,,0,main_scan,11300,,11300,11280,11300,11300,-0.4424778761061947,0.17699115044247787,,,,,,"{""bid_req_base_tm"": ""101951"", ""sel_10th_pre_req_pre"": ""0"", ""sel_10th_pre_req"": ""411"", ""sel_10th_pre_bid"": ""+11390"", ""sel_9th_pre_req_pre"": ""0"", ""sel_9th_pre_req"": ""1"", ""sel_9th_pre_bid"": ""+11380"", ""sel_8th_pre_req_pre"": ""0"", ""sel_8th_pre_req"": ""754"", ""sel_8th_pre_bid"": ""+11370"", ""sel_7th_pre_req_pre"": ""0"", ""sel_7th_pre_req"": ""1227"", ""sel_7th_pre_bid"": ""+11360"", ""sel_6th_pre_req_pre"": ""0"", ""sel_6th_pre_req"": ""178"", ""sel_6th_pre_bid"": ""+11350"", ""sel_5th_pre_req_pre"": ""0"", ""sel_5th_pre_req"": ""979"", ""sel_5th_pre_bid"": ""+11340"", ""sel_4th_pre_req_pre"": ""0"", ""sel_4th_pre_req"": ""420"", ""sel_4th_pre_bid"": ""+11330"", ""sel_3th_pre_req_pre"": ""0"", ""sel_3th_pre_req"": ""1"", ""sel_3th_pre_bid"": ""+11320"", ""sel_2th_pre_req_pre"": ""0"", ""sel_2th_pre_req"": ""160"", ""sel_2th_pre_bid"": ""+11310"", ""sel_1th_pre_req_pre"": ""0"", ""sel_fpr_req"": ""62"", ""sel_fpr_bid"": ""+11300"", ""buy_fpr_bid"": ""+11280"", ""buy_fpr_req"": ""4"", ""buy_1th_pre_req_pre"": ""+2"", ""buy_2th_pre_bid"": ""+11270"", ""buy_2th_pre_req"": ""2"", ""buy_2th_pre_req_pre"": ""0"", ""buy_3th_pre_bid"": ""+11250"", ""buy_3th_pre_req"": ""1"", ""buy_3th_pre_req_pre"": ""0"", ""buy_4th_pre_bid"": ""+11240"", ""buy_4th_pre_req"": ""212"", ""buy_4th_pre_req_pre"": ""0"", ""buy_5th_pre_bid"": ""+11230"", ""buy_5th_pre_req"": ""2521"", ""buy_5th_pre_req_pre"": ""0"", ""buy_6th_pre_bid"": ""+11220"", ""buy_6th_pre_req"": ""2137"", ""buy_6th_pre_req_pre"": ""0"", ""buy_7th_pre_bid"": ""+11210"", ""buy_7th_pre_req"": ""581"", ""buy_7th_pre_req_pre"": ""0"", ""buy_8th_pre_bid"": ""+11200"", ""buy_8th_pre_req"": ""783"", ""buy_8th_pre_req_pre"": ""0"", ""buy_9th_pre_bid"": ""+11190"", ""buy_9th_pre_req"": ""1429"", ""buy_9th_pre_req_pre"": ""0"", ""buy_10th_pre_bid"": ""+11180"", ""buy_10th_pre_req"": ""2827"", ""buy_10th_pre_req_pre"": ""0"", ""tot_sel_req_jub_pre"": ""0"", ""tot_sel_req"": ""4193"", ""tot_buy_req"": ""10497"", ""tot_buy_req_jub_pre"": ""+2"", ""ovt_sel_req_pre"": ""0"", ""ovt_sel_req"": ""0"", ""ovt_buy_req"": ""0"", ""ovt_buy_req_pre"": ""0"", ""return_code"": 0, ""return_msg"": ""정상적으로 처리되었습니다""}"
2026-06-10,scan_candidate,092200,,0,main_scan,9860,,9860,9820,9860,9850,-0.2028397565922921,0.4056795131845842,,,,,,"{""bid_req_base_tm"": ""101952"", ""sel_10th_pre_req_pre"": ""0"", ""sel_10th_pre_req"": ""39"", ""sel_10th_pre_bid"": ""-9950"", ""sel_9th_pre_req_pre"": ""0"", ""sel_9th_pre_req"": ""42"", ""sel_9th_pre_bid"": ""-9940"", ""sel_8th_pre_req_pre"": ""0"", ""sel_8th_pre_req"": ""331"", ""sel_8th_pre_bid"": ""-9930"", ""sel_7th_pre_req_pre"": ""0"", ""sel_7th_pre_req"": ""1963"", ""sel_7th_pre_bid"": ""-9920"", ""sel_6th_pre_req_pre"": ""0"", ""sel_6th_pre_req"": ""1597"", ""sel_6th_pre_bid"": ""-9910"", ""sel_5th_pre_req_pre"": ""0"", ""sel_5th_pre_req"": ""973"", ""sel_5th_pre_bid"": ""-9900"", ""sel_4th_pre_req_pre"": ""0"", ""sel_4th_pre_req"": ""1050"", ""sel_4th_pre_bid"": ""-9890"", ""sel_3th_pre_req_pre"": ""0"", ""sel_3th_pre_req"": ""507"", ""sel_3th_pre_bid"": ""-9880"", ""sel_2th_pre_req_pre"": ""0"", ""sel_2th_pre_req"": ""55"", ""sel_2th_pre_bid"": ""-9870"", ""sel_1th_pre_req_pre"": ""--1"", ""sel_fpr_req"": ""1288"", ""sel_fpr_bid"": ""-9860"", ""buy_fpr_bid"": ""-9820"", ""buy_fpr_req"": ""80"", ""buy_1th_pre_req_pre"": ""0"", ""buy_2th_pre_bid"": ""-9810"", ""buy_2th_pre_req"": ""941"", ""buy_2th_pre_req_pre"": ""0"", ""buy_3th_pre_bid"": ""-9800"", ""buy_3th_pre_req"": ""1463"", ""buy_3th_pre_req_pre"": ""0"", ""buy_4th_pre_bid"": ""-9790"", ""buy_4th_pre_req"": ""2284"", ""buy_4th_pre_req_pre"": ""0"", ""buy_5th_pre_bid"": ""-9780"", ""buy_5th_pre_req"": ""1375"", ""buy_5th_pre_req_pre"": ""0"", ""buy_6th_pre_bid"": ""-9770"", ""buy_6th_pre_req"": ""41"", ""buy_6th_pre_req_pre"": ""0"", ""buy_7th_pre_bid"": ""-9760"", ""buy_7th_pre_req"": ""1466"", ""buy_7th_pre_req_pre"": ""0"", ""buy_8th_pre_bid"": ""-9750"", ""buy_8th_pre_req"": ""2920"", ""buy_8th_pre_req_pre"": ""0"", ""buy_9th_pre_bid"": ""-9740"", ""buy_9th_pre_req"": ""1649"", ""buy_9th_pre_req_pre"": ""0"", ""buy_10th_pre_bid"": ""-9730"", ""buy_10th_pre_req"": ""3091"", ""buy_10th_pre_req_pre"": ""0"", ""tot_sel_req_jub_pre"": ""--1"", ""tot_sel_req"": ""7845"", ""tot_buy_req"": ""15310"", ""tot_buy_req_jub_pre"": ""0"", ""ovt_sel_req_pre"": ""0"", ""ovt_sel_req"": ""0"", ""ovt_buy_req"": ""0"", ""ovt_buy_req_pre"": ""0"", ""return_code"": 0, ""return_msg"": ""정상적으로 처리되었습니다""}"
2026-06-10,scan_candidate,010820,,0,main_scan,8150,,8150,8110,8150,8170,0.1226993865030675,0.49079754601227,,,,,,"{""bid_req_base_tm"": ""101952"", ""sel_10th_pre_req_pre"": ""0"", ""sel_10th_pre_req"": ""946"", ""sel_10th_pre_bid"": ""+8240"", ""sel_9th_pre_req_pre"": ""0"", ""sel_9th_pre_req"": ""466"", ""sel_9th_pre_bid"": ""+8230"", ""sel_8th_pre_req_pre"": ""0"", ""sel_8th_pre_req"": ""729"", ""sel_8th_pre_bid"": ""+8220"", ""sel_7th_pre_req_pre"": ""0"", ""sel_7th_pre_req"": ""1233"", ""sel_7th_pre_bid"": ""+8210"", ""sel_6th_pre_req_pre"": ""0"", ""sel_6th_pre_req"": ""1151"", ""sel_6th_pre_bid"": ""+8200"", ""sel_5th_pre_req_pre"": ""0"", ""sel_5th_pre_req"": ""353"", ""sel_5th_pre_bid"": ""+8190"", ""sel_4th_pre_req_pre"": ""0"", ""sel_4th_pre_req"": ""36"", ""sel_4th_pre_bid"": ""+8180"", ""sel_3th_pre_req_pre"": ""0"", ""sel_3th_pre_req"": ""106"", ""sel_3th_pre_bid"": ""+8170"", ""sel_2th_pre_req_pre"": ""0"", ""sel_2th_pre_req"": ""80"", ""sel_2th_pre_bid"": ""+8160"", ""sel_1th_pre_req_pre"": ""0"", ""sel_fpr_req"": ""50"", ""sel_fpr_bid"": ""+8150"", ""buy_fpr_bid"": ""+8110"", ""buy_fpr_req"": ""85"", ""buy_1th_pre_req_pre"": ""0"", ""buy_2th_pre_bid"": ""+8100"", ""buy_2th_pre_req"": ""5522"", ""buy_2th_pre_req_pre"": ""+5"", ""buy_3th_pre_bid"": ""+8090"", ""buy_3th_pre_req"": ""694"", ""buy_3th_pre_req_pre"": ""0"", ""buy_4th_pre_bid"": ""+8080"", ""buy_4th_pre_req"": ""248"", ""buy_4th_pre_req_pre"": ""0"", ""buy_5th_pre_bid"": ""+8070"", ""buy_5th_pre_req"": ""144"", ""buy_5th_pre_req_pre"": ""0"", ""buy_6th_pre_bid"": ""+8060"", ""buy_6th_pre_req"": ""249"", ""buy_6th_pre_req_pre"": ""0"", ""buy_7th_pre_bid"": ""+8050"", ""buy_7th_pre_req"": ""239"", ""buy_7th_pre_req_pre"": ""0"", ""buy_8th_pre_bid"": ""+8040"", ""buy_8th_pre_req"": ""43"", ""buy_8th_pre_req_pre"": ""0"", ""buy_9th_pre_bid"": ""+8030"", ""buy_9th_pre_req"": ""266"", ""buy_9th_pre_req_pre"": ""0"", ""buy_10th_pre_bid"": ""+8020"", ""buy_10th_pre_req"": ""716"", ""buy_10th_pre_req_pre"": ""0"", ""tot_sel_req_jub_pre"": ""0"", ""tot_sel_req"": ""5150"", ""tot_buy_req"": ""8206"", ""tot_buy_req_jub_pre"": ""+5"", ""ovt_sel_req_pre"": ""0"", ""ovt_sel_req"": ""0"", ""ovt_buy_req"": ""0"", ""ovt_buy_req_pre"": ""0"", ""return_code"": 0, ""return_msg"": ""정상적으로 처리되었습니다""}"
2026-06-10,scan_candidate,000430,,0,main_scan,5730,,5730,5720,5730,5760,0.34904013961605584,0.17452006980802792,,,,,,"{""bid_req_base_tm"": ""101952"", ""sel_10th_pre_req_pre"": ""0"", ""sel_10th_pre_req"": ""900"", ""sel_10th_pre_bid"": ""-5820"", ""sel_9th_pre_req_pre"": ""0"", ""sel_9th_pre_req"": ""1093"", ""sel_9th_pre_bid"": ""-5810"", ""sel_8th_pre_req_pre"": ""0"", ""sel_8th_pre_req"": ""590"", ""sel_8th_pre_bid"": ""-5800"", ""sel_7th_pre_req_pre"": ""0"", ""sel_7th_pre_req"": ""361"", ""sel_7th_pre_bid"": ""-5790"", ""sel_6th_pre_req_pre"": ""0"", ""sel_6th_pre_req"": ""1463"", ""sel_6th_pre_bid"": ""-5780"", ""sel_5th_pre_req_pre"": ""0"", ""sel_5th_pre_req"": ""156"", ""sel_5th_pre_bid"": ""-5770"", ""sel_4th_pre_req_pre"": ""0"", ""sel_4th_pre_req"": ""624"", ""sel_4th_pre_bid"": ""-5760"", ""sel_3th_pre_req_pre"": ""0"", ""sel_3th_pre_req"": ""1617"", ""sel_3th_pre_bid"": ""-5750"", ""sel_2th_pre_req_pre"": ""0"", ""sel_2th_pre_req"": ""574"", ""sel_2th_pre_bid"": ""-5740"", ""sel_1th_pre_req_pre"": ""--1"", ""sel_fpr_req"": ""69"", ""sel_fpr_bid"": ""-5730"", ""buy_fpr_bid"": ""-5720"", ""buy_fpr_req"": ""1231"", ""buy_1th_pre_req_pre"": ""0"", ""buy_2th_pre_bid"": ""-5710"", ""buy_2th_pre_req"": ""3296"", ""buy_2th_pre_req_pre"": ""0"", ""buy_3th_pre_bid"": ""-5700"", ""buy_3th_pre_req"": ""5001"", ""buy_3th_pre_req_pre"": ""0"", ""buy_4th_pre_bid"": ""-5690"", ""buy_4th_pre_req"": ""2815"", ""buy_4th_pre_req_pre"": ""0"", ""buy_5th_pre_bid"": ""-5680"", ""buy_5th_pre_req"": ""2298"", ""buy_5th_pre_req_pre"": ""0"", ""buy_6th_pre_bid"": ""-5670"", ""buy_6th_pre_req"": ""2513"", ""buy_6th_pre_req_pre"": ""0"", ""buy_7th_pre_bid"": ""-5660"", ""buy_7th_pre_req"": ""5072"", ""buy_7th_pre_req_pre"": ""0"", ""buy_8th_pre_bid"": ""-5650"", ""buy_8th_pre_req"": ""4759"", ""buy_8th_pre_req_pre"": ""0"", ""buy_9th_pre_bid"": ""-5640"", ""buy_9th_pre_req"": ""2506"", ""buy_9th_pre_req_pre"": ""0"", ""buy_10th_pre_bid"": ""-5630"", ""buy_10th_pre_req"": ""1223"", ""buy_10th_pre_req_pre"": ""0"", ""tot_sel_req_jub_pre"": ""--1"", ""tot_sel_req"": ""7447"", ""tot_buy_req"": ""30714"", ""tot_buy_req_jub_pre"": ""0"", ""ovt_sel_req_pre"": ""0"", ""ovt_sel_req"": ""0"", ""ovt_buy_req"": ""0"", ""ovt_buy_req_pre"": ""0"", ""return_code"": 0, ""return_msg"": ""정상적으로 처리되었습니다""}"
2026-06-10,scan_candidate,010690,,0,main_scan,10930,,10930,10920,10930,10950,-0.2744739249771272,0.09149130832570906,,,,,,"{""bid_req_base_tm"": ""101952"", ""sel_10th_pre_req_pre"": ""0"", ""sel_10th_pre_req"": ""16"", ""sel_10th_pre_bid"": ""+11020"", ""sel_9th_pre_req_pre"": ""0"", ""sel_9th_pre_req"": ""4"", ""sel_9th_pre_bid"": ""+11010"", ""sel_8th_pre_req_pre"": ""0"", ""sel_8th_pre_req"": ""1750"", ""sel_8th_pre_bid"": ""+11000"", ""sel_7th_pre_req_pre"": ""0"", ""sel_7th_pre_req"": ""323"", ""sel_7th_pre_bid"": ""+10990"", ""sel_6th_pre_req_pre"": ""0"", ""sel_6th_pre_req"": ""47"", ""sel_6th_pre_bid"": ""+10980"", ""sel_5th_pre_req_pre"": ""0"", ""sel_5th_pre_req"": ""820"", ""sel_5th_pre_bid"": ""+10970"", ""sel_4th_pre_req_pre"": ""0"", ""sel_4th_pre_req"": ""3"", ""sel_4th_pre_bid"": ""+10960"", ""sel_3th_pre_req_pre"": ""0"", ""sel_3th_pre_req"": ""194"", ""sel_3th_pre_bid"": ""+10950"", ""sel_2th_pre_req_pre"": ""0"", ""sel_2th_pre_req"": ""49"", ""sel_2th_pre_bid"": ""+10940"", ""sel_1th_pre_req_pre"": ""0"", ""sel_fpr_req"": ""5"", ""sel_fpr_bid"": ""+10930"", ""buy_fpr_bid"": ""+10920"", ""buy_fpr_req"": ""541"", ""buy_1th_pre_req_pre"": ""0"", ""buy_2th_pre_bid"": ""+10910"", ""buy_2th_pre_req"": ""1892"", ""buy_2th_pre_req_pre"": ""0"", ""buy_3th_pre_bid"": ""+10900"", ""buy_3th_pre_req"": ""355"", ""buy_3th_pre_req_pre"": ""0"", ""buy_4th_pre_bid"": ""+10890"", ""buy_4th_pre_req"": ""283"", ""buy_4th_pre_req_pre"": ""0"", ""buy_5th_pre_bid"": ""+10880"", ""buy_5th_pre_req"": ""1300"", ""buy_5th_pre_req_pre"": ""0"", ""buy_6th_pre_bid"": ""+10870"", ""buy_6th_pre_req"": ""150"", ""buy_6th_pre_req_pre"": ""0"", ""buy_7th_pre_bid"": ""+10860"", ""buy_7th_pre_req"": ""258"", ""buy_7th_pre_req_pre"": ""0"", ""buy_8th_pre_bid"": ""+10850"", ""buy_8th_pre_req"": ""696"", ""buy_8th_pre_req_pre"": ""0"", ""buy_9th_pre_bid"": ""+10840"", ""buy_9th_pre_req"": ""290"", ""buy_9th_pre_req_pre"": ""0"", ""buy_10th_pre_bid"": ""+10830"", ""buy_10th_pre_req"": ""153"", ""buy_10th_pre_req_pre"": ""0"", ""tot_sel_req_jub_pre"": ""0"", ""tot_sel_req"": ""3211"", ""tot_buy_req"": ""5918"", ""tot_buy_req_jub_pre"": ""0"", ""ovt_sel_req_pre"": ""0"", ""ovt_sel_req"": ""0"", ""ovt_buy_req"": ""0"", ""ovt_buy_req_pre"": ""0"", ""return_code"": 0, ""return_msg"": ""정상적으로 처리되었습니다""}"
2026-06-10,scan_candidate,005950,,0,main_scan,12280,,12280,12240,12280,12250,-0.6514657980456027,0.32573289902280134,,,,,,"{""bid_req_base_tm"": ""101947"", ""sel_10th_pre_req_pre"": ""0"", ""sel_10th_pre_req"": ""1476"", ""sel_10th_pre_bid"": ""+12380"", ""sel_9th_pre_req_pre"": ""0"", ""sel_9th_pre_req"": ""168"", ""sel_9th_pre_bid"": ""+12370"", ""sel_8th_pre_req_pre"": ""0"", ""sel_8th_pre_req"": ""201"", ""sel_8th_pre_bid"": ""+12360"", ""sel_7th_pre_req_pre"": ""0"", ""sel_7th_pre_req"": ""121"", ""sel_7th_pre_bid"": ""+12350"", ""sel_6th_pre_req_pre"": ""0"", ""sel_6th_pre_req"": ""154"", ""sel_6th_pre_bid"": ""+12330"", ""sel_5th_pre_req_pre"": ""0"", ""sel_5th_pre_req"": ""234"", ""sel_5th_pre_bid"": ""+12320"", ""sel_4th_pre_req_pre"": ""0"", ""sel_4th_pre_req"": ""102"", ""sel_4th_pre_bid"": ""+12310"", ""sel_3th_pre_req_pre"": ""0"", ""sel_3th_pre_req"": ""71"", ""sel_3th_pre_bid"": ""+12300"", ""sel_2th_pre_req_pre"": ""0"", ""sel_2th_pre_req"": ""6"", ""sel_2th_pre_bid"": ""+12290"", ""sel_1th_pre_req_pre"": ""0"", ""sel_fpr_req"": ""318"", ""sel_fpr_bid"": ""+12280"", ""buy_fpr_bid"": ""+12240"", ""buy_fpr_req"": ""428"", ""buy_1th_pre_req_pre"": ""--1"", ""buy_2th_pre_bid"": ""+12230"", ""buy_2th_pre_req"": ""792"", ""buy_2th_pre_req_pre"": ""0"", ""buy_3th_pre_bid"": ""+12220"", ""buy_3th_pre_req"": ""195"", ""buy_3th_pre_req_pre"": ""0"", ""buy_4th_pre_bid"": ""+12210"", ""buy_4th_pre_req"": ""265"", ""buy_4th_pre_req_pre"": ""0"", ""buy_5th_pre_bid"": ""+12200"", ""buy_5th_pre_req"": ""350"", ""buy_5th_pre_req_pre"": ""0"", ""buy_6th_pre_bid"": ""+12180"", ""buy_6th_pre_req"": ""11"", ""buy_6th_pre_req_pre"": ""0"", ""buy_7th_pre_bid"": ""+12150"", ""buy_7th_pre_req"": ""230"", ""buy_7th_pre_req_pre"": ""0"", ""buy_8th_pre_bid"": ""+12140"", ""buy_8th_pre_req"": ""978"", ""buy_8th_pre_req_pre"": ""0"", ""buy_9th_pre_bid"": ""+12120"", ""buy_9th_pre_req"": ""105"", ""buy_9th_pre_req_pre"": ""0"", ""buy_10th_pre_bid"": ""+12110"", ""buy_10th_pre_req"": ""41"", ""buy_10th_pre_req_pre"": ""0"", ""tot_sel_req_jub_pre"": ""0"", ""tot_sel_req"": ""2851"", ""tot_buy_req"": ""3395"", ""tot_buy_req_jub_pre"": ""--1"", ""ovt_sel_req_pre"": ""0"", ""ovt_sel_req"": ""0"", ""ovt_buy_req"": ""0"", ""ovt_buy_req_pre"": ""0"", ""return_code"": 0, ""return_msg"": ""정상적으로 처리되었습니다""}"
2026-06-10,watchlist,014680,,0,filtered_candidate_recheck,264000,,264000,263500,264000,263500,-0.3787878787878788,0.1893939393939394,,,,,,"{""bid_req_base_tm"": ""102138"", ""sel_10th_pre_req_pre"": ""0"", ""sel_10th_pre_req"": ""11"", ""sel_10th_pre_bid"": ""+268500"", ""sel_9th_pre_req_pre"": ""0"", ""sel_9th_pre_req"": ""49"", ""sel_9th_pre_bid"": ""+268000"", ""sel_8th_pre_req_pre"": ""0"", ""sel_8th_pre_req"": ""33"", ""sel_8th_pre_bid"": ""+267500"", ""sel_7th_pre_req_pre"": ""0"", ""sel_7th_pre_req"": ""16"", ""sel_7th_pre_bid"": ""+267000"", ""sel_6th_pre_req_pre"": ""0"", ""sel_6th_pre_req"": ""19"", ""sel_6th_pre_bid"": ""+266500"", ""sel_5th_pre_req_pre"": ""0"", ""sel_5th_pre_req"": ""15"", ""sel_5th_pre_bid"": ""+266000"", ""sel_4th_pre_req_pre"": ""0"", ""sel_4th_pre_req"": ""39"", ""sel_4th_pre_bid"": ""+265500"", ""sel_3th_pre_req_pre"": ""0"", ""sel_3th_pre_req"": ""162"", ""sel_3th_pre_bid"": ""+265000"", ""sel_2th_pre_req_pre"": ""0"", ""sel_2th_pre_req"": ""39"", ""sel_2th_pre_bid"": ""+264500"", ""sel_1th_pre_req_pre"": ""0"", ""sel_fpr_req"": ""71"", ""sel_fpr_bid"": ""+264000"", ""buy_fpr_bid"": ""+263500"", ""buy_fpr_req"": ""107"", ""buy_1th_pre_req_pre"": ""0"", ""buy_2th_pre_bid"": ""+263000"", ""buy_2th_pre_req"": ""49"", ""buy_2th_pre_req_pre"": ""0"", ""buy_3th_pre_bid"": ""+262500"", ""buy_3th_pre_req"": ""13"", ""buy_3th_pre_req_pre"": ""0"", ""buy_4th_pre_bid"": ""+262000"", ""buy_4th_pre_req"": ""3"", ""buy_4th_pre_req_pre"": ""0"", ""buy_5th_pre_bid"": ""+261500"", ""buy_5th_pre_req"": ""12"", ""buy_5th_pre_req_pre"": ""0"", ""buy_6th_pre_bid"": ""+261000"", ""buy_6th_pre_req"": ""3"", ""buy_6th_pre_req_pre"": ""0"", ""buy_7th_pre_bid"": ""+260500"", ""buy_7th_pre_req"": ""3"", ""buy_7th_pre_req_pre"": ""0"", ""buy_8th_pre_bid"": ""+260000"", ""buy_8th_pre_req"": ""9"", ""buy_8th_pre_req_pre"": ""0"", ""buy_9th_pre_bid"": ""+259500"", ""buy_9th_pre_req"": ""119"", ""buy_9th_pre_req_pre"": ""0"", ""buy_10th_pre_bid"": ""+259000"", ""buy_10th_pre_req"": ""208"", ""buy_10th_pre_req_pre"": ""0"", ""tot_sel_req_jub_pre"": ""0"", ""tot_sel_req"": ""454"", ""tot_buy_req"": ""526"", ""tot_buy_req_jub_pre"": ""0"", ""ovt_sel_req_pre"": ""0"", ""ovt_sel_req"": ""0"", ""ovt_buy_req"": ""0"", ""ovt_buy_req_pre"": ""0"", ""return_code"": 0, ""return_msg"": ""정상적으로 처리되었습니다""}"
2026-06-10,watchlist,035420,,0,filtered_candidate_recheck,237000,,237000,236500,237000,238000,0.21097046413502107,0.21097046413502107,,,,,,"{""bid_req_base_tm"": ""102140"", ""sel_10th_pre_req_pre"": ""0"", ""sel_10th_pre_req"": ""2156"", ""sel_10th_pre_bid"": ""-241500"", ""sel_9th_pre_req_pre"": ""0"", ""sel_9th_pre_req"": ""2490"", ""sel_9th_pre_bid"": ""-241000"", ""sel_8th_pre_req_pre"": ""0"", ""sel_8th_pre_req"": ""3176"", ""sel_8th_pre_bid"": ""-240500"", ""sel_7th_pre_req_pre"": ""0"", ""sel_7th_pre_req"": ""3852"", ""sel_7th_pre_bid"": ""-240000"", ""sel_6th_pre_req_pre"": ""0"", ""sel_6th_pre_req"": ""3835"", ""sel_6th_pre_bid"": ""-239500"", ""sel_5th_pre_req_pre"": ""0"", ""sel_5th_pre_req"": ""2350"", ""sel_5th_pre_bid"": ""-239000"", ""sel_4th_pre_req_pre"": ""0"", ""sel_4th_pre_req"": ""3154"", ""sel_4th_pre_bid"": ""-238500"", ""sel_3th_pre_req_pre"": ""0"", ""sel_3th_pre_req"": ""5663"", ""sel_3th_pre_bid"": ""-238000"", ""sel_2th_pre_req_pre"": ""0"", ""sel_2th_pre_req"": ""4257"", ""sel_2th_pre_bid"": ""-237500"", ""sel_1th_pre_req_pre"": ""0"", ""sel_fpr_req"": ""5895"", ""sel_fpr_bid"": ""-237000"", ""buy_fpr_bid"": ""-236500"", ""buy_fpr_req"": ""4265"", ""buy_1th_pre_req_pre"": ""0"", ""buy_2th_pre_bid"": ""-236000"", ""buy_2th_pre_req"": ""8251"", ""buy_2th_pre_req_pre"": ""0"", ""buy_3th_pre_bid"": ""-235500"", ""buy_3th_pre_req"": ""13295"", ""buy_3th_pre_req_pre"": ""0"", ""buy_4th_pre_bid"": ""-235000"", ""buy_4th_pre_req"": ""25240"", ""buy_4th_pre_req_pre"": ""0"", ""buy_5th_pre_bid"": ""-234500"", ""buy_5th_pre_req"": ""53694"", ""buy_5th_pre_req_pre"": ""0"", ""buy_6th_pre_bid"": ""-234000"", ""buy_6th_pre_req"": ""8146"", ""buy_6th_pre_req_pre"": ""0"", ""buy_7th_pre_bid"": ""-233500"", ""buy_7th_pre_req"": ""6443"", ""buy_7th_pre_req_pre"": ""0"", ""buy_8th_pre_bid"": ""-233000"", ""buy_8th_pre_req"": ""8536"", ""buy_8th_pre_req_pre"": ""+2"", ""buy_9th_pre_bid"": ""-232500"", ""buy_9th_pre_req"": ""7266"", ""buy_9th_pre_req_pre"": ""0"", ""buy_10th_pre_bid"": ""-232000"", ""buy_10th_pre_req"": ""10771"", ""buy_10th_pre_req_pre"": ""0"", ""tot_sel_req_jub_pre"": ""0"", ""tot_sel_req"": ""36828"", ""tot_buy_req"": ""145907"", ""tot_buy_req_jub_pre"": ""+2"", ""ovt_sel_req_pre"": ""0"", ""ovt_sel_req"": ""0"", ""ovt_buy_req"": ""0"", ""ovt_buy_req_pre"": ""0"", ""return_code"": 0, ""return_msg"": ""정상적으로 처리되었습니다""}"
2026-06-10,watchlist,036570,,0,filtered_candidate_recheck,259000,,259000,258000,259000,259500,0.0,0.3861003861003861,,,,,,"{""bid_req_base_tm"": ""102138"", ""sel_10th_pre_req_pre"": ""0"", ""sel_10th_pre_req"": ""57"", ""sel_10th_pre_bid"": ""-263500"", ""sel_9th_pre_req_pre"": ""0"", ""sel_9th_pre_req"": ""46"", ""sel_9th_pre_bid"": ""-263000"", ""sel_8th_pre_req_pre"": ""0"", ""sel_8th_pre_req"": ""18"", ""sel_8th_pre_bid"": ""-262500"", ""sel_7th_pre_req_pre"": ""0"", ""sel_7th_pre_req"": ""33"", ""sel_7th_pre_bid"": ""-262000"", ""sel_6th_pre_req_pre"": ""0"", ""sel_6th_pre_req"": ""14"", ""sel_6th_pre_bid"": ""-261500"", ""sel_5th_pre_req_pre"": ""0"", ""sel_5th_pre_req"": ""16"", ""sel_5th_pre_bid"": ""-261000"", ""sel_4th_pre_req_pre"": ""0"", ""sel_4th_pre_req"": ""17"", ""sel_4th_pre_bid"": ""-260500"", ""sel_3th_pre_req_pre"": ""0"", ""sel_3th_pre_req"": ""151"", ""sel_3th_pre_bid"": ""-260000"", ""sel_2th_pre_req_pre"": ""0"", ""sel_2th_pre_req"": ""22"", ""sel_2th_pre_bid"": ""-259500"", ""sel_1th_pre_req_pre"": ""0"", ""sel_fpr_req"": ""65"", ""sel_fpr_bid"": ""-259000"", ""buy_fpr_bid"": ""-258000"", ""buy_fpr_req"": ""75"", ""buy_1th_pre_req_pre"": ""0"", ""buy_2th_pre_bid"": ""-257500"", ""buy_2th_pre_req"": ""111"", ""buy_2th_pre_req_pre"": ""0"", ""buy_3th_pre_bid"": ""-257000"", ""buy_3th_pre_req"": ""85"", ""buy_3th_pre_req_pre"": ""0"", ""buy_4th_pre_bid"": ""-256500"", ""buy_4th_pre_req"": ""33"", ""buy_4th_pre_req_pre"": ""0"", ""buy_5th_pre_bid"": ""-256000"", ""buy_5th_pre_req"": ""126"", ""buy_5th_pre_req_pre"": ""0"", ""buy_6th_pre_bid"": ""-255500"", ""buy_6th_pre_req"": ""118"", ""buy_6th_pre_req_pre"": ""0"", ""buy_7th_pre_bid"": ""-255000"", ""buy_7th_pre_req"": ""315"", ""buy_7th_pre_req_pre"": ""0"", ""buy_8th_pre_bid"": ""-254500"", ""buy_8th_pre_req"": ""343"", ""buy_8th_pre_req_pre"": ""0"", ""buy_9th_pre_bid"": ""-254000"", ""buy_9th_pre_req"": ""304"", ""buy_9th_pre_req_pre"": ""0"", ""buy_10th_pre_bid"": ""-253500"", ""buy_10th_pre_req"": ""461"", ""buy_10th_pre_req_pre"": ""0"", ""tot_sel_req_jub_pre"": ""0"", ""tot_sel_req"": ""439"", ""tot_buy_req"": ""1971"", ""tot_buy_req_jub_pre"": ""0"", ""ovt_sel_req_pre"": ""0"", ""ovt_sel_req"": ""0"", ""ovt_buy_req"": ""0"", ""ovt_buy_req_pre"": ""0"", ""return_code"": 0, ""return_msg"": ""정상적으로 처리되었습니다""}"
2026-06-10,watchlist,005090,,1,filtered_candidate_recheck,52400,,52400,52200,52400,52700,0.38167938931297707,0.38167938931297707,,,,,,"{""bid_req_base_tm"": ""102128"", ""sel_10th_pre_req_pre"": ""0"", ""sel_10th_pre_req"": ""1"", ""sel_10th_pre_bid"": ""+53700"", ""sel_9th_pre_req_pre"": ""0"", ""sel_9th_pre_req"": ""71"", ""sel_9th_pre_bid"": ""+53600"", ""sel_8th_pre_req_pre"": ""0"", ""sel_8th_pre_req"": ""12"", ""sel_8th_pre_bid"": ""+53500"", ""sel_7th_pre_req_pre"": ""0"", ""sel_7th_pre_req"": ""610"", ""sel_7th_pre_bid"": ""+53400"", ""sel_6th_pre_req_pre"": ""0"", ""sel_6th_pre_req"": ""67"", ""sel_6th_pre_bid"": ""+53100"", ""sel_5th_pre_req_pre"": ""0"", ""sel_5th_pre_req"": ""33"", ""sel_5th_pre_bid"": ""+53000"", ""sel_4th_pre_req_pre"": ""0"", ""sel_4th_pre_req"": ""52"", ""sel_4th_pre_bid"": ""+52900"", ""sel_3th_pre_req_pre"": ""0"", ""sel_3th_pre_req"": ""7"", ""sel_3th_pre_bid"": ""+52600"", ""sel_2th_pre_req_pre"": ""0"", ""sel_2th_pre_req"": ""39"", ""sel_2th_pre_bid"": ""+52500"", ""sel_1th_pre_req_pre"": ""+12"", ""sel_fpr_req"": ""66"", ""sel_fpr_bid"": ""+52400"", ""buy_fpr_bid"": ""+52200"", ""buy_fpr_req"": ""4"", ""buy_1th_pre_req_pre"": ""0"", ""buy_2th_pre_bid"": ""+52100"", ""buy_2th_pre_req"": ""3"", ""buy_2th_pre_req_pre"": ""0"", ""buy_3th_pre_bid"": ""+52000"", ""buy_3th_pre_req"": ""254"", ""buy_3th_pre_req_pre"": ""0"", ""buy_4th_pre_bid"": ""+51900"", ""buy_4th_pre_req"": ""20"", ""buy_4th_pre_req_pre"": ""0"", ""buy_5th_pre_bid"": ""+51800"", ""buy_5th_pre_req"": ""1226"", ""buy_5th_pre_req_pre"": ""0"", ""buy_6th_pre_bid"": ""+51600"", ""buy_6th_pre_req"": ""10"", ""buy_6th_pre_req_pre"": ""0"", ""buy_7th_pre_bid"": ""+51500"", ""buy_7th_pre_req"": ""1"", ""buy_7th_pre_req_pre"": ""0"", ""buy_8th_pre_bid"": ""+51400"", ""buy_8th_pre_req"": ""1"", ""buy_8th_pre_req_pre"": ""0"", ""buy_9th_pre_bid"": ""+51300"", ""buy_9th_pre_req"": ""103"", ""buy_9th_pre_req_pre"": ""0"", ""buy_10th_pre_bid"": ""+51100"", ""buy_10th_pre_req"": ""300"", ""buy_10th_pre_req_pre"": ""0"", ""tot_sel_req_jub_pre"": ""+12"", ""tot_sel_req"": ""958"", ""tot_buy_req"": ""1922"", ""tot_buy_req_jub_pre"": ""0"", ""ovt_sel_req_pre"": ""0"", ""ovt_sel_req"": ""0"", ""ovt_buy_req"": ""0"", ""ovt_buy_req_pre"": ""0"", ""return_code"": 0, ""return_msg"": ""정상적으로 처리되었습니다""}"
2026-06-10,watchlist,066570,,0,filtered_candidate_recheck,234000,,234000,233500,234000,235000,0.2136752136752137,0.2136752136752137,,,,,,"{""bid_req_base_tm"": ""102141"", ""sel_10th_pre_req_pre"": ""0"", ""sel_10th_pre_req"": ""1920"", ""sel_10th_pre_bid"": ""-238500"", ""sel_9th_pre_req_pre"": ""0"", ""sel_9th_pre_req"": ""1192"", ""sel_9th_pre_bid"": ""-238000"", ""sel_8th_pre_req_pre"": ""0"", ""sel_8th_pre_req"": ""1776"", ""sel_8th_pre_bid"": ""-237500"", ""sel_7th_pre_req_pre"": ""0"", ""sel_7th_pre_req"": ""2432"", ""sel_7th_pre_bid"": ""-237000"", ""sel_6th_pre_req_pre"": ""0"", ""sel_6th_pre_req"": ""1063"", ""sel_6th_pre_bid"": ""-236500"", ""sel_5th_pre_req_pre"": ""0"", ""sel_5th_pre_req"": ""2865"", ""sel_5th_pre_bid"": ""-236000"", ""sel_4th_pre_req_pre"": ""0"", ""sel_4th_pre_req"": ""2217"", ""sel_4th_pre_bid"": ""-235500"", ""sel_3th_pre_req_pre"": ""0"", ""sel_3th_pre_req"": ""3707"", ""sel_3th_pre_bid"": ""-235000"", ""sel_2th_pre_req_pre"": ""0"", ""sel_2th_pre_req"": ""2516"", ""sel_2th_pre_bid"": ""-234500"", ""sel_1th_pre_req_pre"": ""+256"", ""sel_fpr_req"": ""4333"", ""sel_fpr_bid"": ""-234000"", ""buy_fpr_bid"": ""-233500"", ""buy_fpr_req"": ""1937"", ""buy_1th_pre_req_pre"": ""0"", ""buy_2th_pre_bid"": ""-233000"", ""buy_2th_pre_req"": ""2691"", ""buy_2th_pre_req_pre"": ""0"", ""buy_3th_pre_bid"": ""-232500"", ""buy_3th_pre_req"": ""2501"", ""buy_3th_pre_req_pre"": ""0"", ""buy_4th_pre_bid"": ""-232000"", ""buy_4th_pre_req"": ""12563"", ""buy_4th_pre_req_pre"": ""0"", ""buy_5th_pre_bid"": ""-231500"", ""buy_5th_pre_req"": ""4886"", ""buy_5th_pre_req_pre"": ""0"", ""buy_6th_pre_bid"": ""-231000"", ""buy_6th_pre_req"": ""8942"", ""buy_6th_pre_req_pre"": ""0"", ""buy_7th_pre_bid"": ""-230500"", ""buy_7th_pre_req"": ""12178"", ""buy_7th_pre_req_pre"": ""0"", ""buy_8th_pre_bid"": ""-230000"", ""buy_8th_pre_req"": ""36922"", ""buy_8th_pre_req_pre"": ""0"", ""buy_9th_pre_bid"": ""-229500"", ""buy_9th_pre_req"": ""4912"", ""buy_9th_pre_req_pre"": ""0"", ""buy_10th_pre_bid"": ""-229000"", ""buy_10th_pre_req"": ""7334"", ""buy_10th_pre_req_pre"": ""0"", ""tot_sel_req_jub_pre"": ""+256"", ""tot_sel_req"": ""24021"", ""tot_buy_req"": ""94866"", ""tot_buy_req_jub_pre"": ""0"", ""ovt_sel_req_pre"": ""0"", ""ovt_sel_req"": ""0"", ""ovt_buy_req"": ""0"", ""ovt_buy_req_pre"": ""0"", ""return_code"": 0, ""return_msg"": ""정상적으로 처리되었습니다""}"
2026-06-10,watchlist,028670,,1,filtered_candidate_recheck,5040,,5040,5030,5040,5060,0.1984126984126984,0.1984126984126984,,,,,,"{""bid_req_base_tm"": ""102140"", ""sel_10th_pre_req_pre"": ""0"", ""sel_10th_pre_req"": ""1648"", ""sel_10th_pre_bid"": ""-5130"", ""sel_9th_pre_req_pre"": ""0"", ""sel_9th_pre_req"": ""3359"", ""sel_9th_pre_bid"": ""-5120"", ""sel_8th_pre_req_pre"": ""0"", ""sel_8th_pre_req"": ""902"", ""sel_8th_pre_bid"": ""-5110"", ""sel_7th_pre_req_pre"": ""0"", ""sel_7th_pre_req"": ""111"", ""sel_7th_pre_bid"": ""-5100"", ""sel_6th_pre_req_pre"": ""0"", ""sel_6th_pre_req"": ""671"", ""sel_6th_pre_bid"": ""-5090"", ""sel_5th_pre_req_pre"": ""0"", ""sel_5th_pre_req"": ""2305"", ""sel_5th_pre_bid"": ""-5080"", ""sel_4th_pre_req_pre"": ""0"", ""sel_4th_pre_req"": ""2892"", ""sel_4th_pre_bid"": ""-5070"", ""sel_3th_pre_req_pre"": ""0"", ""sel_3th_pre_req"": ""886"", ""sel_3th_pre_bid"": ""-5060"", ""sel_2th_pre_req_pre"": ""0"", ""sel_2th_pre_req"": ""2859"", ""sel_2th_pre_bid"": ""-5050"", ""sel_1th_pre_req_pre"": ""0"", ""sel_fpr_req"": ""8739"", ""sel_fpr_bid"": ""-5040"", ""buy_fpr_bid"": ""-5030"", ""buy_fpr_req"": ""7081"", ""buy_1th_pre_req_pre"": ""--90"", ""buy_2th_pre_bid"": ""-5020"", ""buy_2th_pre_req"": ""8456"", ""buy_2th_pre_req_pre"": ""0"", ""buy_3th_pre_bid"": ""-5010"", ""buy_3th_pre_req"": ""5970"", ""buy_3th_pre_req_pre"": ""0"", ""buy_4th_pre_bid"": ""-5000"", ""buy_4th_pre_req"": ""16343"", ""buy_4th_pre_req_pre"": ""0"", ""buy_5th_pre_bid"": ""-4995"", ""buy_5th_pre_req"": ""3777"", ""buy_5th_pre_req_pre"": ""0"", ""buy_6th_pre_bid"": ""-4990"", ""buy_6th_pre_req"": ""2796"", ""buy_6th_pre_req_pre"": ""0"", ""buy_7th_pre_bid"": ""-4985"", ""buy_7th_pre_req"": ""2549"", ""buy_7th_pre_req_pre"": ""0"", ""buy_8th_pre_bid"": ""-4980"", ""buy_8th_pre_req"": ""9347"", ""buy_8th_pre_req_pre"": ""0"", ""buy_9th_pre_bid"": ""-4975"", ""buy_9th_pre_req"": ""295"", ""buy_9th_pre_req_pre"": ""0"", ""buy_10th_pre_bid"": ""-4970"", ""buy_10th_pre_req"": ""453"", ""buy_10th_pre_req_pre"": ""0"", ""tot_sel_req_jub_pre"": ""0"", ""tot_sel_req"": ""24372"", ""tot_buy_req"": ""57067"", ""tot_buy_req_jub_pre"": ""--90"", ""ovt_sel_req_pre"": ""0"", ""ovt_sel_req"": ""0"", ""ovt_buy_req"": ""0"", ""ovt_buy_req_pre"": ""0"", ""return_code"": 0, ""return_msg"": ""정상적으로 처리되었습니다""}"
2026-06-10,watchlist,004990,,0,filtered_candidate_recheck,25700,,25700,25650,25700,25700,-0.19455252918287938,0.19455252918287938,,,,,,"{""bid_req_base_tm"": ""102139"", ""sel_10th_pre_req_pre"": ""0"", ""sel_10th_pre_req"": ""90"", ""sel_10th_pre_bid"": ""+26200"", ""sel_9th_pre_req_pre"": ""0"", ""sel_9th_pre_req"": ""3119"", ""sel_9th_pre_bid"": ""26150"", ""sel_8th_pre_req_pre"": ""0"", ""sel_8th_pre_req"": ""602"", ""sel_8th_pre_bid"": ""-26100"", ""sel_7th_pre_req_pre"": ""0"", ""sel_7th_pre_req"": ""101"", ""sel_7th_pre_bid"": ""-26050"", ""sel_6th_pre_req_pre"": ""0"", ""sel_6th_pre_req"": ""3"", ""sel_6th_pre_bid"": ""-26000"", ""sel_5th_pre_req_pre"": ""0"", ""sel_5th_pre_req"": ""6"", ""sel_5th_pre_bid"": ""-25950"", ""sel_4th_pre_req_pre"": ""0"", ""sel_4th_pre_req"": ""250"", ""sel_4th_pre_bid"": ""-25900"", ""sel_3th_pre_req_pre"": ""0"", ""sel_3th_pre_req"": ""250"", ""sel_3th_pre_bid"": ""-25850"", ""sel_2th_pre_req_pre"": ""0"", ""sel_2th_pre_req"": ""458"", ""sel_2th_pre_bid"": ""-25750"", ""sel_1th_pre_req_pre"": ""0"", ""sel_fpr_req"": ""694"", ""sel_fpr_bid"": ""-25700"", ""buy_fpr_bid"": ""-25650"", ""buy_fpr_req"": ""534"", ""buy_1th_pre_req_pre"": ""0"", ""buy_2th_pre_bid"": ""-25600"", ""buy_2th_pre_req"": ""84"", ""buy_2th_pre_req_pre"": ""0"", ""buy_3th_pre_bid"": ""-25550"", ""buy_3th_pre_req"": ""297"", ""buy_3th_pre_req_pre"": ""0"", ""buy_4th_pre_bid"": ""-25500"", ""buy_4th_pre_req"": ""451"", ""buy_4th_pre_req_pre"": ""0"", ""buy_5th_pre_bid"": ""-25450"", ""buy_5th_pre_req"": ""238"", ""buy_5th_pre_req_pre"": ""0"", ""buy_6th_pre_bid"": ""-25400"", ""buy_6th_pre_req"": ""671"", ""buy_6th_pre_req_pre"": ""0"", ""buy_7th_pre_bid"": ""-25350"", ""buy_7th_pre_req"": ""392"", ""buy_7th_pre_req_pre"": ""0"", ""buy_8th_pre_bid"": ""-25300"", ""buy_8th_pre_req"": ""926"", ""buy_8th_pre_req_pre"": ""0"", ""buy_9th_pre_bid"": ""-25250"", ""buy_9th_pre_req"": ""885"", ""buy_9th_pre_req_pre"": ""0"", ""buy_10th_pre_bid"": ""-25200"", ""buy_10th_pre_req"": ""7718"", ""buy_10th_pre_req_pre"": ""0"", ""tot_sel_req_jub_pre"": ""0"", ""tot_sel_req"": ""5573"", ""tot_buy_req"": ""12196"", ""tot_buy_req_jub_pre"": ""0"", ""ovt_sel_req_pre"": ""0"", ""ovt_sel_req"": ""0"", ""ovt_buy_req"": ""0"", ""ovt_buy_req_pre"": ""0"", ""return_code"": 0, ""return_msg"": ""정상적으로 처리되었습니다""}"
2026-06-10,watchlist,081660,,0,filtered_candidate_recheck,40400,,40400,40300,40400,40400,-0.12376237623762376,0.24752475247524752,,,,,,"{""bid_req_base_tm"": ""102138"", ""sel_10th_pre_req_pre"": ""0"", ""sel_10th_pre_req"": ""147"", ""sel_10th_pre_bid"": ""+40850"", ""sel_9th_pre_req_pre"": ""0"", ""sel_9th_pre_req"": ""136"", ""sel_9th_pre_bid"": ""+40800"", ""sel_8th_pre_req_pre"": ""0"", ""sel_8th_pre_req"": ""13"", ""sel_8th_pre_bid"": ""+40750"", ""sel_7th_pre_req_pre"": ""0"", ""sel_7th_pre_req"": ""70"", ""sel_7th_pre_bid"": ""+40700"", ""sel_6th_pre_req_pre"": ""0"", ""sel_6th_pre_req"": ""50"", ""sel_6th_pre_bid"": ""+40650"", ""sel_5th_pre_req_pre"": ""0"", ""sel_5th_pre_req"": ""65"", ""sel_5th_pre_bid"": ""+40600"", ""sel_4th_pre_req_pre"": ""0"", ""sel_4th_pre_req"": ""156"", ""sel_4th_pre_bid"": ""+40550"", ""sel_3th_pre_req_pre"": ""0"", ""sel_3th_pre_req"": ""246"", ""sel_3th_pre_bid"": ""+40500"", ""sel_2th_pre_req_pre"": ""+50"", ""sel_2th_pre_req"": ""103"", ""sel_2th_pre_bid"": ""+40450"", ""sel_1th_pre_req_pre"": ""0"", ""sel_fpr_req"": ""62"", ""sel_fpr_bid"": ""+40400"", ""buy_fpr_bid"": ""+40300"", ""buy_fpr_req"": ""270"", ""buy_1th_pre_req_pre"": ""0"", ""buy_2th_pre_bid"": ""+40250"", ""buy_2th_pre_req"": ""185"", ""buy_2th_pre_req_pre"": ""0"", ""buy_3th_pre_bid"": ""+40200"", ""buy_3th_pre_req"": ""101"", ""buy_3th_pre_req_pre"": ""0"", ""buy_4th_pre_bid"": ""+40150"", ""buy_4th_pre_req"": ""27"", ""buy_4th_pre_req_pre"": ""0"", ""buy_5th_pre_bid"": ""+40050"", ""buy_5th_pre_req"": ""313"", ""buy_5th_pre_req_pre"": ""0"", ""buy_6th_pre_bid"": ""+40000"", ""buy_6th_pre_req"": ""558"", ""buy_6th_pre_req_pre"": ""0"", ""buy_7th_pre_bid"": ""+39950"", ""buy_7th_pre_req"": ""500"", ""buy_7th_pre_req_pre"": ""0"", ""buy_8th_pre_bid"": ""+39900"", ""buy_8th_pre_req"": ""2"", ""buy_8th_pre_req_pre"": ""0"", ""buy_9th_pre_bid"": ""+39850"", ""buy_9th_pre_req"": ""51"", ""buy_9th_pre_req_pre"": ""0"", ""buy_10th_pre_bid"": ""39700"", ""buy_10th_pre_req"": ""52"", ""buy_10th_pre_req_pre"": ""0"", ""tot_sel_req_jub_pre"": ""+50"", ""tot_sel_req"": ""1048"", ""tot_buy_req"": ""2059"", ""tot_buy_req_jub_pre"": ""0"", ""ovt_sel_req_pre"": ""0"", ""ovt_sel_req"": ""0"", ""ovt_buy_req"": ""0"", ""ovt_buy_req_pre"": ""0"", ""return_code"": 0, ""return_msg"": ""정상적으로 처리되었습니다""}"
2026-06-10,watchlist,008770,,0,filtered_candidate_recheck,54300,,54300,54200,54300,54400,0.0,0.1841620626151013,,,,,,"{""bid_req_base_tm"": ""102141"", ""sel_10th_pre_req_pre"": ""0"", ""sel_10th_pre_req"": ""540"", ""sel_10th_pre_bid"": ""55200"", ""sel_9th_pre_req_pre"": ""0"", ""sel_9th_pre_req"": ""112"", ""sel_9th_pre_bid"": ""-55100"", ""sel_8th_pre_req_pre"": ""0"", ""sel_8th_pre_req"": ""435"", ""sel_8th_pre_bid"": ""-55000"", ""sel_7th_pre_req_pre"": ""0"", ""sel_7th_pre_req"": ""313"", ""sel_7th_pre_bid"": ""-54900"", ""sel_6th_pre_req_pre"": ""0"", ""sel_6th_pre_req"": ""190"", ""sel_6th_pre_bid"": ""-54800"", ""sel_5th_pre_req_pre"": ""0"", ""sel_5th_pre_req"": ""37"", ""sel_5th_pre_bid"": ""-54700"", ""sel_4th_pre_req_pre"": ""0"", ""sel_4th_pre_req"": ""12"", ""sel_4th_pre_bid"": ""-54600"", ""sel_3th_pre_req_pre"": ""0"", ""sel_3th_pre_req"": ""87"", ""sel_3th_pre_bid"": ""-54500"", ""sel_2th_pre_req_pre"": ""0"", ""sel_2th_pre_req"": ""5"", ""sel_2th_pre_bid"": ""-54400"", ""sel_1th_pre_req_pre"": ""0"", ""sel_fpr_req"": ""187"", ""sel_fpr_bid"": ""-54300"", ""buy_fpr_bid"": ""-54200"", ""buy_fpr_req"": ""412"", ""buy_1th_pre_req_pre"": ""+8"", ""buy_2th_pre_bid"": ""-54100"", ""buy_2th_pre_req"": ""229"", ""buy_2th_pre_req_pre"": ""0"", ""buy_3th_pre_bid"": ""-54000"", ""buy_3th_pre_req"": ""433"", ""buy_3th_pre_req_pre"": ""0"", ""buy_4th_pre_bid"": ""-53900"", ""buy_4th_pre_req"": ""433"", ""buy_4th_pre_req_pre"": ""0"", ""buy_5th_pre_bid"": ""-53800"", ""buy_5th_pre_req"": ""262"", ""buy_5th_pre_req_pre"": ""0"", ""buy_6th_pre_bid"": ""-53700"", ""buy_6th_pre_req"": ""379"", ""buy_6th_pre_req_pre"": ""0"", ""buy_7th_pre_bid"": ""-53600"", ""buy_7th_pre_req"": ""114"", ""buy_7th_pre_req_pre"": ""0"", ""buy_8th_pre_bid"": ""-53500"", ""buy_8th_pre_req"": ""120"", ""buy_8th_pre_req_pre"": ""0"", ""buy_9th_pre_bid"": ""-53400"", ""buy_9th_pre_req"": ""227"", ""buy_9th_pre_req_pre"": ""0"", ""buy_10th_pre_bid"": ""-53300"", ""buy_10th_pre_req"": ""595"", ""buy_10th_pre_req_pre"": ""0"", ""tot_sel_req_jub_pre"": ""0"", ""tot_sel_req"": ""1918"", ""tot_buy_req"": ""3204"", ""tot_buy_req_jub_pre"": ""+8"", ""ovt_sel_req_pre"": ""0"", ""ovt_sel_req"": ""0"", ""ovt_buy_req"": ""0"", ""ovt_buy_req_pre"": ""0"", ""return_code"": 0, ""return_msg"": ""정상적으로 처리되었습니다""}"
2026-06-10,watchlist,012330,,0,filtered_candidate_recheck,587000,,587000,586000,587000,586000,-0.34071550255536626,0.17035775127768313,,,,,,"{""bid_req_base_tm"": ""102142"", ""sel_10th_pre_req_pre"": ""0"", ""sel_10th_pre_req"": ""366"", ""sel_10th_pre_bid"": ""+596000"", ""sel_9th_pre_req_pre"": ""0"", ""sel_9th_pre_req"": ""500"", ""sel_9th_pre_bid"": ""595000"", ""sel_8th_pre_req_pre"": ""0"", ""sel_8th_pre_req"": ""230"", ""sel_8th_pre_bid"": ""-594000"", ""sel_7th_pre_req_pre"": ""0"", ""sel_7th_pre_req"": ""210"", ""sel_7th_pre_bid"": ""-593000"", ""sel_6th_pre_req_pre"": ""0"", ""sel_6th_pre_req"": ""87"", ""sel_6th_pre_bid"": ""-592000"", ""sel_5th_pre_req_pre"": ""0"", ""sel_5th_pre_req"": ""114"", ""sel_5th_pre_bid"": ""-591000"", ""sel_4th_pre_req_pre"": ""0"", ""sel_4th_pre_req"": ""351"", ""sel_4th_pre_bid"": ""-590000"", ""sel_3th_pre_req_pre"": ""0"", ""sel_3th_pre_req"": ""346"", ""sel_3th_pre_bid"": ""-589000"", ""sel_2th_pre_req_pre"": ""0"", ""sel_2th_pre_req"": ""170"", ""sel_2th_pre_bid"": ""-588000"", ""sel_1th_pre_req_pre"": ""0"", ""sel_fpr_req"": ""353"", ""sel_fpr_bid"": ""-587000"", ""buy_fpr_bid"": ""-586000"", ""buy_fpr_req"": ""417"", ""buy_1th_pre_req_pre"": ""0"", ""buy_2th_pre_bid"": ""-585000"", ""buy_2th_pre_req"": ""404"", ""buy_2th_pre_req_pre"": ""+280"", ""buy_3th_pre_bid"": ""-584000"", ""buy_3th_pre_req"": ""271"", ""buy_3th_pre_req_pre"": ""--30"", ""buy_4th_pre_bid"": ""-583000"", ""buy_4th_pre_req"": ""281"", ""buy_4th_pre_req_pre"": ""--161"", ""buy_5th_pre_bid"": ""-582000"", ""buy_5th_pre_req"": ""188"", ""buy_5th_pre_req_pre"": ""--89"", ""buy_6th_pre_bid"": ""-581000"", ""buy_6th_pre_req"": ""182"", ""buy_6th_pre_req_pre"": ""0"", ""buy_7th_pre_bid"": ""-580000"", ""buy_7th_pre_req"": ""363"", ""buy_7th_pre_req_pre"": ""0"", ""buy_8th_pre_bid"": ""-579000"", ""buy_8th_pre_req"": ""63"", ""buy_8th_pre_req_pre"": ""0"", ""buy_9th_pre_bid"": ""-578000"", ""buy_9th_pre_req"": ""109"", ""buy_9th_pre_req_pre"": ""0"", ""buy_10th_pre_bid"": ""-577000"", ""buy_10th_pre_req"": ""220"", ""buy_10th_pre_req_pre"": ""0"", ""tot_sel_req_jub_pre"": ""0"", ""tot_sel_req"": ""2727"", ""tot_buy_req"": ""2498"", ""tot_buy_req_jub_pre"": ""0"", ""ovt_sel_req_pre"": ""0"", ""ovt_sel_req"": ""0"", ""ovt_buy_req"": ""0"", ""ovt_buy_req_pre"": ""0"", ""return_code"": 0, ""return_msg"": ""정상적으로 처리되었습니다""}"
2026-06-10,watchlist,009155,,0,filtered_candidate_recheck,609000,,609000,608000,609000,611000,0.16420361247947454,0.16420361247947454,,,,,,"{""bid_req_base_tm"": ""102141"", ""sel_10th_pre_req_pre"": ""0"", ""sel_10th_pre_req"": ""5"", ""sel_10th_pre_bid"": ""-618000"", ""sel_9th_pre_req_pre"": ""0"", ""sel_9th_pre_req"": ""6"", ""sel_9th_pre_bid"": ""-617000"", ""sel_8th_pre_req_pre"": ""0"", ""sel_8th_pre_req"": ""2"", ""sel_8th_pre_bid"": ""-616000"", ""sel_7th_pre_req_pre"": ""0"", ""sel_7th_pre_req"": ""7"", ""sel_7th_pre_bid"": ""-615000"", ""sel_6th_pre_req_pre"": ""0"", ""sel_6th_pre_req"": ""33"", ""sel_6th_pre_bid"": ""-614000"", ""sel_5th_pre_req_pre"": ""0"", ""sel_5th_pre_req"": ""49"", ""sel_5th_pre_bid"": ""-613000"", ""sel_4th_pre_req_pre"": ""0"", ""sel_4th_pre_req"": ""52"", ""sel_4th_pre_bid"": ""-612000"", ""sel_3th_pre_req_pre"": ""0"", ""sel_3th_pre_req"": ""17"", ""sel_3th_pre_bid"": ""-611000"", ""sel_2th_pre_req_pre"": ""0"", ""sel_2th_pre_req"": ""23"", ""sel_2th_pre_bid"": ""-610000"", ""sel_1th_pre_req_pre"": ""0"", ""sel_fpr_req"": ""12"", ""sel_fpr_bid"": ""-609000"", ""buy_fpr_bid"": ""-608000"", ""buy_fpr_req"": ""127"", ""buy_1th_pre_req_pre"": ""0"", ""buy_2th_pre_bid"": ""-607000"", ""buy_2th_pre_req"": ""48"", ""buy_2th_pre_req_pre"": ""0"", ""buy_3th_pre_bid"": ""-606000"", ""buy_3th_pre_req"": ""4"", ""buy_3th_pre_req_pre"": ""0"", ""buy_4th_pre_bid"": ""-605000"", ""buy_4th_pre_req"": ""31"", ""buy_4th_pre_req_pre"": ""0"", ""buy_5th_pre_bid"": ""-604000"", ""buy_5th_pre_req"": ""34"", ""buy_5th_pre_req_pre"": ""0"", ""buy_6th_pre_bid"": ""-603000"", ""buy_6th_pre_req"": ""17"", ""buy_6th_pre_req_pre"": ""0"", ""buy_7th_pre_bid"": ""-602000"", ""buy_7th_pre_req"": ""47"", ""buy_7th_pre_req_pre"": ""0"", ""buy_8th_pre_bid"": ""-601000"", ""buy_8th_pre_req"": ""79"", ""buy_8th_pre_req_pre"": ""0"", ""buy_9th_pre_bid"": ""-600000"", ""buy_9th_pre_req"": ""493"", ""buy_9th_pre_req_pre"": ""0"", ""buy_10th_pre_bid"": ""-599000"", ""buy_10th_pre_req"": ""198"", ""buy_10th_pre_req_pre"": ""0"", ""tot_sel_req_jub_pre"": ""0"", ""tot_sel_req"": ""206"", ""tot_buy_req"": ""1078"", ""tot_buy_req_jub_pre"": ""0"", ""ovt_sel_req_pre"": ""0"", ""ovt_sel_req"": ""0"", ""ovt_buy_req"": ""0"", ""ovt_buy_req_pre"": ""0"", ""return_code"": 0, ""return_msg"": ""정상적으로 처리되었습니다""}"
2026-06-10,watchlist,181710,,1,filtered_candidate_recheck,40150,,40150,40100,40150,40350,0.37359900373599003,0.12453300124533001,,,,,,"{""bid_req_base_tm"": ""102142"", ""sel_10th_pre_req_pre"": ""0"", ""sel_10th_pre_req"": ""24"", ""sel_10th_pre_bid"": ""-40700"", ""sel_9th_pre_req_pre"": ""0"", ""sel_9th_pre_req"": ""3"", ""sel_9th_pre_bid"": ""-40650"", ""sel_8th_pre_req_pre"": ""0"", ""sel_8th_pre_req"": ""12"", ""sel_8th_pre_bid"": ""-40600"", ""sel_7th_pre_req_pre"": ""0"", ""sel_7th_pre_req"": ""2"", ""sel_7th_pre_bid"": ""-40550"", ""sel_6th_pre_req_pre"": ""0"", ""sel_6th_pre_req"": ""821"", ""sel_6th_pre_bid"": ""-40500"", ""sel_5th_pre_req_pre"": ""0"", ""sel_5th_pre_req"": ""199"", ""sel_5th_pre_bid"": ""-40450"", ""sel_4th_pre_req_pre"": ""0"", ""sel_4th_pre_req"": ""35"", ""sel_4th_pre_bid"": ""-40350"", ""sel_3th_pre_req_pre"": ""0"", ""sel_3th_pre_req"": ""1"", ""sel_3th_pre_bid"": ""-40250"", ""sel_2th_pre_req_pre"": ""0"", ""sel_2th_pre_req"": ""7"", ""sel_2th_pre_bid"": ""-40200"", ""sel_1th_pre_req_pre"": ""0"", ""sel_fpr_req"": ""70"", ""sel_fpr_bid"": ""-40150"", ""buy_fpr_bid"": ""-40100"", ""buy_fpr_req"": ""115"", ""buy_1th_pre_req_pre"": ""0"", ""buy_2th_pre_bid"": ""-40050"", ""buy_2th_pre_req"": ""102"", ""buy_2th_pre_req_pre"": ""0"", ""buy_3th_pre_bid"": ""-40000"", ""buy_3th_pre_req"": ""1092"", ""buy_3th_pre_req_pre"": ""+1"", ""buy_4th_pre_bid"": ""-39950"", ""buy_4th_pre_req"": ""151"", ""buy_4th_pre_req_pre"": ""0"", ""buy_5th_pre_bid"": ""-39900"", ""buy_5th_pre_req"": ""414"", ""buy_5th_pre_req_pre"": ""0"", ""buy_6th_pre_bid"": ""-39850"", ""buy_6th_pre_req"": ""520"", ""buy_6th_pre_req_pre"": ""0"", ""buy_7th_pre_bid"": ""-39800"", ""buy_7th_pre_req"": ""410"", ""buy_7th_pre_req_pre"": ""0"", ""buy_8th_pre_bid"": ""-39750"", ""buy_8th_pre_req"": ""36"", ""buy_8th_pre_req_pre"": ""0"", ""buy_9th_pre_bid"": ""-39700"", ""buy_9th_pre_req"": ""773"", ""buy_9th_pre_req_pre"": ""0"", ""buy_10th_pre_bid"": ""-39650"", ""buy_10th_pre_req"": ""38"", ""buy_10th_pre_req_pre"": ""0"", ""tot_sel_req_jub_pre"": ""0"", ""tot_sel_req"": ""1174"", ""tot_buy_req"": ""3651"", ""tot_buy_req_jub_pre"": ""+1"", ""ovt_sel_req_pre"": ""0"", ""ovt_sel_req"": ""0"", ""ovt_buy_req"": ""0"", ""ovt_buy_req_pre"": ""0"", ""return_code"": 0, ""return_msg"": ""정상적으로 처리되었습니다""}"
2026-06-10,watchlist,085620,,0,filtered_candidate_recheck,22350,,22350,22300,22350,22400,0.0,0.22371364653243847,,,,,,"{""bid_req_base_tm"": ""102143"", ""sel_10th_pre_req_pre"": ""0"", ""sel_10th_pre_req"": ""1945"", ""sel_10th_pre_bid"": ""-22800"", ""sel_9th_pre_req_pre"": ""0"", ""sel_9th_pre_req"": ""485"", ""sel_9th_pre_bid"": ""-22750"", ""sel_8th_pre_req_pre"": ""0"", ""sel_8th_pre_req"": ""1366"", ""sel_8th_pre_bid"": ""-22700"", ""sel_7th_pre_req_pre"": ""0"", ""sel_7th_pre_req"": ""812"", ""sel_7th_pre_bid"": ""-22650"", ""sel_6th_pre_req_pre"": ""0"", ""sel_6th_pre_req"": ""1765"", ""sel_6th_pre_bid"": ""-22600"", ""sel_5th_pre_req_pre"": ""0"", ""sel_5th_pre_req"": ""1163"", ""sel_5th_pre_bid"": ""-22550"", ""sel_4th_pre_req_pre"": ""0"", ""sel_4th_pre_req"": ""1160"", ""sel_4th_pre_bid"": ""-22500"", ""sel_3th_pre_req_pre"": ""0"", ""sel_3th_pre_req"": ""660"", ""sel_3th_pre_bid"": ""-22450"", ""sel_2th_pre_req_pre"": ""--37"", ""sel_2th_pre_req"": ""1883"", ""sel_2th_pre_bid"": ""-22400"", ""sel_1th_pre_req_pre"": ""+37"", ""sel_fpr_req"": ""300"", ""sel_fpr_bid"": ""-22350"", ""buy_fpr_bid"": ""-22300"", ""buy_fpr_req"": ""889"", ""buy_1th_pre_req_pre"": ""0"", ""buy_2th_pre_bid"": ""-22250"", ""buy_2th_pre_req"": ""749"", ""buy_2th_pre_req_pre"": ""0"", ""buy_3th_pre_bid"": ""-22200"", ""buy_3th_pre_req"": ""1939"", ""buy_3th_pre_req_pre"": ""0"", ""buy_4th_pre_bid"": ""-22150"", ""buy_4th_pre_req"": ""2276"", ""buy_4th_pre_req_pre"": ""0"", ""buy_5th_pre_bid"": ""-22100"", ""buy_5th_pre_req"": ""1270"", ""buy_5th_pre_req_pre"": ""0"", ""buy_6th_pre_bid"": ""-22050"", ""buy_6th_pre_req"": ""2433"", ""buy_6th_pre_req_pre"": ""0"", ""buy_7th_pre_bid"": ""-22000"", ""buy_7th_pre_req"": ""1987"", ""buy_7th_pre_req_pre"": ""0"", ""buy_8th_pre_bid"": ""-21950"", ""buy_8th_pre_req"": ""2444"", ""buy_8th_pre_req_pre"": ""0"", ""buy_9th_pre_bid"": ""-21900"", ""buy_9th_pre_req"": ""2855"", ""buy_9th_pre_req_pre"": ""0"", ""buy_10th_pre_bid"": ""-21850"", ""buy_10th_pre_req"": ""2181"", ""buy_10th_pre_req_pre"": ""0"", ""tot_sel_req_jub_pre"": ""0"", ""tot_sel_req"": ""11539"", ""tot_buy_req"": ""19023"", ""tot_buy_req_jub_pre"": ""0"", ""ovt_sel_req_pre"": ""0"", ""ovt_sel_req"": ""0"", ""ovt_buy_req"": ""0"", ""ovt_buy_req_pre"": ""0"", ""return_code"": 0, ""return_msg"": ""정상적으로 처리되었습니다""}"
2026-06-10,watchlist,062040,,0,filtered_candidate_recheck,227500,,227500,227000,227500,228500,0.21978021978021978,0.21978021978021978,,,,,,"{""bid_req_base_tm"": ""102143"", ""sel_10th_pre_req_pre"": ""0"", ""sel_10th_pre_req"": ""499"", ""sel_10th_pre_bid"": ""+232000"", ""sel_9th_pre_req_pre"": ""0"", ""sel_9th_pre_req"": ""141"", ""sel_9th_pre_bid"": ""+231500"", ""sel_8th_pre_req_pre"": ""0"", ""sel_8th_pre_req"": ""112"", ""sel_8th_pre_bid"": ""+231000"", ""sel_7th_pre_req_pre"": ""0"", ""sel_7th_pre_req"": ""22"", ""sel_7th_pre_bid"": ""+230500"", ""sel_6th_pre_req_pre"": ""0"", ""sel_6th_pre_req"": ""75"", ""sel_6th_pre_bid"": ""+230000"", ""sel_5th_pre_req_pre"": ""0"", ""sel_5th_pre_req"": ""20"", ""sel_5th_pre_bid"": ""+229500"", ""sel_4th_pre_req_pre"": ""0"", ""sel_4th_pre_req"": ""19"", ""sel_4th_pre_bid"": ""+229000"", ""sel_3th_pre_req_pre"": ""0"", ""sel_3th_pre_req"": ""45"", ""sel_3th_pre_bid"": ""+228500"", ""sel_2th_pre_req_pre"": ""0"", ""sel_2th_pre_req"": ""51"", ""sel_2th_pre_bid"": ""+228000"", ""sel_1th_pre_req_pre"": ""--3"", ""sel_fpr_req"": ""156"", ""sel_fpr_bid"": ""+227500"", ""buy_fpr_bid"": ""+227000"", ""buy_fpr_req"": ""353"", ""buy_1th_pre_req_pre"": ""0"", ""buy_2th_pre_bid"": ""+226500"", ""buy_2th_pre_req"": ""315"", ""buy_2th_pre_req_pre"": ""0"", ""buy_3th_pre_bid"": ""+226000"", ""buy_3th_pre_req"": ""284"", ""buy_3th_pre_req_pre"": ""0"", ""buy_4th_pre_bid"": ""+225500"", ""buy_4th_pre_req"": ""470"", ""buy_4th_pre_req_pre"": ""0"", ""buy_5th_pre_bid"": ""225000"", ""buy_5th_pre_req"": ""629"", ""buy_5th_pre_req_pre"": ""0"", ""buy_6th_pre_bid"": ""-224500"", ""buy_6th_pre_req"": ""63"", ""buy_6th_pre_req_pre"": ""0"", ""buy_7th_pre_bid"": ""-224000"", ""buy_7th_pre_req"": ""166"", ""buy_7th_pre_req_pre"": ""0"", ""buy_8th_pre_bid"": ""-223500"", ""buy_8th_pre_req"": ""247"", ""buy_8th_pre_req_pre"": ""0"", ""buy_9th_pre_bid"": ""-223000"", ""buy_9th_pre_req"": ""107"", ""buy_9th_pre_req_pre"": ""0"", ""buy_10th_pre_bid"": ""-222500"", ""buy_10th_pre_req"": ""114"", ""buy_10th_pre_req_pre"": ""0"", ""tot_sel_req_jub_pre"": ""--3"", ""tot_sel_req"": ""1140"", ""tot_buy_req"": ""2748"", ""tot_buy_req_jub_pre"": ""0"", ""ovt_sel_req_pre"": ""0"", ""ovt_sel_req"": ""0"", ""ovt_buy_req"": ""0"", ""ovt_buy_req_pre"": ""0"", ""return_code"": 0, ""return_msg"": ""정상적으로 처리되었습니다""}"
2026-06-10,watchlist,036460,,0,filtered_candidate_recheck,34400,,34400,34350,34400,34400,-0.14534883720930233,0.14534883720930233,,,,,,"{""bid_req_base_tm"": ""102136"", ""sel_10th_pre_req_pre"": ""0"", ""sel_10th_pre_req"": ""530"", ""sel_10th_pre_bid"": ""+34850"", ""sel_9th_pre_req_pre"": ""0"", ""sel_9th_pre_req"": ""16"", ""sel_9th_pre_bid"": ""+34800"", ""sel_8th_pre_req_pre"": ""0"", ""sel_8th_pre_req"": ""576"", ""sel_8th_pre_bid"": ""+34750"", ""sel_7th_pre_req_pre"": ""0"", ""sel_7th_pre_req"": ""80"", ""sel_7th_pre_bid"": ""+34700"", ""sel_6th_pre_req_pre"": ""0"", ""sel_6th_pre_req"": ""271"", ""sel_6th_pre_bid"": ""+34650"", ""sel_5th_pre_req_pre"": ""0"", ""sel_5th_pre_req"": ""638"", ""sel_5th_pre_bid"": ""+34600"", ""sel_4th_pre_req_pre"": ""0"", ""sel_4th_pre_req"": ""754"", ""sel_4th_pre_bid"": ""+34550"", ""sel_3th_pre_req_pre"": ""0"", ""sel_3th_pre_req"": ""220"", ""sel_3th_pre_bid"": ""+34500"", ""sel_2th_pre_req_pre"": ""0"", ""sel_2th_pre_req"": ""498"", ""sel_2th_pre_bid"": ""+34450"", ""sel_1th_pre_req_pre"": ""0"", ""sel_fpr_req"": ""114"", ""sel_fpr_bid"": ""+34400"", ""buy_fpr_bid"": ""+34350"", ""buy_fpr_req"": ""62"", ""buy_1th_pre_req_pre"": ""+10"", ""buy_2th_pre_bid"": ""+34300"", ""buy_2th_pre_req"": ""79"", ""buy_2th_pre_req_pre"": ""0"", ""buy_3th_pre_bid"": ""+34250"", ""buy_3th_pre_req"": ""578"", ""buy_3th_pre_req_pre"": ""0"", ""buy_4th_pre_bid"": ""+34200"", ""buy_4th_pre_req"": ""639"", ""buy_4th_pre_req_pre"": ""0"", ""buy_5th_pre_bid"": ""+34150"", ""buy_5th_pre_req"": ""341"", ""buy_5th_pre_req_pre"": ""0"", ""buy_6th_pre_bid"": ""+34100"", ""buy_6th_pre_req"": ""439"", ""buy_6th_pre_req_pre"": ""0"", ""buy_7th_pre_bid"": ""+34050"", ""buy_7th_pre_req"": ""1118"", ""buy_7th_pre_req_pre"": ""0"", ""buy_8th_pre_bid"": ""34000"", ""buy_8th_pre_req"": ""3015"", ""buy_8th_pre_req_pre"": ""0"", ""buy_9th_pre_bid"": ""-33950"", ""buy_9th_pre_req"": ""854"", ""buy_9th_pre_req_pre"": ""0"", ""buy_10th_pre_bid"": ""-33900"", ""buy_10th_pre_req"": ""894"", ""buy_10th_pre_req_pre"": ""0"", ""tot_sel_req_jub_pre"": ""0"", ""tot_sel_req"": ""3697"", ""tot_buy_req"": ""8019"", ""tot_buy_req_jub_pre"": ""+10"", ""ovt_sel_req_pre"": ""0"", ""ovt_sel_req"": ""0"", ""ovt_buy_req"": ""0"", ""ovt_buy_req_pre"": ""0"", ""return_code"": 0, ""return_msg"": ""정상적으로 처리되었습니다""}"
2026-06-10,watchlist,066575,,0,filtered_candidate_recheck,79600,,79600,79500,79600,79300,-0.5025125628140703,0.12562814070351758,,,,,,"{""bid_req_base_tm"": ""102143"", ""sel_10th_pre_req_pre"": ""0"", ""sel_10th_pre_req"": ""250"", ""sel_10th_pre_bid"": ""-80500"", ""sel_9th_pre_req_pre"": ""0"", ""sel_9th_pre_req"": ""24"", ""sel_9th_pre_bid"": ""-80400"", ""sel_8th_pre_req_pre"": ""0"", ""sel_8th_pre_req"": ""181"", ""sel_8th_pre_bid"": ""-80300"", ""sel_7th_pre_req_pre"": ""0"", ""sel_7th_pre_req"": ""308"", ""sel_7th_pre_bid"": ""-80200"", ""sel_6th_pre_req_pre"": ""0"", ""sel_6th_pre_req"": ""96"", ""sel_6th_pre_bid"": ""-80100"", ""sel_5th_pre_req_pre"": ""0"", ""sel_5th_pre_req"": ""868"", ""sel_5th_pre_bid"": ""-80000"", ""sel_4th_pre_req_pre"": ""0"", ""sel_4th_pre_req"": ""285"", ""sel_4th_pre_bid"": ""-79900"", ""sel_3th_pre_req_pre"": ""0"", ""sel_3th_pre_req"": ""251"", ""sel_3th_pre_bid"": ""-79800"", ""sel_2th_pre_req_pre"": ""0"", ""sel_2th_pre_req"": ""134"", ""sel_2th_pre_bid"": ""-79700"", ""sel_1th_pre_req_pre"": ""0"", ""sel_fpr_req"": ""10"", ""sel_fpr_bid"": ""-79600"", ""buy_fpr_bid"": ""-79500"", ""buy_fpr_req"": ""20"", ""buy_1th_pre_req_pre"": ""0"", ""buy_2th_pre_bid"": ""-79400"", ""buy_2th_pre_req"": ""37"", ""buy_2th_pre_req_pre"": ""0"", ""buy_3th_pre_bid"": ""-79300"", ""buy_3th_pre_req"": ""94"", ""buy_3th_pre_req_pre"": ""0"", ""buy_4th_pre_bid"": ""-79200"", ""buy_4th_pre_req"": ""189"", ""buy_4th_pre_req_pre"": ""+1"", ""buy_5th_pre_bid"": ""-79100"", ""buy_5th_pre_req"": ""83"", ""buy_5th_pre_req_pre"": ""0"", ""buy_6th_pre_bid"": ""-79000"", ""buy_6th_pre_req"": ""132"", ""buy_6th_pre_req_pre"": ""0"", ""buy_7th_pre_bid"": ""-78900"", ""buy_7th_pre_req"": ""141"", ""buy_7th_pre_req_pre"": ""0"", ""buy_8th_pre_bid"": ""-78800"", ""buy_8th_pre_req"": ""256"", ""buy_8th_pre_req_pre"": ""0"", ""buy_9th_pre_bid"": ""-78700"", ""buy_9th_pre_req"": ""17"", ""buy_9th_pre_req_pre"": ""0"", ""buy_10th_pre_bid"": ""-78600"", ""buy_10th_pre_req"": ""122"", ""buy_10th_pre_req_pre"": ""0"", ""tot_sel_req_jub_pre"": ""0"", ""tot_sel_req"": ""2407"", ""tot_buy_req"": ""1091"", ""tot_buy_req_jub_pre"": ""+1"", ""ovt_sel_req_pre"": ""0"", ""ovt_sel_req"": ""0"", ""ovt_buy_req"": ""0"", ""ovt_buy_req_pre"": ""0"", ""return_code"": 0, ""return_msg"": ""정상적으로 처리되었습니다""}"
2026-06-10,watchlist,000810,,0,filtered_candidate_recheck,619000,,619000,618000,619000,619000,-0.16155088852988692,0.16155088852988692,,,,,,"{""bid_req_base_tm"": ""102142"", ""sel_10th_pre_req_pre"": ""0"", ""sel_10th_pre_req"": ""24"", ""sel_10th_pre_bid"": ""-628000"", ""sel_9th_pre_req_pre"": ""0"", ""sel_9th_pre_req"": ""21"", ""sel_9th_pre_bid"": ""-627000"", ""sel_8th_pre_req_pre"": ""0"", ""sel_8th_pre_req"": ""18"", ""sel_8th_pre_bid"": ""-626000"", ""sel_7th_pre_req_pre"": ""0"", ""sel_7th_pre_req"": ""6"", ""sel_7th_pre_bid"": ""-625000"", ""sel_6th_pre_req_pre"": ""0"", ""sel_6th_pre_req"": ""10"", ""sel_6th_pre_bid"": ""-624000"", ""sel_5th_pre_req_pre"": ""0"", ""sel_5th_pre_req"": ""260"", ""sel_5th_pre_bid"": ""-623000"", ""sel_4th_pre_req_pre"": ""0"", ""sel_4th_pre_req"": ""12"", ""sel_4th_pre_bid"": ""-622000"", ""sel_3th_pre_req_pre"": ""--1"", ""sel_3th_pre_req"": ""12"", ""sel_3th_pre_bid"": ""-621000"", ""sel_2th_pre_req_pre"": ""0"", ""sel_2th_pre_req"": ""24"", ""sel_2th_pre_bid"": ""-620000"", ""sel_1th_pre_req_pre"": ""0"", ""sel_fpr_req"": ""213"", ""sel_fpr_bid"": ""-619000"", ""buy_fpr_bid"": ""-618000"", ""buy_fpr_req"": ""346"", ""buy_1th_pre_req_pre"": ""0"", ""buy_2th_pre_bid"": ""-617000"", ""buy_2th_pre_req"": ""18"", ""buy_2th_pre_req_pre"": ""0"", ""buy_3th_pre_bid"": ""-616000"", ""buy_3th_pre_req"": ""22"", ""buy_3th_pre_req_pre"": ""0"", ""buy_4th_pre_bid"": ""-615000"", ""buy_4th_pre_req"": ""88"", ""buy_4th_pre_req_pre"": ""0"", ""buy_5th_pre_bid"": ""-614000"", ""buy_5th_pre_req"": ""3"", ""buy_5th_pre_req_pre"": ""0"", ""buy_6th_pre_bid"": ""-613000"", ""buy_6th_pre_req"": ""19"", ""buy_6th_pre_req_pre"": ""0"", ""buy_7th_pre_bid"": ""-612000"", ""buy_7th_pre_req"": ""14"", ""buy_7th_pre_req_pre"": ""0"", ""buy_8th_pre_bid"": ""-611000"", ""buy_8th_pre_req"": ""26"", ""buy_8th_pre_req_pre"": ""0"", ""buy_9th_pre_bid"": ""-610000"", ""buy_9th_pre_req"": ""70"", ""buy_9th_pre_req_pre"": ""0"", ""buy_10th_pre_bid"": ""-609000"", ""buy_10th_pre_req"": ""18"", ""buy_10th_pre_req_pre"": ""0"", ""tot_sel_req_jub_pre"": ""--1"", ""tot_sel_req"": ""600"", ""tot_buy_req"": ""624"", ""tot_buy_req_jub_pre"": ""0"", ""ovt_sel_req_pre"": ""0"", ""ovt_sel_req"": ""0"", ""ovt_buy_req"": ""0"", ""ovt_buy_req_pre"": ""0"", ""return_code"": 0, ""return_msg"": ""정상적으로 처리되었습니다""}"
2026-06-10,watchlist,005930,,0,filtered_candidate_recheck,309500,,309500,309000,309500,309500,-0.16155088852988692,0.16155088852988692,,,,,,"{""bid_req_base_tm"": ""102144"", ""sel_10th_pre_req_pre"": ""0"", ""sel_10th_pre_req"": ""17398"", ""sel_10th_pre_bid"": ""-314000"", ""sel_9th_pre_req_pre"": ""0"", ""sel_9th_pre_req"": ""14964"", ""sel_9th_pre_bid"": ""-313500"", ""sel_8th_pre_req_pre"": ""0"", ""sel_8th_pre_req"": ""14898"", ""sel_8th_pre_bid"": ""-313000"", ""sel_7th_pre_req_pre"": ""+10"", ""sel_7th_pre_req"": ""13197"", ""sel_7th_pre_bid"": ""-312500"", ""sel_6th_pre_req_pre"": ""0"", ""sel_6th_pre_req"": ""21030"", ""sel_6th_pre_bid"": ""-312000"", ""sel_5th_pre_req_pre"": ""0"", ""sel_5th_pre_req"": ""17695"", ""sel_5th_pre_bid"": ""-311500"", ""sel_4th_pre_req_pre"": ""0"", ""sel_4th_pre_req"": ""20332"", ""sel_4th_pre_bid"": ""-311000"", ""sel_3th_pre_req_pre"": ""0"", ""sel_3th_pre_req"": ""23528"", ""sel_3th_pre_bid"": ""-310500"", ""sel_2th_pre_req_pre"": ""0"", ""sel_2th_pre_req"": ""27054"", ""sel_2th_pre_bid"": ""-310000"", ""sel_1th_pre_req_pre"": ""0"", ""sel_fpr_req"": ""4265"", ""sel_fpr_bid"": ""-309500"", ""buy_fpr_bid"": ""-309000"", ""buy_fpr_req"": ""5180"", ""buy_1th_pre_req_pre"": ""+2"", ""buy_2th_pre_bid"": ""-308500"", ""buy_2th_pre_req"": ""17327"", ""buy_2th_pre_req_pre"": ""0"", ""buy_3th_pre_bid"": ""-308000"", ""buy_3th_pre_req"": ""15958"", ""buy_3th_pre_req_pre"": ""0"", ""buy_4th_pre_bid"": ""-307500"", ""buy_4th_pre_req"": ""9369"", ""buy_4th_pre_req_pre"": ""0"", ""buy_5th_pre_bid"": ""-307000"", ""buy_5th_pre_req"": ""29619"", ""buy_5th_pre_req_pre"": ""0"", ""buy_6th_pre_bid"": ""-306500"", ""buy_6th_pre_req"": ""20897"", ""buy_6th_pre_req_pre"": ""0"", ""buy_7th_pre_bid"": ""-306000"", ""buy_7th_pre_req"": ""60043"", ""buy_7th_pre_req_pre"": ""0"", ""buy_8th_pre_bid"": ""-305500"", ""buy_8th_pre_req"": ""78804"", ""buy_8th_pre_req_pre"": ""0"", ""buy_9th_pre_bid"": ""-305000"", ""buy_9th_pre_req"": ""200928"", ""buy_9th_pre_req_pre"": ""0"", ""buy_10th_pre_bid"": ""-304500"", ""buy_10th_pre_req"": ""26518"", ""buy_10th_pre_req_pre"": ""0"", ""tot_sel_req_jub_pre"": ""+10"", ""tot_sel_req"": ""174361"", ""tot_buy_req"": ""464643"", ""tot_buy_req_jub_pre"": ""+2"", ""ovt_sel_req_pre"": ""0"", ""ovt_sel_req"": ""0"", ""ovt_buy_req"": ""0"", ""ovt_buy_req_pre"": ""0"", ""return_code"": 0, ""return_msg"": ""정상적으로 처리되었습니다""}"
2026-06-10,watchlist,000370,,0,filtered_candidate_recheck,6640,,6640,6630,6640,6640,-0.15060240963855423,0.15060240963855423,,,,,,"{""bid_req_base_tm"": ""102139"", ""sel_10th_pre_req_pre"": ""0"", ""sel_10th_pre_req"": ""20"", ""sel_10th_pre_bid"": ""+6740"", ""sel_9th_pre_req_pre"": ""0"", ""sel_9th_pre_req"": ""136"", ""sel_9th_pre_bid"": ""+6730"", ""sel_8th_pre_req_pre"": ""0"", ""sel_8th_pre_req"": ""126"", ""sel_8th_pre_bid"": ""+6720"", ""sel_7th_pre_req_pre"": ""0"", ""sel_7th_pre_req"": ""11"", ""sel_7th_pre_bid"": ""+6710"", ""sel_6th_pre_req_pre"": ""0"", ""sel_6th_pre_req"": ""4196"", ""sel_6th_pre_bid"": ""+6700"", ""sel_5th_pre_req_pre"": ""0"", ""sel_5th_pre_req"": ""106"", ""sel_5th_pre_bid"": ""+6690"", ""sel_4th_pre_req_pre"": ""0"", ""sel_4th_pre_req"": ""149"", ""sel_4th_pre_bid"": ""+6670"", ""sel_3th_pre_req_pre"": ""0"", ""sel_3th_pre_req"": ""103"", ""sel_3th_pre_bid"": ""+6660"", ""sel_2th_pre_req_pre"": ""+8"", ""sel_2th_pre_req"": ""225"", ""sel_2th_pre_bid"": ""+6650"", ""sel_1th_pre_req_pre"": ""0"", ""sel_fpr_req"": ""155"", ""sel_fpr_bid"": ""+6640"", ""buy_fpr_bid"": ""+6630"", ""buy_fpr_req"": ""886"", ""buy_1th_pre_req_pre"": ""0"", ""buy_2th_pre_bid"": ""+6620"", ""buy_2th_pre_req"": ""300"", ""buy_2th_pre_req_pre"": ""0"", ""buy_3th_pre_bid"": ""+6610"", ""buy_3th_pre_req"": ""55"", ""buy_3th_pre_req_pre"": ""0"", ""buy_4th_pre_bid"": ""+6600"", ""buy_4th_pre_req"": ""115"", ""buy_4th_pre_req_pre"": ""0"", ""buy_5th_pre_bid"": ""+6590"", ""buy_5th_pre_req"": ""162"", ""buy_5th_pre_req_pre"": ""0"", ""buy_6th_pre_bid"": ""+6580"", ""buy_6th_pre_req"": ""1661"", ""buy_6th_pre_req_pre"": ""0"", ""buy_7th_pre_bid"": ""+6570"", ""buy_7th_pre_req"": ""266"", ""buy_7th_pre_req_pre"": ""0"", ""buy_8th_pre_bid"": ""+6560"", ""buy_8th_pre_req"": ""306"", ""buy_8th_pre_req_pre"": ""0"", ""buy_9th_pre_bid"": ""+6550"", ""buy_9th_pre_req"": ""3540"", ""buy_9th_pre_req_pre"": ""0"", ""buy_10th_pre_bid"": ""+6540"", ""buy_10th_pre_req"": ""55"", ""buy_10th_pre_req_pre"": ""0"", ""tot_sel_req_jub_pre"": ""+8"", ""tot_sel_req"": ""5227"", ""tot_buy_req"": ""7346"", ""tot_buy_req_jub_pre"": ""0"", ""ovt_sel_req_pre"": ""0"", ""ovt_sel_req"": ""0"", ""ovt_buy_req"": ""0"", ""ovt_buy_req_pre"": ""0"", ""return_code"": 0, ""return_msg"": ""정상적으로 처리되었습니다""}"
2026-06-10,watchlist,064400,,0,filtered_candidate_recheck,97200,,97200,97100,97200,97100,-0.205761316872428,0.102880658436214,,,,,,"{""bid_req_base_tm"": ""102144"", ""sel_10th_pre_req_pre"": ""0"", ""sel_10th_pre_req"": ""31"", ""sel_10th_pre_bid"": ""-98100"", ""sel_9th_pre_req_pre"": ""0"", ""sel_9th_pre_req"": ""353"", ""sel_9th_pre_bid"": ""-98000"", ""sel_8th_pre_req_pre"": ""0"", ""sel_8th_pre_req"": ""163"", ""sel_8th_pre_bid"": ""-97900"", ""sel_7th_pre_req_pre"": ""0"", ""sel_7th_pre_req"": ""313"", ""sel_7th_pre_bid"": ""-97800"", ""sel_6th_pre_req_pre"": ""0"", ""sel_6th_pre_req"": ""681"", ""sel_6th_pre_bid"": ""-97700"", ""sel_5th_pre_req_pre"": ""+6"", ""sel_5th_pre_req"": ""214"", ""sel_5th_pre_bid"": ""-97600"", ""sel_4th_pre_req_pre"": ""0"", ""sel_4th_pre_req"": ""306"", ""sel_4th_pre_bid"": ""-97500"", ""sel_3th_pre_req_pre"": ""0"", ""sel_3th_pre_req"": ""433"", ""sel_3th_pre_bid"": ""-97400"", ""sel_2th_pre_req_pre"": ""0"", ""sel_2th_pre_req"": ""349"", ""sel_2th_pre_bid"": ""-97300"", ""sel_1th_pre_req_pre"": ""0"", ""sel_fpr_req"": ""10"", ""sel_fpr_bid"": ""-97200"", ""buy_fpr_bid"": ""-97100"", ""buy_fpr_req"": ""1"", ""buy_1th_pre_req_pre"": ""0"", ""buy_2th_pre_bid"": ""-97000"", ""buy_2th_pre_req"": ""9"", ""buy_2th_pre_req_pre"": ""0"", ""buy_3th_pre_bid"": ""-96900"", ""buy_3th_pre_req"": ""375"", ""buy_3th_pre_req_pre"": ""0"", ""buy_4th_pre_bid"": ""-96800"", ""buy_4th_pre_req"": ""548"", ""buy_4th_pre_req_pre"": ""0"", ""buy_5th_pre_bid"": ""-96700"", ""buy_5th_pre_req"": ""291"", ""buy_5th_pre_req_pre"": ""0"", ""buy_6th_pre_bid"": ""-96600"", ""buy_6th_pre_req"": ""195"", ""buy_6th_pre_req_pre"": ""0"", ""buy_7th_pre_bid"": ""-96500"", ""buy_7th_pre_req"": ""484"", ""buy_7th_pre_req_pre"": ""0"", ""buy_8th_pre_bid"": ""-96400"", ""buy_8th_pre_req"": ""168"", ""buy_8th_pre_req_pre"": ""0"", ""buy_9th_pre_bid"": ""-96300"", ""buy_9th_pre_req"": ""273"", ""buy_9th_pre_req_pre"": ""0"", ""buy_10th_pre_bid"": ""-96200"", ""buy_10th_pre_req"": ""270"", ""buy_10th_pre_req_pre"": ""0"", ""tot_sel_req_jub_pre"": ""+6"", ""tot_sel_req"": ""2853"", ""tot_buy_req"": ""2614"", ""tot_buy_req_jub_pre"": ""0"", ""ovt_sel_req_pre"": ""0"", ""ovt_sel_req"": ""0"", ""ovt_buy_req"": ""0"", ""ovt_buy_req_pre"": ""0"", ""return_code"": 0, ""return_msg"": ""정상적으로 처리되었습니다""}"
2026-06-10,watchlist,009420,,0,filtered_candidate_recheck,50400,,50400,50300,50400,50500,0.0,0.1984126984126984,,,,,,"{""bid_req_base_tm"": ""102144"", ""sel_10th_pre_req_pre"": ""0"", ""sel_10th_pre_req"": ""460"", ""sel_10th_pre_bid"": ""-51300"", ""sel_9th_pre_req_pre"": ""0"", ""sel_9th_pre_req"": ""641"", ""sel_9th_pre_bid"": ""-51200"", ""sel_8th_pre_req_pre"": ""0"", ""sel_8th_pre_req"": ""75"", ""sel_8th_pre_bid"": ""-51100"", ""sel_7th_pre_req_pre"": ""0"", ""sel_7th_pre_req"": ""112"", ""sel_7th_pre_bid"": ""-51000"", ""sel_6th_pre_req_pre"": ""0"", ""sel_6th_pre_req"": ""38"", ""sel_6th_pre_bid"": ""-50900"", ""sel_5th_pre_req_pre"": ""0"", ""sel_5th_pre_req"": ""1"", ""sel_5th_pre_bid"": ""-50800"", ""sel_4th_pre_req_pre"": ""0"", ""sel_4th_pre_req"": ""272"", ""sel_4th_pre_bid"": ""-50700"", ""sel_3th_pre_req_pre"": ""0"", ""sel_3th_pre_req"": ""265"", ""sel_3th_pre_bid"": ""-50600"", ""sel_2th_pre_req_pre"": ""0"", ""sel_2th_pre_req"": ""25"", ""sel_2th_pre_bid"": ""-50500"", ""sel_1th_pre_req_pre"": ""0"", ""sel_fpr_req"": ""22"", ""sel_fpr_bid"": ""-50400"", ""buy_fpr_bid"": ""-50300"", ""buy_fpr_req"": ""78"", ""buy_1th_pre_req_pre"": ""+7"", ""buy_2th_pre_bid"": ""-50200"", ""buy_2th_pre_req"": ""209"", ""buy_2th_pre_req_pre"": ""0"", ""buy_3th_pre_bid"": ""-50100"", ""buy_3th_pre_req"": ""162"", ""buy_3th_pre_req_pre"": ""0"", ""buy_4th_pre_bid"": ""-50000"", ""buy_4th_pre_req"": ""365"", ""buy_4th_pre_req_pre"": ""0"", ""buy_5th_pre_bid"": ""-49950"", ""buy_5th_pre_req"": ""259"", ""buy_5th_pre_req_pre"": ""0"", ""buy_6th_pre_bid"": ""-49900"", ""buy_6th_pre_req"": ""374"", ""buy_6th_pre_req_pre"": ""0"", ""buy_7th_pre_bid"": ""-49850"", ""buy_7th_pre_req"": ""312"", ""buy_7th_pre_req_pre"": ""0"", ""buy_8th_pre_bid"": ""-49800"", ""buy_8th_pre_req"": ""555"", ""buy_8th_pre_req_pre"": ""0"", ""buy_9th_pre_bid"": ""-49750"", ""buy_9th_pre_req"": ""915"", ""buy_9th_pre_req_pre"": ""0"", ""buy_10th_pre_bid"": ""-49700"", ""buy_10th_pre_req"": ""1153"", ""buy_10th_pre_req_pre"": ""0"", ""tot_sel_req_jub_pre"": ""0"", ""tot_sel_req"": ""1911"", ""tot_buy_req"": ""4382"", ""tot_buy_req_jub_pre"": ""+7"", ""ovt_sel_req_pre"": ""0"", ""ovt_sel_req"": ""0"", ""ovt_buy_req"": ""0"", ""ovt_buy_req_pre"": ""0"", ""return_code"": 0, ""return_msg"": ""정상적으로 처리되었습니다""}"
2026-06-10,watchlist,383220,,0,filtered_candidate_recheck,75300,,75300,75200,75300,75400,0.0,0.13280212483399734,,,,,,"{""bid_req_base_tm"": ""102143"", ""sel_10th_pre_req_pre"": ""0"", ""sel_10th_pre_req"": ""100"", ""sel_10th_pre_bid"": ""+76300"", ""sel_9th_pre_req_pre"": ""0"", ""sel_9th_pre_req"": ""1"", ""sel_9th_pre_bid"": ""+76200"", ""sel_8th_pre_req_pre"": ""0"", ""sel_8th_pre_req"": ""122"", ""sel_8th_pre_bid"": ""+76000"", ""sel_7th_pre_req_pre"": ""0"", ""sel_7th_pre_req"": ""101"", ""sel_7th_pre_bid"": ""+75900"", ""sel_6th_pre_req_pre"": ""0"", ""sel_6th_pre_req"": ""7"", ""sel_6th_pre_bid"": ""+75800"", ""sel_5th_pre_req_pre"": ""0"", ""sel_5th_pre_req"": ""14"", ""sel_5th_pre_bid"": ""+75700"", ""sel_4th_pre_req_pre"": ""0"", ""sel_4th_pre_req"": ""3"", ""sel_4th_pre_bid"": ""+75600"", ""sel_3th_pre_req_pre"": ""0"", ""sel_3th_pre_req"": ""65"", ""sel_3th_pre_bid"": ""+75500"", ""sel_2th_pre_req_pre"": ""0"", ""sel_2th_pre_req"": ""1"", ""sel_2th_pre_bid"": ""+75400"", ""sel_1th_pre_req_pre"": ""+8"", ""sel_fpr_req"": ""79"", ""sel_fpr_bid"": ""+75300"", ""buy_fpr_bid"": ""+75200"", ""buy_fpr_req"": ""96"", ""buy_1th_pre_req_pre"": ""0"", ""buy_2th_pre_bid"": ""+75100"", ""buy_2th_pre_req"": ""45"", ""buy_2th_pre_req_pre"": ""0"", ""buy_3th_pre_bid"": ""+75000"", ""buy_3th_pre_req"": ""258"", ""buy_3th_pre_req_pre"": ""0"", ""buy_4th_pre_bid"": ""+74900"", ""buy_4th_pre_req"": ""19"", ""buy_4th_pre_req_pre"": ""0"", ""buy_5th_pre_bid"": ""+74800"", ""buy_5th_pre_req"": ""10"", ""buy_5th_pre_req_pre"": ""0"", ""buy_6th_pre_bid"": ""+74700"", ""buy_6th_pre_req"": ""15"", ""buy_6th_pre_req_pre"": ""0"", ""buy_7th_pre_bid"": ""74600"", ""buy_7th_pre_req"": ""74"", ""buy_7th_pre_req_pre"": ""0"", ""buy_8th_pre_bid"": ""-74500"", ""buy_8th_pre_req"": ""27"", ""buy_8th_pre_req_pre"": ""0"", ""buy_9th_pre_bid"": ""-74400"", ""buy_9th_pre_req"": ""34"", ""buy_9th_pre_req_pre"": ""0"", ""buy_10th_pre_bid"": ""-74300"", ""buy_10th_pre_req"": ""10"", ""buy_10th_pre_req_pre"": ""0"", ""tot_sel_req_jub_pre"": ""+8"", ""tot_sel_req"": ""493"", ""tot_buy_req"": ""588"", ""tot_buy_req_jub_pre"": ""0"", ""ovt_sel_req_pre"": ""0"", ""ovt_sel_req"": ""0"", ""ovt_buy_req"": ""0"", ""ovt_buy_req_pre"": ""0"", ""return_code"": 0, ""return_msg"": ""정상적으로 처리되었습니다""}"
2026-06-10,watchlist,004170,,0,filtered_candidate_recheck,676000,,676000,674000,676000,675000,-0.2958579881656805,0.2958579881656805,,,,,,"{""bid_req_base_tm"": ""102145"", ""sel_10th_pre_req_pre"": ""0"", ""sel_10th_pre_req"": ""129"", ""sel_10th_pre_bid"": ""+685000"", ""sel_9th_pre_req_pre"": ""0"", ""sel_9th_pre_req"": ""101"", ""sel_9th_pre_bid"": ""+684000"", ""sel_8th_pre_req_pre"": ""0"", ""sel_8th_pre_req"": ""6"", ""sel_8th_pre_bid"": ""+683000"", ""sel_7th_pre_req_pre"": ""0"", ""sel_7th_pre_req"": ""6"", ""sel_7th_pre_bid"": ""+682000"", ""sel_6th_pre_req_pre"": ""0"", ""sel_6th_pre_req"": ""13"", ""sel_6th_pre_bid"": ""+681000"", ""sel_5th_pre_req_pre"": ""0"", ""sel_5th_pre_req"": ""120"", ""sel_5th_pre_bid"": ""+680000"", ""sel_4th_pre_req_pre"": ""--8"", ""sel_4th_pre_req"": ""47"", ""sel_4th_pre_bid"": ""+679000"", ""sel_3th_pre_req_pre"": ""0"", ""sel_3th_pre_req"": ""86"", ""sel_3th_pre_bid"": ""+678000"", ""sel_2th_pre_req_pre"": ""0"", ""sel_2th_pre_req"": ""24"", ""sel_2th_pre_bid"": ""+677000"", ""sel_1th_pre_req_pre"": ""0"", ""sel_fpr_req"": ""55"", ""sel_fpr_bid"": ""+676000"", ""buy_fpr_bid"": ""+674000"", ""buy_fpr_req"": ""10"", ""buy_1th_pre_req_pre"": ""0"", ""buy_2th_pre_bid"": ""+672000"", ""buy_2th_pre_req"": ""13"", ""buy_2th_pre_req_pre"": ""0"", ""buy_3th_pre_bid"": ""+670000"", ""buy_3th_pre_req"": ""340"", ""buy_3th_pre_req_pre"": ""0"", ""buy_4th_pre_bid"": ""+669000"", ""buy_4th_pre_req"": ""3"", ""buy_4th_pre_req_pre"": ""0"", ""buy_5th_pre_bid"": ""+668000"", ""buy_5th_pre_req"": ""11"", ""buy_5th_pre_req_pre"": ""0"", ""buy_6th_pre_bid"": ""+667000"", ""buy_6th_pre_req"": ""82"", ""buy_6th_pre_req_pre"": ""0"", ""buy_7th_pre_bid"": ""+665000"", ""buy_7th_pre_req"": ""656"", ""buy_7th_pre_req_pre"": ""0"", ""buy_8th_pre_bid"": ""+664000"", ""buy_8th_pre_req"": ""15"", ""buy_8th_pre_req_pre"": ""0"", ""buy_9th_pre_bid"": ""+663000"", ""buy_9th_pre_req"": ""85"", ""buy_9th_pre_req_pre"": ""0"", ""buy_10th_pre_bid"": ""+662000"", ""buy_10th_pre_req"": ""49"", ""buy_10th_pre_req_pre"": ""0"", ""tot_sel_req_jub_pre"": ""--8"", ""tot_sel_req"": ""587"", ""tot_buy_req"": ""1264"", ""tot_buy_req_jub_pre"": ""0"", ""ovt_sel_req_pre"": ""0"", ""ovt_sel_req"": ""0"", ""ovt_buy_req"": ""0"", ""ovt_buy_req_pre"": ""0"", ""return_code"": 0, ""return_msg"": ""정상적으로 처리되었습니다""}"
2026-06-10,watchlist,018260,,0,filtered_candidate_recheck,235000,,235000,234000,235000,236000,0.2127659574468085,0.425531914893617,,,,,,"{""bid_req_base_tm"": ""102145"", ""sel_10th_pre_req_pre"": ""0"", ""sel_10th_pre_req"": ""355"", ""sel_10th_pre_bid"": ""-239500"", ""sel_9th_pre_req_pre"": ""0"", ""sel_9th_pre_req"": ""99"", ""sel_9th_pre_bid"": ""-239000"", ""sel_8th_pre_req_pre"": ""0"", ""sel_8th_pre_req"": ""63"", ""sel_8th_pre_bid"": ""-238500"", ""sel_7th_pre_req_pre"": ""0"", ""sel_7th_pre_req"": ""172"", ""sel_7th_pre_bid"": ""-238000"", ""sel_6th_pre_req_pre"": ""0"", ""sel_6th_pre_req"": ""125"", ""sel_6th_pre_bid"": ""-237500"", ""sel_5th_pre_req_pre"": ""0"", ""sel_5th_pre_req"": ""264"", ""sel_5th_pre_bid"": ""-237000"", ""sel_4th_pre_req_pre"": ""0"", ""sel_4th_pre_req"": ""217"", ""sel_4th_pre_bid"": ""-236500"", ""sel_3th_pre_req_pre"": ""0"", ""sel_3th_pre_req"": ""194"", ""sel_3th_pre_bid"": ""-236000"", ""sel_2th_pre_req_pre"": ""0"", ""sel_2th_pre_req"": ""459"", ""sel_2th_pre_bid"": ""-235500"", ""sel_1th_pre_req_pre"": ""0"", ""sel_fpr_req"": ""200"", ""sel_fpr_bid"": ""-235000"", ""buy_fpr_bid"": ""-234000"", ""buy_fpr_req"": ""922"", ""buy_1th_pre_req_pre"": ""--14"", ""buy_2th_pre_bid"": ""-233500"", ""buy_2th_pre_req"": ""504"", ""buy_2th_pre_req_pre"": ""0"", ""buy_3th_pre_bid"": ""-233000"", ""buy_3th_pre_req"": ""1001"", ""buy_3th_pre_req_pre"": ""+1"", ""buy_4th_pre_bid"": ""-232500"", ""buy_4th_pre_req"": ""1489"", ""buy_4th_pre_req_pre"": ""0"", ""buy_5th_pre_bid"": ""-232000"", ""buy_5th_pre_req"": ""545"", ""buy_5th_pre_req_pre"": ""0"", ""buy_6th_pre_bid"": ""-231500"", ""buy_6th_pre_req"": ""1028"", ""buy_6th_pre_req_pre"": ""0"", ""buy_7th_pre_bid"": ""-231000"", ""buy_7th_pre_req"": ""2373"", ""buy_7th_pre_req_pre"": ""0"", ""buy_8th_pre_bid"": ""-230500"", ""buy_8th_pre_req"": ""1768"", ""buy_8th_pre_req_pre"": ""0"", ""buy_9th_pre_bid"": ""-230000"", ""buy_9th_pre_req"": ""3623"", ""buy_9th_pre_req_pre"": ""0"", ""buy_10th_pre_bid"": ""-229500"", ""buy_10th_pre_req"": ""579"", ""buy_10th_pre_req_pre"": ""0"", ""tot_sel_req_jub_pre"": ""0"", ""tot_sel_req"": ""2148"", ""tot_buy_req"": ""13832"", ""tot_buy_req_jub_pre"": ""--13"", ""ovt_sel_req_pre"": ""0"", ""ovt_sel_req"": ""0"", ""ovt_buy_req"": ""0"", ""ovt_buy_req_pre"": ""0"", ""return_code"": 0, ""return_msg"": ""정상적으로 처리되었습니다""}"
2026-06-10,watchlist,161390,,0,filtered_candidate_recheck,71800,,71800,71700,71800,72100,0.2785515320334262,0.1392757660167131,,,,,,"{""bid_req_base_tm"": ""102144"", ""sel_10th_pre_req_pre"": ""0"", ""sel_10th_pre_req"": ""112"", ""sel_10th_pre_bid"": ""-72700"", ""sel_9th_pre_req_pre"": ""0"", ""sel_9th_pre_req"": ""4"", ""sel_9th_pre_bid"": ""-72600"", ""sel_8th_pre_req_pre"": ""0"", ""sel_8th_pre_req"": ""177"", ""sel_8th_pre_bid"": ""-72500"", ""sel_7th_pre_req_pre"": ""0"", ""sel_7th_pre_req"": ""5"", ""sel_7th_pre_bid"": ""-72400"", ""sel_6th_pre_req_pre"": ""0"", ""sel_6th_pre_req"": ""34"", ""sel_6th_pre_bid"": ""-72300"", ""sel_5th_pre_req_pre"": ""0"", ""sel_5th_pre_req"": ""9"", ""sel_5th_pre_bid"": ""-72200"", ""sel_4th_pre_req_pre"": ""0"", ""sel_4th_pre_req"": ""18"", ""sel_4th_pre_bid"": ""-72100"", ""sel_3th_pre_req_pre"": ""0"", ""sel_3th_pre_req"": ""168"", ""sel_3th_pre_bid"": ""-72000"", ""sel_2th_pre_req_pre"": ""0"", ""sel_2th_pre_req"": ""727"", ""sel_2th_pre_bid"": ""-71900"", ""sel_1th_pre_req_pre"": ""0"", ""sel_fpr_req"": ""713"", ""sel_fpr_bid"": ""-71800"", ""buy_fpr_bid"": ""-71700"", ""buy_fpr_req"": ""1607"", ""buy_1th_pre_req_pre"": ""--1"", ""buy_2th_pre_bid"": ""-71600"", ""buy_2th_pre_req"": ""478"", ""buy_2th_pre_req_pre"": ""0"", ""buy_3th_pre_bid"": ""-71500"", ""buy_3th_pre_req"": ""257"", ""buy_3th_pre_req_pre"": ""0"", ""buy_4th_pre_bid"": ""-71400"", ""buy_4th_pre_req"": ""350"", ""buy_4th_pre_req_pre"": ""0"", ""buy_5th_pre_bid"": ""-71300"", ""buy_5th_pre_req"": ""185"", ""buy_5th_pre_req_pre"": ""0"", ""buy_6th_pre_bid"": ""-71200"", ""buy_6th_pre_req"": ""529"", ""buy_6th_pre_req_pre"": ""0"", ""buy_7th_pre_bid"": ""-71100"", ""buy_7th_pre_req"": ""252"", ""buy_7th_pre_req_pre"": ""0"", ""buy_8th_pre_bid"": ""-71000"", ""buy_8th_pre_req"": ""1038"", ""buy_8th_pre_req_pre"": ""0"", ""buy_9th_pre_bid"": ""-70900"", ""buy_9th_pre_req"": ""2117"", ""buy_9th_pre_req_pre"": ""0"", ""buy_10th_pre_bid"": ""-70800"", ""buy_10th_pre_req"": ""153"", ""buy_10th_pre_req_pre"": ""0"", ""tot_sel_req_jub_pre"": ""0"", ""tot_sel_req"": ""1967"", ""tot_buy_req"": ""6966"", ""tot_buy_req_jub_pre"": ""--1"", ""ovt_sel_req_pre"": ""0"", ""ovt_sel_req"": ""0"", ""ovt_buy_req"": ""0"", ""ovt_buy_req_pre"": ""0"", ""return_code"": 0, ""return_msg"": ""정상적으로 처리되었습니다""}"
2026-06-10,watchlist,078930,,0,filtered_candidate_recheck,73500,,73500,73400,73500,73300,-0.40816326530612246,0.13605442176870747,,,,,,"{""bid_req_base_tm"": ""102144"", ""sel_10th_pre_req_pre"": ""0"", ""sel_10th_pre_req"": ""76"", ""sel_10th_pre_bid"": ""+74400"", ""sel_9th_pre_req_pre"": ""0"", ""sel_9th_pre_req"": ""2"", ""sel_9th_pre_bid"": ""+74300"", ""sel_8th_pre_req_pre"": ""0"", ""sel_8th_pre_req"": ""91"", ""sel_8th_pre_bid"": ""+74200"", ""sel_7th_pre_req_pre"": ""0"", ""sel_7th_pre_req"": ""200"", ""sel_7th_pre_bid"": ""+74100"", ""sel_6th_pre_req_pre"": ""0"", ""sel_6th_pre_req"": ""110"", ""sel_6th_pre_bid"": ""+74000"", ""sel_5th_pre_req_pre"": ""0"", ""sel_5th_pre_req"": ""220"", ""sel_5th_pre_bid"": ""+73900"", ""sel_4th_pre_req_pre"": ""0"", ""sel_4th_pre_req"": ""26"", ""sel_4th_pre_bid"": ""73800"", ""sel_3th_pre_req_pre"": ""0"", ""sel_3th_pre_req"": ""57"", ""sel_3th_pre_bid"": ""-73700"", ""sel_2th_pre_req_pre"": ""0"", ""sel_2th_pre_req"": ""94"", ""sel_2th_pre_bid"": ""-73600"", ""sel_1th_pre_req_pre"": ""+15"", ""sel_fpr_req"": ""376"", ""sel_fpr_bid"": ""-73500"", ""buy_fpr_bid"": ""-73400"", ""buy_fpr_req"": ""231"", ""buy_1th_pre_req_pre"": ""0"", ""buy_2th_pre_bid"": ""-73300"", ""buy_2th_pre_req"": ""406"", ""buy_2th_pre_req_pre"": ""0"", ""buy_3th_pre_bid"": ""-73200"", ""buy_3th_pre_req"": ""211"", ""buy_3th_pre_req_pre"": ""0"", ""buy_4th_pre_bid"": ""-73100"", ""buy_4th_pre_req"": ""270"", ""buy_4th_pre_req_pre"": ""0"", ""buy_5th_pre_bid"": ""-73000"", ""buy_5th_pre_req"": ""30"", ""buy_5th_pre_req_pre"": ""0"", ""buy_6th_pre_bid"": ""-72900"", ""buy_6th_pre_req"": ""10"", ""buy_6th_pre_req_pre"": ""0"", ""buy_7th_pre_bid"": ""-72700"", ""buy_7th_pre_req"": ""50"", ""buy_7th_pre_req_pre"": ""0"", ""buy_8th_pre_bid"": ""-72500"", ""buy_8th_pre_req"": ""10"", ""buy_8th_pre_req_pre"": ""0"", ""buy_9th_pre_bid"": ""-72400"", ""buy_9th_pre_req"": ""1"", ""buy_9th_pre_req_pre"": ""0"", ""buy_10th_pre_bid"": ""-72300"", ""buy_10th_pre_req"": ""51"", ""buy_10th_pre_req_pre"": ""0"", ""tot_sel_req_jub_pre"": ""+15"", ""tot_sel_req"": ""1252"", ""tot_buy_req"": ""1270"", ""tot_buy_req_jub_pre"": ""0"", ""ovt_sel_req_pre"": ""0"", ""ovt_sel_req"": ""0"", ""ovt_buy_req"": ""0"", ""ovt_buy_req_pre"": ""0"", ""return_code"": 0, ""return_msg"": ""정상적으로 처리되었습니다""}"
2026-06-10,watchlist,462870,,0,filtered_candidate_recheck,31100,,31100,31050,31100,31050,-0.3215434083601286,0.1607717041800643,,,,,,"{""bid_req_base_tm"": ""102144"", ""sel_10th_pre_req_pre"": ""0"", ""sel_10th_pre_req"": ""17"", ""sel_10th_pre_bid"": ""-31550"", ""sel_9th_pre_req_pre"": ""0"", ""sel_9th_pre_req"": ""158"", ""sel_9th_pre_bid"": ""-31500"", ""sel_8th_pre_req_pre"": ""0"", ""sel_8th_pre_req"": ""55"", ""sel_8th_pre_bid"": ""-31450"", ""sel_7th_pre_req_pre"": ""0"", ""sel_7th_pre_req"": ""126"", ""sel_7th_pre_bid"": ""-31400"", ""sel_6th_pre_req_pre"": ""0"", ""sel_6th_pre_req"": ""32"", ""sel_6th_pre_bid"": ""-31350"", ""sel_5th_pre_req_pre"": ""0"", ""sel_5th_pre_req"": ""378"", ""sel_5th_pre_bid"": ""-31300"", ""sel_4th_pre_req_pre"": ""0"", ""sel_4th_pre_req"": ""72"", ""sel_4th_pre_bid"": ""-31250"", ""sel_3th_pre_req_pre"": ""0"", ""sel_3th_pre_req"": ""55"", ""sel_3th_pre_bid"": ""-31200"", ""sel_2th_pre_req_pre"": ""0"", ""sel_2th_pre_req"": ""27"", ""sel_2th_pre_bid"": ""-31150"", ""sel_1th_pre_req_pre"": ""--2"", ""sel_fpr_req"": ""78"", ""sel_fpr_bid"": ""-31100"", ""buy_fpr_bid"": ""-31050"", ""buy_fpr_req"": ""32"", ""buy_1th_pre_req_pre"": ""0"", ""buy_2th_pre_bid"": ""-31000"", ""buy_2th_pre_req"": ""79"", ""buy_2th_pre_req_pre"": ""0"", ""buy_3th_pre_bid"": ""-30950"", ""buy_3th_pre_req"": ""93"", ""buy_3th_pre_req_pre"": ""0"", ""buy_4th_pre_bid"": ""-30900"", ""buy_4th_pre_req"": ""139"", ""buy_4th_pre_req_pre"": ""0"", ""buy_5th_pre_bid"": ""-30850"", ""buy_5th_pre_req"": ""11"", ""buy_5th_pre_req_pre"": ""0"", ""buy_6th_pre_bid"": ""-30800"", ""buy_6th_pre_req"": ""129"", ""buy_6th_pre_req_pre"": ""0"", ""buy_7th_pre_bid"": ""-30750"", ""buy_7th_pre_req"": ""104"", ""buy_7th_pre_req_pre"": ""0"", ""buy_8th_pre_bid"": ""-30700"", ""buy_8th_pre_req"": ""191"", ""buy_8th_pre_req_pre"": ""0"", ""buy_9th_pre_bid"": ""-30650"", ""buy_9th_pre_req"": ""33"", ""buy_9th_pre_req_pre"": ""0"", ""buy_10th_pre_bid"": ""-30600"", ""buy_10th_pre_req"": ""129"", ""buy_10th_pre_req_pre"": ""0"", ""tot_sel_req_jub_pre"": ""--2"", ""tot_sel_req"": ""998"", ""tot_buy_req"": ""940"", ""tot_buy_req_jub_pre"": ""0"", ""ovt_sel_req_pre"": ""0"", ""ovt_sel_req"": ""0"", ""ovt_buy_req"": ""0"", ""ovt_buy_req_pre"": ""0"", ""return_code"": 0, ""return_msg"": ""정상적으로 처리되었습니다""}"
2026-06-10,watchlist,055550,,0,filtered_candidate_recheck,100100,,100100,99900,100100,99600,-0.5994005994005994,0.1998001998001998,,,,,,"{""bid_req_base_tm"": ""102143"", ""sel_10th_pre_req_pre"": ""0"", ""sel_10th_pre_req"": ""693"", ""sel_10th_pre_bid"": ""-101000"", ""sel_9th_pre_req_pre"": ""0"", ""sel_9th_pre_req"": ""320"", ""sel_9th_pre_bid"": ""-100900"", ""sel_8th_pre_req_pre"": ""+20"", ""sel_8th_pre_req"": ""1161"", ""sel_8th_pre_bid"": ""-100800"", ""sel_7th_pre_req_pre"": ""0"", ""sel_7th_pre_req"": ""481"", ""sel_7th_pre_bid"": ""-100700"", ""sel_6th_pre_req_pre"": ""0"", ""sel_6th_pre_req"": ""353"", ""sel_6th_pre_bid"": ""-100600"", ""sel_5th_pre_req_pre"": ""0"", ""sel_5th_pre_req"": ""1533"", ""sel_5th_pre_bid"": ""-100500"", ""sel_4th_pre_req_pre"": ""0"", ""sel_4th_pre_req"": ""809"", ""sel_4th_pre_bid"": ""-100400"", ""sel_3th_pre_req_pre"": ""0"", ""sel_3th_pre_req"": ""426"", ""sel_3th_pre_bid"": ""-100300"", ""sel_2th_pre_req_pre"": ""0"", ""sel_2th_pre_req"": ""1210"", ""sel_2th_pre_bid"": ""-100200"", ""sel_1th_pre_req_pre"": ""0"", ""sel_fpr_req"": ""1128"", ""sel_fpr_bid"": ""-100100"", ""buy_fpr_bid"": ""-99900"", ""buy_fpr_req"": ""291"", ""buy_1th_pre_req_pre"": ""0"", ""buy_2th_pre_bid"": ""-99800"", ""buy_2th_pre_req"": ""616"", ""buy_2th_pre_req_pre"": ""0"", ""buy_3th_pre_bid"": ""-99700"", ""buy_3th_pre_req"": ""147"", ""buy_3th_pre_req_pre"": ""0"", ""buy_4th_pre_bid"": ""-99600"", ""buy_4th_pre_req"": ""253"", ""buy_4th_pre_req_pre"": ""0"", ""buy_5th_pre_bid"": ""-99500"", ""buy_5th_pre_req"": ""353"", ""buy_5th_pre_req_pre"": ""0"", ""buy_6th_pre_bid"": ""-99400"", ""buy_6th_pre_req"": ""43"", ""buy_6th_pre_req_pre"": ""0"", ""buy_7th_pre_bid"": ""-99300"", ""buy_7th_pre_req"": ""58"", ""buy_7th_pre_req_pre"": ""0"", ""buy_8th_pre_bid"": ""-99200"", ""buy_8th_pre_req"": ""24"", ""buy_8th_pre_req_pre"": ""0"", ""buy_9th_pre_bid"": ""-99100"", ""buy_9th_pre_req"": ""118"", ""buy_9th_pre_req_pre"": ""0"", ""buy_10th_pre_bid"": ""-99000"", ""buy_10th_pre_req"": ""287"", ""buy_10th_pre_req_pre"": ""0"", ""tot_sel_req_jub_pre"": ""+20"", ""tot_sel_req"": ""8114"", ""tot_buy_req"": ""2190"", ""tot_buy_req_jub_pre"": ""0"", ""ovt_sel_req_pre"": ""0"", ""ovt_sel_req"": ""0"", ""ovt_buy_req"": ""0"", ""ovt_buy_req_pre"": ""0"", ""return_code"": 0, ""return_msg"": ""정상적으로 처리되었습니다""}"
2026-06-10,watchlist,192080,,1,filtered_candidate_recheck,71600,,71600,71500,71600,71100,-0.8379888268156425,0.13966480446927373,,,,,,"{""bid_req_base_tm"": ""102144"", ""sel_10th_pre_req_pre"": ""0"", ""sel_10th_pre_req"": ""260"", ""sel_10th_pre_bid"": ""+73000"", ""sel_9th_pre_req_pre"": ""0"", ""sel_9th_pre_req"": ""58"", ""sel_9th_pre_bid"": ""+72900"", ""sel_8th_pre_req_pre"": ""0"", ""sel_8th_pre_req"": ""59"", ""sel_8th_pre_bid"": ""+72700"", ""sel_7th_pre_req_pre"": ""0"", ""sel_7th_pre_req"": ""72"", ""sel_7th_pre_bid"": ""+72600"", ""sel_6th_pre_req_pre"": ""0"", ""sel_6th_pre_req"": ""40"", ""sel_6th_pre_bid"": ""+72400"", ""sel_5th_pre_req_pre"": ""0"", ""sel_5th_pre_req"": ""17"", ""sel_5th_pre_bid"": ""+72200"", ""sel_4th_pre_req_pre"": ""0"", ""sel_4th_pre_req"": ""27"", ""sel_4th_pre_bid"": ""-71900"", ""sel_3th_pre_req_pre"": ""0"", ""sel_3th_pre_req"": ""21"", ""sel_3th_pre_bid"": ""-71800"", ""sel_2th_pre_req_pre"": ""0"", ""sel_2th_pre_req"": ""1027"", ""sel_2th_pre_bid"": ""-71700"", ""sel_1th_pre_req_pre"": ""--14"", ""sel_fpr_req"": ""56"", ""sel_fpr_bid"": ""-71600"", ""buy_fpr_bid"": ""-71500"", ""buy_fpr_req"": ""9"", ""buy_1th_pre_req_pre"": ""0"", ""buy_2th_pre_bid"": ""-71400"", ""buy_2th_pre_req"": ""43"", ""buy_2th_pre_req_pre"": ""0"", ""buy_3th_pre_bid"": ""-71300"", ""buy_3th_pre_req"": ""21"", ""buy_3th_pre_req_pre"": ""0"", ""buy_4th_pre_bid"": ""-71200"", ""buy_4th_pre_req"": ""11"", ""buy_4th_pre_req_pre"": ""0"", ""buy_5th_pre_bid"": ""-71100"", ""buy_5th_pre_req"": ""78"", ""buy_5th_pre_req_pre"": ""0"", ""buy_6th_pre_bid"": ""-71000"", ""buy_6th_pre_req"": ""123"", ""buy_6th_pre_req_pre"": ""0"", ""buy_7th_pre_bid"": ""-70900"", ""buy_7th_pre_req"": ""78"", ""buy_7th_pre_req_pre"": ""0"", ""buy_8th_pre_bid"": ""-70800"", ""buy_8th_pre_req"": ""91"", ""buy_8th_pre_req_pre"": ""0"", ""buy_9th_pre_bid"": ""-70700"", ""buy_9th_pre_req"": ""43"", ""buy_9th_pre_req_pre"": ""0"", ""buy_10th_pre_bid"": ""-70600"", ""buy_10th_pre_req"": ""33"", ""buy_10th_pre_req_pre"": ""0"", ""tot_sel_req_jub_pre"": ""--14"", ""tot_sel_req"": ""1637"", ""tot_buy_req"": ""530"", ""tot_buy_req_jub_pre"": ""0"", ""ovt_sel_req_pre"": ""0"", ""ovt_sel_req"": ""0"", ""ovt_buy_req"": ""0"", ""ovt_buy_req_pre"": ""0"", ""return_code"": 0, ""return_msg"": ""정상적으로 처리되었습니다""}"
2026-06-10,watchlist,000430,,1,filtered_candidate_recheck,5760,,5760,5730,5760,5770,0.0,0.5208333333333333,,,,,,"{""bid_req_base_tm"": ""102145"", ""sel_10th_pre_req_pre"": ""0"", ""sel_10th_pre_req"": ""1652"", ""sel_10th_pre_bid"": ""-5850"", ""sel_9th_pre_req_pre"": ""0"", ""sel_9th_pre_req"": ""1532"", ""sel_9th_pre_bid"": ""-5840"", ""sel_8th_pre_req_pre"": ""0"", ""sel_8th_pre_req"": ""1955"", ""sel_8th_pre_bid"": ""-5830"", ""sel_7th_pre_req_pre"": ""0"", ""sel_7th_pre_req"": ""900"", ""sel_7th_pre_bid"": ""-5820"", ""sel_6th_pre_req_pre"": ""0"", ""sel_6th_pre_req"": ""1073"", ""sel_6th_pre_bid"": ""-5810"", ""sel_5th_pre_req_pre"": ""0"", ""sel_5th_pre_req"": ""590"", ""sel_5th_pre_bid"": ""-5800"", ""sel_4th_pre_req_pre"": ""0"", ""sel_4th_pre_req"": ""361"", ""sel_4th_pre_bid"": ""-5790"", ""sel_3th_pre_req_pre"": ""0"", ""sel_3th_pre_req"": ""1463"", ""sel_3th_pre_bid"": ""-5780"", ""sel_2th_pre_req_pre"": ""0"", ""sel_2th_pre_req"": ""494"", ""sel_2th_pre_bid"": ""-5770"", ""sel_1th_pre_req_pre"": ""+28"", ""sel_fpr_req"": ""817"", ""sel_fpr_bid"": ""-5760"", ""buy_fpr_bid"": ""-5730"", ""buy_fpr_req"": ""1076"", ""buy_1th_pre_req_pre"": ""0"", ""buy_2th_pre_bid"": ""-5720"", ""buy_2th_pre_req"": ""2877"", ""buy_2th_pre_req_pre"": ""0"", ""buy_3th_pre_bid"": ""-5710"", ""buy_3th_pre_req"": ""3695"", ""buy_3th_pre_req_pre"": ""0"", ""buy_4th_pre_bid"": ""-5700"", ""buy_4th_pre_req"": ""3912"", ""buy_4th_pre_req_pre"": ""0"", ""buy_5th_pre_bid"": ""-5690"", ""buy_5th_pre_req"": ""2101"", ""buy_5th_pre_req_pre"": ""0"", ""buy_6th_pre_bid"": ""-5680"", ""buy_6th_pre_req"": ""2131"", ""buy_6th_pre_req_pre"": ""0"", ""buy_7th_pre_bid"": ""-5670"", ""buy_7th_pre_req"": ""2480"", ""buy_7th_pre_req_pre"": ""0"", ""buy_8th_pre_bid"": ""-5660"", ""buy_8th_pre_req"": ""5824"", ""buy_8th_pre_req_pre"": ""0"", ""buy_9th_pre_bid"": ""-5650"", ""buy_9th_pre_req"": ""4809"", ""buy_9th_pre_req_pre"": ""0"", ""buy_10th_pre_bid"": ""-5640"", ""buy_10th_pre_req"": ""2506"", ""buy_10th_pre_req_pre"": ""0"", ""tot_sel_req_jub_pre"": ""+28"", ""tot_sel_req"": ""10837"", ""tot_buy_req"": ""31411"", ""tot_buy_req_jub_pre"": ""0"", ""ovt_sel_req_pre"": ""0"", ""ovt_sel_req"": ""0"", ""ovt_buy_req"": ""0"", ""ovt_buy_req_pre"": ""0"", ""return_code"": 0, ""return_msg"": ""정상적으로 처리되었습니다""}"
2026-06-10,watchlist,307950,,0,filtered_candidate_recheck,717000,,717000,716000,717000,715000,-0.41841004184100417,0.1394700139470014,,,,,,"{""bid_req_base_tm"": ""102145"", ""sel_10th_pre_req_pre"": ""0"", ""sel_10th_pre_req"": ""32"", ""sel_10th_pre_bid"": ""+726000"", ""sel_9th_pre_req_pre"": ""0"", ""sel_9th_pre_req"": ""79"", ""sel_9th_pre_bid"": ""+725000"", ""sel_8th_pre_req_pre"": ""0"", ""sel_8th_pre_req"": ""135"", ""sel_8th_pre_bid"": ""+724000"", ""sel_7th_pre_req_pre"": ""0"", ""sel_7th_pre_req"": ""116"", ""sel_7th_pre_bid"": ""+723000"", ""sel_6th_pre_req_pre"": ""0"", ""sel_6th_pre_req"": ""57"", ""sel_6th_pre_bid"": ""+722000"", ""sel_5th_pre_req_pre"": ""0"", ""sel_5th_pre_req"": ""178"", ""sel_5th_pre_bid"": ""+721000"", ""sel_4th_pre_req_pre"": ""0"", ""sel_4th_pre_req"": ""160"", ""sel_4th_pre_bid"": ""+720000"", ""sel_3th_pre_req_pre"": ""0"", ""sel_3th_pre_req"": ""47"", ""sel_3th_pre_bid"": ""+719000"", ""sel_2th_pre_req_pre"": ""0"", ""sel_2th_pre_req"": ""18"", ""sel_2th_pre_bid"": ""+718000"", ""sel_1th_pre_req_pre"": ""0"", ""sel_fpr_req"": ""233"", ""sel_fpr_bid"": ""+717000"", ""buy_fpr_bid"": ""+716000"", ""buy_fpr_req"": ""114"", ""buy_1th_pre_req_pre"": ""0"", ""buy_2th_pre_bid"": ""+715000"", ""buy_2th_pre_req"": ""110"", ""buy_2th_pre_req_pre"": ""0"", ""buy_3th_pre_bid"": ""+714000"", ""buy_3th_pre_req"": ""30"", ""buy_3th_pre_req_pre"": ""0"", ""buy_4th_pre_bid"": ""+713000"", ""buy_4th_pre_req"": ""41"", ""buy_4th_pre_req_pre"": ""0"", ""buy_5th_pre_bid"": ""+712000"", ""buy_5th_pre_req"": ""107"", ""buy_5th_pre_req_pre"": ""0"", ""buy_6th_pre_bid"": ""+711000"", ""buy_6th_pre_req"": ""53"", ""buy_6th_pre_req_pre"": ""0"", ""buy_7th_pre_bid"": ""+710000"", ""buy_7th_pre_req"": ""246"", ""buy_7th_pre_req_pre"": ""0"", ""buy_8th_pre_bid"": ""+709000"", ""buy_8th_pre_req"": ""14"", ""buy_8th_pre_req_pre"": ""0"", ""buy_9th_pre_bid"": ""+708000"", ""buy_9th_pre_req"": ""44"", ""buy_9th_pre_req_pre"": ""0"", ""buy_10th_pre_bid"": ""+707000"", ""buy_10th_pre_req"": ""48"", ""buy_10th_pre_req_pre"": ""0"", ""tot_sel_req_jub_pre"": ""0"", ""tot_sel_req"": ""1055"", ""tot_buy_req"": ""807"", ""tot_buy_req_jub_pre"": ""0"", ""ovt_sel_req_pre"": ""0"", ""ovt_sel_req"": ""0"", ""ovt_buy_req"": ""0"", ""ovt_buy_req_pre"": ""0"", ""return_code"": 0, ""return_msg"": ""정상적으로 처리되었습니다""}"
2026-06-10,watchlist,114090,,0,filtered_candidate_recheck,12070,,12070,12050,12070,12050,-0.579950289975145,0.16570008285004142,,,,,,"{""bid_req_base_tm"": ""102145"", ""sel_10th_pre_req_pre"": ""0"", ""sel_10th_pre_req"": ""436"", ""sel_10th_pre_bid"": ""+12200"", ""sel_9th_pre_req_pre"": ""0"", ""sel_9th_pre_req"": ""364"", ""sel_9th_pre_bid"": ""+12190"", ""sel_8th_pre_req_pre"": ""0"", ""sel_8th_pre_req"": ""81"", ""sel_8th_pre_bid"": ""+12180"", ""sel_7th_pre_req_pre"": ""0"", ""sel_7th_pre_req"": ""17"", ""sel_7th_pre_bid"": ""+12170"", ""sel_6th_pre_req_pre"": ""0"", ""sel_6th_pre_req"": ""10"", ""sel_6th_pre_bid"": ""+12160"", ""sel_5th_pre_req_pre"": ""0"", ""sel_5th_pre_req"": ""1074"", ""sel_5th_pre_bid"": ""+12150"", ""sel_4th_pre_req_pre"": ""0"", ""sel_4th_pre_req"": ""130"", ""sel_4th_pre_bid"": ""+12140"", ""sel_3th_pre_req_pre"": ""0"", ""sel_3th_pre_req"": ""475"", ""sel_3th_pre_bid"": ""+12130"", ""sel_2th_pre_req_pre"": ""--1"", ""sel_2th_pre_req"": ""61"", ""sel_2th_pre_bid"": ""+12120"", ""sel_1th_pre_req_pre"": ""+2"", ""sel_fpr_req"": ""218"", ""sel_fpr_bid"": ""+12070"", ""buy_fpr_bid"": ""+12050"", ""buy_fpr_req"": ""149"", ""buy_1th_pre_req_pre"": ""0"", ""buy_2th_pre_bid"": ""+12040"", ""buy_2th_pre_req"": ""174"", ""buy_2th_pre_req_pre"": ""0"", ""buy_3th_pre_bid"": ""+12030"", ""buy_3th_pre_req"": ""335"", ""buy_3th_pre_req_pre"": ""0"", ""buy_4th_pre_bid"": ""+12020"", ""buy_4th_pre_req"": ""72"", ""buy_4th_pre_req_pre"": ""0"", ""buy_5th_pre_bid"": ""+12010"", ""buy_5th_pre_req"": ""50"", ""buy_5th_pre_req_pre"": ""0"", ""buy_6th_pre_bid"": ""+12000"", ""buy_6th_pre_req"": ""503"", ""buy_6th_pre_req_pre"": ""0"", ""buy_7th_pre_bid"": ""+11990"", ""buy_7th_pre_req"": ""130"", ""buy_7th_pre_req_pre"": ""0"", ""buy_8th_pre_bid"": ""+11980"", ""buy_8th_pre_req"": ""340"", ""buy_8th_pre_req_pre"": ""0"", ""buy_9th_pre_bid"": ""+11970"", ""buy_9th_pre_req"": ""63"", ""buy_9th_pre_req_pre"": ""0"", ""buy_10th_pre_bid"": ""11950"", ""buy_10th_pre_req"": ""350"", ""buy_10th_pre_req_pre"": ""0"", ""tot_sel_req_jub_pre"": ""+1"", ""tot_sel_req"": ""2866"", ""tot_buy_req"": ""2166"", ""tot_buy_req_jub_pre"": ""0"", ""ovt_sel_req_pre"": ""0"", ""ovt_sel_req"": ""0"", ""ovt_buy_req"": ""0"", ""ovt_buy_req_pre"": ""0"", ""return_code"": 0, ""return_msg"": ""정상적으로 처리되었습니다""}"
2026-06-10,watchlist,281820,,0,filtered_candidate_recheck,67700,,67700,67300,67700,67500,-0.4431314623338257,0.5908419497784343,,,,,,"{""bid_req_base_tm"": ""102145"", ""sel_10th_pre_req_pre"": ""0"", ""sel_10th_pre_req"": ""207"", ""sel_10th_pre_bid"": ""+68600"", ""sel_9th_pre_req_pre"": ""0"", ""sel_9th_pre_req"": ""185"", ""sel_9th_pre_bid"": ""+68500"", ""sel_8th_pre_req_pre"": ""0"", ""sel_8th_pre_req"": ""247"", ""sel_8th_pre_bid"": ""+68400"", ""sel_7th_pre_req_pre"": ""+5"", ""sel_7th_pre_req"": ""101"", ""sel_7th_pre_bid"": ""+68300"", ""sel_6th_pre_req_pre"": ""0"", ""sel_6th_pre_req"": ""44"", ""sel_6th_pre_bid"": ""+68200"", ""sel_5th_pre_req_pre"": ""0"", ""sel_5th_pre_req"": ""30"", ""sel_5th_pre_bid"": ""+68100"", ""sel_4th_pre_req_pre"": ""0"", ""sel_4th_pre_req"": ""32"", ""sel_4th_pre_bid"": ""+68000"", ""sel_3th_pre_req_pre"": ""0"", ""sel_3th_pre_req"": ""73"", ""sel_3th_pre_bid"": ""+67900"", ""sel_2th_pre_req_pre"": ""0"", ""sel_2th_pre_req"": ""72"", ""sel_2th_pre_bid"": ""+67800"", ""sel_1th_pre_req_pre"": ""0"", ""sel_fpr_req"": ""5"", ""sel_fpr_bid"": ""+67700"", ""buy_fpr_bid"": ""+67300"", ""buy_fpr_req"": ""41"", ""buy_1th_pre_req_pre"": ""0"", ""buy_2th_pre_bid"": ""+67200"", ""buy_2th_pre_req"": ""144"", ""buy_2th_pre_req_pre"": ""0"", ""buy_3th_pre_bid"": ""+67100"", ""buy_3th_pre_req"": ""135"", ""buy_3th_pre_req_pre"": ""0"", ""buy_4th_pre_bid"": ""+67000"", ""buy_4th_pre_req"": ""83"", ""buy_4th_pre_req_pre"": ""0"", ""buy_5th_pre_bid"": ""+66900"", ""buy_5th_pre_req"": ""205"", ""buy_5th_pre_req_pre"": ""0"", ""buy_6th_pre_bid"": ""+66800"", ""buy_6th_pre_req"": ""331"", ""buy_6th_pre_req_pre"": ""0"", ""buy_7th_pre_bid"": ""+66700"", ""buy_7th_pre_req"": ""4"", ""buy_7th_pre_req_pre"": ""0"", ""buy_8th_pre_bid"": ""+66600"", ""buy_8th_pre_req"": ""28"", ""buy_8th_pre_req_pre"": ""0"", ""buy_9th_pre_bid"": ""+66500"", ""buy_9th_pre_req"": ""105"", ""buy_9th_pre_req_pre"": ""0"", ""buy_10th_pre_bid"": ""66400"", ""buy_10th_pre_req"": ""117"", ""buy_10th_pre_req_pre"": ""0"", ""tot_sel_req_jub_pre"": ""+5"", ""tot_sel_req"": ""996"", ""tot_buy_req"": ""1193"", ""tot_buy_req_jub_pre"": ""0"", ""ovt_sel_req_pre"": ""0"", ""ovt_sel_req"": ""0"", ""ovt_buy_req"": ""0"", ""ovt_buy_req_pre"": ""0"", ""return_code"": 0, ""return_msg"": ""정상적으로 처리되었습니다""}"
2026-06-10,watchlist,489790,,0,filtered_candidate_recheck,70400,,70400,70200,70400,70100,-0.5681818181818182,0.2840909090909091,,,,,,"{""bid_req_base_tm"": ""102146"", ""sel_10th_pre_req_pre"": ""0"", ""sel_10th_pre_req"": ""586"", ""sel_10th_pre_bid"": ""+71300"", ""sel_9th_pre_req_pre"": ""0"", ""sel_9th_pre_req"": ""335"", ""sel_9th_pre_bid"": ""+71200"", ""sel_8th_pre_req_pre"": ""0"", ""sel_8th_pre_req"": ""551"", ""sel_8th_pre_bid"": ""+71100"", ""sel_7th_pre_req_pre"": ""0"", ""sel_7th_pre_req"": ""1459"", ""sel_7th_pre_bid"": ""+71000"", ""sel_6th_pre_req_pre"": ""0"", ""sel_6th_pre_req"": ""710"", ""sel_6th_pre_bid"": ""+70900"", ""sel_5th_pre_req_pre"": ""0"", ""sel_5th_pre_req"": ""38"", ""sel_5th_pre_bid"": ""+70800"", ""sel_4th_pre_req_pre"": ""0"", ""sel_4th_pre_req"": ""1071"", ""sel_4th_pre_bid"": ""+70700"", ""sel_3th_pre_req_pre"": ""0"", ""sel_3th_pre_req"": ""191"", ""sel_3th_pre_bid"": ""+70600"", ""sel_2th_pre_req_pre"": ""0"", ""sel_2th_pre_req"": ""380"", ""sel_2th_pre_bid"": ""+70500"", ""sel_1th_pre_req_pre"": ""0"", ""sel_fpr_req"": ""82"", ""sel_fpr_bid"": ""+70400"", ""buy_fpr_bid"": ""+70200"", ""buy_fpr_req"": ""1811"", ""buy_1th_pre_req_pre"": ""0"", ""buy_2th_pre_bid"": ""+70100"", ""buy_2th_pre_req"": ""20"", ""buy_2th_pre_req_pre"": ""0"", ""buy_3th_pre_bid"": ""+70000"", ""buy_3th_pre_req"": ""177"", ""buy_3th_pre_req_pre"": ""--20"", ""buy_4th_pre_bid"": ""+69900"", ""buy_4th_pre_req"": ""92"", ""buy_4th_pre_req_pre"": ""0"", ""buy_5th_pre_bid"": ""+69800"", ""buy_5th_pre_req"": ""95"", ""buy_5th_pre_req_pre"": ""0"", ""buy_6th_pre_bid"": ""+69700"", ""buy_6th_pre_req"": ""55"", ""buy_6th_pre_req_pre"": ""0"", ""buy_7th_pre_bid"": ""+69600"", ""buy_7th_pre_req"": ""117"", ""buy_7th_pre_req_pre"": ""0"", ""buy_8th_pre_bid"": ""+69500"", ""buy_8th_pre_req"": ""44"", ""buy_8th_pre_req_pre"": ""0"", ""buy_9th_pre_bid"": ""+69400"", ""buy_9th_pre_req"": ""116"", ""buy_9th_pre_req_pre"": ""0"", ""buy_10th_pre_bid"": ""+69300"", ""buy_10th_pre_req"": ""10"", ""buy_10th_pre_req_pre"": ""0"", ""tot_sel_req_jub_pre"": ""0"", ""tot_sel_req"": ""5403"", ""tot_buy_req"": ""2537"", ""tot_buy_req_jub_pre"": ""--20"", ""ovt_sel_req_pre"": ""0"", ""ovt_sel_req"": ""0"", ""ovt_buy_req"": ""0"", ""ovt_buy_req_pre"": ""0"", ""return_code"": 0, ""return_msg"": ""정상적으로 처리되었습니다""}"
2026-06-10,watchlist,092200,,0,filtered_candidate_recheck,9850,,9850,9840,9850,9860,0.0,0.10152284263959391,,,,,,"{""bid_req_base_tm"": ""102146"", ""sel_10th_pre_req_pre"": ""0"", ""sel_10th_pre_req"": ""42"", ""sel_10th_pre_bid"": ""-9940"", ""sel_9th_pre_req_pre"": ""0"", ""sel_9th_pre_req"": ""31"", ""sel_9th_pre_bid"": ""-9930"", ""sel_8th_pre_req_pre"": ""0"", ""sel_8th_pre_req"": ""1863"", ""sel_8th_pre_bid"": ""-9920"", ""sel_7th_pre_req_pre"": ""0"", ""sel_7th_pre_req"": ""1597"", ""sel_7th_pre_bid"": ""-9910"", ""sel_6th_pre_req_pre"": ""0"", ""sel_6th_pre_req"": ""823"", ""sel_6th_pre_bid"": ""-9900"", ""sel_5th_pre_req_pre"": ""0"", ""sel_5th_pre_req"": ""1050"", ""sel_5th_pre_bid"": ""-9890"", ""sel_4th_pre_req_pre"": ""0"", ""sel_4th_pre_req"": ""757"", ""sel_4th_pre_bid"": ""-9880"", ""sel_3th_pre_req_pre"": ""0"", ""sel_3th_pre_req"": ""305"", ""sel_3th_pre_bid"": ""-9870"", ""sel_2th_pre_req_pre"": ""0"", ""sel_2th_pre_req"": ""106"", ""sel_2th_pre_bid"": ""-9860"", ""sel_1th_pre_req_pre"": ""0"", ""sel_fpr_req"": ""113"", ""sel_fpr_bid"": ""-9850"", ""buy_fpr_bid"": ""-9840"", ""buy_fpr_req"": ""1774"", ""buy_1th_pre_req_pre"": ""0"", ""buy_2th_pre_bid"": ""-9830"", ""buy_2th_pre_req"": ""328"", ""buy_2th_pre_req_pre"": ""0"", ""buy_3th_pre_bid"": ""-9820"", ""buy_3th_pre_req"": ""280"", ""buy_3th_pre_req_pre"": ""0"", ""buy_4th_pre_bid"": ""-9810"", ""buy_4th_pre_req"": ""781"", ""buy_4th_pre_req_pre"": ""0"", ""buy_5th_pre_bid"": ""-9800"", ""buy_5th_pre_req"": ""1573"", ""buy_5th_pre_req_pre"": ""0"", ""buy_6th_pre_bid"": ""-9790"", ""buy_6th_pre_req"": ""1224"", ""buy_6th_pre_req_pre"": ""0"", ""buy_7th_pre_bid"": ""-9780"", ""buy_7th_pre_req"": ""1375"", ""buy_7th_pre_req_pre"": ""0"", ""buy_8th_pre_bid"": ""-9770"", ""buy_8th_pre_req"": ""210"", ""buy_8th_pre_req_pre"": ""0"", ""buy_9th_pre_bid"": ""-9760"", ""buy_9th_pre_req"": ""1196"", ""buy_9th_pre_req_pre"": ""0"", ""buy_10th_pre_bid"": ""-9750"", ""buy_10th_pre_req"": ""3134"", ""buy_10th_pre_req_pre"": ""0"", ""tot_sel_req_jub_pre"": ""+74"", ""tot_sel_req"": ""6687"", ""tot_buy_req"": ""11875"", ""tot_buy_req_jub_pre"": ""+3122"", ""ovt_sel_req_pre"": ""0"", ""ovt_sel_req"": ""0"", ""ovt_buy_req"": ""0"", ""ovt_buy_req_pre"": ""0"", ""return_code"": 0, ""return_msg"": ""정상적으로 처리되었습니다""}"
2026-06-10,watchlist,175330,,0,filtered_candidate_recheck,25650,,25650,25600,25650,25750,0.1949317738791423,0.1949317738791423,,,,,,"{""bid_req_base_tm"": ""102146"", ""sel_10th_pre_req_pre"": ""0"", ""sel_10th_pre_req"": ""1065"", ""sel_10th_pre_bid"": ""+26100"", ""sel_9th_pre_req_pre"": ""0"", ""sel_9th_pre_req"": ""808"", ""sel_9th_pre_bid"": ""+26050"", ""sel_8th_pre_req_pre"": ""0"", ""sel_8th_pre_req"": ""233"", ""sel_8th_pre_bid"": ""+26000"", ""sel_7th_pre_req_pre"": ""0"", ""sel_7th_pre_req"": ""142"", ""sel_7th_pre_bid"": ""+25950"", ""sel_6th_pre_req_pre"": ""0"", ""sel_6th_pre_req"": ""532"", ""sel_6th_pre_bid"": ""25900"", ""sel_5th_pre_req_pre"": ""0"", ""sel_5th_pre_req"": ""454"", ""sel_5th_pre_bid"": ""-25850"", ""sel_4th_pre_req_pre"": ""0"", ""sel_4th_pre_req"": ""198"", ""sel_4th_pre_bid"": ""-25800"", ""sel_3th_pre_req_pre"": ""0"", ""sel_3th_pre_req"": ""341"", ""sel_3th_pre_bid"": ""-25750"", ""sel_2th_pre_req_pre"": ""0"", ""sel_2th_pre_req"": ""208"", ""sel_2th_pre_bid"": ""-25700"", ""sel_1th_pre_req_pre"": ""0"", ""sel_fpr_req"": ""381"", ""sel_fpr_bid"": ""-25650"", ""buy_fpr_bid"": ""-25600"", ""buy_fpr_req"": ""517"", ""buy_1th_pre_req_pre"": ""--28"", ""buy_2th_pre_bid"": ""-25550"", ""buy_2th_pre_req"": ""1573"", ""buy_2th_pre_req_pre"": ""0"", ""buy_3th_pre_bid"": ""-25500"", ""buy_3th_pre_req"": ""887"", ""buy_3th_pre_req_pre"": ""0"", ""buy_4th_pre_bid"": ""-25450"", ""buy_4th_pre_req"": ""854"", ""buy_4th_pre_req_pre"": ""0"", ""buy_5th_pre_bid"": ""-25400"", ""buy_5th_pre_req"": ""605"", ""buy_5th_pre_req_pre"": ""0"", ""buy_6th_pre_bid"": ""-25350"", ""buy_6th_pre_req"": ""351"", ""buy_6th_pre_req_pre"": ""0"", ""buy_7th_pre_bid"": ""-25300"", ""buy_7th_pre_req"": ""389"", ""buy_7th_pre_req_pre"": ""0"", ""buy_8th_pre_bid"": ""-25250"", ""buy_8th_pre_req"": ""484"", ""buy_8th_pre_req_pre"": ""0"", ""buy_9th_pre_bid"": ""-25200"", ""buy_9th_pre_req"": ""271"", ""buy_9th_pre_req_pre"": ""0"", ""buy_10th_pre_bid"": ""-25150"", ""buy_10th_pre_req"": ""773"", ""buy_10th_pre_req_pre"": ""0"", ""tot_sel_req_jub_pre"": ""0"", ""tot_sel_req"": ""4362"", ""tot_buy_req"": ""6704"", ""tot_buy_req_jub_pre"": ""--28"", ""ovt_sel_req_pre"": ""0"", ""ovt_sel_req"": ""0"", ""ovt_buy_req"": ""0"", ""ovt_buy_req_pre"": ""0"", ""return_code"": 0, ""return_msg"": ""정상적으로 처리되었습니다""}"
2026-06-10,watchlist,069960,,0,filtered_candidate_recheck,165600,,165600,165500,165600,165500,-0.36231884057971014,0.06038647342995169,,,,,,"{""bid_req_base_tm"": ""102146"", ""sel_10th_pre_req_pre"": ""0"", ""sel_10th_pre_req"": ""51"", ""sel_10th_pre_bid"": ""-166700"", ""sel_9th_pre_req_pre"": ""0"", ""sel_9th_pre_req"": ""1"", ""sel_9th_pre_bid"": ""-166600"", ""sel_8th_pre_req_pre"": ""0"", ""sel_8th_pre_req"": ""8"", ""sel_8th_pre_bid"": ""-166500"", ""sel_7th_pre_req_pre"": ""0"", ""sel_7th_pre_req"": ""10"", ""sel_7th_pre_bid"": ""-166400"", ""sel_6th_pre_req_pre"": ""0"", ""sel_6th_pre_req"": ""2"", ""sel_6th_pre_bid"": ""-166300"", ""sel_5th_pre_req_pre"": ""0"", ""sel_5th_pre_req"": ""5"", ""sel_5th_pre_bid"": ""-166000"", ""sel_4th_pre_req_pre"": ""0"", ""sel_4th_pre_req"": ""5"", ""sel_4th_pre_bid"": ""-165900"", ""sel_3th_pre_req_pre"": ""0"", ""sel_3th_pre_req"": ""170"", ""sel_3th_pre_bid"": ""-165800"", ""sel_2th_pre_req_pre"": ""0"", ""sel_2th_pre_req"": ""43"", ""sel_2th_pre_bid"": ""-165700"", ""sel_1th_pre_req_pre"": ""0"", ""sel_fpr_req"": ""52"", ""sel_fpr_bid"": ""-165600"", ""buy_fpr_bid"": ""-165500"", ""buy_fpr_req"": ""60"", ""buy_1th_pre_req_pre"": ""+3"", ""buy_2th_pre_bid"": ""-165400"", ""buy_2th_pre_req"": ""99"", ""buy_2th_pre_req_pre"": ""0"", ""buy_3th_pre_bid"": ""-165300"", ""buy_3th_pre_req"": ""2"", ""buy_3th_pre_req_pre"": ""0"", ""buy_4th_pre_bid"": ""-165200"", ""buy_4th_pre_req"": ""177"", ""buy_4th_pre_req_pre"": ""0"", ""buy_5th_pre_bid"": ""-165100"", ""buy_5th_pre_req"": ""58"", ""buy_5th_pre_req_pre"": ""0"", ""buy_6th_pre_bid"": ""-165000"", ""buy_6th_pre_req"": ""458"", ""buy_6th_pre_req_pre"": ""0"", ""buy_7th_pre_bid"": ""-164300"", ""buy_7th_pre_req"": ""20"", ""buy_7th_pre_req_pre"": ""0"", ""buy_8th_pre_bid"": ""-164200"", ""buy_8th_pre_req"": ""9"", ""buy_8th_pre_req_pre"": ""0"", ""buy_9th_pre_bid"": ""-164000"", ""buy_9th_pre_req"": ""156"", ""buy_9th_pre_req_pre"": ""0"", ""buy_10th_pre_bid"": ""-163900"", ""buy_10th_pre_req"": ""55"", ""buy_10th_pre_req_pre"": ""0"", ""tot_sel_req_jub_pre"": ""0"", ""tot_sel_req"": ""347"", ""tot_buy_req"": ""1094"", ""tot_buy_req_jub_pre"": ""+3"", ""ovt_sel_req_pre"": ""0"", ""ovt_sel_req"": ""0"", ""ovt_buy_req"": ""0"", ""ovt_buy_req_pre"": ""0"", ""return_code"": 0, ""return_msg"": ""정상적으로 처리되었습니다""}"
2026-06-10,scan_candidate,005930,,0,main_scan,308000,,308000,307500,308000,309000,0.16233766233766234,0.16233766233766234,,,,,,"{""bid_req_base_tm"": ""102325"", ""sel_10th_pre_req_pre"": ""0"", ""sel_10th_pre_req"": ""14057"", ""sel_10th_pre_bid"": ""-312500"", ""sel_9th_pre_req_pre"": ""0"", ""sel_9th_pre_req"": ""21130"", ""sel_9th_pre_bid"": ""-312000"", ""sel_8th_pre_req_pre"": ""0"", ""sel_8th_pre_req"": ""16817"", ""sel_8th_pre_bid"": ""-311500"", ""sel_7th_pre_req_pre"": ""0"", ""sel_7th_pre_req"": ""16675"", ""sel_7th_pre_bid"": ""-311000"", ""sel_6th_pre_req_pre"": ""0"", ""sel_6th_pre_req"": ""9233"", ""sel_6th_pre_bid"": ""-310500"", ""sel_5th_pre_req_pre"": ""0"", ""sel_5th_pre_req"": ""10409"", ""sel_5th_pre_bid"": ""-310000"", ""sel_4th_pre_req_pre"": ""0"", ""sel_4th_pre_req"": ""5317"", ""sel_4th_pre_bid"": ""-309500"", ""sel_3th_pre_req_pre"": ""0"", ""sel_3th_pre_req"": ""9799"", ""sel_3th_pre_bid"": ""-309000"", ""sel_2th_pre_req_pre"": ""+37"", ""sel_2th_pre_req"": ""26943"", ""sel_2th_pre_bid"": ""-308500"", ""sel_1th_pre_req_pre"": ""+30"", ""sel_fpr_req"": ""7564"", ""sel_fpr_bid"": ""-308000"", ""buy_fpr_bid"": ""-307500"", ""buy_fpr_req"": ""10394"", ""buy_1th_pre_req_pre"": ""+10"", ""buy_2th_pre_bid"": ""-307000"", ""buy_2th_pre_req"": ""30134"", ""buy_2th_pre_req_pre"": ""0"", ""buy_3th_pre_bid"": ""-306500"", ""buy_3th_pre_req"": ""23426"", ""buy_3th_pre_req_pre"": ""0"", ""buy_4th_pre_bid"": ""-306000"", ""buy_4th_pre_req"": ""77416"", ""buy_4th_pre_req_pre"": ""0"", ""buy_5th_pre_bid"": ""-305500"", ""buy_5th_pre_req"": ""81447"", ""buy_5th_pre_req_pre"": ""+10"", ""buy_6th_pre_bid"": ""-305000"", ""buy_6th_pre_req"": ""204719"", ""buy_6th_pre_req_pre"": ""+2"", ""buy_7th_pre_bid"": ""-304500"", ""buy_7th_pre_req"": ""27386"", ""buy_7th_pre_req_pre"": ""0"", ""buy_8th_pre_bid"": ""-304000"", ""buy_8th_pre_req"": ""52051"", ""buy_8th_pre_req_pre"": ""0"", ""buy_9th_pre_bid"": ""-303500"", ""buy_9th_pre_req"": ""39864"", ""buy_9th_pre_req_pre"": ""0"", ""buy_10th_pre_bid"": ""-303000"", ""buy_10th_pre_req"": ""71259"", ""buy_10th_pre_req_pre"": ""0"", ""tot_sel_req_jub_pre"": ""+67"", ""tot_sel_req"": ""137944"", ""tot_buy_req"": ""618096"", ""tot_buy_req_jub_pre"": ""+22"", ""ovt_sel_req_pre"": ""0"", ""ovt_sel_req"": ""0"", ""ovt_buy_req"": ""0"", ""ovt_buy_req_pre"": ""0"", ""return_code"": 0, ""return_msg"": ""정상적으로 처리되었습니다""}"
2026-06-10,scan_candidate,000660,,0,main_scan,2144000,,2144000,2143000,2144000,2143000,-0.09328358208955223,0.046641791044776115,,,,,,"{""bid_req_base_tm"": ""102325"", ""sel_10th_pre_req_pre"": ""0"", ""sel_10th_pre_req"": ""1040"", ""sel_10th_pre_bid"": ""-2153000"", ""sel_9th_pre_req_pre"": ""0"", ""sel_9th_pre_req"": ""274"", ""sel_9th_pre_bid"": ""-2152000"", ""sel_8th_pre_req_pre"": ""0"", ""sel_8th_pre_req"": ""85"", ""sel_8th_pre_bid"": ""-2151000"", ""sel_7th_pre_req_pre"": ""0"", ""sel_7th_pre_req"": ""348"", ""sel_7th_pre_bid"": ""-2150000"", ""sel_6th_pre_req_pre"": ""0"", ""sel_6th_pre_req"": ""64"", ""sel_6th_pre_bid"": ""-2149000"", ""sel_5th_pre_req_pre"": ""0"", ""sel_5th_pre_req"": ""60"", ""sel_5th_pre_bid"": ""-2148000"", ""sel_4th_pre_req_pre"": ""0"", ""sel_4th_pre_req"": ""1036"", ""sel_4th_pre_bid"": ""-2147000"", ""sel_3th_pre_req_pre"": ""0"", ""sel_3th_pre_req"": ""199"", ""sel_3th_pre_bid"": ""-2146000"", ""sel_2th_pre_req_pre"": ""0"", ""sel_2th_pre_req"": ""189"", ""sel_2th_pre_bid"": ""-2145000"", ""sel_1th_pre_req_pre"": ""0"", ""sel_fpr_req"": ""526"", ""sel_fpr_bid"": ""-2144000"", ""buy_fpr_bid"": ""-2143000"", ""buy_fpr_req"": ""14"", ""buy_1th_pre_req_pre"": ""0"", ""buy_2th_pre_bid"": ""-2142000"", ""buy_2th_pre_req"": ""242"", ""buy_2th_pre_req_pre"": ""0"", ""buy_3th_pre_bid"": ""-2141000"", ""buy_3th_pre_req"": ""800"", ""buy_3th_pre_req_pre"": ""0"", ""buy_4th_pre_bid"": ""-2140000"", ""buy_4th_pre_req"": ""779"", ""buy_4th_pre_req_pre"": ""0"", ""buy_5th_pre_bid"": ""-2139000"", ""buy_5th_pre_req"": ""213"", ""buy_5th_pre_req_pre"": ""0"", ""buy_6th_pre_bid"": ""-2138000"", ""buy_6th_pre_req"": ""688"", ""buy_6th_pre_req_pre"": ""0"", ""buy_7th_pre_bid"": ""-2137000"", ""buy_7th_pre_req"": ""134"", ""buy_7th_pre_req_pre"": ""0"", ""buy_8th_pre_bid"": ""-2136000"", ""buy_8th_pre_req"": ""97"", ""buy_8th_pre_req_pre"": ""0"", ""buy_9th_pre_bid"": ""-2135000"", ""buy_9th_pre_req"": ""433"", ""buy_9th_pre_req_pre"": ""0"", ""buy_10th_pre_bid"": ""-2134000"", ""buy_10th_pre_req"": ""152"", ""buy_10th_pre_req_pre"": ""0"", ""tot_sel_req_jub_pre"": ""0"", ""tot_sel_req"": ""3821"", ""tot_buy_req"": ""3552"", ""tot_buy_req_jub_pre"": ""0"", ""ovt_sel_req_pre"": ""0"", ""ovt_sel_req"": ""0"", ""ovt_buy_req"": ""0"", ""ovt_buy_req_pre"": ""0"", ""return_code"": 0, ""return_msg"": ""정상적으로 처리되었습니다""}"
2026-06-10,scan_candidate,402340,,0,main_scan,1222000,,1222000,1221000,1222000,1221000,-0.16366612111292964,0.08183306055646482,,,,,,"{""bid_req_base_tm"": ""102326"", ""sel_10th_pre_req_pre"": ""0"", ""sel_10th_pre_req"": ""33"", ""sel_10th_pre_bid"": ""-1232000"", ""sel_9th_pre_req_pre"": ""0"", ""sel_9th_pre_req"": ""16"", ""sel_9th_pre_bid"": ""-1231000"", ""sel_8th_pre_req_pre"": ""0"", ""sel_8th_pre_req"": ""33"", ""sel_8th_pre_bid"": ""-1230000"", ""sel_7th_pre_req_pre"": ""0"", ""sel_7th_pre_req"": ""24"", ""sel_7th_pre_bid"": ""-1229000"", ""sel_6th_pre_req_pre"": ""0"", ""sel_6th_pre_req"": ""62"", ""sel_6th_pre_bid"": ""-1228000"", ""sel_5th_pre_req_pre"": ""0"", ""sel_5th_pre_req"": ""174"", ""sel_5th_pre_bid"": ""-1227000"", ""sel_4th_pre_req_pre"": ""0"", ""sel_4th_pre_req"": ""107"", ""sel_4th_pre_bid"": ""-1225000"", ""sel_3th_pre_req_pre"": ""0"", ""sel_3th_pre_req"": ""27"", ""sel_3th_pre_bid"": ""-1224000"", ""sel_2th_pre_req_pre"": ""0"", ""sel_2th_pre_req"": ""293"", ""sel_2th_pre_bid"": ""-1223000"", ""sel_1th_pre_req_pre"": ""0"", ""sel_fpr_req"": ""219"", ""sel_fpr_bid"": ""-1222000"", ""buy_fpr_bid"": ""-1221000"", ""buy_fpr_req"": ""101"", ""buy_1th_pre_req_pre"": ""--6"", ""buy_2th_pre_bid"": ""-1220000"", ""buy_2th_pre_req"": ""49"", ""buy_2th_pre_req_pre"": ""0"", ""buy_3th_pre_bid"": ""-1219000"", ""buy_3th_pre_req"": ""421"", ""buy_3th_pre_req_pre"": ""0"", ""buy_4th_pre_bid"": ""-1218000"", ""buy_4th_pre_req"": ""29"", ""buy_4th_pre_req_pre"": ""0"", ""buy_5th_pre_bid"": ""-1217000"", ""buy_5th_pre_req"": ""9"", ""buy_5th_pre_req_pre"": ""0"", ""buy_6th_pre_bid"": ""-1216000"", ""buy_6th_pre_req"": ""104"", ""buy_6th_pre_req_pre"": ""0"", ""buy_7th_pre_bid"": ""-1215000"", ""buy_7th_pre_req"": ""124"", ""buy_7th_pre_req_pre"": ""0"", ""buy_8th_pre_bid"": ""-1214000"", ""buy_8th_pre_req"": ""31"", ""buy_8th_pre_req_pre"": ""0"", ""buy_9th_pre_bid"": ""-1213000"", ""buy_9th_pre_req"": ""30"", ""buy_9th_pre_req_pre"": ""0"", ""buy_10th_pre_bid"": ""-1212000"", ""buy_10th_pre_req"": ""30"", ""buy_10th_pre_req_pre"": ""0"", ""tot_sel_req_jub_pre"": ""0"", ""tot_sel_req"": ""988"", ""tot_buy_req"": ""928"", ""tot_buy_req_jub_pre"": ""--6"", ""ovt_sel_req_pre"": ""0"", ""ovt_sel_req"": ""0"", ""ovt_buy_req"": ""0"", ""ovt_buy_req_pre"": ""0"", ""return_code"": 0, ""return_msg"": ""정상적으로 처리되었습니다""}"
2026-06-10,scan_candidate,009150,,0,main_scan,1909000,,1909000,1908000,1909000,1909000,-0.05238344683080147,0.05238344683080147,,,,,,"{""bid_req_base_tm"": ""102326"", ""sel_10th_pre_req_pre"": ""0"", ""sel_10th_pre_req"": ""295"", ""sel_10th_pre_bid"": ""-1918000"", ""sel_9th_pre_req_pre"": ""0"", ""sel_9th_pre_req"": ""95"", ""sel_9th_pre_bid"": ""-1917000"", ""sel_8th_pre_req_pre"": ""0"", ""sel_8th_pre_req"": ""89"", ""sel_8th_pre_bid"": ""-1916000"", ""sel_7th_pre_req_pre"": ""0"", ""sel_7th_pre_req"": ""57"", ""sel_7th_pre_bid"": ""-1915000"", ""sel_6th_pre_req_pre"": ""0"", ""sel_6th_pre_req"": ""12"", ""sel_6th_pre_bid"": ""-1914000"", ""sel_5th_pre_req_pre"": ""0"", ""sel_5th_pre_req"": ""45"", ""sel_5th_pre_bid"": ""-1913000"", ""sel_4th_pre_req_pre"": ""0"", ""sel_4th_pre_req"": ""105"", ""sel_4th_pre_bid"": ""-1912000"", ""sel_3th_pre_req_pre"": ""0"", ""sel_3th_pre_req"": ""191"", ""sel_3th_pre_bid"": ""-1911000"", ""sel_2th_pre_req_pre"": ""0"", ""sel_2th_pre_req"": ""47"", ""sel_2th_pre_bid"": ""-1910000"", ""sel_1th_pre_req_pre"": ""0"", ""sel_fpr_req"": ""95"", ""sel_fpr_bid"": ""-1909000"", ""buy_fpr_bid"": ""-1908000"", ""buy_fpr_req"": ""106"", ""buy_1th_pre_req_pre"": ""0"", ""buy_2th_pre_bid"": ""-1907000"", ""buy_2th_pre_req"": ""94"", ""buy_2th_pre_req_pre"": ""0"", ""buy_3th_pre_bid"": ""-1906000"", ""buy_3th_pre_req"": ""167"", ""buy_3th_pre_req_pre"": ""0"", ""buy_4th_pre_bid"": ""-1905000"", ""buy_4th_pre_req"": ""53"", ""buy_4th_pre_req_pre"": ""+1"", ""buy_5th_pre_bid"": ""-1904000"", ""buy_5th_pre_req"": ""285"", ""buy_5th_pre_req_pre"": ""0"", ""buy_6th_pre_bid"": ""-1903000"", ""buy_6th_pre_req"": ""107"", ""buy_6th_pre_req_pre"": ""0"", ""buy_7th_pre_bid"": ""-1902000"", ""buy_7th_pre_req"": ""64"", ""buy_7th_pre_req_pre"": ""0"", ""buy_8th_pre_bid"": ""-1901000"", ""buy_8th_pre_req"": ""76"", ""buy_8th_pre_req_pre"": ""0"", ""buy_9th_pre_bid"": ""-1900000"", ""buy_9th_pre_req"": ""96"", ""buy_9th_pre_req_pre"": ""0"", ""buy_10th_pre_bid"": ""-1899000"", ""buy_10th_pre_req"": ""32"", ""buy_10th_pre_req_pre"": ""0"", ""tot_sel_req_jub_pre"": ""0"", ""tot_sel_req"": ""1031"", ""tot_buy_req"": ""1080"", ""tot_buy_req_jub_pre"": ""+1"", ""ovt_sel_req_pre"": ""0"", ""ovt_sel_req"": ""0"", ""ovt_buy_req"": ""0"", ""ovt_buy_req_pre"": ""0"", ""return_code"": 0, ""return_msg"": ""정상적으로 처리되었습니다""}"
2026-06-10,scan_candidate,032830,,0,main_scan,375500,,375500,375000,375500,373500,-0.6657789613848202,0.13315579227696406,,,,,,"{""bid_req_base_tm"": ""102326"", ""sel_10th_pre_req_pre"": ""0"", ""sel_10th_pre_req"": ""54"", ""sel_10th_pre_bid"": ""-380500"", ""sel_9th_pre_req_pre"": ""0"", ""sel_9th_pre_req"": ""202"", ""sel_9th_pre_bid"": ""-380000"", ""sel_8th_pre_req_pre"": ""0"", ""sel_8th_pre_req"": ""107"", ""sel_8th_pre_bid"": ""-379500"", ""sel_7th_pre_req_pre"": ""0"", ""sel_7th_pre_req"": ""409"", ""sel_7th_pre_bid"": ""-379000"", ""sel_6th_pre_req_pre"": ""0"", ""sel_6th_pre_req"": ""62"", ""sel_6th_pre_bid"": ""-378500"", ""sel_5th_pre_req_pre"": ""0"", ""sel_5th_pre_req"": ""23"", ""sel_5th_pre_bid"": ""-378000"", ""sel_4th_pre_req_pre"": ""0"", ""sel_4th_pre_req"": ""17"", ""sel_4th_pre_bid"": ""-377500"", ""sel_3th_pre_req_pre"": ""0"", ""sel_3th_pre_req"": ""357"", ""sel_3th_pre_bid"": ""-377000"", ""sel_2th_pre_req_pre"": ""0"", ""sel_2th_pre_req"": ""272"", ""sel_2th_pre_bid"": ""-376000"", ""sel_1th_pre_req_pre"": ""0"", ""sel_fpr_req"": ""1082"", ""sel_fpr_bid"": ""-375500"", ""buy_fpr_bid"": ""-375000"", ""buy_fpr_req"": ""598"", ""buy_1th_pre_req_pre"": ""+10"", ""buy_2th_pre_bid"": ""-374500"", ""buy_2th_pre_req"": ""212"", ""buy_2th_pre_req_pre"": ""0"", ""buy_3th_pre_bid"": ""-374000"", ""buy_3th_pre_req"": ""142"", ""buy_3th_pre_req_pre"": ""0"", ""buy_4th_pre_bid"": ""-373500"", ""buy_4th_pre_req"": ""37"", ""buy_4th_pre_req_pre"": ""0"", ""buy_5th_pre_bid"": ""-373000"", ""buy_5th_pre_req"": ""23"", ""buy_5th_pre_req_pre"": ""0"", ""buy_6th_pre_bid"": ""-372500"", ""buy_6th_pre_req"": ""102"", ""buy_6th_pre_req_pre"": ""0"", ""buy_7th_pre_bid"": ""-372000"", ""buy_7th_pre_req"": ""66"", ""buy_7th_pre_req_pre"": ""0"", ""buy_8th_pre_bid"": ""-371500"", ""buy_8th_pre_req"": ""60"", ""buy_8th_pre_req_pre"": ""0"", ""buy_9th_pre_bid"": ""-371000"", ""buy_9th_pre_req"": ""39"", ""buy_9th_pre_req_pre"": ""0"", ""buy_10th_pre_bid"": ""-370500"", ""buy_10th_pre_req"": ""78"", ""buy_10th_pre_req_pre"": ""0"", ""tot_sel_req_jub_pre"": ""0"", ""tot_sel_req"": ""2585"", ""tot_buy_req"": ""1357"", ""tot_buy_req_jub_pre"": ""+10"", ""ovt_sel_req_pre"": ""0"", ""ovt_sel_req"": ""0"", ""ovt_buy_req"": ""0"", ""ovt_buy_req_pre"": ""0"", ""return_code"": 0, ""return_msg"": ""정상적으로 처리되었습니다""}"
2026-06-10,scan_candidate,105560,,0,main_scan,155700,,155700,155600,155700,155500,-0.44958253050738595,0.06422607578676942,,,,,,"{""bid_req_base_tm"": ""102326"", ""sel_10th_pre_req_pre"": ""0"", ""sel_10th_pre_req"": ""319"", ""sel_10th_pre_bid"": ""+156600"", ""sel_9th_pre_req_pre"": ""0"", ""sel_9th_pre_req"": ""34"", ""sel_9th_pre_bid"": ""+156500"", ""sel_8th_pre_req_pre"": ""0"", ""sel_8th_pre_req"": ""61"", ""sel_8th_pre_bid"": ""+156400"", ""sel_7th_pre_req_pre"": ""0"", ""sel_7th_pre_req"": ""6"", ""sel_7th_pre_bid"": ""+156300"", ""sel_6th_pre_req_pre"": ""0"", ""sel_6th_pre_req"": ""2"", ""sel_6th_pre_bid"": ""+156200"", ""sel_5th_pre_req_pre"": ""0"", ""sel_5th_pre_req"": ""12"", ""sel_5th_pre_bid"": ""+156100"", ""sel_4th_pre_req_pre"": ""0"", ""sel_4th_pre_req"": ""11"", ""sel_4th_pre_bid"": ""+156000"", ""sel_3th_pre_req_pre"": ""0"", ""sel_3th_pre_req"": ""5"", ""sel_3th_pre_bid"": ""+155900"", ""sel_2th_pre_req_pre"": ""0"", ""sel_2th_pre_req"": ""170"", ""sel_2th_pre_bid"": ""+155800"", ""sel_1th_pre_req_pre"": ""--1"", ""sel_fpr_req"": ""447"", ""sel_fpr_bid"": ""+155700"", ""buy_fpr_bid"": ""+155600"", ""buy_fpr_req"": ""279"", ""buy_1th_pre_req_pre"": ""0"", ""buy_2th_pre_bid"": ""+155500"", ""buy_2th_pre_req"": ""649"", ""buy_2th_pre_req_pre"": ""0"", ""buy_3th_pre_bid"": ""+155300"", ""buy_3th_pre_req"": ""192"", ""buy_3th_pre_req_pre"": ""0"", ""buy_4th_pre_bid"": ""+155200"", ""buy_4th_pre_req"": ""232"", ""buy_4th_pre_req_pre"": ""0"", ""buy_5th_pre_bid"": ""+155100"", ""buy_5th_pre_req"": ""124"", ""buy_5th_pre_req_pre"": ""0"", ""buy_6th_pre_bid"": ""+155000"", ""buy_6th_pre_req"": ""125"", ""buy_6th_pre_req_pre"": ""0"", ""buy_7th_pre_bid"": ""+154900"", ""buy_7th_pre_req"": ""556"", ""buy_7th_pre_req_pre"": ""0"", ""buy_8th_pre_bid"": ""154800"", ""buy_8th_pre_req"": ""61"", ""buy_8th_pre_req_pre"": ""0"", ""buy_9th_pre_bid"": ""-154700"", ""buy_9th_pre_req"": ""18"", ""buy_9th_pre_req_pre"": ""0"", ""buy_10th_pre_bid"": ""-154600"", ""buy_10th_pre_req"": ""15"", ""buy_10th_pre_req_pre"": ""0"", ""tot_sel_req_jub_pre"": ""--1"", ""tot_sel_req"": ""1067"", ""tot_buy_req"": ""2251"", ""tot_buy_req_jub_pre"": ""0"", ""ovt_sel_req_pre"": ""0"", ""ovt_sel_req"": ""0"", ""ovt_buy_req"": ""0"", ""ovt_buy_req_pre"": ""0"", ""return_code"": 0, ""return_msg"": ""정상적으로 처리되었습니다""}"
2026-06-10,scan_candidate,012330,,0,main_scan,586000,,586000,585000,586000,585000,-0.3412969283276451,0.17064846416382254,,,,,,"{""bid_req_base_tm"": ""102326"", ""sel_10th_pre_req_pre"": ""0"", ""sel_10th_pre_req"": ""516"", ""sel_10th_pre_bid"": ""595000"", ""sel_9th_pre_req_pre"": ""0"", ""sel_9th_pre_req"": ""38"", ""sel_9th_pre_bid"": ""-594000"", ""sel_8th_pre_req_pre"": ""0"", ""sel_8th_pre_req"": ""247"", ""sel_8th_pre_bid"": ""-593000"", ""sel_7th_pre_req_pre"": ""0"", ""sel_7th_pre_req"": ""111"", ""sel_7th_pre_bid"": ""-592000"", ""sel_6th_pre_req_pre"": ""0"", ""sel_6th_pre_req"": ""109"", ""sel_6th_pre_bid"": ""-591000"", ""sel_5th_pre_req_pre"": ""+2"", ""sel_5th_pre_req"": ""333"", ""sel_5th_pre_bid"": ""-590000"", ""sel_4th_pre_req_pre"": ""0"", ""sel_4th_pre_req"": ""224"", ""sel_4th_pre_bid"": ""-589000"", ""sel_3th_pre_req_pre"": ""0"", ""sel_3th_pre_req"": ""96"", ""sel_3th_pre_bid"": ""-588000"", ""sel_2th_pre_req_pre"": ""0"", ""sel_2th_pre_req"": ""144"", ""sel_2th_pre_bid"": ""-587000"", ""sel_1th_pre_req_pre"": ""0"", ""sel_fpr_req"": ""355"", ""sel_fpr_bid"": ""-586000"", ""buy_fpr_bid"": ""-585000"", ""buy_fpr_req"": ""19"", ""buy_1th_pre_req_pre"": ""+5"", ""buy_2th_pre_bid"": ""-584000"", ""buy_2th_pre_req"": ""177"", ""buy_2th_pre_req_pre"": ""0"", ""buy_3th_pre_bid"": ""-583000"", ""buy_3th_pre_req"": ""383"", ""buy_3th_pre_req_pre"": ""0"", ""buy_4th_pre_bid"": ""-582000"", ""buy_4th_pre_req"": ""330"", ""buy_4th_pre_req_pre"": ""0"", ""buy_5th_pre_bid"": ""-581000"", ""buy_5th_pre_req"": ""223"", ""buy_5th_pre_req_pre"": ""0"", ""buy_6th_pre_bid"": ""-580000"", ""buy_6th_pre_req"": ""437"", ""buy_6th_pre_req_pre"": ""0"", ""buy_7th_pre_bid"": ""-579000"", ""buy_7th_pre_req"": ""66"", ""buy_7th_pre_req_pre"": ""0"", ""buy_8th_pre_bid"": ""-578000"", ""buy_8th_pre_req"": ""148"", ""buy_8th_pre_req_pre"": ""0"", ""buy_9th_pre_bid"": ""-577000"", ""buy_9th_pre_req"": ""258"", ""buy_9th_pre_req_pre"": ""0"", ""buy_10th_pre_bid"": ""-576000"", ""buy_10th_pre_req"": ""470"", ""buy_10th_pre_req_pre"": ""0"", ""tot_sel_req_jub_pre"": ""+2"", ""tot_sel_req"": ""2173"", ""tot_buy_req"": ""2511"", ""tot_buy_req_jub_pre"": ""+5"", ""ovt_sel_req_pre"": ""0"", ""ovt_sel_req"": ""0"", ""ovt_buy_req"": ""0"", ""ovt_buy_req_pre"": ""0"", ""return_code"": 0, ""return_msg"": ""정상적으로 처리되었습니다""}"
2026-06-10,scan_candidate,055550,,0,main_scan,99500,,99500,99400,99500,99400,-0.20100502512562815,0.10050251256281408,,,,,,"{""bid_req_base_tm"": ""102326"", ""sel_10th_pre_req_pre"": ""0"", ""sel_10th_pre_req"": ""1108"", ""sel_10th_pre_bid"": ""-100400"", ""sel_9th_pre_req_pre"": ""0"", ""sel_9th_pre_req"": ""362"", ""sel_9th_pre_bid"": ""-100300"", ""sel_8th_pre_req_pre"": ""0"", ""sel_8th_pre_req"": ""202"", ""sel_8th_pre_bid"": ""-100200"", ""sel_7th_pre_req_pre"": ""0"", ""sel_7th_pre_req"": ""2"", ""sel_7th_pre_bid"": ""-100100"", ""sel_6th_pre_req_pre"": ""0"", ""sel_6th_pre_req"": ""85"", ""sel_6th_pre_bid"": ""-100000"", ""sel_5th_pre_req_pre"": ""0"", ""sel_5th_pre_req"": ""60"", ""sel_5th_pre_bid"": ""-99900"", ""sel_4th_pre_req_pre"": ""0"", ""sel_4th_pre_req"": ""977"", ""sel_4th_pre_bid"": ""-99800"", ""sel_3th_pre_req_pre"": ""0"", ""sel_3th_pre_req"": ""282"", ""sel_3th_pre_bid"": ""-99700"", ""sel_2th_pre_req_pre"": ""0"", ""sel_2th_pre_req"": ""159"", ""sel_2th_pre_bid"": ""-99600"", ""sel_1th_pre_req_pre"": ""--40"", ""sel_fpr_req"": ""2128"", ""sel_fpr_bid"": ""-99500"", ""buy_fpr_bid"": ""-99400"", ""buy_fpr_req"": ""704"", ""buy_1th_pre_req_pre"": ""0"", ""buy_2th_pre_bid"": ""-99300"", ""buy_2th_pre_req"": ""884"", ""buy_2th_pre_req_pre"": ""0"", ""buy_3th_pre_bid"": ""-99200"", ""buy_3th_pre_req"": ""370"", ""buy_3th_pre_req_pre"": ""0"", ""buy_4th_pre_bid"": ""-99100"", ""buy_4th_pre_req"": ""228"", ""buy_4th_pre_req_pre"": ""0"", ""buy_5th_pre_bid"": ""-99000"", ""buy_5th_pre_req"": ""394"", ""buy_5th_pre_req_pre"": ""0"", ""buy_6th_pre_bid"": ""-98900"", ""buy_6th_pre_req"": ""145"", ""buy_6th_pre_req_pre"": ""0"", ""buy_7th_pre_bid"": ""-98800"", ""buy_7th_pre_req"": ""148"", ""buy_7th_pre_req_pre"": ""0"", ""buy_8th_pre_bid"": ""-98700"", ""buy_8th_pre_req"": ""234"", ""buy_8th_pre_req_pre"": ""0"", ""buy_9th_pre_bid"": ""-98600"", ""buy_9th_pre_req"": ""151"", ""buy_9th_pre_req_pre"": ""0"", ""buy_10th_pre_bid"": ""-98500"", ""buy_10th_pre_req"": ""1187"", ""buy_10th_pre_req_pre"": ""0"", ""tot_sel_req_jub_pre"": ""--40"", ""tot_sel_req"": ""5365"", ""tot_buy_req"": ""4445"", ""tot_buy_req_jub_pre"": ""0"", ""ovt_sel_req_pre"": ""0"", ""ovt_sel_req"": ""0"", ""ovt_buy_req"": ""0"", ""ovt_buy_req_pre"": ""0"", ""return_code"": 0, ""return_msg"": ""정상적으로 처리되었습니다""}"
2026-06-10,scan_candidate,034730,,0,main_scan,589000,,589000,588000,589000,586000,-0.6791171477079796,0.1697792869269949,,,,,,"{""bid_req_base_tm"": ""102326"", ""sel_10th_pre_req_pre"": ""0"", ""sel_10th_pre_req"": ""138"", ""sel_10th_pre_bid"": ""+598000"", ""sel_9th_pre_req_pre"": ""0"", ""sel_9th_pre_req"": ""158"", ""sel_9th_pre_bid"": ""+597000"", ""sel_8th_pre_req_pre"": ""0"", ""sel_8th_pre_req"": ""219"", ""sel_8th_pre_bid"": ""+596000"", ""sel_7th_pre_req_pre"": ""0"", ""sel_7th_pre_req"": ""287"", ""sel_7th_pre_bid"": ""+595000"", ""sel_6th_pre_req_pre"": ""0"", ""sel_6th_pre_req"": ""296"", ""sel_6th_pre_bid"": ""594000"", ""sel_5th_pre_req_pre"": ""0"", ""sel_5th_pre_req"": ""151"", ""sel_5th_pre_bid"": ""-593000"", ""sel_4th_pre_req_pre"": ""0"", ""sel_4th_pre_req"": ""45"", ""sel_4th_pre_bid"": ""-592000"", ""sel_3th_pre_req_pre"": ""0"", ""sel_3th_pre_req"": ""40"", ""sel_3th_pre_bid"": ""-591000"", ""sel_2th_pre_req_pre"": ""0"", ""sel_2th_pre_req"": ""46"", ""sel_2th_pre_bid"": ""-590000"", ""sel_1th_pre_req_pre"": ""+8"", ""sel_fpr_req"": ""264"", ""sel_fpr_bid"": ""-589000"", ""buy_fpr_bid"": ""-588000"", ""buy_fpr_req"": ""165"", ""buy_1th_pre_req_pre"": ""0"", ""buy_2th_pre_bid"": ""-587000"", ""buy_2th_pre_req"": ""56"", ""buy_2th_pre_req_pre"": ""0"", ""buy_3th_pre_bid"": ""-586000"", ""buy_3th_pre_req"": ""127"", ""buy_3th_pre_req_pre"": ""0"", ""buy_4th_pre_bid"": ""-585000"", ""buy_4th_pre_req"": ""56"", ""buy_4th_pre_req_pre"": ""0"", ""buy_5th_pre_bid"": ""-584000"", ""buy_5th_pre_req"": ""4"", ""buy_5th_pre_req_pre"": ""0"", ""buy_6th_pre_bid"": ""-583000"", ""buy_6th_pre_req"": ""38"", ""buy_6th_pre_req_pre"": ""0"", ""buy_7th_pre_bid"": ""-582000"", ""buy_7th_pre_req"": ""70"", ""buy_7th_pre_req_pre"": ""0"", ""buy_8th_pre_bid"": ""-581000"", ""buy_8th_pre_req"": ""111"", ""buy_8th_pre_req_pre"": ""0"", ""buy_9th_pre_bid"": ""-580000"", ""buy_9th_pre_req"": ""113"", ""buy_9th_pre_req_pre"": ""0"", ""buy_10th_pre_bid"": ""-579000"", ""buy_10th_pre_req"": ""9"", ""buy_10th_pre_req_pre"": ""0"", ""tot_sel_req_jub_pre"": ""+8"", ""tot_sel_req"": ""1644"", ""tot_buy_req"": ""749"", ""tot_buy_req_jub_pre"": ""0"", ""ovt_sel_req_pre"": ""0"", ""ovt_sel_req"": ""0"", ""ovt_buy_req"": ""0"", ""ovt_buy_req_pre"": ""0"", ""return_code"": 0, ""return_msg"": ""정상적으로 처리되었습니다""}"
2026-06-10,scan_candidate,066570,,0,main_scan,233500,,233500,233000,233500,234500,0.21413276231263384,0.21413276231263384,,,,,,"{""bid_req_base_tm"": ""102327"", ""sel_10th_pre_req_pre"": ""0"", ""sel_10th_pre_req"": ""1188"", ""sel_10th_pre_bid"": ""-238000"", ""sel_9th_pre_req_pre"": ""0"", ""sel_9th_pre_req"": ""1713"", ""sel_9th_pre_bid"": ""-237500"", ""sel_8th_pre_req_pre"": ""0"", ""sel_8th_pre_req"": ""2768"", ""sel_8th_pre_bid"": ""-237000"", ""sel_7th_pre_req_pre"": ""0"", ""sel_7th_pre_req"": ""1063"", ""sel_7th_pre_bid"": ""-236500"", ""sel_6th_pre_req_pre"": ""0"", ""sel_6th_pre_req"": ""2885"", ""sel_6th_pre_bid"": ""-236000"", ""sel_5th_pre_req_pre"": ""0"", ""sel_5th_pre_req"": ""2166"", ""sel_5th_pre_bid"": ""-235500"", ""sel_4th_pre_req_pre"": ""0"", ""sel_4th_pre_req"": ""3023"", ""sel_4th_pre_bid"": ""-235000"", ""sel_3th_pre_req_pre"": ""0"", ""sel_3th_pre_req"": ""1672"", ""sel_3th_pre_bid"": ""-234500"", ""sel_2th_pre_req_pre"": ""0"", ""sel_2th_pre_req"": ""1070"", ""sel_2th_pre_bid"": ""-234000"", ""sel_1th_pre_req_pre"": ""0"", ""sel_fpr_req"": ""2959"", ""sel_fpr_bid"": ""-233500"", ""buy_fpr_bid"": ""-233000"", ""buy_fpr_req"": ""253"", ""buy_1th_pre_req_pre"": ""+6"", ""buy_2th_pre_bid"": ""-232500"", ""buy_2th_pre_req"": ""2489"", ""buy_2th_pre_req_pre"": ""0"", ""buy_3th_pre_bid"": ""-232000"", ""buy_3th_pre_req"": ""12777"", ""buy_3th_pre_req_pre"": ""0"", ""buy_4th_pre_bid"": ""-231500"", ""buy_4th_pre_req"": ""5312"", ""buy_4th_pre_req_pre"": ""0"", ""buy_5th_pre_bid"": ""-231000"", ""buy_5th_pre_req"": ""8849"", ""buy_5th_pre_req_pre"": ""0"", ""buy_6th_pre_bid"": ""-230500"", ""buy_6th_pre_req"": ""12432"", ""buy_6th_pre_req_pre"": ""0"", ""buy_7th_pre_bid"": ""-230000"", ""buy_7th_pre_req"": ""37927"", ""buy_7th_pre_req_pre"": ""0"", ""buy_8th_pre_bid"": ""-229500"", ""buy_8th_pre_req"": ""4969"", ""buy_8th_pre_req_pre"": ""--1"", ""buy_9th_pre_bid"": ""-229000"", ""buy_9th_pre_req"": ""7339"", ""buy_9th_pre_req_pre"": ""0"", ""buy_10th_pre_bid"": ""-228500"", ""buy_10th_pre_req"": ""7226"", ""buy_10th_pre_req_pre"": ""0"", ""tot_sel_req_jub_pre"": ""0"", ""tot_sel_req"": ""20507"", ""tot_buy_req"": ""99573"", ""tot_buy_req_jub_pre"": ""+5"", ""ovt_sel_req_pre"": ""0"", ""ovt_sel_req"": ""0"", ""ovt_buy_req"": ""0"", ""ovt_buy_req_pre"": ""0"", ""return_code"": 0, ""return_msg"": ""정상적으로 처리되었습니다""}"
2026-06-10,scan_candidate,035420,,0,main_scan,237000,,237000,236500,237000,238000,0.21097046413502107,0.21097046413502107,,,,,,"{""bid_req_base_tm"": ""102327"", ""sel_10th_pre_req_pre"": ""0"", ""sel_10th_pre_req"": ""2155"", ""sel_10th_pre_bid"": ""-241500"", ""sel_9th_pre_req_pre"": ""0"", ""sel_9th_pre_req"": ""2519"", ""sel_9th_pre_bid"": ""-241000"", ""sel_8th_pre_req_pre"": ""0"", ""sel_8th_pre_req"": ""3186"", ""sel_8th_pre_bid"": ""-240500"", ""sel_7th_pre_req_pre"": ""0"", ""sel_7th_pre_req"": ""3889"", ""sel_7th_pre_bid"": ""-240000"", ""sel_6th_pre_req_pre"": ""0"", ""sel_6th_pre_req"": ""3831"", ""sel_6th_pre_bid"": ""-239500"", ""sel_5th_pre_req_pre"": ""0"", ""sel_5th_pre_req"": ""2233"", ""sel_5th_pre_bid"": ""-239000"", ""sel_4th_pre_req_pre"": ""0"", ""sel_4th_pre_req"": ""3050"", ""sel_4th_pre_bid"": ""-238500"", ""sel_3th_pre_req_pre"": ""0"", ""sel_3th_pre_req"": ""5652"", ""sel_3th_pre_bid"": ""-238000"", ""sel_2th_pre_req_pre"": ""0"", ""sel_2th_pre_req"": ""3060"", ""sel_2th_pre_bid"": ""-237500"", ""sel_1th_pre_req_pre"": ""+18"", ""sel_fpr_req"": ""6090"", ""sel_fpr_bid"": ""-237000"", ""buy_fpr_bid"": ""-236500"", ""buy_fpr_req"": ""5056"", ""buy_1th_pre_req_pre"": ""--2"", ""buy_2th_pre_bid"": ""-236000"", ""buy_2th_pre_req"": ""8053"", ""buy_2th_pre_req_pre"": ""0"", ""buy_3th_pre_bid"": ""-235500"", ""buy_3th_pre_req"": ""12994"", ""buy_3th_pre_req_pre"": ""0"", ""buy_4th_pre_bid"": ""-235000"", ""buy_4th_pre_req"": ""25384"", ""buy_4th_pre_req_pre"": ""+1"", ""buy_5th_pre_bid"": ""-234500"", ""buy_5th_pre_req"": ""53829"", ""buy_5th_pre_req_pre"": ""0"", ""buy_6th_pre_bid"": ""-234000"", ""buy_6th_pre_req"": ""8131"", ""buy_6th_pre_req_pre"": ""0"", ""buy_7th_pre_bid"": ""-233500"", ""buy_7th_pre_req"": ""6364"", ""buy_7th_pre_req_pre"": ""0"", ""buy_8th_pre_bid"": ""-233000"", ""buy_8th_pre_req"": ""8604"", ""buy_8th_pre_req_pre"": ""0"", ""buy_9th_pre_bid"": ""-232500"", ""buy_9th_pre_req"": ""8835"", ""buy_9th_pre_req_pre"": ""0"", ""buy_10th_pre_bid"": ""-232000"", ""buy_10th_pre_req"": ""10712"", ""buy_10th_pre_req_pre"": ""0"", ""tot_sel_req_jub_pre"": ""+18"", ""tot_sel_req"": ""35665"", ""tot_buy_req"": ""147962"", ""tot_buy_req_jub_pre"": ""--1"", ""ovt_sel_req_pre"": ""0"", ""ovt_sel_req"": ""0"", ""ovt_buy_req"": ""0"", ""ovt_buy_req_pre"": ""0"", ""return_code"": 0, ""return_msg"": ""정상적으로 처리되었습니다""}"
2026-06-10,scan_candidate,267260,,0,main_scan,1019000,,1019000,1018000,1019000,1017000,-0.2944062806673209,0.09813542688910697,,,,,,"{""bid_req_base_tm"": ""102327"", ""sel_10th_pre_req_pre"": ""--1"", ""sel_10th_pre_req"": ""227"", ""sel_10th_pre_bid"": ""+1028000"", ""sel_9th_pre_req_pre"": ""0"", ""sel_9th_pre_req"": ""335"", ""sel_9th_pre_bid"": ""+1027000"", ""sel_8th_pre_req_pre"": ""0"", ""sel_8th_pre_req"": ""141"", ""sel_8th_pre_bid"": ""+1026000"", ""sel_7th_pre_req_pre"": ""0"", ""sel_7th_pre_req"": ""198"", ""sel_7th_pre_bid"": ""+1025000"", ""sel_6th_pre_req_pre"": ""0"", ""sel_6th_pre_req"": ""38"", ""sel_6th_pre_bid"": ""+1024000"", ""sel_5th_pre_req_pre"": ""0"", ""sel_5th_pre_req"": ""396"", ""sel_5th_pre_bid"": ""+1023000"", ""sel_4th_pre_req_pre"": ""0"", ""sel_4th_pre_req"": ""31"", ""sel_4th_pre_bid"": ""+1022000"", ""sel_3th_pre_req_pre"": ""0"", ""sel_3th_pre_req"": ""55"", ""sel_3th_pre_bid"": ""+1021000"", ""sel_2th_pre_req_pre"": ""+6"", ""sel_2th_pre_req"": ""232"", ""sel_2th_pre_bid"": ""+1020000"", ""sel_1th_pre_req_pre"": ""+1"", ""sel_fpr_req"": ""109"", ""sel_fpr_bid"": ""+1019000"", ""buy_fpr_bid"": ""+1018000"", ""buy_fpr_req"": ""8"", ""buy_1th_pre_req_pre"": ""0"", ""buy_2th_pre_bid"": ""+1017000"", ""buy_2th_pre_req"": ""4"", ""buy_2th_pre_req_pre"": ""0"", ""buy_3th_pre_bid"": ""+1016000"", ""buy_3th_pre_req"": ""192"", ""buy_3th_pre_req_pre"": ""0"", ""buy_4th_pre_bid"": ""+1015000"", ""buy_4th_pre_req"": ""529"", ""buy_4th_pre_req_pre"": ""0"", ""buy_5th_pre_bid"": ""+1014000"", ""buy_5th_pre_req"": ""109"", ""buy_5th_pre_req_pre"": ""0"", ""buy_6th_pre_bid"": ""+1013000"", ""buy_6th_pre_req"": ""14"", ""buy_6th_pre_req_pre"": ""0"", ""buy_7th_pre_bid"": ""+1012000"", ""buy_7th_pre_req"": ""14"", ""buy_7th_pre_req_pre"": ""0"", ""buy_8th_pre_bid"": ""+1011000"", ""buy_8th_pre_req"": ""17"", ""buy_8th_pre_req_pre"": ""0"", ""buy_9th_pre_bid"": ""+1010000"", ""buy_9th_pre_req"": ""14"", ""buy_9th_pre_req_pre"": ""0"", ""buy_10th_pre_bid"": ""+1009000"", ""buy_10th_pre_req"": ""9"", ""buy_10th_pre_req_pre"": ""0"", ""tot_sel_req_jub_pre"": ""+6"", ""tot_sel_req"": ""1762"", ""tot_buy_req"": ""910"", ""tot_buy_req_jub_pre"": ""0"", ""ovt_sel_req_pre"": ""0"", ""ovt_sel_req"": ""0"", ""ovt_buy_req"": ""0"", ""ovt_buy_req_pre"": ""0"", ""return_code"": 0, ""return_msg"": ""정상적으로 처리되었습니다""}"
2026-06-10,scan_candidate,086790,,0,main_scan,119400,,119400,119300,119400,119000,-0.7537688442211055,0.08375209380234507,,,,,,"{""bid_req_base_tm"": ""102326"", ""sel_10th_pre_req_pre"": ""0"", ""sel_10th_pre_req"": ""766"", ""sel_10th_pre_bid"": ""+120500"", ""sel_9th_pre_req_pre"": ""0"", ""sel_9th_pre_req"": ""1168"", ""sel_9th_pre_bid"": ""+120400"", ""sel_8th_pre_req_pre"": ""0"", ""sel_8th_pre_req"": ""445"", ""sel_8th_pre_bid"": ""+120300"", ""sel_7th_pre_req_pre"": ""0"", ""sel_7th_pre_req"": ""222"", ""sel_7th_pre_bid"": ""+120200"", ""sel_6th_pre_req_pre"": ""0"", ""sel_6th_pre_req"": ""172"", ""sel_6th_pre_bid"": ""+120100"", ""sel_5th_pre_req_pre"": ""0"", ""sel_5th_pre_req"": ""242"", ""sel_5th_pre_bid"": ""+120000"", ""sel_4th_pre_req_pre"": ""0"", ""sel_4th_pre_req"": ""2"", ""sel_4th_pre_bid"": ""+119900"", ""sel_3th_pre_req_pre"": ""0"", ""sel_3th_pre_req"": ""200"", ""sel_3th_pre_bid"": ""+119700"", ""sel_2th_pre_req_pre"": ""0"", ""sel_2th_pre_req"": ""445"", ""sel_2th_pre_bid"": ""+119600"", ""sel_1th_pre_req_pre"": ""--3"", ""sel_fpr_req"": ""190"", ""sel_fpr_bid"": ""+119400"", ""buy_fpr_bid"": ""+119300"", ""buy_fpr_req"": ""475"", ""buy_1th_pre_req_pre"": ""0"", ""buy_2th_pre_bid"": ""+119200"", ""buy_2th_pre_req"": ""160"", ""buy_2th_pre_req_pre"": ""0"", ""buy_3th_pre_bid"": ""+119100"", ""buy_3th_pre_req"": ""51"", ""buy_3th_pre_req_pre"": ""0"", ""buy_4th_pre_bid"": ""119000"", ""buy_4th_pre_req"": ""546"", ""buy_4th_pre_req_pre"": ""0"", ""buy_5th_pre_bid"": ""-118900"", ""buy_5th_pre_req"": ""60"", ""buy_5th_pre_req_pre"": ""0"", ""buy_6th_pre_bid"": ""-118800"", ""buy_6th_pre_req"": ""67"", ""buy_6th_pre_req_pre"": ""0"", ""buy_7th_pre_bid"": ""-118700"", ""buy_7th_pre_req"": ""85"", ""buy_7th_pre_req_pre"": ""0"", ""buy_8th_pre_bid"": ""-118600"", ""buy_8th_pre_req"": ""179"", ""buy_8th_pre_req_pre"": ""0"", ""buy_9th_pre_bid"": ""-118500"", ""buy_9th_pre_req"": ""177"", ""buy_9th_pre_req_pre"": ""0"", ""buy_10th_pre_bid"": ""-118400"", ""buy_10th_pre_req"": ""558"", ""buy_10th_pre_req_pre"": ""0"", ""tot_sel_req_jub_pre"": ""--3"", ""tot_sel_req"": ""3852"", ""tot_buy_req"": ""2358"", ""tot_buy_req_jub_pre"": ""0"", ""ovt_sel_req_pre"": ""0"", ""ovt_sel_req"": ""0"", ""ovt_buy_req"": ""0"", ""ovt_buy_req_pre"": ""0"", ""return_code"": 0, ""return_msg"": ""정상적으로 처리되었습니다""}"
2026-06-10,scan_candidate,298040,,0,main_scan,3548000,,3548000,3542000,3548000,3540000,-0.2536640360766629,0.16910935738444194,,,,,,"{""bid_req_base_tm"": ""102327"", ""sel_10th_pre_req_pre"": ""0"", ""sel_10th_pre_req"": ""7"", ""sel_10th_pre_bid"": ""+3561000"", ""sel_9th_pre_req_pre"": ""0"", ""sel_9th_pre_req"": ""1"", ""sel_9th_pre_bid"": ""+3560000"", ""sel_8th_pre_req_pre"": ""0"", ""sel_8th_pre_req"": ""1"", ""sel_8th_pre_bid"": ""+3559000"", ""sel_7th_pre_req_pre"": ""0"", ""sel_7th_pre_req"": ""1"", ""sel_7th_pre_bid"": ""+3558000"", ""sel_6th_pre_req_pre"": ""0"", ""sel_6th_pre_req"": ""1"", ""sel_6th_pre_bid"": ""+3557000"", ""sel_5th_pre_req_pre"": ""0"", ""sel_5th_pre_req"": ""20"", ""sel_5th_pre_bid"": ""+3555000"", ""sel_4th_pre_req_pre"": ""0"", ""sel_4th_pre_req"": ""3"", ""sel_4th_pre_bid"": ""+3552000"", ""sel_3th_pre_req_pre"": ""0"", ""sel_3th_pre_req"": ""2"", ""sel_3th_pre_bid"": ""+3550000"", ""sel_2th_pre_req_pre"": ""0"", ""sel_2th_pre_req"": ""21"", ""sel_2th_pre_bid"": ""+3549000"", ""sel_1th_pre_req_pre"": ""--1"", ""sel_fpr_req"": ""13"", ""sel_fpr_bid"": ""+3548000"", ""buy_fpr_bid"": ""+3542000"", ""buy_fpr_req"": ""7"", ""buy_1th_pre_req_pre"": ""0"", ""buy_2th_pre_bid"": ""+3540000"", ""buy_2th_pre_req"": ""16"", ""buy_2th_pre_req_pre"": ""0"", ""buy_3th_pre_bid"": ""+3537000"", ""buy_3th_pre_req"": ""3"", ""buy_3th_pre_req_pre"": ""0"", ""buy_4th_pre_bid"": ""+3536000"", ""buy_4th_pre_req"": ""1"", ""buy_4th_pre_req_pre"": ""0"", ""buy_5th_pre_bid"": ""+3535000"", ""buy_5th_pre_req"": ""2"", ""buy_5th_pre_req_pre"": ""0"", ""buy_6th_pre_bid"": ""+3532000"", ""buy_6th_pre_req"": ""3"", ""buy_6th_pre_req_pre"": ""0"", ""buy_7th_pre_bid"": ""+3530000"", ""buy_7th_pre_req"": ""12"", ""buy_7th_pre_req_pre"": ""0"", ""buy_8th_pre_bid"": ""+3529000"", ""buy_8th_pre_req"": ""1"", ""buy_8th_pre_req_pre"": ""0"", ""buy_9th_pre_bid"": ""+3527000"", ""buy_9th_pre_req"": ""2"", ""buy_9th_pre_req_pre"": ""0"", ""buy_10th_pre_bid"": ""+3525000"", ""buy_10th_pre_req"": ""8"", ""buy_10th_pre_req_pre"": ""0"", ""tot_sel_req_jub_pre"": ""--1"", ""tot_sel_req"": ""70"", ""tot_buy_req"": ""55"", ""tot_buy_req_jub_pre"": ""0"", ""ovt_sel_req_pre"": ""0"", ""ovt_sel_req"": ""0"", ""ovt_buy_req"": ""0"", ""ovt_buy_req_pre"": ""0"", ""return_code"": 0, ""return_msg"": ""정상적으로 처리되었습니다""}"
2026-06-10,scan_candidate,000810,,0,main_scan,618000,,618000,617000,618000,617000,-0.3236245954692557,0.16181229773462785,,,,,,"{""bid_req_base_tm"": ""102328"", ""sel_10th_pre_req_pre"": ""0"", ""sel_10th_pre_req"": ""21"", ""sel_10th_pre_bid"": ""-627000"", ""sel_9th_pre_req_pre"": ""0"", ""sel_9th_pre_req"": ""24"", ""sel_9th_pre_bid"": ""-626000"", ""sel_8th_pre_req_pre"": ""0"", ""sel_8th_pre_req"": ""6"", ""sel_8th_pre_bid"": ""-625000"", ""sel_7th_pre_req_pre"": ""0"", ""sel_7th_pre_req"": ""10"", ""sel_7th_pre_bid"": ""-624000"", ""sel_6th_pre_req_pre"": ""0"", ""sel_6th_pre_req"": ""260"", ""sel_6th_pre_bid"": ""-623000"", ""sel_5th_pre_req_pre"": ""0"", ""sel_5th_pre_req"": ""8"", ""sel_5th_pre_bid"": ""-622000"", ""sel_4th_pre_req_pre"": ""0"", ""sel_4th_pre_req"": ""12"", ""sel_4th_pre_bid"": ""-621000"", ""sel_3th_pre_req_pre"": ""0"", ""sel_3th_pre_req"": ""19"", ""sel_3th_pre_bid"": ""-620000"", ""sel_2th_pre_req_pre"": ""0"", ""sel_2th_pre_req"": ""23"", ""sel_2th_pre_bid"": ""-619000"", ""sel_1th_pre_req_pre"": ""0"", ""sel_fpr_req"": ""58"", ""sel_fpr_bid"": ""-618000"", ""buy_fpr_bid"": ""-617000"", ""buy_fpr_req"": ""38"", ""buy_1th_pre_req_pre"": ""+3"", ""buy_2th_pre_bid"": ""-616000"", ""buy_2th_pre_req"": ""41"", ""buy_2th_pre_req_pre"": ""0"", ""buy_3th_pre_bid"": ""-615000"", ""buy_3th_pre_req"": ""28"", ""buy_3th_pre_req_pre"": ""0"", ""buy_4th_pre_bid"": ""-614000"", ""buy_4th_pre_req"": ""145"", ""buy_4th_pre_req_pre"": ""0"", ""buy_5th_pre_bid"": ""-613000"", ""buy_5th_pre_req"": ""22"", ""buy_5th_pre_req_pre"": ""0"", ""buy_6th_pre_bid"": ""-612000"", ""buy_6th_pre_req"": ""14"", ""buy_6th_pre_req_pre"": ""0"", ""buy_7th_pre_bid"": ""-611000"", ""buy_7th_pre_req"": ""26"", ""buy_7th_pre_req_pre"": ""0"", ""buy_8th_pre_bid"": ""-610000"", ""buy_8th_pre_req"": ""70"", ""buy_8th_pre_req_pre"": ""0"", ""buy_9th_pre_bid"": ""-609000"", ""buy_9th_pre_req"": ""18"", ""buy_9th_pre_req_pre"": ""0"", ""buy_10th_pre_bid"": ""-608000"", ""buy_10th_pre_req"": ""40"", ""buy_10th_pre_req_pre"": ""0"", ""tot_sel_req_jub_pre"": ""0"", ""tot_sel_req"": ""441"", ""tot_buy_req"": ""442"", ""tot_buy_req_jub_pre"": ""+3"", ""ovt_sel_req_pre"": ""0"", ""ovt_sel_req"": ""0"", ""ovt_buy_req"": ""0"", ""ovt_buy_req_pre"": ""0"", ""return_code"": 0, ""return_msg"": ""정상적으로 처리되었습니다""}"
2026-06-10,scan_candidate,011070,,0,main_scan,1088000,,1088000,1087000,1088000,1092000,0.2757352941176471,0.09191176470588235,,,,,,"{""bid_req_base_tm"": ""102328"", ""sel_10th_pre_req_pre"": ""0"", ""sel_10th_pre_req"": ""19"", ""sel_10th_pre_bid"": ""-1098000"", ""sel_9th_pre_req_pre"": ""0"", ""sel_9th_pre_req"": ""11"", ""sel_9th_pre_bid"": ""-1097000"", ""sel_8th_pre_req_pre"": ""0"", ""sel_8th_pre_req"": ""15"", ""sel_8th_pre_bid"": ""-1096000"", ""sel_7th_pre_req_pre"": ""0"", ""sel_7th_pre_req"": ""12"", ""sel_7th_pre_bid"": ""-1095000"", ""sel_6th_pre_req_pre"": ""0"", ""sel_6th_pre_req"": ""1"", ""sel_6th_pre_bid"": ""-1093000"", ""sel_5th_pre_req_pre"": ""0"", ""sel_5th_pre_req"": ""6"", ""sel_5th_pre_bid"": ""-1092000"", ""sel_4th_pre_req_pre"": ""0"", ""sel_4th_pre_req"": ""10"", ""sel_4th_pre_bid"": ""-1091000"", ""sel_3th_pre_req_pre"": ""0"", ""sel_3th_pre_req"": ""62"", ""sel_3th_pre_bid"": ""-1090000"", ""sel_2th_pre_req_pre"": ""0"", ""sel_2th_pre_req"": ""73"", ""sel_2th_pre_bid"": ""-1089000"", ""sel_1th_pre_req_pre"": ""0"", ""sel_fpr_req"": ""25"", ""sel_fpr_bid"": ""-1088000"", ""buy_fpr_bid"": ""-1087000"", ""buy_fpr_req"": ""43"", ""buy_1th_pre_req_pre"": ""+1"", ""buy_2th_pre_bid"": ""-1086000"", ""buy_2th_pre_req"": ""208"", ""buy_2th_pre_req_pre"": ""0"", ""buy_3th_pre_bid"": ""-1085000"", ""buy_3th_pre_req"": ""168"", ""buy_3th_pre_req_pre"": ""0"", ""buy_4th_pre_bid"": ""-1084000"", ""buy_4th_pre_req"": ""28"", ""buy_4th_pre_req_pre"": ""0"", ""buy_5th_pre_bid"": ""-1083000"", ""buy_5th_pre_req"": ""25"", ""buy_5th_pre_req_pre"": ""0"", ""buy_6th_pre_bid"": ""-1082000"", ""buy_6th_pre_req"": ""59"", ""buy_6th_pre_req_pre"": ""0"", ""buy_7th_pre_bid"": ""-1081000"", ""buy_7th_pre_req"": ""17"", ""buy_7th_pre_req_pre"": ""0"", ""buy_8th_pre_bid"": ""-1080000"", ""buy_8th_pre_req"": ""47"", ""buy_8th_pre_req_pre"": ""0"", ""buy_9th_pre_bid"": ""-1079000"", ""buy_9th_pre_req"": ""25"", ""buy_9th_pre_req_pre"": ""0"", ""buy_10th_pre_bid"": ""-1078000"", ""buy_10th_pre_req"": ""23"", ""buy_10th_pre_req_pre"": ""0"", ""tot_sel_req_jub_pre"": ""0"", ""tot_sel_req"": ""234"", ""tot_buy_req"": ""643"", ""tot_buy_req_jub_pre"": ""+1"", ""ovt_sel_req_pre"": ""0"", ""ovt_sel_req"": ""0"", ""ovt_buy_req"": ""0"", ""ovt_buy_req_pre"": ""0"", ""return_code"": 0, ""return_msg"": ""정상적으로 처리되었습니다""}"
2026-06-10,scan_candidate,042700,,0,main_scan,287500,,287500,287000,287500,286000,-0.6956521739130435,0.17391304347826086,,,,,,"{""bid_req_base_tm"": ""102328"", ""sel_10th_pre_req_pre"": ""0"", ""sel_10th_pre_req"": ""360"", ""sel_10th_pre_bid"": ""+292000"", ""sel_9th_pre_req_pre"": ""0"", ""sel_9th_pre_req"": ""86"", ""sel_9th_pre_bid"": ""+291500"", ""sel_8th_pre_req_pre"": ""0"", ""sel_8th_pre_req"": ""645"", ""sel_8th_pre_bid"": ""+291000"", ""sel_7th_pre_req_pre"": ""0"", ""sel_7th_pre_req"": ""382"", ""sel_7th_pre_bid"": ""+290500"", ""sel_6th_pre_req_pre"": ""0"", ""sel_6th_pre_req"": ""251"", ""sel_6th_pre_bid"": ""+290000"", ""sel_5th_pre_req_pre"": ""0"", ""sel_5th_pre_req"": ""141"", ""sel_5th_pre_bid"": ""+289500"", ""sel_4th_pre_req_pre"": ""0"", ""sel_4th_pre_req"": ""92"", ""sel_4th_pre_bid"": ""+289000"", ""sel_3th_pre_req_pre"": ""0"", ""sel_3th_pre_req"": ""4"", ""sel_3th_pre_bid"": ""+288500"", ""sel_2th_pre_req_pre"": ""0"", ""sel_2th_pre_req"": ""647"", ""sel_2th_pre_bid"": ""+288000"", ""sel_1th_pre_req_pre"": ""0"", ""sel_fpr_req"": ""591"", ""sel_fpr_bid"": ""+287500"", ""buy_fpr_bid"": ""+287000"", ""buy_fpr_req"": ""7"", ""buy_1th_pre_req_pre"": ""+2"", ""buy_2th_pre_bid"": ""+286500"", ""buy_2th_pre_req"": ""201"", ""buy_2th_pre_req_pre"": ""0"", ""buy_3th_pre_bid"": ""+286000"", ""buy_3th_pre_req"": ""67"", ""buy_3th_pre_req_pre"": ""0"", ""buy_4th_pre_bid"": ""+285500"", ""buy_4th_pre_req"": ""151"", ""buy_4th_pre_req_pre"": ""0"", ""buy_5th_pre_bid"": ""+285000"", ""buy_5th_pre_req"": ""283"", ""buy_5th_pre_req_pre"": ""0"", ""buy_6th_pre_bid"": ""+284500"", ""buy_6th_pre_req"": ""141"", ""buy_6th_pre_req_pre"": ""0"", ""buy_7th_pre_bid"": ""+284000"", ""buy_7th_pre_req"": ""150"", ""buy_7th_pre_req_pre"": ""0"", ""buy_8th_pre_bid"": ""+283500"", ""buy_8th_pre_req"": ""118"", ""buy_8th_pre_req_pre"": ""0"", ""buy_9th_pre_bid"": ""+283000"", ""buy_9th_pre_req"": ""83"", ""buy_9th_pre_req_pre"": ""0"", ""buy_10th_pre_bid"": ""+282500"", ""buy_10th_pre_req"": ""183"", ""buy_10th_pre_req_pre"": ""0"", ""tot_sel_req_jub_pre"": ""0"", ""tot_sel_req"": ""3199"", ""tot_buy_req"": ""1384"", ""tot_buy_req_jub_pre"": ""+2"", ""ovt_sel_req_pre"": ""0"", ""ovt_sel_req"": ""0"", ""ovt_buy_req"": ""0"", ""ovt_buy_req_pre"": ""0"", ""return_code"": 0, ""return_msg"": ""정상적으로 처리되었습니다""}"
2026-06-10,scan_candidate,017670,,0,main_scan,108100,,108100,108000,108100,108000,-0.5550416281221091,0.09250693802035154,,,,,,"{""bid_req_base_tm"": ""102328"", ""sel_10th_pre_req_pre"": ""0"", ""sel_10th_pre_req"": ""7053"", ""sel_10th_pre_bid"": ""+109000"", ""sel_9th_pre_req_pre"": ""0"", ""sel_9th_pre_req"": ""1029"", ""sel_9th_pre_bid"": ""+108900"", ""sel_8th_pre_req_pre"": ""0"", ""sel_8th_pre_req"": ""583"", ""sel_8th_pre_bid"": ""+108800"", ""sel_7th_pre_req_pre"": ""0"", ""sel_7th_pre_req"": ""200"", ""sel_7th_pre_bid"": ""+108700"", ""sel_6th_pre_req_pre"": ""0"", ""sel_6th_pre_req"": ""362"", ""sel_6th_pre_bid"": ""+108600"", ""sel_5th_pre_req_pre"": ""0"", ""sel_5th_pre_req"": ""924"", ""sel_5th_pre_bid"": ""+108500"", ""sel_4th_pre_req_pre"": ""0"", ""sel_4th_pre_req"": ""437"", ""sel_4th_pre_bid"": ""+108400"", ""sel_3th_pre_req_pre"": ""0"", ""sel_3th_pre_req"": ""681"", ""sel_3th_pre_bid"": ""+108300"", ""sel_2th_pre_req_pre"": ""0"", ""sel_2th_pre_req"": ""229"", ""sel_2th_pre_bid"": ""+108200"", ""sel_1th_pre_req_pre"": ""0"", ""sel_fpr_req"": ""1286"", ""sel_fpr_bid"": ""108100"", ""buy_fpr_bid"": ""-108000"", ""buy_fpr_req"": ""5907"", ""buy_1th_pre_req_pre"": ""--20"", ""buy_2th_pre_bid"": ""-107900"", ""buy_2th_pre_req"": ""377"", ""buy_2th_pre_req_pre"": ""0"", ""buy_3th_pre_bid"": ""-107800"", ""buy_3th_pre_req"": ""112"", ""buy_3th_pre_req_pre"": ""0"", ""buy_4th_pre_bid"": ""-107700"", ""buy_4th_pre_req"": ""317"", ""buy_4th_pre_req_pre"": ""0"", ""buy_5th_pre_bid"": ""-107600"", ""buy_5th_pre_req"": ""576"", ""buy_5th_pre_req_pre"": ""0"", ""buy_6th_pre_bid"": ""-107500"", ""buy_6th_pre_req"": ""495"", ""buy_6th_pre_req_pre"": ""0"", ""buy_7th_pre_bid"": ""-107400"", ""buy_7th_pre_req"": ""140"", ""buy_7th_pre_req_pre"": ""0"", ""buy_8th_pre_bid"": ""-107300"", ""buy_8th_pre_req"": ""194"", ""buy_8th_pre_req_pre"": ""0"", ""buy_9th_pre_bid"": ""-107200"", ""buy_9th_pre_req"": ""165"", ""buy_9th_pre_req_pre"": ""0"", ""buy_10th_pre_bid"": ""-107100"", ""buy_10th_pre_req"": ""324"", ""buy_10th_pre_req_pre"": ""0"", ""tot_sel_req_jub_pre"": ""0"", ""tot_sel_req"": ""12784"", ""tot_buy_req"": ""8607"", ""tot_buy_req_jub_pre"": ""--20"", ""ovt_sel_req_pre"": ""0"", ""ovt_sel_req"": ""0"", ""ovt_buy_req"": ""0"", ""ovt_buy_req_pre"": ""0"", ""return_code"": 0, ""return_msg"": ""정상적으로 처리되었습니다""}"
2026-06-10,scan_candidate,316140,,0,main_scan,30050,,30050,30000,30050,29950,-0.49916805324459235,0.16638935108153077,,,,,,"{""bid_req_base_tm"": ""102327"", ""sel_10th_pre_req_pre"": ""0"", ""sel_10th_pre_req"": ""5132"", ""sel_10th_pre_bid"": ""+30500"", ""sel_9th_pre_req_pre"": ""0"", ""sel_9th_pre_req"": ""1140"", ""sel_9th_pre_bid"": ""+30450"", ""sel_8th_pre_req_pre"": ""0"", ""sel_8th_pre_req"": ""2736"", ""sel_8th_pre_bid"": ""+30400"", ""sel_7th_pre_req_pre"": ""0"", ""sel_7th_pre_req"": ""2249"", ""sel_7th_pre_bid"": ""+30350"", ""sel_6th_pre_req_pre"": ""0"", ""sel_6th_pre_req"": ""1680"", ""sel_6th_pre_bid"": ""+30300"", ""sel_5th_pre_req_pre"": ""0"", ""sel_5th_pre_req"": ""1730"", ""sel_5th_pre_bid"": ""+30250"", ""sel_4th_pre_req_pre"": ""0"", ""sel_4th_pre_req"": ""5496"", ""sel_4th_pre_bid"": ""+30200"", ""sel_3th_pre_req_pre"": ""0"", ""sel_3th_pre_req"": ""540"", ""sel_3th_pre_bid"": ""+30150"", ""sel_2th_pre_req_pre"": ""0"", ""sel_2th_pre_req"": ""593"", ""sel_2th_pre_bid"": ""+30100"", ""sel_1th_pre_req_pre"": ""0"", ""sel_fpr_req"": ""3934"", ""sel_fpr_bid"": ""+30050"", ""buy_fpr_bid"": ""30000"", ""buy_fpr_req"": ""3185"", ""buy_1th_pre_req_pre"": ""+265"", ""buy_2th_pre_bid"": ""-29950"", ""buy_2th_pre_req"": ""924"", ""buy_2th_pre_req_pre"": ""0"", ""buy_3th_pre_bid"": ""-29900"", ""buy_3th_pre_req"": ""1243"", ""buy_3th_pre_req_pre"": ""0"", ""buy_4th_pre_bid"": ""-29850"", ""buy_4th_pre_req"": ""667"", ""buy_4th_pre_req_pre"": ""0"", ""buy_5th_pre_bid"": ""-29800"", ""buy_5th_pre_req"": ""3552"", ""buy_5th_pre_req_pre"": ""0"", ""buy_6th_pre_bid"": ""-29750"", ""buy_6th_pre_req"": ""1081"", ""buy_6th_pre_req_pre"": ""0"", ""buy_7th_pre_bid"": ""-29700"", ""buy_7th_pre_req"": ""2403"", ""buy_7th_pre_req_pre"": ""0"", ""buy_8th_pre_bid"": ""-29650"", ""buy_8th_pre_req"": ""416"", ""buy_8th_pre_req_pre"": ""0"", ""buy_9th_pre_bid"": ""-29600"", ""buy_9th_pre_req"": ""928"", ""buy_9th_pre_req_pre"": ""0"", ""buy_10th_pre_bid"": ""-29550"", ""buy_10th_pre_req"": ""516"", ""buy_10th_pre_req_pre"": ""0"", ""tot_sel_req_jub_pre"": ""0"", ""tot_sel_req"": ""25230"", ""tot_buy_req"": ""14915"", ""tot_buy_req_jub_pre"": ""+265"", ""ovt_sel_req_pre"": ""0"", ""ovt_sel_req"": ""0"", ""ovt_buy_req"": ""0"", ""ovt_buy_req_pre"": ""0"", ""return_code"": 0, ""return_msg"": ""정상적으로 처리되었습니다""}"
2026-06-10,scan_candidate,018260,,0,main_scan,233500,,233500,233000,233500,235000,0.4282655246252677,0.21413276231263384,,,,,,"{""bid_req_base_tm"": ""102328"", ""sel_10th_pre_req_pre"": ""0"", ""sel_10th_pre_req"": ""168"", ""sel_10th_pre_bid"": ""-238000"", ""sel_9th_pre_req_pre"": ""0"", ""sel_9th_pre_req"": ""123"", ""sel_9th_pre_bid"": ""-237500"", ""sel_8th_pre_req_pre"": ""0"", ""sel_8th_pre_req"": ""260"", ""sel_8th_pre_bid"": ""-237000"", ""sel_7th_pre_req_pre"": ""0"", ""sel_7th_pre_req"": ""213"", ""sel_7th_pre_bid"": ""-236500"", ""sel_6th_pre_req_pre"": ""0"", ""sel_6th_pre_req"": ""193"", ""sel_6th_pre_bid"": ""-236000"", ""sel_5th_pre_req_pre"": ""0"", ""sel_5th_pre_req"": ""373"", ""sel_5th_pre_bid"": ""-235500"", ""sel_4th_pre_req_pre"": ""0"", ""sel_4th_pre_req"": ""93"", ""sel_4th_pre_bid"": ""-235000"", ""sel_3th_pre_req_pre"": ""0"", ""sel_3th_pre_req"": ""23"", ""sel_3th_pre_bid"": ""-234500"", ""sel_2th_pre_req_pre"": ""0"", ""sel_2th_pre_req"": ""192"", ""sel_2th_pre_bid"": ""-234000"", ""sel_1th_pre_req_pre"": ""0"", ""sel_fpr_req"": ""233"", ""sel_fpr_bid"": ""-233500"", ""buy_fpr_bid"": ""-233000"", ""buy_fpr_req"": ""847"", ""buy_1th_pre_req_pre"": ""0"", ""buy_2th_pre_bid"": ""-232500"", ""buy_2th_pre_req"": ""1339"", ""buy_2th_pre_req_pre"": ""0"", ""buy_3th_pre_bid"": ""-232000"", ""buy_3th_pre_req"": ""836"", ""buy_3th_pre_req_pre"": ""0"", ""buy_4th_pre_bid"": ""-231500"", ""buy_4th_pre_req"": ""1412"", ""buy_4th_pre_req_pre"": ""+364"", ""buy_5th_pre_bid"": ""-231000"", ""buy_5th_pre_req"": ""2356"", ""buy_5th_pre_req_pre"": ""0"", ""buy_6th_pre_bid"": ""-230500"", ""buy_6th_pre_req"": ""1749"", ""buy_6th_pre_req_pre"": ""0"", ""buy_7th_pre_bid"": ""-230000"", ""buy_7th_pre_req"": ""3642"", ""buy_7th_pre_req_pre"": ""0"", ""buy_8th_pre_bid"": ""-229500"", ""buy_8th_pre_req"": ""622"", ""buy_8th_pre_req_pre"": ""0"", ""buy_9th_pre_bid"": ""-229000"", ""buy_9th_pre_req"": ""1519"", ""buy_9th_pre_req_pre"": ""0"", ""buy_10th_pre_bid"": ""-228500"", ""buy_10th_pre_req"": ""468"", ""buy_10th_pre_req_pre"": ""0"", ""tot_sel_req_jub_pre"": ""0"", ""tot_sel_req"": ""1871"", ""tot_buy_req"": ""14790"", ""tot_buy_req_jub_pre"": ""+364"", ""ovt_sel_req_pre"": ""0"", ""ovt_sel_req"": ""0"", ""ovt_buy_req"": ""0"", ""ovt_buy_req_pre"": ""0"", ""return_code"": 0, ""return_msg"": ""정상적으로 처리되었습니다""}"
2026-06-10,scan_candidate,033780,,0,main_scan,185100,,185100,185000,185100,185000,-0.3241491085899514,0.05402485143165856,,,,,,"{""bid_req_base_tm"": ""102328"", ""sel_10th_pre_req_pre"": ""0"", ""sel_10th_pre_req"": ""229"", ""sel_10th_pre_bid"": ""+186100"", ""sel_9th_pre_req_pre"": ""0"", ""sel_9th_pre_req"": ""559"", ""sel_9th_pre_bid"": ""+186000"", ""sel_8th_pre_req_pre"": ""0"", ""sel_8th_pre_req"": ""230"", ""sel_8th_pre_bid"": ""+185900"", ""sel_7th_pre_req_pre"": ""0"", ""sel_7th_pre_req"": ""580"", ""sel_7th_pre_bid"": ""+185800"", ""sel_6th_pre_req_pre"": ""0"", ""sel_6th_pre_req"": ""59"", ""sel_6th_pre_bid"": ""+185700"", ""sel_5th_pre_req_pre"": ""0"", ""sel_5th_pre_req"": ""9"", ""sel_5th_pre_bid"": ""+185600"", ""sel_4th_pre_req_pre"": ""0"", ""sel_4th_pre_req"": ""82"", ""sel_4th_pre_bid"": ""+185500"", ""sel_3th_pre_req_pre"": ""+1"", ""sel_3th_pre_req"": ""73"", ""sel_3th_pre_bid"": ""+185400"", ""sel_2th_pre_req_pre"": ""0"", ""sel_2th_pre_req"": ""41"", ""sel_2th_pre_bid"": ""+185200"", ""sel_1th_pre_req_pre"": ""0"", ""sel_fpr_req"": ""290"", ""sel_fpr_bid"": ""+185100"", ""buy_fpr_bid"": ""+185000"", ""buy_fpr_req"": ""340"", ""buy_1th_pre_req_pre"": ""0"", ""buy_2th_pre_bid"": ""+184900"", ""buy_2th_pre_req"": ""10"", ""buy_2th_pre_req_pre"": ""0"", ""buy_3th_pre_bid"": ""+184800"", ""buy_3th_pre_req"": ""65"", ""buy_3th_pre_req_pre"": ""0"", ""buy_4th_pre_bid"": ""+184700"", ""buy_4th_pre_req"": ""82"", ""buy_4th_pre_req_pre"": ""0"", ""buy_5th_pre_bid"": ""+184600"", ""buy_5th_pre_req"": ""22"", ""buy_5th_pre_req_pre"": ""0"", ""buy_6th_pre_bid"": ""+184500"", ""buy_6th_pre_req"": ""83"", ""buy_6th_pre_req_pre"": ""0"", ""buy_7th_pre_bid"": ""+184400"", ""buy_7th_pre_req"": ""79"", ""buy_7th_pre_req_pre"": ""0"", ""buy_8th_pre_bid"": ""184300"", ""buy_8th_pre_req"": ""517"", ""buy_8th_pre_req_pre"": ""0"", ""buy_9th_pre_bid"": ""-184200"", ""buy_9th_pre_req"": ""200"", ""buy_9th_pre_req_pre"": ""0"", ""buy_10th_pre_bid"": ""-184100"", ""buy_10th_pre_req"": ""229"", ""buy_10th_pre_req_pre"": ""0"", ""tot_sel_req_jub_pre"": ""+1"", ""tot_sel_req"": ""2152"", ""tot_buy_req"": ""1627"", ""tot_buy_req_jub_pre"": ""0"", ""ovt_sel_req_pre"": ""0"", ""ovt_sel_req"": ""0"", ""ovt_buy_req"": ""0"", ""ovt_buy_req_pre"": ""0"", ""return_code"": 0, ""return_msg"": ""정상적으로 처리되었습니다""}"
2026-06-10,scan_candidate,307950,,0,main_scan,715000,,715000,713000,715000,713000,-0.4195804195804196,0.27972027972027974,,,,,,"{""bid_req_base_tm"": ""102329"", ""sel_10th_pre_req_pre"": ""0"", ""sel_10th_pre_req"": ""143"", ""sel_10th_pre_bid"": ""+724000"", ""sel_9th_pre_req_pre"": ""0"", ""sel_9th_pre_req"": ""48"", ""sel_9th_pre_bid"": ""+723000"", ""sel_8th_pre_req_pre"": ""0"", ""sel_8th_pre_req"": ""55"", ""sel_8th_pre_bid"": ""+722000"", ""sel_7th_pre_req_pre"": ""0"", ""sel_7th_pre_req"": ""161"", ""sel_7th_pre_bid"": ""+721000"", ""sel_6th_pre_req_pre"": ""0"", ""sel_6th_pre_req"": ""210"", ""sel_6th_pre_bid"": ""+720000"", ""sel_5th_pre_req_pre"": ""0"", ""sel_5th_pre_req"": ""52"", ""sel_5th_pre_bid"": ""+719000"", ""sel_4th_pre_req_pre"": ""0"", ""sel_4th_pre_req"": ""26"", ""sel_4th_pre_bid"": ""+718000"", ""sel_3th_pre_req_pre"": ""0"", ""sel_3th_pre_req"": ""125"", ""sel_3th_pre_bid"": ""+717000"", ""sel_2th_pre_req_pre"": ""0"", ""sel_2th_pre_req"": ""32"", ""sel_2th_pre_bid"": ""+716000"", ""sel_1th_pre_req_pre"": ""+7"", ""sel_fpr_req"": ""36"", ""sel_fpr_bid"": ""+715000"", ""buy_fpr_bid"": ""+713000"", ""buy_fpr_req"": ""9"", ""buy_1th_pre_req_pre"": ""0"", ""buy_2th_pre_bid"": ""+712000"", ""buy_2th_pre_req"": ""95"", ""buy_2th_pre_req_pre"": ""0"", ""buy_3th_pre_bid"": ""+711000"", ""buy_3th_pre_req"": ""153"", ""buy_3th_pre_req_pre"": ""0"", ""buy_4th_pre_bid"": ""+710000"", ""buy_4th_pre_req"": ""143"", ""buy_4th_pre_req_pre"": ""0"", ""buy_5th_pre_bid"": ""+709000"", ""buy_5th_pre_req"": ""40"", ""buy_5th_pre_req_pre"": ""0"", ""buy_6th_pre_bid"": ""+708000"", ""buy_6th_pre_req"": ""46"", ""buy_6th_pre_req_pre"": ""0"", ""buy_7th_pre_bid"": ""+707000"", ""buy_7th_pre_req"": ""51"", ""buy_7th_pre_req_pre"": ""0"", ""buy_8th_pre_bid"": ""+706000"", ""buy_8th_pre_req"": ""36"", ""buy_8th_pre_req_pre"": ""0"", ""buy_9th_pre_bid"": ""+705000"", ""buy_9th_pre_req"": ""51"", ""buy_9th_pre_req_pre"": ""0"", ""buy_10th_pre_bid"": ""+704000"", ""buy_10th_pre_req"": ""61"", ""buy_10th_pre_req_pre"": ""0"", ""tot_sel_req_jub_pre"": ""+7"", ""tot_sel_req"": ""888"", ""tot_buy_req"": ""685"", ""tot_buy_req_jub_pre"": ""0"", ""ovt_sel_req_pre"": ""0"", ""ovt_sel_req"": ""0"", ""ovt_buy_req"": ""0"", ""ovt_buy_req_pre"": ""0"", ""return_code"": 0, ""return_msg"": ""정상적으로 처리되었습니다""}"
2026-06-10,scan_candidate,138040,,0,main_scan,109700,,109700,109600,109700,109000,-1.0938924339106655,0.09115770282588878,,,,,,"{""bid_req_base_tm"": ""102329"", ""sel_10th_pre_req_pre"": ""0"", ""sel_10th_pre_req"": ""659"", ""sel_10th_pre_bid"": ""+110600"", ""sel_9th_pre_req_pre"": ""0"", ""sel_9th_pre_req"": ""516"", ""sel_9th_pre_bid"": ""+110500"", ""sel_8th_pre_req_pre"": ""0"", ""sel_8th_pre_req"": ""120"", ""sel_8th_pre_bid"": ""+110400"", ""sel_7th_pre_req_pre"": ""0"", ""sel_7th_pre_req"": ""1000"", ""sel_7th_pre_bid"": ""+110300"", ""sel_6th_pre_req_pre"": ""0"", ""sel_6th_pre_req"": ""504"", ""sel_6th_pre_bid"": ""+110200"", ""sel_5th_pre_req_pre"": ""0"", ""sel_5th_pre_req"": ""5142"", ""sel_5th_pre_bid"": ""+110100"", ""sel_4th_pre_req_pre"": ""0"", ""sel_4th_pre_req"": ""720"", ""sel_4th_pre_bid"": ""+110000"", ""sel_3th_pre_req_pre"": ""0"", ""sel_3th_pre_req"": ""91"", ""sel_3th_pre_bid"": ""+109900"", ""sel_2th_pre_req_pre"": ""0"", ""sel_2th_pre_req"": ""9"", ""sel_2th_pre_bid"": ""+109800"", ""sel_1th_pre_req_pre"": ""0"", ""sel_fpr_req"": ""487"", ""sel_fpr_bid"": ""+109700"", ""buy_fpr_bid"": ""+109600"", ""buy_fpr_req"": ""176"", ""buy_1th_pre_req_pre"": ""0"", ""buy_2th_pre_bid"": ""+109500"", ""buy_2th_pre_req"": ""237"", ""buy_2th_pre_req_pre"": ""0"", ""buy_3th_pre_bid"": ""+109400"", ""buy_3th_pre_req"": ""3"", ""buy_3th_pre_req_pre"": ""0"", ""buy_4th_pre_bid"": ""109100"", ""buy_4th_pre_req"": ""118"", ""buy_4th_pre_req_pre"": ""0"", ""buy_5th_pre_bid"": ""-109000"", ""buy_5th_pre_req"": ""178"", ""buy_5th_pre_req_pre"": ""0"", ""buy_6th_pre_bid"": ""-108900"", ""buy_6th_pre_req"": ""41"", ""buy_6th_pre_req_pre"": ""0"", ""buy_7th_pre_bid"": ""-108800"", ""buy_7th_pre_req"": ""5"", ""buy_7th_pre_req_pre"": ""0"", ""buy_8th_pre_bid"": ""-108700"", ""buy_8th_pre_req"": ""4"", ""buy_8th_pre_req_pre"": ""0"", ""buy_9th_pre_bid"": ""-108600"", ""buy_9th_pre_req"": ""5"", ""buy_9th_pre_req_pre"": ""0"", ""buy_10th_pre_bid"": ""-108500"", ""buy_10th_pre_req"": ""3"", ""buy_10th_pre_req_pre"": ""0"", ""tot_sel_req_jub_pre"": ""0"", ""tot_sel_req"": ""9248"", ""tot_buy_req"": ""770"", ""tot_buy_req_jub_pre"": ""0"", ""ovt_sel_req_pre"": ""0"", ""ovt_sel_req"": ""0"", ""ovt_buy_req"": ""0"", ""ovt_buy_req_pre"": ""0"", ""return_code"": 0, ""return_msg"": ""정상적으로 처리되었습니다""}"
2026-06-10,scan_candidate,003550,,0,main_scan,109100,,109100,109000,109100,108500,-1.008249312557287,0.09165902841429881,,,,,,"{""bid_req_base_tm"": ""102329"", ""sel_10th_pre_req_pre"": ""0"", ""sel_10th_pre_req"": ""281"", ""sel_10th_pre_bid"": ""-110000"", ""sel_9th_pre_req_pre"": ""0"", ""sel_9th_pre_req"": ""6"", ""sel_9th_pre_bid"": ""-109900"", ""sel_8th_pre_req_pre"": ""0"", ""sel_8th_pre_req"": ""12"", ""sel_8th_pre_bid"": ""-109800"", ""sel_7th_pre_req_pre"": ""0"", ""sel_7th_pre_req"": ""2"", ""sel_7th_pre_bid"": ""-109700"", ""sel_6th_pre_req_pre"": ""0"", ""sel_6th_pre_req"": ""2576"", ""sel_6th_pre_bid"": ""-109600"", ""sel_5th_pre_req_pre"": ""0"", ""sel_5th_pre_req"": ""148"", ""sel_5th_pre_bid"": ""-109500"", ""sel_4th_pre_req_pre"": ""0"", ""sel_4th_pre_req"": ""7"", ""sel_4th_pre_bid"": ""-109400"", ""sel_3th_pre_req_pre"": ""0"", ""sel_3th_pre_req"": ""62"", ""sel_3th_pre_bid"": ""-109300"", ""sel_2th_pre_req_pre"": ""0"", ""sel_2th_pre_req"": ""148"", ""sel_2th_pre_bid"": ""-109200"", ""sel_1th_pre_req_pre"": ""0"", ""sel_fpr_req"": ""151"", ""sel_fpr_bid"": ""-109100"", ""buy_fpr_bid"": ""-109000"", ""buy_fpr_req"": ""156"", ""buy_1th_pre_req_pre"": ""0"", ""buy_2th_pre_bid"": ""-108900"", ""buy_2th_pre_req"": ""80"", ""buy_2th_pre_req_pre"": ""0"", ""buy_3th_pre_bid"": ""-108800"", ""buy_3th_pre_req"": ""121"", ""buy_3th_pre_req_pre"": ""0"", ""buy_4th_pre_bid"": ""-108700"", ""buy_4th_pre_req"": ""4"", ""buy_4th_pre_req_pre"": ""0"", ""buy_5th_pre_bid"": ""-108600"", ""buy_5th_pre_req"": ""41"", ""buy_5th_pre_req_pre"": ""0"", ""buy_6th_pre_bid"": ""-108500"", ""buy_6th_pre_req"": ""29"", ""buy_6th_pre_req_pre"": ""0"", ""buy_7th_pre_bid"": ""-108400"", ""buy_7th_pre_req"": ""14"", ""buy_7th_pre_req_pre"": ""0"", ""buy_8th_pre_bid"": ""-108300"", ""buy_8th_pre_req"": ""130"", ""buy_8th_pre_req_pre"": ""0"", ""buy_9th_pre_bid"": ""-108200"", ""buy_9th_pre_req"": ""441"", ""buy_9th_pre_req_pre"": ""0"", ""buy_10th_pre_bid"": ""-108100"", ""buy_10th_pre_req"": ""434"", ""buy_10th_pre_req_pre"": ""0"", ""tot_sel_req_jub_pre"": ""0"", ""tot_sel_req"": ""3393"", ""tot_buy_req"": ""1450"", ""tot_buy_req_jub_pre"": ""0"", ""ovt_sel_req_pre"": ""0"", ""ovt_sel_req"": ""0"", ""ovt_buy_req"": ""0"", ""ovt_buy_req_pre"": ""0"", ""return_code"": 0, ""return_msg"": ""정상적으로 처리되었습니다""}"
2026-06-10,scan_candidate,024110,,0,main_scan,21050,,21050,21000,21050,20850,-1.187648456057007,0.23752969121140144,,,,,,"{""bid_req_base_tm"": ""102329"", ""sel_10th_pre_req_pre"": ""0"", ""sel_10th_pre_req"": ""12518"", ""sel_10th_pre_bid"": ""+21500"", ""sel_9th_pre_req_pre"": ""0"", ""sel_9th_pre_req"": ""3705"", ""sel_9th_pre_bid"": ""+21450"", ""sel_8th_pre_req_pre"": ""0"", ""sel_8th_pre_req"": ""10185"", ""sel_8th_pre_bid"": ""+21400"", ""sel_7th_pre_req_pre"": ""0"", ""sel_7th_pre_req"": ""5061"", ""sel_7th_pre_bid"": ""+21350"", ""sel_6th_pre_req_pre"": ""0"", ""sel_6th_pre_req"": ""13274"", ""sel_6th_pre_bid"": ""+21300"", ""sel_5th_pre_req_pre"": ""0"", ""sel_5th_pre_req"": ""6700"", ""sel_5th_pre_bid"": ""+21250"", ""sel_4th_pre_req_pre"": ""0"", ""sel_4th_pre_req"": ""13386"", ""sel_4th_pre_bid"": ""+21200"", ""sel_3th_pre_req_pre"": ""0"", ""sel_3th_pre_req"": ""17907"", ""sel_3th_pre_bid"": ""+21150"", ""sel_2th_pre_req_pre"": ""0"", ""sel_2th_pre_req"": ""2962"", ""sel_2th_pre_bid"": ""+21100"", ""sel_1th_pre_req_pre"": ""0"", ""sel_fpr_req"": ""420"", ""sel_fpr_bid"": ""+21050"", ""buy_fpr_bid"": ""+21000"", ""buy_fpr_req"": ""12254"", ""buy_1th_pre_req_pre"": ""0"", ""buy_2th_pre_bid"": ""+20950"", ""buy_2th_pre_req"": ""1610"", ""buy_2th_pre_req_pre"": ""0"", ""buy_3th_pre_bid"": ""+20900"", ""buy_3th_pre_req"": ""1534"", ""buy_3th_pre_req_pre"": ""0"", ""buy_4th_pre_bid"": ""+20850"", ""buy_4th_pre_req"": ""516"", ""buy_4th_pre_req_pre"": ""0"", ""buy_5th_pre_bid"": ""+20800"", ""buy_5th_pre_req"": ""1491"", ""buy_5th_pre_req_pre"": ""0"", ""buy_6th_pre_bid"": ""+20750"", ""buy_6th_pre_req"": ""1266"", ""buy_6th_pre_req_pre"": ""0"", ""buy_7th_pre_bid"": ""+20700"", ""buy_7th_pre_req"": ""2104"", ""buy_7th_pre_req_pre"": ""0"", ""buy_8th_pre_bid"": ""+20650"", ""buy_8th_pre_req"": ""780"", ""buy_8th_pre_req_pre"": ""0"", ""buy_9th_pre_bid"": ""+20600"", ""buy_9th_pre_req"": ""3049"", ""buy_9th_pre_req_pre"": ""0"", ""buy_10th_pre_bid"": ""20550"", ""buy_10th_pre_req"": ""1726"", ""buy_10th_pre_req_pre"": ""0"", ""tot_sel_req_jub_pre"": ""0"", ""tot_sel_req"": ""86118"", ""tot_buy_req"": ""26330"", ""tot_buy_req_jub_pre"": ""0"", ""ovt_sel_req_pre"": ""0"", ""ovt_sel_req"": ""0"", ""ovt_buy_req"": ""0"", ""ovt_buy_req_pre"": ""0"", ""return_code"": 0, ""return_msg"": ""정상적으로 처리되었습니다""}"
2026-06-10,scan_candidate,079550,,0,main_scan,776000,,776000,775000,776000,777000,0.0,0.12886597938144329,,,,,,"{""bid_req_base_tm"": ""102328"", ""sel_10th_pre_req_pre"": ""0"", ""sel_10th_pre_req"": ""64"", ""sel_10th_pre_bid"": ""+785000"", ""sel_9th_pre_req_pre"": ""0"", ""sel_9th_pre_req"": ""65"", ""sel_9th_pre_bid"": ""+784000"", ""sel_8th_pre_req_pre"": ""0"", ""sel_8th_pre_req"": ""2"", ""sel_8th_pre_bid"": ""+783000"", ""sel_7th_pre_req_pre"": ""0"", ""sel_7th_pre_req"": ""34"", ""sel_7th_pre_bid"": ""+782000"", ""sel_6th_pre_req_pre"": ""0"", ""sel_6th_pre_req"": ""36"", ""sel_6th_pre_bid"": ""+781000"", ""sel_5th_pre_req_pre"": ""0"", ""sel_5th_pre_req"": ""310"", ""sel_5th_pre_bid"": ""+780000"", ""sel_4th_pre_req_pre"": ""0"", ""sel_4th_pre_req"": ""203"", ""sel_4th_pre_bid"": ""+779000"", ""sel_3th_pre_req_pre"": ""0"", ""sel_3th_pre_req"": ""12"", ""sel_3th_pre_bid"": ""+778000"", ""sel_2th_pre_req_pre"": ""0"", ""sel_2th_pre_req"": ""44"", ""sel_2th_pre_bid"": ""+777000"", ""sel_1th_pre_req_pre"": ""0"", ""sel_fpr_req"": ""79"", ""sel_fpr_bid"": ""+776000"", ""buy_fpr_bid"": ""+775000"", ""buy_fpr_req"": ""116"", ""buy_1th_pre_req_pre"": ""+1"", ""buy_2th_pre_bid"": ""+774000"", ""buy_2th_pre_req"": ""36"", ""buy_2th_pre_req_pre"": ""0"", ""buy_3th_pre_bid"": ""+773000"", ""buy_3th_pre_req"": ""184"", ""buy_3th_pre_req_pre"": ""0"", ""buy_4th_pre_bid"": ""+772000"", ""buy_4th_pre_req"": ""285"", ""buy_4th_pre_req_pre"": ""0"", ""buy_5th_pre_bid"": ""+771000"", ""buy_5th_pre_req"": ""61"", ""buy_5th_pre_req_pre"": ""0"", ""buy_6th_pre_bid"": ""+770000"", ""buy_6th_pre_req"": ""154"", ""buy_6th_pre_req_pre"": ""0"", ""buy_7th_pre_bid"": ""+769000"", ""buy_7th_pre_req"": ""21"", ""buy_7th_pre_req_pre"": ""0"", ""buy_8th_pre_bid"": ""+768000"", ""buy_8th_pre_req"": ""15"", ""buy_8th_pre_req_pre"": ""0"", ""buy_9th_pre_bid"": ""+767000"", ""buy_9th_pre_req"": ""19"", ""buy_9th_pre_req_pre"": ""0"", ""buy_10th_pre_bid"": ""+766000"", ""buy_10th_pre_req"": ""52"", ""buy_10th_pre_req_pre"": ""0"", ""tot_sel_req_jub_pre"": ""0"", ""tot_sel_req"": ""849"", ""tot_buy_req"": ""943"", ""tot_buy_req_jub_pre"": ""+1"", ""ovt_sel_req_pre"": ""0"", ""ovt_sel_req"": ""0"", ""ovt_buy_req"": ""0"", ""ovt_buy_req_pre"": ""0"", ""return_code"": 0, ""return_msg"": ""정상적으로 처리되었습니다""}"
2026-06-10,scan_candidate,278470,,0,main_scan,419000,,419000,418500,419000,417000,-0.5966587112171837,0.11933174224343676,,,,,,"{""bid_req_base_tm"": ""102330"", ""sel_10th_pre_req_pre"": ""0"", ""sel_10th_pre_req"": ""66"", ""sel_10th_pre_bid"": ""+423500"", ""sel_9th_pre_req_pre"": ""0"", ""sel_9th_pre_req"": ""241"", ""sel_9th_pre_bid"": ""+423000"", ""sel_8th_pre_req_pre"": ""0"", ""sel_8th_pre_req"": ""128"", ""sel_8th_pre_bid"": ""+422500"", ""sel_7th_pre_req_pre"": ""0"", ""sel_7th_pre_req"": ""256"", ""sel_7th_pre_bid"": ""+422000"", ""sel_6th_pre_req_pre"": ""0"", ""sel_6th_pre_req"": ""109"", ""sel_6th_pre_bid"": ""+421500"", ""sel_5th_pre_req_pre"": ""0"", ""sel_5th_pre_req"": ""289"", ""sel_5th_pre_bid"": ""+421000"", ""sel_4th_pre_req_pre"": ""0"", ""sel_4th_pre_req"": ""316"", ""sel_4th_pre_bid"": ""+420500"", ""sel_3th_pre_req_pre"": ""0"", ""sel_3th_pre_req"": ""2503"", ""sel_3th_pre_bid"": ""+420000"", ""sel_2th_pre_req_pre"": ""0"", ""sel_2th_pre_req"": ""372"", ""sel_2th_pre_bid"": ""+419500"", ""sel_1th_pre_req_pre"": ""0"", ""sel_fpr_req"": ""411"", ""sel_fpr_bid"": ""+419000"", ""buy_fpr_bid"": ""+418500"", ""buy_fpr_req"": ""131"", ""buy_1th_pre_req_pre"": ""0"", ""buy_2th_pre_bid"": ""+418000"", ""buy_2th_pre_req"": ""1105"", ""buy_2th_pre_req_pre"": ""0"", ""buy_3th_pre_bid"": ""+417500"", ""buy_3th_pre_req"": ""3"", ""buy_3th_pre_req_pre"": ""0"", ""buy_4th_pre_bid"": ""+417000"", ""buy_4th_pre_req"": ""76"", ""buy_4th_pre_req_pre"": ""0"", ""buy_5th_pre_bid"": ""+416500"", ""buy_5th_pre_req"": ""85"", ""buy_5th_pre_req_pre"": ""0"", ""buy_6th_pre_bid"": ""+416000"", ""buy_6th_pre_req"": ""102"", ""buy_6th_pre_req_pre"": ""0"", ""buy_7th_pre_bid"": ""+415500"", ""buy_7th_pre_req"": ""69"", ""buy_7th_pre_req_pre"": ""0"", ""buy_8th_pre_bid"": ""+415000"", ""buy_8th_pre_req"": ""109"", ""buy_8th_pre_req_pre"": ""0"", ""buy_9th_pre_bid"": ""+414500"", ""buy_9th_pre_req"": ""347"", ""buy_9th_pre_req_pre"": ""0"", ""buy_10th_pre_bid"": ""+414000"", ""buy_10th_pre_req"": ""70"", ""buy_10th_pre_req_pre"": ""0"", ""tot_sel_req_jub_pre"": ""0"", ""tot_sel_req"": ""4691"", ""tot_buy_req"": ""2097"", ""tot_buy_req_jub_pre"": ""0"", ""ovt_sel_req_pre"": ""0"", ""ovt_sel_req"": ""0"", ""ovt_buy_req"": ""0"", ""ovt_buy_req_pre"": ""0"", ""return_code"": 0, ""return_msg"": ""정상적으로 처리되었습니다""}"
2026-06-10,scan_candidate,030200,,0,main_scan,54700,,54700,54600,54700,54800,0.0,0.18281535648994515,,,,,,"{""bid_req_base_tm"": ""102329"", ""sel_10th_pre_req_pre"": ""0"", ""sel_10th_pre_req"": ""231"", ""sel_10th_pre_bid"": ""+55600"", ""sel_9th_pre_req_pre"": ""0"", ""sel_9th_pre_req"": ""864"", ""sel_9th_pre_bid"": ""+55500"", ""sel_8th_pre_req_pre"": ""0"", ""sel_8th_pre_req"": ""1238"", ""sel_8th_pre_bid"": ""+55400"", ""sel_7th_pre_req_pre"": ""0"", ""sel_7th_pre_req"": ""1010"", ""sel_7th_pre_bid"": ""+55300"", ""sel_6th_pre_req_pre"": ""0"", ""sel_6th_pre_req"": ""1005"", ""sel_6th_pre_bid"": ""+55200"", ""sel_5th_pre_req_pre"": ""0"", ""sel_5th_pre_req"": ""1287"", ""sel_5th_pre_bid"": ""+55100"", ""sel_4th_pre_req_pre"": ""--2"", ""sel_4th_pre_req"": ""2490"", ""sel_4th_pre_bid"": ""+55000"", ""sel_3th_pre_req_pre"": ""0"", ""sel_3th_pre_req"": ""48"", ""sel_3th_pre_bid"": ""+54900"", ""sel_2th_pre_req_pre"": ""0"", ""sel_2th_pre_req"": ""193"", ""sel_2th_pre_bid"": ""+54800"", ""sel_1th_pre_req_pre"": ""0"", ""sel_fpr_req"": ""2"", ""sel_fpr_bid"": ""+54700"", ""buy_fpr_bid"": ""+54600"", ""buy_fpr_req"": ""339"", ""buy_1th_pre_req_pre"": ""0"", ""buy_2th_pre_bid"": ""+54500"", ""buy_2th_pre_req"": ""1502"", ""buy_2th_pre_req_pre"": ""0"", ""buy_3th_pre_bid"": ""+54400"", ""buy_3th_pre_req"": ""675"", ""buy_3th_pre_req_pre"": ""0"", ""buy_4th_pre_bid"": ""+54300"", ""buy_4th_pre_req"": ""894"", ""buy_4th_pre_req_pre"": ""0"", ""buy_5th_pre_bid"": ""+54200"", ""buy_5th_pre_req"": ""1009"", ""buy_5th_pre_req_pre"": ""0"", ""buy_6th_pre_bid"": ""+54100"", ""buy_6th_pre_req"": ""443"", ""buy_6th_pre_req_pre"": ""0"", ""buy_7th_pre_bid"": ""+54000"", ""buy_7th_pre_req"": ""4399"", ""buy_7th_pre_req_pre"": ""0"", ""buy_8th_pre_bid"": ""+53900"", ""buy_8th_pre_req"": ""921"", ""buy_8th_pre_req_pre"": ""0"", ""buy_9th_pre_bid"": ""53800"", ""buy_9th_pre_req"": ""2627"", ""buy_9th_pre_req_pre"": ""0"", ""buy_10th_pre_bid"": ""-53700"", ""buy_10th_pre_req"": ""885"", ""buy_10th_pre_req_pre"": ""0"", ""tot_sel_req_jub_pre"": ""--2"", ""tot_sel_req"": ""8368"", ""tot_buy_req"": ""13694"", ""tot_buy_req_jub_pre"": ""0"", ""ovt_sel_req_pre"": ""0"", ""ovt_sel_req"": ""0"", ""ovt_buy_req"": ""0"", ""ovt_buy_req_pre"": ""0"", ""return_code"": 0, ""return_msg"": ""정상적으로 처리되었습니다""}"
2026-06-10,scan_candidate,010950,,0,main_scan,110200,,110200,110100,110200,110000,-0.6352087114337568,0.09074410163339383,,,,,,"{""bid_req_base_tm"": ""102331"", ""sel_10th_pre_req_pre"": ""0"", ""sel_10th_pre_req"": ""2"", ""sel_10th_pre_bid"": ""+111100"", ""sel_9th_pre_req_pre"": ""0"", ""sel_9th_pre_req"": ""61"", ""sel_9th_pre_bid"": ""+111000"", ""sel_8th_pre_req_pre"": ""0"", ""sel_8th_pre_req"": ""1"", ""sel_8th_pre_bid"": ""110900"", ""sel_7th_pre_req_pre"": ""0"", ""sel_7th_pre_req"": ""12"", ""sel_7th_pre_bid"": ""-110800"", ""sel_6th_pre_req_pre"": ""0"", ""sel_6th_pre_req"": ""51"", ""sel_6th_pre_bid"": ""-110700"", ""sel_5th_pre_req_pre"": ""0"", ""sel_5th_pre_req"": ""3"", ""sel_5th_pre_bid"": ""-110600"", ""sel_4th_pre_req_pre"": ""0"", ""sel_4th_pre_req"": ""3"", ""sel_4th_pre_bid"": ""-110500"", ""sel_3th_pre_req_pre"": ""0"", ""sel_3th_pre_req"": ""3"", ""sel_3th_pre_bid"": ""-110400"", ""sel_2th_pre_req_pre"": ""0"", ""sel_2th_pre_req"": ""12"", ""sel_2th_pre_bid"": ""-110300"", ""sel_1th_pre_req_pre"": ""0"", ""sel_fpr_req"": ""55"", ""sel_fpr_bid"": ""-110200"", ""buy_fpr_bid"": ""-110100"", ""buy_fpr_req"": ""7"", ""buy_1th_pre_req_pre"": ""0"", ""buy_2th_pre_bid"": ""-110000"", ""buy_2th_pre_req"": ""47"", ""buy_2th_pre_req_pre"": ""0"", ""buy_3th_pre_bid"": ""-109900"", ""buy_3th_pre_req"": ""6"", ""buy_3th_pre_req_pre"": ""0"", ""buy_4th_pre_bid"": ""-109800"", ""buy_4th_pre_req"": ""142"", ""buy_4th_pre_req_pre"": ""+100"", ""buy_5th_pre_bid"": ""-109700"", ""buy_5th_pre_req"": ""1"", ""buy_5th_pre_req_pre"": ""--100"", ""buy_6th_pre_bid"": ""-109600"", ""buy_6th_pre_req"": ""1"", ""buy_6th_pre_req_pre"": ""0"", ""buy_7th_pre_bid"": ""-109500"", ""buy_7th_pre_req"": ""307"", ""buy_7th_pre_req_pre"": ""0"", ""buy_8th_pre_bid"": ""-109400"", ""buy_8th_pre_req"": ""302"", ""buy_8th_pre_req_pre"": ""0"", ""buy_9th_pre_bid"": ""-109300"", ""buy_9th_pre_req"": ""402"", ""buy_9th_pre_req_pre"": ""0"", ""buy_10th_pre_bid"": ""-109200"", ""buy_10th_pre_req"": ""62"", ""buy_10th_pre_req_pre"": ""0"", ""tot_sel_req_jub_pre"": ""0"", ""tot_sel_req"": ""203"", ""tot_buy_req"": ""1277"", ""tot_buy_req_jub_pre"": ""0"", ""ovt_sel_req_pre"": ""0"", ""ovt_sel_req"": ""0"", ""ovt_buy_req"": ""0"", ""ovt_buy_req_pre"": ""0"", ""return_code"": 0, ""return_msg"": ""정상적으로 처리되었습니다""}"
2026-06-10,scan_candidate,323410,,0,main_scan,24750,,24750,24700,24750,24550,-1.0101010101010102,0.20202020202020202,,,,,,"{""bid_req_base_tm"": ""102331"", ""sel_10th_pre_req_pre"": ""0"", ""sel_10th_pre_req"": ""7194"", ""sel_10th_pre_bid"": ""+25200"", ""sel_9th_pre_req_pre"": ""0"", ""sel_9th_pre_req"": ""5576"", ""sel_9th_pre_bid"": ""+25150"", ""sel_8th_pre_req_pre"": ""0"", ""sel_8th_pre_req"": ""1625"", ""sel_8th_pre_bid"": ""+25100"", ""sel_7th_pre_req_pre"": ""0"", ""sel_7th_pre_req"": ""2126"", ""sel_7th_pre_bid"": ""+25050"", ""sel_6th_pre_req_pre"": ""0"", ""sel_6th_pre_req"": ""12839"", ""sel_6th_pre_bid"": ""+25000"", ""sel_5th_pre_req_pre"": ""0"", ""sel_5th_pre_req"": ""10084"", ""sel_5th_pre_bid"": ""+24950"", ""sel_4th_pre_req_pre"": ""0"", ""sel_4th_pre_req"": ""6539"", ""sel_4th_pre_bid"": ""+24900"", ""sel_3th_pre_req_pre"": ""0"", ""sel_3th_pre_req"": ""3743"", ""sel_3th_pre_bid"": ""+24850"", ""sel_2th_pre_req_pre"": ""0"", ""sel_2th_pre_req"": ""11589"", ""sel_2th_pre_bid"": ""+24800"", ""sel_1th_pre_req_pre"": ""--34"", ""sel_fpr_req"": ""9880"", ""sel_fpr_bid"": ""+24750"", ""buy_fpr_bid"": ""+24700"", ""buy_fpr_req"": ""4040"", ""buy_1th_pre_req_pre"": ""0"", ""buy_2th_pre_bid"": ""+24650"", ""buy_2th_pre_req"": ""4133"", ""buy_2th_pre_req_pre"": ""0"", ""buy_3th_pre_bid"": ""+24600"", ""buy_3th_pre_req"": ""709"", ""buy_3th_pre_req_pre"": ""0"", ""buy_4th_pre_bid"": ""+24550"", ""buy_4th_pre_req"": ""6611"", ""buy_4th_pre_req_pre"": ""0"", ""buy_5th_pre_bid"": ""+24500"", ""buy_5th_pre_req"": ""1713"", ""buy_5th_pre_req_pre"": ""0"", ""buy_6th_pre_bid"": ""+24450"", ""buy_6th_pre_req"": ""1108"", ""buy_6th_pre_req_pre"": ""0"", ""buy_7th_pre_bid"": ""24400"", ""buy_7th_pre_req"": ""2901"", ""buy_7th_pre_req_pre"": ""0"", ""buy_8th_pre_bid"": ""-24350"", ""buy_8th_pre_req"": ""2448"", ""buy_8th_pre_req_pre"": ""0"", ""buy_9th_pre_bid"": ""-24300"", ""buy_9th_pre_req"": ""1225"", ""buy_9th_pre_req_pre"": ""0"", ""buy_10th_pre_bid"": ""-24250"", ""buy_10th_pre_req"": ""1360"", ""buy_10th_pre_req_pre"": ""0"", ""tot_sel_req_jub_pre"": ""--34"", ""tot_sel_req"": ""71195"", ""tot_buy_req"": ""26248"", ""tot_buy_req_jub_pre"": ""0"", ""ovt_sel_req_pre"": ""0"", ""ovt_sel_req"": ""0"", ""ovt_buy_req"": ""0"", ""ovt_buy_req_pre"": ""0"", ""return_code"": 0, ""return_msg"": ""정상적으로 처리되었습니다""}"
2026-06-10,scan_candidate,005940,,0,main_scan,30950,,30950,30900,30950,30700,-0.9693053311793215,0.16155088852988692,,,,,,"{""bid_req_base_tm"": ""102331"", ""sel_10th_pre_req_pre"": ""0"", ""sel_10th_pre_req"": ""310"", ""sel_10th_pre_bid"": ""+31400"", ""sel_9th_pre_req_pre"": ""0"", ""sel_9th_pre_req"": ""529"", ""sel_9th_pre_bid"": ""+31350"", ""sel_8th_pre_req_pre"": ""0"", ""sel_8th_pre_req"": ""840"", ""sel_8th_pre_bid"": ""+31300"", ""sel_7th_pre_req_pre"": ""0"", ""sel_7th_pre_req"": ""161"", ""sel_7th_pre_bid"": ""31250"", ""sel_6th_pre_req_pre"": ""0"", ""sel_6th_pre_req"": ""55"", ""sel_6th_pre_bid"": ""-31200"", ""sel_5th_pre_req_pre"": ""0"", ""sel_5th_pre_req"": ""17"", ""sel_5th_pre_bid"": ""-31150"", ""sel_4th_pre_req_pre"": ""0"", ""sel_4th_pre_req"": ""209"", ""sel_4th_pre_bid"": ""-31100"", ""sel_3th_pre_req_pre"": ""0"", ""sel_3th_pre_req"": ""76"", ""sel_3th_pre_bid"": ""-31050"", ""sel_2th_pre_req_pre"": ""0"", ""sel_2th_pre_req"": ""611"", ""sel_2th_pre_bid"": ""-31000"", ""sel_1th_pre_req_pre"": ""--4"", ""sel_fpr_req"": ""1862"", ""sel_fpr_bid"": ""-30950"", ""buy_fpr_bid"": ""-30900"", ""buy_fpr_req"": ""324"", ""buy_1th_pre_req_pre"": ""0"", ""buy_2th_pre_bid"": ""-30850"", ""buy_2th_pre_req"": ""91"", ""buy_2th_pre_req_pre"": ""0"", ""buy_3th_pre_bid"": ""-30800"", ""buy_3th_pre_req"": ""170"", ""buy_3th_pre_req_pre"": ""0"", ""buy_4th_pre_bid"": ""-30750"", ""buy_4th_pre_req"": ""76"", ""buy_4th_pre_req_pre"": ""0"", ""buy_5th_pre_bid"": ""-30700"", ""buy_5th_pre_req"": ""156"", ""buy_5th_pre_req_pre"": ""0"", ""buy_6th_pre_bid"": ""-30650"", ""buy_6th_pre_req"": ""115"", ""buy_6th_pre_req_pre"": ""0"", ""buy_7th_pre_bid"": ""-30600"", ""buy_7th_pre_req"": ""287"", ""buy_7th_pre_req_pre"": ""0"", ""buy_8th_pre_bid"": ""-30550"", ""buy_8th_pre_req"": ""294"", ""buy_8th_pre_req_pre"": ""0"", ""buy_9th_pre_bid"": ""-30500"", ""buy_9th_pre_req"": ""318"", ""buy_9th_pre_req_pre"": ""0"", ""buy_10th_pre_bid"": ""-30450"", ""buy_10th_pre_req"": ""207"", ""buy_10th_pre_req_pre"": ""0"", ""tot_sel_req_jub_pre"": ""--4"", ""tot_sel_req"": ""4670"", ""tot_buy_req"": ""2038"", ""tot_buy_req_jub_pre"": ""0"", ""ovt_sel_req_pre"": ""0"", ""ovt_sel_req"": ""0"", ""ovt_buy_req"": ""0"", ""ovt_buy_req_pre"": ""0"", ""return_code"": 0, ""return_msg"": ""정상적으로 처리되었습니다""}"
2026-06-10,scan_candidate,064400,,0,main_scan,97100,,97100,97000,97100,97000,-0.20597322348094746,0.10298661174047373,,,,,,"{""bid_req_base_tm"": ""102331"", ""sel_10th_pre_req_pre"": ""0"", ""sel_10th_pre_req"": ""446"", ""sel_10th_pre_bid"": ""-98000"", ""sel_9th_pre_req_pre"": ""0"", ""sel_9th_pre_req"": ""178"", ""sel_9th_pre_bid"": ""-97900"", ""sel_8th_pre_req_pre"": ""0"", ""sel_8th_pre_req"": ""413"", ""sel_8th_pre_bid"": ""-97800"", ""sel_7th_pre_req_pre"": ""0"", ""sel_7th_pre_req"": ""684"", ""sel_7th_pre_bid"": ""-97700"", ""sel_6th_pre_req_pre"": ""0"", ""sel_6th_pre_req"": ""214"", ""sel_6th_pre_bid"": ""-97600"", ""sel_5th_pre_req_pre"": ""0"", ""sel_5th_pre_req"": ""319"", ""sel_5th_pre_bid"": ""-97500"", ""sel_4th_pre_req_pre"": ""0"", ""sel_4th_pre_req"": ""453"", ""sel_4th_pre_bid"": ""-97400"", ""sel_3th_pre_req_pre"": ""0"", ""sel_3th_pre_req"": ""315"", ""sel_3th_pre_bid"": ""-97300"", ""sel_2th_pre_req_pre"": ""0"", ""sel_2th_pre_req"": ""175"", ""sel_2th_pre_bid"": ""-97200"", ""sel_1th_pre_req_pre"": ""+728"", ""sel_fpr_req"": ""972"", ""sel_fpr_bid"": ""-97100"", ""buy_fpr_bid"": ""-97000"", ""buy_fpr_req"": ""354"", ""buy_1th_pre_req_pre"": ""0"", ""buy_2th_pre_bid"": ""-96900"", ""buy_2th_pre_req"": ""413"", ""buy_2th_pre_req_pre"": ""0"", ""buy_3th_pre_bid"": ""-96800"", ""buy_3th_pre_req"": ""629"", ""buy_3th_pre_req_pre"": ""+30"", ""buy_4th_pre_bid"": ""-96700"", ""buy_4th_pre_req"": ""209"", ""buy_4th_pre_req_pre"": ""0"", ""buy_5th_pre_bid"": ""-96600"", ""buy_5th_pre_req"": ""367"", ""buy_5th_pre_req_pre"": ""0"", ""buy_6th_pre_bid"": ""-96500"", ""buy_6th_pre_req"": ""375"", ""buy_6th_pre_req_pre"": ""0"", ""buy_7th_pre_bid"": ""-96400"", ""buy_7th_pre_req"": ""103"", ""buy_7th_pre_req_pre"": ""0"", ""buy_8th_pre_bid"": ""-96300"", ""buy_8th_pre_req"": ""358"", ""buy_8th_pre_req_pre"": ""0"", ""buy_9th_pre_bid"": ""-96200"", ""buy_9th_pre_req"": ""436"", ""buy_9th_pre_req_pre"": ""0"", ""buy_10th_pre_bid"": ""-96100"", ""buy_10th_pre_req"": ""582"", ""buy_10th_pre_req_pre"": ""0"", ""tot_sel_req_jub_pre"": ""+728"", ""tot_sel_req"": ""4169"", ""tot_buy_req"": ""3826"", ""tot_buy_req_jub_pre"": ""+30"", ""ovt_sel_req_pre"": ""0"", ""ovt_sel_req"": ""0"", ""ovt_buy_req"": ""0"", ""ovt_buy_req_pre"": ""0"", ""return_code"": 0, ""return_msg"": ""정상적으로 처리되었습니다""}"
2026-06-10,scan_candidate,003490,,0,main_scan,25650,,25650,25600,25650,25450,-0.9746588693957114,0.1949317738791423,,,,,,"{""bid_req_base_tm"": ""102331"", ""sel_10th_pre_req_pre"": ""0"", ""sel_10th_pre_req"": ""4539"", ""sel_10th_pre_bid"": ""+26100"", ""sel_9th_pre_req_pre"": ""0"", ""sel_9th_pre_req"": ""3245"", ""sel_9th_pre_bid"": ""+26050"", ""sel_8th_pre_req_pre"": ""0"", ""sel_8th_pre_req"": ""42282"", ""sel_8th_pre_bid"": ""+26000"", ""sel_7th_pre_req_pre"": ""0"", ""sel_7th_pre_req"": ""15977"", ""sel_7th_pre_bid"": ""+25950"", ""sel_6th_pre_req_pre"": ""0"", ""sel_6th_pre_req"": ""18505"", ""sel_6th_pre_bid"": ""+25900"", ""sel_5th_pre_req_pre"": ""0"", ""sel_5th_pre_req"": ""10758"", ""sel_5th_pre_bid"": ""+25850"", ""sel_4th_pre_req_pre"": ""0"", ""sel_4th_pre_req"": ""50290"", ""sel_4th_pre_bid"": ""+25800"", ""sel_3th_pre_req_pre"": ""0"", ""sel_3th_pre_req"": ""9545"", ""sel_3th_pre_bid"": ""+25750"", ""sel_2th_pre_req_pre"": ""0"", ""sel_2th_pre_req"": ""2998"", ""sel_2th_pre_bid"": ""+25700"", ""sel_1th_pre_req_pre"": ""--200"", ""sel_fpr_req"": ""1868"", ""sel_fpr_bid"": ""+25650"", ""buy_fpr_bid"": ""+25600"", ""buy_fpr_req"": ""639"", ""buy_1th_pre_req_pre"": ""0"", ""buy_2th_pre_bid"": ""+25550"", ""buy_2th_pre_req"": ""659"", ""buy_2th_pre_req_pre"": ""0"", ""buy_3th_pre_bid"": ""+25500"", ""buy_3th_pre_req"": ""4765"", ""buy_3th_pre_req_pre"": ""0"", ""buy_4th_pre_bid"": ""+25450"", ""buy_4th_pre_req"": ""1292"", ""buy_4th_pre_req_pre"": ""0"", ""buy_5th_pre_bid"": ""+25400"", ""buy_5th_pre_req"": ""4343"", ""buy_5th_pre_req_pre"": ""0"", ""buy_6th_pre_bid"": ""+25350"", ""buy_6th_pre_req"": ""6876"", ""buy_6th_pre_req_pre"": ""0"", ""buy_7th_pre_bid"": ""+25300"", ""buy_7th_pre_req"": ""4183"", ""buy_7th_pre_req_pre"": ""0"", ""buy_8th_pre_bid"": ""+25250"", ""buy_8th_pre_req"": ""2681"", ""buy_8th_pre_req_pre"": ""0"", ""buy_9th_pre_bid"": ""+25200"", ""buy_9th_pre_req"": ""4555"", ""buy_9th_pre_req_pre"": ""0"", ""buy_10th_pre_bid"": ""+25150"", ""buy_10th_pre_req"": ""1761"", ""buy_10th_pre_req_pre"": ""0"", ""tot_sel_req_jub_pre"": ""--200"", ""tot_sel_req"": ""160007"", ""tot_buy_req"": ""31754"", ""tot_buy_req_jub_pre"": ""0"", ""ovt_sel_req_pre"": ""0"", ""ovt_sel_req"": ""0"", ""ovt_buy_req"": ""0"", ""ovt_buy_req_pre"": ""0"", ""return_code"": 0, ""return_msg"": ""정상적으로 처리되었습니다""}"
2026-06-10,scan_candidate,161390,,0,main_scan,71600,,71600,71500,71600,71700,0.0,0.13966480446927373,,,,,,"{""bid_req_base_tm"": ""102330"", ""sel_10th_pre_req_pre"": ""0"", ""sel_10th_pre_req"": ""177"", ""sel_10th_pre_bid"": ""-72500"", ""sel_9th_pre_req_pre"": ""0"", ""sel_9th_pre_req"": ""5"", ""sel_9th_pre_bid"": ""-72400"", ""sel_8th_pre_req_pre"": ""0"", ""sel_8th_pre_req"": ""34"", ""sel_8th_pre_bid"": ""-72300"", ""sel_7th_pre_req_pre"": ""0"", ""sel_7th_pre_req"": ""9"", ""sel_7th_pre_bid"": ""-72200"", ""sel_6th_pre_req_pre"": ""0"", ""sel_6th_pre_req"": ""30"", ""sel_6th_pre_bid"": ""-72100"", ""sel_5th_pre_req_pre"": ""0"", ""sel_5th_pre_req"": ""47"", ""sel_5th_pre_bid"": ""-72000"", ""sel_4th_pre_req_pre"": ""0"", ""sel_4th_pre_req"": ""306"", ""sel_4th_pre_bid"": ""-71900"", ""sel_3th_pre_req_pre"": ""0"", ""sel_3th_pre_req"": ""223"", ""sel_3th_pre_bid"": ""-71800"", ""sel_2th_pre_req_pre"": ""--100"", ""sel_2th_pre_req"": ""704"", ""sel_2th_pre_bid"": ""-71700"", ""sel_1th_pre_req_pre"": ""0"", ""sel_fpr_req"": ""1617"", ""sel_fpr_bid"": ""-71600"", ""buy_fpr_bid"": ""-71500"", ""buy_fpr_req"": ""737"", ""buy_1th_pre_req_pre"": ""0"", ""buy_2th_pre_bid"": ""-71400"", ""buy_2th_pre_req"": ""619"", ""buy_2th_pre_req_pre"": ""0"", ""buy_3th_pre_bid"": ""-71300"", ""buy_3th_pre_req"": ""220"", ""buy_3th_pre_req_pre"": ""0"", ""buy_4th_pre_bid"": ""-71200"", ""buy_4th_pre_req"": ""530"", ""buy_4th_pre_req_pre"": ""0"", ""buy_5th_pre_bid"": ""-71100"", ""buy_5th_pre_req"": ""252"", ""buy_5th_pre_req_pre"": ""0"", ""buy_6th_pre_bid"": ""-71000"", ""buy_6th_pre_req"": ""1038"", ""buy_6th_pre_req_pre"": ""0"", ""buy_7th_pre_bid"": ""-70900"", ""buy_7th_pre_req"": ""2118"", ""buy_7th_pre_req_pre"": ""0"", ""buy_8th_pre_bid"": ""-70800"", ""buy_8th_pre_req"": ""164"", ""buy_8th_pre_req_pre"": ""0"", ""buy_9th_pre_bid"": ""-70700"", ""buy_9th_pre_req"": ""72"", ""buy_9th_pre_req_pre"": ""0"", ""buy_10th_pre_bid"": ""-70600"", ""buy_10th_pre_req"": ""87"", ""buy_10th_pre_req_pre"": ""0"", ""tot_sel_req_jub_pre"": ""--100"", ""tot_sel_req"": ""3152"", ""tot_buy_req"": ""5837"", ""tot_buy_req_jub_pre"": ""0"", ""ovt_sel_req_pre"": ""0"", ""ovt_sel_req"": ""0"", ""ovt_buy_req"": ""0"", ""ovt_buy_req_pre"": ""0"", ""return_code"": 0, ""return_msg"": ""정상적으로 처리되었습니다""}"
2026-06-10,scan_candidate,003230,,0,main_scan,1151000,,1151000,1150000,1151000,1153000,0.08688097306689835,0.08688097306689835,,,,,,"{""bid_req_base_tm"": ""102331"", ""sel_10th_pre_req_pre"": ""0"", ""sel_10th_pre_req"": ""83"", ""sel_10th_pre_bid"": ""+1160000"", ""sel_9th_pre_req_pre"": ""0"", ""sel_9th_pre_req"": ""16"", ""sel_9th_pre_bid"": ""+1159000"", ""sel_8th_pre_req_pre"": ""0"", ""sel_8th_pre_req"": ""5"", ""sel_8th_pre_bid"": ""+1158000"", ""sel_7th_pre_req_pre"": ""0"", ""sel_7th_pre_req"": ""7"", ""sel_7th_pre_bid"": ""+1157000"", ""sel_6th_pre_req_pre"": ""0"", ""sel_6th_pre_req"": ""3"", ""sel_6th_pre_bid"": ""+1156000"", ""sel_5th_pre_req_pre"": ""0"", ""sel_5th_pre_req"": ""5"", ""sel_5th_pre_bid"": ""+1155000"", ""sel_4th_pre_req_pre"": ""0"", ""sel_4th_pre_req"": ""4"", ""sel_4th_pre_bid"": ""+1154000"", ""sel_3th_pre_req_pre"": ""0"", ""sel_3th_pre_req"": ""3"", ""sel_3th_pre_bid"": ""+1153000"", ""sel_2th_pre_req_pre"": ""0"", ""sel_2th_pre_req"": ""14"", ""sel_2th_pre_bid"": ""+1152000"", ""sel_1th_pre_req_pre"": ""--4"", ""sel_fpr_req"": ""6"", ""sel_fpr_bid"": ""+1151000"", ""buy_fpr_bid"": ""+1150000"", ""buy_fpr_req"": ""27"", ""buy_1th_pre_req_pre"": ""0"", ""buy_2th_pre_bid"": ""+1149000"", ""buy_2th_pre_req"": ""18"", ""buy_2th_pre_req_pre"": ""0"", ""buy_3th_pre_bid"": ""+1148000"", ""buy_3th_pre_req"": ""17"", ""buy_3th_pre_req_pre"": ""0"", ""buy_4th_pre_bid"": ""+1147000"", ""buy_4th_pre_req"": ""61"", ""buy_4th_pre_req_pre"": ""0"", ""buy_5th_pre_bid"": ""+1146000"", ""buy_5th_pre_req"": ""44"", ""buy_5th_pre_req_pre"": ""0"", ""buy_6th_pre_bid"": ""+1145000"", ""buy_6th_pre_req"": ""50"", ""buy_6th_pre_req_pre"": ""0"", ""buy_7th_pre_bid"": ""+1144000"", ""buy_7th_pre_req"": ""1"", ""buy_7th_pre_req_pre"": ""0"", ""buy_8th_pre_bid"": ""+1143000"", ""buy_8th_pre_req"": ""1"", ""buy_8th_pre_req_pre"": ""0"", ""buy_9th_pre_bid"": ""+1142000"", ""buy_9th_pre_req"": ""5"", ""buy_9th_pre_req_pre"": ""0"", ""buy_10th_pre_bid"": ""+1141000"", ""buy_10th_pre_req"": ""6"", ""buy_10th_pre_req_pre"": ""0"", ""tot_sel_req_jub_pre"": ""--4"", ""tot_sel_req"": ""146"", ""tot_buy_req"": ""230"", ""tot_buy_req_jub_pre"": ""0"", ""ovt_sel_req_pre"": ""0"", ""ovt_sel_req"": ""0"", ""ovt_buy_req"": ""0"", ""ovt_buy_req_pre"": ""0"", ""return_code"": 0, ""return_msg"": ""정상적으로 처리되었습니다""}"
2026-06-10,scan_candidate,000880,,0,main_scan,119100,,119100,119000,119100,118500,-0.9235936188077246,0.08396305625524769,,,,,,"{""bid_req_base_tm"": ""102330"", ""sel_10th_pre_req_pre"": ""0"", ""sel_10th_pre_req"": ""337"", ""sel_10th_pre_bid"": ""+120000"", ""sel_9th_pre_req_pre"": ""0"", ""sel_9th_pre_req"": ""190"", ""sel_9th_pre_bid"": ""+119900"", ""sel_8th_pre_req_pre"": ""0"", ""sel_8th_pre_req"": ""21"", ""sel_8th_pre_bid"": ""+119800"", ""sel_7th_pre_req_pre"": ""0"", ""sel_7th_pre_req"": ""50"", ""sel_7th_pre_bid"": ""+119700"", ""sel_6th_pre_req_pre"": ""0"", ""sel_6th_pre_req"": ""16"", ""sel_6th_pre_bid"": ""+119600"", ""sel_5th_pre_req_pre"": ""0"", ""sel_5th_pre_req"": ""17"", ""sel_5th_pre_bid"": ""+119500"", ""sel_4th_pre_req_pre"": ""0"", ""sel_4th_pre_req"": ""1"", ""sel_4th_pre_bid"": ""+119400"", ""sel_3th_pre_req_pre"": ""0"", ""sel_3th_pre_req"": ""42"", ""sel_3th_pre_bid"": ""+119300"", ""sel_2th_pre_req_pre"": ""0"", ""sel_2th_pre_req"": ""35"", ""sel_2th_pre_bid"": ""+119200"", ""sel_1th_pre_req_pre"": ""+58"", ""sel_fpr_req"": ""131"", ""sel_fpr_bid"": ""+119100"", ""buy_fpr_bid"": ""+119000"", ""buy_fpr_req"": ""19"", ""buy_1th_pre_req_pre"": ""0"", ""buy_2th_pre_bid"": ""+118900"", ""buy_2th_pre_req"": ""75"", ""buy_2th_pre_req_pre"": ""0"", ""buy_3th_pre_bid"": ""+118800"", ""buy_3th_pre_req"": ""17"", ""buy_3th_pre_req_pre"": ""0"", ""buy_4th_pre_bid"": ""+118700"", ""buy_4th_pre_req"": ""60"", ""buy_4th_pre_req_pre"": ""0"", ""buy_5th_pre_bid"": ""+118500"", ""buy_5th_pre_req"": ""5"", ""buy_5th_pre_req_pre"": ""0"", ""buy_6th_pre_bid"": ""+118400"", ""buy_6th_pre_req"": ""10"", ""buy_6th_pre_req_pre"": ""0"", ""buy_7th_pre_bid"": ""+118200"", ""buy_7th_pre_req"": ""10"", ""buy_7th_pre_req_pre"": ""0"", ""buy_8th_pre_bid"": ""+118100"", ""buy_8th_pre_req"": ""1"", ""buy_8th_pre_req_pre"": ""0"", ""buy_9th_pre_bid"": ""+118000"", ""buy_9th_pre_req"": ""7"", ""buy_9th_pre_req_pre"": ""0"", ""buy_10th_pre_bid"": ""+117900"", ""buy_10th_pre_req"": ""3"", ""buy_10th_pre_req_pre"": ""0"", ""tot_sel_req_jub_pre"": ""+58"", ""tot_sel_req"": ""840"", ""tot_buy_req"": ""207"", ""tot_buy_req_jub_pre"": ""0"", ""ovt_sel_req_pre"": ""0"", ""ovt_sel_req"": ""0"", ""ovt_buy_req"": ""0"", ""ovt_buy_req_pre"": ""0"", ""return_code"": 0, ""return_msg"": ""정상적으로 처리되었습니다""}"
2026-06-10,scan_candidate,180640,,0,main_scan,120900,,120900,120400,120900,119500,-1.5715467328370554,0.41356492969396197,,,,,,"{""bid_req_base_tm"": ""102331"", ""sel_10th_pre_req_pre"": ""0"", ""sel_10th_pre_req"": ""9"", ""sel_10th_pre_bid"": ""+121800"", ""sel_9th_pre_req_pre"": ""0"", ""sel_9th_pre_req"": ""13"", ""sel_9th_pre_bid"": ""+121700"", ""sel_8th_pre_req_pre"": ""0"", ""sel_8th_pre_req"": ""2"", ""sel_8th_pre_bid"": ""+121600"", ""sel_7th_pre_req_pre"": ""0"", ""sel_7th_pre_req"": ""385"", ""sel_7th_pre_bid"": ""+121500"", ""sel_6th_pre_req_pre"": ""0"", ""sel_6th_pre_req"": ""61"", ""sel_6th_pre_bid"": ""+121400"", ""sel_5th_pre_req_pre"": ""0"", ""sel_5th_pre_req"": ""23"", ""sel_5th_pre_bid"": ""+121300"", ""sel_4th_pre_req_pre"": ""0"", ""sel_4th_pre_req"": ""43"", ""sel_4th_pre_bid"": ""+121200"", ""sel_3th_pre_req_pre"": ""0"", ""sel_3th_pre_req"": ""149"", ""sel_3th_pre_bid"": ""+121100"", ""sel_2th_pre_req_pre"": ""--30"", ""sel_2th_pre_req"": ""361"", ""sel_2th_pre_bid"": ""+121000"", ""sel_1th_pre_req_pre"": ""0"", ""sel_fpr_req"": ""7"", ""sel_fpr_bid"": ""+120900"", ""buy_fpr_bid"": ""+120400"", ""buy_fpr_req"": ""29"", ""buy_1th_pre_req_pre"": ""0"", ""buy_2th_pre_bid"": ""+120300"", ""buy_2th_pre_req"": ""75"", ""buy_2th_pre_req_pre"": ""0"", ""buy_3th_pre_bid"": ""+120100"", ""buy_3th_pre_req"": ""92"", ""buy_3th_pre_req_pre"": ""0"", ""buy_4th_pre_bid"": ""+119800"", ""buy_4th_pre_req"": ""26"", ""buy_4th_pre_req_pre"": ""0"", ""buy_5th_pre_bid"": ""+119600"", ""buy_5th_pre_req"": ""28"", ""buy_5th_pre_req_pre"": ""0"", ""buy_6th_pre_bid"": ""+119300"", ""buy_6th_pre_req"": ""20"", ""buy_6th_pre_req_pre"": ""0"", ""buy_7th_pre_bid"": ""+119100"", ""buy_7th_pre_req"": ""7"", ""buy_7th_pre_req_pre"": ""0"", ""buy_8th_pre_bid"": ""+118800"", ""buy_8th_pre_req"": ""185"", ""buy_8th_pre_req_pre"": ""0"", ""buy_9th_pre_bid"": ""+118700"", ""buy_9th_pre_req"": ""16"", ""buy_9th_pre_req_pre"": ""0"", ""buy_10th_pre_bid"": ""+118400"", ""buy_10th_pre_req"": ""326"", ""buy_10th_pre_req_pre"": ""0"", ""tot_sel_req_jub_pre"": ""--30"", ""tot_sel_req"": ""1053"", ""tot_buy_req"": ""804"", ""tot_buy_req_jub_pre"": ""0"", ""ovt_sel_req_pre"": ""0"", ""ovt_sel_req"": ""0"", ""ovt_buy_req"": ""0"", ""ovt_buy_req_pre"": ""0"", ""return_code"": 0, ""return_msg"": ""정상적으로 처리되었습니다""}"
2026-06-10,scan_candidate,454910,,0,main_scan,110700,,110700,110600,110700,110500,-0.6323396567299007,0.09033423667570009,,,,,,"{""bid_req_base_tm"": ""102332"", ""sel_10th_pre_req_pre"": ""0"", ""sel_10th_pre_req"": ""513"", ""sel_10th_pre_bid"": ""-111600"", ""sel_9th_pre_req_pre"": ""0"", ""sel_9th_pre_req"": ""150"", ""sel_9th_pre_bid"": ""-111500"", ""sel_8th_pre_req_pre"": ""0"", ""sel_8th_pre_req"": ""351"", ""sel_8th_pre_bid"": ""-111400"", ""sel_7th_pre_req_pre"": ""0"", ""sel_7th_pre_req"": ""104"", ""sel_7th_pre_bid"": ""-111300"", ""sel_6th_pre_req_pre"": ""0"", ""sel_6th_pre_req"": ""198"", ""sel_6th_pre_bid"": ""-111200"", ""sel_5th_pre_req_pre"": ""0"", ""sel_5th_pre_req"": ""60"", ""sel_5th_pre_bid"": ""-111100"", ""sel_4th_pre_req_pre"": ""0"", ""sel_4th_pre_req"": ""177"", ""sel_4th_pre_bid"": ""-111000"", ""sel_3th_pre_req_pre"": ""--20"", ""sel_3th_pre_req"": ""211"", ""sel_3th_pre_bid"": ""-110900"", ""sel_2th_pre_req_pre"": ""0"", ""sel_2th_pre_req"": ""123"", ""sel_2th_pre_bid"": ""-110800"", ""sel_1th_pre_req_pre"": ""0"", ""sel_fpr_req"": ""351"", ""sel_fpr_bid"": ""-110700"", ""buy_fpr_bid"": ""-110600"", ""buy_fpr_req"": ""367"", ""buy_1th_pre_req_pre"": ""0"", ""buy_2th_pre_bid"": ""-110500"", ""buy_2th_pre_req"": ""709"", ""buy_2th_pre_req_pre"": ""0"", ""buy_3th_pre_bid"": ""-110400"", ""buy_3th_pre_req"": ""358"", ""buy_3th_pre_req_pre"": ""0"", ""buy_4th_pre_bid"": ""-110300"", ""buy_4th_pre_req"": ""615"", ""buy_4th_pre_req_pre"": ""0"", ""buy_5th_pre_bid"": ""-110200"", ""buy_5th_pre_req"": ""652"", ""buy_5th_pre_req_pre"": ""0"", ""buy_6th_pre_bid"": ""-110100"", ""buy_6th_pre_req"": ""1482"", ""buy_6th_pre_req_pre"": ""0"", ""buy_7th_pre_bid"": ""-110000"", ""buy_7th_pre_req"": ""1612"", ""buy_7th_pre_req_pre"": ""0"", ""buy_8th_pre_bid"": ""-109900"", ""buy_8th_pre_req"": ""535"", ""buy_8th_pre_req_pre"": ""+5"", ""buy_9th_pre_bid"": ""-109800"", ""buy_9th_pre_req"": ""1280"", ""buy_9th_pre_req_pre"": ""0"", ""buy_10th_pre_bid"": ""-109700"", ""buy_10th_pre_req"": ""616"", ""buy_10th_pre_req_pre"": ""0"", ""tot_sel_req_jub_pre"": ""--20"", ""tot_sel_req"": ""2238"", ""tot_buy_req"": ""8226"", ""tot_buy_req_jub_pre"": ""+5"", ""ovt_sel_req_pre"": ""0"", ""ovt_sel_req"": ""0"", ""ovt_buy_req"": ""0"", ""ovt_buy_req_pre"": ""0"", ""return_code"": 0, ""return_msg"": ""정상적으로 처리되었습니다""}"
2026-06-10,scan_candidate,353200,,0,main_scan,160400,,160400,160200,160400,160000,-0.5610972568578554,0.12468827930174563,,,,,,"{""bid_req_base_tm"": ""102333"", ""sel_10th_pre_req_pre"": ""0"", ""sel_10th_pre_req"": ""292"", ""sel_10th_pre_bid"": ""+161300"", ""sel_9th_pre_req_pre"": ""0"", ""sel_9th_pre_req"": ""2454"", ""sel_9th_pre_bid"": ""+161200"", ""sel_8th_pre_req_pre"": ""0"", ""sel_8th_pre_req"": ""141"", ""sel_8th_pre_bid"": ""+161100"", ""sel_7th_pre_req_pre"": ""0"", ""sel_7th_pre_req"": ""981"", ""sel_7th_pre_bid"": ""+161000"", ""sel_6th_pre_req_pre"": ""0"", ""sel_6th_pre_req"": ""137"", ""sel_6th_pre_bid"": ""+160900"", ""sel_5th_pre_req_pre"": ""0"", ""sel_5th_pre_req"": ""297"", ""sel_5th_pre_bid"": ""+160800"", ""sel_4th_pre_req_pre"": ""0"", ""sel_4th_pre_req"": ""182"", ""sel_4th_pre_bid"": ""+160700"", ""sel_3th_pre_req_pre"": ""0"", ""sel_3th_pre_req"": ""25"", ""sel_3th_pre_bid"": ""+160600"", ""sel_2th_pre_req_pre"": ""--52"", ""sel_2th_pre_req"": ""32"", ""sel_2th_pre_bid"": ""+160500"", ""sel_1th_pre_req_pre"": ""+65"", ""sel_fpr_req"": ""110"", ""sel_fpr_bid"": ""+160400"", ""buy_fpr_bid"": ""+160200"", ""buy_fpr_req"": ""9"", ""buy_1th_pre_req_pre"": ""0"", ""buy_2th_pre_bid"": ""+160100"", ""buy_2th_pre_req"": ""6"", ""buy_2th_pre_req_pre"": ""0"", ""buy_3th_pre_bid"": ""+160000"", ""buy_3th_pre_req"": ""97"", ""buy_3th_pre_req_pre"": ""0"", ""buy_4th_pre_bid"": ""+159900"", ""buy_4th_pre_req"": ""52"", ""buy_4th_pre_req_pre"": ""0"", ""buy_5th_pre_bid"": ""+159800"", ""buy_5th_pre_req"": ""22"", ""buy_5th_pre_req_pre"": ""0"", ""buy_6th_pre_bid"": ""+159700"", ""buy_6th_pre_req"": ""28"", ""buy_6th_pre_req_pre"": ""0"", ""buy_7th_pre_bid"": ""+159600"", ""buy_7th_pre_req"": ""47"", ""buy_7th_pre_req_pre"": ""0"", ""buy_8th_pre_bid"": ""+159500"", ""buy_8th_pre_req"": ""144"", ""buy_8th_pre_req_pre"": ""0"", ""buy_9th_pre_bid"": ""+159400"", ""buy_9th_pre_req"": ""81"", ""buy_9th_pre_req_pre"": ""0"", ""buy_10th_pre_bid"": ""+159300"", ""buy_10th_pre_req"": ""262"", ""buy_10th_pre_req_pre"": ""0"", ""tot_sel_req_jub_pre"": ""+13"", ""tot_sel_req"": ""4651"", ""tot_buy_req"": ""748"", ""tot_buy_req_jub_pre"": ""0"", ""ovt_sel_req_pre"": ""0"", ""ovt_sel_req"": ""0"", ""ovt_buy_req"": ""0"", ""ovt_buy_req_pre"": ""0"", ""return_code"": 0, ""return_msg"": ""정상적으로 처리되었습니다""}"
2026-06-10,scan_candidate,326030,,0,main_scan,88400,,88400,88300,88400,88600,0.11312217194570137,0.11312217194570137,,,,,,"{""bid_req_base_tm"": ""102332"", ""sel_10th_pre_req_pre"": ""0"", ""sel_10th_pre_req"": ""2"", ""sel_10th_pre_bid"": ""-89500"", ""sel_9th_pre_req_pre"": ""0"", ""sel_9th_pre_req"": ""2"", ""sel_9th_pre_bid"": ""-89400"", ""sel_8th_pre_req_pre"": ""0"", ""sel_8th_pre_req"": ""180"", ""sel_8th_pre_bid"": ""-89300"", ""sel_7th_pre_req_pre"": ""0"", ""sel_7th_pre_req"": ""21"", ""sel_7th_pre_bid"": ""-89200"", ""sel_6th_pre_req_pre"": ""0"", ""sel_6th_pre_req"": ""21"", ""sel_6th_pre_bid"": ""-89100"", ""sel_5th_pre_req_pre"": ""0"", ""sel_5th_pre_req"": ""2"", ""sel_5th_pre_bid"": ""-88900"", ""sel_4th_pre_req_pre"": ""0"", ""sel_4th_pre_req"": ""100"", ""sel_4th_pre_bid"": ""-88800"", ""sel_3th_pre_req_pre"": ""0"", ""sel_3th_pre_req"": ""56"", ""sel_3th_pre_bid"": ""-88600"", ""sel_2th_pre_req_pre"": ""0"", ""sel_2th_pre_req"": ""43"", ""sel_2th_pre_bid"": ""-88500"", ""sel_1th_pre_req_pre"": ""0"", ""sel_fpr_req"": ""263"", ""sel_fpr_bid"": ""-88400"", ""buy_fpr_bid"": ""-88300"", ""buy_fpr_req"": ""218"", ""buy_1th_pre_req_pre"": ""--19"", ""buy_2th_pre_bid"": ""-88200"", ""buy_2th_pre_req"": ""20"", ""buy_2th_pre_req_pre"": ""0"", ""buy_3th_pre_bid"": ""-88100"", ""buy_3th_pre_req"": ""71"", ""buy_3th_pre_req_pre"": ""0"", ""buy_4th_pre_bid"": ""-88000"", ""buy_4th_pre_req"": ""26"", ""buy_4th_pre_req_pre"": ""0"", ""buy_5th_pre_bid"": ""-87900"", ""buy_5th_pre_req"": ""116"", ""buy_5th_pre_req_pre"": ""0"", ""buy_6th_pre_bid"": ""-87800"", ""buy_6th_pre_req"": ""122"", ""buy_6th_pre_req_pre"": ""0"", ""buy_7th_pre_bid"": ""-87700"", ""buy_7th_pre_req"": ""246"", ""buy_7th_pre_req_pre"": ""0"", ""buy_8th_pre_bid"": ""-87600"", ""buy_8th_pre_req"": ""123"", ""buy_8th_pre_req_pre"": ""0"", ""buy_9th_pre_bid"": ""-87500"", ""buy_9th_pre_req"": ""483"", ""buy_9th_pre_req_pre"": ""0"", ""buy_10th_pre_bid"": ""-87400"", ""buy_10th_pre_req"": ""217"", ""buy_10th_pre_req_pre"": ""0"", ""tot_sel_req_jub_pre"": ""0"", ""tot_sel_req"": ""690"", ""tot_buy_req"": ""1642"", ""tot_buy_req_jub_pre"": ""--19"", ""ovt_sel_req_pre"": ""0"", ""ovt_sel_req"": ""0"", ""ovt_buy_req"": ""0"", ""ovt_buy_req_pre"": ""0"", ""return_code"": 0, ""return_msg"": ""정상적으로 처리되었습니다""}"
2026-06-10,scan_candidate,034220,,0,main_scan,13350,,13350,13300,13350,13300,-0.7490636704119851,0.37453183520599254,,,,,,"{""bid_req_base_tm"": ""102333"", ""sel_10th_pre_req_pre"": ""0"", ""sel_10th_pre_req"": ""16801"", ""sel_10th_pre_bid"": ""-13440"", ""sel_9th_pre_req_pre"": ""0"", ""sel_9th_pre_req"": ""383"", ""sel_9th_pre_bid"": ""-13430"", ""sel_8th_pre_req_pre"": ""0"", ""sel_8th_pre_req"": ""6236"", ""sel_8th_pre_bid"": ""-13420"", ""sel_7th_pre_req_pre"": ""0"", ""sel_7th_pre_req"": ""6752"", ""sel_7th_pre_bid"": ""-13410"", ""sel_6th_pre_req_pre"": ""0"", ""sel_6th_pre_req"": ""7671"", ""sel_6th_pre_bid"": ""-13400"", ""sel_5th_pre_req_pre"": ""0"", ""sel_5th_pre_req"": ""2596"", ""sel_5th_pre_bid"": ""-13390"", ""sel_4th_pre_req_pre"": ""0"", ""sel_4th_pre_req"": ""1654"", ""sel_4th_pre_bid"": ""-13380"", ""sel_3th_pre_req_pre"": ""0"", ""sel_3th_pre_req"": ""2691"", ""sel_3th_pre_bid"": ""-13370"", ""sel_2th_pre_req_pre"": ""0"", ""sel_2th_pre_req"": ""975"", ""sel_2th_pre_bid"": ""-13360"", ""sel_1th_pre_req_pre"": ""0"", ""sel_fpr_req"": ""462"", ""sel_fpr_bid"": ""-13350"", ""buy_fpr_bid"": ""-13300"", ""buy_fpr_req"": ""381"", ""buy_1th_pre_req_pre"": ""0"", ""buy_2th_pre_bid"": ""-13290"", ""buy_2th_pre_req"": ""86"", ""buy_2th_pre_req_pre"": ""0"", ""buy_3th_pre_bid"": ""-13280"", ""buy_3th_pre_req"": ""885"", ""buy_3th_pre_req_pre"": ""0"", ""buy_4th_pre_bid"": ""-13270"", ""buy_4th_pre_req"": ""1498"", ""buy_4th_pre_req_pre"": ""0"", ""buy_5th_pre_bid"": ""-13260"", ""buy_5th_pre_req"": ""2043"", ""buy_5th_pre_req_pre"": ""0"", ""buy_6th_pre_bid"": ""-13250"", ""buy_6th_pre_req"": ""2020"", ""buy_6th_pre_req_pre"": ""--5"", ""buy_7th_pre_bid"": ""-13240"", ""buy_7th_pre_req"": ""467"", ""buy_7th_pre_req_pre"": ""0"", ""buy_8th_pre_bid"": ""-13230"", ""buy_8th_pre_req"": ""1148"", ""buy_8th_pre_req_pre"": ""0"", ""buy_9th_pre_bid"": ""-13220"", ""buy_9th_pre_req"": ""701"", ""buy_9th_pre_req_pre"": ""0"", ""buy_10th_pre_bid"": ""-13210"", ""buy_10th_pre_req"": ""1189"", ""buy_10th_pre_req_pre"": ""0"", ""tot_sel_req_jub_pre"": ""0"", ""tot_sel_req"": ""46221"", ""tot_buy_req"": ""10418"", ""tot_buy_req_jub_pre"": ""--5"", ""ovt_sel_req_pre"": ""0"", ""ovt_sel_req"": ""0"", ""ovt_buy_req"": ""0"", ""ovt_buy_req_pre"": ""0"", ""return_code"": 0, ""return_msg"": ""정상적으로 처리되었습니다""}"
2026-06-10,scan_candidate,267270,,0,main_scan,149100,,149100,148800,149100,149000,-0.4024144869215292,0.2012072434607646,,,,,,"{""bid_req_base_tm"": ""102333"", ""sel_10th_pre_req_pre"": ""0"", ""sel_10th_pre_req"": ""5"", ""sel_10th_pre_bid"": ""+150300"", ""sel_9th_pre_req_pre"": ""0"", ""sel_9th_pre_req"": ""52"", ""sel_9th_pre_bid"": ""+150000"", ""sel_8th_pre_req_pre"": ""0"", ""sel_8th_pre_req"": ""32"", ""sel_8th_pre_bid"": ""+149800"", ""sel_7th_pre_req_pre"": ""0"", ""sel_7th_pre_req"": ""34"", ""sel_7th_pre_bid"": ""+149700"", ""sel_6th_pre_req_pre"": ""0"", ""sel_6th_pre_req"": ""49"", ""sel_6th_pre_bid"": ""+149600"", ""sel_5th_pre_req_pre"": ""0"", ""sel_5th_pre_req"": ""1"", ""sel_5th_pre_bid"": ""+149500"", ""sel_4th_pre_req_pre"": ""0"", ""sel_4th_pre_req"": ""29"", ""sel_4th_pre_bid"": ""+149400"", ""sel_3th_pre_req_pre"": ""0"", ""sel_3th_pre_req"": ""9"", ""sel_3th_pre_bid"": ""+149300"", ""sel_2th_pre_req_pre"": ""0"", ""sel_2th_pre_req"": ""32"", ""sel_2th_pre_bid"": ""+149200"", ""sel_1th_pre_req_pre"": ""+9"", ""sel_fpr_req"": ""217"", ""sel_fpr_bid"": ""+149100"", ""buy_fpr_bid"": ""+148800"", ""buy_fpr_req"": ""33"", ""buy_1th_pre_req_pre"": ""0"", ""buy_2th_pre_bid"": ""+148700"", ""buy_2th_pre_req"": ""13"", ""buy_2th_pre_req_pre"": ""0"", ""buy_3th_pre_bid"": ""+148600"", ""buy_3th_pre_req"": ""3"", ""buy_3th_pre_req_pre"": ""0"", ""buy_4th_pre_bid"": ""+148500"", ""buy_4th_pre_req"": ""20"", ""buy_4th_pre_req_pre"": ""0"", ""buy_5th_pre_bid"": ""+148400"", ""buy_5th_pre_req"": ""24"", ""buy_5th_pre_req_pre"": ""0"", ""buy_6th_pre_bid"": ""+148300"", ""buy_6th_pre_req"": ""4"", ""buy_6th_pre_req_pre"": ""0"", ""buy_7th_pre_bid"": ""+148200"", ""buy_7th_pre_req"": ""15"", ""buy_7th_pre_req_pre"": ""0"", ""buy_8th_pre_bid"": ""+148100"", ""buy_8th_pre_req"": ""319"", ""buy_8th_pre_req_pre"": ""0"", ""buy_9th_pre_bid"": ""+148000"", ""buy_9th_pre_req"": ""191"", ""buy_9th_pre_req_pre"": ""0"", ""buy_10th_pre_bid"": ""+147900"", ""buy_10th_pre_req"": ""100"", ""buy_10th_pre_req_pre"": ""0"", ""tot_sel_req_jub_pre"": ""+9"", ""tot_sel_req"": ""460"", ""tot_buy_req"": ""722"", ""tot_buy_req_jub_pre"": ""0"", ""ovt_sel_req_pre"": ""0"", ""ovt_sel_req"": ""0"", ""ovt_buy_req"": ""0"", ""ovt_buy_req_pre"": ""0"", ""return_code"": 0, ""return_msg"": ""정상적으로 처리되었습니다""}"
2026-06-10,scan_candidate,062040,,0,main_scan,228000,,228000,227500,228000,228500,0.0,0.21929824561403508,,,,,,"{""bid_req_base_tm"": ""102331"", ""sel_10th_pre_req_pre"": ""0"", ""sel_10th_pre_req"": ""632"", ""sel_10th_pre_bid"": ""+232500"", ""sel_9th_pre_req_pre"": ""0"", ""sel_9th_pre_req"": ""499"", ""sel_9th_pre_bid"": ""+232000"", ""sel_8th_pre_req_pre"": ""0"", ""sel_8th_pre_req"": ""142"", ""sel_8th_pre_bid"": ""+231500"", ""sel_7th_pre_req_pre"": ""0"", ""sel_7th_pre_req"": ""107"", ""sel_7th_pre_bid"": ""+231000"", ""sel_6th_pre_req_pre"": ""0"", ""sel_6th_pre_req"": ""22"", ""sel_6th_pre_bid"": ""+230500"", ""sel_5th_pre_req_pre"": ""0"", ""sel_5th_pre_req"": ""75"", ""sel_5th_pre_bid"": ""+230000"", ""sel_4th_pre_req_pre"": ""0"", ""sel_4th_pre_req"": ""20"", ""sel_4th_pre_bid"": ""+229500"", ""sel_3th_pre_req_pre"": ""0"", ""sel_3th_pre_req"": ""19"", ""sel_3th_pre_bid"": ""+229000"", ""sel_2th_pre_req_pre"": ""0"", ""sel_2th_pre_req"": ""56"", ""sel_2th_pre_bid"": ""+228500"", ""sel_1th_pre_req_pre"": ""0"", ""sel_fpr_req"": ""88"", ""sel_fpr_bid"": ""+228000"", ""buy_fpr_bid"": ""+227500"", ""buy_fpr_req"": ""221"", ""buy_1th_pre_req_pre"": ""0"", ""buy_2th_pre_bid"": ""+227000"", ""buy_2th_pre_req"": ""311"", ""buy_2th_pre_req_pre"": ""0"", ""buy_3th_pre_bid"": ""+226500"", ""buy_3th_pre_req"": ""174"", ""buy_3th_pre_req_pre"": ""0"", ""buy_4th_pre_bid"": ""+226000"", ""buy_4th_pre_req"": ""287"", ""buy_4th_pre_req_pre"": ""0"", ""buy_5th_pre_bid"": ""+225500"", ""buy_5th_pre_req"": ""484"", ""buy_5th_pre_req_pre"": ""0"", ""buy_6th_pre_bid"": ""225000"", ""buy_6th_pre_req"": ""632"", ""buy_6th_pre_req_pre"": ""0"", ""buy_7th_pre_bid"": ""-224500"", ""buy_7th_pre_req"": ""70"", ""buy_7th_pre_req_pre"": ""0"", ""buy_8th_pre_bid"": ""-224000"", ""buy_8th_pre_req"": ""188"", ""buy_8th_pre_req_pre"": ""0"", ""buy_9th_pre_bid"": ""-223500"", ""buy_9th_pre_req"": ""247"", ""buy_9th_pre_req_pre"": ""0"", ""buy_10th_pre_bid"": ""-223000"", ""buy_10th_pre_req"": ""107"", ""buy_10th_pre_req_pre"": ""0"", ""tot_sel_req_jub_pre"": ""0"", ""tot_sel_req"": ""1660"", ""tot_buy_req"": ""2721"", ""tot_buy_req_jub_pre"": ""0"", ""ovt_sel_req_pre"": ""0"", ""ovt_sel_req"": ""0"", ""ovt_buy_req"": ""0"", ""ovt_buy_req_pre"": ""0"", ""return_code"": 0, ""return_msg"": ""정상적으로 처리되었습니다""}"
2026-06-10,scan_candidate,078930,,0,main_scan,73300,,73300,73200,73300,72800,-0.8185538881309686,0.1364256480218281,,,,,,"{""bid_req_base_tm"": ""102331"", ""sel_10th_pre_req_pre"": ""0"", ""sel_10th_pre_req"": ""91"", ""sel_10th_pre_bid"": ""+74200"", ""sel_9th_pre_req_pre"": ""0"", ""sel_9th_pre_req"": ""200"", ""sel_9th_pre_bid"": ""+74100"", ""sel_8th_pre_req_pre"": ""0"", ""sel_8th_pre_req"": ""110"", ""sel_8th_pre_bid"": ""+74000"", ""sel_7th_pre_req_pre"": ""0"", ""sel_7th_pre_req"": ""202"", ""sel_7th_pre_bid"": ""+73900"", ""sel_6th_pre_req_pre"": ""0"", ""sel_6th_pre_req"": ""18"", ""sel_6th_pre_bid"": ""73800"", ""sel_5th_pre_req_pre"": ""0"", ""sel_5th_pre_req"": ""56"", ""sel_5th_pre_bid"": ""-73700"", ""sel_4th_pre_req_pre"": ""0"", ""sel_4th_pre_req"": ""94"", ""sel_4th_pre_bid"": ""-73600"", ""sel_3th_pre_req_pre"": ""0"", ""sel_3th_pre_req"": ""154"", ""sel_3th_pre_bid"": ""-73500"", ""sel_2th_pre_req_pre"": ""0"", ""sel_2th_pre_req"": ""96"", ""sel_2th_pre_bid"": ""-73400"", ""sel_1th_pre_req_pre"": ""0"", ""sel_fpr_req"": ""524"", ""sel_fpr_bid"": ""-73300"", ""buy_fpr_bid"": ""-73200"", ""buy_fpr_req"": ""61"", ""buy_1th_pre_req_pre"": ""0"", ""buy_2th_pre_bid"": ""-73100"", ""buy_2th_pre_req"": ""220"", ""buy_2th_pre_req_pre"": ""0"", ""buy_3th_pre_bid"": ""-73000"", ""buy_3th_pre_req"": ""30"", ""buy_3th_pre_req_pre"": ""0"", ""buy_4th_pre_bid"": ""-72900"", ""buy_4th_pre_req"": ""60"", ""buy_4th_pre_req_pre"": ""+50"", ""buy_5th_pre_bid"": ""-72800"", ""buy_5th_pre_req"": ""20"", ""buy_5th_pre_req_pre"": ""--50"", ""buy_6th_pre_bid"": ""-72700"", ""buy_6th_pre_req"": ""50"", ""buy_6th_pre_req_pre"": ""0"", ""buy_7th_pre_bid"": ""-72500"", ""buy_7th_pre_req"": ""10"", ""buy_7th_pre_req_pre"": ""0"", ""buy_8th_pre_bid"": ""-72400"", ""buy_8th_pre_req"": ""1"", ""buy_8th_pre_req_pre"": ""0"", ""buy_9th_pre_bid"": ""-72300"", ""buy_9th_pre_req"": ""51"", ""buy_9th_pre_req_pre"": ""0"", ""buy_10th_pre_bid"": ""-72200"", ""buy_10th_pre_req"": ""266"", ""buy_10th_pre_req_pre"": ""0"", ""tot_sel_req_jub_pre"": ""0"", ""tot_sel_req"": ""1545"", ""tot_buy_req"": ""769"", ""tot_buy_req_jub_pre"": ""0"", ""ovt_sel_req_pre"": ""0"", ""ovt_sel_req"": ""0"", ""ovt_buy_req"": ""0"", ""ovt_buy_req_pre"": ""0"", ""return_code"": 0, ""return_msg"": ""정상적으로 처리되었습니다""}"
2026-06-10,scan_candidate,090430,,0,main_scan,112600,,112600,112500,112600,112500,-0.5328596802841918,0.08880994671403197,,,,,,"{""bid_req_base_tm"": ""102332"", ""sel_10th_pre_req_pre"": ""0"", ""sel_10th_pre_req"": ""270"", ""sel_10th_pre_bid"": ""+113500"", ""sel_9th_pre_req_pre"": ""0"", ""sel_9th_pre_req"": ""171"", ""sel_9th_pre_bid"": ""+113400"", ""sel_8th_pre_req_pre"": ""0"", ""sel_8th_pre_req"": ""55"", ""sel_8th_pre_bid"": ""+113300"", ""sel_7th_pre_req_pre"": ""0"", ""sel_7th_pre_req"": ""25"", ""sel_7th_pre_bid"": ""+113200"", ""sel_6th_pre_req_pre"": ""0"", ""sel_6th_pre_req"": ""64"", ""sel_6th_pre_bid"": ""+113100"", ""sel_5th_pre_req_pre"": ""0"", ""sel_5th_pre_req"": ""67"", ""sel_5th_pre_bid"": ""+113000"", ""sel_4th_pre_req_pre"": ""0"", ""sel_4th_pre_req"": ""200"", ""sel_4th_pre_bid"": ""+112900"", ""sel_3th_pre_req_pre"": ""0"", ""sel_3th_pre_req"": ""226"", ""sel_3th_pre_bid"": ""+112800"", ""sel_2th_pre_req_pre"": ""0"", ""sel_2th_pre_req"": ""151"", ""sel_2th_pre_bid"": ""+112700"", ""sel_1th_pre_req_pre"": ""0"", ""sel_fpr_req"": ""40"", ""sel_fpr_bid"": ""+112600"", ""buy_fpr_bid"": ""+112500"", ""buy_fpr_req"": ""202"", ""buy_1th_pre_req_pre"": ""0"", ""buy_2th_pre_bid"": ""+112400"", ""buy_2th_pre_req"": ""41"", ""buy_2th_pre_req_pre"": ""0"", ""buy_3th_pre_bid"": ""+112300"", ""buy_3th_pre_req"": ""42"", ""buy_3th_pre_req_pre"": ""+20"", ""buy_4th_pre_bid"": ""+112200"", ""buy_4th_pre_req"": ""69"", ""buy_4th_pre_req_pre"": ""0"", ""buy_5th_pre_bid"": ""+112100"", ""buy_5th_pre_req"": ""75"", ""buy_5th_pre_req_pre"": ""0"", ""buy_6th_pre_bid"": ""112000"", ""buy_6th_pre_req"": ""57"", ""buy_6th_pre_req_pre"": ""0"", ""buy_7th_pre_bid"": ""-111900"", ""buy_7th_pre_req"": ""32"", ""buy_7th_pre_req_pre"": ""0"", ""buy_8th_pre_bid"": ""-111800"", ""buy_8th_pre_req"": ""137"", ""buy_8th_pre_req_pre"": ""0"", ""buy_9th_pre_bid"": ""-111700"", ""buy_9th_pre_req"": ""203"", ""buy_9th_pre_req_pre"": ""0"", ""buy_10th_pre_bid"": ""-111600"", ""buy_10th_pre_req"": ""49"", ""buy_10th_pre_req_pre"": ""0"", ""tot_sel_req_jub_pre"": ""0"", ""tot_sel_req"": ""1269"", ""tot_buy_req"": ""907"", ""tot_buy_req_jub_pre"": ""+20"", ""ovt_sel_req_pre"": ""0"", ""ovt_sel_req"": ""0"", ""ovt_buy_req"": ""0"", ""ovt_buy_req_pre"": ""0"", ""return_code"": 0, ""return_msg"": ""정상적으로 처리되었습니다""}"
2026-06-10,scan_candidate,004170,,0,main_scan,673000,,673000,672000,673000,675000,0.1485884101040119,0.1485884101040119,,,,,,"{""bid_req_base_tm"": ""102334"", ""sel_10th_pre_req_pre"": ""0"", ""sel_10th_pre_req"": ""6"", ""sel_10th_pre_bid"": ""+682000"", ""sel_9th_pre_req_pre"": ""0"", ""sel_9th_pre_req"": ""13"", ""sel_9th_pre_bid"": ""+681000"", ""sel_8th_pre_req_pre"": ""0"", ""sel_8th_pre_req"": ""120"", ""sel_8th_pre_bid"": ""+680000"", ""sel_7th_pre_req_pre"": ""0"", ""sel_7th_pre_req"": ""32"", ""sel_7th_pre_bid"": ""+679000"", ""sel_6th_pre_req_pre"": ""0"", ""sel_6th_pre_req"": ""60"", ""sel_6th_pre_bid"": ""+678000"", ""sel_5th_pre_req_pre"": ""0"", ""sel_5th_pre_req"": ""3"", ""sel_5th_pre_bid"": ""+677000"", ""sel_4th_pre_req_pre"": ""0"", ""sel_4th_pre_req"": ""23"", ""sel_4th_pre_bid"": ""+676000"", ""sel_3th_pre_req_pre"": ""0"", ""sel_3th_pre_req"": ""36"", ""sel_3th_pre_bid"": ""+675000"", ""sel_2th_pre_req_pre"": ""0"", ""sel_2th_pre_req"": ""11"", ""sel_2th_pre_bid"": ""+674000"", ""sel_1th_pre_req_pre"": ""0"", ""sel_fpr_req"": ""92"", ""sel_fpr_bid"": ""+673000"", ""buy_fpr_bid"": ""+672000"", ""buy_fpr_req"": ""8"", ""buy_1th_pre_req_pre"": ""+1"", ""buy_2th_pre_bid"": ""+671000"", ""buy_2th_pre_req"": ""12"", ""buy_2th_pre_req_pre"": ""0"", ""buy_3th_pre_bid"": ""+670000"", ""buy_3th_pre_req"": ""372"", ""buy_3th_pre_req_pre"": ""0"", ""buy_4th_pre_bid"": ""+669000"", ""buy_4th_pre_req"": ""3"", ""buy_4th_pre_req_pre"": ""0"", ""buy_5th_pre_bid"": ""+668000"", ""buy_5th_pre_req"": ""11"", ""buy_5th_pre_req_pre"": ""0"", ""buy_6th_pre_bid"": ""+667000"", ""buy_6th_pre_req"": ""82"", ""buy_6th_pre_req_pre"": ""0"", ""buy_7th_pre_bid"": ""+665000"", ""buy_7th_pre_req"": ""764"", ""buy_7th_pre_req_pre"": ""0"", ""buy_8th_pre_bid"": ""+664000"", ""buy_8th_pre_req"": ""14"", ""buy_8th_pre_req_pre"": ""0"", ""buy_9th_pre_bid"": ""+663000"", ""buy_9th_pre_req"": ""85"", ""buy_9th_pre_req_pre"": ""0"", ""buy_10th_pre_bid"": ""+662000"", ""buy_10th_pre_req"": ""49"", ""buy_10th_pre_req_pre"": ""0"", ""tot_sel_req_jub_pre"": ""0"", ""tot_sel_req"": ""396"", ""tot_buy_req"": ""1400"", ""tot_buy_req_jub_pre"": ""+1"", ""ovt_sel_req_pre"": ""0"", ""ovt_sel_req"": ""0"", ""ovt_buy_req"": ""0"", ""ovt_buy_req_pre"": ""0"", ""return_code"": 0, ""return_msg"": ""정상적으로 처리되었습니다""}"
2026-06-10,scan_candidate,036570,,0,main_scan,258500,,258500,258000,258500,259000,0.0,0.19342359767891684,,,,,,"{""bid_req_base_tm"": ""102334"", ""sel_10th_pre_req_pre"": ""0"", ""sel_10th_pre_req"": ""46"", ""sel_10th_pre_bid"": ""-263000"", ""sel_9th_pre_req_pre"": ""0"", ""sel_9th_pre_req"": ""18"", ""sel_9th_pre_bid"": ""-262500"", ""sel_8th_pre_req_pre"": ""0"", ""sel_8th_pre_req"": ""77"", ""sel_8th_pre_bid"": ""-262000"", ""sel_7th_pre_req_pre"": ""0"", ""sel_7th_pre_req"": ""14"", ""sel_7th_pre_bid"": ""-261500"", ""sel_6th_pre_req_pre"": ""0"", ""sel_6th_pre_req"": ""16"", ""sel_6th_pre_bid"": ""-261000"", ""sel_5th_pre_req_pre"": ""0"", ""sel_5th_pre_req"": ""17"", ""sel_5th_pre_bid"": ""-260500"", ""sel_4th_pre_req_pre"": ""0"", ""sel_4th_pre_req"": ""103"", ""sel_4th_pre_bid"": ""-260000"", ""sel_3th_pre_req_pre"": ""+48"", ""sel_3th_pre_req"": ""75"", ""sel_3th_pre_bid"": ""-259500"", ""sel_2th_pre_req_pre"": ""--48"", ""sel_2th_pre_req"": ""13"", ""sel_2th_pre_bid"": ""-259000"", ""sel_1th_pre_req_pre"": ""0"", ""sel_fpr_req"": ""130"", ""sel_fpr_bid"": ""-258500"", ""buy_fpr_bid"": ""-258000"", ""buy_fpr_req"": ""40"", ""buy_1th_pre_req_pre"": ""0"", ""buy_2th_pre_bid"": ""-257500"", ""buy_2th_pre_req"": ""108"", ""buy_2th_pre_req_pre"": ""0"", ""buy_3th_pre_bid"": ""-257000"", ""buy_3th_pre_req"": ""75"", ""buy_3th_pre_req_pre"": ""0"", ""buy_4th_pre_bid"": ""-256500"", ""buy_4th_pre_req"": ""30"", ""buy_4th_pre_req_pre"": ""0"", ""buy_5th_pre_bid"": ""-256000"", ""buy_5th_pre_req"": ""117"", ""buy_5th_pre_req_pre"": ""0"", ""buy_6th_pre_bid"": ""-255500"", ""buy_6th_pre_req"": ""118"", ""buy_6th_pre_req_pre"": ""0"", ""buy_7th_pre_bid"": ""-255000"", ""buy_7th_pre_req"": ""297"", ""buy_7th_pre_req_pre"": ""0"", ""buy_8th_pre_bid"": ""-254500"", ""buy_8th_pre_req"": ""343"", ""buy_8th_pre_req_pre"": ""0"", ""buy_9th_pre_bid"": ""-254000"", ""buy_9th_pre_req"": ""304"", ""buy_9th_pre_req_pre"": ""0"", ""buy_10th_pre_bid"": ""-253500"", ""buy_10th_pre_req"": ""463"", ""buy_10th_pre_req_pre"": ""0"", ""tot_sel_req_jub_pre"": ""--3"", ""tot_sel_req"": ""509"", ""tot_buy_req"": ""1895"", ""tot_buy_req_jub_pre"": ""--689"", ""ovt_sel_req_pre"": ""0"", ""ovt_sel_req"": ""0"", ""ovt_buy_req"": ""0"", ""ovt_buy_req_pre"": ""0"", ""return_code"": 0, ""return_msg"": ""정상적으로 처리되었습니다""}"
2026-06-10,scan_candidate,271560,,0,main_scan,131900,,131900,131800,131900,132500,0.0758150113722517,0.0758150113722517,,,,,,"{""bid_req_base_tm"": ""102330"", ""sel_10th_pre_req_pre"": ""0"", ""sel_10th_pre_req"": ""26"", ""sel_10th_pre_bid"": ""+133600"", ""sel_9th_pre_req_pre"": ""0"", ""sel_9th_pre_req"": ""27"", ""sel_9th_pre_bid"": ""+133500"", ""sel_8th_pre_req_pre"": ""0"", ""sel_8th_pre_req"": ""3"", ""sel_8th_pre_bid"": ""+133300"", ""sel_7th_pre_req_pre"": ""0"", ""sel_7th_pre_req"": ""3"", ""sel_7th_pre_bid"": ""+133200"", ""sel_6th_pre_req_pre"": ""0"", ""sel_6th_pre_req"": ""2"", ""sel_6th_pre_bid"": ""-132800"", ""sel_5th_pre_req_pre"": ""0"", ""sel_5th_pre_req"": ""35"", ""sel_5th_pre_bid"": ""-132700"", ""sel_4th_pre_req_pre"": ""0"", ""sel_4th_pre_req"": ""51"", ""sel_4th_pre_bid"": ""-132400"", ""sel_3th_pre_req_pre"": ""0"", ""sel_3th_pre_req"": ""7"", ""sel_3th_pre_bid"": ""-132300"", ""sel_2th_pre_req_pre"": ""0"", ""sel_2th_pre_req"": ""47"", ""sel_2th_pre_bid"": ""-132000"", ""sel_1th_pre_req_pre"": ""+12"", ""sel_fpr_req"": ""129"", ""sel_fpr_bid"": ""-131900"", ""buy_fpr_bid"": ""-131800"", ""buy_fpr_req"": ""110"", ""buy_1th_pre_req_pre"": ""0"", ""buy_2th_pre_bid"": ""-131700"", ""buy_2th_pre_req"": ""56"", ""buy_2th_pre_req_pre"": ""--4"", ""buy_3th_pre_bid"": ""-131600"", ""buy_3th_pre_req"": ""3"", ""buy_3th_pre_req_pre"": ""0"", ""buy_4th_pre_bid"": ""-131500"", ""buy_4th_pre_req"": ""380"", ""buy_4th_pre_req_pre"": ""0"", ""buy_5th_pre_bid"": ""-131300"", ""buy_5th_pre_req"": ""75"", ""buy_5th_pre_req_pre"": ""0"", ""buy_6th_pre_bid"": ""-131200"", ""buy_6th_pre_req"": ""100"", ""buy_6th_pre_req_pre"": ""0"", ""buy_7th_pre_bid"": ""-131100"", ""buy_7th_pre_req"": ""30"", ""buy_7th_pre_req_pre"": ""0"", ""buy_8th_pre_bid"": ""-131000"", ""buy_8th_pre_req"": ""1"", ""buy_8th_pre_req_pre"": ""0"", ""buy_9th_pre_bid"": ""-130900"", ""buy_9th_pre_req"": ""1"", ""buy_9th_pre_req_pre"": ""0"", ""buy_10th_pre_bid"": ""-130700"", ""buy_10th_pre_req"": ""1"", ""buy_10th_pre_req_pre"": ""0"", ""tot_sel_req_jub_pre"": ""+12"", ""tot_sel_req"": ""330"", ""tot_buy_req"": ""757"", ""tot_buy_req_jub_pre"": ""--4"", ""ovt_sel_req_pre"": ""0"", ""ovt_sel_req"": ""0"", ""ovt_buy_req"": ""0"", ""ovt_buy_req_pre"": ""0"", ""return_code"": 0, ""return_msg"": ""정상적으로 처리되었습니다""}"
2026-06-10,scan_candidate,023530,,0,main_scan,193700,,193700,193400,193700,192500,-0.8776458440887971,0.15487867836861124,,,,,,"{""bid_req_base_tm"": ""102334"", ""sel_10th_pre_req_pre"": ""0"", ""sel_10th_pre_req"": ""56"", ""sel_10th_pre_bid"": ""+194600"", ""sel_9th_pre_req_pre"": ""0"", ""sel_9th_pre_req"": ""170"", ""sel_9th_pre_bid"": ""+194500"", ""sel_8th_pre_req_pre"": ""0"", ""sel_8th_pre_req"": ""54"", ""sel_8th_pre_bid"": ""+194400"", ""sel_7th_pre_req_pre"": ""0"", ""sel_7th_pre_req"": ""2"", ""sel_7th_pre_bid"": ""+194300"", ""sel_6th_pre_req_pre"": ""0"", ""sel_6th_pre_req"": ""12"", ""sel_6th_pre_bid"": ""+194200"", ""sel_5th_pre_req_pre"": ""0"", ""sel_5th_pre_req"": ""32"", ""sel_5th_pre_bid"": ""+194100"", ""sel_4th_pre_req_pre"": ""0"", ""sel_4th_pre_req"": ""205"", ""sel_4th_pre_bid"": ""+194000"", ""sel_3th_pre_req_pre"": ""0"", ""sel_3th_pre_req"": ""7"", ""sel_3th_pre_bid"": ""+193900"", ""sel_2th_pre_req_pre"": ""0"", ""sel_2th_pre_req"": ""59"", ""sel_2th_pre_bid"": ""+193800"", ""sel_1th_pre_req_pre"": ""+1"", ""sel_fpr_req"": ""18"", ""sel_fpr_bid"": ""+193700"", ""buy_fpr_bid"": ""+193400"", ""buy_fpr_req"": ""15"", ""buy_1th_pre_req_pre"": ""0"", ""buy_2th_pre_bid"": ""+193300"", ""buy_2th_pre_req"": ""14"", ""buy_2th_pre_req_pre"": ""0"", ""buy_3th_pre_bid"": ""+193200"", ""buy_3th_pre_req"": ""37"", ""buy_3th_pre_req_pre"": ""0"", ""buy_4th_pre_bid"": ""+193100"", ""buy_4th_pre_req"": ""14"", ""buy_4th_pre_req_pre"": ""0"", ""buy_5th_pre_bid"": ""+193000"", ""buy_5th_pre_req"": ""27"", ""buy_5th_pre_req_pre"": ""0"", ""buy_6th_pre_bid"": ""+192900"", ""buy_6th_pre_req"": ""24"", ""buy_6th_pre_req_pre"": ""0"", ""buy_7th_pre_bid"": ""+192800"", ""buy_7th_pre_req"": ""14"", ""buy_7th_pre_req_pre"": ""0"", ""buy_8th_pre_bid"": ""+192700"", ""buy_8th_pre_req"": ""5"", ""buy_8th_pre_req_pre"": ""0"", ""buy_9th_pre_bid"": ""+192100"", ""buy_9th_pre_req"": ""1"", ""buy_9th_pre_req_pre"": ""0"", ""buy_10th_pre_bid"": ""+191700"", ""buy_10th_pre_req"": ""3"", ""buy_10th_pre_req_pre"": ""0"", ""tot_sel_req_jub_pre"": ""+1"", ""tot_sel_req"": ""615"", ""tot_buy_req"": ""154"", ""tot_buy_req_jub_pre"": ""0"", ""ovt_sel_req_pre"": ""0"", ""ovt_sel_req"": ""0"", ""ovt_buy_req"": ""0"", ""ovt_buy_req_pre"": ""0"", ""return_code"": 0, ""return_msg"": ""정상적으로 처리되었습니다""}"
2026-06-10,scan_candidate,175330,,0,main_scan,25550,,25550,25500,25550,25550,-0.19569471624266144,0.19569471624266144,,,,,,"{""bid_req_base_tm"": ""102328"", ""sel_10th_pre_req_pre"": ""0"", ""sel_10th_pre_req"": ""233"", ""sel_10th_pre_bid"": ""+26000"", ""sel_9th_pre_req_pre"": ""0"", ""sel_9th_pre_req"": ""142"", ""sel_9th_pre_bid"": ""+25950"", ""sel_8th_pre_req_pre"": ""0"", ""sel_8th_pre_req"": ""532"", ""sel_8th_pre_bid"": ""25900"", ""sel_7th_pre_req_pre"": ""0"", ""sel_7th_pre_req"": ""454"", ""sel_7th_pre_bid"": ""-25850"", ""sel_6th_pre_req_pre"": ""0"", ""sel_6th_pre_req"": ""158"", ""sel_6th_pre_bid"": ""-25800"", ""sel_5th_pre_req_pre"": ""0"", ""sel_5th_pre_req"": ""286"", ""sel_5th_pre_bid"": ""-25750"", ""sel_4th_pre_req_pre"": ""0"", ""sel_4th_pre_req"": ""40"", ""sel_4th_pre_bid"": ""-25700"", ""sel_3th_pre_req_pre"": ""0"", ""sel_3th_pre_req"": ""335"", ""sel_3th_pre_bid"": ""-25650"", ""sel_2th_pre_req_pre"": ""0"", ""sel_2th_pre_req"": ""678"", ""sel_2th_pre_bid"": ""-25600"", ""sel_1th_pre_req_pre"": ""0"", ""sel_fpr_req"": ""1548"", ""sel_fpr_bid"": ""-25550"", ""buy_fpr_bid"": ""-25500"", ""buy_fpr_req"": ""796"", ""buy_1th_pre_req_pre"": ""+25"", ""buy_2th_pre_bid"": ""-25450"", ""buy_2th_pre_req"": ""1102"", ""buy_2th_pre_req_pre"": ""0"", ""buy_3th_pre_bid"": ""-25400"", ""buy_3th_pre_req"": ""605"", ""buy_3th_pre_req_pre"": ""0"", ""buy_4th_pre_bid"": ""-25350"", ""buy_4th_pre_req"": ""351"", ""buy_4th_pre_req_pre"": ""0"", ""buy_5th_pre_bid"": ""-25300"", ""buy_5th_pre_req"": ""389"", ""buy_5th_pre_req_pre"": ""0"", ""buy_6th_pre_bid"": ""-25250"", ""buy_6th_pre_req"": ""484"", ""buy_6th_pre_req_pre"": ""0"", ""buy_7th_pre_bid"": ""-25200"", ""buy_7th_pre_req"": ""209"", ""buy_7th_pre_req_pre"": ""0"", ""buy_8th_pre_bid"": ""-25150"", ""buy_8th_pre_req"": ""773"", ""buy_8th_pre_req_pre"": ""0"", ""buy_9th_pre_bid"": ""-25100"", ""buy_9th_pre_req"": ""475"", ""buy_9th_pre_req_pre"": ""0"", ""buy_10th_pre_bid"": ""-25050"", ""buy_10th_pre_req"": ""398"", ""buy_10th_pre_req_pre"": ""0"", ""tot_sel_req_jub_pre"": ""0"", ""tot_sel_req"": ""4406"", ""tot_buy_req"": ""5582"", ""tot_buy_req_jub_pre"": ""+25"", ""ovt_sel_req_pre"": ""0"", ""ovt_sel_req"": ""0"", ""ovt_buy_req"": ""0"", ""ovt_buy_req_pre"": ""0"", ""return_code"": 0, ""return_msg"": ""정상적으로 처리되었습니다""}"
2026-06-10,scan_candidate,088350,,0,main_scan,4900,,4900,4890,4900,4905,0.0,0.20408163265306123,,,,,,"{""bid_req_base_tm"": ""102335"", ""sel_10th_pre_req_pre"": ""0"", ""sel_10th_pre_req"": ""1152"", ""sel_10th_pre_bid"": ""-4965"", ""sel_9th_pre_req_pre"": ""0"", ""sel_9th_pre_req"": ""4372"", ""sel_9th_pre_bid"": ""-4960"", ""sel_8th_pre_req_pre"": ""0"", ""sel_8th_pre_req"": ""413"", ""sel_8th_pre_bid"": ""-4955"", ""sel_7th_pre_req_pre"": ""0"", ""sel_7th_pre_req"": ""6946"", ""sel_7th_pre_bid"": ""-4950"", ""sel_6th_pre_req_pre"": ""0"", ""sel_6th_pre_req"": ""1221"", ""sel_6th_pre_bid"": ""-4945"", ""sel_5th_pre_req_pre"": ""0"", ""sel_5th_pre_req"": ""2055"", ""sel_5th_pre_bid"": ""-4940"", ""sel_4th_pre_req_pre"": ""0"", ""sel_4th_pre_req"": ""1900"", ""sel_4th_pre_bid"": ""-4935"", ""sel_3th_pre_req_pre"": ""0"", ""sel_3th_pre_req"": ""2905"", ""sel_3th_pre_bid"": ""-4920"", ""sel_2th_pre_req_pre"": ""0"", ""sel_2th_pre_req"": ""1998"", ""sel_2th_pre_bid"": ""-4905"", ""sel_1th_pre_req_pre"": ""0"", ""sel_fpr_req"": ""4302"", ""sel_fpr_bid"": ""-4900"", ""buy_fpr_bid"": ""-4890"", ""buy_fpr_req"": ""2420"", ""buy_1th_pre_req_pre"": ""0"", ""buy_2th_pre_bid"": ""-4885"", ""buy_2th_pre_req"": ""1856"", ""buy_2th_pre_req_pre"": ""0"", ""buy_3th_pre_bid"": ""-4880"", ""buy_3th_pre_req"": ""1613"", ""buy_3th_pre_req_pre"": ""0"", ""buy_4th_pre_bid"": ""-4875"", ""buy_4th_pre_req"": ""1616"", ""buy_4th_pre_req_pre"": ""0"", ""buy_5th_pre_bid"": ""-4870"", ""buy_5th_pre_req"": ""702"", ""buy_5th_pre_req_pre"": ""0"", ""buy_6th_pre_bid"": ""-4865"", ""buy_6th_pre_req"": ""1229"", ""buy_6th_pre_req_pre"": ""0"", ""buy_7th_pre_bid"": ""-4860"", ""buy_7th_pre_req"": ""2621"", ""buy_7th_pre_req_pre"": ""0"", ""buy_8th_pre_bid"": ""-4855"", ""buy_8th_pre_req"": ""111"", ""buy_8th_pre_req_pre"": ""0"", ""buy_9th_pre_bid"": ""-4850"", ""buy_9th_pre_req"": ""15632"", ""buy_9th_pre_req_pre"": ""0"", ""buy_10th_pre_bid"": ""-4845"", ""buy_10th_pre_req"": ""576"", ""buy_10th_pre_req_pre"": ""+1"", ""tot_sel_req_jub_pre"": ""0"", ""tot_sel_req"": ""27264"", ""tot_buy_req"": ""28376"", ""tot_buy_req_jub_pre"": ""+1"", ""ovt_sel_req_pre"": ""0"", ""ovt_sel_req"": ""0"", ""ovt_buy_req"": ""0"", ""ovt_buy_req_pre"": ""0"", ""return_code"": 0, ""return_msg"": ""정상적으로 처리되었습니다""}"
2026-06-10,scan_candidate,069960,,0,main_scan,165100,,165100,165000,165100,165500,-0.06056935190793458,0.06056935190793458,,,,,,"{""bid_req_base_tm"": ""102335"", ""sel_10th_pre_req_pre"": ""0"", ""sel_10th_pre_req"": ""2"", ""sel_10th_pre_bid"": ""-166300"", ""sel_9th_pre_req_pre"": ""0"", ""sel_9th_pre_req"": ""14"", ""sel_9th_pre_bid"": ""-166100"", ""sel_8th_pre_req_pre"": ""0"", ""sel_8th_pre_req"": ""5"", ""sel_8th_pre_bid"": ""-165900"", ""sel_7th_pre_req_pre"": ""0"", ""sel_7th_pre_req"": ""122"", ""sel_7th_pre_bid"": ""-165800"", ""sel_6th_pre_req_pre"": ""0"", ""sel_6th_pre_req"": ""2"", ""sel_6th_pre_bid"": ""-165700"", ""sel_5th_pre_req_pre"": ""0"", ""sel_5th_pre_req"": ""18"", ""sel_5th_pre_bid"": ""-165600"", ""sel_4th_pre_req_pre"": ""0"", ""sel_4th_pre_req"": ""7"", ""sel_4th_pre_bid"": ""-165500"", ""sel_3th_pre_req_pre"": ""0"", ""sel_3th_pre_req"": ""14"", ""sel_3th_pre_bid"": ""-165300"", ""sel_2th_pre_req_pre"": ""0"", ""sel_2th_pre_req"": ""68"", ""sel_2th_pre_bid"": ""-165200"", ""sel_1th_pre_req_pre"": ""+8"", ""sel_fpr_req"": ""165"", ""sel_fpr_bid"": ""-165100"", ""buy_fpr_bid"": ""-165000"", ""buy_fpr_req"": ""462"", ""buy_1th_pre_req_pre"": ""0"", ""buy_2th_pre_bid"": ""-164900"", ""buy_2th_pre_req"": ""30"", ""buy_2th_pre_req_pre"": ""0"", ""buy_3th_pre_bid"": ""-164300"", ""buy_3th_pre_req"": ""20"", ""buy_3th_pre_req_pre"": ""0"", ""buy_4th_pre_bid"": ""-164200"", ""buy_4th_pre_req"": ""49"", ""buy_4th_pre_req_pre"": ""0"", ""buy_5th_pre_bid"": ""-164100"", ""buy_5th_pre_req"": ""6"", ""buy_5th_pre_req_pre"": ""0"", ""buy_6th_pre_bid"": ""-164000"", ""buy_6th_pre_req"": ""3"", ""buy_6th_pre_req_pre"": ""0"", ""buy_7th_pre_bid"": ""-163900"", ""buy_7th_pre_req"": ""55"", ""buy_7th_pre_req_pre"": ""0"", ""buy_8th_pre_bid"": ""-163800"", ""buy_8th_pre_req"": ""2"", ""buy_8th_pre_req_pre"": ""0"", ""buy_9th_pre_bid"": ""-163500"", ""buy_9th_pre_req"": ""5"", ""buy_9th_pre_req_pre"": ""0"", ""buy_10th_pre_bid"": ""-163400"", ""buy_10th_pre_req"": ""6"", ""buy_10th_pre_req_pre"": ""0"", ""tot_sel_req_jub_pre"": ""+8"", ""tot_sel_req"": ""417"", ""tot_buy_req"": ""638"", ""tot_buy_req_jub_pre"": ""0"", ""ovt_sel_req_pre"": ""0"", ""ovt_sel_req"": ""0"", ""ovt_buy_req"": ""0"", ""ovt_buy_req_pre"": ""0"", ""return_code"": 0, ""return_msg"": ""정상적으로 처리되었습니다""}"
2026-06-10,scan_candidate,111770,,0,main_scan,78600,,78600,78500,78600,78000,-0.8905852417302799,0.1272264631043257,,,,,,"{""bid_req_base_tm"": ""102335"", ""sel_10th_pre_req_pre"": ""0"", ""sel_10th_pre_req"": ""131"", ""sel_10th_pre_bid"": ""+79900"", ""sel_9th_pre_req_pre"": ""0"", ""sel_9th_pre_req"": ""13"", ""sel_9th_pre_bid"": ""+79800"", ""sel_8th_pre_req_pre"": ""0"", ""sel_8th_pre_req"": ""11"", ""sel_8th_pre_bid"": ""+79700"", ""sel_7th_pre_req_pre"": ""0"", ""sel_7th_pre_req"": ""2"", ""sel_7th_pre_bid"": ""+79600"", ""sel_6th_pre_req_pre"": ""0"", ""sel_6th_pre_req"": ""11"", ""sel_6th_pre_bid"": ""+79500"", ""sel_5th_pre_req_pre"": ""0"", ""sel_5th_pre_req"": ""21"", ""sel_5th_pre_bid"": ""+79200"", ""sel_4th_pre_req_pre"": ""0"", ""sel_4th_pre_req"": ""31"", ""sel_4th_pre_bid"": ""+79100"", ""sel_3th_pre_req_pre"": ""0"", ""sel_3th_pre_req"": ""8"", ""sel_3th_pre_bid"": ""+79000"", ""sel_2th_pre_req_pre"": ""0"", ""sel_2th_pre_req"": ""21"", ""sel_2th_pre_bid"": ""+78700"", ""sel_1th_pre_req_pre"": ""0"", ""sel_fpr_req"": ""228"", ""sel_fpr_bid"": ""+78600"", ""buy_fpr_bid"": ""+78500"", ""buy_fpr_req"": ""32"", ""buy_1th_pre_req_pre"": ""0"", ""buy_2th_pre_bid"": ""+78300"", ""buy_2th_pre_req"": ""13"", ""buy_2th_pre_req_pre"": ""0"", ""buy_3th_pre_bid"": ""+78200"", ""buy_3th_pre_req"": ""13"", ""buy_3th_pre_req_pre"": ""0"", ""buy_4th_pre_bid"": ""+78100"", ""buy_4th_pre_req"": ""19"", ""buy_4th_pre_req_pre"": ""0"", ""buy_5th_pre_bid"": ""78000"", ""buy_5th_pre_req"": ""63"", ""buy_5th_pre_req_pre"": ""0"", ""buy_6th_pre_bid"": ""-77900"", ""buy_6th_pre_req"": ""47"", ""buy_6th_pre_req_pre"": ""0"", ""buy_7th_pre_bid"": ""-77800"", ""buy_7th_pre_req"": ""7"", ""buy_7th_pre_req_pre"": ""0"", ""buy_8th_pre_bid"": ""-77700"", ""buy_8th_pre_req"": ""7"", ""buy_8th_pre_req_pre"": ""0"", ""buy_9th_pre_bid"": ""-77500"", ""buy_9th_pre_req"": ""1"", ""buy_9th_pre_req_pre"": ""0"", ""buy_10th_pre_bid"": ""-77400"", ""buy_10th_pre_req"": ""7"", ""buy_10th_pre_req_pre"": ""0"", ""tot_sel_req_jub_pre"": ""0"", ""tot_sel_req"": ""477"", ""tot_buy_req"": ""209"", ""tot_buy_req_jub_pre"": ""0"", ""ovt_sel_req_pre"": ""0"", ""ovt_sel_req"": ""0"", ""ovt_buy_req"": ""0"", ""ovt_buy_req_pre"": ""0"", ""return_code"": 0, ""return_msg"": ""정상적으로 처리되었습니다""}"
2026-06-10,scan_candidate,489790,,0,main_scan,70300,,70300,70200,70300,70000,-0.5689900426742532,0.1422475106685633,,,,,,"{""bid_req_base_tm"": ""102335"", ""sel_10th_pre_req_pre"": ""0"", ""sel_10th_pre_req"": ""525"", ""sel_10th_pre_bid"": ""+71200"", ""sel_9th_pre_req_pre"": ""0"", ""sel_9th_pre_req"": ""551"", ""sel_9th_pre_bid"": ""+71100"", ""sel_8th_pre_req_pre"": ""0"", ""sel_8th_pre_req"": ""1469"", ""sel_8th_pre_bid"": ""+71000"", ""sel_7th_pre_req_pre"": ""0"", ""sel_7th_pre_req"": ""638"", ""sel_7th_pre_bid"": ""+70900"", ""sel_6th_pre_req_pre"": ""0"", ""sel_6th_pre_req"": ""17"", ""sel_6th_pre_bid"": ""+70800"", ""sel_5th_pre_req_pre"": ""0"", ""sel_5th_pre_req"": ""1071"", ""sel_5th_pre_bid"": ""+70700"", ""sel_4th_pre_req_pre"": ""0"", ""sel_4th_pre_req"": ""253"", ""sel_4th_pre_bid"": ""+70600"", ""sel_3th_pre_req_pre"": ""0"", ""sel_3th_pre_req"": ""318"", ""sel_3th_pre_bid"": ""+70500"", ""sel_2th_pre_req_pre"": ""0"", ""sel_2th_pre_req"": ""29"", ""sel_2th_pre_bid"": ""+70400"", ""sel_1th_pre_req_pre"": ""0"", ""sel_fpr_req"": ""237"", ""sel_fpr_bid"": ""+70300"", ""buy_fpr_bid"": ""+70200"", ""buy_fpr_req"": ""29"", ""buy_1th_pre_req_pre"": ""0"", ""buy_2th_pre_bid"": ""+70100"", ""buy_2th_pre_req"": ""52"", ""buy_2th_pre_req_pre"": ""0"", ""buy_3th_pre_bid"": ""+70000"", ""buy_3th_pre_req"": ""246"", ""buy_3th_pre_req_pre"": ""0"", ""buy_4th_pre_bid"": ""+69900"", ""buy_4th_pre_req"": ""97"", ""buy_4th_pre_req_pre"": ""0"", ""buy_5th_pre_bid"": ""+69800"", ""buy_5th_pre_req"": ""95"", ""buy_5th_pre_req_pre"": ""0"", ""buy_6th_pre_bid"": ""+69700"", ""buy_6th_pre_req"": ""55"", ""buy_6th_pre_req_pre"": ""0"", ""buy_7th_pre_bid"": ""+69600"", ""buy_7th_pre_req"": ""103"", ""buy_7th_pre_req_pre"": ""0"", ""buy_8th_pre_bid"": ""+69500"", ""buy_8th_pre_req"": ""99"", ""buy_8th_pre_req_pre"": ""0"", ""buy_9th_pre_bid"": ""+69400"", ""buy_9th_pre_req"": ""115"", ""buy_9th_pre_req_pre"": ""0"", ""buy_10th_pre_bid"": ""+69300"", ""buy_10th_pre_req"": ""10"", ""buy_10th_pre_req_pre"": ""0"", ""tot_sel_req_jub_pre"": ""0"", ""tot_sel_req"": ""5108"", ""tot_buy_req"": ""901"", ""tot_buy_req_jub_pre"": ""0"", ""ovt_sel_req_pre"": ""0"", ""ovt_sel_req"": ""0"", ""ovt_buy_req"": ""0"", ""ovt_buy_req_pre"": ""0"", ""return_code"": 0, ""return_msg"": ""정상적으로 처리되었습니다""}"
2026-06-10,scan_candidate,085620,,0,main_scan,22450,,22450,22400,22450,22450,-0.22271714922048996,0.22271714922048996,,,,,,"{""bid_req_base_tm"": ""102334"", ""sel_10th_pre_req_pre"": ""0"", ""sel_10th_pre_req"": ""962"", ""sel_10th_pre_bid"": ""-22900"", ""sel_9th_pre_req_pre"": ""0"", ""sel_9th_pre_req"": ""2042"", ""sel_9th_pre_bid"": ""-22850"", ""sel_8th_pre_req_pre"": ""0"", ""sel_8th_pre_req"": ""1939"", ""sel_8th_pre_bid"": ""-22800"", ""sel_7th_pre_req_pre"": ""0"", ""sel_7th_pre_req"": ""476"", ""sel_7th_pre_bid"": ""-22750"", ""sel_6th_pre_req_pre"": ""0"", ""sel_6th_pre_req"": ""1366"", ""sel_6th_pre_bid"": ""-22700"", ""sel_5th_pre_req_pre"": ""0"", ""sel_5th_pre_req"": ""802"", ""sel_5th_pre_bid"": ""-22650"", ""sel_4th_pre_req_pre"": ""0"", ""sel_4th_pre_req"": ""1785"", ""sel_4th_pre_bid"": ""-22600"", ""sel_3th_pre_req_pre"": ""0"", ""sel_3th_pre_req"": ""1163"", ""sel_3th_pre_bid"": ""-22550"", ""sel_2th_pre_req_pre"": ""0"", ""sel_2th_pre_req"": ""1136"", ""sel_2th_pre_bid"": ""-22500"", ""sel_1th_pre_req_pre"": ""0"", ""sel_fpr_req"": ""19"", ""sel_fpr_bid"": ""-22450"", ""buy_fpr_bid"": ""-22400"", ""buy_fpr_req"": ""506"", ""buy_1th_pre_req_pre"": ""0"", ""buy_2th_pre_bid"": ""-22350"", ""buy_2th_pre_req"": ""526"", ""buy_2th_pre_req_pre"": ""0"", ""buy_3th_pre_bid"": ""-22300"", ""buy_3th_pre_req"": ""505"", ""buy_3th_pre_req_pre"": ""0"", ""buy_4th_pre_bid"": ""-22250"", ""buy_4th_pre_req"": ""964"", ""buy_4th_pre_req_pre"": ""0"", ""buy_5th_pre_bid"": ""-22200"", ""buy_5th_pre_req"": ""1939"", ""buy_5th_pre_req_pre"": ""0"", ""buy_6th_pre_bid"": ""-22150"", ""buy_6th_pre_req"": ""2182"", ""buy_6th_pre_req_pre"": ""0"", ""buy_7th_pre_bid"": ""-22100"", ""buy_7th_pre_req"": ""1383"", ""buy_7th_pre_req_pre"": ""0"", ""buy_8th_pre_bid"": ""-22050"", ""buy_8th_pre_req"": ""2577"", ""buy_8th_pre_req_pre"": ""0"", ""buy_9th_pre_bid"": ""-22000"", ""buy_9th_pre_req"": ""2591"", ""buy_9th_pre_req_pre"": ""0"", ""buy_10th_pre_bid"": ""-21950"", ""buy_10th_pre_req"": ""2443"", ""buy_10th_pre_req_pre"": ""0"", ""tot_sel_req_jub_pre"": ""--2417"", ""tot_sel_req"": ""11690"", ""tot_buy_req"": ""15616"", ""tot_buy_req_jub_pre"": ""0"", ""ovt_sel_req_pre"": ""0"", ""ovt_sel_req"": ""0"", ""ovt_buy_req"": ""0"", ""ovt_buy_req_pre"": ""0"", ""return_code"": 0, ""return_msg"": ""정상적으로 처리되었습니다""}"
2026-06-10,scan_candidate,001450,,0,main_scan,37750,,37750,37700,37750,37950,0.3973509933774834,0.13245033112582782,,,,,,"{""bid_req_base_tm"": ""102336"", ""sel_10th_pre_req_pre"": ""0"", ""sel_10th_pre_req"": ""22"", ""sel_10th_pre_bid"": ""+38250"", ""sel_9th_pre_req_pre"": ""0"", ""sel_9th_pre_req"": ""54"", ""sel_9th_pre_bid"": ""+38200"", ""sel_8th_pre_req_pre"": ""0"", ""sel_8th_pre_req"": ""3"", ""sel_8th_pre_bid"": ""+38150"", ""sel_7th_pre_req_pre"": ""0"", ""sel_7th_pre_req"": ""30"", ""sel_7th_pre_bid"": ""+38100"", ""sel_6th_pre_req_pre"": ""0"", ""sel_6th_pre_req"": ""78"", ""sel_6th_pre_bid"": ""+38000"", ""sel_5th_pre_req_pre"": ""0"", ""sel_5th_pre_req"": ""80"", ""sel_5th_pre_bid"": ""+37950"", ""sel_4th_pre_req_pre"": ""0"", ""sel_4th_pre_req"": ""266"", ""sel_4th_pre_bid"": ""+37900"", ""sel_3th_pre_req_pre"": ""0"", ""sel_3th_pre_req"": ""109"", ""sel_3th_pre_bid"": ""+37850"", ""sel_2th_pre_req_pre"": ""0"", ""sel_2th_pre_req"": ""277"", ""sel_2th_pre_bid"": ""+37800"", ""sel_1th_pre_req_pre"": ""+75"", ""sel_fpr_req"": ""255"", ""sel_fpr_bid"": ""+37750"", ""buy_fpr_bid"": ""+37700"", ""buy_fpr_req"": ""111"", ""buy_1th_pre_req_pre"": ""0"", ""buy_2th_pre_bid"": ""+37650"", ""buy_2th_pre_req"": ""1160"", ""buy_2th_pre_req_pre"": ""0"", ""buy_3th_pre_bid"": ""+37600"", ""buy_3th_pre_req"": ""2750"", ""buy_3th_pre_req_pre"": ""0"", ""buy_4th_pre_bid"": ""+37550"", ""buy_4th_pre_req"": ""143"", ""buy_4th_pre_req_pre"": ""0"", ""buy_5th_pre_bid"": ""+37500"", ""buy_5th_pre_req"": ""427"", ""buy_5th_pre_req_pre"": ""0"", ""buy_6th_pre_bid"": ""+37450"", ""buy_6th_pre_req"": ""40"", ""buy_6th_pre_req_pre"": ""0"", ""buy_7th_pre_bid"": ""+37400"", ""buy_7th_pre_req"": ""35"", ""buy_7th_pre_req_pre"": ""0"", ""buy_8th_pre_bid"": ""+37350"", ""buy_8th_pre_req"": ""88"", ""buy_8th_pre_req_pre"": ""0"", ""buy_9th_pre_bid"": ""+37300"", ""buy_9th_pre_req"": ""117"", ""buy_9th_pre_req_pre"": ""0"", ""buy_10th_pre_bid"": ""+37250"", ""buy_10th_pre_req"": ""237"", ""buy_10th_pre_req_pre"": ""0"", ""tot_sel_req_jub_pre"": ""+75"", ""tot_sel_req"": ""1174"", ""tot_buy_req"": ""5108"", ""tot_buy_req_jub_pre"": ""0"", ""ovt_sel_req_pre"": ""0"", ""ovt_sel_req"": ""0"", ""ovt_buy_req"": ""0"", ""ovt_buy_req_pre"": ""0"", ""return_code"": 0, ""return_msg"": ""정상적으로 처리되었습니다""}"
2026-06-10,scan_candidate,036460,,0,main_scan,34400,,34400,34350,34400,34400,-0.14534883720930233,0.14534883720930233,,,,,,"{""bid_req_base_tm"": ""102335"", ""sel_10th_pre_req_pre"": ""0"", ""sel_10th_pre_req"": ""530"", ""sel_10th_pre_bid"": ""+34850"", ""sel_9th_pre_req_pre"": ""0"", ""sel_9th_pre_req"": ""16"", ""sel_9th_pre_bid"": ""+34800"", ""sel_8th_pre_req_pre"": ""0"", ""sel_8th_pre_req"": ""576"", ""sel_8th_pre_bid"": ""+34750"", ""sel_7th_pre_req_pre"": ""0"", ""sel_7th_pre_req"": ""80"", ""sel_7th_pre_bid"": ""+34700"", ""sel_6th_pre_req_pre"": ""0"", ""sel_6th_pre_req"": ""271"", ""sel_6th_pre_bid"": ""+34650"", ""sel_5th_pre_req_pre"": ""0"", ""sel_5th_pre_req"": ""638"", ""sel_5th_pre_bid"": ""+34600"", ""sel_4th_pre_req_pre"": ""0"", ""sel_4th_pre_req"": ""754"", ""sel_4th_pre_bid"": ""+34550"", ""sel_3th_pre_req_pre"": ""0"", ""sel_3th_pre_req"": ""220"", ""sel_3th_pre_bid"": ""+34500"", ""sel_2th_pre_req_pre"": ""0"", ""sel_2th_pre_req"": ""425"", ""sel_2th_pre_bid"": ""+34450"", ""sel_1th_pre_req_pre"": ""+28"", ""sel_fpr_req"": ""1100"", ""sel_fpr_bid"": ""+34400"", ""buy_fpr_bid"": ""+34350"", ""buy_fpr_req"": ""22"", ""buy_1th_pre_req_pre"": ""0"", ""buy_2th_pre_bid"": ""+34300"", ""buy_2th_pre_req"": ""67"", ""buy_2th_pre_req_pre"": ""0"", ""buy_3th_pre_bid"": ""+34250"", ""buy_3th_pre_req"": ""578"", ""buy_3th_pre_req_pre"": ""0"", ""buy_4th_pre_bid"": ""+34200"", ""buy_4th_pre_req"": ""639"", ""buy_4th_pre_req_pre"": ""0"", ""buy_5th_pre_bid"": ""+34150"", ""buy_5th_pre_req"": ""341"", ""buy_5th_pre_req_pre"": ""0"", ""buy_6th_pre_bid"": ""+34100"", ""buy_6th_pre_req"": ""439"", ""buy_6th_pre_req_pre"": ""0"", ""buy_7th_pre_bid"": ""+34050"", ""buy_7th_pre_req"": ""1118"", ""buy_7th_pre_req_pre"": ""0"", ""buy_8th_pre_bid"": ""34000"", ""buy_8th_pre_req"": ""3015"", ""buy_8th_pre_req_pre"": ""0"", ""buy_9th_pre_bid"": ""-33950"", ""buy_9th_pre_req"": ""851"", ""buy_9th_pre_req_pre"": ""0"", ""buy_10th_pre_bid"": ""-33900"", ""buy_10th_pre_req"": ""891"", ""buy_10th_pre_req_pre"": ""0"", ""tot_sel_req_jub_pre"": ""+28"", ""tot_sel_req"": ""4610"", ""tot_buy_req"": ""7961"", ""tot_buy_req_jub_pre"": ""0"", ""ovt_sel_req_pre"": ""0"", ""ovt_sel_req"": ""0"", ""ovt_buy_req"": ""0"", ""ovt_buy_req_pre"": ""0"", ""return_code"": 0, ""return_msg"": ""정상적으로 처리되었습니다""}"
2026-06-10,scan_candidate,007810,,0,main_scan,121200,,121200,121000,121200,121000,-0.5775577557755776,0.16501650165016502,,,,,,"{""bid_req_base_tm"": ""102336"", ""sel_10th_pre_req_pre"": ""0"", ""sel_10th_pre_req"": ""21"", ""sel_10th_pre_bid"": ""+122400"", ""sel_9th_pre_req_pre"": ""0"", ""sel_9th_pre_req"": ""7"", ""sel_9th_pre_bid"": ""+122300"", ""sel_8th_pre_req_pre"": ""0"", ""sel_8th_pre_req"": ""563"", ""sel_8th_pre_bid"": ""+122200"", ""sel_7th_pre_req_pre"": ""0"", ""sel_7th_pre_req"": ""202"", ""sel_7th_pre_bid"": ""+122100"", ""sel_6th_pre_req_pre"": ""0"", ""sel_6th_pre_req"": ""29"", ""sel_6th_pre_bid"": ""+122000"", ""sel_5th_pre_req_pre"": ""0"", ""sel_5th_pre_req"": ""13"", ""sel_5th_pre_bid"": ""+121800"", ""sel_4th_pre_req_pre"": ""0"", ""sel_4th_pre_req"": ""16"", ""sel_4th_pre_bid"": ""+121700"", ""sel_3th_pre_req_pre"": ""0"", ""sel_3th_pre_req"": ""5"", ""sel_3th_pre_bid"": ""+121600"", ""sel_2th_pre_req_pre"": ""0"", ""sel_2th_pre_req"": ""34"", ""sel_2th_pre_bid"": ""+121500"", ""sel_1th_pre_req_pre"": ""0"", ""sel_fpr_req"": ""54"", ""sel_fpr_bid"": ""+121200"", ""buy_fpr_bid"": ""+121000"", ""buy_fpr_req"": ""90"", ""buy_1th_pre_req_pre"": ""--4"", ""buy_2th_pre_bid"": ""+120900"", ""buy_2th_pre_req"": ""32"", ""buy_2th_pre_req_pre"": ""0"", ""buy_3th_pre_bid"": ""+120800"", ""buy_3th_pre_req"": ""43"", ""buy_3th_pre_req_pre"": ""0"", ""buy_4th_pre_bid"": ""+120700"", ""buy_4th_pre_req"": ""62"", ""buy_4th_pre_req_pre"": ""0"", ""buy_5th_pre_bid"": ""+120600"", ""buy_5th_pre_req"": ""120"", ""buy_5th_pre_req_pre"": ""0"", ""buy_6th_pre_bid"": ""+120500"", ""buy_6th_pre_req"": ""74"", ""buy_6th_pre_req_pre"": ""0"", ""buy_7th_pre_bid"": ""+120400"", ""buy_7th_pre_req"": ""93"", ""buy_7th_pre_req_pre"": ""0"", ""buy_8th_pre_bid"": ""120300"", ""buy_8th_pre_req"": ""281"", ""buy_8th_pre_req_pre"": ""0"", ""buy_9th_pre_bid"": ""-120200"", ""buy_9th_pre_req"": ""6"", ""buy_9th_pre_req_pre"": ""0"", ""buy_10th_pre_bid"": ""-120100"", ""buy_10th_pre_req"": ""69"", ""buy_10th_pre_req_pre"": ""0"", ""tot_sel_req_jub_pre"": ""0"", ""tot_sel_req"": ""944"", ""tot_buy_req"": ""870"", ""tot_buy_req_jub_pre"": ""--4"", ""ovt_sel_req_pre"": ""0"", ""ovt_sel_req"": ""0"", ""ovt_buy_req"": ""0"", ""ovt_buy_req_pre"": ""0"", ""return_code"": 0, ""return_msg"": ""정상적으로 처리되었습니다""}"
2026-06-10,scan_candidate,001740,,0,main_scan,14400,,14400,14390,14400,14350,-0.6944444444444444,0.06944444444444445,,,,,,"{""bid_req_base_tm"": ""102337"", ""sel_10th_pre_req_pre"": ""0"", ""sel_10th_pre_req"": ""3171"", ""sel_10th_pre_bid"": ""+14490"", ""sel_9th_pre_req_pre"": ""0"", ""sel_9th_pre_req"": ""4216"", ""sel_9th_pre_bid"": ""+14480"", ""sel_8th_pre_req_pre"": ""0"", ""sel_8th_pre_req"": ""1522"", ""sel_8th_pre_bid"": ""+14470"", ""sel_7th_pre_req_pre"": ""0"", ""sel_7th_pre_req"": ""1341"", ""sel_7th_pre_bid"": ""+14460"", ""sel_6th_pre_req_pre"": ""0"", ""sel_6th_pre_req"": ""7762"", ""sel_6th_pre_bid"": ""+14450"", ""sel_5th_pre_req_pre"": ""0"", ""sel_5th_pre_req"": ""801"", ""sel_5th_pre_bid"": ""+14440"", ""sel_4th_pre_req_pre"": ""0"", ""sel_4th_pre_req"": ""3553"", ""sel_4th_pre_bid"": ""+14430"", ""sel_3th_pre_req_pre"": ""0"", ""sel_3th_pre_req"": ""89"", ""sel_3th_pre_bid"": ""+14420"", ""sel_2th_pre_req_pre"": ""+25"", ""sel_2th_pre_req"": ""403"", ""sel_2th_pre_bid"": ""+14410"", ""sel_1th_pre_req_pre"": ""--1968"", ""sel_fpr_req"": ""39676"", ""sel_fpr_bid"": ""+14400"", ""buy_fpr_bid"": ""+14390"", ""buy_fpr_req"": ""643"", ""buy_1th_pre_req_pre"": ""+191"", ""buy_2th_pre_bid"": ""+14380"", ""buy_2th_pre_req"": ""693"", ""buy_2th_pre_req_pre"": ""+3"", ""buy_3th_pre_bid"": ""+14370"", ""buy_3th_pre_req"": ""791"", ""buy_3th_pre_req_pre"": ""0"", ""buy_4th_pre_bid"": ""+14360"", ""buy_4th_pre_req"": ""481"", ""buy_4th_pre_req_pre"": ""0"", ""buy_5th_pre_bid"": ""+14350"", ""buy_5th_pre_req"": ""1478"", ""buy_5th_pre_req_pre"": ""0"", ""buy_6th_pre_bid"": ""+14340"", ""buy_6th_pre_req"": ""6597"", ""buy_6th_pre_req_pre"": ""+10"", ""buy_7th_pre_bid"": ""+14330"", ""buy_7th_pre_req"": ""10171"", ""buy_7th_pre_req_pre"": ""+212"", ""buy_8th_pre_bid"": ""+14320"", ""buy_8th_pre_req"": ""1388"", ""buy_8th_pre_req_pre"": ""0"", ""buy_9th_pre_bid"": ""+14310"", ""buy_9th_pre_req"": ""1070"", ""buy_9th_pre_req_pre"": ""0"", ""buy_10th_pre_bid"": ""+14300"", ""buy_10th_pre_req"": ""972"", ""buy_10th_pre_req_pre"": ""0"", ""tot_sel_req_jub_pre"": ""--1943"", ""tot_sel_req"": ""62534"", ""tot_buy_req"": ""24284"", ""tot_buy_req_jub_pre"": ""+416"", ""ovt_sel_req_pre"": ""0"", ""ovt_sel_req"": ""0"", ""ovt_buy_req"": ""0"", ""ovt_buy_req_pre"": ""0"", ""return_code"": 0, ""return_msg"": ""정상적으로 처리되었습니다""}"
2026-06-10,scan_candidate,383220,,0,main_scan,75500,,75500,75300,75500,75600,0.0,0.26490066225165565,,,,,,"{""bid_req_base_tm"": ""102337"", ""sel_10th_pre_req_pre"": ""0"", ""sel_10th_pre_req"": ""31"", ""sel_10th_pre_bid"": ""+76600"", ""sel_9th_pre_req_pre"": ""0"", ""sel_9th_pre_req"": ""4"", ""sel_9th_pre_bid"": ""+76500"", ""sel_8th_pre_req_pre"": ""0"", ""sel_8th_pre_req"": ""2"", ""sel_8th_pre_bid"": ""+76400"", ""sel_7th_pre_req_pre"": ""0"", ""sel_7th_pre_req"": ""100"", ""sel_7th_pre_bid"": ""+76300"", ""sel_6th_pre_req_pre"": ""0"", ""sel_6th_pre_req"": ""1"", ""sel_6th_pre_bid"": ""+76200"", ""sel_5th_pre_req_pre"": ""0"", ""sel_5th_pre_req"": ""122"", ""sel_5th_pre_bid"": ""+76000"", ""sel_4th_pre_req_pre"": ""0"", ""sel_4th_pre_req"": ""101"", ""sel_4th_pre_bid"": ""+75900"", ""sel_3th_pre_req_pre"": ""0"", ""sel_3th_pre_req"": ""7"", ""sel_3th_pre_bid"": ""+75800"", ""sel_2th_pre_req_pre"": ""0"", ""sel_2th_pre_req"": ""3"", ""sel_2th_pre_bid"": ""+75600"", ""sel_1th_pre_req_pre"": ""0"", ""sel_fpr_req"": ""50"", ""sel_fpr_bid"": ""+75500"", ""buy_fpr_bid"": ""+75300"", ""buy_fpr_req"": ""32"", ""buy_1th_pre_req_pre"": ""+5"", ""buy_2th_pre_bid"": ""+75200"", ""buy_2th_pre_req"": ""32"", ""buy_2th_pre_req_pre"": ""0"", ""buy_3th_pre_bid"": ""+75100"", ""buy_3th_pre_req"": ""64"", ""buy_3th_pre_req_pre"": ""0"", ""buy_4th_pre_bid"": ""+75000"", ""buy_4th_pre_req"": ""254"", ""buy_4th_pre_req_pre"": ""0"", ""buy_5th_pre_bid"": ""+74900"", ""buy_5th_pre_req"": ""19"", ""buy_5th_pre_req_pre"": ""0"", ""buy_6th_pre_bid"": ""+74800"", ""buy_6th_pre_req"": ""9"", ""buy_6th_pre_req_pre"": ""0"", ""buy_7th_pre_bid"": ""+74700"", ""buy_7th_pre_req"": ""15"", ""buy_7th_pre_req_pre"": ""0"", ""buy_8th_pre_bid"": ""74600"", ""buy_8th_pre_req"": ""74"", ""buy_8th_pre_req_pre"": ""0"", ""buy_9th_pre_bid"": ""-74500"", ""buy_9th_pre_req"": ""27"", ""buy_9th_pre_req_pre"": ""0"", ""buy_10th_pre_bid"": ""-74400"", ""buy_10th_pre_req"": ""24"", ""buy_10th_pre_req_pre"": ""0"", ""tot_sel_req_jub_pre"": ""0"", ""tot_sel_req"": ""421"", ""tot_buy_req"": ""550"", ""tot_buy_req_jub_pre"": ""+5"", ""ovt_sel_req_pre"": ""0"", ""ovt_sel_req"": ""0"", ""ovt_buy_req"": ""0"", ""ovt_buy_req_pre"": ""0"", ""return_code"": 0, ""return_msg"": ""정상적으로 처리되었습니다""}"
2026-06-10,scan_candidate,014680,,0,main_scan,266500,,266500,265500,266500,264500,-0.9380863039399625,0.37523452157598497,,,,,,"{""bid_req_base_tm"": ""102337"", ""sel_10th_pre_req_pre"": ""0"", ""sel_10th_pre_req"": ""12"", ""sel_10th_pre_bid"": ""+271500"", ""sel_9th_pre_req_pre"": ""0"", ""sel_9th_pre_req"": ""2"", ""sel_9th_pre_bid"": ""+271000"", ""sel_8th_pre_req_pre"": ""0"", ""sel_8th_pre_req"": ""122"", ""sel_8th_pre_bid"": ""+270000"", ""sel_7th_pre_req_pre"": ""0"", ""sel_7th_pre_req"": ""25"", ""sel_7th_pre_bid"": ""+269500"", ""sel_6th_pre_req_pre"": ""0"", ""sel_6th_pre_req"": ""106"", ""sel_6th_pre_bid"": ""+269000"", ""sel_5th_pre_req_pre"": ""0"", ""sel_5th_pre_req"": ""11"", ""sel_5th_pre_bid"": ""+268500"", ""sel_4th_pre_req_pre"": ""0"", ""sel_4th_pre_req"": ""49"", ""sel_4th_pre_bid"": ""+268000"", ""sel_3th_pre_req_pre"": ""0"", ""sel_3th_pre_req"": ""33"", ""sel_3th_pre_bid"": ""+267500"", ""sel_2th_pre_req_pre"": ""0"", ""sel_2th_pre_req"": ""34"", ""sel_2th_pre_bid"": ""+267000"", ""sel_1th_pre_req_pre"": ""0"", ""sel_fpr_req"": ""30"", ""sel_fpr_bid"": ""+266500"", ""buy_fpr_bid"": ""+265500"", ""buy_fpr_req"": ""52"", ""buy_1th_pre_req_pre"": ""0"", ""buy_2th_pre_bid"": ""+265000"", ""buy_2th_pre_req"": ""32"", ""buy_2th_pre_req_pre"": ""0"", ""buy_3th_pre_bid"": ""+264500"", ""buy_3th_pre_req"": ""29"", ""buy_3th_pre_req_pre"": ""0"", ""buy_4th_pre_bid"": ""+263500"", ""buy_4th_pre_req"": ""36"", ""buy_4th_pre_req_pre"": ""--1"", ""buy_5th_pre_bid"": ""+263000"", ""buy_5th_pre_req"": ""11"", ""buy_5th_pre_req_pre"": ""--1"", ""buy_6th_pre_bid"": ""+262500"", ""buy_6th_pre_req"": ""2"", ""buy_6th_pre_req_pre"": ""0"", ""buy_7th_pre_bid"": ""+262000"", ""buy_7th_pre_req"": ""3"", ""buy_7th_pre_req_pre"": ""0"", ""buy_8th_pre_bid"": ""+261500"", ""buy_8th_pre_req"": ""12"", ""buy_8th_pre_req_pre"": ""0"", ""buy_9th_pre_bid"": ""+261000"", ""buy_9th_pre_req"": ""3"", ""buy_9th_pre_req_pre"": ""0"", ""buy_10th_pre_bid"": ""+260500"", ""buy_10th_pre_req"": ""3"", ""buy_10th_pre_req_pre"": ""0"", ""tot_sel_req_jub_pre"": ""0"", ""tot_sel_req"": ""424"", ""tot_buy_req"": ""183"", ""tot_buy_req_jub_pre"": ""--2"", ""ovt_sel_req_pre"": ""0"", ""ovt_sel_req"": ""0"", ""ovt_buy_req"": ""0"", ""ovt_buy_req_pre"": ""0"", ""return_code"": 0, ""return_msg"": ""정상적으로 처리되었습니다""}"
2026-06-10,scan_candidate,028670,,0,main_scan,5030,,5030,5020,5030,5060,0.3976143141153081,0.19880715705765406,,,,,,"{""bid_req_base_tm"": ""102337"", ""sel_10th_pre_req_pre"": ""0"", ""sel_10th_pre_req"": ""3359"", ""sel_10th_pre_bid"": ""-5120"", ""sel_9th_pre_req_pre"": ""0"", ""sel_9th_pre_req"": ""901"", ""sel_9th_pre_bid"": ""-5110"", ""sel_8th_pre_req_pre"": ""0"", ""sel_8th_pre_req"": ""112"", ""sel_8th_pre_bid"": ""-5100"", ""sel_7th_pre_req_pre"": ""0"", ""sel_7th_pre_req"": ""621"", ""sel_7th_pre_bid"": ""-5090"", ""sel_6th_pre_req_pre"": ""0"", ""sel_6th_pre_req"": ""293"", ""sel_6th_pre_bid"": ""-5080"", ""sel_5th_pre_req_pre"": ""0"", ""sel_5th_pre_req"": ""1990"", ""sel_5th_pre_bid"": ""-5070"", ""sel_4th_pre_req_pre"": ""0"", ""sel_4th_pre_req"": ""824"", ""sel_4th_pre_bid"": ""-5060"", ""sel_3th_pre_req_pre"": ""0"", ""sel_3th_pre_req"": ""2463"", ""sel_3th_pre_bid"": ""-5050"", ""sel_2th_pre_req_pre"": ""0"", ""sel_2th_pre_req"": ""1152"", ""sel_2th_pre_bid"": ""-5040"", ""sel_1th_pre_req_pre"": ""--2"", ""sel_fpr_req"": ""11408"", ""sel_fpr_bid"": ""-5030"", ""buy_fpr_bid"": ""-5020"", ""buy_fpr_req"": ""6220"", ""buy_1th_pre_req_pre"": ""0"", ""buy_2th_pre_bid"": ""-5010"", ""buy_2th_pre_req"": ""7153"", ""buy_2th_pre_req_pre"": ""0"", ""buy_3th_pre_bid"": ""-5000"", ""buy_3th_pre_req"": ""16444"", ""buy_3th_pre_req_pre"": ""0"", ""buy_4th_pre_bid"": ""-4995"", ""buy_4th_pre_req"": ""3777"", ""buy_4th_pre_req_pre"": ""0"", ""buy_5th_pre_bid"": ""-4990"", ""buy_5th_pre_req"": ""2814"", ""buy_5th_pre_req_pre"": ""0"", ""buy_6th_pre_bid"": ""-4985"", ""buy_6th_pre_req"": ""3554"", ""buy_6th_pre_req_pre"": ""0"", ""buy_7th_pre_bid"": ""-4980"", ""buy_7th_pre_req"": ""9462"", ""buy_7th_pre_req_pre"": ""0"", ""buy_8th_pre_bid"": ""-4975"", ""buy_8th_pre_req"": ""295"", ""buy_8th_pre_req_pre"": ""0"", ""buy_9th_pre_bid"": ""-4970"", ""buy_9th_pre_req"": ""484"", ""buy_9th_pre_req_pre"": ""0"", ""buy_10th_pre_bid"": ""-4965"", ""buy_10th_pre_req"": ""60"", ""buy_10th_pre_req_pre"": ""0"", ""tot_sel_req_jub_pre"": ""--2"", ""tot_sel_req"": ""23123"", ""tot_buy_req"": ""50263"", ""tot_buy_req_jub_pre"": ""0"", ""ovt_sel_req_pre"": ""0"", ""ovt_sel_req"": ""0"", ""ovt_buy_req"": ""0"", ""ovt_buy_req_pre"": ""0"", ""return_code"": 0, ""return_msg"": ""정상적으로 처리되었습니다""}"
2026-06-10,scan_candidate,009420,,0,main_scan,50400,,50400,50300,50400,50500,0.0,0.1984126984126984,,,,,,"{""bid_req_base_tm"": ""102337"", ""sel_10th_pre_req_pre"": ""0"", ""sel_10th_pre_req"": ""460"", ""sel_10th_pre_bid"": ""-51300"", ""sel_9th_pre_req_pre"": ""0"", ""sel_9th_pre_req"": ""641"", ""sel_9th_pre_bid"": ""-51200"", ""sel_8th_pre_req_pre"": ""0"", ""sel_8th_pre_req"": ""75"", ""sel_8th_pre_bid"": ""-51100"", ""sel_7th_pre_req_pre"": ""0"", ""sel_7th_pre_req"": ""112"", ""sel_7th_pre_bid"": ""-51000"", ""sel_6th_pre_req_pre"": ""0"", ""sel_6th_pre_req"": ""38"", ""sel_6th_pre_bid"": ""-50900"", ""sel_5th_pre_req_pre"": ""0"", ""sel_5th_pre_req"": ""1"", ""sel_5th_pre_bid"": ""-50800"", ""sel_4th_pre_req_pre"": ""0"", ""sel_4th_pre_req"": ""272"", ""sel_4th_pre_bid"": ""-50700"", ""sel_3th_pre_req_pre"": ""0"", ""sel_3th_pre_req"": ""268"", ""sel_3th_pre_bid"": ""-50600"", ""sel_2th_pre_req_pre"": ""0"", ""sel_2th_pre_req"": ""47"", ""sel_2th_pre_bid"": ""-50500"", ""sel_1th_pre_req_pre"": ""0"", ""sel_fpr_req"": ""173"", ""sel_fpr_bid"": ""-50400"", ""buy_fpr_bid"": ""-50300"", ""buy_fpr_req"": ""47"", ""buy_1th_pre_req_pre"": ""--8"", ""buy_2th_pre_bid"": ""-50200"", ""buy_2th_pre_req"": ""382"", ""buy_2th_pre_req_pre"": ""0"", ""buy_3th_pre_bid"": ""-50100"", ""buy_3th_pre_req"": ""162"", ""buy_3th_pre_req_pre"": ""0"", ""buy_4th_pre_bid"": ""-50000"", ""buy_4th_pre_req"": ""250"", ""buy_4th_pre_req_pre"": ""0"", ""buy_5th_pre_bid"": ""-49950"", ""buy_5th_pre_req"": ""259"", ""buy_5th_pre_req_pre"": ""0"", ""buy_6th_pre_bid"": ""-49900"", ""buy_6th_pre_req"": ""374"", ""buy_6th_pre_req_pre"": ""0"", ""buy_7th_pre_bid"": ""-49850"", ""buy_7th_pre_req"": ""312"", ""buy_7th_pre_req_pre"": ""0"", ""buy_8th_pre_bid"": ""-49800"", ""buy_8th_pre_req"": ""555"", ""buy_8th_pre_req_pre"": ""0"", ""buy_9th_pre_bid"": ""-49750"", ""buy_9th_pre_req"": ""915"", ""buy_9th_pre_req_pre"": ""0"", ""buy_10th_pre_bid"": ""-49700"", ""buy_10th_pre_req"": ""1153"", ""buy_10th_pre_req_pre"": ""0"", ""tot_sel_req_jub_pre"": ""0"", ""tot_sel_req"": ""2087"", ""tot_buy_req"": ""4409"", ""tot_buy_req_jub_pre"": ""--8"", ""ovt_sel_req_pre"": ""0"", ""ovt_sel_req"": ""0"", ""ovt_buy_req"": ""0"", ""ovt_buy_req_pre"": ""0"", ""return_code"": 0, ""return_msg"": ""정상적으로 처리되었습니다""}"
2026-06-10,scan_candidate,375500,,0,main_scan,71100,,71100,71000,71100,70800,-0.5625879043600562,0.14064697609001406,,,,,,"{""bid_req_base_tm"": ""102335"", ""sel_10th_pre_req_pre"": ""0"", ""sel_10th_pre_req"": ""721"", ""sel_10th_pre_bid"": ""+72000"", ""sel_9th_pre_req_pre"": ""0"", ""sel_9th_pre_req"": ""442"", ""sel_9th_pre_bid"": ""+71900"", ""sel_8th_pre_req_pre"": ""0"", ""sel_8th_pre_req"": ""241"", ""sel_8th_pre_bid"": ""+71800"", ""sel_7th_pre_req_pre"": ""0"", ""sel_7th_pre_req"": ""230"", ""sel_7th_pre_bid"": ""+71700"", ""sel_6th_pre_req_pre"": ""0"", ""sel_6th_pre_req"": ""857"", ""sel_6th_pre_bid"": ""+71600"", ""sel_5th_pre_req_pre"": ""0"", ""sel_5th_pre_req"": ""1219"", ""sel_5th_pre_bid"": ""+71500"", ""sel_4th_pre_req_pre"": ""0"", ""sel_4th_pre_req"": ""130"", ""sel_4th_pre_bid"": ""+71400"", ""sel_3th_pre_req_pre"": ""0"", ""sel_3th_pre_req"": ""50"", ""sel_3th_pre_bid"": ""+71300"", ""sel_2th_pre_req_pre"": ""0"", ""sel_2th_pre_req"": ""21"", ""sel_2th_pre_bid"": ""+71200"", ""sel_1th_pre_req_pre"": ""0"", ""sel_fpr_req"": ""62"", ""sel_fpr_bid"": ""+71100"", ""buy_fpr_bid"": ""+71000"", ""buy_fpr_req"": ""158"", ""buy_1th_pre_req_pre"": ""0"", ""buy_2th_pre_bid"": ""+70900"", ""buy_2th_pre_req"": ""840"", ""buy_2th_pre_req_pre"": ""0"", ""buy_3th_pre_bid"": ""+70800"", ""buy_3th_pre_req"": ""1"", ""buy_3th_pre_req_pre"": ""0"", ""buy_4th_pre_bid"": ""+70700"", ""buy_4th_pre_req"": ""74"", ""buy_4th_pre_req_pre"": ""0"", ""buy_5th_pre_bid"": ""+70600"", ""buy_5th_pre_req"": ""201"", ""buy_5th_pre_req_pre"": ""0"", ""buy_6th_pre_bid"": ""+70500"", ""buy_6th_pre_req"": ""189"", ""buy_6th_pre_req_pre"": ""0"", ""buy_7th_pre_bid"": ""+70400"", ""buy_7th_pre_req"": ""176"", ""buy_7th_pre_req_pre"": ""0"", ""buy_8th_pre_bid"": ""+70300"", ""buy_8th_pre_req"": ""264"", ""buy_8th_pre_req_pre"": ""0"", ""buy_9th_pre_bid"": ""+70200"", ""buy_9th_pre_req"": ""18"", ""buy_9th_pre_req_pre"": ""0"", ""buy_10th_pre_bid"": ""+70100"", ""buy_10th_pre_req"": ""26"", ""buy_10th_pre_req_pre"": ""0"", ""tot_sel_req_jub_pre"": ""0"", ""tot_sel_req"": ""3973"", ""tot_buy_req"": ""1947"", ""tot_buy_req_jub_pre"": ""0"", ""ovt_sel_req_pre"": ""0"", ""ovt_sel_req"": ""0"", ""ovt_buy_req"": ""0"", ""ovt_buy_req_pre"": ""0"", ""return_code"": 0, ""return_msg"": ""정상적으로 처리되었습니다""}"
2026-06-10,scan_candidate,004990,,0,main_scan,25650,,25650,25600,25650,25650,-0.1949317738791423,0.1949317738791423,,,,,,"{""bid_req_base_tm"": ""102335"", ""sel_10th_pre_req_pre"": ""0"", ""sel_10th_pre_req"": ""3119"", ""sel_10th_pre_bid"": ""26150"", ""sel_9th_pre_req_pre"": ""0"", ""sel_9th_pre_req"": ""602"", ""sel_9th_pre_bid"": ""-26100"", ""sel_8th_pre_req_pre"": ""0"", ""sel_8th_pre_req"": ""101"", ""sel_8th_pre_bid"": ""-26050"", ""sel_7th_pre_req_pre"": ""0"", ""sel_7th_pre_req"": ""3"", ""sel_7th_pre_bid"": ""-26000"", ""sel_6th_pre_req_pre"": ""0"", ""sel_6th_pre_req"": ""6"", ""sel_6th_pre_bid"": ""-25950"", ""sel_5th_pre_req_pre"": ""0"", ""sel_5th_pre_req"": ""250"", ""sel_5th_pre_bid"": ""-25900"", ""sel_4th_pre_req_pre"": ""0"", ""sel_4th_pre_req"": ""250"", ""sel_4th_pre_bid"": ""-25850"", ""sel_3th_pre_req_pre"": ""0"", ""sel_3th_pre_req"": ""458"", ""sel_3th_pre_bid"": ""-25750"", ""sel_2th_pre_req_pre"": ""0"", ""sel_2th_pre_req"": ""338"", ""sel_2th_pre_bid"": ""-25700"", ""sel_1th_pre_req_pre"": ""0"", ""sel_fpr_req"": ""450"", ""sel_fpr_bid"": ""-25650"", ""buy_fpr_bid"": ""-25600"", ""buy_fpr_req"": ""203"", ""buy_1th_pre_req_pre"": ""0"", ""buy_2th_pre_bid"": ""-25550"", ""buy_2th_pre_req"": ""298"", ""buy_2th_pre_req_pre"": ""0"", ""buy_3th_pre_bid"": ""-25500"", ""buy_3th_pre_req"": ""551"", ""buy_3th_pre_req_pre"": ""+100"", ""buy_4th_pre_bid"": ""-25450"", ""buy_4th_pre_req"": ""259"", ""buy_4th_pre_req_pre"": ""0"", ""buy_5th_pre_bid"": ""-25400"", ""buy_5th_pre_req"": ""671"", ""buy_5th_pre_req_pre"": ""0"", ""buy_6th_pre_bid"": ""-25350"", ""buy_6th_pre_req"": ""392"", ""buy_6th_pre_req_pre"": ""0"", ""buy_7th_pre_bid"": ""-25300"", ""buy_7th_pre_req"": ""926"", ""buy_7th_pre_req_pre"": ""0"", ""buy_8th_pre_bid"": ""-25250"", ""buy_8th_pre_req"": ""885"", ""buy_8th_pre_req_pre"": ""0"", ""buy_9th_pre_bid"": ""-25200"", ""buy_9th_pre_req"": ""7719"", ""buy_9th_pre_req_pre"": ""0"", ""buy_10th_pre_bid"": ""-25150"", ""buy_10th_pre_req"": ""1595"", ""buy_10th_pre_req_pre"": ""0"", ""tot_sel_req_jub_pre"": ""0"", ""tot_sel_req"": ""5577"", ""tot_buy_req"": ""13499"", ""tot_buy_req_jub_pre"": ""+100"", ""ovt_sel_req_pre"": ""0"", ""ovt_sel_req"": ""0"", ""ovt_buy_req"": ""0"", ""ovt_buy_req_pre"": ""0"", ""return_code"": 0, ""return_msg"": ""정상적으로 처리되었습니다""}"
2026-06-10,scan_candidate,483650,,0,main_scan,203500,,203500,203000,203500,202500,-0.7371007371007371,0.2457002457002457,,,,,,"{""bid_req_base_tm"": ""102338"", ""sel_10th_pre_req_pre"": ""0"", ""sel_10th_pre_req"": ""479"", ""sel_10th_pre_bid"": ""+208000"", ""sel_9th_pre_req_pre"": ""0"", ""sel_9th_pre_req"": ""462"", ""sel_9th_pre_bid"": ""+207500"", ""sel_8th_pre_req_pre"": ""0"", ""sel_8th_pre_req"": ""739"", ""sel_8th_pre_bid"": ""+207000"", ""sel_7th_pre_req_pre"": ""0"", ""sel_7th_pre_req"": ""1654"", ""sel_7th_pre_bid"": ""+206500"", ""sel_6th_pre_req_pre"": ""0"", ""sel_6th_pre_req"": ""1253"", ""sel_6th_pre_bid"": ""+206000"", ""sel_5th_pre_req_pre"": ""0"", ""sel_5th_pre_req"": ""298"", ""sel_5th_pre_bid"": ""+205500"", ""sel_4th_pre_req_pre"": ""+10"", ""sel_4th_pre_req"": ""132"", ""sel_4th_pre_bid"": ""+205000"", ""sel_3th_pre_req_pre"": ""0"", ""sel_3th_pre_req"": ""24"", ""sel_3th_pre_bid"": ""+204500"", ""sel_2th_pre_req_pre"": ""0"", ""sel_2th_pre_req"": ""65"", ""sel_2th_pre_bid"": ""+204000"", ""sel_1th_pre_req_pre"": ""0"", ""sel_fpr_req"": ""51"", ""sel_fpr_bid"": ""+203500"", ""buy_fpr_bid"": ""+203000"", ""buy_fpr_req"": ""145"", ""buy_1th_pre_req_pre"": ""0"", ""buy_2th_pre_bid"": ""+202500"", ""buy_2th_pre_req"": ""5"", ""buy_2th_pre_req_pre"": ""0"", ""buy_3th_pre_bid"": ""+202000"", ""buy_3th_pre_req"": ""46"", ""buy_3th_pre_req_pre"": ""0"", ""buy_4th_pre_bid"": ""+201500"", ""buy_4th_pre_req"": ""215"", ""buy_4th_pre_req_pre"": ""0"", ""buy_5th_pre_bid"": ""+201000"", ""buy_5th_pre_req"": ""356"", ""buy_5th_pre_req_pre"": ""0"", ""buy_6th_pre_bid"": ""+200500"", ""buy_6th_pre_req"": ""124"", ""buy_6th_pre_req_pre"": ""0"", ""buy_7th_pre_bid"": ""+200000"", ""buy_7th_pre_req"": ""150"", ""buy_7th_pre_req_pre"": ""0"", ""buy_8th_pre_bid"": ""+199900"", ""buy_8th_pre_req"": ""152"", ""buy_8th_pre_req_pre"": ""0"", ""buy_9th_pre_bid"": ""+199800"", ""buy_9th_pre_req"": ""13"", ""buy_9th_pre_req_pre"": ""0"", ""buy_10th_pre_bid"": ""+199700"", ""buy_10th_pre_req"": ""12"", ""buy_10th_pre_req_pre"": ""0"", ""tot_sel_req_jub_pre"": ""+10"", ""tot_sel_req"": ""5157"", ""tot_buy_req"": ""1218"", ""tot_buy_req_jub_pre"": ""0"", ""ovt_sel_req_pre"": ""0"", ""ovt_sel_req"": ""0"", ""ovt_buy_req"": ""0"", ""ovt_buy_req_pre"": ""0"", ""return_code"": 0, ""return_msg"": ""정상적으로 처리되었습니다""}"
2026-06-10,scan_candidate,003690,,0,main_scan,13250,,13250,13240,13250,13200,-0.7547169811320755,0.07547169811320754,,,,,,"{""bid_req_base_tm"": ""102338"", ""sel_10th_pre_req_pre"": ""0"", ""sel_10th_pre_req"": ""1"", ""sel_10th_pre_bid"": ""-13340"", ""sel_9th_pre_req_pre"": ""0"", ""sel_9th_pre_req"": ""1"", ""sel_9th_pre_bid"": ""-13330"", ""sel_8th_pre_req_pre"": ""0"", ""sel_8th_pre_req"": ""1"", ""sel_8th_pre_bid"": ""-13320"", ""sel_7th_pre_req_pre"": ""0"", ""sel_7th_pre_req"": ""1051"", ""sel_7th_pre_bid"": ""-13310"", ""sel_6th_pre_req_pre"": ""0"", ""sel_6th_pre_req"": ""39"", ""sel_6th_pre_bid"": ""-13300"", ""sel_5th_pre_req_pre"": ""0"", ""sel_5th_pre_req"": ""8"", ""sel_5th_pre_bid"": ""-13290"", ""sel_4th_pre_req_pre"": ""0"", ""sel_4th_pre_req"": ""357"", ""sel_4th_pre_bid"": ""-13280"", ""sel_3th_pre_req_pre"": ""0"", ""sel_3th_pre_req"": ""140"", ""sel_3th_pre_bid"": ""-13270"", ""sel_2th_pre_req_pre"": ""0"", ""sel_2th_pre_req"": ""223"", ""sel_2th_pre_bid"": ""-13260"", ""sel_1th_pre_req_pre"": ""0"", ""sel_fpr_req"": ""22"", ""sel_fpr_bid"": ""-13250"", ""buy_fpr_bid"": ""-13240"", ""buy_fpr_req"": ""257"", ""buy_1th_pre_req_pre"": ""--23"", ""buy_2th_pre_bid"": ""-13230"", ""buy_2th_pre_req"": ""63"", ""buy_2th_pre_req_pre"": ""0"", ""buy_3th_pre_bid"": ""-13220"", ""buy_3th_pre_req"": ""85"", ""buy_3th_pre_req_pre"": ""0"", ""buy_4th_pre_bid"": ""-13210"", ""buy_4th_pre_req"": ""510"", ""buy_4th_pre_req_pre"": ""0"", ""buy_5th_pre_bid"": ""-13200"", ""buy_5th_pre_req"": ""641"", ""buy_5th_pre_req_pre"": ""0"", ""buy_6th_pre_bid"": ""-13190"", ""buy_6th_pre_req"": ""101"", ""buy_6th_pre_req_pre"": ""0"", ""buy_7th_pre_bid"": ""-13180"", ""buy_7th_pre_req"": ""50"", ""buy_7th_pre_req_pre"": ""0"", ""buy_8th_pre_bid"": ""-13170"", ""buy_8th_pre_req"": ""50"", ""buy_8th_pre_req_pre"": ""0"", ""buy_9th_pre_bid"": ""-13160"", ""buy_9th_pre_req"": ""50"", ""buy_9th_pre_req_pre"": ""0"", ""buy_10th_pre_bid"": ""-13150"", ""buy_10th_pre_req"": ""151"", ""buy_10th_pre_req_pre"": ""0"", ""tot_sel_req_jub_pre"": ""0"", ""tot_sel_req"": ""1843"", ""tot_buy_req"": ""1958"", ""tot_buy_req_jub_pre"": ""--23"", ""ovt_sel_req_pre"": ""0"", ""ovt_sel_req"": ""0"", ""ovt_buy_req"": ""0"", ""ovt_buy_req_pre"": ""0"", ""return_code"": 0, ""return_msg"": ""정상적으로 처리되었습니다""}"
2026-06-10,scan_candidate,279570,,0,main_scan,5980,,5980,5970,5980,5950,-0.6688963210702341,0.16722408026755853,,,,,,"{""bid_req_base_tm"": ""102337"", ""sel_10th_pre_req_pre"": ""0"", ""sel_10th_pre_req"": ""12643"", ""sel_10th_pre_bid"": ""+6070"", ""sel_9th_pre_req_pre"": ""0"", ""sel_9th_pre_req"": ""33645"", ""sel_9th_pre_bid"": ""+6060"", ""sel_8th_pre_req_pre"": ""0"", ""sel_8th_pre_req"": ""36563"", ""sel_8th_pre_bid"": ""+6050"", ""sel_7th_pre_req_pre"": ""0"", ""sel_7th_pre_req"": ""19918"", ""sel_7th_pre_bid"": ""+6040"", ""sel_6th_pre_req_pre"": ""0"", ""sel_6th_pre_req"": ""28827"", ""sel_6th_pre_bid"": ""+6030"", ""sel_5th_pre_req_pre"": ""0"", ""sel_5th_pre_req"": ""19941"", ""sel_5th_pre_bid"": ""+6020"", ""sel_4th_pre_req_pre"": ""0"", ""sel_4th_pre_req"": ""15091"", ""sel_4th_pre_bid"": ""+6010"", ""sel_3th_pre_req_pre"": ""0"", ""sel_3th_pre_req"": ""29717"", ""sel_3th_pre_bid"": ""+6000"", ""sel_2th_pre_req_pre"": ""0"", ""sel_2th_pre_req"": ""24837"", ""sel_2th_pre_bid"": ""+5990"", ""sel_1th_pre_req_pre"": ""+2"", ""sel_fpr_req"": ""9173"", ""sel_fpr_bid"": ""+5980"", ""buy_fpr_bid"": ""+5970"", ""buy_fpr_req"": ""1132"", ""buy_1th_pre_req_pre"": ""0"", ""buy_2th_pre_bid"": ""+5960"", ""buy_2th_pre_req"": ""15748"", ""buy_2th_pre_req_pre"": ""0"", ""buy_3th_pre_bid"": ""+5950"", ""buy_3th_pre_req"": ""21870"", ""buy_3th_pre_req_pre"": ""0"", ""buy_4th_pre_bid"": ""+5940"", ""buy_4th_pre_req"": ""5029"", ""buy_4th_pre_req_pre"": ""0"", ""buy_5th_pre_bid"": ""+5930"", ""buy_5th_pre_req"": ""13175"", ""buy_5th_pre_req_pre"": ""0"", ""buy_6th_pre_bid"": ""+5920"", ""buy_6th_pre_req"": ""6695"", ""buy_6th_pre_req_pre"": ""0"", ""buy_7th_pre_bid"": ""+5910"", ""buy_7th_pre_req"": ""11896"", ""buy_7th_pre_req_pre"": ""0"", ""buy_8th_pre_bid"": ""+5900"", ""buy_8th_pre_req"": ""30349"", ""buy_8th_pre_req_pre"": ""0"", ""buy_9th_pre_bid"": ""+5890"", ""buy_9th_pre_req"": ""5802"", ""buy_9th_pre_req_pre"": ""0"", ""buy_10th_pre_bid"": ""+5880"", ""buy_10th_pre_req"": ""2697"", ""buy_10th_pre_req_pre"": ""0"", ""tot_sel_req_jub_pre"": ""+2"", ""tot_sel_req"": ""230355"", ""tot_buy_req"": ""114393"", ""tot_buy_req_jub_pre"": ""0"", ""ovt_sel_req_pre"": ""0"", ""ovt_sel_req"": ""0"", ""ovt_buy_req"": ""0"", ""ovt_buy_req_pre"": ""0"", ""return_code"": 0, ""return_msg"": ""정상적으로 처리되었습니다""}"
2026-06-10,scan_candidate,008770,,0,main_scan,54300,,54300,54200,54300,54300,-0.1841620626151013,0.1841620626151013,,,,,,"{""bid_req_base_tm"": ""102338"", ""sel_10th_pre_req_pre"": ""0"", ""sel_10th_pre_req"": ""541"", ""sel_10th_pre_bid"": ""55200"", ""sel_9th_pre_req_pre"": ""0"", ""sel_9th_pre_req"": ""184"", ""sel_9th_pre_bid"": ""-55100"", ""sel_8th_pre_req_pre"": ""0"", ""sel_8th_pre_req"": ""435"", ""sel_8th_pre_bid"": ""-55000"", ""sel_7th_pre_req_pre"": ""0"", ""sel_7th_pre_req"": ""313"", ""sel_7th_pre_bid"": ""-54900"", ""sel_6th_pre_req_pre"": ""0"", ""sel_6th_pre_req"": ""190"", ""sel_6th_pre_bid"": ""-54800"", ""sel_5th_pre_req_pre"": ""0"", ""sel_5th_pre_req"": ""37"", ""sel_5th_pre_bid"": ""-54700"", ""sel_4th_pre_req_pre"": ""0"", ""sel_4th_pre_req"": ""14"", ""sel_4th_pre_bid"": ""-54600"", ""sel_3th_pre_req_pre"": ""0"", ""sel_3th_pre_req"": ""91"", ""sel_3th_pre_bid"": ""-54500"", ""sel_2th_pre_req_pre"": ""0"", ""sel_2th_pre_req"": ""25"", ""sel_2th_pre_bid"": ""-54400"", ""sel_1th_pre_req_pre"": ""0"", ""sel_fpr_req"": ""137"", ""sel_fpr_bid"": ""-54300"", ""buy_fpr_bid"": ""-54200"", ""buy_fpr_req"": ""204"", ""buy_1th_pre_req_pre"": ""--21"", ""buy_2th_pre_bid"": ""-54100"", ""buy_2th_pre_req"": ""224"", ""buy_2th_pre_req_pre"": ""0"", ""buy_3th_pre_bid"": ""-54000"", ""buy_3th_pre_req"": ""433"", ""buy_3th_pre_req_pre"": ""0"", ""buy_4th_pre_bid"": ""-53900"", ""buy_4th_pre_req"": ""434"", ""buy_4th_pre_req_pre"": ""0"", ""buy_5th_pre_bid"": ""-53800"", ""buy_5th_pre_req"": ""73"", ""buy_5th_pre_req_pre"": ""0"", ""buy_6th_pre_bid"": ""-53700"", ""buy_6th_pre_req"": ""379"", ""buy_6th_pre_req_pre"": ""0"", ""buy_7th_pre_bid"": ""-53600"", ""buy_7th_pre_req"": ""116"", ""buy_7th_pre_req_pre"": ""0"", ""buy_8th_pre_bid"": ""-53500"", ""buy_8th_pre_req"": ""121"", ""buy_8th_pre_req_pre"": ""0"", ""buy_9th_pre_bid"": ""-53400"", ""buy_9th_pre_req"": ""229"", ""buy_9th_pre_req_pre"": ""0"", ""buy_10th_pre_bid"": ""-53300"", ""buy_10th_pre_req"": ""596"", ""buy_10th_pre_req_pre"": ""0"", ""tot_sel_req_jub_pre"": ""0"", ""tot_sel_req"": ""1967"", ""tot_buy_req"": ""2809"", ""tot_buy_req_jub_pre"": ""--21"", ""ovt_sel_req_pre"": ""0"", ""ovt_sel_req"": ""0"", ""ovt_buy_req"": ""0"", ""ovt_buy_req_pre"": ""0"", ""return_code"": 0, ""return_msg"": ""정상적으로 처리되었습니다""}"
2026-06-10,scan_candidate,081660,,0,main_scan,40250,,40250,40200,40250,40350,0.12422360248447205,0.12422360248447205,,,,,,"{""bid_req_base_tm"": ""102335"", ""sel_10th_pre_req_pre"": ""0"", ""sel_10th_pre_req"": ""70"", ""sel_10th_pre_bid"": ""+40700"", ""sel_9th_pre_req_pre"": ""0"", ""sel_9th_pre_req"": ""50"", ""sel_9th_pre_bid"": ""+40650"", ""sel_8th_pre_req_pre"": ""0"", ""sel_8th_pre_req"": ""65"", ""sel_8th_pre_bid"": ""+40600"", ""sel_7th_pre_req_pre"": ""0"", ""sel_7th_pre_req"": ""116"", ""sel_7th_pre_bid"": ""+40550"", ""sel_6th_pre_req_pre"": ""0"", ""sel_6th_pre_req"": ""191"", ""sel_6th_pre_bid"": ""+40500"", ""sel_5th_pre_req_pre"": ""0"", ""sel_5th_pre_req"": ""40"", ""sel_5th_pre_bid"": ""+40450"", ""sel_4th_pre_req_pre"": ""0"", ""sel_4th_pre_req"": ""33"", ""sel_4th_pre_bid"": ""+40400"", ""sel_3th_pre_req_pre"": ""0"", ""sel_3th_pre_req"": ""123"", ""sel_3th_pre_bid"": ""+40350"", ""sel_2th_pre_req_pre"": ""0"", ""sel_2th_pre_req"": ""108"", ""sel_2th_pre_bid"": ""+40300"", ""sel_1th_pre_req_pre"": ""+73"", ""sel_fpr_req"": ""221"", ""sel_fpr_bid"": ""+40250"", ""buy_fpr_bid"": ""+40200"", ""buy_fpr_req"": ""231"", ""buy_1th_pre_req_pre"": ""0"", ""buy_2th_pre_bid"": ""+40150"", ""buy_2th_pre_req"": ""27"", ""buy_2th_pre_req_pre"": ""0"", ""buy_3th_pre_bid"": ""+40050"", ""buy_3th_pre_req"": ""313"", ""buy_3th_pre_req_pre"": ""0"", ""buy_4th_pre_bid"": ""+40000"", ""buy_4th_pre_req"": ""558"", ""buy_4th_pre_req_pre"": ""0"", ""buy_5th_pre_bid"": ""+39950"", ""buy_5th_pre_req"": ""500"", ""buy_5th_pre_req_pre"": ""0"", ""buy_6th_pre_bid"": ""+39900"", ""buy_6th_pre_req"": ""2"", ""buy_6th_pre_req_pre"": ""0"", ""buy_7th_pre_bid"": ""+39850"", ""buy_7th_pre_req"": ""51"", ""buy_7th_pre_req_pre"": ""0"", ""buy_8th_pre_bid"": ""39700"", ""buy_8th_pre_req"": ""52"", ""buy_8th_pre_req_pre"": ""0"", ""buy_9th_pre_bid"": ""-39650"", ""buy_9th_pre_req"": ""30"", ""buy_9th_pre_req_pre"": ""0"", ""buy_10th_pre_bid"": ""-39600"", ""buy_10th_pre_req"": ""2"", ""buy_10th_pre_req_pre"": ""0"", ""tot_sel_req_jub_pre"": ""+73"", ""tot_sel_req"": ""1017"", ""tot_buy_req"": ""1766"", ""tot_buy_req_jub_pre"": ""0"", ""ovt_sel_req_pre"": ""0"", ""ovt_sel_req"": ""0"", ""ovt_buy_req"": ""0"", ""ovt_buy_req_pre"": ""0"", ""return_code"": 0, ""return_msg"": ""정상적으로 처리되었습니다""}"
2026-06-10,scan_candidate,462870,,0,main_scan,31000,,31000,30950,31000,31000,-0.16129032258064516,0.16129032258064516,,,,,,"{""bid_req_base_tm"": ""102337"", ""sel_10th_pre_req_pre"": ""0"", ""sel_10th_pre_req"": ""55"", ""sel_10th_pre_bid"": ""-31450"", ""sel_9th_pre_req_pre"": ""0"", ""sel_9th_pre_req"": ""126"", ""sel_9th_pre_bid"": ""-31400"", ""sel_8th_pre_req_pre"": ""0"", ""sel_8th_pre_req"": ""32"", ""sel_8th_pre_bid"": ""-31350"", ""sel_7th_pre_req_pre"": ""0"", ""sel_7th_pre_req"": ""370"", ""sel_7th_pre_bid"": ""-31300"", ""sel_6th_pre_req_pre"": ""0"", ""sel_6th_pre_req"": ""82"", ""sel_6th_pre_bid"": ""-31250"", ""sel_5th_pre_req_pre"": ""0"", ""sel_5th_pre_req"": ""55"", ""sel_5th_pre_bid"": ""-31200"", ""sel_4th_pre_req_pre"": ""0"", ""sel_4th_pre_req"": ""20"", ""sel_4th_pre_bid"": ""-31150"", ""sel_3th_pre_req_pre"": ""--200"", ""sel_3th_pre_req"": ""38"", ""sel_3th_pre_bid"": ""-31100"", ""sel_2th_pre_req_pre"": ""0"", ""sel_2th_pre_req"": ""82"", ""sel_2th_pre_bid"": ""-31050"", ""sel_1th_pre_req_pre"": ""0"", ""sel_fpr_req"": ""72"", ""sel_fpr_bid"": ""-31000"", ""buy_fpr_bid"": ""-30950"", ""buy_fpr_req"": ""100"", ""buy_1th_pre_req_pre"": ""0"", ""buy_2th_pre_bid"": ""-30900"", ""buy_2th_pre_req"": ""139"", ""buy_2th_pre_req_pre"": ""0"", ""buy_3th_pre_bid"": ""-30850"", ""buy_3th_pre_req"": ""14"", ""buy_3th_pre_req_pre"": ""0"", ""buy_4th_pre_bid"": ""-30800"", ""buy_4th_pre_req"": ""139"", ""buy_4th_pre_req_pre"": ""0"", ""buy_5th_pre_bid"": ""-30750"", ""buy_5th_pre_req"": ""51"", ""buy_5th_pre_req_pre"": ""0"", ""buy_6th_pre_bid"": ""-30700"", ""buy_6th_pre_req"": ""190"", ""buy_6th_pre_req_pre"": ""0"", ""buy_7th_pre_bid"": ""-30650"", ""buy_7th_pre_req"": ""33"", ""buy_7th_pre_req_pre"": ""0"", ""buy_8th_pre_bid"": ""-30600"", ""buy_8th_pre_req"": ""143"", ""buy_8th_pre_req_pre"": ""0"", ""buy_9th_pre_bid"": ""-30550"", ""buy_9th_pre_req"": ""165"", ""buy_9th_pre_req_pre"": ""0"", ""buy_10th_pre_bid"": ""-30500"", ""buy_10th_pre_req"": ""877"", ""buy_10th_pre_req_pre"": ""0"", ""tot_sel_req_jub_pre"": ""--200"", ""tot_sel_req"": ""932"", ""tot_buy_req"": ""1851"", ""tot_buy_req_jub_pre"": ""0"", ""ovt_sel_req_pre"": ""0"", ""ovt_sel_req"": ""0"", ""ovt_buy_req"": ""0"", ""ovt_buy_req_pre"": ""0"", ""return_code"": 0, ""return_msg"": ""정상적으로 처리되었습니다""}"
2026-06-10,scan_candidate,120110,,0,main_scan,71500,,71500,71300,71500,71100,-0.6993006993006993,0.27972027972027974,,,,,,"{""bid_req_base_tm"": ""102339"", ""sel_10th_pre_req_pre"": ""0"", ""sel_10th_pre_req"": ""55"", ""sel_10th_pre_bid"": ""+72400"", ""sel_9th_pre_req_pre"": ""0"", ""sel_9th_pre_req"": ""64"", ""sel_9th_pre_bid"": ""+72300"", ""sel_8th_pre_req_pre"": ""0"", ""sel_8th_pre_req"": ""360"", ""sel_8th_pre_bid"": ""+72200"", ""sel_7th_pre_req_pre"": ""+20"", ""sel_7th_pre_req"": ""63"", ""sel_7th_pre_bid"": ""+72100"", ""sel_6th_pre_req_pre"": ""0"", ""sel_6th_pre_req"": ""2602"", ""sel_6th_pre_bid"": ""+72000"", ""sel_5th_pre_req_pre"": ""0"", ""sel_5th_pre_req"": ""167"", ""sel_5th_pre_bid"": ""+71900"", ""sel_4th_pre_req_pre"": ""0"", ""sel_4th_pre_req"": ""123"", ""sel_4th_pre_bid"": ""+71800"", ""sel_3th_pre_req_pre"": ""0"", ""sel_3th_pre_req"": ""58"", ""sel_3th_pre_bid"": ""+71700"", ""sel_2th_pre_req_pre"": ""0"", ""sel_2th_pre_req"": ""50"", ""sel_2th_pre_bid"": ""+71600"", ""sel_1th_pre_req_pre"": ""0"", ""sel_fpr_req"": ""635"", ""sel_fpr_bid"": ""+71500"", ""buy_fpr_bid"": ""+71300"", ""buy_fpr_req"": ""200"", ""buy_1th_pre_req_pre"": ""0"", ""buy_2th_pre_bid"": ""+71200"", ""buy_2th_pre_req"": ""104"", ""buy_2th_pre_req_pre"": ""0"", ""buy_3th_pre_bid"": ""+71100"", ""buy_3th_pre_req"": ""110"", ""buy_3th_pre_req_pre"": ""0"", ""buy_4th_pre_bid"": ""+71000"", ""buy_4th_pre_req"": ""102"", ""buy_4th_pre_req_pre"": ""0"", ""buy_5th_pre_bid"": ""+70900"", ""buy_5th_pre_req"": ""1037"", ""buy_5th_pre_req_pre"": ""0"", ""buy_6th_pre_bid"": ""+70700"", ""buy_6th_pre_req"": ""147"", ""buy_6th_pre_req_pre"": ""0"", ""buy_7th_pre_bid"": ""+70600"", ""buy_7th_pre_req"": ""98"", ""buy_7th_pre_req_pre"": ""0"", ""buy_8th_pre_bid"": ""+70500"", ""buy_8th_pre_req"": ""35"", ""buy_8th_pre_req_pre"": ""0"", ""buy_9th_pre_bid"": ""+70400"", ""buy_9th_pre_req"": ""148"", ""buy_9th_pre_req_pre"": ""0"", ""buy_10th_pre_bid"": ""+70300"", ""buy_10th_pre_req"": ""58"", ""buy_10th_pre_req_pre"": ""0"", ""tot_sel_req_jub_pre"": ""+20"", ""tot_sel_req"": ""4177"", ""tot_buy_req"": ""2039"", ""tot_buy_req_jub_pre"": ""0"", ""ovt_sel_req_pre"": ""0"", ""ovt_sel_req"": ""0"", ""ovt_buy_req"": ""0"", ""ovt_buy_req_pre"": ""0"", ""return_code"": 0, ""return_msg"": ""정상적으로 처리되었습니다""}"
2026-06-10,scan_candidate,009155,,0,main_scan,609000,,609000,608000,609000,610000,0.0,0.16420361247947454,,,,,,"{""bid_req_base_tm"": ""102338"", ""sel_10th_pre_req_pre"": ""0"", ""sel_10th_pre_req"": ""5"", ""sel_10th_pre_bid"": ""-618000"", ""sel_9th_pre_req_pre"": ""0"", ""sel_9th_pre_req"": ""6"", ""sel_9th_pre_bid"": ""-617000"", ""sel_8th_pre_req_pre"": ""0"", ""sel_8th_pre_req"": ""2"", ""sel_8th_pre_bid"": ""-616000"", ""sel_7th_pre_req_pre"": ""0"", ""sel_7th_pre_req"": ""7"", ""sel_7th_pre_bid"": ""-615000"", ""sel_6th_pre_req_pre"": ""0"", ""sel_6th_pre_req"": ""30"", ""sel_6th_pre_bid"": ""-614000"", ""sel_5th_pre_req_pre"": ""0"", ""sel_5th_pre_req"": ""49"", ""sel_5th_pre_bid"": ""-613000"", ""sel_4th_pre_req_pre"": ""0"", ""sel_4th_pre_req"": ""52"", ""sel_4th_pre_bid"": ""-612000"", ""sel_3th_pre_req_pre"": ""0"", ""sel_3th_pre_req"": ""12"", ""sel_3th_pre_bid"": ""-611000"", ""sel_2th_pre_req_pre"": ""0"", ""sel_2th_pre_req"": ""11"", ""sel_2th_pre_bid"": ""-610000"", ""sel_1th_pre_req_pre"": ""0"", ""sel_fpr_req"": ""3"", ""sel_fpr_bid"": ""-609000"", ""buy_fpr_bid"": ""-608000"", ""buy_fpr_req"": ""10"", ""buy_1th_pre_req_pre"": ""0"", ""buy_2th_pre_bid"": ""-607000"", ""buy_2th_pre_req"": ""10"", ""buy_2th_pre_req_pre"": ""0"", ""buy_3th_pre_bid"": ""-606000"", ""buy_3th_pre_req"": ""35"", ""buy_3th_pre_req_pre"": ""0"", ""buy_4th_pre_bid"": ""-605000"", ""buy_4th_pre_req"": ""34"", ""buy_4th_pre_req_pre"": ""0"", ""buy_5th_pre_bid"": ""-604000"", ""buy_5th_pre_req"": ""57"", ""buy_5th_pre_req_pre"": ""0"", ""buy_6th_pre_bid"": ""-603000"", ""buy_6th_pre_req"": ""20"", ""buy_6th_pre_req_pre"": ""0"", ""buy_7th_pre_bid"": ""-602000"", ""buy_7th_pre_req"": ""48"", ""buy_7th_pre_req_pre"": ""0"", ""buy_8th_pre_bid"": ""-601000"", ""buy_8th_pre_req"": ""105"", ""buy_8th_pre_req_pre"": ""0"", ""buy_9th_pre_bid"": ""-600000"", ""buy_9th_pre_req"": ""504"", ""buy_9th_pre_req_pre"": ""0"", ""buy_10th_pre_bid"": ""-599000"", ""buy_10th_pre_req"": ""199"", ""buy_10th_pre_req_pre"": ""0"", ""tot_sel_req_jub_pre"": ""0"", ""tot_sel_req"": ""177"", ""tot_buy_req"": ""1022"", ""tot_buy_req_jub_pre"": ""0"", ""ovt_sel_req_pre"": ""0"", ""ovt_sel_req"": ""0"", ""ovt_buy_req"": ""0"", ""ovt_buy_req_pre"": ""0"", ""return_code"": 0, ""return_msg"": ""정상적으로 처리되었습니다""}"
2026-06-10,scan_candidate,017960,,0,main_scan,31400,,31400,31350,31400,31350,-0.3184713375796179,0.15923566878980894,,,,,,"{""bid_req_base_tm"": ""102336"", ""sel_10th_pre_req_pre"": ""0"", ""sel_10th_pre_req"": ""67"", ""sel_10th_pre_bid"": ""+31850"", ""sel_9th_pre_req_pre"": ""0"", ""sel_9th_pre_req"": ""479"", ""sel_9th_pre_bid"": ""+31800"", ""sel_8th_pre_req_pre"": ""0"", ""sel_8th_pre_req"": ""506"", ""sel_8th_pre_bid"": ""+31750"", ""sel_7th_pre_req_pre"": ""0"", ""sel_7th_pre_req"": ""302"", ""sel_7th_pre_bid"": ""+31700"", ""sel_6th_pre_req_pre"": ""0"", ""sel_6th_pre_req"": ""109"", ""sel_6th_pre_bid"": ""+31650"", ""sel_5th_pre_req_pre"": ""0"", ""sel_5th_pre_req"": ""1281"", ""sel_5th_pre_bid"": ""+31600"", ""sel_4th_pre_req_pre"": ""0"", ""sel_4th_pre_req"": ""252"", ""sel_4th_pre_bid"": ""+31550"", ""sel_3th_pre_req_pre"": ""0"", ""sel_3th_pre_req"": ""784"", ""sel_3th_pre_bid"": ""+31500"", ""sel_2th_pre_req_pre"": ""0"", ""sel_2th_pre_req"": ""549"", ""sel_2th_pre_bid"": ""+31450"", ""sel_1th_pre_req_pre"": ""+16"", ""sel_fpr_req"": ""91"", ""sel_fpr_bid"": ""+31400"", ""buy_fpr_bid"": ""+31350"", ""buy_fpr_req"": ""230"", ""buy_1th_pre_req_pre"": ""0"", ""buy_2th_pre_bid"": ""+31300"", ""buy_2th_pre_req"": ""161"", ""buy_2th_pre_req_pre"": ""0"", ""buy_3th_pre_bid"": ""+31250"", ""buy_3th_pre_req"": ""1220"", ""buy_3th_pre_req_pre"": ""0"", ""buy_4th_pre_bid"": ""+31200"", ""buy_4th_pre_req"": ""1257"", ""buy_4th_pre_req_pre"": ""0"", ""buy_5th_pre_bid"": ""+31150"", ""buy_5th_pre_req"": ""189"", ""buy_5th_pre_req_pre"": ""0"", ""buy_6th_pre_bid"": ""+31100"", ""buy_6th_pre_req"": ""317"", ""buy_6th_pre_req_pre"": ""0"", ""buy_7th_pre_bid"": ""+31050"", ""buy_7th_pre_req"": ""193"", ""buy_7th_pre_req_pre"": ""0"", ""buy_8th_pre_bid"": ""+31000"", ""buy_8th_pre_req"": ""804"", ""buy_8th_pre_req_pre"": ""0"", ""buy_9th_pre_bid"": ""+30950"", ""buy_9th_pre_req"": ""42"", ""buy_9th_pre_req_pre"": ""0"", ""buy_10th_pre_bid"": ""+30900"", ""buy_10th_pre_req"": ""35"", ""buy_10th_pre_req_pre"": ""0"", ""tot_sel_req_jub_pre"": ""+16"", ""tot_sel_req"": ""4420"", ""tot_buy_req"": ""4448"", ""tot_buy_req_jub_pre"": ""0"", ""ovt_sel_req_pre"": ""0"", ""ovt_sel_req"": ""0"", ""ovt_buy_req"": ""0"", ""ovt_buy_req_pre"": ""0"", ""return_code"": 0, ""return_msg"": ""정상적으로 처리되었습니다""}"
2026-06-10,scan_candidate,192080,,0,main_scan,71400,,71400,71000,71400,70800,-0.9803921568627451,0.5602240896358543,,,,,,"{""bid_req_base_tm"": ""102334"", ""sel_10th_pre_req_pre"": ""0"", ""sel_10th_pre_req"": ""59"", ""sel_10th_pre_bid"": ""+72700"", ""sel_9th_pre_req_pre"": ""0"", ""sel_9th_pre_req"": ""171"", ""sel_9th_pre_bid"": ""+72600"", ""sel_8th_pre_req_pre"": ""0"", ""sel_8th_pre_req"": ""40"", ""sel_8th_pre_bid"": ""+72400"", ""sel_7th_pre_req_pre"": ""0"", ""sel_7th_pre_req"": ""17"", ""sel_7th_pre_bid"": ""+72200"", ""sel_6th_pre_req_pre"": ""0"", ""sel_6th_pre_req"": ""27"", ""sel_6th_pre_bid"": ""-71900"", ""sel_5th_pre_req_pre"": ""0"", ""sel_5th_pre_req"": ""14"", ""sel_5th_pre_bid"": ""-71800"", ""sel_4th_pre_req_pre"": ""0"", ""sel_4th_pre_req"": ""960"", ""sel_4th_pre_bid"": ""-71700"", ""sel_3th_pre_req_pre"": ""0"", ""sel_3th_pre_req"": ""27"", ""sel_3th_pre_bid"": ""-71600"", ""sel_2th_pre_req_pre"": ""0"", ""sel_2th_pre_req"": ""22"", ""sel_2th_pre_bid"": ""-71500"", ""sel_1th_pre_req_pre"": ""0"", ""sel_fpr_req"": ""38"", ""sel_fpr_bid"": ""-71400"", ""buy_fpr_bid"": ""-71000"", ""buy_fpr_req"": ""27"", ""buy_1th_pre_req_pre"": ""0"", ""buy_2th_pre_bid"": ""-70900"", ""buy_2th_pre_req"": ""40"", ""buy_2th_pre_req_pre"": ""0"", ""buy_3th_pre_bid"": ""-70600"", ""buy_3th_pre_req"": ""38"", ""buy_3th_pre_req_pre"": ""0"", ""buy_4th_pre_bid"": ""-70500"", ""buy_4th_pre_req"": ""181"", ""buy_4th_pre_req_pre"": ""0"", ""buy_5th_pre_bid"": ""-70400"", ""buy_5th_pre_req"": ""93"", ""buy_5th_pre_req_pre"": ""0"", ""buy_6th_pre_bid"": ""-70300"", ""buy_6th_pre_req"": ""32"", ""buy_6th_pre_req_pre"": ""0"", ""buy_7th_pre_bid"": ""-70200"", ""buy_7th_pre_req"": ""21"", ""buy_7th_pre_req_pre"": ""0"", ""buy_8th_pre_bid"": ""-70100"", ""buy_8th_pre_req"": ""23"", ""buy_8th_pre_req_pre"": ""0"", ""buy_9th_pre_bid"": ""-70000"", ""buy_9th_pre_req"": ""47"", ""buy_9th_pre_req_pre"": ""0"", ""buy_10th_pre_bid"": ""-69900"", ""buy_10th_pre_req"": ""33"", ""buy_10th_pre_req_pre"": ""0"", ""tot_sel_req_jub_pre"": ""0"", ""tot_sel_req"": ""1375"", ""tot_buy_req"": ""535"", ""tot_buy_req_jub_pre"": ""0"", ""ovt_sel_req_pre"": ""0"", ""ovt_sel_req"": ""0"", ""ovt_buy_req"": ""0"", ""ovt_buy_req_pre"": ""0"", ""return_code"": 0, ""return_msg"": ""정상적으로 처리되었습니다""}"
2026-06-10,scan_candidate,093370,,0,main_scan,16060,,16060,16040,16060,16050,-0.37359900373599003,0.12453300124533001,,,,,,"{""bid_req_base_tm"": ""102340"", ""sel_10th_pre_req_pre"": ""0"", ""sel_10th_pre_req"": ""2968"", ""sel_10th_pre_bid"": ""+16150"", ""sel_9th_pre_req_pre"": ""0"", ""sel_9th_pre_req"": ""323"", ""sel_9th_pre_bid"": ""+16140"", ""sel_8th_pre_req_pre"": ""0"", ""sel_8th_pre_req"": ""202"", ""sel_8th_pre_bid"": ""+16130"", ""sel_7th_pre_req_pre"": ""0"", ""sel_7th_pre_req"": ""1144"", ""sel_7th_pre_bid"": ""+16120"", ""sel_6th_pre_req_pre"": ""0"", ""sel_6th_pre_req"": ""2453"", ""sel_6th_pre_bid"": ""+16110"", ""sel_5th_pre_req_pre"": ""0"", ""sel_5th_pre_req"": ""3023"", ""sel_5th_pre_bid"": ""+16100"", ""sel_4th_pre_req_pre"": ""0"", ""sel_4th_pre_req"": ""2649"", ""sel_4th_pre_bid"": ""+16090"", ""sel_3th_pre_req_pre"": ""0"", ""sel_3th_pre_req"": ""2106"", ""sel_3th_pre_bid"": ""+16080"", ""sel_2th_pre_req_pre"": ""0"", ""sel_2th_pre_req"": ""1289"", ""sel_2th_pre_bid"": ""+16070"", ""sel_1th_pre_req_pre"": ""+189"", ""sel_fpr_req"": ""1701"", ""sel_fpr_bid"": ""+16060"", ""buy_fpr_bid"": ""+16040"", ""buy_fpr_req"": ""1296"", ""buy_1th_pre_req_pre"": ""--85"", ""buy_2th_pre_bid"": ""+16030"", ""buy_2th_pre_req"": ""2736"", ""buy_2th_pre_req_pre"": ""0"", ""buy_3th_pre_bid"": ""+16020"", ""buy_3th_pre_req"": ""2086"", ""buy_3th_pre_req_pre"": ""0"", ""buy_4th_pre_bid"": ""+16010"", ""buy_4th_pre_req"": ""2620"", ""buy_4th_pre_req_pre"": ""0"", ""buy_5th_pre_bid"": ""+16000"", ""buy_5th_pre_req"": ""6924"", ""buy_5th_pre_req_pre"": ""0"", ""buy_6th_pre_bid"": ""+15990"", ""buy_6th_pre_req"": ""1217"", ""buy_6th_pre_req_pre"": ""0"", ""buy_7th_pre_bid"": ""+15980"", ""buy_7th_pre_req"": ""457"", ""buy_7th_pre_req_pre"": ""0"", ""buy_8th_pre_bid"": ""+15970"", ""buy_8th_pre_req"": ""815"", ""buy_8th_pre_req_pre"": ""0"", ""buy_9th_pre_bid"": ""+15960"", ""buy_9th_pre_req"": ""970"", ""buy_9th_pre_req_pre"": ""0"", ""buy_10th_pre_bid"": ""+15950"", ""buy_10th_pre_req"": ""2688"", ""buy_10th_pre_req_pre"": ""0"", ""tot_sel_req_jub_pre"": ""+189"", ""tot_sel_req"": ""17858"", ""tot_buy_req"": ""21809"", ""tot_buy_req_jub_pre"": ""+2544"", ""ovt_sel_req_pre"": ""0"", ""ovt_sel_req"": ""0"", ""ovt_buy_req"": ""0"", ""ovt_buy_req_pre"": ""0"", ""return_code"": 0, ""return_msg"": ""정상적으로 처리되었습니다""}"
2026-06-10,scan_candidate,066575,,0,main_scan,79300,,79300,79200,79300,79200,-0.25220680958385877,0.12610340479192939,,,,,,"{""bid_req_base_tm"": ""102340"", ""sel_10th_pre_req_pre"": ""0"", ""sel_10th_pre_req"": ""308"", ""sel_10th_pre_bid"": ""-80200"", ""sel_9th_pre_req_pre"": ""0"", ""sel_9th_pre_req"": ""96"", ""sel_9th_pre_bid"": ""-80100"", ""sel_8th_pre_req_pre"": ""0"", ""sel_8th_pre_req"": ""818"", ""sel_8th_pre_bid"": ""-80000"", ""sel_7th_pre_req_pre"": ""0"", ""sel_7th_pre_req"": ""285"", ""sel_7th_pre_bid"": ""-79900"", ""sel_6th_pre_req_pre"": ""0"", ""sel_6th_pre_req"": ""34"", ""sel_6th_pre_bid"": ""-79800"", ""sel_5th_pre_req_pre"": ""0"", ""sel_5th_pre_req"": ""10"", ""sel_5th_pre_bid"": ""-79700"", ""sel_4th_pre_req_pre"": ""0"", ""sel_4th_pre_req"": ""99"", ""sel_4th_pre_bid"": ""-79600"", ""sel_3th_pre_req_pre"": ""--26"", ""sel_3th_pre_req"": ""60"", ""sel_3th_pre_bid"": ""-79500"", ""sel_2th_pre_req_pre"": ""--102"", ""sel_2th_pre_req"": ""31"", ""sel_2th_pre_bid"": ""-79400"", ""sel_1th_pre_req_pre"": ""0"", ""sel_fpr_req"": ""15"", ""sel_fpr_bid"": ""-79300"", ""buy_fpr_bid"": ""-79200"", ""buy_fpr_req"": ""187"", ""buy_1th_pre_req_pre"": ""0"", ""buy_2th_pre_bid"": ""-79100"", ""buy_2th_pre_req"": ""84"", ""buy_2th_pre_req_pre"": ""--26"", ""buy_3th_pre_bid"": ""-79000"", ""buy_3th_pre_req"": ""531"", ""buy_3th_pre_req_pre"": ""0"", ""buy_4th_pre_bid"": ""-78900"", ""buy_4th_pre_req"": ""163"", ""buy_4th_pre_req_pre"": ""+26"", ""buy_5th_pre_bid"": ""-78800"", ""buy_5th_pre_req"": ""273"", ""buy_5th_pre_req_pre"": ""0"", ""buy_6th_pre_bid"": ""-78700"", ""buy_6th_pre_req"": ""17"", ""buy_6th_pre_req_pre"": ""0"", ""buy_7th_pre_bid"": ""-78600"", ""buy_7th_pre_req"": ""139"", ""buy_7th_pre_req_pre"": ""0"", ""buy_8th_pre_bid"": ""-78500"", ""buy_8th_pre_req"": ""160"", ""buy_8th_pre_req_pre"": ""0"", ""buy_9th_pre_bid"": ""-78400"", ""buy_9th_pre_req"": ""13"", ""buy_9th_pre_req_pre"": ""0"", ""buy_10th_pre_bid"": ""-78300"", ""buy_10th_pre_req"": ""107"", ""buy_10th_pre_req_pre"": ""0"", ""tot_sel_req_jub_pre"": ""--294"", ""tot_sel_req"": ""1756"", ""tot_buy_req"": ""1674"", ""tot_buy_req_jub_pre"": ""+76"", ""ovt_sel_req_pre"": ""0"", ""ovt_sel_req"": ""0"", ""ovt_buy_req"": ""0"", ""ovt_buy_req_pre"": ""0"", ""return_code"": 0, ""return_msg"": ""정상적으로 처리되었습니다""}"
2026-06-10,scan_candidate,181710,,0,main_scan,40300,,40300,40150,40300,40500,0.37220843672456577,0.37220843672456577,,,,,,"{""bid_req_base_tm"": ""102340"", ""sel_10th_pre_req_pre"": ""0"", ""sel_10th_pre_req"": ""31"", ""sel_10th_pre_bid"": ""-41000"", ""sel_9th_pre_req_pre"": ""0"", ""sel_9th_pre_req"": ""76"", ""sel_9th_pre_bid"": ""-40950"", ""sel_8th_pre_req_pre"": ""0"", ""sel_8th_pre_req"": ""3"", ""sel_8th_pre_bid"": ""-40850"", ""sel_7th_pre_req_pre"": ""0"", ""sel_7th_pre_req"": ""24"", ""sel_7th_pre_bid"": ""-40700"", ""sel_6th_pre_req_pre"": ""0"", ""sel_6th_pre_req"": ""3"", ""sel_6th_pre_bid"": ""-40650"", ""sel_5th_pre_req_pre"": ""0"", ""sel_5th_pre_req"": ""12"", ""sel_5th_pre_bid"": ""-40600"", ""sel_4th_pre_req_pre"": ""0"", ""sel_4th_pre_req"": ""2"", ""sel_4th_pre_bid"": ""-40550"", ""sel_3th_pre_req_pre"": ""0"", ""sel_3th_pre_req"": ""821"", ""sel_3th_pre_bid"": ""-40500"", ""sel_2th_pre_req_pre"": ""0"", ""sel_2th_pre_req"": ""36"", ""sel_2th_pre_bid"": ""-40350"", ""sel_1th_pre_req_pre"": ""0"", ""sel_fpr_req"": ""83"", ""sel_fpr_bid"": ""-40300"", ""buy_fpr_bid"": ""-40150"", ""buy_fpr_req"": ""65"", ""buy_1th_pre_req_pre"": ""+14"", ""buy_2th_pre_bid"": ""-40100"", ""buy_2th_pre_req"": ""556"", ""buy_2th_pre_req_pre"": ""0"", ""buy_3th_pre_bid"": ""-40050"", ""buy_3th_pre_req"": ""798"", ""buy_3th_pre_req_pre"": ""0"", ""buy_4th_pre_bid"": ""-40000"", ""buy_4th_pre_req"": ""823"", ""buy_4th_pre_req_pre"": ""0"", ""buy_5th_pre_bid"": ""-39950"", ""buy_5th_pre_req"": ""546"", ""buy_5th_pre_req_pre"": ""0"", ""buy_6th_pre_bid"": ""-39900"", ""buy_6th_pre_req"": ""414"", ""buy_6th_pre_req_pre"": ""0"", ""buy_7th_pre_bid"": ""-39850"", ""buy_7th_pre_req"": ""520"", ""buy_7th_pre_req_pre"": ""0"", ""buy_8th_pre_bid"": ""-39800"", ""buy_8th_pre_req"": ""410"", ""buy_8th_pre_req_pre"": ""0"", ""buy_9th_pre_bid"": ""-39750"", ""buy_9th_pre_req"": ""36"", ""buy_9th_pre_req_pre"": ""0"", ""buy_10th_pre_bid"": ""-39700"", ""buy_10th_pre_req"": ""773"", ""buy_10th_pre_req_pre"": ""0"", ""tot_sel_req_jub_pre"": ""0"", ""tot_sel_req"": ""1091"", ""tot_buy_req"": ""4941"", ""tot_buy_req_jub_pre"": ""+14"", ""ovt_sel_req_pre"": ""0"", ""ovt_sel_req"": ""0"", ""ovt_buy_req"": ""0"", ""ovt_buy_req_pre"": ""0"", ""return_code"": 0, ""return_msg"": ""정상적으로 처리되었습니다""}"
2026-06-10,scan_candidate,034230,,0,main_scan,15120,,15120,15110,15120,15050,-0.7936507936507936,0.06613756613756613,,,,,,"{""bid_req_base_tm"": ""102335"", ""sel_10th_pre_req_pre"": ""0"", ""sel_10th_pre_req"": ""13"", ""sel_10th_pre_bid"": ""+15210"", ""sel_9th_pre_req_pre"": ""0"", ""sel_9th_pre_req"": ""400"", ""sel_9th_pre_bid"": ""+15200"", ""sel_8th_pre_req_pre"": ""0"", ""sel_8th_pre_req"": ""883"", ""sel_8th_pre_bid"": ""+15190"", ""sel_7th_pre_req_pre"": ""0"", ""sel_7th_pre_req"": ""58"", ""sel_7th_pre_bid"": ""+15180"", ""sel_6th_pre_req_pre"": ""0"", ""sel_6th_pre_req"": ""113"", ""sel_6th_pre_bid"": ""+15170"", ""sel_5th_pre_req_pre"": ""0"", ""sel_5th_pre_req"": ""26"", ""sel_5th_pre_bid"": ""+15160"", ""sel_4th_pre_req_pre"": ""0"", ""sel_4th_pre_req"": ""249"", ""sel_4th_pre_bid"": ""+15150"", ""sel_3th_pre_req_pre"": ""0"", ""sel_3th_pre_req"": ""155"", ""sel_3th_pre_bid"": ""+15140"", ""sel_2th_pre_req_pre"": ""0"", ""sel_2th_pre_req"": ""385"", ""sel_2th_pre_bid"": ""+15130"", ""sel_1th_pre_req_pre"": ""0"", ""sel_fpr_req"": ""198"", ""sel_fpr_bid"": ""+15120"", ""buy_fpr_bid"": ""+15110"", ""buy_fpr_req"": ""1"", ""buy_1th_pre_req_pre"": ""0"", ""buy_2th_pre_bid"": ""+15100"", ""buy_2th_pre_req"": ""120"", ""buy_2th_pre_req_pre"": ""0"", ""buy_3th_pre_bid"": ""+15090"", ""buy_3th_pre_req"": ""67"", ""buy_3th_pre_req_pre"": ""0"", ""buy_4th_pre_bid"": ""+15080"", ""buy_4th_pre_req"": ""4"", ""buy_4th_pre_req_pre"": ""0"", ""buy_5th_pre_bid"": ""+15070"", ""buy_5th_pre_req"": ""200"", ""buy_5th_pre_req_pre"": ""0"", ""buy_6th_pre_bid"": ""+15060"", ""buy_6th_pre_req"": ""28"", ""buy_6th_pre_req_pre"": ""0"", ""buy_7th_pre_bid"": ""+15050"", ""buy_7th_pre_req"": ""10"", ""buy_7th_pre_req_pre"": ""0"", ""buy_8th_pre_bid"": ""+15040"", ""buy_8th_pre_req"": ""156"", ""buy_8th_pre_req_pre"": ""0"", ""buy_9th_pre_bid"": ""+15030"", ""buy_9th_pre_req"": ""159"", ""buy_9th_pre_req_pre"": ""0"", ""buy_10th_pre_bid"": ""15020"", ""buy_10th_pre_req"": ""176"", ""buy_10th_pre_req_pre"": ""0"", ""tot_sel_req_jub_pre"": ""0"", ""tot_sel_req"": ""2480"", ""tot_buy_req"": ""921"", ""tot_buy_req_jub_pre"": ""0"", ""ovt_sel_req_pre"": ""0"", ""ovt_sel_req"": ""0"", ""ovt_buy_req"": ""0"", ""ovt_buy_req_pre"": ""0"", ""return_code"": 0, ""return_msg"": ""정상적으로 처리되었습니다""}"
2026-06-10,scan_candidate,281820,,0,main_scan,67600,,67600,67300,67600,67500,-0.2958579881656805,0.4437869822485207,,,,,,"{""bid_req_base_tm"": ""102340"", ""sel_10th_pre_req_pre"": ""0"", ""sel_10th_pre_req"": ""310"", ""sel_10th_pre_bid"": ""+68600"", ""sel_9th_pre_req_pre"": ""0"", ""sel_9th_pre_req"": ""190"", ""sel_9th_pre_bid"": ""+68500"", ""sel_8th_pre_req_pre"": ""0"", ""sel_8th_pre_req"": ""245"", ""sel_8th_pre_bid"": ""+68400"", ""sel_7th_pre_req_pre"": ""0"", ""sel_7th_pre_req"": ""53"", ""sel_7th_pre_bid"": ""+68300"", ""sel_6th_pre_req_pre"": ""0"", ""sel_6th_pre_req"": ""44"", ""sel_6th_pre_bid"": ""+68200"", ""sel_5th_pre_req_pre"": ""0"", ""sel_5th_pre_req"": ""30"", ""sel_5th_pre_bid"": ""+68100"", ""sel_4th_pre_req_pre"": ""0"", ""sel_4th_pre_req"": ""131"", ""sel_4th_pre_bid"": ""+68000"", ""sel_3th_pre_req_pre"": ""0"", ""sel_3th_pre_req"": ""83"", ""sel_3th_pre_bid"": ""+67900"", ""sel_2th_pre_req_pre"": ""0"", ""sel_2th_pre_req"": ""9"", ""sel_2th_pre_bid"": ""+67800"", ""sel_1th_pre_req_pre"": ""+6"", ""sel_fpr_req"": ""118"", ""sel_fpr_bid"": ""+67600"", ""buy_fpr_bid"": ""+67300"", ""buy_fpr_req"": ""83"", ""buy_1th_pre_req_pre"": ""0"", ""buy_2th_pre_bid"": ""+67200"", ""buy_2th_pre_req"": ""144"", ""buy_2th_pre_req_pre"": ""0"", ""buy_3th_pre_bid"": ""+67100"", ""buy_3th_pre_req"": ""135"", ""buy_3th_pre_req_pre"": ""0"", ""buy_4th_pre_bid"": ""+67000"", ""buy_4th_pre_req"": ""99"", ""buy_4th_pre_req_pre"": ""0"", ""buy_5th_pre_bid"": ""+66900"", ""buy_5th_pre_req"": ""179"", ""buy_5th_pre_req_pre"": ""0"", ""buy_6th_pre_bid"": ""+66800"", ""buy_6th_pre_req"": ""331"", ""buy_6th_pre_req_pre"": ""0"", ""buy_7th_pre_bid"": ""+66700"", ""buy_7th_pre_req"": ""4"", ""buy_7th_pre_req_pre"": ""0"", ""buy_8th_pre_bid"": ""+66600"", ""buy_8th_pre_req"": ""32"", ""buy_8th_pre_req_pre"": ""0"", ""buy_9th_pre_bid"": ""+66500"", ""buy_9th_pre_req"": ""105"", ""buy_9th_pre_req_pre"": ""0"", ""buy_10th_pre_bid"": ""66400"", ""buy_10th_pre_req"": ""117"", ""buy_10th_pre_req_pre"": ""0"", ""tot_sel_req_jub_pre"": ""+6"", ""tot_sel_req"": ""1213"", ""tot_buy_req"": ""1229"", ""tot_buy_req_jub_pre"": ""0"", ""ovt_sel_req_pre"": ""0"", ""ovt_sel_req"": ""0"", ""ovt_buy_req"": ""0"", ""ovt_buy_req_pre"": ""0"", ""return_code"": 0, ""return_msg"": ""정상적으로 처리되었습니다""}"
2026-06-10,scan_candidate,195870,,0,main_scan,77800,,77800,77300,77800,77500,-0.5141388174807198,0.6426735218508998,,,,,,"{""bid_req_base_tm"": ""102340"", ""sel_10th_pre_req_pre"": ""0"", ""sel_10th_pre_req"": ""217"", ""sel_10th_pre_bid"": ""+78700"", ""sel_9th_pre_req_pre"": ""0"", ""sel_9th_pre_req"": ""325"", ""sel_9th_pre_bid"": ""+78600"", ""sel_8th_pre_req_pre"": ""0"", ""sel_8th_pre_req"": ""92"", ""sel_8th_pre_bid"": ""+78500"", ""sel_7th_pre_req_pre"": ""0"", ""sel_7th_pre_req"": ""28"", ""sel_7th_pre_bid"": ""+78400"", ""sel_6th_pre_req_pre"": ""0"", ""sel_6th_pre_req"": ""125"", ""sel_6th_pre_bid"": ""+78300"", ""sel_5th_pre_req_pre"": ""0"", ""sel_5th_pre_req"": ""72"", ""sel_5th_pre_bid"": ""+78200"", ""sel_4th_pre_req_pre"": ""0"", ""sel_4th_pre_req"": ""3"", ""sel_4th_pre_bid"": ""+78100"", ""sel_3th_pre_req_pre"": ""0"", ""sel_3th_pre_req"": ""31"", ""sel_3th_pre_bid"": ""+78000"", ""sel_2th_pre_req_pre"": ""0"", ""sel_2th_pre_req"": ""6"", ""sel_2th_pre_bid"": ""+77900"", ""sel_1th_pre_req_pre"": ""0"", ""sel_fpr_req"": ""131"", ""sel_fpr_bid"": ""+77800"", ""buy_fpr_bid"": ""+77300"", ""buy_fpr_req"": ""37"", ""buy_1th_pre_req_pre"": ""--1"", ""buy_2th_pre_bid"": ""+77200"", ""buy_2th_pre_req"": ""68"", ""buy_2th_pre_req_pre"": ""0"", ""buy_3th_pre_bid"": ""+77100"", ""buy_3th_pre_req"": ""102"", ""buy_3th_pre_req_pre"": ""0"", ""buy_4th_pre_bid"": ""+77000"", ""buy_4th_pre_req"": ""211"", ""buy_4th_pre_req_pre"": ""0"", ""buy_5th_pre_bid"": ""+76900"", ""buy_5th_pre_req"": ""42"", ""buy_5th_pre_req_pre"": ""0"", ""buy_6th_pre_bid"": ""+76800"", ""buy_6th_pre_req"": ""4"", ""buy_6th_pre_req_pre"": ""0"", ""buy_7th_pre_bid"": ""+76700"", ""buy_7th_pre_req"": ""50"", ""buy_7th_pre_req_pre"": ""0"", ""buy_8th_pre_bid"": ""+76600"", ""buy_8th_pre_req"": ""116"", ""buy_8th_pre_req_pre"": ""0"", ""buy_9th_pre_bid"": ""+76500"", ""buy_9th_pre_req"": ""257"", ""buy_9th_pre_req_pre"": ""0"", ""buy_10th_pre_bid"": ""+76400"", ""buy_10th_pre_req"": ""251"", ""buy_10th_pre_req_pre"": ""0"", ""tot_sel_req_jub_pre"": ""0"", ""tot_sel_req"": ""1030"", ""tot_buy_req"": ""1138"", ""tot_buy_req_jub_pre"": ""--1"", ""ovt_sel_req_pre"": ""0"", ""ovt_sel_req"": ""0"", ""ovt_buy_req"": ""0"", ""ovt_buy_req_pre"": ""0"", ""return_code"": 0, ""return_msg"": ""정상적으로 처리되었습니다""}"
2026-06-10,scan_candidate,001820,,0,main_scan,115800,,115800,115700,115800,115500,-0.690846286701209,0.08635578583765112,,,,,,"{""bid_req_base_tm"": ""102341"", ""sel_10th_pre_req_pre"": ""0"", ""sel_10th_pre_req"": ""41"", ""sel_10th_pre_bid"": ""-116700"", ""sel_9th_pre_req_pre"": ""0"", ""sel_9th_pre_req"": ""71"", ""sel_9th_pre_bid"": ""-116600"", ""sel_8th_pre_req_pre"": ""0"", ""sel_8th_pre_req"": ""137"", ""sel_8th_pre_bid"": ""-116500"", ""sel_7th_pre_req_pre"": ""0"", ""sel_7th_pre_req"": ""128"", ""sel_7th_pre_bid"": ""-116400"", ""sel_6th_pre_req_pre"": ""0"", ""sel_6th_pre_req"": ""120"", ""sel_6th_pre_bid"": ""-116300"", ""sel_5th_pre_req_pre"": ""0"", ""sel_5th_pre_req"": ""53"", ""sel_5th_pre_bid"": ""-116200"", ""sel_4th_pre_req_pre"": ""0"", ""sel_4th_pre_req"": ""105"", ""sel_4th_pre_bid"": ""-116100"", ""sel_3th_pre_req_pre"": ""0"", ""sel_3th_pre_req"": ""174"", ""sel_3th_pre_bid"": ""-116000"", ""sel_2th_pre_req_pre"": ""0"", ""sel_2th_pre_req"": ""163"", ""sel_2th_pre_bid"": ""-115900"", ""sel_1th_pre_req_pre"": ""0"", ""sel_fpr_req"": ""17"", ""sel_fpr_bid"": ""-115800"", ""buy_fpr_bid"": ""-115700"", ""buy_fpr_req"": ""184"", ""buy_1th_pre_req_pre"": ""0"", ""buy_2th_pre_bid"": ""-115600"", ""buy_2th_pre_req"": ""40"", ""buy_2th_pre_req_pre"": ""0"", ""buy_3th_pre_bid"": ""-115500"", ""buy_3th_pre_req"": ""112"", ""buy_3th_pre_req_pre"": ""0"", ""buy_4th_pre_bid"": ""-115400"", ""buy_4th_pre_req"": ""34"", ""buy_4th_pre_req_pre"": ""0"", ""buy_5th_pre_bid"": ""-115300"", ""buy_5th_pre_req"": ""32"", ""buy_5th_pre_req_pre"": ""0"", ""buy_6th_pre_bid"": ""-115200"", ""buy_6th_pre_req"": ""114"", ""buy_6th_pre_req_pre"": ""0"", ""buy_7th_pre_bid"": ""-115100"", ""buy_7th_pre_req"": ""138"", ""buy_7th_pre_req_pre"": ""0"", ""buy_8th_pre_bid"": ""-115000"", ""buy_8th_pre_req"": ""367"", ""buy_8th_pre_req_pre"": ""0"", ""buy_9th_pre_bid"": ""-114900"", ""buy_9th_pre_req"": ""137"", ""buy_9th_pre_req_pre"": ""0"", ""buy_10th_pre_bid"": ""-114800"", ""buy_10th_pre_req"": ""17"", ""buy_10th_pre_req_pre"": ""0"", ""tot_sel_req_jub_pre"": ""0"", ""tot_sel_req"": ""1009"", ""tot_buy_req"": ""1175"", ""tot_buy_req_jub_pre"": ""0"", ""ovt_sel_req_pre"": ""0"", ""ovt_sel_req"": ""0"", ""ovt_buy_req"": ""0"", ""ovt_buy_req_pre"": ""0"", ""return_code"": 0, ""return_msg"": ""정상적으로 처리되었습니다""}"
2026-06-10,scan_candidate,000815,,0,main_scan,401000,,401000,400000,401000,400500,-0.24937655860349126,0.24937655860349126,,,,,,"{""bid_req_base_tm"": ""102340"", ""sel_10th_pre_req_pre"": ""0"", ""sel_10th_pre_req"": ""122"", ""sel_10th_pre_bid"": ""-406000"", ""sel_9th_pre_req_pre"": ""0"", ""sel_9th_pre_req"": ""65"", ""sel_9th_pre_bid"": ""-405500"", ""sel_8th_pre_req_pre"": ""0"", ""sel_8th_pre_req"": ""132"", ""sel_8th_pre_bid"": ""-405000"", ""sel_7th_pre_req_pre"": ""0"", ""sel_7th_pre_req"": ""132"", ""sel_7th_pre_bid"": ""-404500"", ""sel_6th_pre_req_pre"": ""0"", ""sel_6th_pre_req"": ""110"", ""sel_6th_pre_bid"": ""-404000"", ""sel_5th_pre_req_pre"": ""0"", ""sel_5th_pre_req"": ""15"", ""sel_5th_pre_bid"": ""-403500"", ""sel_4th_pre_req_pre"": ""0"", ""sel_4th_pre_req"": ""43"", ""sel_4th_pre_bid"": ""-403000"", ""sel_3th_pre_req_pre"": ""0"", ""sel_3th_pre_req"": ""6"", ""sel_3th_pre_bid"": ""-402000"", ""sel_2th_pre_req_pre"": ""0"", ""sel_2th_pre_req"": ""25"", ""sel_2th_pre_bid"": ""-401500"", ""sel_1th_pre_req_pre"": ""0"", ""sel_fpr_req"": ""36"", ""sel_fpr_bid"": ""-401000"", ""buy_fpr_bid"": ""-400000"", ""buy_fpr_req"": ""1"", ""buy_1th_pre_req_pre"": ""0"", ""buy_2th_pre_bid"": ""-399500"", ""buy_2th_pre_req"": ""26"", ""buy_2th_pre_req_pre"": ""0"", ""buy_3th_pre_bid"": ""-399000"", ""buy_3th_pre_req"": ""116"", ""buy_3th_pre_req_pre"": ""0"", ""buy_4th_pre_bid"": ""-398500"", ""buy_4th_pre_req"": ""29"", ""buy_4th_pre_req_pre"": ""0"", ""buy_5th_pre_bid"": ""-398000"", ""buy_5th_pre_req"": ""105"", ""buy_5th_pre_req_pre"": ""0"", ""buy_6th_pre_bid"": ""-397500"", ""buy_6th_pre_req"": ""148"", ""buy_6th_pre_req_pre"": ""0"", ""buy_7th_pre_bid"": ""-397000"", ""buy_7th_pre_req"": ""58"", ""buy_7th_pre_req_pre"": ""0"", ""buy_8th_pre_bid"": ""-396500"", ""buy_8th_pre_req"": ""11"", ""buy_8th_pre_req_pre"": ""0"", ""buy_9th_pre_bid"": ""-396000"", ""buy_9th_pre_req"": ""24"", ""buy_9th_pre_req_pre"": ""0"", ""buy_10th_pre_bid"": ""-395500"", ""buy_10th_pre_req"": ""8"", ""buy_10th_pre_req_pre"": ""0"", ""tot_sel_req_jub_pre"": ""0"", ""tot_sel_req"": ""686"", ""tot_buy_req"": ""526"", ""tot_buy_req_jub_pre"": ""--54"", ""ovt_sel_req_pre"": ""0"", ""ovt_sel_req"": ""0"", ""ovt_buy_req"": ""0"", ""ovt_buy_req_pre"": ""0"", ""return_code"": 0, ""return_msg"": ""정상적으로 처리되었습니다""}"
2026-06-10,scan_candidate,499790,,0,main_scan,49200,,49200,49150,49200,48900,-0.7113821138211381,0.10162601626016261,,,,,,"{""bid_req_base_tm"": ""102342"", ""sel_10th_pre_req_pre"": ""0"", ""sel_10th_pre_req"": ""125"", ""sel_10th_pre_bid"": ""+49650"", ""sel_9th_pre_req_pre"": ""0"", ""sel_9th_pre_req"": ""584"", ""sel_9th_pre_bid"": ""+49600"", ""sel_8th_pre_req_pre"": ""0"", ""sel_8th_pre_req"": ""55"", ""sel_8th_pre_bid"": ""+49550"", ""sel_7th_pre_req_pre"": ""0"", ""sel_7th_pre_req"": ""101"", ""sel_7th_pre_bid"": ""+49500"", ""sel_6th_pre_req_pre"": ""0"", ""sel_6th_pre_req"": ""15"", ""sel_6th_pre_bid"": ""+49450"", ""sel_5th_pre_req_pre"": ""0"", ""sel_5th_pre_req"": ""17"", ""sel_5th_pre_bid"": ""+49400"", ""sel_4th_pre_req_pre"": ""--1"", ""sel_4th_pre_req"": ""201"", ""sel_4th_pre_bid"": ""+49350"", ""sel_3th_pre_req_pre"": ""0"", ""sel_3th_pre_req"": ""89"", ""sel_3th_pre_bid"": ""+49300"", ""sel_2th_pre_req_pre"": ""0"", ""sel_2th_pre_req"": ""61"", ""sel_2th_pre_bid"": ""+49250"", ""sel_1th_pre_req_pre"": ""0"", ""sel_fpr_req"": ""46"", ""sel_fpr_bid"": ""+49200"", ""buy_fpr_bid"": ""+49150"", ""buy_fpr_req"": ""32"", ""buy_1th_pre_req_pre"": ""0"", ""buy_2th_pre_bid"": ""+49100"", ""buy_2th_pre_req"": ""139"", ""buy_2th_pre_req_pre"": ""0"", ""buy_3th_pre_bid"": ""+48900"", ""buy_3th_pre_req"": ""18"", ""buy_3th_pre_req_pre"": ""0"", ""buy_4th_pre_bid"": ""+48800"", ""buy_4th_pre_req"": ""2"", ""buy_4th_pre_req_pre"": ""0"", ""buy_5th_pre_bid"": ""+48750"", ""buy_5th_pre_req"": ""9"", ""buy_5th_pre_req_pre"": ""0"", ""buy_6th_pre_bid"": ""+48700"", ""buy_6th_pre_req"": ""56"", ""buy_6th_pre_req_pre"": ""0"", ""buy_7th_pre_bid"": ""+48650"", ""buy_7th_pre_req"": ""31"", ""buy_7th_pre_req_pre"": ""0"", ""buy_8th_pre_bid"": ""+48600"", ""buy_8th_pre_req"": ""100"", ""buy_8th_pre_req_pre"": ""0"", ""buy_9th_pre_bid"": ""+48550"", ""buy_9th_pre_req"": ""1"", ""buy_9th_pre_req_pre"": ""0"", ""buy_10th_pre_bid"": ""+48500"", ""buy_10th_pre_req"": ""1"", ""buy_10th_pre_req_pre"": ""0"", ""tot_sel_req_jub_pre"": ""--1"", ""tot_sel_req"": ""1294"", ""tot_buy_req"": ""389"", ""tot_buy_req_jub_pre"": ""0"", ""ovt_sel_req_pre"": ""0"", ""ovt_sel_req"": ""0"", ""ovt_buy_req"": ""0"", ""ovt_buy_req_pre"": ""0"", ""return_code"": 0, ""return_msg"": ""정상적으로 처리되었습니다""}"
2026-06-10,scan_candidate,100090,,0,main_scan,16420,,16420,16410,16420,16450,-0.12180267965895249,0.06090133982947624,,,,,,"{""bid_req_base_tm"": ""102342"", ""sel_10th_pre_req_pre"": ""0"", ""sel_10th_pre_req"": ""55"", ""sel_10th_pre_bid"": ""+16580"", ""sel_9th_pre_req_pre"": ""0"", ""sel_9th_pre_req"": ""7"", ""sel_9th_pre_bid"": ""+16560"", ""sel_8th_pre_req_pre"": ""0"", ""sel_8th_pre_req"": ""37"", ""sel_8th_pre_bid"": ""+16540"", ""sel_7th_pre_req_pre"": ""0"", ""sel_7th_pre_req"": ""1"", ""sel_7th_pre_bid"": ""+16510"", ""sel_6th_pre_req_pre"": ""0"", ""sel_6th_pre_req"": ""262"", ""sel_6th_pre_bid"": ""+16500"", ""sel_5th_pre_req_pre"": ""0"", ""sel_5th_pre_req"": ""6"", ""sel_5th_pre_bid"": ""+16460"", ""sel_4th_pre_req_pre"": ""0"", ""sel_4th_pre_req"": ""18"", ""sel_4th_pre_bid"": ""+16450"", ""sel_3th_pre_req_pre"": ""0"", ""sel_3th_pre_req"": ""309"", ""sel_3th_pre_bid"": ""+16440"", ""sel_2th_pre_req_pre"": ""0"", ""sel_2th_pre_req"": ""69"", ""sel_2th_pre_bid"": ""+16430"", ""sel_1th_pre_req_pre"": ""0"", ""sel_fpr_req"": ""34"", ""sel_fpr_bid"": ""+16420"", ""buy_fpr_bid"": ""+16410"", ""buy_fpr_req"": ""54"", ""buy_1th_pre_req_pre"": ""0"", ""buy_2th_pre_bid"": ""+16400"", ""buy_2th_pre_req"": ""3446"", ""buy_2th_pre_req_pre"": ""0"", ""buy_3th_pre_bid"": ""+16390"", ""buy_3th_pre_req"": ""502"", ""buy_3th_pre_req_pre"": ""0"", ""buy_4th_pre_bid"": ""+16380"", ""buy_4th_pre_req"": ""393"", ""buy_4th_pre_req_pre"": ""0"", ""buy_5th_pre_bid"": ""+16370"", ""buy_5th_pre_req"": ""808"", ""buy_5th_pre_req_pre"": ""0"", ""buy_6th_pre_bid"": ""+16360"", ""buy_6th_pre_req"": ""263"", ""buy_6th_pre_req_pre"": ""0"", ""buy_7th_pre_bid"": ""+16350"", ""buy_7th_pre_req"": ""894"", ""buy_7th_pre_req_pre"": ""0"", ""buy_8th_pre_bid"": ""+16340"", ""buy_8th_pre_req"": ""133"", ""buy_8th_pre_req_pre"": ""0"", ""buy_9th_pre_bid"": ""+16330"", ""buy_9th_pre_req"": ""247"", ""buy_9th_pre_req_pre"": ""0"", ""buy_10th_pre_bid"": ""+16320"", ""buy_10th_pre_req"": ""344"", ""buy_10th_pre_req_pre"": ""0"", ""tot_sel_req_jub_pre"": ""0"", ""tot_sel_req"": ""798"", ""tot_buy_req"": ""7084"", ""tot_buy_req_jub_pre"": ""0"", ""ovt_sel_req_pre"": ""0"", ""ovt_sel_req"": ""0"", ""ovt_buy_req"": ""0"", ""ovt_buy_req_pre"": ""0"", ""return_code"": 0, ""return_msg"": ""정상적으로 처리되었습니다""}"
2026-06-10,scan_candidate,003160,,0,main_scan,28900,,28900,28850,28900,28850,-0.34602076124567477,0.17301038062283738,,,,,,"{""bid_req_base_tm"": ""102341"", ""sel_10th_pre_req_pre"": ""0"", ""sel_10th_pre_req"": ""65"", ""sel_10th_pre_bid"": ""+29350"", ""sel_9th_pre_req_pre"": ""0"", ""sel_9th_pre_req"": ""2082"", ""sel_9th_pre_bid"": ""+29300"", ""sel_8th_pre_req_pre"": ""0"", ""sel_8th_pre_req"": ""341"", ""sel_8th_pre_bid"": ""+29250"", ""sel_7th_pre_req_pre"": ""0"", ""sel_7th_pre_req"": ""1061"", ""sel_7th_pre_bid"": ""+29200"", ""sel_6th_pre_req_pre"": ""0"", ""sel_6th_pre_req"": ""14"", ""sel_6th_pre_bid"": ""+29150"", ""sel_5th_pre_req_pre"": ""0"", ""sel_5th_pre_req"": ""302"", ""sel_5th_pre_bid"": ""+29100"", ""sel_4th_pre_req_pre"": ""0"", ""sel_4th_pre_req"": ""11"", ""sel_4th_pre_bid"": ""+29050"", ""sel_3th_pre_req_pre"": ""0"", ""sel_3th_pre_req"": ""1758"", ""sel_3th_pre_bid"": ""+29000"", ""sel_2th_pre_req_pre"": ""0"", ""sel_2th_pre_req"": ""314"", ""sel_2th_pre_bid"": ""+28950"", ""sel_1th_pre_req_pre"": ""0"", ""sel_fpr_req"": ""65"", ""sel_fpr_bid"": ""+28900"", ""buy_fpr_bid"": ""+28850"", ""buy_fpr_req"": ""684"", ""buy_1th_pre_req_pre"": ""--6"", ""buy_2th_pre_bid"": ""+28800"", ""buy_2th_pre_req"": ""784"", ""buy_2th_pre_req_pre"": ""0"", ""buy_3th_pre_bid"": ""+28750"", ""buy_3th_pre_req"": ""332"", ""buy_3th_pre_req_pre"": ""0"", ""buy_4th_pre_bid"": ""+28700"", ""buy_4th_pre_req"": ""706"", ""buy_4th_pre_req_pre"": ""0"", ""buy_5th_pre_bid"": ""+28650"", ""buy_5th_pre_req"": ""131"", ""buy_5th_pre_req_pre"": ""0"", ""buy_6th_pre_bid"": ""+28600"", ""buy_6th_pre_req"": ""376"", ""buy_6th_pre_req_pre"": ""0"", ""buy_7th_pre_bid"": ""+28550"", ""buy_7th_pre_req"": ""810"", ""buy_7th_pre_req_pre"": ""0"", ""buy_8th_pre_bid"": ""+28500"", ""buy_8th_pre_req"": ""1347"", ""buy_8th_pre_req_pre"": ""0"", ""buy_9th_pre_bid"": ""+28450"", ""buy_9th_pre_req"": ""72"", ""buy_9th_pre_req_pre"": ""0"", ""buy_10th_pre_bid"": ""+28400"", ""buy_10th_pre_req"": ""174"", ""buy_10th_pre_req_pre"": ""0"", ""tot_sel_req_jub_pre"": ""0"", ""tot_sel_req"": ""6013"", ""tot_buy_req"": ""5416"", ""tot_buy_req_jub_pre"": ""--6"", ""ovt_sel_req_pre"": ""0"", ""ovt_sel_req"": ""0"", ""ovt_buy_req"": ""0"", ""ovt_buy_req_pre"": ""0"", ""return_code"": 0, ""return_msg"": ""정상적으로 처리되었습니다""}"
2026-06-10,scan_candidate,000370,,0,main_scan,6650,,6650,6630,6650,6640,-0.30075187969924816,0.30075187969924816,,,,,,"{""bid_req_base_tm"": ""102342"", ""sel_10th_pre_req_pre"": ""0"", ""sel_10th_pre_req"": ""825"", ""sel_10th_pre_bid"": ""+6750"", ""sel_9th_pre_req_pre"": ""0"", ""sel_9th_pre_req"": ""20"", ""sel_9th_pre_bid"": ""+6740"", ""sel_8th_pre_req_pre"": ""0"", ""sel_8th_pre_req"": ""136"", ""sel_8th_pre_bid"": ""+6730"", ""sel_7th_pre_req_pre"": ""0"", ""sel_7th_pre_req"": ""126"", ""sel_7th_pre_bid"": ""+6720"", ""sel_6th_pre_req_pre"": ""0"", ""sel_6th_pre_req"": ""11"", ""sel_6th_pre_bid"": ""+6710"", ""sel_5th_pre_req_pre"": ""0"", ""sel_5th_pre_req"": ""4516"", ""sel_5th_pre_bid"": ""+6700"", ""sel_4th_pre_req_pre"": ""0"", ""sel_4th_pre_req"": ""206"", ""sel_4th_pre_bid"": ""+6690"", ""sel_3th_pre_req_pre"": ""0"", ""sel_3th_pre_req"": ""149"", ""sel_3th_pre_bid"": ""+6670"", ""sel_2th_pre_req_pre"": ""0"", ""sel_2th_pre_req"": ""1057"", ""sel_2th_pre_bid"": ""+6660"", ""sel_1th_pre_req_pre"": ""0"", ""sel_fpr_req"": ""422"", ""sel_fpr_bid"": ""+6650"", ""buy_fpr_bid"": ""+6630"", ""buy_fpr_req"": ""55"", ""buy_1th_pre_req_pre"": ""0"", ""buy_2th_pre_bid"": ""+6620"", ""buy_2th_pre_req"": ""232"", ""buy_2th_pre_req_pre"": ""0"", ""buy_3th_pre_bid"": ""+6610"", ""buy_3th_pre_req"": ""105"", ""buy_3th_pre_req_pre"": ""0"", ""buy_4th_pre_bid"": ""+6600"", ""buy_4th_pre_req"": ""195"", ""buy_4th_pre_req_pre"": ""0"", ""buy_5th_pre_bid"": ""+6590"", ""buy_5th_pre_req"": ""578"", ""buy_5th_pre_req_pre"": ""0"", ""buy_6th_pre_bid"": ""+6580"", ""buy_6th_pre_req"": ""1661"", ""buy_6th_pre_req_pre"": ""0"", ""buy_7th_pre_bid"": ""+6570"", ""buy_7th_pre_req"": ""266"", ""buy_7th_pre_req_pre"": ""0"", ""buy_8th_pre_bid"": ""+6560"", ""buy_8th_pre_req"": ""306"", ""buy_8th_pre_req_pre"": ""0"", ""buy_9th_pre_bid"": ""+6550"", ""buy_9th_pre_req"": ""3510"", ""buy_9th_pre_req_pre"": ""0"", ""buy_10th_pre_bid"": ""+6540"", ""buy_10th_pre_req"": ""55"", ""buy_10th_pre_req_pre"": ""0"", ""tot_sel_req_jub_pre"": ""0"", ""tot_sel_req"": ""7468"", ""tot_buy_req"": ""6963"", ""tot_buy_req_jub_pre"": ""0"", ""ovt_sel_req_pre"": ""0"", ""ovt_sel_req"": ""0"", ""ovt_buy_req"": ""0"", ""ovt_buy_req_pre"": ""0"", ""return_code"": 0, ""return_msg"": ""정상적으로 처리되었습니다""}"
2026-06-10,scan_candidate,114090,,0,main_scan,12040,,12040,12020,12040,12000,-0.7475083056478405,0.16611295681063123,,,,,,"{""bid_req_base_tm"": ""102335"", ""sel_10th_pre_req_pre"": ""0"", ""sel_10th_pre_req"": ""17"", ""sel_10th_pre_bid"": ""+12170"", ""sel_9th_pre_req_pre"": ""0"", ""sel_9th_pre_req"": ""10"", ""sel_9th_pre_bid"": ""+12160"", ""sel_8th_pre_req_pre"": ""0"", ""sel_8th_pre_req"": ""1074"", ""sel_8th_pre_bid"": ""+12150"", ""sel_7th_pre_req_pre"": ""0"", ""sel_7th_pre_req"": ""130"", ""sel_7th_pre_bid"": ""+12140"", ""sel_6th_pre_req_pre"": ""0"", ""sel_6th_pre_req"": ""475"", ""sel_6th_pre_bid"": ""+12130"", ""sel_5th_pre_req_pre"": ""0"", ""sel_5th_pre_req"": ""61"", ""sel_5th_pre_bid"": ""+12120"", ""sel_4th_pre_req_pre"": ""0"", ""sel_4th_pre_req"": ""11"", ""sel_4th_pre_bid"": ""+12070"", ""sel_3th_pre_req_pre"": ""0"", ""sel_3th_pre_req"": ""10"", ""sel_3th_pre_bid"": ""+12060"", ""sel_2th_pre_req_pre"": ""0"", ""sel_2th_pre_req"": ""11"", ""sel_2th_pre_bid"": ""+12050"", ""sel_1th_pre_req_pre"": ""0"", ""sel_fpr_req"": ""393"", ""sel_fpr_bid"": ""+12040"", ""buy_fpr_bid"": ""+12020"", ""buy_fpr_req"": ""102"", ""buy_1th_pre_req_pre"": ""+24"", ""buy_2th_pre_bid"": ""+12010"", ""buy_2th_pre_req"": ""174"", ""buy_2th_pre_req_pre"": ""0"", ""buy_3th_pre_bid"": ""+12000"", ""buy_3th_pre_req"": ""1004"", ""buy_3th_pre_req_pre"": ""0"", ""buy_4th_pre_bid"": ""+11990"", ""buy_4th_pre_req"": ""130"", ""buy_4th_pre_req_pre"": ""0"", ""buy_5th_pre_bid"": ""+11980"", ""buy_5th_pre_req"": ""340"", ""buy_5th_pre_req_pre"": ""0"", ""buy_6th_pre_bid"": ""+11970"", ""buy_6th_pre_req"": ""63"", ""buy_6th_pre_req_pre"": ""0"", ""buy_7th_pre_bid"": ""11950"", ""buy_7th_pre_req"": ""350"", ""buy_7th_pre_req_pre"": ""0"", ""buy_8th_pre_bid"": ""-11900"", ""buy_8th_pre_req"": ""147"", ""buy_8th_pre_req_pre"": ""0"", ""buy_9th_pre_bid"": ""-11850"", ""buy_9th_pre_req"": ""30"", ""buy_9th_pre_req_pre"": ""0"", ""buy_10th_pre_bid"": ""-11840"", ""buy_10th_pre_req"": ""25"", ""buy_10th_pre_req_pre"": ""0"", ""tot_sel_req_jub_pre"": ""0"", ""tot_sel_req"": ""2192"", ""tot_buy_req"": ""2365"", ""tot_buy_req_jub_pre"": ""+24"", ""ovt_sel_req_pre"": ""0"", ""ovt_sel_req"": ""0"", ""ovt_buy_req"": ""0"", ""ovt_buy_req_pre"": ""0"", ""return_code"": 0, ""return_msg"": ""정상적으로 처리되었습니다""}"
2026-06-10,scan_candidate,005090,,0,main_scan,52200,,52200,52100,52200,52700,0.7662835249042145,0.19157088122605362,,,,,,"{""bid_req_base_tm"": ""102342"", ""sel_10th_pre_req_pre"": ""0"", ""sel_10th_pre_req"": ""71"", ""sel_10th_pre_bid"": ""+53600"", ""sel_9th_pre_req_pre"": ""0"", ""sel_9th_pre_req"": ""12"", ""sel_9th_pre_bid"": ""+53500"", ""sel_8th_pre_req_pre"": ""0"", ""sel_8th_pre_req"": ""610"", ""sel_8th_pre_bid"": ""+53400"", ""sel_7th_pre_req_pre"": ""0"", ""sel_7th_pre_req"": ""67"", ""sel_7th_pre_bid"": ""+53100"", ""sel_6th_pre_req_pre"": ""0"", ""sel_6th_pre_req"": ""33"", ""sel_6th_pre_bid"": ""+53000"", ""sel_5th_pre_req_pre"": ""0"", ""sel_5th_pre_req"": ""52"", ""sel_5th_pre_bid"": ""+52900"", ""sel_4th_pre_req_pre"": ""0"", ""sel_4th_pre_req"": ""7"", ""sel_4th_pre_bid"": ""+52600"", ""sel_3th_pre_req_pre"": ""0"", ""sel_3th_pre_req"": ""100"", ""sel_3th_pre_bid"": ""+52400"", ""sel_2th_pre_req_pre"": ""--1"", ""sel_2th_pre_req"": ""101"", ""sel_2th_pre_bid"": ""+52300"", ""sel_1th_pre_req_pre"": ""0"", ""sel_fpr_req"": ""2"", ""sel_fpr_bid"": ""+52200"", ""buy_fpr_bid"": ""+52100"", ""buy_fpr_req"": ""205"", ""buy_1th_pre_req_pre"": ""0"", ""buy_2th_pre_bid"": ""+52000"", ""buy_2th_pre_req"": ""133"", ""buy_2th_pre_req_pre"": ""0"", ""buy_3th_pre_bid"": ""+51900"", ""buy_3th_pre_req"": ""20"", ""buy_3th_pre_req_pre"": ""0"", ""buy_4th_pre_bid"": ""+51800"", ""buy_4th_pre_req"": ""1347"", ""buy_4th_pre_req_pre"": ""0"", ""buy_5th_pre_bid"": ""+51700"", ""buy_5th_pre_req"": ""300"", ""buy_5th_pre_req_pre"": ""0"", ""buy_6th_pre_bid"": ""+51600"", ""buy_6th_pre_req"": ""10"", ""buy_6th_pre_req_pre"": ""0"", ""buy_7th_pre_bid"": ""+51500"", ""buy_7th_pre_req"": ""1"", ""buy_7th_pre_req_pre"": ""0"", ""buy_8th_pre_bid"": ""+51400"", ""buy_8th_pre_req"": ""1"", ""buy_8th_pre_req_pre"": ""0"", ""buy_9th_pre_bid"": ""+51300"", ""buy_9th_pre_req"": ""103"", ""buy_9th_pre_req_pre"": ""0"", ""buy_10th_pre_bid"": ""+51100"", ""buy_10th_pre_req"": ""100"", ""buy_10th_pre_req_pre"": ""0"", ""tot_sel_req_jub_pre"": ""--1"", ""tot_sel_req"": ""1055"", ""tot_buy_req"": ""2220"", ""tot_buy_req_jub_pre"": ""0"", ""ovt_sel_req_pre"": ""0"", ""ovt_sel_req"": ""0"", ""ovt_buy_req"": ""0"", ""ovt_buy_req_pre"": ""0"", ""return_code"": 0, ""return_msg"": ""정상적으로 처리되었습니다""}"
2026-06-10,scan_candidate,017900,,0,main_scan,9710,,9710,9700,9710,9740,0.20597322348094746,0.10298661174047373,,,,,,"{""bid_req_base_tm"": ""102343"", ""sel_10th_pre_req_pre"": ""0"", ""sel_10th_pre_req"": ""269"", ""sel_10th_pre_bid"": ""+9820"", ""sel_9th_pre_req_pre"": ""0"", ""sel_9th_pre_req"": ""1"", ""sel_9th_pre_bid"": ""+9810"", ""sel_8th_pre_req_pre"": ""0"", ""sel_8th_pre_req"": ""1294"", ""sel_8th_pre_bid"": ""+9800"", ""sel_7th_pre_req_pre"": ""0"", ""sel_7th_pre_req"": ""999"", ""sel_7th_pre_bid"": ""+9780"", ""sel_6th_pre_req_pre"": ""0"", ""sel_6th_pre_req"": ""101"", ""sel_6th_pre_bid"": ""+9770"", ""sel_5th_pre_req_pre"": ""0"", ""sel_5th_pre_req"": ""55"", ""sel_5th_pre_bid"": ""+9760"", ""sel_4th_pre_req_pre"": ""0"", ""sel_4th_pre_req"": ""2015"", ""sel_4th_pre_bid"": ""+9740"", ""sel_3th_pre_req_pre"": ""--16"", ""sel_3th_pre_req"": ""314"", ""sel_3th_pre_bid"": ""+9730"", ""sel_2th_pre_req_pre"": ""+16"", ""sel_2th_pre_req"": ""855"", ""sel_2th_pre_bid"": ""+9720"", ""sel_1th_pre_req_pre"": ""+33"", ""sel_fpr_req"": ""46"", ""sel_fpr_bid"": ""+9710"", ""buy_fpr_bid"": ""+9700"", ""buy_fpr_req"": ""3310"", ""buy_1th_pre_req_pre"": ""0"", ""buy_2th_pre_bid"": ""+9690"", ""buy_2th_pre_req"": ""1067"", ""buy_2th_pre_req_pre"": ""0"", ""buy_3th_pre_bid"": ""+9680"", ""buy_3th_pre_req"": ""1444"", ""buy_3th_pre_req_pre"": ""0"", ""buy_4th_pre_bid"": ""+9670"", ""buy_4th_pre_req"": ""595"", ""buy_4th_pre_req_pre"": ""0"", ""buy_5th_pre_bid"": ""+9660"", ""buy_5th_pre_req"": ""897"", ""buy_5th_pre_req_pre"": ""0"", ""buy_6th_pre_bid"": ""+9650"", ""buy_6th_pre_req"": ""4085"", ""buy_6th_pre_req_pre"": ""0"", ""buy_7th_pre_bid"": ""+9640"", ""buy_7th_pre_req"": ""1725"", ""buy_7th_pre_req_pre"": ""0"", ""buy_8th_pre_bid"": ""+9630"", ""buy_8th_pre_req"": ""1313"", ""buy_8th_pre_req_pre"": ""0"", ""buy_9th_pre_bid"": ""+9620"", ""buy_9th_pre_req"": ""1685"", ""buy_9th_pre_req_pre"": ""0"", ""buy_10th_pre_bid"": ""+9610"", ""buy_10th_pre_req"": ""4014"", ""buy_10th_pre_req_pre"": ""0"", ""tot_sel_req_jub_pre"": ""+33"", ""tot_sel_req"": ""5949"", ""tot_buy_req"": ""20135"", ""tot_buy_req_jub_pre"": ""0"", ""ovt_sel_req_pre"": ""0"", ""ovt_sel_req"": ""0"", ""ovt_buy_req"": ""0"", ""ovt_buy_req_pre"": ""0"", ""return_code"": 0, ""return_msg"": ""정상적으로 처리되었습니다""}"
2026-06-10,scan_candidate,004710,,0,main_scan,11060,,11060,11050,11060,10950,-1.4466546112115732,0.09041591320072333,,,,,,"{""bid_req_base_tm"": ""102343"", ""sel_10th_pre_req_pre"": ""0"", ""sel_10th_pre_req"": ""146"", ""sel_10th_pre_bid"": ""+11160"", ""sel_9th_pre_req_pre"": ""0"", ""sel_9th_pre_req"": ""101"", ""sel_9th_pre_bid"": ""+11150"", ""sel_8th_pre_req_pre"": ""0"", ""sel_8th_pre_req"": ""1"", ""sel_8th_pre_bid"": ""+11140"", ""sel_7th_pre_req_pre"": ""0"", ""sel_7th_pre_req"": ""106"", ""sel_7th_pre_bid"": ""+11130"", ""sel_6th_pre_req_pre"": ""0"", ""sel_6th_pre_req"": ""105"", ""sel_6th_pre_bid"": ""+11110"", ""sel_5th_pre_req_pre"": ""0"", ""sel_5th_pre_req"": ""2606"", ""sel_5th_pre_bid"": ""+11100"", ""sel_4th_pre_req_pre"": ""0"", ""sel_4th_pre_req"": ""506"", ""sel_4th_pre_bid"": ""+11090"", ""sel_3th_pre_req_pre"": ""0"", ""sel_3th_pre_req"": ""584"", ""sel_3th_pre_bid"": ""+11080"", ""sel_2th_pre_req_pre"": ""0"", ""sel_2th_pre_req"": ""1473"", ""sel_2th_pre_bid"": ""+11070"", ""sel_1th_pre_req_pre"": ""+5"", ""sel_fpr_req"": ""10"", ""sel_fpr_bid"": ""+11060"", ""buy_fpr_bid"": ""+11050"", ""buy_fpr_req"": ""161"", ""buy_1th_pre_req_pre"": ""0"", ""buy_2th_pre_bid"": ""+11020"", ""buy_2th_pre_req"": ""1"", ""buy_2th_pre_req_pre"": ""0"", ""buy_3th_pre_bid"": ""+11010"", ""buy_3th_pre_req"": ""69"", ""buy_3th_pre_req_pre"": ""0"", ""buy_4th_pre_bid"": ""+11000"", ""buy_4th_pre_req"": ""1016"", ""buy_4th_pre_req_pre"": ""0"", ""buy_5th_pre_bid"": ""+10960"", ""buy_5th_pre_req"": ""253"", ""buy_5th_pre_req_pre"": ""0"", ""buy_6th_pre_bid"": ""+10920"", ""buy_6th_pre_req"": ""53"", ""buy_6th_pre_req_pre"": ""0"", ""buy_7th_pre_bid"": ""+10910"", ""buy_7th_pre_req"": ""498"", ""buy_7th_pre_req_pre"": ""0"", ""buy_8th_pre_bid"": ""+10900"", ""buy_8th_pre_req"": ""214"", ""buy_8th_pre_req_pre"": ""0"", ""buy_9th_pre_bid"": ""+10880"", ""buy_9th_pre_req"": ""384"", ""buy_9th_pre_req_pre"": ""0"", ""buy_10th_pre_bid"": ""+10870"", ""buy_10th_pre_req"": ""358"", ""buy_10th_pre_req_pre"": ""0"", ""tot_sel_req_jub_pre"": ""+5"", ""tot_sel_req"": ""5638"", ""tot_buy_req"": ""3007"", ""tot_buy_req_jub_pre"": ""0"", ""ovt_sel_req_pre"": ""0"", ""ovt_sel_req"": ""0"", ""ovt_buy_req"": ""0"", ""ovt_buy_req_pre"": ""0"", ""return_code"": 0, ""return_msg"": ""정상적으로 처리되었습니다""}"
2026-06-10,scan_candidate,006220,,0,main_scan,11320,,11320,11300,11320,11300,-0.6183745583038869,0.17667844522968199,,,,,,"{""bid_req_base_tm"": ""102342"", ""sel_10th_pre_req_pre"": ""0"", ""sel_10th_pre_req"": ""52"", ""sel_10th_pre_bid"": ""+11410"", ""sel_9th_pre_req_pre"": ""0"", ""sel_9th_pre_req"": ""1117"", ""sel_9th_pre_bid"": ""+11400"", ""sel_8th_pre_req_pre"": ""0"", ""sel_8th_pre_req"": ""422"", ""sel_8th_pre_bid"": ""+11390"", ""sel_7th_pre_req_pre"": ""0"", ""sel_7th_pre_req"": ""11"", ""sel_7th_pre_bid"": ""+11380"", ""sel_6th_pre_req_pre"": ""0"", ""sel_6th_pre_req"": ""271"", ""sel_6th_pre_bid"": ""+11370"", ""sel_5th_pre_req_pre"": ""0"", ""sel_5th_pre_req"": ""26"", ""sel_5th_pre_bid"": ""+11360"", ""sel_4th_pre_req_pre"": ""0"", ""sel_4th_pre_req"": ""348"", ""sel_4th_pre_bid"": ""+11350"", ""sel_3th_pre_req_pre"": ""0"", ""sel_3th_pre_req"": ""1099"", ""sel_3th_pre_bid"": ""+11340"", ""sel_2th_pre_req_pre"": ""0"", ""sel_2th_pre_req"": ""304"", ""sel_2th_pre_bid"": ""+11330"", ""sel_1th_pre_req_pre"": ""--1"", ""sel_fpr_req"": ""18"", ""sel_fpr_bid"": ""+11320"", ""buy_fpr_bid"": ""+11300"", ""buy_fpr_req"": ""183"", ""buy_1th_pre_req_pre"": ""0"", ""buy_2th_pre_bid"": ""+11290"", ""buy_2th_pre_req"": ""207"", ""buy_2th_pre_req_pre"": ""0"", ""buy_3th_pre_bid"": ""+11280"", ""buy_3th_pre_req"": ""2"", ""buy_3th_pre_req_pre"": ""0"", ""buy_4th_pre_bid"": ""+11270"", ""buy_4th_pre_req"": ""1"", ""buy_4th_pre_req_pre"": ""0"", ""buy_5th_pre_bid"": ""+11260"", ""buy_5th_pre_req"": ""201"", ""buy_5th_pre_req_pre"": ""0"", ""buy_6th_pre_bid"": ""+11250"", ""buy_6th_pre_req"": ""417"", ""buy_6th_pre_req_pre"": ""0"", ""buy_7th_pre_bid"": ""+11240"", ""buy_7th_pre_req"": ""261"", ""buy_7th_pre_req_pre"": ""0"", ""buy_8th_pre_bid"": ""+11230"", ""buy_8th_pre_req"": ""991"", ""buy_8th_pre_req_pre"": ""0"", ""buy_9th_pre_bid"": ""+11220"", ""buy_9th_pre_req"": ""3142"", ""buy_9th_pre_req_pre"": ""0"", ""buy_10th_pre_bid"": ""+11210"", ""buy_10th_pre_req"": ""305"", ""buy_10th_pre_req_pre"": ""0"", ""tot_sel_req_jub_pre"": ""--1"", ""tot_sel_req"": ""3668"", ""tot_buy_req"": ""5710"", ""tot_buy_req_jub_pre"": ""0"", ""ovt_sel_req_pre"": ""0"", ""ovt_sel_req"": ""0"", ""ovt_buy_req"": ""0"", ""ovt_buy_req_pre"": ""0"", ""return_code"": 0, ""return_msg"": ""정상적으로 처리되었습니다""}"
2026-06-10,scan_candidate,092200,,0,main_scan,9810,,9810,9800,9810,9830,0.10193679918450561,0.10193679918450561,,,,,,"{""bid_req_base_tm"": ""102343"", ""sel_10th_pre_req_pre"": ""0"", ""sel_10th_pre_req"": ""1597"", ""sel_10th_pre_bid"": ""-9910"", ""sel_9th_pre_req_pre"": ""0"", ""sel_9th_pre_req"": ""823"", ""sel_9th_pre_bid"": ""-9900"", ""sel_8th_pre_req_pre"": ""0"", ""sel_8th_pre_req"": ""1050"", ""sel_8th_pre_bid"": ""-9890"", ""sel_7th_pre_req_pre"": ""0"", ""sel_7th_pre_req"": ""662"", ""sel_7th_pre_bid"": ""-9880"", ""sel_6th_pre_req_pre"": ""0"", ""sel_6th_pre_req"": ""305"", ""sel_6th_pre_bid"": ""-9870"", ""sel_5th_pre_req_pre"": ""0"", ""sel_5th_pre_req"": ""105"", ""sel_5th_pre_bid"": ""-9860"", ""sel_4th_pre_req_pre"": ""0"", ""sel_4th_pre_req"": ""128"", ""sel_4th_pre_bid"": ""-9850"", ""sel_3th_pre_req_pre"": ""0"", ""sel_3th_pre_req"": ""80"", ""sel_3th_pre_bid"": ""-9840"", ""sel_2th_pre_req_pre"": ""0"", ""sel_2th_pre_req"": ""492"", ""sel_2th_pre_bid"": ""-9820"", ""sel_1th_pre_req_pre"": ""0"", ""sel_fpr_req"": ""2099"", ""sel_fpr_bid"": ""-9810"", ""buy_fpr_bid"": ""-9800"", ""buy_fpr_req"": ""1822"", ""buy_1th_pre_req_pre"": ""0"", ""buy_2th_pre_bid"": ""-9790"", ""buy_2th_pre_req"": ""1227"", ""buy_2th_pre_req_pre"": ""0"", ""buy_3th_pre_bid"": ""-9780"", ""buy_3th_pre_req"": ""716"", ""buy_3th_pre_req_pre"": ""0"", ""buy_4th_pre_bid"": ""-9770"", ""buy_4th_pre_req"": ""392"", ""buy_4th_pre_req_pre"": ""+20"", ""buy_5th_pre_bid"": ""-9760"", ""buy_5th_pre_req"": ""2157"", ""buy_5th_pre_req_pre"": ""0"", ""buy_6th_pre_bid"": ""-9750"", ""buy_6th_pre_req"": ""3680"", ""buy_6th_pre_req_pre"": ""0"", ""buy_7th_pre_bid"": ""-9740"", ""buy_7th_pre_req"": ""1645"", ""buy_7th_pre_req_pre"": ""0"", ""buy_8th_pre_bid"": ""-9730"", ""buy_8th_pre_req"": ""3073"", ""buy_8th_pre_req_pre"": ""0"", ""buy_9th_pre_bid"": ""-9720"", ""buy_9th_pre_req"": ""1972"", ""buy_9th_pre_req_pre"": ""0"", ""buy_10th_pre_bid"": ""-9710"", ""buy_10th_pre_req"": ""2571"", ""buy_10th_pre_req_pre"": ""0"", ""tot_sel_req_jub_pre"": ""0"", ""tot_sel_req"": ""7341"", ""tot_buy_req"": ""19255"", ""tot_buy_req_jub_pre"": ""+20"", ""ovt_sel_req_pre"": ""0"", ""ovt_sel_req"": ""0"", ""ovt_buy_req"": ""0"", ""ovt_buy_req_pre"": ""0"", ""return_code"": 0, ""return_msg"": ""정상적으로 처리되었습니다""}"
2026-06-10,scan_candidate,010820,,0,main_scan,8110,,8110,8070,8110,8110,-0.12330456226880394,0.4932182490752158,,,,,,"{""bid_req_base_tm"": ""102344"", ""sel_10th_pre_req_pre"": ""0"", ""sel_10th_pre_req"": ""1237"", ""sel_10th_pre_bid"": ""+8210"", ""sel_9th_pre_req_pre"": ""0"", ""sel_9th_pre_req"": ""2193"", ""sel_9th_pre_bid"": ""+8200"", ""sel_8th_pre_req_pre"": ""0"", ""sel_8th_pre_req"": ""279"", ""sel_8th_pre_bid"": ""+8190"", ""sel_7th_pre_req_pre"": ""0"", ""sel_7th_pre_req"": ""155"", ""sel_7th_pre_bid"": ""+8180"", ""sel_6th_pre_req_pre"": ""0"", ""sel_6th_pre_req"": ""85"", ""sel_6th_pre_bid"": ""+8170"", ""sel_5th_pre_req_pre"": ""0"", ""sel_5th_pre_req"": ""99"", ""sel_5th_pre_bid"": ""+8160"", ""sel_4th_pre_req_pre"": ""0"", ""sel_4th_pre_req"": ""242"", ""sel_4th_pre_bid"": ""+8150"", ""sel_3th_pre_req_pre"": ""0"", ""sel_3th_pre_req"": ""134"", ""sel_3th_pre_bid"": ""+8140"", ""sel_2th_pre_req_pre"": ""0"", ""sel_2th_pre_req"": ""2"", ""sel_2th_pre_bid"": ""+8120"", ""sel_1th_pre_req_pre"": ""+35"", ""sel_fpr_req"": ""148"", ""sel_fpr_bid"": ""+8110"", ""buy_fpr_bid"": ""+8070"", ""buy_fpr_req"": ""127"", ""buy_1th_pre_req_pre"": ""+6"", ""buy_2th_pre_bid"": ""+8060"", ""buy_2th_pre_req"": ""383"", ""buy_2th_pre_req_pre"": ""0"", ""buy_3th_pre_bid"": ""+8050"", ""buy_3th_pre_req"": ""726"", ""buy_3th_pre_req_pre"": ""0"", ""buy_4th_pre_bid"": ""+8040"", ""buy_4th_pre_req"": ""627"", ""buy_4th_pre_req_pre"": ""+33"", ""buy_5th_pre_bid"": ""+8030"", ""buy_5th_pre_req"": ""727"", ""buy_5th_pre_req_pre"": ""0"", ""buy_6th_pre_bid"": ""+8020"", ""buy_6th_pre_req"": ""1035"", ""buy_6th_pre_req_pre"": ""0"", ""buy_7th_pre_bid"": ""+8010"", ""buy_7th_pre_req"": ""1532"", ""buy_7th_pre_req_pre"": ""0"", ""buy_8th_pre_bid"": ""+8000"", ""buy_8th_pre_req"": ""1749"", ""buy_8th_pre_req_pre"": ""0"", ""buy_9th_pre_bid"": ""+7990"", ""buy_9th_pre_req"": ""690"", ""buy_9th_pre_req_pre"": ""0"", ""buy_10th_pre_bid"": ""+7980"", ""buy_10th_pre_req"": ""113"", ""buy_10th_pre_req_pre"": ""0"", ""tot_sel_req_jub_pre"": ""+1239"", ""tot_sel_req"": ""4574"", ""tot_buy_req"": ""7709"", ""tot_buy_req_jub_pre"": ""+39"", ""ovt_sel_req_pre"": ""0"", ""ovt_sel_req"": ""0"", ""ovt_buy_req"": ""0"", ""ovt_buy_req_pre"": ""0"", ""return_code"": 0, ""return_msg"": ""정상적으로 처리되었습니다""}"
2026-06-10,scan_candidate,000430,,0,main_scan,5790,,5790,5780,5790,5800,0.0,0.17271157167530224,,,,,,"{""bid_req_base_tm"": ""102343"", ""sel_10th_pre_req_pre"": ""0"", ""sel_10th_pre_req"": ""12"", ""sel_10th_pre_bid"": ""-5880"", ""sel_9th_pre_req_pre"": ""0"", ""sel_9th_pre_req"": ""2710"", ""sel_9th_pre_bid"": ""-5870"", ""sel_8th_pre_req_pre"": ""0"", ""sel_8th_pre_req"": ""2379"", ""sel_8th_pre_bid"": ""-5860"", ""sel_7th_pre_req_pre"": ""0"", ""sel_7th_pre_req"": ""1708"", ""sel_7th_pre_bid"": ""-5850"", ""sel_6th_pre_req_pre"": ""0"", ""sel_6th_pre_req"": ""1528"", ""sel_6th_pre_bid"": ""-5840"", ""sel_5th_pre_req_pre"": ""--5"", ""sel_5th_pre_req"": ""1951"", ""sel_5th_pre_bid"": ""-5830"", ""sel_4th_pre_req_pre"": ""0"", ""sel_4th_pre_req"": ""1596"", ""sel_4th_pre_bid"": ""-5820"", ""sel_3th_pre_req_pre"": ""0"", ""sel_3th_pre_req"": ""1067"", ""sel_3th_pre_bid"": ""-5810"", ""sel_2th_pre_req_pre"": ""0"", ""sel_2th_pre_req"": ""1299"", ""sel_2th_pre_bid"": ""-5800"", ""sel_1th_pre_req_pre"": ""0"", ""sel_fpr_req"": ""862"", ""sel_fpr_bid"": ""-5790"", ""buy_fpr_bid"": ""-5780"", ""buy_fpr_req"": ""1590"", ""buy_1th_pre_req_pre"": ""0"", ""buy_2th_pre_bid"": ""-5770"", ""buy_2th_pre_req"": ""2737"", ""buy_2th_pre_req_pre"": ""0"", ""buy_3th_pre_bid"": ""-5760"", ""buy_3th_pre_req"": ""1024"", ""buy_3th_pre_req_pre"": ""0"", ""buy_4th_pre_bid"": ""-5750"", ""buy_4th_pre_req"": ""4423"", ""buy_4th_pre_req_pre"": ""+1739"", ""buy_5th_pre_bid"": ""-5740"", ""buy_5th_pre_req"": ""3134"", ""buy_5th_pre_req_pre"": ""0"", ""buy_6th_pre_bid"": ""-5730"", ""buy_6th_pre_req"": ""883"", ""buy_6th_pre_req_pre"": ""0"", ""buy_7th_pre_bid"": ""-5720"", ""buy_7th_pre_req"": ""1554"", ""buy_7th_pre_req_pre"": ""0"", ""buy_8th_pre_bid"": ""-5710"", ""buy_8th_pre_req"": ""2268"", ""buy_8th_pre_req_pre"": ""0"", ""buy_9th_pre_bid"": ""-5700"", ""buy_9th_pre_req"": ""3298"", ""buy_9th_pre_req_pre"": ""0"", ""buy_10th_pre_bid"": ""-5690"", ""buy_10th_pre_req"": ""1650"", ""buy_10th_pre_req_pre"": ""0"", ""tot_sel_req_jub_pre"": ""--5"", ""tot_sel_req"": ""15112"", ""tot_buy_req"": ""22561"", ""tot_buy_req_jub_pre"": ""+1739"", ""ovt_sel_req_pre"": ""0"", ""ovt_sel_req"": ""0"", ""ovt_buy_req"": ""0"", ""ovt_buy_req_pre"": ""0"", ""return_code"": 0, ""return_msg"": ""정상적으로 처리되었습니다""}"
2026-06-10,scan_candidate,010690,,0,main_scan,10920,,10920,10880,10920,10900,-0.641025641025641,0.3663003663003663,,,,,,"{""bid_req_base_tm"": ""102344"", ""sel_10th_pre_req_pre"": ""0"", ""sel_10th_pre_req"": ""164"", ""sel_10th_pre_bid"": ""+11020"", ""sel_9th_pre_req_pre"": ""0"", ""sel_9th_pre_req"": ""29"", ""sel_9th_pre_bid"": ""+11010"", ""sel_8th_pre_req_pre"": ""0"", ""sel_8th_pre_req"": ""100"", ""sel_8th_pre_bid"": ""+11000"", ""sel_7th_pre_req_pre"": ""0"", ""sel_7th_pre_req"": ""56"", ""sel_7th_pre_bid"": ""+10990"", ""sel_6th_pre_req_pre"": ""0"", ""sel_6th_pre_req"": ""45"", ""sel_6th_pre_bid"": ""+10980"", ""sel_5th_pre_req_pre"": ""0"", ""sel_5th_pre_req"": ""24"", ""sel_5th_pre_bid"": ""+10960"", ""sel_4th_pre_req_pre"": ""0"", ""sel_4th_pre_req"": ""25"", ""sel_4th_pre_bid"": ""+10950"", ""sel_3th_pre_req_pre"": ""0"", ""sel_3th_pre_req"": ""656"", ""sel_3th_pre_bid"": ""+10940"", ""sel_2th_pre_req_pre"": ""0"", ""sel_2th_pre_req"": ""96"", ""sel_2th_pre_bid"": ""+10930"", ""sel_1th_pre_req_pre"": ""0"", ""sel_fpr_req"": ""38"", ""sel_fpr_bid"": ""+10920"", ""buy_fpr_bid"": ""+10880"", ""buy_fpr_req"": ""231"", ""buy_1th_pre_req_pre"": ""0"", ""buy_2th_pre_bid"": ""+10870"", ""buy_2th_pre_req"": ""258"", ""buy_2th_pre_req_pre"": ""0"", ""buy_3th_pre_bid"": ""+10860"", ""buy_3th_pre_req"": ""195"", ""buy_3th_pre_req_pre"": ""0"", ""buy_4th_pre_bid"": ""+10850"", ""buy_4th_pre_req"": ""749"", ""buy_4th_pre_req_pre"": ""0"", ""buy_5th_pre_bid"": ""+10840"", ""buy_5th_pre_req"": ""303"", ""buy_5th_pre_req_pre"": ""0"", ""buy_6th_pre_bid"": ""+10830"", ""buy_6th_pre_req"": ""157"", ""buy_6th_pre_req_pre"": ""0"", ""buy_7th_pre_bid"": ""+10820"", ""buy_7th_pre_req"": ""330"", ""buy_7th_pre_req_pre"": ""0"", ""buy_8th_pre_bid"": ""+10810"", ""buy_8th_pre_req"": ""528"", ""buy_8th_pre_req_pre"": ""0"", ""buy_9th_pre_bid"": ""+10800"", ""buy_9th_pre_req"": ""1814"", ""buy_9th_pre_req_pre"": ""0"", ""buy_10th_pre_bid"": ""+10790"", ""buy_10th_pre_req"": ""138"", ""buy_10th_pre_req_pre"": ""0"", ""tot_sel_req_jub_pre"": ""0"", ""tot_sel_req"": ""1233"", ""tot_buy_req"": ""4703"", ""tot_buy_req_jub_pre"": ""0"", ""ovt_sel_req_pre"": ""0"", ""ovt_sel_req"": ""0"", ""ovt_buy_req"": ""0"", ""ovt_buy_req_pre"": ""0"", ""return_code"": 0, ""return_msg"": ""정상적으로 처리되었습니다""}"
2026-06-10,scan_candidate,005950,,0,main_scan,12330,,12330,12320,12330,12250,-1.05433901054339,0.08110300081103002,,,,,,"{""bid_req_base_tm"": ""102344"", ""sel_10th_pre_req_pre"": ""0"", ""sel_10th_pre_req"": ""5"", ""sel_10th_pre_bid"": ""+12420"", ""sel_9th_pre_req_pre"": ""0"", ""sel_9th_pre_req"": ""166"", ""sel_9th_pre_bid"": ""+12410"", ""sel_8th_pre_req_pre"": ""0"", ""sel_8th_pre_req"": ""2484"", ""sel_8th_pre_bid"": ""+12400"", ""sel_7th_pre_req_pre"": ""0"", ""sel_7th_pre_req"": ""458"", ""sel_7th_pre_bid"": ""+12390"", ""sel_6th_pre_req_pre"": ""0"", ""sel_6th_pre_req"": ""1476"", ""sel_6th_pre_bid"": ""+12380"", ""sel_5th_pre_req_pre"": ""0"", ""sel_5th_pre_req"": ""171"", ""sel_5th_pre_bid"": ""+12370"", ""sel_4th_pre_req_pre"": ""0"", ""sel_4th_pre_req"": ""202"", ""sel_4th_pre_bid"": ""+12360"", ""sel_3th_pre_req_pre"": ""0"", ""sel_3th_pre_req"": ""1924"", ""sel_3th_pre_bid"": ""+12350"", ""sel_2th_pre_req_pre"": ""0"", ""sel_2th_pre_req"": ""880"", ""sel_2th_pre_bid"": ""+12340"", ""sel_1th_pre_req_pre"": ""0"", ""sel_fpr_req"": ""123"", ""sel_fpr_bid"": ""+12330"", ""buy_fpr_bid"": ""+12320"", ""buy_fpr_req"": ""14"", ""buy_1th_pre_req_pre"": ""0"", ""buy_2th_pre_bid"": ""+12310"", ""buy_2th_pre_req"": ""101"", ""buy_2th_pre_req_pre"": ""0"", ""buy_3th_pre_bid"": ""+12300"", ""buy_3th_pre_req"": ""121"", ""buy_3th_pre_req_pre"": ""0"", ""buy_4th_pre_bid"": ""+12280"", ""buy_4th_pre_req"": ""6"", ""buy_4th_pre_req_pre"": ""0"", ""buy_5th_pre_bid"": ""+12230"", ""buy_5th_pre_req"": ""70"", ""buy_5th_pre_req_pre"": ""+69"", ""buy_6th_pre_bid"": ""+12220"", ""buy_6th_pre_req"": ""69"", ""buy_6th_pre_req_pre"": ""0"", ""buy_7th_pre_bid"": ""+12210"", ""buy_7th_pre_req"": ""100"", ""buy_7th_pre_req_pre"": ""0"", ""buy_8th_pre_bid"": ""+12200"", ""buy_8th_pre_req"": ""412"", ""buy_8th_pre_req_pre"": ""0"", ""buy_9th_pre_bid"": ""+12190"", ""buy_9th_pre_req"": ""60"", ""buy_9th_pre_req_pre"": ""0"", ""buy_10th_pre_bid"": ""+12180"", ""buy_10th_pre_req"": ""238"", ""buy_10th_pre_req_pre"": ""0"", ""tot_sel_req_jub_pre"": ""0"", ""tot_sel_req"": ""7889"", ""tot_buy_req"": ""1191"", ""tot_buy_req_jub_pre"": ""+69"", ""ovt_sel_req_pre"": ""0"", ""ovt_sel_req"": ""0"", ""ovt_buy_req"": ""0"", ""ovt_buy_req_pre"": ""0"", ""return_code"": 0, ""return_msg"": ""정상적으로 처리되었습니다""}"
2026-06-10,watchlist,014680,,0,filtered_candidate_recheck,264500,,264500,264000,264500,264000,-0.3780718336483932,0.1890359168241966,,,,,,"{""bid_req_base_tm"": ""102528"", ""sel_10th_pre_req_pre"": ""0"", ""sel_10th_pre_req"": ""106"", ""sel_10th_pre_bid"": ""+269000"", ""sel_9th_pre_req_pre"": ""0"", ""sel_9th_pre_req"": ""13"", ""sel_9th_pre_bid"": ""+268500"", ""sel_8th_pre_req_pre"": ""0"", ""sel_8th_pre_req"": ""50"", ""sel_8th_pre_bid"": ""+268000"", ""sel_7th_pre_req_pre"": ""0"", ""sel_7th_pre_req"": ""33"", ""sel_7th_pre_bid"": ""+267500"", ""sel_6th_pre_req_pre"": ""0"", ""sel_6th_pre_req"": ""24"", ""sel_6th_pre_bid"": ""+267000"", ""sel_5th_pre_req_pre"": ""0"", ""sel_5th_pre_req"": ""3"", ""sel_5th_pre_bid"": ""+266500"", ""sel_4th_pre_req_pre"": ""0"", ""sel_4th_pre_req"": ""4"", ""sel_4th_pre_bid"": ""+266000"", ""sel_3th_pre_req_pre"": ""0"", ""sel_3th_pre_req"": ""26"", ""sel_3th_pre_bid"": ""+265500"", ""sel_2th_pre_req_pre"": ""0"", ""sel_2th_pre_req"": ""42"", ""sel_2th_pre_bid"": ""+265000"", ""sel_1th_pre_req_pre"": ""+1"", ""sel_fpr_req"": ""6"", ""sel_fpr_bid"": ""+264500"", ""buy_fpr_bid"": ""+264000"", ""buy_fpr_req"": ""34"", ""buy_1th_pre_req_pre"": ""0"", ""buy_2th_pre_bid"": ""+263500"", ""buy_2th_pre_req"": ""49"", ""buy_2th_pre_req_pre"": ""0"", ""buy_3th_pre_bid"": ""+263000"", ""buy_3th_pre_req"": ""3"", ""buy_3th_pre_req_pre"": ""0"", ""buy_4th_pre_bid"": ""+262500"", ""buy_4th_pre_req"": ""2"", ""buy_4th_pre_req_pre"": ""0"", ""buy_5th_pre_bid"": ""+262000"", ""buy_5th_pre_req"": ""4"", ""buy_5th_pre_req_pre"": ""0"", ""buy_6th_pre_bid"": ""+261500"", ""buy_6th_pre_req"": ""12"", ""buy_6th_pre_req_pre"": ""0"", ""buy_7th_pre_bid"": ""+261000"", ""buy_7th_pre_req"": ""3"", ""buy_7th_pre_req_pre"": ""0"", ""buy_8th_pre_bid"": ""+260500"", ""buy_8th_pre_req"": ""8"", ""buy_8th_pre_req_pre"": ""0"", ""buy_9th_pre_bid"": ""+260000"", ""buy_9th_pre_req"": ""109"", ""buy_9th_pre_req_pre"": ""0"", ""buy_10th_pre_bid"": ""+259500"", ""buy_10th_pre_req"": ""119"", ""buy_10th_pre_req_pre"": ""0"", ""tot_sel_req_jub_pre"": ""+1"", ""tot_sel_req"": ""307"", ""tot_buy_req"": ""343"", ""tot_buy_req_jub_pre"": ""0"", ""ovt_sel_req_pre"": ""0"", ""ovt_sel_req"": ""0"", ""ovt_buy_req"": ""0"", ""ovt_buy_req_pre"": ""0"", ""return_code"": 0, ""return_msg"": ""정상적으로 처리되었습니다""}"
2026-06-10,watchlist,035420,,0,filtered_candidate_recheck,236000,,236000,235500,236000,237500,0.423728813559322,0.211864406779661,,,,,,"{""bid_req_base_tm"": ""102530"", ""sel_10th_pre_req_pre"": ""0"", ""sel_10th_pre_req"": ""3216"", ""sel_10th_pre_bid"": ""-240500"", ""sel_9th_pre_req_pre"": ""0"", ""sel_9th_pre_req"": ""3932"", ""sel_9th_pre_bid"": ""-240000"", ""sel_8th_pre_req_pre"": ""0"", ""sel_8th_pre_req"": ""3039"", ""sel_8th_pre_bid"": ""-239500"", ""sel_7th_pre_req_pre"": ""0"", ""sel_7th_pre_req"": ""2287"", ""sel_7th_pre_bid"": ""-239000"", ""sel_6th_pre_req_pre"": ""0"", ""sel_6th_pre_req"": ""3037"", ""sel_6th_pre_bid"": ""-238500"", ""sel_5th_pre_req_pre"": ""0"", ""sel_5th_pre_req"": ""3917"", ""sel_5th_pre_bid"": ""-238000"", ""sel_4th_pre_req_pre"": ""0"", ""sel_4th_pre_req"": ""3107"", ""sel_4th_pre_bid"": ""-237500"", ""sel_3th_pre_req_pre"": ""0"", ""sel_3th_pre_req"": ""2803"", ""sel_3th_pre_bid"": ""-237000"", ""sel_2th_pre_req_pre"": ""0"", ""sel_2th_pre_req"": ""3569"", ""sel_2th_pre_bid"": ""-236500"", ""sel_1th_pre_req_pre"": ""--1"", ""sel_fpr_req"": ""6436"", ""sel_fpr_bid"": ""-236000"", ""buy_fpr_bid"": ""-235500"", ""buy_fpr_req"": ""8706"", ""buy_1th_pre_req_pre"": ""0"", ""buy_2th_pre_bid"": ""-235000"", ""buy_2th_pre_req"": ""28444"", ""buy_2th_pre_req_pre"": ""0"", ""buy_3th_pre_bid"": ""-234500"", ""buy_3th_pre_req"": ""54177"", ""buy_3th_pre_req_pre"": ""0"", ""buy_4th_pre_bid"": ""-234000"", ""buy_4th_pre_req"": ""8449"", ""buy_4th_pre_req_pre"": ""0"", ""buy_5th_pre_bid"": ""-233500"", ""buy_5th_pre_req"": ""6363"", ""buy_5th_pre_req_pre"": ""0"", ""buy_6th_pre_bid"": ""-233000"", ""buy_6th_pre_req"": ""8606"", ""buy_6th_pre_req_pre"": ""0"", ""buy_7th_pre_bid"": ""-232500"", ""buy_7th_pre_req"": ""9320"", ""buy_7th_pre_req_pre"": ""0"", ""buy_8th_pre_bid"": ""-232000"", ""buy_8th_pre_req"": ""10763"", ""buy_8th_pre_req_pre"": ""0"", ""buy_9th_pre_bid"": ""-231500"", ""buy_9th_pre_req"": ""8211"", ""buy_9th_pre_req_pre"": ""0"", ""buy_10th_pre_bid"": ""-231000"", ""buy_10th_pre_req"": ""14090"", ""buy_10th_pre_req_pre"": ""0"", ""tot_sel_req_jub_pre"": ""--1"", ""tot_sel_req"": ""35343"", ""tot_buy_req"": ""157129"", ""tot_buy_req_jub_pre"": ""0"", ""ovt_sel_req_pre"": ""0"", ""ovt_sel_req"": ""0"", ""ovt_buy_req"": ""0"", ""ovt_buy_req_pre"": ""0"", ""return_code"": 0, ""return_msg"": ""정상적으로 처리되었습니다""}"
2026-06-10,watchlist,036570,,0,filtered_candidate_recheck,258500,,258500,258000,258500,259000,0.0,0.19342359767891684,,,,,,"{""bid_req_base_tm"": ""102530"", ""sel_10th_pre_req_pre"": ""0"", ""sel_10th_pre_req"": ""46"", ""sel_10th_pre_bid"": ""-263000"", ""sel_9th_pre_req_pre"": ""0"", ""sel_9th_pre_req"": ""17"", ""sel_9th_pre_bid"": ""-262500"", ""sel_8th_pre_req_pre"": ""0"", ""sel_8th_pre_req"": ""35"", ""sel_8th_pre_bid"": ""-262000"", ""sel_7th_pre_req_pre"": ""0"", ""sel_7th_pre_req"": ""14"", ""sel_7th_pre_bid"": ""-261500"", ""sel_6th_pre_req_pre"": ""0"", ""sel_6th_pre_req"": ""16"", ""sel_6th_pre_bid"": ""-261000"", ""sel_5th_pre_req_pre"": ""0"", ""sel_5th_pre_req"": ""17"", ""sel_5th_pre_bid"": ""-260500"", ""sel_4th_pre_req_pre"": ""0"", ""sel_4th_pre_req"": ""102"", ""sel_4th_pre_bid"": ""-260000"", ""sel_3th_pre_req_pre"": ""0"", ""sel_3th_pre_req"": ""113"", ""sel_3th_pre_bid"": ""-259500"", ""sel_2th_pre_req_pre"": ""0"", ""sel_2th_pre_req"": ""65"", ""sel_2th_pre_bid"": ""-259000"", ""sel_1th_pre_req_pre"": ""0"", ""sel_fpr_req"": ""52"", ""sel_fpr_bid"": ""-258500"", ""buy_fpr_bid"": ""-258000"", ""buy_fpr_req"": ""65"", ""buy_1th_pre_req_pre"": ""+14"", ""buy_2th_pre_bid"": ""-257500"", ""buy_2th_pre_req"": ""112"", ""buy_2th_pre_req_pre"": ""0"", ""buy_3th_pre_bid"": ""-257000"", ""buy_3th_pre_req"": ""77"", ""buy_3th_pre_req_pre"": ""0"", ""buy_4th_pre_bid"": ""-256500"", ""buy_4th_pre_req"": ""33"", ""buy_4th_pre_req_pre"": ""0"", ""buy_5th_pre_bid"": ""-256000"", ""buy_5th_pre_req"": ""117"", ""buy_5th_pre_req_pre"": ""0"", ""buy_6th_pre_bid"": ""-255500"", ""buy_6th_pre_req"": ""119"", ""buy_6th_pre_req_pre"": ""0"", ""buy_7th_pre_bid"": ""-255000"", ""buy_7th_pre_req"": ""298"", ""buy_7th_pre_req_pre"": ""0"", ""buy_8th_pre_bid"": ""-254500"", ""buy_8th_pre_req"": ""342"", ""buy_8th_pre_req_pre"": ""0"", ""buy_9th_pre_bid"": ""-254000"", ""buy_9th_pre_req"": ""304"", ""buy_9th_pre_req_pre"": ""0"", ""buy_10th_pre_bid"": ""-253500"", ""buy_10th_pre_req"": ""462"", ""buy_10th_pre_req_pre"": ""0"", ""tot_sel_req_jub_pre"": ""0"", ""tot_sel_req"": ""477"", ""tot_buy_req"": ""1929"", ""tot_buy_req_jub_pre"": ""+14"", ""ovt_sel_req_pre"": ""0"", ""ovt_sel_req"": ""0"", ""ovt_buy_req"": ""0"", ""ovt_buy_req_pre"": ""0"", ""return_code"": 0, ""return_msg"": ""정상적으로 처리되었습니다""}"
2026-06-10,watchlist,005090,,1,filtered_candidate_recheck,52100,,52100,52000,52100,52600,0.7677543186180422,0.19193857965451055,,,,,,"{""bid_req_base_tm"": ""102526"", ""sel_10th_pre_req_pre"": ""0"", ""sel_10th_pre_req"": ""12"", ""sel_10th_pre_bid"": ""+53500"", ""sel_9th_pre_req_pre"": ""0"", ""sel_9th_pre_req"": ""610"", ""sel_9th_pre_bid"": ""+53400"", ""sel_8th_pre_req_pre"": ""0"", ""sel_8th_pre_req"": ""67"", ""sel_8th_pre_bid"": ""+53100"", ""sel_7th_pre_req_pre"": ""0"", ""sel_7th_pre_req"": ""33"", ""sel_7th_pre_bid"": ""+53000"", ""sel_6th_pre_req_pre"": ""0"", ""sel_6th_pre_req"": ""52"", ""sel_6th_pre_bid"": ""+52900"", ""sel_5th_pre_req_pre"": ""0"", ""sel_5th_pre_req"": ""7"", ""sel_5th_pre_bid"": ""+52600"", ""sel_4th_pre_req_pre"": ""0"", ""sel_4th_pre_req"": ""80"", ""sel_4th_pre_bid"": ""+52400"", ""sel_3th_pre_req_pre"": ""0"", ""sel_3th_pre_req"": ""67"", ""sel_3th_pre_bid"": ""+52300"", ""sel_2th_pre_req_pre"": ""0"", ""sel_2th_pre_req"": ""109"", ""sel_2th_pre_bid"": ""+52200"", ""sel_1th_pre_req_pre"": ""0"", ""sel_fpr_req"": ""69"", ""sel_fpr_bid"": ""+52100"", ""buy_fpr_bid"": ""+52000"", ""buy_fpr_req"": ""130"", ""buy_1th_pre_req_pre"": ""+20"", ""buy_2th_pre_bid"": ""+51900"", ""buy_2th_pre_req"": ""21"", ""buy_2th_pre_req_pre"": ""+1"", ""buy_3th_pre_bid"": ""+51800"", ""buy_3th_pre_req"": ""1217"", ""buy_3th_pre_req_pre"": ""0"", ""buy_4th_pre_bid"": ""+51700"", ""buy_4th_pre_req"": ""421"", ""buy_4th_pre_req_pre"": ""0"", ""buy_5th_pre_bid"": ""+51600"", ""buy_5th_pre_req"": ""10"", ""buy_5th_pre_req_pre"": ""0"", ""buy_6th_pre_bid"": ""+51500"", ""buy_6th_pre_req"": ""1"", ""buy_6th_pre_req_pre"": ""0"", ""buy_7th_pre_bid"": ""+51400"", ""buy_7th_pre_req"": ""6"", ""buy_7th_pre_req_pre"": ""0"", ""buy_8th_pre_bid"": ""+51300"", ""buy_8th_pre_req"": ""1433"", ""buy_8th_pre_req_pre"": ""0"", ""buy_9th_pre_bid"": ""+51100"", ""buy_9th_pre_req"": ""100"", ""buy_9th_pre_req_pre"": ""0"", ""buy_10th_pre_bid"": ""+51000"", ""buy_10th_pre_req"": ""284"", ""buy_10th_pre_req_pre"": ""0"", ""tot_sel_req_jub_pre"": ""0"", ""tot_sel_req"": ""1106"", ""tot_buy_req"": ""3623"", ""tot_buy_req_jub_pre"": ""+21"", ""ovt_sel_req_pre"": ""0"", ""ovt_sel_req"": ""0"", ""ovt_buy_req"": ""0"", ""ovt_buy_req_pre"": ""0"", ""return_code"": 0, ""return_msg"": ""정상적으로 처리되었습니다""}"
2026-06-10,watchlist,066570,,0,filtered_candidate_recheck,233000,,233000,232500,233000,234000,0.2145922746781116,0.2145922746781116,,,,,,"{""bid_req_base_tm"": ""102531"", ""sel_10th_pre_req_pre"": ""0"", ""sel_10th_pre_req"": ""1716"", ""sel_10th_pre_bid"": ""-237500"", ""sel_9th_pre_req_pre"": ""0"", ""sel_9th_pre_req"": ""1397"", ""sel_9th_pre_bid"": ""-237000"", ""sel_8th_pre_req_pre"": ""0"", ""sel_8th_pre_req"": ""1211"", ""sel_8th_pre_bid"": ""-236500"", ""sel_7th_pre_req_pre"": ""0"", ""sel_7th_pre_req"": ""2881"", ""sel_7th_pre_bid"": ""-236000"", ""sel_6th_pre_req_pre"": ""0"", ""sel_6th_pre_req"": ""2161"", ""sel_6th_pre_bid"": ""-235500"", ""sel_5th_pre_req_pre"": ""0"", ""sel_5th_pre_req"": ""3336"", ""sel_5th_pre_bid"": ""-235000"", ""sel_4th_pre_req_pre"": ""0"", ""sel_4th_pre_req"": ""1503"", ""sel_4th_pre_bid"": ""-234500"", ""sel_3th_pre_req_pre"": ""0"", ""sel_3th_pre_req"": ""1047"", ""sel_3th_pre_bid"": ""-234000"", ""sel_2th_pre_req_pre"": ""0"", ""sel_2th_pre_req"": ""1947"", ""sel_2th_pre_bid"": ""-233500"", ""sel_1th_pre_req_pre"": ""0"", ""sel_fpr_req"": ""6215"", ""sel_fpr_bid"": ""-233000"", ""buy_fpr_bid"": ""-232500"", ""buy_fpr_req"": ""1585"", ""buy_1th_pre_req_pre"": ""--5"", ""buy_2th_pre_bid"": ""-232000"", ""buy_2th_pre_req"": ""6291"", ""buy_2th_pre_req_pre"": ""0"", ""buy_3th_pre_bid"": ""-231500"", ""buy_3th_pre_req"": ""5920"", ""buy_3th_pre_req_pre"": ""0"", ""buy_4th_pre_bid"": ""-231000"", ""buy_4th_pre_req"": ""9823"", ""buy_4th_pre_req_pre"": ""0"", ""buy_5th_pre_bid"": ""-230500"", ""buy_5th_pre_req"": ""13015"", ""buy_5th_pre_req_pre"": ""0"", ""buy_6th_pre_bid"": ""-230000"", ""buy_6th_pre_req"": ""37977"", ""buy_6th_pre_req_pre"": ""0"", ""buy_7th_pre_bid"": ""-229500"", ""buy_7th_pre_req"": ""5104"", ""buy_7th_pre_req_pre"": ""0"", ""buy_8th_pre_bid"": ""-229000"", ""buy_8th_pre_req"": ""7585"", ""buy_8th_pre_req_pre"": ""0"", ""buy_9th_pre_bid"": ""-228500"", ""buy_9th_pre_req"": ""7278"", ""buy_9th_pre_req_pre"": ""0"", ""buy_10th_pre_bid"": ""-228000"", ""buy_10th_pre_req"": ""13591"", ""buy_10th_pre_req_pre"": ""0"", ""tot_sel_req_jub_pre"": ""0"", ""tot_sel_req"": ""23414"", ""tot_buy_req"": ""108169"", ""tot_buy_req_jub_pre"": ""--5"", ""ovt_sel_req_pre"": ""0"", ""ovt_sel_req"": ""0"", ""ovt_buy_req"": ""0"", ""ovt_buy_req_pre"": ""0"", ""return_code"": 0, ""return_msg"": ""정상적으로 처리되었습니다""}"
2026-06-10,watchlist,028670,,1,filtered_candidate_recheck,5020,,5020,5010,5020,5050,0.398406374501992,0.199203187250996,,,,,,"{""bid_req_base_tm"": ""102530"", ""sel_10th_pre_req_pre"": ""0"", ""sel_10th_pre_req"": ""901"", ""sel_10th_pre_bid"": ""-5110"", ""sel_9th_pre_req_pre"": ""0"", ""sel_9th_pre_req"": ""111"", ""sel_9th_pre_bid"": ""-5100"", ""sel_8th_pre_req_pre"": ""0"", ""sel_8th_pre_req"": ""621"", ""sel_8th_pre_bid"": ""-5090"", ""sel_7th_pre_req_pre"": ""0"", ""sel_7th_pre_req"": ""119"", ""sel_7th_pre_bid"": ""-5080"", ""sel_6th_pre_req_pre"": ""0"", ""sel_6th_pre_req"": ""695"", ""sel_6th_pre_bid"": ""-5070"", ""sel_5th_pre_req_pre"": ""0"", ""sel_5th_pre_req"": ""710"", ""sel_5th_pre_bid"": ""-5060"", ""sel_4th_pre_req_pre"": ""0"", ""sel_4th_pre_req"": ""1373"", ""sel_4th_pre_bid"": ""-5050"", ""sel_3th_pre_req_pre"": ""0"", ""sel_3th_pre_req"": ""939"", ""sel_3th_pre_bid"": ""-5040"", ""sel_2th_pre_req_pre"": ""0"", ""sel_2th_pre_req"": ""6210"", ""sel_2th_pre_bid"": ""-5030"", ""sel_1th_pre_req_pre"": ""+50"", ""sel_fpr_req"": ""13870"", ""sel_fpr_bid"": ""-5020"", ""buy_fpr_bid"": ""-5010"", ""buy_fpr_req"": ""11396"", ""buy_1th_pre_req_pre"": ""0"", ""buy_2th_pre_bid"": ""-5000"", ""buy_2th_pre_req"": ""16600"", ""buy_2th_pre_req_pre"": ""0"", ""buy_3th_pre_bid"": ""-4995"", ""buy_3th_pre_req"": ""3777"", ""buy_3th_pre_req_pre"": ""0"", ""buy_4th_pre_bid"": ""-4990"", ""buy_4th_pre_req"": ""2815"", ""buy_4th_pre_req_pre"": ""0"", ""buy_5th_pre_bid"": ""-4985"", ""buy_5th_pre_req"": ""3554"", ""buy_5th_pre_req_pre"": ""0"", ""buy_6th_pre_bid"": ""-4980"", ""buy_6th_pre_req"": ""9465"", ""buy_6th_pre_req_pre"": ""0"", ""buy_7th_pre_bid"": ""-4975"", ""buy_7th_pre_req"": ""295"", ""buy_7th_pre_req_pre"": ""0"", ""buy_8th_pre_bid"": ""-4970"", ""buy_8th_pre_req"": ""484"", ""buy_8th_pre_req_pre"": ""0"", ""buy_9th_pre_bid"": ""-4965"", ""buy_9th_pre_req"": ""135"", ""buy_9th_pre_req_pre"": ""0"", ""buy_10th_pre_bid"": ""-4960"", ""buy_10th_pre_req"": ""1909"", ""buy_10th_pre_req_pre"": ""0"", ""tot_sel_req_jub_pre"": ""+50"", ""tot_sel_req"": ""25549"", ""tot_buy_req"": ""50430"", ""tot_buy_req_jub_pre"": ""0"", ""ovt_sel_req_pre"": ""0"", ""ovt_sel_req"": ""0"", ""ovt_buy_req"": ""0"", ""ovt_buy_req_pre"": ""0"", ""return_code"": 0, ""return_msg"": ""정상적으로 처리되었습니다""}"
2026-06-10,watchlist,004990,,0,filtered_candidate_recheck,25700,,25700,25600,25700,25700,-0.19455252918287938,0.38910505836575876,,,,,,"{""bid_req_base_tm"": ""102530"", ""sel_10th_pre_req_pre"": ""0"", ""sel_10th_pre_req"": ""90"", ""sel_10th_pre_bid"": ""+26200"", ""sel_9th_pre_req_pre"": ""0"", ""sel_9th_pre_req"": ""3119"", ""sel_9th_pre_bid"": ""26150"", ""sel_8th_pre_req_pre"": ""0"", ""sel_8th_pre_req"": ""602"", ""sel_8th_pre_bid"": ""-26100"", ""sel_7th_pre_req_pre"": ""0"", ""sel_7th_pre_req"": ""101"", ""sel_7th_pre_bid"": ""-26050"", ""sel_6th_pre_req_pre"": ""0"", ""sel_6th_pre_req"": ""3"", ""sel_6th_pre_bid"": ""-26000"", ""sel_5th_pre_req_pre"": ""0"", ""sel_5th_pre_req"": ""6"", ""sel_5th_pre_bid"": ""-25950"", ""sel_4th_pre_req_pre"": ""0"", ""sel_4th_pre_req"": ""250"", ""sel_4th_pre_bid"": ""-25900"", ""sel_3th_pre_req_pre"": ""0"", ""sel_3th_pre_req"": ""250"", ""sel_3th_pre_bid"": ""-25850"", ""sel_2th_pre_req_pre"": ""0"", ""sel_2th_pre_req"": ""498"", ""sel_2th_pre_bid"": ""-25750"", ""sel_1th_pre_req_pre"": ""+27"", ""sel_fpr_req"": ""393"", ""sel_fpr_bid"": ""-25700"", ""buy_fpr_bid"": ""-25600"", ""buy_fpr_req"": ""224"", ""buy_1th_pre_req_pre"": ""0"", ""buy_2th_pre_bid"": ""-25550"", ""buy_2th_pre_req"": ""310"", ""buy_2th_pre_req_pre"": ""0"", ""buy_3th_pre_bid"": ""-25500"", ""buy_3th_pre_req"": ""550"", ""buy_3th_pre_req_pre"": ""0"", ""buy_4th_pre_bid"": ""-25450"", ""buy_4th_pre_req"": ""105"", ""buy_4th_pre_req_pre"": ""0"", ""buy_5th_pre_bid"": ""-25400"", ""buy_5th_pre_req"": ""660"", ""buy_5th_pre_req_pre"": ""0"", ""buy_6th_pre_bid"": ""-25350"", ""buy_6th_pre_req"": ""392"", ""buy_6th_pre_req_pre"": ""0"", ""buy_7th_pre_bid"": ""-25300"", ""buy_7th_pre_req"": ""926"", ""buy_7th_pre_req_pre"": ""0"", ""buy_8th_pre_bid"": ""-25250"", ""buy_8th_pre_req"": ""901"", ""buy_8th_pre_req_pre"": ""0"", ""buy_9th_pre_bid"": ""-25200"", ""buy_9th_pre_req"": ""7719"", ""buy_9th_pre_req_pre"": ""0"", ""buy_10th_pre_bid"": ""-25150"", ""buy_10th_pre_req"": ""1595"", ""buy_10th_pre_req_pre"": ""0"", ""tot_sel_req_jub_pre"": ""+27"", ""tot_sel_req"": ""5312"", ""tot_buy_req"": ""13382"", ""tot_buy_req_jub_pre"": ""0"", ""ovt_sel_req_pre"": ""0"", ""ovt_sel_req"": ""0"", ""ovt_buy_req"": ""0"", ""ovt_buy_req_pre"": ""0"", ""return_code"": 0, ""return_msg"": ""정상적으로 처리되었습니다""}"
2026-06-10,watchlist,081660,,0,filtered_candidate_recheck,40200,,40200,40150,40200,40300,0.12437810945273632,0.12437810945273632,,,,,,"{""bid_req_base_tm"": ""102529"", ""sel_10th_pre_req_pre"": ""0"", ""sel_10th_pre_req"": ""70"", ""sel_10th_pre_bid"": ""+40700"", ""sel_9th_pre_req_pre"": ""0"", ""sel_9th_pre_req"": ""50"", ""sel_9th_pre_bid"": ""+40650"", ""sel_8th_pre_req_pre"": ""0"", ""sel_8th_pre_req"": ""65"", ""sel_8th_pre_bid"": ""+40600"", ""sel_7th_pre_req_pre"": ""0"", ""sel_7th_pre_req"": ""116"", ""sel_7th_pre_bid"": ""+40550"", ""sel_6th_pre_req_pre"": ""0"", ""sel_6th_pre_req"": ""191"", ""sel_6th_pre_bid"": ""+40500"", ""sel_5th_pre_req_pre"": ""0"", ""sel_5th_pre_req"": ""40"", ""sel_5th_pre_bid"": ""+40450"", ""sel_4th_pre_req_pre"": ""0"", ""sel_4th_pre_req"": ""123"", ""sel_4th_pre_bid"": ""+40350"", ""sel_3th_pre_req_pre"": ""--38"", ""sel_3th_pre_req"": ""128"", ""sel_3th_pre_bid"": ""+40300"", ""sel_2th_pre_req_pre"": ""0"", ""sel_2th_pre_req"": ""454"", ""sel_2th_pre_bid"": ""+40250"", ""sel_1th_pre_req_pre"": ""0"", ""sel_fpr_req"": ""151"", ""sel_fpr_bid"": ""+40200"", ""buy_fpr_bid"": ""+40150"", ""buy_fpr_req"": ""159"", ""buy_1th_pre_req_pre"": ""0"", ""buy_2th_pre_bid"": ""+40050"", ""buy_2th_pre_req"": ""176"", ""buy_2th_pre_req_pre"": ""0"", ""buy_3th_pre_bid"": ""+40000"", ""buy_3th_pre_req"": ""508"", ""buy_3th_pre_req_pre"": ""0"", ""buy_4th_pre_bid"": ""+39950"", ""buy_4th_pre_req"": ""691"", ""buy_4th_pre_req_pre"": ""0"", ""buy_5th_pre_bid"": ""+39900"", ""buy_5th_pre_req"": ""52"", ""buy_5th_pre_req_pre"": ""0"", ""buy_6th_pre_bid"": ""+39850"", ""buy_6th_pre_req"": ""1"", ""buy_6th_pre_req_pre"": ""0"", ""buy_7th_pre_bid"": ""39700"", ""buy_7th_pre_req"": ""2"", ""buy_7th_pre_req_pre"": ""0"", ""buy_8th_pre_bid"": ""-39650"", ""buy_8th_pre_req"": ""30"", ""buy_8th_pre_req_pre"": ""0"", ""buy_9th_pre_bid"": ""-39600"", ""buy_9th_pre_req"": ""2"", ""buy_9th_pre_req_pre"": ""0"", ""buy_10th_pre_bid"": ""-39550"", ""buy_10th_pre_req"": ""5"", ""buy_10th_pre_req_pre"": ""0"", ""tot_sel_req_jub_pre"": ""--1"", ""tot_sel_req"": ""1388"", ""tot_buy_req"": ""1626"", ""tot_buy_req_jub_pre"": ""0"", ""ovt_sel_req_pre"": ""0"", ""ovt_sel_req"": ""0"", ""ovt_buy_req"": ""0"", ""ovt_buy_req_pre"": ""0"", ""return_code"": 0, ""return_msg"": ""정상적으로 처리되었습니다""}"
2026-06-10,watchlist,008770,,0,filtered_candidate_recheck,54200,,54200,54100,54200,54400,0.18450184501845018,0.18450184501845018,,,,,,"{""bid_req_base_tm"": ""102532"", ""sel_10th_pre_req_pre"": ""0"", ""sel_10th_pre_req"": ""184"", ""sel_10th_pre_bid"": ""-55100"", ""sel_9th_pre_req_pre"": ""0"", ""sel_9th_pre_req"": ""435"", ""sel_9th_pre_bid"": ""-55000"", ""sel_8th_pre_req_pre"": ""0"", ""sel_8th_pre_req"": ""273"", ""sel_8th_pre_bid"": ""-54900"", ""sel_7th_pre_req_pre"": ""+3"", ""sel_7th_pre_req"": ""193"", ""sel_7th_pre_bid"": ""-54800"", ""sel_6th_pre_req_pre"": ""0"", ""sel_6th_pre_req"": ""37"", ""sel_6th_pre_bid"": ""-54700"", ""sel_5th_pre_req_pre"": ""0"", ""sel_5th_pre_req"": ""14"", ""sel_5th_pre_bid"": ""-54600"", ""sel_4th_pre_req_pre"": ""0"", ""sel_4th_pre_req"": ""190"", ""sel_4th_pre_bid"": ""-54500"", ""sel_3th_pre_req_pre"": ""0"", ""sel_3th_pre_req"": ""35"", ""sel_3th_pre_bid"": ""-54400"", ""sel_2th_pre_req_pre"": ""0"", ""sel_2th_pre_req"": ""187"", ""sel_2th_pre_bid"": ""-54300"", ""sel_1th_pre_req_pre"": ""0"", ""sel_fpr_req"": ""97"", ""sel_fpr_bid"": ""-54200"", ""buy_fpr_bid"": ""-54100"", ""buy_fpr_req"": ""250"", ""buy_1th_pre_req_pre"": ""0"", ""buy_2th_pre_bid"": ""-54000"", ""buy_2th_pre_req"": ""433"", ""buy_2th_pre_req_pre"": ""0"", ""buy_3th_pre_bid"": ""-53900"", ""buy_3th_pre_req"": ""435"", ""buy_3th_pre_req_pre"": ""0"", ""buy_4th_pre_bid"": ""-53800"", ""buy_4th_pre_req"": ""374"", ""buy_4th_pre_req_pre"": ""0"", ""buy_5th_pre_bid"": ""-53700"", ""buy_5th_pre_req"": ""379"", ""buy_5th_pre_req_pre"": ""0"", ""buy_6th_pre_bid"": ""-53600"", ""buy_6th_pre_req"": ""117"", ""buy_6th_pre_req_pre"": ""0"", ""buy_7th_pre_bid"": ""-53500"", ""buy_7th_pre_req"": ""121"", ""buy_7th_pre_req_pre"": ""0"", ""buy_8th_pre_bid"": ""-53400"", ""buy_8th_pre_req"": ""231"", ""buy_8th_pre_req_pre"": ""0"", ""buy_9th_pre_bid"": ""-53300"", ""buy_9th_pre_req"": ""597"", ""buy_9th_pre_req_pre"": ""0"", ""buy_10th_pre_bid"": ""-53200"", ""buy_10th_pre_req"": ""430"", ""buy_10th_pre_req_pre"": ""0"", ""tot_sel_req_jub_pre"": ""+3"", ""tot_sel_req"": ""1645"", ""tot_buy_req"": ""3367"", ""tot_buy_req_jub_pre"": ""0"", ""ovt_sel_req_pre"": ""0"", ""ovt_sel_req"": ""0"", ""ovt_buy_req"": ""0"", ""ovt_buy_req_pre"": ""0"", ""return_code"": 0, ""return_msg"": ""정상적으로 처리되었습니다""}"
2026-06-10,watchlist,012330,,0,filtered_candidate_recheck,585000,,585000,584000,585000,587000,0.17094017094017094,0.17094017094017094,,,,,,"{""bid_req_base_tm"": ""102532"", ""sel_10th_pre_req_pre"": ""0"", ""sel_10th_pre_req"": ""227"", ""sel_10th_pre_bid"": ""-594000"", ""sel_9th_pre_req_pre"": ""+1"", ""sel_9th_pre_req"": ""192"", ""sel_9th_pre_bid"": ""-593000"", ""sel_8th_pre_req_pre"": ""0"", ""sel_8th_pre_req"": ""108"", ""sel_8th_pre_bid"": ""-592000"", ""sel_7th_pre_req_pre"": ""0"", ""sel_7th_pre_req"": ""106"", ""sel_7th_pre_bid"": ""-591000"", ""sel_6th_pre_req_pre"": ""0"", ""sel_6th_pre_req"": ""309"", ""sel_6th_pre_bid"": ""-590000"", ""sel_5th_pre_req_pre"": ""0"", ""sel_5th_pre_req"": ""223"", ""sel_5th_pre_bid"": ""-589000"", ""sel_4th_pre_req_pre"": ""0"", ""sel_4th_pre_req"": ""136"", ""sel_4th_pre_bid"": ""-588000"", ""sel_3th_pre_req_pre"": ""0"", ""sel_3th_pre_req"": ""131"", ""sel_3th_pre_bid"": ""-587000"", ""sel_2th_pre_req_pre"": ""0"", ""sel_2th_pre_req"": ""148"", ""sel_2th_pre_bid"": ""-586000"", ""sel_1th_pre_req_pre"": ""0"", ""sel_fpr_req"": ""143"", ""sel_fpr_bid"": ""-585000"", ""buy_fpr_bid"": ""-584000"", ""buy_fpr_req"": ""635"", ""buy_1th_pre_req_pre"": ""0"", ""buy_2th_pre_bid"": ""-583000"", ""buy_2th_pre_req"": ""396"", ""buy_2th_pre_req_pre"": ""0"", ""buy_3th_pre_bid"": ""-582000"", ""buy_3th_pre_req"": ""381"", ""buy_3th_pre_req_pre"": ""0"", ""buy_4th_pre_bid"": ""-581000"", ""buy_4th_pre_req"": ""425"", ""buy_4th_pre_req_pre"": ""0"", ""buy_5th_pre_bid"": ""-580000"", ""buy_5th_pre_req"": ""484"", ""buy_5th_pre_req_pre"": ""0"", ""buy_6th_pre_bid"": ""-579000"", ""buy_6th_pre_req"": ""81"", ""buy_6th_pre_req_pre"": ""0"", ""buy_7th_pre_bid"": ""-578000"", ""buy_7th_pre_req"": ""159"", ""buy_7th_pre_req_pre"": ""0"", ""buy_8th_pre_bid"": ""-577000"", ""buy_8th_pre_req"": ""284"", ""buy_8th_pre_req_pre"": ""0"", ""buy_9th_pre_bid"": ""-576000"", ""buy_9th_pre_req"": ""766"", ""buy_9th_pre_req_pre"": ""0"", ""buy_10th_pre_bid"": ""-575000"", ""buy_10th_pre_req"": ""1230"", ""buy_10th_pre_req_pre"": ""0"", ""tot_sel_req_jub_pre"": ""+1"", ""tot_sel_req"": ""1723"", ""tot_buy_req"": ""4841"", ""tot_buy_req_jub_pre"": ""0"", ""ovt_sel_req_pre"": ""0"", ""ovt_sel_req"": ""0"", ""ovt_buy_req"": ""0"", ""ovt_buy_req_pre"": ""0"", ""return_code"": 0, ""return_msg"": ""정상적으로 처리되었습니다""}"
2026-06-10,watchlist,009155,,0,filtered_candidate_recheck,609000,,609000,607000,609000,611000,0.16420361247947454,0.3284072249589491,,,,,,"{""bid_req_base_tm"": ""102529"", ""sel_10th_pre_req_pre"": ""0"", ""sel_10th_pre_req"": ""7"", ""sel_10th_pre_bid"": ""-619000"", ""sel_9th_pre_req_pre"": ""0"", ""sel_9th_pre_req"": ""39"", ""sel_9th_pre_bid"": ""-617000"", ""sel_8th_pre_req_pre"": ""0"", ""sel_8th_pre_req"": ""2"", ""sel_8th_pre_bid"": ""-616000"", ""sel_7th_pre_req_pre"": ""+2"", ""sel_7th_pre_req"": ""9"", ""sel_7th_pre_bid"": ""-615000"", ""sel_6th_pre_req_pre"": ""0"", ""sel_6th_pre_req"": ""30"", ""sel_6th_pre_bid"": ""-614000"", ""sel_5th_pre_req_pre"": ""0"", ""sel_5th_pre_req"": ""49"", ""sel_5th_pre_bid"": ""-613000"", ""sel_4th_pre_req_pre"": ""0"", ""sel_4th_pre_req"": ""19"", ""sel_4th_pre_bid"": ""-612000"", ""sel_3th_pre_req_pre"": ""0"", ""sel_3th_pre_req"": ""13"", ""sel_3th_pre_bid"": ""-611000"", ""sel_2th_pre_req_pre"": ""0"", ""sel_2th_pre_req"": ""22"", ""sel_2th_pre_bid"": ""-610000"", ""sel_1th_pre_req_pre"": ""0"", ""sel_fpr_req"": ""4"", ""sel_fpr_bid"": ""-609000"", ""buy_fpr_bid"": ""-607000"", ""buy_fpr_req"": ""29"", ""buy_1th_pre_req_pre"": ""0"", ""buy_2th_pre_bid"": ""-606000"", ""buy_2th_pre_req"": ""40"", ""buy_2th_pre_req_pre"": ""0"", ""buy_3th_pre_bid"": ""-605000"", ""buy_3th_pre_req"": ""40"", ""buy_3th_pre_req_pre"": ""0"", ""buy_4th_pre_bid"": ""-604000"", ""buy_4th_pre_req"": ""59"", ""buy_4th_pre_req_pre"": ""0"", ""buy_5th_pre_bid"": ""-603000"", ""buy_5th_pre_req"": ""46"", ""buy_5th_pre_req_pre"": ""0"", ""buy_6th_pre_bid"": ""-602000"", ""buy_6th_pre_req"": ""58"", ""buy_6th_pre_req_pre"": ""0"", ""buy_7th_pre_bid"": ""-601000"", ""buy_7th_pre_req"": ""105"", ""buy_7th_pre_req_pre"": ""0"", ""buy_8th_pre_bid"": ""-600000"", ""buy_8th_pre_req"": ""528"", ""buy_8th_pre_req_pre"": ""0"", ""buy_9th_pre_bid"": ""-599000"", ""buy_9th_pre_req"": ""198"", ""buy_9th_pre_req_pre"": ""0"", ""buy_10th_pre_bid"": ""-598000"", ""buy_10th_pre_req"": ""63"", ""buy_10th_pre_req_pre"": ""0"", ""tot_sel_req_jub_pre"": ""+2"", ""tot_sel_req"": ""194"", ""tot_buy_req"": ""1166"", ""tot_buy_req_jub_pre"": ""0"", ""ovt_sel_req_pre"": ""0"", ""ovt_sel_req"": ""0"", ""ovt_buy_req"": ""0"", ""ovt_buy_req_pre"": ""0"", ""return_code"": 0, ""return_msg"": ""정상적으로 처리되었습니다""}"
2026-06-10,watchlist,181710,,1,filtered_candidate_recheck,40150,,40150,40100,40150,40350,0.37359900373599003,0.12453300124533001,,,,,,"{""bid_req_base_tm"": ""102530"", ""sel_10th_pre_req_pre"": ""0"", ""sel_10th_pre_req"": ""24"", ""sel_10th_pre_bid"": ""-40700"", ""sel_9th_pre_req_pre"": ""0"", ""sel_9th_pre_req"": ""3"", ""sel_9th_pre_bid"": ""-40650"", ""sel_8th_pre_req_pre"": ""0"", ""sel_8th_pre_req"": ""12"", ""sel_8th_pre_bid"": ""-40600"", ""sel_7th_pre_req_pre"": ""0"", ""sel_7th_pre_req"": ""2"", ""sel_7th_pre_bid"": ""-40550"", ""sel_6th_pre_req_pre"": ""0"", ""sel_6th_pre_req"": ""821"", ""sel_6th_pre_bid"": ""-40500"", ""sel_5th_pre_req_pre"": ""0"", ""sel_5th_pre_req"": ""36"", ""sel_5th_pre_bid"": ""-40350"", ""sel_4th_pre_req_pre"": ""0"", ""sel_4th_pre_req"": ""6"", ""sel_4th_pre_bid"": ""-40300"", ""sel_3th_pre_req_pre"": ""0"", ""sel_3th_pre_req"": ""1"", ""sel_3th_pre_bid"": ""-40250"", ""sel_2th_pre_req_pre"": ""0"", ""sel_2th_pre_req"": ""61"", ""sel_2th_pre_bid"": ""-40200"", ""sel_1th_pre_req_pre"": ""--3"", ""sel_fpr_req"": ""106"", ""sel_fpr_bid"": ""-40150"", ""buy_fpr_bid"": ""-40100"", ""buy_fpr_req"": ""192"", ""buy_1th_pre_req_pre"": ""0"", ""buy_2th_pre_bid"": ""-40050"", ""buy_2th_pre_req"": ""760"", ""buy_2th_pre_req_pre"": ""0"", ""buy_3th_pre_bid"": ""-40000"", ""buy_3th_pre_req"": ""888"", ""buy_3th_pre_req_pre"": ""0"", ""buy_4th_pre_bid"": ""-39950"", ""buy_4th_pre_req"": ""699"", ""buy_4th_pre_req_pre"": ""0"", ""buy_5th_pre_bid"": ""-39900"", ""buy_5th_pre_req"": ""414"", ""buy_5th_pre_req_pre"": ""0"", ""buy_6th_pre_bid"": ""-39850"", ""buy_6th_pre_req"": ""520"", ""buy_6th_pre_req_pre"": ""0"", ""buy_7th_pre_bid"": ""-39800"", ""buy_7th_pre_req"": ""410"", ""buy_7th_pre_req_pre"": ""0"", ""buy_8th_pre_bid"": ""-39750"", ""buy_8th_pre_req"": ""40"", ""buy_8th_pre_req_pre"": ""0"", ""buy_9th_pre_bid"": ""-39700"", ""buy_9th_pre_req"": ""776"", ""buy_9th_pre_req_pre"": ""0"", ""buy_10th_pre_bid"": ""-39650"", ""buy_10th_pre_req"": ""38"", ""buy_10th_pre_req_pre"": ""0"", ""tot_sel_req_jub_pre"": ""--3"", ""tot_sel_req"": ""1072"", ""tot_buy_req"": ""4737"", ""tot_buy_req_jub_pre"": ""0"", ""ovt_sel_req_pre"": ""0"", ""ovt_sel_req"": ""0"", ""ovt_buy_req"": ""0"", ""ovt_buy_req_pre"": ""0"", ""return_code"": 0, ""return_msg"": ""정상적으로 처리되었습니다""}"
2026-06-10,watchlist,085620,,0,filtered_candidate_recheck,22600,,22600,22550,22600,22450,-0.8849557522123894,0.22123893805309736,,,,,,"{""bid_req_base_tm"": ""102532"", ""sel_10th_pre_req_pre"": ""0"", ""sel_10th_pre_req"": ""202"", ""sel_10th_pre_bid"": ""-23050"", ""sel_9th_pre_req_pre"": ""0"", ""sel_9th_pre_req"": ""5414"", ""sel_9th_pre_bid"": ""-23000"", ""sel_8th_pre_req_pre"": ""0"", ""sel_8th_pre_req"": ""2511"", ""sel_8th_pre_bid"": ""-22950"", ""sel_7th_pre_req_pre"": ""0"", ""sel_7th_pre_req"": ""1051"", ""sel_7th_pre_bid"": ""-22900"", ""sel_6th_pre_req_pre"": ""0"", ""sel_6th_pre_req"": ""1873"", ""sel_6th_pre_bid"": ""-22850"", ""sel_5th_pre_req_pre"": ""0"", ""sel_5th_pre_req"": ""1890"", ""sel_5th_pre_bid"": ""-22800"", ""sel_4th_pre_req_pre"": ""0"", ""sel_4th_pre_req"": ""463"", ""sel_4th_pre_bid"": ""-22750"", ""sel_3th_pre_req_pre"": ""0"", ""sel_3th_pre_req"": ""1317"", ""sel_3th_pre_bid"": ""-22700"", ""sel_2th_pre_req_pre"": ""0"", ""sel_2th_pre_req"": ""858"", ""sel_2th_pre_bid"": ""-22650"", ""sel_1th_pre_req_pre"": ""--1"", ""sel_fpr_req"": ""1021"", ""sel_fpr_bid"": ""-22600"", ""buy_fpr_bid"": ""-22550"", ""buy_fpr_req"": ""795"", ""buy_1th_pre_req_pre"": ""0"", ""buy_2th_pre_bid"": ""-22500"", ""buy_2th_pre_req"": ""120"", ""buy_2th_pre_req_pre"": ""0"", ""buy_3th_pre_bid"": ""-22450"", ""buy_3th_pre_req"": ""250"", ""buy_3th_pre_req_pre"": ""0"", ""buy_4th_pre_bid"": ""-22400"", ""buy_4th_pre_req"": ""649"", ""buy_4th_pre_req_pre"": ""0"", ""buy_5th_pre_bid"": ""-22350"", ""buy_5th_pre_req"": ""276"", ""buy_5th_pre_req_pre"": ""0"", ""buy_6th_pre_bid"": ""-22300"", ""buy_6th_pre_req"": ""882"", ""buy_6th_pre_req_pre"": ""0"", ""buy_7th_pre_bid"": ""-22250"", ""buy_7th_pre_req"": ""207"", ""buy_7th_pre_req_pre"": ""0"", ""buy_8th_pre_bid"": ""-22200"", ""buy_8th_pre_req"": ""467"", ""buy_8th_pre_req_pre"": ""0"", ""buy_9th_pre_bid"": ""-22150"", ""buy_9th_pre_req"": ""2171"", ""buy_9th_pre_req_pre"": ""0"", ""buy_10th_pre_bid"": ""-22100"", ""buy_10th_pre_req"": ""1235"", ""buy_10th_pre_req_pre"": ""0"", ""tot_sel_req_jub_pre"": ""--1"", ""tot_sel_req"": ""16600"", ""tot_buy_req"": ""7052"", ""tot_buy_req_jub_pre"": ""0"", ""ovt_sel_req_pre"": ""0"", ""ovt_sel_req"": ""0"", ""ovt_buy_req"": ""0"", ""ovt_buy_req_pre"": ""0"", ""return_code"": 0, ""return_msg"": ""정상적으로 처리되었습니다""}"
2026-06-10,watchlist,062040,,0,filtered_candidate_recheck,228500,,228500,228000,228500,228000,-0.437636761487965,0.2188183807439825,,,,,,"{""bid_req_base_tm"": ""102530"", ""sel_10th_pre_req_pre"": ""0"", ""sel_10th_pre_req"": ""1486"", ""sel_10th_pre_bid"": ""+233000"", ""sel_9th_pre_req_pre"": ""0"", ""sel_9th_pre_req"": ""637"", ""sel_9th_pre_bid"": ""+232500"", ""sel_8th_pre_req_pre"": ""0"", ""sel_8th_pre_req"": ""601"", ""sel_8th_pre_bid"": ""+232000"", ""sel_7th_pre_req_pre"": ""0"", ""sel_7th_pre_req"": ""142"", ""sel_7th_pre_bid"": ""+231500"", ""sel_6th_pre_req_pre"": ""0"", ""sel_6th_pre_req"": ""136"", ""sel_6th_pre_bid"": ""+231000"", ""sel_5th_pre_req_pre"": ""0"", ""sel_5th_pre_req"": ""22"", ""sel_5th_pre_bid"": ""+230500"", ""sel_4th_pre_req_pre"": ""0"", ""sel_4th_pre_req"": ""93"", ""sel_4th_pre_bid"": ""+230000"", ""sel_3th_pre_req_pre"": ""0"", ""sel_3th_pre_req"": ""20"", ""sel_3th_pre_bid"": ""+229500"", ""sel_2th_pre_req_pre"": ""0"", ""sel_2th_pre_req"": ""30"", ""sel_2th_pre_bid"": ""+229000"", ""sel_1th_pre_req_pre"": ""0"", ""sel_fpr_req"": ""85"", ""sel_fpr_bid"": ""+228500"", ""buy_fpr_bid"": ""+228000"", ""buy_fpr_req"": ""11"", ""buy_1th_pre_req_pre"": ""+5"", ""buy_2th_pre_bid"": ""+227500"", ""buy_2th_pre_req"": ""157"", ""buy_2th_pre_req_pre"": ""0"", ""buy_3th_pre_bid"": ""+227000"", ""buy_3th_pre_req"": ""544"", ""buy_3th_pre_req_pre"": ""0"", ""buy_4th_pre_bid"": ""+226500"", ""buy_4th_pre_req"": ""187"", ""buy_4th_pre_req_pre"": ""0"", ""buy_5th_pre_bid"": ""+226000"", ""buy_5th_pre_req"": ""287"", ""buy_5th_pre_req_pre"": ""0"", ""buy_6th_pre_bid"": ""+225500"", ""buy_6th_pre_req"": ""487"", ""buy_6th_pre_req_pre"": ""0"", ""buy_7th_pre_bid"": ""225000"", ""buy_7th_pre_req"": ""688"", ""buy_7th_pre_req_pre"": ""0"", ""buy_8th_pre_bid"": ""-224500"", ""buy_8th_pre_req"": ""71"", ""buy_8th_pre_req_pre"": ""0"", ""buy_9th_pre_bid"": ""-224000"", ""buy_9th_pre_req"": ""195"", ""buy_9th_pre_req_pre"": ""0"", ""buy_10th_pre_bid"": ""-223500"", ""buy_10th_pre_req"": ""248"", ""buy_10th_pre_req_pre"": ""0"", ""tot_sel_req_jub_pre"": ""0"", ""tot_sel_req"": ""3252"", ""tot_buy_req"": ""2875"", ""tot_buy_req_jub_pre"": ""+5"", ""ovt_sel_req_pre"": ""0"", ""ovt_sel_req"": ""0"", ""ovt_buy_req"": ""0"", ""ovt_buy_req_pre"": ""0"", ""return_code"": 0, ""return_msg"": ""정상적으로 처리되었습니다""}"
2026-06-10,watchlist,036460,,0,filtered_candidate_recheck,34300,,34300,34250,34300,34350,0.0,0.1457725947521866,,,,,,"{""bid_req_base_tm"": ""102532"", ""sel_10th_pre_req_pre"": ""0"", ""sel_10th_pre_req"": ""576"", ""sel_10th_pre_bid"": ""+34750"", ""sel_9th_pre_req_pre"": ""0"", ""sel_9th_pre_req"": ""90"", ""sel_9th_pre_bid"": ""+34700"", ""sel_8th_pre_req_pre"": ""0"", ""sel_8th_pre_req"": ""271"", ""sel_8th_pre_bid"": ""+34650"", ""sel_7th_pre_req_pre"": ""0"", ""sel_7th_pre_req"": ""638"", ""sel_7th_pre_bid"": ""+34600"", ""sel_6th_pre_req_pre"": ""0"", ""sel_6th_pre_req"": ""754"", ""sel_6th_pre_bid"": ""+34550"", ""sel_5th_pre_req_pre"": ""0"", ""sel_5th_pre_req"": ""220"", ""sel_5th_pre_bid"": ""+34500"", ""sel_4th_pre_req_pre"": ""0"", ""sel_4th_pre_req"": ""429"", ""sel_4th_pre_bid"": ""+34450"", ""sel_3th_pre_req_pre"": ""0"", ""sel_3th_pre_req"": ""981"", ""sel_3th_pre_bid"": ""+34400"", ""sel_2th_pre_req_pre"": ""0"", ""sel_2th_pre_req"": ""18"", ""sel_2th_pre_bid"": ""+34350"", ""sel_1th_pre_req_pre"": ""0"", ""sel_fpr_req"": ""203"", ""sel_fpr_bid"": ""+34300"", ""buy_fpr_bid"": ""+34250"", ""buy_fpr_req"": ""388"", ""buy_1th_pre_req_pre"": ""0"", ""buy_2th_pre_bid"": ""+34200"", ""buy_2th_pre_req"": ""640"", ""buy_2th_pre_req_pre"": ""+1"", ""buy_3th_pre_bid"": ""+34150"", ""buy_3th_pre_req"": ""341"", ""buy_3th_pre_req_pre"": ""0"", ""buy_4th_pre_bid"": ""+34100"", ""buy_4th_pre_req"": ""440"", ""buy_4th_pre_req_pre"": ""0"", ""buy_5th_pre_bid"": ""+34050"", ""buy_5th_pre_req"": ""1118"", ""buy_5th_pre_req_pre"": ""0"", ""buy_6th_pre_bid"": ""34000"", ""buy_6th_pre_req"": ""3015"", ""buy_6th_pre_req_pre"": ""0"", ""buy_7th_pre_bid"": ""-33950"", ""buy_7th_pre_req"": ""851"", ""buy_7th_pre_req_pre"": ""0"", ""buy_8th_pre_bid"": ""-33900"", ""buy_8th_pre_req"": ""871"", ""buy_8th_pre_req_pre"": ""0"", ""buy_9th_pre_bid"": ""-33850"", ""buy_9th_pre_req"": ""281"", ""buy_9th_pre_req_pre"": ""0"", ""buy_10th_pre_bid"": ""-33800"", ""buy_10th_pre_req"": ""277"", ""buy_10th_pre_req_pre"": ""0"", ""tot_sel_req_jub_pre"": ""0"", ""tot_sel_req"": ""4180"", ""tot_buy_req"": ""8222"", ""tot_buy_req_jub_pre"": ""+1"", ""ovt_sel_req_pre"": ""0"", ""ovt_sel_req"": ""0"", ""ovt_buy_req"": ""0"", ""ovt_buy_req_pre"": ""0"", ""return_code"": 0, ""return_msg"": ""정상적으로 처리되었습니다""}"
2026-06-10,watchlist,066575,,0,filtered_candidate_recheck,79200,,79200,79100,79200,79200,-0.12626262626262627,0.12626262626262627,,,,,,"{""bid_req_base_tm"": ""102533"", ""sel_10th_pre_req_pre"": ""0"", ""sel_10th_pre_req"": ""308"", ""sel_10th_pre_bid"": ""-80200"", ""sel_9th_pre_req_pre"": ""0"", ""sel_9th_pre_req"": ""103"", ""sel_9th_pre_bid"": ""-80100"", ""sel_8th_pre_req_pre"": ""0"", ""sel_8th_pre_req"": ""815"", ""sel_8th_pre_bid"": ""-80000"", ""sel_7th_pre_req_pre"": ""0"", ""sel_7th_pre_req"": ""188"", ""sel_7th_pre_bid"": ""-79900"", ""sel_6th_pre_req_pre"": ""0"", ""sel_6th_pre_req"": ""134"", ""sel_6th_pre_bid"": ""-79800"", ""sel_5th_pre_req_pre"": ""0"", ""sel_5th_pre_req"": ""10"", ""sel_5th_pre_bid"": ""-79700"", ""sel_4th_pre_req_pre"": ""0"", ""sel_4th_pre_req"": ""75"", ""sel_4th_pre_bid"": ""-79600"", ""sel_3th_pre_req_pre"": ""0"", ""sel_3th_pre_req"": ""5"", ""sel_3th_pre_bid"": ""-79400"", ""sel_2th_pre_req_pre"": ""0"", ""sel_2th_pre_req"": ""62"", ""sel_2th_pre_bid"": ""-79300"", ""sel_1th_pre_req_pre"": ""0"", ""sel_fpr_req"": ""12"", ""sel_fpr_bid"": ""-79200"", ""buy_fpr_bid"": ""-79100"", ""buy_fpr_req"": ""3"", ""buy_1th_pre_req_pre"": ""0"", ""buy_2th_pre_bid"": ""-79000"", ""buy_2th_pre_req"": ""786"", ""buy_2th_pre_req_pre"": ""0"", ""buy_3th_pre_bid"": ""-78900"", ""buy_3th_pre_req"": ""194"", ""buy_3th_pre_req_pre"": ""0"", ""buy_4th_pre_bid"": ""-78800"", ""buy_4th_pre_req"": ""354"", ""buy_4th_pre_req_pre"": ""0"", ""buy_5th_pre_bid"": ""-78700"", ""buy_5th_pre_req"": ""22"", ""buy_5th_pre_req_pre"": ""0"", ""buy_6th_pre_bid"": ""-78600"", ""buy_6th_pre_req"": ""142"", ""buy_6th_pre_req_pre"": ""0"", ""buy_7th_pre_bid"": ""-78500"", ""buy_7th_pre_req"": ""162"", ""buy_7th_pre_req_pre"": ""0"", ""buy_8th_pre_bid"": ""-78400"", ""buy_8th_pre_req"": ""12"", ""buy_8th_pre_req_pre"": ""0"", ""buy_9th_pre_bid"": ""-78300"", ""buy_9th_pre_req"": ""87"", ""buy_9th_pre_req_pre"": ""0"", ""buy_10th_pre_bid"": ""-78200"", ""buy_10th_pre_req"": ""128"", ""buy_10th_pre_req_pre"": ""0"", ""tot_sel_req_jub_pre"": ""0"", ""tot_sel_req"": ""1712"", ""tot_buy_req"": ""1890"", ""tot_buy_req_jub_pre"": ""0"", ""ovt_sel_req_pre"": ""0"", ""ovt_sel_req"": ""0"", ""ovt_buy_req"": ""0"", ""ovt_buy_req_pre"": ""0"", ""return_code"": 0, ""return_msg"": ""정상적으로 처리되었습니다""}"
2026-06-10,watchlist,000810,,0,filtered_candidate_recheck,615000,,615000,614000,615000,610000,-0.975609756097561,0.16260162601626016,,,,,,"{""bid_req_base_tm"": ""102533"", ""sel_10th_pre_req_pre"": ""0"", ""sel_10th_pre_req"": ""11"", ""sel_10th_pre_bid"": ""-624000"", ""sel_9th_pre_req_pre"": ""0"", ""sel_9th_pre_req"": ""266"", ""sel_9th_pre_bid"": ""-623000"", ""sel_8th_pre_req_pre"": ""0"", ""sel_8th_pre_req"": ""22"", ""sel_8th_pre_bid"": ""-622000"", ""sel_7th_pre_req_pre"": ""0"", ""sel_7th_pre_req"": ""13"", ""sel_7th_pre_bid"": ""-621000"", ""sel_6th_pre_req_pre"": ""0"", ""sel_6th_pre_req"": ""4"", ""sel_6th_pre_bid"": ""-620000"", ""sel_5th_pre_req_pre"": ""0"", ""sel_5th_pre_req"": ""9"", ""sel_5th_pre_bid"": ""-619000"", ""sel_4th_pre_req_pre"": ""0"", ""sel_4th_pre_req"": ""18"", ""sel_4th_pre_bid"": ""-618000"", ""sel_3th_pre_req_pre"": ""0"", ""sel_3th_pre_req"": ""75"", ""sel_3th_pre_bid"": ""-617000"", ""sel_2th_pre_req_pre"": ""0"", ""sel_2th_pre_req"": ""266"", ""sel_2th_pre_bid"": ""-616000"", ""sel_1th_pre_req_pre"": ""+15"", ""sel_fpr_req"": ""184"", ""sel_fpr_bid"": ""-615000"", ""buy_fpr_bid"": ""-614000"", ""buy_fpr_req"": ""67"", ""buy_1th_pre_req_pre"": ""0"", ""buy_2th_pre_bid"": ""-613000"", ""buy_2th_pre_req"": ""29"", ""buy_2th_pre_req_pre"": ""0"", ""buy_3th_pre_bid"": ""-612000"", ""buy_3th_pre_req"": ""15"", ""buy_3th_pre_req_pre"": ""0"", ""buy_4th_pre_bid"": ""-611000"", ""buy_4th_pre_req"": ""26"", ""buy_4th_pre_req_pre"": ""0"", ""buy_5th_pre_bid"": ""-610000"", ""buy_5th_pre_req"": ""70"", ""buy_5th_pre_req_pre"": ""0"", ""buy_6th_pre_bid"": ""-609000"", ""buy_6th_pre_req"": ""18"", ""buy_6th_pre_req_pre"": ""0"", ""buy_7th_pre_bid"": ""-608000"", ""buy_7th_pre_req"": ""40"", ""buy_7th_pre_req_pre"": ""0"", ""buy_8th_pre_bid"": ""-607000"", ""buy_8th_pre_req"": ""26"", ""buy_8th_pre_req_pre"": ""0"", ""buy_9th_pre_bid"": ""-606000"", ""buy_9th_pre_req"": ""16"", ""buy_9th_pre_req_pre"": ""0"", ""buy_10th_pre_bid"": ""-605000"", ""buy_10th_pre_req"": ""29"", ""buy_10th_pre_req_pre"": ""0"", ""tot_sel_req_jub_pre"": ""+15"", ""tot_sel_req"": ""868"", ""tot_buy_req"": ""336"", ""tot_buy_req_jub_pre"": ""0"", ""ovt_sel_req_pre"": ""0"", ""ovt_sel_req"": ""0"", ""ovt_buy_req"": ""0"", ""ovt_buy_req_pre"": ""0"", ""return_code"": 0, ""return_msg"": ""정상적으로 처리되었습니다""}"
2026-06-10,watchlist,005930,,0,filtered_candidate_recheck,307000,,307000,306500,307000,308500,0.32573289902280134,0.16286644951140067,,,,,,"{""bid_req_base_tm"": ""102534"", ""sel_10th_pre_req_pre"": ""0"", ""sel_10th_pre_req"": ""16457"", ""sel_10th_pre_bid"": ""-311500"", ""sel_9th_pre_req_pre"": ""0"", ""sel_9th_pre_req"": ""14669"", ""sel_9th_pre_bid"": ""-311000"", ""sel_8th_pre_req_pre"": ""0"", ""sel_8th_pre_req"": ""7989"", ""sel_8th_pre_bid"": ""-310500"", ""sel_7th_pre_req_pre"": ""0"", ""sel_7th_pre_req"": ""6116"", ""sel_7th_pre_bid"": ""-310000"", ""sel_6th_pre_req_pre"": ""0"", ""sel_6th_pre_req"": ""3821"", ""sel_6th_pre_bid"": ""-309500"", ""sel_5th_pre_req_pre"": ""0"", ""sel_5th_pre_req"": ""4579"", ""sel_5th_pre_bid"": ""-309000"", ""sel_4th_pre_req_pre"": ""0"", ""sel_4th_pre_req"": ""10441"", ""sel_4th_pre_bid"": ""-308500"", ""sel_3th_pre_req_pre"": ""--40"", ""sel_3th_pre_req"": ""12454"", ""sel_3th_pre_bid"": ""-308000"", ""sel_2th_pre_req_pre"": ""0"", ""sel_2th_pre_req"": ""35679"", ""sel_2th_pre_bid"": ""-307500"", ""sel_1th_pre_req_pre"": ""0"", ""sel_fpr_req"": ""9176"", ""sel_fpr_bid"": ""-307000"", ""buy_fpr_bid"": ""-306500"", ""buy_fpr_req"": ""12400"", ""buy_1th_pre_req_pre"": ""--39"", ""buy_2th_pre_bid"": ""-306000"", ""buy_2th_pre_req"": ""86835"", ""buy_2th_pre_req_pre"": ""--1"", ""buy_3th_pre_bid"": ""-305500"", ""buy_3th_pre_req"": ""85979"", ""buy_3th_pre_req_pre"": ""0"", ""buy_4th_pre_bid"": ""-305000"", ""buy_4th_pre_req"": ""206114"", ""buy_4th_pre_req_pre"": ""+1"", ""buy_5th_pre_bid"": ""-304500"", ""buy_5th_pre_req"": ""27931"", ""buy_5th_pre_req_pre"": ""+1"", ""buy_6th_pre_bid"": ""-304000"", ""buy_6th_pre_req"": ""41481"", ""buy_6th_pre_req_pre"": ""0"", ""buy_7th_pre_bid"": ""-303500"", ""buy_7th_pre_req"": ""37831"", ""buy_7th_pre_req_pre"": ""0"", ""buy_8th_pre_bid"": ""-303000"", ""buy_8th_pre_req"": ""72455"", ""buy_8th_pre_req_pre"": ""0"", ""buy_9th_pre_bid"": ""-302500"", ""buy_9th_pre_req"": ""46506"", ""buy_9th_pre_req_pre"": ""0"", ""buy_10th_pre_bid"": ""-302000"", ""buy_10th_pre_req"": ""49395"", ""buy_10th_pre_req_pre"": ""0"", ""tot_sel_req_jub_pre"": ""--40"", ""tot_sel_req"": ""121381"", ""tot_buy_req"": ""666927"", ""tot_buy_req_jub_pre"": ""--38"", ""ovt_sel_req_pre"": ""0"", ""ovt_sel_req"": ""0"", ""ovt_buy_req"": ""0"", ""ovt_buy_req_pre"": ""0"", ""return_code"": 0, ""return_msg"": ""정상적으로 처리되었습니다""}"
2026-06-10,watchlist,000370,,0,filtered_candidate_recheck,6620,,6620,6590,6620,6610,-0.3021148036253776,0.4531722054380665,,,,,,"{""bid_req_base_tm"": ""102534"", ""sel_10th_pre_req_pre"": ""0"", ""sel_10th_pre_req"": ""126"", ""sel_10th_pre_bid"": ""+6720"", ""sel_9th_pre_req_pre"": ""0"", ""sel_9th_pre_req"": ""21"", ""sel_9th_pre_bid"": ""+6710"", ""sel_8th_pre_req_pre"": ""0"", ""sel_8th_pre_req"": ""4666"", ""sel_8th_pre_bid"": ""+6700"", ""sel_7th_pre_req_pre"": ""0"", ""sel_7th_pre_req"": ""216"", ""sel_7th_pre_bid"": ""+6690"", ""sel_6th_pre_req_pre"": ""0"", ""sel_6th_pre_req"": ""399"", ""sel_6th_pre_bid"": ""+6670"", ""sel_5th_pre_req_pre"": ""0"", ""sel_5th_pre_req"": ""500"", ""sel_5th_pre_bid"": ""+6660"", ""sel_4th_pre_req_pre"": ""0"", ""sel_4th_pre_req"": ""1004"", ""sel_4th_pre_bid"": ""+6650"", ""sel_3th_pre_req_pre"": ""0"", ""sel_3th_pre_req"": ""39"", ""sel_3th_pre_bid"": ""+6640"", ""sel_2th_pre_req_pre"": ""0"", ""sel_2th_pre_req"": ""1396"", ""sel_2th_pre_bid"": ""+6630"", ""sel_1th_pre_req_pre"": ""0"", ""sel_fpr_req"": ""405"", ""sel_fpr_bid"": ""+6620"", ""buy_fpr_bid"": ""+6590"", ""buy_fpr_req"": ""92"", ""buy_1th_pre_req_pre"": ""0"", ""buy_2th_pre_bid"": ""+6580"", ""buy_2th_pre_req"": ""1661"", ""buy_2th_pre_req_pre"": ""0"", ""buy_3th_pre_bid"": ""+6570"", ""buy_3th_pre_req"": ""266"", ""buy_3th_pre_req_pre"": ""0"", ""buy_4th_pre_bid"": ""+6560"", ""buy_4th_pre_req"": ""306"", ""buy_4th_pre_req_pre"": ""0"", ""buy_5th_pre_bid"": ""+6550"", ""buy_5th_pre_req"": ""3510"", ""buy_5th_pre_req_pre"": ""0"", ""buy_6th_pre_bid"": ""+6540"", ""buy_6th_pre_req"": ""55"", ""buy_6th_pre_req_pre"": ""0"", ""buy_7th_pre_bid"": ""+6530"", ""buy_7th_pre_req"": ""104"", ""buy_7th_pre_req_pre"": ""0"", ""buy_8th_pre_bid"": ""+6520"", ""buy_8th_pre_req"": ""236"", ""buy_8th_pre_req_pre"": ""0"", ""buy_9th_pre_bid"": ""+6510"", ""buy_9th_pre_req"": ""392"", ""buy_9th_pre_req_pre"": ""0"", ""buy_10th_pre_bid"": ""+6500"", ""buy_10th_pre_req"": ""4121"", ""buy_10th_pre_req_pre"": ""0"", ""tot_sel_req_jub_pre"": ""0"", ""tot_sel_req"": ""8772"", ""tot_buy_req"": ""10743"", ""tot_buy_req_jub_pre"": ""0"", ""ovt_sel_req_pre"": ""0"", ""ovt_sel_req"": ""0"", ""ovt_buy_req"": ""0"", ""ovt_buy_req_pre"": ""0"", ""return_code"": 0, ""return_msg"": ""정상적으로 처리되었습니다""}"
2026-06-10,watchlist,064400,,0,filtered_candidate_recheck,96500,,96500,96400,96500,96700,0.10362694300518134,0.10362694300518134,,,,,,"{""bid_req_base_tm"": ""102534"", ""sel_10th_pre_req_pre"": ""0"", ""sel_10th_pre_req"": ""459"", ""sel_10th_pre_bid"": ""-97400"", ""sel_9th_pre_req_pre"": ""0"", ""sel_9th_pre_req"": ""495"", ""sel_9th_pre_bid"": ""-97300"", ""sel_8th_pre_req_pre"": ""0"", ""sel_8th_pre_req"": ""249"", ""sel_8th_pre_bid"": ""-97200"", ""sel_7th_pre_req_pre"": ""0"", ""sel_7th_pre_req"": ""146"", ""sel_7th_pre_bid"": ""-97100"", ""sel_6th_pre_req_pre"": ""0"", ""sel_6th_pre_req"": ""348"", ""sel_6th_pre_bid"": ""-97000"", ""sel_5th_pre_req_pre"": ""0"", ""sel_5th_pre_req"": ""13"", ""sel_5th_pre_bid"": ""-96900"", ""sel_4th_pre_req_pre"": ""0"", ""sel_4th_pre_req"": ""526"", ""sel_4th_pre_bid"": ""-96800"", ""sel_3th_pre_req_pre"": ""0"", ""sel_3th_pre_req"": ""36"", ""sel_3th_pre_bid"": ""-96700"", ""sel_2th_pre_req_pre"": ""0"", ""sel_2th_pre_req"": ""41"", ""sel_2th_pre_bid"": ""-96600"", ""sel_1th_pre_req_pre"": ""--1"", ""sel_fpr_req"": ""2"", ""sel_fpr_bid"": ""-96500"", ""buy_fpr_bid"": ""-96400"", ""buy_fpr_req"": ""151"", ""buy_1th_pre_req_pre"": ""0"", ""buy_2th_pre_bid"": ""-96300"", ""buy_2th_pre_req"": ""954"", ""buy_2th_pre_req_pre"": ""0"", ""buy_3th_pre_bid"": ""-96200"", ""buy_3th_pre_req"": ""334"", ""buy_3th_pre_req_pre"": ""0"", ""buy_4th_pre_bid"": ""-96100"", ""buy_4th_pre_req"": ""610"", ""buy_4th_pre_req_pre"": ""0"", ""buy_5th_pre_bid"": ""-96000"", ""buy_5th_pre_req"": ""1013"", ""buy_5th_pre_req_pre"": ""0"", ""buy_6th_pre_bid"": ""-95900"", ""buy_6th_pre_req"": ""1456"", ""buy_6th_pre_req_pre"": ""0"", ""buy_7th_pre_bid"": ""-95800"", ""buy_7th_pre_req"": ""1168"", ""buy_7th_pre_req_pre"": ""0"", ""buy_8th_pre_bid"": ""-95700"", ""buy_8th_pre_req"": ""886"", ""buy_8th_pre_req_pre"": ""0"", ""buy_9th_pre_bid"": ""-95600"", ""buy_9th_pre_req"": ""1284"", ""buy_9th_pre_req_pre"": ""0"", ""buy_10th_pre_bid"": ""-95500"", ""buy_10th_pre_req"": ""1060"", ""buy_10th_pre_req_pre"": ""0"", ""tot_sel_req_jub_pre"": ""--1"", ""tot_sel_req"": ""2315"", ""tot_buy_req"": ""8916"", ""tot_buy_req_jub_pre"": ""0"", ""ovt_sel_req_pre"": ""0"", ""ovt_sel_req"": ""0"", ""ovt_buy_req"": ""0"", ""ovt_buy_req_pre"": ""0"", ""return_code"": 0, ""return_msg"": ""정상적으로 처리되었습니다""}"
2026-06-10,watchlist,009420,,0,filtered_candidate_recheck,50100,,50100,50000,50100,50400,0.39920159680638717,0.19960079840319359,,,,,,"{""bid_req_base_tm"": ""102534"", ""sel_10th_pre_req_pre"": ""0"", ""sel_10th_pre_req"": ""101"", ""sel_10th_pre_bid"": ""-51000"", ""sel_9th_pre_req_pre"": ""0"", ""sel_9th_pre_req"": ""228"", ""sel_9th_pre_bid"": ""-50900"", ""sel_8th_pre_req_pre"": ""0"", ""sel_8th_pre_req"": ""11"", ""sel_8th_pre_bid"": ""-50800"", ""sel_7th_pre_req_pre"": ""0"", ""sel_7th_pre_req"": ""272"", ""sel_7th_pre_bid"": ""-50700"", ""sel_6th_pre_req_pre"": ""0"", ""sel_6th_pre_req"": ""237"", ""sel_6th_pre_bid"": ""-50600"", ""sel_5th_pre_req_pre"": ""0"", ""sel_5th_pre_req"": ""112"", ""sel_5th_pre_bid"": ""-50500"", ""sel_4th_pre_req_pre"": ""0"", ""sel_4th_pre_req"": ""61"", ""sel_4th_pre_bid"": ""-50400"", ""sel_3th_pre_req_pre"": ""0"", ""sel_3th_pre_req"": ""130"", ""sel_3th_pre_bid"": ""-50300"", ""sel_2th_pre_req_pre"": ""--7"", ""sel_2th_pre_req"": ""78"", ""sel_2th_pre_bid"": ""-50200"", ""sel_1th_pre_req_pre"": ""+2"", ""sel_fpr_req"": ""266"", ""sel_fpr_bid"": ""-50100"", ""buy_fpr_bid"": ""-50000"", ""buy_fpr_req"": ""316"", ""buy_1th_pre_req_pre"": ""0"", ""buy_2th_pre_bid"": ""-49950"", ""buy_2th_pre_req"": ""260"", ""buy_2th_pre_req_pre"": ""0"", ""buy_3th_pre_bid"": ""-49900"", ""buy_3th_pre_req"": ""374"", ""buy_3th_pre_req_pre"": ""0"", ""buy_4th_pre_bid"": ""-49850"", ""buy_4th_pre_req"": ""273"", ""buy_4th_pre_req_pre"": ""0"", ""buy_5th_pre_bid"": ""-49800"", ""buy_5th_pre_req"": ""537"", ""buy_5th_pre_req_pre"": ""0"", ""buy_6th_pre_bid"": ""-49750"", ""buy_6th_pre_req"": ""890"", ""buy_6th_pre_req_pre"": ""0"", ""buy_7th_pre_bid"": ""-49700"", ""buy_7th_pre_req"": ""1155"", ""buy_7th_pre_req_pre"": ""0"", ""buy_8th_pre_bid"": ""-49650"", ""buy_8th_pre_req"": ""72"", ""buy_8th_pre_req_pre"": ""0"", ""buy_9th_pre_bid"": ""-49600"", ""buy_9th_pre_req"": ""884"", ""buy_9th_pre_req_pre"": ""0"", ""buy_10th_pre_bid"": ""-49550"", ""buy_10th_pre_req"": ""427"", ""buy_10th_pre_req_pre"": ""0"", ""tot_sel_req_jub_pre"": ""--5"", ""tot_sel_req"": ""1496"", ""tot_buy_req"": ""5188"", ""tot_buy_req_jub_pre"": ""0"", ""ovt_sel_req_pre"": ""0"", ""ovt_sel_req"": ""0"", ""ovt_buy_req"": ""0"", ""ovt_buy_req_pre"": ""0"", ""return_code"": 0, ""return_msg"": ""정상적으로 처리되었습니다""}"
2026-06-10,watchlist,383220,,0,filtered_candidate_recheck,75200,,75200,75100,75200,75600,0.39893617021276595,0.13297872340425532,,,,,,"{""bid_req_base_tm"": ""102534"", ""sel_10th_pre_req_pre"": ""0"", ""sel_10th_pre_req"": ""14"", ""sel_10th_pre_bid"": ""+76500"", ""sel_9th_pre_req_pre"": ""0"", ""sel_9th_pre_req"": ""2"", ""sel_9th_pre_bid"": ""+76400"", ""sel_8th_pre_req_pre"": ""0"", ""sel_8th_pre_req"": ""100"", ""sel_8th_pre_bid"": ""+76300"", ""sel_7th_pre_req_pre"": ""0"", ""sel_7th_pre_req"": ""1"", ""sel_7th_pre_bid"": ""+76200"", ""sel_6th_pre_req_pre"": ""0"", ""sel_6th_pre_req"": ""122"", ""sel_6th_pre_bid"": ""+76000"", ""sel_5th_pre_req_pre"": ""0"", ""sel_5th_pre_req"": ""101"", ""sel_5th_pre_bid"": ""+75900"", ""sel_4th_pre_req_pre"": ""0"", ""sel_4th_pre_req"": ""7"", ""sel_4th_pre_bid"": ""+75800"", ""sel_3th_pre_req_pre"": ""0"", ""sel_3th_pre_req"": ""2"", ""sel_3th_pre_bid"": ""+75600"", ""sel_2th_pre_req_pre"": ""0"", ""sel_2th_pre_req"": ""9"", ""sel_2th_pre_bid"": ""+75300"", ""sel_1th_pre_req_pre"": ""0"", ""sel_fpr_req"": ""20"", ""sel_fpr_bid"": ""+75200"", ""buy_fpr_bid"": ""+75100"", ""buy_fpr_req"": ""74"", ""buy_1th_pre_req_pre"": ""+14"", ""buy_2th_pre_bid"": ""+75000"", ""buy_2th_pre_req"": ""254"", ""buy_2th_pre_req_pre"": ""0"", ""buy_3th_pre_bid"": ""+74900"", ""buy_3th_pre_req"": ""20"", ""buy_3th_pre_req_pre"": ""0"", ""buy_4th_pre_bid"": ""+74800"", ""buy_4th_pre_req"": ""15"", ""buy_4th_pre_req_pre"": ""0"", ""buy_5th_pre_bid"": ""+74700"", ""buy_5th_pre_req"": ""16"", ""buy_5th_pre_req_pre"": ""0"", ""buy_6th_pre_bid"": ""74600"", ""buy_6th_pre_req"": ""74"", ""buy_6th_pre_req_pre"": ""0"", ""buy_7th_pre_bid"": ""-74500"", ""buy_7th_pre_req"": ""27"", ""buy_7th_pre_req_pre"": ""0"", ""buy_8th_pre_bid"": ""-74400"", ""buy_8th_pre_req"": ""24"", ""buy_8th_pre_req_pre"": ""0"", ""buy_9th_pre_bid"": ""-74300"", ""buy_9th_pre_req"": ""10"", ""buy_9th_pre_req_pre"": ""0"", ""buy_10th_pre_bid"": ""-74200"", ""buy_10th_pre_req"": ""5"", ""buy_10th_pre_req_pre"": ""0"", ""tot_sel_req_jub_pre"": ""0"", ""tot_sel_req"": ""378"", ""tot_buy_req"": ""519"", ""tot_buy_req_jub_pre"": ""+14"", ""ovt_sel_req_pre"": ""0"", ""ovt_sel_req"": ""0"", ""ovt_buy_req"": ""0"", ""ovt_buy_req_pre"": ""0"", ""return_code"": 0, ""return_msg"": ""정상적으로 처리되었습니다""}"
2026-06-10,watchlist,004170,,0,filtered_candidate_recheck,669000,,669000,668000,669000,672000,0.29895366218236175,0.14947683109118087,,,,,,"{""bid_req_base_tm"": ""102534"", ""sel_10th_pre_req_pre"": ""0"", ""sel_10th_pre_req"": ""32"", ""sel_10th_pre_bid"": ""+679000"", ""sel_9th_pre_req_pre"": ""0"", ""sel_9th_pre_req"": ""60"", ""sel_9th_pre_bid"": ""+678000"", ""sel_8th_pre_req_pre"": ""0"", ""sel_8th_pre_req"": ""4"", ""sel_8th_pre_bid"": ""+677000"", ""sel_7th_pre_req_pre"": ""0"", ""sel_7th_pre_req"": ""6"", ""sel_7th_pre_bid"": ""+676000"", ""sel_6th_pre_req_pre"": ""0"", ""sel_6th_pre_req"": ""2"", ""sel_6th_pre_bid"": ""+674000"", ""sel_5th_pre_req_pre"": ""0"", ""sel_5th_pre_req"": ""31"", ""sel_5th_pre_bid"": ""+673000"", ""sel_4th_pre_req_pre"": ""0"", ""sel_4th_pre_req"": ""53"", ""sel_4th_pre_bid"": ""+672000"", ""sel_3th_pre_req_pre"": ""--13"", ""sel_3th_pre_req"": ""244"", ""sel_3th_pre_bid"": ""+671000"", ""sel_2th_pre_req_pre"": ""0"", ""sel_2th_pre_req"": ""47"", ""sel_2th_pre_bid"": ""+670000"", ""sel_1th_pre_req_pre"": ""0"", ""sel_fpr_req"": ""41"", ""sel_fpr_bid"": ""+669000"", ""buy_fpr_bid"": ""+668000"", ""buy_fpr_req"": ""21"", ""buy_1th_pre_req_pre"": ""0"", ""buy_2th_pre_bid"": ""+667000"", ""buy_2th_pre_req"": ""78"", ""buy_2th_pre_req_pre"": ""0"", ""buy_3th_pre_bid"": ""+666000"", ""buy_3th_pre_req"": ""11"", ""buy_3th_pre_req_pre"": ""0"", ""buy_4th_pre_bid"": ""+665000"", ""buy_4th_pre_req"": ""764"", ""buy_4th_pre_req_pre"": ""0"", ""buy_5th_pre_bid"": ""+664000"", ""buy_5th_pre_req"": ""15"", ""buy_5th_pre_req_pre"": ""0"", ""buy_6th_pre_bid"": ""+663000"", ""buy_6th_pre_req"": ""142"", ""buy_6th_pre_req_pre"": ""0"", ""buy_7th_pre_bid"": ""+662000"", ""buy_7th_pre_req"": ""49"", ""buy_7th_pre_req_pre"": ""0"", ""buy_8th_pre_bid"": ""+661000"", ""buy_8th_pre_req"": ""11"", ""buy_8th_pre_req_pre"": ""0"", ""buy_9th_pre_bid"": ""+660000"", ""buy_9th_pre_req"": ""403"", ""buy_9th_pre_req_pre"": ""0"", ""buy_10th_pre_bid"": ""+659000"", ""buy_10th_pre_req"": ""5"", ""buy_10th_pre_req_pre"": ""0"", ""tot_sel_req_jub_pre"": ""--13"", ""tot_sel_req"": ""520"", ""tot_buy_req"": ""1499"", ""tot_buy_req_jub_pre"": ""0"", ""ovt_sel_req_pre"": ""0"", ""ovt_sel_req"": ""0"", ""ovt_buy_req"": ""0"", ""ovt_buy_req_pre"": ""0"", ""return_code"": 0, ""return_msg"": ""정상적으로 처리되었습니다""}"
2026-06-10,watchlist,018260,,1,filtered_candidate_recheck,233000,,233000,232500,233000,234500,0.4291845493562232,0.2145922746781116,,,,,,"{""bid_req_base_tm"": ""102534"", ""sel_10th_pre_req_pre"": ""0"", ""sel_10th_pre_req"": ""124"", ""sel_10th_pre_bid"": ""-237500"", ""sel_9th_pre_req_pre"": ""0"", ""sel_9th_pre_req"": ""260"", ""sel_9th_pre_bid"": ""-237000"", ""sel_8th_pre_req_pre"": ""0"", ""sel_8th_pre_req"": ""213"", ""sel_8th_pre_bid"": ""-236500"", ""sel_7th_pre_req_pre"": ""0"", ""sel_7th_pre_req"": ""193"", ""sel_7th_pre_bid"": ""-236000"", ""sel_6th_pre_req_pre"": ""0"", ""sel_6th_pre_req"": ""72"", ""sel_6th_pre_bid"": ""-235500"", ""sel_5th_pre_req_pre"": ""0"", ""sel_5th_pre_req"": ""90"", ""sel_5th_pre_bid"": ""-235000"", ""sel_4th_pre_req_pre"": ""0"", ""sel_4th_pre_req"": ""4"", ""sel_4th_pre_bid"": ""-234500"", ""sel_3th_pre_req_pre"": ""0"", ""sel_3th_pre_req"": ""127"", ""sel_3th_pre_bid"": ""-234000"", ""sel_2th_pre_req_pre"": ""0"", ""sel_2th_pre_req"": ""118"", ""sel_2th_pre_bid"": ""-233500"", ""sel_1th_pre_req_pre"": ""0"", ""sel_fpr_req"": ""378"", ""sel_fpr_bid"": ""-233000"", ""buy_fpr_bid"": ""-232500"", ""buy_fpr_req"": ""1231"", ""buy_1th_pre_req_pre"": ""0"", ""buy_2th_pre_bid"": ""-232000"", ""buy_2th_pre_req"": ""1160"", ""buy_2th_pre_req_pre"": ""0"", ""buy_3th_pre_bid"": ""-231500"", ""buy_3th_pre_req"": ""1604"", ""buy_3th_pre_req_pre"": ""0"", ""buy_4th_pre_bid"": ""-231000"", ""buy_4th_pre_req"": ""2426"", ""buy_4th_pre_req_pre"": ""0"", ""buy_5th_pre_bid"": ""-230500"", ""buy_5th_pre_req"": ""1779"", ""buy_5th_pre_req_pre"": ""0"", ""buy_6th_pre_bid"": ""-230000"", ""buy_6th_pre_req"": ""3735"", ""buy_6th_pre_req_pre"": ""0"", ""buy_7th_pre_bid"": ""-229500"", ""buy_7th_pre_req"": ""635"", ""buy_7th_pre_req_pre"": ""0"", ""buy_8th_pre_bid"": ""-229000"", ""buy_8th_pre_req"": ""1461"", ""buy_8th_pre_req_pre"": ""0"", ""buy_9th_pre_bid"": ""-228500"", ""buy_9th_pre_req"": ""503"", ""buy_9th_pre_req_pre"": ""0"", ""buy_10th_pre_bid"": ""-228000"", ""buy_10th_pre_req"": ""1572"", ""buy_10th_pre_req_pre"": ""0"", ""tot_sel_req_jub_pre"": ""0"", ""tot_sel_req"": ""1579"", ""tot_buy_req"": ""16106"", ""tot_buy_req_jub_pre"": ""0"", ""ovt_sel_req_pre"": ""0"", ""ovt_sel_req"": ""0"", ""ovt_buy_req"": ""0"", ""ovt_buy_req_pre"": ""0"", ""return_code"": 0, ""return_msg"": ""정상적으로 처리되었습니다""}"
2026-06-10,watchlist,161390,,0,filtered_candidate_recheck,71500,,71500,71400,71500,71600,0.0,0.13986013986013987,,,,,,"{""bid_req_base_tm"": ""102533"", ""sel_10th_pre_req_pre"": ""0"", ""sel_10th_pre_req"": ""5"", ""sel_10th_pre_bid"": ""-72400"", ""sel_9th_pre_req_pre"": ""0"", ""sel_9th_pre_req"": ""34"", ""sel_9th_pre_bid"": ""-72300"", ""sel_8th_pre_req_pre"": ""0"", ""sel_8th_pre_req"": ""9"", ""sel_8th_pre_bid"": ""-72200"", ""sel_7th_pre_req_pre"": ""0"", ""sel_7th_pre_req"": ""30"", ""sel_7th_pre_bid"": ""-72100"", ""sel_6th_pre_req_pre"": ""0"", ""sel_6th_pre_req"": ""47"", ""sel_6th_pre_bid"": ""-72000"", ""sel_5th_pre_req_pre"": ""0"", ""sel_5th_pre_req"": ""264"", ""sel_5th_pre_bid"": ""-71900"", ""sel_4th_pre_req_pre"": ""0"", ""sel_4th_pre_req"": ""46"", ""sel_4th_pre_bid"": ""-71800"", ""sel_3th_pre_req_pre"": ""0"", ""sel_3th_pre_req"": ""165"", ""sel_3th_pre_bid"": ""-71700"", ""sel_2th_pre_req_pre"": ""0"", ""sel_2th_pre_req"": ""819"", ""sel_2th_pre_bid"": ""-71600"", ""sel_1th_pre_req_pre"": ""0"", ""sel_fpr_req"": ""2666"", ""sel_fpr_bid"": ""-71500"", ""buy_fpr_bid"": ""-71400"", ""buy_fpr_req"": ""1323"", ""buy_1th_pre_req_pre"": ""+93"", ""buy_2th_pre_bid"": ""-71300"", ""buy_2th_pre_req"": ""391"", ""buy_2th_pre_req_pre"": ""0"", ""buy_3th_pre_bid"": ""-71200"", ""buy_3th_pre_req"": ""716"", ""buy_3th_pre_req_pre"": ""0"", ""buy_4th_pre_bid"": ""-71100"", ""buy_4th_pre_req"": ""253"", ""buy_4th_pre_req_pre"": ""0"", ""buy_5th_pre_bid"": ""-71000"", ""buy_5th_pre_req"": ""1048"", ""buy_5th_pre_req_pre"": ""0"", ""buy_6th_pre_bid"": ""-70900"", ""buy_6th_pre_req"": ""2119"", ""buy_6th_pre_req_pre"": ""0"", ""buy_7th_pre_bid"": ""-70800"", ""buy_7th_pre_req"": ""154"", ""buy_7th_pre_req_pre"": ""0"", ""buy_8th_pre_bid"": ""-70700"", ""buy_8th_pre_req"": ""72"", ""buy_8th_pre_req_pre"": ""0"", ""buy_9th_pre_bid"": ""-70600"", ""buy_9th_pre_req"": ""87"", ""buy_9th_pre_req_pre"": ""0"", ""buy_10th_pre_bid"": ""-70500"", ""buy_10th_pre_req"": ""315"", ""buy_10th_pre_req_pre"": ""0"", ""tot_sel_req_jub_pre"": ""0"", ""tot_sel_req"": ""4085"", ""tot_buy_req"": ""6478"", ""tot_buy_req_jub_pre"": ""+93"", ""ovt_sel_req_pre"": ""0"", ""ovt_sel_req"": ""0"", ""ovt_buy_req"": ""0"", ""ovt_buy_req_pre"": ""0"", ""return_code"": 0, ""return_msg"": ""정상적으로 처리되었습니다""}"
2026-06-10,watchlist,078930,,0,filtered_candidate_recheck,73200,,73200,73000,73200,73000,-0.4098360655737705,0.273224043715847,,,,,,"{""bid_req_base_tm"": ""102533"", ""sel_10th_pre_req_pre"": ""0"", ""sel_10th_pre_req"": ""91"", ""sel_10th_pre_bid"": ""+74200"", ""sel_9th_pre_req_pre"": ""0"", ""sel_9th_pre_req"": ""110"", ""sel_9th_pre_bid"": ""+74000"", ""sel_8th_pre_req_pre"": ""0"", ""sel_8th_pre_req"": ""2"", ""sel_8th_pre_bid"": ""+73900"", ""sel_7th_pre_req_pre"": ""0"", ""sel_7th_pre_req"": ""18"", ""sel_7th_pre_bid"": ""73800"", ""sel_6th_pre_req_pre"": ""0"", ""sel_6th_pre_req"": ""55"", ""sel_6th_pre_bid"": ""-73700"", ""sel_5th_pre_req_pre"": ""0"", ""sel_5th_pre_req"": ""93"", ""sel_5th_pre_bid"": ""-73600"", ""sel_4th_pre_req_pre"": ""0"", ""sel_4th_pre_req"": ""152"", ""sel_4th_pre_bid"": ""-73500"", ""sel_3th_pre_req_pre"": ""0"", ""sel_3th_pre_req"": ""68"", ""sel_3th_pre_bid"": ""-73400"", ""sel_2th_pre_req_pre"": ""0"", ""sel_2th_pre_req"": ""141"", ""sel_2th_pre_bid"": ""-73300"", ""sel_1th_pre_req_pre"": ""+32"", ""sel_fpr_req"": ""824"", ""sel_fpr_bid"": ""-73200"", ""buy_fpr_bid"": ""-73000"", ""buy_fpr_req"": ""184"", ""buy_1th_pre_req_pre"": ""0"", ""buy_2th_pre_bid"": ""-72900"", ""buy_2th_pre_req"": ""99"", ""buy_2th_pre_req_pre"": ""0"", ""buy_3th_pre_bid"": ""-72800"", ""buy_3th_pre_req"": ""70"", ""buy_3th_pre_req_pre"": ""0"", ""buy_4th_pre_bid"": ""-72700"", ""buy_4th_pre_req"": ""50"", ""buy_4th_pre_req_pre"": ""0"", ""buy_5th_pre_bid"": ""-72500"", ""buy_5th_pre_req"": ""10"", ""buy_5th_pre_req_pre"": ""0"", ""buy_6th_pre_bid"": ""-72400"", ""buy_6th_pre_req"": ""1"", ""buy_6th_pre_req_pre"": ""0"", ""buy_7th_pre_bid"": ""-72300"", ""buy_7th_pre_req"": ""51"", ""buy_7th_pre_req_pre"": ""0"", ""buy_8th_pre_bid"": ""-72200"", ""buy_8th_pre_req"": ""270"", ""buy_8th_pre_req_pre"": ""0"", ""buy_9th_pre_bid"": ""-72100"", ""buy_9th_pre_req"": ""508"", ""buy_9th_pre_req_pre"": ""0"", ""buy_10th_pre_bid"": ""-72000"", ""buy_10th_pre_req"": ""157"", ""buy_10th_pre_req_pre"": ""0"", ""tot_sel_req_jub_pre"": ""+32"", ""tot_sel_req"": ""1554"", ""tot_buy_req"": ""1400"", ""tot_buy_req_jub_pre"": ""0"", ""ovt_sel_req_pre"": ""0"", ""ovt_sel_req"": ""0"", ""ovt_buy_req"": ""0"", ""ovt_buy_req_pre"": ""0"", ""return_code"": 0, ""return_msg"": ""정상적으로 처리되었습니다""}"
2026-06-10,watchlist,462870,,0,filtered_candidate_recheck,31000,,31000,30950,31000,30950,-0.3225806451612903,0.16129032258064516,,,,,,"{""bid_req_base_tm"": ""102534"", ""sel_10th_pre_req_pre"": ""0"", ""sel_10th_pre_req"": ""55"", ""sel_10th_pre_bid"": ""-31450"", ""sel_9th_pre_req_pre"": ""0"", ""sel_9th_pre_req"": ""126"", ""sel_9th_pre_bid"": ""-31400"", ""sel_8th_pre_req_pre"": ""0"", ""sel_8th_pre_req"": ""32"", ""sel_8th_pre_bid"": ""-31350"", ""sel_7th_pre_req_pre"": ""0"", ""sel_7th_pre_req"": ""370"", ""sel_7th_pre_bid"": ""-31300"", ""sel_6th_pre_req_pre"": ""0"", ""sel_6th_pre_req"": ""82"", ""sel_6th_pre_bid"": ""-31250"", ""sel_5th_pre_req_pre"": ""0"", ""sel_5th_pre_req"": ""55"", ""sel_5th_pre_bid"": ""-31200"", ""sel_4th_pre_req_pre"": ""0"", ""sel_4th_pre_req"": ""20"", ""sel_4th_pre_bid"": ""-31150"", ""sel_3th_pre_req_pre"": ""0"", ""sel_3th_pre_req"": ""38"", ""sel_3th_pre_bid"": ""-31100"", ""sel_2th_pre_req_pre"": ""0"", ""sel_2th_pre_req"": ""474"", ""sel_2th_pre_bid"": ""-31050"", ""sel_1th_pre_req_pre"": ""--4"", ""sel_fpr_req"": ""46"", ""sel_fpr_bid"": ""-31000"", ""buy_fpr_bid"": ""-30950"", ""buy_fpr_req"": ""14"", ""buy_1th_pre_req_pre"": ""0"", ""buy_2th_pre_bid"": ""-30900"", ""buy_2th_pre_req"": ""138"", ""buy_2th_pre_req_pre"": ""0"", ""buy_3th_pre_bid"": ""-30850"", ""buy_3th_pre_req"": ""22"", ""buy_3th_pre_req_pre"": ""0"", ""buy_4th_pre_bid"": ""-30800"", ""buy_4th_pre_req"": ""139"", ""buy_4th_pre_req_pre"": ""0"", ""buy_5th_pre_bid"": ""-30750"", ""buy_5th_pre_req"": ""55"", ""buy_5th_pre_req_pre"": ""0"", ""buy_6th_pre_bid"": ""-30700"", ""buy_6th_pre_req"": ""190"", ""buy_6th_pre_req_pre"": ""0"", ""buy_7th_pre_bid"": ""-30650"", ""buy_7th_pre_req"": ""43"", ""buy_7th_pre_req_pre"": ""0"", ""buy_8th_pre_bid"": ""-30600"", ""buy_8th_pre_req"": ""144"", ""buy_8th_pre_req_pre"": ""0"", ""buy_9th_pre_bid"": ""-30550"", ""buy_9th_pre_req"": ""183"", ""buy_9th_pre_req_pre"": ""0"", ""buy_10th_pre_bid"": ""-30500"", ""buy_10th_pre_req"": ""909"", ""buy_10th_pre_req_pre"": ""0"", ""tot_sel_req_jub_pre"": ""--4"", ""tot_sel_req"": ""1298"", ""tot_buy_req"": ""1837"", ""tot_buy_req_jub_pre"": ""0"", ""ovt_sel_req_pre"": ""0"", ""ovt_sel_req"": ""0"", ""ovt_buy_req"": ""0"", ""ovt_buy_req_pre"": ""0"", ""return_code"": 0, ""return_msg"": ""정상적으로 처리되었습니다""}"
2026-06-10,watchlist,055550,,0,filtered_candidate_recheck,99600,,99600,99500,99600,99500,-0.2008032128514056,0.1004016064257028,,,,,,"{""bid_req_base_tm"": ""102535"", ""sel_10th_pre_req_pre"": ""0"", ""sel_10th_pre_req"": ""1532"", ""sel_10th_pre_bid"": ""-100500"", ""sel_9th_pre_req_pre"": ""0"", ""sel_9th_pre_req"": ""949"", ""sel_9th_pre_bid"": ""-100400"", ""sel_8th_pre_req_pre"": ""0"", ""sel_8th_pre_req"": ""362"", ""sel_8th_pre_bid"": ""-100300"", ""sel_7th_pre_req_pre"": ""0"", ""sel_7th_pre_req"": ""167"", ""sel_7th_pre_bid"": ""-100200"", ""sel_6th_pre_req_pre"": ""0"", ""sel_6th_pre_req"": ""3"", ""sel_6th_pre_bid"": ""-100100"", ""sel_5th_pre_req_pre"": ""0"", ""sel_5th_pre_req"": ""35"", ""sel_5th_pre_bid"": ""-100000"", ""sel_4th_pre_req_pre"": ""0"", ""sel_4th_pre_req"": ""73"", ""sel_4th_pre_bid"": ""-99900"", ""sel_3th_pre_req_pre"": ""0"", ""sel_3th_pre_req"": ""749"", ""sel_3th_pre_bid"": ""-99800"", ""sel_2th_pre_req_pre"": ""0"", ""sel_2th_pre_req"": ""148"", ""sel_2th_pre_bid"": ""-99700"", ""sel_1th_pre_req_pre"": ""0"", ""sel_fpr_req"": ""1329"", ""sel_fpr_bid"": ""-99600"", ""buy_fpr_bid"": ""-99500"", ""buy_fpr_req"": ""595"", ""buy_1th_pre_req_pre"": ""--13"", ""buy_2th_pre_bid"": ""-99400"", ""buy_2th_pre_req"": ""1063"", ""buy_2th_pre_req_pre"": ""0"", ""buy_3th_pre_bid"": ""-99300"", ""buy_3th_pre_req"": ""384"", ""buy_3th_pre_req_pre"": ""0"", ""buy_4th_pre_bid"": ""-99200"", ""buy_4th_pre_req"": ""34"", ""buy_4th_pre_req_pre"": ""0"", ""buy_5th_pre_bid"": ""-99100"", ""buy_5th_pre_req"": ""125"", ""buy_5th_pre_req_pre"": ""0"", ""buy_6th_pre_bid"": ""-99000"", ""buy_6th_pre_req"": ""288"", ""buy_6th_pre_req_pre"": ""0"", ""buy_7th_pre_bid"": ""-98900"", ""buy_7th_pre_req"": ""145"", ""buy_7th_pre_req_pre"": ""0"", ""buy_8th_pre_bid"": ""-98800"", ""buy_8th_pre_req"": ""152"", ""buy_8th_pre_req_pre"": ""0"", ""buy_9th_pre_bid"": ""-98700"", ""buy_9th_pre_req"": ""234"", ""buy_9th_pre_req_pre"": ""0"", ""buy_10th_pre_bid"": ""-98600"", ""buy_10th_pre_req"": ""151"", ""buy_10th_pre_req_pre"": ""0"", ""tot_sel_req_jub_pre"": ""0"", ""tot_sel_req"": ""5347"", ""tot_buy_req"": ""3171"", ""tot_buy_req_jub_pre"": ""--13"", ""ovt_sel_req_pre"": ""0"", ""ovt_sel_req"": ""0"", ""ovt_buy_req"": ""0"", ""ovt_buy_req_pre"": ""0"", ""return_code"": 0, ""return_msg"": ""정상적으로 처리되었습니다""}"
2026-06-10,watchlist,192080,,1,filtered_candidate_recheck,71300,,71300,71200,71300,71000,-0.5610098176718092,0.1402524544179523,,,,,,"{""bid_req_base_tm"": ""102536"", ""sel_10th_pre_req_pre"": ""0"", ""sel_10th_pre_req"": ""176"", ""sel_10th_pre_bid"": ""+72600"", ""sel_9th_pre_req_pre"": ""0"", ""sel_9th_pre_req"": ""40"", ""sel_9th_pre_bid"": ""+72400"", ""sel_8th_pre_req_pre"": ""0"", ""sel_8th_pre_req"": ""17"", ""sel_8th_pre_bid"": ""+72200"", ""sel_7th_pre_req_pre"": ""0"", ""sel_7th_pre_req"": ""16"", ""sel_7th_pre_bid"": ""-71900"", ""sel_6th_pre_req_pre"": ""0"", ""sel_6th_pre_req"": ""14"", ""sel_6th_pre_bid"": ""-71800"", ""sel_5th_pre_req_pre"": ""0"", ""sel_5th_pre_req"": ""960"", ""sel_5th_pre_bid"": ""-71700"", ""sel_4th_pre_req_pre"": ""0"", ""sel_4th_pre_req"": ""27"", ""sel_4th_pre_bid"": ""-71600"", ""sel_3th_pre_req_pre"": ""0"", ""sel_3th_pre_req"": ""66"", ""sel_3th_pre_bid"": ""-71500"", ""sel_2th_pre_req_pre"": ""0"", ""sel_2th_pre_req"": ""11"", ""sel_2th_pre_bid"": ""-71400"", ""sel_1th_pre_req_pre"": ""--19"", ""sel_fpr_req"": ""44"", ""sel_fpr_bid"": ""-71300"", ""buy_fpr_bid"": ""-71200"", ""buy_fpr_req"": ""26"", ""buy_1th_pre_req_pre"": ""0"", ""buy_2th_pre_bid"": ""-71100"", ""buy_2th_pre_req"": ""12"", ""buy_2th_pre_req_pre"": ""0"", ""buy_3th_pre_bid"": ""-71000"", ""buy_3th_pre_req"": ""11"", ""buy_3th_pre_req_pre"": ""0"", ""buy_4th_pre_bid"": ""-70900"", ""buy_4th_pre_req"": ""55"", ""buy_4th_pre_req_pre"": ""0"", ""buy_5th_pre_bid"": ""-70800"", ""buy_5th_pre_req"": ""71"", ""buy_5th_pre_req_pre"": ""0"", ""buy_6th_pre_bid"": ""-70700"", ""buy_6th_pre_req"": ""98"", ""buy_6th_pre_req_pre"": ""0"", ""buy_7th_pre_bid"": ""-70600"", ""buy_7th_pre_req"": ""76"", ""buy_7th_pre_req_pre"": ""0"", ""buy_8th_pre_bid"": ""-70500"", ""buy_8th_pre_req"": ""181"", ""buy_8th_pre_req_pre"": ""0"", ""buy_9th_pre_bid"": ""-70400"", ""buy_9th_pre_req"": ""93"", ""buy_9th_pre_req_pre"": ""0"", ""buy_10th_pre_bid"": ""-70300"", ""buy_10th_pre_req"": ""93"", ""buy_10th_pre_req_pre"": ""0"", ""tot_sel_req_jub_pre"": ""--19"", ""tot_sel_req"": ""1371"", ""tot_buy_req"": ""716"", ""tot_buy_req_jub_pre"": ""0"", ""ovt_sel_req_pre"": ""0"", ""ovt_sel_req"": ""0"", ""ovt_buy_req"": ""0"", ""ovt_buy_req_pre"": ""0"", ""return_code"": 0, ""return_msg"": ""정상적으로 처리되었습니다""}"
2026-06-10,watchlist,000430,,0,filtered_candidate_recheck,5780,,5780,5770,5780,5790,0.0,0.17301038062283738,,,,,,"{""bid_req_base_tm"": ""102533"", ""sel_10th_pre_req_pre"": ""0"", ""sel_10th_pre_req"": ""2253"", ""sel_10th_pre_bid"": ""-5870"", ""sel_9th_pre_req_pre"": ""0"", ""sel_9th_pre_req"": ""2379"", ""sel_9th_pre_bid"": ""-5860"", ""sel_8th_pre_req_pre"": ""0"", ""sel_8th_pre_req"": ""3718"", ""sel_8th_pre_bid"": ""-5850"", ""sel_7th_pre_req_pre"": ""0"", ""sel_7th_pre_req"": ""2059"", ""sel_7th_pre_bid"": ""-5840"", ""sel_6th_pre_req_pre"": ""0"", ""sel_6th_pre_req"": ""1655"", ""sel_6th_pre_bid"": ""-5830"", ""sel_5th_pre_req_pre"": ""0"", ""sel_5th_pre_req"": ""1478"", ""sel_5th_pre_bid"": ""-5820"", ""sel_4th_pre_req_pre"": ""0"", ""sel_4th_pre_req"": ""1234"", ""sel_4th_pre_bid"": ""-5810"", ""sel_3th_pre_req_pre"": ""0"", ""sel_3th_pre_req"": ""1403"", ""sel_3th_pre_bid"": ""-5800"", ""sel_2th_pre_req_pre"": ""0"", ""sel_2th_pre_req"": ""1058"", ""sel_2th_pre_bid"": ""-5790"", ""sel_1th_pre_req_pre"": ""0"", ""sel_fpr_req"": ""328"", ""sel_fpr_bid"": ""-5780"", ""buy_fpr_bid"": ""-5770"", ""buy_fpr_req"": ""707"", ""buy_1th_pre_req_pre"": ""0"", ""buy_2th_pre_bid"": ""-5760"", ""buy_2th_pre_req"": ""675"", ""buy_2th_pre_req_pre"": ""+10"", ""buy_3th_pre_bid"": ""-5750"", ""buy_3th_pre_req"": ""4662"", ""buy_3th_pre_req_pre"": ""0"", ""buy_4th_pre_bid"": ""-5740"", ""buy_4th_pre_req"": ""4018"", ""buy_4th_pre_req_pre"": ""0"", ""buy_5th_pre_bid"": ""-5730"", ""buy_5th_pre_req"": ""1494"", ""buy_5th_pre_req_pre"": ""0"", ""buy_6th_pre_bid"": ""-5720"", ""buy_6th_pre_req"": ""5121"", ""buy_6th_pre_req_pre"": ""0"", ""buy_7th_pre_bid"": ""-5710"", ""buy_7th_pre_req"": ""2379"", ""buy_7th_pre_req_pre"": ""0"", ""buy_8th_pre_bid"": ""-5700"", ""buy_8th_pre_req"": ""3399"", ""buy_8th_pre_req_pre"": ""0"", ""buy_9th_pre_bid"": ""-5690"", ""buy_9th_pre_req"": ""1611"", ""buy_9th_pre_req_pre"": ""0"", ""buy_10th_pre_bid"": ""-5680"", ""buy_10th_pre_req"": ""3211"", ""buy_10th_pre_req_pre"": ""0"", ""tot_sel_req_jub_pre"": ""0"", ""tot_sel_req"": ""17565"", ""tot_buy_req"": ""27277"", ""tot_buy_req_jub_pre"": ""+10"", ""ovt_sel_req_pre"": ""0"", ""ovt_sel_req"": ""0"", ""ovt_buy_req"": ""0"", ""ovt_buy_req_pre"": ""0"", ""return_code"": 0, ""return_msg"": ""정상적으로 처리되었습니다""}"
2026-06-10,watchlist,307950,,0,filtered_candidate_recheck,713000,,713000,712000,713000,711000,-0.42075736325385693,0.1402524544179523,,,,,,"{""bid_req_base_tm"": ""102536"", ""sel_10th_pre_req_pre"": ""0"", ""sel_10th_pre_req"": ""55"", ""sel_10th_pre_bid"": ""+722000"", ""sel_9th_pre_req_pre"": ""0"", ""sel_9th_pre_req"": ""159"", ""sel_9th_pre_bid"": ""+721000"", ""sel_8th_pre_req_pre"": ""0"", ""sel_8th_pre_req"": ""216"", ""sel_8th_pre_bid"": ""+720000"", ""sel_7th_pre_req_pre"": ""0"", ""sel_7th_pre_req"": ""131"", ""sel_7th_pre_bid"": ""+719000"", ""sel_6th_pre_req_pre"": ""0"", ""sel_6th_pre_req"": ""208"", ""sel_6th_pre_bid"": ""+718000"", ""sel_5th_pre_req_pre"": ""0"", ""sel_5th_pre_req"": ""106"", ""sel_5th_pre_bid"": ""+717000"", ""sel_4th_pre_req_pre"": ""0"", ""sel_4th_pre_req"": ""27"", ""sel_4th_pre_bid"": ""+716000"", ""sel_3th_pre_req_pre"": ""0"", ""sel_3th_pre_req"": ""26"", ""sel_3th_pre_bid"": ""+715000"", ""sel_2th_pre_req_pre"": ""0"", ""sel_2th_pre_req"": ""50"", ""sel_2th_pre_bid"": ""+714000"", ""sel_1th_pre_req_pre"": ""0"", ""sel_fpr_req"": ""152"", ""sel_fpr_bid"": ""+713000"", ""buy_fpr_bid"": ""+712000"", ""buy_fpr_req"": ""111"", ""buy_1th_pre_req_pre"": ""0"", ""buy_2th_pre_bid"": ""+711000"", ""buy_2th_pre_req"": ""152"", ""buy_2th_pre_req_pre"": ""0"", ""buy_3th_pre_bid"": ""+710000"", ""buy_3th_pre_req"": ""71"", ""buy_3th_pre_req_pre"": ""0"", ""buy_4th_pre_bid"": ""+709000"", ""buy_4th_pre_req"": ""45"", ""buy_4th_pre_req_pre"": ""0"", ""buy_5th_pre_bid"": ""+708000"", ""buy_5th_pre_req"": ""59"", ""buy_5th_pre_req_pre"": ""0"", ""buy_6th_pre_bid"": ""+707000"", ""buy_6th_pre_req"": ""51"", ""buy_6th_pre_req_pre"": ""0"", ""buy_7th_pre_bid"": ""+706000"", ""buy_7th_pre_req"": ""20"", ""buy_7th_pre_req_pre"": ""0"", ""buy_8th_pre_bid"": ""+705000"", ""buy_8th_pre_req"": ""51"", ""buy_8th_pre_req_pre"": ""0"", ""buy_9th_pre_bid"": ""+704000"", ""buy_9th_pre_req"": ""114"", ""buy_9th_pre_req_pre"": ""0"", ""buy_10th_pre_bid"": ""+703000"", ""buy_10th_pre_req"": ""134"", ""buy_10th_pre_req_pre"": ""0"", ""tot_sel_req_jub_pre"": ""0"", ""tot_sel_req"": ""1130"", ""tot_buy_req"": ""808"", ""tot_buy_req_jub_pre"": ""0"", ""ovt_sel_req_pre"": ""0"", ""ovt_sel_req"": ""0"", ""ovt_buy_req"": ""0"", ""ovt_buy_req_pre"": ""0"", ""return_code"": 0, ""return_msg"": ""정상적으로 처리되었습니다""}"
2026-06-10,watchlist,114090,,0,filtered_candidate_recheck,12030,,12030,12020,12030,12050,-0.24937655860349126,0.0831255195344971,,,,,,"{""bid_req_base_tm"": ""102535"", ""sel_10th_pre_req_pre"": ""0"", ""sel_10th_pre_req"": ""10"", ""sel_10th_pre_bid"": ""+12160"", ""sel_9th_pre_req_pre"": ""0"", ""sel_9th_pre_req"": ""1074"", ""sel_9th_pre_bid"": ""+12150"", ""sel_8th_pre_req_pre"": ""0"", ""sel_8th_pre_req"": ""130"", ""sel_8th_pre_bid"": ""+12140"", ""sel_7th_pre_req_pre"": ""0"", ""sel_7th_pre_req"": ""475"", ""sel_7th_pre_bid"": ""+12130"", ""sel_6th_pre_req_pre"": ""0"", ""sel_6th_pre_req"": ""61"", ""sel_6th_pre_bid"": ""+12120"", ""sel_5th_pre_req_pre"": ""0"", ""sel_5th_pre_req"": ""9"", ""sel_5th_pre_bid"": ""+12070"", ""sel_4th_pre_req_pre"": ""0"", ""sel_4th_pre_req"": ""1"", ""sel_4th_pre_bid"": ""+12060"", ""sel_3th_pre_req_pre"": ""0"", ""sel_3th_pre_req"": ""1"", ""sel_3th_pre_bid"": ""+12050"", ""sel_2th_pre_req_pre"": ""0"", ""sel_2th_pre_req"": ""75"", ""sel_2th_pre_bid"": ""+12040"", ""sel_1th_pre_req_pre"": ""0"", ""sel_fpr_req"": ""18"", ""sel_fpr_bid"": ""+12030"", ""buy_fpr_bid"": ""+12020"", ""buy_fpr_req"": ""78"", ""buy_1th_pre_req_pre"": ""--9"", ""buy_2th_pre_bid"": ""+12010"", ""buy_2th_pre_req"": ""3"", ""buy_2th_pre_req_pre"": ""0"", ""buy_3th_pre_bid"": ""+12000"", ""buy_3th_pre_req"": ""677"", ""buy_3th_pre_req_pre"": ""0"", ""buy_4th_pre_bid"": ""+11990"", ""buy_4th_pre_req"": ""631"", ""buy_4th_pre_req_pre"": ""0"", ""buy_5th_pre_bid"": ""+11980"", ""buy_5th_pre_req"": ""340"", ""buy_5th_pre_req_pre"": ""0"", ""buy_6th_pre_bid"": ""+11970"", ""buy_6th_pre_req"": ""63"", ""buy_6th_pre_req_pre"": ""0"", ""buy_7th_pre_bid"": ""11950"", ""buy_7th_pre_req"": ""350"", ""buy_7th_pre_req_pre"": ""0"", ""buy_8th_pre_bid"": ""-11900"", ""buy_8th_pre_req"": ""147"", ""buy_8th_pre_req_pre"": ""0"", ""buy_9th_pre_bid"": ""-11850"", ""buy_9th_pre_req"": ""30"", ""buy_9th_pre_req_pre"": ""0"", ""buy_10th_pre_bid"": ""-11840"", ""buy_10th_pre_req"": ""25"", ""buy_10th_pre_req_pre"": ""0"", ""tot_sel_req_jub_pre"": ""0"", ""tot_sel_req"": ""1854"", ""tot_buy_req"": ""2344"", ""tot_buy_req_jub_pre"": ""--9"", ""ovt_sel_req_pre"": ""0"", ""ovt_sel_req"": ""0"", ""ovt_buy_req"": ""0"", ""ovt_buy_req_pre"": ""0"", ""return_code"": 0, ""return_msg"": ""정상적으로 처리되었습니다""}"
2026-06-10,watchlist,281820,,0,filtered_candidate_recheck,67500,,67500,67200,67500,67400,-0.2962962962962963,0.4444444444444444,,,,,,"{""bid_req_base_tm"": ""102536"", ""sel_10th_pre_req_pre"": ""0"", ""sel_10th_pre_req"": ""310"", ""sel_10th_pre_bid"": ""+68600"", ""sel_9th_pre_req_pre"": ""0"", ""sel_9th_pre_req"": ""188"", ""sel_9th_pre_bid"": ""+68500"", ""sel_8th_pre_req_pre"": ""0"", ""sel_8th_pre_req"": ""233"", ""sel_8th_pre_bid"": ""+68400"", ""sel_7th_pre_req_pre"": ""0"", ""sel_7th_pre_req"": ""55"", ""sel_7th_pre_bid"": ""+68300"", ""sel_6th_pre_req_pre"": ""0"", ""sel_6th_pre_req"": ""42"", ""sel_6th_pre_bid"": ""+68200"", ""sel_5th_pre_req_pre"": ""0"", ""sel_5th_pre_req"": ""17"", ""sel_5th_pre_bid"": ""+68100"", ""sel_4th_pre_req_pre"": ""0"", ""sel_4th_pre_req"": ""136"", ""sel_4th_pre_bid"": ""+68000"", ""sel_3th_pre_req_pre"": ""0"", ""sel_3th_pre_req"": ""83"", ""sel_3th_pre_bid"": ""+67900"", ""sel_2th_pre_req_pre"": ""0"", ""sel_2th_pre_req"": ""5"", ""sel_2th_pre_bid"": ""+67800"", ""sel_1th_pre_req_pre"": ""0"", ""sel_fpr_req"": ""145"", ""sel_fpr_bid"": ""+67500"", ""buy_fpr_bid"": ""+67200"", ""buy_fpr_req"": ""190"", ""buy_1th_pre_req_pre"": ""+13"", ""buy_2th_pre_bid"": ""+67100"", ""buy_2th_pre_req"": ""142"", ""buy_2th_pre_req_pre"": ""0"", ""buy_3th_pre_bid"": ""+67000"", ""buy_3th_pre_req"": ""86"", ""buy_3th_pre_req_pre"": ""0"", ""buy_4th_pre_bid"": ""+66900"", ""buy_4th_pre_req"": ""179"", ""buy_4th_pre_req_pre"": ""0"", ""buy_5th_pre_bid"": ""+66800"", ""buy_5th_pre_req"": ""31"", ""buy_5th_pre_req_pre"": ""0"", ""buy_6th_pre_bid"": ""+66700"", ""buy_6th_pre_req"": ""4"", ""buy_6th_pre_req_pre"": ""0"", ""buy_7th_pre_bid"": ""+66600"", ""buy_7th_pre_req"": ""32"", ""buy_7th_pre_req_pre"": ""0"", ""buy_8th_pre_bid"": ""+66500"", ""buy_8th_pre_req"": ""105"", ""buy_8th_pre_req_pre"": ""0"", ""buy_9th_pre_bid"": ""66400"", ""buy_9th_pre_req"": ""117"", ""buy_9th_pre_req_pre"": ""0"", ""buy_10th_pre_bid"": ""-66300"", ""buy_10th_pre_req"": ""7"", ""buy_10th_pre_req_pre"": ""0"", ""tot_sel_req_jub_pre"": ""0"", ""tot_sel_req"": ""1214"", ""tot_buy_req"": ""893"", ""tot_buy_req_jub_pre"": ""+13"", ""ovt_sel_req_pre"": ""0"", ""ovt_sel_req"": ""0"", ""ovt_buy_req"": ""0"", ""ovt_buy_req_pre"": ""0"", ""return_code"": 0, ""return_msg"": ""정상적으로 처리되었습니다""}"
2026-06-10,watchlist,489790,,0,filtered_candidate_recheck,69800,,69800,69700,69800,69600,-0.42979942693409745,0.14326647564469913,,,,,,"{""bid_req_base_tm"": ""102537"", ""sel_10th_pre_req_pre"": ""0"", ""sel_10th_pre_req"": ""16"", ""sel_10th_pre_bid"": ""+70800"", ""sel_9th_pre_req_pre"": ""0"", ""sel_9th_pre_req"": ""1071"", ""sel_9th_pre_bid"": ""+70700"", ""sel_8th_pre_req_pre"": ""0"", ""sel_8th_pre_req"": ""670"", ""sel_8th_pre_bid"": ""+70600"", ""sel_7th_pre_req_pre"": ""0"", ""sel_7th_pre_req"": ""348"", ""sel_7th_pre_bid"": ""+70500"", ""sel_6th_pre_req_pre"": ""0"", ""sel_6th_pre_req"": ""50"", ""sel_6th_pre_bid"": ""+70400"", ""sel_5th_pre_req_pre"": ""0"", ""sel_5th_pre_req"": ""132"", ""sel_5th_pre_bid"": ""+70300"", ""sel_4th_pre_req_pre"": ""0"", ""sel_4th_pre_req"": ""163"", ""sel_4th_pre_bid"": ""+70200"", ""sel_3th_pre_req_pre"": ""0"", ""sel_3th_pre_req"": ""80"", ""sel_3th_pre_bid"": ""+70100"", ""sel_2th_pre_req_pre"": ""0"", ""sel_2th_pre_req"": ""72"", ""sel_2th_pre_bid"": ""+69900"", ""sel_1th_pre_req_pre"": ""0"", ""sel_fpr_req"": ""39"", ""sel_fpr_bid"": ""+69800"", ""buy_fpr_bid"": ""+69700"", ""buy_fpr_req"": ""7"", ""buy_1th_pre_req_pre"": ""0"", ""buy_2th_pre_bid"": ""+69600"", ""buy_2th_pre_req"": ""102"", ""buy_2th_pre_req_pre"": ""0"", ""buy_3th_pre_bid"": ""+69500"", ""buy_3th_pre_req"": ""44"", ""buy_3th_pre_req_pre"": ""0"", ""buy_4th_pre_bid"": ""+69400"", ""buy_4th_pre_req"": ""115"", ""buy_4th_pre_req_pre"": ""0"", ""buy_5th_pre_bid"": ""+69300"", ""buy_5th_pre_req"": ""15"", ""buy_5th_pre_req_pre"": ""+5"", ""buy_6th_pre_bid"": ""+69200"", ""buy_6th_pre_req"": ""226"", ""buy_6th_pre_req_pre"": ""0"", ""buy_7th_pre_bid"": ""+69000"", ""buy_7th_pre_req"": ""347"", ""buy_7th_pre_req_pre"": ""0"", ""buy_8th_pre_bid"": ""+68900"", ""buy_8th_pre_req"": ""133"", ""buy_8th_pre_req_pre"": ""0"", ""buy_9th_pre_bid"": ""+68800"", ""buy_9th_pre_req"": ""26"", ""buy_9th_pre_req_pre"": ""0"", ""buy_10th_pre_bid"": ""+68700"", ""buy_10th_pre_req"": ""36"", ""buy_10th_pre_req_pre"": ""0"", ""tot_sel_req_jub_pre"": ""0"", ""tot_sel_req"": ""2641"", ""tot_buy_req"": ""1051"", ""tot_buy_req_jub_pre"": ""+5"", ""ovt_sel_req_pre"": ""0"", ""ovt_sel_req"": ""0"", ""ovt_buy_req"": ""0"", ""ovt_buy_req_pre"": ""0"", ""return_code"": 0, ""return_msg"": ""정상적으로 처리되었습니다""}"
2026-06-10,watchlist,092200,,0,filtered_candidate_recheck,9740,,9740,9730,9740,9790,0.41067761806981523,0.10266940451745381,,,,,,"{""bid_req_base_tm"": ""102537"", ""sel_10th_pre_req_pre"": ""0"", ""sel_10th_pre_req"": ""105"", ""sel_10th_pre_bid"": ""-9860"", ""sel_9th_pre_req_pre"": ""0"", ""sel_9th_pre_req"": ""128"", ""sel_9th_pre_bid"": ""-9850"", ""sel_8th_pre_req_pre"": ""0"", ""sel_8th_pre_req"": ""50"", ""sel_8th_pre_bid"": ""-9830"", ""sel_7th_pre_req_pre"": ""0"", ""sel_7th_pre_req"": ""77"", ""sel_7th_pre_bid"": ""-9820"", ""sel_6th_pre_req_pre"": ""0"", ""sel_6th_pre_req"": ""854"", ""sel_6th_pre_bid"": ""-9810"", ""sel_5th_pre_req_pre"": ""0"", ""sel_5th_pre_req"": ""16"", ""sel_5th_pre_bid"": ""-9790"", ""sel_4th_pre_req_pre"": ""0"", ""sel_4th_pre_req"": ""53"", ""sel_4th_pre_bid"": ""-9780"", ""sel_3th_pre_req_pre"": ""0"", ""sel_3th_pre_req"": ""316"", ""sel_3th_pre_bid"": ""-9770"", ""sel_2th_pre_req_pre"": ""0"", ""sel_2th_pre_req"": ""1305"", ""sel_2th_pre_bid"": ""-9750"", ""sel_1th_pre_req_pre"": ""0"", ""sel_fpr_req"": ""2335"", ""sel_fpr_bid"": ""-9740"", ""buy_fpr_bid"": ""-9730"", ""buy_fpr_req"": ""3432"", ""buy_1th_pre_req_pre"": ""+15"", ""buy_2th_pre_bid"": ""-9720"", ""buy_2th_pre_req"": ""2065"", ""buy_2th_pre_req_pre"": ""0"", ""buy_3th_pre_bid"": ""-9710"", ""buy_3th_pre_req"": ""2796"", ""buy_3th_pre_req_pre"": ""0"", ""buy_4th_pre_bid"": ""-9700"", ""buy_4th_pre_req"": ""2606"", ""buy_4th_pre_req_pre"": ""0"", ""buy_5th_pre_bid"": ""-9690"", ""buy_5th_pre_req"": ""527"", ""buy_5th_pre_req_pre"": ""0"", ""buy_6th_pre_bid"": ""-9680"", ""buy_6th_pre_req"": ""631"", ""buy_6th_pre_req_pre"": ""0"", ""buy_7th_pre_bid"": ""-9670"", ""buy_7th_pre_req"": ""940"", ""buy_7th_pre_req_pre"": ""0"", ""buy_8th_pre_bid"": ""-9660"", ""buy_8th_pre_req"": ""874"", ""buy_8th_pre_req_pre"": ""0"", ""buy_9th_pre_bid"": ""-9650"", ""buy_9th_pre_req"": ""2071"", ""buy_9th_pre_req_pre"": ""0"", ""buy_10th_pre_bid"": ""-9640"", ""buy_10th_pre_req"": ""3434"", ""buy_10th_pre_req_pre"": ""0"", ""tot_sel_req_jub_pre"": ""0"", ""tot_sel_req"": ""5239"", ""tot_buy_req"": ""19376"", ""tot_buy_req_jub_pre"": ""+15"", ""ovt_sel_req_pre"": ""0"", ""ovt_sel_req"": ""0"", ""ovt_buy_req"": ""0"", ""ovt_buy_req_pre"": ""0"", ""return_code"": 0, ""return_msg"": ""정상적으로 처리되었습니다""}"
2026-06-10,watchlist,175330,,0,filtered_candidate_recheck,25500,,25500,25450,25500,25500,-0.19607843137254902,0.19607843137254902,,,,,,"{""bid_req_base_tm"": ""102534"", ""sel_10th_pre_req_pre"": ""0"", ""sel_10th_pre_req"": ""142"", ""sel_10th_pre_bid"": ""+25950"", ""sel_9th_pre_req_pre"": ""0"", ""sel_9th_pre_req"": ""532"", ""sel_9th_pre_bid"": ""25900"", ""sel_8th_pre_req_pre"": ""0"", ""sel_8th_pre_req"": ""454"", ""sel_8th_pre_bid"": ""-25850"", ""sel_7th_pre_req_pre"": ""0"", ""sel_7th_pre_req"": ""158"", ""sel_7th_pre_bid"": ""-25800"", ""sel_6th_pre_req_pre"": ""0"", ""sel_6th_pre_req"": ""286"", ""sel_6th_pre_bid"": ""-25750"", ""sel_5th_pre_req_pre"": ""0"", ""sel_5th_pre_req"": ""44"", ""sel_5th_pre_bid"": ""-25700"", ""sel_4th_pre_req_pre"": ""0"", ""sel_4th_pre_req"": ""335"", ""sel_4th_pre_bid"": ""-25650"", ""sel_3th_pre_req_pre"": ""0"", ""sel_3th_pre_req"": ""391"", ""sel_3th_pre_bid"": ""-25600"", ""sel_2th_pre_req_pre"": ""0"", ""sel_2th_pre_req"": ""986"", ""sel_2th_pre_bid"": ""-25550"", ""sel_1th_pre_req_pre"": ""0"", ""sel_fpr_req"": ""1193"", ""sel_fpr_bid"": ""-25500"", ""buy_fpr_bid"": ""-25450"", ""buy_fpr_req"": ""1285"", ""buy_1th_pre_req_pre"": ""+57"", ""buy_2th_pre_bid"": ""-25400"", ""buy_2th_pre_req"": ""645"", ""buy_2th_pre_req_pre"": ""0"", ""buy_3th_pre_bid"": ""-25350"", ""buy_3th_pre_req"": ""381"", ""buy_3th_pre_req_pre"": ""0"", ""buy_4th_pre_bid"": ""-25300"", ""buy_4th_pre_req"": ""389"", ""buy_4th_pre_req_pre"": ""0"", ""buy_5th_pre_bid"": ""-25250"", ""buy_5th_pre_req"": ""484"", ""buy_5th_pre_req_pre"": ""0"", ""buy_6th_pre_bid"": ""-25200"", ""buy_6th_pre_req"": ""179"", ""buy_6th_pre_req_pre"": ""0"", ""buy_7th_pre_bid"": ""-25150"", ""buy_7th_pre_req"": ""773"", ""buy_7th_pre_req_pre"": ""0"", ""buy_8th_pre_bid"": ""-25100"", ""buy_8th_pre_req"": ""475"", ""buy_8th_pre_req_pre"": ""0"", ""buy_9th_pre_bid"": ""-25050"", ""buy_9th_pre_req"": ""398"", ""buy_9th_pre_req_pre"": ""0"", ""buy_10th_pre_bid"": ""-25000"", ""buy_10th_pre_req"": ""663"", ""buy_10th_pre_req_pre"": ""0"", ""tot_sel_req_jub_pre"": ""0"", ""tot_sel_req"": ""4521"", ""tot_buy_req"": ""5672"", ""tot_buy_req_jub_pre"": ""+57"", ""ovt_sel_req_pre"": ""0"", ""ovt_sel_req"": ""0"", ""ovt_buy_req"": ""0"", ""ovt_buy_req_pre"": ""0"", ""return_code"": 0, ""return_msg"": ""정상적으로 처리되었습니다""}"
2026-06-10,watchlist,069960,,0,filtered_candidate_recheck,165400,,165400,164500,165400,165000,-0.5441354292623942,0.5441354292623942,,,,,,"{""bid_req_base_tm"": ""102534"", ""sel_10th_pre_req_pre"": ""0"", ""sel_10th_pre_req"": ""8"", ""sel_10th_pre_bid"": ""-166500"", ""sel_9th_pre_req_pre"": ""0"", ""sel_9th_pre_req"": ""10"", ""sel_9th_pre_bid"": ""-166400"", ""sel_8th_pre_req_pre"": ""0"", ""sel_8th_pre_req"": ""2"", ""sel_8th_pre_bid"": ""-166300"", ""sel_7th_pre_req_pre"": ""0"", ""sel_7th_pre_req"": ""14"", ""sel_7th_pre_bid"": ""-166100"", ""sel_6th_pre_req_pre"": ""0"", ""sel_6th_pre_req"": ""5"", ""sel_6th_pre_bid"": ""-165900"", ""sel_5th_pre_req_pre"": ""0"", ""sel_5th_pre_req"": ""122"", ""sel_5th_pre_bid"": ""-165800"", ""sel_4th_pre_req_pre"": ""0"", ""sel_4th_pre_req"": ""2"", ""sel_4th_pre_bid"": ""-165700"", ""sel_3th_pre_req_pre"": ""0"", ""sel_3th_pre_req"": ""18"", ""sel_3th_pre_bid"": ""-165600"", ""sel_2th_pre_req_pre"": ""0"", ""sel_2th_pre_req"": ""14"", ""sel_2th_pre_bid"": ""-165500"", ""sel_1th_pre_req_pre"": ""+14"", ""sel_fpr_req"": ""40"", ""sel_fpr_bid"": ""-165400"", ""buy_fpr_bid"": ""-164500"", ""buy_fpr_req"": ""104"", ""buy_1th_pre_req_pre"": ""0"", ""buy_2th_pre_bid"": ""-164400"", ""buy_2th_pre_req"": ""35"", ""buy_2th_pre_req_pre"": ""0"", ""buy_3th_pre_bid"": ""-164300"", ""buy_3th_pre_req"": ""5"", ""buy_3th_pre_req_pre"": ""0"", ""buy_4th_pre_bid"": ""-164200"", ""buy_4th_pre_req"": ""41"", ""buy_4th_pre_req_pre"": ""0"", ""buy_5th_pre_bid"": ""-163900"", ""buy_5th_pre_req"": ""55"", ""buy_5th_pre_req_pre"": ""0"", ""buy_6th_pre_bid"": ""-163800"", ""buy_6th_pre_req"": ""2"", ""buy_6th_pre_req_pre"": ""0"", ""buy_7th_pre_bid"": ""-163500"", ""buy_7th_pre_req"": ""5"", ""buy_7th_pre_req_pre"": ""0"", ""buy_8th_pre_bid"": ""-162900"", ""buy_8th_pre_req"": ""11"", ""buy_8th_pre_req_pre"": ""0"", ""buy_9th_pre_bid"": ""-162500"", ""buy_9th_pre_req"": ""5"", ""buy_9th_pre_req_pre"": ""0"", ""buy_10th_pre_bid"": ""-162400"", ""buy_10th_pre_req"": ""3"", ""buy_10th_pre_req_pre"": ""0"", ""tot_sel_req_jub_pre"": ""+14"", ""tot_sel_req"": ""235"", ""tot_buy_req"": ""266"", ""tot_buy_req_jub_pre"": ""0"", ""ovt_sel_req_pre"": ""0"", ""ovt_sel_req"": ""0"", ""ovt_buy_req"": ""0"", ""ovt_buy_req_pre"": ""0"", ""return_code"": 0, ""return_msg"": ""정상적으로 처리되었습니다""}"
2026-06-10,watchlist,001450,,0,filtered_candidate_recheck,37600,,37600,37500,37600,37350,-0.7978723404255319,0.26595744680851063,,,,,,"{""bid_req_base_tm"": ""102537"", ""sel_10th_pre_req_pre"": ""0"", ""sel_10th_pre_req"": ""530"", ""sel_10th_pre_bid"": ""+38100"", ""sel_9th_pre_req_pre"": ""0"", ""sel_9th_pre_req"": ""21"", ""sel_9th_pre_bid"": ""+38000"", ""sel_8th_pre_req_pre"": ""0"", ""sel_8th_pre_req"": ""10"", ""sel_8th_pre_bid"": ""+37950"", ""sel_7th_pre_req_pre"": ""0"", ""sel_7th_pre_req"": ""211"", ""sel_7th_pre_bid"": ""+37900"", ""sel_6th_pre_req_pre"": ""0"", ""sel_6th_pre_req"": ""107"", ""sel_6th_pre_bid"": ""+37850"", ""sel_5th_pre_req_pre"": ""0"", ""sel_5th_pre_req"": ""169"", ""sel_5th_pre_bid"": ""+37800"", ""sel_4th_pre_req_pre"": ""0"", ""sel_4th_pre_req"": ""225"", ""sel_4th_pre_bid"": ""+37750"", ""sel_3th_pre_req_pre"": ""0"", ""sel_3th_pre_req"": ""354"", ""sel_3th_pre_bid"": ""+37700"", ""sel_2th_pre_req_pre"": ""0"", ""sel_2th_pre_req"": ""842"", ""sel_2th_pre_bid"": ""+37650"", ""sel_1th_pre_req_pre"": ""0"", ""sel_fpr_req"": ""983"", ""sel_fpr_bid"": ""+37600"", ""buy_fpr_bid"": ""+37500"", ""buy_fpr_req"": ""627"", ""buy_1th_pre_req_pre"": ""+1"", ""buy_2th_pre_bid"": ""+37450"", ""buy_2th_pre_req"": ""40"", ""buy_2th_pre_req_pre"": ""0"", ""buy_3th_pre_bid"": ""+37400"", ""buy_3th_pre_req"": ""105"", ""buy_3th_pre_req_pre"": ""0"", ""buy_4th_pre_bid"": ""+37350"", ""buy_4th_pre_req"": ""85"", ""buy_4th_pre_req_pre"": ""0"", ""buy_5th_pre_bid"": ""+37300"", ""buy_5th_pre_req"": ""124"", ""buy_5th_pre_req_pre"": ""0"", ""buy_6th_pre_bid"": ""+37250"", ""buy_6th_pre_req"": ""241"", ""buy_6th_pre_req_pre"": ""0"", ""buy_7th_pre_bid"": ""+37200"", ""buy_7th_pre_req"": ""486"", ""buy_7th_pre_req_pre"": ""0"", ""buy_8th_pre_bid"": ""+37150"", ""buy_8th_pre_req"": ""1"", ""buy_8th_pre_req_pre"": ""0"", ""buy_9th_pre_bid"": ""+37100"", ""buy_9th_pre_req"": ""56"", ""buy_9th_pre_req_pre"": ""0"", ""buy_10th_pre_bid"": ""+37050"", ""buy_10th_pre_req"": ""7"", ""buy_10th_pre_req_pre"": ""0"", ""tot_sel_req_jub_pre"": ""0"", ""tot_sel_req"": ""3452"", ""tot_buy_req"": ""1772"", ""tot_buy_req_jub_pre"": ""+1"", ""ovt_sel_req_pre"": ""0"", ""ovt_sel_req"": ""0"", ""ovt_buy_req"": ""0"", ""ovt_buy_req_pre"": ""0"", ""return_code"": 0, ""return_msg"": ""정상적으로 처리되었습니다""}"
2026-06-10,watchlist,011070,,0,filtered_candidate_recheck,1091000,,1091000,1088000,1091000,1090000,-0.18331805682859761,0.27497708524289644,,,,,,"{""bid_req_base_tm"": ""102538"", ""sel_10th_pre_req_pre"": ""0"", ""sel_10th_pre_req"": ""55"", ""sel_10th_pre_bid"": ""-1100000"", ""sel_9th_pre_req_pre"": ""0"", ""sel_9th_pre_req"": ""75"", ""sel_9th_pre_bid"": ""-1099000"", ""sel_8th_pre_req_pre"": ""0"", ""sel_8th_pre_req"": ""11"", ""sel_8th_pre_bid"": ""-1098000"", ""sel_7th_pre_req_pre"": ""0"", ""sel_7th_pre_req"": ""10"", ""sel_7th_pre_bid"": ""-1097000"", ""sel_6th_pre_req_pre"": ""0"", ""sel_6th_pre_req"": ""7"", ""sel_6th_pre_bid"": ""-1096000"", ""sel_5th_pre_req_pre"": ""0"", ""sel_5th_pre_req"": ""19"", ""sel_5th_pre_bid"": ""-1095000"", ""sel_4th_pre_req_pre"": ""0"", ""sel_4th_pre_req"": ""69"", ""sel_4th_pre_bid"": ""-1094000"", ""sel_3th_pre_req_pre"": ""0"", ""sel_3th_pre_req"": ""22"", ""sel_3th_pre_bid"": ""-1093000"", ""sel_2th_pre_req_pre"": ""0"", ""sel_2th_pre_req"": ""166"", ""sel_2th_pre_bid"": ""-1092000"", ""sel_1th_pre_req_pre"": ""+50"", ""sel_fpr_req"": ""93"", ""sel_fpr_bid"": ""-1091000"", ""buy_fpr_bid"": ""-1088000"", ""buy_fpr_req"": ""30"", ""buy_1th_pre_req_pre"": ""0"", ""buy_2th_pre_bid"": ""-1087000"", ""buy_2th_pre_req"": ""51"", ""buy_2th_pre_req_pre"": ""0"", ""buy_3th_pre_bid"": ""-1086000"", ""buy_3th_pre_req"": ""199"", ""buy_3th_pre_req_pre"": ""0"", ""buy_4th_pre_bid"": ""-1085000"", ""buy_4th_pre_req"": ""79"", ""buy_4th_pre_req_pre"": ""0"", ""buy_5th_pre_bid"": ""-1084000"", ""buy_5th_pre_req"": ""40"", ""buy_5th_pre_req_pre"": ""0"", ""buy_6th_pre_bid"": ""-1083000"", ""buy_6th_pre_req"": ""21"", ""buy_6th_pre_req_pre"": ""0"", ""buy_7th_pre_bid"": ""-1082000"", ""buy_7th_pre_req"": ""59"", ""buy_7th_pre_req_pre"": ""0"", ""buy_8th_pre_bid"": ""-1081000"", ""buy_8th_pre_req"": ""32"", ""buy_8th_pre_req_pre"": ""0"", ""buy_9th_pre_bid"": ""-1080000"", ""buy_9th_pre_req"": ""41"", ""buy_9th_pre_req_pre"": ""0"", ""buy_10th_pre_bid"": ""-1079000"", ""buy_10th_pre_req"": ""25"", ""buy_10th_pre_req_pre"": ""0"", ""tot_sel_req_jub_pre"": ""+50"", ""tot_sel_req"": ""527"", ""tot_buy_req"": ""577"", ""tot_buy_req_jub_pre"": ""0"", ""ovt_sel_req_pre"": ""0"", ""ovt_sel_req"": ""0"", ""ovt_buy_req"": ""0"", ""ovt_buy_req_pre"": ""0"", ""return_code"": 0, ""return_msg"": ""정상적으로 처리되었습니다""}"
2026-06-10,scan_candidate,005930,,0,main_scan,307500,,307500,307000,307500,308500,0.16260162601626016,0.16260162601626016,,,,,,"{""bid_req_base_tm"": ""102717"", ""sel_10th_pre_req_pre"": ""0"", ""sel_10th_pre_req"": ""35451"", ""sel_10th_pre_bid"": ""-312000"", ""sel_9th_pre_req_pre"": ""0"", ""sel_9th_pre_req"": ""16947"", ""sel_9th_pre_bid"": ""-311500"", ""sel_8th_pre_req_pre"": ""0"", ""sel_8th_pre_req"": ""14772"", ""sel_8th_pre_bid"": ""-311000"", ""sel_7th_pre_req_pre"": ""0"", ""sel_7th_pre_req"": ""9622"", ""sel_7th_pre_bid"": ""-310500"", ""sel_6th_pre_req_pre"": ""0"", ""sel_6th_pre_req"": ""8554"", ""sel_6th_pre_bid"": ""-310000"", ""sel_5th_pre_req_pre"": ""0"", ""sel_5th_pre_req"": ""4632"", ""sel_5th_pre_bid"": ""-309500"", ""sel_4th_pre_req_pre"": ""0"", ""sel_4th_pre_req"": ""6604"", ""sel_4th_pre_bid"": ""-309000"", ""sel_3th_pre_req_pre"": ""0"", ""sel_3th_pre_req"": ""13085"", ""sel_3th_pre_bid"": ""-308500"", ""sel_2th_pre_req_pre"": ""0"", ""sel_2th_pre_req"": ""23323"", ""sel_2th_pre_bid"": ""-308000"", ""sel_1th_pre_req_pre"": ""0"", ""sel_fpr_req"": ""19400"", ""sel_fpr_bid"": ""-307500"", ""buy_fpr_bid"": ""-307000"", ""buy_fpr_req"": ""10369"", ""buy_1th_pre_req_pre"": ""+4"", ""buy_2th_pre_bid"": ""-306500"", ""buy_2th_pre_req"": ""29057"", ""buy_2th_pre_req_pre"": ""0"", ""buy_3th_pre_bid"": ""-306000"", ""buy_3th_pre_req"": ""80668"", ""buy_3th_pre_req_pre"": ""0"", ""buy_4th_pre_bid"": ""-305500"", ""buy_4th_pre_req"": ""91938"", ""buy_4th_pre_req_pre"": ""0"", ""buy_5th_pre_bid"": ""-305000"", ""buy_5th_pre_req"": ""212067"", ""buy_5th_pre_req_pre"": ""+2"", ""buy_6th_pre_bid"": ""-304500"", ""buy_6th_pre_req"": ""29285"", ""buy_6th_pre_req_pre"": ""0"", ""buy_7th_pre_bid"": ""-304000"", ""buy_7th_pre_req"": ""44109"", ""buy_7th_pre_req_pre"": ""+1"", ""buy_8th_pre_bid"": ""-303500"", ""buy_8th_pre_req"": ""39036"", ""buy_8th_pre_req_pre"": ""0"", ""buy_9th_pre_bid"": ""-303000"", ""buy_9th_pre_req"": ""72809"", ""buy_9th_pre_req_pre"": ""+1"", ""buy_10th_pre_bid"": ""-302500"", ""buy_10th_pre_req"": ""46736"", ""buy_10th_pre_req_pre"": ""0"", ""tot_sel_req_jub_pre"": ""0"", ""tot_sel_req"": ""152390"", ""tot_buy_req"": ""656074"", ""tot_buy_req_jub_pre"": ""+8"", ""ovt_sel_req_pre"": ""0"", ""ovt_sel_req"": ""0"", ""ovt_buy_req"": ""0"", ""ovt_buy_req_pre"": ""0"", ""return_code"": 0, ""return_msg"": ""정상적으로 처리되었습니다""}"
2026-06-10,scan_candidate,000660,,0,main_scan,2136000,,2136000,2135000,2136000,2139000,0.09363295880149813,0.04681647940074907,,,,,,"{""bid_req_base_tm"": ""102717"", ""sel_10th_pre_req_pre"": ""0"", ""sel_10th_pre_req"": ""383"", ""sel_10th_pre_bid"": ""-2145000"", ""sel_9th_pre_req_pre"": ""0"", ""sel_9th_pre_req"": ""163"", ""sel_9th_pre_bid"": ""-2144000"", ""sel_8th_pre_req_pre"": ""0"", ""sel_8th_pre_req"": ""62"", ""sel_8th_pre_bid"": ""-2143000"", ""sel_7th_pre_req_pre"": ""0"", ""sel_7th_pre_req"": ""139"", ""sel_7th_pre_bid"": ""-2142000"", ""sel_6th_pre_req_pre"": ""0"", ""sel_6th_pre_req"": ""23"", ""sel_6th_pre_bid"": ""-2141000"", ""sel_5th_pre_req_pre"": ""0"", ""sel_5th_pre_req"": ""51"", ""sel_5th_pre_bid"": ""-2140000"", ""sel_4th_pre_req_pre"": ""0"", ""sel_4th_pre_req"": ""290"", ""sel_4th_pre_bid"": ""-2139000"", ""sel_3th_pre_req_pre"": ""0"", ""sel_3th_pre_req"": ""298"", ""sel_3th_pre_bid"": ""-2138000"", ""sel_2th_pre_req_pre"": ""0"", ""sel_2th_pre_req"": ""205"", ""sel_2th_pre_bid"": ""-2137000"", ""sel_1th_pre_req_pre"": ""0"", ""sel_fpr_req"": ""36"", ""sel_fpr_bid"": ""-2136000"", ""buy_fpr_bid"": ""-2135000"", ""buy_fpr_req"": ""49"", ""buy_1th_pre_req_pre"": ""0"", ""buy_2th_pre_bid"": ""-2134000"", ""buy_2th_pre_req"": ""354"", ""buy_2th_pre_req_pre"": ""0"", ""buy_3th_pre_bid"": ""-2133000"", ""buy_3th_pre_req"": ""1584"", ""buy_3th_pre_req_pre"": ""0"", ""buy_4th_pre_bid"": ""-2132000"", ""buy_4th_pre_req"": ""268"", ""buy_4th_pre_req_pre"": ""0"", ""buy_5th_pre_bid"": ""-2131000"", ""buy_5th_pre_req"": ""294"", ""buy_5th_pre_req_pre"": ""0"", ""buy_6th_pre_bid"": ""-2130000"", ""buy_6th_pre_req"": ""1608"", ""buy_6th_pre_req_pre"": ""+1"", ""buy_7th_pre_bid"": ""-2129000"", ""buy_7th_pre_req"": ""161"", ""buy_7th_pre_req_pre"": ""--1"", ""buy_8th_pre_bid"": ""-2128000"", ""buy_8th_pre_req"": ""496"", ""buy_8th_pre_req_pre"": ""0"", ""buy_9th_pre_bid"": ""-2127000"", ""buy_9th_pre_req"": ""243"", ""buy_9th_pre_req_pre"": ""0"", ""buy_10th_pre_bid"": ""-2126000"", ""buy_10th_pre_req"": ""221"", ""buy_10th_pre_req_pre"": ""0"", ""tot_sel_req_jub_pre"": ""0"", ""tot_sel_req"": ""1650"", ""tot_buy_req"": ""5278"", ""tot_buy_req_jub_pre"": ""0"", ""ovt_sel_req_pre"": ""0"", ""ovt_sel_req"": ""0"", ""ovt_buy_req"": ""0"", ""ovt_buy_req_pre"": ""0"", ""return_code"": 0, ""return_msg"": ""정상적으로 처리되었습니다""}"
2026-06-10,scan_candidate,402340,,0,main_scan,1222000,,1222000,1221000,1222000,1219000,-0.32733224222585927,0.08183306055646482,,,,,,"{""bid_req_base_tm"": ""102717"", ""sel_10th_pre_req_pre"": ""0"", ""sel_10th_pre_req"": ""11"", ""sel_10th_pre_bid"": ""-1231000"", ""sel_9th_pre_req_pre"": ""0"", ""sel_9th_pre_req"": ""34"", ""sel_9th_pre_bid"": ""-1230000"", ""sel_8th_pre_req_pre"": ""0"", ""sel_8th_pre_req"": ""26"", ""sel_8th_pre_bid"": ""-1229000"", ""sel_7th_pre_req_pre"": ""0"", ""sel_7th_pre_req"": ""61"", ""sel_7th_pre_bid"": ""-1228000"", ""sel_6th_pre_req_pre"": ""0"", ""sel_6th_pre_req"": ""177"", ""sel_6th_pre_bid"": ""-1227000"", ""sel_5th_pre_req_pre"": ""0"", ""sel_5th_pre_req"": ""2"", ""sel_5th_pre_bid"": ""-1226000"", ""sel_4th_pre_req_pre"": ""0"", ""sel_4th_pre_req"": ""87"", ""sel_4th_pre_bid"": ""-1225000"", ""sel_3th_pre_req_pre"": ""0"", ""sel_3th_pre_req"": ""219"", ""sel_3th_pre_bid"": ""-1224000"", ""sel_2th_pre_req_pre"": ""+5"", ""sel_2th_pre_req"": ""97"", ""sel_2th_pre_bid"": ""-1223000"", ""sel_1th_pre_req_pre"": ""0"", ""sel_fpr_req"": ""305"", ""sel_fpr_bid"": ""-1222000"", ""buy_fpr_bid"": ""-1221000"", ""buy_fpr_req"": ""296"", ""buy_1th_pre_req_pre"": ""0"", ""buy_2th_pre_bid"": ""-1220000"", ""buy_2th_pre_req"": ""107"", ""buy_2th_pre_req_pre"": ""0"", ""buy_3th_pre_bid"": ""-1219000"", ""buy_3th_pre_req"": ""3"", ""buy_3th_pre_req_pre"": ""0"", ""buy_4th_pre_bid"": ""-1218000"", ""buy_4th_pre_req"": ""66"", ""buy_4th_pre_req_pre"": ""0"", ""buy_5th_pre_bid"": ""-1217000"", ""buy_5th_pre_req"": ""35"", ""buy_5th_pre_req_pre"": ""0"", ""buy_6th_pre_bid"": ""-1216000"", ""buy_6th_pre_req"": ""28"", ""buy_6th_pre_req_pre"": ""0"", ""buy_7th_pre_bid"": ""-1215000"", ""buy_7th_pre_req"": ""134"", ""buy_7th_pre_req_pre"": ""0"", ""buy_8th_pre_bid"": ""-1214000"", ""buy_8th_pre_req"": ""11"", ""buy_8th_pre_req_pre"": ""0"", ""buy_9th_pre_bid"": ""-1213000"", ""buy_9th_pre_req"": ""38"", ""buy_9th_pre_req_pre"": ""0"", ""buy_10th_pre_bid"": ""-1212000"", ""buy_10th_pre_req"": ""33"", ""buy_10th_pre_req_pre"": ""0"", ""tot_sel_req_jub_pre"": ""+5"", ""tot_sel_req"": ""1019"", ""tot_buy_req"": ""751"", ""tot_buy_req_jub_pre"": ""0"", ""ovt_sel_req_pre"": ""0"", ""ovt_sel_req"": ""0"", ""ovt_buy_req"": ""0"", ""ovt_buy_req_pre"": ""0"", ""return_code"": 0, ""return_msg"": ""정상적으로 처리되었습니다""}"
2026-06-10,scan_candidate,009150,,0,main_scan,1908000,,1908000,1907000,1908000,1908000,-0.052410901467505246,0.052410901467505246,,,,,,"{""bid_req_base_tm"": ""102717"", ""sel_10th_pre_req_pre"": ""0"", ""sel_10th_pre_req"": ""95"", ""sel_10th_pre_bid"": ""-1917000"", ""sel_9th_pre_req_pre"": ""0"", ""sel_9th_pre_req"": ""37"", ""sel_9th_pre_bid"": ""-1916000"", ""sel_8th_pre_req_pre"": ""0"", ""sel_8th_pre_req"": ""120"", ""sel_8th_pre_bid"": ""-1915000"", ""sel_7th_pre_req_pre"": ""0"", ""sel_7th_pre_req"": ""31"", ""sel_7th_pre_bid"": ""-1914000"", ""sel_6th_pre_req_pre"": ""0"", ""sel_6th_pre_req"": ""30"", ""sel_6th_pre_bid"": ""-1913000"", ""sel_5th_pre_req_pre"": ""0"", ""sel_5th_pre_req"": ""89"", ""sel_5th_pre_bid"": ""-1912000"", ""sel_4th_pre_req_pre"": ""0"", ""sel_4th_pre_req"": ""65"", ""sel_4th_pre_bid"": ""-1911000"", ""sel_3th_pre_req_pre"": ""0"", ""sel_3th_pre_req"": ""176"", ""sel_3th_pre_bid"": ""-1910000"", ""sel_2th_pre_req_pre"": ""0"", ""sel_2th_pre_req"": ""215"", ""sel_2th_pre_bid"": ""-1909000"", ""sel_1th_pre_req_pre"": ""--1"", ""sel_fpr_req"": ""5"", ""sel_fpr_bid"": ""-1908000"", ""buy_fpr_bid"": ""-1907000"", ""buy_fpr_req"": ""66"", ""buy_1th_pre_req_pre"": ""0"", ""buy_2th_pre_bid"": ""-1906000"", ""buy_2th_pre_req"": ""214"", ""buy_2th_pre_req_pre"": ""0"", ""buy_3th_pre_bid"": ""-1905000"", ""buy_3th_pre_req"": ""278"", ""buy_3th_pre_req_pre"": ""0"", ""buy_4th_pre_bid"": ""-1904000"", ""buy_4th_pre_req"": ""28"", ""buy_4th_pre_req_pre"": ""0"", ""buy_5th_pre_bid"": ""-1903000"", ""buy_5th_pre_req"": ""13"", ""buy_5th_pre_req_pre"": ""0"", ""buy_6th_pre_bid"": ""-1902000"", ""buy_6th_pre_req"": ""80"", ""buy_6th_pre_req_pre"": ""0"", ""buy_7th_pre_bid"": ""-1901000"", ""buy_7th_pre_req"": ""94"", ""buy_7th_pre_req_pre"": ""0"", ""buy_8th_pre_bid"": ""-1900000"", ""buy_8th_pre_req"": ""279"", ""buy_8th_pre_req_pre"": ""0"", ""buy_9th_pre_bid"": ""-1899000"", ""buy_9th_pre_req"": ""67"", ""buy_9th_pre_req_pre"": ""0"", ""buy_10th_pre_bid"": ""-1898000"", ""buy_10th_pre_req"": ""73"", ""buy_10th_pre_req_pre"": ""0"", ""tot_sel_req_jub_pre"": ""--1"", ""tot_sel_req"": ""863"", ""tot_buy_req"": ""1192"", ""tot_buy_req_jub_pre"": ""0"", ""ovt_sel_req_pre"": ""0"", ""ovt_sel_req"": ""0"", ""ovt_buy_req"": ""0"", ""ovt_buy_req_pre"": ""0"", ""return_code"": 0, ""return_msg"": ""정상적으로 처리되었습니다""}"
2026-06-10,scan_candidate,032830,,0,main_scan,373500,,373500,373000,373500,372000,-0.535475234270415,0.13386880856760375,,,,,,"{""bid_req_base_tm"": ""102717"", ""sel_10th_pre_req_pre"": ""0"", ""sel_10th_pre_req"": ""24"", ""sel_10th_pre_bid"": ""-378000"", ""sel_9th_pre_req_pre"": ""0"", ""sel_9th_pre_req"": ""19"", ""sel_9th_pre_bid"": ""-377500"", ""sel_8th_pre_req_pre"": ""0"", ""sel_8th_pre_req"": ""15"", ""sel_8th_pre_bid"": ""-377000"", ""sel_7th_pre_req_pre"": ""0"", ""sel_7th_pre_req"": ""23"", ""sel_7th_pre_bid"": ""-376500"", ""sel_6th_pre_req_pre"": ""0"", ""sel_6th_pre_req"": ""224"", ""sel_6th_pre_bid"": ""-376000"", ""sel_5th_pre_req_pre"": ""0"", ""sel_5th_pre_req"": ""476"", ""sel_5th_pre_bid"": ""-375500"", ""sel_4th_pre_req_pre"": ""0"", ""sel_4th_pre_req"": ""53"", ""sel_4th_pre_bid"": ""-375000"", ""sel_3th_pre_req_pre"": ""0"", ""sel_3th_pre_req"": ""353"", ""sel_3th_pre_bid"": ""-374500"", ""sel_2th_pre_req_pre"": ""0"", ""sel_2th_pre_req"": ""12"", ""sel_2th_pre_bid"": ""-374000"", ""sel_1th_pre_req_pre"": ""0"", ""sel_fpr_req"": ""332"", ""sel_fpr_bid"": ""-373500"", ""buy_fpr_bid"": ""-373000"", ""buy_fpr_req"": ""179"", ""buy_1th_pre_req_pre"": ""0"", ""buy_2th_pre_bid"": ""-372500"", ""buy_2th_pre_req"": ""105"", ""buy_2th_pre_req_pre"": ""0"", ""buy_3th_pre_bid"": ""-372000"", ""buy_3th_pre_req"": ""52"", ""buy_3th_pre_req_pre"": ""0"", ""buy_4th_pre_bid"": ""-371500"", ""buy_4th_pre_req"": ""39"", ""buy_4th_pre_req_pre"": ""0"", ""buy_5th_pre_bid"": ""-371000"", ""buy_5th_pre_req"": ""39"", ""buy_5th_pre_req_pre"": ""0"", ""buy_6th_pre_bid"": ""-370500"", ""buy_6th_pre_req"": ""89"", ""buy_6th_pre_req_pre"": ""0"", ""buy_7th_pre_bid"": ""-370000"", ""buy_7th_pre_req"": ""175"", ""buy_7th_pre_req_pre"": ""0"", ""buy_8th_pre_bid"": ""-369500"", ""buy_8th_pre_req"": ""41"", ""buy_8th_pre_req_pre"": ""0"", ""buy_9th_pre_bid"": ""-369000"", ""buy_9th_pre_req"": ""81"", ""buy_9th_pre_req_pre"": ""0"", ""buy_10th_pre_bid"": ""-368500"", ""buy_10th_pre_req"": ""147"", ""buy_10th_pre_req_pre"": ""0"", ""tot_sel_req_jub_pre"": ""0"", ""tot_sel_req"": ""1531"", ""tot_buy_req"": ""947"", ""tot_buy_req_jub_pre"": ""0"", ""ovt_sel_req_pre"": ""0"", ""ovt_sel_req"": ""0"", ""ovt_buy_req"": ""0"", ""ovt_buy_req_pre"": ""0"", ""return_code"": 0, ""return_msg"": ""정상적으로 처리되었습니다""}"
2026-06-10,scan_candidate,012330,,0,main_scan,584000,,584000,583000,584000,586000,0.17123287671232876,0.17123287671232876,,,,,,"{""bid_req_base_tm"": ""102718"", ""sel_10th_pre_req_pre"": ""0"", ""sel_10th_pre_req"": ""182"", ""sel_10th_pre_bid"": ""-593000"", ""sel_9th_pre_req_pre"": ""0"", ""sel_9th_pre_req"": ""113"", ""sel_9th_pre_bid"": ""-592000"", ""sel_8th_pre_req_pre"": ""0"", ""sel_8th_pre_req"": ""88"", ""sel_8th_pre_bid"": ""-591000"", ""sel_7th_pre_req_pre"": ""0"", ""sel_7th_pre_req"": ""328"", ""sel_7th_pre_bid"": ""-590000"", ""sel_6th_pre_req_pre"": ""0"", ""sel_6th_pre_req"": ""223"", ""sel_6th_pre_bid"": ""-589000"", ""sel_5th_pre_req_pre"": ""0"", ""sel_5th_pre_req"": ""108"", ""sel_5th_pre_bid"": ""-588000"", ""sel_4th_pre_req_pre"": ""0"", ""sel_4th_pre_req"": ""36"", ""sel_4th_pre_bid"": ""-587000"", ""sel_3th_pre_req_pre"": ""0"", ""sel_3th_pre_req"": ""63"", ""sel_3th_pre_bid"": ""-586000"", ""sel_2th_pre_req_pre"": ""0"", ""sel_2th_pre_req"": ""210"", ""sel_2th_pre_bid"": ""-585000"", ""sel_1th_pre_req_pre"": ""0"", ""sel_fpr_req"": ""192"", ""sel_fpr_bid"": ""-584000"", ""buy_fpr_bid"": ""-583000"", ""buy_fpr_req"": ""130"", ""buy_1th_pre_req_pre"": ""0"", ""buy_2th_pre_bid"": ""-582000"", ""buy_2th_pre_req"": ""429"", ""buy_2th_pre_req_pre"": ""0"", ""buy_3th_pre_bid"": ""-581000"", ""buy_3th_pre_req"": ""387"", ""buy_3th_pre_req_pre"": ""+110"", ""buy_4th_pre_bid"": ""-580000"", ""buy_4th_pre_req"": ""547"", ""buy_4th_pre_req_pre"": ""--110"", ""buy_5th_pre_bid"": ""-579000"", ""buy_5th_pre_req"": ""92"", ""buy_5th_pre_req_pre"": ""0"", ""buy_6th_pre_bid"": ""-578000"", ""buy_6th_pre_req"": ""184"", ""buy_6th_pre_req_pre"": ""0"", ""buy_7th_pre_bid"": ""-577000"", ""buy_7th_pre_req"": ""373"", ""buy_7th_pre_req_pre"": ""0"", ""buy_8th_pre_bid"": ""-576000"", ""buy_8th_pre_req"": ""773"", ""buy_8th_pre_req_pre"": ""0"", ""buy_9th_pre_bid"": ""-575000"", ""buy_9th_pre_req"": ""1231"", ""buy_9th_pre_req_pre"": ""0"", ""buy_10th_pre_bid"": ""-574000"", ""buy_10th_pre_req"": ""640"", ""buy_10th_pre_req_pre"": ""0"", ""tot_sel_req_jub_pre"": ""0"", ""tot_sel_req"": ""1543"", ""tot_buy_req"": ""4786"", ""tot_buy_req_jub_pre"": ""0"", ""ovt_sel_req_pre"": ""0"", ""ovt_sel_req"": ""0"", ""ovt_buy_req"": ""0"", ""ovt_buy_req_pre"": ""0"", ""return_code"": 0, ""return_msg"": ""정상적으로 처리되었습니다""}"
2026-06-10,scan_candidate,055550,,0,main_scan,99500,,99500,99400,99500,99400,-0.20100502512562815,0.10050251256281408,,,,,,"{""bid_req_base_tm"": ""102718"", ""sel_10th_pre_req_pre"": ""0"", ""sel_10th_pre_req"": ""948"", ""sel_10th_pre_bid"": ""-100400"", ""sel_9th_pre_req_pre"": ""0"", ""sel_9th_pre_req"": ""407"", ""sel_9th_pre_bid"": ""-100300"", ""sel_8th_pre_req_pre"": ""0"", ""sel_8th_pre_req"": ""176"", ""sel_8th_pre_bid"": ""-100200"", ""sel_7th_pre_req_pre"": ""0"", ""sel_7th_pre_req"": ""3"", ""sel_7th_pre_bid"": ""-100100"", ""sel_6th_pre_req_pre"": ""0"", ""sel_6th_pre_req"": ""62"", ""sel_6th_pre_bid"": ""-100000"", ""sel_5th_pre_req_pre"": ""0"", ""sel_5th_pre_req"": ""71"", ""sel_5th_pre_bid"": ""-99900"", ""sel_4th_pre_req_pre"": ""0"", ""sel_4th_pre_req"": ""728"", ""sel_4th_pre_bid"": ""-99800"", ""sel_3th_pre_req_pre"": ""--1"", ""sel_3th_pre_req"": ""81"", ""sel_3th_pre_bid"": ""-99700"", ""sel_2th_pre_req_pre"": ""--33"", ""sel_2th_pre_req"": ""110"", ""sel_2th_pre_bid"": ""-99600"", ""sel_1th_pre_req_pre"": ""0"", ""sel_fpr_req"": ""1173"", ""sel_fpr_bid"": ""-99500"", ""buy_fpr_bid"": ""-99400"", ""buy_fpr_req"": ""251"", ""buy_1th_pre_req_pre"": ""0"", ""buy_2th_pre_bid"": ""-99300"", ""buy_2th_pre_req"": ""25"", ""buy_2th_pre_req_pre"": ""0"", ""buy_3th_pre_bid"": ""-99200"", ""buy_3th_pre_req"": ""662"", ""buy_3th_pre_req_pre"": ""0"", ""buy_4th_pre_bid"": ""-99100"", ""buy_4th_pre_req"": ""138"", ""buy_4th_pre_req_pre"": ""0"", ""buy_5th_pre_bid"": ""-99000"", ""buy_5th_pre_req"": ""288"", ""buy_5th_pre_req_pre"": ""0"", ""buy_6th_pre_bid"": ""-98900"", ""buy_6th_pre_req"": ""146"", ""buy_6th_pre_req_pre"": ""0"", ""buy_7th_pre_bid"": ""-98800"", ""buy_7th_pre_req"": ""155"", ""buy_7th_pre_req_pre"": ""0"", ""buy_8th_pre_bid"": ""-98700"", ""buy_8th_pre_req"": ""234"", ""buy_8th_pre_req_pre"": ""0"", ""buy_9th_pre_bid"": ""-98600"", ""buy_9th_pre_req"": ""151"", ""buy_9th_pre_req_pre"": ""0"", ""buy_10th_pre_bid"": ""-98500"", ""buy_10th_pre_req"": ""980"", ""buy_10th_pre_req_pre"": ""0"", ""tot_sel_req_jub_pre"": ""--34"", ""tot_sel_req"": ""3759"", ""tot_buy_req"": ""3030"", ""tot_buy_req_jub_pre"": ""0"", ""ovt_sel_req_pre"": ""0"", ""ovt_sel_req"": ""0"", ""ovt_buy_req"": ""0"", ""ovt_buy_req_pre"": ""0"", ""return_code"": 0, ""return_msg"": ""정상적으로 처리되었습니다""}"
2026-06-10,scan_candidate,034730,,0,main_scan,586000,,586000,585000,586000,585000,-0.3412969283276451,0.17064846416382254,,,,,,"{""bid_req_base_tm"": ""102718"", ""sel_10th_pre_req_pre"": ""0"", ""sel_10th_pre_req"": ""279"", ""sel_10th_pre_bid"": ""+595000"", ""sel_9th_pre_req_pre"": ""0"", ""sel_9th_pre_req"": ""296"", ""sel_9th_pre_bid"": ""594000"", ""sel_8th_pre_req_pre"": ""0"", ""sel_8th_pre_req"": ""86"", ""sel_8th_pre_bid"": ""-593000"", ""sel_7th_pre_req_pre"": ""0"", ""sel_7th_pre_req"": ""20"", ""sel_7th_pre_bid"": ""-592000"", ""sel_6th_pre_req_pre"": ""0"", ""sel_6th_pre_req"": ""4"", ""sel_6th_pre_bid"": ""-591000"", ""sel_5th_pre_req_pre"": ""0"", ""sel_5th_pre_req"": ""2"", ""sel_5th_pre_bid"": ""-590000"", ""sel_4th_pre_req_pre"": ""0"", ""sel_4th_pre_req"": ""2"", ""sel_4th_pre_bid"": ""-589000"", ""sel_3th_pre_req_pre"": ""0"", ""sel_3th_pre_req"": ""13"", ""sel_3th_pre_bid"": ""-588000"", ""sel_2th_pre_req_pre"": ""0"", ""sel_2th_pre_req"": ""106"", ""sel_2th_pre_bid"": ""-587000"", ""sel_1th_pre_req_pre"": ""0"", ""sel_fpr_req"": ""82"", ""sel_fpr_bid"": ""-586000"", ""buy_fpr_bid"": ""-585000"", ""buy_fpr_req"": ""151"", ""buy_1th_pre_req_pre"": ""+10"", ""buy_2th_pre_bid"": ""-584000"", ""buy_2th_pre_req"": ""147"", ""buy_2th_pre_req_pre"": ""0"", ""buy_3th_pre_bid"": ""-583000"", ""buy_3th_pre_req"": ""56"", ""buy_3th_pre_req_pre"": ""0"", ""buy_4th_pre_bid"": ""-582000"", ""buy_4th_pre_req"": ""90"", ""buy_4th_pre_req_pre"": ""0"", ""buy_5th_pre_bid"": ""-581000"", ""buy_5th_pre_req"": ""111"", ""buy_5th_pre_req_pre"": ""0"", ""buy_6th_pre_bid"": ""-580000"", ""buy_6th_pre_req"": ""113"", ""buy_6th_pre_req_pre"": ""0"", ""buy_7th_pre_bid"": ""-579000"", ""buy_7th_pre_req"": ""13"", ""buy_7th_pre_req_pre"": ""0"", ""buy_8th_pre_bid"": ""-578000"", ""buy_8th_pre_req"": ""122"", ""buy_8th_pre_req_pre"": ""0"", ""buy_9th_pre_bid"": ""-577000"", ""buy_9th_pre_req"": ""26"", ""buy_9th_pre_req_pre"": ""0"", ""buy_10th_pre_bid"": ""-576000"", ""buy_10th_pre_req"": ""48"", ""buy_10th_pre_req_pre"": ""0"", ""tot_sel_req_jub_pre"": ""0"", ""tot_sel_req"": ""890"", ""tot_buy_req"": ""877"", ""tot_buy_req_jub_pre"": ""+10"", ""ovt_sel_req_pre"": ""0"", ""ovt_sel_req"": ""0"", ""ovt_buy_req"": ""0"", ""ovt_buy_req_pre"": ""0"", ""return_code"": 0, ""return_msg"": ""정상적으로 처리되었습니다""}"
2026-06-10,scan_candidate,066570,,0,main_scan,233000,,233000,232500,233000,234000,0.2145922746781116,0.2145922746781116,,,,,,"{""bid_req_base_tm"": ""102718"", ""sel_10th_pre_req_pre"": ""0"", ""sel_10th_pre_req"": ""1715"", ""sel_10th_pre_bid"": ""-237500"", ""sel_9th_pre_req_pre"": ""0"", ""sel_9th_pre_req"": ""1496"", ""sel_9th_pre_bid"": ""-237000"", ""sel_8th_pre_req_pre"": ""0"", ""sel_8th_pre_req"": ""1170"", ""sel_8th_pre_bid"": ""-236500"", ""sel_7th_pre_req_pre"": ""0"", ""sel_7th_pre_req"": ""2885"", ""sel_7th_pre_bid"": ""-236000"", ""sel_6th_pre_req_pre"": ""0"", ""sel_6th_pre_req"": ""2157"", ""sel_6th_pre_bid"": ""-235500"", ""sel_5th_pre_req_pre"": ""0"", ""sel_5th_pre_req"": ""3364"", ""sel_5th_pre_bid"": ""-235000"", ""sel_4th_pre_req_pre"": ""0"", ""sel_4th_pre_req"": ""1908"", ""sel_4th_pre_bid"": ""-234500"", ""sel_3th_pre_req_pre"": ""0"", ""sel_3th_pre_req"": ""1042"", ""sel_3th_pre_bid"": ""-234000"", ""sel_2th_pre_req_pre"": ""0"", ""sel_2th_pre_req"": ""2884"", ""sel_2th_pre_bid"": ""-233500"", ""sel_1th_pre_req_pre"": ""0"", ""sel_fpr_req"": ""5490"", ""sel_fpr_bid"": ""-233000"", ""buy_fpr_bid"": ""-232500"", ""buy_fpr_req"": ""1040"", ""buy_1th_pre_req_pre"": ""0"", ""buy_2th_pre_bid"": ""-232000"", ""buy_2th_pre_req"": ""6652"", ""buy_2th_pre_req_pre"": ""0"", ""buy_3th_pre_bid"": ""-231500"", ""buy_3th_pre_req"": ""4708"", ""buy_3th_pre_req_pre"": ""+3"", ""buy_4th_pre_bid"": ""-231000"", ""buy_4th_pre_req"": ""10034"", ""buy_4th_pre_req_pre"": ""0"", ""buy_5th_pre_bid"": ""-230500"", ""buy_5th_pre_req"": ""13184"", ""buy_5th_pre_req_pre"": ""0"", ""buy_6th_pre_bid"": ""-230000"", ""buy_6th_pre_req"": ""38798"", ""buy_6th_pre_req_pre"": ""0"", ""buy_7th_pre_bid"": ""-229500"", ""buy_7th_pre_req"": ""5259"", ""buy_7th_pre_req_pre"": ""0"", ""buy_8th_pre_bid"": ""-229000"", ""buy_8th_pre_req"": ""7584"", ""buy_8th_pre_req_pre"": ""0"", ""buy_9th_pre_bid"": ""-228500"", ""buy_9th_pre_req"": ""7334"", ""buy_9th_pre_req_pre"": ""0"", ""buy_10th_pre_bid"": ""-228000"", ""buy_10th_pre_req"": ""13603"", ""buy_10th_pre_req_pre"": ""0"", ""tot_sel_req_jub_pre"": ""0"", ""tot_sel_req"": ""24111"", ""tot_buy_req"": ""108196"", ""tot_buy_req_jub_pre"": ""+3"", ""ovt_sel_req_pre"": ""0"", ""ovt_sel_req"": ""0"", ""ovt_buy_req"": ""0"", ""ovt_buy_req_pre"": ""0"", ""return_code"": 0, ""return_msg"": ""정상적으로 처리되었습니다""}"
2026-06-10,scan_candidate,035420,,0,main_scan,236000,,236000,235500,236000,237500,0.423728813559322,0.211864406779661,,,,,,"{""bid_req_base_tm"": ""102719"", ""sel_10th_pre_req_pre"": ""0"", ""sel_10th_pre_req"": ""3319"", ""sel_10th_pre_bid"": ""-240500"", ""sel_9th_pre_req_pre"": ""0"", ""sel_9th_pre_req"": ""4023"", ""sel_9th_pre_bid"": ""-240000"", ""sel_8th_pre_req_pre"": ""0"", ""sel_8th_pre_req"": ""3026"", ""sel_8th_pre_bid"": ""-239500"", ""sel_7th_pre_req_pre"": ""0"", ""sel_7th_pre_req"": ""2297"", ""sel_7th_pre_bid"": ""-239000"", ""sel_6th_pre_req_pre"": ""0"", ""sel_6th_pre_req"": ""3037"", ""sel_6th_pre_bid"": ""-238500"", ""sel_5th_pre_req_pre"": ""0"", ""sel_5th_pre_req"": ""2951"", ""sel_5th_pre_bid"": ""-238000"", ""sel_4th_pre_req_pre"": ""0"", ""sel_4th_pre_req"": ""3064"", ""sel_4th_pre_bid"": ""-237500"", ""sel_3th_pre_req_pre"": ""0"", ""sel_3th_pre_req"": ""2948"", ""sel_3th_pre_bid"": ""-237000"", ""sel_2th_pre_req_pre"": ""0"", ""sel_2th_pre_req"": ""2486"", ""sel_2th_pre_bid"": ""-236500"", ""sel_1th_pre_req_pre"": ""--1"", ""sel_fpr_req"": ""8283"", ""sel_fpr_bid"": ""-236000"", ""buy_fpr_bid"": ""-235500"", ""buy_fpr_req"": ""7312"", ""buy_1th_pre_req_pre"": ""+1"", ""buy_2th_pre_bid"": ""-235000"", ""buy_2th_pre_req"": ""27978"", ""buy_2th_pre_req_pre"": ""0"", ""buy_3th_pre_bid"": ""-234500"", ""buy_3th_pre_req"": ""54160"", ""buy_3th_pre_req_pre"": ""0"", ""buy_4th_pre_bid"": ""-234000"", ""buy_4th_pre_req"": ""8483"", ""buy_4th_pre_req_pre"": ""0"", ""buy_5th_pre_bid"": ""-233500"", ""buy_5th_pre_req"": ""6971"", ""buy_5th_pre_req_pre"": ""0"", ""buy_6th_pre_bid"": ""-233000"", ""buy_6th_pre_req"": ""8902"", ""buy_6th_pre_req_pre"": ""0"", ""buy_7th_pre_bid"": ""-232500"", ""buy_7th_pre_req"": ""9402"", ""buy_7th_pre_req_pre"": ""0"", ""buy_8th_pre_bid"": ""-232000"", ""buy_8th_pre_req"": ""10952"", ""buy_8th_pre_req_pre"": ""0"", ""buy_9th_pre_bid"": ""-231500"", ""buy_9th_pre_req"": ""8352"", ""buy_9th_pre_req_pre"": ""0"", ""buy_10th_pre_bid"": ""-231000"", ""buy_10th_pre_req"": ""14907"", ""buy_10th_pre_req_pre"": ""0"", ""tot_sel_req_jub_pre"": ""--1"", ""tot_sel_req"": ""35434"", ""tot_buy_req"": ""157419"", ""tot_buy_req_jub_pre"": ""+1"", ""ovt_sel_req_pre"": ""0"", ""ovt_sel_req"": ""0"", ""ovt_buy_req"": ""0"", ""ovt_buy_req_pre"": ""0"", ""return_code"": 0, ""return_msg"": ""정상적으로 처리되었습니다""}"
2026-06-10,scan_candidate,267260,,0,main_scan,1018000,,1018000,1017000,1018000,1017000,-0.19646365422396855,0.09823182711198428,,,,,,"{""bid_req_base_tm"": ""102718"", ""sel_10th_pre_req_pre"": ""0"", ""sel_10th_pre_req"": ""198"", ""sel_10th_pre_bid"": ""+1028000"", ""sel_9th_pre_req_pre"": ""0"", ""sel_9th_pre_req"": ""340"", ""sel_9th_pre_bid"": ""+1027000"", ""sel_8th_pre_req_pre"": ""0"", ""sel_8th_pre_req"": ""56"", ""sel_8th_pre_bid"": ""+1026000"", ""sel_7th_pre_req_pre"": ""0"", ""sel_7th_pre_req"": ""245"", ""sel_7th_pre_bid"": ""+1025000"", ""sel_6th_pre_req_pre"": ""0"", ""sel_6th_pre_req"": ""51"", ""sel_6th_pre_bid"": ""+1024000"", ""sel_5th_pre_req_pre"": ""0"", ""sel_5th_pre_req"": ""13"", ""sel_5th_pre_bid"": ""+1023000"", ""sel_4th_pre_req_pre"": ""0"", ""sel_4th_pre_req"": ""50"", ""sel_4th_pre_bid"": ""+1022000"", ""sel_3th_pre_req_pre"": ""+20"", ""sel_3th_pre_req"": ""192"", ""sel_3th_pre_bid"": ""+1020000"", ""sel_2th_pre_req_pre"": ""0"", ""sel_2th_pre_req"": ""222"", ""sel_2th_pre_bid"": ""+1019000"", ""sel_1th_pre_req_pre"": ""0"", ""sel_fpr_req"": ""60"", ""sel_fpr_bid"": ""+1018000"", ""buy_fpr_bid"": ""+1017000"", ""buy_fpr_req"": ""6"", ""buy_1th_pre_req_pre"": ""0"", ""buy_2th_pre_bid"": ""+1016000"", ""buy_2th_pre_req"": ""60"", ""buy_2th_pre_req_pre"": ""0"", ""buy_3th_pre_bid"": ""+1015000"", ""buy_3th_pre_req"": ""534"", ""buy_3th_pre_req_pre"": ""0"", ""buy_4th_pre_bid"": ""+1014000"", ""buy_4th_pre_req"": ""109"", ""buy_4th_pre_req_pre"": ""0"", ""buy_5th_pre_bid"": ""+1013000"", ""buy_5th_pre_req"": ""24"", ""buy_5th_pre_req_pre"": ""0"", ""buy_6th_pre_bid"": ""+1012000"", ""buy_6th_pre_req"": ""25"", ""buy_6th_pre_req_pre"": ""0"", ""buy_7th_pre_bid"": ""+1011000"", ""buy_7th_pre_req"": ""18"", ""buy_7th_pre_req_pre"": ""0"", ""buy_8th_pre_bid"": ""+1010000"", ""buy_8th_pre_req"": ""41"", ""buy_8th_pre_req_pre"": ""0"", ""buy_9th_pre_bid"": ""+1009000"", ""buy_9th_pre_req"": ""9"", ""buy_9th_pre_req_pre"": ""0"", ""buy_10th_pre_bid"": ""+1008000"", ""buy_10th_pre_req"": ""36"", ""buy_10th_pre_req_pre"": ""0"", ""tot_sel_req_jub_pre"": ""+20"", ""tot_sel_req"": ""1427"", ""tot_buy_req"": ""862"", ""tot_buy_req_jub_pre"": ""0"", ""ovt_sel_req_pre"": ""0"", ""ovt_sel_req"": ""0"", ""ovt_buy_req"": ""0"", ""ovt_buy_req_pre"": ""0"", ""return_code"": 0, ""return_msg"": ""정상적으로 처리되었습니다""}"
2026-06-10,scan_candidate,086790,,0,main_scan,119300,,119300,119100,119300,119000,-0.6705783738474435,0.16764459346186086,,,,,,"{""bid_req_base_tm"": ""102716"", ""sel_10th_pre_req_pre"": ""0"", ""sel_10th_pre_req"": ""228"", ""sel_10th_pre_bid"": ""+120200"", ""sel_9th_pre_req_pre"": ""0"", ""sel_9th_pre_req"": ""176"", ""sel_9th_pre_bid"": ""+120100"", ""sel_8th_pre_req_pre"": ""0"", ""sel_8th_pre_req"": ""357"", ""sel_8th_pre_bid"": ""+120000"", ""sel_7th_pre_req_pre"": ""0"", ""sel_7th_pre_req"": ""59"", ""sel_7th_pre_bid"": ""+119900"", ""sel_6th_pre_req_pre"": ""0"", ""sel_6th_pre_req"": ""3"", ""sel_6th_pre_bid"": ""+119800"", ""sel_5th_pre_req_pre"": ""0"", ""sel_5th_pre_req"": ""6"", ""sel_5th_pre_bid"": ""+119700"", ""sel_4th_pre_req_pre"": ""0"", ""sel_4th_pre_req"": ""1"", ""sel_4th_pre_bid"": ""+119600"", ""sel_3th_pre_req_pre"": ""0"", ""sel_3th_pre_req"": ""200"", ""sel_3th_pre_bid"": ""+119500"", ""sel_2th_pre_req_pre"": ""0"", ""sel_2th_pre_req"": ""479"", ""sel_2th_pre_bid"": ""+119400"", ""sel_1th_pre_req_pre"": ""0"", ""sel_fpr_req"": ""565"", ""sel_fpr_bid"": ""+119300"", ""buy_fpr_bid"": ""+119100"", ""buy_fpr_req"": ""306"", ""buy_1th_pre_req_pre"": ""--103"", ""buy_2th_pre_bid"": ""119000"", ""buy_2th_pre_req"": ""745"", ""buy_2th_pre_req_pre"": ""0"", ""buy_3th_pre_bid"": ""-118900"", ""buy_3th_pre_req"": ""60"", ""buy_3th_pre_req_pre"": ""0"", ""buy_4th_pre_bid"": ""-118800"", ""buy_4th_pre_req"": ""67"", ""buy_4th_pre_req_pre"": ""0"", ""buy_5th_pre_bid"": ""-118700"", ""buy_5th_pre_req"": ""86"", ""buy_5th_pre_req_pre"": ""0"", ""buy_6th_pre_bid"": ""-118600"", ""buy_6th_pre_req"": ""179"", ""buy_6th_pre_req_pre"": ""0"", ""buy_7th_pre_bid"": ""-118500"", ""buy_7th_pre_req"": ""277"", ""buy_7th_pre_req_pre"": ""0"", ""buy_8th_pre_bid"": ""-118400"", ""buy_8th_pre_req"": ""559"", ""buy_8th_pre_req_pre"": ""0"", ""buy_9th_pre_bid"": ""-118300"", ""buy_9th_pre_req"": ""831"", ""buy_9th_pre_req_pre"": ""0"", ""buy_10th_pre_bid"": ""-118200"", ""buy_10th_pre_req"": ""172"", ""buy_10th_pre_req_pre"": ""0"", ""tot_sel_req_jub_pre"": ""0"", ""tot_sel_req"": ""2074"", ""tot_buy_req"": ""3282"", ""tot_buy_req_jub_pre"": ""--103"", ""ovt_sel_req_pre"": ""0"", ""ovt_sel_req"": ""0"", ""ovt_buy_req"": ""0"", ""ovt_buy_req_pre"": ""0"", ""return_code"": 0, ""return_msg"": ""정상적으로 처리되었습니다""}"
2026-06-10,scan_candidate,298040,,0,main_scan,3565000,,3565000,3563000,3565000,3560000,-0.16830294530154277,0.05610098176718093,,,,,,"{""bid_req_base_tm"": ""102719"", ""sel_10th_pre_req_pre"": ""0"", ""sel_10th_pre_req"": ""1"", ""sel_10th_pre_bid"": ""+3574000"", ""sel_9th_pre_req_pre"": ""0"", ""sel_9th_pre_req"": ""1"", ""sel_9th_pre_bid"": ""+3573000"", ""sel_8th_pre_req_pre"": ""0"", ""sel_8th_pre_req"": ""1"", ""sel_8th_pre_bid"": ""+3572000"", ""sel_7th_pre_req_pre"": ""0"", ""sel_7th_pre_req"": ""4"", ""sel_7th_pre_bid"": ""+3571000"", ""sel_6th_pre_req_pre"": ""0"", ""sel_6th_pre_req"": ""8"", ""sel_6th_pre_bid"": ""+3570000"", ""sel_5th_pre_req_pre"": ""0"", ""sel_5th_pre_req"": ""1"", ""sel_5th_pre_bid"": ""+3569000"", ""sel_4th_pre_req_pre"": ""0"", ""sel_4th_pre_req"": ""1"", ""sel_4th_pre_bid"": ""+3568000"", ""sel_3th_pre_req_pre"": ""0"", ""sel_3th_pre_req"": ""4"", ""sel_3th_pre_bid"": ""+3567000"", ""sel_2th_pre_req_pre"": ""0"", ""sel_2th_pre_req"": ""52"", ""sel_2th_pre_bid"": ""+3566000"", ""sel_1th_pre_req_pre"": ""0"", ""sel_fpr_req"": ""22"", ""sel_fpr_bid"": ""+3565000"", ""buy_fpr_bid"": ""+3563000"", ""buy_fpr_req"": ""7"", ""buy_1th_pre_req_pre"": ""0"", ""buy_2th_pre_bid"": ""+3562000"", ""buy_2th_pre_req"": ""3"", ""buy_2th_pre_req_pre"": ""+2"", ""buy_3th_pre_bid"": ""+3560000"", ""buy_3th_pre_req"": ""8"", ""buy_3th_pre_req_pre"": ""0"", ""buy_4th_pre_bid"": ""+3559000"", ""buy_4th_pre_req"": ""2"", ""buy_4th_pre_req_pre"": ""0"", ""buy_5th_pre_bid"": ""+3558000"", ""buy_5th_pre_req"": ""5"", ""buy_5th_pre_req_pre"": ""0"", ""buy_6th_pre_bid"": ""+3556000"", ""buy_6th_pre_req"": ""1"", ""buy_6th_pre_req_pre"": ""0"", ""buy_7th_pre_bid"": ""+3555000"", ""buy_7th_pre_req"": ""45"", ""buy_7th_pre_req_pre"": ""0"", ""buy_8th_pre_bid"": ""+3550000"", ""buy_8th_pre_req"": ""1"", ""buy_8th_pre_req_pre"": ""0"", ""buy_9th_pre_bid"": ""+3547000"", ""buy_9th_pre_req"": ""47"", ""buy_9th_pre_req_pre"": ""0"", ""buy_10th_pre_bid"": ""+3546000"", ""buy_10th_pre_req"": ""3"", ""buy_10th_pre_req_pre"": ""0"", ""tot_sel_req_jub_pre"": ""0"", ""tot_sel_req"": ""95"", ""tot_buy_req"": ""122"", ""tot_buy_req_jub_pre"": ""+3"", ""ovt_sel_req_pre"": ""0"", ""ovt_sel_req"": ""0"", ""ovt_buy_req"": ""0"", ""ovt_buy_req_pre"": ""0"", ""return_code"": 0, ""return_msg"": ""정상적으로 처리되었습니다""}"
2026-06-10,scan_candidate,000810,,0,main_scan,614000,,614000,613000,614000,613000,-0.32573289902280134,0.16286644951140067,,,,,,"{""bid_req_base_tm"": ""102719"", ""sel_10th_pre_req_pre"": ""0"", ""sel_10th_pre_req"": ""267"", ""sel_10th_pre_bid"": ""-623000"", ""sel_9th_pre_req_pre"": ""0"", ""sel_9th_pre_req"": ""8"", ""sel_9th_pre_bid"": ""-622000"", ""sel_8th_pre_req_pre"": ""0"", ""sel_8th_pre_req"": ""13"", ""sel_8th_pre_bid"": ""-621000"", ""sel_7th_pre_req_pre"": ""0"", ""sel_7th_pre_req"": ""4"", ""sel_7th_pre_bid"": ""-620000"", ""sel_6th_pre_req_pre"": ""0"", ""sel_6th_pre_req"": ""19"", ""sel_6th_pre_bid"": ""-619000"", ""sel_5th_pre_req_pre"": ""0"", ""sel_5th_pre_req"": ""10"", ""sel_5th_pre_bid"": ""-618000"", ""sel_4th_pre_req_pre"": ""0"", ""sel_4th_pre_req"": ""26"", ""sel_4th_pre_bid"": ""-617000"", ""sel_3th_pre_req_pre"": ""0"", ""sel_3th_pre_req"": ""17"", ""sel_3th_pre_bid"": ""-616000"", ""sel_2th_pre_req_pre"": ""--2"", ""sel_2th_pre_req"": ""28"", ""sel_2th_pre_bid"": ""-615000"", ""sel_1th_pre_req_pre"": ""+2"", ""sel_fpr_req"": ""188"", ""sel_fpr_bid"": ""-614000"", ""buy_fpr_bid"": ""-613000"", ""buy_fpr_req"": ""90"", ""buy_1th_pre_req_pre"": ""0"", ""buy_2th_pre_bid"": ""-612000"", ""buy_2th_pre_req"": ""20"", ""buy_2th_pre_req_pre"": ""0"", ""buy_3th_pre_bid"": ""-611000"", ""buy_3th_pre_req"": ""33"", ""buy_3th_pre_req_pre"": ""0"", ""buy_4th_pre_bid"": ""-610000"", ""buy_4th_pre_req"": ""88"", ""buy_4th_pre_req_pre"": ""0"", ""buy_5th_pre_bid"": ""-609000"", ""buy_5th_pre_req"": ""14"", ""buy_5th_pre_req_pre"": ""0"", ""buy_6th_pre_bid"": ""-608000"", ""buy_6th_pre_req"": ""36"", ""buy_6th_pre_req_pre"": ""0"", ""buy_7th_pre_bid"": ""-607000"", ""buy_7th_pre_req"": ""56"", ""buy_7th_pre_req_pre"": ""0"", ""buy_8th_pre_bid"": ""-606000"", ""buy_8th_pre_req"": ""16"", ""buy_8th_pre_req_pre"": ""0"", ""buy_9th_pre_bid"": ""-605000"", ""buy_9th_pre_req"": ""29"", ""buy_9th_pre_req_pre"": ""0"", ""buy_10th_pre_bid"": ""-604000"", ""buy_10th_pre_req"": ""24"", ""buy_10th_pre_req_pre"": ""0"", ""tot_sel_req_jub_pre"": ""0"", ""tot_sel_req"": ""580"", ""tot_buy_req"": ""406"", ""tot_buy_req_jub_pre"": ""0"", ""ovt_sel_req_pre"": ""0"", ""ovt_sel_req"": ""0"", ""ovt_buy_req"": ""0"", ""ovt_buy_req_pre"": ""0"", ""return_code"": 0, ""return_msg"": ""정상적으로 처리되었습니다""}"
2026-06-10,scan_candidate,011070,,0,main_scan,1091000,,1091000,1090000,1091000,1093000,0.09165902841429881,0.09165902841429881,,,,,,"{""bid_req_base_tm"": ""102719"", ""sel_10th_pre_req_pre"": ""0"", ""sel_10th_pre_req"": ""30"", ""sel_10th_pre_bid"": ""-1101000"", ""sel_9th_pre_req_pre"": ""0"", ""sel_9th_pre_req"": ""84"", ""sel_9th_pre_bid"": ""-1100000"", ""sel_8th_pre_req_pre"": ""0"", ""sel_8th_pre_req"": ""83"", ""sel_8th_pre_bid"": ""-1099000"", ""sel_7th_pre_req_pre"": ""0"", ""sel_7th_pre_req"": ""2"", ""sel_7th_pre_bid"": ""-1098000"", ""sel_6th_pre_req_pre"": ""0"", ""sel_6th_pre_req"": ""2"", ""sel_6th_pre_bid"": ""-1097000"", ""sel_5th_pre_req_pre"": ""0"", ""sel_5th_pre_req"": ""3"", ""sel_5th_pre_bid"": ""-1095000"", ""sel_4th_pre_req_pre"": ""0"", ""sel_4th_pre_req"": ""120"", ""sel_4th_pre_bid"": ""-1094000"", ""sel_3th_pre_req_pre"": ""0"", ""sel_3th_pre_req"": ""10"", ""sel_3th_pre_bid"": ""-1093000"", ""sel_2th_pre_req_pre"": ""0"", ""sel_2th_pre_req"": ""60"", ""sel_2th_pre_bid"": ""-1092000"", ""sel_1th_pre_req_pre"": ""0"", ""sel_fpr_req"": ""47"", ""sel_fpr_bid"": ""-1091000"", ""buy_fpr_bid"": ""-1090000"", ""buy_fpr_req"": ""83"", ""buy_1th_pre_req_pre"": ""0"", ""buy_2th_pre_bid"": ""-1089000"", ""buy_2th_pre_req"": ""158"", ""buy_2th_pre_req_pre"": ""0"", ""buy_3th_pre_bid"": ""-1088000"", ""buy_3th_pre_req"": ""150"", ""buy_3th_pre_req_pre"": ""0"", ""buy_4th_pre_bid"": ""-1087000"", ""buy_4th_pre_req"": ""29"", ""buy_4th_pre_req_pre"": ""0"", ""buy_5th_pre_bid"": ""-1086000"", ""buy_5th_pre_req"": ""73"", ""buy_5th_pre_req_pre"": ""0"", ""buy_6th_pre_bid"": ""-1085000"", ""buy_6th_pre_req"": ""77"", ""buy_6th_pre_req_pre"": ""0"", ""buy_7th_pre_bid"": ""-1084000"", ""buy_7th_pre_req"": ""19"", ""buy_7th_pre_req_pre"": ""0"", ""buy_8th_pre_bid"": ""-1083000"", ""buy_8th_pre_req"": ""35"", ""buy_8th_pre_req_pre"": ""0"", ""buy_9th_pre_bid"": ""-1082000"", ""buy_9th_pre_req"": ""60"", ""buy_9th_pre_req_pre"": ""0"", ""buy_10th_pre_bid"": ""-1081000"", ""buy_10th_pre_req"": ""25"", ""buy_10th_pre_req_pre"": ""0"", ""tot_sel_req_jub_pre"": ""0"", ""tot_sel_req"": ""441"", ""tot_buy_req"": ""709"", ""tot_buy_req_jub_pre"": ""0"", ""ovt_sel_req_pre"": ""0"", ""ovt_sel_req"": ""0"", ""ovt_buy_req"": ""0"", ""ovt_buy_req_pre"": ""0"", ""return_code"": 0, ""return_msg"": ""정상적으로 처리되었습니다""}"
2026-06-10,scan_candidate,042700,,0,main_scan,286000,,286000,285500,286000,286000,-0.17482517482517482,0.17482517482517482,,,,,,"{""bid_req_base_tm"": ""102720"", ""sel_10th_pre_req_pre"": ""0"", ""sel_10th_pre_req"": ""519"", ""sel_10th_pre_bid"": ""+290500"", ""sel_9th_pre_req_pre"": ""+30"", ""sel_9th_pre_req"": ""526"", ""sel_9th_pre_bid"": ""+290000"", ""sel_8th_pre_req_pre"": ""0"", ""sel_8th_pre_req"": ""175"", ""sel_8th_pre_bid"": ""+289500"", ""sel_7th_pre_req_pre"": ""0"", ""sel_7th_pre_req"": ""49"", ""sel_7th_pre_bid"": ""+289000"", ""sel_6th_pre_req_pre"": ""0"", ""sel_6th_pre_req"": ""9"", ""sel_6th_pre_bid"": ""+288500"", ""sel_5th_pre_req_pre"": ""0"", ""sel_5th_pre_req"": ""65"", ""sel_5th_pre_bid"": ""+288000"", ""sel_4th_pre_req_pre"": ""0"", ""sel_4th_pre_req"": ""36"", ""sel_4th_pre_bid"": ""+287500"", ""sel_3th_pre_req_pre"": ""0"", ""sel_3th_pre_req"": ""326"", ""sel_3th_pre_bid"": ""+287000"", ""sel_2th_pre_req_pre"": ""--4"", ""sel_2th_pre_req"": ""99"", ""sel_2th_pre_bid"": ""+286500"", ""sel_1th_pre_req_pre"": ""+4"", ""sel_fpr_req"": ""491"", ""sel_fpr_bid"": ""+286000"", ""buy_fpr_bid"": ""+285500"", ""buy_fpr_req"": ""317"", ""buy_1th_pre_req_pre"": ""0"", ""buy_2th_pre_bid"": ""+285000"", ""buy_2th_pre_req"": ""873"", ""buy_2th_pre_req_pre"": ""0"", ""buy_3th_pre_bid"": ""+284500"", ""buy_3th_pre_req"": ""206"", ""buy_3th_pre_req_pre"": ""0"", ""buy_4th_pre_bid"": ""+284000"", ""buy_4th_pre_req"": ""156"", ""buy_4th_pre_req_pre"": ""0"", ""buy_5th_pre_bid"": ""+283500"", ""buy_5th_pre_req"": ""125"", ""buy_5th_pre_req_pre"": ""0"", ""buy_6th_pre_bid"": ""+283000"", ""buy_6th_pre_req"": ""169"", ""buy_6th_pre_req_pre"": ""0"", ""buy_7th_pre_bid"": ""+282500"", ""buy_7th_pre_req"": ""188"", ""buy_7th_pre_req_pre"": ""0"", ""buy_8th_pre_bid"": ""+282000"", ""buy_8th_pre_req"": ""430"", ""buy_8th_pre_req_pre"": ""0"", ""buy_9th_pre_bid"": ""+281500"", ""buy_9th_pre_req"": ""324"", ""buy_9th_pre_req_pre"": ""0"", ""buy_10th_pre_bid"": ""+281000"", ""buy_10th_pre_req"": ""1067"", ""buy_10th_pre_req_pre"": ""0"", ""tot_sel_req_jub_pre"": ""+30"", ""tot_sel_req"": ""2295"", ""tot_buy_req"": ""3855"", ""tot_buy_req_jub_pre"": ""0"", ""ovt_sel_req_pre"": ""0"", ""ovt_sel_req"": ""0"", ""ovt_buy_req"": ""0"", ""ovt_buy_req_pre"": ""0"", ""return_code"": 0, ""return_msg"": ""정상적으로 처리되었습니다""}"
2026-06-10,scan_candidate,017670,,0,main_scan,108000,,108000,107900,108000,107500,-0.9259259259259258,0.0925925925925926,,,,,,"{""bid_req_base_tm"": ""102720"", ""sel_10th_pre_req_pre"": ""0"", ""sel_10th_pre_req"": ""1111"", ""sel_10th_pre_bid"": ""+108900"", ""sel_9th_pre_req_pre"": ""0"", ""sel_9th_pre_req"": ""567"", ""sel_9th_pre_bid"": ""+108800"", ""sel_8th_pre_req_pre"": ""0"", ""sel_8th_pre_req"": ""225"", ""sel_8th_pre_bid"": ""+108700"", ""sel_7th_pre_req_pre"": ""0"", ""sel_7th_pre_req"": ""364"", ""sel_7th_pre_bid"": ""+108600"", ""sel_6th_pre_req_pre"": ""0"", ""sel_6th_pre_req"": ""1137"", ""sel_6th_pre_bid"": ""+108500"", ""sel_5th_pre_req_pre"": ""0"", ""sel_5th_pre_req"": ""492"", ""sel_5th_pre_bid"": ""+108400"", ""sel_4th_pre_req_pre"": ""0"", ""sel_4th_pre_req"": ""793"", ""sel_4th_pre_bid"": ""+108300"", ""sel_3th_pre_req_pre"": ""0"", ""sel_3th_pre_req"": ""150"", ""sel_3th_pre_bid"": ""+108200"", ""sel_2th_pre_req_pre"": ""0"", ""sel_2th_pre_req"": ""759"", ""sel_2th_pre_bid"": ""108100"", ""sel_1th_pre_req_pre"": ""0"", ""sel_fpr_req"": ""256"", ""sel_fpr_bid"": ""-108000"", ""buy_fpr_bid"": ""-107900"", ""buy_fpr_req"": ""183"", ""buy_1th_pre_req_pre"": ""0"", ""buy_2th_pre_bid"": ""-107800"", ""buy_2th_pre_req"": ""197"", ""buy_2th_pre_req_pre"": ""0"", ""buy_3th_pre_bid"": ""-107700"", ""buy_3th_pre_req"": ""251"", ""buy_3th_pre_req_pre"": ""0"", ""buy_4th_pre_bid"": ""-107600"", ""buy_4th_pre_req"": ""747"", ""buy_4th_pre_req_pre"": ""0"", ""buy_5th_pre_bid"": ""-107500"", ""buy_5th_pre_req"": ""434"", ""buy_5th_pre_req_pre"": ""0"", ""buy_6th_pre_bid"": ""-107400"", ""buy_6th_pre_req"": ""118"", ""buy_6th_pre_req_pre"": ""0"", ""buy_7th_pre_bid"": ""-107300"", ""buy_7th_pre_req"": ""326"", ""buy_7th_pre_req_pre"": ""0"", ""buy_8th_pre_bid"": ""-107200"", ""buy_8th_pre_req"": ""304"", ""buy_8th_pre_req_pre"": ""0"", ""buy_9th_pre_bid"": ""-107100"", ""buy_9th_pre_req"": ""332"", ""buy_9th_pre_req_pre"": ""0"", ""buy_10th_pre_bid"": ""-107000"", ""buy_10th_pre_req"": ""1826"", ""buy_10th_pre_req_pre"": ""0"", ""tot_sel_req_jub_pre"": ""0"", ""tot_sel_req"": ""5854"", ""tot_buy_req"": ""4718"", ""tot_buy_req_jub_pre"": ""0"", ""ovt_sel_req_pre"": ""0"", ""ovt_sel_req"": ""0"", ""ovt_buy_req"": ""0"", ""ovt_buy_req_pre"": ""0"", ""return_code"": 0, ""return_msg"": ""정상적으로 처리되었습니다""}"
2026-06-10,scan_candidate,316140,,0,main_scan,29950,,29950,29900,29950,29800,-0.667779632721202,0.1669449081803005,,,,,,"{""bid_req_base_tm"": ""102719"", ""sel_10th_pre_req_pre"": ""0"", ""sel_10th_pre_req"": ""2736"", ""sel_10th_pre_bid"": ""+30400"", ""sel_9th_pre_req_pre"": ""0"", ""sel_9th_pre_req"": ""2250"", ""sel_9th_pre_bid"": ""+30350"", ""sel_8th_pre_req_pre"": ""0"", ""sel_8th_pre_req"": ""1553"", ""sel_8th_pre_bid"": ""+30300"", ""sel_7th_pre_req_pre"": ""0"", ""sel_7th_pre_req"": ""1774"", ""sel_7th_pre_bid"": ""+30250"", ""sel_6th_pre_req_pre"": ""0"", ""sel_6th_pre_req"": ""5448"", ""sel_6th_pre_bid"": ""+30200"", ""sel_5th_pre_req_pre"": ""0"", ""sel_5th_pre_req"": ""2075"", ""sel_5th_pre_bid"": ""+30150"", ""sel_4th_pre_req_pre"": ""0"", ""sel_4th_pre_req"": ""595"", ""sel_4th_pre_bid"": ""+30100"", ""sel_3th_pre_req_pre"": ""0"", ""sel_3th_pre_req"": ""1305"", ""sel_3th_pre_bid"": ""+30050"", ""sel_2th_pre_req_pre"": ""0"", ""sel_2th_pre_req"": ""1058"", ""sel_2th_pre_bid"": ""30000"", ""sel_1th_pre_req_pre"": ""0"", ""sel_fpr_req"": ""5388"", ""sel_fpr_bid"": ""-29950"", ""buy_fpr_bid"": ""-29900"", ""buy_fpr_req"": ""2545"", ""buy_1th_pre_req_pre"": ""0"", ""buy_2th_pre_bid"": ""-29850"", ""buy_2th_pre_req"": ""1237"", ""buy_2th_pre_req_pre"": ""--200"", ""buy_3th_pre_bid"": ""-29800"", ""buy_3th_pre_req"": ""3560"", ""buy_3th_pre_req_pre"": ""0"", ""buy_4th_pre_bid"": ""-29750"", ""buy_4th_pre_req"": ""1082"", ""buy_4th_pre_req_pre"": ""0"", ""buy_5th_pre_bid"": ""-29700"", ""buy_5th_pre_req"": ""2405"", ""buy_5th_pre_req_pre"": ""0"", ""buy_6th_pre_bid"": ""-29650"", ""buy_6th_pre_req"": ""447"", ""buy_6th_pre_req_pre"": ""0"", ""buy_7th_pre_bid"": ""-29600"", ""buy_7th_pre_req"": ""1027"", ""buy_7th_pre_req_pre"": ""0"", ""buy_8th_pre_bid"": ""-29550"", ""buy_8th_pre_req"": ""613"", ""buy_8th_pre_req_pre"": ""0"", ""buy_9th_pre_bid"": ""-29500"", ""buy_9th_pre_req"": ""2218"", ""buy_9th_pre_req_pre"": ""0"", ""buy_10th_pre_bid"": ""-29450"", ""buy_10th_pre_req"": ""722"", ""buy_10th_pre_req_pre"": ""0"", ""tot_sel_req_jub_pre"": ""0"", ""tot_sel_req"": ""24182"", ""tot_buy_req"": ""15856"", ""tot_buy_req_jub_pre"": ""--200"", ""ovt_sel_req_pre"": ""0"", ""ovt_sel_req"": ""0"", ""ovt_buy_req"": ""0"", ""ovt_buy_req_pre"": ""0"", ""return_code"": 0, ""return_msg"": ""정상적으로 처리되었습니다""}"
2026-06-10,scan_candidate,018260,,0,main_scan,232500,,232500,232000,232500,234000,0.43010752688172044,0.21505376344086022,,,,,,"{""bid_req_base_tm"": ""102719"", ""sel_10th_pre_req_pre"": ""0"", ""sel_10th_pre_req"": ""260"", ""sel_10th_pre_bid"": ""-237000"", ""sel_9th_pre_req_pre"": ""0"", ""sel_9th_pre_req"": ""213"", ""sel_9th_pre_bid"": ""-236500"", ""sel_8th_pre_req_pre"": ""0"", ""sel_8th_pre_req"": ""193"", ""sel_8th_pre_bid"": ""-236000"", ""sel_7th_pre_req_pre"": ""0"", ""sel_7th_pre_req"": ""148"", ""sel_7th_pre_bid"": ""-235500"", ""sel_6th_pre_req_pre"": ""0"", ""sel_6th_pre_req"": ""342"", ""sel_6th_pre_bid"": ""-235000"", ""sel_5th_pre_req_pre"": ""0"", ""sel_5th_pre_req"": ""59"", ""sel_5th_pre_bid"": ""-234500"", ""sel_4th_pre_req_pre"": ""0"", ""sel_4th_pre_req"": ""170"", ""sel_4th_pre_bid"": ""-234000"", ""sel_3th_pre_req_pre"": ""0"", ""sel_3th_pre_req"": ""45"", ""sel_3th_pre_bid"": ""-233500"", ""sel_2th_pre_req_pre"": ""0"", ""sel_2th_pre_req"": ""241"", ""sel_2th_pre_bid"": ""-233000"", ""sel_1th_pre_req_pre"": ""0"", ""sel_fpr_req"": ""587"", ""sel_fpr_bid"": ""-232500"", ""buy_fpr_bid"": ""-232000"", ""buy_fpr_req"": ""785"", ""buy_1th_pre_req_pre"": ""--7"", ""buy_2th_pre_bid"": ""-231500"", ""buy_2th_pre_req"": ""1636"", ""buy_2th_pre_req_pre"": ""0"", ""buy_3th_pre_bid"": ""-231000"", ""buy_3th_pre_req"": ""2466"", ""buy_3th_pre_req_pre"": ""0"", ""buy_4th_pre_bid"": ""-230500"", ""buy_4th_pre_req"": ""1750"", ""buy_4th_pre_req_pre"": ""0"", ""buy_5th_pre_bid"": ""-230000"", ""buy_5th_pre_req"": ""3812"", ""buy_5th_pre_req_pre"": ""0"", ""buy_6th_pre_bid"": ""-229500"", ""buy_6th_pre_req"": ""666"", ""buy_6th_pre_req_pre"": ""0"", ""buy_7th_pre_bid"": ""-229000"", ""buy_7th_pre_req"": ""1464"", ""buy_7th_pre_req_pre"": ""0"", ""buy_8th_pre_bid"": ""-228500"", ""buy_8th_pre_req"": ""524"", ""buy_8th_pre_req_pre"": ""0"", ""buy_9th_pre_bid"": ""-228000"", ""buy_9th_pre_req"": ""1604"", ""buy_9th_pre_req_pre"": ""0"", ""buy_10th_pre_bid"": ""-227500"", ""buy_10th_pre_req"": ""1396"", ""buy_10th_pre_req_pre"": ""0"", ""tot_sel_req_jub_pre"": ""0"", ""tot_sel_req"": ""2258"", ""tot_buy_req"": ""16103"", ""tot_buy_req_jub_pre"": ""--7"", ""ovt_sel_req_pre"": ""0"", ""ovt_sel_req"": ""0"", ""ovt_buy_req"": ""0"", ""ovt_buy_req_pre"": ""0"", ""return_code"": 0, ""return_msg"": ""정상적으로 처리되었습니다""}"
2026-06-10,scan_candidate,033780,,0,main_scan,184800,,184800,184700,184800,184500,-0.4329004329004329,0.05411255411255411,,,,,,"{""bid_req_base_tm"": ""102720"", ""sel_10th_pre_req_pre"": ""0"", ""sel_10th_pre_req"": ""584"", ""sel_10th_pre_bid"": ""+185800"", ""sel_9th_pre_req_pre"": ""0"", ""sel_9th_pre_req"": ""66"", ""sel_9th_pre_bid"": ""+185700"", ""sel_8th_pre_req_pre"": ""0"", ""sel_8th_pre_req"": ""10"", ""sel_8th_pre_bid"": ""+185600"", ""sel_7th_pre_req_pre"": ""0"", ""sel_7th_pre_req"": ""62"", ""sel_7th_pre_bid"": ""+185500"", ""sel_6th_pre_req_pre"": ""0"", ""sel_6th_pre_req"": ""71"", ""sel_6th_pre_bid"": ""+185400"", ""sel_5th_pre_req_pre"": ""0"", ""sel_5th_pre_req"": ""38"", ""sel_5th_pre_bid"": ""+185200"", ""sel_4th_pre_req_pre"": ""0"", ""sel_4th_pre_req"": ""97"", ""sel_4th_pre_bid"": ""+185100"", ""sel_3th_pre_req_pre"": ""0"", ""sel_3th_pre_req"": ""131"", ""sel_3th_pre_bid"": ""+185000"", ""sel_2th_pre_req_pre"": ""0"", ""sel_2th_pre_req"": ""68"", ""sel_2th_pre_bid"": ""+184900"", ""sel_1th_pre_req_pre"": ""0"", ""sel_fpr_req"": ""178"", ""sel_fpr_bid"": ""+184800"", ""buy_fpr_bid"": ""+184700"", ""buy_fpr_req"": ""111"", ""buy_1th_pre_req_pre"": ""+7"", ""buy_2th_pre_bid"": ""+184600"", ""buy_2th_pre_req"": ""65"", ""buy_2th_pre_req_pre"": ""0"", ""buy_3th_pre_bid"": ""+184500"", ""buy_3th_pre_req"": ""116"", ""buy_3th_pre_req_pre"": ""0"", ""buy_4th_pre_bid"": ""+184400"", ""buy_4th_pre_req"": ""79"", ""buy_4th_pre_req_pre"": ""0"", ""buy_5th_pre_bid"": ""184300"", ""buy_5th_pre_req"": ""538"", ""buy_5th_pre_req_pre"": ""0"", ""buy_6th_pre_bid"": ""-184200"", ""buy_6th_pre_req"": ""200"", ""buy_6th_pre_req_pre"": ""0"", ""buy_7th_pre_bid"": ""-184100"", ""buy_7th_pre_req"": ""229"", ""buy_7th_pre_req_pre"": ""0"", ""buy_8th_pre_bid"": ""-184000"", ""buy_8th_pre_req"": ""26"", ""buy_8th_pre_req_pre"": ""0"", ""buy_9th_pre_bid"": ""-183900"", ""buy_9th_pre_req"": ""2"", ""buy_9th_pre_req_pre"": ""0"", ""buy_10th_pre_bid"": ""-183800"", ""buy_10th_pre_req"": ""1"", ""buy_10th_pre_req_pre"": ""0"", ""tot_sel_req_jub_pre"": ""0"", ""tot_sel_req"": ""1305"", ""tot_buy_req"": ""1367"", ""tot_buy_req_jub_pre"": ""+7"", ""ovt_sel_req_pre"": ""0"", ""ovt_sel_req"": ""0"", ""ovt_buy_req"": ""0"", ""ovt_buy_req_pre"": ""0"", ""return_code"": 0, ""return_msg"": ""정상적으로 처리되었습니다""}"
2026-06-10,scan_candidate,307950,,0,main_scan,713000,,713000,712000,713000,711000,-0.42075736325385693,0.1402524544179523,,,,,,"{""bid_req_base_tm"": ""102721"", ""sel_10th_pre_req_pre"": ""0"", ""sel_10th_pre_req"": ""55"", ""sel_10th_pre_bid"": ""+722000"", ""sel_9th_pre_req_pre"": ""0"", ""sel_9th_pre_req"": ""169"", ""sel_9th_pre_bid"": ""+721000"", ""sel_8th_pre_req_pre"": ""0"", ""sel_8th_pre_req"": ""201"", ""sel_8th_pre_bid"": ""+720000"", ""sel_7th_pre_req_pre"": ""0"", ""sel_7th_pre_req"": ""130"", ""sel_7th_pre_bid"": ""+719000"", ""sel_6th_pre_req_pre"": ""0"", ""sel_6th_pre_req"": ""206"", ""sel_6th_pre_bid"": ""+718000"", ""sel_5th_pre_req_pre"": ""0"", ""sel_5th_pre_req"": ""107"", ""sel_5th_pre_bid"": ""+717000"", ""sel_4th_pre_req_pre"": ""0"", ""sel_4th_pre_req"": ""76"", ""sel_4th_pre_bid"": ""+716000"", ""sel_3th_pre_req_pre"": ""0"", ""sel_3th_pre_req"": ""10"", ""sel_3th_pre_bid"": ""+715000"", ""sel_2th_pre_req_pre"": ""0"", ""sel_2th_pre_req"": ""32"", ""sel_2th_pre_bid"": ""+714000"", ""sel_1th_pre_req_pre"": ""0"", ""sel_fpr_req"": ""61"", ""sel_fpr_bid"": ""+713000"", ""buy_fpr_bid"": ""+712000"", ""buy_fpr_req"": ""8"", ""buy_1th_pre_req_pre"": ""0"", ""buy_2th_pre_bid"": ""+711000"", ""buy_2th_pre_req"": ""180"", ""buy_2th_pre_req_pre"": ""0"", ""buy_3th_pre_bid"": ""+710000"", ""buy_3th_pre_req"": ""75"", ""buy_3th_pre_req_pre"": ""0"", ""buy_4th_pre_bid"": ""+709000"", ""buy_4th_pre_req"": ""46"", ""buy_4th_pre_req_pre"": ""0"", ""buy_5th_pre_bid"": ""+708000"", ""buy_5th_pre_req"": ""61"", ""buy_5th_pre_req_pre"": ""0"", ""buy_6th_pre_bid"": ""+707000"", ""buy_6th_pre_req"": ""62"", ""buy_6th_pre_req_pre"": ""0"", ""buy_7th_pre_bid"": ""+706000"", ""buy_7th_pre_req"": ""21"", ""buy_7th_pre_req_pre"": ""0"", ""buy_8th_pre_bid"": ""+705000"", ""buy_8th_pre_req"": ""82"", ""buy_8th_pre_req_pre"": ""0"", ""buy_9th_pre_bid"": ""+704000"", ""buy_9th_pre_req"": ""114"", ""buy_9th_pre_req_pre"": ""0"", ""buy_10th_pre_bid"": ""+703000"", ""buy_10th_pre_req"": ""135"", ""buy_10th_pre_req_pre"": ""0"", ""tot_sel_req_jub_pre"": ""0"", ""tot_sel_req"": ""1047"", ""tot_buy_req"": ""784"", ""tot_buy_req_jub_pre"": ""0"", ""ovt_sel_req_pre"": ""0"", ""ovt_sel_req"": ""0"", ""ovt_buy_req"": ""0"", ""ovt_buy_req_pre"": ""0"", ""return_code"": 0, ""return_msg"": ""정상적으로 처리되었습니다""}"
2026-06-10,scan_candidate,138040,,0,main_scan,109300,,109300,109200,109300,109000,-0.7319304666056725,0.09149130832570906,,,,,,"{""bid_req_base_tm"": ""102715"", ""sel_10th_pre_req_pre"": ""0"", ""sel_10th_pre_req"": ""120"", ""sel_10th_pre_bid"": ""+110400"", ""sel_9th_pre_req_pre"": ""0"", ""sel_9th_pre_req"": ""1105"", ""sel_9th_pre_bid"": ""+110300"", ""sel_8th_pre_req_pre"": ""0"", ""sel_8th_pre_req"": ""504"", ""sel_8th_pre_bid"": ""+110200"", ""sel_7th_pre_req_pre"": ""0"", ""sel_7th_pre_req"": ""5069"", ""sel_7th_pre_bid"": ""+110100"", ""sel_6th_pre_req_pre"": ""0"", ""sel_6th_pre_req"": ""701"", ""sel_6th_pre_bid"": ""+110000"", ""sel_5th_pre_req_pre"": ""0"", ""sel_5th_pre_req"": ""91"", ""sel_5th_pre_bid"": ""+109900"", ""sel_4th_pre_req_pre"": ""0"", ""sel_4th_pre_req"": ""8"", ""sel_4th_pre_bid"": ""+109700"", ""sel_3th_pre_req_pre"": ""0"", ""sel_3th_pre_req"": ""52"", ""sel_3th_pre_bid"": ""+109600"", ""sel_2th_pre_req_pre"": ""0"", ""sel_2th_pre_req"": ""35"", ""sel_2th_pre_bid"": ""+109500"", ""sel_1th_pre_req_pre"": ""+1"", ""sel_fpr_req"": ""378"", ""sel_fpr_bid"": ""+109300"", ""buy_fpr_bid"": ""+109200"", ""buy_fpr_req"": ""488"", ""buy_1th_pre_req_pre"": ""0"", ""buy_2th_pre_bid"": ""109100"", ""buy_2th_pre_req"": ""1"", ""buy_2th_pre_req_pre"": ""0"", ""buy_3th_pre_bid"": ""-109000"", ""buy_3th_pre_req"": ""178"", ""buy_3th_pre_req_pre"": ""0"", ""buy_4th_pre_bid"": ""-108900"", ""buy_4th_pre_req"": ""41"", ""buy_4th_pre_req_pre"": ""0"", ""buy_5th_pre_bid"": ""-108800"", ""buy_5th_pre_req"": ""63"", ""buy_5th_pre_req_pre"": ""0"", ""buy_6th_pre_bid"": ""-108700"", ""buy_6th_pre_req"": ""4"", ""buy_6th_pre_req_pre"": ""0"", ""buy_7th_pre_bid"": ""-108600"", ""buy_7th_pre_req"": ""5"", ""buy_7th_pre_req_pre"": ""0"", ""buy_8th_pre_bid"": ""-108500"", ""buy_8th_pre_req"": ""3"", ""buy_8th_pre_req_pre"": ""0"", ""buy_9th_pre_bid"": ""-108400"", ""buy_9th_pre_req"": ""23"", ""buy_9th_pre_req_pre"": ""0"", ""buy_10th_pre_bid"": ""-108300"", ""buy_10th_pre_req"": ""3"", ""buy_10th_pre_req_pre"": ""0"", ""tot_sel_req_jub_pre"": ""+1"", ""tot_sel_req"": ""8063"", ""tot_buy_req"": ""809"", ""tot_buy_req_jub_pre"": ""0"", ""ovt_sel_req_pre"": ""0"", ""ovt_sel_req"": ""0"", ""ovt_buy_req"": ""0"", ""ovt_buy_req_pre"": ""0"", ""return_code"": 0, ""return_msg"": ""정상적으로 처리되었습니다""}"
2026-06-10,scan_candidate,003550,,0,main_scan,108400,,108400,108300,108400,108500,-0.36900369003690037,0.09225092250922509,,,,,,"{""bid_req_base_tm"": ""102717"", ""sel_10th_pre_req_pre"": ""0"", ""sel_10th_pre_req"": ""7"", ""sel_10th_pre_bid"": ""-109400"", ""sel_9th_pre_req_pre"": ""0"", ""sel_9th_pre_req"": ""37"", ""sel_9th_pre_bid"": ""-109300"", ""sel_8th_pre_req_pre"": ""0"", ""sel_8th_pre_req"": ""17"", ""sel_8th_pre_bid"": ""-109100"", ""sel_7th_pre_req_pre"": ""0"", ""sel_7th_pre_req"": ""91"", ""sel_7th_pre_bid"": ""-109000"", ""sel_6th_pre_req_pre"": ""0"", ""sel_6th_pre_req"": ""1"", ""sel_6th_pre_bid"": ""-108900"", ""sel_5th_pre_req_pre"": ""0"", ""sel_5th_pre_req"": ""2"", ""sel_5th_pre_bid"": ""-108800"", ""sel_4th_pre_req_pre"": ""0"", ""sel_4th_pre_req"": ""49"", ""sel_4th_pre_bid"": ""-108700"", ""sel_3th_pre_req_pre"": ""0"", ""sel_3th_pre_req"": ""104"", ""sel_3th_pre_bid"": ""-108600"", ""sel_2th_pre_req_pre"": ""0"", ""sel_2th_pre_req"": ""163"", ""sel_2th_pre_bid"": ""-108500"", ""sel_1th_pre_req_pre"": ""0"", ""sel_fpr_req"": ""475"", ""sel_fpr_bid"": ""-108400"", ""buy_fpr_bid"": ""-108300"", ""buy_fpr_req"": ""17"", ""buy_1th_pre_req_pre"": ""0"", ""buy_2th_pre_bid"": ""-108200"", ""buy_2th_pre_req"": ""516"", ""buy_2th_pre_req_pre"": ""0"", ""buy_3th_pre_bid"": ""-108100"", ""buy_3th_pre_req"": ""443"", ""buy_3th_pre_req_pre"": ""0"", ""buy_4th_pre_bid"": ""-108000"", ""buy_4th_pre_req"": ""299"", ""buy_4th_pre_req_pre"": ""0"", ""buy_5th_pre_bid"": ""-107900"", ""buy_5th_pre_req"": ""185"", ""buy_5th_pre_req_pre"": ""0"", ""buy_6th_pre_bid"": ""-107800"", ""buy_6th_pre_req"": ""381"", ""buy_6th_pre_req_pre"": ""0"", ""buy_7th_pre_bid"": ""-107700"", ""buy_7th_pre_req"": ""109"", ""buy_7th_pre_req_pre"": ""0"", ""buy_8th_pre_bid"": ""-107600"", ""buy_8th_pre_req"": ""58"", ""buy_8th_pre_req_pre"": ""0"", ""buy_9th_pre_bid"": ""-107500"", ""buy_9th_pre_req"": ""331"", ""buy_9th_pre_req_pre"": ""0"", ""buy_10th_pre_bid"": ""-107400"", ""buy_10th_pre_req"": ""148"", ""buy_10th_pre_req_pre"": ""0"", ""tot_sel_req_jub_pre"": ""0"", ""tot_sel_req"": ""946"", ""tot_buy_req"": ""2487"", ""tot_buy_req_jub_pre"": ""0"", ""ovt_sel_req_pre"": ""0"", ""ovt_sel_req"": ""0"", ""ovt_buy_req"": ""0"", ""ovt_buy_req_pre"": ""0"", ""return_code"": 0, ""return_msg"": ""정상적으로 처리되었습니다""}"
2026-06-10,scan_candidate,024110,,0,main_scan,21000,,21000,20950,21000,20800,-1.1904761904761905,0.2380952380952381,,,,,,"{""bid_req_base_tm"": ""102721"", ""sel_10th_pre_req_pre"": ""0"", ""sel_10th_pre_req"": ""3705"", ""sel_10th_pre_bid"": ""+21450"", ""sel_9th_pre_req_pre"": ""0"", ""sel_9th_pre_req"": ""9860"", ""sel_9th_pre_bid"": ""+21400"", ""sel_8th_pre_req_pre"": ""0"", ""sel_8th_pre_req"": ""5061"", ""sel_8th_pre_bid"": ""+21350"", ""sel_7th_pre_req_pre"": ""0"", ""sel_7th_pre_req"": ""13485"", ""sel_7th_pre_bid"": ""+21300"", ""sel_6th_pre_req_pre"": ""0"", ""sel_6th_pre_req"": ""6701"", ""sel_6th_pre_bid"": ""+21250"", ""sel_5th_pre_req_pre"": ""0"", ""sel_5th_pre_req"": ""17458"", ""sel_5th_pre_bid"": ""+21200"", ""sel_4th_pre_req_pre"": ""0"", ""sel_4th_pre_req"": ""17358"", ""sel_4th_pre_bid"": ""+21150"", ""sel_3th_pre_req_pre"": ""0"", ""sel_3th_pre_req"": ""4280"", ""sel_3th_pre_bid"": ""+21100"", ""sel_2th_pre_req_pre"": ""0"", ""sel_2th_pre_req"": ""2104"", ""sel_2th_pre_bid"": ""+21050"", ""sel_1th_pre_req_pre"": ""+1"", ""sel_fpr_req"": ""2149"", ""sel_fpr_bid"": ""+21000"", ""buy_fpr_bid"": ""+20950"", ""buy_fpr_req"": ""4024"", ""buy_1th_pre_req_pre"": ""0"", ""buy_2th_pre_bid"": ""+20900"", ""buy_2th_pre_req"": ""1252"", ""buy_2th_pre_req_pre"": ""0"", ""buy_3th_pre_bid"": ""+20850"", ""buy_3th_pre_req"": ""516"", ""buy_3th_pre_req_pre"": ""0"", ""buy_4th_pre_bid"": ""+20800"", ""buy_4th_pre_req"": ""1491"", ""buy_4th_pre_req_pre"": ""0"", ""buy_5th_pre_bid"": ""+20750"", ""buy_5th_pre_req"": ""1148"", ""buy_5th_pre_req_pre"": ""0"", ""buy_6th_pre_bid"": ""+20700"", ""buy_6th_pre_req"": ""2104"", ""buy_6th_pre_req_pre"": ""0"", ""buy_7th_pre_bid"": ""+20650"", ""buy_7th_pre_req"": ""782"", ""buy_7th_pre_req_pre"": ""0"", ""buy_8th_pre_bid"": ""+20600"", ""buy_8th_pre_req"": ""3049"", ""buy_8th_pre_req_pre"": ""0"", ""buy_9th_pre_bid"": ""20550"", ""buy_9th_pre_req"": ""1831"", ""buy_9th_pre_req_pre"": ""0"", ""buy_10th_pre_bid"": ""-20500"", ""buy_10th_pre_req"": ""1940"", ""buy_10th_pre_req_pre"": ""0"", ""tot_sel_req_jub_pre"": ""+1"", ""tot_sel_req"": ""82161"", ""tot_buy_req"": ""18137"", ""tot_buy_req_jub_pre"": ""0"", ""ovt_sel_req_pre"": ""0"", ""ovt_sel_req"": ""0"", ""ovt_buy_req"": ""0"", ""ovt_buy_req_pre"": ""0"", ""return_code"": 0, ""return_msg"": ""정상적으로 처리되었습니다""}"
2026-06-10,scan_candidate,079550,,0,main_scan,770000,,770000,769000,770000,770000,-0.12987012987012986,0.12987012987012986,,,,,,"{""bid_req_base_tm"": ""102721"", ""sel_10th_pre_req_pre"": ""0"", ""sel_10th_pre_req"": ""50"", ""sel_10th_pre_bid"": ""+779000"", ""sel_9th_pre_req_pre"": ""0"", ""sel_9th_pre_req"": ""30"", ""sel_9th_pre_bid"": ""+778000"", ""sel_8th_pre_req_pre"": ""0"", ""sel_8th_pre_req"": ""16"", ""sel_8th_pre_bid"": ""+777000"", ""sel_7th_pre_req_pre"": ""0"", ""sel_7th_pre_req"": ""23"", ""sel_7th_pre_bid"": ""+776000"", ""sel_6th_pre_req_pre"": ""0"", ""sel_6th_pre_req"": ""181"", ""sel_6th_pre_bid"": ""+775000"", ""sel_5th_pre_req_pre"": ""0"", ""sel_5th_pre_req"": ""69"", ""sel_5th_pre_bid"": ""+774000"", ""sel_4th_pre_req_pre"": ""0"", ""sel_4th_pre_req"": ""3"", ""sel_4th_pre_bid"": ""+773000"", ""sel_3th_pre_req_pre"": ""0"", ""sel_3th_pre_req"": ""10"", ""sel_3th_pre_bid"": ""+772000"", ""sel_2th_pre_req_pre"": ""0"", ""sel_2th_pre_req"": ""21"", ""sel_2th_pre_bid"": ""+771000"", ""sel_1th_pre_req_pre"": ""0"", ""sel_fpr_req"": ""219"", ""sel_fpr_bid"": ""+770000"", ""buy_fpr_bid"": ""+769000"", ""buy_fpr_req"": ""53"", ""buy_1th_pre_req_pre"": ""0"", ""buy_2th_pre_bid"": ""+768000"", ""buy_2th_pre_req"": ""223"", ""buy_2th_pre_req_pre"": ""0"", ""buy_3th_pre_bid"": ""+767000"", ""buy_3th_pre_req"": ""155"", ""buy_3th_pre_req_pre"": ""0"", ""buy_4th_pre_bid"": ""+766000"", ""buy_4th_pre_req"": ""3"", ""buy_4th_pre_req_pre"": ""0"", ""buy_5th_pre_bid"": ""+765000"", ""buy_5th_pre_req"": ""73"", ""buy_5th_pre_req_pre"": ""0"", ""buy_6th_pre_bid"": ""+764000"", ""buy_6th_pre_req"": ""17"", ""buy_6th_pre_req_pre"": ""0"", ""buy_7th_pre_bid"": ""+763000"", ""buy_7th_pre_req"": ""12"", ""buy_7th_pre_req_pre"": ""0"", ""buy_8th_pre_bid"": ""+762000"", ""buy_8th_pre_req"": ""70"", ""buy_8th_pre_req_pre"": ""0"", ""buy_9th_pre_bid"": ""+761000"", ""buy_9th_pre_req"": ""26"", ""buy_9th_pre_req_pre"": ""0"", ""buy_10th_pre_bid"": ""+760000"", ""buy_10th_pre_req"": ""77"", ""buy_10th_pre_req_pre"": ""0"", ""tot_sel_req_jub_pre"": ""0"", ""tot_sel_req"": ""622"", ""tot_buy_req"": ""709"", ""tot_buy_req_jub_pre"": ""0"", ""ovt_sel_req_pre"": ""0"", ""ovt_sel_req"": ""0"", ""ovt_buy_req"": ""0"", ""ovt_buy_req_pre"": ""0"", ""return_code"": 0, ""return_msg"": ""정상적으로 처리되었습니다""}"
2026-06-10,scan_candidate,278470,,0,main_scan,419500,,419500,418500,419500,419000,-0.23837902264600713,0.23837902264600713,,,,,,"{""bid_req_base_tm"": ""102721"", ""sel_10th_pre_req_pre"": ""0"", ""sel_10th_pre_req"": ""270"", ""sel_10th_pre_bid"": ""+424000"", ""sel_9th_pre_req_pre"": ""0"", ""sel_9th_pre_req"": ""94"", ""sel_9th_pre_bid"": ""+423500"", ""sel_8th_pre_req_pre"": ""0"", ""sel_8th_pre_req"": ""314"", ""sel_8th_pre_bid"": ""+423000"", ""sel_7th_pre_req_pre"": ""0"", ""sel_7th_pre_req"": ""1046"", ""sel_7th_pre_bid"": ""+422500"", ""sel_6th_pre_req_pre"": ""0"", ""sel_6th_pre_req"": ""238"", ""sel_6th_pre_bid"": ""+422000"", ""sel_5th_pre_req_pre"": ""0"", ""sel_5th_pre_req"": ""194"", ""sel_5th_pre_bid"": ""+421500"", ""sel_4th_pre_req_pre"": ""0"", ""sel_4th_pre_req"": ""102"", ""sel_4th_pre_bid"": ""+421000"", ""sel_3th_pre_req_pre"": ""0"", ""sel_3th_pre_req"": ""24"", ""sel_3th_pre_bid"": ""+420500"", ""sel_2th_pre_req_pre"": ""0"", ""sel_2th_pre_req"": ""38"", ""sel_2th_pre_bid"": ""+420000"", ""sel_1th_pre_req_pre"": ""0"", ""sel_fpr_req"": ""53"", ""sel_fpr_bid"": ""+419500"", ""buy_fpr_bid"": ""+418500"", ""buy_fpr_req"": ""34"", ""buy_1th_pre_req_pre"": ""0"", ""buy_2th_pre_bid"": ""+418000"", ""buy_2th_pre_req"": ""1545"", ""buy_2th_pre_req_pre"": ""+2"", ""buy_3th_pre_bid"": ""+417500"", ""buy_3th_pre_req"": ""10"", ""buy_3th_pre_req_pre"": ""0"", ""buy_4th_pre_bid"": ""+417000"", ""buy_4th_pre_req"": ""22"", ""buy_4th_pre_req_pre"": ""0"", ""buy_5th_pre_bid"": ""+416500"", ""buy_5th_pre_req"": ""73"", ""buy_5th_pre_req_pre"": ""0"", ""buy_6th_pre_bid"": ""+416000"", ""buy_6th_pre_req"": ""50"", ""buy_6th_pre_req_pre"": ""0"", ""buy_7th_pre_bid"": ""+415500"", ""buy_7th_pre_req"": ""58"", ""buy_7th_pre_req_pre"": ""0"", ""buy_8th_pre_bid"": ""+415000"", ""buy_8th_pre_req"": ""113"", ""buy_8th_pre_req_pre"": ""0"", ""buy_9th_pre_bid"": ""+414500"", ""buy_9th_pre_req"": ""347"", ""buy_9th_pre_req_pre"": ""0"", ""buy_10th_pre_bid"": ""+414000"", ""buy_10th_pre_req"": ""42"", ""buy_10th_pre_req_pre"": ""0"", ""tot_sel_req_jub_pre"": ""0"", ""tot_sel_req"": ""2373"", ""tot_buy_req"": ""2294"", ""tot_buy_req_jub_pre"": ""+2"", ""ovt_sel_req_pre"": ""0"", ""ovt_sel_req"": ""0"", ""ovt_buy_req"": ""0"", ""ovt_buy_req_pre"": ""0"", ""return_code"": 0, ""return_msg"": ""정상적으로 처리되었습니다""}"
2026-06-10,scan_candidate,030200,,0,main_scan,54600,,54600,54500,54600,54700,0.0,0.18315018315018314,,,,,,"{""bid_req_base_tm"": ""102711"", ""sel_10th_pre_req_pre"": ""0"", ""sel_10th_pre_req"": ""874"", ""sel_10th_pre_bid"": ""+55500"", ""sel_9th_pre_req_pre"": ""0"", ""sel_9th_pre_req"": ""1228"", ""sel_9th_pre_bid"": ""+55400"", ""sel_8th_pre_req_pre"": ""0"", ""sel_8th_pre_req"": ""1211"", ""sel_8th_pre_bid"": ""+55300"", ""sel_7th_pre_req_pre"": ""0"", ""sel_7th_pre_req"": ""969"", ""sel_7th_pre_bid"": ""+55200"", ""sel_6th_pre_req_pre"": ""0"", ""sel_6th_pre_req"": ""1390"", ""sel_6th_pre_bid"": ""+55100"", ""sel_5th_pre_req_pre"": ""0"", ""sel_5th_pre_req"": ""2409"", ""sel_5th_pre_bid"": ""+55000"", ""sel_4th_pre_req_pre"": ""0"", ""sel_4th_pre_req"": ""341"", ""sel_4th_pre_bid"": ""+54900"", ""sel_3th_pre_req_pre"": ""0"", ""sel_3th_pre_req"": ""221"", ""sel_3th_pre_bid"": ""+54800"", ""sel_2th_pre_req_pre"": ""0"", ""sel_2th_pre_req"": ""99"", ""sel_2th_pre_bid"": ""+54700"", ""sel_1th_pre_req_pre"": ""0"", ""sel_fpr_req"": ""70"", ""sel_fpr_bid"": ""+54600"", ""buy_fpr_bid"": ""+54500"", ""buy_fpr_req"": ""2"", ""buy_1th_pre_req_pre"": ""0"", ""buy_2th_pre_bid"": ""+54400"", ""buy_2th_pre_req"": ""594"", ""buy_2th_pre_req_pre"": ""0"", ""buy_3th_pre_bid"": ""+54300"", ""buy_3th_pre_req"": ""2176"", ""buy_3th_pre_req_pre"": ""0"", ""buy_4th_pre_bid"": ""+54200"", ""buy_4th_pre_req"": ""1109"", ""buy_4th_pre_req_pre"": ""0"", ""buy_5th_pre_bid"": ""+54100"", ""buy_5th_pre_req"": ""443"", ""buy_5th_pre_req_pre"": ""0"", ""buy_6th_pre_bid"": ""+54000"", ""buy_6th_pre_req"": ""4399"", ""buy_6th_pre_req_pre"": ""0"", ""buy_7th_pre_bid"": ""+53900"", ""buy_7th_pre_req"": ""921"", ""buy_7th_pre_req_pre"": ""0"", ""buy_8th_pre_bid"": ""53800"", ""buy_8th_pre_req"": ""2627"", ""buy_8th_pre_req_pre"": ""0"", ""buy_9th_pre_bid"": ""-53700"", ""buy_9th_pre_req"": ""885"", ""buy_9th_pre_req_pre"": ""0"", ""buy_10th_pre_bid"": ""-53600"", ""buy_10th_pre_req"": ""395"", ""buy_10th_pre_req_pre"": ""0"", ""tot_sel_req_jub_pre"": ""+872"", ""tot_sel_req"": ""8812"", ""tot_buy_req"": ""13551"", ""tot_buy_req_jub_pre"": ""--888"", ""ovt_sel_req_pre"": ""0"", ""ovt_sel_req"": ""0"", ""ovt_buy_req"": ""0"", ""ovt_buy_req_pre"": ""0"", ""return_code"": 0, ""return_msg"": ""정상적으로 처리되었습니다""}"
2026-06-10,scan_candidate,010950,,0,main_scan,110300,,110300,110200,110300,110000,-0.7252946509519492,0.09066183136899365,,,,,,"{""bid_req_base_tm"": ""102722"", ""sel_10th_pre_req_pre"": ""0"", ""sel_10th_pre_req"": ""43"", ""sel_10th_pre_bid"": ""+111200"", ""sel_9th_pre_req_pre"": ""0"", ""sel_9th_pre_req"": ""602"", ""sel_9th_pre_bid"": ""+111100"", ""sel_8th_pre_req_pre"": ""0"", ""sel_8th_pre_req"": ""61"", ""sel_8th_pre_bid"": ""+111000"", ""sel_7th_pre_req_pre"": ""0"", ""sel_7th_pre_req"": ""4"", ""sel_7th_pre_bid"": ""110900"", ""sel_6th_pre_req_pre"": ""0"", ""sel_6th_pre_req"": ""12"", ""sel_6th_pre_bid"": ""-110800"", ""sel_5th_pre_req_pre"": ""0"", ""sel_5th_pre_req"": ""51"", ""sel_5th_pre_bid"": ""-110700"", ""sel_4th_pre_req_pre"": ""0"", ""sel_4th_pre_req"": ""3"", ""sel_4th_pre_bid"": ""-110600"", ""sel_3th_pre_req_pre"": ""0"", ""sel_3th_pre_req"": ""3"", ""sel_3th_pre_bid"": ""-110500"", ""sel_2th_pre_req_pre"": ""0"", ""sel_2th_pre_req"": ""29"", ""sel_2th_pre_bid"": ""-110400"", ""sel_1th_pre_req_pre"": ""0"", ""sel_fpr_req"": ""78"", ""sel_fpr_bid"": ""-110300"", ""buy_fpr_bid"": ""-110200"", ""buy_fpr_req"": ""180"", ""buy_1th_pre_req_pre"": ""0"", ""buy_2th_pre_bid"": ""-110100"", ""buy_2th_pre_req"": ""74"", ""buy_2th_pre_req_pre"": ""0"", ""buy_3th_pre_bid"": ""-110000"", ""buy_3th_pre_req"": ""174"", ""buy_3th_pre_req_pre"": ""0"", ""buy_4th_pre_bid"": ""-109900"", ""buy_4th_pre_req"": ""141"", ""buy_4th_pre_req_pre"": ""0"", ""buy_5th_pre_bid"": ""-109800"", ""buy_5th_pre_req"": ""40"", ""buy_5th_pre_req_pre"": ""0"", ""buy_6th_pre_bid"": ""-109700"", ""buy_6th_pre_req"": ""1"", ""buy_6th_pre_req_pre"": ""0"", ""buy_7th_pre_bid"": ""-109600"", ""buy_7th_pre_req"": ""2"", ""buy_7th_pre_req_pre"": ""0"", ""buy_8th_pre_bid"": ""-109500"", ""buy_8th_pre_req"": ""317"", ""buy_8th_pre_req_pre"": ""0"", ""buy_9th_pre_bid"": ""-109400"", ""buy_9th_pre_req"": ""302"", ""buy_9th_pre_req_pre"": ""0"", ""buy_10th_pre_bid"": ""-109300"", ""buy_10th_pre_req"": ""402"", ""buy_10th_pre_req_pre"": ""0"", ""tot_sel_req_jub_pre"": ""0"", ""tot_sel_req"": ""886"", ""tot_buy_req"": ""1633"", ""tot_buy_req_jub_pre"": ""0"", ""ovt_sel_req_pre"": ""0"", ""ovt_sel_req"": ""0"", ""ovt_buy_req"": ""0"", ""ovt_buy_req_pre"": ""0"", ""return_code"": 0, ""return_msg"": ""정상적으로 처리되었습니다""}"
2026-06-10,scan_candidate,323410,,0,main_scan,24650,,24650,24600,24650,24450,-1.0141987829614605,0.2028397565922921,,,,,,"{""bid_req_base_tm"": ""102722"", ""sel_10th_pre_req_pre"": ""0"", ""sel_10th_pre_req"": ""1725"", ""sel_10th_pre_bid"": ""+25100"", ""sel_9th_pre_req_pre"": ""0"", ""sel_9th_pre_req"": ""2230"", ""sel_9th_pre_bid"": ""+25050"", ""sel_8th_pre_req_pre"": ""0"", ""sel_8th_pre_req"": ""14152"", ""sel_8th_pre_bid"": ""+25000"", ""sel_7th_pre_req_pre"": ""0"", ""sel_7th_pre_req"": ""9812"", ""sel_7th_pre_bid"": ""+24950"", ""sel_6th_pre_req_pre"": ""0"", ""sel_6th_pre_req"": ""6534"", ""sel_6th_pre_bid"": ""+24900"", ""sel_5th_pre_req_pre"": ""0"", ""sel_5th_pre_req"": ""3593"", ""sel_5th_pre_bid"": ""+24850"", ""sel_4th_pre_req_pre"": ""0"", ""sel_4th_pre_req"": ""9576"", ""sel_4th_pre_bid"": ""+24800"", ""sel_3th_pre_req_pre"": ""0"", ""sel_3th_pre_req"": ""3621"", ""sel_3th_pre_bid"": ""+24750"", ""sel_2th_pre_req_pre"": ""0"", ""sel_2th_pre_req"": ""5105"", ""sel_2th_pre_bid"": ""+24700"", ""sel_1th_pre_req_pre"": ""--5"", ""sel_fpr_req"": ""4621"", ""sel_fpr_bid"": ""+24650"", ""buy_fpr_bid"": ""+24600"", ""buy_fpr_req"": ""1369"", ""buy_1th_pre_req_pre"": ""0"", ""buy_2th_pre_bid"": ""+24550"", ""buy_2th_pre_req"": ""2135"", ""buy_2th_pre_req_pre"": ""0"", ""buy_3th_pre_bid"": ""+24500"", ""buy_3th_pre_req"": ""2046"", ""buy_3th_pre_req_pre"": ""0"", ""buy_4th_pre_bid"": ""+24450"", ""buy_4th_pre_req"": ""1115"", ""buy_4th_pre_req_pre"": ""0"", ""buy_5th_pre_bid"": ""24400"", ""buy_5th_pre_req"": ""2883"", ""buy_5th_pre_req_pre"": ""0"", ""buy_6th_pre_bid"": ""-24350"", ""buy_6th_pre_req"": ""2447"", ""buy_6th_pre_req_pre"": ""0"", ""buy_7th_pre_bid"": ""-24300"", ""buy_7th_pre_req"": ""1225"", ""buy_7th_pre_req_pre"": ""0"", ""buy_8th_pre_bid"": ""-24250"", ""buy_8th_pre_req"": ""1360"", ""buy_8th_pre_req_pre"": ""0"", ""buy_9th_pre_bid"": ""-24200"", ""buy_9th_pre_req"": ""1080"", ""buy_9th_pre_req_pre"": ""0"", ""buy_10th_pre_bid"": ""-24150"", ""buy_10th_pre_req"": ""1192"", ""buy_10th_pre_req_pre"": ""0"", ""tot_sel_req_jub_pre"": ""--5"", ""tot_sel_req"": ""60969"", ""tot_buy_req"": ""16852"", ""tot_buy_req_jub_pre"": ""0"", ""ovt_sel_req_pre"": ""0"", ""ovt_sel_req"": ""0"", ""ovt_buy_req"": ""0"", ""ovt_buy_req_pre"": ""0"", ""return_code"": 0, ""return_msg"": ""정상적으로 처리되었습니다""}"
2026-06-10,scan_candidate,005940,,0,main_scan,30750,,30750,30700,30750,30850,0.16260162601626016,0.16260162601626016,,,,,,"{""bid_req_base_tm"": ""102721"", ""sel_10th_pre_req_pre"": ""0"", ""sel_10th_pre_req"": ""57"", ""sel_10th_pre_bid"": ""-31200"", ""sel_9th_pre_req_pre"": ""0"", ""sel_9th_pre_req"": ""17"", ""sel_9th_pre_bid"": ""-31150"", ""sel_8th_pre_req_pre"": ""0"", ""sel_8th_pre_req"": ""57"", ""sel_8th_pre_bid"": ""-31100"", ""sel_7th_pre_req_pre"": ""0"", ""sel_7th_pre_req"": ""4"", ""sel_7th_pre_bid"": ""-31050"", ""sel_6th_pre_req_pre"": ""0"", ""sel_6th_pre_req"": ""144"", ""sel_6th_pre_bid"": ""-31000"", ""sel_5th_pre_req_pre"": ""0"", ""sel_5th_pre_req"": ""2"", ""sel_5th_pre_bid"": ""-30950"", ""sel_4th_pre_req_pre"": ""0"", ""sel_4th_pre_req"": ""377"", ""sel_4th_pre_bid"": ""-30900"", ""sel_3th_pre_req_pre"": ""0"", ""sel_3th_pre_req"": ""280"", ""sel_3th_pre_bid"": ""-30850"", ""sel_2th_pre_req_pre"": ""0"", ""sel_2th_pre_req"": ""525"", ""sel_2th_pre_bid"": ""-30800"", ""sel_1th_pre_req_pre"": ""0"", ""sel_fpr_req"": ""816"", ""sel_fpr_bid"": ""-30750"", ""buy_fpr_bid"": ""-30700"", ""buy_fpr_req"": ""814"", ""buy_1th_pre_req_pre"": ""+16"", ""buy_2th_pre_bid"": ""-30650"", ""buy_2th_pre_req"": ""219"", ""buy_2th_pre_req_pre"": ""0"", ""buy_3th_pre_bid"": ""-30600"", ""buy_3th_pre_req"": ""290"", ""buy_3th_pre_req_pre"": ""0"", ""buy_4th_pre_bid"": ""-30550"", ""buy_4th_pre_req"": ""275"", ""buy_4th_pre_req_pre"": ""0"", ""buy_5th_pre_bid"": ""-30500"", ""buy_5th_pre_req"": ""2339"", ""buy_5th_pre_req_pre"": ""0"", ""buy_6th_pre_bid"": ""-30450"", ""buy_6th_pre_req"": ""208"", ""buy_6th_pre_req_pre"": ""0"", ""buy_7th_pre_bid"": ""-30400"", ""buy_7th_pre_req"": ""1185"", ""buy_7th_pre_req_pre"": ""0"", ""buy_8th_pre_bid"": ""-30350"", ""buy_8th_pre_req"": ""531"", ""buy_8th_pre_req_pre"": ""0"", ""buy_9th_pre_bid"": ""-30300"", ""buy_9th_pre_req"": ""2791"", ""buy_9th_pre_req_pre"": ""0"", ""buy_10th_pre_bid"": ""-30250"", ""buy_10th_pre_req"": ""220"", ""buy_10th_pre_req_pre"": ""0"", ""tot_sel_req_jub_pre"": ""0"", ""tot_sel_req"": ""2279"", ""tot_buy_req"": ""8872"", ""tot_buy_req_jub_pre"": ""+16"", ""ovt_sel_req_pre"": ""0"", ""ovt_sel_req"": ""0"", ""ovt_buy_req"": ""0"", ""ovt_buy_req_pre"": ""0"", ""return_code"": 0, ""return_msg"": ""정상적으로 처리되었습니다""}"
2026-06-10,scan_candidate,064400,,0,main_scan,96400,,96400,96300,96400,96600,0.1037344398340249,0.1037344398340249,,,,,,"{""bid_req_base_tm"": ""102722"", ""sel_10th_pre_req_pre"": ""0"", ""sel_10th_pre_req"": ""295"", ""sel_10th_pre_bid"": ""-97300"", ""sel_9th_pre_req_pre"": ""0"", ""sel_9th_pre_req"": ""181"", ""sel_9th_pre_bid"": ""-97200"", ""sel_8th_pre_req_pre"": ""0"", ""sel_8th_pre_req"": ""147"", ""sel_8th_pre_bid"": ""-97100"", ""sel_7th_pre_req_pre"": ""0"", ""sel_7th_pre_req"": ""234"", ""sel_7th_pre_bid"": ""-97000"", ""sel_6th_pre_req_pre"": ""0"", ""sel_6th_pre_req"": ""3"", ""sel_6th_pre_bid"": ""-96900"", ""sel_5th_pre_req_pre"": ""0"", ""sel_5th_pre_req"": ""520"", ""sel_5th_pre_bid"": ""-96800"", ""sel_4th_pre_req_pre"": ""0"", ""sel_4th_pre_req"": ""40"", ""sel_4th_pre_bid"": ""-96700"", ""sel_3th_pre_req_pre"": ""0"", ""sel_3th_pre_req"": ""62"", ""sel_3th_pre_bid"": ""-96600"", ""sel_2th_pre_req_pre"": ""0"", ""sel_2th_pre_req"": ""9"", ""sel_2th_pre_bid"": ""-96500"", ""sel_1th_pre_req_pre"": ""0"", ""sel_fpr_req"": ""308"", ""sel_fpr_bid"": ""-96400"", ""buy_fpr_bid"": ""-96300"", ""buy_fpr_req"": ""219"", ""buy_1th_pre_req_pre"": ""+200"", ""buy_2th_pre_bid"": ""-96200"", ""buy_2th_pre_req"": ""576"", ""buy_2th_pre_req_pre"": ""0"", ""buy_3th_pre_bid"": ""-96100"", ""buy_3th_pre_req"": ""648"", ""buy_3th_pre_req_pre"": ""0"", ""buy_4th_pre_bid"": ""-96000"", ""buy_4th_pre_req"": ""1332"", ""buy_4th_pre_req_pre"": ""0"", ""buy_5th_pre_bid"": ""-95900"", ""buy_5th_pre_req"": ""292"", ""buy_5th_pre_req_pre"": ""0"", ""buy_6th_pre_bid"": ""-95800"", ""buy_6th_pre_req"": ""1026"", ""buy_6th_pre_req_pre"": ""0"", ""buy_7th_pre_bid"": ""-95700"", ""buy_7th_pre_req"": ""906"", ""buy_7th_pre_req_pre"": ""0"", ""buy_8th_pre_bid"": ""-95600"", ""buy_8th_pre_req"": ""1247"", ""buy_8th_pre_req_pre"": ""0"", ""buy_9th_pre_bid"": ""-95500"", ""buy_9th_pre_req"": ""2002"", ""buy_9th_pre_req_pre"": ""0"", ""buy_10th_pre_bid"": ""-95400"", ""buy_10th_pre_req"": ""1359"", ""buy_10th_pre_req_pre"": ""0"", ""tot_sel_req_jub_pre"": ""0"", ""tot_sel_req"": ""1799"", ""tot_buy_req"": ""9607"", ""tot_buy_req_jub_pre"": ""+200"", ""ovt_sel_req_pre"": ""0"", ""ovt_sel_req"": ""0"", ""ovt_buy_req"": ""0"", ""ovt_buy_req_pre"": ""0"", ""return_code"": 0, ""return_msg"": ""정상적으로 처리되었습니다""}"
2026-06-10,scan_candidate,003490,,0,main_scan,25600,,25600,25550,25600,25450,-0.78125,0.1953125,,,,,,"{""bid_req_base_tm"": ""102722"", ""sel_10th_pre_req_pre"": ""0"", ""sel_10th_pre_req"": ""3240"", ""sel_10th_pre_bid"": ""+26050"", ""sel_9th_pre_req_pre"": ""0"", ""sel_9th_pre_req"": ""42584"", ""sel_9th_pre_bid"": ""+26000"", ""sel_8th_pre_req_pre"": ""0"", ""sel_8th_pre_req"": ""16327"", ""sel_8th_pre_bid"": ""+25950"", ""sel_7th_pre_req_pre"": ""0"", ""sel_7th_pre_req"": ""18687"", ""sel_7th_pre_bid"": ""+25900"", ""sel_6th_pre_req_pre"": ""0"", ""sel_6th_pre_req"": ""10588"", ""sel_6th_pre_bid"": ""+25850"", ""sel_5th_pre_req_pre"": ""0"", ""sel_5th_pre_req"": ""50600"", ""sel_5th_pre_bid"": ""+25800"", ""sel_4th_pre_req_pre"": ""0"", ""sel_4th_pre_req"": ""9444"", ""sel_4th_pre_bid"": ""+25750"", ""sel_3th_pre_req_pre"": ""0"", ""sel_3th_pre_req"": ""4330"", ""sel_3th_pre_bid"": ""+25700"", ""sel_2th_pre_req_pre"": ""0"", ""sel_2th_pre_req"": ""5991"", ""sel_2th_pre_bid"": ""+25650"", ""sel_1th_pre_req_pre"": ""--3"", ""sel_fpr_req"": ""321"", ""sel_fpr_bid"": ""+25600"", ""buy_fpr_bid"": ""+25550"", ""buy_fpr_req"": ""1267"", ""buy_1th_pre_req_pre"": ""0"", ""buy_2th_pre_bid"": ""+25500"", ""buy_2th_pre_req"": ""956"", ""buy_2th_pre_req_pre"": ""0"", ""buy_3th_pre_bid"": ""+25450"", ""buy_3th_pre_req"": ""4141"", ""buy_3th_pre_req_pre"": ""0"", ""buy_4th_pre_bid"": ""+25400"", ""buy_4th_pre_req"": ""4355"", ""buy_4th_pre_req_pre"": ""0"", ""buy_5th_pre_bid"": ""+25350"", ""buy_5th_pre_req"": ""6928"", ""buy_5th_pre_req_pre"": ""0"", ""buy_6th_pre_bid"": ""+25300"", ""buy_6th_pre_req"": ""4235"", ""buy_6th_pre_req_pre"": ""0"", ""buy_7th_pre_bid"": ""+25250"", ""buy_7th_pre_req"": ""2752"", ""buy_7th_pre_req_pre"": ""0"", ""buy_8th_pre_bid"": ""+25200"", ""buy_8th_pre_req"": ""3995"", ""buy_8th_pre_req_pre"": ""0"", ""buy_9th_pre_bid"": ""+25150"", ""buy_9th_pre_req"": ""1771"", ""buy_9th_pre_req_pre"": ""0"", ""buy_10th_pre_bid"": ""+25100"", ""buy_10th_pre_req"": ""2587"", ""buy_10th_pre_req_pre"": ""0"", ""tot_sel_req_jub_pre"": ""--3"", ""tot_sel_req"": ""162112"", ""tot_buy_req"": ""32987"", ""tot_buy_req_jub_pre"": ""0"", ""ovt_sel_req_pre"": ""0"", ""ovt_sel_req"": ""0"", ""ovt_buy_req"": ""0"", ""ovt_buy_req_pre"": ""0"", ""return_code"": 0, ""return_msg"": ""정상적으로 처리되었습니다""}"
2026-06-10,scan_candidate,161390,,0,main_scan,71300,,71300,71200,71300,71500,0.1402524544179523,0.1402524544179523,,,,,,"{""bid_req_base_tm"": ""102722"", ""sel_10th_pre_req_pre"": ""0"", ""sel_10th_pre_req"": ""9"", ""sel_10th_pre_bid"": ""-72200"", ""sel_9th_pre_req_pre"": ""0"", ""sel_9th_pre_req"": ""31"", ""sel_9th_pre_bid"": ""-72100"", ""sel_8th_pre_req_pre"": ""0"", ""sel_8th_pre_req"": ""15"", ""sel_8th_pre_bid"": ""-72000"", ""sel_7th_pre_req_pre"": ""0"", ""sel_7th_pre_req"": ""417"", ""sel_7th_pre_bid"": ""-71900"", ""sel_6th_pre_req_pre"": ""0"", ""sel_6th_pre_req"": ""2"", ""sel_6th_pre_bid"": ""-71800"", ""sel_5th_pre_req_pre"": ""0"", ""sel_5th_pre_req"": ""34"", ""sel_5th_pre_bid"": ""-71700"", ""sel_4th_pre_req_pre"": ""0"", ""sel_4th_pre_req"": ""34"", ""sel_4th_pre_bid"": ""-71600"", ""sel_3th_pre_req_pre"": ""0"", ""sel_3th_pre_req"": ""285"", ""sel_3th_pre_bid"": ""-71500"", ""sel_2th_pre_req_pre"": ""--5"", ""sel_2th_pre_req"": ""640"", ""sel_2th_pre_bid"": ""-71400"", ""sel_1th_pre_req_pre"": ""+4"", ""sel_fpr_req"": ""2954"", ""sel_fpr_bid"": ""-71300"", ""buy_fpr_bid"": ""-71200"", ""buy_fpr_req"": ""2374"", ""buy_1th_pre_req_pre"": ""0"", ""buy_2th_pre_bid"": ""-71100"", ""buy_2th_pre_req"": ""508"", ""buy_2th_pre_req_pre"": ""0"", ""buy_3th_pre_bid"": ""-71000"", ""buy_3th_pre_req"": ""1286"", ""buy_3th_pre_req_pre"": ""0"", ""buy_4th_pre_bid"": ""-70900"", ""buy_4th_pre_req"": ""2119"", ""buy_4th_pre_req_pre"": ""0"", ""buy_5th_pre_bid"": ""-70800"", ""buy_5th_pre_req"": ""164"", ""buy_5th_pre_req_pre"": ""0"", ""buy_6th_pre_bid"": ""-70700"", ""buy_6th_pre_req"": ""72"", ""buy_6th_pre_req_pre"": ""0"", ""buy_7th_pre_bid"": ""-70600"", ""buy_7th_pre_req"": ""87"", ""buy_7th_pre_req_pre"": ""0"", ""buy_8th_pre_bid"": ""-70500"", ""buy_8th_pre_req"": ""326"", ""buy_8th_pre_req_pre"": ""0"", ""buy_9th_pre_bid"": ""-70400"", ""buy_9th_pre_req"": ""112"", ""buy_9th_pre_req_pre"": ""0"", ""buy_10th_pre_bid"": ""-70300"", ""buy_10th_pre_req"": ""90"", ""buy_10th_pre_req_pre"": ""0"", ""tot_sel_req_jub_pre"": ""--1"", ""tot_sel_req"": ""4421"", ""tot_buy_req"": ""7138"", ""tot_buy_req_jub_pre"": ""0"", ""ovt_sel_req_pre"": ""0"", ""ovt_sel_req"": ""0"", ""ovt_buy_req"": ""0"", ""ovt_buy_req_pre"": ""0"", ""return_code"": 0, ""return_msg"": ""정상적으로 처리되었습니다""}"
2026-06-10,scan_candidate,003230,,0,main_scan,1150000,,1150000,1149000,1150000,1150000,-0.08695652173913043,0.08695652173913043,,,,,,"{""bid_req_base_tm"": ""102722"", ""sel_10th_pre_req_pre"": ""0"", ""sel_10th_pre_req"": ""153"", ""sel_10th_pre_bid"": ""+1160000"", ""sel_9th_pre_req_pre"": ""0"", ""sel_9th_pre_req"": ""27"", ""sel_9th_pre_bid"": ""+1159000"", ""sel_8th_pre_req_pre"": ""0"", ""sel_8th_pre_req"": ""4"", ""sel_8th_pre_bid"": ""+1158000"", ""sel_7th_pre_req_pre"": ""0"", ""sel_7th_pre_req"": ""7"", ""sel_7th_pre_bid"": ""+1157000"", ""sel_6th_pre_req_pre"": ""0"", ""sel_6th_pre_req"": ""2"", ""sel_6th_pre_bid"": ""+1156000"", ""sel_5th_pre_req_pre"": ""0"", ""sel_5th_pre_req"": ""6"", ""sel_5th_pre_bid"": ""+1155000"", ""sel_4th_pre_req_pre"": ""0"", ""sel_4th_pre_req"": ""16"", ""sel_4th_pre_bid"": ""+1153000"", ""sel_3th_pre_req_pre"": ""+5"", ""sel_3th_pre_req"": ""9"", ""sel_3th_pre_bid"": ""+1152000"", ""sel_2th_pre_req_pre"": ""0"", ""sel_2th_pre_req"": ""2"", ""sel_2th_pre_bid"": ""+1151000"", ""sel_1th_pre_req_pre"": ""0"", ""sel_fpr_req"": ""7"", ""sel_fpr_bid"": ""+1150000"", ""buy_fpr_bid"": ""+1149000"", ""buy_fpr_req"": ""24"", ""buy_1th_pre_req_pre"": ""0"", ""buy_2th_pre_bid"": ""+1148000"", ""buy_2th_pre_req"": ""37"", ""buy_2th_pre_req_pre"": ""0"", ""buy_3th_pre_bid"": ""+1147000"", ""buy_3th_pre_req"": ""61"", ""buy_3th_pre_req_pre"": ""0"", ""buy_4th_pre_bid"": ""+1146000"", ""buy_4th_pre_req"": ""44"", ""buy_4th_pre_req_pre"": ""0"", ""buy_5th_pre_bid"": ""+1145000"", ""buy_5th_pre_req"": ""50"", ""buy_5th_pre_req_pre"": ""0"", ""buy_6th_pre_bid"": ""+1144000"", ""buy_6th_pre_req"": ""10"", ""buy_6th_pre_req_pre"": ""0"", ""buy_7th_pre_bid"": ""+1143000"", ""buy_7th_pre_req"": ""1"", ""buy_7th_pre_req_pre"": ""0"", ""buy_8th_pre_bid"": ""+1142000"", ""buy_8th_pre_req"": ""5"", ""buy_8th_pre_req_pre"": ""0"", ""buy_9th_pre_bid"": ""+1141000"", ""buy_9th_pre_req"": ""7"", ""buy_9th_pre_req_pre"": ""0"", ""buy_10th_pre_bid"": ""+1140000"", ""buy_10th_pre_req"": ""21"", ""buy_10th_pre_req_pre"": ""0"", ""tot_sel_req_jub_pre"": ""+5"", ""tot_sel_req"": ""233"", ""tot_buy_req"": ""260"", ""tot_buy_req_jub_pre"": ""0"", ""ovt_sel_req_pre"": ""0"", ""ovt_sel_req"": ""0"", ""ovt_buy_req"": ""0"", ""ovt_buy_req_pre"": ""0"", ""return_code"": 0, ""return_msg"": ""정상적으로 처리되었습니다""}"
2026-06-10,scan_candidate,180640,,0,main_scan,120100,,120100,120000,120100,119500,-0.9159034138218152,0.08326394671107411,,,,,,"{""bid_req_base_tm"": ""102721"", ""sel_10th_pre_req_pre"": ""0"", ""sel_10th_pre_req"": ""239"", ""sel_10th_pre_bid"": ""+121100"", ""sel_9th_pre_req_pre"": ""0"", ""sel_9th_pre_req"": ""468"", ""sel_9th_pre_bid"": ""+121000"", ""sel_8th_pre_req_pre"": ""0"", ""sel_8th_pre_req"": ""81"", ""sel_8th_pre_bid"": ""+120900"", ""sel_7th_pre_req_pre"": ""0"", ""sel_7th_pre_req"": ""377"", ""sel_7th_pre_bid"": ""+120800"", ""sel_6th_pre_req_pre"": ""0"", ""sel_6th_pre_req"": ""11"", ""sel_6th_pre_bid"": ""+120700"", ""sel_5th_pre_req_pre"": ""0"", ""sel_5th_pre_req"": ""21"", ""sel_5th_pre_bid"": ""+120600"", ""sel_4th_pre_req_pre"": ""0"", ""sel_4th_pre_req"": ""2"", ""sel_4th_pre_bid"": ""+120400"", ""sel_3th_pre_req_pre"": ""0"", ""sel_3th_pre_req"": ""5"", ""sel_3th_pre_bid"": ""+120300"", ""sel_2th_pre_req_pre"": ""0"", ""sel_2th_pre_req"": ""21"", ""sel_2th_pre_bid"": ""+120200"", ""sel_1th_pre_req_pre"": ""0"", ""sel_fpr_req"": ""70"", ""sel_fpr_bid"": ""+120100"", ""buy_fpr_bid"": ""+120000"", ""buy_fpr_req"": ""19"", ""buy_1th_pre_req_pre"": ""0"", ""buy_2th_pre_bid"": ""+119900"", ""buy_2th_pre_req"": ""12"", ""buy_2th_pre_req_pre"": ""0"", ""buy_3th_pre_bid"": ""+119800"", ""buy_3th_pre_req"": ""10"", ""buy_3th_pre_req_pre"": ""0"", ""buy_4th_pre_bid"": ""+119600"", ""buy_4th_pre_req"": ""25"", ""buy_4th_pre_req_pre"": ""0"", ""buy_5th_pre_bid"": ""+119300"", ""buy_5th_pre_req"": ""20"", ""buy_5th_pre_req_pre"": ""0"", ""buy_6th_pre_bid"": ""+119000"", ""buy_6th_pre_req"": ""27"", ""buy_6th_pre_req_pre"": ""0"", ""buy_7th_pre_bid"": ""+118900"", ""buy_7th_pre_req"": ""37"", ""buy_7th_pre_req_pre"": ""0"", ""buy_8th_pre_bid"": ""+118800"", ""buy_8th_pre_req"": ""168"", ""buy_8th_pre_req_pre"": ""0"", ""buy_9th_pre_bid"": ""+118400"", ""buy_9th_pre_req"": ""326"", ""buy_9th_pre_req_pre"": ""0"", ""buy_10th_pre_bid"": ""+118200"", ""buy_10th_pre_req"": ""14"", ""buy_10th_pre_req_pre"": ""0"", ""tot_sel_req_jub_pre"": ""0"", ""tot_sel_req"": ""1295"", ""tot_buy_req"": ""658"", ""tot_buy_req_jub_pre"": ""0"", ""ovt_sel_req_pre"": ""0"", ""ovt_sel_req"": ""0"", ""ovt_buy_req"": ""0"", ""ovt_buy_req_pre"": ""0"", ""return_code"": 0, ""return_msg"": ""정상적으로 처리되었습니다""}"
2026-06-10,scan_candidate,454910,,0,main_scan,110300,,110300,110200,110300,110500,-0.271985494106981,0.09066183136899365,,,,,,"{""bid_req_base_tm"": ""102724"", ""sel_10th_pre_req_pre"": ""0"", ""sel_10th_pre_req"": ""198"", ""sel_10th_pre_bid"": ""-111200"", ""sel_9th_pre_req_pre"": ""0"", ""sel_9th_pre_req"": ""110"", ""sel_9th_pre_bid"": ""-111100"", ""sel_8th_pre_req_pre"": ""0"", ""sel_8th_pre_req"": ""3719"", ""sel_8th_pre_bid"": ""-111000"", ""sel_7th_pre_req_pre"": ""0"", ""sel_7th_pre_req"": ""369"", ""sel_7th_pre_bid"": ""-110900"", ""sel_6th_pre_req_pre"": ""0"", ""sel_6th_pre_req"": ""145"", ""sel_6th_pre_bid"": ""-110800"", ""sel_5th_pre_req_pre"": ""0"", ""sel_5th_pre_req"": ""75"", ""sel_5th_pre_bid"": ""-110700"", ""sel_4th_pre_req_pre"": ""0"", ""sel_4th_pre_req"": ""1"", ""sel_4th_pre_bid"": ""-110600"", ""sel_3th_pre_req_pre"": ""0"", ""sel_3th_pre_req"": ""55"", ""sel_3th_pre_bid"": ""-110500"", ""sel_2th_pre_req_pre"": ""0"", ""sel_2th_pre_req"": ""27"", ""sel_2th_pre_bid"": ""-110400"", ""sel_1th_pre_req_pre"": ""0"", ""sel_fpr_req"": ""291"", ""sel_fpr_bid"": ""-110300"", ""buy_fpr_bid"": ""-110200"", ""buy_fpr_req"": ""14"", ""buy_1th_pre_req_pre"": ""0"", ""buy_2th_pre_bid"": ""-110100"", ""buy_2th_pre_req"": ""383"", ""buy_2th_pre_req_pre"": ""0"", ""buy_3th_pre_bid"": ""-110000"", ""buy_3th_pre_req"": ""2828"", ""buy_3th_pre_req_pre"": ""0"", ""buy_4th_pre_bid"": ""-109900"", ""buy_4th_pre_req"": ""608"", ""buy_4th_pre_req_pre"": ""0"", ""buy_5th_pre_bid"": ""-109800"", ""buy_5th_pre_req"": ""1805"", ""buy_5th_pre_req_pre"": ""0"", ""buy_6th_pre_bid"": ""-109700"", ""buy_6th_pre_req"": ""661"", ""buy_6th_pre_req_pre"": ""0"", ""buy_7th_pre_bid"": ""-109600"", ""buy_7th_pre_req"": ""1612"", ""buy_7th_pre_req_pre"": ""0"", ""buy_8th_pre_bid"": ""-109500"", ""buy_8th_pre_req"": ""2167"", ""buy_8th_pre_req_pre"": ""+5"", ""buy_9th_pre_bid"": ""-109400"", ""buy_9th_pre_req"": ""1396"", ""buy_9th_pre_req_pre"": ""0"", ""buy_10th_pre_bid"": ""-109300"", ""buy_10th_pre_req"": ""1475"", ""buy_10th_pre_req_pre"": ""0"", ""tot_sel_req_jub_pre"": ""0"", ""tot_sel_req"": ""4990"", ""tot_buy_req"": ""12949"", ""tot_buy_req_jub_pre"": ""+5"", ""ovt_sel_req_pre"": ""0"", ""ovt_sel_req"": ""0"", ""ovt_buy_req"": ""0"", ""ovt_buy_req_pre"": ""0"", ""return_code"": 0, ""return_msg"": ""정상적으로 처리되었습니다""}"
2026-06-10,scan_candidate,353200,,0,main_scan,159500,,159500,159400,159500,159500,-0.3134796238244514,0.06269592476489029,,,,,,"{""bid_req_base_tm"": ""102724"", ""sel_10th_pre_req_pre"": ""0"", ""sel_10th_pre_req"": ""838"", ""sel_10th_pre_bid"": ""+160600"", ""sel_9th_pre_req_pre"": ""0"", ""sel_9th_pre_req"": ""213"", ""sel_9th_pre_bid"": ""+160500"", ""sel_8th_pre_req_pre"": ""0"", ""sel_8th_pre_req"": ""200"", ""sel_8th_pre_bid"": ""+160400"", ""sel_7th_pre_req_pre"": ""0"", ""sel_7th_pre_req"": ""138"", ""sel_7th_pre_bid"": ""+160300"", ""sel_6th_pre_req_pre"": ""+2"", ""sel_6th_pre_req"": ""22"", ""sel_6th_pre_bid"": ""+160200"", ""sel_5th_pre_req_pre"": ""0"", ""sel_5th_pre_req"": ""83"", ""sel_5th_pre_bid"": ""+160100"", ""sel_4th_pre_req_pre"": ""0"", ""sel_4th_pre_req"": ""105"", ""sel_4th_pre_bid"": ""+160000"", ""sel_3th_pre_req_pre"": ""0"", ""sel_3th_pre_req"": ""92"", ""sel_3th_pre_bid"": ""+159900"", ""sel_2th_pre_req_pre"": ""0"", ""sel_2th_pre_req"": ""460"", ""sel_2th_pre_bid"": ""+159800"", ""sel_1th_pre_req_pre"": ""--16"", ""sel_fpr_req"": ""31"", ""sel_fpr_bid"": ""+159500"", ""buy_fpr_bid"": ""+159400"", ""buy_fpr_req"": ""4"", ""buy_1th_pre_req_pre"": ""0"", ""buy_2th_pre_bid"": ""+159300"", ""buy_2th_pre_req"": ""184"", ""buy_2th_pre_req_pre"": ""0"", ""buy_3th_pre_bid"": ""+159200"", ""buy_3th_pre_req"": ""137"", ""buy_3th_pre_req_pre"": ""0"", ""buy_4th_pre_bid"": ""+159100"", ""buy_4th_pre_req"": ""153"", ""buy_4th_pre_req_pre"": ""0"", ""buy_5th_pre_bid"": ""+159000"", ""buy_5th_pre_req"": ""516"", ""buy_5th_pre_req_pre"": ""0"", ""buy_6th_pre_bid"": ""+158900"", ""buy_6th_pre_req"": ""69"", ""buy_6th_pre_req_pre"": ""0"", ""buy_7th_pre_bid"": ""+158800"", ""buy_7th_pre_req"": ""253"", ""buy_7th_pre_req_pre"": ""0"", ""buy_8th_pre_bid"": ""+158700"", ""buy_8th_pre_req"": ""28"", ""buy_8th_pre_req_pre"": ""0"", ""buy_9th_pre_bid"": ""+158600"", ""buy_9th_pre_req"": ""211"", ""buy_9th_pre_req_pre"": ""0"", ""buy_10th_pre_bid"": ""+158500"", ""buy_10th_pre_req"": ""23"", ""buy_10th_pre_req_pre"": ""0"", ""tot_sel_req_jub_pre"": ""--14"", ""tot_sel_req"": ""2182"", ""tot_buy_req"": ""1578"", ""tot_buy_req_jub_pre"": ""0"", ""ovt_sel_req_pre"": ""0"", ""ovt_sel_req"": ""0"", ""ovt_buy_req"": ""0"", ""ovt_buy_req_pre"": ""0"", ""return_code"": 0, ""return_msg"": ""정상적으로 처리되었습니다""}"
2026-06-10,scan_candidate,034220,,0,main_scan,13300,,13300,13280,13300,13250,-0.7518796992481203,0.15037593984962408,,,,,,"{""bid_req_base_tm"": ""102724"", ""sel_10th_pre_req_pre"": ""0"", ""sel_10th_pre_req"": ""8992"", ""sel_10th_pre_bid"": ""-13400"", ""sel_9th_pre_req_pre"": ""0"", ""sel_9th_pre_req"": ""2481"", ""sel_9th_pre_bid"": ""-13390"", ""sel_8th_pre_req_pre"": ""0"", ""sel_8th_pre_req"": ""1671"", ""sel_8th_pre_bid"": ""-13380"", ""sel_7th_pre_req_pre"": ""0"", ""sel_7th_pre_req"": ""2701"", ""sel_7th_pre_bid"": ""-13370"", ""sel_6th_pre_req_pre"": ""0"", ""sel_6th_pre_req"": ""1380"", ""sel_6th_pre_bid"": ""-13360"", ""sel_5th_pre_req_pre"": ""0"", ""sel_5th_pre_req"": ""1456"", ""sel_5th_pre_bid"": ""-13350"", ""sel_4th_pre_req_pre"": ""0"", ""sel_4th_pre_req"": ""2178"", ""sel_4th_pre_bid"": ""-13340"", ""sel_3th_pre_req_pre"": ""0"", ""sel_3th_pre_req"": ""1924"", ""sel_3th_pre_bid"": ""-13330"", ""sel_2th_pre_req_pre"": ""0"", ""sel_2th_pre_req"": ""460"", ""sel_2th_pre_bid"": ""-13320"", ""sel_1th_pre_req_pre"": ""0"", ""sel_fpr_req"": ""432"", ""sel_fpr_bid"": ""-13300"", ""buy_fpr_bid"": ""-13280"", ""buy_fpr_req"": ""20"", ""buy_1th_pre_req_pre"": ""0"", ""buy_2th_pre_bid"": ""-13270"", ""buy_2th_pre_req"": ""268"", ""buy_2th_pre_req_pre"": ""0"", ""buy_3th_pre_bid"": ""-13260"", ""buy_3th_pre_req"": ""691"", ""buy_3th_pre_req_pre"": ""0"", ""buy_4th_pre_bid"": ""-13250"", ""buy_4th_pre_req"": ""1347"", ""buy_4th_pre_req_pre"": ""0"", ""buy_5th_pre_bid"": ""-13240"", ""buy_5th_pre_req"": ""966"", ""buy_5th_pre_req_pre"": ""0"", ""buy_6th_pre_bid"": ""-13230"", ""buy_6th_pre_req"": ""1151"", ""buy_6th_pre_req_pre"": ""0"", ""buy_7th_pre_bid"": ""-13220"", ""buy_7th_pre_req"": ""746"", ""buy_7th_pre_req_pre"": ""0"", ""buy_8th_pre_bid"": ""-13210"", ""buy_8th_pre_req"": ""1615"", ""buy_8th_pre_req_pre"": ""0"", ""buy_9th_pre_bid"": ""-13200"", ""buy_9th_pre_req"": ""6164"", ""buy_9th_pre_req_pre"": ""0"", ""buy_10th_pre_bid"": ""-13190"", ""buy_10th_pre_req"": ""1541"", ""buy_10th_pre_req_pre"": ""0"", ""tot_sel_req_jub_pre"": ""0"", ""tot_sel_req"": ""23675"", ""tot_buy_req"": ""14509"", ""tot_buy_req_jub_pre"": ""0"", ""ovt_sel_req_pre"": ""0"", ""ovt_sel_req"": ""0"", ""ovt_buy_req"": ""0"", ""ovt_buy_req_pre"": ""0"", ""return_code"": 0, ""return_msg"": ""정상적으로 처리되었습니다""}"
2026-06-10,scan_candidate,267270,,0,main_scan,149200,,149200,149100,149200,149000,-0.4691689008042895,0.06702412868632708,,,,,,"{""bid_req_base_tm"": ""102724"", ""sel_10th_pre_req_pre"": ""0"", ""sel_10th_pre_req"": ""3"", ""sel_10th_pre_bid"": ""+150100"", ""sel_9th_pre_req_pre"": ""0"", ""sel_9th_pre_req"": ""106"", ""sel_9th_pre_bid"": ""+150000"", ""sel_8th_pre_req_pre"": ""0"", ""sel_8th_pre_req"": ""102"", ""sel_8th_pre_bid"": ""+149900"", ""sel_7th_pre_req_pre"": ""0"", ""sel_7th_pre_req"": ""32"", ""sel_7th_pre_bid"": ""+149800"", ""sel_6th_pre_req_pre"": ""0"", ""sel_6th_pre_req"": ""34"", ""sel_6th_pre_bid"": ""+149700"", ""sel_5th_pre_req_pre"": ""0"", ""sel_5th_pre_req"": ""15"", ""sel_5th_pre_bid"": ""+149600"", ""sel_4th_pre_req_pre"": ""0"", ""sel_4th_pre_req"": ""13"", ""sel_4th_pre_bid"": ""+149500"", ""sel_3th_pre_req_pre"": ""0"", ""sel_3th_pre_req"": ""109"", ""sel_3th_pre_bid"": ""+149400"", ""sel_2th_pre_req_pre"": ""0"", ""sel_2th_pre_req"": ""17"", ""sel_2th_pre_bid"": ""+149300"", ""sel_1th_pre_req_pre"": ""0"", ""sel_fpr_req"": ""125"", ""sel_fpr_bid"": ""+149200"", ""buy_fpr_bid"": ""+149100"", ""buy_fpr_req"": ""39"", ""buy_1th_pre_req_pre"": ""--1"", ""buy_2th_pre_bid"": ""+149000"", ""buy_2th_pre_req"": ""19"", ""buy_2th_pre_req_pre"": ""0"", ""buy_3th_pre_bid"": ""+148900"", ""buy_3th_pre_req"": ""111"", ""buy_3th_pre_req_pre"": ""0"", ""buy_4th_pre_bid"": ""+148800"", ""buy_4th_pre_req"": ""23"", ""buy_4th_pre_req_pre"": ""0"", ""buy_5th_pre_bid"": ""+148700"", ""buy_5th_pre_req"": ""4"", ""buy_5th_pre_req_pre"": ""0"", ""buy_6th_pre_bid"": ""+148600"", ""buy_6th_pre_req"": ""3"", ""buy_6th_pre_req_pre"": ""0"", ""buy_7th_pre_bid"": ""+148500"", ""buy_7th_pre_req"": ""21"", ""buy_7th_pre_req_pre"": ""0"", ""buy_8th_pre_bid"": ""+148400"", ""buy_8th_pre_req"": ""14"", ""buy_8th_pre_req_pre"": ""0"", ""buy_9th_pre_bid"": ""+148300"", ""buy_9th_pre_req"": ""10"", ""buy_9th_pre_req_pre"": ""0"", ""buy_10th_pre_bid"": ""+148200"", ""buy_10th_pre_req"": ""71"", ""buy_10th_pre_req_pre"": ""0"", ""tot_sel_req_jub_pre"": ""0"", ""tot_sel_req"": ""556"", ""tot_buy_req"": ""315"", ""tot_buy_req_jub_pre"": ""--1"", ""ovt_sel_req_pre"": ""0"", ""ovt_sel_req"": ""0"", ""ovt_buy_req"": ""0"", ""ovt_buy_req_pre"": ""0"", ""return_code"": 0, ""return_msg"": ""정상적으로 처리되었습니다""}"
2026-06-10,scan_candidate,062040,,0,main_scan,228000,,228000,227500,228000,228500,0.0,0.21929824561403508,,,,,,"{""bid_req_base_tm"": ""102724"", ""sel_10th_pre_req_pre"": ""0"", ""sel_10th_pre_req"": ""604"", ""sel_10th_pre_bid"": ""+232500"", ""sel_9th_pre_req_pre"": ""0"", ""sel_9th_pre_req"": ""601"", ""sel_9th_pre_bid"": ""+232000"", ""sel_8th_pre_req_pre"": ""--5"", ""sel_8th_pre_req"": ""1038"", ""sel_8th_pre_bid"": ""+231500"", ""sel_7th_pre_req_pre"": ""+5"", ""sel_7th_pre_req"": ""143"", ""sel_7th_pre_bid"": ""+231000"", ""sel_6th_pre_req_pre"": ""0"", ""sel_6th_pre_req"": ""22"", ""sel_6th_pre_bid"": ""+230500"", ""sel_5th_pre_req_pre"": ""0"", ""sel_5th_pre_req"": ""105"", ""sel_5th_pre_bid"": ""+230000"", ""sel_4th_pre_req_pre"": ""0"", ""sel_4th_pre_req"": ""22"", ""sel_4th_pre_bid"": ""+229500"", ""sel_3th_pre_req_pre"": ""0"", ""sel_3th_pre_req"": ""36"", ""sel_3th_pre_bid"": ""+229000"", ""sel_2th_pre_req_pre"": ""0"", ""sel_2th_pre_req"": ""71"", ""sel_2th_pre_bid"": ""+228500"", ""sel_1th_pre_req_pre"": ""0"", ""sel_fpr_req"": ""5"", ""sel_fpr_bid"": ""+228000"", ""buy_fpr_bid"": ""+227500"", ""buy_fpr_req"": ""627"", ""buy_1th_pre_req_pre"": ""0"", ""buy_2th_pre_bid"": ""+227000"", ""buy_2th_pre_req"": ""700"", ""buy_2th_pre_req_pre"": ""0"", ""buy_3th_pre_bid"": ""+226500"", ""buy_3th_pre_req"": ""250"", ""buy_3th_pre_req_pre"": ""0"", ""buy_4th_pre_bid"": ""+226000"", ""buy_4th_pre_req"": ""287"", ""buy_4th_pre_req_pre"": ""0"", ""buy_5th_pre_bid"": ""+225500"", ""buy_5th_pre_req"": ""472"", ""buy_5th_pre_req_pre"": ""0"", ""buy_6th_pre_bid"": ""225000"", ""buy_6th_pre_req"": ""693"", ""buy_6th_pre_req_pre"": ""0"", ""buy_7th_pre_bid"": ""-224500"", ""buy_7th_pre_req"": ""71"", ""buy_7th_pre_req_pre"": ""0"", ""buy_8th_pre_bid"": ""-224000"", ""buy_8th_pre_req"": ""195"", ""buy_8th_pre_req_pre"": ""0"", ""buy_9th_pre_bid"": ""-223500"", ""buy_9th_pre_req"": ""49"", ""buy_9th_pre_req_pre"": ""0"", ""buy_10th_pre_bid"": ""-223000"", ""buy_10th_pre_req"": ""171"", ""buy_10th_pre_req_pre"": ""0"", ""tot_sel_req_jub_pre"": ""0"", ""tot_sel_req"": ""2647"", ""tot_buy_req"": ""3515"", ""tot_buy_req_jub_pre"": ""0"", ""ovt_sel_req_pre"": ""0"", ""ovt_sel_req"": ""0"", ""ovt_buy_req"": ""0"", ""ovt_buy_req_pre"": ""0"", ""return_code"": 0, ""return_msg"": ""정상적으로 처리되었습니다""}"
2026-06-10,scan_candidate,078930,,0,main_scan,73000,,73000,72900,73000,72900,-0.273972602739726,0.136986301369863,,,,,,"{""bid_req_base_tm"": ""102724"", ""sel_10th_pre_req_pre"": ""0"", ""sel_10th_pre_req"": ""2"", ""sel_10th_pre_bid"": ""+73900"", ""sel_9th_pre_req_pre"": ""0"", ""sel_9th_pre_req"": ""18"", ""sel_9th_pre_bid"": ""73800"", ""sel_8th_pre_req_pre"": ""0"", ""sel_8th_pre_req"": ""55"", ""sel_8th_pre_bid"": ""-73700"", ""sel_7th_pre_req_pre"": ""0"", ""sel_7th_pre_req"": ""51"", ""sel_7th_pre_bid"": ""-73600"", ""sel_6th_pre_req_pre"": ""0"", ""sel_6th_pre_req"": ""62"", ""sel_6th_pre_bid"": ""-73500"", ""sel_5th_pre_req_pre"": ""0"", ""sel_5th_pre_req"": ""66"", ""sel_5th_pre_bid"": ""-73400"", ""sel_4th_pre_req_pre"": ""0"", ""sel_4th_pre_req"": ""112"", ""sel_4th_pre_bid"": ""-73300"", ""sel_3th_pre_req_pre"": ""0"", ""sel_3th_pre_req"": ""45"", ""sel_3th_pre_bid"": ""-73200"", ""sel_2th_pre_req_pre"": ""0"", ""sel_2th_pre_req"": ""75"", ""sel_2th_pre_bid"": ""-73100"", ""sel_1th_pre_req_pre"": ""0"", ""sel_fpr_req"": ""918"", ""sel_fpr_bid"": ""-73000"", ""buy_fpr_bid"": ""-72900"", ""buy_fpr_req"": ""293"", ""buy_1th_pre_req_pre"": ""0"", ""buy_2th_pre_bid"": ""-72800"", ""buy_2th_pre_req"": ""93"", ""buy_2th_pre_req_pre"": ""0"", ""buy_3th_pre_bid"": ""-72700"", ""buy_3th_pre_req"": ""100"", ""buy_3th_pre_req_pre"": ""0"", ""buy_4th_pre_bid"": ""-72500"", ""buy_4th_pre_req"": ""10"", ""buy_4th_pre_req_pre"": ""0"", ""buy_5th_pre_bid"": ""-72400"", ""buy_5th_pre_req"": ""1"", ""buy_5th_pre_req_pre"": ""0"", ""buy_6th_pre_bid"": ""-72300"", ""buy_6th_pre_req"": ""51"", ""buy_6th_pre_req_pre"": ""0"", ""buy_7th_pre_bid"": ""-72200"", ""buy_7th_pre_req"": ""274"", ""buy_7th_pre_req_pre"": ""0"", ""buy_8th_pre_bid"": ""-72100"", ""buy_8th_pre_req"": ""508"", ""buy_8th_pre_req_pre"": ""0"", ""buy_9th_pre_bid"": ""-72000"", ""buy_9th_pre_req"": ""159"", ""buy_9th_pre_req_pre"": ""+1"", ""buy_10th_pre_bid"": ""-71900"", ""buy_10th_pre_req"": ""111"", ""buy_10th_pre_req_pre"": ""0"", ""tot_sel_req_jub_pre"": ""0"", ""tot_sel_req"": ""1404"", ""tot_buy_req"": ""1600"", ""tot_buy_req_jub_pre"": ""+1"", ""ovt_sel_req_pre"": ""0"", ""ovt_sel_req"": ""0"", ""ovt_buy_req"": ""0"", ""ovt_buy_req_pre"": ""0"", ""return_code"": 0, ""return_msg"": ""정상적으로 처리되었습니다""}"
2026-06-10,scan_candidate,090430,,0,main_scan,112500,,112500,112400,112500,112000,-0.8888888888888888,0.08888888888888889,,,,,,"{""bid_req_base_tm"": ""102722"", ""sel_10th_pre_req_pre"": ""0"", ""sel_10th_pre_req"": ""172"", ""sel_10th_pre_bid"": ""+113400"", ""sel_9th_pre_req_pre"": ""0"", ""sel_9th_pre_req"": ""166"", ""sel_9th_pre_bid"": ""+113300"", ""sel_8th_pre_req_pre"": ""0"", ""sel_8th_pre_req"": ""27"", ""sel_8th_pre_bid"": ""+113200"", ""sel_7th_pre_req_pre"": ""0"", ""sel_7th_pre_req"": ""65"", ""sel_7th_pre_bid"": ""+113100"", ""sel_6th_pre_req_pre"": ""0"", ""sel_6th_pre_req"": ""70"", ""sel_6th_pre_bid"": ""+113000"", ""sel_5th_pre_req_pre"": ""0"", ""sel_5th_pre_req"": ""201"", ""sel_5th_pre_bid"": ""+112900"", ""sel_4th_pre_req_pre"": ""0"", ""sel_4th_pre_req"": ""227"", ""sel_4th_pre_bid"": ""+112800"", ""sel_3th_pre_req_pre"": ""0"", ""sel_3th_pre_req"": ""144"", ""sel_3th_pre_bid"": ""+112700"", ""sel_2th_pre_req_pre"": ""0"", ""sel_2th_pre_req"": ""131"", ""sel_2th_pre_bid"": ""+112600"", ""sel_1th_pre_req_pre"": ""0"", ""sel_fpr_req"": ""37"", ""sel_fpr_bid"": ""+112500"", ""buy_fpr_bid"": ""+112400"", ""buy_fpr_req"": ""34"", ""buy_1th_pre_req_pre"": ""0"", ""buy_2th_pre_bid"": ""+112300"", ""buy_2th_pre_req"": ""1"", ""buy_2th_pre_req_pre"": ""0"", ""buy_3th_pre_bid"": ""+112200"", ""buy_3th_pre_req"": ""116"", ""buy_3th_pre_req_pre"": ""0"", ""buy_4th_pre_bid"": ""+112100"", ""buy_4th_pre_req"": ""11"", ""buy_4th_pre_req_pre"": ""0"", ""buy_5th_pre_bid"": ""112000"", ""buy_5th_pre_req"": ""58"", ""buy_5th_pre_req_pre"": ""0"", ""buy_6th_pre_bid"": ""-111900"", ""buy_6th_pre_req"": ""42"", ""buy_6th_pre_req_pre"": ""0"", ""buy_7th_pre_bid"": ""-111800"", ""buy_7th_pre_req"": ""19"", ""buy_7th_pre_req_pre"": ""0"", ""buy_8th_pre_bid"": ""-111700"", ""buy_8th_pre_req"": ""203"", ""buy_8th_pre_req_pre"": ""0"", ""buy_9th_pre_bid"": ""-111600"", ""buy_9th_pre_req"": ""49"", ""buy_9th_pre_req_pre"": ""0"", ""buy_10th_pre_bid"": ""-111500"", ""buy_10th_pre_req"": ""2138"", ""buy_10th_pre_req_pre"": ""0"", ""tot_sel_req_jub_pre"": ""0"", ""tot_sel_req"": ""1240"", ""tot_buy_req"": ""2671"", ""tot_buy_req_jub_pre"": ""--19"", ""ovt_sel_req_pre"": ""0"", ""ovt_sel_req"": ""0"", ""ovt_buy_req"": ""0"", ""ovt_buy_req_pre"": ""0"", ""return_code"": 0, ""return_msg"": ""정상적으로 처리되었습니다""}"
2026-06-10,scan_candidate,004170,,0,main_scan,668000,,668000,667000,668000,671000,0.29940119760479045,0.14970059880239522,,,,,,"{""bid_req_base_tm"": ""102724"", ""sel_10th_pre_req_pre"": ""0"", ""sel_10th_pre_req"": ""60"", ""sel_10th_pre_bid"": ""+678000"", ""sel_9th_pre_req_pre"": ""0"", ""sel_9th_pre_req"": ""4"", ""sel_9th_pre_bid"": ""+677000"", ""sel_8th_pre_req_pre"": ""0"", ""sel_8th_pre_req"": ""6"", ""sel_8th_pre_bid"": ""+676000"", ""sel_7th_pre_req_pre"": ""0"", ""sel_7th_pre_req"": ""2"", ""sel_7th_pre_bid"": ""+675000"", ""sel_6th_pre_req_pre"": ""0"", ""sel_6th_pre_req"": ""1"", ""sel_6th_pre_bid"": ""+674000"", ""sel_5th_pre_req_pre"": ""0"", ""sel_5th_pre_req"": ""10"", ""sel_5th_pre_bid"": ""+673000"", ""sel_4th_pre_req_pre"": ""0"", ""sel_4th_pre_req"": ""10"", ""sel_4th_pre_bid"": ""+672000"", ""sel_3th_pre_req_pre"": ""0"", ""sel_3th_pre_req"": ""193"", ""sel_3th_pre_bid"": ""+670000"", ""sel_2th_pre_req_pre"": ""0"", ""sel_2th_pre_req"": ""65"", ""sel_2th_pre_bid"": ""+669000"", ""sel_1th_pre_req_pre"": ""--1"", ""sel_fpr_req"": ""80"", ""sel_fpr_bid"": ""+668000"", ""buy_fpr_bid"": ""+667000"", ""buy_fpr_req"": ""89"", ""buy_1th_pre_req_pre"": ""0"", ""buy_2th_pre_bid"": ""+666000"", ""buy_2th_pre_req"": ""85"", ""buy_2th_pre_req_pre"": ""0"", ""buy_3th_pre_bid"": ""+665000"", ""buy_3th_pre_req"": ""764"", ""buy_3th_pre_req_pre"": ""0"", ""buy_4th_pre_bid"": ""+664000"", ""buy_4th_pre_req"": ""15"", ""buy_4th_pre_req_pre"": ""0"", ""buy_5th_pre_bid"": ""+663000"", ""buy_5th_pre_req"": ""92"", ""buy_5th_pre_req_pre"": ""0"", ""buy_6th_pre_bid"": ""+662000"", ""buy_6th_pre_req"": ""49"", ""buy_6th_pre_req_pre"": ""0"", ""buy_7th_pre_bid"": ""+661000"", ""buy_7th_pre_req"": ""16"", ""buy_7th_pre_req_pre"": ""0"", ""buy_8th_pre_bid"": ""+660000"", ""buy_8th_pre_req"": ""423"", ""buy_8th_pre_req_pre"": ""0"", ""buy_9th_pre_bid"": ""+659000"", ""buy_9th_pre_req"": ""6"", ""buy_9th_pre_req_pre"": ""0"", ""buy_10th_pre_bid"": ""+658000"", ""buy_10th_pre_req"": ""29"", ""buy_10th_pre_req_pre"": ""0"", ""tot_sel_req_jub_pre"": ""--1"", ""tot_sel_req"": ""431"", ""tot_buy_req"": ""1568"", ""tot_buy_req_jub_pre"": ""0"", ""ovt_sel_req_pre"": ""0"", ""ovt_sel_req"": ""0"", ""ovt_buy_req"": ""0"", ""ovt_buy_req_pre"": ""0"", ""return_code"": 0, ""return_msg"": ""정상적으로 처리되었습니다""}"
2026-06-10,scan_candidate,036570,,0,main_scan,258500,,258500,257500,258500,258500,-0.19342359767891684,0.3868471953578337,,,,,,"{""bid_req_base_tm"": ""102725"", ""sel_10th_pre_req_pre"": ""0"", ""sel_10th_pre_req"": ""46"", ""sel_10th_pre_bid"": ""-263000"", ""sel_9th_pre_req_pre"": ""0"", ""sel_9th_pre_req"": ""1028"", ""sel_9th_pre_bid"": ""-262500"", ""sel_8th_pre_req_pre"": ""0"", ""sel_8th_pre_req"": ""36"", ""sel_8th_pre_bid"": ""-262000"", ""sel_7th_pre_req_pre"": ""0"", ""sel_7th_pre_req"": ""15"", ""sel_7th_pre_bid"": ""-261500"", ""sel_6th_pre_req_pre"": ""0"", ""sel_6th_pre_req"": ""16"", ""sel_6th_pre_bid"": ""-261000"", ""sel_5th_pre_req_pre"": ""0"", ""sel_5th_pre_req"": ""17"", ""sel_5th_pre_bid"": ""-260500"", ""sel_4th_pre_req_pre"": ""0"", ""sel_4th_pre_req"": ""98"", ""sel_4th_pre_bid"": ""-260000"", ""sel_3th_pre_req_pre"": ""0"", ""sel_3th_pre_req"": ""99"", ""sel_3th_pre_bid"": ""-259500"", ""sel_2th_pre_req_pre"": ""0"", ""sel_2th_pre_req"": ""12"", ""sel_2th_pre_bid"": ""-259000"", ""sel_1th_pre_req_pre"": ""0"", ""sel_fpr_req"": ""25"", ""sel_fpr_bid"": ""-258500"", ""buy_fpr_bid"": ""-257500"", ""buy_fpr_req"": ""138"", ""buy_1th_pre_req_pre"": ""+5"", ""buy_2th_pre_bid"": ""-257000"", ""buy_2th_pre_req"": ""44"", ""buy_2th_pre_req_pre"": ""0"", ""buy_3th_pre_bid"": ""-256500"", ""buy_3th_pre_req"": ""36"", ""buy_3th_pre_req_pre"": ""0"", ""buy_4th_pre_bid"": ""-256000"", ""buy_4th_pre_req"": ""146"", ""buy_4th_pre_req_pre"": ""0"", ""buy_5th_pre_bid"": ""-255500"", ""buy_5th_pre_req"": ""218"", ""buy_5th_pre_req_pre"": ""0"", ""buy_6th_pre_bid"": ""-255000"", ""buy_6th_pre_req"": ""299"", ""buy_6th_pre_req_pre"": ""0"", ""buy_7th_pre_bid"": ""-254500"", ""buy_7th_pre_req"": ""346"", ""buy_7th_pre_req_pre"": ""0"", ""buy_8th_pre_bid"": ""-254000"", ""buy_8th_pre_req"": ""324"", ""buy_8th_pre_req_pre"": ""0"", ""buy_9th_pre_bid"": ""-253500"", ""buy_9th_pre_req"": ""463"", ""buy_9th_pre_req_pre"": ""0"", ""buy_10th_pre_bid"": ""-253000"", ""buy_10th_pre_req"": ""730"", ""buy_10th_pre_req_pre"": ""0"", ""tot_sel_req_jub_pre"": ""0"", ""tot_sel_req"": ""1392"", ""tot_buy_req"": ""2744"", ""tot_buy_req_jub_pre"": ""+5"", ""ovt_sel_req_pre"": ""0"", ""ovt_sel_req"": ""0"", ""ovt_buy_req"": ""0"", ""ovt_buy_req_pre"": ""0"", ""return_code"": 0, ""return_msg"": ""정상적으로 처리되었습니다""}"
2026-06-10,scan_candidate,271560,,0,main_scan,131900,,131900,131800,131900,132500,0.0758150113722517,0.0758150113722517,,,,,,"{""bid_req_base_tm"": ""102724"", ""sel_10th_pre_req_pre"": ""0"", ""sel_10th_pre_req"": ""26"", ""sel_10th_pre_bid"": ""+133600"", ""sel_9th_pre_req_pre"": ""0"", ""sel_9th_pre_req"": ""27"", ""sel_9th_pre_bid"": ""+133500"", ""sel_8th_pre_req_pre"": ""0"", ""sel_8th_pre_req"": ""3"", ""sel_8th_pre_bid"": ""+133300"", ""sel_7th_pre_req_pre"": ""0"", ""sel_7th_pre_req"": ""3"", ""sel_7th_pre_bid"": ""+133200"", ""sel_6th_pre_req_pre"": ""0"", ""sel_6th_pre_req"": ""2"", ""sel_6th_pre_bid"": ""-132800"", ""sel_5th_pre_req_pre"": ""0"", ""sel_5th_pre_req"": ""26"", ""sel_5th_pre_bid"": ""-132400"", ""sel_4th_pre_req_pre"": ""0"", ""sel_4th_pre_req"": ""7"", ""sel_4th_pre_bid"": ""-132300"", ""sel_3th_pre_req_pre"": ""0"", ""sel_3th_pre_req"": ""38"", ""sel_3th_pre_bid"": ""-132100"", ""sel_2th_pre_req_pre"": ""+13"", ""sel_2th_pre_req"": ""92"", ""sel_2th_pre_bid"": ""-132000"", ""sel_1th_pre_req_pre"": ""0"", ""sel_fpr_req"": ""5"", ""sel_fpr_bid"": ""-131900"", ""buy_fpr_bid"": ""-131800"", ""buy_fpr_req"": ""52"", ""buy_1th_pre_req_pre"": ""0"", ""buy_2th_pre_bid"": ""-131700"", ""buy_2th_pre_req"": ""78"", ""buy_2th_pre_req_pre"": ""--24"", ""buy_3th_pre_bid"": ""-131600"", ""buy_3th_pre_req"": ""12"", ""buy_3th_pre_req_pre"": ""0"", ""buy_4th_pre_bid"": ""-131500"", ""buy_4th_pre_req"": ""413"", ""buy_4th_pre_req_pre"": ""0"", ""buy_5th_pre_bid"": ""-131300"", ""buy_5th_pre_req"": ""1"", ""buy_5th_pre_req_pre"": ""0"", ""buy_6th_pre_bid"": ""-131200"", ""buy_6th_pre_req"": ""100"", ""buy_6th_pre_req_pre"": ""0"", ""buy_7th_pre_bid"": ""-131100"", ""buy_7th_pre_req"": ""20"", ""buy_7th_pre_req_pre"": ""0"", ""buy_8th_pre_bid"": ""-131000"", ""buy_8th_pre_req"": ""20"", ""buy_8th_pre_req_pre"": ""0"", ""buy_9th_pre_bid"": ""-130900"", ""buy_9th_pre_req"": ""1"", ""buy_9th_pre_req_pre"": ""0"", ""buy_10th_pre_bid"": ""-130700"", ""buy_10th_pre_req"": ""1"", ""buy_10th_pre_req_pre"": ""0"", ""tot_sel_req_jub_pre"": ""+13"", ""tot_sel_req"": ""229"", ""tot_buy_req"": ""698"", ""tot_buy_req_jub_pre"": ""--24"", ""ovt_sel_req_pre"": ""0"", ""ovt_sel_req"": ""0"", ""ovt_buy_req"": ""0"", ""ovt_buy_req_pre"": ""0"", ""return_code"": 0, ""return_msg"": ""정상적으로 처리되었습니다""}"
2026-06-10,scan_candidate,023530,,0,main_scan,193000,,193000,192900,193000,192000,-0.7772020725388601,0.05181347150259067,,,,,,"{""bid_req_base_tm"": ""102721"", ""sel_10th_pre_req_pre"": ""0"", ""sel_10th_pre_req"": ""35"", ""sel_10th_pre_bid"": ""+193900"", ""sel_9th_pre_req_pre"": ""0"", ""sel_9th_pre_req"": ""121"", ""sel_9th_pre_bid"": ""+193800"", ""sel_8th_pre_req_pre"": ""0"", ""sel_8th_pre_req"": ""52"", ""sel_8th_pre_bid"": ""+193700"", ""sel_7th_pre_req_pre"": ""0"", ""sel_7th_pre_req"": ""31"", ""sel_7th_pre_bid"": ""+193600"", ""sel_6th_pre_req_pre"": ""0"", ""sel_6th_pre_req"": ""16"", ""sel_6th_pre_bid"": ""+193500"", ""sel_5th_pre_req_pre"": ""0"", ""sel_5th_pre_req"": ""17"", ""sel_5th_pre_bid"": ""+193400"", ""sel_4th_pre_req_pre"": ""0"", ""sel_4th_pre_req"": ""18"", ""sel_4th_pre_bid"": ""+193300"", ""sel_3th_pre_req_pre"": ""0"", ""sel_3th_pre_req"": ""1"", ""sel_3th_pre_bid"": ""+193200"", ""sel_2th_pre_req_pre"": ""0"", ""sel_2th_pre_req"": ""120"", ""sel_2th_pre_bid"": ""+193100"", ""sel_1th_pre_req_pre"": ""+7"", ""sel_fpr_req"": ""29"", ""sel_fpr_bid"": ""+193000"", ""buy_fpr_bid"": ""+192900"", ""buy_fpr_req"": ""11"", ""buy_1th_pre_req_pre"": ""0"", ""buy_2th_pre_bid"": ""+192800"", ""buy_2th_pre_req"": ""16"", ""buy_2th_pre_req_pre"": ""0"", ""buy_3th_pre_bid"": ""+192700"", ""buy_3th_pre_req"": ""24"", ""buy_3th_pre_req_pre"": ""0"", ""buy_4th_pre_bid"": ""+192600"", ""buy_4th_pre_req"": ""5"", ""buy_4th_pre_req_pre"": ""0"", ""buy_5th_pre_bid"": ""+192500"", ""buy_5th_pre_req"": ""8"", ""buy_5th_pre_req_pre"": ""0"", ""buy_6th_pre_bid"": ""+192400"", ""buy_6th_pre_req"": ""14"", ""buy_6th_pre_req_pre"": ""0"", ""buy_7th_pre_bid"": ""+192100"", ""buy_7th_pre_req"": ""1"", ""buy_7th_pre_req_pre"": ""0"", ""buy_8th_pre_bid"": ""+191700"", ""buy_8th_pre_req"": ""1"", ""buy_8th_pre_req_pre"": ""0"", ""buy_9th_pre_bid"": ""+191500"", ""buy_9th_pre_req"": ""3"", ""buy_9th_pre_req_pre"": ""0"", ""buy_10th_pre_bid"": ""+191000"", ""buy_10th_pre_req"": ""1"", ""buy_10th_pre_req_pre"": ""0"", ""tot_sel_req_jub_pre"": ""+7"", ""tot_sel_req"": ""440"", ""tot_buy_req"": ""84"", ""tot_buy_req_jub_pre"": ""0"", ""ovt_sel_req_pre"": ""0"", ""ovt_sel_req"": ""0"", ""ovt_buy_req"": ""0"", ""ovt_buy_req_pre"": ""0"", ""return_code"": 0, ""return_msg"": ""정상적으로 처리되었습니다""}"
2026-06-10,scan_candidate,175330,,0,main_scan,25500,,25500,25450,25500,25500,-0.19607843137254902,0.19607843137254902,,,,,,"{""bid_req_base_tm"": ""102725"", ""sel_10th_pre_req_pre"": ""0"", ""sel_10th_pre_req"": ""142"", ""sel_10th_pre_bid"": ""+25950"", ""sel_9th_pre_req_pre"": ""0"", ""sel_9th_pre_req"": ""532"", ""sel_9th_pre_bid"": ""25900"", ""sel_8th_pre_req_pre"": ""0"", ""sel_8th_pre_req"": ""454"", ""sel_8th_pre_bid"": ""-25850"", ""sel_7th_pre_req_pre"": ""0"", ""sel_7th_pre_req"": ""158"", ""sel_7th_pre_bid"": ""-25800"", ""sel_6th_pre_req_pre"": ""0"", ""sel_6th_pre_req"": ""286"", ""sel_6th_pre_bid"": ""-25750"", ""sel_5th_pre_req_pre"": ""0"", ""sel_5th_pre_req"": ""94"", ""sel_5th_pre_bid"": ""-25700"", ""sel_4th_pre_req_pre"": ""0"", ""sel_4th_pre_req"": ""385"", ""sel_4th_pre_bid"": ""-25650"", ""sel_3th_pre_req_pre"": ""0"", ""sel_3th_pre_req"": ""387"", ""sel_3th_pre_bid"": ""-25600"", ""sel_2th_pre_req_pre"": ""0"", ""sel_2th_pre_req"": ""779"", ""sel_2th_pre_bid"": ""-25550"", ""sel_1th_pre_req_pre"": ""--7"", ""sel_fpr_req"": ""2426"", ""sel_fpr_bid"": ""-25500"", ""buy_fpr_bid"": ""-25450"", ""buy_fpr_req"": ""2248"", ""buy_1th_pre_req_pre"": ""0"", ""buy_2th_pre_bid"": ""-25400"", ""buy_2th_pre_req"": ""939"", ""buy_2th_pre_req_pre"": ""0"", ""buy_3th_pre_bid"": ""-25350"", ""buy_3th_pre_req"": ""381"", ""buy_3th_pre_req_pre"": ""0"", ""buy_4th_pre_bid"": ""-25300"", ""buy_4th_pre_req"": ""389"", ""buy_4th_pre_req_pre"": ""0"", ""buy_5th_pre_bid"": ""-25250"", ""buy_5th_pre_req"": ""423"", ""buy_5th_pre_req_pre"": ""0"", ""buy_6th_pre_bid"": ""-25200"", ""buy_6th_pre_req"": ""179"", ""buy_6th_pre_req_pre"": ""0"", ""buy_7th_pre_bid"": ""-25150"", ""buy_7th_pre_req"": ""768"", ""buy_7th_pre_req_pre"": ""0"", ""buy_8th_pre_bid"": ""-25100"", ""buy_8th_pre_req"": ""475"", ""buy_8th_pre_req_pre"": ""0"", ""buy_9th_pre_bid"": ""-25050"", ""buy_9th_pre_req"": ""398"", ""buy_9th_pre_req_pre"": ""0"", ""buy_10th_pre_bid"": ""-25000"", ""buy_10th_pre_req"": ""661"", ""buy_10th_pre_req_pre"": ""0"", ""tot_sel_req_jub_pre"": ""--7"", ""tot_sel_req"": ""5643"", ""tot_buy_req"": ""6861"", ""tot_buy_req_jub_pre"": ""0"", ""ovt_sel_req_pre"": ""0"", ""ovt_sel_req"": ""0"", ""ovt_buy_req"": ""0"", ""ovt_buy_req_pre"": ""0"", ""return_code"": 0, ""return_msg"": ""정상적으로 처리되었습니다""}"
2026-06-10,scan_candidate,088350,,0,main_scan,4885,,4885,4865,4885,4890,0.0,0.4094165813715456,,,,,,"{""bid_req_base_tm"": ""102726"", ""sel_10th_pre_req_pre"": ""0"", ""sel_10th_pre_req"": ""1912"", ""sel_10th_pre_bid"": ""-4935"", ""sel_9th_pre_req_pre"": ""0"", ""sel_9th_pre_req"": ""11"", ""sel_9th_pre_bid"": ""-4930"", ""sel_8th_pre_req_pre"": ""0"", ""sel_8th_pre_req"": ""2"", ""sel_8th_pre_bid"": ""-4925"", ""sel_7th_pre_req_pre"": ""0"", ""sel_7th_pre_req"": ""2906"", ""sel_7th_pre_bid"": ""-4920"", ""sel_6th_pre_req_pre"": ""0"", ""sel_6th_pre_req"": ""1"", ""sel_6th_pre_bid"": ""-4915"", ""sel_5th_pre_req_pre"": ""0"", ""sel_5th_pre_req"": ""1563"", ""sel_5th_pre_bid"": ""-4905"", ""sel_4th_pre_req_pre"": ""0"", ""sel_4th_pre_req"": ""353"", ""sel_4th_pre_bid"": ""-4900"", ""sel_3th_pre_req_pre"": ""0"", ""sel_3th_pre_req"": ""638"", ""sel_3th_pre_bid"": ""-4895"", ""sel_2th_pre_req_pre"": ""0"", ""sel_2th_pre_req"": ""3"", ""sel_2th_pre_bid"": ""-4890"", ""sel_1th_pre_req_pre"": ""0"", ""sel_fpr_req"": ""336"", ""sel_fpr_bid"": ""-4885"", ""buy_fpr_bid"": ""-4865"", ""buy_fpr_req"": ""1320"", ""buy_1th_pre_req_pre"": ""0"", ""buy_2th_pre_bid"": ""-4860"", ""buy_2th_pre_req"": ""3550"", ""buy_2th_pre_req_pre"": ""+300"", ""buy_3th_pre_bid"": ""-4855"", ""buy_3th_pre_req"": ""2607"", ""buy_3th_pre_req_pre"": ""0"", ""buy_4th_pre_bid"": ""-4850"", ""buy_4th_pre_req"": ""18387"", ""buy_4th_pre_req_pre"": ""0"", ""buy_5th_pre_bid"": ""-4845"", ""buy_5th_pre_req"": ""2124"", ""buy_5th_pre_req_pre"": ""0"", ""buy_6th_pre_bid"": ""-4840"", ""buy_6th_pre_req"": ""858"", ""buy_6th_pre_req_pre"": ""0"", ""buy_7th_pre_bid"": ""-4835"", ""buy_7th_pre_req"": ""1770"", ""buy_7th_pre_req_pre"": ""0"", ""buy_8th_pre_bid"": ""-4830"", ""buy_8th_pre_req"": ""1639"", ""buy_8th_pre_req_pre"": ""0"", ""buy_9th_pre_bid"": ""-4825"", ""buy_9th_pre_req"": ""2452"", ""buy_9th_pre_req_pre"": ""0"", ""buy_10th_pre_bid"": ""-4820"", ""buy_10th_pre_req"": ""3248"", ""buy_10th_pre_req_pre"": ""0"", ""tot_sel_req_jub_pre"": ""0"", ""tot_sel_req"": ""7725"", ""tot_buy_req"": ""37955"", ""tot_buy_req_jub_pre"": ""+300"", ""ovt_sel_req_pre"": ""0"", ""ovt_sel_req"": ""0"", ""ovt_buy_req"": ""0"", ""ovt_buy_req_pre"": ""0"", ""return_code"": 0, ""return_msg"": ""정상적으로 처리되었습니다""}"
2026-06-10,scan_candidate,069960,,0,main_scan,165100,,165100,165000,165100,164000,-0.9691096305269533,0.06056935190793458,,,,,,"{""bid_req_base_tm"": ""102722"", ""sel_10th_pre_req_pre"": ""0"", ""sel_10th_pre_req"": ""14"", ""sel_10th_pre_bid"": ""-166100"", ""sel_9th_pre_req_pre"": ""0"", ""sel_9th_pre_req"": ""5"", ""sel_9th_pre_bid"": ""-165900"", ""sel_8th_pre_req_pre"": ""0"", ""sel_8th_pre_req"": ""122"", ""sel_8th_pre_bid"": ""-165800"", ""sel_7th_pre_req_pre"": ""0"", ""sel_7th_pre_req"": ""2"", ""sel_7th_pre_bid"": ""-165700"", ""sel_6th_pre_req_pre"": ""0"", ""sel_6th_pre_req"": ""2"", ""sel_6th_pre_bid"": ""-165600"", ""sel_5th_pre_req_pre"": ""0"", ""sel_5th_pre_req"": ""7"", ""sel_5th_pre_bid"": ""-165500"", ""sel_4th_pre_req_pre"": ""0"", ""sel_4th_pre_req"": ""2"", ""sel_4th_pre_bid"": ""-165400"", ""sel_3th_pre_req_pre"": ""0"", ""sel_3th_pre_req"": ""19"", ""sel_3th_pre_bid"": ""-165300"", ""sel_2th_pre_req_pre"": ""0"", ""sel_2th_pre_req"": ""57"", ""sel_2th_pre_bid"": ""-165200"", ""sel_1th_pre_req_pre"": ""0"", ""sel_fpr_req"": ""176"", ""sel_fpr_bid"": ""-165100"", ""buy_fpr_bid"": ""-165000"", ""buy_fpr_req"": ""85"", ""buy_1th_pre_req_pre"": ""0"", ""buy_2th_pre_bid"": ""-164900"", ""buy_2th_pre_req"": ""42"", ""buy_2th_pre_req_pre"": ""0"", ""buy_3th_pre_bid"": ""-164400"", ""buy_3th_pre_req"": ""17"", ""buy_3th_pre_req_pre"": ""0"", ""buy_4th_pre_bid"": ""-164300"", ""buy_4th_pre_req"": ""9"", ""buy_4th_pre_req_pre"": ""0"", ""buy_5th_pre_bid"": ""-164200"", ""buy_5th_pre_req"": ""40"", ""buy_5th_pre_req_pre"": ""0"", ""buy_6th_pre_bid"": ""-163900"", ""buy_6th_pre_req"": ""65"", ""buy_6th_pre_req_pre"": ""0"", ""buy_7th_pre_bid"": ""-163800"", ""buy_7th_pre_req"": ""2"", ""buy_7th_pre_req_pre"": ""0"", ""buy_8th_pre_bid"": ""-163500"", ""buy_8th_pre_req"": ""5"", ""buy_8th_pre_req_pre"": ""0"", ""buy_9th_pre_bid"": ""-163400"", ""buy_9th_pre_req"": ""6"", ""buy_9th_pre_req_pre"": ""0"", ""buy_10th_pre_bid"": ""-162900"", ""buy_10th_pre_req"": ""11"", ""buy_10th_pre_req_pre"": ""0"", ""tot_sel_req_jub_pre"": ""0"", ""tot_sel_req"": ""406"", ""tot_buy_req"": ""282"", ""tot_buy_req_jub_pre"": ""0"", ""ovt_sel_req_pre"": ""0"", ""ovt_sel_req"": ""0"", ""ovt_buy_req"": ""0"", ""ovt_buy_req_pre"": ""0"", ""return_code"": 0, ""return_msg"": ""정상적으로 처리되었습니다""}"
2026-06-10,scan_candidate,489790,,0,main_scan,69600,,69600,69300,69600,69800,0.14367816091954022,0.43103448275862066,,,,,,"{""bid_req_base_tm"": ""102726"", ""sel_10th_pre_req_pre"": ""0"", ""sel_10th_pre_req"": ""253"", ""sel_10th_pre_bid"": ""+70600"", ""sel_9th_pre_req_pre"": ""0"", ""sel_9th_pre_req"": ""365"", ""sel_9th_pre_bid"": ""+70500"", ""sel_8th_pre_req_pre"": ""0"", ""sel_8th_pre_req"": ""50"", ""sel_8th_pre_bid"": ""+70400"", ""sel_7th_pre_req_pre"": ""0"", ""sel_7th_pre_req"": ""83"", ""sel_7th_pre_bid"": ""+70300"", ""sel_6th_pre_req_pre"": ""0"", ""sel_6th_pre_req"": ""163"", ""sel_6th_pre_bid"": ""+70200"", ""sel_5th_pre_req_pre"": ""0"", ""sel_5th_pre_req"": ""4"", ""sel_5th_pre_bid"": ""+70000"", ""sel_4th_pre_req_pre"": ""0"", ""sel_4th_pre_req"": ""8"", ""sel_4th_pre_bid"": ""+69900"", ""sel_3th_pre_req_pre"": ""0"", ""sel_3th_pre_req"": ""2"", ""sel_3th_pre_bid"": ""+69800"", ""sel_2th_pre_req_pre"": ""+4"", ""sel_2th_pre_req"": ""35"", ""sel_2th_pre_bid"": ""+69700"", ""sel_1th_pre_req_pre"": ""+4"", ""sel_fpr_req"": ""106"", ""sel_fpr_bid"": ""+69600"", ""buy_fpr_bid"": ""+69300"", ""buy_fpr_req"": ""48"", ""buy_1th_pre_req_pre"": ""0"", ""buy_2th_pre_bid"": ""+69200"", ""buy_2th_pre_req"": ""275"", ""buy_2th_pre_req_pre"": ""0"", ""buy_3th_pre_bid"": ""+69100"", ""buy_3th_pre_req"": ""366"", ""buy_3th_pre_req_pre"": ""0"", ""buy_4th_pre_bid"": ""+69000"", ""buy_4th_pre_req"": ""704"", ""buy_4th_pre_req_pre"": ""0"", ""buy_5th_pre_bid"": ""+68900"", ""buy_5th_pre_req"": ""195"", ""buy_5th_pre_req_pre"": ""0"", ""buy_6th_pre_bid"": ""+68800"", ""buy_6th_pre_req"": ""25"", ""buy_6th_pre_req_pre"": ""0"", ""buy_7th_pre_bid"": ""+68700"", ""buy_7th_pre_req"": ""40"", ""buy_7th_pre_req_pre"": ""0"", ""buy_8th_pre_bid"": ""+68600"", ""buy_8th_pre_req"": ""215"", ""buy_8th_pre_req_pre"": ""0"", ""buy_9th_pre_bid"": ""+68500"", ""buy_9th_pre_req"": ""157"", ""buy_9th_pre_req_pre"": ""0"", ""buy_10th_pre_bid"": ""+68400"", ""buy_10th_pre_req"": ""95"", ""buy_10th_pre_req_pre"": ""0"", ""tot_sel_req_jub_pre"": ""+8"", ""tot_sel_req"": ""1069"", ""tot_buy_req"": ""2120"", ""tot_buy_req_jub_pre"": ""0"", ""ovt_sel_req_pre"": ""0"", ""ovt_sel_req"": ""0"", ""ovt_buy_req"": ""0"", ""ovt_buy_req_pre"": ""0"", ""return_code"": 0, ""return_msg"": ""정상적으로 처리되었습니다""}"
2026-06-10,scan_candidate,085620,,0,main_scan,22450,,22450,22400,22450,22400,-0.4454342984409799,0.22271714922048996,,,,,,"{""bid_req_base_tm"": ""102727"", ""sel_10th_pre_req_pre"": ""0"", ""sel_10th_pre_req"": ""1080"", ""sel_10th_pre_bid"": ""-22900"", ""sel_9th_pre_req_pre"": ""0"", ""sel_9th_pre_req"": ""1870"", ""sel_9th_pre_bid"": ""-22850"", ""sel_8th_pre_req_pre"": ""0"", ""sel_8th_pre_req"": ""2753"", ""sel_8th_pre_bid"": ""-22800"", ""sel_7th_pre_req_pre"": ""0"", ""sel_7th_pre_req"": ""451"", ""sel_7th_pre_bid"": ""-22750"", ""sel_6th_pre_req_pre"": ""0"", ""sel_6th_pre_req"": ""484"", ""sel_6th_pre_bid"": ""-22700"", ""sel_5th_pre_req_pre"": ""0"", ""sel_5th_pre_req"": ""753"", ""sel_5th_pre_bid"": ""-22650"", ""sel_4th_pre_req_pre"": ""0"", ""sel_4th_pre_req"": ""1179"", ""sel_4th_pre_bid"": ""-22600"", ""sel_3th_pre_req_pre"": ""0"", ""sel_3th_pre_req"": ""896"", ""sel_3th_pre_bid"": ""-22550"", ""sel_2th_pre_req_pre"": ""+100"", ""sel_2th_pre_req"": ""584"", ""sel_2th_pre_bid"": ""-22500"", ""sel_1th_pre_req_pre"": ""0"", ""sel_fpr_req"": ""6"", ""sel_fpr_bid"": ""-22450"", ""buy_fpr_bid"": ""-22400"", ""buy_fpr_req"": ""10"", ""buy_1th_pre_req_pre"": ""0"", ""buy_2th_pre_bid"": ""-22350"", ""buy_2th_pre_req"": ""370"", ""buy_2th_pre_req_pre"": ""0"", ""buy_3th_pre_bid"": ""-22300"", ""buy_3th_pre_req"": ""960"", ""buy_3th_pre_req_pre"": ""0"", ""buy_4th_pre_bid"": ""-22250"", ""buy_4th_pre_req"": ""326"", ""buy_4th_pre_req_pre"": ""0"", ""buy_5th_pre_bid"": ""-22200"", ""buy_5th_pre_req"": ""654"", ""buy_5th_pre_req_pre"": ""0"", ""buy_6th_pre_bid"": ""-22150"", ""buy_6th_pre_req"": ""2171"", ""buy_6th_pre_req_pre"": ""0"", ""buy_7th_pre_bid"": ""-22100"", ""buy_7th_pre_req"": ""1125"", ""buy_7th_pre_req_pre"": ""0"", ""buy_8th_pre_bid"": ""-22050"", ""buy_8th_pre_req"": ""2743"", ""buy_8th_pre_req_pre"": ""0"", ""buy_9th_pre_bid"": ""-22000"", ""buy_9th_pre_req"": ""1260"", ""buy_9th_pre_req_pre"": ""0"", ""buy_10th_pre_bid"": ""-21950"", ""buy_10th_pre_req"": ""2440"", ""buy_10th_pre_req_pre"": ""0"", ""tot_sel_req_jub_pre"": ""+100"", ""tot_sel_req"": ""10056"", ""tot_buy_req"": ""12059"", ""tot_buy_req_jub_pre"": ""0"", ""ovt_sel_req_pre"": ""0"", ""ovt_sel_req"": ""0"", ""ovt_buy_req"": ""0"", ""ovt_buy_req_pre"": ""0"", ""return_code"": 0, ""return_msg"": ""정상적으로 처리되었습니다""}"
2026-06-10,scan_candidate,001450,,0,main_scan,37500,,37500,37450,37500,37300,-0.6666666666666667,0.13333333333333333,,,,,,"{""bid_req_base_tm"": ""102725"", ""sel_10th_pre_req_pre"": ""0"", ""sel_10th_pre_req"": ""45"", ""sel_10th_pre_bid"": ""+38000"", ""sel_9th_pre_req_pre"": ""0"", ""sel_9th_pre_req"": ""15"", ""sel_9th_pre_bid"": ""+37950"", ""sel_8th_pre_req_pre"": ""0"", ""sel_8th_pre_req"": ""211"", ""sel_8th_pre_bid"": ""+37900"", ""sel_7th_pre_req_pre"": ""0"", ""sel_7th_pre_req"": ""107"", ""sel_7th_pre_bid"": ""+37850"", ""sel_6th_pre_req_pre"": ""0"", ""sel_6th_pre_req"": ""2"", ""sel_6th_pre_bid"": ""+37800"", ""sel_5th_pre_req_pre"": ""0"", ""sel_5th_pre_req"": ""233"", ""sel_5th_pre_bid"": ""+37700"", ""sel_4th_pre_req_pre"": ""0"", ""sel_4th_pre_req"": ""253"", ""sel_4th_pre_bid"": ""+37650"", ""sel_3th_pre_req_pre"": ""0"", ""sel_3th_pre_req"": ""983"", ""sel_3th_pre_bid"": ""+37600"", ""sel_2th_pre_req_pre"": ""0"", ""sel_2th_pre_req"": ""1565"", ""sel_2th_pre_bid"": ""+37550"", ""sel_1th_pre_req_pre"": ""+46"", ""sel_fpr_req"": ""1361"", ""sel_fpr_bid"": ""+37500"", ""buy_fpr_bid"": ""+37450"", ""buy_fpr_req"": ""253"", ""buy_1th_pre_req_pre"": ""0"", ""buy_2th_pre_bid"": ""+37400"", ""buy_2th_pre_req"": ""794"", ""buy_2th_pre_req_pre"": ""0"", ""buy_3th_pre_bid"": ""+37350"", ""buy_3th_pre_req"": ""155"", ""buy_3th_pre_req_pre"": ""0"", ""buy_4th_pre_bid"": ""+37300"", ""buy_4th_pre_req"": ""139"", ""buy_4th_pre_req_pre"": ""0"", ""buy_5th_pre_bid"": ""+37250"", ""buy_5th_pre_req"": ""34"", ""buy_5th_pre_req_pre"": ""0"", ""buy_6th_pre_bid"": ""+37200"", ""buy_6th_pre_req"": ""497"", ""buy_6th_pre_req_pre"": ""0"", ""buy_7th_pre_bid"": ""+37150"", ""buy_7th_pre_req"": ""2"", ""buy_7th_pre_req_pre"": ""0"", ""buy_8th_pre_bid"": ""+37100"", ""buy_8th_pre_req"": ""71"", ""buy_8th_pre_req_pre"": ""0"", ""buy_9th_pre_bid"": ""+37050"", ""buy_9th_pre_req"": ""224"", ""buy_9th_pre_req_pre"": ""0"", ""buy_10th_pre_bid"": ""+37000"", ""buy_10th_pre_req"": ""824"", ""buy_10th_pre_req_pre"": ""0"", ""tot_sel_req_jub_pre"": ""+46"", ""tot_sel_req"": ""4775"", ""tot_buy_req"": ""2993"", ""tot_buy_req_jub_pre"": ""0"", ""ovt_sel_req_pre"": ""0"", ""ovt_sel_req"": ""0"", ""ovt_buy_req"": ""0"", ""ovt_buy_req_pre"": ""0"", ""return_code"": 0, ""return_msg"": ""정상적으로 처리되었습니다""}"
2026-06-10,scan_candidate,036460,,0,main_scan,34250,,34250,34200,34250,34350,0.145985401459854,0.145985401459854,,,,,,"{""bid_req_base_tm"": ""102721"", ""sel_10th_pre_req_pre"": ""0"", ""sel_10th_pre_req"": ""576"", ""sel_10th_pre_bid"": ""+34750"", ""sel_9th_pre_req_pre"": ""0"", ""sel_9th_pre_req"": ""90"", ""sel_9th_pre_bid"": ""+34700"", ""sel_8th_pre_req_pre"": ""0"", ""sel_8th_pre_req"": ""271"", ""sel_8th_pre_bid"": ""+34650"", ""sel_7th_pre_req_pre"": ""0"", ""sel_7th_pre_req"": ""638"", ""sel_7th_pre_bid"": ""+34600"", ""sel_6th_pre_req_pre"": ""0"", ""sel_6th_pre_req"": ""754"", ""sel_6th_pre_bid"": ""+34550"", ""sel_5th_pre_req_pre"": ""0"", ""sel_5th_pre_req"": ""220"", ""sel_5th_pre_bid"": ""+34500"", ""sel_4th_pre_req_pre"": ""0"", ""sel_4th_pre_req"": ""429"", ""sel_4th_pre_bid"": ""+34450"", ""sel_3th_pre_req_pre"": ""+16"", ""sel_3th_pre_req"": ""997"", ""sel_3th_pre_bid"": ""+34400"", ""sel_2th_pre_req_pre"": ""0"", ""sel_2th_pre_req"": ""28"", ""sel_2th_pre_bid"": ""+34350"", ""sel_1th_pre_req_pre"": ""0"", ""sel_fpr_req"": ""474"", ""sel_fpr_bid"": ""+34250"", ""buy_fpr_bid"": ""+34200"", ""buy_fpr_req"": ""691"", ""buy_1th_pre_req_pre"": ""0"", ""buy_2th_pre_bid"": ""+34150"", ""buy_2th_pre_req"": ""341"", ""buy_2th_pre_req_pre"": ""0"", ""buy_3th_pre_bid"": ""+34100"", ""buy_3th_pre_req"": ""440"", ""buy_3th_pre_req_pre"": ""0"", ""buy_4th_pre_bid"": ""+34050"", ""buy_4th_pre_req"": ""1118"", ""buy_4th_pre_req_pre"": ""0"", ""buy_5th_pre_bid"": ""34000"", ""buy_5th_pre_req"": ""3016"", ""buy_5th_pre_req_pre"": ""0"", ""buy_6th_pre_bid"": ""-33950"", ""buy_6th_pre_req"": ""751"", ""buy_6th_pre_req_pre"": ""0"", ""buy_7th_pre_bid"": ""-33900"", ""buy_7th_pre_req"": ""871"", ""buy_7th_pre_req_pre"": ""0"", ""buy_8th_pre_bid"": ""-33850"", ""buy_8th_pre_req"": ""281"", ""buy_8th_pre_req_pre"": ""0"", ""buy_9th_pre_bid"": ""-33800"", ""buy_9th_pre_req"": ""277"", ""buy_9th_pre_req_pre"": ""0"", ""buy_10th_pre_bid"": ""-33750"", ""buy_10th_pre_req"": ""222"", ""buy_10th_pre_req_pre"": ""0"", ""tot_sel_req_jub_pre"": ""+16"", ""tot_sel_req"": ""4477"", ""tot_buy_req"": ""8008"", ""tot_buy_req_jub_pre"": ""0"", ""ovt_sel_req_pre"": ""0"", ""ovt_sel_req"": ""0"", ""ovt_buy_req"": ""0"", ""ovt_buy_req_pre"": ""0"", ""return_code"": 0, ""return_msg"": ""정상적으로 처리되었습니다""}"
2026-06-10,scan_candidate,007810,,0,main_scan,121000,,121000,120900,121000,121000,-0.4132231404958678,0.08264462809917356,,,,,,"{""bid_req_base_tm"": ""102727"", ""sel_10th_pre_req_pre"": ""0"", ""sel_10th_pre_req"": ""558"", ""sel_10th_pre_bid"": ""+122200"", ""sel_9th_pre_req_pre"": ""0"", ""sel_9th_pre_req"": ""26"", ""sel_9th_pre_bid"": ""+122100"", ""sel_8th_pre_req_pre"": ""0"", ""sel_8th_pre_req"": ""32"", ""sel_8th_pre_bid"": ""+122000"", ""sel_7th_pre_req_pre"": ""0"", ""sel_7th_pre_req"": ""50"", ""sel_7th_pre_bid"": ""+121900"", ""sel_6th_pre_req_pre"": ""0"", ""sel_6th_pre_req"": ""20"", ""sel_6th_pre_bid"": ""+121800"", ""sel_5th_pre_req_pre"": ""0"", ""sel_5th_pre_req"": ""1"", ""sel_5th_pre_bid"": ""+121700"", ""sel_4th_pre_req_pre"": ""0"", ""sel_4th_pre_req"": ""51"", ""sel_4th_pre_bid"": ""+121500"", ""sel_3th_pre_req_pre"": ""0"", ""sel_3th_pre_req"": ""7"", ""sel_3th_pre_bid"": ""+121400"", ""sel_2th_pre_req_pre"": ""0"", ""sel_2th_pre_req"": ""1"", ""sel_2th_pre_bid"": ""+121100"", ""sel_1th_pre_req_pre"": ""+15"", ""sel_fpr_req"": ""67"", ""sel_fpr_bid"": ""+121000"", ""buy_fpr_bid"": ""+120900"", ""buy_fpr_req"": ""61"", ""buy_1th_pre_req_pre"": ""0"", ""buy_2th_pre_bid"": ""+120800"", ""buy_2th_pre_req"": ""51"", ""buy_2th_pre_req_pre"": ""0"", ""buy_3th_pre_bid"": ""+120700"", ""buy_3th_pre_req"": ""64"", ""buy_3th_pre_req_pre"": ""0"", ""buy_4th_pre_bid"": ""+120600"", ""buy_4th_pre_req"": ""127"", ""buy_4th_pre_req_pre"": ""0"", ""buy_5th_pre_bid"": ""+120500"", ""buy_5th_pre_req"": ""105"", ""buy_5th_pre_req_pre"": ""0"", ""buy_6th_pre_bid"": ""+120400"", ""buy_6th_pre_req"": ""89"", ""buy_6th_pre_req_pre"": ""0"", ""buy_7th_pre_bid"": ""120300"", ""buy_7th_pre_req"": ""284"", ""buy_7th_pre_req_pre"": ""0"", ""buy_8th_pre_bid"": ""-120200"", ""buy_8th_pre_req"": ""6"", ""buy_8th_pre_req_pre"": ""0"", ""buy_9th_pre_bid"": ""-120100"", ""buy_9th_pre_req"": ""76"", ""buy_9th_pre_req_pre"": ""0"", ""buy_10th_pre_bid"": ""-120000"", ""buy_10th_pre_req"": ""111"", ""buy_10th_pre_req_pre"": ""0"", ""tot_sel_req_jub_pre"": ""+15"", ""tot_sel_req"": ""813"", ""tot_buy_req"": ""974"", ""tot_buy_req_jub_pre"": ""0"", ""ovt_sel_req_pre"": ""0"", ""ovt_sel_req"": ""0"", ""ovt_buy_req"": ""0"", ""ovt_buy_req_pre"": ""0"", ""return_code"": 0, ""return_msg"": ""정상적으로 처리되었습니다""}"
2026-06-10,scan_candidate,001740,,0,main_scan,14300,,14300,14290,14300,14250,-0.6993006993006993,0.06993006993006994,,,,,,"{""bid_req_base_tm"": ""102728"", ""sel_10th_pre_req_pre"": ""+10"", ""sel_10th_pre_req"": ""9765"", ""sel_10th_pre_bid"": ""+14390"", ""sel_9th_pre_req_pre"": ""0"", ""sel_9th_pre_req"": ""6781"", ""sel_9th_pre_bid"": ""+14380"", ""sel_8th_pre_req_pre"": ""0"", ""sel_8th_pre_req"": ""4555"", ""sel_8th_pre_bid"": ""+14370"", ""sel_7th_pre_req_pre"": ""0"", ""sel_7th_pre_req"": ""2159"", ""sel_7th_pre_bid"": ""+14360"", ""sel_6th_pre_req_pre"": ""0"", ""sel_6th_pre_req"": ""2752"", ""sel_6th_pre_bid"": ""+14350"", ""sel_5th_pre_req_pre"": ""0"", ""sel_5th_pre_req"": ""151"", ""sel_5th_pre_bid"": ""+14340"", ""sel_4th_pre_req_pre"": ""+306"", ""sel_4th_pre_req"": ""2381"", ""sel_4th_pre_bid"": ""+14330"", ""sel_3th_pre_req_pre"": ""+113"", ""sel_3th_pre_req"": ""273"", ""sel_3th_pre_bid"": ""+14320"", ""sel_2th_pre_req_pre"": ""0"", ""sel_2th_pre_req"": ""33"", ""sel_2th_pre_bid"": ""+14310"", ""sel_1th_pre_req_pre"": ""0"", ""sel_fpr_req"": ""71"", ""sel_fpr_bid"": ""+14300"", ""buy_fpr_bid"": ""14290"", ""buy_fpr_req"": ""1437"", ""buy_1th_pre_req_pre"": ""0"", ""buy_2th_pre_bid"": ""-14280"", ""buy_2th_pre_req"": ""1842"", ""buy_2th_pre_req_pre"": ""0"", ""buy_3th_pre_bid"": ""-14270"", ""buy_3th_pre_req"": ""9698"", ""buy_3th_pre_req_pre"": ""+59"", ""buy_4th_pre_bid"": ""-14260"", ""buy_4th_pre_req"": ""600"", ""buy_4th_pre_req_pre"": ""0"", ""buy_5th_pre_bid"": ""-14250"", ""buy_5th_pre_req"": ""4662"", ""buy_5th_pre_req_pre"": ""0"", ""buy_6th_pre_bid"": ""-14240"", ""buy_6th_pre_req"": ""1084"", ""buy_6th_pre_req_pre"": ""0"", ""buy_7th_pre_bid"": ""-14230"", ""buy_7th_pre_req"": ""2740"", ""buy_7th_pre_req_pre"": ""0"", ""buy_8th_pre_bid"": ""-14220"", ""buy_8th_pre_req"": ""1737"", ""buy_8th_pre_req_pre"": ""0"", ""buy_9th_pre_bid"": ""-14210"", ""buy_9th_pre_req"": ""3187"", ""buy_9th_pre_req_pre"": ""0"", ""buy_10th_pre_bid"": ""-14200"", ""buy_10th_pre_req"": ""5349"", ""buy_10th_pre_req_pre"": ""0"", ""tot_sel_req_jub_pre"": ""+429"", ""tot_sel_req"": ""28921"", ""tot_buy_req"": ""32336"", ""tot_buy_req_jub_pre"": ""+59"", ""ovt_sel_req_pre"": ""0"", ""ovt_sel_req"": ""0"", ""ovt_buy_req"": ""0"", ""ovt_buy_req_pre"": ""0"", ""return_code"": 0, ""return_msg"": ""정상적으로 처리되었습니다""}"
2026-06-10,scan_candidate,383220,,0,main_scan,75400,,75400,75200,75400,75300,-0.2652519893899204,0.2652519893899204,,,,,,"{""bid_req_base_tm"": ""102723"", ""sel_10th_pre_req_pre"": ""0"", ""sel_10th_pre_req"": ""14"", ""sel_10th_pre_bid"": ""+76500"", ""sel_9th_pre_req_pre"": ""0"", ""sel_9th_pre_req"": ""2"", ""sel_9th_pre_bid"": ""+76400"", ""sel_8th_pre_req_pre"": ""0"", ""sel_8th_pre_req"": ""100"", ""sel_8th_pre_bid"": ""+76300"", ""sel_7th_pre_req_pre"": ""0"", ""sel_7th_pre_req"": ""1"", ""sel_7th_pre_bid"": ""+76200"", ""sel_6th_pre_req_pre"": ""0"", ""sel_6th_pre_req"": ""122"", ""sel_6th_pre_bid"": ""+76000"", ""sel_5th_pre_req_pre"": ""0"", ""sel_5th_pre_req"": ""100"", ""sel_5th_pre_bid"": ""+75900"", ""sel_4th_pre_req_pre"": ""0"", ""sel_4th_pre_req"": ""17"", ""sel_4th_pre_bid"": ""+75800"", ""sel_3th_pre_req_pre"": ""0"", ""sel_3th_pre_req"": ""1"", ""sel_3th_pre_bid"": ""+75700"", ""sel_2th_pre_req_pre"": ""0"", ""sel_2th_pre_req"": ""31"", ""sel_2th_pre_bid"": ""+75500"", ""sel_1th_pre_req_pre"": ""0"", ""sel_fpr_req"": ""155"", ""sel_fpr_bid"": ""+75400"", ""buy_fpr_bid"": ""+75200"", ""buy_fpr_req"": ""2"", ""buy_1th_pre_req_pre"": ""+1"", ""buy_2th_pre_bid"": ""+75100"", ""buy_2th_pre_req"": ""30"", ""buy_2th_pre_req_pre"": ""0"", ""buy_3th_pre_bid"": ""+75000"", ""buy_3th_pre_req"": ""256"", ""buy_3th_pre_req_pre"": ""0"", ""buy_4th_pre_bid"": ""+74900"", ""buy_4th_pre_req"": ""20"", ""buy_4th_pre_req_pre"": ""0"", ""buy_5th_pre_bid"": ""+74800"", ""buy_5th_pre_req"": ""9"", ""buy_5th_pre_req_pre"": ""0"", ""buy_6th_pre_bid"": ""+74700"", ""buy_6th_pre_req"": ""31"", ""buy_6th_pre_req_pre"": ""0"", ""buy_7th_pre_bid"": ""74600"", ""buy_7th_pre_req"": ""74"", ""buy_7th_pre_req_pre"": ""0"", ""buy_8th_pre_bid"": ""-74500"", ""buy_8th_pre_req"": ""27"", ""buy_8th_pre_req_pre"": ""0"", ""buy_9th_pre_bid"": ""-74400"", ""buy_9th_pre_req"": ""24"", ""buy_9th_pre_req_pre"": ""0"", ""buy_10th_pre_bid"": ""-74300"", ""buy_10th_pre_req"": ""10"", ""buy_10th_pre_req_pre"": ""0"", ""tot_sel_req_jub_pre"": ""0"", ""tot_sel_req"": ""543"", ""tot_buy_req"": ""483"", ""tot_buy_req_jub_pre"": ""+1"", ""ovt_sel_req_pre"": ""0"", ""ovt_sel_req"": ""0"", ""ovt_buy_req"": ""0"", ""ovt_buy_req_pre"": ""0"", ""return_code"": 0, ""return_msg"": ""정상적으로 처리되었습니다""}"
2026-06-10,scan_candidate,014680,,0,main_scan,264000,,264000,263500,264000,264000,-0.1893939393939394,0.1893939393939394,,,,,,"{""bid_req_base_tm"": ""102722"", ""sel_10th_pre_req_pre"": ""0"", ""sel_10th_pre_req"": ""106"", ""sel_10th_pre_bid"": ""+269000"", ""sel_9th_pre_req_pre"": ""0"", ""sel_9th_pre_req"": ""13"", ""sel_9th_pre_bid"": ""+268500"", ""sel_8th_pre_req_pre"": ""0"", ""sel_8th_pre_req"": ""51"", ""sel_8th_pre_bid"": ""+268000"", ""sel_7th_pre_req_pre"": ""0"", ""sel_7th_pre_req"": ""33"", ""sel_7th_pre_bid"": ""+267500"", ""sel_6th_pre_req_pre"": ""0"", ""sel_6th_pre_req"": ""26"", ""sel_6th_pre_bid"": ""+267000"", ""sel_5th_pre_req_pre"": ""0"", ""sel_5th_pre_req"": ""12"", ""sel_5th_pre_bid"": ""+266500"", ""sel_4th_pre_req_pre"": ""0"", ""sel_4th_pre_req"": ""7"", ""sel_4th_pre_bid"": ""+266000"", ""sel_3th_pre_req_pre"": ""0"", ""sel_3th_pre_req"": ""2"", ""sel_3th_pre_bid"": ""+265500"", ""sel_2th_pre_req_pre"": ""0"", ""sel_2th_pre_req"": ""66"", ""sel_2th_pre_bid"": ""+264500"", ""sel_1th_pre_req_pre"": ""+3"", ""sel_fpr_req"": ""85"", ""sel_fpr_bid"": ""+264000"", ""buy_fpr_bid"": ""+263500"", ""buy_fpr_req"": ""76"", ""buy_1th_pre_req_pre"": ""0"", ""buy_2th_pre_bid"": ""+263000"", ""buy_2th_pre_req"": ""23"", ""buy_2th_pre_req_pre"": ""0"", ""buy_3th_pre_bid"": ""+262500"", ""buy_3th_pre_req"": ""3"", ""buy_3th_pre_req_pre"": ""0"", ""buy_4th_pre_bid"": ""+262000"", ""buy_4th_pre_req"": ""3"", ""buy_4th_pre_req_pre"": ""0"", ""buy_5th_pre_bid"": ""+261500"", ""buy_5th_pre_req"": ""15"", ""buy_5th_pre_req_pre"": ""0"", ""buy_6th_pre_bid"": ""+261000"", ""buy_6th_pre_req"": ""3"", ""buy_6th_pre_req_pre"": ""0"", ""buy_7th_pre_bid"": ""+260500"", ""buy_7th_pre_req"": ""8"", ""buy_7th_pre_req_pre"": ""0"", ""buy_8th_pre_bid"": ""+260000"", ""buy_8th_pre_req"": ""109"", ""buy_8th_pre_req_pre"": ""0"", ""buy_9th_pre_bid"": ""+259500"", ""buy_9th_pre_req"": ""119"", ""buy_9th_pre_req_pre"": ""0"", ""buy_10th_pre_bid"": ""+259000"", ""buy_10th_pre_req"": ""208"", ""buy_10th_pre_req_pre"": ""0"", ""tot_sel_req_jub_pre"": ""+3"", ""tot_sel_req"": ""401"", ""tot_buy_req"": ""567"", ""tot_buy_req_jub_pre"": ""0"", ""ovt_sel_req_pre"": ""0"", ""ovt_sel_req"": ""0"", ""ovt_buy_req"": ""0"", ""ovt_buy_req_pre"": ""0"", ""return_code"": 0, ""return_msg"": ""정상적으로 처리되었습니다""}"
2026-06-10,scan_candidate,028670,,0,main_scan,5010,,5010,5000,5010,5040,0.39920159680638717,0.19960079840319359,,,,,,"{""bid_req_base_tm"": ""102727"", ""sel_10th_pre_req_pre"": ""0"", ""sel_10th_pre_req"": ""111"", ""sel_10th_pre_bid"": ""-5100"", ""sel_9th_pre_req_pre"": ""0"", ""sel_9th_pre_req"": ""621"", ""sel_9th_pre_bid"": ""-5090"", ""sel_8th_pre_req_pre"": ""0"", ""sel_8th_pre_req"": ""118"", ""sel_8th_pre_bid"": ""-5080"", ""sel_7th_pre_req_pre"": ""0"", ""sel_7th_pre_req"": ""115"", ""sel_7th_pre_bid"": ""-5070"", ""sel_6th_pre_req_pre"": ""0"", ""sel_6th_pre_req"": ""1"", ""sel_6th_pre_bid"": ""-5060"", ""sel_5th_pre_req_pre"": ""0"", ""sel_5th_pre_req"": ""103"", ""sel_5th_pre_bid"": ""-5050"", ""sel_4th_pre_req_pre"": ""0"", ""sel_4th_pre_req"": ""746"", ""sel_4th_pre_bid"": ""-5040"", ""sel_3th_pre_req_pre"": ""0"", ""sel_3th_pre_req"": ""1897"", ""sel_3th_pre_bid"": ""-5030"", ""sel_2th_pre_req_pre"": ""0"", ""sel_2th_pre_req"": ""4403"", ""sel_2th_pre_bid"": ""-5020"", ""sel_1th_pre_req_pre"": ""0"", ""sel_fpr_req"": ""19721"", ""sel_fpr_bid"": ""-5010"", ""buy_fpr_bid"": ""-5000"", ""buy_fpr_req"": ""18063"", ""buy_1th_pre_req_pre"": ""0"", ""buy_2th_pre_bid"": ""-4995"", ""buy_2th_pre_req"": ""4041"", ""buy_2th_pre_req_pre"": ""0"", ""buy_3th_pre_bid"": ""-4990"", ""buy_3th_pre_req"": ""2816"", ""buy_3th_pre_req_pre"": ""0"", ""buy_4th_pre_bid"": ""-4985"", ""buy_4th_pre_req"": ""3554"", ""buy_4th_pre_req_pre"": ""0"", ""buy_5th_pre_bid"": ""-4980"", ""buy_5th_pre_req"": ""9466"", ""buy_5th_pre_req_pre"": ""0"", ""buy_6th_pre_bid"": ""-4975"", ""buy_6th_pre_req"": ""45"", ""buy_6th_pre_req_pre"": ""0"", ""buy_7th_pre_bid"": ""-4970"", ""buy_7th_pre_req"": ""484"", ""buy_7th_pre_req_pre"": ""0"", ""buy_8th_pre_bid"": ""-4965"", ""buy_8th_pre_req"": ""145"", ""buy_8th_pre_req_pre"": ""0"", ""buy_9th_pre_bid"": ""-4960"", ""buy_9th_pre_req"": ""2229"", ""buy_9th_pre_req_pre"": ""0"", ""buy_10th_pre_bid"": ""-4955"", ""buy_10th_pre_req"": ""833"", ""buy_10th_pre_req_pre"": ""0"", ""tot_sel_req_jub_pre"": ""0"", ""tot_sel_req"": ""27836"", ""tot_buy_req"": ""41676"", ""tot_buy_req_jub_pre"": ""0"", ""ovt_sel_req_pre"": ""0"", ""ovt_sel_req"": ""0"", ""ovt_buy_req"": ""0"", ""ovt_buy_req_pre"": ""0"", ""return_code"": 0, ""return_msg"": ""정상적으로 처리되었습니다""}"
2026-06-10,scan_candidate,009420,,0,main_scan,50200,,50200,50100,50200,50400,0.199203187250996,0.199203187250996,,,,,,"{""bid_req_base_tm"": ""102726"", ""sel_10th_pre_req_pre"": ""0"", ""sel_10th_pre_req"": ""75"", ""sel_10th_pre_bid"": ""-51100"", ""sel_9th_pre_req_pre"": ""0"", ""sel_9th_pre_req"": ""98"", ""sel_9th_pre_bid"": ""-51000"", ""sel_8th_pre_req_pre"": ""0"", ""sel_8th_pre_req"": ""228"", ""sel_8th_pre_bid"": ""-50900"", ""sel_7th_pre_req_pre"": ""0"", ""sel_7th_pre_req"": ""11"", ""sel_7th_pre_bid"": ""-50800"", ""sel_6th_pre_req_pre"": ""0"", ""sel_6th_pre_req"": ""272"", ""sel_6th_pre_bid"": ""-50700"", ""sel_5th_pre_req_pre"": ""0"", ""sel_5th_pre_req"": ""237"", ""sel_5th_pre_bid"": ""-50600"", ""sel_4th_pre_req_pre"": ""0"", ""sel_4th_pre_req"": ""110"", ""sel_4th_pre_bid"": ""-50500"", ""sel_3th_pre_req_pre"": ""0"", ""sel_3th_pre_req"": ""61"", ""sel_3th_pre_bid"": ""-50400"", ""sel_2th_pre_req_pre"": ""0"", ""sel_2th_pre_req"": ""68"", ""sel_2th_pre_bid"": ""-50300"", ""sel_1th_pre_req_pre"": ""0"", ""sel_fpr_req"": ""104"", ""sel_fpr_bid"": ""-50200"", ""buy_fpr_bid"": ""-50100"", ""buy_fpr_req"": ""32"", ""buy_1th_pre_req_pre"": ""0"", ""buy_2th_pre_bid"": ""-50000"", ""buy_2th_pre_req"": ""102"", ""buy_2th_pre_req_pre"": ""0"", ""buy_3th_pre_bid"": ""-49950"", ""buy_3th_pre_req"": ""350"", ""buy_3th_pre_req_pre"": ""0"", ""buy_4th_pre_bid"": ""-49900"", ""buy_4th_pre_req"": ""377"", ""buy_4th_pre_req_pre"": ""0"", ""buy_5th_pre_bid"": ""-49850"", ""buy_5th_pre_req"": ""273"", ""buy_5th_pre_req_pre"": ""0"", ""buy_6th_pre_bid"": ""-49800"", ""buy_6th_pre_req"": ""542"", ""buy_6th_pre_req_pre"": ""0"", ""buy_7th_pre_bid"": ""-49750"", ""buy_7th_pre_req"": ""890"", ""buy_7th_pre_req_pre"": ""0"", ""buy_8th_pre_bid"": ""-49700"", ""buy_8th_pre_req"": ""1155"", ""buy_8th_pre_req_pre"": ""0"", ""buy_9th_pre_bid"": ""-49650"", ""buy_9th_pre_req"": ""72"", ""buy_9th_pre_req_pre"": ""0"", ""buy_10th_pre_bid"": ""-49600"", ""buy_10th_pre_req"": ""884"", ""buy_10th_pre_req_pre"": ""0"", ""tot_sel_req_jub_pre"": ""0"", ""tot_sel_req"": ""1264"", ""tot_buy_req"": ""4677"", ""tot_buy_req_jub_pre"": ""0"", ""ovt_sel_req_pre"": ""0"", ""ovt_sel_req"": ""0"", ""ovt_buy_req"": ""0"", ""ovt_buy_req_pre"": ""0"", ""return_code"": 0, ""return_msg"": ""정상적으로 처리되었습니다""}"
2026-06-10,scan_candidate,375500,,0,main_scan,71200,,71200,71000,71200,70800,-0.7022471910112359,0.2808988764044944,,,,,,"{""bid_req_base_tm"": ""102728"", ""sel_10th_pre_req_pre"": ""0"", ""sel_10th_pre_req"": ""215"", ""sel_10th_pre_bid"": ""+72100"", ""sel_9th_pre_req_pre"": ""0"", ""sel_9th_pre_req"": ""731"", ""sel_9th_pre_bid"": ""+72000"", ""sel_8th_pre_req_pre"": ""0"", ""sel_8th_pre_req"": ""443"", ""sel_8th_pre_bid"": ""+71900"", ""sel_7th_pre_req_pre"": ""0"", ""sel_7th_pre_req"": ""241"", ""sel_7th_pre_bid"": ""+71800"", ""sel_6th_pre_req_pre"": ""0"", ""sel_6th_pre_req"": ""230"", ""sel_6th_pre_bid"": ""+71700"", ""sel_5th_pre_req_pre"": ""0"", ""sel_5th_pre_req"": ""857"", ""sel_5th_pre_bid"": ""+71600"", ""sel_4th_pre_req_pre"": ""0"", ""sel_4th_pre_req"": ""1219"", ""sel_4th_pre_bid"": ""+71500"", ""sel_3th_pre_req_pre"": ""0"", ""sel_3th_pre_req"": ""257"", ""sel_3th_pre_bid"": ""+71400"", ""sel_2th_pre_req_pre"": ""0"", ""sel_2th_pre_req"": ""80"", ""sel_2th_pre_bid"": ""+71300"", ""sel_1th_pre_req_pre"": ""+19"", ""sel_fpr_req"": ""33"", ""sel_fpr_bid"": ""+71200"", ""buy_fpr_bid"": ""+71000"", ""buy_fpr_req"": ""2"", ""buy_1th_pre_req_pre"": ""0"", ""buy_2th_pre_bid"": ""+70900"", ""buy_2th_pre_req"": ""23"", ""buy_2th_pre_req_pre"": ""0"", ""buy_3th_pre_bid"": ""+70800"", ""buy_3th_pre_req"": ""71"", ""buy_3th_pre_req_pre"": ""0"", ""buy_4th_pre_bid"": ""+70700"", ""buy_4th_pre_req"": ""52"", ""buy_4th_pre_req_pre"": ""0"", ""buy_5th_pre_bid"": ""+70600"", ""buy_5th_pre_req"": ""83"", ""buy_5th_pre_req_pre"": ""0"", ""buy_6th_pre_bid"": ""+70500"", ""buy_6th_pre_req"": ""193"", ""buy_6th_pre_req_pre"": ""0"", ""buy_7th_pre_bid"": ""+70400"", ""buy_7th_pre_req"": ""181"", ""buy_7th_pre_req_pre"": ""0"", ""buy_8th_pre_bid"": ""+70300"", ""buy_8th_pre_req"": ""980"", ""buy_8th_pre_req_pre"": ""0"", ""buy_9th_pre_bid"": ""+70200"", ""buy_9th_pre_req"": ""21"", ""buy_9th_pre_req_pre"": ""0"", ""buy_10th_pre_bid"": ""+70100"", ""buy_10th_pre_req"": ""71"", ""buy_10th_pre_req_pre"": ""0"", ""tot_sel_req_jub_pre"": ""+19"", ""tot_sel_req"": ""4306"", ""tot_buy_req"": ""1677"", ""tot_buy_req_jub_pre"": ""0"", ""ovt_sel_req_pre"": ""0"", ""ovt_sel_req"": ""0"", ""ovt_buy_req"": ""0"", ""ovt_buy_req_pre"": ""0"", ""return_code"": 0, ""return_msg"": ""정상적으로 처리되었습니다""}"
2026-06-10,scan_candidate,004990,,0,main_scan,25600,,25600,25550,25600,25700,0.1953125,0.1953125,,,,,,"{""bid_req_base_tm"": ""102726"", ""sel_10th_pre_req_pre"": ""0"", ""sel_10th_pre_req"": ""902"", ""sel_10th_pre_bid"": ""-26100"", ""sel_9th_pre_req_pre"": ""0"", ""sel_9th_pre_req"": ""101"", ""sel_9th_pre_bid"": ""-26050"", ""sel_8th_pre_req_pre"": ""0"", ""sel_8th_pre_req"": ""3"", ""sel_8th_pre_bid"": ""-26000"", ""sel_7th_pre_req_pre"": ""0"", ""sel_7th_pre_req"": ""6"", ""sel_7th_pre_bid"": ""-25950"", ""sel_6th_pre_req_pre"": ""0"", ""sel_6th_pre_req"": ""250"", ""sel_6th_pre_bid"": ""-25900"", ""sel_5th_pre_req_pre"": ""0"", ""sel_5th_pre_req"": ""250"", ""sel_5th_pre_bid"": ""-25850"", ""sel_4th_pre_req_pre"": ""0"", ""sel_4th_pre_req"": ""467"", ""sel_4th_pre_bid"": ""-25750"", ""sel_3th_pre_req_pre"": ""0"", ""sel_3th_pre_req"": ""232"", ""sel_3th_pre_bid"": ""-25700"", ""sel_2th_pre_req_pre"": ""0"", ""sel_2th_pre_req"": ""156"", ""sel_2th_pre_bid"": ""-25650"", ""sel_1th_pre_req_pre"": ""0"", ""sel_fpr_req"": ""341"", ""sel_fpr_bid"": ""-25600"", ""buy_fpr_bid"": ""-25550"", ""buy_fpr_req"": ""222"", ""buy_1th_pre_req_pre"": ""0"", ""buy_2th_pre_bid"": ""-25500"", ""buy_2th_pre_req"": ""439"", ""buy_2th_pre_req_pre"": ""0"", ""buy_3th_pre_bid"": ""-25450"", ""buy_3th_pre_req"": ""305"", ""buy_3th_pre_req_pre"": ""0"", ""buy_4th_pre_bid"": ""-25400"", ""buy_4th_pre_req"": ""660"", ""buy_4th_pre_req_pre"": ""0"", ""buy_5th_pre_bid"": ""-25350"", ""buy_5th_pre_req"": ""392"", ""buy_5th_pre_req_pre"": ""0"", ""buy_6th_pre_bid"": ""-25300"", ""buy_6th_pre_req"": ""926"", ""buy_6th_pre_req_pre"": ""0"", ""buy_7th_pre_bid"": ""-25250"", ""buy_7th_pre_req"": ""902"", ""buy_7th_pre_req_pre"": ""0"", ""buy_8th_pre_bid"": ""-25200"", ""buy_8th_pre_req"": ""7719"", ""buy_8th_pre_req_pre"": ""0"", ""buy_9th_pre_bid"": ""-25150"", ""buy_9th_pre_req"": ""1595"", ""buy_9th_pre_req_pre"": ""0"", ""buy_10th_pre_bid"": ""-25100"", ""buy_10th_pre_req"": ""1596"", ""buy_10th_pre_req_pre"": ""0"", ""tot_sel_req_jub_pre"": ""0"", ""tot_sel_req"": ""2708"", ""tot_buy_req"": ""14756"", ""tot_buy_req_jub_pre"": ""0"", ""ovt_sel_req_pre"": ""0"", ""ovt_sel_req"": ""0"", ""ovt_buy_req"": ""0"", ""ovt_buy_req_pre"": ""0"", ""return_code"": 0, ""return_msg"": ""정상적으로 처리되었습니다""}"
2026-06-10,scan_candidate,483650,,0,main_scan,206000,,206000,205500,206000,203500,-1.4563106796116505,0.24271844660194172,,,,,,"{""bid_req_base_tm"": ""102729"", ""sel_10th_pre_req_pre"": ""0"", ""sel_10th_pre_req"": ""11"", ""sel_10th_pre_bid"": ""+210500"", ""sel_9th_pre_req_pre"": ""0"", ""sel_9th_pre_req"": ""1033"", ""sel_9th_pre_bid"": ""+210000"", ""sel_8th_pre_req_pre"": ""0"", ""sel_8th_pre_req"": ""1018"", ""sel_8th_pre_bid"": ""+209500"", ""sel_7th_pre_req_pre"": ""0"", ""sel_7th_pre_req"": ""628"", ""sel_7th_pre_bid"": ""+209000"", ""sel_6th_pre_req_pre"": ""0"", ""sel_6th_pre_req"": ""171"", ""sel_6th_pre_bid"": ""+208500"", ""sel_5th_pre_req_pre"": ""0"", ""sel_5th_pre_req"": ""479"", ""sel_5th_pre_bid"": ""+208000"", ""sel_4th_pre_req_pre"": ""0"", ""sel_4th_pre_req"": ""433"", ""sel_4th_pre_bid"": ""+207500"", ""sel_3th_pre_req_pre"": ""0"", ""sel_3th_pre_req"": ""757"", ""sel_3th_pre_bid"": ""+207000"", ""sel_2th_pre_req_pre"": ""0"", ""sel_2th_pre_req"": ""1745"", ""sel_2th_pre_bid"": ""+206500"", ""sel_1th_pre_req_pre"": ""0"", ""sel_fpr_req"": ""1463"", ""sel_fpr_bid"": ""+206000"", ""buy_fpr_bid"": ""+205500"", ""buy_fpr_req"": ""5"", ""buy_1th_pre_req_pre"": ""--33"", ""buy_2th_pre_bid"": ""+205000"", ""buy_2th_pre_req"": ""52"", ""buy_2th_pre_req_pre"": ""0"", ""buy_3th_pre_bid"": ""+204500"", ""buy_3th_pre_req"": ""137"", ""buy_3th_pre_req_pre"": ""0"", ""buy_4th_pre_bid"": ""+204000"", ""buy_4th_pre_req"": ""82"", ""buy_4th_pre_req_pre"": ""0"", ""buy_5th_pre_bid"": ""+203500"", ""buy_5th_pre_req"": ""81"", ""buy_5th_pre_req_pre"": ""0"", ""buy_6th_pre_bid"": ""+203000"", ""buy_6th_pre_req"": ""88"", ""buy_6th_pre_req_pre"": ""0"", ""buy_7th_pre_bid"": ""+202500"", ""buy_7th_pre_req"": ""44"", ""buy_7th_pre_req_pre"": ""0"", ""buy_8th_pre_bid"": ""+202000"", ""buy_8th_pre_req"": ""53"", ""buy_8th_pre_req_pre"": ""0"", ""buy_9th_pre_bid"": ""+201500"", ""buy_9th_pre_req"": ""174"", ""buy_9th_pre_req_pre"": ""0"", ""buy_10th_pre_bid"": ""+201000"", ""buy_10th_pre_req"": ""335"", ""buy_10th_pre_req_pre"": ""0"", ""tot_sel_req_jub_pre"": ""0"", ""tot_sel_req"": ""7738"", ""tot_buy_req"": ""1051"", ""tot_buy_req_jub_pre"": ""--33"", ""ovt_sel_req_pre"": ""0"", ""ovt_sel_req"": ""0"", ""ovt_buy_req"": ""0"", ""ovt_buy_req_pre"": ""0"", ""return_code"": 0, ""return_msg"": ""정상적으로 처리되었습니다""}"
2026-06-10,scan_candidate,003690,,0,main_scan,13250,,13250,13240,13250,13250,-0.37735849056603776,0.07547169811320754,,,,,,"{""bid_req_base_tm"": ""102727"", ""sel_10th_pre_req_pre"": ""0"", ""sel_10th_pre_req"": ""1"", ""sel_10th_pre_bid"": ""-13340"", ""sel_9th_pre_req_pre"": ""0"", ""sel_9th_pre_req"": ""1"", ""sel_9th_pre_bid"": ""-13330"", ""sel_8th_pre_req_pre"": ""0"", ""sel_8th_pre_req"": ""1"", ""sel_8th_pre_bid"": ""-13320"", ""sel_7th_pre_req_pre"": ""0"", ""sel_7th_pre_req"": ""1040"", ""sel_7th_pre_bid"": ""-13310"", ""sel_6th_pre_req_pre"": ""0"", ""sel_6th_pre_req"": ""39"", ""sel_6th_pre_bid"": ""-13300"", ""sel_5th_pre_req_pre"": ""0"", ""sel_5th_pre_req"": ""1"", ""sel_5th_pre_bid"": ""-13290"", ""sel_4th_pre_req_pre"": ""0"", ""sel_4th_pre_req"": ""57"", ""sel_4th_pre_bid"": ""-13280"", ""sel_3th_pre_req_pre"": ""0"", ""sel_3th_pre_req"": ""49"", ""sel_3th_pre_bid"": ""-13270"", ""sel_2th_pre_req_pre"": ""0"", ""sel_2th_pre_req"": ""227"", ""sel_2th_pre_bid"": ""-13260"", ""sel_1th_pre_req_pre"": ""0"", ""sel_fpr_req"": ""147"", ""sel_fpr_bid"": ""-13250"", ""buy_fpr_bid"": ""-13240"", ""buy_fpr_req"": ""117"", ""buy_1th_pre_req_pre"": ""+85"", ""buy_2th_pre_bid"": ""-13230"", ""buy_2th_pre_req"": ""227"", ""buy_2th_pre_req_pre"": ""0"", ""buy_3th_pre_bid"": ""-13220"", ""buy_3th_pre_req"": ""85"", ""buy_3th_pre_req_pre"": ""0"", ""buy_4th_pre_bid"": ""-13210"", ""buy_4th_pre_req"": ""600"", ""buy_4th_pre_req_pre"": ""0"", ""buy_5th_pre_bid"": ""-13200"", ""buy_5th_pre_req"": ""631"", ""buy_5th_pre_req_pre"": ""0"", ""buy_6th_pre_bid"": ""-13190"", ""buy_6th_pre_req"": ""101"", ""buy_6th_pre_req_pre"": ""0"", ""buy_7th_pre_bid"": ""-13180"", ""buy_7th_pre_req"": ""50"", ""buy_7th_pre_req_pre"": ""0"", ""buy_8th_pre_bid"": ""-13170"", ""buy_8th_pre_req"": ""50"", ""buy_8th_pre_req_pre"": ""0"", ""buy_9th_pre_bid"": ""-13160"", ""buy_9th_pre_req"": ""50"", ""buy_9th_pre_req_pre"": ""0"", ""buy_10th_pre_bid"": ""-13150"", ""buy_10th_pre_req"": ""81"", ""buy_10th_pre_req_pre"": ""0"", ""tot_sel_req_jub_pre"": ""0"", ""tot_sel_req"": ""1563"", ""tot_buy_req"": ""1992"", ""tot_buy_req_jub_pre"": ""+85"", ""ovt_sel_req_pre"": ""0"", ""ovt_sel_req"": ""0"", ""ovt_buy_req"": ""0"", ""ovt_buy_req_pre"": ""0"", ""return_code"": 0, ""return_msg"": ""정상적으로 처리되었습니다""}"
2026-06-10,scan_candidate,279570,,0,main_scan,5960,,5960,5950,5960,5940,-0.5033557046979865,0.16778523489932887,,,,,,"{""bid_req_base_tm"": ""102729"", ""sel_10th_pre_req_pre"": ""0"", ""sel_10th_pre_req"": ""35961"", ""sel_10th_pre_bid"": ""+6050"", ""sel_9th_pre_req_pre"": ""0"", ""sel_9th_pre_req"": ""21518"", ""sel_9th_pre_bid"": ""+6040"", ""sel_8th_pre_req_pre"": ""0"", ""sel_8th_pre_req"": ""30836"", ""sel_8th_pre_bid"": ""+6030"", ""sel_7th_pre_req_pre"": ""0"", ""sel_7th_pre_req"": ""48461"", ""sel_7th_pre_bid"": ""+6020"", ""sel_6th_pre_req_pre"": ""0"", ""sel_6th_pre_req"": ""11373"", ""sel_6th_pre_bid"": ""+6010"", ""sel_5th_pre_req_pre"": ""0"", ""sel_5th_pre_req"": ""30902"", ""sel_5th_pre_bid"": ""+6000"", ""sel_4th_pre_req_pre"": ""0"", ""sel_4th_pre_req"": ""26432"", ""sel_4th_pre_bid"": ""+5990"", ""sel_3th_pre_req_pre"": ""0"", ""sel_3th_pre_req"": ""14471"", ""sel_3th_pre_bid"": ""+5980"", ""sel_2th_pre_req_pre"": ""+10"", ""sel_2th_pre_req"": ""2479"", ""sel_2th_pre_bid"": ""+5970"", ""sel_1th_pre_req_pre"": ""0"", ""sel_fpr_req"": ""34"", ""sel_fpr_bid"": ""+5960"", ""buy_fpr_bid"": ""+5950"", ""buy_fpr_req"": ""20419"", ""buy_1th_pre_req_pre"": ""0"", ""buy_2th_pre_bid"": ""+5940"", ""buy_2th_pre_req"": ""5504"", ""buy_2th_pre_req_pre"": ""0"", ""buy_3th_pre_bid"": ""+5930"", ""buy_3th_pre_req"": ""13695"", ""buy_3th_pre_req_pre"": ""0"", ""buy_4th_pre_bid"": ""+5920"", ""buy_4th_pre_req"": ""6715"", ""buy_4th_pre_req_pre"": ""0"", ""buy_5th_pre_bid"": ""+5910"", ""buy_5th_pre_req"": ""11475"", ""buy_5th_pre_req_pre"": ""0"", ""buy_6th_pre_bid"": ""+5900"", ""buy_6th_pre_req"": ""34559"", ""buy_6th_pre_req_pre"": ""0"", ""buy_7th_pre_bid"": ""+5890"", ""buy_7th_pre_req"": ""5407"", ""buy_7th_pre_req_pre"": ""0"", ""buy_8th_pre_bid"": ""+5880"", ""buy_8th_pre_req"": ""2697"", ""buy_8th_pre_req_pre"": ""0"", ""buy_9th_pre_bid"": ""+5870"", ""buy_9th_pre_req"": ""3286"", ""buy_9th_pre_req_pre"": ""0"", ""buy_10th_pre_bid"": ""+5860"", ""buy_10th_pre_req"": ""2034"", ""buy_10th_pre_req_pre"": ""0"", ""tot_sel_req_jub_pre"": ""+10"", ""tot_sel_req"": ""222467"", ""tot_buy_req"": ""105791"", ""tot_buy_req_jub_pre"": ""0"", ""ovt_sel_req_pre"": ""0"", ""ovt_sel_req"": ""0"", ""ovt_buy_req"": ""0"", ""ovt_buy_req_pre"": ""0"", ""return_code"": 0, ""return_msg"": ""정상적으로 처리되었습니다""}"
2026-06-10,scan_candidate,008770,,0,main_scan,54100,,54100,54000,54100,54100,-0.18484288354898337,0.18484288354898337,,,,,,"{""bid_req_base_tm"": ""102728"", ""sel_10th_pre_req_pre"": ""0"", ""sel_10th_pre_req"": ""435"", ""sel_10th_pre_bid"": ""-55000"", ""sel_9th_pre_req_pre"": ""0"", ""sel_9th_pre_req"": ""273"", ""sel_9th_pre_bid"": ""-54900"", ""sel_8th_pre_req_pre"": ""0"", ""sel_8th_pre_req"": ""193"", ""sel_8th_pre_bid"": ""-54800"", ""sel_7th_pre_req_pre"": ""0"", ""sel_7th_pre_req"": ""37"", ""sel_7th_pre_bid"": ""-54700"", ""sel_6th_pre_req_pre"": ""0"", ""sel_6th_pre_req"": ""14"", ""sel_6th_pre_bid"": ""-54600"", ""sel_5th_pre_req_pre"": ""0"", ""sel_5th_pre_req"": ""190"", ""sel_5th_pre_bid"": ""-54500"", ""sel_4th_pre_req_pre"": ""0"", ""sel_4th_pre_req"": ""34"", ""sel_4th_pre_bid"": ""-54400"", ""sel_3th_pre_req_pre"": ""0"", ""sel_3th_pre_req"": ""59"", ""sel_3th_pre_bid"": ""-54300"", ""sel_2th_pre_req_pre"": ""0"", ""sel_2th_pre_req"": ""264"", ""sel_2th_pre_bid"": ""-54200"", ""sel_1th_pre_req_pre"": ""0"", ""sel_fpr_req"": ""332"", ""sel_fpr_bid"": ""-54100"", ""buy_fpr_bid"": ""-54000"", ""buy_fpr_req"": ""336"", ""buy_1th_pre_req_pre"": ""+8"", ""buy_2th_pre_bid"": ""-53900"", ""buy_2th_pre_req"": ""245"", ""buy_2th_pre_req_pre"": ""0"", ""buy_3th_pre_bid"": ""-53800"", ""buy_3th_pre_req"": ""374"", ""buy_3th_pre_req_pre"": ""0"", ""buy_4th_pre_bid"": ""-53700"", ""buy_4th_pre_req"": ""379"", ""buy_4th_pre_req_pre"": ""0"", ""buy_5th_pre_bid"": ""-53600"", ""buy_5th_pre_req"": ""120"", ""buy_5th_pre_req_pre"": ""0"", ""buy_6th_pre_bid"": ""-53500"", ""buy_6th_pre_req"": ""121"", ""buy_6th_pre_req_pre"": ""0"", ""buy_7th_pre_bid"": ""-53400"", ""buy_7th_pre_req"": ""231"", ""buy_7th_pre_req_pre"": ""0"", ""buy_8th_pre_bid"": ""-53300"", ""buy_8th_pre_req"": ""504"", ""buy_8th_pre_req_pre"": ""0"", ""buy_9th_pre_bid"": ""-53200"", ""buy_9th_pre_req"": ""436"", ""buy_9th_pre_req_pre"": ""0"", ""buy_10th_pre_bid"": ""-53100"", ""buy_10th_pre_req"": ""524"", ""buy_10th_pre_req_pre"": ""0"", ""tot_sel_req_jub_pre"": ""0"", ""tot_sel_req"": ""1831"", ""tot_buy_req"": ""3270"", ""tot_buy_req_jub_pre"": ""+8"", ""ovt_sel_req_pre"": ""0"", ""ovt_sel_req"": ""0"", ""ovt_buy_req"": ""0"", ""ovt_buy_req_pre"": ""0"", ""return_code"": 0, ""return_msg"": ""정상적으로 처리되었습니다""}"
2026-06-10,scan_candidate,081660,,0,main_scan,40100,,40100,40050,40100,40250,0.24937655860349126,0.12468827930174563,,,,,,"{""bid_req_base_tm"": ""102730"", ""sel_10th_pre_req_pre"": ""0"", ""sel_10th_pre_req"": ""116"", ""sel_10th_pre_bid"": ""+40550"", ""sel_9th_pre_req_pre"": ""0"", ""sel_9th_pre_req"": ""191"", ""sel_9th_pre_bid"": ""+40500"", ""sel_8th_pre_req_pre"": ""0"", ""sel_8th_pre_req"": ""40"", ""sel_8th_pre_bid"": ""+40450"", ""sel_7th_pre_req_pre"": ""0"", ""sel_7th_pre_req"": ""5"", ""sel_7th_pre_bid"": ""+40400"", ""sel_6th_pre_req_pre"": ""0"", ""sel_6th_pre_req"": ""72"", ""sel_6th_pre_bid"": ""+40350"", ""sel_5th_pre_req_pre"": ""0"", ""sel_5th_pre_req"": ""2"", ""sel_5th_pre_bid"": ""+40300"", ""sel_4th_pre_req_pre"": ""0"", ""sel_4th_pre_req"": ""71"", ""sel_4th_pre_bid"": ""+40250"", ""sel_3th_pre_req_pre"": ""0"", ""sel_3th_pre_req"": ""35"", ""sel_3th_pre_bid"": ""+40200"", ""sel_2th_pre_req_pre"": ""0"", ""sel_2th_pre_req"": ""144"", ""sel_2th_pre_bid"": ""+40150"", ""sel_1th_pre_req_pre"": ""0"", ""sel_fpr_req"": ""556"", ""sel_fpr_bid"": ""+40100"", ""buy_fpr_bid"": ""+40050"", ""buy_fpr_req"": ""304"", ""buy_1th_pre_req_pre"": ""--1"", ""buy_2th_pre_bid"": ""+40000"", ""buy_2th_pre_req"": ""618"", ""buy_2th_pre_req_pre"": ""0"", ""buy_3th_pre_bid"": ""+39950"", ""buy_3th_pre_req"": ""691"", ""buy_3th_pre_req_pre"": ""0"", ""buy_4th_pre_bid"": ""+39900"", ""buy_4th_pre_req"": ""102"", ""buy_4th_pre_req_pre"": ""0"", ""buy_5th_pre_bid"": ""+39850"", ""buy_5th_pre_req"": ""100"", ""buy_5th_pre_req_pre"": ""0"", ""buy_6th_pre_bid"": ""39700"", ""buy_6th_pre_req"": ""52"", ""buy_6th_pre_req_pre"": ""0"", ""buy_7th_pre_bid"": ""-39650"", ""buy_7th_pre_req"": ""30"", ""buy_7th_pre_req_pre"": ""0"", ""buy_8th_pre_bid"": ""-39600"", ""buy_8th_pre_req"": ""22"", ""buy_8th_pre_req_pre"": ""0"", ""buy_9th_pre_bid"": ""-39550"", ""buy_9th_pre_req"": ""25"", ""buy_9th_pre_req_pre"": ""0"", ""buy_10th_pre_bid"": ""-39500"", ""buy_10th_pre_req"": ""102"", ""buy_10th_pre_req_pre"": ""0"", ""tot_sel_req_jub_pre"": ""0"", ""tot_sel_req"": ""1232"", ""tot_buy_req"": ""2046"", ""tot_buy_req_jub_pre"": ""--1"", ""ovt_sel_req_pre"": ""0"", ""ovt_sel_req"": ""0"", ""ovt_buy_req"": ""0"", ""ovt_buy_req_pre"": ""0"", ""return_code"": 0, ""return_msg"": ""정상적으로 처리되었습니다""}"
2026-06-10,scan_candidate,462870,,0,main_scan,31100,,31100,31050,31100,31050,-0.3215434083601286,0.1607717041800643,,,,,,"{""bid_req_base_tm"": ""102729"", ""sel_10th_pre_req_pre"": ""0"", ""sel_10th_pre_req"": ""17"", ""sel_10th_pre_bid"": ""-31550"", ""sel_9th_pre_req_pre"": ""0"", ""sel_9th_pre_req"": ""158"", ""sel_9th_pre_bid"": ""-31500"", ""sel_8th_pre_req_pre"": ""0"", ""sel_8th_pre_req"": ""55"", ""sel_8th_pre_bid"": ""-31450"", ""sel_7th_pre_req_pre"": ""0"", ""sel_7th_pre_req"": ""126"", ""sel_7th_pre_bid"": ""-31400"", ""sel_6th_pre_req_pre"": ""0"", ""sel_6th_pre_req"": ""32"", ""sel_6th_pre_bid"": ""-31350"", ""sel_5th_pre_req_pre"": ""0"", ""sel_5th_pre_req"": ""370"", ""sel_5th_pre_bid"": ""-31300"", ""sel_4th_pre_req_pre"": ""0"", ""sel_4th_pre_req"": ""92"", ""sel_4th_pre_bid"": ""-31250"", ""sel_3th_pre_req_pre"": ""0"", ""sel_3th_pre_req"": ""55"", ""sel_3th_pre_bid"": ""-31200"", ""sel_2th_pre_req_pre"": ""0"", ""sel_2th_pre_req"": ""22"", ""sel_2th_pre_bid"": ""-31150"", ""sel_1th_pre_req_pre"": ""0"", ""sel_fpr_req"": ""57"", ""sel_fpr_bid"": ""-31100"", ""buy_fpr_bid"": ""-31050"", ""buy_fpr_req"": ""30"", ""buy_1th_pre_req_pre"": ""+1"", ""buy_2th_pre_bid"": ""-31000"", ""buy_2th_pre_req"": ""49"", ""buy_2th_pre_req_pre"": ""--1"", ""buy_3th_pre_bid"": ""-30950"", ""buy_3th_pre_req"": ""20"", ""buy_3th_pre_req_pre"": ""0"", ""buy_4th_pre_bid"": ""-30900"", ""buy_4th_pre_req"": ""139"", ""buy_4th_pre_req_pre"": ""0"", ""buy_5th_pre_bid"": ""-30850"", ""buy_5th_pre_req"": ""23"", ""buy_5th_pre_req_pre"": ""0"", ""buy_6th_pre_bid"": ""-30800"", ""buy_6th_pre_req"": ""139"", ""buy_6th_pre_req_pre"": ""0"", ""buy_7th_pre_bid"": ""-30750"", ""buy_7th_pre_req"": ""59"", ""buy_7th_pre_req_pre"": ""0"", ""buy_8th_pre_bid"": ""-30700"", ""buy_8th_pre_req"": ""195"", ""buy_8th_pre_req_pre"": ""0"", ""buy_9th_pre_bid"": ""-30650"", ""buy_9th_pre_req"": ""43"", ""buy_9th_pre_req_pre"": ""0"", ""buy_10th_pre_bid"": ""-30600"", ""buy_10th_pre_req"": ""144"", ""buy_10th_pre_req_pre"": ""0"", ""tot_sel_req_jub_pre"": ""0"", ""tot_sel_req"": ""984"", ""tot_buy_req"": ""841"", ""tot_buy_req_jub_pre"": ""0"", ""ovt_sel_req_pre"": ""0"", ""ovt_sel_req"": ""0"", ""ovt_buy_req"": ""0"", ""ovt_buy_req_pre"": ""0"", ""return_code"": 0, ""return_msg"": ""정상적으로 처리되었습니다""}"
2026-06-10,scan_candidate,120110,,0,main_scan,71000,,71000,70800,71000,70900,-0.28169014084507044,0.28169014084507044,,,,,,"{""bid_req_base_tm"": ""102729"", ""sel_10th_pre_req_pre"": ""0"", ""sel_10th_pre_req"": ""3130"", ""sel_10th_pre_bid"": ""+72000"", ""sel_9th_pre_req_pre"": ""0"", ""sel_9th_pre_req"": ""170"", ""sel_9th_pre_bid"": ""+71900"", ""sel_8th_pre_req_pre"": ""0"", ""sel_8th_pre_req"": ""123"", ""sel_8th_pre_bid"": ""+71800"", ""sel_7th_pre_req_pre"": ""0"", ""sel_7th_pre_req"": ""85"", ""sel_7th_pre_bid"": ""+71700"", ""sel_6th_pre_req_pre"": ""0"", ""sel_6th_pre_req"": ""231"", ""sel_6th_pre_bid"": ""+71600"", ""sel_5th_pre_req_pre"": ""0"", ""sel_5th_pre_req"": ""82"", ""sel_5th_pre_bid"": ""+71500"", ""sel_4th_pre_req_pre"": ""0"", ""sel_4th_pre_req"": ""21"", ""sel_4th_pre_bid"": ""+71400"", ""sel_3th_pre_req_pre"": ""0"", ""sel_3th_pre_req"": ""40"", ""sel_3th_pre_bid"": ""+71300"", ""sel_2th_pre_req_pre"": ""0"", ""sel_2th_pre_req"": ""53"", ""sel_2th_pre_bid"": ""+71200"", ""sel_1th_pre_req_pre"": ""0"", ""sel_fpr_req"": ""140"", ""sel_fpr_bid"": ""+71000"", ""buy_fpr_bid"": ""+70800"", ""buy_fpr_req"": ""200"", ""buy_1th_pre_req_pre"": ""0"", ""buy_2th_pre_bid"": ""+70700"", ""buy_2th_pre_req"": ""57"", ""buy_2th_pre_req_pre"": ""0"", ""buy_3th_pre_bid"": ""+70600"", ""buy_3th_pre_req"": ""220"", ""buy_3th_pre_req_pre"": ""0"", ""buy_4th_pre_bid"": ""+70500"", ""buy_4th_pre_req"": ""133"", ""buy_4th_pre_req_pre"": ""0"", ""buy_5th_pre_bid"": ""+70400"", ""buy_5th_pre_req"": ""7"", ""buy_5th_pre_req_pre"": ""0"", ""buy_6th_pre_bid"": ""+70300"", ""buy_6th_pre_req"": ""58"", ""buy_6th_pre_req_pre"": ""0"", ""buy_7th_pre_bid"": ""+70200"", ""buy_7th_pre_req"": ""172"", ""buy_7th_pre_req_pre"": ""0"", ""buy_8th_pre_bid"": ""+70100"", ""buy_8th_pre_req"": ""6"", ""buy_8th_pre_req_pre"": ""0"", ""buy_9th_pre_bid"": ""+70000"", ""buy_9th_pre_req"": ""16"", ""buy_9th_pre_req_pre"": ""0"", ""buy_10th_pre_bid"": ""+69900"", ""buy_10th_pre_req"": ""1"", ""buy_10th_pre_req_pre"": ""0"", ""tot_sel_req_jub_pre"": ""0"", ""tot_sel_req"": ""4075"", ""tot_buy_req"": ""870"", ""tot_buy_req_jub_pre"": ""0"", ""ovt_sel_req_pre"": ""0"", ""ovt_sel_req"": ""0"", ""ovt_buy_req"": ""0"", ""ovt_buy_req_pre"": ""0"", ""return_code"": 0, ""return_msg"": ""정상적으로 처리되었습니다""}"
2026-06-10,scan_candidate,009155,,0,main_scan,609000,,609000,608000,609000,611000,0.16420361247947454,0.16420361247947454,,,,,,"{""bid_req_base_tm"": ""102730"", ""sel_10th_pre_req_pre"": ""0"", ""sel_10th_pre_req"": ""7"", ""sel_10th_pre_bid"": ""-619000"", ""sel_9th_pre_req_pre"": ""0"", ""sel_9th_pre_req"": ""39"", ""sel_9th_pre_bid"": ""-617000"", ""sel_8th_pre_req_pre"": ""0"", ""sel_8th_pre_req"": ""2"", ""sel_8th_pre_bid"": ""-616000"", ""sel_7th_pre_req_pre"": ""0"", ""sel_7th_pre_req"": ""9"", ""sel_7th_pre_bid"": ""-615000"", ""sel_6th_pre_req_pre"": ""0"", ""sel_6th_pre_req"": ""30"", ""sel_6th_pre_bid"": ""-614000"", ""sel_5th_pre_req_pre"": ""0"", ""sel_5th_pre_req"": ""49"", ""sel_5th_pre_bid"": ""-613000"", ""sel_4th_pre_req_pre"": ""0"", ""sel_4th_pre_req"": ""21"", ""sel_4th_pre_bid"": ""-612000"", ""sel_3th_pre_req_pre"": ""0"", ""sel_3th_pre_req"": ""11"", ""sel_3th_pre_bid"": ""-611000"", ""sel_2th_pre_req_pre"": ""0"", ""sel_2th_pre_req"": ""24"", ""sel_2th_pre_bid"": ""-610000"", ""sel_1th_pre_req_pre"": ""0"", ""sel_fpr_req"": ""14"", ""sel_fpr_bid"": ""-609000"", ""buy_fpr_bid"": ""-608000"", ""buy_fpr_req"": ""16"", ""buy_1th_pre_req_pre"": ""+1"", ""buy_2th_pre_bid"": ""-607000"", ""buy_2th_pre_req"": ""73"", ""buy_2th_pre_req_pre"": ""0"", ""buy_3th_pre_bid"": ""-606000"", ""buy_3th_pre_req"": ""62"", ""buy_3th_pre_req_pre"": ""0"", ""buy_4th_pre_bid"": ""-605000"", ""buy_4th_pre_req"": ""42"", ""buy_4th_pre_req_pre"": ""0"", ""buy_5th_pre_bid"": ""-604000"", ""buy_5th_pre_req"": ""43"", ""buy_5th_pre_req_pre"": ""0"", ""buy_6th_pre_bid"": ""-603000"", ""buy_6th_pre_req"": ""54"", ""buy_6th_pre_req_pre"": ""0"", ""buy_7th_pre_bid"": ""-602000"", ""buy_7th_pre_req"": ""60"", ""buy_7th_pre_req_pre"": ""0"", ""buy_8th_pre_bid"": ""-601000"", ""buy_8th_pre_req"": ""107"", ""buy_8th_pre_req_pre"": ""0"", ""buy_9th_pre_bid"": ""-600000"", ""buy_9th_pre_req"": ""531"", ""buy_9th_pre_req_pre"": ""0"", ""buy_10th_pre_bid"": ""-599000"", ""buy_10th_pre_req"": ""200"", ""buy_10th_pre_req_pre"": ""0"", ""tot_sel_req_jub_pre"": ""0"", ""tot_sel_req"": ""206"", ""tot_buy_req"": ""1188"", ""tot_buy_req_jub_pre"": ""+1"", ""ovt_sel_req_pre"": ""0"", ""ovt_sel_req"": ""0"", ""ovt_buy_req"": ""0"", ""ovt_buy_req_pre"": ""0"", ""return_code"": 0, ""return_msg"": ""정상적으로 처리되었습니다""}"
2026-06-10,scan_candidate,017960,,0,main_scan,31400,,31400,31350,31400,31350,-0.3184713375796179,0.15923566878980894,,,,,,"{""bid_req_base_tm"": ""102730"", ""sel_10th_pre_req_pre"": ""0"", ""sel_10th_pre_req"": ""420"", ""sel_10th_pre_bid"": ""+31850"", ""sel_9th_pre_req_pre"": ""0"", ""sel_9th_pre_req"": ""479"", ""sel_9th_pre_bid"": ""+31800"", ""sel_8th_pre_req_pre"": ""0"", ""sel_8th_pre_req"": ""506"", ""sel_8th_pre_bid"": ""+31750"", ""sel_7th_pre_req_pre"": ""0"", ""sel_7th_pre_req"": ""302"", ""sel_7th_pre_bid"": ""+31700"", ""sel_6th_pre_req_pre"": ""0"", ""sel_6th_pre_req"": ""109"", ""sel_6th_pre_bid"": ""+31650"", ""sel_5th_pre_req_pre"": ""0"", ""sel_5th_pre_req"": ""1281"", ""sel_5th_pre_bid"": ""+31600"", ""sel_4th_pre_req_pre"": ""0"", ""sel_4th_pre_req"": ""452"", ""sel_4th_pre_bid"": ""+31550"", ""sel_3th_pre_req_pre"": ""0"", ""sel_3th_pre_req"": ""992"", ""sel_3th_pre_bid"": ""+31500"", ""sel_2th_pre_req_pre"": ""0"", ""sel_2th_pre_req"": ""84"", ""sel_2th_pre_bid"": ""+31450"", ""sel_1th_pre_req_pre"": ""0"", ""sel_fpr_req"": ""89"", ""sel_fpr_bid"": ""+31400"", ""buy_fpr_bid"": ""+31350"", ""buy_fpr_req"": ""786"", ""buy_1th_pre_req_pre"": ""+442"", ""buy_2th_pre_bid"": ""+31300"", ""buy_2th_pre_req"": ""1749"", ""buy_2th_pre_req_pre"": ""0"", ""buy_3th_pre_bid"": ""+31250"", ""buy_3th_pre_req"": ""36"", ""buy_3th_pre_req_pre"": ""0"", ""buy_4th_pre_bid"": ""+31200"", ""buy_4th_pre_req"": ""157"", ""buy_4th_pre_req_pre"": ""0"", ""buy_5th_pre_bid"": ""+31150"", ""buy_5th_pre_req"": ""284"", ""buy_5th_pre_req_pre"": ""0"", ""buy_6th_pre_bid"": ""+31100"", ""buy_6th_pre_req"": ""317"", ""buy_6th_pre_req_pre"": ""0"", ""buy_7th_pre_bid"": ""+31050"", ""buy_7th_pre_req"": ""693"", ""buy_7th_pre_req_pre"": ""0"", ""buy_8th_pre_bid"": ""+31000"", ""buy_8th_pre_req"": ""304"", ""buy_8th_pre_req_pre"": ""0"", ""buy_9th_pre_bid"": ""+30950"", ""buy_9th_pre_req"": ""42"", ""buy_9th_pre_req_pre"": ""0"", ""buy_10th_pre_bid"": ""+30900"", ""buy_10th_pre_req"": ""35"", ""buy_10th_pre_req_pre"": ""0"", ""tot_sel_req_jub_pre"": ""0"", ""tot_sel_req"": ""4714"", ""tot_buy_req"": ""4403"", ""tot_buy_req_jub_pre"": ""+442"", ""ovt_sel_req_pre"": ""0"", ""ovt_sel_req"": ""0"", ""ovt_buy_req"": ""0"", ""ovt_buy_req_pre"": ""0"", ""return_code"": 0, ""return_msg"": ""정상적으로 처리되었습니다""}"
2026-06-10,scan_candidate,192080,,0,main_scan,71400,,71400,71300,71400,71000,-0.700280112044818,0.1400560224089636,,,,,,"{""bid_req_base_tm"": ""102726"", ""sel_10th_pre_req_pre"": ""0"", ""sel_10th_pre_req"": ""182"", ""sel_10th_pre_bid"": ""+72600"", ""sel_9th_pre_req_pre"": ""0"", ""sel_9th_pre_req"": ""11"", ""sel_9th_pre_bid"": ""+72500"", ""sel_8th_pre_req_pre"": ""0"", ""sel_8th_pre_req"": ""40"", ""sel_8th_pre_bid"": ""+72400"", ""sel_7th_pre_req_pre"": ""0"", ""sel_7th_pre_req"": ""17"", ""sel_7th_pre_bid"": ""+72200"", ""sel_6th_pre_req_pre"": ""0"", ""sel_6th_pre_req"": ""16"", ""sel_6th_pre_bid"": ""-71900"", ""sel_5th_pre_req_pre"": ""0"", ""sel_5th_pre_req"": ""14"", ""sel_5th_pre_bid"": ""-71800"", ""sel_4th_pre_req_pre"": ""0"", ""sel_4th_pre_req"": ""960"", ""sel_4th_pre_bid"": ""-71700"", ""sel_3th_pre_req_pre"": ""0"", ""sel_3th_pre_req"": ""19"", ""sel_3th_pre_bid"": ""-71600"", ""sel_2th_pre_req_pre"": ""0"", ""sel_2th_pre_req"": ""59"", ""sel_2th_pre_bid"": ""-71500"", ""sel_1th_pre_req_pre"": ""0"", ""sel_fpr_req"": ""2"", ""sel_fpr_bid"": ""-71400"", ""buy_fpr_bid"": ""-71300"", ""buy_fpr_req"": ""94"", ""buy_1th_pre_req_pre"": ""+20"", ""buy_2th_pre_bid"": ""-71100"", ""buy_2th_pre_req"": ""21"", ""buy_2th_pre_req_pre"": ""0"", ""buy_3th_pre_bid"": ""-71000"", ""buy_3th_pre_req"": ""95"", ""buy_3th_pre_req_pre"": ""0"", ""buy_4th_pre_bid"": ""-70900"", ""buy_4th_pre_req"": ""56"", ""buy_4th_pre_req_pre"": ""0"", ""buy_5th_pre_bid"": ""-70800"", ""buy_5th_pre_req"": ""71"", ""buy_5th_pre_req_pre"": ""0"", ""buy_6th_pre_bid"": ""-70700"", ""buy_6th_pre_req"": ""98"", ""buy_6th_pre_req_pre"": ""0"", ""buy_7th_pre_bid"": ""-70600"", ""buy_7th_pre_req"": ""76"", ""buy_7th_pre_req_pre"": ""0"", ""buy_8th_pre_bid"": ""-70500"", ""buy_8th_pre_req"": ""181"", ""buy_8th_pre_req_pre"": ""0"", ""buy_9th_pre_bid"": ""-70400"", ""buy_9th_pre_req"": ""93"", ""buy_9th_pre_req_pre"": ""0"", ""buy_10th_pre_bid"": ""-70300"", ""buy_10th_pre_req"": ""93"", ""buy_10th_pre_req_pre"": ""0"", ""tot_sel_req_jub_pre"": ""0"", ""tot_sel_req"": ""1320"", ""tot_buy_req"": ""878"", ""tot_buy_req_jub_pre"": ""+93"", ""ovt_sel_req_pre"": ""0"", ""ovt_sel_req"": ""0"", ""ovt_buy_req"": ""0"", ""ovt_buy_req_pre"": ""0"", ""return_code"": 0, ""return_msg"": ""정상적으로 처리되었습니다""}"
2026-06-10,scan_candidate,093370,,0,main_scan,16200,,16200,16190,16200,16150,-0.6172839506172839,0.06172839506172839,,,,,,"{""bid_req_base_tm"": ""102731"", ""sel_10th_pre_req_pre"": ""0"", ""sel_10th_pre_req"": ""17314"", ""sel_10th_pre_bid"": ""+16290"", ""sel_9th_pre_req_pre"": ""0"", ""sel_9th_pre_req"": ""7254"", ""sel_9th_pre_bid"": ""+16280"", ""sel_8th_pre_req_pre"": ""0"", ""sel_8th_pre_req"": ""4189"", ""sel_8th_pre_bid"": ""+16270"", ""sel_7th_pre_req_pre"": ""0"", ""sel_7th_pre_req"": ""7160"", ""sel_7th_pre_bid"": ""+16260"", ""sel_6th_pre_req_pre"": ""0"", ""sel_6th_pre_req"": ""2517"", ""sel_6th_pre_bid"": ""+16250"", ""sel_5th_pre_req_pre"": ""0"", ""sel_5th_pre_req"": ""1376"", ""sel_5th_pre_bid"": ""+16240"", ""sel_4th_pre_req_pre"": ""0"", ""sel_4th_pre_req"": ""1742"", ""sel_4th_pre_bid"": ""+16230"", ""sel_3th_pre_req_pre"": ""0"", ""sel_3th_pre_req"": ""1398"", ""sel_3th_pre_bid"": ""+16220"", ""sel_2th_pre_req_pre"": ""+40"", ""sel_2th_pre_req"": ""303"", ""sel_2th_pre_bid"": ""+16210"", ""sel_1th_pre_req_pre"": ""0"", ""sel_fpr_req"": ""2115"", ""sel_fpr_bid"": ""+16200"", ""buy_fpr_bid"": ""+16190"", ""buy_fpr_req"": ""109"", ""buy_1th_pre_req_pre"": ""--6"", ""buy_2th_pre_bid"": ""+16180"", ""buy_2th_pre_req"": ""310"", ""buy_2th_pre_req_pre"": ""+1"", ""buy_3th_pre_bid"": ""+16170"", ""buy_3th_pre_req"": ""787"", ""buy_3th_pre_req_pre"": ""+1"", ""buy_4th_pre_bid"": ""+16160"", ""buy_4th_pre_req"": ""358"", ""buy_4th_pre_req_pre"": ""+1"", ""buy_5th_pre_bid"": ""+16150"", ""buy_5th_pre_req"": ""3918"", ""buy_5th_pre_req_pre"": ""0"", ""buy_6th_pre_bid"": ""+16140"", ""buy_6th_pre_req"": ""2702"", ""buy_6th_pre_req_pre"": ""0"", ""buy_7th_pre_bid"": ""+16130"", ""buy_7th_pre_req"": ""9859"", ""buy_7th_pre_req_pre"": ""0"", ""buy_8th_pre_bid"": ""+16120"", ""buy_8th_pre_req"": ""3188"", ""buy_8th_pre_req_pre"": ""0"", ""buy_9th_pre_bid"": ""+16110"", ""buy_9th_pre_req"": ""5744"", ""buy_9th_pre_req_pre"": ""0"", ""buy_10th_pre_bid"": ""+16100"", ""buy_10th_pre_req"": ""3535"", ""buy_10th_pre_req_pre"": ""0"", ""tot_sel_req_jub_pre"": ""+40"", ""tot_sel_req"": ""45368"", ""tot_buy_req"": ""30510"", ""tot_buy_req_jub_pre"": ""--3"", ""ovt_sel_req_pre"": ""0"", ""ovt_sel_req"": ""0"", ""ovt_buy_req"": ""0"", ""ovt_buy_req_pre"": ""0"", ""return_code"": 0, ""return_msg"": ""정상적으로 처리되었습니다""}"
2026-06-10,scan_candidate,066575,,0,main_scan,79200,,79200,79100,79200,79300,0.0,0.12626262626262627,,,,,,"{""bid_req_base_tm"": ""102731"", ""sel_10th_pre_req_pre"": ""0"", ""sel_10th_pre_req"": ""103"", ""sel_10th_pre_bid"": ""-80100"", ""sel_9th_pre_req_pre"": ""0"", ""sel_9th_pre_req"": ""849"", ""sel_9th_pre_bid"": ""-80000"", ""sel_8th_pre_req_pre"": ""0"", ""sel_8th_pre_req"": ""187"", ""sel_8th_pre_bid"": ""-79900"", ""sel_7th_pre_req_pre"": ""0"", ""sel_7th_pre_req"": ""134"", ""sel_7th_pre_bid"": ""-79800"", ""sel_6th_pre_req_pre"": ""0"", ""sel_6th_pre_req"": ""60"", ""sel_6th_pre_bid"": ""-79700"", ""sel_5th_pre_req_pre"": ""0"", ""sel_5th_pre_req"": ""75"", ""sel_5th_pre_bid"": ""-79600"", ""sel_4th_pre_req_pre"": ""0"", ""sel_4th_pre_req"": ""50"", ""sel_4th_pre_bid"": ""-79500"", ""sel_3th_pre_req_pre"": ""0"", ""sel_3th_pre_req"": ""11"", ""sel_3th_pre_bid"": ""-79400"", ""sel_2th_pre_req_pre"": ""0"", ""sel_2th_pre_req"": ""33"", ""sel_2th_pre_bid"": ""-79300"", ""sel_1th_pre_req_pre"": ""0"", ""sel_fpr_req"": ""13"", ""sel_fpr_bid"": ""-79200"", ""buy_fpr_bid"": ""-79100"", ""buy_fpr_req"": ""29"", ""buy_1th_pre_req_pre"": ""0"", ""buy_2th_pre_bid"": ""-79000"", ""buy_2th_pre_req"": ""783"", ""buy_2th_pre_req_pre"": ""0"", ""buy_3th_pre_bid"": ""-78900"", ""buy_3th_pre_req"": ""202"", ""buy_3th_pre_req_pre"": ""0"", ""buy_4th_pre_bid"": ""-78800"", ""buy_4th_pre_req"": ""380"", ""buy_4th_pre_req_pre"": ""0"", ""buy_5th_pre_bid"": ""-78700"", ""buy_5th_pre_req"": ""41"", ""buy_5th_pre_req_pre"": ""0"", ""buy_6th_pre_bid"": ""-78600"", ""buy_6th_pre_req"": ""142"", ""buy_6th_pre_req_pre"": ""0"", ""buy_7th_pre_bid"": ""-78500"", ""buy_7th_pre_req"": ""180"", ""buy_7th_pre_req_pre"": ""0"", ""buy_8th_pre_bid"": ""-78400"", ""buy_8th_pre_req"": ""12"", ""buy_8th_pre_req_pre"": ""0"", ""buy_9th_pre_bid"": ""-78300"", ""buy_9th_pre_req"": ""89"", ""buy_9th_pre_req_pre"": ""0"", ""buy_10th_pre_bid"": ""-78200"", ""buy_10th_pre_req"": ""135"", ""buy_10th_pre_req_pre"": ""0"", ""tot_sel_req_jub_pre"": ""0"", ""tot_sel_req"": ""1515"", ""tot_buy_req"": ""1993"", ""tot_buy_req_jub_pre"": ""0"", ""ovt_sel_req_pre"": ""0"", ""ovt_sel_req"": ""0"", ""ovt_buy_req"": ""0"", ""ovt_buy_req_pre"": ""0"", ""return_code"": 0, ""return_msg"": ""정상적으로 처리되었습니다""}"
2026-06-10,scan_candidate,181710,,0,main_scan,40250,,40250,40150,40250,40500,0.4968944099378882,0.2484472049689441,,,,,,"{""bid_req_base_tm"": ""102731"", ""sel_10th_pre_req_pre"": ""0"", ""sel_10th_pre_req"": ""77"", ""sel_10th_pre_bid"": ""-40950"", ""sel_9th_pre_req_pre"": ""0"", ""sel_9th_pre_req"": ""3"", ""sel_9th_pre_bid"": ""-40850"", ""sel_8th_pre_req_pre"": ""0"", ""sel_8th_pre_req"": ""23"", ""sel_8th_pre_bid"": ""-40700"", ""sel_7th_pre_req_pre"": ""0"", ""sel_7th_pre_req"": ""3"", ""sel_7th_pre_bid"": ""-40650"", ""sel_6th_pre_req_pre"": ""0"", ""sel_6th_pre_req"": ""12"", ""sel_6th_pre_bid"": ""-40600"", ""sel_5th_pre_req_pre"": ""0"", ""sel_5th_pre_req"": ""2"", ""sel_5th_pre_bid"": ""-40550"", ""sel_4th_pre_req_pre"": ""0"", ""sel_4th_pre_req"": ""823"", ""sel_4th_pre_bid"": ""-40500"", ""sel_3th_pre_req_pre"": ""0"", ""sel_3th_pre_req"": ""85"", ""sel_3th_pre_bid"": ""-40350"", ""sel_2th_pre_req_pre"": ""0"", ""sel_2th_pre_req"": ""63"", ""sel_2th_pre_bid"": ""-40300"", ""sel_1th_pre_req_pre"": ""0"", ""sel_fpr_req"": ""1"", ""sel_fpr_bid"": ""-40250"", ""buy_fpr_bid"": ""-40150"", ""buy_fpr_req"": ""73"", ""buy_1th_pre_req_pre"": ""0"", ""buy_2th_pre_bid"": ""-40100"", ""buy_2th_pre_req"": ""264"", ""buy_2th_pre_req_pre"": ""--51"", ""buy_3th_pre_bid"": ""-40050"", ""buy_3th_pre_req"": ""922"", ""buy_3th_pre_req_pre"": ""+51"", ""buy_4th_pre_bid"": ""-40000"", ""buy_4th_pre_req"": ""828"", ""buy_4th_pre_req_pre"": ""0"", ""buy_5th_pre_bid"": ""-39950"", ""buy_5th_pre_req"": ""546"", ""buy_5th_pre_req_pre"": ""0"", ""buy_6th_pre_bid"": ""-39900"", ""buy_6th_pre_req"": ""414"", ""buy_6th_pre_req_pre"": ""0"", ""buy_7th_pre_bid"": ""-39850"", ""buy_7th_pre_req"": ""520"", ""buy_7th_pre_req_pre"": ""0"", ""buy_8th_pre_bid"": ""-39800"", ""buy_8th_pre_req"": ""410"", ""buy_8th_pre_req_pre"": ""0"", ""buy_9th_pre_bid"": ""-39750"", ""buy_9th_pre_req"": ""51"", ""buy_9th_pre_req_pre"": ""0"", ""buy_10th_pre_bid"": ""-39700"", ""buy_10th_pre_req"": ""776"", ""buy_10th_pre_req_pre"": ""0"", ""tot_sel_req_jub_pre"": ""0"", ""tot_sel_req"": ""1092"", ""tot_buy_req"": ""4804"", ""tot_buy_req_jub_pre"": ""0"", ""ovt_sel_req_pre"": ""0"", ""ovt_sel_req"": ""0"", ""ovt_buy_req"": ""0"", ""ovt_buy_req_pre"": ""0"", ""return_code"": 0, ""return_msg"": ""정상적으로 처리되었습니다""}"
2026-06-10,scan_candidate,034230,,0,main_scan,15060,,15060,15050,15060,15050,-0.398406374501992,0.06640106241699867,,,,,,"{""bid_req_base_tm"": ""102730"", ""sel_10th_pre_req_pre"": ""0"", ""sel_10th_pre_req"": ""26"", ""sel_10th_pre_bid"": ""+15160"", ""sel_9th_pre_req_pre"": ""0"", ""sel_9th_pre_req"": ""180"", ""sel_9th_pre_bid"": ""+15150"", ""sel_8th_pre_req_pre"": ""0"", ""sel_8th_pre_req"": ""73"", ""sel_8th_pre_bid"": ""+15140"", ""sel_7th_pre_req_pre"": ""0"", ""sel_7th_pre_req"": ""377"", ""sel_7th_pre_bid"": ""+15130"", ""sel_6th_pre_req_pre"": ""0"", ""sel_6th_pre_req"": ""70"", ""sel_6th_pre_bid"": ""+15120"", ""sel_5th_pre_req_pre"": ""0"", ""sel_5th_pre_req"": ""39"", ""sel_5th_pre_bid"": ""+15100"", ""sel_4th_pre_req_pre"": ""0"", ""sel_4th_pre_req"": ""8"", ""sel_4th_pre_bid"": ""+15090"", ""sel_3th_pre_req_pre"": ""0"", ""sel_3th_pre_req"": ""13"", ""sel_3th_pre_bid"": ""+15080"", ""sel_2th_pre_req_pre"": ""0"", ""sel_2th_pre_req"": ""213"", ""sel_2th_pre_bid"": ""+15070"", ""sel_1th_pre_req_pre"": ""0"", ""sel_fpr_req"": ""391"", ""sel_fpr_bid"": ""+15060"", ""buy_fpr_bid"": ""+15050"", ""buy_fpr_req"": ""59"", ""buy_1th_pre_req_pre"": ""0"", ""buy_2th_pre_bid"": ""+15040"", ""buy_2th_pre_req"": ""163"", ""buy_2th_pre_req_pre"": ""--580"", ""buy_3th_pre_bid"": ""+15030"", ""buy_3th_pre_req"": ""160"", ""buy_3th_pre_req_pre"": ""0"", ""buy_4th_pre_bid"": ""15020"", ""buy_4th_pre_req"": ""176"", ""buy_4th_pre_req_pre"": ""0"", ""buy_5th_pre_bid"": ""-15010"", ""buy_5th_pre_req"": ""125"", ""buy_5th_pre_req_pre"": ""0"", ""buy_6th_pre_bid"": ""-15000"", ""buy_6th_pre_req"": ""353"", ""buy_6th_pre_req_pre"": ""0"", ""buy_7th_pre_bid"": ""-14990"", ""buy_7th_pre_req"": ""98"", ""buy_7th_pre_req_pre"": ""0"", ""buy_8th_pre_bid"": ""-14980"", ""buy_8th_pre_req"": ""166"", ""buy_8th_pre_req_pre"": ""0"", ""buy_9th_pre_bid"": ""-14970"", ""buy_9th_pre_req"": ""84"", ""buy_9th_pre_req_pre"": ""0"", ""buy_10th_pre_bid"": ""-14960"", ""buy_10th_pre_req"": ""148"", ""buy_10th_pre_req_pre"": ""0"", ""tot_sel_req_jub_pre"": ""0"", ""tot_sel_req"": ""1390"", ""tot_buy_req"": ""1532"", ""tot_buy_req_jub_pre"": ""--580"", ""ovt_sel_req_pre"": ""0"", ""ovt_sel_req"": ""0"", ""ovt_buy_req"": ""0"", ""ovt_buy_req_pre"": ""0"", ""return_code"": 0, ""return_msg"": ""정상적으로 처리되었습니다""}"
2026-06-10,scan_candidate,281820,,0,main_scan,67100,,67100,67000,67100,67400,0.29806259314456035,0.14903129657228018,,,,,,"{""bid_req_base_tm"": ""102727"", ""sel_10th_pre_req_pre"": ""0"", ""sel_10th_pre_req"": ""56"", ""sel_10th_pre_bid"": ""+68300"", ""sel_9th_pre_req_pre"": ""0"", ""sel_9th_pre_req"": ""42"", ""sel_9th_pre_bid"": ""+68200"", ""sel_8th_pre_req_pre"": ""0"", ""sel_8th_pre_req"": ""17"", ""sel_8th_pre_bid"": ""+68100"", ""sel_7th_pre_req_pre"": ""0"", ""sel_7th_pre_req"": ""136"", ""sel_7th_pre_bid"": ""+68000"", ""sel_6th_pre_req_pre"": ""0"", ""sel_6th_pre_req"": ""84"", ""sel_6th_pre_bid"": ""+67900"", ""sel_5th_pre_req_pre"": ""0"", ""sel_5th_pre_req"": ""5"", ""sel_5th_pre_bid"": ""+67800"", ""sel_4th_pre_req_pre"": ""0"", ""sel_4th_pre_req"": ""42"", ""sel_4th_pre_bid"": ""+67500"", ""sel_3th_pre_req_pre"": ""0"", ""sel_3th_pre_req"": ""56"", ""sel_3th_pre_bid"": ""+67300"", ""sel_2th_pre_req_pre"": ""0"", ""sel_2th_pre_req"": ""97"", ""sel_2th_pre_bid"": ""+67200"", ""sel_1th_pre_req_pre"": ""0"", ""sel_fpr_req"": ""23"", ""sel_fpr_bid"": ""+67100"", ""buy_fpr_bid"": ""+67000"", ""buy_fpr_req"": ""84"", ""buy_1th_pre_req_pre"": ""+1"", ""buy_2th_pre_bid"": ""+66900"", ""buy_2th_pre_req"": ""179"", ""buy_2th_pre_req_pre"": ""0"", ""buy_3th_pre_bid"": ""+66800"", ""buy_3th_pre_req"": ""31"", ""buy_3th_pre_req_pre"": ""0"", ""buy_4th_pre_bid"": ""+66700"", ""buy_4th_pre_req"": ""254"", ""buy_4th_pre_req_pre"": ""0"", ""buy_5th_pre_bid"": ""+66600"", ""buy_5th_pre_req"": ""32"", ""buy_5th_pre_req_pre"": ""0"", ""buy_6th_pre_bid"": ""+66500"", ""buy_6th_pre_req"": ""105"", ""buy_6th_pre_req_pre"": ""0"", ""buy_7th_pre_bid"": ""66400"", ""buy_7th_pre_req"": ""117"", ""buy_7th_pre_req_pre"": ""0"", ""buy_8th_pre_bid"": ""-66300"", ""buy_8th_pre_req"": ""7"", ""buy_8th_pre_req_pre"": ""0"", ""buy_9th_pre_bid"": ""-66200"", ""buy_9th_pre_req"": ""135"", ""buy_9th_pre_req_pre"": ""0"", ""buy_10th_pre_bid"": ""-66100"", ""buy_10th_pre_req"": ""20"", ""buy_10th_pre_req_pre"": ""0"", ""tot_sel_req_jub_pre"": ""0"", ""tot_sel_req"": ""558"", ""tot_buy_req"": ""964"", ""tot_buy_req_jub_pre"": ""+1"", ""ovt_sel_req_pre"": ""0"", ""ovt_sel_req"": ""0"", ""ovt_buy_req"": ""0"", ""ovt_buy_req_pre"": ""0"", ""return_code"": 0, ""return_msg"": ""정상적으로 처리되었습니다""}"
2026-06-10,scan_candidate,195870,,0,main_scan,77800,,77800,77600,77800,77600,-0.3856041131105398,0.2570694087403599,,,,,,"{""bid_req_base_tm"": ""102731"", ""sel_10th_pre_req_pre"": ""0"", ""sel_10th_pre_req"": ""141"", ""sel_10th_pre_bid"": ""+79000"", ""sel_9th_pre_req_pre"": ""0"", ""sel_9th_pre_req"": ""9"", ""sel_9th_pre_bid"": ""+78900"", ""sel_8th_pre_req_pre"": ""0"", ""sel_8th_pre_req"": ""1176"", ""sel_8th_pre_bid"": ""+78800"", ""sel_7th_pre_req_pre"": ""0"", ""sel_7th_pre_req"": ""261"", ""sel_7th_pre_bid"": ""+78700"", ""sel_6th_pre_req_pre"": ""0"", ""sel_6th_pre_req"": ""335"", ""sel_6th_pre_bid"": ""+78600"", ""sel_5th_pre_req_pre"": ""0"", ""sel_5th_pre_req"": ""131"", ""sel_5th_pre_bid"": ""+78500"", ""sel_4th_pre_req_pre"": ""0"", ""sel_4th_pre_req"": ""118"", ""sel_4th_pre_bid"": ""+78400"", ""sel_3th_pre_req_pre"": ""0"", ""sel_3th_pre_req"": ""51"", ""sel_3th_pre_bid"": ""+78300"", ""sel_2th_pre_req_pre"": ""0"", ""sel_2th_pre_req"": ""30"", ""sel_2th_pre_bid"": ""+77900"", ""sel_1th_pre_req_pre"": ""0"", ""sel_fpr_req"": ""201"", ""sel_fpr_bid"": ""+77800"", ""buy_fpr_bid"": ""+77600"", ""buy_fpr_req"": ""3"", ""buy_1th_pre_req_pre"": ""0"", ""buy_2th_pre_bid"": ""+77500"", ""buy_2th_pre_req"": ""58"", ""buy_2th_pre_req_pre"": ""0"", ""buy_3th_pre_bid"": ""+77300"", ""buy_3th_pre_req"": ""60"", ""buy_3th_pre_req_pre"": ""0"", ""buy_4th_pre_bid"": ""+77200"", ""buy_4th_pre_req"": ""15"", ""buy_4th_pre_req_pre"": ""0"", ""buy_5th_pre_bid"": ""+77100"", ""buy_5th_pre_req"": ""82"", ""buy_5th_pre_req_pre"": ""0"", ""buy_6th_pre_bid"": ""+77000"", ""buy_6th_pre_req"": ""31"", ""buy_6th_pre_req_pre"": ""+10"", ""buy_7th_pre_bid"": ""+76900"", ""buy_7th_pre_req"": ""56"", ""buy_7th_pre_req_pre"": ""0"", ""buy_8th_pre_bid"": ""+76800"", ""buy_8th_pre_req"": ""303"", ""buy_8th_pre_req_pre"": ""0"", ""buy_9th_pre_bid"": ""+76700"", ""buy_9th_pre_req"": ""50"", ""buy_9th_pre_req_pre"": ""0"", ""buy_10th_pre_bid"": ""+76600"", ""buy_10th_pre_req"": ""115"", ""buy_10th_pre_req_pre"": ""0"", ""tot_sel_req_jub_pre"": ""0"", ""tot_sel_req"": ""2453"", ""tot_buy_req"": ""773"", ""tot_buy_req_jub_pre"": ""+10"", ""ovt_sel_req_pre"": ""0"", ""ovt_sel_req"": ""0"", ""ovt_buy_req"": ""0"", ""ovt_buy_req_pre"": ""0"", ""return_code"": 0, ""return_msg"": ""정상적으로 처리되었습니다""}"
2026-06-10,scan_candidate,001820,,0,main_scan,115800,,115800,115700,115800,115500,-0.690846286701209,0.08635578583765112,,,,,,"{""bid_req_base_tm"": ""102732"", ""sel_10th_pre_req_pre"": ""0"", ""sel_10th_pre_req"": ""43"", ""sel_10th_pre_bid"": ""-116700"", ""sel_9th_pre_req_pre"": ""0"", ""sel_9th_pre_req"": ""56"", ""sel_9th_pre_bid"": ""-116600"", ""sel_8th_pre_req_pre"": ""0"", ""sel_8th_pre_req"": ""147"", ""sel_8th_pre_bid"": ""-116500"", ""sel_7th_pre_req_pre"": ""0"", ""sel_7th_pre_req"": ""130"", ""sel_7th_pre_bid"": ""-116400"", ""sel_6th_pre_req_pre"": ""0"", ""sel_6th_pre_req"": ""28"", ""sel_6th_pre_bid"": ""-116300"", ""sel_5th_pre_req_pre"": ""0"", ""sel_5th_pre_req"": ""79"", ""sel_5th_pre_bid"": ""-116200"", ""sel_4th_pre_req_pre"": ""0"", ""sel_4th_pre_req"": ""107"", ""sel_4th_pre_bid"": ""-116100"", ""sel_3th_pre_req_pre"": ""0"", ""sel_3th_pre_req"": ""145"", ""sel_3th_pre_bid"": ""-116000"", ""sel_2th_pre_req_pre"": ""0"", ""sel_2th_pre_req"": ""230"", ""sel_2th_pre_bid"": ""-115900"", ""sel_1th_pre_req_pre"": ""0"", ""sel_fpr_req"": ""128"", ""sel_fpr_bid"": ""-115800"", ""buy_fpr_bid"": ""-115700"", ""buy_fpr_req"": ""181"", ""buy_1th_pre_req_pre"": ""+8"", ""buy_2th_pre_bid"": ""-115600"", ""buy_2th_pre_req"": ""14"", ""buy_2th_pre_req_pre"": ""0"", ""buy_3th_pre_bid"": ""-115500"", ""buy_3th_pre_req"": ""171"", ""buy_3th_pre_req_pre"": ""0"", ""buy_4th_pre_bid"": ""-115400"", ""buy_4th_pre_req"": ""32"", ""buy_4th_pre_req_pre"": ""0"", ""buy_5th_pre_bid"": ""-115300"", ""buy_5th_pre_req"": ""43"", ""buy_5th_pre_req_pre"": ""0"", ""buy_6th_pre_bid"": ""-115200"", ""buy_6th_pre_req"": ""132"", ""buy_6th_pre_req_pre"": ""0"", ""buy_7th_pre_bid"": ""-115100"", ""buy_7th_pre_req"": ""112"", ""buy_7th_pre_req_pre"": ""0"", ""buy_8th_pre_bid"": ""-115000"", ""buy_8th_pre_req"": ""518"", ""buy_8th_pre_req_pre"": ""0"", ""buy_9th_pre_bid"": ""-114900"", ""buy_9th_pre_req"": ""135"", ""buy_9th_pre_req_pre"": ""0"", ""buy_10th_pre_bid"": ""-114800"", ""buy_10th_pre_req"": ""20"", ""buy_10th_pre_req_pre"": ""0"", ""tot_sel_req_jub_pre"": ""0"", ""tot_sel_req"": ""1093"", ""tot_buy_req"": ""1358"", ""tot_buy_req_jub_pre"": ""+8"", ""ovt_sel_req_pre"": ""0"", ""ovt_sel_req"": ""0"", ""ovt_buy_req"": ""0"", ""ovt_buy_req_pre"": ""0"", ""return_code"": 0, ""return_msg"": ""정상적으로 처리되었습니다""}"
2026-06-10,scan_candidate,000815,,0,main_scan,401000,,401000,399000,401000,400000,-0.3740648379052369,0.4987531172069825,,,,,,"{""bid_req_base_tm"": ""102730"", ""sel_10th_pre_req_pre"": ""0"", ""sel_10th_pre_req"": ""122"", ""sel_10th_pre_bid"": ""-406000"", ""sel_9th_pre_req_pre"": ""0"", ""sel_9th_pre_req"": ""74"", ""sel_9th_pre_bid"": ""-405500"", ""sel_8th_pre_req_pre"": ""0"", ""sel_8th_pre_req"": ""112"", ""sel_8th_pre_bid"": ""-405000"", ""sel_7th_pre_req_pre"": ""+6"", ""sel_7th_pre_req"": ""144"", ""sel_7th_pre_bid"": ""-404500"", ""sel_6th_pre_req_pre"": ""0"", ""sel_6th_pre_req"": ""134"", ""sel_6th_pre_bid"": ""-404000"", ""sel_5th_pre_req_pre"": ""0"", ""sel_5th_pre_req"": ""5"", ""sel_5th_pre_bid"": ""-403500"", ""sel_4th_pre_req_pre"": ""0"", ""sel_4th_pre_req"": ""43"", ""sel_4th_pre_bid"": ""-403000"", ""sel_3th_pre_req_pre"": ""0"", ""sel_3th_pre_req"": ""21"", ""sel_3th_pre_bid"": ""-402000"", ""sel_2th_pre_req_pre"": ""0"", ""sel_2th_pre_req"": ""20"", ""sel_2th_pre_bid"": ""-401500"", ""sel_1th_pre_req_pre"": ""0"", ""sel_fpr_req"": ""24"", ""sel_fpr_bid"": ""-401000"", ""buy_fpr_bid"": ""-399000"", ""buy_fpr_req"": ""21"", ""buy_1th_pre_req_pre"": ""0"", ""buy_2th_pre_bid"": ""-398500"", ""buy_2th_pre_req"": ""53"", ""buy_2th_pre_req_pre"": ""0"", ""buy_3th_pre_bid"": ""-398000"", ""buy_3th_pre_req"": ""105"", ""buy_3th_pre_req_pre"": ""0"", ""buy_4th_pre_bid"": ""-397500"", ""buy_4th_pre_req"": ""148"", ""buy_4th_pre_req_pre"": ""0"", ""buy_5th_pre_bid"": ""-397000"", ""buy_5th_pre_req"": ""59"", ""buy_5th_pre_req_pre"": ""0"", ""buy_6th_pre_bid"": ""-396500"", ""buy_6th_pre_req"": ""12"", ""buy_6th_pre_req_pre"": ""0"", ""buy_7th_pre_bid"": ""-396000"", ""buy_7th_pre_req"": ""25"", ""buy_7th_pre_req_pre"": ""0"", ""buy_8th_pre_bid"": ""-395500"", ""buy_8th_pre_req"": ""9"", ""buy_8th_pre_req_pre"": ""0"", ""buy_9th_pre_bid"": ""-395000"", ""buy_9th_pre_req"": ""61"", ""buy_9th_pre_req_pre"": ""0"", ""buy_10th_pre_bid"": ""-394500"", ""buy_10th_pre_req"": ""12"", ""buy_10th_pre_req_pre"": ""0"", ""tot_sel_req_jub_pre"": ""+6"", ""tot_sel_req"": ""699"", ""tot_buy_req"": ""505"", ""tot_buy_req_jub_pre"": ""0"", ""ovt_sel_req_pre"": ""0"", ""ovt_sel_req"": ""0"", ""ovt_buy_req"": ""0"", ""ovt_buy_req_pre"": ""0"", ""return_code"": 0, ""return_msg"": ""정상적으로 처리되었습니다""}"
2026-06-10,scan_candidate,499790,,0,main_scan,50200,,50200,50100,50200,50100,-0.398406374501992,0.199203187250996,,,,,,"{""bid_req_base_tm"": ""102731"", ""sel_10th_pre_req_pre"": ""0"", ""sel_10th_pre_req"": ""2"", ""sel_10th_pre_bid"": ""+51100"", ""sel_9th_pre_req_pre"": ""0"", ""sel_9th_pre_req"": ""474"", ""sel_9th_pre_bid"": ""+51000"", ""sel_8th_pre_req_pre"": ""0"", ""sel_8th_pre_req"": ""68"", ""sel_8th_pre_bid"": ""+50900"", ""sel_7th_pre_req_pre"": ""0"", ""sel_7th_pre_req"": ""62"", ""sel_7th_pre_bid"": ""+50800"", ""sel_6th_pre_req_pre"": ""0"", ""sel_6th_pre_req"": ""90"", ""sel_6th_pre_bid"": ""+50700"", ""sel_5th_pre_req_pre"": ""0"", ""sel_5th_pre_req"": ""108"", ""sel_5th_pre_bid"": ""+50600"", ""sel_4th_pre_req_pre"": ""0"", ""sel_4th_pre_req"": ""170"", ""sel_4th_pre_bid"": ""+50500"", ""sel_3th_pre_req_pre"": ""0"", ""sel_3th_pre_req"": ""36"", ""sel_3th_pre_bid"": ""+50400"", ""sel_2th_pre_req_pre"": ""0"", ""sel_2th_pre_req"": ""33"", ""sel_2th_pre_bid"": ""+50300"", ""sel_1th_pre_req_pre"": ""0"", ""sel_fpr_req"": ""100"", ""sel_fpr_bid"": ""+50200"", ""buy_fpr_bid"": ""+50100"", ""buy_fpr_req"": ""30"", ""buy_1th_pre_req_pre"": ""0"", ""buy_2th_pre_bid"": ""+50000"", ""buy_2th_pre_req"": ""90"", ""buy_2th_pre_req_pre"": ""--1"", ""buy_3th_pre_bid"": ""+49950"", ""buy_3th_pre_req"": ""84"", ""buy_3th_pre_req_pre"": ""0"", ""buy_4th_pre_bid"": ""+49900"", ""buy_4th_pre_req"": ""160"", ""buy_4th_pre_req_pre"": ""0"", ""buy_5th_pre_bid"": ""+49850"", ""buy_5th_pre_req"": ""7"", ""buy_5th_pre_req_pre"": ""0"", ""buy_6th_pre_bid"": ""+49650"", ""buy_6th_pre_req"": ""7"", ""buy_6th_pre_req_pre"": ""0"", ""buy_7th_pre_bid"": ""+49600"", ""buy_7th_pre_req"": ""1"", ""buy_7th_pre_req_pre"": ""0"", ""buy_8th_pre_bid"": ""+49400"", ""buy_8th_pre_req"": ""6"", ""buy_8th_pre_req_pre"": ""0"", ""buy_9th_pre_bid"": ""+49250"", ""buy_9th_pre_req"": ""47"", ""buy_9th_pre_req_pre"": ""0"", ""buy_10th_pre_bid"": ""+49200"", ""buy_10th_pre_req"": ""645"", ""buy_10th_pre_req_pre"": ""0"", ""tot_sel_req_jub_pre"": ""0"", ""tot_sel_req"": ""1143"", ""tot_buy_req"": ""1077"", ""tot_buy_req_jub_pre"": ""--1"", ""ovt_sel_req_pre"": ""0"", ""ovt_sel_req"": ""0"", ""ovt_buy_req"": ""0"", ""ovt_buy_req_pre"": ""0"", ""return_code"": 0, ""return_msg"": ""정상적으로 처리되었습니다""}"
2026-06-10,scan_candidate,100090,,0,main_scan,16530,,16530,16510,16530,16500,-0.48396854204476714,0.12099213551119178,,,,,,"{""bid_req_base_tm"": ""102733"", ""sel_10th_pre_req_pre"": ""0"", ""sel_10th_pre_req"": ""39"", ""sel_10th_pre_bid"": ""+16630"", ""sel_9th_pre_req_pre"": ""0"", ""sel_9th_pre_req"": ""60"", ""sel_9th_pre_bid"": ""+16620"", ""sel_8th_pre_req_pre"": ""0"", ""sel_8th_pre_req"": ""168"", ""sel_8th_pre_bid"": ""+16600"", ""sel_7th_pre_req_pre"": ""0"", ""sel_7th_pre_req"": ""330"", ""sel_7th_pre_bid"": ""+16590"", ""sel_6th_pre_req_pre"": ""0"", ""sel_6th_pre_req"": ""202"", ""sel_6th_pre_bid"": ""+16580"", ""sel_5th_pre_req_pre"": ""0"", ""sel_5th_pre_req"": ""146"", ""sel_5th_pre_bid"": ""+16570"", ""sel_4th_pre_req_pre"": ""0"", ""sel_4th_pre_req"": ""20"", ""sel_4th_pre_bid"": ""+16560"", ""sel_3th_pre_req_pre"": ""0"", ""sel_3th_pre_req"": ""43"", ""sel_3th_pre_bid"": ""+16550"", ""sel_2th_pre_req_pre"": ""0"", ""sel_2th_pre_req"": ""32"", ""sel_2th_pre_bid"": ""+16540"", ""sel_1th_pre_req_pre"": ""0"", ""sel_fpr_req"": ""2"", ""sel_fpr_bid"": ""+16530"", ""buy_fpr_bid"": ""+16510"", ""buy_fpr_req"": ""10"", ""buy_1th_pre_req_pre"": ""0"", ""buy_2th_pre_bid"": ""+16500"", ""buy_2th_pre_req"": ""234"", ""buy_2th_pre_req_pre"": ""0"", ""buy_3th_pre_bid"": ""+16490"", ""buy_3th_pre_req"": ""93"", ""buy_3th_pre_req_pre"": ""0"", ""buy_4th_pre_bid"": ""+16480"", ""buy_4th_pre_req"": ""91"", ""buy_4th_pre_req_pre"": ""0"", ""buy_5th_pre_bid"": ""+16470"", ""buy_5th_pre_req"": ""155"", ""buy_5th_pre_req_pre"": ""0"", ""buy_6th_pre_bid"": ""+16460"", ""buy_6th_pre_req"": ""103"", ""buy_6th_pre_req_pre"": ""0"", ""buy_7th_pre_bid"": ""+16450"", ""buy_7th_pre_req"": ""557"", ""buy_7th_pre_req_pre"": ""0"", ""buy_8th_pre_bid"": ""+16440"", ""buy_8th_pre_req"": ""52"", ""buy_8th_pre_req_pre"": ""0"", ""buy_9th_pre_bid"": ""+16430"", ""buy_9th_pre_req"": ""11"", ""buy_9th_pre_req_pre"": ""0"", ""buy_10th_pre_bid"": ""+16420"", ""buy_10th_pre_req"": ""41"", ""buy_10th_pre_req_pre"": ""0"", ""tot_sel_req_jub_pre"": ""0"", ""tot_sel_req"": ""1042"", ""tot_buy_req"": ""1347"", ""tot_buy_req_jub_pre"": ""0"", ""ovt_sel_req_pre"": ""0"", ""ovt_sel_req"": ""0"", ""ovt_buy_req"": ""0"", ""ovt_buy_req_pre"": ""0"", ""return_code"": 0, ""return_msg"": ""정상적으로 처리되었습니다""}"
2026-06-10,scan_candidate,003160,,0,main_scan,28750,,28750,28700,28750,28750,-0.17391304347826086,0.17391304347826086,,,,,,"{""bid_req_base_tm"": ""102733"", ""sel_10th_pre_req_pre"": ""0"", ""sel_10th_pre_req"": ""1024"", ""sel_10th_pre_bid"": ""+29200"", ""sel_9th_pre_req_pre"": ""0"", ""sel_9th_pre_req"": ""11"", ""sel_9th_pre_bid"": ""+29150"", ""sel_8th_pre_req_pre"": ""0"", ""sel_8th_pre_req"": ""302"", ""sel_8th_pre_bid"": ""+29100"", ""sel_7th_pre_req_pre"": ""0"", ""sel_7th_pre_req"": ""11"", ""sel_7th_pre_bid"": ""+29050"", ""sel_6th_pre_req_pre"": ""0"", ""sel_6th_pre_req"": ""948"", ""sel_6th_pre_bid"": ""+29000"", ""sel_5th_pre_req_pre"": ""0"", ""sel_5th_pre_req"": ""397"", ""sel_5th_pre_bid"": ""+28950"", ""sel_4th_pre_req_pre"": ""0"", ""sel_4th_pre_req"": ""114"", ""sel_4th_pre_bid"": ""+28900"", ""sel_3th_pre_req_pre"": ""0"", ""sel_3th_pre_req"": ""452"", ""sel_3th_pre_bid"": ""+28850"", ""sel_2th_pre_req_pre"": ""0"", ""sel_2th_pre_req"": ""209"", ""sel_2th_pre_bid"": ""+28800"", ""sel_1th_pre_req_pre"": ""0"", ""sel_fpr_req"": ""174"", ""sel_fpr_bid"": ""+28750"", ""buy_fpr_bid"": ""+28700"", ""buy_fpr_req"": ""710"", ""buy_1th_pre_req_pre"": ""0"", ""buy_2th_pre_bid"": ""+28600"", ""buy_2th_pre_req"": ""15"", ""buy_2th_pre_req_pre"": ""0"", ""buy_3th_pre_bid"": ""+28550"", ""buy_3th_pre_req"": ""540"", ""buy_3th_pre_req_pre"": ""0"", ""buy_4th_pre_bid"": ""+28500"", ""buy_4th_pre_req"": ""1504"", ""buy_4th_pre_req_pre"": ""0"", ""buy_5th_pre_bid"": ""+28450"", ""buy_5th_pre_req"": ""83"", ""buy_5th_pre_req_pre"": ""0"", ""buy_6th_pre_bid"": ""+28400"", ""buy_6th_pre_req"": ""150"", ""buy_6th_pre_req_pre"": ""0"", ""buy_7th_pre_bid"": ""+28350"", ""buy_7th_pre_req"": ""1187"", ""buy_7th_pre_req_pre"": ""0"", ""buy_8th_pre_bid"": ""+28300"", ""buy_8th_pre_req"": ""1894"", ""buy_8th_pre_req_pre"": ""0"", ""buy_9th_pre_bid"": ""+28250"", ""buy_9th_pre_req"": ""224"", ""buy_9th_pre_req_pre"": ""0"", ""buy_10th_pre_bid"": ""+28200"", ""buy_10th_pre_req"": ""199"", ""buy_10th_pre_req_pre"": ""0"", ""tot_sel_req_jub_pre"": ""--167"", ""tot_sel_req"": ""3642"", ""tot_buy_req"": ""6506"", ""tot_buy_req_jub_pre"": ""0"", ""ovt_sel_req_pre"": ""0"", ""ovt_sel_req"": ""0"", ""ovt_buy_req"": ""0"", ""ovt_buy_req_pre"": ""0"", ""return_code"": 0, ""return_msg"": ""정상적으로 처리되었습니다""}"
2026-06-10,scan_candidate,000370,,0,main_scan,6580,,6580,6550,6580,6560,-0.4559270516717325,0.4559270516717325,,,,,,"{""bid_req_base_tm"": ""102731"", ""sel_10th_pre_req_pre"": ""0"", ""sel_10th_pre_req"": ""1726"", ""sel_10th_pre_bid"": ""+6690"", ""sel_9th_pre_req_pre"": ""0"", ""sel_9th_pre_req"": ""2000"", ""sel_9th_pre_bid"": ""+6680"", ""sel_8th_pre_req_pre"": ""0"", ""sel_8th_pre_req"": ""2957"", ""sel_8th_pre_bid"": ""+6670"", ""sel_7th_pre_req_pre"": ""0"", ""sel_7th_pre_req"": ""36"", ""sel_7th_pre_bid"": ""+6640"", ""sel_6th_pre_req_pre"": ""0"", ""sel_6th_pre_req"": ""1000"", ""sel_6th_pre_bid"": ""+6630"", ""sel_5th_pre_req_pre"": ""0"", ""sel_5th_pre_req"": ""739"", ""sel_5th_pre_bid"": ""+6620"", ""sel_4th_pre_req_pre"": ""0"", ""sel_4th_pre_req"": ""1000"", ""sel_4th_pre_bid"": ""+6610"", ""sel_3th_pre_req_pre"": ""0"", ""sel_3th_pre_req"": ""448"", ""sel_3th_pre_bid"": ""+6600"", ""sel_2th_pre_req_pre"": ""0"", ""sel_2th_pre_req"": ""1059"", ""sel_2th_pre_bid"": ""+6590"", ""sel_1th_pre_req_pre"": ""--150"", ""sel_fpr_req"": ""1501"", ""sel_fpr_bid"": ""+6580"", ""buy_fpr_bid"": ""+6550"", ""buy_fpr_req"": ""76"", ""buy_1th_pre_req_pre"": ""0"", ""buy_2th_pre_bid"": ""+6540"", ""buy_2th_pre_req"": ""55"", ""buy_2th_pre_req_pre"": ""0"", ""buy_3th_pre_bid"": ""+6530"", ""buy_3th_pre_req"": ""327"", ""buy_3th_pre_req_pre"": ""0"", ""buy_4th_pre_bid"": ""+6520"", ""buy_4th_pre_req"": ""397"", ""buy_4th_pre_req_pre"": ""0"", ""buy_5th_pre_bid"": ""+6510"", ""buy_5th_pre_req"": ""392"", ""buy_5th_pre_req_pre"": ""0"", ""buy_6th_pre_bid"": ""+6500"", ""buy_6th_pre_req"": ""5121"", ""buy_6th_pre_req_pre"": ""0"", ""buy_7th_pre_bid"": ""+6490"", ""buy_7th_pre_req"": ""248"", ""buy_7th_pre_req_pre"": ""0"", ""buy_8th_pre_bid"": ""+6480"", ""buy_8th_pre_req"": ""257"", ""buy_8th_pre_req_pre"": ""0"", ""buy_9th_pre_bid"": ""+6470"", ""buy_9th_pre_req"": ""12"", ""buy_9th_pre_req_pre"": ""0"", ""buy_10th_pre_bid"": ""+6460"", ""buy_10th_pre_req"": ""4"", ""buy_10th_pre_req_pre"": ""0"", ""tot_sel_req_jub_pre"": ""--150"", ""tot_sel_req"": ""12466"", ""tot_buy_req"": ""6889"", ""tot_buy_req_jub_pre"": ""0"", ""ovt_sel_req_pre"": ""0"", ""ovt_sel_req"": ""0"", ""ovt_buy_req"": ""0"", ""ovt_buy_req_pre"": ""0"", ""return_code"": 0, ""return_msg"": ""정상적으로 처리되었습니다""}"
2026-06-10,scan_candidate,114090,,0,main_scan,12040,,12040,12010,12040,12100,0.08305647840531562,0.24916943521594684,,,,,,"{""bid_req_base_tm"": ""102729"", ""sel_10th_pre_req_pre"": ""0"", ""sel_10th_pre_req"": ""349"", ""sel_10th_pre_bid"": ""+12190"", ""sel_9th_pre_req_pre"": ""0"", ""sel_9th_pre_req"": ""76"", ""sel_9th_pre_bid"": ""+12180"", ""sel_8th_pre_req_pre"": ""0"", ""sel_8th_pre_req"": ""12"", ""sel_8th_pre_bid"": ""+12170"", ""sel_7th_pre_req_pre"": ""0"", ""sel_7th_pre_req"": ""1069"", ""sel_7th_pre_bid"": ""+12150"", ""sel_6th_pre_req_pre"": ""0"", ""sel_6th_pre_req"": ""26"", ""sel_6th_pre_bid"": ""+12140"", ""sel_5th_pre_req_pre"": ""0"", ""sel_5th_pre_req"": ""470"", ""sel_5th_pre_bid"": ""+12130"", ""sel_4th_pre_req_pre"": ""0"", ""sel_4th_pre_req"": ""61"", ""sel_4th_pre_bid"": ""+12120"", ""sel_3th_pre_req_pre"": ""0"", ""sel_3th_pre_req"": ""9"", ""sel_3th_pre_bid"": ""+12070"", ""sel_2th_pre_req_pre"": ""0"", ""sel_2th_pre_req"": ""1"", ""sel_2th_pre_bid"": ""+12050"", ""sel_1th_pre_req_pre"": ""0"", ""sel_fpr_req"": ""18"", ""sel_fpr_bid"": ""+12040"", ""buy_fpr_bid"": ""+12010"", ""buy_fpr_req"": ""5424"", ""buy_1th_pre_req_pre"": ""0"", ""buy_2th_pre_bid"": ""+12000"", ""buy_2th_pre_req"": ""1109"", ""buy_2th_pre_req_pre"": ""+168"", ""buy_3th_pre_bid"": ""+11990"", ""buy_3th_pre_req"": ""130"", ""buy_3th_pre_req_pre"": ""--168"", ""buy_4th_pre_bid"": ""+11980"", ""buy_4th_pre_req"": ""340"", ""buy_4th_pre_req_pre"": ""0"", ""buy_5th_pre_bid"": ""+11970"", ""buy_5th_pre_req"": ""63"", ""buy_5th_pre_req_pre"": ""0"", ""buy_6th_pre_bid"": ""11950"", ""buy_6th_pre_req"": ""350"", ""buy_6th_pre_req_pre"": ""0"", ""buy_7th_pre_bid"": ""-11900"", ""buy_7th_pre_req"": ""147"", ""buy_7th_pre_req_pre"": ""0"", ""buy_8th_pre_bid"": ""-11850"", ""buy_8th_pre_req"": ""30"", ""buy_8th_pre_req_pre"": ""0"", ""buy_9th_pre_bid"": ""-11840"", ""buy_9th_pre_req"": ""25"", ""buy_9th_pre_req_pre"": ""0"", ""buy_10th_pre_bid"": ""-11820"", ""buy_10th_pre_req"": ""24"", ""buy_10th_pre_req_pre"": ""0"", ""tot_sel_req_jub_pre"": ""0"", ""tot_sel_req"": ""2091"", ""tot_buy_req"": ""7642"", ""tot_buy_req_jub_pre"": ""0"", ""ovt_sel_req_pre"": ""0"", ""ovt_sel_req"": ""0"", ""ovt_buy_req"": ""0"", ""ovt_buy_req_pre"": ""0"", ""return_code"": 0, ""return_msg"": ""정상적으로 처리되었습니다""}"
2026-06-10,scan_candidate,005090,,0,main_scan,51900,,51900,51800,51900,51400,-1.1560693641618496,0.1926782273603083,,,,,,"{""bid_req_base_tm"": ""102733"", ""sel_10th_pre_req_pre"": ""0"", ""sel_10th_pre_req"": ""12"", ""sel_10th_pre_bid"": ""+53500"", ""sel_9th_pre_req_pre"": ""0"", ""sel_9th_pre_req"": ""610"", ""sel_9th_pre_bid"": ""+53400"", ""sel_8th_pre_req_pre"": ""0"", ""sel_8th_pre_req"": ""67"", ""sel_8th_pre_bid"": ""+53100"", ""sel_7th_pre_req_pre"": ""0"", ""sel_7th_pre_req"": ""33"", ""sel_7th_pre_bid"": ""+53000"", ""sel_6th_pre_req_pre"": ""0"", ""sel_6th_pre_req"": ""52"", ""sel_6th_pre_bid"": ""+52900"", ""sel_5th_pre_req_pre"": ""0"", ""sel_5th_pre_req"": ""7"", ""sel_5th_pre_bid"": ""+52600"", ""sel_4th_pre_req_pre"": ""0"", ""sel_4th_pre_req"": ""79"", ""sel_4th_pre_bid"": ""+52400"", ""sel_3th_pre_req_pre"": ""0"", ""sel_3th_pre_req"": ""112"", ""sel_3th_pre_bid"": ""+52300"", ""sel_2th_pre_req_pre"": ""+16"", ""sel_2th_pre_req"": ""7140"", ""sel_2th_pre_bid"": ""+52000"", ""sel_1th_pre_req_pre"": ""0"", ""sel_fpr_req"": ""65"", ""sel_fpr_bid"": ""+51900"", ""buy_fpr_bid"": ""+51800"", ""buy_fpr_req"": ""1"", ""buy_1th_pre_req_pre"": ""0"", ""buy_2th_pre_bid"": ""+51700"", ""buy_2th_pre_req"": ""293"", ""buy_2th_pre_req_pre"": ""0"", ""buy_3th_pre_bid"": ""+51600"", ""buy_3th_pre_req"": ""52"", ""buy_3th_pre_req_pre"": ""0"", ""buy_4th_pre_bid"": ""+51500"", ""buy_4th_pre_req"": ""78"", ""buy_4th_pre_req_pre"": ""0"", ""buy_5th_pre_bid"": ""+51400"", ""buy_5th_pre_req"": ""6"", ""buy_5th_pre_req_pre"": ""0"", ""buy_6th_pre_bid"": ""+51300"", ""buy_6th_pre_req"": ""1433"", ""buy_6th_pre_req_pre"": ""0"", ""buy_7th_pre_bid"": ""+51100"", ""buy_7th_pre_req"": ""100"", ""buy_7th_pre_req_pre"": ""0"", ""buy_8th_pre_bid"": ""+51000"", ""buy_8th_pre_req"": ""334"", ""buy_8th_pre_req_pre"": ""0"", ""buy_9th_pre_bid"": ""+50900"", ""buy_9th_pre_req"": ""160"", ""buy_9th_pre_req_pre"": ""0"", ""buy_10th_pre_bid"": ""+50800"", ""buy_10th_pre_req"": ""635"", ""buy_10th_pre_req_pre"": ""+50"", ""tot_sel_req_jub_pre"": ""+16"", ""tot_sel_req"": ""8177"", ""tot_buy_req"": ""3092"", ""tot_buy_req_jub_pre"": ""+50"", ""ovt_sel_req_pre"": ""0"", ""ovt_sel_req"": ""0"", ""ovt_buy_req"": ""0"", ""ovt_buy_req_pre"": ""0"", ""return_code"": 0, ""return_msg"": ""정상적으로 처리되었습니다""}"
2026-06-10,scan_candidate,017900,,0,main_scan,9610,,9610,9600,9610,9630,0.10405827263267431,0.10405827263267431,,,,,,"{""bid_req_base_tm"": ""102734"", ""sel_10th_pre_req_pre"": ""0"", ""sel_10th_pre_req"": ""40"", ""sel_10th_pre_bid"": ""+9720"", ""sel_9th_pre_req_pre"": ""0"", ""sel_9th_pre_req"": ""509"", ""sel_9th_pre_bid"": ""+9710"", ""sel_8th_pre_req_pre"": ""0"", ""sel_8th_pre_req"": ""275"", ""sel_8th_pre_bid"": ""+9700"", ""sel_7th_pre_req_pre"": ""0"", ""sel_7th_pre_req"": ""32"", ""sel_7th_pre_bid"": ""+9690"", ""sel_6th_pre_req_pre"": ""0"", ""sel_6th_pre_req"": ""18"", ""sel_6th_pre_bid"": ""+9670"", ""sel_5th_pre_req_pre"": ""0"", ""sel_5th_pre_req"": ""198"", ""sel_5th_pre_bid"": ""+9660"", ""sel_4th_pre_req_pre"": ""0"", ""sel_4th_pre_req"": ""404"", ""sel_4th_pre_bid"": ""+9650"", ""sel_3th_pre_req_pre"": ""0"", ""sel_3th_pre_req"": ""1136"", ""sel_3th_pre_bid"": ""+9630"", ""sel_2th_pre_req_pre"": ""0"", ""sel_2th_pre_req"": ""1954"", ""sel_2th_pre_bid"": ""+9620"", ""sel_1th_pre_req_pre"": ""--5"", ""sel_fpr_req"": ""2370"", ""sel_fpr_bid"": ""+9610"", ""buy_fpr_bid"": ""+9600"", ""buy_fpr_req"": ""750"", ""buy_1th_pre_req_pre"": ""0"", ""buy_2th_pre_bid"": ""+9590"", ""buy_2th_pre_req"": ""1009"", ""buy_2th_pre_req_pre"": ""0"", ""buy_3th_pre_bid"": ""+9580"", ""buy_3th_pre_req"": ""317"", ""buy_3th_pre_req_pre"": ""0"", ""buy_4th_pre_bid"": ""+9570"", ""buy_4th_pre_req"": ""2938"", ""buy_4th_pre_req_pre"": ""0"", ""buy_5th_pre_bid"": ""+9560"", ""buy_5th_pre_req"": ""781"", ""buy_5th_pre_req_pre"": ""0"", ""buy_6th_pre_bid"": ""+9550"", ""buy_6th_pre_req"": ""2534"", ""buy_6th_pre_req_pre"": ""0"", ""buy_7th_pre_bid"": ""+9540"", ""buy_7th_pre_req"": ""1355"", ""buy_7th_pre_req_pre"": ""0"", ""buy_8th_pre_bid"": ""+9530"", ""buy_8th_pre_req"": ""3106"", ""buy_8th_pre_req_pre"": ""0"", ""buy_9th_pre_bid"": ""+9520"", ""buy_9th_pre_req"": ""1952"", ""buy_9th_pre_req_pre"": ""0"", ""buy_10th_pre_bid"": ""+9510"", ""buy_10th_pre_req"": ""4521"", ""buy_10th_pre_req_pre"": ""0"", ""tot_sel_req_jub_pre"": ""--5"", ""tot_sel_req"": ""6936"", ""tot_buy_req"": ""19263"", ""tot_buy_req_jub_pre"": ""0"", ""ovt_sel_req_pre"": ""0"", ""ovt_sel_req"": ""0"", ""ovt_buy_req"": ""0"", ""ovt_buy_req_pre"": ""0"", ""return_code"": 0, ""return_msg"": ""정상적으로 처리되었습니다""}"
2026-06-10,scan_candidate,004710,,0,main_scan,11230,,11230,11210,11230,11150,-1.157613535173642,0.17809439002671415,,,,,,"{""bid_req_base_tm"": ""102734"", ""sel_10th_pre_req_pre"": ""0"", ""sel_10th_pre_req"": ""33"", ""sel_10th_pre_bid"": ""+11340"", ""sel_9th_pre_req_pre"": ""0"", ""sel_9th_pre_req"": ""134"", ""sel_9th_pre_bid"": ""+11330"", ""sel_8th_pre_req_pre"": ""0"", ""sel_8th_pre_req"": ""4"", ""sel_8th_pre_bid"": ""+11310"", ""sel_7th_pre_req_pre"": ""0"", ""sel_7th_pre_req"": ""4822"", ""sel_7th_pre_bid"": ""+11300"", ""sel_6th_pre_req_pre"": ""0"", ""sel_6th_pre_req"": ""1000"", ""sel_6th_pre_bid"": ""+11290"", ""sel_5th_pre_req_pre"": ""0"", ""sel_5th_pre_req"": ""96"", ""sel_5th_pre_bid"": ""+11280"", ""sel_4th_pre_req_pre"": ""0"", ""sel_4th_pre_req"": ""561"", ""sel_4th_pre_bid"": ""+11270"", ""sel_3th_pre_req_pre"": ""0"", ""sel_3th_pre_req"": ""918"", ""sel_3th_pre_bid"": ""+11250"", ""sel_2th_pre_req_pre"": ""0"", ""sel_2th_pre_req"": ""147"", ""sel_2th_pre_bid"": ""+11240"", ""sel_1th_pre_req_pre"": ""0"", ""sel_fpr_req"": ""48"", ""sel_fpr_bid"": ""+11230"", ""buy_fpr_bid"": ""+11210"", ""buy_fpr_req"": ""31"", ""buy_1th_pre_req_pre"": ""0"", ""buy_2th_pre_bid"": ""+11180"", ""buy_2th_pre_req"": ""1170"", ""buy_2th_pre_req_pre"": ""0"", ""buy_3th_pre_bid"": ""+11160"", ""buy_3th_pre_req"": ""19"", ""buy_3th_pre_req_pre"": ""0"", ""buy_4th_pre_bid"": ""+11150"", ""buy_4th_pre_req"": ""11"", ""buy_4th_pre_req_pre"": ""0"", ""buy_5th_pre_bid"": ""+11110"", ""buy_5th_pre_req"": ""138"", ""buy_5th_pre_req_pre"": ""0"", ""buy_6th_pre_bid"": ""+11100"", ""buy_6th_pre_req"": ""220"", ""buy_6th_pre_req_pre"": ""0"", ""buy_7th_pre_bid"": ""+11090"", ""buy_7th_pre_req"": ""81"", ""buy_7th_pre_req_pre"": ""0"", ""buy_8th_pre_bid"": ""+11080"", ""buy_8th_pre_req"": ""70"", ""buy_8th_pre_req_pre"": ""0"", ""buy_9th_pre_bid"": ""+11070"", ""buy_9th_pre_req"": ""2198"", ""buy_9th_pre_req_pre"": ""0"", ""buy_10th_pre_bid"": ""+11060"", ""buy_10th_pre_req"": ""256"", ""buy_10th_pre_req_pre"": ""0"", ""tot_sel_req_jub_pre"": ""--1012"", ""tot_sel_req"": ""7763"", ""tot_buy_req"": ""4194"", ""tot_buy_req_jub_pre"": ""0"", ""ovt_sel_req_pre"": ""0"", ""ovt_sel_req"": ""0"", ""ovt_buy_req"": ""0"", ""ovt_buy_req_pre"": ""0"", ""return_code"": 0, ""return_msg"": ""정상적으로 처리되었습니다""}"
2026-06-10,scan_candidate,006220,,0,main_scan,11300,,11300,11290,11300,11300,-0.4424778761061947,0.08849557522123894,,,,,,"{""bid_req_base_tm"": ""102730"", ""sel_10th_pre_req_pre"": ""0"", ""sel_10th_pre_req"": ""965"", ""sel_10th_pre_bid"": ""+11390"", ""sel_9th_pre_req_pre"": ""0"", ""sel_9th_pre_req"": ""716"", ""sel_9th_pre_bid"": ""+11380"", ""sel_8th_pre_req_pre"": ""0"", ""sel_8th_pre_req"": ""626"", ""sel_8th_pre_bid"": ""+11370"", ""sel_7th_pre_req_pre"": ""0"", ""sel_7th_pre_req"": ""175"", ""sel_7th_pre_bid"": ""+11360"", ""sel_6th_pre_req_pre"": ""0"", ""sel_6th_pre_req"": ""1064"", ""sel_6th_pre_bid"": ""+11350"", ""sel_5th_pre_req_pre"": ""0"", ""sel_5th_pre_req"": ""151"", ""sel_5th_pre_bid"": ""+11340"", ""sel_4th_pre_req_pre"": ""0"", ""sel_4th_pre_req"": ""51"", ""sel_4th_pre_bid"": ""+11330"", ""sel_3th_pre_req_pre"": ""0"", ""sel_3th_pre_req"": ""51"", ""sel_3th_pre_bid"": ""+11320"", ""sel_2th_pre_req_pre"": ""0"", ""sel_2th_pre_req"": ""71"", ""sel_2th_pre_bid"": ""+11310"", ""sel_1th_pre_req_pre"": ""0"", ""sel_fpr_req"": ""64"", ""sel_fpr_bid"": ""+11300"", ""buy_fpr_bid"": ""+11290"", ""buy_fpr_req"": ""11"", ""buy_1th_pre_req_pre"": ""0"", ""buy_2th_pre_bid"": ""+11280"", ""buy_2th_pre_req"": ""280"", ""buy_2th_pre_req_pre"": ""0"", ""buy_3th_pre_bid"": ""+11270"", ""buy_3th_pre_req"": ""222"", ""buy_3th_pre_req_pre"": ""0"", ""buy_4th_pre_bid"": ""+11260"", ""buy_4th_pre_req"": ""728"", ""buy_4th_pre_req_pre"": ""0"", ""buy_5th_pre_bid"": ""+11250"", ""buy_5th_pre_req"": ""1099"", ""buy_5th_pre_req_pre"": ""0"", ""buy_6th_pre_bid"": ""+11240"", ""buy_6th_pre_req"": ""496"", ""buy_6th_pre_req_pre"": ""0"", ""buy_7th_pre_bid"": ""+11230"", ""buy_7th_pre_req"": ""733"", ""buy_7th_pre_req_pre"": ""0"", ""buy_8th_pre_bid"": ""+11220"", ""buy_8th_pre_req"": ""3244"", ""buy_8th_pre_req_pre"": ""0"", ""buy_9th_pre_bid"": ""+11210"", ""buy_9th_pre_req"": ""395"", ""buy_9th_pre_req_pre"": ""0"", ""buy_10th_pre_bid"": ""+11200"", ""buy_10th_pre_req"": ""1184"", ""buy_10th_pre_req_pre"": ""0"", ""tot_sel_req_jub_pre"": ""0"", ""tot_sel_req"": ""3934"", ""tot_buy_req"": ""8392"", ""tot_buy_req_jub_pre"": ""0"", ""ovt_sel_req_pre"": ""0"", ""ovt_sel_req"": ""0"", ""ovt_buy_req"": ""0"", ""ovt_buy_req_pre"": ""0"", ""return_code"": 0, ""return_msg"": ""정상적으로 처리되었습니다""}"
2026-06-10,scan_candidate,092200,,0,main_scan,9750,,9750,9740,9750,9790,0.3076923076923077,0.10256410256410256,,,,,,"{""bid_req_base_tm"": ""102735"", ""sel_10th_pre_req_pre"": ""0"", ""sel_10th_pre_req"": ""662"", ""sel_10th_pre_bid"": ""-9880"", ""sel_9th_pre_req_pre"": ""0"", ""sel_9th_pre_req"": ""305"", ""sel_9th_pre_bid"": ""-9870"", ""sel_8th_pre_req_pre"": ""0"", ""sel_8th_pre_req"": ""105"", ""sel_8th_pre_bid"": ""-9860"", ""sel_7th_pre_req_pre"": ""0"", ""sel_7th_pre_req"": ""198"", ""sel_7th_pre_bid"": ""-9850"", ""sel_6th_pre_req_pre"": ""0"", ""sel_6th_pre_req"": ""400"", ""sel_6th_pre_bid"": ""-9810"", ""sel_5th_pre_req_pre"": ""0"", ""sel_5th_pre_req"": ""3"", ""sel_5th_pre_bid"": ""-9800"", ""sel_4th_pre_req_pre"": ""0"", ""sel_4th_pre_req"": ""2"", ""sel_4th_pre_bid"": ""-9790"", ""sel_3th_pre_req_pre"": ""0"", ""sel_3th_pre_req"": ""553"", ""sel_3th_pre_bid"": ""-9780"", ""sel_2th_pre_req_pre"": ""0"", ""sel_2th_pre_req"": ""85"", ""sel_2th_pre_bid"": ""-9770"", ""sel_1th_pre_req_pre"": ""0"", ""sel_fpr_req"": ""50"", ""sel_fpr_bid"": ""-9750"", ""buy_fpr_bid"": ""-9740"", ""buy_fpr_req"": ""3"", ""buy_1th_pre_req_pre"": ""--3"", ""buy_2th_pre_bid"": ""-9710"", ""buy_2th_pre_req"": ""167"", ""buy_2th_pre_req_pre"": ""0"", ""buy_3th_pre_bid"": ""-9700"", ""buy_3th_pre_req"": ""2503"", ""buy_3th_pre_req_pre"": ""0"", ""buy_4th_pre_bid"": ""-9690"", ""buy_4th_pre_req"": ""3263"", ""buy_4th_pre_req_pre"": ""0"", ""buy_5th_pre_bid"": ""-9680"", ""buy_5th_pre_req"": ""917"", ""buy_5th_pre_req_pre"": ""0"", ""buy_6th_pre_bid"": ""-9670"", ""buy_6th_pre_req"": ""1228"", ""buy_6th_pre_req_pre"": ""0"", ""buy_7th_pre_bid"": ""-9660"", ""buy_7th_pre_req"": ""975"", ""buy_7th_pre_req_pre"": ""0"", ""buy_8th_pre_bid"": ""-9650"", ""buy_8th_pre_req"": ""2230"", ""buy_8th_pre_req_pre"": ""0"", ""buy_9th_pre_bid"": ""-9640"", ""buy_9th_pre_req"": ""3371"", ""buy_9th_pre_req_pre"": ""0"", ""buy_10th_pre_bid"": ""-9630"", ""buy_10th_pre_req"": ""1608"", ""buy_10th_pre_req_pre"": ""0"", ""tot_sel_req_jub_pre"": ""0"", ""tot_sel_req"": ""2363"", ""tot_buy_req"": ""16265"", ""tot_buy_req_jub_pre"": ""--3"", ""ovt_sel_req_pre"": ""0"", ""ovt_sel_req"": ""0"", ""ovt_buy_req"": ""0"", ""ovt_buy_req_pre"": ""0"", ""return_code"": 0, ""return_msg"": ""정상적으로 처리되었습니다""}"
2026-06-10,scan_candidate,000430,,0,main_scan,5730,,5730,5720,5730,5760,0.34904013961605584,0.17452006980802792,,,,,,"{""bid_req_base_tm"": ""102734"", ""sel_10th_pre_req_pre"": ""0"", ""sel_10th_pre_req"": ""1655"", ""sel_10th_pre_bid"": ""-5830"", ""sel_9th_pre_req_pre"": ""0"", ""sel_9th_pre_req"": ""1479"", ""sel_9th_pre_bid"": ""-5820"", ""sel_8th_pre_req_pre"": ""0"", ""sel_8th_pre_req"": ""748"", ""sel_8th_pre_bid"": ""-5810"", ""sel_7th_pre_req_pre"": ""0"", ""sel_7th_pre_req"": ""1294"", ""sel_7th_pre_bid"": ""-5800"", ""sel_6th_pre_req_pre"": ""0"", ""sel_6th_pre_req"": ""1058"", ""sel_6th_pre_bid"": ""-5790"", ""sel_5th_pre_req_pre"": ""0"", ""sel_5th_pre_req"": ""864"", ""sel_5th_pre_bid"": ""-5780"", ""sel_4th_pre_req_pre"": ""0"", ""sel_4th_pre_req"": ""33"", ""sel_4th_pre_bid"": ""-5760"", ""sel_3th_pre_req_pre"": ""0"", ""sel_3th_pre_req"": ""223"", ""sel_3th_pre_bid"": ""-5750"", ""sel_2th_pre_req_pre"": ""0"", ""sel_2th_pre_req"": ""838"", ""sel_2th_pre_bid"": ""-5740"", ""sel_1th_pre_req_pre"": ""0"", ""sel_fpr_req"": ""5"", ""sel_fpr_bid"": ""-5730"", ""buy_fpr_bid"": ""-5720"", ""buy_fpr_req"": ""17"", ""buy_1th_pre_req_pre"": ""0"", ""buy_2th_pre_bid"": ""-5710"", ""buy_2th_pre_req"": ""2394"", ""buy_2th_pre_req_pre"": ""0"", ""buy_3th_pre_bid"": ""-5700"", ""buy_3th_pre_req"": ""3760"", ""buy_3th_pre_req_pre"": ""0"", ""buy_4th_pre_bid"": ""-5690"", ""buy_4th_pre_req"": ""2499"", ""buy_4th_pre_req_pre"": ""0"", ""buy_5th_pre_bid"": ""-5680"", ""buy_5th_pre_req"": ""3511"", ""buy_5th_pre_req_pre"": ""0"", ""buy_6th_pre_bid"": ""-5670"", ""buy_6th_pre_req"": ""2995"", ""buy_6th_pre_req_pre"": ""0"", ""buy_7th_pre_bid"": ""-5660"", ""buy_7th_pre_req"": ""6658"", ""buy_7th_pre_req_pre"": ""0"", ""buy_8th_pre_bid"": ""-5650"", ""buy_8th_pre_req"": ""9196"", ""buy_8th_pre_req_pre"": ""0"", ""buy_9th_pre_bid"": ""-5640"", ""buy_9th_pre_req"": ""2375"", ""buy_9th_pre_req_pre"": ""0"", ""buy_10th_pre_bid"": ""-5630"", ""buy_10th_pre_req"": ""1306"", ""buy_10th_pre_req_pre"": ""0"", ""tot_sel_req_jub_pre"": ""0"", ""tot_sel_req"": ""8197"", ""tot_buy_req"": ""34711"", ""tot_buy_req_jub_pre"": ""0"", ""ovt_sel_req_pre"": ""0"", ""ovt_sel_req"": ""0"", ""ovt_buy_req"": ""0"", ""ovt_buy_req_pre"": ""0"", ""return_code"": 0, ""return_msg"": ""정상적으로 처리되었습니다""}"
2026-06-10,scan_candidate,010690,,0,main_scan,10880,,10880,10870,10880,10900,-0.2757352941176471,0.09191176470588235,,,,,,"{""bid_req_base_tm"": ""102735"", ""sel_10th_pre_req_pre"": ""0"", ""sel_10th_pre_req"": ""100"", ""sel_10th_pre_bid"": ""+10990"", ""sel_9th_pre_req_pre"": ""0"", ""sel_9th_pre_req"": ""257"", ""sel_9th_pre_bid"": ""+10980"", ""sel_8th_pre_req_pre"": ""0"", ""sel_8th_pre_req"": ""333"", ""sel_8th_pre_bid"": ""+10970"", ""sel_7th_pre_req_pre"": ""0"", ""sel_7th_pre_req"": ""31"", ""sel_7th_pre_bid"": ""+10960"", ""sel_6th_pre_req_pre"": ""0"", ""sel_6th_pre_req"": ""33"", ""sel_6th_pre_bid"": ""+10950"", ""sel_5th_pre_req_pre"": ""0"", ""sel_5th_pre_req"": ""2"", ""sel_5th_pre_bid"": ""+10940"", ""sel_4th_pre_req_pre"": ""0"", ""sel_4th_pre_req"": ""101"", ""sel_4th_pre_bid"": ""+10920"", ""sel_3th_pre_req_pre"": ""0"", ""sel_3th_pre_req"": ""50"", ""sel_3th_pre_bid"": ""+10910"", ""sel_2th_pre_req_pre"": ""0"", ""sel_2th_pre_req"": ""305"", ""sel_2th_pre_bid"": ""+10900"", ""sel_1th_pre_req_pre"": ""0"", ""sel_fpr_req"": ""424"", ""sel_fpr_bid"": ""+10880"", ""buy_fpr_bid"": ""+10870"", ""buy_fpr_req"": ""251"", ""buy_1th_pre_req_pre"": ""0"", ""buy_2th_pre_bid"": ""+10860"", ""buy_2th_pre_req"": ""764"", ""buy_2th_pre_req_pre"": ""0"", ""buy_3th_pre_bid"": ""+10850"", ""buy_3th_pre_req"": ""673"", ""buy_3th_pre_req_pre"": ""0"", ""buy_4th_pre_bid"": ""+10840"", ""buy_4th_pre_req"": ""1794"", ""buy_4th_pre_req_pre"": ""0"", ""buy_5th_pre_bid"": ""+10830"", ""buy_5th_pre_req"": ""195"", ""buy_5th_pre_req_pre"": ""0"", ""buy_6th_pre_bid"": ""+10820"", ""buy_6th_pre_req"": ""382"", ""buy_6th_pre_req_pre"": ""0"", ""buy_7th_pre_bid"": ""+10810"", ""buy_7th_pre_req"": ""5564"", ""buy_7th_pre_req_pre"": ""0"", ""buy_8th_pre_bid"": ""+10800"", ""buy_8th_pre_req"": ""1861"", ""buy_8th_pre_req_pre"": ""0"", ""buy_9th_pre_bid"": ""+10790"", ""buy_9th_pre_req"": ""196"", ""buy_9th_pre_req_pre"": ""0"", ""buy_10th_pre_bid"": ""+10780"", ""buy_10th_pre_req"": ""49"", ""buy_10th_pre_req_pre"": ""0"", ""tot_sel_req_jub_pre"": ""0"", ""tot_sel_req"": ""1636"", ""tot_buy_req"": ""11729"", ""tot_buy_req_jub_pre"": ""0"", ""ovt_sel_req_pre"": ""0"", ""ovt_sel_req"": ""0"", ""ovt_buy_req"": ""0"", ""ovt_buy_req_pre"": ""0"", ""return_code"": 0, ""return_msg"": ""정상적으로 처리되었습니다""}"
2026-06-10,scan_candidate,005950,,0,main_scan,12370,,12370,12360,12370,12250,-1.3742926434923202,0.08084074373484236,,,,,,"{""bid_req_base_tm"": ""102734"", ""sel_10th_pre_req_pre"": ""0"", ""sel_10th_pre_req"": ""283"", ""sel_10th_pre_bid"": ""+12470"", ""sel_9th_pre_req_pre"": ""0"", ""sel_9th_pre_req"": ""84"", ""sel_9th_pre_bid"": ""+12460"", ""sel_8th_pre_req_pre"": ""0"", ""sel_8th_pre_req"": ""212"", ""sel_8th_pre_bid"": ""+12450"", ""sel_7th_pre_req_pre"": ""0"", ""sel_7th_pre_req"": ""105"", ""sel_7th_pre_bid"": ""+12430"", ""sel_6th_pre_req_pre"": ""0"", ""sel_6th_pre_req"": ""29"", ""sel_6th_pre_bid"": ""+12420"", ""sel_5th_pre_req_pre"": ""0"", ""sel_5th_pre_req"": ""156"", ""sel_5th_pre_bid"": ""+12410"", ""sel_4th_pre_req_pre"": ""0"", ""sel_4th_pre_req"": ""2494"", ""sel_4th_pre_bid"": ""+12400"", ""sel_3th_pre_req_pre"": ""0"", ""sel_3th_pre_req"": ""463"", ""sel_3th_pre_bid"": ""+12390"", ""sel_2th_pre_req_pre"": ""0"", ""sel_2th_pre_req"": ""1516"", ""sel_2th_pre_bid"": ""+12380"", ""sel_1th_pre_req_pre"": ""0"", ""sel_fpr_req"": ""199"", ""sel_fpr_bid"": ""+12370"", ""buy_fpr_bid"": ""+12360"", ""buy_fpr_req"": ""14"", ""buy_1th_pre_req_pre"": ""0"", ""buy_2th_pre_bid"": ""+12300"", ""buy_2th_pre_req"": ""172"", ""buy_2th_pre_req_pre"": ""0"", ""buy_3th_pre_bid"": ""+12280"", ""buy_3th_pre_req"": ""6"", ""buy_3th_pre_req_pre"": ""0"", ""buy_4th_pre_bid"": ""+12270"", ""buy_4th_pre_req"": ""160"", ""buy_4th_pre_req_pre"": ""--93"", ""buy_5th_pre_bid"": ""+12260"", ""buy_5th_pre_req"": ""80"", ""buy_5th_pre_req_pre"": ""+5"", ""buy_6th_pre_bid"": ""+12250"", ""buy_6th_pre_req"": ""139"", ""buy_6th_pre_req_pre"": ""0"", ""buy_7th_pre_bid"": ""+12240"", ""buy_7th_pre_req"": ""2"", ""buy_7th_pre_req_pre"": ""0"", ""buy_8th_pre_bid"": ""+12230"", ""buy_8th_pre_req"": ""650"", ""buy_8th_pre_req_pre"": ""0"", ""buy_9th_pre_bid"": ""+12220"", ""buy_9th_pre_req"": ""2"", ""buy_9th_pre_req_pre"": ""0"", ""buy_10th_pre_bid"": ""+12210"", ""buy_10th_pre_req"": ""302"", ""buy_10th_pre_req_pre"": ""0"", ""tot_sel_req_jub_pre"": ""0"", ""tot_sel_req"": ""5541"", ""tot_buy_req"": ""1527"", ""tot_buy_req_jub_pre"": ""--88"", ""ovt_sel_req_pre"": ""0"", ""ovt_sel_req"": ""0"", ""ovt_buy_req"": ""0"", ""ovt_buy_req_pre"": ""0"", ""return_code"": 0, ""return_msg"": ""정상적으로 처리되었습니다""}"
2026-06-10,watchlist,014680,,0,filtered_candidate_recheck,265000,,265000,264000,265000,264500,-0.37735849056603776,0.37735849056603776,,,,,,"{""bid_req_base_tm"": ""102920"", ""sel_10th_pre_req_pre"": ""0"", ""sel_10th_pre_req"": ""27"", ""sel_10th_pre_bid"": ""+269500"", ""sel_9th_pre_req_pre"": ""0"", ""sel_9th_pre_req"": ""96"", ""sel_9th_pre_bid"": ""+269000"", ""sel_8th_pre_req_pre"": ""0"", ""sel_8th_pre_req"": ""18"", ""sel_8th_pre_bid"": ""+268500"", ""sel_7th_pre_req_pre"": ""0"", ""sel_7th_pre_req"": ""50"", ""sel_7th_pre_bid"": ""+268000"", ""sel_6th_pre_req_pre"": ""0"", ""sel_6th_pre_req"": ""38"", ""sel_6th_pre_bid"": ""+267500"", ""sel_5th_pre_req_pre"": ""0"", ""sel_5th_pre_req"": ""29"", ""sel_5th_pre_bid"": ""+267000"", ""sel_4th_pre_req_pre"": ""0"", ""sel_4th_pre_req"": ""11"", ""sel_4th_pre_bid"": ""+266500"", ""sel_3th_pre_req_pre"": ""0"", ""sel_3th_pre_req"": ""9"", ""sel_3th_pre_bid"": ""+266000"", ""sel_2th_pre_req_pre"": ""0"", ""sel_2th_pre_req"": ""19"", ""sel_2th_pre_bid"": ""+265500"", ""sel_1th_pre_req_pre"": ""0"", ""sel_fpr_req"": ""72"", ""sel_fpr_bid"": ""+265000"", ""buy_fpr_bid"": ""+264000"", ""buy_fpr_req"": ""38"", ""buy_1th_pre_req_pre"": ""+4"", ""buy_2th_pre_bid"": ""+263500"", ""buy_2th_pre_req"": ""60"", ""buy_2th_pre_req_pre"": ""0"", ""buy_3th_pre_bid"": ""+263000"", ""buy_3th_pre_req"": ""8"", ""buy_3th_pre_req_pre"": ""0"", ""buy_4th_pre_bid"": ""+262500"", ""buy_4th_pre_req"": ""2"", ""buy_4th_pre_req_pre"": ""0"", ""buy_5th_pre_bid"": ""+262000"", ""buy_5th_pre_req"": ""3"", ""buy_5th_pre_req_pre"": ""0"", ""buy_6th_pre_bid"": ""+261500"", ""buy_6th_pre_req"": ""15"", ""buy_6th_pre_req_pre"": ""0"", ""buy_7th_pre_bid"": ""+261000"", ""buy_7th_pre_req"": ""3"", ""buy_7th_pre_req_pre"": ""0"", ""buy_8th_pre_bid"": ""+260500"", ""buy_8th_pre_req"": ""8"", ""buy_8th_pre_req_pre"": ""0"", ""buy_9th_pre_bid"": ""+260000"", ""buy_9th_pre_req"": ""109"", ""buy_9th_pre_req_pre"": ""0"", ""buy_10th_pre_bid"": ""+259500"", ""buy_10th_pre_req"": ""119"", ""buy_10th_pre_req_pre"": ""0"", ""tot_sel_req_jub_pre"": ""0"", ""tot_sel_req"": ""369"", ""tot_buy_req"": ""365"", ""tot_buy_req_jub_pre"": ""+4"", ""ovt_sel_req_pre"": ""0"", ""ovt_sel_req"": ""0"", ""ovt_buy_req"": ""0"", ""ovt_buy_req_pre"": ""0"", ""return_code"": 0, ""return_msg"": ""정상적으로 처리되었습니다""}"
2026-06-10,watchlist,035420,,1,filtered_candidate_recheck,236500,,236500,236000,236500,238000,0.42283298097251587,0.21141649048625794,,,,,,"{""bid_req_base_tm"": ""102921"", ""sel_10th_pre_req_pre"": ""0"", ""sel_10th_pre_req"": ""2618"", ""sel_10th_pre_bid"": ""-241000"", ""sel_9th_pre_req_pre"": ""0"", ""sel_9th_pre_req"": ""3366"", ""sel_9th_pre_bid"": ""-240500"", ""sel_8th_pre_req_pre"": ""0"", ""sel_8th_pre_req"": ""4168"", ""sel_8th_pre_bid"": ""-240000"", ""sel_7th_pre_req_pre"": ""0"", ""sel_7th_pre_req"": ""2850"", ""sel_7th_pre_bid"": ""-239500"", ""sel_6th_pre_req_pre"": ""0"", ""sel_6th_pre_req"": ""2621"", ""sel_6th_pre_bid"": ""-239000"", ""sel_5th_pre_req_pre"": ""0"", ""sel_5th_pre_req"": ""2990"", ""sel_5th_pre_bid"": ""-238500"", ""sel_4th_pre_req_pre"": ""0"", ""sel_4th_pre_req"": ""2202"", ""sel_4th_pre_bid"": ""-238000"", ""sel_3th_pre_req_pre"": ""0"", ""sel_3th_pre_req"": ""1468"", ""sel_3th_pre_bid"": ""-237500"", ""sel_2th_pre_req_pre"": ""0"", ""sel_2th_pre_req"": ""1761"", ""sel_2th_pre_bid"": ""-237000"", ""sel_1th_pre_req_pre"": ""0"", ""sel_fpr_req"": ""1412"", ""sel_fpr_bid"": ""-236500"", ""buy_fpr_bid"": ""-236000"", ""buy_fpr_req"": ""367"", ""buy_1th_pre_req_pre"": ""+4"", ""buy_2th_pre_bid"": ""-235500"", ""buy_2th_pre_req"": ""4147"", ""buy_2th_pre_req_pre"": ""+1"", ""buy_3th_pre_bid"": ""-235000"", ""buy_3th_pre_req"": ""25513"", ""buy_3th_pre_req_pre"": ""--4"", ""buy_4th_pre_bid"": ""-234500"", ""buy_4th_pre_req"": ""54106"", ""buy_4th_pre_req_pre"": ""0"", ""buy_5th_pre_bid"": ""-234000"", ""buy_5th_pre_req"": ""9101"", ""buy_5th_pre_req_pre"": ""0"", ""buy_6th_pre_bid"": ""-233500"", ""buy_6th_pre_req"": ""7259"", ""buy_6th_pre_req_pre"": ""0"", ""buy_7th_pre_bid"": ""-233000"", ""buy_7th_pre_req"": ""9070"", ""buy_7th_pre_req_pre"": ""0"", ""buy_8th_pre_bid"": ""-232500"", ""buy_8th_pre_req"": ""9334"", ""buy_8th_pre_req_pre"": ""0"", ""buy_9th_pre_bid"": ""-232000"", ""buy_9th_pre_req"": ""10787"", ""buy_9th_pre_req_pre"": ""0"", ""buy_10th_pre_bid"": ""-231500"", ""buy_10th_pre_req"": ""8516"", ""buy_10th_pre_req_pre"": ""0"", ""tot_sel_req_jub_pre"": ""0"", ""tot_sel_req"": ""25456"", ""tot_buy_req"": ""138200"", ""tot_buy_req_jub_pre"": ""+1"", ""ovt_sel_req_pre"": ""0"", ""ovt_sel_req"": ""0"", ""ovt_buy_req"": ""0"", ""ovt_buy_req_pre"": ""0"", ""return_code"": 0, ""return_msg"": ""정상적으로 처리되었습니다""}"
2026-06-10,watchlist,036570,,0,filtered_candidate_recheck,259500,,259500,258500,259500,259000,-0.3853564547206166,0.3853564547206166,,,,,,"{""bid_req_base_tm"": ""102921"", ""sel_10th_pre_req_pre"": ""0"", ""sel_10th_pre_req"": ""102"", ""sel_10th_pre_bid"": ""-264000"", ""sel_9th_pre_req_pre"": ""0"", ""sel_9th_pre_req"": ""63"", ""sel_9th_pre_bid"": ""-263500"", ""sel_8th_pre_req_pre"": ""0"", ""sel_8th_pre_req"": ""46"", ""sel_8th_pre_bid"": ""-263000"", ""sel_7th_pre_req_pre"": ""0"", ""sel_7th_pre_req"": ""1028"", ""sel_7th_pre_bid"": ""-262500"", ""sel_6th_pre_req_pre"": ""0"", ""sel_6th_pre_req"": ""36"", ""sel_6th_pre_bid"": ""-262000"", ""sel_5th_pre_req_pre"": ""0"", ""sel_5th_pre_req"": ""14"", ""sel_5th_pre_bid"": ""-261500"", ""sel_4th_pre_req_pre"": ""0"", ""sel_4th_pre_req"": ""16"", ""sel_4th_pre_bid"": ""-261000"", ""sel_3th_pre_req_pre"": ""0"", ""sel_3th_pre_req"": ""16"", ""sel_3th_pre_bid"": ""-260500"", ""sel_2th_pre_req_pre"": ""--10"", ""sel_2th_pre_req"": ""146"", ""sel_2th_pre_bid"": ""-260000"", ""sel_1th_pre_req_pre"": ""+10"", ""sel_fpr_req"": ""83"", ""sel_fpr_bid"": ""-259500"", ""buy_fpr_bid"": ""-258500"", ""buy_fpr_req"": ""9"", ""buy_1th_pre_req_pre"": ""+3"", ""buy_2th_pre_bid"": ""-258000"", ""buy_2th_pre_req"": ""35"", ""buy_2th_pre_req_pre"": ""0"", ""buy_3th_pre_bid"": ""-257500"", ""buy_3th_pre_req"": ""95"", ""buy_3th_pre_req_pre"": ""0"", ""buy_4th_pre_bid"": ""-257000"", ""buy_4th_pre_req"": ""27"", ""buy_4th_pre_req_pre"": ""0"", ""buy_5th_pre_bid"": ""-256500"", ""buy_5th_pre_req"": ""72"", ""buy_5th_pre_req_pre"": ""0"", ""buy_6th_pre_bid"": ""-256000"", ""buy_6th_pre_req"": ""166"", ""buy_6th_pre_req_pre"": ""0"", ""buy_7th_pre_bid"": ""-255500"", ""buy_7th_pre_req"": ""208"", ""buy_7th_pre_req_pre"": ""0"", ""buy_8th_pre_bid"": ""-255000"", ""buy_8th_pre_req"": ""300"", ""buy_8th_pre_req_pre"": ""0"", ""buy_9th_pre_bid"": ""-254500"", ""buy_9th_pre_req"": ""346"", ""buy_9th_pre_req_pre"": ""0"", ""buy_10th_pre_bid"": ""-254000"", ""buy_10th_pre_req"": ""324"", ""buy_10th_pre_req_pre"": ""0"", ""tot_sel_req_jub_pre"": ""0"", ""tot_sel_req"": ""1550"", ""tot_buy_req"": ""1582"", ""tot_buy_req_jub_pre"": ""+3"", ""ovt_sel_req_pre"": ""0"", ""ovt_sel_req"": ""0"", ""ovt_buy_req"": ""0"", ""ovt_buy_req_pre"": ""0"", ""return_code"": 0, ""return_msg"": ""정상적으로 처리되었습니다""}"
2026-06-10,watchlist,005090,,1,filtered_candidate_recheck,51900,,51900,51800,51900,51400,-1.1560693641618496,0.1926782273603083,,,,,,"{""bid_req_base_tm"": ""102916"", ""sel_10th_pre_req_pre"": ""0"", ""sel_10th_pre_req"": ""12"", ""sel_10th_pre_bid"": ""+53500"", ""sel_9th_pre_req_pre"": ""0"", ""sel_9th_pre_req"": ""610"", ""sel_9th_pre_bid"": ""+53400"", ""sel_8th_pre_req_pre"": ""0"", ""sel_8th_pre_req"": ""67"", ""sel_8th_pre_bid"": ""+53100"", ""sel_7th_pre_req_pre"": ""0"", ""sel_7th_pre_req"": ""33"", ""sel_7th_pre_bid"": ""+53000"", ""sel_6th_pre_req_pre"": ""0"", ""sel_6th_pre_req"": ""52"", ""sel_6th_pre_bid"": ""+52900"", ""sel_5th_pre_req_pre"": ""0"", ""sel_5th_pre_req"": ""7"", ""sel_5th_pre_bid"": ""+52600"", ""sel_4th_pre_req_pre"": ""0"", ""sel_4th_pre_req"": ""79"", ""sel_4th_pre_bid"": ""+52400"", ""sel_3th_pre_req_pre"": ""0"", ""sel_3th_pre_req"": ""100"", ""sel_3th_pre_bid"": ""+52300"", ""sel_2th_pre_req_pre"": ""0"", ""sel_2th_pre_req"": ""7136"", ""sel_2th_pre_bid"": ""+52000"", ""sel_1th_pre_req_pre"": ""0"", ""sel_fpr_req"": ""38"", ""sel_fpr_bid"": ""+51900"", ""buy_fpr_bid"": ""+51800"", ""buy_fpr_req"": ""4"", ""buy_1th_pre_req_pre"": ""--20"", ""buy_2th_pre_bid"": ""+51700"", ""buy_2th_pre_req"": ""292"", ""buy_2th_pre_req_pre"": ""0"", ""buy_3th_pre_bid"": ""+51600"", ""buy_3th_pre_req"": ""52"", ""buy_3th_pre_req_pre"": ""0"", ""buy_4th_pre_bid"": ""+51500"", ""buy_4th_pre_req"": ""231"", ""buy_4th_pre_req_pre"": ""0"", ""buy_5th_pre_bid"": ""+51400"", ""buy_5th_pre_req"": ""6"", ""buy_5th_pre_req_pre"": ""0"", ""buy_6th_pre_bid"": ""+51300"", ""buy_6th_pre_req"": ""103"", ""buy_6th_pre_req_pre"": ""0"", ""buy_7th_pre_bid"": ""+51100"", ""buy_7th_pre_req"": ""100"", ""buy_7th_pre_req_pre"": ""0"", ""buy_8th_pre_bid"": ""+51000"", ""buy_8th_pre_req"": ""354"", ""buy_8th_pre_req_pre"": ""0"", ""buy_9th_pre_bid"": ""+50900"", ""buy_9th_pre_req"": ""1490"", ""buy_9th_pre_req_pre"": ""0"", ""buy_10th_pre_bid"": ""+50800"", ""buy_10th_pre_req"": ""635"", ""buy_10th_pre_req_pre"": ""0"", ""tot_sel_req_jub_pre"": ""0"", ""tot_sel_req"": ""8134"", ""tot_buy_req"": ""3267"", ""tot_buy_req_jub_pre"": ""--20"", ""ovt_sel_req_pre"": ""0"", ""ovt_sel_req"": ""0"", ""ovt_buy_req"": ""0"", ""ovt_buy_req_pre"": ""0"", ""return_code"": 0, ""return_msg"": ""정상적으로 처리되었습니다""}"
2026-06-10,watchlist,066570,,0,filtered_candidate_recheck,233500,,233500,233000,233500,234000,0.0,0.21413276231263384,,,,,,"{""bid_req_base_tm"": ""102922"", ""sel_10th_pre_req_pre"": ""0"", ""sel_10th_pre_req"": ""4018"", ""sel_10th_pre_bid"": ""-238000"", ""sel_9th_pre_req_pre"": ""0"", ""sel_9th_pre_req"": ""1725"", ""sel_9th_pre_bid"": ""-237500"", ""sel_8th_pre_req_pre"": ""0"", ""sel_8th_pre_req"": ""1545"", ""sel_8th_pre_bid"": ""-237000"", ""sel_7th_pre_req_pre"": ""0"", ""sel_7th_pre_req"": ""1195"", ""sel_7th_pre_bid"": ""-236500"", ""sel_6th_pre_req_pre"": ""0"", ""sel_6th_pre_req"": ""2882"", ""sel_6th_pre_bid"": ""-236000"", ""sel_5th_pre_req_pre"": ""0"", ""sel_5th_pre_req"": ""2239"", ""sel_5th_pre_bid"": ""-235500"", ""sel_4th_pre_req_pre"": ""0"", ""sel_4th_pre_req"": ""3675"", ""sel_4th_pre_bid"": ""-235000"", ""sel_3th_pre_req_pre"": ""0"", ""sel_3th_pre_req"": ""1953"", ""sel_3th_pre_bid"": ""-234500"", ""sel_2th_pre_req_pre"": ""0"", ""sel_2th_pre_req"": ""2285"", ""sel_2th_pre_bid"": ""-234000"", ""sel_1th_pre_req_pre"": ""+31"", ""sel_fpr_req"": ""1734"", ""sel_fpr_bid"": ""-233500"", ""buy_fpr_bid"": ""-233000"", ""buy_fpr_req"": ""2274"", ""buy_1th_pre_req_pre"": ""0"", ""buy_2th_pre_bid"": ""-232500"", ""buy_2th_pre_req"": ""2132"", ""buy_2th_pre_req_pre"": ""0"", ""buy_3th_pre_bid"": ""-232000"", ""buy_3th_pre_req"": ""2173"", ""buy_3th_pre_req_pre"": ""+10"", ""buy_4th_pre_bid"": ""-231500"", ""buy_4th_pre_req"": ""4674"", ""buy_4th_pre_req_pre"": ""0"", ""buy_5th_pre_bid"": ""-231000"", ""buy_5th_pre_req"": ""10315"", ""buy_5th_pre_req_pre"": ""0"", ""buy_6th_pre_bid"": ""-230500"", ""buy_6th_pre_req"": ""15079"", ""buy_6th_pre_req_pre"": ""0"", ""buy_7th_pre_bid"": ""-230000"", ""buy_7th_pre_req"": ""39320"", ""buy_7th_pre_req_pre"": ""0"", ""buy_8th_pre_bid"": ""-229500"", ""buy_8th_pre_req"": ""5260"", ""buy_8th_pre_req_pre"": ""0"", ""buy_9th_pre_bid"": ""-229000"", ""buy_9th_pre_req"": ""7261"", ""buy_9th_pre_req_pre"": ""0"", ""buy_10th_pre_bid"": ""-228500"", ""buy_10th_pre_req"": ""7066"", ""buy_10th_pre_req_pre"": ""0"", ""tot_sel_req_jub_pre"": ""+31"", ""tot_sel_req"": ""23251"", ""tot_buy_req"": ""95554"", ""tot_buy_req_jub_pre"": ""+10"", ""ovt_sel_req_pre"": ""0"", ""ovt_sel_req"": ""0"", ""ovt_buy_req"": ""0"", ""ovt_buy_req_pre"": ""0"", ""return_code"": 0, ""return_msg"": ""정상적으로 처리되었습니다""}"
2026-06-10,watchlist,028670,,1,filtered_candidate_recheck,5010,,5010,5000,5010,5040,0.39920159680638717,0.19960079840319359,,,,,,"{""bid_req_base_tm"": ""102922"", ""sel_10th_pre_req_pre"": ""0"", ""sel_10th_pre_req"": ""561"", ""sel_10th_pre_bid"": ""-5100"", ""sel_9th_pre_req_pre"": ""0"", ""sel_9th_pre_req"": ""621"", ""sel_9th_pre_bid"": ""-5090"", ""sel_8th_pre_req_pre"": ""0"", ""sel_8th_pre_req"": ""118"", ""sel_8th_pre_bid"": ""-5080"", ""sel_7th_pre_req_pre"": ""0"", ""sel_7th_pre_req"": ""115"", ""sel_7th_pre_bid"": ""-5070"", ""sel_6th_pre_req_pre"": ""0"", ""sel_6th_pre_req"": ""1"", ""sel_6th_pre_bid"": ""-5060"", ""sel_5th_pre_req_pre"": ""0"", ""sel_5th_pre_req"": ""103"", ""sel_5th_pre_bid"": ""-5050"", ""sel_4th_pre_req_pre"": ""0"", ""sel_4th_pre_req"": ""736"", ""sel_4th_pre_bid"": ""-5040"", ""sel_3th_pre_req_pre"": ""0"", ""sel_3th_pre_req"": ""1898"", ""sel_3th_pre_bid"": ""-5030"", ""sel_2th_pre_req_pre"": ""0"", ""sel_2th_pre_req"": ""4408"", ""sel_2th_pre_bid"": ""-5020"", ""sel_1th_pre_req_pre"": ""0"", ""sel_fpr_req"": ""21459"", ""sel_fpr_bid"": ""-5010"", ""buy_fpr_bid"": ""-5000"", ""buy_fpr_req"": ""17611"", ""buy_1th_pre_req_pre"": ""0"", ""buy_2th_pre_bid"": ""-4995"", ""buy_2th_pre_req"": ""2799"", ""buy_2th_pre_req_pre"": ""0"", ""buy_3th_pre_bid"": ""-4990"", ""buy_3th_pre_req"": ""3018"", ""buy_3th_pre_req_pre"": ""0"", ""buy_4th_pre_bid"": ""-4985"", ""buy_4th_pre_req"": ""3463"", ""buy_4th_pre_req_pre"": ""0"", ""buy_5th_pre_bid"": ""-4980"", ""buy_5th_pre_req"": ""9900"", ""buy_5th_pre_req_pre"": ""+20"", ""buy_6th_pre_bid"": ""-4975"", ""buy_6th_pre_req"": ""50"", ""buy_6th_pre_req_pre"": ""0"", ""buy_7th_pre_bid"": ""-4970"", ""buy_7th_pre_req"": ""489"", ""buy_7th_pre_req_pre"": ""0"", ""buy_8th_pre_bid"": ""-4965"", ""buy_8th_pre_req"": ""155"", ""buy_8th_pre_req_pre"": ""0"", ""buy_9th_pre_bid"": ""-4960"", ""buy_9th_pre_req"": ""2229"", ""buy_9th_pre_req_pre"": ""0"", ""buy_10th_pre_bid"": ""-4955"", ""buy_10th_pre_req"": ""838"", ""buy_10th_pre_req_pre"": ""0"", ""tot_sel_req_jub_pre"": ""0"", ""tot_sel_req"": ""30020"", ""tot_buy_req"": ""40552"", ""tot_buy_req_jub_pre"": ""+20"", ""ovt_sel_req_pre"": ""0"", ""ovt_sel_req"": ""0"", ""ovt_buy_req"": ""0"", ""ovt_buy_req_pre"": ""0"", ""return_code"": 0, ""return_msg"": ""정상적으로 처리되었습니다""}"
2026-06-10,watchlist,004990,,0,filtered_candidate_recheck,25650,,25650,25600,25650,25650,-0.1949317738791423,0.1949317738791423,,,,,,"{""bid_req_base_tm"": ""102904"", ""sel_10th_pre_req_pre"": ""0"", ""sel_10th_pre_req"": ""3120"", ""sel_10th_pre_bid"": ""26150"", ""sel_9th_pre_req_pre"": ""0"", ""sel_9th_pre_req"": ""902"", ""sel_9th_pre_bid"": ""-26100"", ""sel_8th_pre_req_pre"": ""0"", ""sel_8th_pre_req"": ""101"", ""sel_8th_pre_bid"": ""-26050"", ""sel_7th_pre_req_pre"": ""0"", ""sel_7th_pre_req"": ""3"", ""sel_7th_pre_bid"": ""-26000"", ""sel_6th_pre_req_pre"": ""0"", ""sel_6th_pre_req"": ""6"", ""sel_6th_pre_bid"": ""-25950"", ""sel_5th_pre_req_pre"": ""0"", ""sel_5th_pre_req"": ""250"", ""sel_5th_pre_bid"": ""-25900"", ""sel_4th_pre_req_pre"": ""0"", ""sel_4th_pre_req"": ""250"", ""sel_4th_pre_bid"": ""-25850"", ""sel_3th_pre_req_pre"": ""0"", ""sel_3th_pre_req"": ""467"", ""sel_3th_pre_bid"": ""-25750"", ""sel_2th_pre_req_pre"": ""0"", ""sel_2th_pre_req"": ""264"", ""sel_2th_pre_bid"": ""-25700"", ""sel_1th_pre_req_pre"": ""0"", ""sel_fpr_req"": ""279"", ""sel_fpr_bid"": ""-25650"", ""buy_fpr_bid"": ""-25600"", ""buy_fpr_req"": ""221"", ""buy_1th_pre_req_pre"": ""0"", ""buy_2th_pre_bid"": ""-25550"", ""buy_2th_pre_req"": ""79"", ""buy_2th_pre_req_pre"": ""0"", ""buy_3th_pre_bid"": ""-25500"", ""buy_3th_pre_req"": ""441"", ""buy_3th_pre_req_pre"": ""0"", ""buy_4th_pre_bid"": ""-25450"", ""buy_4th_pre_req"": ""1138"", ""buy_4th_pre_req_pre"": ""0"", ""buy_5th_pre_bid"": ""-25400"", ""buy_5th_pre_req"": ""660"", ""buy_5th_pre_req_pre"": ""0"", ""buy_6th_pre_bid"": ""-25350"", ""buy_6th_pre_req"": ""392"", ""buy_6th_pre_req_pre"": ""0"", ""buy_7th_pre_bid"": ""-25300"", ""buy_7th_pre_req"": ""926"", ""buy_7th_pre_req_pre"": ""0"", ""buy_8th_pre_bid"": ""-25250"", ""buy_8th_pre_req"": ""908"", ""buy_8th_pre_req_pre"": ""+1"", ""buy_9th_pre_bid"": ""-25200"", ""buy_9th_pre_req"": ""7719"", ""buy_9th_pre_req_pre"": ""0"", ""buy_10th_pre_bid"": ""-25150"", ""buy_10th_pre_req"": ""1595"", ""buy_10th_pre_req_pre"": ""0"", ""tot_sel_req_jub_pre"": ""0"", ""tot_sel_req"": ""5642"", ""tot_buy_req"": ""14079"", ""tot_buy_req_jub_pre"": ""+1"", ""ovt_sel_req_pre"": ""0"", ""ovt_sel_req"": ""0"", ""ovt_buy_req"": ""0"", ""ovt_buy_req_pre"": ""0"", ""return_code"": 0, ""return_msg"": ""정상적으로 처리되었습니다""}"
2026-06-10,watchlist,081660,,0,filtered_candidate_recheck,40250,,40250,40200,40250,40350,0.12422360248447205,0.12422360248447205,,,,,,"{""bid_req_base_tm"": ""102919"", ""sel_10th_pre_req_pre"": ""0"", ""sel_10th_pre_req"": ""70"", ""sel_10th_pre_bid"": ""+40700"", ""sel_9th_pre_req_pre"": ""0"", ""sel_9th_pre_req"": ""50"", ""sel_9th_pre_bid"": ""+40650"", ""sel_8th_pre_req_pre"": ""0"", ""sel_8th_pre_req"": ""65"", ""sel_8th_pre_bid"": ""+40600"", ""sel_7th_pre_req_pre"": ""0"", ""sel_7th_pre_req"": ""116"", ""sel_7th_pre_bid"": ""+40550"", ""sel_6th_pre_req_pre"": ""0"", ""sel_6th_pre_req"": ""191"", ""sel_6th_pre_bid"": ""+40500"", ""sel_5th_pre_req_pre"": ""0"", ""sel_5th_pre_req"": ""40"", ""sel_5th_pre_bid"": ""+40450"", ""sel_4th_pre_req_pre"": ""0"", ""sel_4th_pre_req"": ""5"", ""sel_4th_pre_bid"": ""+40400"", ""sel_3th_pre_req_pre"": ""0"", ""sel_3th_pre_req"": ""72"", ""sel_3th_pre_bid"": ""+40350"", ""sel_2th_pre_req_pre"": ""0"", ""sel_2th_pre_req"": ""2"", ""sel_2th_pre_bid"": ""+40300"", ""sel_1th_pre_req_pre"": ""--1"", ""sel_fpr_req"": ""164"", ""sel_fpr_bid"": ""+40250"", ""buy_fpr_bid"": ""+40200"", ""buy_fpr_req"": ""264"", ""buy_1th_pre_req_pre"": ""0"", ""buy_2th_pre_bid"": ""+40100"", ""buy_2th_pre_req"": ""94"", ""buy_2th_pre_req_pre"": ""0"", ""buy_3th_pre_bid"": ""+40050"", ""buy_3th_pre_req"": ""195"", ""buy_3th_pre_req_pre"": ""0"", ""buy_4th_pre_bid"": ""+40000"", ""buy_4th_pre_req"": ""618"", ""buy_4th_pre_req_pre"": ""0"", ""buy_5th_pre_bid"": ""+39950"", ""buy_5th_pre_req"": ""709"", ""buy_5th_pre_req_pre"": ""0"", ""buy_6th_pre_bid"": ""+39900"", ""buy_6th_pre_req"": ""52"", ""buy_6th_pre_req_pre"": ""0"", ""buy_7th_pre_bid"": ""+39850"", ""buy_7th_pre_req"": ""51"", ""buy_7th_pre_req_pre"": ""0"", ""buy_8th_pre_bid"": ""39700"", ""buy_8th_pre_req"": ""52"", ""buy_8th_pre_req_pre"": ""0"", ""buy_9th_pre_bid"": ""-39650"", ""buy_9th_pre_req"": ""30"", ""buy_9th_pre_req_pre"": ""0"", ""buy_10th_pre_bid"": ""-39600"", ""buy_10th_pre_req"": ""2"", ""buy_10th_pre_req_pre"": ""0"", ""tot_sel_req_jub_pre"": ""--1"", ""tot_sel_req"": ""775"", ""tot_buy_req"": ""2067"", ""tot_buy_req_jub_pre"": ""0"", ""ovt_sel_req_pre"": ""0"", ""ovt_sel_req"": ""0"", ""ovt_buy_req"": ""0"", ""ovt_buy_req_pre"": ""0"", ""return_code"": 0, ""return_msg"": ""정상적으로 처리되었습니다""}"
2026-06-10,watchlist,008770,,0,filtered_candidate_recheck,54500,,54500,54400,54500,54300,-0.5504587155963303,0.1834862385321101,,,,,,"{""bid_req_base_tm"": ""102921"", ""sel_10th_pre_req_pre"": ""0"", ""sel_10th_pre_req"": ""332"", ""sel_10th_pre_bid"": ""+55400"", ""sel_9th_pre_req_pre"": ""0"", ""sel_9th_pre_req"": ""416"", ""sel_9th_pre_bid"": ""+55300"", ""sel_8th_pre_req_pre"": ""0"", ""sel_8th_pre_req"": ""541"", ""sel_8th_pre_bid"": ""55200"", ""sel_7th_pre_req_pre"": ""0"", ""sel_7th_pre_req"": ""184"", ""sel_7th_pre_bid"": ""-55100"", ""sel_6th_pre_req_pre"": ""0"", ""sel_6th_pre_req"": ""435"", ""sel_6th_pre_bid"": ""-55000"", ""sel_5th_pre_req_pre"": ""0"", ""sel_5th_pre_req"": ""273"", ""sel_5th_pre_bid"": ""-54900"", ""sel_4th_pre_req_pre"": ""0"", ""sel_4th_pre_req"": ""193"", ""sel_4th_pre_bid"": ""-54800"", ""sel_3th_pre_req_pre"": ""0"", ""sel_3th_pre_req"": ""27"", ""sel_3th_pre_bid"": ""-54700"", ""sel_2th_pre_req_pre"": ""0"", ""sel_2th_pre_req"": ""578"", ""sel_2th_pre_bid"": ""-54600"", ""sel_1th_pre_req_pre"": ""0"", ""sel_fpr_req"": ""129"", ""sel_fpr_bid"": ""-54500"", ""buy_fpr_bid"": ""-54400"", ""buy_fpr_req"": ""231"", ""buy_1th_pre_req_pre"": ""+54"", ""buy_2th_pre_bid"": ""-54300"", ""buy_2th_pre_req"": ""133"", ""buy_2th_pre_req_pre"": ""0"", ""buy_3th_pre_bid"": ""-54200"", ""buy_3th_pre_req"": ""230"", ""buy_3th_pre_req_pre"": ""0"", ""buy_4th_pre_bid"": ""-54100"", ""buy_4th_pre_req"": ""195"", ""buy_4th_pre_req_pre"": ""0"", ""buy_5th_pre_bid"": ""-54000"", ""buy_5th_pre_req"": ""302"", ""buy_5th_pre_req_pre"": ""0"", ""buy_6th_pre_bid"": ""-53900"", ""buy_6th_pre_req"": ""245"", ""buy_6th_pre_req_pre"": ""0"", ""buy_7th_pre_bid"": ""-53800"", ""buy_7th_pre_req"": ""374"", ""buy_7th_pre_req_pre"": ""0"", ""buy_8th_pre_bid"": ""-53700"", ""buy_8th_pre_req"": ""380"", ""buy_8th_pre_req_pre"": ""0"", ""buy_9th_pre_bid"": ""-53600"", ""buy_9th_pre_req"": ""125"", ""buy_9th_pre_req_pre"": ""0"", ""buy_10th_pre_bid"": ""-53500"", ""buy_10th_pre_req"": ""121"", ""buy_10th_pre_req_pre"": ""0"", ""tot_sel_req_jub_pre"": ""0"", ""tot_sel_req"": ""3108"", ""tot_buy_req"": ""2336"", ""tot_buy_req_jub_pre"": ""+54"", ""ovt_sel_req_pre"": ""0"", ""ovt_sel_req"": ""0"", ""ovt_buy_req"": ""0"", ""ovt_buy_req_pre"": ""0"", ""return_code"": 0, ""return_msg"": ""정상적으로 처리되었습니다""}"
2026-06-10,watchlist,012330,,0,filtered_candidate_recheck,586000,,586000,585000,586000,587000,0.0,0.17064846416382254,,,,,,"{""bid_req_base_tm"": ""102923"", ""sel_10th_pre_req_pre"": ""0"", ""sel_10th_pre_req"": ""521"", ""sel_10th_pre_bid"": ""595000"", ""sel_9th_pre_req_pre"": ""0"", ""sel_9th_pre_req"": ""261"", ""sel_9th_pre_bid"": ""-594000"", ""sel_8th_pre_req_pre"": ""0"", ""sel_8th_pre_req"": ""215"", ""sel_8th_pre_bid"": ""-593000"", ""sel_7th_pre_req_pre"": ""0"", ""sel_7th_pre_req"": ""113"", ""sel_7th_pre_bid"": ""-592000"", ""sel_6th_pre_req_pre"": ""0"", ""sel_6th_pre_req"": ""103"", ""sel_6th_pre_bid"": ""-591000"", ""sel_5th_pre_req_pre"": ""0"", ""sel_5th_pre_req"": ""352"", ""sel_5th_pre_bid"": ""-590000"", ""sel_4th_pre_req_pre"": ""0"", ""sel_4th_pre_req"": ""225"", ""sel_4th_pre_bid"": ""-589000"", ""sel_3th_pre_req_pre"": ""0"", ""sel_3th_pre_req"": ""147"", ""sel_3th_pre_bid"": ""-588000"", ""sel_2th_pre_req_pre"": ""0"", ""sel_2th_pre_req"": ""28"", ""sel_2th_pre_bid"": ""-587000"", ""sel_1th_pre_req_pre"": ""0"", ""sel_fpr_req"": ""185"", ""sel_fpr_bid"": ""-586000"", ""buy_fpr_bid"": ""-585000"", ""buy_fpr_req"": ""230"", ""buy_1th_pre_req_pre"": ""0"", ""buy_2th_pre_bid"": ""-584000"", ""buy_2th_pre_req"": ""267"", ""buy_2th_pre_req_pre"": ""0"", ""buy_3th_pre_bid"": ""-583000"", ""buy_3th_pre_req"": ""330"", ""buy_3th_pre_req_pre"": ""0"", ""buy_4th_pre_bid"": ""-582000"", ""buy_4th_pre_req"": ""369"", ""buy_4th_pre_req_pre"": ""0"", ""buy_5th_pre_bid"": ""-581000"", ""buy_5th_pre_req"": ""328"", ""buy_5th_pre_req_pre"": ""0"", ""buy_6th_pre_bid"": ""-580000"", ""buy_6th_pre_req"": ""540"", ""buy_6th_pre_req_pre"": ""0"", ""buy_7th_pre_bid"": ""-579000"", ""buy_7th_pre_req"": ""90"", ""buy_7th_pre_req_pre"": ""0"", ""buy_8th_pre_bid"": ""-578000"", ""buy_8th_pre_req"": ""207"", ""buy_8th_pre_req_pre"": ""0"", ""buy_9th_pre_bid"": ""-577000"", ""buy_9th_pre_req"": ""356"", ""buy_9th_pre_req_pre"": ""0"", ""buy_10th_pre_bid"": ""-576000"", ""buy_10th_pre_req"": ""780"", ""buy_10th_pre_req_pre"": ""+1"", ""tot_sel_req_jub_pre"": ""0"", ""tot_sel_req"": ""2150"", ""tot_buy_req"": ""3497"", ""tot_buy_req_jub_pre"": ""+1"", ""ovt_sel_req_pre"": ""0"", ""ovt_sel_req"": ""0"", ""ovt_buy_req"": ""0"", ""ovt_buy_req_pre"": ""0"", ""return_code"": 0, ""return_msg"": ""정상적으로 처리되었습니다""}"
2026-06-10,watchlist,009155,,0,filtered_candidate_recheck,610000,,610000,609000,610000,613000,0.32786885245901637,0.16393442622950818,,,,,,"{""bid_req_base_tm"": ""102923"", ""sel_10th_pre_req_pre"": ""0"", ""sel_10th_pre_req"": ""33"", ""sel_10th_pre_bid"": ""-620000"", ""sel_9th_pre_req_pre"": ""0"", ""sel_9th_pre_req"": ""6"", ""sel_9th_pre_bid"": ""-619000"", ""sel_8th_pre_req_pre"": ""0"", ""sel_8th_pre_req"": ""39"", ""sel_8th_pre_bid"": ""-617000"", ""sel_7th_pre_req_pre"": ""0"", ""sel_7th_pre_req"": ""7"", ""sel_7th_pre_bid"": ""-616000"", ""sel_6th_pre_req_pre"": ""0"", ""sel_6th_pre_req"": ""9"", ""sel_6th_pre_bid"": ""-615000"", ""sel_5th_pre_req_pre"": ""0"", ""sel_5th_pre_req"": ""30"", ""sel_5th_pre_bid"": ""-614000"", ""sel_4th_pre_req_pre"": ""0"", ""sel_4th_pre_req"": ""49"", ""sel_4th_pre_bid"": ""-613000"", ""sel_3th_pre_req_pre"": ""0"", ""sel_3th_pre_req"": ""21"", ""sel_3th_pre_bid"": ""-612000"", ""sel_2th_pre_req_pre"": ""0"", ""sel_2th_pre_req"": ""11"", ""sel_2th_pre_bid"": ""-611000"", ""sel_1th_pre_req_pre"": ""+1"", ""sel_fpr_req"": ""7"", ""sel_fpr_bid"": ""-610000"", ""buy_fpr_bid"": ""-609000"", ""buy_fpr_req"": ""75"", ""buy_1th_pre_req_pre"": ""0"", ""buy_2th_pre_bid"": ""-608000"", ""buy_2th_pre_req"": ""35"", ""buy_2th_pre_req_pre"": ""0"", ""buy_3th_pre_bid"": ""-607000"", ""buy_3th_pre_req"": ""62"", ""buy_3th_pre_req_pre"": ""0"", ""buy_4th_pre_bid"": ""-606000"", ""buy_4th_pre_req"": ""62"", ""buy_4th_pre_req_pre"": ""0"", ""buy_5th_pre_bid"": ""-605000"", ""buy_5th_pre_req"": ""38"", ""buy_5th_pre_req_pre"": ""0"", ""buy_6th_pre_bid"": ""-604000"", ""buy_6th_pre_req"": ""41"", ""buy_6th_pre_req_pre"": ""0"", ""buy_7th_pre_bid"": ""-603000"", ""buy_7th_pre_req"": ""55"", ""buy_7th_pre_req_pre"": ""0"", ""buy_8th_pre_bid"": ""-602000"", ""buy_8th_pre_req"": ""62"", ""buy_8th_pre_req_pre"": ""0"", ""buy_9th_pre_bid"": ""-601000"", ""buy_9th_pre_req"": ""105"", ""buy_9th_pre_req_pre"": ""0"", ""buy_10th_pre_bid"": ""-600000"", ""buy_10th_pre_req"": ""501"", ""buy_10th_pre_req_pre"": ""0"", ""tot_sel_req_jub_pre"": ""+1"", ""tot_sel_req"": ""212"", ""tot_buy_req"": ""1036"", ""tot_buy_req_jub_pre"": ""0"", ""ovt_sel_req_pre"": ""0"", ""ovt_sel_req"": ""0"", ""ovt_buy_req"": ""0"", ""ovt_buy_req_pre"": ""0"", ""return_code"": 0, ""return_msg"": ""정상적으로 처리되었습니다""}"
2026-06-10,watchlist,181710,,0,filtered_candidate_recheck,41100,,41100,41050,41100,41050,-0.24330900243309003,0.12165450121654502,,,,,,"{""bid_req_base_tm"": ""102923"", ""sel_10th_pre_req_pre"": ""0"", ""sel_10th_pre_req"": ""10"", ""sel_10th_pre_bid"": ""-41600"", ""sel_9th_pre_req_pre"": ""0"", ""sel_9th_pre_req"": ""1"", ""sel_9th_pre_bid"": ""-41500"", ""sel_8th_pre_req_pre"": ""0"", ""sel_8th_pre_req"": ""36"", ""sel_8th_pre_bid"": ""-41450"", ""sel_7th_pre_req_pre"": ""0"", ""sel_7th_pre_req"": ""126"", ""sel_7th_pre_bid"": ""-41400"", ""sel_6th_pre_req_pre"": ""0"", ""sel_6th_pre_req"": ""3"", ""sel_6th_pre_bid"": ""-41350"", ""sel_5th_pre_req_pre"": ""0"", ""sel_5th_pre_req"": ""12"", ""sel_5th_pre_bid"": ""-41300"", ""sel_4th_pre_req_pre"": ""0"", ""sel_4th_pre_req"": ""14"", ""sel_4th_pre_bid"": ""-41250"", ""sel_3th_pre_req_pre"": ""0"", ""sel_3th_pre_req"": ""15"", ""sel_3th_pre_bid"": ""-41200"", ""sel_2th_pre_req_pre"": ""0"", ""sel_2th_pre_req"": ""97"", ""sel_2th_pre_bid"": ""-41150"", ""sel_1th_pre_req_pre"": ""0"", ""sel_fpr_req"": ""24"", ""sel_fpr_bid"": ""-41100"", ""buy_fpr_bid"": ""-41050"", ""buy_fpr_req"": ""49"", ""buy_1th_pre_req_pre"": ""0"", ""buy_2th_pre_bid"": ""-41000"", ""buy_2th_pre_req"": ""86"", ""buy_2th_pre_req_pre"": ""0"", ""buy_3th_pre_bid"": ""-40950"", ""buy_3th_pre_req"": ""86"", ""buy_3th_pre_req_pre"": ""0"", ""buy_4th_pre_bid"": ""-40900"", ""buy_4th_pre_req"": ""98"", ""buy_4th_pre_req_pre"": ""0"", ""buy_5th_pre_bid"": ""-40500"", ""buy_5th_pre_req"": ""35"", ""buy_5th_pre_req_pre"": ""+1"", ""buy_6th_pre_bid"": ""-40450"", ""buy_6th_pre_req"": ""28"", ""buy_6th_pre_req_pre"": ""0"", ""buy_7th_pre_bid"": ""-40350"", ""buy_7th_pre_req"": ""8"", ""buy_7th_pre_req_pre"": ""0"", ""buy_8th_pre_bid"": ""-40200"", ""buy_8th_pre_req"": ""244"", ""buy_8th_pre_req_pre"": ""--1"", ""buy_9th_pre_bid"": ""-40150"", ""buy_9th_pre_req"": ""149"", ""buy_9th_pre_req_pre"": ""0"", ""buy_10th_pre_bid"": ""-40100"", ""buy_10th_pre_req"": ""300"", ""buy_10th_pre_req_pre"": ""0"", ""tot_sel_req_jub_pre"": ""0"", ""tot_sel_req"": ""338"", ""tot_buy_req"": ""1083"", ""tot_buy_req_jub_pre"": ""0"", ""ovt_sel_req_pre"": ""0"", ""ovt_sel_req"": ""0"", ""ovt_buy_req"": ""0"", ""ovt_buy_req_pre"": ""0"", ""return_code"": 0, ""return_msg"": ""정상적으로 처리되었습니다""}"
2026-06-10,watchlist,085620,,0,filtered_candidate_recheck,22350,,22350,22300,22350,22400,0.0,0.22371364653243847,,,,,,"{""bid_req_base_tm"": ""102923"", ""sel_10th_pre_req_pre"": ""0"", ""sel_10th_pre_req"": ""2730"", ""sel_10th_pre_bid"": ""-22800"", ""sel_9th_pre_req_pre"": ""0"", ""sel_9th_pre_req"": ""451"", ""sel_9th_pre_bid"": ""-22750"", ""sel_8th_pre_req_pre"": ""0"", ""sel_8th_pre_req"": ""564"", ""sel_8th_pre_bid"": ""-22700"", ""sel_7th_pre_req_pre"": ""0"", ""sel_7th_pre_req"": ""704"", ""sel_7th_pre_bid"": ""-22650"", ""sel_6th_pre_req_pre"": ""0"", ""sel_6th_pre_req"": ""1407"", ""sel_6th_pre_bid"": ""-22600"", ""sel_5th_pre_req_pre"": ""0"", ""sel_5th_pre_req"": ""646"", ""sel_5th_pre_bid"": ""-22550"", ""sel_4th_pre_req_pre"": ""0"", ""sel_4th_pre_req"": ""790"", ""sel_4th_pre_bid"": ""-22500"", ""sel_3th_pre_req_pre"": ""--39"", ""sel_3th_pre_req"": ""812"", ""sel_3th_pre_bid"": ""-22450"", ""sel_2th_pre_req_pre"": ""--33"", ""sel_2th_pre_req"": ""292"", ""sel_2th_pre_bid"": ""-22400"", ""sel_1th_pre_req_pre"": ""+39"", ""sel_fpr_req"": ""219"", ""sel_fpr_bid"": ""-22350"", ""buy_fpr_bid"": ""-22300"", ""buy_fpr_req"": ""38"", ""buy_1th_pre_req_pre"": ""0"", ""buy_2th_pre_bid"": ""-22250"", ""buy_2th_pre_req"": ""821"", ""buy_2th_pre_req_pre"": ""0"", ""buy_3th_pre_bid"": ""-22200"", ""buy_3th_pre_req"": ""2448"", ""buy_3th_pre_req_pre"": ""0"", ""buy_4th_pre_bid"": ""-22150"", ""buy_4th_pre_req"": ""383"", ""buy_4th_pre_req_pre"": ""0"", ""buy_5th_pre_bid"": ""-22100"", ""buy_5th_pre_req"": ""1124"", ""buy_5th_pre_req_pre"": ""0"", ""buy_6th_pre_bid"": ""-22050"", ""buy_6th_pre_req"": ""2684"", ""buy_6th_pre_req_pre"": ""0"", ""buy_7th_pre_bid"": ""-22000"", ""buy_7th_pre_req"": ""1271"", ""buy_7th_pre_req_pre"": ""0"", ""buy_8th_pre_bid"": ""-21950"", ""buy_8th_pre_req"": ""2439"", ""buy_8th_pre_req_pre"": ""0"", ""buy_9th_pre_bid"": ""-21900"", ""buy_9th_pre_req"": ""2765"", ""buy_9th_pre_req_pre"": ""0"", ""buy_10th_pre_bid"": ""-21850"", ""buy_10th_pre_req"": ""1683"", ""buy_10th_pre_req_pre"": ""0"", ""tot_sel_req_jub_pre"": ""--33"", ""tot_sel_req"": ""8615"", ""tot_buy_req"": ""15656"", ""tot_buy_req_jub_pre"": ""0"", ""ovt_sel_req_pre"": ""0"", ""ovt_sel_req"": ""0"", ""ovt_buy_req"": ""0"", ""ovt_buy_req_pre"": ""0"", ""return_code"": 0, ""return_msg"": ""정상적으로 처리되었습니다""}"
2026-06-10,watchlist,062040,,0,filtered_candidate_recheck,229000,,229000,227500,229000,228000,-0.6550218340611353,0.6550218340611353,,,,,,"{""bid_req_base_tm"": ""102923"", ""sel_10th_pre_req_pre"": ""0"", ""sel_10th_pre_req"": ""755"", ""sel_10th_pre_bid"": ""+233500"", ""sel_9th_pre_req_pre"": ""0"", ""sel_9th_pre_req"": ""1439"", ""sel_9th_pre_bid"": ""+233000"", ""sel_8th_pre_req_pre"": ""0"", ""sel_8th_pre_req"": ""604"", ""sel_8th_pre_bid"": ""+232500"", ""sel_7th_pre_req_pre"": ""0"", ""sel_7th_pre_req"": ""602"", ""sel_7th_pre_bid"": ""+232000"", ""sel_6th_pre_req_pre"": ""0"", ""sel_6th_pre_req"": ""1037"", ""sel_6th_pre_bid"": ""+231500"", ""sel_5th_pre_req_pre"": ""0"", ""sel_5th_pre_req"": ""154"", ""sel_5th_pre_bid"": ""+231000"", ""sel_4th_pre_req_pre"": ""0"", ""sel_4th_pre_req"": ""103"", ""sel_4th_pre_bid"": ""+230500"", ""sel_3th_pre_req_pre"": ""0"", ""sel_3th_pre_req"": ""132"", ""sel_3th_pre_bid"": ""+230000"", ""sel_2th_pre_req_pre"": ""0"", ""sel_2th_pre_req"": ""90"", ""sel_2th_pre_bid"": ""+229500"", ""sel_1th_pre_req_pre"": ""--2"", ""sel_fpr_req"": ""224"", ""sel_fpr_bid"": ""+229000"", ""buy_fpr_bid"": ""+227500"", ""buy_fpr_req"": ""253"", ""buy_1th_pre_req_pre"": ""0"", ""buy_2th_pre_bid"": ""+227000"", ""buy_2th_pre_req"": ""701"", ""buy_2th_pre_req_pre"": ""0"", ""buy_3th_pre_bid"": ""+226500"", ""buy_3th_pre_req"": ""250"", ""buy_3th_pre_req_pre"": ""0"", ""buy_4th_pre_bid"": ""+226000"", ""buy_4th_pre_req"": ""290"", ""buy_4th_pre_req_pre"": ""0"", ""buy_5th_pre_bid"": ""+225500"", ""buy_5th_pre_req"": ""275"", ""buy_5th_pre_req_pre"": ""0"", ""buy_6th_pre_bid"": ""225000"", ""buy_6th_pre_req"": ""702"", ""buy_6th_pre_req_pre"": ""0"", ""buy_7th_pre_bid"": ""-224500"", ""buy_7th_pre_req"": ""71"", ""buy_7th_pre_req_pre"": ""0"", ""buy_8th_pre_bid"": ""-224000"", ""buy_8th_pre_req"": ""195"", ""buy_8th_pre_req_pre"": ""0"", ""buy_9th_pre_bid"": ""-223500"", ""buy_9th_pre_req"": ""49"", ""buy_9th_pre_req_pre"": ""0"", ""buy_10th_pre_bid"": ""-223000"", ""buy_10th_pre_req"": ""181"", ""buy_10th_pre_req_pre"": ""0"", ""tot_sel_req_jub_pre"": ""--2"", ""tot_sel_req"": ""5140"", ""tot_buy_req"": ""2967"", ""tot_buy_req_jub_pre"": ""0"", ""ovt_sel_req_pre"": ""0"", ""ovt_sel_req"": ""0"", ""ovt_buy_req"": ""0"", ""ovt_buy_req_pre"": ""0"", ""return_code"": 0, ""return_msg"": ""정상적으로 처리되었습니다""}"
2026-06-10,watchlist,036460,,0,filtered_candidate_recheck,34400,,34400,34350,34400,34400,-0.14534883720930233,0.14534883720930233,,,,,,"{""bid_req_base_tm"": ""102923"", ""sel_10th_pre_req_pre"": ""0"", ""sel_10th_pre_req"": ""530"", ""sel_10th_pre_bid"": ""+34850"", ""sel_9th_pre_req_pre"": ""0"", ""sel_9th_pre_req"": ""16"", ""sel_9th_pre_bid"": ""+34800"", ""sel_8th_pre_req_pre"": ""0"", ""sel_8th_pre_req"": ""576"", ""sel_8th_pre_bid"": ""+34750"", ""sel_7th_pre_req_pre"": ""0"", ""sel_7th_pre_req"": ""90"", ""sel_7th_pre_bid"": ""+34700"", ""sel_6th_pre_req_pre"": ""0"", ""sel_6th_pre_req"": ""271"", ""sel_6th_pre_bid"": ""+34650"", ""sel_5th_pre_req_pre"": ""0"", ""sel_5th_pre_req"": ""638"", ""sel_5th_pre_bid"": ""+34600"", ""sel_4th_pre_req_pre"": ""0"", ""sel_4th_pre_req"": ""754"", ""sel_4th_pre_bid"": ""+34550"", ""sel_3th_pre_req_pre"": ""0"", ""sel_3th_pre_req"": ""212"", ""sel_3th_pre_bid"": ""+34500"", ""sel_2th_pre_req_pre"": ""0"", ""sel_2th_pre_req"": ""429"", ""sel_2th_pre_bid"": ""+34450"", ""sel_1th_pre_req_pre"": ""0"", ""sel_fpr_req"": ""981"", ""sel_fpr_bid"": ""+34400"", ""buy_fpr_bid"": ""+34350"", ""buy_fpr_req"": ""121"", ""buy_1th_pre_req_pre"": ""0"", ""buy_2th_pre_bid"": ""+34300"", ""buy_2th_pre_req"": ""35"", ""buy_2th_pre_req_pre"": ""0"", ""buy_3th_pre_bid"": ""+34250"", ""buy_3th_pre_req"": ""398"", ""buy_3th_pre_req_pre"": ""0"", ""buy_4th_pre_bid"": ""+34200"", ""buy_4th_pre_req"": ""671"", ""buy_4th_pre_req_pre"": ""0"", ""buy_5th_pre_bid"": ""+34150"", ""buy_5th_pre_req"": ""351"", ""buy_5th_pre_req_pre"": ""0"", ""buy_6th_pre_bid"": ""+34100"", ""buy_6th_pre_req"": ""440"", ""buy_6th_pre_req_pre"": ""0"", ""buy_7th_pre_bid"": ""+34050"", ""buy_7th_pre_req"": ""1118"", ""buy_7th_pre_req_pre"": ""0"", ""buy_8th_pre_bid"": ""34000"", ""buy_8th_pre_req"": ""3016"", ""buy_8th_pre_req_pre"": ""0"", ""buy_9th_pre_bid"": ""-33950"", ""buy_9th_pre_req"": ""751"", ""buy_9th_pre_req_pre"": ""0"", ""buy_10th_pre_bid"": ""-33900"", ""buy_10th_pre_req"": ""871"", ""buy_10th_pre_req_pre"": ""0"", ""tot_sel_req_jub_pre"": ""0"", ""tot_sel_req"": ""4497"", ""tot_buy_req"": ""7772"", ""tot_buy_req_jub_pre"": ""0"", ""ovt_sel_req_pre"": ""0"", ""ovt_sel_req"": ""0"", ""ovt_buy_req"": ""0"", ""ovt_buy_req_pre"": ""0"", ""return_code"": 0, ""return_msg"": ""정상적으로 처리되었습니다""}"
2026-06-10,watchlist,066575,,0,filtered_candidate_recheck,79300,,79300,79200,79300,79300,-0.12610340479192939,0.12610340479192939,,,,,,"{""bid_req_base_tm"": ""102923"", ""sel_10th_pre_req_pre"": ""0"", ""sel_10th_pre_req"": ""308"", ""sel_10th_pre_bid"": ""-80200"", ""sel_9th_pre_req_pre"": ""0"", ""sel_9th_pre_req"": ""104"", ""sel_9th_pre_bid"": ""-80100"", ""sel_8th_pre_req_pre"": ""0"", ""sel_8th_pre_req"": ""856"", ""sel_8th_pre_bid"": ""-80000"", ""sel_7th_pre_req_pre"": ""0"", ""sel_7th_pre_req"": ""188"", ""sel_7th_pre_bid"": ""-79900"", ""sel_6th_pre_req_pre"": ""0"", ""sel_6th_pre_req"": ""134"", ""sel_6th_pre_bid"": ""-79800"", ""sel_5th_pre_req_pre"": ""0"", ""sel_5th_pre_req"": ""61"", ""sel_5th_pre_bid"": ""-79700"", ""sel_4th_pre_req_pre"": ""0"", ""sel_4th_pre_req"": ""75"", ""sel_4th_pre_bid"": ""-79600"", ""sel_3th_pre_req_pre"": ""0"", ""sel_3th_pre_req"": ""51"", ""sel_3th_pre_bid"": ""-79500"", ""sel_2th_pre_req_pre"": ""0"", ""sel_2th_pre_req"": ""82"", ""sel_2th_pre_bid"": ""-79400"", ""sel_1th_pre_req_pre"": ""+6"", ""sel_fpr_req"": ""139"", ""sel_fpr_bid"": ""-79300"", ""buy_fpr_bid"": ""-79200"", ""buy_fpr_req"": ""146"", ""buy_1th_pre_req_pre"": ""0"", ""buy_2th_pre_bid"": ""-79100"", ""buy_2th_pre_req"": ""140"", ""buy_2th_pre_req_pre"": ""0"", ""buy_3th_pre_bid"": ""-79000"", ""buy_3th_pre_req"": ""706"", ""buy_3th_pre_req_pre"": ""0"", ""buy_4th_pre_bid"": ""-78900"", ""buy_4th_pre_req"": ""261"", ""buy_4th_pre_req_pre"": ""0"", ""buy_5th_pre_bid"": ""-78800"", ""buy_5th_pre_req"": ""304"", ""buy_5th_pre_req_pre"": ""0"", ""buy_6th_pre_bid"": ""-78700"", ""buy_6th_pre_req"": ""51"", ""buy_6th_pre_req_pre"": ""0"", ""buy_7th_pre_bid"": ""-78600"", ""buy_7th_pre_req"": ""227"", ""buy_7th_pre_req_pre"": ""0"", ""buy_8th_pre_bid"": ""-78500"", ""buy_8th_pre_req"": ""201"", ""buy_8th_pre_req_pre"": ""0"", ""buy_9th_pre_bid"": ""-78400"", ""buy_9th_pre_req"": ""14"", ""buy_9th_pre_req_pre"": ""0"", ""buy_10th_pre_bid"": ""-78300"", ""buy_10th_pre_req"": ""90"", ""buy_10th_pre_req_pre"": ""0"", ""tot_sel_req_jub_pre"": ""+6"", ""tot_sel_req"": ""1998"", ""tot_buy_req"": ""2140"", ""tot_buy_req_jub_pre"": ""0"", ""ovt_sel_req_pre"": ""0"", ""ovt_sel_req"": ""0"", ""ovt_buy_req"": ""0"", ""ovt_buy_req_pre"": ""0"", ""return_code"": 0, ""return_msg"": ""정상적으로 처리되었습니다""}"
2026-06-10,watchlist,000810,,0,filtered_candidate_recheck,617000,,617000,615000,617000,620000,0.3241491085899514,0.3241491085899514,,,,,,"{""bid_req_base_tm"": ""102924"", ""sel_10th_pre_req_pre"": ""0"", ""sel_10th_pre_req"": ""23"", ""sel_10th_pre_bid"": ""-626000"", ""sel_9th_pre_req_pre"": ""0"", ""sel_9th_pre_req"": ""7"", ""sel_9th_pre_bid"": ""-625000"", ""sel_8th_pre_req_pre"": ""0"", ""sel_8th_pre_req"": ""12"", ""sel_8th_pre_bid"": ""-624000"", ""sel_7th_pre_req_pre"": ""0"", ""sel_7th_pre_req"": ""274"", ""sel_7th_pre_bid"": ""-623000"", ""sel_6th_pre_req_pre"": ""0"", ""sel_6th_pre_req"": ""9"", ""sel_6th_pre_bid"": ""-622000"", ""sel_5th_pre_req_pre"": ""0"", ""sel_5th_pre_req"": ""13"", ""sel_5th_pre_bid"": ""-621000"", ""sel_4th_pre_req_pre"": ""0"", ""sel_4th_pre_req"": ""5"", ""sel_4th_pre_bid"": ""-620000"", ""sel_3th_pre_req_pre"": ""0"", ""sel_3th_pre_req"": ""22"", ""sel_3th_pre_bid"": ""-619000"", ""sel_2th_pre_req_pre"": ""+1"", ""sel_2th_pre_req"": ""7"", ""sel_2th_pre_bid"": ""-618000"", ""sel_1th_pre_req_pre"": ""0"", ""sel_fpr_req"": ""72"", ""sel_fpr_bid"": ""-617000"", ""buy_fpr_bid"": ""-615000"", ""buy_fpr_req"": ""350"", ""buy_1th_pre_req_pre"": ""0"", ""buy_2th_pre_bid"": ""-614000"", ""buy_2th_pre_req"": ""123"", ""buy_2th_pre_req_pre"": ""0"", ""buy_3th_pre_bid"": ""-613000"", ""buy_3th_pre_req"": ""87"", ""buy_3th_pre_req_pre"": ""0"", ""buy_4th_pre_bid"": ""-612000"", ""buy_4th_pre_req"": ""12"", ""buy_4th_pre_req_pre"": ""0"", ""buy_5th_pre_bid"": ""-611000"", ""buy_5th_pre_req"": ""23"", ""buy_5th_pre_req_pre"": ""0"", ""buy_6th_pre_bid"": ""-610000"", ""buy_6th_pre_req"": ""88"", ""buy_6th_pre_req_pre"": ""0"", ""buy_7th_pre_bid"": ""-609000"", ""buy_7th_pre_req"": ""14"", ""buy_7th_pre_req_pre"": ""0"", ""buy_8th_pre_bid"": ""-608000"", ""buy_8th_pre_req"": ""36"", ""buy_8th_pre_req_pre"": ""0"", ""buy_9th_pre_bid"": ""-607000"", ""buy_9th_pre_req"": ""55"", ""buy_9th_pre_req_pre"": ""0"", ""buy_10th_pre_bid"": ""-606000"", ""buy_10th_pre_req"": ""21"", ""buy_10th_pre_req_pre"": ""0"", ""tot_sel_req_jub_pre"": ""+1"", ""tot_sel_req"": ""444"", ""tot_buy_req"": ""809"", ""tot_buy_req_jub_pre"": ""0"", ""ovt_sel_req_pre"": ""0"", ""ovt_sel_req"": ""0"", ""ovt_buy_req"": ""0"", ""ovt_buy_req_pre"": ""0"", ""return_code"": 0, ""return_msg"": ""정상적으로 처리되었습니다""}"
2026-06-10,watchlist,005930,,0,filtered_candidate_recheck,308000,,308000,307500,308000,309000,0.16233766233766234,0.16233766233766234,,,,,,"{""bid_req_base_tm"": ""102924"", ""sel_10th_pre_req_pre"": ""0"", ""sel_10th_pre_req"": ""13813"", ""sel_10th_pre_bid"": ""-312500"", ""sel_9th_pre_req_pre"": ""0"", ""sel_9th_pre_req"": ""35412"", ""sel_9th_pre_bid"": ""-312000"", ""sel_8th_pre_req_pre"": ""0"", ""sel_8th_pre_req"": ""10216"", ""sel_8th_pre_bid"": ""-311500"", ""sel_7th_pre_req_pre"": ""0"", ""sel_7th_pre_req"": ""14718"", ""sel_7th_pre_bid"": ""-311000"", ""sel_6th_pre_req_pre"": ""0"", ""sel_6th_pre_req"": ""16383"", ""sel_6th_pre_bid"": ""-310500"", ""sel_5th_pre_req_pre"": ""0"", ""sel_5th_pre_req"": ""10239"", ""sel_5th_pre_bid"": ""-310000"", ""sel_4th_pre_req_pre"": ""0"", ""sel_4th_pre_req"": ""7351"", ""sel_4th_pre_bid"": ""-309500"", ""sel_3th_pre_req_pre"": ""0"", ""sel_3th_pre_req"": ""7820"", ""sel_3th_pre_bid"": ""-309000"", ""sel_2th_pre_req_pre"": ""+258"", ""sel_2th_pre_req"": ""25815"", ""sel_2th_pre_bid"": ""-308500"", ""sel_1th_pre_req_pre"": ""0"", ""sel_fpr_req"": ""27904"", ""sel_fpr_bid"": ""-308000"", ""buy_fpr_bid"": ""-307500"", ""buy_fpr_req"": ""18467"", ""buy_1th_pre_req_pre"": ""--2"", ""buy_2th_pre_bid"": ""-307000"", ""buy_2th_pre_req"": ""23022"", ""buy_2th_pre_req_pre"": ""0"", ""buy_3th_pre_bid"": ""-306500"", ""buy_3th_pre_req"": ""26440"", ""buy_3th_pre_req_pre"": ""0"", ""buy_4th_pre_bid"": ""-306000"", ""buy_4th_pre_req"": ""79534"", ""buy_4th_pre_req_pre"": ""0"", ""buy_5th_pre_bid"": ""-305500"", ""buy_5th_pre_req"": ""92244"", ""buy_5th_pre_req_pre"": ""0"", ""buy_6th_pre_bid"": ""-305000"", ""buy_6th_pre_req"": ""210629"", ""buy_6th_pre_req_pre"": ""0"", ""buy_7th_pre_bid"": ""-304500"", ""buy_7th_pre_req"": ""29894"", ""buy_7th_pre_req_pre"": ""0"", ""buy_8th_pre_bid"": ""-304000"", ""buy_8th_pre_req"": ""44078"", ""buy_8th_pre_req_pre"": ""0"", ""buy_9th_pre_bid"": ""-303500"", ""buy_9th_pre_req"": ""39553"", ""buy_9th_pre_req_pre"": ""0"", ""buy_10th_pre_bid"": ""-303000"", ""buy_10th_pre_req"": ""74208"", ""buy_10th_pre_req_pre"": ""0"", ""tot_sel_req_jub_pre"": ""+258"", ""tot_sel_req"": ""169671"", ""tot_buy_req"": ""638069"", ""tot_buy_req_jub_pre"": ""--2"", ""ovt_sel_req_pre"": ""0"", ""ovt_sel_req"": ""0"", ""ovt_buy_req"": ""0"", ""ovt_buy_req_pre"": ""0"", ""return_code"": 0, ""return_msg"": ""정상적으로 처리되었습니다""}"
2026-06-10,watchlist,000370,,0,filtered_candidate_recheck,6580,,6580,6570,6580,6550,-0.60790273556231,0.1519756838905775,,,,,,"{""bid_req_base_tm"": ""102909"", ""sel_10th_pre_req_pre"": ""0"", ""sel_10th_pre_req"": ""1727"", ""sel_10th_pre_bid"": ""+6690"", ""sel_9th_pre_req_pre"": ""0"", ""sel_9th_pre_req"": ""2001"", ""sel_9th_pre_bid"": ""+6680"", ""sel_8th_pre_req_pre"": ""0"", ""sel_8th_pre_req"": ""2958"", ""sel_8th_pre_bid"": ""+6670"", ""sel_7th_pre_req_pre"": ""0"", ""sel_7th_pre_req"": ""37"", ""sel_7th_pre_bid"": ""+6640"", ""sel_6th_pre_req_pre"": ""0"", ""sel_6th_pre_req"": ""1001"", ""sel_6th_pre_bid"": ""+6630"", ""sel_5th_pre_req_pre"": ""0"", ""sel_5th_pre_req"": ""740"", ""sel_5th_pre_bid"": ""+6620"", ""sel_4th_pre_req_pre"": ""0"", ""sel_4th_pre_req"": ""1001"", ""sel_4th_pre_bid"": ""+6610"", ""sel_3th_pre_req_pre"": ""0"", ""sel_3th_pre_req"": ""209"", ""sel_3th_pre_bid"": ""+6600"", ""sel_2th_pre_req_pre"": ""0"", ""sel_2th_pre_req"": ""1042"", ""sel_2th_pre_bid"": ""+6590"", ""sel_1th_pre_req_pre"": ""+117"", ""sel_fpr_req"": ""1696"", ""sel_fpr_bid"": ""+6580"", ""buy_fpr_bid"": ""+6570"", ""buy_fpr_req"": ""14"", ""buy_1th_pre_req_pre"": ""0"", ""buy_2th_pre_bid"": ""+6560"", ""buy_2th_pre_req"": ""130"", ""buy_2th_pre_req_pre"": ""0"", ""buy_3th_pre_bid"": ""+6550"", ""buy_3th_pre_req"": ""151"", ""buy_3th_pre_req_pre"": ""0"", ""buy_4th_pre_bid"": ""+6540"", ""buy_4th_pre_req"": ""116"", ""buy_4th_pre_req_pre"": ""0"", ""buy_5th_pre_bid"": ""+6530"", ""buy_5th_pre_req"": ""1175"", ""buy_5th_pre_req_pre"": ""0"", ""buy_6th_pre_bid"": ""+6520"", ""buy_6th_pre_req"": ""488"", ""buy_6th_pre_req_pre"": ""0"", ""buy_7th_pre_bid"": ""+6510"", ""buy_7th_pre_req"": ""1493"", ""buy_7th_pre_req_pre"": ""0"", ""buy_8th_pre_bid"": ""+6500"", ""buy_8th_pre_req"": ""1231"", ""buy_8th_pre_req_pre"": ""0"", ""buy_9th_pre_bid"": ""+6490"", ""buy_9th_pre_req"": ""248"", ""buy_9th_pre_req_pre"": ""0"", ""buy_10th_pre_bid"": ""+6480"", ""buy_10th_pre_req"": ""257"", ""buy_10th_pre_req_pre"": ""0"", ""tot_sel_req_jub_pre"": ""+117"", ""tot_sel_req"": ""12412"", ""tot_buy_req"": ""5303"", ""tot_buy_req_jub_pre"": ""0"", ""ovt_sel_req_pre"": ""0"", ""ovt_sel_req"": ""0"", ""ovt_buy_req"": ""0"", ""ovt_buy_req_pre"": ""0"", ""return_code"": 0, ""return_msg"": ""정상적으로 처리되었습니다""}"
2026-06-10,watchlist,064400,,0,filtered_candidate_recheck,96800,,96800,96700,96800,96800,-0.10330578512396695,0.10330578512396695,,,,,,"{""bid_req_base_tm"": ""102924"", ""sel_10th_pre_req_pre"": ""0"", ""sel_10th_pre_req"": ""266"", ""sel_10th_pre_bid"": ""-97700"", ""sel_9th_pre_req_pre"": ""0"", ""sel_9th_pre_req"": ""214"", ""sel_9th_pre_bid"": ""-97600"", ""sel_8th_pre_req_pre"": ""0"", ""sel_8th_pre_req"": ""737"", ""sel_8th_pre_bid"": ""-97500"", ""sel_7th_pre_req_pre"": ""0"", ""sel_7th_pre_req"": ""517"", ""sel_7th_pre_bid"": ""-97400"", ""sel_6th_pre_req_pre"": ""0"", ""sel_6th_pre_req"": ""295"", ""sel_6th_pre_bid"": ""-97300"", ""sel_5th_pre_req_pre"": ""0"", ""sel_5th_pre_req"": ""180"", ""sel_5th_pre_bid"": ""-97200"", ""sel_4th_pre_req_pre"": ""0"", ""sel_4th_pre_req"": ""103"", ""sel_4th_pre_bid"": ""-97100"", ""sel_3th_pre_req_pre"": ""0"", ""sel_3th_pre_req"": ""306"", ""sel_3th_pre_bid"": ""-97000"", ""sel_2th_pre_req_pre"": ""0"", ""sel_2th_pre_req"": ""197"", ""sel_2th_pre_bid"": ""-96900"", ""sel_1th_pre_req_pre"": ""0"", ""sel_fpr_req"": ""490"", ""sel_fpr_bid"": ""-96800"", ""buy_fpr_bid"": ""-96700"", ""buy_fpr_req"": ""198"", ""buy_1th_pre_req_pre"": ""--1"", ""buy_2th_pre_bid"": ""-96600"", ""buy_2th_pre_req"": ""90"", ""buy_2th_pre_req_pre"": ""0"", ""buy_3th_pre_bid"": ""-96500"", ""buy_3th_pre_req"": ""463"", ""buy_3th_pre_req_pre"": ""0"", ""buy_4th_pre_bid"": ""-96400"", ""buy_4th_pre_req"": ""145"", ""buy_4th_pre_req_pre"": ""0"", ""buy_5th_pre_bid"": ""-96300"", ""buy_5th_pre_req"": ""686"", ""buy_5th_pre_req_pre"": ""0"", ""buy_6th_pre_bid"": ""-96200"", ""buy_6th_pre_req"": ""441"", ""buy_6th_pre_req_pre"": ""0"", ""buy_7th_pre_bid"": ""-96100"", ""buy_7th_pre_req"": ""838"", ""buy_7th_pre_req_pre"": ""0"", ""buy_8th_pre_bid"": ""-96000"", ""buy_8th_pre_req"": ""1582"", ""buy_8th_pre_req_pre"": ""0"", ""buy_9th_pre_bid"": ""-95900"", ""buy_9th_pre_req"": ""1533"", ""buy_9th_pre_req_pre"": ""0"", ""buy_10th_pre_bid"": ""-95800"", ""buy_10th_pre_req"": ""1254"", ""buy_10th_pre_req_pre"": ""0"", ""tot_sel_req_jub_pre"": ""0"", ""tot_sel_req"": ""3305"", ""tot_buy_req"": ""7230"", ""tot_buy_req_jub_pre"": ""--1"", ""ovt_sel_req_pre"": ""0"", ""ovt_sel_req"": ""0"", ""ovt_buy_req"": ""0"", ""ovt_buy_req_pre"": ""0"", ""return_code"": 0, ""return_msg"": ""정상적으로 처리되었습니다""}"
2026-06-10,watchlist,009420,,0,filtered_candidate_recheck,50300,,50300,50100,50300,50400,0.0,0.3976143141153081,,,,,,"{""bid_req_base_tm"": ""102925"", ""sel_10th_pre_req_pre"": ""0"", ""sel_10th_pre_req"": ""641"", ""sel_10th_pre_bid"": ""-51200"", ""sel_9th_pre_req_pre"": ""0"", ""sel_9th_pre_req"": ""75"", ""sel_9th_pre_bid"": ""-51100"", ""sel_8th_pre_req_pre"": ""0"", ""sel_8th_pre_req"": ""99"", ""sel_8th_pre_bid"": ""-51000"", ""sel_7th_pre_req_pre"": ""0"", ""sel_7th_pre_req"": ""196"", ""sel_7th_pre_bid"": ""-50900"", ""sel_6th_pre_req_pre"": ""0"", ""sel_6th_pre_req"": ""12"", ""sel_6th_pre_bid"": ""-50800"", ""sel_5th_pre_req_pre"": ""0"", ""sel_5th_pre_req"": ""272"", ""sel_5th_pre_bid"": ""-50700"", ""sel_4th_pre_req_pre"": ""0"", ""sel_4th_pre_req"": ""237"", ""sel_4th_pre_bid"": ""-50600"", ""sel_3th_pre_req_pre"": ""0"", ""sel_3th_pre_req"": ""146"", ""sel_3th_pre_bid"": ""-50500"", ""sel_2th_pre_req_pre"": ""0"", ""sel_2th_pre_req"": ""141"", ""sel_2th_pre_bid"": ""-50400"", ""sel_1th_pre_req_pre"": ""0"", ""sel_fpr_req"": ""83"", ""sel_fpr_bid"": ""-50300"", ""buy_fpr_bid"": ""-50100"", ""buy_fpr_req"": ""47"", ""buy_1th_pre_req_pre"": ""0"", ""buy_2th_pre_bid"": ""-50000"", ""buy_2th_pre_req"": ""78"", ""buy_2th_pre_req_pre"": ""0"", ""buy_3th_pre_bid"": ""-49950"", ""buy_3th_pre_req"": ""342"", ""buy_3th_pre_req_pre"": ""0"", ""buy_4th_pre_bid"": ""-49900"", ""buy_4th_pre_req"": ""374"", ""buy_4th_pre_req_pre"": ""0"", ""buy_5th_pre_bid"": ""-49850"", ""buy_5th_pre_req"": ""326"", ""buy_5th_pre_req_pre"": ""0"", ""buy_6th_pre_bid"": ""-49800"", ""buy_6th_pre_req"": ""570"", ""buy_6th_pre_req_pre"": ""0"", ""buy_7th_pre_bid"": ""-49750"", ""buy_7th_pre_req"": ""895"", ""buy_7th_pre_req_pre"": ""0"", ""buy_8th_pre_bid"": ""-49700"", ""buy_8th_pre_req"": ""1133"", ""buy_8th_pre_req_pre"": ""0"", ""buy_9th_pre_bid"": ""-49650"", ""buy_9th_pre_req"": ""63"", ""buy_9th_pre_req_pre"": ""0"", ""buy_10th_pre_bid"": ""-49600"", ""buy_10th_pre_req"": ""870"", ""buy_10th_pre_req_pre"": ""0"", ""tot_sel_req_jub_pre"": ""+635"", ""tot_sel_req"": ""1902"", ""tot_buy_req"": ""4698"", ""tot_buy_req_jub_pre"": ""0"", ""ovt_sel_req_pre"": ""0"", ""ovt_sel_req"": ""0"", ""ovt_buy_req"": ""0"", ""ovt_buy_req_pre"": ""0"", ""return_code"": 0, ""return_msg"": ""정상적으로 처리되었습니다""}"
2026-06-10,watchlist,383220,,0,filtered_candidate_recheck,75000,,75000,74900,75000,74900,-0.26666666666666666,0.13333333333333333,,,,,,"{""bid_req_base_tm"": ""102914"", ""sel_10th_pre_req_pre"": ""0"", ""sel_10th_pre_req"": ""122"", ""sel_10th_pre_bid"": ""+76000"", ""sel_9th_pre_req_pre"": ""0"", ""sel_9th_pre_req"": ""100"", ""sel_9th_pre_bid"": ""+75900"", ""sel_8th_pre_req_pre"": ""0"", ""sel_8th_pre_req"": ""17"", ""sel_8th_pre_bid"": ""+75800"", ""sel_7th_pre_req_pre"": ""0"", ""sel_7th_pre_req"": ""1"", ""sel_7th_pre_bid"": ""+75700"", ""sel_6th_pre_req_pre"": ""0"", ""sel_6th_pre_req"": ""7"", ""sel_6th_pre_bid"": ""+75500"", ""sel_5th_pre_req_pre"": ""0"", ""sel_5th_pre_req"": ""19"", ""sel_5th_pre_bid"": ""+75400"", ""sel_4th_pre_req_pre"": ""0"", ""sel_4th_pre_req"": ""1"", ""sel_4th_pre_bid"": ""+75300"", ""sel_3th_pre_req_pre"": ""0"", ""sel_3th_pre_req"": ""83"", ""sel_3th_pre_bid"": ""+75200"", ""sel_2th_pre_req_pre"": ""0"", ""sel_2th_pre_req"": ""87"", ""sel_2th_pre_bid"": ""+75100"", ""sel_1th_pre_req_pre"": ""--21"", ""sel_fpr_req"": ""38"", ""sel_fpr_bid"": ""+75000"", ""buy_fpr_bid"": ""+74900"", ""buy_fpr_req"": ""85"", ""buy_1th_pre_req_pre"": ""--21"", ""buy_2th_pre_bid"": ""+74800"", ""buy_2th_pre_req"": ""9"", ""buy_2th_pre_req_pre"": ""0"", ""buy_3th_pre_bid"": ""+74700"", ""buy_3th_pre_req"": ""32"", ""buy_3th_pre_req_pre"": ""0"", ""buy_4th_pre_bid"": ""74600"", ""buy_4th_pre_req"": ""74"", ""buy_4th_pre_req_pre"": ""0"", ""buy_5th_pre_bid"": ""-74500"", ""buy_5th_pre_req"": ""45"", ""buy_5th_pre_req_pre"": ""0"", ""buy_6th_pre_bid"": ""-74400"", ""buy_6th_pre_req"": ""32"", ""buy_6th_pre_req_pre"": ""0"", ""buy_7th_pre_bid"": ""-74300"", ""buy_7th_pre_req"": ""10"", ""buy_7th_pre_req_pre"": ""0"", ""buy_8th_pre_bid"": ""-74200"", ""buy_8th_pre_req"": ""5"", ""buy_8th_pre_req_pre"": ""0"", ""buy_9th_pre_bid"": ""-74100"", ""buy_9th_pre_req"": ""24"", ""buy_9th_pre_req_pre"": ""0"", ""buy_10th_pre_bid"": ""-74000"", ""buy_10th_pre_req"": ""22"", ""buy_10th_pre_req_pre"": ""0"", ""tot_sel_req_jub_pre"": ""--21"", ""tot_sel_req"": ""475"", ""tot_buy_req"": ""338"", ""tot_buy_req_jub_pre"": ""--21"", ""ovt_sel_req_pre"": ""0"", ""ovt_sel_req"": ""0"", ""ovt_buy_req"": ""0"", ""ovt_buy_req_pre"": ""0"", ""return_code"": 0, ""return_msg"": ""정상적으로 처리되었습니다""}"
2026-06-10,watchlist,004170,,0,filtered_candidate_recheck,670000,,670000,669000,670000,672000,0.1492537313432836,0.1492537313432836,,,,,,"{""bid_req_base_tm"": ""102921"", ""sel_10th_pre_req_pre"": ""0"", ""sel_10th_pre_req"": ""32"", ""sel_10th_pre_bid"": ""+679000"", ""sel_9th_pre_req_pre"": ""0"", ""sel_9th_pre_req"": ""60"", ""sel_9th_pre_bid"": ""+678000"", ""sel_8th_pre_req_pre"": ""0"", ""sel_8th_pre_req"": ""4"", ""sel_8th_pre_bid"": ""+677000"", ""sel_7th_pre_req_pre"": ""0"", ""sel_7th_pre_req"": ""6"", ""sel_7th_pre_bid"": ""+676000"", ""sel_6th_pre_req_pre"": ""0"", ""sel_6th_pre_req"": ""43"", ""sel_6th_pre_bid"": ""+675000"", ""sel_5th_pre_req_pre"": ""0"", ""sel_5th_pre_req"": ""2"", ""sel_5th_pre_bid"": ""+674000"", ""sel_4th_pre_req_pre"": ""0"", ""sel_4th_pre_req"": ""10"", ""sel_4th_pre_bid"": ""+673000"", ""sel_3th_pre_req_pre"": ""0"", ""sel_3th_pre_req"": ""54"", ""sel_3th_pre_bid"": ""+672000"", ""sel_2th_pre_req_pre"": ""0"", ""sel_2th_pre_req"": ""17"", ""sel_2th_pre_bid"": ""+671000"", ""sel_1th_pre_req_pre"": ""0"", ""sel_fpr_req"": ""43"", ""sel_fpr_bid"": ""+670000"", ""buy_fpr_bid"": ""+669000"", ""buy_fpr_req"": ""106"", ""buy_1th_pre_req_pre"": ""0"", ""buy_2th_pre_bid"": ""+668000"", ""buy_2th_pre_req"": ""29"", ""buy_2th_pre_req_pre"": ""0"", ""buy_3th_pre_bid"": ""+667000"", ""buy_3th_pre_req"": ""56"", ""buy_3th_pre_req_pre"": ""0"", ""buy_4th_pre_bid"": ""+666000"", ""buy_4th_pre_req"": ""102"", ""buy_4th_pre_req_pre"": ""+6"", ""buy_5th_pre_bid"": ""+665000"", ""buy_5th_pre_req"": ""664"", ""buy_5th_pre_req_pre"": ""0"", ""buy_6th_pre_bid"": ""+664000"", ""buy_6th_pre_req"": ""21"", ""buy_6th_pre_req_pre"": ""0"", ""buy_7th_pre_bid"": ""+663000"", ""buy_7th_pre_req"": ""92"", ""buy_7th_pre_req_pre"": ""0"", ""buy_8th_pre_bid"": ""+662000"", ""buy_8th_pre_req"": ""49"", ""buy_8th_pre_req_pre"": ""0"", ""buy_9th_pre_bid"": ""+661000"", ""buy_9th_pre_req"": ""16"", ""buy_9th_pre_req_pre"": ""0"", ""buy_10th_pre_bid"": ""+660000"", ""buy_10th_pre_req"": ""423"", ""buy_10th_pre_req_pre"": ""0"", ""tot_sel_req_jub_pre"": ""0"", ""tot_sel_req"": ""271"", ""tot_buy_req"": ""1558"", ""tot_buy_req_jub_pre"": ""+6"", ""ovt_sel_req_pre"": ""0"", ""ovt_sel_req"": ""0"", ""ovt_buy_req"": ""0"", ""ovt_buy_req_pre"": ""0"", ""return_code"": 0, ""return_msg"": ""정상적으로 처리되었습니다""}"
2026-06-10,watchlist,018260,,1,filtered_candidate_recheck,233500,,233500,233000,233500,234500,0.21413276231263384,0.21413276231263384,,,,,,"{""bid_req_base_tm"": ""102925"", ""sel_10th_pre_req_pre"": ""0"", ""sel_10th_pre_req"": ""347"", ""sel_10th_pre_bid"": ""-238000"", ""sel_9th_pre_req_pre"": ""0"", ""sel_9th_pre_req"": ""135"", ""sel_9th_pre_bid"": ""-237500"", ""sel_8th_pre_req_pre"": ""0"", ""sel_8th_pre_req"": ""260"", ""sel_8th_pre_bid"": ""-237000"", ""sel_7th_pre_req_pre"": ""0"", ""sel_7th_pre_req"": ""213"", ""sel_7th_pre_bid"": ""-236500"", ""sel_6th_pre_req_pre"": ""0"", ""sel_6th_pre_req"": ""193"", ""sel_6th_pre_bid"": ""-236000"", ""sel_5th_pre_req_pre"": ""0"", ""sel_5th_pre_req"": ""158"", ""sel_5th_pre_bid"": ""-235500"", ""sel_4th_pre_req_pre"": ""0"", ""sel_4th_pre_req"": ""134"", ""sel_4th_pre_bid"": ""-235000"", ""sel_3th_pre_req_pre"": ""0"", ""sel_3th_pre_req"": ""71"", ""sel_3th_pre_bid"": ""-234500"", ""sel_2th_pre_req_pre"": ""0"", ""sel_2th_pre_req"": ""145"", ""sel_2th_pre_bid"": ""-234000"", ""sel_1th_pre_req_pre"": ""0"", ""sel_fpr_req"": ""141"", ""sel_fpr_bid"": ""-233500"", ""buy_fpr_bid"": ""-233000"", ""buy_fpr_req"": ""78"", ""buy_1th_pre_req_pre"": ""+1"", ""buy_2th_pre_bid"": ""-232500"", ""buy_2th_pre_req"": ""379"", ""buy_2th_pre_req_pre"": ""0"", ""buy_3th_pre_bid"": ""-232000"", ""buy_3th_pre_req"": ""854"", ""buy_3th_pre_req_pre"": ""0"", ""buy_4th_pre_bid"": ""-231500"", ""buy_4th_pre_req"": ""1732"", ""buy_4th_pre_req_pre"": ""0"", ""buy_5th_pre_bid"": ""-231000"", ""buy_5th_pre_req"": ""2518"", ""buy_5th_pre_req_pre"": ""0"", ""buy_6th_pre_bid"": ""-230500"", ""buy_6th_pre_req"": ""1903"", ""buy_6th_pre_req_pre"": ""0"", ""buy_7th_pre_bid"": ""-230000"", ""buy_7th_pre_req"": ""3884"", ""buy_7th_pre_req_pre"": ""0"", ""buy_8th_pre_bid"": ""-229500"", ""buy_8th_pre_req"": ""668"", ""buy_8th_pre_req_pre"": ""0"", ""buy_9th_pre_bid"": ""-229000"", ""buy_9th_pre_req"": ""1470"", ""buy_9th_pre_req_pre"": ""0"", ""buy_10th_pre_bid"": ""-228500"", ""buy_10th_pre_req"": ""533"", ""buy_10th_pre_req_pre"": ""0"", ""tot_sel_req_jub_pre"": ""0"", ""tot_sel_req"": ""1797"", ""tot_buy_req"": ""14019"", ""tot_buy_req_jub_pre"": ""+1"", ""ovt_sel_req_pre"": ""0"", ""ovt_sel_req"": ""0"", ""ovt_buy_req"": ""0"", ""ovt_buy_req_pre"": ""0"", ""return_code"": 0, ""return_msg"": ""정상적으로 처리되었습니다""}"
2026-06-10,watchlist,161390,,0,filtered_candidate_recheck,71300,,71300,71200,71300,71500,0.1402524544179523,0.1402524544179523,,,,,,"{""bid_req_base_tm"": ""102921"", ""sel_10th_pre_req_pre"": ""0"", ""sel_10th_pre_req"": ""9"", ""sel_10th_pre_bid"": ""-72200"", ""sel_9th_pre_req_pre"": ""0"", ""sel_9th_pre_req"": ""31"", ""sel_9th_pre_bid"": ""-72100"", ""sel_8th_pre_req_pre"": ""0"", ""sel_8th_pre_req"": ""151"", ""sel_8th_pre_bid"": ""-72000"", ""sel_7th_pre_req_pre"": ""0"", ""sel_7th_pre_req"": ""415"", ""sel_7th_pre_bid"": ""-71900"", ""sel_6th_pre_req_pre"": ""0"", ""sel_6th_pre_req"": ""2"", ""sel_6th_pre_bid"": ""-71800"", ""sel_5th_pre_req_pre"": ""0"", ""sel_5th_pre_req"": ""34"", ""sel_5th_pre_bid"": ""-71700"", ""sel_4th_pre_req_pre"": ""0"", ""sel_4th_pre_req"": ""33"", ""sel_4th_pre_bid"": ""-71600"", ""sel_3th_pre_req_pre"": ""0"", ""sel_3th_pre_req"": ""283"", ""sel_3th_pre_bid"": ""-71500"", ""sel_2th_pre_req_pre"": ""0"", ""sel_2th_pre_req"": ""520"", ""sel_2th_pre_bid"": ""-71400"", ""sel_1th_pre_req_pre"": ""0"", ""sel_fpr_req"": ""3333"", ""sel_fpr_bid"": ""-71300"", ""buy_fpr_bid"": ""-71200"", ""buy_fpr_req"": ""2831"", ""buy_1th_pre_req_pre"": ""0"", ""buy_2th_pre_bid"": ""-71100"", ""buy_2th_pre_req"": ""521"", ""buy_2th_pre_req_pre"": ""0"", ""buy_3th_pre_bid"": ""-71000"", ""buy_3th_pre_req"": ""1284"", ""buy_3th_pre_req_pre"": ""0"", ""buy_4th_pre_bid"": ""-70900"", ""buy_4th_pre_req"": ""2119"", ""buy_4th_pre_req_pre"": ""0"", ""buy_5th_pre_bid"": ""-70800"", ""buy_5th_pre_req"": ""164"", ""buy_5th_pre_req_pre"": ""0"", ""buy_6th_pre_bid"": ""-70700"", ""buy_6th_pre_req"": ""72"", ""buy_6th_pre_req_pre"": ""0"", ""buy_7th_pre_bid"": ""-70600"", ""buy_7th_pre_req"": ""87"", ""buy_7th_pre_req_pre"": ""0"", ""buy_8th_pre_bid"": ""-70500"", ""buy_8th_pre_req"": ""326"", ""buy_8th_pre_req_pre"": ""0"", ""buy_9th_pre_bid"": ""-70400"", ""buy_9th_pre_req"": ""112"", ""buy_9th_pre_req_pre"": ""0"", ""buy_10th_pre_bid"": ""-70300"", ""buy_10th_pre_req"": ""90"", ""buy_10th_pre_req_pre"": ""0"", ""tot_sel_req_jub_pre"": ""0"", ""tot_sel_req"": ""4811"", ""tot_buy_req"": ""7606"", ""tot_buy_req_jub_pre"": ""0"", ""ovt_sel_req_pre"": ""0"", ""ovt_sel_req"": ""0"", ""ovt_buy_req"": ""0"", ""ovt_buy_req_pre"": ""0"", ""return_code"": 0, ""return_msg"": ""정상적으로 처리되었습니다""}"
2026-06-10,watchlist,078930,,0,filtered_candidate_recheck,73300,,73300,73200,73300,73300,-0.1364256480218281,0.1364256480218281,,,,,,"{""bid_req_base_tm"": ""102923"", ""sel_10th_pre_req_pre"": ""0"", ""sel_10th_pre_req"": ""399"", ""sel_10th_pre_bid"": ""+74400"", ""sel_9th_pre_req_pre"": ""0"", ""sel_9th_pre_req"": ""2"", ""sel_9th_pre_bid"": ""+74300"", ""sel_8th_pre_req_pre"": ""0"", ""sel_8th_pre_req"": ""91"", ""sel_8th_pre_bid"": ""+74200"", ""sel_7th_pre_req_pre"": ""0"", ""sel_7th_pre_req"": ""110"", ""sel_7th_pre_bid"": ""+74000"", ""sel_6th_pre_req_pre"": ""0"", ""sel_6th_pre_req"": ""2"", ""sel_6th_pre_bid"": ""+73900"", ""sel_5th_pre_req_pre"": ""0"", ""sel_5th_pre_req"": ""18"", ""sel_5th_pre_bid"": ""73800"", ""sel_4th_pre_req_pre"": ""0"", ""sel_4th_pre_req"": ""18"", ""sel_4th_pre_bid"": ""-73700"", ""sel_3th_pre_req_pre"": ""0"", ""sel_3th_pre_req"": ""18"", ""sel_3th_pre_bid"": ""-73600"", ""sel_2th_pre_req_pre"": ""0"", ""sel_2th_pre_req"": ""262"", ""sel_2th_pre_bid"": ""-73400"", ""sel_1th_pre_req_pre"": ""0"", ""sel_fpr_req"": ""177"", ""sel_fpr_bid"": ""-73300"", ""buy_fpr_bid"": ""-73200"", ""buy_fpr_req"": ""47"", ""buy_1th_pre_req_pre"": ""0"", ""buy_2th_pre_bid"": ""-73100"", ""buy_2th_pre_req"": ""206"", ""buy_2th_pre_req_pre"": ""+24"", ""buy_3th_pre_bid"": ""-73000"", ""buy_3th_pre_req"": ""126"", ""buy_3th_pre_req_pre"": ""0"", ""buy_4th_pre_bid"": ""-72900"", ""buy_4th_pre_req"": ""233"", ""buy_4th_pre_req_pre"": ""0"", ""buy_5th_pre_bid"": ""-72800"", ""buy_5th_pre_req"": ""20"", ""buy_5th_pre_req_pre"": ""0"", ""buy_6th_pre_bid"": ""-72700"", ""buy_6th_pre_req"": ""50"", ""buy_6th_pre_req_pre"": ""0"", ""buy_7th_pre_bid"": ""-72500"", ""buy_7th_pre_req"": ""10"", ""buy_7th_pre_req_pre"": ""0"", ""buy_8th_pre_bid"": ""-72400"", ""buy_8th_pre_req"": ""6"", ""buy_8th_pre_req_pre"": ""0"", ""buy_9th_pre_bid"": ""-72300"", ""buy_9th_pre_req"": ""51"", ""buy_9th_pre_req_pre"": ""0"", ""buy_10th_pre_bid"": ""-72200"", ""buy_10th_pre_req"": ""274"", ""buy_10th_pre_req_pre"": ""0"", ""tot_sel_req_jub_pre"": ""0"", ""tot_sel_req"": ""1097"", ""tot_buy_req"": ""1023"", ""tot_buy_req_jub_pre"": ""+24"", ""ovt_sel_req_pre"": ""0"", ""ovt_sel_req"": ""0"", ""ovt_buy_req"": ""0"", ""ovt_buy_req_pre"": ""0"", ""return_code"": 0, ""return_msg"": ""정상적으로 처리되었습니다""}"
2026-06-10,watchlist,462870,,0,filtered_candidate_recheck,31650,,31650,31600,31650,31350,-1.1058451816745656,0.1579778830963665,,,,,,"{""bid_req_base_tm"": ""102924"", ""sel_10th_pre_req_pre"": ""0"", ""sel_10th_pre_req"": ""113"", ""sel_10th_pre_bid"": ""-32100"", ""sel_9th_pre_req_pre"": ""0"", ""sel_9th_pre_req"": ""60"", ""sel_9th_pre_bid"": ""-32050"", ""sel_8th_pre_req_pre"": ""0"", ""sel_8th_pre_req"": ""163"", ""sel_8th_pre_bid"": ""-32000"", ""sel_7th_pre_req_pre"": ""0"", ""sel_7th_pre_req"": ""14"", ""sel_7th_pre_bid"": ""-31950"", ""sel_6th_pre_req_pre"": ""0"", ""sel_6th_pre_req"": ""100"", ""sel_6th_pre_bid"": ""-31900"", ""sel_5th_pre_req_pre"": ""0"", ""sel_5th_pre_req"": ""242"", ""sel_5th_pre_bid"": ""-31850"", ""sel_4th_pre_req_pre"": ""0"", ""sel_4th_pre_req"": ""322"", ""sel_4th_pre_bid"": ""-31800"", ""sel_3th_pre_req_pre"": ""0"", ""sel_3th_pre_req"": ""112"", ""sel_3th_pre_bid"": ""-31750"", ""sel_2th_pre_req_pre"": ""0"", ""sel_2th_pre_req"": ""2575"", ""sel_2th_pre_bid"": ""-31700"", ""sel_1th_pre_req_pre"": ""+1"", ""sel_fpr_req"": ""130"", ""sel_fpr_bid"": ""-31650"", ""buy_fpr_bid"": ""-31600"", ""buy_fpr_req"": ""6"", ""buy_1th_pre_req_pre"": ""0"", ""buy_2th_pre_bid"": ""-31550"", ""buy_2th_pre_req"": ""32"", ""buy_2th_pre_req_pre"": ""0"", ""buy_3th_pre_bid"": ""-31400"", ""buy_3th_pre_req"": ""1"", ""buy_3th_pre_req_pre"": ""0"", ""buy_4th_pre_bid"": ""-31350"", ""buy_4th_pre_req"": ""18"", ""buy_4th_pre_req_pre"": ""0"", ""buy_5th_pre_bid"": ""-31300"", ""buy_5th_pre_req"": ""20"", ""buy_5th_pre_req_pre"": ""0"", ""buy_6th_pre_bid"": ""-31250"", ""buy_6th_pre_req"": ""32"", ""buy_6th_pre_req_pre"": ""0"", ""buy_7th_pre_bid"": ""-31200"", ""buy_7th_pre_req"": ""112"", ""buy_7th_pre_req_pre"": ""0"", ""buy_8th_pre_bid"": ""-31150"", ""buy_8th_pre_req"": ""239"", ""buy_8th_pre_req_pre"": ""0"", ""buy_9th_pre_bid"": ""-31100"", ""buy_9th_pre_req"": ""115"", ""buy_9th_pre_req_pre"": ""0"", ""buy_10th_pre_bid"": ""-31050"", ""buy_10th_pre_req"": ""155"", ""buy_10th_pre_req_pre"": ""0"", ""tot_sel_req_jub_pre"": ""+1"", ""tot_sel_req"": ""3831"", ""tot_buy_req"": ""730"", ""tot_buy_req_jub_pre"": ""0"", ""ovt_sel_req_pre"": ""0"", ""ovt_sel_req"": ""0"", ""ovt_buy_req"": ""0"", ""ovt_buy_req_pre"": ""0"", ""return_code"": 0, ""return_msg"": ""정상적으로 처리되었습니다""}"
2026-06-10,watchlist,055550,,0,filtered_candidate_recheck,99900,,99900,99700,99900,99400,-0.6006006006006006,0.20020020020020018,,,,,,"{""bid_req_base_tm"": ""102926"", ""sel_10th_pre_req_pre"": ""0"", ""sel_10th_pre_req"": ""1112"", ""sel_10th_pre_bid"": ""-100800"", ""sel_9th_pre_req_pre"": ""0"", ""sel_9th_pre_req"": ""131"", ""sel_9th_pre_bid"": ""-100700"", ""sel_8th_pre_req_pre"": ""0"", ""sel_8th_pre_req"": ""126"", ""sel_8th_pre_bid"": ""-100600"", ""sel_7th_pre_req_pre"": ""0"", ""sel_7th_pre_req"": ""1534"", ""sel_7th_pre_bid"": ""-100500"", ""sel_6th_pre_req_pre"": ""0"", ""sel_6th_pre_req"": ""1391"", ""sel_6th_pre_bid"": ""-100400"", ""sel_5th_pre_req_pre"": ""0"", ""sel_5th_pre_req"": ""412"", ""sel_5th_pre_bid"": ""-100300"", ""sel_4th_pre_req_pre"": ""0"", ""sel_4th_pre_req"": ""247"", ""sel_4th_pre_bid"": ""-100200"", ""sel_3th_pre_req_pre"": ""0"", ""sel_3th_pre_req"": ""775"", ""sel_3th_pre_bid"": ""-100100"", ""sel_2th_pre_req_pre"": ""0"", ""sel_2th_pre_req"": ""196"", ""sel_2th_pre_bid"": ""-100000"", ""sel_1th_pre_req_pre"": ""+1"", ""sel_fpr_req"": ""1020"", ""sel_fpr_bid"": ""-99900"", ""buy_fpr_bid"": ""-99700"", ""buy_fpr_req"": ""141"", ""buy_1th_pre_req_pre"": ""0"", ""buy_2th_pre_bid"": ""-99600"", ""buy_2th_pre_req"": ""391"", ""buy_2th_pre_req_pre"": ""0"", ""buy_3th_pre_bid"": ""-99500"", ""buy_3th_pre_req"": ""291"", ""buy_3th_pre_req_pre"": ""0"", ""buy_4th_pre_bid"": ""-99400"", ""buy_4th_pre_req"": ""134"", ""buy_4th_pre_req_pre"": ""0"", ""buy_5th_pre_bid"": ""-99300"", ""buy_5th_pre_req"": ""37"", ""buy_5th_pre_req_pre"": ""0"", ""buy_6th_pre_bid"": ""-99200"", ""buy_6th_pre_req"": ""139"", ""buy_6th_pre_req_pre"": ""0"", ""buy_7th_pre_bid"": ""-99100"", ""buy_7th_pre_req"": ""146"", ""buy_7th_pre_req_pre"": ""0"", ""buy_8th_pre_bid"": ""-99000"", ""buy_8th_pre_req"": ""344"", ""buy_8th_pre_req_pre"": ""0"", ""buy_9th_pre_bid"": ""-98900"", ""buy_9th_pre_req"": ""166"", ""buy_9th_pre_req_pre"": ""0"", ""buy_10th_pre_bid"": ""-98800"", ""buy_10th_pre_req"": ""156"", ""buy_10th_pre_req_pre"": ""0"", ""tot_sel_req_jub_pre"": ""+1"", ""tot_sel_req"": ""6944"", ""tot_buy_req"": ""1945"", ""tot_buy_req_jub_pre"": ""0"", ""ovt_sel_req_pre"": ""0"", ""ovt_sel_req"": ""0"", ""ovt_buy_req"": ""0"", ""ovt_buy_req_pre"": ""0"", ""return_code"": 0, ""return_msg"": ""정상적으로 처리되었습니다""}"
2026-06-10,watchlist,192080,,1,filtered_candidate_recheck,71400,,71400,71300,71400,71000,-0.700280112044818,0.1400560224089636,,,,,,"{""bid_req_base_tm"": ""102924"", ""sel_10th_pre_req_pre"": ""0"", ""sel_10th_pre_req"": ""182"", ""sel_10th_pre_bid"": ""+72600"", ""sel_9th_pre_req_pre"": ""0"", ""sel_9th_pre_req"": ""11"", ""sel_9th_pre_bid"": ""+72500"", ""sel_8th_pre_req_pre"": ""0"", ""sel_8th_pre_req"": ""40"", ""sel_8th_pre_bid"": ""+72400"", ""sel_7th_pre_req_pre"": ""0"", ""sel_7th_pre_req"": ""17"", ""sel_7th_pre_bid"": ""+72200"", ""sel_6th_pre_req_pre"": ""0"", ""sel_6th_pre_req"": ""16"", ""sel_6th_pre_bid"": ""-71900"", ""sel_5th_pre_req_pre"": ""0"", ""sel_5th_pre_req"": ""14"", ""sel_5th_pre_bid"": ""-71800"", ""sel_4th_pre_req_pre"": ""0"", ""sel_4th_pre_req"": ""960"", ""sel_4th_pre_bid"": ""-71700"", ""sel_3th_pre_req_pre"": ""0"", ""sel_3th_pre_req"": ""19"", ""sel_3th_pre_bid"": ""-71600"", ""sel_2th_pre_req_pre"": ""0"", ""sel_2th_pre_req"": ""56"", ""sel_2th_pre_bid"": ""-71500"", ""sel_1th_pre_req_pre"": ""--1"", ""sel_fpr_req"": ""56"", ""sel_fpr_bid"": ""-71400"", ""buy_fpr_bid"": ""-71300"", ""buy_fpr_req"": ""135"", ""buy_1th_pre_req_pre"": ""0"", ""buy_2th_pre_bid"": ""-71100"", ""buy_2th_pre_req"": ""21"", ""buy_2th_pre_req_pre"": ""0"", ""buy_3th_pre_bid"": ""-71000"", ""buy_3th_pre_req"": ""95"", ""buy_3th_pre_req_pre"": ""0"", ""buy_4th_pre_bid"": ""-70900"", ""buy_4th_pre_req"": ""56"", ""buy_4th_pre_req_pre"": ""0"", ""buy_5th_pre_bid"": ""-70800"", ""buy_5th_pre_req"": ""71"", ""buy_5th_pre_req_pre"": ""0"", ""buy_6th_pre_bid"": ""-70700"", ""buy_6th_pre_req"": ""98"", ""buy_6th_pre_req_pre"": ""0"", ""buy_7th_pre_bid"": ""-70600"", ""buy_7th_pre_req"": ""86"", ""buy_7th_pre_req_pre"": ""0"", ""buy_8th_pre_bid"": ""-70500"", ""buy_8th_pre_req"": ""181"", ""buy_8th_pre_req_pre"": ""0"", ""buy_9th_pre_bid"": ""-70400"", ""buy_9th_pre_req"": ""93"", ""buy_9th_pre_req_pre"": ""0"", ""buy_10th_pre_bid"": ""-70300"", ""buy_10th_pre_req"": ""93"", ""buy_10th_pre_req_pre"": ""0"", ""tot_sel_req_jub_pre"": ""--1"", ""tot_sel_req"": ""1371"", ""tot_buy_req"": ""929"", ""tot_buy_req_jub_pre"": ""0"", ""ovt_sel_req_pre"": ""0"", ""ovt_sel_req"": ""0"", ""ovt_buy_req"": ""0"", ""ovt_buy_req_pre"": ""0"", ""return_code"": 0, ""return_msg"": ""정상적으로 처리되었습니다""}"
2026-06-10,watchlist,000430,,0,filtered_candidate_recheck,5730,,5730,5720,5730,5750,0.17452006980802792,0.17452006980802792,,,,,,"{""bid_req_base_tm"": ""102922"", ""sel_10th_pre_req_pre"": ""0"", ""sel_10th_pre_req"": ""1656"", ""sel_10th_pre_bid"": ""-5830"", ""sel_9th_pre_req_pre"": ""0"", ""sel_9th_pre_req"": ""1479"", ""sel_9th_pre_bid"": ""-5820"", ""sel_8th_pre_req_pre"": ""0"", ""sel_8th_pre_req"": ""1693"", ""sel_8th_pre_bid"": ""-5810"", ""sel_7th_pre_req_pre"": ""0"", ""sel_7th_pre_req"": ""1120"", ""sel_7th_pre_bid"": ""-5800"", ""sel_6th_pre_req_pre"": ""0"", ""sel_6th_pre_req"": ""1059"", ""sel_6th_pre_bid"": ""-5790"", ""sel_5th_pre_req_pre"": ""0"", ""sel_5th_pre_req"": ""847"", ""sel_5th_pre_bid"": ""-5780"", ""sel_4th_pre_req_pre"": ""0"", ""sel_4th_pre_req"": ""143"", ""sel_4th_pre_bid"": ""-5760"", ""sel_3th_pre_req_pre"": ""0"", ""sel_3th_pre_req"": ""64"", ""sel_3th_pre_bid"": ""-5750"", ""sel_2th_pre_req_pre"": ""0"", ""sel_2th_pre_req"": ""949"", ""sel_2th_pre_bid"": ""-5740"", ""sel_1th_pre_req_pre"": ""0"", ""sel_fpr_req"": ""482"", ""sel_fpr_bid"": ""-5730"", ""buy_fpr_bid"": ""-5720"", ""buy_fpr_req"": ""10"", ""buy_1th_pre_req_pre"": ""0"", ""buy_2th_pre_bid"": ""-5710"", ""buy_2th_pre_req"": ""1185"", ""buy_2th_pre_req_pre"": ""0"", ""buy_3th_pre_bid"": ""-5700"", ""buy_3th_pre_req"": ""4029"", ""buy_3th_pre_req_pre"": ""0"", ""buy_4th_pre_bid"": ""-5690"", ""buy_4th_pre_req"": ""3476"", ""buy_4th_pre_req_pre"": ""0"", ""buy_5th_pre_bid"": ""-5680"", ""buy_5th_pre_req"": ""5087"", ""buy_5th_pre_req_pre"": ""0"", ""buy_6th_pre_bid"": ""-5670"", ""buy_6th_pre_req"": ""6575"", ""buy_6th_pre_req_pre"": ""0"", ""buy_7th_pre_bid"": ""-5660"", ""buy_7th_pre_req"": ""7444"", ""buy_7th_pre_req_pre"": ""0"", ""buy_8th_pre_bid"": ""-5650"", ""buy_8th_pre_req"": ""9995"", ""buy_8th_pre_req_pre"": ""0"", ""buy_9th_pre_bid"": ""-5640"", ""buy_9th_pre_req"": ""2376"", ""buy_9th_pre_req_pre"": ""0"", ""buy_10th_pre_bid"": ""-5630"", ""buy_10th_pre_req"": ""1306"", ""buy_10th_pre_req_pre"": ""0"", ""tot_sel_req_jub_pre"": ""0"", ""tot_sel_req"": ""9492"", ""tot_buy_req"": ""41483"", ""tot_buy_req_jub_pre"": ""0"", ""ovt_sel_req_pre"": ""0"", ""ovt_sel_req"": ""0"", ""ovt_buy_req"": ""0"", ""ovt_buy_req_pre"": ""0"", ""return_code"": 0, ""return_msg"": ""정상적으로 처리되었습니다""}"
2026-06-10,watchlist,307950,,0,filtered_candidate_recheck,716000,,716000,714000,716000,714000,-0.41899441340782123,0.27932960893854747,,,,,,"{""bid_req_base_tm"": ""102927"", ""sel_10th_pre_req_pre"": ""0"", ""sel_10th_pre_req"": ""95"", ""sel_10th_pre_bid"": ""+725000"", ""sel_9th_pre_req_pre"": ""0"", ""sel_9th_pre_req"": ""143"", ""sel_9th_pre_bid"": ""+724000"", ""sel_8th_pre_req_pre"": ""0"", ""sel_8th_pre_req"": ""48"", ""sel_8th_pre_bid"": ""+723000"", ""sel_7th_pre_req_pre"": ""0"", ""sel_7th_pre_req"": ""54"", ""sel_7th_pre_bid"": ""+722000"", ""sel_6th_pre_req_pre"": ""0"", ""sel_6th_pre_req"": ""167"", ""sel_6th_pre_bid"": ""+721000"", ""sel_5th_pre_req_pre"": ""0"", ""sel_5th_pre_req"": ""168"", ""sel_5th_pre_bid"": ""+720000"", ""sel_4th_pre_req_pre"": ""0"", ""sel_4th_pre_req"": ""169"", ""sel_4th_pre_bid"": ""+719000"", ""sel_3th_pre_req_pre"": ""0"", ""sel_3th_pre_req"": ""205"", ""sel_3th_pre_bid"": ""+718000"", ""sel_2th_pre_req_pre"": ""0"", ""sel_2th_pre_req"": ""83"", ""sel_2th_pre_bid"": ""+717000"", ""sel_1th_pre_req_pre"": ""0"", ""sel_fpr_req"": ""71"", ""sel_fpr_bid"": ""+716000"", ""buy_fpr_bid"": ""+714000"", ""buy_fpr_req"": ""97"", ""buy_1th_pre_req_pre"": ""0"", ""buy_2th_pre_bid"": ""+713000"", ""buy_2th_pre_req"": ""25"", ""buy_2th_pre_req_pre"": ""0"", ""buy_3th_pre_bid"": ""+712000"", ""buy_3th_pre_req"": ""25"", ""buy_3th_pre_req_pre"": ""0"", ""buy_4th_pre_bid"": ""+711000"", ""buy_4th_pre_req"": ""161"", ""buy_4th_pre_req_pre"": ""0"", ""buy_5th_pre_bid"": ""+710000"", ""buy_5th_pre_req"": ""108"", ""buy_5th_pre_req_pre"": ""0"", ""buy_6th_pre_bid"": ""+709000"", ""buy_6th_pre_req"": ""252"", ""buy_6th_pre_req_pre"": ""0"", ""buy_7th_pre_bid"": ""+708000"", ""buy_7th_pre_req"": ""83"", ""buy_7th_pre_req_pre"": ""0"", ""buy_8th_pre_bid"": ""+707000"", ""buy_8th_pre_req"": ""63"", ""buy_8th_pre_req_pre"": ""0"", ""buy_9th_pre_bid"": ""+706000"", ""buy_9th_pre_req"": ""22"", ""buy_9th_pre_req_pre"": ""0"", ""buy_10th_pre_bid"": ""+705000"", ""buy_10th_pre_req"": ""106"", ""buy_10th_pre_req_pre"": ""0"", ""tot_sel_req_jub_pre"": ""0"", ""tot_sel_req"": ""1203"", ""tot_buy_req"": ""942"", ""tot_buy_req_jub_pre"": ""0"", ""ovt_sel_req_pre"": ""0"", ""ovt_sel_req"": ""0"", ""ovt_buy_req"": ""0"", ""ovt_buy_req_pre"": ""0"", ""return_code"": 0, ""return_msg"": ""정상적으로 처리되었습니다""}"
2026-06-10,watchlist,114090,,0,filtered_candidate_recheck,12060,,12060,12030,12060,12100,-0.08291873963515754,0.24875621890547264,,,,,,"{""bid_req_base_tm"": ""102918"", ""sel_10th_pre_req_pre"": ""0"", ""sel_10th_pre_req"": ""431"", ""sel_10th_pre_bid"": ""+12200"", ""sel_9th_pre_req_pre"": ""0"", ""sel_9th_pre_req"": ""349"", ""sel_9th_pre_bid"": ""+12190"", ""sel_8th_pre_req_pre"": ""0"", ""sel_8th_pre_req"": ""76"", ""sel_8th_pre_bid"": ""+12180"", ""sel_7th_pre_req_pre"": ""0"", ""sel_7th_pre_req"": ""12"", ""sel_7th_pre_bid"": ""+12170"", ""sel_6th_pre_req_pre"": ""0"", ""sel_6th_pre_req"": ""1069"", ""sel_6th_pre_bid"": ""+12150"", ""sel_5th_pre_req_pre"": ""0"", ""sel_5th_pre_req"": ""32"", ""sel_5th_pre_bid"": ""+12140"", ""sel_4th_pre_req_pre"": ""0"", ""sel_4th_pre_req"": ""470"", ""sel_4th_pre_bid"": ""+12130"", ""sel_3th_pre_req_pre"": ""0"", ""sel_3th_pre_req"": ""55"", ""sel_3th_pre_bid"": ""+12120"", ""sel_2th_pre_req_pre"": ""0"", ""sel_2th_pre_req"": ""10"", ""sel_2th_pre_bid"": ""+12110"", ""sel_1th_pre_req_pre"": ""+1"", ""sel_fpr_req"": ""45"", ""sel_fpr_bid"": ""+12060"", ""buy_fpr_bid"": ""+12030"", ""buy_fpr_req"": ""139"", ""buy_1th_pre_req_pre"": ""0"", ""buy_2th_pre_bid"": ""+12020"", ""buy_2th_pre_req"": ""508"", ""buy_2th_pre_req_pre"": ""0"", ""buy_3th_pre_bid"": ""+12010"", ""buy_3th_pre_req"": ""5289"", ""buy_3th_pre_req_pre"": ""0"", ""buy_4th_pre_bid"": ""+12000"", ""buy_4th_pre_req"": ""493"", ""buy_4th_pre_req_pre"": ""0"", ""buy_5th_pre_bid"": ""+11990"", ""buy_5th_pre_req"": ""130"", ""buy_5th_pre_req_pre"": ""0"", ""buy_6th_pre_bid"": ""+11980"", ""buy_6th_pre_req"": ""340"", ""buy_6th_pre_req_pre"": ""0"", ""buy_7th_pre_bid"": ""+11970"", ""buy_7th_pre_req"": ""63"", ""buy_7th_pre_req_pre"": ""0"", ""buy_8th_pre_bid"": ""11950"", ""buy_8th_pre_req"": ""350"", ""buy_8th_pre_req_pre"": ""0"", ""buy_9th_pre_bid"": ""-11900"", ""buy_9th_pre_req"": ""147"", ""buy_9th_pre_req_pre"": ""0"", ""buy_10th_pre_bid"": ""-11850"", ""buy_10th_pre_req"": ""30"", ""buy_10th_pre_req_pre"": ""0"", ""tot_sel_req_jub_pre"": ""+1"", ""tot_sel_req"": ""2549"", ""tot_buy_req"": ""7489"", ""tot_buy_req_jub_pre"": ""0"", ""ovt_sel_req_pre"": ""0"", ""ovt_sel_req"": ""0"", ""ovt_buy_req"": ""0"", ""ovt_buy_req_pre"": ""0"", ""return_code"": 0, ""return_msg"": ""정상적으로 처리되었습니다""}"
2026-06-10,watchlist,281820,,0,filtered_candidate_recheck,67400,,67400,67200,67400,67400,-0.1483679525222552,0.2967359050445104,,,,,,"{""bid_req_base_tm"": ""102920"", ""sel_10th_pre_req_pre"": ""0"", ""sel_10th_pre_req"": ""178"", ""sel_10th_pre_bid"": ""+68500"", ""sel_9th_pre_req_pre"": ""0"", ""sel_9th_pre_req"": ""233"", ""sel_9th_pre_bid"": ""+68400"", ""sel_8th_pre_req_pre"": ""0"", ""sel_8th_pre_req"": ""55"", ""sel_8th_pre_bid"": ""+68300"", ""sel_7th_pre_req_pre"": ""0"", ""sel_7th_pre_req"": ""42"", ""sel_7th_pre_bid"": ""+68200"", ""sel_6th_pre_req_pre"": ""0"", ""sel_6th_pre_req"": ""17"", ""sel_6th_pre_bid"": ""+68100"", ""sel_5th_pre_req_pre"": ""0"", ""sel_5th_pre_req"": ""136"", ""sel_5th_pre_bid"": ""+68000"", ""sel_4th_pre_req_pre"": ""0"", ""sel_4th_pre_req"": ""84"", ""sel_4th_pre_bid"": ""+67900"", ""sel_3th_pre_req_pre"": ""0"", ""sel_3th_pre_req"": ""5"", ""sel_3th_pre_bid"": ""+67800"", ""sel_2th_pre_req_pre"": ""0"", ""sel_2th_pre_req"": ""36"", ""sel_2th_pre_bid"": ""+67500"", ""sel_1th_pre_req_pre"": ""--1"", ""sel_fpr_req"": ""73"", ""sel_fpr_bid"": ""+67400"", ""buy_fpr_bid"": ""+67200"", ""buy_fpr_req"": ""52"", ""buy_1th_pre_req_pre"": ""0"", ""buy_2th_pre_bid"": ""+67100"", ""buy_2th_pre_req"": ""49"", ""buy_2th_pre_req_pre"": ""0"", ""buy_3th_pre_bid"": ""+67000"", ""buy_3th_pre_req"": ""145"", ""buy_3th_pre_req_pre"": ""0"", ""buy_4th_pre_bid"": ""+66900"", ""buy_4th_pre_req"": ""179"", ""buy_4th_pre_req_pre"": ""0"", ""buy_5th_pre_bid"": ""+66800"", ""buy_5th_pre_req"": ""38"", ""buy_5th_pre_req_pre"": ""0"", ""buy_6th_pre_bid"": ""+66700"", ""buy_6th_pre_req"": ""254"", ""buy_6th_pre_req_pre"": ""0"", ""buy_7th_pre_bid"": ""+66600"", ""buy_7th_pre_req"": ""32"", ""buy_7th_pre_req_pre"": ""0"", ""buy_8th_pre_bid"": ""+66500"", ""buy_8th_pre_req"": ""105"", ""buy_8th_pre_req_pre"": ""0"", ""buy_9th_pre_bid"": ""66400"", ""buy_9th_pre_req"": ""117"", ""buy_9th_pre_req_pre"": ""0"", ""buy_10th_pre_bid"": ""-66300"", ""buy_10th_pre_req"": ""7"", ""buy_10th_pre_req_pre"": ""0"", ""tot_sel_req_jub_pre"": ""--1"", ""tot_sel_req"": ""859"", ""tot_buy_req"": ""978"", ""tot_buy_req_jub_pre"": ""0"", ""ovt_sel_req_pre"": ""0"", ""ovt_sel_req"": ""0"", ""ovt_buy_req"": ""0"", ""ovt_buy_req_pre"": ""0"", ""return_code"": 0, ""return_msg"": ""정상적으로 처리되었습니다""}"
2026-06-10,watchlist,489790,,0,filtered_candidate_recheck,69700,,69700,69600,69700,69700,-0.1434720229555237,0.1434720229555237,,,,,,"{""bid_req_base_tm"": ""102926"", ""sel_10th_pre_req_pre"": ""0"", ""sel_10th_pre_req"": ""177"", ""sel_10th_pre_bid"": ""+70600"", ""sel_9th_pre_req_pre"": ""0"", ""sel_9th_pre_req"": ""365"", ""sel_9th_pre_bid"": ""+70500"", ""sel_8th_pre_req_pre"": ""0"", ""sel_8th_pre_req"": ""43"", ""sel_8th_pre_bid"": ""+70400"", ""sel_7th_pre_req_pre"": ""0"", ""sel_7th_pre_req"": ""91"", ""sel_7th_pre_bid"": ""+70300"", ""sel_6th_pre_req_pre"": ""0"", ""sel_6th_pre_req"": ""833"", ""sel_6th_pre_bid"": ""+70200"", ""sel_5th_pre_req_pre"": ""0"", ""sel_5th_pre_req"": ""4"", ""sel_5th_pre_bid"": ""+70100"", ""sel_4th_pre_req_pre"": ""0"", ""sel_4th_pre_req"": ""4"", ""sel_4th_pre_bid"": ""+70000"", ""sel_3th_pre_req_pre"": ""--15"", ""sel_3th_pre_req"": ""58"", ""sel_3th_pre_bid"": ""+69900"", ""sel_2th_pre_req_pre"": ""+1"", ""sel_2th_pre_req"": ""83"", ""sel_2th_pre_bid"": ""+69800"", ""sel_1th_pre_req_pre"": ""+1"", ""sel_fpr_req"": ""39"", ""sel_fpr_bid"": ""+69700"", ""buy_fpr_bid"": ""+69600"", ""buy_fpr_req"": ""54"", ""buy_1th_pre_req_pre"": ""0"", ""buy_2th_pre_bid"": ""+69500"", ""buy_2th_pre_req"": ""55"", ""buy_2th_pre_req_pre"": ""0"", ""buy_3th_pre_bid"": ""+69400"", ""buy_3th_pre_req"": ""185"", ""buy_3th_pre_req_pre"": ""0"", ""buy_4th_pre_bid"": ""+69300"", ""buy_4th_pre_req"": ""84"", ""buy_4th_pre_req_pre"": ""0"", ""buy_5th_pre_bid"": ""+69200"", ""buy_5th_pre_req"": ""226"", ""buy_5th_pre_req_pre"": ""0"", ""buy_6th_pre_bid"": ""+69100"", ""buy_6th_pre_req"": ""367"", ""buy_6th_pre_req_pre"": ""0"", ""buy_7th_pre_bid"": ""+69000"", ""buy_7th_pre_req"": ""710"", ""buy_7th_pre_req_pre"": ""0"", ""buy_8th_pre_bid"": ""+68900"", ""buy_8th_pre_req"": ""150"", ""buy_8th_pre_req_pre"": ""0"", ""buy_9th_pre_bid"": ""+68800"", ""buy_9th_pre_req"": ""65"", ""buy_9th_pre_req_pre"": ""0"", ""buy_10th_pre_bid"": ""+68700"", ""buy_10th_pre_req"": ""40"", ""buy_10th_pre_req_pre"": ""0"", ""tot_sel_req_jub_pre"": ""--13"", ""tot_sel_req"": ""1697"", ""tot_buy_req"": ""1936"", ""tot_buy_req_jub_pre"": ""0"", ""ovt_sel_req_pre"": ""0"", ""ovt_sel_req"": ""0"", ""ovt_buy_req"": ""0"", ""ovt_buy_req_pre"": ""0"", ""return_code"": 0, ""return_msg"": ""정상적으로 처리되었습니다""}"
2026-06-10,watchlist,092200,,0,filtered_candidate_recheck,9810,,9810,9800,9810,9840,0.20387359836901123,0.10193679918450561,,,,,,"{""bid_req_base_tm"": ""102924"", ""sel_10th_pre_req_pre"": ""0"", ""sel_10th_pre_req"": ""605"", ""sel_10th_pre_bid"": ""-9900"", ""sel_9th_pre_req_pre"": ""0"", ""sel_9th_pre_req"": ""1053"", ""sel_9th_pre_bid"": ""-9890"", ""sel_8th_pre_req_pre"": ""0"", ""sel_8th_pre_req"": ""1065"", ""sel_8th_pre_bid"": ""-9880"", ""sel_7th_pre_req_pre"": ""0"", ""sel_7th_pre_req"": ""308"", ""sel_7th_pre_bid"": ""-9870"", ""sel_6th_pre_req_pre"": ""0"", ""sel_6th_pre_req"": ""33"", ""sel_6th_pre_bid"": ""-9860"", ""sel_5th_pre_req_pre"": ""0"", ""sel_5th_pre_req"": ""361"", ""sel_5th_pre_bid"": ""-9850"", ""sel_4th_pre_req_pre"": ""0"", ""sel_4th_pre_req"": ""23"", ""sel_4th_pre_bid"": ""-9840"", ""sel_3th_pre_req_pre"": ""0"", ""sel_3th_pre_req"": ""21"", ""sel_3th_pre_bid"": ""-9830"", ""sel_2th_pre_req_pre"": ""0"", ""sel_2th_pre_req"": ""99"", ""sel_2th_pre_bid"": ""-9820"", ""sel_1th_pre_req_pre"": ""0"", ""sel_fpr_req"": ""107"", ""sel_fpr_bid"": ""-9810"", ""buy_fpr_bid"": ""-9800"", ""buy_fpr_req"": ""155"", ""buy_1th_pre_req_pre"": ""0"", ""buy_2th_pre_bid"": ""-9790"", ""buy_2th_pre_req"": ""4272"", ""buy_2th_pre_req_pre"": ""0"", ""buy_3th_pre_bid"": ""-9780"", ""buy_3th_pre_req"": ""218"", ""buy_3th_pre_req_pre"": ""0"", ""buy_4th_pre_bid"": ""-9760"", ""buy_4th_pre_req"": ""183"", ""buy_4th_pre_req_pre"": ""0"", ""buy_5th_pre_bid"": ""-9750"", ""buy_5th_pre_req"": ""113"", ""buy_5th_pre_req_pre"": ""0"", ""buy_6th_pre_bid"": ""-9740"", ""buy_6th_pre_req"": ""228"", ""buy_6th_pre_req_pre"": ""0"", ""buy_7th_pre_bid"": ""-9730"", ""buy_7th_pre_req"": ""302"", ""buy_7th_pre_req_pre"": ""0"", ""buy_8th_pre_bid"": ""-9720"", ""buy_8th_pre_req"": ""749"", ""buy_8th_pre_req_pre"": ""0"", ""buy_9th_pre_bid"": ""-9710"", ""buy_9th_pre_req"": ""1436"", ""buy_9th_pre_req_pre"": ""0"", ""buy_10th_pre_bid"": ""-9700"", ""buy_10th_pre_req"": ""1123"", ""buy_10th_pre_req_pre"": ""+5"", ""tot_sel_req_jub_pre"": ""0"", ""tot_sel_req"": ""3675"", ""tot_buy_req"": ""8779"", ""tot_buy_req_jub_pre"": ""+5"", ""ovt_sel_req_pre"": ""0"", ""ovt_sel_req"": ""0"", ""ovt_buy_req"": ""0"", ""ovt_buy_req_pre"": ""0"", ""return_code"": 0, ""return_msg"": ""정상적으로 처리되었습니다""}"
2026-06-10,watchlist,175330,,0,filtered_candidate_recheck,25600,,25600,25550,25600,25700,0.1953125,0.1953125,,,,,,"{""bid_req_base_tm"": ""102920"", ""sel_10th_pre_req_pre"": ""0"", ""sel_10th_pre_req"": ""809"", ""sel_10th_pre_bid"": ""+26050"", ""sel_9th_pre_req_pre"": ""0"", ""sel_9th_pre_req"": ""233"", ""sel_9th_pre_bid"": ""+26000"", ""sel_8th_pre_req_pre"": ""0"", ""sel_8th_pre_req"": ""142"", ""sel_8th_pre_bid"": ""+25950"", ""sel_7th_pre_req_pre"": ""0"", ""sel_7th_pre_req"": ""532"", ""sel_7th_pre_bid"": ""25900"", ""sel_6th_pre_req_pre"": ""0"", ""sel_6th_pre_req"": ""454"", ""sel_6th_pre_bid"": ""-25850"", ""sel_5th_pre_req_pre"": ""0"", ""sel_5th_pre_req"": ""158"", ""sel_5th_pre_bid"": ""-25800"", ""sel_4th_pre_req_pre"": ""0"", ""sel_4th_pre_req"": ""286"", ""sel_4th_pre_bid"": ""-25750"", ""sel_3th_pre_req_pre"": ""0"", ""sel_3th_pre_req"": ""124"", ""sel_3th_pre_bid"": ""-25700"", ""sel_2th_pre_req_pre"": ""0"", ""sel_2th_pre_req"": ""620"", ""sel_2th_pre_bid"": ""-25650"", ""sel_1th_pre_req_pre"": ""+135"", ""sel_fpr_req"": ""922"", ""sel_fpr_bid"": ""-25600"", ""buy_fpr_bid"": ""-25550"", ""buy_fpr_req"": ""648"", ""buy_1th_pre_req_pre"": ""0"", ""buy_2th_pre_bid"": ""-25500"", ""buy_2th_pre_req"": ""1052"", ""buy_2th_pre_req_pre"": ""0"", ""buy_3th_pre_bid"": ""-25450"", ""buy_3th_pre_req"": ""2097"", ""buy_3th_pre_req_pre"": ""0"", ""buy_4th_pre_bid"": ""-25400"", ""buy_4th_pre_req"": ""843"", ""buy_4th_pre_req_pre"": ""0"", ""buy_5th_pre_bid"": ""-25350"", ""buy_5th_pre_req"": ""381"", ""buy_5th_pre_req_pre"": ""0"", ""buy_6th_pre_bid"": ""-25300"", ""buy_6th_pre_req"": ""389"", ""buy_6th_pre_req_pre"": ""0"", ""buy_7th_pre_bid"": ""-25250"", ""buy_7th_pre_req"": ""423"", ""buy_7th_pre_req_pre"": ""0"", ""buy_8th_pre_bid"": ""-25200"", ""buy_8th_pre_req"": ""179"", ""buy_8th_pre_req_pre"": ""0"", ""buy_9th_pre_bid"": ""-25150"", ""buy_9th_pre_req"": ""768"", ""buy_9th_pre_req_pre"": ""0"", ""buy_10th_pre_bid"": ""-25100"", ""buy_10th_pre_req"": ""475"", ""buy_10th_pre_req_pre"": ""0"", ""tot_sel_req_jub_pre"": ""+135"", ""tot_sel_req"": ""4280"", ""tot_buy_req"": ""7255"", ""tot_buy_req_jub_pre"": ""0"", ""ovt_sel_req_pre"": ""0"", ""ovt_sel_req"": ""0"", ""ovt_buy_req"": ""0"", ""ovt_buy_req_pre"": ""0"", ""return_code"": 0, ""return_msg"": ""정상적으로 처리되었습니다""}"
2026-06-10,watchlist,069960,,0,filtered_candidate_recheck,165900,,165900,165800,165900,165500,-0.5424954792043399,0.06027727546714888,,,,,,"{""bid_req_base_tm"": ""102928"", ""sel_10th_pre_req_pre"": ""0"", ""sel_10th_pre_req"": ""5"", ""sel_10th_pre_bid"": ""+168000"", ""sel_9th_pre_req_pre"": ""0"", ""sel_9th_pre_req"": ""1"", ""sel_9th_pre_bid"": ""+167800"", ""sel_8th_pre_req_pre"": ""0"", ""sel_8th_pre_req"": ""1"", ""sel_8th_pre_bid"": ""+167500"", ""sel_7th_pre_req_pre"": ""0"", ""sel_7th_pre_req"": ""6"", ""sel_7th_pre_bid"": ""+167400"", ""sel_6th_pre_req_pre"": ""0"", ""sel_6th_pre_req"": ""1"", ""sel_6th_pre_bid"": ""+167100"", ""sel_5th_pre_req_pre"": ""0"", ""sel_5th_pre_req"": ""53"", ""sel_5th_pre_bid"": ""+167000"", ""sel_4th_pre_req_pre"": ""0"", ""sel_4th_pre_req"": ""95"", ""sel_4th_pre_bid"": ""-166700"", ""sel_3th_pre_req_pre"": ""0"", ""sel_3th_pre_req"": ""40"", ""sel_3th_pre_bid"": ""-166500"", ""sel_2th_pre_req_pre"": ""0"", ""sel_2th_pre_req"": ""2"", ""sel_2th_pre_bid"": ""-166400"", ""sel_1th_pre_req_pre"": ""--2"", ""sel_fpr_req"": ""9"", ""sel_fpr_bid"": ""-165900"", ""buy_fpr_bid"": ""-165800"", ""buy_fpr_req"": ""66"", ""buy_1th_pre_req_pre"": ""0"", ""buy_2th_pre_bid"": ""-165700"", ""buy_2th_pre_req"": ""19"", ""buy_2th_pre_req_pre"": ""+1"", ""buy_3th_pre_bid"": ""-165600"", ""buy_3th_pre_req"": ""1"", ""buy_3th_pre_req_pre"": ""0"", ""buy_4th_pre_bid"": ""-164700"", ""buy_4th_pre_req"": ""6"", ""buy_4th_pre_req_pre"": ""0"", ""buy_5th_pre_bid"": ""-164400"", ""buy_5th_pre_req"": ""16"", ""buy_5th_pre_req_pre"": ""0"", ""buy_6th_pre_bid"": ""-164300"", ""buy_6th_pre_req"": ""3"", ""buy_6th_pre_req_pre"": ""0"", ""buy_7th_pre_bid"": ""-164200"", ""buy_7th_pre_req"": ""40"", ""buy_7th_pre_req_pre"": ""0"", ""buy_8th_pre_bid"": ""-163900"", ""buy_8th_pre_req"": ""65"", ""buy_8th_pre_req_pre"": ""0"", ""buy_9th_pre_bid"": ""-163800"", ""buy_9th_pre_req"": ""2"", ""buy_9th_pre_req_pre"": ""0"", ""buy_10th_pre_bid"": ""-163500"", ""buy_10th_pre_req"": ""5"", ""buy_10th_pre_req_pre"": ""0"", ""tot_sel_req_jub_pre"": ""--2"", ""tot_sel_req"": ""213"", ""tot_buy_req"": ""223"", ""tot_buy_req_jub_pre"": ""+1"", ""ovt_sel_req_pre"": ""0"", ""ovt_sel_req"": ""0"", ""ovt_buy_req"": ""0"", ""ovt_buy_req_pre"": ""0"", ""return_code"": 0, ""return_msg"": ""정상적으로 처리되었습니다""}"
2026-06-10,watchlist,001450,,0,filtered_candidate_recheck,37750,,37750,37700,37750,37900,0.26490066225165565,0.13245033112582782,,,,,,"{""bid_req_base_tm"": ""102928"", ""sel_10th_pre_req_pre"": ""0"", ""sel_10th_pre_req"": ""24"", ""sel_10th_pre_bid"": ""+38250"", ""sel_9th_pre_req_pre"": ""0"", ""sel_9th_pre_req"": ""74"", ""sel_9th_pre_bid"": ""+38200"", ""sel_8th_pre_req_pre"": ""0"", ""sel_8th_pre_req"": ""3"", ""sel_8th_pre_bid"": ""+38150"", ""sel_7th_pre_req_pre"": ""0"", ""sel_7th_pre_req"": ""531"", ""sel_7th_pre_bid"": ""+38100"", ""sel_6th_pre_req_pre"": ""0"", ""sel_6th_pre_req"": ""52"", ""sel_6th_pre_bid"": ""+38000"", ""sel_5th_pre_req_pre"": ""0"", ""sel_5th_pre_req"": ""15"", ""sel_5th_pre_bid"": ""+37950"", ""sel_4th_pre_req_pre"": ""0"", ""sel_4th_pre_req"": ""211"", ""sel_4th_pre_bid"": ""+37900"", ""sel_3th_pre_req_pre"": ""0"", ""sel_3th_pre_req"": ""109"", ""sel_3th_pre_bid"": ""+37850"", ""sel_2th_pre_req_pre"": ""0"", ""sel_2th_pre_req"": ""25"", ""sel_2th_pre_bid"": ""+37800"", ""sel_1th_pre_req_pre"": ""0"", ""sel_fpr_req"": ""184"", ""sel_fpr_bid"": ""+37750"", ""buy_fpr_bid"": ""+37700"", ""buy_fpr_req"": ""176"", ""buy_1th_pre_req_pre"": ""+1"", ""buy_2th_pre_bid"": ""+37650"", ""buy_2th_pre_req"": ""710"", ""buy_2th_pre_req_pre"": ""0"", ""buy_3th_pre_bid"": ""+37600"", ""buy_3th_pre_req"": ""860"", ""buy_3th_pre_req_pre"": ""0"", ""buy_4th_pre_bid"": ""+37550"", ""buy_4th_pre_req"": ""891"", ""buy_4th_pre_req_pre"": ""0"", ""buy_5th_pre_bid"": ""+37500"", ""buy_5th_pre_req"": ""497"", ""buy_5th_pre_req_pre"": ""0"", ""buy_6th_pre_bid"": ""+37450"", ""buy_6th_pre_req"": ""551"", ""buy_6th_pre_req_pre"": ""0"", ""buy_7th_pre_bid"": ""+37400"", ""buy_7th_pre_req"": ""546"", ""buy_7th_pre_req_pre"": ""0"", ""buy_8th_pre_bid"": ""+37350"", ""buy_8th_pre_req"": ""155"", ""buy_8th_pre_req_pre"": ""0"", ""buy_9th_pre_bid"": ""+37300"", ""buy_9th_pre_req"": ""149"", ""buy_9th_pre_req_pre"": ""0"", ""buy_10th_pre_bid"": ""+37250"", ""buy_10th_pre_req"": ""114"", ""buy_10th_pre_req_pre"": ""0"", ""tot_sel_req_jub_pre"": ""0"", ""tot_sel_req"": ""1228"", ""tot_buy_req"": ""4649"", ""tot_buy_req_jub_pre"": ""+1"", ""ovt_sel_req_pre"": ""0"", ""ovt_sel_req"": ""0"", ""ovt_buy_req"": ""0"", ""ovt_buy_req_pre"": ""0"", ""return_code"": 0, ""return_msg"": ""정상적으로 처리되었습니다""}"
2026-06-10,watchlist,011070,,0,filtered_candidate_recheck,1097000,,1097000,1096000,1097000,1096000,-0.18231540565177756,0.09115770282588878,,,,,,"{""bid_req_base_tm"": ""102928"", ""sel_10th_pre_req_pre"": ""0"", ""sel_10th_pre_req"": ""28"", ""sel_10th_pre_bid"": ""-1106000"", ""sel_9th_pre_req_pre"": ""0"", ""sel_9th_pre_req"": ""352"", ""sel_9th_pre_bid"": ""-1105000"", ""sel_8th_pre_req_pre"": ""0"", ""sel_8th_pre_req"": ""48"", ""sel_8th_pre_bid"": ""-1104000"", ""sel_7th_pre_req_pre"": ""0"", ""sel_7th_pre_req"": ""46"", ""sel_7th_pre_bid"": ""-1103000"", ""sel_6th_pre_req_pre"": ""0"", ""sel_6th_pre_req"": ""43"", ""sel_6th_pre_bid"": ""-1102000"", ""sel_5th_pre_req_pre"": ""0"", ""sel_5th_pre_req"": ""30"", ""sel_5th_pre_bid"": ""-1101000"", ""sel_4th_pre_req_pre"": ""0"", ""sel_4th_pre_req"": ""88"", ""sel_4th_pre_bid"": ""-1100000"", ""sel_3th_pre_req_pre"": ""0"", ""sel_3th_pre_req"": ""54"", ""sel_3th_pre_bid"": ""-1099000"", ""sel_2th_pre_req_pre"": ""0"", ""sel_2th_pre_req"": ""52"", ""sel_2th_pre_bid"": ""-1098000"", ""sel_1th_pre_req_pre"": ""0"", ""sel_fpr_req"": ""78"", ""sel_fpr_bid"": ""-1097000"", ""buy_fpr_bid"": ""-1096000"", ""buy_fpr_req"": ""29"", ""buy_1th_pre_req_pre"": ""0"", ""buy_2th_pre_bid"": ""-1095000"", ""buy_2th_pre_req"": ""10"", ""buy_2th_pre_req_pre"": ""0"", ""buy_3th_pre_bid"": ""-1094000"", ""buy_3th_pre_req"": ""225"", ""buy_3th_pre_req_pre"": ""0"", ""buy_4th_pre_bid"": ""-1093000"", ""buy_4th_pre_req"": ""221"", ""buy_4th_pre_req_pre"": ""0"", ""buy_5th_pre_bid"": ""-1092000"", ""buy_5th_pre_req"": ""15"", ""buy_5th_pre_req_pre"": ""0"", ""buy_6th_pre_bid"": ""-1091000"", ""buy_6th_pre_req"": ""22"", ""buy_6th_pre_req_pre"": ""0"", ""buy_7th_pre_bid"": ""-1090000"", ""buy_7th_pre_req"": ""47"", ""buy_7th_pre_req_pre"": ""0"", ""buy_8th_pre_bid"": ""-1089000"", ""buy_8th_pre_req"": ""3"", ""buy_8th_pre_req_pre"": ""0"", ""buy_9th_pre_bid"": ""-1088000"", ""buy_9th_pre_req"": ""6"", ""buy_9th_pre_req_pre"": ""0"", ""buy_10th_pre_bid"": ""-1087000"", ""buy_10th_pre_req"": ""61"", ""buy_10th_pre_req_pre"": ""0"", ""tot_sel_req_jub_pre"": ""0"", ""tot_sel_req"": ""819"", ""tot_buy_req"": ""639"", ""tot_buy_req_jub_pre"": ""0"", ""ovt_sel_req_pre"": ""0"", ""ovt_sel_req"": ""0"", ""ovt_buy_req"": ""0"", ""ovt_buy_req_pre"": ""0"", ""return_code"": 0, ""return_msg"": ""정상적으로 처리되었습니다""}"
2026-06-10,scan_candidate,005930,,0,main_scan,307000,,307000,306500,307000,308500,0.32573289902280134,0.16286644951140067,,,,,,"{""bid_req_base_tm"": ""103110"", ""sel_10th_pre_req_pre"": ""0"", ""sel_10th_pre_req"": ""10356"", ""sel_10th_pre_bid"": ""-311500"", ""sel_9th_pre_req_pre"": ""0"", ""sel_9th_pre_req"": ""14323"", ""sel_9th_pre_bid"": ""-311000"", ""sel_8th_pre_req_pre"": ""0"", ""sel_8th_pre_req"": ""16669"", ""sel_8th_pre_bid"": ""-310500"", ""sel_7th_pre_req_pre"": ""--2"", ""sel_7th_pre_req"": ""12297"", ""sel_7th_pre_bid"": ""-310000"", ""sel_6th_pre_req_pre"": ""0"", ""sel_6th_pre_req"": ""6595"", ""sel_6th_pre_bid"": ""-309500"", ""sel_5th_pre_req_pre"": ""0"", ""sel_5th_pre_req"": ""6331"", ""sel_5th_pre_bid"": ""-309000"", ""sel_4th_pre_req_pre"": ""0"", ""sel_4th_pre_req"": ""8518"", ""sel_4th_pre_bid"": ""-308500"", ""sel_3th_pre_req_pre"": ""0"", ""sel_3th_pre_req"": ""22285"", ""sel_3th_pre_bid"": ""-308000"", ""sel_2th_pre_req_pre"": ""0"", ""sel_2th_pre_req"": ""13780"", ""sel_2th_pre_bid"": ""-307500"", ""sel_1th_pre_req_pre"": ""+271"", ""sel_fpr_req"": ""30710"", ""sel_fpr_bid"": ""-307000"", ""buy_fpr_bid"": ""-306500"", ""buy_fpr_req"": ""21048"", ""buy_1th_pre_req_pre"": ""+2"", ""buy_2th_pre_bid"": ""-306000"", ""buy_2th_pre_req"": ""72329"", ""buy_2th_pre_req_pre"": ""+2"", ""buy_3th_pre_bid"": ""-305500"", ""buy_3th_pre_req"": ""101603"", ""buy_3th_pre_req_pre"": ""0"", ""buy_4th_pre_bid"": ""-305000"", ""buy_4th_pre_req"": ""215964"", ""buy_4th_pre_req_pre"": ""0"", ""buy_5th_pre_bid"": ""-304500"", ""buy_5th_pre_req"": ""30426"", ""buy_5th_pre_req_pre"": ""0"", ""buy_6th_pre_bid"": ""-304000"", ""buy_6th_pre_req"": ""44763"", ""buy_6th_pre_req_pre"": ""--10"", ""buy_7th_pre_bid"": ""-303500"", ""buy_7th_pre_req"": ""39779"", ""buy_7th_pre_req_pre"": ""0"", ""buy_8th_pre_bid"": ""-303000"", ""buy_8th_pre_req"": ""75218"", ""buy_8th_pre_req_pre"": ""0"", ""buy_9th_pre_bid"": ""-302500"", ""buy_9th_pre_req"": ""47672"", ""buy_9th_pre_req_pre"": ""0"", ""buy_10th_pre_bid"": ""-302000"", ""buy_10th_pre_req"": ""48510"", ""buy_10th_pre_req_pre"": ""0"", ""tot_sel_req_jub_pre"": ""+269"", ""tot_sel_req"": ""141864"", ""tot_buy_req"": ""697312"", ""tot_buy_req_jub_pre"": ""--6"", ""ovt_sel_req_pre"": ""0"", ""ovt_sel_req"": ""0"", ""ovt_buy_req"": ""0"", ""ovt_buy_req_pre"": ""0"", ""return_code"": 0, ""return_msg"": ""정상적으로 처리되었습니다""}"
2026-06-10,scan_candidate,000660,,0,main_scan,2131000,,2131000,2130000,2131000,2135000,0.14077897700610043,0.04692632566870014,,,,,,"{""bid_req_base_tm"": ""103110"", ""sel_10th_pre_req_pre"": ""0"", ""sel_10th_pre_req"": ""10"", ""sel_10th_pre_bid"": ""-2140000"", ""sel_9th_pre_req_pre"": ""0"", ""sel_9th_pre_req"": ""2"", ""sel_9th_pre_bid"": ""-2139000"", ""sel_8th_pre_req_pre"": ""0"", ""sel_8th_pre_req"": ""2"", ""sel_8th_pre_bid"": ""-2138000"", ""sel_7th_pre_req_pre"": ""0"", ""sel_7th_pre_req"": ""44"", ""sel_7th_pre_bid"": ""-2137000"", ""sel_6th_pre_req_pre"": ""0"", ""sel_6th_pre_req"": ""155"", ""sel_6th_pre_bid"": ""-2136000"", ""sel_5th_pre_req_pre"": ""0"", ""sel_5th_pre_req"": ""198"", ""sel_5th_pre_bid"": ""-2135000"", ""sel_4th_pre_req_pre"": ""0"", ""sel_4th_pre_req"": ""109"", ""sel_4th_pre_bid"": ""-2134000"", ""sel_3th_pre_req_pre"": ""0"", ""sel_3th_pre_req"": ""150"", ""sel_3th_pre_bid"": ""-2133000"", ""sel_2th_pre_req_pre"": ""0"", ""sel_2th_pre_req"": ""704"", ""sel_2th_pre_bid"": ""-2132000"", ""sel_1th_pre_req_pre"": ""--2"", ""sel_fpr_req"": ""26"", ""sel_fpr_bid"": ""-2131000"", ""buy_fpr_bid"": ""-2130000"", ""buy_fpr_req"": ""1768"", ""buy_1th_pre_req_pre"": ""0"", ""buy_2th_pre_bid"": ""-2129000"", ""buy_2th_pre_req"": ""309"", ""buy_2th_pre_req_pre"": ""0"", ""buy_3th_pre_bid"": ""-2128000"", ""buy_3th_pre_req"": ""1508"", ""buy_3th_pre_req_pre"": ""0"", ""buy_4th_pre_bid"": ""-2127000"", ""buy_4th_pre_req"": ""238"", ""buy_4th_pre_req_pre"": ""0"", ""buy_5th_pre_bid"": ""-2126000"", ""buy_5th_pre_req"": ""227"", ""buy_5th_pre_req_pre"": ""0"", ""buy_6th_pre_bid"": ""-2125000"", ""buy_6th_pre_req"": ""485"", ""buy_6th_pre_req_pre"": ""+5"", ""buy_7th_pre_bid"": ""-2124000"", ""buy_7th_pre_req"": ""259"", ""buy_7th_pre_req_pre"": ""0"", ""buy_8th_pre_bid"": ""-2123000"", ""buy_8th_pre_req"": ""356"", ""buy_8th_pre_req_pre"": ""0"", ""buy_9th_pre_bid"": ""-2122000"", ""buy_9th_pre_req"": ""326"", ""buy_9th_pre_req_pre"": ""0"", ""buy_10th_pre_bid"": ""-2121000"", ""buy_10th_pre_req"": ""685"", ""buy_10th_pre_req_pre"": ""0"", ""tot_sel_req_jub_pre"": ""--2"", ""tot_sel_req"": ""1400"", ""tot_buy_req"": ""6161"", ""tot_buy_req_jub_pre"": ""+5"", ""ovt_sel_req_pre"": ""0"", ""ovt_sel_req"": ""0"", ""ovt_buy_req"": ""0"", ""ovt_buy_req_pre"": ""0"", ""return_code"": 0, ""return_msg"": ""정상적으로 처리되었습니다""}"
2026-06-10,scan_candidate,402340,,0,main_scan,1220000,,1220000,1219000,1220000,1216000,-0.4098360655737705,0.08196721311475409,,,,,,"{""bid_req_base_tm"": ""103110"", ""sel_10th_pre_req_pre"": ""0"", ""sel_10th_pre_req"": ""58"", ""sel_10th_pre_bid"": ""-1230000"", ""sel_9th_pre_req_pre"": ""0"", ""sel_9th_pre_req"": ""3"", ""sel_9th_pre_bid"": ""-1229000"", ""sel_8th_pre_req_pre"": ""0"", ""sel_8th_pre_req"": ""54"", ""sel_8th_pre_bid"": ""-1228000"", ""sel_7th_pre_req_pre"": ""0"", ""sel_7th_pre_req"": ""141"", ""sel_7th_pre_bid"": ""-1227000"", ""sel_6th_pre_req_pre"": ""0"", ""sel_6th_pre_req"": ""91"", ""sel_6th_pre_bid"": ""-1226000"", ""sel_5th_pre_req_pre"": ""0"", ""sel_5th_pre_req"": ""10"", ""sel_5th_pre_bid"": ""-1224000"", ""sel_4th_pre_req_pre"": ""0"", ""sel_4th_pre_req"": ""111"", ""sel_4th_pre_bid"": ""-1223000"", ""sel_3th_pre_req_pre"": ""0"", ""sel_3th_pre_req"": ""550"", ""sel_3th_pre_bid"": ""-1222000"", ""sel_2th_pre_req_pre"": ""0"", ""sel_2th_pre_req"": ""43"", ""sel_2th_pre_bid"": ""-1221000"", ""sel_1th_pre_req_pre"": ""0"", ""sel_fpr_req"": ""103"", ""sel_fpr_bid"": ""-1220000"", ""buy_fpr_bid"": ""-1219000"", ""buy_fpr_req"": ""37"", ""buy_1th_pre_req_pre"": ""0"", ""buy_2th_pre_bid"": ""-1218000"", ""buy_2th_pre_req"": ""106"", ""buy_2th_pre_req_pre"": ""+27"", ""buy_3th_pre_bid"": ""-1217000"", ""buy_3th_pre_req"": ""39"", ""buy_3th_pre_req_pre"": ""--27"", ""buy_4th_pre_bid"": ""-1216000"", ""buy_4th_pre_req"": ""31"", ""buy_4th_pre_req_pre"": ""0"", ""buy_5th_pre_bid"": ""-1215000"", ""buy_5th_pre_req"": ""227"", ""buy_5th_pre_req_pre"": ""0"", ""buy_6th_pre_bid"": ""-1214000"", ""buy_6th_pre_req"": ""31"", ""buy_6th_pre_req_pre"": ""0"", ""buy_7th_pre_bid"": ""-1213000"", ""buy_7th_pre_req"": ""39"", ""buy_7th_pre_req_pre"": ""0"", ""buy_8th_pre_bid"": ""-1212000"", ""buy_8th_pre_req"": ""30"", ""buy_8th_pre_req_pre"": ""0"", ""buy_9th_pre_bid"": ""-1211000"", ""buy_9th_pre_req"": ""51"", ""buy_9th_pre_req_pre"": ""0"", ""buy_10th_pre_bid"": ""-1210000"", ""buy_10th_pre_req"": ""88"", ""buy_10th_pre_req_pre"": ""0"", ""tot_sel_req_jub_pre"": ""0"", ""tot_sel_req"": ""1164"", ""tot_buy_req"": ""679"", ""tot_buy_req_jub_pre"": ""0"", ""ovt_sel_req_pre"": ""0"", ""ovt_sel_req"": ""0"", ""ovt_buy_req"": ""0"", ""ovt_buy_req_pre"": ""0"", ""return_code"": 0, ""return_msg"": ""정상적으로 처리되었습니다""}"
2026-06-10,scan_candidate,009150,,0,main_scan,1908000,,1908000,1907000,1908000,1911000,0.10482180293501049,0.052410901467505246,,,,,,"{""bid_req_base_tm"": ""103111"", ""sel_10th_pre_req_pre"": ""0"", ""sel_10th_pre_req"": ""204"", ""sel_10th_pre_bid"": ""-1918000"", ""sel_9th_pre_req_pre"": ""0"", ""sel_9th_pre_req"": ""109"", ""sel_9th_pre_bid"": ""-1917000"", ""sel_8th_pre_req_pre"": ""0"", ""sel_8th_pre_req"": ""50"", ""sel_8th_pre_bid"": ""-1916000"", ""sel_7th_pre_req_pre"": ""0"", ""sel_7th_pre_req"": ""53"", ""sel_7th_pre_bid"": ""-1915000"", ""sel_6th_pre_req_pre"": ""0"", ""sel_6th_pre_req"": ""11"", ""sel_6th_pre_bid"": ""-1914000"", ""sel_5th_pre_req_pre"": ""0"", ""sel_5th_pre_req"": ""49"", ""sel_5th_pre_bid"": ""-1912000"", ""sel_4th_pre_req_pre"": ""0"", ""sel_4th_pre_req"": ""166"", ""sel_4th_pre_bid"": ""-1911000"", ""sel_3th_pre_req_pre"": ""0"", ""sel_3th_pre_req"": ""46"", ""sel_3th_pre_bid"": ""-1910000"", ""sel_2th_pre_req_pre"": ""0"", ""sel_2th_pre_req"": ""5"", ""sel_2th_pre_bid"": ""-1909000"", ""sel_1th_pre_req_pre"": ""0"", ""sel_fpr_req"": ""113"", ""sel_fpr_bid"": ""-1908000"", ""buy_fpr_bid"": ""-1907000"", ""buy_fpr_req"": ""126"", ""buy_1th_pre_req_pre"": ""+14"", ""buy_2th_pre_bid"": ""-1906000"", ""buy_2th_pre_req"": ""172"", ""buy_2th_pre_req_pre"": ""0"", ""buy_3th_pre_bid"": ""-1905000"", ""buy_3th_pre_req"": ""544"", ""buy_3th_pre_req_pre"": ""0"", ""buy_4th_pre_bid"": ""-1904000"", ""buy_4th_pre_req"": ""125"", ""buy_4th_pre_req_pre"": ""0"", ""buy_5th_pre_bid"": ""-1903000"", ""buy_5th_pre_req"": ""86"", ""buy_5th_pre_req_pre"": ""0"", ""buy_6th_pre_bid"": ""-1902000"", ""buy_6th_pre_req"": ""73"", ""buy_6th_pre_req_pre"": ""0"", ""buy_7th_pre_bid"": ""-1901000"", ""buy_7th_pre_req"": ""166"", ""buy_7th_pre_req_pre"": ""0"", ""buy_8th_pre_bid"": ""-1900000"", ""buy_8th_pre_req"": ""314"", ""buy_8th_pre_req_pre"": ""0"", ""buy_9th_pre_bid"": ""-1899000"", ""buy_9th_pre_req"": ""78"", ""buy_9th_pre_req_pre"": ""0"", ""buy_10th_pre_bid"": ""-1898000"", ""buy_10th_pre_req"": ""81"", ""buy_10th_pre_req_pre"": ""0"", ""tot_sel_req_jub_pre"": ""0"", ""tot_sel_req"": ""806"", ""tot_buy_req"": ""1765"", ""tot_buy_req_jub_pre"": ""+14"", ""ovt_sel_req_pre"": ""0"", ""ovt_sel_req"": ""0"", ""ovt_buy_req"": ""0"", ""ovt_buy_req_pre"": ""0"", ""return_code"": 0, ""return_msg"": ""정상적으로 처리되었습니다""}"
2026-06-10,scan_candidate,032830,,0,main_scan,374000,,374000,373500,374000,372000,-0.6684491978609626,0.1336898395721925,,,,,,"{""bid_req_base_tm"": ""103111"", ""sel_10th_pre_req_pre"": ""0"", ""sel_10th_pre_req"": ""63"", ""sel_10th_pre_bid"": ""-378500"", ""sel_9th_pre_req_pre"": ""0"", ""sel_9th_pre_req"": ""24"", ""sel_9th_pre_bid"": ""-378000"", ""sel_8th_pre_req_pre"": ""0"", ""sel_8th_pre_req"": ""19"", ""sel_8th_pre_bid"": ""-377500"", ""sel_7th_pre_req_pre"": ""0"", ""sel_7th_pre_req"": ""18"", ""sel_7th_pre_bid"": ""-377000"", ""sel_6th_pre_req_pre"": ""0"", ""sel_6th_pre_req"": ""3"", ""sel_6th_pre_bid"": ""-376500"", ""sel_5th_pre_req_pre"": ""0"", ""sel_5th_pre_req"": ""373"", ""sel_5th_pre_bid"": ""-376000"", ""sel_4th_pre_req_pre"": ""0"", ""sel_4th_pre_req"": ""547"", ""sel_4th_pre_bid"": ""-375500"", ""sel_3th_pre_req_pre"": ""0"", ""sel_3th_pre_req"": ""53"", ""sel_3th_pre_bid"": ""-375000"", ""sel_2th_pre_req_pre"": ""0"", ""sel_2th_pre_req"": ""150"", ""sel_2th_pre_bid"": ""-374500"", ""sel_1th_pre_req_pre"": ""0"", ""sel_fpr_req"": ""543"", ""sel_fpr_bid"": ""-374000"", ""buy_fpr_bid"": ""-373500"", ""buy_fpr_req"": ""15"", ""buy_1th_pre_req_pre"": ""+1"", ""buy_2th_pre_bid"": ""-373000"", ""buy_2th_pre_req"": ""162"", ""buy_2th_pre_req_pre"": ""0"", ""buy_3th_pre_bid"": ""-372500"", ""buy_3th_pre_req"": ""96"", ""buy_3th_pre_req_pre"": ""0"", ""buy_4th_pre_bid"": ""-372000"", ""buy_4th_pre_req"": ""54"", ""buy_4th_pre_req_pre"": ""0"", ""buy_5th_pre_bid"": ""-371500"", ""buy_5th_pre_req"": ""40"", ""buy_5th_pre_req_pre"": ""0"", ""buy_6th_pre_bid"": ""-371000"", ""buy_6th_pre_req"": ""52"", ""buy_6th_pre_req_pre"": ""0"", ""buy_7th_pre_bid"": ""-370500"", ""buy_7th_pre_req"": ""77"", ""buy_7th_pre_req_pre"": ""0"", ""buy_8th_pre_bid"": ""-370000"", ""buy_8th_pre_req"": ""282"", ""buy_8th_pre_req_pre"": ""0"", ""buy_9th_pre_bid"": ""-369500"", ""buy_9th_pre_req"": ""46"", ""buy_9th_pre_req_pre"": ""0"", ""buy_10th_pre_bid"": ""-369000"", ""buy_10th_pre_req"": ""82"", ""buy_10th_pre_req_pre"": ""0"", ""tot_sel_req_jub_pre"": ""0"", ""tot_sel_req"": ""1793"", ""tot_buy_req"": ""906"", ""tot_buy_req_jub_pre"": ""+1"", ""ovt_sel_req_pre"": ""0"", ""ovt_sel_req"": ""0"", ""ovt_buy_req"": ""0"", ""ovt_buy_req_pre"": ""0"", ""return_code"": 0, ""return_msg"": ""정상적으로 처리되었습니다""}"
2026-06-10,scan_candidate,012330,,0,main_scan,584000,,584000,583000,584000,584000,-0.17123287671232876,0.17123287671232876,,,,,,"{""bid_req_base_tm"": ""103111"", ""sel_10th_pre_req_pre"": ""0"", ""sel_10th_pre_req"": ""215"", ""sel_10th_pre_bid"": ""-593000"", ""sel_9th_pre_req_pre"": ""0"", ""sel_9th_pre_req"": ""613"", ""sel_9th_pre_bid"": ""-592000"", ""sel_8th_pre_req_pre"": ""0"", ""sel_8th_pre_req"": ""103"", ""sel_8th_pre_bid"": ""-591000"", ""sel_7th_pre_req_pre"": ""0"", ""sel_7th_pre_req"": ""434"", ""sel_7th_pre_bid"": ""-590000"", ""sel_6th_pre_req_pre"": ""0"", ""sel_6th_pre_req"": ""227"", ""sel_6th_pre_bid"": ""-589000"", ""sel_5th_pre_req_pre"": ""0"", ""sel_5th_pre_req"": ""110"", ""sel_5th_pre_bid"": ""-588000"", ""sel_4th_pre_req_pre"": ""0"", ""sel_4th_pre_req"": ""27"", ""sel_4th_pre_bid"": ""-587000"", ""sel_3th_pre_req_pre"": ""0"", ""sel_3th_pre_req"": ""154"", ""sel_3th_pre_bid"": ""-586000"", ""sel_2th_pre_req_pre"": ""--21"", ""sel_2th_pre_req"": ""372"", ""sel_2th_pre_bid"": ""-585000"", ""sel_1th_pre_req_pre"": ""+61"", ""sel_fpr_req"": ""461"", ""sel_fpr_bid"": ""-584000"", ""buy_fpr_bid"": ""-583000"", ""buy_fpr_req"": ""32"", ""buy_1th_pre_req_pre"": ""--19"", ""buy_2th_pre_bid"": ""-582000"", ""buy_2th_pre_req"": ""224"", ""buy_2th_pre_req_pre"": ""0"", ""buy_3th_pre_bid"": ""-581000"", ""buy_3th_pre_req"": ""403"", ""buy_3th_pre_req_pre"": ""0"", ""buy_4th_pre_bid"": ""-580000"", ""buy_4th_pre_req"": ""928"", ""buy_4th_pre_req_pre"": ""0"", ""buy_5th_pre_bid"": ""-579000"", ""buy_5th_pre_req"": ""336"", ""buy_5th_pre_req_pre"": ""0"", ""buy_6th_pre_bid"": ""-578000"", ""buy_6th_pre_req"": ""305"", ""buy_6th_pre_req_pre"": ""0"", ""buy_7th_pre_bid"": ""-577000"", ""buy_7th_pre_req"": ""461"", ""buy_7th_pre_req_pre"": ""0"", ""buy_8th_pre_bid"": ""-576000"", ""buy_8th_pre_req"": ""792"", ""buy_8th_pre_req_pre"": ""0"", ""buy_9th_pre_bid"": ""-575000"", ""buy_9th_pre_req"": ""1241"", ""buy_9th_pre_req_pre"": ""0"", ""buy_10th_pre_bid"": ""-574000"", ""buy_10th_pre_req"": ""645"", ""buy_10th_pre_req_pre"": ""0"", ""tot_sel_req_jub_pre"": ""+40"", ""tot_sel_req"": ""2716"", ""tot_buy_req"": ""5367"", ""tot_buy_req_jub_pre"": ""--19"", ""ovt_sel_req_pre"": ""0"", ""ovt_sel_req"": ""0"", ""ovt_buy_req"": ""0"", ""ovt_buy_req_pre"": ""0"", ""return_code"": 0, ""return_msg"": ""정상적으로 처리되었습니다""}"
2026-06-10,scan_candidate,055550,,0,main_scan,99700,,99700,99600,99700,99600,-0.20060180541624875,0.10030090270812438,,,,,,"{""bid_req_base_tm"": ""103111"", ""sel_10th_pre_req_pre"": ""0"", ""sel_10th_pre_req"": ""127"", ""sel_10th_pre_bid"": ""-100600"", ""sel_9th_pre_req_pre"": ""0"", ""sel_9th_pre_req"": ""1533"", ""sel_9th_pre_bid"": ""-100500"", ""sel_8th_pre_req_pre"": ""0"", ""sel_8th_pre_req"": ""1356"", ""sel_8th_pre_bid"": ""-100400"", ""sel_7th_pre_req_pre"": ""0"", ""sel_7th_pre_req"": ""402"", ""sel_7th_pre_bid"": ""-100300"", ""sel_6th_pre_req_pre"": ""0"", ""sel_6th_pre_req"": ""97"", ""sel_6th_pre_bid"": ""-100200"", ""sel_5th_pre_req_pre"": ""0"", ""sel_5th_pre_req"": ""153"", ""sel_5th_pre_bid"": ""-100100"", ""sel_4th_pre_req_pre"": ""0"", ""sel_4th_pre_req"": ""760"", ""sel_4th_pre_bid"": ""-100000"", ""sel_3th_pre_req_pre"": ""0"", ""sel_3th_pre_req"": ""166"", ""sel_3th_pre_bid"": ""-99900"", ""sel_2th_pre_req_pre"": ""0"", ""sel_2th_pre_req"": ""81"", ""sel_2th_pre_bid"": ""-99800"", ""sel_1th_pre_req_pre"": ""+7"", ""sel_fpr_req"": ""1742"", ""sel_fpr_bid"": ""-99700"", ""buy_fpr_bid"": ""-99600"", ""buy_fpr_req"": ""1615"", ""buy_1th_pre_req_pre"": ""0"", ""buy_2th_pre_bid"": ""-99500"", ""buy_2th_pre_req"": ""687"", ""buy_2th_pre_req_pre"": ""0"", ""buy_3th_pre_bid"": ""-99400"", ""buy_3th_pre_req"": ""990"", ""buy_3th_pre_req_pre"": ""0"", ""buy_4th_pre_bid"": ""-99300"", ""buy_4th_pre_req"": ""98"", ""buy_4th_pre_req_pre"": ""0"", ""buy_5th_pre_bid"": ""-99200"", ""buy_5th_pre_req"": ""194"", ""buy_5th_pre_req_pre"": ""0"", ""buy_6th_pre_bid"": ""-99100"", ""buy_6th_pre_req"": ""339"", ""buy_6th_pre_req_pre"": ""0"", ""buy_7th_pre_bid"": ""-99000"", ""buy_7th_pre_req"": ""395"", ""buy_7th_pre_req_pre"": ""0"", ""buy_8th_pre_bid"": ""-98900"", ""buy_8th_pre_req"": ""166"", ""buy_8th_pre_req_pre"": ""0"", ""buy_9th_pre_bid"": ""-98800"", ""buy_9th_pre_req"": ""157"", ""buy_9th_pre_req_pre"": ""0"", ""buy_10th_pre_bid"": ""-98700"", ""buy_10th_pre_req"": ""234"", ""buy_10th_pre_req_pre"": ""0"", ""tot_sel_req_jub_pre"": ""+7"", ""tot_sel_req"": ""6417"", ""tot_buy_req"": ""4875"", ""tot_buy_req_jub_pre"": ""0"", ""ovt_sel_req_pre"": ""0"", ""ovt_sel_req"": ""0"", ""ovt_buy_req"": ""0"", ""ovt_buy_req_pre"": ""0"", ""return_code"": 0, ""return_msg"": ""정상적으로 처리되었습니다""}"
2026-06-10,scan_candidate,034730,,0,main_scan,588000,,588000,587000,588000,586000,-0.5102040816326531,0.17006802721088435,,,,,,"{""bid_req_base_tm"": ""103110"", ""sel_10th_pre_req_pre"": ""0"", ""sel_10th_pre_req"": ""108"", ""sel_10th_pre_bid"": ""+597000"", ""sel_9th_pre_req_pre"": ""0"", ""sel_9th_pre_req"": ""209"", ""sel_9th_pre_bid"": ""+596000"", ""sel_8th_pre_req_pre"": ""0"", ""sel_8th_pre_req"": ""279"", ""sel_8th_pre_bid"": ""+595000"", ""sel_7th_pre_req_pre"": ""0"", ""sel_7th_pre_req"": ""296"", ""sel_7th_pre_bid"": ""594000"", ""sel_6th_pre_req_pre"": ""0"", ""sel_6th_pre_req"": ""96"", ""sel_6th_pre_bid"": ""-593000"", ""sel_5th_pre_req_pre"": ""0"", ""sel_5th_pre_req"": ""34"", ""sel_5th_pre_bid"": ""-592000"", ""sel_4th_pre_req_pre"": ""0"", ""sel_4th_pre_req"": ""12"", ""sel_4th_pre_bid"": ""-591000"", ""sel_3th_pre_req_pre"": ""0"", ""sel_3th_pre_req"": ""89"", ""sel_3th_pre_bid"": ""-590000"", ""sel_2th_pre_req_pre"": ""0"", ""sel_2th_pre_req"": ""73"", ""sel_2th_pre_bid"": ""-589000"", ""sel_1th_pre_req_pre"": ""0"", ""sel_fpr_req"": ""245"", ""sel_fpr_bid"": ""-588000"", ""buy_fpr_bid"": ""-587000"", ""buy_fpr_req"": ""83"", ""buy_1th_pre_req_pre"": ""+1"", ""buy_2th_pre_bid"": ""-586000"", ""buy_2th_pre_req"": ""42"", ""buy_2th_pre_req_pre"": ""0"", ""buy_3th_pre_bid"": ""-585000"", ""buy_3th_pre_req"": ""256"", ""buy_3th_pre_req_pre"": ""0"", ""buy_4th_pre_bid"": ""-584000"", ""buy_4th_pre_req"": ""18"", ""buy_4th_pre_req_pre"": ""0"", ""buy_5th_pre_bid"": ""-583000"", ""buy_5th_pre_req"": ""13"", ""buy_5th_pre_req_pre"": ""0"", ""buy_6th_pre_bid"": ""-582000"", ""buy_6th_pre_req"": ""90"", ""buy_6th_pre_req_pre"": ""0"", ""buy_7th_pre_bid"": ""-581000"", ""buy_7th_pre_req"": ""111"", ""buy_7th_pre_req_pre"": ""0"", ""buy_8th_pre_bid"": ""-580000"", ""buy_8th_pre_req"": ""114"", ""buy_8th_pre_req_pre"": ""0"", ""buy_9th_pre_bid"": ""-579000"", ""buy_9th_pre_req"": ""13"", ""buy_9th_pre_req_pre"": ""0"", ""buy_10th_pre_bid"": ""-578000"", ""buy_10th_pre_req"": ""122"", ""buy_10th_pre_req_pre"": ""0"", ""tot_sel_req_jub_pre"": ""0"", ""tot_sel_req"": ""1441"", ""tot_buy_req"": ""862"", ""tot_buy_req_jub_pre"": ""+1"", ""ovt_sel_req_pre"": ""0"", ""ovt_sel_req"": ""0"", ""ovt_buy_req"": ""0"", ""ovt_buy_req_pre"": ""0"", ""return_code"": 0, ""return_msg"": ""정상적으로 처리되었습니다""}"
2026-06-10,scan_candidate,066570,,0,main_scan,233000,,233000,232500,233000,234000,0.2145922746781116,0.2145922746781116,,,,,,"{""bid_req_base_tm"": ""103112"", ""sel_10th_pre_req_pre"": ""0"", ""sel_10th_pre_req"": ""1515"", ""sel_10th_pre_bid"": ""-237500"", ""sel_9th_pre_req_pre"": ""0"", ""sel_9th_pre_req"": ""1601"", ""sel_9th_pre_bid"": ""-237000"", ""sel_8th_pre_req_pre"": ""0"", ""sel_8th_pre_req"": ""1335"", ""sel_8th_pre_bid"": ""-236500"", ""sel_7th_pre_req_pre"": ""0"", ""sel_7th_pre_req"": ""2882"", ""sel_7th_pre_bid"": ""-236000"", ""sel_6th_pre_req_pre"": ""0"", ""sel_6th_pre_req"": ""2249"", ""sel_6th_pre_bid"": ""-235500"", ""sel_5th_pre_req_pre"": ""0"", ""sel_5th_pre_req"": ""3266"", ""sel_5th_pre_bid"": ""-235000"", ""sel_4th_pre_req_pre"": ""0"", ""sel_4th_pre_req"": ""1593"", ""sel_4th_pre_bid"": ""-234500"", ""sel_3th_pre_req_pre"": ""0"", ""sel_3th_pre_req"": ""1169"", ""sel_3th_pre_bid"": ""-234000"", ""sel_2th_pre_req_pre"": ""0"", ""sel_2th_pre_req"": ""1589"", ""sel_2th_pre_bid"": ""-233500"", ""sel_1th_pre_req_pre"": ""0"", ""sel_fpr_req"": ""6679"", ""sel_fpr_bid"": ""-233000"", ""buy_fpr_bid"": ""-232500"", ""buy_fpr_req"": ""4243"", ""buy_1th_pre_req_pre"": ""0"", ""buy_2th_pre_bid"": ""-232000"", ""buy_2th_pre_req"": ""2617"", ""buy_2th_pre_req_pre"": ""--1"", ""buy_3th_pre_bid"": ""-231500"", ""buy_3th_pre_req"": ""6247"", ""buy_3th_pre_req_pre"": ""+1"", ""buy_4th_pre_bid"": ""-231000"", ""buy_4th_pre_req"": ""10334"", ""buy_4th_pre_req_pre"": ""0"", ""buy_5th_pre_bid"": ""-230500"", ""buy_5th_pre_req"": ""15713"", ""buy_5th_pre_req_pre"": ""0"", ""buy_6th_pre_bid"": ""-230000"", ""buy_6th_pre_req"": ""40674"", ""buy_6th_pre_req_pre"": ""0"", ""buy_7th_pre_bid"": ""-229500"", ""buy_7th_pre_req"": ""5343"", ""buy_7th_pre_req_pre"": ""0"", ""buy_8th_pre_bid"": ""-229000"", ""buy_8th_pre_req"": ""7322"", ""buy_8th_pre_req_pre"": ""0"", ""buy_9th_pre_bid"": ""-228500"", ""buy_9th_pre_req"": ""7070"", ""buy_9th_pre_req_pre"": ""0"", ""buy_10th_pre_bid"": ""-228000"", ""buy_10th_pre_req"": ""11202"", ""buy_10th_pre_req_pre"": ""0"", ""tot_sel_req_jub_pre"": ""0"", ""tot_sel_req"": ""23878"", ""tot_buy_req"": ""110765"", ""tot_buy_req_jub_pre"": ""0"", ""ovt_sel_req_pre"": ""0"", ""ovt_sel_req"": ""0"", ""ovt_buy_req"": ""0"", ""ovt_buy_req_pre"": ""0"", ""return_code"": 0, ""return_msg"": ""정상적으로 처리되었습니다""}"
2026-06-10,scan_candidate,035420,,0,main_scan,236000,,236000,235500,236000,237500,0.423728813559322,0.211864406779661,,,,,,"{""bid_req_base_tm"": ""103112"", ""sel_10th_pre_req_pre"": ""0"", ""sel_10th_pre_req"": ""3385"", ""sel_10th_pre_bid"": ""-240500"", ""sel_9th_pre_req_pre"": ""0"", ""sel_9th_pre_req"": ""4109"", ""sel_9th_pre_bid"": ""-240000"", ""sel_8th_pre_req_pre"": ""0"", ""sel_8th_pre_req"": ""2893"", ""sel_8th_pre_bid"": ""-239500"", ""sel_7th_pre_req_pre"": ""0"", ""sel_7th_pre_req"": ""2615"", ""sel_7th_pre_bid"": ""-239000"", ""sel_6th_pre_req_pre"": ""0"", ""sel_6th_pre_req"": ""859"", ""sel_6th_pre_bid"": ""-238500"", ""sel_5th_pre_req_pre"": ""0"", ""sel_5th_pre_req"": ""2437"", ""sel_5th_pre_bid"": ""-238000"", ""sel_4th_pre_req_pre"": ""0"", ""sel_4th_pre_req"": ""4839"", ""sel_4th_pre_bid"": ""-237500"", ""sel_3th_pre_req_pre"": ""0"", ""sel_3th_pre_req"": ""1663"", ""sel_3th_pre_bid"": ""-237000"", ""sel_2th_pre_req_pre"": ""0"", ""sel_2th_pre_req"": ""1130"", ""sel_2th_pre_bid"": ""-236500"", ""sel_1th_pre_req_pre"": ""0"", ""sel_fpr_req"": ""2254"", ""sel_fpr_bid"": ""-236000"", ""buy_fpr_bid"": ""-235500"", ""buy_fpr_req"": ""3302"", ""buy_1th_pre_req_pre"": ""+13"", ""buy_2th_pre_bid"": ""-235000"", ""buy_2th_pre_req"": ""26038"", ""buy_2th_pre_req_pre"": ""0"", ""buy_3th_pre_bid"": ""-234500"", ""buy_3th_pre_req"": ""56546"", ""buy_3th_pre_req_pre"": ""0"", ""buy_4th_pre_bid"": ""-234000"", ""buy_4th_pre_req"": ""9625"", ""buy_4th_pre_req_pre"": ""0"", ""buy_5th_pre_bid"": ""-233500"", ""buy_5th_pre_req"": ""7811"", ""buy_5th_pre_req_pre"": ""0"", ""buy_6th_pre_bid"": ""-233000"", ""buy_6th_pre_req"": ""8917"", ""buy_6th_pre_req_pre"": ""0"", ""buy_7th_pre_bid"": ""-232500"", ""buy_7th_pre_req"": ""8845"", ""buy_7th_pre_req_pre"": ""0"", ""buy_8th_pre_bid"": ""-232000"", ""buy_8th_pre_req"": ""10763"", ""buy_8th_pre_req_pre"": ""0"", ""buy_9th_pre_bid"": ""-231500"", ""buy_9th_pre_req"": ""8896"", ""buy_9th_pre_req_pre"": ""0"", ""buy_10th_pre_bid"": ""-231000"", ""buy_10th_pre_req"": ""14519"", ""buy_10th_pre_req_pre"": ""0"", ""tot_sel_req_jub_pre"": ""0"", ""tot_sel_req"": ""26184"", ""tot_buy_req"": ""155262"", ""tot_buy_req_jub_pre"": ""+13"", ""ovt_sel_req_pre"": ""0"", ""ovt_sel_req"": ""0"", ""ovt_buy_req"": ""0"", ""ovt_buy_req_pre"": ""0"", ""return_code"": 0, ""return_msg"": ""정상적으로 처리되었습니다""}"
2026-06-10,scan_candidate,267260,,0,main_scan,1020000,,1020000,1019000,1020000,1019000,-0.19607843137254902,0.09803921568627451,,,,,,"{""bid_req_base_tm"": ""103112"", ""sel_10th_pre_req_pre"": ""0"", ""sel_10th_pre_req"": ""259"", ""sel_10th_pre_bid"": ""+1029000"", ""sel_9th_pre_req_pre"": ""0"", ""sel_9th_pre_req"": ""100"", ""sel_9th_pre_bid"": ""+1028000"", ""sel_8th_pre_req_pre"": ""0"", ""sel_8th_pre_req"": ""192"", ""sel_8th_pre_bid"": ""+1027000"", ""sel_7th_pre_req_pre"": ""0"", ""sel_7th_pre_req"": ""330"", ""sel_7th_pre_bid"": ""+1026000"", ""sel_6th_pre_req_pre"": ""0"", ""sel_6th_pre_req"": ""244"", ""sel_6th_pre_bid"": ""+1025000"", ""sel_5th_pre_req_pre"": ""0"", ""sel_5th_pre_req"": ""114"", ""sel_5th_pre_bid"": ""+1024000"", ""sel_4th_pre_req_pre"": ""0"", ""sel_4th_pre_req"": ""83"", ""sel_4th_pre_bid"": ""+1023000"", ""sel_3th_pre_req_pre"": ""0"", ""sel_3th_pre_req"": ""238"", ""sel_3th_pre_bid"": ""+1022000"", ""sel_2th_pre_req_pre"": ""0"", ""sel_2th_pre_req"": ""115"", ""sel_2th_pre_bid"": ""+1021000"", ""sel_1th_pre_req_pre"": ""--9"", ""sel_fpr_req"": ""98"", ""sel_fpr_bid"": ""+1020000"", ""buy_fpr_bid"": ""+1019000"", ""buy_fpr_req"": ""4"", ""buy_1th_pre_req_pre"": ""--1"", ""buy_2th_pre_bid"": ""+1018000"", ""buy_2th_pre_req"": ""417"", ""buy_2th_pre_req_pre"": ""0"", ""buy_3th_pre_bid"": ""+1017000"", ""buy_3th_pre_req"": ""414"", ""buy_3th_pre_req_pre"": ""0"", ""buy_4th_pre_bid"": ""+1016000"", ""buy_4th_pre_req"": ""45"", ""buy_4th_pre_req_pre"": ""0"", ""buy_5th_pre_bid"": ""+1015000"", ""buy_5th_pre_req"": ""535"", ""buy_5th_pre_req_pre"": ""0"", ""buy_6th_pre_bid"": ""+1014000"", ""buy_6th_pre_req"": ""109"", ""buy_6th_pre_req_pre"": ""0"", ""buy_7th_pre_bid"": ""+1013000"", ""buy_7th_pre_req"": ""25"", ""buy_7th_pre_req_pre"": ""0"", ""buy_8th_pre_bid"": ""+1012000"", ""buy_8th_pre_req"": ""26"", ""buy_8th_pre_req_pre"": ""0"", ""buy_9th_pre_bid"": ""+1011000"", ""buy_9th_pre_req"": ""51"", ""buy_9th_pre_req_pre"": ""0"", ""buy_10th_pre_bid"": ""+1010000"", ""buy_10th_pre_req"": ""43"", ""buy_10th_pre_req_pre"": ""0"", ""tot_sel_req_jub_pre"": ""--9"", ""tot_sel_req"": ""1773"", ""tot_buy_req"": ""1669"", ""tot_buy_req_jub_pre"": ""--1"", ""ovt_sel_req_pre"": ""0"", ""ovt_sel_req"": ""0"", ""ovt_buy_req"": ""0"", ""ovt_buy_req_pre"": ""0"", ""return_code"": 0, ""return_msg"": ""정상적으로 처리되었습니다""}"
2026-06-10,scan_candidate,086790,,0,main_scan,119300,,119300,119200,119300,119000,-0.6705783738474435,0.08382229673093043,,,,,,"{""bid_req_base_tm"": ""103111"", ""sel_10th_pre_req_pre"": ""0"", ""sel_10th_pre_req"": ""228"", ""sel_10th_pre_bid"": ""+120200"", ""sel_9th_pre_req_pre"": ""0"", ""sel_9th_pre_req"": ""188"", ""sel_9th_pre_bid"": ""+120100"", ""sel_8th_pre_req_pre"": ""0"", ""sel_8th_pre_req"": ""374"", ""sel_8th_pre_bid"": ""+120000"", ""sel_7th_pre_req_pre"": ""0"", ""sel_7th_pre_req"": ""61"", ""sel_7th_pre_bid"": ""+119900"", ""sel_6th_pre_req_pre"": ""0"", ""sel_6th_pre_req"": ""8"", ""sel_6th_pre_bid"": ""+119800"", ""sel_5th_pre_req_pre"": ""0"", ""sel_5th_pre_req"": ""1"", ""sel_5th_pre_bid"": ""+119700"", ""sel_4th_pre_req_pre"": ""--200"", ""sel_4th_pre_req"": ""17"", ""sel_4th_pre_bid"": ""+119600"", ""sel_3th_pre_req_pre"": ""--400"", ""sel_3th_pre_req"": ""202"", ""sel_3th_pre_bid"": ""+119500"", ""sel_2th_pre_req_pre"": ""+600"", ""sel_2th_pre_req"": ""688"", ""sel_2th_pre_bid"": ""+119400"", ""sel_1th_pre_req_pre"": ""0"", ""sel_fpr_req"": ""801"", ""sel_fpr_bid"": ""+119300"", ""buy_fpr_bid"": ""+119200"", ""buy_fpr_req"": ""518"", ""buy_1th_pre_req_pre"": ""0"", ""buy_2th_pre_bid"": ""+119100"", ""buy_2th_pre_req"": ""338"", ""buy_2th_pre_req_pre"": ""0"", ""buy_3th_pre_bid"": ""119000"", ""buy_3th_pre_req"": ""528"", ""buy_3th_pre_req_pre"": ""0"", ""buy_4th_pre_bid"": ""-118900"", ""buy_4th_pre_req"": ""62"", ""buy_4th_pre_req_pre"": ""0"", ""buy_5th_pre_bid"": ""-118800"", ""buy_5th_pre_req"": ""67"", ""buy_5th_pre_req_pre"": ""0"", ""buy_6th_pre_bid"": ""-118700"", ""buy_6th_pre_req"": ""86"", ""buy_6th_pre_req_pre"": ""0"", ""buy_7th_pre_bid"": ""-118600"", ""buy_7th_pre_req"": ""179"", ""buy_7th_pre_req_pre"": ""0"", ""buy_8th_pre_bid"": ""-118500"", ""buy_8th_pre_req"": ""187"", ""buy_8th_pre_req_pre"": ""0"", ""buy_9th_pre_bid"": ""-118400"", ""buy_9th_pre_req"": ""554"", ""buy_9th_pre_req_pre"": ""0"", ""buy_10th_pre_bid"": ""-118300"", ""buy_10th_pre_req"": ""836"", ""buy_10th_pre_req_pre"": ""0"", ""tot_sel_req_jub_pre"": ""0"", ""tot_sel_req"": ""2568"", ""tot_buy_req"": ""3355"", ""tot_buy_req_jub_pre"": ""0"", ""ovt_sel_req_pre"": ""0"", ""ovt_sel_req"": ""0"", ""ovt_buy_req"": ""0"", ""ovt_buy_req_pre"": ""0"", ""return_code"": 0, ""return_msg"": ""정상적으로 처리되었습니다""}"
2026-06-10,scan_candidate,298040,,0,main_scan,3561000,,3561000,3558000,3561000,3563000,0.02808199943836001,0.08424599831508003,,,,,,"{""bid_req_base_tm"": ""103110"", ""sel_10th_pre_req_pre"": ""0"", ""sel_10th_pre_req"": ""10"", ""sel_10th_pre_bid"": ""+3579000"", ""sel_9th_pre_req_pre"": ""0"", ""sel_9th_pre_req"": ""1"", ""sel_9th_pre_bid"": ""+3577000"", ""sel_8th_pre_req_pre"": ""0"", ""sel_8th_pre_req"": ""14"", ""sel_8th_pre_bid"": ""+3576000"", ""sel_7th_pre_req_pre"": ""0"", ""sel_7th_pre_req"": ""1"", ""sel_7th_pre_bid"": ""+3574000"", ""sel_6th_pre_req_pre"": ""0"", ""sel_6th_pre_req"": ""1"", ""sel_6th_pre_bid"": ""+3571000"", ""sel_5th_pre_req_pre"": ""0"", ""sel_5th_pre_req"": ""13"", ""sel_5th_pre_bid"": ""+3566000"", ""sel_4th_pre_req_pre"": ""0"", ""sel_4th_pre_req"": ""1"", ""sel_4th_pre_bid"": ""+3564000"", ""sel_3th_pre_req_pre"": ""0"", ""sel_3th_pre_req"": ""3"", ""sel_3th_pre_bid"": ""+3563000"", ""sel_2th_pre_req_pre"": ""--3"", ""sel_2th_pre_req"": ""52"", ""sel_2th_pre_bid"": ""+3562000"", ""sel_1th_pre_req_pre"": ""0"", ""sel_fpr_req"": ""22"", ""sel_fpr_bid"": ""+3561000"", ""buy_fpr_bid"": ""+3558000"", ""buy_fpr_req"": ""5"", ""buy_1th_pre_req_pre"": ""0"", ""buy_2th_pre_bid"": ""+3557000"", ""buy_2th_pre_req"": ""4"", ""buy_2th_pre_req_pre"": ""0"", ""buy_3th_pre_bid"": ""+3556000"", ""buy_3th_pre_req"": ""17"", ""buy_3th_pre_req_pre"": ""0"", ""buy_4th_pre_bid"": ""+3555000"", ""buy_4th_pre_req"": ""40"", ""buy_4th_pre_req_pre"": ""0"", ""buy_5th_pre_bid"": ""+3553000"", ""buy_5th_pre_req"": ""1"", ""buy_5th_pre_req_pre"": ""0"", ""buy_6th_pre_bid"": ""+3552000"", ""buy_6th_pre_req"": ""2"", ""buy_6th_pre_req_pre"": ""0"", ""buy_7th_pre_bid"": ""+3550000"", ""buy_7th_pre_req"": ""17"", ""buy_7th_pre_req_pre"": ""0"", ""buy_8th_pre_bid"": ""+3549000"", ""buy_8th_pre_req"": ""1"", ""buy_8th_pre_req_pre"": ""0"", ""buy_9th_pre_bid"": ""+3547000"", ""buy_9th_pre_req"": ""47"", ""buy_9th_pre_req_pre"": ""0"", ""buy_10th_pre_bid"": ""+3546000"", ""buy_10th_pre_req"": ""2"", ""buy_10th_pre_req_pre"": ""0"", ""tot_sel_req_jub_pre"": ""--3"", ""tot_sel_req"": ""118"", ""tot_buy_req"": ""136"", ""tot_buy_req_jub_pre"": ""0"", ""ovt_sel_req_pre"": ""0"", ""ovt_sel_req"": ""0"", ""ovt_buy_req"": ""0"", ""ovt_buy_req_pre"": ""0"", ""return_code"": 0, ""return_msg"": ""정상적으로 처리되었습니다""}"
2026-06-10,scan_candidate,000810,,0,main_scan,615000,,615000,613000,615000,610000,-0.975609756097561,0.3252032520325203,,,,,,"{""bid_req_base_tm"": ""103112"", ""sel_10th_pre_req_pre"": ""0"", ""sel_10th_pre_req"": ""11"", ""sel_10th_pre_bid"": ""-624000"", ""sel_9th_pre_req_pre"": ""0"", ""sel_9th_pre_req"": ""273"", ""sel_9th_pre_bid"": ""-623000"", ""sel_8th_pre_req_pre"": ""0"", ""sel_8th_pre_req"": ""21"", ""sel_8th_pre_bid"": ""-622000"", ""sel_7th_pre_req_pre"": ""0"", ""sel_7th_pre_req"": ""17"", ""sel_7th_pre_bid"": ""-621000"", ""sel_6th_pre_req_pre"": ""0"", ""sel_6th_pre_req"": ""7"", ""sel_6th_pre_bid"": ""-620000"", ""sel_5th_pre_req_pre"": ""0"", ""sel_5th_pre_req"": ""8"", ""sel_5th_pre_bid"": ""-619000"", ""sel_4th_pre_req_pre"": ""--1"", ""sel_4th_pre_req"": ""19"", ""sel_4th_pre_bid"": ""-618000"", ""sel_3th_pre_req_pre"": ""0"", ""sel_3th_pre_req"": ""11"", ""sel_3th_pre_bid"": ""-617000"", ""sel_2th_pre_req_pre"": ""0"", ""sel_2th_pre_req"": ""48"", ""sel_2th_pre_bid"": ""-616000"", ""sel_1th_pre_req_pre"": ""0"", ""sel_fpr_req"": ""426"", ""sel_fpr_bid"": ""-615000"", ""buy_fpr_bid"": ""-613000"", ""buy_fpr_req"": ""180"", ""buy_1th_pre_req_pre"": ""0"", ""buy_2th_pre_bid"": ""-612000"", ""buy_2th_pre_req"": ""22"", ""buy_2th_pre_req_pre"": ""0"", ""buy_3th_pre_bid"": ""-611000"", ""buy_3th_pre_req"": ""23"", ""buy_3th_pre_req_pre"": ""0"", ""buy_4th_pre_bid"": ""-610000"", ""buy_4th_pre_req"": ""67"", ""buy_4th_pre_req_pre"": ""0"", ""buy_5th_pre_bid"": ""-609000"", ""buy_5th_pre_req"": ""14"", ""buy_5th_pre_req_pre"": ""0"", ""buy_6th_pre_bid"": ""-608000"", ""buy_6th_pre_req"": ""36"", ""buy_6th_pre_req_pre"": ""0"", ""buy_7th_pre_bid"": ""-607000"", ""buy_7th_pre_req"": ""55"", ""buy_7th_pre_req_pre"": ""0"", ""buy_8th_pre_bid"": ""-606000"", ""buy_8th_pre_req"": ""21"", ""buy_8th_pre_req_pre"": ""0"", ""buy_9th_pre_bid"": ""-605000"", ""buy_9th_pre_req"": ""30"", ""buy_9th_pre_req_pre"": ""0"", ""buy_10th_pre_bid"": ""-604000"", ""buy_10th_pre_req"": ""24"", ""buy_10th_pre_req_pre"": ""0"", ""tot_sel_req_jub_pre"": ""--1"", ""tot_sel_req"": ""841"", ""tot_buy_req"": ""472"", ""tot_buy_req_jub_pre"": ""0"", ""ovt_sel_req_pre"": ""0"", ""ovt_sel_req"": ""0"", ""ovt_buy_req"": ""0"", ""ovt_buy_req_pre"": ""0"", ""return_code"": 0, ""return_msg"": ""정상적으로 처리되었습니다""}"
2026-06-10,scan_candidate,011070,,0,main_scan,1096000,,1096000,1092000,1096000,1095000,-0.18248175182481752,0.36496350364963503,,,,,,"{""bid_req_base_tm"": ""103113"", ""sel_10th_pre_req_pre"": ""0"", ""sel_10th_pre_req"": ""348"", ""sel_10th_pre_bid"": ""-1105000"", ""sel_9th_pre_req_pre"": ""0"", ""sel_9th_pre_req"": ""71"", ""sel_9th_pre_bid"": ""-1104000"", ""sel_8th_pre_req_pre"": ""0"", ""sel_8th_pre_req"": ""47"", ""sel_8th_pre_bid"": ""-1103000"", ""sel_7th_pre_req_pre"": ""0"", ""sel_7th_pre_req"": ""45"", ""sel_7th_pre_bid"": ""-1102000"", ""sel_6th_pre_req_pre"": ""0"", ""sel_6th_pre_req"": ""22"", ""sel_6th_pre_bid"": ""-1101000"", ""sel_5th_pre_req_pre"": ""0"", ""sel_5th_pre_req"": ""91"", ""sel_5th_pre_bid"": ""-1100000"", ""sel_4th_pre_req_pre"": ""0"", ""sel_4th_pre_req"": ""54"", ""sel_4th_pre_bid"": ""-1099000"", ""sel_3th_pre_req_pre"": ""+1"", ""sel_3th_pre_req"": ""33"", ""sel_3th_pre_bid"": ""-1098000"", ""sel_2th_pre_req_pre"": ""0"", ""sel_2th_pre_req"": ""13"", ""sel_2th_pre_bid"": ""-1097000"", ""sel_1th_pre_req_pre"": ""0"", ""sel_fpr_req"": ""10"", ""sel_fpr_bid"": ""-1096000"", ""buy_fpr_bid"": ""-1092000"", ""buy_fpr_req"": ""220"", ""buy_1th_pre_req_pre"": ""0"", ""buy_2th_pre_bid"": ""-1091000"", ""buy_2th_pre_req"": ""224"", ""buy_2th_pre_req_pre"": ""0"", ""buy_3th_pre_bid"": ""-1090000"", ""buy_3th_pre_req"": ""66"", ""buy_3th_pre_req_pre"": ""0"", ""buy_4th_pre_bid"": ""-1089000"", ""buy_4th_pre_req"": ""7"", ""buy_4th_pre_req_pre"": ""0"", ""buy_5th_pre_bid"": ""-1088000"", ""buy_5th_pre_req"": ""42"", ""buy_5th_pre_req_pre"": ""0"", ""buy_6th_pre_bid"": ""-1087000"", ""buy_6th_pre_req"": ""46"", ""buy_6th_pre_req_pre"": ""0"", ""buy_7th_pre_bid"": ""-1086000"", ""buy_7th_pre_req"": ""59"", ""buy_7th_pre_req_pre"": ""0"", ""buy_8th_pre_bid"": ""-1085000"", ""buy_8th_pre_req"": ""94"", ""buy_8th_pre_req_pre"": ""0"", ""buy_9th_pre_bid"": ""-1084000"", ""buy_9th_pre_req"": ""29"", ""buy_9th_pre_req_pre"": ""0"", ""buy_10th_pre_bid"": ""-1083000"", ""buy_10th_pre_req"": ""33"", ""buy_10th_pre_req_pre"": ""0"", ""tot_sel_req_jub_pre"": ""+1"", ""tot_sel_req"": ""734"", ""tot_buy_req"": ""820"", ""tot_buy_req_jub_pre"": ""0"", ""ovt_sel_req_pre"": ""0"", ""ovt_sel_req"": ""0"", ""ovt_buy_req"": ""0"", ""ovt_buy_req_pre"": ""0"", ""return_code"": 0, ""return_msg"": ""정상적으로 처리되었습니다""}"
2026-06-10,scan_candidate,042700,,0,main_scan,285500,,285500,285000,285500,286000,0.0,0.17513134851138354,,,,,,"{""bid_req_base_tm"": ""103113"", ""sel_10th_pre_req_pre"": ""0"", ""sel_10th_pre_req"": ""706"", ""sel_10th_pre_bid"": ""+290000"", ""sel_9th_pre_req_pre"": ""0"", ""sel_9th_pre_req"": ""278"", ""sel_9th_pre_bid"": ""+289500"", ""sel_8th_pre_req_pre"": ""0"", ""sel_8th_pre_req"": ""154"", ""sel_8th_pre_bid"": ""+289000"", ""sel_7th_pre_req_pre"": ""0"", ""sel_7th_pre_req"": ""12"", ""sel_7th_pre_bid"": ""+288500"", ""sel_6th_pre_req_pre"": ""0"", ""sel_6th_pre_req"": ""80"", ""sel_6th_pre_bid"": ""+288000"", ""sel_5th_pre_req_pre"": ""0"", ""sel_5th_pre_req"": ""59"", ""sel_5th_pre_bid"": ""+287500"", ""sel_4th_pre_req_pre"": ""0"", ""sel_4th_pre_req"": ""45"", ""sel_4th_pre_bid"": ""+287000"", ""sel_3th_pre_req_pre"": ""0"", ""sel_3th_pre_req"": ""23"", ""sel_3th_pre_bid"": ""+286500"", ""sel_2th_pre_req_pre"": ""0"", ""sel_2th_pre_req"": ""370"", ""sel_2th_pre_bid"": ""+286000"", ""sel_1th_pre_req_pre"": ""0"", ""sel_fpr_req"": ""766"", ""sel_fpr_bid"": ""+285500"", ""buy_fpr_bid"": ""+285000"", ""buy_fpr_req"": ""671"", ""buy_1th_pre_req_pre"": ""+1"", ""buy_2th_pre_bid"": ""+284500"", ""buy_2th_pre_req"": ""563"", ""buy_2th_pre_req_pre"": ""0"", ""buy_3th_pre_bid"": ""+284000"", ""buy_3th_pre_req"": ""343"", ""buy_3th_pre_req_pre"": ""0"", ""buy_4th_pre_bid"": ""+283500"", ""buy_4th_pre_req"": ""126"", ""buy_4th_pre_req_pre"": ""0"", ""buy_5th_pre_bid"": ""+283000"", ""buy_5th_pre_req"": ""284"", ""buy_5th_pre_req_pre"": ""0"", ""buy_6th_pre_bid"": ""+282500"", ""buy_6th_pre_req"": ""188"", ""buy_6th_pre_req_pre"": ""0"", ""buy_7th_pre_bid"": ""+282000"", ""buy_7th_pre_req"": ""449"", ""buy_7th_pre_req_pre"": ""0"", ""buy_8th_pre_bid"": ""+281500"", ""buy_8th_pre_req"": ""349"", ""buy_8th_pre_req_pre"": ""0"", ""buy_9th_pre_bid"": ""+281000"", ""buy_9th_pre_req"": ""797"", ""buy_9th_pre_req_pre"": ""0"", ""buy_10th_pre_bid"": ""+280500"", ""buy_10th_pre_req"": ""1062"", ""buy_10th_pre_req_pre"": ""0"", ""tot_sel_req_jub_pre"": ""0"", ""tot_sel_req"": ""2493"", ""tot_buy_req"": ""4832"", ""tot_buy_req_jub_pre"": ""+1"", ""ovt_sel_req_pre"": ""0"", ""ovt_sel_req"": ""0"", ""ovt_buy_req"": ""0"", ""ovt_buy_req_pre"": ""0"", ""return_code"": 0, ""return_msg"": ""정상적으로 처리되었습니다""}"
2026-06-10,scan_candidate,017670,,0,main_scan,108400,,108400,108300,108400,108000,-0.8302583025830259,0.09225092250922509,,,,,,"{""bid_req_base_tm"": ""103113"", ""sel_10th_pre_req_pre"": ""0"", ""sel_10th_pre_req"": ""650"", ""sel_10th_pre_bid"": ""+109300"", ""sel_9th_pre_req_pre"": ""0"", ""sel_9th_pre_req"": ""987"", ""sel_9th_pre_bid"": ""+109200"", ""sel_8th_pre_req_pre"": ""0"", ""sel_8th_pre_req"": ""1016"", ""sel_8th_pre_bid"": ""+109100"", ""sel_7th_pre_req_pre"": ""0"", ""sel_7th_pre_req"": ""2942"", ""sel_7th_pre_bid"": ""+109000"", ""sel_6th_pre_req_pre"": ""0"", ""sel_6th_pre_req"": ""1537"", ""sel_6th_pre_bid"": ""+108900"", ""sel_5th_pre_req_pre"": ""0"", ""sel_5th_pre_req"": ""723"", ""sel_5th_pre_bid"": ""+108800"", ""sel_4th_pre_req_pre"": ""0"", ""sel_4th_pre_req"": ""66"", ""sel_4th_pre_bid"": ""+108700"", ""sel_3th_pre_req_pre"": ""0"", ""sel_3th_pre_req"": ""523"", ""sel_3th_pre_bid"": ""+108600"", ""sel_2th_pre_req_pre"": ""0"", ""sel_2th_pre_req"": ""93"", ""sel_2th_pre_bid"": ""+108500"", ""sel_1th_pre_req_pre"": ""0"", ""sel_fpr_req"": ""444"", ""sel_fpr_bid"": ""+108400"", ""buy_fpr_bid"": ""+108300"", ""buy_fpr_req"": ""355"", ""buy_1th_pre_req_pre"": ""0"", ""buy_2th_pre_bid"": ""+108200"", ""buy_2th_pre_req"": ""581"", ""buy_2th_pre_req_pre"": ""0"", ""buy_3th_pre_bid"": ""108100"", ""buy_3th_pre_req"": ""1330"", ""buy_3th_pre_req_pre"": ""0"", ""buy_4th_pre_bid"": ""-108000"", ""buy_4th_pre_req"": ""953"", ""buy_4th_pre_req_pre"": ""0"", ""buy_5th_pre_bid"": ""-107900"", ""buy_5th_pre_req"": ""1524"", ""buy_5th_pre_req_pre"": ""0"", ""buy_6th_pre_bid"": ""-107800"", ""buy_6th_pre_req"": ""1217"", ""buy_6th_pre_req_pre"": ""0"", ""buy_7th_pre_bid"": ""-107700"", ""buy_7th_pre_req"": ""506"", ""buy_7th_pre_req_pre"": ""0"", ""buy_8th_pre_bid"": ""-107600"", ""buy_8th_pre_req"": ""971"", ""buy_8th_pre_req_pre"": ""0"", ""buy_9th_pre_bid"": ""-107500"", ""buy_9th_pre_req"": ""753"", ""buy_9th_pre_req_pre"": ""0"", ""buy_10th_pre_bid"": ""-107400"", ""buy_10th_pre_req"": ""176"", ""buy_10th_pre_req_pre"": ""0"", ""tot_sel_req_jub_pre"": ""0"", ""tot_sel_req"": ""8981"", ""tot_buy_req"": ""8366"", ""tot_buy_req_jub_pre"": ""0"", ""ovt_sel_req_pre"": ""0"", ""ovt_sel_req"": ""0"", ""ovt_buy_req"": ""0"", ""ovt_buy_req_pre"": ""0"", ""return_code"": 0, ""return_msg"": ""정상적으로 처리되었습니다""}"
2026-06-10,scan_candidate,316140,,0,main_scan,30050,,30050,30000,30050,29900,-0.6655574043261231,0.16638935108153077,,,,,,"{""bid_req_base_tm"": ""103112"", ""sel_10th_pre_req_pre"": ""0"", ""sel_10th_pre_req"": ""5132"", ""sel_10th_pre_bid"": ""+30500"", ""sel_9th_pre_req_pre"": ""0"", ""sel_9th_pre_req"": ""1134"", ""sel_9th_pre_bid"": ""+30450"", ""sel_8th_pre_req_pre"": ""0"", ""sel_8th_pre_req"": ""2736"", ""sel_8th_pre_bid"": ""+30400"", ""sel_7th_pre_req_pre"": ""0"", ""sel_7th_pre_req"": ""2250"", ""sel_7th_pre_bid"": ""+30350"", ""sel_6th_pre_req_pre"": ""0"", ""sel_6th_pre_req"": ""1550"", ""sel_6th_pre_bid"": ""+30300"", ""sel_5th_pre_req_pre"": ""0"", ""sel_5th_pre_req"": ""1449"", ""sel_5th_pre_bid"": ""+30250"", ""sel_4th_pre_req_pre"": ""0"", ""sel_4th_pre_req"": ""5443"", ""sel_4th_pre_bid"": ""+30200"", ""sel_3th_pre_req_pre"": ""0"", ""sel_3th_pre_req"": ""2396"", ""sel_3th_pre_bid"": ""+30150"", ""sel_2th_pre_req_pre"": ""0"", ""sel_2th_pre_req"": ""1346"", ""sel_2th_pre_bid"": ""+30100"", ""sel_1th_pre_req_pre"": ""+4"", ""sel_fpr_req"": ""2290"", ""sel_fpr_bid"": ""+30050"", ""buy_fpr_bid"": ""30000"", ""buy_fpr_req"": ""1020"", ""buy_1th_pre_req_pre"": ""0"", ""buy_2th_pre_bid"": ""-29950"", ""buy_2th_pre_req"": ""1885"", ""buy_2th_pre_req_pre"": ""0"", ""buy_3th_pre_bid"": ""-29900"", ""buy_3th_pre_req"": ""1361"", ""buy_3th_pre_req_pre"": ""0"", ""buy_4th_pre_bid"": ""-29850"", ""buy_4th_pre_req"": ""513"", ""buy_4th_pre_req_pre"": ""0"", ""buy_5th_pre_bid"": ""-29800"", ""buy_5th_pre_req"": ""3569"", ""buy_5th_pre_req_pre"": ""0"", ""buy_6th_pre_bid"": ""-29750"", ""buy_6th_pre_req"": ""1177"", ""buy_6th_pre_req_pre"": ""0"", ""buy_7th_pre_bid"": ""-29700"", ""buy_7th_pre_req"": ""2408"", ""buy_7th_pre_req_pre"": ""0"", ""buy_8th_pre_bid"": ""-29650"", ""buy_8th_pre_req"": ""439"", ""buy_8th_pre_req_pre"": ""0"", ""buy_9th_pre_bid"": ""-29600"", ""buy_9th_pre_req"": ""1048"", ""buy_9th_pre_req_pre"": ""0"", ""buy_10th_pre_bid"": ""-29550"", ""buy_10th_pre_req"": ""617"", ""buy_10th_pre_req_pre"": ""0"", ""tot_sel_req_jub_pre"": ""+4"", ""tot_sel_req"": ""25726"", ""tot_buy_req"": ""14037"", ""tot_buy_req_jub_pre"": ""0"", ""ovt_sel_req_pre"": ""0"", ""ovt_sel_req"": ""0"", ""ovt_buy_req"": ""0"", ""ovt_buy_req_pre"": ""0"", ""return_code"": 0, ""return_msg"": ""정상적으로 처리되었습니다""}"
2026-06-10,scan_candidate,018260,,0,main_scan,232500,,232500,232000,232500,234000,0.43010752688172044,0.21505376344086022,,,,,,"{""bid_req_base_tm"": ""103113"", ""sel_10th_pre_req_pre"": ""0"", ""sel_10th_pre_req"": ""260"", ""sel_10th_pre_bid"": ""-237000"", ""sel_9th_pre_req_pre"": ""0"", ""sel_9th_pre_req"": ""213"", ""sel_9th_pre_bid"": ""-236500"", ""sel_8th_pre_req_pre"": ""0"", ""sel_8th_pre_req"": ""200"", ""sel_8th_pre_bid"": ""-236000"", ""sel_7th_pre_req_pre"": ""0"", ""sel_7th_pre_req"": ""163"", ""sel_7th_pre_bid"": ""-235500"", ""sel_6th_pre_req_pre"": ""0"", ""sel_6th_pre_req"": ""144"", ""sel_6th_pre_bid"": ""-235000"", ""sel_5th_pre_req_pre"": ""0"", ""sel_5th_pre_req"": ""71"", ""sel_5th_pre_bid"": ""-234500"", ""sel_4th_pre_req_pre"": ""0"", ""sel_4th_pre_req"": ""141"", ""sel_4th_pre_bid"": ""-234000"", ""sel_3th_pre_req_pre"": ""0"", ""sel_3th_pre_req"": ""50"", ""sel_3th_pre_bid"": ""-233500"", ""sel_2th_pre_req_pre"": ""0"", ""sel_2th_pre_req"": ""193"", ""sel_2th_pre_bid"": ""-233000"", ""sel_1th_pre_req_pre"": ""0"", ""sel_fpr_req"": ""430"", ""sel_fpr_bid"": ""-232500"", ""buy_fpr_bid"": ""-232000"", ""buy_fpr_req"": ""1099"", ""buy_1th_pre_req_pre"": ""0"", ""buy_2th_pre_bid"": ""-231500"", ""buy_2th_pre_req"": ""1733"", ""buy_2th_pre_req_pre"": ""0"", ""buy_3th_pre_bid"": ""-231000"", ""buy_3th_pre_req"": ""2434"", ""buy_3th_pre_req_pre"": ""0"", ""buy_4th_pre_bid"": ""-230500"", ""buy_4th_pre_req"": ""1897"", ""buy_4th_pre_req_pre"": ""0"", ""buy_5th_pre_bid"": ""-230000"", ""buy_5th_pre_req"": ""3951"", ""buy_5th_pre_req_pre"": ""0"", ""buy_6th_pre_bid"": ""-229500"", ""buy_6th_pre_req"": ""647"", ""buy_6th_pre_req_pre"": ""0"", ""buy_7th_pre_bid"": ""-229000"", ""buy_7th_pre_req"": ""1523"", ""buy_7th_pre_req_pre"": ""--10"", ""buy_8th_pre_bid"": ""-228500"", ""buy_8th_pre_req"": ""574"", ""buy_8th_pre_req_pre"": ""0"", ""buy_9th_pre_bid"": ""-228000"", ""buy_9th_pre_req"": ""1401"", ""buy_9th_pre_req_pre"": ""0"", ""buy_10th_pre_bid"": ""-227500"", ""buy_10th_pre_req"": ""1407"", ""buy_10th_pre_req_pre"": ""0"", ""tot_sel_req_jub_pre"": ""0"", ""tot_sel_req"": ""1865"", ""tot_buy_req"": ""16666"", ""tot_buy_req_jub_pre"": ""--10"", ""ovt_sel_req_pre"": ""0"", ""ovt_sel_req"": ""0"", ""ovt_buy_req"": ""0"", ""ovt_buy_req_pre"": ""0"", ""return_code"": 0, ""return_msg"": ""정상적으로 처리되었습니다""}"
2026-06-10,scan_candidate,033780,,0,main_scan,184900,,184900,184800,184900,185000,-0.2163331530557058,0.05408328826392645,,,,,,"{""bid_req_base_tm"": ""103113"", ""sel_10th_pre_req_pre"": ""0"", ""sel_10th_pre_req"": ""294"", ""sel_10th_pre_bid"": ""+185900"", ""sel_9th_pre_req_pre"": ""0"", ""sel_9th_pre_req"": ""583"", ""sel_9th_pre_bid"": ""+185800"", ""sel_8th_pre_req_pre"": ""0"", ""sel_8th_pre_req"": ""167"", ""sel_8th_pre_bid"": ""+185700"", ""sel_7th_pre_req_pre"": ""0"", ""sel_7th_pre_req"": ""102"", ""sel_7th_pre_bid"": ""+185600"", ""sel_6th_pre_req_pre"": ""0"", ""sel_6th_pre_req"": ""168"", ""sel_6th_pre_bid"": ""+185500"", ""sel_5th_pre_req_pre"": ""0"", ""sel_5th_pre_req"": ""168"", ""sel_5th_pre_bid"": ""+185400"", ""sel_4th_pre_req_pre"": ""0"", ""sel_4th_pre_req"": ""3"", ""sel_4th_pre_bid"": ""+185200"", ""sel_3th_pre_req_pre"": ""0"", ""sel_3th_pre_req"": ""177"", ""sel_3th_pre_bid"": ""+185100"", ""sel_2th_pre_req_pre"": ""0"", ""sel_2th_pre_req"": ""74"", ""sel_2th_pre_bid"": ""+185000"", ""sel_1th_pre_req_pre"": ""--1"", ""sel_fpr_req"": ""136"", ""sel_fpr_bid"": ""+184900"", ""buy_fpr_bid"": ""+184800"", ""buy_fpr_req"": ""946"", ""buy_1th_pre_req_pre"": ""+7"", ""buy_2th_pre_bid"": ""+184700"", ""buy_2th_pre_req"": ""265"", ""buy_2th_pre_req_pre"": ""0"", ""buy_3th_pre_bid"": ""+184600"", ""buy_3th_pre_req"": ""142"", ""buy_3th_pre_req_pre"": ""0"", ""buy_4th_pre_bid"": ""+184500"", ""buy_4th_pre_req"": ""49"", ""buy_4th_pre_req_pre"": ""0"", ""buy_5th_pre_bid"": ""+184400"", ""buy_5th_pre_req"": ""80"", ""buy_5th_pre_req_pre"": ""0"", ""buy_6th_pre_bid"": ""184300"", ""buy_6th_pre_req"": ""552"", ""buy_6th_pre_req_pre"": ""0"", ""buy_7th_pre_bid"": ""-184200"", ""buy_7th_pre_req"": ""200"", ""buy_7th_pre_req_pre"": ""0"", ""buy_8th_pre_bid"": ""-184100"", ""buy_8th_pre_req"": ""229"", ""buy_8th_pre_req_pre"": ""0"", ""buy_9th_pre_bid"": ""-184000"", ""buy_9th_pre_req"": ""17"", ""buy_9th_pre_req_pre"": ""0"", ""buy_10th_pre_bid"": ""-183900"", ""buy_10th_pre_req"": ""2"", ""buy_10th_pre_req_pre"": ""0"", ""tot_sel_req_jub_pre"": ""--1"", ""tot_sel_req"": ""1872"", ""tot_buy_req"": ""2482"", ""tot_buy_req_jub_pre"": ""+7"", ""ovt_sel_req_pre"": ""0"", ""ovt_sel_req"": ""0"", ""ovt_buy_req"": ""0"", ""ovt_buy_req_pre"": ""0"", ""return_code"": 0, ""return_msg"": ""정상적으로 처리되었습니다""}"
2026-06-10,scan_candidate,307950,,0,main_scan,713000,,713000,712000,713000,712000,-0.2805049088359046,0.1402524544179523,,,,,,"{""bid_req_base_tm"": ""103114"", ""sel_10th_pre_req_pre"": ""0"", ""sel_10th_pre_req"": ""61"", ""sel_10th_pre_bid"": ""+722000"", ""sel_9th_pre_req_pre"": ""0"", ""sel_9th_pre_req"": ""168"", ""sel_9th_pre_bid"": ""+721000"", ""sel_8th_pre_req_pre"": ""0"", ""sel_8th_pre_req"": ""173"", ""sel_8th_pre_bid"": ""+720000"", ""sel_7th_pre_req_pre"": ""0"", ""sel_7th_pre_req"": ""136"", ""sel_7th_pre_bid"": ""+719000"", ""sel_6th_pre_req_pre"": ""0"", ""sel_6th_pre_req"": ""207"", ""sel_6th_pre_bid"": ""+718000"", ""sel_5th_pre_req_pre"": ""0"", ""sel_5th_pre_req"": ""125"", ""sel_5th_pre_bid"": ""+717000"", ""sel_4th_pre_req_pre"": ""0"", ""sel_4th_pre_req"": ""25"", ""sel_4th_pre_bid"": ""+716000"", ""sel_3th_pre_req_pre"": ""0"", ""sel_3th_pre_req"": ""27"", ""sel_3th_pre_bid"": ""+715000"", ""sel_2th_pre_req_pre"": ""0"", ""sel_2th_pre_req"": ""46"", ""sel_2th_pre_bid"": ""+714000"", ""sel_1th_pre_req_pre"": ""0"", ""sel_fpr_req"": ""41"", ""sel_fpr_bid"": ""+713000"", ""buy_fpr_bid"": ""+712000"", ""buy_fpr_req"": ""40"", ""buy_1th_pre_req_pre"": ""+30"", ""buy_2th_pre_bid"": ""+711000"", ""buy_2th_pre_req"": ""163"", ""buy_2th_pre_req_pre"": ""0"", ""buy_3th_pre_bid"": ""+710000"", ""buy_3th_pre_req"": ""107"", ""buy_3th_pre_req_pre"": ""0"", ""buy_4th_pre_bid"": ""+709000"", ""buy_4th_pre_req"": ""30"", ""buy_4th_pre_req_pre"": ""0"", ""buy_5th_pre_bid"": ""+708000"", ""buy_5th_pre_req"": ""83"", ""buy_5th_pre_req_pre"": ""0"", ""buy_6th_pre_bid"": ""+707000"", ""buy_6th_pre_req"": ""284"", ""buy_6th_pre_req_pre"": ""0"", ""buy_7th_pre_bid"": ""+706000"", ""buy_7th_pre_req"": ""23"", ""buy_7th_pre_req_pre"": ""0"", ""buy_8th_pre_bid"": ""+705000"", ""buy_8th_pre_req"": ""137"", ""buy_8th_pre_req_pre"": ""0"", ""buy_9th_pre_bid"": ""+704000"", ""buy_9th_pre_req"": ""114"", ""buy_9th_pre_req_pre"": ""0"", ""buy_10th_pre_bid"": ""+703000"", ""buy_10th_pre_req"": ""163"", ""buy_10th_pre_req_pre"": ""0"", ""tot_sel_req_jub_pre"": ""0"", ""tot_sel_req"": ""1009"", ""tot_buy_req"": ""1144"", ""tot_buy_req_jub_pre"": ""+30"", ""ovt_sel_req_pre"": ""0"", ""ovt_sel_req"": ""0"", ""ovt_buy_req"": ""0"", ""ovt_buy_req_pre"": ""0"", ""return_code"": 0, ""return_msg"": ""정상적으로 처리되었습니다""}"
2026-06-10,scan_candidate,138040,,0,main_scan,109300,,109300,109200,109300,108500,-1.1893870082342177,0.09149130832570906,,,,,,"{""bid_req_base_tm"": ""103114"", ""sel_10th_pre_req_pre"": ""0"", ""sel_10th_pre_req"": ""120"", ""sel_10th_pre_bid"": ""+110400"", ""sel_9th_pre_req_pre"": ""0"", ""sel_9th_pre_req"": ""1354"", ""sel_9th_pre_bid"": ""+110300"", ""sel_8th_pre_req_pre"": ""0"", ""sel_8th_pre_req"": ""504"", ""sel_8th_pre_bid"": ""+110200"", ""sel_7th_pre_req_pre"": ""0"", ""sel_7th_pre_req"": ""5070"", ""sel_7th_pre_bid"": ""+110100"", ""sel_6th_pre_req_pre"": ""0"", ""sel_6th_pre_req"": ""711"", ""sel_6th_pre_bid"": ""+110000"", ""sel_5th_pre_req_pre"": ""0"", ""sel_5th_pre_req"": ""210"", ""sel_5th_pre_bid"": ""+109900"", ""sel_4th_pre_req_pre"": ""0"", ""sel_4th_pre_req"": ""529"", ""sel_4th_pre_bid"": ""+109800"", ""sel_3th_pre_req_pre"": ""0"", ""sel_3th_pre_req"": ""46"", ""sel_3th_pre_bid"": ""+109600"", ""sel_2th_pre_req_pre"": ""0"", ""sel_2th_pre_req"": ""111"", ""sel_2th_pre_bid"": ""+109500"", ""sel_1th_pre_req_pre"": ""+111"", ""sel_fpr_req"": ""719"", ""sel_fpr_bid"": ""+109300"", ""buy_fpr_bid"": ""+109200"", ""buy_fpr_req"": ""377"", ""buy_1th_pre_req_pre"": ""0"", ""buy_2th_pre_bid"": ""109100"", ""buy_2th_pre_req"": ""3"", ""buy_2th_pre_req_pre"": ""0"", ""buy_3th_pre_bid"": ""-109000"", ""buy_3th_pre_req"": ""178"", ""buy_3th_pre_req_pre"": ""0"", ""buy_4th_pre_bid"": ""-108900"", ""buy_4th_pre_req"": ""41"", ""buy_4th_pre_req_pre"": ""0"", ""buy_5th_pre_bid"": ""-108800"", ""buy_5th_pre_req"": ""63"", ""buy_5th_pre_req_pre"": ""0"", ""buy_6th_pre_bid"": ""-108700"", ""buy_6th_pre_req"": ""4"", ""buy_6th_pre_req_pre"": ""0"", ""buy_7th_pre_bid"": ""-108600"", ""buy_7th_pre_req"": ""5"", ""buy_7th_pre_req_pre"": ""0"", ""buy_8th_pre_bid"": ""-108500"", ""buy_8th_pre_req"": ""23"", ""buy_8th_pre_req_pre"": ""0"", ""buy_9th_pre_bid"": ""-108400"", ""buy_9th_pre_req"": ""23"", ""buy_9th_pre_req_pre"": ""0"", ""buy_10th_pre_bid"": ""-108300"", ""buy_10th_pre_req"": ""3"", ""buy_10th_pre_req_pre"": ""0"", ""tot_sel_req_jub_pre"": ""+111"", ""tot_sel_req"": ""9374"", ""tot_buy_req"": ""720"", ""tot_buy_req_jub_pre"": ""0"", ""ovt_sel_req_pre"": ""0"", ""ovt_sel_req"": ""0"", ""ovt_buy_req"": ""0"", ""ovt_buy_req_pre"": ""0"", ""return_code"": 0, ""return_msg"": ""정상적으로 처리되었습니다""}"
2026-06-10,scan_candidate,003550,,0,main_scan,108700,,108700,108600,108700,108500,-0.6439742410303588,0.09199632014719411,,,,,,"{""bid_req_base_tm"": ""103114"", ""sel_10th_pre_req_pre"": ""0"", ""sel_10th_pre_req"": ""12"", ""sel_10th_pre_bid"": ""-109800"", ""sel_9th_pre_req_pre"": ""0"", ""sel_9th_pre_req"": ""2"", ""sel_9th_pre_bid"": ""-109700"", ""sel_8th_pre_req_pre"": ""0"", ""sel_8th_pre_req"": ""2574"", ""sel_8th_pre_bid"": ""-109600"", ""sel_7th_pre_req_pre"": ""0"", ""sel_7th_pre_req"": ""154"", ""sel_7th_pre_bid"": ""-109500"", ""sel_6th_pre_req_pre"": ""0"", ""sel_6th_pre_req"": ""19"", ""sel_6th_pre_bid"": ""-109400"", ""sel_5th_pre_req_pre"": ""0"", ""sel_5th_pre_req"": ""37"", ""sel_5th_pre_bid"": ""-109300"", ""sel_4th_pre_req_pre"": ""0"", ""sel_4th_pre_req"": ""296"", ""sel_4th_pre_bid"": ""-109000"", ""sel_3th_pre_req_pre"": ""0"", ""sel_3th_pre_req"": ""56"", ""sel_3th_pre_bid"": ""-108900"", ""sel_2th_pre_req_pre"": ""0"", ""sel_2th_pre_req"": ""82"", ""sel_2th_pre_bid"": ""-108800"", ""sel_1th_pre_req_pre"": ""0"", ""sel_fpr_req"": ""218"", ""sel_fpr_bid"": ""-108700"", ""buy_fpr_bid"": ""-108600"", ""buy_fpr_req"": ""63"", ""buy_1th_pre_req_pre"": ""--138"", ""buy_2th_pre_bid"": ""-108500"", ""buy_2th_pre_req"": ""49"", ""buy_2th_pre_req_pre"": ""0"", ""buy_3th_pre_bid"": ""-108400"", ""buy_3th_pre_req"": ""104"", ""buy_3th_pre_req_pre"": ""0"", ""buy_4th_pre_bid"": ""-108300"", ""buy_4th_pre_req"": ""96"", ""buy_4th_pre_req_pre"": ""0"", ""buy_5th_pre_bid"": ""-108200"", ""buy_5th_pre_req"": ""434"", ""buy_5th_pre_req_pre"": ""0"", ""buy_6th_pre_bid"": ""-108100"", ""buy_6th_pre_req"": ""437"", ""buy_6th_pre_req_pre"": ""0"", ""buy_7th_pre_bid"": ""-108000"", ""buy_7th_pre_req"": ""436"", ""buy_7th_pre_req_pre"": ""0"", ""buy_8th_pre_bid"": ""-107900"", ""buy_8th_pre_req"": ""185"", ""buy_8th_pre_req_pre"": ""0"", ""buy_9th_pre_bid"": ""-107800"", ""buy_9th_pre_req"": ""393"", ""buy_9th_pre_req_pre"": ""0"", ""buy_10th_pre_bid"": ""-107700"", ""buy_10th_pre_req"": ""111"", ""buy_10th_pre_req_pre"": ""0"", ""tot_sel_req_jub_pre"": ""0"", ""tot_sel_req"": ""3450"", ""tot_buy_req"": ""2308"", ""tot_buy_req_jub_pre"": ""--138"", ""ovt_sel_req_pre"": ""0"", ""ovt_sel_req"": ""0"", ""ovt_buy_req"": ""0"", ""ovt_buy_req_pre"": ""0"", ""return_code"": 0, ""return_msg"": ""정상적으로 처리되었습니다""}"
2026-06-10,scan_candidate,024110,,0,main_scan,21000,,21000,20950,21000,20800,-1.1904761904761905,0.2380952380952381,,,,,,"{""bid_req_base_tm"": ""103115"", ""sel_10th_pre_req_pre"": ""0"", ""sel_10th_pre_req"": ""3705"", ""sel_10th_pre_bid"": ""+21450"", ""sel_9th_pre_req_pre"": ""0"", ""sel_9th_pre_req"": ""9860"", ""sel_9th_pre_bid"": ""+21400"", ""sel_8th_pre_req_pre"": ""0"", ""sel_8th_pre_req"": ""5061"", ""sel_8th_pre_bid"": ""+21350"", ""sel_7th_pre_req_pre"": ""0"", ""sel_7th_pre_req"": ""12755"", ""sel_7th_pre_bid"": ""+21300"", ""sel_6th_pre_req_pre"": ""0"", ""sel_6th_pre_req"": ""6701"", ""sel_6th_pre_bid"": ""+21250"", ""sel_5th_pre_req_pre"": ""0"", ""sel_5th_pre_req"": ""17455"", ""sel_5th_pre_bid"": ""+21200"", ""sel_4th_pre_req_pre"": ""0"", ""sel_4th_pre_req"": ""17485"", ""sel_4th_pre_bid"": ""+21150"", ""sel_3th_pre_req_pre"": ""0"", ""sel_3th_pre_req"": ""4289"", ""sel_3th_pre_bid"": ""+21100"", ""sel_2th_pre_req_pre"": ""+9"", ""sel_2th_pre_req"": ""2833"", ""sel_2th_pre_bid"": ""+21050"", ""sel_1th_pre_req_pre"": ""0"", ""sel_fpr_req"": ""6896"", ""sel_fpr_bid"": ""+21000"", ""buy_fpr_bid"": ""+20950"", ""buy_fpr_req"": ""6398"", ""buy_1th_pre_req_pre"": ""0"", ""buy_2th_pre_bid"": ""+20900"", ""buy_2th_pre_req"": ""1321"", ""buy_2th_pre_req_pre"": ""0"", ""buy_3th_pre_bid"": ""+20850"", ""buy_3th_pre_req"": ""521"", ""buy_3th_pre_req_pre"": ""0"", ""buy_4th_pre_bid"": ""+20800"", ""buy_4th_pre_req"": ""1491"", ""buy_4th_pre_req_pre"": ""0"", ""buy_5th_pre_bid"": ""+20750"", ""buy_5th_pre_req"": ""1139"", ""buy_5th_pre_req_pre"": ""0"", ""buy_6th_pre_bid"": ""+20700"", ""buy_6th_pre_req"": ""2104"", ""buy_6th_pre_req_pre"": ""0"", ""buy_7th_pre_bid"": ""+20650"", ""buy_7th_pre_req"": ""1382"", ""buy_7th_pre_req_pre"": ""0"", ""buy_8th_pre_bid"": ""+20600"", ""buy_8th_pre_req"": ""3399"", ""buy_8th_pre_req_pre"": ""0"", ""buy_9th_pre_bid"": ""20550"", ""buy_9th_pre_req"": ""2326"", ""buy_9th_pre_req_pre"": ""0"", ""buy_10th_pre_bid"": ""-20500"", ""buy_10th_pre_req"": ""1944"", ""buy_10th_pre_req_pre"": ""0"", ""tot_sel_req_jub_pre"": ""+9"", ""tot_sel_req"": ""87040"", ""tot_buy_req"": ""22025"", ""tot_buy_req_jub_pre"": ""0"", ""ovt_sel_req_pre"": ""0"", ""ovt_sel_req"": ""0"", ""ovt_buy_req"": ""0"", ""ovt_buy_req_pre"": ""0"", ""return_code"": 0, ""return_msg"": ""정상적으로 처리되었습니다""}"
2026-06-10,scan_candidate,079550,,0,main_scan,773000,,773000,772000,773000,769000,-0.646830530401035,0.129366106080207,,,,,,"{""bid_req_base_tm"": ""103114"", ""sel_10th_pre_req_pre"": ""0"", ""sel_10th_pre_req"": ""36"", ""sel_10th_pre_bid"": ""+782000"", ""sel_9th_pre_req_pre"": ""0"", ""sel_9th_pre_req"": ""35"", ""sel_9th_pre_bid"": ""+781000"", ""sel_8th_pre_req_pre"": ""0"", ""sel_8th_pre_req"": ""338"", ""sel_8th_pre_bid"": ""+780000"", ""sel_7th_pre_req_pre"": ""0"", ""sel_7th_pre_req"": ""63"", ""sel_7th_pre_bid"": ""+779000"", ""sel_6th_pre_req_pre"": ""0"", ""sel_6th_pre_req"": ""31"", ""sel_6th_pre_bid"": ""+778000"", ""sel_5th_pre_req_pre"": ""0"", ""sel_5th_pre_req"": ""16"", ""sel_5th_pre_bid"": ""+777000"", ""sel_4th_pre_req_pre"": ""0"", ""sel_4th_pre_req"": ""34"", ""sel_4th_pre_bid"": ""+776000"", ""sel_3th_pre_req_pre"": ""0"", ""sel_3th_pre_req"": ""381"", ""sel_3th_pre_bid"": ""+775000"", ""sel_2th_pre_req_pre"": ""0"", ""sel_2th_pre_req"": ""29"", ""sel_2th_pre_bid"": ""+774000"", ""sel_1th_pre_req_pre"": ""0"", ""sel_fpr_req"": ""10"", ""sel_fpr_bid"": ""+773000"", ""buy_fpr_bid"": ""+772000"", ""buy_fpr_req"": ""41"", ""buy_1th_pre_req_pre"": ""0"", ""buy_2th_pre_bid"": ""+771000"", ""buy_2th_pre_req"": ""201"", ""buy_2th_pre_req_pre"": ""0"", ""buy_3th_pre_bid"": ""+770000"", ""buy_3th_pre_req"": ""17"", ""buy_3th_pre_req_pre"": ""0"", ""buy_4th_pre_bid"": ""+769000"", ""buy_4th_pre_req"": ""11"", ""buy_4th_pre_req_pre"": ""0"", ""buy_5th_pre_bid"": ""+768000"", ""buy_5th_pre_req"": ""3"", ""buy_5th_pre_req_pre"": ""0"", ""buy_6th_pre_bid"": ""+767000"", ""buy_6th_pre_req"": ""7"", ""buy_6th_pre_req_pre"": ""0"", ""buy_7th_pre_bid"": ""+766000"", ""buy_7th_pre_req"": ""15"", ""buy_7th_pre_req_pre"": ""0"", ""buy_8th_pre_bid"": ""+765000"", ""buy_8th_pre_req"": ""61"", ""buy_8th_pre_req_pre"": ""0"", ""buy_9th_pre_bid"": ""+764000"", ""buy_9th_pre_req"": ""18"", ""buy_9th_pre_req_pre"": ""0"", ""buy_10th_pre_bid"": ""+763000"", ""buy_10th_pre_req"": ""14"", ""buy_10th_pre_req_pre"": ""0"", ""tot_sel_req_jub_pre"": ""--14"", ""tot_sel_req"": ""973"", ""tot_buy_req"": ""388"", ""tot_buy_req_jub_pre"": ""+12"", ""ovt_sel_req_pre"": ""0"", ""ovt_sel_req"": ""0"", ""ovt_buy_req"": ""0"", ""ovt_buy_req_pre"": ""0"", ""return_code"": 0, ""return_msg"": ""정상적으로 처리되었습니다""}"
2026-06-10,scan_candidate,278470,,0,main_scan,421500,,421500,421000,421500,419500,-0.5931198102016607,0.11862396204033215,,,,,,"{""bid_req_base_tm"": ""103115"", ""sel_10th_pre_req_pre"": ""0"", ""sel_10th_pre_req"": ""132"", ""sel_10th_pre_bid"": ""+426000"", ""sel_9th_pre_req_pre"": ""0"", ""sel_9th_pre_req"": ""135"", ""sel_9th_pre_bid"": ""+425500"", ""sel_8th_pre_req_pre"": ""0"", ""sel_8th_pre_req"": ""1644"", ""sel_8th_pre_bid"": ""+425000"", ""sel_7th_pre_req_pre"": ""0"", ""sel_7th_pre_req"": ""293"", ""sel_7th_pre_bid"": ""+424500"", ""sel_6th_pre_req_pre"": ""0"", ""sel_6th_pre_req"": ""268"", ""sel_6th_pre_bid"": ""+424000"", ""sel_5th_pre_req_pre"": ""0"", ""sel_5th_pre_req"": ""157"", ""sel_5th_pre_bid"": ""+423500"", ""sel_4th_pre_req_pre"": ""--5"", ""sel_4th_pre_req"": ""284"", ""sel_4th_pre_bid"": ""+423000"", ""sel_3th_pre_req_pre"": ""0"", ""sel_3th_pre_req"": ""1057"", ""sel_3th_pre_bid"": ""+422500"", ""sel_2th_pre_req_pre"": ""0"", ""sel_2th_pre_req"": ""459"", ""sel_2th_pre_bid"": ""+422000"", ""sel_1th_pre_req_pre"": ""0"", ""sel_fpr_req"": ""75"", ""sel_fpr_bid"": ""+421500"", ""buy_fpr_bid"": ""+421000"", ""buy_fpr_req"": ""111"", ""buy_1th_pre_req_pre"": ""0"", ""buy_2th_pre_bid"": ""+420500"", ""buy_2th_pre_req"": ""55"", ""buy_2th_pre_req_pre"": ""0"", ""buy_3th_pre_bid"": ""+420000"", ""buy_3th_pre_req"": ""29"", ""buy_3th_pre_req_pre"": ""0"", ""buy_4th_pre_bid"": ""+419500"", ""buy_4th_pre_req"": ""60"", ""buy_4th_pre_req_pre"": ""0"", ""buy_5th_pre_bid"": ""+419000"", ""buy_5th_pre_req"": ""66"", ""buy_5th_pre_req_pre"": ""0"", ""buy_6th_pre_bid"": ""+418500"", ""buy_6th_pre_req"": ""49"", ""buy_6th_pre_req_pre"": ""0"", ""buy_7th_pre_bid"": ""+418000"", ""buy_7th_pre_req"": ""1112"", ""buy_7th_pre_req_pre"": ""0"", ""buy_8th_pre_bid"": ""+417500"", ""buy_8th_pre_req"": ""22"", ""buy_8th_pre_req_pre"": ""0"", ""buy_9th_pre_bid"": ""+417000"", ""buy_9th_pre_req"": ""33"", ""buy_9th_pre_req_pre"": ""0"", ""buy_10th_pre_bid"": ""+416500"", ""buy_10th_pre_req"": ""79"", ""buy_10th_pre_req_pre"": ""0"", ""tot_sel_req_jub_pre"": ""--5"", ""tot_sel_req"": ""4504"", ""tot_buy_req"": ""1616"", ""tot_buy_req_jub_pre"": ""0"", ""ovt_sel_req_pre"": ""0"", ""ovt_sel_req"": ""0"", ""ovt_buy_req"": ""0"", ""ovt_buy_req_pre"": ""0"", ""return_code"": 0, ""return_msg"": ""정상적으로 처리되었습니다""}"
2026-06-10,scan_candidate,030200,,0,main_scan,54600,,54600,54500,54600,54600,-0.18315018315018314,0.18315018315018314,,,,,,"{""bid_req_base_tm"": ""103114"", ""sel_10th_pre_req_pre"": ""0"", ""sel_10th_pre_req"": ""874"", ""sel_10th_pre_bid"": ""+55500"", ""sel_9th_pre_req_pre"": ""0"", ""sel_9th_pre_req"": ""1253"", ""sel_9th_pre_bid"": ""+55400"", ""sel_8th_pre_req_pre"": ""0"", ""sel_8th_pre_req"": ""1211"", ""sel_8th_pre_bid"": ""+55300"", ""sel_7th_pre_req_pre"": ""0"", ""sel_7th_pre_req"": ""903"", ""sel_7th_pre_bid"": ""+55200"", ""sel_6th_pre_req_pre"": ""0"", ""sel_6th_pre_req"": ""1392"", ""sel_6th_pre_bid"": ""+55100"", ""sel_5th_pre_req_pre"": ""0"", ""sel_5th_pre_req"": ""3508"", ""sel_5th_pre_bid"": ""+55000"", ""sel_4th_pre_req_pre"": ""0"", ""sel_4th_pre_req"": ""499"", ""sel_4th_pre_bid"": ""+54900"", ""sel_3th_pre_req_pre"": ""0"", ""sel_3th_pre_req"": ""700"", ""sel_3th_pre_bid"": ""+54800"", ""sel_2th_pre_req_pre"": ""--100"", ""sel_2th_pre_req"": ""201"", ""sel_2th_pre_bid"": ""+54700"", ""sel_1th_pre_req_pre"": ""0"", ""sel_fpr_req"": ""132"", ""sel_fpr_bid"": ""+54600"", ""buy_fpr_bid"": ""+54500"", ""buy_fpr_req"": ""237"", ""buy_1th_pre_req_pre"": ""0"", ""buy_2th_pre_bid"": ""+54400"", ""buy_2th_pre_req"": ""427"", ""buy_2th_pre_req_pre"": ""0"", ""buy_3th_pre_bid"": ""+54300"", ""buy_3th_pre_req"": ""2068"", ""buy_3th_pre_req_pre"": ""0"", ""buy_4th_pre_bid"": ""+54200"", ""buy_4th_pre_req"": ""1109"", ""buy_4th_pre_req_pre"": ""0"", ""buy_5th_pre_bid"": ""+54100"", ""buy_5th_pre_req"": ""463"", ""buy_5th_pre_req_pre"": ""0"", ""buy_6th_pre_bid"": ""+54000"", ""buy_6th_pre_req"": ""4399"", ""buy_6th_pre_req_pre"": ""0"", ""buy_7th_pre_bid"": ""+53900"", ""buy_7th_pre_req"": ""921"", ""buy_7th_pre_req_pre"": ""0"", ""buy_8th_pre_bid"": ""53800"", ""buy_8th_pre_req"": ""3127"", ""buy_8th_pre_req_pre"": ""0"", ""buy_9th_pre_bid"": ""-53700"", ""buy_9th_pre_req"": ""885"", ""buy_9th_pre_req_pre"": ""0"", ""buy_10th_pre_bid"": ""-53600"", ""buy_10th_pre_req"": ""395"", ""buy_10th_pre_req_pre"": ""0"", ""tot_sel_req_jub_pre"": ""--699"", ""tot_sel_req"": ""10673"", ""tot_buy_req"": ""14031"", ""tot_buy_req_jub_pre"": ""+95"", ""ovt_sel_req_pre"": ""0"", ""ovt_sel_req"": ""0"", ""ovt_buy_req"": ""0"", ""ovt_buy_req_pre"": ""0"", ""return_code"": 0, ""return_msg"": ""정상적으로 처리되었습니다""}"
2026-06-10,scan_candidate,010950,,0,main_scan,110900,,110900,110800,110900,111000,-0.36068530207394045,0.09017132551848511,,,,,,"{""bid_req_base_tm"": ""103114"", ""sel_10th_pre_req_pre"": ""0"", ""sel_10th_pre_req"": ""32"", ""sel_10th_pre_bid"": ""+111900"", ""sel_9th_pre_req_pre"": ""0"", ""sel_9th_pre_req"": ""295"", ""sel_9th_pre_bid"": ""+111800"", ""sel_8th_pre_req_pre"": ""0"", ""sel_8th_pre_req"": ""80"", ""sel_8th_pre_bid"": ""+111700"", ""sel_7th_pre_req_pre"": ""0"", ""sel_7th_pre_req"": ""43"", ""sel_7th_pre_bid"": ""+111600"", ""sel_6th_pre_req_pre"": ""0"", ""sel_6th_pre_req"": ""15"", ""sel_6th_pre_bid"": ""+111400"", ""sel_5th_pre_req_pre"": ""0"", ""sel_5th_pre_req"": ""2"", ""sel_5th_pre_bid"": ""+111300"", ""sel_4th_pre_req_pre"": ""0"", ""sel_4th_pre_req"": ""108"", ""sel_4th_pre_bid"": ""+111200"", ""sel_3th_pre_req_pre"": ""0"", ""sel_3th_pre_req"": ""13"", ""sel_3th_pre_bid"": ""+111100"", ""sel_2th_pre_req_pre"": ""0"", ""sel_2th_pre_req"": ""427"", ""sel_2th_pre_bid"": ""+111000"", ""sel_1th_pre_req_pre"": ""+63"", ""sel_fpr_req"": ""217"", ""sel_fpr_bid"": ""110900"", ""buy_fpr_bid"": ""-110800"", ""buy_fpr_req"": ""640"", ""buy_1th_pre_req_pre"": ""0"", ""buy_2th_pre_bid"": ""-110600"", ""buy_2th_pre_req"": ""515"", ""buy_2th_pre_req_pre"": ""0"", ""buy_3th_pre_bid"": ""-110500"", ""buy_3th_pre_req"": ""214"", ""buy_3th_pre_req_pre"": ""0"", ""buy_4th_pre_bid"": ""-110300"", ""buy_4th_pre_req"": ""9"", ""buy_4th_pre_req_pre"": ""0"", ""buy_5th_pre_bid"": ""-110100"", ""buy_5th_pre_req"": ""2"", ""buy_5th_pre_req_pre"": ""0"", ""buy_6th_pre_bid"": ""-109900"", ""buy_6th_pre_req"": ""17"", ""buy_6th_pre_req_pre"": ""0"", ""buy_7th_pre_bid"": ""-109800"", ""buy_7th_pre_req"": ""40"", ""buy_7th_pre_req_pre"": ""0"", ""buy_8th_pre_bid"": ""-109700"", ""buy_8th_pre_req"": ""1"", ""buy_8th_pre_req_pre"": ""0"", ""buy_9th_pre_bid"": ""-109600"", ""buy_9th_pre_req"": ""6"", ""buy_9th_pre_req_pre"": ""0"", ""buy_10th_pre_bid"": ""-109500"", ""buy_10th_pre_req"": ""23"", ""buy_10th_pre_req_pre"": ""0"", ""tot_sel_req_jub_pre"": ""+63"", ""tot_sel_req"": ""1232"", ""tot_buy_req"": ""1467"", ""tot_buy_req_jub_pre"": ""0"", ""ovt_sel_req_pre"": ""0"", ""ovt_sel_req"": ""0"", ""ovt_buy_req"": ""0"", ""ovt_buy_req_pre"": ""0"", ""return_code"": 0, ""return_msg"": ""정상적으로 처리되었습니다""}"
2026-06-10,scan_candidate,323410,,0,main_scan,24650,,24650,24600,24650,24450,-1.0141987829614605,0.2028397565922921,,,,,,"{""bid_req_base_tm"": ""103115"", ""sel_10th_pre_req_pre"": ""0"", ""sel_10th_pre_req"": ""1740"", ""sel_10th_pre_bid"": ""+25100"", ""sel_9th_pre_req_pre"": ""0"", ""sel_9th_pre_req"": ""2230"", ""sel_9th_pre_bid"": ""+25050"", ""sel_8th_pre_req_pre"": ""0"", ""sel_8th_pre_req"": ""14179"", ""sel_8th_pre_bid"": ""+25000"", ""sel_7th_pre_req_pre"": ""0"", ""sel_7th_pre_req"": ""9774"", ""sel_7th_pre_bid"": ""+24950"", ""sel_6th_pre_req_pre"": ""0"", ""sel_6th_pre_req"": ""6540"", ""sel_6th_pre_bid"": ""+24900"", ""sel_5th_pre_req_pre"": ""0"", ""sel_5th_pre_req"": ""7071"", ""sel_5th_pre_bid"": ""+24850"", ""sel_4th_pre_req_pre"": ""0"", ""sel_4th_pre_req"": ""10124"", ""sel_4th_pre_bid"": ""+24800"", ""sel_3th_pre_req_pre"": ""0"", ""sel_3th_pre_req"": ""4431"", ""sel_3th_pre_bid"": ""+24750"", ""sel_2th_pre_req_pre"": ""0"", ""sel_2th_pre_req"": ""6737"", ""sel_2th_pre_bid"": ""+24700"", ""sel_1th_pre_req_pre"": ""0"", ""sel_fpr_req"": ""2308"", ""sel_fpr_bid"": ""+24650"", ""buy_fpr_bid"": ""+24600"", ""buy_fpr_req"": ""672"", ""buy_1th_pre_req_pre"": ""+200"", ""buy_2th_pre_bid"": ""+24550"", ""buy_2th_pre_req"": ""3012"", ""buy_2th_pre_req_pre"": ""0"", ""buy_3th_pre_bid"": ""+24500"", ""buy_3th_pre_req"": ""2067"", ""buy_3th_pre_req_pre"": ""0"", ""buy_4th_pre_bid"": ""+24450"", ""buy_4th_pre_req"": ""836"", ""buy_4th_pre_req_pre"": ""0"", ""buy_5th_pre_bid"": ""24400"", ""buy_5th_pre_req"": ""3290"", ""buy_5th_pre_req_pre"": ""0"", ""buy_6th_pre_bid"": ""-24350"", ""buy_6th_pre_req"": ""2248"", ""buy_6th_pre_req_pre"": ""0"", ""buy_7th_pre_bid"": ""-24300"", ""buy_7th_pre_req"": ""3352"", ""buy_7th_pre_req_pre"": ""0"", ""buy_8th_pre_bid"": ""-24250"", ""buy_8th_pre_req"": ""1350"", ""buy_8th_pre_req_pre"": ""0"", ""buy_9th_pre_bid"": ""-24200"", ""buy_9th_pre_req"": ""782"", ""buy_9th_pre_req_pre"": ""0"", ""buy_10th_pre_bid"": ""-24150"", ""buy_10th_pre_req"": ""1192"", ""buy_10th_pre_req_pre"": ""0"", ""tot_sel_req_jub_pre"": ""0"", ""tot_sel_req"": ""65134"", ""tot_buy_req"": ""18801"", ""tot_buy_req_jub_pre"": ""+200"", ""ovt_sel_req_pre"": ""0"", ""ovt_sel_req"": ""0"", ""ovt_buy_req"": ""0"", ""ovt_buy_req_pre"": ""0"", ""return_code"": 0, ""return_msg"": ""정상적으로 처리되었습니다""}"
2026-06-10,scan_candidate,005940,,0,main_scan,30800,,30800,30750,30800,30850,0.0,0.16233766233766234,,,,,,"{""bid_req_base_tm"": ""103114"", ""sel_10th_pre_req_pre"": ""0"", ""sel_10th_pre_req"": ""158"", ""sel_10th_pre_bid"": ""31250"", ""sel_9th_pre_req_pre"": ""0"", ""sel_9th_pre_req"": ""307"", ""sel_9th_pre_bid"": ""-31200"", ""sel_8th_pre_req_pre"": ""0"", ""sel_8th_pre_req"": ""22"", ""sel_8th_pre_bid"": ""-31150"", ""sel_7th_pre_req_pre"": ""0"", ""sel_7th_pre_req"": ""57"", ""sel_7th_pre_bid"": ""-31100"", ""sel_6th_pre_req_pre"": ""0"", ""sel_6th_pre_req"": ""4"", ""sel_6th_pre_bid"": ""-31050"", ""sel_5th_pre_req_pre"": ""0"", ""sel_5th_pre_req"": ""344"", ""sel_5th_pre_bid"": ""-31000"", ""sel_4th_pre_req_pre"": ""0"", ""sel_4th_pre_req"": ""41"", ""sel_4th_pre_bid"": ""-30950"", ""sel_3th_pre_req_pre"": ""0"", ""sel_3th_pre_req"": ""69"", ""sel_3th_pre_bid"": ""-30900"", ""sel_2th_pre_req_pre"": ""0"", ""sel_2th_pre_req"": ""258"", ""sel_2th_pre_bid"": ""-30850"", ""sel_1th_pre_req_pre"": ""+6"", ""sel_fpr_req"": ""1226"", ""sel_fpr_bid"": ""-30800"", ""buy_fpr_bid"": ""-30750"", ""buy_fpr_req"": ""196"", ""buy_1th_pre_req_pre"": ""0"", ""buy_2th_pre_bid"": ""-30700"", ""buy_2th_pre_req"": ""1033"", ""buy_2th_pre_req_pre"": ""0"", ""buy_3th_pre_bid"": ""-30650"", ""buy_3th_pre_req"": ""125"", ""buy_3th_pre_req_pre"": ""0"", ""buy_4th_pre_bid"": ""-30600"", ""buy_4th_pre_req"": ""290"", ""buy_4th_pre_req_pre"": ""0"", ""buy_5th_pre_bid"": ""-30550"", ""buy_5th_pre_req"": ""276"", ""buy_5th_pre_req_pre"": ""0"", ""buy_6th_pre_bid"": ""-30500"", ""buy_6th_pre_req"": ""2340"", ""buy_6th_pre_req_pre"": ""0"", ""buy_7th_pre_bid"": ""-30450"", ""buy_7th_pre_req"": ""208"", ""buy_7th_pre_req_pre"": ""0"", ""buy_8th_pre_bid"": ""-30400"", ""buy_8th_pre_req"": ""1195"", ""buy_8th_pre_req_pre"": ""0"", ""buy_9th_pre_bid"": ""-30350"", ""buy_9th_pre_req"": ""501"", ""buy_9th_pre_req_pre"": ""0"", ""buy_10th_pre_bid"": ""-30300"", ""buy_10th_pre_req"": ""2794"", ""buy_10th_pre_req_pre"": ""0"", ""tot_sel_req_jub_pre"": ""+6"", ""tot_sel_req"": ""2486"", ""tot_buy_req"": ""8958"", ""tot_buy_req_jub_pre"": ""0"", ""ovt_sel_req_pre"": ""0"", ""ovt_sel_req"": ""0"", ""ovt_buy_req"": ""0"", ""ovt_buy_req_pre"": ""0"", ""return_code"": 0, ""return_msg"": ""정상적으로 처리되었습니다""}"
2026-06-10,scan_candidate,064400,,0,main_scan,96300,,96300,96200,96300,96600,0.20768431983385255,0.10384215991692627,,,,,,"{""bid_req_base_tm"": ""103116"", ""sel_10th_pre_req_pre"": ""0"", ""sel_10th_pre_req"": ""159"", ""sel_10th_pre_bid"": ""-97200"", ""sel_9th_pre_req_pre"": ""0"", ""sel_9th_pre_req"": ""103"", ""sel_9th_pre_bid"": ""-97100"", ""sel_8th_pre_req_pre"": ""0"", ""sel_8th_pre_req"": ""318"", ""sel_8th_pre_bid"": ""-97000"", ""sel_7th_pre_req_pre"": ""0"", ""sel_7th_pre_req"": ""346"", ""sel_7th_pre_bid"": ""-96900"", ""sel_6th_pre_req_pre"": ""0"", ""sel_6th_pre_req"": ""95"", ""sel_6th_pre_bid"": ""-96800"", ""sel_5th_pre_req_pre"": ""0"", ""sel_5th_pre_req"": ""58"", ""sel_5th_pre_bid"": ""-96700"", ""sel_4th_pre_req_pre"": ""0"", ""sel_4th_pre_req"": ""312"", ""sel_4th_pre_bid"": ""-96600"", ""sel_3th_pre_req_pre"": ""0"", ""sel_3th_pre_req"": ""255"", ""sel_3th_pre_bid"": ""-96500"", ""sel_2th_pre_req_pre"": ""0"", ""sel_2th_pre_req"": ""37"", ""sel_2th_pre_bid"": ""-96400"", ""sel_1th_pre_req_pre"": ""+37"", ""sel_fpr_req"": ""99"", ""sel_fpr_bid"": ""-96300"", ""buy_fpr_bid"": ""-96200"", ""buy_fpr_req"": ""577"", ""buy_1th_pre_req_pre"": ""0"", ""buy_2th_pre_bid"": ""-96100"", ""buy_2th_pre_req"": ""925"", ""buy_2th_pre_req_pre"": ""0"", ""buy_3th_pre_bid"": ""-96000"", ""buy_3th_pre_req"": ""1763"", ""buy_3th_pre_req_pre"": ""0"", ""buy_4th_pre_bid"": ""-95900"", ""buy_4th_pre_req"": ""1508"", ""buy_4th_pre_req_pre"": ""0"", ""buy_5th_pre_bid"": ""-95800"", ""buy_5th_pre_req"": ""1257"", ""buy_5th_pre_req_pre"": ""0"", ""buy_6th_pre_bid"": ""-95700"", ""buy_6th_pre_req"": ""1048"", ""buy_6th_pre_req_pre"": ""0"", ""buy_7th_pre_bid"": ""-95600"", ""buy_7th_pre_req"": ""1244"", ""buy_7th_pre_req_pre"": ""0"", ""buy_8th_pre_bid"": ""-95500"", ""buy_8th_pre_req"": ""2149"", ""buy_8th_pre_req_pre"": ""0"", ""buy_9th_pre_bid"": ""-95400"", ""buy_9th_pre_req"": ""1355"", ""buy_9th_pre_req_pre"": ""0"", ""buy_10th_pre_bid"": ""-95300"", ""buy_10th_pre_req"": ""1364"", ""buy_10th_pre_req_pre"": ""0"", ""tot_sel_req_jub_pre"": ""+37"", ""tot_sel_req"": ""1782"", ""tot_buy_req"": ""13190"", ""tot_buy_req_jub_pre"": ""0"", ""ovt_sel_req_pre"": ""0"", ""ovt_sel_req"": ""0"", ""ovt_buy_req"": ""0"", ""ovt_buy_req_pre"": ""0"", ""return_code"": 0, ""return_msg"": ""정상적으로 처리되었습니다""}"
2026-06-10,scan_candidate,003490,,0,main_scan,25550,,25550,25500,25550,25400,-0.7827788649706457,0.19569471624266144,,,,,,"{""bid_req_base_tm"": ""103115"", ""sel_10th_pre_req_pre"": ""0"", ""sel_10th_pre_req"": ""43338"", ""sel_10th_pre_bid"": ""+26000"", ""sel_9th_pre_req_pre"": ""0"", ""sel_9th_pre_req"": ""16885"", ""sel_9th_pre_bid"": ""+25950"", ""sel_8th_pre_req_pre"": ""0"", ""sel_8th_pre_req"": ""18748"", ""sel_8th_pre_bid"": ""+25900"", ""sel_7th_pre_req_pre"": ""0"", ""sel_7th_pre_req"": ""9804"", ""sel_7th_pre_bid"": ""+25850"", ""sel_6th_pre_req_pre"": ""0"", ""sel_6th_pre_req"": ""50603"", ""sel_6th_pre_bid"": ""+25800"", ""sel_5th_pre_req_pre"": ""0"", ""sel_5th_pre_req"": ""8505"", ""sel_5th_pre_bid"": ""+25750"", ""sel_4th_pre_req_pre"": ""0"", ""sel_4th_pre_req"": ""2377"", ""sel_4th_pre_bid"": ""+25700"", ""sel_3th_pre_req_pre"": ""0"", ""sel_3th_pre_req"": ""5479"", ""sel_3th_pre_bid"": ""+25650"", ""sel_2th_pre_req_pre"": ""0"", ""sel_2th_pre_req"": ""2100"", ""sel_2th_pre_bid"": ""+25600"", ""sel_1th_pre_req_pre"": ""0"", ""sel_fpr_req"": ""1651"", ""sel_fpr_bid"": ""+25550"", ""buy_fpr_bid"": ""+25500"", ""buy_fpr_req"": ""2766"", ""buy_1th_pre_req_pre"": ""0"", ""buy_2th_pre_bid"": ""+25450"", ""buy_2th_pre_req"": ""1437"", ""buy_2th_pre_req_pre"": ""0"", ""buy_3th_pre_bid"": ""+25400"", ""buy_3th_pre_req"": ""10387"", ""buy_3th_pre_req_pre"": ""0"", ""buy_4th_pre_bid"": ""+25350"", ""buy_4th_pre_req"": ""6928"", ""buy_4th_pre_req_pre"": ""0"", ""buy_5th_pre_bid"": ""+25300"", ""buy_5th_pre_req"": ""1615"", ""buy_5th_pre_req_pre"": ""0"", ""buy_6th_pre_bid"": ""+25250"", ""buy_6th_pre_req"": ""2754"", ""buy_6th_pre_req_pre"": ""0"", ""buy_7th_pre_bid"": ""+25200"", ""buy_7th_pre_req"": ""5994"", ""buy_7th_pre_req_pre"": ""+2000"", ""buy_8th_pre_bid"": ""+25150"", ""buy_8th_pre_req"": ""1771"", ""buy_8th_pre_req_pre"": ""0"", ""buy_9th_pre_bid"": ""+25100"", ""buy_9th_pre_req"": ""2587"", ""buy_9th_pre_req_pre"": ""0"", ""buy_10th_pre_bid"": ""+25050"", ""buy_10th_pre_req"": ""2087"", ""buy_10th_pre_req_pre"": ""0"", ""tot_sel_req_jub_pre"": ""0"", ""tot_sel_req"": ""159490"", ""tot_buy_req"": ""38326"", ""tot_buy_req_jub_pre"": ""+2000"", ""ovt_sel_req_pre"": ""0"", ""ovt_sel_req"": ""0"", ""ovt_buy_req"": ""0"", ""ovt_buy_req_pre"": ""0"", ""return_code"": 0, ""return_msg"": ""정상적으로 처리되었습니다""}"
2026-06-10,scan_candidate,161390,,0,main_scan,71300,,71300,71200,71300,71500,0.1402524544179523,0.1402524544179523,,,,,,"{""bid_req_base_tm"": ""103116"", ""sel_10th_pre_req_pre"": ""0"", ""sel_10th_pre_req"": ""9"", ""sel_10th_pre_bid"": ""-72200"", ""sel_9th_pre_req_pre"": ""0"", ""sel_9th_pre_req"": ""31"", ""sel_9th_pre_bid"": ""-72100"", ""sel_8th_pre_req_pre"": ""0"", ""sel_8th_pre_req"": ""151"", ""sel_8th_pre_bid"": ""-72000"", ""sel_7th_pre_req_pre"": ""0"", ""sel_7th_pre_req"": ""415"", ""sel_7th_pre_bid"": ""-71900"", ""sel_6th_pre_req_pre"": ""0"", ""sel_6th_pre_req"": ""1"", ""sel_6th_pre_bid"": ""-71800"", ""sel_5th_pre_req_pre"": ""0"", ""sel_5th_pre_req"": ""34"", ""sel_5th_pre_bid"": ""-71700"", ""sel_4th_pre_req_pre"": ""0"", ""sel_4th_pre_req"": ""33"", ""sel_4th_pre_bid"": ""-71600"", ""sel_3th_pre_req_pre"": ""0"", ""sel_3th_pre_req"": ""107"", ""sel_3th_pre_bid"": ""-71500"", ""sel_2th_pre_req_pre"": ""0"", ""sel_2th_pre_req"": ""593"", ""sel_2th_pre_bid"": ""-71400"", ""sel_1th_pre_req_pre"": ""+21"", ""sel_fpr_req"": ""3389"", ""sel_fpr_bid"": ""-71300"", ""buy_fpr_bid"": ""-71200"", ""buy_fpr_req"": ""2616"", ""buy_1th_pre_req_pre"": ""0"", ""buy_2th_pre_bid"": ""-71100"", ""buy_2th_pre_req"": ""528"", ""buy_2th_pre_req_pre"": ""0"", ""buy_3th_pre_bid"": ""-71000"", ""buy_3th_pre_req"": ""1284"", ""buy_3th_pre_req_pre"": ""0"", ""buy_4th_pre_bid"": ""-70900"", ""buy_4th_pre_req"": ""2119"", ""buy_4th_pre_req_pre"": ""0"", ""buy_5th_pre_bid"": ""-70800"", ""buy_5th_pre_req"": ""164"", ""buy_5th_pre_req_pre"": ""0"", ""buy_6th_pre_bid"": ""-70700"", ""buy_6th_pre_req"": ""72"", ""buy_6th_pre_req_pre"": ""0"", ""buy_7th_pre_bid"": ""-70600"", ""buy_7th_pre_req"": ""87"", ""buy_7th_pre_req_pre"": ""0"", ""buy_8th_pre_bid"": ""-70500"", ""buy_8th_pre_req"": ""326"", ""buy_8th_pre_req_pre"": ""0"", ""buy_9th_pre_bid"": ""-70400"", ""buy_9th_pre_req"": ""112"", ""buy_9th_pre_req_pre"": ""0"", ""buy_10th_pre_bid"": ""-70300"", ""buy_10th_pre_req"": ""115"", ""buy_10th_pre_req_pre"": ""0"", ""tot_sel_req_jub_pre"": ""+21"", ""tot_sel_req"": ""4763"", ""tot_buy_req"": ""7423"", ""tot_buy_req_jub_pre"": ""0"", ""ovt_sel_req_pre"": ""0"", ""ovt_sel_req"": ""0"", ""ovt_buy_req"": ""0"", ""ovt_buy_req_pre"": ""0"", ""return_code"": 0, ""return_msg"": ""정상적으로 처리되었습니다""}"
2026-06-10,scan_candidate,003230,,0,main_scan,1150000,,1150000,1149000,1150000,1152000,0.08695652173913043,0.08695652173913043,,,,,,"{""bid_req_base_tm"": ""103115"", ""sel_10th_pre_req_pre"": ""0"", ""sel_10th_pre_req"": ""33"", ""sel_10th_pre_bid"": ""+1159000"", ""sel_9th_pre_req_pre"": ""0"", ""sel_9th_pre_req"": ""5"", ""sel_9th_pre_bid"": ""+1158000"", ""sel_8th_pre_req_pre"": ""0"", ""sel_8th_pre_req"": ""7"", ""sel_8th_pre_bid"": ""+1157000"", ""sel_7th_pre_req_pre"": ""0"", ""sel_7th_pre_req"": ""12"", ""sel_7th_pre_bid"": ""+1156000"", ""sel_6th_pre_req_pre"": ""0"", ""sel_6th_pre_req"": ""12"", ""sel_6th_pre_bid"": ""+1155000"", ""sel_5th_pre_req_pre"": ""0"", ""sel_5th_pre_req"": ""9"", ""sel_5th_pre_bid"": ""+1154000"", ""sel_4th_pre_req_pre"": ""0"", ""sel_4th_pre_req"": ""2"", ""sel_4th_pre_bid"": ""+1153000"", ""sel_3th_pre_req_pre"": ""0"", ""sel_3th_pre_req"": ""17"", ""sel_3th_pre_bid"": ""+1152000"", ""sel_2th_pre_req_pre"": ""0"", ""sel_2th_pre_req"": ""13"", ""sel_2th_pre_bid"": ""+1151000"", ""sel_1th_pre_req_pre"": ""0"", ""sel_fpr_req"": ""14"", ""sel_fpr_bid"": ""+1150000"", ""buy_fpr_bid"": ""+1149000"", ""buy_fpr_req"": ""16"", ""buy_1th_pre_req_pre"": ""+1"", ""buy_2th_pre_bid"": ""+1148000"", ""buy_2th_pre_req"": ""32"", ""buy_2th_pre_req_pre"": ""0"", ""buy_3th_pre_bid"": ""+1147000"", ""buy_3th_pre_req"": ""8"", ""buy_3th_pre_req_pre"": ""0"", ""buy_4th_pre_bid"": ""+1146000"", ""buy_4th_pre_req"": ""44"", ""buy_4th_pre_req_pre"": ""0"", ""buy_5th_pre_bid"": ""+1145000"", ""buy_5th_pre_req"": ""50"", ""buy_5th_pre_req_pre"": ""0"", ""buy_6th_pre_bid"": ""+1144000"", ""buy_6th_pre_req"": ""9"", ""buy_6th_pre_req_pre"": ""0"", ""buy_7th_pre_bid"": ""+1143000"", ""buy_7th_pre_req"": ""5"", ""buy_7th_pre_req_pre"": ""0"", ""buy_8th_pre_bid"": ""+1142000"", ""buy_8th_pre_req"": ""5"", ""buy_8th_pre_req_pre"": ""0"", ""buy_9th_pre_bid"": ""+1141000"", ""buy_9th_pre_req"": ""8"", ""buy_9th_pre_req_pre"": ""0"", ""buy_10th_pre_bid"": ""+1140000"", ""buy_10th_pre_req"": ""22"", ""buy_10th_pre_req_pre"": ""0"", ""tot_sel_req_jub_pre"": ""0"", ""tot_sel_req"": ""124"", ""tot_buy_req"": ""199"", ""tot_buy_req_jub_pre"": ""+1"", ""ovt_sel_req_pre"": ""0"", ""ovt_sel_req"": ""0"", ""ovt_buy_req"": ""0"", ""ovt_buy_req_pre"": ""0"", ""return_code"": 0, ""return_msg"": ""정상적으로 처리되었습니다""}"
2026-06-10,scan_candidate,000880,,0,main_scan,119100,,119100,119000,119100,118500,-0.9235936188077246,0.08396305625524769,,,,,,"{""bid_req_base_tm"": ""103117"", ""sel_10th_pre_req_pre"": ""0"", ""sel_10th_pre_req"": ""80"", ""sel_10th_pre_bid"": ""+120100"", ""sel_9th_pre_req_pre"": ""0"", ""sel_9th_pre_req"": ""353"", ""sel_9th_pre_bid"": ""+120000"", ""sel_8th_pre_req_pre"": ""0"", ""sel_8th_pre_req"": ""191"", ""sel_8th_pre_bid"": ""+119900"", ""sel_7th_pre_req_pre"": ""0"", ""sel_7th_pre_req"": ""21"", ""sel_7th_pre_bid"": ""+119800"", ""sel_6th_pre_req_pre"": ""0"", ""sel_6th_pre_req"": ""1014"", ""sel_6th_pre_bid"": ""+119700"", ""sel_5th_pre_req_pre"": ""0"", ""sel_5th_pre_req"": ""707"", ""sel_5th_pre_bid"": ""+119600"", ""sel_4th_pre_req_pre"": ""0"", ""sel_4th_pre_req"": ""42"", ""sel_4th_pre_bid"": ""+119500"", ""sel_3th_pre_req_pre"": ""0"", ""sel_3th_pre_req"": ""93"", ""sel_3th_pre_bid"": ""+119400"", ""sel_2th_pre_req_pre"": ""0"", ""sel_2th_pre_req"": ""21"", ""sel_2th_pre_bid"": ""+119300"", ""sel_1th_pre_req_pre"": ""0"", ""sel_fpr_req"": ""55"", ""sel_fpr_bid"": ""+119100"", ""buy_fpr_bid"": ""+119000"", ""buy_fpr_req"": ""100"", ""buy_1th_pre_req_pre"": ""+76"", ""buy_2th_pre_bid"": ""+118700"", ""buy_2th_pre_req"": ""75"", ""buy_2th_pre_req_pre"": ""0"", ""buy_3th_pre_bid"": ""+118600"", ""buy_3th_pre_req"": ""26"", ""buy_3th_pre_req_pre"": ""0"", ""buy_4th_pre_bid"": ""+118500"", ""buy_4th_pre_req"": ""632"", ""buy_4th_pre_req_pre"": ""0"", ""buy_5th_pre_bid"": ""+118300"", ""buy_5th_pre_req"": ""86"", ""buy_5th_pre_req_pre"": ""--39"", ""buy_6th_pre_bid"": ""+118000"", ""buy_6th_pre_req"": ""7"", ""buy_6th_pre_req_pre"": ""0"", ""buy_7th_pre_bid"": ""+117900"", ""buy_7th_pre_req"": ""2"", ""buy_7th_pre_req_pre"": ""0"", ""buy_8th_pre_bid"": ""+117800"", ""buy_8th_pre_req"": ""5"", ""buy_8th_pre_req_pre"": ""0"", ""buy_9th_pre_bid"": ""+117600"", ""buy_9th_pre_req"": ""5"", ""buy_9th_pre_req_pre"": ""0"", ""buy_10th_pre_bid"": ""+117500"", ""buy_10th_pre_req"": ""154"", ""buy_10th_pre_req_pre"": ""0"", ""tot_sel_req_jub_pre"": ""0"", ""tot_sel_req"": ""2577"", ""tot_buy_req"": ""1092"", ""tot_buy_req_jub_pre"": ""+37"", ""ovt_sel_req_pre"": ""0"", ""ovt_sel_req"": ""0"", ""ovt_buy_req"": ""0"", ""ovt_buy_req_pre"": ""0"", ""return_code"": 0, ""return_msg"": ""정상적으로 처리되었습니다""}"
2026-06-10,scan_candidate,180640,,0,main_scan,119300,,119300,118900,119300,119000,-0.6705783738474435,0.3352891869237217,,,,,,"{""bid_req_base_tm"": ""103115"", ""sel_10th_pre_req_pre"": ""0"", ""sel_10th_pre_req"": ""628"", ""sel_10th_pre_bid"": ""+120900"", ""sel_9th_pre_req_pre"": ""0"", ""sel_9th_pre_req"": ""385"", ""sel_9th_pre_bid"": ""+120800"", ""sel_8th_pre_req_pre"": ""0"", ""sel_8th_pre_req"": ""56"", ""sel_8th_pre_bid"": ""+120700"", ""sel_7th_pre_req_pre"": ""0"", ""sel_7th_pre_req"": ""10"", ""sel_7th_pre_bid"": ""+120500"", ""sel_6th_pre_req_pre"": ""0"", ""sel_6th_pre_req"": ""90"", ""sel_6th_pre_bid"": ""+120300"", ""sel_5th_pre_req_pre"": ""0"", ""sel_5th_pre_req"": ""3"", ""sel_5th_pre_bid"": ""+120000"", ""sel_4th_pre_req_pre"": ""0"", ""sel_4th_pre_req"": ""2"", ""sel_4th_pre_bid"": ""+119600"", ""sel_3th_pre_req_pre"": ""0"", ""sel_3th_pre_req"": ""10"", ""sel_3th_pre_bid"": ""+119500"", ""sel_2th_pre_req_pre"": ""--23"", ""sel_2th_pre_req"": ""36"", ""sel_2th_pre_bid"": ""+119400"", ""sel_1th_pre_req_pre"": ""+48"", ""sel_fpr_req"": ""69"", ""sel_fpr_bid"": ""+119300"", ""buy_fpr_bid"": ""+118900"", ""buy_fpr_req"": ""11"", ""buy_1th_pre_req_pre"": ""0"", ""buy_2th_pre_bid"": ""+118800"", ""buy_2th_pre_req"": ""168"", ""buy_2th_pre_req_pre"": ""0"", ""buy_3th_pre_bid"": ""+118400"", ""buy_3th_pre_req"": ""326"", ""buy_3th_pre_req_pre"": ""0"", ""buy_4th_pre_bid"": ""+118300"", ""buy_4th_pre_req"": ""6"", ""buy_4th_pre_req_pre"": ""0"", ""buy_5th_pre_bid"": ""+118200"", ""buy_5th_pre_req"": ""2"", ""buy_5th_pre_req_pre"": ""0"", ""buy_6th_pre_bid"": ""+118100"", ""buy_6th_pre_req"": ""105"", ""buy_6th_pre_req_pre"": ""0"", ""buy_7th_pre_bid"": ""+118000"", ""buy_7th_pre_req"": ""102"", ""buy_7th_pre_req_pre"": ""0"", ""buy_8th_pre_bid"": ""+117900"", ""buy_8th_pre_req"": ""49"", ""buy_8th_pre_req_pre"": ""0"", ""buy_9th_pre_bid"": ""+117700"", ""buy_9th_pre_req"": ""7"", ""buy_9th_pre_req_pre"": ""0"", ""buy_10th_pre_bid"": ""+117600"", ""buy_10th_pre_req"": ""2"", ""buy_10th_pre_req_pre"": ""0"", ""tot_sel_req_jub_pre"": ""+25"", ""tot_sel_req"": ""1289"", ""tot_buy_req"": ""778"", ""tot_buy_req_jub_pre"": ""0"", ""ovt_sel_req_pre"": ""0"", ""ovt_sel_req"": ""0"", ""ovt_buy_req"": ""0"", ""ovt_buy_req_pre"": ""0"", ""return_code"": 0, ""return_msg"": ""정상적으로 처리되었습니다""}"
2026-06-10,scan_candidate,454910,,0,main_scan,110800,,110800,110700,110800,110500,-0.7220216606498195,0.09025270758122744,,,,,,"{""bid_req_base_tm"": ""103117"", ""sel_10th_pre_req_pre"": ""0"", ""sel_10th_pre_req"": ""987"", ""sel_10th_pre_bid"": ""-111700"", ""sel_9th_pre_req_pre"": ""0"", ""sel_9th_pre_req"": ""306"", ""sel_9th_pre_bid"": ""-111600"", ""sel_8th_pre_req_pre"": ""0"", ""sel_8th_pre_req"": ""289"", ""sel_8th_pre_bid"": ""-111500"", ""sel_7th_pre_req_pre"": ""0"", ""sel_7th_pre_req"": ""129"", ""sel_7th_pre_bid"": ""-111400"", ""sel_6th_pre_req_pre"": ""0"", ""sel_6th_pre_req"": ""148"", ""sel_6th_pre_bid"": ""-111300"", ""sel_5th_pre_req_pre"": ""0"", ""sel_5th_pre_req"": ""114"", ""sel_5th_pre_bid"": ""-111200"", ""sel_4th_pre_req_pre"": ""0"", ""sel_4th_pre_req"": ""291"", ""sel_4th_pre_bid"": ""-111100"", ""sel_3th_pre_req_pre"": ""0"", ""sel_3th_pre_req"": ""3"", ""sel_3th_pre_bid"": ""-111000"", ""sel_2th_pre_req_pre"": ""0"", ""sel_2th_pre_req"": ""106"", ""sel_2th_pre_bid"": ""-110900"", ""sel_1th_pre_req_pre"": ""0"", ""sel_fpr_req"": ""369"", ""sel_fpr_bid"": ""-110800"", ""buy_fpr_bid"": ""-110700"", ""buy_fpr_req"": ""48"", ""buy_1th_pre_req_pre"": ""--50"", ""buy_2th_pre_bid"": ""-110600"", ""buy_2th_pre_req"": ""188"", ""buy_2th_pre_req_pre"": ""0"", ""buy_3th_pre_bid"": ""-110500"", ""buy_3th_pre_req"": ""657"", ""buy_3th_pre_req_pre"": ""0"", ""buy_4th_pre_bid"": ""-110400"", ""buy_4th_pre_req"": ""69"", ""buy_4th_pre_req_pre"": ""0"", ""buy_5th_pre_bid"": ""-110300"", ""buy_5th_pre_req"": ""152"", ""buy_5th_pre_req_pre"": ""0"", ""buy_6th_pre_bid"": ""-110200"", ""buy_6th_pre_req"": ""193"", ""buy_6th_pre_req_pre"": ""0"", ""buy_7th_pre_bid"": ""-110100"", ""buy_7th_pre_req"": ""372"", ""buy_7th_pre_req_pre"": ""0"", ""buy_8th_pre_bid"": ""-110000"", ""buy_8th_pre_req"": ""2606"", ""buy_8th_pre_req_pre"": ""0"", ""buy_9th_pre_bid"": ""-109900"", ""buy_9th_pre_req"": ""573"", ""buy_9th_pre_req_pre"": ""0"", ""buy_10th_pre_bid"": ""-109800"", ""buy_10th_pre_req"": ""841"", ""buy_10th_pre_req_pre"": ""0"", ""tot_sel_req_jub_pre"": ""0"", ""tot_sel_req"": ""2742"", ""tot_buy_req"": ""5699"", ""tot_buy_req_jub_pre"": ""+407"", ""ovt_sel_req_pre"": ""0"", ""ovt_sel_req"": ""0"", ""ovt_buy_req"": ""0"", ""ovt_buy_req_pre"": ""0"", ""return_code"": 0, ""return_msg"": ""정상적으로 처리되었습니다""}"
2026-06-10,scan_candidate,353200,,0,main_scan,159300,,159300,158900,159300,158500,-0.8160703075957313,0.25109855618330196,,,,,,"{""bid_req_base_tm"": ""103117"", ""sel_10th_pre_req_pre"": ""0"", ""sel_10th_pre_req"": ""141"", ""sel_10th_pre_bid"": ""+160300"", ""sel_9th_pre_req_pre"": ""0"", ""sel_9th_pre_req"": ""48"", ""sel_9th_pre_bid"": ""+160200"", ""sel_8th_pre_req_pre"": ""0"", ""sel_8th_pre_req"": ""82"", ""sel_8th_pre_bid"": ""+160100"", ""sel_7th_pre_req_pre"": ""0"", ""sel_7th_pre_req"": ""365"", ""sel_7th_pre_bid"": ""+160000"", ""sel_6th_pre_req_pre"": ""0"", ""sel_6th_pre_req"": ""425"", ""sel_6th_pre_bid"": ""+159900"", ""sel_5th_pre_req_pre"": ""0"", ""sel_5th_pre_req"": ""130"", ""sel_5th_pre_bid"": ""+159800"", ""sel_4th_pre_req_pre"": ""0"", ""sel_4th_pre_req"": ""440"", ""sel_4th_pre_bid"": ""+159700"", ""sel_3th_pre_req_pre"": ""--20"", ""sel_3th_pre_req"": ""15"", ""sel_3th_pre_bid"": ""+159600"", ""sel_2th_pre_req_pre"": ""--20"", ""sel_2th_pre_req"": ""312"", ""sel_2th_pre_bid"": ""+159500"", ""sel_1th_pre_req_pre"": ""0"", ""sel_fpr_req"": ""1"", ""sel_fpr_bid"": ""+159300"", ""buy_fpr_bid"": ""+158900"", ""buy_fpr_req"": ""1"", ""buy_1th_pre_req_pre"": ""0"", ""buy_2th_pre_bid"": ""+158800"", ""buy_2th_pre_req"": ""92"", ""buy_2th_pre_req_pre"": ""0"", ""buy_3th_pre_bid"": ""+158700"", ""buy_3th_pre_req"": ""122"", ""buy_3th_pre_req_pre"": ""--9"", ""buy_4th_pre_bid"": ""+158600"", ""buy_4th_pre_req"": ""23"", ""buy_4th_pre_req_pre"": ""0"", ""buy_5th_pre_bid"": ""+158500"", ""buy_5th_pre_req"": ""266"", ""buy_5th_pre_req_pre"": ""0"", ""buy_6th_pre_bid"": ""+158400"", ""buy_6th_pre_req"": ""28"", ""buy_6th_pre_req_pre"": ""0"", ""buy_7th_pre_bid"": ""+158300"", ""buy_7th_pre_req"": ""81"", ""buy_7th_pre_req_pre"": ""0"", ""buy_8th_pre_bid"": ""+158200"", ""buy_8th_pre_req"": ""115"", ""buy_8th_pre_req_pre"": ""0"", ""buy_9th_pre_bid"": ""+158100"", ""buy_9th_pre_req"": ""88"", ""buy_9th_pre_req_pre"": ""0"", ""buy_10th_pre_bid"": ""+158000"", ""buy_10th_pre_req"": ""285"", ""buy_10th_pre_req_pre"": ""0"", ""tot_sel_req_jub_pre"": ""--192"", ""tot_sel_req"": ""1959"", ""tot_buy_req"": ""1101"", ""tot_buy_req_jub_pre"": ""--9"", ""ovt_sel_req_pre"": ""0"", ""ovt_sel_req"": ""0"", ""ovt_buy_req"": ""0"", ""ovt_buy_req_pre"": ""0"", ""return_code"": 0, ""return_msg"": ""정상적으로 처리되었습니다""}"
2026-06-10,scan_candidate,034220,,0,main_scan,13270,,13270,13260,13270,13250,-0.5275056518462697,0.07535795026375283,,,,,,"{""bid_req_base_tm"": ""103118"", ""sel_10th_pre_req_pre"": ""0"", ""sel_10th_pre_req"": ""1057"", ""sel_10th_pre_bid"": ""-13360"", ""sel_9th_pre_req_pre"": ""0"", ""sel_9th_pre_req"": ""1727"", ""sel_9th_pre_bid"": ""-13350"", ""sel_8th_pre_req_pre"": ""0"", ""sel_8th_pre_req"": ""1270"", ""sel_8th_pre_bid"": ""-13340"", ""sel_7th_pre_req_pre"": ""--2"", ""sel_7th_pre_req"": ""2173"", ""sel_7th_pre_bid"": ""-13330"", ""sel_6th_pre_req_pre"": ""0"", ""sel_6th_pre_req"": ""682"", ""sel_6th_pre_bid"": ""-13320"", ""sel_5th_pre_req_pre"": ""0"", ""sel_5th_pre_req"": ""386"", ""sel_5th_pre_bid"": ""-13310"", ""sel_4th_pre_req_pre"": ""+2"", ""sel_4th_pre_req"": ""2512"", ""sel_4th_pre_bid"": ""-13300"", ""sel_3th_pre_req_pre"": ""0"", ""sel_3th_pre_req"": ""629"", ""sel_3th_pre_bid"": ""-13290"", ""sel_2th_pre_req_pre"": ""0"", ""sel_2th_pre_req"": ""200"", ""sel_2th_pre_bid"": ""-13280"", ""sel_1th_pre_req_pre"": ""0"", ""sel_fpr_req"": ""584"", ""sel_fpr_bid"": ""-13270"", ""buy_fpr_bid"": ""-13260"", ""buy_fpr_req"": ""870"", ""buy_1th_pre_req_pre"": ""0"", ""buy_2th_pre_bid"": ""-13250"", ""buy_2th_pre_req"": ""1318"", ""buy_2th_pre_req_pre"": ""0"", ""buy_3th_pre_bid"": ""-13240"", ""buy_3th_pre_req"": ""1255"", ""buy_3th_pre_req_pre"": ""0"", ""buy_4th_pre_bid"": ""-13230"", ""buy_4th_pre_req"": ""1265"", ""buy_4th_pre_req_pre"": ""0"", ""buy_5th_pre_bid"": ""-13220"", ""buy_5th_pre_req"": ""1017"", ""buy_5th_pre_req_pre"": ""0"", ""buy_6th_pre_bid"": ""-13210"", ""buy_6th_pre_req"": ""1706"", ""buy_6th_pre_req_pre"": ""0"", ""buy_7th_pre_bid"": ""-13200"", ""buy_7th_pre_req"": ""6484"", ""buy_7th_pre_req_pre"": ""0"", ""buy_8th_pre_bid"": ""-13190"", ""buy_8th_pre_req"": ""1602"", ""buy_8th_pre_req_pre"": ""0"", ""buy_9th_pre_bid"": ""-13180"", ""buy_9th_pre_req"": ""1025"", ""buy_9th_pre_req_pre"": ""0"", ""buy_10th_pre_bid"": ""-13170"", ""buy_10th_pre_req"": ""625"", ""buy_10th_pre_req_pre"": ""0"", ""tot_sel_req_jub_pre"": ""0"", ""tot_sel_req"": ""11220"", ""tot_buy_req"": ""17167"", ""tot_buy_req_jub_pre"": ""0"", ""ovt_sel_req_pre"": ""0"", ""ovt_sel_req"": ""0"", ""ovt_buy_req"": ""0"", ""ovt_buy_req_pre"": ""0"", ""return_code"": 0, ""return_msg"": ""정상적으로 처리되었습니다""}"
2026-06-10,scan_candidate,267270,,0,main_scan,149300,,149300,149200,149300,148500,-0.8707300736771602,0.06697923643670461,,,,,,"{""bid_req_base_tm"": ""103117"", ""sel_10th_pre_req_pre"": ""0"", ""sel_10th_pre_req"": ""7"", ""sel_10th_pre_bid"": ""+150300"", ""sel_9th_pre_req_pre"": ""0"", ""sel_9th_pre_req"": ""23"", ""sel_9th_pre_bid"": ""+150100"", ""sel_8th_pre_req_pre"": ""0"", ""sel_8th_pre_req"": ""108"", ""sel_8th_pre_bid"": ""+150000"", ""sel_7th_pre_req_pre"": ""0"", ""sel_7th_pre_req"": ""102"", ""sel_7th_pre_bid"": ""+149900"", ""sel_6th_pre_req_pre"": ""0"", ""sel_6th_pre_req"": ""51"", ""sel_6th_pre_bid"": ""+149800"", ""sel_5th_pre_req_pre"": ""0"", ""sel_5th_pre_req"": ""9"", ""sel_5th_pre_bid"": ""+149700"", ""sel_4th_pre_req_pre"": ""0"", ""sel_4th_pre_req"": ""3"", ""sel_4th_pre_bid"": ""+149600"", ""sel_3th_pre_req_pre"": ""0"", ""sel_3th_pre_req"": ""63"", ""sel_3th_pre_bid"": ""+149500"", ""sel_2th_pre_req_pre"": ""0"", ""sel_2th_pre_req"": ""39"", ""sel_2th_pre_bid"": ""+149400"", ""sel_1th_pre_req_pre"": ""0"", ""sel_fpr_req"": ""72"", ""sel_fpr_bid"": ""+149300"", ""buy_fpr_bid"": ""+149200"", ""buy_fpr_req"": ""57"", ""buy_1th_pre_req_pre"": ""+7"", ""buy_2th_pre_bid"": ""+149100"", ""buy_2th_pre_req"": ""16"", ""buy_2th_pre_req_pre"": ""0"", ""buy_3th_pre_bid"": ""+149000"", ""buy_3th_pre_req"": ""14"", ""buy_3th_pre_req_pre"": ""0"", ""buy_4th_pre_bid"": ""+148900"", ""buy_4th_pre_req"": ""2"", ""buy_4th_pre_req_pre"": ""0"", ""buy_5th_pre_bid"": ""+148800"", ""buy_5th_pre_req"": ""24"", ""buy_5th_pre_req_pre"": ""0"", ""buy_6th_pre_bid"": ""+148700"", ""buy_6th_pre_req"": ""4"", ""buy_6th_pre_req_pre"": ""0"", ""buy_7th_pre_bid"": ""+148600"", ""buy_7th_pre_req"": ""13"", ""buy_7th_pre_req_pre"": ""0"", ""buy_8th_pre_bid"": ""+148500"", ""buy_8th_pre_req"": ""21"", ""buy_8th_pre_req_pre"": ""0"", ""buy_9th_pre_bid"": ""+148400"", ""buy_9th_pre_req"": ""14"", ""buy_9th_pre_req_pre"": ""0"", ""buy_10th_pre_bid"": ""+148300"", ""buy_10th_pre_req"": ""10"", ""buy_10th_pre_req_pre"": ""0"", ""tot_sel_req_jub_pre"": ""0"", ""tot_sel_req"": ""477"", ""tot_buy_req"": ""175"", ""tot_buy_req_jub_pre"": ""+7"", ""ovt_sel_req_pre"": ""0"", ""ovt_sel_req"": ""0"", ""ovt_buy_req"": ""0"", ""ovt_buy_req_pre"": ""0"", ""return_code"": 0, ""return_msg"": ""정상적으로 처리되었습니다""}"
2026-06-10,scan_candidate,062040,,0,main_scan,227500,,227500,227000,227500,227500,-0.21978021978021978,0.21978021978021978,,,,,,"{""bid_req_base_tm"": ""103117"", ""sel_10th_pre_req_pre"": ""0"", ""sel_10th_pre_req"": ""502"", ""sel_10th_pre_bid"": ""+232000"", ""sel_9th_pre_req_pre"": ""0"", ""sel_9th_pre_req"": ""1037"", ""sel_9th_pre_bid"": ""+231500"", ""sel_8th_pre_req_pre"": ""0"", ""sel_8th_pre_req"": ""171"", ""sel_8th_pre_bid"": ""+231000"", ""sel_7th_pre_req_pre"": ""0"", ""sel_7th_pre_req"": ""104"", ""sel_7th_pre_bid"": ""+230500"", ""sel_6th_pre_req_pre"": ""0"", ""sel_6th_pre_req"": ""161"", ""sel_6th_pre_bid"": ""+230000"", ""sel_5th_pre_req_pre"": ""0"", ""sel_5th_pre_req"": ""63"", ""sel_5th_pre_bid"": ""+229500"", ""sel_4th_pre_req_pre"": ""--1"", ""sel_4th_pre_req"": ""72"", ""sel_4th_pre_bid"": ""+229000"", ""sel_3th_pre_req_pre"": ""0"", ""sel_3th_pre_req"": ""41"", ""sel_3th_pre_bid"": ""+228500"", ""sel_2th_pre_req_pre"": ""0"", ""sel_2th_pre_req"": ""4"", ""sel_2th_pre_bid"": ""+228000"", ""sel_1th_pre_req_pre"": ""+1"", ""sel_fpr_req"": ""128"", ""sel_fpr_bid"": ""+227500"", ""buy_fpr_bid"": ""+227000"", ""buy_fpr_req"": ""404"", ""buy_1th_pre_req_pre"": ""0"", ""buy_2th_pre_bid"": ""+226500"", ""buy_2th_pre_req"": ""115"", ""buy_2th_pre_req_pre"": ""0"", ""buy_3th_pre_bid"": ""+226000"", ""buy_3th_pre_req"": ""293"", ""buy_3th_pre_req_pre"": ""0"", ""buy_4th_pre_bid"": ""+225500"", ""buy_4th_pre_req"": ""296"", ""buy_4th_pre_req_pre"": ""0"", ""buy_5th_pre_bid"": ""225000"", ""buy_5th_pre_req"": ""702"", ""buy_5th_pre_req_pre"": ""0"", ""buy_6th_pre_bid"": ""-224500"", ""buy_6th_pre_req"": ""71"", ""buy_6th_pre_req_pre"": ""0"", ""buy_7th_pre_bid"": ""-224000"", ""buy_7th_pre_req"": ""195"", ""buy_7th_pre_req_pre"": ""0"", ""buy_8th_pre_bid"": ""-223500"", ""buy_8th_pre_req"": ""49"", ""buy_8th_pre_req_pre"": ""0"", ""buy_9th_pre_bid"": ""-223000"", ""buy_9th_pre_req"": ""281"", ""buy_9th_pre_req_pre"": ""0"", ""buy_10th_pre_bid"": ""-222500"", ""buy_10th_pre_req"": ""124"", ""buy_10th_pre_req_pre"": ""0"", ""tot_sel_req_jub_pre"": ""0"", ""tot_sel_req"": ""2283"", ""tot_buy_req"": ""2530"", ""tot_buy_req_jub_pre"": ""0"", ""ovt_sel_req_pre"": ""0"", ""ovt_sel_req"": ""0"", ""ovt_buy_req"": ""0"", ""ovt_buy_req_pre"": ""0"", ""return_code"": 0, ""return_msg"": ""정상적으로 처리되었습니다""}"
2026-06-10,scan_candidate,078930,,0,main_scan,73200,,73200,73100,73200,73300,0.0,0.1366120218579235,,,,,,"{""bid_req_base_tm"": ""103114"", ""sel_10th_pre_req_pre"": ""0"", ""sel_10th_pre_req"": ""64"", ""sel_10th_pre_bid"": ""+74500"", ""sel_9th_pre_req_pre"": ""0"", ""sel_9th_pre_req"": ""96"", ""sel_9th_pre_bid"": ""+74400"", ""sel_8th_pre_req_pre"": ""0"", ""sel_8th_pre_req"": ""2"", ""sel_8th_pre_bid"": ""+74300"", ""sel_7th_pre_req_pre"": ""0"", ""sel_7th_pre_req"": ""91"", ""sel_7th_pre_bid"": ""+74200"", ""sel_6th_pre_req_pre"": ""0"", ""sel_6th_pre_req"": ""110"", ""sel_6th_pre_bid"": ""+74000"", ""sel_5th_pre_req_pre"": ""0"", ""sel_5th_pre_req"": ""2"", ""sel_5th_pre_bid"": ""+73900"", ""sel_4th_pre_req_pre"": ""0"", ""sel_4th_pre_req"": ""18"", ""sel_4th_pre_bid"": ""73800"", ""sel_3th_pre_req_pre"": ""0"", ""sel_3th_pre_req"": ""110"", ""sel_3th_pre_bid"": ""-73400"", ""sel_2th_pre_req_pre"": ""0"", ""sel_2th_pre_req"": ""364"", ""sel_2th_pre_bid"": ""-73300"", ""sel_1th_pre_req_pre"": ""+67"", ""sel_fpr_req"": ""167"", ""sel_fpr_bid"": ""-73200"", ""buy_fpr_bid"": ""-73100"", ""buy_fpr_req"": ""311"", ""buy_1th_pre_req_pre"": ""0"", ""buy_2th_pre_bid"": ""-73000"", ""buy_2th_pre_req"": ""213"", ""buy_2th_pre_req_pre"": ""0"", ""buy_3th_pre_bid"": ""-72900"", ""buy_3th_pre_req"": ""141"", ""buy_3th_pre_req_pre"": ""0"", ""buy_4th_pre_bid"": ""-72800"", ""buy_4th_pre_req"": ""70"", ""buy_4th_pre_req_pre"": ""0"", ""buy_5th_pre_bid"": ""-72700"", ""buy_5th_pre_req"": ""50"", ""buy_5th_pre_req_pre"": ""0"", ""buy_6th_pre_bid"": ""-72500"", ""buy_6th_pre_req"": ""10"", ""buy_6th_pre_req_pre"": ""0"", ""buy_7th_pre_bid"": ""-72400"", ""buy_7th_pre_req"": ""6"", ""buy_7th_pre_req_pre"": ""0"", ""buy_8th_pre_bid"": ""-72300"", ""buy_8th_pre_req"": ""51"", ""buy_8th_pre_req_pre"": ""0"", ""buy_9th_pre_bid"": ""-72200"", ""buy_9th_pre_req"": ""274"", ""buy_9th_pre_req_pre"": ""0"", ""buy_10th_pre_bid"": ""-72100"", ""buy_10th_pre_req"": ""508"", ""buy_10th_pre_req_pre"": ""0"", ""tot_sel_req_jub_pre"": ""+67"", ""tot_sel_req"": ""1024"", ""tot_buy_req"": ""1634"", ""tot_buy_req_jub_pre"": ""0"", ""ovt_sel_req_pre"": ""0"", ""ovt_sel_req"": ""0"", ""ovt_buy_req"": ""0"", ""ovt_buy_req_pre"": ""0"", ""return_code"": 0, ""return_msg"": ""정상적으로 처리되었습니다""}"
2026-06-10,scan_candidate,090430,,0,main_scan,112500,,112500,112200,112500,112000,-0.8888888888888888,0.26666666666666666,,,,,,"{""bid_req_base_tm"": ""103118"", ""sel_10th_pre_req_pre"": ""0"", ""sel_10th_pre_req"": ""184"", ""sel_10th_pre_bid"": ""+113400"", ""sel_9th_pre_req_pre"": ""0"", ""sel_9th_pre_req"": ""166"", ""sel_9th_pre_bid"": ""+113300"", ""sel_8th_pre_req_pre"": ""0"", ""sel_8th_pre_req"": ""27"", ""sel_8th_pre_bid"": ""+113200"", ""sel_7th_pre_req_pre"": ""0"", ""sel_7th_pre_req"": ""65"", ""sel_7th_pre_bid"": ""+113100"", ""sel_6th_pre_req_pre"": ""--10"", ""sel_6th_pre_req"": ""61"", ""sel_6th_pre_bid"": ""+113000"", ""sel_5th_pre_req_pre"": ""0"", ""sel_5th_pre_req"": ""201"", ""sel_5th_pre_bid"": ""+112900"", ""sel_4th_pre_req_pre"": ""0"", ""sel_4th_pre_req"": ""252"", ""sel_4th_pre_bid"": ""+112800"", ""sel_3th_pre_req_pre"": ""0"", ""sel_3th_pre_req"": ""77"", ""sel_3th_pre_bid"": ""+112700"", ""sel_2th_pre_req_pre"": ""0"", ""sel_2th_pre_req"": ""151"", ""sel_2th_pre_bid"": ""+112600"", ""sel_1th_pre_req_pre"": ""0"", ""sel_fpr_req"": ""496"", ""sel_fpr_bid"": ""+112500"", ""buy_fpr_bid"": ""+112200"", ""buy_fpr_req"": ""70"", ""buy_1th_pre_req_pre"": ""0"", ""buy_2th_pre_bid"": ""+112100"", ""buy_2th_pre_req"": ""9"", ""buy_2th_pre_req_pre"": ""0"", ""buy_3th_pre_bid"": ""112000"", ""buy_3th_pre_req"": ""67"", ""buy_3th_pre_req_pre"": ""0"", ""buy_4th_pre_bid"": ""-111900"", ""buy_4th_pre_req"": ""42"", ""buy_4th_pre_req_pre"": ""0"", ""buy_5th_pre_bid"": ""-111800"", ""buy_5th_pre_req"": ""19"", ""buy_5th_pre_req_pre"": ""0"", ""buy_6th_pre_bid"": ""-111700"", ""buy_6th_pre_req"": ""203"", ""buy_6th_pre_req_pre"": ""0"", ""buy_7th_pre_bid"": ""-111600"", ""buy_7th_pre_req"": ""49"", ""buy_7th_pre_req_pre"": ""0"", ""buy_8th_pre_bid"": ""-111500"", ""buy_8th_pre_req"": ""2156"", ""buy_8th_pre_req_pre"": ""0"", ""buy_9th_pre_bid"": ""-111400"", ""buy_9th_pre_req"": ""120"", ""buy_9th_pre_req_pre"": ""0"", ""buy_10th_pre_bid"": ""-111300"", ""buy_10th_pre_req"": ""91"", ""buy_10th_pre_req_pre"": ""0"", ""tot_sel_req_jub_pre"": ""--10"", ""tot_sel_req"": ""1680"", ""tot_buy_req"": ""2826"", ""tot_buy_req_jub_pre"": ""0"", ""ovt_sel_req_pre"": ""0"", ""ovt_sel_req"": ""0"", ""ovt_buy_req"": ""0"", ""ovt_buy_req_pre"": ""0"", ""return_code"": 0, ""return_msg"": ""정상적으로 처리되었습니다""}"
2026-06-10,scan_candidate,004170,,0,main_scan,671000,,671000,670000,671000,672000,0.0,0.14903129657228018,,,,,,"{""bid_req_base_tm"": ""103119"", ""sel_10th_pre_req_pre"": ""0"", ""sel_10th_pre_req"": ""139"", ""sel_10th_pre_bid"": ""+680000"", ""sel_9th_pre_req_pre"": ""0"", ""sel_9th_pre_req"": ""33"", ""sel_9th_pre_bid"": ""+679000"", ""sel_8th_pre_req_pre"": ""0"", ""sel_8th_pre_req"": ""60"", ""sel_8th_pre_bid"": ""+678000"", ""sel_7th_pre_req_pre"": ""0"", ""sel_7th_pre_req"": ""5"", ""sel_7th_pre_bid"": ""+677000"", ""sel_6th_pre_req_pre"": ""0"", ""sel_6th_pre_req"": ""7"", ""sel_6th_pre_bid"": ""+676000"", ""sel_5th_pre_req_pre"": ""0"", ""sel_5th_pre_req"": ""48"", ""sel_5th_pre_bid"": ""+675000"", ""sel_4th_pre_req_pre"": ""0"", ""sel_4th_pre_req"": ""36"", ""sel_4th_pre_bid"": ""+674000"", ""sel_3th_pre_req_pre"": ""0"", ""sel_3th_pre_req"": ""101"", ""sel_3th_pre_bid"": ""+673000"", ""sel_2th_pre_req_pre"": ""+2"", ""sel_2th_pre_req"": ""87"", ""sel_2th_pre_bid"": ""+672000"", ""sel_1th_pre_req_pre"": ""0"", ""sel_fpr_req"": ""140"", ""sel_fpr_bid"": ""+671000"", ""buy_fpr_bid"": ""+670000"", ""buy_fpr_req"": ""416"", ""buy_1th_pre_req_pre"": ""0"", ""buy_2th_pre_bid"": ""+669000"", ""buy_2th_pre_req"": ""16"", ""buy_2th_pre_req_pre"": ""0"", ""buy_3th_pre_bid"": ""+668000"", ""buy_3th_pre_req"": ""58"", ""buy_3th_pre_req_pre"": ""0"", ""buy_4th_pre_bid"": ""+667000"", ""buy_4th_pre_req"": ""58"", ""buy_4th_pre_req_pre"": ""0"", ""buy_5th_pre_bid"": ""+666000"", ""buy_5th_pre_req"": ""102"", ""buy_5th_pre_req_pre"": ""0"", ""buy_6th_pre_bid"": ""+665000"", ""buy_6th_pre_req"": ""664"", ""buy_6th_pre_req_pre"": ""0"", ""buy_7th_pre_bid"": ""+664000"", ""buy_7th_pre_req"": ""21"", ""buy_7th_pre_req_pre"": ""0"", ""buy_8th_pre_bid"": ""+663000"", ""buy_8th_pre_req"": ""92"", ""buy_8th_pre_req_pre"": ""0"", ""buy_9th_pre_bid"": ""+662000"", ""buy_9th_pre_req"": ""49"", ""buy_9th_pre_req_pre"": ""0"", ""buy_10th_pre_bid"": ""+661000"", ""buy_10th_pre_req"": ""20"", ""buy_10th_pre_req_pre"": ""0"", ""tot_sel_req_jub_pre"": ""+2"", ""tot_sel_req"": ""656"", ""tot_buy_req"": ""1496"", ""tot_buy_req_jub_pre"": ""0"", ""ovt_sel_req_pre"": ""0"", ""ovt_sel_req"": ""0"", ""ovt_buy_req"": ""0"", ""ovt_buy_req_pre"": ""0"", ""return_code"": 0, ""return_msg"": ""정상적으로 처리되었습니다""}"
2026-06-10,scan_candidate,036570,,0,main_scan,258500,,258500,258000,258500,258500,-0.19342359767891684,0.19342359767891684,,,,,,"{""bid_req_base_tm"": ""103119"", ""sel_10th_pre_req_pre"": ""0"", ""sel_10th_pre_req"": ""45"", ""sel_10th_pre_bid"": ""-263000"", ""sel_9th_pre_req_pre"": ""0"", ""sel_9th_pre_req"": ""1028"", ""sel_9th_pre_bid"": ""-262500"", ""sel_8th_pre_req_pre"": ""0"", ""sel_8th_pre_req"": ""67"", ""sel_8th_pre_bid"": ""-262000"", ""sel_7th_pre_req_pre"": ""0"", ""sel_7th_pre_req"": ""31"", ""sel_7th_pre_bid"": ""-261500"", ""sel_6th_pre_req_pre"": ""0"", ""sel_6th_pre_req"": ""1"", ""sel_6th_pre_bid"": ""-261000"", ""sel_5th_pre_req_pre"": ""0"", ""sel_5th_pre_req"": ""16"", ""sel_5th_pre_bid"": ""-260500"", ""sel_4th_pre_req_pre"": ""0"", ""sel_4th_pre_req"": ""98"", ""sel_4th_pre_bid"": ""-260000"", ""sel_3th_pre_req_pre"": ""0"", ""sel_3th_pre_req"": ""21"", ""sel_3th_pre_bid"": ""-259500"", ""sel_2th_pre_req_pre"": ""0"", ""sel_2th_pre_req"": ""54"", ""sel_2th_pre_bid"": ""-259000"", ""sel_1th_pre_req_pre"": ""--3"", ""sel_fpr_req"": ""199"", ""sel_fpr_bid"": ""-258500"", ""buy_fpr_bid"": ""-258000"", ""buy_fpr_req"": ""41"", ""buy_1th_pre_req_pre"": ""0"", ""buy_2th_pre_bid"": ""-257500"", ""buy_2th_pre_req"": ""104"", ""buy_2th_pre_req_pre"": ""0"", ""buy_3th_pre_bid"": ""-257000"", ""buy_3th_pre_req"": ""37"", ""buy_3th_pre_req_pre"": ""0"", ""buy_4th_pre_bid"": ""-256500"", ""buy_4th_pre_req"": ""81"", ""buy_4th_pre_req_pre"": ""0"", ""buy_5th_pre_bid"": ""-256000"", ""buy_5th_pre_req"": ""147"", ""buy_5th_pre_req_pre"": ""0"", ""buy_6th_pre_bid"": ""-255500"", ""buy_6th_pre_req"": ""208"", ""buy_6th_pre_req_pre"": ""0"", ""buy_7th_pre_bid"": ""-255000"", ""buy_7th_pre_req"": ""292"", ""buy_7th_pre_req_pre"": ""0"", ""buy_8th_pre_bid"": ""-254500"", ""buy_8th_pre_req"": ""346"", ""buy_8th_pre_req_pre"": ""0"", ""buy_9th_pre_bid"": ""-254000"", ""buy_9th_pre_req"": ""324"", ""buy_9th_pre_req_pre"": ""0"", ""buy_10th_pre_bid"": ""-253500"", ""buy_10th_pre_req"": ""465"", ""buy_10th_pre_req_pre"": ""0"", ""tot_sel_req_jub_pre"": ""--3"", ""tot_sel_req"": ""1560"", ""tot_buy_req"": ""2045"", ""tot_buy_req_jub_pre"": ""0"", ""ovt_sel_req_pre"": ""0"", ""ovt_sel_req"": ""0"", ""ovt_buy_req"": ""0"", ""ovt_buy_req_pre"": ""0"", ""return_code"": 0, ""return_msg"": ""정상적으로 처리되었습니다""}"
2026-06-10,scan_candidate,271560,,0,main_scan,131800,,131800,131700,131800,132500,0.15174506828528073,0.07587253414264036,,,,,,"{""bid_req_base_tm"": ""103119"", ""sel_10th_pre_req_pre"": ""0"", ""sel_10th_pre_req"": ""27"", ""sel_10th_pre_bid"": ""+133500"", ""sel_9th_pre_req_pre"": ""0"", ""sel_9th_pre_req"": ""3"", ""sel_9th_pre_bid"": ""+133300"", ""sel_8th_pre_req_pre"": ""0"", ""sel_8th_pre_req"": ""3"", ""sel_8th_pre_bid"": ""+133200"", ""sel_7th_pre_req_pre"": ""0"", ""sel_7th_pre_req"": ""2"", ""sel_7th_pre_bid"": ""-132800"", ""sel_6th_pre_req_pre"": ""0"", ""sel_6th_pre_req"": ""2"", ""sel_6th_pre_bid"": ""-132700"", ""sel_5th_pre_req_pre"": ""0"", ""sel_5th_pre_req"": ""34"", ""sel_5th_pre_bid"": ""-132400"", ""sel_4th_pre_req_pre"": ""0"", ""sel_4th_pre_req"": ""37"", ""sel_4th_pre_bid"": ""-132300"", ""sel_3th_pre_req_pre"": ""0"", ""sel_3th_pre_req"": ""25"", ""sel_3th_pre_bid"": ""-132200"", ""sel_2th_pre_req_pre"": ""--1"", ""sel_2th_pre_req"": ""130"", ""sel_2th_pre_bid"": ""-131900"", ""sel_1th_pre_req_pre"": ""+1"", ""sel_fpr_req"": ""42"", ""sel_fpr_bid"": ""-131800"", ""buy_fpr_bid"": ""-131700"", ""buy_fpr_req"": ""227"", ""buy_1th_pre_req_pre"": ""0"", ""buy_2th_pre_bid"": ""-131500"", ""buy_2th_pre_req"": ""424"", ""buy_2th_pre_req_pre"": ""0"", ""buy_3th_pre_bid"": ""-131300"", ""buy_3th_pre_req"": ""42"", ""buy_3th_pre_req_pre"": ""0"", ""buy_4th_pre_bid"": ""-131200"", ""buy_4th_pre_req"": ""100"", ""buy_4th_pre_req_pre"": ""0"", ""buy_5th_pre_bid"": ""-131100"", ""buy_5th_pre_req"": ""20"", ""buy_5th_pre_req_pre"": ""0"", ""buy_6th_pre_bid"": ""-131000"", ""buy_6th_pre_req"": ""20"", ""buy_6th_pre_req_pre"": ""0"", ""buy_7th_pre_bid"": ""-130900"", ""buy_7th_pre_req"": ""1"", ""buy_7th_pre_req_pre"": ""0"", ""buy_8th_pre_bid"": ""-130700"", ""buy_8th_pre_req"": ""1"", ""buy_8th_pre_req_pre"": ""0"", ""buy_9th_pre_bid"": ""-130600"", ""buy_9th_pre_req"": ""21"", ""buy_9th_pre_req_pre"": ""0"", ""buy_10th_pre_bid"": ""-130500"", ""buy_10th_pre_req"": ""56"", ""buy_10th_pre_req_pre"": ""0"", ""tot_sel_req_jub_pre"": ""0"", ""tot_sel_req"": ""305"", ""tot_buy_req"": ""912"", ""tot_buy_req_jub_pre"": ""0"", ""ovt_sel_req_pre"": ""0"", ""ovt_sel_req"": ""0"", ""ovt_buy_req"": ""0"", ""ovt_buy_req_pre"": ""0"", ""return_code"": 0, ""return_msg"": ""정상적으로 처리되었습니다""}"
2026-06-10,scan_candidate,023530,,0,main_scan,194300,,194300,194200,194300,193500,-0.6690684508492023,0.0514668039114771,,,,,,"{""bid_req_base_tm"": ""103119"", ""sel_10th_pre_req_pre"": ""0"", ""sel_10th_pre_req"": ""17"", ""sel_10th_pre_bid"": ""+195300"", ""sel_9th_pre_req_pre"": ""0"", ""sel_9th_pre_req"": ""63"", ""sel_9th_pre_bid"": ""+195200"", ""sel_8th_pre_req_pre"": ""0"", ""sel_8th_pre_req"": ""43"", ""sel_8th_pre_bid"": ""+195100"", ""sel_7th_pre_req_pre"": ""0"", ""sel_7th_pre_req"": ""5364"", ""sel_7th_pre_bid"": ""+195000"", ""sel_6th_pre_req_pre"": ""0"", ""sel_6th_pre_req"": ""348"", ""sel_6th_pre_bid"": ""+194900"", ""sel_5th_pre_req_pre"": ""0"", ""sel_5th_pre_req"": ""445"", ""sel_5th_pre_bid"": ""+194800"", ""sel_4th_pre_req_pre"": ""0"", ""sel_4th_pre_req"": ""144"", ""sel_4th_pre_bid"": ""+194700"", ""sel_3th_pre_req_pre"": ""0"", ""sel_3th_pre_req"": ""21"", ""sel_3th_pre_bid"": ""+194600"", ""sel_2th_pre_req_pre"": ""0"", ""sel_2th_pre_req"": ""165"", ""sel_2th_pre_bid"": ""+194500"", ""sel_1th_pre_req_pre"": ""+6"", ""sel_fpr_req"": ""18"", ""sel_fpr_bid"": ""+194300"", ""buy_fpr_bid"": ""+194200"", ""buy_fpr_req"": ""64"", ""buy_1th_pre_req_pre"": ""0"", ""buy_2th_pre_bid"": ""+194100"", ""buy_2th_pre_req"": ""8"", ""buy_2th_pre_req_pre"": ""0"", ""buy_3th_pre_bid"": ""+194000"", ""buy_3th_pre_req"": ""24"", ""buy_3th_pre_req_pre"": ""0"", ""buy_4th_pre_bid"": ""+193800"", ""buy_4th_pre_req"": ""37"", ""buy_4th_pre_req_pre"": ""0"", ""buy_5th_pre_bid"": ""+193600"", ""buy_5th_pre_req"": ""2"", ""buy_5th_pre_req_pre"": ""0"", ""buy_6th_pre_bid"": ""+193500"", ""buy_6th_pre_req"": ""62"", ""buy_6th_pre_req_pre"": ""0"", ""buy_7th_pre_bid"": ""+193300"", ""buy_7th_pre_req"": ""171"", ""buy_7th_pre_req_pre"": ""0"", ""buy_8th_pre_bid"": ""+193200"", ""buy_8th_pre_req"": ""26"", ""buy_8th_pre_req_pre"": ""0"", ""buy_9th_pre_bid"": ""+193100"", ""buy_9th_pre_req"": ""6"", ""buy_9th_pre_req_pre"": ""0"", ""buy_10th_pre_bid"": ""+193000"", ""buy_10th_pre_req"": ""20"", ""buy_10th_pre_req_pre"": ""0"", ""tot_sel_req_jub_pre"": ""+17"", ""tot_sel_req"": ""6628"", ""tot_buy_req"": ""420"", ""tot_buy_req_jub_pre"": ""0"", ""ovt_sel_req_pre"": ""0"", ""ovt_sel_req"": ""0"", ""ovt_buy_req"": ""0"", ""ovt_buy_req_pre"": ""0"", ""return_code"": 0, ""return_msg"": ""정상적으로 처리되었습니다""}"
2026-06-10,scan_candidate,175330,,0,main_scan,25550,,25550,25500,25550,25600,0.0,0.19569471624266144,,,,,,"{""bid_req_base_tm"": ""103118"", ""sel_10th_pre_req_pre"": ""0"", ""sel_10th_pre_req"": ""113"", ""sel_10th_pre_bid"": ""+26000"", ""sel_9th_pre_req_pre"": ""0"", ""sel_9th_pre_req"": ""142"", ""sel_9th_pre_bid"": ""+25950"", ""sel_8th_pre_req_pre"": ""0"", ""sel_8th_pre_req"": ""532"", ""sel_8th_pre_bid"": ""25900"", ""sel_7th_pre_req_pre"": ""0"", ""sel_7th_pre_req"": ""454"", ""sel_7th_pre_bid"": ""-25850"", ""sel_6th_pre_req_pre"": ""0"", ""sel_6th_pre_req"": ""158"", ""sel_6th_pre_bid"": ""-25800"", ""sel_5th_pre_req_pre"": ""0"", ""sel_5th_pre_req"": ""286"", ""sel_5th_pre_bid"": ""-25750"", ""sel_4th_pre_req_pre"": ""0"", ""sel_4th_pre_req"": ""124"", ""sel_4th_pre_bid"": ""-25700"", ""sel_3th_pre_req_pre"": ""0"", ""sel_3th_pre_req"": ""491"", ""sel_3th_pre_bid"": ""-25650"", ""sel_2th_pre_req_pre"": ""0"", ""sel_2th_pre_req"": ""817"", ""sel_2th_pre_bid"": ""-25600"", ""sel_1th_pre_req_pre"": ""+93"", ""sel_fpr_req"": ""2223"", ""sel_fpr_bid"": ""-25550"", ""buy_fpr_bid"": ""-25500"", ""buy_fpr_req"": ""1097"", ""buy_1th_pre_req_pre"": ""0"", ""buy_2th_pre_bid"": ""-25450"", ""buy_2th_pre_req"": ""2091"", ""buy_2th_pre_req_pre"": ""0"", ""buy_3th_pre_bid"": ""-25400"", ""buy_3th_pre_req"": ""843"", ""buy_3th_pre_req_pre"": ""0"", ""buy_4th_pre_bid"": ""-25350"", ""buy_4th_pre_req"": ""381"", ""buy_4th_pre_req_pre"": ""0"", ""buy_5th_pre_bid"": ""-25300"", ""buy_5th_pre_req"": ""358"", ""buy_5th_pre_req_pre"": ""0"", ""buy_6th_pre_bid"": ""-25250"", ""buy_6th_pre_req"": ""423"", ""buy_6th_pre_req_pre"": ""0"", ""buy_7th_pre_bid"": ""-25200"", ""buy_7th_pre_req"": ""179"", ""buy_7th_pre_req_pre"": ""0"", ""buy_8th_pre_bid"": ""-25150"", ""buy_8th_pre_req"": ""768"", ""buy_8th_pre_req_pre"": ""0"", ""buy_9th_pre_bid"": ""-25100"", ""buy_9th_pre_req"": ""475"", ""buy_9th_pre_req_pre"": ""0"", ""buy_10th_pre_bid"": ""-25050"", ""buy_10th_pre_req"": ""378"", ""buy_10th_pre_req_pre"": ""0"", ""tot_sel_req_jub_pre"": ""+93"", ""tot_sel_req"": ""5340"", ""tot_buy_req"": ""6993"", ""tot_buy_req_jub_pre"": ""0"", ""ovt_sel_req_pre"": ""0"", ""ovt_sel_req"": ""0"", ""ovt_buy_req"": ""0"", ""ovt_buy_req_pre"": ""0"", ""return_code"": 0, ""return_msg"": ""정상적으로 처리되었습니다""}"
2026-06-10,scan_candidate,088350,,0,main_scan,4875,,4875,4870,4875,4895,0.3076923076923077,0.10256410256410256,,,,,,"{""bid_req_base_tm"": ""103120"", ""sel_10th_pre_req_pre"": ""0"", ""sel_10th_pre_req"": ""1315"", ""sel_10th_pre_bid"": ""-4940"", ""sel_9th_pre_req_pre"": ""0"", ""sel_9th_pre_req"": ""2912"", ""sel_9th_pre_bid"": ""-4935"", ""sel_8th_pre_req_pre"": ""0"", ""sel_8th_pre_req"": ""1011"", ""sel_8th_pre_bid"": ""-4930"", ""sel_7th_pre_req_pre"": ""0"", ""sel_7th_pre_req"": ""7"", ""sel_7th_pre_bid"": ""-4925"", ""sel_6th_pre_req_pre"": ""0"", ""sel_6th_pre_req"": ""2906"", ""sel_6th_pre_bid"": ""-4920"", ""sel_5th_pre_req_pre"": ""0"", ""sel_5th_pre_req"": ""2"", ""sel_5th_pre_bid"": ""-4915"", ""sel_4th_pre_req_pre"": ""0"", ""sel_4th_pre_req"": ""1564"", ""sel_4th_pre_bid"": ""-4905"", ""sel_3th_pre_req_pre"": ""0"", ""sel_3th_pre_req"": ""353"", ""sel_3th_pre_bid"": ""-4900"", ""sel_2th_pre_req_pre"": ""0"", ""sel_2th_pre_req"": ""217"", ""sel_2th_pre_bid"": ""-4895"", ""sel_1th_pre_req_pre"": ""0"", ""sel_fpr_req"": ""2828"", ""sel_fpr_bid"": ""-4875"", ""buy_fpr_bid"": ""-4870"", ""buy_fpr_req"": ""2584"", ""buy_1th_pre_req_pre"": ""0"", ""buy_2th_pre_bid"": ""-4865"", ""buy_2th_pre_req"": ""4731"", ""buy_2th_pre_req_pre"": ""0"", ""buy_3th_pre_bid"": ""-4860"", ""buy_3th_pre_req"": ""3200"", ""buy_3th_pre_req_pre"": ""0"", ""buy_4th_pre_bid"": ""-4855"", ""buy_4th_pre_req"": ""3467"", ""buy_4th_pre_req_pre"": ""0"", ""buy_5th_pre_bid"": ""-4850"", ""buy_5th_pre_req"": ""18219"", ""buy_5th_pre_req_pre"": ""--30"", ""buy_6th_pre_bid"": ""-4845"", ""buy_6th_pre_req"": ""2542"", ""buy_6th_pre_req_pre"": ""0"", ""buy_7th_pre_bid"": ""-4840"", ""buy_7th_pre_req"": ""1257"", ""buy_7th_pre_req_pre"": ""0"", ""buy_8th_pre_bid"": ""-4835"", ""buy_8th_pre_req"": ""1789"", ""buy_8th_pre_req_pre"": ""0"", ""buy_9th_pre_bid"": ""-4830"", ""buy_9th_pre_req"": ""3492"", ""buy_9th_pre_req_pre"": ""0"", ""buy_10th_pre_bid"": ""-4825"", ""buy_10th_pre_req"": ""2962"", ""buy_10th_pre_req_pre"": ""0"", ""tot_sel_req_jub_pre"": ""0"", ""tot_sel_req"": ""13115"", ""tot_buy_req"": ""44243"", ""tot_buy_req_jub_pre"": ""--30"", ""ovt_sel_req_pre"": ""0"", ""ovt_sel_req"": ""0"", ""ovt_buy_req"": ""0"", ""ovt_buy_req_pre"": ""0"", ""return_code"": 0, ""return_msg"": ""정상적으로 처리되었습니다""}"
2026-06-10,scan_candidate,069960,,0,main_scan,165900,,165900,165800,165900,164500,-1.1452682338758287,0.06027727546714888,,,,,,"{""bid_req_base_tm"": ""103120"", ""sel_10th_pre_req_pre"": ""0"", ""sel_10th_pre_req"": ""6"", ""sel_10th_pre_bid"": ""+167400"", ""sel_9th_pre_req_pre"": ""0"", ""sel_9th_pre_req"": ""3"", ""sel_9th_pre_bid"": ""+167200"", ""sel_8th_pre_req_pre"": ""0"", ""sel_8th_pre_req"": ""1"", ""sel_8th_pre_bid"": ""+167100"", ""sel_7th_pre_req_pre"": ""0"", ""sel_7th_pre_req"": ""42"", ""sel_7th_pre_bid"": ""+167000"", ""sel_6th_pre_req_pre"": ""0"", ""sel_6th_pre_req"": ""25"", ""sel_6th_pre_bid"": ""-166700"", ""sel_5th_pre_req_pre"": ""0"", ""sel_5th_pre_req"": ""61"", ""sel_5th_pre_bid"": ""-166500"", ""sel_4th_pre_req_pre"": ""0"", ""sel_4th_pre_req"": ""7"", ""sel_4th_pre_bid"": ""-166200"", ""sel_3th_pre_req_pre"": ""0"", ""sel_3th_pre_req"": ""65"", ""sel_3th_pre_bid"": ""-166100"", ""sel_2th_pre_req_pre"": ""0"", ""sel_2th_pre_req"": ""186"", ""sel_2th_pre_bid"": ""-166000"", ""sel_1th_pre_req_pre"": ""0"", ""sel_fpr_req"": ""47"", ""sel_fpr_bid"": ""-165900"", ""buy_fpr_bid"": ""-165800"", ""buy_fpr_req"": ""77"", ""buy_1th_pre_req_pre"": ""0"", ""buy_2th_pre_bid"": ""-165500"", ""buy_2th_pre_req"": ""2"", ""buy_2th_pre_req_pre"": ""0"", ""buy_3th_pre_bid"": ""-165000"", ""buy_3th_pre_req"": ""1"", ""buy_3th_pre_req_pre"": ""0"", ""buy_4th_pre_bid"": ""-164700"", ""buy_4th_pre_req"": ""6"", ""buy_4th_pre_req_pre"": ""0"", ""buy_5th_pre_bid"": ""-164400"", ""buy_5th_pre_req"": ""16"", ""buy_5th_pre_req_pre"": ""0"", ""buy_6th_pre_bid"": ""-164300"", ""buy_6th_pre_req"": ""1"", ""buy_6th_pre_req_pre"": ""0"", ""buy_7th_pre_bid"": ""-164200"", ""buy_7th_pre_req"": ""40"", ""buy_7th_pre_req_pre"": ""0"", ""buy_8th_pre_bid"": ""-163900"", ""buy_8th_pre_req"": ""66"", ""buy_8th_pre_req_pre"": ""+1"", ""buy_9th_pre_bid"": ""-163800"", ""buy_9th_pre_req"": ""2"", ""buy_9th_pre_req_pre"": ""0"", ""buy_10th_pre_bid"": ""-163500"", ""buy_10th_pre_req"": ""5"", ""buy_10th_pre_req_pre"": ""0"", ""tot_sel_req_jub_pre"": ""0"", ""tot_sel_req"": ""443"", ""tot_buy_req"": ""216"", ""tot_buy_req_jub_pre"": ""+1"", ""ovt_sel_req_pre"": ""0"", ""ovt_sel_req"": ""0"", ""ovt_buy_req"": ""0"", ""ovt_buy_req_pre"": ""0"", ""return_code"": 0, ""return_msg"": ""정상적으로 처리되었습니다""}"
2026-06-10,scan_candidate,111770,,0,main_scan,78400,,78400,78100,78400,78500,0.0,0.3826530612244898,,,,,,"{""bid_req_base_tm"": ""103119"", ""sel_10th_pre_req_pre"": ""0"", ""sel_10th_pre_req"": ""48"", ""sel_10th_pre_bid"": ""+80000"", ""sel_9th_pre_req_pre"": ""0"", ""sel_9th_pre_req"": ""131"", ""sel_9th_pre_bid"": ""+79900"", ""sel_8th_pre_req_pre"": ""0"", ""sel_8th_pre_req"": ""13"", ""sel_8th_pre_bid"": ""+79800"", ""sel_7th_pre_req_pre"": ""0"", ""sel_7th_pre_req"": ""11"", ""sel_7th_pre_bid"": ""+79700"", ""sel_6th_pre_req_pre"": ""0"", ""sel_6th_pre_req"": ""2"", ""sel_6th_pre_bid"": ""+79600"", ""sel_5th_pre_req_pre"": ""0"", ""sel_5th_pre_req"": ""12"", ""sel_5th_pre_bid"": ""+79500"", ""sel_4th_pre_req_pre"": ""0"", ""sel_4th_pre_req"": ""20"", ""sel_4th_pre_bid"": ""+79200"", ""sel_3th_pre_req_pre"": ""0"", ""sel_3th_pre_req"": ""7"", ""sel_3th_pre_bid"": ""+78700"", ""sel_2th_pre_req_pre"": ""0"", ""sel_2th_pre_req"": ""20"", ""sel_2th_pre_bid"": ""+78500"", ""sel_1th_pre_req_pre"": ""0"", ""sel_fpr_req"": ""74"", ""sel_fpr_bid"": ""+78400"", ""buy_fpr_bid"": ""+78100"", ""buy_fpr_req"": ""69"", ""buy_1th_pre_req_pre"": ""0"", ""buy_2th_pre_bid"": ""78000"", ""buy_2th_pre_req"": ""86"", ""buy_2th_pre_req_pre"": ""0"", ""buy_3th_pre_bid"": ""-77900"", ""buy_3th_pre_req"": ""59"", ""buy_3th_pre_req_pre"": ""+12"", ""buy_4th_pre_bid"": ""-77800"", ""buy_4th_pre_req"": ""7"", ""buy_4th_pre_req_pre"": ""0"", ""buy_5th_pre_bid"": ""-77700"", ""buy_5th_pre_req"": ""7"", ""buy_5th_pre_req_pre"": ""0"", ""buy_6th_pre_bid"": ""-77500"", ""buy_6th_pre_req"": ""1"", ""buy_6th_pre_req_pre"": ""0"", ""buy_7th_pre_bid"": ""-77400"", ""buy_7th_pre_req"": ""7"", ""buy_7th_pre_req_pre"": ""0"", ""buy_8th_pre_bid"": ""-77300"", ""buy_8th_pre_req"": ""1"", ""buy_8th_pre_req_pre"": ""0"", ""buy_9th_pre_bid"": ""-77200"", ""buy_9th_pre_req"": ""6"", ""buy_9th_pre_req_pre"": ""0"", ""buy_10th_pre_bid"": ""-77100"", ""buy_10th_pre_req"": ""100"", ""buy_10th_pre_req_pre"": ""0"", ""tot_sel_req_jub_pre"": ""0"", ""tot_sel_req"": ""338"", ""tot_buy_req"": ""343"", ""tot_buy_req_jub_pre"": ""+12"", ""ovt_sel_req_pre"": ""0"", ""ovt_sel_req"": ""0"", ""ovt_buy_req"": ""0"", ""ovt_buy_req_pre"": ""0"", ""return_code"": 0, ""return_msg"": ""정상적으로 처리되었습니다""}"
2026-06-10,scan_candidate,489790,,0,main_scan,69400,,69400,69300,69400,69600,0.1440922190201729,0.1440922190201729,,,,,,"{""bid_req_base_tm"": ""103120"", ""sel_10th_pre_req_pre"": ""0"", ""sel_10th_pre_req"": ""91"", ""sel_10th_pre_bid"": ""+70300"", ""sel_9th_pre_req_pre"": ""0"", ""sel_9th_pre_req"": ""833"", ""sel_9th_pre_bid"": ""+70200"", ""sel_8th_pre_req_pre"": ""0"", ""sel_8th_pre_req"": ""4"", ""sel_8th_pre_bid"": ""+70100"", ""sel_7th_pre_req_pre"": ""0"", ""sel_7th_pre_req"": ""4"", ""sel_7th_pre_bid"": ""+70000"", ""sel_6th_pre_req_pre"": ""0"", ""sel_6th_pre_req"": ""14"", ""sel_6th_pre_bid"": ""+69900"", ""sel_5th_pre_req_pre"": ""0"", ""sel_5th_pre_req"": ""7"", ""sel_5th_pre_bid"": ""+69800"", ""sel_4th_pre_req_pre"": ""0"", ""sel_4th_pre_req"": ""34"", ""sel_4th_pre_bid"": ""+69700"", ""sel_3th_pre_req_pre"": ""0"", ""sel_3th_pre_req"": ""34"", ""sel_3th_pre_bid"": ""+69600"", ""sel_2th_pre_req_pre"": ""+2"", ""sel_2th_pre_req"": ""96"", ""sel_2th_pre_bid"": ""+69500"", ""sel_1th_pre_req_pre"": ""0"", ""sel_fpr_req"": ""148"", ""sel_fpr_bid"": ""+69400"", ""buy_fpr_bid"": ""+69300"", ""buy_fpr_req"": ""69"", ""buy_1th_pre_req_pre"": ""0"", ""buy_2th_pre_bid"": ""+69200"", ""buy_2th_pre_req"": ""228"", ""buy_2th_pre_req_pre"": ""0"", ""buy_3th_pre_bid"": ""+69100"", ""buy_3th_pre_req"": ""367"", ""buy_3th_pre_req_pre"": ""0"", ""buy_4th_pre_bid"": ""+69000"", ""buy_4th_pre_req"": ""719"", ""buy_4th_pre_req_pre"": ""0"", ""buy_5th_pre_bid"": ""+68900"", ""buy_5th_pre_req"": ""150"", ""buy_5th_pre_req_pre"": ""0"", ""buy_6th_pre_bid"": ""+68800"", ""buy_6th_pre_req"": ""65"", ""buy_6th_pre_req_pre"": ""0"", ""buy_7th_pre_bid"": ""+68700"", ""buy_7th_pre_req"": ""40"", ""buy_7th_pre_req_pre"": ""0"", ""buy_8th_pre_bid"": ""+68600"", ""buy_8th_pre_req"": ""217"", ""buy_8th_pre_req_pre"": ""0"", ""buy_9th_pre_bid"": ""+68500"", ""buy_9th_pre_req"": ""161"", ""buy_9th_pre_req_pre"": ""0"", ""buy_10th_pre_bid"": ""+68400"", ""buy_10th_pre_req"": ""97"", ""buy_10th_pre_req_pre"": ""0"", ""tot_sel_req_jub_pre"": ""+2"", ""tot_sel_req"": ""1265"", ""tot_buy_req"": ""2113"", ""tot_buy_req_jub_pre"": ""0"", ""ovt_sel_req_pre"": ""0"", ""ovt_sel_req"": ""0"", ""ovt_buy_req"": ""0"", ""ovt_buy_req_pre"": ""0"", ""return_code"": 0, ""return_msg"": ""정상적으로 처리되었습니다""}"
2026-06-10,scan_candidate,085620,,0,main_scan,22450,,22450,22400,22450,22400,-0.4454342984409799,0.22271714922048996,,,,,,"{""bid_req_base_tm"": ""103120"", ""sel_10th_pre_req_pre"": ""0"", ""sel_10th_pre_req"": ""1080"", ""sel_10th_pre_bid"": ""-22900"", ""sel_9th_pre_req_pre"": ""0"", ""sel_9th_pre_req"": ""1870"", ""sel_9th_pre_bid"": ""-22850"", ""sel_8th_pre_req_pre"": ""0"", ""sel_8th_pre_req"": ""2736"", ""sel_8th_pre_bid"": ""-22800"", ""sel_7th_pre_req_pre"": ""0"", ""sel_7th_pre_req"": ""501"", ""sel_7th_pre_bid"": ""-22750"", ""sel_6th_pre_req_pre"": ""0"", ""sel_6th_pre_req"": ""610"", ""sel_6th_pre_bid"": ""-22700"", ""sel_5th_pre_req_pre"": ""0"", ""sel_5th_pre_req"": ""362"", ""sel_5th_pre_bid"": ""-22650"", ""sel_4th_pre_req_pre"": ""0"", ""sel_4th_pre_req"": ""1730"", ""sel_4th_pre_bid"": ""-22600"", ""sel_3th_pre_req_pre"": ""0"", ""sel_3th_pre_req"": ""509"", ""sel_3th_pre_bid"": ""-22550"", ""sel_2th_pre_req_pre"": ""0"", ""sel_2th_pre_req"": ""831"", ""sel_2th_pre_bid"": ""-22500"", ""sel_1th_pre_req_pre"": ""0"", ""sel_fpr_req"": ""502"", ""sel_fpr_bid"": ""-22450"", ""buy_fpr_bid"": ""-22400"", ""buy_fpr_req"": ""78"", ""buy_1th_pre_req_pre"": ""0"", ""buy_2th_pre_bid"": ""-22350"", ""buy_2th_pre_req"": ""1005"", ""buy_2th_pre_req_pre"": ""0"", ""buy_3th_pre_bid"": ""-22300"", ""buy_3th_pre_req"": ""347"", ""buy_3th_pre_req_pre"": ""0"", ""buy_4th_pre_bid"": ""-22250"", ""buy_4th_pre_req"": ""965"", ""buy_4th_pre_req_pre"": ""+2"", ""buy_5th_pre_bid"": ""-22200"", ""buy_5th_pre_req"": ""2471"", ""buy_5th_pre_req_pre"": ""0"", ""buy_6th_pre_bid"": ""-22150"", ""buy_6th_pre_req"": ""384"", ""buy_6th_pre_req_pre"": ""0"", ""buy_7th_pre_bid"": ""-22100"", ""buy_7th_pre_req"": ""1158"", ""buy_7th_pre_req_pre"": ""0"", ""buy_8th_pre_bid"": ""-22050"", ""buy_8th_pre_req"": ""2674"", ""buy_8th_pre_req_pre"": ""0"", ""buy_9th_pre_bid"": ""-22000"", ""buy_9th_pre_req"": ""1418"", ""buy_9th_pre_req_pre"": ""0"", ""buy_10th_pre_bid"": ""-21950"", ""buy_10th_pre_req"": ""2349"", ""buy_10th_pre_req_pre"": ""0"", ""tot_sel_req_jub_pre"": ""0"", ""tot_sel_req"": ""10731"", ""tot_buy_req"": ""12849"", ""tot_buy_req_jub_pre"": ""+2"", ""ovt_sel_req_pre"": ""0"", ""ovt_sel_req"": ""0"", ""ovt_buy_req"": ""0"", ""ovt_buy_req_pre"": ""0"", ""return_code"": 0, ""return_msg"": ""정상적으로 처리되었습니다""}"
2026-06-10,scan_candidate,001450,,0,main_scan,37750,,37750,37700,37750,37850,0.13245033112582782,0.13245033112582782,,,,,,"{""bid_req_base_tm"": ""103121"", ""sel_10th_pre_req_pre"": ""0"", ""sel_10th_pre_req"": ""24"", ""sel_10th_pre_bid"": ""+38250"", ""sel_9th_pre_req_pre"": ""0"", ""sel_9th_pre_req"": ""75"", ""sel_9th_pre_bid"": ""+38200"", ""sel_8th_pre_req_pre"": ""0"", ""sel_8th_pre_req"": ""109"", ""sel_8th_pre_bid"": ""+38150"", ""sel_7th_pre_req_pre"": ""0"", ""sel_7th_pre_req"": ""531"", ""sel_7th_pre_bid"": ""+38100"", ""sel_6th_pre_req_pre"": ""0"", ""sel_6th_pre_req"": ""592"", ""sel_6th_pre_bid"": ""+38000"", ""sel_5th_pre_req_pre"": ""0"", ""sel_5th_pre_req"": ""15"", ""sel_5th_pre_bid"": ""+37950"", ""sel_4th_pre_req_pre"": ""0"", ""sel_4th_pre_req"": ""215"", ""sel_4th_pre_bid"": ""+37900"", ""sel_3th_pre_req_pre"": ""0"", ""sel_3th_pre_req"": ""184"", ""sel_3th_pre_bid"": ""+37850"", ""sel_2th_pre_req_pre"": ""0"", ""sel_2th_pre_req"": ""167"", ""sel_2th_pre_bid"": ""+37800"", ""sel_1th_pre_req_pre"": ""0"", ""sel_fpr_req"": ""173"", ""sel_fpr_bid"": ""+37750"", ""buy_fpr_bid"": ""+37700"", ""buy_fpr_req"": ""875"", ""buy_1th_pre_req_pre"": ""0"", ""buy_2th_pre_bid"": ""+37650"", ""buy_2th_pre_req"": ""306"", ""buy_2th_pre_req_pre"": ""0"", ""buy_3th_pre_bid"": ""+37600"", ""buy_3th_pre_req"": ""356"", ""buy_3th_pre_req_pre"": ""0"", ""buy_4th_pre_bid"": ""+37550"", ""buy_4th_pre_req"": ""390"", ""buy_4th_pre_req_pre"": ""0"", ""buy_5th_pre_bid"": ""+37500"", ""buy_5th_pre_req"": ""366"", ""buy_5th_pre_req_pre"": ""0"", ""buy_6th_pre_bid"": ""+37450"", ""buy_6th_pre_req"": ""316"", ""buy_6th_pre_req_pre"": ""--1"", ""buy_7th_pre_bid"": ""+37400"", ""buy_7th_pre_req"": ""546"", ""buy_7th_pre_req_pre"": ""0"", ""buy_8th_pre_bid"": ""+37350"", ""buy_8th_pre_req"": ""155"", ""buy_8th_pre_req_pre"": ""0"", ""buy_9th_pre_bid"": ""+37300"", ""buy_9th_pre_req"": ""169"", ""buy_9th_pre_req_pre"": ""0"", ""buy_10th_pre_bid"": ""+37250"", ""buy_10th_pre_req"": ""114"", ""buy_10th_pre_req_pre"": ""0"", ""tot_sel_req_jub_pre"": ""0"", ""tot_sel_req"": ""2085"", ""tot_buy_req"": ""3593"", ""tot_buy_req_jub_pre"": ""--1"", ""ovt_sel_req_pre"": ""0"", ""ovt_sel_req"": ""0"", ""ovt_buy_req"": ""0"", ""ovt_buy_req_pre"": ""0"", ""return_code"": 0, ""return_msg"": ""정상적으로 처리되었습니다""}"
2026-06-10,scan_candidate,036460,,0,main_scan,34350,,34350,34300,34350,34400,0.0,0.1455604075691412,,,,,,"{""bid_req_base_tm"": ""103120"", ""sel_10th_pre_req_pre"": ""0"", ""sel_10th_pre_req"": ""16"", ""sel_10th_pre_bid"": ""+34800"", ""sel_9th_pre_req_pre"": ""0"", ""sel_9th_pre_req"": ""576"", ""sel_9th_pre_bid"": ""+34750"", ""sel_8th_pre_req_pre"": ""0"", ""sel_8th_pre_req"": ""90"", ""sel_8th_pre_bid"": ""+34700"", ""sel_7th_pre_req_pre"": ""0"", ""sel_7th_pre_req"": ""271"", ""sel_7th_pre_bid"": ""+34650"", ""sel_6th_pre_req_pre"": ""0"", ""sel_6th_pre_req"": ""738"", ""sel_6th_pre_bid"": ""+34600"", ""sel_5th_pre_req_pre"": ""0"", ""sel_5th_pre_req"": ""754"", ""sel_5th_pre_bid"": ""+34550"", ""sel_4th_pre_req_pre"": ""+1"", ""sel_4th_pre_req"": ""213"", ""sel_4th_pre_bid"": ""+34500"", ""sel_3th_pre_req_pre"": ""0"", ""sel_3th_pre_req"": ""429"", ""sel_3th_pre_bid"": ""+34450"", ""sel_2th_pre_req_pre"": ""0"", ""sel_2th_pre_req"": ""869"", ""sel_2th_pre_bid"": ""+34400"", ""sel_1th_pre_req_pre"": ""0"", ""sel_fpr_req"": ""36"", ""sel_fpr_bid"": ""+34350"", ""buy_fpr_bid"": ""+34300"", ""buy_fpr_req"": ""411"", ""buy_1th_pre_req_pre"": ""0"", ""buy_2th_pre_bid"": ""+34250"", ""buy_2th_pre_req"": ""335"", ""buy_2th_pre_req_pre"": ""0"", ""buy_3th_pre_bid"": ""+34200"", ""buy_3th_pre_req"": ""671"", ""buy_3th_pre_req_pre"": ""0"", ""buy_4th_pre_bid"": ""+34150"", ""buy_4th_pre_req"": ""351"", ""buy_4th_pre_req_pre"": ""0"", ""buy_5th_pre_bid"": ""+34100"", ""buy_5th_pre_req"": ""442"", ""buy_5th_pre_req_pre"": ""0"", ""buy_6th_pre_bid"": ""+34050"", ""buy_6th_pre_req"": ""1118"", ""buy_6th_pre_req_pre"": ""0"", ""buy_7th_pre_bid"": ""34000"", ""buy_7th_pre_req"": ""3016"", ""buy_7th_pre_req_pre"": ""0"", ""buy_8th_pre_bid"": ""-33950"", ""buy_8th_pre_req"": ""751"", ""buy_8th_pre_req_pre"": ""0"", ""buy_9th_pre_bid"": ""-33900"", ""buy_9th_pre_req"": ""871"", ""buy_9th_pre_req_pre"": ""0"", ""buy_10th_pre_bid"": ""-33850"", ""buy_10th_pre_req"": ""281"", ""buy_10th_pre_req_pre"": ""0"", ""tot_sel_req_jub_pre"": ""+1"", ""tot_sel_req"": ""3992"", ""tot_buy_req"": ""8247"", ""tot_buy_req_jub_pre"": ""0"", ""ovt_sel_req_pre"": ""0"", ""ovt_sel_req"": ""0"", ""ovt_buy_req"": ""0"", ""ovt_buy_req_pre"": ""0"", ""return_code"": 0, ""return_msg"": ""정상적으로 처리되었습니다""}"
2026-06-10,scan_candidate,007810,,0,main_scan,121100,,121100,120900,121100,121000,-0.495458298926507,0.16515276630883566,,,,,,"{""bid_req_base_tm"": ""103121"", ""sel_10th_pre_req_pre"": ""0"", ""sel_10th_pre_req"": ""358"", ""sel_10th_pre_bid"": ""+122200"", ""sel_9th_pre_req_pre"": ""0"", ""sel_9th_pre_req"": ""25"", ""sel_9th_pre_bid"": ""+122100"", ""sel_8th_pre_req_pre"": ""0"", ""sel_8th_pre_req"": ""38"", ""sel_8th_pre_bid"": ""+122000"", ""sel_7th_pre_req_pre"": ""0"", ""sel_7th_pre_req"": ""50"", ""sel_7th_pre_bid"": ""+121900"", ""sel_6th_pre_req_pre"": ""0"", ""sel_6th_pre_req"": ""20"", ""sel_6th_pre_bid"": ""+121800"", ""sel_5th_pre_req_pre"": ""0"", ""sel_5th_pre_req"": ""1"", ""sel_5th_pre_bid"": ""+121700"", ""sel_4th_pre_req_pre"": ""0"", ""sel_4th_pre_req"": ""73"", ""sel_4th_pre_bid"": ""+121500"", ""sel_3th_pre_req_pre"": ""0"", ""sel_3th_pre_req"": ""208"", ""sel_3th_pre_bid"": ""+121400"", ""sel_2th_pre_req_pre"": ""0"", ""sel_2th_pre_req"": ""38"", ""sel_2th_pre_bid"": ""+121200"", ""sel_1th_pre_req_pre"": ""--1"", ""sel_fpr_req"": ""15"", ""sel_fpr_bid"": ""+121100"", ""buy_fpr_bid"": ""+120900"", ""buy_fpr_req"": ""27"", ""buy_1th_pre_req_pre"": ""+3"", ""buy_2th_pre_bid"": ""+120700"", ""buy_2th_pre_req"": ""3"", ""buy_2th_pre_req_pre"": ""0"", ""buy_3th_pre_bid"": ""+120600"", ""buy_3th_pre_req"": ""140"", ""buy_3th_pre_req_pre"": ""0"", ""buy_4th_pre_bid"": ""+120500"", ""buy_4th_pre_req"": ""113"", ""buy_4th_pre_req_pre"": ""0"", ""buy_5th_pre_bid"": ""+120400"", ""buy_5th_pre_req"": ""79"", ""buy_5th_pre_req_pre"": ""0"", ""buy_6th_pre_bid"": ""120300"", ""buy_6th_pre_req"": ""286"", ""buy_6th_pre_req_pre"": ""0"", ""buy_7th_pre_bid"": ""-120200"", ""buy_7th_pre_req"": ""19"", ""buy_7th_pre_req_pre"": ""0"", ""buy_8th_pre_bid"": ""-120100"", ""buy_8th_pre_req"": ""89"", ""buy_8th_pre_req_pre"": ""0"", ""buy_9th_pre_bid"": ""-120000"", ""buy_9th_pre_req"": ""97"", ""buy_9th_pre_req_pre"": ""0"", ""buy_10th_pre_bid"": ""-119900"", ""buy_10th_pre_req"": ""646"", ""buy_10th_pre_req_pre"": ""0"", ""tot_sel_req_jub_pre"": ""--1"", ""tot_sel_req"": ""826"", ""tot_buy_req"": ""1499"", ""tot_buy_req_jub_pre"": ""+3"", ""ovt_sel_req_pre"": ""0"", ""ovt_sel_req"": ""0"", ""ovt_buy_req"": ""0"", ""ovt_buy_req_pre"": ""0"", ""return_code"": 0, ""return_msg"": ""정상적으로 처리되었습니다""}"
2026-06-10,scan_candidate,001740,,0,main_scan,14340,,14340,14330,14340,14300,-0.6276150627615062,0.0697350069735007,,,,,,"{""bid_req_base_tm"": ""103121"", ""sel_10th_pre_req_pre"": ""0"", ""sel_10th_pre_req"": ""2586"", ""sel_10th_pre_bid"": ""+14440"", ""sel_9th_pre_req_pre"": ""0"", ""sel_9th_pre_req"": ""5278"", ""sel_9th_pre_bid"": ""+14430"", ""sel_8th_pre_req_pre"": ""0"", ""sel_8th_pre_req"": ""1167"", ""sel_8th_pre_bid"": ""+14420"", ""sel_7th_pre_req_pre"": ""0"", ""sel_7th_pre_req"": ""7019"", ""sel_7th_pre_bid"": ""+14400"", ""sel_6th_pre_req_pre"": ""0"", ""sel_6th_pre_req"": ""4341"", ""sel_6th_pre_bid"": ""+14390"", ""sel_5th_pre_req_pre"": ""0"", ""sel_5th_pre_req"": ""277"", ""sel_5th_pre_bid"": ""+14380"", ""sel_4th_pre_req_pre"": ""0"", ""sel_4th_pre_req"": ""1161"", ""sel_4th_pre_bid"": ""+14370"", ""sel_3th_pre_req_pre"": ""0"", ""sel_3th_pre_req"": ""15"", ""sel_3th_pre_bid"": ""+14360"", ""sel_2th_pre_req_pre"": ""0"", ""sel_2th_pre_req"": ""231"", ""sel_2th_pre_bid"": ""+14350"", ""sel_1th_pre_req_pre"": ""--86"", ""sel_fpr_req"": ""1141"", ""sel_fpr_bid"": ""+14340"", ""buy_fpr_bid"": ""+14330"", ""buy_fpr_req"": ""19"", ""buy_1th_pre_req_pre"": ""0"", ""buy_2th_pre_bid"": ""+14320"", ""buy_2th_pre_req"": ""187"", ""buy_2th_pre_req_pre"": ""0"", ""buy_3th_pre_bid"": ""+14310"", ""buy_3th_pre_req"": ""3704"", ""buy_3th_pre_req_pre"": ""0"", ""buy_4th_pre_bid"": ""+14300"", ""buy_4th_pre_req"": ""1153"", ""buy_4th_pre_req_pre"": ""0"", ""buy_5th_pre_bid"": ""14290"", ""buy_5th_pre_req"": ""946"", ""buy_5th_pre_req_pre"": ""0"", ""buy_6th_pre_bid"": ""-14280"", ""buy_6th_pre_req"": ""1914"", ""buy_6th_pre_req_pre"": ""--66"", ""buy_7th_pre_bid"": ""-14270"", ""buy_7th_pre_req"": ""5191"", ""buy_7th_pre_req_pre"": ""0"", ""buy_8th_pre_bid"": ""-14260"", ""buy_8th_pre_req"": ""4349"", ""buy_8th_pre_req_pre"": ""0"", ""buy_9th_pre_bid"": ""-14250"", ""buy_9th_pre_req"": ""14627"", ""buy_9th_pre_req_pre"": ""0"", ""buy_10th_pre_bid"": ""-14240"", ""buy_10th_pre_req"": ""2527"", ""buy_10th_pre_req_pre"": ""0"", ""tot_sel_req_jub_pre"": ""--86"", ""tot_sel_req"": ""23216"", ""tot_buy_req"": ""34617"", ""tot_buy_req_jub_pre"": ""--66"", ""ovt_sel_req_pre"": ""0"", ""ovt_sel_req"": ""0"", ""ovt_buy_req"": ""0"", ""ovt_buy_req_pre"": ""0"", ""return_code"": 0, ""return_msg"": ""정상적으로 처리되었습니다""}"
2026-06-10,scan_candidate,383220,,0,main_scan,74800,,74800,74700,74800,74800,-0.1336898395721925,0.1336898395721925,,,,,,"{""bid_req_base_tm"": ""103120"", ""sel_10th_pre_req_pre"": ""0"", ""sel_10th_pre_req"": ""122"", ""sel_10th_pre_bid"": ""+76000"", ""sel_9th_pre_req_pre"": ""0"", ""sel_9th_pre_req"": ""100"", ""sel_9th_pre_bid"": ""+75900"", ""sel_8th_pre_req_pre"": ""0"", ""sel_8th_pre_req"": ""14"", ""sel_8th_pre_bid"": ""+75800"", ""sel_7th_pre_req_pre"": ""0"", ""sel_7th_pre_req"": ""14"", ""sel_7th_pre_bid"": ""+75700"", ""sel_6th_pre_req_pre"": ""0"", ""sel_6th_pre_req"": ""10"", ""sel_6th_pre_bid"": ""+75600"", ""sel_5th_pre_req_pre"": ""0"", ""sel_5th_pre_req"": ""1"", ""sel_5th_pre_bid"": ""+75300"", ""sel_4th_pre_req_pre"": ""0"", ""sel_4th_pre_req"": ""16"", ""sel_4th_pre_bid"": ""+75100"", ""sel_3th_pre_req_pre"": ""0"", ""sel_3th_pre_req"": ""35"", ""sel_3th_pre_bid"": ""+75000"", ""sel_2th_pre_req_pre"": ""0"", ""sel_2th_pre_req"": ""24"", ""sel_2th_pre_bid"": ""+74900"", ""sel_1th_pre_req_pre"": ""--19"", ""sel_fpr_req"": ""55"", ""sel_fpr_bid"": ""+74800"", ""buy_fpr_bid"": ""+74700"", ""buy_fpr_req"": ""45"", ""buy_1th_pre_req_pre"": ""--19"", ""buy_2th_pre_bid"": ""74600"", ""buy_2th_pre_req"": ""5"", ""buy_2th_pre_req_pre"": ""0"", ""buy_3th_pre_bid"": ""-74500"", ""buy_3th_pre_req"": ""45"", ""buy_3th_pre_req_pre"": ""0"", ""buy_4th_pre_bid"": ""-74400"", ""buy_4th_pre_req"": ""48"", ""buy_4th_pre_req_pre"": ""0"", ""buy_5th_pre_bid"": ""-74300"", ""buy_5th_pre_req"": ""14"", ""buy_5th_pre_req_pre"": ""0"", ""buy_6th_pre_bid"": ""-74200"", ""buy_6th_pre_req"": ""20"", ""buy_6th_pre_req_pre"": ""0"", ""buy_7th_pre_bid"": ""-74100"", ""buy_7th_pre_req"": ""37"", ""buy_7th_pre_req_pre"": ""0"", ""buy_8th_pre_bid"": ""-74000"", ""buy_8th_pre_req"": ""22"", ""buy_8th_pre_req_pre"": ""0"", ""buy_9th_pre_bid"": ""-73900"", ""buy_9th_pre_req"": ""21"", ""buy_9th_pre_req_pre"": ""0"", ""buy_10th_pre_bid"": ""-73800"", ""buy_10th_pre_req"": ""10"", ""buy_10th_pre_req_pre"": ""0"", ""tot_sel_req_jub_pre"": ""--19"", ""tot_sel_req"": ""391"", ""tot_buy_req"": ""267"", ""tot_buy_req_jub_pre"": ""--19"", ""ovt_sel_req_pre"": ""0"", ""ovt_sel_req"": ""0"", ""ovt_buy_req"": ""0"", ""ovt_buy_req_pre"": ""0"", ""return_code"": 0, ""return_msg"": ""정상적으로 처리되었습니다""}"
2026-06-10,scan_candidate,014680,,0,main_scan,263000,,263000,262500,263000,264000,0.19011406844106463,0.19011406844106463,,,,,,"{""bid_req_base_tm"": ""103119"", ""sel_10th_pre_req_pre"": ""0"", ""sel_10th_pre_req"": ""50"", ""sel_10th_pre_bid"": ""+268000"", ""sel_9th_pre_req_pre"": ""0"", ""sel_9th_pre_req"": ""38"", ""sel_9th_pre_bid"": ""+267500"", ""sel_8th_pre_req_pre"": ""0"", ""sel_8th_pre_req"": ""29"", ""sel_8th_pre_bid"": ""+267000"", ""sel_7th_pre_req_pre"": ""0"", ""sel_7th_pre_req"": ""11"", ""sel_7th_pre_bid"": ""+266500"", ""sel_6th_pre_req_pre"": ""0"", ""sel_6th_pre_req"": ""8"", ""sel_6th_pre_bid"": ""+266000"", ""sel_5th_pre_req_pre"": ""0"", ""sel_5th_pre_req"": ""48"", ""sel_5th_pre_bid"": ""+265000"", ""sel_4th_pre_req_pre"": ""0"", ""sel_4th_pre_req"": ""3"", ""sel_4th_pre_bid"": ""+264500"", ""sel_3th_pre_req_pre"": ""0"", ""sel_3th_pre_req"": ""3"", ""sel_3th_pre_bid"": ""+264000"", ""sel_2th_pre_req_pre"": ""0"", ""sel_2th_pre_req"": ""7"", ""sel_2th_pre_bid"": ""+263500"", ""sel_1th_pre_req_pre"": ""0"", ""sel_fpr_req"": ""26"", ""sel_fpr_bid"": ""+263000"", ""buy_fpr_bid"": ""+262500"", ""buy_fpr_req"": ""42"", ""buy_1th_pre_req_pre"": ""0"", ""buy_2th_pre_bid"": ""+262000"", ""buy_2th_pre_req"": ""34"", ""buy_2th_pre_req_pre"": ""0"", ""buy_3th_pre_bid"": ""+261500"", ""buy_3th_pre_req"": ""27"", ""buy_3th_pre_req_pre"": ""0"", ""buy_4th_pre_bid"": ""+261000"", ""buy_4th_pre_req"": ""3"", ""buy_4th_pre_req_pre"": ""0"", ""buy_5th_pre_bid"": ""+260500"", ""buy_5th_pre_req"": ""26"", ""buy_5th_pre_req_pre"": ""0"", ""buy_6th_pre_bid"": ""+260000"", ""buy_6th_pre_req"": ""109"", ""buy_6th_pre_req_pre"": ""0"", ""buy_7th_pre_bid"": ""+259500"", ""buy_7th_pre_req"": ""119"", ""buy_7th_pre_req_pre"": ""0"", ""buy_8th_pre_bid"": ""+259000"", ""buy_8th_pre_req"": ""209"", ""buy_8th_pre_req_pre"": ""0"", ""buy_9th_pre_bid"": ""+258500"", ""buy_9th_pre_req"": ""102"", ""buy_9th_pre_req_pre"": ""0"", ""buy_10th_pre_bid"": ""+258000"", ""buy_10th_pre_req"": ""102"", ""buy_10th_pre_req_pre"": ""0"", ""tot_sel_req_jub_pre"": ""0"", ""tot_sel_req"": ""223"", ""tot_buy_req"": ""773"", ""tot_buy_req_jub_pre"": ""0"", ""ovt_sel_req_pre"": ""0"", ""ovt_sel_req"": ""0"", ""ovt_buy_req"": ""0"", ""ovt_buy_req_pre"": ""0"", ""return_code"": 0, ""return_msg"": ""정상적으로 처리되었습니다""}"
2026-06-10,scan_candidate,009420,,0,main_scan,50600,,50600,50300,50600,50600,-0.1976284584980237,0.592885375494071,,,,,,"{""bid_req_base_tm"": ""103118"", ""sel_10th_pre_req_pre"": ""0"", ""sel_10th_pre_req"": ""41"", ""sel_10th_pre_bid"": ""-51500"", ""sel_9th_pre_req_pre"": ""0"", ""sel_9th_pre_req"": ""12"", ""sel_9th_pre_bid"": ""-51400"", ""sel_8th_pre_req_pre"": ""0"", ""sel_8th_pre_req"": ""460"", ""sel_8th_pre_bid"": ""-51300"", ""sel_7th_pre_req_pre"": ""0"", ""sel_7th_pre_req"": ""641"", ""sel_7th_pre_bid"": ""-51200"", ""sel_6th_pre_req_pre"": ""0"", ""sel_6th_pre_req"": ""75"", ""sel_6th_pre_bid"": ""-51100"", ""sel_5th_pre_req_pre"": ""0"", ""sel_5th_pre_req"": ""99"", ""sel_5th_pre_bid"": ""-51000"", ""sel_4th_pre_req_pre"": ""0"", ""sel_4th_pre_req"": ""199"", ""sel_4th_pre_bid"": ""-50900"", ""sel_3th_pre_req_pre"": ""0"", ""sel_3th_pre_req"": ""13"", ""sel_3th_pre_bid"": ""-50800"", ""sel_2th_pre_req_pre"": ""0"", ""sel_2th_pre_req"": ""272"", ""sel_2th_pre_bid"": ""-50700"", ""sel_1th_pre_req_pre"": ""0"", ""sel_fpr_req"": ""300"", ""sel_fpr_bid"": ""-50600"", ""buy_fpr_bid"": ""-50300"", ""buy_fpr_req"": ""62"", ""buy_1th_pre_req_pre"": ""+23"", ""buy_2th_pre_bid"": ""-50200"", ""buy_2th_pre_req"": ""169"", ""buy_2th_pre_req_pre"": ""0"", ""buy_3th_pre_bid"": ""-50100"", ""buy_3th_pre_req"": ""107"", ""buy_3th_pre_req_pre"": ""0"", ""buy_4th_pre_bid"": ""-50000"", ""buy_4th_pre_req"": ""154"", ""buy_4th_pre_req_pre"": ""0"", ""buy_5th_pre_bid"": ""-49950"", ""buy_5th_pre_req"": ""315"", ""buy_5th_pre_req_pre"": ""0"", ""buy_6th_pre_bid"": ""-49900"", ""buy_6th_pre_req"": ""373"", ""buy_6th_pre_req_pre"": ""0"", ""buy_7th_pre_bid"": ""-49850"", ""buy_7th_pre_req"": ""272"", ""buy_7th_pre_req_pre"": ""0"", ""buy_8th_pre_bid"": ""-49800"", ""buy_8th_pre_req"": ""538"", ""buy_8th_pre_req_pre"": ""0"", ""buy_9th_pre_bid"": ""-49750"", ""buy_9th_pre_req"": ""894"", ""buy_9th_pre_req_pre"": ""0"", ""buy_10th_pre_bid"": ""-49700"", ""buy_10th_pre_req"": ""1124"", ""buy_10th_pre_req_pre"": ""0"", ""tot_sel_req_jub_pre"": ""0"", ""tot_sel_req"": ""2112"", ""tot_buy_req"": ""4008"", ""tot_buy_req_jub_pre"": ""+23"", ""ovt_sel_req_pre"": ""0"", ""ovt_sel_req"": ""0"", ""ovt_buy_req"": ""0"", ""ovt_buy_req_pre"": ""0"", ""return_code"": 0, ""return_msg"": ""정상적으로 처리되었습니다""}"
2026-06-10,scan_candidate,375500,,0,main_scan,71100,,71100,71000,71100,70800,-0.5625879043600562,0.14064697609001406,,,,,,"{""bid_req_base_tm"": ""103122"", ""sel_10th_pre_req_pre"": ""0"", ""sel_10th_pre_req"": ""730"", ""sel_10th_pre_bid"": ""+72000"", ""sel_9th_pre_req_pre"": ""0"", ""sel_9th_pre_req"": ""543"", ""sel_9th_pre_bid"": ""+71900"", ""sel_8th_pre_req_pre"": ""0"", ""sel_8th_pre_req"": ""241"", ""sel_8th_pre_bid"": ""+71800"", ""sel_7th_pre_req_pre"": ""0"", ""sel_7th_pre_req"": ""130"", ""sel_7th_pre_bid"": ""+71700"", ""sel_6th_pre_req_pre"": ""0"", ""sel_6th_pre_req"": ""857"", ""sel_6th_pre_bid"": ""+71600"", ""sel_5th_pre_req_pre"": ""0"", ""sel_5th_pre_req"": ""1221"", ""sel_5th_pre_bid"": ""+71500"", ""sel_4th_pre_req_pre"": ""0"", ""sel_4th_pre_req"": ""205"", ""sel_4th_pre_bid"": ""+71400"", ""sel_3th_pre_req_pre"": ""0"", ""sel_3th_pre_req"": ""14"", ""sel_3th_pre_bid"": ""+71300"", ""sel_2th_pre_req_pre"": ""0"", ""sel_2th_pre_req"": ""37"", ""sel_2th_pre_bid"": ""+71200"", ""sel_1th_pre_req_pre"": ""0"", ""sel_fpr_req"": ""50"", ""sel_fpr_bid"": ""+71100"", ""buy_fpr_bid"": ""+71000"", ""buy_fpr_req"": ""11"", ""buy_1th_pre_req_pre"": ""0"", ""buy_2th_pre_bid"": ""+70900"", ""buy_2th_pre_req"": ""16"", ""buy_2th_pre_req_pre"": ""+4"", ""buy_3th_pre_bid"": ""+70800"", ""buy_3th_pre_req"": ""1"", ""buy_3th_pre_req_pre"": ""0"", ""buy_4th_pre_bid"": ""+70700"", ""buy_4th_pre_req"": ""52"", ""buy_4th_pre_req_pre"": ""0"", ""buy_5th_pre_bid"": ""+70600"", ""buy_5th_pre_req"": ""114"", ""buy_5th_pre_req_pre"": ""0"", ""buy_6th_pre_bid"": ""+70500"", ""buy_6th_pre_req"": ""193"", ""buy_6th_pre_req_pre"": ""0"", ""buy_7th_pre_bid"": ""+70400"", ""buy_7th_pre_req"": ""182"", ""buy_7th_pre_req_pre"": ""0"", ""buy_8th_pre_bid"": ""+70300"", ""buy_8th_pre_req"": ""169"", ""buy_8th_pre_req_pre"": ""0"", ""buy_9th_pre_bid"": ""+70200"", ""buy_9th_pre_req"": ""23"", ""buy_9th_pre_req_pre"": ""0"", ""buy_10th_pre_bid"": ""+70100"", ""buy_10th_pre_req"": ""32"", ""buy_10th_pre_req_pre"": ""0"", ""tot_sel_req_jub_pre"": ""0"", ""tot_sel_req"": ""4028"", ""tot_buy_req"": ""793"", ""tot_buy_req_jub_pre"": ""+4"", ""ovt_sel_req_pre"": ""0"", ""ovt_sel_req"": ""0"", ""ovt_buy_req"": ""0"", ""ovt_buy_req_pre"": ""0"", ""return_code"": 0, ""return_msg"": ""정상적으로 처리되었습니다""}"
2026-06-10,scan_candidate,004990,,0,main_scan,25650,,25650,25600,25650,25650,-0.1949317738791423,0.1949317738791423,,,,,,"{""bid_req_base_tm"": ""103120"", ""sel_10th_pre_req_pre"": ""0"", ""sel_10th_pre_req"": ""3120"", ""sel_10th_pre_bid"": ""26150"", ""sel_9th_pre_req_pre"": ""0"", ""sel_9th_pre_req"": ""902"", ""sel_9th_pre_bid"": ""-26100"", ""sel_8th_pre_req_pre"": ""0"", ""sel_8th_pre_req"": ""101"", ""sel_8th_pre_bid"": ""-26050"", ""sel_7th_pre_req_pre"": ""0"", ""sel_7th_pre_req"": ""3"", ""sel_7th_pre_bid"": ""-26000"", ""sel_6th_pre_req_pre"": ""0"", ""sel_6th_pre_req"": ""7"", ""sel_6th_pre_bid"": ""-25950"", ""sel_5th_pre_req_pre"": ""0"", ""sel_5th_pre_req"": ""250"", ""sel_5th_pre_bid"": ""-25900"", ""sel_4th_pre_req_pre"": ""0"", ""sel_4th_pre_req"": ""250"", ""sel_4th_pre_bid"": ""-25850"", ""sel_3th_pre_req_pre"": ""0"", ""sel_3th_pre_req"": ""576"", ""sel_3th_pre_bid"": ""-25750"", ""sel_2th_pre_req_pre"": ""0"", ""sel_2th_pre_req"": ""362"", ""sel_2th_pre_bid"": ""-25700"", ""sel_1th_pre_req_pre"": ""0"", ""sel_fpr_req"": ""518"", ""sel_fpr_bid"": ""-25650"", ""buy_fpr_bid"": ""-25600"", ""buy_fpr_req"": ""1"", ""buy_1th_pre_req_pre"": ""0"", ""buy_2th_pre_bid"": ""-25550"", ""buy_2th_pre_req"": ""280"", ""buy_2th_pre_req_pre"": ""--37"", ""buy_3th_pre_bid"": ""-25500"", ""buy_3th_pre_req"": ""871"", ""buy_3th_pre_req_pre"": ""0"", ""buy_4th_pre_bid"": ""-25450"", ""buy_4th_pre_req"": ""1138"", ""buy_4th_pre_req_pre"": ""0"", ""buy_5th_pre_bid"": ""-25400"", ""buy_5th_pre_req"": ""656"", ""buy_5th_pre_req_pre"": ""0"", ""buy_6th_pre_bid"": ""-25350"", ""buy_6th_pre_req"": ""392"", ""buy_6th_pre_req_pre"": ""0"", ""buy_7th_pre_bid"": ""-25300"", ""buy_7th_pre_req"": ""926"", ""buy_7th_pre_req_pre"": ""0"", ""buy_8th_pre_bid"": ""-25250"", ""buy_8th_pre_req"": ""908"", ""buy_8th_pre_req_pre"": ""0"", ""buy_9th_pre_bid"": ""-25200"", ""buy_9th_pre_req"": ""7719"", ""buy_9th_pre_req_pre"": ""0"", ""buy_10th_pre_bid"": ""-25150"", ""buy_10th_pre_req"": ""1595"", ""buy_10th_pre_req_pre"": ""0"", ""tot_sel_req_jub_pre"": ""0"", ""tot_sel_req"": ""6089"", ""tot_buy_req"": ""14486"", ""tot_buy_req_jub_pre"": ""--37"", ""ovt_sel_req_pre"": ""0"", ""ovt_sel_req"": ""0"", ""ovt_buy_req"": ""0"", ""ovt_buy_req_pre"": ""0"", ""return_code"": 0, ""return_msg"": ""정상적으로 처리되었습니다""}"
2026-06-10,scan_candidate,483650,,0,main_scan,204000,,204000,203500,204000,202500,-0.9803921568627451,0.24509803921568626,,,,,,"{""bid_req_base_tm"": ""103122"", ""sel_10th_pre_req_pre"": ""0"", ""sel_10th_pre_req"": ""172"", ""sel_10th_pre_bid"": ""+208500"", ""sel_9th_pre_req_pre"": ""0"", ""sel_9th_pre_req"": ""479"", ""sel_9th_pre_bid"": ""+208000"", ""sel_8th_pre_req_pre"": ""0"", ""sel_8th_pre_req"": ""434"", ""sel_8th_pre_bid"": ""+207500"", ""sel_7th_pre_req_pre"": ""0"", ""sel_7th_pre_req"": ""821"", ""sel_7th_pre_bid"": ""+207000"", ""sel_6th_pre_req_pre"": ""0"", ""sel_6th_pre_req"": ""1645"", ""sel_6th_pre_bid"": ""+206500"", ""sel_5th_pre_req_pre"": ""0"", ""sel_5th_pre_req"": ""1106"", ""sel_5th_pre_bid"": ""+206000"", ""sel_4th_pre_req_pre"": ""0"", ""sel_4th_pre_req"": ""183"", ""sel_4th_pre_bid"": ""+205500"", ""sel_3th_pre_req_pre"": ""--7"", ""sel_3th_pre_req"": ""217"", ""sel_3th_pre_bid"": ""+205000"", ""sel_2th_pre_req_pre"": ""+30"", ""sel_2th_pre_req"": ""317"", ""sel_2th_pre_bid"": ""+204500"", ""sel_1th_pre_req_pre"": ""+19"", ""sel_fpr_req"": ""41"", ""sel_fpr_bid"": ""+204000"", ""buy_fpr_bid"": ""+203500"", ""buy_fpr_req"": ""85"", ""buy_1th_pre_req_pre"": ""0"", ""buy_2th_pre_bid"": ""+203000"", ""buy_2th_pre_req"": ""92"", ""buy_2th_pre_req_pre"": ""0"", ""buy_3th_pre_bid"": ""+202500"", ""buy_3th_pre_req"": ""56"", ""buy_3th_pre_req_pre"": ""0"", ""buy_4th_pre_bid"": ""+202000"", ""buy_4th_pre_req"": ""60"", ""buy_4th_pre_req_pre"": ""0"", ""buy_5th_pre_bid"": ""+201500"", ""buy_5th_pre_req"": ""224"", ""buy_5th_pre_req_pre"": ""0"", ""buy_6th_pre_bid"": ""+201000"", ""buy_6th_pre_req"": ""346"", ""buy_6th_pre_req_pre"": ""0"", ""buy_7th_pre_bid"": ""+200500"", ""buy_7th_pre_req"": ""154"", ""buy_7th_pre_req_pre"": ""0"", ""buy_8th_pre_bid"": ""+200000"", ""buy_8th_pre_req"": ""510"", ""buy_8th_pre_req_pre"": ""0"", ""buy_9th_pre_bid"": ""+199900"", ""buy_9th_pre_req"": ""152"", ""buy_9th_pre_req_pre"": ""0"", ""buy_10th_pre_bid"": ""+199800"", ""buy_10th_pre_req"": ""14"", ""buy_10th_pre_req_pre"": ""0"", ""tot_sel_req_jub_pre"": ""+42"", ""tot_sel_req"": ""5415"", ""tot_buy_req"": ""1693"", ""tot_buy_req_jub_pre"": ""0"", ""ovt_sel_req_pre"": ""0"", ""ovt_sel_req"": ""0"", ""ovt_buy_req"": ""0"", ""ovt_buy_req_pre"": ""0"", ""return_code"": 0, ""return_msg"": ""정상적으로 처리되었습니다""}"
2026-06-10,scan_candidate,003690,,0,main_scan,13250,,13250,13240,13250,13250,-0.37735849056603776,0.07547169811320754,,,,,,"{""bid_req_base_tm"": ""103123"", ""sel_10th_pre_req_pre"": ""0"", ""sel_10th_pre_req"": ""1"", ""sel_10th_pre_bid"": ""-13340"", ""sel_9th_pre_req_pre"": ""0"", ""sel_9th_pre_req"": ""1"", ""sel_9th_pre_bid"": ""-13330"", ""sel_8th_pre_req_pre"": ""0"", ""sel_8th_pre_req"": ""1"", ""sel_8th_pre_bid"": ""-13320"", ""sel_7th_pre_req_pre"": ""0"", ""sel_7th_pre_req"": ""1013"", ""sel_7th_pre_bid"": ""-13310"", ""sel_6th_pre_req_pre"": ""0"", ""sel_6th_pre_req"": ""39"", ""sel_6th_pre_bid"": ""-13300"", ""sel_5th_pre_req_pre"": ""0"", ""sel_5th_pre_req"": ""21"", ""sel_5th_pre_bid"": ""-13290"", ""sel_4th_pre_req_pre"": ""0"", ""sel_4th_pre_req"": ""57"", ""sel_4th_pre_bid"": ""-13280"", ""sel_3th_pre_req_pre"": ""0"", ""sel_3th_pre_req"": ""8"", ""sel_3th_pre_bid"": ""-13270"", ""sel_2th_pre_req_pre"": ""0"", ""sel_2th_pre_req"": ""451"", ""sel_2th_pre_bid"": ""-13260"", ""sel_1th_pre_req_pre"": ""0"", ""sel_fpr_req"": ""67"", ""sel_fpr_bid"": ""-13250"", ""buy_fpr_bid"": ""-13240"", ""buy_fpr_req"": ""289"", ""buy_1th_pre_req_pre"": ""0"", ""buy_2th_pre_bid"": ""-13230"", ""buy_2th_pre_req"": ""280"", ""buy_2th_pre_req_pre"": ""0"", ""buy_3th_pre_bid"": ""-13220"", ""buy_3th_pre_req"": ""85"", ""buy_3th_pre_req_pre"": ""0"", ""buy_4th_pre_bid"": ""-13210"", ""buy_4th_pre_req"": ""600"", ""buy_4th_pre_req_pre"": ""0"", ""buy_5th_pre_bid"": ""-13200"", ""buy_5th_pre_req"": ""631"", ""buy_5th_pre_req_pre"": ""0"", ""buy_6th_pre_bid"": ""-13190"", ""buy_6th_pre_req"": ""101"", ""buy_6th_pre_req_pre"": ""0"", ""buy_7th_pre_bid"": ""-13180"", ""buy_7th_pre_req"": ""50"", ""buy_7th_pre_req_pre"": ""0"", ""buy_8th_pre_bid"": ""-13170"", ""buy_8th_pre_req"": ""50"", ""buy_8th_pre_req_pre"": ""0"", ""buy_9th_pre_bid"": ""-13160"", ""buy_9th_pre_req"": ""50"", ""buy_9th_pre_req_pre"": ""0"", ""buy_10th_pre_bid"": ""-13150"", ""buy_10th_pre_req"": ""81"", ""buy_10th_pre_req_pre"": ""0"", ""tot_sel_req_jub_pre"": ""+66"", ""tot_sel_req"": ""1659"", ""tot_buy_req"": ""2217"", ""tot_buy_req_jub_pre"": ""0"", ""ovt_sel_req_pre"": ""0"", ""ovt_sel_req"": ""0"", ""ovt_buy_req"": ""0"", ""ovt_buy_req_pre"": ""0"", ""return_code"": 0, ""return_msg"": ""정상적으로 처리되었습니다""}"
2026-06-10,scan_candidate,279570,,0,main_scan,5960,,5960,5950,5960,5930,-0.6711409395973155,0.16778523489932887,,,,,,"{""bid_req_base_tm"": ""103123"", ""sel_10th_pre_req_pre"": ""0"", ""sel_10th_pre_req"": ""37571"", ""sel_10th_pre_bid"": ""+6050"", ""sel_9th_pre_req_pre"": ""0"", ""sel_9th_pre_req"": ""21828"", ""sel_9th_pre_bid"": ""+6040"", ""sel_8th_pre_req_pre"": ""0"", ""sel_8th_pre_req"": ""31006"", ""sel_8th_pre_bid"": ""+6030"", ""sel_7th_pre_req_pre"": ""0"", ""sel_7th_pre_req"": ""48663"", ""sel_7th_pre_bid"": ""+6020"", ""sel_6th_pre_req_pre"": ""0"", ""sel_6th_pre_req"": ""11485"", ""sel_6th_pre_bid"": ""+6010"", ""sel_5th_pre_req_pre"": ""0"", ""sel_5th_pre_req"": ""31575"", ""sel_5th_pre_bid"": ""+6000"", ""sel_4th_pre_req_pre"": ""0"", ""sel_4th_pre_req"": ""28062"", ""sel_4th_pre_bid"": ""+5990"", ""sel_3th_pre_req_pre"": ""0"", ""sel_3th_pre_req"": ""14401"", ""sel_3th_pre_bid"": ""+5980"", ""sel_2th_pre_req_pre"": ""0"", ""sel_2th_pre_req"": ""2246"", ""sel_2th_pre_bid"": ""+5970"", ""sel_1th_pre_req_pre"": ""--12"", ""sel_fpr_req"": ""3047"", ""sel_fpr_bid"": ""+5960"", ""buy_fpr_bid"": ""+5950"", ""buy_fpr_req"": ""671"", ""buy_1th_pre_req_pre"": ""0"", ""buy_2th_pre_bid"": ""+5940"", ""buy_2th_pre_req"": ""7195"", ""buy_2th_pre_req_pre"": ""0"", ""buy_3th_pre_bid"": ""+5930"", ""buy_3th_pre_req"": ""7321"", ""buy_3th_pre_req_pre"": ""0"", ""buy_4th_pre_bid"": ""+5920"", ""buy_4th_pre_req"": ""6987"", ""buy_4th_pre_req_pre"": ""0"", ""buy_5th_pre_bid"": ""+5910"", ""buy_5th_pre_req"": ""12079"", ""buy_5th_pre_req_pre"": ""0"", ""buy_6th_pre_bid"": ""+5900"", ""buy_6th_pre_req"": ""36319"", ""buy_6th_pre_req_pre"": ""0"", ""buy_7th_pre_bid"": ""+5890"", ""buy_7th_pre_req"": ""5842"", ""buy_7th_pre_req_pre"": ""0"", ""buy_8th_pre_bid"": ""+5880"", ""buy_8th_pre_req"": ""3142"", ""buy_8th_pre_req_pre"": ""0"", ""buy_9th_pre_bid"": ""+5870"", ""buy_9th_pre_req"": ""3511"", ""buy_9th_pre_req_pre"": ""0"", ""buy_10th_pre_bid"": ""+5860"", ""buy_10th_pre_req"": ""1583"", ""buy_10th_pre_req_pre"": ""0"", ""tot_sel_req_jub_pre"": ""--12"", ""tot_sel_req"": ""229884"", ""tot_buy_req"": ""84650"", ""tot_buy_req_jub_pre"": ""0"", ""ovt_sel_req_pre"": ""0"", ""ovt_sel_req"": ""0"", ""ovt_buy_req"": ""0"", ""ovt_buy_req_pre"": ""0"", ""return_code"": 0, ""return_msg"": ""정상적으로 처리되었습니다""}"
2026-06-10,scan_candidate,008770,,0,main_scan,54300,,54300,54200,54300,54200,-0.3683241252302026,0.1841620626151013,,,,,,"{""bid_req_base_tm"": ""103120"", ""sel_10th_pre_req_pre"": ""0"", ""sel_10th_pre_req"": ""541"", ""sel_10th_pre_bid"": ""55200"", ""sel_9th_pre_req_pre"": ""0"", ""sel_9th_pre_req"": ""184"", ""sel_9th_pre_bid"": ""-55100"", ""sel_8th_pre_req_pre"": ""0"", ""sel_8th_pre_req"": ""435"", ""sel_8th_pre_bid"": ""-55000"", ""sel_7th_pre_req_pre"": ""0"", ""sel_7th_pre_req"": ""273"", ""sel_7th_pre_bid"": ""-54900"", ""sel_6th_pre_req_pre"": ""0"", ""sel_6th_pre_req"": ""193"", ""sel_6th_pre_bid"": ""-54800"", ""sel_5th_pre_req_pre"": ""0"", ""sel_5th_pre_req"": ""27"", ""sel_5th_pre_bid"": ""-54700"", ""sel_4th_pre_req_pre"": ""0"", ""sel_4th_pre_req"": ""18"", ""sel_4th_pre_bid"": ""-54600"", ""sel_3th_pre_req_pre"": ""0"", ""sel_3th_pre_req"": ""29"", ""sel_3th_pre_bid"": ""-54500"", ""sel_2th_pre_req_pre"": ""0"", ""sel_2th_pre_req"": ""175"", ""sel_2th_pre_bid"": ""-54400"", ""sel_1th_pre_req_pre"": ""0"", ""sel_fpr_req"": ""87"", ""sel_fpr_bid"": ""-54300"", ""buy_fpr_bid"": ""-54200"", ""buy_fpr_req"": ""5"", ""buy_1th_pre_req_pre"": ""0"", ""buy_2th_pre_bid"": ""-54100"", ""buy_2th_pre_req"": ""140"", ""buy_2th_pre_req_pre"": ""0"", ""buy_3th_pre_bid"": ""-54000"", ""buy_3th_pre_req"": ""200"", ""buy_3th_pre_req_pre"": ""0"", ""buy_4th_pre_bid"": ""-53900"", ""buy_4th_pre_req"": ""245"", ""buy_4th_pre_req_pre"": ""0"", ""buy_5th_pre_bid"": ""-53800"", ""buy_5th_pre_req"": ""374"", ""buy_5th_pre_req_pre"": ""0"", ""buy_6th_pre_bid"": ""-53700"", ""buy_6th_pre_req"": ""380"", ""buy_6th_pre_req_pre"": ""0"", ""buy_7th_pre_bid"": ""-53600"", ""buy_7th_pre_req"": ""125"", ""buy_7th_pre_req_pre"": ""0"", ""buy_8th_pre_bid"": ""-53500"", ""buy_8th_pre_req"": ""121"", ""buy_8th_pre_req_pre"": ""0"", ""buy_9th_pre_bid"": ""-53400"", ""buy_9th_pre_req"": ""236"", ""buy_9th_pre_req_pre"": ""0"", ""buy_10th_pre_bid"": ""-53300"", ""buy_10th_pre_req"": ""509"", ""buy_10th_pre_req_pre"": ""0"", ""tot_sel_req_jub_pre"": ""0"", ""tot_sel_req"": ""1962"", ""tot_buy_req"": ""2335"", ""tot_buy_req_jub_pre"": ""0"", ""ovt_sel_req_pre"": ""0"", ""ovt_sel_req"": ""0"", ""ovt_buy_req"": ""0"", ""ovt_buy_req_pre"": ""0"", ""return_code"": 0, ""return_msg"": ""정상적으로 처리되었습니다""}"
2026-06-10,scan_candidate,081660,,0,main_scan,40150,,40150,40100,40150,40250,0.12453300124533001,0.12453300124533001,,,,,,"{""bid_req_base_tm"": ""103118"", ""sel_10th_pre_req_pre"": ""0"", ""sel_10th_pre_req"": ""65"", ""sel_10th_pre_bid"": ""+40600"", ""sel_9th_pre_req_pre"": ""0"", ""sel_9th_pre_req"": ""116"", ""sel_9th_pre_bid"": ""+40550"", ""sel_8th_pre_req_pre"": ""0"", ""sel_8th_pre_req"": ""191"", ""sel_8th_pre_bid"": ""+40500"", ""sel_7th_pre_req_pre"": ""0"", ""sel_7th_pre_req"": ""40"", ""sel_7th_pre_bid"": ""+40450"", ""sel_6th_pre_req_pre"": ""0"", ""sel_6th_pre_req"": ""5"", ""sel_6th_pre_bid"": ""+40400"", ""sel_5th_pre_req_pre"": ""0"", ""sel_5th_pre_req"": ""72"", ""sel_5th_pre_bid"": ""+40350"", ""sel_4th_pre_req_pre"": ""0"", ""sel_4th_pre_req"": ""163"", ""sel_4th_pre_bid"": ""+40300"", ""sel_3th_pre_req_pre"": ""0"", ""sel_3th_pre_req"": ""83"", ""sel_3th_pre_bid"": ""+40250"", ""sel_2th_pre_req_pre"": ""0"", ""sel_2th_pre_req"": ""41"", ""sel_2th_pre_bid"": ""+40200"", ""sel_1th_pre_req_pre"": ""+21"", ""sel_fpr_req"": ""433"", ""sel_fpr_bid"": ""+40150"", ""buy_fpr_bid"": ""+40100"", ""buy_fpr_req"": ""263"", ""buy_1th_pre_req_pre"": ""0"", ""buy_2th_pre_bid"": ""+40050"", ""buy_2th_pre_req"": ""172"", ""buy_2th_pre_req_pre"": ""0"", ""buy_3th_pre_bid"": ""+40000"", ""buy_3th_pre_req"": ""559"", ""buy_3th_pre_req_pre"": ""0"", ""buy_4th_pre_bid"": ""+39950"", ""buy_4th_pre_req"": ""709"", ""buy_4th_pre_req_pre"": ""0"", ""buy_5th_pre_bid"": ""+39900"", ""buy_5th_pre_req"": ""52"", ""buy_5th_pre_req_pre"": ""0"", ""buy_6th_pre_bid"": ""+39850"", ""buy_6th_pre_req"": ""51"", ""buy_6th_pre_req_pre"": ""0"", ""buy_7th_pre_bid"": ""39700"", ""buy_7th_pre_req"": ""52"", ""buy_7th_pre_req_pre"": ""0"", ""buy_8th_pre_bid"": ""-39650"", ""buy_8th_pre_req"": ""30"", ""buy_8th_pre_req_pre"": ""0"", ""buy_9th_pre_bid"": ""-39600"", ""buy_9th_pre_req"": ""2"", ""buy_9th_pre_req_pre"": ""0"", ""buy_10th_pre_bid"": ""-39550"", ""buy_10th_pre_req"": ""5"", ""buy_10th_pre_req_pre"": ""0"", ""tot_sel_req_jub_pre"": ""+21"", ""tot_sel_req"": ""1209"", ""tot_buy_req"": ""1895"", ""tot_buy_req_jub_pre"": ""0"", ""ovt_sel_req_pre"": ""0"", ""ovt_sel_req"": ""0"", ""ovt_buy_req"": ""0"", ""ovt_buy_req_pre"": ""0"", ""return_code"": 0, ""return_msg"": ""정상적으로 처리되었습니다""}"
2026-06-10,scan_candidate,462870,,0,main_scan,31600,,31600,31500,31600,31300,-1.1075949367088607,0.31645569620253167,,,,,,"{""bid_req_base_tm"": ""103123"", ""sel_10th_pre_req_pre"": ""0"", ""sel_10th_pre_req"": ""126"", ""sel_10th_pre_bid"": ""-32050"", ""sel_9th_pre_req_pre"": ""0"", ""sel_9th_pre_req"": ""158"", ""sel_9th_pre_bid"": ""-32000"", ""sel_8th_pre_req_pre"": ""0"", ""sel_8th_pre_req"": ""102"", ""sel_8th_pre_bid"": ""-31950"", ""sel_7th_pre_req_pre"": ""0"", ""sel_7th_pre_req"": ""100"", ""sel_7th_pre_bid"": ""-31900"", ""sel_6th_pre_req_pre"": ""0"", ""sel_6th_pre_req"": ""262"", ""sel_6th_pre_bid"": ""-31850"", ""sel_5th_pre_req_pre"": ""0"", ""sel_5th_pre_req"": ""322"", ""sel_5th_pre_bid"": ""-31800"", ""sel_4th_pre_req_pre"": ""0"", ""sel_4th_pre_req"": ""112"", ""sel_4th_pre_bid"": ""-31750"", ""sel_3th_pre_req_pre"": ""0"", ""sel_3th_pre_req"": ""2052"", ""sel_3th_pre_bid"": ""-31700"", ""sel_2th_pre_req_pre"": ""0"", ""sel_2th_pre_req"": ""142"", ""sel_2th_pre_bid"": ""-31650"", ""sel_1th_pre_req_pre"": ""+1"", ""sel_fpr_req"": ""978"", ""sel_fpr_bid"": ""-31600"", ""buy_fpr_bid"": ""-31500"", ""buy_fpr_req"": ""22"", ""buy_1th_pre_req_pre"": ""0"", ""buy_2th_pre_bid"": ""-31450"", ""buy_2th_pre_req"": ""5"", ""buy_2th_pre_req_pre"": ""0"", ""buy_3th_pre_bid"": ""-31400"", ""buy_3th_pre_req"": ""3"", ""buy_3th_pre_req_pre"": ""0"", ""buy_4th_pre_bid"": ""-31350"", ""buy_4th_pre_req"": ""38"", ""buy_4th_pre_req_pre"": ""0"", ""buy_5th_pre_bid"": ""-31300"", ""buy_5th_pre_req"": ""45"", ""buy_5th_pre_req_pre"": ""0"", ""buy_6th_pre_bid"": ""-31250"", ""buy_6th_pre_req"": ""42"", ""buy_6th_pre_req_pre"": ""0"", ""buy_7th_pre_bid"": ""-31200"", ""buy_7th_pre_req"": ""122"", ""buy_7th_pre_req_pre"": ""0"", ""buy_8th_pre_bid"": ""-31150"", ""buy_8th_pre_req"": ""239"", ""buy_8th_pre_req_pre"": ""0"", ""buy_9th_pre_bid"": ""-31100"", ""buy_9th_pre_req"": ""125"", ""buy_9th_pre_req_pre"": ""0"", ""buy_10th_pre_bid"": ""-31050"", ""buy_10th_pre_req"": ""145"", ""buy_10th_pre_req_pre"": ""0"", ""tot_sel_req_jub_pre"": ""+1"", ""tot_sel_req"": ""4354"", ""tot_buy_req"": ""786"", ""tot_buy_req_jub_pre"": ""0"", ""ovt_sel_req_pre"": ""0"", ""ovt_sel_req"": ""0"", ""ovt_buy_req"": ""0"", ""ovt_buy_req_pre"": ""0"", ""return_code"": 0, ""return_msg"": ""정상적으로 처리되었습니다""}"
2026-06-10,scan_candidate,120110,,0,main_scan,70700,,70700,70600,70700,70800,0.0,0.14144271570014144,,,,,,"{""bid_req_base_tm"": ""103124"", ""sel_10th_pre_req_pre"": ""0"", ""sel_10th_pre_req"": ""82"", ""sel_10th_pre_bid"": ""+71700"", ""sel_9th_pre_req_pre"": ""0"", ""sel_9th_pre_req"": ""231"", ""sel_9th_pre_bid"": ""+71600"", ""sel_8th_pre_req_pre"": ""0"", ""sel_8th_pre_req"": ""234"", ""sel_8th_pre_bid"": ""+71500"", ""sel_7th_pre_req_pre"": ""0"", ""sel_7th_pre_req"": ""22"", ""sel_7th_pre_bid"": ""+71400"", ""sel_6th_pre_req_pre"": ""0"", ""sel_6th_pre_req"": ""54"", ""sel_6th_pre_bid"": ""+71200"", ""sel_5th_pre_req_pre"": ""0"", ""sel_5th_pre_req"": ""105"", ""sel_5th_pre_bid"": ""+71100"", ""sel_4th_pre_req_pre"": ""0"", ""sel_4th_pre_req"": ""1"", ""sel_4th_pre_bid"": ""+71000"", ""sel_3th_pre_req_pre"": ""0"", ""sel_3th_pre_req"": ""1"", ""sel_3th_pre_bid"": ""+70900"", ""sel_2th_pre_req_pre"": ""0"", ""sel_2th_pre_req"": ""49"", ""sel_2th_pre_bid"": ""+70800"", ""sel_1th_pre_req_pre"": ""0"", ""sel_fpr_req"": ""36"", ""sel_fpr_bid"": ""+70700"", ""buy_fpr_bid"": ""+70600"", ""buy_fpr_req"": ""209"", ""buy_1th_pre_req_pre"": ""+71"", ""buy_2th_pre_bid"": ""+70500"", ""buy_2th_pre_req"": ""160"", ""buy_2th_pre_req_pre"": ""0"", ""buy_3th_pre_bid"": ""+70400"", ""buy_3th_pre_req"": ""73"", ""buy_3th_pre_req_pre"": ""0"", ""buy_4th_pre_bid"": ""+70300"", ""buy_4th_pre_req"": ""141"", ""buy_4th_pre_req_pre"": ""0"", ""buy_5th_pre_bid"": ""+70200"", ""buy_5th_pre_req"": ""215"", ""buy_5th_pre_req_pre"": ""0"", ""buy_6th_pre_bid"": ""+70100"", ""buy_6th_pre_req"": ""7"", ""buy_6th_pre_req_pre"": ""0"", ""buy_7th_pre_bid"": ""+70000"", ""buy_7th_pre_req"": ""26"", ""buy_7th_pre_req_pre"": ""0"", ""buy_8th_pre_bid"": ""+69900"", ""buy_8th_pre_req"": ""3"", ""buy_8th_pre_req_pre"": ""0"", ""buy_9th_pre_bid"": ""+69800"", ""buy_9th_pre_req"": ""20"", ""buy_9th_pre_req_pre"": ""0"", ""buy_10th_pre_bid"": ""+69700"", ""buy_10th_pre_req"": ""10"", ""buy_10th_pre_req_pre"": ""0"", ""tot_sel_req_jub_pre"": ""0"", ""tot_sel_req"": ""815"", ""tot_buy_req"": ""864"", ""tot_buy_req_jub_pre"": ""+71"", ""ovt_sel_req_pre"": ""0"", ""ovt_sel_req"": ""0"", ""ovt_buy_req"": ""0"", ""ovt_buy_req_pre"": ""0"", ""return_code"": 0, ""return_msg"": ""정상적으로 처리되었습니다""}"
2026-06-10,scan_candidate,009155,,0,main_scan,609000,,609000,607000,609000,611000,0.16420361247947454,0.3284072249589491,,,,,,"{""bid_req_base_tm"": ""103123"", ""sel_10th_pre_req_pre"": ""0"", ""sel_10th_pre_req"": ""1"", ""sel_10th_pre_bid"": ""-618000"", ""sel_9th_pre_req_pre"": ""0"", ""sel_9th_pre_req"": ""39"", ""sel_9th_pre_bid"": ""-617000"", ""sel_8th_pre_req_pre"": ""0"", ""sel_8th_pre_req"": ""10"", ""sel_8th_pre_bid"": ""-616000"", ""sel_7th_pre_req_pre"": ""0"", ""sel_7th_pre_req"": ""10"", ""sel_7th_pre_bid"": ""-615000"", ""sel_6th_pre_req_pre"": ""0"", ""sel_6th_pre_req"": ""31"", ""sel_6th_pre_bid"": ""-614000"", ""sel_5th_pre_req_pre"": ""0"", ""sel_5th_pre_req"": ""49"", ""sel_5th_pre_bid"": ""-613000"", ""sel_4th_pre_req_pre"": ""0"", ""sel_4th_pre_req"": ""21"", ""sel_4th_pre_bid"": ""-612000"", ""sel_3th_pre_req_pre"": ""--5"", ""sel_3th_pre_req"": ""10"", ""sel_3th_pre_bid"": ""-611000"", ""sel_2th_pre_req_pre"": ""+5"", ""sel_2th_pre_req"": ""10"", ""sel_2th_pre_bid"": ""-610000"", ""sel_1th_pre_req_pre"": ""0"", ""sel_fpr_req"": ""5"", ""sel_fpr_bid"": ""-609000"", ""buy_fpr_bid"": ""-607000"", ""buy_fpr_req"": ""83"", ""buy_1th_pre_req_pre"": ""0"", ""buy_2th_pre_bid"": ""-606000"", ""buy_2th_pre_req"": ""43"", ""buy_2th_pre_req_pre"": ""0"", ""buy_3th_pre_bid"": ""-605000"", ""buy_3th_pre_req"": ""43"", ""buy_3th_pre_req_pre"": ""0"", ""buy_4th_pre_bid"": ""-604000"", ""buy_4th_pre_req"": ""44"", ""buy_4th_pre_req_pre"": ""0"", ""buy_5th_pre_bid"": ""-603000"", ""buy_5th_pre_req"": ""57"", ""buy_5th_pre_req_pre"": ""0"", ""buy_6th_pre_bid"": ""-602000"", ""buy_6th_pre_req"": ""76"", ""buy_6th_pre_req_pre"": ""0"", ""buy_7th_pre_bid"": ""-601000"", ""buy_7th_pre_req"": ""121"", ""buy_7th_pre_req_pre"": ""0"", ""buy_8th_pre_bid"": ""-600000"", ""buy_8th_pre_req"": ""503"", ""buy_8th_pre_req_pre"": ""0"", ""buy_9th_pre_bid"": ""-599000"", ""buy_9th_pre_req"": ""200"", ""buy_9th_pre_req_pre"": ""0"", ""buy_10th_pre_bid"": ""-598000"", ""buy_10th_pre_req"": ""82"", ""buy_10th_pre_req_pre"": ""0"", ""tot_sel_req_jub_pre"": ""0"", ""tot_sel_req"": ""186"", ""tot_buy_req"": ""1252"", ""tot_buy_req_jub_pre"": ""0"", ""ovt_sel_req_pre"": ""0"", ""ovt_sel_req"": ""0"", ""ovt_buy_req"": ""0"", ""ovt_buy_req_pre"": ""0"", ""return_code"": 0, ""return_msg"": ""정상적으로 처리되었습니다""}"
2026-06-10,scan_candidate,017960,,0,main_scan,31500,,31500,31450,31500,31450,-0.31746031746031744,0.15873015873015872,,,,,,"{""bid_req_base_tm"": ""103121"", ""sel_10th_pre_req_pre"": ""0"", ""sel_10th_pre_req"": ""161"", ""sel_10th_pre_bid"": ""+31950"", ""sel_9th_pre_req_pre"": ""0"", ""sel_9th_pre_req"": ""1480"", ""sel_9th_pre_bid"": ""+31900"", ""sel_8th_pre_req_pre"": ""0"", ""sel_8th_pre_req"": ""420"", ""sel_8th_pre_bid"": ""+31850"", ""sel_7th_pre_req_pre"": ""0"", ""sel_7th_pre_req"": ""479"", ""sel_7th_pre_bid"": ""+31800"", ""sel_6th_pre_req_pre"": ""0"", ""sel_6th_pre_req"": ""506"", ""sel_6th_pre_bid"": ""+31750"", ""sel_5th_pre_req_pre"": ""0"", ""sel_5th_pre_req"": ""302"", ""sel_5th_pre_bid"": ""+31700"", ""sel_4th_pre_req_pre"": ""0"", ""sel_4th_pre_req"": ""109"", ""sel_4th_pre_bid"": ""+31650"", ""sel_3th_pre_req_pre"": ""0"", ""sel_3th_pre_req"": ""1286"", ""sel_3th_pre_bid"": ""+31600"", ""sel_2th_pre_req_pre"": ""0"", ""sel_2th_pre_req"": ""212"", ""sel_2th_pre_bid"": ""+31550"", ""sel_1th_pre_req_pre"": ""+17"", ""sel_fpr_req"": ""229"", ""sel_fpr_bid"": ""+31500"", ""buy_fpr_bid"": ""+31450"", ""buy_fpr_req"": ""48"", ""buy_1th_pre_req_pre"": ""0"", ""buy_2th_pre_bid"": ""+31400"", ""buy_2th_pre_req"": ""222"", ""buy_2th_pre_req_pre"": ""0"", ""buy_3th_pre_bid"": ""+31350"", ""buy_3th_pre_req"": ""523"", ""buy_3th_pre_req_pre"": ""0"", ""buy_4th_pre_bid"": ""+31300"", ""buy_4th_pre_req"": ""1755"", ""buy_4th_pre_req_pre"": ""0"", ""buy_5th_pre_bid"": ""+31250"", ""buy_5th_pre_req"": ""36"", ""buy_5th_pre_req_pre"": ""0"", ""buy_6th_pre_bid"": ""+31200"", ""buy_6th_pre_req"": ""162"", ""buy_6th_pre_req_pre"": ""0"", ""buy_7th_pre_bid"": ""+31150"", ""buy_7th_pre_req"": ""190"", ""buy_7th_pre_req_pre"": ""0"", ""buy_8th_pre_bid"": ""+31100"", ""buy_8th_pre_req"": ""319"", ""buy_8th_pre_req_pre"": ""0"", ""buy_9th_pre_bid"": ""+31050"", ""buy_9th_pre_req"": ""193"", ""buy_9th_pre_req_pre"": ""0"", ""buy_10th_pre_bid"": ""+31000"", ""buy_10th_pre_req"": ""290"", ""buy_10th_pre_req_pre"": ""0"", ""tot_sel_req_jub_pre"": ""+17"", ""tot_sel_req"": ""5184"", ""tot_buy_req"": ""3738"", ""tot_buy_req_jub_pre"": ""0"", ""ovt_sel_req_pre"": ""0"", ""ovt_sel_req"": ""0"", ""ovt_buy_req"": ""0"", ""ovt_buy_req_pre"": ""0"", ""return_code"": 0, ""return_msg"": ""정상적으로 처리되었습니다""}"
2026-06-10,scan_candidate,192080,,0,main_scan,71400,,71400,71300,71400,71000,-0.700280112044818,0.1400560224089636,,,,,,"{""bid_req_base_tm"": ""103116"", ""sel_10th_pre_req_pre"": ""0"", ""sel_10th_pre_req"": ""11"", ""sel_10th_pre_bid"": ""+72500"", ""sel_9th_pre_req_pre"": ""0"", ""sel_9th_pre_req"": ""40"", ""sel_9th_pre_bid"": ""+72400"", ""sel_8th_pre_req_pre"": ""0"", ""sel_8th_pre_req"": ""10"", ""sel_8th_pre_bid"": ""+72300"", ""sel_7th_pre_req_pre"": ""0"", ""sel_7th_pre_req"": ""17"", ""sel_7th_pre_bid"": ""+72200"", ""sel_6th_pre_req_pre"": ""0"", ""sel_6th_pre_req"": ""16"", ""sel_6th_pre_bid"": ""-71900"", ""sel_5th_pre_req_pre"": ""0"", ""sel_5th_pre_req"": ""14"", ""sel_5th_pre_bid"": ""-71800"", ""sel_4th_pre_req_pre"": ""0"", ""sel_4th_pre_req"": ""960"", ""sel_4th_pre_bid"": ""-71700"", ""sel_3th_pre_req_pre"": ""0"", ""sel_3th_pre_req"": ""19"", ""sel_3th_pre_bid"": ""-71600"", ""sel_2th_pre_req_pre"": ""0"", ""sel_2th_pre_req"": ""91"", ""sel_2th_pre_bid"": ""-71500"", ""sel_1th_pre_req_pre"": ""0"", ""sel_fpr_req"": ""80"", ""sel_fpr_bid"": ""-71400"", ""buy_fpr_bid"": ""-71300"", ""buy_fpr_req"": ""141"", ""buy_1th_pre_req_pre"": ""+22"", ""buy_2th_pre_bid"": ""-71200"", ""buy_2th_pre_req"": ""11"", ""buy_2th_pre_req_pre"": ""0"", ""buy_3th_pre_bid"": ""-71100"", ""buy_3th_pre_req"": ""18"", ""buy_3th_pre_req_pre"": ""--22"", ""buy_4th_pre_bid"": ""-71000"", ""buy_4th_pre_req"": ""100"", ""buy_4th_pre_req_pre"": ""0"", ""buy_5th_pre_bid"": ""-70900"", ""buy_5th_pre_req"": ""56"", ""buy_5th_pre_req_pre"": ""0"", ""buy_6th_pre_bid"": ""-70800"", ""buy_6th_pre_req"": ""71"", ""buy_6th_pre_req_pre"": ""0"", ""buy_7th_pre_bid"": ""-70700"", ""buy_7th_pre_req"": ""98"", ""buy_7th_pre_req_pre"": ""0"", ""buy_8th_pre_bid"": ""-70600"", ""buy_8th_pre_req"": ""86"", ""buy_8th_pre_req_pre"": ""0"", ""buy_9th_pre_bid"": ""-70500"", ""buy_9th_pre_req"": ""181"", ""buy_9th_pre_req_pre"": ""0"", ""buy_10th_pre_bid"": ""-70400"", ""buy_10th_pre_req"": ""93"", ""buy_10th_pre_req_pre"": ""0"", ""tot_sel_req_jub_pre"": ""0"", ""tot_sel_req"": ""1258"", ""tot_buy_req"": ""855"", ""tot_buy_req_jub_pre"": ""0"", ""ovt_sel_req_pre"": ""0"", ""ovt_sel_req"": ""0"", ""ovt_buy_req"": ""0"", ""ovt_buy_req_pre"": ""0"", ""return_code"": 0, ""return_msg"": ""정상적으로 처리되었습니다""}"
2026-06-10,scan_candidate,093370,,0,main_scan,16120,,16120,16110,16120,16100,-0.4342431761786601,0.062034739454094295,,,,,,"{""bid_req_base_tm"": ""103124"", ""sel_10th_pre_req_pre"": ""0"", ""sel_10th_pre_req"": ""2026"", ""sel_10th_pre_bid"": ""+16210"", ""sel_9th_pre_req_pre"": ""0"", ""sel_9th_pre_req"": ""6061"", ""sel_9th_pre_bid"": ""+16200"", ""sel_8th_pre_req_pre"": ""0"", ""sel_8th_pre_req"": ""2709"", ""sel_8th_pre_bid"": ""+16190"", ""sel_7th_pre_req_pre"": ""0"", ""sel_7th_pre_req"": ""975"", ""sel_7th_pre_bid"": ""+16180"", ""sel_6th_pre_req_pre"": ""0"", ""sel_6th_pre_req"": ""66"", ""sel_6th_pre_bid"": ""+16170"", ""sel_5th_pre_req_pre"": ""0"", ""sel_5th_pre_req"": ""1294"", ""sel_5th_pre_bid"": ""+16160"", ""sel_4th_pre_req_pre"": ""0"", ""sel_4th_pre_req"": ""2451"", ""sel_4th_pre_bid"": ""+16150"", ""sel_3th_pre_req_pre"": ""0"", ""sel_3th_pre_req"": ""526"", ""sel_3th_pre_bid"": ""+16140"", ""sel_2th_pre_req_pre"": ""0"", ""sel_2th_pre_req"": ""1415"", ""sel_2th_pre_bid"": ""+16130"", ""sel_1th_pre_req_pre"": ""0"", ""sel_fpr_req"": ""1233"", ""sel_fpr_bid"": ""+16120"", ""buy_fpr_bid"": ""+16110"", ""buy_fpr_req"": ""391"", ""buy_1th_pre_req_pre"": ""--744"", ""buy_2th_pre_bid"": ""+16100"", ""buy_2th_pre_req"": ""6241"", ""buy_2th_pre_req_pre"": ""+10"", ""buy_3th_pre_bid"": ""+16090"", ""buy_3th_pre_req"": ""3653"", ""buy_3th_pre_req_pre"": ""--11"", ""buy_4th_pre_bid"": ""+16080"", ""buy_4th_pre_req"": ""3557"", ""buy_4th_pre_req_pre"": ""0"", ""buy_5th_pre_bid"": ""+16070"", ""buy_5th_pre_req"": ""2217"", ""buy_5th_pre_req_pre"": ""0"", ""buy_6th_pre_bid"": ""+16060"", ""buy_6th_pre_req"": ""8424"", ""buy_6th_pre_req_pre"": ""0"", ""buy_7th_pre_bid"": ""+16050"", ""buy_7th_pre_req"": ""10642"", ""buy_7th_pre_req_pre"": ""0"", ""buy_8th_pre_bid"": ""+16040"", ""buy_8th_pre_req"": ""1562"", ""buy_8th_pre_req_pre"": ""0"", ""buy_9th_pre_bid"": ""+16030"", ""buy_9th_pre_req"": ""3681"", ""buy_9th_pre_req_pre"": ""0"", ""buy_10th_pre_bid"": ""+16020"", ""buy_10th_pre_req"": ""3422"", ""buy_10th_pre_req_pre"": ""0"", ""tot_sel_req_jub_pre"": ""0"", ""tot_sel_req"": ""18756"", ""tot_buy_req"": ""43790"", ""tot_buy_req_jub_pre"": ""--745"", ""ovt_sel_req_pre"": ""0"", ""ovt_sel_req"": ""0"", ""ovt_buy_req"": ""0"", ""ovt_buy_req_pre"": ""0"", ""return_code"": 0, ""return_msg"": ""정상적으로 처리되었습니다""}"
2026-06-10,scan_candidate,066575,,0,main_scan,79200,,79200,79000,79200,79000,-0.3787878787878788,0.25252525252525254,,,,,,"{""bid_req_base_tm"": ""103124"", ""sel_10th_pre_req_pre"": ""0"", ""sel_10th_pre_req"": ""104"", ""sel_10th_pre_bid"": ""-80100"", ""sel_9th_pre_req_pre"": ""0"", ""sel_9th_pre_req"": ""838"", ""sel_9th_pre_bid"": ""-80000"", ""sel_8th_pre_req_pre"": ""0"", ""sel_8th_pre_req"": ""188"", ""sel_8th_pre_bid"": ""-79900"", ""sel_7th_pre_req_pre"": ""0"", ""sel_7th_pre_req"": ""139"", ""sel_7th_pre_bid"": ""-79800"", ""sel_6th_pre_req_pre"": ""0"", ""sel_6th_pre_req"": ""61"", ""sel_6th_pre_bid"": ""-79700"", ""sel_5th_pre_req_pre"": ""0"", ""sel_5th_pre_req"": ""76"", ""sel_5th_pre_bid"": ""-79600"", ""sel_4th_pre_req_pre"": ""0"", ""sel_4th_pre_req"": ""53"", ""sel_4th_pre_bid"": ""-79500"", ""sel_3th_pre_req_pre"": ""0"", ""sel_3th_pre_req"": ""22"", ""sel_3th_pre_bid"": ""-79400"", ""sel_2th_pre_req_pre"": ""0"", ""sel_2th_pre_req"": ""579"", ""sel_2th_pre_bid"": ""-79300"", ""sel_1th_pre_req_pre"": ""0"", ""sel_fpr_req"": ""250"", ""sel_fpr_bid"": ""-79200"", ""buy_fpr_bid"": ""-79000"", ""buy_fpr_req"": ""558"", ""buy_1th_pre_req_pre"": ""0"", ""buy_2th_pre_bid"": ""-78900"", ""buy_2th_pre_req"": ""277"", ""buy_2th_pre_req_pre"": ""0"", ""buy_3th_pre_bid"": ""-78800"", ""buy_3th_pre_req"": ""388"", ""buy_3th_pre_req_pre"": ""0"", ""buy_4th_pre_bid"": ""-78700"", ""buy_4th_pre_req"": ""61"", ""buy_4th_pre_req_pre"": ""0"", ""buy_5th_pre_bid"": ""-78600"", ""buy_5th_pre_req"": ""230"", ""buy_5th_pre_req_pre"": ""0"", ""buy_6th_pre_bid"": ""-78500"", ""buy_6th_pre_req"": ""258"", ""buy_6th_pre_req_pre"": ""0"", ""buy_7th_pre_bid"": ""-78400"", ""buy_7th_pre_req"": ""13"", ""buy_7th_pre_req_pre"": ""0"", ""buy_8th_pre_bid"": ""-78300"", ""buy_8th_pre_req"": ""102"", ""buy_8th_pre_req_pre"": ""0"", ""buy_9th_pre_bid"": ""-78200"", ""buy_9th_pre_req"": ""136"", ""buy_9th_pre_req_pre"": ""0"", ""buy_10th_pre_bid"": ""-78100"", ""buy_10th_pre_req"": ""86"", ""buy_10th_pre_req_pre"": ""0"", ""tot_sel_req_jub_pre"": ""0"", ""tot_sel_req"": ""2310"", ""tot_buy_req"": ""2109"", ""tot_buy_req_jub_pre"": ""0"", ""ovt_sel_req_pre"": ""0"", ""ovt_sel_req"": ""0"", ""ovt_buy_req"": ""0"", ""ovt_buy_req_pre"": ""0"", ""return_code"": 0, ""return_msg"": ""정상적으로 처리되었습니다""}"
2026-06-10,scan_candidate,181710,,0,main_scan,41100,,41100,41000,41100,41000,-0.36496350364963503,0.24330900243309003,,,,,,"{""bid_req_base_tm"": ""103125"", ""sel_10th_pre_req_pre"": ""0"", ""sel_10th_pre_req"": ""2"", ""sel_10th_pre_bid"": ""-41550"", ""sel_9th_pre_req_pre"": ""0"", ""sel_9th_pre_req"": ""1"", ""sel_9th_pre_bid"": ""-41500"", ""sel_8th_pre_req_pre"": ""0"", ""sel_8th_pre_req"": ""36"", ""sel_8th_pre_bid"": ""-41450"", ""sel_7th_pre_req_pre"": ""0"", ""sel_7th_pre_req"": ""126"", ""sel_7th_pre_bid"": ""-41400"", ""sel_6th_pre_req_pre"": ""0"", ""sel_6th_pre_req"": ""4"", ""sel_6th_pre_bid"": ""-41350"", ""sel_5th_pre_req_pre"": ""0"", ""sel_5th_pre_req"": ""12"", ""sel_5th_pre_bid"": ""-41300"", ""sel_4th_pre_req_pre"": ""0"", ""sel_4th_pre_req"": ""4"", ""sel_4th_pre_bid"": ""-41250"", ""sel_3th_pre_req_pre"": ""0"", ""sel_3th_pre_req"": ""8"", ""sel_3th_pre_bid"": ""-41200"", ""sel_2th_pre_req_pre"": ""0"", ""sel_2th_pre_req"": ""14"", ""sel_2th_pre_bid"": ""-41150"", ""sel_1th_pre_req_pre"": ""--10"", ""sel_fpr_req"": ""106"", ""sel_fpr_bid"": ""-41100"", ""buy_fpr_bid"": ""-41000"", ""buy_fpr_req"": ""10"", ""buy_1th_pre_req_pre"": ""0"", ""buy_2th_pre_bid"": ""-40950"", ""buy_2th_pre_req"": ""41"", ""buy_2th_pre_req_pre"": ""0"", ""buy_3th_pre_bid"": ""-40900"", ""buy_3th_pre_req"": ""205"", ""buy_3th_pre_req_pre"": ""0"", ""buy_4th_pre_bid"": ""-40850"", ""buy_4th_pre_req"": ""1"", ""buy_4th_pre_req_pre"": ""0"", ""buy_5th_pre_bid"": ""-40500"", ""buy_5th_pre_req"": ""91"", ""buy_5th_pre_req_pre"": ""0"", ""buy_6th_pre_bid"": ""-40450"", ""buy_6th_pre_req"": ""29"", ""buy_6th_pre_req_pre"": ""0"", ""buy_7th_pre_bid"": ""-40350"", ""buy_7th_pre_req"": ""9"", ""buy_7th_pre_req_pre"": ""0"", ""buy_8th_pre_bid"": ""-40200"", ""buy_8th_pre_req"": ""113"", ""buy_8th_pre_req_pre"": ""0"", ""buy_9th_pre_bid"": ""-40150"", ""buy_9th_pre_req"": ""225"", ""buy_9th_pre_req_pre"": ""0"", ""buy_10th_pre_bid"": ""-40100"", ""buy_10th_pre_req"": ""203"", ""buy_10th_pre_req_pre"": ""0"", ""tot_sel_req_jub_pre"": ""--10"", ""tot_sel_req"": ""313"", ""tot_buy_req"": ""927"", ""tot_buy_req_jub_pre"": ""0"", ""ovt_sel_req_pre"": ""0"", ""ovt_sel_req"": ""0"", ""ovt_buy_req"": ""0"", ""ovt_buy_req_pre"": ""0"", ""return_code"": 0, ""return_msg"": ""정상적으로 처리되었습니다""}"
2026-06-10,scan_candidate,034230,,0,main_scan,15080,,15080,15070,15080,15100,-0.1989389920424403,0.0663129973474801,,,,,,"{""bid_req_base_tm"": ""103124"", ""sel_10th_pre_req_pre"": ""0"", ""sel_10th_pre_req"": ""58"", ""sel_10th_pre_bid"": ""+15180"", ""sel_9th_pre_req_pre"": ""0"", ""sel_9th_pre_req"": ""113"", ""sel_9th_pre_bid"": ""+15170"", ""sel_8th_pre_req_pre"": ""0"", ""sel_8th_pre_req"": ""26"", ""sel_8th_pre_bid"": ""+15160"", ""sel_7th_pre_req_pre"": ""0"", ""sel_7th_pre_req"": ""180"", ""sel_7th_pre_bid"": ""+15150"", ""sel_6th_pre_req_pre"": ""0"", ""sel_6th_pre_req"": ""73"", ""sel_6th_pre_bid"": ""+15140"", ""sel_5th_pre_req_pre"": ""0"", ""sel_5th_pre_req"": ""117"", ""sel_5th_pre_bid"": ""+15130"", ""sel_4th_pre_req_pre"": ""0"", ""sel_4th_pre_req"": ""186"", ""sel_4th_pre_bid"": ""+15120"", ""sel_3th_pre_req_pre"": ""0"", ""sel_3th_pre_req"": ""130"", ""sel_3th_pre_bid"": ""+15110"", ""sel_2th_pre_req_pre"": ""0"", ""sel_2th_pre_req"": ""22"", ""sel_2th_pre_bid"": ""+15100"", ""sel_1th_pre_req_pre"": ""0"", ""sel_fpr_req"": ""72"", ""sel_fpr_bid"": ""+15080"", ""buy_fpr_bid"": ""+15070"", ""buy_fpr_req"": ""484"", ""buy_1th_pre_req_pre"": ""--1"", ""buy_2th_pre_bid"": ""+15060"", ""buy_2th_pre_req"": ""6"", ""buy_2th_pre_req_pre"": ""0"", ""buy_3th_pre_bid"": ""+15050"", ""buy_3th_pre_req"": ""12"", ""buy_3th_pre_req_pre"": ""0"", ""buy_4th_pre_bid"": ""+15040"", ""buy_4th_pre_req"": ""257"", ""buy_4th_pre_req_pre"": ""0"", ""buy_5th_pre_bid"": ""+15030"", ""buy_5th_pre_req"": ""159"", ""buy_5th_pre_req_pre"": ""0"", ""buy_6th_pre_bid"": ""15020"", ""buy_6th_pre_req"": ""176"", ""buy_6th_pre_req_pre"": ""0"", ""buy_7th_pre_bid"": ""-15010"", ""buy_7th_pre_req"": ""277"", ""buy_7th_pre_req_pre"": ""0"", ""buy_8th_pre_bid"": ""-15000"", ""buy_8th_pre_req"": ""394"", ""buy_8th_pre_req_pre"": ""0"", ""buy_9th_pre_bid"": ""-14990"", ""buy_9th_pre_req"": ""98"", ""buy_9th_pre_req_pre"": ""0"", ""buy_10th_pre_bid"": ""-14980"", ""buy_10th_pre_req"": ""168"", ""buy_10th_pre_req_pre"": ""0"", ""tot_sel_req_jub_pre"": ""0"", ""tot_sel_req"": ""977"", ""tot_buy_req"": ""2031"", ""tot_buy_req_jub_pre"": ""--1"", ""ovt_sel_req_pre"": ""0"", ""ovt_sel_req"": ""0"", ""ovt_buy_req"": ""0"", ""ovt_buy_req_pre"": ""0"", ""return_code"": 0, ""return_msg"": ""정상적으로 처리되었습니다""}"
2026-06-10,scan_candidate,281820,,0,main_scan,67400,,67400,67100,67400,67400,-0.1483679525222552,0.44510385756676557,,,,,,"{""bid_req_base_tm"": ""103125"", ""sel_10th_pre_req_pre"": ""0"", ""sel_10th_pre_req"": ""204"", ""sel_10th_pre_bid"": ""+68400"", ""sel_9th_pre_req_pre"": ""0"", ""sel_9th_pre_req"": ""56"", ""sel_9th_pre_bid"": ""+68300"", ""sel_8th_pre_req_pre"": ""0"", ""sel_8th_pre_req"": ""46"", ""sel_8th_pre_bid"": ""+68200"", ""sel_7th_pre_req_pre"": ""0"", ""sel_7th_pre_req"": ""21"", ""sel_7th_pre_bid"": ""+68100"", ""sel_6th_pre_req_pre"": ""0"", ""sel_6th_pre_req"": ""139"", ""sel_6th_pre_bid"": ""+68000"", ""sel_5th_pre_req_pre"": ""0"", ""sel_5th_pre_req"": ""80"", ""sel_5th_pre_bid"": ""+67900"", ""sel_4th_pre_req_pre"": ""0"", ""sel_4th_pre_req"": ""50"", ""sel_4th_pre_bid"": ""+67800"", ""sel_3th_pre_req_pre"": ""0"", ""sel_3th_pre_req"": ""5"", ""sel_3th_pre_bid"": ""+67700"", ""sel_2th_pre_req_pre"": ""--10"", ""sel_2th_pre_req"": ""18"", ""sel_2th_pre_bid"": ""+67600"", ""sel_1th_pre_req_pre"": ""+10"", ""sel_fpr_req"": ""18"", ""sel_fpr_bid"": ""+67400"", ""buy_fpr_bid"": ""+67100"", ""buy_fpr_req"": ""42"", ""buy_1th_pre_req_pre"": ""0"", ""buy_2th_pre_bid"": ""+67000"", ""buy_2th_pre_req"": ""179"", ""buy_2th_pre_req_pre"": ""0"", ""buy_3th_pre_bid"": ""+66900"", ""buy_3th_pre_req"": ""179"", ""buy_3th_pre_req_pre"": ""0"", ""buy_4th_pre_bid"": ""+66800"", ""buy_4th_pre_req"": ""50"", ""buy_4th_pre_req_pre"": ""0"", ""buy_5th_pre_bid"": ""+66700"", ""buy_5th_pre_req"": ""4"", ""buy_5th_pre_req_pre"": ""0"", ""buy_6th_pre_bid"": ""+66600"", ""buy_6th_pre_req"": ""28"", ""buy_6th_pre_req_pre"": ""0"", ""buy_7th_pre_bid"": ""+66500"", ""buy_7th_pre_req"": ""105"", ""buy_7th_pre_req_pre"": ""0"", ""buy_8th_pre_bid"": ""66400"", ""buy_8th_pre_req"": ""117"", ""buy_8th_pre_req_pre"": ""0"", ""buy_9th_pre_bid"": ""-66300"", ""buy_9th_pre_req"": ""7"", ""buy_9th_pre_req_pre"": ""0"", ""buy_10th_pre_bid"": ""-66200"", ""buy_10th_pre_req"": ""388"", ""buy_10th_pre_req_pre"": ""0"", ""tot_sel_req_jub_pre"": ""0"", ""tot_sel_req"": ""637"", ""tot_buy_req"": ""1099"", ""tot_buy_req_jub_pre"": ""0"", ""ovt_sel_req_pre"": ""0"", ""ovt_sel_req"": ""0"", ""ovt_buy_req"": ""0"", ""ovt_buy_req_pre"": ""0"", ""return_code"": 0, ""return_msg"": ""정상적으로 처리되었습니다""}"
2026-06-10,scan_candidate,195870,,0,main_scan,77700,,77700,77300,77700,77500,-0.3861003861003861,0.5148005148005148,,,,,,"{""bid_req_base_tm"": ""103125"", ""sel_10th_pre_req_pre"": ""0"", ""sel_10th_pre_req"": ""358"", ""sel_10th_pre_bid"": ""+78600"", ""sel_9th_pre_req_pre"": ""0"", ""sel_9th_pre_req"": ""446"", ""sel_9th_pre_bid"": ""+78500"", ""sel_8th_pre_req_pre"": ""0"", ""sel_8th_pre_req"": ""131"", ""sel_8th_pre_bid"": ""+78400"", ""sel_7th_pre_req_pre"": ""0"", ""sel_7th_pre_req"": ""61"", ""sel_7th_pre_bid"": ""+78300"", ""sel_6th_pre_req_pre"": ""0"", ""sel_6th_pre_req"": ""10"", ""sel_6th_pre_bid"": ""+78200"", ""sel_5th_pre_req_pre"": ""0"", ""sel_5th_pre_req"": ""10"", ""sel_5th_pre_bid"": ""+78100"", ""sel_4th_pre_req_pre"": ""0"", ""sel_4th_pre_req"": ""20"", ""sel_4th_pre_bid"": ""+78000"", ""sel_3th_pre_req_pre"": ""0"", ""sel_3th_pre_req"": ""50"", ""sel_3th_pre_bid"": ""+77900"", ""sel_2th_pre_req_pre"": ""0"", ""sel_2th_pre_req"": ""82"", ""sel_2th_pre_bid"": ""+77800"", ""sel_1th_pre_req_pre"": ""--8"", ""sel_fpr_req"": ""76"", ""sel_fpr_bid"": ""+77700"", ""buy_fpr_bid"": ""+77300"", ""buy_fpr_req"": ""26"", ""buy_1th_pre_req_pre"": ""0"", ""buy_2th_pre_bid"": ""+77200"", ""buy_2th_pre_req"": ""10"", ""buy_2th_pre_req_pre"": ""0"", ""buy_3th_pre_bid"": ""+77100"", ""buy_3th_pre_req"": ""57"", ""buy_3th_pre_req_pre"": ""0"", ""buy_4th_pre_bid"": ""+77000"", ""buy_4th_pre_req"": ""106"", ""buy_4th_pre_req_pre"": ""0"", ""buy_5th_pre_bid"": ""+76900"", ""buy_5th_pre_req"": ""66"", ""buy_5th_pre_req_pre"": ""0"", ""buy_6th_pre_bid"": ""+76800"", ""buy_6th_pre_req"": ""313"", ""buy_6th_pre_req_pre"": ""0"", ""buy_7th_pre_bid"": ""+76700"", ""buy_7th_pre_req"": ""50"", ""buy_7th_pre_req_pre"": ""0"", ""buy_8th_pre_bid"": ""+76600"", ""buy_8th_pre_req"": ""115"", ""buy_8th_pre_req_pre"": ""0"", ""buy_9th_pre_bid"": ""+76500"", ""buy_9th_pre_req"": ""266"", ""buy_9th_pre_req_pre"": ""0"", ""buy_10th_pre_bid"": ""+76400"", ""buy_10th_pre_req"": ""251"", ""buy_10th_pre_req_pre"": ""0"", ""tot_sel_req_jub_pre"": ""--8"", ""tot_sel_req"": ""1244"", ""tot_buy_req"": ""1260"", ""tot_buy_req_jub_pre"": ""0"", ""ovt_sel_req_pre"": ""0"", ""ovt_sel_req"": ""0"", ""ovt_buy_req"": ""0"", ""ovt_buy_req_pre"": ""0"", ""return_code"": 0, ""return_msg"": ""정상적으로 처리되었습니다""}"
2026-06-10,scan_candidate,001820,,0,main_scan,116200,,116200,116000,116200,115500,-1.0327022375215147,0.17211703958691912,,,,,,"{""bid_req_base_tm"": ""103126"", ""sel_10th_pre_req_pre"": ""0"", ""sel_10th_pre_req"": ""79"", ""sel_10th_pre_bid"": ""-117100"", ""sel_9th_pre_req_pre"": ""0"", ""sel_9th_pre_req"": ""108"", ""sel_9th_pre_bid"": ""-117000"", ""sel_8th_pre_req_pre"": ""0"", ""sel_8th_pre_req"": ""82"", ""sel_8th_pre_bid"": ""-116900"", ""sel_7th_pre_req_pre"": ""0"", ""sel_7th_pre_req"": ""881"", ""sel_7th_pre_bid"": ""-116800"", ""sel_6th_pre_req_pre"": ""0"", ""sel_6th_pre_req"": ""68"", ""sel_6th_pre_bid"": ""-116700"", ""sel_5th_pre_req_pre"": ""0"", ""sel_5th_pre_req"": ""39"", ""sel_5th_pre_bid"": ""-116600"", ""sel_4th_pre_req_pre"": ""+24"", ""sel_4th_pre_req"": ""173"", ""sel_4th_pre_bid"": ""-116500"", ""sel_3th_pre_req_pre"": ""0"", ""sel_3th_pre_req"": ""94"", ""sel_3th_pre_bid"": ""-116400"", ""sel_2th_pre_req_pre"": ""0"", ""sel_2th_pre_req"": ""93"", ""sel_2th_pre_bid"": ""-116300"", ""sel_1th_pre_req_pre"": ""0"", ""sel_fpr_req"": ""322"", ""sel_fpr_bid"": ""-116200"", ""buy_fpr_bid"": ""-116000"", ""buy_fpr_req"": ""225"", ""buy_1th_pre_req_pre"": ""--20"", ""buy_2th_pre_bid"": ""-115900"", ""buy_2th_pre_req"": ""145"", ""buy_2th_pre_req_pre"": ""0"", ""buy_3th_pre_bid"": ""-115800"", ""buy_3th_pre_req"": ""97"", ""buy_3th_pre_req_pre"": ""0"", ""buy_4th_pre_bid"": ""-115700"", ""buy_4th_pre_req"": ""425"", ""buy_4th_pre_req_pre"": ""0"", ""buy_5th_pre_bid"": ""-115600"", ""buy_5th_pre_req"": ""33"", ""buy_5th_pre_req_pre"": ""0"", ""buy_6th_pre_bid"": ""-115500"", ""buy_6th_pre_req"": ""123"", ""buy_6th_pre_req_pre"": ""0"", ""buy_7th_pre_bid"": ""-115400"", ""buy_7th_pre_req"": ""33"", ""buy_7th_pre_req_pre"": ""0"", ""buy_8th_pre_bid"": ""-115300"", ""buy_8th_pre_req"": ""56"", ""buy_8th_pre_req_pre"": ""0"", ""buy_9th_pre_bid"": ""-115200"", ""buy_9th_pre_req"": ""107"", ""buy_9th_pre_req_pre"": ""0"", ""buy_10th_pre_bid"": ""-115100"", ""buy_10th_pre_req"": ""122"", ""buy_10th_pre_req_pre"": ""0"", ""tot_sel_req_jub_pre"": ""+24"", ""tot_sel_req"": ""1939"", ""tot_buy_req"": ""1366"", ""tot_buy_req_jub_pre"": ""--20"", ""ovt_sel_req_pre"": ""0"", ""ovt_sel_req"": ""0"", ""ovt_buy_req"": ""0"", ""ovt_buy_req_pre"": ""0"", ""return_code"": 0, ""return_msg"": ""정상적으로 처리되었습니다""}"
2026-06-10,scan_candidate,000815,,0,main_scan,401000,,401000,400000,401000,400000,-0.3740648379052369,0.24937655860349126,,,,,,"{""bid_req_base_tm"": ""103112"", ""sel_10th_pre_req_pre"": ""0"", ""sel_10th_pre_req"": ""70"", ""sel_10th_pre_bid"": ""-406500"", ""sel_9th_pre_req_pre"": ""0"", ""sel_9th_pre_req"": ""122"", ""sel_9th_pre_bid"": ""-406000"", ""sel_8th_pre_req_pre"": ""0"", ""sel_8th_pre_req"": ""74"", ""sel_8th_pre_bid"": ""-405500"", ""sel_7th_pre_req_pre"": ""0"", ""sel_7th_pre_req"": ""112"", ""sel_7th_pre_bid"": ""-405000"", ""sel_6th_pre_req_pre"": ""0"", ""sel_6th_pre_req"": ""149"", ""sel_6th_pre_bid"": ""-404500"", ""sel_5th_pre_req_pre"": ""0"", ""sel_5th_pre_req"": ""134"", ""sel_5th_pre_bid"": ""-404000"", ""sel_4th_pre_req_pre"": ""0"", ""sel_4th_pre_req"": ""5"", ""sel_4th_pre_bid"": ""-403500"", ""sel_3th_pre_req_pre"": ""0"", ""sel_3th_pre_req"": ""44"", ""sel_3th_pre_bid"": ""-403000"", ""sel_2th_pre_req_pre"": ""0"", ""sel_2th_pre_req"": ""19"", ""sel_2th_pre_bid"": ""-401500"", ""sel_1th_pre_req_pre"": ""0"", ""sel_fpr_req"": ""49"", ""sel_fpr_bid"": ""-401000"", ""buy_fpr_bid"": ""-400000"", ""buy_fpr_req"": ""7"", ""buy_1th_pre_req_pre"": ""0"", ""buy_2th_pre_bid"": ""-399500"", ""buy_2th_pre_req"": ""48"", ""buy_2th_pre_req_pre"": ""0"", ""buy_3th_pre_bid"": ""-399000"", ""buy_3th_pre_req"": ""31"", ""buy_3th_pre_req_pre"": ""0"", ""buy_4th_pre_bid"": ""-398500"", ""buy_4th_pre_req"": ""54"", ""buy_4th_pre_req_pre"": ""0"", ""buy_5th_pre_bid"": ""-398000"", ""buy_5th_pre_req"": ""105"", ""buy_5th_pre_req_pre"": ""0"", ""buy_6th_pre_bid"": ""-397500"", ""buy_6th_pre_req"": ""149"", ""buy_6th_pre_req_pre"": ""0"", ""buy_7th_pre_bid"": ""-397000"", ""buy_7th_pre_req"": ""60"", ""buy_7th_pre_req_pre"": ""0"", ""buy_8th_pre_bid"": ""-396500"", ""buy_8th_pre_req"": ""14"", ""buy_8th_pre_req_pre"": ""0"", ""buy_9th_pre_bid"": ""-396000"", ""buy_9th_pre_req"": ""23"", ""buy_9th_pre_req_pre"": ""0"", ""buy_10th_pre_bid"": ""-395500"", ""buy_10th_pre_req"": ""9"", ""buy_10th_pre_req_pre"": ""0"", ""tot_sel_req_jub_pre"": ""0"", ""tot_sel_req"": ""778"", ""tot_buy_req"": ""500"", ""tot_buy_req_jub_pre"": ""0"", ""ovt_sel_req_pre"": ""0"", ""ovt_sel_req"": ""0"", ""ovt_buy_req"": ""0"", ""ovt_buy_req_pre"": ""0"", ""return_code"": 0, ""return_msg"": ""정상적으로 처리되었습니다""}"
2026-06-10,scan_candidate,499790,,0,main_scan,50300,,50300,50100,50300,49950,-0.7952286282306162,0.3976143141153081,,,,,,"{""bid_req_base_tm"": ""103126"", ""sel_10th_pre_req_pre"": ""0"", ""sel_10th_pre_req"": ""30"", ""sel_10th_pre_bid"": ""+51200"", ""sel_9th_pre_req_pre"": ""0"", ""sel_9th_pre_req"": ""17"", ""sel_9th_pre_bid"": ""+51100"", ""sel_8th_pre_req_pre"": ""0"", ""sel_8th_pre_req"": ""392"", ""sel_8th_pre_bid"": ""+51000"", ""sel_7th_pre_req_pre"": ""0"", ""sel_7th_pre_req"": ""68"", ""sel_7th_pre_bid"": ""+50900"", ""sel_6th_pre_req_pre"": ""0"", ""sel_6th_pre_req"": ""80"", ""sel_6th_pre_bid"": ""+50800"", ""sel_5th_pre_req_pre"": ""0"", ""sel_5th_pre_req"": ""1251"", ""sel_5th_pre_bid"": ""+50700"", ""sel_4th_pre_req_pre"": ""0"", ""sel_4th_pre_req"": ""123"", ""sel_4th_pre_bid"": ""+50600"", ""sel_3th_pre_req_pre"": ""0"", ""sel_3th_pre_req"": ""196"", ""sel_3th_pre_bid"": ""+50500"", ""sel_2th_pre_req_pre"": ""0"", ""sel_2th_pre_req"": ""133"", ""sel_2th_pre_bid"": ""+50400"", ""sel_1th_pre_req_pre"": ""+4"", ""sel_fpr_req"": ""134"", ""sel_fpr_bid"": ""+50300"", ""buy_fpr_bid"": ""+50100"", ""buy_fpr_req"": ""11"", ""buy_1th_pre_req_pre"": ""0"", ""buy_2th_pre_bid"": ""+50000"", ""buy_2th_pre_req"": ""595"", ""buy_2th_pre_req_pre"": ""0"", ""buy_3th_pre_bid"": ""+49950"", ""buy_3th_pre_req"": ""341"", ""buy_3th_pre_req_pre"": ""0"", ""buy_4th_pre_bid"": ""+49900"", ""buy_4th_pre_req"": ""117"", ""buy_4th_pre_req_pre"": ""0"", ""buy_5th_pre_bid"": ""+49850"", ""buy_5th_pre_req"": ""7"", ""buy_5th_pre_req_pre"": ""0"", ""buy_6th_pre_bid"": ""+49650"", ""buy_6th_pre_req"": ""7"", ""buy_6th_pre_req_pre"": ""0"", ""buy_7th_pre_bid"": ""+49600"", ""buy_7th_pre_req"": ""1"", ""buy_7th_pre_req_pre"": ""0"", ""buy_8th_pre_bid"": ""+49400"", ""buy_8th_pre_req"": ""64"", ""buy_8th_pre_req_pre"": ""0"", ""buy_9th_pre_bid"": ""+49350"", ""buy_9th_pre_req"": ""2"", ""buy_9th_pre_req_pre"": ""0"", ""buy_10th_pre_bid"": ""+49250"", ""buy_10th_pre_req"": ""47"", ""buy_10th_pre_req_pre"": ""0"", ""tot_sel_req_jub_pre"": ""+4"", ""tot_sel_req"": ""2424"", ""tot_buy_req"": ""1192"", ""tot_buy_req_jub_pre"": ""0"", ""ovt_sel_req_pre"": ""0"", ""ovt_sel_req"": ""0"", ""ovt_buy_req"": ""0"", ""ovt_buy_req_pre"": ""0"", ""return_code"": 0, ""return_msg"": ""정상적으로 처리되었습니다""}"
2026-06-10,scan_candidate,100090,,0,main_scan,16470,,16470,16460,16470,16500,-0.12143290831815423,0.060716454159077116,,,,,,"{""bid_req_base_tm"": ""103126"", ""sel_10th_pre_req_pre"": ""0"", ""sel_10th_pre_req"": ""183"", ""sel_10th_pre_bid"": ""+16600"", ""sel_9th_pre_req_pre"": ""0"", ""sel_9th_pre_req"": ""550"", ""sel_9th_pre_bid"": ""+16590"", ""sel_8th_pre_req_pre"": ""0"", ""sel_8th_pre_req"": ""137"", ""sel_8th_pre_bid"": ""+16580"", ""sel_7th_pre_req_pre"": ""0"", ""sel_7th_pre_req"": ""42"", ""sel_7th_pre_bid"": ""+16570"", ""sel_6th_pre_req_pre"": ""0"", ""sel_6th_pre_req"": ""584"", ""sel_6th_pre_bid"": ""+16550"", ""sel_5th_pre_req_pre"": ""0"", ""sel_5th_pre_req"": ""217"", ""sel_5th_pre_bid"": ""+16510"", ""sel_4th_pre_req_pre"": ""0"", ""sel_4th_pre_req"": ""76"", ""sel_4th_pre_bid"": ""+16500"", ""sel_3th_pre_req_pre"": ""0"", ""sel_3th_pre_req"": ""16"", ""sel_3th_pre_bid"": ""+16490"", ""sel_2th_pre_req_pre"": ""0"", ""sel_2th_pre_req"": ""47"", ""sel_2th_pre_bid"": ""+16480"", ""sel_1th_pre_req_pre"": ""0"", ""sel_fpr_req"": ""204"", ""sel_fpr_bid"": ""+16470"", ""buy_fpr_bid"": ""+16460"", ""buy_fpr_req"": ""1"", ""buy_1th_pre_req_pre"": ""0"", ""buy_2th_pre_bid"": ""+16450"", ""buy_2th_pre_req"": ""36"", ""buy_2th_pre_req_pre"": ""0"", ""buy_3th_pre_bid"": ""+16440"", ""buy_3th_pre_req"": ""306"", ""buy_3th_pre_req_pre"": ""0"", ""buy_4th_pre_bid"": ""+16430"", ""buy_4th_pre_req"": ""517"", ""buy_4th_pre_req_pre"": ""0"", ""buy_5th_pre_bid"": ""+16420"", ""buy_5th_pre_req"": ""273"", ""buy_5th_pre_req_pre"": ""0"", ""buy_6th_pre_bid"": ""+16410"", ""buy_6th_pre_req"": ""2607"", ""buy_6th_pre_req_pre"": ""0"", ""buy_7th_pre_bid"": ""+16400"", ""buy_7th_pre_req"": ""3474"", ""buy_7th_pre_req_pre"": ""0"", ""buy_8th_pre_bid"": ""+16390"", ""buy_8th_pre_req"": ""835"", ""buy_8th_pre_req_pre"": ""0"", ""buy_9th_pre_bid"": ""+16380"", ""buy_9th_pre_req"": ""679"", ""buy_9th_pre_req_pre"": ""0"", ""buy_10th_pre_bid"": ""+16370"", ""buy_10th_pre_req"": ""702"", ""buy_10th_pre_req_pre"": ""0"", ""tot_sel_req_jub_pre"": ""0"", ""tot_sel_req"": ""2056"", ""tot_buy_req"": ""9430"", ""tot_buy_req_jub_pre"": ""--308"", ""ovt_sel_req_pre"": ""0"", ""ovt_sel_req"": ""0"", ""ovt_buy_req"": ""0"", ""ovt_buy_req_pre"": ""0"", ""return_code"": 0, ""return_msg"": ""정상적으로 처리되었습니다""}"
2026-06-10,scan_candidate,003160,,0,main_scan,28300,,28300,28150,28300,28400,0.17667844522968199,0.5300353356890459,,,,,,"{""bid_req_base_tm"": ""103127"", ""sel_10th_pre_req_pre"": ""0"", ""sel_10th_pre_req"": ""120"", ""sel_10th_pre_bid"": ""+28850"", ""sel_9th_pre_req_pre"": ""0"", ""sel_9th_pre_req"": ""33"", ""sel_9th_pre_bid"": ""+28800"", ""sel_8th_pre_req_pre"": ""0"", ""sel_8th_pre_req"": ""3"", ""sel_8th_pre_bid"": ""+28700"", ""sel_7th_pre_req_pre"": ""0"", ""sel_7th_pre_req"": ""85"", ""sel_7th_pre_bid"": ""+28650"", ""sel_6th_pre_req_pre"": ""0"", ""sel_6th_pre_req"": ""1"", ""sel_6th_pre_bid"": ""+28600"", ""sel_5th_pre_req_pre"": ""0"", ""sel_5th_pre_req"": ""1"", ""sel_5th_pre_bid"": ""+28550"", ""sel_4th_pre_req_pre"": ""0"", ""sel_4th_pre_req"": ""67"", ""sel_4th_pre_bid"": ""+28500"", ""sel_3th_pre_req_pre"": ""0"", ""sel_3th_pre_req"": ""309"", ""sel_3th_pre_bid"": ""+28400"", ""sel_2th_pre_req_pre"": ""0"", ""sel_2th_pre_req"": ""200"", ""sel_2th_pre_bid"": ""+28350"", ""sel_1th_pre_req_pre"": ""0"", ""sel_fpr_req"": ""9"", ""sel_fpr_bid"": ""+28300"", ""buy_fpr_bid"": ""+28150"", ""buy_fpr_req"": ""50"", ""buy_1th_pre_req_pre"": ""0"", ""buy_2th_pre_bid"": ""+28100"", ""buy_2th_pre_req"": ""136"", ""buy_2th_pre_req_pre"": ""+10"", ""buy_3th_pre_bid"": ""28050"", ""buy_3th_pre_req"": ""243"", ""buy_3th_pre_req_pre"": ""0"", ""buy_4th_pre_bid"": ""-28000"", ""buy_4th_pre_req"": ""717"", ""buy_4th_pre_req_pre"": ""0"", ""buy_5th_pre_bid"": ""-27950"", ""buy_5th_pre_req"": ""2"", ""buy_5th_pre_req_pre"": ""0"", ""buy_6th_pre_bid"": ""-27900"", ""buy_6th_pre_req"": ""24"", ""buy_6th_pre_req_pre"": ""0"", ""buy_7th_pre_bid"": ""-27850"", ""buy_7th_pre_req"": ""475"", ""buy_7th_pre_req_pre"": ""0"", ""buy_8th_pre_bid"": ""-27800"", ""buy_8th_pre_req"": ""813"", ""buy_8th_pre_req_pre"": ""0"", ""buy_9th_pre_bid"": ""-27750"", ""buy_9th_pre_req"": ""58"", ""buy_9th_pre_req_pre"": ""0"", ""buy_10th_pre_bid"": ""-27700"", ""buy_10th_pre_req"": ""99"", ""buy_10th_pre_req_pre"": ""0"", ""tot_sel_req_jub_pre"": ""0"", ""tot_sel_req"": ""828"", ""tot_buy_req"": ""2617"", ""tot_buy_req_jub_pre"": ""+10"", ""ovt_sel_req_pre"": ""0"", ""ovt_sel_req"": ""0"", ""ovt_buy_req"": ""0"", ""ovt_buy_req_pre"": ""0"", ""return_code"": 0, ""return_msg"": ""정상적으로 처리되었습니다""}"
2026-06-10,scan_candidate,000370,,0,main_scan,6580,,6580,6570,6580,6550,-0.60790273556231,0.1519756838905775,,,,,,"{""bid_req_base_tm"": ""103125"", ""sel_10th_pre_req_pre"": ""0"", ""sel_10th_pre_req"": ""2001"", ""sel_10th_pre_bid"": ""+6680"", ""sel_9th_pre_req_pre"": ""0"", ""sel_9th_pre_req"": ""2958"", ""sel_9th_pre_bid"": ""+6670"", ""sel_8th_pre_req_pre"": ""0"", ""sel_8th_pre_req"": ""51"", ""sel_8th_pre_bid"": ""+6660"", ""sel_7th_pre_req_pre"": ""0"", ""sel_7th_pre_req"": ""37"", ""sel_7th_pre_bid"": ""+6640"", ""sel_6th_pre_req_pre"": ""0"", ""sel_6th_pre_req"": ""1001"", ""sel_6th_pre_bid"": ""+6630"", ""sel_5th_pre_req_pre"": ""0"", ""sel_5th_pre_req"": ""740"", ""sel_5th_pre_bid"": ""+6620"", ""sel_4th_pre_req_pre"": ""0"", ""sel_4th_pre_req"": ""1001"", ""sel_4th_pre_bid"": ""+6610"", ""sel_3th_pre_req_pre"": ""0"", ""sel_3th_pre_req"": ""451"", ""sel_3th_pre_bid"": ""+6600"", ""sel_2th_pre_req_pre"": ""0"", ""sel_2th_pre_req"": ""1147"", ""sel_2th_pre_bid"": ""+6590"", ""sel_1th_pre_req_pre"": ""0"", ""sel_fpr_req"": ""671"", ""sel_fpr_bid"": ""+6580"", ""buy_fpr_bid"": ""+6570"", ""buy_fpr_req"": ""10"", ""buy_1th_pre_req_pre"": ""0"", ""buy_2th_pre_bid"": ""+6560"", ""buy_2th_pre_req"": ""35"", ""buy_2th_pre_req_pre"": ""--50"", ""buy_3th_pre_bid"": ""+6550"", ""buy_3th_pre_req"": ""363"", ""buy_3th_pre_req_pre"": ""0"", ""buy_4th_pre_bid"": ""+6540"", ""buy_4th_pre_req"": ""211"", ""buy_4th_pre_req_pre"": ""0"", ""buy_5th_pre_bid"": ""+6530"", ""buy_5th_pre_req"": ""225"", ""buy_5th_pre_req_pre"": ""0"", ""buy_6th_pre_bid"": ""+6520"", ""buy_6th_pre_req"": ""538"", ""buy_6th_pre_req_pre"": ""0"", ""buy_7th_pre_bid"": ""+6510"", ""buy_7th_pre_req"": ""1493"", ""buy_7th_pre_req_pre"": ""0"", ""buy_8th_pre_bid"": ""+6500"", ""buy_8th_pre_req"": ""1231"", ""buy_8th_pre_req_pre"": ""0"", ""buy_9th_pre_bid"": ""+6490"", ""buy_9th_pre_req"": ""248"", ""buy_9th_pre_req_pre"": ""0"", ""buy_10th_pre_bid"": ""+6480"", ""buy_10th_pre_req"": ""257"", ""buy_10th_pre_req_pre"": ""0"", ""tot_sel_req_jub_pre"": ""0"", ""tot_sel_req"": ""10058"", ""tot_buy_req"": ""4611"", ""tot_buy_req_jub_pre"": ""--50"", ""ovt_sel_req_pre"": ""0"", ""ovt_sel_req"": ""0"", ""ovt_buy_req"": ""0"", ""ovt_buy_req_pre"": ""0"", ""return_code"": 0, ""return_msg"": ""정상적으로 처리되었습니다""}"
2026-06-10,scan_candidate,114090,,0,main_scan,12030,,12030,12010,12030,12000,-0.6650041562759768,0.1662510390689942,,,,,,"{""bid_req_base_tm"": ""103125"", ""sel_10th_pre_req_pre"": ""0"", ""sel_10th_pre_req"": ""349"", ""sel_10th_pre_bid"": ""+12190"", ""sel_9th_pre_req_pre"": ""0"", ""sel_9th_pre_req"": ""376"", ""sel_9th_pre_bid"": ""+12180"", ""sel_8th_pre_req_pre"": ""0"", ""sel_8th_pre_req"": ""12"", ""sel_8th_pre_bid"": ""+12170"", ""sel_7th_pre_req_pre"": ""0"", ""sel_7th_pre_req"": ""1069"", ""sel_7th_pre_bid"": ""+12150"", ""sel_6th_pre_req_pre"": ""0"", ""sel_6th_pre_req"": ""32"", ""sel_6th_pre_bid"": ""+12140"", ""sel_5th_pre_req_pre"": ""0"", ""sel_5th_pre_req"": ""470"", ""sel_5th_pre_bid"": ""+12130"", ""sel_4th_pre_req_pre"": ""0"", ""sel_4th_pre_req"": ""55"", ""sel_4th_pre_bid"": ""+12120"", ""sel_3th_pre_req_pre"": ""0"", ""sel_3th_pre_req"": ""57"", ""sel_3th_pre_bid"": ""+12060"", ""sel_2th_pre_req_pre"": ""0"", ""sel_2th_pre_req"": ""8"", ""sel_2th_pre_bid"": ""+12050"", ""sel_1th_pre_req_pre"": ""+4"", ""sel_fpr_req"": ""165"", ""sel_fpr_bid"": ""+12030"", ""buy_fpr_bid"": ""+12010"", ""buy_fpr_req"": ""184"", ""buy_1th_pre_req_pre"": ""0"", ""buy_2th_pre_bid"": ""+12000"", ""buy_2th_pre_req"": ""667"", ""buy_2th_pre_req_pre"": ""0"", ""buy_3th_pre_bid"": ""+11990"", ""buy_3th_pre_req"": ""631"", ""buy_3th_pre_req_pre"": ""0"", ""buy_4th_pre_bid"": ""+11980"", ""buy_4th_pre_req"": ""340"", ""buy_4th_pre_req_pre"": ""0"", ""buy_5th_pre_bid"": ""+11970"", ""buy_5th_pre_req"": ""63"", ""buy_5th_pre_req_pre"": ""0"", ""buy_6th_pre_bid"": ""11950"", ""buy_6th_pre_req"": ""350"", ""buy_6th_pre_req_pre"": ""0"", ""buy_7th_pre_bid"": ""-11900"", ""buy_7th_pre_req"": ""147"", ""buy_7th_pre_req_pre"": ""0"", ""buy_8th_pre_bid"": ""-11850"", ""buy_8th_pre_req"": ""31"", ""buy_8th_pre_req_pre"": ""0"", ""buy_9th_pre_bid"": ""-11840"", ""buy_9th_pre_req"": ""25"", ""buy_9th_pre_req_pre"": ""0"", ""buy_10th_pre_bid"": ""-11820"", ""buy_10th_pre_req"": ""24"", ""buy_10th_pre_req_pre"": ""0"", ""tot_sel_req_jub_pre"": ""+4"", ""tot_sel_req"": ""2593"", ""tot_buy_req"": ""2462"", ""tot_buy_req_jub_pre"": ""0"", ""ovt_sel_req_pre"": ""0"", ""ovt_sel_req"": ""0"", ""ovt_buy_req"": ""0"", ""ovt_buy_req_pre"": ""0"", ""return_code"": 0, ""return_msg"": ""정상적으로 처리되었습니다""}"
2026-06-10,scan_candidate,005090,,0,main_scan,52300,,52300,52100,52300,52300,-0.19120458891013384,0.3824091778202677,,,,,,"{""bid_req_base_tm"": ""103127"", ""sel_10th_pre_req_pre"": ""0"", ""sel_10th_pre_req"": ""1"", ""sel_10th_pre_bid"": ""+53700"", ""sel_9th_pre_req_pre"": ""0"", ""sel_9th_pre_req"": ""71"", ""sel_9th_pre_bid"": ""+53600"", ""sel_8th_pre_req_pre"": ""0"", ""sel_8th_pre_req"": ""12"", ""sel_8th_pre_bid"": ""+53500"", ""sel_7th_pre_req_pre"": ""0"", ""sel_7th_pre_req"": ""610"", ""sel_7th_pre_bid"": ""+53400"", ""sel_6th_pre_req_pre"": ""0"", ""sel_6th_pre_req"": ""67"", ""sel_6th_pre_bid"": ""+53100"", ""sel_5th_pre_req_pre"": ""0"", ""sel_5th_pre_req"": ""33"", ""sel_5th_pre_bid"": ""+53000"", ""sel_4th_pre_req_pre"": ""0"", ""sel_4th_pre_req"": ""51"", ""sel_4th_pre_bid"": ""+52900"", ""sel_3th_pre_req_pre"": ""0"", ""sel_3th_pre_req"": ""7"", ""sel_3th_pre_bid"": ""+52600"", ""sel_2th_pre_req_pre"": ""0"", ""sel_2th_pre_req"": ""112"", ""sel_2th_pre_bid"": ""+52400"", ""sel_1th_pre_req_pre"": ""+39"", ""sel_fpr_req"": ""167"", ""sel_fpr_bid"": ""+52300"", ""buy_fpr_bid"": ""+52100"", ""buy_fpr_req"": ""1"", ""buy_1th_pre_req_pre"": ""0"", ""buy_2th_pre_bid"": ""+52000"", ""buy_2th_pre_req"": ""55"", ""buy_2th_pre_req_pre"": ""0"", ""buy_3th_pre_bid"": ""+51900"", ""buy_3th_pre_req"": ""120"", ""buy_3th_pre_req_pre"": ""+39"", ""buy_4th_pre_bid"": ""+51600"", ""buy_4th_pre_req"": ""18"", ""buy_4th_pre_req_pre"": ""0"", ""buy_5th_pre_bid"": ""+51500"", ""buy_5th_pre_req"": ""159"", ""buy_5th_pre_req_pre"": ""0"", ""buy_6th_pre_bid"": ""+51400"", ""buy_6th_pre_req"": ""219"", ""buy_6th_pre_req_pre"": ""0"", ""buy_7th_pre_bid"": ""+51300"", ""buy_7th_pre_req"": ""103"", ""buy_7th_pre_req_pre"": ""0"", ""buy_8th_pre_bid"": ""+51100"", ""buy_8th_pre_req"": ""195"", ""buy_8th_pre_req_pre"": ""0"", ""buy_9th_pre_bid"": ""+51000"", ""buy_9th_pre_req"": ""354"", ""buy_9th_pre_req_pre"": ""0"", ""buy_10th_pre_bid"": ""+50900"", ""buy_10th_pre_req"": ""160"", ""buy_10th_pre_req_pre"": ""0"", ""tot_sel_req_jub_pre"": ""+39"", ""tot_sel_req"": ""1131"", ""tot_buy_req"": ""1384"", ""tot_buy_req_jub_pre"": ""+39"", ""ovt_sel_req_pre"": ""0"", ""ovt_sel_req"": ""0"", ""ovt_buy_req"": ""0"", ""ovt_buy_req_pre"": ""0"", ""return_code"": 0, ""return_msg"": ""정상적으로 처리되었습니다""}"
2026-06-10,scan_candidate,017900,,0,main_scan,9660,,9660,9650,9660,9670,0.0,0.10351966873706005,,,,,,"{""bid_req_base_tm"": ""103127"", ""sel_10th_pre_req_pre"": ""0"", ""sel_10th_pre_req"": ""2456"", ""sel_10th_pre_bid"": ""+9750"", ""sel_9th_pre_req_pre"": ""0"", ""sel_9th_pre_req"": ""749"", ""sel_9th_pre_bid"": ""+9740"", ""sel_8th_pre_req_pre"": ""0"", ""sel_8th_pre_req"": ""693"", ""sel_8th_pre_bid"": ""+9730"", ""sel_7th_pre_req_pre"": ""0"", ""sel_7th_pre_req"": ""1015"", ""sel_7th_pre_bid"": ""+9720"", ""sel_6th_pre_req_pre"": ""0"", ""sel_6th_pre_req"": ""809"", ""sel_6th_pre_bid"": ""+9710"", ""sel_5th_pre_req_pre"": ""0"", ""sel_5th_pre_req"": ""1371"", ""sel_5th_pre_bid"": ""+9700"", ""sel_4th_pre_req_pre"": ""0"", ""sel_4th_pre_req"": ""530"", ""sel_4th_pre_bid"": ""+9690"", ""sel_3th_pre_req_pre"": ""0"", ""sel_3th_pre_req"": ""119"", ""sel_3th_pre_bid"": ""+9680"", ""sel_2th_pre_req_pre"": ""0"", ""sel_2th_pre_req"": ""61"", ""sel_2th_pre_bid"": ""+9670"", ""sel_1th_pre_req_pre"": ""0"", ""sel_fpr_req"": ""336"", ""sel_fpr_bid"": ""+9660"", ""buy_fpr_bid"": ""+9650"", ""buy_fpr_req"": ""385"", ""buy_1th_pre_req_pre"": ""+3"", ""buy_2th_pre_bid"": ""+9630"", ""buy_2th_pre_req"": ""307"", ""buy_2th_pre_req_pre"": ""0"", ""buy_3th_pre_bid"": ""+9620"", ""buy_3th_pre_req"": ""418"", ""buy_3th_pre_req_pre"": ""0"", ""buy_4th_pre_bid"": ""+9610"", ""buy_4th_pre_req"": ""511"", ""buy_4th_pre_req_pre"": ""0"", ""buy_5th_pre_bid"": ""+9600"", ""buy_5th_pre_req"": ""4661"", ""buy_5th_pre_req_pre"": ""+200"", ""buy_6th_pre_bid"": ""+9590"", ""buy_6th_pre_req"": ""2208"", ""buy_6th_pre_req_pre"": ""0"", ""buy_7th_pre_bid"": ""+9580"", ""buy_7th_pre_req"": ""2678"", ""buy_7th_pre_req_pre"": ""0"", ""buy_8th_pre_bid"": ""+9570"", ""buy_8th_pre_req"": ""2826"", ""buy_8th_pre_req_pre"": ""--200"", ""buy_9th_pre_bid"": ""+9560"", ""buy_9th_pre_req"": ""1653"", ""buy_9th_pre_req_pre"": ""0"", ""buy_10th_pre_bid"": ""+9550"", ""buy_10th_pre_req"": ""2352"", ""buy_10th_pre_req_pre"": ""0"", ""tot_sel_req_jub_pre"": ""0"", ""tot_sel_req"": ""8139"", ""tot_buy_req"": ""17999"", ""tot_buy_req_jub_pre"": ""+3"", ""ovt_sel_req_pre"": ""0"", ""ovt_sel_req"": ""0"", ""ovt_buy_req"": ""0"", ""ovt_buy_req_pre"": ""0"", ""return_code"": 0, ""return_msg"": ""정상적으로 처리되었습니다""}"
2026-06-10,scan_candidate,004710,,0,main_scan,11090,,11090,11080,11090,11100,-0.36068530207394045,0.09017132551848511,,,,,,"{""bid_req_base_tm"": ""103126"", ""sel_10th_pre_req_pre"": ""0"", ""sel_10th_pre_req"": ""1168"", ""sel_10th_pre_bid"": ""+11250"", ""sel_9th_pre_req_pre"": ""0"", ""sel_9th_pre_req"": ""1000"", ""sel_9th_pre_bid"": ""+11240"", ""sel_8th_pre_req_pre"": ""0"", ""sel_8th_pre_req"": ""857"", ""sel_8th_pre_bid"": ""+11230"", ""sel_7th_pre_req_pre"": ""0"", ""sel_7th_pre_req"": ""41"", ""sel_7th_pre_bid"": ""+11220"", ""sel_6th_pre_req_pre"": ""0"", ""sel_6th_pre_req"": ""1603"", ""sel_6th_pre_bid"": ""+11210"", ""sel_5th_pre_req_pre"": ""0"", ""sel_5th_pre_req"": ""1027"", ""sel_5th_pre_bid"": ""+11200"", ""sel_4th_pre_req_pre"": ""0"", ""sel_4th_pre_req"": ""1064"", ""sel_4th_pre_bid"": ""+11140"", ""sel_3th_pre_req_pre"": ""0"", ""sel_3th_pre_req"": ""518"", ""sel_3th_pre_bid"": ""+11130"", ""sel_2th_pre_req_pre"": ""0"", ""sel_2th_pre_req"": ""401"", ""sel_2th_pre_bid"": ""+11100"", ""sel_1th_pre_req_pre"": ""0"", ""sel_fpr_req"": ""5"", ""sel_fpr_bid"": ""+11090"", ""buy_fpr_bid"": ""+11080"", ""buy_fpr_req"": ""46"", ""buy_1th_pre_req_pre"": ""0"", ""buy_2th_pre_bid"": ""+11070"", ""buy_2th_pre_req"": ""2590"", ""buy_2th_pre_req_pre"": ""0"", ""buy_3th_pre_bid"": ""+11060"", ""buy_3th_pre_req"": ""723"", ""buy_3th_pre_req_pre"": ""0"", ""buy_4th_pre_bid"": ""+11050"", ""buy_4th_pre_req"": ""2964"", ""buy_4th_pre_req_pre"": ""+10"", ""buy_5th_pre_bid"": ""+11030"", ""buy_5th_pre_req"": ""13"", ""buy_5th_pre_req_pre"": ""0"", ""buy_6th_pre_bid"": ""+11020"", ""buy_6th_pre_req"": ""1402"", ""buy_6th_pre_req_pre"": ""0"", ""buy_7th_pre_bid"": ""+11010"", ""buy_7th_pre_req"": ""204"", ""buy_7th_pre_req_pre"": ""0"", ""buy_8th_pre_bid"": ""+11000"", ""buy_8th_pre_req"": ""734"", ""buy_8th_pre_req_pre"": ""0"", ""buy_9th_pre_bid"": ""+10980"", ""buy_9th_pre_req"": ""6"", ""buy_9th_pre_req_pre"": ""0"", ""buy_10th_pre_bid"": ""+10970"", ""buy_10th_pre_req"": ""5"", ""buy_10th_pre_req_pre"": ""0"", ""tot_sel_req_jub_pre"": ""0"", ""tot_sel_req"": ""7684"", ""tot_buy_req"": ""8687"", ""tot_buy_req_jub_pre"": ""+10"", ""ovt_sel_req_pre"": ""0"", ""ovt_sel_req"": ""0"", ""ovt_buy_req"": ""0"", ""ovt_buy_req_pre"": ""0"", ""return_code"": 0, ""return_msg"": ""정상적으로 처리되었습니다""}"
2026-06-10,scan_candidate,006220,,0,main_scan,11320,,11320,11310,11320,11300,-0.6183745583038869,0.08833922261484099,,,,,,"{""bid_req_base_tm"": ""103127"", ""sel_10th_pre_req_pre"": ""0"", ""sel_10th_pre_req"": ""52"", ""sel_10th_pre_bid"": ""+11410"", ""sel_9th_pre_req_pre"": ""0"", ""sel_9th_pre_req"": ""2022"", ""sel_9th_pre_bid"": ""+11400"", ""sel_8th_pre_req_pre"": ""0"", ""sel_8th_pre_req"": ""914"", ""sel_8th_pre_bid"": ""+11390"", ""sel_7th_pre_req_pre"": ""0"", ""sel_7th_pre_req"": ""665"", ""sel_7th_pre_bid"": ""+11380"", ""sel_6th_pre_req_pre"": ""0"", ""sel_6th_pre_req"": ""575"", ""sel_6th_pre_bid"": ""+11370"", ""sel_5th_pre_req_pre"": ""0"", ""sel_5th_pre_req"": ""125"", ""sel_5th_pre_bid"": ""+11360"", ""sel_4th_pre_req_pre"": ""0"", ""sel_4th_pre_req"": ""1130"", ""sel_4th_pre_bid"": ""+11350"", ""sel_3th_pre_req_pre"": ""0"", ""sel_3th_pre_req"": ""101"", ""sel_3th_pre_bid"": ""+11340"", ""sel_2th_pre_req_pre"": ""0"", ""sel_2th_pre_req"": ""82"", ""sel_2th_pre_bid"": ""+11330"", ""sel_1th_pre_req_pre"": ""--14"", ""sel_fpr_req"": ""22"", ""sel_fpr_bid"": ""+11320"", ""buy_fpr_bid"": ""+11310"", ""buy_fpr_req"": ""1"", ""buy_1th_pre_req_pre"": ""0"", ""buy_2th_pre_bid"": ""+11300"", ""buy_2th_pre_req"": ""93"", ""buy_2th_pre_req_pre"": ""0"", ""buy_3th_pre_bid"": ""+11290"", ""buy_3th_pre_req"": ""89"", ""buy_3th_pre_req_pre"": ""0"", ""buy_4th_pre_bid"": ""+11280"", ""buy_4th_pre_req"": ""4"", ""buy_4th_pre_req_pre"": ""0"", ""buy_5th_pre_bid"": ""+11270"", ""buy_5th_pre_req"": ""1066"", ""buy_5th_pre_req_pre"": ""0"", ""buy_6th_pre_bid"": ""+11260"", ""buy_6th_pre_req"": ""1094"", ""buy_6th_pre_req_pre"": ""0"", ""buy_7th_pre_bid"": ""+11250"", ""buy_7th_pre_req"": ""899"", ""buy_7th_pre_req_pre"": ""0"", ""buy_8th_pre_bid"": ""+11240"", ""buy_8th_pre_req"": ""93"", ""buy_8th_pre_req_pre"": ""0"", ""buy_9th_pre_bid"": ""+11230"", ""buy_9th_pre_req"": ""1230"", ""buy_9th_pre_req_pre"": ""0"", ""buy_10th_pre_bid"": ""+11220"", ""buy_10th_pre_req"": ""2245"", ""buy_10th_pre_req_pre"": ""0"", ""tot_sel_req_jub_pre"": ""--14"", ""tot_sel_req"": ""5688"", ""tot_buy_req"": ""6814"", ""tot_buy_req_jub_pre"": ""0"", ""ovt_sel_req_pre"": ""0"", ""ovt_sel_req"": ""0"", ""ovt_buy_req"": ""0"", ""ovt_buy_req_pre"": ""0"", ""return_code"": 0, ""return_msg"": ""정상적으로 처리되었습니다""}"
2026-06-10,scan_candidate,092200,,0,main_scan,9780,,9780,9750,9780,9790,0.0,0.3067484662576687,,,,,,"{""bid_req_base_tm"": ""103127"", ""sel_10th_pre_req_pre"": ""0"", ""sel_10th_pre_req"": ""1065"", ""sel_10th_pre_bid"": ""-9880"", ""sel_9th_pre_req_pre"": ""0"", ""sel_9th_pre_req"": ""308"", ""sel_9th_pre_bid"": ""-9870"", ""sel_8th_pre_req_pre"": ""0"", ""sel_8th_pre_req"": ""33"", ""sel_8th_pre_bid"": ""-9860"", ""sel_7th_pre_req_pre"": ""0"", ""sel_7th_pre_req"": ""361"", ""sel_7th_pre_bid"": ""-9850"", ""sel_6th_pre_req_pre"": ""0"", ""sel_6th_pre_req"": ""1021"", ""sel_6th_pre_bid"": ""-9840"", ""sel_5th_pre_req_pre"": ""0"", ""sel_5th_pre_req"": ""7"", ""sel_5th_pre_bid"": ""-9830"", ""sel_4th_pre_req_pre"": ""0"", ""sel_4th_pre_req"": ""99"", ""sel_4th_pre_bid"": ""-9820"", ""sel_3th_pre_req_pre"": ""0"", ""sel_3th_pre_req"": ""751"", ""sel_3th_pre_bid"": ""-9800"", ""sel_2th_pre_req_pre"": ""0"", ""sel_2th_pre_req"": ""593"", ""sel_2th_pre_bid"": ""-9790"", ""sel_1th_pre_req_pre"": ""0"", ""sel_fpr_req"": ""126"", ""sel_fpr_bid"": ""-9780"", ""buy_fpr_bid"": ""-9750"", ""buy_fpr_req"": ""358"", ""buy_1th_pre_req_pre"": ""0"", ""buy_2th_pre_bid"": ""-9740"", ""buy_2th_pre_req"": ""2074"", ""buy_2th_pre_req_pre"": ""0"", ""buy_3th_pre_bid"": ""-9730"", ""buy_3th_pre_req"": ""893"", ""buy_3th_pre_req_pre"": ""0"", ""buy_4th_pre_bid"": ""-9720"", ""buy_4th_pre_req"": ""689"", ""buy_4th_pre_req_pre"": ""0"", ""buy_5th_pre_bid"": ""-9710"", ""buy_5th_pre_req"": ""1137"", ""buy_5th_pre_req_pre"": ""0"", ""buy_6th_pre_bid"": ""-9700"", ""buy_6th_pre_req"": ""2385"", ""buy_6th_pre_req_pre"": ""0"", ""buy_7th_pre_bid"": ""-9690"", ""buy_7th_pre_req"": ""4019"", ""buy_7th_pre_req_pre"": ""0"", ""buy_8th_pre_bid"": ""-9680"", ""buy_8th_pre_req"": ""1422"", ""buy_8th_pre_req_pre"": ""0"", ""buy_9th_pre_bid"": ""-9670"", ""buy_9th_pre_req"": ""1208"", ""buy_9th_pre_req_pre"": ""0"", ""buy_10th_pre_bid"": ""-9660"", ""buy_10th_pre_req"": ""1083"", ""buy_10th_pre_req_pre"": ""+21"", ""tot_sel_req_jub_pre"": ""0"", ""tot_sel_req"": ""4364"", ""tot_buy_req"": ""15268"", ""tot_buy_req_jub_pre"": ""+21"", ""ovt_sel_req_pre"": ""0"", ""ovt_sel_req"": ""0"", ""ovt_buy_req"": ""0"", ""ovt_buy_req_pre"": ""0"", ""return_code"": 0, ""return_msg"": ""정상적으로 처리되었습니다""}"
2026-06-10,scan_candidate,010820,,0,main_scan,8100,,8100,8070,8100,8100,-0.12345679012345678,0.3703703703703704,,,,,,"{""bid_req_base_tm"": ""103127"", ""sel_10th_pre_req_pre"": ""0"", ""sel_10th_pre_req"": ""2142"", ""sel_10th_pre_bid"": ""+8200"", ""sel_9th_pre_req_pre"": ""0"", ""sel_9th_pre_req"": ""1023"", ""sel_9th_pre_bid"": ""+8190"", ""sel_8th_pre_req_pre"": ""0"", ""sel_8th_pre_req"": ""142"", ""sel_8th_pre_bid"": ""+8180"", ""sel_7th_pre_req_pre"": ""0"", ""sel_7th_pre_req"": ""156"", ""sel_7th_pre_bid"": ""+8170"", ""sel_6th_pre_req_pre"": ""0"", ""sel_6th_pre_req"": ""70"", ""sel_6th_pre_bid"": ""+8160"", ""sel_5th_pre_req_pre"": ""0"", ""sel_5th_pre_req"": ""283"", ""sel_5th_pre_bid"": ""+8150"", ""sel_4th_pre_req_pre"": ""0"", ""sel_4th_pre_req"": ""225"", ""sel_4th_pre_bid"": ""+8140"", ""sel_3th_pre_req_pre"": ""0"", ""sel_3th_pre_req"": ""12"", ""sel_3th_pre_bid"": ""+8130"", ""sel_2th_pre_req_pre"": ""0"", ""sel_2th_pre_req"": ""269"", ""sel_2th_pre_bid"": ""+8120"", ""sel_1th_pre_req_pre"": ""0"", ""sel_fpr_req"": ""28"", ""sel_fpr_bid"": ""+8100"", ""buy_fpr_bid"": ""+8070"", ""buy_fpr_req"": ""118"", ""buy_1th_pre_req_pre"": ""0"", ""buy_2th_pre_bid"": ""+8060"", ""buy_2th_pre_req"": ""511"", ""buy_2th_pre_req_pre"": ""0"", ""buy_3th_pre_bid"": ""+8050"", ""buy_3th_pre_req"": ""1076"", ""buy_3th_pre_req_pre"": ""0"", ""buy_4th_pre_bid"": ""+8040"", ""buy_4th_pre_req"": ""307"", ""buy_4th_pre_req_pre"": ""0"", ""buy_5th_pre_bid"": ""+8030"", ""buy_5th_pre_req"": ""526"", ""buy_5th_pre_req_pre"": ""0"", ""buy_6th_pre_bid"": ""+8020"", ""buy_6th_pre_req"": ""150"", ""buy_6th_pre_req_pre"": ""0"", ""buy_7th_pre_bid"": ""+8010"", ""buy_7th_pre_req"": ""458"", ""buy_7th_pre_req_pre"": ""0"", ""buy_8th_pre_bid"": ""+8000"", ""buy_8th_pre_req"": ""2916"", ""buy_8th_pre_req_pre"": ""0"", ""buy_9th_pre_bid"": ""+7990"", ""buy_9th_pre_req"": ""682"", ""buy_9th_pre_req_pre"": ""0"", ""buy_10th_pre_bid"": ""+7980"", ""buy_10th_pre_req"": ""113"", ""buy_10th_pre_req_pre"": ""0"", ""tot_sel_req_jub_pre"": ""0"", ""tot_sel_req"": ""4350"", ""tot_buy_req"": ""6857"", ""tot_buy_req_jub_pre"": ""0"", ""ovt_sel_req_pre"": ""0"", ""ovt_sel_req"": ""0"", ""ovt_buy_req"": ""0"", ""ovt_buy_req_pre"": ""0"", ""return_code"": 0, ""return_msg"": ""정상적으로 처리되었습니다""}"
2026-06-10,scan_candidate,000430,,0,main_scan,5730,,5730,5720,5730,5750,0.17452006980802792,0.17452006980802792,,,,,,"{""bid_req_base_tm"": ""103128"", ""sel_10th_pre_req_pre"": ""0"", ""sel_10th_pre_req"": ""1661"", ""sel_10th_pre_bid"": ""-5830"", ""sel_9th_pre_req_pre"": ""0"", ""sel_9th_pre_req"": ""1479"", ""sel_9th_pre_bid"": ""-5820"", ""sel_8th_pre_req_pre"": ""0"", ""sel_8th_pre_req"": ""1693"", ""sel_8th_pre_bid"": ""-5810"", ""sel_7th_pre_req_pre"": ""0"", ""sel_7th_pre_req"": ""1531"", ""sel_7th_pre_bid"": ""-5800"", ""sel_6th_pre_req_pre"": ""0"", ""sel_6th_pre_req"": ""1059"", ""sel_6th_pre_bid"": ""-5790"", ""sel_5th_pre_req_pre"": ""0"", ""sel_5th_pre_req"": ""1220"", ""sel_5th_pre_bid"": ""-5780"", ""sel_4th_pre_req_pre"": ""0"", ""sel_4th_pre_req"": ""133"", ""sel_4th_pre_bid"": ""-5760"", ""sel_3th_pre_req_pre"": ""0"", ""sel_3th_pre_req"": ""64"", ""sel_3th_pre_bid"": ""-5750"", ""sel_2th_pre_req_pre"": ""0"", ""sel_2th_pre_req"": ""1871"", ""sel_2th_pre_bid"": ""-5740"", ""sel_1th_pre_req_pre"": ""0"", ""sel_fpr_req"": ""562"", ""sel_fpr_bid"": ""-5730"", ""buy_fpr_bid"": ""-5720"", ""buy_fpr_req"": ""3"", ""buy_1th_pre_req_pre"": ""0"", ""buy_2th_pre_bid"": ""-5710"", ""buy_2th_pre_req"": ""10"", ""buy_2th_pre_req_pre"": ""0"", ""buy_3th_pre_bid"": ""-5700"", ""buy_3th_pre_req"": ""4923"", ""buy_3th_pre_req_pre"": ""0"", ""buy_4th_pre_bid"": ""-5690"", ""buy_4th_pre_req"": ""5243"", ""buy_4th_pre_req_pre"": ""0"", ""buy_5th_pre_bid"": ""-5680"", ""buy_5th_pre_req"": ""5593"", ""buy_5th_pre_req_pre"": ""0"", ""buy_6th_pre_bid"": ""-5670"", ""buy_6th_pre_req"": ""5469"", ""buy_6th_pre_req_pre"": ""0"", ""buy_7th_pre_bid"": ""-5660"", ""buy_7th_pre_req"": ""7444"", ""buy_7th_pre_req_pre"": ""0"", ""buy_8th_pre_bid"": ""-5650"", ""buy_8th_pre_req"": ""9153"", ""buy_8th_pre_req_pre"": ""0"", ""buy_9th_pre_bid"": ""-5640"", ""buy_9th_pre_req"": ""2393"", ""buy_9th_pre_req_pre"": ""0"", ""buy_10th_pre_bid"": ""-5630"", ""buy_10th_pre_req"": ""1365"", ""buy_10th_pre_req_pre"": ""0"", ""tot_sel_req_jub_pre"": ""0"", ""tot_sel_req"": ""11273"", ""tot_buy_req"": ""41596"", ""tot_buy_req_jub_pre"": ""--3734"", ""ovt_sel_req_pre"": ""0"", ""ovt_sel_req"": ""0"", ""ovt_buy_req"": ""0"", ""ovt_buy_req_pre"": ""0"", ""return_code"": 0, ""return_msg"": ""정상적으로 처리되었습니다""}"
2026-06-10,scan_candidate,010690,,0,main_scan,10810,,10810,10800,10810,10800,-0.5550416281221091,0.09250693802035154,,,,,,"{""bid_req_base_tm"": ""103127"", ""sel_10th_pre_req_pre"": ""0"", ""sel_10th_pre_req"": ""2445"", ""sel_10th_pre_bid"": ""+10900"", ""sel_9th_pre_req_pre"": ""0"", ""sel_9th_pre_req"": ""222"", ""sel_9th_pre_bid"": ""+10890"", ""sel_8th_pre_req_pre"": ""0"", ""sel_8th_pre_req"": ""71"", ""sel_8th_pre_bid"": ""+10880"", ""sel_7th_pre_req_pre"": ""0"", ""sel_7th_pre_req"": ""151"", ""sel_7th_pre_bid"": ""+10870"", ""sel_6th_pre_req_pre"": ""0"", ""sel_6th_pre_req"": ""332"", ""sel_6th_pre_bid"": ""+10860"", ""sel_5th_pre_req_pre"": ""0"", ""sel_5th_pre_req"": ""148"", ""sel_5th_pre_bid"": ""+10850"", ""sel_4th_pre_req_pre"": ""0"", ""sel_4th_pre_req"": ""83"", ""sel_4th_pre_bid"": ""+10840"", ""sel_3th_pre_req_pre"": ""0"", ""sel_3th_pre_req"": ""35"", ""sel_3th_pre_bid"": ""+10830"", ""sel_2th_pre_req_pre"": ""0"", ""sel_2th_pre_req"": ""214"", ""sel_2th_pre_bid"": ""+10820"", ""sel_1th_pre_req_pre"": ""0"", ""sel_fpr_req"": ""204"", ""sel_fpr_bid"": ""+10810"", ""buy_fpr_bid"": ""+10800"", ""buy_fpr_req"": ""39"", ""buy_1th_pre_req_pre"": ""0"", ""buy_2th_pre_bid"": ""+10790"", ""buy_2th_pre_req"": ""309"", ""buy_2th_pre_req_pre"": ""0"", ""buy_3th_pre_bid"": ""+10780"", ""buy_3th_pre_req"": ""573"", ""buy_3th_pre_req_pre"": ""0"", ""buy_4th_pre_bid"": ""+10770"", ""buy_4th_pre_req"": ""298"", ""buy_4th_pre_req_pre"": ""0"", ""buy_5th_pre_bid"": ""+10760"", ""buy_5th_pre_req"": ""305"", ""buy_5th_pre_req_pre"": ""0"", ""buy_6th_pre_bid"": ""+10750"", ""buy_6th_pre_req"": ""703"", ""buy_6th_pre_req_pre"": ""0"", ""buy_7th_pre_bid"": ""+10740"", ""buy_7th_pre_req"": ""380"", ""buy_7th_pre_req_pre"": ""0"", ""buy_8th_pre_bid"": ""+10730"", ""buy_8th_pre_req"": ""181"", ""buy_8th_pre_req_pre"": ""0"", ""buy_9th_pre_bid"": ""+10720"", ""buy_9th_pre_req"": ""56"", ""buy_9th_pre_req_pre"": ""0"", ""buy_10th_pre_bid"": ""+10710"", ""buy_10th_pre_req"": ""540"", ""buy_10th_pre_req_pre"": ""0"", ""tot_sel_req_jub_pre"": ""+1877"", ""tot_sel_req"": ""3905"", ""tot_buy_req"": ""3384"", ""tot_buy_req_jub_pre"": ""--708"", ""ovt_sel_req_pre"": ""0"", ""ovt_sel_req"": ""0"", ""ovt_buy_req"": ""0"", ""ovt_buy_req_pre"": ""0"", ""return_code"": 0, ""return_msg"": ""정상적으로 처리되었습니다""}"
2026-06-10,scan_candidate,005950,,0,main_scan,12170,,12170,12160,12170,12100,-0.9860312243221034,0.08216926869350863,,,,,,"{""bid_req_base_tm"": ""103129"", ""sel_10th_pre_req_pre"": ""0"", ""sel_10th_pre_req"": ""2"", ""sel_10th_pre_bid"": ""+12280"", ""sel_9th_pre_req_pre"": ""0"", ""sel_9th_pre_req"": ""13"", ""sel_9th_pre_bid"": ""+12270"", ""sel_8th_pre_req_pre"": ""0"", ""sel_8th_pre_req"": ""2"", ""sel_8th_pre_bid"": ""+12260"", ""sel_7th_pre_req_pre"": ""0"", ""sel_7th_pre_req"": ""30"", ""sel_7th_pre_bid"": ""+12250"", ""sel_6th_pre_req_pre"": ""0"", ""sel_6th_pre_req"": ""133"", ""sel_6th_pre_bid"": ""+12230"", ""sel_5th_pre_req_pre"": ""+1"", ""sel_5th_pre_req"": ""134"", ""sel_5th_pre_bid"": ""+12210"", ""sel_4th_pre_req_pre"": ""0"", ""sel_4th_pre_req"": ""70"", ""sel_4th_pre_bid"": ""+12200"", ""sel_3th_pre_req_pre"": ""0"", ""sel_3th_pre_req"": ""320"", ""sel_3th_pre_bid"": ""+12190"", ""sel_2th_pre_req_pre"": ""0"", ""sel_2th_pre_req"": ""587"", ""sel_2th_pre_bid"": ""+12180"", ""sel_1th_pre_req_pre"": ""0"", ""sel_fpr_req"": ""322"", ""sel_fpr_bid"": ""+12170"", ""buy_fpr_bid"": ""+12160"", ""buy_fpr_req"": ""378"", ""buy_1th_pre_req_pre"": ""0"", ""buy_2th_pre_bid"": ""+12150"", ""buy_2th_pre_req"": ""24"", ""buy_2th_pre_req_pre"": ""0"", ""buy_3th_pre_bid"": ""+12140"", ""buy_3th_pre_req"": ""592"", ""buy_3th_pre_req_pre"": ""0"", ""buy_4th_pre_bid"": ""+12130"", ""buy_4th_pre_req"": ""2"", ""buy_4th_pre_req_pre"": ""0"", ""buy_5th_pre_bid"": ""+12110"", ""buy_5th_pre_req"": ""78"", ""buy_5th_pre_req_pre"": ""0"", ""buy_6th_pre_bid"": ""+12100"", ""buy_6th_pre_req"": ""453"", ""buy_6th_pre_req_pre"": ""0"", ""buy_7th_pre_bid"": ""+12090"", ""buy_7th_pre_req"": ""3"", ""buy_7th_pre_req_pre"": ""0"", ""buy_8th_pre_bid"": ""+12080"", ""buy_8th_pre_req"": ""2"", ""buy_8th_pre_req_pre"": ""0"", ""buy_9th_pre_bid"": ""+12070"", ""buy_9th_pre_req"": ""2"", ""buy_9th_pre_req_pre"": ""0"", ""buy_10th_pre_bid"": ""+12050"", ""buy_10th_pre_req"": ""20"", ""buy_10th_pre_req_pre"": ""0"", ""tot_sel_req_jub_pre"": ""+1"", ""tot_sel_req"": ""1613"", ""tot_buy_req"": ""1554"", ""tot_buy_req_jub_pre"": ""0"", ""ovt_sel_req_pre"": ""0"", ""ovt_sel_req"": ""0"", ""ovt_buy_req"": ""0"", ""ovt_buy_req_pre"": ""0"", ""return_code"": 0, ""return_msg"": ""정상적으로 처리되었습니다""}"
2026-06-10,watchlist,014680,,0,filtered_candidate_recheck,263500,,263500,263000,263500,264000,0.0,0.18975332068311196,,,,,,"{""bid_req_base_tm"": ""103315"", ""sel_10th_pre_req_pre"": ""0"", ""sel_10th_pre_req"": ""18"", ""sel_10th_pre_bid"": ""+268500"", ""sel_9th_pre_req_pre"": ""0"", ""sel_9th_pre_req"": ""50"", ""sel_9th_pre_bid"": ""+268000"", ""sel_8th_pre_req_pre"": ""0"", ""sel_8th_pre_req"": ""38"", ""sel_8th_pre_bid"": ""+267500"", ""sel_7th_pre_req_pre"": ""0"", ""sel_7th_pre_req"": ""28"", ""sel_7th_pre_bid"": ""+267000"", ""sel_6th_pre_req_pre"": ""0"", ""sel_6th_pre_req"": ""11"", ""sel_6th_pre_bid"": ""+266500"", ""sel_5th_pre_req_pre"": ""0"", ""sel_5th_pre_req"": ""9"", ""sel_5th_pre_bid"": ""+266000"", ""sel_4th_pre_req_pre"": ""0"", ""sel_4th_pre_req"": ""42"", ""sel_4th_pre_bid"": ""+265000"", ""sel_3th_pre_req_pre"": ""0"", ""sel_3th_pre_req"": ""3"", ""sel_3th_pre_bid"": ""+264500"", ""sel_2th_pre_req_pre"": ""0"", ""sel_2th_pre_req"": ""10"", ""sel_2th_pre_bid"": ""+264000"", ""sel_1th_pre_req_pre"": ""0"", ""sel_fpr_req"": ""31"", ""sel_fpr_bid"": ""+263500"", ""buy_fpr_bid"": ""+263000"", ""buy_fpr_req"": ""29"", ""buy_1th_pre_req_pre"": ""0"", ""buy_2th_pre_bid"": ""+262500"", ""buy_2th_pre_req"": ""2"", ""buy_2th_pre_req_pre"": ""0"", ""buy_3th_pre_bid"": ""+262000"", ""buy_3th_pre_req"": ""116"", ""buy_3th_pre_req_pre"": ""0"", ""buy_4th_pre_bid"": ""+261500"", ""buy_4th_pre_req"": ""21"", ""buy_4th_pre_req_pre"": ""0"", ""buy_5th_pre_bid"": ""+261000"", ""buy_5th_pre_req"": ""3"", ""buy_5th_pre_req_pre"": ""--1"", ""buy_6th_pre_bid"": ""+260500"", ""buy_6th_pre_req"": ""62"", ""buy_6th_pre_req_pre"": ""0"", ""buy_7th_pre_bid"": ""+260000"", ""buy_7th_pre_req"": ""128"", ""buy_7th_pre_req_pre"": ""0"", ""buy_8th_pre_bid"": ""+259500"", ""buy_8th_pre_req"": ""119"", ""buy_8th_pre_req_pre"": ""0"", ""buy_9th_pre_bid"": ""+259000"", ""buy_9th_pre_req"": ""209"", ""buy_9th_pre_req_pre"": ""0"", ""buy_10th_pre_bid"": ""+258500"", ""buy_10th_pre_req"": ""102"", ""buy_10th_pre_req_pre"": ""0"", ""tot_sel_req_jub_pre"": ""0"", ""tot_sel_req"": ""240"", ""tot_buy_req"": ""791"", ""tot_buy_req_jub_pre"": ""--1"", ""ovt_sel_req_pre"": ""0"", ""ovt_sel_req"": ""0"", ""ovt_buy_req"": ""0"", ""ovt_buy_req_pre"": ""0"", ""return_code"": 0, ""return_msg"": ""정상적으로 처리되었습니다""}"
2026-06-10,watchlist,035420,,1,filtered_candidate_recheck,235500,,235500,235000,235500,237500,0.6369426751592357,0.21231422505307856,,,,,,"{""bid_req_base_tm"": ""103316"", ""sel_10th_pre_req_pre"": ""0"", ""sel_10th_pre_req"": ""4253"", ""sel_10th_pre_bid"": ""-240000"", ""sel_9th_pre_req_pre"": ""0"", ""sel_9th_pre_req"": ""2946"", ""sel_9th_pre_bid"": ""-239500"", ""sel_8th_pre_req_pre"": ""0"", ""sel_8th_pre_req"": ""2325"", ""sel_8th_pre_bid"": ""-239000"", ""sel_7th_pre_req_pre"": ""0"", ""sel_7th_pre_req"": ""1550"", ""sel_7th_pre_bid"": ""-238500"", ""sel_6th_pre_req_pre"": ""0"", ""sel_6th_pre_req"": ""2462"", ""sel_6th_pre_bid"": ""-238000"", ""sel_5th_pre_req_pre"": ""0"", ""sel_5th_pre_req"": ""4679"", ""sel_5th_pre_bid"": ""-237500"", ""sel_4th_pre_req_pre"": ""0"", ""sel_4th_pre_req"": ""2185"", ""sel_4th_pre_bid"": ""-237000"", ""sel_3th_pre_req_pre"": ""0"", ""sel_3th_pre_req"": ""1007"", ""sel_3th_pre_bid"": ""-236500"", ""sel_2th_pre_req_pre"": ""+200"", ""sel_2th_pre_req"": ""2129"", ""sel_2th_pre_bid"": ""-236000"", ""sel_1th_pre_req_pre"": ""0"", ""sel_fpr_req"": ""544"", ""sel_fpr_bid"": ""-235500"", ""buy_fpr_bid"": ""-235000"", ""buy_fpr_req"": ""29678"", ""buy_1th_pre_req_pre"": ""+1"", ""buy_2th_pre_bid"": ""-234500"", ""buy_2th_pre_req"": ""54523"", ""buy_2th_pre_req_pre"": ""0"", ""buy_3th_pre_bid"": ""-234000"", ""buy_3th_pre_req"": ""8819"", ""buy_3th_pre_req_pre"": ""0"", ""buy_4th_pre_bid"": ""-233500"", ""buy_4th_pre_req"": ""7667"", ""buy_4th_pre_req_pre"": ""0"", ""buy_5th_pre_bid"": ""-233000"", ""buy_5th_pre_req"": ""8996"", ""buy_5th_pre_req_pre"": ""0"", ""buy_6th_pre_bid"": ""-232500"", ""buy_6th_pre_req"": ""8812"", ""buy_6th_pre_req_pre"": ""0"", ""buy_7th_pre_bid"": ""-232000"", ""buy_7th_pre_req"": ""10788"", ""buy_7th_pre_req_pre"": ""0"", ""buy_8th_pre_bid"": ""-231500"", ""buy_8th_pre_req"": ""8856"", ""buy_8th_pre_req_pre"": ""0"", ""buy_9th_pre_bid"": ""-231000"", ""buy_9th_pre_req"": ""15061"", ""buy_9th_pre_req_pre"": ""0"", ""buy_10th_pre_bid"": ""-230500"", ""buy_10th_pre_req"": ""8481"", ""buy_10th_pre_req_pre"": ""0"", ""tot_sel_req_jub_pre"": ""+200"", ""tot_sel_req"": ""24080"", ""tot_buy_req"": ""161681"", ""tot_buy_req_jub_pre"": ""+1"", ""ovt_sel_req_pre"": ""0"", ""ovt_sel_req"": ""0"", ""ovt_buy_req"": ""0"", ""ovt_buy_req_pre"": ""0"", ""return_code"": 0, ""return_msg"": ""정상적으로 처리되었습니다""}"
2026-06-10,watchlist,036570,,0,filtered_candidate_recheck,258500,,258500,258000,258500,258500,-0.19342359767891684,0.19342359767891684,,,,,,"{""bid_req_base_tm"": ""103315"", ""sel_10th_pre_req_pre"": ""0"", ""sel_10th_pre_req"": ""15"", ""sel_10th_pre_bid"": ""-263000"", ""sel_9th_pre_req_pre"": ""0"", ""sel_9th_pre_req"": ""1028"", ""sel_9th_pre_bid"": ""-262500"", ""sel_8th_pre_req_pre"": ""0"", ""sel_8th_pre_req"": ""98"", ""sel_8th_pre_bid"": ""-262000"", ""sel_7th_pre_req_pre"": ""0"", ""sel_7th_pre_req"": ""31"", ""sel_7th_pre_bid"": ""-261500"", ""sel_6th_pre_req_pre"": ""0"", ""sel_6th_pre_req"": ""1"", ""sel_6th_pre_bid"": ""-261000"", ""sel_5th_pre_req_pre"": ""0"", ""sel_5th_pre_req"": ""16"", ""sel_5th_pre_bid"": ""-260500"", ""sel_4th_pre_req_pre"": ""0"", ""sel_4th_pre_req"": ""98"", ""sel_4th_pre_bid"": ""-260000"", ""sel_3th_pre_req_pre"": ""0"", ""sel_3th_pre_req"": ""48"", ""sel_3th_pre_bid"": ""-259500"", ""sel_2th_pre_req_pre"": ""0"", ""sel_2th_pre_req"": ""3"", ""sel_2th_pre_bid"": ""-259000"", ""sel_1th_pre_req_pre"": ""--1"", ""sel_fpr_req"": ""32"", ""sel_fpr_bid"": ""-258500"", ""buy_fpr_bid"": ""-258000"", ""buy_fpr_req"": ""69"", ""buy_1th_pre_req_pre"": ""0"", ""buy_2th_pre_bid"": ""-257500"", ""buy_2th_pre_req"": ""70"", ""buy_2th_pre_req_pre"": ""0"", ""buy_3th_pre_bid"": ""-257000"", ""buy_3th_pre_req"": ""116"", ""buy_3th_pre_req_pre"": ""0"", ""buy_4th_pre_bid"": ""-256500"", ""buy_4th_pre_req"": ""81"", ""buy_4th_pre_req_pre"": ""0"", ""buy_5th_pre_bid"": ""-256000"", ""buy_5th_pre_req"": ""250"", ""buy_5th_pre_req_pre"": ""0"", ""buy_6th_pre_bid"": ""-255500"", ""buy_6th_pre_req"": ""208"", ""buy_6th_pre_req_pre"": ""0"", ""buy_7th_pre_bid"": ""-255000"", ""buy_7th_pre_req"": ""303"", ""buy_7th_pre_req_pre"": ""0"", ""buy_8th_pre_bid"": ""-254500"", ""buy_8th_pre_req"": ""346"", ""buy_8th_pre_req_pre"": ""0"", ""buy_9th_pre_bid"": ""-254000"", ""buy_9th_pre_req"": ""325"", ""buy_9th_pre_req_pre"": ""0"", ""buy_10th_pre_bid"": ""-253500"", ""buy_10th_pre_req"": ""464"", ""buy_10th_pre_req_pre"": ""0"", ""tot_sel_req_jub_pre"": ""--1"", ""tot_sel_req"": ""1370"", ""tot_buy_req"": ""2232"", ""tot_buy_req_jub_pre"": ""0"", ""ovt_sel_req_pre"": ""0"", ""ovt_sel_req"": ""0"", ""ovt_buy_req"": ""0"", ""ovt_buy_req_pre"": ""0"", ""return_code"": 0, ""return_msg"": ""정상적으로 처리되었습니다""}"
2026-06-10,watchlist,005090,,1,filtered_candidate_recheck,52300,,52300,52100,52300,52100,-0.5736137667304015,0.3824091778202677,,,,,,"{""bid_req_base_tm"": ""103312"", ""sel_10th_pre_req_pre"": ""0"", ""sel_10th_pre_req"": ""12"", ""sel_10th_pre_bid"": ""+53500"", ""sel_9th_pre_req_pre"": ""0"", ""sel_9th_pre_req"": ""610"", ""sel_9th_pre_bid"": ""+53400"", ""sel_8th_pre_req_pre"": ""0"", ""sel_8th_pre_req"": ""1"", ""sel_8th_pre_bid"": ""+53200"", ""sel_7th_pre_req_pre"": ""0"", ""sel_7th_pre_req"": ""67"", ""sel_7th_pre_bid"": ""+53100"", ""sel_6th_pre_req_pre"": ""0"", ""sel_6th_pre_req"": ""33"", ""sel_6th_pre_bid"": ""+53000"", ""sel_5th_pre_req_pre"": ""0"", ""sel_5th_pre_req"": ""51"", ""sel_5th_pre_bid"": ""+52900"", ""sel_4th_pre_req_pre"": ""0"", ""sel_4th_pre_req"": ""39"", ""sel_4th_pre_bid"": ""+52700"", ""sel_3th_pre_req_pre"": ""0"", ""sel_3th_pre_req"": ""7"", ""sel_3th_pre_bid"": ""+52600"", ""sel_2th_pre_req_pre"": ""0"", ""sel_2th_pre_req"": ""113"", ""sel_2th_pre_bid"": ""+52400"", ""sel_1th_pre_req_pre"": ""0"", ""sel_fpr_req"": ""808"", ""sel_fpr_bid"": ""+52300"", ""buy_fpr_bid"": ""+52100"", ""buy_fpr_req"": ""255"", ""buy_1th_pre_req_pre"": ""0"", ""buy_2th_pre_bid"": ""+52000"", ""buy_2th_pre_req"": ""139"", ""buy_2th_pre_req_pre"": ""0"", ""buy_3th_pre_bid"": ""+51900"", ""buy_3th_pre_req"": ""122"", ""buy_3th_pre_req_pre"": ""0"", ""buy_4th_pre_bid"": ""+51600"", ""buy_4th_pre_req"": ""134"", ""buy_4th_pre_req_pre"": ""0"", ""buy_5th_pre_bid"": ""+51500"", ""buy_5th_pre_req"": ""39"", ""buy_5th_pre_req_pre"": ""0"", ""buy_6th_pre_bid"": ""+51400"", ""buy_6th_pre_req"": ""6"", ""buy_6th_pre_req_pre"": ""0"", ""buy_7th_pre_bid"": ""+51300"", ""buy_7th_pre_req"": ""103"", ""buy_7th_pre_req_pre"": ""0"", ""buy_8th_pre_bid"": ""+51100"", ""buy_8th_pre_req"": ""195"", ""buy_8th_pre_req_pre"": ""0"", ""buy_9th_pre_bid"": ""+51000"", ""buy_9th_pre_req"": ""465"", ""buy_9th_pre_req_pre"": ""+100"", ""buy_10th_pre_bid"": ""+50900"", ""buy_10th_pre_req"": ""160"", ""buy_10th_pre_req_pre"": ""0"", ""tot_sel_req_jub_pre"": ""0"", ""tot_sel_req"": ""1741"", ""tot_buy_req"": ""1618"", ""tot_buy_req_jub_pre"": ""+100"", ""ovt_sel_req_pre"": ""0"", ""ovt_sel_req"": ""0"", ""ovt_buy_req"": ""0"", ""ovt_buy_req_pre"": ""0"", ""return_code"": 0, ""return_msg"": ""정상적으로 처리되었습니다""}"
2026-06-10,watchlist,066570,,0,filtered_candidate_recheck,232500,,232500,232000,232500,233500,0.21505376344086022,0.21505376344086022,,,,,,"{""bid_req_base_tm"": ""103316"", ""sel_10th_pre_req_pre"": ""0"", ""sel_10th_pre_req"": ""1509"", ""sel_10th_pre_bid"": ""-237000"", ""sel_9th_pre_req_pre"": ""0"", ""sel_9th_pre_req"": ""1322"", ""sel_9th_pre_bid"": ""-236500"", ""sel_8th_pre_req_pre"": ""0"", ""sel_8th_pre_req"": ""2882"", ""sel_8th_pre_bid"": ""-236000"", ""sel_7th_pre_req_pre"": ""0"", ""sel_7th_pre_req"": ""2253"", ""sel_7th_pre_bid"": ""-235500"", ""sel_6th_pre_req_pre"": ""0"", ""sel_6th_pre_req"": ""3049"", ""sel_6th_pre_bid"": ""-235000"", ""sel_5th_pre_req_pre"": ""0"", ""sel_5th_pre_req"": ""1693"", ""sel_5th_pre_bid"": ""-234500"", ""sel_4th_pre_req_pre"": ""0"", ""sel_4th_pre_req"": ""1050"", ""sel_4th_pre_bid"": ""-234000"", ""sel_3th_pre_req_pre"": ""0"", ""sel_3th_pre_req"": ""848"", ""sel_3th_pre_bid"": ""-233500"", ""sel_2th_pre_req_pre"": ""0"", ""sel_2th_pre_req"": ""3066"", ""sel_2th_pre_bid"": ""-233000"", ""sel_1th_pre_req_pre"": ""0"", ""sel_fpr_req"": ""2089"", ""sel_fpr_bid"": ""-232500"", ""buy_fpr_bid"": ""-232000"", ""buy_fpr_req"": ""1117"", ""buy_1th_pre_req_pre"": ""+1"", ""buy_2th_pre_bid"": ""-231500"", ""buy_2th_pre_req"": ""7700"", ""buy_2th_pre_req_pre"": ""0"", ""buy_3th_pre_bid"": ""-231000"", ""buy_3th_pre_req"": ""10778"", ""buy_3th_pre_req_pre"": ""+5"", ""buy_4th_pre_bid"": ""-230500"", ""buy_4th_pre_req"": ""16084"", ""buy_4th_pre_req_pre"": ""0"", ""buy_5th_pre_bid"": ""-230000"", ""buy_5th_pre_req"": ""40402"", ""buy_5th_pre_req_pre"": ""--5"", ""buy_6th_pre_bid"": ""-229500"", ""buy_6th_pre_req"": ""5297"", ""buy_6th_pre_req_pre"": ""0"", ""buy_7th_pre_bid"": ""-229000"", ""buy_7th_pre_req"": ""7430"", ""buy_7th_pre_req_pre"": ""0"", ""buy_8th_pre_bid"": ""-228500"", ""buy_8th_pre_req"": ""6292"", ""buy_8th_pre_req_pre"": ""0"", ""buy_9th_pre_bid"": ""-228000"", ""buy_9th_pre_req"": ""11129"", ""buy_9th_pre_req_pre"": ""0"", ""buy_10th_pre_bid"": ""-227500"", ""buy_10th_pre_req"": ""3908"", ""buy_10th_pre_req_pre"": ""0"", ""tot_sel_req_jub_pre"": ""0"", ""tot_sel_req"": ""19761"", ""tot_buy_req"": ""110137"", ""tot_buy_req_jub_pre"": ""+1"", ""ovt_sel_req_pre"": ""0"", ""ovt_sel_req"": ""0"", ""ovt_buy_req"": ""0"", ""ovt_buy_req_pre"": ""0"", ""return_code"": 0, ""return_msg"": ""정상적으로 처리되었습니다""}"
2026-06-10,watchlist,028670,,1,filtered_candidate_recheck,5010,,5010,5000,5010,5040,0.39920159680638717,0.19960079840319359,,,,,,"{""bid_req_base_tm"": ""103316"", ""sel_10th_pre_req_pre"": ""0"", ""sel_10th_pre_req"": ""561"", ""sel_10th_pre_bid"": ""-5100"", ""sel_9th_pre_req_pre"": ""0"", ""sel_9th_pre_req"": ""621"", ""sel_9th_pre_bid"": ""-5090"", ""sel_8th_pre_req_pre"": ""0"", ""sel_8th_pre_req"": ""118"", ""sel_8th_pre_bid"": ""-5080"", ""sel_7th_pre_req_pre"": ""0"", ""sel_7th_pre_req"": ""101"", ""sel_7th_pre_bid"": ""-5070"", ""sel_6th_pre_req_pre"": ""0"", ""sel_6th_pre_req"": ""1"", ""sel_6th_pre_bid"": ""-5060"", ""sel_5th_pre_req_pre"": ""0"", ""sel_5th_pre_req"": ""104"", ""sel_5th_pre_bid"": ""-5050"", ""sel_4th_pre_req_pre"": ""0"", ""sel_4th_pre_req"": ""2904"", ""sel_4th_pre_bid"": ""-5040"", ""sel_3th_pre_req_pre"": ""0"", ""sel_3th_pre_req"": ""1230"", ""sel_3th_pre_bid"": ""-5030"", ""sel_2th_pre_req_pre"": ""0"", ""sel_2th_pre_req"": ""2594"", ""sel_2th_pre_bid"": ""-5020"", ""sel_1th_pre_req_pre"": ""0"", ""sel_fpr_req"": ""4011"", ""sel_fpr_bid"": ""-5010"", ""buy_fpr_bid"": ""-5000"", ""buy_fpr_req"": ""5039"", ""buy_1th_pre_req_pre"": ""0"", ""buy_2th_pre_bid"": ""-4995"", ""buy_2th_pre_req"": ""2543"", ""buy_2th_pre_req_pre"": ""0"", ""buy_3th_pre_bid"": ""-4990"", ""buy_3th_pre_req"": ""1698"", ""buy_3th_pre_req_pre"": ""+100"", ""buy_4th_pre_bid"": ""-4985"", ""buy_4th_pre_req"": ""5772"", ""buy_4th_pre_req_pre"": ""0"", ""buy_5th_pre_bid"": ""-4980"", ""buy_5th_pre_req"": ""11084"", ""buy_5th_pre_req_pre"": ""0"", ""buy_6th_pre_bid"": ""-4975"", ""buy_6th_pre_req"": ""2051"", ""buy_6th_pre_req_pre"": ""0"", ""buy_7th_pre_bid"": ""-4970"", ""buy_7th_pre_req"": ""1236"", ""buy_7th_pre_req_pre"": ""0"", ""buy_8th_pre_bid"": ""-4965"", ""buy_8th_pre_req"": ""5519"", ""buy_8th_pre_req_pre"": ""0"", ""buy_9th_pre_bid"": ""-4960"", ""buy_9th_pre_req"": ""2005"", ""buy_9th_pre_req_pre"": ""0"", ""buy_10th_pre_bid"": ""-4955"", ""buy_10th_pre_req"": ""2860"", ""buy_10th_pre_req_pre"": ""0"", ""tot_sel_req_jub_pre"": ""0"", ""tot_sel_req"": ""12245"", ""tot_buy_req"": ""39807"", ""tot_buy_req_jub_pre"": ""+100"", ""ovt_sel_req_pre"": ""0"", ""ovt_sel_req"": ""0"", ""ovt_buy_req"": ""0"", ""ovt_buy_req_pre"": ""0"", ""return_code"": 0, ""return_msg"": ""정상적으로 처리되었습니다""}"
2026-06-10,watchlist,004990,,0,filtered_candidate_recheck,25800,,25800,25750,25800,25750,-0.3875968992248062,0.1937984496124031,,,,,,"{""bid_req_base_tm"": ""103313"", ""sel_10th_pre_req_pre"": ""0"", ""sel_10th_pre_req"": ""36"", ""sel_10th_pre_bid"": ""+26250"", ""sel_9th_pre_req_pre"": ""0"", ""sel_9th_pre_req"": ""90"", ""sel_9th_pre_bid"": ""+26200"", ""sel_8th_pre_req_pre"": ""0"", ""sel_8th_pre_req"": ""3119"", ""sel_8th_pre_bid"": ""26150"", ""sel_7th_pre_req_pre"": ""0"", ""sel_7th_pre_req"": ""902"", ""sel_7th_pre_bid"": ""-26100"", ""sel_6th_pre_req_pre"": ""0"", ""sel_6th_pre_req"": ""101"", ""sel_6th_pre_bid"": ""-26050"", ""sel_5th_pre_req_pre"": ""0"", ""sel_5th_pre_req"": ""3"", ""sel_5th_pre_bid"": ""-26000"", ""sel_4th_pre_req_pre"": ""0"", ""sel_4th_pre_req"": ""7"", ""sel_4th_pre_bid"": ""-25950"", ""sel_3th_pre_req_pre"": ""0"", ""sel_3th_pre_req"": ""250"", ""sel_3th_pre_bid"": ""-25900"", ""sel_2th_pre_req_pre"": ""0"", ""sel_2th_pre_req"": ""247"", ""sel_2th_pre_bid"": ""-25850"", ""sel_1th_pre_req_pre"": ""--1"", ""sel_fpr_req"": ""368"", ""sel_fpr_bid"": ""-25800"", ""buy_fpr_bid"": ""-25750"", ""buy_fpr_req"": ""472"", ""buy_1th_pre_req_pre"": ""0"", ""buy_2th_pre_bid"": ""-25700"", ""buy_2th_pre_req"": ""309"", ""buy_2th_pre_req_pre"": ""0"", ""buy_3th_pre_bid"": ""-25600"", ""buy_3th_pre_req"": ""15"", ""buy_3th_pre_req_pre"": ""0"", ""buy_4th_pre_bid"": ""-25550"", ""buy_4th_pre_req"": ""125"", ""buy_4th_pre_req_pre"": ""0"", ""buy_5th_pre_bid"": ""-25500"", ""buy_5th_pre_req"": ""871"", ""buy_5th_pre_req_pre"": ""0"", ""buy_6th_pre_bid"": ""-25450"", ""buy_6th_pre_req"": ""1139"", ""buy_6th_pre_req_pre"": ""0"", ""buy_7th_pre_bid"": ""-25400"", ""buy_7th_pre_req"": ""656"", ""buy_7th_pre_req_pre"": ""0"", ""buy_8th_pre_bid"": ""-25350"", ""buy_8th_pre_req"": ""393"", ""buy_8th_pre_req_pre"": ""0"", ""buy_9th_pre_bid"": ""-25300"", ""buy_9th_pre_req"": ""926"", ""buy_9th_pre_req_pre"": ""0"", ""buy_10th_pre_bid"": ""-25250"", ""buy_10th_pre_req"": ""938"", ""buy_10th_pre_req_pre"": ""0"", ""tot_sel_req_jub_pre"": ""--1"", ""tot_sel_req"": ""5123"", ""tot_buy_req"": ""5844"", ""tot_buy_req_jub_pre"": ""0"", ""ovt_sel_req_pre"": ""0"", ""ovt_sel_req"": ""0"", ""ovt_buy_req"": ""0"", ""ovt_buy_req_pre"": ""0"", ""return_code"": 0, ""return_msg"": ""정상적으로 처리되었습니다""}"
2026-06-10,watchlist,081660,,0,filtered_candidate_recheck,40300,,40300,40250,40300,40350,0.0,0.12406947890818859,,,,,,"{""bid_req_base_tm"": ""103315"", ""sel_10th_pre_req_pre"": ""0"", ""sel_10th_pre_req"": ""13"", ""sel_10th_pre_bid"": ""+40750"", ""sel_9th_pre_req_pre"": ""0"", ""sel_9th_pre_req"": ""70"", ""sel_9th_pre_bid"": ""+40700"", ""sel_8th_pre_req_pre"": ""0"", ""sel_8th_pre_req"": ""50"", ""sel_8th_pre_bid"": ""+40650"", ""sel_7th_pre_req_pre"": ""0"", ""sel_7th_pre_req"": ""70"", ""sel_7th_pre_bid"": ""+40600"", ""sel_6th_pre_req_pre"": ""0"", ""sel_6th_pre_req"": ""116"", ""sel_6th_pre_bid"": ""+40550"", ""sel_5th_pre_req_pre"": ""0"", ""sel_5th_pre_req"": ""196"", ""sel_5th_pre_bid"": ""+40500"", ""sel_4th_pre_req_pre"": ""0"", ""sel_4th_pre_req"": ""40"", ""sel_4th_pre_bid"": ""+40450"", ""sel_3th_pre_req_pre"": ""0"", ""sel_3th_pre_req"": ""5"", ""sel_3th_pre_bid"": ""+40400"", ""sel_2th_pre_req_pre"": ""0"", ""sel_2th_pre_req"": ""103"", ""sel_2th_pre_bid"": ""+40350"", ""sel_1th_pre_req_pre"": ""0"", ""sel_fpr_req"": ""251"", ""sel_fpr_bid"": ""+40300"", ""buy_fpr_bid"": ""+40250"", ""buy_fpr_req"": ""204"", ""buy_1th_pre_req_pre"": ""+15"", ""buy_2th_pre_bid"": ""+40200"", ""buy_2th_pre_req"": ""99"", ""buy_2th_pre_req_pre"": ""0"", ""buy_3th_pre_bid"": ""+40150"", ""buy_3th_pre_req"": ""7"", ""buy_3th_pre_req_pre"": ""0"", ""buy_4th_pre_bid"": ""+40100"", ""buy_4th_pre_req"": ""105"", ""buy_4th_pre_req_pre"": ""0"", ""buy_5th_pre_bid"": ""+40050"", ""buy_5th_pre_req"": ""314"", ""buy_5th_pre_req_pre"": ""0"", ""buy_6th_pre_bid"": ""+40000"", ""buy_6th_pre_req"": ""559"", ""buy_6th_pre_req_pre"": ""0"", ""buy_7th_pre_bid"": ""+39950"", ""buy_7th_pre_req"": ""500"", ""buy_7th_pre_req_pre"": ""0"", ""buy_8th_pre_bid"": ""+39900"", ""buy_8th_pre_req"": ""52"", ""buy_8th_pre_req_pre"": ""0"", ""buy_9th_pre_bid"": ""+39850"", ""buy_9th_pre_req"": ""51"", ""buy_9th_pre_req_pre"": ""0"", ""buy_10th_pre_bid"": ""39700"", ""buy_10th_pre_req"": ""2"", ""buy_10th_pre_req_pre"": ""0"", ""tot_sel_req_jub_pre"": ""0"", ""tot_sel_req"": ""914"", ""tot_buy_req"": ""1893"", ""tot_buy_req_jub_pre"": ""+15"", ""ovt_sel_req_pre"": ""0"", ""ovt_sel_req"": ""0"", ""ovt_buy_req"": ""0"", ""ovt_buy_req_pre"": ""0"", ""return_code"": 0, ""return_msg"": ""정상적으로 처리되었습니다""}"
2026-06-10,watchlist,008770,,0,filtered_candidate_recheck,54600,,54600,54500,54600,54300,-0.7326007326007326,0.18315018315018314,,,,,,"{""bid_req_base_tm"": ""103317"", ""sel_10th_pre_req_pre"": ""0"", ""sel_10th_pre_req"": ""404"", ""sel_10th_pre_bid"": ""+55500"", ""sel_9th_pre_req_pre"": ""0"", ""sel_9th_pre_req"": ""332"", ""sel_9th_pre_bid"": ""+55400"", ""sel_8th_pre_req_pre"": ""0"", ""sel_8th_pre_req"": ""411"", ""sel_8th_pre_bid"": ""+55300"", ""sel_7th_pre_req_pre"": ""0"", ""sel_7th_pre_req"": ""541"", ""sel_7th_pre_bid"": ""55200"", ""sel_6th_pre_req_pre"": ""0"", ""sel_6th_pre_req"": ""184"", ""sel_6th_pre_bid"": ""-55100"", ""sel_5th_pre_req_pre"": ""0"", ""sel_5th_pre_req"": ""438"", ""sel_5th_pre_bid"": ""-55000"", ""sel_4th_pre_req_pre"": ""0"", ""sel_4th_pre_req"": ""293"", ""sel_4th_pre_bid"": ""-54900"", ""sel_3th_pre_req_pre"": ""0"", ""sel_3th_pre_req"": ""193"", ""sel_3th_pre_bid"": ""-54800"", ""sel_2th_pre_req_pre"": ""+52"", ""sel_2th_pre_req"": ""87"", ""sel_2th_pre_bid"": ""-54700"", ""sel_1th_pre_req_pre"": ""0"", ""sel_fpr_req"": ""2"", ""sel_fpr_bid"": ""-54600"", ""buy_fpr_bid"": ""-54500"", ""buy_fpr_req"": ""48"", ""buy_1th_pre_req_pre"": ""0"", ""buy_2th_pre_bid"": ""-54300"", ""buy_2th_pre_req"": ""300"", ""buy_2th_pre_req_pre"": ""0"", ""buy_3th_pre_bid"": ""-54100"", ""buy_3th_pre_req"": ""45"", ""buy_3th_pre_req_pre"": ""0"", ""buy_4th_pre_bid"": ""-54000"", ""buy_4th_pre_req"": ""230"", ""buy_4th_pre_req_pre"": ""0"", ""buy_5th_pre_bid"": ""-53900"", ""buy_5th_pre_req"": ""202"", ""buy_5th_pre_req_pre"": ""0"", ""buy_6th_pre_bid"": ""-53800"", ""buy_6th_pre_req"": ""376"", ""buy_6th_pre_req_pre"": ""0"", ""buy_7th_pre_bid"": ""-53700"", ""buy_7th_pre_req"": ""380"", ""buy_7th_pre_req_pre"": ""0"", ""buy_8th_pre_bid"": ""-53600"", ""buy_8th_pre_req"": ""125"", ""buy_8th_pre_req_pre"": ""0"", ""buy_9th_pre_bid"": ""-53500"", ""buy_9th_pre_req"": ""121"", ""buy_9th_pre_req_pre"": ""0"", ""buy_10th_pre_bid"": ""-53400"", ""buy_10th_pre_req"": ""236"", ""buy_10th_pre_req_pre"": ""0"", ""tot_sel_req_jub_pre"": ""+52"", ""tot_sel_req"": ""2885"", ""tot_buy_req"": ""2063"", ""tot_buy_req_jub_pre"": ""0"", ""ovt_sel_req_pre"": ""0"", ""ovt_sel_req"": ""0"", ""ovt_buy_req"": ""0"", ""ovt_buy_req_pre"": ""0"", ""return_code"": 0, ""return_msg"": ""정상적으로 처리되었습니다""}"
2026-06-10,watchlist,012330,,0,filtered_candidate_recheck,582000,,582000,581000,582000,584000,0.1718213058419244,0.1718213058419244,,,,,,"{""bid_req_base_tm"": ""103317"", ""sel_10th_pre_req_pre"": ""0"", ""sel_10th_pre_req"": ""104"", ""sel_10th_pre_bid"": ""-591000"", ""sel_9th_pre_req_pre"": ""0"", ""sel_9th_pre_req"": ""447"", ""sel_9th_pre_bid"": ""-590000"", ""sel_8th_pre_req_pre"": ""0"", ""sel_8th_pre_req"": ""238"", ""sel_8th_pre_bid"": ""-589000"", ""sel_7th_pre_req_pre"": ""0"", ""sel_7th_pre_req"": ""206"", ""sel_7th_pre_bid"": ""-588000"", ""sel_6th_pre_req_pre"": ""0"", ""sel_6th_pre_req"": ""48"", ""sel_6th_pre_bid"": ""-587000"", ""sel_5th_pre_req_pre"": ""0"", ""sel_5th_pre_req"": ""171"", ""sel_5th_pre_bid"": ""-586000"", ""sel_4th_pre_req_pre"": ""0"", ""sel_4th_pre_req"": ""157"", ""sel_4th_pre_bid"": ""-585000"", ""sel_3th_pre_req_pre"": ""0"", ""sel_3th_pre_req"": ""53"", ""sel_3th_pre_bid"": ""-584000"", ""sel_2th_pre_req_pre"": ""0"", ""sel_2th_pre_req"": ""290"", ""sel_2th_pre_bid"": ""-583000"", ""sel_1th_pre_req_pre"": ""+2"", ""sel_fpr_req"": ""110"", ""sel_fpr_bid"": ""-582000"", ""buy_fpr_bid"": ""-581000"", ""buy_fpr_req"": ""145"", ""buy_1th_pre_req_pre"": ""0"", ""buy_2th_pre_bid"": ""-580000"", ""buy_2th_pre_req"": ""786"", ""buy_2th_pre_req_pre"": ""0"", ""buy_3th_pre_bid"": ""-579000"", ""buy_3th_pre_req"": ""410"", ""buy_3th_pre_req_pre"": ""0"", ""buy_4th_pre_bid"": ""-578000"", ""buy_4th_pre_req"": ""311"", ""buy_4th_pre_req_pre"": ""0"", ""buy_5th_pre_bid"": ""-577000"", ""buy_5th_pre_req"": ""371"", ""buy_5th_pre_req_pre"": ""0"", ""buy_6th_pre_bid"": ""-576000"", ""buy_6th_pre_req"": ""915"", ""buy_6th_pre_req_pre"": ""0"", ""buy_7th_pre_bid"": ""-575000"", ""buy_7th_pre_req"": ""1247"", ""buy_7th_pre_req_pre"": ""0"", ""buy_8th_pre_bid"": ""-574000"", ""buy_8th_pre_req"": ""631"", ""buy_8th_pre_req_pre"": ""0"", ""buy_9th_pre_bid"": ""-573000"", ""buy_9th_pre_req"": ""742"", ""buy_9th_pre_req_pre"": ""0"", ""buy_10th_pre_bid"": ""-572000"", ""buy_10th_pre_req"": ""1421"", ""buy_10th_pre_req_pre"": ""0"", ""tot_sel_req_jub_pre"": ""+2"", ""tot_sel_req"": ""1824"", ""tot_buy_req"": ""6979"", ""tot_buy_req_jub_pre"": ""0"", ""ovt_sel_req_pre"": ""0"", ""ovt_sel_req"": ""0"", ""ovt_buy_req"": ""0"", ""ovt_buy_req_pre"": ""0"", ""return_code"": 0, ""return_msg"": ""정상적으로 처리되었습니다""}"
2026-06-10,watchlist,009155,,0,filtered_candidate_recheck,611000,,611000,609000,611000,612000,0.0,0.32733224222585927,,,,,,"{""bid_req_base_tm"": ""103315"", ""sel_10th_pre_req_pre"": ""0"", ""sel_10th_pre_req"": ""18"", ""sel_10th_pre_bid"": ""-621000"", ""sel_9th_pre_req_pre"": ""0"", ""sel_9th_pre_req"": ""34"", ""sel_9th_pre_bid"": ""-620000"", ""sel_8th_pre_req_pre"": ""0"", ""sel_8th_pre_req"": ""8"", ""sel_8th_pre_bid"": ""-619000"", ""sel_7th_pre_req_pre"": ""0"", ""sel_7th_pre_req"": ""39"", ""sel_7th_pre_bid"": ""-617000"", ""sel_6th_pre_req_pre"": ""0"", ""sel_6th_pre_req"": ""9"", ""sel_6th_pre_bid"": ""-616000"", ""sel_5th_pre_req_pre"": ""0"", ""sel_5th_pre_req"": ""9"", ""sel_5th_pre_bid"": ""-615000"", ""sel_4th_pre_req_pre"": ""0"", ""sel_4th_pre_req"": ""30"", ""sel_4th_pre_bid"": ""-614000"", ""sel_3th_pre_req_pre"": ""0"", ""sel_3th_pre_req"": ""51"", ""sel_3th_pre_bid"": ""-613000"", ""sel_2th_pre_req_pre"": ""0"", ""sel_2th_pre_req"": ""40"", ""sel_2th_pre_bid"": ""-612000"", ""sel_1th_pre_req_pre"": ""0"", ""sel_fpr_req"": ""16"", ""sel_fpr_bid"": ""-611000"", ""buy_fpr_bid"": ""-609000"", ""buy_fpr_req"": ""16"", ""buy_1th_pre_req_pre"": ""0"", ""buy_2th_pre_bid"": ""-608000"", ""buy_2th_pre_req"": ""25"", ""buy_2th_pre_req_pre"": ""0"", ""buy_3th_pre_bid"": ""-607000"", ""buy_3th_pre_req"": ""89"", ""buy_3th_pre_req_pre"": ""0"", ""buy_4th_pre_bid"": ""-606000"", ""buy_4th_pre_req"": ""43"", ""buy_4th_pre_req_pre"": ""0"", ""buy_5th_pre_bid"": ""-605000"", ""buy_5th_pre_req"": ""47"", ""buy_5th_pre_req_pre"": ""0"", ""buy_6th_pre_bid"": ""-604000"", ""buy_6th_pre_req"": ""44"", ""buy_6th_pre_req_pre"": ""0"", ""buy_7th_pre_bid"": ""-603000"", ""buy_7th_pre_req"": ""57"", ""buy_7th_pre_req_pre"": ""0"", ""buy_8th_pre_bid"": ""-602000"", ""buy_8th_pre_req"": ""74"", ""buy_8th_pre_req_pre"": ""0"", ""buy_9th_pre_bid"": ""-601000"", ""buy_9th_pre_req"": ""142"", ""buy_9th_pre_req_pre"": ""0"", ""buy_10th_pre_bid"": ""-600000"", ""buy_10th_pre_req"": ""486"", ""buy_10th_pre_req_pre"": ""0"", ""tot_sel_req_jub_pre"": ""0"", ""tot_sel_req"": ""254"", ""tot_buy_req"": ""1023"", ""tot_buy_req_jub_pre"": ""0"", ""ovt_sel_req_pre"": ""0"", ""ovt_sel_req"": ""0"", ""ovt_buy_req"": ""0"", ""ovt_buy_req_pre"": ""0"", ""return_code"": 0, ""return_msg"": ""정상적으로 처리되었습니다""}"
2026-06-10,watchlist,181710,,0,filtered_candidate_recheck,41050,,41050,40950,41050,40800,-0.730816077953715,0.24360535931790497,,,,,,"{""bid_req_base_tm"": ""103318"", ""sel_10th_pre_req_pre"": ""0"", ""sel_10th_pre_req"": ""1"", ""sel_10th_pre_bid"": ""-41500"", ""sel_9th_pre_req_pre"": ""0"", ""sel_9th_pre_req"": ""36"", ""sel_9th_pre_bid"": ""-41450"", ""sel_8th_pre_req_pre"": ""0"", ""sel_8th_pre_req"": ""126"", ""sel_8th_pre_bid"": ""-41400"", ""sel_7th_pre_req_pre"": ""0"", ""sel_7th_pre_req"": ""4"", ""sel_7th_pre_bid"": ""-41350"", ""sel_6th_pre_req_pre"": ""0"", ""sel_6th_pre_req"": ""12"", ""sel_6th_pre_bid"": ""-41300"", ""sel_5th_pre_req_pre"": ""0"", ""sel_5th_pre_req"": ""79"", ""sel_5th_pre_bid"": ""-41250"", ""sel_4th_pre_req_pre"": ""0"", ""sel_4th_pre_req"": ""8"", ""sel_4th_pre_bid"": ""-41200"", ""sel_3th_pre_req_pre"": ""0"", ""sel_3th_pre_req"": ""356"", ""sel_3th_pre_bid"": ""-41150"", ""sel_2th_pre_req_pre"": ""0"", ""sel_2th_pre_req"": ""49"", ""sel_2th_pre_bid"": ""-41100"", ""sel_1th_pre_req_pre"": ""0"", ""sel_fpr_req"": ""41"", ""sel_fpr_bid"": ""-41050"", ""buy_fpr_bid"": ""-40950"", ""buy_fpr_req"": ""55"", ""buy_1th_pre_req_pre"": ""0"", ""buy_2th_pre_bid"": ""-40900"", ""buy_2th_pre_req"": ""54"", ""buy_2th_pre_req_pre"": ""+49"", ""buy_3th_pre_bid"": ""-40850"", ""buy_3th_pre_req"": ""154"", ""buy_3th_pre_req_pre"": ""0"", ""buy_4th_pre_bid"": ""-40500"", ""buy_4th_pre_req"": ""92"", ""buy_4th_pre_req_pre"": ""0"", ""buy_5th_pre_bid"": ""-40450"", ""buy_5th_pre_req"": ""28"", ""buy_5th_pre_req_pre"": ""0"", ""buy_6th_pre_bid"": ""-40350"", ""buy_6th_pre_req"": ""11"", ""buy_6th_pre_req_pre"": ""0"", ""buy_7th_pre_bid"": ""-40300"", ""buy_7th_pre_req"": ""5"", ""buy_7th_pre_req_pre"": ""0"", ""buy_8th_pre_bid"": ""-40250"", ""buy_8th_pre_req"": ""17"", ""buy_8th_pre_req_pre"": ""0"", ""buy_9th_pre_bid"": ""-40200"", ""buy_9th_pre_req"": ""104"", ""buy_9th_pre_req_pre"": ""0"", ""buy_10th_pre_bid"": ""-40150"", ""buy_10th_pre_req"": ""1430"", ""buy_10th_pre_req_pre"": ""0"", ""tot_sel_req_jub_pre"": ""+47"", ""tot_sel_req"": ""712"", ""tot_buy_req"": ""1950"", ""tot_buy_req_jub_pre"": ""+49"", ""ovt_sel_req_pre"": ""0"", ""ovt_sel_req"": ""0"", ""ovt_buy_req"": ""0"", ""ovt_buy_req_pre"": ""0"", ""return_code"": 0, ""return_msg"": ""정상적으로 처리되었습니다""}"
2026-06-10,watchlist,085620,,0,filtered_candidate_recheck,22450,,22450,22400,22450,22450,-0.22271714922048996,0.22271714922048996,,,,,,"{""bid_req_base_tm"": ""103317"", ""sel_10th_pre_req_pre"": ""0"", ""sel_10th_pre_req"": ""1050"", ""sel_10th_pre_bid"": ""-22900"", ""sel_9th_pre_req_pre"": ""0"", ""sel_9th_pre_req"": ""1870"", ""sel_9th_pre_bid"": ""-22850"", ""sel_8th_pre_req_pre"": ""0"", ""sel_8th_pre_req"": ""2736"", ""sel_8th_pre_bid"": ""-22800"", ""sel_7th_pre_req_pre"": ""0"", ""sel_7th_pre_req"": ""501"", ""sel_7th_pre_bid"": ""-22750"", ""sel_6th_pre_req_pre"": ""0"", ""sel_6th_pre_req"": ""610"", ""sel_6th_pre_bid"": ""-22700"", ""sel_5th_pre_req_pre"": ""0"", ""sel_5th_pre_req"": ""362"", ""sel_5th_pre_bid"": ""-22650"", ""sel_4th_pre_req_pre"": ""0"", ""sel_4th_pre_req"": ""1738"", ""sel_4th_pre_bid"": ""-22600"", ""sel_3th_pre_req_pre"": ""0"", ""sel_3th_pre_req"": ""410"", ""sel_3th_pre_bid"": ""-22550"", ""sel_2th_pre_req_pre"": ""0"", ""sel_2th_pre_req"": ""1064"", ""sel_2th_pre_bid"": ""-22500"", ""sel_1th_pre_req_pre"": ""0"", ""sel_fpr_req"": ""512"", ""sel_fpr_bid"": ""-22450"", ""buy_fpr_bid"": ""-22400"", ""buy_fpr_req"": ""36"", ""buy_1th_pre_req_pre"": ""+22"", ""buy_2th_pre_bid"": ""-22350"", ""buy_2th_pre_req"": ""1104"", ""buy_2th_pre_req_pre"": ""0"", ""buy_3th_pre_bid"": ""-22300"", ""buy_3th_pre_req"": ""884"", ""buy_3th_pre_req_pre"": ""0"", ""buy_4th_pre_bid"": ""-22250"", ""buy_4th_pre_req"": ""927"", ""buy_4th_pre_req_pre"": ""0"", ""buy_5th_pre_bid"": ""-22200"", ""buy_5th_pre_req"": ""2439"", ""buy_5th_pre_req_pre"": ""0"", ""buy_6th_pre_bid"": ""-22150"", ""buy_6th_pre_req"": ""1077"", ""buy_6th_pre_req_pre"": ""0"", ""buy_7th_pre_bid"": ""-22100"", ""buy_7th_pre_req"": ""1167"", ""buy_7th_pre_req_pre"": ""0"", ""buy_8th_pre_bid"": ""-22050"", ""buy_8th_pre_req"": ""2674"", ""buy_8th_pre_req_pre"": ""0"", ""buy_9th_pre_bid"": ""-22000"", ""buy_9th_pre_req"": ""1418"", ""buy_9th_pre_req_pre"": ""0"", ""buy_10th_pre_bid"": ""-21950"", ""buy_10th_pre_req"": ""2349"", ""buy_10th_pre_req_pre"": ""0"", ""tot_sel_req_jub_pre"": ""0"", ""tot_sel_req"": ""10853"", ""tot_buy_req"": ""14075"", ""tot_buy_req_jub_pre"": ""+22"", ""ovt_sel_req_pre"": ""0"", ""ovt_sel_req"": ""0"", ""ovt_buy_req"": ""0"", ""ovt_buy_req_pre"": ""0"", ""return_code"": 0, ""return_msg"": ""정상적으로 처리되었습니다""}"
2026-06-10,watchlist,062040,,0,filtered_candidate_recheck,227500,,227500,227000,227500,228000,0.0,0.21978021978021978,,,,,,"{""bid_req_base_tm"": ""103318"", ""sel_10th_pre_req_pre"": ""0"", ""sel_10th_pre_req"": ""406"", ""sel_10th_pre_bid"": ""+232000"", ""sel_9th_pre_req_pre"": ""0"", ""sel_9th_pre_req"": ""1036"", ""sel_9th_pre_bid"": ""+231500"", ""sel_8th_pre_req_pre"": ""0"", ""sel_8th_pre_req"": ""266"", ""sel_8th_pre_bid"": ""+231000"", ""sel_7th_pre_req_pre"": ""0"", ""sel_7th_pre_req"": ""104"", ""sel_7th_pre_bid"": ""+230500"", ""sel_6th_pre_req_pre"": ""0"", ""sel_6th_pre_req"": ""143"", ""sel_6th_pre_bid"": ""+230000"", ""sel_5th_pre_req_pre"": ""0"", ""sel_5th_pre_req"": ""48"", ""sel_5th_pre_bid"": ""+229500"", ""sel_4th_pre_req_pre"": ""0"", ""sel_4th_pre_req"": ""94"", ""sel_4th_pre_bid"": ""+229000"", ""sel_3th_pre_req_pre"": ""0"", ""sel_3th_pre_req"": ""47"", ""sel_3th_pre_bid"": ""+228500"", ""sel_2th_pre_req_pre"": ""0"", ""sel_2th_pre_req"": ""24"", ""sel_2th_pre_bid"": ""+228000"", ""sel_1th_pre_req_pre"": ""--5"", ""sel_fpr_req"": ""13"", ""sel_fpr_bid"": ""+227500"", ""buy_fpr_bid"": ""+227000"", ""buy_fpr_req"": ""275"", ""buy_1th_pre_req_pre"": ""0"", ""buy_2th_pre_bid"": ""+226500"", ""buy_2th_pre_req"": ""248"", ""buy_2th_pre_req_pre"": ""0"", ""buy_3th_pre_bid"": ""+226000"", ""buy_3th_pre_req"": ""297"", ""buy_3th_pre_req_pre"": ""0"", ""buy_4th_pre_bid"": ""+225500"", ""buy_4th_pre_req"": ""489"", ""buy_4th_pre_req_pre"": ""0"", ""buy_5th_pre_bid"": ""225000"", ""buy_5th_pre_req"": ""706"", ""buy_5th_pre_req_pre"": ""+4"", ""buy_6th_pre_bid"": ""-224500"", ""buy_6th_pre_req"": ""71"", ""buy_6th_pre_req_pre"": ""0"", ""buy_7th_pre_bid"": ""-224000"", ""buy_7th_pre_req"": ""195"", ""buy_7th_pre_req_pre"": ""0"", ""buy_8th_pre_bid"": ""-223500"", ""buy_8th_pre_req"": ""70"", ""buy_8th_pre_req_pre"": ""0"", ""buy_9th_pre_bid"": ""-223000"", ""buy_9th_pre_req"": ""283"", ""buy_9th_pre_req_pre"": ""0"", ""buy_10th_pre_bid"": ""-222500"", ""buy_10th_pre_req"": ""124"", ""buy_10th_pre_req_pre"": ""0"", ""tot_sel_req_jub_pre"": ""--5"", ""tot_sel_req"": ""2181"", ""tot_buy_req"": ""2758"", ""tot_buy_req_jub_pre"": ""+4"", ""ovt_sel_req_pre"": ""0"", ""ovt_sel_req"": ""0"", ""ovt_buy_req"": ""0"", ""ovt_buy_req_pre"": ""0"", ""return_code"": 0, ""return_msg"": ""정상적으로 처리되었습니다""}"
2026-06-10,watchlist,036460,,0,filtered_candidate_recheck,34400,,34400,34300,34400,34400,-0.14534883720930233,0.29069767441860467,,,,,,"{""bid_req_base_tm"": ""103310"", ""sel_10th_pre_req_pre"": ""0"", ""sel_10th_pre_req"": ""530"", ""sel_10th_pre_bid"": ""+34850"", ""sel_9th_pre_req_pre"": ""0"", ""sel_9th_pre_req"": ""24"", ""sel_9th_pre_bid"": ""+34800"", ""sel_8th_pre_req_pre"": ""0"", ""sel_8th_pre_req"": ""576"", ""sel_8th_pre_bid"": ""+34750"", ""sel_7th_pre_req_pre"": ""0"", ""sel_7th_pre_req"": ""96"", ""sel_7th_pre_bid"": ""+34700"", ""sel_6th_pre_req_pre"": ""0"", ""sel_6th_pre_req"": ""271"", ""sel_6th_pre_bid"": ""+34650"", ""sel_5th_pre_req_pre"": ""0"", ""sel_5th_pre_req"": ""740"", ""sel_5th_pre_bid"": ""+34600"", ""sel_4th_pre_req_pre"": ""0"", ""sel_4th_pre_req"": ""754"", ""sel_4th_pre_bid"": ""+34550"", ""sel_3th_pre_req_pre"": ""0"", ""sel_3th_pre_req"": ""542"", ""sel_3th_pre_bid"": ""+34500"", ""sel_2th_pre_req_pre"": ""0"", ""sel_2th_pre_req"": ""437"", ""sel_2th_pre_bid"": ""+34450"", ""sel_1th_pre_req_pre"": ""0"", ""sel_fpr_req"": ""869"", ""sel_fpr_bid"": ""+34400"", ""buy_fpr_bid"": ""+34300"", ""buy_fpr_req"": ""497"", ""buy_1th_pre_req_pre"": ""0"", ""buy_2th_pre_bid"": ""+34250"", ""buy_2th_pre_req"": ""326"", ""buy_2th_pre_req_pre"": ""0"", ""buy_3th_pre_bid"": ""+34200"", ""buy_3th_pre_req"": ""666"", ""buy_3th_pre_req_pre"": ""0"", ""buy_4th_pre_bid"": ""+34150"", ""buy_4th_pre_req"": ""351"", ""buy_4th_pre_req_pre"": ""0"", ""buy_5th_pre_bid"": ""+34100"", ""buy_5th_pre_req"": ""442"", ""buy_5th_pre_req_pre"": ""0"", ""buy_6th_pre_bid"": ""+34050"", ""buy_6th_pre_req"": ""1118"", ""buy_6th_pre_req_pre"": ""0"", ""buy_7th_pre_bid"": ""34000"", ""buy_7th_pre_req"": ""3016"", ""buy_7th_pre_req_pre"": ""0"", ""buy_8th_pre_bid"": ""-33950"", ""buy_8th_pre_req"": ""751"", ""buy_8th_pre_req_pre"": ""0"", ""buy_9th_pre_bid"": ""-33900"", ""buy_9th_pre_req"": ""871"", ""buy_9th_pre_req_pre"": ""0"", ""buy_10th_pre_bid"": ""-33850"", ""buy_10th_pre_req"": ""281"", ""buy_10th_pre_req_pre"": ""0"", ""tot_sel_req_jub_pre"": ""+509"", ""tot_sel_req"": ""4839"", ""tot_buy_req"": ""8319"", ""tot_buy_req_jub_pre"": ""0"", ""ovt_sel_req_pre"": ""0"", ""ovt_sel_req"": ""0"", ""ovt_buy_req"": ""0"", ""ovt_buy_req_pre"": ""0"", ""return_code"": 0, ""return_msg"": ""정상적으로 처리되었습니다""}"
2026-06-10,watchlist,066575,,0,filtered_candidate_recheck,79000,,79000,78900,79000,78900,-0.25316455696202533,0.12658227848101267,,,,,,"{""bid_req_base_tm"": ""103317"", ""sel_10th_pre_req_pre"": ""0"", ""sel_10th_pre_req"": ""252"", ""sel_10th_pre_bid"": ""-79900"", ""sel_9th_pre_req_pre"": ""0"", ""sel_9th_pre_req"": ""139"", ""sel_9th_pre_bid"": ""-79800"", ""sel_8th_pre_req_pre"": ""0"", ""sel_8th_pre_req"": ""61"", ""sel_8th_pre_bid"": ""-79700"", ""sel_7th_pre_req_pre"": ""0"", ""sel_7th_pre_req"": ""76"", ""sel_7th_pre_bid"": ""-79600"", ""sel_6th_pre_req_pre"": ""0"", ""sel_6th_pre_req"": ""53"", ""sel_6th_pre_bid"": ""-79500"", ""sel_5th_pre_req_pre"": ""0"", ""sel_5th_pre_req"": ""18"", ""sel_5th_pre_bid"": ""-79400"", ""sel_4th_pre_req_pre"": ""0"", ""sel_4th_pre_req"": ""123"", ""sel_4th_pre_bid"": ""-79300"", ""sel_3th_pre_req_pre"": ""0"", ""sel_3th_pre_req"": ""252"", ""sel_3th_pre_bid"": ""-79200"", ""sel_2th_pre_req_pre"": ""--60"", ""sel_2th_pre_req"": ""134"", ""sel_2th_pre_bid"": ""-79100"", ""sel_1th_pre_req_pre"": ""0"", ""sel_fpr_req"": ""471"", ""sel_fpr_bid"": ""-79000"", ""buy_fpr_bid"": ""-78900"", ""buy_fpr_req"": ""55"", ""buy_1th_pre_req_pre"": ""0"", ""buy_2th_pre_bid"": ""-78800"", ""buy_2th_pre_req"": ""410"", ""buy_2th_pre_req_pre"": ""0"", ""buy_3th_pre_bid"": ""-78700"", ""buy_3th_pre_req"": ""157"", ""buy_3th_pre_req_pre"": ""0"", ""buy_4th_pre_bid"": ""-78600"", ""buy_4th_pre_req"": ""312"", ""buy_4th_pre_req_pre"": ""0"", ""buy_5th_pre_bid"": ""-78500"", ""buy_5th_pre_req"": ""282"", ""buy_5th_pre_req_pre"": ""0"", ""buy_6th_pre_bid"": ""-78400"", ""buy_6th_pre_req"": ""13"", ""buy_6th_pre_req_pre"": ""0"", ""buy_7th_pre_bid"": ""-78300"", ""buy_7th_pre_req"": ""102"", ""buy_7th_pre_req_pre"": ""0"", ""buy_8th_pre_bid"": ""-78200"", ""buy_8th_pre_req"": ""137"", ""buy_8th_pre_req_pre"": ""0"", ""buy_9th_pre_bid"": ""-78100"", ""buy_9th_pre_req"": ""88"", ""buy_9th_pre_req_pre"": ""0"", ""buy_10th_pre_bid"": ""-78000"", ""buy_10th_pre_req"": ""1095"", ""buy_10th_pre_req_pre"": ""0"", ""tot_sel_req_jub_pre"": ""--60"", ""tot_sel_req"": ""1579"", ""tot_buy_req"": ""2651"", ""tot_buy_req_jub_pre"": ""0"", ""ovt_sel_req_pre"": ""0"", ""ovt_sel_req"": ""0"", ""ovt_buy_req"": ""0"", ""ovt_buy_req_pre"": ""0"", ""return_code"": 0, ""return_msg"": ""정상적으로 처리되었습니다""}"
2026-06-10,watchlist,000810,,0,filtered_candidate_recheck,618000,,618000,616000,618000,615000,-0.6472491909385114,0.3236245954692557,,,,,,"{""bid_req_base_tm"": ""103319"", ""sel_10th_pre_req_pre"": ""0"", ""sel_10th_pre_req"": ""15"", ""sel_10th_pre_bid"": ""-627000"", ""sel_9th_pre_req_pre"": ""0"", ""sel_9th_pre_req"": ""23"", ""sel_9th_pre_bid"": ""-626000"", ""sel_8th_pre_req_pre"": ""0"", ""sel_8th_pre_req"": ""7"", ""sel_8th_pre_bid"": ""-625000"", ""sel_7th_pre_req_pre"": ""0"", ""sel_7th_pre_req"": ""11"", ""sel_7th_pre_bid"": ""-624000"", ""sel_6th_pre_req_pre"": ""0"", ""sel_6th_pre_req"": ""265"", ""sel_6th_pre_bid"": ""-623000"", ""sel_5th_pre_req_pre"": ""0"", ""sel_5th_pre_req"": ""137"", ""sel_5th_pre_bid"": ""-622000"", ""sel_4th_pre_req_pre"": ""0"", ""sel_4th_pre_req"": ""3"", ""sel_4th_pre_bid"": ""-621000"", ""sel_3th_pre_req_pre"": ""0"", ""sel_3th_pre_req"": ""11"", ""sel_3th_pre_bid"": ""-620000"", ""sel_2th_pre_req_pre"": ""0"", ""sel_2th_pre_req"": ""33"", ""sel_2th_pre_bid"": ""-619000"", ""sel_1th_pre_req_pre"": ""0"", ""sel_fpr_req"": ""189"", ""sel_fpr_bid"": ""-618000"", ""buy_fpr_bid"": ""-616000"", ""buy_fpr_req"": ""174"", ""buy_1th_pre_req_pre"": ""+9"", ""buy_2th_pre_bid"": ""-615000"", ""buy_2th_pre_req"": ""48"", ""buy_2th_pre_req_pre"": ""0"", ""buy_3th_pre_bid"": ""-614000"", ""buy_3th_pre_req"": ""52"", ""buy_3th_pre_req_pre"": ""0"", ""buy_4th_pre_bid"": ""-613000"", ""buy_4th_pre_req"": ""128"", ""buy_4th_pre_req_pre"": ""0"", ""buy_5th_pre_bid"": ""-612000"", ""buy_5th_pre_req"": ""12"", ""buy_5th_pre_req_pre"": ""0"", ""buy_6th_pre_bid"": ""-611000"", ""buy_6th_pre_req"": ""8"", ""buy_6th_pre_req_pre"": ""0"", ""buy_7th_pre_bid"": ""-610000"", ""buy_7th_pre_req"": ""66"", ""buy_7th_pre_req_pre"": ""0"", ""buy_8th_pre_bid"": ""-609000"", ""buy_8th_pre_req"": ""13"", ""buy_8th_pre_req_pre"": ""0"", ""buy_9th_pre_bid"": ""-608000"", ""buy_9th_pre_req"": ""35"", ""buy_9th_pre_req_pre"": ""0"", ""buy_10th_pre_bid"": ""-607000"", ""buy_10th_pre_req"": ""55"", ""buy_10th_pre_req_pre"": ""0"", ""tot_sel_req_jub_pre"": ""0"", ""tot_sel_req"": ""694"", ""tot_buy_req"": ""591"", ""tot_buy_req_jub_pre"": ""+9"", ""ovt_sel_req_pre"": ""0"", ""ovt_sel_req"": ""0"", ""ovt_buy_req"": ""0"", ""ovt_buy_req_pre"": ""0"", ""return_code"": 0, ""return_msg"": ""정상적으로 처리되었습니다""}"
2026-06-10,watchlist,005930,,0,filtered_candidate_recheck,307000,,307000,306500,307000,308500,0.32573289902280134,0.16286644951140067,,,,,,"{""bid_req_base_tm"": ""103319"", ""sel_10th_pre_req_pre"": ""0"", ""sel_10th_pre_req"": ""10367"", ""sel_10th_pre_bid"": ""-311500"", ""sel_9th_pre_req_pre"": ""0"", ""sel_9th_pre_req"": ""14380"", ""sel_9th_pre_bid"": ""-311000"", ""sel_8th_pre_req_pre"": ""0"", ""sel_8th_pre_req"": ""17121"", ""sel_8th_pre_bid"": ""-310500"", ""sel_7th_pre_req_pre"": ""0"", ""sel_7th_pre_req"": ""13000"", ""sel_7th_pre_bid"": ""-310000"", ""sel_6th_pre_req_pre"": ""0"", ""sel_6th_pre_req"": ""5167"", ""sel_6th_pre_bid"": ""-309500"", ""sel_5th_pre_req_pre"": ""0"", ""sel_5th_pre_req"": ""5508"", ""sel_5th_pre_bid"": ""-309000"", ""sel_4th_pre_req_pre"": ""0"", ""sel_4th_pre_req"": ""10140"", ""sel_4th_pre_bid"": ""-308500"", ""sel_3th_pre_req_pre"": ""0"", ""sel_3th_pre_req"": ""21309"", ""sel_3th_pre_bid"": ""-308000"", ""sel_2th_pre_req_pre"": ""0"", ""sel_2th_pre_req"": ""14599"", ""sel_2th_pre_bid"": ""-307500"", ""sel_1th_pre_req_pre"": ""--3"", ""sel_fpr_req"": ""54438"", ""sel_fpr_bid"": ""-307000"", ""buy_fpr_bid"": ""-306500"", ""buy_fpr_req"": ""4447"", ""buy_1th_pre_req_pre"": ""+1"", ""buy_2th_pre_bid"": ""-306000"", ""buy_2th_pre_req"": ""77113"", ""buy_2th_pre_req_pre"": ""+20"", ""buy_3th_pre_bid"": ""-305500"", ""buy_3th_pre_req"": ""104794"", ""buy_3th_pre_req_pre"": ""0"", ""buy_4th_pre_bid"": ""-305000"", ""buy_4th_pre_req"": ""218136"", ""buy_4th_pre_req_pre"": ""0"", ""buy_5th_pre_bid"": ""-304500"", ""buy_5th_pre_req"": ""31194"", ""buy_5th_pre_req_pre"": ""0"", ""buy_6th_pre_bid"": ""-304000"", ""buy_6th_pre_req"": ""46096"", ""buy_6th_pre_req_pre"": ""0"", ""buy_7th_pre_bid"": ""-303500"", ""buy_7th_pre_req"": ""39958"", ""buy_7th_pre_req_pre"": ""0"", ""buy_8th_pre_bid"": ""-303000"", ""buy_8th_pre_req"": ""76956"", ""buy_8th_pre_req_pre"": ""--1"", ""buy_9th_pre_bid"": ""-302500"", ""buy_9th_pre_req"": ""47264"", ""buy_9th_pre_req_pre"": ""0"", ""buy_10th_pre_bid"": ""-302000"", ""buy_10th_pre_req"": ""50128"", ""buy_10th_pre_req_pre"": ""0"", ""tot_sel_req_jub_pre"": ""--3"", ""tot_sel_req"": ""166029"", ""tot_buy_req"": ""696086"", ""tot_buy_req_jub_pre"": ""+20"", ""ovt_sel_req_pre"": ""0"", ""ovt_sel_req"": ""0"", ""ovt_buy_req"": ""0"", ""ovt_buy_req_pre"": ""0"", ""return_code"": 0, ""return_msg"": ""정상적으로 처리되었습니다""}"
2026-06-10,watchlist,000370,,0,filtered_candidate_recheck,6560,,6560,6550,6560,6530,-0.6097560975609756,0.1524390243902439,,,,,,"{""bid_req_base_tm"": ""103319"", ""sel_10th_pre_req_pre"": ""0"", ""sel_10th_pre_req"": ""1052"", ""sel_10th_pre_bid"": ""+6660"", ""sel_9th_pre_req_pre"": ""0"", ""sel_9th_pre_req"": ""508"", ""sel_9th_pre_bid"": ""+6650"", ""sel_8th_pre_req_pre"": ""0"", ""sel_8th_pre_req"": ""8"", ""sel_8th_pre_bid"": ""+6640"", ""sel_7th_pre_req_pre"": ""0"", ""sel_7th_pre_req"": ""1041"", ""sel_7th_pre_bid"": ""+6630"", ""sel_6th_pre_req_pre"": ""0"", ""sel_6th_pre_req"": ""740"", ""sel_6th_pre_bid"": ""+6620"", ""sel_5th_pre_req_pre"": ""0"", ""sel_5th_pre_req"": ""1003"", ""sel_5th_pre_bid"": ""+6610"", ""sel_4th_pre_req_pre"": ""0"", ""sel_4th_pre_req"": ""449"", ""sel_4th_pre_bid"": ""+6600"", ""sel_3th_pre_req_pre"": ""0"", ""sel_3th_pre_req"": ""741"", ""sel_3th_pre_bid"": ""+6590"", ""sel_2th_pre_req_pre"": ""0"", ""sel_2th_pre_req"": ""2160"", ""sel_2th_pre_bid"": ""+6580"", ""sel_1th_pre_req_pre"": ""0"", ""sel_fpr_req"": ""160"", ""sel_fpr_bid"": ""+6560"", ""buy_fpr_bid"": ""+6550"", ""buy_fpr_req"": ""155"", ""buy_1th_pre_req_pre"": ""0"", ""buy_2th_pre_bid"": ""+6540"", ""buy_2th_pre_req"": ""55"", ""buy_2th_pre_req_pre"": ""0"", ""buy_3th_pre_bid"": ""+6530"", ""buy_3th_pre_req"": ""121"", ""buy_3th_pre_req_pre"": ""+10"", ""buy_4th_pre_bid"": ""+6520"", ""buy_4th_pre_req"": ""488"", ""buy_4th_pre_req_pre"": ""0"", ""buy_5th_pre_bid"": ""+6510"", ""buy_5th_pre_req"": ""494"", ""buy_5th_pre_req_pre"": ""0"", ""buy_6th_pre_bid"": ""+6500"", ""buy_6th_pre_req"": ""1231"", ""buy_6th_pre_req_pre"": ""0"", ""buy_7th_pre_bid"": ""+6490"", ""buy_7th_pre_req"": ""246"", ""buy_7th_pre_req_pre"": ""0"", ""buy_8th_pre_bid"": ""+6480"", ""buy_8th_pre_req"": ""260"", ""buy_8th_pre_req_pre"": ""0"", ""buy_9th_pre_bid"": ""+6470"", ""buy_9th_pre_req"": ""15"", ""buy_9th_pre_req_pre"": ""0"", ""buy_10th_pre_bid"": ""+6460"", ""buy_10th_pre_req"": ""5"", ""buy_10th_pre_req_pre"": ""0"", ""tot_sel_req_jub_pre"": ""0"", ""tot_sel_req"": ""7862"", ""tot_buy_req"": ""3070"", ""tot_buy_req_jub_pre"": ""+10"", ""ovt_sel_req_pre"": ""0"", ""ovt_sel_req"": ""0"", ""ovt_buy_req"": ""0"", ""ovt_buy_req_pre"": ""0"", ""return_code"": 0, ""return_msg"": ""정상적으로 처리되었습니다""}"
2026-06-10,watchlist,064400,,0,filtered_candidate_recheck,96500,,96500,96400,96500,96700,0.10362694300518134,0.10362694300518134,,,,,,"{""bid_req_base_tm"": ""103319"", ""sel_10th_pre_req_pre"": ""0"", ""sel_10th_pre_req"": ""504"", ""sel_10th_pre_bid"": ""-97400"", ""sel_9th_pre_req_pre"": ""0"", ""sel_9th_pre_req"": ""299"", ""sel_9th_pre_bid"": ""-97300"", ""sel_8th_pre_req_pre"": ""0"", ""sel_8th_pre_req"": ""244"", ""sel_8th_pre_bid"": ""-97200"", ""sel_7th_pre_req_pre"": ""0"", ""sel_7th_pre_req"": ""103"", ""sel_7th_pre_bid"": ""-97100"", ""sel_6th_pre_req_pre"": ""0"", ""sel_6th_pre_req"": ""467"", ""sel_6th_pre_bid"": ""-97000"", ""sel_5th_pre_req_pre"": ""0"", ""sel_5th_pre_req"": ""290"", ""sel_5th_pre_bid"": ""-96900"", ""sel_4th_pre_req_pre"": ""0"", ""sel_4th_pre_req"": ""119"", ""sel_4th_pre_bid"": ""-96800"", ""sel_3th_pre_req_pre"": ""0"", ""sel_3th_pre_req"": ""30"", ""sel_3th_pre_bid"": ""-96700"", ""sel_2th_pre_req_pre"": ""0"", ""sel_2th_pre_req"": ""566"", ""sel_2th_pre_bid"": ""-96600"", ""sel_1th_pre_req_pre"": ""+1"", ""sel_fpr_req"": ""452"", ""sel_fpr_bid"": ""-96500"", ""buy_fpr_bid"": ""-96400"", ""buy_fpr_req"": ""401"", ""buy_1th_pre_req_pre"": ""0"", ""buy_2th_pre_bid"": ""-96300"", ""buy_2th_pre_req"": ""579"", ""buy_2th_pre_req_pre"": ""0"", ""buy_3th_pre_bid"": ""-96200"", ""buy_3th_pre_req"": ""941"", ""buy_3th_pre_req_pre"": ""0"", ""buy_4th_pre_bid"": ""-96100"", ""buy_4th_pre_req"": ""1064"", ""buy_4th_pre_req_pre"": ""0"", ""buy_5th_pre_bid"": ""-96000"", ""buy_5th_pre_req"": ""1888"", ""buy_5th_pre_req_pre"": ""0"", ""buy_6th_pre_bid"": ""-95900"", ""buy_6th_pre_req"": ""1452"", ""buy_6th_pre_req_pre"": ""0"", ""buy_7th_pre_bid"": ""-95800"", ""buy_7th_pre_req"": ""1362"", ""buy_7th_pre_req_pre"": ""0"", ""buy_8th_pre_bid"": ""-95700"", ""buy_8th_pre_req"": ""1086"", ""buy_8th_pre_req_pre"": ""0"", ""buy_9th_pre_bid"": ""-95600"", ""buy_9th_pre_req"": ""1250"", ""buy_9th_pre_req_pre"": ""0"", ""buy_10th_pre_bid"": ""-95500"", ""buy_10th_pre_req"": ""2495"", ""buy_10th_pre_req_pre"": ""0"", ""tot_sel_req_jub_pre"": ""+1"", ""tot_sel_req"": ""3074"", ""tot_buy_req"": ""12518"", ""tot_buy_req_jub_pre"": ""0"", ""ovt_sel_req_pre"": ""0"", ""ovt_sel_req"": ""0"", ""ovt_buy_req"": ""0"", ""ovt_buy_req_pre"": ""0"", ""return_code"": 0, ""return_msg"": ""정상적으로 처리되었습니다""}"
2026-06-10,watchlist,009420,,0,filtered_candidate_recheck,50600,,50600,50500,50600,50500,-0.3952569169960474,0.1976284584980237,,,,,,"{""bid_req_base_tm"": ""103317"", ""sel_10th_pre_req_pre"": ""0"", ""sel_10th_pre_req"": ""41"", ""sel_10th_pre_bid"": ""-51500"", ""sel_9th_pre_req_pre"": ""0"", ""sel_9th_pre_req"": ""13"", ""sel_9th_pre_bid"": ""-51400"", ""sel_8th_pre_req_pre"": ""0"", ""sel_8th_pre_req"": ""460"", ""sel_8th_pre_bid"": ""-51300"", ""sel_7th_pre_req_pre"": ""0"", ""sel_7th_pre_req"": ""641"", ""sel_7th_pre_bid"": ""-51200"", ""sel_6th_pre_req_pre"": ""0"", ""sel_6th_pre_req"": ""75"", ""sel_6th_pre_bid"": ""-51100"", ""sel_5th_pre_req_pre"": ""0"", ""sel_5th_pre_req"": ""160"", ""sel_5th_pre_bid"": ""-51000"", ""sel_4th_pre_req_pre"": ""0"", ""sel_4th_pre_req"": ""199"", ""sel_4th_pre_bid"": ""-50900"", ""sel_3th_pre_req_pre"": ""0"", ""sel_3th_pre_req"": ""138"", ""sel_3th_pre_bid"": ""-50800"", ""sel_2th_pre_req_pre"": ""--22"", ""sel_2th_pre_req"": ""277"", ""sel_2th_pre_bid"": ""-50700"", ""sel_1th_pre_req_pre"": ""+25"", ""sel_fpr_req"": ""102"", ""sel_fpr_bid"": ""-50600"", ""buy_fpr_bid"": ""-50500"", ""buy_fpr_req"": ""31"", ""buy_1th_pre_req_pre"": ""0"", ""buy_2th_pre_bid"": ""-50400"", ""buy_2th_pre_req"": ""42"", ""buy_2th_pre_req_pre"": ""0"", ""buy_3th_pre_bid"": ""-50300"", ""buy_3th_pre_req"": ""85"", ""buy_3th_pre_req_pre"": ""0"", ""buy_4th_pre_bid"": ""-50200"", ""buy_4th_pre_req"": ""10"", ""buy_4th_pre_req_pre"": ""0"", ""buy_5th_pre_bid"": ""-50100"", ""buy_5th_pre_req"": ""111"", ""buy_5th_pre_req_pre"": ""0"", ""buy_6th_pre_bid"": ""-50000"", ""buy_6th_pre_req"": ""157"", ""buy_6th_pre_req_pre"": ""0"", ""buy_7th_pre_bid"": ""-49950"", ""buy_7th_pre_req"": ""325"", ""buy_7th_pre_req_pre"": ""0"", ""buy_8th_pre_bid"": ""-49900"", ""buy_8th_pre_req"": ""373"", ""buy_8th_pre_req_pre"": ""0"", ""buy_9th_pre_bid"": ""-49850"", ""buy_9th_pre_req"": ""372"", ""buy_9th_pre_req_pre"": ""0"", ""buy_10th_pre_bid"": ""-49800"", ""buy_10th_pre_req"": ""538"", ""buy_10th_pre_req_pre"": ""0"", ""tot_sel_req_jub_pre"": ""+3"", ""tot_sel_req"": ""2106"", ""tot_buy_req"": ""2044"", ""tot_buy_req_jub_pre"": ""0"", ""ovt_sel_req_pre"": ""0"", ""ovt_sel_req"": ""0"", ""ovt_buy_req"": ""0"", ""ovt_buy_req_pre"": ""0"", ""return_code"": 0, ""return_msg"": ""정상적으로 처리되었습니다""}"
2026-06-10,watchlist,383220,,0,filtered_candidate_recheck,75300,,75300,75000,75300,75000,-0.5312084993359893,0.398406374501992,,,,,,"{""bid_req_base_tm"": ""103312"", ""sel_10th_pre_req_pre"": ""0"", ""sel_10th_pre_req"": ""2"", ""sel_10th_pre_bid"": ""+76400"", ""sel_9th_pre_req_pre"": ""0"", ""sel_9th_pre_req"": ""100"", ""sel_9th_pre_bid"": ""+76300"", ""sel_8th_pre_req_pre"": ""0"", ""sel_8th_pre_req"": ""5"", ""sel_8th_pre_bid"": ""+76200"", ""sel_7th_pre_req_pre"": ""0"", ""sel_7th_pre_req"": ""122"", ""sel_7th_pre_bid"": ""+76000"", ""sel_6th_pre_req_pre"": ""0"", ""sel_6th_pre_req"": ""100"", ""sel_6th_pre_bid"": ""+75900"", ""sel_5th_pre_req_pre"": ""0"", ""sel_5th_pre_req"": ""14"", ""sel_5th_pre_bid"": ""+75800"", ""sel_4th_pre_req_pre"": ""0"", ""sel_4th_pre_req"": ""14"", ""sel_4th_pre_bid"": ""+75700"", ""sel_3th_pre_req_pre"": ""0"", ""sel_3th_pre_req"": ""10"", ""sel_3th_pre_bid"": ""+75600"", ""sel_2th_pre_req_pre"": ""0"", ""sel_2th_pre_req"": ""5"", ""sel_2th_pre_bid"": ""+75400"", ""sel_1th_pre_req_pre"": ""+8"", ""sel_fpr_req"": ""47"", ""sel_fpr_bid"": ""+75300"", ""buy_fpr_bid"": ""+75000"", ""buy_fpr_req"": ""52"", ""buy_1th_pre_req_pre"": ""0"", ""buy_2th_pre_bid"": ""+74900"", ""buy_2th_pre_req"": ""12"", ""buy_2th_pre_req_pre"": ""0"", ""buy_3th_pre_bid"": ""+74800"", ""buy_3th_pre_req"": ""10"", ""buy_3th_pre_req_pre"": ""0"", ""buy_4th_pre_bid"": ""+74700"", ""buy_4th_pre_req"": ""61"", ""buy_4th_pre_req_pre"": ""0"", ""buy_5th_pre_bid"": ""74600"", ""buy_5th_pre_req"": ""12"", ""buy_5th_pre_req_pre"": ""0"", ""buy_6th_pre_bid"": ""-74500"", ""buy_6th_pre_req"": ""28"", ""buy_6th_pre_req_pre"": ""0"", ""buy_7th_pre_bid"": ""-74400"", ""buy_7th_pre_req"": ""40"", ""buy_7th_pre_req_pre"": ""0"", ""buy_8th_pre_bid"": ""-74300"", ""buy_8th_pre_req"": ""10"", ""buy_8th_pre_req_pre"": ""0"", ""buy_9th_pre_bid"": ""-74200"", ""buy_9th_pre_req"": ""5"", ""buy_9th_pre_req_pre"": ""0"", ""buy_10th_pre_bid"": ""-74100"", ""buy_10th_pre_req"": ""24"", ""buy_10th_pre_req_pre"": ""0"", ""tot_sel_req_jub_pre"": ""+8"", ""tot_sel_req"": ""419"", ""tot_buy_req"": ""254"", ""tot_buy_req_jub_pre"": ""0"", ""ovt_sel_req_pre"": ""0"", ""ovt_sel_req"": ""0"", ""ovt_buy_req"": ""0"", ""ovt_buy_req_pre"": ""0"", ""return_code"": 0, ""return_msg"": ""정상적으로 처리되었습니다""}"
2026-06-10,watchlist,004170,,0,filtered_candidate_recheck,670000,,670000,669000,670000,672000,0.1492537313432836,0.1492537313432836,,,,,,"{""bid_req_base_tm"": ""103320"", ""sel_10th_pre_req_pre"": ""0"", ""sel_10th_pre_req"": ""33"", ""sel_10th_pre_bid"": ""+679000"", ""sel_9th_pre_req_pre"": ""0"", ""sel_9th_pre_req"": ""60"", ""sel_9th_pre_bid"": ""+678000"", ""sel_8th_pre_req_pre"": ""0"", ""sel_8th_pre_req"": ""5"", ""sel_8th_pre_bid"": ""+677000"", ""sel_7th_pre_req_pre"": ""0"", ""sel_7th_pre_req"": ""7"", ""sel_7th_pre_bid"": ""+676000"", ""sel_6th_pre_req_pre"": ""0"", ""sel_6th_pre_req"": ""51"", ""sel_6th_pre_bid"": ""+675000"", ""sel_5th_pre_req_pre"": ""0"", ""sel_5th_pre_req"": ""42"", ""sel_5th_pre_bid"": ""+674000"", ""sel_4th_pre_req_pre"": ""0"", ""sel_4th_pre_req"": ""49"", ""sel_4th_pre_bid"": ""+673000"", ""sel_3th_pre_req_pre"": ""0"", ""sel_3th_pre_req"": ""31"", ""sel_3th_pre_bid"": ""+672000"", ""sel_2th_pre_req_pre"": ""+3"", ""sel_2th_pre_req"": ""17"", ""sel_2th_pre_bid"": ""+671000"", ""sel_1th_pre_req_pre"": ""0"", ""sel_fpr_req"": ""75"", ""sel_fpr_bid"": ""+670000"", ""buy_fpr_bid"": ""+669000"", ""buy_fpr_req"": ""10"", ""buy_1th_pre_req_pre"": ""0"", ""buy_2th_pre_bid"": ""+668000"", ""buy_2th_pre_req"": ""88"", ""buy_2th_pre_req_pre"": ""0"", ""buy_3th_pre_bid"": ""+667000"", ""buy_3th_pre_req"": ""58"", ""buy_3th_pre_req_pre"": ""0"", ""buy_4th_pre_bid"": ""+666000"", ""buy_4th_pre_req"": ""98"", ""buy_4th_pre_req_pre"": ""0"", ""buy_5th_pre_bid"": ""+665000"", ""buy_5th_pre_req"": ""664"", ""buy_5th_pre_req_pre"": ""0"", ""buy_6th_pre_bid"": ""+664000"", ""buy_6th_pre_req"": ""21"", ""buy_6th_pre_req_pre"": ""0"", ""buy_7th_pre_bid"": ""+663000"", ""buy_7th_pre_req"": ""92"", ""buy_7th_pre_req_pre"": ""0"", ""buy_8th_pre_bid"": ""+662000"", ""buy_8th_pre_req"": ""49"", ""buy_8th_pre_req_pre"": ""0"", ""buy_9th_pre_bid"": ""+661000"", ""buy_9th_pre_req"": ""21"", ""buy_9th_pre_req_pre"": ""0"", ""buy_10th_pre_bid"": ""+660000"", ""buy_10th_pre_req"": ""428"", ""buy_10th_pre_req_pre"": ""0"", ""tot_sel_req_jub_pre"": ""+3"", ""tot_sel_req"": ""370"", ""tot_buy_req"": ""1529"", ""tot_buy_req_jub_pre"": ""0"", ""ovt_sel_req_pre"": ""0"", ""ovt_sel_req"": ""0"", ""ovt_buy_req"": ""0"", ""ovt_buy_req_pre"": ""0"", ""return_code"": 0, ""return_msg"": ""정상적으로 처리되었습니다""}"
2026-06-10,watchlist,018260,,1,filtered_candidate_recheck,232500,,232500,232000,232500,234000,0.43010752688172044,0.21505376344086022,,,,,,"{""bid_req_base_tm"": ""103320"", ""sel_10th_pre_req_pre"": ""0"", ""sel_10th_pre_req"": ""260"", ""sel_10th_pre_bid"": ""-237000"", ""sel_9th_pre_req_pre"": ""0"", ""sel_9th_pre_req"": ""213"", ""sel_9th_pre_bid"": ""-236500"", ""sel_8th_pre_req_pre"": ""0"", ""sel_8th_pre_req"": ""197"", ""sel_8th_pre_bid"": ""-236000"", ""sel_7th_pre_req_pre"": ""0"", ""sel_7th_pre_req"": ""223"", ""sel_7th_pre_bid"": ""-235500"", ""sel_6th_pre_req_pre"": ""0"", ""sel_6th_pre_req"": ""117"", ""sel_6th_pre_bid"": ""-235000"", ""sel_5th_pre_req_pre"": ""0"", ""sel_5th_pre_req"": ""71"", ""sel_5th_pre_bid"": ""-234500"", ""sel_4th_pre_req_pre"": ""0"", ""sel_4th_pre_req"": ""145"", ""sel_4th_pre_bid"": ""-234000"", ""sel_3th_pre_req_pre"": ""0"", ""sel_3th_pre_req"": ""55"", ""sel_3th_pre_bid"": ""-233500"", ""sel_2th_pre_req_pre"": ""0"", ""sel_2th_pre_req"": ""45"", ""sel_2th_pre_bid"": ""-233000"", ""sel_1th_pre_req_pre"": ""0"", ""sel_fpr_req"": ""664"", ""sel_fpr_bid"": ""-232500"", ""buy_fpr_bid"": ""-232000"", ""buy_fpr_req"": ""712"", ""buy_1th_pre_req_pre"": ""0"", ""buy_2th_pre_bid"": ""-231500"", ""buy_2th_pre_req"": ""1870"", ""buy_2th_pre_req_pre"": ""0"", ""buy_3th_pre_bid"": ""-231000"", ""buy_3th_pre_req"": ""2476"", ""buy_3th_pre_req_pre"": ""+1"", ""buy_4th_pre_bid"": ""-230500"", ""buy_4th_pre_req"": ""1998"", ""buy_4th_pre_req_pre"": ""0"", ""buy_5th_pre_bid"": ""-230000"", ""buy_5th_pre_req"": ""3868"", ""buy_5th_pre_req_pre"": ""0"", ""buy_6th_pre_bid"": ""-229500"", ""buy_6th_pre_req"": ""666"", ""buy_6th_pre_req_pre"": ""0"", ""buy_7th_pre_bid"": ""-229000"", ""buy_7th_pre_req"": ""1537"", ""buy_7th_pre_req_pre"": ""0"", ""buy_8th_pre_bid"": ""-228500"", ""buy_8th_pre_req"": ""587"", ""buy_8th_pre_req_pre"": ""0"", ""buy_9th_pre_bid"": ""-228000"", ""buy_9th_pre_req"": ""1535"", ""buy_9th_pre_req_pre"": ""0"", ""buy_10th_pre_bid"": ""-227500"", ""buy_10th_pre_req"": ""1426"", ""buy_10th_pre_req_pre"": ""0"", ""tot_sel_req_jub_pre"": ""0"", ""tot_sel_req"": ""1990"", ""tot_buy_req"": ""16675"", ""tot_buy_req_jub_pre"": ""+1"", ""ovt_sel_req_pre"": ""0"", ""ovt_sel_req"": ""0"", ""ovt_buy_req"": ""0"", ""ovt_buy_req_pre"": ""0"", ""return_code"": 0, ""return_msg"": ""정상적으로 처리되었습니다""}"
2026-06-10,watchlist,161390,,0,filtered_candidate_recheck,71400,,71400,71300,71400,71600,0.1400560224089636,0.1400560224089636,,,,,,"{""bid_req_base_tm"": ""103320"", ""sel_10th_pre_req_pre"": ""0"", ""sel_10th_pre_req"": ""34"", ""sel_10th_pre_bid"": ""-72300"", ""sel_9th_pre_req_pre"": ""0"", ""sel_9th_pre_req"": ""9"", ""sel_9th_pre_bid"": ""-72200"", ""sel_8th_pre_req_pre"": ""0"", ""sel_8th_pre_req"": ""31"", ""sel_8th_pre_bid"": ""-72100"", ""sel_7th_pre_req_pre"": ""0"", ""sel_7th_pre_req"": ""152"", ""sel_7th_pre_bid"": ""-72000"", ""sel_6th_pre_req_pre"": ""0"", ""sel_6th_pre_req"": ""415"", ""sel_6th_pre_bid"": ""-71900"", ""sel_5th_pre_req_pre"": ""0"", ""sel_5th_pre_req"": ""1"", ""sel_5th_pre_bid"": ""-71800"", ""sel_4th_pre_req_pre"": ""0"", ""sel_4th_pre_req"": ""34"", ""sel_4th_pre_bid"": ""-71700"", ""sel_3th_pre_req_pre"": ""0"", ""sel_3th_pre_req"": ""106"", ""sel_3th_pre_bid"": ""-71600"", ""sel_2th_pre_req_pre"": ""0"", ""sel_2th_pre_req"": ""488"", ""sel_2th_pre_bid"": ""-71500"", ""sel_1th_pre_req_pre"": ""0"", ""sel_fpr_req"": ""555"", ""sel_fpr_bid"": ""-71400"", ""buy_fpr_bid"": ""-71300"", ""buy_fpr_req"": ""865"", ""buy_1th_pre_req_pre"": ""0"", ""buy_2th_pre_bid"": ""-71200"", ""buy_2th_pre_req"": ""259"", ""buy_2th_pre_req_pre"": ""0"", ""buy_3th_pre_bid"": ""-71100"", ""buy_3th_pre_req"": ""379"", ""buy_3th_pre_req_pre"": ""0"", ""buy_4th_pre_bid"": ""-71000"", ""buy_4th_pre_req"": ""1085"", ""buy_4th_pre_req_pre"": ""0"", ""buy_5th_pre_bid"": ""-70900"", ""buy_5th_pre_req"": ""2269"", ""buy_5th_pre_req_pre"": ""+150"", ""buy_6th_pre_bid"": ""-70800"", ""buy_6th_pre_req"": ""164"", ""buy_6th_pre_req_pre"": ""0"", ""buy_7th_pre_bid"": ""-70700"", ""buy_7th_pre_req"": ""72"", ""buy_7th_pre_req_pre"": ""0"", ""buy_8th_pre_bid"": ""-70600"", ""buy_8th_pre_req"": ""87"", ""buy_8th_pre_req_pre"": ""0"", ""buy_9th_pre_bid"": ""-70500"", ""buy_9th_pre_req"": ""325"", ""buy_9th_pre_req_pre"": ""0"", ""buy_10th_pre_bid"": ""-70400"", ""buy_10th_pre_req"": ""112"", ""buy_10th_pre_req_pre"": ""0"", ""tot_sel_req_jub_pre"": ""0"", ""tot_sel_req"": ""1825"", ""tot_buy_req"": ""5617"", ""tot_buy_req_jub_pre"": ""+150"", ""ovt_sel_req_pre"": ""0"", ""ovt_sel_req"": ""0"", ""ovt_buy_req"": ""0"", ""ovt_buy_req_pre"": ""0"", ""return_code"": 0, ""return_msg"": ""정상적으로 처리되었습니다""}"
2026-06-10,watchlist,078930,,0,filtered_candidate_recheck,73300,,73300,73100,73300,73300,-0.1364256480218281,0.2728512960436562,,,,,,"{""bid_req_base_tm"": ""103317"", ""sel_10th_pre_req_pre"": ""0"", ""sel_10th_pre_req"": ""64"", ""sel_10th_pre_bid"": ""+74500"", ""sel_9th_pre_req_pre"": ""0"", ""sel_9th_pre_req"": ""96"", ""sel_9th_pre_bid"": ""+74400"", ""sel_8th_pre_req_pre"": ""0"", ""sel_8th_pre_req"": ""2"", ""sel_8th_pre_bid"": ""+74300"", ""sel_7th_pre_req_pre"": ""0"", ""sel_7th_pre_req"": ""91"", ""sel_7th_pre_bid"": ""+74200"", ""sel_6th_pre_req_pre"": ""0"", ""sel_6th_pre_req"": ""110"", ""sel_6th_pre_bid"": ""+74000"", ""sel_5th_pre_req_pre"": ""0"", ""sel_5th_pre_req"": ""2"", ""sel_5th_pre_bid"": ""+73900"", ""sel_4th_pre_req_pre"": ""0"", ""sel_4th_pre_req"": ""18"", ""sel_4th_pre_bid"": ""73800"", ""sel_3th_pre_req_pre"": ""0"", ""sel_3th_pre_req"": ""55"", ""sel_3th_pre_bid"": ""-73500"", ""sel_2th_pre_req_pre"": ""0"", ""sel_2th_pre_req"": ""115"", ""sel_2th_pre_bid"": ""-73400"", ""sel_1th_pre_req_pre"": ""+20"", ""sel_fpr_req"": ""298"", ""sel_fpr_bid"": ""-73300"", ""buy_fpr_bid"": ""-73100"", ""buy_fpr_req"": ""166"", ""buy_1th_pre_req_pre"": ""--46"", ""buy_2th_pre_bid"": ""-73000"", ""buy_2th_pre_req"": ""89"", ""buy_2th_pre_req_pre"": ""0"", ""buy_3th_pre_bid"": ""-72900"", ""buy_3th_pre_req"": ""106"", ""buy_3th_pre_req_pre"": ""0"", ""buy_4th_pre_bid"": ""-72800"", ""buy_4th_pre_req"": ""70"", ""buy_4th_pre_req_pre"": ""0"", ""buy_5th_pre_bid"": ""-72700"", ""buy_5th_pre_req"": ""50"", ""buy_5th_pre_req_pre"": ""0"", ""buy_6th_pre_bid"": ""-72500"", ""buy_6th_pre_req"": ""10"", ""buy_6th_pre_req_pre"": ""0"", ""buy_7th_pre_bid"": ""-72400"", ""buy_7th_pre_req"": ""6"", ""buy_7th_pre_req_pre"": ""0"", ""buy_8th_pre_bid"": ""-72300"", ""buy_8th_pre_req"": ""51"", ""buy_8th_pre_req_pre"": ""0"", ""buy_9th_pre_bid"": ""-72200"", ""buy_9th_pre_req"": ""274"", ""buy_9th_pre_req_pre"": ""0"", ""buy_10th_pre_bid"": ""-72100"", ""buy_10th_pre_req"": ""508"", ""buy_10th_pre_req_pre"": ""0"", ""tot_sel_req_jub_pre"": ""+20"", ""tot_sel_req"": ""851"", ""tot_buy_req"": ""1330"", ""tot_buy_req_jub_pre"": ""--46"", ""ovt_sel_req_pre"": ""0"", ""ovt_sel_req"": ""0"", ""ovt_buy_req"": ""0"", ""ovt_buy_req_pre"": ""0"", ""return_code"": 0, ""return_msg"": ""정상적으로 처리되었습니다""}"
2026-06-10,watchlist,462870,,0,filtered_candidate_recheck,31500,,31500,31450,31500,31250,-0.9523809523809524,0.15873015873015872,,,,,,"{""bid_req_base_tm"": ""103321"", ""sel_10th_pre_req_pre"": ""0"", ""sel_10th_pre_req"": ""102"", ""sel_10th_pre_bid"": ""-31950"", ""sel_9th_pre_req_pre"": ""0"", ""sel_9th_pre_req"": ""100"", ""sel_9th_pre_bid"": ""-31900"", ""sel_8th_pre_req_pre"": ""0"", ""sel_8th_pre_req"": ""42"", ""sel_8th_pre_bid"": ""-31850"", ""sel_7th_pre_req_pre"": ""0"", ""sel_7th_pre_req"": ""322"", ""sel_7th_pre_bid"": ""-31800"", ""sel_6th_pre_req_pre"": ""0"", ""sel_6th_pre_req"": ""112"", ""sel_6th_pre_bid"": ""-31750"", ""sel_5th_pre_req_pre"": ""0"", ""sel_5th_pre_req"": ""2028"", ""sel_5th_pre_bid"": ""-31700"", ""sel_4th_pre_req_pre"": ""0"", ""sel_4th_pre_req"": ""17"", ""sel_4th_pre_bid"": ""-31650"", ""sel_3th_pre_req_pre"": ""0"", ""sel_3th_pre_req"": ""25"", ""sel_3th_pre_bid"": ""-31600"", ""sel_2th_pre_req_pre"": ""0"", ""sel_2th_pre_req"": ""71"", ""sel_2th_pre_bid"": ""-31550"", ""sel_1th_pre_req_pre"": ""--2"", ""sel_fpr_req"": ""3383"", ""sel_fpr_bid"": ""-31500"", ""buy_fpr_bid"": ""-31450"", ""buy_fpr_req"": ""9"", ""buy_1th_pre_req_pre"": ""0"", ""buy_2th_pre_bid"": ""-31400"", ""buy_2th_pre_req"": ""13"", ""buy_2th_pre_req_pre"": ""0"", ""buy_3th_pre_bid"": ""-31350"", ""buy_3th_pre_req"": ""38"", ""buy_3th_pre_req_pre"": ""0"", ""buy_4th_pre_bid"": ""-31300"", ""buy_4th_pre_req"": ""55"", ""buy_4th_pre_req_pre"": ""0"", ""buy_5th_pre_bid"": ""-31250"", ""buy_5th_pre_req"": ""31"", ""buy_5th_pre_req_pre"": ""0"", ""buy_6th_pre_bid"": ""-31200"", ""buy_6th_pre_req"": ""127"", ""buy_6th_pre_req_pre"": ""0"", ""buy_7th_pre_bid"": ""-31150"", ""buy_7th_pre_req"": ""244"", ""buy_7th_pre_req_pre"": ""0"", ""buy_8th_pre_bid"": ""-31100"", ""buy_8th_pre_req"": ""130"", ""buy_8th_pre_req_pre"": ""0"", ""buy_9th_pre_bid"": ""-31050"", ""buy_9th_pre_req"": ""150"", ""buy_9th_pre_req_pre"": ""0"", ""buy_10th_pre_bid"": ""-31000"", ""buy_10th_pre_req"": ""349"", ""buy_10th_pre_req_pre"": ""0"", ""tot_sel_req_jub_pre"": ""--2"", ""tot_sel_req"": ""6202"", ""tot_buy_req"": ""1146"", ""tot_buy_req_jub_pre"": ""0"", ""ovt_sel_req_pre"": ""0"", ""ovt_sel_req"": ""0"", ""ovt_buy_req"": ""0"", ""ovt_buy_req_pre"": ""0"", ""return_code"": 0, ""return_msg"": ""정상적으로 처리되었습니다""}"
2026-06-10,watchlist,055550,,0,filtered_candidate_recheck,99800,,99800,99700,99800,99600,-0.30060120240480964,0.1002004008016032,,,,,,"{""bid_req_base_tm"": ""103320"", ""sel_10th_pre_req_pre"": ""0"", ""sel_10th_pre_req"": ""131"", ""sel_10th_pre_bid"": ""-100700"", ""sel_9th_pre_req_pre"": ""0"", ""sel_9th_pre_req"": ""127"", ""sel_9th_pre_bid"": ""-100600"", ""sel_8th_pre_req_pre"": ""0"", ""sel_8th_pre_req"": ""1532"", ""sel_8th_pre_bid"": ""-100500"", ""sel_7th_pre_req_pre"": ""0"", ""sel_7th_pre_req"": ""1407"", ""sel_7th_pre_bid"": ""-100400"", ""sel_6th_pre_req_pre"": ""0"", ""sel_6th_pre_req"": ""404"", ""sel_6th_pre_bid"": ""-100300"", ""sel_5th_pre_req_pre"": ""0"", ""sel_5th_pre_req"": ""214"", ""sel_5th_pre_bid"": ""-100200"", ""sel_4th_pre_req_pre"": ""0"", ""sel_4th_pre_req"": ""197"", ""sel_4th_pre_bid"": ""-100100"", ""sel_3th_pre_req_pre"": ""0"", ""sel_3th_pre_req"": ""691"", ""sel_3th_pre_bid"": ""-100000"", ""sel_2th_pre_req_pre"": ""0"", ""sel_2th_pre_req"": ""13"", ""sel_2th_pre_bid"": ""-99900"", ""sel_1th_pre_req_pre"": ""0"", ""sel_fpr_req"": ""1032"", ""sel_fpr_bid"": ""-99800"", ""buy_fpr_bid"": ""-99700"", ""buy_fpr_req"": ""152"", ""buy_1th_pre_req_pre"": ""+137"", ""buy_2th_pre_bid"": ""-99600"", ""buy_2th_pre_req"": ""786"", ""buy_2th_pre_req_pre"": ""0"", ""buy_3th_pre_bid"": ""-99500"", ""buy_3th_pre_req"": ""1136"", ""buy_3th_pre_req_pre"": ""0"", ""buy_4th_pre_bid"": ""-99400"", ""buy_4th_pre_req"": ""1019"", ""buy_4th_pre_req_pre"": ""0"", ""buy_5th_pre_bid"": ""-99300"", ""buy_5th_pre_req"": ""45"", ""buy_5th_pre_req_pre"": ""0"", ""buy_6th_pre_bid"": ""-99200"", ""buy_6th_pre_req"": ""138"", ""buy_6th_pre_req_pre"": ""0"", ""buy_7th_pre_bid"": ""-99100"", ""buy_7th_pre_req"": ""147"", ""buy_7th_pre_req_pre"": ""0"", ""buy_8th_pre_bid"": ""-99000"", ""buy_8th_pre_req"": ""445"", ""buy_8th_pre_req_pre"": ""0"", ""buy_9th_pre_bid"": ""-98900"", ""buy_9th_pre_req"": ""166"", ""buy_9th_pre_req_pre"": ""0"", ""buy_10th_pre_bid"": ""-98800"", ""buy_10th_pre_req"": ""158"", ""buy_10th_pre_req_pre"": ""0"", ""tot_sel_req_jub_pre"": ""0"", ""tot_sel_req"": ""5748"", ""tot_buy_req"": ""4192"", ""tot_buy_req_jub_pre"": ""+137"", ""ovt_sel_req_pre"": ""0"", ""ovt_sel_req"": ""0"", ""ovt_buy_req"": ""0"", ""ovt_buy_req_pre"": ""0"", ""return_code"": 0, ""return_msg"": ""정상적으로 처리되었습니다""}"
2026-06-10,watchlist,192080,,1,filtered_candidate_recheck,71400,,71400,71300,71400,71000,-0.700280112044818,0.1400560224089636,,,,,,"{""bid_req_base_tm"": ""103320"", ""sel_10th_pre_req_pre"": ""0"", ""sel_10th_pre_req"": ""11"", ""sel_10th_pre_bid"": ""+72500"", ""sel_9th_pre_req_pre"": ""0"", ""sel_9th_pre_req"": ""40"", ""sel_9th_pre_bid"": ""+72400"", ""sel_8th_pre_req_pre"": ""0"", ""sel_8th_pre_req"": ""10"", ""sel_8th_pre_bid"": ""+72300"", ""sel_7th_pre_req_pre"": ""0"", ""sel_7th_pre_req"": ""17"", ""sel_7th_pre_bid"": ""+72200"", ""sel_6th_pre_req_pre"": ""0"", ""sel_6th_pre_req"": ""16"", ""sel_6th_pre_bid"": ""-71900"", ""sel_5th_pre_req_pre"": ""0"", ""sel_5th_pre_req"": ""14"", ""sel_5th_pre_bid"": ""-71800"", ""sel_4th_pre_req_pre"": ""0"", ""sel_4th_pre_req"": ""960"", ""sel_4th_pre_bid"": ""-71700"", ""sel_3th_pre_req_pre"": ""0"", ""sel_3th_pre_req"": ""19"", ""sel_3th_pre_bid"": ""-71600"", ""sel_2th_pre_req_pre"": ""0"", ""sel_2th_pre_req"": ""83"", ""sel_2th_pre_bid"": ""-71500"", ""sel_1th_pre_req_pre"": ""--5"", ""sel_fpr_req"": ""161"", ""sel_fpr_bid"": ""-71400"", ""buy_fpr_bid"": ""-71300"", ""buy_fpr_req"": ""187"", ""buy_1th_pre_req_pre"": ""0"", ""buy_2th_pre_bid"": ""-71200"", ""buy_2th_pre_req"": ""12"", ""buy_2th_pre_req_pre"": ""0"", ""buy_3th_pre_bid"": ""-71100"", ""buy_3th_pre_req"": ""18"", ""buy_3th_pre_req_pre"": ""0"", ""buy_4th_pre_bid"": ""-71000"", ""buy_4th_pre_req"": ""86"", ""buy_4th_pre_req_pre"": ""0"", ""buy_5th_pre_bid"": ""-70900"", ""buy_5th_pre_req"": ""49"", ""buy_5th_pre_req_pre"": ""0"", ""buy_6th_pre_bid"": ""-70800"", ""buy_6th_pre_req"": ""71"", ""buy_6th_pre_req_pre"": ""0"", ""buy_7th_pre_bid"": ""-70700"", ""buy_7th_pre_req"": ""98"", ""buy_7th_pre_req_pre"": ""0"", ""buy_8th_pre_bid"": ""-70600"", ""buy_8th_pre_req"": ""86"", ""buy_8th_pre_req_pre"": ""0"", ""buy_9th_pre_bid"": ""-70500"", ""buy_9th_pre_req"": ""181"", ""buy_9th_pre_req_pre"": ""0"", ""buy_10th_pre_bid"": ""-70400"", ""buy_10th_pre_req"": ""182"", ""buy_10th_pre_req_pre"": ""0"", ""tot_sel_req_jub_pre"": ""--5"", ""tot_sel_req"": ""1331"", ""tot_buy_req"": ""970"", ""tot_buy_req_jub_pre"": ""0"", ""ovt_sel_req_pre"": ""0"", ""ovt_sel_req"": ""0"", ""ovt_buy_req"": ""0"", ""ovt_buy_req_pre"": ""0"", ""return_code"": 0, ""return_msg"": ""정상적으로 처리되었습니다""}"
2026-06-10,watchlist,000430,,0,filtered_candidate_recheck,5720,,5720,5710,5720,5760,0.5244755244755245,0.17482517482517482,,,,,,"{""bid_req_base_tm"": ""103321"", ""sel_10th_pre_req_pre"": ""0"", ""sel_10th_pre_req"": ""1479"", ""sel_10th_pre_bid"": ""-5820"", ""sel_9th_pre_req_pre"": ""0"", ""sel_9th_pre_req"": ""1693"", ""sel_9th_pre_bid"": ""-5810"", ""sel_8th_pre_req_pre"": ""0"", ""sel_8th_pre_req"": ""1531"", ""sel_8th_pre_bid"": ""-5800"", ""sel_7th_pre_req_pre"": ""0"", ""sel_7th_pre_req"": ""72"", ""sel_7th_pre_bid"": ""-5790"", ""sel_6th_pre_req_pre"": ""0"", ""sel_6th_pre_req"": ""1220"", ""sel_6th_pre_bid"": ""-5780"", ""sel_5th_pre_req_pre"": ""0"", ""sel_5th_pre_req"": ""113"", ""sel_5th_pre_bid"": ""-5760"", ""sel_4th_pre_req_pre"": ""0"", ""sel_4th_pre_req"": ""53"", ""sel_4th_pre_bid"": ""-5750"", ""sel_3th_pre_req_pre"": ""0"", ""sel_3th_pre_req"": ""1165"", ""sel_3th_pre_bid"": ""-5740"", ""sel_2th_pre_req_pre"": ""0"", ""sel_2th_pre_req"": ""190"", ""sel_2th_pre_bid"": ""-5730"", ""sel_1th_pre_req_pre"": ""+2"", ""sel_fpr_req"": ""277"", ""sel_fpr_bid"": ""-5720"", ""buy_fpr_bid"": ""-5710"", ""buy_fpr_req"": ""465"", ""buy_1th_pre_req_pre"": ""0"", ""buy_2th_pre_bid"": ""-5700"", ""buy_2th_pre_req"": ""8973"", ""buy_2th_pre_req_pre"": ""0"", ""buy_3th_pre_bid"": ""-5690"", ""buy_3th_pre_req"": ""4757"", ""buy_3th_pre_req_pre"": ""0"", ""buy_4th_pre_bid"": ""-5680"", ""buy_4th_pre_req"": ""6683"", ""buy_4th_pre_req_pre"": ""0"", ""buy_5th_pre_bid"": ""-5670"", ""buy_5th_pre_req"": ""5480"", ""buy_5th_pre_req_pre"": ""0"", ""buy_6th_pre_bid"": ""-5660"", ""buy_6th_pre_req"": ""5404"", ""buy_6th_pre_req_pre"": ""0"", ""buy_7th_pre_bid"": ""-5650"", ""buy_7th_pre_req"": ""8844"", ""buy_7th_pre_req_pre"": ""0"", ""buy_8th_pre_bid"": ""-5640"", ""buy_8th_pre_req"": ""2901"", ""buy_8th_pre_req_pre"": ""0"", ""buy_9th_pre_bid"": ""-5630"", ""buy_9th_pre_req"": ""1397"", ""buy_9th_pre_req_pre"": ""0"", ""buy_10th_pre_bid"": ""-5620"", ""buy_10th_pre_req"": ""4297"", ""buy_10th_pre_req_pre"": ""0"", ""tot_sel_req_jub_pre"": ""+2"", ""tot_sel_req"": ""7793"", ""tot_buy_req"": ""49201"", ""tot_buy_req_jub_pre"": ""0"", ""ovt_sel_req_pre"": ""0"", ""ovt_sel_req"": ""0"", ""ovt_buy_req"": ""0"", ""ovt_buy_req_pre"": ""0"", ""return_code"": 0, ""return_msg"": ""정상적으로 처리되었습니다""}"
2026-06-10,watchlist,307950,,0,filtered_candidate_recheck,709000,,709000,708000,709000,710000,0.0,0.14104372355430184,,,,,,"{""bid_req_base_tm"": ""103321"", ""sel_10th_pre_req_pre"": ""0"", ""sel_10th_pre_req"": ""213"", ""sel_10th_pre_bid"": ""+718000"", ""sel_9th_pre_req_pre"": ""0"", ""sel_9th_pre_req"": ""73"", ""sel_9th_pre_bid"": ""+717000"", ""sel_8th_pre_req_pre"": ""0"", ""sel_8th_pre_req"": ""177"", ""sel_8th_pre_bid"": ""+716000"", ""sel_7th_pre_req_pre"": ""0"", ""sel_7th_pre_req"": ""33"", ""sel_7th_pre_bid"": ""+715000"", ""sel_6th_pre_req_pre"": ""0"", ""sel_6th_pre_req"": ""32"", ""sel_6th_pre_bid"": ""+714000"", ""sel_5th_pre_req_pre"": ""0"", ""sel_5th_pre_req"": ""18"", ""sel_5th_pre_bid"": ""+713000"", ""sel_4th_pre_req_pre"": ""0"", ""sel_4th_pre_req"": ""2"", ""sel_4th_pre_bid"": ""+712000"", ""sel_3th_pre_req_pre"": ""0"", ""sel_3th_pre_req"": ""60"", ""sel_3th_pre_bid"": ""+711000"", ""sel_2th_pre_req_pre"": ""0"", ""sel_2th_pre_req"": ""157"", ""sel_2th_pre_bid"": ""+710000"", ""sel_1th_pre_req_pre"": ""0"", ""sel_fpr_req"": ""61"", ""sel_fpr_bid"": ""+709000"", ""buy_fpr_bid"": ""+708000"", ""buy_fpr_req"": ""80"", ""buy_1th_pre_req_pre"": ""0"", ""buy_2th_pre_bid"": ""+707000"", ""buy_2th_pre_req"": ""283"", ""buy_2th_pre_req_pre"": ""0"", ""buy_3th_pre_bid"": ""+706000"", ""buy_3th_pre_req"": ""26"", ""buy_3th_pre_req_pre"": ""0"", ""buy_4th_pre_bid"": ""+705000"", ""buy_4th_pre_req"": ""136"", ""buy_4th_pre_req_pre"": ""0"", ""buy_5th_pre_bid"": ""+704000"", ""buy_5th_pre_req"": ""54"", ""buy_5th_pre_req_pre"": ""0"", ""buy_6th_pre_bid"": ""+703000"", ""buy_6th_pre_req"": ""147"", ""buy_6th_pre_req_pre"": ""0"", ""buy_7th_pre_bid"": ""+702000"", ""buy_7th_pre_req"": ""107"", ""buy_7th_pre_req_pre"": ""0"", ""buy_8th_pre_bid"": ""+701000"", ""buy_8th_pre_req"": ""56"", ""buy_8th_pre_req_pre"": ""0"", ""buy_9th_pre_bid"": ""+700000"", ""buy_9th_pre_req"": ""699"", ""buy_9th_pre_req_pre"": ""0"", ""buy_10th_pre_bid"": ""+699000"", ""buy_10th_pre_req"": ""150"", ""buy_10th_pre_req_pre"": ""--1"", ""tot_sel_req_jub_pre"": ""0"", ""tot_sel_req"": ""826"", ""tot_buy_req"": ""1738"", ""tot_buy_req_jub_pre"": ""--1"", ""ovt_sel_req_pre"": ""0"", ""ovt_sel_req"": ""0"", ""ovt_buy_req"": ""0"", ""ovt_buy_req_pre"": ""0"", ""return_code"": 0, ""return_msg"": ""정상적으로 처리되었습니다""}"
2026-06-10,watchlist,114090,,0,filtered_candidate_recheck,12070,,12070,12030,12070,12000,-0.9942004971002486,0.33140016570008285,,,,,,"{""bid_req_base_tm"": ""103321"", ""sel_10th_pre_req_pre"": ""0"", ""sel_10th_pre_req"": ""9"", ""sel_10th_pre_bid"": ""+12210"", ""sel_9th_pre_req_pre"": ""0"", ""sel_9th_pre_req"": ""431"", ""sel_9th_pre_bid"": ""+12200"", ""sel_8th_pre_req_pre"": ""0"", ""sel_8th_pre_req"": ""349"", ""sel_8th_pre_bid"": ""+12190"", ""sel_7th_pre_req_pre"": ""0"", ""sel_7th_pre_req"": ""376"", ""sel_7th_pre_bid"": ""+12180"", ""sel_6th_pre_req_pre"": ""0"", ""sel_6th_pre_req"": ""12"", ""sel_6th_pre_bid"": ""+12170"", ""sel_5th_pre_req_pre"": ""0"", ""sel_5th_pre_req"": ""1069"", ""sel_5th_pre_bid"": ""+12150"", ""sel_4th_pre_req_pre"": ""0"", ""sel_4th_pre_req"": ""32"", ""sel_4th_pre_bid"": ""+12140"", ""sel_3th_pre_req_pre"": ""0"", ""sel_3th_pre_req"": ""469"", ""sel_3th_pre_bid"": ""+12130"", ""sel_2th_pre_req_pre"": ""0"", ""sel_2th_pre_req"": ""55"", ""sel_2th_pre_bid"": ""+12120"", ""sel_1th_pre_req_pre"": ""+12"", ""sel_fpr_req"": ""797"", ""sel_fpr_bid"": ""+12070"", ""buy_fpr_bid"": ""+12030"", ""buy_fpr_req"": ""530"", ""buy_1th_pre_req_pre"": ""0"", ""buy_2th_pre_bid"": ""+12020"", ""buy_2th_pre_req"": ""177"", ""buy_2th_pre_req_pre"": ""0"", ""buy_3th_pre_bid"": ""+12010"", ""buy_3th_pre_req"": ""125"", ""buy_3th_pre_req_pre"": ""0"", ""buy_4th_pre_bid"": ""+12000"", ""buy_4th_pre_req"": ""510"", ""buy_4th_pre_req_pre"": ""0"", ""buy_5th_pre_bid"": ""+11990"", ""buy_5th_pre_req"": ""130"", ""buy_5th_pre_req_pre"": ""0"", ""buy_6th_pre_bid"": ""+11980"", ""buy_6th_pre_req"": ""340"", ""buy_6th_pre_req_pre"": ""0"", ""buy_7th_pre_bid"": ""+11970"", ""buy_7th_pre_req"": ""63"", ""buy_7th_pre_req_pre"": ""0"", ""buy_8th_pre_bid"": ""11950"", ""buy_8th_pre_req"": ""350"", ""buy_8th_pre_req_pre"": ""0"", ""buy_9th_pre_bid"": ""-11900"", ""buy_9th_pre_req"": ""147"", ""buy_9th_pre_req_pre"": ""0"", ""buy_10th_pre_bid"": ""-11850"", ""buy_10th_pre_req"": ""31"", ""buy_10th_pre_req_pre"": ""0"", ""tot_sel_req_jub_pre"": ""+12"", ""tot_sel_req"": ""3599"", ""tot_buy_req"": ""2403"", ""tot_buy_req_jub_pre"": ""0"", ""ovt_sel_req_pre"": ""0"", ""ovt_sel_req"": ""0"", ""ovt_buy_req"": ""0"", ""ovt_buy_req_pre"": ""0"", ""return_code"": 0, ""return_msg"": ""정상적으로 처리되었습니다""}"
2026-06-10,watchlist,281820,,0,filtered_candidate_recheck,67600,,67600,67400,67600,67800,0.14792899408284024,0.2958579881656805,,,,,,"{""bid_req_base_tm"": ""103315"", ""sel_10th_pre_req_pre"": ""0"", ""sel_10th_pre_req"": ""203"", ""sel_10th_pre_bid"": ""+68500"", ""sel_9th_pre_req_pre"": ""0"", ""sel_9th_pre_req"": ""204"", ""sel_9th_pre_bid"": ""+68400"", ""sel_8th_pre_req_pre"": ""0"", ""sel_8th_pre_req"": ""57"", ""sel_8th_pre_bid"": ""+68300"", ""sel_7th_pre_req_pre"": ""0"", ""sel_7th_pre_req"": ""46"", ""sel_7th_pre_bid"": ""+68200"", ""sel_6th_pre_req_pre"": ""0"", ""sel_6th_pre_req"": ""21"", ""sel_6th_pre_bid"": ""+68100"", ""sel_5th_pre_req_pre"": ""0"", ""sel_5th_pre_req"": ""139"", ""sel_5th_pre_bid"": ""+68000"", ""sel_4th_pre_req_pre"": ""0"", ""sel_4th_pre_req"": ""80"", ""sel_4th_pre_bid"": ""+67900"", ""sel_3th_pre_req_pre"": ""0"", ""sel_3th_pre_req"": ""50"", ""sel_3th_pre_bid"": ""+67800"", ""sel_2th_pre_req_pre"": ""0"", ""sel_2th_pre_req"": ""40"", ""sel_2th_pre_bid"": ""+67700"", ""sel_1th_pre_req_pre"": ""0"", ""sel_fpr_req"": ""1"", ""sel_fpr_bid"": ""+67600"", ""buy_fpr_bid"": ""+67400"", ""buy_fpr_req"": ""426"", ""buy_1th_pre_req_pre"": ""0"", ""buy_2th_pre_bid"": ""+67200"", ""buy_2th_pre_req"": ""36"", ""buy_2th_pre_req_pre"": ""0"", ""buy_3th_pre_bid"": ""+67100"", ""buy_3th_pre_req"": ""546"", ""buy_3th_pre_req_pre"": ""0"", ""buy_4th_pre_bid"": ""+67000"", ""buy_4th_pre_req"": ""553"", ""buy_4th_pre_req_pre"": ""0"", ""buy_5th_pre_bid"": ""+66900"", ""buy_5th_pre_req"": ""179"", ""buy_5th_pre_req_pre"": ""0"", ""buy_6th_pre_bid"": ""+66800"", ""buy_6th_pre_req"": ""50"", ""buy_6th_pre_req_pre"": ""0"", ""buy_7th_pre_bid"": ""+66700"", ""buy_7th_pre_req"": ""504"", ""buy_7th_pre_req_pre"": ""0"", ""buy_8th_pre_bid"": ""+66600"", ""buy_8th_pre_req"": ""28"", ""buy_8th_pre_req_pre"": ""0"", ""buy_9th_pre_bid"": ""+66500"", ""buy_9th_pre_req"": ""105"", ""buy_9th_pre_req_pre"": ""0"", ""buy_10th_pre_bid"": ""66400"", ""buy_10th_pre_req"": ""117"", ""buy_10th_pre_req_pre"": ""0"", ""tot_sel_req_jub_pre"": ""0"", ""tot_sel_req"": ""841"", ""tot_buy_req"": ""2544"", ""tot_buy_req_jub_pre"": ""0"", ""ovt_sel_req_pre"": ""0"", ""ovt_sel_req"": ""0"", ""ovt_buy_req"": ""0"", ""ovt_buy_req_pre"": ""0"", ""return_code"": 0, ""return_msg"": ""정상적으로 처리되었습니다""}"
2026-06-10,watchlist,489790,,0,filtered_candidate_recheck,69200,,69200,69100,69200,69600,0.4335260115606936,0.1445086705202312,,,,,,"{""bid_req_base_tm"": ""103322"", ""sel_10th_pre_req_pre"": ""0"", ""sel_10th_pre_req"": ""61"", ""sel_10th_pre_bid"": ""+70200"", ""sel_9th_pre_req_pre"": ""0"", ""sel_9th_pre_req"": ""5"", ""sel_9th_pre_bid"": ""+70100"", ""sel_8th_pre_req_pre"": ""0"", ""sel_8th_pre_req"": ""34"", ""sel_8th_pre_bid"": ""+70000"", ""sel_7th_pre_req_pre"": ""0"", ""sel_7th_pre_req"": ""14"", ""sel_7th_pre_bid"": ""+69900"", ""sel_6th_pre_req_pre"": ""0"", ""sel_6th_pre_req"": ""24"", ""sel_6th_pre_bid"": ""+69800"", ""sel_5th_pre_req_pre"": ""0"", ""sel_5th_pre_req"": ""2"", ""sel_5th_pre_bid"": ""+69700"", ""sel_4th_pre_req_pre"": ""0"", ""sel_4th_pre_req"": ""35"", ""sel_4th_pre_bid"": ""+69600"", ""sel_3th_pre_req_pre"": ""0"", ""sel_3th_pre_req"": ""2"", ""sel_3th_pre_bid"": ""+69500"", ""sel_2th_pre_req_pre"": ""0"", ""sel_2th_pre_req"": ""157"", ""sel_2th_pre_bid"": ""+69400"", ""sel_1th_pre_req_pre"": ""0"", ""sel_fpr_req"": ""29"", ""sel_fpr_bid"": ""+69200"", ""buy_fpr_bid"": ""+69100"", ""buy_fpr_req"": ""353"", ""buy_1th_pre_req_pre"": ""0"", ""buy_2th_pre_bid"": ""+69000"", ""buy_2th_pre_req"": ""661"", ""buy_2th_pre_req_pre"": ""0"", ""buy_3th_pre_bid"": ""+68900"", ""buy_3th_pre_req"": ""140"", ""buy_3th_pre_req_pre"": ""0"", ""buy_4th_pre_bid"": ""+68800"", ""buy_4th_pre_req"": ""60"", ""buy_4th_pre_req_pre"": ""0"", ""buy_5th_pre_bid"": ""+68700"", ""buy_5th_pre_req"": ""48"", ""buy_5th_pre_req_pre"": ""0"", ""buy_6th_pre_bid"": ""+68600"", ""buy_6th_pre_req"": ""222"", ""buy_6th_pre_req_pre"": ""0"", ""buy_7th_pre_bid"": ""+68500"", ""buy_7th_pre_req"": ""152"", ""buy_7th_pre_req_pre"": ""0"", ""buy_8th_pre_bid"": ""+68400"", ""buy_8th_pre_req"": ""102"", ""buy_8th_pre_req_pre"": ""0"", ""buy_9th_pre_bid"": ""+68300"", ""buy_9th_pre_req"": ""682"", ""buy_9th_pre_req_pre"": ""0"", ""buy_10th_pre_bid"": ""+68200"", ""buy_10th_pre_req"": ""144"", ""buy_10th_pre_req_pre"": ""0"", ""tot_sel_req_jub_pre"": ""0"", ""tot_sel_req"": ""363"", ""tot_buy_req"": ""2564"", ""tot_buy_req_jub_pre"": ""0"", ""ovt_sel_req_pre"": ""0"", ""ovt_sel_req"": ""0"", ""ovt_buy_req"": ""0"", ""ovt_buy_req_pre"": ""0"", ""return_code"": 0, ""return_msg"": ""정상적으로 처리되었습니다""}"
2026-06-10,watchlist,092200,,0,filtered_candidate_recheck,9780,,9780,9770,9780,9810,0.2044989775051125,0.10224948875255625,,,,,,"{""bid_req_base_tm"": ""103322"", ""sel_10th_pre_req_pre"": ""0"", ""sel_10th_pre_req"": ""1065"", ""sel_10th_pre_bid"": ""-9880"", ""sel_9th_pre_req_pre"": ""0"", ""sel_9th_pre_req"": ""308"", ""sel_9th_pre_bid"": ""-9870"", ""sel_8th_pre_req_pre"": ""0"", ""sel_8th_pre_req"": ""73"", ""sel_8th_pre_bid"": ""-9860"", ""sel_7th_pre_req_pre"": ""0"", ""sel_7th_pre_req"": ""361"", ""sel_7th_pre_bid"": ""-9850"", ""sel_6th_pre_req_pre"": ""0"", ""sel_6th_pre_req"": ""1021"", ""sel_6th_pre_bid"": ""-9840"", ""sel_5th_pre_req_pre"": ""+1"", ""sel_5th_pre_req"": ""8"", ""sel_5th_pre_bid"": ""-9830"", ""sel_4th_pre_req_pre"": ""0"", ""sel_4th_pre_req"": ""99"", ""sel_4th_pre_bid"": ""-9820"", ""sel_3th_pre_req_pre"": ""0"", ""sel_3th_pre_req"": ""751"", ""sel_3th_pre_bid"": ""-9800"", ""sel_2th_pre_req_pre"": ""0"", ""sel_2th_pre_req"": ""1305"", ""sel_2th_pre_bid"": ""-9790"", ""sel_1th_pre_req_pre"": ""0"", ""sel_fpr_req"": ""103"", ""sel_fpr_bid"": ""-9780"", ""buy_fpr_bid"": ""-9770"", ""buy_fpr_req"": ""1129"", ""buy_1th_pre_req_pre"": ""0"", ""buy_2th_pre_bid"": ""-9760"", ""buy_2th_pre_req"": ""2722"", ""buy_2th_pre_req_pre"": ""0"", ""buy_3th_pre_bid"": ""-9750"", ""buy_3th_pre_req"": ""2659"", ""buy_3th_pre_req_pre"": ""0"", ""buy_4th_pre_bid"": ""-9740"", ""buy_4th_pre_req"": ""5289"", ""buy_4th_pre_req_pre"": ""0"", ""buy_5th_pre_bid"": ""-9730"", ""buy_5th_pre_req"": ""948"", ""buy_5th_pre_req_pre"": ""0"", ""buy_6th_pre_bid"": ""-9720"", ""buy_6th_pre_req"": ""808"", ""buy_6th_pre_req_pre"": ""0"", ""buy_7th_pre_bid"": ""-9710"", ""buy_7th_pre_req"": ""4169"", ""buy_7th_pre_req_pre"": ""0"", ""buy_8th_pre_bid"": ""-9700"", ""buy_8th_pre_req"": ""1216"", ""buy_8th_pre_req_pre"": ""0"", ""buy_9th_pre_bid"": ""-9690"", ""buy_9th_pre_req"": ""3518"", ""buy_9th_pre_req_pre"": ""0"", ""buy_10th_pre_bid"": ""-9680"", ""buy_10th_pre_req"": ""1491"", ""buy_10th_pre_req_pre"": ""0"", ""tot_sel_req_jub_pre"": ""+1"", ""tot_sel_req"": ""5094"", ""tot_buy_req"": ""23949"", ""tot_buy_req_jub_pre"": ""0"", ""ovt_sel_req_pre"": ""0"", ""ovt_sel_req"": ""0"", ""ovt_buy_req"": ""0"", ""ovt_buy_req_pre"": ""0"", ""return_code"": 0, ""return_msg"": ""정상적으로 처리되었습니다""}"
2026-06-10,watchlist,175330,,0,filtered_candidate_recheck,25550,,25550,25500,25550,25600,0.0,0.19569471624266144,,,,,,"{""bid_req_base_tm"": ""103319"", ""sel_10th_pre_req_pre"": ""0"", ""sel_10th_pre_req"": ""113"", ""sel_10th_pre_bid"": ""+26000"", ""sel_9th_pre_req_pre"": ""0"", ""sel_9th_pre_req"": ""142"", ""sel_9th_pre_bid"": ""+25950"", ""sel_8th_pre_req_pre"": ""0"", ""sel_8th_pre_req"": ""532"", ""sel_8th_pre_bid"": ""25900"", ""sel_7th_pre_req_pre"": ""0"", ""sel_7th_pre_req"": ""454"", ""sel_7th_pre_bid"": ""-25850"", ""sel_6th_pre_req_pre"": ""0"", ""sel_6th_pre_req"": ""158"", ""sel_6th_pre_bid"": ""-25800"", ""sel_5th_pre_req_pre"": ""0"", ""sel_5th_pre_req"": ""248"", ""sel_5th_pre_bid"": ""-25750"", ""sel_4th_pre_req_pre"": ""0"", ""sel_4th_pre_req"": ""124"", ""sel_4th_pre_bid"": ""-25700"", ""sel_3th_pre_req_pre"": ""0"", ""sel_3th_pre_req"": ""491"", ""sel_3th_pre_bid"": ""-25650"", ""sel_2th_pre_req_pre"": ""0"", ""sel_2th_pre_req"": ""825"", ""sel_2th_pre_bid"": ""-25600"", ""sel_1th_pre_req_pre"": ""--2"", ""sel_fpr_req"": ""3079"", ""sel_fpr_bid"": ""-25550"", ""buy_fpr_bid"": ""-25500"", ""buy_fpr_req"": ""2323"", ""buy_1th_pre_req_pre"": ""0"", ""buy_2th_pre_bid"": ""-25450"", ""buy_2th_pre_req"": ""2091"", ""buy_2th_pre_req_pre"": ""0"", ""buy_3th_pre_bid"": ""-25400"", ""buy_3th_pre_req"": ""843"", ""buy_3th_pre_req_pre"": ""0"", ""buy_4th_pre_bid"": ""-25350"", ""buy_4th_pre_req"": ""381"", ""buy_4th_pre_req_pre"": ""0"", ""buy_5th_pre_bid"": ""-25300"", ""buy_5th_pre_req"": ""328"", ""buy_5th_pre_req_pre"": ""0"", ""buy_6th_pre_bid"": ""-25250"", ""buy_6th_pre_req"": ""423"", ""buy_6th_pre_req_pre"": ""0"", ""buy_7th_pre_bid"": ""-25200"", ""buy_7th_pre_req"": ""179"", ""buy_7th_pre_req_pre"": ""0"", ""buy_8th_pre_bid"": ""-25150"", ""buy_8th_pre_req"": ""768"", ""buy_8th_pre_req_pre"": ""0"", ""buy_9th_pre_bid"": ""-25100"", ""buy_9th_pre_req"": ""475"", ""buy_9th_pre_req_pre"": ""0"", ""buy_10th_pre_bid"": ""-25050"", ""buy_10th_pre_req"": ""378"", ""buy_10th_pre_req_pre"": ""0"", ""tot_sel_req_jub_pre"": ""--2"", ""tot_sel_req"": ""6166"", ""tot_buy_req"": ""8189"", ""tot_buy_req_jub_pre"": ""0"", ""ovt_sel_req_pre"": ""0"", ""ovt_sel_req"": ""0"", ""ovt_buy_req"": ""0"", ""ovt_buy_req_pre"": ""0"", ""return_code"": 0, ""return_msg"": ""정상적으로 처리되었습니다""}"
2026-06-10,watchlist,069960,,0,filtered_candidate_recheck,165300,,165300,165200,165300,165000,-0.48396854204476714,0.06049606775559589,,,,,,"{""bid_req_base_tm"": ""103322"", ""sel_10th_pre_req_pre"": ""0"", ""sel_10th_pre_req"": ""51"", ""sel_10th_pre_bid"": ""-166700"", ""sel_9th_pre_req_pre"": ""--1"", ""sel_9th_pre_req"": ""12"", ""sel_9th_pre_bid"": ""-166500"", ""sel_8th_pre_req_pre"": ""0"", ""sel_8th_pre_req"": ""3"", ""sel_8th_pre_bid"": ""-166300"", ""sel_7th_pre_req_pre"": ""0"", ""sel_7th_pre_req"": ""91"", ""sel_7th_pre_bid"": ""-166100"", ""sel_6th_pre_req_pre"": ""0"", ""sel_6th_pre_req"": ""7"", ""sel_6th_pre_bid"": ""-165900"", ""sel_5th_pre_req_pre"": ""0"", ""sel_5th_pre_req"": ""13"", ""sel_5th_pre_bid"": ""-165800"", ""sel_4th_pre_req_pre"": ""0"", ""sel_4th_pre_req"": ""29"", ""sel_4th_pre_bid"": ""-165700"", ""sel_3th_pre_req_pre"": ""0"", ""sel_3th_pre_req"": ""66"", ""sel_3th_pre_bid"": ""-165600"", ""sel_2th_pre_req_pre"": ""0"", ""sel_2th_pre_req"": ""28"", ""sel_2th_pre_bid"": ""-165500"", ""sel_1th_pre_req_pre"": ""+1"", ""sel_fpr_req"": ""62"", ""sel_fpr_bid"": ""-165300"", ""buy_fpr_bid"": ""-165200"", ""buy_fpr_req"": ""39"", ""buy_1th_pre_req_pre"": ""0"", ""buy_2th_pre_bid"": ""-165100"", ""buy_2th_pre_req"": ""27"", ""buy_2th_pre_req_pre"": ""0"", ""buy_3th_pre_bid"": ""-165000"", ""buy_3th_pre_req"": ""228"", ""buy_3th_pre_req_pre"": ""0"", ""buy_4th_pre_bid"": ""-164600"", ""buy_4th_pre_req"": ""1"", ""buy_4th_pre_req_pre"": ""0"", ""buy_5th_pre_bid"": ""-164400"", ""buy_5th_pre_req"": ""16"", ""buy_5th_pre_req_pre"": ""0"", ""buy_6th_pre_bid"": ""-164300"", ""buy_6th_pre_req"": ""1"", ""buy_6th_pre_req_pre"": ""0"", ""buy_7th_pre_bid"": ""-164200"", ""buy_7th_pre_req"": ""40"", ""buy_7th_pre_req_pre"": ""0"", ""buy_8th_pre_bid"": ""-164000"", ""buy_8th_pre_req"": ""6"", ""buy_8th_pre_req_pre"": ""0"", ""buy_9th_pre_bid"": ""-163900"", ""buy_9th_pre_req"": ""65"", ""buy_9th_pre_req_pre"": ""0"", ""buy_10th_pre_bid"": ""-163800"", ""buy_10th_pre_req"": ""2"", ""buy_10th_pre_req_pre"": ""0"", ""tot_sel_req_jub_pre"": ""0"", ""tot_sel_req"": ""362"", ""tot_buy_req"": ""425"", ""tot_buy_req_jub_pre"": ""0"", ""ovt_sel_req_pre"": ""0"", ""ovt_sel_req"": ""0"", ""ovt_buy_req"": ""0"", ""ovt_buy_req_pre"": ""0"", ""return_code"": 0, ""return_msg"": ""정상적으로 처리되었습니다""}"
2026-06-10,watchlist,001450,,0,filtered_candidate_recheck,37900,,37900,37850,37900,38000,0.13192612137203166,0.13192612137203166,,,,,,"{""bid_req_base_tm"": ""103322"", ""sel_10th_pre_req_pre"": ""0"", ""sel_10th_pre_req"": ""756"", ""sel_10th_pre_bid"": ""+38400"", ""sel_9th_pre_req_pre"": ""0"", ""sel_9th_pre_req"": ""104"", ""sel_9th_pre_bid"": ""+38350"", ""sel_8th_pre_req_pre"": ""0"", ""sel_8th_pre_req"": ""7"", ""sel_8th_pre_bid"": ""+38300"", ""sel_7th_pre_req_pre"": ""0"", ""sel_7th_pre_req"": ""24"", ""sel_7th_pre_bid"": ""+38250"", ""sel_6th_pre_req_pre"": ""0"", ""sel_6th_pre_req"": ""65"", ""sel_6th_pre_bid"": ""+38200"", ""sel_5th_pre_req_pre"": ""0"", ""sel_5th_pre_req"": ""2"", ""sel_5th_pre_bid"": ""+38150"", ""sel_4th_pre_req_pre"": ""0"", ""sel_4th_pre_req"": ""531"", ""sel_4th_pre_bid"": ""+38100"", ""sel_3th_pre_req_pre"": ""0"", ""sel_3th_pre_req"": ""592"", ""sel_3th_pre_bid"": ""+38000"", ""sel_2th_pre_req_pre"": ""0"", ""sel_2th_pre_req"": ""21"", ""sel_2th_pre_bid"": ""+37950"", ""sel_1th_pre_req_pre"": ""+4"", ""sel_fpr_req"": ""268"", ""sel_fpr_bid"": ""+37900"", ""buy_fpr_bid"": ""+37850"", ""buy_fpr_req"": ""671"", ""buy_1th_pre_req_pre"": ""0"", ""buy_2th_pre_bid"": ""+37800"", ""buy_2th_pre_req"": ""751"", ""buy_2th_pre_req_pre"": ""0"", ""buy_3th_pre_bid"": ""+37750"", ""buy_3th_pre_req"": ""72"", ""buy_3th_pre_req_pre"": ""0"", ""buy_4th_pre_bid"": ""+37700"", ""buy_4th_pre_req"": ""173"", ""buy_4th_pre_req_pre"": ""0"", ""buy_5th_pre_bid"": ""+37650"", ""buy_5th_pre_req"": ""634"", ""buy_5th_pre_req_pre"": ""0"", ""buy_6th_pre_bid"": ""+37600"", ""buy_6th_pre_req"": ""1214"", ""buy_6th_pre_req_pre"": ""0"", ""buy_7th_pre_bid"": ""+37550"", ""buy_7th_pre_req"": ""51"", ""buy_7th_pre_req_pre"": ""0"", ""buy_8th_pre_bid"": ""+37500"", ""buy_8th_pre_req"": ""640"", ""buy_8th_pre_req_pre"": ""0"", ""buy_9th_pre_bid"": ""+37450"", ""buy_9th_pre_req"": ""318"", ""buy_9th_pre_req_pre"": ""0"", ""buy_10th_pre_bid"": ""+37400"", ""buy_10th_pre_req"": ""546"", ""buy_10th_pre_req_pre"": ""0"", ""tot_sel_req_jub_pre"": ""+4"", ""tot_sel_req"": ""2370"", ""tot_buy_req"": ""5070"", ""tot_buy_req_jub_pre"": ""0"", ""ovt_sel_req_pre"": ""0"", ""ovt_sel_req"": ""0"", ""ovt_buy_req"": ""0"", ""ovt_buy_req_pre"": ""0"", ""return_code"": 0, ""return_msg"": ""정상적으로 처리되었습니다""}"
2026-06-10,watchlist,011070,,0,filtered_candidate_recheck,1093000,,1093000,1092000,1093000,1093000,-0.09149130832570906,0.09149130832570906,,,,,,"{""bid_req_base_tm"": ""103322"", ""sel_10th_pre_req_pre"": ""0"", ""sel_10th_pre_req"": ""45"", ""sel_10th_pre_bid"": ""-1102000"", ""sel_9th_pre_req_pre"": ""0"", ""sel_9th_pre_req"": ""66"", ""sel_9th_pre_bid"": ""-1101000"", ""sel_8th_pre_req_pre"": ""0"", ""sel_8th_pre_req"": ""121"", ""sel_8th_pre_bid"": ""-1100000"", ""sel_7th_pre_req_pre"": ""0"", ""sel_7th_pre_req"": ""54"", ""sel_7th_pre_bid"": ""-1099000"", ""sel_6th_pre_req_pre"": ""0"", ""sel_6th_pre_req"": ""71"", ""sel_6th_pre_bid"": ""-1098000"", ""sel_5th_pre_req_pre"": ""0"", ""sel_5th_pre_req"": ""79"", ""sel_5th_pre_bid"": ""-1097000"", ""sel_4th_pre_req_pre"": ""0"", ""sel_4th_pre_req"": ""22"", ""sel_4th_pre_bid"": ""-1096000"", ""sel_3th_pre_req_pre"": ""0"", ""sel_3th_pre_req"": ""111"", ""sel_3th_pre_bid"": ""-1095000"", ""sel_2th_pre_req_pre"": ""0"", ""sel_2th_pre_req"": ""107"", ""sel_2th_pre_bid"": ""-1094000"", ""sel_1th_pre_req_pre"": ""0"", ""sel_fpr_req"": ""14"", ""sel_fpr_bid"": ""-1093000"", ""buy_fpr_bid"": ""-1092000"", ""buy_fpr_req"": ""175"", ""buy_1th_pre_req_pre"": ""0"", ""buy_2th_pre_bid"": ""-1091000"", ""buy_2th_pre_req"": ""151"", ""buy_2th_pre_req_pre"": ""0"", ""buy_3th_pre_bid"": ""-1090000"", ""buy_3th_pre_req"": ""197"", ""buy_3th_pre_req_pre"": ""0"", ""buy_4th_pre_bid"": ""-1089000"", ""buy_4th_pre_req"": ""30"", ""buy_4th_pre_req_pre"": ""0"", ""buy_5th_pre_bid"": ""-1088000"", ""buy_5th_pre_req"": ""18"", ""buy_5th_pre_req_pre"": ""0"", ""buy_6th_pre_bid"": ""-1087000"", ""buy_6th_pre_req"": ""56"", ""buy_6th_pre_req_pre"": ""0"", ""buy_7th_pre_bid"": ""-1086000"", ""buy_7th_pre_req"": ""63"", ""buy_7th_pre_req_pre"": ""0"", ""buy_8th_pre_bid"": ""-1085000"", ""buy_8th_pre_req"": ""101"", ""buy_8th_pre_req_pre"": ""0"", ""buy_9th_pre_bid"": ""-1084000"", ""buy_9th_pre_req"": ""89"", ""buy_9th_pre_req_pre"": ""0"", ""buy_10th_pre_bid"": ""-1083000"", ""buy_10th_pre_req"": ""32"", ""buy_10th_pre_req_pre"": ""0"", ""tot_sel_req_jub_pre"": ""0"", ""tot_sel_req"": ""690"", ""tot_buy_req"": ""912"", ""tot_buy_req_jub_pre"": ""0"", ""ovt_sel_req_pre"": ""0"", ""ovt_sel_req"": ""0"", ""ovt_buy_req"": ""0"", ""ovt_buy_req_pre"": ""0"", ""return_code"": 0, ""return_msg"": ""정상적으로 처리되었습니다""}"
2026-06-10,watchlist,088350,,0,filtered_candidate_recheck,4890,,4890,4885,4890,4900,0.10224948875255625,0.10224948875255625,,,,,,"{""bid_req_base_tm"": ""103323"", ""sel_10th_pre_req_pre"": ""0"", ""sel_10th_pre_req"": ""1314"", ""sel_10th_pre_bid"": ""-4940"", ""sel_9th_pre_req_pre"": ""0"", ""sel_9th_pre_req"": ""2912"", ""sel_9th_pre_bid"": ""-4935"", ""sel_8th_pre_req_pre"": ""0"", ""sel_8th_pre_req"": ""1010"", ""sel_8th_pre_bid"": ""-4930"", ""sel_7th_pre_req_pre"": ""0"", ""sel_7th_pre_req"": ""7"", ""sel_7th_pre_bid"": ""-4925"", ""sel_6th_pre_req_pre"": ""0"", ""sel_6th_pre_req"": ""2906"", ""sel_6th_pre_bid"": ""-4920"", ""sel_5th_pre_req_pre"": ""0"", ""sel_5th_pre_req"": ""3"", ""sel_5th_pre_bid"": ""-4915"", ""sel_4th_pre_req_pre"": ""0"", ""sel_4th_pre_req"": ""1564"", ""sel_4th_pre_bid"": ""-4905"", ""sel_3th_pre_req_pre"": ""0"", ""sel_3th_pre_req"": ""310"", ""sel_3th_pre_bid"": ""-4900"", ""sel_2th_pre_req_pre"": ""0"", ""sel_2th_pre_req"": ""1079"", ""sel_2th_pre_bid"": ""-4895"", ""sel_1th_pre_req_pre"": ""0"", ""sel_fpr_req"": ""1200"", ""sel_fpr_bid"": ""-4890"", ""buy_fpr_bid"": ""-4885"", ""buy_fpr_req"": ""1526"", ""buy_1th_pre_req_pre"": ""0"", ""buy_2th_pre_bid"": ""-4880"", ""buy_2th_pre_req"": ""958"", ""buy_2th_pre_req_pre"": ""0"", ""buy_3th_pre_bid"": ""-4875"", ""buy_3th_pre_req"": ""496"", ""buy_3th_pre_req_pre"": ""0"", ""buy_4th_pre_bid"": ""-4870"", ""buy_4th_pre_req"": ""4662"", ""buy_4th_pre_req_pre"": ""+3"", ""buy_5th_pre_bid"": ""-4865"", ""buy_5th_pre_req"": ""4989"", ""buy_5th_pre_req_pre"": ""0"", ""buy_6th_pre_bid"": ""-4860"", ""buy_6th_pre_req"": ""3368"", ""buy_6th_pre_req_pre"": ""0"", ""buy_7th_pre_bid"": ""-4855"", ""buy_7th_pre_req"": ""7256"", ""buy_7th_pre_req_pre"": ""0"", ""buy_8th_pre_bid"": ""-4850"", ""buy_8th_pre_req"": ""17706"", ""buy_8th_pre_req_pre"": ""0"", ""buy_9th_pre_bid"": ""-4845"", ""buy_9th_pre_req"": ""2224"", ""buy_9th_pre_req_pre"": ""0"", ""buy_10th_pre_bid"": ""-4840"", ""buy_10th_pre_req"": ""1357"", ""buy_10th_pre_req_pre"": ""0"", ""tot_sel_req_jub_pre"": ""0"", ""tot_sel_req"": ""12305"", ""tot_buy_req"": ""44542"", ""tot_buy_req_jub_pre"": ""+3"", ""ovt_sel_req_pre"": ""0"", ""ovt_sel_req"": ""0"", ""ovt_buy_req"": ""0"", ""ovt_buy_req_pre"": ""0"", ""return_code"": 0, ""return_msg"": ""정상적으로 처리되었습니다""}"
2026-06-10,scan_candidate,005930,,0,main_scan,308500,,308500,308000,308500,309000,0.0,0.1620745542949757,,,,,,"{""bid_req_base_tm"": ""103509"", ""sel_10th_pre_req_pre"": ""0"", ""sel_10th_pre_req"": ""15059"", ""sel_10th_pre_bid"": ""-313000"", ""sel_9th_pre_req_pre"": ""0"", ""sel_9th_pre_req"": ""14012"", ""sel_9th_pre_bid"": ""-312500"", ""sel_8th_pre_req_pre"": ""0"", ""sel_8th_pre_req"": ""35462"", ""sel_8th_pre_bid"": ""-312000"", ""sel_7th_pre_req_pre"": ""+1"", ""sel_7th_pre_req"": ""12016"", ""sel_7th_pre_bid"": ""-311500"", ""sel_6th_pre_req_pre"": ""0"", ""sel_6th_pre_req"": ""15412"", ""sel_6th_pre_bid"": ""-311000"", ""sel_5th_pre_req_pre"": ""0"", ""sel_5th_pre_req"": ""18326"", ""sel_5th_pre_bid"": ""-310500"", ""sel_4th_pre_req_pre"": ""0"", ""sel_4th_pre_req"": ""15472"", ""sel_4th_pre_bid"": ""-310000"", ""sel_3th_pre_req_pre"": ""--1"", ""sel_3th_pre_req"": ""7829"", ""sel_3th_pre_bid"": ""-309500"", ""sel_2th_pre_req_pre"": ""0"", ""sel_2th_pre_req"": ""8710"", ""sel_2th_pre_bid"": ""-309000"", ""sel_1th_pre_req_pre"": ""--2"", ""sel_fpr_req"": ""27720"", ""sel_fpr_bid"": ""-308500"", ""buy_fpr_bid"": ""-308000"", ""buy_fpr_req"": ""7602"", ""buy_1th_pre_req_pre"": ""--2"", ""buy_2th_pre_bid"": ""-307500"", ""buy_2th_pre_req"": ""1154"", ""buy_2th_pre_req_pre"": ""+20"", ""buy_3th_pre_bid"": ""-307000"", ""buy_3th_pre_req"": ""20121"", ""buy_3th_pre_req_pre"": ""0"", ""buy_4th_pre_bid"": ""-306500"", ""buy_4th_pre_req"": ""17928"", ""buy_4th_pre_req_pre"": ""0"", ""buy_5th_pre_bid"": ""-306000"", ""buy_5th_pre_req"": ""77458"", ""buy_5th_pre_req_pre"": ""+5"", ""buy_6th_pre_bid"": ""-305500"", ""buy_6th_pre_req"": ""94672"", ""buy_6th_pre_req_pre"": ""0"", ""buy_7th_pre_bid"": ""-305000"", ""buy_7th_pre_req"": ""218736"", ""buy_7th_pre_req_pre"": ""0"", ""buy_8th_pre_bid"": ""-304500"", ""buy_8th_pre_req"": ""31611"", ""buy_8th_pre_req_pre"": ""0"", ""buy_9th_pre_bid"": ""-304000"", ""buy_9th_pre_req"": ""46829"", ""buy_9th_pre_req_pre"": ""0"", ""buy_10th_pre_bid"": ""-303500"", ""buy_10th_pre_req"": ""39647"", ""buy_10th_pre_req_pre"": ""0"", ""tot_sel_req_jub_pre"": ""--2"", ""tot_sel_req"": ""170018"", ""tot_buy_req"": ""555758"", ""tot_buy_req_jub_pre"": ""+23"", ""ovt_sel_req_pre"": ""0"", ""ovt_sel_req"": ""0"", ""ovt_buy_req"": ""0"", ""ovt_buy_req_pre"": ""0"", ""return_code"": 0, ""return_msg"": ""정상적으로 처리되었습니다""}"
2026-06-10,scan_candidate,000660,,0,main_scan,2133000,,2133000,2132000,2133000,2136000,0.09376465072667604,0.04688232536333802,,,,,,"{""bid_req_base_tm"": ""103509"", ""sel_10th_pre_req_pre"": ""0"", ""sel_10th_pre_req"": ""123"", ""sel_10th_pre_bid"": ""-2142000"", ""sel_9th_pre_req_pre"": ""0"", ""sel_9th_pre_req"": ""97"", ""sel_9th_pre_bid"": ""-2141000"", ""sel_8th_pre_req_pre"": ""0"", ""sel_8th_pre_req"": ""501"", ""sel_8th_pre_bid"": ""-2140000"", ""sel_7th_pre_req_pre"": ""0"", ""sel_7th_pre_req"": ""30"", ""sel_7th_pre_bid"": ""-2139000"", ""sel_6th_pre_req_pre"": ""0"", ""sel_6th_pre_req"": ""139"", ""sel_6th_pre_bid"": ""-2138000"", ""sel_5th_pre_req_pre"": ""0"", ""sel_5th_pre_req"": ""130"", ""sel_5th_pre_bid"": ""-2137000"", ""sel_4th_pre_req_pre"": ""0"", ""sel_4th_pre_req"": ""16"", ""sel_4th_pre_bid"": ""-2136000"", ""sel_3th_pre_req_pre"": ""0"", ""sel_3th_pre_req"": ""201"", ""sel_3th_pre_bid"": ""-2135000"", ""sel_2th_pre_req_pre"": ""0"", ""sel_2th_pre_req"": ""1"", ""sel_2th_pre_bid"": ""-2134000"", ""sel_1th_pre_req_pre"": ""+11"", ""sel_fpr_req"": ""432"", ""sel_fpr_bid"": ""-2133000"", ""buy_fpr_bid"": ""-2132000"", ""buy_fpr_req"": ""277"", ""buy_1th_pre_req_pre"": ""0"", ""buy_2th_pre_bid"": ""-2131000"", ""buy_2th_pre_req"": ""386"", ""buy_2th_pre_req_pre"": ""0"", ""buy_3th_pre_bid"": ""-2130000"", ""buy_3th_pre_req"": ""1365"", ""buy_3th_pre_req_pre"": ""--10"", ""buy_4th_pre_bid"": ""-2129000"", ""buy_4th_pre_req"": ""446"", ""buy_4th_pre_req_pre"": ""0"", ""buy_5th_pre_bid"": ""-2128000"", ""buy_5th_pre_req"": ""128"", ""buy_5th_pre_req_pre"": ""0"", ""buy_6th_pre_bid"": ""-2127000"", ""buy_6th_pre_req"": ""92"", ""buy_6th_pre_req_pre"": ""0"", ""buy_7th_pre_bid"": ""-2126000"", ""buy_7th_pre_req"": ""254"", ""buy_7th_pre_req_pre"": ""0"", ""buy_8th_pre_bid"": ""-2125000"", ""buy_8th_pre_req"": ""841"", ""buy_8th_pre_req_pre"": ""0"", ""buy_9th_pre_bid"": ""-2124000"", ""buy_9th_pre_req"": ""702"", ""buy_9th_pre_req_pre"": ""0"", ""buy_10th_pre_bid"": ""-2123000"", ""buy_10th_pre_req"": ""656"", ""buy_10th_pre_req_pre"": ""--100"", ""tot_sel_req_jub_pre"": ""+11"", ""tot_sel_req"": ""1670"", ""tot_buy_req"": ""5147"", ""tot_buy_req_jub_pre"": ""--110"", ""ovt_sel_req_pre"": ""0"", ""ovt_sel_req"": ""0"", ""ovt_buy_req"": ""0"", ""ovt_buy_req_pre"": ""0"", ""return_code"": 0, ""return_msg"": ""정상적으로 처리되었습니다""}"
2026-06-10,scan_candidate,402340,,0,main_scan,1224000,,1224000,1223000,1224000,1219000,-0.49019607843137253,0.08169934640522876,,,,,,"{""bid_req_base_tm"": ""103509"", ""sel_10th_pre_req_pre"": ""0"", ""sel_10th_pre_req"": ""67"", ""sel_10th_pre_bid"": ""-1233000"", ""sel_9th_pre_req_pre"": ""0"", ""sel_9th_pre_req"": ""16"", ""sel_9th_pre_bid"": ""-1232000"", ""sel_8th_pre_req_pre"": ""0"", ""sel_8th_pre_req"": ""67"", ""sel_8th_pre_bid"": ""-1231000"", ""sel_7th_pre_req_pre"": ""0"", ""sel_7th_pre_req"": ""81"", ""sel_7th_pre_bid"": ""-1230000"", ""sel_6th_pre_req_pre"": ""0"", ""sel_6th_pre_req"": ""7"", ""sel_6th_pre_bid"": ""-1229000"", ""sel_5th_pre_req_pre"": ""0"", ""sel_5th_pre_req"": ""2"", ""sel_5th_pre_bid"": ""-1228000"", ""sel_4th_pre_req_pre"": ""0"", ""sel_4th_pre_req"": ""201"", ""sel_4th_pre_bid"": ""-1227000"", ""sel_3th_pre_req_pre"": ""0"", ""sel_3th_pre_req"": ""141"", ""sel_3th_pre_bid"": ""-1226000"", ""sel_2th_pre_req_pre"": ""0"", ""sel_2th_pre_req"": ""225"", ""sel_2th_pre_bid"": ""-1225000"", ""sel_1th_pre_req_pre"": ""0"", ""sel_fpr_req"": ""236"", ""sel_fpr_bid"": ""-1224000"", ""buy_fpr_bid"": ""-1223000"", ""buy_fpr_req"": ""17"", ""buy_1th_pre_req_pre"": ""--6"", ""buy_2th_pre_bid"": ""-1222000"", ""buy_2th_pre_req"": ""99"", ""buy_2th_pre_req_pre"": ""0"", ""buy_3th_pre_bid"": ""-1221000"", ""buy_3th_pre_req"": ""17"", ""buy_3th_pre_req_pre"": ""0"", ""buy_4th_pre_bid"": ""-1219000"", ""buy_4th_pre_req"": ""2"", ""buy_4th_pre_req_pre"": ""0"", ""buy_5th_pre_bid"": ""-1218000"", ""buy_5th_pre_req"": ""1"", ""buy_5th_pre_req_pre"": ""0"", ""buy_6th_pre_bid"": ""-1217000"", ""buy_6th_pre_req"": ""14"", ""buy_6th_pre_req_pre"": ""0"", ""buy_7th_pre_bid"": ""-1216000"", ""buy_7th_pre_req"": ""73"", ""buy_7th_pre_req_pre"": ""0"", ""buy_8th_pre_bid"": ""-1215000"", ""buy_8th_pre_req"": ""152"", ""buy_8th_pre_req_pre"": ""0"", ""buy_9th_pre_bid"": ""-1214000"", ""buy_9th_pre_req"": ""23"", ""buy_9th_pre_req_pre"": ""0"", ""buy_10th_pre_bid"": ""-1213000"", ""buy_10th_pre_req"": ""40"", ""buy_10th_pre_req_pre"": ""0"", ""tot_sel_req_jub_pre"": ""0"", ""tot_sel_req"": ""1043"", ""tot_buy_req"": ""438"", ""tot_buy_req_jub_pre"": ""--6"", ""ovt_sel_req_pre"": ""0"", ""ovt_sel_req"": ""0"", ""ovt_buy_req"": ""0"", ""ovt_buy_req_pre"": ""0"", ""return_code"": 0, ""return_msg"": ""정상적으로 처리되었습니다""}"
2026-06-10,scan_candidate,009150,,0,main_scan,1915000,,1915000,1914000,1915000,1912000,-0.20887728459530025,0.05221932114882506,,,,,,"{""bid_req_base_tm"": ""103510"", ""sel_10th_pre_req_pre"": ""0"", ""sel_10th_pre_req"": ""710"", ""sel_10th_pre_bid"": ""-1924000"", ""sel_9th_pre_req_pre"": ""0"", ""sel_9th_pre_req"": ""166"", ""sel_9th_pre_bid"": ""-1923000"", ""sel_8th_pre_req_pre"": ""0"", ""sel_8th_pre_req"": ""121"", ""sel_8th_pre_bid"": ""-1922000"", ""sel_7th_pre_req_pre"": ""0"", ""sel_7th_pre_req"": ""112"", ""sel_7th_pre_bid"": ""-1921000"", ""sel_6th_pre_req_pre"": ""0"", ""sel_6th_pre_req"": ""634"", ""sel_6th_pre_bid"": ""-1920000"", ""sel_5th_pre_req_pre"": ""--5"", ""sel_5th_pre_req"": ""230"", ""sel_5th_pre_bid"": ""-1919000"", ""sel_4th_pre_req_pre"": ""0"", ""sel_4th_pre_req"": ""251"", ""sel_4th_pre_bid"": ""-1918000"", ""sel_3th_pre_req_pre"": ""0"", ""sel_3th_pre_req"": ""59"", ""sel_3th_pre_bid"": ""-1917000"", ""sel_2th_pre_req_pre"": ""0"", ""sel_2th_pre_req"": ""90"", ""sel_2th_pre_bid"": ""-1916000"", ""sel_1th_pre_req_pre"": ""0"", ""sel_fpr_req"": ""149"", ""sel_fpr_bid"": ""-1915000"", ""buy_fpr_bid"": ""-1914000"", ""buy_fpr_req"": ""4"", ""buy_1th_pre_req_pre"": ""0"", ""buy_2th_pre_bid"": ""-1913000"", ""buy_2th_pre_req"": ""25"", ""buy_2th_pre_req_pre"": ""0"", ""buy_3th_pre_bid"": ""-1912000"", ""buy_3th_pre_req"": ""408"", ""buy_3th_pre_req_pre"": ""0"", ""buy_4th_pre_bid"": ""-1911000"", ""buy_4th_pre_req"": ""127"", ""buy_4th_pre_req_pre"": ""0"", ""buy_5th_pre_bid"": ""-1910000"", ""buy_5th_pre_req"": ""57"", ""buy_5th_pre_req_pre"": ""0"", ""buy_6th_pre_bid"": ""-1909000"", ""buy_6th_pre_req"": ""3"", ""buy_6th_pre_req_pre"": ""0"", ""buy_7th_pre_bid"": ""-1908000"", ""buy_7th_pre_req"": ""33"", ""buy_7th_pre_req_pre"": ""0"", ""buy_8th_pre_bid"": ""-1907000"", ""buy_8th_pre_req"": ""118"", ""buy_8th_pre_req_pre"": ""0"", ""buy_9th_pre_bid"": ""-1906000"", ""buy_9th_pre_req"": ""209"", ""buy_9th_pre_req_pre"": ""0"", ""buy_10th_pre_bid"": ""-1905000"", ""buy_10th_pre_req"": ""299"", ""buy_10th_pre_req_pre"": ""0"", ""tot_sel_req_jub_pre"": ""--5"", ""tot_sel_req"": ""2522"", ""tot_buy_req"": ""1283"", ""tot_buy_req_jub_pre"": ""0"", ""ovt_sel_req_pre"": ""0"", ""ovt_sel_req"": ""0"", ""ovt_buy_req"": ""0"", ""ovt_buy_req_pre"": ""0"", ""return_code"": 0, ""return_msg"": ""정상적으로 처리되었습니다""}"
2026-06-10,scan_candidate,032830,,0,main_scan,376000,,376000,375500,376000,375000,-0.39893617021276595,0.13297872340425532,,,,,,"{""bid_req_base_tm"": ""103509"", ""sel_10th_pre_req_pre"": ""0"", ""sel_10th_pre_req"": ""19"", ""sel_10th_pre_bid"": ""-381500"", ""sel_9th_pre_req_pre"": ""0"", ""sel_9th_pre_req"": ""3"", ""sel_9th_pre_bid"": ""-381000"", ""sel_8th_pre_req_pre"": ""0"", ""sel_8th_pre_req"": ""54"", ""sel_8th_pre_bid"": ""-380500"", ""sel_7th_pre_req_pre"": ""0"", ""sel_7th_pre_req"": ""209"", ""sel_7th_pre_bid"": ""-380000"", ""sel_6th_pre_req_pre"": ""0"", ""sel_6th_pre_req"": ""108"", ""sel_6th_pre_bid"": ""-379500"", ""sel_5th_pre_req_pre"": ""0"", ""sel_5th_pre_req"": ""412"", ""sel_5th_pre_bid"": ""-379000"", ""sel_4th_pre_req_pre"": ""0"", ""sel_4th_pre_req"": ""63"", ""sel_4th_pre_bid"": ""-378500"", ""sel_3th_pre_req_pre"": ""0"", ""sel_3th_pre_req"": ""36"", ""sel_3th_pre_bid"": ""-378000"", ""sel_2th_pre_req_pre"": ""0"", ""sel_2th_pre_req"": ""21"", ""sel_2th_pre_bid"": ""-377500"", ""sel_1th_pre_req_pre"": ""0"", ""sel_fpr_req"": ""254"", ""sel_fpr_bid"": ""-376000"", ""buy_fpr_bid"": ""-375500"", ""buy_fpr_req"": ""68"", ""buy_1th_pre_req_pre"": ""+2"", ""buy_2th_pre_bid"": ""-375000"", ""buy_2th_pre_req"": ""39"", ""buy_2th_pre_req_pre"": ""0"", ""buy_3th_pre_bid"": ""-374500"", ""buy_3th_pre_req"": ""78"", ""buy_3th_pre_req_pre"": ""0"", ""buy_4th_pre_bid"": ""-374000"", ""buy_4th_pre_req"": ""1"", ""buy_4th_pre_req_pre"": ""0"", ""buy_5th_pre_bid"": ""-373500"", ""buy_5th_pre_req"": ""25"", ""buy_5th_pre_req_pre"": ""0"", ""buy_6th_pre_bid"": ""-373000"", ""buy_6th_pre_req"": ""19"", ""buy_6th_pre_req_pre"": ""0"", ""buy_7th_pre_bid"": ""-372500"", ""buy_7th_pre_req"": ""16"", ""buy_7th_pre_req_pre"": ""0"", ""buy_8th_pre_bid"": ""-372000"", ""buy_8th_pre_req"": ""68"", ""buy_8th_pre_req_pre"": ""0"", ""buy_9th_pre_bid"": ""-371500"", ""buy_9th_pre_req"": ""49"", ""buy_9th_pre_req_pre"": ""0"", ""buy_10th_pre_bid"": ""-371000"", ""buy_10th_pre_req"": ""59"", ""buy_10th_pre_req_pre"": ""0"", ""tot_sel_req_jub_pre"": ""0"", ""tot_sel_req"": ""1179"", ""tot_buy_req"": ""422"", ""tot_buy_req_jub_pre"": ""+2"", ""ovt_sel_req_pre"": ""0"", ""ovt_sel_req"": ""0"", ""ovt_buy_req"": ""0"", ""ovt_buy_req_pre"": ""0"", ""return_code"": 0, ""return_msg"": ""정상적으로 처리되었습니다""}"
2026-06-10,scan_candidate,012330,,0,main_scan,586000,,586000,584000,586000,585000,-0.3412969283276451,0.3412969283276451,,,,,,"{""bid_req_base_tm"": ""103510"", ""sel_10th_pre_req_pre"": ""0"", ""sel_10th_pre_req"": ""567"", ""sel_10th_pre_bid"": ""595000"", ""sel_9th_pre_req_pre"": ""0"", ""sel_9th_pre_req"": ""62"", ""sel_9th_pre_bid"": ""-594000"", ""sel_8th_pre_req_pre"": ""0"", ""sel_8th_pre_req"": ""185"", ""sel_8th_pre_bid"": ""-593000"", ""sel_7th_pre_req_pre"": ""0"", ""sel_7th_pre_req"": ""590"", ""sel_7th_pre_bid"": ""-592000"", ""sel_6th_pre_req_pre"": ""0"", ""sel_6th_pre_req"": ""123"", ""sel_6th_pre_bid"": ""-591000"", ""sel_5th_pre_req_pre"": ""0"", ""sel_5th_pre_req"": ""256"", ""sel_5th_pre_bid"": ""-590000"", ""sel_4th_pre_req_pre"": ""+1"", ""sel_4th_pre_req"": ""244"", ""sel_4th_pre_bid"": ""-589000"", ""sel_3th_pre_req_pre"": ""0"", ""sel_3th_pre_req"": ""207"", ""sel_3th_pre_bid"": ""-588000"", ""sel_2th_pre_req_pre"": ""0"", ""sel_2th_pre_req"": ""306"", ""sel_2th_pre_bid"": ""-587000"", ""sel_1th_pre_req_pre"": ""+12"", ""sel_fpr_req"": ""122"", ""sel_fpr_bid"": ""-586000"", ""buy_fpr_bid"": ""-584000"", ""buy_fpr_req"": ""77"", ""buy_1th_pre_req_pre"": ""0"", ""buy_2th_pre_bid"": ""-583000"", ""buy_2th_pre_req"": ""12"", ""buy_2th_pre_req_pre"": ""--235"", ""buy_3th_pre_bid"": ""-582000"", ""buy_3th_pre_req"": ""345"", ""buy_3th_pre_req_pre"": ""--45"", ""buy_4th_pre_bid"": ""-581000"", ""buy_4th_pre_req"": ""456"", ""buy_4th_pre_req_pre"": ""+51"", ""buy_5th_pre_bid"": ""-580000"", ""buy_5th_pre_req"": ""796"", ""buy_5th_pre_req_pre"": ""+199"", ""buy_6th_pre_bid"": ""-579000"", ""buy_6th_pre_req"": ""212"", ""buy_6th_pre_req_pre"": ""+30"", ""buy_7th_pre_bid"": ""-578000"", ""buy_7th_pre_req"": ""275"", ""buy_7th_pre_req_pre"": ""0"", ""buy_8th_pre_bid"": ""-577000"", ""buy_8th_pre_req"": ""403"", ""buy_8th_pre_req_pre"": ""0"", ""buy_9th_pre_bid"": ""-576000"", ""buy_9th_pre_req"": ""890"", ""buy_9th_pre_req_pre"": ""0"", ""buy_10th_pre_bid"": ""-575000"", ""buy_10th_pre_req"": ""1252"", ""buy_10th_pre_req_pre"": ""0"", ""tot_sel_req_jub_pre"": ""+13"", ""tot_sel_req"": ""2662"", ""tot_buy_req"": ""4718"", ""tot_buy_req_jub_pre"": ""0"", ""ovt_sel_req_pre"": ""0"", ""ovt_sel_req"": ""0"", ""ovt_buy_req"": ""0"", ""ovt_buy_req_pre"": ""0"", ""return_code"": 0, ""return_msg"": ""정상적으로 처리되었습니다""}"
2026-06-10,scan_candidate,055550,,0,main_scan,100000,,100000,99900,100000,99700,-0.4,0.1,,,,,,"{""bid_req_base_tm"": ""103510"", ""sel_10th_pre_req_pre"": ""0"", ""sel_10th_pre_req"": ""320"", ""sel_10th_pre_bid"": ""-100900"", ""sel_9th_pre_req_pre"": ""0"", ""sel_9th_pre_req"": ""1115"", ""sel_9th_pre_bid"": ""-100800"", ""sel_8th_pre_req_pre"": ""0"", ""sel_8th_pre_req"": ""131"", ""sel_8th_pre_bid"": ""-100700"", ""sel_7th_pre_req_pre"": ""0"", ""sel_7th_pre_req"": ""127"", ""sel_7th_pre_bid"": ""-100600"", ""sel_6th_pre_req_pre"": ""0"", ""sel_6th_pre_req"": ""1483"", ""sel_6th_pre_bid"": ""-100500"", ""sel_5th_pre_req_pre"": ""0"", ""sel_5th_pre_req"": ""1406"", ""sel_5th_pre_bid"": ""-100400"", ""sel_4th_pre_req_pre"": ""0"", ""sel_4th_pre_req"": ""402"", ""sel_4th_pre_bid"": ""-100300"", ""sel_3th_pre_req_pre"": ""0"", ""sel_3th_pre_req"": ""992"", ""sel_3th_pre_bid"": ""-100200"", ""sel_2th_pre_req_pre"": ""0"", ""sel_2th_pre_req"": ""210"", ""sel_2th_pre_bid"": ""-100100"", ""sel_1th_pre_req_pre"": ""+150"", ""sel_fpr_req"": ""217"", ""sel_fpr_bid"": ""-100000"", ""buy_fpr_bid"": ""-99900"", ""buy_fpr_req"": ""419"", ""buy_1th_pre_req_pre"": ""0"", ""buy_2th_pre_bid"": ""-99800"", ""buy_2th_pre_req"": ""646"", ""buy_2th_pre_req_pre"": ""0"", ""buy_3th_pre_bid"": ""-99700"", ""buy_3th_pre_req"": ""23"", ""buy_3th_pre_req_pre"": ""0"", ""buy_4th_pre_bid"": ""-99600"", ""buy_4th_pre_req"": ""997"", ""buy_4th_pre_req_pre"": ""0"", ""buy_5th_pre_bid"": ""-99500"", ""buy_5th_pre_req"": ""629"", ""buy_5th_pre_req_pre"": ""0"", ""buy_6th_pre_bid"": ""-99400"", ""buy_6th_pre_req"": ""600"", ""buy_6th_pre_req_pre"": ""0"", ""buy_7th_pre_bid"": ""-99300"", ""buy_7th_pre_req"": ""107"", ""buy_7th_pre_req_pre"": ""0"", ""buy_8th_pre_bid"": ""-99200"", ""buy_8th_pre_req"": ""138"", ""buy_8th_pre_req_pre"": ""0"", ""buy_9th_pre_bid"": ""-99100"", ""buy_9th_pre_req"": ""147"", ""buy_9th_pre_req_pre"": ""0"", ""buy_10th_pre_bid"": ""-99000"", ""buy_10th_pre_req"": ""445"", ""buy_10th_pre_req_pre"": ""0"", ""tot_sel_req_jub_pre"": ""+150"", ""tot_sel_req"": ""6403"", ""tot_buy_req"": ""4151"", ""tot_buy_req_jub_pre"": ""0"", ""ovt_sel_req_pre"": ""0"", ""ovt_sel_req"": ""0"", ""ovt_buy_req"": ""0"", ""ovt_buy_req_pre"": ""0"", ""return_code"": 0, ""return_msg"": ""정상적으로 처리되었습니다""}"
2026-06-10,scan_candidate,034730,,0,main_scan,591000,,591000,590000,591000,587000,-0.8460236886632826,0.1692047377326565,,,,,,"{""bid_req_base_tm"": ""103510"", ""sel_10th_pre_req_pre"": ""0"", ""sel_10th_pre_req"": ""360"", ""sel_10th_pre_bid"": ""+600000"", ""sel_9th_pre_req_pre"": ""0"", ""sel_9th_pre_req"": ""131"", ""sel_9th_pre_bid"": ""+599000"", ""sel_8th_pre_req_pre"": ""0"", ""sel_8th_pre_req"": ""139"", ""sel_8th_pre_bid"": ""+598000"", ""sel_7th_pre_req_pre"": ""0"", ""sel_7th_pre_req"": ""121"", ""sel_7th_pre_bid"": ""+597000"", ""sel_6th_pre_req_pre"": ""0"", ""sel_6th_pre_req"": ""209"", ""sel_6th_pre_bid"": ""+596000"", ""sel_5th_pre_req_pre"": ""0"", ""sel_5th_pre_req"": ""279"", ""sel_5th_pre_bid"": ""+595000"", ""sel_4th_pre_req_pre"": ""0"", ""sel_4th_pre_req"": ""298"", ""sel_4th_pre_bid"": ""594000"", ""sel_3th_pre_req_pre"": ""0"", ""sel_3th_pre_req"": ""216"", ""sel_3th_pre_bid"": ""-593000"", ""sel_2th_pre_req_pre"": ""0"", ""sel_2th_pre_req"": ""107"", ""sel_2th_pre_bid"": ""-592000"", ""sel_1th_pre_req_pre"": ""--1"", ""sel_fpr_req"": ""37"", ""sel_fpr_bid"": ""-591000"", ""buy_fpr_bid"": ""-590000"", ""buy_fpr_req"": ""28"", ""buy_1th_pre_req_pre"": ""--3"", ""buy_2th_pre_bid"": ""-589000"", ""buy_2th_pre_req"": ""29"", ""buy_2th_pre_req_pre"": ""0"", ""buy_3th_pre_bid"": ""-588000"", ""buy_3th_pre_req"": ""241"", ""buy_3th_pre_req_pre"": ""0"", ""buy_4th_pre_bid"": ""-587000"", ""buy_4th_pre_req"": ""39"", ""buy_4th_pre_req_pre"": ""0"", ""buy_5th_pre_bid"": ""-586000"", ""buy_5th_pre_req"": ""17"", ""buy_5th_pre_req_pre"": ""0"", ""buy_6th_pre_bid"": ""-585000"", ""buy_6th_pre_req"": ""59"", ""buy_6th_pre_req_pre"": ""0"", ""buy_7th_pre_bid"": ""-584000"", ""buy_7th_pre_req"": ""1"", ""buy_7th_pre_req_pre"": ""0"", ""buy_8th_pre_bid"": ""-583000"", ""buy_8th_pre_req"": ""13"", ""buy_8th_pre_req_pre"": ""0"", ""buy_9th_pre_bid"": ""-582000"", ""buy_9th_pre_req"": ""91"", ""buy_9th_pre_req_pre"": ""0"", ""buy_10th_pre_bid"": ""-581000"", ""buy_10th_pre_req"": ""111"", ""buy_10th_pre_req_pre"": ""0"", ""tot_sel_req_jub_pre"": ""--1"", ""tot_sel_req"": ""1897"", ""tot_buy_req"": ""629"", ""tot_buy_req_jub_pre"": ""--3"", ""ovt_sel_req_pre"": ""0"", ""ovt_sel_req"": ""0"", ""ovt_buy_req"": ""0"", ""ovt_buy_req_pre"": ""0"", ""return_code"": 0, ""return_msg"": ""정상적으로 처리되었습니다""}"
2026-06-10,scan_candidate,066570,,0,main_scan,232500,,232500,232000,232500,234000,0.43010752688172044,0.21505376344086022,,,,,,"{""bid_req_base_tm"": ""103510"", ""sel_10th_pre_req_pre"": ""0"", ""sel_10th_pre_req"": ""1554"", ""sel_10th_pre_bid"": ""-237000"", ""sel_9th_pre_req_pre"": ""0"", ""sel_9th_pre_req"": ""1322"", ""sel_9th_pre_bid"": ""-236500"", ""sel_8th_pre_req_pre"": ""0"", ""sel_8th_pre_req"": ""2904"", ""sel_8th_pre_bid"": ""-236000"", ""sel_7th_pre_req_pre"": ""0"", ""sel_7th_pre_req"": ""2282"", ""sel_7th_pre_bid"": ""-235500"", ""sel_6th_pre_req_pre"": ""--2"", ""sel_6th_pre_req"": ""3140"", ""sel_6th_pre_bid"": ""-235000"", ""sel_5th_pre_req_pre"": ""+2"", ""sel_5th_pre_req"": ""1799"", ""sel_5th_pre_bid"": ""-234500"", ""sel_4th_pre_req_pre"": ""0"", ""sel_4th_pre_req"": ""1232"", ""sel_4th_pre_bid"": ""-234000"", ""sel_3th_pre_req_pre"": ""0"", ""sel_3th_pre_req"": ""1387"", ""sel_3th_pre_bid"": ""-233500"", ""sel_2th_pre_req_pre"": ""0"", ""sel_2th_pre_req"": ""2903"", ""sel_2th_pre_bid"": ""-233000"", ""sel_1th_pre_req_pre"": ""0"", ""sel_fpr_req"": ""1624"", ""sel_fpr_bid"": ""-232500"", ""buy_fpr_bid"": ""-232000"", ""buy_fpr_req"": ""1947"", ""buy_1th_pre_req_pre"": ""0"", ""buy_2th_pre_bid"": ""-231500"", ""buy_2th_pre_req"": ""7297"", ""buy_2th_pre_req_pre"": ""0"", ""buy_3th_pre_bid"": ""-231000"", ""buy_3th_pre_req"": ""11251"", ""buy_3th_pre_req_pre"": ""0"", ""buy_4th_pre_bid"": ""-230500"", ""buy_4th_pre_req"": ""15630"", ""buy_4th_pre_req_pre"": ""0"", ""buy_5th_pre_bid"": ""-230000"", ""buy_5th_pre_req"": ""40608"", ""buy_5th_pre_req_pre"": ""0"", ""buy_6th_pre_bid"": ""-229500"", ""buy_6th_pre_req"": ""5372"", ""buy_6th_pre_req_pre"": ""0"", ""buy_7th_pre_bid"": ""-229000"", ""buy_7th_pre_req"": ""7516"", ""buy_7th_pre_req_pre"": ""0"", ""buy_8th_pre_bid"": ""-228500"", ""buy_8th_pre_req"": ""6294"", ""buy_8th_pre_req_pre"": ""0"", ""buy_9th_pre_bid"": ""-228000"", ""buy_9th_pre_req"": ""11227"", ""buy_9th_pre_req_pre"": ""0"", ""buy_10th_pre_bid"": ""-227500"", ""buy_10th_pre_req"": ""3996"", ""buy_10th_pre_req_pre"": ""0"", ""tot_sel_req_jub_pre"": ""0"", ""tot_sel_req"": ""20147"", ""tot_buy_req"": ""111138"", ""tot_buy_req_jub_pre"": ""0"", ""ovt_sel_req_pre"": ""0"", ""ovt_sel_req"": ""0"", ""ovt_buy_req"": ""0"", ""ovt_buy_req_pre"": ""0"", ""return_code"": 0, ""return_msg"": ""정상적으로 처리되었습니다""}"
2026-06-10,scan_candidate,035420,,0,main_scan,236500,,236500,236000,236500,237500,0.21141649048625794,0.21141649048625794,,,,,,"{""bid_req_base_tm"": ""103511"", ""sel_10th_pre_req_pre"": ""0"", ""sel_10th_pre_req"": ""2707"", ""sel_10th_pre_bid"": ""-241000"", ""sel_9th_pre_req_pre"": ""0"", ""sel_9th_pre_req"": ""3409"", ""sel_9th_pre_bid"": ""-240500"", ""sel_8th_pre_req_pre"": ""0"", ""sel_8th_pre_req"": ""4305"", ""sel_8th_pre_bid"": ""-240000"", ""sel_7th_pre_req_pre"": ""0"", ""sel_7th_pre_req"": ""2923"", ""sel_7th_pre_bid"": ""-239500"", ""sel_6th_pre_req_pre"": ""0"", ""sel_6th_pre_req"": ""3337"", ""sel_6th_pre_bid"": ""-239000"", ""sel_5th_pre_req_pre"": ""0"", ""sel_5th_pre_req"": ""1665"", ""sel_5th_pre_bid"": ""-238500"", ""sel_4th_pre_req_pre"": ""0"", ""sel_4th_pre_req"": ""2433"", ""sel_4th_pre_bid"": ""-238000"", ""sel_3th_pre_req_pre"": ""0"", ""sel_3th_pre_req"": ""4559"", ""sel_3th_pre_bid"": ""-237500"", ""sel_2th_pre_req_pre"": ""0"", ""sel_2th_pre_req"": ""4306"", ""sel_2th_pre_bid"": ""-237000"", ""sel_1th_pre_req_pre"": ""--2"", ""sel_fpr_req"": ""3782"", ""sel_fpr_bid"": ""-236500"", ""buy_fpr_bid"": ""-236000"", ""buy_fpr_req"": ""1168"", ""buy_1th_pre_req_pre"": ""0"", ""buy_2th_pre_bid"": ""-235500"", ""buy_2th_pre_req"": ""4313"", ""buy_2th_pre_req_pre"": ""+1"", ""buy_3th_pre_bid"": ""-235000"", ""buy_3th_pre_req"": ""26245"", ""buy_3th_pre_req_pre"": ""0"", ""buy_4th_pre_bid"": ""-234500"", ""buy_4th_pre_req"": ""54338"", ""buy_4th_pre_req_pre"": ""0"", ""buy_5th_pre_bid"": ""-234000"", ""buy_5th_pre_req"": ""8548"", ""buy_5th_pre_req_pre"": ""+3"", ""buy_6th_pre_bid"": ""-233500"", ""buy_6th_pre_req"": ""7578"", ""buy_6th_pre_req_pre"": ""0"", ""buy_7th_pre_bid"": ""-233000"", ""buy_7th_pre_req"": ""8932"", ""buy_7th_pre_req_pre"": ""0"", ""buy_8th_pre_bid"": ""-232500"", ""buy_8th_pre_req"": ""8730"", ""buy_8th_pre_req_pre"": ""0"", ""buy_9th_pre_bid"": ""-232000"", ""buy_9th_pre_req"": ""10709"", ""buy_9th_pre_req_pre"": ""0"", ""buy_10th_pre_bid"": ""-231500"", ""buy_10th_pre_req"": ""8796"", ""buy_10th_pre_req_pre"": ""0"", ""tot_sel_req_jub_pre"": ""--2"", ""tot_sel_req"": ""33426"", ""tot_buy_req"": ""139357"", ""tot_buy_req_jub_pre"": ""+4"", ""ovt_sel_req_pre"": ""0"", ""ovt_sel_req"": ""0"", ""ovt_buy_req"": ""0"", ""ovt_buy_req_pre"": ""0"", ""return_code"": 0, ""return_msg"": ""정상적으로 처리되었습니다""}"
2026-06-10,scan_candidate,267260,,0,main_scan,1028000,,1028000,1027000,1028000,1027000,-0.19455252918287938,0.09727626459143969,,,,,,"{""bid_req_base_tm"": ""103510"", ""sel_10th_pre_req_pre"": ""0"", ""sel_10th_pre_req"": ""52"", ""sel_10th_pre_bid"": ""+1037000"", ""sel_9th_pre_req_pre"": ""0"", ""sel_9th_pre_req"": ""14"", ""sel_9th_pre_bid"": ""+1036000"", ""sel_8th_pre_req_pre"": ""0"", ""sel_8th_pre_req"": ""249"", ""sel_8th_pre_bid"": ""+1035000"", ""sel_7th_pre_req_pre"": ""+3"", ""sel_7th_pre_req"": ""47"", ""sel_7th_pre_bid"": ""+1034000"", ""sel_6th_pre_req_pre"": ""0"", ""sel_6th_pre_req"": ""76"", ""sel_6th_pre_bid"": ""+1033000"", ""sel_5th_pre_req_pre"": ""0"", ""sel_5th_pre_req"": ""62"", ""sel_5th_pre_bid"": ""+1032000"", ""sel_4th_pre_req_pre"": ""0"", ""sel_4th_pre_req"": ""215"", ""sel_4th_pre_bid"": ""+1031000"", ""sel_3th_pre_req_pre"": ""+1"", ""sel_3th_pre_req"": ""21"", ""sel_3th_pre_bid"": ""+1030000"", ""sel_2th_pre_req_pre"": ""0"", ""sel_2th_pre_req"": ""162"", ""sel_2th_pre_bid"": ""+1029000"", ""sel_1th_pre_req_pre"": ""0"", ""sel_fpr_req"": ""131"", ""sel_fpr_bid"": ""+1028000"", ""buy_fpr_bid"": ""+1027000"", ""buy_fpr_req"": ""10"", ""buy_1th_pre_req_pre"": ""0"", ""buy_2th_pre_bid"": ""+1026000"", ""buy_2th_pre_req"": ""14"", ""buy_2th_pre_req_pre"": ""0"", ""buy_3th_pre_bid"": ""+1025000"", ""buy_3th_pre_req"": ""302"", ""buy_3th_pre_req_pre"": ""0"", ""buy_4th_pre_bid"": ""+1023000"", ""buy_4th_pre_req"": ""1"", ""buy_4th_pre_req_pre"": ""0"", ""buy_5th_pre_bid"": ""+1022000"", ""buy_5th_pre_req"": ""11"", ""buy_5th_pre_req_pre"": ""0"", ""buy_6th_pre_bid"": ""+1021000"", ""buy_6th_pre_req"": ""1"", ""buy_6th_pre_req_pre"": ""0"", ""buy_7th_pre_bid"": ""+1020000"", ""buy_7th_pre_req"": ""22"", ""buy_7th_pre_req_pre"": ""0"", ""buy_8th_pre_bid"": ""+1019000"", ""buy_8th_pre_req"": ""45"", ""buy_8th_pre_req_pre"": ""0"", ""buy_9th_pre_bid"": ""+1018000"", ""buy_9th_pre_req"": ""311"", ""buy_9th_pre_req_pre"": ""0"", ""buy_10th_pre_bid"": ""+1017000"", ""buy_10th_pre_req"": ""409"", ""buy_10th_pre_req_pre"": ""0"", ""tot_sel_req_jub_pre"": ""+4"", ""tot_sel_req"": ""1029"", ""tot_buy_req"": ""1126"", ""tot_buy_req_jub_pre"": ""0"", ""ovt_sel_req_pre"": ""0"", ""ovt_sel_req"": ""0"", ""ovt_buy_req"": ""0"", ""ovt_buy_req_pre"": ""0"", ""return_code"": 0, ""return_msg"": ""정상적으로 처리되었습니다""}"
2026-06-10,scan_candidate,086790,,0,main_scan,119600,,119600,119400,119600,119000,-0.919732441471572,0.16722408026755853,,,,,,"{""bid_req_base_tm"": ""103510"", ""sel_10th_pre_req_pre"": ""0"", ""sel_10th_pre_req"": ""767"", ""sel_10th_pre_bid"": ""+120500"", ""sel_9th_pre_req_pre"": ""0"", ""sel_9th_pre_req"": ""1169"", ""sel_9th_pre_bid"": ""+120400"", ""sel_8th_pre_req_pre"": ""0"", ""sel_8th_pre_req"": ""603"", ""sel_8th_pre_bid"": ""+120300"", ""sel_7th_pre_req_pre"": ""0"", ""sel_7th_pre_req"": ""228"", ""sel_7th_pre_bid"": ""+120200"", ""sel_6th_pre_req_pre"": ""0"", ""sel_6th_pre_req"": ""188"", ""sel_6th_pre_bid"": ""+120100"", ""sel_5th_pre_req_pre"": ""0"", ""sel_5th_pre_req"": ""374"", ""sel_5th_pre_bid"": ""+120000"", ""sel_4th_pre_req_pre"": ""0"", ""sel_4th_pre_req"": ""60"", ""sel_4th_pre_bid"": ""+119900"", ""sel_3th_pre_req_pre"": ""+200"", ""sel_3th_pre_req"": ""208"", ""sel_3th_pre_bid"": ""+119800"", ""sel_2th_pre_req_pre"": ""+326"", ""sel_2th_pre_req"": ""611"", ""sel_2th_pre_bid"": ""+119700"", ""sel_1th_pre_req_pre"": ""--526"", ""sel_fpr_req"": ""119"", ""sel_fpr_bid"": ""+119600"", ""buy_fpr_bid"": ""+119400"", ""buy_fpr_req"": ""99"", ""buy_1th_pre_req_pre"": ""0"", ""buy_2th_pre_bid"": ""+119300"", ""buy_2th_pre_req"": ""2"", ""buy_2th_pre_req_pre"": ""0"", ""buy_3th_pre_bid"": ""+119100"", ""buy_3th_pre_req"": ""129"", ""buy_3th_pre_req_pre"": ""0"", ""buy_4th_pre_bid"": ""119000"", ""buy_4th_pre_req"": ""528"", ""buy_4th_pre_req_pre"": ""0"", ""buy_5th_pre_bid"": ""-118900"", ""buy_5th_pre_req"": ""62"", ""buy_5th_pre_req_pre"": ""0"", ""buy_6th_pre_bid"": ""-118800"", ""buy_6th_pre_req"": ""67"", ""buy_6th_pre_req_pre"": ""0"", ""buy_7th_pre_bid"": ""-118700"", ""buy_7th_pre_req"": ""86"", ""buy_7th_pre_req_pre"": ""0"", ""buy_8th_pre_bid"": ""-118600"", ""buy_8th_pre_req"": ""192"", ""buy_8th_pre_req_pre"": ""0"", ""buy_9th_pre_bid"": ""-118500"", ""buy_9th_pre_req"": ""187"", ""buy_9th_pre_req_pre"": ""0"", ""buy_10th_pre_bid"": ""-118400"", ""buy_10th_pre_req"": ""554"", ""buy_10th_pre_req_pre"": ""0"", ""tot_sel_req_jub_pre"": ""0"", ""tot_sel_req"": ""4327"", ""tot_buy_req"": ""1906"", ""tot_buy_req_jub_pre"": ""0"", ""ovt_sel_req_pre"": ""0"", ""ovt_sel_req"": ""0"", ""ovt_buy_req"": ""0"", ""ovt_buy_req_pre"": ""0"", ""return_code"": 0, ""return_msg"": ""정상적으로 처리되었습니다""}"
2026-06-10,scan_candidate,298040,,0,main_scan,3566000,,3566000,3565000,3566000,3564000,-0.08412787436904094,0.028042624789680313,,,,,,"{""bid_req_base_tm"": ""103511"", ""sel_10th_pre_req_pre"": ""0"", ""sel_10th_pre_req"": ""12"", ""sel_10th_pre_bid"": ""+3582000"", ""sel_9th_pre_req_pre"": ""0"", ""sel_9th_pre_req"": ""1"", ""sel_9th_pre_bid"": ""+3581000"", ""sel_8th_pre_req_pre"": ""0"", ""sel_8th_pre_req"": ""7"", ""sel_8th_pre_bid"": ""+3580000"", ""sel_7th_pre_req_pre"": ""0"", ""sel_7th_pre_req"": ""12"", ""sel_7th_pre_bid"": ""+3579000"", ""sel_6th_pre_req_pre"": ""0"", ""sel_6th_pre_req"": ""1"", ""sel_6th_pre_bid"": ""+3578000"", ""sel_5th_pre_req_pre"": ""0"", ""sel_5th_pre_req"": ""1"", ""sel_5th_pre_bid"": ""+3576000"", ""sel_4th_pre_req_pre"": ""0"", ""sel_4th_pre_req"": ""1"", ""sel_4th_pre_bid"": ""+3573000"", ""sel_3th_pre_req_pre"": ""0"", ""sel_3th_pre_req"": ""4"", ""sel_3th_pre_bid"": ""+3568000"", ""sel_2th_pre_req_pre"": ""0"", ""sel_2th_pre_req"": ""10"", ""sel_2th_pre_bid"": ""+3567000"", ""sel_1th_pre_req_pre"": ""0"", ""sel_fpr_req"": ""4"", ""sel_fpr_bid"": ""+3566000"", ""buy_fpr_bid"": ""+3565000"", ""buy_fpr_req"": ""9"", ""buy_1th_pre_req_pre"": ""+2"", ""buy_2th_pre_bid"": ""+3564000"", ""buy_2th_pre_req"": ""2"", ""buy_2th_pre_req_pre"": ""0"", ""buy_3th_pre_bid"": ""+3556000"", ""buy_3th_pre_req"": ""1"", ""buy_3th_pre_req_pre"": ""0"", ""buy_4th_pre_bid"": ""+3555000"", ""buy_4th_pre_req"": ""3"", ""buy_4th_pre_req_pre"": ""0"", ""buy_5th_pre_bid"": ""+3553000"", ""buy_5th_pre_req"": ""1"", ""buy_5th_pre_req_pre"": ""0"", ""buy_6th_pre_bid"": ""+3552000"", ""buy_6th_pre_req"": ""4"", ""buy_6th_pre_req_pre"": ""0"", ""buy_7th_pre_bid"": ""+3551000"", ""buy_7th_pre_req"": ""6"", ""buy_7th_pre_req_pre"": ""0"", ""buy_8th_pre_bid"": ""+3550000"", ""buy_8th_pre_req"": ""19"", ""buy_8th_pre_req_pre"": ""0"", ""buy_9th_pre_bid"": ""+3549000"", ""buy_9th_pre_req"": ""2"", ""buy_9th_pre_req_pre"": ""0"", ""buy_10th_pre_bid"": ""+3547000"", ""buy_10th_pre_req"": ""48"", ""buy_10th_pre_req_pre"": ""0"", ""tot_sel_req_jub_pre"": ""0"", ""tot_sel_req"": ""53"", ""tot_buy_req"": ""95"", ""tot_buy_req_jub_pre"": ""+2"", ""ovt_sel_req_pre"": ""0"", ""ovt_sel_req"": ""0"", ""ovt_buy_req"": ""0"", ""ovt_buy_req_pre"": ""0"", ""return_code"": 0, ""return_msg"": ""정상적으로 처리되었습니다""}"
2026-06-10,scan_candidate,000810,,0,main_scan,620000,,620000,619000,620000,616000,-0.8064516129032258,0.16129032258064516,,,,,,"{""bid_req_base_tm"": ""103511"", ""sel_10th_pre_req_pre"": ""0"", ""sel_10th_pre_req"": ""36"", ""sel_10th_pre_bid"": ""-629000"", ""sel_9th_pre_req_pre"": ""0"", ""sel_9th_pre_req"": ""23"", ""sel_9th_pre_bid"": ""-628000"", ""sel_8th_pre_req_pre"": ""0"", ""sel_8th_pre_req"": ""15"", ""sel_8th_pre_bid"": ""-627000"", ""sel_7th_pre_req_pre"": ""0"", ""sel_7th_pre_req"": ""23"", ""sel_7th_pre_bid"": ""-626000"", ""sel_6th_pre_req_pre"": ""0"", ""sel_6th_pre_req"": ""7"", ""sel_6th_pre_bid"": ""-625000"", ""sel_5th_pre_req_pre"": ""0"", ""sel_5th_pre_req"": ""11"", ""sel_5th_pre_bid"": ""-624000"", ""sel_4th_pre_req_pre"": ""0"", ""sel_4th_pre_req"": ""315"", ""sel_4th_pre_bid"": ""-623000"", ""sel_3th_pre_req_pre"": ""0"", ""sel_3th_pre_req"": ""161"", ""sel_3th_pre_bid"": ""-622000"", ""sel_2th_pre_req_pre"": ""0"", ""sel_2th_pre_req"": ""173"", ""sel_2th_pre_bid"": ""-621000"", ""sel_1th_pre_req_pre"": ""--10"", ""sel_fpr_req"": ""376"", ""sel_fpr_bid"": ""-620000"", ""buy_fpr_bid"": ""-619000"", ""buy_fpr_req"": ""268"", ""buy_1th_pre_req_pre"": ""0"", ""buy_2th_pre_bid"": ""-618000"", ""buy_2th_pre_req"": ""120"", ""buy_2th_pre_req_pre"": ""0"", ""buy_3th_pre_bid"": ""-617000"", ""buy_3th_pre_req"": ""26"", ""buy_3th_pre_req_pre"": ""0"", ""buy_4th_pre_bid"": ""-616000"", ""buy_4th_pre_req"": ""120"", ""buy_4th_pre_req_pre"": ""0"", ""buy_5th_pre_bid"": ""-615000"", ""buy_5th_pre_req"": ""40"", ""buy_5th_pre_req_pre"": ""0"", ""buy_6th_pre_bid"": ""-614000"", ""buy_6th_pre_req"": ""52"", ""buy_6th_pre_req_pre"": ""0"", ""buy_7th_pre_bid"": ""-613000"", ""buy_7th_pre_req"": ""21"", ""buy_7th_pre_req_pre"": ""0"", ""buy_8th_pre_bid"": ""-612000"", ""buy_8th_pre_req"": ""11"", ""buy_8th_pre_req_pre"": ""0"", ""buy_9th_pre_bid"": ""-611000"", ""buy_9th_pre_req"": ""8"", ""buy_9th_pre_req_pre"": ""0"", ""buy_10th_pre_bid"": ""-610000"", ""buy_10th_pre_req"": ""67"", ""buy_10th_pre_req_pre"": ""0"", ""tot_sel_req_jub_pre"": ""--10"", ""tot_sel_req"": ""1140"", ""tot_buy_req"": ""733"", ""tot_buy_req_jub_pre"": ""0"", ""ovt_sel_req_pre"": ""0"", ""ovt_sel_req"": ""0"", ""ovt_buy_req"": ""0"", ""ovt_buy_req_pre"": ""0"", ""return_code"": 0, ""return_msg"": ""정상적으로 처리되었습니다""}"
2026-06-10,scan_candidate,011070,,0,main_scan,1096000,,1096000,1095000,1096000,1095000,-0.18248175182481752,0.09124087591240876,,,,,,"{""bid_req_base_tm"": ""103511"", ""sel_10th_pre_req_pre"": ""0"", ""sel_10th_pre_req"": ""54"", ""sel_10th_pre_bid"": ""-1105000"", ""sel_9th_pre_req_pre"": ""0"", ""sel_9th_pre_req"": ""72"", ""sel_9th_pre_bid"": ""-1104000"", ""sel_8th_pre_req_pre"": ""0"", ""sel_8th_pre_req"": ""36"", ""sel_8th_pre_bid"": ""-1103000"", ""sel_7th_pre_req_pre"": ""0"", ""sel_7th_pre_req"": ""51"", ""sel_7th_pre_bid"": ""-1102000"", ""sel_6th_pre_req_pre"": ""0"", ""sel_6th_pre_req"": ""64"", ""sel_6th_pre_bid"": ""-1101000"", ""sel_5th_pre_req_pre"": ""0"", ""sel_5th_pre_req"": ""111"", ""sel_5th_pre_bid"": ""-1100000"", ""sel_4th_pre_req_pre"": ""0"", ""sel_4th_pre_req"": ""79"", ""sel_4th_pre_bid"": ""-1099000"", ""sel_3th_pre_req_pre"": ""0"", ""sel_3th_pre_req"": ""62"", ""sel_3th_pre_bid"": ""-1098000"", ""sel_2th_pre_req_pre"": ""0"", ""sel_2th_pre_req"": ""101"", ""sel_2th_pre_bid"": ""-1097000"", ""sel_1th_pre_req_pre"": ""0"", ""sel_fpr_req"": ""24"", ""sel_fpr_bid"": ""-1096000"", ""buy_fpr_bid"": ""-1095000"", ""buy_fpr_req"": ""2"", ""buy_1th_pre_req_pre"": ""0"", ""buy_2th_pre_bid"": ""-1094000"", ""buy_2th_pre_req"": ""99"", ""buy_2th_pre_req_pre"": ""0"", ""buy_3th_pre_bid"": ""-1093000"", ""buy_3th_pre_req"": ""182"", ""buy_3th_pre_req_pre"": ""0"", ""buy_4th_pre_bid"": ""-1092000"", ""buy_4th_pre_req"": ""13"", ""buy_4th_pre_req_pre"": ""0"", ""buy_5th_pre_bid"": ""-1091000"", ""buy_5th_pre_req"": ""56"", ""buy_5th_pre_req_pre"": ""0"", ""buy_6th_pre_bid"": ""-1090000"", ""buy_6th_pre_req"": ""132"", ""buy_6th_pre_req_pre"": ""0"", ""buy_7th_pre_bid"": ""-1089000"", ""buy_7th_pre_req"": ""19"", ""buy_7th_pre_req_pre"": ""0"", ""buy_8th_pre_bid"": ""-1088000"", ""buy_8th_pre_req"": ""12"", ""buy_8th_pre_req_pre"": ""0"", ""buy_9th_pre_bid"": ""-1087000"", ""buy_9th_pre_req"": ""44"", ""buy_9th_pre_req_pre"": ""0"", ""buy_10th_pre_bid"": ""-1086000"", ""buy_10th_pre_req"": ""14"", ""buy_10th_pre_req_pre"": ""0"", ""tot_sel_req_jub_pre"": ""0"", ""tot_sel_req"": ""654"", ""tot_buy_req"": ""573"", ""tot_buy_req_jub_pre"": ""0"", ""ovt_sel_req_pre"": ""0"", ""ovt_sel_req"": ""0"", ""ovt_buy_req"": ""0"", ""ovt_buy_req_pre"": ""0"", ""return_code"": 0, ""return_msg"": ""정상적으로 처리되었습니다""}"
2026-06-10,scan_candidate,042700,,0,main_scan,287500,,287500,287000,287500,285500,-0.8695652173913043,0.17391304347826086,,,,,,"{""bid_req_base_tm"": ""103512"", ""sel_10th_pre_req_pre"": ""0"", ""sel_10th_pre_req"": ""361"", ""sel_10th_pre_bid"": ""+292000"", ""sel_9th_pre_req_pre"": ""0"", ""sel_9th_pre_req"": ""143"", ""sel_9th_pre_bid"": ""+291500"", ""sel_8th_pre_req_pre"": ""0"", ""sel_8th_pre_req"": ""916"", ""sel_8th_pre_bid"": ""+291000"", ""sel_7th_pre_req_pre"": ""0"", ""sel_7th_pre_req"": ""411"", ""sel_7th_pre_bid"": ""+290500"", ""sel_6th_pre_req_pre"": ""0"", ""sel_6th_pre_req"": ""891"", ""sel_6th_pre_bid"": ""+290000"", ""sel_5th_pre_req_pre"": ""0"", ""sel_5th_pre_req"": ""354"", ""sel_5th_pre_bid"": ""+289500"", ""sel_4th_pre_req_pre"": ""0"", ""sel_4th_pre_req"": ""227"", ""sel_4th_pre_bid"": ""+289000"", ""sel_3th_pre_req_pre"": ""0"", ""sel_3th_pre_req"": ""50"", ""sel_3th_pre_bid"": ""+288500"", ""sel_2th_pre_req_pre"": ""+2"", ""sel_2th_pre_req"": ""428"", ""sel_2th_pre_bid"": ""+288000"", ""sel_1th_pre_req_pre"": ""--2"", ""sel_fpr_req"": ""940"", ""sel_fpr_bid"": ""+287500"", ""buy_fpr_bid"": ""+287000"", ""buy_fpr_req"": ""85"", ""buy_1th_pre_req_pre"": ""0"", ""buy_2th_pre_bid"": ""+286500"", ""buy_2th_pre_req"": ""96"", ""buy_2th_pre_req_pre"": ""0"", ""buy_3th_pre_bid"": ""+286000"", ""buy_3th_pre_req"": ""185"", ""buy_3th_pre_req_pre"": ""0"", ""buy_4th_pre_bid"": ""+285500"", ""buy_4th_pre_req"": ""184"", ""buy_4th_pre_req_pre"": ""0"", ""buy_5th_pre_bid"": ""+285000"", ""buy_5th_pre_req"": ""127"", ""buy_5th_pre_req_pre"": ""0"", ""buy_6th_pre_bid"": ""+284500"", ""buy_6th_pre_req"": ""149"", ""buy_6th_pre_req_pre"": ""0"", ""buy_7th_pre_bid"": ""+284000"", ""buy_7th_pre_req"": ""222"", ""buy_7th_pre_req_pre"": ""--135"", ""buy_8th_pre_bid"": ""+283500"", ""buy_8th_pre_req"": ""152"", ""buy_8th_pre_req_pre"": ""0"", ""buy_9th_pre_bid"": ""+283000"", ""buy_9th_pre_req"": ""212"", ""buy_9th_pre_req_pre"": ""0"", ""buy_10th_pre_bid"": ""+282500"", ""buy_10th_pre_req"": ""180"", ""buy_10th_pre_req_pre"": ""0"", ""tot_sel_req_jub_pre"": ""0"", ""tot_sel_req"": ""4721"", ""tot_buy_req"": ""1592"", ""tot_buy_req_jub_pre"": ""--135"", ""ovt_sel_req_pre"": ""0"", ""ovt_sel_req"": ""0"", ""ovt_buy_req"": ""0"", ""ovt_buy_req_pre"": ""0"", ""return_code"": 0, ""return_msg"": ""정상적으로 처리되었습니다""}"
2026-06-10,scan_candidate,017670,,0,main_scan,108500,,108500,108400,108500,108000,-0.9216589861751152,0.09216589861751152,,,,,,"{""bid_req_base_tm"": ""103512"", ""sel_10th_pre_req_pre"": ""0"", ""sel_10th_pre_req"": ""1040"", ""sel_10th_pre_bid"": ""+109400"", ""sel_9th_pre_req_pre"": ""0"", ""sel_9th_pre_req"": ""709"", ""sel_9th_pre_bid"": ""+109300"", ""sel_8th_pre_req_pre"": ""0"", ""sel_8th_pre_req"": ""875"", ""sel_8th_pre_bid"": ""+109200"", ""sel_7th_pre_req_pre"": ""0"", ""sel_7th_pre_req"": ""1015"", ""sel_7th_pre_bid"": ""+109100"", ""sel_6th_pre_req_pre"": ""0"", ""sel_6th_pre_req"": ""2924"", ""sel_6th_pre_bid"": ""+109000"", ""sel_5th_pre_req_pre"": ""0"", ""sel_5th_pre_req"": ""1643"", ""sel_5th_pre_bid"": ""+108900"", ""sel_4th_pre_req_pre"": ""0"", ""sel_4th_pre_req"": ""371"", ""sel_4th_pre_bid"": ""+108800"", ""sel_3th_pre_req_pre"": ""0"", ""sel_3th_pre_req"": ""1286"", ""sel_3th_pre_bid"": ""+108700"", ""sel_2th_pre_req_pre"": ""0"", ""sel_2th_pre_req"": ""328"", ""sel_2th_pre_bid"": ""+108600"", ""sel_1th_pre_req_pre"": ""0"", ""sel_fpr_req"": ""950"", ""sel_fpr_bid"": ""+108500"", ""buy_fpr_bid"": ""+108400"", ""buy_fpr_req"": ""139"", ""buy_1th_pre_req_pre"": ""+1"", ""buy_2th_pre_bid"": ""+108300"", ""buy_2th_pre_req"": ""1512"", ""buy_2th_pre_req_pre"": ""0"", ""buy_3th_pre_bid"": ""+108200"", ""buy_3th_pre_req"": ""1162"", ""buy_3th_pre_req_pre"": ""0"", ""buy_4th_pre_bid"": ""108100"", ""buy_4th_pre_req"": ""926"", ""buy_4th_pre_req_pre"": ""0"", ""buy_5th_pre_bid"": ""-108000"", ""buy_5th_pre_req"": ""1069"", ""buy_5th_pre_req_pre"": ""0"", ""buy_6th_pre_bid"": ""-107900"", ""buy_6th_pre_req"": ""253"", ""buy_6th_pre_req_pre"": ""0"", ""buy_7th_pre_bid"": ""-107800"", ""buy_7th_pre_req"": ""213"", ""buy_7th_pre_req_pre"": ""0"", ""buy_8th_pre_bid"": ""-107700"", ""buy_8th_pre_req"": ""474"", ""buy_8th_pre_req_pre"": ""0"", ""buy_9th_pre_bid"": ""-107600"", ""buy_9th_pre_req"": ""631"", ""buy_9th_pre_req_pre"": ""0"", ""buy_10th_pre_bid"": ""-107500"", ""buy_10th_pre_req"": ""752"", ""buy_10th_pre_req_pre"": ""0"", ""tot_sel_req_jub_pre"": ""0"", ""tot_sel_req"": ""11141"", ""tot_buy_req"": ""7131"", ""tot_buy_req_jub_pre"": ""+1"", ""ovt_sel_req_pre"": ""0"", ""ovt_sel_req"": ""0"", ""ovt_buy_req"": ""0"", ""ovt_buy_req_pre"": ""0"", ""return_code"": 0, ""return_msg"": ""정상적으로 처리되었습니다""}"
2026-06-10,scan_candidate,316140,,0,main_scan,30200,,30200,30150,30200,30050,-0.6622516556291391,0.16556291390728478,,,,,,"{""bid_req_base_tm"": ""103511"", ""sel_10th_pre_req_pre"": ""0"", ""sel_10th_pre_req"": ""254"", ""sel_10th_pre_bid"": ""+30650"", ""sel_9th_pre_req_pre"": ""0"", ""sel_9th_pre_req"": ""1096"", ""sel_9th_pre_bid"": ""+30600"", ""sel_8th_pre_req_pre"": ""0"", ""sel_8th_pre_req"": ""575"", ""sel_8th_pre_bid"": ""+30550"", ""sel_7th_pre_req_pre"": ""0"", ""sel_7th_pre_req"": ""5132"", ""sel_7th_pre_bid"": ""+30500"", ""sel_6th_pre_req_pre"": ""0"", ""sel_6th_pre_req"": ""1134"", ""sel_6th_pre_bid"": ""+30450"", ""sel_5th_pre_req_pre"": ""0"", ""sel_5th_pre_req"": ""2837"", ""sel_5th_pre_bid"": ""+30400"", ""sel_4th_pre_req_pre"": ""0"", ""sel_4th_pre_req"": ""2132"", ""sel_4th_pre_bid"": ""+30350"", ""sel_3th_pre_req_pre"": ""0"", ""sel_3th_pre_req"": ""1555"", ""sel_3th_pre_bid"": ""+30300"", ""sel_2th_pre_req_pre"": ""0"", ""sel_2th_pre_req"": ""1849"", ""sel_2th_pre_bid"": ""+30250"", ""sel_1th_pre_req_pre"": ""0"", ""sel_fpr_req"": ""6321"", ""sel_fpr_bid"": ""+30200"", ""buy_fpr_bid"": ""+30150"", ""buy_fpr_req"": ""2877"", ""buy_1th_pre_req_pre"": ""0"", ""buy_2th_pre_bid"": ""+30100"", ""buy_2th_pre_req"": ""692"", ""buy_2th_pre_req_pre"": ""0"", ""buy_3th_pre_bid"": ""+30050"", ""buy_3th_pre_req"": ""2856"", ""buy_3th_pre_req_pre"": ""0"", ""buy_4th_pre_bid"": ""30000"", ""buy_4th_pre_req"": ""461"", ""buy_4th_pre_req_pre"": ""0"", ""buy_5th_pre_bid"": ""-29950"", ""buy_5th_pre_req"": ""999"", ""buy_5th_pre_req_pre"": ""+100"", ""buy_6th_pre_bid"": ""-29900"", ""buy_6th_pre_req"": ""1011"", ""buy_6th_pre_req_pre"": ""0"", ""buy_7th_pre_bid"": ""-29850"", ""buy_7th_pre_req"": ""514"", ""buy_7th_pre_req_pre"": ""0"", ""buy_8th_pre_bid"": ""-29800"", ""buy_8th_pre_req"": ""571"", ""buy_8th_pre_req_pre"": ""0"", ""buy_9th_pre_bid"": ""-29750"", ""buy_9th_pre_req"": ""1177"", ""buy_9th_pre_req_pre"": ""0"", ""buy_10th_pre_bid"": ""-29700"", ""buy_10th_pre_req"": ""2409"", ""buy_10th_pre_req_pre"": ""0"", ""tot_sel_req_jub_pre"": ""0"", ""tot_sel_req"": ""22885"", ""tot_buy_req"": ""13567"", ""tot_buy_req_jub_pre"": ""+100"", ""ovt_sel_req_pre"": ""0"", ""ovt_sel_req"": ""0"", ""ovt_buy_req"": ""0"", ""ovt_buy_req_pre"": ""0"", ""return_code"": 0, ""return_msg"": ""정상적으로 처리되었습니다""}"
2026-06-10,scan_candidate,018260,,0,main_scan,233500,,233500,233000,233500,234500,0.21413276231263384,0.21413276231263384,,,,,,"{""bid_req_base_tm"": ""103512"", ""sel_10th_pre_req_pre"": ""0"", ""sel_10th_pre_req"": ""347"", ""sel_10th_pre_bid"": ""-238000"", ""sel_9th_pre_req_pre"": ""0"", ""sel_9th_pre_req"": ""134"", ""sel_9th_pre_bid"": ""-237500"", ""sel_8th_pre_req_pre"": ""0"", ""sel_8th_pre_req"": ""260"", ""sel_8th_pre_bid"": ""-237000"", ""sel_7th_pre_req_pre"": ""0"", ""sel_7th_pre_req"": ""213"", ""sel_7th_pre_bid"": ""-236500"", ""sel_6th_pre_req_pre"": ""0"", ""sel_6th_pre_req"": ""174"", ""sel_6th_pre_bid"": ""-236000"", ""sel_5th_pre_req_pre"": ""0"", ""sel_5th_pre_req"": ""211"", ""sel_5th_pre_bid"": ""-235500"", ""sel_4th_pre_req_pre"": ""0"", ""sel_4th_pre_req"": ""127"", ""sel_4th_pre_bid"": ""-235000"", ""sel_3th_pre_req_pre"": ""0"", ""sel_3th_pre_req"": ""111"", ""sel_3th_pre_bid"": ""-234500"", ""sel_2th_pre_req_pre"": ""0"", ""sel_2th_pre_req"": ""135"", ""sel_2th_pre_bid"": ""-234000"", ""sel_1th_pre_req_pre"": ""0"", ""sel_fpr_req"": ""97"", ""sel_fpr_bid"": ""-233500"", ""buy_fpr_bid"": ""-233000"", ""buy_fpr_req"": ""5"", ""buy_1th_pre_req_pre"": ""0"", ""buy_2th_pre_bid"": ""-232500"", ""buy_2th_pre_req"": ""123"", ""buy_2th_pre_req_pre"": ""0"", ""buy_3th_pre_bid"": ""-232000"", ""buy_3th_pre_req"": ""246"", ""buy_3th_pre_req_pre"": ""+3"", ""buy_4th_pre_bid"": ""-231500"", ""buy_4th_pre_req"": ""1635"", ""buy_4th_pre_req_pre"": ""--3"", ""buy_5th_pre_bid"": ""-231000"", ""buy_5th_pre_req"": ""2426"", ""buy_5th_pre_req_pre"": ""0"", ""buy_6th_pre_bid"": ""-230500"", ""buy_6th_pre_req"": ""2137"", ""buy_6th_pre_req_pre"": ""0"", ""buy_7th_pre_bid"": ""-230000"", ""buy_7th_pre_req"": ""4160"", ""buy_7th_pre_req_pre"": ""0"", ""buy_8th_pre_bid"": ""-229500"", ""buy_8th_pre_req"": ""761"", ""buy_8th_pre_req_pre"": ""0"", ""buy_9th_pre_bid"": ""-229000"", ""buy_9th_pre_req"": ""1513"", ""buy_9th_pre_req_pre"": ""0"", ""buy_10th_pre_bid"": ""-228500"", ""buy_10th_pre_req"": ""561"", ""buy_10th_pre_req_pre"": ""0"", ""tot_sel_req_jub_pre"": ""0"", ""tot_sel_req"": ""1809"", ""tot_buy_req"": ""13567"", ""tot_buy_req_jub_pre"": ""0"", ""ovt_sel_req_pre"": ""0"", ""ovt_sel_req"": ""0"", ""ovt_buy_req"": ""0"", ""ovt_buy_req_pre"": ""0"", ""return_code"": 0, ""return_msg"": ""정상적으로 처리되었습니다""}"
2026-06-10,scan_candidate,033780,,0,main_scan,185100,,185100,185000,185100,185000,-0.3241491085899514,0.05402485143165856,,,,,,"{""bid_req_base_tm"": ""103513"", ""sel_10th_pre_req_pre"": ""0"", ""sel_10th_pre_req"": ""179"", ""sel_10th_pre_bid"": ""+186100"", ""sel_9th_pre_req_pre"": ""0"", ""sel_9th_pre_req"": ""623"", ""sel_9th_pre_bid"": ""+186000"", ""sel_8th_pre_req_pre"": ""0"", ""sel_8th_pre_req"": ""295"", ""sel_8th_pre_bid"": ""+185900"", ""sel_7th_pre_req_pre"": ""0"", ""sel_7th_pre_req"": ""585"", ""sel_7th_pre_bid"": ""+185800"", ""sel_6th_pre_req_pre"": ""0"", ""sel_6th_pre_req"": ""169"", ""sel_6th_pre_bid"": ""+185700"", ""sel_5th_pre_req_pre"": ""0"", ""sel_5th_pre_req"": ""102"", ""sel_5th_pre_bid"": ""+185600"", ""sel_4th_pre_req_pre"": ""0"", ""sel_4th_pre_req"": ""202"", ""sel_4th_pre_bid"": ""+185500"", ""sel_3th_pre_req_pre"": ""0"", ""sel_3th_pre_req"": ""192"", ""sel_3th_pre_bid"": ""+185400"", ""sel_2th_pre_req_pre"": ""0"", ""sel_2th_pre_req"": ""177"", ""sel_2th_pre_bid"": ""+185300"", ""sel_1th_pre_req_pre"": ""0"", ""sel_fpr_req"": ""26"", ""sel_fpr_bid"": ""+185100"", ""buy_fpr_bid"": ""+185000"", ""buy_fpr_req"": ""370"", ""buy_1th_pre_req_pre"": ""+3"", ""buy_2th_pre_bid"": ""+184900"", ""buy_2th_pre_req"": ""1"", ""buy_2th_pre_req_pre"": ""0"", ""buy_3th_pre_bid"": ""+184800"", ""buy_3th_pre_req"": ""72"", ""buy_3th_pre_req_pre"": ""0"", ""buy_4th_pre_bid"": ""+184700"", ""buy_4th_pre_req"": ""175"", ""buy_4th_pre_req_pre"": ""0"", ""buy_5th_pre_bid"": ""+184600"", ""buy_5th_pre_req"": ""3"", ""buy_5th_pre_req_pre"": ""0"", ""buy_6th_pre_bid"": ""+184500"", ""buy_6th_pre_req"": ""24"", ""buy_6th_pre_req_pre"": ""0"", ""buy_7th_pre_bid"": ""+184400"", ""buy_7th_pre_req"": ""80"", ""buy_7th_pre_req_pre"": ""0"", ""buy_8th_pre_bid"": ""184300"", ""buy_8th_pre_req"": ""558"", ""buy_8th_pre_req_pre"": ""0"", ""buy_9th_pre_bid"": ""-184200"", ""buy_9th_pre_req"": ""200"", ""buy_9th_pre_req_pre"": ""0"", ""buy_10th_pre_bid"": ""-184100"", ""buy_10th_pre_req"": ""229"", ""buy_10th_pre_req_pre"": ""0"", ""tot_sel_req_jub_pre"": ""0"", ""tot_sel_req"": ""2550"", ""tot_buy_req"": ""1712"", ""tot_buy_req_jub_pre"": ""+3"", ""ovt_sel_req_pre"": ""0"", ""ovt_sel_req"": ""0"", ""ovt_buy_req"": ""0"", ""ovt_buy_req_pre"": ""0"", ""return_code"": 0, ""return_msg"": ""정상적으로 처리되었습니다""}"
2026-06-10,scan_candidate,307950,,0,main_scan,711000,,711000,709000,711000,710000,-0.2812939521800281,0.2812939521800281,,,,,,"{""bid_req_base_tm"": ""103513"", ""sel_10th_pre_req_pre"": ""0"", ""sel_10th_pre_req"": ""167"", ""sel_10th_pre_bid"": ""+720000"", ""sel_9th_pre_req_pre"": ""0"", ""sel_9th_pre_req"": ""455"", ""sel_9th_pre_bid"": ""+719000"", ""sel_8th_pre_req_pre"": ""0"", ""sel_8th_pre_req"": ""213"", ""sel_8th_pre_bid"": ""+718000"", ""sel_7th_pre_req_pre"": ""0"", ""sel_7th_pre_req"": ""106"", ""sel_7th_pre_bid"": ""+717000"", ""sel_6th_pre_req_pre"": ""0"", ""sel_6th_pre_req"": ""176"", ""sel_6th_pre_bid"": ""+716000"", ""sel_5th_pre_req_pre"": ""0"", ""sel_5th_pre_req"": ""35"", ""sel_5th_pre_bid"": ""+715000"", ""sel_4th_pre_req_pre"": ""0"", ""sel_4th_pre_req"": ""12"", ""sel_4th_pre_bid"": ""+714000"", ""sel_3th_pre_req_pre"": ""0"", ""sel_3th_pre_req"": ""18"", ""sel_3th_pre_bid"": ""+713000"", ""sel_2th_pre_req_pre"": ""0"", ""sel_2th_pre_req"": ""2"", ""sel_2th_pre_bid"": ""+712000"", ""sel_1th_pre_req_pre"": ""0"", ""sel_fpr_req"": ""44"", ""sel_fpr_bid"": ""+711000"", ""buy_fpr_bid"": ""+709000"", ""buy_fpr_req"": ""14"", ""buy_1th_pre_req_pre"": ""+2"", ""buy_2th_pre_bid"": ""+708000"", ""buy_2th_pre_req"": ""17"", ""buy_2th_pre_req_pre"": ""0"", ""buy_3th_pre_bid"": ""+707000"", ""buy_3th_pre_req"": ""46"", ""buy_3th_pre_req_pre"": ""0"", ""buy_4th_pre_bid"": ""+706000"", ""buy_4th_pre_req"": ""247"", ""buy_4th_pre_req_pre"": ""0"", ""buy_5th_pre_bid"": ""+705000"", ""buy_5th_pre_req"": ""134"", ""buy_5th_pre_req_pre"": ""0"", ""buy_6th_pre_bid"": ""+704000"", ""buy_6th_pre_req"": ""61"", ""buy_6th_pre_req_pre"": ""0"", ""buy_7th_pre_bid"": ""+703000"", ""buy_7th_pre_req"": ""148"", ""buy_7th_pre_req_pre"": ""0"", ""buy_8th_pre_bid"": ""+702000"", ""buy_8th_pre_req"": ""105"", ""buy_8th_pre_req_pre"": ""0"", ""buy_9th_pre_bid"": ""+701000"", ""buy_9th_pre_req"": ""83"", ""buy_9th_pre_req_pre"": ""0"", ""buy_10th_pre_bid"": ""+700000"", ""buy_10th_pre_req"": ""700"", ""buy_10th_pre_req_pre"": ""0"", ""tot_sel_req_jub_pre"": ""0"", ""tot_sel_req"": ""1228"", ""tot_buy_req"": ""1555"", ""tot_buy_req_jub_pre"": ""+2"", ""ovt_sel_req_pre"": ""0"", ""ovt_sel_req"": ""0"", ""ovt_buy_req"": ""0"", ""ovt_buy_req_pre"": ""0"", ""return_code"": 0, ""return_msg"": ""정상적으로 처리되었습니다""}"
2026-06-10,scan_candidate,138040,,0,main_scan,109500,,109500,109400,109500,109000,-0.91324200913242,0.091324200913242,,,,,,"{""bid_req_base_tm"": ""103512"", ""sel_10th_pre_req_pre"": ""0"", ""sel_10th_pre_req"": ""120"", ""sel_10th_pre_bid"": ""+110400"", ""sel_9th_pre_req_pre"": ""0"", ""sel_9th_pre_req"": ""1454"", ""sel_9th_pre_bid"": ""+110300"", ""sel_8th_pre_req_pre"": ""0"", ""sel_8th_pre_req"": ""504"", ""sel_8th_pre_bid"": ""+110200"", ""sel_7th_pre_req_pre"": ""0"", ""sel_7th_pre_req"": ""5070"", ""sel_7th_pre_bid"": ""+110100"", ""sel_6th_pre_req_pre"": ""0"", ""sel_6th_pre_req"": ""737"", ""sel_6th_pre_bid"": ""+110000"", ""sel_5th_pre_req_pre"": ""0"", ""sel_5th_pre_req"": ""210"", ""sel_5th_pre_bid"": ""+109900"", ""sel_4th_pre_req_pre"": ""0"", ""sel_4th_pre_req"": ""514"", ""sel_4th_pre_bid"": ""+109800"", ""sel_3th_pre_req_pre"": ""0"", ""sel_3th_pre_req"": ""24"", ""sel_3th_pre_bid"": ""+109700"", ""sel_2th_pre_req_pre"": ""--75"", ""sel_2th_pre_req"": ""333"", ""sel_2th_pre_bid"": ""+109600"", ""sel_1th_pre_req_pre"": ""+64"", ""sel_fpr_req"": ""123"", ""sel_fpr_bid"": ""+109500"", ""buy_fpr_bid"": ""+109400"", ""buy_fpr_req"": ""54"", ""buy_1th_pre_req_pre"": ""0"", ""buy_2th_pre_bid"": ""+109300"", ""buy_2th_pre_req"": ""160"", ""buy_2th_pre_req_pre"": ""0"", ""buy_3th_pre_bid"": ""+109200"", ""buy_3th_pre_req"": ""114"", ""buy_3th_pre_req_pre"": ""0"", ""buy_4th_pre_bid"": ""109100"", ""buy_4th_pre_req"": ""270"", ""buy_4th_pre_req_pre"": ""0"", ""buy_5th_pre_bid"": ""-109000"", ""buy_5th_pre_req"": ""183"", ""buy_5th_pre_req_pre"": ""0"", ""buy_6th_pre_bid"": ""-108900"", ""buy_6th_pre_req"": ""41"", ""buy_6th_pre_req_pre"": ""0"", ""buy_7th_pre_bid"": ""-108800"", ""buy_7th_pre_req"": ""5"", ""buy_7th_pre_req_pre"": ""0"", ""buy_8th_pre_bid"": ""-108700"", ""buy_8th_pre_req"": ""3"", ""buy_8th_pre_req_pre"": ""0"", ""buy_9th_pre_bid"": ""-108600"", ""buy_9th_pre_req"": ""5"", ""buy_9th_pre_req_pre"": ""0"", ""buy_10th_pre_bid"": ""-108500"", ""buy_10th_pre_req"": ""23"", ""buy_10th_pre_req_pre"": ""0"", ""tot_sel_req_jub_pre"": ""--11"", ""tot_sel_req"": ""9089"", ""tot_buy_req"": ""858"", ""tot_buy_req_jub_pre"": ""0"", ""ovt_sel_req_pre"": ""0"", ""ovt_sel_req"": ""0"", ""ovt_buy_req"": ""0"", ""ovt_buy_req_pre"": ""0"", ""return_code"": 0, ""return_msg"": ""정상적으로 처리되었습니다""}"
2026-06-10,scan_candidate,003550,,0,main_scan,109500,,109500,109300,109500,109000,-0.91324200913242,0.182648401826484,,,,,,"{""bid_req_base_tm"": ""103513"", ""sel_10th_pre_req_pre"": ""0"", ""sel_10th_pre_req"": ""11"", ""sel_10th_pre_bid"": ""-110400"", ""sel_9th_pre_req_pre"": ""0"", ""sel_9th_pre_req"": ""25"", ""sel_9th_pre_bid"": ""-110300"", ""sel_8th_pre_req_pre"": ""0"", ""sel_8th_pre_req"": ""3"", ""sel_8th_pre_bid"": ""-110200"", ""sel_7th_pre_req_pre"": ""0"", ""sel_7th_pre_req"": ""95"", ""sel_7th_pre_bid"": ""-110100"", ""sel_6th_pre_req_pre"": ""0"", ""sel_6th_pre_req"": ""5124"", ""sel_6th_pre_bid"": ""-110000"", ""sel_5th_pre_req_pre"": ""0"", ""sel_5th_pre_req"": ""6"", ""sel_5th_pre_bid"": ""-109900"", ""sel_4th_pre_req_pre"": ""0"", ""sel_4th_pre_req"": ""12"", ""sel_4th_pre_bid"": ""-109800"", ""sel_3th_pre_req_pre"": ""0"", ""sel_3th_pre_req"": ""52"", ""sel_3th_pre_bid"": ""-109700"", ""sel_2th_pre_req_pre"": ""0"", ""sel_2th_pre_req"": ""2767"", ""sel_2th_pre_bid"": ""-109600"", ""sel_1th_pre_req_pre"": ""--19"", ""sel_fpr_req"": ""119"", ""sel_fpr_bid"": ""-109500"", ""buy_fpr_bid"": ""-109300"", ""buy_fpr_req"": ""78"", ""buy_1th_pre_req_pre"": ""--5"", ""buy_2th_pre_bid"": ""-109200"", ""buy_2th_pre_req"": ""23"", ""buy_2th_pre_req_pre"": ""0"", ""buy_3th_pre_bid"": ""-109100"", ""buy_3th_pre_req"": ""107"", ""buy_3th_pre_req_pre"": ""0"", ""buy_4th_pre_bid"": ""-109000"", ""buy_4th_pre_req"": ""65"", ""buy_4th_pre_req_pre"": ""0"", ""buy_5th_pre_bid"": ""-108900"", ""buy_5th_pre_req"": ""1"", ""buy_5th_pre_req_pre"": ""0"", ""buy_6th_pre_bid"": ""-108800"", ""buy_6th_pre_req"": ""19"", ""buy_6th_pre_req_pre"": ""0"", ""buy_7th_pre_bid"": ""-108700"", ""buy_7th_pre_req"": ""5"", ""buy_7th_pre_req_pre"": ""0"", ""buy_8th_pre_bid"": ""-108600"", ""buy_8th_pre_req"": ""27"", ""buy_8th_pre_req_pre"": ""0"", ""buy_9th_pre_bid"": ""-108500"", ""buy_9th_pre_req"": ""16"", ""buy_9th_pre_req_pre"": ""0"", ""buy_10th_pre_bid"": ""-108400"", ""buy_10th_pre_req"": ""61"", ""buy_10th_pre_req_pre"": ""0"", ""tot_sel_req_jub_pre"": ""--19"", ""tot_sel_req"": ""8214"", ""tot_buy_req"": ""402"", ""tot_buy_req_jub_pre"": ""--5"", ""ovt_sel_req_pre"": ""0"", ""ovt_sel_req"": ""0"", ""ovt_buy_req"": ""0"", ""ovt_buy_req_pre"": ""0"", ""return_code"": 0, ""return_msg"": ""정상적으로 처리되었습니다""}"
2026-06-10,scan_candidate,024110,,0,main_scan,21100,,21100,21000,21100,20850,-1.4218009478672986,0.47393364928909953,,,,,,"{""bid_req_base_tm"": ""103513"", ""sel_10th_pre_req_pre"": ""0"", ""sel_10th_pre_req"": ""1507"", ""sel_10th_pre_bid"": ""+21550"", ""sel_9th_pre_req_pre"": ""0"", ""sel_9th_pre_req"": ""12943"", ""sel_9th_pre_bid"": ""+21500"", ""sel_8th_pre_req_pre"": ""0"", ""sel_8th_pre_req"": ""3706"", ""sel_8th_pre_bid"": ""+21450"", ""sel_7th_pre_req_pre"": ""0"", ""sel_7th_pre_req"": ""9860"", ""sel_7th_pre_bid"": ""+21400"", ""sel_6th_pre_req_pre"": ""0"", ""sel_6th_pre_req"": ""5012"", ""sel_6th_pre_bid"": ""+21350"", ""sel_5th_pre_req_pre"": ""0"", ""sel_5th_pre_req"": ""12755"", ""sel_5th_pre_bid"": ""+21300"", ""sel_4th_pre_req_pre"": ""0"", ""sel_4th_pre_req"": ""6702"", ""sel_4th_pre_bid"": ""+21250"", ""sel_3th_pre_req_pre"": ""0"", ""sel_3th_pre_req"": ""17467"", ""sel_3th_pre_bid"": ""+21200"", ""sel_2th_pre_req_pre"": ""0"", ""sel_2th_pre_req"": ""18632"", ""sel_2th_pre_bid"": ""+21150"", ""sel_1th_pre_req_pre"": ""+4"", ""sel_fpr_req"": ""4297"", ""sel_fpr_bid"": ""+21100"", ""buy_fpr_bid"": ""+21000"", ""buy_fpr_req"": ""3233"", ""buy_1th_pre_req_pre"": ""0"", ""buy_2th_pre_bid"": ""+20950"", ""buy_2th_pre_req"": ""3270"", ""buy_2th_pre_req_pre"": ""0"", ""buy_3th_pre_bid"": ""+20900"", ""buy_3th_pre_req"": ""1329"", ""buy_3th_pre_req_pre"": ""0"", ""buy_4th_pre_bid"": ""+20850"", ""buy_4th_pre_req"": ""545"", ""buy_4th_pre_req_pre"": ""0"", ""buy_5th_pre_bid"": ""+20800"", ""buy_5th_pre_req"": ""1492"", ""buy_5th_pre_req_pre"": ""0"", ""buy_6th_pre_bid"": ""+20750"", ""buy_6th_pre_req"": ""1152"", ""buy_6th_pre_req_pre"": ""0"", ""buy_7th_pre_bid"": ""+20700"", ""buy_7th_pre_req"": ""2104"", ""buy_7th_pre_req_pre"": ""0"", ""buy_8th_pre_bid"": ""+20650"", ""buy_8th_pre_req"": ""1384"", ""buy_8th_pre_req_pre"": ""0"", ""buy_9th_pre_bid"": ""+20600"", ""buy_9th_pre_req"": ""3400"", ""buy_9th_pre_req_pre"": ""0"", ""buy_10th_pre_bid"": ""20550"", ""buy_10th_pre_req"": ""2330"", ""buy_10th_pre_req_pre"": ""0"", ""tot_sel_req_jub_pre"": ""+4"", ""tot_sel_req"": ""92881"", ""tot_buy_req"": ""20239"", ""tot_buy_req_jub_pre"": ""0"", ""ovt_sel_req_pre"": ""0"", ""ovt_sel_req"": ""0"", ""ovt_buy_req"": ""0"", ""ovt_buy_req_pre"": ""0"", ""return_code"": 0, ""return_msg"": ""정상적으로 처리되었습니다""}"
2026-06-10,scan_candidate,079550,,0,main_scan,774000,,774000,773000,774000,770000,-0.6459948320413437,0.12919896640826875,,,,,,"{""bid_req_base_tm"": ""103513"", ""sel_10th_pre_req_pre"": ""0"", ""sel_10th_pre_req"": ""9"", ""sel_10th_pre_bid"": ""+783000"", ""sel_9th_pre_req_pre"": ""0"", ""sel_9th_pre_req"": ""45"", ""sel_9th_pre_bid"": ""+782000"", ""sel_8th_pre_req_pre"": ""0"", ""sel_8th_pre_req"": ""35"", ""sel_8th_pre_bid"": ""+781000"", ""sel_7th_pre_req_pre"": ""0"", ""sel_7th_pre_req"": ""334"", ""sel_7th_pre_bid"": ""+780000"", ""sel_6th_pre_req_pre"": ""0"", ""sel_6th_pre_req"": ""60"", ""sel_6th_pre_bid"": ""+779000"", ""sel_5th_pre_req_pre"": ""0"", ""sel_5th_pre_req"": ""42"", ""sel_5th_pre_bid"": ""+778000"", ""sel_4th_pre_req_pre"": ""+10"", ""sel_4th_pre_req"": ""204"", ""sel_4th_pre_bid"": ""+777000"", ""sel_3th_pre_req_pre"": ""+190"", ""sel_3th_pre_req"": ""214"", ""sel_3th_pre_bid"": ""+776000"", ""sel_2th_pre_req_pre"": ""--200"", ""sel_2th_pre_req"": ""60"", ""sel_2th_pre_bid"": ""+775000"", ""sel_1th_pre_req_pre"": ""--10"", ""sel_fpr_req"": ""123"", ""sel_fpr_bid"": ""+774000"", ""buy_fpr_bid"": ""+773000"", ""buy_fpr_req"": ""145"", ""buy_1th_pre_req_pre"": ""+10"", ""buy_2th_pre_bid"": ""+772000"", ""buy_2th_pre_req"": ""111"", ""buy_2th_pre_req_pre"": ""--10"", ""buy_3th_pre_bid"": ""+771000"", ""buy_3th_pre_req"": ""205"", ""buy_3th_pre_req_pre"": ""0"", ""buy_4th_pre_bid"": ""+770000"", ""buy_4th_pre_req"": ""19"", ""buy_4th_pre_req_pre"": ""0"", ""buy_5th_pre_bid"": ""+769000"", ""buy_5th_pre_req"": ""17"", ""buy_5th_pre_req_pre"": ""0"", ""buy_6th_pre_bid"": ""+768000"", ""buy_6th_pre_req"": ""6"", ""buy_6th_pre_req_pre"": ""0"", ""buy_7th_pre_bid"": ""+767000"", ""buy_7th_pre_req"": ""8"", ""buy_7th_pre_req_pre"": ""0"", ""buy_8th_pre_bid"": ""+766000"", ""buy_8th_pre_req"": ""8"", ""buy_8th_pre_req_pre"": ""0"", ""buy_9th_pre_bid"": ""+765000"", ""buy_9th_pre_req"": ""59"", ""buy_9th_pre_req_pre"": ""0"", ""buy_10th_pre_bid"": ""+764000"", ""buy_10th_pre_req"": ""18"", ""buy_10th_pre_req_pre"": ""0"", ""tot_sel_req_jub_pre"": ""--10"", ""tot_sel_req"": ""1126"", ""tot_buy_req"": ""596"", ""tot_buy_req_jub_pre"": ""0"", ""ovt_sel_req_pre"": ""0"", ""ovt_sel_req"": ""0"", ""ovt_buy_req"": ""0"", ""ovt_buy_req_pre"": ""0"", ""return_code"": 0, ""return_msg"": ""정상적으로 처리되었습니다""}"
2026-06-10,scan_candidate,278470,,0,main_scan,422000,,422000,421500,422000,420500,-0.47393364928909953,0.11848341232227488,,,,,,"{""bid_req_base_tm"": ""103514"", ""sel_10th_pre_req_pre"": ""0"", ""sel_10th_pre_req"": ""63"", ""sel_10th_pre_bid"": ""+426500"", ""sel_9th_pre_req_pre"": ""0"", ""sel_9th_pre_req"": ""154"", ""sel_9th_pre_bid"": ""+426000"", ""sel_8th_pre_req_pre"": ""0"", ""sel_8th_pre_req"": ""137"", ""sel_8th_pre_bid"": ""+425500"", ""sel_7th_pre_req_pre"": ""0"", ""sel_7th_pre_req"": ""1697"", ""sel_7th_pre_bid"": ""+425000"", ""sel_6th_pre_req_pre"": ""0"", ""sel_6th_pre_req"": ""414"", ""sel_6th_pre_bid"": ""+424500"", ""sel_5th_pre_req_pre"": ""0"", ""sel_5th_pre_req"": ""261"", ""sel_5th_pre_bid"": ""+424000"", ""sel_4th_pre_req_pre"": ""0"", ""sel_4th_pre_req"": ""170"", ""sel_4th_pre_bid"": ""+423500"", ""sel_3th_pre_req_pre"": ""0"", ""sel_3th_pre_req"": ""274"", ""sel_3th_pre_bid"": ""+423000"", ""sel_2th_pre_req_pre"": ""0"", ""sel_2th_pre_req"": ""610"", ""sel_2th_pre_bid"": ""+422500"", ""sel_1th_pre_req_pre"": ""0"", ""sel_fpr_req"": ""567"", ""sel_fpr_bid"": ""+422000"", ""buy_fpr_bid"": ""+421500"", ""buy_fpr_req"": ""133"", ""buy_1th_pre_req_pre"": ""--1"", ""buy_2th_pre_bid"": ""+421000"", ""buy_2th_pre_req"": ""100"", ""buy_2th_pre_req_pre"": ""0"", ""buy_3th_pre_bid"": ""+420500"", ""buy_3th_pre_req"": ""104"", ""buy_3th_pre_req_pre"": ""0"", ""buy_4th_pre_bid"": ""+420000"", ""buy_4th_pre_req"": ""105"", ""buy_4th_pre_req_pre"": ""0"", ""buy_5th_pre_bid"": ""+419500"", ""buy_5th_pre_req"": ""5"", ""buy_5th_pre_req_pre"": ""0"", ""buy_6th_pre_bid"": ""+419000"", ""buy_6th_pre_req"": ""27"", ""buy_6th_pre_req_pre"": ""0"", ""buy_7th_pre_bid"": ""+418500"", ""buy_7th_pre_req"": ""42"", ""buy_7th_pre_req_pre"": ""0"", ""buy_8th_pre_bid"": ""+418000"", ""buy_8th_pre_req"": ""1130"", ""buy_8th_pre_req_pre"": ""0"", ""buy_9th_pre_bid"": ""+417500"", ""buy_9th_pre_req"": ""22"", ""buy_9th_pre_req_pre"": ""0"", ""buy_10th_pre_bid"": ""+417000"", ""buy_10th_pre_req"": ""35"", ""buy_10th_pre_req_pre"": ""0"", ""tot_sel_req_jub_pre"": ""0"", ""tot_sel_req"": ""4347"", ""tot_buy_req"": ""1703"", ""tot_buy_req_jub_pre"": ""--1"", ""ovt_sel_req_pre"": ""0"", ""ovt_sel_req"": ""0"", ""ovt_buy_req"": ""0"", ""ovt_buy_req_pre"": ""0"", ""return_code"": 0, ""return_msg"": ""정상적으로 처리되었습니다""}"
2026-06-10,scan_candidate,030200,,0,main_scan,54800,,54800,54700,54800,54700,-0.36496350364963503,0.18248175182481752,,,,,,"{""bid_req_base_tm"": ""103512"", ""sel_10th_pre_req_pre"": ""0"", ""sel_10th_pre_req"": ""530"", ""sel_10th_pre_bid"": ""+55700"", ""sel_9th_pre_req_pre"": ""0"", ""sel_9th_pre_req"": ""771"", ""sel_9th_pre_bid"": ""+55600"", ""sel_8th_pre_req_pre"": ""0"", ""sel_8th_pre_req"": ""974"", ""sel_8th_pre_bid"": ""+55500"", ""sel_7th_pre_req_pre"": ""0"", ""sel_7th_pre_req"": ""1253"", ""sel_7th_pre_bid"": ""+55400"", ""sel_6th_pre_req_pre"": ""0"", ""sel_6th_pre_req"": ""1201"", ""sel_6th_pre_bid"": ""+55300"", ""sel_5th_pre_req_pre"": ""0"", ""sel_5th_pre_req"": ""933"", ""sel_5th_pre_bid"": ""+55200"", ""sel_4th_pre_req_pre"": ""0"", ""sel_4th_pre_req"": ""1392"", ""sel_4th_pre_bid"": ""+55100"", ""sel_3th_pre_req_pre"": ""0"", ""sel_3th_pre_req"": ""3730"", ""sel_3th_pre_bid"": ""+55000"", ""sel_2th_pre_req_pre"": ""0"", ""sel_2th_pre_req"": ""970"", ""sel_2th_pre_bid"": ""+54900"", ""sel_1th_pre_req_pre"": ""0"", ""sel_fpr_req"": ""120"", ""sel_fpr_bid"": ""+54800"", ""buy_fpr_bid"": ""+54700"", ""buy_fpr_req"": ""367"", ""buy_1th_pre_req_pre"": ""+43"", ""buy_2th_pre_bid"": ""+54600"", ""buy_2th_pre_req"": ""240"", ""buy_2th_pre_req_pre"": ""0"", ""buy_3th_pre_bid"": ""+54500"", ""buy_3th_pre_req"": ""1262"", ""buy_3th_pre_req_pre"": ""0"", ""buy_4th_pre_bid"": ""+54400"", ""buy_4th_pre_req"": ""501"", ""buy_4th_pre_req_pre"": ""0"", ""buy_5th_pre_bid"": ""+54300"", ""buy_5th_pre_req"": ""891"", ""buy_5th_pre_req_pre"": ""0"", ""buy_6th_pre_bid"": ""+54200"", ""buy_6th_pre_req"": ""1109"", ""buy_6th_pre_req_pre"": ""0"", ""buy_7th_pre_bid"": ""+54100"", ""buy_7th_pre_req"": ""454"", ""buy_7th_pre_req_pre"": ""0"", ""buy_8th_pre_bid"": ""+54000"", ""buy_8th_pre_req"": ""4399"", ""buy_8th_pre_req_pre"": ""0"", ""buy_9th_pre_bid"": ""+53900"", ""buy_9th_pre_req"": ""915"", ""buy_9th_pre_req_pre"": ""0"", ""buy_10th_pre_bid"": ""53800"", ""buy_10th_pre_req"": ""3127"", ""buy_10th_pre_req_pre"": ""0"", ""tot_sel_req_jub_pre"": ""0"", ""tot_sel_req"": ""11874"", ""tot_buy_req"": ""13265"", ""tot_buy_req_jub_pre"": ""+43"", ""ovt_sel_req_pre"": ""0"", ""ovt_sel_req"": ""0"", ""ovt_buy_req"": ""0"", ""ovt_buy_req_pre"": ""0"", ""return_code"": 0, ""return_msg"": ""정상적으로 처리되었습니다""}"
2026-06-10,scan_candidate,010950,,0,main_scan,111100,,111100,111000,111100,110500,-0.9900990099009901,0.09000900090009001,,,,,,"{""bid_req_base_tm"": ""103513"", ""sel_10th_pre_req_pre"": ""0"", ""sel_10th_pre_req"": ""8"", ""sel_10th_pre_bid"": ""+112100"", ""sel_9th_pre_req_pre"": ""0"", ""sel_9th_pre_req"": ""269"", ""sel_9th_pre_bid"": ""+112000"", ""sel_8th_pre_req_pre"": ""0"", ""sel_8th_pre_req"": ""82"", ""sel_8th_pre_bid"": ""+111900"", ""sel_7th_pre_req_pre"": ""0"", ""sel_7th_pre_req"": ""295"", ""sel_7th_pre_bid"": ""+111800"", ""sel_6th_pre_req_pre"": ""0"", ""sel_6th_pre_req"": ""80"", ""sel_6th_pre_bid"": ""+111700"", ""sel_5th_pre_req_pre"": ""0"", ""sel_5th_pre_req"": ""43"", ""sel_5th_pre_bid"": ""+111600"", ""sel_4th_pre_req_pre"": ""0"", ""sel_4th_pre_req"": ""15"", ""sel_4th_pre_bid"": ""+111400"", ""sel_3th_pre_req_pre"": ""0"", ""sel_3th_pre_req"": ""2"", ""sel_3th_pre_bid"": ""+111300"", ""sel_2th_pre_req_pre"": ""0"", ""sel_2th_pre_req"": ""90"", ""sel_2th_pre_bid"": ""+111200"", ""sel_1th_pre_req_pre"": ""--13"", ""sel_fpr_req"": ""308"", ""sel_fpr_bid"": ""+111100"", ""buy_fpr_bid"": ""+111000"", ""buy_fpr_req"": ""253"", ""buy_1th_pre_req_pre"": ""0"", ""buy_2th_pre_bid"": ""110900"", ""buy_2th_pre_req"": ""75"", ""buy_2th_pre_req_pre"": ""0"", ""buy_3th_pre_bid"": ""-110800"", ""buy_3th_pre_req"": ""2"", ""buy_3th_pre_req_pre"": ""0"", ""buy_4th_pre_bid"": ""-110700"", ""buy_4th_pre_req"": ""104"", ""buy_4th_pre_req_pre"": ""0"", ""buy_5th_pre_bid"": ""-110600"", ""buy_5th_pre_req"": ""20"", ""buy_5th_pre_req_pre"": ""0"", ""buy_6th_pre_bid"": ""-110500"", ""buy_6th_pre_req"": ""8"", ""buy_6th_pre_req_pre"": ""0"", ""buy_7th_pre_bid"": ""-110100"", ""buy_7th_pre_req"": ""3"", ""buy_7th_pre_req_pre"": ""0"", ""buy_8th_pre_bid"": ""-109900"", ""buy_8th_pre_req"": ""1"", ""buy_8th_pre_req_pre"": ""0"", ""buy_9th_pre_bid"": ""-109800"", ""buy_9th_pre_req"": ""40"", ""buy_9th_pre_req_pre"": ""0"", ""buy_10th_pre_bid"": ""-109700"", ""buy_10th_pre_req"": ""1"", ""buy_10th_pre_req_pre"": ""0"", ""tot_sel_req_jub_pre"": ""--13"", ""tot_sel_req"": ""1192"", ""tot_buy_req"": ""507"", ""tot_buy_req_jub_pre"": ""0"", ""ovt_sel_req_pre"": ""0"", ""ovt_sel_req"": ""0"", ""ovt_buy_req"": ""0"", ""ovt_buy_req_pre"": ""0"", ""return_code"": 0, ""return_msg"": ""정상적으로 처리되었습니다""}"
2026-06-10,scan_candidate,323410,,0,main_scan,24700,,24700,24650,24700,24550,-0.8097165991902834,0.20242914979757085,,,,,,"{""bid_req_base_tm"": ""103514"", ""sel_10th_pre_req_pre"": ""0"", ""sel_10th_pre_req"": ""5793"", ""sel_10th_pre_bid"": ""+25150"", ""sel_9th_pre_req_pre"": ""+180"", ""sel_9th_pre_req"": ""1920"", ""sel_9th_pre_bid"": ""+25100"", ""sel_8th_pre_req_pre"": ""0"", ""sel_8th_pre_req"": ""2042"", ""sel_8th_pre_bid"": ""+25050"", ""sel_7th_pre_req_pre"": ""0"", ""sel_7th_pre_req"": ""14405"", ""sel_7th_pre_bid"": ""+25000"", ""sel_6th_pre_req_pre"": ""0"", ""sel_6th_pre_req"": ""9789"", ""sel_6th_pre_bid"": ""+24950"", ""sel_5th_pre_req_pre"": ""0"", ""sel_5th_pre_req"": ""6540"", ""sel_5th_pre_bid"": ""+24900"", ""sel_4th_pre_req_pre"": ""0"", ""sel_4th_pre_req"": ""8009"", ""sel_4th_pre_bid"": ""+24850"", ""sel_3th_pre_req_pre"": ""0"", ""sel_3th_pre_req"": ""11754"", ""sel_3th_pre_bid"": ""+24800"", ""sel_2th_pre_req_pre"": ""0"", ""sel_2th_pre_req"": ""4701"", ""sel_2th_pre_bid"": ""+24750"", ""sel_1th_pre_req_pre"": ""--1"", ""sel_fpr_req"": ""3701"", ""sel_fpr_bid"": ""+24700"", ""buy_fpr_bid"": ""+24650"", ""buy_fpr_req"": ""7930"", ""buy_1th_pre_req_pre"": ""0"", ""buy_2th_pre_bid"": ""+24600"", ""buy_2th_pre_req"": ""4058"", ""buy_2th_pre_req_pre"": ""0"", ""buy_3th_pre_bid"": ""+24550"", ""buy_3th_pre_req"": ""2603"", ""buy_3th_pre_req_pre"": ""0"", ""buy_4th_pre_bid"": ""+24500"", ""buy_4th_pre_req"": ""1900"", ""buy_4th_pre_req_pre"": ""0"", ""buy_5th_pre_bid"": ""+24450"", ""buy_5th_pre_req"": ""1066"", ""buy_5th_pre_req_pre"": ""0"", ""buy_6th_pre_bid"": ""24400"", ""buy_6th_pre_req"": ""3190"", ""buy_6th_pre_req_pre"": ""0"", ""buy_7th_pre_bid"": ""-24350"", ""buy_7th_pre_req"": ""2254"", ""buy_7th_pre_req_pre"": ""0"", ""buy_8th_pre_bid"": ""-24300"", ""buy_8th_pre_req"": ""3352"", ""buy_8th_pre_req_pre"": ""0"", ""buy_9th_pre_bid"": ""-24250"", ""buy_9th_pre_req"": ""1350"", ""buy_9th_pre_req_pre"": ""0"", ""buy_10th_pre_bid"": ""-24200"", ""buy_10th_pre_req"": ""784"", ""buy_10th_pre_req_pre"": ""0"", ""tot_sel_req_jub_pre"": ""+179"", ""tot_sel_req"": ""68654"", ""tot_buy_req"": ""28487"", ""tot_buy_req_jub_pre"": ""0"", ""ovt_sel_req_pre"": ""0"", ""ovt_sel_req"": ""0"", ""ovt_buy_req"": ""0"", ""ovt_buy_req_pre"": ""0"", ""return_code"": 0, ""return_msg"": ""정상적으로 처리되었습니다""}"
2026-06-10,scan_candidate,005940,,0,main_scan,31050,,31050,31000,31050,31050,-0.1610305958132045,0.1610305958132045,,,,,,"{""bid_req_base_tm"": ""103515"", ""sel_10th_pre_req_pre"": ""0"", ""sel_10th_pre_req"": ""389"", ""sel_10th_pre_bid"": ""+31500"", ""sel_9th_pre_req_pre"": ""0"", ""sel_9th_pre_req"": ""29"", ""sel_9th_pre_bid"": ""+31450"", ""sel_8th_pre_req_pre"": ""0"", ""sel_8th_pre_req"": ""310"", ""sel_8th_pre_bid"": ""+31400"", ""sel_7th_pre_req_pre"": ""0"", ""sel_7th_pre_req"": ""529"", ""sel_7th_pre_bid"": ""+31350"", ""sel_6th_pre_req_pre"": ""0"", ""sel_6th_pre_req"": ""840"", ""sel_6th_pre_bid"": ""+31300"", ""sel_5th_pre_req_pre"": ""0"", ""sel_5th_pre_req"": ""158"", ""sel_5th_pre_bid"": ""31250"", ""sel_4th_pre_req_pre"": ""0"", ""sel_4th_pre_req"": ""257"", ""sel_4th_pre_bid"": ""-31200"", ""sel_3th_pre_req_pre"": ""0"", ""sel_3th_pre_req"": ""72"", ""sel_3th_pre_bid"": ""-31150"", ""sel_2th_pre_req_pre"": ""0"", ""sel_2th_pre_req"": ""20"", ""sel_2th_pre_bid"": ""-31100"", ""sel_1th_pre_req_pre"": ""0"", ""sel_fpr_req"": ""327"", ""sel_fpr_bid"": ""-31050"", ""buy_fpr_bid"": ""-31000"", ""buy_fpr_req"": ""431"", ""buy_1th_pre_req_pre"": ""+1"", ""buy_2th_pre_bid"": ""-30950"", ""buy_2th_pre_req"": ""888"", ""buy_2th_pre_req_pre"": ""0"", ""buy_3th_pre_bid"": ""-30900"", ""buy_3th_pre_req"": ""113"", ""buy_3th_pre_req_pre"": ""0"", ""buy_4th_pre_bid"": ""-30850"", ""buy_4th_pre_req"": ""35"", ""buy_4th_pre_req_pre"": ""0"", ""buy_5th_pre_bid"": ""-30800"", ""buy_5th_pre_req"": ""744"", ""buy_5th_pre_req_pre"": ""0"", ""buy_6th_pre_bid"": ""-30750"", ""buy_6th_pre_req"": ""12"", ""buy_6th_pre_req_pre"": ""0"", ""buy_7th_pre_bid"": ""-30700"", ""buy_7th_pre_req"": ""388"", ""buy_7th_pre_req_pre"": ""0"", ""buy_8th_pre_bid"": ""-30650"", ""buy_8th_pre_req"": ""116"", ""buy_8th_pre_req_pre"": ""0"", ""buy_9th_pre_bid"": ""-30600"", ""buy_9th_pre_req"": ""288"", ""buy_9th_pre_req_pre"": ""0"", ""buy_10th_pre_bid"": ""-30550"", ""buy_10th_pre_req"": ""296"", ""buy_10th_pre_req_pre"": ""0"", ""tot_sel_req_jub_pre"": ""0"", ""tot_sel_req"": ""2931"", ""tot_buy_req"": ""3311"", ""tot_buy_req_jub_pre"": ""+1"", ""ovt_sel_req_pre"": ""0"", ""ovt_sel_req"": ""0"", ""ovt_buy_req"": ""0"", ""ovt_buy_req_pre"": ""0"", ""return_code"": 0, ""return_msg"": ""정상적으로 처리되었습니다""}"
2026-06-10,scan_candidate,064400,,0,main_scan,96900,,96900,96800,96900,96900,-0.10319917440660474,0.10319917440660474,,,,,,"{""bid_req_base_tm"": ""103515"", ""sel_10th_pre_req_pre"": ""0"", ""sel_10th_pre_req"": ""384"", ""sel_10th_pre_bid"": ""-97800"", ""sel_9th_pre_req_pre"": ""0"", ""sel_9th_pre_req"": ""228"", ""sel_9th_pre_bid"": ""-97700"", ""sel_8th_pre_req_pre"": ""0"", ""sel_8th_pre_req"": ""216"", ""sel_8th_pre_bid"": ""-97600"", ""sel_7th_pre_req_pre"": ""0"", ""sel_7th_pre_req"": ""739"", ""sel_7th_pre_bid"": ""-97500"", ""sel_6th_pre_req_pre"": ""0"", ""sel_6th_pre_req"": ""502"", ""sel_6th_pre_bid"": ""-97400"", ""sel_5th_pre_req_pre"": ""0"", ""sel_5th_pre_req"": ""352"", ""sel_5th_pre_bid"": ""-97300"", ""sel_4th_pre_req_pre"": ""0"", ""sel_4th_pre_req"": ""280"", ""sel_4th_pre_bid"": ""-97200"", ""sel_3th_pre_req_pre"": ""0"", ""sel_3th_pre_req"": ""102"", ""sel_3th_pre_bid"": ""-97100"", ""sel_2th_pre_req_pre"": ""0"", ""sel_2th_pre_req"": ""774"", ""sel_2th_pre_bid"": ""-97000"", ""sel_1th_pre_req_pre"": ""0"", ""sel_fpr_req"": ""396"", ""sel_fpr_bid"": ""-96900"", ""buy_fpr_bid"": ""-96800"", ""buy_fpr_req"": ""540"", ""buy_1th_pre_req_pre"": ""0"", ""buy_2th_pre_bid"": ""-96500"", ""buy_2th_pre_req"": ""427"", ""buy_2th_pre_req_pre"": ""0"", ""buy_3th_pre_bid"": ""-96400"", ""buy_3th_pre_req"": ""335"", ""buy_3th_pre_req_pre"": ""0"", ""buy_4th_pre_bid"": ""-96300"", ""buy_4th_pre_req"": ""1058"", ""buy_4th_pre_req_pre"": ""0"", ""buy_5th_pre_bid"": ""-96200"", ""buy_5th_pre_req"": ""1193"", ""buy_5th_pre_req_pre"": ""0"", ""buy_6th_pre_bid"": ""-96100"", ""buy_6th_pre_req"": ""1183"", ""buy_6th_pre_req_pre"": ""0"", ""buy_7th_pre_bid"": ""-96000"", ""buy_7th_pre_req"": ""2170"", ""buy_7th_pre_req_pre"": ""0"", ""buy_8th_pre_bid"": ""-95900"", ""buy_8th_pre_req"": ""1714"", ""buy_8th_pre_req_pre"": ""0"", ""buy_9th_pre_bid"": ""-95800"", ""buy_9th_pre_req"": ""1374"", ""buy_9th_pre_req_pre"": ""0"", ""buy_10th_pre_bid"": ""-95700"", ""buy_10th_pre_req"": ""1104"", ""buy_10th_pre_req_pre"": ""0"", ""tot_sel_req_jub_pre"": ""0"", ""tot_sel_req"": ""3973"", ""tot_buy_req"": ""11098"", ""tot_buy_req_jub_pre"": ""0"", ""ovt_sel_req_pre"": ""0"", ""ovt_sel_req"": ""0"", ""ovt_buy_req"": ""0"", ""ovt_buy_req_pre"": ""0"", ""return_code"": 0, ""return_msg"": ""정상적으로 처리되었습니다""}"
2026-06-10,scan_candidate,003490,,0,main_scan,25650,,25650,25600,25650,25450,-0.9746588693957114,0.1949317738791423,,,,,,"{""bid_req_base_tm"": ""103515"", ""sel_10th_pre_req_pre"": ""0"", ""sel_10th_pre_req"": ""16292"", ""sel_10th_pre_bid"": ""+26100"", ""sel_9th_pre_req_pre"": ""0"", ""sel_9th_pre_req"": ""3322"", ""sel_9th_pre_bid"": ""+26050"", ""sel_8th_pre_req_pre"": ""0"", ""sel_8th_pre_req"": ""43679"", ""sel_8th_pre_bid"": ""+26000"", ""sel_7th_pre_req_pre"": ""0"", ""sel_7th_pre_req"": ""18935"", ""sel_7th_pre_bid"": ""+25950"", ""sel_6th_pre_req_pre"": ""0"", ""sel_6th_pre_req"": ""18616"", ""sel_6th_pre_bid"": ""+25900"", ""sel_5th_pre_req_pre"": ""0"", ""sel_5th_pre_req"": ""9805"", ""sel_5th_pre_bid"": ""+25850"", ""sel_4th_pre_req_pre"": ""0"", ""sel_4th_pre_req"": ""51718"", ""sel_4th_pre_bid"": ""+25800"", ""sel_3th_pre_req_pre"": ""0"", ""sel_3th_pre_req"": ""11766"", ""sel_3th_pre_bid"": ""+25750"", ""sel_2th_pre_req_pre"": ""0"", ""sel_2th_pre_req"": ""4590"", ""sel_2th_pre_bid"": ""+25700"", ""sel_1th_pre_req_pre"": ""--26"", ""sel_fpr_req"": ""5673"", ""sel_fpr_bid"": ""+25650"", ""buy_fpr_bid"": ""+25600"", ""buy_fpr_req"": ""3099"", ""buy_1th_pre_req_pre"": ""+26"", ""buy_2th_pre_bid"": ""+25550"", ""buy_2th_pre_req"": ""2502"", ""buy_2th_pre_req_pre"": ""0"", ""buy_3th_pre_bid"": ""+25500"", ""buy_3th_pre_req"": ""1673"", ""buy_3th_pre_req_pre"": ""--26"", ""buy_4th_pre_bid"": ""+25450"", ""buy_4th_pre_req"": ""2037"", ""buy_4th_pre_req_pre"": ""0"", ""buy_5th_pre_bid"": ""+25400"", ""buy_5th_pre_req"": ""5108"", ""buy_5th_pre_req_pre"": ""0"", ""buy_6th_pre_bid"": ""+25350"", ""buy_6th_pre_req"": ""4433"", ""buy_6th_pre_req_pre"": ""0"", ""buy_7th_pre_bid"": ""+25300"", ""buy_7th_pre_req"": ""1645"", ""buy_7th_pre_req_pre"": ""0"", ""buy_8th_pre_bid"": ""+25250"", ""buy_8th_pre_req"": ""2815"", ""buy_8th_pre_req_pre"": ""0"", ""buy_9th_pre_bid"": ""+25200"", ""buy_9th_pre_req"": ""5974"", ""buy_9th_pre_req_pre"": ""0"", ""buy_10th_pre_bid"": ""+25150"", ""buy_10th_pre_req"": ""1971"", ""buy_10th_pre_req_pre"": ""0"", ""tot_sel_req_jub_pre"": ""--26"", ""tot_sel_req"": ""184396"", ""tot_buy_req"": ""31257"", ""tot_buy_req_jub_pre"": ""0"", ""ovt_sel_req_pre"": ""0"", ""ovt_sel_req"": ""0"", ""ovt_buy_req"": ""0"", ""ovt_buy_req_pre"": ""0"", ""return_code"": 0, ""return_msg"": ""정상적으로 처리되었습니다""}"
2026-06-10,scan_candidate,161390,,0,main_scan,71600,,71600,71500,71600,72000,0.41899441340782123,0.13966480446927373,,,,,,"{""bid_req_base_tm"": ""103515"", ""sel_10th_pre_req_pre"": ""0"", ""sel_10th_pre_req"": ""176"", ""sel_10th_pre_bid"": ""-72500"", ""sel_9th_pre_req_pre"": ""0"", ""sel_9th_pre_req"": ""5"", ""sel_9th_pre_bid"": ""-72400"", ""sel_8th_pre_req_pre"": ""0"", ""sel_8th_pre_req"": ""34"", ""sel_8th_pre_bid"": ""-72300"", ""sel_7th_pre_req_pre"": ""0"", ""sel_7th_pre_req"": ""19"", ""sel_7th_pre_bid"": ""-72200"", ""sel_6th_pre_req_pre"": ""0"", ""sel_6th_pre_req"": ""31"", ""sel_6th_pre_bid"": ""-72100"", ""sel_5th_pre_req_pre"": ""0"", ""sel_5th_pre_req"": ""151"", ""sel_5th_pre_bid"": ""-72000"", ""sel_4th_pre_req_pre"": ""0"", ""sel_4th_pre_req"": ""326"", ""sel_4th_pre_bid"": ""-71900"", ""sel_3th_pre_req_pre"": ""0"", ""sel_3th_pre_req"": ""2"", ""sel_3th_pre_bid"": ""-71800"", ""sel_2th_pre_req_pre"": ""0"", ""sel_2th_pre_req"": ""325"", ""sel_2th_pre_bid"": ""-71700"", ""sel_1th_pre_req_pre"": ""0"", ""sel_fpr_req"": ""355"", ""sel_fpr_bid"": ""-71600"", ""buy_fpr_bid"": ""-71500"", ""buy_fpr_req"": ""1630"", ""buy_1th_pre_req_pre"": ""--1"", ""buy_2th_pre_bid"": ""-71400"", ""buy_2th_pre_req"": ""376"", ""buy_2th_pre_req_pre"": ""0"", ""buy_3th_pre_bid"": ""-71300"", ""buy_3th_pre_req"": ""40"", ""buy_3th_pre_req_pre"": ""0"", ""buy_4th_pre_bid"": ""-71200"", ""buy_4th_pre_req"": ""130"", ""buy_4th_pre_req_pre"": ""0"", ""buy_5th_pre_bid"": ""-71100"", ""buy_5th_pre_req"": ""261"", ""buy_5th_pre_req_pre"": ""0"", ""buy_6th_pre_bid"": ""-71000"", ""buy_6th_pre_req"": ""1091"", ""buy_6th_pre_req_pre"": ""0"", ""buy_7th_pre_bid"": ""-70900"", ""buy_7th_pre_req"": ""2119"", ""buy_7th_pre_req_pre"": ""0"", ""buy_8th_pre_bid"": ""-70800"", ""buy_8th_pre_req"": ""164"", ""buy_8th_pre_req_pre"": ""0"", ""buy_9th_pre_bid"": ""-70700"", ""buy_9th_pre_req"": ""72"", ""buy_9th_pre_req_pre"": ""0"", ""buy_10th_pre_bid"": ""-70600"", ""buy_10th_pre_req"": ""87"", ""buy_10th_pre_req_pre"": ""0"", ""tot_sel_req_jub_pre"": ""0"", ""tot_sel_req"": ""1424"", ""tot_buy_req"": ""5970"", ""tot_buy_req_jub_pre"": ""--1"", ""ovt_sel_req_pre"": ""0"", ""ovt_sel_req"": ""0"", ""ovt_buy_req"": ""0"", ""ovt_buy_req_pre"": ""0"", ""return_code"": 0, ""return_msg"": ""정상적으로 처리되었습니다""}"
2026-06-10,scan_candidate,003230,,0,main_scan,1152000,,1152000,1150000,1152000,1150000,-0.26041666666666663,0.1736111111111111,,,,,,"{""bid_req_base_tm"": ""103515"", ""sel_10th_pre_req_pre"": ""0"", ""sel_10th_pre_req"": ""67"", ""sel_10th_pre_bid"": ""+1161000"", ""sel_9th_pre_req_pre"": ""0"", ""sel_9th_pre_req"": ""94"", ""sel_9th_pre_bid"": ""+1160000"", ""sel_8th_pre_req_pre"": ""0"", ""sel_8th_pre_req"": ""24"", ""sel_8th_pre_bid"": ""+1159000"", ""sel_7th_pre_req_pre"": ""0"", ""sel_7th_pre_req"": ""7"", ""sel_7th_pre_bid"": ""+1158000"", ""sel_6th_pre_req_pre"": ""0"", ""sel_6th_pre_req"": ""9"", ""sel_6th_pre_bid"": ""+1157000"", ""sel_5th_pre_req_pre"": ""0"", ""sel_5th_pre_req"": ""13"", ""sel_5th_pre_bid"": ""+1156000"", ""sel_4th_pre_req_pre"": ""0"", ""sel_4th_pre_req"": ""15"", ""sel_4th_pre_bid"": ""+1155000"", ""sel_3th_pre_req_pre"": ""0"", ""sel_3th_pre_req"": ""9"", ""sel_3th_pre_bid"": ""+1154000"", ""sel_2th_pre_req_pre"": ""0"", ""sel_2th_pre_req"": ""6"", ""sel_2th_pre_bid"": ""+1153000"", ""sel_1th_pre_req_pre"": ""0"", ""sel_fpr_req"": ""18"", ""sel_fpr_bid"": ""+1152000"", ""buy_fpr_bid"": ""+1150000"", ""buy_fpr_req"": ""7"", ""buy_1th_pre_req_pre"": ""0"", ""buy_2th_pre_bid"": ""+1149000"", ""buy_2th_pre_req"": ""16"", ""buy_2th_pre_req_pre"": ""0"", ""buy_3th_pre_bid"": ""+1148000"", ""buy_3th_pre_req"": ""22"", ""buy_3th_pre_req_pre"": ""0"", ""buy_4th_pre_bid"": ""+1147000"", ""buy_4th_pre_req"": ""8"", ""buy_4th_pre_req_pre"": ""0"", ""buy_5th_pre_bid"": ""+1146000"", ""buy_5th_pre_req"": ""44"", ""buy_5th_pre_req_pre"": ""0"", ""buy_6th_pre_bid"": ""+1145000"", ""buy_6th_pre_req"": ""50"", ""buy_6th_pre_req_pre"": ""0"", ""buy_7th_pre_bid"": ""+1144000"", ""buy_7th_pre_req"": ""9"", ""buy_7th_pre_req_pre"": ""0"", ""buy_8th_pre_bid"": ""+1143000"", ""buy_8th_pre_req"": ""5"", ""buy_8th_pre_req_pre"": ""0"", ""buy_9th_pre_bid"": ""+1142000"", ""buy_9th_pre_req"": ""5"", ""buy_9th_pre_req_pre"": ""0"", ""buy_10th_pre_bid"": ""+1141000"", ""buy_10th_pre_req"": ""8"", ""buy_10th_pre_req_pre"": ""0"", ""tot_sel_req_jub_pre"": ""+65"", ""tot_sel_req"": ""262"", ""tot_buy_req"": ""174"", ""tot_buy_req_jub_pre"": ""0"", ""ovt_sel_req_pre"": ""0"", ""ovt_sel_req"": ""0"", ""ovt_buy_req"": ""0"", ""ovt_buy_req_pre"": ""0"", ""return_code"": 0, ""return_msg"": ""정상적으로 처리되었습니다""}"
2026-06-10,scan_candidate,000880,,0,main_scan,121000,,121000,120800,121000,120000,-1.2396694214876034,0.1652892561983471,,,,,,"{""bid_req_base_tm"": ""103515"", ""sel_10th_pre_req_pre"": ""0"", ""sel_10th_pre_req"": ""14"", ""sel_10th_pre_bid"": ""+121900"", ""sel_9th_pre_req_pre"": ""0"", ""sel_9th_pre_req"": ""156"", ""sel_9th_pre_bid"": ""+121800"", ""sel_8th_pre_req_pre"": ""0"", ""sel_8th_pre_req"": ""143"", ""sel_8th_pre_bid"": ""+121700"", ""sel_7th_pre_req_pre"": ""0"", ""sel_7th_pre_req"": ""60"", ""sel_7th_pre_bid"": ""+121600"", ""sel_6th_pre_req_pre"": ""0"", ""sel_6th_pre_req"": ""242"", ""sel_6th_pre_bid"": ""+121500"", ""sel_5th_pre_req_pre"": ""0"", ""sel_5th_pre_req"": ""13"", ""sel_5th_pre_bid"": ""+121400"", ""sel_4th_pre_req_pre"": ""0"", ""sel_4th_pre_req"": ""10"", ""sel_4th_pre_bid"": ""+121300"", ""sel_3th_pre_req_pre"": ""0"", ""sel_3th_pre_req"": ""91"", ""sel_3th_pre_bid"": ""+121200"", ""sel_2th_pre_req_pre"": ""0"", ""sel_2th_pre_req"": ""109"", ""sel_2th_pre_bid"": ""+121100"", ""sel_1th_pre_req_pre"": ""0"", ""sel_fpr_req"": ""24"", ""sel_fpr_bid"": ""+121000"", ""buy_fpr_bid"": ""+120800"", ""buy_fpr_req"": ""130"", ""buy_1th_pre_req_pre"": ""--8"", ""buy_2th_pre_bid"": ""+120700"", ""buy_2th_pre_req"": ""21"", ""buy_2th_pre_req_pre"": ""0"", ""buy_3th_pre_bid"": ""+120600"", ""buy_3th_pre_req"": ""35"", ""buy_3th_pre_req_pre"": ""0"", ""buy_4th_pre_bid"": ""+120400"", ""buy_4th_pre_req"": ""79"", ""buy_4th_pre_req_pre"": ""0"", ""buy_5th_pre_bid"": ""+120200"", ""buy_5th_pre_req"": ""10"", ""buy_5th_pre_req_pre"": ""0"", ""buy_6th_pre_bid"": ""+120000"", ""buy_6th_pre_req"": ""17"", ""buy_6th_pre_req_pre"": ""0"", ""buy_7th_pre_bid"": ""+119800"", ""buy_7th_pre_req"": ""100"", ""buy_7th_pre_req_pre"": ""0"", ""buy_8th_pre_bid"": ""+119700"", ""buy_8th_pre_req"": ""124"", ""buy_8th_pre_req_pre"": ""0"", ""buy_9th_pre_bid"": ""+119400"", ""buy_9th_pre_req"": ""2"", ""buy_9th_pre_req_pre"": ""0"", ""buy_10th_pre_bid"": ""+118900"", ""buy_10th_pre_req"": ""1"", ""buy_10th_pre_req_pre"": ""0"", ""tot_sel_req_jub_pre"": ""0"", ""tot_sel_req"": ""862"", ""tot_buy_req"": ""519"", ""tot_buy_req_jub_pre"": ""--8"", ""ovt_sel_req_pre"": ""0"", ""ovt_sel_req"": ""0"", ""ovt_buy_req"": ""0"", ""ovt_buy_req_pre"": ""0"", ""return_code"": 0, ""return_msg"": ""정상적으로 처리되었습니다""}"
2026-06-10,scan_candidate,180640,,0,main_scan,119900,,119900,119400,119900,119500,-0.7506255212677231,0.4170141784820684,,,,,,"{""bid_req_base_tm"": ""103515"", ""sel_10th_pre_req_pre"": ""0"", ""sel_10th_pre_req"": ""415"", ""sel_10th_pre_bid"": ""+120800"", ""sel_9th_pre_req_pre"": ""0"", ""sel_9th_pre_req"": ""96"", ""sel_9th_pre_bid"": ""+120700"", ""sel_8th_pre_req_pre"": ""0"", ""sel_8th_pre_req"": ""21"", ""sel_8th_pre_bid"": ""+120600"", ""sel_7th_pre_req_pre"": ""0"", ""sel_7th_pre_req"": ""20"", ""sel_7th_pre_bid"": ""+120500"", ""sel_6th_pre_req_pre"": ""0"", ""sel_6th_pre_req"": ""42"", ""sel_6th_pre_bid"": ""+120400"", ""sel_5th_pre_req_pre"": ""0"", ""sel_5th_pre_req"": ""90"", ""sel_5th_pre_bid"": ""+120300"", ""sel_4th_pre_req_pre"": ""0"", ""sel_4th_pre_req"": ""20"", ""sel_4th_pre_bid"": ""+120200"", ""sel_3th_pre_req_pre"": ""0"", ""sel_3th_pre_req"": ""20"", ""sel_3th_pre_bid"": ""+120100"", ""sel_2th_pre_req_pre"": ""0"", ""sel_2th_pre_req"": ""33"", ""sel_2th_pre_bid"": ""+120000"", ""sel_1th_pre_req_pre"": ""0"", ""sel_fpr_req"": ""21"", ""sel_fpr_bid"": ""+119900"", ""buy_fpr_bid"": ""+119400"", ""buy_fpr_req"": ""54"", ""buy_1th_pre_req_pre"": ""+47"", ""buy_2th_pre_bid"": ""+119300"", ""buy_2th_pre_req"": ""62"", ""buy_2th_pre_req_pre"": ""0"", ""buy_3th_pre_bid"": ""+119200"", ""buy_3th_pre_req"": ""68"", ""buy_3th_pre_req_pre"": ""0"", ""buy_4th_pre_bid"": ""+119100"", ""buy_4th_pre_req"": ""46"", ""buy_4th_pre_req_pre"": ""0"", ""buy_5th_pre_bid"": ""+119000"", ""buy_5th_pre_req"": ""19"", ""buy_5th_pre_req_pre"": ""0"", ""buy_6th_pre_bid"": ""+118800"", ""buy_6th_pre_req"": ""168"", ""buy_6th_pre_req_pre"": ""0"", ""buy_7th_pre_bid"": ""+118700"", ""buy_7th_pre_req"": ""1"", ""buy_7th_pre_req_pre"": ""0"", ""buy_8th_pre_bid"": ""+118600"", ""buy_8th_pre_req"": ""1"", ""buy_8th_pre_req_pre"": ""0"", ""buy_9th_pre_bid"": ""+118500"", ""buy_9th_pre_req"": ""1"", ""buy_9th_pre_req_pre"": ""0"", ""buy_10th_pre_bid"": ""+118400"", ""buy_10th_pre_req"": ""327"", ""buy_10th_pre_req_pre"": ""0"", ""tot_sel_req_jub_pre"": ""0"", ""tot_sel_req"": ""778"", ""tot_buy_req"": ""747"", ""tot_buy_req_jub_pre"": ""+47"", ""ovt_sel_req_pre"": ""0"", ""ovt_sel_req"": ""0"", ""ovt_buy_req"": ""0"", ""ovt_buy_req_pre"": ""0"", ""return_code"": 0, ""return_msg"": ""정상적으로 처리되었습니다""}"
2026-06-10,scan_candidate,454910,,0,main_scan,111700,,111700,111600,111700,111000,-1.0743061772605194,0.08952551477170993,,,,,,"{""bid_req_base_tm"": ""103516"", ""sel_10th_pre_req_pre"": ""0"", ""sel_10th_pre_req"": ""45"", ""sel_10th_pre_bid"": ""-112600"", ""sel_9th_pre_req_pre"": ""0"", ""sel_9th_pre_req"": ""1326"", ""sel_9th_pre_bid"": ""-112500"", ""sel_8th_pre_req_pre"": ""0"", ""sel_8th_pre_req"": ""319"", ""sel_8th_pre_bid"": ""-112400"", ""sel_7th_pre_req_pre"": ""0"", ""sel_7th_pre_req"": ""946"", ""sel_7th_pre_bid"": ""-112300"", ""sel_6th_pre_req_pre"": ""0"", ""sel_6th_pre_req"": ""314"", ""sel_6th_pre_bid"": ""-112200"", ""sel_5th_pre_req_pre"": ""0"", ""sel_5th_pre_req"": ""413"", ""sel_5th_pre_bid"": ""-112100"", ""sel_4th_pre_req_pre"": ""0"", ""sel_4th_pre_req"": ""1271"", ""sel_4th_pre_bid"": ""-112000"", ""sel_3th_pre_req_pre"": ""0"", ""sel_3th_pre_req"": ""931"", ""sel_3th_pre_bid"": ""-111900"", ""sel_2th_pre_req_pre"": ""0"", ""sel_2th_pre_req"": ""396"", ""sel_2th_pre_bid"": ""-111800"", ""sel_1th_pre_req_pre"": ""0"", ""sel_fpr_req"": ""83"", ""sel_fpr_bid"": ""-111700"", ""buy_fpr_bid"": ""-111600"", ""buy_fpr_req"": ""125"", ""buy_1th_pre_req_pre"": ""0"", ""buy_2th_pre_bid"": ""-111500"", ""buy_2th_pre_req"": ""355"", ""buy_2th_pre_req_pre"": ""0"", ""buy_3th_pre_bid"": ""-111400"", ""buy_3th_pre_req"": ""513"", ""buy_3th_pre_req_pre"": ""0"", ""buy_4th_pre_bid"": ""-111300"", ""buy_4th_pre_req"": ""216"", ""buy_4th_pre_req_pre"": ""0"", ""buy_5th_pre_bid"": ""-111200"", ""buy_5th_pre_req"": ""414"", ""buy_5th_pre_req_pre"": ""+2"", ""buy_6th_pre_bid"": ""-111100"", ""buy_6th_pre_req"": ""15"", ""buy_6th_pre_req_pre"": ""0"", ""buy_7th_pre_bid"": ""-111000"", ""buy_7th_pre_req"": ""272"", ""buy_7th_pre_req_pre"": ""0"", ""buy_8th_pre_bid"": ""-110900"", ""buy_8th_pre_req"": ""149"", ""buy_8th_pre_req_pre"": ""0"", ""buy_9th_pre_bid"": ""-110800"", ""buy_9th_pre_req"": ""39"", ""buy_9th_pre_req_pre"": ""0"", ""buy_10th_pre_bid"": ""-110700"", ""buy_10th_pre_req"": ""254"", ""buy_10th_pre_req_pre"": ""0"", ""tot_sel_req_jub_pre"": ""0"", ""tot_sel_req"": ""6044"", ""tot_buy_req"": ""2352"", ""tot_buy_req_jub_pre"": ""+2"", ""ovt_sel_req_pre"": ""0"", ""ovt_sel_req"": ""0"", ""ovt_buy_req"": ""0"", ""ovt_buy_req_pre"": ""0"", ""return_code"": 0, ""return_msg"": ""정상적으로 처리되었습니다""}"
2026-06-10,scan_candidate,353200,,0,main_scan,159600,,159600,159500,159600,159500,-0.37593984962406013,0.06265664160401002,,,,,,"{""bid_req_base_tm"": ""103516"", ""sel_10th_pre_req_pre"": ""0"", ""sel_10th_pre_req"": ""484"", ""sel_10th_pre_bid"": ""+160500"", ""sel_9th_pre_req_pre"": ""0"", ""sel_9th_pre_req"": ""179"", ""sel_9th_pre_bid"": ""+160400"", ""sel_8th_pre_req_pre"": ""0"", ""sel_8th_pre_req"": ""189"", ""sel_8th_pre_bid"": ""+160300"", ""sel_7th_pre_req_pre"": ""0"", ""sel_7th_pre_req"": ""159"", ""sel_7th_pre_bid"": ""+160200"", ""sel_6th_pre_req_pre"": ""0"", ""sel_6th_pre_req"": ""158"", ""sel_6th_pre_bid"": ""+160100"", ""sel_5th_pre_req_pre"": ""0"", ""sel_5th_pre_req"": ""391"", ""sel_5th_pre_bid"": ""+160000"", ""sel_4th_pre_req_pre"": ""0"", ""sel_4th_pre_req"": ""78"", ""sel_4th_pre_bid"": ""+159900"", ""sel_3th_pre_req_pre"": ""0"", ""sel_3th_pre_req"": ""87"", ""sel_3th_pre_bid"": ""+159800"", ""sel_2th_pre_req_pre"": ""0"", ""sel_2th_pre_req"": ""60"", ""sel_2th_pre_bid"": ""+159700"", ""sel_1th_pre_req_pre"": ""0"", ""sel_fpr_req"": ""174"", ""sel_fpr_bid"": ""+159600"", ""buy_fpr_bid"": ""+159500"", ""buy_fpr_req"": ""22"", ""buy_1th_pre_req_pre"": ""0"", ""buy_2th_pre_bid"": ""+159400"", ""buy_2th_pre_req"": ""134"", ""buy_2th_pre_req_pre"": ""0"", ""buy_3th_pre_bid"": ""+159300"", ""buy_3th_pre_req"": ""130"", ""buy_3th_pre_req_pre"": ""0"", ""buy_4th_pre_bid"": ""+159200"", ""buy_4th_pre_req"": ""87"", ""buy_4th_pre_req_pre"": ""0"", ""buy_5th_pre_bid"": ""+159100"", ""buy_5th_pre_req"": ""30"", ""buy_5th_pre_req_pre"": ""0"", ""buy_6th_pre_bid"": ""+159000"", ""buy_6th_pre_req"": ""592"", ""buy_6th_pre_req_pre"": ""0"", ""buy_7th_pre_bid"": ""+158900"", ""buy_7th_pre_req"": ""158"", ""buy_7th_pre_req_pre"": ""0"", ""buy_8th_pre_bid"": ""+158800"", ""buy_8th_pre_req"": ""166"", ""buy_8th_pre_req_pre"": ""0"", ""buy_9th_pre_bid"": ""+158700"", ""buy_9th_pre_req"": ""29"", ""buy_9th_pre_req_pre"": ""0"", ""buy_10th_pre_bid"": ""+158600"", ""buy_10th_pre_req"": ""1"", ""buy_10th_pre_req_pre"": ""0"", ""tot_sel_req_jub_pre"": ""+476"", ""tot_sel_req"": ""1959"", ""tot_buy_req"": ""1349"", ""tot_buy_req_jub_pre"": ""--16"", ""ovt_sel_req_pre"": ""0"", ""ovt_sel_req"": ""0"", ""ovt_buy_req"": ""0"", ""ovt_buy_req_pre"": ""0"", ""return_code"": 0, ""return_msg"": ""정상적으로 처리되었습니다""}"
2026-06-10,scan_candidate,034220,,0,main_scan,13330,,13330,13310,13330,13300,-0.6001500375093773,0.15003750937734434,,,,,,"{""bid_req_base_tm"": ""103516"", ""sel_10th_pre_req_pre"": ""0"", ""sel_10th_pre_req"": ""6390"", ""sel_10th_pre_bid"": ""-13420"", ""sel_9th_pre_req_pre"": ""0"", ""sel_9th_pre_req"": ""6753"", ""sel_9th_pre_bid"": ""-13410"", ""sel_8th_pre_req_pre"": ""0"", ""sel_8th_pre_req"": ""9217"", ""sel_8th_pre_bid"": ""-13400"", ""sel_7th_pre_req_pre"": ""0"", ""sel_7th_pre_req"": ""2369"", ""sel_7th_pre_bid"": ""-13390"", ""sel_6th_pre_req_pre"": ""0"", ""sel_6th_pre_req"": ""2579"", ""sel_6th_pre_bid"": ""-13380"", ""sel_5th_pre_req_pre"": ""0"", ""sel_5th_pre_req"": ""2704"", ""sel_5th_pre_bid"": ""-13370"", ""sel_4th_pre_req_pre"": ""0"", ""sel_4th_pre_req"": ""1077"", ""sel_4th_pre_bid"": ""-13360"", ""sel_3th_pre_req_pre"": ""0"", ""sel_3th_pre_req"": ""1372"", ""sel_3th_pre_bid"": ""-13350"", ""sel_2th_pre_req_pre"": ""0"", ""sel_2th_pre_req"": ""101"", ""sel_2th_pre_bid"": ""-13340"", ""sel_1th_pre_req_pre"": ""--1"", ""sel_fpr_req"": ""478"", ""sel_fpr_bid"": ""-13330"", ""buy_fpr_bid"": ""-13310"", ""buy_fpr_req"": ""32"", ""buy_1th_pre_req_pre"": ""0"", ""buy_2th_pre_bid"": ""-13300"", ""buy_2th_pre_req"": ""153"", ""buy_2th_pre_req_pre"": ""0"", ""buy_3th_pre_bid"": ""-13290"", ""buy_3th_pre_req"": ""20"", ""buy_3th_pre_req_pre"": ""0"", ""buy_4th_pre_bid"": ""-13270"", ""buy_4th_pre_req"": ""329"", ""buy_4th_pre_req_pre"": ""0"", ""buy_5th_pre_bid"": ""-13260"", ""buy_5th_pre_req"": ""1191"", ""buy_5th_pre_req_pre"": ""0"", ""buy_6th_pre_bid"": ""-13250"", ""buy_6th_pre_req"": ""2125"", ""buy_6th_pre_req_pre"": ""0"", ""buy_7th_pre_bid"": ""-13240"", ""buy_7th_pre_req"": ""2425"", ""buy_7th_pre_req_pre"": ""0"", ""buy_8th_pre_bid"": ""-13230"", ""buy_8th_pre_req"": ""1271"", ""buy_8th_pre_req_pre"": ""0"", ""buy_9th_pre_bid"": ""-13220"", ""buy_9th_pre_req"": ""1398"", ""buy_9th_pre_req_pre"": ""0"", ""buy_10th_pre_bid"": ""-13210"", ""buy_10th_pre_req"": ""2098"", ""buy_10th_pre_req_pre"": ""0"", ""tot_sel_req_jub_pre"": ""--1"", ""tot_sel_req"": ""33040"", ""tot_buy_req"": ""11042"", ""tot_buy_req_jub_pre"": ""0"", ""ovt_sel_req_pre"": ""0"", ""ovt_sel_req"": ""0"", ""ovt_buy_req"": ""0"", ""ovt_buy_req_pre"": ""0"", ""return_code"": 0, ""return_msg"": ""정상적으로 처리되었습니다""}"
2026-06-10,scan_candidate,267270,,0,main_scan,149900,,149900,149800,149900,149000,-0.9339559706470981,0.06671114076050699,,,,,,"{""bid_req_base_tm"": ""103516"", ""sel_10th_pre_req_pre"": ""0"", ""sel_10th_pre_req"": ""73"", ""sel_10th_pre_bid"": ""+150900"", ""sel_9th_pre_req_pre"": ""0"", ""sel_9th_pre_req"": ""26"", ""sel_9th_pre_bid"": ""+150800"", ""sel_8th_pre_req_pre"": ""0"", ""sel_8th_pre_req"": ""58"", ""sel_8th_pre_bid"": ""+150700"", ""sel_7th_pre_req_pre"": ""0"", ""sel_7th_pre_req"": ""2"", ""sel_7th_pre_bid"": ""+150600"", ""sel_6th_pre_req_pre"": ""0"", ""sel_6th_pre_req"": ""143"", ""sel_6th_pre_bid"": ""+150500"", ""sel_5th_pre_req_pre"": ""0"", ""sel_5th_pre_req"": ""64"", ""sel_5th_pre_bid"": ""+150400"", ""sel_4th_pre_req_pre"": ""0"", ""sel_4th_pre_req"": ""7"", ""sel_4th_pre_bid"": ""+150300"", ""sel_3th_pre_req_pre"": ""0"", ""sel_3th_pre_req"": ""23"", ""sel_3th_pre_bid"": ""+150100"", ""sel_2th_pre_req_pre"": ""0"", ""sel_2th_pre_req"": ""120"", ""sel_2th_pre_bid"": ""+150000"", ""sel_1th_pre_req_pre"": ""--1"", ""sel_fpr_req"": ""28"", ""sel_fpr_bid"": ""+149900"", ""buy_fpr_bid"": ""+149800"", ""buy_fpr_req"": ""53"", ""buy_1th_pre_req_pre"": ""0"", ""buy_2th_pre_bid"": ""+149700"", ""buy_2th_pre_req"": ""7"", ""buy_2th_pre_req_pre"": ""0"", ""buy_3th_pre_bid"": ""+149600"", ""buy_3th_pre_req"": ""6"", ""buy_3th_pre_req_pre"": ""0"", ""buy_4th_pre_bid"": ""+149500"", ""buy_4th_pre_req"": ""10"", ""buy_4th_pre_req_pre"": ""0"", ""buy_5th_pre_bid"": ""+149400"", ""buy_5th_pre_req"": ""8"", ""buy_5th_pre_req_pre"": ""0"", ""buy_6th_pre_bid"": ""+149300"", ""buy_6th_pre_req"": ""1"", ""buy_6th_pre_req_pre"": ""0"", ""buy_7th_pre_bid"": ""+149200"", ""buy_7th_pre_req"": ""43"", ""buy_7th_pre_req_pre"": ""0"", ""buy_8th_pre_bid"": ""+149100"", ""buy_8th_pre_req"": ""28"", ""buy_8th_pre_req_pre"": ""0"", ""buy_9th_pre_bid"": ""+149000"", ""buy_9th_pre_req"": ""2"", ""buy_9th_pre_req_pre"": ""0"", ""buy_10th_pre_bid"": ""+148700"", ""buy_10th_pre_req"": ""3"", ""buy_10th_pre_req_pre"": ""0"", ""tot_sel_req_jub_pre"": ""--1"", ""tot_sel_req"": ""544"", ""tot_buy_req"": ""161"", ""tot_buy_req_jub_pre"": ""0"", ""ovt_sel_req_pre"": ""0"", ""ovt_sel_req"": ""0"", ""ovt_buy_req"": ""0"", ""ovt_buy_req_pre"": ""0"", ""return_code"": 0, ""return_msg"": ""정상적으로 처리되었습니다""}"
2026-06-10,scan_candidate,062040,,0,main_scan,228500,,228500,228000,228500,227500,-0.6564551422319475,0.2188183807439825,,,,,,"{""bid_req_base_tm"": ""103517"", ""sel_10th_pre_req_pre"": ""0"", ""sel_10th_pre_req"": ""1439"", ""sel_10th_pre_bid"": ""+233000"", ""sel_9th_pre_req_pre"": ""0"", ""sel_9th_pre_req"": ""604"", ""sel_9th_pre_bid"": ""+232500"", ""sel_8th_pre_req_pre"": ""0"", ""sel_8th_pre_req"": ""466"", ""sel_8th_pre_bid"": ""+232000"", ""sel_7th_pre_req_pre"": ""0"", ""sel_7th_pre_req"": ""1036"", ""sel_7th_pre_bid"": ""+231500"", ""sel_6th_pre_req_pre"": ""0"", ""sel_6th_pre_req"": ""266"", ""sel_6th_pre_bid"": ""+231000"", ""sel_5th_pre_req_pre"": ""0"", ""sel_5th_pre_req"": ""103"", ""sel_5th_pre_bid"": ""+230500"", ""sel_4th_pre_req_pre"": ""0"", ""sel_4th_pre_req"": ""391"", ""sel_4th_pre_bid"": ""+230000"", ""sel_3th_pre_req_pre"": ""0"", ""sel_3th_pre_req"": ""48"", ""sel_3th_pre_bid"": ""+229500"", ""sel_2th_pre_req_pre"": ""0"", ""sel_2th_pre_req"": ""258"", ""sel_2th_pre_bid"": ""+229000"", ""sel_1th_pre_req_pre"": ""--14"", ""sel_fpr_req"": ""96"", ""sel_fpr_bid"": ""+228500"", ""buy_fpr_bid"": ""+228000"", ""buy_fpr_req"": ""75"", ""buy_1th_pre_req_pre"": ""0"", ""buy_2th_pre_bid"": ""+227500"", ""buy_2th_pre_req"": ""182"", ""buy_2th_pre_req_pre"": ""0"", ""buy_3th_pre_bid"": ""+227000"", ""buy_3th_pre_req"": ""188"", ""buy_3th_pre_req_pre"": ""0"", ""buy_4th_pre_bid"": ""+226500"", ""buy_4th_pre_req"": ""241"", ""buy_4th_pre_req_pre"": ""0"", ""buy_5th_pre_bid"": ""+226000"", ""buy_5th_pre_req"": ""293"", ""buy_5th_pre_req_pre"": ""0"", ""buy_6th_pre_bid"": ""+225500"", ""buy_6th_pre_req"": ""502"", ""buy_6th_pre_req_pre"": ""0"", ""buy_7th_pre_bid"": ""225000"", ""buy_7th_pre_req"": ""717"", ""buy_7th_pre_req_pre"": ""0"", ""buy_8th_pre_bid"": ""-224500"", ""buy_8th_pre_req"": ""71"", ""buy_8th_pre_req_pre"": ""0"", ""buy_9th_pre_bid"": ""-224000"", ""buy_9th_pre_req"": ""195"", ""buy_9th_pre_req_pre"": ""0"", ""buy_10th_pre_bid"": ""-223500"", ""buy_10th_pre_req"": ""70"", ""buy_10th_pre_req_pre"": ""0"", ""tot_sel_req_jub_pre"": ""--14"", ""tot_sel_req"": ""4707"", ""tot_buy_req"": ""2534"", ""tot_buy_req_jub_pre"": ""0"", ""ovt_sel_req_pre"": ""0"", ""ovt_sel_req"": ""0"", ""ovt_buy_req"": ""0"", ""ovt_buy_req_pre"": ""0"", ""return_code"": 0, ""return_msg"": ""정상적으로 처리되었습니다""}"
2026-06-10,scan_candidate,078930,,0,main_scan,73700,,73700,73600,73700,73900,0.13568521031207598,0.13568521031207598,,,,,,"{""bid_req_base_tm"": ""103516"", ""sel_10th_pre_req_pre"": ""0"", ""sel_10th_pre_req"": ""105"", ""sel_10th_pre_bid"": ""+74600"", ""sel_9th_pre_req_pre"": ""0"", ""sel_9th_pre_req"": ""65"", ""sel_9th_pre_bid"": ""+74500"", ""sel_8th_pre_req_pre"": ""0"", ""sel_8th_pre_req"": ""97"", ""sel_8th_pre_bid"": ""+74400"", ""sel_7th_pre_req_pre"": ""0"", ""sel_7th_pre_req"": ""2"", ""sel_7th_pre_bid"": ""+74300"", ""sel_6th_pre_req_pre"": ""0"", ""sel_6th_pre_req"": ""91"", ""sel_6th_pre_bid"": ""+74200"", ""sel_5th_pre_req_pre"": ""0"", ""sel_5th_pre_req"": ""27"", ""sel_5th_pre_bid"": ""+74100"", ""sel_4th_pre_req_pre"": ""0"", ""sel_4th_pre_req"": ""140"", ""sel_4th_pre_bid"": ""+74000"", ""sel_3th_pre_req_pre"": ""0"", ""sel_3th_pre_req"": ""34"", ""sel_3th_pre_bid"": ""+73900"", ""sel_2th_pre_req_pre"": ""0"", ""sel_2th_pre_req"": ""54"", ""sel_2th_pre_bid"": ""73800"", ""sel_1th_pre_req_pre"": ""+1"", ""sel_fpr_req"": ""19"", ""sel_fpr_bid"": ""-73700"", ""buy_fpr_bid"": ""-73600"", ""buy_fpr_req"": ""178"", ""buy_1th_pre_req_pre"": ""0"", ""buy_2th_pre_bid"": ""-73500"", ""buy_2th_pre_req"": ""185"", ""buy_2th_pre_req_pre"": ""0"", ""buy_3th_pre_bid"": ""-73400"", ""buy_3th_pre_req"": ""1"", ""buy_3th_pre_req_pre"": ""0"", ""buy_4th_pre_bid"": ""-73200"", ""buy_4th_pre_req"": ""536"", ""buy_4th_pre_req_pre"": ""0"", ""buy_5th_pre_bid"": ""-73100"", ""buy_5th_pre_req"": ""228"", ""buy_5th_pre_req_pre"": ""0"", ""buy_6th_pre_bid"": ""-73000"", ""buy_6th_pre_req"": ""2"", ""buy_6th_pre_req_pre"": ""0"", ""buy_7th_pre_bid"": ""-72900"", ""buy_7th_pre_req"": ""4"", ""buy_7th_pre_req_pre"": ""0"", ""buy_8th_pre_bid"": ""-72800"", ""buy_8th_pre_req"": ""20"", ""buy_8th_pre_req_pre"": ""0"", ""buy_9th_pre_bid"": ""-72700"", ""buy_9th_pre_req"": ""50"", ""buy_9th_pre_req_pre"": ""0"", ""buy_10th_pre_bid"": ""-72500"", ""buy_10th_pre_req"": ""10"", ""buy_10th_pre_req_pre"": ""0"", ""tot_sel_req_jub_pre"": ""+1"", ""tot_sel_req"": ""634"", ""tot_buy_req"": ""1214"", ""tot_buy_req_jub_pre"": ""0"", ""ovt_sel_req_pre"": ""0"", ""ovt_sel_req"": ""0"", ""ovt_buy_req"": ""0"", ""ovt_buy_req_pre"": ""0"", ""return_code"": 0, ""return_msg"": ""정상적으로 처리되었습니다""}"
2026-06-10,scan_candidate,090430,,0,main_scan,112700,,112700,112600,112700,112500,-0.6211180124223602,0.08873114463176575,,,,,,"{""bid_req_base_tm"": ""103516"", ""sel_10th_pre_req_pre"": ""0"", ""sel_10th_pre_req"": ""121"", ""sel_10th_pre_bid"": ""+113600"", ""sel_9th_pre_req_pre"": ""0"", ""sel_9th_pre_req"": ""262"", ""sel_9th_pre_bid"": ""+113500"", ""sel_8th_pre_req_pre"": ""0"", ""sel_8th_pre_req"": ""183"", ""sel_8th_pre_bid"": ""+113400"", ""sel_7th_pre_req_pre"": ""0"", ""sel_7th_pre_req"": ""165"", ""sel_7th_pre_bid"": ""+113300"", ""sel_6th_pre_req_pre"": ""0"", ""sel_6th_pre_req"": ""27"", ""sel_6th_pre_bid"": ""+113200"", ""sel_5th_pre_req_pre"": ""0"", ""sel_5th_pre_req"": ""61"", ""sel_5th_pre_bid"": ""+113100"", ""sel_4th_pre_req_pre"": ""0"", ""sel_4th_pre_req"": ""62"", ""sel_4th_pre_bid"": ""+113000"", ""sel_3th_pre_req_pre"": ""0"", ""sel_3th_pre_req"": ""2"", ""sel_3th_pre_bid"": ""+112900"", ""sel_2th_pre_req_pre"": ""0"", ""sel_2th_pre_req"": ""85"", ""sel_2th_pre_bid"": ""+112800"", ""sel_1th_pre_req_pre"": ""+2"", ""sel_fpr_req"": ""274"", ""sel_fpr_bid"": ""+112700"", ""buy_fpr_bid"": ""+112600"", ""buy_fpr_req"": ""186"", ""buy_1th_pre_req_pre"": ""0"", ""buy_2th_pre_bid"": ""+112500"", ""buy_2th_pre_req"": ""4"", ""buy_2th_pre_req_pre"": ""0"", ""buy_3th_pre_bid"": ""+112300"", ""buy_3th_pre_req"": ""67"", ""buy_3th_pre_req_pre"": ""0"", ""buy_4th_pre_bid"": ""+112200"", ""buy_4th_pre_req"": ""71"", ""buy_4th_pre_req_pre"": ""0"", ""buy_5th_pre_bid"": ""+112100"", ""buy_5th_pre_req"": ""100"", ""buy_5th_pre_req_pre"": ""0"", ""buy_6th_pre_bid"": ""112000"", ""buy_6th_pre_req"": ""67"", ""buy_6th_pre_req_pre"": ""0"", ""buy_7th_pre_bid"": ""-111900"", ""buy_7th_pre_req"": ""42"", ""buy_7th_pre_req_pre"": ""0"", ""buy_8th_pre_bid"": ""-111800"", ""buy_8th_pre_req"": ""19"", ""buy_8th_pre_req_pre"": ""0"", ""buy_9th_pre_bid"": ""-111700"", ""buy_9th_pre_req"": ""203"", ""buy_9th_pre_req_pre"": ""0"", ""buy_10th_pre_bid"": ""-111600"", ""buy_10th_pre_req"": ""31"", ""buy_10th_pre_req_pre"": ""0"", ""tot_sel_req_jub_pre"": ""+2"", ""tot_sel_req"": ""1242"", ""tot_buy_req"": ""790"", ""tot_buy_req_jub_pre"": ""0"", ""ovt_sel_req_pre"": ""0"", ""ovt_sel_req"": ""0"", ""ovt_buy_req"": ""0"", ""ovt_buy_req_pre"": ""0"", ""return_code"": 0, ""return_msg"": ""정상적으로 처리되었습니다""}"
2026-06-10,scan_candidate,004170,,0,main_scan,671000,,671000,670000,671000,672000,0.0,0.14903129657228018,,,,,,"{""bid_req_base_tm"": ""103517"", ""sel_10th_pre_req_pre"": ""0"", ""sel_10th_pre_req"": ""140"", ""sel_10th_pre_bid"": ""+680000"", ""sel_9th_pre_req_pre"": ""0"", ""sel_9th_pre_req"": ""33"", ""sel_9th_pre_bid"": ""+679000"", ""sel_8th_pre_req_pre"": ""0"", ""sel_8th_pre_req"": ""60"", ""sel_8th_pre_bid"": ""+678000"", ""sel_7th_pre_req_pre"": ""0"", ""sel_7th_pre_req"": ""5"", ""sel_7th_pre_bid"": ""+677000"", ""sel_6th_pre_req_pre"": ""0"", ""sel_6th_pre_req"": ""7"", ""sel_6th_pre_bid"": ""+676000"", ""sel_5th_pre_req_pre"": ""0"", ""sel_5th_pre_req"": ""53"", ""sel_5th_pre_bid"": ""+675000"", ""sel_4th_pre_req_pre"": ""0"", ""sel_4th_pre_req"": ""53"", ""sel_4th_pre_bid"": ""+674000"", ""sel_3th_pre_req_pre"": ""0"", ""sel_3th_pre_req"": ""63"", ""sel_3th_pre_bid"": ""+673000"", ""sel_2th_pre_req_pre"": ""0"", ""sel_2th_pre_req"": ""53"", ""sel_2th_pre_bid"": ""+672000"", ""sel_1th_pre_req_pre"": ""+4"", ""sel_fpr_req"": ""28"", ""sel_fpr_bid"": ""+671000"", ""buy_fpr_bid"": ""+670000"", ""buy_fpr_req"": ""28"", ""buy_1th_pre_req_pre"": ""0"", ""buy_2th_pre_bid"": ""+669000"", ""buy_2th_pre_req"": ""11"", ""buy_2th_pre_req_pre"": ""0"", ""buy_3th_pre_bid"": ""+668000"", ""buy_3th_pre_req"": ""208"", ""buy_3th_pre_req_pre"": ""0"", ""buy_4th_pre_bid"": ""+667000"", ""buy_4th_pre_req"": ""22"", ""buy_4th_pre_req_pre"": ""0"", ""buy_5th_pre_bid"": ""+666000"", ""buy_5th_pre_req"": ""76"", ""buy_5th_pre_req_pre"": ""0"", ""buy_6th_pre_bid"": ""+665000"", ""buy_6th_pre_req"": ""704"", ""buy_6th_pre_req_pre"": ""0"", ""buy_7th_pre_bid"": ""+664000"", ""buy_7th_pre_req"": ""21"", ""buy_7th_pre_req_pre"": ""0"", ""buy_8th_pre_bid"": ""+663000"", ""buy_8th_pre_req"": ""92"", ""buy_8th_pre_req_pre"": ""0"", ""buy_9th_pre_bid"": ""+662000"", ""buy_9th_pre_req"": ""47"", ""buy_9th_pre_req_pre"": ""0"", ""buy_10th_pre_bid"": ""+661000"", ""buy_10th_pre_req"": ""25"", ""buy_10th_pre_req_pre"": ""0"", ""tot_sel_req_jub_pre"": ""+4"", ""tot_sel_req"": ""495"", ""tot_buy_req"": ""1234"", ""tot_buy_req_jub_pre"": ""0"", ""ovt_sel_req_pre"": ""0"", ""ovt_sel_req"": ""0"", ""ovt_buy_req"": ""0"", ""ovt_buy_req_pre"": ""0"", ""return_code"": 0, ""return_msg"": ""정상적으로 처리되었습니다""}"
2026-06-10,scan_candidate,036570,,0,main_scan,259000,,259000,258500,259000,258500,-0.3861003861003861,0.19305019305019305,,,,,,"{""bid_req_base_tm"": ""103517"", ""sel_10th_pre_req_pre"": ""0"", ""sel_10th_pre_req"": ""63"", ""sel_10th_pre_bid"": ""-263500"", ""sel_9th_pre_req_pre"": ""0"", ""sel_9th_pre_req"": ""15"", ""sel_9th_pre_bid"": ""-263000"", ""sel_8th_pre_req_pre"": ""0"", ""sel_8th_pre_req"": ""1028"", ""sel_8th_pre_bid"": ""-262500"", ""sel_7th_pre_req_pre"": ""0"", ""sel_7th_pre_req"": ""99"", ""sel_7th_pre_bid"": ""-262000"", ""sel_6th_pre_req_pre"": ""0"", ""sel_6th_pre_req"": ""31"", ""sel_6th_pre_bid"": ""-261500"", ""sel_5th_pre_req_pre"": ""0"", ""sel_5th_pre_req"": ""8"", ""sel_5th_pre_bid"": ""-261000"", ""sel_4th_pre_req_pre"": ""0"", ""sel_4th_pre_req"": ""16"", ""sel_4th_pre_bid"": ""-260500"", ""sel_3th_pre_req_pre"": ""0"", ""sel_3th_pre_req"": ""146"", ""sel_3th_pre_bid"": ""-260000"", ""sel_2th_pre_req_pre"": ""0"", ""sel_2th_pre_req"": ""31"", ""sel_2th_pre_bid"": ""-259500"", ""sel_1th_pre_req_pre"": ""0"", ""sel_fpr_req"": ""136"", ""sel_fpr_bid"": ""-259000"", ""buy_fpr_bid"": ""-258500"", ""buy_fpr_req"": ""100"", ""buy_1th_pre_req_pre"": ""+2"", ""buy_2th_pre_bid"": ""-258000"", ""buy_2th_pre_req"": ""34"", ""buy_2th_pre_req_pre"": ""0"", ""buy_3th_pre_bid"": ""-257500"", ""buy_3th_pre_req"": ""106"", ""buy_3th_pre_req_pre"": ""0"", ""buy_4th_pre_bid"": ""-257000"", ""buy_4th_pre_req"": ""122"", ""buy_4th_pre_req_pre"": ""0"", ""buy_5th_pre_bid"": ""-256500"", ""buy_5th_pre_req"": ""75"", ""buy_5th_pre_req_pre"": ""0"", ""buy_6th_pre_bid"": ""-256000"", ""buy_6th_pre_req"": ""252"", ""buy_6th_pre_req_pre"": ""0"", ""buy_7th_pre_bid"": ""-255500"", ""buy_7th_pre_req"": ""208"", ""buy_7th_pre_req_pre"": ""0"", ""buy_8th_pre_bid"": ""-255000"", ""buy_8th_pre_req"": ""302"", ""buy_8th_pre_req_pre"": ""0"", ""buy_9th_pre_bid"": ""-254500"", ""buy_9th_pre_req"": ""345"", ""buy_9th_pre_req_pre"": ""0"", ""buy_10th_pre_bid"": ""-254000"", ""buy_10th_pre_req"": ""303"", ""buy_10th_pre_req_pre"": ""0"", ""tot_sel_req_jub_pre"": ""0"", ""tot_sel_req"": ""1573"", ""tot_buy_req"": ""1847"", ""tot_buy_req_jub_pre"": ""+2"", ""ovt_sel_req_pre"": ""0"", ""ovt_sel_req"": ""0"", ""ovt_buy_req"": ""0"", ""ovt_buy_req_pre"": ""0"", ""return_code"": 0, ""return_msg"": ""정상적으로 처리되었습니다""}"
2026-06-10,scan_candidate,271560,,0,main_scan,132400,,132400,132300,132400,132500,-0.3021148036253776,0.0755287009063444,,,,,,"{""bid_req_base_tm"": ""103518"", ""sel_10th_pre_req_pre"": ""0"", ""sel_10th_pre_req"": ""100"", ""sel_10th_pre_bid"": ""+133700"", ""sel_9th_pre_req_pre"": ""0"", ""sel_9th_pre_req"": ""26"", ""sel_9th_pre_bid"": ""+133600"", ""sel_8th_pre_req_pre"": ""0"", ""sel_8th_pre_req"": ""27"", ""sel_8th_pre_bid"": ""+133500"", ""sel_7th_pre_req_pre"": ""0"", ""sel_7th_pre_req"": ""3"", ""sel_7th_pre_bid"": ""+133300"", ""sel_6th_pre_req_pre"": ""0"", ""sel_6th_pre_req"": ""3"", ""sel_6th_pre_bid"": ""+133200"", ""sel_5th_pre_req_pre"": ""0"", ""sel_5th_pre_req"": ""10"", ""sel_5th_pre_bid"": ""+133000"", ""sel_4th_pre_req_pre"": ""0"", ""sel_4th_pre_req"": ""2"", ""sel_4th_pre_bid"": ""-132800"", ""sel_3th_pre_req_pre"": ""0"", ""sel_3th_pre_req"": ""3"", ""sel_3th_pre_bid"": ""-132700"", ""sel_2th_pre_req_pre"": ""0"", ""sel_2th_pre_req"": ""36"", ""sel_2th_pre_bid"": ""-132500"", ""sel_1th_pre_req_pre"": ""+12"", ""sel_fpr_req"": ""48"", ""sel_fpr_bid"": ""-132400"", ""buy_fpr_bid"": ""-132300"", ""buy_fpr_req"": ""114"", ""buy_1th_pre_req_pre"": ""0"", ""buy_2th_pre_bid"": ""-132200"", ""buy_2th_pre_req"": ""91"", ""buy_2th_pre_req_pre"": ""0"", ""buy_3th_pre_bid"": ""-132100"", ""buy_3th_pre_req"": ""81"", ""buy_3th_pre_req_pre"": ""0"", ""buy_4th_pre_bid"": ""-132000"", ""buy_4th_pre_req"": ""59"", ""buy_4th_pre_req_pre"": ""0"", ""buy_5th_pre_bid"": ""-131900"", ""buy_5th_pre_req"": ""45"", ""buy_5th_pre_req_pre"": ""0"", ""buy_6th_pre_bid"": ""-131800"", ""buy_6th_pre_req"": ""20"", ""buy_6th_pre_req_pre"": ""0"", ""buy_7th_pre_bid"": ""-131700"", ""buy_7th_pre_req"": ""52"", ""buy_7th_pre_req_pre"": ""0"", ""buy_8th_pre_bid"": ""-131600"", ""buy_8th_pre_req"": ""2"", ""buy_8th_pre_req_pre"": ""0"", ""buy_9th_pre_bid"": ""-131500"", ""buy_9th_pre_req"": ""441"", ""buy_9th_pre_req_pre"": ""0"", ""buy_10th_pre_bid"": ""-131300"", ""buy_10th_pre_req"": ""12"", ""buy_10th_pre_req_pre"": ""0"", ""tot_sel_req_jub_pre"": ""+12"", ""tot_sel_req"": ""258"", ""tot_buy_req"": ""917"", ""tot_buy_req_jub_pre"": ""0"", ""ovt_sel_req_pre"": ""0"", ""ovt_sel_req"": ""0"", ""ovt_buy_req"": ""0"", ""ovt_buy_req_pre"": ""0"", ""return_code"": 0, ""return_msg"": ""정상적으로 처리되었습니다""}"
2026-06-10,scan_candidate,023530,,0,main_scan,194500,,194500,194300,194500,194000,-0.5141388174807198,0.10282776349614395,,,,,,"{""bid_req_base_tm"": ""103518"", ""sel_10th_pre_req_pre"": ""0"", ""sel_10th_pre_req"": ""121"", ""sel_10th_pre_bid"": ""+195400"", ""sel_9th_pre_req_pre"": ""0"", ""sel_9th_pre_req"": ""17"", ""sel_9th_pre_bid"": ""+195300"", ""sel_8th_pre_req_pre"": ""0"", ""sel_8th_pre_req"": ""63"", ""sel_8th_pre_bid"": ""+195200"", ""sel_7th_pre_req_pre"": ""0"", ""sel_7th_pre_req"": ""43"", ""sel_7th_pre_bid"": ""+195100"", ""sel_6th_pre_req_pre"": ""0"", ""sel_6th_pre_req"": ""5323"", ""sel_6th_pre_bid"": ""+195000"", ""sel_5th_pre_req_pre"": ""0"", ""sel_5th_pre_req"": ""348"", ""sel_5th_pre_bid"": ""+194900"", ""sel_4th_pre_req_pre"": ""0"", ""sel_4th_pre_req"": ""460"", ""sel_4th_pre_bid"": ""+194800"", ""sel_3th_pre_req_pre"": ""0"", ""sel_3th_pre_req"": ""204"", ""sel_3th_pre_bid"": ""+194700"", ""sel_2th_pre_req_pre"": ""0"", ""sel_2th_pre_req"": ""22"", ""sel_2th_pre_bid"": ""+194600"", ""sel_1th_pre_req_pre"": ""+1"", ""sel_fpr_req"": ""179"", ""sel_fpr_bid"": ""+194500"", ""buy_fpr_bid"": ""+194300"", ""buy_fpr_req"": ""29"", ""buy_1th_pre_req_pre"": ""0"", ""buy_2th_pre_bid"": ""+194200"", ""buy_2th_pre_req"": ""9"", ""buy_2th_pre_req_pre"": ""0"", ""buy_3th_pre_bid"": ""+194100"", ""buy_3th_pre_req"": ""37"", ""buy_3th_pre_req_pre"": ""0"", ""buy_4th_pre_bid"": ""+194000"", ""buy_4th_pre_req"": ""2"", ""buy_4th_pre_req_pre"": ""0"", ""buy_5th_pre_bid"": ""+193900"", ""buy_5th_pre_req"": ""14"", ""buy_5th_pre_req_pre"": ""0"", ""buy_6th_pre_bid"": ""+193800"", ""buy_6th_pre_req"": ""49"", ""buy_6th_pre_req_pre"": ""0"", ""buy_7th_pre_bid"": ""+193600"", ""buy_7th_pre_req"": ""12"", ""buy_7th_pre_req_pre"": ""0"", ""buy_8th_pre_bid"": ""+193500"", ""buy_8th_pre_req"": ""159"", ""buy_8th_pre_req_pre"": ""0"", ""buy_9th_pre_bid"": ""+193300"", ""buy_9th_pre_req"": ""166"", ""buy_9th_pre_req_pre"": ""0"", ""buy_10th_pre_bid"": ""+193200"", ""buy_10th_pre_req"": ""5"", ""buy_10th_pre_req_pre"": ""0"", ""tot_sel_req_jub_pre"": ""+1"", ""tot_sel_req"": ""6780"", ""tot_buy_req"": ""482"", ""tot_buy_req_jub_pre"": ""--25"", ""ovt_sel_req_pre"": ""0"", ""ovt_sel_req"": ""0"", ""ovt_buy_req"": ""0"", ""ovt_buy_req_pre"": ""0"", ""return_code"": 0, ""return_msg"": ""정상적으로 처리되었습니다""}"
2026-06-10,scan_candidate,175330,,0,main_scan,25600,,25600,25550,25600,25700,0.1953125,0.1953125,,,,,,"{""bid_req_base_tm"": ""103516"", ""sel_10th_pre_req_pre"": ""0"", ""sel_10th_pre_req"": ""809"", ""sel_10th_pre_bid"": ""+26050"", ""sel_9th_pre_req_pre"": ""0"", ""sel_9th_pre_req"": ""113"", ""sel_9th_pre_bid"": ""+26000"", ""sel_8th_pre_req_pre"": ""0"", ""sel_8th_pre_req"": ""142"", ""sel_8th_pre_bid"": ""+25950"", ""sel_7th_pre_req_pre"": ""0"", ""sel_7th_pre_req"": ""532"", ""sel_7th_pre_bid"": ""25900"", ""sel_6th_pre_req_pre"": ""0"", ""sel_6th_pre_req"": ""454"", ""sel_6th_pre_bid"": ""-25850"", ""sel_5th_pre_req_pre"": ""0"", ""sel_5th_pre_req"": ""158"", ""sel_5th_pre_bid"": ""-25800"", ""sel_4th_pre_req_pre"": ""0"", ""sel_4th_pre_req"": ""248"", ""sel_4th_pre_bid"": ""-25750"", ""sel_3th_pre_req_pre"": ""0"", ""sel_3th_pre_req"": ""124"", ""sel_3th_pre_bid"": ""-25700"", ""sel_2th_pre_req_pre"": ""0"", ""sel_2th_pre_req"": ""665"", ""sel_2th_pre_bid"": ""-25650"", ""sel_1th_pre_req_pre"": ""+11"", ""sel_fpr_req"": ""1381"", ""sel_fpr_bid"": ""-25600"", ""buy_fpr_bid"": ""-25550"", ""buy_fpr_req"": ""1304"", ""buy_1th_pre_req_pre"": ""0"", ""buy_2th_pre_bid"": ""-25500"", ""buy_2th_pre_req"": ""874"", ""buy_2th_pre_req_pre"": ""0"", ""buy_3th_pre_bid"": ""-25450"", ""buy_3th_pre_req"": ""1479"", ""buy_3th_pre_req_pre"": ""0"", ""buy_4th_pre_bid"": ""-25400"", ""buy_4th_pre_req"": ""812"", ""buy_4th_pre_req_pre"": ""0"", ""buy_5th_pre_bid"": ""-25350"", ""buy_5th_pre_req"": ""351"", ""buy_5th_pre_req_pre"": ""0"", ""buy_6th_pre_bid"": ""-25300"", ""buy_6th_pre_req"": ""328"", ""buy_6th_pre_req_pre"": ""0"", ""buy_7th_pre_bid"": ""-25250"", ""buy_7th_pre_req"": ""443"", ""buy_7th_pre_req_pre"": ""0"", ""buy_8th_pre_bid"": ""-25200"", ""buy_8th_pre_req"": ""179"", ""buy_8th_pre_req_pre"": ""0"", ""buy_9th_pre_bid"": ""-25150"", ""buy_9th_pre_req"": ""768"", ""buy_9th_pre_req_pre"": ""0"", ""buy_10th_pre_bid"": ""-25100"", ""buy_10th_pre_req"": ""475"", ""buy_10th_pre_req_pre"": ""0"", ""tot_sel_req_jub_pre"": ""+11"", ""tot_sel_req"": ""4626"", ""tot_buy_req"": ""7013"", ""tot_buy_req_jub_pre"": ""0"", ""ovt_sel_req_pre"": ""0"", ""ovt_sel_req"": ""0"", ""ovt_buy_req"": ""0"", ""ovt_buy_req_pre"": ""0"", ""return_code"": 0, ""return_msg"": ""정상적으로 처리되었습니다""}"
2026-06-10,scan_candidate,088350,,0,main_scan,4905,,4905,4900,4905,4900,-0.20387359836901123,0.10193679918450561,,,,,,"{""bid_req_base_tm"": ""103518"", ""sel_10th_pre_req_pre"": ""0"", ""sel_10th_pre_req"": ""3792"", ""sel_10th_pre_bid"": ""-4950"", ""sel_9th_pre_req_pre"": ""0"", ""sel_9th_pre_req"": ""5506"", ""sel_9th_pre_bid"": ""-4945"", ""sel_8th_pre_req_pre"": ""0"", ""sel_8th_pre_req"": ""1022"", ""sel_8th_pre_bid"": ""-4940"", ""sel_7th_pre_req_pre"": ""0"", ""sel_7th_pre_req"": ""1912"", ""sel_7th_pre_bid"": ""-4935"", ""sel_6th_pre_req_pre"": ""0"", ""sel_6th_pre_req"": ""1010"", ""sel_6th_pre_bid"": ""-4930"", ""sel_5th_pre_req_pre"": ""0"", ""sel_5th_pre_req"": ""7"", ""sel_5th_pre_bid"": ""-4925"", ""sel_4th_pre_req_pre"": ""0"", ""sel_4th_pre_req"": ""2906"", ""sel_4th_pre_bid"": ""-4920"", ""sel_3th_pre_req_pre"": ""0"", ""sel_3th_pre_req"": ""3"", ""sel_3th_pre_bid"": ""-4915"", ""sel_2th_pre_req_pre"": ""0"", ""sel_2th_pre_req"": ""1"", ""sel_2th_pre_bid"": ""-4910"", ""sel_1th_pre_req_pre"": ""0"", ""sel_fpr_req"": ""2938"", ""sel_fpr_bid"": ""-4905"", ""buy_fpr_bid"": ""-4900"", ""buy_fpr_req"": ""1366"", ""buy_1th_pre_req_pre"": ""0"", ""buy_2th_pre_bid"": ""-4895"", ""buy_2th_pre_req"": ""5"", ""buy_2th_pre_req_pre"": ""0"", ""buy_3th_pre_bid"": ""-4890"", ""buy_3th_pre_req"": ""1494"", ""buy_3th_pre_req_pre"": ""0"", ""buy_4th_pre_bid"": ""-4885"", ""buy_4th_pre_req"": ""1668"", ""buy_4th_pre_req_pre"": ""0"", ""buy_5th_pre_bid"": ""-4880"", ""buy_5th_pre_req"": ""220"", ""buy_5th_pre_req_pre"": ""0"", ""buy_6th_pre_bid"": ""-4875"", ""buy_6th_pre_req"": ""393"", ""buy_6th_pre_req_pre"": ""0"", ""buy_7th_pre_bid"": ""-4870"", ""buy_7th_pre_req"": ""3443"", ""buy_7th_pre_req_pre"": ""0"", ""buy_8th_pre_bid"": ""-4865"", ""buy_8th_pre_req"": ""4682"", ""buy_8th_pre_req_pre"": ""0"", ""buy_9th_pre_bid"": ""-4860"", ""buy_9th_pre_req"": ""3085"", ""buy_9th_pre_req_pre"": ""0"", ""buy_10th_pre_bid"": ""-4855"", ""buy_10th_pre_req"": ""7456"", ""buy_10th_pre_req_pre"": ""0"", ""tot_sel_req_jub_pre"": ""0"", ""tot_sel_req"": ""19097"", ""tot_buy_req"": ""23812"", ""tot_buy_req_jub_pre"": ""0"", ""ovt_sel_req_pre"": ""0"", ""ovt_sel_req"": ""0"", ""ovt_buy_req"": ""0"", ""ovt_buy_req_pre"": ""0"", ""return_code"": 0, ""return_msg"": ""정상적으로 처리되었습니다""}"
2026-06-10,scan_candidate,069960,,0,main_scan,165900,,165900,165700,165900,166000,-0.24110910186859552,0.12055455093429776,,,,,,"{""bid_req_base_tm"": ""103519"", ""sel_10th_pre_req_pre"": ""0"", ""sel_10th_pre_req"": ""16"", ""sel_10th_pre_bid"": ""+167500"", ""sel_9th_pre_req_pre"": ""0"", ""sel_9th_pre_req"": ""6"", ""sel_9th_pre_bid"": ""+167400"", ""sel_8th_pre_req_pre"": ""0"", ""sel_8th_pre_req"": ""3"", ""sel_8th_pre_bid"": ""+167200"", ""sel_7th_pre_req_pre"": ""0"", ""sel_7th_pre_req"": ""1"", ""sel_7th_pre_bid"": ""+167100"", ""sel_6th_pre_req_pre"": ""0"", ""sel_6th_pre_req"": ""55"", ""sel_6th_pre_bid"": ""+167000"", ""sel_5th_pre_req_pre"": ""0"", ""sel_5th_pre_req"": ""51"", ""sel_5th_pre_bid"": ""-166700"", ""sel_4th_pre_req_pre"": ""0"", ""sel_4th_pre_req"": ""12"", ""sel_4th_pre_bid"": ""-166500"", ""sel_3th_pre_req_pre"": ""0"", ""sel_3th_pre_req"": ""91"", ""sel_3th_pre_bid"": ""-166100"", ""sel_2th_pre_req_pre"": ""0"", ""sel_2th_pre_req"": ""5"", ""sel_2th_pre_bid"": ""-166000"", ""sel_1th_pre_req_pre"": ""+1"", ""sel_fpr_req"": ""10"", ""sel_fpr_bid"": ""-165900"", ""buy_fpr_bid"": ""-165700"", ""buy_fpr_req"": ""79"", ""buy_1th_pre_req_pre"": ""0"", ""buy_2th_pre_bid"": ""-165300"", ""buy_2th_pre_req"": ""37"", ""buy_2th_pre_req_pre"": ""0"", ""buy_3th_pre_bid"": ""-165200"", ""buy_3th_pre_req"": ""3"", ""buy_3th_pre_req_pre"": ""0"", ""buy_4th_pre_bid"": ""-165100"", ""buy_4th_pre_req"": ""4"", ""buy_4th_pre_req_pre"": ""0"", ""buy_5th_pre_bid"": ""-165000"", ""buy_5th_pre_req"": ""227"", ""buy_5th_pre_req_pre"": ""0"", ""buy_6th_pre_bid"": ""-164600"", ""buy_6th_pre_req"": ""3"", ""buy_6th_pre_req_pre"": ""0"", ""buy_7th_pre_bid"": ""-164400"", ""buy_7th_pre_req"": ""16"", ""buy_7th_pre_req_pre"": ""0"", ""buy_8th_pre_bid"": ""-164300"", ""buy_8th_pre_req"": ""1"", ""buy_8th_pre_req_pre"": ""0"", ""buy_9th_pre_bid"": ""-164200"", ""buy_9th_pre_req"": ""40"", ""buy_9th_pre_req_pre"": ""0"", ""buy_10th_pre_bid"": ""-164000"", ""buy_10th_pre_req"": ""8"", ""buy_10th_pre_req_pre"": ""0"", ""tot_sel_req_jub_pre"": ""+1"", ""tot_sel_req"": ""250"", ""tot_buy_req"": ""418"", ""tot_buy_req_jub_pre"": ""0"", ""ovt_sel_req_pre"": ""0"", ""ovt_sel_req"": ""0"", ""ovt_buy_req"": ""0"", ""ovt_buy_req_pre"": ""0"", ""return_code"": 0, ""return_msg"": ""정상적으로 처리되었습니다""}"
2026-06-10,scan_candidate,111770,,0,main_scan,79300,,79300,79100,79300,78900,-0.6305170239596469,0.25220680958385877,,,,,,"{""bid_req_base_tm"": ""103517"", ""sel_10th_pre_req_pre"": ""0"", ""sel_10th_pre_req"": ""25"", ""sel_10th_pre_bid"": ""+80500"", ""sel_9th_pre_req_pre"": ""0"", ""sel_9th_pre_req"": ""6"", ""sel_9th_pre_bid"": ""+80300"", ""sel_8th_pre_req_pre"": ""0"", ""sel_8th_pre_req"": ""10"", ""sel_8th_pre_bid"": ""+80200"", ""sel_7th_pre_req_pre"": ""0"", ""sel_7th_pre_req"": ""48"", ""sel_7th_pre_bid"": ""+80000"", ""sel_6th_pre_req_pre"": ""0"", ""sel_6th_pre_req"": ""31"", ""sel_6th_pre_bid"": ""+79900"", ""sel_5th_pre_req_pre"": ""0"", ""sel_5th_pre_req"": ""13"", ""sel_5th_pre_bid"": ""+79800"", ""sel_4th_pre_req_pre"": ""0"", ""sel_4th_pre_req"": ""11"", ""sel_4th_pre_bid"": ""+79700"", ""sel_3th_pre_req_pre"": ""0"", ""sel_3th_pre_req"": ""28"", ""sel_3th_pre_bid"": ""+79600"", ""sel_2th_pre_req_pre"": ""0"", ""sel_2th_pre_req"": ""39"", ""sel_2th_pre_bid"": ""+79500"", ""sel_1th_pre_req_pre"": ""0"", ""sel_fpr_req"": ""58"", ""sel_fpr_bid"": ""+79300"", ""buy_fpr_bid"": ""+79100"", ""buy_fpr_req"": ""7"", ""buy_1th_pre_req_pre"": ""--1"", ""buy_2th_pre_bid"": ""+79000"", ""buy_2th_pre_req"": ""8"", ""buy_2th_pre_req_pre"": ""0"", ""buy_3th_pre_bid"": ""+78900"", ""buy_3th_pre_req"": ""12"", ""buy_3th_pre_req_pre"": ""0"", ""buy_4th_pre_bid"": ""+78800"", ""buy_4th_pre_req"": ""37"", ""buy_4th_pre_req_pre"": ""0"", ""buy_5th_pre_bid"": ""+78700"", ""buy_5th_pre_req"": ""9"", ""buy_5th_pre_req_pre"": ""0"", ""buy_6th_pre_bid"": ""+78600"", ""buy_6th_pre_req"": ""6"", ""buy_6th_pre_req_pre"": ""0"", ""buy_7th_pre_bid"": ""+78500"", ""buy_7th_pre_req"": ""6"", ""buy_7th_pre_req_pre"": ""0"", ""buy_8th_pre_bid"": ""+78400"", ""buy_8th_pre_req"": ""18"", ""buy_8th_pre_req_pre"": ""0"", ""buy_9th_pre_bid"": ""+78300"", ""buy_9th_pre_req"": ""20"", ""buy_9th_pre_req_pre"": ""0"", ""buy_10th_pre_bid"": ""+78100"", ""buy_10th_pre_req"": ""7"", ""buy_10th_pre_req_pre"": ""0"", ""tot_sel_req_jub_pre"": ""0"", ""tot_sel_req"": ""269"", ""tot_buy_req"": ""130"", ""tot_buy_req_jub_pre"": ""--1"", ""ovt_sel_req_pre"": ""0"", ""ovt_sel_req"": ""0"", ""ovt_buy_req"": ""0"", ""ovt_buy_req_pre"": ""0"", ""return_code"": 0, ""return_msg"": ""정상적으로 처리되었습니다""}"
2026-06-10,scan_candidate,489790,,0,main_scan,69400,,69400,69300,69400,69700,0.2881844380403458,0.1440922190201729,,,,,,"{""bid_req_base_tm"": ""103519"", ""sel_10th_pre_req_pre"": ""0"", ""sel_10th_pre_req"": ""91"", ""sel_10th_pre_bid"": ""+70300"", ""sel_9th_pre_req_pre"": ""0"", ""sel_9th_pre_req"": ""61"", ""sel_9th_pre_bid"": ""+70200"", ""sel_8th_pre_req_pre"": ""0"", ""sel_8th_pre_req"": ""10"", ""sel_8th_pre_bid"": ""+70100"", ""sel_7th_pre_req_pre"": ""0"", ""sel_7th_pre_req"": ""43"", ""sel_7th_pre_bid"": ""+70000"", ""sel_6th_pre_req_pre"": ""0"", ""sel_6th_pre_req"": ""6"", ""sel_6th_pre_bid"": ""+69900"", ""sel_5th_pre_req_pre"": ""0"", ""sel_5th_pre_req"": ""25"", ""sel_5th_pre_bid"": ""+69800"", ""sel_4th_pre_req_pre"": ""0"", ""sel_4th_pre_req"": ""84"", ""sel_4th_pre_bid"": ""+69700"", ""sel_3th_pre_req_pre"": ""0"", ""sel_3th_pre_req"": ""1"", ""sel_3th_pre_bid"": ""+69600"", ""sel_2th_pre_req_pre"": ""0"", ""sel_2th_pre_req"": ""71"", ""sel_2th_pre_bid"": ""+69500"", ""sel_1th_pre_req_pre"": ""+1"", ""sel_fpr_req"": ""71"", ""sel_fpr_bid"": ""+69400"", ""buy_fpr_bid"": ""+69300"", ""buy_fpr_req"": ""10"", ""buy_1th_pre_req_pre"": ""0"", ""buy_2th_pre_bid"": ""+69200"", ""buy_2th_pre_req"": ""99"", ""buy_2th_pre_req_pre"": ""0"", ""buy_3th_pre_bid"": ""+69100"", ""buy_3th_pre_req"": ""445"", ""buy_3th_pre_req_pre"": ""0"", ""buy_4th_pre_bid"": ""+69000"", ""buy_4th_pre_req"": ""591"", ""buy_4th_pre_req_pre"": ""0"", ""buy_5th_pre_bid"": ""+68900"", ""buy_5th_pre_req"": ""218"", ""buy_5th_pre_req_pre"": ""0"", ""buy_6th_pre_bid"": ""+68800"", ""buy_6th_pre_req"": ""60"", ""buy_6th_pre_req_pre"": ""0"", ""buy_7th_pre_bid"": ""+68700"", ""buy_7th_pre_req"": ""63"", ""buy_7th_pre_req_pre"": ""0"", ""buy_8th_pre_bid"": ""+68600"", ""buy_8th_pre_req"": ""217"", ""buy_8th_pre_req_pre"": ""0"", ""buy_9th_pre_bid"": ""+68500"", ""buy_9th_pre_req"": ""188"", ""buy_9th_pre_req_pre"": ""0"", ""buy_10th_pre_bid"": ""+68400"", ""buy_10th_pre_req"": ""119"", ""buy_10th_pre_req_pre"": ""0"", ""tot_sel_req_jub_pre"": ""+1"", ""tot_sel_req"": ""463"", ""tot_buy_req"": ""2010"", ""tot_buy_req_jub_pre"": ""0"", ""ovt_sel_req_pre"": ""0"", ""ovt_sel_req"": ""0"", ""ovt_buy_req"": ""0"", ""ovt_buy_req_pre"": ""0"", ""return_code"": 0, ""return_msg"": ""정상적으로 처리되었습니다""}"
2026-06-10,scan_candidate,085620,,0,main_scan,22450,,22450,22400,22450,22400,-0.4454342984409799,0.22271714922048996,,,,,,"{""bid_req_base_tm"": ""103519"", ""sel_10th_pre_req_pre"": ""0"", ""sel_10th_pre_req"": ""1050"", ""sel_10th_pre_bid"": ""-22900"", ""sel_9th_pre_req_pre"": ""0"", ""sel_9th_pre_req"": ""1870"", ""sel_9th_pre_bid"": ""-22850"", ""sel_8th_pre_req_pre"": ""0"", ""sel_8th_pre_req"": ""2736"", ""sel_8th_pre_bid"": ""-22800"", ""sel_7th_pre_req_pre"": ""0"", ""sel_7th_pre_req"": ""370"", ""sel_7th_pre_bid"": ""-22750"", ""sel_6th_pre_req_pre"": ""0"", ""sel_6th_pre_req"": ""550"", ""sel_6th_pre_bid"": ""-22700"", ""sel_5th_pre_req_pre"": ""0"", ""sel_5th_pre_req"": ""297"", ""sel_5th_pre_bid"": ""-22650"", ""sel_4th_pre_req_pre"": ""0"", ""sel_4th_pre_req"": ""2723"", ""sel_4th_pre_bid"": ""-22600"", ""sel_3th_pre_req_pre"": ""0"", ""sel_3th_pre_req"": ""489"", ""sel_3th_pre_bid"": ""-22550"", ""sel_2th_pre_req_pre"": ""0"", ""sel_2th_pre_req"": ""502"", ""sel_2th_pre_bid"": ""-22500"", ""sel_1th_pre_req_pre"": ""0"", ""sel_fpr_req"": ""986"", ""sel_fpr_bid"": ""-22450"", ""buy_fpr_bid"": ""-22400"", ""buy_fpr_req"": ""162"", ""buy_1th_pre_req_pre"": ""0"", ""buy_2th_pre_bid"": ""-22350"", ""buy_2th_pre_req"": ""1284"", ""buy_2th_pre_req_pre"": ""0"", ""buy_3th_pre_bid"": ""-22300"", ""buy_3th_pre_req"": ""885"", ""buy_3th_pre_req_pre"": ""0"", ""buy_4th_pre_bid"": ""-22250"", ""buy_4th_pre_req"": ""886"", ""buy_4th_pre_req_pre"": ""0"", ""buy_5th_pre_bid"": ""-22200"", ""buy_5th_pre_req"": ""889"", ""buy_5th_pre_req_pre"": ""0"", ""buy_6th_pre_bid"": ""-22150"", ""buy_6th_pre_req"": ""1077"", ""buy_6th_pre_req_pre"": ""0"", ""buy_7th_pre_bid"": ""-22100"", ""buy_7th_pre_req"": ""1137"", ""buy_7th_pre_req_pre"": ""0"", ""buy_8th_pre_bid"": ""-22050"", ""buy_8th_pre_req"": ""2672"", ""buy_8th_pre_req_pre"": ""0"", ""buy_9th_pre_bid"": ""-22000"", ""buy_9th_pre_req"": ""1544"", ""buy_9th_pre_req_pre"": ""0"", ""buy_10th_pre_bid"": ""-21950"", ""buy_10th_pre_req"": ""2327"", ""buy_10th_pre_req_pre"": ""0"", ""tot_sel_req_jub_pre"": ""0"", ""tot_sel_req"": ""11573"", ""tot_buy_req"": ""12863"", ""tot_buy_req_jub_pre"": ""0"", ""ovt_sel_req_pre"": ""0"", ""ovt_sel_req"": ""0"", ""ovt_buy_req"": ""0"", ""ovt_buy_req_pre"": ""0"", ""return_code"": 0, ""return_msg"": ""정상적으로 처리되었습니다""}"
2026-06-10,scan_candidate,001450,,0,main_scan,37950,,37950,37900,37950,38050,0.13175230566534915,0.13175230566534915,,,,,,"{""bid_req_base_tm"": ""103519"", ""sel_10th_pre_req_pre"": ""0"", ""sel_10th_pre_req"": ""755"", ""sel_10th_pre_bid"": ""+38400"", ""sel_9th_pre_req_pre"": ""0"", ""sel_9th_pre_req"": ""105"", ""sel_9th_pre_bid"": ""+38350"", ""sel_8th_pre_req_pre"": ""0"", ""sel_8th_pre_req"": ""8"", ""sel_8th_pre_bid"": ""+38300"", ""sel_7th_pre_req_pre"": ""0"", ""sel_7th_pre_req"": ""22"", ""sel_7th_pre_bid"": ""+38250"", ""sel_6th_pre_req_pre"": ""0"", ""sel_6th_pre_req"": ""65"", ""sel_6th_pre_bid"": ""+38200"", ""sel_5th_pre_req_pre"": ""0"", ""sel_5th_pre_req"": ""2"", ""sel_5th_pre_bid"": ""+38150"", ""sel_4th_pre_req_pre"": ""0"", ""sel_4th_pre_req"": ""532"", ""sel_4th_pre_bid"": ""+38100"", ""sel_3th_pre_req_pre"": ""0"", ""sel_3th_pre_req"": ""90"", ""sel_3th_pre_bid"": ""+38050"", ""sel_2th_pre_req_pre"": ""0"", ""sel_2th_pre_req"": ""88"", ""sel_2th_pre_bid"": ""+38000"", ""sel_1th_pre_req_pre"": ""0"", ""sel_fpr_req"": ""229"", ""sel_fpr_bid"": ""+37950"", ""buy_fpr_bid"": ""+37900"", ""buy_fpr_req"": ""877"", ""buy_1th_pre_req_pre"": ""0"", ""buy_2th_pre_bid"": ""+37850"", ""buy_2th_pre_req"": ""698"", ""buy_2th_pre_req_pre"": ""0"", ""buy_3th_pre_bid"": ""+37800"", ""buy_3th_pre_req"": ""144"", ""buy_3th_pre_req_pre"": ""0"", ""buy_4th_pre_bid"": ""+37750"", ""buy_4th_pre_req"": ""73"", ""buy_4th_pre_req_pre"": ""0"", ""buy_5th_pre_bid"": ""+37700"", ""buy_5th_pre_req"": ""175"", ""buy_5th_pre_req_pre"": ""0"", ""buy_6th_pre_bid"": ""+37650"", ""buy_6th_pre_req"": ""314"", ""buy_6th_pre_req_pre"": ""0"", ""buy_7th_pre_bid"": ""+37600"", ""buy_7th_pre_req"": ""1032"", ""buy_7th_pre_req_pre"": ""0"", ""buy_8th_pre_bid"": ""+37550"", ""buy_8th_pre_req"": ""56"", ""buy_8th_pre_req_pre"": ""0"", ""buy_9th_pre_bid"": ""+37500"", ""buy_9th_pre_req"": ""500"", ""buy_9th_pre_req_pre"": ""0"", ""buy_10th_pre_bid"": ""+37450"", ""buy_10th_pre_req"": ""318"", ""buy_10th_pre_req_pre"": ""0"", ""tot_sel_req_jub_pre"": ""0"", ""tot_sel_req"": ""1896"", ""tot_buy_req"": ""4187"", ""tot_buy_req_jub_pre"": ""0"", ""ovt_sel_req_pre"": ""0"", ""ovt_sel_req"": ""0"", ""ovt_buy_req"": ""0"", ""ovt_buy_req_pre"": ""0"", ""return_code"": 0, ""return_msg"": ""정상적으로 처리되었습니다""}"
2026-06-10,scan_candidate,036460,,0,main_scan,34750,,34750,34600,34750,34550,-0.7194244604316548,0.4316546762589928,,,,,,"{""bid_req_base_tm"": ""103518"", ""sel_10th_pre_req_pre"": ""0"", ""sel_10th_pre_req"": ""54"", ""sel_10th_pre_bid"": ""+35200"", ""sel_9th_pre_req_pre"": ""0"", ""sel_9th_pre_req"": ""562"", ""sel_9th_pre_bid"": ""+35150"", ""sel_8th_pre_req_pre"": ""0"", ""sel_8th_pre_req"": ""705"", ""sel_8th_pre_bid"": ""+35100"", ""sel_7th_pre_req_pre"": ""0"", ""sel_7th_pre_req"": ""94"", ""sel_7th_pre_bid"": ""+35050"", ""sel_6th_pre_req_pre"": ""0"", ""sel_6th_pre_req"": ""4168"", ""sel_6th_pre_bid"": ""+35000"", ""sel_5th_pre_req_pre"": ""0"", ""sel_5th_pre_req"": ""307"", ""sel_5th_pre_bid"": ""+34950"", ""sel_4th_pre_req_pre"": ""0"", ""sel_4th_pre_req"": ""514"", ""sel_4th_pre_bid"": ""+34900"", ""sel_3th_pre_req_pre"": ""0"", ""sel_3th_pre_req"": ""530"", ""sel_3th_pre_bid"": ""+34850"", ""sel_2th_pre_req_pre"": ""0"", ""sel_2th_pre_req"": ""34"", ""sel_2th_pre_bid"": ""+34800"", ""sel_1th_pre_req_pre"": ""0"", ""sel_fpr_req"": ""576"", ""sel_fpr_bid"": ""+34750"", ""buy_fpr_bid"": ""+34600"", ""buy_fpr_req"": ""197"", ""buy_1th_pre_req_pre"": ""--1"", ""buy_2th_pre_bid"": ""+34550"", ""buy_2th_pre_req"": ""292"", ""buy_2th_pre_req_pre"": ""0"", ""buy_3th_pre_bid"": ""+34500"", ""buy_3th_pre_req"": ""43"", ""buy_3th_pre_req_pre"": ""0"", ""buy_4th_pre_bid"": ""+34450"", ""buy_4th_pre_req"": ""10"", ""buy_4th_pre_req_pre"": ""0"", ""buy_5th_pre_bid"": ""+34400"", ""buy_5th_pre_req"": ""148"", ""buy_5th_pre_req_pre"": ""0"", ""buy_6th_pre_bid"": ""+34300"", ""buy_6th_pre_req"": ""53"", ""buy_6th_pre_req_pre"": ""0"", ""buy_7th_pre_bid"": ""+34250"", ""buy_7th_pre_req"": ""238"", ""buy_7th_pre_req_pre"": ""0"", ""buy_8th_pre_bid"": ""+34200"", ""buy_8th_pre_req"": ""623"", ""buy_8th_pre_req_pre"": ""0"", ""buy_9th_pre_bid"": ""+34150"", ""buy_9th_pre_req"": ""351"", ""buy_9th_pre_req_pre"": ""0"", ""buy_10th_pre_bid"": ""+34100"", ""buy_10th_pre_req"": ""442"", ""buy_10th_pre_req_pre"": ""0"", ""tot_sel_req_jub_pre"": ""0"", ""tot_sel_req"": ""7544"", ""tot_buy_req"": ""2397"", ""tot_buy_req_jub_pre"": ""--1"", ""ovt_sel_req_pre"": ""0"", ""ovt_sel_req"": ""0"", ""ovt_buy_req"": ""0"", ""ovt_buy_req_pre"": ""0"", ""return_code"": 0, ""return_msg"": ""정상적으로 처리되었습니다""}"
2026-06-10,scan_candidate,007810,,0,main_scan,121000,,121000,120900,121000,121000,-0.4132231404958678,0.08264462809917356,,,,,,"{""bid_req_base_tm"": ""103520"", ""sel_10th_pre_req_pre"": ""0"", ""sel_10th_pre_req"": ""59"", ""sel_10th_pre_bid"": ""+122100"", ""sel_9th_pre_req_pre"": ""0"", ""sel_9th_pre_req"": ""43"", ""sel_9th_pre_bid"": ""+122000"", ""sel_8th_pre_req_pre"": ""0"", ""sel_8th_pre_req"": ""21"", ""sel_8th_pre_bid"": ""+121800"", ""sel_7th_pre_req_pre"": ""0"", ""sel_7th_pre_req"": ""17"", ""sel_7th_pre_bid"": ""+121700"", ""sel_6th_pre_req_pre"": ""0"", ""sel_6th_pre_req"": ""200"", ""sel_6th_pre_bid"": ""+121600"", ""sel_5th_pre_req_pre"": ""0"", ""sel_5th_pre_req"": ""61"", ""sel_5th_pre_bid"": ""+121500"", ""sel_4th_pre_req_pre"": ""0"", ""sel_4th_pre_req"": ""1"", ""sel_4th_pre_bid"": ""+121400"", ""sel_3th_pre_req_pre"": ""0"", ""sel_3th_pre_req"": ""34"", ""sel_3th_pre_bid"": ""+121300"", ""sel_2th_pre_req_pre"": ""0"", ""sel_2th_pre_req"": ""15"", ""sel_2th_pre_bid"": ""+121100"", ""sel_1th_pre_req_pre"": ""0"", ""sel_fpr_req"": ""203"", ""sel_fpr_bid"": ""+121000"", ""buy_fpr_bid"": ""+120900"", ""buy_fpr_req"": ""26"", ""buy_1th_pre_req_pre"": ""0"", ""buy_2th_pre_bid"": ""+120800"", ""buy_2th_pre_req"": ""50"", ""buy_2th_pre_req_pre"": ""0"", ""buy_3th_pre_bid"": ""+120700"", ""buy_3th_pre_req"": ""35"", ""buy_3th_pre_req_pre"": ""0"", ""buy_4th_pre_bid"": ""+120600"", ""buy_4th_pre_req"": ""141"", ""buy_4th_pre_req_pre"": ""0"", ""buy_5th_pre_bid"": ""+120500"", ""buy_5th_pre_req"": ""113"", ""buy_5th_pre_req_pre"": ""0"", ""buy_6th_pre_bid"": ""+120400"", ""buy_6th_pre_req"": ""76"", ""buy_6th_pre_req_pre"": ""0"", ""buy_7th_pre_bid"": ""120300"", ""buy_7th_pre_req"": ""340"", ""buy_7th_pre_req_pre"": ""0"", ""buy_8th_pre_bid"": ""-120200"", ""buy_8th_pre_req"": ""19"", ""buy_8th_pre_req_pre"": ""0"", ""buy_9th_pre_bid"": ""-120100"", ""buy_9th_pre_req"": ""82"", ""buy_9th_pre_req_pre"": ""0"", ""buy_10th_pre_bid"": ""-120000"", ""buy_10th_pre_req"": ""102"", ""buy_10th_pre_req_pre"": ""0"", ""tot_sel_req_jub_pre"": ""0"", ""tot_sel_req"": ""654"", ""tot_buy_req"": ""984"", ""tot_buy_req_jub_pre"": ""0"", ""ovt_sel_req_pre"": ""0"", ""ovt_sel_req"": ""0"", ""ovt_buy_req"": ""0"", ""ovt_buy_req_pre"": ""0"", ""return_code"": 0, ""return_msg"": ""정상적으로 처리되었습니다""}"
2026-06-10,scan_candidate,001740,,0,main_scan,14230,,14230,14220,14230,14200,-0.5621925509486999,0.07027406886858749,,,,,,"{""bid_req_base_tm"": ""103520"", ""sel_10th_pre_req_pre"": ""0"", ""sel_10th_pre_req"": ""1164"", ""sel_10th_pre_bid"": ""+14320"", ""sel_9th_pre_req_pre"": ""0"", ""sel_9th_pre_req"": ""1639"", ""sel_9th_pre_bid"": ""+14310"", ""sel_8th_pre_req_pre"": ""0"", ""sel_8th_pre_req"": ""15654"", ""sel_8th_pre_bid"": ""+14300"", ""sel_7th_pre_req_pre"": ""0"", ""sel_7th_pre_req"": ""2098"", ""sel_7th_pre_bid"": ""14290"", ""sel_6th_pre_req_pre"": ""0"", ""sel_6th_pre_req"": ""2111"", ""sel_6th_pre_bid"": ""-14280"", ""sel_5th_pre_req_pre"": ""0"", ""sel_5th_pre_req"": ""455"", ""sel_5th_pre_bid"": ""-14270"", ""sel_4th_pre_req_pre"": ""0"", ""sel_4th_pre_req"": ""136"", ""sel_4th_pre_bid"": ""-14260"", ""sel_3th_pre_req_pre"": ""0"", ""sel_3th_pre_req"": ""1437"", ""sel_3th_pre_bid"": ""-14250"", ""sel_2th_pre_req_pre"": ""0"", ""sel_2th_pre_req"": ""316"", ""sel_2th_pre_bid"": ""-14240"", ""sel_1th_pre_req_pre"": ""+1"", ""sel_fpr_req"": ""95"", ""sel_fpr_bid"": ""-14230"", ""buy_fpr_bid"": ""-14220"", ""buy_fpr_req"": ""1433"", ""buy_1th_pre_req_pre"": ""+140"", ""buy_2th_pre_bid"": ""-14210"", ""buy_2th_pre_req"": ""1767"", ""buy_2th_pre_req_pre"": ""0"", ""buy_3th_pre_bid"": ""-14200"", ""buy_3th_pre_req"": ""3238"", ""buy_3th_pre_req_pre"": ""0"", ""buy_4th_pre_bid"": ""-14190"", ""buy_4th_pre_req"": ""512"", ""buy_4th_pre_req_pre"": ""0"", ""buy_5th_pre_bid"": ""-14180"", ""buy_5th_pre_req"": ""683"", ""buy_5th_pre_req_pre"": ""0"", ""buy_6th_pre_bid"": ""-14170"", ""buy_6th_pre_req"": ""950"", ""buy_6th_pre_req_pre"": ""0"", ""buy_7th_pre_bid"": ""-14160"", ""buy_7th_pre_req"": ""3439"", ""buy_7th_pre_req_pre"": ""0"", ""buy_8th_pre_bid"": ""-14150"", ""buy_8th_pre_req"": ""152"", ""buy_8th_pre_req_pre"": ""0"", ""buy_9th_pre_bid"": ""-14140"", ""buy_9th_pre_req"": ""1141"", ""buy_9th_pre_req_pre"": ""0"", ""buy_10th_pre_bid"": ""-14130"", ""buy_10th_pre_req"": ""82"", ""buy_10th_pre_req_pre"": ""0"", ""tot_sel_req_jub_pre"": ""+1"", ""tot_sel_req"": ""25105"", ""tot_buy_req"": ""13397"", ""tot_buy_req_jub_pre"": ""+140"", ""ovt_sel_req_pre"": ""0"", ""ovt_sel_req"": ""0"", ""ovt_buy_req"": ""0"", ""ovt_buy_req_pre"": ""0"", ""return_code"": 0, ""return_msg"": ""정상적으로 처리되었습니다""}"
2026-06-10,scan_candidate,383220,,0,main_scan,75300,,75300,75100,75300,75100,-0.398406374501992,0.2656042496679947,,,,,,"{""bid_req_base_tm"": ""103520"", ""sel_10th_pre_req_pre"": ""0"", ""sel_10th_pre_req"": ""2"", ""sel_10th_pre_bid"": ""+76400"", ""sel_9th_pre_req_pre"": ""0"", ""sel_9th_pre_req"": ""100"", ""sel_9th_pre_bid"": ""+76300"", ""sel_8th_pre_req_pre"": ""0"", ""sel_8th_pre_req"": ""5"", ""sel_8th_pre_bid"": ""+76200"", ""sel_7th_pre_req_pre"": ""0"", ""sel_7th_pre_req"": ""122"", ""sel_7th_pre_bid"": ""+76000"", ""sel_6th_pre_req_pre"": ""0"", ""sel_6th_pre_req"": ""121"", ""sel_6th_pre_bid"": ""+75900"", ""sel_5th_pre_req_pre"": ""0"", ""sel_5th_pre_req"": ""14"", ""sel_5th_pre_bid"": ""+75800"", ""sel_4th_pre_req_pre"": ""0"", ""sel_4th_pre_req"": ""14"", ""sel_4th_pre_bid"": ""+75700"", ""sel_3th_pre_req_pre"": ""0"", ""sel_3th_pre_req"": ""21"", ""sel_3th_pre_bid"": ""+75600"", ""sel_2th_pre_req_pre"": ""0"", ""sel_2th_pre_req"": ""11"", ""sel_2th_pre_bid"": ""+75500"", ""sel_1th_pre_req_pre"": ""0"", ""sel_fpr_req"": ""7"", ""sel_fpr_bid"": ""+75300"", ""buy_fpr_bid"": ""+75100"", ""buy_fpr_req"": ""18"", ""buy_1th_pre_req_pre"": ""0"", ""buy_2th_pre_bid"": ""+75000"", ""buy_2th_pre_req"": ""41"", ""buy_2th_pre_req_pre"": ""0"", ""buy_3th_pre_bid"": ""+74900"", ""buy_3th_pre_req"": ""17"", ""buy_3th_pre_req_pre"": ""0"", ""buy_4th_pre_bid"": ""+74800"", ""buy_4th_pre_req"": ""100"", ""buy_4th_pre_req_pre"": ""0"", ""buy_5th_pre_bid"": ""+74700"", ""buy_5th_pre_req"": ""27"", ""buy_5th_pre_req_pre"": ""+2"", ""buy_6th_pre_bid"": ""74600"", ""buy_6th_pre_req"": ""11"", ""buy_6th_pre_req_pre"": ""0"", ""buy_7th_pre_bid"": ""-74500"", ""buy_7th_pre_req"": ""27"", ""buy_7th_pre_req_pre"": ""0"", ""buy_8th_pre_bid"": ""-74400"", ""buy_8th_pre_req"": ""40"", ""buy_8th_pre_req_pre"": ""0"", ""buy_9th_pre_bid"": ""-74300"", ""buy_9th_pre_req"": ""10"", ""buy_9th_pre_req_pre"": ""0"", ""buy_10th_pre_bid"": ""-74200"", ""buy_10th_pre_req"": ""5"", ""buy_10th_pre_req_pre"": ""0"", ""tot_sel_req_jub_pre"": ""0"", ""tot_sel_req"": ""417"", ""tot_buy_req"": ""296"", ""tot_buy_req_jub_pre"": ""+2"", ""ovt_sel_req_pre"": ""0"", ""ovt_sel_req"": ""0"", ""ovt_buy_req"": ""0"", ""ovt_buy_req_pre"": ""0"", ""return_code"": 0, ""return_msg"": ""정상적으로 처리되었습니다""}"
2026-06-10,scan_candidate,014680,,0,main_scan,264000,,264000,263500,264000,264000,-0.1893939393939394,0.1893939393939394,,,,,,"{""bid_req_base_tm"": ""103520"", ""sel_10th_pre_req_pre"": ""0"", ""sel_10th_pre_req"": ""236"", ""sel_10th_pre_bid"": ""+269000"", ""sel_9th_pre_req_pre"": ""0"", ""sel_9th_pre_req"": ""18"", ""sel_9th_pre_bid"": ""+268500"", ""sel_8th_pre_req_pre"": ""0"", ""sel_8th_pre_req"": ""49"", ""sel_8th_pre_bid"": ""+268000"", ""sel_7th_pre_req_pre"": ""0"", ""sel_7th_pre_req"": ""38"", ""sel_7th_pre_bid"": ""+267500"", ""sel_6th_pre_req_pre"": ""0"", ""sel_6th_pre_req"": ""25"", ""sel_6th_pre_bid"": ""+267000"", ""sel_5th_pre_req_pre"": ""0"", ""sel_5th_pre_req"": ""16"", ""sel_5th_pre_bid"": ""+266500"", ""sel_4th_pre_req_pre"": ""0"", ""sel_4th_pre_req"": ""7"", ""sel_4th_pre_bid"": ""+266000"", ""sel_3th_pre_req_pre"": ""0"", ""sel_3th_pre_req"": ""128"", ""sel_3th_pre_bid"": ""+265000"", ""sel_2th_pre_req_pre"": ""--20"", ""sel_2th_pre_req"": ""3"", ""sel_2th_pre_bid"": ""+264500"", ""sel_1th_pre_req_pre"": ""+10"", ""sel_fpr_req"": ""19"", ""sel_fpr_bid"": ""+264000"", ""buy_fpr_bid"": ""+263500"", ""buy_fpr_req"": ""16"", ""buy_1th_pre_req_pre"": ""--10"", ""buy_2th_pre_bid"": ""+263000"", ""buy_2th_pre_req"": ""43"", ""buy_2th_pre_req_pre"": ""0"", ""buy_3th_pre_bid"": ""+262500"", ""buy_3th_pre_req"": ""38"", ""buy_3th_pre_req_pre"": ""0"", ""buy_4th_pre_bid"": ""+262000"", ""buy_4th_pre_req"": ""114"", ""buy_4th_pre_req_pre"": ""0"", ""buy_5th_pre_bid"": ""+261500"", ""buy_5th_pre_req"": ""15"", ""buy_5th_pre_req_pre"": ""0"", ""buy_6th_pre_bid"": ""+261000"", ""buy_6th_pre_req"": ""4"", ""buy_6th_pre_req_pre"": ""0"", ""buy_7th_pre_bid"": ""+260500"", ""buy_7th_pre_req"": ""21"", ""buy_7th_pre_req_pre"": ""0"", ""buy_8th_pre_bid"": ""+260000"", ""buy_8th_pre_req"": ""109"", ""buy_8th_pre_req_pre"": ""0"", ""buy_9th_pre_bid"": ""+259500"", ""buy_9th_pre_req"": ""119"", ""buy_9th_pre_req_pre"": ""0"", ""buy_10th_pre_bid"": ""+259000"", ""buy_10th_pre_req"": ""210"", ""buy_10th_pre_req_pre"": ""0"", ""tot_sel_req_jub_pre"": ""--10"", ""tot_sel_req"": ""539"", ""tot_buy_req"": ""689"", ""tot_buy_req_jub_pre"": ""--10"", ""ovt_sel_req_pre"": ""0"", ""ovt_sel_req"": ""0"", ""ovt_buy_req"": ""0"", ""ovt_buy_req_pre"": ""0"", ""return_code"": 0, ""return_msg"": ""정상적으로 처리되었습니다""}"
2026-06-10,scan_candidate,028670,,0,main_scan,5010,,5010,5000,5010,5040,0.39920159680638717,0.19960079840319359,,,,,,"{""bid_req_base_tm"": ""103520"", ""sel_10th_pre_req_pre"": ""0"", ""sel_10th_pre_req"": ""726"", ""sel_10th_pre_bid"": ""-5100"", ""sel_9th_pre_req_pre"": ""0"", ""sel_9th_pre_req"": ""621"", ""sel_9th_pre_bid"": ""-5090"", ""sel_8th_pre_req_pre"": ""0"", ""sel_8th_pre_req"": ""118"", ""sel_8th_pre_bid"": ""-5080"", ""sel_7th_pre_req_pre"": ""0"", ""sel_7th_pre_req"": ""101"", ""sel_7th_pre_bid"": ""-5070"", ""sel_6th_pre_req_pre"": ""0"", ""sel_6th_pre_req"": ""1"", ""sel_6th_pre_bid"": ""-5060"", ""sel_5th_pre_req_pre"": ""0"", ""sel_5th_pre_req"": ""104"", ""sel_5th_pre_bid"": ""-5050"", ""sel_4th_pre_req_pre"": ""0"", ""sel_4th_pre_req"": ""2904"", ""sel_4th_pre_bid"": ""-5040"", ""sel_3th_pre_req_pre"": ""0"", ""sel_3th_pre_req"": ""1230"", ""sel_3th_pre_bid"": ""-5030"", ""sel_2th_pre_req_pre"": ""0"", ""sel_2th_pre_req"": ""549"", ""sel_2th_pre_bid"": ""-5020"", ""sel_1th_pre_req_pre"": ""0"", ""sel_fpr_req"": ""4444"", ""sel_fpr_bid"": ""-5010"", ""buy_fpr_bid"": ""-5000"", ""buy_fpr_req"": ""5693"", ""buy_1th_pre_req_pre"": ""0"", ""buy_2th_pre_bid"": ""-4995"", ""buy_2th_pre_req"": ""2349"", ""buy_2th_pre_req_pre"": ""0"", ""buy_3th_pre_bid"": ""-4990"", ""buy_3th_pre_req"": ""1509"", ""buy_3th_pre_req_pre"": ""0"", ""buy_4th_pre_bid"": ""-4985"", ""buy_4th_pre_req"": ""5134"", ""buy_4th_pre_req_pre"": ""0"", ""buy_5th_pre_bid"": ""-4980"", ""buy_5th_pre_req"": ""7387"", ""buy_5th_pre_req_pre"": ""0"", ""buy_6th_pre_bid"": ""-4975"", ""buy_6th_pre_req"": ""2051"", ""buy_6th_pre_req_pre"": ""0"", ""buy_7th_pre_bid"": ""-4970"", ""buy_7th_pre_req"": ""1239"", ""buy_7th_pre_req_pre"": ""0"", ""buy_8th_pre_bid"": ""-4965"", ""buy_8th_pre_req"": ""5619"", ""buy_8th_pre_req_pre"": ""0"", ""buy_9th_pre_bid"": ""-4960"", ""buy_9th_pre_req"": ""3505"", ""buy_9th_pre_req_pre"": ""0"", ""buy_10th_pre_bid"": ""-4955"", ""buy_10th_pre_req"": ""2960"", ""buy_10th_pre_req_pre"": ""0"", ""tot_sel_req_jub_pre"": ""0"", ""tot_sel_req"": ""10798"", ""tot_buy_req"": ""37446"", ""tot_buy_req_jub_pre"": ""0"", ""ovt_sel_req_pre"": ""0"", ""ovt_sel_req"": ""0"", ""ovt_buy_req"": ""0"", ""ovt_buy_req_pre"": ""0"", ""return_code"": 0, ""return_msg"": ""정상적으로 처리되었습니다""}"
2026-06-10,scan_candidate,009420,,0,main_scan,50600,,50600,50400,50600,50600,-0.1976284584980237,0.3952569169960474,,,,,,"{""bid_req_base_tm"": ""103521"", ""sel_10th_pre_req_pre"": ""0"", ""sel_10th_pre_req"": ""41"", ""sel_10th_pre_bid"": ""-51500"", ""sel_9th_pre_req_pre"": ""0"", ""sel_9th_pre_req"": ""13"", ""sel_9th_pre_bid"": ""-51400"", ""sel_8th_pre_req_pre"": ""0"", ""sel_8th_pre_req"": ""460"", ""sel_8th_pre_bid"": ""-51300"", ""sel_7th_pre_req_pre"": ""0"", ""sel_7th_pre_req"": ""641"", ""sel_7th_pre_bid"": ""-51200"", ""sel_6th_pre_req_pre"": ""0"", ""sel_6th_pre_req"": ""75"", ""sel_6th_pre_bid"": ""-51100"", ""sel_5th_pre_req_pre"": ""0"", ""sel_5th_pre_req"": ""160"", ""sel_5th_pre_bid"": ""-51000"", ""sel_4th_pre_req_pre"": ""0"", ""sel_4th_pre_req"": ""199"", ""sel_4th_pre_bid"": ""-50900"", ""sel_3th_pre_req_pre"": ""0"", ""sel_3th_pre_req"": ""138"", ""sel_3th_pre_bid"": ""-50800"", ""sel_2th_pre_req_pre"": ""0"", ""sel_2th_pre_req"": ""305"", ""sel_2th_pre_bid"": ""-50700"", ""sel_1th_pre_req_pre"": ""+11"", ""sel_fpr_req"": ""140"", ""sel_fpr_bid"": ""-50600"", ""buy_fpr_bid"": ""-50400"", ""buy_fpr_req"": ""400"", ""buy_1th_pre_req_pre"": ""0"", ""buy_2th_pre_bid"": ""-50300"", ""buy_2th_pre_req"": ""125"", ""buy_2th_pre_req_pre"": ""0"", ""buy_3th_pre_bid"": ""-50200"", ""buy_3th_pre_req"": ""10"", ""buy_3th_pre_req_pre"": ""0"", ""buy_4th_pre_bid"": ""-50100"", ""buy_4th_pre_req"": ""73"", ""buy_4th_pre_req_pre"": ""0"", ""buy_5th_pre_bid"": ""-50000"", ""buy_5th_pre_req"": ""180"", ""buy_5th_pre_req_pre"": ""0"", ""buy_6th_pre_bid"": ""-49950"", ""buy_6th_pre_req"": ""325"", ""buy_6th_pre_req_pre"": ""0"", ""buy_7th_pre_bid"": ""-49900"", ""buy_7th_pre_req"": ""373"", ""buy_7th_pre_req_pre"": ""0"", ""buy_8th_pre_bid"": ""-49850"", ""buy_8th_pre_req"": ""372"", ""buy_8th_pre_req_pre"": ""0"", ""buy_9th_pre_bid"": ""-49800"", ""buy_9th_pre_req"": ""538"", ""buy_9th_pre_req_pre"": ""0"", ""buy_10th_pre_bid"": ""-49750"", ""buy_10th_pre_req"": ""894"", ""buy_10th_pre_req_pre"": ""0"", ""tot_sel_req_jub_pre"": ""+11"", ""tot_sel_req"": ""2172"", ""tot_buy_req"": ""3290"", ""tot_buy_req_jub_pre"": ""0"", ""ovt_sel_req_pre"": ""0"", ""ovt_sel_req"": ""0"", ""ovt_buy_req"": ""0"", ""ovt_buy_req_pre"": ""0"", ""return_code"": 0, ""return_msg"": ""정상적으로 처리되었습니다""}"
2026-06-10,scan_candidate,375500,,0,main_scan,72100,,72100,72000,72100,71500,-0.9708737864077669,0.13869625520110956,,,,,,"{""bid_req_base_tm"": ""103521"", ""sel_10th_pre_req_pre"": ""0"", ""sel_10th_pre_req"": ""331"", ""sel_10th_pre_bid"": ""+73000"", ""sel_9th_pre_req_pre"": ""0"", ""sel_9th_pre_req"": ""20"", ""sel_9th_pre_bid"": ""+72900"", ""sel_8th_pre_req_pre"": ""0"", ""sel_8th_pre_req"": ""49"", ""sel_8th_pre_bid"": ""+72800"", ""sel_7th_pre_req_pre"": ""0"", ""sel_7th_pre_req"": ""12"", ""sel_7th_pre_bid"": ""+72700"", ""sel_6th_pre_req_pre"": ""0"", ""sel_6th_pre_req"": ""45"", ""sel_6th_pre_bid"": ""+72600"", ""sel_5th_pre_req_pre"": ""0"", ""sel_5th_pre_req"": ""124"", ""sel_5th_pre_bid"": ""+72500"", ""sel_4th_pre_req_pre"": ""0"", ""sel_4th_pre_req"": ""389"", ""sel_4th_pre_bid"": ""+72400"", ""sel_3th_pre_req_pre"": ""0"", ""sel_3th_pre_req"": ""549"", ""sel_3th_pre_bid"": ""+72300"", ""sel_2th_pre_req_pre"": ""0"", ""sel_2th_pre_req"": ""78"", ""sel_2th_pre_bid"": ""+72200"", ""sel_1th_pre_req_pre"": ""0"", ""sel_fpr_req"": ""163"", ""sel_fpr_bid"": ""+72100"", ""buy_fpr_bid"": ""+72000"", ""buy_fpr_req"": ""5"", ""buy_1th_pre_req_pre"": ""0"", ""buy_2th_pre_bid"": ""+71900"", ""buy_2th_pre_req"": ""210"", ""buy_2th_pre_req_pre"": ""0"", ""buy_3th_pre_bid"": ""+71600"", ""buy_3th_pre_req"": ""31"", ""buy_3th_pre_req_pre"": ""0"", ""buy_4th_pre_bid"": ""+71500"", ""buy_4th_pre_req"": ""179"", ""buy_4th_pre_req_pre"": ""0"", ""buy_5th_pre_bid"": ""+71200"", ""buy_5th_pre_req"": ""24"", ""buy_5th_pre_req_pre"": ""0"", ""buy_6th_pre_bid"": ""+71100"", ""buy_6th_pre_req"": ""110"", ""buy_6th_pre_req_pre"": ""0"", ""buy_7th_pre_bid"": ""+71000"", ""buy_7th_pre_req"": ""522"", ""buy_7th_pre_req_pre"": ""0"", ""buy_8th_pre_bid"": ""+70900"", ""buy_8th_pre_req"": ""18"", ""buy_8th_pre_req_pre"": ""0"", ""buy_9th_pre_bid"": ""+70800"", ""buy_9th_pre_req"": ""6"", ""buy_9th_pre_req_pre"": ""0"", ""buy_10th_pre_bid"": ""+70700"", ""buy_10th_pre_req"": ""53"", ""buy_10th_pre_req_pre"": ""--10"", ""tot_sel_req_jub_pre"": ""0"", ""tot_sel_req"": ""1760"", ""tot_buy_req"": ""1158"", ""tot_buy_req_jub_pre"": ""--10"", ""ovt_sel_req_pre"": ""0"", ""ovt_sel_req"": ""0"", ""ovt_buy_req"": ""0"", ""ovt_buy_req_pre"": ""0"", ""return_code"": 0, ""return_msg"": ""정상적으로 처리되었습니다""}"
2026-06-10,scan_candidate,004990,,0,main_scan,25850,,25850,25750,25850,25750,-0.5802707930367506,0.3868471953578337,,,,,,"{""bid_req_base_tm"": ""103521"", ""sel_10th_pre_req_pre"": ""0"", ""sel_10th_pre_req"": ""11"", ""sel_10th_pre_bid"": ""+26300"", ""sel_9th_pre_req_pre"": ""0"", ""sel_9th_pre_req"": ""136"", ""sel_9th_pre_bid"": ""+26250"", ""sel_8th_pre_req_pre"": ""0"", ""sel_8th_pre_req"": ""90"", ""sel_8th_pre_bid"": ""+26200"", ""sel_7th_pre_req_pre"": ""0"", ""sel_7th_pre_req"": ""3119"", ""sel_7th_pre_bid"": ""26150"", ""sel_6th_pre_req_pre"": ""0"", ""sel_6th_pre_req"": ""902"", ""sel_6th_pre_bid"": ""-26100"", ""sel_5th_pre_req_pre"": ""0"", ""sel_5th_pre_req"": ""201"", ""sel_5th_pre_bid"": ""-26050"", ""sel_4th_pre_req_pre"": ""0"", ""sel_4th_pre_req"": ""103"", ""sel_4th_pre_bid"": ""-26000"", ""sel_3th_pre_req_pre"": ""0"", ""sel_3th_pre_req"": ""107"", ""sel_3th_pre_bid"": ""-25950"", ""sel_2th_pre_req_pre"": ""0"", ""sel_2th_pre_req"": ""265"", ""sel_2th_pre_bid"": ""-25900"", ""sel_1th_pre_req_pre"": ""+33"", ""sel_fpr_req"": ""35"", ""sel_fpr_bid"": ""-25850"", ""buy_fpr_bid"": ""-25750"", ""buy_fpr_req"": ""221"", ""buy_1th_pre_req_pre"": ""0"", ""buy_2th_pre_bid"": ""-25700"", ""buy_2th_pre_req"": ""400"", ""buy_2th_pre_req_pre"": ""0"", ""buy_3th_pre_bid"": ""-25600"", ""buy_3th_pre_req"": ""9"", ""buy_3th_pre_req_pre"": ""0"", ""buy_4th_pre_bid"": ""-25550"", ""buy_4th_pre_req"": ""129"", ""buy_4th_pre_req_pre"": ""0"", ""buy_5th_pre_bid"": ""-25500"", ""buy_5th_pre_req"": ""871"", ""buy_5th_pre_req_pre"": ""0"", ""buy_6th_pre_bid"": ""-25450"", ""buy_6th_pre_req"": ""1139"", ""buy_6th_pre_req_pre"": ""0"", ""buy_7th_pre_bid"": ""-25400"", ""buy_7th_pre_req"": ""656"", ""buy_7th_pre_req_pre"": ""0"", ""buy_8th_pre_bid"": ""-25350"", ""buy_8th_pre_req"": ""393"", ""buy_8th_pre_req_pre"": ""0"", ""buy_9th_pre_bid"": ""-25300"", ""buy_9th_pre_req"": ""426"", ""buy_9th_pre_req_pre"": ""0"", ""buy_10th_pre_bid"": ""-25250"", ""buy_10th_pre_req"": ""938"", ""buy_10th_pre_req_pre"": ""0"", ""tot_sel_req_jub_pre"": ""+33"", ""tot_sel_req"": ""4969"", ""tot_buy_req"": ""5182"", ""tot_buy_req_jub_pre"": ""0"", ""ovt_sel_req_pre"": ""0"", ""ovt_sel_req"": ""0"", ""ovt_buy_req"": ""0"", ""ovt_buy_req_pre"": ""0"", ""return_code"": 0, ""return_msg"": ""정상적으로 처리되었습니다""}"
2026-06-10,scan_candidate,483650,,0,main_scan,206000,,206000,205500,206000,203500,-1.4563106796116505,0.24271844660194172,,,,,,"{""bid_req_base_tm"": ""103517"", ""sel_10th_pre_req_pre"": ""0"", ""sel_10th_pre_req"": ""51"", ""sel_10th_pre_bid"": ""+210500"", ""sel_9th_pre_req_pre"": ""0"", ""sel_9th_pre_req"": ""1049"", ""sel_9th_pre_bid"": ""+210000"", ""sel_8th_pre_req_pre"": ""0"", ""sel_8th_pre_req"": ""711"", ""sel_8th_pre_bid"": ""+209500"", ""sel_7th_pre_req_pre"": ""0"", ""sel_7th_pre_req"": ""625"", ""sel_7th_pre_bid"": ""+209000"", ""sel_6th_pre_req_pre"": ""0"", ""sel_6th_pre_req"": ""181"", ""sel_6th_pre_bid"": ""+208500"", ""sel_5th_pre_req_pre"": ""0"", ""sel_5th_pre_req"": ""480"", ""sel_5th_pre_bid"": ""+208000"", ""sel_4th_pre_req_pre"": ""0"", ""sel_4th_pre_req"": ""482"", ""sel_4th_pre_bid"": ""+207500"", ""sel_3th_pre_req_pre"": ""0"", ""sel_3th_pre_req"": ""808"", ""sel_3th_pre_bid"": ""+207000"", ""sel_2th_pre_req_pre"": ""0"", ""sel_2th_pre_req"": ""1932"", ""sel_2th_pre_bid"": ""+206500"", ""sel_1th_pre_req_pre"": ""+6"", ""sel_fpr_req"": ""1332"", ""sel_fpr_bid"": ""+206000"", ""buy_fpr_bid"": ""+205500"", ""buy_fpr_req"": ""47"", ""buy_1th_pre_req_pre"": ""0"", ""buy_2th_pre_bid"": ""+205000"", ""buy_2th_pre_req"": ""64"", ""buy_2th_pre_req_pre"": ""0"", ""buy_3th_pre_bid"": ""+204500"", ""buy_3th_pre_req"": ""121"", ""buy_3th_pre_req_pre"": ""0"", ""buy_4th_pre_bid"": ""+204000"", ""buy_4th_pre_req"": ""98"", ""buy_4th_pre_req_pre"": ""0"", ""buy_5th_pre_bid"": ""+203500"", ""buy_5th_pre_req"": ""119"", ""buy_5th_pre_req_pre"": ""0"", ""buy_6th_pre_bid"": ""+203000"", ""buy_6th_pre_req"": ""86"", ""buy_6th_pre_req_pre"": ""0"", ""buy_7th_pre_bid"": ""+202500"", ""buy_7th_pre_req"": ""75"", ""buy_7th_pre_req_pre"": ""0"", ""buy_8th_pre_bid"": ""+202000"", ""buy_8th_pre_req"": ""59"", ""buy_8th_pre_req_pre"": ""0"", ""buy_9th_pre_bid"": ""+201500"", ""buy_9th_pre_req"": ""236"", ""buy_9th_pre_req_pre"": ""0"", ""buy_10th_pre_bid"": ""+201000"", ""buy_10th_pre_req"": ""351"", ""buy_10th_pre_req_pre"": ""0"", ""tot_sel_req_jub_pre"": ""+6"", ""tot_sel_req"": ""7651"", ""tot_buy_req"": ""1256"", ""tot_buy_req_jub_pre"": ""0"", ""ovt_sel_req_pre"": ""0"", ""ovt_sel_req"": ""0"", ""ovt_buy_req"": ""0"", ""ovt_buy_req_pre"": ""0"", ""return_code"": 0, ""return_msg"": ""정상적으로 처리되었습니다""}"
2026-06-10,scan_candidate,003690,,0,main_scan,13270,,13270,13240,13270,13250,-0.5275056518462697,0.22607385079125847,,,,,,"{""bid_req_base_tm"": ""103518"", ""sel_10th_pre_req_pre"": ""0"", ""sel_10th_pre_req"": ""56"", ""sel_10th_pre_bid"": ""-13370"", ""sel_9th_pre_req_pre"": ""0"", ""sel_9th_pre_req"": ""148"", ""sel_9th_pre_bid"": ""-13360"", ""sel_8th_pre_req_pre"": ""0"", ""sel_8th_pre_req"": ""1"", ""sel_8th_pre_bid"": ""-13350"", ""sel_7th_pre_req_pre"": ""0"", ""sel_7th_pre_req"": ""1"", ""sel_7th_pre_bid"": ""-13340"", ""sel_6th_pre_req_pre"": ""0"", ""sel_6th_pre_req"": ""1"", ""sel_6th_pre_bid"": ""-13330"", ""sel_5th_pre_req_pre"": ""0"", ""sel_5th_pre_req"": ""1"", ""sel_5th_pre_bid"": ""-13320"", ""sel_4th_pre_req_pre"": ""0"", ""sel_4th_pre_req"": ""682"", ""sel_4th_pre_bid"": ""-13310"", ""sel_3th_pre_req_pre"": ""0"", ""sel_3th_pre_req"": ""39"", ""sel_3th_pre_bid"": ""-13300"", ""sel_2th_pre_req_pre"": ""0"", ""sel_2th_pre_req"": ""21"", ""sel_2th_pre_bid"": ""-13290"", ""sel_1th_pre_req_pre"": ""0"", ""sel_fpr_req"": ""96"", ""sel_fpr_bid"": ""-13270"", ""buy_fpr_bid"": ""-13240"", ""buy_fpr_req"": ""458"", ""buy_1th_pre_req_pre"": ""+27"", ""buy_2th_pre_bid"": ""-13230"", ""buy_2th_pre_req"": ""207"", ""buy_2th_pre_req_pre"": ""0"", ""buy_3th_pre_bid"": ""-13220"", ""buy_3th_pre_req"": ""166"", ""buy_3th_pre_req_pre"": ""0"", ""buy_4th_pre_bid"": ""-13210"", ""buy_4th_pre_req"": ""650"", ""buy_4th_pre_req_pre"": ""0"", ""buy_5th_pre_bid"": ""-13200"", ""buy_5th_pre_req"": ""631"", ""buy_5th_pre_req_pre"": ""0"", ""buy_6th_pre_bid"": ""-13190"", ""buy_6th_pre_req"": ""101"", ""buy_6th_pre_req_pre"": ""0"", ""buy_7th_pre_bid"": ""-13180"", ""buy_7th_pre_req"": ""50"", ""buy_7th_pre_req_pre"": ""0"", ""buy_8th_pre_bid"": ""-13170"", ""buy_8th_pre_req"": ""50"", ""buy_8th_pre_req_pre"": ""0"", ""buy_9th_pre_bid"": ""-13160"", ""buy_9th_pre_req"": ""50"", ""buy_9th_pre_req_pre"": ""0"", ""buy_10th_pre_bid"": ""-13150"", ""buy_10th_pre_req"": ""81"", ""buy_10th_pre_req_pre"": ""0"", ""tot_sel_req_jub_pre"": ""0"", ""tot_sel_req"": ""1046"", ""tot_buy_req"": ""2444"", ""tot_buy_req_jub_pre"": ""+27"", ""ovt_sel_req_pre"": ""0"", ""ovt_sel_req"": ""0"", ""ovt_buy_req"": ""0"", ""ovt_buy_req_pre"": ""0"", ""return_code"": 0, ""return_msg"": ""정상적으로 처리되었습니다""}"
2026-06-10,scan_candidate,279570,,0,main_scan,5970,,5970,5960,5970,5940,-0.6700167504187605,0.16750418760469013,,,,,,"{""bid_req_base_tm"": ""103521"", ""sel_10th_pre_req_pre"": ""0"", ""sel_10th_pre_req"": ""33681"", ""sel_10th_pre_bid"": ""+6060"", ""sel_9th_pre_req_pre"": ""0"", ""sel_9th_pre_req"": ""38249"", ""sel_9th_pre_bid"": ""+6050"", ""sel_8th_pre_req_pre"": ""0"", ""sel_8th_pre_req"": ""21728"", ""sel_8th_pre_bid"": ""+6040"", ""sel_7th_pre_req_pre"": ""0"", ""sel_7th_pre_req"": ""31018"", ""sel_7th_pre_bid"": ""+6030"", ""sel_6th_pre_req_pre"": ""0"", ""sel_6th_pre_req"": ""49365"", ""sel_6th_pre_bid"": ""+6020"", ""sel_5th_pre_req_pre"": ""0"", ""sel_5th_pre_req"": ""11585"", ""sel_5th_pre_bid"": ""+6010"", ""sel_4th_pre_req_pre"": ""+10"", ""sel_4th_pre_req"": ""31142"", ""sel_4th_pre_bid"": ""+6000"", ""sel_3th_pre_req_pre"": ""0"", ""sel_3th_pre_req"": ""28509"", ""sel_3th_pre_bid"": ""+5990"", ""sel_2th_pre_req_pre"": ""0"", ""sel_2th_pre_req"": ""7542"", ""sel_2th_pre_bid"": ""+5980"", ""sel_1th_pre_req_pre"": ""0"", ""sel_fpr_req"": ""3866"", ""sel_fpr_bid"": ""+5970"", ""buy_fpr_bid"": ""+5960"", ""buy_fpr_req"": ""6063"", ""buy_1th_pre_req_pre"": ""0"", ""buy_2th_pre_bid"": ""+5950"", ""buy_2th_pre_req"": ""7454"", ""buy_2th_pre_req_pre"": ""0"", ""buy_3th_pre_bid"": ""+5940"", ""buy_3th_pre_req"": ""8321"", ""buy_3th_pre_req_pre"": ""0"", ""buy_4th_pre_bid"": ""+5930"", ""buy_4th_pre_req"": ""7656"", ""buy_4th_pre_req_pre"": ""0"", ""buy_5th_pre_bid"": ""+5920"", ""buy_5th_pre_req"": ""7388"", ""buy_5th_pre_req_pre"": ""0"", ""buy_6th_pre_bid"": ""+5910"", ""buy_6th_pre_req"": ""13718"", ""buy_6th_pre_req_pre"": ""0"", ""buy_7th_pre_bid"": ""+5900"", ""buy_7th_pre_req"": ""36294"", ""buy_7th_pre_req_pre"": ""0"", ""buy_8th_pre_bid"": ""+5890"", ""buy_8th_pre_req"": ""5259"", ""buy_8th_pre_req_pre"": ""0"", ""buy_9th_pre_bid"": ""+5880"", ""buy_9th_pre_req"": ""3022"", ""buy_9th_pre_req_pre"": ""0"", ""buy_10th_pre_bid"": ""+5870"", ""buy_10th_pre_req"": ""3592"", ""buy_10th_pre_req_pre"": ""0"", ""tot_sel_req_jub_pre"": ""+10"", ""tot_sel_req"": ""256685"", ""tot_buy_req"": ""98767"", ""tot_buy_req_jub_pre"": ""0"", ""ovt_sel_req_pre"": ""0"", ""ovt_sel_req"": ""0"", ""ovt_buy_req"": ""0"", ""ovt_buy_req_pre"": ""0"", ""return_code"": 0, ""return_msg"": ""정상적으로 처리되었습니다""}"
2026-06-10,scan_candidate,008770,,0,main_scan,54700,,54700,54600,54700,54400,-0.7312614259597806,0.18281535648994515,,,,,,"{""bid_req_base_tm"": ""103521"", ""sel_10th_pre_req_pre"": ""0"", ""sel_10th_pre_req"": ""137"", ""sel_10th_pre_bid"": ""+55600"", ""sel_9th_pre_req_pre"": ""0"", ""sel_9th_pre_req"": ""312"", ""sel_9th_pre_bid"": ""+55500"", ""sel_8th_pre_req_pre"": ""0"", ""sel_8th_pre_req"": ""332"", ""sel_8th_pre_bid"": ""+55400"", ""sel_7th_pre_req_pre"": ""0"", ""sel_7th_pre_req"": ""411"", ""sel_7th_pre_bid"": ""+55300"", ""sel_6th_pre_req_pre"": ""0"", ""sel_6th_pre_req"": ""541"", ""sel_6th_pre_bid"": ""55200"", ""sel_5th_pre_req_pre"": ""0"", ""sel_5th_pre_req"": ""184"", ""sel_5th_pre_bid"": ""-55100"", ""sel_4th_pre_req_pre"": ""0"", ""sel_4th_pre_req"": ""438"", ""sel_4th_pre_bid"": ""-55000"", ""sel_3th_pre_req_pre"": ""0"", ""sel_3th_pre_req"": ""293"", ""sel_3th_pre_bid"": ""-54900"", ""sel_2th_pre_req_pre"": ""0"", ""sel_2th_pre_req"": ""226"", ""sel_2th_pre_bid"": ""-54800"", ""sel_1th_pre_req_pre"": ""0"", ""sel_fpr_req"": ""297"", ""sel_fpr_bid"": ""-54700"", ""buy_fpr_bid"": ""-54600"", ""buy_fpr_req"": ""43"", ""buy_1th_pre_req_pre"": ""0"", ""buy_2th_pre_bid"": ""-54400"", ""buy_2th_pre_req"": ""74"", ""buy_2th_pre_req_pre"": ""0"", ""buy_3th_pre_bid"": ""-54300"", ""buy_3th_pre_req"": ""309"", ""buy_3th_pre_req_pre"": ""0"", ""buy_4th_pre_bid"": ""-54200"", ""buy_4th_pre_req"": ""1"", ""buy_4th_pre_req_pre"": ""0"", ""buy_5th_pre_bid"": ""-54100"", ""buy_5th_pre_req"": ""46"", ""buy_5th_pre_req_pre"": ""0"", ""buy_6th_pre_bid"": ""-54000"", ""buy_6th_pre_req"": ""235"", ""buy_6th_pre_req_pre"": ""0"", ""buy_7th_pre_bid"": ""-53900"", ""buy_7th_pre_req"": ""203"", ""buy_7th_pre_req_pre"": ""0"", ""buy_8th_pre_bid"": ""-53800"", ""buy_8th_pre_req"": ""390"", ""buy_8th_pre_req_pre"": ""+9"", ""buy_9th_pre_bid"": ""-53700"", ""buy_9th_pre_req"": ""420"", ""buy_9th_pre_req_pre"": ""0"", ""buy_10th_pre_bid"": ""-53600"", ""buy_10th_pre_req"": ""145"", ""buy_10th_pre_req_pre"": ""0"", ""tot_sel_req_jub_pre"": ""0"", ""tot_sel_req"": ""3171"", ""tot_buy_req"": ""1866"", ""tot_buy_req_jub_pre"": ""+9"", ""ovt_sel_req_pre"": ""0"", ""ovt_sel_req"": ""0"", ""ovt_buy_req"": ""0"", ""ovt_buy_req_pre"": ""0"", ""return_code"": 0, ""return_msg"": ""정상적으로 처리되었습니다""}"
2026-06-10,scan_candidate,081660,,0,main_scan,40350,,40350,40300,40350,40400,0.0,0.12391573729863693,,,,,,"{""bid_req_base_tm"": ""103521"", ""sel_10th_pre_req_pre"": ""0"", ""sel_10th_pre_req"": ""136"", ""sel_10th_pre_bid"": ""+40800"", ""sel_9th_pre_req_pre"": ""0"", ""sel_9th_pre_req"": ""13"", ""sel_9th_pre_bid"": ""+40750"", ""sel_8th_pre_req_pre"": ""0"", ""sel_8th_pre_req"": ""70"", ""sel_8th_pre_bid"": ""+40700"", ""sel_7th_pre_req_pre"": ""0"", ""sel_7th_pre_req"": ""50"", ""sel_7th_pre_bid"": ""+40650"", ""sel_6th_pre_req_pre"": ""0"", ""sel_6th_pre_req"": ""70"", ""sel_6th_pre_bid"": ""+40600"", ""sel_5th_pre_req_pre"": ""0"", ""sel_5th_pre_req"": ""116"", ""sel_5th_pre_bid"": ""+40550"", ""sel_4th_pre_req_pre"": ""0"", ""sel_4th_pre_req"": ""196"", ""sel_4th_pre_bid"": ""+40500"", ""sel_3th_pre_req_pre"": ""0"", ""sel_3th_pre_req"": ""40"", ""sel_3th_pre_bid"": ""+40450"", ""sel_2th_pre_req_pre"": ""0"", ""sel_2th_pre_req"": ""75"", ""sel_2th_pre_bid"": ""+40400"", ""sel_1th_pre_req_pre"": ""0"", ""sel_fpr_req"": ""36"", ""sel_fpr_bid"": ""+40350"", ""buy_fpr_bid"": ""+40300"", ""buy_fpr_req"": ""345"", ""buy_1th_pre_req_pre"": ""0"", ""buy_2th_pre_bid"": ""+40250"", ""buy_2th_pre_req"": ""24"", ""buy_2th_pre_req_pre"": ""0"", ""buy_3th_pre_bid"": ""+40200"", ""buy_3th_pre_req"": ""84"", ""buy_3th_pre_req_pre"": ""0"", ""buy_4th_pre_bid"": ""+40150"", ""buy_4th_pre_req"": ""56"", ""buy_4th_pre_req_pre"": ""0"", ""buy_5th_pre_bid"": ""+40100"", ""buy_5th_pre_req"": ""73"", ""buy_5th_pre_req_pre"": ""+50"", ""buy_6th_pre_bid"": ""+40050"", ""buy_6th_pre_req"": ""64"", ""buy_6th_pre_req_pre"": ""--50"", ""buy_7th_pre_bid"": ""+40000"", ""buy_7th_pre_req"": ""509"", ""buy_7th_pre_req_pre"": ""0"", ""buy_8th_pre_bid"": ""+39950"", ""buy_8th_pre_req"": ""500"", ""buy_8th_pre_req_pre"": ""0"", ""buy_9th_pre_bid"": ""+39900"", ""buy_9th_pre_req"": ""2"", ""buy_9th_pre_req_pre"": ""0"", ""buy_10th_pre_bid"": ""+39850"", ""buy_10th_pre_req"": ""1"", ""buy_10th_pre_req_pre"": ""0"", ""tot_sel_req_jub_pre"": ""0"", ""tot_sel_req"": ""802"", ""tot_buy_req"": ""1658"", ""tot_buy_req_jub_pre"": ""0"", ""ovt_sel_req_pre"": ""0"", ""ovt_sel_req"": ""0"", ""ovt_buy_req"": ""0"", ""ovt_buy_req_pre"": ""0"", ""return_code"": 0, ""return_msg"": ""정상적으로 처리되었습니다""}"
2026-06-10,scan_candidate,462870,,0,main_scan,31650,,31650,31600,31650,31400,-0.9478672985781991,0.1579778830963665,,,,,,"{""bid_req_base_tm"": ""103522"", ""sel_10th_pre_req_pre"": ""0"", ""sel_10th_pre_req"": ""189"", ""sel_10th_pre_bid"": ""-32100"", ""sel_9th_pre_req_pre"": ""0"", ""sel_9th_pre_req"": ""126"", ""sel_9th_pre_bid"": ""-32050"", ""sel_8th_pre_req_pre"": ""0"", ""sel_8th_pre_req"": ""158"", ""sel_8th_pre_bid"": ""-32000"", ""sel_7th_pre_req_pre"": ""0"", ""sel_7th_pre_req"": ""102"", ""sel_7th_pre_bid"": ""-31950"", ""sel_6th_pre_req_pre"": ""0"", ""sel_6th_pre_req"": ""100"", ""sel_6th_pre_bid"": ""-31900"", ""sel_5th_pre_req_pre"": ""0"", ""sel_5th_pre_req"": ""42"", ""sel_5th_pre_bid"": ""-31850"", ""sel_4th_pre_req_pre"": ""0"", ""sel_4th_pre_req"": ""222"", ""sel_4th_pre_bid"": ""-31800"", ""sel_3th_pre_req_pre"": ""0"", ""sel_3th_pre_req"": ""112"", ""sel_3th_pre_bid"": ""-31750"", ""sel_2th_pre_req_pre"": ""0"", ""sel_2th_pre_req"": ""1969"", ""sel_2th_pre_bid"": ""-31700"", ""sel_1th_pre_req_pre"": ""--1"", ""sel_fpr_req"": ""34"", ""sel_fpr_bid"": ""-31650"", ""buy_fpr_bid"": ""-31600"", ""buy_fpr_req"": ""14"", ""buy_1th_pre_req_pre"": ""0"", ""buy_2th_pre_bid"": ""-31550"", ""buy_2th_pre_req"": ""11"", ""buy_2th_pre_req_pre"": ""0"", ""buy_3th_pre_bid"": ""-31500"", ""buy_3th_pre_req"": ""3"", ""buy_3th_pre_req_pre"": ""0"", ""buy_4th_pre_bid"": ""-31450"", ""buy_4th_pre_req"": ""59"", ""buy_4th_pre_req_pre"": ""0"", ""buy_5th_pre_bid"": ""-31400"", ""buy_5th_pre_req"": ""14"", ""buy_5th_pre_req_pre"": ""0"", ""buy_6th_pre_bid"": ""-31350"", ""buy_6th_pre_req"": ""57"", ""buy_6th_pre_req_pre"": ""0"", ""buy_7th_pre_bid"": ""-31300"", ""buy_7th_pre_req"": ""55"", ""buy_7th_pre_req_pre"": ""0"", ""buy_8th_pre_bid"": ""-31250"", ""buy_8th_pre_req"": ""31"", ""buy_8th_pre_req_pre"": ""0"", ""buy_9th_pre_bid"": ""-31200"", ""buy_9th_pre_req"": ""98"", ""buy_9th_pre_req_pre"": ""0"", ""buy_10th_pre_bid"": ""-31150"", ""buy_10th_pre_req"": ""244"", ""buy_10th_pre_req_pre"": ""0"", ""tot_sel_req_jub_pre"": ""--1"", ""tot_sel_req"": ""3054"", ""tot_buy_req"": ""586"", ""tot_buy_req_jub_pre"": ""0"", ""ovt_sel_req_pre"": ""0"", ""ovt_sel_req"": ""0"", ""ovt_buy_req"": ""0"", ""ovt_buy_req_pre"": ""0"", ""return_code"": 0, ""return_msg"": ""정상적으로 처리되었습니다""}"
2026-06-10,scan_candidate,120110,,0,main_scan,71400,,71400,71300,71400,71100,-0.5602240896358543,0.1400560224089636,,,,,,"{""bid_req_base_tm"": ""103523"", ""sel_10th_pre_req_pre"": ""0"", ""sel_10th_pre_req"": ""59"", ""sel_10th_pre_bid"": ""+72300"", ""sel_9th_pre_req_pre"": ""0"", ""sel_9th_pre_req"": ""360"", ""sel_9th_pre_bid"": ""+72200"", ""sel_8th_pre_req_pre"": ""0"", ""sel_8th_pre_req"": ""154"", ""sel_8th_pre_bid"": ""+72100"", ""sel_7th_pre_req_pre"": ""0"", ""sel_7th_pre_req"": ""3138"", ""sel_7th_pre_bid"": ""+72000"", ""sel_6th_pre_req_pre"": ""0"", ""sel_6th_pre_req"": ""213"", ""sel_6th_pre_bid"": ""+71900"", ""sel_5th_pre_req_pre"": ""0"", ""sel_5th_pre_req"": ""124"", ""sel_5th_pre_bid"": ""+71800"", ""sel_4th_pre_req_pre"": ""0"", ""sel_4th_pre_req"": ""87"", ""sel_4th_pre_bid"": ""+71700"", ""sel_3th_pre_req_pre"": ""0"", ""sel_3th_pre_req"": ""26"", ""sel_3th_pre_bid"": ""+71600"", ""sel_2th_pre_req_pre"": ""0"", ""sel_2th_pre_req"": ""28"", ""sel_2th_pre_bid"": ""+71500"", ""sel_1th_pre_req_pre"": ""0"", ""sel_fpr_req"": ""19"", ""sel_fpr_bid"": ""+71400"", ""buy_fpr_bid"": ""+71300"", ""buy_fpr_req"": ""113"", ""buy_1th_pre_req_pre"": ""--10"", ""buy_2th_pre_bid"": ""+71200"", ""buy_2th_pre_req"": ""2"", ""buy_2th_pre_req_pre"": ""0"", ""buy_3th_pre_bid"": ""+71100"", ""buy_3th_pre_req"": ""2"", ""buy_3th_pre_req_pre"": ""0"", ""buy_4th_pre_bid"": ""+71000"", ""buy_4th_pre_req"": ""137"", ""buy_4th_pre_req_pre"": ""0"", ""buy_5th_pre_bid"": ""+70900"", ""buy_5th_pre_req"": ""3"", ""buy_5th_pre_req_pre"": ""0"", ""buy_6th_pre_bid"": ""+70800"", ""buy_6th_pre_req"": ""60"", ""buy_6th_pre_req_pre"": ""0"", ""buy_7th_pre_bid"": ""+70700"", ""buy_7th_pre_req"": ""1"", ""buy_7th_pre_req_pre"": ""0"", ""buy_8th_pre_bid"": ""+70500"", ""buy_8th_pre_req"": ""97"", ""buy_8th_pre_req_pre"": ""0"", ""buy_9th_pre_bid"": ""+70300"", ""buy_9th_pre_req"": ""72"", ""buy_9th_pre_req_pre"": ""0"", ""buy_10th_pre_bid"": ""+70200"", ""buy_10th_pre_req"": ""173"", ""buy_10th_pre_req_pre"": ""0"", ""tot_sel_req_jub_pre"": ""0"", ""tot_sel_req"": ""4208"", ""tot_buy_req"": ""660"", ""tot_buy_req_jub_pre"": ""--10"", ""ovt_sel_req_pre"": ""0"", ""ovt_sel_req"": ""0"", ""ovt_buy_req"": ""0"", ""ovt_buy_req_pre"": ""0"", ""return_code"": 0, ""return_msg"": ""정상적으로 처리되었습니다""}"
2026-06-10,scan_candidate,009155,,0,main_scan,611000,,611000,610000,611000,611000,-0.16366612111292964,0.16366612111292964,,,,,,"{""bid_req_base_tm"": ""103523"", ""sel_10th_pre_req_pre"": ""0"", ""sel_10th_pre_req"": ""18"", ""sel_10th_pre_bid"": ""-621000"", ""sel_9th_pre_req_pre"": ""0"", ""sel_9th_pre_req"": ""34"", ""sel_9th_pre_bid"": ""-620000"", ""sel_8th_pre_req_pre"": ""0"", ""sel_8th_pre_req"": ""9"", ""sel_8th_pre_bid"": ""-619000"", ""sel_7th_pre_req_pre"": ""0"", ""sel_7th_pre_req"": ""41"", ""sel_7th_pre_bid"": ""-617000"", ""sel_6th_pre_req_pre"": ""0"", ""sel_6th_pre_req"": ""9"", ""sel_6th_pre_bid"": ""-616000"", ""sel_5th_pre_req_pre"": ""0"", ""sel_5th_pre_req"": ""10"", ""sel_5th_pre_bid"": ""-615000"", ""sel_4th_pre_req_pre"": ""0"", ""sel_4th_pre_req"": ""40"", ""sel_4th_pre_bid"": ""-614000"", ""sel_3th_pre_req_pre"": ""0"", ""sel_3th_pre_req"": ""51"", ""sel_3th_pre_bid"": ""-613000"", ""sel_2th_pre_req_pre"": ""0"", ""sel_2th_pre_req"": ""40"", ""sel_2th_pre_bid"": ""-612000"", ""sel_1th_pre_req_pre"": ""0"", ""sel_fpr_req"": ""256"", ""sel_fpr_bid"": ""-611000"", ""buy_fpr_bid"": ""-610000"", ""buy_fpr_req"": ""13"", ""buy_1th_pre_req_pre"": ""+8"", ""buy_2th_pre_bid"": ""-609000"", ""buy_2th_pre_req"": ""36"", ""buy_2th_pre_req_pre"": ""0"", ""buy_3th_pre_bid"": ""-608000"", ""buy_3th_pre_req"": ""76"", ""buy_3th_pre_req_pre"": ""0"", ""buy_4th_pre_bid"": ""-607000"", ""buy_4th_pre_req"": ""75"", ""buy_4th_pre_req_pre"": ""0"", ""buy_5th_pre_bid"": ""-606000"", ""buy_5th_pre_req"": ""43"", ""buy_5th_pre_req_pre"": ""0"", ""buy_6th_pre_bid"": ""-605000"", ""buy_6th_pre_req"": ""58"", ""buy_6th_pre_req_pre"": ""0"", ""buy_7th_pre_bid"": ""-604000"", ""buy_7th_pre_req"": ""44"", ""buy_7th_pre_req_pre"": ""0"", ""buy_8th_pre_bid"": ""-603000"", ""buy_8th_pre_req"": ""67"", ""buy_8th_pre_req_pre"": ""0"", ""buy_9th_pre_bid"": ""-602000"", ""buy_9th_pre_req"": ""74"", ""buy_9th_pre_req_pre"": ""0"", ""buy_10th_pre_bid"": ""-601000"", ""buy_10th_pre_req"": ""149"", ""buy_10th_pre_req_pre"": ""0"", ""tot_sel_req_jub_pre"": ""0"", ""tot_sel_req"": ""508"", ""tot_buy_req"": ""635"", ""tot_buy_req_jub_pre"": ""+8"", ""ovt_sel_req_pre"": ""0"", ""ovt_sel_req"": ""0"", ""ovt_buy_req"": ""0"", ""ovt_buy_req_pre"": ""0"", ""return_code"": 0, ""return_msg"": ""정상적으로 처리되었습니다""}"
2026-06-10,scan_candidate,017960,,0,main_scan,31800,,31800,31750,31800,31650,-0.628930817610063,0.15723270440251574,,,,,,"{""bid_req_base_tm"": ""103522"", ""sel_10th_pre_req_pre"": ""0"", ""sel_10th_pre_req"": ""52"", ""sel_10th_pre_bid"": ""+32250"", ""sel_9th_pre_req_pre"": ""0"", ""sel_9th_pre_req"": ""43"", ""sel_9th_pre_bid"": ""+32200"", ""sel_8th_pre_req_pre"": ""0"", ""sel_8th_pre_req"": ""24"", ""sel_8th_pre_bid"": ""+32150"", ""sel_7th_pre_req_pre"": ""0"", ""sel_7th_pre_req"": ""74"", ""sel_7th_pre_bid"": ""+32100"", ""sel_6th_pre_req_pre"": ""0"", ""sel_6th_pre_req"": ""32"", ""sel_6th_pre_bid"": ""+32050"", ""sel_5th_pre_req_pre"": ""0"", ""sel_5th_pre_req"": ""1073"", ""sel_5th_pre_bid"": ""+32000"", ""sel_4th_pre_req_pre"": ""0"", ""sel_4th_pre_req"": ""161"", ""sel_4th_pre_bid"": ""+31950"", ""sel_3th_pre_req_pre"": ""0"", ""sel_3th_pre_req"": ""1480"", ""sel_3th_pre_bid"": ""+31900"", ""sel_2th_pre_req_pre"": ""0"", ""sel_2th_pre_req"": ""744"", ""sel_2th_pre_bid"": ""+31850"", ""sel_1th_pre_req_pre"": ""--3"", ""sel_fpr_req"": ""671"", ""sel_fpr_bid"": ""+31800"", ""buy_fpr_bid"": ""+31750"", ""buy_fpr_req"": ""871"", ""buy_1th_pre_req_pre"": ""0"", ""buy_2th_pre_bid"": ""+31700"", ""buy_2th_pre_req"": ""45"", ""buy_2th_pre_req_pre"": ""0"", ""buy_3th_pre_bid"": ""+31650"", ""buy_3th_pre_req"": ""326"", ""buy_3th_pre_req_pre"": ""0"", ""buy_4th_pre_bid"": ""+31600"", ""buy_4th_pre_req"": ""54"", ""buy_4th_pre_req_pre"": ""0"", ""buy_5th_pre_bid"": ""+31550"", ""buy_5th_pre_req"": ""5"", ""buy_5th_pre_req_pre"": ""0"", ""buy_6th_pre_bid"": ""+31500"", ""buy_6th_pre_req"": ""10"", ""buy_6th_pre_req_pre"": ""0"", ""buy_7th_pre_bid"": ""+31450"", ""buy_7th_pre_req"": ""12"", ""buy_7th_pre_req_pre"": ""0"", ""buy_8th_pre_bid"": ""+31400"", ""buy_8th_pre_req"": ""229"", ""buy_8th_pre_req_pre"": ""0"", ""buy_9th_pre_bid"": ""+31350"", ""buy_9th_pre_req"": ""510"", ""buy_9th_pre_req_pre"": ""0"", ""buy_10th_pre_bid"": ""+31300"", ""buy_10th_pre_req"": ""1738"", ""buy_10th_pre_req_pre"": ""0"", ""tot_sel_req_jub_pre"": ""--3"", ""tot_sel_req"": ""4354"", ""tot_buy_req"": ""3800"", ""tot_buy_req_jub_pre"": ""0"", ""ovt_sel_req_pre"": ""0"", ""ovt_sel_req"": ""0"", ""ovt_buy_req"": ""0"", ""ovt_buy_req_pre"": ""0"", ""return_code"": 0, ""return_msg"": ""정상적으로 처리되었습니다""}"
2026-06-10,scan_candidate,192080,,0,main_scan,71500,,71500,71400,71500,71100,-0.6993006993006993,0.13986013986013987,,,,,,"{""bid_req_base_tm"": ""103518"", ""sel_10th_pre_req_pre"": ""0"", ""sel_10th_pre_req"": ""182"", ""sel_10th_pre_bid"": ""+72600"", ""sel_9th_pre_req_pre"": ""0"", ""sel_9th_pre_req"": ""11"", ""sel_9th_pre_bid"": ""+72500"", ""sel_8th_pre_req_pre"": ""0"", ""sel_8th_pre_req"": ""40"", ""sel_8th_pre_bid"": ""+72400"", ""sel_7th_pre_req_pre"": ""0"", ""sel_7th_pre_req"": ""10"", ""sel_7th_pre_bid"": ""+72300"", ""sel_6th_pre_req_pre"": ""0"", ""sel_6th_pre_req"": ""17"", ""sel_6th_pre_bid"": ""+72200"", ""sel_5th_pre_req_pre"": ""0"", ""sel_5th_pre_req"": ""16"", ""sel_5th_pre_bid"": ""-71900"", ""sel_4th_pre_req_pre"": ""0"", ""sel_4th_pre_req"": ""14"", ""sel_4th_pre_bid"": ""-71800"", ""sel_3th_pre_req_pre"": ""0"", ""sel_3th_pre_req"": ""960"", ""sel_3th_pre_bid"": ""-71700"", ""sel_2th_pre_req_pre"": ""0"", ""sel_2th_pre_req"": ""19"", ""sel_2th_pre_bid"": ""-71600"", ""sel_1th_pre_req_pre"": ""+12"", ""sel_fpr_req"": ""122"", ""sel_fpr_bid"": ""-71500"", ""buy_fpr_bid"": ""-71400"", ""buy_fpr_req"": ""241"", ""buy_1th_pre_req_pre"": ""0"", ""buy_2th_pre_bid"": ""-71300"", ""buy_2th_pre_req"": ""29"", ""buy_2th_pre_req_pre"": ""0"", ""buy_3th_pre_bid"": ""-71200"", ""buy_3th_pre_req"": ""12"", ""buy_3th_pre_req_pre"": ""0"", ""buy_4th_pre_bid"": ""-71100"", ""buy_4th_pre_req"": ""18"", ""buy_4th_pre_req_pre"": ""0"", ""buy_5th_pre_bid"": ""-71000"", ""buy_5th_pre_req"": ""86"", ""buy_5th_pre_req_pre"": ""0"", ""buy_6th_pre_bid"": ""-70900"", ""buy_6th_pre_req"": ""31"", ""buy_6th_pre_req_pre"": ""0"", ""buy_7th_pre_bid"": ""-70800"", ""buy_7th_pre_req"": ""104"", ""buy_7th_pre_req_pre"": ""0"", ""buy_8th_pre_bid"": ""-70700"", ""buy_8th_pre_req"": ""109"", ""buy_8th_pre_req_pre"": ""0"", ""buy_9th_pre_bid"": ""-70600"", ""buy_9th_pre_req"": ""108"", ""buy_9th_pre_req_pre"": ""0"", ""buy_10th_pre_bid"": ""-70500"", ""buy_10th_pre_req"": ""181"", ""buy_10th_pre_req_pre"": ""0"", ""tot_sel_req_jub_pre"": ""+12"", ""tot_sel_req"": ""1391"", ""tot_buy_req"": ""919"", ""tot_buy_req_jub_pre"": ""0"", ""ovt_sel_req_pre"": ""0"", ""ovt_sel_req"": ""0"", ""ovt_buy_req"": ""0"", ""ovt_buy_req_pre"": ""0"", ""return_code"": 0, ""return_msg"": ""정상적으로 처리되었습니다""}"
2026-06-10,scan_candidate,093370,,0,main_scan,16340,,16340,16330,16340,16350,-0.24479804161566704,0.06119951040391676,,,,,,"{""bid_req_base_tm"": ""103524"", ""sel_10th_pre_req_pre"": ""0"", ""sel_10th_pre_req"": ""1604"", ""sel_10th_pre_bid"": ""+16430"", ""sel_9th_pre_req_pre"": ""0"", ""sel_9th_pre_req"": ""1877"", ""sel_9th_pre_bid"": ""+16420"", ""sel_8th_pre_req_pre"": ""0"", ""sel_8th_pre_req"": ""746"", ""sel_8th_pre_bid"": ""+16410"", ""sel_7th_pre_req_pre"": ""0"", ""sel_7th_pre_req"": ""2277"", ""sel_7th_pre_bid"": ""+16400"", ""sel_6th_pre_req_pre"": ""+110"", ""sel_6th_pre_req"": ""267"", ""sel_6th_pre_bid"": ""+16390"", ""sel_5th_pre_req_pre"": ""--110"", ""sel_5th_pre_req"": ""857"", ""sel_5th_pre_bid"": ""+16380"", ""sel_4th_pre_req_pre"": ""+20"", ""sel_4th_pre_req"": ""689"", ""sel_4th_pre_bid"": ""+16370"", ""sel_3th_pre_req_pre"": ""0"", ""sel_3th_pre_req"": ""1643"", ""sel_3th_pre_bid"": ""+16360"", ""sel_2th_pre_req_pre"": ""0"", ""sel_2th_pre_req"": ""2225"", ""sel_2th_pre_bid"": ""+16350"", ""sel_1th_pre_req_pre"": ""+9"", ""sel_fpr_req"": ""1282"", ""sel_fpr_bid"": ""+16340"", ""buy_fpr_bid"": ""+16330"", ""buy_fpr_req"": ""1366"", ""buy_1th_pre_req_pre"": ""0"", ""buy_2th_pre_bid"": ""+16320"", ""buy_2th_pre_req"": ""4546"", ""buy_2th_pre_req_pre"": ""0"", ""buy_3th_pre_bid"": ""+16310"", ""buy_3th_pre_req"": ""3025"", ""buy_3th_pre_req_pre"": ""+10"", ""buy_4th_pre_bid"": ""+16300"", ""buy_4th_pre_req"": ""3593"", ""buy_4th_pre_req_pre"": ""0"", ""buy_5th_pre_bid"": ""+16290"", ""buy_5th_pre_req"": ""10801"", ""buy_5th_pre_req_pre"": ""0"", ""buy_6th_pre_bid"": ""+16280"", ""buy_6th_pre_req"": ""1500"", ""buy_6th_pre_req_pre"": ""0"", ""buy_7th_pre_bid"": ""+16270"", ""buy_7th_pre_req"": ""3788"", ""buy_7th_pre_req_pre"": ""0"", ""buy_8th_pre_bid"": ""+16260"", ""buy_8th_pre_req"": ""2293"", ""buy_8th_pre_req_pre"": ""0"", ""buy_9th_pre_bid"": ""+16250"", ""buy_9th_pre_req"": ""4141"", ""buy_9th_pre_req_pre"": ""0"", ""buy_10th_pre_bid"": ""+16240"", ""buy_10th_pre_req"": ""1372"", ""buy_10th_pre_req_pre"": ""0"", ""tot_sel_req_jub_pre"": ""+29"", ""tot_sel_req"": ""13467"", ""tot_buy_req"": ""36425"", ""tot_buy_req_jub_pre"": ""+10"", ""ovt_sel_req_pre"": ""0"", ""ovt_sel_req"": ""0"", ""ovt_buy_req"": ""0"", ""ovt_buy_req_pre"": ""0"", ""return_code"": 0, ""return_msg"": ""정상적으로 처리되었습니다""}"
2026-06-10,scan_candidate,066575,,0,main_scan,79100,,79100,78900,79100,79000,-0.2528445006321113,0.2528445006321113,,,,,,"{""bid_req_base_tm"": ""103523"", ""sel_10th_pre_req_pre"": ""0"", ""sel_10th_pre_req"": ""964"", ""sel_10th_pre_bid"": ""-80000"", ""sel_9th_pre_req_pre"": ""0"", ""sel_9th_pre_req"": ""250"", ""sel_9th_pre_bid"": ""-79900"", ""sel_8th_pre_req_pre"": ""0"", ""sel_8th_pre_req"": ""139"", ""sel_8th_pre_bid"": ""-79800"", ""sel_7th_pre_req_pre"": ""0"", ""sel_7th_pre_req"": ""61"", ""sel_7th_pre_bid"": ""-79700"", ""sel_6th_pre_req_pre"": ""0"", ""sel_6th_pre_req"": ""76"", ""sel_6th_pre_bid"": ""-79600"", ""sel_5th_pre_req_pre"": ""0"", ""sel_5th_pre_req"": ""63"", ""sel_5th_pre_bid"": ""-79500"", ""sel_4th_pre_req_pre"": ""0"", ""sel_4th_pre_req"": ""17"", ""sel_4th_pre_bid"": ""-79400"", ""sel_3th_pre_req_pre"": ""0"", ""sel_3th_pre_req"": ""123"", ""sel_3th_pre_bid"": ""-79300"", ""sel_2th_pre_req_pre"": ""0"", ""sel_2th_pre_req"": ""278"", ""sel_2th_pre_bid"": ""-79200"", ""sel_1th_pre_req_pre"": ""+7"", ""sel_fpr_req"": ""172"", ""sel_fpr_bid"": ""-79100"", ""buy_fpr_bid"": ""-78900"", ""buy_fpr_req"": ""18"", ""buy_1th_pre_req_pre"": ""0"", ""buy_2th_pre_bid"": ""-78800"", ""buy_2th_pre_req"": ""251"", ""buy_2th_pre_req_pre"": ""0"", ""buy_3th_pre_bid"": ""-78700"", ""buy_3th_pre_req"": ""206"", ""buy_3th_pre_req_pre"": ""0"", ""buy_4th_pre_bid"": ""-78600"", ""buy_4th_pre_req"": ""239"", ""buy_4th_pre_req_pre"": ""0"", ""buy_5th_pre_bid"": ""-78500"", ""buy_5th_pre_req"": ""300"", ""buy_5th_pre_req_pre"": ""0"", ""buy_6th_pre_bid"": ""-78400"", ""buy_6th_pre_req"": ""15"", ""buy_6th_pre_req_pre"": ""0"", ""buy_7th_pre_bid"": ""-78300"", ""buy_7th_pre_req"": ""103"", ""buy_7th_pre_req_pre"": ""0"", ""buy_8th_pre_bid"": ""-78200"", ""buy_8th_pre_req"": ""144"", ""buy_8th_pre_req_pre"": ""0"", ""buy_9th_pre_bid"": ""-78100"", ""buy_9th_pre_req"": ""161"", ""buy_9th_pre_req_pre"": ""0"", ""buy_10th_pre_bid"": ""-78000"", ""buy_10th_pre_req"": ""957"", ""buy_10th_pre_req_pre"": ""0"", ""tot_sel_req_jub_pre"": ""+7"", ""tot_sel_req"": ""2143"", ""tot_buy_req"": ""2394"", ""tot_buy_req_jub_pre"": ""0"", ""ovt_sel_req_pre"": ""0"", ""ovt_sel_req"": ""0"", ""ovt_buy_req"": ""0"", ""ovt_buy_req_pre"": ""0"", ""return_code"": 0, ""return_msg"": ""정상적으로 처리되었습니다""}"
2026-06-10,scan_candidate,181710,,0,main_scan,41250,,41250,41200,41250,41300,0.0,0.12121212121212122,,,,,,"{""bid_req_base_tm"": ""103523"", ""sel_10th_pre_req_pre"": ""0"", ""sel_10th_pre_req"": ""52"", ""sel_10th_pre_bid"": ""-41700"", ""sel_9th_pre_req_pre"": ""0"", ""sel_9th_pre_req"": ""3"", ""sel_9th_pre_bid"": ""-41650"", ""sel_8th_pre_req_pre"": ""0"", ""sel_8th_pre_req"": ""113"", ""sel_8th_pre_bid"": ""-41600"", ""sel_7th_pre_req_pre"": ""0"", ""sel_7th_pre_req"": ""2"", ""sel_7th_pre_bid"": ""-41550"", ""sel_6th_pre_req_pre"": ""0"", ""sel_6th_pre_req"": ""1"", ""sel_6th_pre_bid"": ""-41500"", ""sel_5th_pre_req_pre"": ""0"", ""sel_5th_pre_req"": ""36"", ""sel_5th_pre_bid"": ""-41450"", ""sel_4th_pre_req_pre"": ""0"", ""sel_4th_pre_req"": ""1"", ""sel_4th_pre_bid"": ""-41400"", ""sel_3th_pre_req_pre"": ""0"", ""sel_3th_pre_req"": ""1"", ""sel_3th_pre_bid"": ""-41350"", ""sel_2th_pre_req_pre"": ""+49"", ""sel_2th_pre_req"": ""62"", ""sel_2th_pre_bid"": ""-41300"", ""sel_1th_pre_req_pre"": ""0"", ""sel_fpr_req"": ""62"", ""sel_fpr_bid"": ""-41250"", ""buy_fpr_bid"": ""-41200"", ""buy_fpr_req"": ""26"", ""buy_1th_pre_req_pre"": ""0"", ""buy_2th_pre_bid"": ""-41150"", ""buy_2th_pre_req"": ""51"", ""buy_2th_pre_req_pre"": ""0"", ""buy_3th_pre_bid"": ""-41100"", ""buy_3th_pre_req"": ""113"", ""buy_3th_pre_req_pre"": ""+22"", ""buy_4th_pre_bid"": ""-41050"", ""buy_4th_pre_req"": ""98"", ""buy_4th_pre_req_pre"": ""0"", ""buy_5th_pre_bid"": ""-41000"", ""buy_5th_pre_req"": ""42"", ""buy_5th_pre_req_pre"": ""0"", ""buy_6th_pre_bid"": ""-40950"", ""buy_6th_pre_req"": ""10"", ""buy_6th_pre_req_pre"": ""0"", ""buy_7th_pre_bid"": ""-40900"", ""buy_7th_pre_req"": ""24"", ""buy_7th_pre_req_pre"": ""0"", ""buy_8th_pre_bid"": ""-40850"", ""buy_8th_pre_req"": ""1"", ""buy_8th_pre_req_pre"": ""0"", ""buy_9th_pre_bid"": ""-40500"", ""buy_9th_pre_req"": ""92"", ""buy_9th_pre_req_pre"": ""0"", ""buy_10th_pre_bid"": ""-40450"", ""buy_10th_pre_req"": ""28"", ""buy_10th_pre_req_pre"": ""0"", ""tot_sel_req_jub_pre"": ""+49"", ""tot_sel_req"": ""333"", ""tot_buy_req"": ""485"", ""tot_buy_req_jub_pre"": ""+22"", ""ovt_sel_req_pre"": ""0"", ""ovt_sel_req"": ""0"", ""ovt_buy_req"": ""0"", ""ovt_buy_req_pre"": ""0"", ""return_code"": 0, ""return_msg"": ""정상적으로 처리되었습니다""}"
2026-06-10,scan_candidate,034230,,0,main_scan,15320,,15320,15310,15320,15300,-0.45691906005221933,0.06527415143603134,,,,,,"{""bid_req_base_tm"": ""103523"", ""sel_10th_pre_req_pre"": ""0"", ""sel_10th_pre_req"": ""1005"", ""sel_10th_pre_bid"": ""+15410"", ""sel_9th_pre_req_pre"": ""0"", ""sel_9th_pre_req"": ""797"", ""sel_9th_pre_bid"": ""+15400"", ""sel_8th_pre_req_pre"": ""0"", ""sel_8th_pre_req"": ""63"", ""sel_8th_pre_bid"": ""+15390"", ""sel_7th_pre_req_pre"": ""0"", ""sel_7th_pre_req"": ""134"", ""sel_7th_pre_bid"": ""+15380"", ""sel_6th_pre_req_pre"": ""0"", ""sel_6th_pre_req"": ""13"", ""sel_6th_pre_bid"": ""+15370"", ""sel_5th_pre_req_pre"": ""0"", ""sel_5th_pre_req"": ""104"", ""sel_5th_pre_bid"": ""+15360"", ""sel_4th_pre_req_pre"": ""0"", ""sel_4th_pre_req"": ""203"", ""sel_4th_pre_bid"": ""+15350"", ""sel_3th_pre_req_pre"": ""0"", ""sel_3th_pre_req"": ""13"", ""sel_3th_pre_bid"": ""+15340"", ""sel_2th_pre_req_pre"": ""0"", ""sel_2th_pre_req"": ""53"", ""sel_2th_pre_bid"": ""+15330"", ""sel_1th_pre_req_pre"": ""0"", ""sel_fpr_req"": ""38"", ""sel_fpr_bid"": ""+15320"", ""buy_fpr_bid"": ""+15310"", ""buy_fpr_req"": ""224"", ""buy_1th_pre_req_pre"": ""+1"", ""buy_2th_pre_bid"": ""+15300"", ""buy_2th_pre_req"": ""1"", ""buy_2th_pre_req_pre"": ""0"", ""buy_3th_pre_bid"": ""+15280"", ""buy_3th_pre_req"": ""58"", ""buy_3th_pre_req_pre"": ""0"", ""buy_4th_pre_bid"": ""+15270"", ""buy_4th_pre_req"": ""60"", ""buy_4th_pre_req_pre"": ""0"", ""buy_5th_pre_bid"": ""+15260"", ""buy_5th_pre_req"": ""132"", ""buy_5th_pre_req_pre"": ""0"", ""buy_6th_pre_bid"": ""+15250"", ""buy_6th_pre_req"": ""85"", ""buy_6th_pre_req_pre"": ""0"", ""buy_7th_pre_bid"": ""+15230"", ""buy_7th_pre_req"": ""77"", ""buy_7th_pre_req_pre"": ""0"", ""buy_8th_pre_bid"": ""+15220"", ""buy_8th_pre_req"": ""113"", ""buy_8th_pre_req_pre"": ""0"", ""buy_9th_pre_bid"": ""+15210"", ""buy_9th_pre_req"": ""19"", ""buy_9th_pre_req_pre"": ""0"", ""buy_10th_pre_bid"": ""+15200"", ""buy_10th_pre_req"": ""13"", ""buy_10th_pre_req_pre"": ""0"", ""tot_sel_req_jub_pre"": ""0"", ""tot_sel_req"": ""2423"", ""tot_buy_req"": ""782"", ""tot_buy_req_jub_pre"": ""+1"", ""ovt_sel_req_pre"": ""0"", ""ovt_sel_req"": ""0"", ""ovt_buy_req"": ""0"", ""ovt_buy_req_pre"": ""0"", ""return_code"": 0, ""return_msg"": ""정상적으로 처리되었습니다""}"
2026-06-10,scan_candidate,281820,,0,main_scan,68100,,68100,67800,68100,68000,-0.2936857562408223,0.4405286343612335,,,,,,"{""bid_req_base_tm"": ""103523"", ""sel_10th_pre_req_pre"": ""0"", ""sel_10th_pre_req"": ""307"", ""sel_10th_pre_bid"": ""+69000"", ""sel_9th_pre_req_pre"": ""0"", ""sel_9th_pre_req"": ""167"", ""sel_9th_pre_bid"": ""+68900"", ""sel_8th_pre_req_pre"": ""0"", ""sel_8th_pre_req"": ""106"", ""sel_8th_pre_bid"": ""+68800"", ""sel_7th_pre_req_pre"": ""0"", ""sel_7th_pre_req"": ""145"", ""sel_7th_pre_bid"": ""+68700"", ""sel_6th_pre_req_pre"": ""0"", ""sel_6th_pre_req"": ""314"", ""sel_6th_pre_bid"": ""+68600"", ""sel_5th_pre_req_pre"": ""0"", ""sel_5th_pre_req"": ""200"", ""sel_5th_pre_bid"": ""+68500"", ""sel_4th_pre_req_pre"": ""0"", ""sel_4th_pre_req"": ""205"", ""sel_4th_pre_bid"": ""+68400"", ""sel_3th_pre_req_pre"": ""0"", ""sel_3th_pre_req"": ""67"", ""sel_3th_pre_bid"": ""+68300"", ""sel_2th_pre_req_pre"": ""0"", ""sel_2th_pre_req"": ""55"", ""sel_2th_pre_bid"": ""+68200"", ""sel_1th_pre_req_pre"": ""--1"", ""sel_fpr_req"": ""55"", ""sel_fpr_bid"": ""+68100"", ""buy_fpr_bid"": ""+67800"", ""buy_fpr_req"": ""264"", ""buy_1th_pre_req_pre"": ""0"", ""buy_2th_pre_bid"": ""+67700"", ""buy_2th_pre_req"": ""559"", ""buy_2th_pre_req_pre"": ""0"", ""buy_3th_pre_bid"": ""+67600"", ""buy_3th_pre_req"": ""19"", ""buy_3th_pre_req_pre"": ""0"", ""buy_4th_pre_bid"": ""+67500"", ""buy_4th_pre_req"": ""2"", ""buy_4th_pre_req_pre"": ""0"", ""buy_5th_pre_bid"": ""+67400"", ""buy_5th_pre_req"": ""312"", ""buy_5th_pre_req_pre"": ""0"", ""buy_6th_pre_bid"": ""+67300"", ""buy_6th_pre_req"": ""2"", ""buy_6th_pre_req_pre"": ""0"", ""buy_7th_pre_bid"": ""+67200"", ""buy_7th_pre_req"": ""12"", ""buy_7th_pre_req_pre"": ""0"", ""buy_8th_pre_bid"": ""+67100"", ""buy_8th_pre_req"": ""546"", ""buy_8th_pre_req_pre"": ""0"", ""buy_9th_pre_bid"": ""+67000"", ""buy_9th_pre_req"": ""510"", ""buy_9th_pre_req_pre"": ""0"", ""buy_10th_pre_bid"": ""+66900"", ""buy_10th_pre_req"": ""179"", ""buy_10th_pre_req_pre"": ""0"", ""tot_sel_req_jub_pre"": ""--1"", ""tot_sel_req"": ""1621"", ""tot_buy_req"": ""2405"", ""tot_buy_req_jub_pre"": ""0"", ""ovt_sel_req_pre"": ""0"", ""ovt_sel_req"": ""0"", ""ovt_buy_req"": ""0"", ""ovt_buy_req_pre"": ""0"", ""return_code"": 0, ""return_msg"": ""정상적으로 처리되었습니다""}"
2026-06-10,scan_candidate,195870,,0,main_scan,77900,,77900,77800,77900,77700,-0.38510911424903727,0.12836970474967907,,,,,,"{""bid_req_base_tm"": ""103525"", ""sel_10th_pre_req_pre"": ""0"", ""sel_10th_pre_req"": ""30"", ""sel_10th_pre_bid"": ""+78900"", ""sel_9th_pre_req_pre"": ""0"", ""sel_9th_pre_req"": ""1186"", ""sel_9th_pre_bid"": ""+78800"", ""sel_8th_pre_req_pre"": ""0"", ""sel_8th_pre_req"": ""391"", ""sel_8th_pre_bid"": ""+78700"", ""sel_7th_pre_req_pre"": ""0"", ""sel_7th_pre_req"": ""358"", ""sel_7th_pre_bid"": ""+78600"", ""sel_6th_pre_req_pre"": ""0"", ""sel_6th_pre_req"": ""446"", ""sel_6th_pre_bid"": ""+78500"", ""sel_5th_pre_req_pre"": ""0"", ""sel_5th_pre_req"": ""132"", ""sel_5th_pre_bid"": ""+78400"", ""sel_4th_pre_req_pre"": ""0"", ""sel_4th_pre_req"": ""77"", ""sel_4th_pre_bid"": ""+78300"", ""sel_3th_pre_req_pre"": ""0"", ""sel_3th_pre_req"": ""48"", ""sel_3th_pre_bid"": ""+78200"", ""sel_2th_pre_req_pre"": ""0"", ""sel_2th_pre_req"": ""59"", ""sel_2th_pre_bid"": ""+78000"", ""sel_1th_pre_req_pre"": ""0"", ""sel_fpr_req"": ""65"", ""sel_fpr_bid"": ""+77900"", ""buy_fpr_bid"": ""+77800"", ""buy_fpr_req"": ""172"", ""buy_1th_pre_req_pre"": ""0"", ""buy_2th_pre_bid"": ""+77700"", ""buy_2th_pre_req"": ""43"", ""buy_2th_pre_req_pre"": ""0"", ""buy_3th_pre_bid"": ""+77600"", ""buy_3th_pre_req"": ""73"", ""buy_3th_pre_req_pre"": ""0"", ""buy_4th_pre_bid"": ""+77500"", ""buy_4th_pre_req"": ""12"", ""buy_4th_pre_req_pre"": ""0"", ""buy_5th_pre_bid"": ""+77400"", ""buy_5th_pre_req"": ""40"", ""buy_5th_pre_req_pre"": ""0"", ""buy_6th_pre_bid"": ""+77300"", ""buy_6th_pre_req"": ""6"", ""buy_6th_pre_req_pre"": ""0"", ""buy_7th_pre_bid"": ""+77200"", ""buy_7th_pre_req"": ""11"", ""buy_7th_pre_req_pre"": ""0"", ""buy_8th_pre_bid"": ""+77100"", ""buy_8th_pre_req"": ""9"", ""buy_8th_pre_req_pre"": ""+4"", ""buy_9th_pre_bid"": ""+77000"", ""buy_9th_pre_req"": ""171"", ""buy_9th_pre_req_pre"": ""0"", ""buy_10th_pre_bid"": ""+76900"", ""buy_10th_pre_req"": ""24"", ""buy_10th_pre_req_pre"": ""--4"", ""tot_sel_req_jub_pre"": ""0"", ""tot_sel_req"": ""2792"", ""tot_buy_req"": ""561"", ""tot_buy_req_jub_pre"": ""0"", ""ovt_sel_req_pre"": ""0"", ""ovt_sel_req"": ""0"", ""ovt_buy_req"": ""0"", ""ovt_buy_req_pre"": ""0"", ""return_code"": 0, ""return_msg"": ""정상적으로 처리되었습니다""}"
2026-06-10,scan_candidate,001820,,0,main_scan,116800,,116800,116700,116800,116500,-0.684931506849315,0.08561643835616438,,,,,,"{""bid_req_base_tm"": ""103524"", ""sel_10th_pre_req_pre"": ""0"", ""sel_10th_pre_req"": ""125"", ""sel_10th_pre_bid"": ""-117800"", ""sel_9th_pre_req_pre"": ""0"", ""sel_9th_pre_req"": ""21"", ""sel_9th_pre_bid"": ""-117700"", ""sel_8th_pre_req_pre"": ""0"", ""sel_8th_pre_req"": ""55"", ""sel_8th_pre_bid"": ""-117600"", ""sel_7th_pre_req_pre"": ""0"", ""sel_7th_pre_req"": ""95"", ""sel_7th_pre_bid"": ""-117500"", ""sel_6th_pre_req_pre"": ""0"", ""sel_6th_pre_req"": ""156"", ""sel_6th_pre_bid"": ""-117400"", ""sel_5th_pre_req_pre"": ""0"", ""sel_5th_pre_req"": ""52"", ""sel_5th_pre_bid"": ""-117300"", ""sel_4th_pre_req_pre"": ""0"", ""sel_4th_pre_req"": ""39"", ""sel_4th_pre_bid"": ""-117200"", ""sel_3th_pre_req_pre"": ""0"", ""sel_3th_pre_req"": ""103"", ""sel_3th_pre_bid"": ""-117100"", ""sel_2th_pre_req_pre"": ""0"", ""sel_2th_pre_req"": ""13"", ""sel_2th_pre_bid"": ""-117000"", ""sel_1th_pre_req_pre"": ""0"", ""sel_fpr_req"": ""2"", ""sel_fpr_bid"": ""-116800"", ""buy_fpr_bid"": ""-116700"", ""buy_fpr_req"": ""44"", ""buy_1th_pre_req_pre"": ""0"", ""buy_2th_pre_bid"": ""-116600"", ""buy_2th_pre_req"": ""114"", ""buy_2th_pre_req_pre"": ""0"", ""buy_3th_pre_bid"": ""-116500"", ""buy_3th_pre_req"": ""175"", ""buy_3th_pre_req_pre"": ""0"", ""buy_4th_pre_bid"": ""-116400"", ""buy_4th_pre_req"": ""82"", ""buy_4th_pre_req_pre"": ""0"", ""buy_5th_pre_bid"": ""-116300"", ""buy_5th_pre_req"": ""7"", ""buy_5th_pre_req_pre"": ""0"", ""buy_6th_pre_bid"": ""-116200"", ""buy_6th_pre_req"": ""60"", ""buy_6th_pre_req_pre"": ""--25"", ""buy_7th_pre_bid"": ""-116100"", ""buy_7th_pre_req"": ""33"", ""buy_7th_pre_req_pre"": ""0"", ""buy_8th_pre_bid"": ""-116000"", ""buy_8th_pre_req"": ""355"", ""buy_8th_pre_req_pre"": ""0"", ""buy_9th_pre_bid"": ""-115900"", ""buy_9th_pre_req"": ""124"", ""buy_9th_pre_req_pre"": ""0"", ""buy_10th_pre_bid"": ""-115800"", ""buy_10th_pre_req"": ""113"", ""buy_10th_pre_req_pre"": ""0"", ""tot_sel_req_jub_pre"": ""0"", ""tot_sel_req"": ""661"", ""tot_buy_req"": ""1107"", ""tot_buy_req_jub_pre"": ""--25"", ""ovt_sel_req_pre"": ""0"", ""ovt_sel_req"": ""0"", ""ovt_buy_req"": ""0"", ""ovt_buy_req_pre"": ""0"", ""return_code"": 0, ""return_msg"": ""정상적으로 처리되었습니다""}"
2026-06-10,scan_candidate,000815,,0,main_scan,401000,,401000,400000,401000,400000,-0.3740648379052369,0.24937655860349126,,,,,,"{""bid_req_base_tm"": ""103517"", ""sel_10th_pre_req_pre"": ""0"", ""sel_10th_pre_req"": ""70"", ""sel_10th_pre_bid"": ""-406500"", ""sel_9th_pre_req_pre"": ""0"", ""sel_9th_pre_req"": ""122"", ""sel_9th_pre_bid"": ""-406000"", ""sel_8th_pre_req_pre"": ""0"", ""sel_8th_pre_req"": ""74"", ""sel_8th_pre_bid"": ""-405500"", ""sel_7th_pre_req_pre"": ""0"", ""sel_7th_pre_req"": ""112"", ""sel_7th_pre_bid"": ""-405000"", ""sel_6th_pre_req_pre"": ""0"", ""sel_6th_pre_req"": ""155"", ""sel_6th_pre_bid"": ""-404500"", ""sel_5th_pre_req_pre"": ""0"", ""sel_5th_pre_req"": ""134"", ""sel_5th_pre_bid"": ""-404000"", ""sel_4th_pre_req_pre"": ""0"", ""sel_4th_pre_req"": ""13"", ""sel_4th_pre_bid"": ""-403500"", ""sel_3th_pre_req_pre"": ""0"", ""sel_3th_pre_req"": ""44"", ""sel_3th_pre_bid"": ""-403000"", ""sel_2th_pre_req_pre"": ""0"", ""sel_2th_pre_req"": ""37"", ""sel_2th_pre_bid"": ""-401500"", ""sel_1th_pre_req_pre"": ""0"", ""sel_fpr_req"": ""3"", ""sel_fpr_bid"": ""-401000"", ""buy_fpr_bid"": ""-400000"", ""buy_fpr_req"": ""8"", ""buy_1th_pre_req_pre"": ""0"", ""buy_2th_pre_bid"": ""-399500"", ""buy_2th_pre_req"": ""19"", ""buy_2th_pre_req_pre"": ""+1"", ""buy_3th_pre_bid"": ""-399000"", ""buy_3th_pre_req"": ""31"", ""buy_3th_pre_req_pre"": ""0"", ""buy_4th_pre_bid"": ""-398500"", ""buy_4th_pre_req"": ""53"", ""buy_4th_pre_req_pre"": ""0"", ""buy_5th_pre_bid"": ""-398000"", ""buy_5th_pre_req"": ""105"", ""buy_5th_pre_req_pre"": ""0"", ""buy_6th_pre_bid"": ""-397500"", ""buy_6th_pre_req"": ""149"", ""buy_6th_pre_req_pre"": ""0"", ""buy_7th_pre_bid"": ""-397000"", ""buy_7th_pre_req"": ""61"", ""buy_7th_pre_req_pre"": ""0"", ""buy_8th_pre_bid"": ""-396500"", ""buy_8th_pre_req"": ""14"", ""buy_8th_pre_req_pre"": ""0"", ""buy_9th_pre_bid"": ""-396000"", ""buy_9th_pre_req"": ""23"", ""buy_9th_pre_req_pre"": ""0"", ""buy_10th_pre_bid"": ""-395500"", ""buy_10th_pre_req"": ""9"", ""buy_10th_pre_req_pre"": ""0"", ""tot_sel_req_jub_pre"": ""0"", ""tot_sel_req"": ""764"", ""tot_buy_req"": ""472"", ""tot_buy_req_jub_pre"": ""+1"", ""ovt_sel_req_pre"": ""0"", ""ovt_sel_req"": ""0"", ""ovt_buy_req"": ""0"", ""ovt_buy_req_pre"": ""0"", ""return_code"": 0, ""return_msg"": ""정상적으로 처리되었습니다""}"
2026-06-10,scan_candidate,499790,,0,main_scan,51200,,51200,51000,51200,50800,-0.9765625,0.390625,,,,,,"{""bid_req_base_tm"": ""103525"", ""sel_10th_pre_req_pre"": ""0"", ""sel_10th_pre_req"": ""262"", ""sel_10th_pre_bid"": ""+52100"", ""sel_9th_pre_req_pre"": ""0"", ""sel_9th_pre_req"": ""412"", ""sel_9th_pre_bid"": ""+52000"", ""sel_8th_pre_req_pre"": ""0"", ""sel_8th_pre_req"": ""117"", ""sel_8th_pre_bid"": ""+51900"", ""sel_7th_pre_req_pre"": ""0"", ""sel_7th_pre_req"": ""48"", ""sel_7th_pre_bid"": ""+51800"", ""sel_6th_pre_req_pre"": ""0"", ""sel_6th_pre_req"": ""390"", ""sel_6th_pre_bid"": ""+51700"", ""sel_5th_pre_req_pre"": ""0"", ""sel_5th_pre_req"": ""102"", ""sel_5th_pre_bid"": ""+51600"", ""sel_4th_pre_req_pre"": ""0"", ""sel_4th_pre_req"": ""281"", ""sel_4th_pre_bid"": ""+51500"", ""sel_3th_pre_req_pre"": ""0"", ""sel_3th_pre_req"": ""180"", ""sel_3th_pre_bid"": ""+51400"", ""sel_2th_pre_req_pre"": ""0"", ""sel_2th_pre_req"": ""199"", ""sel_2th_pre_bid"": ""+51300"", ""sel_1th_pre_req_pre"": ""0"", ""sel_fpr_req"": ""49"", ""sel_fpr_bid"": ""+51200"", ""buy_fpr_bid"": ""+51000"", ""buy_fpr_req"": ""18"", ""buy_1th_pre_req_pre"": ""0"", ""buy_2th_pre_bid"": ""+50900"", ""buy_2th_pre_req"": ""32"", ""buy_2th_pre_req_pre"": ""0"", ""buy_3th_pre_bid"": ""+50800"", ""buy_3th_pre_req"": ""53"", ""buy_3th_pre_req_pre"": ""0"", ""buy_4th_pre_bid"": ""+50700"", ""buy_4th_pre_req"": ""556"", ""buy_4th_pre_req_pre"": ""0"", ""buy_5th_pre_bid"": ""+50600"", ""buy_5th_pre_req"": ""1"", ""buy_5th_pre_req_pre"": ""0"", ""buy_6th_pre_bid"": ""+50300"", ""buy_6th_pre_req"": ""47"", ""buy_6th_pre_req_pre"": ""0"", ""buy_7th_pre_bid"": ""+50100"", ""buy_7th_pre_req"": ""21"", ""buy_7th_pre_req_pre"": ""0"", ""buy_8th_pre_bid"": ""+50000"", ""buy_8th_pre_req"": ""26"", ""buy_8th_pre_req_pre"": ""0"", ""buy_9th_pre_bid"": ""+49950"", ""buy_9th_pre_req"": ""22"", ""buy_9th_pre_req_pre"": ""0"", ""buy_10th_pre_bid"": ""+49900"", ""buy_10th_pre_req"": ""123"", ""buy_10th_pre_req_pre"": ""0"", ""tot_sel_req_jub_pre"": ""0"", ""tot_sel_req"": ""2040"", ""tot_buy_req"": ""899"", ""tot_buy_req_jub_pre"": ""0"", ""ovt_sel_req_pre"": ""0"", ""ovt_sel_req"": ""0"", ""ovt_buy_req"": ""0"", ""ovt_buy_req_pre"": ""0"", ""return_code"": 0, ""return_msg"": ""정상적으로 처리되었습니다""}"
2026-06-10,scan_candidate,100090,,0,main_scan,16410,,16410,16400,16410,16450,-0.06093845216331505,0.06093845216331505,,,,,,"{""bid_req_base_tm"": ""103525"", ""sel_10th_pre_req_pre"": ""0"", ""sel_10th_pre_req"": ""614"", ""sel_10th_pre_bid"": ""+16530"", ""sel_9th_pre_req_pre"": ""0"", ""sel_9th_pre_req"": ""7"", ""sel_9th_pre_bid"": ""+16510"", ""sel_8th_pre_req_pre"": ""0"", ""sel_8th_pre_req"": ""8"", ""sel_8th_pre_bid"": ""+16500"", ""sel_7th_pre_req_pre"": ""0"", ""sel_7th_pre_req"": ""11"", ""sel_7th_pre_bid"": ""+16490"", ""sel_6th_pre_req_pre"": ""0"", ""sel_6th_pre_req"": ""22"", ""sel_6th_pre_bid"": ""+16460"", ""sel_5th_pre_req_pre"": ""0"", ""sel_5th_pre_req"": ""68"", ""sel_5th_pre_bid"": ""+16450"", ""sel_4th_pre_req_pre"": ""0"", ""sel_4th_pre_req"": ""38"", ""sel_4th_pre_bid"": ""+16440"", ""sel_3th_pre_req_pre"": ""--31"", ""sel_3th_pre_req"": ""17"", ""sel_3th_pre_bid"": ""+16430"", ""sel_2th_pre_req_pre"": ""0"", ""sel_2th_pre_req"": ""74"", ""sel_2th_pre_bid"": ""+16420"", ""sel_1th_pre_req_pre"": ""0"", ""sel_fpr_req"": ""27"", ""sel_fpr_bid"": ""+16410"", ""buy_fpr_bid"": ""+16400"", ""buy_fpr_req"": ""2636"", ""buy_1th_pre_req_pre"": ""0"", ""buy_2th_pre_bid"": ""+16390"", ""buy_2th_pre_req"": ""632"", ""buy_2th_pre_req_pre"": ""0"", ""buy_3th_pre_bid"": ""+16380"", ""buy_3th_pre_req"": ""690"", ""buy_3th_pre_req_pre"": ""0"", ""buy_4th_pre_bid"": ""+16370"", ""buy_4th_pre_req"": ""757"", ""buy_4th_pre_req_pre"": ""0"", ""buy_5th_pre_bid"": ""+16360"", ""buy_5th_pre_req"": ""471"", ""buy_5th_pre_req_pre"": ""0"", ""buy_6th_pre_bid"": ""+16350"", ""buy_6th_pre_req"": ""1202"", ""buy_6th_pre_req_pre"": ""0"", ""buy_7th_pre_bid"": ""+16340"", ""buy_7th_pre_req"": ""164"", ""buy_7th_pre_req_pre"": ""0"", ""buy_8th_pre_bid"": ""+16330"", ""buy_8th_pre_req"": ""281"", ""buy_8th_pre_req_pre"": ""0"", ""buy_9th_pre_bid"": ""+16320"", ""buy_9th_pre_req"": ""308"", ""buy_9th_pre_req_pre"": ""0"", ""buy_10th_pre_bid"": ""+16310"", ""buy_10th_pre_req"": ""731"", ""buy_10th_pre_req_pre"": ""0"", ""tot_sel_req_jub_pre"": ""--31"", ""tot_sel_req"": ""886"", ""tot_buy_req"": ""7872"", ""tot_buy_req_jub_pre"": ""0"", ""ovt_sel_req_pre"": ""0"", ""ovt_sel_req"": ""0"", ""ovt_buy_req"": ""0"", ""ovt_buy_req_pre"": ""0"", ""return_code"": 0, ""return_msg"": ""정상적으로 처리되었습니다""}"
2026-06-10,scan_candidate,003160,,0,main_scan,28450,,28450,28350,28450,28400,-0.35149384885764495,0.35149384885764495,,,,,,"{""bid_req_base_tm"": ""103525"", ""sel_10th_pre_req_pre"": ""0"", ""sel_10th_pre_req"": ""1205"", ""sel_10th_pre_bid"": ""+28900"", ""sel_9th_pre_req_pre"": ""0"", ""sel_9th_pre_req"": ""110"", ""sel_9th_pre_bid"": ""+28850"", ""sel_8th_pre_req_pre"": ""0"", ""sel_8th_pre_req"": ""1501"", ""sel_8th_pre_bid"": ""+28800"", ""sel_7th_pre_req_pre"": ""0"", ""sel_7th_pre_req"": ""174"", ""sel_7th_pre_bid"": ""+28750"", ""sel_6th_pre_req_pre"": ""0"", ""sel_6th_pre_req"": ""266"", ""sel_6th_pre_bid"": ""+28700"", ""sel_5th_pre_req_pre"": ""0"", ""sel_5th_pre_req"": ""83"", ""sel_5th_pre_bid"": ""+28650"", ""sel_4th_pre_req_pre"": ""0"", ""sel_4th_pre_req"": ""35"", ""sel_4th_pre_bid"": ""+28600"", ""sel_3th_pre_req_pre"": ""0"", ""sel_3th_pre_req"": ""421"", ""sel_3th_pre_bid"": ""+28550"", ""sel_2th_pre_req_pre"": ""0"", ""sel_2th_pre_req"": ""17"", ""sel_2th_pre_bid"": ""+28500"", ""sel_1th_pre_req_pre"": ""0"", ""sel_fpr_req"": ""50"", ""sel_fpr_bid"": ""+28450"", ""buy_fpr_bid"": ""+28350"", ""buy_fpr_req"": ""24"", ""buy_1th_pre_req_pre"": ""0"", ""buy_2th_pre_bid"": ""+28300"", ""buy_2th_pre_req"": ""60"", ""buy_2th_pre_req_pre"": ""0"", ""buy_3th_pre_bid"": ""+28250"", ""buy_3th_pre_req"": ""596"", ""buy_3th_pre_req_pre"": ""0"", ""buy_4th_pre_bid"": ""+28200"", ""buy_4th_pre_req"": ""780"", ""buy_4th_pre_req_pre"": ""0"", ""buy_5th_pre_bid"": ""+28150"", ""buy_5th_pre_req"": ""429"", ""buy_5th_pre_req_pre"": ""0"", ""buy_6th_pre_bid"": ""+28100"", ""buy_6th_pre_req"": ""291"", ""buy_6th_pre_req_pre"": ""0"", ""buy_7th_pre_bid"": ""28050"", ""buy_7th_pre_req"": ""379"", ""buy_7th_pre_req_pre"": ""0"", ""buy_8th_pre_bid"": ""-28000"", ""buy_8th_pre_req"": ""609"", ""buy_8th_pre_req_pre"": ""0"", ""buy_9th_pre_bid"": ""-27950"", ""buy_9th_pre_req"": ""53"", ""buy_9th_pre_req_pre"": ""0"", ""buy_10th_pre_bid"": ""-27900"", ""buy_10th_pre_req"": ""15"", ""buy_10th_pre_req_pre"": ""0"", ""tot_sel_req_jub_pre"": ""0"", ""tot_sel_req"": ""3862"", ""tot_buy_req"": ""3236"", ""tot_buy_req_jub_pre"": ""0"", ""ovt_sel_req_pre"": ""0"", ""ovt_sel_req"": ""0"", ""ovt_buy_req"": ""0"", ""ovt_buy_req_pre"": ""0"", ""return_code"": 0, ""return_msg"": ""정상적으로 처리되었습니다""}"
2026-06-10,scan_candidate,000370,,0,main_scan,6570,,6570,6560,6570,6530,-0.76103500761035,0.15220700152207,,,,,,"{""bid_req_base_tm"": ""103525"", ""sel_10th_pre_req_pre"": ""0"", ""sel_10th_pre_req"": ""1052"", ""sel_10th_pre_bid"": ""+6660"", ""sel_9th_pre_req_pre"": ""0"", ""sel_9th_pre_req"": ""738"", ""sel_9th_pre_bid"": ""+6650"", ""sel_8th_pre_req_pre"": ""0"", ""sel_8th_pre_req"": ""12"", ""sel_8th_pre_bid"": ""+6640"", ""sel_7th_pre_req_pre"": ""0"", ""sel_7th_pre_req"": ""1041"", ""sel_7th_pre_bid"": ""+6630"", ""sel_6th_pre_req_pre"": ""0"", ""sel_6th_pre_req"": ""940"", ""sel_6th_pre_bid"": ""+6620"", ""sel_5th_pre_req_pre"": ""0"", ""sel_5th_pre_req"": ""1003"", ""sel_5th_pre_bid"": ""+6610"", ""sel_4th_pre_req_pre"": ""0"", ""sel_4th_pre_req"": ""5472"", ""sel_4th_pre_bid"": ""+6600"", ""sel_3th_pre_req_pre"": ""0"", ""sel_3th_pre_req"": ""605"", ""sel_3th_pre_bid"": ""+6590"", ""sel_2th_pre_req_pre"": ""0"", ""sel_2th_pre_req"": ""2290"", ""sel_2th_pre_bid"": ""+6580"", ""sel_1th_pre_req_pre"": ""0"", ""sel_fpr_req"": ""1076"", ""sel_fpr_bid"": ""+6570"", ""buy_fpr_bid"": ""+6560"", ""buy_fpr_req"": ""115"", ""buy_1th_pre_req_pre"": ""--200"", ""buy_2th_pre_bid"": ""+6550"", ""buy_2th_pre_req"": ""93"", ""buy_2th_pre_req_pre"": ""0"", ""buy_3th_pre_bid"": ""+6540"", ""buy_3th_pre_req"": ""7"", ""buy_3th_pre_req_pre"": ""0"", ""buy_4th_pre_bid"": ""+6530"", ""buy_4th_pre_req"": ""506"", ""buy_4th_pre_req_pre"": ""0"", ""buy_5th_pre_bid"": ""+6520"", ""buy_5th_pre_req"": ""488"", ""buy_5th_pre_req_pre"": ""0"", ""buy_6th_pre_bid"": ""+6510"", ""buy_6th_pre_req"": ""544"", ""buy_6th_pre_req_pre"": ""0"", ""buy_7th_pre_bid"": ""+6500"", ""buy_7th_pre_req"": ""1231"", ""buy_7th_pre_req_pre"": ""0"", ""buy_8th_pre_bid"": ""+6490"", ""buy_8th_pre_req"": ""246"", ""buy_8th_pre_req_pre"": ""0"", ""buy_9th_pre_bid"": ""+6480"", ""buy_9th_pre_req"": ""210"", ""buy_9th_pre_req_pre"": ""0"", ""buy_10th_pre_bid"": ""+6470"", ""buy_10th_pre_req"": ""15"", ""buy_10th_pre_req_pre"": ""0"", ""tot_sel_req_jub_pre"": ""0"", ""tot_sel_req"": ""14229"", ""tot_buy_req"": ""3455"", ""tot_buy_req_jub_pre"": ""--200"", ""ovt_sel_req_pre"": ""0"", ""ovt_sel_req"": ""0"", ""ovt_buy_req"": ""0"", ""ovt_buy_req_pre"": ""0"", ""return_code"": 0, ""return_msg"": ""정상적으로 처리되었습니다""}"
2026-06-10,scan_candidate,114090,,0,main_scan,12110,,12110,12070,12110,12000,-1.3212221304706853,0.3303055326176713,,,,,,"{""bid_req_base_tm"": ""103524"", ""sel_10th_pre_req_pre"": ""0"", ""sel_10th_pre_req"": ""9"", ""sel_10th_pre_bid"": ""+12210"", ""sel_9th_pre_req_pre"": ""0"", ""sel_9th_pre_req"": ""433"", ""sel_9th_pre_bid"": ""+12200"", ""sel_8th_pre_req_pre"": ""0"", ""sel_8th_pre_req"": ""349"", ""sel_8th_pre_bid"": ""+12190"", ""sel_7th_pre_req_pre"": ""0"", ""sel_7th_pre_req"": ""376"", ""sel_7th_pre_bid"": ""+12180"", ""sel_6th_pre_req_pre"": ""0"", ""sel_6th_pre_req"": ""12"", ""sel_6th_pre_bid"": ""+12170"", ""sel_5th_pre_req_pre"": ""0"", ""sel_5th_pre_req"": ""1069"", ""sel_5th_pre_bid"": ""+12150"", ""sel_4th_pre_req_pre"": ""0"", ""sel_4th_pre_req"": ""32"", ""sel_4th_pre_bid"": ""+12140"", ""sel_3th_pre_req_pre"": ""--1"", ""sel_3th_pre_req"": ""478"", ""sel_3th_pre_bid"": ""+12130"", ""sel_2th_pre_req_pre"": ""0"", ""sel_2th_pre_req"": ""286"", ""sel_2th_pre_bid"": ""+12120"", ""sel_1th_pre_req_pre"": ""+5"", ""sel_fpr_req"": ""2005"", ""sel_fpr_bid"": ""+12110"", ""buy_fpr_bid"": ""+12070"", ""buy_fpr_req"": ""500"", ""buy_1th_pre_req_pre"": ""0"", ""buy_2th_pre_bid"": ""+12060"", ""buy_2th_pre_req"": ""205"", ""buy_2th_pre_req_pre"": ""0"", ""buy_3th_pre_bid"": ""+12050"", ""buy_3th_pre_req"": ""55"", ""buy_3th_pre_req_pre"": ""0"", ""buy_4th_pre_bid"": ""+12010"", ""buy_4th_pre_req"": ""62"", ""buy_4th_pre_req_pre"": ""0"", ""buy_5th_pre_bid"": ""+12000"", ""buy_5th_pre_req"": ""251"", ""buy_5th_pre_req_pre"": ""0"", ""buy_6th_pre_bid"": ""+11990"", ""buy_6th_pre_req"": ""130"", ""buy_6th_pre_req_pre"": ""0"", ""buy_7th_pre_bid"": ""+11980"", ""buy_7th_pre_req"": ""340"", ""buy_7th_pre_req_pre"": ""0"", ""buy_8th_pre_bid"": ""+11970"", ""buy_8th_pre_req"": ""63"", ""buy_8th_pre_req_pre"": ""0"", ""buy_9th_pre_bid"": ""11950"", ""buy_9th_pre_req"": ""350"", ""buy_9th_pre_req_pre"": ""0"", ""buy_10th_pre_bid"": ""-11900"", ""buy_10th_pre_req"": ""147"", ""buy_10th_pre_req_pre"": ""0"", ""tot_sel_req_jub_pre"": ""+4"", ""tot_sel_req"": ""5049"", ""tot_buy_req"": ""2103"", ""tot_buy_req_jub_pre"": ""0"", ""ovt_sel_req_pre"": ""0"", ""ovt_sel_req"": ""0"", ""ovt_buy_req"": ""0"", ""ovt_buy_req_pre"": ""0"", ""return_code"": 0, ""return_msg"": ""정상적으로 처리되었습니다""}"
2026-06-10,scan_candidate,005090,,0,main_scan,52600,,52600,52500,52600,52300,-0.7604562737642585,0.19011406844106463,,,,,,"{""bid_req_base_tm"": ""103524"", ""sel_10th_pre_req_pre"": ""0"", ""sel_10th_pre_req"": ""71"", ""sel_10th_pre_bid"": ""+53600"", ""sel_9th_pre_req_pre"": ""0"", ""sel_9th_pre_req"": ""12"", ""sel_9th_pre_bid"": ""+53500"", ""sel_8th_pre_req_pre"": ""0"", ""sel_8th_pre_req"": ""610"", ""sel_8th_pre_bid"": ""+53400"", ""sel_7th_pre_req_pre"": ""0"", ""sel_7th_pre_req"": ""1"", ""sel_7th_pre_bid"": ""+53200"", ""sel_6th_pre_req_pre"": ""0"", ""sel_6th_pre_req"": ""67"", ""sel_6th_pre_bid"": ""+53100"", ""sel_5th_pre_req_pre"": ""0"", ""sel_5th_pre_req"": ""33"", ""sel_5th_pre_bid"": ""+53000"", ""sel_4th_pre_req_pre"": ""0"", ""sel_4th_pre_req"": ""51"", ""sel_4th_pre_bid"": ""+52900"", ""sel_3th_pre_req_pre"": ""0"", ""sel_3th_pre_req"": ""125"", ""sel_3th_pre_bid"": ""+52800"", ""sel_2th_pre_req_pre"": ""0"", ""sel_2th_pre_req"": ""123"", ""sel_2th_pre_bid"": ""+52700"", ""sel_1th_pre_req_pre"": ""--24"", ""sel_fpr_req"": ""44"", ""sel_fpr_bid"": ""+52600"", ""buy_fpr_bid"": ""+52500"", ""buy_fpr_req"": ""173"", ""buy_1th_pre_req_pre"": ""0"", ""buy_2th_pre_bid"": ""+52300"", ""buy_2th_pre_req"": ""81"", ""buy_2th_pre_req_pre"": ""0"", ""buy_3th_pre_bid"": ""+52200"", ""buy_3th_pre_req"": ""170"", ""buy_3th_pre_req_pre"": ""0"", ""buy_4th_pre_bid"": ""+52100"", ""buy_4th_pre_req"": ""41"", ""buy_4th_pre_req_pre"": ""0"", ""buy_5th_pre_bid"": ""+52000"", ""buy_5th_pre_req"": ""84"", ""buy_5th_pre_req_pre"": ""0"", ""buy_6th_pre_bid"": ""+51900"", ""buy_6th_pre_req"": ""2"", ""buy_6th_pre_req_pre"": ""0"", ""buy_7th_pre_bid"": ""+51600"", ""buy_7th_pre_req"": ""137"", ""buy_7th_pre_req_pre"": ""0"", ""buy_8th_pre_bid"": ""+51500"", ""buy_8th_pre_req"": ""39"", ""buy_8th_pre_req_pre"": ""0"", ""buy_9th_pre_bid"": ""+51400"", ""buy_9th_pre_req"": ""6"", ""buy_9th_pre_req_pre"": ""0"", ""buy_10th_pre_bid"": ""+51300"", ""buy_10th_pre_req"": ""103"", ""buy_10th_pre_req_pre"": ""0"", ""tot_sel_req_jub_pre"": ""--24"", ""tot_sel_req"": ""1137"", ""tot_buy_req"": ""836"", ""tot_buy_req_jub_pre"": ""0"", ""ovt_sel_req_pre"": ""0"", ""ovt_sel_req"": ""0"", ""ovt_buy_req"": ""0"", ""ovt_buy_req_pre"": ""0"", ""return_code"": 0, ""return_msg"": ""정상적으로 처리되었습니다""}"
2026-06-10,scan_candidate,017900,,0,main_scan,9790,,9790,9780,9790,9800,0.0,0.10214504596527069,,,,,,"{""bid_req_base_tm"": ""103527"", ""sel_10th_pre_req_pre"": ""0"", ""sel_10th_pre_req"": ""231"", ""sel_10th_pre_bid"": ""+9880"", ""sel_9th_pre_req_pre"": ""0"", ""sel_9th_pre_req"": ""678"", ""sel_9th_pre_bid"": ""+9870"", ""sel_8th_pre_req_pre"": ""0"", ""sel_8th_pre_req"": ""110"", ""sel_8th_pre_bid"": ""+9860"", ""sel_7th_pre_req_pre"": ""0"", ""sel_7th_pre_req"": ""4790"", ""sel_7th_pre_bid"": ""+9850"", ""sel_6th_pre_req_pre"": ""0"", ""sel_6th_pre_req"": ""193"", ""sel_6th_pre_bid"": ""+9840"", ""sel_5th_pre_req_pre"": ""0"", ""sel_5th_pre_req"": ""86"", ""sel_5th_pre_bid"": ""+9830"", ""sel_4th_pre_req_pre"": ""0"", ""sel_4th_pre_req"": ""726"", ""sel_4th_pre_bid"": ""+9820"", ""sel_3th_pre_req_pre"": ""0"", ""sel_3th_pre_req"": ""634"", ""sel_3th_pre_bid"": ""+9810"", ""sel_2th_pre_req_pre"": ""0"", ""sel_2th_pre_req"": ""1942"", ""sel_2th_pre_bid"": ""+9800"", ""sel_1th_pre_req_pre"": ""+33"", ""sel_fpr_req"": ""690"", ""sel_fpr_bid"": ""+9790"", ""buy_fpr_bid"": ""+9780"", ""buy_fpr_req"": ""319"", ""buy_1th_pre_req_pre"": ""0"", ""buy_2th_pre_bid"": ""+9770"", ""buy_2th_pre_req"": ""919"", ""buy_2th_pre_req_pre"": ""0"", ""buy_3th_pre_bid"": ""+9760"", ""buy_3th_pre_req"": ""752"", ""buy_3th_pre_req_pre"": ""--50"", ""buy_4th_pre_bid"": ""+9750"", ""buy_4th_pre_req"": ""3264"", ""buy_4th_pre_req_pre"": ""0"", ""buy_5th_pre_bid"": ""+9740"", ""buy_5th_pre_req"": ""876"", ""buy_5th_pre_req_pre"": ""0"", ""buy_6th_pre_bid"": ""+9730"", ""buy_6th_pre_req"": ""4846"", ""buy_6th_pre_req_pre"": ""0"", ""buy_7th_pre_bid"": ""+9720"", ""buy_7th_pre_req"": ""2491"", ""buy_7th_pre_req_pre"": ""0"", ""buy_8th_pre_bid"": ""+9710"", ""buy_8th_pre_req"": ""1850"", ""buy_8th_pre_req_pre"": ""0"", ""buy_9th_pre_bid"": ""+9700"", ""buy_9th_pre_req"": ""1833"", ""buy_9th_pre_req_pre"": ""0"", ""buy_10th_pre_bid"": ""+9690"", ""buy_10th_pre_req"": ""263"", ""buy_10th_pre_req_pre"": ""0"", ""tot_sel_req_jub_pre"": ""+33"", ""tot_sel_req"": ""10080"", ""tot_buy_req"": ""17413"", ""tot_buy_req_jub_pre"": ""--50"", ""ovt_sel_req_pre"": ""0"", ""ovt_sel_req"": ""0"", ""ovt_buy_req"": ""0"", ""ovt_buy_req_pre"": ""0"", ""return_code"": 0, ""return_msg"": ""정상적으로 처리되었습니다""}"
2026-06-10,scan_candidate,004710,,0,main_scan,11100,,11100,11030,11100,11050,-0.9009009009009009,0.6306306306306306,,,,,,"{""bid_req_base_tm"": ""103527"", ""sel_10th_pre_req_pre"": ""0"", ""sel_10th_pre_req"": ""769"", ""sel_10th_pre_bid"": ""+11210"", ""sel_9th_pre_req_pre"": ""0"", ""sel_9th_pre_req"": ""625"", ""sel_9th_pre_bid"": ""+11200"", ""sel_8th_pre_req_pre"": ""0"", ""sel_8th_pre_req"": ""155"", ""sel_8th_pre_bid"": ""+11190"", ""sel_7th_pre_req_pre"": ""0"", ""sel_7th_pre_req"": ""23"", ""sel_7th_pre_bid"": ""+11180"", ""sel_6th_pre_req_pre"": ""0"", ""sel_6th_pre_req"": ""100"", ""sel_6th_pre_bid"": ""+11160"", ""sel_5th_pre_req_pre"": ""0"", ""sel_5th_pre_req"": ""1067"", ""sel_5th_pre_bid"": ""+11140"", ""sel_4th_pre_req_pre"": ""0"", ""sel_4th_pre_req"": ""94"", ""sel_4th_pre_bid"": ""+11130"", ""sel_3th_pre_req_pre"": ""0"", ""sel_3th_pre_req"": ""12"", ""sel_3th_pre_bid"": ""+11120"", ""sel_2th_pre_req_pre"": ""0"", ""sel_2th_pre_req"": ""3"", ""sel_2th_pre_bid"": ""+11110"", ""sel_1th_pre_req_pre"": ""0"", ""sel_fpr_req"": ""32"", ""sel_fpr_bid"": ""+11100"", ""buy_fpr_bid"": ""+11030"", ""buy_fpr_req"": ""175"", ""buy_1th_pre_req_pre"": ""0"", ""buy_2th_pre_bid"": ""+11020"", ""buy_2th_pre_req"": ""1512"", ""buy_2th_pre_req_pre"": ""0"", ""buy_3th_pre_bid"": ""+11010"", ""buy_3th_pre_req"": ""206"", ""buy_3th_pre_req_pre"": ""0"", ""buy_4th_pre_bid"": ""+11000"", ""buy_4th_pre_req"": ""971"", ""buy_4th_pre_req_pre"": ""0"", ""buy_5th_pre_bid"": ""+10980"", ""buy_5th_pre_req"": ""51"", ""buy_5th_pre_req_pre"": ""0"", ""buy_6th_pre_bid"": ""+10970"", ""buy_6th_pre_req"": ""5"", ""buy_6th_pre_req_pre"": ""0"", ""buy_7th_pre_bid"": ""+10960"", ""buy_7th_pre_req"": ""255"", ""buy_7th_pre_req_pre"": ""0"", ""buy_8th_pre_bid"": ""+10950"", ""buy_8th_pre_req"": ""4"", ""buy_8th_pre_req_pre"": ""0"", ""buy_9th_pre_bid"": ""+10940"", ""buy_9th_pre_req"": ""2"", ""buy_9th_pre_req_pre"": ""0"", ""buy_10th_pre_bid"": ""+10930"", ""buy_10th_pre_req"": ""12"", ""buy_10th_pre_req_pre"": ""0"", ""tot_sel_req_jub_pre"": ""0"", ""tot_sel_req"": ""2880"", ""tot_buy_req"": ""3193"", ""tot_buy_req_jub_pre"": ""0"", ""ovt_sel_req_pre"": ""0"", ""ovt_sel_req"": ""0"", ""ovt_buy_req"": ""0"", ""ovt_buy_req_pre"": ""0"", ""return_code"": 0, ""return_msg"": ""정상적으로 처리되었습니다""}"
2026-06-10,scan_candidate,006220,,0,main_scan,11330,,11330,11320,11330,11300,-0.706090026478376,0.088261253309797,,,,,,"{""bid_req_base_tm"": ""103527"", ""sel_10th_pre_req_pre"": ""0"", ""sel_10th_pre_req"": ""777"", ""sel_10th_pre_bid"": ""+11420"", ""sel_9th_pre_req_pre"": ""0"", ""sel_9th_pre_req"": ""118"", ""sel_9th_pre_bid"": ""+11410"", ""sel_8th_pre_req_pre"": ""0"", ""sel_8th_pre_req"": ""2901"", ""sel_8th_pre_bid"": ""+11400"", ""sel_7th_pre_req_pre"": ""0"", ""sel_7th_pre_req"": ""794"", ""sel_7th_pre_bid"": ""+11390"", ""sel_6th_pre_req_pre"": ""0"", ""sel_6th_pre_req"": ""558"", ""sel_6th_pre_bid"": ""+11380"", ""sel_5th_pre_req_pre"": ""0"", ""sel_5th_pre_req"": ""234"", ""sel_5th_pre_bid"": ""+11370"", ""sel_4th_pre_req_pre"": ""0"", ""sel_4th_pre_req"": ""30"", ""sel_4th_pre_bid"": ""+11360"", ""sel_3th_pre_req_pre"": ""0"", ""sel_3th_pre_req"": ""498"", ""sel_3th_pre_bid"": ""+11350"", ""sel_2th_pre_req_pre"": ""0"", ""sel_2th_pre_req"": ""64"", ""sel_2th_pre_bid"": ""+11340"", ""sel_1th_pre_req_pre"": ""0"", ""sel_fpr_req"": ""52"", ""sel_fpr_bid"": ""+11330"", ""buy_fpr_bid"": ""+11320"", ""buy_fpr_req"": ""1"", ""buy_1th_pre_req_pre"": ""0"", ""buy_2th_pre_bid"": ""+11310"", ""buy_2th_pre_req"": ""112"", ""buy_2th_pre_req_pre"": ""0"", ""buy_3th_pre_bid"": ""+11300"", ""buy_3th_pre_req"": ""58"", ""buy_3th_pre_req_pre"": ""0"", ""buy_4th_pre_bid"": ""+11290"", ""buy_4th_pre_req"": ""2"", ""buy_4th_pre_req_pre"": ""0"", ""buy_5th_pre_bid"": ""+11280"", ""buy_5th_pre_req"": ""252"", ""buy_5th_pre_req_pre"": ""0"", ""buy_6th_pre_bid"": ""+11270"", ""buy_6th_pre_req"": ""967"", ""buy_6th_pre_req_pre"": ""0"", ""buy_7th_pre_bid"": ""+11260"", ""buy_7th_pre_req"": ""1005"", ""buy_7th_pre_req_pre"": ""0"", ""buy_8th_pre_bid"": ""+11250"", ""buy_8th_pre_req"": ""1014"", ""buy_8th_pre_req_pre"": ""0"", ""buy_9th_pre_bid"": ""+11240"", ""buy_9th_pre_req"": ""1094"", ""buy_9th_pre_req_pre"": ""0"", ""buy_10th_pre_bid"": ""+11230"", ""buy_10th_pre_req"": ""140"", ""buy_10th_pre_req_pre"": ""0"", ""tot_sel_req_jub_pre"": ""0"", ""tot_sel_req"": ""6026"", ""tot_buy_req"": ""4645"", ""tot_buy_req_jub_pre"": ""--3245"", ""ovt_sel_req_pre"": ""0"", ""ovt_sel_req"": ""0"", ""ovt_buy_req"": ""0"", ""ovt_buy_req_pre"": ""0"", ""return_code"": 0, ""return_msg"": ""정상적으로 처리되었습니다""}"
2026-06-10,scan_candidate,092200,,0,main_scan,9800,,9800,9790,9800,9820,0.10204081632653061,0.10204081632653061,,,,,,"{""bid_req_base_tm"": ""103527"", ""sel_10th_pre_req_pre"": ""0"", ""sel_10th_pre_req"": ""605"", ""sel_10th_pre_bid"": ""-9900"", ""sel_9th_pre_req_pre"": ""0"", ""sel_9th_pre_req"": ""1053"", ""sel_9th_pre_bid"": ""-9890"", ""sel_8th_pre_req_pre"": ""0"", ""sel_8th_pre_req"": ""1065"", ""sel_8th_pre_bid"": ""-9880"", ""sel_7th_pre_req_pre"": ""0"", ""sel_7th_pre_req"": ""308"", ""sel_7th_pre_bid"": ""-9870"", ""sel_6th_pre_req_pre"": ""0"", ""sel_6th_pre_req"": ""129"", ""sel_6th_pre_bid"": ""-9860"", ""sel_5th_pre_req_pre"": ""0"", ""sel_5th_pre_req"": ""365"", ""sel_5th_pre_bid"": ""-9850"", ""sel_4th_pre_req_pre"": ""0"", ""sel_4th_pre_req"": ""1022"", ""sel_4th_pre_bid"": ""-9840"", ""sel_3th_pre_req_pre"": ""0"", ""sel_3th_pre_req"": ""362"", ""sel_3th_pre_bid"": ""-9830"", ""sel_2th_pre_req_pre"": ""0"", ""sel_2th_pre_req"": ""99"", ""sel_2th_pre_bid"": ""-9820"", ""sel_1th_pre_req_pre"": ""0"", ""sel_fpr_req"": ""131"", ""sel_fpr_bid"": ""-9800"", ""buy_fpr_bid"": ""-9790"", ""buy_fpr_req"": ""30"", ""buy_1th_pre_req_pre"": ""0"", ""buy_2th_pre_bid"": ""-9780"", ""buy_2th_pre_req"": ""100"", ""buy_2th_pre_req_pre"": ""0"", ""buy_3th_pre_bid"": ""-9770"", ""buy_3th_pre_req"": ""1201"", ""buy_3th_pre_req_pre"": ""0"", ""buy_4th_pre_bid"": ""-9760"", ""buy_4th_pre_req"": ""440"", ""buy_4th_pre_req_pre"": ""0"", ""buy_5th_pre_bid"": ""-9750"", ""buy_5th_pre_req"": ""1641"", ""buy_5th_pre_req_pre"": ""0"", ""buy_6th_pre_bid"": ""-9740"", ""buy_6th_pre_req"": ""5482"", ""buy_6th_pre_req_pre"": ""0"", ""buy_7th_pre_bid"": ""-9730"", ""buy_7th_pre_req"": ""930"", ""buy_7th_pre_req_pre"": ""0"", ""buy_8th_pre_bid"": ""-9720"", ""buy_8th_pre_req"": ""770"", ""buy_8th_pre_req_pre"": ""0"", ""buy_9th_pre_bid"": ""-9710"", ""buy_9th_pre_req"": ""4376"", ""buy_9th_pre_req_pre"": ""+11"", ""buy_10th_pre_bid"": ""-9700"", ""buy_10th_pre_req"": ""2115"", ""buy_10th_pre_req_pre"": ""0"", ""tot_sel_req_jub_pre"": ""0"", ""tot_sel_req"": ""5139"", ""tot_buy_req"": ""17085"", ""tot_buy_req_jub_pre"": ""+11"", ""ovt_sel_req_pre"": ""0"", ""ovt_sel_req"": ""0"", ""ovt_buy_req"": ""0"", ""ovt_buy_req_pre"": ""0"", ""return_code"": 0, ""return_msg"": ""정상적으로 처리되었습니다""}"
2026-06-10,scan_candidate,010820,,0,main_scan,8130,,8130,8110,8130,8120,-0.24600246002460024,0.24600246002460024,,,,,,"{""bid_req_base_tm"": ""103527"", ""sel_10th_pre_req_pre"": ""0"", ""sel_10th_pre_req"": ""832"", ""sel_10th_pre_bid"": ""+8220"", ""sel_9th_pre_req_pre"": ""0"", ""sel_9th_pre_req"": ""233"", ""sel_9th_pre_bid"": ""+8210"", ""sel_8th_pre_req_pre"": ""0"", ""sel_8th_pre_req"": ""2222"", ""sel_8th_pre_bid"": ""+8200"", ""sel_7th_pre_req_pre"": ""0"", ""sel_7th_pre_req"": ""1122"", ""sel_7th_pre_bid"": ""+8190"", ""sel_6th_pre_req_pre"": ""0"", ""sel_6th_pre_req"": ""142"", ""sel_6th_pre_bid"": ""+8180"", ""sel_5th_pre_req_pre"": ""0"", ""sel_5th_pre_req"": ""166"", ""sel_5th_pre_bid"": ""+8170"", ""sel_4th_pre_req_pre"": ""0"", ""sel_4th_pre_req"": ""250"", ""sel_4th_pre_bid"": ""+8160"", ""sel_3th_pre_req_pre"": ""0"", ""sel_3th_pre_req"": ""303"", ""sel_3th_pre_bid"": ""+8150"", ""sel_2th_pre_req_pre"": ""0"", ""sel_2th_pre_req"": ""33"", ""sel_2th_pre_bid"": ""+8140"", ""sel_1th_pre_req_pre"": ""--170"", ""sel_fpr_req"": ""25"", ""sel_fpr_bid"": ""+8130"", ""buy_fpr_bid"": ""+8110"", ""buy_fpr_req"": ""260"", ""buy_1th_pre_req_pre"": ""0"", ""buy_2th_pre_bid"": ""+8100"", ""buy_2th_pre_req"": ""637"", ""buy_2th_pre_req_pre"": ""0"", ""buy_3th_pre_bid"": ""+8090"", ""buy_3th_pre_req"": ""345"", ""buy_3th_pre_req_pre"": ""0"", ""buy_4th_pre_bid"": ""+8080"", ""buy_4th_pre_req"": ""672"", ""buy_4th_pre_req_pre"": ""0"", ""buy_5th_pre_bid"": ""+8070"", ""buy_5th_pre_req"": ""290"", ""buy_5th_pre_req_pre"": ""0"", ""buy_6th_pre_bid"": ""+8060"", ""buy_6th_pre_req"": ""804"", ""buy_6th_pre_req_pre"": ""0"", ""buy_7th_pre_bid"": ""+8050"", ""buy_7th_pre_req"": ""469"", ""buy_7th_pre_req_pre"": ""0"", ""buy_8th_pre_bid"": ""+8040"", ""buy_8th_pre_req"": ""65"", ""buy_8th_pre_req_pre"": ""0"", ""buy_9th_pre_bid"": ""+8030"", ""buy_9th_pre_req"": ""376"", ""buy_9th_pre_req_pre"": ""0"", ""buy_10th_pre_bid"": ""+8020"", ""buy_10th_pre_req"": ""1081"", ""buy_10th_pre_req_pre"": ""0"", ""tot_sel_req_jub_pre"": ""--170"", ""tot_sel_req"": ""5328"", ""tot_buy_req"": ""4999"", ""tot_buy_req_jub_pre"": ""0"", ""ovt_sel_req_pre"": ""0"", ""ovt_sel_req"": ""0"", ""ovt_buy_req"": ""0"", ""ovt_buy_req_pre"": ""0"", ""return_code"": 0, ""return_msg"": ""정상적으로 처리되었습니다""}"
2026-06-10,scan_candidate,000430,,0,main_scan,5790,,5790,5780,5790,5780,-0.3454231433506045,0.17271157167530224,,,,,,"{""bid_req_base_tm"": ""103528"", ""sel_10th_pre_req_pre"": ""0"", ""sel_10th_pre_req"": ""22"", ""sel_10th_pre_bid"": ""-5880"", ""sel_9th_pre_req_pre"": ""0"", ""sel_9th_pre_req"": ""2958"", ""sel_9th_pre_bid"": ""-5870"", ""sel_8th_pre_req_pre"": ""0"", ""sel_8th_pre_req"": ""2990"", ""sel_8th_pre_bid"": ""-5860"", ""sel_7th_pre_req_pre"": ""0"", ""sel_7th_pre_req"": ""3618"", ""sel_7th_pre_bid"": ""-5850"", ""sel_6th_pre_req_pre"": ""0"", ""sel_6th_pre_req"": ""3102"", ""sel_6th_pre_bid"": ""-5840"", ""sel_5th_pre_req_pre"": ""0"", ""sel_5th_pre_req"": ""2161"", ""sel_5th_pre_bid"": ""-5830"", ""sel_4th_pre_req_pre"": ""0"", ""sel_4th_pre_req"": ""1479"", ""sel_4th_pre_bid"": ""-5820"", ""sel_3th_pre_req_pre"": ""0"", ""sel_3th_pre_req"": ""1693"", ""sel_3th_pre_bid"": ""-5810"", ""sel_2th_pre_req_pre"": ""0"", ""sel_2th_pre_req"": ""1976"", ""sel_2th_pre_bid"": ""-5800"", ""sel_1th_pre_req_pre"": ""+3"", ""sel_fpr_req"": ""972"", ""sel_fpr_bid"": ""-5790"", ""buy_fpr_bid"": ""-5780"", ""buy_fpr_req"": ""222"", ""buy_1th_pre_req_pre"": ""0"", ""buy_2th_pre_bid"": ""-5770"", ""buy_2th_pre_req"": ""1041"", ""buy_2th_pre_req_pre"": ""0"", ""buy_3th_pre_bid"": ""-5760"", ""buy_3th_pre_req"": ""2175"", ""buy_3th_pre_req_pre"": ""0"", ""buy_4th_pre_bid"": ""-5750"", ""buy_4th_pre_req"": ""1236"", ""buy_4th_pre_req_pre"": ""0"", ""buy_5th_pre_bid"": ""-5740"", ""buy_5th_pre_req"": ""460"", ""buy_5th_pre_req_pre"": ""0"", ""buy_6th_pre_bid"": ""-5730"", ""buy_6th_pre_req"": ""214"", ""buy_6th_pre_req_pre"": ""0"", ""buy_7th_pre_bid"": ""-5720"", ""buy_7th_pre_req"": ""2821"", ""buy_7th_pre_req_pre"": ""0"", ""buy_8th_pre_bid"": ""-5710"", ""buy_8th_pre_req"": ""3697"", ""buy_8th_pre_req_pre"": ""0"", ""buy_9th_pre_bid"": ""-5700"", ""buy_9th_pre_req"": ""4815"", ""buy_9th_pre_req_pre"": ""0"", ""buy_10th_pre_bid"": ""-5690"", ""buy_10th_pre_req"": ""2755"", ""buy_10th_pre_req_pre"": ""0"", ""tot_sel_req_jub_pre"": ""+3"", ""tot_sel_req"": ""20971"", ""tot_buy_req"": ""19436"", ""tot_buy_req_jub_pre"": ""0"", ""ovt_sel_req_pre"": ""0"", ""ovt_sel_req"": ""0"", ""ovt_buy_req"": ""0"", ""ovt_buy_req_pre"": ""0"", ""return_code"": 0, ""return_msg"": ""정상적으로 처리되었습니다""}"
2026-06-10,scan_candidate,010690,,0,main_scan,10700,,10700,10690,10700,10700,-0.46728971962616817,0.09345794392523366,,,,,,"{""bid_req_base_tm"": ""103527"", ""sel_10th_pre_req_pre"": ""0"", ""sel_10th_pre_req"": ""7"", ""sel_10th_pre_bid"": ""+10790"", ""sel_9th_pre_req_pre"": ""0"", ""sel_9th_pre_req"": ""2"", ""sel_9th_pre_bid"": ""+10780"", ""sel_8th_pre_req_pre"": ""0"", ""sel_8th_pre_req"": ""23"", ""sel_8th_pre_bid"": ""+10770"", ""sel_7th_pre_req_pre"": ""0"", ""sel_7th_pre_req"": ""209"", ""sel_7th_pre_bid"": ""+10760"", ""sel_6th_pre_req_pre"": ""0"", ""sel_6th_pre_req"": ""168"", ""sel_6th_pre_bid"": ""+10750"", ""sel_5th_pre_req_pre"": ""0"", ""sel_5th_pre_req"": ""79"", ""sel_5th_pre_bid"": ""+10740"", ""sel_4th_pre_req_pre"": ""0"", ""sel_4th_pre_req"": ""787"", ""sel_4th_pre_bid"": ""+10730"", ""sel_3th_pre_req_pre"": ""0"", ""sel_3th_pre_req"": ""1656"", ""sel_3th_pre_bid"": ""+10720"", ""sel_2th_pre_req_pre"": ""0"", ""sel_2th_pre_req"": ""93"", ""sel_2th_pre_bid"": ""+10710"", ""sel_1th_pre_req_pre"": ""0"", ""sel_fpr_req"": ""391"", ""sel_fpr_bid"": ""+10700"", ""buy_fpr_bid"": ""+10690"", ""buy_fpr_req"": ""198"", ""buy_1th_pre_req_pre"": ""0"", ""buy_2th_pre_bid"": ""+10680"", ""buy_2th_pre_req"": ""1093"", ""buy_2th_pre_req_pre"": ""0"", ""buy_3th_pre_bid"": ""+10670"", ""buy_3th_pre_req"": ""6285"", ""buy_3th_pre_req_pre"": ""0"", ""buy_4th_pre_bid"": ""+10660"", ""buy_4th_pre_req"": ""13"", ""buy_4th_pre_req_pre"": ""0"", ""buy_5th_pre_bid"": ""+10650"", ""buy_5th_pre_req"": ""1335"", ""buy_5th_pre_req_pre"": ""0"", ""buy_6th_pre_bid"": ""+10640"", ""buy_6th_pre_req"": ""214"", ""buy_6th_pre_req_pre"": ""0"", ""buy_7th_pre_bid"": ""+10630"", ""buy_7th_pre_req"": ""40"", ""buy_7th_pre_req_pre"": ""0"", ""buy_8th_pre_bid"": ""+10620"", ""buy_8th_pre_req"": ""538"", ""buy_8th_pre_req_pre"": ""0"", ""buy_9th_pre_bid"": ""+10610"", ""buy_9th_pre_req"": ""80"", ""buy_9th_pre_req_pre"": ""0"", ""buy_10th_pre_bid"": ""+10600"", ""buy_10th_pre_req"": ""403"", ""buy_10th_pre_req_pre"": ""0"", ""tot_sel_req_jub_pre"": ""+247"", ""tot_sel_req"": ""3415"", ""tot_buy_req"": ""10199"", ""tot_buy_req_jub_pre"": ""+393"", ""ovt_sel_req_pre"": ""0"", ""ovt_sel_req"": ""0"", ""ovt_buy_req"": ""0"", ""ovt_buy_req_pre"": ""0"", ""return_code"": 0, ""return_msg"": ""정상적으로 처리되었습니다""}"
2026-06-10,scan_candidate,005950,,0,main_scan,12300,,12300,12250,12300,12250,-0.8130081300813009,0.40650406504065045,,,,,,"{""bid_req_base_tm"": ""103528"", ""sel_10th_pre_req_pre"": ""0"", ""sel_10th_pre_req"": ""1390"", ""sel_10th_pre_bid"": ""+12400"", ""sel_9th_pre_req_pre"": ""0"", ""sel_9th_pre_req"": ""473"", ""sel_9th_pre_bid"": ""+12390"", ""sel_8th_pre_req_pre"": ""0"", ""sel_8th_pre_req"": ""663"", ""sel_8th_pre_bid"": ""+12380"", ""sel_7th_pre_req_pre"": ""0"", ""sel_7th_pre_req"": ""827"", ""sel_7th_pre_bid"": ""+12370"", ""sel_6th_pre_req_pre"": ""0"", ""sel_6th_pre_req"": ""4"", ""sel_6th_pre_bid"": ""+12350"", ""sel_5th_pre_req_pre"": ""0"", ""sel_5th_pre_req"": ""8"", ""sel_5th_pre_bid"": ""+12340"", ""sel_4th_pre_req_pre"": ""0"", ""sel_4th_pre_req"": ""534"", ""sel_4th_pre_bid"": ""+12330"", ""sel_3th_pre_req_pre"": ""0"", ""sel_3th_pre_req"": ""106"", ""sel_3th_pre_bid"": ""+12320"", ""sel_2th_pre_req_pre"": ""0"", ""sel_2th_pre_req"": ""7"", ""sel_2th_pre_bid"": ""+12310"", ""sel_1th_pre_req_pre"": ""0"", ""sel_fpr_req"": ""32"", ""sel_fpr_bid"": ""+12300"", ""buy_fpr_bid"": ""+12250"", ""buy_fpr_req"": ""739"", ""buy_1th_pre_req_pre"": ""+5"", ""buy_2th_pre_bid"": ""+12240"", ""buy_2th_pre_req"": ""299"", ""buy_2th_pre_req_pre"": ""0"", ""buy_3th_pre_bid"": ""+12230"", ""buy_3th_pre_req"": ""402"", ""buy_3th_pre_req_pre"": ""0"", ""buy_4th_pre_bid"": ""+12220"", ""buy_4th_pre_req"": ""463"", ""buy_4th_pre_req_pre"": ""0"", ""buy_5th_pre_bid"": ""+12210"", ""buy_5th_pre_req"": ""124"", ""buy_5th_pre_req_pre"": ""0"", ""buy_6th_pre_bid"": ""+12200"", ""buy_6th_pre_req"": ""23"", ""buy_6th_pre_req_pre"": ""0"", ""buy_7th_pre_bid"": ""+12190"", ""buy_7th_pre_req"": ""53"", ""buy_7th_pre_req_pre"": ""0"", ""buy_8th_pre_bid"": ""+12180"", ""buy_8th_pre_req"": ""604"", ""buy_8th_pre_req_pre"": ""0"", ""buy_9th_pre_bid"": ""+12170"", ""buy_9th_pre_req"": ""21"", ""buy_9th_pre_req_pre"": ""0"", ""buy_10th_pre_bid"": ""+12160"", ""buy_10th_pre_req"": ""166"", ""buy_10th_pre_req_pre"": ""0"", ""tot_sel_req_jub_pre"": ""0"", ""tot_sel_req"": ""4044"", ""tot_buy_req"": ""2894"", ""tot_buy_req_jub_pre"": ""+5"", ""ovt_sel_req_pre"": ""0"", ""ovt_sel_req"": ""0"", ""ovt_buy_req"": ""0"", ""ovt_buy_req_pre"": ""0"", ""return_code"": 0, ""return_msg"": ""정상적으로 처리되었습니다""}"
2026-06-10,watchlist,014680,,0,filtered_candidate_recheck,263500,,263500,263000,263500,265000,0.3795066413662239,0.18975332068311196,,,,,,"{""bid_req_base_tm"": ""103710"", ""sel_10th_pre_req_pre"": ""0"", ""sel_10th_pre_req"": ""19"", ""sel_10th_pre_bid"": ""+268500"", ""sel_9th_pre_req_pre"": ""0"", ""sel_9th_pre_req"": ""49"", ""sel_9th_pre_bid"": ""+268000"", ""sel_8th_pre_req_pre"": ""0"", ""sel_8th_pre_req"": ""38"", ""sel_8th_pre_bid"": ""+267500"", ""sel_7th_pre_req_pre"": ""0"", ""sel_7th_pre_req"": ""25"", ""sel_7th_pre_bid"": ""+267000"", ""sel_6th_pre_req_pre"": ""0"", ""sel_6th_pre_req"": ""16"", ""sel_6th_pre_bid"": ""+266500"", ""sel_5th_pre_req_pre"": ""0"", ""sel_5th_pre_req"": ""6"", ""sel_5th_pre_bid"": ""+266000"", ""sel_4th_pre_req_pre"": ""0"", ""sel_4th_pre_req"": ""46"", ""sel_4th_pre_bid"": ""+265000"", ""sel_3th_pre_req_pre"": ""0"", ""sel_3th_pre_req"": ""1"", ""sel_3th_pre_bid"": ""+264500"", ""sel_2th_pre_req_pre"": ""0"", ""sel_2th_pre_req"": ""23"", ""sel_2th_pre_bid"": ""+264000"", ""sel_1th_pre_req_pre"": ""+1"", ""sel_fpr_req"": ""24"", ""sel_fpr_bid"": ""+263500"", ""buy_fpr_bid"": ""+263000"", ""buy_fpr_req"": ""128"", ""buy_1th_pre_req_pre"": ""0"", ""buy_2th_pre_bid"": ""+262500"", ""buy_2th_pre_req"": ""37"", ""buy_2th_pre_req_pre"": ""0"", ""buy_3th_pre_bid"": ""+262000"", ""buy_3th_pre_req"": ""133"", ""buy_3th_pre_req_pre"": ""0"", ""buy_4th_pre_bid"": ""+261500"", ""buy_4th_pre_req"": ""15"", ""buy_4th_pre_req_pre"": ""0"", ""buy_5th_pre_bid"": ""+261000"", ""buy_5th_pre_req"": ""4"", ""buy_5th_pre_req_pre"": ""0"", ""buy_6th_pre_bid"": ""+260500"", ""buy_6th_pre_req"": ""3"", ""buy_6th_pre_req_pre"": ""0"", ""buy_7th_pre_bid"": ""+260000"", ""buy_7th_pre_req"": ""109"", ""buy_7th_pre_req_pre"": ""0"", ""buy_8th_pre_bid"": ""+259500"", ""buy_8th_pre_req"": ""119"", ""buy_8th_pre_req_pre"": ""0"", ""buy_9th_pre_bid"": ""+259000"", ""buy_9th_pre_req"": ""210"", ""buy_9th_pre_req_pre"": ""0"", ""buy_10th_pre_bid"": ""+258500"", ""buy_10th_pre_req"": ""102"", ""buy_10th_pre_req_pre"": ""0"", ""tot_sel_req_jub_pre"": ""+1"", ""tot_sel_req"": ""247"", ""tot_buy_req"": ""860"", ""tot_buy_req_jub_pre"": ""0"", ""ovt_sel_req_pre"": ""0"", ""ovt_sel_req"": ""0"", ""ovt_buy_req"": ""0"", ""ovt_buy_req_pre"": ""0"", ""return_code"": 0, ""return_msg"": ""정상적으로 처리되었습니다""}"
2026-06-10,watchlist,035420,,1,filtered_candidate_recheck,236500,,236500,236000,236500,238000,0.42283298097251587,0.21141649048625794,,,,,,"{""bid_req_base_tm"": ""103715"", ""sel_10th_pre_req_pre"": ""0"", ""sel_10th_pre_req"": ""2653"", ""sel_10th_pre_bid"": ""-241000"", ""sel_9th_pre_req_pre"": ""0"", ""sel_9th_pre_req"": ""3386"", ""sel_9th_pre_bid"": ""-240500"", ""sel_8th_pre_req_pre"": ""0"", ""sel_8th_pre_req"": ""4486"", ""sel_8th_pre_bid"": ""-240000"", ""sel_7th_pre_req_pre"": ""0"", ""sel_7th_pre_req"": ""2908"", ""sel_7th_pre_bid"": ""-239500"", ""sel_6th_pre_req_pre"": ""0"", ""sel_6th_pre_req"": ""3221"", ""sel_6th_pre_bid"": ""-239000"", ""sel_5th_pre_req_pre"": ""0"", ""sel_5th_pre_req"": ""1688"", ""sel_5th_pre_bid"": ""-238500"", ""sel_4th_pre_req_pre"": ""0"", ""sel_4th_pre_req"": ""2457"", ""sel_4th_pre_bid"": ""-238000"", ""sel_3th_pre_req_pre"": ""0"", ""sel_3th_pre_req"": ""4521"", ""sel_3th_pre_bid"": ""-237500"", ""sel_2th_pre_req_pre"": ""0"", ""sel_2th_pre_req"": ""3020"", ""sel_2th_pre_bid"": ""-237000"", ""sel_1th_pre_req_pre"": ""--1"", ""sel_fpr_req"": ""3374"", ""sel_fpr_bid"": ""-236500"", ""buy_fpr_bid"": ""-236000"", ""buy_fpr_req"": ""3521"", ""buy_1th_pre_req_pre"": ""0"", ""buy_2th_pre_bid"": ""-235500"", ""buy_2th_pre_req"": ""4684"", ""buy_2th_pre_req_pre"": ""0"", ""buy_3th_pre_bid"": ""-235000"", ""buy_3th_pre_req"": ""29006"", ""buy_3th_pre_req_pre"": ""0"", ""buy_4th_pre_bid"": ""-234500"", ""buy_4th_pre_req"": ""54632"", ""buy_4th_pre_req_pre"": ""0"", ""buy_5th_pre_bid"": ""-234000"", ""buy_5th_pre_req"": ""9201"", ""buy_5th_pre_req_pre"": ""0"", ""buy_6th_pre_bid"": ""-233500"", ""buy_6th_pre_req"": ""7586"", ""buy_6th_pre_req_pre"": ""0"", ""buy_7th_pre_bid"": ""-233000"", ""buy_7th_pre_req"": ""9372"", ""buy_7th_pre_req_pre"": ""0"", ""buy_8th_pre_bid"": ""-232500"", ""buy_8th_pre_req"": ""6943"", ""buy_8th_pre_req_pre"": ""0"", ""buy_9th_pre_bid"": ""-232000"", ""buy_9th_pre_req"": ""10795"", ""buy_9th_pre_req_pre"": ""0"", ""buy_10th_pre_bid"": ""-231500"", ""buy_10th_pre_req"": ""8958"", ""buy_10th_pre_req_pre"": ""0"", ""tot_sel_req_jub_pre"": ""--1"", ""tot_sel_req"": ""31714"", ""tot_buy_req"": ""144698"", ""tot_buy_req_jub_pre"": ""0"", ""ovt_sel_req_pre"": ""0"", ""ovt_sel_req"": ""0"", ""ovt_buy_req"": ""0"", ""ovt_buy_req_pre"": ""0"", ""return_code"": 0, ""return_msg"": ""정상적으로 처리되었습니다""}"
2026-06-10,watchlist,036570,,0,filtered_candidate_recheck,259000,,259000,258500,259000,258500,-0.3861003861003861,0.19305019305019305,,,,,,"{""bid_req_base_tm"": ""103713"", ""sel_10th_pre_req_pre"": ""0"", ""sel_10th_pre_req"": ""63"", ""sel_10th_pre_bid"": ""-263500"", ""sel_9th_pre_req_pre"": ""0"", ""sel_9th_pre_req"": ""5"", ""sel_9th_pre_bid"": ""-263000"", ""sel_8th_pre_req_pre"": ""0"", ""sel_8th_pre_req"": ""1028"", ""sel_8th_pre_bid"": ""-262500"", ""sel_7th_pre_req_pre"": ""0"", ""sel_7th_pre_req"": ""99"", ""sel_7th_pre_bid"": ""-262000"", ""sel_6th_pre_req_pre"": ""0"", ""sel_6th_pre_req"": ""31"", ""sel_6th_pre_bid"": ""-261500"", ""sel_5th_pre_req_pre"": ""0"", ""sel_5th_pre_req"": ""8"", ""sel_5th_pre_bid"": ""-261000"", ""sel_4th_pre_req_pre"": ""0"", ""sel_4th_pre_req"": ""16"", ""sel_4th_pre_bid"": ""-260500"", ""sel_3th_pre_req_pre"": ""0"", ""sel_3th_pre_req"": ""145"", ""sel_3th_pre_bid"": ""-260000"", ""sel_2th_pre_req_pre"": ""0"", ""sel_2th_pre_req"": ""22"", ""sel_2th_pre_bid"": ""-259500"", ""sel_1th_pre_req_pre"": ""0"", ""sel_fpr_req"": ""105"", ""sel_fpr_bid"": ""-259000"", ""buy_fpr_bid"": ""-258500"", ""buy_fpr_req"": ""122"", ""buy_1th_pre_req_pre"": ""--2"", ""buy_2th_pre_bid"": ""-258000"", ""buy_2th_pre_req"": ""46"", ""buy_2th_pre_req_pre"": ""0"", ""buy_3th_pre_bid"": ""-257500"", ""buy_3th_pre_req"": ""37"", ""buy_3th_pre_req_pre"": ""0"", ""buy_4th_pre_bid"": ""-257000"", ""buy_4th_pre_req"": ""87"", ""buy_4th_pre_req_pre"": ""0"", ""buy_5th_pre_bid"": ""-256500"", ""buy_5th_pre_req"": ""96"", ""buy_5th_pre_req_pre"": ""0"", ""buy_6th_pre_bid"": ""-256000"", ""buy_6th_pre_req"": ""232"", ""buy_6th_pre_req_pre"": ""0"", ""buy_7th_pre_bid"": ""-255500"", ""buy_7th_pre_req"": ""208"", ""buy_7th_pre_req_pre"": ""0"", ""buy_8th_pre_bid"": ""-255000"", ""buy_8th_pre_req"": ""341"", ""buy_8th_pre_req_pre"": ""0"", ""buy_9th_pre_bid"": ""-254500"", ""buy_9th_pre_req"": ""345"", ""buy_9th_pre_req_pre"": ""0"", ""buy_10th_pre_bid"": ""-254000"", ""buy_10th_pre_req"": ""354"", ""buy_10th_pre_req_pre"": ""0"", ""tot_sel_req_jub_pre"": ""0"", ""tot_sel_req"": ""1522"", ""tot_buy_req"": ""1868"", ""tot_buy_req_jub_pre"": ""--2"", ""ovt_sel_req_pre"": ""0"", ""ovt_sel_req"": ""0"", ""ovt_buy_req"": ""0"", ""ovt_buy_req_pre"": ""0"", ""return_code"": 0, ""return_msg"": ""정상적으로 처리되었습니다""}"
2026-06-10,watchlist,005090,,0,filtered_candidate_recheck,52800,,52800,52700,52800,52400,-0.946969696969697,0.1893939393939394,,,,,,"{""bid_req_base_tm"": ""103713"", ""sel_10th_pre_req_pre"": ""0"", ""sel_10th_pre_req"": ""52"", ""sel_10th_pre_bid"": ""+53800"", ""sel_9th_pre_req_pre"": ""0"", ""sel_9th_pre_req"": ""1"", ""sel_9th_pre_bid"": ""+53700"", ""sel_8th_pre_req_pre"": ""0"", ""sel_8th_pre_req"": ""71"", ""sel_8th_pre_bid"": ""+53600"", ""sel_7th_pre_req_pre"": ""0"", ""sel_7th_pre_req"": ""17"", ""sel_7th_pre_bid"": ""+53500"", ""sel_6th_pre_req_pre"": ""0"", ""sel_6th_pre_req"": ""610"", ""sel_6th_pre_bid"": ""+53400"", ""sel_5th_pre_req_pre"": ""0"", ""sel_5th_pre_req"": ""99"", ""sel_5th_pre_bid"": ""+53200"", ""sel_4th_pre_req_pre"": ""0"", ""sel_4th_pre_req"": ""67"", ""sel_4th_pre_bid"": ""+53100"", ""sel_3th_pre_req_pre"": ""0"", ""sel_3th_pre_req"": ""62"", ""sel_3th_pre_bid"": ""+53000"", ""sel_2th_pre_req_pre"": ""0"", ""sel_2th_pre_req"": ""45"", ""sel_2th_pre_bid"": ""+52900"", ""sel_1th_pre_req_pre"": ""0"", ""sel_fpr_req"": ""26"", ""sel_fpr_bid"": ""+52800"", ""buy_fpr_bid"": ""+52700"", ""buy_fpr_req"": ""2"", ""buy_1th_pre_req_pre"": ""0"", ""buy_2th_pre_bid"": ""+52600"", ""buy_2th_pre_req"": ""40"", ""buy_2th_pre_req_pre"": ""0"", ""buy_3th_pre_bid"": ""+52500"", ""buy_3th_pre_req"": ""39"", ""buy_3th_pre_req_pre"": ""0"", ""buy_4th_pre_bid"": ""+52400"", ""buy_4th_pre_req"": ""120"", ""buy_4th_pre_req_pre"": ""+42"", ""buy_5th_pre_bid"": ""+52200"", ""buy_5th_pre_req"": ""92"", ""buy_5th_pre_req_pre"": ""0"", ""buy_6th_pre_bid"": ""+52100"", ""buy_6th_pre_req"": ""23"", ""buy_6th_pre_req_pre"": ""0"", ""buy_7th_pre_bid"": ""+52000"", ""buy_7th_pre_req"": ""38"", ""buy_7th_pre_req_pre"": ""0"", ""buy_8th_pre_bid"": ""+51900"", ""buy_8th_pre_req"": ""2"", ""buy_8th_pre_req_pre"": ""0"", ""buy_9th_pre_bid"": ""+51600"", ""buy_9th_pre_req"": ""137"", ""buy_9th_pre_req_pre"": ""0"", ""buy_10th_pre_bid"": ""+51500"", ""buy_10th_pre_req"": ""40"", ""buy_10th_pre_req_pre"": ""0"", ""tot_sel_req_jub_pre"": ""0"", ""tot_sel_req"": ""1050"", ""tot_buy_req"": ""533"", ""tot_buy_req_jub_pre"": ""+42"", ""ovt_sel_req_pre"": ""0"", ""ovt_sel_req"": ""0"", ""ovt_buy_req"": ""0"", ""ovt_buy_req_pre"": ""0"", ""return_code"": 0, ""return_msg"": ""정상적으로 처리되었습니다""}"
2026-06-10,watchlist,066570,,1,filtered_candidate_recheck,232500,,232500,232000,232500,234000,0.43010752688172044,0.21505376344086022,,,,,,"{""bid_req_base_tm"": ""103716"", ""sel_10th_pre_req_pre"": ""0"", ""sel_10th_pre_req"": ""1672"", ""sel_10th_pre_bid"": ""-237000"", ""sel_9th_pre_req_pre"": ""0"", ""sel_9th_pre_req"": ""1327"", ""sel_9th_pre_bid"": ""-236500"", ""sel_8th_pre_req_pre"": ""0"", ""sel_8th_pre_req"": ""2935"", ""sel_8th_pre_bid"": ""-236000"", ""sel_7th_pre_req_pre"": ""0"", ""sel_7th_pre_req"": ""2241"", ""sel_7th_pre_bid"": ""-235500"", ""sel_6th_pre_req_pre"": ""0"", ""sel_6th_pre_req"": ""3178"", ""sel_6th_pre_bid"": ""-235000"", ""sel_5th_pre_req_pre"": ""0"", ""sel_5th_pre_req"": ""2057"", ""sel_5th_pre_bid"": ""-234500"", ""sel_4th_pre_req_pre"": ""0"", ""sel_4th_pre_req"": ""705"", ""sel_4th_pre_bid"": ""-234000"", ""sel_3th_pre_req_pre"": ""0"", ""sel_3th_pre_req"": ""1550"", ""sel_3th_pre_bid"": ""-233500"", ""sel_2th_pre_req_pre"": ""0"", ""sel_2th_pre_req"": ""1327"", ""sel_2th_pre_bid"": ""-233000"", ""sel_1th_pre_req_pre"": ""0"", ""sel_fpr_req"": ""6942"", ""sel_fpr_bid"": ""-232500"", ""buy_fpr_bid"": ""-232000"", ""buy_fpr_req"": ""5604"", ""buy_1th_pre_req_pre"": ""0"", ""buy_2th_pre_bid"": ""-231500"", ""buy_2th_pre_req"": ""6753"", ""buy_2th_pre_req_pre"": ""0"", ""buy_3th_pre_bid"": ""-231000"", ""buy_3th_pre_req"": ""11793"", ""buy_3th_pre_req_pre"": ""0"", ""buy_4th_pre_bid"": ""-230500"", ""buy_4th_pre_req"": ""16120"", ""buy_4th_pre_req_pre"": ""0"", ""buy_5th_pre_bid"": ""-230000"", ""buy_5th_pre_req"": ""40717"", ""buy_5th_pre_req_pre"": ""+1"", ""buy_6th_pre_bid"": ""-229500"", ""buy_6th_pre_req"": ""5526"", ""buy_6th_pre_req_pre"": ""0"", ""buy_7th_pre_bid"": ""-229000"", ""buy_7th_pre_req"": ""7544"", ""buy_7th_pre_req_pre"": ""0"", ""buy_8th_pre_bid"": ""-228500"", ""buy_8th_pre_req"": ""6274"", ""buy_8th_pre_req_pre"": ""0"", ""buy_9th_pre_bid"": ""-228000"", ""buy_9th_pre_req"": ""11402"", ""buy_9th_pre_req_pre"": ""0"", ""buy_10th_pre_bid"": ""-227500"", ""buy_10th_pre_req"": ""4004"", ""buy_10th_pre_req_pre"": ""0"", ""tot_sel_req_jub_pre"": ""0"", ""tot_sel_req"": ""23934"", ""tot_buy_req"": ""115737"", ""tot_buy_req_jub_pre"": ""+1"", ""ovt_sel_req_pre"": ""0"", ""ovt_sel_req"": ""0"", ""ovt_buy_req"": ""0"", ""ovt_buy_req_pre"": ""0"", ""return_code"": 0, ""return_msg"": ""정상적으로 처리되었습니다""}"
2026-06-10,watchlist,028670,,1,filtered_candidate_recheck,5010,,5010,5000,5010,5040,0.39920159680638717,0.19960079840319359,,,,,,"{""bid_req_base_tm"": ""103715"", ""sel_10th_pre_req_pre"": ""0"", ""sel_10th_pre_req"": ""726"", ""sel_10th_pre_bid"": ""-5100"", ""sel_9th_pre_req_pre"": ""0"", ""sel_9th_pre_req"": ""621"", ""sel_9th_pre_bid"": ""-5090"", ""sel_8th_pre_req_pre"": ""0"", ""sel_8th_pre_req"": ""118"", ""sel_8th_pre_bid"": ""-5080"", ""sel_7th_pre_req_pre"": ""0"", ""sel_7th_pre_req"": ""101"", ""sel_7th_pre_bid"": ""-5070"", ""sel_6th_pre_req_pre"": ""0"", ""sel_6th_pre_req"": ""1"", ""sel_6th_pre_bid"": ""-5060"", ""sel_5th_pre_req_pre"": ""0"", ""sel_5th_pre_req"": ""104"", ""sel_5th_pre_bid"": ""-5050"", ""sel_4th_pre_req_pre"": ""0"", ""sel_4th_pre_req"": ""2904"", ""sel_4th_pre_bid"": ""-5040"", ""sel_3th_pre_req_pre"": ""0"", ""sel_3th_pre_req"": ""1230"", ""sel_3th_pre_bid"": ""-5030"", ""sel_2th_pre_req_pre"": ""0"", ""sel_2th_pre_req"": ""259"", ""sel_2th_pre_bid"": ""-5020"", ""sel_1th_pre_req_pre"": ""0"", ""sel_fpr_req"": ""710"", ""sel_fpr_bid"": ""-5010"", ""buy_fpr_bid"": ""-5000"", ""buy_fpr_req"": ""5656"", ""buy_1th_pre_req_pre"": ""+1"", ""buy_2th_pre_bid"": ""-4995"", ""buy_2th_pre_req"": ""2254"", ""buy_2th_pre_req_pre"": ""0"", ""buy_3th_pre_bid"": ""-4990"", ""buy_3th_pre_req"": ""6224"", ""buy_3th_pre_req_pre"": ""0"", ""buy_4th_pre_bid"": ""-4985"", ""buy_4th_pre_req"": ""5162"", ""buy_4th_pre_req_pre"": ""0"", ""buy_5th_pre_bid"": ""-4980"", ""buy_5th_pre_req"": ""7422"", ""buy_5th_pre_req_pre"": ""0"", ""buy_6th_pre_bid"": ""-4975"", ""buy_6th_pre_req"": ""2051"", ""buy_6th_pre_req_pre"": ""0"", ""buy_7th_pre_bid"": ""-4970"", ""buy_7th_pre_req"": ""1254"", ""buy_7th_pre_req_pre"": ""0"", ""buy_8th_pre_bid"": ""-4965"", ""buy_8th_pre_req"": ""5619"", ""buy_8th_pre_req_pre"": ""0"", ""buy_9th_pre_bid"": ""-4960"", ""buy_9th_pre_req"": ""3485"", ""buy_9th_pre_req_pre"": ""0"", ""buy_10th_pre_bid"": ""-4955"", ""buy_10th_pre_req"": ""2960"", ""buy_10th_pre_req_pre"": ""0"", ""tot_sel_req_jub_pre"": ""0"", ""tot_sel_req"": ""6774"", ""tot_buy_req"": ""42087"", ""tot_buy_req_jub_pre"": ""+1"", ""ovt_sel_req_pre"": ""0"", ""ovt_sel_req"": ""0"", ""ovt_buy_req"": ""0"", ""ovt_buy_req_pre"": ""0"", ""return_code"": 0, ""return_msg"": ""정상적으로 처리되었습니다""}"
2026-06-10,watchlist,004990,,0,filtered_candidate_recheck,25850,,25850,25750,25850,25750,-0.5802707930367506,0.3868471953578337,,,,,,"{""bid_req_base_tm"": ""103716"", ""sel_10th_pre_req_pre"": ""0"", ""sel_10th_pre_req"": ""11"", ""sel_10th_pre_bid"": ""+26300"", ""sel_9th_pre_req_pre"": ""0"", ""sel_9th_pre_req"": ""135"", ""sel_9th_pre_bid"": ""+26250"", ""sel_8th_pre_req_pre"": ""0"", ""sel_8th_pre_req"": ""90"", ""sel_8th_pre_bid"": ""+26200"", ""sel_7th_pre_req_pre"": ""0"", ""sel_7th_pre_req"": ""3119"", ""sel_7th_pre_bid"": ""26150"", ""sel_6th_pre_req_pre"": ""0"", ""sel_6th_pre_req"": ""802"", ""sel_6th_pre_bid"": ""-26100"", ""sel_5th_pre_req_pre"": ""0"", ""sel_5th_pre_req"": ""201"", ""sel_5th_pre_bid"": ""-26050"", ""sel_4th_pre_req_pre"": ""0"", ""sel_4th_pre_req"": ""103"", ""sel_4th_pre_bid"": ""-26000"", ""sel_3th_pre_req_pre"": ""0"", ""sel_3th_pre_req"": ""107"", ""sel_3th_pre_bid"": ""-25950"", ""sel_2th_pre_req_pre"": ""0"", ""sel_2th_pre_req"": ""250"", ""sel_2th_pre_bid"": ""-25900"", ""sel_1th_pre_req_pre"": ""+5"", ""sel_fpr_req"": ""419"", ""sel_fpr_bid"": ""-25850"", ""buy_fpr_bid"": ""-25750"", ""buy_fpr_req"": ""234"", ""buy_1th_pre_req_pre"": ""0"", ""buy_2th_pre_bid"": ""-25700"", ""buy_2th_pre_req"": ""300"", ""buy_2th_pre_req_pre"": ""0"", ""buy_3th_pre_bid"": ""-25600"", ""buy_3th_pre_req"": ""19"", ""buy_3th_pre_req_pre"": ""0"", ""buy_4th_pre_bid"": ""-25550"", ""buy_4th_pre_req"": ""129"", ""buy_4th_pre_req_pre"": ""0"", ""buy_5th_pre_bid"": ""-25500"", ""buy_5th_pre_req"": ""871"", ""buy_5th_pre_req_pre"": ""0"", ""buy_6th_pre_bid"": ""-25450"", ""buy_6th_pre_req"": ""1150"", ""buy_6th_pre_req_pre"": ""0"", ""buy_7th_pre_bid"": ""-25400"", ""buy_7th_pre_req"": ""655"", ""buy_7th_pre_req_pre"": ""0"", ""buy_8th_pre_bid"": ""-25350"", ""buy_8th_pre_req"": ""393"", ""buy_8th_pre_req_pre"": ""0"", ""buy_9th_pre_bid"": ""-25300"", ""buy_9th_pre_req"": ""428"", ""buy_9th_pre_req_pre"": ""0"", ""buy_10th_pre_bid"": ""-25250"", ""buy_10th_pre_req"": ""939"", ""buy_10th_pre_req_pre"": ""0"", ""tot_sel_req_jub_pre"": ""+5"", ""tot_sel_req"": ""5237"", ""tot_buy_req"": ""5118"", ""tot_buy_req_jub_pre"": ""0"", ""ovt_sel_req_pre"": ""0"", ""ovt_sel_req"": ""0"", ""ovt_buy_req"": ""0"", ""ovt_buy_req_pre"": ""0"", ""return_code"": 0, ""return_msg"": ""정상적으로 처리되었습니다""}"
2026-06-10,watchlist,081660,,0,filtered_candidate_recheck,40400,,40400,40300,40400,40400,-0.12376237623762376,0.24752475247524752,,,,,,"{""bid_req_base_tm"": ""103715"", ""sel_10th_pre_req_pre"": ""0"", ""sel_10th_pre_req"": ""166"", ""sel_10th_pre_bid"": ""+40900"", ""sel_9th_pre_req_pre"": ""0"", ""sel_9th_pre_req"": ""136"", ""sel_9th_pre_bid"": ""+40800"", ""sel_8th_pre_req_pre"": ""0"", ""sel_8th_pre_req"": ""13"", ""sel_8th_pre_bid"": ""+40750"", ""sel_7th_pre_req_pre"": ""0"", ""sel_7th_pre_req"": ""70"", ""sel_7th_pre_bid"": ""+40700"", ""sel_6th_pre_req_pre"": ""0"", ""sel_6th_pre_req"": ""50"", ""sel_6th_pre_bid"": ""+40650"", ""sel_5th_pre_req_pre"": ""0"", ""sel_5th_pre_req"": ""70"", ""sel_5th_pre_bid"": ""+40600"", ""sel_4th_pre_req_pre"": ""0"", ""sel_4th_pre_req"": ""116"", ""sel_4th_pre_bid"": ""+40550"", ""sel_3th_pre_req_pre"": ""0"", ""sel_3th_pre_req"": ""202"", ""sel_3th_pre_bid"": ""+40500"", ""sel_2th_pre_req_pre"": ""0"", ""sel_2th_pre_req"": ""106"", ""sel_2th_pre_bid"": ""+40450"", ""sel_1th_pre_req_pre"": ""--12"", ""sel_fpr_req"": ""233"", ""sel_fpr_bid"": ""+40400"", ""buy_fpr_bid"": ""+40300"", ""buy_fpr_req"": ""249"", ""buy_1th_pre_req_pre"": ""0"", ""buy_2th_pre_bid"": ""+40250"", ""buy_2th_pre_req"": ""44"", ""buy_2th_pre_req_pre"": ""0"", ""buy_3th_pre_bid"": ""+40200"", ""buy_3th_pre_req"": ""104"", ""buy_3th_pre_req_pre"": ""0"", ""buy_4th_pre_bid"": ""+40150"", ""buy_4th_pre_req"": ""66"", ""buy_4th_pre_req_pre"": ""0"", ""buy_5th_pre_bid"": ""+40100"", ""buy_5th_pre_req"": ""51"", ""buy_5th_pre_req_pre"": ""0"", ""buy_6th_pre_bid"": ""+40050"", ""buy_6th_pre_req"": ""64"", ""buy_6th_pre_req_pre"": ""0"", ""buy_7th_pre_bid"": ""+40000"", ""buy_7th_pre_req"": ""509"", ""buy_7th_pre_req_pre"": ""0"", ""buy_8th_pre_bid"": ""+39950"", ""buy_8th_pre_req"": ""500"", ""buy_8th_pre_req_pre"": ""0"", ""buy_9th_pre_bid"": ""+39900"", ""buy_9th_pre_req"": ""2"", ""buy_9th_pre_req_pre"": ""0"", ""buy_10th_pre_bid"": ""+39850"", ""buy_10th_pre_req"": ""1"", ""buy_10th_pre_req_pre"": ""0"", ""tot_sel_req_jub_pre"": ""--12"", ""tot_sel_req"": ""1162"", ""tot_buy_req"": ""1590"", ""tot_buy_req_jub_pre"": ""0"", ""ovt_sel_req_pre"": ""0"", ""ovt_sel_req"": ""0"", ""ovt_buy_req"": ""0"", ""ovt_buy_req_pre"": ""0"", ""return_code"": 0, ""return_msg"": ""정상적으로 처리되었습니다""}"
2026-06-10,watchlist,008770,,0,filtered_candidate_recheck,54500,,54500,54400,54500,54400,-0.3669724770642202,0.1834862385321101,,,,,,"{""bid_req_base_tm"": ""103715"", ""sel_10th_pre_req_pre"": ""0"", ""sel_10th_pre_req"": ""332"", ""sel_10th_pre_bid"": ""+55400"", ""sel_9th_pre_req_pre"": ""0"", ""sel_9th_pre_req"": ""410"", ""sel_9th_pre_bid"": ""+55300"", ""sel_8th_pre_req_pre"": ""0"", ""sel_8th_pre_req"": ""541"", ""sel_8th_pre_bid"": ""55200"", ""sel_7th_pre_req_pre"": ""0"", ""sel_7th_pre_req"": ""185"", ""sel_7th_pre_bid"": ""-55100"", ""sel_6th_pre_req_pre"": ""0"", ""sel_6th_pre_req"": ""438"", ""sel_6th_pre_bid"": ""-55000"", ""sel_5th_pre_req_pre"": ""0"", ""sel_5th_pre_req"": ""292"", ""sel_5th_pre_bid"": ""-54900"", ""sel_4th_pre_req_pre"": ""0"", ""sel_4th_pre_req"": ""196"", ""sel_4th_pre_bid"": ""-54800"", ""sel_3th_pre_req_pre"": ""0"", ""sel_3th_pre_req"": ""181"", ""sel_3th_pre_bid"": ""-54700"", ""sel_2th_pre_req_pre"": ""0"", ""sel_2th_pre_req"": ""25"", ""sel_2th_pre_bid"": ""-54600"", ""sel_1th_pre_req_pre"": ""0"", ""sel_fpr_req"": ""4"", ""sel_fpr_bid"": ""-54500"", ""buy_fpr_bid"": ""-54400"", ""buy_fpr_req"": ""183"", ""buy_1th_pre_req_pre"": ""+105"", ""buy_2th_pre_bid"": ""-54300"", ""buy_2th_pre_req"": ""309"", ""buy_2th_pre_req_pre"": ""0"", ""buy_3th_pre_bid"": ""-54200"", ""buy_3th_pre_req"": ""1"", ""buy_3th_pre_req_pre"": ""0"", ""buy_4th_pre_bid"": ""-54100"", ""buy_4th_pre_req"": ""46"", ""buy_4th_pre_req_pre"": ""0"", ""buy_5th_pre_bid"": ""-54000"", ""buy_5th_pre_req"": ""237"", ""buy_5th_pre_req_pre"": ""0"", ""buy_6th_pre_bid"": ""-53900"", ""buy_6th_pre_req"": ""203"", ""buy_6th_pre_req_pre"": ""0"", ""buy_7th_pre_bid"": ""-53800"", ""buy_7th_pre_req"": ""390"", ""buy_7th_pre_req_pre"": ""0"", ""buy_8th_pre_bid"": ""-53700"", ""buy_8th_pre_req"": ""429"", ""buy_8th_pre_req_pre"": ""0"", ""buy_9th_pre_bid"": ""-53600"", ""buy_9th_pre_req"": ""145"", ""buy_9th_pre_req_pre"": ""0"", ""buy_10th_pre_bid"": ""-53500"", ""buy_10th_pre_req"": ""240"", ""buy_10th_pre_req_pre"": ""0"", ""tot_sel_req_jub_pre"": ""0"", ""tot_sel_req"": ""2604"", ""tot_buy_req"": ""2183"", ""tot_buy_req_jub_pre"": ""+105"", ""ovt_sel_req_pre"": ""0"", ""ovt_sel_req"": ""0"", ""ovt_buy_req"": ""0"", ""ovt_buy_req_pre"": ""0"", ""return_code"": 0, ""return_msg"": ""정상적으로 처리되었습니다""}"
2026-06-10,watchlist,012330,,0,filtered_candidate_recheck,584000,,584000,583000,584000,585000,0.0,0.17123287671232876,,,,,,"{""bid_req_base_tm"": ""103716"", ""sel_10th_pre_req_pre"": ""0"", ""sel_10th_pre_req"": ""185"", ""sel_10th_pre_bid"": ""-593000"", ""sel_9th_pre_req_pre"": ""0"", ""sel_9th_pre_req"": ""592"", ""sel_9th_pre_bid"": ""-592000"", ""sel_8th_pre_req_pre"": ""0"", ""sel_8th_pre_req"": ""142"", ""sel_8th_pre_bid"": ""-591000"", ""sel_7th_pre_req_pre"": ""0"", ""sel_7th_pre_req"": ""306"", ""sel_7th_pre_bid"": ""-590000"", ""sel_6th_pre_req_pre"": ""0"", ""sel_6th_pre_req"": ""267"", ""sel_6th_pre_bid"": ""-589000"", ""sel_5th_pre_req_pre"": ""0"", ""sel_5th_pre_req"": ""285"", ""sel_5th_pre_bid"": ""-588000"", ""sel_4th_pre_req_pre"": ""0"", ""sel_4th_pre_req"": ""59"", ""sel_4th_pre_bid"": ""-587000"", ""sel_3th_pre_req_pre"": ""0"", ""sel_3th_pre_req"": ""59"", ""sel_3th_pre_bid"": ""-586000"", ""sel_2th_pre_req_pre"": ""0"", ""sel_2th_pre_req"": ""69"", ""sel_2th_pre_bid"": ""-585000"", ""sel_1th_pre_req_pre"": ""0"", ""sel_fpr_req"": ""325"", ""sel_fpr_bid"": ""-584000"", ""buy_fpr_bid"": ""-583000"", ""buy_fpr_req"": ""167"", ""buy_1th_pre_req_pre"": ""0"", ""buy_2th_pre_bid"": ""-582000"", ""buy_2th_pre_req"": ""384"", ""buy_2th_pre_req_pre"": ""0"", ""buy_3th_pre_bid"": ""-581000"", ""buy_3th_pre_req"": ""633"", ""buy_3th_pre_req_pre"": ""0"", ""buy_4th_pre_bid"": ""-580000"", ""buy_4th_pre_req"": ""802"", ""buy_4th_pre_req_pre"": ""0"", ""buy_5th_pre_bid"": ""-579000"", ""buy_5th_pre_req"": ""228"", ""buy_5th_pre_req_pre"": ""0"", ""buy_6th_pre_bid"": ""-578000"", ""buy_6th_pre_req"": ""296"", ""buy_6th_pre_req_pre"": ""--1"", ""buy_7th_pre_bid"": ""-577000"", ""buy_7th_pre_req"": ""918"", ""buy_7th_pre_req_pre"": ""0"", ""buy_8th_pre_bid"": ""-576000"", ""buy_8th_pre_req"": ""1091"", ""buy_8th_pre_req_pre"": ""0"", ""buy_9th_pre_bid"": ""-575000"", ""buy_9th_pre_req"": ""1267"", ""buy_9th_pre_req_pre"": ""0"", ""buy_10th_pre_bid"": ""-574000"", ""buy_10th_pre_req"": ""639"", ""buy_10th_pre_req_pre"": ""0"", ""tot_sel_req_jub_pre"": ""0"", ""tot_sel_req"": ""2289"", ""tot_buy_req"": ""6425"", ""tot_buy_req_jub_pre"": ""--1"", ""ovt_sel_req_pre"": ""0"", ""ovt_sel_req"": ""0"", ""ovt_buy_req"": ""0"", ""ovt_buy_req_pre"": ""0"", ""return_code"": 0, ""return_msg"": ""정상적으로 처리되었습니다""}"
2026-06-10,watchlist,009155,,0,filtered_candidate_recheck,609000,,609000,608000,609000,610000,0.0,0.16420361247947454,,,,,,"{""bid_req_base_tm"": ""103716"", ""sel_10th_pre_req_pre"": ""0"", ""sel_10th_pre_req"": ""9"", ""sel_10th_pre_bid"": ""-619000"", ""sel_9th_pre_req_pre"": ""0"", ""sel_9th_pre_req"": ""41"", ""sel_9th_pre_bid"": ""-617000"", ""sel_8th_pre_req_pre"": ""0"", ""sel_8th_pre_req"": ""9"", ""sel_8th_pre_bid"": ""-616000"", ""sel_7th_pre_req_pre"": ""0"", ""sel_7th_pre_req"": ""10"", ""sel_7th_pre_bid"": ""-615000"", ""sel_6th_pre_req_pre"": ""0"", ""sel_6th_pre_req"": ""40"", ""sel_6th_pre_bid"": ""-614000"", ""sel_5th_pre_req_pre"": ""0"", ""sel_5th_pre_req"": ""51"", ""sel_5th_pre_bid"": ""-613000"", ""sel_4th_pre_req_pre"": ""0"", ""sel_4th_pre_req"": ""39"", ""sel_4th_pre_bid"": ""-612000"", ""sel_3th_pre_req_pre"": ""0"", ""sel_3th_pre_req"": ""130"", ""sel_3th_pre_bid"": ""-611000"", ""sel_2th_pre_req_pre"": ""0"", ""sel_2th_pre_req"": ""64"", ""sel_2th_pre_bid"": ""-610000"", ""sel_1th_pre_req_pre"": ""+10"", ""sel_fpr_req"": ""104"", ""sel_fpr_bid"": ""-609000"", ""buy_fpr_bid"": ""-608000"", ""buy_fpr_req"": ""87"", ""buy_1th_pre_req_pre"": ""0"", ""buy_2th_pre_bid"": ""-607000"", ""buy_2th_pre_req"": ""73"", ""buy_2th_pre_req_pre"": ""0"", ""buy_3th_pre_bid"": ""-606000"", ""buy_3th_pre_req"": ""48"", ""buy_3th_pre_req_pre"": ""0"", ""buy_4th_pre_bid"": ""-605000"", ""buy_4th_pre_req"": ""55"", ""buy_4th_pre_req_pre"": ""0"", ""buy_5th_pre_bid"": ""-604000"", ""buy_5th_pre_req"": ""44"", ""buy_5th_pre_req_pre"": ""0"", ""buy_6th_pre_bid"": ""-603000"", ""buy_6th_pre_req"": ""67"", ""buy_6th_pre_req_pre"": ""0"", ""buy_7th_pre_bid"": ""-602000"", ""buy_7th_pre_req"": ""88"", ""buy_7th_pre_req_pre"": ""0"", ""buy_8th_pre_bid"": ""-601000"", ""buy_8th_pre_req"": ""151"", ""buy_8th_pre_req_pre"": ""0"", ""buy_9th_pre_bid"": ""-600000"", ""buy_9th_pre_req"": ""488"", ""buy_9th_pre_req_pre"": ""0"", ""buy_10th_pre_bid"": ""-599000"", ""buy_10th_pre_req"": ""199"", ""buy_10th_pre_req_pre"": ""0"", ""tot_sel_req_jub_pre"": ""+10"", ""tot_sel_req"": ""497"", ""tot_buy_req"": ""1300"", ""tot_buy_req_jub_pre"": ""0"", ""ovt_sel_req_pre"": ""0"", ""ovt_sel_req"": ""0"", ""ovt_buy_req"": ""0"", ""ovt_buy_req_pre"": ""0"", ""return_code"": 0, ""return_msg"": ""정상적으로 처리되었습니다""}"
2026-06-10,watchlist,181710,,0,filtered_candidate_recheck,41450,,41450,41350,41450,41400,-0.24125452352231602,0.24125452352231602,,,,,,"{""bid_req_base_tm"": ""103715"", ""sel_10th_pre_req_pre"": ""0"", ""sel_10th_pre_req"": ""5"", ""sel_10th_pre_bid"": ""-42050"", ""sel_9th_pre_req_pre"": ""0"", ""sel_9th_pre_req"": ""137"", ""sel_9th_pre_bid"": ""-42000"", ""sel_8th_pre_req_pre"": ""0"", ""sel_8th_pre_req"": ""61"", ""sel_8th_pre_bid"": ""-41950"", ""sel_7th_pre_req_pre"": ""0"", ""sel_7th_pre_req"": ""3"", ""sel_7th_pre_bid"": ""-41900"", ""sel_6th_pre_req_pre"": ""0"", ""sel_6th_pre_req"": ""52"", ""sel_6th_pre_bid"": ""-41700"", ""sel_5th_pre_req_pre"": ""0"", ""sel_5th_pre_req"": ""3"", ""sel_5th_pre_bid"": ""-41650"", ""sel_4th_pre_req_pre"": ""0"", ""sel_4th_pre_req"": ""113"", ""sel_4th_pre_bid"": ""-41600"", ""sel_3th_pre_req_pre"": ""0"", ""sel_3th_pre_req"": ""32"", ""sel_3th_pre_bid"": ""-41550"", ""sel_2th_pre_req_pre"": ""0"", ""sel_2th_pre_req"": ""50"", ""sel_2th_pre_bid"": ""-41500"", ""sel_1th_pre_req_pre"": ""0"", ""sel_fpr_req"": ""2"", ""sel_fpr_bid"": ""-41450"", ""buy_fpr_bid"": ""-41350"", ""buy_fpr_req"": ""51"", ""buy_1th_pre_req_pre"": ""+1"", ""buy_2th_pre_bid"": ""-41300"", ""buy_2th_pre_req"": ""50"", ""buy_2th_pre_req_pre"": ""0"", ""buy_3th_pre_bid"": ""-41250"", ""buy_3th_pre_req"": ""83"", ""buy_3th_pre_req_pre"": ""0"", ""buy_4th_pre_bid"": ""-41200"", ""buy_4th_pre_req"": ""41"", ""buy_4th_pre_req_pre"": ""0"", ""buy_5th_pre_bid"": ""-41150"", ""buy_5th_pre_req"": ""35"", ""buy_5th_pre_req_pre"": ""0"", ""buy_6th_pre_bid"": ""-41100"", ""buy_6th_pre_req"": ""24"", ""buy_6th_pre_req_pre"": ""0"", ""buy_7th_pre_bid"": ""-41000"", ""buy_7th_pre_req"": ""32"", ""buy_7th_pre_req_pre"": ""0"", ""buy_8th_pre_bid"": ""-40950"", ""buy_8th_pre_req"": ""10"", ""buy_8th_pre_req_pre"": ""0"", ""buy_9th_pre_bid"": ""-40900"", ""buy_9th_pre_req"": ""5"", ""buy_9th_pre_req_pre"": ""0"", ""buy_10th_pre_bid"": ""-40850"", ""buy_10th_pre_req"": ""2"", ""buy_10th_pre_req_pre"": ""0"", ""tot_sel_req_jub_pre"": ""0"", ""tot_sel_req"": ""458"", ""tot_buy_req"": ""333"", ""tot_buy_req_jub_pre"": ""+1"", ""ovt_sel_req_pre"": ""0"", ""ovt_sel_req"": ""0"", ""ovt_buy_req"": ""0"", ""ovt_buy_req_pre"": ""0"", ""return_code"": 0, ""return_msg"": ""정상적으로 처리되었습니다""}"
2026-06-10,watchlist,085620,,0,filtered_candidate_recheck,22500,,22500,22450,22500,22450,-0.4444444444444444,0.2222222222222222,,,,,,"{""bid_req_base_tm"": ""103717"", ""sel_10th_pre_req_pre"": ""0"", ""sel_10th_pre_req"": ""2381"", ""sel_10th_pre_bid"": ""-22950"", ""sel_9th_pre_req_pre"": ""0"", ""sel_9th_pre_req"": ""1173"", ""sel_9th_pre_bid"": ""-22900"", ""sel_8th_pre_req_pre"": ""0"", ""sel_8th_pre_req"": ""1871"", ""sel_8th_pre_bid"": ""-22850"", ""sel_7th_pre_req_pre"": ""0"", ""sel_7th_pre_req"": ""2726"", ""sel_7th_pre_bid"": ""-22800"", ""sel_6th_pre_req_pre"": ""0"", ""sel_6th_pre_req"": ""399"", ""sel_6th_pre_bid"": ""-22750"", ""sel_5th_pre_req_pre"": ""0"", ""sel_5th_pre_req"": ""550"", ""sel_5th_pre_bid"": ""-22700"", ""sel_4th_pre_req_pre"": ""0"", ""sel_4th_pre_req"": ""297"", ""sel_4th_pre_bid"": ""-22650"", ""sel_3th_pre_req_pre"": ""0"", ""sel_3th_pre_req"": ""2322"", ""sel_3th_pre_bid"": ""-22600"", ""sel_2th_pre_req_pre"": ""0"", ""sel_2th_pre_req"": ""641"", ""sel_2th_pre_bid"": ""-22550"", ""sel_1th_pre_req_pre"": ""0"", ""sel_fpr_req"": ""821"", ""sel_fpr_bid"": ""-22500"", ""buy_fpr_bid"": ""-22450"", ""buy_fpr_req"": ""4"", ""buy_1th_pre_req_pre"": ""0"", ""buy_2th_pre_bid"": ""-22400"", ""buy_2th_pre_req"": ""176"", ""buy_2th_pre_req_pre"": ""0"", ""buy_3th_pre_bid"": ""-22350"", ""buy_3th_pre_req"": ""1425"", ""buy_3th_pre_req_pre"": ""0"", ""buy_4th_pre_bid"": ""-22300"", ""buy_4th_pre_req"": ""886"", ""buy_4th_pre_req_pre"": ""0"", ""buy_5th_pre_bid"": ""-22250"", ""buy_5th_pre_req"": ""901"", ""buy_5th_pre_req_pre"": ""--1"", ""buy_6th_pre_bid"": ""-22200"", ""buy_6th_pre_req"": ""424"", ""buy_6th_pre_req_pre"": ""0"", ""buy_7th_pre_bid"": ""-22150"", ""buy_7th_pre_req"": ""1077"", ""buy_7th_pre_req_pre"": ""0"", ""buy_8th_pre_bid"": ""-22100"", ""buy_8th_pre_req"": ""2238"", ""buy_8th_pre_req_pre"": ""0"", ""buy_9th_pre_bid"": ""-22050"", ""buy_9th_pre_req"": ""2672"", ""buy_9th_pre_req_pre"": ""0"", ""buy_10th_pre_bid"": ""-22000"", ""buy_10th_pre_req"": ""1499"", ""buy_10th_pre_req_pre"": ""0"", ""tot_sel_req_jub_pre"": ""0"", ""tot_sel_req"": ""13181"", ""tot_buy_req"": ""11302"", ""tot_buy_req_jub_pre"": ""--1"", ""ovt_sel_req_pre"": ""0"", ""ovt_sel_req"": ""0"", ""ovt_buy_req"": ""0"", ""ovt_buy_req_pre"": ""0"", ""return_code"": 0, ""return_msg"": ""정상적으로 처리되었습니다""}"
2026-06-10,watchlist,062040,,0,filtered_candidate_recheck,228000,,228000,227500,228000,227500,-0.43859649122807015,0.21929824561403508,,,,,,"{""bid_req_base_tm"": ""103717"", ""sel_10th_pre_req_pre"": ""0"", ""sel_10th_pre_req"": ""604"", ""sel_10th_pre_bid"": ""+232500"", ""sel_9th_pre_req_pre"": ""0"", ""sel_9th_pre_req"": ""465"", ""sel_9th_pre_bid"": ""+232000"", ""sel_8th_pre_req_pre"": ""0"", ""sel_8th_pre_req"": ""1036"", ""sel_8th_pre_bid"": ""+231500"", ""sel_7th_pre_req_pre"": ""0"", ""sel_7th_pre_req"": ""289"", ""sel_7th_pre_bid"": ""+231000"", ""sel_6th_pre_req_pre"": ""0"", ""sel_6th_pre_req"": ""148"", ""sel_6th_pre_bid"": ""+230500"", ""sel_5th_pre_req_pre"": ""0"", ""sel_5th_pre_req"": ""128"", ""sel_5th_pre_bid"": ""+230000"", ""sel_4th_pre_req_pre"": ""0"", ""sel_4th_pre_req"": ""48"", ""sel_4th_pre_bid"": ""+229500"", ""sel_3th_pre_req_pre"": ""--28"", ""sel_3th_pre_req"": ""20"", ""sel_3th_pre_bid"": ""+229000"", ""sel_2th_pre_req_pre"": ""0"", ""sel_2th_pre_req"": ""263"", ""sel_2th_pre_bid"": ""+228500"", ""sel_1th_pre_req_pre"": ""0"", ""sel_fpr_req"": ""100"", ""sel_fpr_bid"": ""+228000"", ""buy_fpr_bid"": ""+227500"", ""buy_fpr_req"": ""258"", ""buy_1th_pre_req_pre"": ""0"", ""buy_2th_pre_bid"": ""+227000"", ""buy_2th_pre_req"": ""238"", ""buy_2th_pre_req_pre"": ""0"", ""buy_3th_pre_bid"": ""+226500"", ""buy_3th_pre_req"": ""262"", ""buy_3th_pre_req_pre"": ""0"", ""buy_4th_pre_bid"": ""+226000"", ""buy_4th_pre_req"": ""308"", ""buy_4th_pre_req_pre"": ""0"", ""buy_5th_pre_bid"": ""+225500"", ""buy_5th_pre_req"": ""509"", ""buy_5th_pre_req_pre"": ""0"", ""buy_6th_pre_bid"": ""225000"", ""buy_6th_pre_req"": ""722"", ""buy_6th_pre_req_pre"": ""0"", ""buy_7th_pre_bid"": ""-224500"", ""buy_7th_pre_req"": ""71"", ""buy_7th_pre_req_pre"": ""0"", ""buy_8th_pre_bid"": ""-224000"", ""buy_8th_pre_req"": ""195"", ""buy_8th_pre_req_pre"": ""0"", ""buy_9th_pre_bid"": ""-223500"", ""buy_9th_pre_req"": ""95"", ""buy_9th_pre_req_pre"": ""0"", ""buy_10th_pre_bid"": ""-223000"", ""buy_10th_pre_req"": ""285"", ""buy_10th_pre_req_pre"": ""0"", ""tot_sel_req_jub_pre"": ""--28"", ""tot_sel_req"": ""3101"", ""tot_buy_req"": ""2943"", ""tot_buy_req_jub_pre"": ""0"", ""ovt_sel_req_pre"": ""0"", ""ovt_sel_req"": ""0"", ""ovt_buy_req"": ""0"", ""ovt_buy_req_pre"": ""0"", ""return_code"": 0, ""return_msg"": ""정상적으로 처리되었습니다""}"
2026-06-10,watchlist,036460,,0,filtered_candidate_recheck,34650,,34650,34600,34650,34450,-0.7215007215007215,0.1443001443001443,,,,,,"{""bid_req_base_tm"": ""103718"", ""sel_10th_pre_req_pre"": ""0"", ""sel_10th_pre_req"": ""705"", ""sel_10th_pre_bid"": ""+35100"", ""sel_9th_pre_req_pre"": ""0"", ""sel_9th_pre_req"": ""94"", ""sel_9th_pre_bid"": ""+35050"", ""sel_8th_pre_req_pre"": ""--10"", ""sel_8th_pre_req"": ""4268"", ""sel_8th_pre_bid"": ""+35000"", ""sel_7th_pre_req_pre"": ""0"", ""sel_7th_pre_req"": ""307"", ""sel_7th_pre_bid"": ""+34950"", ""sel_6th_pre_req_pre"": ""0"", ""sel_6th_pre_req"": ""548"", ""sel_6th_pre_bid"": ""+34900"", ""sel_5th_pre_req_pre"": ""0"", ""sel_5th_pre_req"": ""530"", ""sel_5th_pre_bid"": ""+34850"", ""sel_4th_pre_req_pre"": ""0"", ""sel_4th_pre_req"": ""158"", ""sel_4th_pre_bid"": ""+34800"", ""sel_3th_pre_req_pre"": ""0"", ""sel_3th_pre_req"": ""576"", ""sel_3th_pre_bid"": ""+34750"", ""sel_2th_pre_req_pre"": ""0"", ""sel_2th_pre_req"": ""602"", ""sel_2th_pre_bid"": ""+34700"", ""sel_1th_pre_req_pre"": ""0"", ""sel_fpr_req"": ""1111"", ""sel_fpr_bid"": ""+34650"", ""buy_fpr_bid"": ""+34600"", ""buy_fpr_req"": ""552"", ""buy_1th_pre_req_pre"": ""0"", ""buy_2th_pre_bid"": ""+34550"", ""buy_2th_pre_req"": ""300"", ""buy_2th_pre_req_pre"": ""0"", ""buy_3th_pre_bid"": ""+34500"", ""buy_3th_pre_req"": ""43"", ""buy_3th_pre_req_pre"": ""0"", ""buy_4th_pre_bid"": ""+34450"", ""buy_4th_pre_req"": ""20"", ""buy_4th_pre_req_pre"": ""0"", ""buy_5th_pre_bid"": ""+34400"", ""buy_5th_pre_req"": ""158"", ""buy_5th_pre_req_pre"": ""0"", ""buy_6th_pre_bid"": ""+34350"", ""buy_6th_pre_req"": ""20"", ""buy_6th_pre_req_pre"": ""0"", ""buy_7th_pre_bid"": ""+34300"", ""buy_7th_pre_req"": ""23"", ""buy_7th_pre_req_pre"": ""0"", ""buy_8th_pre_bid"": ""+34250"", ""buy_8th_pre_req"": ""238"", ""buy_8th_pre_req_pre"": ""0"", ""buy_9th_pre_bid"": ""+34200"", ""buy_9th_pre_req"": ""623"", ""buy_9th_pre_req_pre"": ""0"", ""buy_10th_pre_bid"": ""+34150"", ""buy_10th_pre_req"": ""351"", ""buy_10th_pre_req_pre"": ""0"", ""tot_sel_req_jub_pre"": ""--10"", ""tot_sel_req"": ""8899"", ""tot_buy_req"": ""2328"", ""tot_buy_req_jub_pre"": ""0"", ""ovt_sel_req_pre"": ""0"", ""ovt_sel_req"": ""0"", ""ovt_buy_req"": ""0"", ""ovt_buy_req_pre"": ""0"", ""return_code"": 0, ""return_msg"": ""정상적으로 처리되었습니다""}"
2026-06-10,watchlist,066575,,0,filtered_candidate_recheck,79100,,79100,79000,79100,79000,-0.2528445006321113,0.12642225031605564,,,,,,"{""bid_req_base_tm"": ""103717"", ""sel_10th_pre_req_pre"": ""0"", ""sel_10th_pre_req"": ""974"", ""sel_10th_pre_bid"": ""-80000"", ""sel_9th_pre_req_pre"": ""0"", ""sel_9th_pre_req"": ""250"", ""sel_9th_pre_bid"": ""-79900"", ""sel_8th_pre_req_pre"": ""0"", ""sel_8th_pre_req"": ""139"", ""sel_8th_pre_bid"": ""-79800"", ""sel_7th_pre_req_pre"": ""0"", ""sel_7th_pre_req"": ""61"", ""sel_7th_pre_bid"": ""-79700"", ""sel_6th_pre_req_pre"": ""0"", ""sel_6th_pre_req"": ""76"", ""sel_6th_pre_bid"": ""-79600"", ""sel_5th_pre_req_pre"": ""0"", ""sel_5th_pre_req"": ""63"", ""sel_5th_pre_bid"": ""-79500"", ""sel_4th_pre_req_pre"": ""0"", ""sel_4th_pre_req"": ""17"", ""sel_4th_pre_bid"": ""-79400"", ""sel_3th_pre_req_pre"": ""0"", ""sel_3th_pre_req"": ""112"", ""sel_3th_pre_bid"": ""-79300"", ""sel_2th_pre_req_pre"": ""0"", ""sel_2th_pre_req"": ""333"", ""sel_2th_pre_bid"": ""-79200"", ""sel_1th_pre_req_pre"": ""0"", ""sel_fpr_req"": ""36"", ""sel_fpr_bid"": ""-79100"", ""buy_fpr_bid"": ""-79000"", ""buy_fpr_req"": ""19"", ""buy_1th_pre_req_pre"": ""0"", ""buy_2th_pre_bid"": ""-78900"", ""buy_2th_pre_req"": ""52"", ""buy_2th_pre_req_pre"": ""+2"", ""buy_3th_pre_bid"": ""-78800"", ""buy_3th_pre_req"": ""270"", ""buy_3th_pre_req_pre"": ""0"", ""buy_4th_pre_bid"": ""-78700"", ""buy_4th_pre_req"": ""206"", ""buy_4th_pre_req_pre"": ""0"", ""buy_5th_pre_bid"": ""-78600"", ""buy_5th_pre_req"": ""252"", ""buy_5th_pre_req_pre"": ""0"", ""buy_6th_pre_bid"": ""-78500"", ""buy_6th_pre_req"": ""300"", ""buy_6th_pre_req_pre"": ""0"", ""buy_7th_pre_bid"": ""-78400"", ""buy_7th_pre_req"": ""17"", ""buy_7th_pre_req_pre"": ""0"", ""buy_8th_pre_bid"": ""-78300"", ""buy_8th_pre_req"": ""108"", ""buy_8th_pre_req_pre"": ""0"", ""buy_9th_pre_bid"": ""-78200"", ""buy_9th_pre_req"": ""144"", ""buy_9th_pre_req_pre"": ""0"", ""buy_10th_pre_bid"": ""-78100"", ""buy_10th_pre_req"": ""161"", ""buy_10th_pre_req_pre"": ""0"", ""tot_sel_req_jub_pre"": ""0"", ""tot_sel_req"": ""2061"", ""tot_buy_req"": ""1529"", ""tot_buy_req_jub_pre"": ""+2"", ""ovt_sel_req_pre"": ""0"", ""ovt_sel_req"": ""0"", ""ovt_buy_req"": ""0"", ""ovt_buy_req_pre"": ""0"", ""return_code"": 0, ""return_msg"": ""정상적으로 처리되었습니다""}"
2026-06-10,watchlist,000810,,0,filtered_candidate_recheck,619000,,619000,618000,619000,614000,-0.9693053311793215,0.16155088852988692,,,,,,"{""bid_req_base_tm"": ""103718"", ""sel_10th_pre_req_pre"": ""0"", ""sel_10th_pre_req"": ""43"", ""sel_10th_pre_bid"": ""-628000"", ""sel_9th_pre_req_pre"": ""0"", ""sel_9th_pre_req"": ""15"", ""sel_9th_pre_bid"": ""-627000"", ""sel_8th_pre_req_pre"": ""0"", ""sel_8th_pre_req"": ""23"", ""sel_8th_pre_bid"": ""-626000"", ""sel_7th_pre_req_pre"": ""0"", ""sel_7th_pre_req"": ""108"", ""sel_7th_pre_bid"": ""-625000"", ""sel_6th_pre_req_pre"": ""0"", ""sel_6th_pre_req"": ""11"", ""sel_6th_pre_bid"": ""-624000"", ""sel_5th_pre_req_pre"": ""0"", ""sel_5th_pre_req"": ""315"", ""sel_5th_pre_bid"": ""-623000"", ""sel_4th_pre_req_pre"": ""0"", ""sel_4th_pre_req"": ""145"", ""sel_4th_pre_bid"": ""-622000"", ""sel_3th_pre_req_pre"": ""--2"", ""sel_3th_pre_req"": ""191"", ""sel_3th_pre_bid"": ""-621000"", ""sel_2th_pre_req_pre"": ""0"", ""sel_2th_pre_req"": ""341"", ""sel_2th_pre_bid"": ""-620000"", ""sel_1th_pre_req_pre"": ""+40"", ""sel_fpr_req"": ""338"", ""sel_fpr_bid"": ""-619000"", ""buy_fpr_bid"": ""-618000"", ""buy_fpr_req"": ""94"", ""buy_1th_pre_req_pre"": ""0"", ""buy_2th_pre_bid"": ""-617000"", ""buy_2th_pre_req"": ""49"", ""buy_2th_pre_req_pre"": ""0"", ""buy_3th_pre_bid"": ""-616000"", ""buy_3th_pre_req"": ""36"", ""buy_3th_pre_req_pre"": ""0"", ""buy_4th_pre_bid"": ""-615000"", ""buy_4th_pre_req"": ""29"", ""buy_4th_pre_req_pre"": ""0"", ""buy_5th_pre_bid"": ""-614000"", ""buy_5th_pre_req"": ""52"", ""buy_5th_pre_req_pre"": ""0"", ""buy_6th_pre_bid"": ""-613000"", ""buy_6th_pre_req"": ""21"", ""buy_6th_pre_req_pre"": ""0"", ""buy_7th_pre_bid"": ""-612000"", ""buy_7th_pre_req"": ""11"", ""buy_7th_pre_req_pre"": ""0"", ""buy_8th_pre_bid"": ""-611000"", ""buy_8th_pre_req"": ""18"", ""buy_8th_pre_req_pre"": ""0"", ""buy_9th_pre_bid"": ""-610000"", ""buy_9th_pre_req"": ""67"", ""buy_9th_pre_req_pre"": ""0"", ""buy_10th_pre_bid"": ""-609000"", ""buy_10th_pre_req"": ""13"", ""buy_10th_pre_req_pre"": ""0"", ""tot_sel_req_jub_pre"": ""+38"", ""tot_sel_req"": ""1530"", ""tot_buy_req"": ""390"", ""tot_buy_req_jub_pre"": ""0"", ""ovt_sel_req_pre"": ""0"", ""ovt_sel_req"": ""0"", ""ovt_buy_req"": ""0"", ""ovt_buy_req_pre"": ""0"", ""return_code"": 0, ""return_msg"": ""정상적으로 처리되었습니다""}"
2026-06-10,watchlist,005930,,0,filtered_candidate_recheck,308000,,308000,307500,308000,309000,0.16233766233766234,0.16233766233766234,,,,,,"{""bid_req_base_tm"": ""103718"", ""sel_10th_pre_req_pre"": ""0"", ""sel_10th_pre_req"": ""16107"", ""sel_10th_pre_bid"": ""-312500"", ""sel_9th_pre_req_pre"": ""0"", ""sel_9th_pre_req"": ""35292"", ""sel_9th_pre_bid"": ""-312000"", ""sel_8th_pre_req_pre"": ""0"", ""sel_8th_pre_req"": ""12659"", ""sel_8th_pre_bid"": ""-311500"", ""sel_7th_pre_req_pre"": ""0"", ""sel_7th_pre_req"": ""15866"", ""sel_7th_pre_bid"": ""-311000"", ""sel_6th_pre_req_pre"": ""0"", ""sel_6th_pre_req"": ""17844"", ""sel_6th_pre_bid"": ""-310500"", ""sel_5th_pre_req_pre"": ""0"", ""sel_5th_pre_req"": ""15802"", ""sel_5th_pre_bid"": ""-310000"", ""sel_4th_pre_req_pre"": ""0"", ""sel_4th_pre_req"": ""9122"", ""sel_4th_pre_bid"": ""-309500"", ""sel_3th_pre_req_pre"": ""0"", ""sel_3th_pre_req"": ""6544"", ""sel_3th_pre_bid"": ""-309000"", ""sel_2th_pre_req_pre"": ""0"", ""sel_2th_pre_req"": ""51330"", ""sel_2th_pre_bid"": ""-308500"", ""sel_1th_pre_req_pre"": ""+10"", ""sel_fpr_req"": ""21303"", ""sel_fpr_bid"": ""-308000"", ""buy_fpr_bid"": ""-307500"", ""buy_fpr_req"": ""13269"", ""buy_1th_pre_req_pre"": ""0"", ""buy_2th_pre_bid"": ""-307000"", ""buy_2th_pre_req"": ""22111"", ""buy_2th_pre_req_pre"": ""+1700"", ""buy_3th_pre_bid"": ""-306500"", ""buy_3th_pre_req"": ""21923"", ""buy_3th_pre_req_pre"": ""+300"", ""buy_4th_pre_bid"": ""-306000"", ""buy_4th_pre_req"": ""87446"", ""buy_4th_pre_req_pre"": ""--2000"", ""buy_5th_pre_bid"": ""-305500"", ""buy_5th_pre_req"": ""94450"", ""buy_5th_pre_req_pre"": ""0"", ""buy_6th_pre_bid"": ""-305000"", ""buy_6th_pre_req"": ""219003"", ""buy_6th_pre_req_pre"": ""--1"", ""buy_7th_pre_bid"": ""-304500"", ""buy_7th_pre_req"": ""30689"", ""buy_7th_pre_req_pre"": ""+2"", ""buy_8th_pre_bid"": ""-304000"", ""buy_8th_pre_req"": ""46573"", ""buy_8th_pre_req_pre"": ""0"", ""buy_9th_pre_bid"": ""-303500"", ""buy_9th_pre_req"": ""40160"", ""buy_9th_pre_req_pre"": ""0"", ""buy_10th_pre_bid"": ""-303000"", ""buy_10th_pre_req"": ""78601"", ""buy_10th_pre_req_pre"": ""0"", ""tot_sel_req_jub_pre"": ""+10"", ""tot_sel_req"": ""201869"", ""tot_buy_req"": ""654225"", ""tot_buy_req_jub_pre"": ""+1"", ""ovt_sel_req_pre"": ""0"", ""ovt_sel_req"": ""0"", ""ovt_buy_req"": ""0"", ""ovt_buy_req_pre"": ""0"", ""return_code"": 0, ""return_msg"": ""정상적으로 처리되었습니다""}"
2026-06-10,watchlist,000370,,0,filtered_candidate_recheck,6550,,6550,6540,6550,6510,-0.7633587786259541,0.15267175572519084,,,,,,"{""bid_req_base_tm"": ""103716"", ""sel_10th_pre_req_pre"": ""0"", ""sel_10th_pre_req"": ""12"", ""sel_10th_pre_bid"": ""+6640"", ""sel_9th_pre_req_pre"": ""0"", ""sel_9th_pre_req"": ""1041"", ""sel_9th_pre_bid"": ""+6630"", ""sel_8th_pre_req_pre"": ""0"", ""sel_8th_pre_req"": ""940"", ""sel_8th_pre_bid"": ""+6620"", ""sel_7th_pre_req_pre"": ""0"", ""sel_7th_pre_req"": ""1003"", ""sel_7th_pre_bid"": ""+6610"", ""sel_6th_pre_req_pre"": ""0"", ""sel_6th_pre_req"": ""5232"", ""sel_6th_pre_bid"": ""+6600"", ""sel_5th_pre_req_pre"": ""0"", ""sel_5th_pre_req"": ""600"", ""sel_5th_pre_bid"": ""+6590"", ""sel_4th_pre_req_pre"": ""0"", ""sel_4th_pre_req"": ""1070"", ""sel_4th_pre_bid"": ""+6580"", ""sel_3th_pre_req_pre"": ""0"", ""sel_3th_pre_req"": ""751"", ""sel_3th_pre_bid"": ""+6570"", ""sel_2th_pre_req_pre"": ""0"", ""sel_2th_pre_req"": ""560"", ""sel_2th_pre_bid"": ""+6560"", ""sel_1th_pre_req_pre"": ""0"", ""sel_fpr_req"": ""1833"", ""sel_fpr_bid"": ""+6550"", ""buy_fpr_bid"": ""+6540"", ""buy_fpr_req"": ""30"", ""buy_1th_pre_req_pre"": ""0"", ""buy_2th_pre_bid"": ""+6530"", ""buy_2th_pre_req"": ""522"", ""buy_2th_pre_req_pre"": ""0"", ""buy_3th_pre_bid"": ""+6520"", ""buy_3th_pre_req"": ""511"", ""buy_3th_pre_req_pre"": ""0"", ""buy_4th_pre_bid"": ""+6510"", ""buy_4th_pre_req"": ""557"", ""buy_4th_pre_req_pre"": ""+10"", ""buy_5th_pre_bid"": ""+6500"", ""buy_5th_pre_req"": ""1235"", ""buy_5th_pre_req_pre"": ""0"", ""buy_6th_pre_bid"": ""+6490"", ""buy_6th_pre_req"": ""249"", ""buy_6th_pre_req_pre"": ""0"", ""buy_7th_pre_bid"": ""+6480"", ""buy_7th_pre_req"": ""213"", ""buy_7th_pre_req_pre"": ""0"", ""buy_8th_pre_bid"": ""+6470"", ""buy_8th_pre_req"": ""18"", ""buy_8th_pre_req_pre"": ""0"", ""buy_9th_pre_bid"": ""+6460"", ""buy_9th_pre_req"": ""8"", ""buy_9th_pre_req_pre"": ""0"", ""buy_10th_pre_bid"": ""6450"", ""buy_10th_pre_req"": ""440"", ""buy_10th_pre_req_pre"": ""0"", ""tot_sel_req_jub_pre"": ""0"", ""tot_sel_req"": ""13042"", ""tot_buy_req"": ""3783"", ""tot_buy_req_jub_pre"": ""+10"", ""ovt_sel_req_pre"": ""0"", ""ovt_sel_req"": ""0"", ""ovt_buy_req"": ""0"", ""ovt_buy_req_pre"": ""0"", ""return_code"": 0, ""return_msg"": ""정상적으로 처리되었습니다""}"
2026-06-10,watchlist,064400,,0,filtered_candidate_recheck,96400,,96400,96300,96400,96700,0.2074688796680498,0.1037344398340249,,,,,,"{""bid_req_base_tm"": ""103718"", ""sel_10th_pre_req_pre"": ""0"", ""sel_10th_pre_req"": ""321"", ""sel_10th_pre_bid"": ""-97300"", ""sel_9th_pre_req_pre"": ""0"", ""sel_9th_pre_req"": ""406"", ""sel_9th_pre_bid"": ""-97200"", ""sel_8th_pre_req_pre"": ""0"", ""sel_8th_pre_req"": ""102"", ""sel_8th_pre_bid"": ""-97100"", ""sel_7th_pre_req_pre"": ""0"", ""sel_7th_pre_req"": ""873"", ""sel_7th_pre_bid"": ""-97000"", ""sel_6th_pre_req_pre"": ""0"", ""sel_6th_pre_req"": ""412"", ""sel_6th_pre_bid"": ""-96900"", ""sel_5th_pre_req_pre"": ""0"", ""sel_5th_pre_req"": ""156"", ""sel_5th_pre_bid"": ""-96800"", ""sel_4th_pre_req_pre"": ""0"", ""sel_4th_pre_req"": ""347"", ""sel_4th_pre_bid"": ""-96700"", ""sel_3th_pre_req_pre"": ""0"", ""sel_3th_pre_req"": ""150"", ""sel_3th_pre_bid"": ""-96600"", ""sel_2th_pre_req_pre"": ""0"", ""sel_2th_pre_req"": ""411"", ""sel_2th_pre_bid"": ""-96500"", ""sel_1th_pre_req_pre"": ""0"", ""sel_fpr_req"": ""70"", ""sel_fpr_bid"": ""-96400"", ""buy_fpr_bid"": ""-96300"", ""buy_fpr_req"": ""998"", ""buy_1th_pre_req_pre"": ""--74"", ""buy_2th_pre_bid"": ""-96200"", ""buy_2th_pre_req"": ""1372"", ""buy_2th_pre_req_pre"": ""0"", ""buy_3th_pre_bid"": ""-96100"", ""buy_3th_pre_req"": ""1446"", ""buy_3th_pre_req_pre"": ""0"", ""buy_4th_pre_bid"": ""-96000"", ""buy_4th_pre_req"": ""2527"", ""buy_4th_pre_req_pre"": ""0"", ""buy_5th_pre_bid"": ""-95900"", ""buy_5th_pre_req"": ""1359"", ""buy_5th_pre_req_pre"": ""0"", ""buy_6th_pre_bid"": ""-95800"", ""buy_6th_pre_req"": ""1354"", ""buy_6th_pre_req_pre"": ""0"", ""buy_7th_pre_bid"": ""-95700"", ""buy_7th_pre_req"": ""1110"", ""buy_7th_pre_req_pre"": ""0"", ""buy_8th_pre_bid"": ""-95600"", ""buy_8th_pre_req"": ""1264"", ""buy_8th_pre_req_pre"": ""0"", ""buy_9th_pre_bid"": ""-95500"", ""buy_9th_pre_req"": ""1422"", ""buy_9th_pre_req_pre"": ""0"", ""buy_10th_pre_bid"": ""-95400"", ""buy_10th_pre_req"": ""1363"", ""buy_10th_pre_req_pre"": ""0"", ""tot_sel_req_jub_pre"": ""0"", ""tot_sel_req"": ""3248"", ""tot_buy_req"": ""14215"", ""tot_buy_req_jub_pre"": ""--74"", ""ovt_sel_req_pre"": ""0"", ""ovt_sel_req"": ""0"", ""ovt_buy_req"": ""0"", ""ovt_buy_req_pre"": ""0"", ""return_code"": 0, ""return_msg"": ""정상적으로 처리되었습니다""}"
2026-06-10,watchlist,009420,,0,filtered_candidate_recheck,50500,,50500,50400,50500,50500,-0.19801980198019803,0.19801980198019803,,,,,,"{""bid_req_base_tm"": ""103718"", ""sel_10th_pre_req_pre"": ""0"", ""sel_10th_pre_req"": ""13"", ""sel_10th_pre_bid"": ""-51400"", ""sel_9th_pre_req_pre"": ""0"", ""sel_9th_pre_req"": ""460"", ""sel_9th_pre_bid"": ""-51300"", ""sel_8th_pre_req_pre"": ""0"", ""sel_8th_pre_req"": ""641"", ""sel_8th_pre_bid"": ""-51200"", ""sel_7th_pre_req_pre"": ""0"", ""sel_7th_pre_req"": ""76"", ""sel_7th_pre_bid"": ""-51100"", ""sel_6th_pre_req_pre"": ""0"", ""sel_6th_pre_req"": ""160"", ""sel_6th_pre_bid"": ""-51000"", ""sel_5th_pre_req_pre"": ""0"", ""sel_5th_pre_req"": ""199"", ""sel_5th_pre_bid"": ""-50900"", ""sel_4th_pre_req_pre"": ""0"", ""sel_4th_pre_req"": ""38"", ""sel_4th_pre_bid"": ""-50800"", ""sel_3th_pre_req_pre"": ""0"", ""sel_3th_pre_req"": ""290"", ""sel_3th_pre_bid"": ""-50700"", ""sel_2th_pre_req_pre"": ""0"", ""sel_2th_pre_req"": ""255"", ""sel_2th_pre_bid"": ""-50600"", ""sel_1th_pre_req_pre"": ""0"", ""sel_fpr_req"": ""366"", ""sel_fpr_bid"": ""-50500"", ""buy_fpr_bid"": ""-50400"", ""buy_fpr_req"": ""197"", ""buy_1th_pre_req_pre"": ""0"", ""buy_2th_pre_bid"": ""-50300"", ""buy_2th_pre_req"": ""196"", ""buy_2th_pre_req_pre"": ""0"", ""buy_3th_pre_bid"": ""-50200"", ""buy_3th_pre_req"": ""10"", ""buy_3th_pre_req_pre"": ""0"", ""buy_4th_pre_bid"": ""-50100"", ""buy_4th_pre_req"": ""79"", ""buy_4th_pre_req_pre"": ""0"", ""buy_5th_pre_bid"": ""-50000"", ""buy_5th_pre_req"": ""186"", ""buy_5th_pre_req_pre"": ""+5"", ""buy_6th_pre_bid"": ""-49950"", ""buy_6th_pre_req"": ""361"", ""buy_6th_pre_req_pre"": ""0"", ""buy_7th_pre_bid"": ""-49900"", ""buy_7th_pre_req"": ""373"", ""buy_7th_pre_req_pre"": ""0"", ""buy_8th_pre_bid"": ""-49850"", ""buy_8th_pre_req"": ""372"", ""buy_8th_pre_req_pre"": ""0"", ""buy_9th_pre_bid"": ""-49800"", ""buy_9th_pre_req"": ""538"", ""buy_9th_pre_req_pre"": ""0"", ""buy_10th_pre_bid"": ""-49750"", ""buy_10th_pre_req"": ""894"", ""buy_10th_pre_req_pre"": ""0"", ""tot_sel_req_jub_pre"": ""0"", ""tot_sel_req"": ""2498"", ""tot_buy_req"": ""3206"", ""tot_buy_req_jub_pre"": ""+5"", ""ovt_sel_req_pre"": ""0"", ""ovt_sel_req"": ""0"", ""ovt_buy_req"": ""0"", ""ovt_buy_req_pre"": ""0"", ""return_code"": 0, ""return_msg"": ""정상적으로 처리되었습니다""}"
2026-06-10,watchlist,383220,,0,filtered_candidate_recheck,75400,,75400,75100,75400,75100,-0.5305039787798408,0.3978779840848806,,,,,,"{""bid_req_base_tm"": ""103718"", ""sel_10th_pre_req_pre"": ""0"", ""sel_10th_pre_req"": ""2"", ""sel_10th_pre_bid"": ""+76400"", ""sel_9th_pre_req_pre"": ""0"", ""sel_9th_pre_req"": ""100"", ""sel_9th_pre_bid"": ""+76300"", ""sel_8th_pre_req_pre"": ""0"", ""sel_8th_pre_req"": ""5"", ""sel_8th_pre_bid"": ""+76200"", ""sel_7th_pre_req_pre"": ""0"", ""sel_7th_pre_req"": ""122"", ""sel_7th_pre_bid"": ""+76000"", ""sel_6th_pre_req_pre"": ""0"", ""sel_6th_pre_req"": ""121"", ""sel_6th_pre_bid"": ""+75900"", ""sel_5th_pre_req_pre"": ""0"", ""sel_5th_pre_req"": ""14"", ""sel_5th_pre_bid"": ""+75800"", ""sel_4th_pre_req_pre"": ""0"", ""sel_4th_pre_req"": ""14"", ""sel_4th_pre_bid"": ""+75700"", ""sel_3th_pre_req_pre"": ""0"", ""sel_3th_pre_req"": ""16"", ""sel_3th_pre_bid"": ""+75600"", ""sel_2th_pre_req_pre"": ""0"", ""sel_2th_pre_req"": ""52"", ""sel_2th_pre_bid"": ""+75500"", ""sel_1th_pre_req_pre"": ""0"", ""sel_fpr_req"": ""89"", ""sel_fpr_bid"": ""+75400"", ""buy_fpr_bid"": ""+75100"", ""buy_fpr_req"": ""23"", ""buy_1th_pre_req_pre"": ""0"", ""buy_2th_pre_bid"": ""+75000"", ""buy_2th_pre_req"": ""76"", ""buy_2th_pre_req_pre"": ""0"", ""buy_3th_pre_bid"": ""+74900"", ""buy_3th_pre_req"": ""21"", ""buy_3th_pre_req_pre"": ""0"", ""buy_4th_pre_bid"": ""+74800"", ""buy_4th_pre_req"": ""100"", ""buy_4th_pre_req_pre"": ""0"", ""buy_5th_pre_bid"": ""+74700"", ""buy_5th_pre_req"": ""9"", ""buy_5th_pre_req_pre"": ""0"", ""buy_6th_pre_bid"": ""74600"", ""buy_6th_pre_req"": ""19"", ""buy_6th_pre_req_pre"": ""0"", ""buy_7th_pre_bid"": ""-74500"", ""buy_7th_pre_req"": ""27"", ""buy_7th_pre_req_pre"": ""0"", ""buy_8th_pre_bid"": ""-74400"", ""buy_8th_pre_req"": ""40"", ""buy_8th_pre_req_pre"": ""0"", ""buy_9th_pre_bid"": ""-74300"", ""buy_9th_pre_req"": ""10"", ""buy_9th_pre_req_pre"": ""0"", ""buy_10th_pre_bid"": ""-74200"", ""buy_10th_pre_req"": ""5"", ""buy_10th_pre_req_pre"": ""0"", ""tot_sel_req_jub_pre"": ""0"", ""tot_sel_req"": ""535"", ""tot_buy_req"": ""330"", ""tot_buy_req_jub_pre"": ""--1"", ""ovt_sel_req_pre"": ""0"", ""ovt_sel_req"": ""0"", ""ovt_buy_req"": ""0"", ""ovt_buy_req_pre"": ""0"", ""return_code"": 0, ""return_msg"": ""정상적으로 처리되었습니다""}"
2026-06-10,watchlist,004170,,0,filtered_candidate_recheck,673000,,673000,672000,673000,674000,0.0,0.1485884101040119,,,,,,"{""bid_req_base_tm"": ""103718"", ""sel_10th_pre_req_pre"": ""0"", ""sel_10th_pre_req"": ""6"", ""sel_10th_pre_bid"": ""+682000"", ""sel_9th_pre_req_pre"": ""0"", ""sel_9th_pre_req"": ""14"", ""sel_9th_pre_bid"": ""+681000"", ""sel_8th_pre_req_pre"": ""0"", ""sel_8th_pre_req"": ""140"", ""sel_8th_pre_bid"": ""+680000"", ""sel_7th_pre_req_pre"": ""0"", ""sel_7th_pre_req"": ""33"", ""sel_7th_pre_bid"": ""+679000"", ""sel_6th_pre_req_pre"": ""0"", ""sel_6th_pre_req"": ""60"", ""sel_6th_pre_bid"": ""+678000"", ""sel_5th_pre_req_pre"": ""0"", ""sel_5th_pre_req"": ""4"", ""sel_5th_pre_bid"": ""+677000"", ""sel_4th_pre_req_pre"": ""0"", ""sel_4th_pre_req"": ""7"", ""sel_4th_pre_bid"": ""+676000"", ""sel_3th_pre_req_pre"": ""0"", ""sel_3th_pre_req"": ""56"", ""sel_3th_pre_bid"": ""+675000"", ""sel_2th_pre_req_pre"": ""0"", ""sel_2th_pre_req"": ""86"", ""sel_2th_pre_bid"": ""+674000"", ""sel_1th_pre_req_pre"": ""0"", ""sel_fpr_req"": ""12"", ""sel_fpr_bid"": ""+673000"", ""buy_fpr_bid"": ""+672000"", ""buy_fpr_req"": ""34"", ""buy_1th_pre_req_pre"": ""0"", ""buy_2th_pre_bid"": ""+670000"", ""buy_2th_pre_req"": ""8"", ""buy_2th_pre_req_pre"": ""0"", ""buy_3th_pre_bid"": ""+669000"", ""buy_3th_pre_req"": ""48"", ""buy_3th_pre_req_pre"": ""0"", ""buy_4th_pre_bid"": ""+668000"", ""buy_4th_pre_req"": ""208"", ""buy_4th_pre_req_pre"": ""0"", ""buy_5th_pre_bid"": ""+667000"", ""buy_5th_pre_req"": ""824"", ""buy_5th_pre_req_pre"": ""0"", ""buy_6th_pre_bid"": ""+666000"", ""buy_6th_pre_req"": ""75"", ""buy_6th_pre_req_pre"": ""0"", ""buy_7th_pre_bid"": ""+665000"", ""buy_7th_pre_req"": ""1196"", ""buy_7th_pre_req_pre"": ""0"", ""buy_8th_pre_bid"": ""+664000"", ""buy_8th_pre_req"": ""21"", ""buy_8th_pre_req_pre"": ""0"", ""buy_9th_pre_bid"": ""+663000"", ""buy_9th_pre_req"": ""92"", ""buy_9th_pre_req_pre"": ""0"", ""buy_10th_pre_bid"": ""+662000"", ""buy_10th_pre_req"": ""47"", ""buy_10th_pre_req_pre"": ""0"", ""tot_sel_req_jub_pre"": ""0"", ""tot_sel_req"": ""418"", ""tot_buy_req"": ""2553"", ""tot_buy_req_jub_pre"": ""0"", ""ovt_sel_req_pre"": ""0"", ""ovt_sel_req"": ""0"", ""ovt_buy_req"": ""0"", ""ovt_buy_req_pre"": ""0"", ""return_code"": 0, ""return_msg"": ""정상적으로 처리되었습니다""}"
2026-06-10,watchlist,018260,,1,filtered_candidate_recheck,233000,,233000,232500,233000,234500,0.4291845493562232,0.2145922746781116,,,,,,"{""bid_req_base_tm"": ""103719"", ""sel_10th_pre_req_pre"": ""0"", ""sel_10th_pre_req"": ""94"", ""sel_10th_pre_bid"": ""-237500"", ""sel_9th_pre_req_pre"": ""0"", ""sel_9th_pre_req"": ""285"", ""sel_9th_pre_bid"": ""-237000"", ""sel_8th_pre_req_pre"": ""0"", ""sel_8th_pre_req"": ""213"", ""sel_8th_pre_bid"": ""-236500"", ""sel_7th_pre_req_pre"": ""0"", ""sel_7th_pre_req"": ""174"", ""sel_7th_pre_bid"": ""-236000"", ""sel_6th_pre_req_pre"": ""0"", ""sel_6th_pre_req"": ""206"", ""sel_6th_pre_bid"": ""-235500"", ""sel_5th_pre_req_pre"": ""0"", ""sel_5th_pre_req"": ""127"", ""sel_5th_pre_bid"": ""-235000"", ""sel_4th_pre_req_pre"": ""0"", ""sel_4th_pre_req"": ""131"", ""sel_4th_pre_bid"": ""-234500"", ""sel_3th_pre_req_pre"": ""0"", ""sel_3th_pre_req"": ""152"", ""sel_3th_pre_bid"": ""-234000"", ""sel_2th_pre_req_pre"": ""0"", ""sel_2th_pre_req"": ""285"", ""sel_2th_pre_bid"": ""-233500"", ""sel_1th_pre_req_pre"": ""0"", ""sel_fpr_req"": ""424"", ""sel_fpr_bid"": ""-233000"", ""buy_fpr_bid"": ""-232500"", ""buy_fpr_req"": ""1"", ""buy_1th_pre_req_pre"": ""0"", ""buy_2th_pre_bid"": ""-232000"", ""buy_2th_pre_req"": ""564"", ""buy_2th_pre_req_pre"": ""0"", ""buy_3th_pre_bid"": ""-231500"", ""buy_3th_pre_req"": ""1668"", ""buy_3th_pre_req_pre"": ""0"", ""buy_4th_pre_bid"": ""-231000"", ""buy_4th_pre_req"": ""2470"", ""buy_4th_pre_req_pre"": ""0"", ""buy_5th_pre_bid"": ""-230500"", ""buy_5th_pre_req"": ""2161"", ""buy_5th_pre_req_pre"": ""0"", ""buy_6th_pre_bid"": ""-230000"", ""buy_6th_pre_req"": ""4257"", ""buy_6th_pre_req_pre"": ""0"", ""buy_7th_pre_bid"": ""-229500"", ""buy_7th_pre_req"": ""762"", ""buy_7th_pre_req_pre"": ""0"", ""buy_8th_pre_bid"": ""-229000"", ""buy_8th_pre_req"": ""1513"", ""buy_8th_pre_req_pre"": ""0"", ""buy_9th_pre_bid"": ""-228500"", ""buy_9th_pre_req"": ""564"", ""buy_9th_pre_req_pre"": ""0"", ""buy_10th_pre_bid"": ""-228000"", ""buy_10th_pre_req"": ""1574"", ""buy_10th_pre_req_pre"": ""0"", ""tot_sel_req_jub_pre"": ""0"", ""tot_sel_req"": ""2091"", ""tot_buy_req"": ""15534"", ""tot_buy_req_jub_pre"": ""--1432"", ""ovt_sel_req_pre"": ""0"", ""ovt_sel_req"": ""0"", ""ovt_buy_req"": ""0"", ""ovt_buy_req_pre"": ""0"", ""return_code"": 0, ""return_msg"": ""정상적으로 처리되었습니다""}"
2026-06-10,watchlist,161390,,0,filtered_candidate_recheck,71400,,71400,71300,71400,71600,0.1400560224089636,0.1400560224089636,,,,,,"{""bid_req_base_tm"": ""103719"", ""sel_10th_pre_req_pre"": ""0"", ""sel_10th_pre_req"": ""34"", ""sel_10th_pre_bid"": ""-72300"", ""sel_9th_pre_req_pre"": ""0"", ""sel_9th_pre_req"": ""19"", ""sel_9th_pre_bid"": ""-72200"", ""sel_8th_pre_req_pre"": ""0"", ""sel_8th_pre_req"": ""31"", ""sel_8th_pre_bid"": ""-72100"", ""sel_7th_pre_req_pre"": ""0"", ""sel_7th_pre_req"": ""151"", ""sel_7th_pre_bid"": ""-72000"", ""sel_6th_pre_req_pre"": ""0"", ""sel_6th_pre_req"": ""326"", ""sel_6th_pre_bid"": ""-71900"", ""sel_5th_pre_req_pre"": ""0"", ""sel_5th_pre_req"": ""130"", ""sel_5th_pre_bid"": ""-71800"", ""sel_4th_pre_req_pre"": ""0"", ""sel_4th_pre_req"": ""172"", ""sel_4th_pre_bid"": ""-71700"", ""sel_3th_pre_req_pre"": ""0"", ""sel_3th_pre_req"": ""154"", ""sel_3th_pre_bid"": ""-71600"", ""sel_2th_pre_req_pre"": ""0"", ""sel_2th_pre_req"": ""164"", ""sel_2th_pre_bid"": ""-71500"", ""sel_1th_pre_req_pre"": ""0"", ""sel_fpr_req"": ""1288"", ""sel_fpr_bid"": ""-71400"", ""buy_fpr_bid"": ""-71300"", ""buy_fpr_req"": ""813"", ""buy_1th_pre_req_pre"": ""0"", ""buy_2th_pre_bid"": ""-71200"", ""buy_2th_pre_req"": ""364"", ""buy_2th_pre_req_pre"": ""0"", ""buy_3th_pre_bid"": ""-71100"", ""buy_3th_pre_req"": ""319"", ""buy_3th_pre_req_pre"": ""0"", ""buy_4th_pre_bid"": ""-71000"", ""buy_4th_pre_req"": ""1093"", ""buy_4th_pre_req_pre"": ""0"", ""buy_5th_pre_bid"": ""-70900"", ""buy_5th_pre_req"": ""2119"", ""buy_5th_pre_req_pre"": ""0"", ""buy_6th_pre_bid"": ""-70800"", ""buy_6th_pre_req"": ""164"", ""buy_6th_pre_req_pre"": ""0"", ""buy_7th_pre_bid"": ""-70700"", ""buy_7th_pre_req"": ""72"", ""buy_7th_pre_req_pre"": ""0"", ""buy_8th_pre_bid"": ""-70600"", ""buy_8th_pre_req"": ""87"", ""buy_8th_pre_req_pre"": ""0"", ""buy_9th_pre_bid"": ""-70500"", ""buy_9th_pre_req"": ""345"", ""buy_9th_pre_req_pre"": ""0"", ""buy_10th_pre_bid"": ""-70400"", ""buy_10th_pre_req"": ""112"", ""buy_10th_pre_req_pre"": ""0"", ""tot_sel_req_jub_pre"": ""0"", ""tot_sel_req"": ""2469"", ""tot_buy_req"": ""5488"", ""tot_buy_req_jub_pre"": ""0"", ""ovt_sel_req_pre"": ""0"", ""ovt_sel_req"": ""0"", ""ovt_buy_req"": ""0"", ""ovt_buy_req_pre"": ""0"", ""return_code"": 0, ""return_msg"": ""정상적으로 처리되었습니다""}"
2026-06-10,watchlist,078930,,0,filtered_candidate_recheck,73800,,73800,73700,73800,74100,0.27100271002710025,0.13550135501355012,,,,,,"{""bid_req_base_tm"": ""103720"", ""sel_10th_pre_req_pre"": ""0"", ""sel_10th_pre_req"": ""237"", ""sel_10th_pre_bid"": ""+74700"", ""sel_9th_pre_req_pre"": ""0"", ""sel_9th_pre_req"": ""104"", ""sel_9th_pre_bid"": ""+74600"", ""sel_8th_pre_req_pre"": ""0"", ""sel_8th_pre_req"": ""75"", ""sel_8th_pre_bid"": ""+74500"", ""sel_7th_pre_req_pre"": ""0"", ""sel_7th_pre_req"": ""96"", ""sel_7th_pre_bid"": ""+74400"", ""sel_6th_pre_req_pre"": ""0"", ""sel_6th_pre_req"": ""2"", ""sel_6th_pre_bid"": ""+74300"", ""sel_5th_pre_req_pre"": ""0"", ""sel_5th_pre_req"": ""92"", ""sel_5th_pre_bid"": ""+74200"", ""sel_4th_pre_req_pre"": ""0"", ""sel_4th_pre_req"": ""27"", ""sel_4th_pre_bid"": ""+74100"", ""sel_3th_pre_req_pre"": ""0"", ""sel_3th_pre_req"": ""159"", ""sel_3th_pre_bid"": ""+74000"", ""sel_2th_pre_req_pre"": ""0"", ""sel_2th_pre_req"": ""127"", ""sel_2th_pre_bid"": ""+73900"", ""sel_1th_pre_req_pre"": ""--1"", ""sel_fpr_req"": ""20"", ""sel_fpr_bid"": ""73800"", ""buy_fpr_bid"": ""-73700"", ""buy_fpr_req"": ""186"", ""buy_1th_pre_req_pre"": ""0"", ""buy_2th_pre_bid"": ""-73600"", ""buy_2th_pre_req"": ""2062"", ""buy_2th_pre_req_pre"": ""0"", ""buy_3th_pre_bid"": ""-73500"", ""buy_3th_pre_req"": ""174"", ""buy_3th_pre_req_pre"": ""0"", ""buy_4th_pre_bid"": ""-73400"", ""buy_4th_pre_req"": ""1"", ""buy_4th_pre_req_pre"": ""0"", ""buy_5th_pre_bid"": ""-73300"", ""buy_5th_pre_req"": ""50"", ""buy_5th_pre_req_pre"": ""0"", ""buy_6th_pre_bid"": ""-73200"", ""buy_6th_pre_req"": ""14"", ""buy_6th_pre_req_pre"": ""0"", ""buy_7th_pre_bid"": ""-73100"", ""buy_7th_pre_req"": ""150"", ""buy_7th_pre_req_pre"": ""0"", ""buy_8th_pre_bid"": ""-73000"", ""buy_8th_pre_req"": ""2"", ""buy_8th_pre_req_pre"": ""0"", ""buy_9th_pre_bid"": ""-72900"", ""buy_9th_pre_req"": ""4"", ""buy_9th_pre_req_pre"": ""0"", ""buy_10th_pre_bid"": ""-72800"", ""buy_10th_pre_req"": ""20"", ""buy_10th_pre_req_pre"": ""0"", ""tot_sel_req_jub_pre"": ""--1"", ""tot_sel_req"": ""939"", ""tot_buy_req"": ""2663"", ""tot_buy_req_jub_pre"": ""0"", ""ovt_sel_req_pre"": ""0"", ""ovt_sel_req"": ""0"", ""ovt_buy_req"": ""0"", ""ovt_buy_req_pre"": ""0"", ""return_code"": 0, ""return_msg"": ""정상적으로 처리되었습니다""}"
2026-06-10,watchlist,462870,,0,filtered_candidate_recheck,31700,,31700,31650,31700,31450,-0.9463722397476341,0.15772870662460567,,,,,,"{""bid_req_base_tm"": ""103720"", ""sel_10th_pre_req_pre"": ""0"", ""sel_10th_pre_req"": ""30"", ""sel_10th_pre_bid"": ""-32150"", ""sel_9th_pre_req_pre"": ""0"", ""sel_9th_pre_req"": ""113"", ""sel_9th_pre_bid"": ""-32100"", ""sel_8th_pre_req_pre"": ""0"", ""sel_8th_pre_req"": ""126"", ""sel_8th_pre_bid"": ""-32050"", ""sel_7th_pre_req_pre"": ""0"", ""sel_7th_pre_req"": ""158"", ""sel_7th_pre_bid"": ""-32000"", ""sel_6th_pre_req_pre"": ""0"", ""sel_6th_pre_req"": ""102"", ""sel_6th_pre_bid"": ""-31950"", ""sel_5th_pre_req_pre"": ""0"", ""sel_5th_pre_req"": ""100"", ""sel_5th_pre_bid"": ""-31900"", ""sel_4th_pre_req_pre"": ""0"", ""sel_4th_pre_req"": ""42"", ""sel_4th_pre_bid"": ""-31850"", ""sel_3th_pre_req_pre"": ""0"", ""sel_3th_pre_req"": ""222"", ""sel_3th_pre_bid"": ""-31800"", ""sel_2th_pre_req_pre"": ""0"", ""sel_2th_pre_req"": ""112"", ""sel_2th_pre_bid"": ""-31750"", ""sel_1th_pre_req_pre"": ""0"", ""sel_fpr_req"": ""2014"", ""sel_fpr_bid"": ""-31700"", ""buy_fpr_bid"": ""-31650"", ""buy_fpr_req"": ""77"", ""buy_1th_pre_req_pre"": ""+2"", ""buy_2th_pre_bid"": ""-31600"", ""buy_2th_pre_req"": ""117"", ""buy_2th_pre_req_pre"": ""0"", ""buy_3th_pre_bid"": ""-31550"", ""buy_3th_pre_req"": ""87"", ""buy_3th_pre_req_pre"": ""0"", ""buy_4th_pre_bid"": ""-31500"", ""buy_4th_pre_req"": ""3"", ""buy_4th_pre_req_pre"": ""0"", ""buy_5th_pre_bid"": ""-31450"", ""buy_5th_pre_req"": ""59"", ""buy_5th_pre_req_pre"": ""0"", ""buy_6th_pre_bid"": ""-31400"", ""buy_6th_pre_req"": ""14"", ""buy_6th_pre_req_pre"": ""0"", ""buy_7th_pre_bid"": ""-31350"", ""buy_7th_pre_req"": ""44"", ""buy_7th_pre_req_pre"": ""0"", ""buy_8th_pre_bid"": ""-31300"", ""buy_8th_pre_req"": ""35"", ""buy_8th_pre_req_pre"": ""0"", ""buy_9th_pre_bid"": ""-31250"", ""buy_9th_pre_req"": ""12"", ""buy_9th_pre_req_pre"": ""0"", ""buy_10th_pre_bid"": ""-31200"", ""buy_10th_pre_req"": ""71"", ""buy_10th_pre_req_pre"": ""0"", ""tot_sel_req_jub_pre"": ""0"", ""tot_sel_req"": ""3019"", ""tot_buy_req"": ""519"", ""tot_buy_req_jub_pre"": ""+2"", ""ovt_sel_req_pre"": ""0"", ""ovt_sel_req"": ""0"", ""ovt_buy_req"": ""0"", ""ovt_buy_req_pre"": ""0"", ""return_code"": 0, ""return_msg"": ""정상적으로 처리되었습니다""}"
2026-06-10,watchlist,055550,,0,filtered_candidate_recheck,99700,,99700,99600,99700,99600,-0.20060180541624875,0.10030090270812438,,,,,,"{""bid_req_base_tm"": ""103720"", ""sel_10th_pre_req_pre"": ""0"", ""sel_10th_pre_req"": ""127"", ""sel_10th_pre_bid"": ""-100600"", ""sel_9th_pre_req_pre"": ""0"", ""sel_9th_pre_req"": ""1483"", ""sel_9th_pre_bid"": ""-100500"", ""sel_8th_pre_req_pre"": ""0"", ""sel_8th_pre_req"": ""1442"", ""sel_8th_pre_bid"": ""-100400"", ""sel_7th_pre_req_pre"": ""0"", ""sel_7th_pre_req"": ""402"", ""sel_7th_pre_bid"": ""-100300"", ""sel_6th_pre_req_pre"": ""--1"", ""sel_6th_pre_req"": ""601"", ""sel_6th_pre_bid"": ""-100200"", ""sel_5th_pre_req_pre"": ""0"", ""sel_5th_pre_req"": ""148"", ""sel_5th_pre_bid"": ""-100100"", ""sel_4th_pre_req_pre"": ""0"", ""sel_4th_pre_req"": ""685"", ""sel_4th_pre_bid"": ""-100000"", ""sel_3th_pre_req_pre"": ""0"", ""sel_3th_pre_req"": ""59"", ""sel_3th_pre_bid"": ""-99900"", ""sel_2th_pre_req_pre"": ""0"", ""sel_2th_pre_req"": ""120"", ""sel_2th_pre_bid"": ""-99800"", ""sel_1th_pre_req_pre"": ""+1"", ""sel_fpr_req"": ""685"", ""sel_fpr_bid"": ""-99700"", ""buy_fpr_bid"": ""-99600"", ""buy_fpr_req"": ""1417"", ""buy_1th_pre_req_pre"": ""0"", ""buy_2th_pre_bid"": ""-99500"", ""buy_2th_pre_req"": ""961"", ""buy_2th_pre_req_pre"": ""0"", ""buy_3th_pre_bid"": ""-99400"", ""buy_3th_pre_req"": ""611"", ""buy_3th_pre_req_pre"": ""0"", ""buy_4th_pre_bid"": ""-99300"", ""buy_4th_pre_req"": ""108"", ""buy_4th_pre_req_pre"": ""0"", ""buy_5th_pre_bid"": ""-99200"", ""buy_5th_pre_req"": ""138"", ""buy_5th_pre_req_pre"": ""0"", ""buy_6th_pre_bid"": ""-99100"", ""buy_6th_pre_req"": ""207"", ""buy_6th_pre_req_pre"": ""0"", ""buy_7th_pre_bid"": ""-99000"", ""buy_7th_pre_req"": ""446"", ""buy_7th_pre_req_pre"": ""0"", ""buy_8th_pre_bid"": ""-98900"", ""buy_8th_pre_req"": ""177"", ""buy_8th_pre_req_pre"": ""0"", ""buy_9th_pre_bid"": ""-98800"", ""buy_9th_pre_req"": ""287"", ""buy_9th_pre_req_pre"": ""0"", ""buy_10th_pre_bid"": ""-98700"", ""buy_10th_pre_req"": ""244"", ""buy_10th_pre_req_pre"": ""0"", ""tot_sel_req_jub_pre"": ""0"", ""tot_sel_req"": ""5752"", ""tot_buy_req"": ""4596"", ""tot_buy_req_jub_pre"": ""0"", ""ovt_sel_req_pre"": ""0"", ""ovt_sel_req"": ""0"", ""ovt_buy_req"": ""0"", ""ovt_buy_req_pre"": ""0"", ""return_code"": 0, ""return_msg"": ""정상적으로 처리되었습니다""}"
2026-06-10,watchlist,192080,,1,filtered_candidate_recheck,71400,,71400,71300,71400,71000,-0.700280112044818,0.1400560224089636,,,,,,"{""bid_req_base_tm"": ""103720"", ""sel_10th_pre_req_pre"": ""0"", ""sel_10th_pre_req"": ""11"", ""sel_10th_pre_bid"": ""+72500"", ""sel_9th_pre_req_pre"": ""0"", ""sel_9th_pre_req"": ""40"", ""sel_9th_pre_bid"": ""+72400"", ""sel_8th_pre_req_pre"": ""0"", ""sel_8th_pre_req"": ""10"", ""sel_8th_pre_bid"": ""+72300"", ""sel_7th_pre_req_pre"": ""0"", ""sel_7th_pre_req"": ""17"", ""sel_7th_pre_bid"": ""+72200"", ""sel_6th_pre_req_pre"": ""0"", ""sel_6th_pre_req"": ""16"", ""sel_6th_pre_bid"": ""-71900"", ""sel_5th_pre_req_pre"": ""0"", ""sel_5th_pre_req"": ""14"", ""sel_5th_pre_bid"": ""-71800"", ""sel_4th_pre_req_pre"": ""0"", ""sel_4th_pre_req"": ""967"", ""sel_4th_pre_bid"": ""-71700"", ""sel_3th_pre_req_pre"": ""0"", ""sel_3th_pre_req"": ""63"", ""sel_3th_pre_bid"": ""-71600"", ""sel_2th_pre_req_pre"": ""0"", ""sel_2th_pre_req"": ""62"", ""sel_2th_pre_bid"": ""-71500"", ""sel_1th_pre_req_pre"": ""+32"", ""sel_fpr_req"": ""69"", ""sel_fpr_bid"": ""-71400"", ""buy_fpr_bid"": ""-71300"", ""buy_fpr_req"": ""39"", ""buy_1th_pre_req_pre"": ""0"", ""buy_2th_pre_bid"": ""-71200"", ""buy_2th_pre_req"": ""12"", ""buy_2th_pre_req_pre"": ""0"", ""buy_3th_pre_bid"": ""-71100"", ""buy_3th_pre_req"": ""18"", ""buy_3th_pre_req_pre"": ""0"", ""buy_4th_pre_bid"": ""-71000"", ""buy_4th_pre_req"": ""99"", ""buy_4th_pre_req_pre"": ""0"", ""buy_5th_pre_bid"": ""-70900"", ""buy_5th_pre_req"": ""31"", ""buy_5th_pre_req_pre"": ""0"", ""buy_6th_pre_bid"": ""-70800"", ""buy_6th_pre_req"": ""91"", ""buy_6th_pre_req_pre"": ""0"", ""buy_7th_pre_bid"": ""-70700"", ""buy_7th_pre_req"": ""109"", ""buy_7th_pre_req_pre"": ""0"", ""buy_8th_pre_bid"": ""-70600"", ""buy_8th_pre_req"": ""108"", ""buy_8th_pre_req_pre"": ""0"", ""buy_9th_pre_bid"": ""-70500"", ""buy_9th_pre_req"": ""181"", ""buy_9th_pre_req_pre"": ""0"", ""buy_10th_pre_bid"": ""-70400"", ""buy_10th_pre_req"": ""182"", ""buy_10th_pre_req_pre"": ""0"", ""tot_sel_req_jub_pre"": ""+32"", ""tot_sel_req"": ""1269"", ""tot_buy_req"": ""870"", ""tot_buy_req_jub_pre"": ""0"", ""ovt_sel_req_pre"": ""0"", ""ovt_sel_req"": ""0"", ""ovt_buy_req"": ""0"", ""ovt_buy_req_pre"": ""0"", ""return_code"": 0, ""return_msg"": ""정상적으로 처리되었습니다""}"
2026-06-10,watchlist,000430,,0,filtered_candidate_recheck,5780,,5780,5770,5780,5770,-0.34602076124567477,0.17301038062283738,,,,,,"{""bid_req_base_tm"": ""103720"", ""sel_10th_pre_req_pre"": ""0"", ""sel_10th_pre_req"": ""2957"", ""sel_10th_pre_bid"": ""-5870"", ""sel_9th_pre_req_pre"": ""+1"", ""sel_9th_pre_req"": ""2991"", ""sel_9th_pre_bid"": ""-5860"", ""sel_8th_pre_req_pre"": ""0"", ""sel_8th_pre_req"": ""4047"", ""sel_8th_pre_bid"": ""-5850"", ""sel_7th_pre_req_pre"": ""0"", ""sel_7th_pre_req"": ""3103"", ""sel_7th_pre_bid"": ""-5840"", ""sel_6th_pre_req_pre"": ""0"", ""sel_6th_pre_req"": ""2662"", ""sel_6th_pre_bid"": ""-5830"", ""sel_5th_pre_req_pre"": ""0"", ""sel_5th_pre_req"": ""1480"", ""sel_5th_pre_bid"": ""-5820"", ""sel_4th_pre_req_pre"": ""0"", ""sel_4th_pre_req"": ""1694"", ""sel_4th_pre_bid"": ""-5810"", ""sel_3th_pre_req_pre"": ""0"", ""sel_3th_pre_req"": ""2627"", ""sel_3th_pre_bid"": ""-5800"", ""sel_2th_pre_req_pre"": ""0"", ""sel_2th_pre_req"": ""1189"", ""sel_2th_pre_bid"": ""-5790"", ""sel_1th_pre_req_pre"": ""+54"", ""sel_fpr_req"": ""142"", ""sel_fpr_bid"": ""-5780"", ""buy_fpr_bid"": ""-5770"", ""buy_fpr_req"": ""1760"", ""buy_1th_pre_req_pre"": ""0"", ""buy_2th_pre_bid"": ""-5760"", ""buy_2th_pre_req"": ""2063"", ""buy_2th_pre_req_pre"": ""0"", ""buy_3th_pre_bid"": ""-5750"", ""buy_3th_pre_req"": ""2017"", ""buy_3th_pre_req_pre"": ""0"", ""buy_4th_pre_bid"": ""-5740"", ""buy_4th_pre_req"": ""1062"", ""buy_4th_pre_req_pre"": ""0"", ""buy_5th_pre_bid"": ""-5730"", ""buy_5th_pre_req"": ""920"", ""buy_5th_pre_req_pre"": ""0"", ""buy_6th_pre_bid"": ""-5720"", ""buy_6th_pre_req"": ""1321"", ""buy_6th_pre_req_pre"": ""0"", ""buy_7th_pre_bid"": ""-5710"", ""buy_7th_pre_req"": ""3806"", ""buy_7th_pre_req_pre"": ""0"", ""buy_8th_pre_bid"": ""-5700"", ""buy_8th_pre_req"": ""4292"", ""buy_8th_pre_req_pre"": ""0"", ""buy_9th_pre_bid"": ""-5690"", ""buy_9th_pre_req"": ""1243"", ""buy_9th_pre_req_pre"": ""0"", ""buy_10th_pre_bid"": ""-5680"", ""buy_10th_pre_req"": ""7454"", ""buy_10th_pre_req_pre"": ""0"", ""tot_sel_req_jub_pre"": ""+55"", ""tot_sel_req"": ""22892"", ""tot_buy_req"": ""25938"", ""tot_buy_req_jub_pre"": ""0"", ""ovt_sel_req_pre"": ""0"", ""ovt_sel_req"": ""0"", ""ovt_buy_req"": ""0"", ""ovt_buy_req_pre"": ""0"", ""return_code"": 0, ""return_msg"": ""정상적으로 처리되었습니다""}"
2026-06-10,watchlist,307950,,0,filtered_candidate_recheck,709000,,709000,708000,709000,710000,0.0,0.14104372355430184,,,,,,"{""bid_req_base_tm"": ""103721"", ""sel_10th_pre_req_pre"": ""0"", ""sel_10th_pre_req"": ""220"", ""sel_10th_pre_bid"": ""+718000"", ""sel_9th_pre_req_pre"": ""0"", ""sel_9th_pre_req"": ""93"", ""sel_9th_pre_bid"": ""+717000"", ""sel_8th_pre_req_pre"": ""0"", ""sel_8th_pre_req"": ""175"", ""sel_8th_pre_bid"": ""+716000"", ""sel_7th_pre_req_pre"": ""0"", ""sel_7th_pre_req"": ""74"", ""sel_7th_pre_bid"": ""+715000"", ""sel_6th_pre_req_pre"": ""0"", ""sel_6th_pre_req"": ""18"", ""sel_6th_pre_bid"": ""+714000"", ""sel_5th_pre_req_pre"": ""0"", ""sel_5th_pre_req"": ""11"", ""sel_5th_pre_bid"": ""+713000"", ""sel_4th_pre_req_pre"": ""0"", ""sel_4th_pre_req"": ""3"", ""sel_4th_pre_bid"": ""+712000"", ""sel_3th_pre_req_pre"": ""0"", ""sel_3th_pre_req"": ""20"", ""sel_3th_pre_bid"": ""+711000"", ""sel_2th_pre_req_pre"": ""--2"", ""sel_2th_pre_req"": ""4"", ""sel_2th_pre_bid"": ""+710000"", ""sel_1th_pre_req_pre"": ""+2"", ""sel_fpr_req"": ""59"", ""sel_fpr_bid"": ""+709000"", ""buy_fpr_bid"": ""+708000"", ""buy_fpr_req"": ""103"", ""buy_1th_pre_req_pre"": ""0"", ""buy_2th_pre_bid"": ""+707000"", ""buy_2th_pre_req"": ""82"", ""buy_2th_pre_req_pre"": ""0"", ""buy_3th_pre_bid"": ""+706000"", ""buy_3th_pre_req"": ""246"", ""buy_3th_pre_req_pre"": ""0"", ""buy_4th_pre_bid"": ""+705000"", ""buy_4th_pre_req"": ""136"", ""buy_4th_pre_req_pre"": ""0"", ""buy_5th_pre_bid"": ""+704000"", ""buy_5th_pre_req"": ""58"", ""buy_5th_pre_req_pre"": ""0"", ""buy_6th_pre_bid"": ""+703000"", ""buy_6th_pre_req"": ""143"", ""buy_6th_pre_req_pre"": ""0"", ""buy_7th_pre_bid"": ""+702000"", ""buy_7th_pre_req"": ""51"", ""buy_7th_pre_req_pre"": ""0"", ""buy_8th_pre_bid"": ""+701000"", ""buy_8th_pre_req"": ""78"", ""buy_8th_pre_req_pre"": ""0"", ""buy_9th_pre_bid"": ""+700000"", ""buy_9th_pre_req"": ""677"", ""buy_9th_pre_req_pre"": ""0"", ""buy_10th_pre_bid"": ""+699000"", ""buy_10th_pre_req"": ""149"", ""buy_10th_pre_req_pre"": ""0"", ""tot_sel_req_jub_pre"": ""0"", ""tot_sel_req"": ""677"", ""tot_buy_req"": ""1723"", ""tot_buy_req_jub_pre"": ""0"", ""ovt_sel_req_pre"": ""0"", ""ovt_sel_req"": ""0"", ""ovt_buy_req"": ""0"", ""ovt_buy_req_pre"": ""0"", ""return_code"": 0, ""return_msg"": ""정상적으로 처리되었습니다""}"
2026-06-10,watchlist,114090,,0,filtered_candidate_recheck,12050,,12050,12040,12050,12000,-0.8298755186721992,0.08298755186721991,,,,,,"{""bid_req_base_tm"": ""103721"", ""sel_10th_pre_req_pre"": ""0"", ""sel_10th_pre_req"": ""376"", ""sel_10th_pre_bid"": ""+12180"", ""sel_9th_pre_req_pre"": ""0"", ""sel_9th_pre_req"": ""12"", ""sel_9th_pre_bid"": ""+12170"", ""sel_8th_pre_req_pre"": ""0"", ""sel_8th_pre_req"": ""1069"", ""sel_8th_pre_bid"": ""+12150"", ""sel_7th_pre_req_pre"": ""0"", ""sel_7th_pre_req"": ""32"", ""sel_7th_pre_bid"": ""+12140"", ""sel_6th_pre_req_pre"": ""0"", ""sel_6th_pre_req"": ""478"", ""sel_6th_pre_bid"": ""+12130"", ""sel_5th_pre_req_pre"": ""0"", ""sel_5th_pre_req"": ""55"", ""sel_5th_pre_bid"": ""+12120"", ""sel_4th_pre_req_pre"": ""0"", ""sel_4th_pre_req"": ""2012"", ""sel_4th_pre_bid"": ""+12110"", ""sel_3th_pre_req_pre"": ""0"", ""sel_3th_pre_req"": ""174"", ""sel_3th_pre_bid"": ""+12080"", ""sel_2th_pre_req_pre"": ""0"", ""sel_2th_pre_req"": ""166"", ""sel_2th_pre_bid"": ""+12070"", ""sel_1th_pre_req_pre"": ""+309"", ""sel_fpr_req"": ""366"", ""sel_fpr_bid"": ""+12050"", ""buy_fpr_bid"": ""+12040"", ""buy_fpr_req"": ""174"", ""buy_1th_pre_req_pre"": ""0"", ""buy_2th_pre_bid"": ""+12030"", ""buy_2th_pre_req"": ""167"", ""buy_2th_pre_req_pre"": ""0"", ""buy_3th_pre_bid"": ""+12010"", ""buy_3th_pre_req"": ""167"", ""buy_3th_pre_req_pre"": ""0"", ""buy_4th_pre_bid"": ""+12000"", ""buy_4th_pre_req"": ""251"", ""buy_4th_pre_req_pre"": ""0"", ""buy_5th_pre_bid"": ""+11990"", ""buy_5th_pre_req"": ""130"", ""buy_5th_pre_req_pre"": ""0"", ""buy_6th_pre_bid"": ""+11980"", ""buy_6th_pre_req"": ""340"", ""buy_6th_pre_req_pre"": ""0"", ""buy_7th_pre_bid"": ""+11970"", ""buy_7th_pre_req"": ""63"", ""buy_7th_pre_req_pre"": ""0"", ""buy_8th_pre_bid"": ""+11960"", ""buy_8th_pre_req"": ""50"", ""buy_8th_pre_req_pre"": ""0"", ""buy_9th_pre_bid"": ""11950"", ""buy_9th_pre_req"": ""351"", ""buy_9th_pre_req_pre"": ""0"", ""buy_10th_pre_bid"": ""-11900"", ""buy_10th_pre_req"": ""97"", ""buy_10th_pre_req_pre"": ""0"", ""tot_sel_req_jub_pre"": ""+309"", ""tot_sel_req"": ""4740"", ""tot_buy_req"": ""1790"", ""tot_buy_req_jub_pre"": ""0"", ""ovt_sel_req_pre"": ""0"", ""ovt_sel_req"": ""0"", ""ovt_buy_req"": ""0"", ""ovt_buy_req_pre"": ""0"", ""return_code"": 0, ""return_msg"": ""정상적으로 처리되었습니다""}"
2026-06-10,watchlist,281820,,0,filtered_candidate_recheck,68100,,68100,68000,68100,68000,-0.2936857562408223,0.14684287812041116,,,,,,"{""bid_req_base_tm"": ""103720"", ""sel_10th_pre_req_pre"": ""0"", ""sel_10th_pre_req"": ""258"", ""sel_10th_pre_bid"": ""+69000"", ""sel_9th_pre_req_pre"": ""0"", ""sel_9th_pre_req"": ""117"", ""sel_9th_pre_bid"": ""+68900"", ""sel_8th_pre_req_pre"": ""0"", ""sel_8th_pre_req"": ""108"", ""sel_8th_pre_bid"": ""+68800"", ""sel_7th_pre_req_pre"": ""0"", ""sel_7th_pre_req"": ""146"", ""sel_7th_pre_bid"": ""+68700"", ""sel_6th_pre_req_pre"": ""0"", ""sel_6th_pre_req"": ""305"", ""sel_6th_pre_bid"": ""+68600"", ""sel_5th_pre_req_pre"": ""0"", ""sel_5th_pre_req"": ""204"", ""sel_5th_pre_bid"": ""+68500"", ""sel_4th_pre_req_pre"": ""0"", ""sel_4th_pre_req"": ""203"", ""sel_4th_pre_bid"": ""+68400"", ""sel_3th_pre_req_pre"": ""0"", ""sel_3th_pre_req"": ""157"", ""sel_3th_pre_bid"": ""+68300"", ""sel_2th_pre_req_pre"": ""0"", ""sel_2th_pre_req"": ""37"", ""sel_2th_pre_bid"": ""+68200"", ""sel_1th_pre_req_pre"": ""0"", ""sel_fpr_req"": ""16"", ""sel_fpr_bid"": ""+68100"", ""buy_fpr_bid"": ""+68000"", ""buy_fpr_req"": ""27"", ""buy_1th_pre_req_pre"": ""0"", ""buy_2th_pre_bid"": ""+67900"", ""buy_2th_pre_req"": ""25"", ""buy_2th_pre_req_pre"": ""0"", ""buy_3th_pre_bid"": ""+67800"", ""buy_3th_pre_req"": ""19"", ""buy_3th_pre_req_pre"": ""0"", ""buy_4th_pre_bid"": ""+67700"", ""buy_4th_pre_req"": ""554"", ""buy_4th_pre_req_pre"": ""0"", ""buy_5th_pre_bid"": ""+67600"", ""buy_5th_pre_req"": ""18"", ""buy_5th_pre_req_pre"": ""0"", ""buy_6th_pre_bid"": ""+67500"", ""buy_6th_pre_req"": ""2"", ""buy_6th_pre_req_pre"": ""0"", ""buy_7th_pre_bid"": ""+67400"", ""buy_7th_pre_req"": ""501"", ""buy_7th_pre_req_pre"": ""0"", ""buy_8th_pre_bid"": ""+67300"", ""buy_8th_pre_req"": ""3"", ""buy_8th_pre_req_pre"": ""0"", ""buy_9th_pre_bid"": ""+67200"", ""buy_9th_pre_req"": ""12"", ""buy_9th_pre_req_pre"": ""0"", ""buy_10th_pre_bid"": ""+67100"", ""buy_10th_pre_req"": ""260"", ""buy_10th_pre_req_pre"": ""0"", ""tot_sel_req_jub_pre"": ""0"", ""tot_sel_req"": ""1551"", ""tot_buy_req"": ""1421"", ""tot_buy_req_jub_pre"": ""0"", ""ovt_sel_req_pre"": ""0"", ""ovt_sel_req"": ""0"", ""ovt_buy_req"": ""0"", ""ovt_buy_req_pre"": ""0"", ""return_code"": 0, ""return_msg"": ""정상적으로 처리되었습니다""}"
2026-06-10,watchlist,489790,,0,filtered_candidate_recheck,69500,,69500,69300,69500,69700,0.14388489208633093,0.28776978417266186,,,,,,"{""bid_req_base_tm"": ""103721"", ""sel_10th_pre_req_pre"": ""0"", ""sel_10th_pre_req"": ""44"", ""sel_10th_pre_bid"": ""+70400"", ""sel_9th_pre_req_pre"": ""0"", ""sel_9th_pre_req"": ""111"", ""sel_9th_pre_bid"": ""+70300"", ""sel_8th_pre_req_pre"": ""0"", ""sel_8th_pre_req"": ""67"", ""sel_8th_pre_bid"": ""+70200"", ""sel_7th_pre_req_pre"": ""0"", ""sel_7th_pre_req"": ""10"", ""sel_7th_pre_bid"": ""+70100"", ""sel_6th_pre_req_pre"": ""0"", ""sel_6th_pre_req"": ""53"", ""sel_6th_pre_bid"": ""+70000"", ""sel_5th_pre_req_pre"": ""0"", ""sel_5th_pre_req"": ""85"", ""sel_5th_pre_bid"": ""+69900"", ""sel_4th_pre_req_pre"": ""0"", ""sel_4th_pre_req"": ""8"", ""sel_4th_pre_bid"": ""+69800"", ""sel_3th_pre_req_pre"": ""0"", ""sel_3th_pre_req"": ""1"", ""sel_3th_pre_bid"": ""+69700"", ""sel_2th_pre_req_pre"": ""0"", ""sel_2th_pre_req"": ""126"", ""sel_2th_pre_bid"": ""+69600"", ""sel_1th_pre_req_pre"": ""0"", ""sel_fpr_req"": ""120"", ""sel_fpr_bid"": ""+69500"", ""buy_fpr_bid"": ""+69300"", ""buy_fpr_req"": ""15"", ""buy_1th_pre_req_pre"": ""0"", ""buy_2th_pre_bid"": ""+69200"", ""buy_2th_pre_req"": ""61"", ""buy_2th_pre_req_pre"": ""0"", ""buy_3th_pre_bid"": ""+69100"", ""buy_3th_pre_req"": ""386"", ""buy_3th_pre_req_pre"": ""0"", ""buy_4th_pre_bid"": ""+69000"", ""buy_4th_pre_req"": ""537"", ""buy_4th_pre_req_pre"": ""0"", ""buy_5th_pre_bid"": ""+68900"", ""buy_5th_pre_req"": ""165"", ""buy_5th_pre_req_pre"": ""+30"", ""buy_6th_pre_bid"": ""+68800"", ""buy_6th_pre_req"": ""60"", ""buy_6th_pre_req_pre"": ""0"", ""buy_7th_pre_bid"": ""+68700"", ""buy_7th_pre_req"": ""63"", ""buy_7th_pre_req_pre"": ""0"", ""buy_8th_pre_bid"": ""+68600"", ""buy_8th_pre_req"": ""218"", ""buy_8th_pre_req_pre"": ""0"", ""buy_9th_pre_bid"": ""+68500"", ""buy_9th_pre_req"": ""189"", ""buy_9th_pre_req_pre"": ""0"", ""buy_10th_pre_bid"": ""+68400"", ""buy_10th_pre_req"": ""115"", ""buy_10th_pre_req_pre"": ""0"", ""tot_sel_req_jub_pre"": ""0"", ""tot_sel_req"": ""625"", ""tot_buy_req"": ""1809"", ""tot_buy_req_jub_pre"": ""+30"", ""ovt_sel_req_pre"": ""0"", ""ovt_sel_req"": ""0"", ""ovt_buy_req"": ""0"", ""ovt_buy_req_pre"": ""0"", ""return_code"": 0, ""return_msg"": ""정상적으로 처리되었습니다""}"
2026-06-10,watchlist,092200,,0,filtered_candidate_recheck,9820,,9820,9810,9820,9840,0.10183299389002036,0.10183299389002036,,,,,,"{""bid_req_base_tm"": ""103721"", ""sel_10th_pre_req_pre"": ""0"", ""sel_10th_pre_req"": ""100"", ""sel_10th_pre_bid"": ""-9910"", ""sel_9th_pre_req_pre"": ""0"", ""sel_9th_pre_req"": ""605"", ""sel_9th_pre_bid"": ""-9900"", ""sel_8th_pre_req_pre"": ""0"", ""sel_8th_pre_req"": ""1056"", ""sel_8th_pre_bid"": ""-9890"", ""sel_7th_pre_req_pre"": ""0"", ""sel_7th_pre_req"": ""875"", ""sel_7th_pre_bid"": ""-9880"", ""sel_6th_pre_req_pre"": ""0"", ""sel_6th_pre_req"": ""308"", ""sel_6th_pre_bid"": ""-9870"", ""sel_5th_pre_req_pre"": ""0"", ""sel_5th_pre_req"": ""129"", ""sel_5th_pre_bid"": ""-9860"", ""sel_4th_pre_req_pre"": ""0"", ""sel_4th_pre_req"": ""205"", ""sel_4th_pre_bid"": ""-9850"", ""sel_3th_pre_req_pre"": ""0"", ""sel_3th_pre_req"": ""1021"", ""sel_3th_pre_bid"": ""-9840"", ""sel_2th_pre_req_pre"": ""0"", ""sel_2th_pre_req"": ""1028"", ""sel_2th_pre_bid"": ""-9830"", ""sel_1th_pre_req_pre"": ""--21"", ""sel_fpr_req"": ""196"", ""sel_fpr_bid"": ""-9820"", ""buy_fpr_bid"": ""-9810"", ""buy_fpr_req"": ""719"", ""buy_1th_pre_req_pre"": ""0"", ""buy_2th_pre_bid"": ""-9800"", ""buy_2th_pre_req"": ""1540"", ""buy_2th_pre_req_pre"": ""0"", ""buy_3th_pre_bid"": ""-9790"", ""buy_3th_pre_req"": ""3115"", ""buy_3th_pre_req_pre"": ""0"", ""buy_4th_pre_bid"": ""-9780"", ""buy_4th_pre_req"": ""2"", ""buy_4th_pre_req_pre"": ""0"", ""buy_5th_pre_bid"": ""-9770"", ""buy_5th_pre_req"": ""1118"", ""buy_5th_pre_req_pre"": ""0"", ""buy_6th_pre_bid"": ""-9760"", ""buy_6th_pre_req"": ""2724"", ""buy_6th_pre_req_pre"": ""0"", ""buy_7th_pre_bid"": ""-9750"", ""buy_7th_pre_req"": ""1543"", ""buy_7th_pre_req_pre"": ""0"", ""buy_8th_pre_bid"": ""-9740"", ""buy_8th_pre_req"": ""2311"", ""buy_8th_pre_req_pre"": ""0"", ""buy_9th_pre_bid"": ""-9730"", ""buy_9th_pre_req"": ""430"", ""buy_9th_pre_req_pre"": ""0"", ""buy_10th_pre_bid"": ""-9720"", ""buy_10th_pre_req"": ""1770"", ""buy_10th_pre_req_pre"": ""0"", ""tot_sel_req_jub_pre"": ""--21"", ""tot_sel_req"": ""5523"", ""tot_buy_req"": ""15272"", ""tot_buy_req_jub_pre"": ""0"", ""ovt_sel_req_pre"": ""0"", ""ovt_sel_req"": ""0"", ""ovt_buy_req"": ""0"", ""ovt_buy_req_pre"": ""0"", ""return_code"": 0, ""return_msg"": ""정상적으로 처리되었습니다""}"
2026-06-10,watchlist,175330,,0,filtered_candidate_recheck,25550,,25550,25500,25550,25550,-0.19569471624266144,0.19569471624266144,,,,,,"{""bid_req_base_tm"": ""103722"", ""sel_10th_pre_req_pre"": ""0"", ""sel_10th_pre_req"": ""113"", ""sel_10th_pre_bid"": ""+26000"", ""sel_9th_pre_req_pre"": ""0"", ""sel_9th_pre_req"": ""142"", ""sel_9th_pre_bid"": ""+25950"", ""sel_8th_pre_req_pre"": ""0"", ""sel_8th_pre_req"": ""532"", ""sel_8th_pre_bid"": ""25900"", ""sel_7th_pre_req_pre"": ""0"", ""sel_7th_pre_req"": ""454"", ""sel_7th_pre_bid"": ""-25850"", ""sel_6th_pre_req_pre"": ""0"", ""sel_6th_pre_req"": ""158"", ""sel_6th_pre_bid"": ""-25800"", ""sel_5th_pre_req_pre"": ""0"", ""sel_5th_pre_req"": ""248"", ""sel_5th_pre_bid"": ""-25750"", ""sel_4th_pre_req_pre"": ""0"", ""sel_4th_pre_req"": ""124"", ""sel_4th_pre_bid"": ""-25700"", ""sel_3th_pre_req_pre"": ""0"", ""sel_3th_pre_req"": ""497"", ""sel_3th_pre_bid"": ""-25650"", ""sel_2th_pre_req_pre"": ""0"", ""sel_2th_pre_req"": ""1920"", ""sel_2th_pre_bid"": ""-25600"", ""sel_1th_pre_req_pre"": ""+1"", ""sel_fpr_req"": ""909"", ""sel_fpr_bid"": ""-25550"", ""buy_fpr_bid"": ""-25500"", ""buy_fpr_req"": ""1194"", ""buy_1th_pre_req_pre"": ""0"", ""buy_2th_pre_bid"": ""-25450"", ""buy_2th_pre_req"": ""1261"", ""buy_2th_pre_req_pre"": ""0"", ""buy_3th_pre_bid"": ""-25400"", ""buy_3th_pre_req"": ""812"", ""buy_3th_pre_req_pre"": ""0"", ""buy_4th_pre_bid"": ""-25350"", ""buy_4th_pre_req"": ""351"", ""buy_4th_pre_req_pre"": ""0"", ""buy_5th_pre_bid"": ""-25300"", ""buy_5th_pre_req"": ""328"", ""buy_5th_pre_req_pre"": ""0"", ""buy_6th_pre_bid"": ""-25250"", ""buy_6th_pre_req"": ""443"", ""buy_6th_pre_req_pre"": ""0"", ""buy_7th_pre_bid"": ""-25200"", ""buy_7th_pre_req"": ""174"", ""buy_7th_pre_req_pre"": ""0"", ""buy_8th_pre_bid"": ""-25150"", ""buy_8th_pre_req"": ""768"", ""buy_8th_pre_req_pre"": ""0"", ""buy_9th_pre_bid"": ""-25100"", ""buy_9th_pre_req"": ""475"", ""buy_9th_pre_req_pre"": ""0"", ""buy_10th_pre_bid"": ""-25050"", ""buy_10th_pre_req"": ""378"", ""buy_10th_pre_req_pre"": ""0"", ""tot_sel_req_jub_pre"": ""+1"", ""tot_sel_req"": ""5097"", ""tot_buy_req"": ""6184"", ""tot_buy_req_jub_pre"": ""0"", ""ovt_sel_req_pre"": ""0"", ""ovt_sel_req"": ""0"", ""ovt_buy_req"": ""0"", ""ovt_buy_req_pre"": ""0"", ""return_code"": 0, ""return_msg"": ""정상적으로 처리되었습니다""}"
2026-06-10,watchlist,069960,,0,filtered_candidate_recheck,165600,,165600,165500,165600,166000,-0.06038647342995169,0.06038647342995169,,,,,,"{""bid_req_base_tm"": ""103721"", ""sel_10th_pre_req_pre"": ""0"", ""sel_10th_pre_req"": ""3"", ""sel_10th_pre_bid"": ""+167200"", ""sel_9th_pre_req_pre"": ""0"", ""sel_9th_pre_req"": ""2"", ""sel_9th_pre_bid"": ""+167100"", ""sel_8th_pre_req_pre"": ""0"", ""sel_8th_pre_req"": ""55"", ""sel_8th_pre_bid"": ""+167000"", ""sel_7th_pre_req_pre"": ""0"", ""sel_7th_pre_req"": ""51"", ""sel_7th_pre_bid"": ""-166700"", ""sel_6th_pre_req_pre"": ""0"", ""sel_6th_pre_req"": ""12"", ""sel_6th_pre_bid"": ""-166500"", ""sel_5th_pre_req_pre"": ""0"", ""sel_5th_pre_req"": ""22"", ""sel_5th_pre_bid"": ""-166100"", ""sel_4th_pre_req_pre"": ""0"", ""sel_4th_pre_req"": ""1"", ""sel_4th_pre_bid"": ""-166000"", ""sel_3th_pre_req_pre"": ""0"", ""sel_3th_pre_req"": ""41"", ""sel_3th_pre_bid"": ""-165800"", ""sel_2th_pre_req_pre"": ""0"", ""sel_2th_pre_req"": ""45"", ""sel_2th_pre_bid"": ""-165700"", ""sel_1th_pre_req_pre"": ""0"", ""sel_fpr_req"": ""91"", ""sel_fpr_bid"": ""-165600"", ""buy_fpr_bid"": ""-165500"", ""buy_fpr_req"": ""85"", ""buy_1th_pre_req_pre"": ""+4"", ""buy_2th_pre_bid"": ""-165400"", ""buy_2th_pre_req"": ""60"", ""buy_2th_pre_req_pre"": ""0"", ""buy_3th_pre_bid"": ""-165300"", ""buy_3th_pre_req"": ""27"", ""buy_3th_pre_req_pre"": ""0"", ""buy_4th_pre_bid"": ""-165200"", ""buy_4th_pre_req"": ""22"", ""buy_4th_pre_req_pre"": ""0"", ""buy_5th_pre_bid"": ""-165100"", ""buy_5th_pre_req"": ""11"", ""buy_5th_pre_req_pre"": ""0"", ""buy_6th_pre_bid"": ""-165000"", ""buy_6th_pre_req"": ""227"", ""buy_6th_pre_req_pre"": ""0"", ""buy_7th_pre_bid"": ""-164600"", ""buy_7th_pre_req"": ""23"", ""buy_7th_pre_req_pre"": ""0"", ""buy_8th_pre_bid"": ""-164400"", ""buy_8th_pre_req"": ""16"", ""buy_8th_pre_req_pre"": ""0"", ""buy_9th_pre_bid"": ""-164300"", ""buy_9th_pre_req"": ""1"", ""buy_9th_pre_req_pre"": ""0"", ""buy_10th_pre_bid"": ""-164200"", ""buy_10th_pre_req"": ""40"", ""buy_10th_pre_req_pre"": ""0"", ""tot_sel_req_jub_pre"": ""0"", ""tot_sel_req"": ""323"", ""tot_buy_req"": ""512"", ""tot_buy_req_jub_pre"": ""+4"", ""ovt_sel_req_pre"": ""0"", ""ovt_sel_req"": ""0"", ""ovt_buy_req"": ""0"", ""ovt_buy_req_pre"": ""0"", ""return_code"": 0, ""return_msg"": ""정상적으로 처리되었습니다""}"
2026-06-10,watchlist,001450,,0,filtered_candidate_recheck,37950,,37950,37850,37950,37950,-0.13175230566534915,0.2635046113306983,,,,,,"{""bid_req_base_tm"": ""103722"", ""sel_10th_pre_req_pre"": ""0"", ""sel_10th_pre_req"": ""756"", ""sel_10th_pre_bid"": ""+38400"", ""sel_9th_pre_req_pre"": ""0"", ""sel_9th_pre_req"": ""106"", ""sel_9th_pre_bid"": ""+38350"", ""sel_8th_pre_req_pre"": ""0"", ""sel_8th_pre_req"": ""9"", ""sel_8th_pre_bid"": ""+38300"", ""sel_7th_pre_req_pre"": ""0"", ""sel_7th_pre_req"": ""28"", ""sel_7th_pre_bid"": ""+38250"", ""sel_6th_pre_req_pre"": ""0"", ""sel_6th_pre_req"": ""66"", ""sel_6th_pre_bid"": ""+38200"", ""sel_5th_pre_req_pre"": ""0"", ""sel_5th_pre_req"": ""103"", ""sel_5th_pre_bid"": ""+38150"", ""sel_4th_pre_req_pre"": ""0"", ""sel_4th_pre_req"": ""585"", ""sel_4th_pre_bid"": ""+38100"", ""sel_3th_pre_req_pre"": ""0"", ""sel_3th_pre_req"": ""269"", ""sel_3th_pre_bid"": ""+38050"", ""sel_2th_pre_req_pre"": ""0"", ""sel_2th_pre_req"": ""468"", ""sel_2th_pre_bid"": ""+38000"", ""sel_1th_pre_req_pre"": ""--18"", ""sel_fpr_req"": ""244"", ""sel_fpr_bid"": ""+37950"", ""buy_fpr_bid"": ""+37850"", ""buy_fpr_req"": ""1128"", ""buy_1th_pre_req_pre"": ""0"", ""buy_2th_pre_bid"": ""+37800"", ""buy_2th_pre_req"": ""144"", ""buy_2th_pre_req_pre"": ""0"", ""buy_3th_pre_bid"": ""+37750"", ""buy_3th_pre_req"": ""50"", ""buy_3th_pre_req_pre"": ""0"", ""buy_4th_pre_bid"": ""+37700"", ""buy_4th_pre_req"": ""174"", ""buy_4th_pre_req_pre"": ""0"", ""buy_5th_pre_bid"": ""+37650"", ""buy_5th_pre_req"": ""105"", ""buy_5th_pre_req_pre"": ""0"", ""buy_6th_pre_bid"": ""+37600"", ""buy_6th_pre_req"": ""1032"", ""buy_6th_pre_req_pre"": ""0"", ""buy_7th_pre_bid"": ""+37550"", ""buy_7th_pre_req"": ""56"", ""buy_7th_pre_req_pre"": ""0"", ""buy_8th_pre_bid"": ""+37500"", ""buy_8th_pre_req"": ""200"", ""buy_8th_pre_req_pre"": ""0"", ""buy_9th_pre_bid"": ""+37450"", ""buy_9th_pre_req"": ""18"", ""buy_9th_pre_req_pre"": ""0"", ""buy_10th_pre_bid"": ""+37400"", ""buy_10th_pre_req"": ""46"", ""buy_10th_pre_req_pre"": ""0"", ""tot_sel_req_jub_pre"": ""--18"", ""tot_sel_req"": ""2634"", ""tot_buy_req"": ""2953"", ""tot_buy_req_jub_pre"": ""0"", ""ovt_sel_req_pre"": ""0"", ""ovt_sel_req"": ""0"", ""ovt_buy_req"": ""0"", ""ovt_buy_req_pre"": ""0"", ""return_code"": 0, ""return_msg"": ""정상적으로 처리되었습니다""}"
2026-06-10,watchlist,011070,,0,filtered_candidate_recheck,1093000,,1093000,1092000,1093000,1093000,-0.09149130832570906,0.09149130832570906,,,,,,"{""bid_req_base_tm"": ""103722"", ""sel_10th_pre_req_pre"": ""0"", ""sel_10th_pre_req"": ""51"", ""sel_10th_pre_bid"": ""-1102000"", ""sel_9th_pre_req_pre"": ""0"", ""sel_9th_pre_req"": ""42"", ""sel_9th_pre_bid"": ""-1101000"", ""sel_8th_pre_req_pre"": ""0"", ""sel_8th_pre_req"": ""118"", ""sel_8th_pre_bid"": ""-1100000"", ""sel_7th_pre_req_pre"": ""0"", ""sel_7th_pre_req"": ""54"", ""sel_7th_pre_bid"": ""-1099000"", ""sel_6th_pre_req_pre"": ""0"", ""sel_6th_pre_req"": ""1"", ""sel_6th_pre_bid"": ""-1098000"", ""sel_5th_pre_req_pre"": ""0"", ""sel_5th_pre_req"": ""22"", ""sel_5th_pre_bid"": ""-1097000"", ""sel_4th_pre_req_pre"": ""0"", ""sel_4th_pre_req"": ""31"", ""sel_4th_pre_bid"": ""-1096000"", ""sel_3th_pre_req_pre"": ""0"", ""sel_3th_pre_req"": ""67"", ""sel_3th_pre_bid"": ""-1095000"", ""sel_2th_pre_req_pre"": ""0"", ""sel_2th_pre_req"": ""164"", ""sel_2th_pre_bid"": ""-1094000"", ""sel_1th_pre_req_pre"": ""--3"", ""sel_fpr_req"": ""109"", ""sel_fpr_bid"": ""-1093000"", ""buy_fpr_bid"": ""-1092000"", ""buy_fpr_req"": ""76"", ""buy_1th_pre_req_pre"": ""0"", ""buy_2th_pre_bid"": ""-1091000"", ""buy_2th_pre_req"": ""104"", ""buy_2th_pre_req_pre"": ""--32"", ""buy_3th_pre_bid"": ""-1090000"", ""buy_3th_pre_req"": ""93"", ""buy_3th_pre_req_pre"": ""--125"", ""buy_4th_pre_bid"": ""-1089000"", ""buy_4th_pre_req"": ""179"", ""buy_4th_pre_req_pre"": ""+147"", ""buy_5th_pre_bid"": ""-1088000"", ""buy_5th_pre_req"": ""45"", ""buy_5th_pre_req_pre"": ""+10"", ""buy_6th_pre_bid"": ""-1087000"", ""buy_6th_pre_req"": ""46"", ""buy_6th_pre_req_pre"": ""0"", ""buy_7th_pre_bid"": ""-1086000"", ""buy_7th_pre_req"": ""23"", ""buy_7th_pre_req_pre"": ""0"", ""buy_8th_pre_bid"": ""-1085000"", ""buy_8th_pre_req"": ""82"", ""buy_8th_pre_req_pre"": ""0"", ""buy_9th_pre_bid"": ""-1084000"", ""buy_9th_pre_req"": ""63"", ""buy_9th_pre_req_pre"": ""0"", ""buy_10th_pre_bid"": ""-1083000"", ""buy_10th_pre_req"": ""36"", ""buy_10th_pre_req_pre"": ""0"", ""tot_sel_req_jub_pre"": ""--3"", ""tot_sel_req"": ""659"", ""tot_buy_req"": ""747"", ""tot_buy_req_jub_pre"": ""0"", ""ovt_sel_req_pre"": ""0"", ""ovt_sel_req"": ""0"", ""ovt_buy_req"": ""0"", ""ovt_buy_req_pre"": ""0"", ""return_code"": 0, ""return_msg"": ""정상적으로 처리되었습니다""}"
2026-06-10,watchlist,088350,,0,filtered_candidate_recheck,4900,,4900,4895,4900,4900,-0.10204081632653061,0.10204081632653061,,,,,,"{""bid_req_base_tm"": ""103721"", ""sel_10th_pre_req_pre"": ""0"", ""sel_10th_pre_req"": ""5456"", ""sel_10th_pre_bid"": ""-4945"", ""sel_9th_pre_req_pre"": ""0"", ""sel_9th_pre_req"": ""1142"", ""sel_9th_pre_bid"": ""-4940"", ""sel_8th_pre_req_pre"": ""0"", ""sel_8th_pre_req"": ""1952"", ""sel_8th_pre_bid"": ""-4935"", ""sel_7th_pre_req_pre"": ""0"", ""sel_7th_pre_req"": ""1010"", ""sel_7th_pre_bid"": ""-4930"", ""sel_6th_pre_req_pre"": ""0"", ""sel_6th_pre_req"": ""7"", ""sel_6th_pre_bid"": ""-4925"", ""sel_5th_pre_req_pre"": ""0"", ""sel_5th_pre_req"": ""3006"", ""sel_5th_pre_bid"": ""-4920"", ""sel_4th_pre_req_pre"": ""0"", ""sel_4th_pre_req"": ""102"", ""sel_4th_pre_bid"": ""-4915"", ""sel_3th_pre_req_pre"": ""0"", ""sel_3th_pre_req"": ""396"", ""sel_3th_pre_bid"": ""-4910"", ""sel_2th_pre_req_pre"": ""0"", ""sel_2th_pre_req"": ""1"", ""sel_2th_pre_bid"": ""-4905"", ""sel_1th_pre_req_pre"": ""--2"", ""sel_fpr_req"": ""2644"", ""sel_fpr_bid"": ""-4900"", ""buy_fpr_bid"": ""-4895"", ""buy_fpr_req"": ""1421"", ""buy_1th_pre_req_pre"": ""0"", ""buy_2th_pre_bid"": ""-4890"", ""buy_2th_pre_req"": ""1617"", ""buy_2th_pre_req_pre"": ""0"", ""buy_3th_pre_bid"": ""-4885"", ""buy_3th_pre_req"": ""1661"", ""buy_3th_pre_req_pre"": ""0"", ""buy_4th_pre_bid"": ""-4880"", ""buy_4th_pre_req"": ""450"", ""buy_4th_pre_req_pre"": ""0"", ""buy_5th_pre_bid"": ""-4875"", ""buy_5th_pre_req"": ""2492"", ""buy_5th_pre_req_pre"": ""0"", ""buy_6th_pre_bid"": ""-4870"", ""buy_6th_pre_req"": ""1733"", ""buy_6th_pre_req_pre"": ""0"", ""buy_7th_pre_bid"": ""-4865"", ""buy_7th_pre_req"": ""4682"", ""buy_7th_pre_req_pre"": ""0"", ""buy_8th_pre_bid"": ""-4860"", ""buy_8th_pre_req"": ""3916"", ""buy_8th_pre_req_pre"": ""0"", ""buy_9th_pre_bid"": ""-4855"", ""buy_9th_pre_req"": ""7206"", ""buy_9th_pre_req_pre"": ""0"", ""buy_10th_pre_bid"": ""-4850"", ""buy_10th_pre_req"": ""17492"", ""buy_10th_pre_req_pre"": ""0"", ""tot_sel_req_jub_pre"": ""--2"", ""tot_sel_req"": ""15716"", ""tot_buy_req"": ""42670"", ""tot_buy_req_jub_pre"": ""0"", ""ovt_sel_req_pre"": ""0"", ""ovt_sel_req"": ""0"", ""ovt_buy_req"": ""0"", ""ovt_buy_req_pre"": ""0"", ""return_code"": 0, ""return_msg"": ""정상적으로 처리되었습니다""}"
2026-06-10,scan_candidate,005930,,0,main_scan,308500,,308500,308000,308500,309000,0.0,0.1620745542949757,,,,,,"{""bid_req_base_tm"": ""103902"", ""sel_10th_pre_req_pre"": ""0"", ""sel_10th_pre_req"": ""15575"", ""sel_10th_pre_bid"": ""-313000"", ""sel_9th_pre_req_pre"": ""0"", ""sel_9th_pre_req"": ""16403"", ""sel_9th_pre_bid"": ""-312500"", ""sel_8th_pre_req_pre"": ""0"", ""sel_8th_pre_req"": ""35290"", ""sel_8th_pre_bid"": ""-312000"", ""sel_7th_pre_req_pre"": ""0"", ""sel_7th_pre_req"": ""12480"", ""sel_7th_pre_bid"": ""-311500"", ""sel_6th_pre_req_pre"": ""0"", ""sel_6th_pre_req"": ""15321"", ""sel_6th_pre_bid"": ""-311000"", ""sel_5th_pre_req_pre"": ""0"", ""sel_5th_pre_req"": ""16588"", ""sel_5th_pre_bid"": ""-310500"", ""sel_4th_pre_req_pre"": ""0"", ""sel_4th_pre_req"": ""17753"", ""sel_4th_pre_bid"": ""-310000"", ""sel_3th_pre_req_pre"": ""0"", ""sel_3th_pre_req"": ""12915"", ""sel_3th_pre_bid"": ""-309500"", ""sel_2th_pre_req_pre"": ""0"", ""sel_2th_pre_req"": ""32125"", ""sel_2th_pre_bid"": ""-309000"", ""sel_1th_pre_req_pre"": ""0"", ""sel_fpr_req"": ""5605"", ""sel_fpr_bid"": ""-308500"", ""buy_fpr_bid"": ""-308000"", ""buy_fpr_req"": ""8756"", ""buy_1th_pre_req_pre"": ""--9"", ""buy_2th_pre_bid"": ""-307500"", ""buy_2th_pre_req"": ""12346"", ""buy_2th_pre_req_pre"": ""0"", ""buy_3th_pre_bid"": ""-307000"", ""buy_3th_pre_req"": ""15658"", ""buy_3th_pre_req_pre"": ""0"", ""buy_4th_pre_bid"": ""-306500"", ""buy_4th_pre_req"": ""24370"", ""buy_4th_pre_req_pre"": ""+1"", ""buy_5th_pre_bid"": ""-306000"", ""buy_5th_pre_req"": ""88219"", ""buy_5th_pre_req_pre"": ""0"", ""buy_6th_pre_bid"": ""-305500"", ""buy_6th_pre_req"": ""93087"", ""buy_6th_pre_req_pre"": ""0"", ""buy_7th_pre_bid"": ""-305000"", ""buy_7th_pre_req"": ""221636"", ""buy_7th_pre_req_pre"": ""0"", ""buy_8th_pre_bid"": ""-304500"", ""buy_8th_pre_req"": ""30717"", ""buy_8th_pre_req_pre"": ""--14"", ""buy_9th_pre_bid"": ""-304000"", ""buy_9th_pre_req"": ""46982"", ""buy_9th_pre_req_pre"": ""0"", ""buy_10th_pre_bid"": ""-303500"", ""buy_10th_pre_req"": ""40512"", ""buy_10th_pre_req_pre"": ""0"", ""tot_sel_req_jub_pre"": ""0"", ""tot_sel_req"": ""180055"", ""tot_buy_req"": ""582283"", ""tot_buy_req_jub_pre"": ""--22"", ""ovt_sel_req_pre"": ""0"", ""ovt_sel_req"": ""0"", ""ovt_buy_req"": ""0"", ""ovt_buy_req_pre"": ""0"", ""return_code"": 0, ""return_msg"": ""정상적으로 처리되었습니다""}"
2026-06-10,scan_candidate,000660,,0,main_scan,2133000,,2133000,2132000,2133000,2135000,0.04688232536333802,0.04688232536333802,,,,,,"{""bid_req_base_tm"": ""103902"", ""sel_10th_pre_req_pre"": ""0"", ""sel_10th_pre_req"": ""129"", ""sel_10th_pre_bid"": ""-2142000"", ""sel_9th_pre_req_pre"": ""0"", ""sel_9th_pre_req"": ""140"", ""sel_9th_pre_bid"": ""-2141000"", ""sel_8th_pre_req_pre"": ""0"", ""sel_8th_pre_req"": ""533"", ""sel_8th_pre_bid"": ""-2140000"", ""sel_7th_pre_req_pre"": ""0"", ""sel_7th_pre_req"": ""170"", ""sel_7th_pre_bid"": ""-2139000"", ""sel_6th_pre_req_pre"": ""0"", ""sel_6th_pre_req"": ""198"", ""sel_6th_pre_bid"": ""-2138000"", ""sel_5th_pre_req_pre"": ""0"", ""sel_5th_pre_req"": ""293"", ""sel_5th_pre_bid"": ""-2137000"", ""sel_4th_pre_req_pre"": ""0"", ""sel_4th_pre_req"": ""254"", ""sel_4th_pre_bid"": ""-2136000"", ""sel_3th_pre_req_pre"": ""0"", ""sel_3th_pre_req"": ""328"", ""sel_3th_pre_bid"": ""-2135000"", ""sel_2th_pre_req_pre"": ""0"", ""sel_2th_pre_req"": ""276"", ""sel_2th_pre_bid"": ""-2134000"", ""sel_1th_pre_req_pre"": ""0"", ""sel_fpr_req"": ""100"", ""sel_fpr_bid"": ""-2133000"", ""buy_fpr_bid"": ""-2132000"", ""buy_fpr_req"": ""242"", ""buy_1th_pre_req_pre"": ""0"", ""buy_2th_pre_bid"": ""-2131000"", ""buy_2th_pre_req"": ""859"", ""buy_2th_pre_req_pre"": ""0"", ""buy_3th_pre_bid"": ""-2130000"", ""buy_3th_pre_req"": ""1234"", ""buy_3th_pre_req_pre"": ""0"", ""buy_4th_pre_bid"": ""-2129000"", ""buy_4th_pre_req"": ""126"", ""buy_4th_pre_req_pre"": ""0"", ""buy_5th_pre_bid"": ""-2128000"", ""buy_5th_pre_req"": ""275"", ""buy_5th_pre_req_pre"": ""0"", ""buy_6th_pre_bid"": ""-2127000"", ""buy_6th_pre_req"": ""163"", ""buy_6th_pre_req_pre"": ""+5"", ""buy_7th_pre_bid"": ""-2126000"", ""buy_7th_pre_req"": ""423"", ""buy_7th_pre_req_pre"": ""0"", ""buy_8th_pre_bid"": ""-2125000"", ""buy_8th_pre_req"": ""566"", ""buy_8th_pre_req_pre"": ""0"", ""buy_9th_pre_bid"": ""-2124000"", ""buy_9th_pre_req"": ""845"", ""buy_9th_pre_req_pre"": ""0"", ""buy_10th_pre_bid"": ""-2123000"", ""buy_10th_pre_req"": ""874"", ""buy_10th_pre_req_pre"": ""0"", ""tot_sel_req_jub_pre"": ""0"", ""tot_sel_req"": ""2421"", ""tot_buy_req"": ""5607"", ""tot_buy_req_jub_pre"": ""+5"", ""ovt_sel_req_pre"": ""0"", ""ovt_sel_req"": ""0"", ""ovt_buy_req"": ""0"", ""ovt_buy_req_pre"": ""0"", ""return_code"": 0, ""return_msg"": ""정상적으로 처리되었습니다""}"
2026-06-10,scan_candidate,402340,,0,main_scan,1223000,,1223000,1222000,1223000,1222000,-0.1635322976287817,0.08176614881439084,,,,,,"{""bid_req_base_tm"": ""103902"", ""sel_10th_pre_req_pre"": ""0"", ""sel_10th_pre_req"": ""16"", ""sel_10th_pre_bid"": ""-1232000"", ""sel_9th_pre_req_pre"": ""0"", ""sel_9th_pre_req"": ""42"", ""sel_9th_pre_bid"": ""-1231000"", ""sel_8th_pre_req_pre"": ""0"", ""sel_8th_pre_req"": ""151"", ""sel_8th_pre_bid"": ""-1230000"", ""sel_7th_pre_req_pre"": ""0"", ""sel_7th_pre_req"": ""10"", ""sel_7th_pre_bid"": ""-1229000"", ""sel_6th_pre_req_pre"": ""0"", ""sel_6th_pre_req"": ""5"", ""sel_6th_pre_bid"": ""-1228000"", ""sel_5th_pre_req_pre"": ""0"", ""sel_5th_pre_req"": ""140"", ""sel_5th_pre_bid"": ""-1227000"", ""sel_4th_pre_req_pre"": ""0"", ""sel_4th_pre_req"": ""106"", ""sel_4th_pre_bid"": ""-1226000"", ""sel_3th_pre_req_pre"": ""0"", ""sel_3th_pre_req"": ""231"", ""sel_3th_pre_bid"": ""-1225000"", ""sel_2th_pre_req_pre"": ""0"", ""sel_2th_pre_req"": ""89"", ""sel_2th_pre_bid"": ""-1224000"", ""sel_1th_pre_req_pre"": ""+3"", ""sel_fpr_req"": ""165"", ""sel_fpr_bid"": ""-1223000"", ""buy_fpr_bid"": ""-1222000"", ""buy_fpr_req"": ""372"", ""buy_1th_pre_req_pre"": ""0"", ""buy_2th_pre_bid"": ""-1221000"", ""buy_2th_pre_req"": ""20"", ""buy_2th_pre_req_pre"": ""0"", ""buy_3th_pre_bid"": ""-1220000"", ""buy_3th_pre_req"": ""1"", ""buy_3th_pre_req_pre"": ""0"", ""buy_4th_pre_bid"": ""-1219000"", ""buy_4th_pre_req"": ""105"", ""buy_4th_pre_req_pre"": ""0"", ""buy_5th_pre_bid"": ""-1217000"", ""buy_5th_pre_req"": ""2"", ""buy_5th_pre_req_pre"": ""0"", ""buy_6th_pre_bid"": ""-1216000"", ""buy_6th_pre_req"": ""72"", ""buy_6th_pre_req_pre"": ""0"", ""buy_7th_pre_bid"": ""-1215000"", ""buy_7th_pre_req"": ""192"", ""buy_7th_pre_req_pre"": ""0"", ""buy_8th_pre_bid"": ""-1214000"", ""buy_8th_pre_req"": ""24"", ""buy_8th_pre_req_pre"": ""0"", ""buy_9th_pre_bid"": ""-1213000"", ""buy_9th_pre_req"": ""48"", ""buy_9th_pre_req_pre"": ""0"", ""buy_10th_pre_bid"": ""-1212000"", ""buy_10th_pre_req"": ""132"", ""buy_10th_pre_req_pre"": ""0"", ""tot_sel_req_jub_pre"": ""+3"", ""tot_sel_req"": ""955"", ""tot_buy_req"": ""968"", ""tot_buy_req_jub_pre"": ""0"", ""ovt_sel_req_pre"": ""0"", ""ovt_sel_req"": ""0"", ""ovt_buy_req"": ""0"", ""ovt_buy_req_pre"": ""0"", ""return_code"": 0, ""return_msg"": ""정상적으로 처리되었습니다""}"
2026-06-10,scan_candidate,009150,,0,main_scan,1913000,,1913000,1912000,1913000,1911000,-0.15682174594877157,0.052273915316257184,,,,,,"{""bid_req_base_tm"": ""103902"", ""sel_10th_pre_req_pre"": ""0"", ""sel_10th_pre_req"": ""158"", ""sel_10th_pre_bid"": ""-1922000"", ""sel_9th_pre_req_pre"": ""0"", ""sel_9th_pre_req"": ""101"", ""sel_9th_pre_bid"": ""-1921000"", ""sel_8th_pre_req_pre"": ""0"", ""sel_8th_pre_req"": ""643"", ""sel_8th_pre_bid"": ""-1920000"", ""sel_7th_pre_req_pre"": ""--3"", ""sel_7th_pre_req"": ""280"", ""sel_7th_pre_bid"": ""-1919000"", ""sel_6th_pre_req_pre"": ""0"", ""sel_6th_pre_req"": ""242"", ""sel_6th_pre_bid"": ""-1918000"", ""sel_5th_pre_req_pre"": ""0"", ""sel_5th_pre_req"": ""102"", ""sel_5th_pre_bid"": ""-1917000"", ""sel_4th_pre_req_pre"": ""0"", ""sel_4th_pre_req"": ""141"", ""sel_4th_pre_bid"": ""-1916000"", ""sel_3th_pre_req_pre"": ""0"", ""sel_3th_pre_req"": ""138"", ""sel_3th_pre_bid"": ""-1915000"", ""sel_2th_pre_req_pre"": ""0"", ""sel_2th_pre_req"": ""79"", ""sel_2th_pre_bid"": ""-1914000"", ""sel_1th_pre_req_pre"": ""0"", ""sel_fpr_req"": ""132"", ""sel_fpr_bid"": ""-1913000"", ""buy_fpr_bid"": ""-1912000"", ""buy_fpr_req"": ""5"", ""buy_1th_pre_req_pre"": ""0"", ""buy_2th_pre_bid"": ""-1911000"", ""buy_2th_pre_req"": ""77"", ""buy_2th_pre_req_pre"": ""0"", ""buy_3th_pre_bid"": ""-1910000"", ""buy_3th_pre_req"": ""246"", ""buy_3th_pre_req_pre"": ""0"", ""buy_4th_pre_bid"": ""-1909000"", ""buy_4th_pre_req"": ""100"", ""buy_4th_pre_req_pre"": ""0"", ""buy_5th_pre_bid"": ""-1908000"", ""buy_5th_pre_req"": ""12"", ""buy_5th_pre_req_pre"": ""0"", ""buy_6th_pre_bid"": ""-1907000"", ""buy_6th_pre_req"": ""4"", ""buy_6th_pre_req_pre"": ""0"", ""buy_7th_pre_bid"": ""-1906000"", ""buy_7th_pre_req"": ""111"", ""buy_7th_pre_req_pre"": ""0"", ""buy_8th_pre_bid"": ""-1905000"", ""buy_8th_pre_req"": ""285"", ""buy_8th_pre_req_pre"": ""0"", ""buy_9th_pre_bid"": ""-1904000"", ""buy_9th_pre_req"": ""211"", ""buy_9th_pre_req_pre"": ""0"", ""buy_10th_pre_bid"": ""-1903000"", ""buy_10th_pre_req"": ""50"", ""buy_10th_pre_req_pre"": ""0"", ""tot_sel_req_jub_pre"": ""--3"", ""tot_sel_req"": ""2016"", ""tot_buy_req"": ""1101"", ""tot_buy_req_jub_pre"": ""0"", ""ovt_sel_req_pre"": ""0"", ""ovt_sel_req"": ""0"", ""ovt_buy_req"": ""0"", ""ovt_buy_req_pre"": ""0"", ""return_code"": 0, ""return_msg"": ""정상적으로 처리되었습니다""}"
2026-06-10,scan_candidate,032830,,0,main_scan,375000,,375000,374500,375000,373500,-0.5333333333333333,0.13333333333333333,,,,,,"{""bid_req_base_tm"": ""103902"", ""sel_10th_pre_req_pre"": ""0"", ""sel_10th_pre_req"": ""108"", ""sel_10th_pre_bid"": ""-379500"", ""sel_9th_pre_req_pre"": ""0"", ""sel_9th_pre_req"": ""411"", ""sel_9th_pre_bid"": ""-379000"", ""sel_8th_pre_req_pre"": ""0"", ""sel_8th_pre_req"": ""63"", ""sel_8th_pre_bid"": ""-378500"", ""sel_7th_pre_req_pre"": ""0"", ""sel_7th_pre_req"": ""57"", ""sel_7th_pre_bid"": ""-378000"", ""sel_6th_pre_req_pre"": ""0"", ""sel_6th_pre_req"": ""19"", ""sel_6th_pre_bid"": ""-377500"", ""sel_5th_pre_req_pre"": ""0"", ""sel_5th_pre_req"": ""30"", ""sel_5th_pre_bid"": ""-377000"", ""sel_4th_pre_req_pre"": ""0"", ""sel_4th_pre_req"": ""150"", ""sel_4th_pre_bid"": ""-376500"", ""sel_3th_pre_req_pre"": ""0"", ""sel_3th_pre_req"": ""155"", ""sel_3th_pre_bid"": ""-376000"", ""sel_2th_pre_req_pre"": ""0"", ""sel_2th_pre_req"": ""497"", ""sel_2th_pre_bid"": ""-375500"", ""sel_1th_pre_req_pre"": ""0"", ""sel_fpr_req"": ""311"", ""sel_fpr_bid"": ""-375000"", ""buy_fpr_bid"": ""-374500"", ""buy_fpr_req"": ""331"", ""buy_1th_pre_req_pre"": ""--1"", ""buy_2th_pre_bid"": ""-374000"", ""buy_2th_pre_req"": ""3"", ""buy_2th_pre_req_pre"": ""0"", ""buy_3th_pre_bid"": ""-373500"", ""buy_3th_pre_req"": ""92"", ""buy_3th_pre_req_pre"": ""0"", ""buy_4th_pre_bid"": ""-373000"", ""buy_4th_pre_req"": ""54"", ""buy_4th_pre_req_pre"": ""0"", ""buy_5th_pre_bid"": ""-372500"", ""buy_5th_pre_req"": ""26"", ""buy_5th_pre_req_pre"": ""0"", ""buy_6th_pre_bid"": ""-372000"", ""buy_6th_pre_req"": ""217"", ""buy_6th_pre_req_pre"": ""0"", ""buy_7th_pre_bid"": ""-371500"", ""buy_7th_pre_req"": ""55"", ""buy_7th_pre_req_pre"": ""0"", ""buy_8th_pre_bid"": ""-371000"", ""buy_8th_pre_req"": ""76"", ""buy_8th_pre_req_pre"": ""0"", ""buy_9th_pre_bid"": ""-370500"", ""buy_9th_pre_req"": ""97"", ""buy_9th_pre_req_pre"": ""0"", ""buy_10th_pre_bid"": ""-370000"", ""buy_10th_pre_req"": ""179"", ""buy_10th_pre_req_pre"": ""0"", ""tot_sel_req_jub_pre"": ""0"", ""tot_sel_req"": ""1801"", ""tot_buy_req"": ""1130"", ""tot_buy_req_jub_pre"": ""--1"", ""ovt_sel_req_pre"": ""0"", ""ovt_sel_req"": ""0"", ""ovt_buy_req"": ""0"", ""ovt_buy_req_pre"": ""0"", ""return_code"": 0, ""return_msg"": ""정상적으로 처리되었습니다""}"
2026-06-10,scan_candidate,012330,,0,main_scan,583000,,583000,582000,583000,584000,0.0,0.17152658662092624,,,,,,"{""bid_req_base_tm"": ""103902"", ""sel_10th_pre_req_pre"": ""0"", ""sel_10th_pre_req"": ""591"", ""sel_10th_pre_bid"": ""-592000"", ""sel_9th_pre_req_pre"": ""0"", ""sel_9th_pre_req"": ""284"", ""sel_9th_pre_bid"": ""-591000"", ""sel_8th_pre_req_pre"": ""0"", ""sel_8th_pre_req"": ""260"", ""sel_8th_pre_bid"": ""-590000"", ""sel_7th_pre_req_pre"": ""0"", ""sel_7th_pre_req"": ""266"", ""sel_7th_pre_bid"": ""-589000"", ""sel_6th_pre_req_pre"": ""0"", ""sel_6th_pre_req"": ""288"", ""sel_6th_pre_bid"": ""-588000"", ""sel_5th_pre_req_pre"": ""0"", ""sel_5th_pre_req"": ""55"", ""sel_5th_pre_bid"": ""-587000"", ""sel_4th_pre_req_pre"": ""0"", ""sel_4th_pre_req"": ""49"", ""sel_4th_pre_bid"": ""-586000"", ""sel_3th_pre_req_pre"": ""0"", ""sel_3th_pre_req"": ""49"", ""sel_3th_pre_bid"": ""-585000"", ""sel_2th_pre_req_pre"": ""0"", ""sel_2th_pre_req"": ""405"", ""sel_2th_pre_bid"": ""-584000"", ""sel_1th_pre_req_pre"": ""0"", ""sel_fpr_req"": ""390"", ""sel_fpr_bid"": ""-583000"", ""buy_fpr_bid"": ""-582000"", ""buy_fpr_req"": ""34"", ""buy_1th_pre_req_pre"": ""0"", ""buy_2th_pre_bid"": ""-581000"", ""buy_2th_pre_req"": ""601"", ""buy_2th_pre_req_pre"": ""--3"", ""buy_3th_pre_bid"": ""-580000"", ""buy_3th_pre_req"": ""846"", ""buy_3th_pre_req_pre"": ""0"", ""buy_4th_pre_bid"": ""-579000"", ""buy_4th_pre_req"": ""232"", ""buy_4th_pre_req_pre"": ""0"", ""buy_5th_pre_bid"": ""-578000"", ""buy_5th_pre_req"": ""557"", ""buy_5th_pre_req_pre"": ""0"", ""buy_6th_pre_bid"": ""-577000"", ""buy_6th_pre_req"": ""916"", ""buy_6th_pre_req_pre"": ""0"", ""buy_7th_pre_bid"": ""-576000"", ""buy_7th_pre_req"": ""1090"", ""buy_7th_pre_req_pre"": ""0"", ""buy_8th_pre_bid"": ""-575000"", ""buy_8th_pre_req"": ""1314"", ""buy_8th_pre_req_pre"": ""0"", ""buy_9th_pre_bid"": ""-574000"", ""buy_9th_pre_req"": ""636"", ""buy_9th_pre_req_pre"": ""0"", ""buy_10th_pre_bid"": ""-573000"", ""buy_10th_pre_req"": ""927"", ""buy_10th_pre_req_pre"": ""0"", ""tot_sel_req_jub_pre"": ""0"", ""tot_sel_req"": ""2637"", ""tot_buy_req"": ""7153"", ""tot_buy_req_jub_pre"": ""--3"", ""ovt_sel_req_pre"": ""0"", ""ovt_sel_req"": ""0"", ""ovt_buy_req"": ""0"", ""ovt_buy_req_pre"": ""0"", ""return_code"": 0, ""return_msg"": ""정상적으로 처리되었습니다""}"
2026-06-10,scan_candidate,055550,,0,main_scan,99800,,99800,99700,99800,99800,-0.1002004008016032,0.1002004008016032,,,,,,"{""bid_req_base_tm"": ""103902"", ""sel_10th_pre_req_pre"": ""0"", ""sel_10th_pre_req"": ""1116"", ""sel_10th_pre_bid"": ""-100800"", ""sel_9th_pre_req_pre"": ""0"", ""sel_9th_pre_req"": ""131"", ""sel_9th_pre_bid"": ""-100700"", ""sel_8th_pre_req_pre"": ""0"", ""sel_8th_pre_req"": ""127"", ""sel_8th_pre_bid"": ""-100600"", ""sel_7th_pre_req_pre"": ""0"", ""sel_7th_pre_req"": ""1482"", ""sel_7th_pre_bid"": ""-100500"", ""sel_6th_pre_req_pre"": ""0"", ""sel_6th_pre_req"": ""1444"", ""sel_6th_pre_bid"": ""-100400"", ""sel_5th_pre_req_pre"": ""0"", ""sel_5th_pre_req"": ""402"", ""sel_5th_pre_bid"": ""-100300"", ""sel_4th_pre_req_pre"": ""0"", ""sel_4th_pre_req"": ""586"", ""sel_4th_pre_bid"": ""-100200"", ""sel_3th_pre_req_pre"": ""0"", ""sel_3th_pre_req"": ""998"", ""sel_3th_pre_bid"": ""-100100"", ""sel_2th_pre_req_pre"": ""0"", ""sel_2th_pre_req"": ""2"", ""sel_2th_pre_bid"": ""-99900"", ""sel_1th_pre_req_pre"": ""0"", ""sel_fpr_req"": ""34"", ""sel_fpr_bid"": ""-99800"", ""buy_fpr_bid"": ""-99700"", ""buy_fpr_req"": ""940"", ""buy_1th_pre_req_pre"": ""+38"", ""buy_2th_pre_bid"": ""-99600"", ""buy_2th_pre_req"": ""1485"", ""buy_2th_pre_req_pre"": ""0"", ""buy_3th_pre_bid"": ""-99500"", ""buy_3th_pre_req"": ""883"", ""buy_3th_pre_req_pre"": ""0"", ""buy_4th_pre_bid"": ""-99400"", ""buy_4th_pre_req"": ""613"", ""buy_4th_pre_req_pre"": ""0"", ""buy_5th_pre_bid"": ""-99300"", ""buy_5th_pre_req"": ""110"", ""buy_5th_pre_req_pre"": ""0"", ""buy_6th_pre_bid"": ""-99200"", ""buy_6th_pre_req"": ""141"", ""buy_6th_pre_req_pre"": ""0"", ""buy_7th_pre_bid"": ""-99100"", ""buy_7th_pre_req"": ""214"", ""buy_7th_pre_req_pre"": ""0"", ""buy_8th_pre_bid"": ""-99000"", ""buy_8th_pre_req"": ""428"", ""buy_8th_pre_req_pre"": ""0"", ""buy_9th_pre_bid"": ""-98900"", ""buy_9th_pre_req"": ""179"", ""buy_9th_pre_req_pre"": ""0"", ""buy_10th_pre_bid"": ""-98800"", ""buy_10th_pre_req"": ""288"", ""buy_10th_pre_req_pre"": ""0"", ""tot_sel_req_jub_pre"": ""0"", ""tot_sel_req"": ""6322"", ""tot_buy_req"": ""5281"", ""tot_buy_req_jub_pre"": ""+38"", ""ovt_sel_req_pre"": ""0"", ""ovt_sel_req"": ""0"", ""ovt_buy_req"": ""0"", ""ovt_buy_req_pre"": ""0"", ""return_code"": 0, ""return_msg"": ""정상적으로 처리되었습니다""}"
2026-06-10,scan_candidate,034730,,0,main_scan,590000,,590000,589000,590000,587000,-0.6779661016949152,0.1694915254237288,,,,,,"{""bid_req_base_tm"": ""103901"", ""sel_10th_pre_req_pre"": ""0"", ""sel_10th_pre_req"": ""131"", ""sel_10th_pre_bid"": ""+599000"", ""sel_9th_pre_req_pre"": ""0"", ""sel_9th_pre_req"": ""138"", ""sel_9th_pre_bid"": ""+598000"", ""sel_8th_pre_req_pre"": ""0"", ""sel_8th_pre_req"": ""121"", ""sel_8th_pre_bid"": ""+597000"", ""sel_7th_pre_req_pre"": ""0"", ""sel_7th_pre_req"": ""209"", ""sel_7th_pre_bid"": ""+596000"", ""sel_6th_pre_req_pre"": ""0"", ""sel_6th_pre_req"": ""269"", ""sel_6th_pre_bid"": ""+595000"", ""sel_5th_pre_req_pre"": ""0"", ""sel_5th_pre_req"": ""288"", ""sel_5th_pre_bid"": ""594000"", ""sel_4th_pre_req_pre"": ""0"", ""sel_4th_pre_req"": ""196"", ""sel_4th_pre_bid"": ""-593000"", ""sel_3th_pre_req_pre"": ""0"", ""sel_3th_pre_req"": ""72"", ""sel_3th_pre_bid"": ""-592000"", ""sel_2th_pre_req_pre"": ""0"", ""sel_2th_pre_req"": ""43"", ""sel_2th_pre_bid"": ""-591000"", ""sel_1th_pre_req_pre"": ""0"", ""sel_fpr_req"": ""139"", ""sel_fpr_bid"": ""-590000"", ""buy_fpr_bid"": ""-589000"", ""buy_fpr_req"": ""113"", ""buy_1th_pre_req_pre"": ""+20"", ""buy_2th_pre_bid"": ""-588000"", ""buy_2th_pre_req"": ""163"", ""buy_2th_pre_req_pre"": ""+110"", ""buy_3th_pre_bid"": ""-587000"", ""buy_3th_pre_req"": ""75"", ""buy_3th_pre_req_pre"": ""--130"", ""buy_4th_pre_bid"": ""-586000"", ""buy_4th_pre_req"": ""12"", ""buy_4th_pre_req_pre"": ""0"", ""buy_5th_pre_bid"": ""-585000"", ""buy_5th_pre_req"": ""85"", ""buy_5th_pre_req_pre"": ""0"", ""buy_6th_pre_bid"": ""-584000"", ""buy_6th_pre_req"": ""21"", ""buy_6th_pre_req_pre"": ""0"", ""buy_7th_pre_bid"": ""-583000"", ""buy_7th_pre_req"": ""34"", ""buy_7th_pre_req_pre"": ""0"", ""buy_8th_pre_bid"": ""-582000"", ""buy_8th_pre_req"": ""91"", ""buy_8th_pre_req_pre"": ""0"", ""buy_9th_pre_bid"": ""-581000"", ""buy_9th_pre_req"": ""111"", ""buy_9th_pre_req_pre"": ""0"", ""buy_10th_pre_bid"": ""-580000"", ""buy_10th_pre_req"": ""115"", ""buy_10th_pre_req_pre"": ""0"", ""tot_sel_req_jub_pre"": ""0"", ""tot_sel_req"": ""1606"", ""tot_buy_req"": ""820"", ""tot_buy_req_jub_pre"": ""0"", ""ovt_sel_req_pre"": ""0"", ""ovt_sel_req"": ""0"", ""ovt_buy_req"": ""0"", ""ovt_buy_req_pre"": ""0"", ""return_code"": 0, ""return_msg"": ""정상적으로 처리되었습니다""}"
2026-06-10,scan_candidate,066570,,0,main_scan,232500,,232500,232000,232500,234000,0.43010752688172044,0.21505376344086022,,,,,,"{""bid_req_base_tm"": ""103903"", ""sel_10th_pre_req_pre"": ""0"", ""sel_10th_pre_req"": ""1682"", ""sel_10th_pre_bid"": ""-237000"", ""sel_9th_pre_req_pre"": ""0"", ""sel_9th_pre_req"": ""1327"", ""sel_9th_pre_bid"": ""-236500"", ""sel_8th_pre_req_pre"": ""0"", ""sel_8th_pre_req"": ""2935"", ""sel_8th_pre_bid"": ""-236000"", ""sel_7th_pre_req_pre"": ""0"", ""sel_7th_pre_req"": ""2108"", ""sel_7th_pre_bid"": ""-235500"", ""sel_6th_pre_req_pre"": ""0"", ""sel_6th_pre_req"": ""3284"", ""sel_6th_pre_bid"": ""-235000"", ""sel_5th_pre_req_pre"": ""0"", ""sel_5th_pre_req"": ""2051"", ""sel_5th_pre_bid"": ""-234500"", ""sel_4th_pre_req_pre"": ""0"", ""sel_4th_pre_req"": ""1336"", ""sel_4th_pre_bid"": ""-234000"", ""sel_3th_pre_req_pre"": ""0"", ""sel_3th_pre_req"": ""2115"", ""sel_3th_pre_bid"": ""-233500"", ""sel_2th_pre_req_pre"": ""0"", ""sel_2th_pre_req"": ""2081"", ""sel_2th_pre_bid"": ""-233000"", ""sel_1th_pre_req_pre"": ""0"", ""sel_fpr_req"": ""3219"", ""sel_fpr_bid"": ""-232500"", ""buy_fpr_bid"": ""-232000"", ""buy_fpr_req"": ""4727"", ""buy_1th_pre_req_pre"": ""0"", ""buy_2th_pre_bid"": ""-231500"", ""buy_2th_pre_req"": ""7159"", ""buy_2th_pre_req_pre"": ""0"", ""buy_3th_pre_bid"": ""-231000"", ""buy_3th_pre_req"": ""12054"", ""buy_3th_pre_req_pre"": ""0"", ""buy_4th_pre_bid"": ""-230500"", ""buy_4th_pre_req"": ""16086"", ""buy_4th_pre_req_pre"": ""0"", ""buy_5th_pre_bid"": ""-230000"", ""buy_5th_pre_req"": ""41054"", ""buy_5th_pre_req_pre"": ""0"", ""buy_6th_pre_bid"": ""-229500"", ""buy_6th_pre_req"": ""5661"", ""buy_6th_pre_req_pre"": ""0"", ""buy_7th_pre_bid"": ""-229000"", ""buy_7th_pre_req"": ""7635"", ""buy_7th_pre_req_pre"": ""0"", ""buy_8th_pre_bid"": ""-228500"", ""buy_8th_pre_req"": ""6272"", ""buy_8th_pre_req_pre"": ""0"", ""buy_9th_pre_bid"": ""-228000"", ""buy_9th_pre_req"": ""11494"", ""buy_9th_pre_req_pre"": ""0"", ""buy_10th_pre_bid"": ""-227500"", ""buy_10th_pre_req"": ""4148"", ""buy_10th_pre_req_pre"": ""0"", ""tot_sel_req_jub_pre"": ""0"", ""tot_sel_req"": ""22138"", ""tot_buy_req"": ""116290"", ""tot_buy_req_jub_pre"": ""0"", ""ovt_sel_req_pre"": ""0"", ""ovt_sel_req"": ""0"", ""ovt_buy_req"": ""0"", ""ovt_buy_req_pre"": ""0"", ""return_code"": 0, ""return_msg"": ""정상적으로 처리되었습니다""}"
2026-06-10,scan_candidate,035420,,0,main_scan,236500,,236500,236000,236500,238000,0.42283298097251587,0.21141649048625794,,,,,,"{""bid_req_base_tm"": ""103903"", ""sel_10th_pre_req_pre"": ""0"", ""sel_10th_pre_req"": ""2652"", ""sel_10th_pre_bid"": ""-241000"", ""sel_9th_pre_req_pre"": ""0"", ""sel_9th_pre_req"": ""3386"", ""sel_9th_pre_bid"": ""-240500"", ""sel_8th_pre_req_pre"": ""0"", ""sel_8th_pre_req"": ""4543"", ""sel_8th_pre_bid"": ""-240000"", ""sel_7th_pre_req_pre"": ""0"", ""sel_7th_pre_req"": ""2907"", ""sel_7th_pre_bid"": ""-239500"", ""sel_6th_pre_req_pre"": ""0"", ""sel_6th_pre_req"": ""3220"", ""sel_6th_pre_bid"": ""-239000"", ""sel_5th_pre_req_pre"": ""0"", ""sel_5th_pre_req"": ""1697"", ""sel_5th_pre_bid"": ""-238500"", ""sel_4th_pre_req_pre"": ""0"", ""sel_4th_pre_req"": ""2564"", ""sel_4th_pre_bid"": ""-238000"", ""sel_3th_pre_req_pre"": ""0"", ""sel_3th_pre_req"": ""5175"", ""sel_3th_pre_bid"": ""-237500"", ""sel_2th_pre_req_pre"": ""0"", ""sel_2th_pre_req"": ""4853"", ""sel_2th_pre_bid"": ""-237000"", ""sel_1th_pre_req_pre"": ""+1"", ""sel_fpr_req"": ""6011"", ""sel_fpr_bid"": ""-236500"", ""buy_fpr_bid"": ""-236000"", ""buy_fpr_req"": ""3544"", ""buy_1th_pre_req_pre"": ""0"", ""buy_2th_pre_bid"": ""-235500"", ""buy_2th_pre_req"": ""8778"", ""buy_2th_pre_req_pre"": ""0"", ""buy_3th_pre_bid"": ""-235000"", ""buy_3th_pre_req"": ""26890"", ""buy_3th_pre_req_pre"": ""0"", ""buy_4th_pre_bid"": ""-234500"", ""buy_4th_pre_req"": ""54561"", ""buy_4th_pre_req_pre"": ""0"", ""buy_5th_pre_bid"": ""-234000"", ""buy_5th_pre_req"": ""8922"", ""buy_5th_pre_req_pre"": ""0"", ""buy_6th_pre_bid"": ""-233500"", ""buy_6th_pre_req"": ""7607"", ""buy_6th_pre_req_pre"": ""0"", ""buy_7th_pre_bid"": ""-233000"", ""buy_7th_pre_req"": ""9396"", ""buy_7th_pre_req_pre"": ""0"", ""buy_8th_pre_bid"": ""-232500"", ""buy_8th_pre_req"": ""7512"", ""buy_8th_pre_req_pre"": ""0"", ""buy_9th_pre_bid"": ""-232000"", ""buy_9th_pre_req"": ""10840"", ""buy_9th_pre_req_pre"": ""0"", ""buy_10th_pre_bid"": ""-231500"", ""buy_10th_pre_req"": ""9042"", ""buy_10th_pre_req_pre"": ""0"", ""tot_sel_req_jub_pre"": ""+1"", ""tot_sel_req"": ""37008"", ""tot_buy_req"": ""147092"", ""tot_buy_req_jub_pre"": ""0"", ""ovt_sel_req_pre"": ""0"", ""ovt_sel_req"": ""0"", ""ovt_buy_req"": ""0"", ""ovt_buy_req_pre"": ""0"", ""return_code"": 0, ""return_msg"": ""정상적으로 처리되었습니다""}"
2026-06-10,scan_candidate,267260,,0,main_scan,1027000,,1027000,1026000,1027000,1023000,-0.4868549172346641,0.09737098344693282,,,,,,"{""bid_req_base_tm"": ""103903"", ""sel_10th_pre_req_pre"": ""0"", ""sel_10th_pre_req"": ""35"", ""sel_10th_pre_bid"": ""+1036000"", ""sel_9th_pre_req_pre"": ""0"", ""sel_9th_pre_req"": ""237"", ""sel_9th_pre_bid"": ""+1035000"", ""sel_8th_pre_req_pre"": ""0"", ""sel_8th_pre_req"": ""101"", ""sel_8th_pre_bid"": ""+1034000"", ""sel_7th_pre_req_pre"": ""0"", ""sel_7th_pre_req"": ""87"", ""sel_7th_pre_bid"": ""+1033000"", ""sel_6th_pre_req_pre"": ""0"", ""sel_6th_pre_req"": ""75"", ""sel_6th_pre_bid"": ""+1032000"", ""sel_5th_pre_req_pre"": ""0"", ""sel_5th_pre_req"": ""249"", ""sel_5th_pre_bid"": ""+1031000"", ""sel_4th_pre_req_pre"": ""0"", ""sel_4th_pre_req"": ""249"", ""sel_4th_pre_bid"": ""+1030000"", ""sel_3th_pre_req_pre"": ""0"", ""sel_3th_pre_req"": ""253"", ""sel_3th_pre_bid"": ""+1029000"", ""sel_2th_pre_req_pre"": ""+9"", ""sel_2th_pre_req"": ""29"", ""sel_2th_pre_bid"": ""+1028000"", ""sel_1th_pre_req_pre"": ""0"", ""sel_fpr_req"": ""13"", ""sel_fpr_bid"": ""+1027000"", ""buy_fpr_bid"": ""+1026000"", ""buy_fpr_req"": ""3"", ""buy_1th_pre_req_pre"": ""0"", ""buy_2th_pre_bid"": ""+1024000"", ""buy_2th_pre_req"": ""6"", ""buy_2th_pre_req_pre"": ""0"", ""buy_3th_pre_bid"": ""+1023000"", ""buy_3th_pre_req"": ""16"", ""buy_3th_pre_req_pre"": ""0"", ""buy_4th_pre_bid"": ""+1022000"", ""buy_4th_pre_req"": ""11"", ""buy_4th_pre_req_pre"": ""0"", ""buy_5th_pre_bid"": ""+1021000"", ""buy_5th_pre_req"": ""3"", ""buy_5th_pre_req_pre"": ""0"", ""buy_6th_pre_bid"": ""+1020000"", ""buy_6th_pre_req"": ""168"", ""buy_6th_pre_req_pre"": ""0"", ""buy_7th_pre_bid"": ""+1019000"", ""buy_7th_pre_req"": ""65"", ""buy_7th_pre_req_pre"": ""0"", ""buy_8th_pre_bid"": ""+1018000"", ""buy_8th_pre_req"": ""74"", ""buy_8th_pre_req_pre"": ""0"", ""buy_9th_pre_bid"": ""+1017000"", ""buy_9th_pre_req"": ""16"", ""buy_9th_pre_req_pre"": ""0"", ""buy_10th_pre_bid"": ""+1016000"", ""buy_10th_pre_req"": ""47"", ""buy_10th_pre_req_pre"": ""0"", ""tot_sel_req_jub_pre"": ""+9"", ""tot_sel_req"": ""1328"", ""tot_buy_req"": ""409"", ""tot_buy_req_jub_pre"": ""0"", ""ovt_sel_req_pre"": ""0"", ""ovt_sel_req"": ""0"", ""ovt_buy_req"": ""0"", ""ovt_buy_req_pre"": ""0"", ""return_code"": 0, ""return_msg"": ""정상적으로 처리되었습니다""}"
2026-06-10,scan_candidate,086790,,0,main_scan,119100,,119100,119000,119100,119000,-0.5037783375314862,0.08396305625524769,,,,,,"{""bid_req_base_tm"": ""103904"", ""sel_10th_pre_req_pre"": ""0"", ""sel_10th_pre_req"": ""188"", ""sel_10th_pre_bid"": ""+120100"", ""sel_9th_pre_req_pre"": ""0"", ""sel_9th_pre_req"": ""519"", ""sel_9th_pre_bid"": ""+120000"", ""sel_8th_pre_req_pre"": ""0"", ""sel_8th_pre_req"": ""60"", ""sel_8th_pre_bid"": ""+119900"", ""sel_7th_pre_req_pre"": ""0"", ""sel_7th_pre_req"": ""8"", ""sel_7th_pre_bid"": ""+119800"", ""sel_6th_pre_req_pre"": ""0"", ""sel_6th_pre_req"": ""51"", ""sel_6th_pre_bid"": ""+119700"", ""sel_5th_pre_req_pre"": ""0"", ""sel_5th_pre_req"": ""152"", ""sel_5th_pre_bid"": ""+119600"", ""sel_4th_pre_req_pre"": ""0"", ""sel_4th_pre_req"": ""51"", ""sel_4th_pre_bid"": ""+119500"", ""sel_3th_pre_req_pre"": ""0"", ""sel_3th_pre_req"": ""200"", ""sel_3th_pre_bid"": ""+119400"", ""sel_2th_pre_req_pre"": ""0"", ""sel_2th_pre_req"": ""611"", ""sel_2th_pre_bid"": ""+119300"", ""sel_1th_pre_req_pre"": ""0"", ""sel_fpr_req"": ""174"", ""sel_fpr_bid"": ""+119100"", ""buy_fpr_bid"": ""119000"", ""buy_fpr_req"": ""755"", ""buy_1th_pre_req_pre"": ""0"", ""buy_2th_pre_bid"": ""-118900"", ""buy_2th_pre_req"": ""338"", ""buy_2th_pre_req_pre"": ""0"", ""buy_3th_pre_bid"": ""-118800"", ""buy_3th_pre_req"": ""55"", ""buy_3th_pre_req_pre"": ""0"", ""buy_4th_pre_bid"": ""-118700"", ""buy_4th_pre_req"": ""77"", ""buy_4th_pre_req_pre"": ""0"", ""buy_5th_pre_bid"": ""-118600"", ""buy_5th_pre_req"": ""179"", ""buy_5th_pre_req_pre"": ""0"", ""buy_6th_pre_bid"": ""-118500"", ""buy_6th_pre_req"": ""356"", ""buy_6th_pre_req_pre"": ""0"", ""buy_7th_pre_bid"": ""-118400"", ""buy_7th_pre_req"": ""554"", ""buy_7th_pre_req_pre"": ""--4"", ""buy_8th_pre_bid"": ""-118300"", ""buy_8th_pre_req"": ""836"", ""buy_8th_pre_req_pre"": ""0"", ""buy_9th_pre_bid"": ""-118200"", ""buy_9th_pre_req"": ""178"", ""buy_9th_pre_req_pre"": ""0"", ""buy_10th_pre_bid"": ""-118100"", ""buy_10th_pre_req"": ""73"", ""buy_10th_pre_req_pre"": ""0"", ""tot_sel_req_jub_pre"": ""0"", ""tot_sel_req"": ""2014"", ""tot_buy_req"": ""3401"", ""tot_buy_req_jub_pre"": ""--4"", ""ovt_sel_req_pre"": ""0"", ""ovt_sel_req"": ""0"", ""ovt_buy_req"": ""0"", ""ovt_buy_req_pre"": ""0"", ""return_code"": 0, ""return_msg"": ""정상적으로 처리되었습니다""}"
2026-06-10,scan_candidate,298040,,0,main_scan,3549000,,3549000,3548000,3549000,3547000,-0.08453085376162299,0.02817695125387433,,,,,,"{""bid_req_base_tm"": ""103904"", ""sel_10th_pre_req_pre"": ""0"", ""sel_10th_pre_req"": ""2"", ""sel_10th_pre_bid"": ""+3579000"", ""sel_9th_pre_req_pre"": ""0"", ""sel_9th_pre_req"": ""1"", ""sel_9th_pre_bid"": ""+3577000"", ""sel_8th_pre_req_pre"": ""0"", ""sel_8th_pre_req"": ""1"", ""sel_8th_pre_bid"": ""+3571000"", ""sel_7th_pre_req_pre"": ""0"", ""sel_7th_pre_req"": ""3"", ""sel_7th_pre_bid"": ""+3570000"", ""sel_6th_pre_req_pre"": ""0"", ""sel_6th_pre_req"": ""1"", ""sel_6th_pre_bid"": ""+3565000"", ""sel_5th_pre_req_pre"": ""0"", ""sel_5th_pre_req"": ""831"", ""sel_5th_pre_bid"": ""+3564000"", ""sel_4th_pre_req_pre"": ""0"", ""sel_4th_pre_req"": ""14"", ""sel_4th_pre_bid"": ""+3563000"", ""sel_3th_pre_req_pre"": ""0"", ""sel_3th_pre_req"": ""3"", ""sel_3th_pre_bid"": ""+3559000"", ""sel_2th_pre_req_pre"": ""0"", ""sel_2th_pre_req"": ""10"", ""sel_2th_pre_bid"": ""+3557000"", ""sel_1th_pre_req_pre"": ""+6"", ""sel_fpr_req"": ""14"", ""sel_fpr_bid"": ""+3549000"", ""buy_fpr_bid"": ""+3548000"", ""buy_fpr_req"": ""25"", ""buy_1th_pre_req_pre"": ""0"", ""buy_2th_pre_bid"": ""+3541000"", ""buy_2th_pre_req"": ""3"", ""buy_2th_pre_req_pre"": ""0"", ""buy_3th_pre_bid"": ""+3540000"", ""buy_3th_pre_req"": ""9"", ""buy_3th_pre_req_pre"": ""0"", ""buy_4th_pre_bid"": ""+3539000"", ""buy_4th_pre_req"": ""21"", ""buy_4th_pre_req_pre"": ""0"", ""buy_5th_pre_bid"": ""+3538000"", ""buy_5th_pre_req"": ""1"", ""buy_5th_pre_req_pre"": ""0"", ""buy_6th_pre_bid"": ""+3536000"", ""buy_6th_pre_req"": ""3"", ""buy_6th_pre_req_pre"": ""0"", ""buy_7th_pre_bid"": ""+3535000"", ""buy_7th_pre_req"": ""4"", ""buy_7th_pre_req_pre"": ""0"", ""buy_8th_pre_bid"": ""+3532000"", ""buy_8th_pre_req"": ""7"", ""buy_8th_pre_req_pre"": ""0"", ""buy_9th_pre_bid"": ""+3531000"", ""buy_9th_pre_req"": ""1"", ""buy_9th_pre_req_pre"": ""0"", ""buy_10th_pre_bid"": ""+3530000"", ""buy_10th_pre_req"": ""12"", ""buy_10th_pre_req_pre"": ""0"", ""tot_sel_req_jub_pre"": ""+6"", ""tot_sel_req"": ""880"", ""tot_buy_req"": ""86"", ""tot_buy_req_jub_pre"": ""0"", ""ovt_sel_req_pre"": ""0"", ""ovt_sel_req"": ""0"", ""ovt_buy_req"": ""0"", ""ovt_buy_req_pre"": ""0"", ""return_code"": 0, ""return_msg"": ""정상적으로 처리되었습니다""}"
2026-06-10,scan_candidate,000810,,0,main_scan,618000,,618000,617000,618000,613000,-0.9708737864077669,0.16181229773462785,,,,,,"{""bid_req_base_tm"": ""103858"", ""sel_10th_pre_req_pre"": ""0"", ""sel_10th_pre_req"": ""17"", ""sel_10th_pre_bid"": ""-627000"", ""sel_9th_pre_req_pre"": ""0"", ""sel_9th_pre_req"": ""23"", ""sel_9th_pre_bid"": ""-626000"", ""sel_8th_pre_req_pre"": ""0"", ""sel_8th_pre_req"": ""108"", ""sel_8th_pre_bid"": ""-625000"", ""sel_7th_pre_req_pre"": ""0"", ""sel_7th_pre_req"": ""13"", ""sel_7th_pre_bid"": ""-624000"", ""sel_6th_pre_req_pre"": ""0"", ""sel_6th_pre_req"": ""316"", ""sel_6th_pre_bid"": ""-623000"", ""sel_5th_pre_req_pre"": ""0"", ""sel_5th_pre_req"": ""131"", ""sel_5th_pre_bid"": ""-622000"", ""sel_4th_pre_req_pre"": ""0"", ""sel_4th_pre_req"": ""154"", ""sel_4th_pre_bid"": ""-621000"", ""sel_3th_pre_req_pre"": ""0"", ""sel_3th_pre_req"": ""22"", ""sel_3th_pre_bid"": ""-620000"", ""sel_2th_pre_req_pre"": ""0"", ""sel_2th_pre_req"": ""258"", ""sel_2th_pre_bid"": ""-619000"", ""sel_1th_pre_req_pre"": ""+12"", ""sel_fpr_req"": ""556"", ""sel_fpr_bid"": ""-618000"", ""buy_fpr_bid"": ""-617000"", ""buy_fpr_req"": ""322"", ""buy_1th_pre_req_pre"": ""0"", ""buy_2th_pre_bid"": ""-616000"", ""buy_2th_pre_req"": ""41"", ""buy_2th_pre_req_pre"": ""0"", ""buy_3th_pre_bid"": ""-615000"", ""buy_3th_pre_req"": ""29"", ""buy_3th_pre_req_pre"": ""0"", ""buy_4th_pre_bid"": ""-614000"", ""buy_4th_pre_req"": ""38"", ""buy_4th_pre_req_pre"": ""0"", ""buy_5th_pre_bid"": ""-613000"", ""buy_5th_pre_req"": ""25"", ""buy_5th_pre_req_pre"": ""0"", ""buy_6th_pre_bid"": ""-612000"", ""buy_6th_pre_req"": ""11"", ""buy_6th_pre_req_pre"": ""0"", ""buy_7th_pre_bid"": ""-611000"", ""buy_7th_pre_req"": ""8"", ""buy_7th_pre_req_pre"": ""0"", ""buy_8th_pre_bid"": ""-610000"", ""buy_8th_pre_req"": ""67"", ""buy_8th_pre_req_pre"": ""0"", ""buy_9th_pre_bid"": ""-609000"", ""buy_9th_pre_req"": ""18"", ""buy_9th_pre_req_pre"": ""0"", ""buy_10th_pre_bid"": ""-608000"", ""buy_10th_pre_req"": ""35"", ""buy_10th_pre_req_pre"": ""0"", ""tot_sel_req_jub_pre"": ""+12"", ""tot_sel_req"": ""1598"", ""tot_buy_req"": ""594"", ""tot_buy_req_jub_pre"": ""0"", ""ovt_sel_req_pre"": ""0"", ""ovt_sel_req"": ""0"", ""ovt_buy_req"": ""0"", ""ovt_buy_req_pre"": ""0"", ""return_code"": 0, ""return_msg"": ""정상적으로 처리되었습니다""}"
2026-06-10,scan_candidate,011070,,0,main_scan,1099000,,1099000,1098000,1099000,1098000,-0.18198362147406735,0.09099181073703368,,,,,,"{""bid_req_base_tm"": ""103904"", ""sel_10th_pre_req_pre"": ""0"", ""sel_10th_pre_req"": ""192"", ""sel_10th_pre_bid"": ""-1108000"", ""sel_9th_pre_req_pre"": ""0"", ""sel_9th_pre_req"": ""76"", ""sel_9th_pre_bid"": ""-1107000"", ""sel_8th_pre_req_pre"": ""0"", ""sel_8th_pre_req"": ""76"", ""sel_8th_pre_bid"": ""-1106000"", ""sel_7th_pre_req_pre"": ""0"", ""sel_7th_pre_req"": ""66"", ""sel_7th_pre_bid"": ""-1105000"", ""sel_6th_pre_req_pre"": ""0"", ""sel_6th_pre_req"": ""71"", ""sel_6th_pre_bid"": ""-1104000"", ""sel_5th_pre_req_pre"": ""0"", ""sel_5th_pre_req"": ""46"", ""sel_5th_pre_bid"": ""-1103000"", ""sel_4th_pre_req_pre"": ""0"", ""sel_4th_pre_req"": ""110"", ""sel_4th_pre_bid"": ""-1102000"", ""sel_3th_pre_req_pre"": ""0"", ""sel_3th_pre_req"": ""136"", ""sel_3th_pre_bid"": ""-1101000"", ""sel_2th_pre_req_pre"": ""0"", ""sel_2th_pre_req"": ""108"", ""sel_2th_pre_bid"": ""-1100000"", ""sel_1th_pre_req_pre"": ""+10"", ""sel_fpr_req"": ""96"", ""sel_fpr_bid"": ""-1099000"", ""buy_fpr_bid"": ""-1098000"", ""buy_fpr_req"": ""30"", ""buy_1th_pre_req_pre"": ""0"", ""buy_2th_pre_bid"": ""-1097000"", ""buy_2th_pre_req"": ""131"", ""buy_2th_pre_req_pre"": ""0"", ""buy_3th_pre_bid"": ""-1096000"", ""buy_3th_pre_req"": ""219"", ""buy_3th_pre_req_pre"": ""0"", ""buy_4th_pre_bid"": ""-1095000"", ""buy_4th_pre_req"": ""70"", ""buy_4th_pre_req_pre"": ""0"", ""buy_5th_pre_bid"": ""-1094000"", ""buy_5th_pre_req"": ""17"", ""buy_5th_pre_req_pre"": ""0"", ""buy_6th_pre_bid"": ""-1093000"", ""buy_6th_pre_req"": ""12"", ""buy_6th_pre_req_pre"": ""0"", ""buy_7th_pre_bid"": ""-1092000"", ""buy_7th_pre_req"": ""57"", ""buy_7th_pre_req_pre"": ""0"", ""buy_8th_pre_bid"": ""-1091000"", ""buy_8th_pre_req"": ""11"", ""buy_8th_pre_req_pre"": ""0"", ""buy_9th_pre_bid"": ""-1090000"", ""buy_9th_pre_req"": ""164"", ""buy_9th_pre_req_pre"": ""0"", ""buy_10th_pre_bid"": ""-1089000"", ""buy_10th_pre_req"": ""23"", ""buy_10th_pre_req_pre"": ""0"", ""tot_sel_req_jub_pre"": ""+10"", ""tot_sel_req"": ""977"", ""tot_buy_req"": ""734"", ""tot_buy_req_jub_pre"": ""0"", ""ovt_sel_req_pre"": ""0"", ""ovt_sel_req"": ""0"", ""ovt_buy_req"": ""0"", ""ovt_buy_req_pre"": ""0"", ""return_code"": 0, ""return_msg"": ""정상적으로 처리되었습니다""}"
2026-06-10,scan_candidate,042700,,0,main_scan,288000,,288000,287500,288000,286500,-0.6944444444444444,0.1736111111111111,,,,,,"{""bid_req_base_tm"": ""103904"", ""sel_10th_pre_req_pre"": ""0"", ""sel_10th_pre_req"": ""398"", ""sel_10th_pre_bid"": ""+292500"", ""sel_9th_pre_req_pre"": ""0"", ""sel_9th_pre_req"": ""259"", ""sel_9th_pre_bid"": ""+292000"", ""sel_8th_pre_req_pre"": ""0"", ""sel_8th_pre_req"": ""160"", ""sel_8th_pre_bid"": ""+291500"", ""sel_7th_pre_req_pre"": ""0"", ""sel_7th_pre_req"": ""849"", ""sel_7th_pre_bid"": ""+291000"", ""sel_6th_pre_req_pre"": ""0"", ""sel_6th_pre_req"": ""156"", ""sel_6th_pre_bid"": ""+290500"", ""sel_5th_pre_req_pre"": ""0"", ""sel_5th_pre_req"": ""903"", ""sel_5th_pre_bid"": ""+290000"", ""sel_4th_pre_req_pre"": ""0"", ""sel_4th_pre_req"": ""418"", ""sel_4th_pre_bid"": ""+289500"", ""sel_3th_pre_req_pre"": ""0"", ""sel_3th_pre_req"": ""536"", ""sel_3th_pre_bid"": ""+289000"", ""sel_2th_pre_req_pre"": ""0"", ""sel_2th_pre_req"": ""673"", ""sel_2th_pre_bid"": ""+288500"", ""sel_1th_pre_req_pre"": ""0"", ""sel_fpr_req"": ""141"", ""sel_fpr_bid"": ""+288000"", ""buy_fpr_bid"": ""+287500"", ""buy_fpr_req"": ""284"", ""buy_1th_pre_req_pre"": ""+12"", ""buy_2th_pre_bid"": ""+287000"", ""buy_2th_pre_req"": ""164"", ""buy_2th_pre_req_pre"": ""+10"", ""buy_3th_pre_bid"": ""+286500"", ""buy_3th_pre_req"": ""103"", ""buy_3th_pre_req_pre"": ""--21"", ""buy_4th_pre_bid"": ""+286000"", ""buy_4th_pre_req"": ""420"", ""buy_4th_pre_req_pre"": ""0"", ""buy_5th_pre_bid"": ""+285500"", ""buy_5th_pre_req"": ""205"", ""buy_5th_pre_req_pre"": ""0"", ""buy_6th_pre_bid"": ""+285000"", ""buy_6th_pre_req"": ""257"", ""buy_6th_pre_req_pre"": ""0"", ""buy_7th_pre_bid"": ""+284500"", ""buy_7th_pre_req"": ""161"", ""buy_7th_pre_req_pre"": ""0"", ""buy_8th_pre_bid"": ""+284000"", ""buy_8th_pre_req"": ""250"", ""buy_8th_pre_req_pre"": ""0"", ""buy_9th_pre_bid"": ""+283500"", ""buy_9th_pre_req"": ""164"", ""buy_9th_pre_req_pre"": ""0"", ""buy_10th_pre_bid"": ""+283000"", ""buy_10th_pre_req"": ""188"", ""buy_10th_pre_req_pre"": ""0"", ""tot_sel_req_jub_pre"": ""0"", ""tot_sel_req"": ""4493"", ""tot_buy_req"": ""2196"", ""tot_buy_req_jub_pre"": ""+1"", ""ovt_sel_req_pre"": ""0"", ""ovt_sel_req"": ""0"", ""ovt_buy_req"": ""0"", ""ovt_buy_req_pre"": ""0"", ""return_code"": 0, ""return_msg"": ""정상적으로 처리되었습니다""}"
2026-06-10,scan_candidate,017670,,0,main_scan,108600,,108600,108500,108600,108000,-1.0128913443830572,0.09208103130755065,,,,,,"{""bid_req_base_tm"": ""103905"", ""sel_10th_pre_req_pre"": ""0"", ""sel_10th_pre_req"": ""334"", ""sel_10th_pre_bid"": ""+109500"", ""sel_9th_pre_req_pre"": ""0"", ""sel_9th_pre_req"": ""1113"", ""sel_9th_pre_bid"": ""+109400"", ""sel_8th_pre_req_pre"": ""0"", ""sel_8th_pre_req"": ""350"", ""sel_8th_pre_bid"": ""+109300"", ""sel_7th_pre_req_pre"": ""0"", ""sel_7th_pre_req"": ""878"", ""sel_7th_pre_bid"": ""+109200"", ""sel_6th_pre_req_pre"": ""0"", ""sel_6th_pre_req"": ""1015"", ""sel_6th_pre_bid"": ""+109100"", ""sel_5th_pre_req_pre"": ""+20"", ""sel_5th_pre_req"": ""3193"", ""sel_5th_pre_bid"": ""+109000"", ""sel_4th_pre_req_pre"": ""+100"", ""sel_4th_pre_req"": ""1783"", ""sel_4th_pre_bid"": ""+108900"", ""sel_3th_pre_req_pre"": ""--120"", ""sel_3th_pre_req"": ""269"", ""sel_3th_pre_bid"": ""+108800"", ""sel_2th_pre_req_pre"": ""0"", ""sel_2th_pre_req"": ""1059"", ""sel_2th_pre_bid"": ""+108700"", ""sel_1th_pre_req_pre"": ""--100"", ""sel_fpr_req"": ""490"", ""sel_fpr_bid"": ""+108600"", ""buy_fpr_bid"": ""+108500"", ""buy_fpr_req"": ""782"", ""buy_1th_pre_req_pre"": ""0"", ""buy_2th_pre_bid"": ""+108400"", ""buy_2th_pre_req"": ""935"", ""buy_2th_pre_req_pre"": ""0"", ""buy_3th_pre_bid"": ""+108300"", ""buy_3th_pre_req"": ""902"", ""buy_3th_pre_req_pre"": ""0"", ""buy_4th_pre_bid"": ""+108200"", ""buy_4th_pre_req"": ""1169"", ""buy_4th_pre_req_pre"": ""0"", ""buy_5th_pre_bid"": ""108100"", ""buy_5th_pre_req"": ""414"", ""buy_5th_pre_req_pre"": ""0"", ""buy_6th_pre_bid"": ""-108000"", ""buy_6th_pre_req"": ""1120"", ""buy_6th_pre_req_pre"": ""0"", ""buy_7th_pre_bid"": ""-107900"", ""buy_7th_pre_req"": ""293"", ""buy_7th_pre_req_pre"": ""0"", ""buy_8th_pre_bid"": ""-107800"", ""buy_8th_pre_req"": ""175"", ""buy_8th_pre_req_pre"": ""0"", ""buy_9th_pre_bid"": ""-107700"", ""buy_9th_pre_req"": ""463"", ""buy_9th_pre_req_pre"": ""0"", ""buy_10th_pre_bid"": ""-107600"", ""buy_10th_pre_req"": ""641"", ""buy_10th_pre_req_pre"": ""0"", ""tot_sel_req_jub_pre"": ""--100"", ""tot_sel_req"": ""10484"", ""tot_buy_req"": ""6894"", ""tot_buy_req_jub_pre"": ""0"", ""ovt_sel_req_pre"": ""0"", ""ovt_sel_req"": ""0"", ""ovt_buy_req"": ""0"", ""ovt_buy_req_pre"": ""0"", ""return_code"": 0, ""return_msg"": ""정상적으로 처리되었습니다""}"
2026-06-10,scan_candidate,316140,,0,main_scan,30100,,30100,30050,30100,30000,-0.4983388704318937,0.16611295681063123,,,,,,"{""bid_req_base_tm"": ""103904"", ""sel_10th_pre_req_pre"": ""0"", ""sel_10th_pre_req"": ""575"", ""sel_10th_pre_bid"": ""+30550"", ""sel_9th_pre_req_pre"": ""0"", ""sel_9th_pre_req"": ""5132"", ""sel_9th_pre_bid"": ""+30500"", ""sel_8th_pre_req_pre"": ""0"", ""sel_8th_pre_req"": ""1652"", ""sel_8th_pre_bid"": ""+30450"", ""sel_7th_pre_req_pre"": ""0"", ""sel_7th_pre_req"": ""3192"", ""sel_7th_pre_bid"": ""+30400"", ""sel_6th_pre_req_pre"": ""0"", ""sel_6th_pre_req"": ""1795"", ""sel_6th_pre_bid"": ""+30350"", ""sel_5th_pre_req_pre"": ""0"", ""sel_5th_pre_req"": ""1563"", ""sel_5th_pre_bid"": ""+30300"", ""sel_4th_pre_req_pre"": ""0"", ""sel_4th_pre_req"": ""1898"", ""sel_4th_pre_bid"": ""+30250"", ""sel_3th_pre_req_pre"": ""0"", ""sel_3th_pre_req"": ""4777"", ""sel_3th_pre_bid"": ""+30200"", ""sel_2th_pre_req_pre"": ""0"", ""sel_2th_pre_req"": ""469"", ""sel_2th_pre_bid"": ""+30150"", ""sel_1th_pre_req_pre"": ""+13"", ""sel_fpr_req"": ""5647"", ""sel_fpr_bid"": ""+30100"", ""buy_fpr_bid"": ""+30050"", ""buy_fpr_req"": ""4511"", ""buy_1th_pre_req_pre"": ""0"", ""buy_2th_pre_bid"": ""30000"", ""buy_2th_pre_req"": ""900"", ""buy_2th_pre_req_pre"": ""0"", ""buy_3th_pre_bid"": ""-29950"", ""buy_3th_pre_req"": ""588"", ""buy_3th_pre_req_pre"": ""0"", ""buy_4th_pre_bid"": ""-29900"", ""buy_4th_pre_req"": ""1098"", ""buy_4th_pre_req_pre"": ""0"", ""buy_5th_pre_bid"": ""-29850"", ""buy_5th_pre_req"": ""515"", ""buy_5th_pre_req_pre"": ""0"", ""buy_6th_pre_bid"": ""-29800"", ""buy_6th_pre_req"": ""671"", ""buy_6th_pre_req_pre"": ""0"", ""buy_7th_pre_bid"": ""-29750"", ""buy_7th_pre_req"": ""1178"", ""buy_7th_pre_req_pre"": ""0"", ""buy_8th_pre_bid"": ""-29700"", ""buy_8th_pre_req"": ""2511"", ""buy_8th_pre_req_pre"": ""0"", ""buy_9th_pre_bid"": ""-29650"", ""buy_9th_pre_req"": ""3439"", ""buy_9th_pre_req_pre"": ""0"", ""buy_10th_pre_bid"": ""-29600"", ""buy_10th_pre_req"": ""1053"", ""buy_10th_pre_req_pre"": ""0"", ""tot_sel_req_jub_pre"": ""+13"", ""tot_sel_req"": ""26700"", ""tot_buy_req"": ""16464"", ""tot_buy_req_jub_pre"": ""0"", ""ovt_sel_req_pre"": ""0"", ""ovt_sel_req"": ""0"", ""ovt_buy_req"": ""0"", ""ovt_buy_req_pre"": ""0"", ""return_code"": 0, ""return_msg"": ""정상적으로 처리되었습니다""}"
2026-06-10,scan_candidate,018260,,0,main_scan,233000,,233000,232500,233000,234000,0.2145922746781116,0.2145922746781116,,,,,,"{""bid_req_base_tm"": ""103905"", ""sel_10th_pre_req_pre"": ""0"", ""sel_10th_pre_req"": ""94"", ""sel_10th_pre_bid"": ""-237500"", ""sel_9th_pre_req_pre"": ""0"", ""sel_9th_pre_req"": ""801"", ""sel_9th_pre_bid"": ""-237000"", ""sel_8th_pre_req_pre"": ""0"", ""sel_8th_pre_req"": ""208"", ""sel_8th_pre_bid"": ""-236500"", ""sel_7th_pre_req_pre"": ""0"", ""sel_7th_pre_req"": ""174"", ""sel_7th_pre_bid"": ""-236000"", ""sel_6th_pre_req_pre"": ""0"", ""sel_6th_pre_req"": ""206"", ""sel_6th_pre_bid"": ""-235500"", ""sel_5th_pre_req_pre"": ""0"", ""sel_5th_pre_req"": ""136"", ""sel_5th_pre_bid"": ""-235000"", ""sel_4th_pre_req_pre"": ""0"", ""sel_4th_pre_req"": ""131"", ""sel_4th_pre_bid"": ""-234500"", ""sel_3th_pre_req_pre"": ""0"", ""sel_3th_pre_req"": ""149"", ""sel_3th_pre_bid"": ""-234000"", ""sel_2th_pre_req_pre"": ""0"", ""sel_2th_pre_req"": ""78"", ""sel_2th_pre_bid"": ""-233500"", ""sel_1th_pre_req_pre"": ""0"", ""sel_fpr_req"": ""163"", ""sel_fpr_bid"": ""-233000"", ""buy_fpr_bid"": ""-232500"", ""buy_fpr_req"": ""133"", ""buy_1th_pre_req_pre"": ""--8"", ""buy_2th_pre_bid"": ""-231500"", ""buy_2th_pre_req"": ""1786"", ""buy_2th_pre_req_pre"": ""0"", ""buy_3th_pre_bid"": ""-231000"", ""buy_3th_pre_req"": ""2523"", ""buy_3th_pre_req_pre"": ""0"", ""buy_4th_pre_bid"": ""-230500"", ""buy_4th_pre_req"": ""2159"", ""buy_4th_pre_req_pre"": ""0"", ""buy_5th_pre_bid"": ""-230000"", ""buy_5th_pre_req"": ""4279"", ""buy_5th_pre_req_pre"": ""0"", ""buy_6th_pre_bid"": ""-229500"", ""buy_6th_pre_req"": ""760"", ""buy_6th_pre_req_pre"": ""0"", ""buy_7th_pre_bid"": ""-229000"", ""buy_7th_pre_req"": ""1513"", ""buy_7th_pre_req_pre"": ""0"", ""buy_8th_pre_bid"": ""-228500"", ""buy_8th_pre_req"": ""567"", ""buy_8th_pre_req_pre"": ""0"", ""buy_9th_pre_bid"": ""-228000"", ""buy_9th_pre_req"": ""1653"", ""buy_9th_pre_req_pre"": ""0"", ""buy_10th_pre_bid"": ""-227500"", ""buy_10th_pre_req"": ""1535"", ""buy_10th_pre_req_pre"": ""0"", ""tot_sel_req_jub_pre"": ""0"", ""tot_sel_req"": ""2140"", ""tot_buy_req"": ""16908"", ""tot_buy_req_jub_pre"": ""--8"", ""ovt_sel_req_pre"": ""0"", ""ovt_sel_req"": ""0"", ""ovt_buy_req"": ""0"", ""ovt_buy_req_pre"": ""0"", ""return_code"": 0, ""return_msg"": ""정상적으로 처리되었습니다""}"
2026-06-10,scan_candidate,033780,,0,main_scan,184800,,184800,184700,184800,184500,-0.4329004329004329,0.05411255411255411,,,,,,"{""bid_req_base_tm"": ""103904"", ""sel_10th_pre_req_pre"": ""+5"", ""sel_10th_pre_req"": ""173"", ""sel_10th_pre_bid"": ""+185700"", ""sel_9th_pre_req_pre"": ""0"", ""sel_9th_pre_req"": ""100"", ""sel_9th_pre_bid"": ""+185600"", ""sel_8th_pre_req_pre"": ""0"", ""sel_8th_pre_req"": ""203"", ""sel_8th_pre_bid"": ""+185500"", ""sel_7th_pre_req_pre"": ""0"", ""sel_7th_pre_req"": ""169"", ""sel_7th_pre_bid"": ""+185400"", ""sel_6th_pre_req_pre"": ""0"", ""sel_6th_pre_req"": ""166"", ""sel_6th_pre_bid"": ""+185300"", ""sel_5th_pre_req_pre"": ""0"", ""sel_5th_pre_req"": ""101"", ""sel_5th_pre_bid"": ""+185200"", ""sel_4th_pre_req_pre"": ""0"", ""sel_4th_pre_req"": ""100"", ""sel_4th_pre_bid"": ""+185100"", ""sel_3th_pre_req_pre"": ""0"", ""sel_3th_pre_req"": ""146"", ""sel_3th_pre_bid"": ""+185000"", ""sel_2th_pre_req_pre"": ""0"", ""sel_2th_pre_req"": ""132"", ""sel_2th_pre_bid"": ""+184900"", ""sel_1th_pre_req_pre"": ""0"", ""sel_fpr_req"": ""157"", ""sel_fpr_bid"": ""+184800"", ""buy_fpr_bid"": ""+184700"", ""buy_fpr_req"": ""235"", ""buy_1th_pre_req_pre"": ""0"", ""buy_2th_pre_bid"": ""+184600"", ""buy_2th_pre_req"": ""247"", ""buy_2th_pre_req_pre"": ""0"", ""buy_3th_pre_bid"": ""+184500"", ""buy_3th_pre_req"": ""143"", ""buy_3th_pre_req_pre"": ""0"", ""buy_4th_pre_bid"": ""+184400"", ""buy_4th_pre_req"": ""85"", ""buy_4th_pre_req_pre"": ""0"", ""buy_5th_pre_bid"": ""184300"", ""buy_5th_pre_req"": ""571"", ""buy_5th_pre_req_pre"": ""0"", ""buy_6th_pre_bid"": ""-184200"", ""buy_6th_pre_req"": ""200"", ""buy_6th_pre_req_pre"": ""0"", ""buy_7th_pre_bid"": ""-184100"", ""buy_7th_pre_req"": ""40"", ""buy_7th_pre_req_pre"": ""0"", ""buy_8th_pre_bid"": ""-184000"", ""buy_8th_pre_req"": ""19"", ""buy_8th_pre_req_pre"": ""0"", ""buy_9th_pre_bid"": ""-183900"", ""buy_9th_pre_req"": ""4"", ""buy_9th_pre_req_pre"": ""0"", ""buy_10th_pre_bid"": ""-183800"", ""buy_10th_pre_req"": ""6"", ""buy_10th_pre_req_pre"": ""0"", ""tot_sel_req_jub_pre"": ""+5"", ""tot_sel_req"": ""1447"", ""tot_buy_req"": ""1550"", ""tot_buy_req_jub_pre"": ""0"", ""ovt_sel_req_pre"": ""0"", ""ovt_sel_req"": ""0"", ""ovt_buy_req"": ""0"", ""ovt_buy_req_pre"": ""0"", ""return_code"": 0, ""return_msg"": ""정상적으로 처리되었습니다""}"
2026-06-10,scan_candidate,307950,,0,main_scan,709000,,709000,708000,709000,710000,0.0,0.14104372355430184,,,,,,"{""bid_req_base_tm"": ""103904"", ""sel_10th_pre_req_pre"": ""0"", ""sel_10th_pre_req"": ""220"", ""sel_10th_pre_bid"": ""+718000"", ""sel_9th_pre_req_pre"": ""0"", ""sel_9th_pre_req"": ""93"", ""sel_9th_pre_bid"": ""+717000"", ""sel_8th_pre_req_pre"": ""0"", ""sel_8th_pre_req"": ""175"", ""sel_8th_pre_bid"": ""+716000"", ""sel_7th_pre_req_pre"": ""0"", ""sel_7th_pre_req"": ""75"", ""sel_7th_pre_bid"": ""+715000"", ""sel_6th_pre_req_pre"": ""0"", ""sel_6th_pre_req"": ""20"", ""sel_6th_pre_bid"": ""+714000"", ""sel_5th_pre_req_pre"": ""0"", ""sel_5th_pre_req"": ""11"", ""sel_5th_pre_bid"": ""+713000"", ""sel_4th_pre_req_pre"": ""0"", ""sel_4th_pre_req"": ""3"", ""sel_4th_pre_bid"": ""+712000"", ""sel_3th_pre_req_pre"": ""0"", ""sel_3th_pre_req"": ""15"", ""sel_3th_pre_bid"": ""+711000"", ""sel_2th_pre_req_pre"": ""0"", ""sel_2th_pre_req"": ""10"", ""sel_2th_pre_bid"": ""+710000"", ""sel_1th_pre_req_pre"": ""0"", ""sel_fpr_req"": ""71"", ""sel_fpr_bid"": ""+709000"", ""buy_fpr_bid"": ""+708000"", ""buy_fpr_req"": ""60"", ""buy_1th_pre_req_pre"": ""--1"", ""buy_2th_pre_bid"": ""+707000"", ""buy_2th_pre_req"": ""87"", ""buy_2th_pre_req_pre"": ""0"", ""buy_3th_pre_bid"": ""+706000"", ""buy_3th_pre_req"": ""241"", ""buy_3th_pre_req_pre"": ""0"", ""buy_4th_pre_bid"": ""+705000"", ""buy_4th_pre_req"": ""137"", ""buy_4th_pre_req_pre"": ""0"", ""buy_5th_pre_bid"": ""+704000"", ""buy_5th_pre_req"": ""47"", ""buy_5th_pre_req_pre"": ""0"", ""buy_6th_pre_bid"": ""+703000"", ""buy_6th_pre_req"": ""166"", ""buy_6th_pre_req_pre"": ""0"", ""buy_7th_pre_bid"": ""+702000"", ""buy_7th_pre_req"": ""61"", ""buy_7th_pre_req_pre"": ""0"", ""buy_8th_pre_bid"": ""+701000"", ""buy_8th_pre_req"": ""191"", ""buy_8th_pre_req_pre"": ""0"", ""buy_9th_pre_bid"": ""+700000"", ""buy_9th_pre_req"": ""678"", ""buy_9th_pre_req_pre"": ""0"", ""buy_10th_pre_bid"": ""+699000"", ""buy_10th_pre_req"": ""135"", ""buy_10th_pre_req_pre"": ""0"", ""tot_sel_req_jub_pre"": ""0"", ""tot_sel_req"": ""693"", ""tot_buy_req"": ""1803"", ""tot_buy_req_jub_pre"": ""--1"", ""ovt_sel_req_pre"": ""0"", ""ovt_sel_req"": ""0"", ""ovt_buy_req"": ""0"", ""ovt_buy_req_pre"": ""0"", ""return_code"": 0, ""return_msg"": ""정상적으로 처리되었습니다""}"
2026-06-10,scan_candidate,138040,,0,main_scan,109200,,109200,109100,109200,108500,-1.098901098901099,0.09157509157509157,,,,,,"{""bid_req_base_tm"": ""103900"", ""sel_10th_pre_req_pre"": ""0"", ""sel_10th_pre_req"": ""504"", ""sel_10th_pre_bid"": ""+110200"", ""sel_9th_pre_req_pre"": ""0"", ""sel_9th_pre_req"": ""5071"", ""sel_9th_pre_bid"": ""+110100"", ""sel_8th_pre_req_pre"": ""0"", ""sel_8th_pre_req"": ""738"", ""sel_8th_pre_bid"": ""+110000"", ""sel_7th_pre_req_pre"": ""0"", ""sel_7th_pre_req"": ""210"", ""sel_7th_pre_bid"": ""+109900"", ""sel_6th_pre_req_pre"": ""0"", ""sel_6th_pre_req"": ""514"", ""sel_6th_pre_bid"": ""+109800"", ""sel_5th_pre_req_pre"": ""0"", ""sel_5th_pre_req"": ""330"", ""sel_5th_pre_bid"": ""+109600"", ""sel_4th_pre_req_pre"": ""0"", ""sel_4th_pre_req"": ""81"", ""sel_4th_pre_bid"": ""+109500"", ""sel_3th_pre_req_pre"": ""0"", ""sel_3th_pre_req"": ""53"", ""sel_3th_pre_bid"": ""+109400"", ""sel_2th_pre_req_pre"": ""0"", ""sel_2th_pre_req"": ""360"", ""sel_2th_pre_bid"": ""+109300"", ""sel_1th_pre_req_pre"": ""+16"", ""sel_fpr_req"": ""770"", ""sel_fpr_bid"": ""+109200"", ""buy_fpr_bid"": ""109100"", ""buy_fpr_req"": ""949"", ""buy_1th_pre_req_pre"": ""0"", ""buy_2th_pre_bid"": ""-109000"", ""buy_2th_pre_req"": ""432"", ""buy_2th_pre_req_pre"": ""0"", ""buy_3th_pre_bid"": ""-108900"", ""buy_3th_pre_req"": ""21"", ""buy_3th_pre_req_pre"": ""0"", ""buy_4th_pre_bid"": ""-108800"", ""buy_4th_pre_req"": ""5"", ""buy_4th_pre_req_pre"": ""0"", ""buy_5th_pre_bid"": ""-108700"", ""buy_5th_pre_req"": ""3"", ""buy_5th_pre_req_pre"": ""0"", ""buy_6th_pre_bid"": ""-108600"", ""buy_6th_pre_req"": ""5"", ""buy_6th_pre_req_pre"": ""0"", ""buy_7th_pre_bid"": ""-108500"", ""buy_7th_pre_req"": ""43"", ""buy_7th_pre_req_pre"": ""0"", ""buy_8th_pre_bid"": ""-108400"", ""buy_8th_pre_req"": ""23"", ""buy_8th_pre_req_pre"": ""0"", ""buy_9th_pre_bid"": ""-108300"", ""buy_9th_pre_req"": ""3"", ""buy_9th_pre_req_pre"": ""0"", ""buy_10th_pre_bid"": ""-108200"", ""buy_10th_pre_req"": ""3"", ""buy_10th_pre_req_pre"": ""0"", ""tot_sel_req_jub_pre"": ""+16"", ""tot_sel_req"": ""8631"", ""tot_buy_req"": ""1487"", ""tot_buy_req_jub_pre"": ""0"", ""ovt_sel_req_pre"": ""0"", ""ovt_sel_req"": ""0"", ""ovt_buy_req"": ""0"", ""ovt_buy_req_pre"": ""0"", ""return_code"": 0, ""return_msg"": ""정상적으로 처리되었습니다""}"
2026-06-10,scan_candidate,003550,,0,main_scan,110000,,110000,109900,110000,109500,-0.9090909090909091,0.09090909090909091,,,,,,"{""bid_req_base_tm"": ""103906"", ""sel_10th_pre_req_pre"": ""0"", ""sel_10th_pre_req"": ""514"", ""sel_10th_pre_bid"": ""-110900"", ""sel_9th_pre_req_pre"": ""0"", ""sel_9th_pre_req"": ""14"", ""sel_9th_pre_bid"": ""-110800"", ""sel_8th_pre_req_pre"": ""0"", ""sel_8th_pre_req"": ""26"", ""sel_8th_pre_bid"": ""-110700"", ""sel_7th_pre_req_pre"": ""0"", ""sel_7th_pre_req"": ""11"", ""sel_7th_pre_bid"": ""-110600"", ""sel_6th_pre_req_pre"": ""0"", ""sel_6th_pre_req"": ""11"", ""sel_6th_pre_bid"": ""-110500"", ""sel_5th_pre_req_pre"": ""0"", ""sel_5th_pre_req"": ""11"", ""sel_5th_pre_bid"": ""-110400"", ""sel_4th_pre_req_pre"": ""0"", ""sel_4th_pre_req"": ""28"", ""sel_4th_pre_bid"": ""-110300"", ""sel_3th_pre_req_pre"": ""0"", ""sel_3th_pre_req"": ""3"", ""sel_3th_pre_bid"": ""-110200"", ""sel_2th_pre_req_pre"": ""0"", ""sel_2th_pre_req"": ""95"", ""sel_2th_pre_bid"": ""-110100"", ""sel_1th_pre_req_pre"": ""0"", ""sel_fpr_req"": ""5184"", ""sel_fpr_bid"": ""-110000"", ""buy_fpr_bid"": ""-109900"", ""buy_fpr_req"": ""303"", ""buy_1th_pre_req_pre"": ""0"", ""buy_2th_pre_bid"": ""-109800"", ""buy_2th_pre_req"": ""302"", ""buy_2th_pre_req_pre"": ""+148"", ""buy_3th_pre_bid"": ""-109700"", ""buy_3th_pre_req"": ""31"", ""buy_3th_pre_req_pre"": ""+1"", ""buy_4th_pre_bid"": ""-109600"", ""buy_4th_pre_req"": ""62"", ""buy_4th_pre_req_pre"": ""0"", ""buy_5th_pre_bid"": ""-109500"", ""buy_5th_pre_req"": ""96"", ""buy_5th_pre_req_pre"": ""0"", ""buy_6th_pre_bid"": ""-109400"", ""buy_6th_pre_req"": ""204"", ""buy_6th_pre_req_pre"": ""0"", ""buy_7th_pre_bid"": ""-109300"", ""buy_7th_pre_req"": ""41"", ""buy_7th_pre_req_pre"": ""0"", ""buy_8th_pre_bid"": ""-109200"", ""buy_8th_pre_req"": ""19"", ""buy_8th_pre_req_pre"": ""0"", ""buy_9th_pre_bid"": ""-109100"", ""buy_9th_pre_req"": ""61"", ""buy_9th_pre_req_pre"": ""0"", ""buy_10th_pre_bid"": ""-109000"", ""buy_10th_pre_req"": ""30"", ""buy_10th_pre_req_pre"": ""0"", ""tot_sel_req_jub_pre"": ""0"", ""tot_sel_req"": ""5897"", ""tot_buy_req"": ""1149"", ""tot_buy_req_jub_pre"": ""+149"", ""ovt_sel_req_pre"": ""0"", ""ovt_sel_req"": ""0"", ""ovt_buy_req"": ""0"", ""ovt_buy_req_pre"": ""0"", ""return_code"": 0, ""return_msg"": ""정상적으로 처리되었습니다""}"
2026-06-10,scan_candidate,024110,,0,main_scan,21000,,21000,20950,21000,20800,-1.1904761904761905,0.2380952380952381,,,,,,"{""bid_req_base_tm"": ""103904"", ""sel_10th_pre_req_pre"": ""0"", ""sel_10th_pre_req"": ""3706"", ""sel_10th_pre_bid"": ""+21450"", ""sel_9th_pre_req_pre"": ""0"", ""sel_9th_pre_req"": ""9860"", ""sel_9th_pre_bid"": ""+21400"", ""sel_8th_pre_req_pre"": ""0"", ""sel_8th_pre_req"": ""5012"", ""sel_8th_pre_bid"": ""+21350"", ""sel_7th_pre_req_pre"": ""0"", ""sel_7th_pre_req"": ""14055"", ""sel_7th_pre_bid"": ""+21300"", ""sel_6th_pre_req_pre"": ""0"", ""sel_6th_pre_req"": ""6753"", ""sel_6th_pre_bid"": ""+21250"", ""sel_5th_pre_req_pre"": ""0"", ""sel_5th_pre_req"": ""18305"", ""sel_5th_pre_bid"": ""+21200"", ""sel_4th_pre_req_pre"": ""0"", ""sel_4th_pre_req"": ""18626"", ""sel_4th_pre_bid"": ""+21150"", ""sel_3th_pre_req_pre"": ""0"", ""sel_3th_pre_req"": ""4913"", ""sel_3th_pre_bid"": ""+21100"", ""sel_2th_pre_req_pre"": ""0"", ""sel_2th_pre_req"": ""1047"", ""sel_2th_pre_bid"": ""+21050"", ""sel_1th_pre_req_pre"": ""--1"", ""sel_fpr_req"": ""4353"", ""sel_fpr_bid"": ""+21000"", ""buy_fpr_bid"": ""+20950"", ""buy_fpr_req"": ""4549"", ""buy_1th_pre_req_pre"": ""0"", ""buy_2th_pre_bid"": ""+20900"", ""buy_2th_pre_req"": ""1262"", ""buy_2th_pre_req_pre"": ""0"", ""buy_3th_pre_bid"": ""+20850"", ""buy_3th_pre_req"": ""547"", ""buy_3th_pre_req_pre"": ""0"", ""buy_4th_pre_bid"": ""+20800"", ""buy_4th_pre_req"": ""1492"", ""buy_4th_pre_req_pre"": ""0"", ""buy_5th_pre_bid"": ""+20750"", ""buy_5th_pre_req"": ""1153"", ""buy_5th_pre_req_pre"": ""0"", ""buy_6th_pre_bid"": ""+20700"", ""buy_6th_pre_req"": ""2109"", ""buy_6th_pre_req_pre"": ""0"", ""buy_7th_pre_bid"": ""+20650"", ""buy_7th_pre_req"": ""1442"", ""buy_7th_pre_req_pre"": ""0"", ""buy_8th_pre_bid"": ""+20600"", ""buy_8th_pre_req"": ""3401"", ""buy_8th_pre_req_pre"": ""0"", ""buy_9th_pre_bid"": ""20550"", ""buy_9th_pre_req"": ""2331"", ""buy_9th_pre_req_pre"": ""0"", ""buy_10th_pre_bid"": ""-20500"", ""buy_10th_pre_req"": ""1946"", ""buy_10th_pre_req_pre"": ""0"", ""tot_sel_req_jub_pre"": ""--1"", ""tot_sel_req"": ""86630"", ""tot_buy_req"": ""20232"", ""tot_buy_req_jub_pre"": ""0"", ""ovt_sel_req_pre"": ""0"", ""ovt_sel_req"": ""0"", ""ovt_buy_req"": ""0"", ""ovt_buy_req_pre"": ""0"", ""return_code"": 0, ""return_msg"": ""정상적으로 처리되었습니다""}"
2026-06-10,scan_candidate,079550,,0,main_scan,782000,,782000,781000,782000,778000,-0.639386189258312,0.1278772378516624,,,,,,"{""bid_req_base_tm"": ""103905"", ""sel_10th_pre_req_pre"": ""0"", ""sel_10th_pre_req"": ""58"", ""sel_10th_pre_bid"": ""+791000"", ""sel_9th_pre_req_pre"": ""0"", ""sel_9th_pre_req"": ""203"", ""sel_9th_pre_bid"": ""+790000"", ""sel_8th_pre_req_pre"": ""0"", ""sel_8th_pre_req"": ""79"", ""sel_8th_pre_bid"": ""+789000"", ""sel_7th_pre_req_pre"": ""0"", ""sel_7th_pre_req"": ""495"", ""sel_7th_pre_bid"": ""+788000"", ""sel_6th_pre_req_pre"": ""0"", ""sel_6th_pre_req"": ""51"", ""sel_6th_pre_bid"": ""+787000"", ""sel_5th_pre_req_pre"": ""0"", ""sel_5th_pre_req"": ""62"", ""sel_5th_pre_bid"": ""+786000"", ""sel_4th_pre_req_pre"": ""0"", ""sel_4th_pre_req"": ""99"", ""sel_4th_pre_bid"": ""+785000"", ""sel_3th_pre_req_pre"": ""0"", ""sel_3th_pre_req"": ""35"", ""sel_3th_pre_bid"": ""+784000"", ""sel_2th_pre_req_pre"": ""0"", ""sel_2th_pre_req"": ""258"", ""sel_2th_pre_bid"": ""+783000"", ""sel_1th_pre_req_pre"": ""--1"", ""sel_fpr_req"": ""42"", ""sel_fpr_bid"": ""+782000"", ""buy_fpr_bid"": ""+781000"", ""buy_fpr_req"": ""91"", ""buy_1th_pre_req_pre"": ""0"", ""buy_2th_pre_bid"": ""+780000"", ""buy_2th_pre_req"": ""149"", ""buy_2th_pre_req_pre"": ""0"", ""buy_3th_pre_bid"": ""+779000"", ""buy_3th_pre_req"": ""47"", ""buy_3th_pre_req_pre"": ""0"", ""buy_4th_pre_bid"": ""+778000"", ""buy_4th_pre_req"": ""203"", ""buy_4th_pre_req_pre"": ""0"", ""buy_5th_pre_bid"": ""+777000"", ""buy_5th_pre_req"": ""70"", ""buy_5th_pre_req_pre"": ""0"", ""buy_6th_pre_bid"": ""+773000"", ""buy_6th_pre_req"": ""123"", ""buy_6th_pre_req_pre"": ""0"", ""buy_7th_pre_bid"": ""+772000"", ""buy_7th_pre_req"": ""10"", ""buy_7th_pre_req_pre"": ""0"", ""buy_8th_pre_bid"": ""+771000"", ""buy_8th_pre_req"": ""42"", ""buy_8th_pre_req_pre"": ""0"", ""buy_9th_pre_bid"": ""+770000"", ""buy_9th_pre_req"": ""24"", ""buy_9th_pre_req_pre"": ""0"", ""buy_10th_pre_bid"": ""+769000"", ""buy_10th_pre_req"": ""17"", ""buy_10th_pre_req_pre"": ""0"", ""tot_sel_req_jub_pre"": ""--1"", ""tot_sel_req"": ""1382"", ""tot_buy_req"": ""776"", ""tot_buy_req_jub_pre"": ""0"", ""ovt_sel_req_pre"": ""0"", ""ovt_sel_req"": ""0"", ""ovt_buy_req"": ""0"", ""ovt_buy_req_pre"": ""0"", ""return_code"": 0, ""return_msg"": ""정상적으로 처리되었습니다""}"
2026-06-10,scan_candidate,278470,,0,main_scan,422500,,422500,422000,422500,421000,-0.4733727810650888,0.1183431952662722,,,,,,"{""bid_req_base_tm"": ""103906"", ""sel_10th_pre_req_pre"": ""0"", ""sel_10th_pre_req"": ""434"", ""sel_10th_pre_bid"": ""+427000"", ""sel_9th_pre_req_pre"": ""0"", ""sel_9th_pre_req"": ""84"", ""sel_9th_pre_bid"": ""+426500"", ""sel_8th_pre_req_pre"": ""0"", ""sel_8th_pre_req"": ""183"", ""sel_8th_pre_bid"": ""+426000"", ""sel_7th_pre_req_pre"": ""0"", ""sel_7th_pre_req"": ""154"", ""sel_7th_pre_bid"": ""+425500"", ""sel_6th_pre_req_pre"": ""0"", ""sel_6th_pre_req"": ""1974"", ""sel_6th_pre_bid"": ""+425000"", ""sel_5th_pre_req_pre"": ""0"", ""sel_5th_pre_req"": ""436"", ""sel_5th_pre_bid"": ""+424500"", ""sel_4th_pre_req_pre"": ""0"", ""sel_4th_pre_req"": ""264"", ""sel_4th_pre_bid"": ""+424000"", ""sel_3th_pre_req_pre"": ""0"", ""sel_3th_pre_req"": ""224"", ""sel_3th_pre_bid"": ""+423500"", ""sel_2th_pre_req_pre"": ""0"", ""sel_2th_pre_req"": ""605"", ""sel_2th_pre_bid"": ""+423000"", ""sel_1th_pre_req_pre"": ""0"", ""sel_fpr_req"": ""206"", ""sel_fpr_bid"": ""+422500"", ""buy_fpr_bid"": ""+422000"", ""buy_fpr_req"": ""309"", ""buy_1th_pre_req_pre"": ""0"", ""buy_2th_pre_bid"": ""+421500"", ""buy_2th_pre_req"": ""175"", ""buy_2th_pre_req_pre"": ""0"", ""buy_3th_pre_bid"": ""+421000"", ""buy_3th_pre_req"": ""12"", ""buy_3th_pre_req_pre"": ""0"", ""buy_4th_pre_bid"": ""+420500"", ""buy_4th_pre_req"": ""18"", ""buy_4th_pre_req_pre"": ""0"", ""buy_5th_pre_bid"": ""+420000"", ""buy_5th_pre_req"": ""100"", ""buy_5th_pre_req_pre"": ""0"", ""buy_6th_pre_bid"": ""+419500"", ""buy_6th_pre_req"": ""5"", ""buy_6th_pre_req_pre"": ""0"", ""buy_7th_pre_bid"": ""+419000"", ""buy_7th_pre_req"": ""71"", ""buy_7th_pre_req_pre"": ""0"", ""buy_8th_pre_bid"": ""+418500"", ""buy_8th_pre_req"": ""61"", ""buy_8th_pre_req_pre"": ""0"", ""buy_9th_pre_bid"": ""+418000"", ""buy_9th_pre_req"": ""1143"", ""buy_9th_pre_req_pre"": ""0"", ""buy_10th_pre_bid"": ""+417500"", ""buy_10th_pre_req"": ""29"", ""buy_10th_pre_req_pre"": ""0"", ""tot_sel_req_jub_pre"": ""0"", ""tot_sel_req"": ""4564"", ""tot_buy_req"": ""1923"", ""tot_buy_req_jub_pre"": ""0"", ""ovt_sel_req_pre"": ""0"", ""ovt_sel_req"": ""0"", ""ovt_buy_req"": ""0"", ""ovt_buy_req_pre"": ""0"", ""return_code"": 0, ""return_msg"": ""정상적으로 처리되었습니다""}"
2026-06-10,scan_candidate,030200,,0,main_scan,54900,,54900,54800,54900,54800,-0.36429872495446264,0.18214936247723132,,,,,,"{""bid_req_base_tm"": ""103904"", ""sel_10th_pre_req_pre"": ""0"", ""sel_10th_pre_req"": ""1660"", ""sel_10th_pre_bid"": ""+55800"", ""sel_9th_pre_req_pre"": ""0"", ""sel_9th_pre_req"": ""553"", ""sel_9th_pre_bid"": ""+55700"", ""sel_8th_pre_req_pre"": ""0"", ""sel_8th_pre_req"": ""773"", ""sel_8th_pre_bid"": ""+55600"", ""sel_7th_pre_req_pre"": ""0"", ""sel_7th_pre_req"": ""974"", ""sel_7th_pre_bid"": ""+55500"", ""sel_6th_pre_req_pre"": ""0"", ""sel_6th_pre_req"": ""1253"", ""sel_6th_pre_bid"": ""+55400"", ""sel_5th_pre_req_pre"": ""0"", ""sel_5th_pre_req"": ""1201"", ""sel_5th_pre_bid"": ""+55300"", ""sel_4th_pre_req_pre"": ""0"", ""sel_4th_pre_req"": ""1133"", ""sel_4th_pre_bid"": ""+55200"", ""sel_3th_pre_req_pre"": ""0"", ""sel_3th_pre_req"": ""1392"", ""sel_3th_pre_bid"": ""+55100"", ""sel_2th_pre_req_pre"": ""0"", ""sel_2th_pre_req"": ""2518"", ""sel_2th_pre_bid"": ""+55000"", ""sel_1th_pre_req_pre"": ""0"", ""sel_fpr_req"": ""929"", ""sel_fpr_bid"": ""+54900"", ""buy_fpr_bid"": ""+54800"", ""buy_fpr_req"": ""606"", ""buy_1th_pre_req_pre"": ""--12"", ""buy_2th_pre_bid"": ""+54700"", ""buy_2th_pre_req"": ""602"", ""buy_2th_pre_req_pre"": ""0"", ""buy_3th_pre_bid"": ""+54600"", ""buy_3th_pre_req"": ""1170"", ""buy_3th_pre_req_pre"": ""0"", ""buy_4th_pre_bid"": ""+54500"", ""buy_4th_pre_req"": ""85"", ""buy_4th_pre_req_pre"": ""0"", ""buy_5th_pre_bid"": ""+54400"", ""buy_5th_pre_req"": ""531"", ""buy_5th_pre_req_pre"": ""0"", ""buy_6th_pre_bid"": ""+54300"", ""buy_6th_pre_req"": ""891"", ""buy_6th_pre_req_pre"": ""0"", ""buy_7th_pre_bid"": ""+54200"", ""buy_7th_pre_req"": ""1109"", ""buy_7th_pre_req_pre"": ""0"", ""buy_8th_pre_bid"": ""+54100"", ""buy_8th_pre_req"": ""453"", ""buy_8th_pre_req_pre"": ""0"", ""buy_9th_pre_bid"": ""+54000"", ""buy_9th_pre_req"": ""4399"", ""buy_9th_pre_req_pre"": ""0"", ""buy_10th_pre_bid"": ""+53900"", ""buy_10th_pre_req"": ""921"", ""buy_10th_pre_req_pre"": ""0"", ""tot_sel_req_jub_pre"": ""0"", ""tot_sel_req"": ""12386"", ""tot_buy_req"": ""10767"", ""tot_buy_req_jub_pre"": ""--12"", ""ovt_sel_req_pre"": ""0"", ""ovt_sel_req"": ""0"", ""ovt_buy_req"": ""0"", ""ovt_buy_req_pre"": ""0"", ""return_code"": 0, ""return_msg"": ""정상적으로 처리되었습니다""}"
2026-06-10,scan_candidate,010950,,0,main_scan,111000,,111000,110900,111000,110500,-0.9009009009009009,0.09009009009009009,,,,,,"{""bid_req_base_tm"": ""103906"", ""sel_10th_pre_req_pre"": ""0"", ""sel_10th_pre_req"": ""82"", ""sel_10th_pre_bid"": ""+111900"", ""sel_9th_pre_req_pre"": ""0"", ""sel_9th_pre_req"": ""295"", ""sel_9th_pre_bid"": ""+111800"", ""sel_8th_pre_req_pre"": ""+45"", ""sel_8th_pre_req"": ""126"", ""sel_8th_pre_bid"": ""+111700"", ""sel_7th_pre_req_pre"": ""0"", ""sel_7th_pre_req"": ""43"", ""sel_7th_pre_bid"": ""+111600"", ""sel_6th_pre_req_pre"": ""0"", ""sel_6th_pre_req"": ""11"", ""sel_6th_pre_bid"": ""+111500"", ""sel_5th_pre_req_pre"": ""0"", ""sel_5th_pre_req"": ""15"", ""sel_5th_pre_bid"": ""+111400"", ""sel_4th_pre_req_pre"": ""0"", ""sel_4th_pre_req"": ""2"", ""sel_4th_pre_bid"": ""+111300"", ""sel_3th_pre_req_pre"": ""0"", ""sel_3th_pre_req"": ""298"", ""sel_3th_pre_bid"": ""+111200"", ""sel_2th_pre_req_pre"": ""0"", ""sel_2th_pre_req"": ""31"", ""sel_2th_pre_bid"": ""+111100"", ""sel_1th_pre_req_pre"": ""0"", ""sel_fpr_req"": ""255"", ""sel_fpr_bid"": ""+111000"", ""buy_fpr_bid"": ""110900"", ""buy_fpr_req"": ""134"", ""buy_1th_pre_req_pre"": ""0"", ""buy_2th_pre_bid"": ""-110800"", ""buy_2th_pre_req"": ""45"", ""buy_2th_pre_req_pre"": ""0"", ""buy_3th_pre_bid"": ""-110600"", ""buy_3th_pre_req"": ""105"", ""buy_3th_pre_req_pre"": ""0"", ""buy_4th_pre_bid"": ""-110500"", ""buy_4th_pre_req"": ""6"", ""buy_4th_pre_req_pre"": ""0"", ""buy_5th_pre_bid"": ""-110400"", ""buy_5th_pre_req"": ""1"", ""buy_5th_pre_req_pre"": ""0"", ""buy_6th_pre_bid"": ""-110300"", ""buy_6th_pre_req"": ""1"", ""buy_6th_pre_req_pre"": ""0"", ""buy_7th_pre_bid"": ""-110200"", ""buy_7th_pre_req"": ""1"", ""buy_7th_pre_req_pre"": ""0"", ""buy_8th_pre_bid"": ""-110100"", ""buy_8th_pre_req"": ""3"", ""buy_8th_pre_req_pre"": ""0"", ""buy_9th_pre_bid"": ""-110000"", ""buy_9th_pre_req"": ""5"", ""buy_9th_pre_req_pre"": ""0"", ""buy_10th_pre_bid"": ""-109900"", ""buy_10th_pre_req"": ""1"", ""buy_10th_pre_req_pre"": ""0"", ""tot_sel_req_jub_pre"": ""+45"", ""tot_sel_req"": ""1158"", ""tot_buy_req"": ""302"", ""tot_buy_req_jub_pre"": ""0"", ""ovt_sel_req_pre"": ""0"", ""ovt_sel_req"": ""0"", ""ovt_buy_req"": ""0"", ""ovt_buy_req_pre"": ""0"", ""return_code"": 0, ""return_msg"": ""정상적으로 처리되었습니다""}"
2026-06-10,scan_candidate,323410,,0,main_scan,24700,,24700,24650,24700,24500,-1.0121457489878543,0.20242914979757085,,,,,,"{""bid_req_base_tm"": ""103906"", ""sel_10th_pre_req_pre"": ""0"", ""sel_10th_pre_req"": ""5793"", ""sel_10th_pre_bid"": ""+25150"", ""sel_9th_pre_req_pre"": ""0"", ""sel_9th_pre_req"": ""1920"", ""sel_9th_pre_bid"": ""+25100"", ""sel_8th_pre_req_pre"": ""0"", ""sel_8th_pre_req"": ""2042"", ""sel_8th_pre_bid"": ""+25050"", ""sel_7th_pre_req_pre"": ""0"", ""sel_7th_pre_req"": ""14700"", ""sel_7th_pre_bid"": ""+25000"", ""sel_6th_pre_req_pre"": ""0"", ""sel_6th_pre_req"": ""9801"", ""sel_6th_pre_bid"": ""+24950"", ""sel_5th_pre_req_pre"": ""0"", ""sel_5th_pre_req"": ""6640"", ""sel_5th_pre_bid"": ""+24900"", ""sel_4th_pre_req_pre"": ""0"", ""sel_4th_pre_req"": ""8059"", ""sel_4th_pre_bid"": ""+24850"", ""sel_3th_pre_req_pre"": ""0"", ""sel_3th_pre_req"": ""12387"", ""sel_3th_pre_bid"": ""+24800"", ""sel_2th_pre_req_pre"": ""0"", ""sel_2th_pre_req"": ""4613"", ""sel_2th_pre_bid"": ""+24750"", ""sel_1th_pre_req_pre"": ""+166"", ""sel_fpr_req"": ""3748"", ""sel_fpr_bid"": ""+24700"", ""buy_fpr_bid"": ""+24650"", ""buy_fpr_req"": ""5846"", ""buy_1th_pre_req_pre"": ""0"", ""buy_2th_pre_bid"": ""+24600"", ""buy_2th_pre_req"": ""1893"", ""buy_2th_pre_req_pre"": ""0"", ""buy_3th_pre_bid"": ""+24550"", ""buy_3th_pre_req"": ""2871"", ""buy_3th_pre_req_pre"": ""0"", ""buy_4th_pre_bid"": ""+24500"", ""buy_4th_pre_req"": ""1899"", ""buy_4th_pre_req_pre"": ""0"", ""buy_5th_pre_bid"": ""+24450"", ""buy_5th_pre_req"": ""968"", ""buy_5th_pre_req_pre"": ""0"", ""buy_6th_pre_bid"": ""24400"", ""buy_6th_pre_req"": ""3181"", ""buy_6th_pre_req_pre"": ""0"", ""buy_7th_pre_bid"": ""-24350"", ""buy_7th_pre_req"": ""2254"", ""buy_7th_pre_req_pre"": ""0"", ""buy_8th_pre_bid"": ""-24300"", ""buy_8th_pre_req"": ""3352"", ""buy_8th_pre_req_pre"": ""0"", ""buy_9th_pre_bid"": ""-24250"", ""buy_9th_pre_req"": ""1350"", ""buy_9th_pre_req_pre"": ""0"", ""buy_10th_pre_bid"": ""-24200"", ""buy_10th_pre_req"": ""1094"", ""buy_10th_pre_req_pre"": ""0"", ""tot_sel_req_jub_pre"": ""+166"", ""tot_sel_req"": ""69703"", ""tot_buy_req"": ""24708"", ""tot_buy_req_jub_pre"": ""0"", ""ovt_sel_req_pre"": ""0"", ""ovt_sel_req"": ""0"", ""ovt_buy_req"": ""0"", ""ovt_buy_req_pre"": ""0"", ""return_code"": 0, ""return_msg"": ""정상적으로 처리되었습니다""}"
2026-06-10,scan_candidate,005940,,0,main_scan,31150,,31150,31100,31150,31150,-0.16051364365971107,0.16051364365971107,,,,,,"{""bid_req_base_tm"": ""103907"", ""sel_10th_pre_req_pre"": ""0"", ""sel_10th_pre_req"": ""367"", ""sel_10th_pre_bid"": ""+31600"", ""sel_9th_pre_req_pre"": ""0"", ""sel_9th_pre_req"": ""454"", ""sel_9th_pre_bid"": ""+31550"", ""sel_8th_pre_req_pre"": ""0"", ""sel_8th_pre_req"": ""394"", ""sel_8th_pre_bid"": ""+31500"", ""sel_7th_pre_req_pre"": ""0"", ""sel_7th_pre_req"": ""29"", ""sel_7th_pre_bid"": ""+31450"", ""sel_6th_pre_req_pre"": ""0"", ""sel_6th_pre_req"": ""310"", ""sel_6th_pre_bid"": ""+31400"", ""sel_5th_pre_req_pre"": ""0"", ""sel_5th_pre_req"": ""529"", ""sel_5th_pre_bid"": ""+31350"", ""sel_4th_pre_req_pre"": ""0"", ""sel_4th_pre_req"": ""840"", ""sel_4th_pre_bid"": ""+31300"", ""sel_3th_pre_req_pre"": ""0"", ""sel_3th_pre_req"": ""612"", ""sel_3th_pre_bid"": ""31250"", ""sel_2th_pre_req_pre"": ""0"", ""sel_2th_pre_req"": ""207"", ""sel_2th_pre_bid"": ""-31200"", ""sel_1th_pre_req_pre"": ""0"", ""sel_fpr_req"": ""53"", ""sel_fpr_bid"": ""-31150"", ""buy_fpr_bid"": ""-31100"", ""buy_fpr_req"": ""27"", ""buy_1th_pre_req_pre"": ""+1"", ""buy_2th_pre_bid"": ""-31050"", ""buy_2th_pre_req"": ""1681"", ""buy_2th_pre_req_pre"": ""+1"", ""buy_3th_pre_bid"": ""-31000"", ""buy_3th_pre_req"": ""510"", ""buy_3th_pre_req_pre"": ""0"", ""buy_4th_pre_bid"": ""-30950"", ""buy_4th_pre_req"": ""501"", ""buy_4th_pre_req_pre"": ""0"", ""buy_5th_pre_bid"": ""-30900"", ""buy_5th_pre_req"": ""123"", ""buy_5th_pre_req_pre"": ""0"", ""buy_6th_pre_bid"": ""-30850"", ""buy_6th_pre_req"": ""67"", ""buy_6th_pre_req_pre"": ""0"", ""buy_7th_pre_bid"": ""-30800"", ""buy_7th_pre_req"": ""844"", ""buy_7th_pre_req_pre"": ""0"", ""buy_8th_pre_bid"": ""-30750"", ""buy_8th_pre_req"": ""212"", ""buy_8th_pre_req_pre"": ""0"", ""buy_9th_pre_bid"": ""-30700"", ""buy_9th_pre_req"": ""123"", ""buy_9th_pre_req_pre"": ""0"", ""buy_10th_pre_bid"": ""-30650"", ""buy_10th_pre_req"": ""116"", ""buy_10th_pre_req_pre"": ""0"", ""tot_sel_req_jub_pre"": ""0"", ""tot_sel_req"": ""3795"", ""tot_buy_req"": ""4204"", ""tot_buy_req_jub_pre"": ""+2"", ""ovt_sel_req_pre"": ""0"", ""ovt_sel_req"": ""0"", ""ovt_buy_req"": ""0"", ""ovt_buy_req_pre"": ""0"", ""return_code"": 0, ""return_msg"": ""정상적으로 처리되었습니다""}"
2026-06-10,scan_candidate,064400,,0,main_scan,96500,,96500,96400,96500,96700,0.10362694300518134,0.10362694300518134,,,,,,"{""bid_req_base_tm"": ""103907"", ""sel_10th_pre_req_pre"": ""0"", ""sel_10th_pre_req"": ""504"", ""sel_10th_pre_bid"": ""-97400"", ""sel_9th_pre_req_pre"": ""0"", ""sel_9th_pre_req"": ""321"", ""sel_9th_pre_bid"": ""-97300"", ""sel_8th_pre_req_pre"": ""0"", ""sel_8th_pre_req"": ""182"", ""sel_8th_pre_bid"": ""-97200"", ""sel_7th_pre_req_pre"": ""0"", ""sel_7th_pre_req"": ""302"", ""sel_7th_pre_bid"": ""-97100"", ""sel_6th_pre_req_pre"": ""0"", ""sel_6th_pre_req"": ""880"", ""sel_6th_pre_bid"": ""-97000"", ""sel_5th_pre_req_pre"": ""0"", ""sel_5th_pre_req"": ""301"", ""sel_5th_pre_bid"": ""-96900"", ""sel_4th_pre_req_pre"": ""0"", ""sel_4th_pre_req"": ""178"", ""sel_4th_pre_bid"": ""-96800"", ""sel_3th_pre_req_pre"": ""0"", ""sel_3th_pre_req"": ""57"", ""sel_3th_pre_bid"": ""-96700"", ""sel_2th_pre_req_pre"": ""+1"", ""sel_2th_pre_req"": ""11"", ""sel_2th_pre_bid"": ""-96600"", ""sel_1th_pre_req_pre"": ""0"", ""sel_fpr_req"": ""4"", ""sel_fpr_bid"": ""-96500"", ""buy_fpr_bid"": ""-96400"", ""buy_fpr_req"": ""206"", ""buy_1th_pre_req_pre"": ""0"", ""buy_2th_pre_bid"": ""-96300"", ""buy_2th_pre_req"": ""549"", ""buy_2th_pre_req_pre"": ""+1"", ""buy_3th_pre_bid"": ""-96200"", ""buy_3th_pre_req"": ""1174"", ""buy_3th_pre_req_pre"": ""0"", ""buy_4th_pre_bid"": ""-96100"", ""buy_4th_pre_req"": ""1496"", ""buy_4th_pre_req_pre"": ""0"", ""buy_5th_pre_bid"": ""-96000"", ""buy_5th_pre_req"": ""2663"", ""buy_5th_pre_req_pre"": ""0"", ""buy_6th_pre_bid"": ""-95900"", ""buy_6th_pre_req"": ""316"", ""buy_6th_pre_req_pre"": ""0"", ""buy_7th_pre_bid"": ""-95800"", ""buy_7th_pre_req"": ""1562"", ""buy_7th_pre_req_pre"": ""0"", ""buy_8th_pre_bid"": ""-95700"", ""buy_8th_pre_req"": ""1109"", ""buy_8th_pre_req_pre"": ""0"", ""buy_9th_pre_bid"": ""-95600"", ""buy_9th_pre_req"": ""1287"", ""buy_9th_pre_req_pre"": ""0"", ""buy_10th_pre_bid"": ""-95500"", ""buy_10th_pre_req"": ""1439"", ""buy_10th_pre_req_pre"": ""0"", ""tot_sel_req_jub_pre"": ""+1"", ""tot_sel_req"": ""2740"", ""tot_buy_req"": ""11801"", ""tot_buy_req_jub_pre"": ""+1"", ""ovt_sel_req_pre"": ""0"", ""ovt_sel_req"": ""0"", ""ovt_buy_req"": ""0"", ""ovt_buy_req_pre"": ""0"", ""return_code"": 0, ""return_msg"": ""정상적으로 처리되었습니다""}"
2026-06-10,scan_candidate,003490,,0,main_scan,25600,,25600,25550,25600,25450,-0.78125,0.1953125,,,,,,"{""bid_req_base_tm"": ""103907"", ""sel_10th_pre_req_pre"": ""0"", ""sel_10th_pre_req"": ""3222"", ""sel_10th_pre_bid"": ""+26050"", ""sel_9th_pre_req_pre"": ""0"", ""sel_9th_pre_req"": ""43467"", ""sel_9th_pre_bid"": ""+26000"", ""sel_8th_pre_req_pre"": ""0"", ""sel_8th_pre_req"": ""18882"", ""sel_8th_pre_bid"": ""+25950"", ""sel_7th_pre_req_pre"": ""0"", ""sel_7th_pre_req"": ""19497"", ""sel_7th_pre_bid"": ""+25900"", ""sel_6th_pre_req_pre"": ""--40"", ""sel_6th_pre_req"": ""9977"", ""sel_6th_pre_bid"": ""+25850"", ""sel_5th_pre_req_pre"": ""0"", ""sel_5th_pre_req"": ""50355"", ""sel_5th_pre_bid"": ""+25800"", ""sel_4th_pre_req_pre"": ""0"", ""sel_4th_pre_req"": ""12467"", ""sel_4th_pre_bid"": ""+25750"", ""sel_3th_pre_req_pre"": ""0"", ""sel_3th_pre_req"": ""4783"", ""sel_3th_pre_bid"": ""+25700"", ""sel_2th_pre_req_pre"": ""0"", ""sel_2th_pre_req"": ""8829"", ""sel_2th_pre_bid"": ""+25650"", ""sel_1th_pre_req_pre"": ""0"", ""sel_fpr_req"": ""1762"", ""sel_fpr_bid"": ""+25600"", ""buy_fpr_bid"": ""+25550"", ""buy_fpr_req"": ""3407"", ""buy_1th_pre_req_pre"": ""0"", ""buy_2th_pre_bid"": ""+25500"", ""buy_2th_pre_req"": ""3310"", ""buy_2th_pre_req_pre"": ""0"", ""buy_3th_pre_bid"": ""+25450"", ""buy_3th_pre_req"": ""2024"", ""buy_3th_pre_req_pre"": ""0"", ""buy_4th_pre_bid"": ""+25400"", ""buy_4th_pre_req"": ""1888"", ""buy_4th_pre_req_pre"": ""0"", ""buy_5th_pre_bid"": ""+25350"", ""buy_5th_pre_req"": ""3234"", ""buy_5th_pre_req_pre"": ""0"", ""buy_6th_pre_bid"": ""+25300"", ""buy_6th_pre_req"": ""1652"", ""buy_6th_pre_req_pre"": ""0"", ""buy_7th_pre_bid"": ""+25250"", ""buy_7th_pre_req"": ""2816"", ""buy_7th_pre_req_pre"": ""0"", ""buy_8th_pre_bid"": ""+25200"", ""buy_8th_pre_req"": ""4674"", ""buy_8th_pre_req_pre"": ""0"", ""buy_9th_pre_bid"": ""+25150"", ""buy_9th_pre_req"": ""1972"", ""buy_9th_pre_req_pre"": ""0"", ""buy_10th_pre_bid"": ""+25100"", ""buy_10th_pre_req"": ""3058"", ""buy_10th_pre_req_pre"": ""0"", ""tot_sel_req_jub_pre"": ""--40"", ""tot_sel_req"": ""173241"", ""tot_buy_req"": ""28035"", ""tot_buy_req_jub_pre"": ""0"", ""ovt_sel_req_pre"": ""0"", ""ovt_sel_req"": ""0"", ""ovt_buy_req"": ""0"", ""ovt_buy_req_pre"": ""0"", ""return_code"": 0, ""return_msg"": ""정상적으로 처리되었습니다""}"
2026-06-10,scan_candidate,161390,,0,main_scan,71500,,71500,71400,71500,71800,0.27972027972027974,0.13986013986013987,,,,,,"{""bid_req_base_tm"": ""103908"", ""sel_10th_pre_req_pre"": ""0"", ""sel_10th_pre_req"": ""5"", ""sel_10th_pre_bid"": ""-72400"", ""sel_9th_pre_req_pre"": ""0"", ""sel_9th_pre_req"": ""34"", ""sel_9th_pre_bid"": ""-72300"", ""sel_8th_pre_req_pre"": ""0"", ""sel_8th_pre_req"": ""19"", ""sel_8th_pre_bid"": ""-72200"", ""sel_7th_pre_req_pre"": ""0"", ""sel_7th_pre_req"": ""31"", ""sel_7th_pre_bid"": ""-72100"", ""sel_6th_pre_req_pre"": ""0"", ""sel_6th_pre_req"": ""151"", ""sel_6th_pre_bid"": ""-72000"", ""sel_5th_pre_req_pre"": ""0"", ""sel_5th_pre_req"": ""326"", ""sel_5th_pre_bid"": ""-71900"", ""sel_4th_pre_req_pre"": ""0"", ""sel_4th_pre_req"": ""130"", ""sel_4th_pre_bid"": ""-71800"", ""sel_3th_pre_req_pre"": ""0"", ""sel_3th_pre_req"": ""72"", ""sel_3th_pre_bid"": ""-71700"", ""sel_2th_pre_req_pre"": ""0"", ""sel_2th_pre_req"": ""154"", ""sel_2th_pre_bid"": ""-71600"", ""sel_1th_pre_req_pre"": ""0"", ""sel_fpr_req"": ""132"", ""sel_fpr_bid"": ""-71500"", ""buy_fpr_bid"": ""-71400"", ""buy_fpr_req"": ""334"", ""buy_1th_pre_req_pre"": ""0"", ""buy_2th_pre_bid"": ""-71300"", ""buy_2th_pre_req"": ""1175"", ""buy_2th_pre_req_pre"": ""--109"", ""buy_3th_pre_bid"": ""-71200"", ""buy_3th_pre_req"": ""469"", ""buy_3th_pre_req_pre"": ""0"", ""buy_4th_pre_bid"": ""-71100"", ""buy_4th_pre_req"": ""319"", ""buy_4th_pre_req_pre"": ""0"", ""buy_5th_pre_bid"": ""-71000"", ""buy_5th_pre_req"": ""1092"", ""buy_5th_pre_req_pre"": ""0"", ""buy_6th_pre_bid"": ""-70900"", ""buy_6th_pre_req"": ""2119"", ""buy_6th_pre_req_pre"": ""0"", ""buy_7th_pre_bid"": ""-70800"", ""buy_7th_pre_req"": ""164"", ""buy_7th_pre_req_pre"": ""0"", ""buy_8th_pre_bid"": ""-70700"", ""buy_8th_pre_req"": ""72"", ""buy_8th_pre_req_pre"": ""0"", ""buy_9th_pre_bid"": ""-70600"", ""buy_9th_pre_req"": ""87"", ""buy_9th_pre_req_pre"": ""0"", ""buy_10th_pre_bid"": ""-70500"", ""buy_10th_pre_req"": ""345"", ""buy_10th_pre_req_pre"": ""0"", ""tot_sel_req_jub_pre"": ""--2155"", ""tot_sel_req"": ""1054"", ""tot_buy_req"": ""6176"", ""tot_buy_req_jub_pre"": ""+113"", ""ovt_sel_req_pre"": ""0"", ""ovt_sel_req"": ""0"", ""ovt_buy_req"": ""0"", ""ovt_buy_req_pre"": ""0"", ""return_code"": 0, ""return_msg"": ""정상적으로 처리되었습니다""}"
2026-06-10,scan_candidate,003230,,0,main_scan,1150000,,1150000,1149000,1150000,1150000,-0.08695652173913043,0.08695652173913043,,,,,,"{""bid_req_base_tm"": ""103908"", ""sel_10th_pre_req_pre"": ""0"", ""sel_10th_pre_req"": ""36"", ""sel_10th_pre_bid"": ""+1159000"", ""sel_9th_pre_req_pre"": ""0"", ""sel_9th_pre_req"": ""8"", ""sel_9th_pre_bid"": ""+1158000"", ""sel_8th_pre_req_pre"": ""0"", ""sel_8th_pre_req"": ""11"", ""sel_8th_pre_bid"": ""+1157000"", ""sel_7th_pre_req_pre"": ""0"", ""sel_7th_pre_req"": ""13"", ""sel_7th_pre_bid"": ""+1156000"", ""sel_6th_pre_req_pre"": ""0"", ""sel_6th_pre_req"": ""14"", ""sel_6th_pre_bid"": ""+1155000"", ""sel_5th_pre_req_pre"": ""0"", ""sel_5th_pre_req"": ""9"", ""sel_5th_pre_bid"": ""+1154000"", ""sel_4th_pre_req_pre"": ""0"", ""sel_4th_pre_req"": ""3"", ""sel_4th_pre_bid"": ""+1153000"", ""sel_3th_pre_req_pre"": ""0"", ""sel_3th_pre_req"": ""24"", ""sel_3th_pre_bid"": ""+1152000"", ""sel_2th_pre_req_pre"": ""0"", ""sel_2th_pre_req"": ""39"", ""sel_2th_pre_bid"": ""+1151000"", ""sel_1th_pre_req_pre"": ""0"", ""sel_fpr_req"": ""21"", ""sel_fpr_bid"": ""+1150000"", ""buy_fpr_bid"": ""+1149000"", ""buy_fpr_req"": ""44"", ""buy_1th_pre_req_pre"": ""0"", ""buy_2th_pre_bid"": ""+1148000"", ""buy_2th_pre_req"": ""15"", ""buy_2th_pre_req_pre"": ""0"", ""buy_3th_pre_bid"": ""+1147000"", ""buy_3th_pre_req"": ""6"", ""buy_3th_pre_req_pre"": ""0"", ""buy_4th_pre_bid"": ""+1146000"", ""buy_4th_pre_req"": ""44"", ""buy_4th_pre_req_pre"": ""0"", ""buy_5th_pre_bid"": ""+1145000"", ""buy_5th_pre_req"": ""50"", ""buy_5th_pre_req_pre"": ""0"", ""buy_6th_pre_bid"": ""+1144000"", ""buy_6th_pre_req"": ""9"", ""buy_6th_pre_req_pre"": ""0"", ""buy_7th_pre_bid"": ""+1143000"", ""buy_7th_pre_req"": ""7"", ""buy_7th_pre_req_pre"": ""0"", ""buy_8th_pre_bid"": ""+1142000"", ""buy_8th_pre_req"": ""5"", ""buy_8th_pre_req_pre"": ""0"", ""buy_9th_pre_bid"": ""+1141000"", ""buy_9th_pre_req"": ""8"", ""buy_9th_pre_req_pre"": ""0"", ""buy_10th_pre_bid"": ""+1140000"", ""buy_10th_pre_req"": ""27"", ""buy_10th_pre_req_pre"": ""0"", ""tot_sel_req_jub_pre"": ""0"", ""tot_sel_req"": ""178"", ""tot_buy_req"": ""215"", ""tot_buy_req_jub_pre"": ""0"", ""ovt_sel_req_pre"": ""0"", ""ovt_sel_req"": ""0"", ""ovt_buy_req"": ""0"", ""ovt_buy_req_pre"": ""0"", ""return_code"": 0, ""return_msg"": ""정상적으로 처리되었습니다""}"
2026-06-10,scan_candidate,000880,,0,main_scan,120300,,120300,120000,120300,120500,-0.24937655860349126,0.24937655860349126,,,,,,"{""bid_req_base_tm"": ""103908"", ""sel_10th_pre_req_pre"": ""0"", ""sel_10th_pre_req"": ""10"", ""sel_10th_pre_bid"": ""+121300"", ""sel_9th_pre_req_pre"": ""0"", ""sel_9th_pre_req"": ""83"", ""sel_9th_pre_bid"": ""+121200"", ""sel_8th_pre_req_pre"": ""0"", ""sel_8th_pre_req"": ""65"", ""sel_8th_pre_bid"": ""+121100"", ""sel_7th_pre_req_pre"": ""0"", ""sel_7th_pre_req"": ""78"", ""sel_7th_pre_bid"": ""+121000"", ""sel_6th_pre_req_pre"": ""0"", ""sel_6th_pre_req"": ""6"", ""sel_6th_pre_bid"": ""+120900"", ""sel_5th_pre_req_pre"": ""0"", ""sel_5th_pre_req"": ""1"", ""sel_5th_pre_bid"": ""+120800"", ""sel_4th_pre_req_pre"": ""0"", ""sel_4th_pre_req"": ""59"", ""sel_4th_pre_bid"": ""+120700"", ""sel_3th_pre_req_pre"": ""0"", ""sel_3th_pre_req"": ""62"", ""sel_3th_pre_bid"": ""+120500"", ""sel_2th_pre_req_pre"": ""0"", ""sel_2th_pre_req"": ""39"", ""sel_2th_pre_bid"": ""+120400"", ""sel_1th_pre_req_pre"": ""--42"", ""sel_fpr_req"": ""6"", ""sel_fpr_bid"": ""+120300"", ""buy_fpr_bid"": ""+120000"", ""buy_fpr_req"": ""143"", ""buy_1th_pre_req_pre"": ""0"", ""buy_2th_pre_bid"": ""+119900"", ""buy_2th_pre_req"": ""104"", ""buy_2th_pre_req_pre"": ""0"", ""buy_3th_pre_bid"": ""+119800"", ""buy_3th_pre_req"": ""39"", ""buy_3th_pre_req_pre"": ""0"", ""buy_4th_pre_bid"": ""+119700"", ""buy_4th_pre_req"": ""127"", ""buy_4th_pre_req_pre"": ""0"", ""buy_5th_pre_bid"": ""+119400"", ""buy_5th_pre_req"": ""4"", ""buy_5th_pre_req_pre"": ""0"", ""buy_6th_pre_bid"": ""+118900"", ""buy_6th_pre_req"": ""4"", ""buy_6th_pre_req_pre"": ""0"", ""buy_7th_pre_bid"": ""+118800"", ""buy_7th_pre_req"": ""3"", ""buy_7th_pre_req_pre"": ""0"", ""buy_8th_pre_bid"": ""+118600"", ""buy_8th_pre_req"": ""3"", ""buy_8th_pre_req_pre"": ""0"", ""buy_9th_pre_bid"": ""+118500"", ""buy_9th_pre_req"": ""653"", ""buy_9th_pre_req_pre"": ""0"", ""buy_10th_pre_bid"": ""+118300"", ""buy_10th_pre_req"": ""88"", ""buy_10th_pre_req_pre"": ""0"", ""tot_sel_req_jub_pre"": ""--42"", ""tot_sel_req"": ""409"", ""tot_buy_req"": ""1168"", ""tot_buy_req_jub_pre"": ""0"", ""ovt_sel_req_pre"": ""0"", ""ovt_sel_req"": ""0"", ""ovt_buy_req"": ""0"", ""ovt_buy_req_pre"": ""0"", ""return_code"": 0, ""return_msg"": ""정상적으로 처리되었습니다""}"
2026-06-10,scan_candidate,180640,,0,main_scan,120200,,120200,120100,120200,120000,-0.5823627287853578,0.08319467554076539,,,,,,"{""bid_req_base_tm"": ""103908"", ""sel_10th_pre_req_pre"": ""0"", ""sel_10th_pre_req"": ""250"", ""sel_10th_pre_bid"": ""+121100"", ""sel_9th_pre_req_pre"": ""0"", ""sel_9th_pre_req"": ""629"", ""sel_9th_pre_bid"": ""+121000"", ""sel_8th_pre_req_pre"": ""0"", ""sel_8th_pre_req"": ""27"", ""sel_8th_pre_bid"": ""+120900"", ""sel_7th_pre_req_pre"": ""0"", ""sel_7th_pre_req"": ""418"", ""sel_7th_pre_bid"": ""+120800"", ""sel_6th_pre_req_pre"": ""0"", ""sel_6th_pre_req"": ""126"", ""sel_6th_pre_bid"": ""+120700"", ""sel_5th_pre_req_pre"": ""0"", ""sel_5th_pre_req"": ""21"", ""sel_5th_pre_bid"": ""+120600"", ""sel_4th_pre_req_pre"": ""0"", ""sel_4th_pre_req"": ""108"", ""sel_4th_pre_bid"": ""+120500"", ""sel_3th_pre_req_pre"": ""0"", ""sel_3th_pre_req"": ""42"", ""sel_3th_pre_bid"": ""+120400"", ""sel_2th_pre_req_pre"": ""0"", ""sel_2th_pre_req"": ""91"", ""sel_2th_pre_bid"": ""+120300"", ""sel_1th_pre_req_pre"": ""0"", ""sel_fpr_req"": ""20"", ""sel_fpr_bid"": ""+120200"", ""buy_fpr_bid"": ""+120100"", ""buy_fpr_req"": ""65"", ""buy_1th_pre_req_pre"": ""0"", ""buy_2th_pre_bid"": ""+119800"", ""buy_2th_pre_req"": ""9"", ""buy_2th_pre_req_pre"": ""0"", ""buy_3th_pre_bid"": ""+119700"", ""buy_3th_pre_req"": ""638"", ""buy_3th_pre_req_pre"": ""0"", ""buy_4th_pre_bid"": ""+119600"", ""buy_4th_pre_req"": ""9"", ""buy_4th_pre_req_pre"": ""0"", ""buy_5th_pre_bid"": ""+119500"", ""buy_5th_pre_req"": ""15"", ""buy_5th_pre_req_pre"": ""0"", ""buy_6th_pre_bid"": ""+119400"", ""buy_6th_pre_req"": ""122"", ""buy_6th_pre_req_pre"": ""0"", ""buy_7th_pre_bid"": ""+119300"", ""buy_7th_pre_req"": ""94"", ""buy_7th_pre_req_pre"": ""0"", ""buy_8th_pre_bid"": ""+119200"", ""buy_8th_pre_req"": ""68"", ""buy_8th_pre_req_pre"": ""0"", ""buy_9th_pre_bid"": ""+119100"", ""buy_9th_pre_req"": ""100"", ""buy_9th_pre_req_pre"": ""0"", ""buy_10th_pre_bid"": ""+119000"", ""buy_10th_pre_req"": ""100"", ""buy_10th_pre_req_pre"": ""0"", ""tot_sel_req_jub_pre"": ""+873"", ""tot_sel_req"": ""1732"", ""tot_buy_req"": ""1220"", ""tot_buy_req_jub_pre"": ""--194"", ""ovt_sel_req_pre"": ""0"", ""ovt_sel_req"": ""0"", ""ovt_buy_req"": ""0"", ""ovt_buy_req_pre"": ""0"", ""return_code"": 0, ""return_msg"": ""정상적으로 처리되었습니다""}"
2026-06-10,scan_candidate,454910,,0,main_scan,111400,,111400,111300,111400,111000,-0.807899461400359,0.08976660682226212,,,,,,"{""bid_req_base_tm"": ""103908"", ""sel_10th_pre_req_pre"": ""0"", ""sel_10th_pre_req"": ""947"", ""sel_10th_pre_bid"": ""-112300"", ""sel_9th_pre_req_pre"": ""0"", ""sel_9th_pre_req"": ""366"", ""sel_9th_pre_bid"": ""-112200"", ""sel_8th_pre_req_pre"": ""0"", ""sel_8th_pre_req"": ""448"", ""sel_8th_pre_bid"": ""-112100"", ""sel_7th_pre_req_pre"": ""0"", ""sel_7th_pre_req"": ""1233"", ""sel_7th_pre_bid"": ""-112000"", ""sel_6th_pre_req_pre"": ""0"", ""sel_6th_pre_req"": ""367"", ""sel_6th_pre_bid"": ""-111900"", ""sel_5th_pre_req_pre"": ""0"", ""sel_5th_pre_req"": ""268"", ""sel_5th_pre_bid"": ""-111800"", ""sel_4th_pre_req_pre"": ""0"", ""sel_4th_pre_req"": ""314"", ""sel_4th_pre_bid"": ""-111700"", ""sel_3th_pre_req_pre"": ""0"", ""sel_3th_pre_req"": ""90"", ""sel_3th_pre_bid"": ""-111600"", ""sel_2th_pre_req_pre"": ""0"", ""sel_2th_pre_req"": ""171"", ""sel_2th_pre_bid"": ""-111500"", ""sel_1th_pre_req_pre"": ""0"", ""sel_fpr_req"": ""477"", ""sel_fpr_bid"": ""-111400"", ""buy_fpr_bid"": ""-111300"", ""buy_fpr_req"": ""12"", ""buy_1th_pre_req_pre"": ""0"", ""buy_2th_pre_bid"": ""-111200"", ""buy_2th_pre_req"": ""55"", ""buy_2th_pre_req_pre"": ""0"", ""buy_3th_pre_bid"": ""-111100"", ""buy_3th_pre_req"": ""8"", ""buy_3th_pre_req_pre"": ""0"", ""buy_4th_pre_bid"": ""-111000"", ""buy_4th_pre_req"": ""33"", ""buy_4th_pre_req_pre"": ""0"", ""buy_5th_pre_bid"": ""-110900"", ""buy_5th_pre_req"": ""252"", ""buy_5th_pre_req_pre"": ""0"", ""buy_6th_pre_bid"": ""-110800"", ""buy_6th_pre_req"": ""195"", ""buy_6th_pre_req_pre"": ""0"", ""buy_7th_pre_bid"": ""-110700"", ""buy_7th_pre_req"": ""197"", ""buy_7th_pre_req_pre"": ""0"", ""buy_8th_pre_bid"": ""-110600"", ""buy_8th_pre_req"": ""318"", ""buy_8th_pre_req_pre"": ""0"", ""buy_9th_pre_bid"": ""-110500"", ""buy_9th_pre_req"": ""1065"", ""buy_9th_pre_req_pre"": ""0"", ""buy_10th_pre_bid"": ""-110400"", ""buy_10th_pre_req"": ""199"", ""buy_10th_pre_req_pre"": ""0"", ""tot_sel_req_jub_pre"": ""0"", ""tot_sel_req"": ""4681"", ""tot_buy_req"": ""2334"", ""tot_buy_req_jub_pre"": ""--252"", ""ovt_sel_req_pre"": ""0"", ""ovt_sel_req"": ""0"", ""ovt_buy_req"": ""0"", ""ovt_buy_req_pre"": ""0"", ""return_code"": 0, ""return_msg"": ""정상적으로 처리되었습니다""}"
2026-06-10,scan_candidate,353200,,0,main_scan,158700,,158700,158600,158700,158500,-0.4410838059231254,0.0630119722747322,,,,,,"{""bid_req_base_tm"": ""103909"", ""sel_10th_pre_req_pre"": ""0"", ""sel_10th_pre_req"": ""333"", ""sel_10th_pre_bid"": ""+159700"", ""sel_9th_pre_req_pre"": ""0"", ""sel_9th_pre_req"": ""473"", ""sel_9th_pre_bid"": ""+159600"", ""sel_8th_pre_req_pre"": ""0"", ""sel_8th_pre_req"": ""256"", ""sel_8th_pre_bid"": ""+159500"", ""sel_7th_pre_req_pre"": ""0"", ""sel_7th_pre_req"": ""206"", ""sel_7th_pre_bid"": ""+159400"", ""sel_6th_pre_req_pre"": ""0"", ""sel_6th_pre_req"": ""359"", ""sel_6th_pre_bid"": ""+159300"", ""sel_5th_pre_req_pre"": ""0"", ""sel_5th_pre_req"": ""80"", ""sel_5th_pre_bid"": ""+159200"", ""sel_4th_pre_req_pre"": ""0"", ""sel_4th_pre_req"": ""55"", ""sel_4th_pre_bid"": ""+159000"", ""sel_3th_pre_req_pre"": ""0"", ""sel_3th_pre_req"": ""42"", ""sel_3th_pre_bid"": ""+158900"", ""sel_2th_pre_req_pre"": ""0"", ""sel_2th_pre_req"": ""4"", ""sel_2th_pre_bid"": ""+158800"", ""sel_1th_pre_req_pre"": ""0"", ""sel_fpr_req"": ""20"", ""sel_fpr_bid"": ""+158700"", ""buy_fpr_bid"": ""+158600"", ""buy_fpr_req"": ""123"", ""buy_1th_pre_req_pre"": ""+77"", ""buy_2th_pre_bid"": ""+158400"", ""buy_2th_pre_req"": ""120"", ""buy_2th_pre_req_pre"": ""--79"", ""buy_3th_pre_bid"": ""+158300"", ""buy_3th_pre_req"": ""69"", ""buy_3th_pre_req_pre"": ""0"", ""buy_4th_pre_bid"": ""+158200"", ""buy_4th_pre_req"": ""280"", ""buy_4th_pre_req_pre"": ""0"", ""buy_5th_pre_bid"": ""+158100"", ""buy_5th_pre_req"": ""283"", ""buy_5th_pre_req_pre"": ""0"", ""buy_6th_pre_bid"": ""+158000"", ""buy_6th_pre_req"": ""313"", ""buy_6th_pre_req_pre"": ""0"", ""buy_7th_pre_bid"": ""+157900"", ""buy_7th_pre_req"": ""246"", ""buy_7th_pre_req_pre"": ""0"", ""buy_8th_pre_bid"": ""+157800"", ""buy_8th_pre_req"": ""35"", ""buy_8th_pre_req_pre"": ""0"", ""buy_9th_pre_bid"": ""+157700"", ""buy_9th_pre_req"": ""45"", ""buy_9th_pre_req_pre"": ""0"", ""buy_10th_pre_bid"": ""+157600"", ""buy_10th_pre_req"": ""117"", ""buy_10th_pre_req_pre"": ""0"", ""tot_sel_req_jub_pre"": ""0"", ""tot_sel_req"": ""1828"", ""tot_buy_req"": ""1631"", ""tot_buy_req_jub_pre"": ""--2"", ""ovt_sel_req_pre"": ""0"", ""ovt_sel_req"": ""0"", ""ovt_buy_req"": ""0"", ""ovt_buy_req_pre"": ""0"", ""return_code"": 0, ""return_msg"": ""정상적으로 처리되었습니다""}"
2026-06-10,scan_candidate,034220,,0,main_scan,13340,,13340,13330,13340,13300,-0.6746626686656672,0.07496251874062969,,,,,,"{""bid_req_base_tm"": ""103909"", ""sel_10th_pre_req_pre"": ""0"", ""sel_10th_pre_req"": ""1388"", ""sel_10th_pre_bid"": ""-13430"", ""sel_9th_pre_req_pre"": ""0"", ""sel_9th_pre_req"": ""6392"", ""sel_9th_pre_bid"": ""-13420"", ""sel_8th_pre_req_pre"": ""0"", ""sel_8th_pre_req"": ""6753"", ""sel_8th_pre_bid"": ""-13410"", ""sel_7th_pre_req_pre"": ""0"", ""sel_7th_pre_req"": ""9051"", ""sel_7th_pre_bid"": ""-13400"", ""sel_6th_pre_req_pre"": ""0"", ""sel_6th_pre_req"": ""3487"", ""sel_6th_pre_bid"": ""-13390"", ""sel_5th_pre_req_pre"": ""0"", ""sel_5th_pre_req"": ""2306"", ""sel_5th_pre_bid"": ""-13380"", ""sel_4th_pre_req_pre"": ""0"", ""sel_4th_pre_req"": ""3158"", ""sel_4th_pre_bid"": ""-13370"", ""sel_3th_pre_req_pre"": ""--1"", ""sel_3th_pre_req"": ""967"", ""sel_3th_pre_bid"": ""-13360"", ""sel_2th_pre_req_pre"": ""0"", ""sel_2th_pre_req"": ""2361"", ""sel_2th_pre_bid"": ""-13350"", ""sel_1th_pre_req_pre"": ""0"", ""sel_fpr_req"": ""500"", ""sel_fpr_bid"": ""-13340"", ""buy_fpr_bid"": ""-13330"", ""buy_fpr_req"": ""351"", ""buy_1th_pre_req_pre"": ""0"", ""buy_2th_pre_bid"": ""-13320"", ""buy_2th_pre_req"": ""649"", ""buy_2th_pre_req_pre"": ""0"", ""buy_3th_pre_bid"": ""-13310"", ""buy_3th_pre_req"": ""485"", ""buy_3th_pre_req_pre"": ""0"", ""buy_4th_pre_bid"": ""-13300"", ""buy_4th_pre_req"": ""860"", ""buy_4th_pre_req_pre"": ""0"", ""buy_5th_pre_bid"": ""-13290"", ""buy_5th_pre_req"": ""272"", ""buy_5th_pre_req_pre"": ""0"", ""buy_6th_pre_bid"": ""-13280"", ""buy_6th_pre_req"": ""342"", ""buy_6th_pre_req_pre"": ""0"", ""buy_7th_pre_bid"": ""-13270"", ""buy_7th_pre_req"": ""1276"", ""buy_7th_pre_req_pre"": ""0"", ""buy_8th_pre_bid"": ""-13260"", ""buy_8th_pre_req"": ""1723"", ""buy_8th_pre_req_pre"": ""0"", ""buy_9th_pre_bid"": ""-13250"", ""buy_9th_pre_req"": ""3647"", ""buy_9th_pre_req_pre"": ""0"", ""buy_10th_pre_bid"": ""-13240"", ""buy_10th_pre_req"": ""2736"", ""buy_10th_pre_req_pre"": ""0"", ""tot_sel_req_jub_pre"": ""--1"", ""tot_sel_req"": ""36363"", ""tot_buy_req"": ""12341"", ""tot_buy_req_jub_pre"": ""0"", ""ovt_sel_req_pre"": ""0"", ""ovt_sel_req"": ""0"", ""ovt_buy_req"": ""0"", ""ovt_buy_req_pre"": ""0"", ""return_code"": 0, ""return_msg"": ""정상적으로 처리되었습니다""}"
2026-06-10,scan_candidate,267270,,0,main_scan,150000,,150000,149900,150000,149500,-0.6666666666666667,0.06666666666666667,,,,,,"{""bid_req_base_tm"": ""103908"", ""sel_10th_pre_req_pre"": ""0"", ""sel_10th_pre_req"": ""72"", ""sel_10th_pre_bid"": ""+150900"", ""sel_9th_pre_req_pre"": ""0"", ""sel_9th_pre_req"": ""78"", ""sel_9th_pre_bid"": ""+150800"", ""sel_8th_pre_req_pre"": ""0"", ""sel_8th_pre_req"": ""77"", ""sel_8th_pre_bid"": ""+150700"", ""sel_7th_pre_req_pre"": ""0"", ""sel_7th_pre_req"": ""12"", ""sel_7th_pre_bid"": ""+150600"", ""sel_6th_pre_req_pre"": ""0"", ""sel_6th_pre_req"": ""113"", ""sel_6th_pre_bid"": ""+150500"", ""sel_5th_pre_req_pre"": ""0"", ""sel_5th_pre_req"": ""68"", ""sel_5th_pre_bid"": ""+150400"", ""sel_4th_pre_req_pre"": ""0"", ""sel_4th_pre_req"": ""499"", ""sel_4th_pre_bid"": ""+150300"", ""sel_3th_pre_req_pre"": ""0"", ""sel_3th_pre_req"": ""27"", ""sel_3th_pre_bid"": ""+150200"", ""sel_2th_pre_req_pre"": ""0"", ""sel_2th_pre_req"": ""154"", ""sel_2th_pre_bid"": ""+150100"", ""sel_1th_pre_req_pre"": ""0"", ""sel_fpr_req"": ""30"", ""sel_fpr_bid"": ""+150000"", ""buy_fpr_bid"": ""+149900"", ""buy_fpr_req"": ""18"", ""buy_1th_pre_req_pre"": ""+13"", ""buy_2th_pre_bid"": ""+149800"", ""buy_2th_pre_req"": ""1"", ""buy_2th_pre_req_pre"": ""0"", ""buy_3th_pre_bid"": ""+149700"", ""buy_3th_pre_req"": ""31"", ""buy_3th_pre_req_pre"": ""0"", ""buy_4th_pre_bid"": ""+149600"", ""buy_4th_pre_req"": ""6"", ""buy_4th_pre_req_pre"": ""0"", ""buy_5th_pre_bid"": ""+149500"", ""buy_5th_pre_req"": ""12"", ""buy_5th_pre_req_pre"": ""0"", ""buy_6th_pre_bid"": ""+149400"", ""buy_6th_pre_req"": ""8"", ""buy_6th_pre_req_pre"": ""0"", ""buy_7th_pre_bid"": ""+149300"", ""buy_7th_pre_req"": ""1"", ""buy_7th_pre_req_pre"": ""0"", ""buy_8th_pre_bid"": ""+149200"", ""buy_8th_pre_req"": ""2"", ""buy_8th_pre_req_pre"": ""0"", ""buy_9th_pre_bid"": ""+149100"", ""buy_9th_pre_req"": ""28"", ""buy_9th_pre_req_pre"": ""0"", ""buy_10th_pre_bid"": ""+149000"", ""buy_10th_pre_req"": ""3"", ""buy_10th_pre_req_pre"": ""0"", ""tot_sel_req_jub_pre"": ""0"", ""tot_sel_req"": ""1130"", ""tot_buy_req"": ""110"", ""tot_buy_req_jub_pre"": ""+13"", ""ovt_sel_req_pre"": ""0"", ""ovt_sel_req"": ""0"", ""ovt_buy_req"": ""0"", ""ovt_buy_req_pre"": ""0"", ""return_code"": 0, ""return_msg"": ""정상적으로 처리되었습니다""}"
2026-06-10,scan_candidate,062040,,0,main_scan,227500,,227500,227000,227500,227000,-0.43956043956043955,0.21978021978021978,,,,,,"{""bid_req_base_tm"": ""103909"", ""sel_10th_pre_req_pre"": ""0"", ""sel_10th_pre_req"": ""465"", ""sel_10th_pre_bid"": ""+232000"", ""sel_9th_pre_req_pre"": ""0"", ""sel_9th_pre_req"": ""1038"", ""sel_9th_pre_bid"": ""+231500"", ""sel_8th_pre_req_pre"": ""0"", ""sel_8th_pre_req"": ""388"", ""sel_8th_pre_bid"": ""+231000"", ""sel_7th_pre_req_pre"": ""0"", ""sel_7th_pre_req"": ""151"", ""sel_7th_pre_bid"": ""+230500"", ""sel_6th_pre_req_pre"": ""0"", ""sel_6th_pre_req"": ""321"", ""sel_6th_pre_bid"": ""+230000"", ""sel_5th_pre_req_pre"": ""0"", ""sel_5th_pre_req"": ""65"", ""sel_5th_pre_bid"": ""+229500"", ""sel_4th_pre_req_pre"": ""0"", ""sel_4th_pre_req"": ""20"", ""sel_4th_pre_bid"": ""+229000"", ""sel_3th_pre_req_pre"": ""0"", ""sel_3th_pre_req"": ""94"", ""sel_3th_pre_bid"": ""+228500"", ""sel_2th_pre_req_pre"": ""0"", ""sel_2th_pre_req"": ""119"", ""sel_2th_pre_bid"": ""+228000"", ""sel_1th_pre_req_pre"": ""0"", ""sel_fpr_req"": ""206"", ""sel_fpr_bid"": ""+227500"", ""buy_fpr_bid"": ""+227000"", ""buy_fpr_req"": ""122"", ""buy_1th_pre_req_pre"": ""+10"", ""buy_2th_pre_bid"": ""+226500"", ""buy_2th_pre_req"": ""230"", ""buy_2th_pre_req_pre"": ""--10"", ""buy_3th_pre_bid"": ""+226000"", ""buy_3th_pre_req"": ""304"", ""buy_3th_pre_req_pre"": ""0"", ""buy_4th_pre_bid"": ""+225500"", ""buy_4th_pre_req"": ""316"", ""buy_4th_pre_req_pre"": ""0"", ""buy_5th_pre_bid"": ""225000"", ""buy_5th_pre_req"": ""732"", ""buy_5th_pre_req_pre"": ""0"", ""buy_6th_pre_bid"": ""-224500"", ""buy_6th_pre_req"": ""72"", ""buy_6th_pre_req_pre"": ""0"", ""buy_7th_pre_bid"": ""-224000"", ""buy_7th_pre_req"": ""217"", ""buy_7th_pre_req_pre"": ""0"", ""buy_8th_pre_bid"": ""-223500"", ""buy_8th_pre_req"": ""170"", ""buy_8th_pre_req_pre"": ""0"", ""buy_9th_pre_bid"": ""-223000"", ""buy_9th_pre_req"": ""278"", ""buy_9th_pre_req_pre"": ""0"", ""buy_10th_pre_bid"": ""-222500"", ""buy_10th_pre_req"": ""124"", ""buy_10th_pre_req_pre"": ""0"", ""tot_sel_req_jub_pre"": ""0"", ""tot_sel_req"": ""2867"", ""tot_buy_req"": ""2565"", ""tot_buy_req_jub_pre"": ""0"", ""ovt_sel_req_pre"": ""0"", ""ovt_sel_req"": ""0"", ""ovt_buy_req"": ""0"", ""ovt_buy_req_pre"": ""0"", ""return_code"": 0, ""return_msg"": ""정상적으로 처리되었습니다""}"
2026-06-10,scan_candidate,078930,,0,main_scan,73800,,73800,73700,73800,74100,0.27100271002710025,0.13550135501355012,,,,,,"{""bid_req_base_tm"": ""103909"", ""sel_10th_pre_req_pre"": ""0"", ""sel_10th_pre_req"": ""237"", ""sel_10th_pre_bid"": ""+74700"", ""sel_9th_pre_req_pre"": ""0"", ""sel_9th_pre_req"": ""104"", ""sel_9th_pre_bid"": ""+74600"", ""sel_8th_pre_req_pre"": ""0"", ""sel_8th_pre_req"": ""74"", ""sel_8th_pre_bid"": ""+74500"", ""sel_7th_pre_req_pre"": ""0"", ""sel_7th_pre_req"": ""96"", ""sel_7th_pre_bid"": ""+74400"", ""sel_6th_pre_req_pre"": ""0"", ""sel_6th_pre_req"": ""2"", ""sel_6th_pre_bid"": ""+74300"", ""sel_5th_pre_req_pre"": ""0"", ""sel_5th_pre_req"": ""91"", ""sel_5th_pre_bid"": ""+74200"", ""sel_4th_pre_req_pre"": ""0"", ""sel_4th_pre_req"": ""29"", ""sel_4th_pre_bid"": ""+74100"", ""sel_3th_pre_req_pre"": ""0"", ""sel_3th_pre_req"": ""159"", ""sel_3th_pre_bid"": ""+74000"", ""sel_2th_pre_req_pre"": ""+1"", ""sel_2th_pre_req"": ""10"", ""sel_2th_pre_bid"": ""+73900"", ""sel_1th_pre_req_pre"": ""+9"", ""sel_fpr_req"": ""253"", ""sel_fpr_bid"": ""73800"", ""buy_fpr_bid"": ""-73700"", ""buy_fpr_req"": ""252"", ""buy_1th_pre_req_pre"": ""0"", ""buy_2th_pre_bid"": ""-73600"", ""buy_2th_pre_req"": ""1962"", ""buy_2th_pre_req_pre"": ""0"", ""buy_3th_pre_bid"": ""-73500"", ""buy_3th_pre_req"": ""220"", ""buy_3th_pre_req_pre"": ""0"", ""buy_4th_pre_bid"": ""-73400"", ""buy_4th_pre_req"": ""51"", ""buy_4th_pre_req_pre"": ""0"", ""buy_5th_pre_bid"": ""-73200"", ""buy_5th_pre_req"": ""14"", ""buy_5th_pre_req_pre"": ""0"", ""buy_6th_pre_bid"": ""-73100"", ""buy_6th_pre_req"": ""150"", ""buy_6th_pre_req_pre"": ""0"", ""buy_7th_pre_bid"": ""-73000"", ""buy_7th_pre_req"": ""2"", ""buy_7th_pre_req_pre"": ""0"", ""buy_8th_pre_bid"": ""-72900"", ""buy_8th_pre_req"": ""4"", ""buy_8th_pre_req_pre"": ""0"", ""buy_9th_pre_bid"": ""-72800"", ""buy_9th_pre_req"": ""20"", ""buy_9th_pre_req_pre"": ""0"", ""buy_10th_pre_bid"": ""-72700"", ""buy_10th_pre_req"": ""50"", ""buy_10th_pre_req_pre"": ""0"", ""tot_sel_req_jub_pre"": ""+10"", ""tot_sel_req"": ""1055"", ""tot_buy_req"": ""2725"", ""tot_buy_req_jub_pre"": ""0"", ""ovt_sel_req_pre"": ""0"", ""ovt_sel_req"": ""0"", ""ovt_buy_req"": ""0"", ""ovt_buy_req_pre"": ""0"", ""return_code"": 0, ""return_msg"": ""정상적으로 처리되었습니다""}"
2026-06-10,scan_candidate,090430,,0,main_scan,112700,,112700,112600,112700,112500,-0.6211180124223602,0.08873114463176575,,,,,,"{""bid_req_base_tm"": ""103909"", ""sel_10th_pre_req_pre"": ""0"", ""sel_10th_pre_req"": ""121"", ""sel_10th_pre_bid"": ""+113600"", ""sel_9th_pre_req_pre"": ""0"", ""sel_9th_pre_req"": ""263"", ""sel_9th_pre_bid"": ""+113500"", ""sel_8th_pre_req_pre"": ""0"", ""sel_8th_pre_req"": ""183"", ""sel_8th_pre_bid"": ""+113400"", ""sel_7th_pre_req_pre"": ""0"", ""sel_7th_pre_req"": ""165"", ""sel_7th_pre_bid"": ""+113300"", ""sel_6th_pre_req_pre"": ""0"", ""sel_6th_pre_req"": ""27"", ""sel_6th_pre_bid"": ""+113200"", ""sel_5th_pre_req_pre"": ""0"", ""sel_5th_pre_req"": ""61"", ""sel_5th_pre_bid"": ""+113100"", ""sel_4th_pre_req_pre"": ""0"", ""sel_4th_pre_req"": ""64"", ""sel_4th_pre_bid"": ""+113000"", ""sel_3th_pre_req_pre"": ""0"", ""sel_3th_pre_req"": ""51"", ""sel_3th_pre_bid"": ""+112900"", ""sel_2th_pre_req_pre"": ""0"", ""sel_2th_pre_req"": ""23"", ""sel_2th_pre_bid"": ""+112800"", ""sel_1th_pre_req_pre"": ""+11"", ""sel_fpr_req"": ""227"", ""sel_fpr_bid"": ""+112700"", ""buy_fpr_bid"": ""+112600"", ""buy_fpr_req"": ""325"", ""buy_1th_pre_req_pre"": ""0"", ""buy_2th_pre_bid"": ""+112500"", ""buy_2th_pre_req"": ""6"", ""buy_2th_pre_req_pre"": ""0"", ""buy_3th_pre_bid"": ""+112400"", ""buy_3th_pre_req"": ""6"", ""buy_3th_pre_req_pre"": ""0"", ""buy_4th_pre_bid"": ""+112300"", ""buy_4th_pre_req"": ""61"", ""buy_4th_pre_req_pre"": ""0"", ""buy_5th_pre_bid"": ""+112200"", ""buy_5th_pre_req"": ""19"", ""buy_5th_pre_req_pre"": ""0"", ""buy_6th_pre_bid"": ""+112100"", ""buy_6th_pre_req"": ""34"", ""buy_6th_pre_req_pre"": ""0"", ""buy_7th_pre_bid"": ""112000"", ""buy_7th_pre_req"": ""79"", ""buy_7th_pre_req_pre"": ""0"", ""buy_8th_pre_bid"": ""-111900"", ""buy_8th_pre_req"": ""42"", ""buy_8th_pre_req_pre"": ""0"", ""buy_9th_pre_bid"": ""-111800"", ""buy_9th_pre_req"": ""20"", ""buy_9th_pre_req_pre"": ""0"", ""buy_10th_pre_bid"": ""-111700"", ""buy_10th_pre_req"": ""203"", ""buy_10th_pre_req_pre"": ""0"", ""tot_sel_req_jub_pre"": ""+11"", ""tot_sel_req"": ""1185"", ""tot_buy_req"": ""795"", ""tot_buy_req_jub_pre"": ""0"", ""ovt_sel_req_pre"": ""0"", ""ovt_sel_req"": ""0"", ""ovt_buy_req"": ""0"", ""ovt_buy_req_pre"": ""0"", ""return_code"": 0, ""return_msg"": ""정상적으로 처리되었습니다""}"
2026-06-10,scan_candidate,004170,,0,main_scan,673000,,673000,672000,673000,674000,0.0,0.1485884101040119,,,,,,"{""bid_req_base_tm"": ""103909"", ""sel_10th_pre_req_pre"": ""0"", ""sel_10th_pre_req"": ""6"", ""sel_10th_pre_bid"": ""+682000"", ""sel_9th_pre_req_pre"": ""0"", ""sel_9th_pre_req"": ""14"", ""sel_9th_pre_bid"": ""+681000"", ""sel_8th_pre_req_pre"": ""0"", ""sel_8th_pre_req"": ""143"", ""sel_8th_pre_bid"": ""+680000"", ""sel_7th_pre_req_pre"": ""0"", ""sel_7th_pre_req"": ""33"", ""sel_7th_pre_bid"": ""+679000"", ""sel_6th_pre_req_pre"": ""0"", ""sel_6th_pre_req"": ""60"", ""sel_6th_pre_bid"": ""+678000"", ""sel_5th_pre_req_pre"": ""0"", ""sel_5th_pre_req"": ""4"", ""sel_5th_pre_bid"": ""+677000"", ""sel_4th_pre_req_pre"": ""0"", ""sel_4th_pre_req"": ""8"", ""sel_4th_pre_bid"": ""+676000"", ""sel_3th_pre_req_pre"": ""+4"", ""sel_3th_pre_req"": ""149"", ""sel_3th_pre_bid"": ""+675000"", ""sel_2th_pre_req_pre"": ""0"", ""sel_2th_pre_req"": ""115"", ""sel_2th_pre_bid"": ""+674000"", ""sel_1th_pre_req_pre"": ""0"", ""sel_fpr_req"": ""114"", ""sel_fpr_bid"": ""+673000"", ""buy_fpr_bid"": ""+672000"", ""buy_fpr_req"": ""35"", ""buy_1th_pre_req_pre"": ""0"", ""buy_2th_pre_bid"": ""+671000"", ""buy_2th_pre_req"": ""7"", ""buy_2th_pre_req_pre"": ""0"", ""buy_3th_pre_bid"": ""+670000"", ""buy_3th_pre_req"": ""37"", ""buy_3th_pre_req_pre"": ""0"", ""buy_4th_pre_bid"": ""+669000"", ""buy_4th_pre_req"": ""50"", ""buy_4th_pre_req_pre"": ""0"", ""buy_5th_pre_bid"": ""+668000"", ""buy_5th_pre_req"": ""208"", ""buy_5th_pre_req_pre"": ""0"", ""buy_6th_pre_bid"": ""+667000"", ""buy_6th_pre_req"": ""819"", ""buy_6th_pre_req_pre"": ""0"", ""buy_7th_pre_bid"": ""+666000"", ""buy_7th_pre_req"": ""74"", ""buy_7th_pre_req_pre"": ""0"", ""buy_8th_pre_bid"": ""+665000"", ""buy_8th_pre_req"": ""1196"", ""buy_8th_pre_req_pre"": ""0"", ""buy_9th_pre_bid"": ""+664000"", ""buy_9th_pre_req"": ""21"", ""buy_9th_pre_req_pre"": ""0"", ""buy_10th_pre_bid"": ""+663000"", ""buy_10th_pre_req"": ""92"", ""buy_10th_pre_req_pre"": ""0"", ""tot_sel_req_jub_pre"": ""+4"", ""tot_sel_req"": ""646"", ""tot_buy_req"": ""2539"", ""tot_buy_req_jub_pre"": ""0"", ""ovt_sel_req_pre"": ""0"", ""ovt_sel_req"": ""0"", ""ovt_buy_req"": ""0"", ""ovt_buy_req_pre"": ""0"", ""return_code"": 0, ""return_msg"": ""정상적으로 처리되었습니다""}"
2026-06-10,scan_candidate,036570,,0,main_scan,259500,,259500,259000,259500,259000,-0.3853564547206166,0.1926782273603083,,,,,,"{""bid_req_base_tm"": ""103909"", ""sel_10th_pre_req_pre"": ""0"", ""sel_10th_pre_req"": ""102"", ""sel_10th_pre_bid"": ""-264000"", ""sel_9th_pre_req_pre"": ""0"", ""sel_9th_pre_req"": ""63"", ""sel_9th_pre_bid"": ""-263500"", ""sel_8th_pre_req_pre"": ""0"", ""sel_8th_pre_req"": ""5"", ""sel_8th_pre_bid"": ""-263000"", ""sel_7th_pre_req_pre"": ""0"", ""sel_7th_pre_req"": ""1028"", ""sel_7th_pre_bid"": ""-262500"", ""sel_6th_pre_req_pre"": ""0"", ""sel_6th_pre_req"": ""99"", ""sel_6th_pre_bid"": ""-262000"", ""sel_5th_pre_req_pre"": ""0"", ""sel_5th_pre_req"": ""32"", ""sel_5th_pre_bid"": ""-261500"", ""sel_4th_pre_req_pre"": ""0"", ""sel_4th_pre_req"": ""8"", ""sel_4th_pre_bid"": ""-261000"", ""sel_3th_pre_req_pre"": ""0"", ""sel_3th_pre_req"": ""64"", ""sel_3th_pre_bid"": ""-260500"", ""sel_2th_pre_req_pre"": ""0"", ""sel_2th_pre_req"": ""97"", ""sel_2th_pre_bid"": ""-260000"", ""sel_1th_pre_req_pre"": ""0"", ""sel_fpr_req"": ""144"", ""sel_fpr_bid"": ""-259500"", ""buy_fpr_bid"": ""-259000"", ""buy_fpr_req"": ""192"", ""buy_1th_pre_req_pre"": ""+6"", ""buy_2th_pre_bid"": ""-258500"", ""buy_2th_pre_req"": ""163"", ""buy_2th_pre_req_pre"": ""0"", ""buy_3th_pre_bid"": ""-258000"", ""buy_3th_pre_req"": ""47"", ""buy_3th_pre_req_pre"": ""0"", ""buy_4th_pre_bid"": ""-257500"", ""buy_4th_pre_req"": ""37"", ""buy_4th_pre_req_pre"": ""0"", ""buy_5th_pre_bid"": ""-257000"", ""buy_5th_pre_req"": ""88"", ""buy_5th_pre_req_pre"": ""0"", ""buy_6th_pre_bid"": ""-256500"", ""buy_6th_pre_req"": ""91"", ""buy_6th_pre_req_pre"": ""0"", ""buy_7th_pre_bid"": ""-256000"", ""buy_7th_pre_req"": ""132"", ""buy_7th_pre_req_pre"": ""0"", ""buy_8th_pre_bid"": ""-255500"", ""buy_8th_pre_req"": ""108"", ""buy_8th_pre_req_pre"": ""0"", ""buy_9th_pre_bid"": ""-255000"", ""buy_9th_pre_req"": ""343"", ""buy_9th_pre_req_pre"": ""0"", ""buy_10th_pre_bid"": ""-254500"", ""buy_10th_pre_req"": ""346"", ""buy_10th_pre_req_pre"": ""0"", ""tot_sel_req_jub_pre"": ""0"", ""tot_sel_req"": ""1642"", ""tot_buy_req"": ""1547"", ""tot_buy_req_jub_pre"": ""+6"", ""ovt_sel_req_pre"": ""0"", ""ovt_sel_req"": ""0"", ""ovt_buy_req"": ""0"", ""ovt_buy_req_pre"": ""0"", ""return_code"": 0, ""return_msg"": ""정상적으로 처리되었습니다""}"
2026-06-10,scan_candidate,271560,,0,main_scan,132400,,132400,132300,132400,132500,-0.3021148036253776,0.0755287009063444,,,,,,"{""bid_req_base_tm"": ""103910"", ""sel_10th_pre_req_pre"": ""0"", ""sel_10th_pre_req"": ""20"", ""sel_10th_pre_bid"": ""+133800"", ""sel_9th_pre_req_pre"": ""0"", ""sel_9th_pre_req"": ""100"", ""sel_9th_pre_bid"": ""+133700"", ""sel_8th_pre_req_pre"": ""0"", ""sel_8th_pre_req"": ""5"", ""sel_8th_pre_bid"": ""+133600"", ""sel_7th_pre_req_pre"": ""0"", ""sel_7th_pre_req"": ""3"", ""sel_7th_pre_bid"": ""+133300"", ""sel_6th_pre_req_pre"": ""0"", ""sel_6th_pre_req"": ""3"", ""sel_6th_pre_bid"": ""+133200"", ""sel_5th_pre_req_pre"": ""0"", ""sel_5th_pre_req"": ""10"", ""sel_5th_pre_bid"": ""+133000"", ""sel_4th_pre_req_pre"": ""0"", ""sel_4th_pre_req"": ""2"", ""sel_4th_pre_bid"": ""-132800"", ""sel_3th_pre_req_pre"": ""0"", ""sel_3th_pre_req"": ""2"", ""sel_3th_pre_bid"": ""-132700"", ""sel_2th_pre_req_pre"": ""0"", ""sel_2th_pre_req"": ""22"", ""sel_2th_pre_bid"": ""-132500"", ""sel_1th_pre_req_pre"": ""+1"", ""sel_fpr_req"": ""370"", ""sel_fpr_bid"": ""-132400"", ""buy_fpr_bid"": ""-132300"", ""buy_fpr_req"": ""371"", ""buy_1th_pre_req_pre"": ""0"", ""buy_2th_pre_bid"": ""-132200"", ""buy_2th_pre_req"": ""99"", ""buy_2th_pre_req_pre"": ""0"", ""buy_3th_pre_bid"": ""-132100"", ""buy_3th_pre_req"": ""60"", ""buy_3th_pre_req_pre"": ""0"", ""buy_4th_pre_bid"": ""-132000"", ""buy_4th_pre_req"": ""60"", ""buy_4th_pre_req_pre"": ""0"", ""buy_5th_pre_bid"": ""-131900"", ""buy_5th_pre_req"": ""45"", ""buy_5th_pre_req_pre"": ""0"", ""buy_6th_pre_bid"": ""-131700"", ""buy_6th_pre_req"": ""34"", ""buy_6th_pre_req_pre"": ""0"", ""buy_7th_pre_bid"": ""-131600"", ""buy_7th_pre_req"": ""4"", ""buy_7th_pre_req_pre"": ""0"", ""buy_8th_pre_bid"": ""-131500"", ""buy_8th_pre_req"": ""541"", ""buy_8th_pre_req_pre"": ""0"", ""buy_9th_pre_bid"": ""-131300"", ""buy_9th_pre_req"": ""15"", ""buy_9th_pre_req_pre"": ""0"", ""buy_10th_pre_bid"": ""-131200"", ""buy_10th_pre_req"": ""100"", ""buy_10th_pre_req_pre"": ""0"", ""tot_sel_req_jub_pre"": ""+1"", ""tot_sel_req"": ""537"", ""tot_buy_req"": ""1329"", ""tot_buy_req_jub_pre"": ""0"", ""ovt_sel_req_pre"": ""0"", ""ovt_sel_req"": ""0"", ""ovt_buy_req"": ""0"", ""ovt_buy_req_pre"": ""0"", ""return_code"": 0, ""return_msg"": ""정상적으로 처리되었습니다""}"
2026-06-10,scan_candidate,023530,,0,main_scan,194700,,194700,194600,194700,194000,-0.6163328197226503,0.05136106831022085,,,,,,"{""bid_req_base_tm"": ""103911"", ""sel_10th_pre_req_pre"": ""0"", ""sel_10th_pre_req"": ""10"", ""sel_10th_pre_bid"": ""+195600"", ""sel_9th_pre_req_pre"": ""0"", ""sel_9th_pre_req"": ""402"", ""sel_9th_pre_bid"": ""+195500"", ""sel_8th_pre_req_pre"": ""0"", ""sel_8th_pre_req"": ""121"", ""sel_8th_pre_bid"": ""+195400"", ""sel_7th_pre_req_pre"": ""0"", ""sel_7th_pre_req"": ""17"", ""sel_7th_pre_bid"": ""+195300"", ""sel_6th_pre_req_pre"": ""0"", ""sel_6th_pre_req"": ""29"", ""sel_6th_pre_bid"": ""+195200"", ""sel_5th_pre_req_pre"": ""0"", ""sel_5th_pre_req"": ""43"", ""sel_5th_pre_bid"": ""+195100"", ""sel_4th_pre_req_pre"": ""0"", ""sel_4th_pre_req"": ""5323"", ""sel_4th_pre_bid"": ""+195000"", ""sel_3th_pre_req_pre"": ""0"", ""sel_3th_pre_req"": ""422"", ""sel_3th_pre_bid"": ""+194900"", ""sel_2th_pre_req_pre"": ""0"", ""sel_2th_pre_req"": ""470"", ""sel_2th_pre_bid"": ""+194800"", ""sel_1th_pre_req_pre"": ""0"", ""sel_fpr_req"": ""97"", ""sel_fpr_bid"": ""+194700"", ""buy_fpr_bid"": ""+194600"", ""buy_fpr_req"": ""161"", ""buy_1th_pre_req_pre"": ""--1"", ""buy_2th_pre_bid"": ""+194500"", ""buy_2th_pre_req"": ""157"", ""buy_2th_pre_req_pre"": ""0"", ""buy_3th_pre_bid"": ""+194400"", ""buy_3th_pre_req"": ""22"", ""buy_3th_pre_req_pre"": ""0"", ""buy_4th_pre_bid"": ""+194300"", ""buy_4th_pre_req"": ""2"", ""buy_4th_pre_req_pre"": ""0"", ""buy_5th_pre_bid"": ""+194200"", ""buy_5th_pre_req"": ""4"", ""buy_5th_pre_req_pre"": ""0"", ""buy_6th_pre_bid"": ""+194100"", ""buy_6th_pre_req"": ""32"", ""buy_6th_pre_req_pre"": ""0"", ""buy_7th_pre_bid"": ""+194000"", ""buy_7th_pre_req"": ""9"", ""buy_7th_pre_req_pre"": ""0"", ""buy_8th_pre_bid"": ""+193900"", ""buy_8th_pre_req"": ""6"", ""buy_8th_pre_req_pre"": ""0"", ""buy_9th_pre_bid"": ""+193800"", ""buy_9th_pre_req"": ""9"", ""buy_9th_pre_req_pre"": ""0"", ""buy_10th_pre_bid"": ""+193600"", ""buy_10th_pre_req"": ""7"", ""buy_10th_pre_req_pre"": ""0"", ""tot_sel_req_jub_pre"": ""0"", ""tot_sel_req"": ""6934"", ""tot_buy_req"": ""409"", ""tot_buy_req_jub_pre"": ""--1"", ""ovt_sel_req_pre"": ""0"", ""ovt_sel_req"": ""0"", ""ovt_buy_req"": ""0"", ""ovt_buy_req_pre"": ""0"", ""return_code"": 0, ""return_msg"": ""정상적으로 처리되었습니다""}"
2026-06-10,scan_candidate,175330,,0,main_scan,25550,,25550,25500,25550,25550,-0.19569471624266144,0.19569471624266144,,,,,,"{""bid_req_base_tm"": ""103911"", ""sel_10th_pre_req_pre"": ""0"", ""sel_10th_pre_req"": ""113"", ""sel_10th_pre_bid"": ""+26000"", ""sel_9th_pre_req_pre"": ""0"", ""sel_9th_pre_req"": ""142"", ""sel_9th_pre_bid"": ""+25950"", ""sel_8th_pre_req_pre"": ""0"", ""sel_8th_pre_req"": ""532"", ""sel_8th_pre_bid"": ""25900"", ""sel_7th_pre_req_pre"": ""0"", ""sel_7th_pre_req"": ""454"", ""sel_7th_pre_bid"": ""-25850"", ""sel_6th_pre_req_pre"": ""0"", ""sel_6th_pre_req"": ""258"", ""sel_6th_pre_bid"": ""-25800"", ""sel_5th_pre_req_pre"": ""0"", ""sel_5th_pre_req"": ""248"", ""sel_5th_pre_bid"": ""-25750"", ""sel_4th_pre_req_pre"": ""0"", ""sel_4th_pre_req"": ""124"", ""sel_4th_pre_bid"": ""-25700"", ""sel_3th_pre_req_pre"": ""0"", ""sel_3th_pre_req"": ""497"", ""sel_3th_pre_bid"": ""-25650"", ""sel_2th_pre_req_pre"": ""0"", ""sel_2th_pre_req"": ""943"", ""sel_2th_pre_bid"": ""-25600"", ""sel_1th_pre_req_pre"": ""0"", ""sel_fpr_req"": ""2514"", ""sel_fpr_bid"": ""-25550"", ""buy_fpr_bid"": ""-25500"", ""buy_fpr_req"": ""2364"", ""buy_1th_pre_req_pre"": ""+39"", ""buy_2th_pre_bid"": ""-25450"", ""buy_2th_pre_req"": ""1312"", ""buy_2th_pre_req_pre"": ""0"", ""buy_3th_pre_bid"": ""-25400"", ""buy_3th_pre_req"": ""812"", ""buy_3th_pre_req_pre"": ""0"", ""buy_4th_pre_bid"": ""-25350"", ""buy_4th_pre_req"": ""351"", ""buy_4th_pre_req_pre"": ""0"", ""buy_5th_pre_bid"": ""-25300"", ""buy_5th_pre_req"": ""328"", ""buy_5th_pre_req_pre"": ""0"", ""buy_6th_pre_bid"": ""-25250"", ""buy_6th_pre_req"": ""443"", ""buy_6th_pre_req_pre"": ""0"", ""buy_7th_pre_bid"": ""-25200"", ""buy_7th_pre_req"": ""174"", ""buy_7th_pre_req_pre"": ""0"", ""buy_8th_pre_bid"": ""-25150"", ""buy_8th_pre_req"": ""768"", ""buy_8th_pre_req_pre"": ""0"", ""buy_9th_pre_bid"": ""-25100"", ""buy_9th_pre_req"": ""475"", ""buy_9th_pre_req_pre"": ""0"", ""buy_10th_pre_bid"": ""-25050"", ""buy_10th_pre_req"": ""378"", ""buy_10th_pre_req_pre"": ""0"", ""tot_sel_req_jub_pre"": ""0"", ""tot_sel_req"": ""5825"", ""tot_buy_req"": ""7405"", ""tot_buy_req_jub_pre"": ""+39"", ""ovt_sel_req_pre"": ""0"", ""ovt_sel_req"": ""0"", ""ovt_buy_req"": ""0"", ""ovt_buy_req_pre"": ""0"", ""return_code"": 0, ""return_msg"": ""정상적으로 처리되었습니다""}"
2026-06-10,scan_candidate,088350,,0,main_scan,4910,,4910,4900,4910,4905,-0.20366598778004072,0.20366598778004072,,,,,,"{""bid_req_base_tm"": ""103911"", ""sel_10th_pre_req_pre"": ""0"", ""sel_10th_pre_req"": ""614"", ""sel_10th_pre_bid"": ""-4955"", ""sel_9th_pre_req_pre"": ""0"", ""sel_9th_pre_req"": ""3802"", ""sel_9th_pre_bid"": ""-4950"", ""sel_8th_pre_req_pre"": ""0"", ""sel_8th_pre_req"": ""7756"", ""sel_8th_pre_bid"": ""-4945"", ""sel_7th_pre_req_pre"": ""0"", ""sel_7th_pre_req"": ""1143"", ""sel_7th_pre_bid"": ""-4940"", ""sel_6th_pre_req_pre"": ""0"", ""sel_6th_pre_req"": ""1952"", ""sel_6th_pre_bid"": ""-4935"", ""sel_5th_pre_req_pre"": ""0"", ""sel_5th_pre_req"": ""1010"", ""sel_5th_pre_bid"": ""-4930"", ""sel_4th_pre_req_pre"": ""0"", ""sel_4th_pre_req"": ""7"", ""sel_4th_pre_bid"": ""-4925"", ""sel_3th_pre_req_pre"": ""0"", ""sel_3th_pre_req"": ""3006"", ""sel_3th_pre_bid"": ""-4920"", ""sel_2th_pre_req_pre"": ""0"", ""sel_2th_pre_req"": ""156"", ""sel_2th_pre_bid"": ""-4915"", ""sel_1th_pre_req_pre"": ""--1"", ""sel_fpr_req"": ""1750"", ""sel_fpr_bid"": ""-4910"", ""buy_fpr_bid"": ""-4900"", ""buy_fpr_req"": ""634"", ""buy_1th_pre_req_pre"": ""0"", ""buy_2th_pre_bid"": ""-4895"", ""buy_2th_pre_req"": ""49"", ""buy_2th_pre_req_pre"": ""0"", ""buy_3th_pre_bid"": ""-4890"", ""buy_3th_pre_req"": ""3505"", ""buy_3th_pre_req_pre"": ""0"", ""buy_4th_pre_bid"": ""-4885"", ""buy_4th_pre_req"": ""1998"", ""buy_4th_pre_req_pre"": ""0"", ""buy_5th_pre_bid"": ""-4880"", ""buy_5th_pre_req"": ""564"", ""buy_5th_pre_req_pre"": ""0"", ""buy_6th_pre_bid"": ""-4875"", ""buy_6th_pre_req"": ""2496"", ""buy_6th_pre_req_pre"": ""0"", ""buy_7th_pre_bid"": ""-4870"", ""buy_7th_pre_req"": ""1728"", ""buy_7th_pre_req_pre"": ""0"", ""buy_8th_pre_bid"": ""-4865"", ""buy_8th_pre_req"": ""4681"", ""buy_8th_pre_req_pre"": ""0"", ""buy_9th_pre_bid"": ""-4860"", ""buy_9th_pre_req"": ""3904"", ""buy_9th_pre_req_pre"": ""0"", ""buy_10th_pre_bid"": ""-4855"", ""buy_10th_pre_req"": ""7506"", ""buy_10th_pre_req_pre"": ""0"", ""tot_sel_req_jub_pre"": ""--1"", ""tot_sel_req"": ""21196"", ""tot_buy_req"": ""27065"", ""tot_buy_req_jub_pre"": ""0"", ""ovt_sel_req_pre"": ""0"", ""ovt_sel_req"": ""0"", ""ovt_buy_req"": ""0"", ""ovt_buy_req_pre"": ""0"", ""return_code"": 0, ""return_msg"": ""정상적으로 처리되었습니다""}"
2026-06-10,scan_candidate,069960,,0,main_scan,166500,,166500,166400,166500,166500,-0.3003003003003003,0.06006006006006006,,,,,,"{""bid_req_base_tm"": ""103911"", ""sel_10th_pre_req_pre"": ""0"", ""sel_10th_pre_req"": ""45"", ""sel_10th_pre_bid"": ""+168000"", ""sel_9th_pre_req_pre"": ""0"", ""sel_9th_pre_req"": ""1"", ""sel_9th_pre_bid"": ""+167800"", ""sel_8th_pre_req_pre"": ""0"", ""sel_8th_pre_req"": ""16"", ""sel_8th_pre_bid"": ""+167500"", ""sel_7th_pre_req_pre"": ""0"", ""sel_7th_pre_req"": ""6"", ""sel_7th_pre_bid"": ""+167400"", ""sel_6th_pre_req_pre"": ""0"", ""sel_6th_pre_req"": ""3"", ""sel_6th_pre_bid"": ""+167200"", ""sel_5th_pre_req_pre"": ""0"", ""sel_5th_pre_req"": ""2"", ""sel_5th_pre_bid"": ""+167100"", ""sel_4th_pre_req_pre"": ""0"", ""sel_4th_pre_req"": ""55"", ""sel_4th_pre_bid"": ""+167000"", ""sel_3th_pre_req_pre"": ""0"", ""sel_3th_pre_req"": ""1"", ""sel_3th_pre_bid"": ""-166700"", ""sel_2th_pre_req_pre"": ""0"", ""sel_2th_pre_req"": ""11"", ""sel_2th_pre_bid"": ""-166600"", ""sel_1th_pre_req_pre"": ""0"", ""sel_fpr_req"": ""13"", ""sel_fpr_bid"": ""-166500"", ""buy_fpr_bid"": ""-166400"", ""buy_fpr_req"": ""29"", ""buy_1th_pre_req_pre"": ""0"", ""buy_2th_pre_bid"": ""-166300"", ""buy_2th_pre_req"": ""10"", ""buy_2th_pre_req_pre"": ""--77"", ""buy_3th_pre_bid"": ""-166200"", ""buy_3th_pre_req"": ""4"", ""buy_3th_pre_req_pre"": ""0"", ""buy_4th_pre_bid"": ""-166000"", ""buy_4th_pre_req"": ""1"", ""buy_4th_pre_req_pre"": ""0"", ""buy_5th_pre_bid"": ""-165600"", ""buy_5th_pre_req"": ""15"", ""buy_5th_pre_req_pre"": ""+6"", ""buy_6th_pre_bid"": ""-165500"", ""buy_6th_pre_req"": ""4"", ""buy_6th_pre_req_pre"": ""0"", ""buy_7th_pre_bid"": ""-165400"", ""buy_7th_pre_req"": ""21"", ""buy_7th_pre_req_pre"": ""0"", ""buy_8th_pre_bid"": ""-165300"", ""buy_8th_pre_req"": ""1054"", ""buy_8th_pre_req_pre"": ""0"", ""buy_9th_pre_bid"": ""-165200"", ""buy_9th_pre_req"": ""20"", ""buy_9th_pre_req_pre"": ""0"", ""buy_10th_pre_bid"": ""-165000"", ""buy_10th_pre_req"": ""1"", ""buy_10th_pre_req_pre"": ""0"", ""tot_sel_req_jub_pre"": ""0"", ""tot_sel_req"": ""153"", ""tot_buy_req"": ""1159"", ""tot_buy_req_jub_pre"": ""--71"", ""ovt_sel_req_pre"": ""0"", ""ovt_sel_req"": ""0"", ""ovt_buy_req"": ""0"", ""ovt_buy_req_pre"": ""0"", ""return_code"": 0, ""return_msg"": ""정상적으로 처리되었습니다""}"
2026-06-10,scan_candidate,111770,,0,main_scan,79000,,79000,78900,79000,79100,0.0,0.12658227848101267,,,,,,"{""bid_req_base_tm"": ""103908"", ""sel_10th_pre_req_pre"": ""0"", ""sel_10th_pre_req"": ""10"", ""sel_10th_pre_bid"": ""+80200"", ""sel_9th_pre_req_pre"": ""0"", ""sel_9th_pre_req"": ""48"", ""sel_9th_pre_bid"": ""+80000"", ""sel_8th_pre_req_pre"": ""0"", ""sel_8th_pre_req"": ""31"", ""sel_8th_pre_bid"": ""+79900"", ""sel_7th_pre_req_pre"": ""0"", ""sel_7th_pre_req"": ""13"", ""sel_7th_pre_bid"": ""+79800"", ""sel_6th_pre_req_pre"": ""0"", ""sel_6th_pre_req"": ""11"", ""sel_6th_pre_bid"": ""+79700"", ""sel_5th_pre_req_pre"": ""0"", ""sel_5th_pre_req"": ""2"", ""sel_5th_pre_bid"": ""+79600"", ""sel_4th_pre_req_pre"": ""0"", ""sel_4th_pre_req"": ""9"", ""sel_4th_pre_bid"": ""+79500"", ""sel_3th_pre_req_pre"": ""0"", ""sel_3th_pre_req"": ""21"", ""sel_3th_pre_bid"": ""+79300"", ""sel_2th_pre_req_pre"": ""0"", ""sel_2th_pre_req"": ""9"", ""sel_2th_pre_bid"": ""+79100"", ""sel_1th_pre_req_pre"": ""0"", ""sel_fpr_req"": ""202"", ""sel_fpr_bid"": ""+79000"", ""buy_fpr_bid"": ""+78900"", ""buy_fpr_req"": ""213"", ""buy_1th_pre_req_pre"": ""+5"", ""buy_2th_pre_bid"": ""+78800"", ""buy_2th_pre_req"": ""41"", ""buy_2th_pre_req_pre"": ""0"", ""buy_3th_pre_bid"": ""+78700"", ""buy_3th_pre_req"": ""11"", ""buy_3th_pre_req_pre"": ""0"", ""buy_4th_pre_bid"": ""+78600"", ""buy_4th_pre_req"": ""6"", ""buy_4th_pre_req_pre"": ""0"", ""buy_5th_pre_bid"": ""+78500"", ""buy_5th_pre_req"": ""6"", ""buy_5th_pre_req_pre"": ""0"", ""buy_6th_pre_bid"": ""+78400"", ""buy_6th_pre_req"": ""18"", ""buy_6th_pre_req_pre"": ""0"", ""buy_7th_pre_bid"": ""+78300"", ""buy_7th_pre_req"": ""20"", ""buy_7th_pre_req_pre"": ""0"", ""buy_8th_pre_bid"": ""+78100"", ""buy_8th_pre_req"": ""6"", ""buy_8th_pre_req_pre"": ""0"", ""buy_9th_pre_bid"": ""78000"", ""buy_9th_pre_req"": ""68"", ""buy_9th_pre_req_pre"": ""0"", ""buy_10th_pre_bid"": ""-77900"", ""buy_10th_pre_req"": ""47"", ""buy_10th_pre_req_pre"": ""0"", ""tot_sel_req_jub_pre"": ""0"", ""tot_sel_req"": ""356"", ""tot_buy_req"": ""436"", ""tot_buy_req_jub_pre"": ""+5"", ""ovt_sel_req_pre"": ""0"", ""ovt_sel_req"": ""0"", ""ovt_buy_req"": ""0"", ""ovt_buy_req_pre"": ""0"", ""return_code"": 0, ""return_msg"": ""정상적으로 처리되었습니다""}"
2026-06-10,scan_candidate,489790,,0,main_scan,69600,,69600,69400,69600,69800,0.14367816091954022,0.28735632183908044,,,,,,"{""bid_req_base_tm"": ""103910"", ""sel_10th_pre_req_pre"": ""0"", ""sel_10th_pre_req"": ""406"", ""sel_10th_pre_bid"": ""+70500"", ""sel_9th_pre_req_pre"": ""0"", ""sel_9th_pre_req"": ""44"", ""sel_9th_pre_bid"": ""+70400"", ""sel_8th_pre_req_pre"": ""0"", ""sel_8th_pre_req"": ""123"", ""sel_8th_pre_bid"": ""+70300"", ""sel_7th_pre_req_pre"": ""0"", ""sel_7th_pre_req"": ""67"", ""sel_7th_pre_bid"": ""+70200"", ""sel_6th_pre_req_pre"": ""0"", ""sel_6th_pre_req"": ""10"", ""sel_6th_pre_bid"": ""+70100"", ""sel_5th_pre_req_pre"": ""0"", ""sel_5th_pre_req"": ""72"", ""sel_5th_pre_bid"": ""+70000"", ""sel_4th_pre_req_pre"": ""0"", ""sel_4th_pre_req"": ""95"", ""sel_4th_pre_bid"": ""+69900"", ""sel_3th_pre_req_pre"": ""0"", ""sel_3th_pre_req"": ""8"", ""sel_3th_pre_bid"": ""+69800"", ""sel_2th_pre_req_pre"": ""0"", ""sel_2th_pre_req"": ""1"", ""sel_2th_pre_bid"": ""+69700"", ""sel_1th_pre_req_pre"": ""0"", ""sel_fpr_req"": ""9"", ""sel_fpr_bid"": ""+69600"", ""buy_fpr_bid"": ""+69400"", ""buy_fpr_req"": ""216"", ""buy_1th_pre_req_pre"": ""0"", ""buy_2th_pre_bid"": ""+69300"", ""buy_2th_pre_req"": ""123"", ""buy_2th_pre_req_pre"": ""0"", ""buy_3th_pre_bid"": ""+69200"", ""buy_3th_pre_req"": ""292"", ""buy_3th_pre_req_pre"": ""0"", ""buy_4th_pre_bid"": ""+69100"", ""buy_4th_pre_req"": ""401"", ""buy_4th_pre_req_pre"": ""0"", ""buy_5th_pre_bid"": ""+69000"", ""buy_5th_pre_req"": ""601"", ""buy_5th_pre_req_pre"": ""0"", ""buy_6th_pre_bid"": ""+68900"", ""buy_6th_pre_req"": ""145"", ""buy_6th_pre_req_pre"": ""0"", ""buy_7th_pre_bid"": ""+68800"", ""buy_7th_pre_req"": ""60"", ""buy_7th_pre_req_pre"": ""0"", ""buy_8th_pre_bid"": ""+68700"", ""buy_8th_pre_req"": ""70"", ""buy_8th_pre_req_pre"": ""0"", ""buy_9th_pre_bid"": ""+68600"", ""buy_9th_pre_req"": ""218"", ""buy_9th_pre_req_pre"": ""0"", ""buy_10th_pre_bid"": ""+68500"", ""buy_10th_pre_req"": ""189"", ""buy_10th_pre_req_pre"": ""0"", ""tot_sel_req_jub_pre"": ""+362"", ""tot_sel_req"": ""835"", ""tot_buy_req"": ""2315"", ""tot_buy_req_jub_pre"": ""0"", ""ovt_sel_req_pre"": ""0"", ""ovt_sel_req"": ""0"", ""ovt_buy_req"": ""0"", ""ovt_buy_req_pre"": ""0"", ""return_code"": 0, ""return_msg"": ""정상적으로 처리되었습니다""}"
2026-06-10,scan_candidate,085620,,0,main_scan,22500,,22500,22400,22500,22450,-0.4444444444444444,0.4444444444444444,,,,,,"{""bid_req_base_tm"": ""103910"", ""sel_10th_pre_req_pre"": ""0"", ""sel_10th_pre_req"": ""2249"", ""sel_10th_pre_bid"": ""-22950"", ""sel_9th_pre_req_pre"": ""0"", ""sel_9th_pre_req"": ""1169"", ""sel_9th_pre_bid"": ""-22900"", ""sel_8th_pre_req_pre"": ""0"", ""sel_8th_pre_req"": ""1866"", ""sel_8th_pre_bid"": ""-22850"", ""sel_7th_pre_req_pre"": ""0"", ""sel_7th_pre_req"": ""2722"", ""sel_7th_pre_bid"": ""-22800"", ""sel_6th_pre_req_pre"": ""0"", ""sel_6th_pre_req"": ""697"", ""sel_6th_pre_bid"": ""-22750"", ""sel_5th_pre_req_pre"": ""0"", ""sel_5th_pre_req"": ""463"", ""sel_5th_pre_bid"": ""-22700"", ""sel_4th_pre_req_pre"": ""0"", ""sel_4th_pre_req"": ""297"", ""sel_4th_pre_bid"": ""-22650"", ""sel_3th_pre_req_pre"": ""0"", ""sel_3th_pre_req"": ""2322"", ""sel_3th_pre_bid"": ""-22600"", ""sel_2th_pre_req_pre"": ""0"", ""sel_2th_pre_req"": ""778"", ""sel_2th_pre_bid"": ""-22550"", ""sel_1th_pre_req_pre"": ""0"", ""sel_fpr_req"": ""149"", ""sel_fpr_bid"": ""-22500"", ""buy_fpr_bid"": ""-22400"", ""buy_fpr_req"": ""519"", ""buy_1th_pre_req_pre"": ""0"", ""buy_2th_pre_bid"": ""-22350"", ""buy_2th_pre_req"": ""1565"", ""buy_2th_pre_req_pre"": ""0"", ""buy_3th_pre_bid"": ""-22300"", ""buy_3th_pre_req"": ""2788"", ""buy_3th_pre_req_pre"": ""0"", ""buy_4th_pre_bid"": ""-22250"", ""buy_4th_pre_req"": ""1148"", ""buy_4th_pre_req_pre"": ""0"", ""buy_5th_pre_bid"": ""-22200"", ""buy_5th_pre_req"": ""528"", ""buy_5th_pre_req_pre"": ""0"", ""buy_6th_pre_bid"": ""-22150"", ""buy_6th_pre_req"": ""1182"", ""buy_6th_pre_req_pre"": ""0"", ""buy_7th_pre_bid"": ""-22100"", ""buy_7th_pre_req"": ""2239"", ""buy_7th_pre_req_pre"": ""0"", ""buy_8th_pre_bid"": ""-22050"", ""buy_8th_pre_req"": ""2672"", ""buy_8th_pre_req_pre"": ""0"", ""buy_9th_pre_bid"": ""-22000"", ""buy_9th_pre_req"": ""1766"", ""buy_9th_pre_req_pre"": ""0"", ""buy_10th_pre_bid"": ""-21950"", ""buy_10th_pre_req"": ""2329"", ""buy_10th_pre_req_pre"": ""0"", ""tot_sel_req_jub_pre"": ""0"", ""tot_sel_req"": ""12712"", ""tot_buy_req"": ""16736"", ""tot_buy_req_jub_pre"": ""+2322"", ""ovt_sel_req_pre"": ""0"", ""ovt_sel_req"": ""0"", ""ovt_buy_req"": ""0"", ""ovt_buy_req_pre"": ""0"", ""return_code"": 0, ""return_msg"": ""정상적으로 처리되었습니다""}"
2026-06-10,scan_candidate,001450,,0,main_scan,37950,,37950,37900,37950,37900,-0.2635046113306983,0.13175230566534915,,,,,,"{""bid_req_base_tm"": ""103911"", ""sel_10th_pre_req_pre"": ""0"", ""sel_10th_pre_req"": ""756"", ""sel_10th_pre_bid"": ""+38400"", ""sel_9th_pre_req_pre"": ""0"", ""sel_9th_pre_req"": ""106"", ""sel_9th_pre_bid"": ""+38350"", ""sel_8th_pre_req_pre"": ""0"", ""sel_8th_pre_req"": ""9"", ""sel_8th_pre_bid"": ""+38300"", ""sel_7th_pre_req_pre"": ""0"", ""sel_7th_pre_req"": ""28"", ""sel_7th_pre_bid"": ""+38250"", ""sel_6th_pre_req_pre"": ""0"", ""sel_6th_pre_req"": ""66"", ""sel_6th_pre_bid"": ""+38200"", ""sel_5th_pre_req_pre"": ""0"", ""sel_5th_pre_req"": ""106"", ""sel_5th_pre_bid"": ""+38150"", ""sel_4th_pre_req_pre"": ""0"", ""sel_4th_pre_req"": ""583"", ""sel_4th_pre_bid"": ""+38100"", ""sel_3th_pre_req_pre"": ""0"", ""sel_3th_pre_req"": ""269"", ""sel_3th_pre_bid"": ""+38050"", ""sel_2th_pre_req_pre"": ""0"", ""sel_2th_pre_req"": ""1206"", ""sel_2th_pre_bid"": ""+38000"", ""sel_1th_pre_req_pre"": ""0"", ""sel_fpr_req"": ""531"", ""sel_fpr_bid"": ""+37950"", ""buy_fpr_bid"": ""+37900"", ""buy_fpr_req"": ""50"", ""buy_1th_pre_req_pre"": ""+5"", ""buy_2th_pre_bid"": ""+37850"", ""buy_2th_pre_req"": ""1297"", ""buy_2th_pre_req_pre"": ""0"", ""buy_3th_pre_bid"": ""+37800"", ""buy_3th_pre_req"": ""157"", ""buy_3th_pre_req_pre"": ""0"", ""buy_4th_pre_bid"": ""+37750"", ""buy_4th_pre_req"": ""10"", ""buy_4th_pre_req_pre"": ""0"", ""buy_5th_pre_bid"": ""+37700"", ""buy_5th_pre_req"": ""44"", ""buy_5th_pre_req_pre"": ""0"", ""buy_6th_pre_bid"": ""+37650"", ""buy_6th_pre_req"": ""111"", ""buy_6th_pre_req_pre"": ""0"", ""buy_7th_pre_bid"": ""+37600"", ""buy_7th_pre_req"": ""1030"", ""buy_7th_pre_req_pre"": ""0"", ""buy_8th_pre_bid"": ""+37550"", ""buy_8th_pre_req"": ""13"", ""buy_8th_pre_req_pre"": ""0"", ""buy_9th_pre_bid"": ""+37500"", ""buy_9th_pre_req"": ""220"", ""buy_9th_pre_req_pre"": ""0"", ""buy_10th_pre_bid"": ""+37450"", ""buy_10th_pre_req"": ""18"", ""buy_10th_pre_req_pre"": ""0"", ""tot_sel_req_jub_pre"": ""0"", ""tot_sel_req"": ""3660"", ""tot_buy_req"": ""2950"", ""tot_buy_req_jub_pre"": ""+5"", ""ovt_sel_req_pre"": ""0"", ""ovt_sel_req"": ""0"", ""ovt_buy_req"": ""0"", ""ovt_buy_req_pre"": ""0"", ""return_code"": 0, ""return_msg"": ""정상적으로 처리되었습니다""}"
2026-06-10,scan_candidate,036460,,0,main_scan,34550,,34550,34500,34550,34450,-0.43415340086830684,0.1447178002894356,,,,,,"{""bid_req_base_tm"": ""103908"", ""sel_10th_pre_req_pre"": ""0"", ""sel_10th_pre_req"": ""94"", ""sel_10th_pre_bid"": ""+35050"", ""sel_9th_pre_req_pre"": ""0"", ""sel_9th_pre_req"": ""4288"", ""sel_9th_pre_bid"": ""+35000"", ""sel_8th_pre_req_pre"": ""0"", ""sel_8th_pre_req"": ""474"", ""sel_8th_pre_bid"": ""+34950"", ""sel_7th_pre_req_pre"": ""0"", ""sel_7th_pre_req"": ""548"", ""sel_7th_pre_bid"": ""+34900"", ""sel_6th_pre_req_pre"": ""0"", ""sel_6th_pre_req"": ""530"", ""sel_6th_pre_bid"": ""+34850"", ""sel_5th_pre_req_pre"": ""0"", ""sel_5th_pre_req"": ""158"", ""sel_5th_pre_bid"": ""+34800"", ""sel_4th_pre_req_pre"": ""0"", ""sel_4th_pre_req"": ""576"", ""sel_4th_pre_bid"": ""+34750"", ""sel_3th_pre_req_pre"": ""0"", ""sel_3th_pre_req"": ""602"", ""sel_3th_pre_bid"": ""+34700"", ""sel_2th_pre_req_pre"": ""0"", ""sel_2th_pre_req"": ""937"", ""sel_2th_pre_bid"": ""+34600"", ""sel_1th_pre_req_pre"": ""0"", ""sel_fpr_req"": ""151"", ""sel_fpr_bid"": ""+34550"", ""buy_fpr_bid"": ""+34500"", ""buy_fpr_req"": ""186"", ""buy_1th_pre_req_pre"": ""0"", ""buy_2th_pre_bid"": ""+34450"", ""buy_2th_pre_req"": ""37"", ""buy_2th_pre_req_pre"": ""0"", ""buy_3th_pre_bid"": ""+34400"", ""buy_3th_pre_req"": ""158"", ""buy_3th_pre_req_pre"": ""0"", ""buy_4th_pre_bid"": ""+34350"", ""buy_4th_pre_req"": ""20"", ""buy_4th_pre_req_pre"": ""0"", ""buy_5th_pre_bid"": ""+34300"", ""buy_5th_pre_req"": ""217"", ""buy_5th_pre_req_pre"": ""0"", ""buy_6th_pre_bid"": ""+34250"", ""buy_6th_pre_req"": ""222"", ""buy_6th_pre_req_pre"": ""0"", ""buy_7th_pre_bid"": ""+34200"", ""buy_7th_pre_req"": ""623"", ""buy_7th_pre_req_pre"": ""0"", ""buy_8th_pre_bid"": ""+34150"", ""buy_8th_pre_req"": ""351"", ""buy_8th_pre_req_pre"": ""0"", ""buy_9th_pre_bid"": ""+34100"", ""buy_9th_pre_req"": ""443"", ""buy_9th_pre_req_pre"": ""0"", ""buy_10th_pre_bid"": ""+34050"", ""buy_10th_pre_req"": ""1118"", ""buy_10th_pre_req_pre"": ""0"", ""tot_sel_req_jub_pre"": ""0"", ""tot_sel_req"": ""8358"", ""tot_buy_req"": ""3375"", ""tot_buy_req_jub_pre"": ""0"", ""ovt_sel_req_pre"": ""0"", ""ovt_sel_req"": ""0"", ""ovt_buy_req"": ""0"", ""ovt_buy_req_pre"": ""0"", ""return_code"": 0, ""return_msg"": ""정상적으로 처리되었습니다""}"
2026-06-10,scan_candidate,017800,,0,main_scan,77000,,77000,76900,77000,76900,-0.2597402597402597,0.12987012987012986,,,,,,"{""bid_req_base_tm"": ""103910"", ""sel_10th_pre_req_pre"": ""0"", ""sel_10th_pre_req"": ""11"", ""sel_10th_pre_bid"": ""+77900"", ""sel_9th_pre_req_pre"": ""0"", ""sel_9th_pre_req"": ""6"", ""sel_9th_pre_bid"": ""+77800"", ""sel_8th_pre_req_pre"": ""0"", ""sel_8th_pre_req"": ""12"", ""sel_8th_pre_bid"": ""+77700"", ""sel_7th_pre_req_pre"": ""0"", ""sel_7th_pre_req"": ""7"", ""sel_7th_pre_bid"": ""+77600"", ""sel_6th_pre_req_pre"": ""0"", ""sel_6th_pre_req"": ""201"", ""sel_6th_pre_bid"": ""+77500"", ""sel_5th_pre_req_pre"": ""0"", ""sel_5th_pre_req"": ""34"", ""sel_5th_pre_bid"": ""+77400"", ""sel_4th_pre_req_pre"": ""0"", ""sel_4th_pre_req"": ""11"", ""sel_4th_pre_bid"": ""+77300"", ""sel_3th_pre_req_pre"": ""0"", ""sel_3th_pre_req"": ""10"", ""sel_3th_pre_bid"": ""+77200"", ""sel_2th_pre_req_pre"": ""0"", ""sel_2th_pre_req"": ""3"", ""sel_2th_pre_bid"": ""+77100"", ""sel_1th_pre_req_pre"": ""--1"", ""sel_fpr_req"": ""198"", ""sel_fpr_bid"": ""+77000"", ""buy_fpr_bid"": ""+76900"", ""buy_fpr_req"": ""139"", ""buy_1th_pre_req_pre"": ""0"", ""buy_2th_pre_bid"": ""+76800"", ""buy_2th_pre_req"": ""1"", ""buy_2th_pre_req_pre"": ""0"", ""buy_3th_pre_bid"": ""76700"", ""buy_3th_pre_req"": ""41"", ""buy_3th_pre_req_pre"": ""0"", ""buy_4th_pre_bid"": ""-76600"", ""buy_4th_pre_req"": ""16"", ""buy_4th_pre_req_pre"": ""0"", ""buy_5th_pre_bid"": ""-76500"", ""buy_5th_pre_req"": ""5"", ""buy_5th_pre_req_pre"": ""0"", ""buy_6th_pre_bid"": ""-76300"", ""buy_6th_pre_req"": ""1"", ""buy_6th_pre_req_pre"": ""0"", ""buy_7th_pre_bid"": ""-76200"", ""buy_7th_pre_req"": ""7"", ""buy_7th_pre_req_pre"": ""0"", ""buy_8th_pre_bid"": ""-76100"", ""buy_8th_pre_req"": ""12"", ""buy_8th_pre_req_pre"": ""0"", ""buy_9th_pre_bid"": ""-76000"", ""buy_9th_pre_req"": ""209"", ""buy_9th_pre_req_pre"": ""0"", ""buy_10th_pre_bid"": ""-75900"", ""buy_10th_pre_req"": ""109"", ""buy_10th_pre_req_pre"": ""0"", ""tot_sel_req_jub_pre"": ""--1"", ""tot_sel_req"": ""493"", ""tot_buy_req"": ""540"", ""tot_buy_req_jub_pre"": ""0"", ""ovt_sel_req_pre"": ""0"", ""ovt_sel_req"": ""0"", ""ovt_buy_req"": ""0"", ""ovt_buy_req_pre"": ""0"", ""return_code"": 0, ""return_msg"": ""정상적으로 처리되었습니다""}"
2026-06-10,scan_candidate,007810,,0,main_scan,121500,,121500,121400,121500,121000,-0.823045267489712,0.0823045267489712,,,,,,"{""bid_req_base_tm"": ""103912"", ""sel_10th_pre_req_pre"": ""0"", ""sel_10th_pre_req"": ""80"", ""sel_10th_pre_bid"": ""+122500"", ""sel_9th_pre_req_pre"": ""0"", ""sel_9th_pre_req"": ""22"", ""sel_9th_pre_bid"": ""+122400"", ""sel_8th_pre_req_pre"": ""0"", ""sel_8th_pre_req"": ""207"", ""sel_8th_pre_bid"": ""+122300"", ""sel_7th_pre_req_pre"": ""0"", ""sel_7th_pre_req"": ""410"", ""sel_7th_pre_bid"": ""+122200"", ""sel_6th_pre_req_pre"": ""0"", ""sel_6th_pre_req"": ""50"", ""sel_6th_pre_bid"": ""+122100"", ""sel_5th_pre_req_pre"": ""0"", ""sel_5th_pre_req"": ""15"", ""sel_5th_pre_bid"": ""+122000"", ""sel_4th_pre_req_pre"": ""0"", ""sel_4th_pre_req"": ""2"", ""sel_4th_pre_bid"": ""+121900"", ""sel_3th_pre_req_pre"": ""0"", ""sel_3th_pre_req"": ""35"", ""sel_3th_pre_bid"": ""+121800"", ""sel_2th_pre_req_pre"": ""0"", ""sel_2th_pre_req"": ""85"", ""sel_2th_pre_bid"": ""+121600"", ""sel_1th_pre_req_pre"": ""0"", ""sel_fpr_req"": ""17"", ""sel_fpr_bid"": ""+121500"", ""buy_fpr_bid"": ""+121400"", ""buy_fpr_req"": ""15"", ""buy_1th_pre_req_pre"": ""+10"", ""buy_2th_pre_bid"": ""+121300"", ""buy_2th_pre_req"": ""19"", ""buy_2th_pre_req_pre"": ""0"", ""buy_3th_pre_bid"": ""+121200"", ""buy_3th_pre_req"": ""26"", ""buy_3th_pre_req_pre"": ""0"", ""buy_4th_pre_bid"": ""+121100"", ""buy_4th_pre_req"": ""23"", ""buy_4th_pre_req_pre"": ""0"", ""buy_5th_pre_bid"": ""+121000"", ""buy_5th_pre_req"": ""51"", ""buy_5th_pre_req_pre"": ""0"", ""buy_6th_pre_bid"": ""+120900"", ""buy_6th_pre_req"": ""22"", ""buy_6th_pre_req_pre"": ""0"", ""buy_7th_pre_bid"": ""+120800"", ""buy_7th_pre_req"": ""55"", ""buy_7th_pre_req_pre"": ""0"", ""buy_8th_pre_bid"": ""+120700"", ""buy_8th_pre_req"": ""33"", ""buy_8th_pre_req_pre"": ""0"", ""buy_9th_pre_bid"": ""+120600"", ""buy_9th_pre_req"": ""140"", ""buy_9th_pre_req_pre"": ""0"", ""buy_10th_pre_bid"": ""+120500"", ""buy_10th_pre_req"": ""114"", ""buy_10th_pre_req_pre"": ""0"", ""tot_sel_req_jub_pre"": ""0"", ""tot_sel_req"": ""923"", ""tot_buy_req"": ""498"", ""tot_buy_req_jub_pre"": ""+10"", ""ovt_sel_req_pre"": ""0"", ""ovt_sel_req"": ""0"", ""ovt_buy_req"": ""0"", ""ovt_buy_req_pre"": ""0"", ""return_code"": 0, ""return_msg"": ""정상적으로 처리되었습니다""}"
2026-06-10,scan_candidate,001740,,0,main_scan,14470,,14470,14450,14470,14400,-0.82930200414651,0.138217000691085,,,,,,"{""bid_req_base_tm"": ""103913"", ""sel_10th_pre_req_pre"": ""0"", ""sel_10th_pre_req"": ""12883"", ""sel_10th_pre_bid"": ""+14570"", ""sel_9th_pre_req_pre"": ""0"", ""sel_9th_pre_req"": ""6637"", ""sel_9th_pre_bid"": ""+14560"", ""sel_8th_pre_req_pre"": ""0"", ""sel_8th_pre_req"": ""10258"", ""sel_8th_pre_bid"": ""+14550"", ""sel_7th_pre_req_pre"": ""0"", ""sel_7th_pre_req"": ""10461"", ""sel_7th_pre_bid"": ""+14540"", ""sel_6th_pre_req_pre"": ""0"", ""sel_6th_pre_req"": ""5112"", ""sel_6th_pre_bid"": ""+14530"", ""sel_5th_pre_req_pre"": ""0"", ""sel_5th_pre_req"": ""4862"", ""sel_5th_pre_bid"": ""+14520"", ""sel_4th_pre_req_pre"": ""0"", ""sel_4th_pre_req"": ""1331"", ""sel_4th_pre_bid"": ""+14510"", ""sel_3th_pre_req_pre"": ""0"", ""sel_3th_pre_req"": ""12313"", ""sel_3th_pre_bid"": ""+14500"", ""sel_2th_pre_req_pre"": ""0"", ""sel_2th_pre_req"": ""10425"", ""sel_2th_pre_bid"": ""+14490"", ""sel_1th_pre_req_pre"": ""--360"", ""sel_fpr_req"": ""641"", ""sel_fpr_bid"": ""+14470"", ""buy_fpr_bid"": ""+14450"", ""buy_fpr_req"": ""73"", ""buy_1th_pre_req_pre"": ""--662"", ""buy_2th_pre_bid"": ""+14440"", ""buy_2th_pre_req"": ""3723"", ""buy_2th_pre_req_pre"": ""--352"", ""buy_3th_pre_bid"": ""+14430"", ""buy_3th_pre_req"": ""3145"", ""buy_3th_pre_req_pre"": ""0"", ""buy_4th_pre_bid"": ""+14420"", ""buy_4th_pre_req"": ""2440"", ""buy_4th_pre_req_pre"": ""0"", ""buy_5th_pre_bid"": ""+14410"", ""buy_5th_pre_req"": ""5030"", ""buy_5th_pre_req_pre"": ""0"", ""buy_6th_pre_bid"": ""+14400"", ""buy_6th_pre_req"": ""8840"", ""buy_6th_pre_req_pre"": ""0"", ""buy_7th_pre_bid"": ""+14390"", ""buy_7th_pre_req"": ""1616"", ""buy_7th_pre_req_pre"": ""0"", ""buy_8th_pre_bid"": ""+14380"", ""buy_8th_pre_req"": ""2178"", ""buy_8th_pre_req_pre"": ""0"", ""buy_9th_pre_bid"": ""+14370"", ""buy_9th_pre_req"": ""2532"", ""buy_9th_pre_req_pre"": ""0"", ""buy_10th_pre_bid"": ""+14360"", ""buy_10th_pre_req"": ""1716"", ""buy_10th_pre_req_pre"": ""0"", ""tot_sel_req_jub_pre"": ""--360"", ""tot_sel_req"": ""74923"", ""tot_buy_req"": ""31293"", ""tot_buy_req_jub_pre"": ""--1014"", ""ovt_sel_req_pre"": ""0"", ""ovt_sel_req"": ""0"", ""ovt_buy_req"": ""0"", ""ovt_buy_req_pre"": ""0"", ""return_code"": 0, ""return_msg"": ""정상적으로 처리되었습니다""}"
2026-06-10,scan_candidate,383220,,0,main_scan,75000,,75000,74900,75000,74900,-0.26666666666666666,0.13333333333333333,,,,,,"{""bid_req_base_tm"": ""103912"", ""sel_10th_pre_req_pre"": ""0"", ""sel_10th_pre_req"": ""5"", ""sel_10th_pre_bid"": ""+76200"", ""sel_9th_pre_req_pre"": ""0"", ""sel_9th_pre_req"": ""122"", ""sel_9th_pre_bid"": ""+76000"", ""sel_8th_pre_req_pre"": ""0"", ""sel_8th_pre_req"": ""121"", ""sel_8th_pre_bid"": ""+75900"", ""sel_7th_pre_req_pre"": ""0"", ""sel_7th_pre_req"": ""14"", ""sel_7th_pre_bid"": ""+75800"", ""sel_6th_pre_req_pre"": ""0"", ""sel_6th_pre_req"": ""14"", ""sel_6th_pre_bid"": ""+75700"", ""sel_5th_pre_req_pre"": ""0"", ""sel_5th_pre_req"": ""6"", ""sel_5th_pre_bid"": ""+75600"", ""sel_4th_pre_req_pre"": ""0"", ""sel_4th_pre_req"": ""2"", ""sel_4th_pre_bid"": ""+75500"", ""sel_3th_pre_req_pre"": ""--1"", ""sel_3th_pre_req"": ""22"", ""sel_3th_pre_bid"": ""+75400"", ""sel_2th_pre_req_pre"": ""0"", ""sel_2th_pre_req"": ""235"", ""sel_2th_pre_bid"": ""+75300"", ""sel_1th_pre_req_pre"": ""0"", ""sel_fpr_req"": ""51"", ""sel_fpr_bid"": ""+75000"", ""buy_fpr_bid"": ""+74900"", ""buy_fpr_req"": ""96"", ""buy_1th_pre_req_pre"": ""0"", ""buy_2th_pre_bid"": ""+74800"", ""buy_2th_pre_req"": ""100"", ""buy_2th_pre_req_pre"": ""0"", ""buy_3th_pre_bid"": ""+74700"", ""buy_3th_pre_req"": ""8"", ""buy_3th_pre_req_pre"": ""0"", ""buy_4th_pre_bid"": ""74600"", ""buy_4th_pre_req"": ""18"", ""buy_4th_pre_req_pre"": ""0"", ""buy_5th_pre_bid"": ""-74500"", ""buy_5th_pre_req"": ""40"", ""buy_5th_pre_req_pre"": ""0"", ""buy_6th_pre_bid"": ""-74400"", ""buy_6th_pre_req"": ""50"", ""buy_6th_pre_req_pre"": ""0"", ""buy_7th_pre_bid"": ""-74300"", ""buy_7th_pre_req"": ""10"", ""buy_7th_pre_req_pre"": ""0"", ""buy_8th_pre_bid"": ""-74200"", ""buy_8th_pre_req"": ""5"", ""buy_8th_pre_req_pre"": ""0"", ""buy_9th_pre_bid"": ""-74100"", ""buy_9th_pre_req"": ""24"", ""buy_9th_pre_req_pre"": ""0"", ""buy_10th_pre_bid"": ""-74000"", ""buy_10th_pre_req"": ""27"", ""buy_10th_pre_req_pre"": ""0"", ""tot_sel_req_jub_pre"": ""--1"", ""tot_sel_req"": ""592"", ""tot_buy_req"": ""378"", ""tot_buy_req_jub_pre"": ""0"", ""ovt_sel_req_pre"": ""0"", ""ovt_sel_req"": ""0"", ""ovt_buy_req"": ""0"", ""ovt_buy_req_pre"": ""0"", ""return_code"": 0, ""return_msg"": ""정상적으로 처리되었습니다""}"
2026-06-10,scan_candidate,014680,,0,main_scan,264500,,264500,263500,264500,264500,-0.1890359168241966,0.3780718336483932,,,,,,"{""bid_req_base_tm"": ""103913"", ""sel_10th_pre_req_pre"": ""0"", ""sel_10th_pre_req"": ""38"", ""sel_10th_pre_bid"": ""+269500"", ""sel_9th_pre_req_pre"": ""0"", ""sel_9th_pre_req"": ""86"", ""sel_9th_pre_bid"": ""+269000"", ""sel_8th_pre_req_pre"": ""0"", ""sel_8th_pre_req"": ""19"", ""sel_8th_pre_bid"": ""+268500"", ""sel_7th_pre_req_pre"": ""0"", ""sel_7th_pre_req"": ""49"", ""sel_7th_pre_bid"": ""+268000"", ""sel_6th_pre_req_pre"": ""0"", ""sel_6th_pre_req"": ""38"", ""sel_6th_pre_bid"": ""+267500"", ""sel_5th_pre_req_pre"": ""0"", ""sel_5th_pre_req"": ""25"", ""sel_5th_pre_bid"": ""+267000"", ""sel_4th_pre_req_pre"": ""0"", ""sel_4th_pre_req"": ""16"", ""sel_4th_pre_bid"": ""+266500"", ""sel_3th_pre_req_pre"": ""0"", ""sel_3th_pre_req"": ""6"", ""sel_3th_pre_bid"": ""+266000"", ""sel_2th_pre_req_pre"": ""0"", ""sel_2th_pre_req"": ""42"", ""sel_2th_pre_bid"": ""+265000"", ""sel_1th_pre_req_pre"": ""+6"", ""sel_fpr_req"": ""30"", ""sel_fpr_bid"": ""+264500"", ""buy_fpr_bid"": ""+263500"", ""buy_fpr_req"": ""22"", ""buy_1th_pre_req_pre"": ""0"", ""buy_2th_pre_bid"": ""+263000"", ""buy_2th_pre_req"": ""19"", ""buy_2th_pre_req_pre"": ""0"", ""buy_3th_pre_bid"": ""+262500"", ""buy_3th_pre_req"": ""5"", ""buy_3th_pre_req_pre"": ""0"", ""buy_4th_pre_bid"": ""+262000"", ""buy_4th_pre_req"": ""157"", ""buy_4th_pre_req_pre"": ""0"", ""buy_5th_pre_bid"": ""+261500"", ""buy_5th_pre_req"": ""17"", ""buy_5th_pre_req_pre"": ""0"", ""buy_6th_pre_bid"": ""+261000"", ""buy_6th_pre_req"": ""4"", ""buy_6th_pre_req_pre"": ""0"", ""buy_7th_pre_bid"": ""+260500"", ""buy_7th_pre_req"": ""3"", ""buy_7th_pre_req_pre"": ""0"", ""buy_8th_pre_bid"": ""+260000"", ""buy_8th_pre_req"": ""109"", ""buy_8th_pre_req_pre"": ""0"", ""buy_9th_pre_bid"": ""+259500"", ""buy_9th_pre_req"": ""119"", ""buy_9th_pre_req_pre"": ""0"", ""buy_10th_pre_bid"": ""+259000"", ""buy_10th_pre_req"": ""210"", ""buy_10th_pre_req_pre"": ""0"", ""tot_sel_req_jub_pre"": ""+6"", ""tot_sel_req"": ""349"", ""tot_buy_req"": ""665"", ""tot_buy_req_jub_pre"": ""0"", ""ovt_sel_req_pre"": ""0"", ""ovt_sel_req"": ""0"", ""ovt_buy_req"": ""0"", ""ovt_buy_req_pre"": ""0"", ""return_code"": 0, ""return_msg"": ""정상적으로 처리되었습니다""}"
2026-06-10,scan_candidate,028670,,0,main_scan,5020,,5020,5010,5020,5050,0.398406374501992,0.199203187250996,,,,,,"{""bid_req_base_tm"": ""103913"", ""sel_10th_pre_req_pre"": ""0"", ""sel_10th_pre_req"": ""1751"", ""sel_10th_pre_bid"": ""-5110"", ""sel_9th_pre_req_pre"": ""0"", ""sel_9th_pre_req"": ""1611"", ""sel_9th_pre_bid"": ""-5100"", ""sel_8th_pre_req_pre"": ""0"", ""sel_8th_pre_req"": ""671"", ""sel_8th_pre_bid"": ""-5090"", ""sel_7th_pre_req_pre"": ""0"", ""sel_7th_pre_req"": ""118"", ""sel_7th_pre_bid"": ""-5080"", ""sel_6th_pre_req_pre"": ""0"", ""sel_6th_pre_req"": ""101"", ""sel_6th_pre_bid"": ""-5070"", ""sel_5th_pre_req_pre"": ""0"", ""sel_5th_pre_req"": ""1"", ""sel_5th_pre_bid"": ""-5060"", ""sel_4th_pre_req_pre"": ""0"", ""sel_4th_pre_req"": ""1604"", ""sel_4th_pre_bid"": ""-5050"", ""sel_3th_pre_req_pre"": ""0"", ""sel_3th_pre_req"": ""2904"", ""sel_3th_pre_bid"": ""-5040"", ""sel_2th_pre_req_pre"": ""0"", ""sel_2th_pre_req"": ""2823"", ""sel_2th_pre_bid"": ""-5030"", ""sel_1th_pre_req_pre"": ""0"", ""sel_fpr_req"": ""14"", ""sel_fpr_bid"": ""-5020"", ""buy_fpr_bid"": ""-5010"", ""buy_fpr_req"": ""2"", ""buy_1th_pre_req_pre"": ""--1485"", ""buy_2th_pre_bid"": ""-5000"", ""buy_2th_pre_req"": ""6985"", ""buy_2th_pre_req_pre"": ""0"", ""buy_3th_pre_bid"": ""-4995"", ""buy_3th_pre_req"": ""2176"", ""buy_3th_pre_req_pre"": ""0"", ""buy_4th_pre_bid"": ""-4990"", ""buy_4th_pre_req"": ""7223"", ""buy_4th_pre_req_pre"": ""0"", ""buy_5th_pre_bid"": ""-4985"", ""buy_5th_pre_req"": ""5366"", ""buy_5th_pre_req_pre"": ""0"", ""buy_6th_pre_bid"": ""-4980"", ""buy_6th_pre_req"": ""7420"", ""buy_6th_pre_req_pre"": ""0"", ""buy_7th_pre_bid"": ""-4975"", ""buy_7th_pre_req"": ""2051"", ""buy_7th_pre_req_pre"": ""0"", ""buy_8th_pre_bid"": ""-4970"", ""buy_8th_pre_req"": ""2265"", ""buy_8th_pre_req_pre"": ""0"", ""buy_9th_pre_bid"": ""-4965"", ""buy_9th_pre_req"": ""5619"", ""buy_9th_pre_req_pre"": ""0"", ""buy_10th_pre_bid"": ""-4960"", ""buy_10th_pre_req"": ""3985"", ""buy_10th_pre_req_pre"": ""0"", ""tot_sel_req_jub_pre"": ""0"", ""tot_sel_req"": ""11598"", ""tot_buy_req"": ""43092"", ""tot_buy_req_jub_pre"": ""--1485"", ""ovt_sel_req_pre"": ""0"", ""ovt_sel_req"": ""0"", ""ovt_buy_req"": ""0"", ""ovt_buy_req_pre"": ""0"", ""return_code"": 0, ""return_msg"": ""정상적으로 처리되었습니다""}"
2026-06-10,scan_candidate,009420,,0,main_scan,50600,,50600,50500,50600,50600,-0.1976284584980237,0.1976284584980237,,,,,,"{""bid_req_base_tm"": ""103914"", ""sel_10th_pre_req_pre"": ""0"", ""sel_10th_pre_req"": ""41"", ""sel_10th_pre_bid"": ""-51500"", ""sel_9th_pre_req_pre"": ""0"", ""sel_9th_pre_req"": ""313"", ""sel_9th_pre_bid"": ""-51400"", ""sel_8th_pre_req_pre"": ""0"", ""sel_8th_pre_req"": ""460"", ""sel_8th_pre_bid"": ""-51300"", ""sel_7th_pre_req_pre"": ""0"", ""sel_7th_pre_req"": ""641"", ""sel_7th_pre_bid"": ""-51200"", ""sel_6th_pre_req_pre"": ""0"", ""sel_6th_pre_req"": ""76"", ""sel_6th_pre_bid"": ""-51100"", ""sel_5th_pre_req_pre"": ""0"", ""sel_5th_pre_req"": ""160"", ""sel_5th_pre_bid"": ""-51000"", ""sel_4th_pre_req_pre"": ""0"", ""sel_4th_pre_req"": ""199"", ""sel_4th_pre_bid"": ""-50900"", ""sel_3th_pre_req_pre"": ""0"", ""sel_3th_pre_req"": ""24"", ""sel_3th_pre_bid"": ""-50800"", ""sel_2th_pre_req_pre"": ""0"", ""sel_2th_pre_req"": ""290"", ""sel_2th_pre_bid"": ""-50700"", ""sel_1th_pre_req_pre"": ""0"", ""sel_fpr_req"": ""254"", ""sel_fpr_bid"": ""-50600"", ""buy_fpr_bid"": ""-50500"", ""buy_fpr_req"": ""130"", ""buy_1th_pre_req_pre"": ""+15"", ""buy_2th_pre_bid"": ""-50400"", ""buy_2th_pre_req"": ""148"", ""buy_2th_pre_req_pre"": ""--28"", ""buy_3th_pre_bid"": ""-50300"", ""buy_3th_pre_req"": ""186"", ""buy_3th_pre_req_pre"": ""0"", ""buy_4th_pre_bid"": ""-50200"", ""buy_4th_pre_req"": ""16"", ""buy_4th_pre_req_pre"": ""0"", ""buy_5th_pre_bid"": ""-50100"", ""buy_5th_pre_req"": ""84"", ""buy_5th_pre_req_pre"": ""0"", ""buy_6th_pre_bid"": ""-50000"", ""buy_6th_pre_req"": ""186"", ""buy_6th_pre_req_pre"": ""0"", ""buy_7th_pre_bid"": ""-49950"", ""buy_7th_pre_req"": ""361"", ""buy_7th_pre_req_pre"": ""0"", ""buy_8th_pre_bid"": ""-49900"", ""buy_8th_pre_req"": ""373"", ""buy_8th_pre_req_pre"": ""0"", ""buy_9th_pre_bid"": ""-49850"", ""buy_9th_pre_req"": ""372"", ""buy_9th_pre_req_pre"": ""0"", ""buy_10th_pre_bid"": ""-49800"", ""buy_10th_pre_req"": ""538"", ""buy_10th_pre_req_pre"": ""0"", ""tot_sel_req_jub_pre"": ""0"", ""tot_sel_req"": ""2458"", ""tot_buy_req"": ""2394"", ""tot_buy_req_jub_pre"": ""--13"", ""ovt_sel_req_pre"": ""0"", ""ovt_sel_req"": ""0"", ""ovt_buy_req"": ""0"", ""ovt_buy_req_pre"": ""0"", ""return_code"": 0, ""return_msg"": ""정상적으로 처리되었습니다""}"
2026-06-10,scan_candidate,375500,,0,main_scan,72000,,72000,71900,72000,71900,-0.2777777777777778,0.1388888888888889,,,,,,"{""bid_req_base_tm"": ""103913"", ""sel_10th_pre_req_pre"": ""0"", ""sel_10th_pre_req"": ""299"", ""sel_10th_pre_bid"": ""+72900"", ""sel_9th_pre_req_pre"": ""0"", ""sel_9th_pre_req"": ""52"", ""sel_9th_pre_bid"": ""+72800"", ""sel_8th_pre_req_pre"": ""0"", ""sel_8th_pre_req"": ""29"", ""sel_8th_pre_bid"": ""+72700"", ""sel_7th_pre_req_pre"": ""0"", ""sel_7th_pre_req"": ""46"", ""sel_7th_pre_bid"": ""+72600"", ""sel_6th_pre_req_pre"": ""0"", ""sel_6th_pre_req"": ""118"", ""sel_6th_pre_bid"": ""+72500"", ""sel_5th_pre_req_pre"": ""0"", ""sel_5th_pre_req"": ""464"", ""sel_5th_pre_bid"": ""+72400"", ""sel_4th_pre_req_pre"": ""0"", ""sel_4th_pre_req"": ""549"", ""sel_4th_pre_bid"": ""+72300"", ""sel_3th_pre_req_pre"": ""0"", ""sel_3th_pre_req"": ""77"", ""sel_3th_pre_bid"": ""+72200"", ""sel_2th_pre_req_pre"": ""0"", ""sel_2th_pre_req"": ""278"", ""sel_2th_pre_bid"": ""+72100"", ""sel_1th_pre_req_pre"": ""+8"", ""sel_fpr_req"": ""60"", ""sel_fpr_bid"": ""+72000"", ""buy_fpr_bid"": ""+71900"", ""buy_fpr_req"": ""195"", ""buy_1th_pre_req_pre"": ""0"", ""buy_2th_pre_bid"": ""+71800"", ""buy_2th_pre_req"": ""230"", ""buy_2th_pre_req_pre"": ""0"", ""buy_3th_pre_bid"": ""+71700"", ""buy_3th_pre_req"": ""97"", ""buy_3th_pre_req_pre"": ""0"", ""buy_4th_pre_bid"": ""+71600"", ""buy_4th_pre_req"": ""241"", ""buy_4th_pre_req_pre"": ""0"", ""buy_5th_pre_bid"": ""+71500"", ""buy_5th_pre_req"": ""197"", ""buy_5th_pre_req_pre"": ""0"", ""buy_6th_pre_bid"": ""+71400"", ""buy_6th_pre_req"": ""20"", ""buy_6th_pre_req_pre"": ""0"", ""buy_7th_pre_bid"": ""+71300"", ""buy_7th_pre_req"": ""12"", ""buy_7th_pre_req_pre"": ""0"", ""buy_8th_pre_bid"": ""+71200"", ""buy_8th_pre_req"": ""54"", ""buy_8th_pre_req_pre"": ""0"", ""buy_9th_pre_bid"": ""+71100"", ""buy_9th_pre_req"": ""108"", ""buy_9th_pre_req_pre"": ""0"", ""buy_10th_pre_bid"": ""+71000"", ""buy_10th_pre_req"": ""523"", ""buy_10th_pre_req_pre"": ""0"", ""tot_sel_req_jub_pre"": ""+8"", ""tot_sel_req"": ""1972"", ""tot_buy_req"": ""1677"", ""tot_buy_req_jub_pre"": ""0"", ""ovt_sel_req_pre"": ""0"", ""ovt_sel_req"": ""0"", ""ovt_buy_req"": ""0"", ""ovt_buy_req_pre"": ""0"", ""return_code"": 0, ""return_msg"": ""정상적으로 처리되었습니다""}"
2026-06-10,scan_candidate,004990,,0,main_scan,25850,,25850,25800,25850,25700,-0.7736943907156674,0.19342359767891684,,,,,,"{""bid_req_base_tm"": ""103914"", ""sel_10th_pre_req_pre"": ""0"", ""sel_10th_pre_req"": ""11"", ""sel_10th_pre_bid"": ""+26300"", ""sel_9th_pre_req_pre"": ""0"", ""sel_9th_pre_req"": ""135"", ""sel_9th_pre_bid"": ""+26250"", ""sel_8th_pre_req_pre"": ""0"", ""sel_8th_pre_req"": ""90"", ""sel_8th_pre_bid"": ""+26200"", ""sel_7th_pre_req_pre"": ""0"", ""sel_7th_pre_req"": ""3120"", ""sel_7th_pre_bid"": ""26150"", ""sel_6th_pre_req_pre"": ""0"", ""sel_6th_pre_req"": ""302"", ""sel_6th_pre_bid"": ""-26100"", ""sel_5th_pre_req_pre"": ""0"", ""sel_5th_pre_req"": ""201"", ""sel_5th_pre_bid"": ""-26050"", ""sel_4th_pre_req_pre"": ""0"", ""sel_4th_pre_req"": ""103"", ""sel_4th_pre_bid"": ""-26000"", ""sel_3th_pre_req_pre"": ""0"", ""sel_3th_pre_req"": ""107"", ""sel_3th_pre_bid"": ""-25950"", ""sel_2th_pre_req_pre"": ""0"", ""sel_2th_pre_req"": ""250"", ""sel_2th_pre_bid"": ""-25900"", ""sel_1th_pre_req_pre"": ""0"", ""sel_fpr_req"": ""676"", ""sel_fpr_bid"": ""-25850"", ""buy_fpr_bid"": ""-25800"", ""buy_fpr_req"": ""158"", ""buy_1th_pre_req_pre"": ""+74"", ""buy_2th_pre_bid"": ""-25700"", ""buy_2th_pre_req"": ""330"", ""buy_2th_pre_req_pre"": ""0"", ""buy_3th_pre_bid"": ""-25650"", ""buy_3th_pre_req"": ""76"", ""buy_3th_pre_req_pre"": ""0"", ""buy_4th_pre_bid"": ""-25600"", ""buy_4th_pre_req"": ""119"", ""buy_4th_pre_req_pre"": ""0"", ""buy_5th_pre_bid"": ""-25550"", ""buy_5th_pre_req"": ""393"", ""buy_5th_pre_req_pre"": ""0"", ""buy_6th_pre_bid"": ""-25500"", ""buy_6th_pre_req"": ""871"", ""buy_6th_pre_req_pre"": ""0"", ""buy_7th_pre_bid"": ""-25450"", ""buy_7th_pre_req"": ""1150"", ""buy_7th_pre_req_pre"": ""0"", ""buy_8th_pre_bid"": ""-25400"", ""buy_8th_pre_req"": ""655"", ""buy_8th_pre_req_pre"": ""0"", ""buy_9th_pre_bid"": ""-25350"", ""buy_9th_pre_req"": ""391"", ""buy_9th_pre_req_pre"": ""0"", ""buy_10th_pre_bid"": ""-25300"", ""buy_10th_pre_req"": ""428"", ""buy_10th_pre_req_pre"": ""0"", ""tot_sel_req_jub_pre"": ""0"", ""tot_sel_req"": ""4995"", ""tot_buy_req"": ""4571"", ""tot_buy_req_jub_pre"": ""+377"", ""ovt_sel_req_pre"": ""0"", ""ovt_sel_req"": ""0"", ""ovt_buy_req"": ""0"", ""ovt_buy_req_pre"": ""0"", ""return_code"": 0, ""return_msg"": ""정상적으로 처리되었습니다""}"
2026-06-10,scan_candidate,483650,,0,main_scan,207000,,207000,206500,207000,205500,-0.966183574879227,0.24154589371980675,,,,,,"{""bid_req_base_tm"": ""103913"", ""sel_10th_pre_req_pre"": ""0"", ""sel_10th_pre_req"": ""826"", ""sel_10th_pre_bid"": ""+211500"", ""sel_9th_pre_req_pre"": ""0"", ""sel_9th_pre_req"": ""834"", ""sel_9th_pre_bid"": ""+211000"", ""sel_8th_pre_req_pre"": ""0"", ""sel_8th_pre_req"": ""52"", ""sel_8th_pre_bid"": ""+210500"", ""sel_7th_pre_req_pre"": ""0"", ""sel_7th_pre_req"": ""1145"", ""sel_7th_pre_bid"": ""+210000"", ""sel_6th_pre_req_pre"": ""0"", ""sel_6th_pre_req"": ""709"", ""sel_6th_pre_bid"": ""+209500"", ""sel_5th_pre_req_pre"": ""0"", ""sel_5th_pre_req"": ""626"", ""sel_5th_pre_bid"": ""+209000"", ""sel_4th_pre_req_pre"": ""0"", ""sel_4th_pre_req"": ""197"", ""sel_4th_pre_bid"": ""+208500"", ""sel_3th_pre_req_pre"": ""0"", ""sel_3th_pre_req"": ""483"", ""sel_3th_pre_bid"": ""+208000"", ""sel_2th_pre_req_pre"": ""0"", ""sel_2th_pre_req"": ""561"", ""sel_2th_pre_bid"": ""+207500"", ""sel_1th_pre_req_pre"": ""0"", ""sel_fpr_req"": ""1238"", ""sel_fpr_bid"": ""+207000"", ""buy_fpr_bid"": ""+206500"", ""buy_fpr_req"": ""124"", ""buy_1th_pre_req_pre"": ""0"", ""buy_2th_pre_bid"": ""+206000"", ""buy_2th_pre_req"": ""2330"", ""buy_2th_pre_req_pre"": ""0"", ""buy_3th_pre_bid"": ""+205000"", ""buy_3th_pre_req"": ""87"", ""buy_3th_pre_req_pre"": ""0"", ""buy_4th_pre_bid"": ""+204500"", ""buy_4th_pre_req"": ""33"", ""buy_4th_pre_req_pre"": ""0"", ""buy_5th_pre_bid"": ""+204000"", ""buy_5th_pre_req"": ""63"", ""buy_5th_pre_req_pre"": ""0"", ""buy_6th_pre_bid"": ""+203500"", ""buy_6th_pre_req"": ""90"", ""buy_6th_pre_req_pre"": ""0"", ""buy_7th_pre_bid"": ""+203000"", ""buy_7th_pre_req"": ""96"", ""buy_7th_pre_req_pre"": ""0"", ""buy_8th_pre_bid"": ""+202500"", ""buy_8th_pre_req"": ""65"", ""buy_8th_pre_req_pre"": ""0"", ""buy_9th_pre_bid"": ""+202000"", ""buy_9th_pre_req"": ""93"", ""buy_9th_pre_req_pre"": ""0"", ""buy_10th_pre_bid"": ""+201500"", ""buy_10th_pre_req"": ""285"", ""buy_10th_pre_req_pre"": ""0"", ""tot_sel_req_jub_pre"": ""0"", ""tot_sel_req"": ""6671"", ""tot_buy_req"": ""3266"", ""tot_buy_req_jub_pre"": ""0"", ""ovt_sel_req_pre"": ""0"", ""ovt_sel_req"": ""0"", ""ovt_buy_req"": ""0"", ""ovt_buy_req_pre"": ""0"", ""return_code"": 0, ""return_msg"": ""정상적으로 처리되었습니다""}"
2026-06-10,scan_candidate,003690,,0,main_scan,13250,,13250,13240,13250,13250,-0.37735849056603776,0.07547169811320754,,,,,,"{""bid_req_base_tm"": ""103905"", ""sel_10th_pre_req_pre"": ""0"", ""sel_10th_pre_req"": ""26"", ""sel_10th_pre_bid"": ""-13350"", ""sel_9th_pre_req_pre"": ""0"", ""sel_9th_pre_req"": ""1"", ""sel_9th_pre_bid"": ""-13340"", ""sel_8th_pre_req_pre"": ""0"", ""sel_8th_pre_req"": ""1"", ""sel_8th_pre_bid"": ""-13330"", ""sel_7th_pre_req_pre"": ""0"", ""sel_7th_pre_req"": ""1"", ""sel_7th_pre_bid"": ""-13320"", ""sel_6th_pre_req_pre"": ""0"", ""sel_6th_pre_req"": ""682"", ""sel_6th_pre_bid"": ""-13310"", ""sel_5th_pre_req_pre"": ""0"", ""sel_5th_pre_req"": ""39"", ""sel_5th_pre_bid"": ""-13300"", ""sel_4th_pre_req_pre"": ""0"", ""sel_4th_pre_req"": ""21"", ""sel_4th_pre_bid"": ""-13290"", ""sel_3th_pre_req_pre"": ""0"", ""sel_3th_pre_req"": ""275"", ""sel_3th_pre_bid"": ""-13270"", ""sel_2th_pre_req_pre"": ""0"", ""sel_2th_pre_req"": ""10"", ""sel_2th_pre_bid"": ""-13260"", ""sel_1th_pre_req_pre"": ""--10"", ""sel_fpr_req"": ""230"", ""sel_fpr_bid"": ""-13250"", ""buy_fpr_bid"": ""-13240"", ""buy_fpr_req"": ""541"", ""buy_1th_pre_req_pre"": ""0"", ""buy_2th_pre_bid"": ""-13230"", ""buy_2th_pre_req"": ""248"", ""buy_2th_pre_req_pre"": ""0"", ""buy_3th_pre_bid"": ""-13220"", ""buy_3th_pre_req"": ""132"", ""buy_3th_pre_req_pre"": ""0"", ""buy_4th_pre_bid"": ""-13210"", ""buy_4th_pre_req"": ""657"", ""buy_4th_pre_req_pre"": ""0"", ""buy_5th_pre_bid"": ""-13200"", ""buy_5th_pre_req"": ""631"", ""buy_5th_pre_req_pre"": ""0"", ""buy_6th_pre_bid"": ""-13190"", ""buy_6th_pre_req"": ""101"", ""buy_6th_pre_req_pre"": ""0"", ""buy_7th_pre_bid"": ""-13180"", ""buy_7th_pre_req"": ""50"", ""buy_7th_pre_req_pre"": ""0"", ""buy_8th_pre_bid"": ""-13170"", ""buy_8th_pre_req"": ""50"", ""buy_8th_pre_req_pre"": ""0"", ""buy_9th_pre_bid"": ""-13160"", ""buy_9th_pre_req"": ""50"", ""buy_9th_pre_req_pre"": ""0"", ""buy_10th_pre_bid"": ""-13150"", ""buy_10th_pre_req"": ""81"", ""buy_10th_pre_req_pre"": ""0"", ""tot_sel_req_jub_pre"": ""--10"", ""tot_sel_req"": ""1286"", ""tot_buy_req"": ""2541"", ""tot_buy_req_jub_pre"": ""0"", ""ovt_sel_req_pre"": ""0"", ""ovt_sel_req"": ""0"", ""ovt_buy_req"": ""0"", ""ovt_buy_req_pre"": ""0"", ""return_code"": 0, ""return_msg"": ""정상적으로 처리되었습니다""}"
2026-06-10,scan_candidate,279570,,0,main_scan,5980,,5980,5970,5980,5950,-0.6688963210702341,0.16722408026755853,,,,,,"{""bid_req_base_tm"": ""103914"", ""sel_10th_pre_req_pre"": ""0"", ""sel_10th_pre_req"": ""13301"", ""sel_10th_pre_bid"": ""+6070"", ""sel_9th_pre_req_pre"": ""0"", ""sel_9th_pre_req"": ""32175"", ""sel_9th_pre_bid"": ""+6060"", ""sel_8th_pre_req_pre"": ""0"", ""sel_8th_pre_req"": ""37405"", ""sel_8th_pre_bid"": ""+6050"", ""sel_7th_pre_req_pre"": ""0"", ""sel_7th_pre_req"": ""21739"", ""sel_7th_pre_bid"": ""+6040"", ""sel_6th_pre_req_pre"": ""0"", ""sel_6th_pre_req"": ""30955"", ""sel_6th_pre_bid"": ""+6030"", ""sel_5th_pre_req_pre"": ""0"", ""sel_5th_pre_req"": ""49266"", ""sel_5th_pre_bid"": ""+6020"", ""sel_4th_pre_req_pre"": ""0"", ""sel_4th_pre_req"": ""11901"", ""sel_4th_pre_bid"": ""+6010"", ""sel_3th_pre_req_pre"": ""0"", ""sel_3th_pre_req"": ""30220"", ""sel_3th_pre_bid"": ""+6000"", ""sel_2th_pre_req_pre"": ""0"", ""sel_2th_pre_req"": ""28370"", ""sel_2th_pre_bid"": ""+5990"", ""sel_1th_pre_req_pre"": ""0"", ""sel_fpr_req"": ""9516"", ""sel_fpr_bid"": ""+5980"", ""buy_fpr_bid"": ""+5970"", ""buy_fpr_req"": ""135"", ""buy_1th_pre_req_pre"": ""0"", ""buy_2th_pre_bid"": ""+5960"", ""buy_2th_pre_req"": ""5970"", ""buy_2th_pre_req_pre"": ""--3460"", ""buy_3th_pre_bid"": ""+5950"", ""buy_3th_pre_req"": ""9778"", ""buy_3th_pre_req_pre"": ""0"", ""buy_4th_pre_bid"": ""+5940"", ""buy_4th_pre_req"": ""7873"", ""buy_4th_pre_req_pre"": ""0"", ""buy_5th_pre_bid"": ""+5930"", ""buy_5th_pre_req"": ""8411"", ""buy_5th_pre_req_pre"": ""0"", ""buy_6th_pre_bid"": ""+5920"", ""buy_6th_pre_req"": ""7513"", ""buy_6th_pre_req_pre"": ""0"", ""buy_7th_pre_bid"": ""+5910"", ""buy_7th_pre_req"": ""14768"", ""buy_7th_pre_req_pre"": ""0"", ""buy_8th_pre_bid"": ""+5900"", ""buy_8th_pre_req"": ""33990"", ""buy_8th_pre_req_pre"": ""0"", ""buy_9th_pre_bid"": ""+5890"", ""buy_9th_pre_req"": ""4420"", ""buy_9th_pre_req_pre"": ""0"", ""buy_10th_pre_bid"": ""+5880"", ""buy_10th_pre_req"": ""3133"", ""buy_10th_pre_req_pre"": ""0"", ""tot_sel_req_jub_pre"": ""0"", ""tot_sel_req"": ""264848"", ""tot_buy_req"": ""95991"", ""tot_buy_req_jub_pre"": ""--3460"", ""ovt_sel_req_pre"": ""0"", ""ovt_sel_req"": ""0"", ""ovt_buy_req"": ""0"", ""ovt_buy_req_pre"": ""0"", ""return_code"": 0, ""return_msg"": ""정상적으로 처리되었습니다""}"
2026-06-10,scan_candidate,008770,,0,main_scan,54700,,54700,54600,54700,54300,-0.9140767824497258,0.18281535648994515,,,,,,"{""bid_req_base_tm"": ""103913"", ""sel_10th_pre_req_pre"": ""0"", ""sel_10th_pre_req"": ""137"", ""sel_10th_pre_bid"": ""+55600"", ""sel_9th_pre_req_pre"": ""0"", ""sel_9th_pre_req"": ""399"", ""sel_9th_pre_bid"": ""+55500"", ""sel_8th_pre_req_pre"": ""0"", ""sel_8th_pre_req"": ""32"", ""sel_8th_pre_bid"": ""+55400"", ""sel_7th_pre_req_pre"": ""0"", ""sel_7th_pre_req"": ""410"", ""sel_7th_pre_bid"": ""+55300"", ""sel_6th_pre_req_pre"": ""0"", ""sel_6th_pre_req"": ""541"", ""sel_6th_pre_bid"": ""55200"", ""sel_5th_pre_req_pre"": ""0"", ""sel_5th_pre_req"": ""928"", ""sel_5th_pre_bid"": ""-55100"", ""sel_4th_pre_req_pre"": ""0"", ""sel_4th_pre_req"": ""438"", ""sel_4th_pre_bid"": ""-55000"", ""sel_3th_pre_req_pre"": ""0"", ""sel_3th_pre_req"": ""272"", ""sel_3th_pre_bid"": ""-54900"", ""sel_2th_pre_req_pre"": ""0"", ""sel_2th_pre_req"": ""603"", ""sel_2th_pre_bid"": ""-54800"", ""sel_1th_pre_req_pre"": ""0"", ""sel_fpr_req"": ""179"", ""sel_fpr_bid"": ""-54700"", ""buy_fpr_bid"": ""-54600"", ""buy_fpr_req"": ""258"", ""buy_1th_pre_req_pre"": ""0"", ""buy_2th_pre_bid"": ""-54400"", ""buy_2th_pre_req"": ""33"", ""buy_2th_pre_req_pre"": ""0"", ""buy_3th_pre_bid"": ""-54300"", ""buy_3th_pre_req"": ""362"", ""buy_3th_pre_req_pre"": ""0"", ""buy_4th_pre_bid"": ""-54200"", ""buy_4th_pre_req"": ""1"", ""buy_4th_pre_req_pre"": ""0"", ""buy_5th_pre_bid"": ""-54100"", ""buy_5th_pre_req"": ""46"", ""buy_5th_pre_req_pre"": ""0"", ""buy_6th_pre_bid"": ""-54000"", ""buy_6th_pre_req"": ""231"", ""buy_6th_pre_req_pre"": ""0"", ""buy_7th_pre_bid"": ""-53900"", ""buy_7th_pre_req"": ""203"", ""buy_7th_pre_req_pre"": ""0"", ""buy_8th_pre_bid"": ""-53800"", ""buy_8th_pre_req"": ""390"", ""buy_8th_pre_req_pre"": ""0"", ""buy_9th_pre_bid"": ""-53700"", ""buy_9th_pre_req"": ""429"", ""buy_9th_pre_req_pre"": ""0"", ""buy_10th_pre_bid"": ""-53600"", ""buy_10th_pre_req"": ""145"", ""buy_10th_pre_req_pre"": ""0"", ""tot_sel_req_jub_pre"": ""0"", ""tot_sel_req"": ""3939"", ""tot_buy_req"": ""2098"", ""tot_buy_req_jub_pre"": ""0"", ""ovt_sel_req_pre"": ""0"", ""ovt_sel_req"": ""0"", ""ovt_buy_req"": ""0"", ""ovt_buy_req_pre"": ""0"", ""return_code"": 0, ""return_msg"": ""정상적으로 처리되었습니다""}"
2026-06-10,scan_candidate,081660,,0,main_scan,40300,,40300,40250,40300,40350,0.0,0.12406947890818859,,,,,,"{""bid_req_base_tm"": ""103912"", ""sel_10th_pre_req_pre"": ""0"", ""sel_10th_pre_req"": ""13"", ""sel_10th_pre_bid"": ""+40750"", ""sel_9th_pre_req_pre"": ""0"", ""sel_9th_pre_req"": ""70"", ""sel_9th_pre_bid"": ""+40700"", ""sel_8th_pre_req_pre"": ""0"", ""sel_8th_pre_req"": ""50"", ""sel_8th_pre_bid"": ""+40650"", ""sel_7th_pre_req_pre"": ""0"", ""sel_7th_pre_req"": ""70"", ""sel_7th_pre_bid"": ""+40600"", ""sel_6th_pre_req_pre"": ""0"", ""sel_6th_pre_req"": ""116"", ""sel_6th_pre_bid"": ""+40550"", ""sel_5th_pre_req_pre"": ""0"", ""sel_5th_pre_req"": ""196"", ""sel_5th_pre_bid"": ""+40500"", ""sel_4th_pre_req_pre"": ""0"", ""sel_4th_pre_req"": ""78"", ""sel_4th_pre_bid"": ""+40450"", ""sel_3th_pre_req_pre"": ""0"", ""sel_3th_pre_req"": ""122"", ""sel_3th_pre_bid"": ""+40400"", ""sel_2th_pre_req_pre"": ""0"", ""sel_2th_pre_req"": ""92"", ""sel_2th_pre_bid"": ""+40350"", ""sel_1th_pre_req_pre"": ""0"", ""sel_fpr_req"": ""282"", ""sel_fpr_bid"": ""+40300"", ""buy_fpr_bid"": ""+40250"", ""buy_fpr_req"": ""223"", ""buy_1th_pre_req_pre"": ""+22"", ""buy_2th_pre_bid"": ""+40200"", ""buy_2th_pre_req"": ""184"", ""buy_2th_pre_req_pre"": ""0"", ""buy_3th_pre_bid"": ""+40150"", ""buy_3th_pre_req"": ""28"", ""buy_3th_pre_req_pre"": ""0"", ""buy_4th_pre_bid"": ""+40100"", ""buy_4th_pre_req"": ""60"", ""buy_4th_pre_req_pre"": ""0"", ""buy_5th_pre_bid"": ""+40050"", ""buy_5th_pre_req"": ""239"", ""buy_5th_pre_req_pre"": ""--2"", ""buy_6th_pre_bid"": ""+40000"", ""buy_6th_pre_req"": ""509"", ""buy_6th_pre_req_pre"": ""0"", ""buy_7th_pre_bid"": ""+39950"", ""buy_7th_pre_req"": ""500"", ""buy_7th_pre_req_pre"": ""0"", ""buy_8th_pre_bid"": ""+39900"", ""buy_8th_pre_req"": ""2"", ""buy_8th_pre_req_pre"": ""0"", ""buy_9th_pre_bid"": ""+39850"", ""buy_9th_pre_req"": ""1"", ""buy_9th_pre_req_pre"": ""0"", ""buy_10th_pre_bid"": ""+39800"", ""buy_10th_pre_req"": ""5"", ""buy_10th_pre_req_pre"": ""0"", ""tot_sel_req_jub_pre"": ""0"", ""tot_sel_req"": ""1089"", ""tot_buy_req"": ""1751"", ""tot_buy_req_jub_pre"": ""+20"", ""ovt_sel_req_pre"": ""0"", ""ovt_sel_req"": ""0"", ""ovt_buy_req"": ""0"", ""ovt_buy_req_pre"": ""0"", ""return_code"": 0, ""return_msg"": ""정상적으로 처리되었습니다""}"
2026-06-10,scan_candidate,462870,,0,main_scan,31800,,31800,31650,31800,31550,-0.9433962264150944,0.4716981132075472,,,,,,"{""bid_req_base_tm"": ""103915"", ""sel_10th_pre_req_pre"": ""0"", ""sel_10th_pre_req"": ""60"", ""sel_10th_pre_bid"": ""-32250"", ""sel_9th_pre_req_pre"": ""0"", ""sel_9th_pre_req"": ""235"", ""sel_9th_pre_bid"": ""-32200"", ""sel_8th_pre_req_pre"": ""0"", ""sel_8th_pre_req"": ""30"", ""sel_8th_pre_bid"": ""-32150"", ""sel_7th_pre_req_pre"": ""0"", ""sel_7th_pre_req"": ""113"", ""sel_7th_pre_bid"": ""-32100"", ""sel_6th_pre_req_pre"": ""0"", ""sel_6th_pre_req"": ""126"", ""sel_6th_pre_bid"": ""-32050"", ""sel_5th_pre_req_pre"": ""0"", ""sel_5th_pre_req"": ""158"", ""sel_5th_pre_bid"": ""-32000"", ""sel_4th_pre_req_pre"": ""0"", ""sel_4th_pre_req"": ""102"", ""sel_4th_pre_bid"": ""-31950"", ""sel_3th_pre_req_pre"": ""0"", ""sel_3th_pre_req"": ""100"", ""sel_3th_pre_bid"": ""-31900"", ""sel_2th_pre_req_pre"": ""0"", ""sel_2th_pre_req"": ""42"", ""sel_2th_pre_bid"": ""-31850"", ""sel_1th_pre_req_pre"": ""+3"", ""sel_fpr_req"": ""225"", ""sel_fpr_bid"": ""-31800"", ""buy_fpr_bid"": ""-31650"", ""buy_fpr_req"": ""44"", ""buy_1th_pre_req_pre"": ""--23"", ""buy_2th_pre_bid"": ""-31600"", ""buy_2th_pre_req"": ""125"", ""buy_2th_pre_req_pre"": ""0"", ""buy_3th_pre_bid"": ""-31550"", ""buy_3th_pre_req"": ""82"", ""buy_3th_pre_req_pre"": ""0"", ""buy_4th_pre_bid"": ""-31500"", ""buy_4th_pre_req"": ""5"", ""buy_4th_pre_req_pre"": ""0"", ""buy_5th_pre_bid"": ""-31450"", ""buy_5th_pre_req"": ""1"", ""buy_5th_pre_req_pre"": ""0"", ""buy_6th_pre_bid"": ""-31400"", ""buy_6th_pre_req"": ""13"", ""buy_6th_pre_req_pre"": ""0"", ""buy_7th_pre_bid"": ""-31350"", ""buy_7th_pre_req"": ""44"", ""buy_7th_pre_req_pre"": ""0"", ""buy_8th_pre_bid"": ""-31300"", ""buy_8th_pre_req"": ""35"", ""buy_8th_pre_req_pre"": ""0"", ""buy_9th_pre_bid"": ""-31250"", ""buy_9th_pre_req"": ""12"", ""buy_9th_pre_req_pre"": ""0"", ""buy_10th_pre_bid"": ""-31200"", ""buy_10th_pre_req"": ""56"", ""buy_10th_pre_req_pre"": ""0"", ""tot_sel_req_jub_pre"": ""+3"", ""tot_sel_req"": ""1191"", ""tot_buy_req"": ""417"", ""tot_buy_req_jub_pre"": ""+3"", ""ovt_sel_req_pre"": ""0"", ""ovt_sel_req"": ""0"", ""ovt_buy_req"": ""0"", ""ovt_buy_req_pre"": ""0"", ""return_code"": 0, ""return_msg"": ""정상적으로 처리되었습니다""}"
2026-06-10,scan_candidate,120110,,0,main_scan,71400,,71400,71300,71400,71000,-0.700280112044818,0.1400560224089636,,,,,,"{""bid_req_base_tm"": ""103914"", ""sel_10th_pre_req_pre"": ""0"", ""sel_10th_pre_req"": ""59"", ""sel_10th_pre_bid"": ""+72300"", ""sel_9th_pre_req_pre"": ""0"", ""sel_9th_pre_req"": ""360"", ""sel_9th_pre_bid"": ""+72200"", ""sel_8th_pre_req_pre"": ""0"", ""sel_8th_pre_req"": ""154"", ""sel_8th_pre_bid"": ""+72100"", ""sel_7th_pre_req_pre"": ""0"", ""sel_7th_pre_req"": ""3124"", ""sel_7th_pre_bid"": ""+72000"", ""sel_6th_pre_req_pre"": ""0"", ""sel_6th_pre_req"": ""213"", ""sel_6th_pre_bid"": ""+71900"", ""sel_5th_pre_req_pre"": ""0"", ""sel_5th_pre_req"": ""124"", ""sel_5th_pre_bid"": ""+71800"", ""sel_4th_pre_req_pre"": ""0"", ""sel_4th_pre_req"": ""113"", ""sel_4th_pre_bid"": ""+71700"", ""sel_3th_pre_req_pre"": ""0"", ""sel_3th_pre_req"": ""226"", ""sel_3th_pre_bid"": ""+71600"", ""sel_2th_pre_req_pre"": ""0"", ""sel_2th_pre_req"": ""115"", ""sel_2th_pre_bid"": ""+71500"", ""sel_1th_pre_req_pre"": ""0"", ""sel_fpr_req"": ""121"", ""sel_fpr_bid"": ""+71400"", ""buy_fpr_bid"": ""+71300"", ""buy_fpr_req"": ""1"", ""buy_1th_pre_req_pre"": ""0"", ""buy_2th_pre_bid"": ""+71100"", ""buy_2th_pre_req"": ""1"", ""buy_2th_pre_req_pre"": ""--57"", ""buy_3th_pre_bid"": ""+71000"", ""buy_3th_pre_req"": ""57"", ""buy_3th_pre_req_pre"": ""0"", ""buy_4th_pre_bid"": ""+70900"", ""buy_4th_pre_req"": ""64"", ""buy_4th_pre_req_pre"": ""0"", ""buy_5th_pre_bid"": ""+70800"", ""buy_5th_pre_req"": ""9"", ""buy_5th_pre_req_pre"": ""0"", ""buy_6th_pre_bid"": ""+70700"", ""buy_6th_pre_req"": ""86"", ""buy_6th_pre_req_pre"": ""0"", ""buy_7th_pre_bid"": ""+70600"", ""buy_7th_pre_req"": ""14"", ""buy_7th_pre_req_pre"": ""0"", ""buy_8th_pre_bid"": ""+70500"", ""buy_8th_pre_req"": ""104"", ""buy_8th_pre_req_pre"": ""0"", ""buy_9th_pre_bid"": ""+70400"", ""buy_9th_pre_req"": ""102"", ""buy_9th_pre_req_pre"": ""0"", ""buy_10th_pre_bid"": ""+70300"", ""buy_10th_pre_req"": ""61"", ""buy_10th_pre_req_pre"": ""0"", ""tot_sel_req_jub_pre"": ""0"", ""tot_sel_req"": ""4609"", ""tot_buy_req"": ""499"", ""tot_buy_req_jub_pre"": ""--173"", ""ovt_sel_req_pre"": ""0"", ""ovt_sel_req"": ""0"", ""ovt_buy_req"": ""0"", ""ovt_buy_req_pre"": ""0"", ""return_code"": 0, ""return_msg"": ""정상적으로 처리되었습니다""}"
2026-06-10,scan_candidate,009155,,0,main_scan,610000,,610000,609000,610000,611000,0.0,0.16393442622950818,,,,,,"{""bid_req_base_tm"": ""103913"", ""sel_10th_pre_req_pre"": ""0"", ""sel_10th_pre_req"": ""34"", ""sel_10th_pre_bid"": ""-620000"", ""sel_9th_pre_req_pre"": ""0"", ""sel_9th_pre_req"": ""9"", ""sel_9th_pre_bid"": ""-619000"", ""sel_8th_pre_req_pre"": ""0"", ""sel_8th_pre_req"": ""41"", ""sel_8th_pre_bid"": ""-617000"", ""sel_7th_pre_req_pre"": ""0"", ""sel_7th_pre_req"": ""9"", ""sel_7th_pre_bid"": ""-616000"", ""sel_6th_pre_req_pre"": ""0"", ""sel_6th_pre_req"": ""10"", ""sel_6th_pre_bid"": ""-615000"", ""sel_5th_pre_req_pre"": ""0"", ""sel_5th_pre_req"": ""40"", ""sel_5th_pre_bid"": ""-614000"", ""sel_4th_pre_req_pre"": ""0"", ""sel_4th_pre_req"": ""51"", ""sel_4th_pre_bid"": ""-613000"", ""sel_3th_pre_req_pre"": ""0"", ""sel_3th_pre_req"": ""22"", ""sel_3th_pre_bid"": ""-612000"", ""sel_2th_pre_req_pre"": ""0"", ""sel_2th_pre_req"": ""133"", ""sel_2th_pre_bid"": ""-611000"", ""sel_1th_pre_req_pre"": ""0"", ""sel_fpr_req"": ""11"", ""sel_fpr_bid"": ""-610000"", ""buy_fpr_bid"": ""-609000"", ""buy_fpr_req"": ""17"", ""buy_1th_pre_req_pre"": ""+6"", ""buy_2th_pre_bid"": ""-608000"", ""buy_2th_pre_req"": ""113"", ""buy_2th_pre_req_pre"": ""0"", ""buy_3th_pre_bid"": ""-607000"", ""buy_3th_pre_req"": ""77"", ""buy_3th_pre_req_pre"": ""0"", ""buy_4th_pre_bid"": ""-606000"", ""buy_4th_pre_req"": ""46"", ""buy_4th_pre_req_pre"": ""0"", ""buy_5th_pre_bid"": ""-605000"", ""buy_5th_pre_req"": ""55"", ""buy_5th_pre_req_pre"": ""0"", ""buy_6th_pre_bid"": ""-604000"", ""buy_6th_pre_req"": ""44"", ""buy_6th_pre_req_pre"": ""0"", ""buy_7th_pre_bid"": ""-603000"", ""buy_7th_pre_req"": ""68"", ""buy_7th_pre_req_pre"": ""0"", ""buy_8th_pre_bid"": ""-602000"", ""buy_8th_pre_req"": ""98"", ""buy_8th_pre_req_pre"": ""0"", ""buy_9th_pre_bid"": ""-601000"", ""buy_9th_pre_req"": ""171"", ""buy_9th_pre_req_pre"": ""0"", ""buy_10th_pre_bid"": ""-600000"", ""buy_10th_pre_req"": ""501"", ""buy_10th_pre_req_pre"": ""0"", ""tot_sel_req_jub_pre"": ""0"", ""tot_sel_req"": ""360"", ""tot_buy_req"": ""1190"", ""tot_buy_req_jub_pre"": ""+6"", ""ovt_sel_req_pre"": ""0"", ""ovt_sel_req"": ""0"", ""ovt_buy_req"": ""0"", ""ovt_buy_req_pre"": ""0"", ""return_code"": 0, ""return_msg"": ""정상적으로 처리되었습니다""}"
2026-06-10,scan_candidate,017960,,0,main_scan,31850,,31850,31750,31850,31700,-0.6279434850863422,0.3139717425431711,,,,,,"{""bid_req_base_tm"": ""103913"", ""sel_10th_pre_req_pre"": ""0"", ""sel_10th_pre_req"": ""343"", ""sel_10th_pre_bid"": ""+32300"", ""sel_9th_pre_req_pre"": ""0"", ""sel_9th_pre_req"": ""72"", ""sel_9th_pre_bid"": ""+32250"", ""sel_8th_pre_req_pre"": ""0"", ""sel_8th_pre_req"": ""151"", ""sel_8th_pre_bid"": ""+32200"", ""sel_7th_pre_req_pre"": ""0"", ""sel_7th_pre_req"": ""99"", ""sel_7th_pre_bid"": ""+32150"", ""sel_6th_pre_req_pre"": ""0"", ""sel_6th_pre_req"": ""575"", ""sel_6th_pre_bid"": ""+32100"", ""sel_5th_pre_req_pre"": ""0"", ""sel_5th_pre_req"": ""165"", ""sel_5th_pre_bid"": ""+32050"", ""sel_4th_pre_req_pre"": ""0"", ""sel_4th_pre_req"": ""1367"", ""sel_4th_pre_bid"": ""+32000"", ""sel_3th_pre_req_pre"": ""0"", ""sel_3th_pre_req"": ""171"", ""sel_3th_pre_bid"": ""+31950"", ""sel_2th_pre_req_pre"": ""0"", ""sel_2th_pre_req"": ""1432"", ""sel_2th_pre_bid"": ""+31900"", ""sel_1th_pre_req_pre"": ""0"", ""sel_fpr_req"": ""184"", ""sel_fpr_bid"": ""+31850"", ""buy_fpr_bid"": ""+31750"", ""buy_fpr_req"": ""29"", ""buy_1th_pre_req_pre"": ""0"", ""buy_2th_pre_bid"": ""+31700"", ""buy_2th_pre_req"": ""241"", ""buy_2th_pre_req_pre"": ""0"", ""buy_3th_pre_bid"": ""+31650"", ""buy_3th_pre_req"": ""131"", ""buy_3th_pre_req_pre"": ""0"", ""buy_4th_pre_bid"": ""+31600"", ""buy_4th_pre_req"": ""103"", ""buy_4th_pre_req_pre"": ""0"", ""buy_5th_pre_bid"": ""+31550"", ""buy_5th_pre_req"": ""6"", ""buy_5th_pre_req_pre"": ""0"", ""buy_6th_pre_bid"": ""+31500"", ""buy_6th_pre_req"": ""41"", ""buy_6th_pre_req_pre"": ""0"", ""buy_7th_pre_bid"": ""+31450"", ""buy_7th_pre_req"": ""140"", ""buy_7th_pre_req_pre"": ""0"", ""buy_8th_pre_bid"": ""+31400"", ""buy_8th_pre_req"": ""354"", ""buy_8th_pre_req_pre"": ""0"", ""buy_9th_pre_bid"": ""+31350"", ""buy_9th_pre_req"": ""832"", ""buy_9th_pre_req_pre"": ""0"", ""buy_10th_pre_bid"": ""+31300"", ""buy_10th_pre_req"": ""1741"", ""buy_10th_pre_req_pre"": ""0"", ""tot_sel_req_jub_pre"": ""+328"", ""tot_sel_req"": ""4559"", ""tot_buy_req"": ""3618"", ""tot_buy_req_jub_pre"": ""0"", ""ovt_sel_req_pre"": ""0"", ""ovt_sel_req"": ""0"", ""ovt_buy_req"": ""0"", ""ovt_buy_req_pre"": ""0"", ""return_code"": 0, ""return_msg"": ""정상적으로 처리되었습니다""}"
2026-06-10,scan_candidate,192080,,0,main_scan,71400,,71400,71300,71400,71000,-0.700280112044818,0.1400560224089636,,,,,,"{""bid_req_base_tm"": ""103908"", ""sel_10th_pre_req_pre"": ""0"", ""sel_10th_pre_req"": ""11"", ""sel_10th_pre_bid"": ""+72500"", ""sel_9th_pre_req_pre"": ""0"", ""sel_9th_pre_req"": ""40"", ""sel_9th_pre_bid"": ""+72400"", ""sel_8th_pre_req_pre"": ""0"", ""sel_8th_pre_req"": ""10"", ""sel_8th_pre_bid"": ""+72300"", ""sel_7th_pre_req_pre"": ""0"", ""sel_7th_pre_req"": ""17"", ""sel_7th_pre_bid"": ""+72200"", ""sel_6th_pre_req_pre"": ""0"", ""sel_6th_pre_req"": ""16"", ""sel_6th_pre_bid"": ""-71900"", ""sel_5th_pre_req_pre"": ""0"", ""sel_5th_pre_req"": ""14"", ""sel_5th_pre_bid"": ""-71800"", ""sel_4th_pre_req_pre"": ""0"", ""sel_4th_pre_req"": ""960"", ""sel_4th_pre_bid"": ""-71700"", ""sel_3th_pre_req_pre"": ""0"", ""sel_3th_pre_req"": ""55"", ""sel_3th_pre_bid"": ""-71600"", ""sel_2th_pre_req_pre"": ""0"", ""sel_2th_pre_req"": ""27"", ""sel_2th_pre_bid"": ""-71500"", ""sel_1th_pre_req_pre"": ""0"", ""sel_fpr_req"": ""79"", ""sel_fpr_bid"": ""-71400"", ""buy_fpr_bid"": ""-71300"", ""buy_fpr_req"": ""104"", ""buy_1th_pre_req_pre"": ""+16"", ""buy_2th_pre_bid"": ""-71200"", ""buy_2th_pre_req"": ""7"", ""buy_2th_pre_req_pre"": ""0"", ""buy_3th_pre_bid"": ""-71100"", ""buy_3th_pre_req"": ""18"", ""buy_3th_pre_req_pre"": ""0"", ""buy_4th_pre_bid"": ""-71000"", ""buy_4th_pre_req"": ""99"", ""buy_4th_pre_req_pre"": ""0"", ""buy_5th_pre_bid"": ""-70900"", ""buy_5th_pre_req"": ""31"", ""buy_5th_pre_req_pre"": ""0"", ""buy_6th_pre_bid"": ""-70800"", ""buy_6th_pre_req"": ""91"", ""buy_6th_pre_req_pre"": ""0"", ""buy_7th_pre_bid"": ""-70700"", ""buy_7th_pre_req"": ""109"", ""buy_7th_pre_req_pre"": ""0"", ""buy_8th_pre_bid"": ""-70600"", ""buy_8th_pre_req"": ""108"", ""buy_8th_pre_req_pre"": ""0"", ""buy_9th_pre_bid"": ""-70500"", ""buy_9th_pre_req"": ""181"", ""buy_9th_pre_req_pre"": ""0"", ""buy_10th_pre_bid"": ""-70400"", ""buy_10th_pre_req"": ""182"", ""buy_10th_pre_req_pre"": ""0"", ""tot_sel_req_jub_pre"": ""0"", ""tot_sel_req"": ""1229"", ""tot_buy_req"": ""930"", ""tot_buy_req_jub_pre"": ""+16"", ""ovt_sel_req_pre"": ""0"", ""ovt_sel_req"": ""0"", ""ovt_buy_req"": ""0"", ""ovt_buy_req_pre"": ""0"", ""return_code"": 0, ""return_msg"": ""정상적으로 처리되었습니다""}"
2026-06-10,scan_candidate,093370,,0,main_scan,16330,,16330,16310,16330,16250,-0.7960808328230252,0.1224739742804654,,,,,,"{""bid_req_base_tm"": ""103916"", ""sel_10th_pre_req_pre"": ""0"", ""sel_10th_pre_req"": ""2667"", ""sel_10th_pre_bid"": ""+16420"", ""sel_9th_pre_req_pre"": ""0"", ""sel_9th_pre_req"": ""2150"", ""sel_9th_pre_bid"": ""+16410"", ""sel_8th_pre_req_pre"": ""0"", ""sel_8th_pre_req"": ""13867"", ""sel_8th_pre_bid"": ""+16400"", ""sel_7th_pre_req_pre"": ""0"", ""sel_7th_pre_req"": ""5618"", ""sel_7th_pre_bid"": ""+16390"", ""sel_6th_pre_req_pre"": ""0"", ""sel_6th_pre_req"": ""4426"", ""sel_6th_pre_bid"": ""+16380"", ""sel_5th_pre_req_pre"": ""0"", ""sel_5th_pre_req"": ""2737"", ""sel_5th_pre_bid"": ""+16370"", ""sel_4th_pre_req_pre"": ""0"", ""sel_4th_pre_req"": ""4346"", ""sel_4th_pre_bid"": ""+16360"", ""sel_3th_pre_req_pre"": ""0"", ""sel_3th_pre_req"": ""8972"", ""sel_3th_pre_bid"": ""+16350"", ""sel_2th_pre_req_pre"": ""+11"", ""sel_2th_pre_req"": ""635"", ""sel_2th_pre_bid"": ""+16340"", ""sel_1th_pre_req_pre"": ""+410"", ""sel_fpr_req"": ""1101"", ""sel_fpr_bid"": ""+16330"", ""buy_fpr_bid"": ""+16310"", ""buy_fpr_req"": ""132"", ""buy_1th_pre_req_pre"": ""0"", ""buy_2th_pre_bid"": ""+16300"", ""buy_2th_pre_req"": ""6322"", ""buy_2th_pre_req_pre"": ""0"", ""buy_3th_pre_bid"": ""+16290"", ""buy_3th_pre_req"": ""926"", ""buy_3th_pre_req_pre"": ""0"", ""buy_4th_pre_bid"": ""+16280"", ""buy_4th_pre_req"": ""332"", ""buy_4th_pre_req_pre"": ""0"", ""buy_5th_pre_bid"": ""+16270"", ""buy_5th_pre_req"": ""503"", ""buy_5th_pre_req_pre"": ""0"", ""buy_6th_pre_bid"": ""+16260"", ""buy_6th_pre_req"": ""273"", ""buy_6th_pre_req_pre"": ""0"", ""buy_7th_pre_bid"": ""+16250"", ""buy_7th_pre_req"": ""2515"", ""buy_7th_pre_req_pre"": ""0"", ""buy_8th_pre_bid"": ""+16240"", ""buy_8th_pre_req"": ""3005"", ""buy_8th_pre_req_pre"": ""0"", ""buy_9th_pre_bid"": ""+16230"", ""buy_9th_pre_req"": ""624"", ""buy_9th_pre_req_pre"": ""0"", ""buy_10th_pre_bid"": ""+16220"", ""buy_10th_pre_req"": ""1633"", ""buy_10th_pre_req_pre"": ""0"", ""tot_sel_req_jub_pre"": ""+421"", ""tot_sel_req"": ""46519"", ""tot_buy_req"": ""16265"", ""tot_buy_req_jub_pre"": ""0"", ""ovt_sel_req_pre"": ""0"", ""ovt_sel_req"": ""0"", ""ovt_buy_req"": ""0"", ""ovt_buy_req_pre"": ""0"", ""return_code"": 0, ""return_msg"": ""정상적으로 처리되었습니다""}"
2026-06-10,scan_candidate,066575,,0,main_scan,79000,,79000,78900,79000,79200,0.12658227848101267,0.12658227848101267,,,,,,"{""bid_req_base_tm"": ""103916"", ""sel_10th_pre_req_pre"": ""0"", ""sel_10th_pre_req"": ""250"", ""sel_10th_pre_bid"": ""-79900"", ""sel_9th_pre_req_pre"": ""0"", ""sel_9th_pre_req"": ""140"", ""sel_9th_pre_bid"": ""-79800"", ""sel_8th_pre_req_pre"": ""0"", ""sel_8th_pre_req"": ""11"", ""sel_8th_pre_bid"": ""-79700"", ""sel_7th_pre_req_pre"": ""0"", ""sel_7th_pre_req"": ""76"", ""sel_7th_pre_bid"": ""-79600"", ""sel_6th_pre_req_pre"": ""0"", ""sel_6th_pre_req"": ""14"", ""sel_6th_pre_bid"": ""-79500"", ""sel_5th_pre_req_pre"": ""0"", ""sel_5th_pre_req"": ""17"", ""sel_5th_pre_bid"": ""-79400"", ""sel_4th_pre_req_pre"": ""0"", ""sel_4th_pre_req"": ""105"", ""sel_4th_pre_bid"": ""-79300"", ""sel_3th_pre_req_pre"": ""0"", ""sel_3th_pre_req"": ""287"", ""sel_3th_pre_bid"": ""-79200"", ""sel_2th_pre_req_pre"": ""0"", ""sel_2th_pre_req"": ""46"", ""sel_2th_pre_bid"": ""-79100"", ""sel_1th_pre_req_pre"": ""0"", ""sel_fpr_req"": ""1"", ""sel_fpr_bid"": ""-79000"", ""buy_fpr_bid"": ""-78900"", ""buy_fpr_req"": ""77"", ""buy_1th_pre_req_pre"": ""0"", ""buy_2th_pre_bid"": ""-78800"", ""buy_2th_pre_req"": ""203"", ""buy_2th_pre_req_pre"": ""0"", ""buy_3th_pre_bid"": ""-78700"", ""buy_3th_pre_req"": ""153"", ""buy_3th_pre_req_pre"": ""0"", ""buy_4th_pre_bid"": ""-78600"", ""buy_4th_pre_req"": ""337"", ""buy_4th_pre_req_pre"": ""0"", ""buy_5th_pre_bid"": ""-78500"", ""buy_5th_pre_req"": ""293"", ""buy_5th_pre_req_pre"": ""0"", ""buy_6th_pre_bid"": ""-78400"", ""buy_6th_pre_req"": ""57"", ""buy_6th_pre_req_pre"": ""0"", ""buy_7th_pre_bid"": ""-78300"", ""buy_7th_pre_req"": ""111"", ""buy_7th_pre_req_pre"": ""0"", ""buy_8th_pre_bid"": ""-78200"", ""buy_8th_pre_req"": ""168"", ""buy_8th_pre_req_pre"": ""0"", ""buy_9th_pre_bid"": ""-78100"", ""buy_9th_pre_req"": ""164"", ""buy_9th_pre_req_pre"": ""+4"", ""buy_10th_pre_bid"": ""-78000"", ""buy_10th_pre_req"": ""1023"", ""buy_10th_pre_req_pre"": ""0"", ""tot_sel_req_jub_pre"": ""0"", ""tot_sel_req"": ""947"", ""tot_buy_req"": ""2586"", ""tot_buy_req_jub_pre"": ""+4"", ""ovt_sel_req_pre"": ""0"", ""ovt_sel_req"": ""0"", ""ovt_buy_req"": ""0"", ""ovt_buy_req_pre"": ""0"", ""return_code"": 0, ""return_msg"": ""정상적으로 처리되었습니다""}"
2026-06-10,scan_candidate,181710,,0,main_scan,41650,,41650,41600,41650,41500,-0.4801920768307323,0.12004801920768307,,,,,,"{""bid_req_base_tm"": ""103914"", ""sel_10th_pre_req_pre"": ""0"", ""sel_10th_pre_req"": ""6"", ""sel_10th_pre_bid"": ""-42100"", ""sel_9th_pre_req_pre"": ""0"", ""sel_9th_pre_req"": ""5"", ""sel_9th_pre_bid"": ""-42050"", ""sel_8th_pre_req_pre"": ""0"", ""sel_8th_pre_req"": ""139"", ""sel_8th_pre_bid"": ""-42000"", ""sel_7th_pre_req_pre"": ""0"", ""sel_7th_pre_req"": ""63"", ""sel_7th_pre_bid"": ""-41950"", ""sel_6th_pre_req_pre"": ""0"", ""sel_6th_pre_req"": ""5"", ""sel_6th_pre_bid"": ""-41900"", ""sel_5th_pre_req_pre"": ""0"", ""sel_5th_pre_req"": ""2"", ""sel_5th_pre_bid"": ""-41850"", ""sel_4th_pre_req_pre"": ""0"", ""sel_4th_pre_req"": ""8"", ""sel_4th_pre_bid"": ""-41800"", ""sel_3th_pre_req_pre"": ""0"", ""sel_3th_pre_req"": ""2"", ""sel_3th_pre_bid"": ""-41750"", ""sel_2th_pre_req_pre"": ""0"", ""sel_2th_pre_req"": ""134"", ""sel_2th_pre_bid"": ""-41700"", ""sel_1th_pre_req_pre"": ""+1"", ""sel_fpr_req"": ""303"", ""sel_fpr_bid"": ""-41650"", ""buy_fpr_bid"": ""-41600"", ""buy_fpr_req"": ""92"", ""buy_1th_pre_req_pre"": ""0"", ""buy_2th_pre_bid"": ""-41550"", ""buy_2th_pre_req"": ""11"", ""buy_2th_pre_req_pre"": ""0"", ""buy_3th_pre_bid"": ""-41500"", ""buy_3th_pre_req"": ""92"", ""buy_3th_pre_req_pre"": ""0"", ""buy_4th_pre_bid"": ""-41450"", ""buy_4th_pre_req"": ""49"", ""buy_4th_pre_req_pre"": ""0"", ""buy_5th_pre_bid"": ""-41350"", ""buy_5th_pre_req"": ""170"", ""buy_5th_pre_req_pre"": ""0"", ""buy_6th_pre_bid"": ""-41300"", ""buy_6th_pre_req"": ""16"", ""buy_6th_pre_req_pre"": ""0"", ""buy_7th_pre_bid"": ""-41250"", ""buy_7th_pre_req"": ""25"", ""buy_7th_pre_req_pre"": ""0"", ""buy_8th_pre_bid"": ""-41200"", ""buy_8th_pre_req"": ""26"", ""buy_8th_pre_req_pre"": ""0"", ""buy_9th_pre_bid"": ""-41150"", ""buy_9th_pre_req"": ""9"", ""buy_9th_pre_req_pre"": ""0"", ""buy_10th_pre_bid"": ""-41100"", ""buy_10th_pre_req"": ""24"", ""buy_10th_pre_req_pre"": ""0"", ""tot_sel_req_jub_pre"": ""+1"", ""tot_sel_req"": ""667"", ""tot_buy_req"": ""514"", ""tot_buy_req_jub_pre"": ""0"", ""ovt_sel_req_pre"": ""0"", ""ovt_sel_req"": ""0"", ""ovt_buy_req"": ""0"", ""ovt_buy_req_pre"": ""0"", ""return_code"": 0, ""return_msg"": ""정상적으로 처리되었습니다""}"
2026-06-10,scan_candidate,034230,,0,main_scan,15290,,15290,15280,15290,15200,-0.9156311314584695,0.06540222367560497,,,,,,"{""bid_req_base_tm"": ""103916"", ""sel_10th_pre_req_pre"": ""0"", ""sel_10th_pre_req"": ""863"", ""sel_10th_pre_bid"": ""+15390"", ""sel_9th_pre_req_pre"": ""0"", ""sel_9th_pre_req"": ""524"", ""sel_9th_pre_bid"": ""+15380"", ""sel_8th_pre_req_pre"": ""0"", ""sel_8th_pre_req"": ""100"", ""sel_8th_pre_bid"": ""+15370"", ""sel_7th_pre_req_pre"": ""0"", ""sel_7th_pre_req"": ""327"", ""sel_7th_pre_bid"": ""+15360"", ""sel_6th_pre_req_pre"": ""0"", ""sel_6th_pre_req"": ""102"", ""sel_6th_pre_bid"": ""+15350"", ""sel_5th_pre_req_pre"": ""0"", ""sel_5th_pre_req"": ""82"", ""sel_5th_pre_bid"": ""+15340"", ""sel_4th_pre_req_pre"": ""0"", ""sel_4th_pre_req"": ""11"", ""sel_4th_pre_bid"": ""+15330"", ""sel_3th_pre_req_pre"": ""0"", ""sel_3th_pre_req"": ""6"", ""sel_3th_pre_bid"": ""+15310"", ""sel_2th_pre_req_pre"": ""0"", ""sel_2th_pre_req"": ""1528"", ""sel_2th_pre_bid"": ""+15300"", ""sel_1th_pre_req_pre"": ""0"", ""sel_fpr_req"": ""3"", ""sel_fpr_bid"": ""+15290"", ""buy_fpr_bid"": ""+15280"", ""buy_fpr_req"": ""104"", ""buy_1th_pre_req_pre"": ""0"", ""buy_2th_pre_bid"": ""+15270"", ""buy_2th_pre_req"": ""13"", ""buy_2th_pre_req_pre"": ""+1"", ""buy_3th_pre_bid"": ""+15260"", ""buy_3th_pre_req"": ""16"", ""buy_3th_pre_req_pre"": ""0"", ""buy_4th_pre_bid"": ""+15250"", ""buy_4th_pre_req"": ""12"", ""buy_4th_pre_req_pre"": ""0"", ""buy_5th_pre_bid"": ""+15230"", ""buy_5th_pre_req"": ""65"", ""buy_5th_pre_req_pre"": ""0"", ""buy_6th_pre_bid"": ""+15220"", ""buy_6th_pre_req"": ""10"", ""buy_6th_pre_req_pre"": ""0"", ""buy_7th_pre_bid"": ""+15210"", ""buy_7th_pre_req"": ""10"", ""buy_7th_pre_req_pre"": ""0"", ""buy_8th_pre_bid"": ""+15200"", ""buy_8th_pre_req"": ""13"", ""buy_8th_pre_req_pre"": ""0"", ""buy_9th_pre_bid"": ""+15190"", ""buy_9th_pre_req"": ""53"", ""buy_9th_pre_req_pre"": ""0"", ""buy_10th_pre_bid"": ""+15180"", ""buy_10th_pre_req"": ""58"", ""buy_10th_pre_req_pre"": ""0"", ""tot_sel_req_jub_pre"": ""0"", ""tot_sel_req"": ""3546"", ""tot_buy_req"": ""354"", ""tot_buy_req_jub_pre"": ""+1"", ""ovt_sel_req_pre"": ""0"", ""ovt_sel_req"": ""0"", ""ovt_buy_req"": ""0"", ""ovt_buy_req_pre"": ""0"", ""return_code"": 0, ""return_msg"": ""정상적으로 처리되었습니다""}"
2026-06-10,scan_candidate,281820,,0,main_scan,68100,,68100,67800,68100,67900,-0.4405286343612335,0.4405286343612335,,,,,,"{""bid_req_base_tm"": ""103917"", ""sel_10th_pre_req_pre"": ""0"", ""sel_10th_pre_req"": ""256"", ""sel_10th_pre_bid"": ""+69000"", ""sel_9th_pre_req_pre"": ""0"", ""sel_9th_pre_req"": ""116"", ""sel_9th_pre_bid"": ""+68900"", ""sel_8th_pre_req_pre"": ""0"", ""sel_8th_pre_req"": ""108"", ""sel_8th_pre_bid"": ""+68800"", ""sel_7th_pre_req_pre"": ""0"", ""sel_7th_pre_req"": ""147"", ""sel_7th_pre_bid"": ""+68700"", ""sel_6th_pre_req_pre"": ""0"", ""sel_6th_pre_req"": ""1766"", ""sel_6th_pre_bid"": ""+68600"", ""sel_5th_pre_req_pre"": ""0"", ""sel_5th_pre_req"": ""204"", ""sel_5th_pre_bid"": ""+68500"", ""sel_4th_pre_req_pre"": ""0"", ""sel_4th_pre_req"": ""204"", ""sel_4th_pre_bid"": ""+68400"", ""sel_3th_pre_req_pre"": ""0"", ""sel_3th_pre_req"": ""158"", ""sel_3th_pre_bid"": ""+68300"", ""sel_2th_pre_req_pre"": ""0"", ""sel_2th_pre_req"": ""40"", ""sel_2th_pre_bid"": ""+68200"", ""sel_1th_pre_req_pre"": ""0"", ""sel_fpr_req"": ""62"", ""sel_fpr_bid"": ""+68100"", ""buy_fpr_bid"": ""+67800"", ""buy_fpr_req"": ""103"", ""buy_1th_pre_req_pre"": ""0"", ""buy_2th_pre_bid"": ""+67700"", ""buy_2th_pre_req"": ""562"", ""buy_2th_pre_req_pre"": ""0"", ""buy_3th_pre_bid"": ""+67600"", ""buy_3th_pre_req"": ""18"", ""buy_3th_pre_req_pre"": ""0"", ""buy_4th_pre_bid"": ""+67500"", ""buy_4th_pre_req"": ""102"", ""buy_4th_pre_req_pre"": ""0"", ""buy_5th_pre_bid"": ""+67400"", ""buy_5th_pre_req"": ""501"", ""buy_5th_pre_req_pre"": ""0"", ""buy_6th_pre_bid"": ""+67300"", ""buy_6th_pre_req"": ""497"", ""buy_6th_pre_req_pre"": ""0"", ""buy_7th_pre_bid"": ""+67200"", ""buy_7th_pre_req"": ""12"", ""buy_7th_pre_req_pre"": ""0"", ""buy_8th_pre_bid"": ""+67100"", ""buy_8th_pre_req"": ""261"", ""buy_8th_pre_req_pre"": ""0"", ""buy_9th_pre_bid"": ""+67000"", ""buy_9th_pre_req"": ""510"", ""buy_9th_pre_req_pre"": ""+1"", ""buy_10th_pre_bid"": ""+66900"", ""buy_10th_pre_req"": ""181"", ""buy_10th_pre_req_pre"": ""0"", ""tot_sel_req_jub_pre"": ""0"", ""tot_sel_req"": ""3061"", ""tot_buy_req"": ""2747"", ""tot_buy_req_jub_pre"": ""+1"", ""ovt_sel_req_pre"": ""0"", ""ovt_sel_req"": ""0"", ""ovt_buy_req"": ""0"", ""ovt_buy_req_pre"": ""0"", ""return_code"": 0, ""return_msg"": ""정상적으로 처리되었습니다""}"
2026-06-10,scan_candidate,195870,,0,main_scan,77800,,77800,77700,77800,77700,-0.2570694087403599,0.12853470437017994,,,,,,"{""bid_req_base_tm"": ""103915"", ""sel_10th_pre_req_pre"": ""0"", ""sel_10th_pre_req"": ""424"", ""sel_10th_pre_bid"": ""+78700"", ""sel_9th_pre_req_pre"": ""0"", ""sel_9th_pre_req"": ""359"", ""sel_9th_pre_bid"": ""+78600"", ""sel_8th_pre_req_pre"": ""0"", ""sel_8th_pre_req"": ""328"", ""sel_8th_pre_bid"": ""+78500"", ""sel_7th_pre_req_pre"": ""0"", ""sel_7th_pre_req"": ""95"", ""sel_7th_pre_bid"": ""+78400"", ""sel_6th_pre_req_pre"": ""0"", ""sel_6th_pre_req"": ""102"", ""sel_6th_pre_bid"": ""+78300"", ""sel_5th_pre_req_pre"": ""0"", ""sel_5th_pre_req"": ""15"", ""sel_5th_pre_bid"": ""+78200"", ""sel_4th_pre_req_pre"": ""0"", ""sel_4th_pre_req"": ""15"", ""sel_4th_pre_bid"": ""+78100"", ""sel_3th_pre_req_pre"": ""0"", ""sel_3th_pre_req"": ""102"", ""sel_3th_pre_bid"": ""+78000"", ""sel_2th_pre_req_pre"": ""0"", ""sel_2th_pre_req"": ""1"", ""sel_2th_pre_bid"": ""+77900"", ""sel_1th_pre_req_pre"": ""0"", ""sel_fpr_req"": ""32"", ""sel_fpr_bid"": ""+77800"", ""buy_fpr_bid"": ""+77700"", ""buy_fpr_req"": ""42"", ""buy_1th_pre_req_pre"": ""0"", ""buy_2th_pre_bid"": ""+77600"", ""buy_2th_pre_req"": ""74"", ""buy_2th_pre_req_pre"": ""0"", ""buy_3th_pre_bid"": ""+77500"", ""buy_3th_pre_req"": ""131"", ""buy_3th_pre_req_pre"": ""+100"", ""buy_4th_pre_bid"": ""+77400"", ""buy_4th_pre_req"": ""42"", ""buy_4th_pre_req_pre"": ""0"", ""buy_5th_pre_bid"": ""+77300"", ""buy_5th_pre_req"": ""21"", ""buy_5th_pre_req_pre"": ""0"", ""buy_6th_pre_bid"": ""+77200"", ""buy_6th_pre_req"": ""17"", ""buy_6th_pre_req_pre"": ""0"", ""buy_7th_pre_bid"": ""+77100"", ""buy_7th_pre_req"": ""46"", ""buy_7th_pre_req_pre"": ""0"", ""buy_8th_pre_bid"": ""+77000"", ""buy_8th_pre_req"": ""157"", ""buy_8th_pre_req_pre"": ""0"", ""buy_9th_pre_bid"": ""+76900"", ""buy_9th_pre_req"": ""24"", ""buy_9th_pre_req_pre"": ""0"", ""buy_10th_pre_bid"": ""+76800"", ""buy_10th_pre_req"": ""313"", ""buy_10th_pre_req_pre"": ""0"", ""tot_sel_req_jub_pre"": ""0"", ""tot_sel_req"": ""1473"", ""tot_buy_req"": ""867"", ""tot_buy_req_jub_pre"": ""+100"", ""ovt_sel_req_pre"": ""0"", ""ovt_sel_req"": ""0"", ""ovt_buy_req"": ""0"", ""ovt_buy_req_pre"": ""0"", ""return_code"": 0, ""return_msg"": ""정상적으로 처리되었습니다""}"
2026-06-10,scan_candidate,001820,,0,main_scan,117800,,117800,117500,117800,117000,-1.1035653650254669,0.2546689303904924,,,,,,"{""bid_req_base_tm"": ""103917"", ""sel_10th_pre_req_pre"": ""0"", ""sel_10th_pre_req"": ""192"", ""sel_10th_pre_bid"": ""+118700"", ""sel_9th_pre_req_pre"": ""0"", ""sel_9th_pre_req"": ""31"", ""sel_9th_pre_bid"": ""+118600"", ""sel_8th_pre_req_pre"": ""0"", ""sel_8th_pre_req"": ""345"", ""sel_8th_pre_bid"": ""118500"", ""sel_7th_pre_req_pre"": ""0"", ""sel_7th_pre_req"": ""36"", ""sel_7th_pre_bid"": ""-118400"", ""sel_6th_pre_req_pre"": ""0"", ""sel_6th_pre_req"": ""205"", ""sel_6th_pre_bid"": ""-118300"", ""sel_5th_pre_req_pre"": ""0"", ""sel_5th_pre_req"": ""231"", ""sel_5th_pre_bid"": ""-118200"", ""sel_4th_pre_req_pre"": ""0"", ""sel_4th_pre_req"": ""68"", ""sel_4th_pre_bid"": ""-118100"", ""sel_3th_pre_req_pre"": ""0"", ""sel_3th_pre_req"": ""291"", ""sel_3th_pre_bid"": ""-118000"", ""sel_2th_pre_req_pre"": ""0"", ""sel_2th_pre_req"": ""210"", ""sel_2th_pre_bid"": ""-117900"", ""sel_1th_pre_req_pre"": ""0"", ""sel_fpr_req"": ""20"", ""sel_fpr_bid"": ""-117800"", ""buy_fpr_bid"": ""-117500"", ""buy_fpr_req"": ""139"", ""buy_1th_pre_req_pre"": ""0"", ""buy_2th_pre_bid"": ""-117400"", ""buy_2th_pre_req"": ""103"", ""buy_2th_pre_req_pre"": ""+1"", ""buy_3th_pre_bid"": ""-117300"", ""buy_3th_pre_req"": ""30"", ""buy_3th_pre_req_pre"": ""0"", ""buy_4th_pre_bid"": ""-117200"", ""buy_4th_pre_req"": ""99"", ""buy_4th_pre_req_pre"": ""0"", ""buy_5th_pre_bid"": ""-117100"", ""buy_5th_pre_req"": ""10"", ""buy_5th_pre_req_pre"": ""0"", ""buy_6th_pre_bid"": ""-117000"", ""buy_6th_pre_req"": ""32"", ""buy_6th_pre_req_pre"": ""0"", ""buy_7th_pre_bid"": ""-116900"", ""buy_7th_pre_req"": ""146"", ""buy_7th_pre_req_pre"": ""0"", ""buy_8th_pre_bid"": ""-116800"", ""buy_8th_pre_req"": ""38"", ""buy_8th_pre_req_pre"": ""0"", ""buy_9th_pre_bid"": ""-116700"", ""buy_9th_pre_req"": ""31"", ""buy_9th_pre_req_pre"": ""0"", ""buy_10th_pre_bid"": ""-116600"", ""buy_10th_pre_req"": ""59"", ""buy_10th_pre_req_pre"": ""0"", ""tot_sel_req_jub_pre"": ""0"", ""tot_sel_req"": ""1629"", ""tot_buy_req"": ""687"", ""tot_buy_req_jub_pre"": ""+1"", ""ovt_sel_req_pre"": ""0"", ""ovt_sel_req"": ""0"", ""ovt_buy_req"": ""0"", ""ovt_buy_req_pre"": ""0"", ""return_code"": 0, ""return_msg"": ""정상적으로 처리되었습니다""}"
2026-06-10,scan_candidate,000815,,0,main_scan,400000,,400000,399000,400000,399500,-0.25,0.25,,,,,,"{""bid_req_base_tm"": ""103912"", ""sel_10th_pre_req_pre"": ""0"", ""sel_10th_pre_req"": ""122"", ""sel_10th_pre_bid"": ""-406000"", ""sel_9th_pre_req_pre"": ""0"", ""sel_9th_pre_req"": ""74"", ""sel_9th_pre_bid"": ""-405500"", ""sel_8th_pre_req_pre"": ""0"", ""sel_8th_pre_req"": ""112"", ""sel_8th_pre_bid"": ""-405000"", ""sel_7th_pre_req_pre"": ""0"", ""sel_7th_pre_req"": ""161"", ""sel_7th_pre_bid"": ""-404500"", ""sel_6th_pre_req_pre"": ""0"", ""sel_6th_pre_req"": ""134"", ""sel_6th_pre_bid"": ""-404000"", ""sel_5th_pre_req_pre"": ""0"", ""sel_5th_pre_req"": ""13"", ""sel_5th_pre_bid"": ""-403500"", ""sel_4th_pre_req_pre"": ""0"", ""sel_4th_pre_req"": ""44"", ""sel_4th_pre_bid"": ""-403000"", ""sel_3th_pre_req_pre"": ""0"", ""sel_3th_pre_req"": ""56"", ""sel_3th_pre_bid"": ""-401500"", ""sel_2th_pre_req_pre"": ""0"", ""sel_2th_pre_req"": ""10"", ""sel_2th_pre_bid"": ""-401000"", ""sel_1th_pre_req_pre"": ""0"", ""sel_fpr_req"": ""80"", ""sel_fpr_bid"": ""-400000"", ""buy_fpr_bid"": ""-399000"", ""buy_fpr_req"": ""17"", ""buy_1th_pre_req_pre"": ""+1"", ""buy_2th_pre_bid"": ""-398500"", ""buy_2th_pre_req"": ""131"", ""buy_2th_pre_req_pre"": ""--1"", ""buy_3th_pre_bid"": ""-398000"", ""buy_3th_pre_req"": ""105"", ""buy_3th_pre_req_pre"": ""0"", ""buy_4th_pre_bid"": ""-397500"", ""buy_4th_pre_req"": ""149"", ""buy_4th_pre_req_pre"": ""0"", ""buy_5th_pre_bid"": ""-397000"", ""buy_5th_pre_req"": ""61"", ""buy_5th_pre_req_pre"": ""0"", ""buy_6th_pre_bid"": ""-396500"", ""buy_6th_pre_req"": ""14"", ""buy_6th_pre_req_pre"": ""0"", ""buy_7th_pre_bid"": ""-396000"", ""buy_7th_pre_req"": ""23"", ""buy_7th_pre_req_pre"": ""0"", ""buy_8th_pre_bid"": ""-395500"", ""buy_8th_pre_req"": ""9"", ""buy_8th_pre_req_pre"": ""0"", ""buy_9th_pre_bid"": ""-395000"", ""buy_9th_pre_req"": ""61"", ""buy_9th_pre_req_pre"": ""0"", ""buy_10th_pre_bid"": ""-394500"", ""buy_10th_pre_req"": ""12"", ""buy_10th_pre_req_pre"": ""0"", ""tot_sel_req_jub_pre"": ""0"", ""tot_sel_req"": ""806"", ""tot_buy_req"": ""582"", ""tot_buy_req_jub_pre"": ""0"", ""ovt_sel_req_pre"": ""0"", ""ovt_sel_req"": ""0"", ""ovt_buy_req"": ""0"", ""ovt_buy_req_pre"": ""0"", ""return_code"": 0, ""return_msg"": ""정상적으로 처리되었습니다""}"
2026-06-10,scan_candidate,499790,,0,main_scan,51000,,51000,50800,51000,50400,-1.3725490196078431,0.39215686274509803,,,,,,"{""bid_req_base_tm"": ""103917"", ""sel_10th_pre_req_pre"": ""0"", ""sel_10th_pre_req"": ""319"", ""sel_10th_pre_bid"": ""+51900"", ""sel_9th_pre_req_pre"": ""0"", ""sel_9th_pre_req"": ""21"", ""sel_9th_pre_bid"": ""+51800"", ""sel_8th_pre_req_pre"": ""0"", ""sel_8th_pre_req"": ""438"", ""sel_8th_pre_bid"": ""+51700"", ""sel_7th_pre_req_pre"": ""0"", ""sel_7th_pre_req"": ""102"", ""sel_7th_pre_bid"": ""+51600"", ""sel_6th_pre_req_pre"": ""0"", ""sel_6th_pre_req"": ""418"", ""sel_6th_pre_bid"": ""+51500"", ""sel_5th_pre_req_pre"": ""0"", ""sel_5th_pre_req"": ""396"", ""sel_5th_pre_bid"": ""+51400"", ""sel_4th_pre_req_pre"": ""0"", ""sel_4th_pre_req"": ""308"", ""sel_4th_pre_bid"": ""+51300"", ""sel_3th_pre_req_pre"": ""0"", ""sel_3th_pre_req"": ""1206"", ""sel_3th_pre_bid"": ""+51200"", ""sel_2th_pre_req_pre"": ""0"", ""sel_2th_pre_req"": ""1030"", ""sel_2th_pre_bid"": ""+51100"", ""sel_1th_pre_req_pre"": ""0"", ""sel_fpr_req"": ""85"", ""sel_fpr_bid"": ""+51000"", ""buy_fpr_bid"": ""+50800"", ""buy_fpr_req"": ""33"", ""buy_1th_pre_req_pre"": ""0"", ""buy_2th_pre_bid"": ""+50700"", ""buy_2th_pre_req"": ""560"", ""buy_2th_pre_req_pre"": ""0"", ""buy_3th_pre_bid"": ""+50600"", ""buy_3th_pre_req"": ""1"", ""buy_3th_pre_req_pre"": ""0"", ""buy_4th_pre_bid"": ""+50500"", ""buy_4th_pre_req"": ""106"", ""buy_4th_pre_req_pre"": ""+4"", ""buy_5th_pre_bid"": ""+50300"", ""buy_5th_pre_req"": ""47"", ""buy_5th_pre_req_pre"": ""0"", ""buy_6th_pre_bid"": ""+50100"", ""buy_6th_pre_req"": ""36"", ""buy_6th_pre_req_pre"": ""0"", ""buy_7th_pre_bid"": ""+50000"", ""buy_7th_pre_req"": ""26"", ""buy_7th_pre_req_pre"": ""0"", ""buy_8th_pre_bid"": ""+49950"", ""buy_8th_pre_req"": ""22"", ""buy_8th_pre_req_pre"": ""0"", ""buy_9th_pre_bid"": ""+49900"", ""buy_9th_pre_req"": ""124"", ""buy_9th_pre_req_pre"": ""0"", ""buy_10th_pre_bid"": ""+49850"", ""buy_10th_pre_req"": ""7"", ""buy_10th_pre_req_pre"": ""0"", ""tot_sel_req_jub_pre"": ""0"", ""tot_sel_req"": ""4323"", ""tot_buy_req"": ""962"", ""tot_buy_req_jub_pre"": ""+4"", ""ovt_sel_req_pre"": ""0"", ""ovt_sel_req"": ""0"", ""ovt_buy_req"": ""0"", ""ovt_buy_req_pre"": ""0"", ""return_code"": 0, ""return_msg"": ""정상적으로 처리되었습니다""}"
2026-06-10,scan_candidate,100090,,0,main_scan,16510,,16510,16490,16510,16500,-0.36341611144760755,0.12113870381586916,,,,,,"{""bid_req_base_tm"": ""103918"", ""sel_10th_pre_req_pre"": ""0"", ""sel_10th_pre_req"": ""321"", ""sel_10th_pre_bid"": ""+16600"", ""sel_9th_pre_req_pre"": ""0"", ""sel_9th_pre_req"": ""453"", ""sel_9th_pre_bid"": ""+16590"", ""sel_8th_pre_req_pre"": ""0"", ""sel_8th_pre_req"": ""171"", ""sel_8th_pre_bid"": ""+16580"", ""sel_7th_pre_req_pre"": ""0"", ""sel_7th_pre_req"": ""243"", ""sel_7th_pre_bid"": ""+16570"", ""sel_6th_pre_req_pre"": ""0"", ""sel_6th_pre_req"": ""240"", ""sel_6th_pre_bid"": ""+16560"", ""sel_5th_pre_req_pre"": ""0"", ""sel_5th_pre_req"": ""353"", ""sel_5th_pre_bid"": ""+16550"", ""sel_4th_pre_req_pre"": ""0"", ""sel_4th_pre_req"": ""108"", ""sel_4th_pre_bid"": ""+16540"", ""sel_3th_pre_req_pre"": ""0"", ""sel_3th_pre_req"": ""98"", ""sel_3th_pre_bid"": ""+16530"", ""sel_2th_pre_req_pre"": ""0"", ""sel_2th_pre_req"": ""672"", ""sel_2th_pre_bid"": ""+16520"", ""sel_1th_pre_req_pre"": ""0"", ""sel_fpr_req"": ""673"", ""sel_fpr_bid"": ""+16510"", ""buy_fpr_bid"": ""+16490"", ""buy_fpr_req"": ""318"", ""buy_1th_pre_req_pre"": ""0"", ""buy_2th_pre_bid"": ""+16480"", ""buy_2th_pre_req"": ""193"", ""buy_2th_pre_req_pre"": ""0"", ""buy_3th_pre_bid"": ""+16470"", ""buy_3th_pre_req"": ""64"", ""buy_3th_pre_req_pre"": ""0"", ""buy_4th_pre_bid"": ""+16460"", ""buy_4th_pre_req"": ""20"", ""buy_4th_pre_req_pre"": ""0"", ""buy_5th_pre_bid"": ""+16450"", ""buy_5th_pre_req"": ""162"", ""buy_5th_pre_req_pre"": ""0"", ""buy_6th_pre_bid"": ""+16440"", ""buy_6th_pre_req"": ""32"", ""buy_6th_pre_req_pre"": ""0"", ""buy_7th_pre_bid"": ""+16430"", ""buy_7th_pre_req"": ""188"", ""buy_7th_pre_req_pre"": ""0"", ""buy_8th_pre_bid"": ""+16420"", ""buy_8th_pre_req"": ""600"", ""buy_8th_pre_req_pre"": ""0"", ""buy_9th_pre_bid"": ""+16410"", ""buy_9th_pre_req"": ""1458"", ""buy_9th_pre_req_pre"": ""0"", ""buy_10th_pre_bid"": ""+16400"", ""buy_10th_pre_req"": ""2381"", ""buy_10th_pre_req_pre"": ""0"", ""tot_sel_req_jub_pre"": ""+295"", ""tot_sel_req"": ""3332"", ""tot_buy_req"": ""5416"", ""tot_buy_req_jub_pre"": ""0"", ""ovt_sel_req_pre"": ""0"", ""ovt_sel_req"": ""0"", ""ovt_buy_req"": ""0"", ""ovt_buy_req_pre"": ""0"", ""return_code"": 0, ""return_msg"": ""정상적으로 처리되었습니다""}"
2026-06-10,scan_candidate,003160,,0,main_scan,28950,,28950,28850,28950,28650,-1.2089810017271159,0.3454231433506045,,,,,,"{""bid_req_base_tm"": ""103918"", ""sel_10th_pre_req_pre"": ""0"", ""sel_10th_pre_req"": ""2048"", ""sel_10th_pre_bid"": ""+29400"", ""sel_9th_pre_req_pre"": ""0"", ""sel_9th_pre_req"": ""183"", ""sel_9th_pre_bid"": ""+29350"", ""sel_8th_pre_req_pre"": ""0"", ""sel_8th_pre_req"": ""3121"", ""sel_8th_pre_bid"": ""+29300"", ""sel_7th_pre_req_pre"": ""0"", ""sel_7th_pre_req"": ""341"", ""sel_7th_pre_bid"": ""+29250"", ""sel_6th_pre_req_pre"": ""0"", ""sel_6th_pre_req"": ""1012"", ""sel_6th_pre_bid"": ""+29200"", ""sel_5th_pre_req_pre"": ""0"", ""sel_5th_pre_req"": ""37"", ""sel_5th_pre_bid"": ""+29150"", ""sel_4th_pre_req_pre"": ""0"", ""sel_4th_pre_req"": ""221"", ""sel_4th_pre_bid"": ""+29100"", ""sel_3th_pre_req_pre"": ""0"", ""sel_3th_pre_req"": ""69"", ""sel_3th_pre_bid"": ""+29050"", ""sel_2th_pre_req_pre"": ""0"", ""sel_2th_pre_req"": ""1330"", ""sel_2th_pre_bid"": ""+29000"", ""sel_1th_pre_req_pre"": ""--10"", ""sel_fpr_req"": ""3504"", ""sel_fpr_bid"": ""+28950"", ""buy_fpr_bid"": ""+28850"", ""buy_fpr_req"": ""61"", ""buy_1th_pre_req_pre"": ""0"", ""buy_2th_pre_bid"": ""+28800"", ""buy_2th_pre_req"": ""253"", ""buy_2th_pre_req_pre"": ""0"", ""buy_3th_pre_bid"": ""+28750"", ""buy_3th_pre_req"": ""331"", ""buy_3th_pre_req_pre"": ""0"", ""buy_4th_pre_bid"": ""+28700"", ""buy_4th_pre_req"": ""68"", ""buy_4th_pre_req_pre"": ""0"", ""buy_5th_pre_bid"": ""+28650"", ""buy_5th_pre_req"": ""109"", ""buy_5th_pre_req_pre"": ""0"", ""buy_6th_pre_bid"": ""+28600"", ""buy_6th_pre_req"": ""10"", ""buy_6th_pre_req_pre"": ""0"", ""buy_7th_pre_bid"": ""+28500"", ""buy_7th_pre_req"": ""64"", ""buy_7th_pre_req_pre"": ""0"", ""buy_8th_pre_bid"": ""+28450"", ""buy_8th_pre_req"": ""241"", ""buy_8th_pre_req_pre"": ""0"", ""buy_9th_pre_bid"": ""+28400"", ""buy_9th_pre_req"": ""5"", ""buy_9th_pre_req_pre"": ""0"", ""buy_10th_pre_bid"": ""+28350"", ""buy_10th_pre_req"": ""10"", ""buy_10th_pre_req_pre"": ""0"", ""tot_sel_req_jub_pre"": ""--10"", ""tot_sel_req"": ""11866"", ""tot_buy_req"": ""1152"", ""tot_buy_req_jub_pre"": ""0"", ""ovt_sel_req_pre"": ""0"", ""ovt_sel_req"": ""0"", ""ovt_buy_req"": ""0"", ""ovt_buy_req_pre"": ""0"", ""return_code"": 0, ""return_msg"": ""정상적으로 처리되었습니다""}"
2026-06-10,scan_candidate,000370,,0,main_scan,6540,,6540,6530,6540,6490,-0.9174311926605505,0.1529051987767584,,,,,,"{""bid_req_base_tm"": ""103919"", ""sel_10th_pre_req_pre"": ""0"", ""sel_10th_pre_req"": ""1041"", ""sel_10th_pre_bid"": ""+6630"", ""sel_9th_pre_req_pre"": ""0"", ""sel_9th_pre_req"": ""940"", ""sel_9th_pre_bid"": ""+6620"", ""sel_8th_pre_req_pre"": ""0"", ""sel_8th_pre_req"": ""1003"", ""sel_8th_pre_bid"": ""+6610"", ""sel_7th_pre_req_pre"": ""0"", ""sel_7th_pre_req"": ""232"", ""sel_7th_pre_bid"": ""+6600"", ""sel_6th_pre_req_pre"": ""0"", ""sel_6th_pre_req"": ""600"", ""sel_6th_pre_bid"": ""+6590"", ""sel_5th_pre_req_pre"": ""0"", ""sel_5th_pre_req"": ""955"", ""sel_5th_pre_bid"": ""+6580"", ""sel_4th_pre_req_pre"": ""0"", ""sel_4th_pre_req"": ""751"", ""sel_4th_pre_bid"": ""+6570"", ""sel_3th_pre_req_pre"": ""0"", ""sel_3th_pre_req"": ""389"", ""sel_3th_pre_bid"": ""+6560"", ""sel_2th_pre_req_pre"": ""--156"", ""sel_2th_pre_req"": ""5731"", ""sel_2th_pre_bid"": ""+6550"", ""sel_1th_pre_req_pre"": ""+157"", ""sel_fpr_req"": ""959"", ""sel_fpr_bid"": ""+6540"", ""buy_fpr_bid"": ""+6530"", ""buy_fpr_req"": ""198"", ""buy_1th_pre_req_pre"": ""0"", ""buy_2th_pre_bid"": ""+6520"", ""buy_2th_pre_req"": ""521"", ""buy_2th_pre_req_pre"": ""0"", ""buy_3th_pre_bid"": ""+6510"", ""buy_3th_pre_req"": ""592"", ""buy_3th_pre_req_pre"": ""0"", ""buy_4th_pre_bid"": ""+6500"", ""buy_4th_pre_req"": ""1235"", ""buy_4th_pre_req_pre"": ""0"", ""buy_5th_pre_bid"": ""+6490"", ""buy_5th_pre_req"": ""249"", ""buy_5th_pre_req_pre"": ""0"", ""buy_6th_pre_bid"": ""+6480"", ""buy_6th_pre_req"": ""173"", ""buy_6th_pre_req_pre"": ""0"", ""buy_7th_pre_bid"": ""+6470"", ""buy_7th_pre_req"": ""18"", ""buy_7th_pre_req_pre"": ""0"", ""buy_8th_pre_bid"": ""+6460"", ""buy_8th_pre_req"": ""8"", ""buy_8th_pre_req_pre"": ""0"", ""buy_9th_pre_bid"": ""6450"", ""buy_9th_pre_req"": ""440"", ""buy_9th_pre_req_pre"": ""0"", ""buy_10th_pre_bid"": ""-6440"", ""buy_10th_pre_req"": ""30"", ""buy_10th_pre_req_pre"": ""0"", ""tot_sel_req_jub_pre"": ""+1"", ""tot_sel_req"": ""12601"", ""tot_buy_req"": ""3464"", ""tot_buy_req_jub_pre"": ""0"", ""ovt_sel_req_pre"": ""0"", ""ovt_sel_req"": ""0"", ""ovt_buy_req"": ""0"", ""ovt_buy_req_pre"": ""0"", ""return_code"": 0, ""return_msg"": ""정상적으로 처리되었습니다""}"
2026-06-10,scan_candidate,114090,,0,main_scan,12070,,12070,12060,12070,12000,-0.9942004971002486,0.08285004142502071,,,,,,"{""bid_req_base_tm"": ""103918"", ""sel_10th_pre_req_pre"": ""0"", ""sel_10th_pre_req"": ""507"", ""sel_10th_pre_bid"": ""+12200"", ""sel_9th_pre_req_pre"": ""0"", ""sel_9th_pre_req"": ""349"", ""sel_9th_pre_bid"": ""+12190"", ""sel_8th_pre_req_pre"": ""0"", ""sel_8th_pre_req"": ""311"", ""sel_8th_pre_bid"": ""+12180"", ""sel_7th_pre_req_pre"": ""0"", ""sel_7th_pre_req"": ""12"", ""sel_7th_pre_bid"": ""+12170"", ""sel_6th_pre_req_pre"": ""0"", ""sel_6th_pre_req"": ""1069"", ""sel_6th_pre_bid"": ""+12150"", ""sel_5th_pre_req_pre"": ""0"", ""sel_5th_pre_req"": ""82"", ""sel_5th_pre_bid"": ""+12140"", ""sel_4th_pre_req_pre"": ""0"", ""sel_4th_pre_req"": ""469"", ""sel_4th_pre_bid"": ""+12130"", ""sel_3th_pre_req_pre"": ""0"", ""sel_3th_pre_req"": ""55"", ""sel_3th_pre_bid"": ""+12120"", ""sel_2th_pre_req_pre"": ""0"", ""sel_2th_pre_req"": ""1957"", ""sel_2th_pre_bid"": ""+12110"", ""sel_1th_pre_req_pre"": ""+166"", ""sel_fpr_req"": ""216"", ""sel_fpr_bid"": ""+12070"", ""buy_fpr_bid"": ""+12060"", ""buy_fpr_req"": ""16"", ""buy_1th_pre_req_pre"": ""0"", ""buy_2th_pre_bid"": ""+12040"", ""buy_2th_pre_req"": ""174"", ""buy_2th_pre_req_pre"": ""0"", ""buy_3th_pre_bid"": ""+12030"", ""buy_3th_pre_req"": ""535"", ""buy_3th_pre_req_pre"": ""+167"", ""buy_4th_pre_bid"": ""+12020"", ""buy_4th_pre_req"": ""73"", ""buy_4th_pre_req_pre"": ""0"", ""buy_5th_pre_bid"": ""+12000"", ""buy_5th_pre_req"": ""70"", ""buy_5th_pre_req_pre"": ""0"", ""buy_6th_pre_bid"": ""+11990"", ""buy_6th_pre_req"": ""71"", ""buy_6th_pre_req_pre"": ""0"", ""buy_7th_pre_bid"": ""+11980"", ""buy_7th_pre_req"": ""189"", ""buy_7th_pre_req_pre"": ""0"", ""buy_8th_pre_bid"": ""+11970"", ""buy_8th_pre_req"": ""63"", ""buy_8th_pre_req_pre"": ""0"", ""buy_9th_pre_bid"": ""11950"", ""buy_9th_pre_req"": ""351"", ""buy_9th_pre_req_pre"": ""0"", ""buy_10th_pre_bid"": ""-11900"", ""buy_10th_pre_req"": ""97"", ""buy_10th_pre_req_pre"": ""0"", ""tot_sel_req_jub_pre"": ""+166"", ""tot_sel_req"": ""5027"", ""tot_buy_req"": ""1639"", ""tot_buy_req_jub_pre"": ""+167"", ""ovt_sel_req_pre"": ""0"", ""ovt_sel_req"": ""0"", ""ovt_buy_req"": ""0"", ""ovt_buy_req_pre"": ""0"", ""return_code"": 0, ""return_msg"": ""정상적으로 처리되었습니다""}"
2026-06-10,scan_candidate,005090,,0,main_scan,52700,,52700,52400,52700,52300,-0.9487666034155597,0.5692599620493358,,,,,,"{""bid_req_base_tm"": ""103919"", ""sel_10th_pre_req_pre"": ""0"", ""sel_10th_pre_req"": ""1"", ""sel_10th_pre_bid"": ""+53700"", ""sel_9th_pre_req_pre"": ""0"", ""sel_9th_pre_req"": ""71"", ""sel_9th_pre_bid"": ""+53600"", ""sel_8th_pre_req_pre"": ""0"", ""sel_8th_pre_req"": ""17"", ""sel_8th_pre_bid"": ""+53500"", ""sel_7th_pre_req_pre"": ""0"", ""sel_7th_pre_req"": ""610"", ""sel_7th_pre_bid"": ""+53400"", ""sel_6th_pre_req_pre"": ""0"", ""sel_6th_pre_req"": ""99"", ""sel_6th_pre_bid"": ""+53200"", ""sel_5th_pre_req_pre"": ""0"", ""sel_5th_pre_req"": ""68"", ""sel_5th_pre_bid"": ""+53100"", ""sel_4th_pre_req_pre"": ""0"", ""sel_4th_pre_req"": ""62"", ""sel_4th_pre_bid"": ""+53000"", ""sel_3th_pre_req_pre"": ""0"", ""sel_3th_pre_req"": ""8"", ""sel_3th_pre_bid"": ""+52900"", ""sel_2th_pre_req_pre"": ""0"", ""sel_2th_pre_req"": ""62"", ""sel_2th_pre_bid"": ""+52800"", ""sel_1th_pre_req_pre"": ""0"", ""sel_fpr_req"": ""38"", ""sel_fpr_bid"": ""+52700"", ""buy_fpr_bid"": ""+52400"", ""buy_fpr_req"": ""282"", ""buy_1th_pre_req_pre"": ""--8"", ""buy_2th_pre_bid"": ""+52300"", ""buy_2th_pre_req"": ""121"", ""buy_2th_pre_req_pre"": ""0"", ""buy_3th_pre_bid"": ""+52200"", ""buy_3th_pre_req"": ""92"", ""buy_3th_pre_req_pre"": ""0"", ""buy_4th_pre_bid"": ""+52000"", ""buy_4th_pre_req"": ""38"", ""buy_4th_pre_req_pre"": ""0"", ""buy_5th_pre_bid"": ""+51600"", ""buy_5th_pre_req"": ""137"", ""buy_5th_pre_req_pre"": ""0"", ""buy_6th_pre_bid"": ""+51500"", ""buy_6th_pre_req"": ""40"", ""buy_6th_pre_req_pre"": ""0"", ""buy_7th_pre_bid"": ""+51400"", ""buy_7th_pre_req"": ""6"", ""buy_7th_pre_req_pre"": ""0"", ""buy_8th_pre_bid"": ""+51300"", ""buy_8th_pre_req"": ""103"", ""buy_8th_pre_req_pre"": ""0"", ""buy_9th_pre_bid"": ""+51100"", ""buy_9th_pre_req"": ""100"", ""buy_9th_pre_req_pre"": ""0"", ""buy_10th_pre_bid"": ""+51000"", ""buy_10th_pre_req"": ""366"", ""buy_10th_pre_req_pre"": ""0"", ""tot_sel_req_jub_pre"": ""0"", ""tot_sel_req"": ""1036"", ""tot_buy_req"": ""1285"", ""tot_buy_req_jub_pre"": ""--8"", ""ovt_sel_req_pre"": ""0"", ""ovt_sel_req"": ""0"", ""ovt_buy_req"": ""0"", ""ovt_buy_req_pre"": ""0"", ""return_code"": 0, ""return_msg"": ""정상적으로 처리되었습니다""}"
2026-06-10,scan_candidate,017900,,0,main_scan,9690,,9690,9670,9690,9720,0.20639834881320948,0.20639834881320948,,,,,,"{""bid_req_base_tm"": ""103919"", ""sel_10th_pre_req_pre"": ""0"", ""sel_10th_pre_req"": ""350"", ""sel_10th_pre_bid"": ""+9810"", ""sel_9th_pre_req_pre"": ""0"", ""sel_9th_pre_req"": ""5326"", ""sel_9th_pre_bid"": ""+9800"", ""sel_8th_pre_req_pre"": ""0"", ""sel_8th_pre_req"": ""691"", ""sel_8th_pre_bid"": ""+9790"", ""sel_7th_pre_req_pre"": ""0"", ""sel_7th_pre_req"": ""66"", ""sel_7th_pre_bid"": ""+9780"", ""sel_6th_pre_req_pre"": ""0"", ""sel_6th_pre_req"": ""243"", ""sel_6th_pre_bid"": ""+9760"", ""sel_5th_pre_req_pre"": ""0"", ""sel_5th_pre_req"": ""19"", ""sel_5th_pre_bid"": ""+9750"", ""sel_4th_pre_req_pre"": ""0"", ""sel_4th_pre_req"": ""53"", ""sel_4th_pre_bid"": ""+9730"", ""sel_3th_pre_req_pre"": ""0"", ""sel_3th_pre_req"": ""50"", ""sel_3th_pre_bid"": ""+9710"", ""sel_2th_pre_req_pre"": ""0"", ""sel_2th_pre_req"": ""30"", ""sel_2th_pre_bid"": ""+9700"", ""sel_1th_pre_req_pre"": ""0"", ""sel_fpr_req"": ""501"", ""sel_fpr_bid"": ""+9690"", ""buy_fpr_bid"": ""+9670"", ""buy_fpr_req"": ""1411"", ""buy_1th_pre_req_pre"": ""0"", ""buy_2th_pre_bid"": ""+9660"", ""buy_2th_pre_req"": ""688"", ""buy_2th_pre_req_pre"": ""+50"", ""buy_3th_pre_bid"": ""+9650"", ""buy_3th_pre_req"": ""5024"", ""buy_3th_pre_req_pre"": ""0"", ""buy_4th_pre_bid"": ""+9640"", ""buy_4th_pre_req"": ""350"", ""buy_4th_pre_req_pre"": ""0"", ""buy_5th_pre_bid"": ""+9630"", ""buy_5th_pre_req"": ""105"", ""buy_5th_pre_req_pre"": ""0"", ""buy_6th_pre_bid"": ""+9620"", ""buy_6th_pre_req"": ""1806"", ""buy_6th_pre_req_pre"": ""0"", ""buy_7th_pre_bid"": ""+9610"", ""buy_7th_pre_req"": ""1102"", ""buy_7th_pre_req_pre"": ""0"", ""buy_8th_pre_bid"": ""+9600"", ""buy_8th_pre_req"": ""4087"", ""buy_8th_pre_req_pre"": ""0"", ""buy_9th_pre_bid"": ""+9590"", ""buy_9th_pre_req"": ""1919"", ""buy_9th_pre_req_pre"": ""0"", ""buy_10th_pre_bid"": ""+9580"", ""buy_10th_pre_req"": ""2830"", ""buy_10th_pre_req_pre"": ""0"", ""tot_sel_req_jub_pre"": ""0"", ""tot_sel_req"": ""7329"", ""tot_buy_req"": ""19322"", ""tot_buy_req_jub_pre"": ""+50"", ""ovt_sel_req_pre"": ""0"", ""ovt_sel_req"": ""0"", ""ovt_buy_req"": ""0"", ""ovt_buy_req_pre"": ""0"", ""return_code"": 0, ""return_msg"": ""정상적으로 처리되었습니다""}"
2026-06-10,scan_candidate,004710,,0,main_scan,11180,,11180,11120,11180,11150,-0.7155635062611807,0.5366726296958855,,,,,,"{""bid_req_base_tm"": ""103919"", ""sel_10th_pre_req_pre"": ""0"", ""sel_10th_pre_req"": ""182"", ""sel_10th_pre_bid"": ""+11270"", ""sel_9th_pre_req_pre"": ""0"", ""sel_9th_pre_req"": ""1539"", ""sel_9th_pre_bid"": ""+11260"", ""sel_8th_pre_req_pre"": ""0"", ""sel_8th_pre_req"": ""714"", ""sel_8th_pre_bid"": ""+11250"", ""sel_7th_pre_req_pre"": ""0"", ""sel_7th_pre_req"": ""304"", ""sel_7th_pre_bid"": ""+11240"", ""sel_6th_pre_req_pre"": ""0"", ""sel_6th_pre_req"": ""172"", ""sel_6th_pre_bid"": ""+11230"", ""sel_5th_pre_req_pre"": ""0"", ""sel_5th_pre_req"": ""304"", ""sel_5th_pre_bid"": ""+11220"", ""sel_4th_pre_req_pre"": ""0"", ""sel_4th_pre_req"": ""100"", ""sel_4th_pre_bid"": ""+11210"", ""sel_3th_pre_req_pre"": ""0"", ""sel_3th_pre_req"": ""371"", ""sel_3th_pre_bid"": ""+11200"", ""sel_2th_pre_req_pre"": ""0"", ""sel_2th_pre_req"": ""500"", ""sel_2th_pre_bid"": ""+11190"", ""sel_1th_pre_req_pre"": ""0"", ""sel_fpr_req"": ""170"", ""sel_fpr_bid"": ""+11180"", ""buy_fpr_bid"": ""+11120"", ""buy_fpr_req"": ""232"", ""buy_1th_pre_req_pre"": ""0"", ""buy_2th_pre_bid"": ""+11110"", ""buy_2th_pre_req"": ""2864"", ""buy_2th_pre_req_pre"": ""0"", ""buy_3th_pre_bid"": ""+11100"", ""buy_3th_pre_req"": ""121"", ""buy_3th_pre_req_pre"": ""0"", ""buy_4th_pre_bid"": ""+11090"", ""buy_4th_pre_req"": ""71"", ""buy_4th_pre_req_pre"": ""0"", ""buy_5th_pre_bid"": ""+11080"", ""buy_5th_pre_req"": ""163"", ""buy_5th_pre_req_pre"": ""0"", ""buy_6th_pre_bid"": ""+11060"", ""buy_6th_pre_req"": ""8"", ""buy_6th_pre_req_pre"": ""0"", ""buy_7th_pre_bid"": ""+11050"", ""buy_7th_pre_req"": ""813"", ""buy_7th_pre_req_pre"": ""+668"", ""buy_8th_pre_bid"": ""+11040"", ""buy_8th_pre_req"": ""3045"", ""buy_8th_pre_req_pre"": ""0"", ""buy_9th_pre_bid"": ""+11020"", ""buy_9th_pre_req"": ""1427"", ""buy_9th_pre_req_pre"": ""0"", ""buy_10th_pre_bid"": ""+11010"", ""buy_10th_pre_req"": ""206"", ""buy_10th_pre_req_pre"": ""0"", ""tot_sel_req_jub_pre"": ""0"", ""tot_sel_req"": ""4356"", ""tot_buy_req"": ""8950"", ""tot_buy_req_jub_pre"": ""+668"", ""ovt_sel_req_pre"": ""0"", ""ovt_sel_req"": ""0"", ""ovt_buy_req"": ""0"", ""ovt_buy_req_pre"": ""0"", ""return_code"": 0, ""return_msg"": ""정상적으로 처리되었습니다""}"
2026-06-10,scan_candidate,006220,,0,main_scan,11260,,11260,11250,11260,11250,-0.5328596802841918,0.08880994671403197,,,,,,"{""bid_req_base_tm"": ""103919"", ""sel_10th_pre_req_pre"": ""0"", ""sel_10th_pre_req"": ""498"", ""sel_10th_pre_bid"": ""+11350"", ""sel_9th_pre_req_pre"": ""0"", ""sel_9th_pre_req"": ""25"", ""sel_9th_pre_bid"": ""+11340"", ""sel_8th_pre_req_pre"": ""0"", ""sel_8th_pre_req"": ""17"", ""sel_8th_pre_bid"": ""+11330"", ""sel_7th_pre_req_pre"": ""0"", ""sel_7th_pre_req"": ""1"", ""sel_7th_pre_bid"": ""+11320"", ""sel_6th_pre_req_pre"": ""0"", ""sel_6th_pre_req"": ""92"", ""sel_6th_pre_bid"": ""+11310"", ""sel_5th_pre_req_pre"": ""0"", ""sel_5th_pre_req"": ""1"", ""sel_5th_pre_bid"": ""+11300"", ""sel_4th_pre_req_pre"": ""0"", ""sel_4th_pre_req"": ""1189"", ""sel_4th_pre_bid"": ""+11290"", ""sel_3th_pre_req_pre"": ""0"", ""sel_3th_pre_req"": ""43"", ""sel_3th_pre_bid"": ""+11280"", ""sel_2th_pre_req_pre"": ""0"", ""sel_2th_pre_req"": ""1"", ""sel_2th_pre_bid"": ""+11270"", ""sel_1th_pre_req_pre"": ""0"", ""sel_fpr_req"": ""82"", ""sel_fpr_bid"": ""+11260"", ""buy_fpr_bid"": ""+11250"", ""buy_fpr_req"": ""694"", ""buy_1th_pre_req_pre"": ""--210"", ""buy_2th_pre_bid"": ""+11240"", ""buy_2th_pre_req"": ""1007"", ""buy_2th_pre_req_pre"": ""0"", ""buy_3th_pre_bid"": ""+11230"", ""buy_3th_pre_req"": ""397"", ""buy_3th_pre_req_pre"": ""0"", ""buy_4th_pre_bid"": ""+11220"", ""buy_4th_pre_req"": ""2244"", ""buy_4th_pre_req_pre"": ""0"", ""buy_5th_pre_bid"": ""+11210"", ""buy_5th_pre_req"": ""167"", ""buy_5th_pre_req_pre"": ""0"", ""buy_6th_pre_bid"": ""+11200"", ""buy_6th_pre_req"": ""1329"", ""buy_6th_pre_req_pre"": ""0"", ""buy_7th_pre_bid"": ""+11190"", ""buy_7th_pre_req"": ""409"", ""buy_7th_pre_req_pre"": ""0"", ""buy_8th_pre_bid"": ""+11180"", ""buy_8th_pre_req"": ""2538"", ""buy_8th_pre_req_pre"": ""0"", ""buy_9th_pre_bid"": ""+11170"", ""buy_9th_pre_req"": ""369"", ""buy_9th_pre_req_pre"": ""0"", ""buy_10th_pre_bid"": ""+11160"", ""buy_10th_pre_req"": ""3448"", ""buy_10th_pre_req_pre"": ""0"", ""tot_sel_req_jub_pre"": ""0"", ""tot_sel_req"": ""1949"", ""tot_buy_req"": ""12602"", ""tot_buy_req_jub_pre"": ""--210"", ""ovt_sel_req_pre"": ""0"", ""ovt_sel_req"": ""0"", ""ovt_buy_req"": ""0"", ""ovt_buy_req_pre"": ""0"", ""return_code"": 0, ""return_msg"": ""정상적으로 처리되었습니다""}"
2026-06-10,scan_candidate,092200,,0,main_scan,9820,,9820,9800,9820,9840,0.10183299389002036,0.20366598778004072,,,,,,"{""bid_req_base_tm"": ""103919"", ""sel_10th_pre_req_pre"": ""0"", ""sel_10th_pre_req"": ""100"", ""sel_10th_pre_bid"": ""-9910"", ""sel_9th_pre_req_pre"": ""0"", ""sel_9th_pre_req"": ""937"", ""sel_9th_pre_bid"": ""-9900"", ""sel_8th_pre_req_pre"": ""0"", ""sel_8th_pre_req"": ""1056"", ""sel_8th_pre_bid"": ""-9890"", ""sel_7th_pre_req_pre"": ""0"", ""sel_7th_pre_req"": ""1225"", ""sel_7th_pre_bid"": ""-9880"", ""sel_6th_pre_req_pre"": ""0"", ""sel_6th_pre_req"": ""308"", ""sel_6th_pre_bid"": ""-9870"", ""sel_5th_pre_req_pre"": ""0"", ""sel_5th_pre_req"": ""129"", ""sel_5th_pre_bid"": ""-9860"", ""sel_4th_pre_req_pre"": ""0"", ""sel_4th_pre_req"": ""205"", ""sel_4th_pre_bid"": ""-9850"", ""sel_3th_pre_req_pre"": ""0"", ""sel_3th_pre_req"": ""91"", ""sel_3th_pre_bid"": ""-9840"", ""sel_2th_pre_req_pre"": ""0"", ""sel_2th_pre_req"": ""25"", ""sel_2th_pre_bid"": ""-9830"", ""sel_1th_pre_req_pre"": ""0"", ""sel_fpr_req"": ""426"", ""sel_fpr_bid"": ""-9820"", ""buy_fpr_bid"": ""-9800"", ""buy_fpr_req"": ""716"", ""buy_1th_pre_req_pre"": ""0"", ""buy_2th_pre_bid"": ""-9790"", ""buy_2th_pre_req"": ""3146"", ""buy_2th_pre_req_pre"": ""0"", ""buy_3th_pre_bid"": ""-9780"", ""buy_3th_pre_req"": ""2804"", ""buy_3th_pre_req_pre"": ""0"", ""buy_4th_pre_bid"": ""-9770"", ""buy_4th_pre_req"": ""1368"", ""buy_4th_pre_req_pre"": ""0"", ""buy_5th_pre_bid"": ""-9760"", ""buy_5th_pre_req"": ""2706"", ""buy_5th_pre_req_pre"": ""0"", ""buy_6th_pre_bid"": ""-9750"", ""buy_6th_pre_req"": ""1401"", ""buy_6th_pre_req_pre"": ""0"", ""buy_7th_pre_bid"": ""-9740"", ""buy_7th_pre_req"": ""2300"", ""buy_7th_pre_req_pre"": ""0"", ""buy_8th_pre_bid"": ""-9730"", ""buy_8th_pre_req"": ""614"", ""buy_8th_pre_req_pre"": ""0"", ""buy_9th_pre_bid"": ""-9720"", ""buy_9th_pre_req"": ""1775"", ""buy_9th_pre_req_pre"": ""0"", ""buy_10th_pre_bid"": ""-9710"", ""buy_10th_pre_req"": ""1264"", ""buy_10th_pre_req_pre"": ""+1"", ""tot_sel_req_jub_pre"": ""0"", ""tot_sel_req"": ""4502"", ""tot_buy_req"": ""18094"", ""tot_buy_req_jub_pre"": ""+1"", ""ovt_sel_req_pre"": ""0"", ""ovt_sel_req"": ""0"", ""ovt_buy_req"": ""0"", ""ovt_buy_req_pre"": ""0"", ""return_code"": 0, ""return_msg"": ""정상적으로 처리되었습니다""}"
2026-06-10,scan_candidate,010820,,0,main_scan,8250,,8250,8230,8250,8190,-0.8484848484848486,0.24242424242424243,,,,,,"{""bid_req_base_tm"": ""103920"", ""sel_10th_pre_req_pre"": ""0"", ""sel_10th_pre_req"": ""26"", ""sel_10th_pre_bid"": ""+8340"", ""sel_9th_pre_req_pre"": ""0"", ""sel_9th_pre_req"": ""739"", ""sel_9th_pre_bid"": ""+8330"", ""sel_8th_pre_req_pre"": ""0"", ""sel_8th_pre_req"": ""4240"", ""sel_8th_pre_bid"": ""+8320"", ""sel_7th_pre_req_pre"": ""0"", ""sel_7th_pre_req"": ""36"", ""sel_7th_pre_bid"": ""+8310"", ""sel_6th_pre_req_pre"": ""0"", ""sel_6th_pre_req"": ""18431"", ""sel_6th_pre_bid"": ""+8300"", ""sel_5th_pre_req_pre"": ""0"", ""sel_5th_pre_req"": ""1710"", ""sel_5th_pre_bid"": ""+8290"", ""sel_4th_pre_req_pre"": ""0"", ""sel_4th_pre_req"": ""646"", ""sel_4th_pre_bid"": ""+8280"", ""sel_3th_pre_req_pre"": ""0"", ""sel_3th_pre_req"": ""1079"", ""sel_3th_pre_bid"": ""+8270"", ""sel_2th_pre_req_pre"": ""0"", ""sel_2th_pre_req"": ""272"", ""sel_2th_pre_bid"": ""+8260"", ""sel_1th_pre_req_pre"": ""--122"", ""sel_fpr_req"": ""5056"", ""sel_fpr_bid"": ""+8250"", ""buy_fpr_bid"": ""+8230"", ""buy_fpr_req"": ""52"", ""buy_1th_pre_req_pre"": ""0"", ""buy_2th_pre_bid"": ""+8220"", ""buy_2th_pre_req"": ""398"", ""buy_2th_pre_req_pre"": ""+260"", ""buy_3th_pre_bid"": ""+8210"", ""buy_3th_pre_req"": ""1155"", ""buy_3th_pre_req_pre"": ""0"", ""buy_4th_pre_bid"": ""+8200"", ""buy_4th_pre_req"": ""743"", ""buy_4th_pre_req_pre"": ""0"", ""buy_5th_pre_bid"": ""+8170"", ""buy_5th_pre_req"": ""1002"", ""buy_5th_pre_req_pre"": ""0"", ""buy_6th_pre_bid"": ""+8160"", ""buy_6th_pre_req"": ""646"", ""buy_6th_pre_req_pre"": ""0"", ""buy_7th_pre_bid"": ""+8150"", ""buy_7th_pre_req"": ""285"", ""buy_7th_pre_req_pre"": ""0"", ""buy_8th_pre_bid"": ""+8140"", ""buy_8th_pre_req"": ""617"", ""buy_8th_pre_req_pre"": ""0"", ""buy_9th_pre_bid"": ""+8130"", ""buy_9th_pre_req"": ""61"", ""buy_9th_pre_req_pre"": ""0"", ""buy_10th_pre_bid"": ""+8120"", ""buy_10th_pre_req"": ""698"", ""buy_10th_pre_req_pre"": ""0"", ""tot_sel_req_jub_pre"": ""--122"", ""tot_sel_req"": ""32235"", ""tot_buy_req"": ""5657"", ""tot_buy_req_jub_pre"": ""+260"", ""ovt_sel_req_pre"": ""0"", ""ovt_sel_req"": ""0"", ""ovt_buy_req"": ""0"", ""ovt_buy_req_pre"": ""0"", ""return_code"": 0, ""return_msg"": ""정상적으로 처리되었습니다""}"
2026-06-10,scan_candidate,000430,,0,main_scan,5760,,5760,5750,5760,5770,0.0,0.1736111111111111,,,,,,"{""bid_req_base_tm"": ""103920"", ""sel_10th_pre_req_pre"": ""0"", ""sel_10th_pre_req"": ""4051"", ""sel_10th_pre_bid"": ""-5850"", ""sel_9th_pre_req_pre"": ""0"", ""sel_9th_pre_req"": ""2689"", ""sel_9th_pre_bid"": ""-5840"", ""sel_8th_pre_req_pre"": ""0"", ""sel_8th_pre_req"": ""2662"", ""sel_8th_pre_bid"": ""-5830"", ""sel_7th_pre_req_pre"": ""0"", ""sel_7th_pre_req"": ""994"", ""sel_7th_pre_bid"": ""-5820"", ""sel_6th_pre_req_pre"": ""0"", ""sel_6th_pre_req"": ""1694"", ""sel_6th_pre_bid"": ""-5810"", ""sel_5th_pre_req_pre"": ""0"", ""sel_5th_pre_req"": ""2627"", ""sel_5th_pre_bid"": ""-5800"", ""sel_4th_pre_req_pre"": ""0"", ""sel_4th_pre_req"": ""925"", ""sel_4th_pre_bid"": ""-5790"", ""sel_3th_pre_req_pre"": ""0"", ""sel_3th_pre_req"": ""331"", ""sel_3th_pre_bid"": ""-5780"", ""sel_2th_pre_req_pre"": ""0"", ""sel_2th_pre_req"": ""1227"", ""sel_2th_pre_bid"": ""-5770"", ""sel_1th_pre_req_pre"": ""0"", ""sel_fpr_req"": ""23"", ""sel_fpr_bid"": ""-5760"", ""buy_fpr_bid"": ""-5750"", ""buy_fpr_req"": ""1234"", ""buy_1th_pre_req_pre"": ""0"", ""buy_2th_pre_bid"": ""-5740"", ""buy_2th_pre_req"": ""365"", ""buy_2th_pre_req_pre"": ""0"", ""buy_3th_pre_bid"": ""-5730"", ""buy_3th_pre_req"": ""2485"", ""buy_3th_pre_req_pre"": ""0"", ""buy_4th_pre_bid"": ""-5720"", ""buy_4th_pre_req"": ""5747"", ""buy_4th_pre_req_pre"": ""+700"", ""buy_5th_pre_bid"": ""-5710"", ""buy_5th_pre_req"": ""3807"", ""buy_5th_pre_req_pre"": ""0"", ""buy_6th_pre_bid"": ""-5700"", ""buy_6th_pre_req"": ""4297"", ""buy_6th_pre_req_pre"": ""0"", ""buy_7th_pre_bid"": ""-5690"", ""buy_7th_pre_req"": ""956"", ""buy_7th_pre_req_pre"": ""0"", ""buy_8th_pre_bid"": ""-5680"", ""buy_8th_pre_req"": ""7564"", ""buy_8th_pre_req_pre"": ""0"", ""buy_9th_pre_bid"": ""-5670"", ""buy_9th_pre_req"": ""5437"", ""buy_9th_pre_req_pre"": ""0"", ""buy_10th_pre_bid"": ""-5660"", ""buy_10th_pre_req"": ""6744"", ""buy_10th_pre_req_pre"": ""0"", ""tot_sel_req_jub_pre"": ""0"", ""tot_sel_req"": ""17223"", ""tot_buy_req"": ""38636"", ""tot_buy_req_jub_pre"": ""+700"", ""ovt_sel_req_pre"": ""0"", ""ovt_sel_req"": ""0"", ""ovt_buy_req"": ""0"", ""ovt_buy_req_pre"": ""0"", ""return_code"": 0, ""return_msg"": ""정상적으로 처리되었습니다""}"
2026-06-10,scan_candidate,010690,,0,main_scan,10770,,10770,10730,10770,10750,-0.6499535747446611,0.3714020427112349,,,,,,"{""bid_req_base_tm"": ""103917"", ""sel_10th_pre_req_pre"": ""0"", ""sel_10th_pre_req"": ""1"", ""sel_10th_pre_bid"": ""+10870"", ""sel_9th_pre_req_pre"": ""0"", ""sel_9th_pre_req"": ""202"", ""sel_9th_pre_bid"": ""+10860"", ""sel_8th_pre_req_pre"": ""0"", ""sel_8th_pre_req"": ""255"", ""sel_8th_pre_bid"": ""+10850"", ""sel_7th_pre_req_pre"": ""0"", ""sel_7th_pre_req"": ""138"", ""sel_7th_pre_bid"": ""+10840"", ""sel_6th_pre_req_pre"": ""0"", ""sel_6th_pre_req"": ""61"", ""sel_6th_pre_bid"": ""+10830"", ""sel_5th_pre_req_pre"": ""0"", ""sel_5th_pre_req"": ""3"", ""sel_5th_pre_bid"": ""+10820"", ""sel_4th_pre_req_pre"": ""0"", ""sel_4th_pre_req"": ""22"", ""sel_4th_pre_bid"": ""+10810"", ""sel_3th_pre_req_pre"": ""0"", ""sel_3th_pre_req"": ""1"", ""sel_3th_pre_bid"": ""+10800"", ""sel_2th_pre_req_pre"": ""0"", ""sel_2th_pre_req"": ""40"", ""sel_2th_pre_bid"": ""+10790"", ""sel_1th_pre_req_pre"": ""0"", ""sel_fpr_req"": ""312"", ""sel_fpr_bid"": ""+10770"", ""buy_fpr_bid"": ""+10730"", ""buy_fpr_req"": ""24"", ""buy_1th_pre_req_pre"": ""0"", ""buy_2th_pre_bid"": ""+10720"", ""buy_2th_pre_req"": ""13"", ""buy_2th_pre_req_pre"": ""0"", ""buy_3th_pre_bid"": ""+10710"", ""buy_3th_pre_req"": ""236"", ""buy_3th_pre_req_pre"": ""0"", ""buy_4th_pre_bid"": ""+10700"", ""buy_4th_pre_req"": ""145"", ""buy_4th_pre_req_pre"": ""0"", ""buy_5th_pre_bid"": ""+10690"", ""buy_5th_pre_req"": ""184"", ""buy_5th_pre_req_pre"": ""0"", ""buy_6th_pre_bid"": ""+10680"", ""buy_6th_pre_req"": ""1566"", ""buy_6th_pre_req_pre"": ""0"", ""buy_7th_pre_bid"": ""+10670"", ""buy_7th_pre_req"": ""6276"", ""buy_7th_pre_req_pre"": ""0"", ""buy_8th_pre_bid"": ""+10660"", ""buy_8th_pre_req"": ""22"", ""buy_8th_pre_req_pre"": ""+10"", ""buy_9th_pre_bid"": ""+10650"", ""buy_9th_pre_req"": ""1295"", ""buy_9th_pre_req_pre"": ""0"", ""buy_10th_pre_bid"": ""+10640"", ""buy_10th_pre_req"": ""215"", ""buy_10th_pre_req_pre"": ""0"", ""tot_sel_req_jub_pre"": ""0"", ""tot_sel_req"": ""1035"", ""tot_buy_req"": ""9976"", ""tot_buy_req_jub_pre"": ""+10"", ""ovt_sel_req_pre"": ""0"", ""ovt_sel_req"": ""0"", ""ovt_buy_req"": ""0"", ""ovt_buy_req_pre"": ""0"", ""return_code"": 0, ""return_msg"": ""정상적으로 처리되었습니다""}"
2026-06-10,scan_candidate,005950,,0,main_scan,12240,,12240,12210,12240,12200,-0.7352941176470588,0.24509803921568626,,,,,,"{""bid_req_base_tm"": ""103919"", ""sel_10th_pre_req_pre"": ""0"", ""sel_10th_pre_req"": ""9"", ""sel_10th_pre_bid"": ""+12350"", ""sel_9th_pre_req_pre"": ""0"", ""sel_9th_pre_req"": ""8"", ""sel_9th_pre_bid"": ""+12340"", ""sel_8th_pre_req_pre"": ""0"", ""sel_8th_pre_req"": ""526"", ""sel_8th_pre_bid"": ""+12330"", ""sel_7th_pre_req_pre"": ""0"", ""sel_7th_pre_req"": ""106"", ""sel_7th_pre_bid"": ""+12320"", ""sel_6th_pre_req_pre"": ""0"", ""sel_6th_pre_req"": ""1"", ""sel_6th_pre_bid"": ""+12310"", ""sel_5th_pre_req_pre"": ""0"", ""sel_5th_pre_req"": ""267"", ""sel_5th_pre_bid"": ""+12300"", ""sel_4th_pre_req_pre"": ""0"", ""sel_4th_pre_req"": ""2230"", ""sel_4th_pre_bid"": ""+12290"", ""sel_3th_pre_req_pre"": ""0"", ""sel_3th_pre_req"": ""35"", ""sel_3th_pre_bid"": ""+12280"", ""sel_2th_pre_req_pre"": ""0"", ""sel_2th_pre_req"": ""480"", ""sel_2th_pre_bid"": ""+12250"", ""sel_1th_pre_req_pre"": ""0"", ""sel_fpr_req"": ""1"", ""sel_fpr_bid"": ""+12240"", ""buy_fpr_bid"": ""+12210"", ""buy_fpr_req"": ""188"", ""buy_1th_pre_req_pre"": ""0"", ""buy_2th_pre_bid"": ""+12200"", ""buy_2th_pre_req"": ""125"", ""buy_2th_pre_req_pre"": ""0"", ""buy_3th_pre_bid"": ""+12190"", ""buy_3th_pre_req"": ""56"", ""buy_3th_pre_req_pre"": ""0"", ""buy_4th_pre_bid"": ""+12180"", ""buy_4th_pre_req"": ""624"", ""buy_4th_pre_req_pre"": ""0"", ""buy_5th_pre_bid"": ""+12170"", ""buy_5th_pre_req"": ""14"", ""buy_5th_pre_req_pre"": ""0"", ""buy_6th_pre_bid"": ""+12160"", ""buy_6th_pre_req"": ""87"", ""buy_6th_pre_req_pre"": ""0"", ""buy_7th_pre_bid"": ""+12150"", ""buy_7th_pre_req"": ""23"", ""buy_7th_pre_req_pre"": ""0"", ""buy_8th_pre_bid"": ""+12140"", ""buy_8th_pre_req"": ""732"", ""buy_8th_pre_req_pre"": ""0"", ""buy_9th_pre_bid"": ""+12130"", ""buy_9th_pre_req"": ""14"", ""buy_9th_pre_req_pre"": ""0"", ""buy_10th_pre_bid"": ""+12110"", ""buy_10th_pre_req"": ""45"", ""buy_10th_pre_req_pre"": ""0"", ""tot_sel_req_jub_pre"": ""--4"", ""tot_sel_req"": ""3663"", ""tot_buy_req"": ""1908"", ""tot_buy_req_jub_pre"": ""0"", ""ovt_sel_req_pre"": ""0"", ""ovt_sel_req"": ""0"", ""ovt_buy_req"": ""0"", ""ovt_buy_req_pre"": ""0"", ""return_code"": 0, ""return_msg"": ""정상적으로 처리되었습니다""}"
2026-06-10,watchlist,014680,,0,filtered_candidate_recheck,265500,,265500,264500,265500,265000,-0.3766478342749529,0.3766478342749529,,,,,,"{""bid_req_base_tm"": ""104055"", ""sel_10th_pre_req_pre"": ""0"", ""sel_10th_pre_req"": ""157"", ""sel_10th_pre_bid"": ""+270000"", ""sel_9th_pre_req_pre"": ""0"", ""sel_9th_pre_req"": ""38"", ""sel_9th_pre_bid"": ""+269500"", ""sel_8th_pre_req_pre"": ""0"", ""sel_8th_pre_req"": ""86"", ""sel_8th_pre_bid"": ""+269000"", ""sel_7th_pre_req_pre"": ""0"", ""sel_7th_pre_req"": ""19"", ""sel_7th_pre_bid"": ""+268500"", ""sel_6th_pre_req_pre"": ""0"", ""sel_6th_pre_req"": ""49"", ""sel_6th_pre_bid"": ""+268000"", ""sel_5th_pre_req_pre"": ""0"", ""sel_5th_pre_req"": ""38"", ""sel_5th_pre_bid"": ""+267500"", ""sel_4th_pre_req_pre"": ""0"", ""sel_4th_pre_req"": ""25"", ""sel_4th_pre_bid"": ""+267000"", ""sel_3th_pre_req_pre"": ""0"", ""sel_3th_pre_req"": ""16"", ""sel_3th_pre_bid"": ""+266500"", ""sel_2th_pre_req_pre"": ""0"", ""sel_2th_pre_req"": ""18"", ""sel_2th_pre_bid"": ""+266000"", ""sel_1th_pre_req_pre"": ""0"", ""sel_fpr_req"": ""50"", ""sel_fpr_bid"": ""+265500"", ""buy_fpr_bid"": ""+264500"", ""buy_fpr_req"": ""126"", ""buy_1th_pre_req_pre"": ""+4"", ""buy_2th_pre_bid"": ""+264000"", ""buy_2th_pre_req"": ""21"", ""buy_2th_pre_req_pre"": ""0"", ""buy_3th_pre_bid"": ""+263500"", ""buy_3th_pre_req"": ""7"", ""buy_3th_pre_req_pre"": ""0"", ""buy_4th_pre_bid"": ""+263000"", ""buy_4th_pre_req"": ""13"", ""buy_4th_pre_req_pre"": ""0"", ""buy_5th_pre_bid"": ""+262500"", ""buy_5th_pre_req"": ""5"", ""buy_5th_pre_req_pre"": ""0"", ""buy_6th_pre_bid"": ""+262000"", ""buy_6th_pre_req"": ""113"", ""buy_6th_pre_req_pre"": ""0"", ""buy_7th_pre_bid"": ""+261500"", ""buy_7th_pre_req"": ""15"", ""buy_7th_pre_req_pre"": ""0"", ""buy_8th_pre_bid"": ""+261000"", ""buy_8th_pre_req"": ""4"", ""buy_8th_pre_req_pre"": ""0"", ""buy_9th_pre_bid"": ""+260500"", ""buy_9th_pre_req"": ""3"", ""buy_9th_pre_req_pre"": ""0"", ""buy_10th_pre_bid"": ""+260000"", ""buy_10th_pre_req"": ""109"", ""buy_10th_pre_req_pre"": ""0"", ""tot_sel_req_jub_pre"": ""0"", ""tot_sel_req"": ""496"", ""tot_buy_req"": ""416"", ""tot_buy_req_jub_pre"": ""+4"", ""ovt_sel_req_pre"": ""0"", ""ovt_sel_req"": ""0"", ""ovt_buy_req"": ""0"", ""ovt_buy_req_pre"": ""0"", ""return_code"": 0, ""return_msg"": ""정상적으로 처리되었습니다""}"
2026-06-10,watchlist,035420,,1,filtered_candidate_recheck,236500,,236500,236000,236500,238000,0.42283298097251587,0.21141649048625794,,,,,,"{""bid_req_base_tm"": ""104056"", ""sel_10th_pre_req_pre"": ""0"", ""sel_10th_pre_req"": ""2651"", ""sel_10th_pre_bid"": ""-241000"", ""sel_9th_pre_req_pre"": ""0"", ""sel_9th_pre_req"": ""3396"", ""sel_9th_pre_bid"": ""-240500"", ""sel_8th_pre_req_pre"": ""0"", ""sel_8th_pre_req"": ""4674"", ""sel_8th_pre_bid"": ""-240000"", ""sel_7th_pre_req_pre"": ""0"", ""sel_7th_pre_req"": ""2907"", ""sel_7th_pre_bid"": ""-239500"", ""sel_6th_pre_req_pre"": ""0"", ""sel_6th_pre_req"": ""3219"", ""sel_6th_pre_bid"": ""-239000"", ""sel_5th_pre_req_pre"": ""0"", ""sel_5th_pre_req"": ""1070"", ""sel_5th_pre_bid"": ""-238500"", ""sel_4th_pre_req_pre"": ""0"", ""sel_4th_pre_req"": ""2529"", ""sel_4th_pre_bid"": ""-238000"", ""sel_3th_pre_req_pre"": ""0"", ""sel_3th_pre_req"": ""5048"", ""sel_3th_pre_bid"": ""-237500"", ""sel_2th_pre_req_pre"": ""0"", ""sel_2th_pre_req"": ""4848"", ""sel_2th_pre_bid"": ""-237000"", ""sel_1th_pre_req_pre"": ""0"", ""sel_fpr_req"": ""6540"", ""sel_fpr_bid"": ""-236500"", ""buy_fpr_bid"": ""-236000"", ""buy_fpr_req"": ""6861"", ""buy_1th_pre_req_pre"": ""0"", ""buy_2th_pre_bid"": ""-235500"", ""buy_2th_pre_req"": ""7254"", ""buy_2th_pre_req_pre"": ""0"", ""buy_3th_pre_bid"": ""-235000"", ""buy_3th_pre_req"": ""28067"", ""buy_3th_pre_req_pre"": ""0"", ""buy_4th_pre_bid"": ""-234500"", ""buy_4th_pre_req"": ""55113"", ""buy_4th_pre_req_pre"": ""0"", ""buy_5th_pre_bid"": ""-234000"", ""buy_5th_pre_req"": ""9004"", ""buy_5th_pre_req_pre"": ""0"", ""buy_6th_pre_bid"": ""-233500"", ""buy_6th_pre_req"": ""7647"", ""buy_6th_pre_req_pre"": ""0"", ""buy_7th_pre_bid"": ""-233000"", ""buy_7th_pre_req"": ""9487"", ""buy_7th_pre_req_pre"": ""0"", ""buy_8th_pre_bid"": ""-232500"", ""buy_8th_pre_req"": ""7496"", ""buy_8th_pre_req_pre"": ""0"", ""buy_9th_pre_bid"": ""-232000"", ""buy_9th_pre_req"": ""10763"", ""buy_9th_pre_req_pre"": ""0"", ""buy_10th_pre_bid"": ""-231500"", ""buy_10th_pre_req"": ""9061"", ""buy_10th_pre_req_pre"": ""0"", ""tot_sel_req_jub_pre"": ""0"", ""tot_sel_req"": ""36882"", ""tot_buy_req"": ""150753"", ""tot_buy_req_jub_pre"": ""0"", ""ovt_sel_req_pre"": ""0"", ""ovt_sel_req"": ""0"", ""ovt_buy_req"": ""0"", ""ovt_buy_req_pre"": ""0"", ""return_code"": 0, ""return_msg"": ""정상적으로 처리되었습니다""}"
2026-06-10,watchlist,036570,,0,filtered_candidate_recheck,259500,,259500,259000,259500,258500,-0.5780346820809248,0.1926782273603083,,,,,,"{""bid_req_base_tm"": ""104056"", ""sel_10th_pre_req_pre"": ""0"", ""sel_10th_pre_req"": ""102"", ""sel_10th_pre_bid"": ""-264000"", ""sel_9th_pre_req_pre"": ""0"", ""sel_9th_pre_req"": ""63"", ""sel_9th_pre_bid"": ""-263500"", ""sel_8th_pre_req_pre"": ""0"", ""sel_8th_pre_req"": ""5"", ""sel_8th_pre_bid"": ""-263000"", ""sel_7th_pre_req_pre"": ""0"", ""sel_7th_pre_req"": ""1028"", ""sel_7th_pre_bid"": ""-262500"", ""sel_6th_pre_req_pre"": ""0"", ""sel_6th_pre_req"": ""99"", ""sel_6th_pre_bid"": ""-262000"", ""sel_5th_pre_req_pre"": ""0"", ""sel_5th_pre_req"": ""32"", ""sel_5th_pre_bid"": ""-261500"", ""sel_4th_pre_req_pre"": ""0"", ""sel_4th_pre_req"": ""8"", ""sel_4th_pre_bid"": ""-261000"", ""sel_3th_pre_req_pre"": ""0"", ""sel_3th_pre_req"": ""64"", ""sel_3th_pre_bid"": ""-260500"", ""sel_2th_pre_req_pre"": ""0"", ""sel_2th_pre_req"": ""102"", ""sel_2th_pre_bid"": ""-260000"", ""sel_1th_pre_req_pre"": ""--2"", ""sel_fpr_req"": ""184"", ""sel_fpr_bid"": ""-259500"", ""buy_fpr_bid"": ""-259000"", ""buy_fpr_req"": ""187"", ""buy_1th_pre_req_pre"": ""0"", ""buy_2th_pre_bid"": ""-258500"", ""buy_2th_pre_req"": ""147"", ""buy_2th_pre_req_pre"": ""0"", ""buy_3th_pre_bid"": ""-258000"", ""buy_3th_pre_req"": ""47"", ""buy_3th_pre_req_pre"": ""0"", ""buy_4th_pre_bid"": ""-257500"", ""buy_4th_pre_req"": ""37"", ""buy_4th_pre_req_pre"": ""0"", ""buy_5th_pre_bid"": ""-257000"", ""buy_5th_pre_req"": ""76"", ""buy_5th_pre_req_pre"": ""0"", ""buy_6th_pre_bid"": ""-256500"", ""buy_6th_pre_req"": ""91"", ""buy_6th_pre_req_pre"": ""0"", ""buy_7th_pre_bid"": ""-256000"", ""buy_7th_pre_req"": ""122"", ""buy_7th_pre_req_pre"": ""0"", ""buy_8th_pre_bid"": ""-255500"", ""buy_8th_pre_req"": ""108"", ""buy_8th_pre_req_pre"": ""0"", ""buy_9th_pre_bid"": ""-255000"", ""buy_9th_pre_req"": ""333"", ""buy_9th_pre_req_pre"": ""0"", ""buy_10th_pre_bid"": ""-254500"", ""buy_10th_pre_req"": ""346"", ""buy_10th_pre_req_pre"": ""0"", ""tot_sel_req_jub_pre"": ""--2"", ""tot_sel_req"": ""1687"", ""tot_buy_req"": ""1494"", ""tot_buy_req_jub_pre"": ""0"", ""ovt_sel_req_pre"": ""0"", ""ovt_sel_req"": ""0"", ""ovt_buy_req"": ""0"", ""ovt_buy_req_pre"": ""0"", ""return_code"": 0, ""return_msg"": ""정상적으로 처리되었습니다""}"
2026-06-10,watchlist,005090,,0,filtered_candidate_recheck,52600,,52600,52500,52600,52300,-0.7604562737642585,0.19011406844106463,,,,,,"{""bid_req_base_tm"": ""104056"", ""sel_10th_pre_req_pre"": ""0"", ""sel_10th_pre_req"": ""17"", ""sel_10th_pre_bid"": ""+53500"", ""sel_9th_pre_req_pre"": ""0"", ""sel_9th_pre_req"": ""610"", ""sel_9th_pre_bid"": ""+53400"", ""sel_8th_pre_req_pre"": ""0"", ""sel_8th_pre_req"": ""20"", ""sel_8th_pre_bid"": ""+53300"", ""sel_7th_pre_req_pre"": ""0"", ""sel_7th_pre_req"": ""99"", ""sel_7th_pre_bid"": ""+53200"", ""sel_6th_pre_req_pre"": ""0"", ""sel_6th_pre_req"": ""68"", ""sel_6th_pre_bid"": ""+53100"", ""sel_5th_pre_req_pre"": ""0"", ""sel_5th_pre_req"": ""62"", ""sel_5th_pre_bid"": ""+53000"", ""sel_4th_pre_req_pre"": ""0"", ""sel_4th_pre_req"": ""8"", ""sel_4th_pre_bid"": ""+52900"", ""sel_3th_pre_req_pre"": ""0"", ""sel_3th_pre_req"": ""23"", ""sel_3th_pre_bid"": ""+52800"", ""sel_2th_pre_req_pre"": ""0"", ""sel_2th_pre_req"": ""114"", ""sel_2th_pre_bid"": ""+52700"", ""sel_1th_pre_req_pre"": ""0"", ""sel_fpr_req"": ""5"", ""sel_fpr_bid"": ""+52600"", ""buy_fpr_bid"": ""+52500"", ""buy_fpr_req"": ""30"", ""buy_1th_pre_req_pre"": ""0"", ""buy_2th_pre_bid"": ""+52400"", ""buy_2th_pre_req"": ""26"", ""buy_2th_pre_req_pre"": ""0"", ""buy_3th_pre_bid"": ""+52300"", ""buy_3th_pre_req"": ""40"", ""buy_3th_pre_req_pre"": ""0"", ""buy_4th_pre_bid"": ""+52200"", ""buy_4th_pre_req"": ""212"", ""buy_4th_pre_req_pre"": ""+39"", ""buy_5th_pre_bid"": ""+52100"", ""buy_5th_pre_req"": ""1"", ""buy_5th_pre_req_pre"": ""0"", ""buy_6th_pre_bid"": ""+52000"", ""buy_6th_pre_req"": ""38"", ""buy_6th_pre_req_pre"": ""0"", ""buy_7th_pre_bid"": ""+51600"", ""buy_7th_pre_req"": ""137"", ""buy_7th_pre_req_pre"": ""0"", ""buy_8th_pre_bid"": ""+51500"", ""buy_8th_pre_req"": ""130"", ""buy_8th_pre_req_pre"": ""0"", ""buy_9th_pre_bid"": ""+51400"", ""buy_9th_pre_req"": ""6"", ""buy_9th_pre_req_pre"": ""0"", ""buy_10th_pre_bid"": ""+51300"", ""buy_10th_pre_req"": ""103"", ""buy_10th_pre_req_pre"": ""0"", ""tot_sel_req_jub_pre"": ""0"", ""tot_sel_req"": ""1026"", ""tot_buy_req"": ""723"", ""tot_buy_req_jub_pre"": ""+39"", ""ovt_sel_req_pre"": ""0"", ""ovt_sel_req"": ""0"", ""ovt_buy_req"": ""0"", ""ovt_buy_req_pre"": ""0"", ""return_code"": 0, ""return_msg"": ""정상적으로 처리되었습니다""}"
2026-06-10,watchlist,066570,,1,filtered_candidate_recheck,233000,,233000,232500,233000,234000,0.2145922746781116,0.2145922746781116,,,,,,"{""bid_req_base_tm"": ""104057"", ""sel_10th_pre_req_pre"": ""0"", ""sel_10th_pre_req"": ""1879"", ""sel_10th_pre_bid"": ""-237500"", ""sel_9th_pre_req_pre"": ""0"", ""sel_9th_pre_req"": ""1515"", ""sel_9th_pre_bid"": ""-237000"", ""sel_8th_pre_req_pre"": ""0"", ""sel_8th_pre_req"": ""1326"", ""sel_8th_pre_bid"": ""-236500"", ""sel_7th_pre_req_pre"": ""0"", ""sel_7th_pre_req"": ""2966"", ""sel_7th_pre_bid"": ""-236000"", ""sel_6th_pre_req_pre"": ""0"", ""sel_6th_pre_req"": ""2136"", ""sel_6th_pre_bid"": ""-235500"", ""sel_5th_pre_req_pre"": ""0"", ""sel_5th_pre_req"": ""3195"", ""sel_5th_pre_bid"": ""-235000"", ""sel_4th_pre_req_pre"": ""0"", ""sel_4th_pre_req"": ""2446"", ""sel_4th_pre_bid"": ""-234500"", ""sel_3th_pre_req_pre"": ""0"", ""sel_3th_pre_req"": ""1357"", ""sel_3th_pre_bid"": ""-234000"", ""sel_2th_pre_req_pre"": ""0"", ""sel_2th_pre_req"": ""2978"", ""sel_2th_pre_bid"": ""-233500"", ""sel_1th_pre_req_pre"": ""0"", ""sel_fpr_req"": ""3214"", ""sel_fpr_bid"": ""-233000"", ""buy_fpr_bid"": ""-232500"", ""buy_fpr_req"": ""857"", ""buy_1th_pre_req_pre"": ""0"", ""buy_2th_pre_bid"": ""-232000"", ""buy_2th_pre_req"": ""5982"", ""buy_2th_pre_req_pre"": ""+2"", ""buy_3th_pre_bid"": ""-231500"", ""buy_3th_pre_req"": ""6374"", ""buy_3th_pre_req_pre"": ""0"", ""buy_4th_pre_bid"": ""-231000"", ""buy_4th_pre_req"": ""11706"", ""buy_4th_pre_req_pre"": ""0"", ""buy_5th_pre_bid"": ""-230500"", ""buy_5th_pre_req"": ""16204"", ""buy_5th_pre_req_pre"": ""0"", ""buy_6th_pre_bid"": ""-230000"", ""buy_6th_pre_req"": ""40887"", ""buy_6th_pre_req_pre"": ""0"", ""buy_7th_pre_bid"": ""-229500"", ""buy_7th_pre_req"": ""5529"", ""buy_7th_pre_req_pre"": ""0"", ""buy_8th_pre_bid"": ""-229000"", ""buy_8th_pre_req"": ""7685"", ""buy_8th_pre_req_pre"": ""0"", ""buy_9th_pre_bid"": ""-228500"", ""buy_9th_pre_req"": ""6274"", ""buy_9th_pre_req_pre"": ""0"", ""buy_10th_pre_bid"": ""-228000"", ""buy_10th_pre_req"": ""11478"", ""buy_10th_pre_req_pre"": ""0"", ""tot_sel_req_jub_pre"": ""0"", ""tot_sel_req"": ""23012"", ""tot_buy_req"": ""112976"", ""tot_buy_req_jub_pre"": ""+2"", ""ovt_sel_req_pre"": ""0"", ""ovt_sel_req"": ""0"", ""ovt_buy_req"": ""0"", ""ovt_buy_req_pre"": ""0"", ""return_code"": 0, ""return_msg"": ""정상적으로 처리되었습니다""}"
2026-06-10,watchlist,028670,,1,filtered_candidate_recheck,5020,,5020,5010,5020,5040,0.199203187250996,0.199203187250996,,,,,,"{""bid_req_base_tm"": ""104056"", ""sel_10th_pre_req_pre"": ""0"", ""sel_10th_pre_req"": ""1751"", ""sel_10th_pre_bid"": ""-5110"", ""sel_9th_pre_req_pre"": ""0"", ""sel_9th_pre_req"": ""2111"", ""sel_9th_pre_bid"": ""-5100"", ""sel_8th_pre_req_pre"": ""0"", ""sel_8th_pre_req"": ""971"", ""sel_8th_pre_bid"": ""-5090"", ""sel_7th_pre_req_pre"": ""0"", ""sel_7th_pre_req"": ""118"", ""sel_7th_pre_bid"": ""-5080"", ""sel_6th_pre_req_pre"": ""0"", ""sel_6th_pre_req"": ""401"", ""sel_6th_pre_bid"": ""-5070"", ""sel_5th_pre_req_pre"": ""0"", ""sel_5th_pre_req"": ""301"", ""sel_5th_pre_bid"": ""-5060"", ""sel_4th_pre_req_pre"": ""0"", ""sel_4th_pre_req"": ""1604"", ""sel_4th_pre_bid"": ""-5050"", ""sel_3th_pre_req_pre"": ""0"", ""sel_3th_pre_req"": ""2904"", ""sel_3th_pre_bid"": ""-5040"", ""sel_2th_pre_req_pre"": ""0"", ""sel_2th_pre_req"": ""2958"", ""sel_2th_pre_bid"": ""-5030"", ""sel_1th_pre_req_pre"": ""0"", ""sel_fpr_req"": ""5522"", ""sel_fpr_bid"": ""-5020"", ""buy_fpr_bid"": ""-5010"", ""buy_fpr_req"": ""791"", ""buy_1th_pre_req_pre"": ""+550"", ""buy_2th_pre_bid"": ""-5000"", ""buy_2th_pre_req"": ""7140"", ""buy_2th_pre_req_pre"": ""0"", ""buy_3th_pre_bid"": ""-4995"", ""buy_3th_pre_req"": ""2132"", ""buy_3th_pre_req_pre"": ""0"", ""buy_4th_pre_bid"": ""-4990"", ""buy_4th_pre_req"": ""7234"", ""buy_4th_pre_req_pre"": ""0"", ""buy_5th_pre_bid"": ""-4985"", ""buy_5th_pre_req"": ""5382"", ""buy_5th_pre_req_pre"": ""0"", ""buy_6th_pre_bid"": ""-4980"", ""buy_6th_pre_req"": ""7396"", ""buy_6th_pre_req_pre"": ""0"", ""buy_7th_pre_bid"": ""-4975"", ""buy_7th_pre_req"": ""2051"", ""buy_7th_pre_req_pre"": ""0"", ""buy_8th_pre_bid"": ""-4970"", ""buy_8th_pre_req"": ""2265"", ""buy_8th_pre_req_pre"": ""0"", ""buy_9th_pre_bid"": ""-4965"", ""buy_9th_pre_req"": ""5619"", ""buy_9th_pre_req_pre"": ""0"", ""buy_10th_pre_bid"": ""-4960"", ""buy_10th_pre_req"": ""3985"", ""buy_10th_pre_req_pre"": ""0"", ""tot_sel_req_jub_pre"": ""0"", ""tot_sel_req"": ""18641"", ""tot_buy_req"": ""43995"", ""tot_buy_req_jub_pre"": ""+550"", ""ovt_sel_req_pre"": ""0"", ""ovt_sel_req"": ""0"", ""ovt_buy_req"": ""0"", ""ovt_buy_req_pre"": ""0"", ""return_code"": 0, ""return_msg"": ""정상적으로 처리되었습니다""}"
2026-06-10,watchlist,004990,,0,filtered_candidate_recheck,25850,,25850,25800,25850,25750,-0.5802707930367506,0.19342359767891684,,,,,,"{""bid_req_base_tm"": ""104056"", ""sel_10th_pre_req_pre"": ""0"", ""sel_10th_pre_req"": ""11"", ""sel_10th_pre_bid"": ""+26300"", ""sel_9th_pre_req_pre"": ""0"", ""sel_9th_pre_req"": ""135"", ""sel_9th_pre_bid"": ""+26250"", ""sel_8th_pre_req_pre"": ""0"", ""sel_8th_pre_req"": ""90"", ""sel_8th_pre_bid"": ""+26200"", ""sel_7th_pre_req_pre"": ""0"", ""sel_7th_pre_req"": ""3120"", ""sel_7th_pre_bid"": ""26150"", ""sel_6th_pre_req_pre"": ""0"", ""sel_6th_pre_req"": ""302"", ""sel_6th_pre_bid"": ""-26100"", ""sel_5th_pre_req_pre"": ""0"", ""sel_5th_pre_req"": ""201"", ""sel_5th_pre_bid"": ""-26050"", ""sel_4th_pre_req_pre"": ""0"", ""sel_4th_pre_req"": ""122"", ""sel_4th_pre_bid"": ""-26000"", ""sel_3th_pre_req_pre"": ""0"", ""sel_3th_pre_req"": ""107"", ""sel_3th_pre_bid"": ""-25950"", ""sel_2th_pre_req_pre"": ""0"", ""sel_2th_pre_req"": ""285"", ""sel_2th_pre_bid"": ""-25900"", ""sel_1th_pre_req_pre"": ""+33"", ""sel_fpr_req"": ""228"", ""sel_fpr_bid"": ""-25850"", ""buy_fpr_bid"": ""-25800"", ""buy_fpr_req"": ""150"", ""buy_1th_pre_req_pre"": ""0"", ""buy_2th_pre_bid"": ""-25750"", ""buy_2th_pre_req"": ""45"", ""buy_2th_pre_req_pre"": ""0"", ""buy_3th_pre_bid"": ""-25700"", ""buy_3th_pre_req"": ""112"", ""buy_3th_pre_req_pre"": ""0"", ""buy_4th_pre_bid"": ""-25650"", ""buy_4th_pre_req"": ""15"", ""buy_4th_pre_req_pre"": ""0"", ""buy_5th_pre_bid"": ""-25600"", ""buy_5th_pre_req"": ""119"", ""buy_5th_pre_req_pre"": ""0"", ""buy_6th_pre_bid"": ""-25550"", ""buy_6th_pre_req"": ""393"", ""buy_6th_pre_req_pre"": ""0"", ""buy_7th_pre_bid"": ""-25500"", ""buy_7th_pre_req"": ""871"", ""buy_7th_pre_req_pre"": ""0"", ""buy_8th_pre_bid"": ""-25450"", ""buy_8th_pre_req"": ""1150"", ""buy_8th_pre_req_pre"": ""0"", ""buy_9th_pre_bid"": ""-25400"", ""buy_9th_pre_req"": ""655"", ""buy_9th_pre_req_pre"": ""0"", ""buy_10th_pre_bid"": ""-25350"", ""buy_10th_pre_req"": ""391"", ""buy_10th_pre_req_pre"": ""0"", ""tot_sel_req_jub_pre"": ""+33"", ""tot_sel_req"": ""4601"", ""tot_buy_req"": ""3901"", ""tot_buy_req_jub_pre"": ""0"", ""ovt_sel_req_pre"": ""0"", ""ovt_sel_req"": ""0"", ""ovt_buy_req"": ""0"", ""ovt_buy_req_pre"": ""0"", ""return_code"": 0, ""return_msg"": ""정상적으로 처리되었습니다""}"
2026-06-10,watchlist,081660,,0,filtered_candidate_recheck,40300,,40300,40250,40300,40350,0.0,0.12406947890818859,,,,,,"{""bid_req_base_tm"": ""104053"", ""sel_10th_pre_req_pre"": ""0"", ""sel_10th_pre_req"": ""13"", ""sel_10th_pre_bid"": ""+40750"", ""sel_9th_pre_req_pre"": ""0"", ""sel_9th_pre_req"": ""70"", ""sel_9th_pre_bid"": ""+40700"", ""sel_8th_pre_req_pre"": ""0"", ""sel_8th_pre_req"": ""50"", ""sel_8th_pre_bid"": ""+40650"", ""sel_7th_pre_req_pre"": ""0"", ""sel_7th_pre_req"": ""70"", ""sel_7th_pre_bid"": ""+40600"", ""sel_6th_pre_req_pre"": ""0"", ""sel_6th_pre_req"": ""116"", ""sel_6th_pre_bid"": ""+40550"", ""sel_5th_pre_req_pre"": ""0"", ""sel_5th_pre_req"": ""196"", ""sel_5th_pre_bid"": ""+40500"", ""sel_4th_pre_req_pre"": ""0"", ""sel_4th_pre_req"": ""78"", ""sel_4th_pre_bid"": ""+40450"", ""sel_3th_pre_req_pre"": ""0"", ""sel_3th_pre_req"": ""122"", ""sel_3th_pre_bid"": ""+40400"", ""sel_2th_pre_req_pre"": ""0"", ""sel_2th_pre_req"": ""113"", ""sel_2th_pre_bid"": ""+40350"", ""sel_1th_pre_req_pre"": ""--10"", ""sel_fpr_req"": ""359"", ""sel_fpr_bid"": ""+40300"", ""buy_fpr_bid"": ""+40250"", ""buy_fpr_req"": ""293"", ""buy_1th_pre_req_pre"": ""0"", ""buy_2th_pre_bid"": ""+40200"", ""buy_2th_pre_req"": ""181"", ""buy_2th_pre_req_pre"": ""--10"", ""buy_3th_pre_bid"": ""+40150"", ""buy_3th_pre_req"": ""8"", ""buy_3th_pre_req_pre"": ""0"", ""buy_4th_pre_bid"": ""+40100"", ""buy_4th_pre_req"": ""50"", ""buy_4th_pre_req_pre"": ""0"", ""buy_5th_pre_bid"": ""+40050"", ""buy_5th_pre_req"": ""239"", ""buy_5th_pre_req_pre"": ""0"", ""buy_6th_pre_bid"": ""+40000"", ""buy_6th_pre_req"": ""509"", ""buy_6th_pre_req_pre"": ""0"", ""buy_7th_pre_bid"": ""+39950"", ""buy_7th_pre_req"": ""500"", ""buy_7th_pre_req_pre"": ""0"", ""buy_8th_pre_bid"": ""+39900"", ""buy_8th_pre_req"": ""2"", ""buy_8th_pre_req_pre"": ""0"", ""buy_9th_pre_bid"": ""+39850"", ""buy_9th_pre_req"": ""1"", ""buy_9th_pre_req_pre"": ""0"", ""buy_10th_pre_bid"": ""+39800"", ""buy_10th_pre_req"": ""5"", ""buy_10th_pre_req_pre"": ""0"", ""tot_sel_req_jub_pre"": ""--10"", ""tot_sel_req"": ""1187"", ""tot_buy_req"": ""1788"", ""tot_buy_req_jub_pre"": ""--10"", ""ovt_sel_req_pre"": ""0"", ""ovt_sel_req"": ""0"", ""ovt_buy_req"": ""0"", ""ovt_buy_req_pre"": ""0"", ""return_code"": 0, ""return_msg"": ""정상적으로 처리되었습니다""}"
2026-06-10,watchlist,008770,,0,filtered_candidate_recheck,54700,,54700,54500,54700,54300,-0.9140767824497258,0.3656307129798903,,,,,,"{""bid_req_base_tm"": ""104050"", ""sel_10th_pre_req_pre"": ""0"", ""sel_10th_pre_req"": ""137"", ""sel_10th_pre_bid"": ""+55600"", ""sel_9th_pre_req_pre"": ""0"", ""sel_9th_pre_req"": ""400"", ""sel_9th_pre_bid"": ""+55500"", ""sel_8th_pre_req_pre"": ""0"", ""sel_8th_pre_req"": ""32"", ""sel_8th_pre_bid"": ""+55400"", ""sel_7th_pre_req_pre"": ""0"", ""sel_7th_pre_req"": ""410"", ""sel_7th_pre_bid"": ""+55300"", ""sel_6th_pre_req_pre"": ""0"", ""sel_6th_pre_req"": ""541"", ""sel_6th_pre_bid"": ""55200"", ""sel_5th_pre_req_pre"": ""0"", ""sel_5th_pre_req"": ""928"", ""sel_5th_pre_bid"": ""-55100"", ""sel_4th_pre_req_pre"": ""0"", ""sel_4th_pre_req"": ""438"", ""sel_4th_pre_bid"": ""-55000"", ""sel_3th_pre_req_pre"": ""0"", ""sel_3th_pre_req"": ""472"", ""sel_3th_pre_bid"": ""-54900"", ""sel_2th_pre_req_pre"": ""0"", ""sel_2th_pre_req"": ""620"", ""sel_2th_pre_bid"": ""-54800"", ""sel_1th_pre_req_pre"": ""+1"", ""sel_fpr_req"": ""7"", ""sel_fpr_bid"": ""-54700"", ""buy_fpr_bid"": ""-54500"", ""buy_fpr_req"": ""30"", ""buy_1th_pre_req_pre"": ""0"", ""buy_2th_pre_bid"": ""-54400"", ""buy_2th_pre_req"": ""4"", ""buy_2th_pre_req_pre"": ""0"", ""buy_3th_pre_bid"": ""-54300"", ""buy_3th_pre_req"": ""309"", ""buy_3th_pre_req_pre"": ""0"", ""buy_4th_pre_bid"": ""-54200"", ""buy_4th_pre_req"": ""1"", ""buy_4th_pre_req_pre"": ""0"", ""buy_5th_pre_bid"": ""-54100"", ""buy_5th_pre_req"": ""41"", ""buy_5th_pre_req_pre"": ""0"", ""buy_6th_pre_bid"": ""-54000"", ""buy_6th_pre_req"": ""231"", ""buy_6th_pre_req_pre"": ""0"", ""buy_7th_pre_bid"": ""-53900"", ""buy_7th_pre_req"": ""203"", ""buy_7th_pre_req_pre"": ""0"", ""buy_8th_pre_bid"": ""-53800"", ""buy_8th_pre_req"": ""390"", ""buy_8th_pre_req_pre"": ""0"", ""buy_9th_pre_bid"": ""-53700"", ""buy_9th_pre_req"": ""429"", ""buy_9th_pre_req_pre"": ""0"", ""buy_10th_pre_bid"": ""-53600"", ""buy_10th_pre_req"": ""145"", ""buy_10th_pre_req_pre"": ""0"", ""tot_sel_req_jub_pre"": ""+1"", ""tot_sel_req"": ""3985"", ""tot_buy_req"": ""1783"", ""tot_buy_req_jub_pre"": ""0"", ""ovt_sel_req_pre"": ""0"", ""ovt_sel_req"": ""0"", ""ovt_buy_req"": ""0"", ""ovt_buy_req_pre"": ""0"", ""return_code"": 0, ""return_msg"": ""정상적으로 처리되었습니다""}"
2026-06-10,watchlist,012330,,0,filtered_candidate_recheck,584000,,584000,583000,584000,585000,0.0,0.17123287671232876,,,,,,"{""bid_req_base_tm"": ""104056"", ""sel_10th_pre_req_pre"": ""0"", ""sel_10th_pre_req"": ""523"", ""sel_10th_pre_bid"": ""-593000"", ""sel_9th_pre_req_pre"": ""0"", ""sel_9th_pre_req"": ""590"", ""sel_9th_pre_bid"": ""-592000"", ""sel_8th_pre_req_pre"": ""0"", ""sel_8th_pre_req"": ""285"", ""sel_8th_pre_bid"": ""-591000"", ""sel_7th_pre_req_pre"": ""0"", ""sel_7th_pre_req"": ""321"", ""sel_7th_pre_bid"": ""-590000"", ""sel_6th_pre_req_pre"": ""0"", ""sel_6th_pre_req"": ""299"", ""sel_6th_pre_bid"": ""-589000"", ""sel_5th_pre_req_pre"": ""0"", ""sel_5th_pre_req"": ""282"", ""sel_5th_pre_bid"": ""-588000"", ""sel_4th_pre_req_pre"": ""0"", ""sel_4th_pre_req"": ""129"", ""sel_4th_pre_bid"": ""-587000"", ""sel_3th_pre_req_pre"": ""0"", ""sel_3th_pre_req"": ""120"", ""sel_3th_pre_bid"": ""-586000"", ""sel_2th_pre_req_pre"": ""0"", ""sel_2th_pre_req"": ""59"", ""sel_2th_pre_bid"": ""-585000"", ""sel_1th_pre_req_pre"": ""+11"", ""sel_fpr_req"": ""238"", ""sel_fpr_bid"": ""-584000"", ""buy_fpr_bid"": ""-583000"", ""buy_fpr_req"": ""411"", ""buy_1th_pre_req_pre"": ""0"", ""buy_2th_pre_bid"": ""-582000"", ""buy_2th_pre_req"": ""278"", ""buy_2th_pre_req_pre"": ""0"", ""buy_3th_pre_bid"": ""-581000"", ""buy_3th_pre_req"": ""520"", ""buy_3th_pre_req_pre"": ""0"", ""buy_4th_pre_bid"": ""-580000"", ""buy_4th_pre_req"": ""672"", ""buy_4th_pre_req_pre"": ""0"", ""buy_5th_pre_bid"": ""-579000"", ""buy_5th_pre_req"": ""215"", ""buy_5th_pre_req_pre"": ""0"", ""buy_6th_pre_bid"": ""-578000"", ""buy_6th_pre_req"": ""547"", ""buy_6th_pre_req_pre"": ""0"", ""buy_7th_pre_bid"": ""-577000"", ""buy_7th_pre_req"": ""919"", ""buy_7th_pre_req_pre"": ""0"", ""buy_8th_pre_bid"": ""-576000"", ""buy_8th_pre_req"": ""1082"", ""buy_8th_pre_req_pre"": ""0"", ""buy_9th_pre_bid"": ""-575000"", ""buy_9th_pre_req"": ""1339"", ""buy_9th_pre_req_pre"": ""0"", ""buy_10th_pre_bid"": ""-574000"", ""buy_10th_pre_req"": ""631"", ""buy_10th_pre_req_pre"": ""0"", ""tot_sel_req_jub_pre"": ""+11"", ""tot_sel_req"": ""2846"", ""tot_buy_req"": ""6614"", ""tot_buy_req_jub_pre"": ""0"", ""ovt_sel_req_pre"": ""0"", ""ovt_sel_req"": ""0"", ""ovt_buy_req"": ""0"", ""ovt_buy_req_pre"": ""0"", ""return_code"": 0, ""return_msg"": ""정상적으로 처리되었습니다""}"
2026-06-10,watchlist,009155,,0,filtered_candidate_recheck,611000,,611000,610000,611000,612000,0.0,0.16366612111292964,,,,,,"{""bid_req_base_tm"": ""104058"", ""sel_10th_pre_req_pre"": ""0"", ""sel_10th_pre_req"": ""34"", ""sel_10th_pre_bid"": ""-620000"", ""sel_9th_pre_req_pre"": ""0"", ""sel_9th_pre_req"": ""9"", ""sel_9th_pre_bid"": ""-619000"", ""sel_8th_pre_req_pre"": ""0"", ""sel_8th_pre_req"": ""1"", ""sel_8th_pre_bid"": ""-618000"", ""sel_7th_pre_req_pre"": ""0"", ""sel_7th_pre_req"": ""40"", ""sel_7th_pre_bid"": ""-617000"", ""sel_6th_pre_req_pre"": ""0"", ""sel_6th_pre_req"": ""9"", ""sel_6th_pre_bid"": ""-616000"", ""sel_5th_pre_req_pre"": ""0"", ""sel_5th_pre_req"": ""10"", ""sel_5th_pre_bid"": ""-615000"", ""sel_4th_pre_req_pre"": ""0"", ""sel_4th_pre_req"": ""41"", ""sel_4th_pre_bid"": ""-614000"", ""sel_3th_pre_req_pre"": ""0"", ""sel_3th_pre_req"": ""52"", ""sel_3th_pre_bid"": ""-613000"", ""sel_2th_pre_req_pre"": ""0"", ""sel_2th_pre_req"": ""23"", ""sel_2th_pre_bid"": ""-612000"", ""sel_1th_pre_req_pre"": ""0"", ""sel_fpr_req"": ""102"", ""sel_fpr_bid"": ""-611000"", ""buy_fpr_bid"": ""-610000"", ""buy_fpr_req"": ""52"", ""buy_1th_pre_req_pre"": ""+5"", ""buy_2th_pre_bid"": ""-609000"", ""buy_2th_pre_req"": ""35"", ""buy_2th_pre_req_pre"": ""0"", ""buy_3th_pre_bid"": ""-608000"", ""buy_3th_pre_req"": ""112"", ""buy_3th_pre_req_pre"": ""0"", ""buy_4th_pre_bid"": ""-607000"", ""buy_4th_pre_req"": ""83"", ""buy_4th_pre_req_pre"": ""0"", ""buy_5th_pre_bid"": ""-606000"", ""buy_5th_pre_req"": ""32"", ""buy_5th_pre_req_pre"": ""0"", ""buy_6th_pre_bid"": ""-605000"", ""buy_6th_pre_req"": ""55"", ""buy_6th_pre_req_pre"": ""0"", ""buy_7th_pre_bid"": ""-604000"", ""buy_7th_pre_req"": ""44"", ""buy_7th_pre_req_pre"": ""0"", ""buy_8th_pre_bid"": ""-603000"", ""buy_8th_pre_req"": ""59"", ""buy_8th_pre_req_pre"": ""0"", ""buy_9th_pre_bid"": ""-602000"", ""buy_9th_pre_req"": ""198"", ""buy_9th_pre_req_pre"": ""0"", ""buy_10th_pre_bid"": ""-601000"", ""buy_10th_pre_req"": ""170"", ""buy_10th_pre_req_pre"": ""0"", ""tot_sel_req_jub_pre"": ""0"", ""tot_sel_req"": ""321"", ""tot_buy_req"": ""840"", ""tot_buy_req_jub_pre"": ""+5"", ""ovt_sel_req_pre"": ""0"", ""ovt_sel_req"": ""0"", ""ovt_buy_req"": ""0"", ""ovt_buy_req_pre"": ""0"", ""return_code"": 0, ""return_msg"": ""정상적으로 처리되었습니다""}"
2026-06-10,watchlist,181710,,0,filtered_candidate_recheck,41600,,41600,41550,41600,41350,-0.7211538461538461,0.1201923076923077,,,,,,"{""bid_req_base_tm"": ""104057"", ""sel_10th_pre_req_pre"": ""0"", ""sel_10th_pre_req"": ""5"", ""sel_10th_pre_bid"": ""-42050"", ""sel_9th_pre_req_pre"": ""0"", ""sel_9th_pre_req"": ""136"", ""sel_9th_pre_bid"": ""-42000"", ""sel_8th_pre_req_pre"": ""0"", ""sel_8th_pre_req"": ""63"", ""sel_8th_pre_bid"": ""-41950"", ""sel_7th_pre_req_pre"": ""0"", ""sel_7th_pre_req"": ""4"", ""sel_7th_pre_bid"": ""-41900"", ""sel_6th_pre_req_pre"": ""0"", ""sel_6th_pre_req"": ""2"", ""sel_6th_pre_bid"": ""-41850"", ""sel_5th_pre_req_pre"": ""0"", ""sel_5th_pre_req"": ""1"", ""sel_5th_pre_bid"": ""-41800"", ""sel_4th_pre_req_pre"": ""0"", ""sel_4th_pre_req"": ""2"", ""sel_4th_pre_bid"": ""-41750"", ""sel_3th_pre_req_pre"": ""0"", ""sel_3th_pre_req"": ""23"", ""sel_3th_pre_bid"": ""-41700"", ""sel_2th_pre_req_pre"": ""0"", ""sel_2th_pre_req"": ""828"", ""sel_2th_pre_bid"": ""-41650"", ""sel_1th_pre_req_pre"": ""+39"", ""sel_fpr_req"": ""92"", ""sel_fpr_bid"": ""-41600"", ""buy_fpr_bid"": ""-41550"", ""buy_fpr_req"": ""58"", ""buy_1th_pre_req_pre"": ""0"", ""buy_2th_pre_bid"": ""-41500"", ""buy_2th_pre_req"": ""7"", ""buy_2th_pre_req_pre"": ""0"", ""buy_3th_pre_bid"": ""-41450"", ""buy_3th_pre_req"": ""55"", ""buy_3th_pre_req_pre"": ""0"", ""buy_4th_pre_bid"": ""-41400"", ""buy_4th_pre_req"": ""50"", ""buy_4th_pre_req_pre"": ""0"", ""buy_5th_pre_bid"": ""-41350"", ""buy_5th_pre_req"": ""51"", ""buy_5th_pre_req_pre"": ""0"", ""buy_6th_pre_bid"": ""-41300"", ""buy_6th_pre_req"": ""15"", ""buy_6th_pre_req_pre"": ""0"", ""buy_7th_pre_bid"": ""-41250"", ""buy_7th_pre_req"": ""24"", ""buy_7th_pre_req_pre"": ""0"", ""buy_8th_pre_bid"": ""-41200"", ""buy_8th_pre_req"": ""26"", ""buy_8th_pre_req_pre"": ""0"", ""buy_9th_pre_bid"": ""-41150"", ""buy_9th_pre_req"": ""9"", ""buy_9th_pre_req_pre"": ""0"", ""buy_10th_pre_bid"": ""-41100"", ""buy_10th_pre_req"": ""24"", ""buy_10th_pre_req_pre"": ""0"", ""tot_sel_req_jub_pre"": ""+39"", ""tot_sel_req"": ""1156"", ""tot_buy_req"": ""319"", ""tot_buy_req_jub_pre"": ""0"", ""ovt_sel_req_pre"": ""0"", ""ovt_sel_req"": ""0"", ""ovt_buy_req"": ""0"", ""ovt_buy_req_pre"": ""0"", ""return_code"": 0, ""return_msg"": ""정상적으로 처리되었습니다""}"
2026-06-10,watchlist,085620,,0,filtered_candidate_recheck,22500,,22500,22450,22500,22500,-0.2222222222222222,0.2222222222222222,,,,,,"{""bid_req_base_tm"": ""104058"", ""sel_10th_pre_req_pre"": ""0"", ""sel_10th_pre_req"": ""2229"", ""sel_10th_pre_bid"": ""-22950"", ""sel_9th_pre_req_pre"": ""0"", ""sel_9th_pre_req"": ""1169"", ""sel_9th_pre_bid"": ""-22900"", ""sel_8th_pre_req_pre"": ""0"", ""sel_8th_pre_req"": ""1866"", ""sel_8th_pre_bid"": ""-22850"", ""sel_7th_pre_req_pre"": ""0"", ""sel_7th_pre_req"": ""2722"", ""sel_7th_pre_bid"": ""-22800"", ""sel_6th_pre_req_pre"": ""0"", ""sel_6th_pre_req"": ""697"", ""sel_6th_pre_bid"": ""-22750"", ""sel_5th_pre_req_pre"": ""0"", ""sel_5th_pre_req"": ""463"", ""sel_5th_pre_bid"": ""-22700"", ""sel_4th_pre_req_pre"": ""0"", ""sel_4th_pre_req"": ""277"", ""sel_4th_pre_bid"": ""-22650"", ""sel_3th_pre_req_pre"": ""0"", ""sel_3th_pre_req"": ""2322"", ""sel_3th_pre_bid"": ""-22600"", ""sel_2th_pre_req_pre"": ""0"", ""sel_2th_pre_req"": ""737"", ""sel_2th_pre_bid"": ""-22550"", ""sel_1th_pre_req_pre"": ""--1"", ""sel_fpr_req"": ""453"", ""sel_fpr_bid"": ""-22500"", ""buy_fpr_bid"": ""-22450"", ""buy_fpr_req"": ""21"", ""buy_1th_pre_req_pre"": ""0"", ""buy_2th_pre_bid"": ""-22400"", ""buy_2th_pre_req"": ""598"", ""buy_2th_pre_req_pre"": ""0"", ""buy_3th_pre_bid"": ""-22350"", ""buy_3th_pre_req"": ""1656"", ""buy_3th_pre_req_pre"": ""0"", ""buy_4th_pre_bid"": ""-22300"", ""buy_4th_pre_req"": ""2792"", ""buy_4th_pre_req_pre"": ""0"", ""buy_5th_pre_bid"": ""-22250"", ""buy_5th_pre_req"": ""1148"", ""buy_5th_pre_req_pre"": ""0"", ""buy_6th_pre_bid"": ""-22200"", ""buy_6th_pre_req"": ""957"", ""buy_6th_pre_req_pre"": ""0"", ""buy_7th_pre_bid"": ""-22150"", ""buy_7th_pre_req"": ""1173"", ""buy_7th_pre_req_pre"": ""0"", ""buy_8th_pre_bid"": ""-22100"", ""buy_8th_pre_req"": ""2239"", ""buy_8th_pre_req_pre"": ""0"", ""buy_9th_pre_bid"": ""-22050"", ""buy_9th_pre_req"": ""2705"", ""buy_9th_pre_req_pre"": ""0"", ""buy_10th_pre_bid"": ""-22000"", ""buy_10th_pre_req"": ""1820"", ""buy_10th_pre_req_pre"": ""0"", ""tot_sel_req_jub_pre"": ""--1"", ""tot_sel_req"": ""12935"", ""tot_buy_req"": ""15109"", ""tot_buy_req_jub_pre"": ""0"", ""ovt_sel_req_pre"": ""0"", ""ovt_sel_req"": ""0"", ""ovt_buy_req"": ""0"", ""ovt_buy_req_pre"": ""0"", ""return_code"": 0, ""return_msg"": ""정상적으로 처리되었습니다""}"
2026-06-10,watchlist,062040,,0,filtered_candidate_recheck,227500,,227500,227000,227500,227000,-0.43956043956043955,0.21978021978021978,,,,,,"{""bid_req_base_tm"": ""104058"", ""sel_10th_pre_req_pre"": ""0"", ""sel_10th_pre_req"": ""464"", ""sel_10th_pre_bid"": ""+232000"", ""sel_9th_pre_req_pre"": ""0"", ""sel_9th_pre_req"": ""1075"", ""sel_9th_pre_bid"": ""+231500"", ""sel_8th_pre_req_pre"": ""0"", ""sel_8th_pre_req"": ""388"", ""sel_8th_pre_bid"": ""+231000"", ""sel_7th_pre_req_pre"": ""0"", ""sel_7th_pre_req"": ""149"", ""sel_7th_pre_bid"": ""+230500"", ""sel_6th_pre_req_pre"": ""0"", ""sel_6th_pre_req"": ""321"", ""sel_6th_pre_bid"": ""+230000"", ""sel_5th_pre_req_pre"": ""0"", ""sel_5th_pre_req"": ""65"", ""sel_5th_pre_bid"": ""+229500"", ""sel_4th_pre_req_pre"": ""0"", ""sel_4th_pre_req"": ""27"", ""sel_4th_pre_bid"": ""+229000"", ""sel_3th_pre_req_pre"": ""0"", ""sel_3th_pre_req"": ""103"", ""sel_3th_pre_bid"": ""+228500"", ""sel_2th_pre_req_pre"": ""0"", ""sel_2th_pre_req"": ""125"", ""sel_2th_pre_bid"": ""+228000"", ""sel_1th_pre_req_pre"": ""0"", ""sel_fpr_req"": ""212"", ""sel_fpr_bid"": ""+227500"", ""buy_fpr_bid"": ""+227000"", ""buy_fpr_req"": ""333"", ""buy_1th_pre_req_pre"": ""0"", ""buy_2th_pre_bid"": ""+226500"", ""buy_2th_pre_req"": ""299"", ""buy_2th_pre_req_pre"": ""+30"", ""buy_3th_pre_bid"": ""+226000"", ""buy_3th_pre_req"": ""307"", ""buy_3th_pre_req_pre"": ""0"", ""buy_4th_pre_bid"": ""+225500"", ""buy_4th_pre_req"": ""371"", ""buy_4th_pre_req_pre"": ""0"", ""buy_5th_pre_bid"": ""225000"", ""buy_5th_pre_req"": ""738"", ""buy_5th_pre_req_pre"": ""0"", ""buy_6th_pre_bid"": ""-224500"", ""buy_6th_pre_req"": ""61"", ""buy_6th_pre_req_pre"": ""0"", ""buy_7th_pre_bid"": ""-224000"", ""buy_7th_pre_req"": ""217"", ""buy_7th_pre_req_pre"": ""0"", ""buy_8th_pre_bid"": ""-223500"", ""buy_8th_pre_req"": ""170"", ""buy_8th_pre_req_pre"": ""0"", ""buy_9th_pre_bid"": ""-223000"", ""buy_9th_pre_req"": ""279"", ""buy_9th_pre_req_pre"": ""0"", ""buy_10th_pre_bid"": ""-222500"", ""buy_10th_pre_req"": ""124"", ""buy_10th_pre_req_pre"": ""0"", ""tot_sel_req_jub_pre"": ""0"", ""tot_sel_req"": ""2929"", ""tot_buy_req"": ""2899"", ""tot_buy_req_jub_pre"": ""+30"", ""ovt_sel_req_pre"": ""0"", ""ovt_sel_req"": ""0"", ""ovt_buy_req"": ""0"", ""ovt_buy_req_pre"": ""0"", ""return_code"": 0, ""return_msg"": ""정상적으로 처리되었습니다""}"
2026-06-10,watchlist,036460,,0,filtered_candidate_recheck,34550,,34550,34500,34550,34500,-0.2894356005788712,0.1447178002894356,,,,,,"{""bid_req_base_tm"": ""104059"", ""sel_10th_pre_req_pre"": ""0"", ""sel_10th_pre_req"": ""4288"", ""sel_10th_pre_bid"": ""+35000"", ""sel_9th_pre_req_pre"": ""0"", ""sel_9th_pre_req"": ""474"", ""sel_9th_pre_bid"": ""+34950"", ""sel_8th_pre_req_pre"": ""0"", ""sel_8th_pre_req"": ""550"", ""sel_8th_pre_bid"": ""+34900"", ""sel_7th_pre_req_pre"": ""0"", ""sel_7th_pre_req"": ""530"", ""sel_7th_pre_bid"": ""+34850"", ""sel_6th_pre_req_pre"": ""0"", ""sel_6th_pre_req"": ""158"", ""sel_6th_pre_bid"": ""+34800"", ""sel_5th_pre_req_pre"": ""0"", ""sel_5th_pre_req"": ""576"", ""sel_5th_pre_bid"": ""+34750"", ""sel_4th_pre_req_pre"": ""0"", ""sel_4th_pre_req"": ""500"", ""sel_4th_pre_bid"": ""+34700"", ""sel_3th_pre_req_pre"": ""0"", ""sel_3th_pre_req"": ""101"", ""sel_3th_pre_bid"": ""+34650"", ""sel_2th_pre_req_pre"": ""0"", ""sel_2th_pre_req"": ""937"", ""sel_2th_pre_bid"": ""+34600"", ""sel_1th_pre_req_pre"": ""--1"", ""sel_fpr_req"": ""232"", ""sel_fpr_bid"": ""+34550"", ""buy_fpr_bid"": ""+34500"", ""buy_fpr_req"": ""35"", ""buy_1th_pre_req_pre"": ""0"", ""buy_2th_pre_bid"": ""+34450"", ""buy_2th_pre_req"": ""37"", ""buy_2th_pre_req_pre"": ""0"", ""buy_3th_pre_bid"": ""+34400"", ""buy_3th_pre_req"": ""158"", ""buy_3th_pre_req_pre"": ""0"", ""buy_4th_pre_bid"": ""+34350"", ""buy_4th_pre_req"": ""20"", ""buy_4th_pre_req_pre"": ""0"", ""buy_5th_pre_bid"": ""+34300"", ""buy_5th_pre_req"": ""36"", ""buy_5th_pre_req_pre"": ""0"", ""buy_6th_pre_bid"": ""+34250"", ""buy_6th_pre_req"": ""722"", ""buy_6th_pre_req_pre"": ""0"", ""buy_7th_pre_bid"": ""+34200"", ""buy_7th_pre_req"": ""673"", ""buy_7th_pre_req_pre"": ""0"", ""buy_8th_pre_bid"": ""+34150"", ""buy_8th_pre_req"": ""351"", ""buy_8th_pre_req_pre"": ""0"", ""buy_9th_pre_bid"": ""+34100"", ""buy_9th_pre_req"": ""731"", ""buy_9th_pre_req_pre"": ""0"", ""buy_10th_pre_bid"": ""+34050"", ""buy_10th_pre_req"": ""1118"", ""buy_10th_pre_req_pre"": ""0"", ""tot_sel_req_jub_pre"": ""--1"", ""tot_sel_req"": ""8346"", ""tot_buy_req"": ""3881"", ""tot_buy_req_jub_pre"": ""0"", ""ovt_sel_req_pre"": ""0"", ""ovt_sel_req"": ""0"", ""ovt_buy_req"": ""0"", ""ovt_buy_req_pre"": ""0"", ""return_code"": 0, ""return_msg"": ""정상적으로 처리되었습니다""}"
2026-06-10,watchlist,066575,,0,filtered_candidate_recheck,79100,,79100,79000,79100,79000,-0.2528445006321113,0.12642225031605564,,,,,,"{""bid_req_base_tm"": ""104058"", ""sel_10th_pre_req_pre"": ""+2"", ""sel_10th_pre_req"": ""1263"", ""sel_10th_pre_bid"": ""-80000"", ""sel_9th_pre_req_pre"": ""0"", ""sel_9th_pre_req"": ""263"", ""sel_9th_pre_bid"": ""-79900"", ""sel_8th_pre_req_pre"": ""0"", ""sel_8th_pre_req"": ""140"", ""sel_8th_pre_bid"": ""-79800"", ""sel_7th_pre_req_pre"": ""0"", ""sel_7th_pre_req"": ""158"", ""sel_7th_pre_bid"": ""-79700"", ""sel_6th_pre_req_pre"": ""0"", ""sel_6th_pre_req"": ""176"", ""sel_6th_pre_bid"": ""-79600"", ""sel_5th_pre_req_pre"": ""0"", ""sel_5th_pre_req"": ""114"", ""sel_5th_pre_bid"": ""-79500"", ""sel_4th_pre_req_pre"": ""0"", ""sel_4th_pre_req"": ""117"", ""sel_4th_pre_bid"": ""-79400"", ""sel_3th_pre_req_pre"": ""0"", ""sel_3th_pre_req"": ""101"", ""sel_3th_pre_bid"": ""-79300"", ""sel_2th_pre_req_pre"": ""0"", ""sel_2th_pre_req"": ""332"", ""sel_2th_pre_bid"": ""-79200"", ""sel_1th_pre_req_pre"": ""0"", ""sel_fpr_req"": ""282"", ""sel_fpr_bid"": ""-79100"", ""buy_fpr_bid"": ""-79000"", ""buy_fpr_req"": ""77"", ""buy_1th_pre_req_pre"": ""0"", ""buy_2th_pre_bid"": ""-78900"", ""buy_2th_pre_req"": ""71"", ""buy_2th_pre_req_pre"": ""0"", ""buy_3th_pre_bid"": ""-78800"", ""buy_3th_pre_req"": ""287"", ""buy_3th_pre_req_pre"": ""0"", ""buy_4th_pre_bid"": ""-78700"", ""buy_4th_pre_req"": ""209"", ""buy_4th_pre_req_pre"": ""0"", ""buy_5th_pre_bid"": ""-78600"", ""buy_5th_pre_req"": ""248"", ""buy_5th_pre_req_pre"": ""0"", ""buy_6th_pre_bid"": ""-78500"", ""buy_6th_pre_req"": ""304"", ""buy_6th_pre_req_pre"": ""0"", ""buy_7th_pre_bid"": ""-78400"", ""buy_7th_pre_req"": ""57"", ""buy_7th_pre_req_pre"": ""0"", ""buy_8th_pre_bid"": ""-78300"", ""buy_8th_pre_req"": ""111"", ""buy_8th_pre_req_pre"": ""0"", ""buy_9th_pre_bid"": ""-78200"", ""buy_9th_pre_req"": ""168"", ""buy_9th_pre_req_pre"": ""0"", ""buy_10th_pre_bid"": ""-78100"", ""buy_10th_pre_req"": ""104"", ""buy_10th_pre_req_pre"": ""0"", ""tot_sel_req_jub_pre"": ""+2"", ""tot_sel_req"": ""2946"", ""tot_buy_req"": ""1636"", ""tot_buy_req_jub_pre"": ""0"", ""ovt_sel_req_pre"": ""0"", ""ovt_sel_req"": ""0"", ""ovt_buy_req"": ""0"", ""ovt_buy_req_pre"": ""0"", ""return_code"": 0, ""return_msg"": ""정상적으로 처리되었습니다""}"
2026-06-10,watchlist,000810,,0,filtered_candidate_recheck,618000,,618000,617000,618000,614000,-0.8090614886731391,0.16181229773462785,,,,,,"{""bid_req_base_tm"": ""104059"", ""sel_10th_pre_req_pre"": ""0"", ""sel_10th_pre_req"": ""17"", ""sel_10th_pre_bid"": ""-627000"", ""sel_9th_pre_req_pre"": ""0"", ""sel_9th_pre_req"": ""23"", ""sel_9th_pre_bid"": ""-626000"", ""sel_8th_pre_req_pre"": ""0"", ""sel_8th_pre_req"": ""107"", ""sel_8th_pre_bid"": ""-625000"", ""sel_7th_pre_req_pre"": ""0"", ""sel_7th_pre_req"": ""18"", ""sel_7th_pre_bid"": ""-624000"", ""sel_6th_pre_req_pre"": ""0"", ""sel_6th_pre_req"": ""316"", ""sel_6th_pre_bid"": ""-623000"", ""sel_5th_pre_req_pre"": ""0"", ""sel_5th_pre_req"": ""131"", ""sel_5th_pre_bid"": ""-622000"", ""sel_4th_pre_req_pre"": ""0"", ""sel_4th_pre_req"": ""154"", ""sel_4th_pre_bid"": ""-621000"", ""sel_3th_pre_req_pre"": ""0"", ""sel_3th_pre_req"": ""24"", ""sel_3th_pre_bid"": ""-620000"", ""sel_2th_pre_req_pre"": ""0"", ""sel_2th_pre_req"": ""239"", ""sel_2th_pre_bid"": ""-619000"", ""sel_1th_pre_req_pre"": ""+1"", ""sel_fpr_req"": ""601"", ""sel_fpr_bid"": ""-618000"", ""buy_fpr_bid"": ""-617000"", ""buy_fpr_req"": ""686"", ""buy_1th_pre_req_pre"": ""0"", ""buy_2th_pre_bid"": ""-616000"", ""buy_2th_pre_req"": ""61"", ""buy_2th_pre_req_pre"": ""0"", ""buy_3th_pre_bid"": ""-615000"", ""buy_3th_pre_req"": ""31"", ""buy_3th_pre_req_pre"": ""0"", ""buy_4th_pre_bid"": ""-614000"", ""buy_4th_pre_req"": ""38"", ""buy_4th_pre_req_pre"": ""0"", ""buy_5th_pre_bid"": ""-613000"", ""buy_5th_pre_req"": ""25"", ""buy_5th_pre_req_pre"": ""0"", ""buy_6th_pre_bid"": ""-612000"", ""buy_6th_pre_req"": ""11"", ""buy_6th_pre_req_pre"": ""0"", ""buy_7th_pre_bid"": ""-611000"", ""buy_7th_pre_req"": ""8"", ""buy_7th_pre_req_pre"": ""0"", ""buy_8th_pre_bid"": ""-610000"", ""buy_8th_pre_req"": ""68"", ""buy_8th_pre_req_pre"": ""0"", ""buy_9th_pre_bid"": ""-609000"", ""buy_9th_pre_req"": ""18"", ""buy_9th_pre_req_pre"": ""0"", ""buy_10th_pre_bid"": ""-608000"", ""buy_10th_pre_req"": ""35"", ""buy_10th_pre_req_pre"": ""0"", ""tot_sel_req_jub_pre"": ""+1"", ""tot_sel_req"": ""1630"", ""tot_buy_req"": ""981"", ""tot_buy_req_jub_pre"": ""0"", ""ovt_sel_req_pre"": ""0"", ""ovt_sel_req"": ""0"", ""ovt_buy_req"": ""0"", ""ovt_buy_req_pre"": ""0"", ""return_code"": 0, ""return_msg"": ""정상적으로 처리되었습니다""}"
2026-06-10,watchlist,005930,,0,filtered_candidate_recheck,309000,,309000,308500,309000,309500,0.0,0.16181229773462785,,,,,,"{""bid_req_base_tm"": ""104059"", ""sel_10th_pre_req_pre"": ""0"", ""sel_10th_pre_req"": ""9736"", ""sel_10th_pre_bid"": ""-313500"", ""sel_9th_pre_req_pre"": ""0"", ""sel_9th_pre_req"": ""20102"", ""sel_9th_pre_bid"": ""-313000"", ""sel_8th_pre_req_pre"": ""0"", ""sel_8th_pre_req"": ""17705"", ""sel_8th_pre_bid"": ""-312500"", ""sel_7th_pre_req_pre"": ""0"", ""sel_7th_pre_req"": ""35093"", ""sel_7th_pre_bid"": ""-312000"", ""sel_6th_pre_req_pre"": ""0"", ""sel_6th_pre_req"": ""11768"", ""sel_6th_pre_bid"": ""-311500"", ""sel_5th_pre_req_pre"": ""--2000"", ""sel_5th_pre_req"": ""22392"", ""sel_5th_pre_bid"": ""-311000"", ""sel_4th_pre_req_pre"": ""0"", ""sel_4th_pre_req"": ""24320"", ""sel_4th_pre_bid"": ""-310500"", ""sel_3th_pre_req_pre"": ""--12100"", ""sel_3th_pre_req"": ""19611"", ""sel_3th_pre_bid"": ""-310000"", ""sel_2th_pre_req_pre"": ""+14100"", ""sel_2th_pre_req"": ""31909"", ""sel_2th_pre_bid"": ""-309500"", ""sel_1th_pre_req_pre"": ""0"", ""sel_fpr_req"": ""15718"", ""sel_fpr_bid"": ""-309000"", ""buy_fpr_bid"": ""-308500"", ""buy_fpr_req"": ""6885"", ""buy_1th_pre_req_pre"": ""--9200"", ""buy_2th_pre_bid"": ""-308000"", ""buy_2th_pre_req"": ""16089"", ""buy_2th_pre_req_pre"": ""+7248"", ""buy_3th_pre_bid"": ""-307500"", ""buy_3th_pre_req"": ""9385"", ""buy_3th_pre_req_pre"": ""+2000"", ""buy_4th_pre_bid"": ""-307000"", ""buy_4th_pre_req"": ""16902"", ""buy_4th_pre_req_pre"": ""0"", ""buy_5th_pre_bid"": ""-306500"", ""buy_5th_pre_req"": ""27274"", ""buy_5th_pre_req_pre"": ""0"", ""buy_6th_pre_bid"": ""-306000"", ""buy_6th_pre_req"": ""86897"", ""buy_6th_pre_req_pre"": ""0"", ""buy_7th_pre_bid"": ""-305500"", ""buy_7th_pre_req"": ""93728"", ""buy_7th_pre_req_pre"": ""0"", ""buy_8th_pre_bid"": ""-305000"", ""buy_8th_pre_req"": ""224811"", ""buy_8th_pre_req_pre"": ""0"", ""buy_9th_pre_bid"": ""-304500"", ""buy_9th_pre_req"": ""31331"", ""buy_9th_pre_req_pre"": ""0"", ""buy_10th_pre_bid"": ""-304000"", ""buy_10th_pre_req"": ""46592"", ""buy_10th_pre_req_pre"": ""0"", ""tot_sel_req_jub_pre"": ""0"", ""tot_sel_req"": ""208354"", ""tot_buy_req"": ""559894"", ""tot_buy_req_jub_pre"": ""+48"", ""ovt_sel_req_pre"": ""0"", ""ovt_sel_req"": ""0"", ""ovt_buy_req"": ""0"", ""ovt_buy_req_pre"": ""0"", ""return_code"": 0, ""return_msg"": ""정상적으로 처리되었습니다""}"
2026-06-10,watchlist,000370,,0,filtered_candidate_recheck,6540,,6540,6530,6540,6490,-0.9174311926605505,0.1529051987767584,,,,,,"{""bid_req_base_tm"": ""104059"", ""sel_10th_pre_req_pre"": ""0"", ""sel_10th_pre_req"": ""1041"", ""sel_10th_pre_bid"": ""+6630"", ""sel_9th_pre_req_pre"": ""0"", ""sel_9th_pre_req"": ""940"", ""sel_9th_pre_bid"": ""+6620"", ""sel_8th_pre_req_pre"": ""0"", ""sel_8th_pre_req"": ""1003"", ""sel_8th_pre_bid"": ""+6610"", ""sel_7th_pre_req_pre"": ""0"", ""sel_7th_pre_req"": ""232"", ""sel_7th_pre_bid"": ""+6600"", ""sel_6th_pre_req_pre"": ""0"", ""sel_6th_pre_req"": ""217"", ""sel_6th_pre_bid"": ""+6590"", ""sel_5th_pre_req_pre"": ""0"", ""sel_5th_pre_req"": ""625"", ""sel_5th_pre_bid"": ""+6580"", ""sel_4th_pre_req_pre"": ""0"", ""sel_4th_pre_req"": ""751"", ""sel_4th_pre_bid"": ""+6570"", ""sel_3th_pre_req_pre"": ""0"", ""sel_3th_pre_req"": ""389"", ""sel_3th_pre_bid"": ""+6560"", ""sel_2th_pre_req_pre"": ""0"", ""sel_2th_pre_req"": ""765"", ""sel_2th_pre_bid"": ""+6550"", ""sel_1th_pre_req_pre"": ""+136"", ""sel_fpr_req"": ""4572"", ""sel_fpr_bid"": ""+6540"", ""buy_fpr_bid"": ""+6530"", ""buy_fpr_req"": ""31"", ""buy_1th_pre_req_pre"": ""0"", ""buy_2th_pre_bid"": ""+6520"", ""buy_2th_pre_req"": ""548"", ""buy_2th_pre_req_pre"": ""0"", ""buy_3th_pre_bid"": ""+6510"", ""buy_3th_pre_req"": ""622"", ""buy_3th_pre_req_pre"": ""0"", ""buy_4th_pre_bid"": ""+6500"", ""buy_4th_pre_req"": ""1300"", ""buy_4th_pre_req_pre"": ""0"", ""buy_5th_pre_bid"": ""+6490"", ""buy_5th_pre_req"": ""299"", ""buy_5th_pre_req_pre"": ""0"", ""buy_6th_pre_bid"": ""+6480"", ""buy_6th_pre_req"": ""233"", ""buy_6th_pre_req_pre"": ""0"", ""buy_7th_pre_bid"": ""+6470"", ""buy_7th_pre_req"": ""88"", ""buy_7th_pre_req_pre"": ""0"", ""buy_8th_pre_bid"": ""+6460"", ""buy_8th_pre_req"": ""88"", ""buy_8th_pre_req_pre"": ""0"", ""buy_9th_pre_bid"": ""6450"", ""buy_9th_pre_req"": ""530"", ""buy_9th_pre_req_pre"": ""0"", ""buy_10th_pre_bid"": ""-6440"", ""buy_10th_pre_req"": ""130"", ""buy_10th_pre_req_pre"": ""0"", ""tot_sel_req_jub_pre"": ""+136"", ""tot_sel_req"": ""10535"", ""tot_buy_req"": ""3869"", ""tot_buy_req_jub_pre"": ""0"", ""ovt_sel_req_pre"": ""0"", ""ovt_sel_req"": ""0"", ""ovt_buy_req"": ""0"", ""ovt_buy_req_pre"": ""0"", ""return_code"": 0, ""return_msg"": ""정상적으로 처리되었습니다""}"
2026-06-10,watchlist,064400,,0,filtered_candidate_recheck,96500,,96500,96400,96500,96700,0.10362694300518134,0.10362694300518134,,,,,,"{""bid_req_base_tm"": ""104059"", ""sel_10th_pre_req_pre"": ""0"", ""sel_10th_pre_req"": ""519"", ""sel_10th_pre_bid"": ""-97400"", ""sel_9th_pre_req_pre"": ""0"", ""sel_9th_pre_req"": ""270"", ""sel_9th_pre_bid"": ""-97300"", ""sel_8th_pre_req_pre"": ""0"", ""sel_8th_pre_req"": ""182"", ""sel_8th_pre_bid"": ""-97200"", ""sel_7th_pre_req_pre"": ""0"", ""sel_7th_pre_req"": ""102"", ""sel_7th_pre_bid"": ""-97100"", ""sel_6th_pre_req_pre"": ""0"", ""sel_6th_pre_req"": ""913"", ""sel_6th_pre_bid"": ""-97000"", ""sel_5th_pre_req_pre"": ""0"", ""sel_5th_pre_req"": ""315"", ""sel_5th_pre_bid"": ""-96900"", ""sel_4th_pre_req_pre"": ""0"", ""sel_4th_pre_req"": ""1361"", ""sel_4th_pre_bid"": ""-96800"", ""sel_3th_pre_req_pre"": ""0"", ""sel_3th_pre_req"": ""135"", ""sel_3th_pre_bid"": ""-96700"", ""sel_2th_pre_req_pre"": ""0"", ""sel_2th_pre_req"": ""680"", ""sel_2th_pre_bid"": ""-96600"", ""sel_1th_pre_req_pre"": ""0"", ""sel_fpr_req"": ""3"", ""sel_fpr_bid"": ""-96500"", ""buy_fpr_bid"": ""-96400"", ""buy_fpr_req"": ""263"", ""buy_1th_pre_req_pre"": ""0"", ""buy_2th_pre_bid"": ""-96300"", ""buy_2th_pre_req"": ""1177"", ""buy_2th_pre_req_pre"": ""0"", ""buy_3th_pre_bid"": ""-96200"", ""buy_3th_pre_req"": ""1265"", ""buy_3th_pre_req_pre"": ""+1"", ""buy_4th_pre_bid"": ""-96100"", ""buy_4th_pre_req"": ""1583"", ""buy_4th_pre_req_pre"": ""0"", ""buy_5th_pre_bid"": ""-96000"", ""buy_5th_pre_req"": ""2716"", ""buy_5th_pre_req_pre"": ""0"", ""buy_6th_pre_bid"": ""-95900"", ""buy_6th_pre_req"": ""352"", ""buy_6th_pre_req_pre"": ""0"", ""buy_7th_pre_bid"": ""-95800"", ""buy_7th_pre_req"": ""1554"", ""buy_7th_pre_req_pre"": ""0"", ""buy_8th_pre_bid"": ""-95700"", ""buy_8th_pre_req"": ""1120"", ""buy_8th_pre_req_pre"": ""0"", ""buy_9th_pre_bid"": ""-95600"", ""buy_9th_pre_req"": ""1295"", ""buy_9th_pre_req_pre"": ""0"", ""buy_10th_pre_bid"": ""-95500"", ""buy_10th_pre_req"": ""1447"", ""buy_10th_pre_req_pre"": ""0"", ""tot_sel_req_jub_pre"": ""0"", ""tot_sel_req"": ""4480"", ""tot_buy_req"": ""12772"", ""tot_buy_req_jub_pre"": ""+1"", ""ovt_sel_req_pre"": ""0"", ""ovt_sel_req"": ""0"", ""ovt_buy_req"": ""0"", ""ovt_buy_req_pre"": ""0"", ""return_code"": 0, ""return_msg"": ""정상적으로 처리되었습니다""}"
2026-06-10,watchlist,009420,,0,filtered_candidate_recheck,50800,,50800,50600,50800,50700,-0.39370078740157477,0.39370078740157477,,,,,,"{""bid_req_base_tm"": ""104058"", ""sel_10th_pre_req_pre"": ""0"", ""sel_10th_pre_req"": ""159"", ""sel_10th_pre_bid"": ""-51700"", ""sel_9th_pre_req_pre"": ""0"", ""sel_9th_pre_req"": ""83"", ""sel_9th_pre_bid"": ""-51600"", ""sel_8th_pre_req_pre"": ""0"", ""sel_8th_pre_req"": ""41"", ""sel_8th_pre_bid"": ""-51500"", ""sel_7th_pre_req_pre"": ""0"", ""sel_7th_pre_req"": ""313"", ""sel_7th_pre_bid"": ""-51400"", ""sel_6th_pre_req_pre"": ""0"", ""sel_6th_pre_req"": ""460"", ""sel_6th_pre_bid"": ""-51300"", ""sel_5th_pre_req_pre"": ""0"", ""sel_5th_pre_req"": ""641"", ""sel_5th_pre_bid"": ""-51200"", ""sel_4th_pre_req_pre"": ""0"", ""sel_4th_pre_req"": ""76"", ""sel_4th_pre_bid"": ""-51100"", ""sel_3th_pre_req_pre"": ""0"", ""sel_3th_pre_req"": ""160"", ""sel_3th_pre_bid"": ""-51000"", ""sel_2th_pre_req_pre"": ""0"", ""sel_2th_pre_req"": ""239"", ""sel_2th_pre_bid"": ""-50900"", ""sel_1th_pre_req_pre"": ""0"", ""sel_fpr_req"": ""54"", ""sel_fpr_bid"": ""-50800"", ""buy_fpr_bid"": ""-50600"", ""buy_fpr_req"": ""634"", ""buy_1th_pre_req_pre"": ""0"", ""buy_2th_pre_bid"": ""-50500"", ""buy_2th_pre_req"": ""106"", ""buy_2th_pre_req_pre"": ""0"", ""buy_3th_pre_bid"": ""-50400"", ""buy_3th_pre_req"": ""93"", ""buy_3th_pre_req_pre"": ""0"", ""buy_4th_pre_bid"": ""-50300"", ""buy_4th_pre_req"": ""167"", ""buy_4th_pre_req_pre"": ""0"", ""buy_5th_pre_bid"": ""-50200"", ""buy_5th_pre_req"": ""15"", ""buy_5th_pre_req_pre"": ""0"", ""buy_6th_pre_bid"": ""-50100"", ""buy_6th_pre_req"": ""38"", ""buy_6th_pre_req_pre"": ""0"", ""buy_7th_pre_bid"": ""-50000"", ""buy_7th_pre_req"": ""187"", ""buy_7th_pre_req_pre"": ""0"", ""buy_8th_pre_bid"": ""-49950"", ""buy_8th_pre_req"": ""362"", ""buy_8th_pre_req_pre"": ""+1"", ""buy_9th_pre_bid"": ""-49900"", ""buy_9th_pre_req"": ""373"", ""buy_9th_pre_req_pre"": ""0"", ""buy_10th_pre_bid"": ""-49850"", ""buy_10th_pre_req"": ""372"", ""buy_10th_pre_req_pre"": ""0"", ""tot_sel_req_jub_pre"": ""0"", ""tot_sel_req"": ""2226"", ""tot_buy_req"": ""2347"", ""tot_buy_req_jub_pre"": ""+1"", ""ovt_sel_req_pre"": ""0"", ""ovt_sel_req"": ""0"", ""ovt_buy_req"": ""0"", ""ovt_buy_req_pre"": ""0"", ""return_code"": 0, ""return_msg"": ""정상적으로 처리되었습니다""}"
2026-06-10,watchlist,383220,,0,filtered_candidate_recheck,75300,,75300,75100,75300,75000,-0.5312084993359893,0.2656042496679947,,,,,,"{""bid_req_base_tm"": ""104100"", ""sel_10th_pre_req_pre"": ""0"", ""sel_10th_pre_req"": ""100"", ""sel_10th_pre_bid"": ""+76300"", ""sel_9th_pre_req_pre"": ""0"", ""sel_9th_pre_req"": ""5"", ""sel_9th_pre_bid"": ""+76200"", ""sel_8th_pre_req_pre"": ""0"", ""sel_8th_pre_req"": ""122"", ""sel_8th_pre_bid"": ""+76000"", ""sel_7th_pre_req_pre"": ""0"", ""sel_7th_pre_req"": ""159"", ""sel_7th_pre_bid"": ""+75900"", ""sel_6th_pre_req_pre"": ""0"", ""sel_6th_pre_req"": ""14"", ""sel_6th_pre_bid"": ""+75800"", ""sel_5th_pre_req_pre"": ""0"", ""sel_5th_pre_req"": ""14"", ""sel_5th_pre_bid"": ""+75700"", ""sel_4th_pre_req_pre"": ""0"", ""sel_4th_pre_req"": ""6"", ""sel_4th_pre_bid"": ""+75600"", ""sel_3th_pre_req_pre"": ""0"", ""sel_3th_pre_req"": ""2"", ""sel_3th_pre_bid"": ""+75500"", ""sel_2th_pre_req_pre"": ""0"", ""sel_2th_pre_req"": ""24"", ""sel_2th_pre_bid"": ""+75400"", ""sel_1th_pre_req_pre"": ""0"", ""sel_fpr_req"": ""177"", ""sel_fpr_bid"": ""+75300"", ""buy_fpr_bid"": ""+75100"", ""buy_fpr_req"": ""12"", ""buy_1th_pre_req_pre"": ""--1"", ""buy_2th_pre_bid"": ""+75000"", ""buy_2th_pre_req"": ""3"", ""buy_2th_pre_req_pre"": ""0"", ""buy_3th_pre_bid"": ""+74900"", ""buy_3th_pre_req"": ""49"", ""buy_3th_pre_req_pre"": ""0"", ""buy_4th_pre_bid"": ""+74800"", ""buy_4th_pre_req"": ""103"", ""buy_4th_pre_req_pre"": ""0"", ""buy_5th_pre_bid"": ""+74700"", ""buy_5th_pre_req"": ""8"", ""buy_5th_pre_req_pre"": ""0"", ""buy_6th_pre_bid"": ""74600"", ""buy_6th_pre_req"": ""18"", ""buy_6th_pre_req_pre"": ""0"", ""buy_7th_pre_bid"": ""-74500"", ""buy_7th_pre_req"": ""40"", ""buy_7th_pre_req_pre"": ""0"", ""buy_8th_pre_bid"": ""-74400"", ""buy_8th_pre_req"": ""40"", ""buy_8th_pre_req_pre"": ""0"", ""buy_9th_pre_bid"": ""-74300"", ""buy_9th_pre_req"": ""10"", ""buy_9th_pre_req_pre"": ""0"", ""buy_10th_pre_bid"": ""-74200"", ""buy_10th_pre_req"": ""5"", ""buy_10th_pre_req_pre"": ""0"", ""tot_sel_req_jub_pre"": ""0"", ""tot_sel_req"": ""623"", ""tot_buy_req"": ""288"", ""tot_buy_req_jub_pre"": ""--1"", ""ovt_sel_req_pre"": ""0"", ""ovt_sel_req"": ""0"", ""ovt_buy_req"": ""0"", ""ovt_buy_req_pre"": ""0"", ""return_code"": 0, ""return_msg"": ""정상적으로 처리되었습니다""}"
2026-06-10,watchlist,004170,,0,filtered_candidate_recheck,674000,,674000,673000,674000,675000,0.0,0.1483679525222552,,,,,,"{""bid_req_base_tm"": ""104100"", ""sel_10th_pre_req_pre"": ""0"", ""sel_10th_pre_req"": ""7"", ""sel_10th_pre_bid"": ""+683000"", ""sel_9th_pre_req_pre"": ""0"", ""sel_9th_pre_req"": ""7"", ""sel_9th_pre_bid"": ""+682000"", ""sel_8th_pre_req_pre"": ""0"", ""sel_8th_pre_req"": ""14"", ""sel_8th_pre_bid"": ""+681000"", ""sel_7th_pre_req_pre"": ""0"", ""sel_7th_pre_req"": ""143"", ""sel_7th_pre_bid"": ""+680000"", ""sel_6th_pre_req_pre"": ""0"", ""sel_6th_pre_req"": ""33"", ""sel_6th_pre_bid"": ""+679000"", ""sel_5th_pre_req_pre"": ""0"", ""sel_5th_pre_req"": ""60"", ""sel_5th_pre_bid"": ""+678000"", ""sel_4th_pre_req_pre"": ""0"", ""sel_4th_pre_req"": ""14"", ""sel_4th_pre_bid"": ""+677000"", ""sel_3th_pre_req_pre"": ""0"", ""sel_3th_pre_req"": ""35"", ""sel_3th_pre_bid"": ""+676000"", ""sel_2th_pre_req_pre"": ""0"", ""sel_2th_pre_req"": ""139"", ""sel_2th_pre_bid"": ""+675000"", ""sel_1th_pre_req_pre"": ""0"", ""sel_fpr_req"": ""112"", ""sel_fpr_bid"": ""+674000"", ""buy_fpr_bid"": ""+673000"", ""buy_fpr_req"": ""50"", ""buy_1th_pre_req_pre"": ""0"", ""buy_2th_pre_bid"": ""+672000"", ""buy_2th_pre_req"": ""92"", ""buy_2th_pre_req_pre"": ""0"", ""buy_3th_pre_bid"": ""+671000"", ""buy_3th_pre_req"": ""6"", ""buy_3th_pre_req_pre"": ""0"", ""buy_4th_pre_bid"": ""+670000"", ""buy_4th_pre_req"": ""28"", ""buy_4th_pre_req_pre"": ""0"", ""buy_5th_pre_bid"": ""+669000"", ""buy_5th_pre_req"": ""50"", ""buy_5th_pre_req_pre"": ""0"", ""buy_6th_pre_bid"": ""+668000"", ""buy_6th_pre_req"": ""208"", ""buy_6th_pre_req_pre"": ""0"", ""buy_7th_pre_bid"": ""+667000"", ""buy_7th_pre_req"": ""818"", ""buy_7th_pre_req_pre"": ""0"", ""buy_8th_pre_bid"": ""+666000"", ""buy_8th_pre_req"": ""72"", ""buy_8th_pre_req_pre"": ""0"", ""buy_9th_pre_bid"": ""+665000"", ""buy_9th_pre_req"": ""1146"", ""buy_9th_pre_req_pre"": ""0"", ""buy_10th_pre_bid"": ""+664000"", ""buy_10th_pre_req"": ""21"", ""buy_10th_pre_req_pre"": ""0"", ""tot_sel_req_jub_pre"": ""0"", ""tot_sel_req"": ""564"", ""tot_buy_req"": ""2491"", ""tot_buy_req_jub_pre"": ""0"", ""ovt_sel_req_pre"": ""0"", ""ovt_sel_req"": ""0"", ""ovt_buy_req"": ""0"", ""ovt_buy_req_pre"": ""0"", ""return_code"": 0, ""return_msg"": ""정상적으로 처리되었습니다""}"
2026-06-10,watchlist,018260,,1,filtered_candidate_recheck,233000,,233000,232500,233000,234500,0.4291845493562232,0.2145922746781116,,,,,,"{""bid_req_base_tm"": ""104100"", ""sel_10th_pre_req_pre"": ""0"", ""sel_10th_pre_req"": ""95"", ""sel_10th_pre_bid"": ""-237500"", ""sel_9th_pre_req_pre"": ""0"", ""sel_9th_pre_req"": ""801"", ""sel_9th_pre_bid"": ""-237000"", ""sel_8th_pre_req_pre"": ""0"", ""sel_8th_pre_req"": ""208"", ""sel_8th_pre_bid"": ""-236500"", ""sel_7th_pre_req_pre"": ""0"", ""sel_7th_pre_req"": ""178"", ""sel_7th_pre_bid"": ""-236000"", ""sel_6th_pre_req_pre"": ""0"", ""sel_6th_pre_req"": ""213"", ""sel_6th_pre_bid"": ""-235500"", ""sel_5th_pre_req_pre"": ""0"", ""sel_5th_pre_req"": ""165"", ""sel_5th_pre_bid"": ""-235000"", ""sel_4th_pre_req_pre"": ""0"", ""sel_4th_pre_req"": ""131"", ""sel_4th_pre_bid"": ""-234500"", ""sel_3th_pre_req_pre"": ""0"", ""sel_3th_pre_req"": ""149"", ""sel_3th_pre_bid"": ""-234000"", ""sel_2th_pre_req_pre"": ""0"", ""sel_2th_pre_req"": ""89"", ""sel_2th_pre_bid"": ""-233500"", ""sel_1th_pre_req_pre"": ""0"", ""sel_fpr_req"": ""67"", ""sel_fpr_bid"": ""-233000"", ""buy_fpr_bid"": ""-232500"", ""buy_fpr_req"": ""20"", ""buy_1th_pre_req_pre"": ""+10"", ""buy_2th_pre_bid"": ""-232000"", ""buy_2th_pre_req"": ""580"", ""buy_2th_pre_req_pre"": ""0"", ""buy_3th_pre_bid"": ""-231500"", ""buy_3th_pre_req"": ""1804"", ""buy_3th_pre_req_pre"": ""0"", ""buy_4th_pre_bid"": ""-231000"", ""buy_4th_pre_req"": ""2484"", ""buy_4th_pre_req_pre"": ""0"", ""buy_5th_pre_bid"": ""-230500"", ""buy_5th_pre_req"": ""2108"", ""buy_5th_pre_req_pre"": ""0"", ""buy_6th_pre_bid"": ""-230000"", ""buy_6th_pre_req"": ""4247"", ""buy_6th_pre_req_pre"": ""0"", ""buy_7th_pre_bid"": ""-229500"", ""buy_7th_pre_req"": ""839"", ""buy_7th_pre_req_pre"": ""0"", ""buy_8th_pre_bid"": ""-229000"", ""buy_8th_pre_req"": ""1425"", ""buy_8th_pre_req_pre"": ""0"", ""buy_9th_pre_bid"": ""-228500"", ""buy_9th_pre_req"": ""555"", ""buy_9th_pre_req_pre"": ""0"", ""buy_10th_pre_bid"": ""-228000"", ""buy_10th_pre_req"": ""1657"", ""buy_10th_pre_req_pre"": ""0"", ""tot_sel_req_jub_pre"": ""0"", ""tot_sel_req"": ""2096"", ""tot_buy_req"": ""15719"", ""tot_buy_req_jub_pre"": ""+10"", ""ovt_sel_req_pre"": ""0"", ""ovt_sel_req"": ""0"", ""ovt_buy_req"": ""0"", ""ovt_buy_req_pre"": ""0"", ""return_code"": 0, ""return_msg"": ""정상적으로 처리되었습니다""}"
2026-06-10,watchlist,161390,,0,filtered_candidate_recheck,71500,,71500,71400,71500,71700,0.13986013986013987,0.13986013986013987,,,,,,"{""bid_req_base_tm"": ""104059"", ""sel_10th_pre_req_pre"": ""0"", ""sel_10th_pre_req"": ""9"", ""sel_10th_pre_bid"": ""-72400"", ""sel_9th_pre_req_pre"": ""0"", ""sel_9th_pre_req"": ""34"", ""sel_9th_pre_bid"": ""-72300"", ""sel_8th_pre_req_pre"": ""0"", ""sel_8th_pre_req"": ""19"", ""sel_8th_pre_bid"": ""-72200"", ""sel_7th_pre_req_pre"": ""0"", ""sel_7th_pre_req"": ""31"", ""sel_7th_pre_bid"": ""-72100"", ""sel_6th_pre_req_pre"": ""0"", ""sel_6th_pre_req"": ""151"", ""sel_6th_pre_bid"": ""-72000"", ""sel_5th_pre_req_pre"": ""0"", ""sel_5th_pre_req"": ""326"", ""sel_5th_pre_bid"": ""-71900"", ""sel_4th_pre_req_pre"": ""0"", ""sel_4th_pre_req"": ""176"", ""sel_4th_pre_bid"": ""-71800"", ""sel_3th_pre_req_pre"": ""0"", ""sel_3th_pre_req"": ""315"", ""sel_3th_pre_bid"": ""-71700"", ""sel_2th_pre_req_pre"": ""0"", ""sel_2th_pre_req"": ""466"", ""sel_2th_pre_bid"": ""-71600"", ""sel_1th_pre_req_pre"": ""0"", ""sel_fpr_req"": ""738"", ""sel_fpr_bid"": ""-71500"", ""buy_fpr_bid"": ""-71400"", ""buy_fpr_req"": ""735"", ""buy_1th_pre_req_pre"": ""--3"", ""buy_2th_pre_bid"": ""-71300"", ""buy_2th_pre_req"": ""312"", ""buy_2th_pre_req_pre"": ""0"", ""buy_3th_pre_bid"": ""-71200"", ""buy_3th_pre_req"": ""445"", ""buy_3th_pre_req_pre"": ""0"", ""buy_4th_pre_bid"": ""-71100"", ""buy_4th_pre_req"": ""260"", ""buy_4th_pre_req_pre"": ""0"", ""buy_5th_pre_bid"": ""-71000"", ""buy_5th_pre_req"": ""1093"", ""buy_5th_pre_req_pre"": ""0"", ""buy_6th_pre_bid"": ""-70900"", ""buy_6th_pre_req"": ""2119"", ""buy_6th_pre_req_pre"": ""0"", ""buy_7th_pre_bid"": ""-70800"", ""buy_7th_pre_req"": ""164"", ""buy_7th_pre_req_pre"": ""0"", ""buy_8th_pre_bid"": ""-70700"", ""buy_8th_pre_req"": ""72"", ""buy_8th_pre_req_pre"": ""0"", ""buy_9th_pre_bid"": ""-70600"", ""buy_9th_pre_req"": ""87"", ""buy_9th_pre_req_pre"": ""0"", ""buy_10th_pre_bid"": ""-70500"", ""buy_10th_pre_req"": ""345"", ""buy_10th_pre_req_pre"": ""0"", ""tot_sel_req_jub_pre"": ""0"", ""tot_sel_req"": ""2265"", ""tot_buy_req"": ""5632"", ""tot_buy_req_jub_pre"": ""--3"", ""ovt_sel_req_pre"": ""0"", ""ovt_sel_req"": ""0"", ""ovt_buy_req"": ""0"", ""ovt_buy_req_pre"": ""0"", ""return_code"": 0, ""return_msg"": ""정상적으로 처리되었습니다""}"
2026-06-10,watchlist,078930,,0,filtered_candidate_recheck,74000,,74000,73900,74000,74200,0.13513513513513514,0.13513513513513514,,,,,,"{""bid_req_base_tm"": ""104059"", ""sel_10th_pre_req_pre"": ""0"", ""sel_10th_pre_req"": ""32"", ""sel_10th_pre_bid"": ""+74900"", ""sel_9th_pre_req_pre"": ""0"", ""sel_9th_pre_req"": ""5"", ""sel_9th_pre_bid"": ""+74800"", ""sel_8th_pre_req_pre"": ""0"", ""sel_8th_pre_req"": ""237"", ""sel_8th_pre_bid"": ""+74700"", ""sel_7th_pre_req_pre"": ""0"", ""sel_7th_pre_req"": ""104"", ""sel_7th_pre_bid"": ""+74600"", ""sel_6th_pre_req_pre"": ""0"", ""sel_6th_pre_req"": ""75"", ""sel_6th_pre_bid"": ""+74500"", ""sel_5th_pre_req_pre"": ""0"", ""sel_5th_pre_req"": ""96"", ""sel_5th_pre_bid"": ""+74400"", ""sel_4th_pre_req_pre"": ""0"", ""sel_4th_pre_req"": ""2"", ""sel_4th_pre_bid"": ""+74300"", ""sel_3th_pre_req_pre"": ""0"", ""sel_3th_pre_req"": ""99"", ""sel_3th_pre_bid"": ""+74200"", ""sel_2th_pre_req_pre"": ""0"", ""sel_2th_pre_req"": ""33"", ""sel_2th_pre_bid"": ""+74100"", ""sel_1th_pre_req_pre"": ""0"", ""sel_fpr_req"": ""141"", ""sel_fpr_bid"": ""+74000"", ""buy_fpr_bid"": ""+73900"", ""buy_fpr_req"": ""140"", ""buy_1th_pre_req_pre"": ""0"", ""buy_2th_pre_bid"": ""-73700"", ""buy_2th_pre_req"": ""78"", ""buy_2th_pre_req_pre"": ""+5"", ""buy_3th_pre_bid"": ""-73600"", ""buy_3th_pre_req"": ""2158"", ""buy_3th_pre_req_pre"": ""0"", ""buy_4th_pre_bid"": ""-73500"", ""buy_4th_pre_req"": ""249"", ""buy_4th_pre_req_pre"": ""0"", ""buy_5th_pre_bid"": ""-73400"", ""buy_5th_pre_req"": ""1"", ""buy_5th_pre_req_pre"": ""0"", ""buy_6th_pre_bid"": ""-73100"", ""buy_6th_pre_req"": ""150"", ""buy_6th_pre_req_pre"": ""0"", ""buy_7th_pre_bid"": ""-73000"", ""buy_7th_pre_req"": ""2"", ""buy_7th_pre_req_pre"": ""0"", ""buy_8th_pre_bid"": ""-72900"", ""buy_8th_pre_req"": ""4"", ""buy_8th_pre_req_pre"": ""0"", ""buy_9th_pre_bid"": ""-72800"", ""buy_9th_pre_req"": ""20"", ""buy_9th_pre_req_pre"": ""0"", ""buy_10th_pre_bid"": ""-72700"", ""buy_10th_pre_req"": ""50"", ""buy_10th_pre_req_pre"": ""0"", ""tot_sel_req_jub_pre"": ""0"", ""tot_sel_req"": ""824"", ""tot_buy_req"": ""2852"", ""tot_buy_req_jub_pre"": ""+5"", ""ovt_sel_req_pre"": ""0"", ""ovt_sel_req"": ""0"", ""ovt_buy_req"": ""0"", ""ovt_buy_req_pre"": ""0"", ""return_code"": 0, ""return_msg"": ""정상적으로 처리되었습니다""}"
2026-06-10,watchlist,462870,,0,filtered_candidate_recheck,31900,,31900,31850,31900,31700,-0.7836990595611284,0.1567398119122257,,,,,,"{""bid_req_base_tm"": ""104058"", ""sel_10th_pre_req_pre"": ""0"", ""sel_10th_pre_req"": ""10"", ""sel_10th_pre_bid"": ""-32350"", ""sel_9th_pre_req_pre"": ""0"", ""sel_9th_pre_req"": ""175"", ""sel_9th_pre_bid"": ""-32300"", ""sel_8th_pre_req_pre"": ""0"", ""sel_8th_pre_req"": ""60"", ""sel_8th_pre_bid"": ""-32250"", ""sel_7th_pre_req_pre"": ""0"", ""sel_7th_pre_req"": ""235"", ""sel_7th_pre_bid"": ""-32200"", ""sel_6th_pre_req_pre"": ""0"", ""sel_6th_pre_req"": ""30"", ""sel_6th_pre_bid"": ""-32150"", ""sel_5th_pre_req_pre"": ""0"", ""sel_5th_pre_req"": ""113"", ""sel_5th_pre_bid"": ""-32100"", ""sel_4th_pre_req_pre"": ""0"", ""sel_4th_pre_req"": ""126"", ""sel_4th_pre_bid"": ""-32050"", ""sel_3th_pre_req_pre"": ""0"", ""sel_3th_pre_req"": ""158"", ""sel_3th_pre_bid"": ""-32000"", ""sel_2th_pre_req_pre"": ""0"", ""sel_2th_pre_req"": ""127"", ""sel_2th_pre_bid"": ""-31950"", ""sel_1th_pre_req_pre"": ""--5"", ""sel_fpr_req"": ""122"", ""sel_fpr_bid"": ""-31900"", ""buy_fpr_bid"": ""-31850"", ""buy_fpr_req"": ""32"", ""buy_1th_pre_req_pre"": ""0"", ""buy_2th_pre_bid"": ""-31800"", ""buy_2th_pre_req"": ""35"", ""buy_2th_pre_req_pre"": ""0"", ""buy_3th_pre_bid"": ""-31750"", ""buy_3th_pre_req"": ""13"", ""buy_3th_pre_req_pre"": ""0"", ""buy_4th_pre_bid"": ""-31700"", ""buy_4th_pre_req"": ""2"", ""buy_4th_pre_req_pre"": ""0"", ""buy_5th_pre_bid"": ""-31650"", ""buy_5th_pre_req"": ""15"", ""buy_5th_pre_req_pre"": ""0"", ""buy_6th_pre_bid"": ""-31600"", ""buy_6th_pre_req"": ""125"", ""buy_6th_pre_req_pre"": ""0"", ""buy_7th_pre_bid"": ""-31550"", ""buy_7th_pre_req"": ""82"", ""buy_7th_pre_req_pre"": ""0"", ""buy_8th_pre_bid"": ""-31500"", ""buy_8th_pre_req"": ""10"", ""buy_8th_pre_req_pre"": ""0"", ""buy_9th_pre_bid"": ""-31450"", ""buy_9th_pre_req"": ""1"", ""buy_9th_pre_req_pre"": ""0"", ""buy_10th_pre_bid"": ""-31400"", ""buy_10th_pre_req"": ""13"", ""buy_10th_pre_req_pre"": ""0"", ""tot_sel_req_jub_pre"": ""--5"", ""tot_sel_req"": ""1156"", ""tot_buy_req"": ""328"", ""tot_buy_req_jub_pre"": ""0"", ""ovt_sel_req_pre"": ""0"", ""ovt_sel_req"": ""0"", ""ovt_buy_req"": ""0"", ""ovt_buy_req_pre"": ""0"", ""return_code"": 0, ""return_msg"": ""정상적으로 처리되었습니다""}"
2026-06-10,watchlist,055550,,0,filtered_candidate_recheck,99500,,99500,99400,99500,99000,-0.6030150753768844,0.10050251256281408,,,,,,"{""bid_req_base_tm"": ""104101"", ""sel_10th_pre_req_pre"": ""0"", ""sel_10th_pre_req"": ""1279"", ""sel_10th_pre_bid"": ""-100500"", ""sel_9th_pre_req_pre"": ""0"", ""sel_9th_pre_req"": ""1353"", ""sel_9th_pre_bid"": ""-100400"", ""sel_8th_pre_req_pre"": ""0"", ""sel_8th_pre_req"": ""402"", ""sel_8th_pre_bid"": ""-100300"", ""sel_7th_pre_req_pre"": ""0"", ""sel_7th_pre_req"": ""117"", ""sel_7th_pre_bid"": ""-100200"", ""sel_6th_pre_req_pre"": ""0"", ""sel_6th_pre_req"": ""436"", ""sel_6th_pre_bid"": ""-100100"", ""sel_5th_pre_req_pre"": ""0"", ""sel_5th_pre_req"": ""524"", ""sel_5th_pre_bid"": ""-100000"", ""sel_4th_pre_req_pre"": ""0"", ""sel_4th_pre_req"": ""244"", ""sel_4th_pre_bid"": ""-99800"", ""sel_3th_pre_req_pre"": ""0"", ""sel_3th_pre_req"": ""883"", ""sel_3th_pre_bid"": ""-99700"", ""sel_2th_pre_req_pre"": ""+238"", ""sel_2th_pre_req"": ""6408"", ""sel_2th_pre_bid"": ""-99600"", ""sel_1th_pre_req_pre"": ""0"", ""sel_fpr_req"": ""6988"", ""sel_fpr_bid"": ""-99500"", ""buy_fpr_bid"": ""-99400"", ""buy_fpr_req"": ""1243"", ""buy_1th_pre_req_pre"": ""+186"", ""buy_2th_pre_bid"": ""-99300"", ""buy_2th_pre_req"": ""163"", ""buy_2th_pre_req_pre"": ""0"", ""buy_3th_pre_bid"": ""-99200"", ""buy_3th_pre_req"": ""141"", ""buy_3th_pre_req_pre"": ""0"", ""buy_4th_pre_bid"": ""-99100"", ""buy_4th_pre_req"": ""214"", ""buy_4th_pre_req_pre"": ""0"", ""buy_5th_pre_bid"": ""-99000"", ""buy_5th_pre_req"": ""429"", ""buy_5th_pre_req_pre"": ""0"", ""buy_6th_pre_bid"": ""-98900"", ""buy_6th_pre_req"": ""179"", ""buy_6th_pre_req_pre"": ""0"", ""buy_7th_pre_bid"": ""-98800"", ""buy_7th_pre_req"": ""288"", ""buy_7th_pre_req_pre"": ""0"", ""buy_8th_pre_bid"": ""-98700"", ""buy_8th_pre_req"": ""248"", ""buy_8th_pre_req_pre"": ""0"", ""buy_9th_pre_bid"": ""-98600"", ""buy_9th_pre_req"": ""152"", ""buy_9th_pre_req_pre"": ""0"", ""buy_10th_pre_bid"": ""-98500"", ""buy_10th_pre_req"": ""420"", ""buy_10th_pre_req_pre"": ""0"", ""tot_sel_req_jub_pre"": ""+238"", ""tot_sel_req"": ""18634"", ""tot_buy_req"": ""3477"", ""tot_buy_req_jub_pre"": ""+186"", ""ovt_sel_req_pre"": ""0"", ""ovt_sel_req"": ""0"", ""ovt_buy_req"": ""0"", ""ovt_buy_req_pre"": ""0"", ""return_code"": 0, ""return_msg"": ""정상적으로 처리되었습니다""}"
2026-06-10,watchlist,192080,,1,filtered_candidate_recheck,71000,,71000,70900,71000,70800,-0.42253521126760557,0.14084507042253522,,,,,,"{""bid_req_base_tm"": ""104100"", ""sel_10th_pre_req_pre"": ""0"", ""sel_10th_pre_req"": ""1"", ""sel_10th_pre_bid"": ""72000"", ""sel_9th_pre_req_pre"": ""0"", ""sel_9th_pre_req"": ""16"", ""sel_9th_pre_bid"": ""-71900"", ""sel_8th_pre_req_pre"": ""0"", ""sel_8th_pre_req"": ""5"", ""sel_8th_pre_bid"": ""-71800"", ""sel_7th_pre_req_pre"": ""0"", ""sel_7th_pre_req"": ""960"", ""sel_7th_pre_bid"": ""-71700"", ""sel_6th_pre_req_pre"": ""0"", ""sel_6th_pre_req"": ""35"", ""sel_6th_pre_bid"": ""-71600"", ""sel_5th_pre_req_pre"": ""0"", ""sel_5th_pre_req"": ""33"", ""sel_5th_pre_bid"": ""-71400"", ""sel_4th_pre_req_pre"": ""0"", ""sel_4th_pre_req"": ""8"", ""sel_4th_pre_bid"": ""-71300"", ""sel_3th_pre_req_pre"": ""0"", ""sel_3th_pre_req"": ""65"", ""sel_3th_pre_bid"": ""-71200"", ""sel_2th_pre_req_pre"": ""0"", ""sel_2th_pre_req"": ""41"", ""sel_2th_pre_bid"": ""-71100"", ""sel_1th_pre_req_pre"": ""+1"", ""sel_fpr_req"": ""113"", ""sel_fpr_bid"": ""-71000"", ""buy_fpr_bid"": ""-70900"", ""buy_fpr_req"": ""38"", ""buy_1th_pre_req_pre"": ""0"", ""buy_2th_pre_bid"": ""-70800"", ""buy_2th_pre_req"": ""91"", ""buy_2th_pre_req_pre"": ""0"", ""buy_3th_pre_bid"": ""-70700"", ""buy_3th_pre_req"": ""109"", ""buy_3th_pre_req_pre"": ""0"", ""buy_4th_pre_bid"": ""-70600"", ""buy_4th_pre_req"": ""100"", ""buy_4th_pre_req_pre"": ""0"", ""buy_5th_pre_bid"": ""-70500"", ""buy_5th_pre_req"": ""181"", ""buy_5th_pre_req_pre"": ""0"", ""buy_6th_pre_bid"": ""-70400"", ""buy_6th_pre_req"": ""182"", ""buy_6th_pre_req_pre"": ""0"", ""buy_7th_pre_bid"": ""-70300"", ""buy_7th_pre_req"": ""96"", ""buy_7th_pre_req_pre"": ""0"", ""buy_8th_pre_bid"": ""-70200"", ""buy_8th_pre_req"": ""21"", ""buy_8th_pre_req_pre"": ""0"", ""buy_9th_pre_bid"": ""-70100"", ""buy_9th_pre_req"": ""23"", ""buy_9th_pre_req_pre"": ""0"", ""buy_10th_pre_bid"": ""-70000"", ""buy_10th_pre_req"": ""47"", ""buy_10th_pre_req_pre"": ""0"", ""tot_sel_req_jub_pre"": ""+1"", ""tot_sel_req"": ""1277"", ""tot_buy_req"": ""888"", ""tot_buy_req_jub_pre"": ""0"", ""ovt_sel_req_pre"": ""0"", ""ovt_sel_req"": ""0"", ""ovt_buy_req"": ""0"", ""ovt_buy_req_pre"": ""0"", ""return_code"": 0, ""return_msg"": ""정상적으로 처리되었습니다""}"
2026-06-10,watchlist,000430,,0,filtered_candidate_recheck,5730,,5730,5710,5730,5760,0.34904013961605584,0.34904013961605584,,,,,,"{""bid_req_base_tm"": ""104101"", ""sel_10th_pre_req_pre"": ""0"", ""sel_10th_pre_req"": ""2689"", ""sel_10th_pre_bid"": ""-5840"", ""sel_9th_pre_req_pre"": ""0"", ""sel_9th_pre_req"": ""2662"", ""sel_9th_pre_bid"": ""-5830"", ""sel_8th_pre_req_pre"": ""0"", ""sel_8th_pre_req"": ""994"", ""sel_8th_pre_bid"": ""-5820"", ""sel_7th_pre_req_pre"": ""0"", ""sel_7th_pre_req"": ""1694"", ""sel_7th_pre_bid"": ""-5810"", ""sel_6th_pre_req_pre"": ""0"", ""sel_6th_pre_req"": ""2627"", ""sel_6th_pre_bid"": ""-5800"", ""sel_5th_pre_req_pre"": ""0"", ""sel_5th_pre_req"": ""1023"", ""sel_5th_pre_bid"": ""-5790"", ""sel_4th_pre_req_pre"": ""0"", ""sel_4th_pre_req"": ""295"", ""sel_4th_pre_bid"": ""-5780"", ""sel_3th_pre_req_pre"": ""0"", ""sel_3th_pre_req"": ""128"", ""sel_3th_pre_bid"": ""-5770"", ""sel_2th_pre_req_pre"": ""0"", ""sel_2th_pre_req"": ""63"", ""sel_2th_pre_bid"": ""-5760"", ""sel_1th_pre_req_pre"": ""0"", ""sel_fpr_req"": ""1322"", ""sel_fpr_bid"": ""-5730"", ""buy_fpr_bid"": ""-5710"", ""buy_fpr_req"": ""2014"", ""buy_1th_pre_req_pre"": ""--130"", ""buy_2th_pre_bid"": ""-5700"", ""buy_2th_pre_req"": ""4617"", ""buy_2th_pre_req_pre"": ""0"", ""buy_3th_pre_bid"": ""-5690"", ""buy_3th_pre_req"": ""3493"", ""buy_3th_pre_req_pre"": ""0"", ""buy_4th_pre_bid"": ""-5680"", ""buy_4th_pre_req"": ""7764"", ""buy_4th_pre_req_pre"": ""0"", ""buy_5th_pre_bid"": ""-5670"", ""buy_5th_pre_req"": ""5337"", ""buy_5th_pre_req_pre"": ""0"", ""buy_6th_pre_bid"": ""-5660"", ""buy_6th_pre_req"": ""7244"", ""buy_6th_pre_req_pre"": ""0"", ""buy_7th_pre_bid"": ""-5650"", ""buy_7th_pre_req"": ""9904"", ""buy_7th_pre_req_pre"": ""0"", ""buy_8th_pre_bid"": ""-5640"", ""buy_8th_pre_req"": ""2489"", ""buy_8th_pre_req_pre"": ""0"", ""buy_9th_pre_bid"": ""-5630"", ""buy_9th_pre_req"": ""2027"", ""buy_9th_pre_req_pre"": ""0"", ""buy_10th_pre_bid"": ""-5620"", ""buy_10th_pre_req"": ""2947"", ""buy_10th_pre_req_pre"": ""0"", ""tot_sel_req_jub_pre"": ""0"", ""tot_sel_req"": ""13497"", ""tot_buy_req"": ""47836"", ""tot_buy_req_jub_pre"": ""--130"", ""ovt_sel_req_pre"": ""0"", ""ovt_sel_req"": ""0"", ""ovt_buy_req"": ""0"", ""ovt_buy_req_pre"": ""0"", ""return_code"": 0, ""return_msg"": ""정상적으로 처리되었습니다""}"
2026-06-10,watchlist,307950,,0,filtered_candidate_recheck,710000,,710000,709000,710000,709000,-0.28169014084507044,0.14084507042253522,,,,,,"{""bid_req_base_tm"": ""104101"", ""sel_10th_pre_req_pre"": ""0"", ""sel_10th_pre_req"": ""447"", ""sel_10th_pre_bid"": ""+719000"", ""sel_9th_pre_req_pre"": ""0"", ""sel_9th_pre_req"": ""221"", ""sel_9th_pre_bid"": ""+718000"", ""sel_8th_pre_req_pre"": ""0"", ""sel_8th_pre_req"": ""95"", ""sel_8th_pre_bid"": ""+717000"", ""sel_7th_pre_req_pre"": ""0"", ""sel_7th_pre_req"": ""225"", ""sel_7th_pre_bid"": ""+716000"", ""sel_6th_pre_req_pre"": ""0"", ""sel_6th_pre_req"": ""75"", ""sel_6th_pre_bid"": ""+715000"", ""sel_5th_pre_req_pre"": ""0"", ""sel_5th_pre_req"": ""20"", ""sel_5th_pre_bid"": ""+714000"", ""sel_4th_pre_req_pre"": ""0"", ""sel_4th_pre_req"": ""11"", ""sel_4th_pre_bid"": ""+713000"", ""sel_3th_pre_req_pre"": ""0"", ""sel_3th_pre_req"": ""3"", ""sel_3th_pre_bid"": ""+712000"", ""sel_2th_pre_req_pre"": ""0"", ""sel_2th_pre_req"": ""15"", ""sel_2th_pre_bid"": ""+711000"", ""sel_1th_pre_req_pre"": ""0"", ""sel_fpr_req"": ""51"", ""sel_fpr_bid"": ""+710000"", ""buy_fpr_bid"": ""+709000"", ""buy_fpr_req"": ""55"", ""buy_1th_pre_req_pre"": ""0"", ""buy_2th_pre_bid"": ""+708000"", ""buy_2th_pre_req"": ""35"", ""buy_2th_pre_req_pre"": ""0"", ""buy_3th_pre_bid"": ""+707000"", ""buy_3th_pre_req"": ""92"", ""buy_3th_pre_req_pre"": ""0"", ""buy_4th_pre_bid"": ""+706000"", ""buy_4th_pre_req"": ""241"", ""buy_4th_pre_req_pre"": ""0"", ""buy_5th_pre_bid"": ""+705000"", ""buy_5th_pre_req"": ""135"", ""buy_5th_pre_req_pre"": ""0"", ""buy_6th_pre_bid"": ""+704000"", ""buy_6th_pre_req"": ""98"", ""buy_6th_pre_req_pre"": ""0"", ""buy_7th_pre_bid"": ""+703000"", ""buy_7th_pre_req"": ""146"", ""buy_7th_pre_req_pre"": ""0"", ""buy_8th_pre_bid"": ""+702000"", ""buy_8th_pre_req"": ""151"", ""buy_8th_pre_req_pre"": ""0"", ""buy_9th_pre_bid"": ""+701000"", ""buy_9th_pre_req"": ""105"", ""buy_9th_pre_req_pre"": ""0"", ""buy_10th_pre_bid"": ""+700000"", ""buy_10th_pre_req"": ""686"", ""buy_10th_pre_req_pre"": ""+1"", ""tot_sel_req_jub_pre"": ""0"", ""tot_sel_req"": ""1163"", ""tot_buy_req"": ""1744"", ""tot_buy_req_jub_pre"": ""+1"", ""ovt_sel_req_pre"": ""0"", ""ovt_sel_req"": ""0"", ""ovt_buy_req"": ""0"", ""ovt_buy_req_pre"": ""0"", ""return_code"": 0, ""return_msg"": ""정상적으로 처리되었습니다""}"
2026-06-10,watchlist,114090,,0,filtered_candidate_recheck,12070,,12070,12060,12070,12100,-0.16570008285004142,0.08285004142502071,,,,,,"{""bid_req_base_tm"": ""104056"", ""sel_10th_pre_req_pre"": ""0"", ""sel_10th_pre_req"": ""349"", ""sel_10th_pre_bid"": ""+12190"", ""sel_9th_pre_req_pre"": ""0"", ""sel_9th_pre_req"": ""311"", ""sel_9th_pre_bid"": ""+12180"", ""sel_8th_pre_req_pre"": ""0"", ""sel_8th_pre_req"": ""12"", ""sel_8th_pre_bid"": ""+12170"", ""sel_7th_pre_req_pre"": ""0"", ""sel_7th_pre_req"": ""1069"", ""sel_7th_pre_bid"": ""+12150"", ""sel_6th_pre_req_pre"": ""0"", ""sel_6th_pre_req"": ""82"", ""sel_6th_pre_bid"": ""+12140"", ""sel_5th_pre_req_pre"": ""0"", ""sel_5th_pre_req"": ""469"", ""sel_5th_pre_bid"": ""+12130"", ""sel_4th_pre_req_pre"": ""0"", ""sel_4th_pre_req"": ""55"", ""sel_4th_pre_bid"": ""+12120"", ""sel_3th_pre_req_pre"": ""0"", ""sel_3th_pre_req"": ""1957"", ""sel_3th_pre_bid"": ""+12110"", ""sel_2th_pre_req_pre"": ""0"", ""sel_2th_pre_req"": ""166"", ""sel_2th_pre_bid"": ""+12080"", ""sel_1th_pre_req_pre"": ""+81"", ""sel_fpr_req"": ""168"", ""sel_fpr_bid"": ""+12070"", ""buy_fpr_bid"": ""+12060"", ""buy_fpr_req"": ""3692"", ""buy_1th_pre_req_pre"": ""0"", ""buy_2th_pre_bid"": ""+12040"", ""buy_2th_pre_req"": ""401"", ""buy_2th_pre_req_pre"": ""0"", ""buy_3th_pre_bid"": ""+12030"", ""buy_3th_pre_req"": ""919"", ""buy_3th_pre_req_pre"": ""0"", ""buy_4th_pre_bid"": ""+12020"", ""buy_4th_pre_req"": ""62"", ""buy_4th_pre_req_pre"": ""0"", ""buy_5th_pre_bid"": ""+11980"", ""buy_5th_pre_req"": ""189"", ""buy_5th_pre_req_pre"": ""0"", ""buy_6th_pre_bid"": ""+11970"", ""buy_6th_pre_req"": ""63"", ""buy_6th_pre_req_pre"": ""0"", ""buy_7th_pre_bid"": ""11950"", ""buy_7th_pre_req"": ""351"", ""buy_7th_pre_req_pre"": ""0"", ""buy_8th_pre_bid"": ""-11900"", ""buy_8th_pre_req"": ""97"", ""buy_8th_pre_req_pre"": ""0"", ""buy_9th_pre_bid"": ""-11860"", ""buy_9th_pre_req"": ""2"", ""buy_9th_pre_req_pre"": ""0"", ""buy_10th_pre_bid"": ""-11850"", ""buy_10th_pre_req"": ""181"", ""buy_10th_pre_req_pre"": ""0"", ""tot_sel_req_jub_pre"": ""+81"", ""tot_sel_req"": ""4638"", ""tot_buy_req"": ""5957"", ""tot_buy_req_jub_pre"": ""0"", ""ovt_sel_req_pre"": ""0"", ""ovt_sel_req"": ""0"", ""ovt_buy_req"": ""0"", ""ovt_buy_req_pre"": ""0"", ""return_code"": 0, ""return_msg"": ""정상적으로 처리되었습니다""}"
2026-06-10,watchlist,281820,,0,filtered_candidate_recheck,68200,,68200,68100,68200,68200,-0.1466275659824047,0.1466275659824047,,,,,,"{""bid_req_base_tm"": ""104101"", ""sel_10th_pre_req_pre"": ""0"", ""sel_10th_pre_req"": ""137"", ""sel_10th_pre_bid"": ""+69100"", ""sel_9th_pre_req_pre"": ""0"", ""sel_9th_pre_req"": ""256"", ""sel_9th_pre_bid"": ""+69000"", ""sel_8th_pre_req_pre"": ""0"", ""sel_8th_pre_req"": ""116"", ""sel_8th_pre_bid"": ""+68900"", ""sel_7th_pre_req_pre"": ""0"", ""sel_7th_pre_req"": ""108"", ""sel_7th_pre_bid"": ""+68800"", ""sel_6th_pre_req_pre"": ""0"", ""sel_6th_pre_req"": ""147"", ""sel_6th_pre_bid"": ""+68700"", ""sel_5th_pre_req_pre"": ""0"", ""sel_5th_pre_req"": ""305"", ""sel_5th_pre_bid"": ""+68600"", ""sel_4th_pre_req_pre"": ""0"", ""sel_4th_pre_req"": ""217"", ""sel_4th_pre_bid"": ""+68500"", ""sel_3th_pre_req_pre"": ""0"", ""sel_3th_pre_req"": ""204"", ""sel_3th_pre_bid"": ""+68400"", ""sel_2th_pre_req_pre"": ""0"", ""sel_2th_pre_req"": ""178"", ""sel_2th_pre_bid"": ""+68300"", ""sel_1th_pre_req_pre"": ""0"", ""sel_fpr_req"": ""37"", ""sel_fpr_bid"": ""+68200"", ""buy_fpr_bid"": ""+68100"", ""buy_fpr_req"": ""8"", ""buy_1th_pre_req_pre"": ""0"", ""buy_2th_pre_bid"": ""+68000"", ""buy_2th_pre_req"": ""254"", ""buy_2th_pre_req_pre"": ""0"", ""buy_3th_pre_bid"": ""+67900"", ""buy_3th_pre_req"": ""225"", ""buy_3th_pre_req_pre"": ""0"", ""buy_4th_pre_bid"": ""+67800"", ""buy_4th_pre_req"": ""102"", ""buy_4th_pre_req_pre"": ""0"", ""buy_5th_pre_bid"": ""+67700"", ""buy_5th_pre_req"": ""562"", ""buy_5th_pre_req_pre"": ""0"", ""buy_6th_pre_bid"": ""+67600"", ""buy_6th_pre_req"": ""18"", ""buy_6th_pre_req_pre"": ""0"", ""buy_7th_pre_bid"": ""+67500"", ""buy_7th_pre_req"": ""102"", ""buy_7th_pre_req_pre"": ""0"", ""buy_8th_pre_bid"": ""+67400"", ""buy_8th_pre_req"": ""502"", ""buy_8th_pre_req_pre"": ""0"", ""buy_9th_pre_bid"": ""+67300"", ""buy_9th_pre_req"": ""497"", ""buy_9th_pre_req_pre"": ""0"", ""buy_10th_pre_bid"": ""+67200"", ""buy_10th_pre_req"": ""12"", ""buy_10th_pre_req_pre"": ""0"", ""tot_sel_req_jub_pre"": ""0"", ""tot_sel_req"": ""1705"", ""tot_buy_req"": ""2282"", ""tot_buy_req_jub_pre"": ""--253"", ""ovt_sel_req_pre"": ""0"", ""ovt_sel_req"": ""0"", ""ovt_buy_req"": ""0"", ""ovt_buy_req_pre"": ""0"", ""return_code"": 0, ""return_msg"": ""정상적으로 처리되었습니다""}"
2026-06-10,watchlist,489790,,0,filtered_candidate_recheck,69800,,69800,69700,69800,69600,-0.42979942693409745,0.14326647564469913,,,,,,"{""bid_req_base_tm"": ""104102"", ""sel_10th_pre_req_pre"": ""0"", ""sel_10th_pre_req"": ""195"", ""sel_10th_pre_bid"": ""+70700"", ""sel_9th_pre_req_pre"": ""0"", ""sel_9th_pre_req"": ""363"", ""sel_9th_pre_bid"": ""+70600"", ""sel_8th_pre_req_pre"": ""0"", ""sel_8th_pre_req"": ""406"", ""sel_8th_pre_bid"": ""+70500"", ""sel_7th_pre_req_pre"": ""0"", ""sel_7th_pre_req"": ""292"", ""sel_7th_pre_bid"": ""+70400"", ""sel_6th_pre_req_pre"": ""0"", ""sel_6th_pre_req"": ""209"", ""sel_6th_pre_bid"": ""+70300"", ""sel_5th_pre_req_pre"": ""0"", ""sel_5th_pre_req"": ""261"", ""sel_5th_pre_bid"": ""+70200"", ""sel_4th_pre_req_pre"": ""0"", ""sel_4th_pre_req"": ""210"", ""sel_4th_pre_bid"": ""+70100"", ""sel_3th_pre_req_pre"": ""0"", ""sel_3th_pre_req"": ""242"", ""sel_3th_pre_bid"": ""+70000"", ""sel_2th_pre_req_pre"": ""--23"", ""sel_2th_pre_req"": ""18"", ""sel_2th_pre_bid"": ""+69900"", ""sel_1th_pre_req_pre"": ""+23"", ""sel_fpr_req"": ""34"", ""sel_fpr_bid"": ""+69800"", ""buy_fpr_bid"": ""+69700"", ""buy_fpr_req"": ""6"", ""buy_1th_pre_req_pre"": ""0"", ""buy_2th_pre_bid"": ""+69500"", ""buy_2th_pre_req"": ""14"", ""buy_2th_pre_req_pre"": ""0"", ""buy_3th_pre_bid"": ""+69400"", ""buy_3th_pre_req"": ""75"", ""buy_3th_pre_req_pre"": ""0"", ""buy_4th_pre_bid"": ""+69300"", ""buy_4th_pre_req"": ""93"", ""buy_4th_pre_req_pre"": ""0"", ""buy_5th_pre_bid"": ""+69200"", ""buy_5th_pre_req"": ""275"", ""buy_5th_pre_req_pre"": ""0"", ""buy_6th_pre_bid"": ""+69100"", ""buy_6th_pre_req"": ""358"", ""buy_6th_pre_req_pre"": ""0"", ""buy_7th_pre_bid"": ""+69000"", ""buy_7th_pre_req"": ""627"", ""buy_7th_pre_req_pre"": ""0"", ""buy_8th_pre_bid"": ""+68900"", ""buy_8th_pre_req"": ""145"", ""buy_8th_pre_req_pre"": ""0"", ""buy_9th_pre_bid"": ""+68800"", ""buy_9th_pre_req"": ""60"", ""buy_9th_pre_req_pre"": ""0"", ""buy_10th_pre_bid"": ""+68700"", ""buy_10th_pre_req"": ""70"", ""buy_10th_pre_req_pre"": ""0"", ""tot_sel_req_jub_pre"": ""0"", ""tot_sel_req"": ""2230"", ""tot_buy_req"": ""1723"", ""tot_buy_req_jub_pre"": ""0"", ""ovt_sel_req_pre"": ""0"", ""ovt_sel_req"": ""0"", ""ovt_buy_req"": ""0"", ""ovt_buy_req_pre"": ""0"", ""return_code"": 0, ""return_msg"": ""정상적으로 처리되었습니다""}"
2026-06-10,watchlist,092200,,0,filtered_candidate_recheck,9810,,9810,9800,9810,9850,0.3058103975535168,0.10193679918450561,,,,,,"{""bid_req_base_tm"": ""104101"", ""sel_10th_pre_req_pre"": ""0"", ""sel_10th_pre_req"": ""103"", ""sel_10th_pre_bid"": ""-9910"", ""sel_9th_pre_req_pre"": ""0"", ""sel_9th_pre_req"": ""937"", ""sel_9th_pre_bid"": ""-9900"", ""sel_8th_pre_req_pre"": ""0"", ""sel_8th_pre_req"": ""1059"", ""sel_8th_pre_bid"": ""-9890"", ""sel_7th_pre_req_pre"": ""0"", ""sel_7th_pre_req"": ""1228"", ""sel_7th_pre_bid"": ""-9880"", ""sel_6th_pre_req_pre"": ""0"", ""sel_6th_pre_req"": ""214"", ""sel_6th_pre_bid"": ""-9870"", ""sel_5th_pre_req_pre"": ""0"", ""sel_5th_pre_req"": ""132"", ""sel_5th_pre_bid"": ""-9860"", ""sel_4th_pre_req_pre"": ""0"", ""sel_4th_pre_req"": ""135"", ""sel_4th_pre_bid"": ""-9850"", ""sel_3th_pre_req_pre"": ""0"", ""sel_3th_pre_req"": ""91"", ""sel_3th_pre_bid"": ""-9840"", ""sel_2th_pre_req_pre"": ""0"", ""sel_2th_pre_req"": ""124"", ""sel_2th_pre_bid"": ""-9830"", ""sel_1th_pre_req_pre"": ""0"", ""sel_fpr_req"": ""243"", ""sel_fpr_bid"": ""-9810"", ""buy_fpr_bid"": ""-9800"", ""buy_fpr_req"": ""1177"", ""buy_1th_pre_req_pre"": ""0"", ""buy_2th_pre_bid"": ""-9790"", ""buy_2th_pre_req"": ""3218"", ""buy_2th_pre_req_pre"": ""+20"", ""buy_3th_pre_bid"": ""-9780"", ""buy_3th_pre_req"": ""2825"", ""buy_3th_pre_req_pre"": ""0"", ""buy_4th_pre_bid"": ""-9770"", ""buy_4th_pre_req"": ""1858"", ""buy_4th_pre_req_pre"": ""0"", ""buy_5th_pre_bid"": ""-9760"", ""buy_5th_pre_req"": ""2479"", ""buy_5th_pre_req_pre"": ""0"", ""buy_6th_pre_bid"": ""-9750"", ""buy_6th_pre_req"": ""1351"", ""buy_6th_pre_req_pre"": ""0"", ""buy_7th_pre_bid"": ""-9740"", ""buy_7th_pre_req"": ""2310"", ""buy_7th_pre_req_pre"": ""0"", ""buy_8th_pre_bid"": ""-9730"", ""buy_8th_pre_req"": ""410"", ""buy_8th_pre_req_pre"": ""0"", ""buy_9th_pre_bid"": ""-9720"", ""buy_9th_pre_req"": ""1679"", ""buy_9th_pre_req_pre"": ""0"", ""buy_10th_pre_bid"": ""-9710"", ""buy_10th_pre_req"": ""1575"", ""buy_10th_pre_req_pre"": ""0"", ""tot_sel_req_jub_pre"": ""0"", ""tot_sel_req"": ""4266"", ""tot_buy_req"": ""18882"", ""tot_buy_req_jub_pre"": ""+20"", ""ovt_sel_req_pre"": ""0"", ""ovt_sel_req"": ""0"", ""ovt_buy_req"": ""0"", ""ovt_buy_req_pre"": ""0"", ""return_code"": 0, ""return_msg"": ""정상적으로 처리되었습니다""}"
2026-06-10,watchlist,175330,,0,filtered_candidate_recheck,25550,,25550,25500,25550,25650,0.19569471624266144,0.19569471624266144,,,,,,"{""bid_req_base_tm"": ""104103"", ""sel_10th_pre_req_pre"": ""0"", ""sel_10th_pre_req"": ""113"", ""sel_10th_pre_bid"": ""+26000"", ""sel_9th_pre_req_pre"": ""0"", ""sel_9th_pre_req"": ""142"", ""sel_9th_pre_bid"": ""+25950"", ""sel_8th_pre_req_pre"": ""0"", ""sel_8th_pre_req"": ""532"", ""sel_8th_pre_bid"": ""25900"", ""sel_7th_pre_req_pre"": ""0"", ""sel_7th_pre_req"": ""454"", ""sel_7th_pre_bid"": ""-25850"", ""sel_6th_pre_req_pre"": ""0"", ""sel_6th_pre_req"": ""258"", ""sel_6th_pre_bid"": ""-25800"", ""sel_5th_pre_req_pre"": ""0"", ""sel_5th_pre_req"": ""248"", ""sel_5th_pre_bid"": ""-25750"", ""sel_4th_pre_req_pre"": ""0"", ""sel_4th_pre_req"": ""126"", ""sel_4th_pre_bid"": ""-25700"", ""sel_3th_pre_req_pre"": ""0"", ""sel_3th_pre_req"": ""497"", ""sel_3th_pre_bid"": ""-25650"", ""sel_2th_pre_req_pre"": ""0"", ""sel_2th_pre_req"": ""939"", ""sel_2th_pre_bid"": ""-25600"", ""sel_1th_pre_req_pre"": ""0"", ""sel_fpr_req"": ""3103"", ""sel_fpr_bid"": ""-25550"", ""buy_fpr_bid"": ""-25500"", ""buy_fpr_req"": ""3943"", ""buy_1th_pre_req_pre"": ""+30"", ""buy_2th_pre_bid"": ""-25450"", ""buy_2th_pre_req"": ""1318"", ""buy_2th_pre_req_pre"": ""0"", ""buy_3th_pre_bid"": ""-25400"", ""buy_3th_pre_req"": ""812"", ""buy_3th_pre_req_pre"": ""0"", ""buy_4th_pre_bid"": ""-25350"", ""buy_4th_pre_req"": ""351"", ""buy_4th_pre_req_pre"": ""0"", ""buy_5th_pre_bid"": ""-25300"", ""buy_5th_pre_req"": ""328"", ""buy_5th_pre_req_pre"": ""0"", ""buy_6th_pre_bid"": ""-25250"", ""buy_6th_pre_req"": ""443"", ""buy_6th_pre_req_pre"": ""0"", ""buy_7th_pre_bid"": ""-25200"", ""buy_7th_pre_req"": ""174"", ""buy_7th_pre_req_pre"": ""0"", ""buy_8th_pre_bid"": ""-25150"", ""buy_8th_pre_req"": ""768"", ""buy_8th_pre_req_pre"": ""0"", ""buy_9th_pre_bid"": ""-25100"", ""buy_9th_pre_req"": ""475"", ""buy_9th_pre_req_pre"": ""0"", ""buy_10th_pre_bid"": ""-25050"", ""buy_10th_pre_req"": ""378"", ""buy_10th_pre_req_pre"": ""0"", ""tot_sel_req_jub_pre"": ""0"", ""tot_sel_req"": ""6412"", ""tot_buy_req"": ""8990"", ""tot_buy_req_jub_pre"": ""+30"", ""ovt_sel_req_pre"": ""0"", ""ovt_sel_req"": ""0"", ""ovt_buy_req"": ""0"", ""ovt_buy_req_pre"": ""0"", ""return_code"": 0, ""return_msg"": ""정상적으로 처리되었습니다""}"
2026-06-10,watchlist,069960,,0,filtered_candidate_recheck,167400,,167400,167300,167400,167500,-0.23894862604540024,0.05973715651135006,,,,,,"{""bid_req_base_tm"": ""104101"", ""sel_10th_pre_req_pre"": ""0"", ""sel_10th_pre_req"": ""34"", ""sel_10th_pre_bid"": ""+169100"", ""sel_9th_pre_req_pre"": ""0"", ""sel_9th_pre_req"": ""57"", ""sel_9th_pre_bid"": ""+169000"", ""sel_8th_pre_req_pre"": ""0"", ""sel_8th_pre_req"": ""50"", ""sel_8th_pre_bid"": ""+168900"", ""sel_7th_pre_req_pre"": ""0"", ""sel_7th_pre_req"": ""5"", ""sel_7th_pre_bid"": ""+168800"", ""sel_6th_pre_req_pre"": ""0"", ""sel_6th_pre_req"": ""4"", ""sel_6th_pre_bid"": ""+168500"", ""sel_5th_pre_req_pre"": ""0"", ""sel_5th_pre_req"": ""45"", ""sel_5th_pre_bid"": ""+168000"", ""sel_4th_pre_req_pre"": ""0"", ""sel_4th_pre_req"": ""1"", ""sel_4th_pre_bid"": ""+167800"", ""sel_3th_pre_req_pre"": ""0"", ""sel_3th_pre_req"": ""247"", ""sel_3th_pre_bid"": ""+167600"", ""sel_2th_pre_req_pre"": ""0"", ""sel_2th_pre_req"": ""63"", ""sel_2th_pre_bid"": ""+167500"", ""sel_1th_pre_req_pre"": ""0"", ""sel_fpr_req"": ""18"", ""sel_fpr_bid"": ""+167400"", ""buy_fpr_bid"": ""+167300"", ""buy_fpr_req"": ""4"", ""buy_1th_pre_req_pre"": ""0"", ""buy_2th_pre_bid"": ""+167200"", ""buy_2th_pre_req"": ""9"", ""buy_2th_pre_req_pre"": ""0"", ""buy_3th_pre_bid"": ""+167100"", ""buy_3th_pre_req"": ""133"", ""buy_3th_pre_req_pre"": ""0"", ""buy_4th_pre_bid"": ""+167000"", ""buy_4th_pre_req"": ""17"", ""buy_4th_pre_req_pre"": ""0"", ""buy_5th_pre_bid"": ""166800"", ""buy_5th_pre_req"": ""34"", ""buy_5th_pre_req_pre"": ""0"", ""buy_6th_pre_bid"": ""-166700"", ""buy_6th_pre_req"": ""4"", ""buy_6th_pre_req_pre"": ""0"", ""buy_7th_pre_bid"": ""-166600"", ""buy_7th_pre_req"": ""428"", ""buy_7th_pre_req_pre"": ""--4"", ""buy_8th_pre_bid"": ""-166200"", ""buy_8th_pre_req"": ""3"", ""buy_8th_pre_req_pre"": ""0"", ""buy_9th_pre_bid"": ""-166000"", ""buy_9th_pre_req"": ""77"", ""buy_9th_pre_req_pre"": ""0"", ""buy_10th_pre_bid"": ""-165600"", ""buy_10th_pre_req"": ""6"", ""buy_10th_pre_req_pre"": ""0"", ""tot_sel_req_jub_pre"": ""0"", ""tot_sel_req"": ""524"", ""tot_buy_req"": ""715"", ""tot_buy_req_jub_pre"": ""--4"", ""ovt_sel_req_pre"": ""0"", ""ovt_sel_req"": ""0"", ""ovt_buy_req"": ""0"", ""ovt_buy_req_pre"": ""0"", ""return_code"": 0, ""return_msg"": ""정상적으로 처리되었습니다""}"
2026-06-10,watchlist,001450,,0,filtered_candidate_recheck,37700,,37700,37650,37700,37650,-0.2652519893899204,0.1326259946949602,,,,,,"{""bid_req_base_tm"": ""104103"", ""sel_10th_pre_req_pre"": ""0"", ""sel_10th_pre_req"": ""73"", ""sel_10th_pre_bid"": ""+38200"", ""sel_9th_pre_req_pre"": ""0"", ""sel_9th_pre_req"": ""106"", ""sel_9th_pre_bid"": ""+38150"", ""sel_8th_pre_req_pre"": ""0"", ""sel_8th_pre_req"": ""533"", ""sel_8th_pre_bid"": ""+38100"", ""sel_7th_pre_req_pre"": ""0"", ""sel_7th_pre_req"": ""93"", ""sel_7th_pre_bid"": ""+38050"", ""sel_6th_pre_req_pre"": ""0"", ""sel_6th_pre_req"": ""1080"", ""sel_6th_pre_bid"": ""+38000"", ""sel_5th_pre_req_pre"": ""0"", ""sel_5th_pre_req"": ""157"", ""sel_5th_pre_bid"": ""+37950"", ""sel_4th_pre_req_pre"": ""0"", ""sel_4th_pre_req"": ""31"", ""sel_4th_pre_bid"": ""+37900"", ""sel_3th_pre_req_pre"": ""0"", ""sel_3th_pre_req"": ""170"", ""sel_3th_pre_bid"": ""+37850"", ""sel_2th_pre_req_pre"": ""--8"", ""sel_2th_pre_req"": ""174"", ""sel_2th_pre_bid"": ""+37800"", ""sel_1th_pre_req_pre"": ""+8"", ""sel_fpr_req"": ""392"", ""sel_fpr_bid"": ""+37700"", ""buy_fpr_bid"": ""+37650"", ""buy_fpr_req"": ""265"", ""buy_1th_pre_req_pre"": ""0"", ""buy_2th_pre_bid"": ""+37600"", ""buy_2th_pre_req"": ""1072"", ""buy_2th_pre_req_pre"": ""0"", ""buy_3th_pre_bid"": ""+37550"", ""buy_3th_pre_req"": ""18"", ""buy_3th_pre_req_pre"": ""0"", ""buy_4th_pre_bid"": ""+37500"", ""buy_4th_pre_req"": ""225"", ""buy_4th_pre_req_pre"": ""0"", ""buy_5th_pre_bid"": ""+37450"", ""buy_5th_pre_req"": ""18"", ""buy_5th_pre_req_pre"": ""0"", ""buy_6th_pre_bid"": ""+37400"", ""buy_6th_pre_req"": ""53"", ""buy_6th_pre_req_pre"": ""0"", ""buy_7th_pre_bid"": ""+37350"", ""buy_7th_pre_req"": ""89"", ""buy_7th_pre_req_pre"": ""0"", ""buy_8th_pre_bid"": ""+37300"", ""buy_8th_pre_req"": ""65"", ""buy_8th_pre_req_pre"": ""0"", ""buy_9th_pre_bid"": ""+37250"", ""buy_9th_pre_req"": ""65"", ""buy_9th_pre_req_pre"": ""0"", ""buy_10th_pre_bid"": ""+37200"", ""buy_10th_pre_req"": ""490"", ""buy_10th_pre_req_pre"": ""0"", ""tot_sel_req_jub_pre"": ""0"", ""tot_sel_req"": ""2809"", ""tot_buy_req"": ""2360"", ""tot_buy_req_jub_pre"": ""0"", ""ovt_sel_req_pre"": ""0"", ""ovt_sel_req"": ""0"", ""ovt_buy_req"": ""0"", ""ovt_buy_req_pre"": ""0"", ""return_code"": 0, ""return_msg"": ""정상적으로 처리되었습니다""}"
2026-06-10,watchlist,011070,,0,filtered_candidate_recheck,1097000,,1097000,1096000,1097000,1099000,0.09115770282588878,0.09115770282588878,,,,,,"{""bid_req_base_tm"": ""104103"", ""sel_10th_pre_req_pre"": ""0"", ""sel_10th_pre_req"": ""86"", ""sel_10th_pre_bid"": ""-1106000"", ""sel_9th_pre_req_pre"": ""0"", ""sel_9th_pre_req"": ""65"", ""sel_9th_pre_bid"": ""-1105000"", ""sel_8th_pre_req_pre"": ""0"", ""sel_8th_pre_req"": ""63"", ""sel_8th_pre_bid"": ""-1104000"", ""sel_7th_pre_req_pre"": ""0"", ""sel_7th_pre_req"": ""39"", ""sel_7th_pre_bid"": ""-1103000"", ""sel_6th_pre_req_pre"": ""0"", ""sel_6th_pre_req"": ""55"", ""sel_6th_pre_bid"": ""-1102000"", ""sel_5th_pre_req_pre"": ""0"", ""sel_5th_pre_req"": ""39"", ""sel_5th_pre_bid"": ""-1101000"", ""sel_4th_pre_req_pre"": ""0"", ""sel_4th_pre_req"": ""17"", ""sel_4th_pre_bid"": ""-1100000"", ""sel_3th_pre_req_pre"": ""0"", ""sel_3th_pre_req"": ""62"", ""sel_3th_pre_bid"": ""-1099000"", ""sel_2th_pre_req_pre"": ""0"", ""sel_2th_pre_req"": ""123"", ""sel_2th_pre_bid"": ""-1098000"", ""sel_1th_pre_req_pre"": ""0"", ""sel_fpr_req"": ""68"", ""sel_fpr_bid"": ""-1097000"", ""buy_fpr_bid"": ""-1096000"", ""buy_fpr_req"": ""267"", ""buy_1th_pre_req_pre"": ""0"", ""buy_2th_pre_bid"": ""-1095000"", ""buy_2th_pre_req"": ""176"", ""buy_2th_pre_req_pre"": ""0"", ""buy_3th_pre_bid"": ""-1094000"", ""buy_3th_pre_req"": ""160"", ""buy_3th_pre_req_pre"": ""0"", ""buy_4th_pre_bid"": ""-1093000"", ""buy_4th_pre_req"": ""29"", ""buy_4th_pre_req_pre"": ""+1"", ""buy_5th_pre_bid"": ""-1092000"", ""buy_5th_pre_req"": ""117"", ""buy_5th_pre_req_pre"": ""0"", ""buy_6th_pre_bid"": ""-1091000"", ""buy_6th_pre_req"": ""31"", ""buy_6th_pre_req_pre"": ""0"", ""buy_7th_pre_bid"": ""-1090000"", ""buy_7th_pre_req"": ""152"", ""buy_7th_pre_req_pre"": ""0"", ""buy_8th_pre_bid"": ""-1089000"", ""buy_8th_pre_req"": ""31"", ""buy_8th_pre_req_pre"": ""0"", ""buy_9th_pre_bid"": ""-1088000"", ""buy_9th_pre_req"": ""23"", ""buy_9th_pre_req_pre"": ""0"", ""buy_10th_pre_bid"": ""-1087000"", ""buy_10th_pre_req"": ""11"", ""buy_10th_pre_req_pre"": ""0"", ""tot_sel_req_jub_pre"": ""0"", ""tot_sel_req"": ""617"", ""tot_buy_req"": ""997"", ""tot_buy_req_jub_pre"": ""+1"", ""ovt_sel_req_pre"": ""0"", ""ovt_sel_req"": ""0"", ""ovt_buy_req"": ""0"", ""ovt_buy_req_pre"": ""0"", ""return_code"": 0, ""return_msg"": ""정상적으로 처리되었습니다""}"
2026-06-10,watchlist,088350,,0,filtered_candidate_recheck,4885,,4885,4880,4885,4905,0.3070624360286591,0.1023541453428864,,,,,,"{""bid_req_base_tm"": ""104103"", ""sel_10th_pre_req_pre"": ""0"", ""sel_10th_pre_req"": ""1143"", ""sel_10th_pre_bid"": ""-4940"", ""sel_9th_pre_req_pre"": ""0"", ""sel_9th_pre_req"": ""1952"", ""sel_9th_pre_bid"": ""-4935"", ""sel_8th_pre_req_pre"": ""0"", ""sel_8th_pre_req"": ""1010"", ""sel_8th_pre_bid"": ""-4930"", ""sel_7th_pre_req_pre"": ""0"", ""sel_7th_pre_req"": ""7"", ""sel_7th_pre_bid"": ""-4925"", ""sel_6th_pre_req_pre"": ""0"", ""sel_6th_pre_req"": ""3007"", ""sel_6th_pre_bid"": ""-4920"", ""sel_5th_pre_req_pre"": ""0"", ""sel_5th_pre_req"": ""156"", ""sel_5th_pre_bid"": ""-4915"", ""sel_4th_pre_req_pre"": ""0"", ""sel_4th_pre_req"": ""568"", ""sel_4th_pre_bid"": ""-4910"", ""sel_3th_pre_req_pre"": ""0"", ""sel_3th_pre_req"": ""273"", ""sel_3th_pre_bid"": ""-4905"", ""sel_2th_pre_req_pre"": ""0"", ""sel_2th_pre_req"": ""731"", ""sel_2th_pre_bid"": ""-4890"", ""sel_1th_pre_req_pre"": ""0"", ""sel_fpr_req"": ""829"", ""sel_fpr_bid"": ""-4885"", ""buy_fpr_bid"": ""-4880"", ""buy_fpr_req"": ""3466"", ""buy_1th_pre_req_pre"": ""0"", ""buy_2th_pre_bid"": ""-4875"", ""buy_2th_pre_req"": ""6128"", ""buy_2th_pre_req_pre"": ""0"", ""buy_3th_pre_bid"": ""-4870"", ""buy_3th_pre_req"": ""1230"", ""buy_3th_pre_req_pre"": ""0"", ""buy_4th_pre_bid"": ""-4865"", ""buy_4th_pre_req"": ""4242"", ""buy_4th_pre_req_pre"": ""0"", ""buy_5th_pre_bid"": ""-4860"", ""buy_5th_pre_req"": ""3677"", ""buy_5th_pre_req_pre"": ""0"", ""buy_6th_pre_bid"": ""-4855"", ""buy_6th_pre_req"": ""7707"", ""buy_6th_pre_req_pre"": ""0"", ""buy_7th_pre_bid"": ""-4850"", ""buy_7th_pre_req"": ""15822"", ""buy_7th_pre_req_pre"": ""0"", ""buy_8th_pre_bid"": ""-4845"", ""buy_8th_pre_req"": ""2912"", ""buy_8th_pre_req_pre"": ""0"", ""buy_9th_pre_bid"": ""-4840"", ""buy_9th_pre_req"": ""1559"", ""buy_9th_pre_req_pre"": ""+100"", ""buy_10th_pre_bid"": ""-4835"", ""buy_10th_pre_req"": ""1840"", ""buy_10th_pre_req_pre"": ""0"", ""tot_sel_req_jub_pre"": ""0"", ""tot_sel_req"": ""9676"", ""tot_buy_req"": ""48583"", ""tot_buy_req_jub_pre"": ""+100"", ""ovt_sel_req_pre"": ""0"", ""ovt_sel_req"": ""0"", ""ovt_buy_req"": ""0"", ""ovt_buy_req_pre"": ""0"", ""return_code"": 0, ""return_msg"": ""정상적으로 처리되었습니다""}"
2026-06-10,scan_candidate,005930,,0,main_scan,308000,,308000,307500,308000,309000,0.16233766233766234,0.16233766233766234,,,,,,"{""bid_req_base_tm"": ""104244"", ""sel_10th_pre_req_pre"": ""0"", ""sel_10th_pre_req"": ""17682"", ""sel_10th_pre_bid"": ""-312500"", ""sel_9th_pre_req_pre"": ""0"", ""sel_9th_pre_req"": ""35093"", ""sel_9th_pre_bid"": ""-312000"", ""sel_8th_pre_req_pre"": ""0"", ""sel_8th_pre_req"": ""11883"", ""sel_8th_pre_bid"": ""-311500"", ""sel_7th_pre_req_pre"": ""0"", ""sel_7th_pre_req"": ""22313"", ""sel_7th_pre_bid"": ""-311000"", ""sel_6th_pre_req_pre"": ""0"", ""sel_6th_pre_req"": ""22346"", ""sel_6th_pre_bid"": ""-310500"", ""sel_5th_pre_req_pre"": ""0"", ""sel_5th_pre_req"": ""16954"", ""sel_5th_pre_bid"": ""-310000"", ""sel_4th_pre_req_pre"": ""0"", ""sel_4th_pre_req"": ""17070"", ""sel_4th_pre_bid"": ""-309500"", ""sel_3th_pre_req_pre"": ""0"", ""sel_3th_pre_req"": ""14943"", ""sel_3th_pre_bid"": ""-309000"", ""sel_2th_pre_req_pre"": ""0"", ""sel_2th_pre_req"": ""14641"", ""sel_2th_pre_bid"": ""-308500"", ""sel_1th_pre_req_pre"": ""+43"", ""sel_fpr_req"": ""6795"", ""sel_fpr_bid"": ""-308000"", ""buy_fpr_bid"": ""-307500"", ""buy_fpr_req"": ""1856"", ""buy_1th_pre_req_pre"": ""+10"", ""buy_2th_pre_bid"": ""-307000"", ""buy_2th_pre_req"": ""33102"", ""buy_2th_pre_req_pre"": ""0"", ""buy_3th_pre_bid"": ""-306500"", ""buy_3th_pre_req"": ""27644"", ""buy_3th_pre_req_pre"": ""0"", ""buy_4th_pre_bid"": ""-306000"", ""buy_4th_pre_req"": ""89366"", ""buy_4th_pre_req_pre"": ""0"", ""buy_5th_pre_bid"": ""-305500"", ""buy_5th_pre_req"": ""94921"", ""buy_5th_pre_req_pre"": ""0"", ""buy_6th_pre_bid"": ""-305000"", ""buy_6th_pre_req"": ""225480"", ""buy_6th_pre_req_pre"": ""0"", ""buy_7th_pre_bid"": ""-304500"", ""buy_7th_pre_req"": ""31690"", ""buy_7th_pre_req_pre"": ""0"", ""buy_8th_pre_bid"": ""-304000"", ""buy_8th_pre_req"": ""46793"", ""buy_8th_pre_req_pre"": ""0"", ""buy_9th_pre_bid"": ""-303500"", ""buy_9th_pre_req"": ""40492"", ""buy_9th_pre_req_pre"": ""0"", ""buy_10th_pre_bid"": ""-303000"", ""buy_10th_pre_req"": ""78486"", ""buy_10th_pre_req_pre"": ""0"", ""tot_sel_req_jub_pre"": ""+43"", ""tot_sel_req"": ""179720"", ""tot_buy_req"": ""669830"", ""tot_buy_req_jub_pre"": ""+10"", ""ovt_sel_req_pre"": ""0"", ""ovt_sel_req"": ""0"", ""ovt_buy_req"": ""0"", ""ovt_buy_req_pre"": ""0"", ""return_code"": 0, ""return_msg"": ""정상적으로 처리되었습니다""}"
2026-06-10,scan_candidate,000660,,0,main_scan,2131000,,2131000,2130000,2131000,2134000,0.09385265133740028,0.04692632566870014,,,,,,"{""bid_req_base_tm"": ""104244"", ""sel_10th_pre_req_pre"": ""0"", ""sel_10th_pre_req"": ""446"", ""sel_10th_pre_bid"": ""-2140000"", ""sel_9th_pre_req_pre"": ""0"", ""sel_9th_pre_req"": ""585"", ""sel_9th_pre_bid"": ""-2139000"", ""sel_8th_pre_req_pre"": ""0"", ""sel_8th_pre_req"": ""180"", ""sel_8th_pre_bid"": ""-2138000"", ""sel_7th_pre_req_pre"": ""0"", ""sel_7th_pre_req"": ""130"", ""sel_7th_pre_bid"": ""-2137000"", ""sel_6th_pre_req_pre"": ""0"", ""sel_6th_pre_req"": ""200"", ""sel_6th_pre_bid"": ""-2136000"", ""sel_5th_pre_req_pre"": ""0"", ""sel_5th_pre_req"": ""10"", ""sel_5th_pre_bid"": ""-2135000"", ""sel_4th_pre_req_pre"": ""0"", ""sel_4th_pre_req"": ""123"", ""sel_4th_pre_bid"": ""-2134000"", ""sel_3th_pre_req_pre"": ""0"", ""sel_3th_pre_req"": ""169"", ""sel_3th_pre_bid"": ""-2133000"", ""sel_2th_pre_req_pre"": ""0"", ""sel_2th_pre_req"": ""109"", ""sel_2th_pre_bid"": ""-2132000"", ""sel_1th_pre_req_pre"": ""--17"", ""sel_fpr_req"": ""231"", ""sel_fpr_bid"": ""-2131000"", ""buy_fpr_bid"": ""-2130000"", ""buy_fpr_req"": ""311"", ""buy_1th_pre_req_pre"": ""+1"", ""buy_2th_pre_bid"": ""-2129000"", ""buy_2th_pre_req"": ""1321"", ""buy_2th_pre_req_pre"": ""0"", ""buy_3th_pre_bid"": ""-2128000"", ""buy_3th_pre_req"": ""913"", ""buy_3th_pre_req_pre"": ""0"", ""buy_4th_pre_bid"": ""-2127000"", ""buy_4th_pre_req"": ""312"", ""buy_4th_pre_req_pre"": ""0"", ""buy_5th_pre_bid"": ""-2126000"", ""buy_5th_pre_req"": ""345"", ""buy_5th_pre_req_pre"": ""0"", ""buy_6th_pre_bid"": ""-2125000"", ""buy_6th_pre_req"": ""782"", ""buy_6th_pre_req_pre"": ""0"", ""buy_7th_pre_bid"": ""-2124000"", ""buy_7th_pre_req"": ""700"", ""buy_7th_pre_req_pre"": ""0"", ""buy_8th_pre_bid"": ""-2123000"", ""buy_8th_pre_req"": ""992"", ""buy_8th_pre_req_pre"": ""0"", ""buy_9th_pre_bid"": ""-2122000"", ""buy_9th_pre_req"": ""1302"", ""buy_9th_pre_req_pre"": ""0"", ""buy_10th_pre_bid"": ""-2121000"", ""buy_10th_pre_req"": ""1457"", ""buy_10th_pre_req_pre"": ""0"", ""tot_sel_req_jub_pre"": ""--17"", ""tot_sel_req"": ""2183"", ""tot_buy_req"": ""8435"", ""tot_buy_req_jub_pre"": ""+1"", ""ovt_sel_req_pre"": ""0"", ""ovt_sel_req"": ""0"", ""ovt_buy_req"": ""0"", ""ovt_buy_req_pre"": ""0"", ""return_code"": 0, ""return_msg"": ""정상적으로 처리되었습니다""}"
2026-06-10,scan_candidate,402340,,0,main_scan,1216000,,1216000,1215000,1216000,1211000,-0.4934210526315789,0.08223684210526315,,,,,,"{""bid_req_base_tm"": ""104244"", ""sel_10th_pre_req_pre"": ""0"", ""sel_10th_pre_req"": ""31"", ""sel_10th_pre_bid"": ""-1225000"", ""sel_9th_pre_req_pre"": ""0"", ""sel_9th_pre_req"": ""34"", ""sel_9th_pre_bid"": ""-1224000"", ""sel_8th_pre_req_pre"": ""0"", ""sel_8th_pre_req"": ""38"", ""sel_8th_pre_bid"": ""-1223000"", ""sel_7th_pre_req_pre"": ""0"", ""sel_7th_pre_req"": ""3"", ""sel_7th_pre_bid"": ""-1222000"", ""sel_6th_pre_req_pre"": ""0"", ""sel_6th_pre_req"": ""12"", ""sel_6th_pre_bid"": ""-1221000"", ""sel_5th_pre_req_pre"": ""0"", ""sel_5th_pre_req"": ""12"", ""sel_5th_pre_bid"": ""-1220000"", ""sel_4th_pre_req_pre"": ""+20"", ""sel_4th_pre_req"": ""22"", ""sel_4th_pre_bid"": ""-1219000"", ""sel_3th_pre_req_pre"": ""+30"", ""sel_3th_pre_req"": ""185"", ""sel_3th_pre_bid"": ""-1218000"", ""sel_2th_pre_req_pre"": ""+10"", ""sel_2th_pre_req"": ""389"", ""sel_2th_pre_bid"": ""-1217000"", ""sel_1th_pre_req_pre"": ""--60"", ""sel_fpr_req"": ""295"", ""sel_fpr_bid"": ""-1216000"", ""buy_fpr_bid"": ""-1215000"", ""buy_fpr_req"": ""54"", ""buy_1th_pre_req_pre"": ""0"", ""buy_2th_pre_bid"": ""-1214000"", ""buy_2th_pre_req"": ""37"", ""buy_2th_pre_req_pre"": ""0"", ""buy_3th_pre_bid"": ""-1213000"", ""buy_3th_pre_req"": ""30"", ""buy_3th_pre_req_pre"": ""0"", ""buy_4th_pre_bid"": ""-1212000"", ""buy_4th_pre_req"": ""79"", ""buy_4th_pre_req_pre"": ""0"", ""buy_5th_pre_bid"": ""-1211000"", ""buy_5th_pre_req"": ""58"", ""buy_5th_pre_req_pre"": ""+8"", ""buy_6th_pre_bid"": ""-1210000"", ""buy_6th_pre_req"": ""314"", ""buy_6th_pre_req_pre"": ""0"", ""buy_7th_pre_bid"": ""-1209000"", ""buy_7th_pre_req"": ""7"", ""buy_7th_pre_req_pre"": ""0"", ""buy_8th_pre_bid"": ""-1208000"", ""buy_8th_pre_req"": ""32"", ""buy_8th_pre_req_pre"": ""0"", ""buy_9th_pre_bid"": ""-1207000"", ""buy_9th_pre_req"": ""18"", ""buy_9th_pre_req_pre"": ""0"", ""buy_10th_pre_bid"": ""-1206000"", ""buy_10th_pre_req"": ""53"", ""buy_10th_pre_req_pre"": ""0"", ""tot_sel_req_jub_pre"": ""0"", ""tot_sel_req"": ""1021"", ""tot_buy_req"": ""682"", ""tot_buy_req_jub_pre"": ""+8"", ""ovt_sel_req_pre"": ""0"", ""ovt_sel_req"": ""0"", ""ovt_buy_req"": ""0"", ""ovt_buy_req_pre"": ""0"", ""return_code"": 0, ""return_msg"": ""정상적으로 처리되었습니다""}"
2026-06-10,scan_candidate,009150,,0,main_scan,1904000,,1904000,1903000,1904000,1908000,0.15756302521008403,0.052521008403361345,,,,,,"{""bid_req_base_tm"": ""104244"", ""sel_10th_pre_req_pre"": ""0"", ""sel_10th_pre_req"": ""31"", ""sel_10th_pre_bid"": ""-1914000"", ""sel_9th_pre_req_pre"": ""0"", ""sel_9th_pre_req"": ""34"", ""sel_9th_pre_bid"": ""-1913000"", ""sel_8th_pre_req_pre"": ""0"", ""sel_8th_pre_req"": ""28"", ""sel_8th_pre_bid"": ""-1912000"", ""sel_7th_pre_req_pre"": ""0"", ""sel_7th_pre_req"": ""11"", ""sel_7th_pre_bid"": ""-1910000"", ""sel_6th_pre_req_pre"": ""0"", ""sel_6th_pre_req"": ""17"", ""sel_6th_pre_bid"": ""-1909000"", ""sel_5th_pre_req_pre"": ""0"", ""sel_5th_pre_req"": ""6"", ""sel_5th_pre_bid"": ""-1908000"", ""sel_4th_pre_req_pre"": ""0"", ""sel_4th_pre_req"": ""43"", ""sel_4th_pre_bid"": ""-1907000"", ""sel_3th_pre_req_pre"": ""0"", ""sel_3th_pre_req"": ""81"", ""sel_3th_pre_bid"": ""-1906000"", ""sel_2th_pre_req_pre"": ""--45"", ""sel_2th_pre_req"": ""170"", ""sel_2th_pre_bid"": ""-1905000"", ""sel_1th_pre_req_pre"": ""+42"", ""sel_fpr_req"": ""64"", ""sel_fpr_bid"": ""-1904000"", ""buy_fpr_bid"": ""-1903000"", ""buy_fpr_req"": ""62"", ""buy_1th_pre_req_pre"": ""0"", ""buy_2th_pre_bid"": ""-1902000"", ""buy_2th_pre_req"": ""588"", ""buy_2th_pre_req_pre"": ""0"", ""buy_3th_pre_bid"": ""-1901000"", ""buy_3th_pre_req"": ""320"", ""buy_3th_pre_req_pre"": ""+20"", ""buy_4th_pre_bid"": ""-1900000"", ""buy_4th_pre_req"": ""638"", ""buy_4th_pre_req_pre"": ""--20"", ""buy_5th_pre_bid"": ""-1899000"", ""buy_5th_pre_req"": ""113"", ""buy_5th_pre_req_pre"": ""0"", ""buy_6th_pre_bid"": ""-1898000"", ""buy_6th_pre_req"": ""101"", ""buy_6th_pre_req_pre"": ""0"", ""buy_7th_pre_bid"": ""-1897000"", ""buy_7th_pre_req"": ""83"", ""buy_7th_pre_req_pre"": ""0"", ""buy_8th_pre_bid"": ""-1896000"", ""buy_8th_pre_req"": ""85"", ""buy_8th_pre_req_pre"": ""0"", ""buy_9th_pre_bid"": ""-1895000"", ""buy_9th_pre_req"": ""35"", ""buy_9th_pre_req_pre"": ""0"", ""buy_10th_pre_bid"": ""-1894000"", ""buy_10th_pre_req"": ""20"", ""buy_10th_pre_req_pre"": ""0"", ""tot_sel_req_jub_pre"": ""--3"", ""tot_sel_req"": ""485"", ""tot_buy_req"": ""2045"", ""tot_buy_req_jub_pre"": ""0"", ""ovt_sel_req_pre"": ""0"", ""ovt_sel_req"": ""0"", ""ovt_buy_req"": ""0"", ""ovt_buy_req_pre"": ""0"", ""return_code"": 0, ""return_msg"": ""정상적으로 처리되었습니다""}"
2026-06-10,scan_candidate,032830,,0,main_scan,373500,,373500,373000,373500,371000,-0.8032128514056224,0.13386880856760375,,,,,,"{""bid_req_base_tm"": ""104245"", ""sel_10th_pre_req_pre"": ""0"", ""sel_10th_pre_req"": ""57"", ""sel_10th_pre_bid"": ""-378000"", ""sel_9th_pre_req_pre"": ""0"", ""sel_9th_pre_req"": ""19"", ""sel_9th_pre_bid"": ""-377500"", ""sel_8th_pre_req_pre"": ""0"", ""sel_8th_pre_req"": ""30"", ""sel_8th_pre_bid"": ""-377000"", ""sel_7th_pre_req_pre"": ""0"", ""sel_7th_pre_req"": ""150"", ""sel_7th_pre_bid"": ""-376500"", ""sel_6th_pre_req_pre"": ""0"", ""sel_6th_pre_req"": ""330"", ""sel_6th_pre_bid"": ""-376000"", ""sel_5th_pre_req_pre"": ""0"", ""sel_5th_pre_req"": ""390"", ""sel_5th_pre_bid"": ""-375500"", ""sel_4th_pre_req_pre"": ""0"", ""sel_4th_pre_req"": ""426"", ""sel_4th_pre_bid"": ""-375000"", ""sel_3th_pre_req_pre"": ""0"", ""sel_3th_pre_req"": ""9"", ""sel_3th_pre_bid"": ""-374500"", ""sel_2th_pre_req_pre"": ""0"", ""sel_2th_pre_req"": ""144"", ""sel_2th_pre_bid"": ""-374000"", ""sel_1th_pre_req_pre"": ""0"", ""sel_fpr_req"": ""982"", ""sel_fpr_bid"": ""-373500"", ""buy_fpr_bid"": ""-373000"", ""buy_fpr_req"": ""91"", ""buy_1th_pre_req_pre"": ""+27"", ""buy_2th_pre_bid"": ""-372500"", ""buy_2th_pre_req"": ""14"", ""buy_2th_pre_req_pre"": ""0"", ""buy_3th_pre_bid"": ""-372000"", ""buy_3th_pre_req"": ""246"", ""buy_3th_pre_req_pre"": ""0"", ""buy_4th_pre_bid"": ""-371500"", ""buy_4th_pre_req"": ""58"", ""buy_4th_pre_req_pre"": ""0"", ""buy_5th_pre_bid"": ""-371000"", ""buy_5th_pre_req"": ""76"", ""buy_5th_pre_req_pre"": ""0"", ""buy_6th_pre_bid"": ""-370500"", ""buy_6th_pre_req"": ""124"", ""buy_6th_pre_req_pre"": ""0"", ""buy_7th_pre_bid"": ""-370000"", ""buy_7th_pre_req"": ""189"", ""buy_7th_pre_req_pre"": ""0"", ""buy_8th_pre_bid"": ""-369500"", ""buy_8th_pre_req"": ""43"", ""buy_8th_pre_req_pre"": ""0"", ""buy_9th_pre_bid"": ""-369000"", ""buy_9th_pre_req"": ""94"", ""buy_9th_pre_req_pre"": ""0"", ""buy_10th_pre_bid"": ""-368500"", ""buy_10th_pre_req"": ""42"", ""buy_10th_pre_req_pre"": ""0"", ""tot_sel_req_jub_pre"": ""0"", ""tot_sel_req"": ""2537"", ""tot_buy_req"": ""977"", ""tot_buy_req_jub_pre"": ""+27"", ""ovt_sel_req_pre"": ""0"", ""ovt_sel_req"": ""0"", ""ovt_buy_req"": ""0"", ""ovt_buy_req_pre"": ""0"", ""return_code"": 0, ""return_msg"": ""정상적으로 처리되었습니다""}"
2026-06-10,scan_candidate,012330,,0,main_scan,582000,,582000,581000,582000,584000,0.1718213058419244,0.1718213058419244,,,,,,"{""bid_req_base_tm"": ""104244"", ""sel_10th_pre_req_pre"": ""0"", ""sel_10th_pre_req"": ""251"", ""sel_10th_pre_bid"": ""-591000"", ""sel_9th_pre_req_pre"": ""0"", ""sel_9th_pre_req"": ""502"", ""sel_9th_pre_bid"": ""-590000"", ""sel_8th_pre_req_pre"": ""0"", ""sel_8th_pre_req"": ""333"", ""sel_8th_pre_bid"": ""-589000"", ""sel_7th_pre_req_pre"": ""0"", ""sel_7th_pre_req"": ""92"", ""sel_7th_pre_bid"": ""-588000"", ""sel_6th_pre_req_pre"": ""0"", ""sel_6th_pre_req"": ""320"", ""sel_6th_pre_bid"": ""-587000"", ""sel_5th_pre_req_pre"": ""--16"", ""sel_5th_pre_req"": ""106"", ""sel_5th_pre_bid"": ""-586000"", ""sel_4th_pre_req_pre"": ""0"", ""sel_4th_pre_req"": ""45"", ""sel_4th_pre_bid"": ""-585000"", ""sel_3th_pre_req_pre"": ""0"", ""sel_3th_pre_req"": ""39"", ""sel_3th_pre_bid"": ""-584000"", ""sel_2th_pre_req_pre"": ""0"", ""sel_2th_pre_req"": ""96"", ""sel_2th_pre_bid"": ""-583000"", ""sel_1th_pre_req_pre"": ""0"", ""sel_fpr_req"": ""308"", ""sel_fpr_bid"": ""-582000"", ""buy_fpr_bid"": ""-581000"", ""buy_fpr_req"": ""247"", ""buy_1th_pre_req_pre"": ""--3"", ""buy_2th_pre_bid"": ""-580000"", ""buy_2th_pre_req"": ""965"", ""buy_2th_pre_req_pre"": ""0"", ""buy_3th_pre_bid"": ""-579000"", ""buy_3th_pre_req"": ""462"", ""buy_3th_pre_req_pre"": ""0"", ""buy_4th_pre_bid"": ""-578000"", ""buy_4th_pre_req"": ""755"", ""buy_4th_pre_req_pre"": ""0"", ""buy_5th_pre_bid"": ""-577000"", ""buy_5th_pre_req"": ""917"", ""buy_5th_pre_req_pre"": ""0"", ""buy_6th_pre_bid"": ""-576000"", ""buy_6th_pre_req"": ""981"", ""buy_6th_pre_req_pre"": ""0"", ""buy_7th_pre_bid"": ""-575000"", ""buy_7th_pre_req"": ""1442"", ""buy_7th_pre_req_pre"": ""0"", ""buy_8th_pre_bid"": ""-574000"", ""buy_8th_pre_req"": ""617"", ""buy_8th_pre_req_pre"": ""0"", ""buy_9th_pre_bid"": ""-573000"", ""buy_9th_pre_req"": ""921"", ""buy_9th_pre_req_pre"": ""0"", ""buy_10th_pre_bid"": ""-572000"", ""buy_10th_pre_req"": ""1463"", ""buy_10th_pre_req_pre"": ""0"", ""tot_sel_req_jub_pre"": ""--16"", ""tot_sel_req"": ""2092"", ""tot_buy_req"": ""8770"", ""tot_buy_req_jub_pre"": ""--3"", ""ovt_sel_req_pre"": ""0"", ""ovt_sel_req"": ""0"", ""ovt_buy_req"": ""0"", ""ovt_buy_req_pre"": ""0"", ""return_code"": 0, ""return_msg"": ""정상적으로 처리되었습니다""}"
2026-06-10,scan_candidate,055550,,0,main_scan,99300,,99300,99200,99300,98800,-0.6042296072507553,0.10070493454179255,,,,,,"{""bid_req_base_tm"": ""104245"", ""sel_10th_pre_req_pre"": ""0"", ""sel_10th_pre_req"": ""117"", ""sel_10th_pre_bid"": ""-100200"", ""sel_9th_pre_req_pre"": ""0"", ""sel_9th_pre_req"": ""436"", ""sel_9th_pre_bid"": ""-100100"", ""sel_8th_pre_req_pre"": ""0"", ""sel_8th_pre_req"": ""5"", ""sel_8th_pre_bid"": ""-100000"", ""sel_7th_pre_req_pre"": ""0"", ""sel_7th_pre_req"": ""3"", ""sel_7th_pre_bid"": ""-99900"", ""sel_6th_pre_req_pre"": ""0"", ""sel_6th_pre_req"": ""234"", ""sel_6th_pre_bid"": ""-99800"", ""sel_5th_pre_req_pre"": ""0"", ""sel_5th_pre_req"": ""137"", ""sel_5th_pre_bid"": ""-99700"", ""sel_4th_pre_req_pre"": ""0"", ""sel_4th_pre_req"": ""895"", ""sel_4th_pre_bid"": ""-99600"", ""sel_3th_pre_req_pre"": ""0"", ""sel_3th_pre_req"": ""1302"", ""sel_3th_pre_bid"": ""-99500"", ""sel_2th_pre_req_pre"": ""0"", ""sel_2th_pre_req"": ""5961"", ""sel_2th_pre_bid"": ""-99400"", ""sel_1th_pre_req_pre"": ""--1"", ""sel_fpr_req"": ""7788"", ""sel_fpr_bid"": ""-99300"", ""buy_fpr_bid"": ""-99200"", ""buy_fpr_req"": ""120"", ""buy_1th_pre_req_pre"": ""0"", ""buy_2th_pre_bid"": ""-99100"", ""buy_2th_pre_req"": ""324"", ""buy_2th_pre_req_pre"": ""0"", ""buy_3th_pre_bid"": ""-99000"", ""buy_3th_pre_req"": ""389"", ""buy_3th_pre_req_pre"": ""0"", ""buy_4th_pre_bid"": ""-98900"", ""buy_4th_pre_req"": ""179"", ""buy_4th_pre_req_pre"": ""0"", ""buy_5th_pre_bid"": ""-98800"", ""buy_5th_pre_req"": ""298"", ""buy_5th_pre_req_pre"": ""0"", ""buy_6th_pre_bid"": ""-98700"", ""buy_6th_pre_req"": ""249"", ""buy_6th_pre_req_pre"": ""0"", ""buy_7th_pre_bid"": ""-98600"", ""buy_7th_pre_req"": ""155"", ""buy_7th_pre_req_pre"": ""0"", ""buy_8th_pre_bid"": ""-98500"", ""buy_8th_pre_req"": ""421"", ""buy_8th_pre_req_pre"": ""0"", ""buy_9th_pre_bid"": ""-98400"", ""buy_9th_pre_req"": ""1010"", ""buy_9th_pre_req_pre"": ""0"", ""buy_10th_pre_bid"": ""-98300"", ""buy_10th_pre_req"": ""70"", ""buy_10th_pre_req_pre"": ""0"", ""tot_sel_req_jub_pre"": ""--1"", ""tot_sel_req"": ""16878"", ""tot_buy_req"": ""3215"", ""tot_buy_req_jub_pre"": ""0"", ""ovt_sel_req_pre"": ""0"", ""ovt_sel_req"": ""0"", ""ovt_buy_req"": ""0"", ""ovt_buy_req_pre"": ""0"", ""return_code"": 0, ""return_msg"": ""정상적으로 처리되었습니다""}"
2026-06-10,scan_candidate,034730,,0,main_scan,588000,,588000,587000,588000,586000,-0.5102040816326531,0.17006802721088435,,,,,,"{""bid_req_base_tm"": ""104245"", ""sel_10th_pre_req_pre"": ""0"", ""sel_10th_pre_req"": ""121"", ""sel_10th_pre_bid"": ""+597000"", ""sel_9th_pre_req_pre"": ""0"", ""sel_9th_pre_req"": ""324"", ""sel_9th_pre_bid"": ""+596000"", ""sel_8th_pre_req_pre"": ""0"", ""sel_8th_pre_req"": ""377"", ""sel_8th_pre_bid"": ""+595000"", ""sel_7th_pre_req_pre"": ""0"", ""sel_7th_pre_req"": ""388"", ""sel_7th_pre_bid"": ""594000"", ""sel_6th_pre_req_pre"": ""0"", ""sel_6th_pre_req"": ""296"", ""sel_6th_pre_bid"": ""-593000"", ""sel_5th_pre_req_pre"": ""0"", ""sel_5th_pre_req"": ""72"", ""sel_5th_pre_bid"": ""-592000"", ""sel_4th_pre_req_pre"": ""0"", ""sel_4th_pre_req"": ""145"", ""sel_4th_pre_bid"": ""-591000"", ""sel_3th_pre_req_pre"": ""0"", ""sel_3th_pre_req"": ""10"", ""sel_3th_pre_bid"": ""-590000"", ""sel_2th_pre_req_pre"": ""+9"", ""sel_2th_pre_req"": ""51"", ""sel_2th_pre_bid"": ""-589000"", ""sel_1th_pre_req_pre"": ""0"", ""sel_fpr_req"": ""29"", ""sel_fpr_bid"": ""-588000"", ""buy_fpr_bid"": ""-587000"", ""buy_fpr_req"": ""109"", ""buy_1th_pre_req_pre"": ""0"", ""buy_2th_pre_bid"": ""-586000"", ""buy_2th_pre_req"": ""123"", ""buy_2th_pre_req_pre"": ""0"", ""buy_3th_pre_bid"": ""-585000"", ""buy_3th_pre_req"": ""89"", ""buy_3th_pre_req_pre"": ""0"", ""buy_4th_pre_bid"": ""-584000"", ""buy_4th_pre_req"": ""22"", ""buy_4th_pre_req_pre"": ""0"", ""buy_5th_pre_bid"": ""-583000"", ""buy_5th_pre_req"": ""34"", ""buy_5th_pre_req_pre"": ""0"", ""buy_6th_pre_bid"": ""-582000"", ""buy_6th_pre_req"": ""91"", ""buy_6th_pre_req_pre"": ""0"", ""buy_7th_pre_bid"": ""-581000"", ""buy_7th_pre_req"": ""112"", ""buy_7th_pre_req_pre"": ""0"", ""buy_8th_pre_bid"": ""-580000"", ""buy_8th_pre_req"": ""116"", ""buy_8th_pre_req_pre"": ""0"", ""buy_9th_pre_bid"": ""-579000"", ""buy_9th_pre_req"": ""10"", ""buy_9th_pre_req_pre"": ""0"", ""buy_10th_pre_bid"": ""-578000"", ""buy_10th_pre_req"": ""122"", ""buy_10th_pre_req_pre"": ""0"", ""tot_sel_req_jub_pre"": ""+9"", ""tot_sel_req"": ""1813"", ""tot_buy_req"": ""828"", ""tot_buy_req_jub_pre"": ""0"", ""ovt_sel_req_pre"": ""0"", ""ovt_sel_req"": ""0"", ""ovt_buy_req"": ""0"", ""ovt_buy_req_pre"": ""0"", ""return_code"": 0, ""return_msg"": ""정상적으로 처리되었습니다""}"
2026-06-10,scan_candidate,066570,,0,main_scan,233000,,233000,232500,233000,234000,0.2145922746781116,0.2145922746781116,,,,,,"{""bid_req_base_tm"": ""104245"", ""sel_10th_pre_req_pre"": ""0"", ""sel_10th_pre_req"": ""1711"", ""sel_10th_pre_bid"": ""-237500"", ""sel_9th_pre_req_pre"": ""0"", ""sel_9th_pre_req"": ""1548"", ""sel_9th_pre_bid"": ""-237000"", ""sel_8th_pre_req_pre"": ""0"", ""sel_8th_pre_req"": ""1326"", ""sel_8th_pre_bid"": ""-236500"", ""sel_7th_pre_req_pre"": ""0"", ""sel_7th_pre_req"": ""2966"", ""sel_7th_pre_bid"": ""-236000"", ""sel_6th_pre_req_pre"": ""0"", ""sel_6th_pre_req"": ""2186"", ""sel_6th_pre_bid"": ""-235500"", ""sel_5th_pre_req_pre"": ""0"", ""sel_5th_pre_req"": ""3219"", ""sel_5th_pre_bid"": ""-235000"", ""sel_4th_pre_req_pre"": ""0"", ""sel_4th_pre_req"": ""2440"", ""sel_4th_pre_bid"": ""-234500"", ""sel_3th_pre_req_pre"": ""0"", ""sel_3th_pre_req"": ""1260"", ""sel_3th_pre_bid"": ""-234000"", ""sel_2th_pre_req_pre"": ""0"", ""sel_2th_pre_req"": ""2774"", ""sel_2th_pre_bid"": ""-233500"", ""sel_1th_pre_req_pre"": ""0"", ""sel_fpr_req"": ""1757"", ""sel_fpr_bid"": ""-233000"", ""buy_fpr_bid"": ""-232500"", ""buy_fpr_req"": ""1107"", ""buy_1th_pre_req_pre"": ""0"", ""buy_2th_pre_bid"": ""-232000"", ""buy_2th_pre_req"": ""6305"", ""buy_2th_pre_req_pre"": ""0"", ""buy_3th_pre_bid"": ""-231500"", ""buy_3th_pre_req"": ""6444"", ""buy_3th_pre_req_pre"": ""0"", ""buy_4th_pre_bid"": ""-231000"", ""buy_4th_pre_req"": ""11658"", ""buy_4th_pre_req_pre"": ""0"", ""buy_5th_pre_bid"": ""-230500"", ""buy_5th_pre_req"": ""16070"", ""buy_5th_pre_req_pre"": ""--1"", ""buy_6th_pre_bid"": ""-230000"", ""buy_6th_pre_req"": ""41317"", ""buy_6th_pre_req_pre"": ""0"", ""buy_7th_pre_bid"": ""-229500"", ""buy_7th_pre_req"": ""5448"", ""buy_7th_pre_req_pre"": ""0"", ""buy_8th_pre_bid"": ""-229000"", ""buy_8th_pre_req"": ""7655"", ""buy_8th_pre_req_pre"": ""0"", ""buy_9th_pre_bid"": ""-228500"", ""buy_9th_pre_req"": ""6274"", ""buy_9th_pre_req_pre"": ""0"", ""buy_10th_pre_bid"": ""-228000"", ""buy_10th_pre_req"": ""11654"", ""buy_10th_pre_req_pre"": ""0"", ""tot_sel_req_jub_pre"": ""0"", ""tot_sel_req"": ""21187"", ""tot_buy_req"": ""113932"", ""tot_buy_req_jub_pre"": ""--1"", ""ovt_sel_req_pre"": ""0"", ""ovt_sel_req"": ""0"", ""ovt_buy_req"": ""0"", ""ovt_buy_req_pre"": ""0"", ""return_code"": 0, ""return_msg"": ""정상적으로 처리되었습니다""}"
2026-06-10,scan_candidate,035420,,0,main_scan,236500,,236500,236000,236500,238000,0.42283298097251587,0.21141649048625794,,,,,,"{""bid_req_base_tm"": ""104246"", ""sel_10th_pre_req_pre"": ""0"", ""sel_10th_pre_req"": ""2654"", ""sel_10th_pre_bid"": ""-241000"", ""sel_9th_pre_req_pre"": ""0"", ""sel_9th_pre_req"": ""3396"", ""sel_9th_pre_bid"": ""-240500"", ""sel_8th_pre_req_pre"": ""0"", ""sel_8th_pre_req"": ""4696"", ""sel_8th_pre_bid"": ""-240000"", ""sel_7th_pre_req_pre"": ""0"", ""sel_7th_pre_req"": ""2909"", ""sel_7th_pre_bid"": ""-239500"", ""sel_6th_pre_req_pre"": ""0"", ""sel_6th_pre_req"": ""3171"", ""sel_6th_pre_bid"": ""-239000"", ""sel_5th_pre_req_pre"": ""0"", ""sel_5th_pre_req"": ""1033"", ""sel_5th_pre_bid"": ""-238500"", ""sel_4th_pre_req_pre"": ""0"", ""sel_4th_pre_req"": ""2576"", ""sel_4th_pre_bid"": ""-238000"", ""sel_3th_pre_req_pre"": ""0"", ""sel_3th_pre_req"": ""4469"", ""sel_3th_pre_bid"": ""-237500"", ""sel_2th_pre_req_pre"": ""0"", ""sel_2th_pre_req"": ""3060"", ""sel_2th_pre_bid"": ""-237000"", ""sel_1th_pre_req_pre"": ""0"", ""sel_fpr_req"": ""5304"", ""sel_fpr_bid"": ""-236500"", ""buy_fpr_bid"": ""-236000"", ""buy_fpr_req"": ""8046"", ""buy_1th_pre_req_pre"": ""0"", ""buy_2th_pre_bid"": ""-235500"", ""buy_2th_pre_req"": ""7607"", ""buy_2th_pre_req_pre"": ""+4"", ""buy_3th_pre_bid"": ""-235000"", ""buy_3th_pre_req"": ""28514"", ""buy_3th_pre_req_pre"": ""0"", ""buy_4th_pre_bid"": ""-234500"", ""buy_4th_pre_req"": ""55553"", ""buy_4th_pre_req_pre"": ""0"", ""buy_5th_pre_bid"": ""-234000"", ""buy_5th_pre_req"": ""8874"", ""buy_5th_pre_req_pre"": ""0"", ""buy_6th_pre_bid"": ""-233500"", ""buy_6th_pre_req"": ""6670"", ""buy_6th_pre_req_pre"": ""0"", ""buy_7th_pre_bid"": ""-233000"", ""buy_7th_pre_req"": ""9643"", ""buy_7th_pre_req_pre"": ""0"", ""buy_8th_pre_bid"": ""-232500"", ""buy_8th_pre_req"": ""7488"", ""buy_8th_pre_req_pre"": ""0"", ""buy_9th_pre_bid"": ""-232000"", ""buy_9th_pre_req"": ""10763"", ""buy_9th_pre_req_pre"": ""0"", ""buy_10th_pre_bid"": ""-231500"", ""buy_10th_pre_req"": ""9088"", ""buy_10th_pre_req_pre"": ""0"", ""tot_sel_req_jub_pre"": ""0"", ""tot_sel_req"": ""33268"", ""tot_buy_req"": ""152246"", ""tot_buy_req_jub_pre"": ""+4"", ""ovt_sel_req_pre"": ""0"", ""ovt_sel_req"": ""0"", ""ovt_buy_req"": ""0"", ""ovt_buy_req_pre"": ""0"", ""return_code"": 0, ""return_msg"": ""정상적으로 처리되었습니다""}"
2026-06-10,scan_candidate,267260,,0,main_scan,1033000,,1033000,1030000,1033000,1027000,-0.6776379477250726,0.29041626331074544,,,,,,"{""bid_req_base_tm"": ""104246"", ""sel_10th_pre_req_pre"": ""0"", ""sel_10th_pre_req"": ""60"", ""sel_10th_pre_bid"": ""+1042000"", ""sel_9th_pre_req_pre"": ""0"", ""sel_9th_pre_req"": ""14"", ""sel_9th_pre_bid"": ""+1041000"", ""sel_8th_pre_req_pre"": ""0"", ""sel_8th_pre_req"": ""177"", ""sel_8th_pre_bid"": ""+1040000"", ""sel_7th_pre_req_pre"": ""0"", ""sel_7th_pre_req"": ""139"", ""sel_7th_pre_bid"": ""+1039000"", ""sel_6th_pre_req_pre"": ""0"", ""sel_6th_pre_req"": ""92"", ""sel_6th_pre_bid"": ""+1038000"", ""sel_5th_pre_req_pre"": ""0"", ""sel_5th_pre_req"": ""51"", ""sel_5th_pre_bid"": ""+1037000"", ""sel_4th_pre_req_pre"": ""0"", ""sel_4th_pre_req"": ""22"", ""sel_4th_pre_bid"": ""+1036000"", ""sel_3th_pre_req_pre"": ""0"", ""sel_3th_pre_req"": ""383"", ""sel_3th_pre_bid"": ""+1035000"", ""sel_2th_pre_req_pre"": ""0"", ""sel_2th_pre_req"": ""98"", ""sel_2th_pre_bid"": ""+1034000"", ""sel_1th_pre_req_pre"": ""+2"", ""sel_fpr_req"": ""116"", ""sel_fpr_bid"": ""+1033000"", ""buy_fpr_bid"": ""+1030000"", ""buy_fpr_req"": ""177"", ""buy_1th_pre_req_pre"": ""0"", ""buy_2th_pre_bid"": ""+1029000"", ""buy_2th_pre_req"": ""15"", ""buy_2th_pre_req_pre"": ""0"", ""buy_3th_pre_bid"": ""+1028000"", ""buy_3th_pre_req"": ""8"", ""buy_3th_pre_req_pre"": ""0"", ""buy_4th_pre_bid"": ""+1027000"", ""buy_4th_pre_req"": ""20"", ""buy_4th_pre_req_pre"": ""0"", ""buy_5th_pre_bid"": ""+1026000"", ""buy_5th_pre_req"": ""19"", ""buy_5th_pre_req_pre"": ""0"", ""buy_6th_pre_bid"": ""+1025000"", ""buy_6th_pre_req"": ""7"", ""buy_6th_pre_req_pre"": ""0"", ""buy_7th_pre_bid"": ""+1023000"", ""buy_7th_pre_req"": ""8"", ""buy_7th_pre_req_pre"": ""0"", ""buy_8th_pre_bid"": ""+1022000"", ""buy_8th_pre_req"": ""16"", ""buy_8th_pre_req_pre"": ""0"", ""buy_9th_pre_bid"": ""+1021000"", ""buy_9th_pre_req"": ""71"", ""buy_9th_pre_req_pre"": ""0"", ""buy_10th_pre_bid"": ""+1020000"", ""buy_10th_pre_req"": ""166"", ""buy_10th_pre_req_pre"": ""0"", ""tot_sel_req_jub_pre"": ""+2"", ""tot_sel_req"": ""1152"", ""tot_buy_req"": ""507"", ""tot_buy_req_jub_pre"": ""0"", ""ovt_sel_req_pre"": ""0"", ""ovt_sel_req"": ""0"", ""ovt_buy_req"": ""0"", ""ovt_buy_req_pre"": ""0"", ""return_code"": 0, ""return_msg"": ""정상적으로 처리되었습니다""}"
2026-06-10,scan_candidate,086790,,0,main_scan,118700,,118700,118600,118700,119000,-0.16849199663016007,0.08424599831508003,,,,,,"{""bid_req_base_tm"": ""104245"", ""sel_10th_pre_req_pre"": ""0"", ""sel_10th_pre_req"": ""70"", ""sel_10th_pre_bid"": ""+119900"", ""sel_9th_pre_req_pre"": ""0"", ""sel_9th_pre_req"": ""16"", ""sel_9th_pre_bid"": ""+119800"", ""sel_8th_pre_req_pre"": ""0"", ""sel_8th_pre_req"": ""50"", ""sel_8th_pre_bid"": ""+119700"", ""sel_7th_pre_req_pre"": ""0"", ""sel_7th_pre_req"": ""177"", ""sel_7th_pre_bid"": ""+119600"", ""sel_6th_pre_req_pre"": ""0"", ""sel_6th_pre_req"": ""51"", ""sel_6th_pre_bid"": ""+119500"", ""sel_5th_pre_req_pre"": ""0"", ""sel_5th_pre_req"": ""26"", ""sel_5th_pre_bid"": ""+119300"", ""sel_4th_pre_req_pre"": ""0"", ""sel_4th_pre_req"": ""8"", ""sel_4th_pre_bid"": ""+119200"", ""sel_3th_pre_req_pre"": ""0"", ""sel_3th_pre_req"": ""220"", ""sel_3th_pre_bid"": ""119000"", ""sel_2th_pre_req_pre"": ""0"", ""sel_2th_pre_req"": ""632"", ""sel_2th_pre_bid"": ""-118900"", ""sel_1th_pre_req_pre"": ""0"", ""sel_fpr_req"": ""787"", ""sel_fpr_bid"": ""-118700"", ""buy_fpr_bid"": ""-118600"", ""buy_fpr_req"": ""223"", ""buy_1th_pre_req_pre"": ""+22"", ""buy_2th_pre_bid"": ""-118500"", ""buy_2th_pre_req"": ""410"", ""buy_2th_pre_req_pre"": ""0"", ""buy_3th_pre_bid"": ""-118400"", ""buy_3th_pre_req"": ""557"", ""buy_3th_pre_req_pre"": ""0"", ""buy_4th_pre_bid"": ""-118300"", ""buy_4th_pre_req"": ""849"", ""buy_4th_pre_req_pre"": ""0"", ""buy_5th_pre_bid"": ""-118200"", ""buy_5th_pre_req"": ""178"", ""buy_5th_pre_req_pre"": ""0"", ""buy_6th_pre_bid"": ""-118100"", ""buy_6th_pre_req"": ""73"", ""buy_6th_pre_req_pre"": ""0"", ""buy_7th_pre_bid"": ""-118000"", ""buy_7th_pre_req"": ""279"", ""buy_7th_pre_req_pre"": ""0"", ""buy_8th_pre_bid"": ""-117900"", ""buy_8th_pre_req"": ""12"", ""buy_8th_pre_req_pre"": ""0"", ""buy_9th_pre_bid"": ""-117800"", ""buy_9th_pre_req"": ""558"", ""buy_9th_pre_req_pre"": ""0"", ""buy_10th_pre_bid"": ""-117700"", ""buy_10th_pre_req"": ""119"", ""buy_10th_pre_req_pre"": ""0"", ""tot_sel_req_jub_pre"": ""0"", ""tot_sel_req"": ""2037"", ""tot_buy_req"": ""3258"", ""tot_buy_req_jub_pre"": ""+22"", ""ovt_sel_req_pre"": ""0"", ""ovt_sel_req"": ""0"", ""ovt_buy_req"": ""0"", ""ovt_buy_req_pre"": ""0"", ""return_code"": 0, ""return_msg"": ""정상적으로 처리되었습니다""}"
2026-06-10,scan_candidate,298040,,0,main_scan,3538000,,3538000,3528000,3538000,3526000,-0.36743923120407007,0.2826455624646693,,,,,,"{""bid_req_base_tm"": ""104246"", ""sel_10th_pre_req_pre"": ""0"", ""sel_10th_pre_req"": ""1"", ""sel_10th_pre_bid"": ""+3551000"", ""sel_9th_pre_req_pre"": ""0"", ""sel_9th_pre_req"": ""1"", ""sel_9th_pre_bid"": ""+3550000"", ""sel_8th_pre_req_pre"": ""0"", ""sel_8th_pre_req"": ""13"", ""sel_8th_pre_bid"": ""+3549000"", ""sel_7th_pre_req_pre"": ""0"", ""sel_7th_pre_req"": ""1"", ""sel_7th_pre_bid"": ""+3546000"", ""sel_6th_pre_req_pre"": ""0"", ""sel_6th_pre_req"": ""5"", ""sel_6th_pre_bid"": ""+3543000"", ""sel_5th_pre_req_pre"": ""0"", ""sel_5th_pre_req"": ""1"", ""sel_5th_pre_bid"": ""+3542000"", ""sel_4th_pre_req_pre"": ""0"", ""sel_4th_pre_req"": ""12"", ""sel_4th_pre_bid"": ""+3541000"", ""sel_3th_pre_req_pre"": ""0"", ""sel_3th_pre_req"": ""18"", ""sel_3th_pre_bid"": ""+3540000"", ""sel_2th_pre_req_pre"": ""0"", ""sel_2th_pre_req"": ""2"", ""sel_2th_pre_bid"": ""+3539000"", ""sel_1th_pre_req_pre"": ""0"", ""sel_fpr_req"": ""66"", ""sel_fpr_bid"": ""+3538000"", ""buy_fpr_bid"": ""+3528000"", ""buy_fpr_req"": ""6"", ""buy_1th_pre_req_pre"": ""+4"", ""buy_2th_pre_bid"": ""+3527000"", ""buy_2th_pre_req"": ""3"", ""buy_2th_pre_req_pre"": ""0"", ""buy_3th_pre_bid"": ""+3525000"", ""buy_3th_pre_req"": ""8"", ""buy_3th_pre_req_pre"": ""0"", ""buy_4th_pre_bid"": ""+3521000"", ""buy_4th_pre_req"": ""3"", ""buy_4th_pre_req_pre"": ""0"", ""buy_5th_pre_bid"": ""+3520000"", ""buy_5th_pre_req"": ""7"", ""buy_5th_pre_req_pre"": ""0"", ""buy_6th_pre_bid"": ""+3519000"", ""buy_6th_pre_req"": ""2"", ""buy_6th_pre_req_pre"": ""0"", ""buy_7th_pre_bid"": ""+3518000"", ""buy_7th_pre_req"": ""2"", ""buy_7th_pre_req_pre"": ""0"", ""buy_8th_pre_bid"": ""+3517000"", ""buy_8th_pre_req"": ""1"", ""buy_8th_pre_req_pre"": ""0"", ""buy_9th_pre_bid"": ""+3516000"", ""buy_9th_pre_req"": ""2"", ""buy_9th_pre_req_pre"": ""0"", ""buy_10th_pre_bid"": ""+3515000"", ""buy_10th_pre_req"": ""19"", ""buy_10th_pre_req_pre"": ""0"", ""tot_sel_req_jub_pre"": ""0"", ""tot_sel_req"": ""120"", ""tot_buy_req"": ""53"", ""tot_buy_req_jub_pre"": ""+4"", ""ovt_sel_req_pre"": ""0"", ""ovt_sel_req"": ""0"", ""ovt_buy_req"": ""0"", ""ovt_buy_req_pre"": ""0"", ""return_code"": 0, ""return_msg"": ""정상적으로 처리되었습니다""}"
2026-06-10,scan_candidate,000810,,0,main_scan,616000,,616000,615000,616000,611000,-0.974025974025974,0.16233766233766234,,,,,,"{""bid_req_base_tm"": ""104246"", ""sel_10th_pre_req_pre"": ""0"", ""sel_10th_pre_req"": ""108"", ""sel_10th_pre_bid"": ""-625000"", ""sel_9th_pre_req_pre"": ""0"", ""sel_9th_pre_req"": ""18"", ""sel_9th_pre_bid"": ""-624000"", ""sel_8th_pre_req_pre"": ""0"", ""sel_8th_pre_req"": ""316"", ""sel_8th_pre_bid"": ""-623000"", ""sel_7th_pre_req_pre"": ""0"", ""sel_7th_pre_req"": ""131"", ""sel_7th_pre_bid"": ""-622000"", ""sel_6th_pre_req_pre"": ""0"", ""sel_6th_pre_req"": ""142"", ""sel_6th_pre_bid"": ""-621000"", ""sel_5th_pre_req_pre"": ""0"", ""sel_5th_pre_req"": ""19"", ""sel_5th_pre_bid"": ""-620000"", ""sel_4th_pre_req_pre"": ""0"", ""sel_4th_pre_req"": ""228"", ""sel_4th_pre_bid"": ""-619000"", ""sel_3th_pre_req_pre"": ""0"", ""sel_3th_pre_req"": ""122"", ""sel_3th_pre_bid"": ""-618000"", ""sel_2th_pre_req_pre"": ""0"", ""sel_2th_pre_req"": ""21"", ""sel_2th_pre_bid"": ""-617000"", ""sel_1th_pre_req_pre"": ""0"", ""sel_fpr_req"": ""572"", ""sel_fpr_bid"": ""-616000"", ""buy_fpr_bid"": ""-615000"", ""buy_fpr_req"": ""5"", ""buy_1th_pre_req_pre"": ""+1"", ""buy_2th_pre_bid"": ""-614000"", ""buy_2th_pre_req"": ""61"", ""buy_2th_pre_req_pre"": ""0"", ""buy_3th_pre_bid"": ""-613000"", ""buy_3th_pre_req"": ""25"", ""buy_3th_pre_req_pre"": ""0"", ""buy_4th_pre_bid"": ""-612000"", ""buy_4th_pre_req"": ""11"", ""buy_4th_pre_req_pre"": ""0"", ""buy_5th_pre_bid"": ""-611000"", ""buy_5th_pre_req"": ""8"", ""buy_5th_pre_req_pre"": ""0"", ""buy_6th_pre_bid"": ""-610000"", ""buy_6th_pre_req"": ""67"", ""buy_6th_pre_req_pre"": ""0"", ""buy_7th_pre_bid"": ""-609000"", ""buy_7th_pre_req"": ""18"", ""buy_7th_pre_req_pre"": ""0"", ""buy_8th_pre_bid"": ""-608000"", ""buy_8th_pre_req"": ""35"", ""buy_8th_pre_req_pre"": ""0"", ""buy_9th_pre_bid"": ""-607000"", ""buy_9th_pre_req"": ""55"", ""buy_9th_pre_req_pre"": ""0"", ""buy_10th_pre_bid"": ""-606000"", ""buy_10th_pre_req"": ""21"", ""buy_10th_pre_req_pre"": ""0"", ""tot_sel_req_jub_pre"": ""0"", ""tot_sel_req"": ""1677"", ""tot_buy_req"": ""306"", ""tot_buy_req_jub_pre"": ""+1"", ""ovt_sel_req_pre"": ""0"", ""ovt_sel_req"": ""0"", ""ovt_buy_req"": ""0"", ""ovt_buy_req_pre"": ""0"", ""return_code"": 0, ""return_msg"": ""정상적으로 처리되었습니다""}"
2026-06-10,scan_candidate,011070,,0,main_scan,1098000,,1098000,1097000,1098000,1099000,0.0,0.09107468123861566,,,,,,"{""bid_req_base_tm"": ""104246"", ""sel_10th_pre_req_pre"": ""0"", ""sel_10th_pre_req"": ""68"", ""sel_10th_pre_bid"": ""-1107000"", ""sel_9th_pre_req_pre"": ""0"", ""sel_9th_pre_req"": ""83"", ""sel_9th_pre_bid"": ""-1106000"", ""sel_8th_pre_req_pre"": ""0"", ""sel_8th_pre_req"": ""96"", ""sel_8th_pre_bid"": ""-1105000"", ""sel_7th_pre_req_pre"": ""0"", ""sel_7th_pre_req"": ""62"", ""sel_7th_pre_bid"": ""-1104000"", ""sel_6th_pre_req_pre"": ""0"", ""sel_6th_pre_req"": ""45"", ""sel_6th_pre_bid"": ""-1103000"", ""sel_5th_pre_req_pre"": ""0"", ""sel_5th_pre_req"": ""57"", ""sel_5th_pre_bid"": ""-1102000"", ""sel_4th_pre_req_pre"": ""0"", ""sel_4th_pre_req"": ""49"", ""sel_4th_pre_bid"": ""-1101000"", ""sel_3th_pre_req_pre"": ""0"", ""sel_3th_pre_req"": ""65"", ""sel_3th_pre_bid"": ""-1100000"", ""sel_2th_pre_req_pre"": ""0"", ""sel_2th_pre_req"": ""29"", ""sel_2th_pre_bid"": ""-1099000"", ""sel_1th_pre_req_pre"": ""+40"", ""sel_fpr_req"": ""58"", ""sel_fpr_bid"": ""-1098000"", ""buy_fpr_bid"": ""-1097000"", ""buy_fpr_req"": ""24"", ""buy_1th_pre_req_pre"": ""0"", ""buy_2th_pre_bid"": ""-1096000"", ""buy_2th_pre_req"": ""358"", ""buy_2th_pre_req_pre"": ""0"", ""buy_3th_pre_bid"": ""-1095000"", ""buy_3th_pre_req"": ""176"", ""buy_3th_pre_req_pre"": ""0"", ""buy_4th_pre_bid"": ""-1094000"", ""buy_4th_pre_req"": ""15"", ""buy_4th_pre_req_pre"": ""0"", ""buy_5th_pre_bid"": ""-1093000"", ""buy_5th_pre_req"": ""23"", ""buy_5th_pre_req_pre"": ""0"", ""buy_6th_pre_bid"": ""-1092000"", ""buy_6th_pre_req"": ""118"", ""buy_6th_pre_req_pre"": ""0"", ""buy_7th_pre_bid"": ""-1091000"", ""buy_7th_pre_req"": ""38"", ""buy_7th_pre_req_pre"": ""0"", ""buy_8th_pre_bid"": ""-1090000"", ""buy_8th_pre_req"": ""164"", ""buy_8th_pre_req_pre"": ""0"", ""buy_9th_pre_bid"": ""-1089000"", ""buy_9th_pre_req"": ""34"", ""buy_9th_pre_req_pre"": ""0"", ""buy_10th_pre_bid"": ""-1088000"", ""buy_10th_pre_req"": ""24"", ""buy_10th_pre_req_pre"": ""0"", ""tot_sel_req_jub_pre"": ""+40"", ""tot_sel_req"": ""612"", ""tot_buy_req"": ""974"", ""tot_buy_req_jub_pre"": ""0"", ""ovt_sel_req_pre"": ""0"", ""ovt_sel_req"": ""0"", ""ovt_buy_req"": ""0"", ""ovt_buy_req_pre"": ""0"", ""return_code"": 0, ""return_msg"": ""정상적으로 처리되었습니다""}"
2026-06-10,scan_candidate,042700,,0,main_scan,287000,,287000,286500,287000,286000,-0.5226480836236934,0.17421602787456447,,,,,,"{""bid_req_base_tm"": ""104247"", ""sel_10th_pre_req_pre"": ""0"", ""sel_10th_pre_req"": ""150"", ""sel_10th_pre_bid"": ""+291500"", ""sel_9th_pre_req_pre"": ""0"", ""sel_9th_pre_req"": ""1002"", ""sel_9th_pre_bid"": ""+291000"", ""sel_8th_pre_req_pre"": ""0"", ""sel_8th_pre_req"": ""171"", ""sel_8th_pre_bid"": ""+290500"", ""sel_7th_pre_req_pre"": ""0"", ""sel_7th_pre_req"": ""988"", ""sel_7th_pre_bid"": ""+290000"", ""sel_6th_pre_req_pre"": ""0"", ""sel_6th_pre_req"": ""314"", ""sel_6th_pre_bid"": ""+289500"", ""sel_5th_pre_req_pre"": ""0"", ""sel_5th_pre_req"": ""315"", ""sel_5th_pre_bid"": ""+289000"", ""sel_4th_pre_req_pre"": ""0"", ""sel_4th_pre_req"": ""171"", ""sel_4th_pre_bid"": ""+288500"", ""sel_3th_pre_req_pre"": ""0"", ""sel_3th_pre_req"": ""293"", ""sel_3th_pre_bid"": ""+288000"", ""sel_2th_pre_req_pre"": ""0"", ""sel_2th_pre_req"": ""645"", ""sel_2th_pre_bid"": ""+287500"", ""sel_1th_pre_req_pre"": ""+1"", ""sel_fpr_req"": ""172"", ""sel_fpr_bid"": ""+287000"", ""buy_fpr_bid"": ""+286500"", ""buy_fpr_req"": ""310"", ""buy_1th_pre_req_pre"": ""0"", ""buy_2th_pre_bid"": ""+286000"", ""buy_2th_pre_req"": ""340"", ""buy_2th_pre_req_pre"": ""--21"", ""buy_3th_pre_bid"": ""+285500"", ""buy_3th_pre_req"": ""152"", ""buy_3th_pre_req_pre"": ""+21"", ""buy_4th_pre_bid"": ""+285000"", ""buy_4th_pre_req"": ""214"", ""buy_4th_pre_req_pre"": ""0"", ""buy_5th_pre_bid"": ""+284500"", ""buy_5th_pre_req"": ""168"", ""buy_5th_pre_req_pre"": ""0"", ""buy_6th_pre_bid"": ""+284000"", ""buy_6th_pre_req"": ""219"", ""buy_6th_pre_req_pre"": ""0"", ""buy_7th_pre_bid"": ""+283500"", ""buy_7th_pre_req"": ""183"", ""buy_7th_pre_req_pre"": ""0"", ""buy_8th_pre_bid"": ""+283000"", ""buy_8th_pre_req"": ""163"", ""buy_8th_pre_req_pre"": ""0"", ""buy_9th_pre_bid"": ""+282500"", ""buy_9th_pre_req"": ""198"", ""buy_9th_pre_req_pre"": ""0"", ""buy_10th_pre_bid"": ""+282000"", ""buy_10th_pre_req"": ""417"", ""buy_10th_pre_req_pre"": ""0"", ""tot_sel_req_jub_pre"": ""+1"", ""tot_sel_req"": ""4221"", ""tot_buy_req"": ""2364"", ""tot_buy_req_jub_pre"": ""0"", ""ovt_sel_req_pre"": ""0"", ""ovt_sel_req"": ""0"", ""ovt_buy_req"": ""0"", ""ovt_buy_req_pre"": ""0"", ""return_code"": 0, ""return_msg"": ""정상적으로 처리되었습니다""}"
2026-06-10,scan_candidate,017670,,0,main_scan,108400,,108400,108300,108400,108000,-0.8302583025830259,0.09225092250922509,,,,,,"{""bid_req_base_tm"": ""104247"", ""sel_10th_pre_req_pre"": ""0"", ""sel_10th_pre_req"": ""551"", ""sel_10th_pre_bid"": ""+109300"", ""sel_9th_pre_req_pre"": ""0"", ""sel_9th_pre_req"": ""422"", ""sel_9th_pre_bid"": ""+109200"", ""sel_8th_pre_req_pre"": ""0"", ""sel_8th_pre_req"": ""1016"", ""sel_8th_pre_bid"": ""+109100"", ""sel_7th_pre_req_pre"": ""0"", ""sel_7th_pre_req"": ""3131"", ""sel_7th_pre_bid"": ""+109000"", ""sel_6th_pre_req_pre"": ""0"", ""sel_6th_pre_req"": ""1618"", ""sel_6th_pre_bid"": ""+108900"", ""sel_5th_pre_req_pre"": ""0"", ""sel_5th_pre_req"": ""597"", ""sel_5th_pre_bid"": ""+108800"", ""sel_4th_pre_req_pre"": ""0"", ""sel_4th_pre_req"": ""445"", ""sel_4th_pre_bid"": ""+108700"", ""sel_3th_pre_req_pre"": ""0"", ""sel_3th_pre_req"": ""1171"", ""sel_3th_pre_bid"": ""+108600"", ""sel_2th_pre_req_pre"": ""0"", ""sel_2th_pre_req"": ""217"", ""sel_2th_pre_bid"": ""+108500"", ""sel_1th_pre_req_pre"": ""+235"", ""sel_fpr_req"": ""570"", ""sel_fpr_bid"": ""+108400"", ""buy_fpr_bid"": ""+108300"", ""buy_fpr_req"": ""964"", ""buy_1th_pre_req_pre"": ""0"", ""buy_2th_pre_bid"": ""+108200"", ""buy_2th_pre_req"": ""401"", ""buy_2th_pre_req_pre"": ""0"", ""buy_3th_pre_bid"": ""108100"", ""buy_3th_pre_req"": ""555"", ""buy_3th_pre_req_pre"": ""0"", ""buy_4th_pre_bid"": ""-108000"", ""buy_4th_pre_req"": ""1218"", ""buy_4th_pre_req_pre"": ""0"", ""buy_5th_pre_bid"": ""-107900"", ""buy_5th_pre_req"": ""295"", ""buy_5th_pre_req_pre"": ""0"", ""buy_6th_pre_bid"": ""-107800"", ""buy_6th_pre_req"": ""249"", ""buy_6th_pre_req_pre"": ""0"", ""buy_7th_pre_bid"": ""-107700"", ""buy_7th_pre_req"": ""515"", ""buy_7th_pre_req_pre"": ""0"", ""buy_8th_pre_bid"": ""-107600"", ""buy_8th_pre_req"": ""548"", ""buy_8th_pre_req_pre"": ""0"", ""buy_9th_pre_bid"": ""-107500"", ""buy_9th_pre_req"": ""695"", ""buy_9th_pre_req_pre"": ""0"", ""buy_10th_pre_bid"": ""-107400"", ""buy_10th_pre_req"": ""190"", ""buy_10th_pre_req_pre"": ""0"", ""tot_sel_req_jub_pre"": ""+235"", ""tot_sel_req"": ""9738"", ""tot_buy_req"": ""5630"", ""tot_buy_req_jub_pre"": ""0"", ""ovt_sel_req_pre"": ""0"", ""ovt_sel_req"": ""0"", ""ovt_buy_req"": ""0"", ""ovt_buy_req_pre"": ""0"", ""return_code"": 0, ""return_msg"": ""정상적으로 처리되었습니다""}"
2026-06-10,scan_candidate,316140,,0,main_scan,30000,,30000,29950,30000,29900,-0.5,0.16666666666666669,,,,,,"{""bid_req_base_tm"": ""104245"", ""sel_10th_pre_req_pre"": ""0"", ""sel_10th_pre_req"": ""1882"", ""sel_10th_pre_bid"": ""+30450"", ""sel_9th_pre_req_pre"": ""0"", ""sel_9th_pre_req"": ""3192"", ""sel_9th_pre_bid"": ""+30400"", ""sel_8th_pre_req_pre"": ""0"", ""sel_8th_pre_req"": ""895"", ""sel_8th_pre_bid"": ""+30350"", ""sel_7th_pre_req_pre"": ""0"", ""sel_7th_pre_req"": ""2095"", ""sel_7th_pre_bid"": ""+30300"", ""sel_6th_pre_req_pre"": ""0"", ""sel_6th_pre_req"": ""1696"", ""sel_6th_pre_bid"": ""+30250"", ""sel_5th_pre_req_pre"": ""0"", ""sel_5th_pre_req"": ""4529"", ""sel_5th_pre_bid"": ""+30200"", ""sel_4th_pre_req_pre"": ""0"", ""sel_4th_pre_req"": ""490"", ""sel_4th_pre_bid"": ""+30150"", ""sel_3th_pre_req_pre"": ""0"", ""sel_3th_pre_req"": ""1224"", ""sel_3th_pre_bid"": ""+30100"", ""sel_2th_pre_req_pre"": ""0"", ""sel_2th_pre_req"": ""5612"", ""sel_2th_pre_bid"": ""+30050"", ""sel_1th_pre_req_pre"": ""--4"", ""sel_fpr_req"": ""1130"", ""sel_fpr_bid"": ""30000"", ""buy_fpr_bid"": ""-29950"", ""buy_fpr_req"": ""1473"", ""buy_1th_pre_req_pre"": ""0"", ""buy_2th_pre_bid"": ""-29900"", ""buy_2th_pre_req"": ""3374"", ""buy_2th_pre_req_pre"": ""0"", ""buy_3th_pre_bid"": ""-29850"", ""buy_3th_pre_req"": ""525"", ""buy_3th_pre_req_pre"": ""0"", ""buy_4th_pre_bid"": ""-29800"", ""buy_4th_pre_req"": ""711"", ""buy_4th_pre_req_pre"": ""0"", ""buy_5th_pre_bid"": ""-29750"", ""buy_5th_pre_req"": ""1078"", ""buy_5th_pre_req_pre"": ""0"", ""buy_6th_pre_bid"": ""-29700"", ""buy_6th_pre_req"": ""2711"", ""buy_6th_pre_req_pre"": ""0"", ""buy_7th_pre_bid"": ""-29650"", ""buy_7th_pre_req"": ""3511"", ""buy_7th_pre_req_pre"": ""0"", ""buy_8th_pre_bid"": ""-29600"", ""buy_8th_pre_req"": ""1150"", ""buy_8th_pre_req_pre"": ""0"", ""buy_9th_pre_bid"": ""-29550"", ""buy_9th_pre_req"": ""617"", ""buy_9th_pre_req_pre"": ""0"", ""buy_10th_pre_bid"": ""-29500"", ""buy_10th_pre_req"": ""2231"", ""buy_10th_pre_req_pre"": ""0"", ""tot_sel_req_jub_pre"": ""--4"", ""tot_sel_req"": ""22745"", ""tot_buy_req"": ""17381"", ""tot_buy_req_jub_pre"": ""0"", ""ovt_sel_req_pre"": ""0"", ""ovt_sel_req"": ""0"", ""ovt_buy_req"": ""0"", ""ovt_buy_req_pre"": ""0"", ""return_code"": 0, ""return_msg"": ""정상적으로 처리되었습니다""}"
2026-06-10,scan_candidate,018260,,0,main_scan,232500,,232500,232000,232500,234000,0.43010752688172044,0.21505376344086022,,,,,,"{""bid_req_base_tm"": ""104247"", ""sel_10th_pre_req_pre"": ""0"", ""sel_10th_pre_req"": ""801"", ""sel_10th_pre_bid"": ""-237000"", ""sel_9th_pre_req_pre"": ""0"", ""sel_9th_pre_req"": ""208"", ""sel_9th_pre_bid"": ""-236500"", ""sel_8th_pre_req_pre"": ""0"", ""sel_8th_pre_req"": ""351"", ""sel_8th_pre_bid"": ""-236000"", ""sel_7th_pre_req_pre"": ""0"", ""sel_7th_pre_req"": ""163"", ""sel_7th_pre_bid"": ""-235500"", ""sel_6th_pre_req_pre"": ""0"", ""sel_6th_pre_req"": ""170"", ""sel_6th_pre_bid"": ""-235000"", ""sel_5th_pre_req_pre"": ""0"", ""sel_5th_pre_req"": ""133"", ""sel_5th_pre_bid"": ""-234500"", ""sel_4th_pre_req_pre"": ""0"", ""sel_4th_pre_req"": ""204"", ""sel_4th_pre_bid"": ""-234000"", ""sel_3th_pre_req_pre"": ""0"", ""sel_3th_pre_req"": ""165"", ""sel_3th_pre_bid"": ""-233500"", ""sel_2th_pre_req_pre"": ""0"", ""sel_2th_pre_req"": ""310"", ""sel_2th_pre_bid"": ""-233000"", ""sel_1th_pre_req_pre"": ""0"", ""sel_fpr_req"": ""118"", ""sel_fpr_bid"": ""-232500"", ""buy_fpr_bid"": ""-232000"", ""buy_fpr_req"": ""487"", ""buy_1th_pre_req_pre"": ""--1"", ""buy_2th_pre_bid"": ""-231500"", ""buy_2th_pre_req"": ""1825"", ""buy_2th_pre_req_pre"": ""+1"", ""buy_3th_pre_bid"": ""-231000"", ""buy_3th_pre_req"": ""2494"", ""buy_3th_pre_req_pre"": ""0"", ""buy_4th_pre_bid"": ""-230500"", ""buy_4th_pre_req"": ""2128"", ""buy_4th_pre_req_pre"": ""0"", ""buy_5th_pre_bid"": ""-230000"", ""buy_5th_pre_req"": ""4310"", ""buy_5th_pre_req_pre"": ""0"", ""buy_6th_pre_bid"": ""-229500"", ""buy_6th_pre_req"": ""865"", ""buy_6th_pre_req_pre"": ""0"", ""buy_7th_pre_bid"": ""-229000"", ""buy_7th_pre_req"": ""1374"", ""buy_7th_pre_req_pre"": ""0"", ""buy_8th_pre_bid"": ""-228500"", ""buy_8th_pre_req"": ""558"", ""buy_8th_pre_req_pre"": ""0"", ""buy_9th_pre_bid"": ""-228000"", ""buy_9th_pre_req"": ""1666"", ""buy_9th_pre_req_pre"": ""0"", ""buy_10th_pre_bid"": ""-227500"", ""buy_10th_pre_req"": ""1532"", ""buy_10th_pre_req_pre"": ""0"", ""tot_sel_req_jub_pre"": ""0"", ""tot_sel_req"": ""2623"", ""tot_buy_req"": ""17239"", ""tot_buy_req_jub_pre"": ""0"", ""ovt_sel_req_pre"": ""0"", ""ovt_sel_req"": ""0"", ""ovt_buy_req"": ""0"", ""ovt_buy_req_pre"": ""0"", ""return_code"": 0, ""return_msg"": ""정상적으로 처리되었습니다""}"
2026-06-10,scan_candidate,033780,,0,main_scan,184200,,184200,184000,184200,184000,-0.3800217155266015,0.10857763300760044,,,,,,"{""bid_req_base_tm"": ""104247"", ""sel_10th_pre_req_pre"": ""0"", ""sel_10th_pre_req"": ""64"", ""sel_10th_pre_bid"": ""+185100"", ""sel_9th_pre_req_pre"": ""0"", ""sel_9th_pre_req"": ""1177"", ""sel_9th_pre_bid"": ""+185000"", ""sel_8th_pre_req_pre"": ""0"", ""sel_8th_pre_req"": ""68"", ""sel_8th_pre_bid"": ""+184900"", ""sel_7th_pre_req_pre"": ""0"", ""sel_7th_pre_req"": ""1"", ""sel_7th_pre_bid"": ""+184800"", ""sel_6th_pre_req_pre"": ""0"", ""sel_6th_pre_req"": ""97"", ""sel_6th_pre_bid"": ""+184700"", ""sel_5th_pre_req_pre"": ""0"", ""sel_5th_pre_req"": ""5"", ""sel_5th_pre_bid"": ""+184600"", ""sel_4th_pre_req_pre"": ""0"", ""sel_4th_pre_req"": ""118"", ""sel_4th_pre_bid"": ""+184500"", ""sel_3th_pre_req_pre"": ""0"", ""sel_3th_pre_req"": ""104"", ""sel_3th_pre_bid"": ""+184400"", ""sel_2th_pre_req_pre"": ""+12"", ""sel_2th_pre_req"": ""115"", ""sel_2th_pre_bid"": ""184300"", ""sel_1th_pre_req_pre"": ""0"", ""sel_fpr_req"": ""20"", ""sel_fpr_bid"": ""-184200"", ""buy_fpr_bid"": ""-184000"", ""buy_fpr_req"": ""71"", ""buy_1th_pre_req_pre"": ""0"", ""buy_2th_pre_bid"": ""-183900"", ""buy_2th_pre_req"": ""270"", ""buy_2th_pre_req_pre"": ""0"", ""buy_3th_pre_bid"": ""-183800"", ""buy_3th_pre_req"": ""52"", ""buy_3th_pre_req_pre"": ""0"", ""buy_4th_pre_bid"": ""-183700"", ""buy_4th_pre_req"": ""13"", ""buy_4th_pre_req_pre"": ""0"", ""buy_5th_pre_bid"": ""-183600"", ""buy_5th_pre_req"": ""10"", ""buy_5th_pre_req_pre"": ""0"", ""buy_6th_pre_bid"": ""-183500"", ""buy_6th_pre_req"": ""4"", ""buy_6th_pre_req_pre"": ""0"", ""buy_7th_pre_bid"": ""-183400"", ""buy_7th_pre_req"": ""10"", ""buy_7th_pre_req_pre"": ""0"", ""buy_8th_pre_bid"": ""-183300"", ""buy_8th_pre_req"": ""28"", ""buy_8th_pre_req_pre"": ""0"", ""buy_9th_pre_bid"": ""-183100"", ""buy_9th_pre_req"": ""96"", ""buy_9th_pre_req_pre"": ""0"", ""buy_10th_pre_bid"": ""-183000"", ""buy_10th_pre_req"": ""217"", ""buy_10th_pre_req_pre"": ""0"", ""tot_sel_req_jub_pre"": ""+12"", ""tot_sel_req"": ""1769"", ""tot_buy_req"": ""771"", ""tot_buy_req_jub_pre"": ""0"", ""ovt_sel_req_pre"": ""0"", ""ovt_sel_req"": ""0"", ""ovt_buy_req"": ""0"", ""ovt_buy_req_pre"": ""0"", ""return_code"": 0, ""return_msg"": ""정상적으로 처리되었습니다""}"
2026-06-10,scan_candidate,307950,,0,main_scan,708000,,708000,707000,708000,709000,0.0,0.14124293785310735,,,,,,"{""bid_req_base_tm"": ""104247"", ""sel_10th_pre_req_pre"": ""0"", ""sel_10th_pre_req"": ""90"", ""sel_10th_pre_bid"": ""+717000"", ""sel_9th_pre_req_pre"": ""0"", ""sel_9th_pre_req"": ""225"", ""sel_9th_pre_bid"": ""+716000"", ""sel_8th_pre_req_pre"": ""0"", ""sel_8th_pre_req"": ""75"", ""sel_8th_pre_bid"": ""+715000"", ""sel_7th_pre_req_pre"": ""0"", ""sel_7th_pre_req"": ""13"", ""sel_7th_pre_bid"": ""+714000"", ""sel_6th_pre_req_pre"": ""0"", ""sel_6th_pre_req"": ""11"", ""sel_6th_pre_bid"": ""+713000"", ""sel_5th_pre_req_pre"": ""0"", ""sel_5th_pre_req"": ""4"", ""sel_5th_pre_bid"": ""+712000"", ""sel_4th_pre_req_pre"": ""0"", ""sel_4th_pre_req"": ""15"", ""sel_4th_pre_bid"": ""+711000"", ""sel_3th_pre_req_pre"": ""0"", ""sel_3th_pre_req"": ""89"", ""sel_3th_pre_bid"": ""+710000"", ""sel_2th_pre_req_pre"": ""0"", ""sel_2th_pre_req"": ""82"", ""sel_2th_pre_bid"": ""+709000"", ""sel_1th_pre_req_pre"": ""0"", ""sel_fpr_req"": ""99"", ""sel_fpr_bid"": ""+708000"", ""buy_fpr_bid"": ""+707000"", ""buy_fpr_req"": ""42"", ""buy_1th_pre_req_pre"": ""--7"", ""buy_2th_pre_bid"": ""+706000"", ""buy_2th_pre_req"": ""251"", ""buy_2th_pre_req_pre"": ""0"", ""buy_3th_pre_bid"": ""+705000"", ""buy_3th_pre_req"": ""138"", ""buy_3th_pre_req_pre"": ""0"", ""buy_4th_pre_bid"": ""+704000"", ""buy_4th_pre_req"": ""97"", ""buy_4th_pre_req_pre"": ""0"", ""buy_5th_pre_bid"": ""+703000"", ""buy_5th_pre_req"": ""76"", ""buy_5th_pre_req_pre"": ""0"", ""buy_6th_pre_bid"": ""+702000"", ""buy_6th_pre_req"": ""162"", ""buy_6th_pre_req_pre"": ""0"", ""buy_7th_pre_bid"": ""+701000"", ""buy_7th_pre_req"": ""110"", ""buy_7th_pre_req_pre"": ""0"", ""buy_8th_pre_bid"": ""+700000"", ""buy_8th_pre_req"": ""681"", ""buy_8th_pre_req_pre"": ""0"", ""buy_9th_pre_bid"": ""+699000"", ""buy_9th_pre_req"": ""145"", ""buy_9th_pre_req_pre"": ""0"", ""buy_10th_pre_bid"": ""+698000"", ""buy_10th_pre_req"": ""177"", ""buy_10th_pre_req_pre"": ""0"", ""tot_sel_req_jub_pre"": ""0"", ""tot_sel_req"": ""703"", ""tot_buy_req"": ""1879"", ""tot_buy_req_jub_pre"": ""--7"", ""ovt_sel_req_pre"": ""0"", ""ovt_sel_req"": ""0"", ""ovt_buy_req"": ""0"", ""ovt_buy_req_pre"": ""0"", ""return_code"": 0, ""return_msg"": ""정상적으로 처리되었습니다""}"
2026-06-10,scan_candidate,138040,,0,main_scan,109100,,109100,109000,109100,108500,-1.008249312557287,0.09165902841429881,,,,,,"{""bid_req_base_tm"": ""104247"", ""sel_10th_pre_req_pre"": ""0"", ""sel_10th_pre_req"": ""504"", ""sel_10th_pre_bid"": ""+110200"", ""sel_9th_pre_req_pre"": ""0"", ""sel_9th_pre_req"": ""5069"", ""sel_9th_pre_bid"": ""+110100"", ""sel_8th_pre_req_pre"": ""0"", ""sel_8th_pre_req"": ""738"", ""sel_8th_pre_bid"": ""+110000"", ""sel_7th_pre_req_pre"": ""0"", ""sel_7th_pre_req"": ""210"", ""sel_7th_pre_bid"": ""+109900"", ""sel_6th_pre_req_pre"": ""0"", ""sel_6th_pre_req"": ""514"", ""sel_6th_pre_bid"": ""+109800"", ""sel_5th_pre_req_pre"": ""0"", ""sel_5th_pre_req"": ""332"", ""sel_5th_pre_bid"": ""+109600"", ""sel_4th_pre_req_pre"": ""0"", ""sel_4th_pre_req"": ""88"", ""sel_4th_pre_bid"": ""+109500"", ""sel_3th_pre_req_pre"": ""0"", ""sel_3th_pre_req"": ""240"", ""sel_3th_pre_bid"": ""+109400"", ""sel_2th_pre_req_pre"": ""0"", ""sel_2th_pre_req"": ""54"", ""sel_2th_pre_bid"": ""+109200"", ""sel_1th_pre_req_pre"": ""--1"", ""sel_fpr_req"": ""245"", ""sel_fpr_bid"": ""109100"", ""buy_fpr_bid"": ""-109000"", ""buy_fpr_req"": ""447"", ""buy_1th_pre_req_pre"": ""0"", ""buy_2th_pre_bid"": ""-108900"", ""buy_2th_pre_req"": ""21"", ""buy_2th_pre_req_pre"": ""0"", ""buy_3th_pre_bid"": ""-108800"", ""buy_3th_pre_req"": ""5"", ""buy_3th_pre_req_pre"": ""0"", ""buy_4th_pre_bid"": ""-108700"", ""buy_4th_pre_req"": ""3"", ""buy_4th_pre_req_pre"": ""0"", ""buy_5th_pre_bid"": ""-108600"", ""buy_5th_pre_req"": ""5"", ""buy_5th_pre_req_pre"": ""0"", ""buy_6th_pre_bid"": ""-108500"", ""buy_6th_pre_req"": ""43"", ""buy_6th_pre_req_pre"": ""0"", ""buy_7th_pre_bid"": ""-108400"", ""buy_7th_pre_req"": ""23"", ""buy_7th_pre_req_pre"": ""0"", ""buy_8th_pre_bid"": ""-108300"", ""buy_8th_pre_req"": ""3"", ""buy_8th_pre_req_pre"": ""0"", ""buy_9th_pre_bid"": ""-108200"", ""buy_9th_pre_req"": ""3"", ""buy_9th_pre_req_pre"": ""0"", ""buy_10th_pre_bid"": ""-108100"", ""buy_10th_pre_req"": ""7"", ""buy_10th_pre_req_pre"": ""0"", ""tot_sel_req_jub_pre"": ""--1"", ""tot_sel_req"": ""7994"", ""tot_buy_req"": ""560"", ""tot_buy_req_jub_pre"": ""0"", ""ovt_sel_req_pre"": ""0"", ""ovt_sel_req"": ""0"", ""ovt_buy_req"": ""0"", ""ovt_buy_req_pre"": ""0"", ""return_code"": 0, ""return_msg"": ""정상적으로 처리되었습니다""}"
2026-06-10,scan_candidate,003550,,0,main_scan,110000,,110000,109900,110000,109000,-1.3636363636363635,0.09090909090909091,,,,,,"{""bid_req_base_tm"": ""104248"", ""sel_10th_pre_req_pre"": ""0"", ""sel_10th_pre_req"": ""514"", ""sel_10th_pre_bid"": ""-110900"", ""sel_9th_pre_req_pre"": ""0"", ""sel_9th_pre_req"": ""14"", ""sel_9th_pre_bid"": ""-110800"", ""sel_8th_pre_req_pre"": ""0"", ""sel_8th_pre_req"": ""52"", ""sel_8th_pre_bid"": ""-110700"", ""sel_7th_pre_req_pre"": ""0"", ""sel_7th_pre_req"": ""11"", ""sel_7th_pre_bid"": ""-110600"", ""sel_6th_pre_req_pre"": ""0"", ""sel_6th_pre_req"": ""18"", ""sel_6th_pre_bid"": ""-110500"", ""sel_5th_pre_req_pre"": ""0"", ""sel_5th_pre_req"": ""14"", ""sel_5th_pre_bid"": ""-110400"", ""sel_4th_pre_req_pre"": ""0"", ""sel_4th_pre_req"": ""38"", ""sel_4th_pre_bid"": ""-110300"", ""sel_3th_pre_req_pre"": ""0"", ""sel_3th_pre_req"": ""3"", ""sel_3th_pre_bid"": ""-110200"", ""sel_2th_pre_req_pre"": ""0"", ""sel_2th_pre_req"": ""95"", ""sel_2th_pre_bid"": ""-110100"", ""sel_1th_pre_req_pre"": ""0"", ""sel_fpr_req"": ""4764"", ""sel_fpr_bid"": ""-110000"", ""buy_fpr_bid"": ""-109900"", ""buy_fpr_req"": ""136"", ""buy_1th_pre_req_pre"": ""+32"", ""buy_2th_pre_bid"": ""-109800"", ""buy_2th_pre_req"": ""404"", ""buy_2th_pre_req_pre"": ""--2"", ""buy_3th_pre_bid"": ""-109600"", ""buy_3th_pre_req"": ""70"", ""buy_3th_pre_req_pre"": ""0"", ""buy_4th_pre_bid"": ""-109500"", ""buy_4th_pre_req"": ""111"", ""buy_4th_pre_req_pre"": ""--1"", ""buy_5th_pre_bid"": ""-109400"", ""buy_5th_pre_req"": ""204"", ""buy_5th_pre_req_pre"": ""0"", ""buy_6th_pre_bid"": ""-109300"", ""buy_6th_pre_req"": ""1"", ""buy_6th_pre_req_pre"": ""0"", ""buy_7th_pre_bid"": ""-109200"", ""buy_7th_pre_req"": ""4"", ""buy_7th_pre_req_pre"": ""0"", ""buy_8th_pre_bid"": ""-109100"", ""buy_8th_pre_req"": ""60"", ""buy_8th_pre_req_pre"": ""0"", ""buy_9th_pre_bid"": ""-109000"", ""buy_9th_pre_req"": ""263"", ""buy_9th_pre_req_pre"": ""0"", ""buy_10th_pre_bid"": ""-108900"", ""buy_10th_pre_req"": ""2"", ""buy_10th_pre_req_pre"": ""0"", ""tot_sel_req_jub_pre"": ""0"", ""tot_sel_req"": ""5523"", ""tot_buy_req"": ""1255"", ""tot_buy_req_jub_pre"": ""+29"", ""ovt_sel_req_pre"": ""0"", ""ovt_sel_req"": ""0"", ""ovt_buy_req"": ""0"", ""ovt_buy_req_pre"": ""0"", ""return_code"": 0, ""return_msg"": ""정상적으로 처리되었습니다""}"
2026-06-10,scan_candidate,024110,,0,main_scan,20950,,20950,20900,20950,20800,-0.9546539379474941,0.23866348448687352,,,,,,"{""bid_req_base_tm"": ""104245"", ""sel_10th_pre_req_pre"": ""0"", ""sel_10th_pre_req"": ""9910"", ""sel_10th_pre_bid"": ""+21400"", ""sel_9th_pre_req_pre"": ""0"", ""sel_9th_pre_req"": ""5012"", ""sel_9th_pre_bid"": ""+21350"", ""sel_8th_pre_req_pre"": ""0"", ""sel_8th_pre_req"": ""13798"", ""sel_8th_pre_bid"": ""+21300"", ""sel_7th_pre_req_pre"": ""0"", ""sel_7th_pre_req"": ""6753"", ""sel_7th_pre_bid"": ""+21250"", ""sel_6th_pre_req_pre"": ""0"", ""sel_6th_pre_req"": ""17677"", ""sel_6th_pre_bid"": ""+21200"", ""sel_5th_pre_req_pre"": ""0"", ""sel_5th_pre_req"": ""19932"", ""sel_5th_pre_bid"": ""+21150"", ""sel_4th_pre_req_pre"": ""0"", ""sel_4th_pre_req"": ""6482"", ""sel_4th_pre_bid"": ""+21100"", ""sel_3th_pre_req_pre"": ""0"", ""sel_3th_pre_req"": ""2378"", ""sel_3th_pre_bid"": ""+21050"", ""sel_2th_pre_req_pre"": ""0"", ""sel_2th_pre_req"": ""4418"", ""sel_2th_pre_bid"": ""+21000"", ""sel_1th_pre_req_pre"": ""+125"", ""sel_fpr_req"": ""3436"", ""sel_fpr_bid"": ""+20950"", ""buy_fpr_bid"": ""+20900"", ""buy_fpr_req"": ""3139"", ""buy_1th_pre_req_pre"": ""0"", ""buy_2th_pre_bid"": ""+20850"", ""buy_2th_pre_req"": ""748"", ""buy_2th_pre_req_pre"": ""0"", ""buy_3th_pre_bid"": ""+20800"", ""buy_3th_pre_req"": ""1818"", ""buy_3th_pre_req_pre"": ""0"", ""buy_4th_pre_bid"": ""+20750"", ""buy_4th_pre_req"": ""1164"", ""buy_4th_pre_req_pre"": ""0"", ""buy_5th_pre_bid"": ""+20700"", ""buy_5th_pre_req"": ""2110"", ""buy_5th_pre_req_pre"": ""0"", ""buy_6th_pre_bid"": ""+20650"", ""buy_6th_pre_req"": ""1445"", ""buy_6th_pre_req_pre"": ""0"", ""buy_7th_pre_bid"": ""+20600"", ""buy_7th_pre_req"": ""3402"", ""buy_7th_pre_req_pre"": ""0"", ""buy_8th_pre_bid"": ""20550"", ""buy_8th_pre_req"": ""2336"", ""buy_8th_pre_req_pre"": ""0"", ""buy_9th_pre_bid"": ""-20500"", ""buy_9th_pre_req"": ""1999"", ""buy_9th_pre_req_pre"": ""0"", ""buy_10th_pre_bid"": ""-20450"", ""buy_10th_pre_req"": ""1237"", ""buy_10th_pre_req_pre"": ""0"", ""tot_sel_req_jub_pre"": ""+125"", ""tot_sel_req"": ""89796"", ""tot_buy_req"": ""19398"", ""tot_buy_req_jub_pre"": ""0"", ""ovt_sel_req_pre"": ""0"", ""ovt_sel_req"": ""0"", ""ovt_buy_req"": ""0"", ""ovt_buy_req_pre"": ""0"", ""return_code"": 0, ""return_msg"": ""정상적으로 처리되었습니다""}"
2026-06-10,scan_candidate,079550,,0,main_scan,784000,,784000,782000,784000,780000,-0.6377551020408163,0.25510204081632654,,,,,,"{""bid_req_base_tm"": ""104248"", ""sel_10th_pre_req_pre"": ""0"", ""sel_10th_pre_req"": ""305"", ""sel_10th_pre_bid"": ""+793000"", ""sel_9th_pre_req_pre"": ""0"", ""sel_9th_pre_req"": ""297"", ""sel_9th_pre_bid"": ""+792000"", ""sel_8th_pre_req_pre"": ""0"", ""sel_8th_pre_req"": ""58"", ""sel_8th_pre_bid"": ""+791000"", ""sel_7th_pre_req_pre"": ""0"", ""sel_7th_pre_req"": ""288"", ""sel_7th_pre_bid"": ""+790000"", ""sel_6th_pre_req_pre"": ""0"", ""sel_6th_pre_req"": ""79"", ""sel_6th_pre_bid"": ""+789000"", ""sel_5th_pre_req_pre"": ""0"", ""sel_5th_pre_req"": ""492"", ""sel_5th_pre_bid"": ""+788000"", ""sel_4th_pre_req_pre"": ""0"", ""sel_4th_pre_req"": ""92"", ""sel_4th_pre_bid"": ""+787000"", ""sel_3th_pre_req_pre"": ""0"", ""sel_3th_pre_req"": ""78"", ""sel_3th_pre_bid"": ""+786000"", ""sel_2th_pre_req_pre"": ""0"", ""sel_2th_pre_req"": ""278"", ""sel_2th_pre_bid"": ""+785000"", ""sel_1th_pre_req_pre"": ""--18"", ""sel_fpr_req"": ""44"", ""sel_fpr_bid"": ""+784000"", ""buy_fpr_bid"": ""+782000"", ""buy_fpr_req"": ""46"", ""buy_1th_pre_req_pre"": ""0"", ""buy_2th_pre_bid"": ""+781000"", ""buy_2th_pre_req"": ""23"", ""buy_2th_pre_req_pre"": ""0"", ""buy_3th_pre_bid"": ""+780000"", ""buy_3th_pre_req"": ""339"", ""buy_3th_pre_req_pre"": ""0"", ""buy_4th_pre_bid"": ""+779000"", ""buy_4th_pre_req"": ""17"", ""buy_4th_pre_req_pre"": ""0"", ""buy_5th_pre_bid"": ""+778000"", ""buy_5th_pre_req"": ""8"", ""buy_5th_pre_req_pre"": ""0"", ""buy_6th_pre_bid"": ""+777000"", ""buy_6th_pre_req"": ""70"", ""buy_6th_pre_req_pre"": ""0"", ""buy_7th_pre_bid"": ""+775000"", ""buy_7th_pre_req"": ""5"", ""buy_7th_pre_req_pre"": ""0"", ""buy_8th_pre_bid"": ""+774000"", ""buy_8th_pre_req"": ""1"", ""buy_8th_pre_req_pre"": ""0"", ""buy_9th_pre_bid"": ""+773000"", ""buy_9th_pre_req"": ""123"", ""buy_9th_pre_req_pre"": ""0"", ""buy_10th_pre_bid"": ""+772000"", ""buy_10th_pre_req"": ""11"", ""buy_10th_pre_req_pre"": ""0"", ""tot_sel_req_jub_pre"": ""--18"", ""tot_sel_req"": ""2011"", ""tot_buy_req"": ""643"", ""tot_buy_req_jub_pre"": ""0"", ""ovt_sel_req_pre"": ""0"", ""ovt_sel_req"": ""0"", ""ovt_buy_req"": ""0"", ""ovt_buy_req_pre"": ""0"", ""return_code"": 0, ""return_msg"": ""정상적으로 처리되었습니다""}"
2026-06-10,scan_candidate,278470,,0,main_scan,421000,,421000,420500,421000,420000,-0.35629453681710216,0.11876484560570072,,,,,,"{""bid_req_base_tm"": ""104248"", ""sel_10th_pre_req_pre"": ""0"", ""sel_10th_pre_req"": ""321"", ""sel_10th_pre_bid"": ""+425500"", ""sel_9th_pre_req_pre"": ""0"", ""sel_9th_pre_req"": ""1637"", ""sel_9th_pre_bid"": ""+425000"", ""sel_8th_pre_req_pre"": ""0"", ""sel_8th_pre_req"": ""643"", ""sel_8th_pre_bid"": ""+424500"", ""sel_7th_pre_req_pre"": ""0"", ""sel_7th_pre_req"": ""471"", ""sel_7th_pre_bid"": ""+424000"", ""sel_6th_pre_req_pre"": ""0"", ""sel_6th_pre_req"": ""519"", ""sel_6th_pre_bid"": ""+423500"", ""sel_5th_pre_req_pre"": ""0"", ""sel_5th_pre_req"": ""407"", ""sel_5th_pre_bid"": ""+423000"", ""sel_4th_pre_req_pre"": ""0"", ""sel_4th_pre_req"": ""60"", ""sel_4th_pre_bid"": ""+422500"", ""sel_3th_pre_req_pre"": ""+10"", ""sel_3th_pre_req"": ""90"", ""sel_3th_pre_bid"": ""+422000"", ""sel_2th_pre_req_pre"": ""0"", ""sel_2th_pre_req"": ""160"", ""sel_2th_pre_bid"": ""+421500"", ""sel_1th_pre_req_pre"": ""0"", ""sel_fpr_req"": ""145"", ""sel_fpr_bid"": ""+421000"", ""buy_fpr_bid"": ""+420500"", ""buy_fpr_req"": ""61"", ""buy_1th_pre_req_pre"": ""0"", ""buy_2th_pre_bid"": ""+420000"", ""buy_2th_pre_req"": ""124"", ""buy_2th_pre_req_pre"": ""0"", ""buy_3th_pre_bid"": ""+419500"", ""buy_3th_pre_req"": ""7"", ""buy_3th_pre_req_pre"": ""0"", ""buy_4th_pre_bid"": ""+419000"", ""buy_4th_pre_req"": ""134"", ""buy_4th_pre_req_pre"": ""0"", ""buy_5th_pre_bid"": ""+418500"", ""buy_5th_pre_req"": ""231"", ""buy_5th_pre_req_pre"": ""0"", ""buy_6th_pre_bid"": ""+418000"", ""buy_6th_pre_req"": ""1255"", ""buy_6th_pre_req_pre"": ""0"", ""buy_7th_pre_bid"": ""+417500"", ""buy_7th_pre_req"": ""29"", ""buy_7th_pre_req_pre"": ""0"", ""buy_8th_pre_bid"": ""+417000"", ""buy_8th_pre_req"": ""46"", ""buy_8th_pre_req_pre"": ""0"", ""buy_9th_pre_bid"": ""+416500"", ""buy_9th_pre_req"": ""79"", ""buy_9th_pre_req_pre"": ""0"", ""buy_10th_pre_bid"": ""+416000"", ""buy_10th_pre_req"": ""61"", ""buy_10th_pre_req_pre"": ""0"", ""tot_sel_req_jub_pre"": ""+10"", ""tot_sel_req"": ""4453"", ""tot_buy_req"": ""2027"", ""tot_buy_req_jub_pre"": ""0"", ""ovt_sel_req_pre"": ""0"", ""ovt_sel_req"": ""0"", ""ovt_buy_req"": ""0"", ""ovt_buy_req_pre"": ""0"", ""return_code"": 0, ""return_msg"": ""정상적으로 처리되었습니다""}"
2026-06-10,scan_candidate,030200,,0,main_scan,54900,,54900,54800,54900,54700,-0.546448087431694,0.18214936247723132,,,,,,"{""bid_req_base_tm"": ""104241"", ""sel_10th_pre_req_pre"": ""0"", ""sel_10th_pre_req"": ""1660"", ""sel_10th_pre_bid"": ""+55800"", ""sel_9th_pre_req_pre"": ""0"", ""sel_9th_pre_req"": ""553"", ""sel_9th_pre_bid"": ""+55700"", ""sel_8th_pre_req_pre"": ""0"", ""sel_8th_pre_req"": ""781"", ""sel_8th_pre_bid"": ""+55600"", ""sel_7th_pre_req_pre"": ""0"", ""sel_7th_pre_req"": ""974"", ""sel_7th_pre_bid"": ""+55500"", ""sel_6th_pre_req_pre"": ""0"", ""sel_6th_pre_req"": ""1253"", ""sel_6th_pre_bid"": ""+55400"", ""sel_5th_pre_req_pre"": ""0"", ""sel_5th_pre_req"": ""1206"", ""sel_5th_pre_bid"": ""+55300"", ""sel_4th_pre_req_pre"": ""0"", ""sel_4th_pre_req"": ""1035"", ""sel_4th_pre_bid"": ""+55200"", ""sel_3th_pre_req_pre"": ""0"", ""sel_3th_pre_req"": ""1702"", ""sel_3th_pre_bid"": ""+55100"", ""sel_2th_pre_req_pre"": ""0"", ""sel_2th_pre_req"": ""3569"", ""sel_2th_pre_bid"": ""+55000"", ""sel_1th_pre_req_pre"": ""0"", ""sel_fpr_req"": ""68"", ""sel_fpr_bid"": ""+54900"", ""buy_fpr_bid"": ""+54800"", ""buy_fpr_req"": ""89"", ""buy_1th_pre_req_pre"": ""--3"", ""buy_2th_pre_bid"": ""+54700"", ""buy_2th_pre_req"": ""602"", ""buy_2th_pre_req_pre"": ""0"", ""buy_3th_pre_bid"": ""+54600"", ""buy_3th_pre_req"": ""1170"", ""buy_3th_pre_req_pre"": ""0"", ""buy_4th_pre_bid"": ""+54500"", ""buy_4th_pre_req"": ""185"", ""buy_4th_pre_req_pre"": ""0"", ""buy_5th_pre_bid"": ""+54400"", ""buy_5th_pre_req"": ""531"", ""buy_5th_pre_req_pre"": ""0"", ""buy_6th_pre_bid"": ""+54300"", ""buy_6th_pre_req"": ""891"", ""buy_6th_pre_req_pre"": ""0"", ""buy_7th_pre_bid"": ""+54200"", ""buy_7th_pre_req"": ""1109"", ""buy_7th_pre_req_pre"": ""0"", ""buy_8th_pre_bid"": ""+54100"", ""buy_8th_pre_req"": ""435"", ""buy_8th_pre_req_pre"": ""0"", ""buy_9th_pre_bid"": ""+54000"", ""buy_9th_pre_req"": ""3155"", ""buy_9th_pre_req_pre"": ""0"", ""buy_10th_pre_bid"": ""+53900"", ""buy_10th_pre_req"": ""922"", ""buy_10th_pre_req_pre"": ""0"", ""tot_sel_req_jub_pre"": ""0"", ""tot_sel_req"": ""12801"", ""tot_buy_req"": ""9089"", ""tot_buy_req_jub_pre"": ""--3"", ""ovt_sel_req_pre"": ""0"", ""ovt_sel_req"": ""0"", ""ovt_buy_req"": ""0"", ""ovt_buy_req_pre"": ""0"", ""return_code"": 0, ""return_msg"": ""정상적으로 처리되었습니다""}"
2026-06-10,scan_candidate,010950,,0,main_scan,111000,,111000,110900,111000,110500,-0.9009009009009009,0.09009009009009009,,,,,,"{""bid_req_base_tm"": ""104248"", ""sel_10th_pre_req_pre"": ""0"", ""sel_10th_pre_req"": ""225"", ""sel_10th_pre_bid"": ""+112000"", ""sel_9th_pre_req_pre"": ""0"", ""sel_9th_pre_req"": ""82"", ""sel_9th_pre_bid"": ""+111900"", ""sel_8th_pre_req_pre"": ""0"", ""sel_8th_pre_req"": ""295"", ""sel_8th_pre_bid"": ""+111800"", ""sel_7th_pre_req_pre"": ""0"", ""sel_7th_pre_req"": ""126"", ""sel_7th_pre_bid"": ""+111700"", ""sel_6th_pre_req_pre"": ""0"", ""sel_6th_pre_req"": ""43"", ""sel_6th_pre_bid"": ""+111600"", ""sel_5th_pre_req_pre"": ""0"", ""sel_5th_pre_req"": ""13"", ""sel_5th_pre_bid"": ""+111500"", ""sel_4th_pre_req_pre"": ""0"", ""sel_4th_pre_req"": ""23"", ""sel_4th_pre_bid"": ""+111400"", ""sel_3th_pre_req_pre"": ""0"", ""sel_3th_pre_req"": ""4"", ""sel_3th_pre_bid"": ""+111300"", ""sel_2th_pre_req_pre"": ""0"", ""sel_2th_pre_req"": ""28"", ""sel_2th_pre_bid"": ""+111200"", ""sel_1th_pre_req_pre"": ""0"", ""sel_fpr_req"": ""94"", ""sel_fpr_bid"": ""+111000"", ""buy_fpr_bid"": ""110900"", ""buy_fpr_req"": ""41"", ""buy_1th_pre_req_pre"": ""0"", ""buy_2th_pre_bid"": ""-110800"", ""buy_2th_pre_req"": ""72"", ""buy_2th_pre_req_pre"": ""+16"", ""buy_3th_pre_bid"": ""-110600"", ""buy_3th_pre_req"": ""5"", ""buy_3th_pre_req_pre"": ""0"", ""buy_4th_pre_bid"": ""-110500"", ""buy_4th_pre_req"": ""106"", ""buy_4th_pre_req_pre"": ""0"", ""buy_5th_pre_bid"": ""-110400"", ""buy_5th_pre_req"": ""2"", ""buy_5th_pre_req_pre"": ""--5"", ""buy_6th_pre_bid"": ""-110300"", ""buy_6th_pre_req"": ""1"", ""buy_6th_pre_req_pre"": ""0"", ""buy_7th_pre_bid"": ""-110200"", ""buy_7th_pre_req"": ""46"", ""buy_7th_pre_req_pre"": ""0"", ""buy_8th_pre_bid"": ""-110100"", ""buy_8th_pre_req"": ""3"", ""buy_8th_pre_req_pre"": ""0"", ""buy_9th_pre_bid"": ""-110000"", ""buy_9th_pre_req"": ""7"", ""buy_9th_pre_req_pre"": ""0"", ""buy_10th_pre_bid"": ""-109900"", ""buy_10th_pre_req"": ""1"", ""buy_10th_pre_req_pre"": ""0"", ""tot_sel_req_jub_pre"": ""0"", ""tot_sel_req"": ""933"", ""tot_buy_req"": ""284"", ""tot_buy_req_jub_pre"": ""+11"", ""ovt_sel_req_pre"": ""0"", ""ovt_sel_req"": ""0"", ""ovt_buy_req"": ""0"", ""ovt_buy_req_pre"": ""0"", ""return_code"": 0, ""return_msg"": ""정상적으로 처리되었습니다""}"
2026-06-10,scan_candidate,323410,,0,main_scan,24550,,24550,24500,24550,24400,-0.8146639511201629,0.20366598778004072,,,,,,"{""bid_req_base_tm"": ""104249"", ""sel_10th_pre_req_pre"": ""0"", ""sel_10th_pre_req"": ""14989"", ""sel_10th_pre_bid"": ""+25000"", ""sel_9th_pre_req_pre"": ""0"", ""sel_9th_pre_req"": ""9971"", ""sel_9th_pre_bid"": ""+24950"", ""sel_8th_pre_req_pre"": ""0"", ""sel_8th_pre_req"": ""6610"", ""sel_8th_pre_bid"": ""+24900"", ""sel_7th_pre_req_pre"": ""0"", ""sel_7th_pre_req"": ""7738"", ""sel_7th_pre_bid"": ""+24850"", ""sel_6th_pre_req_pre"": ""0"", ""sel_6th_pre_req"": ""11952"", ""sel_6th_pre_bid"": ""+24800"", ""sel_5th_pre_req_pre"": ""0"", ""sel_5th_pre_req"": ""5540"", ""sel_5th_pre_bid"": ""+24750"", ""sel_4th_pre_req_pre"": ""0"", ""sel_4th_pre_req"": ""1314"", ""sel_4th_pre_bid"": ""+24700"", ""sel_3th_pre_req_pre"": ""0"", ""sel_3th_pre_req"": ""350"", ""sel_3th_pre_bid"": ""+24650"", ""sel_2th_pre_req_pre"": ""0"", ""sel_2th_pre_req"": ""4356"", ""sel_2th_pre_bid"": ""+24600"", ""sel_1th_pre_req_pre"": ""0"", ""sel_fpr_req"": ""2279"", ""sel_fpr_bid"": ""+24550"", ""buy_fpr_bid"": ""+24500"", ""buy_fpr_req"": ""2667"", ""buy_1th_pre_req_pre"": ""0"", ""buy_2th_pre_bid"": ""+24450"", ""buy_2th_pre_req"": ""1649"", ""buy_2th_pre_req_pre"": ""0"", ""buy_3th_pre_bid"": ""24400"", ""buy_3th_pre_req"": ""3122"", ""buy_3th_pre_req_pre"": ""0"", ""buy_4th_pre_bid"": ""-24350"", ""buy_4th_pre_req"": ""2255"", ""buy_4th_pre_req_pre"": ""0"", ""buy_5th_pre_bid"": ""-24300"", ""buy_5th_pre_req"": ""3352"", ""buy_5th_pre_req_pre"": ""0"", ""buy_6th_pre_bid"": ""-24250"", ""buy_6th_pre_req"": ""1350"", ""buy_6th_pre_req_pre"": ""0"", ""buy_7th_pre_bid"": ""-24200"", ""buy_7th_pre_req"": ""1085"", ""buy_7th_pre_req_pre"": ""0"", ""buy_8th_pre_bid"": ""-24150"", ""buy_8th_pre_req"": ""1200"", ""buy_8th_pre_req_pre"": ""0"", ""buy_9th_pre_bid"": ""-24100"", ""buy_9th_pre_req"": ""950"", ""buy_9th_pre_req_pre"": ""0"", ""buy_10th_pre_bid"": ""-24050"", ""buy_10th_pre_req"": ""1227"", ""buy_10th_pre_req_pre"": ""0"", ""tot_sel_req_jub_pre"": ""0"", ""tot_sel_req"": ""65099"", ""tot_buy_req"": ""18857"", ""tot_buy_req_jub_pre"": ""0"", ""ovt_sel_req_pre"": ""0"", ""ovt_sel_req"": ""0"", ""ovt_buy_req"": ""0"", ""ovt_buy_req_pre"": ""0"", ""return_code"": 0, ""return_msg"": ""정상적으로 처리되었습니다""}"
2026-06-10,scan_candidate,005940,,0,main_scan,31050,,31050,31000,31050,30900,-0.644122383252818,0.1610305958132045,,,,,,"{""bid_req_base_tm"": ""104247"", ""sel_10th_pre_req_pre"": ""0"", ""sel_10th_pre_req"": ""394"", ""sel_10th_pre_bid"": ""+31500"", ""sel_9th_pre_req_pre"": ""0"", ""sel_9th_pre_req"": ""29"", ""sel_9th_pre_bid"": ""+31450"", ""sel_8th_pre_req_pre"": ""0"", ""sel_8th_pre_req"": ""454"", ""sel_8th_pre_bid"": ""+31400"", ""sel_7th_pre_req_pre"": ""0"", ""sel_7th_pre_req"": ""559"", ""sel_7th_pre_bid"": ""+31350"", ""sel_6th_pre_req_pre"": ""0"", ""sel_6th_pre_req"": ""1672"", ""sel_6th_pre_bid"": ""+31300"", ""sel_5th_pre_req_pre"": ""--40"", ""sel_5th_pre_req"": ""157"", ""sel_5th_pre_bid"": ""31250"", ""sel_4th_pre_req_pre"": ""0"", ""sel_4th_pre_req"": ""501"", ""sel_4th_pre_bid"": ""-31200"", ""sel_3th_pre_req_pre"": ""0"", ""sel_3th_pre_req"": ""567"", ""sel_3th_pre_bid"": ""-31150"", ""sel_2th_pre_req_pre"": ""--59"", ""sel_2th_pre_req"": ""493"", ""sel_2th_pre_bid"": ""-31100"", ""sel_1th_pre_req_pre"": ""+40"", ""sel_fpr_req"": ""713"", ""sel_fpr_bid"": ""-31050"", ""buy_fpr_bid"": ""-31000"", ""buy_fpr_req"": ""1493"", ""buy_1th_pre_req_pre"": ""0"", ""buy_2th_pre_bid"": ""-30950"", ""buy_2th_pre_req"": ""472"", ""buy_2th_pre_req_pre"": ""0"", ""buy_3th_pre_bid"": ""-30900"", ""buy_3th_pre_req"": ""112"", ""buy_3th_pre_req_pre"": ""0"", ""buy_4th_pre_bid"": ""-30850"", ""buy_4th_pre_req"": ""67"", ""buy_4th_pre_req_pre"": ""0"", ""buy_5th_pre_bid"": ""-30800"", ""buy_5th_pre_req"": ""102"", ""buy_5th_pre_req_pre"": ""0"", ""buy_6th_pre_bid"": ""-30750"", ""buy_6th_pre_req"": ""223"", ""buy_6th_pre_req_pre"": ""0"", ""buy_7th_pre_bid"": ""-30700"", ""buy_7th_pre_req"": ""129"", ""buy_7th_pre_req_pre"": ""0"", ""buy_8th_pre_bid"": ""-30650"", ""buy_8th_pre_req"": ""116"", ""buy_8th_pre_req_pre"": ""0"", ""buy_9th_pre_bid"": ""-30600"", ""buy_9th_pre_req"": ""295"", ""buy_9th_pre_req_pre"": ""0"", ""buy_10th_pre_bid"": ""-30550"", ""buy_10th_pre_req"": ""357"", ""buy_10th_pre_req_pre"": ""0"", ""tot_sel_req_jub_pre"": ""--59"", ""tot_sel_req"": ""5539"", ""tot_buy_req"": ""3366"", ""tot_buy_req_jub_pre"": ""0"", ""ovt_sel_req_pre"": ""0"", ""ovt_sel_req"": ""0"", ""ovt_buy_req"": ""0"", ""ovt_buy_req_pre"": ""0"", ""return_code"": 0, ""return_msg"": ""정상적으로 처리되었습니다""}"
2026-06-10,scan_candidate,064400,,0,main_scan,96300,,96300,96200,96300,96600,0.20768431983385255,0.10384215991692627,,,,,,"{""bid_req_base_tm"": ""104250"", ""sel_10th_pre_req_pre"": ""0"", ""sel_10th_pre_req"": ""183"", ""sel_10th_pre_bid"": ""-97200"", ""sel_9th_pre_req_pre"": ""0"", ""sel_9th_pre_req"": ""102"", ""sel_9th_pre_bid"": ""-97100"", ""sel_8th_pre_req_pre"": ""0"", ""sel_8th_pre_req"": ""720"", ""sel_8th_pre_bid"": ""-97000"", ""sel_7th_pre_req_pre"": ""0"", ""sel_7th_pre_req"": ""245"", ""sel_7th_pre_bid"": ""-96900"", ""sel_6th_pre_req_pre"": ""0"", ""sel_6th_pre_req"": ""401"", ""sel_6th_pre_bid"": ""-96800"", ""sel_5th_pre_req_pre"": ""0"", ""sel_5th_pre_req"": ""328"", ""sel_5th_pre_bid"": ""-96700"", ""sel_4th_pre_req_pre"": ""0"", ""sel_4th_pre_req"": ""82"", ""sel_4th_pre_bid"": ""-96600"", ""sel_3th_pre_req_pre"": ""0"", ""sel_3th_pre_req"": ""1014"", ""sel_3th_pre_bid"": ""-96500"", ""sel_2th_pre_req_pre"": ""0"", ""sel_2th_pre_req"": ""1230"", ""sel_2th_pre_bid"": ""-96400"", ""sel_1th_pre_req_pre"": ""+111"", ""sel_fpr_req"": ""209"", ""sel_fpr_bid"": ""-96300"", ""buy_fpr_bid"": ""-96200"", ""buy_fpr_req"": ""13"", ""buy_1th_pre_req_pre"": ""0"", ""buy_2th_pre_bid"": ""-96100"", ""buy_2th_pre_req"": ""1831"", ""buy_2th_pre_req_pre"": ""0"", ""buy_3th_pre_bid"": ""-96000"", ""buy_3th_pre_req"": ""2691"", ""buy_3th_pre_req_pre"": ""0"", ""buy_4th_pre_bid"": ""-95900"", ""buy_4th_pre_req"": ""520"", ""buy_4th_pre_req_pre"": ""0"", ""buy_5th_pre_bid"": ""-95800"", ""buy_5th_pre_req"": ""1571"", ""buy_5th_pre_req_pre"": ""0"", ""buy_6th_pre_bid"": ""-95700"", ""buy_6th_pre_req"": ""1151"", ""buy_6th_pre_req_pre"": ""0"", ""buy_7th_pre_bid"": ""-95600"", ""buy_7th_pre_req"": ""1335"", ""buy_7th_pre_req_pre"": ""0"", ""buy_8th_pre_bid"": ""-95500"", ""buy_8th_pre_req"": ""1613"", ""buy_8th_pre_req_pre"": ""0"", ""buy_9th_pre_bid"": ""-95400"", ""buy_9th_pre_req"": ""1501"", ""buy_9th_pre_req_pre"": ""0"", ""buy_10th_pre_bid"": ""-95300"", ""buy_10th_pre_req"": ""1851"", ""buy_10th_pre_req_pre"": ""0"", ""tot_sel_req_jub_pre"": ""+111"", ""tot_sel_req"": ""4514"", ""tot_buy_req"": ""14077"", ""tot_buy_req_jub_pre"": ""0"", ""ovt_sel_req_pre"": ""0"", ""ovt_sel_req"": ""0"", ""ovt_buy_req"": ""0"", ""ovt_buy_req_pre"": ""0"", ""return_code"": 0, ""return_msg"": ""정상적으로 처리되었습니다""}"
2026-06-10,scan_candidate,003490,,0,main_scan,25550,,25550,25500,25550,25400,-0.7827788649706457,0.19569471624266144,,,,,,"{""bid_req_base_tm"": ""104250"", ""sel_10th_pre_req_pre"": ""0"", ""sel_10th_pre_req"": ""46304"", ""sel_10th_pre_bid"": ""+26000"", ""sel_9th_pre_req_pre"": ""0"", ""sel_9th_pre_req"": ""20145"", ""sel_9th_pre_bid"": ""+25950"", ""sel_8th_pre_req_pre"": ""0"", ""sel_8th_pre_req"": ""19476"", ""sel_8th_pre_bid"": ""+25900"", ""sel_7th_pre_req_pre"": ""0"", ""sel_7th_pre_req"": ""9978"", ""sel_7th_pre_bid"": ""+25850"", ""sel_6th_pre_req_pre"": ""0"", ""sel_6th_pre_req"": ""50355"", ""sel_6th_pre_bid"": ""+25800"", ""sel_5th_pre_req_pre"": ""0"", ""sel_5th_pre_req"": ""11378"", ""sel_5th_pre_bid"": ""+25750"", ""sel_4th_pre_req_pre"": ""0"", ""sel_4th_pre_req"": ""6823"", ""sel_4th_pre_bid"": ""+25700"", ""sel_3th_pre_req_pre"": ""0"", ""sel_3th_pre_req"": ""4851"", ""sel_3th_pre_bid"": ""+25650"", ""sel_2th_pre_req_pre"": ""0"", ""sel_2th_pre_req"": ""389"", ""sel_2th_pre_bid"": ""+25600"", ""sel_1th_pre_req_pre"": ""0"", ""sel_fpr_req"": ""222"", ""sel_fpr_bid"": ""+25550"", ""buy_fpr_bid"": ""+25500"", ""buy_fpr_req"": ""24"", ""buy_1th_pre_req_pre"": ""+10"", ""buy_2th_pre_bid"": ""+25450"", ""buy_2th_pre_req"": ""3240"", ""buy_2th_pre_req_pre"": ""0"", ""buy_3th_pre_bid"": ""+25400"", ""buy_3th_pre_req"": ""5872"", ""buy_3th_pre_req_pre"": ""0"", ""buy_4th_pre_bid"": ""+25350"", ""buy_4th_pre_req"": ""3215"", ""buy_4th_pre_req_pre"": ""0"", ""buy_5th_pre_bid"": ""+25300"", ""buy_5th_pre_req"": ""1690"", ""buy_5th_pre_req_pre"": ""0"", ""buy_6th_pre_bid"": ""+25250"", ""buy_6th_pre_req"": ""2817"", ""buy_6th_pre_req_pre"": ""0"", ""buy_7th_pre_bid"": ""+25200"", ""buy_7th_pre_req"": ""4714"", ""buy_7th_pre_req_pre"": ""0"", ""buy_8th_pre_bid"": ""+25150"", ""buy_8th_pre_req"": ""1972"", ""buy_8th_pre_req_pre"": ""0"", ""buy_9th_pre_bid"": ""+25100"", ""buy_9th_pre_req"": ""3058"", ""buy_9th_pre_req_pre"": ""0"", ""buy_10th_pre_bid"": ""+25050"", ""buy_10th_pre_req"": ""2089"", ""buy_10th_pre_req_pre"": ""0"", ""tot_sel_req_jub_pre"": ""0"", ""tot_sel_req"": ""169921"", ""tot_buy_req"": ""28691"", ""tot_buy_req_jub_pre"": ""+10"", ""ovt_sel_req_pre"": ""0"", ""ovt_sel_req"": ""0"", ""ovt_buy_req"": ""0"", ""ovt_buy_req_pre"": ""0"", ""return_code"": 0, ""return_msg"": ""정상적으로 처리되었습니다""}"
2026-06-10,scan_candidate,161390,,0,main_scan,71300,,71300,71100,71300,71500,0.1402524544179523,0.2805049088359046,,,,,,"{""bid_req_base_tm"": ""104249"", ""sel_10th_pre_req_pre"": ""0"", ""sel_10th_pre_req"": ""19"", ""sel_10th_pre_bid"": ""-72200"", ""sel_9th_pre_req_pre"": ""0"", ""sel_9th_pre_req"": ""31"", ""sel_9th_pre_bid"": ""-72100"", ""sel_8th_pre_req_pre"": ""0"", ""sel_8th_pre_req"": ""151"", ""sel_8th_pre_bid"": ""-72000"", ""sel_7th_pre_req_pre"": ""0"", ""sel_7th_pre_req"": ""326"", ""sel_7th_pre_bid"": ""-71900"", ""sel_6th_pre_req_pre"": ""0"", ""sel_6th_pre_req"": ""130"", ""sel_6th_pre_bid"": ""-71800"", ""sel_5th_pre_req_pre"": ""0"", ""sel_5th_pre_req"": ""163"", ""sel_5th_pre_bid"": ""-71700"", ""sel_4th_pre_req_pre"": ""0"", ""sel_4th_pre_req"": ""252"", ""sel_4th_pre_bid"": ""-71600"", ""sel_3th_pre_req_pre"": ""--2"", ""sel_3th_pre_req"": ""548"", ""sel_3th_pre_bid"": ""-71500"", ""sel_2th_pre_req_pre"": ""0"", ""sel_2th_pre_req"": ""695"", ""sel_2th_pre_bid"": ""-71400"", ""sel_1th_pre_req_pre"": ""+2"", ""sel_fpr_req"": ""1410"", ""sel_fpr_bid"": ""-71300"", ""buy_fpr_bid"": ""-71100"", ""buy_fpr_req"": ""1051"", ""buy_1th_pre_req_pre"": ""0"", ""buy_2th_pre_bid"": ""-71000"", ""buy_2th_pre_req"": ""1417"", ""buy_2th_pre_req_pre"": ""0"", ""buy_3th_pre_bid"": ""-70900"", ""buy_3th_pre_req"": ""2152"", ""buy_3th_pre_req_pre"": ""0"", ""buy_4th_pre_bid"": ""-70800"", ""buy_4th_pre_req"": ""134"", ""buy_4th_pre_req_pre"": ""0"", ""buy_5th_pre_bid"": ""-70700"", ""buy_5th_pre_req"": ""72"", ""buy_5th_pre_req_pre"": ""0"", ""buy_6th_pre_bid"": ""-70600"", ""buy_6th_pre_req"": ""87"", ""buy_6th_pre_req_pre"": ""0"", ""buy_7th_pre_bid"": ""-70500"", ""buy_7th_pre_req"": ""345"", ""buy_7th_pre_req_pre"": ""0"", ""buy_8th_pre_bid"": ""-70400"", ""buy_8th_pre_req"": ""112"", ""buy_8th_pre_req_pre"": ""0"", ""buy_9th_pre_bid"": ""-70300"", ""buy_9th_pre_req"": ""115"", ""buy_9th_pre_req_pre"": ""0"", ""buy_10th_pre_bid"": ""-70200"", ""buy_10th_pre_req"": ""37"", ""buy_10th_pre_req_pre"": ""0"", ""tot_sel_req_jub_pre"": ""0"", ""tot_sel_req"": ""3725"", ""tot_buy_req"": ""5522"", ""tot_buy_req_jub_pre"": ""0"", ""ovt_sel_req_pre"": ""0"", ""ovt_sel_req"": ""0"", ""ovt_buy_req"": ""0"", ""ovt_buy_req_pre"": ""0"", ""return_code"": 0, ""return_msg"": ""정상적으로 처리되었습니다""}"
2026-06-10,scan_candidate,003230,,0,main_scan,1150000,,1150000,1149000,1150000,1148000,-0.26086956521739135,0.08695652173913043,,,,,,"{""bid_req_base_tm"": ""104247"", ""sel_10th_pre_req_pre"": ""0"", ""sel_10th_pre_req"": ""36"", ""sel_10th_pre_bid"": ""+1159000"", ""sel_9th_pre_req_pre"": ""0"", ""sel_9th_pre_req"": ""10"", ""sel_9th_pre_bid"": ""+1158000"", ""sel_8th_pre_req_pre"": ""0"", ""sel_8th_pre_req"": ""13"", ""sel_8th_pre_bid"": ""+1157000"", ""sel_7th_pre_req_pre"": ""0"", ""sel_7th_pre_req"": ""13"", ""sel_7th_pre_bid"": ""+1156000"", ""sel_6th_pre_req_pre"": ""0"", ""sel_6th_pre_req"": ""14"", ""sel_6th_pre_bid"": ""+1155000"", ""sel_5th_pre_req_pre"": ""0"", ""sel_5th_pre_req"": ""28"", ""sel_5th_pre_bid"": ""+1154000"", ""sel_4th_pre_req_pre"": ""0"", ""sel_4th_pre_req"": ""11"", ""sel_4th_pre_bid"": ""+1153000"", ""sel_3th_pre_req_pre"": ""0"", ""sel_3th_pre_req"": ""39"", ""sel_3th_pre_bid"": ""+1152000"", ""sel_2th_pre_req_pre"": ""0"", ""sel_2th_pre_req"": ""5"", ""sel_2th_pre_bid"": ""+1151000"", ""sel_1th_pre_req_pre"": ""0"", ""sel_fpr_req"": ""60"", ""sel_fpr_bid"": ""+1150000"", ""buy_fpr_bid"": ""+1149000"", ""buy_fpr_req"": ""11"", ""buy_1th_pre_req_pre"": ""+2"", ""buy_2th_pre_bid"": ""+1148000"", ""buy_2th_pre_req"": ""15"", ""buy_2th_pre_req_pre"": ""0"", ""buy_3th_pre_bid"": ""+1147000"", ""buy_3th_pre_req"": ""6"", ""buy_3th_pre_req_pre"": ""0"", ""buy_4th_pre_bid"": ""+1146000"", ""buy_4th_pre_req"": ""44"", ""buy_4th_pre_req_pre"": ""0"", ""buy_5th_pre_bid"": ""+1145000"", ""buy_5th_pre_req"": ""50"", ""buy_5th_pre_req_pre"": ""0"", ""buy_6th_pre_bid"": ""+1144000"", ""buy_6th_pre_req"": ""9"", ""buy_6th_pre_req_pre"": ""0"", ""buy_7th_pre_bid"": ""+1143000"", ""buy_7th_pre_req"": ""6"", ""buy_7th_pre_req_pre"": ""0"", ""buy_8th_pre_bid"": ""+1142000"", ""buy_8th_pre_req"": ""6"", ""buy_8th_pre_req_pre"": ""0"", ""buy_9th_pre_bid"": ""+1141000"", ""buy_9th_pre_req"": ""8"", ""buy_9th_pre_req_pre"": ""0"", ""buy_10th_pre_bid"": ""+1140000"", ""buy_10th_pre_req"": ""27"", ""buy_10th_pre_req_pre"": ""0"", ""tot_sel_req_jub_pre"": ""0"", ""tot_sel_req"": ""229"", ""tot_buy_req"": ""182"", ""tot_buy_req_jub_pre"": ""+2"", ""ovt_sel_req_pre"": ""0"", ""ovt_sel_req"": ""0"", ""ovt_buy_req"": ""0"", ""ovt_buy_req_pre"": ""0"", ""return_code"": 0, ""return_msg"": ""정상적으로 처리되었습니다""}"
2026-06-10,scan_candidate,000880,,0,main_scan,119900,,119900,119800,119900,119500,-0.7506255212677231,0.08340283569641367,,,,,,"{""bid_req_base_tm"": ""104250"", ""sel_10th_pre_req_pre"": ""0"", ""sel_10th_pre_req"": ""84"", ""sel_10th_pre_bid"": ""+121200"", ""sel_9th_pre_req_pre"": ""0"", ""sel_9th_pre_req"": ""75"", ""sel_9th_pre_bid"": ""+121100"", ""sel_8th_pre_req_pre"": ""0"", ""sel_8th_pre_req"": ""89"", ""sel_8th_pre_bid"": ""+121000"", ""sel_7th_pre_req_pre"": ""0"", ""sel_7th_pre_req"": ""6"", ""sel_7th_pre_bid"": ""+120900"", ""sel_6th_pre_req_pre"": ""0"", ""sel_6th_pre_req"": ""24"", ""sel_6th_pre_bid"": ""+120500"", ""sel_5th_pre_req_pre"": ""0"", ""sel_5th_pre_req"": ""38"", ""sel_5th_pre_bid"": ""+120400"", ""sel_4th_pre_req_pre"": ""0"", ""sel_4th_pre_req"": ""30"", ""sel_4th_pre_bid"": ""+120300"", ""sel_3th_pre_req_pre"": ""0"", ""sel_3th_pre_req"": ""27"", ""sel_3th_pre_bid"": ""+120200"", ""sel_2th_pre_req_pre"": ""0"", ""sel_2th_pre_req"": ""2"", ""sel_2th_pre_bid"": ""+120000"", ""sel_1th_pre_req_pre"": ""+62"", ""sel_fpr_req"": ""157"", ""sel_fpr_bid"": ""+119900"", ""buy_fpr_bid"": ""+119800"", ""buy_fpr_req"": ""12"", ""buy_1th_pre_req_pre"": ""0"", ""buy_2th_pre_bid"": ""+119700"", ""buy_2th_pre_req"": ""236"", ""buy_2th_pre_req_pre"": ""0"", ""buy_3th_pre_bid"": ""+119400"", ""buy_3th_pre_req"": ""4"", ""buy_3th_pre_req_pre"": ""0"", ""buy_4th_pre_bid"": ""+119000"", ""buy_4th_pre_req"": ""50"", ""buy_4th_pre_req_pre"": ""0"", ""buy_5th_pre_bid"": ""+118900"", ""buy_5th_pre_req"": ""3"", ""buy_5th_pre_req_pre"": ""0"", ""buy_6th_pre_bid"": ""+118800"", ""buy_6th_pre_req"": ""3"", ""buy_6th_pre_req_pre"": ""0"", ""buy_7th_pre_bid"": ""+118600"", ""buy_7th_pre_req"": ""10"", ""buy_7th_pre_req_pre"": ""0"", ""buy_8th_pre_bid"": ""+118500"", ""buy_8th_pre_req"": ""653"", ""buy_8th_pre_req_pre"": ""0"", ""buy_9th_pre_bid"": ""+118300"", ""buy_9th_pre_req"": ""86"", ""buy_9th_pre_req_pre"": ""0"", ""buy_10th_pre_bid"": ""+118100"", ""buy_10th_pre_req"": ""2"", ""buy_10th_pre_req_pre"": ""0"", ""tot_sel_req_jub_pre"": ""+62"", ""tot_sel_req"": ""532"", ""tot_buy_req"": ""1059"", ""tot_buy_req_jub_pre"": ""0"", ""ovt_sel_req_pre"": ""0"", ""ovt_sel_req"": ""0"", ""ovt_buy_req"": ""0"", ""ovt_buy_req_pre"": ""0"", ""return_code"": 0, ""return_msg"": ""정상적으로 처리되었습니다""}"
2026-06-10,scan_candidate,180640,,0,main_scan,120400,,120400,120100,120400,120000,-0.7475083056478405,0.24916943521594684,,,,,,"{""bid_req_base_tm"": ""104250"", ""sel_10th_pre_req_pre"": ""0"", ""sel_10th_pre_req"": ""128"", ""sel_10th_pre_bid"": ""+121400"", ""sel_9th_pre_req_pre"": ""0"", ""sel_9th_pre_req"": ""123"", ""sel_9th_pre_bid"": ""+121300"", ""sel_8th_pre_req_pre"": ""0"", ""sel_8th_pre_req"": ""41"", ""sel_8th_pre_bid"": ""+121200"", ""sel_7th_pre_req_pre"": ""0"", ""sel_7th_pre_req"": ""306"", ""sel_7th_pre_bid"": ""+121100"", ""sel_6th_pre_req_pre"": ""0"", ""sel_6th_pre_req"": ""48"", ""sel_6th_pre_bid"": ""+121000"", ""sel_5th_pre_req_pre"": ""0"", ""sel_5th_pre_req"": ""223"", ""sel_5th_pre_bid"": ""+120900"", ""sel_4th_pre_req_pre"": ""0"", ""sel_4th_pre_req"": ""24"", ""sel_4th_pre_bid"": ""+120800"", ""sel_3th_pre_req_pre"": ""0"", ""sel_3th_pre_req"": ""64"", ""sel_3th_pre_bid"": ""+120700"", ""sel_2th_pre_req_pre"": ""0"", ""sel_2th_pre_req"": ""12"", ""sel_2th_pre_bid"": ""+120600"", ""sel_1th_pre_req_pre"": ""--1"", ""sel_fpr_req"": ""102"", ""sel_fpr_bid"": ""+120400"", ""buy_fpr_bid"": ""+120100"", ""buy_fpr_req"": ""9"", ""buy_1th_pre_req_pre"": ""--1"", ""buy_2th_pre_bid"": ""+120000"", ""buy_2th_pre_req"": ""14"", ""buy_2th_pre_req_pre"": ""0"", ""buy_3th_pre_bid"": ""+119900"", ""buy_3th_pre_req"": ""46"", ""buy_3th_pre_req_pre"": ""0"", ""buy_4th_pre_bid"": ""+119700"", ""buy_4th_pre_req"": ""8"", ""buy_4th_pre_req_pre"": ""0"", ""buy_5th_pre_bid"": ""+119400"", ""buy_5th_pre_req"": ""101"", ""buy_5th_pre_req_pre"": ""0"", ""buy_6th_pre_bid"": ""+119300"", ""buy_6th_pre_req"": ""85"", ""buy_6th_pre_req_pre"": ""0"", ""buy_7th_pre_bid"": ""+119200"", ""buy_7th_pre_req"": ""69"", ""buy_7th_pre_req_pre"": ""0"", ""buy_8th_pre_bid"": ""+119100"", ""buy_8th_pre_req"": ""100"", ""buy_8th_pre_req_pre"": ""0"", ""buy_9th_pre_bid"": ""+119000"", ""buy_9th_pre_req"": ""110"", ""buy_9th_pre_req_pre"": ""0"", ""buy_10th_pre_bid"": ""+118900"", ""buy_10th_pre_req"": ""100"", ""buy_10th_pre_req_pre"": ""0"", ""tot_sel_req_jub_pre"": ""--1"", ""tot_sel_req"": ""1071"", ""tot_buy_req"": ""642"", ""tot_buy_req_jub_pre"": ""--1"", ""ovt_sel_req_pre"": ""0"", ""ovt_sel_req"": ""0"", ""ovt_buy_req"": ""0"", ""ovt_buy_req_pre"": ""0"", ""return_code"": 0, ""return_msg"": ""정상적으로 처리되었습니다""}"
2026-06-10,scan_candidate,454910,,0,main_scan,110400,,110400,110300,110400,110500,-0.36231884057971014,0.09057971014492754,,,,,,"{""bid_req_base_tm"": ""104251"", ""sel_10th_pre_req_pre"": ""0"", ""sel_10th_pre_req"": ""398"", ""sel_10th_pre_bid"": ""-111300"", ""sel_9th_pre_req_pre"": ""0"", ""sel_9th_pre_req"": ""861"", ""sel_9th_pre_bid"": ""-111200"", ""sel_8th_pre_req_pre"": ""0"", ""sel_8th_pre_req"": ""590"", ""sel_8th_pre_bid"": ""-111100"", ""sel_7th_pre_req_pre"": ""0"", ""sel_7th_pre_req"": ""292"", ""sel_7th_pre_bid"": ""-111000"", ""sel_6th_pre_req_pre"": ""0"", ""sel_6th_pre_req"": ""222"", ""sel_6th_pre_bid"": ""-110900"", ""sel_5th_pre_req_pre"": ""0"", ""sel_5th_pre_req"": ""352"", ""sel_5th_pre_bid"": ""-110800"", ""sel_4th_pre_req_pre"": ""0"", ""sel_4th_pre_req"": ""11"", ""sel_4th_pre_bid"": ""-110700"", ""sel_3th_pre_req_pre"": ""0"", ""sel_3th_pre_req"": ""126"", ""sel_3th_pre_bid"": ""-110600"", ""sel_2th_pre_req_pre"": ""0"", ""sel_2th_pre_req"": ""1071"", ""sel_2th_pre_bid"": ""-110500"", ""sel_1th_pre_req_pre"": ""0"", ""sel_fpr_req"": ""36"", ""sel_fpr_bid"": ""-110400"", ""buy_fpr_bid"": ""-110300"", ""buy_fpr_req"": ""1"", ""buy_1th_pre_req_pre"": ""0"", ""buy_2th_pre_bid"": ""-110100"", ""buy_2th_pre_req"": ""84"", ""buy_2th_pre_req_pre"": ""0"", ""buy_3th_pre_bid"": ""-110000"", ""buy_3th_pre_req"": ""2896"", ""buy_3th_pre_req_pre"": ""0"", ""buy_4th_pre_bid"": ""-109900"", ""buy_4th_pre_req"": ""804"", ""buy_4th_pre_req_pre"": ""0"", ""buy_5th_pre_bid"": ""-109800"", ""buy_5th_pre_req"": ""992"", ""buy_5th_pre_req_pre"": ""0"", ""buy_6th_pre_bid"": ""-109700"", ""buy_6th_pre_req"": ""716"", ""buy_6th_pre_req_pre"": ""0"", ""buy_7th_pre_bid"": ""-109600"", ""buy_7th_pre_req"": ""1378"", ""buy_7th_pre_req_pre"": ""0"", ""buy_8th_pre_bid"": ""-109500"", ""buy_8th_pre_req"": ""1994"", ""buy_8th_pre_req_pre"": ""--2"", ""buy_9th_pre_bid"": ""-109400"", ""buy_9th_pre_req"": ""1360"", ""buy_9th_pre_req_pre"": ""0"", ""buy_10th_pre_bid"": ""-109300"", ""buy_10th_pre_req"": ""1457"", ""buy_10th_pre_req_pre"": ""0"", ""tot_sel_req_jub_pre"": ""0"", ""tot_sel_req"": ""3959"", ""tot_buy_req"": ""11682"", ""tot_buy_req_jub_pre"": ""--2"", ""ovt_sel_req_pre"": ""0"", ""ovt_sel_req"": ""0"", ""ovt_buy_req"": ""0"", ""ovt_buy_req_pre"": ""0"", ""return_code"": 0, ""return_msg"": ""정상적으로 처리되었습니다""}"
2026-06-10,scan_candidate,353200,,0,main_scan,158900,,158900,158600,158900,158500,-0.5663939584644431,0.18879798615481436,,,,,,"{""bid_req_base_tm"": ""104251"", ""sel_10th_pre_req_pre"": ""0"", ""sel_10th_pre_req"": ""97"", ""sel_10th_pre_bid"": ""+159800"", ""sel_9th_pre_req_pre"": ""0"", ""sel_9th_pre_req"": ""269"", ""sel_9th_pre_bid"": ""+159700"", ""sel_8th_pre_req_pre"": ""0"", ""sel_8th_pre_req"": ""552"", ""sel_8th_pre_bid"": ""+159600"", ""sel_7th_pre_req_pre"": ""0"", ""sel_7th_pre_req"": ""264"", ""sel_7th_pre_bid"": ""+159500"", ""sel_6th_pre_req_pre"": ""0"", ""sel_6th_pre_req"": ""35"", ""sel_6th_pre_bid"": ""+159400"", ""sel_5th_pre_req_pre"": ""0"", ""sel_5th_pre_req"": ""22"", ""sel_5th_pre_bid"": ""+159300"", ""sel_4th_pre_req_pre"": ""0"", ""sel_4th_pre_req"": ""17"", ""sel_4th_pre_bid"": ""+159200"", ""sel_3th_pre_req_pre"": ""0"", ""sel_3th_pre_req"": ""10"", ""sel_3th_pre_bid"": ""+159100"", ""sel_2th_pre_req_pre"": ""0"", ""sel_2th_pre_req"": ""18"", ""sel_2th_pre_bid"": ""+159000"", ""sel_1th_pre_req_pre"": ""0"", ""sel_fpr_req"": ""36"", ""sel_fpr_bid"": ""+158900"", ""buy_fpr_bid"": ""+158600"", ""buy_fpr_req"": ""24"", ""buy_1th_pre_req_pre"": ""0"", ""buy_2th_pre_bid"": ""+158500"", ""buy_2th_pre_req"": ""97"", ""buy_2th_pre_req_pre"": ""0"", ""buy_3th_pre_bid"": ""+158400"", ""buy_3th_pre_req"": ""24"", ""buy_3th_pre_req_pre"": ""0"", ""buy_4th_pre_bid"": ""+158300"", ""buy_4th_pre_req"": ""94"", ""buy_4th_pre_req_pre"": ""0"", ""buy_5th_pre_bid"": ""+158200"", ""buy_5th_pre_req"": ""183"", ""buy_5th_pre_req_pre"": ""0"", ""buy_6th_pre_bid"": ""+158100"", ""buy_6th_pre_req"": ""196"", ""buy_6th_pre_req_pre"": ""0"", ""buy_7th_pre_bid"": ""+158000"", ""buy_7th_pre_req"": ""245"", ""buy_7th_pre_req_pre"": ""0"", ""buy_8th_pre_bid"": ""+157900"", ""buy_8th_pre_req"": ""139"", ""buy_8th_pre_req_pre"": ""0"", ""buy_9th_pre_bid"": ""+157800"", ""buy_9th_pre_req"": ""33"", ""buy_9th_pre_req_pre"": ""0"", ""buy_10th_pre_bid"": ""+157700"", ""buy_10th_pre_req"": ""45"", ""buy_10th_pre_req_pre"": ""0"", ""tot_sel_req_jub_pre"": ""0"", ""tot_sel_req"": ""1320"", ""tot_buy_req"": ""1080"", ""tot_buy_req_jub_pre"": ""0"", ""ovt_sel_req_pre"": ""0"", ""ovt_sel_req"": ""0"", ""ovt_buy_req"": ""0"", ""ovt_buy_req_pre"": ""0"", ""return_code"": 0, ""return_msg"": ""정상적으로 처리되었습니다""}"
2026-06-10,scan_candidate,034220,,0,main_scan,13320,,13320,13310,13320,13300,-0.5255255255255256,0.07507507507507508,,,,,,"{""bid_req_base_tm"": ""104251"", ""sel_10th_pre_req_pre"": ""0"", ""sel_10th_pre_req"": ""6753"", ""sel_10th_pre_bid"": ""-13410"", ""sel_9th_pre_req_pre"": ""0"", ""sel_9th_pre_req"": ""9191"", ""sel_9th_pre_bid"": ""-13400"", ""sel_8th_pre_req_pre"": ""0"", ""sel_8th_pre_req"": ""3086"", ""sel_8th_pre_bid"": ""-13390"", ""sel_7th_pre_req_pre"": ""0"", ""sel_7th_pre_req"": ""2295"", ""sel_7th_pre_bid"": ""-13380"", ""sel_6th_pre_req_pre"": ""0"", ""sel_6th_pre_req"": ""3159"", ""sel_6th_pre_bid"": ""-13370"", ""sel_5th_pre_req_pre"": ""0"", ""sel_5th_pre_req"": ""1137"", ""sel_5th_pre_bid"": ""-13360"", ""sel_4th_pre_req_pre"": ""0"", ""sel_4th_pre_req"": ""897"", ""sel_4th_pre_bid"": ""-13350"", ""sel_3th_pre_req_pre"": ""0"", ""sel_3th_pre_req"": ""508"", ""sel_3th_pre_bid"": ""-13340"", ""sel_2th_pre_req_pre"": ""0"", ""sel_2th_pre_req"": ""252"", ""sel_2th_pre_bid"": ""-13330"", ""sel_1th_pre_req_pre"": ""+108"", ""sel_fpr_req"": ""1344"", ""sel_fpr_bid"": ""-13320"", ""buy_fpr_bid"": ""-13310"", ""buy_fpr_req"": ""1414"", ""buy_1th_pre_req_pre"": ""0"", ""buy_2th_pre_bid"": ""-13300"", ""buy_2th_pre_req"": ""1628"", ""buy_2th_pre_req_pre"": ""0"", ""buy_3th_pre_bid"": ""-13290"", ""buy_3th_pre_req"": ""378"", ""buy_3th_pre_req_pre"": ""0"", ""buy_4th_pre_bid"": ""-13280"", ""buy_4th_pre_req"": ""171"", ""buy_4th_pre_req_pre"": ""0"", ""buy_5th_pre_bid"": ""-13270"", ""buy_5th_pre_req"": ""1294"", ""buy_5th_pre_req_pre"": ""0"", ""buy_6th_pre_bid"": ""-13260"", ""buy_6th_pre_req"": ""795"", ""buy_6th_pre_req_pre"": ""0"", ""buy_7th_pre_bid"": ""-13250"", ""buy_7th_pre_req"": ""4537"", ""buy_7th_pre_req_pre"": ""0"", ""buy_8th_pre_bid"": ""-13240"", ""buy_8th_pre_req"": ""2744"", ""buy_8th_pre_req_pre"": ""0"", ""buy_9th_pre_bid"": ""-13230"", ""buy_9th_pre_req"": ""2239"", ""buy_9th_pre_req_pre"": ""0"", ""buy_10th_pre_bid"": ""-13220"", ""buy_10th_pre_req"": ""1431"", ""buy_10th_pre_req_pre"": ""0"", ""tot_sel_req_jub_pre"": ""+108"", ""tot_sel_req"": ""28622"", ""tot_buy_req"": ""16631"", ""tot_buy_req_jub_pre"": ""0"", ""ovt_sel_req_pre"": ""0"", ""ovt_sel_req"": ""0"", ""ovt_buy_req"": ""0"", ""ovt_buy_req_pre"": ""0"", ""return_code"": 0, ""return_msg"": ""정상적으로 처리되었습니다""}"
2026-06-10,scan_candidate,267270,,0,main_scan,150100,,150100,150000,150100,149500,-0.7328447701532311,0.06662225183211193,,,,,,"{""bid_req_base_tm"": ""104250"", ""sel_10th_pre_req_pre"": ""0"", ""sel_10th_pre_req"": ""307"", ""sel_10th_pre_bid"": ""+151000"", ""sel_9th_pre_req_pre"": ""0"", ""sel_9th_pre_req"": ""81"", ""sel_9th_pre_bid"": ""+150900"", ""sel_8th_pre_req_pre"": ""0"", ""sel_8th_pre_req"": ""88"", ""sel_8th_pre_bid"": ""+150800"", ""sel_7th_pre_req_pre"": ""0"", ""sel_7th_pre_req"": ""78"", ""sel_7th_pre_bid"": ""+150700"", ""sel_6th_pre_req_pre"": ""0"", ""sel_6th_pre_req"": ""37"", ""sel_6th_pre_bid"": ""+150600"", ""sel_5th_pre_req_pre"": ""0"", ""sel_5th_pre_req"": ""107"", ""sel_5th_pre_bid"": ""+150500"", ""sel_4th_pre_req_pre"": ""0"", ""sel_4th_pre_req"": ""91"", ""sel_4th_pre_bid"": ""+150400"", ""sel_3th_pre_req_pre"": ""0"", ""sel_3th_pre_req"": ""20"", ""sel_3th_pre_bid"": ""+150300"", ""sel_2th_pre_req_pre"": ""0"", ""sel_2th_pre_req"": ""84"", ""sel_2th_pre_bid"": ""+150200"", ""sel_1th_pre_req_pre"": ""+1"", ""sel_fpr_req"": ""11"", ""sel_fpr_bid"": ""+150100"", ""buy_fpr_bid"": ""+150000"", ""buy_fpr_req"": ""24"", ""buy_1th_pre_req_pre"": ""0"", ""buy_2th_pre_bid"": ""+149900"", ""buy_2th_pre_req"": ""1"", ""buy_2th_pre_req_pre"": ""0"", ""buy_3th_pre_bid"": ""+149800"", ""buy_3th_pre_req"": ""8"", ""buy_3th_pre_req_pre"": ""0"", ""buy_4th_pre_bid"": ""+149700"", ""buy_4th_pre_req"": ""2"", ""buy_4th_pre_req_pre"": ""0"", ""buy_5th_pre_bid"": ""+149600"", ""buy_5th_pre_req"": ""7"", ""buy_5th_pre_req_pre"": ""0"", ""buy_6th_pre_bid"": ""+149500"", ""buy_6th_pre_req"": ""113"", ""buy_6th_pre_req_pre"": ""0"", ""buy_7th_pre_bid"": ""+149400"", ""buy_7th_pre_req"": ""8"", ""buy_7th_pre_req_pre"": ""0"", ""buy_8th_pre_bid"": ""+149300"", ""buy_8th_pre_req"": ""2"", ""buy_8th_pre_req_pre"": ""0"", ""buy_9th_pre_bid"": ""+149200"", ""buy_9th_pre_req"": ""2"", ""buy_9th_pre_req_pre"": ""0"", ""buy_10th_pre_bid"": ""+149100"", ""buy_10th_pre_req"": ""29"", ""buy_10th_pre_req_pre"": ""0"", ""tot_sel_req_jub_pre"": ""+1"", ""tot_sel_req"": ""904"", ""tot_buy_req"": ""196"", ""tot_buy_req_jub_pre"": ""0"", ""ovt_sel_req_pre"": ""0"", ""ovt_sel_req"": ""0"", ""ovt_buy_req"": ""0"", ""ovt_buy_req_pre"": ""0"", ""return_code"": 0, ""return_msg"": ""정상적으로 처리되었습니다""}"
2026-06-10,scan_candidate,062040,,0,main_scan,228000,,228000,227000,228000,227000,-0.6578947368421052,0.43859649122807015,,,,,,"{""bid_req_base_tm"": ""104249"", ""sel_10th_pre_req_pre"": ""0"", ""sel_10th_pre_req"": ""604"", ""sel_10th_pre_bid"": ""+232500"", ""sel_9th_pre_req_pre"": ""0"", ""sel_9th_pre_req"": ""449"", ""sel_9th_pre_bid"": ""+232000"", ""sel_8th_pre_req_pre"": ""0"", ""sel_8th_pre_req"": ""1075"", ""sel_8th_pre_bid"": ""+231500"", ""sel_7th_pre_req_pre"": ""0"", ""sel_7th_pre_req"": ""388"", ""sel_7th_pre_bid"": ""+231000"", ""sel_6th_pre_req_pre"": ""0"", ""sel_6th_pre_req"": ""149"", ""sel_6th_pre_bid"": ""+230500"", ""sel_5th_pre_req_pre"": ""0"", ""sel_5th_pre_req"": ""321"", ""sel_5th_pre_bid"": ""+230000"", ""sel_4th_pre_req_pre"": ""0"", ""sel_4th_pre_req"": ""65"", ""sel_4th_pre_bid"": ""+229500"", ""sel_3th_pre_req_pre"": ""0"", ""sel_3th_pre_req"": ""27"", ""sel_3th_pre_bid"": ""+229000"", ""sel_2th_pre_req_pre"": ""0"", ""sel_2th_pre_req"": ""102"", ""sel_2th_pre_bid"": ""+228500"", ""sel_1th_pre_req_pre"": ""0"", ""sel_fpr_req"": ""197"", ""sel_fpr_bid"": ""+228000"", ""buy_fpr_bid"": ""+227000"", ""buy_fpr_req"": ""207"", ""buy_1th_pre_req_pre"": ""0"", ""buy_2th_pre_bid"": ""+226500"", ""buy_2th_pre_req"": ""297"", ""buy_2th_pre_req_pre"": ""0"", ""buy_3th_pre_bid"": ""+226000"", ""buy_3th_pre_req"": ""306"", ""buy_3th_pre_req_pre"": ""0"", ""buy_4th_pre_bid"": ""+225500"", ""buy_4th_pre_req"": ""371"", ""buy_4th_pre_req_pre"": ""0"", ""buy_5th_pre_bid"": ""225000"", ""buy_5th_pre_req"": ""671"", ""buy_5th_pre_req_pre"": ""0"", ""buy_6th_pre_bid"": ""-224500"", ""buy_6th_pre_req"": ""61"", ""buy_6th_pre_req_pre"": ""0"", ""buy_7th_pre_bid"": ""-224000"", ""buy_7th_pre_req"": ""215"", ""buy_7th_pre_req_pre"": ""0"", ""buy_8th_pre_bid"": ""-223500"", ""buy_8th_pre_req"": ""170"", ""buy_8th_pre_req_pre"": ""0"", ""buy_9th_pre_bid"": ""-223000"", ""buy_9th_pre_req"": ""280"", ""buy_9th_pre_req_pre"": ""0"", ""buy_10th_pre_bid"": ""-222500"", ""buy_10th_pre_req"": ""124"", ""buy_10th_pre_req_pre"": ""0"", ""tot_sel_req_jub_pre"": ""0"", ""tot_sel_req"": ""3377"", ""tot_buy_req"": ""2702"", ""tot_buy_req_jub_pre"": ""0"", ""ovt_sel_req_pre"": ""0"", ""ovt_sel_req"": ""0"", ""ovt_buy_req"": ""0"", ""ovt_buy_req_pre"": ""0"", ""return_code"": 0, ""return_msg"": ""정상적으로 처리되었습니다""}"
2026-06-10,scan_candidate,078930,,0,main_scan,73900,,73900,73800,73900,74200,0.2706359945872801,0.13531799729364005,,,,,,"{""bid_req_base_tm"": ""104250"", ""sel_10th_pre_req_pre"": ""0"", ""sel_10th_pre_req"": ""5"", ""sel_10th_pre_bid"": ""+74800"", ""sel_9th_pre_req_pre"": ""0"", ""sel_9th_pre_req"": ""237"", ""sel_9th_pre_bid"": ""+74700"", ""sel_8th_pre_req_pre"": ""0"", ""sel_8th_pre_req"": ""104"", ""sel_8th_pre_bid"": ""+74600"", ""sel_7th_pre_req_pre"": ""0"", ""sel_7th_pre_req"": ""74"", ""sel_7th_pre_bid"": ""+74500"", ""sel_6th_pre_req_pre"": ""0"", ""sel_6th_pre_req"": ""97"", ""sel_6th_pre_bid"": ""+74400"", ""sel_5th_pre_req_pre"": ""0"", ""sel_5th_pre_req"": ""2"", ""sel_5th_pre_bid"": ""+74300"", ""sel_4th_pre_req_pre"": ""0"", ""sel_4th_pre_req"": ""92"", ""sel_4th_pre_bid"": ""+74200"", ""sel_3th_pre_req_pre"": ""0"", ""sel_3th_pre_req"": ""29"", ""sel_3th_pre_bid"": ""+74100"", ""sel_2th_pre_req_pre"": ""0"", ""sel_2th_pre_req"": ""152"", ""sel_2th_pre_bid"": ""+74000"", ""sel_1th_pre_req_pre"": ""+18"", ""sel_fpr_req"": ""180"", ""sel_fpr_bid"": ""+73900"", ""buy_fpr_bid"": ""73800"", ""buy_fpr_req"": ""8"", ""buy_1th_pre_req_pre"": ""0"", ""buy_2th_pre_bid"": ""-73700"", ""buy_2th_pre_req"": ""189"", ""buy_2th_pre_req_pre"": ""0"", ""buy_3th_pre_bid"": ""-73600"", ""buy_3th_pre_req"": ""2024"", ""buy_3th_pre_req_pre"": ""0"", ""buy_4th_pre_bid"": ""-73500"", ""buy_4th_pre_req"": ""159"", ""buy_4th_pre_req_pre"": ""0"", ""buy_5th_pre_bid"": ""-73400"", ""buy_5th_pre_req"": ""51"", ""buy_5th_pre_req_pre"": ""0"", ""buy_6th_pre_bid"": ""-73100"", ""buy_6th_pre_req"": ""150"", ""buy_6th_pre_req_pre"": ""0"", ""buy_7th_pre_bid"": ""-73000"", ""buy_7th_pre_req"": ""52"", ""buy_7th_pre_req_pre"": ""0"", ""buy_8th_pre_bid"": ""-72900"", ""buy_8th_pre_req"": ""4"", ""buy_8th_pre_req_pre"": ""0"", ""buy_9th_pre_bid"": ""-72800"", ""buy_9th_pre_req"": ""20"", ""buy_9th_pre_req_pre"": ""0"", ""buy_10th_pre_bid"": ""-72700"", ""buy_10th_pre_req"": ""50"", ""buy_10th_pre_req_pre"": ""0"", ""tot_sel_req_jub_pre"": ""+18"", ""tot_sel_req"": ""972"", ""tot_buy_req"": ""2707"", ""tot_buy_req_jub_pre"": ""0"", ""ovt_sel_req_pre"": ""0"", ""ovt_sel_req"": ""0"", ""ovt_buy_req"": ""0"", ""ovt_buy_req_pre"": ""0"", ""return_code"": 0, ""return_msg"": ""정상적으로 처리되었습니다""}"
2026-06-10,scan_candidate,090430,,0,main_scan,112900,,112900,112800,112900,112500,-0.7971656333038087,0.08857395925597875,,,,,,"{""bid_req_base_tm"": ""104251"", ""sel_10th_pre_req_pre"": ""0"", ""sel_10th_pre_req"": ""172"", ""sel_10th_pre_bid"": ""+113800"", ""sel_9th_pre_req_pre"": ""0"", ""sel_9th_pre_req"": ""5"", ""sel_9th_pre_bid"": ""+113700"", ""sel_8th_pre_req_pre"": ""0"", ""sel_8th_pre_req"": ""121"", ""sel_8th_pre_bid"": ""+113600"", ""sel_7th_pre_req_pre"": ""0"", ""sel_7th_pre_req"": ""265"", ""sel_7th_pre_bid"": ""+113500"", ""sel_6th_pre_req_pre"": ""0"", ""sel_6th_pre_req"": ""185"", ""sel_6th_pre_bid"": ""+113400"", ""sel_5th_pre_req_pre"": ""0"", ""sel_5th_pre_req"": ""162"", ""sel_5th_pre_bid"": ""+113300"", ""sel_4th_pre_req_pre"": ""0"", ""sel_4th_pre_req"": ""37"", ""sel_4th_pre_bid"": ""+113200"", ""sel_3th_pre_req_pre"": ""0"", ""sel_3th_pre_req"": ""62"", ""sel_3th_pre_bid"": ""+113100"", ""sel_2th_pre_req_pre"": ""0"", ""sel_2th_pre_req"": ""57"", ""sel_2th_pre_bid"": ""+113000"", ""sel_1th_pre_req_pre"": ""+7"", ""sel_fpr_req"": ""187"", ""sel_fpr_bid"": ""+112900"", ""buy_fpr_bid"": ""+112800"", ""buy_fpr_req"": ""30"", ""buy_1th_pre_req_pre"": ""--4"", ""buy_2th_pre_bid"": ""+112700"", ""buy_2th_pre_req"": ""30"", ""buy_2th_pre_req_pre"": ""0"", ""buy_3th_pre_bid"": ""+112400"", ""buy_3th_pre_req"": ""15"", ""buy_3th_pre_req_pre"": ""0"", ""buy_4th_pre_bid"": ""+112300"", ""buy_4th_pre_req"": ""91"", ""buy_4th_pre_req_pre"": ""0"", ""buy_5th_pre_bid"": ""+112200"", ""buy_5th_pre_req"": ""157"", ""buy_5th_pre_req_pre"": ""0"", ""buy_6th_pre_bid"": ""+112100"", ""buy_6th_pre_req"": ""49"", ""buy_6th_pre_req_pre"": ""0"", ""buy_7th_pre_bid"": ""112000"", ""buy_7th_pre_req"": ""88"", ""buy_7th_pre_req_pre"": ""0"", ""buy_8th_pre_bid"": ""-111900"", ""buy_8th_pre_req"": ""23"", ""buy_8th_pre_req_pre"": ""0"", ""buy_9th_pre_bid"": ""-111800"", ""buy_9th_pre_req"": ""20"", ""buy_9th_pre_req_pre"": ""0"", ""buy_10th_pre_bid"": ""-111700"", ""buy_10th_pre_req"": ""204"", ""buy_10th_pre_req_pre"": ""0"", ""tot_sel_req_jub_pre"": ""+7"", ""tot_sel_req"": ""1253"", ""tot_buy_req"": ""707"", ""tot_buy_req_jub_pre"": ""--4"", ""ovt_sel_req_pre"": ""0"", ""ovt_sel_req"": ""0"", ""ovt_buy_req"": ""0"", ""ovt_buy_req_pre"": ""0"", ""return_code"": 0, ""return_msg"": ""정상적으로 처리되었습니다""}"
2026-06-10,scan_candidate,004170,,0,main_scan,674000,,674000,673000,674000,675000,0.0,0.1483679525222552,,,,,,"{""bid_req_base_tm"": ""104252"", ""sel_10th_pre_req_pre"": ""0"", ""sel_10th_pre_req"": ""7"", ""sel_10th_pre_bid"": ""+683000"", ""sel_9th_pre_req_pre"": ""0"", ""sel_9th_pre_req"": ""7"", ""sel_9th_pre_bid"": ""+682000"", ""sel_8th_pre_req_pre"": ""0"", ""sel_8th_pre_req"": ""14"", ""sel_8th_pre_bid"": ""+681000"", ""sel_7th_pre_req_pre"": ""0"", ""sel_7th_pre_req"": ""143"", ""sel_7th_pre_bid"": ""+680000"", ""sel_6th_pre_req_pre"": ""0"", ""sel_6th_pre_req"": ""36"", ""sel_6th_pre_bid"": ""+679000"", ""sel_5th_pre_req_pre"": ""0"", ""sel_5th_pre_req"": ""60"", ""sel_5th_pre_bid"": ""+678000"", ""sel_4th_pre_req_pre"": ""0"", ""sel_4th_pre_req"": ""14"", ""sel_4th_pre_bid"": ""+677000"", ""sel_3th_pre_req_pre"": ""0"", ""sel_3th_pre_req"": ""35"", ""sel_3th_pre_bid"": ""+676000"", ""sel_2th_pre_req_pre"": ""0"", ""sel_2th_pre_req"": ""147"", ""sel_2th_pre_bid"": ""+675000"", ""sel_1th_pre_req_pre"": ""+5"", ""sel_fpr_req"": ""124"", ""sel_fpr_bid"": ""+674000"", ""buy_fpr_bid"": ""+673000"", ""buy_fpr_req"": ""94"", ""buy_1th_pre_req_pre"": ""0"", ""buy_2th_pre_bid"": ""+672000"", ""buy_2th_pre_req"": ""92"", ""buy_2th_pre_req_pre"": ""0"", ""buy_3th_pre_bid"": ""+671000"", ""buy_3th_pre_req"": ""6"", ""buy_3th_pre_req_pre"": ""0"", ""buy_4th_pre_bid"": ""+670000"", ""buy_4th_pre_req"": ""129"", ""buy_4th_pre_req_pre"": ""0"", ""buy_5th_pre_bid"": ""+669000"", ""buy_5th_pre_req"": ""21"", ""buy_5th_pre_req_pre"": ""0"", ""buy_6th_pre_bid"": ""+668000"", ""buy_6th_pre_req"": ""213"", ""buy_6th_pre_req_pre"": ""0"", ""buy_7th_pre_bid"": ""+667000"", ""buy_7th_pre_req"": ""817"", ""buy_7th_pre_req_pre"": ""0"", ""buy_8th_pre_bid"": ""+666000"", ""buy_8th_pre_req"": ""72"", ""buy_8th_pre_req_pre"": ""0"", ""buy_9th_pre_bid"": ""+665000"", ""buy_9th_pre_req"": ""1147"", ""buy_9th_pre_req_pre"": ""0"", ""buy_10th_pre_bid"": ""+664000"", ""buy_10th_pre_req"": ""21"", ""buy_10th_pre_req_pre"": ""0"", ""tot_sel_req_jub_pre"": ""+5"", ""tot_sel_req"": ""587"", ""tot_buy_req"": ""2612"", ""tot_buy_req_jub_pre"": ""0"", ""ovt_sel_req_pre"": ""0"", ""ovt_sel_req"": ""0"", ""ovt_buy_req"": ""0"", ""ovt_buy_req_pre"": ""0"", ""return_code"": 0, ""return_msg"": ""정상적으로 처리되었습니다""}"
2026-06-10,scan_candidate,036570,,0,main_scan,259000,,259000,258500,259000,258500,-0.3861003861003861,0.19305019305019305,,,,,,"{""bid_req_base_tm"": ""104252"", ""sel_10th_pre_req_pre"": ""0"", ""sel_10th_pre_req"": ""63"", ""sel_10th_pre_bid"": ""-263500"", ""sel_9th_pre_req_pre"": ""0"", ""sel_9th_pre_req"": ""5"", ""sel_9th_pre_bid"": ""-263000"", ""sel_8th_pre_req_pre"": ""0"", ""sel_8th_pre_req"": ""1028"", ""sel_8th_pre_bid"": ""-262500"", ""sel_7th_pre_req_pre"": ""0"", ""sel_7th_pre_req"": ""99"", ""sel_7th_pre_bid"": ""-262000"", ""sel_6th_pre_req_pre"": ""0"", ""sel_6th_pre_req"": ""32"", ""sel_6th_pre_bid"": ""-261500"", ""sel_5th_pre_req_pre"": ""0"", ""sel_5th_pre_req"": ""8"", ""sel_5th_pre_bid"": ""-261000"", ""sel_4th_pre_req_pre"": ""0"", ""sel_4th_pre_req"": ""16"", ""sel_4th_pre_bid"": ""-260500"", ""sel_3th_pre_req_pre"": ""0"", ""sel_3th_pre_req"": ""100"", ""sel_3th_pre_bid"": ""-260000"", ""sel_2th_pre_req_pre"": ""0"", ""sel_2th_pre_req"": ""64"", ""sel_2th_pre_bid"": ""-259500"", ""sel_1th_pre_req_pre"": ""--1"", ""sel_fpr_req"": ""2"", ""sel_fpr_bid"": ""-259000"", ""buy_fpr_bid"": ""-258500"", ""buy_fpr_req"": ""17"", ""buy_1th_pre_req_pre"": ""0"", ""buy_2th_pre_bid"": ""-258000"", ""buy_2th_pre_req"": ""50"", ""buy_2th_pre_req_pre"": ""0"", ""buy_3th_pre_bid"": ""-257500"", ""buy_3th_pre_req"": ""38"", ""buy_3th_pre_req_pre"": ""0"", ""buy_4th_pre_bid"": ""-257000"", ""buy_4th_pre_req"": ""72"", ""buy_4th_pre_req_pre"": ""0"", ""buy_5th_pre_bid"": ""-256500"", ""buy_5th_pre_req"": ""92"", ""buy_5th_pre_req_pre"": ""0"", ""buy_6th_pre_bid"": ""-256000"", ""buy_6th_pre_req"": ""122"", ""buy_6th_pre_req_pre"": ""0"", ""buy_7th_pre_bid"": ""-255500"", ""buy_7th_pre_req"": ""108"", ""buy_7th_pre_req_pre"": ""0"", ""buy_8th_pre_bid"": ""-255000"", ""buy_8th_pre_req"": ""343"", ""buy_8th_pre_req_pre"": ""0"", ""buy_9th_pre_bid"": ""-254500"", ""buy_9th_pre_req"": ""347"", ""buy_9th_pre_req_pre"": ""0"", ""buy_10th_pre_bid"": ""-254000"", ""buy_10th_pre_req"": ""347"", ""buy_10th_pre_req_pre"": ""0"", ""tot_sel_req_jub_pre"": ""--1"", ""tot_sel_req"": ""1417"", ""tot_buy_req"": ""1536"", ""tot_buy_req_jub_pre"": ""0"", ""ovt_sel_req_pre"": ""0"", ""ovt_sel_req"": ""0"", ""ovt_buy_req"": ""0"", ""ovt_buy_req_pre"": ""0"", ""return_code"": 0, ""return_msg"": ""정상적으로 처리되었습니다""}"
2026-06-10,scan_candidate,271560,,0,main_scan,132400,,132400,132300,132400,132500,-0.3021148036253776,0.0755287009063444,,,,,,"{""bid_req_base_tm"": ""104253"", ""sel_10th_pre_req_pre"": ""0"", ""sel_10th_pre_req"": ""20"", ""sel_10th_pre_bid"": ""+133800"", ""sel_9th_pre_req_pre"": ""0"", ""sel_9th_pre_req"": ""100"", ""sel_9th_pre_bid"": ""+133700"", ""sel_8th_pre_req_pre"": ""0"", ""sel_8th_pre_req"": ""6"", ""sel_8th_pre_bid"": ""+133600"", ""sel_7th_pre_req_pre"": ""0"", ""sel_7th_pre_req"": ""3"", ""sel_7th_pre_bid"": ""+133300"", ""sel_6th_pre_req_pre"": ""0"", ""sel_6th_pre_req"": ""3"", ""sel_6th_pre_bid"": ""+133200"", ""sel_5th_pre_req_pre"": ""0"", ""sel_5th_pre_req"": ""10"", ""sel_5th_pre_bid"": ""+133000"", ""sel_4th_pre_req_pre"": ""0"", ""sel_4th_pre_req"": ""2"", ""sel_4th_pre_bid"": ""-132800"", ""sel_3th_pre_req_pre"": ""0"", ""sel_3th_pre_req"": ""2"", ""sel_3th_pre_bid"": ""-132700"", ""sel_2th_pre_req_pre"": ""0"", ""sel_2th_pre_req"": ""52"", ""sel_2th_pre_bid"": ""-132500"", ""sel_1th_pre_req_pre"": ""0"", ""sel_fpr_req"": ""544"", ""sel_fpr_bid"": ""-132400"", ""buy_fpr_bid"": ""-132300"", ""buy_fpr_req"": ""473"", ""buy_1th_pre_req_pre"": ""0"", ""buy_2th_pre_bid"": ""-132200"", ""buy_2th_pre_req"": ""99"", ""buy_2th_pre_req_pre"": ""0"", ""buy_3th_pre_bid"": ""-132100"", ""buy_3th_pre_req"": ""60"", ""buy_3th_pre_req_pre"": ""0"", ""buy_4th_pre_bid"": ""-132000"", ""buy_4th_pre_req"": ""59"", ""buy_4th_pre_req_pre"": ""0"", ""buy_5th_pre_bid"": ""-131900"", ""buy_5th_pre_req"": ""45"", ""buy_5th_pre_req_pre"": ""0"", ""buy_6th_pre_bid"": ""-131800"", ""buy_6th_pre_req"": ""1"", ""buy_6th_pre_req_pre"": ""0"", ""buy_7th_pre_bid"": ""-131700"", ""buy_7th_pre_req"": ""34"", ""buy_7th_pre_req_pre"": ""0"", ""buy_8th_pre_bid"": ""-131600"", ""buy_8th_pre_req"": ""2"", ""buy_8th_pre_req_pre"": ""0"", ""buy_9th_pre_bid"": ""-131500"", ""buy_9th_pre_req"": ""528"", ""buy_9th_pre_req_pre"": ""0"", ""buy_10th_pre_bid"": ""-131300"", ""buy_10th_pre_req"": ""38"", ""buy_10th_pre_req_pre"": ""+37"", ""tot_sel_req_jub_pre"": ""0"", ""tot_sel_req"": ""742"", ""tot_buy_req"": ""1339"", ""tot_buy_req_jub_pre"": ""+37"", ""ovt_sel_req_pre"": ""0"", ""ovt_sel_req"": ""0"", ""ovt_buy_req"": ""0"", ""ovt_buy_req_pre"": ""0"", ""return_code"": 0, ""return_msg"": ""정상적으로 처리되었습니다""}"
2026-06-10,scan_candidate,023530,,0,main_scan,194900,,194900,194800,194900,194000,-0.7183170856849667,0.0513083632632119,,,,,,"{""bid_req_base_tm"": ""104253"", ""sel_10th_pre_req_pre"": ""0"", ""sel_10th_pre_req"": ""33"", ""sel_10th_pre_bid"": ""+195800"", ""sel_9th_pre_req_pre"": ""0"", ""sel_9th_pre_req"": ""375"", ""sel_9th_pre_bid"": ""+195700"", ""sel_8th_pre_req_pre"": ""0"", ""sel_8th_pre_req"": ""11"", ""sel_8th_pre_bid"": ""+195600"", ""sel_7th_pre_req_pre"": ""0"", ""sel_7th_pre_req"": ""400"", ""sel_7th_pre_bid"": ""+195500"", ""sel_6th_pre_req_pre"": ""0"", ""sel_6th_pre_req"": ""121"", ""sel_6th_pre_bid"": ""+195400"", ""sel_5th_pre_req_pre"": ""0"", ""sel_5th_pre_req"": ""17"", ""sel_5th_pre_bid"": ""+195300"", ""sel_4th_pre_req_pre"": ""0"", ""sel_4th_pre_req"": ""28"", ""sel_4th_pre_bid"": ""+195200"", ""sel_3th_pre_req_pre"": ""0"", ""sel_3th_pre_req"": ""51"", ""sel_3th_pre_bid"": ""+195100"", ""sel_2th_pre_req_pre"": ""0"", ""sel_2th_pre_req"": ""5366"", ""sel_2th_pre_bid"": ""+195000"", ""sel_1th_pre_req_pre"": ""0"", ""sel_fpr_req"": ""241"", ""sel_fpr_bid"": ""+194900"", ""buy_fpr_bid"": ""+194800"", ""buy_fpr_req"": ""31"", ""buy_1th_pre_req_pre"": ""+1"", ""buy_2th_pre_bid"": ""+194700"", ""buy_2th_pre_req"": ""164"", ""buy_2th_pre_req_pre"": ""0"", ""buy_3th_pre_bid"": ""+194600"", ""buy_3th_pre_req"": ""55"", ""buy_3th_pre_req_pre"": ""0"", ""buy_4th_pre_bid"": ""+194500"", ""buy_4th_pre_req"": ""134"", ""buy_4th_pre_req_pre"": ""0"", ""buy_5th_pre_bid"": ""+194400"", ""buy_5th_pre_req"": ""7"", ""buy_5th_pre_req_pre"": ""0"", ""buy_6th_pre_bid"": ""+194300"", ""buy_6th_pre_req"": ""2"", ""buy_6th_pre_req_pre"": ""0"", ""buy_7th_pre_bid"": ""+194200"", ""buy_7th_pre_req"": ""4"", ""buy_7th_pre_req_pre"": ""0"", ""buy_8th_pre_bid"": ""+194100"", ""buy_8th_pre_req"": ""21"", ""buy_8th_pre_req_pre"": ""0"", ""buy_9th_pre_bid"": ""+194000"", ""buy_9th_pre_req"": ""9"", ""buy_9th_pre_req_pre"": ""0"", ""buy_10th_pre_bid"": ""+193900"", ""buy_10th_pre_req"": ""9"", ""buy_10th_pre_req_pre"": ""0"", ""tot_sel_req_jub_pre"": ""0"", ""tot_sel_req"": ""6643"", ""tot_buy_req"": ""436"", ""tot_buy_req_jub_pre"": ""+1"", ""ovt_sel_req_pre"": ""0"", ""ovt_sel_req"": ""0"", ""ovt_buy_req"": ""0"", ""ovt_buy_req_pre"": ""0"", ""return_code"": 0, ""return_msg"": ""정상적으로 처리되었습니다""}"
2026-06-10,scan_candidate,175330,,0,main_scan,25550,,25550,25500,25550,25700,0.3913894324853229,0.19569471624266144,,,,,,"{""bid_req_base_tm"": ""104252"", ""sel_10th_pre_req_pre"": ""0"", ""sel_10th_pre_req"": ""113"", ""sel_10th_pre_bid"": ""+26000"", ""sel_9th_pre_req_pre"": ""0"", ""sel_9th_pre_req"": ""142"", ""sel_9th_pre_bid"": ""+25950"", ""sel_8th_pre_req_pre"": ""0"", ""sel_8th_pre_req"": ""532"", ""sel_8th_pre_bid"": ""25900"", ""sel_7th_pre_req_pre"": ""0"", ""sel_7th_pre_req"": ""454"", ""sel_7th_pre_bid"": ""-25850"", ""sel_6th_pre_req_pre"": ""0"", ""sel_6th_pre_req"": ""258"", ""sel_6th_pre_bid"": ""-25800"", ""sel_5th_pre_req_pre"": ""0"", ""sel_5th_pre_req"": ""248"", ""sel_5th_pre_bid"": ""-25750"", ""sel_4th_pre_req_pre"": ""0"", ""sel_4th_pre_req"": ""126"", ""sel_4th_pre_bid"": ""-25700"", ""sel_3th_pre_req_pre"": ""0"", ""sel_3th_pre_req"": ""497"", ""sel_3th_pre_bid"": ""-25650"", ""sel_2th_pre_req_pre"": ""0"", ""sel_2th_pre_req"": ""917"", ""sel_2th_pre_bid"": ""-25600"", ""sel_1th_pre_req_pre"": ""+22"", ""sel_fpr_req"": ""2443"", ""sel_fpr_bid"": ""-25550"", ""buy_fpr_bid"": ""-25500"", ""buy_fpr_req"": ""4163"", ""buy_1th_pre_req_pre"": ""0"", ""buy_2th_pre_bid"": ""-25450"", ""buy_2th_pre_req"": ""1318"", ""buy_2th_pre_req_pre"": ""0"", ""buy_3th_pre_bid"": ""-25400"", ""buy_3th_pre_req"": ""812"", ""buy_3th_pre_req_pre"": ""0"", ""buy_4th_pre_bid"": ""-25350"", ""buy_4th_pre_req"": ""351"", ""buy_4th_pre_req_pre"": ""0"", ""buy_5th_pre_bid"": ""-25300"", ""buy_5th_pre_req"": ""429"", ""buy_5th_pre_req_pre"": ""0"", ""buy_6th_pre_bid"": ""-25250"", ""buy_6th_pre_req"": ""443"", ""buy_6th_pre_req_pre"": ""0"", ""buy_7th_pre_bid"": ""-25200"", ""buy_7th_pre_req"": ""174"", ""buy_7th_pre_req_pre"": ""0"", ""buy_8th_pre_bid"": ""-25150"", ""buy_8th_pre_req"": ""768"", ""buy_8th_pre_req_pre"": ""0"", ""buy_9th_pre_bid"": ""-25100"", ""buy_9th_pre_req"": ""475"", ""buy_9th_pre_req_pre"": ""0"", ""buy_10th_pre_bid"": ""-25050"", ""buy_10th_pre_req"": ""378"", ""buy_10th_pre_req_pre"": ""0"", ""tot_sel_req_jub_pre"": ""+22"", ""tot_sel_req"": ""5730"", ""tot_buy_req"": ""9311"", ""tot_buy_req_jub_pre"": ""0"", ""ovt_sel_req_pre"": ""0"", ""ovt_sel_req"": ""0"", ""ovt_buy_req"": ""0"", ""ovt_buy_req_pre"": ""0"", ""return_code"": 0, ""return_msg"": ""정상적으로 처리되었습니다""}"
2026-06-10,scan_candidate,088350,,0,main_scan,4870,,4870,4865,4870,4890,0.3080082135523614,0.10266940451745381,,,,,,"{""bid_req_base_tm"": ""104253"", ""sel_10th_pre_req_pre"": ""0"", ""sel_10th_pre_req"": ""1010"", ""sel_10th_pre_bid"": ""-4930"", ""sel_9th_pre_req_pre"": ""0"", ""sel_9th_pre_req"": ""7"", ""sel_9th_pre_bid"": ""-4925"", ""sel_8th_pre_req_pre"": ""0"", ""sel_8th_pre_req"": ""7052"", ""sel_8th_pre_bid"": ""-4920"", ""sel_7th_pre_req_pre"": ""0"", ""sel_7th_pre_req"": ""78"", ""sel_7th_pre_bid"": ""-4915"", ""sel_6th_pre_req_pre"": ""0"", ""sel_6th_pre_req"": ""568"", ""sel_6th_pre_bid"": ""-4910"", ""sel_5th_pre_req_pre"": ""0"", ""sel_5th_pre_req"": ""320"", ""sel_5th_pre_bid"": ""-4900"", ""sel_4th_pre_req_pre"": ""0"", ""sel_4th_pre_req"": ""198"", ""sel_4th_pre_bid"": ""-4890"", ""sel_3th_pre_req_pre"": ""0"", ""sel_3th_pre_req"": ""1328"", ""sel_3th_pre_bid"": ""-4885"", ""sel_2th_pre_req_pre"": ""0"", ""sel_2th_pre_req"": ""662"", ""sel_2th_pre_bid"": ""-4875"", ""sel_1th_pre_req_pre"": ""0"", ""sel_fpr_req"": ""1161"", ""sel_fpr_bid"": ""-4870"", ""buy_fpr_bid"": ""-4865"", ""buy_fpr_req"": ""1809"", ""buy_1th_pre_req_pre"": ""0"", ""buy_2th_pre_bid"": ""-4860"", ""buy_2th_pre_req"": ""3688"", ""buy_2th_pre_req_pre"": ""0"", ""buy_3th_pre_bid"": ""-4855"", ""buy_3th_pre_req"": ""7752"", ""buy_3th_pre_req_pre"": ""+1"", ""buy_4th_pre_bid"": ""-4850"", ""buy_4th_pre_req"": ""15958"", ""buy_4th_pre_req_pre"": ""0"", ""buy_5th_pre_bid"": ""-4845"", ""buy_5th_pre_req"": ""2914"", ""buy_5th_pre_req_pre"": ""0"", ""buy_6th_pre_bid"": ""-4840"", ""buy_6th_pre_req"": ""2058"", ""buy_6th_pre_req_pre"": ""0"", ""buy_7th_pre_bid"": ""-4835"", ""buy_7th_pre_req"": ""2041"", ""buy_7th_pre_req_pre"": ""0"", ""buy_8th_pre_bid"": ""-4830"", ""buy_8th_pre_req"": ""3742"", ""buy_8th_pre_req_pre"": ""0"", ""buy_9th_pre_bid"": ""-4825"", ""buy_9th_pre_req"": ""4340"", ""buy_9th_pre_req_pre"": ""0"", ""buy_10th_pre_bid"": ""-4820"", ""buy_10th_pre_req"": ""3035"", ""buy_10th_pre_req_pre"": ""0"", ""tot_sel_req_jub_pre"": ""0"", ""tot_sel_req"": ""12384"", ""tot_buy_req"": ""47337"", ""tot_buy_req_jub_pre"": ""+1"", ""ovt_sel_req_pre"": ""0"", ""ovt_sel_req"": ""0"", ""ovt_buy_req"": ""0"", ""ovt_buy_req_pre"": ""0"", ""return_code"": 0, ""return_msg"": ""정상적으로 처리되었습니다""}"
2026-06-10,scan_candidate,069960,,0,main_scan,167600,,167600,167500,167600,168000,-0.05966587112171838,0.05966587112171838,,,,,,"{""bid_req_base_tm"": ""104253"", ""sel_10th_pre_req_pre"": ""0"", ""sel_10th_pre_req"": ""34"", ""sel_10th_pre_bid"": ""+169100"", ""sel_9th_pre_req_pre"": ""0"", ""sel_9th_pre_req"": ""33"", ""sel_9th_pre_bid"": ""+169000"", ""sel_8th_pre_req_pre"": ""0"", ""sel_8th_pre_req"": ""50"", ""sel_8th_pre_bid"": ""+168900"", ""sel_7th_pre_req_pre"": ""0"", ""sel_7th_pre_req"": ""5"", ""sel_7th_pre_bid"": ""+168600"", ""sel_6th_pre_req_pre"": ""0"", ""sel_6th_pre_req"": ""9"", ""sel_6th_pre_bid"": ""+168500"", ""sel_5th_pre_req_pre"": ""0"", ""sel_5th_pre_req"": ""45"", ""sel_5th_pre_bid"": ""+168000"", ""sel_4th_pre_req_pre"": ""0"", ""sel_4th_pre_req"": ""25"", ""sel_4th_pre_bid"": ""+167900"", ""sel_3th_pre_req_pre"": ""+1"", ""sel_3th_pre_req"": ""4"", ""sel_3th_pre_bid"": ""+167800"", ""sel_2th_pre_req_pre"": ""0"", ""sel_2th_pre_req"": ""7"", ""sel_2th_pre_bid"": ""+167700"", ""sel_1th_pre_req_pre"": ""0"", ""sel_fpr_req"": ""8"", ""sel_fpr_bid"": ""+167600"", ""buy_fpr_bid"": ""+167500"", ""buy_fpr_req"": ""88"", ""buy_1th_pre_req_pre"": ""0"", ""buy_2th_pre_bid"": ""+167400"", ""buy_2th_pre_req"": ""60"", ""buy_2th_pre_req_pre"": ""0"", ""buy_3th_pre_bid"": ""+167200"", ""buy_3th_pre_req"": ""2"", ""buy_3th_pre_req_pre"": ""0"", ""buy_4th_pre_bid"": ""+167100"", ""buy_4th_pre_req"": ""130"", ""buy_4th_pre_req_pre"": ""0"", ""buy_5th_pre_bid"": ""+167000"", ""buy_5th_pre_req"": ""30"", ""buy_5th_pre_req_pre"": ""0"", ""buy_6th_pre_bid"": ""166800"", ""buy_6th_pre_req"": ""33"", ""buy_6th_pre_req_pre"": ""0"", ""buy_7th_pre_bid"": ""-166700"", ""buy_7th_pre_req"": ""2"", ""buy_7th_pre_req_pre"": ""0"", ""buy_8th_pre_bid"": ""-166600"", ""buy_8th_pre_req"": ""428"", ""buy_8th_pre_req_pre"": ""0"", ""buy_9th_pre_bid"": ""-166200"", ""buy_9th_pre_req"": ""3"", ""buy_9th_pre_req_pre"": ""0"", ""buy_10th_pre_bid"": ""-166000"", ""buy_10th_pre_req"": ""157"", ""buy_10th_pre_req_pre"": ""0"", ""tot_sel_req_jub_pre"": ""+1"", ""tot_sel_req"": ""220"", ""tot_buy_req"": ""933"", ""tot_buy_req_jub_pre"": ""0"", ""ovt_sel_req_pre"": ""0"", ""ovt_sel_req"": ""0"", ""ovt_buy_req"": ""0"", ""ovt_buy_req_pre"": ""0"", ""return_code"": 0, ""return_msg"": ""정상적으로 처리되었습니다""}"
2026-06-10,scan_candidate,111770,,0,main_scan,79000,,79000,78600,79000,78700,-0.5063291139240507,0.5063291139240507,,,,,,"{""bid_req_base_tm"": ""104252"", ""sel_10th_pre_req_pre"": ""0"", ""sel_10th_pre_req"": ""6"", ""sel_10th_pre_bid"": ""+80300"", ""sel_9th_pre_req_pre"": ""0"", ""sel_9th_pre_req"": ""10"", ""sel_9th_pre_bid"": ""+80200"", ""sel_8th_pre_req_pre"": ""0"", ""sel_8th_pre_req"": ""48"", ""sel_8th_pre_bid"": ""+80000"", ""sel_7th_pre_req_pre"": ""0"", ""sel_7th_pre_req"": ""31"", ""sel_7th_pre_bid"": ""+79900"", ""sel_6th_pre_req_pre"": ""0"", ""sel_6th_pre_req"": ""13"", ""sel_6th_pre_bid"": ""+79800"", ""sel_5th_pre_req_pre"": ""0"", ""sel_5th_pre_req"": ""11"", ""sel_5th_pre_bid"": ""+79700"", ""sel_4th_pre_req_pre"": ""0"", ""sel_4th_pre_req"": ""2"", ""sel_4th_pre_bid"": ""+79600"", ""sel_3th_pre_req_pre"": ""0"", ""sel_3th_pre_req"": ""9"", ""sel_3th_pre_bid"": ""+79500"", ""sel_2th_pre_req_pre"": ""0"", ""sel_2th_pre_req"": ""51"", ""sel_2th_pre_bid"": ""+79300"", ""sel_1th_pre_req_pre"": ""0"", ""sel_fpr_req"": ""193"", ""sel_fpr_bid"": ""+79000"", ""buy_fpr_bid"": ""+78600"", ""buy_fpr_req"": ""60"", ""buy_1th_pre_req_pre"": ""+1"", ""buy_2th_pre_bid"": ""+78500"", ""buy_2th_pre_req"": ""56"", ""buy_2th_pre_req_pre"": ""0"", ""buy_3th_pre_bid"": ""+78400"", ""buy_3th_pre_req"": ""18"", ""buy_3th_pre_req_pre"": ""0"", ""buy_4th_pre_bid"": ""+78300"", ""buy_4th_pre_req"": ""20"", ""buy_4th_pre_req_pre"": ""0"", ""buy_5th_pre_bid"": ""+78100"", ""buy_5th_pre_req"": ""6"", ""buy_5th_pre_req_pre"": ""0"", ""buy_6th_pre_bid"": ""78000"", ""buy_6th_pre_req"": ""68"", ""buy_6th_pre_req_pre"": ""0"", ""buy_7th_pre_bid"": ""-77900"", ""buy_7th_pre_req"": ""47"", ""buy_7th_pre_req_pre"": ""0"", ""buy_8th_pre_bid"": ""-77800"", ""buy_8th_pre_req"": ""7"", ""buy_8th_pre_req_pre"": ""0"", ""buy_9th_pre_bid"": ""-77700"", ""buy_9th_pre_req"": ""7"", ""buy_9th_pre_req_pre"": ""0"", ""buy_10th_pre_bid"": ""-77500"", ""buy_10th_pre_req"": ""1"", ""buy_10th_pre_req_pre"": ""0"", ""tot_sel_req_jub_pre"": ""0"", ""tot_sel_req"": ""374"", ""tot_buy_req"": ""290"", ""tot_buy_req_jub_pre"": ""+1"", ""ovt_sel_req_pre"": ""0"", ""ovt_sel_req"": ""0"", ""ovt_buy_req"": ""0"", ""ovt_buy_req_pre"": ""0"", ""return_code"": 0, ""return_msg"": ""정상적으로 처리되었습니다""}"
2026-06-10,scan_candidate,489790,,0,main_scan,69700,,69700,69500,69700,69500,-0.430416068866571,0.2869440459110474,,,,,,"{""bid_req_base_tm"": ""104254"", ""sel_10th_pre_req_pre"": ""0"", ""sel_10th_pre_req"": ""363"", ""sel_10th_pre_bid"": ""+70600"", ""sel_9th_pre_req_pre"": ""0"", ""sel_9th_pre_req"": ""440"", ""sel_9th_pre_bid"": ""+70500"", ""sel_8th_pre_req_pre"": ""0"", ""sel_8th_pre_req"": ""292"", ""sel_8th_pre_bid"": ""+70400"", ""sel_7th_pre_req_pre"": ""0"", ""sel_7th_pre_req"": ""210"", ""sel_7th_pre_bid"": ""+70300"", ""sel_6th_pre_req_pre"": ""0"", ""sel_6th_pre_req"": ""261"", ""sel_6th_pre_bid"": ""+70200"", ""sel_5th_pre_req_pre"": ""0"", ""sel_5th_pre_req"": ""210"", ""sel_5th_pre_bid"": ""+70100"", ""sel_4th_pre_req_pre"": ""0"", ""sel_4th_pre_req"": ""193"", ""sel_4th_pre_bid"": ""+70000"", ""sel_3th_pre_req_pre"": ""0"", ""sel_3th_pre_req"": ""517"", ""sel_3th_pre_bid"": ""+69900"", ""sel_2th_pre_req_pre"": ""0"", ""sel_2th_pre_req"": ""102"", ""sel_2th_pre_bid"": ""+69800"", ""sel_1th_pre_req_pre"": ""+17"", ""sel_fpr_req"": ""29"", ""sel_fpr_bid"": ""+69700"", ""buy_fpr_bid"": ""+69500"", ""buy_fpr_req"": ""80"", ""buy_1th_pre_req_pre"": ""0"", ""buy_2th_pre_bid"": ""+69400"", ""buy_2th_pre_req"": ""76"", ""buy_2th_pre_req_pre"": ""0"", ""buy_3th_pre_bid"": ""+69300"", ""buy_3th_pre_req"": ""23"", ""buy_3th_pre_req_pre"": ""--70"", ""buy_4th_pre_bid"": ""+69200"", ""buy_4th_pre_req"": ""275"", ""buy_4th_pre_req_pre"": ""0"", ""buy_5th_pre_bid"": ""+69100"", ""buy_5th_pre_req"": ""359"", ""buy_5th_pre_req_pre"": ""0"", ""buy_6th_pre_bid"": ""+69000"", ""buy_6th_pre_req"": ""651"", ""buy_6th_pre_req_pre"": ""0"", ""buy_7th_pre_bid"": ""+68900"", ""buy_7th_pre_req"": ""145"", ""buy_7th_pre_req_pre"": ""0"", ""buy_8th_pre_bid"": ""+68800"", ""buy_8th_pre_req"": ""60"", ""buy_8th_pre_req_pre"": ""0"", ""buy_9th_pre_bid"": ""+68700"", ""buy_9th_pre_req"": ""70"", ""buy_9th_pre_req_pre"": ""0"", ""buy_10th_pre_bid"": ""+68600"", ""buy_10th_pre_req"": ""218"", ""buy_10th_pre_req_pre"": ""0"", ""tot_sel_req_jub_pre"": ""+17"", ""tot_sel_req"": ""2617"", ""tot_buy_req"": ""1957"", ""tot_buy_req_jub_pre"": ""--70"", ""ovt_sel_req_pre"": ""0"", ""ovt_sel_req"": ""0"", ""ovt_buy_req"": ""0"", ""ovt_buy_req_pre"": ""0"", ""return_code"": 0, ""return_msg"": ""정상적으로 처리되었습니다""}"
2026-06-10,scan_candidate,085620,,0,main_scan,22450,,22450,22400,22450,22450,-0.22271714922048996,0.22271714922048996,,,,,,"{""bid_req_base_tm"": ""104252"", ""sel_10th_pre_req_pre"": ""0"", ""sel_10th_pre_req"": ""1169"", ""sel_10th_pre_bid"": ""-22900"", ""sel_9th_pre_req_pre"": ""0"", ""sel_9th_pre_req"": ""1867"", ""sel_9th_pre_bid"": ""-22850"", ""sel_8th_pre_req_pre"": ""0"", ""sel_8th_pre_req"": ""2722"", ""sel_8th_pre_bid"": ""-22800"", ""sel_7th_pre_req_pre"": ""0"", ""sel_7th_pre_req"": ""697"", ""sel_7th_pre_bid"": ""-22750"", ""sel_6th_pre_req_pre"": ""0"", ""sel_6th_pre_req"": ""463"", ""sel_6th_pre_bid"": ""-22700"", ""sel_5th_pre_req_pre"": ""0"", ""sel_5th_pre_req"": ""277"", ""sel_5th_pre_bid"": ""-22650"", ""sel_4th_pre_req_pre"": ""0"", ""sel_4th_pre_req"": ""2322"", ""sel_4th_pre_bid"": ""-22600"", ""sel_3th_pre_req_pre"": ""0"", ""sel_3th_pre_req"": ""697"", ""sel_3th_pre_bid"": ""-22550"", ""sel_2th_pre_req_pre"": ""0"", ""sel_2th_pre_req"": ""111"", ""sel_2th_pre_bid"": ""-22500"", ""sel_1th_pre_req_pre"": ""0"", ""sel_fpr_req"": ""448"", ""sel_fpr_bid"": ""-22450"", ""buy_fpr_bid"": ""-22400"", ""buy_fpr_req"": ""5"", ""buy_1th_pre_req_pre"": ""0"", ""buy_2th_pre_bid"": ""-22350"", ""buy_2th_pre_req"": ""1584"", ""buy_2th_pre_req_pre"": ""0"", ""buy_3th_pre_bid"": ""-22300"", ""buy_3th_pre_req"": ""2932"", ""buy_3th_pre_req_pre"": ""0"", ""buy_4th_pre_bid"": ""-22250"", ""buy_4th_pre_req"": ""1146"", ""buy_4th_pre_req_pre"": ""0"", ""buy_5th_pre_bid"": ""-22200"", ""buy_5th_pre_req"": ""995"", ""buy_5th_pre_req_pre"": ""0"", ""buy_6th_pre_bid"": ""-22150"", ""buy_6th_pre_req"": ""1173"", ""buy_6th_pre_req_pre"": ""0"", ""buy_7th_pre_bid"": ""-22100"", ""buy_7th_pre_req"": ""2238"", ""buy_7th_pre_req_pre"": ""0"", ""buy_8th_pre_bid"": ""-22050"", ""buy_8th_pre_req"": ""2685"", ""buy_8th_pre_req_pre"": ""0"", ""buy_9th_pre_bid"": ""-22000"", ""buy_9th_pre_req"": ""1825"", ""buy_9th_pre_req_pre"": ""0"", ""buy_10th_pre_bid"": ""-21950"", ""buy_10th_pre_req"": ""2333"", ""buy_10th_pre_req_pre"": ""0"", ""tot_sel_req_jub_pre"": ""0"", ""tot_sel_req"": ""10773"", ""tot_buy_req"": ""16916"", ""tot_buy_req_jub_pre"": ""--2741"", ""ovt_sel_req_pre"": ""0"", ""ovt_sel_req"": ""0"", ""ovt_buy_req"": ""0"", ""ovt_buy_req_pre"": ""0"", ""return_code"": 0, ""return_msg"": ""정상적으로 처리되었습니다""}"
2026-06-10,scan_candidate,001450,,0,main_scan,37650,,37650,37600,37650,37600,-0.2656042496679947,0.13280212483399734,,,,,,"{""bid_req_base_tm"": ""104254"", ""sel_10th_pre_req_pre"": ""0"", ""sel_10th_pre_req"": ""74"", ""sel_10th_pre_bid"": ""+38200"", ""sel_9th_pre_req_pre"": ""0"", ""sel_9th_pre_req"": ""6"", ""sel_9th_pre_bid"": ""+38150"", ""sel_8th_pre_req_pre"": ""0"", ""sel_8th_pre_req"": ""533"", ""sel_8th_pre_bid"": ""+38100"", ""sel_7th_pre_req_pre"": ""0"", ""sel_7th_pre_req"": ""193"", ""sel_7th_pre_bid"": ""+38050"", ""sel_6th_pre_req_pre"": ""0"", ""sel_6th_pre_req"": ""90"", ""sel_6th_pre_bid"": ""+38000"", ""sel_5th_pre_req_pre"": ""0"", ""sel_5th_pre_req"": ""129"", ""sel_5th_pre_bid"": ""+37950"", ""sel_4th_pre_req_pre"": ""0"", ""sel_4th_pre_req"": ""126"", ""sel_4th_pre_bid"": ""+37850"", ""sel_3th_pre_req_pre"": ""0"", ""sel_3th_pre_req"": ""77"", ""sel_3th_pre_bid"": ""+37800"", ""sel_2th_pre_req_pre"": ""0"", ""sel_2th_pre_req"": ""146"", ""sel_2th_pre_bid"": ""+37700"", ""sel_1th_pre_req_pre"": ""0"", ""sel_fpr_req"": ""298"", ""sel_fpr_bid"": ""+37650"", ""buy_fpr_bid"": ""+37600"", ""buy_fpr_req"": ""410"", ""buy_1th_pre_req_pre"": ""0"", ""buy_2th_pre_bid"": ""+37550"", ""buy_2th_pre_req"": ""69"", ""buy_2th_pre_req_pre"": ""0"", ""buy_3th_pre_bid"": ""+37500"", ""buy_3th_pre_req"": ""248"", ""buy_3th_pre_req_pre"": ""0"", ""buy_4th_pre_bid"": ""+37450"", ""buy_4th_pre_req"": ""23"", ""buy_4th_pre_req_pre"": ""0"", ""buy_5th_pre_bid"": ""+37400"", ""buy_5th_pre_req"": ""56"", ""buy_5th_pre_req_pre"": ""0"", ""buy_6th_pre_bid"": ""+37350"", ""buy_6th_pre_req"": ""93"", ""buy_6th_pre_req_pre"": ""0"", ""buy_7th_pre_bid"": ""+37300"", ""buy_7th_pre_req"": ""73"", ""buy_7th_pre_req_pre"": ""0"", ""buy_8th_pre_bid"": ""+37250"", ""buy_8th_pre_req"": ""68"", ""buy_8th_pre_req_pre"": ""0"", ""buy_9th_pre_bid"": ""+37200"", ""buy_9th_pre_req"": ""489"", ""buy_9th_pre_req_pre"": ""0"", ""buy_10th_pre_bid"": ""+37150"", ""buy_10th_pre_req"": ""12"", ""buy_10th_pre_req_pre"": ""0"", ""tot_sel_req_jub_pre"": ""0"", ""tot_sel_req"": ""1672"", ""tot_buy_req"": ""1541"", ""tot_buy_req_jub_pre"": ""0"", ""ovt_sel_req_pre"": ""0"", ""ovt_sel_req"": ""0"", ""ovt_buy_req"": ""0"", ""ovt_buy_req_pre"": ""0"", ""return_code"": 0, ""return_msg"": ""정상적으로 처리되었습니다""}"
2026-06-10,scan_candidate,036460,,0,main_scan,34500,,34500,34450,34500,34500,-0.14492753623188406,0.14492753623188406,,,,,,"{""bid_req_base_tm"": ""104250"", ""sel_10th_pre_req_pre"": ""0"", ""sel_10th_pre_req"": ""307"", ""sel_10th_pre_bid"": ""+34950"", ""sel_9th_pre_req_pre"": ""0"", ""sel_9th_pre_req"": ""552"", ""sel_9th_pre_bid"": ""+34900"", ""sel_8th_pre_req_pre"": ""0"", ""sel_8th_pre_req"": ""532"", ""sel_8th_pre_bid"": ""+34850"", ""sel_7th_pre_req_pre"": ""0"", ""sel_7th_pre_req"": ""210"", ""sel_7th_pre_bid"": ""+34800"", ""sel_6th_pre_req_pre"": ""0"", ""sel_6th_pre_req"": ""577"", ""sel_6th_pre_bid"": ""+34750"", ""sel_5th_pre_req_pre"": ""0"", ""sel_5th_pre_req"": ""501"", ""sel_5th_pre_bid"": ""+34700"", ""sel_4th_pre_req_pre"": ""0"", ""sel_4th_pre_req"": ""271"", ""sel_4th_pre_bid"": ""+34650"", ""sel_3th_pre_req_pre"": ""0"", ""sel_3th_pre_req"": ""937"", ""sel_3th_pre_bid"": ""+34600"", ""sel_2th_pre_req_pre"": ""0"", ""sel_2th_pre_req"": ""285"", ""sel_2th_pre_bid"": ""+34550"", ""sel_1th_pre_req_pre"": ""0"", ""sel_fpr_req"": ""52"", ""sel_fpr_bid"": ""+34500"", ""buy_fpr_bid"": ""+34450"", ""buy_fpr_req"": ""29"", ""buy_1th_pre_req_pre"": ""0"", ""buy_2th_pre_bid"": ""+34400"", ""buy_2th_pre_req"": ""158"", ""buy_2th_pre_req_pre"": ""0"", ""buy_3th_pre_bid"": ""+34350"", ""buy_3th_pre_req"": ""120"", ""buy_3th_pre_req_pre"": ""0"", ""buy_4th_pre_bid"": ""+34300"", ""buy_4th_pre_req"": ""141"", ""buy_4th_pre_req_pre"": ""0"", ""buy_5th_pre_bid"": ""+34250"", ""buy_5th_pre_req"": ""722"", ""buy_5th_pre_req_pre"": ""0"", ""buy_6th_pre_bid"": ""+34200"", ""buy_6th_pre_req"": ""673"", ""buy_6th_pre_req_pre"": ""0"", ""buy_7th_pre_bid"": ""+34150"", ""buy_7th_pre_req"": ""681"", ""buy_7th_pre_req_pre"": ""0"", ""buy_8th_pre_bid"": ""+34100"", ""buy_8th_pre_req"": ""731"", ""buy_8th_pre_req_pre"": ""0"", ""buy_9th_pre_bid"": ""+34050"", ""buy_9th_pre_req"": ""1418"", ""buy_9th_pre_req_pre"": ""0"", ""buy_10th_pre_bid"": ""34000"", ""buy_10th_pre_req"": ""3203"", ""buy_10th_pre_req_pre"": ""0"", ""tot_sel_req_jub_pre"": ""0"", ""tot_sel_req"": ""4224"", ""tot_buy_req"": ""7876"", ""tot_buy_req_jub_pre"": ""0"", ""ovt_sel_req_pre"": ""0"", ""ovt_sel_req"": ""0"", ""ovt_buy_req"": ""0"", ""ovt_buy_req_pre"": ""0"", ""return_code"": 0, ""return_msg"": ""정상적으로 처리되었습니다""}"
2026-06-10,scan_candidate,017800,,0,main_scan,76800,,76800,76700,76800,76400,-0.6510416666666667,0.13020833333333331,,,,,,"{""bid_req_base_tm"": ""104254"", ""sel_10th_pre_req_pre"": ""0"", ""sel_10th_pre_req"": ""12"", ""sel_10th_pre_bid"": ""+77700"", ""sel_9th_pre_req_pre"": ""0"", ""sel_9th_pre_req"": ""7"", ""sel_9th_pre_bid"": ""+77600"", ""sel_8th_pre_req_pre"": ""0"", ""sel_8th_pre_req"": ""51"", ""sel_8th_pre_bid"": ""+77500"", ""sel_7th_pre_req_pre"": ""0"", ""sel_7th_pre_req"": ""37"", ""sel_7th_pre_bid"": ""+77400"", ""sel_6th_pre_req_pre"": ""0"", ""sel_6th_pre_req"": ""11"", ""sel_6th_pre_bid"": ""+77300"", ""sel_5th_pre_req_pre"": ""0"", ""sel_5th_pre_req"": ""10"", ""sel_5th_pre_bid"": ""+77200"", ""sel_4th_pre_req_pre"": ""0"", ""sel_4th_pre_req"": ""13"", ""sel_4th_pre_bid"": ""+77100"", ""sel_3th_pre_req_pre"": ""0"", ""sel_3th_pre_req"": ""185"", ""sel_3th_pre_bid"": ""+77000"", ""sel_2th_pre_req_pre"": ""0"", ""sel_2th_pre_req"": ""180"", ""sel_2th_pre_bid"": ""+76900"", ""sel_1th_pre_req_pre"": ""+13"", ""sel_fpr_req"": ""288"", ""sel_fpr_bid"": ""+76800"", ""buy_fpr_bid"": ""76700"", ""buy_fpr_req"": ""118"", ""buy_1th_pre_req_pre"": ""0"", ""buy_2th_pre_bid"": ""-76600"", ""buy_2th_pre_req"": ""16"", ""buy_2th_pre_req_pre"": ""0"", ""buy_3th_pre_bid"": ""-76500"", ""buy_3th_pre_req"": ""6"", ""buy_3th_pre_req_pre"": ""0"", ""buy_4th_pre_bid"": ""-76400"", ""buy_4th_pre_req"": ""1"", ""buy_4th_pre_req_pre"": ""0"", ""buy_5th_pre_bid"": ""-76300"", ""buy_5th_pre_req"": ""11"", ""buy_5th_pre_req_pre"": ""0"", ""buy_6th_pre_bid"": ""-76200"", ""buy_6th_pre_req"": ""17"", ""buy_6th_pre_req_pre"": ""0"", ""buy_7th_pre_bid"": ""-76100"", ""buy_7th_pre_req"": ""12"", ""buy_7th_pre_req_pre"": ""0"", ""buy_8th_pre_bid"": ""-76000"", ""buy_8th_pre_req"": ""219"", ""buy_8th_pre_req_pre"": ""0"", ""buy_9th_pre_bid"": ""-75900"", ""buy_9th_pre_req"": ""110"", ""buy_9th_pre_req_pre"": ""0"", ""buy_10th_pre_bid"": ""-75800"", ""buy_10th_pre_req"": ""89"", ""buy_10th_pre_req_pre"": ""0"", ""tot_sel_req_jub_pre"": ""+13"", ""tot_sel_req"": ""794"", ""tot_buy_req"": ""599"", ""tot_buy_req_jub_pre"": ""0"", ""ovt_sel_req_pre"": ""0"", ""ovt_sel_req"": ""0"", ""ovt_buy_req"": ""0"", ""ovt_buy_req_pre"": ""0"", ""return_code"": 0, ""return_msg"": ""정상적으로 처리되었습니다""}"
2026-06-10,scan_candidate,007810,,0,main_scan,121300,,121300,121000,121300,121000,-0.6595218466611706,0.24732069249793898,,,,,,"{""bid_req_base_tm"": ""104249"", ""sel_10th_pre_req_pre"": ""0"", ""sel_10th_pre_req"": ""80"", ""sel_10th_pre_bid"": ""+122500"", ""sel_9th_pre_req_pre"": ""0"", ""sel_9th_pre_req"": ""21"", ""sel_9th_pre_bid"": ""+122400"", ""sel_8th_pre_req_pre"": ""0"", ""sel_8th_pre_req"": ""208"", ""sel_8th_pre_bid"": ""+122300"", ""sel_7th_pre_req_pre"": ""0"", ""sel_7th_pre_req"": ""290"", ""sel_7th_pre_bid"": ""+122200"", ""sel_6th_pre_req_pre"": ""0"", ""sel_6th_pre_req"": ""8"", ""sel_6th_pre_bid"": ""+122000"", ""sel_5th_pre_req_pre"": ""0"", ""sel_5th_pre_req"": ""17"", ""sel_5th_pre_bid"": ""+121800"", ""sel_4th_pre_req_pre"": ""0"", ""sel_4th_pre_req"": ""15"", ""sel_4th_pre_bid"": ""+121700"", ""sel_3th_pre_req_pre"": ""0"", ""sel_3th_pre_req"": ""31"", ""sel_3th_pre_bid"": ""+121500"", ""sel_2th_pre_req_pre"": ""0"", ""sel_2th_pre_req"": ""80"", ""sel_2th_pre_bid"": ""+121400"", ""sel_1th_pre_req_pre"": ""+11"", ""sel_fpr_req"": ""36"", ""sel_fpr_bid"": ""+121300"", ""buy_fpr_bid"": ""+121000"", ""buy_fpr_req"": ""52"", ""buy_1th_pre_req_pre"": ""0"", ""buy_2th_pre_bid"": ""+120900"", ""buy_2th_pre_req"": ""20"", ""buy_2th_pre_req_pre"": ""0"", ""buy_3th_pre_bid"": ""+120800"", ""buy_3th_pre_req"": ""147"", ""buy_3th_pre_req_pre"": ""0"", ""buy_4th_pre_bid"": ""+120700"", ""buy_4th_pre_req"": ""35"", ""buy_4th_pre_req_pre"": ""0"", ""buy_5th_pre_bid"": ""+120600"", ""buy_5th_pre_req"": ""80"", ""buy_5th_pre_req_pre"": ""0"", ""buy_6th_pre_bid"": ""+120500"", ""buy_6th_pre_req"": ""114"", ""buy_6th_pre_req_pre"": ""0"", ""buy_7th_pre_bid"": ""+120400"", ""buy_7th_pre_req"": ""77"", ""buy_7th_pre_req_pre"": ""0"", ""buy_8th_pre_bid"": ""120300"", ""buy_8th_pre_req"": ""369"", ""buy_8th_pre_req_pre"": ""0"", ""buy_9th_pre_bid"": ""-120200"", ""buy_9th_pre_req"": ""19"", ""buy_9th_pre_req_pre"": ""0"", ""buy_10th_pre_bid"": ""-120100"", ""buy_10th_pre_req"": ""85"", ""buy_10th_pre_req_pre"": ""0"", ""tot_sel_req_jub_pre"": ""+11"", ""tot_sel_req"": ""786"", ""tot_buy_req"": ""998"", ""tot_buy_req_jub_pre"": ""0"", ""ovt_sel_req_pre"": ""0"", ""ovt_sel_req"": ""0"", ""ovt_buy_req"": ""0"", ""ovt_buy_req_pre"": ""0"", ""return_code"": 0, ""return_msg"": ""정상적으로 처리되었습니다""}"
2026-06-10,scan_candidate,001740,,0,main_scan,14570,,14570,14560,14570,14500,-0.8236101578586137,0.06863417982155114,,,,,,"{""bid_req_base_tm"": ""104255"", ""sel_10th_pre_req_pre"": ""+100"", ""sel_10th_pre_req"": ""5892"", ""sel_10th_pre_bid"": ""+14660"", ""sel_9th_pre_req_pre"": ""0"", ""sel_9th_pre_req"": ""37639"", ""sel_9th_pre_bid"": ""+14650"", ""sel_8th_pre_req_pre"": ""0"", ""sel_8th_pre_req"": ""10289"", ""sel_8th_pre_bid"": ""+14640"", ""sel_7th_pre_req_pre"": ""0"", ""sel_7th_pre_req"": ""58451"", ""sel_7th_pre_bid"": ""+14630"", ""sel_6th_pre_req_pre"": ""0"", ""sel_6th_pre_req"": ""8193"", ""sel_6th_pre_bid"": ""+14620"", ""sel_5th_pre_req_pre"": ""0"", ""sel_5th_pre_req"": ""6644"", ""sel_5th_pre_bid"": ""+14610"", ""sel_4th_pre_req_pre"": ""0"", ""sel_4th_pre_req"": ""122495"", ""sel_4th_pre_bid"": ""+14600"", ""sel_3th_pre_req_pre"": ""0"", ""sel_3th_pre_req"": ""23780"", ""sel_3th_pre_bid"": ""+14590"", ""sel_2th_pre_req_pre"": ""+2"", ""sel_2th_pre_req"": ""9373"", ""sel_2th_pre_bid"": ""+14580"", ""sel_1th_pre_req_pre"": ""+30"", ""sel_fpr_req"": ""5279"", ""sel_fpr_bid"": ""+14570"", ""buy_fpr_bid"": ""+14560"", ""buy_fpr_req"": ""2325"", ""buy_1th_pre_req_pre"": ""+50"", ""buy_2th_pre_bid"": ""+14550"", ""buy_2th_pre_req"": ""5396"", ""buy_2th_pre_req_pre"": ""0"", ""buy_3th_pre_bid"": ""+14540"", ""buy_3th_pre_req"": ""5089"", ""buy_3th_pre_req_pre"": ""0"", ""buy_4th_pre_bid"": ""+14530"", ""buy_4th_pre_req"": ""4579"", ""buy_4th_pre_req_pre"": ""0"", ""buy_5th_pre_bid"": ""+14520"", ""buy_5th_pre_req"": ""1018"", ""buy_5th_pre_req_pre"": ""0"", ""buy_6th_pre_bid"": ""+14510"", ""buy_6th_pre_req"": ""2696"", ""buy_6th_pre_req_pre"": ""+12"", ""buy_7th_pre_bid"": ""+14500"", ""buy_7th_pre_req"": ""2760"", ""buy_7th_pre_req_pre"": ""0"", ""buy_8th_pre_bid"": ""+14490"", ""buy_8th_pre_req"": ""1155"", ""buy_8th_pre_req_pre"": ""0"", ""buy_9th_pre_bid"": ""+14480"", ""buy_9th_pre_req"": ""4780"", ""buy_9th_pre_req_pre"": ""0"", ""buy_10th_pre_bid"": ""+14470"", ""buy_10th_pre_req"": ""2486"", ""buy_10th_pre_req_pre"": ""--12"", ""tot_sel_req_jub_pre"": ""+132"", ""tot_sel_req"": ""288035"", ""tot_buy_req"": ""32284"", ""tot_buy_req_jub_pre"": ""+50"", ""ovt_sel_req_pre"": ""0"", ""ovt_sel_req"": ""0"", ""ovt_buy_req"": ""0"", ""ovt_buy_req_pre"": ""0"", ""return_code"": 0, ""return_msg"": ""정상적으로 처리되었습니다""}"
2026-06-10,scan_candidate,383220,,0,main_scan,75100,,75100,74900,75100,75000,-0.2663115845539281,0.2663115845539281,,,,,,"{""bid_req_base_tm"": ""104254"", ""sel_10th_pre_req_pre"": ""0"", ""sel_10th_pre_req"": ""5"", ""sel_10th_pre_bid"": ""+76200"", ""sel_9th_pre_req_pre"": ""0"", ""sel_9th_pre_req"": ""122"", ""sel_9th_pre_bid"": ""+76000"", ""sel_8th_pre_req_pre"": ""0"", ""sel_8th_pre_req"": ""159"", ""sel_8th_pre_bid"": ""+75900"", ""sel_7th_pre_req_pre"": ""0"", ""sel_7th_pre_req"": ""14"", ""sel_7th_pre_bid"": ""+75800"", ""sel_6th_pre_req_pre"": ""0"", ""sel_6th_pre_req"": ""14"", ""sel_6th_pre_bid"": ""+75700"", ""sel_5th_pre_req_pre"": ""0"", ""sel_5th_pre_req"": ""6"", ""sel_5th_pre_bid"": ""+75600"", ""sel_4th_pre_req_pre"": ""0"", ""sel_4th_pre_req"": ""23"", ""sel_4th_pre_bid"": ""+75400"", ""sel_3th_pre_req_pre"": ""0"", ""sel_3th_pre_req"": ""78"", ""sel_3th_pre_bid"": ""+75300"", ""sel_2th_pre_req_pre"": ""0"", ""sel_2th_pre_req"": ""4"", ""sel_2th_pre_bid"": ""+75200"", ""sel_1th_pre_req_pre"": ""--1"", ""sel_fpr_req"": ""35"", ""sel_fpr_bid"": ""+75100"", ""buy_fpr_bid"": ""+74900"", ""buy_fpr_req"": ""72"", ""buy_1th_pre_req_pre"": ""--1"", ""buy_2th_pre_bid"": ""+74800"", ""buy_2th_pre_req"": ""103"", ""buy_2th_pre_req_pre"": ""0"", ""buy_3th_pre_bid"": ""+74700"", ""buy_3th_pre_req"": ""8"", ""buy_3th_pre_req_pre"": ""0"", ""buy_4th_pre_bid"": ""74600"", ""buy_4th_pre_req"": ""18"", ""buy_4th_pre_req_pre"": ""0"", ""buy_5th_pre_bid"": ""-74500"", ""buy_5th_pre_req"": ""40"", ""buy_5th_pre_req_pre"": ""0"", ""buy_6th_pre_bid"": ""-74400"", ""buy_6th_pre_req"": ""41"", ""buy_6th_pre_req_pre"": ""0"", ""buy_7th_pre_bid"": ""-74300"", ""buy_7th_pre_req"": ""10"", ""buy_7th_pre_req_pre"": ""0"", ""buy_8th_pre_bid"": ""-74200"", ""buy_8th_pre_req"": ""25"", ""buy_8th_pre_req_pre"": ""0"", ""buy_9th_pre_bid"": ""-74100"", ""buy_9th_pre_req"": ""24"", ""buy_9th_pre_req_pre"": ""0"", ""buy_10th_pre_bid"": ""-74000"", ""buy_10th_pre_req"": ""27"", ""buy_10th_pre_req_pre"": ""0"", ""tot_sel_req_jub_pre"": ""--1"", ""tot_sel_req"": ""460"", ""tot_buy_req"": ""368"", ""tot_buy_req_jub_pre"": ""+25"", ""ovt_sel_req_pre"": ""0"", ""ovt_sel_req"": ""0"", ""ovt_buy_req"": ""0"", ""ovt_buy_req_pre"": ""0"", ""return_code"": 0, ""return_msg"": ""정상적으로 처리되었습니다""}"
2026-06-10,scan_candidate,014680,,0,main_scan,263500,,263500,263000,263500,263500,-0.18975332068311196,0.18975332068311196,,,,,,"{""bid_req_base_tm"": ""104255"", ""sel_10th_pre_req_pre"": ""0"", ""sel_10th_pre_req"": ""49"", ""sel_10th_pre_bid"": ""+268000"", ""sel_9th_pre_req_pre"": ""0"", ""sel_9th_pre_req"": ""38"", ""sel_9th_pre_bid"": ""+267500"", ""sel_8th_pre_req_pre"": ""0"", ""sel_8th_pre_req"": ""26"", ""sel_8th_pre_bid"": ""+267000"", ""sel_7th_pre_req_pre"": ""0"", ""sel_7th_pre_req"": ""16"", ""sel_7th_pre_bid"": ""+266500"", ""sel_6th_pre_req_pre"": ""0"", ""sel_6th_pre_req"": ""12"", ""sel_6th_pre_bid"": ""+266000"", ""sel_5th_pre_req_pre"": ""0"", ""sel_5th_pre_req"": ""24"", ""sel_5th_pre_bid"": ""+265500"", ""sel_4th_pre_req_pre"": ""0"", ""sel_4th_pre_req"": ""55"", ""sel_4th_pre_bid"": ""+265000"", ""sel_3th_pre_req_pre"": ""--1"", ""sel_3th_pre_req"": ""4"", ""sel_3th_pre_bid"": ""+264500"", ""sel_2th_pre_req_pre"": ""+1"", ""sel_2th_pre_req"": ""4"", ""sel_2th_pre_bid"": ""+264000"", ""sel_1th_pre_req_pre"": ""0"", ""sel_fpr_req"": ""75"", ""sel_fpr_bid"": ""+263500"", ""buy_fpr_bid"": ""+263000"", ""buy_fpr_req"": ""5"", ""buy_1th_pre_req_pre"": ""0"", ""buy_2th_pre_bid"": ""+262500"", ""buy_2th_pre_req"": ""11"", ""buy_2th_pre_req_pre"": ""0"", ""buy_3th_pre_bid"": ""+262000"", ""buy_3th_pre_req"": ""131"", ""buy_3th_pre_req_pre"": ""0"", ""buy_4th_pre_bid"": ""+261500"", ""buy_4th_pre_req"": ""19"", ""buy_4th_pre_req_pre"": ""0"", ""buy_5th_pre_bid"": ""+261000"", ""buy_5th_pre_req"": ""4"", ""buy_5th_pre_req_pre"": ""0"", ""buy_6th_pre_bid"": ""+260500"", ""buy_6th_pre_req"": ""3"", ""buy_6th_pre_req_pre"": ""0"", ""buy_7th_pre_bid"": ""+260000"", ""buy_7th_pre_req"": ""109"", ""buy_7th_pre_req_pre"": ""0"", ""buy_8th_pre_bid"": ""+259500"", ""buy_8th_pre_req"": ""119"", ""buy_8th_pre_req_pre"": ""0"", ""buy_9th_pre_bid"": ""+259000"", ""buy_9th_pre_req"": ""210"", ""buy_9th_pre_req_pre"": ""0"", ""buy_10th_pre_bid"": ""+258500"", ""buy_10th_pre_req"": ""102"", ""buy_10th_pre_req_pre"": ""0"", ""tot_sel_req_jub_pre"": ""0"", ""tot_sel_req"": ""303"", ""tot_buy_req"": ""713"", ""tot_buy_req_jub_pre"": ""0"", ""ovt_sel_req_pre"": ""0"", ""ovt_sel_req"": ""0"", ""ovt_buy_req"": ""0"", ""ovt_buy_req_pre"": ""0"", ""return_code"": 0, ""return_msg"": ""정상적으로 처리되었습니다""}"
2026-06-10,scan_candidate,028670,,0,main_scan,5010,,5010,5000,5010,5040,0.39920159680638717,0.19960079840319359,,,,,,"{""bid_req_base_tm"": ""104252"", ""sel_10th_pre_req_pre"": ""0"", ""sel_10th_pre_req"": ""2111"", ""sel_10th_pre_bid"": ""-5100"", ""sel_9th_pre_req_pre"": ""0"", ""sel_9th_pre_req"": ""971"", ""sel_9th_pre_bid"": ""-5090"", ""sel_8th_pre_req_pre"": ""0"", ""sel_8th_pre_req"": ""118"", ""sel_8th_pre_bid"": ""-5080"", ""sel_7th_pre_req_pre"": ""0"", ""sel_7th_pre_req"": ""401"", ""sel_7th_pre_bid"": ""-5070"", ""sel_6th_pre_req_pre"": ""0"", ""sel_6th_pre_req"": ""1"", ""sel_6th_pre_bid"": ""-5060"", ""sel_5th_pre_req_pre"": ""0"", ""sel_5th_pre_req"": ""123"", ""sel_5th_pre_bid"": ""-5050"", ""sel_4th_pre_req_pre"": ""0"", ""sel_4th_pre_req"": ""2904"", ""sel_4th_pre_bid"": ""-5040"", ""sel_3th_pre_req_pre"": ""0"", ""sel_3th_pre_req"": ""2285"", ""sel_3th_pre_bid"": ""-5030"", ""sel_2th_pre_req_pre"": ""0"", ""sel_2th_pre_req"": ""5546"", ""sel_2th_pre_bid"": ""-5020"", ""sel_1th_pre_req_pre"": ""0"", ""sel_fpr_req"": ""740"", ""sel_fpr_bid"": ""-5010"", ""buy_fpr_bid"": ""-5000"", ""buy_fpr_req"": ""8763"", ""buy_1th_pre_req_pre"": ""0"", ""buy_2th_pre_bid"": ""-4995"", ""buy_2th_pre_req"": ""3383"", ""buy_2th_pre_req_pre"": ""+552"", ""buy_3th_pre_bid"": ""-4990"", ""buy_3th_pre_req"": ""8135"", ""buy_3th_pre_req_pre"": ""0"", ""buy_4th_pre_bid"": ""-4985"", ""buy_4th_pre_req"": ""4602"", ""buy_4th_pre_req_pre"": ""0"", ""buy_5th_pre_bid"": ""-4980"", ""buy_5th_pre_req"": ""7396"", ""buy_5th_pre_req_pre"": ""0"", ""buy_6th_pre_bid"": ""-4975"", ""buy_6th_pre_req"": ""51"", ""buy_6th_pre_req_pre"": ""0"", ""buy_7th_pre_bid"": ""-4970"", ""buy_7th_pre_req"": ""2265"", ""buy_7th_pre_req_pre"": ""0"", ""buy_8th_pre_bid"": ""-4965"", ""buy_8th_pre_req"": ""5619"", ""buy_8th_pre_req_pre"": ""0"", ""buy_9th_pre_bid"": ""-4960"", ""buy_9th_pre_req"": ""2585"", ""buy_9th_pre_req_pre"": ""0"", ""buy_10th_pre_bid"": ""-4955"", ""buy_10th_pre_req"": ""2960"", ""buy_10th_pre_req_pre"": ""0"", ""tot_sel_req_jub_pre"": ""0"", ""tot_sel_req"": ""15200"", ""tot_buy_req"": ""45759"", ""tot_buy_req_jub_pre"": ""+552"", ""ovt_sel_req_pre"": ""0"", ""ovt_sel_req"": ""0"", ""ovt_buy_req"": ""0"", ""ovt_buy_req_pre"": ""0"", ""return_code"": 0, ""return_msg"": ""정상적으로 처리되었습니다""}"
2026-06-10,scan_candidate,009420,,0,main_scan,50600,,50600,50500,50600,50600,-0.1976284584980237,0.1976284584980237,,,,,,"{""bid_req_base_tm"": ""104256"", ""sel_10th_pre_req_pre"": ""0"", ""sel_10th_pre_req"": ""41"", ""sel_10th_pre_bid"": ""-51500"", ""sel_9th_pre_req_pre"": ""0"", ""sel_9th_pre_req"": ""313"", ""sel_9th_pre_bid"": ""-51400"", ""sel_8th_pre_req_pre"": ""0"", ""sel_8th_pre_req"": ""460"", ""sel_8th_pre_bid"": ""-51300"", ""sel_7th_pre_req_pre"": ""0"", ""sel_7th_pre_req"": ""641"", ""sel_7th_pre_bid"": ""-51200"", ""sel_6th_pre_req_pre"": ""0"", ""sel_6th_pre_req"": ""77"", ""sel_6th_pre_bid"": ""-51100"", ""sel_5th_pre_req_pre"": ""0"", ""sel_5th_pre_req"": ""161"", ""sel_5th_pre_bid"": ""-51000"", ""sel_4th_pre_req_pre"": ""0"", ""sel_4th_pre_req"": ""251"", ""sel_4th_pre_bid"": ""-50900"", ""sel_3th_pre_req_pre"": ""0"", ""sel_3th_pre_req"": ""77"", ""sel_3th_pre_bid"": ""-50800"", ""sel_2th_pre_req_pre"": ""--3"", ""sel_2th_pre_req"": ""213"", ""sel_2th_pre_bid"": ""-50700"", ""sel_1th_pre_req_pre"": ""+3"", ""sel_fpr_req"": ""163"", ""sel_fpr_bid"": ""-50600"", ""buy_fpr_bid"": ""-50500"", ""buy_fpr_req"": ""120"", ""buy_1th_pre_req_pre"": ""0"", ""buy_2th_pre_bid"": ""-50400"", ""buy_2th_pre_req"": ""97"", ""buy_2th_pre_req_pre"": ""0"", ""buy_3th_pre_bid"": ""-50300"", ""buy_3th_pre_req"": ""167"", ""buy_3th_pre_req_pre"": ""0"", ""buy_4th_pre_bid"": ""-50200"", ""buy_4th_pre_req"": ""15"", ""buy_4th_pre_req_pre"": ""0"", ""buy_5th_pre_bid"": ""-50100"", ""buy_5th_pre_req"": ""76"", ""buy_5th_pre_req_pre"": ""0"", ""buy_6th_pre_bid"": ""-50000"", ""buy_6th_pre_req"": ""186"", ""buy_6th_pre_req_pre"": ""0"", ""buy_7th_pre_bid"": ""-49950"", ""buy_7th_pre_req"": ""362"", ""buy_7th_pre_req_pre"": ""0"", ""buy_8th_pre_bid"": ""-49900"", ""buy_8th_pre_req"": ""373"", ""buy_8th_pre_req_pre"": ""0"", ""buy_9th_pre_bid"": ""-49850"", ""buy_9th_pre_req"": ""372"", ""buy_9th_pre_req_pre"": ""0"", ""buy_10th_pre_bid"": ""-49800"", ""buy_10th_pre_req"": ""538"", ""buy_10th_pre_req_pre"": ""0"", ""tot_sel_req_jub_pre"": ""0"", ""tot_sel_req"": ""2397"", ""tot_buy_req"": ""2306"", ""tot_buy_req_jub_pre"": ""0"", ""ovt_sel_req_pre"": ""0"", ""ovt_sel_req"": ""0"", ""ovt_buy_req"": ""0"", ""ovt_buy_req_pre"": ""0"", ""return_code"": 0, ""return_msg"": ""정상적으로 처리되었습니다""}"
2026-06-10,scan_candidate,375500,,0,main_scan,72000,,72000,71900,72000,71600,-0.6944444444444444,0.1388888888888889,,,,,,"{""bid_req_base_tm"": ""104255"", ""sel_10th_pre_req_pre"": ""0"", ""sel_10th_pre_req"": ""299"", ""sel_10th_pre_bid"": ""+72900"", ""sel_9th_pre_req_pre"": ""0"", ""sel_9th_pre_req"": ""64"", ""sel_9th_pre_bid"": ""+72800"", ""sel_8th_pre_req_pre"": ""0"", ""sel_8th_pre_req"": ""81"", ""sel_8th_pre_bid"": ""+72700"", ""sel_7th_pre_req_pre"": ""0"", ""sel_7th_pre_req"": ""49"", ""sel_7th_pre_bid"": ""+72600"", ""sel_6th_pre_req_pre"": ""0"", ""sel_6th_pre_req"": ""266"", ""sel_6th_pre_bid"": ""+72500"", ""sel_5th_pre_req_pre"": ""0"", ""sel_5th_pre_req"": ""465"", ""sel_5th_pre_bid"": ""+72400"", ""sel_4th_pre_req_pre"": ""0"", ""sel_4th_pre_req"": ""553"", ""sel_4th_pre_bid"": ""+72300"", ""sel_3th_pre_req_pre"": ""0"", ""sel_3th_pre_req"": ""402"", ""sel_3th_pre_bid"": ""+72200"", ""sel_2th_pre_req_pre"": ""0"", ""sel_2th_pre_req"": ""179"", ""sel_2th_pre_bid"": ""+72100"", ""sel_1th_pre_req_pre"": ""+6"", ""sel_fpr_req"": ""82"", ""sel_fpr_bid"": ""+72000"", ""buy_fpr_bid"": ""+71900"", ""buy_fpr_req"": ""284"", ""buy_1th_pre_req_pre"": ""0"", ""buy_2th_pre_bid"": ""+71800"", ""buy_2th_pre_req"": ""230"", ""buy_2th_pre_req_pre"": ""0"", ""buy_3th_pre_bid"": ""+71700"", ""buy_3th_pre_req"": ""91"", ""buy_3th_pre_req_pre"": ""0"", ""buy_4th_pre_bid"": ""+71500"", ""buy_4th_pre_req"": ""48"", ""buy_4th_pre_req_pre"": ""0"", ""buy_5th_pre_bid"": ""+71400"", ""buy_5th_pre_req"": ""20"", ""buy_5th_pre_req_pre"": ""0"", ""buy_6th_pre_bid"": ""+71300"", ""buy_6th_pre_req"": ""2"", ""buy_6th_pre_req_pre"": ""0"", ""buy_7th_pre_bid"": ""+71200"", ""buy_7th_pre_req"": ""3"", ""buy_7th_pre_req_pre"": ""0"", ""buy_8th_pre_bid"": ""+71100"", ""buy_8th_pre_req"": ""109"", ""buy_8th_pre_req_pre"": ""0"", ""buy_9th_pre_bid"": ""+71000"", ""buy_9th_pre_req"": ""839"", ""buy_9th_pre_req_pre"": ""0"", ""buy_10th_pre_bid"": ""+70900"", ""buy_10th_pre_req"": ""14"", ""buy_10th_pre_req_pre"": ""0"", ""tot_sel_req_jub_pre"": ""+6"", ""tot_sel_req"": ""2440"", ""tot_buy_req"": ""1640"", ""tot_buy_req_jub_pre"": ""0"", ""ovt_sel_req_pre"": ""0"", ""ovt_sel_req"": ""0"", ""ovt_buy_req"": ""0"", ""ovt_buy_req_pre"": ""0"", ""return_code"": 0, ""return_msg"": ""정상적으로 처리되었습니다""}"
2026-06-10,scan_candidate,004990,,0,main_scan,25850,,25850,25800,25850,25750,-0.5802707930367506,0.19342359767891684,,,,,,"{""bid_req_base_tm"": ""104248"", ""sel_10th_pre_req_pre"": ""0"", ""sel_10th_pre_req"": ""11"", ""sel_10th_pre_bid"": ""+26300"", ""sel_9th_pre_req_pre"": ""0"", ""sel_9th_pre_req"": ""135"", ""sel_9th_pre_bid"": ""+26250"", ""sel_8th_pre_req_pre"": ""0"", ""sel_8th_pre_req"": ""90"", ""sel_8th_pre_bid"": ""+26200"", ""sel_7th_pre_req_pre"": ""0"", ""sel_7th_pre_req"": ""3119"", ""sel_7th_pre_bid"": ""26150"", ""sel_6th_pre_req_pre"": ""0"", ""sel_6th_pre_req"": ""302"", ""sel_6th_pre_bid"": ""-26100"", ""sel_5th_pre_req_pre"": ""0"", ""sel_5th_pre_req"": ""201"", ""sel_5th_pre_bid"": ""-26050"", ""sel_4th_pre_req_pre"": ""0"", ""sel_4th_pre_req"": ""122"", ""sel_4th_pre_bid"": ""-26000"", ""sel_3th_pre_req_pre"": ""0"", ""sel_3th_pre_req"": ""107"", ""sel_3th_pre_bid"": ""-25950"", ""sel_2th_pre_req_pre"": ""0"", ""sel_2th_pre_req"": ""286"", ""sel_2th_pre_bid"": ""-25900"", ""sel_1th_pre_req_pre"": ""+37"", ""sel_fpr_req"": ""828"", ""sel_fpr_bid"": ""-25850"", ""buy_fpr_bid"": ""-25800"", ""buy_fpr_req"": ""103"", ""buy_1th_pre_req_pre"": ""0"", ""buy_2th_pre_bid"": ""-25750"", ""buy_2th_pre_req"": ""45"", ""buy_2th_pre_req_pre"": ""0"", ""buy_3th_pre_bid"": ""-25700"", ""buy_3th_pre_req"": ""112"", ""buy_3th_pre_req_pre"": ""0"", ""buy_4th_pre_bid"": ""-25650"", ""buy_4th_pre_req"": ""15"", ""buy_4th_pre_req_pre"": ""0"", ""buy_5th_pre_bid"": ""-25600"", ""buy_5th_pre_req"": ""120"", ""buy_5th_pre_req_pre"": ""0"", ""buy_6th_pre_bid"": ""-25550"", ""buy_6th_pre_req"": ""713"", ""buy_6th_pre_req_pre"": ""0"", ""buy_7th_pre_bid"": ""-25500"", ""buy_7th_pre_req"": ""871"", ""buy_7th_pre_req_pre"": ""0"", ""buy_8th_pre_bid"": ""-25450"", ""buy_8th_pre_req"": ""1150"", ""buy_8th_pre_req_pre"": ""0"", ""buy_9th_pre_bid"": ""-25400"", ""buy_9th_pre_req"": ""655"", ""buy_9th_pre_req_pre"": ""0"", ""buy_10th_pre_bid"": ""-25350"", ""buy_10th_pre_req"": ""391"", ""buy_10th_pre_req_pre"": ""0"", ""tot_sel_req_jub_pre"": ""+37"", ""tot_sel_req"": ""5201"", ""tot_buy_req"": ""4175"", ""tot_buy_req_jub_pre"": ""0"", ""ovt_sel_req_pre"": ""0"", ""ovt_sel_req"": ""0"", ""ovt_buy_req"": ""0"", ""ovt_buy_req_pre"": ""0"", ""return_code"": 0, ""return_msg"": ""정상적으로 처리되었습니다""}"
2026-06-10,scan_candidate,483650,,0,main_scan,207000,,207000,206500,207000,206000,-0.7246376811594203,0.24154589371980675,,,,,,"{""bid_req_base_tm"": ""104256"", ""sel_10th_pre_req_pre"": ""0"", ""sel_10th_pre_req"": ""175"", ""sel_10th_pre_bid"": ""+211500"", ""sel_9th_pre_req_pre"": ""0"", ""sel_9th_pre_req"": ""835"", ""sel_9th_pre_bid"": ""+211000"", ""sel_8th_pre_req_pre"": ""0"", ""sel_8th_pre_req"": ""114"", ""sel_8th_pre_bid"": ""+210500"", ""sel_7th_pre_req_pre"": ""0"", ""sel_7th_pre_req"": ""1041"", ""sel_7th_pre_bid"": ""+210000"", ""sel_6th_pre_req_pre"": ""0"", ""sel_6th_pre_req"": ""677"", ""sel_6th_pre_bid"": ""+209500"", ""sel_5th_pre_req_pre"": ""0"", ""sel_5th_pre_req"": ""611"", ""sel_5th_pre_bid"": ""+209000"", ""sel_4th_pre_req_pre"": ""0"", ""sel_4th_pre_req"": ""196"", ""sel_4th_pre_bid"": ""+208500"", ""sel_3th_pre_req_pre"": ""0"", ""sel_3th_pre_req"": ""224"", ""sel_3th_pre_bid"": ""+208000"", ""sel_2th_pre_req_pre"": ""0"", ""sel_2th_pre_req"": ""251"", ""sel_2th_pre_bid"": ""+207500"", ""sel_1th_pre_req_pre"": ""0"", ""sel_fpr_req"": ""92"", ""sel_fpr_bid"": ""+207000"", ""buy_fpr_bid"": ""+206500"", ""buy_fpr_req"": ""294"", ""buy_1th_pre_req_pre"": ""0"", ""buy_2th_pre_bid"": ""+206000"", ""buy_2th_pre_req"": ""2474"", ""buy_2th_pre_req_pre"": ""0"", ""buy_3th_pre_bid"": ""+205000"", ""buy_3th_pre_req"": ""90"", ""buy_3th_pre_req_pre"": ""0"", ""buy_4th_pre_bid"": ""+204500"", ""buy_4th_pre_req"": ""166"", ""buy_4th_pre_req_pre"": ""0"", ""buy_5th_pre_bid"": ""+204000"", ""buy_5th_pre_req"": ""65"", ""buy_5th_pre_req_pre"": ""0"", ""buy_6th_pre_bid"": ""+203500"", ""buy_6th_pre_req"": ""55"", ""buy_6th_pre_req_pre"": ""0"", ""buy_7th_pre_bid"": ""+203000"", ""buy_7th_pre_req"": ""57"", ""buy_7th_pre_req_pre"": ""0"", ""buy_8th_pre_bid"": ""+202500"", ""buy_8th_pre_req"": ""27"", ""buy_8th_pre_req_pre"": ""0"", ""buy_9th_pre_bid"": ""+202000"", ""buy_9th_pre_req"": ""65"", ""buy_9th_pre_req_pre"": ""+10"", ""buy_10th_pre_bid"": ""+201500"", ""buy_10th_pre_req"": ""237"", ""buy_10th_pre_req_pre"": ""0"", ""tot_sel_req_jub_pre"": ""0"", ""tot_sel_req"": ""4216"", ""tot_buy_req"": ""3530"", ""tot_buy_req_jub_pre"": ""+10"", ""ovt_sel_req_pre"": ""0"", ""ovt_sel_req"": ""0"", ""ovt_buy_req"": ""0"", ""ovt_buy_req_pre"": ""0"", ""return_code"": 0, ""return_msg"": ""정상적으로 처리되었습니다""}"
2026-06-10,scan_candidate,003690,,0,main_scan,13230,,13230,13180,13230,13200,-0.6046863189720333,0.3779289493575208,,,,,,"{""bid_req_base_tm"": ""104254"", ""sel_10th_pre_req_pre"": ""0"", ""sel_10th_pre_req"": ""26"", ""sel_10th_pre_bid"": ""-13350"", ""sel_9th_pre_req_pre"": ""0"", ""sel_9th_pre_req"": ""1"", ""sel_9th_pre_bid"": ""-13340"", ""sel_8th_pre_req_pre"": ""0"", ""sel_8th_pre_req"": ""1"", ""sel_8th_pre_bid"": ""-13330"", ""sel_7th_pre_req_pre"": ""0"", ""sel_7th_pre_req"": ""1"", ""sel_7th_pre_bid"": ""-13320"", ""sel_6th_pre_req_pre"": ""0"", ""sel_6th_pre_req"": ""1"", ""sel_6th_pre_bid"": ""-13310"", ""sel_5th_pre_req_pre"": ""0"", ""sel_5th_pre_req"": ""39"", ""sel_5th_pre_bid"": ""-13300"", ""sel_4th_pre_req_pre"": ""0"", ""sel_4th_pre_req"": ""21"", ""sel_4th_pre_bid"": ""-13290"", ""sel_3th_pre_req_pre"": ""0"", ""sel_3th_pre_req"": ""86"", ""sel_3th_pre_bid"": ""-13270"", ""sel_2th_pre_req_pre"": ""0"", ""sel_2th_pre_req"": ""419"", ""sel_2th_pre_bid"": ""-13250"", ""sel_1th_pre_req_pre"": ""0"", ""sel_fpr_req"": ""276"", ""sel_fpr_bid"": ""-13230"", ""buy_fpr_bid"": ""-13180"", ""buy_fpr_req"": ""515"", ""buy_1th_pre_req_pre"": ""--54"", ""buy_2th_pre_bid"": ""-13170"", ""buy_2th_pre_req"": ""50"", ""buy_2th_pre_req_pre"": ""0"", ""buy_3th_pre_bid"": ""-13160"", ""buy_3th_pre_req"": ""50"", ""buy_3th_pre_req_pre"": ""0"", ""buy_4th_pre_bid"": ""-13150"", ""buy_4th_pre_req"": ""83"", ""buy_4th_pre_req_pre"": ""0"", ""buy_5th_pre_bid"": ""-13140"", ""buy_5th_pre_req"": ""51"", ""buy_5th_pre_req_pre"": ""0"", ""buy_6th_pre_bid"": ""-13130"", ""buy_6th_pre_req"": ""51"", ""buy_6th_pre_req_pre"": ""0"", ""buy_7th_pre_bid"": ""-13120"", ""buy_7th_pre_req"": ""50"", ""buy_7th_pre_req_pre"": ""0"", ""buy_8th_pre_bid"": ""-13110"", ""buy_8th_pre_req"": ""50"", ""buy_8th_pre_req_pre"": ""0"", ""buy_9th_pre_bid"": ""-13100"", ""buy_9th_pre_req"": ""55"", ""buy_9th_pre_req_pre"": ""0"", ""buy_10th_pre_bid"": ""-13090"", ""buy_10th_pre_req"": ""56"", ""buy_10th_pre_req_pre"": ""0"", ""tot_sel_req_jub_pre"": ""0"", ""tot_sel_req"": ""871"", ""tot_buy_req"": ""1011"", ""tot_buy_req_jub_pre"": ""--54"", ""ovt_sel_req_pre"": ""0"", ""ovt_sel_req"": ""0"", ""ovt_buy_req"": ""0"", ""ovt_buy_req_pre"": ""0"", ""return_code"": 0, ""return_msg"": ""정상적으로 처리되었습니다""}"
2026-06-10,scan_candidate,279570,,0,main_scan,5970,,5970,5960,5970,5940,-0.6700167504187605,0.16750418760469013,,,,,,"{""bid_req_base_tm"": ""104257"", ""sel_10th_pre_req_pre"": ""0"", ""sel_10th_pre_req"": ""33277"", ""sel_10th_pre_bid"": ""+6060"", ""sel_9th_pre_req_pre"": ""0"", ""sel_9th_pre_req"": ""37279"", ""sel_9th_pre_bid"": ""+6050"", ""sel_8th_pre_req_pre"": ""0"", ""sel_8th_pre_req"": ""22284"", ""sel_8th_pre_bid"": ""+6040"", ""sel_7th_pre_req_pre"": ""0"", ""sel_7th_pre_req"": ""31479"", ""sel_7th_pre_bid"": ""+6030"", ""sel_6th_pre_req_pre"": ""0"", ""sel_6th_pre_req"": ""49745"", ""sel_6th_pre_bid"": ""+6020"", ""sel_5th_pre_req_pre"": ""0"", ""sel_5th_pre_req"": ""10902"", ""sel_5th_pre_bid"": ""+6010"", ""sel_4th_pre_req_pre"": ""0"", ""sel_4th_pre_req"": ""30370"", ""sel_4th_pre_bid"": ""+6000"", ""sel_3th_pre_req_pre"": ""0"", ""sel_3th_pre_req"": ""28177"", ""sel_3th_pre_bid"": ""+5990"", ""sel_2th_pre_req_pre"": ""0"", ""sel_2th_pre_req"": ""14300"", ""sel_2th_pre_bid"": ""+5980"", ""sel_1th_pre_req_pre"": ""0"", ""sel_fpr_req"": ""2659"", ""sel_fpr_bid"": ""+5970"", ""buy_fpr_bid"": ""+5960"", ""buy_fpr_req"": ""3940"", ""buy_1th_pre_req_pre"": ""+5"", ""buy_2th_pre_bid"": ""+5950"", ""buy_2th_pre_req"": ""8537"", ""buy_2th_pre_req_pre"": ""0"", ""buy_3th_pre_bid"": ""+5940"", ""buy_3th_pre_req"": ""6329"", ""buy_3th_pre_req_pre"": ""0"", ""buy_4th_pre_bid"": ""+5930"", ""buy_4th_pre_req"": ""8947"", ""buy_4th_pre_req_pre"": ""0"", ""buy_5th_pre_bid"": ""+5920"", ""buy_5th_pre_req"": ""7709"", ""buy_5th_pre_req_pre"": ""0"", ""buy_6th_pre_bid"": ""+5910"", ""buy_6th_pre_req"": ""16411"", ""buy_6th_pre_req_pre"": ""0"", ""buy_7th_pre_bid"": ""+5900"", ""buy_7th_pre_req"": ""36482"", ""buy_7th_pre_req_pre"": ""0"", ""buy_8th_pre_bid"": ""+5890"", ""buy_8th_pre_req"": ""4416"", ""buy_8th_pre_req_pre"": ""0"", ""buy_9th_pre_bid"": ""+5880"", ""buy_9th_pre_req"": ""3136"", ""buy_9th_pre_req_pre"": ""0"", ""buy_10th_pre_bid"": ""+5870"", ""buy_10th_pre_req"": ""3657"", ""buy_10th_pre_req_pre"": ""0"", ""tot_sel_req_jub_pre"": ""0"", ""tot_sel_req"": ""260472"", ""tot_buy_req"": ""99564"", ""tot_buy_req_jub_pre"": ""+5"", ""ovt_sel_req_pre"": ""0"", ""ovt_sel_req"": ""0"", ""ovt_buy_req"": ""0"", ""ovt_buy_req_pre"": ""0"", ""return_code"": 0, ""return_msg"": ""정상적으로 처리되었습니다""}"
2026-06-10,scan_candidate,439260,,0,main_scan,62000,,62000,61900,62000,61600,-0.8064516129032258,0.16129032258064516,,,,,,"{""bid_req_base_tm"": ""104255"", ""sel_10th_pre_req_pre"": ""0"", ""sel_10th_pre_req"": ""259"", ""sel_10th_pre_bid"": ""+63000"", ""sel_9th_pre_req_pre"": ""0"", ""sel_9th_pre_req"": ""63"", ""sel_9th_pre_bid"": ""+62900"", ""sel_8th_pre_req_pre"": ""0"", ""sel_8th_pre_req"": ""55"", ""sel_8th_pre_bid"": ""+62800"", ""sel_7th_pre_req_pre"": ""0"", ""sel_7th_pre_req"": ""310"", ""sel_7th_pre_bid"": ""+62600"", ""sel_6th_pre_req_pre"": ""0"", ""sel_6th_pre_req"": ""52"", ""sel_6th_pre_bid"": ""+62500"", ""sel_5th_pre_req_pre"": ""0"", ""sel_5th_pre_req"": ""4"", ""sel_5th_pre_bid"": ""+62400"", ""sel_4th_pre_req_pre"": ""0"", ""sel_4th_pre_req"": ""240"", ""sel_4th_pre_bid"": ""+62300"", ""sel_3th_pre_req_pre"": ""0"", ""sel_3th_pre_req"": ""867"", ""sel_3th_pre_bid"": ""+62200"", ""sel_2th_pre_req_pre"": ""0"", ""sel_2th_pre_req"": ""259"", ""sel_2th_pre_bid"": ""+62100"", ""sel_1th_pre_req_pre"": ""0"", ""sel_fpr_req"": ""1276"", ""sel_fpr_bid"": ""+62000"", ""buy_fpr_bid"": ""+61900"", ""buy_fpr_req"": ""58"", ""buy_1th_pre_req_pre"": ""0"", ""buy_2th_pre_bid"": ""+61800"", ""buy_2th_pre_req"": ""84"", ""buy_2th_pre_req_pre"": ""0"", ""buy_3th_pre_bid"": ""+61700"", ""buy_3th_pre_req"": ""111"", ""buy_3th_pre_req_pre"": ""0"", ""buy_4th_pre_bid"": ""+61600"", ""buy_4th_pre_req"": ""107"", ""buy_4th_pre_req_pre"": ""0"", ""buy_5th_pre_bid"": ""+61500"", ""buy_5th_pre_req"": ""155"", ""buy_5th_pre_req_pre"": ""0"", ""buy_6th_pre_bid"": ""+61400"", ""buy_6th_pre_req"": ""57"", ""buy_6th_pre_req_pre"": ""0"", ""buy_7th_pre_bid"": ""+61300"", ""buy_7th_pre_req"": ""509"", ""buy_7th_pre_req_pre"": ""0"", ""buy_8th_pre_bid"": ""+61200"", ""buy_8th_pre_req"": ""207"", ""buy_8th_pre_req_pre"": ""0"", ""buy_9th_pre_bid"": ""+61100"", ""buy_9th_pre_req"": ""308"", ""buy_9th_pre_req_pre"": ""0"", ""buy_10th_pre_bid"": ""+61000"", ""buy_10th_pre_req"": ""696"", ""buy_10th_pre_req_pre"": ""0"", ""tot_sel_req_jub_pre"": ""--41"", ""tot_sel_req"": ""3385"", ""tot_buy_req"": ""2292"", ""tot_buy_req_jub_pre"": ""0"", ""ovt_sel_req_pre"": ""0"", ""ovt_sel_req"": ""0"", ""ovt_buy_req"": ""0"", ""ovt_buy_req_pre"": ""0"", ""return_code"": 0, ""return_msg"": ""정상적으로 처리되었습니다""}"
2026-06-10,scan_candidate,008770,,0,main_scan,54700,,54700,54600,54700,54300,-0.9140767824497258,0.18281535648994515,,,,,,"{""bid_req_base_tm"": ""104254"", ""sel_10th_pre_req_pre"": ""0"", ""sel_10th_pre_req"": ""137"", ""sel_10th_pre_bid"": ""+55600"", ""sel_9th_pre_req_pre"": ""0"", ""sel_9th_pre_req"": ""468"", ""sel_9th_pre_bid"": ""+55500"", ""sel_8th_pre_req_pre"": ""0"", ""sel_8th_pre_req"": ""34"", ""sel_8th_pre_bid"": ""+55400"", ""sel_7th_pre_req_pre"": ""0"", ""sel_7th_pre_req"": ""410"", ""sel_7th_pre_bid"": ""+55300"", ""sel_6th_pre_req_pre"": ""0"", ""sel_6th_pre_req"": ""541"", ""sel_6th_pre_bid"": ""55200"", ""sel_5th_pre_req_pre"": ""0"", ""sel_5th_pre_req"": ""928"", ""sel_5th_pre_bid"": ""-55100"", ""sel_4th_pre_req_pre"": ""0"", ""sel_4th_pre_req"": ""438"", ""sel_4th_pre_bid"": ""-55000"", ""sel_3th_pre_req_pre"": ""0"", ""sel_3th_pre_req"": ""472"", ""sel_3th_pre_bid"": ""-54900"", ""sel_2th_pre_req_pre"": ""0"", ""sel_2th_pre_req"": ""586"", ""sel_2th_pre_bid"": ""-54800"", ""sel_1th_pre_req_pre"": ""0"", ""sel_fpr_req"": ""722"", ""sel_fpr_bid"": ""-54700"", ""buy_fpr_bid"": ""-54600"", ""buy_fpr_req"": ""443"", ""buy_1th_pre_req_pre"": ""--4"", ""buy_2th_pre_bid"": ""-54500"", ""buy_2th_pre_req"": ""23"", ""buy_2th_pre_req_pre"": ""0"", ""buy_3th_pre_bid"": ""-54400"", ""buy_3th_pre_req"": ""14"", ""buy_3th_pre_req_pre"": ""0"", ""buy_4th_pre_bid"": ""-54300"", ""buy_4th_pre_req"": ""309"", ""buy_4th_pre_req_pre"": ""0"", ""buy_5th_pre_bid"": ""-54200"", ""buy_5th_pre_req"": ""1"", ""buy_5th_pre_req_pre"": ""0"", ""buy_6th_pre_bid"": ""-54100"", ""buy_6th_pre_req"": ""42"", ""buy_6th_pre_req_pre"": ""0"", ""buy_7th_pre_bid"": ""-54000"", ""buy_7th_pre_req"": ""231"", ""buy_7th_pre_req_pre"": ""0"", ""buy_8th_pre_bid"": ""-53900"", ""buy_8th_pre_req"": ""203"", ""buy_8th_pre_req_pre"": ""0"", ""buy_9th_pre_bid"": ""-53800"", ""buy_9th_pre_req"": ""390"", ""buy_9th_pre_req_pre"": ""0"", ""buy_10th_pre_bid"": ""-53700"", ""buy_10th_pre_req"": ""429"", ""buy_10th_pre_req_pre"": ""0"", ""tot_sel_req_jub_pre"": ""0"", ""tot_sel_req"": ""4736"", ""tot_buy_req"": ""2085"", ""tot_buy_req_jub_pre"": ""--4"", ""ovt_sel_req_pre"": ""0"", ""ovt_sel_req"": ""0"", ""ovt_buy_req"": ""0"", ""ovt_buy_req_pre"": ""0"", ""return_code"": 0, ""return_msg"": ""정상적으로 처리되었습니다""}"
2026-06-10,scan_candidate,081660,,0,main_scan,40300,,40300,40250,40300,40350,0.0,0.12406947890818859,,,,,,"{""bid_req_base_tm"": ""104252"", ""sel_10th_pre_req_pre"": ""0"", ""sel_10th_pre_req"": ""13"", ""sel_10th_pre_bid"": ""+40750"", ""sel_9th_pre_req_pre"": ""0"", ""sel_9th_pre_req"": ""70"", ""sel_9th_pre_bid"": ""+40700"", ""sel_8th_pre_req_pre"": ""0"", ""sel_8th_pre_req"": ""50"", ""sel_8th_pre_bid"": ""+40650"", ""sel_7th_pre_req_pre"": ""0"", ""sel_7th_pre_req"": ""70"", ""sel_7th_pre_bid"": ""+40600"", ""sel_6th_pre_req_pre"": ""0"", ""sel_6th_pre_req"": ""116"", ""sel_6th_pre_bid"": ""+40550"", ""sel_5th_pre_req_pre"": ""0"", ""sel_5th_pre_req"": ""196"", ""sel_5th_pre_bid"": ""+40500"", ""sel_4th_pre_req_pre"": ""0"", ""sel_4th_pre_req"": ""78"", ""sel_4th_pre_bid"": ""+40450"", ""sel_3th_pre_req_pre"": ""0"", ""sel_3th_pre_req"": ""89"", ""sel_3th_pre_bid"": ""+40400"", ""sel_2th_pre_req_pre"": ""0"", ""sel_2th_pre_req"": ""79"", ""sel_2th_pre_bid"": ""+40350"", ""sel_1th_pre_req_pre"": ""--10"", ""sel_fpr_req"": ""371"", ""sel_fpr_bid"": ""+40300"", ""buy_fpr_bid"": ""+40250"", ""buy_fpr_req"": ""639"", ""buy_1th_pre_req_pre"": ""0"", ""buy_2th_pre_bid"": ""+40200"", ""buy_2th_pre_req"": ""63"", ""buy_2th_pre_req_pre"": ""0"", ""buy_3th_pre_bid"": ""+40150"", ""buy_3th_pre_req"": ""8"", ""buy_3th_pre_req_pre"": ""0"", ""buy_4th_pre_bid"": ""+40100"", ""buy_4th_pre_req"": ""50"", ""buy_4th_pre_req_pre"": ""0"", ""buy_5th_pre_bid"": ""+40050"", ""buy_5th_pre_req"": ""346"", ""buy_5th_pre_req_pre"": ""0"", ""buy_6th_pre_bid"": ""+40000"", ""buy_6th_pre_req"": ""509"", ""buy_6th_pre_req_pre"": ""0"", ""buy_7th_pre_bid"": ""+39950"", ""buy_7th_pre_req"": ""500"", ""buy_7th_pre_req_pre"": ""0"", ""buy_8th_pre_bid"": ""+39900"", ""buy_8th_pre_req"": ""2"", ""buy_8th_pre_req_pre"": ""0"", ""buy_9th_pre_bid"": ""+39850"", ""buy_9th_pre_req"": ""1"", ""buy_9th_pre_req_pre"": ""0"", ""buy_10th_pre_bid"": ""+39800"", ""buy_10th_pre_req"": ""5"", ""buy_10th_pre_req_pre"": ""0"", ""tot_sel_req_jub_pre"": ""--10"", ""tot_sel_req"": ""1132"", ""tot_buy_req"": ""2123"", ""tot_buy_req_jub_pre"": ""0"", ""ovt_sel_req_pre"": ""0"", ""ovt_sel_req"": ""0"", ""ovt_buy_req"": ""0"", ""ovt_buy_req_pre"": ""0"", ""return_code"": 0, ""return_msg"": ""정상적으로 처리되었습니다""}"
2026-06-10,scan_candidate,462870,,0,main_scan,31900,,31900,31800,31900,31700,-0.7836990595611284,0.3134796238244514,,,,,,"{""bid_req_base_tm"": ""104257"", ""sel_10th_pre_req_pre"": ""0"", ""sel_10th_pre_req"": ""10"", ""sel_10th_pre_bid"": ""-32350"", ""sel_9th_pre_req_pre"": ""0"", ""sel_9th_pre_req"": ""175"", ""sel_9th_pre_bid"": ""-32300"", ""sel_8th_pre_req_pre"": ""0"", ""sel_8th_pre_req"": ""60"", ""sel_8th_pre_bid"": ""-32250"", ""sel_7th_pre_req_pre"": ""0"", ""sel_7th_pre_req"": ""235"", ""sel_7th_pre_bid"": ""-32200"", ""sel_6th_pre_req_pre"": ""0"", ""sel_6th_pre_req"": ""30"", ""sel_6th_pre_bid"": ""-32150"", ""sel_5th_pre_req_pre"": ""0"", ""sel_5th_pre_req"": ""13"", ""sel_5th_pre_bid"": ""-32100"", ""sel_4th_pre_req_pre"": ""0"", ""sel_4th_pre_req"": ""126"", ""sel_4th_pre_bid"": ""-32050"", ""sel_3th_pre_req_pre"": ""0"", ""sel_3th_pre_req"": ""158"", ""sel_3th_pre_bid"": ""-32000"", ""sel_2th_pre_req_pre"": ""0"", ""sel_2th_pre_req"": ""58"", ""sel_2th_pre_bid"": ""-31950"", ""sel_1th_pre_req_pre"": ""+40"", ""sel_fpr_req"": ""90"", ""sel_fpr_bid"": ""-31900"", ""buy_fpr_bid"": ""-31800"", ""buy_fpr_req"": ""11"", ""buy_1th_pre_req_pre"": ""0"", ""buy_2th_pre_bid"": ""-31750"", ""buy_2th_pre_req"": ""13"", ""buy_2th_pre_req_pre"": ""0"", ""buy_3th_pre_bid"": ""-31700"", ""buy_3th_pre_req"": ""5"", ""buy_3th_pre_req_pre"": ""0"", ""buy_4th_pre_bid"": ""-31650"", ""buy_4th_pre_req"": ""7"", ""buy_4th_pre_req_pre"": ""0"", ""buy_5th_pre_bid"": ""-31600"", ""buy_5th_pre_req"": ""130"", ""buy_5th_pre_req_pre"": ""0"", ""buy_6th_pre_bid"": ""-31550"", ""buy_6th_pre_req"": ""82"", ""buy_6th_pre_req_pre"": ""0"", ""buy_7th_pre_bid"": ""-31500"", ""buy_7th_pre_req"": ""11"", ""buy_7th_pre_req_pre"": ""0"", ""buy_8th_pre_bid"": ""-31450"", ""buy_8th_pre_req"": ""1"", ""buy_8th_pre_req_pre"": ""0"", ""buy_9th_pre_bid"": ""-31400"", ""buy_9th_pre_req"": ""21"", ""buy_9th_pre_req_pre"": ""0"", ""buy_10th_pre_bid"": ""-31350"", ""buy_10th_pre_req"": ""49"", ""buy_10th_pre_req_pre"": ""0"", ""tot_sel_req_jub_pre"": ""+40"", ""tot_sel_req"": ""955"", ""tot_buy_req"": ""330"", ""tot_buy_req_jub_pre"": ""0"", ""ovt_sel_req_pre"": ""0"", ""ovt_sel_req"": ""0"", ""ovt_buy_req"": ""0"", ""ovt_buy_req_pre"": ""0"", ""return_code"": 0, ""return_msg"": ""정상적으로 처리되었습니다""}"
2026-06-10,scan_candidate,161890,,0,main_scan,83600,,83600,83500,83600,83200,-0.5980861244019139,0.11961722488038277,,,,,,"{""bid_req_base_tm"": ""104258"", ""sel_10th_pre_req_pre"": ""0"", ""sel_10th_pre_req"": ""158"", ""sel_10th_pre_bid"": ""+84500"", ""sel_9th_pre_req_pre"": ""0"", ""sel_9th_pre_req"": ""27"", ""sel_9th_pre_bid"": ""+84400"", ""sel_8th_pre_req_pre"": ""0"", ""sel_8th_pre_req"": ""59"", ""sel_8th_pre_bid"": ""+84300"", ""sel_7th_pre_req_pre"": ""0"", ""sel_7th_pre_req"": ""180"", ""sel_7th_pre_bid"": ""+84200"", ""sel_6th_pre_req_pre"": ""0"", ""sel_6th_pre_req"": ""117"", ""sel_6th_pre_bid"": ""+84100"", ""sel_5th_pre_req_pre"": ""0"", ""sel_5th_pre_req"": ""432"", ""sel_5th_pre_bid"": ""+84000"", ""sel_4th_pre_req_pre"": ""0"", ""sel_4th_pre_req"": ""246"", ""sel_4th_pre_bid"": ""+83900"", ""sel_3th_pre_req_pre"": ""0"", ""sel_3th_pre_req"": ""25"", ""sel_3th_pre_bid"": ""+83800"", ""sel_2th_pre_req_pre"": ""0"", ""sel_2th_pre_req"": ""86"", ""sel_2th_pre_bid"": ""+83700"", ""sel_1th_pre_req_pre"": ""0"", ""sel_fpr_req"": ""147"", ""sel_fpr_bid"": ""+83600"", ""buy_fpr_bid"": ""+83500"", ""buy_fpr_req"": ""4"", ""buy_1th_pre_req_pre"": ""0"", ""buy_2th_pre_bid"": ""+83400"", ""buy_2th_pre_req"": ""66"", ""buy_2th_pre_req_pre"": ""0"", ""buy_3th_pre_bid"": ""+83300"", ""buy_3th_pre_req"": ""13"", ""buy_3th_pre_req_pre"": ""0"", ""buy_4th_pre_bid"": ""+83200"", ""buy_4th_pre_req"": ""100"", ""buy_4th_pre_req_pre"": ""0"", ""buy_5th_pre_bid"": ""+83100"", ""buy_5th_pre_req"": ""15"", ""buy_5th_pre_req_pre"": ""0"", ""buy_6th_pre_bid"": ""+83000"", ""buy_6th_pre_req"": ""33"", ""buy_6th_pre_req_pre"": ""0"", ""buy_7th_pre_bid"": ""+82900"", ""buy_7th_pre_req"": ""5"", ""buy_7th_pre_req_pre"": ""0"", ""buy_8th_pre_bid"": ""+82800"", ""buy_8th_pre_req"": ""12"", ""buy_8th_pre_req_pre"": ""0"", ""buy_9th_pre_bid"": ""+82700"", ""buy_9th_pre_req"": ""27"", ""buy_9th_pre_req_pre"": ""0"", ""buy_10th_pre_bid"": ""+82600"", ""buy_10th_pre_req"": ""51"", ""buy_10th_pre_req_pre"": ""0"", ""tot_sel_req_jub_pre"": ""0"", ""tot_sel_req"": ""1477"", ""tot_buy_req"": ""326"", ""tot_buy_req_jub_pre"": ""--96"", ""ovt_sel_req_pre"": ""0"", ""ovt_sel_req"": ""0"", ""ovt_buy_req"": ""0"", ""ovt_buy_req_pre"": ""0"", ""return_code"": 0, ""return_msg"": ""정상적으로 처리되었습니다""}"
2026-06-10,scan_candidate,120110,,0,main_scan,71500,,71500,71400,71500,71500,-0.13986013986013987,0.13986013986013987,,,,,,"{""bid_req_base_tm"": ""104257"", ""sel_10th_pre_req_pre"": ""0"", ""sel_10th_pre_req"": ""24"", ""sel_10th_pre_bid"": ""+72600"", ""sel_9th_pre_req_pre"": ""0"", ""sel_9th_pre_req"": ""305"", ""sel_9th_pre_bid"": ""+72500"", ""sel_8th_pre_req_pre"": ""0"", ""sel_8th_pre_req"": ""65"", ""sel_8th_pre_bid"": ""+72400"", ""sel_7th_pre_req_pre"": ""0"", ""sel_7th_pre_req"": ""23"", ""sel_7th_pre_bid"": ""+72100"", ""sel_6th_pre_req_pre"": ""0"", ""sel_6th_pre_req"": ""402"", ""sel_6th_pre_bid"": ""+72000"", ""sel_5th_pre_req_pre"": ""0"", ""sel_5th_pre_req"": ""100"", ""sel_5th_pre_bid"": ""+71900"", ""sel_4th_pre_req_pre"": ""0"", ""sel_4th_pre_req"": ""33"", ""sel_4th_pre_bid"": ""+71800"", ""sel_3th_pre_req_pre"": ""0"", ""sel_3th_pre_req"": ""38"", ""sel_3th_pre_bid"": ""+71700"", ""sel_2th_pre_req_pre"": ""--14"", ""sel_2th_pre_req"": ""163"", ""sel_2th_pre_bid"": ""+71600"", ""sel_1th_pre_req_pre"": ""+36"", ""sel_fpr_req"": ""155"", ""sel_fpr_bid"": ""+71500"", ""buy_fpr_bid"": ""+71400"", ""buy_fpr_req"": ""44"", ""buy_1th_pre_req_pre"": ""0"", ""buy_2th_pre_bid"": ""+71300"", ""buy_2th_pre_req"": ""173"", ""buy_2th_pre_req_pre"": ""0"", ""buy_3th_pre_bid"": ""+71200"", ""buy_3th_pre_req"": ""103"", ""buy_3th_pre_req_pre"": ""0"", ""buy_4th_pre_bid"": ""+71000"", ""buy_4th_pre_req"": ""30"", ""buy_4th_pre_req_pre"": ""0"", ""buy_5th_pre_bid"": ""+70900"", ""buy_5th_pre_req"": ""35"", ""buy_5th_pre_req_pre"": ""0"", ""buy_6th_pre_bid"": ""+70800"", ""buy_6th_pre_req"": ""51"", ""buy_6th_pre_req_pre"": ""0"", ""buy_7th_pre_bid"": ""+70700"", ""buy_7th_pre_req"": ""667"", ""buy_7th_pre_req_pre"": ""0"", ""buy_8th_pre_bid"": ""+70600"", ""buy_8th_pre_req"": ""14"", ""buy_8th_pre_req_pre"": ""0"", ""buy_9th_pre_bid"": ""+70500"", ""buy_9th_pre_req"": ""134"", ""buy_9th_pre_req_pre"": ""0"", ""buy_10th_pre_bid"": ""+70400"", ""buy_10th_pre_req"": ""102"", ""buy_10th_pre_req_pre"": ""0"", ""tot_sel_req_jub_pre"": ""+22"", ""tot_sel_req"": ""1308"", ""tot_buy_req"": ""1353"", ""tot_buy_req_jub_pre"": ""0"", ""ovt_sel_req_pre"": ""0"", ""ovt_sel_req"": ""0"", ""ovt_buy_req"": ""0"", ""ovt_buy_req_pre"": ""0"", ""return_code"": 0, ""return_msg"": ""정상적으로 처리되었습니다""}"
2026-06-10,scan_candidate,009155,,0,main_scan,610000,,610000,609000,610000,612000,0.16393442622950818,0.16393442622950818,,,,,,"{""bid_req_base_tm"": ""104258"", ""sel_10th_pre_req_pre"": ""0"", ""sel_10th_pre_req"": ""9"", ""sel_10th_pre_bid"": ""-619000"", ""sel_9th_pre_req_pre"": ""0"", ""sel_9th_pre_req"": ""1"", ""sel_9th_pre_bid"": ""-618000"", ""sel_8th_pre_req_pre"": ""0"", ""sel_8th_pre_req"": ""40"", ""sel_8th_pre_bid"": ""-617000"", ""sel_7th_pre_req_pre"": ""0"", ""sel_7th_pre_req"": ""9"", ""sel_7th_pre_bid"": ""-616000"", ""sel_6th_pre_req_pre"": ""0"", ""sel_6th_pre_req"": ""10"", ""sel_6th_pre_bid"": ""-615000"", ""sel_5th_pre_req_pre"": ""0"", ""sel_5th_pre_req"": ""41"", ""sel_5th_pre_bid"": ""-614000"", ""sel_4th_pre_req_pre"": ""0"", ""sel_4th_pre_req"": ""52"", ""sel_4th_pre_bid"": ""-613000"", ""sel_3th_pre_req_pre"": ""0"", ""sel_3th_pre_req"": ""20"", ""sel_3th_pre_bid"": ""-612000"", ""sel_2th_pre_req_pre"": ""0"", ""sel_2th_pre_req"": ""85"", ""sel_2th_pre_bid"": ""-611000"", ""sel_1th_pre_req_pre"": ""0"", ""sel_fpr_req"": ""1"", ""sel_fpr_bid"": ""-610000"", ""buy_fpr_bid"": ""-609000"", ""buy_fpr_req"": ""50"", ""buy_1th_pre_req_pre"": ""0"", ""buy_2th_pre_bid"": ""-608000"", ""buy_2th_pre_req"": ""137"", ""buy_2th_pre_req_pre"": ""0"", ""buy_3th_pre_bid"": ""-607000"", ""buy_3th_pre_req"": ""75"", ""buy_3th_pre_req_pre"": ""0"", ""buy_4th_pre_bid"": ""-606000"", ""buy_4th_pre_req"": ""32"", ""buy_4th_pre_req_pre"": ""0"", ""buy_5th_pre_bid"": ""-605000"", ""buy_5th_pre_req"": ""59"", ""buy_5th_pre_req_pre"": ""0"", ""buy_6th_pre_bid"": ""-604000"", ""buy_6th_pre_req"": ""44"", ""buy_6th_pre_req_pre"": ""0"", ""buy_7th_pre_bid"": ""-603000"", ""buy_7th_pre_req"": ""59"", ""buy_7th_pre_req_pre"": ""0"", ""buy_8th_pre_bid"": ""-602000"", ""buy_8th_pre_req"": ""198"", ""buy_8th_pre_req_pre"": ""0"", ""buy_9th_pre_bid"": ""-601000"", ""buy_9th_pre_req"": ""170"", ""buy_9th_pre_req_pre"": ""0"", ""buy_10th_pre_bid"": ""-600000"", ""buy_10th_pre_req"": ""480"", ""buy_10th_pre_req_pre"": ""0"", ""tot_sel_req_jub_pre"": ""0"", ""tot_sel_req"": ""268"", ""tot_buy_req"": ""1304"", ""tot_buy_req_jub_pre"": ""0"", ""ovt_sel_req_pre"": ""0"", ""ovt_sel_req"": ""0"", ""ovt_buy_req"": ""0"", ""ovt_buy_req_pre"": ""0"", ""return_code"": 0, ""return_msg"": ""정상적으로 처리되었습니다""}"
2026-06-10,scan_candidate,017960,,0,main_scan,31700,,31700,31650,31700,31700,-0.15772870662460567,0.15772870662460567,,,,,,"{""bid_req_base_tm"": ""104258"", ""sel_10th_pre_req_pre"": ""0"", ""sel_10th_pre_req"": ""74"", ""sel_10th_pre_bid"": ""+32150"", ""sel_9th_pre_req_pre"": ""0"", ""sel_9th_pre_req"": ""575"", ""sel_9th_pre_bid"": ""+32100"", ""sel_8th_pre_req_pre"": ""0"", ""sel_8th_pre_req"": ""165"", ""sel_8th_pre_bid"": ""+32050"", ""sel_7th_pre_req_pre"": ""0"", ""sel_7th_pre_req"": ""1069"", ""sel_7th_pre_bid"": ""+32000"", ""sel_6th_pre_req_pre"": ""0"", ""sel_6th_pre_req"": ""171"", ""sel_6th_pre_bid"": ""+31950"", ""sel_5th_pre_req_pre"": ""0"", ""sel_5th_pre_req"": ""1124"", ""sel_5th_pre_bid"": ""+31900"", ""sel_4th_pre_req_pre"": ""0"", ""sel_4th_pre_req"": ""192"", ""sel_4th_pre_bid"": ""+31850"", ""sel_3th_pre_req_pre"": ""--25"", ""sel_3th_pre_req"": ""3"", ""sel_3th_pre_bid"": ""+31800"", ""sel_2th_pre_req_pre"": ""0"", ""sel_2th_pre_req"": ""37"", ""sel_2th_pre_bid"": ""+31750"", ""sel_1th_pre_req_pre"": ""0"", ""sel_fpr_req"": ""79"", ""sel_fpr_bid"": ""+31700"", ""buy_fpr_bid"": ""+31650"", ""buy_fpr_req"": ""164"", ""buy_1th_pre_req_pre"": ""0"", ""buy_2th_pre_bid"": ""+31600"", ""buy_2th_pre_req"": ""104"", ""buy_2th_pre_req_pre"": ""0"", ""buy_3th_pre_bid"": ""+31550"", ""buy_3th_pre_req"": ""11"", ""buy_3th_pre_req_pre"": ""0"", ""buy_4th_pre_bid"": ""+31500"", ""buy_4th_pre_req"": ""100"", ""buy_4th_pre_req_pre"": ""0"", ""buy_5th_pre_bid"": ""+31450"", ""buy_5th_pre_req"": ""139"", ""buy_5th_pre_req_pre"": ""0"", ""buy_6th_pre_bid"": ""+31400"", ""buy_6th_pre_req"": ""356"", ""buy_6th_pre_req_pre"": ""0"", ""buy_7th_pre_bid"": ""+31350"", ""buy_7th_pre_req"": ""811"", ""buy_7th_pre_req_pre"": ""0"", ""buy_8th_pre_bid"": ""+31300"", ""buy_8th_pre_req"": ""1146"", ""buy_8th_pre_req_pre"": ""0"", ""buy_9th_pre_bid"": ""+31250"", ""buy_9th_pre_req"": ""1025"", ""buy_9th_pre_req_pre"": ""0"", ""buy_10th_pre_bid"": ""+31200"", ""buy_10th_pre_req"": ""174"", ""buy_10th_pre_req_pre"": ""0"", ""tot_sel_req_jub_pre"": ""--25"", ""tot_sel_req"": ""3489"", ""tot_buy_req"": ""4030"", ""tot_buy_req_jub_pre"": ""0"", ""ovt_sel_req_pre"": ""0"", ""ovt_sel_req"": ""0"", ""ovt_buy_req"": ""0"", ""ovt_buy_req_pre"": ""0"", ""return_code"": 0, ""return_msg"": ""정상적으로 처리되었습니다""}"
2026-06-10,scan_candidate,192080,,0,main_scan,71100,,71100,71000,71100,70900,-0.42194092827004215,0.14064697609001406,,,,,,"{""bid_req_base_tm"": ""104253"", ""sel_10th_pre_req_pre"": ""0"", ""sel_10th_pre_req"": ""6"", ""sel_10th_pre_bid"": ""+72100"", ""sel_9th_pre_req_pre"": ""0"", ""sel_9th_pre_req"": ""5"", ""sel_9th_pre_bid"": ""72000"", ""sel_8th_pre_req_pre"": ""0"", ""sel_8th_pre_req"": ""16"", ""sel_8th_pre_bid"": ""-71900"", ""sel_7th_pre_req_pre"": ""0"", ""sel_7th_pre_req"": ""5"", ""sel_7th_pre_bid"": ""-71800"", ""sel_6th_pre_req_pre"": ""0"", ""sel_6th_pre_req"": ""960"", ""sel_6th_pre_bid"": ""-71700"", ""sel_5th_pre_req_pre"": ""0"", ""sel_5th_pre_req"": ""35"", ""sel_5th_pre_bid"": ""-71600"", ""sel_4th_pre_req_pre"": ""0"", ""sel_4th_pre_req"": ""33"", ""sel_4th_pre_bid"": ""-71400"", ""sel_3th_pre_req_pre"": ""0"", ""sel_3th_pre_req"": ""8"", ""sel_3th_pre_bid"": ""-71300"", ""sel_2th_pre_req_pre"": ""0"", ""sel_2th_pre_req"": ""66"", ""sel_2th_pre_bid"": ""-71200"", ""sel_1th_pre_req_pre"": ""+20"", ""sel_fpr_req"": ""100"", ""sel_fpr_bid"": ""-71100"", ""buy_fpr_bid"": ""-71000"", ""buy_fpr_req"": ""124"", ""buy_1th_pre_req_pre"": ""0"", ""buy_2th_pre_bid"": ""-70900"", ""buy_2th_pre_req"": ""56"", ""buy_2th_pre_req_pre"": ""0"", ""buy_3th_pre_bid"": ""-70800"", ""buy_3th_pre_req"": ""105"", ""buy_3th_pre_req_pre"": ""0"", ""buy_4th_pre_bid"": ""-70700"", ""buy_4th_pre_req"": ""109"", ""buy_4th_pre_req_pre"": ""0"", ""buy_5th_pre_bid"": ""-70600"", ""buy_5th_pre_req"": ""100"", ""buy_5th_pre_req_pre"": ""0"", ""buy_6th_pre_bid"": ""-70500"", ""buy_6th_pre_req"": ""181"", ""buy_6th_pre_req_pre"": ""0"", ""buy_7th_pre_bid"": ""-70400"", ""buy_7th_pre_req"": ""182"", ""buy_7th_pre_req_pre"": ""0"", ""buy_8th_pre_bid"": ""-70300"", ""buy_8th_pre_req"": ""93"", ""buy_8th_pre_req_pre"": ""0"", ""buy_9th_pre_bid"": ""-70200"", ""buy_9th_pre_req"": ""21"", ""buy_9th_pre_req_pre"": ""0"", ""buy_10th_pre_bid"": ""-70100"", ""buy_10th_pre_req"": ""23"", ""buy_10th_pre_req_pre"": ""0"", ""tot_sel_req_jub_pre"": ""+20"", ""tot_sel_req"": ""1234"", ""tot_buy_req"": ""994"", ""tot_buy_req_jub_pre"": ""0"", ""ovt_sel_req_pre"": ""0"", ""ovt_sel_req"": ""0"", ""ovt_buy_req"": ""0"", ""ovt_buy_req_pre"": ""0"", ""return_code"": 0, ""return_msg"": ""정상적으로 처리되었습니다""}"
2026-06-10,scan_candidate,093370,,0,main_scan,16110,,16110,16100,16110,16100,-0.37243947858473,0.06207324643078833,,,,,,"{""bid_req_base_tm"": ""104259"", ""sel_10th_pre_req_pre"": ""0"", ""sel_10th_pre_req"": ""1635"", ""sel_10th_pre_bid"": ""+16200"", ""sel_9th_pre_req_pre"": ""0"", ""sel_9th_pre_req"": ""375"", ""sel_9th_pre_bid"": ""+16190"", ""sel_8th_pre_req_pre"": ""0"", ""sel_8th_pre_req"": ""2492"", ""sel_8th_pre_bid"": ""+16180"", ""sel_7th_pre_req_pre"": ""0"", ""sel_7th_pre_req"": ""950"", ""sel_7th_pre_bid"": ""+16170"", ""sel_6th_pre_req_pre"": ""0"", ""sel_6th_pre_req"": ""1170"", ""sel_6th_pre_bid"": ""+16160"", ""sel_5th_pre_req_pre"": ""+20"", ""sel_5th_pre_req"": ""225"", ""sel_5th_pre_bid"": ""+16150"", ""sel_4th_pre_req_pre"": ""0"", ""sel_4th_pre_req"": ""835"", ""sel_4th_pre_bid"": ""+16140"", ""sel_3th_pre_req_pre"": ""0"", ""sel_3th_pre_req"": ""1307"", ""sel_3th_pre_bid"": ""+16130"", ""sel_2th_pre_req_pre"": ""--27"", ""sel_2th_pre_req"": ""791"", ""sel_2th_pre_bid"": ""+16120"", ""sel_1th_pre_req_pre"": ""0"", ""sel_fpr_req"": ""3621"", ""sel_fpr_bid"": ""+16110"", ""buy_fpr_bid"": ""+16100"", ""buy_fpr_req"": ""4288"", ""buy_1th_pre_req_pre"": ""--66"", ""buy_2th_pre_bid"": ""+16090"", ""buy_2th_pre_req"": ""1317"", ""buy_2th_pre_req_pre"": ""0"", ""buy_3th_pre_bid"": ""+16080"", ""buy_3th_pre_req"": ""2639"", ""buy_3th_pre_req_pre"": ""0"", ""buy_4th_pre_bid"": ""+16070"", ""buy_4th_pre_req"": ""4043"", ""buy_4th_pre_req_pre"": ""0"", ""buy_5th_pre_bid"": ""+16060"", ""buy_5th_pre_req"": ""4048"", ""buy_5th_pre_req_pre"": ""0"", ""buy_6th_pre_bid"": ""+16050"", ""buy_6th_pre_req"": ""11756"", ""buy_6th_pre_req_pre"": ""0"", ""buy_7th_pre_bid"": ""+16040"", ""buy_7th_pre_req"": ""1570"", ""buy_7th_pre_req_pre"": ""0"", ""buy_8th_pre_bid"": ""+16030"", ""buy_8th_pre_req"": ""1727"", ""buy_8th_pre_req_pre"": ""0"", ""buy_9th_pre_bid"": ""+16020"", ""buy_9th_pre_req"": ""2118"", ""buy_9th_pre_req_pre"": ""0"", ""buy_10th_pre_bid"": ""+16010"", ""buy_10th_pre_req"": ""6290"", ""buy_10th_pre_req_pre"": ""0"", ""tot_sel_req_jub_pre"": ""--7"", ""tot_sel_req"": ""13401"", ""tot_buy_req"": ""39796"", ""tot_buy_req_jub_pre"": ""--66"", ""ovt_sel_req_pre"": ""0"", ""ovt_sel_req"": ""0"", ""ovt_buy_req"": ""0"", ""ovt_buy_req_pre"": ""0"", ""return_code"": 0, ""return_msg"": ""정상적으로 처리되었습니다""}"
2026-06-10,scan_candidate,066575,,0,main_scan,79100,,79100,79000,79100,79000,-0.2528445006321113,0.12642225031605564,,,,,,"{""bid_req_base_tm"": ""104259"", ""sel_10th_pre_req_pre"": ""0"", ""sel_10th_pre_req"": ""1185"", ""sel_10th_pre_bid"": ""-80000"", ""sel_9th_pre_req_pre"": ""0"", ""sel_9th_pre_req"": ""259"", ""sel_9th_pre_bid"": ""-79900"", ""sel_8th_pre_req_pre"": ""0"", ""sel_8th_pre_req"": ""135"", ""sel_8th_pre_bid"": ""-79800"", ""sel_7th_pre_req_pre"": ""0"", ""sel_7th_pre_req"": ""158"", ""sel_7th_pre_bid"": ""-79700"", ""sel_6th_pre_req_pre"": ""0"", ""sel_6th_pre_req"": ""176"", ""sel_6th_pre_bid"": ""-79600"", ""sel_5th_pre_req_pre"": ""0"", ""sel_5th_pre_req"": ""114"", ""sel_5th_pre_bid"": ""-79500"", ""sel_4th_pre_req_pre"": ""0"", ""sel_4th_pre_req"": ""117"", ""sel_4th_pre_bid"": ""-79400"", ""sel_3th_pre_req_pre"": ""0"", ""sel_3th_pre_req"": ""106"", ""sel_3th_pre_bid"": ""-79300"", ""sel_2th_pre_req_pre"": ""0"", ""sel_2th_pre_req"": ""286"", ""sel_2th_pre_bid"": ""-79200"", ""sel_1th_pre_req_pre"": ""0"", ""sel_fpr_req"": ""155"", ""sel_fpr_bid"": ""-79100"", ""buy_fpr_bid"": ""-79000"", ""buy_fpr_req"": ""122"", ""buy_1th_pre_req_pre"": ""0"", ""buy_2th_pre_bid"": ""-78900"", ""buy_2th_pre_req"": ""93"", ""buy_2th_pre_req_pre"": ""0"", ""buy_3th_pre_bid"": ""-78800"", ""buy_3th_pre_req"": ""289"", ""buy_3th_pre_req_pre"": ""0"", ""buy_4th_pre_bid"": ""-78700"", ""buy_4th_pre_req"": ""210"", ""buy_4th_pre_req_pre"": ""0"", ""buy_5th_pre_bid"": ""-78600"", ""buy_5th_pre_req"": ""253"", ""buy_5th_pre_req_pre"": ""0"", ""buy_6th_pre_bid"": ""-78500"", ""buy_6th_pre_req"": ""317"", ""buy_6th_pre_req_pre"": ""0"", ""buy_7th_pre_bid"": ""-78400"", ""buy_7th_pre_req"": ""93"", ""buy_7th_pre_req_pre"": ""0"", ""buy_8th_pre_bid"": ""-78300"", ""buy_8th_pre_req"": ""113"", ""buy_8th_pre_req_pre"": ""0"", ""buy_9th_pre_bid"": ""-78200"", ""buy_9th_pre_req"": ""179"", ""buy_9th_pre_req_pre"": ""0"", ""buy_10th_pre_bid"": ""-78100"", ""buy_10th_pre_req"": ""128"", ""buy_10th_pre_req_pre"": ""0"", ""tot_sel_req_jub_pre"": ""0"", ""tot_sel_req"": ""2691"", ""tot_buy_req"": ""1797"", ""tot_buy_req_jub_pre"": ""0"", ""ovt_sel_req_pre"": ""0"", ""ovt_sel_req"": ""0"", ""ovt_buy_req"": ""0"", ""ovt_buy_req_pre"": ""0"", ""return_code"": 0, ""return_msg"": ""정상적으로 처리되었습니다""}"
2026-06-10,scan_candidate,181710,,0,main_scan,41450,,41450,41400,41450,41300,-0.48250904704463204,0.12062726176115801,,,,,,"{""bid_req_base_tm"": ""104259"", ""sel_10th_pre_req_pre"": ""0"", ""sel_10th_pre_req"": ""4"", ""sel_10th_pre_bid"": ""-41900"", ""sel_9th_pre_req_pre"": ""0"", ""sel_9th_pre_req"": ""2"", ""sel_9th_pre_bid"": ""-41850"", ""sel_8th_pre_req_pre"": ""0"", ""sel_8th_pre_req"": ""1"", ""sel_8th_pre_bid"": ""-41800"", ""sel_7th_pre_req_pre"": ""0"", ""sel_7th_pre_req"": ""2"", ""sel_7th_pre_bid"": ""-41750"", ""sel_6th_pre_req_pre"": ""0"", ""sel_6th_pre_req"": ""23"", ""sel_6th_pre_bid"": ""-41700"", ""sel_5th_pre_req_pre"": ""0"", ""sel_5th_pre_req"": ""829"", ""sel_5th_pre_bid"": ""-41650"", ""sel_4th_pre_req_pre"": ""0"", ""sel_4th_pre_req"": ""26"", ""sel_4th_pre_bid"": ""-41600"", ""sel_3th_pre_req_pre"": ""0"", ""sel_3th_pre_req"": ""11"", ""sel_3th_pre_bid"": ""-41550"", ""sel_2th_pre_req_pre"": ""0"", ""sel_2th_pre_req"": ""387"", ""sel_2th_pre_bid"": ""-41500"", ""sel_1th_pre_req_pre"": ""0"", ""sel_fpr_req"": ""56"", ""sel_fpr_bid"": ""-41450"", ""buy_fpr_bid"": ""-41400"", ""buy_fpr_req"": ""77"", ""buy_1th_pre_req_pre"": ""0"", ""buy_2th_pre_bid"": ""-41350"", ""buy_2th_pre_req"": ""52"", ""buy_2th_pre_req_pre"": ""0"", ""buy_3th_pre_bid"": ""-41300"", ""buy_3th_pre_req"": ""100"", ""buy_3th_pre_req_pre"": ""0"", ""buy_4th_pre_bid"": ""-41250"", ""buy_4th_pre_req"": ""122"", ""buy_4th_pre_req_pre"": ""--1"", ""buy_5th_pre_bid"": ""-41200"", ""buy_5th_pre_req"": ""26"", ""buy_5th_pre_req_pre"": ""0"", ""buy_6th_pre_bid"": ""-41150"", ""buy_6th_pre_req"": ""9"", ""buy_6th_pre_req_pre"": ""0"", ""buy_7th_pre_bid"": ""-41100"", ""buy_7th_pre_req"": ""24"", ""buy_7th_pre_req_pre"": ""0"", ""buy_8th_pre_bid"": ""-41050"", ""buy_8th_pre_req"": ""1"", ""buy_8th_pre_req_pre"": ""0"", ""buy_9th_pre_bid"": ""-41000"", ""buy_9th_pre_req"": ""247"", ""buy_9th_pre_req_pre"": ""+1"", ""buy_10th_pre_bid"": ""-40950"", ""buy_10th_pre_req"": ""1"", ""buy_10th_pre_req_pre"": ""0"", ""tot_sel_req_jub_pre"": ""0"", ""tot_sel_req"": ""1341"", ""tot_buy_req"": ""659"", ""tot_buy_req_jub_pre"": ""0"", ""ovt_sel_req_pre"": ""0"", ""ovt_sel_req"": ""0"", ""ovt_buy_req"": ""0"", ""ovt_buy_req_pre"": ""0"", ""return_code"": 0, ""return_msg"": ""정상적으로 처리되었습니다""}"
2026-06-10,scan_candidate,034230,,0,main_scan,15290,,15290,15260,15290,15200,-0.9156311314584695,0.1962066710268149,,,,,,"{""bid_req_base_tm"": ""104259"", ""sel_10th_pre_req_pre"": ""0"", ""sel_10th_pre_req"": ""1136"", ""sel_10th_pre_bid"": ""+15400"", ""sel_9th_pre_req_pre"": ""0"", ""sel_9th_pre_req"": ""783"", ""sel_9th_pre_bid"": ""+15390"", ""sel_8th_pre_req_pre"": ""0"", ""sel_8th_pre_req"": ""524"", ""sel_8th_pre_bid"": ""+15380"", ""sel_7th_pre_req_pre"": ""0"", ""sel_7th_pre_req"": ""342"", ""sel_7th_pre_bid"": ""+15360"", ""sel_6th_pre_req_pre"": ""0"", ""sel_6th_pre_req"": ""68"", ""sel_6th_pre_bid"": ""+15350"", ""sel_5th_pre_req_pre"": ""0"", ""sel_5th_pre_req"": ""92"", ""sel_5th_pre_bid"": ""+15340"", ""sel_4th_pre_req_pre"": ""0"", ""sel_4th_pre_req"": ""21"", ""sel_4th_pre_bid"": ""+15330"", ""sel_3th_pre_req_pre"": ""0"", ""sel_3th_pre_req"": ""6"", ""sel_3th_pre_bid"": ""+15310"", ""sel_2th_pre_req_pre"": ""0"", ""sel_2th_pre_req"": ""1143"", ""sel_2th_pre_bid"": ""+15300"", ""sel_1th_pre_req_pre"": ""0"", ""sel_fpr_req"": ""102"", ""sel_fpr_bid"": ""+15290"", ""buy_fpr_bid"": ""+15260"", ""buy_fpr_req"": ""96"", ""buy_1th_pre_req_pre"": ""+1"", ""buy_2th_pre_bid"": ""+15250"", ""buy_2th_pre_req"": ""24"", ""buy_2th_pre_req_pre"": ""0"", ""buy_3th_pre_bid"": ""+15240"", ""buy_3th_pre_req"": ""11"", ""buy_3th_pre_req_pre"": ""0"", ""buy_4th_pre_bid"": ""+15230"", ""buy_4th_pre_req"": ""10"", ""buy_4th_pre_req_pre"": ""0"", ""buy_5th_pre_bid"": ""+15220"", ""buy_5th_pre_req"": ""10"", ""buy_5th_pre_req_pre"": ""0"", ""buy_6th_pre_bid"": ""+15210"", ""buy_6th_pre_req"": ""10"", ""buy_6th_pre_req_pre"": ""0"", ""buy_7th_pre_bid"": ""+15200"", ""buy_7th_pre_req"": ""13"", ""buy_7th_pre_req_pre"": ""0"", ""buy_8th_pre_bid"": ""+15190"", ""buy_8th_pre_req"": ""54"", ""buy_8th_pre_req_pre"": ""0"", ""buy_9th_pre_bid"": ""+15180"", ""buy_9th_pre_req"": ""58"", ""buy_9th_pre_req_pre"": ""0"", ""buy_10th_pre_bid"": ""+15160"", ""buy_10th_pre_req"": ""115"", ""buy_10th_pre_req_pre"": ""0"", ""tot_sel_req_jub_pre"": ""0"", ""tot_sel_req"": ""4217"", ""tot_buy_req"": ""401"", ""tot_buy_req_jub_pre"": ""+1"", ""ovt_sel_req_pre"": ""0"", ""ovt_sel_req"": ""0"", ""ovt_buy_req"": ""0"", ""ovt_buy_req_pre"": ""0"", ""return_code"": 0, ""return_msg"": ""정상적으로 처리되었습니다""}"
2026-06-10,scan_candidate,281820,,0,main_scan,68400,,68400,68200,68400,68200,-0.43859649122807015,0.29239766081871343,,,,,,"{""bid_req_base_tm"": ""104259"", ""sel_10th_pre_req_pre"": ""0"", ""sel_10th_pre_req"": ""91"", ""sel_10th_pre_bid"": ""+69300"", ""sel_9th_pre_req_pre"": ""0"", ""sel_9th_pre_req"": ""102"", ""sel_9th_pre_bid"": ""+69200"", ""sel_8th_pre_req_pre"": ""0"", ""sel_8th_pre_req"": ""138"", ""sel_8th_pre_bid"": ""+69100"", ""sel_7th_pre_req_pre"": ""0"", ""sel_7th_pre_req"": ""256"", ""sel_7th_pre_bid"": ""+69000"", ""sel_6th_pre_req_pre"": ""0"", ""sel_6th_pre_req"": ""116"", ""sel_6th_pre_bid"": ""+68900"", ""sel_5th_pre_req_pre"": ""0"", ""sel_5th_pre_req"": ""108"", ""sel_5th_pre_bid"": ""+68800"", ""sel_4th_pre_req_pre"": ""0"", ""sel_4th_pre_req"": ""74"", ""sel_4th_pre_bid"": ""+68700"", ""sel_3th_pre_req_pre"": ""0"", ""sel_3th_pre_req"": ""425"", ""sel_3th_pre_bid"": ""+68600"", ""sel_2th_pre_req_pre"": ""0"", ""sel_2th_pre_req"": ""19"", ""sel_2th_pre_bid"": ""+68500"", ""sel_1th_pre_req_pre"": ""0"", ""sel_fpr_req"": ""170"", ""sel_fpr_bid"": ""+68400"", ""buy_fpr_bid"": ""+68200"", ""buy_fpr_req"": ""129"", ""buy_1th_pre_req_pre"": ""+24"", ""buy_2th_pre_bid"": ""+68100"", ""buy_2th_pre_req"": ""52"", ""buy_2th_pre_req_pre"": ""0"", ""buy_3th_pre_bid"": ""+68000"", ""buy_3th_pre_req"": ""64"", ""buy_3th_pre_req_pre"": ""0"", ""buy_4th_pre_bid"": ""+67800"", ""buy_4th_pre_req"": ""82"", ""buy_4th_pre_req_pre"": ""0"", ""buy_5th_pre_bid"": ""+67700"", ""buy_5th_pre_req"": ""40"", ""buy_5th_pre_req_pre"": ""0"", ""buy_6th_pre_bid"": ""+67600"", ""buy_6th_pre_req"": ""18"", ""buy_6th_pre_req_pre"": ""0"", ""buy_7th_pre_bid"": ""+67500"", ""buy_7th_pre_req"": ""102"", ""buy_7th_pre_req_pre"": ""0"", ""buy_8th_pre_bid"": ""+67400"", ""buy_8th_pre_req"": ""502"", ""buy_8th_pre_req_pre"": ""0"", ""buy_9th_pre_bid"": ""+67300"", ""buy_9th_pre_req"": ""497"", ""buy_9th_pre_req_pre"": ""0"", ""buy_10th_pre_bid"": ""+67200"", ""buy_10th_pre_req"": ""12"", ""buy_10th_pre_req_pre"": ""0"", ""tot_sel_req_jub_pre"": ""0"", ""tot_sel_req"": ""1499"", ""tot_buy_req"": ""1498"", ""tot_buy_req_jub_pre"": ""+24"", ""ovt_sel_req_pre"": ""0"", ""ovt_sel_req"": ""0"", ""ovt_buy_req"": ""0"", ""ovt_buy_req_pre"": ""0"", ""return_code"": 0, ""return_msg"": ""정상적으로 처리되었습니다""}"
2026-06-10,scan_candidate,195870,,0,main_scan,77500,,77500,77300,77500,77500,-0.12903225806451613,0.25806451612903225,,,,,,"{""bid_req_base_tm"": ""104300"", ""sel_10th_pre_req_pre"": ""0"", ""sel_10th_pre_req"": ""336"", ""sel_10th_pre_bid"": ""+78700"", ""sel_9th_pre_req_pre"": ""0"", ""sel_9th_pre_req"": ""364"", ""sel_9th_pre_bid"": ""+78600"", ""sel_8th_pre_req_pre"": ""0"", ""sel_8th_pre_req"": ""327"", ""sel_8th_pre_bid"": ""+78500"", ""sel_7th_pre_req_pre"": ""0"", ""sel_7th_pre_req"": ""111"", ""sel_7th_pre_bid"": ""+78300"", ""sel_6th_pre_req_pre"": ""0"", ""sel_6th_pre_req"": ""66"", ""sel_6th_pre_bid"": ""+78200"", ""sel_5th_pre_req_pre"": ""0"", ""sel_5th_pre_req"": ""16"", ""sel_5th_pre_bid"": ""+78100"", ""sel_4th_pre_req_pre"": ""0"", ""sel_4th_pre_req"": ""10"", ""sel_4th_pre_bid"": ""+78000"", ""sel_3th_pre_req_pre"": ""0"", ""sel_3th_pre_req"": ""48"", ""sel_3th_pre_bid"": ""+77700"", ""sel_2th_pre_req_pre"": ""0"", ""sel_2th_pre_req"": ""66"", ""sel_2th_pre_bid"": ""+77600"", ""sel_1th_pre_req_pre"": ""0"", ""sel_fpr_req"": ""96"", ""sel_fpr_bid"": ""+77500"", ""buy_fpr_bid"": ""+77300"", ""buy_fpr_req"": ""65"", ""buy_1th_pre_req_pre"": ""+1"", ""buy_2th_pre_bid"": ""+77200"", ""buy_2th_pre_req"": ""97"", ""buy_2th_pre_req_pre"": ""0"", ""buy_3th_pre_bid"": ""+77100"", ""buy_3th_pre_req"": ""130"", ""buy_3th_pre_req_pre"": ""0"", ""buy_4th_pre_bid"": ""+77000"", ""buy_4th_pre_req"": ""180"", ""buy_4th_pre_req_pre"": ""0"", ""buy_5th_pre_bid"": ""+76900"", ""buy_5th_pre_req"": ""14"", ""buy_5th_pre_req_pre"": ""0"", ""buy_6th_pre_bid"": ""+76800"", ""buy_6th_pre_req"": ""313"", ""buy_6th_pre_req_pre"": ""0"", ""buy_7th_pre_bid"": ""+76700"", ""buy_7th_pre_req"": ""51"", ""buy_7th_pre_req_pre"": ""0"", ""buy_8th_pre_bid"": ""+76600"", ""buy_8th_pre_req"": ""116"", ""buy_8th_pre_req_pre"": ""0"", ""buy_9th_pre_bid"": ""+76500"", ""buy_9th_pre_req"": ""257"", ""buy_9th_pre_req_pre"": ""0"", ""buy_10th_pre_bid"": ""+76400"", ""buy_10th_pre_req"": ""251"", ""buy_10th_pre_req_pre"": ""0"", ""tot_sel_req_jub_pre"": ""0"", ""tot_sel_req"": ""1440"", ""tot_buy_req"": ""1474"", ""tot_buy_req_jub_pre"": ""+1"", ""ovt_sel_req_pre"": ""0"", ""ovt_sel_req"": ""0"", ""ovt_buy_req"": ""0"", ""ovt_buy_req_pre"": ""0"", ""return_code"": 0, ""return_msg"": ""정상적으로 처리되었습니다""}"
2026-06-10,scan_candidate,001820,,0,main_scan,117800,,117800,117600,117800,117500,-0.6791171477079796,0.1697792869269949,,,,,,"{""bid_req_base_tm"": ""104300"", ""sel_10th_pre_req_pre"": ""0"", ""sel_10th_pre_req"": ""258"", ""sel_10th_pre_bid"": ""+118700"", ""sel_9th_pre_req_pre"": ""0"", ""sel_9th_pre_req"": ""156"", ""sel_9th_pre_bid"": ""+118600"", ""sel_8th_pre_req_pre"": ""0"", ""sel_8th_pre_req"": ""280"", ""sel_8th_pre_bid"": ""118500"", ""sel_7th_pre_req_pre"": ""0"", ""sel_7th_pre_req"": ""147"", ""sel_7th_pre_bid"": ""-118400"", ""sel_6th_pre_req_pre"": ""0"", ""sel_6th_pre_req"": ""206"", ""sel_6th_pre_bid"": ""-118300"", ""sel_5th_pre_req_pre"": ""0"", ""sel_5th_pre_req"": ""90"", ""sel_5th_pre_bid"": ""-118200"", ""sel_4th_pre_req_pre"": ""0"", ""sel_4th_pre_req"": ""135"", ""sel_4th_pre_bid"": ""-118100"", ""sel_3th_pre_req_pre"": ""0"", ""sel_3th_pre_req"": ""88"", ""sel_3th_pre_bid"": ""-118000"", ""sel_2th_pre_req_pre"": ""0"", ""sel_2th_pre_req"": ""40"", ""sel_2th_pre_bid"": ""-117900"", ""sel_1th_pre_req_pre"": ""0"", ""sel_fpr_req"": ""174"", ""sel_fpr_bid"": ""-117800"", ""buy_fpr_bid"": ""-117600"", ""buy_fpr_req"": ""7"", ""buy_1th_pre_req_pre"": ""--22"", ""buy_2th_pre_bid"": ""-117500"", ""buy_2th_pre_req"": ""213"", ""buy_2th_pre_req_pre"": ""0"", ""buy_3th_pre_bid"": ""-117400"", ""buy_3th_pre_req"": ""90"", ""buy_3th_pre_req_pre"": ""0"", ""buy_4th_pre_bid"": ""-117300"", ""buy_4th_pre_req"": ""25"", ""buy_4th_pre_req_pre"": ""0"", ""buy_5th_pre_bid"": ""-117200"", ""buy_5th_pre_req"": ""93"", ""buy_5th_pre_req_pre"": ""0"", ""buy_6th_pre_bid"": ""-117100"", ""buy_6th_pre_req"": ""326"", ""buy_6th_pre_req_pre"": ""0"", ""buy_7th_pre_bid"": ""-117000"", ""buy_7th_pre_req"": ""345"", ""buy_7th_pre_req_pre"": ""0"", ""buy_8th_pre_bid"": ""-116900"", ""buy_8th_pre_req"": ""145"", ""buy_8th_pre_req_pre"": ""0"", ""buy_9th_pre_bid"": ""-116800"", ""buy_9th_pre_req"": ""38"", ""buy_9th_pre_req_pre"": ""0"", ""buy_10th_pre_bid"": ""-116700"", ""buy_10th_pre_req"": ""21"", ""buy_10th_pre_req_pre"": ""0"", ""tot_sel_req_jub_pre"": ""0"", ""tot_sel_req"": ""1574"", ""tot_buy_req"": ""1303"", ""tot_buy_req_jub_pre"": ""--46"", ""ovt_sel_req_pre"": ""0"", ""ovt_sel_req"": ""0"", ""ovt_buy_req"": ""0"", ""ovt_buy_req_pre"": ""0"", ""return_code"": 0, ""return_msg"": ""정상적으로 처리되었습니다""}"
2026-06-10,scan_candidate,000815,,0,main_scan,400000,,400000,398000,400000,399000,-0.375,0.5,,,,,,"{""bid_req_base_tm"": ""104300"", ""sel_10th_pre_req_pre"": ""0"", ""sel_10th_pre_req"": ""112"", ""sel_10th_pre_bid"": ""-405000"", ""sel_9th_pre_req_pre"": ""0"", ""sel_9th_pre_req"": ""167"", ""sel_9th_pre_bid"": ""-404500"", ""sel_8th_pre_req_pre"": ""0"", ""sel_8th_pre_req"": ""134"", ""sel_8th_pre_bid"": ""-404000"", ""sel_7th_pre_req_pre"": ""0"", ""sel_7th_pre_req"": ""21"", ""sel_7th_pre_bid"": ""-403500"", ""sel_6th_pre_req_pre"": ""0"", ""sel_6th_pre_req"": ""44"", ""sel_6th_pre_bid"": ""-403000"", ""sel_5th_pre_req_pre"": ""0"", ""sel_5th_pre_req"": ""2"", ""sel_5th_pre_bid"": ""-402500"", ""sel_4th_pre_req_pre"": ""0"", ""sel_4th_pre_req"": ""46"", ""sel_4th_pre_bid"": ""-401500"", ""sel_3th_pre_req_pre"": ""0"", ""sel_3th_pre_req"": ""133"", ""sel_3th_pre_bid"": ""-401000"", ""sel_2th_pre_req_pre"": ""0"", ""sel_2th_pre_req"": ""15"", ""sel_2th_pre_bid"": ""-400500"", ""sel_1th_pre_req_pre"": ""+3"", ""sel_fpr_req"": ""13"", ""sel_fpr_bid"": ""-400000"", ""buy_fpr_bid"": ""-398000"", ""buy_fpr_req"": ""27"", ""buy_1th_pre_req_pre"": ""0"", ""buy_2th_pre_bid"": ""-397500"", ""buy_2th_pre_req"": ""150"", ""buy_2th_pre_req_pre"": ""0"", ""buy_3th_pre_bid"": ""-397000"", ""buy_3th_pre_req"": ""63"", ""buy_3th_pre_req_pre"": ""0"", ""buy_4th_pre_bid"": ""-396500"", ""buy_4th_pre_req"": ""14"", ""buy_4th_pre_req_pre"": ""0"", ""buy_5th_pre_bid"": ""-396000"", ""buy_5th_pre_req"": ""23"", ""buy_5th_pre_req_pre"": ""0"", ""buy_6th_pre_bid"": ""-395500"", ""buy_6th_pre_req"": ""9"", ""buy_6th_pre_req_pre"": ""0"", ""buy_7th_pre_bid"": ""-395000"", ""buy_7th_pre_req"": ""61"", ""buy_7th_pre_req_pre"": ""0"", ""buy_8th_pre_bid"": ""-394500"", ""buy_8th_pre_req"": ""12"", ""buy_8th_pre_req_pre"": ""0"", ""buy_9th_pre_bid"": ""-394000"", ""buy_9th_pre_req"": ""6"", ""buy_9th_pre_req_pre"": ""0"", ""buy_10th_pre_bid"": ""-393500"", ""buy_10th_pre_req"": ""331"", ""buy_10th_pre_req_pre"": ""0"", ""tot_sel_req_jub_pre"": ""+3"", ""tot_sel_req"": ""687"", ""tot_buy_req"": ""696"", ""tot_buy_req_jub_pre"": ""0"", ""ovt_sel_req_pre"": ""0"", ""ovt_sel_req"": ""0"", ""ovt_buy_req"": ""0"", ""ovt_buy_req_pre"": ""0"", ""return_code"": 0, ""return_msg"": ""정상적으로 처리되었습니다""}"
2026-06-10,scan_candidate,499790,,0,main_scan,50900,,50900,50500,50900,50400,-1.1787819253438114,0.7858546168958742,,,,,,"{""bid_req_base_tm"": ""104256"", ""sel_10th_pre_req_pre"": ""0"", ""sel_10th_pre_req"": ""31"", ""sel_10th_pre_bid"": ""+51800"", ""sel_9th_pre_req_pre"": ""0"", ""sel_9th_pre_req"": ""388"", ""sel_9th_pre_bid"": ""+51700"", ""sel_8th_pre_req_pre"": ""0"", ""sel_8th_pre_req"": ""157"", ""sel_8th_pre_bid"": ""+51600"", ""sel_7th_pre_req_pre"": ""0"", ""sel_7th_pre_req"": ""515"", ""sel_7th_pre_bid"": ""+51500"", ""sel_6th_pre_req_pre"": ""0"", ""sel_6th_pre_req"": ""537"", ""sel_6th_pre_bid"": ""+51400"", ""sel_5th_pre_req_pre"": ""0"", ""sel_5th_pre_req"": ""368"", ""sel_5th_pre_bid"": ""+51300"", ""sel_4th_pre_req_pre"": ""0"", ""sel_4th_pre_req"": ""1209"", ""sel_4th_pre_bid"": ""+51200"", ""sel_3th_pre_req_pre"": ""0"", ""sel_3th_pre_req"": ""1023"", ""sel_3th_pre_bid"": ""+51100"", ""sel_2th_pre_req_pre"": ""0"", ""sel_2th_pre_req"": ""346"", ""sel_2th_pre_bid"": ""+51000"", ""sel_1th_pre_req_pre"": ""0"", ""sel_fpr_req"": ""164"", ""sel_fpr_bid"": ""+50900"", ""buy_fpr_bid"": ""+50500"", ""buy_fpr_req"": ""11"", ""buy_1th_pre_req_pre"": ""0"", ""buy_2th_pre_bid"": ""+50400"", ""buy_2th_pre_req"": ""13"", ""buy_2th_pre_req_pre"": ""0"", ""buy_3th_pre_bid"": ""+50300"", ""buy_3th_pre_req"": ""47"", ""buy_3th_pre_req_pre"": ""0"", ""buy_4th_pre_bid"": ""+50200"", ""buy_4th_pre_req"": ""2"", ""buy_4th_pre_req_pre"": ""0"", ""buy_5th_pre_bid"": ""+50100"", ""buy_5th_pre_req"": ""36"", ""buy_5th_pre_req_pre"": ""0"", ""buy_6th_pre_bid"": ""+50000"", ""buy_6th_pre_req"": ""29"", ""buy_6th_pre_req_pre"": ""--2"", ""buy_7th_pre_bid"": ""+49950"", ""buy_7th_pre_req"": ""26"", ""buy_7th_pre_req_pre"": ""0"", ""buy_8th_pre_bid"": ""+49900"", ""buy_8th_pre_req"": ""122"", ""buy_8th_pre_req_pre"": ""0"", ""buy_9th_pre_bid"": ""+49850"", ""buy_9th_pre_req"": ""7"", ""buy_9th_pre_req_pre"": ""0"", ""buy_10th_pre_bid"": ""+49800"", ""buy_10th_pre_req"": ""4"", ""buy_10th_pre_req_pre"": ""0"", ""tot_sel_req_jub_pre"": ""0"", ""tot_sel_req"": ""4738"", ""tot_buy_req"": ""297"", ""tot_buy_req_jub_pre"": ""--2"", ""ovt_sel_req_pre"": ""0"", ""ovt_sel_req"": ""0"", ""ovt_buy_req"": ""0"", ""ovt_buy_req_pre"": ""0"", ""return_code"": 0, ""return_msg"": ""정상적으로 처리되었습니다""}"
2026-06-10,scan_candidate,100090,,0,main_scan,16610,,16610,16600,16610,16600,-0.3612281757977122,0.060204695966285374,,,,,,"{""bid_req_base_tm"": ""104301"", ""sel_10th_pre_req_pre"": ""0"", ""sel_10th_pre_req"": ""132"", ""sel_10th_pre_bid"": ""+16700"", ""sel_9th_pre_req_pre"": ""0"", ""sel_9th_pre_req"": ""191"", ""sel_9th_pre_bid"": ""+16690"", ""sel_8th_pre_req_pre"": ""0"", ""sel_8th_pre_req"": ""181"", ""sel_8th_pre_bid"": ""+16680"", ""sel_7th_pre_req_pre"": ""0"", ""sel_7th_pre_req"": ""54"", ""sel_7th_pre_bid"": ""+16670"", ""sel_6th_pre_req_pre"": ""0"", ""sel_6th_pre_req"": ""61"", ""sel_6th_pre_bid"": ""+16660"", ""sel_5th_pre_req_pre"": ""0"", ""sel_5th_pre_req"": ""23"", ""sel_5th_pre_bid"": ""+16650"", ""sel_4th_pre_req_pre"": ""0"", ""sel_4th_pre_req"": ""47"", ""sel_4th_pre_bid"": ""+16640"", ""sel_3th_pre_req_pre"": ""--36"", ""sel_3th_pre_req"": ""489"", ""sel_3th_pre_bid"": ""+16630"", ""sel_2th_pre_req_pre"": ""0"", ""sel_2th_pre_req"": ""73"", ""sel_2th_pre_bid"": ""+16620"", ""sel_1th_pre_req_pre"": ""0"", ""sel_fpr_req"": ""95"", ""sel_fpr_bid"": ""+16610"", ""buy_fpr_bid"": ""+16600"", ""buy_fpr_req"": ""22"", ""buy_1th_pre_req_pre"": ""--1596"", ""buy_2th_pre_bid"": ""+16590"", ""buy_2th_pre_req"": ""175"", ""buy_2th_pre_req_pre"": ""0"", ""buy_3th_pre_bid"": ""+16580"", ""buy_3th_pre_req"": ""926"", ""buy_3th_pre_req_pre"": ""0"", ""buy_4th_pre_bid"": ""+16570"", ""buy_4th_pre_req"": ""315"", ""buy_4th_pre_req_pre"": ""0"", ""buy_5th_pre_bid"": ""+16560"", ""buy_5th_pre_req"": ""32"", ""buy_5th_pre_req_pre"": ""0"", ""buy_6th_pre_bid"": ""+16550"", ""buy_6th_pre_req"": ""59"", ""buy_6th_pre_req_pre"": ""0"", ""buy_7th_pre_bid"": ""+16540"", ""buy_7th_pre_req"": ""6"", ""buy_7th_pre_req_pre"": ""0"", ""buy_8th_pre_bid"": ""+16530"", ""buy_8th_pre_req"": ""402"", ""buy_8th_pre_req_pre"": ""0"", ""buy_9th_pre_bid"": ""+16520"", ""buy_9th_pre_req"": ""2"", ""buy_9th_pre_req_pre"": ""0"", ""buy_10th_pre_bid"": ""+16510"", ""buy_10th_pre_req"": ""122"", ""buy_10th_pre_req_pre"": ""0"", ""tot_sel_req_jub_pre"": ""--157"", ""tot_sel_req"": ""1346"", ""tot_buy_req"": ""2061"", ""tot_buy_req_jub_pre"": ""--1746"", ""ovt_sel_req_pre"": ""0"", ""ovt_sel_req"": ""0"", ""ovt_buy_req"": ""0"", ""ovt_buy_req_pre"": ""0"", ""return_code"": 0, ""return_msg"": ""정상적으로 처리되었습니다""}"
2026-06-10,scan_candidate,003160,,0,main_scan,29350,,29350,29300,29350,29150,-0.8517887563884157,0.17035775127768313,,,,,,"{""bid_req_base_tm"": ""104301"", ""sel_10th_pre_req_pre"": ""0"", ""sel_10th_pre_req"": ""575"", ""sel_10th_pre_bid"": ""+29800"", ""sel_9th_pre_req_pre"": ""0"", ""sel_9th_pre_req"": ""359"", ""sel_9th_pre_bid"": ""+29750"", ""sel_8th_pre_req_pre"": ""0"", ""sel_8th_pre_req"": ""869"", ""sel_8th_pre_bid"": ""+29700"", ""sel_7th_pre_req_pre"": ""0"", ""sel_7th_pre_req"": ""752"", ""sel_7th_pre_bid"": ""+29650"", ""sel_6th_pre_req_pre"": ""0"", ""sel_6th_pre_req"": ""954"", ""sel_6th_pre_bid"": ""+29600"", ""sel_5th_pre_req_pre"": ""0"", ""sel_5th_pre_req"": ""85"", ""sel_5th_pre_bid"": ""+29550"", ""sel_4th_pre_req_pre"": ""0"", ""sel_4th_pre_req"": ""2724"", ""sel_4th_pre_bid"": ""+29500"", ""sel_3th_pre_req_pre"": ""0"", ""sel_3th_pre_req"": ""409"", ""sel_3th_pre_bid"": ""+29450"", ""sel_2th_pre_req_pre"": ""0"", ""sel_2th_pre_req"": ""273"", ""sel_2th_pre_bid"": ""+29400"", ""sel_1th_pre_req_pre"": ""0"", ""sel_fpr_req"": ""239"", ""sel_fpr_bid"": ""+29350"", ""buy_fpr_bid"": ""+29300"", ""buy_fpr_req"": ""63"", ""buy_1th_pre_req_pre"": ""--5"", ""buy_2th_pre_bid"": ""+29200"", ""buy_2th_pre_req"": ""990"", ""buy_2th_pre_req_pre"": ""0"", ""buy_3th_pre_bid"": ""+29150"", ""buy_3th_pre_req"": ""251"", ""buy_3th_pre_req_pre"": ""0"", ""buy_4th_pre_bid"": ""+29100"", ""buy_4th_pre_req"": ""143"", ""buy_4th_pre_req_pre"": ""0"", ""buy_5th_pre_bid"": ""+29050"", ""buy_5th_pre_req"": ""340"", ""buy_5th_pre_req_pre"": ""0"", ""buy_6th_pre_bid"": ""+29000"", ""buy_6th_pre_req"": ""804"", ""buy_6th_pre_req_pre"": ""0"", ""buy_7th_pre_bid"": ""+28950"", ""buy_7th_pre_req"": ""21"", ""buy_7th_pre_req_pre"": ""0"", ""buy_8th_pre_bid"": ""+28900"", ""buy_8th_pre_req"": ""397"", ""buy_8th_pre_req_pre"": ""0"", ""buy_9th_pre_bid"": ""+28850"", ""buy_9th_pre_req"": ""246"", ""buy_9th_pre_req_pre"": ""0"", ""buy_10th_pre_bid"": ""+28800"", ""buy_10th_pre_req"": ""276"", ""buy_10th_pre_req_pre"": ""0"", ""tot_sel_req_jub_pre"": ""0"", ""tot_sel_req"": ""7239"", ""tot_buy_req"": ""3531"", ""tot_buy_req_jub_pre"": ""--5"", ""ovt_sel_req_pre"": ""0"", ""ovt_sel_req"": ""0"", ""ovt_buy_req"": ""0"", ""ovt_buy_req_pre"": ""0"", ""return_code"": 0, ""return_msg"": ""정상적으로 처리되었습니다""}"
2026-06-10,scan_candidate,000370,,0,main_scan,6530,,6530,6520,6530,6480,-0.9188361408882083,0.1531393568147014,,,,,,"{""bid_req_base_tm"": ""104257"", ""sel_10th_pre_req_pre"": ""0"", ""sel_10th_pre_req"": ""940"", ""sel_10th_pre_bid"": ""+6620"", ""sel_9th_pre_req_pre"": ""0"", ""sel_9th_pre_req"": ""1003"", ""sel_9th_pre_bid"": ""+6610"", ""sel_8th_pre_req_pre"": ""0"", ""sel_8th_pre_req"": ""282"", ""sel_8th_pre_bid"": ""+6600"", ""sel_7th_pre_req_pre"": ""0"", ""sel_7th_pre_req"": ""1"", ""sel_7th_pre_bid"": ""+6590"", ""sel_6th_pre_req_pre"": ""0"", ""sel_6th_pre_req"": ""635"", ""sel_6th_pre_bid"": ""+6580"", ""sel_5th_pre_req_pre"": ""0"", ""sel_5th_pre_req"": ""751"", ""sel_5th_pre_bid"": ""+6570"", ""sel_4th_pre_req_pre"": ""0"", ""sel_4th_pre_req"": ""104"", ""sel_4th_pre_bid"": ""+6560"", ""sel_3th_pre_req_pre"": ""0"", ""sel_3th_pre_req"": ""765"", ""sel_3th_pre_bid"": ""+6550"", ""sel_2th_pre_req_pre"": ""0"", ""sel_2th_pre_req"": ""5247"", ""sel_2th_pre_bid"": ""+6540"", ""sel_1th_pre_req_pre"": ""--100"", ""sel_fpr_req"": ""935"", ""sel_fpr_bid"": ""+6530"", ""buy_fpr_bid"": ""+6520"", ""buy_fpr_req"": ""50"", ""buy_1th_pre_req_pre"": ""0"", ""buy_2th_pre_bid"": ""+6510"", ""buy_2th_pre_req"": ""582"", ""buy_2th_pre_req_pre"": ""0"", ""buy_3th_pre_bid"": ""+6500"", ""buy_3th_pre_req"": ""1300"", ""buy_3th_pre_req_pre"": ""0"", ""buy_4th_pre_bid"": ""+6490"", ""buy_4th_pre_req"": ""299"", ""buy_4th_pre_req_pre"": ""0"", ""buy_5th_pre_bid"": ""+6480"", ""buy_5th_pre_req"": ""233"", ""buy_5th_pre_req_pre"": ""0"", ""buy_6th_pre_bid"": ""+6470"", ""buy_6th_pre_req"": ""88"", ""buy_6th_pre_req_pre"": ""0"", ""buy_7th_pre_bid"": ""+6460"", ""buy_7th_pre_req"": ""138"", ""buy_7th_pre_req_pre"": ""0"", ""buy_8th_pre_bid"": ""6450"", ""buy_8th_pre_req"": ""530"", ""buy_8th_pre_req_pre"": ""0"", ""buy_9th_pre_bid"": ""-6440"", ""buy_9th_pre_req"": ""130"", ""buy_9th_pre_req_pre"": ""0"", ""buy_10th_pre_bid"": ""-6430"", ""buy_10th_pre_req"": ""2"", ""buy_10th_pre_req_pre"": ""0"", ""tot_sel_req_jub_pre"": ""--100"", ""tot_sel_req"": ""10663"", ""tot_buy_req"": ""3352"", ""tot_buy_req_jub_pre"": ""0"", ""ovt_sel_req_pre"": ""0"", ""ovt_sel_req"": ""0"", ""ovt_buy_req"": ""0"", ""ovt_buy_req_pre"": ""0"", ""return_code"": 0, ""return_msg"": ""정상적으로 처리되었습니다""}"
2026-06-10,scan_candidate,114090,,0,main_scan,12010,,12010,12000,12010,11950,-0.9159034138218152,0.08326394671107411,,,,,,"{""bid_req_base_tm"": ""104253"", ""sel_10th_pre_req_pre"": ""0"", ""sel_10th_pre_req"": ""132"", ""sel_10th_pre_bid"": ""+12140"", ""sel_9th_pre_req_pre"": ""0"", ""sel_9th_pre_req"": ""469"", ""sel_9th_pre_bid"": ""+12130"", ""sel_8th_pre_req_pre"": ""0"", ""sel_8th_pre_req"": ""55"", ""sel_8th_pre_bid"": ""+12120"", ""sel_7th_pre_req_pre"": ""0"", ""sel_7th_pre_req"": ""1955"", ""sel_7th_pre_bid"": ""+12110"", ""sel_6th_pre_req_pre"": ""0"", ""sel_6th_pre_req"": ""50"", ""sel_6th_pre_bid"": ""+12100"", ""sel_5th_pre_req_pre"": ""0"", ""sel_5th_pre_req"": ""9"", ""sel_5th_pre_bid"": ""+12060"", ""sel_4th_pre_req_pre"": ""0"", ""sel_4th_pre_req"": ""1"", ""sel_4th_pre_bid"": ""+12050"", ""sel_3th_pre_req_pre"": ""0"", ""sel_3th_pre_req"": ""81"", ""sel_3th_pre_bid"": ""+12040"", ""sel_2th_pre_req_pre"": ""0"", ""sel_2th_pre_req"": ""167"", ""sel_2th_pre_bid"": ""+12030"", ""sel_1th_pre_req_pre"": ""0"", ""sel_fpr_req"": ""141"", ""sel_fpr_bid"": ""+12010"", ""buy_fpr_bid"": ""+12000"", ""buy_fpr_req"": ""11"", ""buy_1th_pre_req_pre"": ""--9"", ""buy_2th_pre_bid"": ""+11990"", ""buy_2th_pre_req"": ""177"", ""buy_2th_pre_req_pre"": ""0"", ""buy_3th_pre_bid"": ""+11980"", ""buy_3th_pre_req"": ""469"", ""buy_3th_pre_req_pre"": ""0"", ""buy_4th_pre_bid"": ""+11970"", ""buy_4th_pre_req"": ""399"", ""buy_4th_pre_req_pre"": ""0"", ""buy_5th_pre_bid"": ""11950"", ""buy_5th_pre_req"": ""351"", ""buy_5th_pre_req_pre"": ""0"", ""buy_6th_pre_bid"": ""-11900"", ""buy_6th_pre_req"": ""97"", ""buy_6th_pre_req_pre"": ""0"", ""buy_7th_pre_bid"": ""-11860"", ""buy_7th_pre_req"": ""2"", ""buy_7th_pre_req_pre"": ""0"", ""buy_8th_pre_bid"": ""-11850"", ""buy_8th_pre_req"": ""181"", ""buy_8th_pre_req_pre"": ""0"", ""buy_9th_pre_bid"": ""-11840"", ""buy_9th_pre_req"": ""25"", ""buy_9th_pre_req_pre"": ""0"", ""buy_10th_pre_bid"": ""-11820"", ""buy_10th_pre_req"": ""24"", ""buy_10th_pre_req_pre"": ""0"", ""tot_sel_req_jub_pre"": ""0"", ""tot_sel_req"": ""3060"", ""tot_buy_req"": ""1736"", ""tot_buy_req_jub_pre"": ""--9"", ""ovt_sel_req_pre"": ""0"", ""ovt_sel_req"": ""0"", ""ovt_buy_req"": ""0"", ""ovt_buy_req_pre"": ""0"", ""return_code"": 0, ""return_msg"": ""정상적으로 처리되었습니다""}"
2026-06-10,scan_candidate,005090,,0,main_scan,52500,,52500,52400,52500,52300,-0.5714285714285714,0.19047619047619047,,,,,,"{""bid_req_base_tm"": ""104301"", ""sel_10th_pre_req_pre"": ""0"", ""sel_10th_pre_req"": ""610"", ""sel_10th_pre_bid"": ""+53400"", ""sel_9th_pre_req_pre"": ""0"", ""sel_9th_pre_req"": ""20"", ""sel_9th_pre_bid"": ""+53300"", ""sel_8th_pre_req_pre"": ""0"", ""sel_8th_pre_req"": ""99"", ""sel_8th_pre_bid"": ""+53200"", ""sel_7th_pre_req_pre"": ""0"", ""sel_7th_pre_req"": ""68"", ""sel_7th_pre_bid"": ""+53100"", ""sel_6th_pre_req_pre"": ""0"", ""sel_6th_pre_req"": ""62"", ""sel_6th_pre_bid"": ""+53000"", ""sel_5th_pre_req_pre"": ""0"", ""sel_5th_pre_req"": ""6"", ""sel_5th_pre_bid"": ""+52900"", ""sel_4th_pre_req_pre"": ""0"", ""sel_4th_pre_req"": ""18"", ""sel_4th_pre_bid"": ""+52800"", ""sel_3th_pre_req_pre"": ""0"", ""sel_3th_pre_req"": ""45"", ""sel_3th_pre_bid"": ""+52700"", ""sel_2th_pre_req_pre"": ""0"", ""sel_2th_pre_req"": ""95"", ""sel_2th_pre_bid"": ""+52600"", ""sel_1th_pre_req_pre"": ""0"", ""sel_fpr_req"": ""12"", ""sel_fpr_bid"": ""+52500"", ""buy_fpr_bid"": ""+52400"", ""buy_fpr_req"": ""5"", ""buy_1th_pre_req_pre"": ""--1"", ""buy_2th_pre_bid"": ""+52300"", ""buy_2th_pre_req"": ""1"", ""buy_2th_pre_req_pre"": ""0"", ""buy_3th_pre_bid"": ""+52200"", ""buy_3th_pre_req"": ""131"", ""buy_3th_pre_req_pre"": ""0"", ""buy_4th_pre_bid"": ""+52100"", ""buy_4th_pre_req"": ""121"", ""buy_4th_pre_req_pre"": ""0"", ""buy_5th_pre_bid"": ""+52000"", ""buy_5th_pre_req"": ""38"", ""buy_5th_pre_req_pre"": ""0"", ""buy_6th_pre_bid"": ""+51700"", ""buy_6th_pre_req"": ""1"", ""buy_6th_pre_req_pre"": ""0"", ""buy_7th_pre_bid"": ""+51600"", ""buy_7th_pre_req"": ""141"", ""buy_7th_pre_req_pre"": ""0"", ""buy_8th_pre_bid"": ""+51500"", ""buy_8th_pre_req"": ""130"", ""buy_8th_pre_req_pre"": ""0"", ""buy_9th_pre_bid"": ""+51400"", ""buy_9th_pre_req"": ""7"", ""buy_9th_pre_req_pre"": ""0"", ""buy_10th_pre_bid"": ""+51300"", ""buy_10th_pre_req"": ""103"", ""buy_10th_pre_req_pre"": ""0"", ""tot_sel_req_jub_pre"": ""0"", ""tot_sel_req"": ""1035"", ""tot_buy_req"": ""678"", ""tot_buy_req_jub_pre"": ""--1"", ""ovt_sel_req_pre"": ""0"", ""ovt_sel_req"": ""0"", ""ovt_buy_req"": ""0"", ""ovt_buy_req_pre"": ""0"", ""return_code"": 0, ""return_msg"": ""정상적으로 처리되었습니다""}"
2026-06-10,scan_candidate,017900,,0,main_scan,9730,,9730,9720,9730,9730,-0.10277492291880781,0.10277492291880781,,,,,,"{""bid_req_base_tm"": ""104302"", ""sel_10th_pre_req_pre"": ""0"", ""sel_10th_pre_req"": ""1703"", ""sel_10th_pre_bid"": ""+9830"", ""sel_9th_pre_req_pre"": ""0"", ""sel_9th_pre_req"": ""390"", ""sel_9th_pre_bid"": ""+9820"", ""sel_8th_pre_req_pre"": ""0"", ""sel_8th_pre_req"": ""132"", ""sel_8th_pre_bid"": ""+9810"", ""sel_7th_pre_req_pre"": ""0"", ""sel_7th_pre_req"": ""5684"", ""sel_7th_pre_bid"": ""+9800"", ""sel_6th_pre_req_pre"": ""0"", ""sel_6th_pre_req"": ""1615"", ""sel_6th_pre_bid"": ""+9790"", ""sel_5th_pre_req_pre"": ""0"", ""sel_5th_pre_req"": ""530"", ""sel_5th_pre_bid"": ""+9770"", ""sel_4th_pre_req_pre"": ""0"", ""sel_4th_pre_req"": ""938"", ""sel_4th_pre_bid"": ""+9760"", ""sel_3th_pre_req_pre"": ""0"", ""sel_3th_pre_req"": ""1751"", ""sel_3th_pre_bid"": ""+9750"", ""sel_2th_pre_req_pre"": ""0"", ""sel_2th_pre_req"": ""187"", ""sel_2th_pre_bid"": ""+9740"", ""sel_1th_pre_req_pre"": ""0"", ""sel_fpr_req"": ""827"", ""sel_fpr_bid"": ""+9730"", ""buy_fpr_bid"": ""+9720"", ""buy_fpr_req"": ""110"", ""buy_1th_pre_req_pre"": ""0"", ""buy_2th_pre_bid"": ""+9710"", ""buy_2th_pre_req"": ""1215"", ""buy_2th_pre_req_pre"": ""+11"", ""buy_3th_pre_bid"": ""+9700"", ""buy_3th_pre_req"": ""2290"", ""buy_3th_pre_req_pre"": ""0"", ""buy_4th_pre_bid"": ""+9690"", ""buy_4th_pre_req"": ""310"", ""buy_4th_pre_req_pre"": ""0"", ""buy_5th_pre_bid"": ""+9680"", ""buy_5th_pre_req"": ""728"", ""buy_5th_pre_req_pre"": ""0"", ""buy_6th_pre_bid"": ""+9670"", ""buy_6th_pre_req"": ""358"", ""buy_6th_pre_req_pre"": ""0"", ""buy_7th_pre_bid"": ""+9660"", ""buy_7th_pre_req"": ""3023"", ""buy_7th_pre_req_pre"": ""0"", ""buy_8th_pre_bid"": ""+9650"", ""buy_8th_pre_req"": ""5474"", ""buy_8th_pre_req_pre"": ""0"", ""buy_9th_pre_bid"": ""+9640"", ""buy_9th_pre_req"": ""684"", ""buy_9th_pre_req_pre"": ""0"", ""buy_10th_pre_bid"": ""+9630"", ""buy_10th_pre_req"": ""640"", ""buy_10th_pre_req_pre"": ""0"", ""tot_sel_req_jub_pre"": ""0"", ""tot_sel_req"": ""13757"", ""tot_buy_req"": ""14832"", ""tot_buy_req_jub_pre"": ""+11"", ""ovt_sel_req_pre"": ""0"", ""ovt_sel_req"": ""0"", ""ovt_buy_req"": ""0"", ""ovt_buy_req_pre"": ""0"", ""return_code"": 0, ""return_msg"": ""정상적으로 처리되었습니다""}"
2026-06-10,scan_candidate,004710,,0,main_scan,11180,,11180,11140,11180,11150,-0.7155635062611807,0.35778175313059035,,,,,,"{""bid_req_base_tm"": ""104301"", ""sel_10th_pre_req_pre"": ""0"", ""sel_10th_pre_req"": ""1943"", ""sel_10th_pre_bid"": ""+11310"", ""sel_9th_pre_req_pre"": ""0"", ""sel_9th_pre_req"": ""3970"", ""sel_9th_pre_bid"": ""+11300"", ""sel_8th_pre_req_pre"": ""0"", ""sel_8th_pre_req"": ""1831"", ""sel_8th_pre_bid"": ""+11290"", ""sel_7th_pre_req_pre"": ""0"", ""sel_7th_pre_req"": ""538"", ""sel_7th_pre_bid"": ""+11280"", ""sel_6th_pre_req_pre"": ""0"", ""sel_6th_pre_req"": ""182"", ""sel_6th_pre_bid"": ""+11270"", ""sel_5th_pre_req_pre"": ""0"", ""sel_5th_pre_req"": ""2005"", ""sel_5th_pre_bid"": ""+11260"", ""sel_4th_pre_req_pre"": ""--91"", ""sel_4th_pre_req"": ""230"", ""sel_4th_pre_bid"": ""+11250"", ""sel_3th_pre_req_pre"": ""--87"", ""sel_3th_pre_req"": ""10"", ""sel_3th_pre_bid"": ""+11210"", ""sel_2th_pre_req_pre"": ""+63"", ""sel_2th_pre_req"": ""78"", ""sel_2th_pre_bid"": ""+11190"", ""sel_1th_pre_req_pre"": ""0"", ""sel_fpr_req"": ""78"", ""sel_fpr_bid"": ""+11180"", ""buy_fpr_bid"": ""+11140"", ""buy_fpr_req"": ""1"", ""buy_1th_pre_req_pre"": ""--1"", ""buy_2th_pre_bid"": ""+11130"", ""buy_2th_pre_req"": ""63"", ""buy_2th_pre_req_pre"": ""0"", ""buy_3th_pre_bid"": ""+11120"", ""buy_3th_pre_req"": ""2197"", ""buy_3th_pre_req_pre"": ""0"", ""buy_4th_pre_bid"": ""+11110"", ""buy_4th_pre_req"": ""2869"", ""buy_4th_pre_req_pre"": ""0"", ""buy_5th_pre_bid"": ""+11100"", ""buy_5th_pre_req"": ""173"", ""buy_5th_pre_req_pre"": ""0"", ""buy_6th_pre_bid"": ""+11090"", ""buy_6th_pre_req"": ""71"", ""buy_6th_pre_req_pre"": ""0"", ""buy_7th_pre_bid"": ""+11080"", ""buy_7th_pre_req"": ""6"", ""buy_7th_pre_req_pre"": ""0"", ""buy_8th_pre_bid"": ""+11070"", ""buy_8th_pre_req"": ""22"", ""buy_8th_pre_req_pre"": ""0"", ""buy_9th_pre_bid"": ""+11060"", ""buy_9th_pre_req"": ""10"", ""buy_9th_pre_req_pre"": ""0"", ""buy_10th_pre_bid"": ""+11050"", ""buy_10th_pre_req"": ""3424"", ""buy_10th_pre_req_pre"": ""0"", ""tot_sel_req_jub_pre"": ""--194"", ""tot_sel_req"": ""10865"", ""tot_buy_req"": ""8836"", ""tot_buy_req_jub_pre"": ""--1"", ""ovt_sel_req_pre"": ""0"", ""ovt_sel_req"": ""0"", ""ovt_buy_req"": ""0"", ""ovt_buy_req_pre"": ""0"", ""return_code"": 0, ""return_msg"": ""정상적으로 처리되었습니다""}"
2026-06-10,scan_candidate,006220,,0,main_scan,11310,,11310,11280,11310,11300,-0.5305039787798408,0.2652519893899204,,,,,,"{""bid_req_base_tm"": ""104259"", ""sel_10th_pre_req_pre"": ""0"", ""sel_10th_pre_req"": ""1739"", ""sel_10th_pre_bid"": ""+11400"", ""sel_9th_pre_req_pre"": ""0"", ""sel_9th_pre_req"": ""789"", ""sel_9th_pre_bid"": ""+11390"", ""sel_8th_pre_req_pre"": ""0"", ""sel_8th_pre_req"": ""658"", ""sel_8th_pre_bid"": ""+11380"", ""sel_7th_pre_req_pre"": ""0"", ""sel_7th_pre_req"": ""990"", ""sel_7th_pre_bid"": ""+11370"", ""sel_6th_pre_req_pre"": ""0"", ""sel_6th_pre_req"": ""96"", ""sel_6th_pre_bid"": ""+11360"", ""sel_5th_pre_req_pre"": ""0"", ""sel_5th_pre_req"": ""498"", ""sel_5th_pre_bid"": ""+11350"", ""sel_4th_pre_req_pre"": ""0"", ""sel_4th_pre_req"": ""25"", ""sel_4th_pre_bid"": ""+11340"", ""sel_3th_pre_req_pre"": ""0"", ""sel_3th_pre_req"": ""18"", ""sel_3th_pre_bid"": ""+11330"", ""sel_2th_pre_req_pre"": ""0"", ""sel_2th_pre_req"": ""1"", ""sel_2th_pre_bid"": ""+11320"", ""sel_1th_pre_req_pre"": ""0"", ""sel_fpr_req"": ""60"", ""sel_fpr_bid"": ""+11310"", ""buy_fpr_bid"": ""+11280"", ""buy_fpr_req"": ""573"", ""buy_1th_pre_req_pre"": ""0"", ""buy_2th_pre_bid"": ""+11270"", ""buy_2th_pre_req"": ""919"", ""buy_2th_pre_req_pre"": ""0"", ""buy_3th_pre_bid"": ""+11260"", ""buy_3th_pre_req"": ""1218"", ""buy_3th_pre_req_pre"": ""0"", ""buy_4th_pre_bid"": ""+11250"", ""buy_4th_pre_req"": ""1005"", ""buy_4th_pre_req_pre"": ""0"", ""buy_5th_pre_bid"": ""+11240"", ""buy_5th_pre_req"": ""407"", ""buy_5th_pre_req_pre"": ""0"", ""buy_6th_pre_bid"": ""+11230"", ""buy_6th_pre_req"": ""2401"", ""buy_6th_pre_req_pre"": ""0"", ""buy_7th_pre_bid"": ""+11220"", ""buy_7th_pre_req"": ""2164"", ""buy_7th_pre_req_pre"": ""0"", ""buy_8th_pre_bid"": ""+11210"", ""buy_8th_pre_req"": ""267"", ""buy_8th_pre_req_pre"": ""0"", ""buy_9th_pre_bid"": ""+11200"", ""buy_9th_pre_req"": ""1144"", ""buy_9th_pre_req_pre"": ""0"", ""buy_10th_pre_bid"": ""+11190"", ""buy_10th_pre_req"": ""469"", ""buy_10th_pre_req_pre"": ""0"", ""tot_sel_req_jub_pre"": ""0"", ""tot_sel_req"": ""4874"", ""tot_buy_req"": ""10567"", ""tot_buy_req_jub_pre"": ""0"", ""ovt_sel_req_pre"": ""0"", ""ovt_sel_req"": ""0"", ""ovt_buy_req"": ""0"", ""ovt_buy_req_pre"": ""0"", ""return_code"": 0, ""return_msg"": ""정상적으로 처리되었습니다""}"
2026-06-10,scan_candidate,092200,,0,main_scan,9790,,9790,9780,9790,9830,0.30643513789581206,0.10214504596527069,,,,,,"{""bid_req_base_tm"": ""104301"", ""sel_10th_pre_req_pre"": ""0"", ""sel_10th_pre_req"": ""1059"", ""sel_10th_pre_bid"": ""-9890"", ""sel_9th_pre_req_pre"": ""0"", ""sel_9th_pre_req"": ""1228"", ""sel_9th_pre_bid"": ""-9880"", ""sel_8th_pre_req_pre"": ""0"", ""sel_8th_pre_req"": ""264"", ""sel_8th_pre_bid"": ""-9870"", ""sel_7th_pre_req_pre"": ""0"", ""sel_7th_pre_req"": ""92"", ""sel_7th_pre_bid"": ""-9860"", ""sel_6th_pre_req_pre"": ""0"", ""sel_6th_pre_req"": ""135"", ""sel_6th_pre_bid"": ""-9850"", ""sel_5th_pre_req_pre"": ""0"", ""sel_5th_pre_req"": ""191"", ""sel_5th_pre_bid"": ""-9840"", ""sel_4th_pre_req_pre"": ""0"", ""sel_4th_pre_req"": ""100"", ""sel_4th_pre_bid"": ""-9830"", ""sel_3th_pre_req_pre"": ""0"", ""sel_3th_pre_req"": ""345"", ""sel_3th_pre_bid"": ""-9810"", ""sel_2th_pre_req_pre"": ""0"", ""sel_2th_pre_req"": ""547"", ""sel_2th_pre_bid"": ""-9800"", ""sel_1th_pre_req_pre"": ""0"", ""sel_fpr_req"": ""116"", ""sel_fpr_bid"": ""-9790"", ""buy_fpr_bid"": ""-9780"", ""buy_fpr_req"": ""2831"", ""buy_1th_pre_req_pre"": ""0"", ""buy_2th_pre_bid"": ""-9770"", ""buy_2th_pre_req"": ""2370"", ""buy_2th_pre_req_pre"": ""0"", ""buy_3th_pre_bid"": ""-9760"", ""buy_3th_pre_req"": ""2482"", ""buy_3th_pre_req_pre"": ""0"", ""buy_4th_pre_bid"": ""-9750"", ""buy_4th_pre_req"": ""1362"", ""buy_4th_pre_req_pre"": ""0"", ""buy_5th_pre_bid"": ""-9740"", ""buy_5th_pre_req"": ""2314"", ""buy_5th_pre_req_pre"": ""0"", ""buy_6th_pre_bid"": ""-9730"", ""buy_6th_pre_req"": ""457"", ""buy_6th_pre_req_pre"": ""0"", ""buy_7th_pre_bid"": ""-9720"", ""buy_7th_pre_req"": ""1691"", ""buy_7th_pre_req_pre"": ""0"", ""buy_8th_pre_bid"": ""-9710"", ""buy_8th_pre_req"": ""1581"", ""buy_8th_pre_req_pre"": ""0"", ""buy_9th_pre_bid"": ""-9700"", ""buy_9th_pre_req"": ""2051"", ""buy_9th_pre_req_pre"": ""0"", ""buy_10th_pre_bid"": ""-9690"", ""buy_10th_pre_req"": ""3916"", ""buy_10th_pre_req_pre"": ""0"", ""tot_sel_req_jub_pre"": ""--821"", ""tot_sel_req"": ""4077"", ""tot_buy_req"": ""21055"", ""tot_buy_req_jub_pre"": ""+3900"", ""ovt_sel_req_pre"": ""0"", ""ovt_sel_req"": ""0"", ""ovt_buy_req"": ""0"", ""ovt_buy_req_pre"": ""0"", ""return_code"": 0, ""return_msg"": ""정상적으로 처리되었습니다""}"
2026-06-10,scan_candidate,010820,,0,main_scan,8260,,8260,8250,8260,8220,-0.6053268765133172,0.12106537530266344,,,,,,"{""bid_req_base_tm"": ""104302"", ""sel_10th_pre_req_pre"": ""0"", ""sel_10th_pre_req"": ""5474"", ""sel_10th_pre_bid"": ""+8350"", ""sel_9th_pre_req_pre"": ""0"", ""sel_9th_pre_req"": ""27"", ""sel_9th_pre_bid"": ""+8340"", ""sel_8th_pre_req_pre"": ""0"", ""sel_8th_pre_req"": ""791"", ""sel_8th_pre_bid"": ""+8330"", ""sel_7th_pre_req_pre"": ""0"", ""sel_7th_pre_req"": ""4342"", ""sel_7th_pre_bid"": ""+8320"", ""sel_6th_pre_req_pre"": ""0"", ""sel_6th_pre_req"": ""36"", ""sel_6th_pre_bid"": ""+8310"", ""sel_5th_pre_req_pre"": ""0"", ""sel_5th_pre_req"": ""18368"", ""sel_5th_pre_bid"": ""+8300"", ""sel_4th_pre_req_pre"": ""0"", ""sel_4th_pre_req"": ""2241"", ""sel_4th_pre_bid"": ""+8290"", ""sel_3th_pre_req_pre"": ""0"", ""sel_3th_pre_req"": ""456"", ""sel_3th_pre_bid"": ""+8280"", ""sel_2th_pre_req_pre"": ""0"", ""sel_2th_pre_req"": ""906"", ""sel_2th_pre_bid"": ""+8270"", ""sel_1th_pre_req_pre"": ""0"", ""sel_fpr_req"": ""46"", ""sel_fpr_bid"": ""+8260"", ""buy_fpr_bid"": ""+8250"", ""buy_fpr_req"": ""90"", ""buy_1th_pre_req_pre"": ""0"", ""buy_2th_pre_bid"": ""+8240"", ""buy_2th_pre_req"": ""383"", ""buy_2th_pre_req_pre"": ""+10"", ""buy_3th_pre_bid"": ""+8230"", ""buy_3th_pre_req"": ""10"", ""buy_3th_pre_req_pre"": ""0"", ""buy_4th_pre_bid"": ""+8220"", ""buy_4th_pre_req"": ""10"", ""buy_4th_pre_req_pre"": ""0"", ""buy_5th_pre_bid"": ""+8210"", ""buy_5th_pre_req"": ""11"", ""buy_5th_pre_req_pre"": ""0"", ""buy_6th_pre_bid"": ""+8200"", ""buy_6th_pre_req"": ""279"", ""buy_6th_pre_req_pre"": ""0"", ""buy_7th_pre_bid"": ""+8190"", ""buy_7th_pre_req"": ""85"", ""buy_7th_pre_req_pre"": ""0"", ""buy_8th_pre_bid"": ""+8180"", ""buy_8th_pre_req"": ""474"", ""buy_8th_pre_req_pre"": ""0"", ""buy_9th_pre_bid"": ""+8170"", ""buy_9th_pre_req"": ""316"", ""buy_9th_pre_req_pre"": ""0"", ""buy_10th_pre_bid"": ""+8160"", ""buy_10th_pre_req"": ""2"", ""buy_10th_pre_req_pre"": ""0"", ""tot_sel_req_jub_pre"": ""0"", ""tot_sel_req"": ""32687"", ""tot_buy_req"": ""1660"", ""tot_buy_req_jub_pre"": ""+10"", ""ovt_sel_req_pre"": ""0"", ""ovt_sel_req"": ""0"", ""ovt_buy_req"": ""0"", ""ovt_buy_req_pre"": ""0"", ""return_code"": 0, ""return_msg"": ""정상적으로 처리되었습니다""}"
2026-06-10,scan_candidate,000430,,0,main_scan,5700,,5700,5690,5700,5740,0.5263157894736842,0.17543859649122806,,,,,,"{""bid_req_base_tm"": ""104303"", ""sel_10th_pre_req_pre"": ""0"", ""sel_10th_pre_req"": ""994"", ""sel_10th_pre_bid"": ""-5820"", ""sel_9th_pre_req_pre"": ""0"", ""sel_9th_pre_req"": ""1694"", ""sel_9th_pre_bid"": ""-5810"", ""sel_8th_pre_req_pre"": ""0"", ""sel_8th_pre_req"": ""2779"", ""sel_8th_pre_bid"": ""-5800"", ""sel_7th_pre_req_pre"": ""0"", ""sel_7th_pre_req"": ""1023"", ""sel_7th_pre_bid"": ""-5790"", ""sel_6th_pre_req_pre"": ""0"", ""sel_6th_pre_req"": ""2523"", ""sel_6th_pre_bid"": ""-5780"", ""sel_5th_pre_req_pre"": ""0"", ""sel_5th_pre_req"": ""17"", ""sel_5th_pre_bid"": ""-5770"", ""sel_4th_pre_req_pre"": ""0"", ""sel_4th_pre_req"": ""200"", ""sel_4th_pre_bid"": ""-5750"", ""sel_3th_pre_req_pre"": ""0"", ""sel_3th_pre_req"": ""483"", ""sel_3th_pre_bid"": ""-5730"", ""sel_2th_pre_req_pre"": ""0"", ""sel_2th_pre_req"": ""248"", ""sel_2th_pre_bid"": ""-5720"", ""sel_1th_pre_req_pre"": ""0"", ""sel_fpr_req"": ""110"", ""sel_fpr_bid"": ""-5700"", ""buy_fpr_bid"": ""-5690"", ""buy_fpr_req"": ""2237"", ""buy_1th_pre_req_pre"": ""0"", ""buy_2th_pre_bid"": ""-5680"", ""buy_2th_pre_req"": ""1160"", ""buy_2th_pre_req_pre"": ""--705"", ""buy_3th_pre_bid"": ""-5670"", ""buy_3th_pre_req"": ""1359"", ""buy_3th_pre_req_pre"": ""0"", ""buy_4th_pre_bid"": ""-5660"", ""buy_4th_pre_req"": ""7314"", ""buy_4th_pre_req_pre"": ""0"", ""buy_5th_pre_bid"": ""-5650"", ""buy_5th_pre_req"": ""10175"", ""buy_5th_pre_req_pre"": ""0"", ""buy_6th_pre_bid"": ""-5640"", ""buy_6th_pre_req"": ""2663"", ""buy_6th_pre_req_pre"": ""0"", ""buy_7th_pre_bid"": ""-5630"", ""buy_7th_pre_req"": ""3062"", ""buy_7th_pre_req_pre"": ""0"", ""buy_8th_pre_bid"": ""-5620"", ""buy_8th_pre_req"": ""3330"", ""buy_8th_pre_req_pre"": ""0"", ""buy_9th_pre_bid"": ""-5610"", ""buy_9th_pre_req"": ""8657"", ""buy_9th_pre_req_pre"": ""0"", ""buy_10th_pre_bid"": ""-5600"", ""buy_10th_pre_req"": ""13421"", ""buy_10th_pre_req_pre"": ""0"", ""tot_sel_req_jub_pre"": ""0"", ""tot_sel_req"": ""10071"", ""tot_buy_req"": ""53378"", ""tot_buy_req_jub_pre"": ""--705"", ""ovt_sel_req_pre"": ""0"", ""ovt_sel_req"": ""0"", ""ovt_buy_req"": ""0"", ""ovt_buy_req_pre"": ""0"", ""return_code"": 0, ""return_msg"": ""정상적으로 처리되었습니다""}"
2026-06-10,scan_candidate,010690,,0,main_scan,10770,,10770,10720,10770,10750,-0.6499535747446611,0.4642525533890436,,,,,,"{""bid_req_base_tm"": ""104302"", ""sel_10th_pre_req_pre"": ""0"", ""sel_10th_pre_req"": ""1"", ""sel_10th_pre_bid"": ""+10860"", ""sel_9th_pre_req_pre"": ""0"", ""sel_9th_pre_req"": ""181"", ""sel_9th_pre_bid"": ""+10850"", ""sel_8th_pre_req_pre"": ""0"", ""sel_8th_pre_req"": ""147"", ""sel_8th_pre_bid"": ""+10840"", ""sel_7th_pre_req_pre"": ""0"", ""sel_7th_pre_req"": ""10"", ""sel_7th_pre_bid"": ""+10830"", ""sel_6th_pre_req_pre"": ""0"", ""sel_6th_pre_req"": ""8"", ""sel_6th_pre_bid"": ""+10820"", ""sel_5th_pre_req_pre"": ""0"", ""sel_5th_pre_req"": ""70"", ""sel_5th_pre_bid"": ""+10810"", ""sel_4th_pre_req_pre"": ""0"", ""sel_4th_pre_req"": ""30"", ""sel_4th_pre_bid"": ""+10800"", ""sel_3th_pre_req_pre"": ""0"", ""sel_3th_pre_req"": ""37"", ""sel_3th_pre_bid"": ""+10790"", ""sel_2th_pre_req_pre"": ""0"", ""sel_2th_pre_req"": ""108"", ""sel_2th_pre_bid"": ""+10780"", ""sel_1th_pre_req_pre"": ""0"", ""sel_fpr_req"": ""39"", ""sel_fpr_bid"": ""+10770"", ""buy_fpr_bid"": ""+10720"", ""buy_fpr_req"": ""541"", ""buy_1th_pre_req_pre"": ""0"", ""buy_2th_pre_bid"": ""+10710"", ""buy_2th_pre_req"": ""562"", ""buy_2th_pre_req_pre"": ""0"", ""buy_3th_pre_bid"": ""+10700"", ""buy_3th_pre_req"": ""1175"", ""buy_3th_pre_req_pre"": ""0"", ""buy_4th_pre_bid"": ""+10690"", ""buy_4th_pre_req"": ""265"", ""buy_4th_pre_req_pre"": ""0"", ""buy_5th_pre_bid"": ""+10680"", ""buy_5th_pre_req"": ""1365"", ""buy_5th_pre_req_pre"": ""0"", ""buy_6th_pre_bid"": ""+10670"", ""buy_6th_pre_req"": ""6277"", ""buy_6th_pre_req_pre"": ""0"", ""buy_7th_pre_bid"": ""+10660"", ""buy_7th_pre_req"": ""30"", ""buy_7th_pre_req_pre"": ""0"", ""buy_8th_pre_bid"": ""+10650"", ""buy_8th_pre_req"": ""1295"", ""buy_8th_pre_req_pre"": ""0"", ""buy_9th_pre_bid"": ""+10640"", ""buy_9th_pre_req"": ""215"", ""buy_9th_pre_req_pre"": ""0"", ""buy_10th_pre_bid"": ""+10630"", ""buy_10th_pre_req"": ""46"", ""buy_10th_pre_req_pre"": ""0"", ""tot_sel_req_jub_pre"": ""0"", ""tot_sel_req"": ""631"", ""tot_buy_req"": ""11771"", ""tot_buy_req_jub_pre"": ""0"", ""ovt_sel_req_pre"": ""0"", ""ovt_sel_req"": ""0"", ""ovt_buy_req"": ""0"", ""ovt_buy_req_pre"": ""0"", ""return_code"": 0, ""return_msg"": ""정상적으로 처리되었습니다""}"
2026-06-10,scan_candidate,005950,,0,main_scan,12250,,12250,12240,12250,12200,-0.8163265306122449,0.0816326530612245,,,,,,"{""bid_req_base_tm"": ""104303"", ""sel_10th_pre_req_pre"": ""0"", ""sel_10th_pre_req"": ""9"", ""sel_10th_pre_bid"": ""+12340"", ""sel_9th_pre_req_pre"": ""0"", ""sel_9th_pre_req"": ""526"", ""sel_9th_pre_bid"": ""+12330"", ""sel_8th_pre_req_pre"": ""0"", ""sel_8th_pre_req"": ""106"", ""sel_8th_pre_bid"": ""+12320"", ""sel_7th_pre_req_pre"": ""0"", ""sel_7th_pre_req"": ""1"", ""sel_7th_pre_bid"": ""+12310"", ""sel_6th_pre_req_pre"": ""0"", ""sel_6th_pre_req"": ""109"", ""sel_6th_pre_bid"": ""+12300"", ""sel_5th_pre_req_pre"": ""0"", ""sel_5th_pre_req"": ""1478"", ""sel_5th_pre_bid"": ""+12290"", ""sel_4th_pre_req_pre"": ""0"", ""sel_4th_pre_req"": ""421"", ""sel_4th_pre_bid"": ""+12280"", ""sel_3th_pre_req_pre"": ""0"", ""sel_3th_pre_req"": ""198"", ""sel_3th_pre_bid"": ""+12270"", ""sel_2th_pre_req_pre"": ""0"", ""sel_2th_pre_req"": ""35"", ""sel_2th_pre_bid"": ""+12260"", ""sel_1th_pre_req_pre"": ""+1"", ""sel_fpr_req"": ""243"", ""sel_fpr_bid"": ""+12250"", ""buy_fpr_bid"": ""+12240"", ""buy_fpr_req"": ""5"", ""buy_1th_pre_req_pre"": ""0"", ""buy_2th_pre_bid"": ""+12230"", ""buy_2th_pre_req"": ""99"", ""buy_2th_pre_req_pre"": ""0"", ""buy_3th_pre_bid"": ""+12220"", ""buy_3th_pre_req"": ""119"", ""buy_3th_pre_req_pre"": ""0"", ""buy_4th_pre_bid"": ""+12210"", ""buy_4th_pre_req"": ""328"", ""buy_4th_pre_req_pre"": ""0"", ""buy_5th_pre_bid"": ""+12200"", ""buy_5th_pre_req"": ""199"", ""buy_5th_pre_req_pre"": ""0"", ""buy_6th_pre_bid"": ""+12190"", ""buy_6th_pre_req"": ""16"", ""buy_6th_pre_req_pre"": ""0"", ""buy_7th_pre_bid"": ""+12180"", ""buy_7th_pre_req"": ""634"", ""buy_7th_pre_req_pre"": ""0"", ""buy_8th_pre_bid"": ""+12170"", ""buy_8th_pre_req"": ""214"", ""buy_8th_pre_req_pre"": ""0"", ""buy_9th_pre_bid"": ""+12160"", ""buy_9th_pre_req"": ""87"", ""buy_9th_pre_req_pre"": ""0"", ""buy_10th_pre_bid"": ""+12150"", ""buy_10th_pre_req"": ""313"", ""buy_10th_pre_req_pre"": ""0"", ""tot_sel_req_jub_pre"": ""+1"", ""tot_sel_req"": ""3126"", ""tot_buy_req"": ""2014"", ""tot_buy_req_jub_pre"": ""0"", ""ovt_sel_req_pre"": ""0"", ""ovt_sel_req"": ""0"", ""ovt_buy_req"": ""0"", ""ovt_buy_req_pre"": ""0"", ""return_code"": 0, ""return_msg"": ""정상적으로 처리되었습니다""}"
2026-06-10,watchlist,014680,,0,filtered_candidate_recheck,262500,,262500,262000,262500,263500,0.19047619047619047,0.19047619047619047,,,,,,"{""bid_req_base_tm"": ""104444"", ""sel_10th_pre_req_pre"": ""0"", ""sel_10th_pre_req"": ""26"", ""sel_10th_pre_bid"": ""+267000"", ""sel_9th_pre_req_pre"": ""0"", ""sel_9th_pre_req"": ""16"", ""sel_9th_pre_bid"": ""+266500"", ""sel_8th_pre_req_pre"": ""0"", ""sel_8th_pre_req"": ""12"", ""sel_8th_pre_bid"": ""+266000"", ""sel_7th_pre_req_pre"": ""0"", ""sel_7th_pre_req"": ""24"", ""sel_7th_pre_bid"": ""+265500"", ""sel_6th_pre_req_pre"": ""0"", ""sel_6th_pre_req"": ""35"", ""sel_6th_pre_bid"": ""+265000"", ""sel_5th_pre_req_pre"": ""0"", ""sel_5th_pre_req"": ""3"", ""sel_5th_pre_bid"": ""+264500"", ""sel_4th_pre_req_pre"": ""0"", ""sel_4th_pre_req"": ""3"", ""sel_4th_pre_bid"": ""+264000"", ""sel_3th_pre_req_pre"": ""0"", ""sel_3th_pre_req"": ""6"", ""sel_3th_pre_bid"": ""+263500"", ""sel_2th_pre_req_pre"": ""0"", ""sel_2th_pre_req"": ""26"", ""sel_2th_pre_bid"": ""+263000"", ""sel_1th_pre_req_pre"": ""0"", ""sel_fpr_req"": ""78"", ""sel_fpr_bid"": ""+262500"", ""buy_fpr_bid"": ""+262000"", ""buy_fpr_req"": ""176"", ""buy_1th_pre_req_pre"": ""0"", ""buy_2th_pre_bid"": ""+261500"", ""buy_2th_pre_req"": ""30"", ""buy_2th_pre_req_pre"": ""+1"", ""buy_3th_pre_bid"": ""+261000"", ""buy_3th_pre_req"": ""5"", ""buy_3th_pre_req_pre"": ""0"", ""buy_4th_pre_bid"": ""+260500"", ""buy_4th_pre_req"": ""4"", ""buy_4th_pre_req_pre"": ""0"", ""buy_5th_pre_bid"": ""+260000"", ""buy_5th_pre_req"": ""109"", ""buy_5th_pre_req_pre"": ""0"", ""buy_6th_pre_bid"": ""+259500"", ""buy_6th_pre_req"": ""119"", ""buy_6th_pre_req_pre"": ""0"", ""buy_7th_pre_bid"": ""+259000"", ""buy_7th_pre_req"": ""210"", ""buy_7th_pre_req_pre"": ""0"", ""buy_8th_pre_bid"": ""+258500"", ""buy_8th_pre_req"": ""102"", ""buy_8th_pre_req_pre"": ""0"", ""buy_9th_pre_bid"": ""+258000"", ""buy_9th_pre_req"": ""101"", ""buy_9th_pre_req_pre"": ""0"", ""buy_10th_pre_bid"": ""+257500"", ""buy_10th_pre_req"": ""132"", ""buy_10th_pre_req_pre"": ""0"", ""tot_sel_req_jub_pre"": ""0"", ""tot_sel_req"": ""229"", ""tot_buy_req"": ""988"", ""tot_buy_req_jub_pre"": ""+1"", ""ovt_sel_req_pre"": ""0"", ""ovt_sel_req"": ""0"", ""ovt_buy_req"": ""0"", ""ovt_buy_req_pre"": ""0"", ""return_code"": 0, ""return_msg"": ""정상적으로 처리되었습니다""}"
2026-06-10,watchlist,035420,,1,filtered_candidate_recheck,236000,,236000,235500,236000,237500,0.423728813559322,0.211864406779661,,,,,,"{""bid_req_base_tm"": ""104450"", ""sel_10th_pre_req_pre"": ""0"", ""sel_10th_pre_req"": ""3393"", ""sel_10th_pre_bid"": ""-240500"", ""sel_9th_pre_req_pre"": ""0"", ""sel_9th_pre_req"": ""4629"", ""sel_9th_pre_bid"": ""-240000"", ""sel_8th_pre_req_pre"": ""0"", ""sel_8th_pre_req"": ""3161"", ""sel_8th_pre_bid"": ""-239500"", ""sel_7th_pre_req_pre"": ""0"", ""sel_7th_pre_req"": ""2973"", ""sel_7th_pre_bid"": ""-239000"", ""sel_6th_pre_req_pre"": ""0"", ""sel_6th_pre_req"": ""989"", ""sel_6th_pre_bid"": ""-238500"", ""sel_5th_pre_req_pre"": ""0"", ""sel_5th_pre_req"": ""2633"", ""sel_5th_pre_bid"": ""-238000"", ""sel_4th_pre_req_pre"": ""0"", ""sel_4th_pre_req"": ""4608"", ""sel_4th_pre_bid"": ""-237500"", ""sel_3th_pre_req_pre"": ""0"", ""sel_3th_pre_req"": ""4213"", ""sel_3th_pre_bid"": ""-237000"", ""sel_2th_pre_req_pre"": ""0"", ""sel_2th_pre_req"": ""4419"", ""sel_2th_pre_bid"": ""-236500"", ""sel_1th_pre_req_pre"": ""0"", ""sel_fpr_req"": ""6977"", ""sel_fpr_bid"": ""-236000"", ""buy_fpr_bid"": ""-235500"", ""buy_fpr_req"": ""6149"", ""buy_1th_pre_req_pre"": ""+2"", ""buy_2th_pre_bid"": ""-235000"", ""buy_2th_pre_req"": ""30343"", ""buy_2th_pre_req_pre"": ""0"", ""buy_3th_pre_bid"": ""-234500"", ""buy_3th_pre_req"": ""55727"", ""buy_3th_pre_req_pre"": ""0"", ""buy_4th_pre_bid"": ""-234000"", ""buy_4th_pre_req"": ""9713"", ""buy_4th_pre_req_pre"": ""0"", ""buy_5th_pre_bid"": ""-233500"", ""buy_5th_pre_req"": ""6678"", ""buy_5th_pre_req_pre"": ""0"", ""buy_6th_pre_bid"": ""-233000"", ""buy_6th_pre_req"": ""9715"", ""buy_6th_pre_req_pre"": ""0"", ""buy_7th_pre_bid"": ""-232500"", ""buy_7th_pre_req"": ""7498"", ""buy_7th_pre_req_pre"": ""0"", ""buy_8th_pre_bid"": ""-232000"", ""buy_8th_pre_req"": ""10708"", ""buy_8th_pre_req_pre"": ""0"", ""buy_9th_pre_bid"": ""-231500"", ""buy_9th_pre_req"": ""9349"", ""buy_9th_pre_req_pre"": ""0"", ""buy_10th_pre_bid"": ""-231000"", ""buy_10th_pre_req"": ""14508"", ""buy_10th_pre_req_pre"": ""0"", ""tot_sel_req_jub_pre"": ""0"", ""tot_sel_req"": ""37995"", ""tot_buy_req"": ""160388"", ""tot_buy_req_jub_pre"": ""+2"", ""ovt_sel_req_pre"": ""0"", ""ovt_sel_req"": ""0"", ""ovt_buy_req"": ""0"", ""ovt_buy_req_pre"": ""0"", ""return_code"": 0, ""return_msg"": ""정상적으로 처리되었습니다""}"
2026-06-10,watchlist,036570,,0,filtered_candidate_recheck,258500,,258500,258000,258500,258500,-0.19342359767891684,0.19342359767891684,,,,,,"{""bid_req_base_tm"": ""104450"", ""sel_10th_pre_req_pre"": ""0"", ""sel_10th_pre_req"": ""50"", ""sel_10th_pre_bid"": ""-263000"", ""sel_9th_pre_req_pre"": ""0"", ""sel_9th_pre_req"": ""1028"", ""sel_9th_pre_bid"": ""-262500"", ""sel_8th_pre_req_pre"": ""0"", ""sel_8th_pre_req"": ""103"", ""sel_8th_pre_bid"": ""-262000"", ""sel_7th_pre_req_pre"": ""0"", ""sel_7th_pre_req"": ""32"", ""sel_7th_pre_bid"": ""-261500"", ""sel_6th_pre_req_pre"": ""0"", ""sel_6th_pre_req"": ""8"", ""sel_6th_pre_bid"": ""-261000"", ""sel_5th_pre_req_pre"": ""0"", ""sel_5th_pre_req"": ""16"", ""sel_5th_pre_bid"": ""-260500"", ""sel_4th_pre_req_pre"": ""0"", ""sel_4th_pre_req"": ""97"", ""sel_4th_pre_bid"": ""-260000"", ""sel_3th_pre_req_pre"": ""0"", ""sel_3th_pre_req"": ""32"", ""sel_3th_pre_bid"": ""-259500"", ""sel_2th_pre_req_pre"": ""0"", ""sel_2th_pre_req"": ""89"", ""sel_2th_pre_bid"": ""-259000"", ""sel_1th_pre_req_pre"": ""+58"", ""sel_fpr_req"": ""105"", ""sel_fpr_bid"": ""-258500"", ""buy_fpr_bid"": ""-258000"", ""buy_fpr_req"": ""153"", ""buy_1th_pre_req_pre"": ""0"", ""buy_2th_pre_bid"": ""-257500"", ""buy_2th_pre_req"": ""38"", ""buy_2th_pre_req_pre"": ""0"", ""buy_3th_pre_bid"": ""-257000"", ""buy_3th_pre_req"": ""112"", ""buy_3th_pre_req_pre"": ""0"", ""buy_4th_pre_bid"": ""-256500"", ""buy_4th_pre_req"": ""82"", ""buy_4th_pre_req_pre"": ""0"", ""buy_5th_pre_bid"": ""-256000"", ""buy_5th_pre_req"": ""112"", ""buy_5th_pre_req_pre"": ""0"", ""buy_6th_pre_bid"": ""-255500"", ""buy_6th_pre_req"": ""208"", ""buy_6th_pre_req_pre"": ""0"", ""buy_7th_pre_bid"": ""-255000"", ""buy_7th_pre_req"": ""344"", ""buy_7th_pre_req_pre"": ""0"", ""buy_8th_pre_bid"": ""-254500"", ""buy_8th_pre_req"": ""347"", ""buy_8th_pre_req_pre"": ""0"", ""buy_9th_pre_bid"": ""-254000"", ""buy_9th_pre_req"": ""348"", ""buy_9th_pre_req_pre"": ""0"", ""buy_10th_pre_bid"": ""-253500"", ""buy_10th_pre_req"": ""463"", ""buy_10th_pre_req_pre"": ""0"", ""tot_sel_req_jub_pre"": ""+58"", ""tot_sel_req"": ""1560"", ""tot_buy_req"": ""2207"", ""tot_buy_req_jub_pre"": ""0"", ""ovt_sel_req_pre"": ""0"", ""ovt_sel_req"": ""0"", ""ovt_buy_req"": ""0"", ""ovt_buy_req_pre"": ""0"", ""return_code"": 0, ""return_msg"": ""정상적으로 처리되었습니다""}"
2026-06-10,watchlist,005090,,0,filtered_candidate_recheck,52300,,52300,52100,52300,52200,-0.3824091778202677,0.3824091778202677,,,,,,"{""bid_req_base_tm"": ""104450"", ""sel_10th_pre_req_pre"": ""0"", ""sel_10th_pre_req"": ""99"", ""sel_10th_pre_bid"": ""+53200"", ""sel_9th_pre_req_pre"": ""0"", ""sel_9th_pre_req"": ""73"", ""sel_9th_pre_bid"": ""+53100"", ""sel_8th_pre_req_pre"": ""0"", ""sel_8th_pre_req"": ""67"", ""sel_8th_pre_bid"": ""+53000"", ""sel_7th_pre_req_pre"": ""0"", ""sel_7th_pre_req"": ""6"", ""sel_7th_pre_bid"": ""+52900"", ""sel_6th_pre_req_pre"": ""0"", ""sel_6th_pre_req"": ""21"", ""sel_6th_pre_bid"": ""+52800"", ""sel_5th_pre_req_pre"": ""0"", ""sel_5th_pre_req"": ""50"", ""sel_5th_pre_bid"": ""+52700"", ""sel_4th_pre_req_pre"": ""0"", ""sel_4th_pre_req"": ""27"", ""sel_4th_pre_bid"": ""+52600"", ""sel_3th_pre_req_pre"": ""0"", ""sel_3th_pre_req"": ""26"", ""sel_3th_pre_bid"": ""+52500"", ""sel_2th_pre_req_pre"": ""0"", ""sel_2th_pre_req"": ""108"", ""sel_2th_pre_bid"": ""+52400"", ""sel_1th_pre_req_pre"": ""0"", ""sel_fpr_req"": ""67"", ""sel_fpr_bid"": ""+52300"", ""buy_fpr_bid"": ""+52100"", ""buy_fpr_req"": ""4"", ""buy_1th_pre_req_pre"": ""--4"", ""buy_2th_pre_bid"": ""+52000"", ""buy_2th_pre_req"": ""77"", ""buy_2th_pre_req_pre"": ""0"", ""buy_3th_pre_bid"": ""+51900"", ""buy_3th_pre_req"": ""120"", ""buy_3th_pre_req_pre"": ""0"", ""buy_4th_pre_bid"": ""+51800"", ""buy_4th_pre_req"": ""3"", ""buy_4th_pre_req_pre"": ""0"", ""buy_5th_pre_bid"": ""+51700"", ""buy_5th_pre_req"": ""15"", ""buy_5th_pre_req_pre"": ""0"", ""buy_6th_pre_bid"": ""+51600"", ""buy_6th_pre_req"": ""141"", ""buy_6th_pre_req_pre"": ""0"", ""buy_7th_pre_bid"": ""+51500"", ""buy_7th_pre_req"": ""130"", ""buy_7th_pre_req_pre"": ""0"", ""buy_8th_pre_bid"": ""+51400"", ""buy_8th_pre_req"": ""7"", ""buy_8th_pre_req_pre"": ""0"", ""buy_9th_pre_bid"": ""+51300"", ""buy_9th_pre_req"": ""103"", ""buy_9th_pre_req_pre"": ""0"", ""buy_10th_pre_bid"": ""+51200"", ""buy_10th_pre_req"": ""54"", ""buy_10th_pre_req_pre"": ""0"", ""tot_sel_req_jub_pre"": ""0"", ""tot_sel_req"": ""544"", ""tot_buy_req"": ""654"", ""tot_buy_req_jub_pre"": ""--4"", ""ovt_sel_req_pre"": ""0"", ""ovt_sel_req"": ""0"", ""ovt_buy_req"": ""0"", ""ovt_buy_req_pre"": ""0"", ""return_code"": 0, ""return_msg"": ""정상적으로 처리되었습니다""}"
2026-06-10,watchlist,066570,,1,filtered_candidate_recheck,233000,,233000,232500,233000,234000,0.2145922746781116,0.2145922746781116,,,,,,"{""bid_req_base_tm"": ""104450"", ""sel_10th_pre_req_pre"": ""0"", ""sel_10th_pre_req"": ""1731"", ""sel_10th_pre_bid"": ""-237500"", ""sel_9th_pre_req_pre"": ""0"", ""sel_9th_pre_req"": ""1498"", ""sel_9th_pre_bid"": ""-237000"", ""sel_8th_pre_req_pre"": ""0"", ""sel_8th_pre_req"": ""1326"", ""sel_8th_pre_bid"": ""-236500"", ""sel_7th_pre_req_pre"": ""0"", ""sel_7th_pre_req"": ""2966"", ""sel_7th_pre_bid"": ""-236000"", ""sel_6th_pre_req_pre"": ""0"", ""sel_6th_pre_req"": ""2186"", ""sel_6th_pre_bid"": ""-235500"", ""sel_5th_pre_req_pre"": ""0"", ""sel_5th_pre_req"": ""3456"", ""sel_5th_pre_bid"": ""-235000"", ""sel_4th_pre_req_pre"": ""0"", ""sel_4th_pre_req"": ""2493"", ""sel_4th_pre_bid"": ""-234500"", ""sel_3th_pre_req_pre"": ""0"", ""sel_3th_pre_req"": ""1341"", ""sel_3th_pre_bid"": ""-234000"", ""sel_2th_pre_req_pre"": ""0"", ""sel_2th_pre_req"": ""2536"", ""sel_2th_pre_bid"": ""-233500"", ""sel_1th_pre_req_pre"": ""0"", ""sel_fpr_req"": ""5382"", ""sel_fpr_bid"": ""-233000"", ""buy_fpr_bid"": ""-232500"", ""buy_fpr_req"": ""3229"", ""buy_1th_pre_req_pre"": ""0"", ""buy_2th_pre_bid"": ""-232000"", ""buy_2th_pre_req"": ""6013"", ""buy_2th_pre_req_pre"": ""+20"", ""buy_3th_pre_bid"": ""-231500"", ""buy_3th_pre_req"": ""6447"", ""buy_3th_pre_req_pre"": ""0"", ""buy_4th_pre_bid"": ""-231000"", ""buy_4th_pre_req"": ""8810"", ""buy_4th_pre_req_pre"": ""0"", ""buy_5th_pre_bid"": ""-230500"", ""buy_5th_pre_req"": ""16558"", ""buy_5th_pre_req_pre"": ""0"", ""buy_6th_pre_bid"": ""-230000"", ""buy_6th_pre_req"": ""41544"", ""buy_6th_pre_req_pre"": ""0"", ""buy_7th_pre_bid"": ""-229500"", ""buy_7th_pre_req"": ""5442"", ""buy_7th_pre_req_pre"": ""0"", ""buy_8th_pre_bid"": ""-229000"", ""buy_8th_pre_req"": ""7741"", ""buy_8th_pre_req_pre"": ""0"", ""buy_9th_pre_bid"": ""-228500"", ""buy_9th_pre_req"": ""6372"", ""buy_9th_pre_req_pre"": ""0"", ""buy_10th_pre_bid"": ""-228000"", ""buy_10th_pre_req"": ""11842"", ""buy_10th_pre_req_pre"": ""0"", ""tot_sel_req_jub_pre"": ""0"", ""tot_sel_req"": ""24915"", ""tot_buy_req"": ""113998"", ""tot_buy_req_jub_pre"": ""+20"", ""ovt_sel_req_pre"": ""0"", ""ovt_sel_req"": ""0"", ""ovt_buy_req"": ""0"", ""ovt_buy_req_pre"": ""0"", ""return_code"": 0, ""return_msg"": ""정상적으로 처리되었습니다""}"
2026-06-10,watchlist,028670,,1,filtered_candidate_recheck,5000,,5000,4995,5000,5040,0.6,0.1,,,,,,"{""bid_req_base_tm"": ""104448"", ""sel_10th_pre_req_pre"": ""0"", ""sel_10th_pre_req"": ""971"", ""sel_10th_pre_bid"": ""-5090"", ""sel_9th_pre_req_pre"": ""0"", ""sel_9th_pre_req"": ""118"", ""sel_9th_pre_bid"": ""-5080"", ""sel_8th_pre_req_pre"": ""0"", ""sel_8th_pre_req"": ""401"", ""sel_8th_pre_bid"": ""-5070"", ""sel_7th_pre_req_pre"": ""0"", ""sel_7th_pre_req"": ""415"", ""sel_7th_pre_bid"": ""-5060"", ""sel_6th_pre_req_pre"": ""0"", ""sel_6th_pre_req"": ""123"", ""sel_6th_pre_bid"": ""-5050"", ""sel_5th_pre_req_pre"": ""0"", ""sel_5th_pre_req"": ""4"", ""sel_5th_pre_bid"": ""-5040"", ""sel_4th_pre_req_pre"": ""0"", ""sel_4th_pre_req"": ""1684"", ""sel_4th_pre_bid"": ""-5030"", ""sel_3th_pre_req_pre"": ""0"", ""sel_3th_pre_req"": ""2101"", ""sel_3th_pre_bid"": ""-5020"", ""sel_2th_pre_req_pre"": ""0"", ""sel_2th_pre_req"": ""3309"", ""sel_2th_pre_bid"": ""-5010"", ""sel_1th_pre_req_pre"": ""0"", ""sel_fpr_req"": ""813"", ""sel_fpr_bid"": ""-5000"", ""buy_fpr_bid"": ""-4995"", ""buy_fpr_req"": ""2611"", ""buy_1th_pre_req_pre"": ""+561"", ""buy_2th_pre_bid"": ""-4990"", ""buy_2th_pre_req"": ""8256"", ""buy_2th_pre_req_pre"": ""0"", ""buy_3th_pre_bid"": ""-4985"", ""buy_3th_pre_req"": ""4605"", ""buy_3th_pre_req_pre"": ""0"", ""buy_4th_pre_bid"": ""-4980"", ""buy_4th_pre_req"": ""7136"", ""buy_4th_pre_req_pre"": ""0"", ""buy_5th_pre_bid"": ""-4975"", ""buy_5th_pre_req"": ""51"", ""buy_5th_pre_req_pre"": ""0"", ""buy_6th_pre_bid"": ""-4970"", ""buy_6th_pre_req"": ""2165"", ""buy_6th_pre_req_pre"": ""0"", ""buy_7th_pre_bid"": ""-4965"", ""buy_7th_pre_req"": ""5619"", ""buy_7th_pre_req_pre"": ""0"", ""buy_8th_pre_bid"": ""-4960"", ""buy_8th_pre_req"": ""2585"", ""buy_8th_pre_req_pre"": ""0"", ""buy_9th_pre_bid"": ""-4955"", ""buy_9th_pre_req"": ""2963"", ""buy_9th_pre_req_pre"": ""0"", ""buy_10th_pre_bid"": ""-4950"", ""buy_10th_pre_req"": ""10008"", ""buy_10th_pre_req_pre"": ""0"", ""tot_sel_req_jub_pre"": ""0"", ""tot_sel_req"": ""9939"", ""tot_buy_req"": ""45999"", ""tot_buy_req_jub_pre"": ""+561"", ""ovt_sel_req_pre"": ""0"", ""ovt_sel_req"": ""0"", ""ovt_buy_req"": ""0"", ""ovt_buy_req_pre"": ""0"", ""return_code"": 0, ""return_msg"": ""정상적으로 처리되었습니다""}"
2026-06-10,watchlist,004990,,0,filtered_candidate_recheck,25800,,25800,25750,25800,25750,-0.3875968992248062,0.1937984496124031,,,,,,"{""bid_req_base_tm"": ""104450"", ""sel_10th_pre_req_pre"": ""0"", ""sel_10th_pre_req"": ""135"", ""sel_10th_pre_bid"": ""+26250"", ""sel_9th_pre_req_pre"": ""0"", ""sel_9th_pre_req"": ""90"", ""sel_9th_pre_bid"": ""+26200"", ""sel_8th_pre_req_pre"": ""0"", ""sel_8th_pre_req"": ""3119"", ""sel_8th_pre_bid"": ""26150"", ""sel_7th_pre_req_pre"": ""0"", ""sel_7th_pre_req"": ""302"", ""sel_7th_pre_bid"": ""-26100"", ""sel_6th_pre_req_pre"": ""0"", ""sel_6th_pre_req"": ""201"", ""sel_6th_pre_bid"": ""-26050"", ""sel_5th_pre_req_pre"": ""0"", ""sel_5th_pre_req"": ""122"", ""sel_5th_pre_bid"": ""-26000"", ""sel_4th_pre_req_pre"": ""0"", ""sel_4th_pre_req"": ""107"", ""sel_4th_pre_bid"": ""-25950"", ""sel_3th_pre_req_pre"": ""0"", ""sel_3th_pre_req"": ""251"", ""sel_3th_pre_bid"": ""-25900"", ""sel_2th_pre_req_pre"": ""0"", ""sel_2th_pre_req"": ""276"", ""sel_2th_pre_bid"": ""-25850"", ""sel_1th_pre_req_pre"": ""--20"", ""sel_fpr_req"": ""369"", ""sel_fpr_bid"": ""-25800"", ""buy_fpr_bid"": ""-25750"", ""buy_fpr_req"": ""356"", ""buy_1th_pre_req_pre"": ""0"", ""buy_2th_pre_bid"": ""-25700"", ""buy_2th_pre_req"": ""112"", ""buy_2th_pre_req_pre"": ""0"", ""buy_3th_pre_bid"": ""-25650"", ""buy_3th_pre_req"": ""7"", ""buy_3th_pre_req_pre"": ""0"", ""buy_4th_pre_bid"": ""-25600"", ""buy_4th_pre_req"": ""132"", ""buy_4th_pre_req_pre"": ""0"", ""buy_5th_pre_bid"": ""-25550"", ""buy_5th_pre_req"": ""613"", ""buy_5th_pre_req_pre"": ""0"", ""buy_6th_pre_bid"": ""-25500"", ""buy_6th_pre_req"": ""982"", ""buy_6th_pre_req_pre"": ""0"", ""buy_7th_pre_bid"": ""-25450"", ""buy_7th_pre_req"": ""1150"", ""buy_7th_pre_req_pre"": ""0"", ""buy_8th_pre_bid"": ""-25400"", ""buy_8th_pre_req"": ""666"", ""buy_8th_pre_req_pre"": ""0"", ""buy_9th_pre_bid"": ""-25350"", ""buy_9th_pre_req"": ""392"", ""buy_9th_pre_req_pre"": ""0"", ""buy_10th_pre_bid"": ""-25300"", ""buy_10th_pre_req"": ""429"", ""buy_10th_pre_req_pre"": ""0"", ""tot_sel_req_jub_pre"": ""--20"", ""tot_sel_req"": ""4972"", ""tot_buy_req"": ""4839"", ""tot_buy_req_jub_pre"": ""0"", ""ovt_sel_req_pre"": ""0"", ""ovt_sel_req"": ""0"", ""ovt_buy_req"": ""0"", ""ovt_buy_req_pre"": ""0"", ""return_code"": 0, ""return_msg"": ""정상적으로 처리되었습니다""}"
2026-06-10,watchlist,081660,,0,filtered_candidate_recheck,40150,,40150,40100,40150,40250,0.12453300124533001,0.12453300124533001,,,,,,"{""bid_req_base_tm"": ""104449"", ""sel_10th_pre_req_pre"": ""0"", ""sel_10th_pre_req"": ""70"", ""sel_10th_pre_bid"": ""+40600"", ""sel_9th_pre_req_pre"": ""0"", ""sel_9th_pre_req"": ""116"", ""sel_9th_pre_bid"": ""+40550"", ""sel_8th_pre_req_pre"": ""0"", ""sel_8th_pre_req"": ""196"", ""sel_8th_pre_bid"": ""+40500"", ""sel_7th_pre_req_pre"": ""0"", ""sel_7th_pre_req"": ""35"", ""sel_7th_pre_bid"": ""+40450"", ""sel_6th_pre_req_pre"": ""0"", ""sel_6th_pre_req"": ""37"", ""sel_6th_pre_bid"": ""+40400"", ""sel_5th_pre_req_pre"": ""0"", ""sel_5th_pre_req"": ""44"", ""sel_5th_pre_bid"": ""+40350"", ""sel_4th_pre_req_pre"": ""0"", ""sel_4th_pre_req"": ""154"", ""sel_4th_pre_bid"": ""+40300"", ""sel_3th_pre_req_pre"": ""0"", ""sel_3th_pre_req"": ""2"", ""sel_3th_pre_bid"": ""+40250"", ""sel_2th_pre_req_pre"": ""0"", ""sel_2th_pre_req"": ""30"", ""sel_2th_pre_bid"": ""+40200"", ""sel_1th_pre_req_pre"": ""+236"", ""sel_fpr_req"": ""426"", ""sel_fpr_bid"": ""+40150"", ""buy_fpr_bid"": ""+40100"", ""buy_fpr_req"": ""363"", ""buy_1th_pre_req_pre"": ""0"", ""buy_2th_pre_bid"": ""+40050"", ""buy_2th_pre_req"": ""173"", ""buy_2th_pre_req_pre"": ""0"", ""buy_3th_pre_bid"": ""+40000"", ""buy_3th_pre_req"": ""509"", ""buy_3th_pre_req_pre"": ""0"", ""buy_4th_pre_bid"": ""+39950"", ""buy_4th_pre_req"": ""654"", ""buy_4th_pre_req_pre"": ""0"", ""buy_5th_pre_bid"": ""+39900"", ""buy_5th_pre_req"": ""190"", ""buy_5th_pre_req_pre"": ""0"", ""buy_6th_pre_bid"": ""+39850"", ""buy_6th_pre_req"": ""1"", ""buy_6th_pre_req_pre"": ""0"", ""buy_7th_pre_bid"": ""+39800"", ""buy_7th_pre_req"": ""5"", ""buy_7th_pre_req_pre"": ""0"", ""buy_8th_pre_bid"": ""39700"", ""buy_8th_pre_req"": ""7"", ""buy_8th_pre_req_pre"": ""0"", ""buy_9th_pre_bid"": ""-39650"", ""buy_9th_pre_req"": ""30"", ""buy_9th_pre_req_pre"": ""0"", ""buy_10th_pre_bid"": ""-39600"", ""buy_10th_pre_req"": ""2"", ""buy_10th_pre_req_pre"": ""0"", ""tot_sel_req_jub_pre"": ""+236"", ""tot_sel_req"": ""1110"", ""tot_buy_req"": ""1934"", ""tot_buy_req_jub_pre"": ""0"", ""ovt_sel_req_pre"": ""0"", ""ovt_sel_req"": ""0"", ""ovt_buy_req"": ""0"", ""ovt_buy_req_pre"": ""0"", ""return_code"": 0, ""return_msg"": ""정상적으로 처리되었습니다""}"
2026-06-10,watchlist,008770,,0,filtered_candidate_recheck,54600,,54600,54500,54600,54300,-0.7326007326007326,0.18315018315018314,,,,,,"{""bid_req_base_tm"": ""104449"", ""sel_10th_pre_req_pre"": ""0"", ""sel_10th_pre_req"": ""388"", ""sel_10th_pre_bid"": ""+55500"", ""sel_9th_pre_req_pre"": ""0"", ""sel_9th_pre_req"": ""319"", ""sel_9th_pre_bid"": ""+55400"", ""sel_8th_pre_req_pre"": ""0"", ""sel_8th_pre_req"": ""410"", ""sel_8th_pre_bid"": ""+55300"", ""sel_7th_pre_req_pre"": ""0"", ""sel_7th_pre_req"": ""541"", ""sel_7th_pre_bid"": ""55200"", ""sel_6th_pre_req_pre"": ""0"", ""sel_6th_pre_req"": ""928"", ""sel_6th_pre_bid"": ""-55100"", ""sel_5th_pre_req_pre"": ""0"", ""sel_5th_pre_req"": ""438"", ""sel_5th_pre_bid"": ""-55000"", ""sel_4th_pre_req_pre"": ""0"", ""sel_4th_pre_req"": ""472"", ""sel_4th_pre_bid"": ""-54900"", ""sel_3th_pre_req_pre"": ""0"", ""sel_3th_pre_req"": ""566"", ""sel_3th_pre_bid"": ""-54800"", ""sel_2th_pre_req_pre"": ""0"", ""sel_2th_pre_req"": ""562"", ""sel_2th_pre_bid"": ""-54700"", ""sel_1th_pre_req_pre"": ""0"", ""sel_fpr_req"": ""379"", ""sel_fpr_bid"": ""-54600"", ""buy_fpr_bid"": ""-54500"", ""buy_fpr_req"": ""42"", ""buy_1th_pre_req_pre"": ""--1"", ""buy_2th_pre_bid"": ""-54400"", ""buy_2th_pre_req"": ""39"", ""buy_2th_pre_req_pre"": ""0"", ""buy_3th_pre_bid"": ""-54300"", ""buy_3th_pre_req"": ""300"", ""buy_3th_pre_req_pre"": ""0"", ""buy_4th_pre_bid"": ""-54200"", ""buy_4th_pre_req"": ""510"", ""buy_4th_pre_req_pre"": ""0"", ""buy_5th_pre_bid"": ""-54100"", ""buy_5th_pre_req"": ""42"", ""buy_5th_pre_req_pre"": ""0"", ""buy_6th_pre_bid"": ""-54000"", ""buy_6th_pre_req"": ""231"", ""buy_6th_pre_req_pre"": ""0"", ""buy_7th_pre_bid"": ""-53900"", ""buy_7th_pre_req"": ""203"", ""buy_7th_pre_req_pre"": ""0"", ""buy_8th_pre_bid"": ""-53800"", ""buy_8th_pre_req"": ""390"", ""buy_8th_pre_req_pre"": ""0"", ""buy_9th_pre_bid"": ""-53700"", ""buy_9th_pre_req"": ""429"", ""buy_9th_pre_req_pre"": ""0"", ""buy_10th_pre_bid"": ""-53600"", ""buy_10th_pre_req"": ""147"", ""buy_10th_pre_req_pre"": ""0"", ""tot_sel_req_jub_pre"": ""0"", ""tot_sel_req"": ""5003"", ""tot_buy_req"": ""2333"", ""tot_buy_req_jub_pre"": ""--1"", ""ovt_sel_req_pre"": ""0"", ""ovt_sel_req"": ""0"", ""ovt_buy_req"": ""0"", ""ovt_buy_req_pre"": ""0"", ""return_code"": 0, ""return_msg"": ""정상적으로 처리되었습니다""}"
2026-06-10,watchlist,012330,,0,filtered_candidate_recheck,582000,,582000,581000,582000,584000,0.1718213058419244,0.1718213058419244,,,,,,"{""bid_req_base_tm"": ""104451"", ""sel_10th_pre_req_pre"": ""0"", ""sel_10th_pre_req"": ""251"", ""sel_10th_pre_bid"": ""-591000"", ""sel_9th_pre_req_pre"": ""0"", ""sel_9th_pre_req"": ""451"", ""sel_9th_pre_bid"": ""-590000"", ""sel_8th_pre_req_pre"": ""0"", ""sel_8th_pre_req"": ""326"", ""sel_8th_pre_bid"": ""-589000"", ""sel_7th_pre_req_pre"": ""0"", ""sel_7th_pre_req"": ""92"", ""sel_7th_pre_bid"": ""-588000"", ""sel_6th_pre_req_pre"": ""0"", ""sel_6th_pre_req"": ""320"", ""sel_6th_pre_bid"": ""-587000"", ""sel_5th_pre_req_pre"": ""0"", ""sel_5th_pre_req"": ""115"", ""sel_5th_pre_bid"": ""-586000"", ""sel_4th_pre_req_pre"": ""0"", ""sel_4th_pre_req"": ""98"", ""sel_4th_pre_bid"": ""-585000"", ""sel_3th_pre_req_pre"": ""0"", ""sel_3th_pre_req"": ""256"", ""sel_3th_pre_bid"": ""-584000"", ""sel_2th_pre_req_pre"": ""0"", ""sel_2th_pre_req"": ""84"", ""sel_2th_pre_bid"": ""-583000"", ""sel_1th_pre_req_pre"": ""0"", ""sel_fpr_req"": ""189"", ""sel_fpr_bid"": ""-582000"", ""buy_fpr_bid"": ""-581000"", ""buy_fpr_req"": ""607"", ""buy_1th_pre_req_pre"": ""0"", ""buy_2th_pre_bid"": ""-580000"", ""buy_2th_pre_req"": ""983"", ""buy_2th_pre_req_pre"": ""0"", ""buy_3th_pre_bid"": ""-579000"", ""buy_3th_pre_req"": ""473"", ""buy_3th_pre_req_pre"": ""+3"", ""buy_4th_pre_bid"": ""-578000"", ""buy_4th_pre_req"": ""539"", ""buy_4th_pre_req_pre"": ""0"", ""buy_5th_pre_bid"": ""-577000"", ""buy_5th_pre_req"": ""891"", ""buy_5th_pre_req_pre"": ""0"", ""buy_6th_pre_bid"": ""-576000"", ""buy_6th_pre_req"": ""977"", ""buy_6th_pre_req_pre"": ""0"", ""buy_7th_pre_bid"": ""-575000"", ""buy_7th_pre_req"": ""1476"", ""buy_7th_pre_req_pre"": ""0"", ""buy_8th_pre_bid"": ""-574000"", ""buy_8th_pre_req"": ""635"", ""buy_8th_pre_req_pre"": ""0"", ""buy_9th_pre_bid"": ""-573000"", ""buy_9th_pre_req"": ""946"", ""buy_9th_pre_req_pre"": ""0"", ""buy_10th_pre_bid"": ""-572000"", ""buy_10th_pre_req"": ""1510"", ""buy_10th_pre_req_pre"": ""0"", ""tot_sel_req_jub_pre"": ""0"", ""tot_sel_req"": ""2182"", ""tot_buy_req"": ""9037"", ""tot_buy_req_jub_pre"": ""+3"", ""ovt_sel_req_pre"": ""0"", ""ovt_sel_req"": ""0"", ""ovt_buy_req"": ""0"", ""ovt_buy_req_pre"": ""0"", ""return_code"": 0, ""return_msg"": ""정상적으로 처리되었습니다""}"
2026-06-10,watchlist,009155,,0,filtered_candidate_recheck,607000,,607000,606000,607000,609000,0.16474464579901155,0.16474464579901155,,,,,,"{""bid_req_base_tm"": ""104451"", ""sel_10th_pre_req_pre"": ""0"", ""sel_10th_pre_req"": ""38"", ""sel_10th_pre_bid"": ""-617000"", ""sel_9th_pre_req_pre"": ""0"", ""sel_9th_pre_req"": ""9"", ""sel_9th_pre_bid"": ""-616000"", ""sel_8th_pre_req_pre"": ""0"", ""sel_8th_pre_req"": ""10"", ""sel_8th_pre_bid"": ""-615000"", ""sel_7th_pre_req_pre"": ""0"", ""sel_7th_pre_req"": ""41"", ""sel_7th_pre_bid"": ""-614000"", ""sel_6th_pre_req_pre"": ""0"", ""sel_6th_pre_req"": ""54"", ""sel_6th_pre_bid"": ""-613000"", ""sel_5th_pre_req_pre"": ""+2"", ""sel_5th_pre_req"": ""12"", ""sel_5th_pre_bid"": ""-612000"", ""sel_4th_pre_req_pre"": ""0"", ""sel_4th_pre_req"": ""51"", ""sel_4th_pre_bid"": ""-611000"", ""sel_3th_pre_req_pre"": ""0"", ""sel_3th_pre_req"": ""4"", ""sel_3th_pre_bid"": ""-610000"", ""sel_2th_pre_req_pre"": ""0"", ""sel_2th_pre_req"": ""46"", ""sel_2th_pre_bid"": ""-608000"", ""sel_1th_pre_req_pre"": ""0"", ""sel_fpr_req"": ""36"", ""sel_fpr_bid"": ""-607000"", ""buy_fpr_bid"": ""-606000"", ""buy_fpr_req"": ""54"", ""buy_1th_pre_req_pre"": ""0"", ""buy_2th_pre_bid"": ""-605000"", ""buy_2th_pre_req"": ""57"", ""buy_2th_pre_req_pre"": ""0"", ""buy_3th_pre_bid"": ""-604000"", ""buy_3th_pre_req"": ""44"", ""buy_3th_pre_req_pre"": ""0"", ""buy_4th_pre_bid"": ""-603000"", ""buy_4th_pre_req"": ""72"", ""buy_4th_pre_req_pre"": ""0"", ""buy_5th_pre_bid"": ""-602000"", ""buy_5th_pre_req"": ""200"", ""buy_5th_pre_req_pre"": ""0"", ""buy_6th_pre_bid"": ""-601000"", ""buy_6th_pre_req"": ""185"", ""buy_6th_pre_req_pre"": ""0"", ""buy_7th_pre_bid"": ""-600000"", ""buy_7th_pre_req"": ""481"", ""buy_7th_pre_req_pre"": ""0"", ""buy_8th_pre_bid"": ""-599000"", ""buy_8th_pre_req"": ""207"", ""buy_8th_pre_req_pre"": ""0"", ""buy_9th_pre_bid"": ""-598000"", ""buy_9th_pre_req"": ""82"", ""buy_9th_pre_req_pre"": ""0"", ""buy_10th_pre_bid"": ""-597000"", ""buy_10th_pre_req"": ""117"", ""buy_10th_pre_req_pre"": ""0"", ""tot_sel_req_jub_pre"": ""+2"", ""tot_sel_req"": ""301"", ""tot_buy_req"": ""1499"", ""tot_buy_req_jub_pre"": ""0"", ""ovt_sel_req_pre"": ""0"", ""ovt_sel_req"": ""0"", ""ovt_buy_req"": ""0"", ""ovt_buy_req_pre"": ""0"", ""return_code"": 0, ""return_msg"": ""정상적으로 처리되었습니다""}"
2026-06-10,watchlist,181710,,0,filtered_candidate_recheck,41350,,41350,41250,41350,41200,-0.48367593712212814,0.24183796856106407,,,,,,"{""bid_req_base_tm"": ""104450"", ""sel_10th_pre_req_pre"": ""0"", ""sel_10th_pre_req"": ""1"", ""sel_10th_pre_bid"": ""-41800"", ""sel_9th_pre_req_pre"": ""0"", ""sel_9th_pre_req"": ""2"", ""sel_9th_pre_bid"": ""-41750"", ""sel_8th_pre_req_pre"": ""0"", ""sel_8th_pre_req"": ""23"", ""sel_8th_pre_bid"": ""-41700"", ""sel_7th_pre_req_pre"": ""0"", ""sel_7th_pre_req"": ""500"", ""sel_7th_pre_bid"": ""-41650"", ""sel_6th_pre_req_pre"": ""0"", ""sel_6th_pre_req"": ""25"", ""sel_6th_pre_bid"": ""-41600"", ""sel_5th_pre_req_pre"": ""0"", ""sel_5th_pre_req"": ""5"", ""sel_5th_pre_bid"": ""-41550"", ""sel_4th_pre_req_pre"": ""0"", ""sel_4th_pre_req"": ""346"", ""sel_4th_pre_bid"": ""-41500"", ""sel_3th_pre_req_pre"": ""0"", ""sel_3th_pre_req"": ""27"", ""sel_3th_pre_bid"": ""-41450"", ""sel_2th_pre_req_pre"": ""0"", ""sel_2th_pre_req"": ""37"", ""sel_2th_pre_bid"": ""-41400"", ""sel_1th_pre_req_pre"": ""0"", ""sel_fpr_req"": ""6"", ""sel_fpr_bid"": ""-41350"", ""buy_fpr_bid"": ""-41250"", ""buy_fpr_req"": ""40"", ""buy_1th_pre_req_pre"": ""0"", ""buy_2th_pre_bid"": ""-41200"", ""buy_2th_pre_req"": ""65"", ""buy_2th_pre_req_pre"": ""0"", ""buy_3th_pre_bid"": ""-41150"", ""buy_3th_pre_req"": ""173"", ""buy_3th_pre_req_pre"": ""0"", ""buy_4th_pre_bid"": ""-41100"", ""buy_4th_pre_req"": ""32"", ""buy_4th_pre_req_pre"": ""0"", ""buy_5th_pre_bid"": ""-41050"", ""buy_5th_pre_req"": ""2"", ""buy_5th_pre_req_pre"": ""0"", ""buy_6th_pre_bid"": ""-41000"", ""buy_6th_pre_req"": ""248"", ""buy_6th_pre_req_pre"": ""0"", ""buy_7th_pre_bid"": ""-40950"", ""buy_7th_pre_req"": ""1"", ""buy_7th_pre_req_pre"": ""0"", ""buy_8th_pre_bid"": ""-40900"", ""buy_8th_pre_req"": ""5"", ""buy_8th_pre_req_pre"": ""0"", ""buy_9th_pre_bid"": ""-40850"", ""buy_9th_pre_req"": ""2"", ""buy_9th_pre_req_pre"": ""0"", ""buy_10th_pre_bid"": ""-40800"", ""buy_10th_pre_req"": ""5"", ""buy_10th_pre_req_pre"": ""0"", ""tot_sel_req_jub_pre"": ""0"", ""tot_sel_req"": ""972"", ""tot_buy_req"": ""573"", ""tot_buy_req_jub_pre"": ""0"", ""ovt_sel_req_pre"": ""0"", ""ovt_sel_req"": ""0"", ""ovt_buy_req"": ""0"", ""ovt_buy_req_pre"": ""0"", ""return_code"": 0, ""return_msg"": ""정상적으로 처리되었습니다""}"
2026-06-10,watchlist,085620,,0,filtered_candidate_recheck,22400,,22400,22350,22400,22450,0.0,0.2232142857142857,,,,,,"{""bid_req_base_tm"": ""104451"", ""sel_10th_pre_req_pre"": ""0"", ""sel_10th_pre_req"": ""1868"", ""sel_10th_pre_bid"": ""-22850"", ""sel_9th_pre_req_pre"": ""0"", ""sel_9th_pre_req"": ""2822"", ""sel_9th_pre_bid"": ""-22800"", ""sel_8th_pre_req_pre"": ""0"", ""sel_8th_pre_req"": ""697"", ""sel_8th_pre_bid"": ""-22750"", ""sel_7th_pre_req_pre"": ""0"", ""sel_7th_pre_req"": ""463"", ""sel_7th_pre_bid"": ""-22700"", ""sel_6th_pre_req_pre"": ""0"", ""sel_6th_pre_req"": ""277"", ""sel_6th_pre_bid"": ""-22650"", ""sel_5th_pre_req_pre"": ""0"", ""sel_5th_pre_req"": ""2122"", ""sel_5th_pre_bid"": ""-22600"", ""sel_4th_pre_req_pre"": ""0"", ""sel_4th_pre_req"": ""937"", ""sel_4th_pre_bid"": ""-22550"", ""sel_3th_pre_req_pre"": ""0"", ""sel_3th_pre_req"": ""874"", ""sel_3th_pre_bid"": ""-22500"", ""sel_2th_pre_req_pre"": ""0"", ""sel_2th_pre_req"": ""463"", ""sel_2th_pre_bid"": ""-22450"", ""sel_1th_pre_req_pre"": ""--1"", ""sel_fpr_req"": ""25"", ""sel_fpr_bid"": ""-22400"", ""buy_fpr_bid"": ""-22350"", ""buy_fpr_req"": ""438"", ""buy_1th_pre_req_pre"": ""0"", ""buy_2th_pre_bid"": ""-22300"", ""buy_2th_pre_req"": ""3120"", ""buy_2th_pre_req_pre"": ""0"", ""buy_3th_pre_bid"": ""-22250"", ""buy_3th_pre_req"": ""1156"", ""buy_3th_pre_req_pre"": ""0"", ""buy_4th_pre_bid"": ""-22200"", ""buy_4th_pre_req"": ""1058"", ""buy_4th_pre_req_pre"": ""0"", ""buy_5th_pre_bid"": ""-22150"", ""buy_5th_pre_req"": ""1183"", ""buy_5th_pre_req_pre"": ""0"", ""buy_6th_pre_bid"": ""-22100"", ""buy_6th_pre_req"": ""1139"", ""buy_6th_pre_req_pre"": ""0"", ""buy_7th_pre_bid"": ""-22050"", ""buy_7th_pre_req"": ""2685"", ""buy_7th_pre_req_pre"": ""0"", ""buy_8th_pre_bid"": ""-22000"", ""buy_8th_pre_req"": ""1832"", ""buy_8th_pre_req_pre"": ""0"", ""buy_9th_pre_bid"": ""-21950"", ""buy_9th_pre_req"": ""2334"", ""buy_9th_pre_req_pre"": ""0"", ""buy_10th_pre_bid"": ""-21900"", ""buy_10th_pre_req"": ""2746"", ""buy_10th_pre_req_pre"": ""0"", ""tot_sel_req_jub_pre"": ""--1"", ""tot_sel_req"": ""10548"", ""tot_buy_req"": ""17691"", ""tot_buy_req_jub_pre"": ""0"", ""ovt_sel_req_pre"": ""0"", ""ovt_sel_req"": ""0"", ""ovt_buy_req"": ""0"", ""ovt_buy_req_pre"": ""0"", ""return_code"": 0, ""return_msg"": ""정상적으로 처리되었습니다""}"
2026-06-10,watchlist,062040,,0,filtered_candidate_recheck,226500,,226500,226000,226500,227500,0.22075055187637968,0.22075055187637968,,,,,,"{""bid_req_base_tm"": ""104452"", ""sel_10th_pre_req_pre"": ""0"", ""sel_10th_pre_req"": ""388"", ""sel_10th_pre_bid"": ""+231000"", ""sel_9th_pre_req_pre"": ""0"", ""sel_9th_pre_req"": ""149"", ""sel_9th_pre_bid"": ""+230500"", ""sel_8th_pre_req_pre"": ""0"", ""sel_8th_pre_req"": ""321"", ""sel_8th_pre_bid"": ""+230000"", ""sel_7th_pre_req_pre"": ""0"", ""sel_7th_pre_req"": ""82"", ""sel_7th_pre_bid"": ""+229500"", ""sel_6th_pre_req_pre"": ""0"", ""sel_6th_pre_req"": ""32"", ""sel_6th_pre_bid"": ""+229000"", ""sel_5th_pre_req_pre"": ""0"", ""sel_5th_pre_req"": ""89"", ""sel_5th_pre_bid"": ""+228500"", ""sel_4th_pre_req_pre"": ""0"", ""sel_4th_pre_req"": ""179"", ""sel_4th_pre_bid"": ""+228000"", ""sel_3th_pre_req_pre"": ""0"", ""sel_3th_pre_req"": ""70"", ""sel_3th_pre_bid"": ""+227500"", ""sel_2th_pre_req_pre"": ""0"", ""sel_2th_pre_req"": ""85"", ""sel_2th_pre_bid"": ""+227000"", ""sel_1th_pre_req_pre"": ""0"", ""sel_fpr_req"": ""136"", ""sel_fpr_bid"": ""+226500"", ""buy_fpr_bid"": ""+226000"", ""buy_fpr_req"": ""285"", ""buy_1th_pre_req_pre"": ""0"", ""buy_2th_pre_bid"": ""+225500"", ""buy_2th_pre_req"": ""351"", ""buy_2th_pre_req_pre"": ""0"", ""buy_3th_pre_bid"": ""225000"", ""buy_3th_pre_req"": ""680"", ""buy_3th_pre_req_pre"": ""0"", ""buy_4th_pre_bid"": ""-224500"", ""buy_4th_pre_req"": ""74"", ""buy_4th_pre_req_pre"": ""0"", ""buy_5th_pre_bid"": ""-224000"", ""buy_5th_pre_req"": ""231"", ""buy_5th_pre_req_pre"": ""0"", ""buy_6th_pre_bid"": ""-223500"", ""buy_6th_pre_req"": ""70"", ""buy_6th_pre_req_pre"": ""0"", ""buy_7th_pre_bid"": ""-223000"", ""buy_7th_pre_req"": ""280"", ""buy_7th_pre_req_pre"": ""0"", ""buy_8th_pre_bid"": ""-222500"", ""buy_8th_pre_req"": ""224"", ""buy_8th_pre_req_pre"": ""0"", ""buy_9th_pre_bid"": ""-222000"", ""buy_9th_pre_req"": ""133"", ""buy_9th_pre_req_pre"": ""0"", ""buy_10th_pre_bid"": ""-221500"", ""buy_10th_pre_req"": ""120"", ""buy_10th_pre_req_pre"": ""+1"", ""tot_sel_req_jub_pre"": ""0"", ""tot_sel_req"": ""1531"", ""tot_buy_req"": ""2448"", ""tot_buy_req_jub_pre"": ""+1"", ""ovt_sel_req_pre"": ""0"", ""ovt_sel_req"": ""0"", ""ovt_buy_req"": ""0"", ""ovt_buy_req_pre"": ""0"", ""return_code"": 0, ""return_msg"": ""정상적으로 처리되었습니다""}"
2026-06-10,watchlist,036460,,0,filtered_candidate_recheck,34450,,34450,34400,34450,34450,-0.14513788098693758,0.14513788098693758,,,,,,"{""bid_req_base_tm"": ""104451"", ""sel_10th_pre_req_pre"": ""0"", ""sel_10th_pre_req"": ""639"", ""sel_10th_pre_bid"": ""+34900"", ""sel_9th_pre_req_pre"": ""0"", ""sel_9th_pre_req"": ""532"", ""sel_9th_pre_bid"": ""+34850"", ""sel_8th_pre_req_pre"": ""0"", ""sel_8th_pre_req"": ""210"", ""sel_8th_pre_bid"": ""+34800"", ""sel_7th_pre_req_pre"": ""0"", ""sel_7th_pre_req"": ""577"", ""sel_7th_pre_bid"": ""+34750"", ""sel_6th_pre_req_pre"": ""0"", ""sel_6th_pre_req"": ""512"", ""sel_6th_pre_bid"": ""+34700"", ""sel_5th_pre_req_pre"": ""0"", ""sel_5th_pre_req"": ""271"", ""sel_5th_pre_bid"": ""+34650"", ""sel_4th_pre_req_pre"": ""0"", ""sel_4th_pre_req"": ""937"", ""sel_4th_pre_bid"": ""+34600"", ""sel_3th_pre_req_pre"": ""+100"", ""sel_3th_pre_req"": ""101"", ""sel_3th_pre_bid"": ""+34550"", ""sel_2th_pre_req_pre"": ""0"", ""sel_2th_pre_req"": ""11"", ""sel_2th_pre_bid"": ""+34500"", ""sel_1th_pre_req_pre"": ""0"", ""sel_fpr_req"": ""283"", ""sel_fpr_bid"": ""+34450"", ""buy_fpr_bid"": ""+34400"", ""buy_fpr_req"": ""76"", ""buy_1th_pre_req_pre"": ""0"", ""buy_2th_pre_bid"": ""+34350"", ""buy_2th_pre_req"": ""35"", ""buy_2th_pre_req_pre"": ""0"", ""buy_3th_pre_bid"": ""+34300"", ""buy_3th_pre_req"": ""140"", ""buy_3th_pre_req_pre"": ""0"", ""buy_4th_pre_bid"": ""+34250"", ""buy_4th_pre_req"": ""722"", ""buy_4th_pre_req_pre"": ""0"", ""buy_5th_pre_bid"": ""+34200"", ""buy_5th_pre_req"": ""673"", ""buy_5th_pre_req_pre"": ""0"", ""buy_6th_pre_bid"": ""+34150"", ""buy_6th_pre_req"": ""681"", ""buy_6th_pre_req_pre"": ""0"", ""buy_7th_pre_bid"": ""+34100"", ""buy_7th_pre_req"": ""731"", ""buy_7th_pre_req_pre"": ""0"", ""buy_8th_pre_bid"": ""+34050"", ""buy_8th_pre_req"": ""1418"", ""buy_8th_pre_req_pre"": ""0"", ""buy_9th_pre_bid"": ""34000"", ""buy_9th_pre_req"": ""3203"", ""buy_9th_pre_req_pre"": ""0"", ""buy_10th_pre_bid"": ""-33950"", ""buy_10th_pre_req"": ""854"", ""buy_10th_pre_req_pre"": ""0"", ""tot_sel_req_jub_pre"": ""+100"", ""tot_sel_req"": ""4073"", ""tot_buy_req"": ""8533"", ""tot_buy_req_jub_pre"": ""0"", ""ovt_sel_req_pre"": ""0"", ""ovt_sel_req"": ""0"", ""ovt_buy_req"": ""0"", ""ovt_buy_req_pre"": ""0"", ""return_code"": 0, ""return_msg"": ""정상적으로 처리되었습니다""}"
2026-06-10,watchlist,066575,,0,filtered_candidate_recheck,78900,,78900,78800,78900,79100,0.12674271229404308,0.12674271229404308,,,,,,"{""bid_req_base_tm"": ""104451"", ""sel_10th_pre_req_pre"": ""0"", ""sel_10th_pre_req"": ""135"", ""sel_10th_pre_bid"": ""-79800"", ""sel_9th_pre_req_pre"": ""0"", ""sel_9th_pre_req"": ""158"", ""sel_9th_pre_bid"": ""-79700"", ""sel_8th_pre_req_pre"": ""0"", ""sel_8th_pre_req"": ""176"", ""sel_8th_pre_bid"": ""-79600"", ""sel_7th_pre_req_pre"": ""0"", ""sel_7th_pre_req"": ""114"", ""sel_7th_pre_bid"": ""-79500"", ""sel_6th_pre_req_pre"": ""0"", ""sel_6th_pre_req"": ""123"", ""sel_6th_pre_bid"": ""-79400"", ""sel_5th_pre_req_pre"": ""0"", ""sel_5th_pre_req"": ""96"", ""sel_5th_pre_bid"": ""-79300"", ""sel_4th_pre_req_pre"": ""0"", ""sel_4th_pre_req"": ""66"", ""sel_4th_pre_bid"": ""-79200"", ""sel_3th_pre_req_pre"": ""0"", ""sel_3th_pre_req"": ""53"", ""sel_3th_pre_bid"": ""-79100"", ""sel_2th_pre_req_pre"": ""0"", ""sel_2th_pre_req"": ""102"", ""sel_2th_pre_bid"": ""-79000"", ""sel_1th_pre_req_pre"": ""--2"", ""sel_fpr_req"": ""66"", ""sel_fpr_bid"": ""-78900"", ""buy_fpr_bid"": ""-78800"", ""buy_fpr_req"": ""307"", ""buy_1th_pre_req_pre"": ""0"", ""buy_2th_pre_bid"": ""-78700"", ""buy_2th_pre_req"": ""139"", ""buy_2th_pre_req_pre"": ""0"", ""buy_3th_pre_bid"": ""-78600"", ""buy_3th_pre_req"": ""282"", ""buy_3th_pre_req_pre"": ""0"", ""buy_4th_pre_bid"": ""-78500"", ""buy_4th_pre_req"": ""433"", ""buy_4th_pre_req_pre"": ""0"", ""buy_5th_pre_bid"": ""-78400"", ""buy_5th_pre_req"": ""105"", ""buy_5th_pre_req_pre"": ""0"", ""buy_6th_pre_bid"": ""-78300"", ""buy_6th_pre_req"": ""113"", ""buy_6th_pre_req_pre"": ""0"", ""buy_7th_pre_bid"": ""-78200"", ""buy_7th_pre_req"": ""188"", ""buy_7th_pre_req_pre"": ""0"", ""buy_8th_pre_bid"": ""-78100"", ""buy_8th_pre_req"": ""271"", ""buy_8th_pre_req_pre"": ""0"", ""buy_9th_pre_bid"": ""-78000"", ""buy_9th_pre_req"": ""1020"", ""buy_9th_pre_req_pre"": ""0"", ""buy_10th_pre_bid"": ""-77900"", ""buy_10th_pre_req"": ""985"", ""buy_10th_pre_req_pre"": ""0"", ""tot_sel_req_jub_pre"": ""--2"", ""tot_sel_req"": ""1089"", ""tot_buy_req"": ""3843"", ""tot_buy_req_jub_pre"": ""0"", ""ovt_sel_req_pre"": ""0"", ""ovt_sel_req"": ""0"", ""ovt_buy_req"": ""0"", ""ovt_buy_req_pre"": ""0"", ""return_code"": 0, ""return_msg"": ""정상적으로 처리되었습니다""}"
2026-06-10,watchlist,000810,,0,filtered_candidate_recheck,613000,,613000,612000,613000,609000,-0.8156606851549755,0.1631321370309951,,,,,,"{""bid_req_base_tm"": ""104453"", ""sel_10th_pre_req_pre"": ""0"", ""sel_10th_pre_req"": ""131"", ""sel_10th_pre_bid"": ""-622000"", ""sel_9th_pre_req_pre"": ""0"", ""sel_9th_pre_req"": ""142"", ""sel_9th_pre_bid"": ""-621000"", ""sel_8th_pre_req_pre"": ""0"", ""sel_8th_pre_req"": ""84"", ""sel_8th_pre_bid"": ""-620000"", ""sel_7th_pre_req_pre"": ""0"", ""sel_7th_pre_req"": ""200"", ""sel_7th_pre_bid"": ""-619000"", ""sel_6th_pre_req_pre"": ""0"", ""sel_6th_pre_req"": ""21"", ""sel_6th_pre_bid"": ""-618000"", ""sel_5th_pre_req_pre"": ""0"", ""sel_5th_pre_req"": ""23"", ""sel_5th_pre_bid"": ""-617000"", ""sel_4th_pre_req_pre"": ""+2"", ""sel_4th_pre_req"": ""24"", ""sel_4th_pre_bid"": ""-616000"", ""sel_3th_pre_req_pre"": ""0"", ""sel_3th_pre_req"": ""136"", ""sel_3th_pre_bid"": ""-615000"", ""sel_2th_pre_req_pre"": ""0"", ""sel_2th_pre_req"": ""71"", ""sel_2th_pre_bid"": ""-614000"", ""sel_1th_pre_req_pre"": ""+6"", ""sel_fpr_req"": ""212"", ""sel_fpr_bid"": ""-613000"", ""buy_fpr_bid"": ""-612000"", ""buy_fpr_req"": ""1"", ""buy_1th_pre_req_pre"": ""0"", ""buy_2th_pre_bid"": ""-611000"", ""buy_2th_pre_req"": ""37"", ""buy_2th_pre_req_pre"": ""0"", ""buy_3th_pre_bid"": ""-610000"", ""buy_3th_pre_req"": ""72"", ""buy_3th_pre_req_pre"": ""0"", ""buy_4th_pre_bid"": ""-609000"", ""buy_4th_pre_req"": ""18"", ""buy_4th_pre_req_pre"": ""0"", ""buy_5th_pre_bid"": ""-608000"", ""buy_5th_pre_req"": ""7"", ""buy_5th_pre_req_pre"": ""0"", ""buy_6th_pre_bid"": ""-607000"", ""buy_6th_pre_req"": ""55"", ""buy_6th_pre_req_pre"": ""0"", ""buy_7th_pre_bid"": ""-606000"", ""buy_7th_pre_req"": ""21"", ""buy_7th_pre_req_pre"": ""0"", ""buy_8th_pre_bid"": ""-605000"", ""buy_8th_pre_req"": ""58"", ""buy_8th_pre_req_pre"": ""0"", ""buy_9th_pre_bid"": ""-604000"", ""buy_9th_pre_req"": ""24"", ""buy_9th_pre_req_pre"": ""0"", ""buy_10th_pre_bid"": ""-603000"", ""buy_10th_pre_req"": ""27"", ""buy_10th_pre_req_pre"": ""0"", ""tot_sel_req_jub_pre"": ""+8"", ""tot_sel_req"": ""1044"", ""tot_buy_req"": ""320"", ""tot_buy_req_jub_pre"": ""0"", ""ovt_sel_req_pre"": ""0"", ""ovt_sel_req"": ""0"", ""ovt_buy_req"": ""0"", ""ovt_buy_req_pre"": ""0"", ""return_code"": 0, ""return_msg"": ""정상적으로 처리되었습니다""}"
2026-06-10,watchlist,005930,,0,filtered_candidate_recheck,307500,,307500,307000,307500,308500,0.16260162601626016,0.16260162601626016,,,,,,"{""bid_req_base_tm"": ""104453"", ""sel_10th_pre_req_pre"": ""0"", ""sel_10th_pre_req"": ""24586"", ""sel_10th_pre_bid"": ""-312000"", ""sel_9th_pre_req_pre"": ""0"", ""sel_9th_pre_req"": ""12003"", ""sel_9th_pre_bid"": ""-311500"", ""sel_8th_pre_req_pre"": ""0"", ""sel_8th_pre_req"": ""15344"", ""sel_8th_pre_bid"": ""-311000"", ""sel_7th_pre_req_pre"": ""0"", ""sel_7th_pre_req"": ""16551"", ""sel_7th_pre_bid"": ""-310500"", ""sel_6th_pre_req_pre"": ""0"", ""sel_6th_pre_req"": ""23081"", ""sel_6th_pre_bid"": ""-310000"", ""sel_5th_pre_req_pre"": ""0"", ""sel_5th_pre_req"": ""17006"", ""sel_5th_pre_bid"": ""-309500"", ""sel_4th_pre_req_pre"": ""0"", ""sel_4th_pre_req"": ""15660"", ""sel_4th_pre_bid"": ""-309000"", ""sel_3th_pre_req_pre"": ""0"", ""sel_3th_pre_req"": ""14776"", ""sel_3th_pre_bid"": ""-308500"", ""sel_2th_pre_req_pre"": ""0"", ""sel_2th_pre_req"": ""24371"", ""sel_2th_pre_bid"": ""-308000"", ""sel_1th_pre_req_pre"": ""+1"", ""sel_fpr_req"": ""17333"", ""sel_fpr_bid"": ""-307500"", ""buy_fpr_bid"": ""-307000"", ""buy_fpr_req"": ""6483"", ""buy_1th_pre_req_pre"": ""+1"", ""buy_2th_pre_bid"": ""-306500"", ""buy_2th_pre_req"": ""46390"", ""buy_2th_pre_req_pre"": ""+2"", ""buy_3th_pre_bid"": ""-306000"", ""buy_3th_pre_req"": ""89790"", ""buy_3th_pre_req_pre"": ""0"", ""buy_4th_pre_bid"": ""-305500"", ""buy_4th_pre_req"": ""98477"", ""buy_4th_pre_req_pre"": ""0"", ""buy_5th_pre_bid"": ""-305000"", ""buy_5th_pre_req"": ""226735"", ""buy_5th_pre_req_pre"": ""--26"", ""buy_6th_pre_bid"": ""-304500"", ""buy_6th_pre_req"": ""31323"", ""buy_6th_pre_req_pre"": ""0"", ""buy_7th_pre_bid"": ""-304000"", ""buy_7th_pre_req"": ""46753"", ""buy_7th_pre_req_pre"": ""0"", ""buy_8th_pre_bid"": ""-303500"", ""buy_8th_pre_req"": ""40830"", ""buy_8th_pre_req_pre"": ""0"", ""buy_9th_pre_bid"": ""-303000"", ""buy_9th_pre_req"": ""78734"", ""buy_9th_pre_req_pre"": ""0"", ""buy_10th_pre_bid"": ""-302500"", ""buy_10th_pre_req"": ""47338"", ""buy_10th_pre_req_pre"": ""0"", ""tot_sel_req_jub_pre"": ""+1"", ""tot_sel_req"": ""180711"", ""tot_buy_req"": ""712853"", ""tot_buy_req_jub_pre"": ""--23"", ""ovt_sel_req_pre"": ""0"", ""ovt_sel_req"": ""0"", ""ovt_buy_req"": ""0"", ""ovt_buy_req_pre"": ""0"", ""return_code"": 0, ""return_msg"": ""정상적으로 처리되었습니다""}"
2026-06-10,watchlist,000370,,0,filtered_candidate_recheck,6480,,6480,6470,6480,6430,-0.9259259259259258,0.15432098765432098,,,,,,"{""bid_req_base_tm"": ""104451"", ""sel_10th_pre_req_pre"": ""0"", ""sel_10th_pre_req"": ""11"", ""sel_10th_pre_bid"": ""+6590"", ""sel_9th_pre_req_pre"": ""0"", ""sel_9th_pre_req"": ""120"", ""sel_9th_pre_bid"": ""+6580"", ""sel_8th_pre_req_pre"": ""0"", ""sel_8th_pre_req"": ""751"", ""sel_8th_pre_bid"": ""+6570"", ""sel_7th_pre_req_pre"": ""0"", ""sel_7th_pre_req"": ""101"", ""sel_7th_pre_bid"": ""+6560"", ""sel_6th_pre_req_pre"": ""0"", ""sel_6th_pre_req"": ""1010"", ""sel_6th_pre_bid"": ""+6550"", ""sel_5th_pre_req_pre"": ""0"", ""sel_5th_pre_req"": ""2607"", ""sel_5th_pre_bid"": ""+6540"", ""sel_4th_pre_req_pre"": ""0"", ""sel_4th_pre_req"": ""360"", ""sel_4th_pre_bid"": ""+6520"", ""sel_3th_pre_req_pre"": ""0"", ""sel_3th_pre_req"": ""40"", ""sel_3th_pre_bid"": ""+6510"", ""sel_2th_pre_req_pre"": ""0"", ""sel_2th_pre_req"": ""668"", ""sel_2th_pre_bid"": ""+6490"", ""sel_1th_pre_req_pre"": ""0"", ""sel_fpr_req"": ""7292"", ""sel_fpr_bid"": ""+6480"", ""buy_fpr_bid"": ""+6470"", ""buy_fpr_req"": ""60"", ""buy_1th_pre_req_pre"": ""0"", ""buy_2th_pre_bid"": ""+6460"", ""buy_2th_pre_req"": ""13"", ""buy_2th_pre_req_pre"": ""0"", ""buy_3th_pre_bid"": ""6450"", ""buy_3th_pre_req"": ""303"", ""buy_3th_pre_req_pre"": ""+10"", ""buy_4th_pre_bid"": ""-6440"", ""buy_4th_pre_req"": ""130"", ""buy_4th_pre_req_pre"": ""0"", ""buy_5th_pre_bid"": ""-6430"", ""buy_5th_pre_req"": ""2"", ""buy_5th_pre_req_pre"": ""0"", ""buy_6th_pre_bid"": ""-6420"", ""buy_6th_pre_req"": ""253"", ""buy_6th_pre_req_pre"": ""0"", ""buy_7th_pre_bid"": ""-6410"", ""buy_7th_pre_req"": ""927"", ""buy_7th_pre_req_pre"": ""0"", ""buy_8th_pre_bid"": ""-6400"", ""buy_8th_pre_req"": ""4171"", ""buy_8th_pre_req_pre"": ""0"", ""buy_9th_pre_bid"": ""-6390"", ""buy_9th_pre_req"": ""103"", ""buy_9th_pre_req_pre"": ""0"", ""buy_10th_pre_bid"": ""-6380"", ""buy_10th_pre_req"": ""145"", ""buy_10th_pre_req_pre"": ""0"", ""tot_sel_req_jub_pre"": ""0"", ""tot_sel_req"": ""12960"", ""tot_buy_req"": ""6107"", ""tot_buy_req_jub_pre"": ""+10"", ""ovt_sel_req_pre"": ""0"", ""ovt_sel_req"": ""0"", ""ovt_buy_req"": ""0"", ""ovt_buy_req_pre"": ""0"", ""return_code"": 0, ""return_msg"": ""정상적으로 처리되었습니다""}"
2026-06-10,watchlist,064400,,0,filtered_candidate_recheck,96200,,96200,96100,96200,96400,0.10395010395010396,0.10395010395010396,,,,,,"{""bid_req_base_tm"": ""104453"", ""sel_10th_pre_req_pre"": ""0"", ""sel_10th_pre_req"": ""102"", ""sel_10th_pre_bid"": ""-97100"", ""sel_9th_pre_req_pre"": ""0"", ""sel_9th_pre_req"": ""706"", ""sel_9th_pre_bid"": ""-97000"", ""sel_8th_pre_req_pre"": ""0"", ""sel_8th_pre_req"": ""248"", ""sel_8th_pre_bid"": ""-96900"", ""sel_7th_pre_req_pre"": ""0"", ""sel_7th_pre_req"": ""374"", ""sel_7th_pre_bid"": ""-96800"", ""sel_6th_pre_req_pre"": ""0"", ""sel_6th_pre_req"": ""331"", ""sel_6th_pre_bid"": ""-96700"", ""sel_5th_pre_req_pre"": ""0"", ""sel_5th_pre_req"": ""299"", ""sel_5th_pre_bid"": ""-96600"", ""sel_4th_pre_req_pre"": ""0"", ""sel_4th_pre_req"": ""262"", ""sel_4th_pre_bid"": ""-96500"", ""sel_3th_pre_req_pre"": ""0"", ""sel_3th_pre_req"": ""113"", ""sel_3th_pre_bid"": ""-96400"", ""sel_2th_pre_req_pre"": ""0"", ""sel_2th_pre_req"": ""111"", ""sel_2th_pre_bid"": ""-96300"", ""sel_1th_pre_req_pre"": ""0"", ""sel_fpr_req"": ""144"", ""sel_fpr_bid"": ""-96200"", ""buy_fpr_bid"": ""-96100"", ""buy_fpr_req"": ""398"", ""buy_1th_pre_req_pre"": ""0"", ""buy_2th_pre_bid"": ""-96000"", ""buy_2th_pre_req"": ""791"", ""buy_2th_pre_req_pre"": ""0"", ""buy_3th_pre_bid"": ""-95900"", ""buy_3th_pre_req"": ""692"", ""buy_3th_pre_req_pre"": ""0"", ""buy_4th_pre_bid"": ""-95800"", ""buy_4th_pre_req"": ""1455"", ""buy_4th_pre_req_pre"": ""0"", ""buy_5th_pre_bid"": ""-95700"", ""buy_5th_pre_req"": ""1155"", ""buy_5th_pre_req_pre"": ""0"", ""buy_6th_pre_bid"": ""-95600"", ""buy_6th_pre_req"": ""1389"", ""buy_6th_pre_req_pre"": ""0"", ""buy_7th_pre_bid"": ""-95500"", ""buy_7th_pre_req"": ""1661"", ""buy_7th_pre_req_pre"": ""0"", ""buy_8th_pre_bid"": ""-95400"", ""buy_8th_pre_req"": ""1504"", ""buy_8th_pre_req_pre"": ""0"", ""buy_9th_pre_bid"": ""-95300"", ""buy_9th_pre_req"": ""1655"", ""buy_9th_pre_req_pre"": ""0"", ""buy_10th_pre_bid"": ""-95200"", ""buy_10th_pre_req"": ""3300"", ""buy_10th_pre_req_pre"": ""0"", ""tot_sel_req_jub_pre"": ""0"", ""tot_sel_req"": ""2690"", ""tot_buy_req"": ""14000"", ""tot_buy_req_jub_pre"": ""0"", ""ovt_sel_req_pre"": ""0"", ""ovt_sel_req"": ""0"", ""ovt_buy_req"": ""0"", ""ovt_buy_req_pre"": ""0"", ""return_code"": 0, ""return_msg"": ""정상적으로 처리되었습니다""}"
2026-06-10,watchlist,009420,,0,filtered_candidate_recheck,50400,,50400,50300,50400,50500,0.0,0.1984126984126984,,,,,,"{""bid_req_base_tm"": ""104451"", ""sel_10th_pre_req_pre"": ""0"", ""sel_10th_pre_req"": ""460"", ""sel_10th_pre_bid"": ""-51300"", ""sel_9th_pre_req_pre"": ""0"", ""sel_9th_pre_req"": ""641"", ""sel_9th_pre_bid"": ""-51200"", ""sel_8th_pre_req_pre"": ""0"", ""sel_8th_pre_req"": ""77"", ""sel_8th_pre_bid"": ""-51100"", ""sel_7th_pre_req_pre"": ""0"", ""sel_7th_pre_req"": ""161"", ""sel_7th_pre_bid"": ""-51000"", ""sel_6th_pre_req_pre"": ""0"", ""sel_6th_pre_req"": ""200"", ""sel_6th_pre_bid"": ""-50900"", ""sel_5th_pre_req_pre"": ""0"", ""sel_5th_pre_req"": ""33"", ""sel_5th_pre_bid"": ""-50800"", ""sel_4th_pre_req_pre"": ""0"", ""sel_4th_pre_req"": ""96"", ""sel_4th_pre_bid"": ""-50700"", ""sel_3th_pre_req_pre"": ""0"", ""sel_3th_pre_req"": ""31"", ""sel_3th_pre_bid"": ""-50600"", ""sel_2th_pre_req_pre"": ""0"", ""sel_2th_pre_req"": ""129"", ""sel_2th_pre_bid"": ""-50500"", ""sel_1th_pre_req_pre"": ""+35"", ""sel_fpr_req"": ""549"", ""sel_fpr_bid"": ""-50400"", ""buy_fpr_bid"": ""-50300"", ""buy_fpr_req"": ""65"", ""buy_1th_pre_req_pre"": ""0"", ""buy_2th_pre_bid"": ""-50200"", ""buy_2th_pre_req"": ""31"", ""buy_2th_pre_req_pre"": ""0"", ""buy_3th_pre_bid"": ""-50100"", ""buy_3th_pre_req"": ""89"", ""buy_3th_pre_req_pre"": ""0"", ""buy_4th_pre_bid"": ""-50000"", ""buy_4th_pre_req"": ""187"", ""buy_4th_pre_req_pre"": ""0"", ""buy_5th_pre_bid"": ""-49950"", ""buy_5th_pre_req"": ""437"", ""buy_5th_pre_req_pre"": ""0"", ""buy_6th_pre_bid"": ""-49900"", ""buy_6th_pre_req"": ""373"", ""buy_6th_pre_req_pre"": ""0"", ""buy_7th_pre_bid"": ""-49850"", ""buy_7th_pre_req"": ""372"", ""buy_7th_pre_req_pre"": ""0"", ""buy_8th_pre_bid"": ""-49800"", ""buy_8th_pre_req"": ""639"", ""buy_8th_pre_req_pre"": ""0"", ""buy_9th_pre_bid"": ""-49750"", ""buy_9th_pre_req"": ""894"", ""buy_9th_pre_req_pre"": ""0"", ""buy_10th_pre_bid"": ""-49700"", ""buy_10th_pre_req"": ""1148"", ""buy_10th_pre_req_pre"": ""0"", ""tot_sel_req_jub_pre"": ""+35"", ""tot_sel_req"": ""2377"", ""tot_buy_req"": ""4235"", ""tot_buy_req_jub_pre"": ""0"", ""ovt_sel_req_pre"": ""0"", ""ovt_sel_req"": ""0"", ""ovt_buy_req"": ""0"", ""ovt_buy_req_pre"": ""0"", ""return_code"": 0, ""return_msg"": ""정상적으로 처리되었습니다""}"
2026-06-10,watchlist,383220,,0,filtered_candidate_recheck,75100,,75100,74600,75100,74800,-0.5326231691078562,0.6657789613848202,,,,,,"{""bid_req_base_tm"": ""104452"", ""sel_10th_pre_req_pre"": ""0"", ""sel_10th_pre_req"": ""5"", ""sel_10th_pre_bid"": ""+76200"", ""sel_9th_pre_req_pre"": ""0"", ""sel_9th_pre_req"": ""122"", ""sel_9th_pre_bid"": ""+76000"", ""sel_8th_pre_req_pre"": ""0"", ""sel_8th_pre_req"": ""159"", ""sel_8th_pre_bid"": ""+75900"", ""sel_7th_pre_req_pre"": ""0"", ""sel_7th_pre_req"": ""14"", ""sel_7th_pre_bid"": ""+75800"", ""sel_6th_pre_req_pre"": ""0"", ""sel_6th_pre_req"": ""14"", ""sel_6th_pre_bid"": ""+75700"", ""sel_5th_pre_req_pre"": ""0"", ""sel_5th_pre_req"": ""6"", ""sel_5th_pre_bid"": ""+75600"", ""sel_4th_pre_req_pre"": ""0"", ""sel_4th_pre_req"": ""11"", ""sel_4th_pre_bid"": ""+75400"", ""sel_3th_pre_req_pre"": ""0"", ""sel_3th_pre_req"": ""17"", ""sel_3th_pre_bid"": ""+75300"", ""sel_2th_pre_req_pre"": ""0"", ""sel_2th_pre_req"": ""5"", ""sel_2th_pre_bid"": ""+75200"", ""sel_1th_pre_req_pre"": ""+5"", ""sel_fpr_req"": ""37"", ""sel_fpr_bid"": ""+75100"", ""buy_fpr_bid"": ""74600"", ""buy_fpr_req"": ""41"", ""buy_1th_pre_req_pre"": ""0"", ""buy_2th_pre_bid"": ""-74500"", ""buy_2th_pre_req"": ""40"", ""buy_2th_pre_req_pre"": ""0"", ""buy_3th_pre_bid"": ""-74400"", ""buy_3th_pre_req"": ""41"", ""buy_3th_pre_req_pre"": ""0"", ""buy_4th_pre_bid"": ""-74300"", ""buy_4th_pre_req"": ""10"", ""buy_4th_pre_req_pre"": ""0"", ""buy_5th_pre_bid"": ""-74200"", ""buy_5th_pre_req"": ""25"", ""buy_5th_pre_req_pre"": ""0"", ""buy_6th_pre_bid"": ""-74100"", ""buy_6th_pre_req"": ""24"", ""buy_6th_pre_req_pre"": ""0"", ""buy_7th_pre_bid"": ""-74000"", ""buy_7th_pre_req"": ""27"", ""buy_7th_pre_req_pre"": ""0"", ""buy_8th_pre_bid"": ""-73900"", ""buy_8th_pre_req"": ""21"", ""buy_8th_pre_req_pre"": ""0"", ""buy_9th_pre_bid"": ""-73800"", ""buy_9th_pre_req"": ""10"", ""buy_9th_pre_req_pre"": ""0"", ""buy_10th_pre_bid"": ""-73700"", ""buy_10th_pre_req"": ""40"", ""buy_10th_pre_req_pre"": ""0"", ""tot_sel_req_jub_pre"": ""+5"", ""tot_sel_req"": ""390"", ""tot_buy_req"": ""279"", ""tot_buy_req_jub_pre"": ""0"", ""ovt_sel_req_pre"": ""0"", ""ovt_sel_req"": ""0"", ""ovt_buy_req"": ""0"", ""ovt_buy_req_pre"": ""0"", ""return_code"": 0, ""return_msg"": ""정상적으로 처리되었습니다""}"
2026-06-10,watchlist,004170,,0,filtered_candidate_recheck,670000,,670000,668000,670000,673000,0.2985074626865672,0.2985074626865672,,,,,,"{""bid_req_base_tm"": ""104453"", ""sel_10th_pre_req_pre"": ""0"", ""sel_10th_pre_req"": ""36"", ""sel_10th_pre_bid"": ""+679000"", ""sel_9th_pre_req_pre"": ""0"", ""sel_9th_pre_req"": ""60"", ""sel_9th_pre_bid"": ""+678000"", ""sel_8th_pre_req_pre"": ""0"", ""sel_8th_pre_req"": ""14"", ""sel_8th_pre_bid"": ""+677000"", ""sel_7th_pre_req_pre"": ""0"", ""sel_7th_pre_req"": ""7"", ""sel_7th_pre_bid"": ""+676000"", ""sel_6th_pre_req_pre"": ""0"", ""sel_6th_pre_req"": ""71"", ""sel_6th_pre_bid"": ""+675000"", ""sel_5th_pre_req_pre"": ""0"", ""sel_5th_pre_req"": ""13"", ""sel_5th_pre_bid"": ""+674000"", ""sel_4th_pre_req_pre"": ""0"", ""sel_4th_pre_req"": ""22"", ""sel_4th_pre_bid"": ""+673000"", ""sel_3th_pre_req_pre"": ""0"", ""sel_3th_pre_req"": ""28"", ""sel_3th_pre_bid"": ""+672000"", ""sel_2th_pre_req_pre"": ""0"", ""sel_2th_pre_req"": ""10"", ""sel_2th_pre_bid"": ""+671000"", ""sel_1th_pre_req_pre"": ""--3"", ""sel_fpr_req"": ""231"", ""sel_fpr_bid"": ""+670000"", ""buy_fpr_bid"": ""+668000"", ""buy_fpr_req"": ""199"", ""buy_1th_pre_req_pre"": ""0"", ""buy_2th_pre_bid"": ""+667000"", ""buy_2th_pre_req"": ""817"", ""buy_2th_pre_req_pre"": ""0"", ""buy_3th_pre_bid"": ""+666000"", ""buy_3th_pre_req"": ""38"", ""buy_3th_pre_req_pre"": ""0"", ""buy_4th_pre_bid"": ""+665000"", ""buy_4th_pre_req"": ""1156"", ""buy_4th_pre_req_pre"": ""0"", ""buy_5th_pre_bid"": ""+664000"", ""buy_5th_pre_req"": ""38"", ""buy_5th_pre_req_pre"": ""0"", ""buy_6th_pre_bid"": ""+663000"", ""buy_6th_pre_req"": ""4"", ""buy_6th_pre_req_pre"": ""0"", ""buy_7th_pre_bid"": ""+662000"", ""buy_7th_pre_req"": ""47"", ""buy_7th_pre_req_pre"": ""0"", ""buy_8th_pre_bid"": ""+661000"", ""buy_8th_pre_req"": ""18"", ""buy_8th_pre_req_pre"": ""0"", ""buy_9th_pre_bid"": ""+660000"", ""buy_9th_pre_req"": ""429"", ""buy_9th_pre_req_pre"": ""0"", ""buy_10th_pre_bid"": ""+659000"", ""buy_10th_pre_req"": ""7"", ""buy_10th_pre_req_pre"": ""0"", ""tot_sel_req_jub_pre"": ""--3"", ""tot_sel_req"": ""492"", ""tot_buy_req"": ""2753"", ""tot_buy_req_jub_pre"": ""0"", ""ovt_sel_req_pre"": ""0"", ""ovt_sel_req"": ""0"", ""ovt_buy_req"": ""0"", ""ovt_buy_req_pre"": ""0"", ""return_code"": 0, ""return_msg"": ""정상적으로 처리되었습니다""}"
2026-06-10,watchlist,018260,,1,filtered_candidate_recheck,231500,,231500,231000,231500,233500,0.6479481641468683,0.21598272138228944,,,,,,"{""bid_req_base_tm"": ""104454"", ""sel_10th_pre_req_pre"": ""0"", ""sel_10th_pre_req"": ""351"", ""sel_10th_pre_bid"": ""-236000"", ""sel_9th_pre_req_pre"": ""0"", ""sel_9th_pre_req"": ""89"", ""sel_9th_pre_bid"": ""-235500"", ""sel_8th_pre_req_pre"": ""0"", ""sel_8th_pre_req"": ""178"", ""sel_8th_pre_bid"": ""-235000"", ""sel_7th_pre_req_pre"": ""0"", ""sel_7th_pre_req"": ""137"", ""sel_7th_pre_bid"": ""-234500"", ""sel_6th_pre_req_pre"": ""0"", ""sel_6th_pre_req"": ""119"", ""sel_6th_pre_bid"": ""-234000"", ""sel_5th_pre_req_pre"": ""0"", ""sel_5th_pre_req"": ""236"", ""sel_5th_pre_bid"": ""-233500"", ""sel_4th_pre_req_pre"": ""0"", ""sel_4th_pre_req"": ""279"", ""sel_4th_pre_bid"": ""-233000"", ""sel_3th_pre_req_pre"": ""0"", ""sel_3th_pre_req"": ""250"", ""sel_3th_pre_bid"": ""-232500"", ""sel_2th_pre_req_pre"": ""0"", ""sel_2th_pre_req"": ""121"", ""sel_2th_pre_bid"": ""-232000"", ""sel_1th_pre_req_pre"": ""0"", ""sel_fpr_req"": ""206"", ""sel_fpr_bid"": ""-231500"", ""buy_fpr_bid"": ""-231000"", ""buy_fpr_req"": ""2375"", ""buy_1th_pre_req_pre"": ""+1"", ""buy_2th_pre_bid"": ""-230500"", ""buy_2th_pre_req"": ""2064"", ""buy_2th_pre_req_pre"": ""0"", ""buy_3th_pre_bid"": ""-230000"", ""buy_3th_pre_req"": ""4242"", ""buy_3th_pre_req_pre"": ""0"", ""buy_4th_pre_bid"": ""-229500"", ""buy_4th_pre_req"": ""1278"", ""buy_4th_pre_req_pre"": ""0"", ""buy_5th_pre_bid"": ""-229000"", ""buy_5th_pre_req"": ""1427"", ""buy_5th_pre_req_pre"": ""0"", ""buy_6th_pre_bid"": ""-228500"", ""buy_6th_pre_req"": ""640"", ""buy_6th_pre_req_pre"": ""0"", ""buy_7th_pre_bid"": ""-228000"", ""buy_7th_pre_req"": ""1735"", ""buy_7th_pre_req_pre"": ""0"", ""buy_8th_pre_bid"": ""-227500"", ""buy_8th_pre_req"": ""1491"", ""buy_8th_pre_req_pre"": ""0"", ""buy_9th_pre_bid"": ""-227000"", ""buy_9th_pre_req"": ""2163"", ""buy_9th_pre_req_pre"": ""0"", ""buy_10th_pre_bid"": ""-226500"", ""buy_10th_pre_req"": ""315"", ""buy_10th_pre_req_pre"": ""0"", ""tot_sel_req_jub_pre"": ""0"", ""tot_sel_req"": ""1966"", ""tot_buy_req"": ""17730"", ""tot_buy_req_jub_pre"": ""+1"", ""ovt_sel_req_pre"": ""0"", ""ovt_sel_req"": ""0"", ""ovt_buy_req"": ""0"", ""ovt_buy_req_pre"": ""0"", ""return_code"": 0, ""return_msg"": ""정상적으로 처리되었습니다""}"
2026-06-10,watchlist,161390,,0,filtered_candidate_recheck,71100,,71100,71000,71100,71400,0.2812939521800281,0.14064697609001406,,,,,,"{""bid_req_base_tm"": ""104453"", ""sel_10th_pre_req_pre"": ""0"", ""sel_10th_pre_req"": ""150"", ""sel_10th_pre_bid"": ""-72000"", ""sel_9th_pre_req_pre"": ""0"", ""sel_9th_pre_req"": ""326"", ""sel_9th_pre_bid"": ""-71900"", ""sel_8th_pre_req_pre"": ""0"", ""sel_8th_pre_req"": ""130"", ""sel_8th_pre_bid"": ""-71800"", ""sel_7th_pre_req_pre"": ""0"", ""sel_7th_pre_req"": ""3"", ""sel_7th_pre_bid"": ""-71700"", ""sel_6th_pre_req_pre"": ""0"", ""sel_6th_pre_req"": ""36"", ""sel_6th_pre_bid"": ""-71600"", ""sel_5th_pre_req_pre"": ""0"", ""sel_5th_pre_req"": ""53"", ""sel_5th_pre_bid"": ""-71500"", ""sel_4th_pre_req_pre"": ""0"", ""sel_4th_pre_req"": ""159"", ""sel_4th_pre_bid"": ""-71400"", ""sel_3th_pre_req_pre"": ""0"", ""sel_3th_pre_req"": ""150"", ""sel_3th_pre_bid"": ""-71300"", ""sel_2th_pre_req_pre"": ""0"", ""sel_2th_pre_req"": ""583"", ""sel_2th_pre_bid"": ""-71200"", ""sel_1th_pre_req_pre"": ""+16"", ""sel_fpr_req"": ""3048"", ""sel_fpr_bid"": ""-71100"", ""buy_fpr_bid"": ""-71000"", ""buy_fpr_req"": ""4008"", ""buy_1th_pre_req_pre"": ""0"", ""buy_2th_pre_bid"": ""-70900"", ""buy_2th_pre_req"": ""2818"", ""buy_2th_pre_req_pre"": ""0"", ""buy_3th_pre_bid"": ""-70800"", ""buy_3th_pre_req"": ""163"", ""buy_3th_pre_req_pre"": ""0"", ""buy_4th_pre_bid"": ""-70700"", ""buy_4th_pre_req"": ""72"", ""buy_4th_pre_req_pre"": ""0"", ""buy_5th_pre_bid"": ""-70600"", ""buy_5th_pre_req"": ""108"", ""buy_5th_pre_req_pre"": ""0"", ""buy_6th_pre_bid"": ""-70500"", ""buy_6th_pre_req"": ""345"", ""buy_6th_pre_req_pre"": ""0"", ""buy_7th_pre_bid"": ""-70400"", ""buy_7th_pre_req"": ""112"", ""buy_7th_pre_req_pre"": ""0"", ""buy_8th_pre_bid"": ""-70300"", ""buy_8th_pre_req"": ""115"", ""buy_8th_pre_req_pre"": ""0"", ""buy_9th_pre_bid"": ""-70200"", ""buy_9th_pre_req"": ""37"", ""buy_9th_pre_req_pre"": ""0"", ""buy_10th_pre_bid"": ""-70100"", ""buy_10th_pre_req"": ""132"", ""buy_10th_pre_req_pre"": ""0"", ""tot_sel_req_jub_pre"": ""+16"", ""tot_sel_req"": ""4638"", ""tot_buy_req"": ""7910"", ""tot_buy_req_jub_pre"": ""0"", ""ovt_sel_req_pre"": ""0"", ""ovt_sel_req"": ""0"", ""ovt_buy_req"": ""0"", ""ovt_buy_req_pre"": ""0"", ""return_code"": 0, ""return_msg"": ""정상적으로 처리되었습니다""}"
2026-06-10,watchlist,078930,,0,filtered_candidate_recheck,73800,,73800,73700,73800,74100,0.27100271002710025,0.13550135501355012,,,,,,"{""bid_req_base_tm"": ""104454"", ""sel_10th_pre_req_pre"": ""0"", ""sel_10th_pre_req"": ""237"", ""sel_10th_pre_bid"": ""+74700"", ""sel_9th_pre_req_pre"": ""0"", ""sel_9th_pre_req"": ""104"", ""sel_9th_pre_bid"": ""+74600"", ""sel_8th_pre_req_pre"": ""0"", ""sel_8th_pre_req"": ""74"", ""sel_8th_pre_bid"": ""+74500"", ""sel_7th_pre_req_pre"": ""0"", ""sel_7th_pre_req"": ""96"", ""sel_7th_pre_bid"": ""+74400"", ""sel_6th_pre_req_pre"": ""0"", ""sel_6th_pre_req"": ""2"", ""sel_6th_pre_bid"": ""+74300"", ""sel_5th_pre_req_pre"": ""0"", ""sel_5th_pre_req"": ""91"", ""sel_5th_pre_bid"": ""+74200"", ""sel_4th_pre_req_pre"": ""0"", ""sel_4th_pre_req"": ""29"", ""sel_4th_pre_bid"": ""+74100"", ""sel_3th_pre_req_pre"": ""0"", ""sel_3th_pre_req"": ""145"", ""sel_3th_pre_bid"": ""+74000"", ""sel_2th_pre_req_pre"": ""0"", ""sel_2th_pre_req"": ""283"", ""sel_2th_pre_bid"": ""+73900"", ""sel_1th_pre_req_pre"": ""--18"", ""sel_fpr_req"": ""276"", ""sel_fpr_bid"": ""73800"", ""buy_fpr_bid"": ""-73700"", ""buy_fpr_req"": ""268"", ""buy_1th_pre_req_pre"": ""0"", ""buy_2th_pre_bid"": ""-73600"", ""buy_2th_pre_req"": ""2024"", ""buy_2th_pre_req_pre"": ""0"", ""buy_3th_pre_bid"": ""-73500"", ""buy_3th_pre_req"": ""159"", ""buy_3th_pre_req_pre"": ""0"", ""buy_4th_pre_bid"": ""-73400"", ""buy_4th_pre_req"": ""1"", ""buy_4th_pre_req_pre"": ""0"", ""buy_5th_pre_bid"": ""-73300"", ""buy_5th_pre_req"": ""50"", ""buy_5th_pre_req_pre"": ""0"", ""buy_6th_pre_bid"": ""-73100"", ""buy_6th_pre_req"": ""150"", ""buy_6th_pre_req_pre"": ""0"", ""buy_7th_pre_bid"": ""-73000"", ""buy_7th_pre_req"": ""52"", ""buy_7th_pre_req_pre"": ""0"", ""buy_8th_pre_bid"": ""-72900"", ""buy_8th_pre_req"": ""4"", ""buy_8th_pre_req_pre"": ""0"", ""buy_9th_pre_bid"": ""-72800"", ""buy_9th_pre_req"": ""20"", ""buy_9th_pre_req_pre"": ""0"", ""buy_10th_pre_bid"": ""-72700"", ""buy_10th_pre_req"": ""50"", ""buy_10th_pre_req_pre"": ""0"", ""tot_sel_req_jub_pre"": ""--18"", ""tot_sel_req"": ""1337"", ""tot_buy_req"": ""2778"", ""tot_buy_req_jub_pre"": ""0"", ""ovt_sel_req_pre"": ""0"", ""ovt_sel_req"": ""0"", ""ovt_buy_req"": ""0"", ""ovt_buy_req_pre"": ""0"", ""return_code"": 0, ""return_msg"": ""정상적으로 처리되었습니다""}"
2026-06-10,watchlist,462870,,0,filtered_candidate_recheck,31850,,31850,31750,31850,31650,-0.7849293563579277,0.3139717425431711,,,,,,"{""bid_req_base_tm"": ""104455"", ""sel_10th_pre_req_pre"": ""0"", ""sel_10th_pre_req"": ""175"", ""sel_10th_pre_bid"": ""-32300"", ""sel_9th_pre_req_pre"": ""0"", ""sel_9th_pre_req"": ""60"", ""sel_9th_pre_bid"": ""-32250"", ""sel_8th_pre_req_pre"": ""0"", ""sel_8th_pre_req"": ""234"", ""sel_8th_pre_bid"": ""-32200"", ""sel_7th_pre_req_pre"": ""0"", ""sel_7th_pre_req"": ""30"", ""sel_7th_pre_bid"": ""-32150"", ""sel_6th_pre_req_pre"": ""0"", ""sel_6th_pre_req"": ""13"", ""sel_6th_pre_bid"": ""-32100"", ""sel_5th_pre_req_pre"": ""0"", ""sel_5th_pre_req"": ""126"", ""sel_5th_pre_bid"": ""-32050"", ""sel_4th_pre_req_pre"": ""0"", ""sel_4th_pre_req"": ""158"", ""sel_4th_pre_bid"": ""-32000"", ""sel_3th_pre_req_pre"": ""0"", ""sel_3th_pre_req"": ""35"", ""sel_3th_pre_bid"": ""-31950"", ""sel_2th_pre_req_pre"": ""0"", ""sel_2th_pre_req"": ""4"", ""sel_2th_pre_bid"": ""-31900"", ""sel_1th_pre_req_pre"": ""0"", ""sel_fpr_req"": ""114"", ""sel_fpr_bid"": ""-31850"", ""buy_fpr_bid"": ""-31750"", ""buy_fpr_req"": ""12"", ""buy_1th_pre_req_pre"": ""+1"", ""buy_2th_pre_bid"": ""-31700"", ""buy_2th_pre_req"": ""6"", ""buy_2th_pre_req_pre"": ""0"", ""buy_3th_pre_bid"": ""-31650"", ""buy_3th_pre_req"": ""8"", ""buy_3th_pre_req_pre"": ""0"", ""buy_4th_pre_bid"": ""-31600"", ""buy_4th_pre_req"": ""130"", ""buy_4th_pre_req_pre"": ""0"", ""buy_5th_pre_bid"": ""-31550"", ""buy_5th_pre_req"": ""80"", ""buy_5th_pre_req_pre"": ""0"", ""buy_6th_pre_bid"": ""-31500"", ""buy_6th_pre_req"": ""11"", ""buy_6th_pre_req_pre"": ""0"", ""buy_7th_pre_bid"": ""-31450"", ""buy_7th_pre_req"": ""1"", ""buy_7th_pre_req_pre"": ""0"", ""buy_8th_pre_bid"": ""-31400"", ""buy_8th_pre_req"": ""21"", ""buy_8th_pre_req_pre"": ""0"", ""buy_9th_pre_bid"": ""-31350"", ""buy_9th_pre_req"": ""49"", ""buy_9th_pre_req_pre"": ""0"", ""buy_10th_pre_bid"": ""-31300"", ""buy_10th_pre_req"": ""40"", ""buy_10th_pre_req_pre"": ""0"", ""tot_sel_req_jub_pre"": ""0"", ""tot_sel_req"": ""949"", ""tot_buy_req"": ""358"", ""tot_buy_req_jub_pre"": ""+1"", ""ovt_sel_req_pre"": ""0"", ""ovt_sel_req"": ""0"", ""ovt_buy_req"": ""0"", ""ovt_buy_req_pre"": ""0"", ""return_code"": 0, ""return_msg"": ""정상적으로 처리되었습니다""}"
2026-06-10,watchlist,055550,,0,filtered_candidate_recheck,98900,,98900,98800,98900,98400,-0.6066734074823054,0.10111223458038424,,,,,,"{""bid_req_base_tm"": ""104455"", ""sel_10th_pre_req_pre"": ""0"", ""sel_10th_pre_req"": ""6"", ""sel_10th_pre_bid"": ""-99800"", ""sel_9th_pre_req_pre"": ""0"", ""sel_9th_pre_req"": ""134"", ""sel_9th_pre_bid"": ""-99700"", ""sel_8th_pre_req_pre"": ""0"", ""sel_8th_pre_req"": ""44"", ""sel_8th_pre_bid"": ""-99600"", ""sel_7th_pre_req_pre"": ""0"", ""sel_7th_pre_req"": ""69"", ""sel_7th_pre_bid"": ""-99500"", ""sel_6th_pre_req_pre"": ""0"", ""sel_6th_pre_req"": ""1"", ""sel_6th_pre_bid"": ""-99400"", ""sel_5th_pre_req_pre"": ""0"", ""sel_5th_pre_req"": ""298"", ""sel_5th_pre_bid"": ""-99300"", ""sel_4th_pre_req_pre"": ""+1"", ""sel_4th_pre_req"": ""797"", ""sel_4th_pre_bid"": ""-99200"", ""sel_3th_pre_req_pre"": ""0"", ""sel_3th_pre_req"": ""9"", ""sel_3th_pre_bid"": ""-99100"", ""sel_2th_pre_req_pre"": ""--78"", ""sel_2th_pre_req"": ""1055"", ""sel_2th_pre_bid"": ""-99000"", ""sel_1th_pre_req_pre"": ""0"", ""sel_fpr_req"": ""6091"", ""sel_fpr_bid"": ""-98900"", ""buy_fpr_bid"": ""-98800"", ""buy_fpr_req"": ""28"", ""buy_1th_pre_req_pre"": ""0"", ""buy_2th_pre_bid"": ""-98700"", ""buy_2th_pre_req"": ""495"", ""buy_2th_pre_req_pre"": ""0"", ""buy_3th_pre_bid"": ""-98600"", ""buy_3th_pre_req"": ""317"", ""buy_3th_pre_req_pre"": ""+1"", ""buy_4th_pre_bid"": ""-98500"", ""buy_4th_pre_req"": ""193"", ""buy_4th_pre_req_pre"": ""0"", ""buy_5th_pre_bid"": ""-98400"", ""buy_5th_pre_req"": ""1012"", ""buy_5th_pre_req_pre"": ""0"", ""buy_6th_pre_bid"": ""-98300"", ""buy_6th_pre_req"": ""83"", ""buy_6th_pre_req_pre"": ""0"", ""buy_7th_pre_bid"": ""-98200"", ""buy_7th_pre_req"": ""1213"", ""buy_7th_pre_req_pre"": ""0"", ""buy_8th_pre_bid"": ""-98100"", ""buy_8th_pre_req"": ""176"", ""buy_8th_pre_req_pre"": ""0"", ""buy_9th_pre_bid"": ""-98000"", ""buy_9th_pre_req"": ""1567"", ""buy_9th_pre_req_pre"": ""0"", ""buy_10th_pre_bid"": ""-97900"", ""buy_10th_pre_req"": ""284"", ""buy_10th_pre_req_pre"": ""0"", ""tot_sel_req_jub_pre"": ""--77"", ""tot_sel_req"": ""8504"", ""tot_buy_req"": ""5368"", ""tot_buy_req_jub_pre"": ""+1"", ""ovt_sel_req_pre"": ""0"", ""ovt_sel_req"": ""0"", ""ovt_buy_req"": ""0"", ""ovt_buy_req_pre"": ""0"", ""return_code"": 0, ""return_msg"": ""정상적으로 처리되었습니다""}"
2026-06-10,watchlist,192080,,1,filtered_candidate_recheck,70900,,70900,70800,70900,70800,-0.2820874471086037,0.14104372355430184,,,,,,"{""bid_req_base_tm"": ""104450"", ""sel_10th_pre_req_pre"": ""0"", ""sel_10th_pre_req"": ""5"", ""sel_10th_pre_bid"": ""72000"", ""sel_9th_pre_req_pre"": ""0"", ""sel_9th_pre_req"": ""16"", ""sel_9th_pre_bid"": ""-71900"", ""sel_8th_pre_req_pre"": ""0"", ""sel_8th_pre_req"": ""5"", ""sel_8th_pre_bid"": ""-71800"", ""sel_7th_pre_req_pre"": ""0"", ""sel_7th_pre_req"": ""960"", ""sel_7th_pre_bid"": ""-71700"", ""sel_6th_pre_req_pre"": ""0"", ""sel_6th_pre_req"": ""22"", ""sel_6th_pre_bid"": ""-71600"", ""sel_5th_pre_req_pre"": ""0"", ""sel_5th_pre_req"": ""33"", ""sel_5th_pre_bid"": ""-71400"", ""sel_4th_pre_req_pre"": ""0"", ""sel_4th_pre_req"": ""44"", ""sel_4th_pre_bid"": ""-71200"", ""sel_3th_pre_req_pre"": ""0"", ""sel_3th_pre_req"": ""46"", ""sel_3th_pre_bid"": ""-71100"", ""sel_2th_pre_req_pre"": ""0"", ""sel_2th_pre_req"": ""17"", ""sel_2th_pre_bid"": ""-71000"", ""sel_1th_pre_req_pre"": ""0"", ""sel_fpr_req"": ""112"", ""sel_fpr_bid"": ""-70900"", ""buy_fpr_bid"": ""-70800"", ""buy_fpr_req"": ""97"", ""buy_1th_pre_req_pre"": ""--6"", ""buy_2th_pre_bid"": ""-70700"", ""buy_2th_pre_req"": ""109"", ""buy_2th_pre_req_pre"": ""0"", ""buy_3th_pre_bid"": ""-70600"", ""buy_3th_pre_req"": ""100"", ""buy_3th_pre_req_pre"": ""0"", ""buy_4th_pre_bid"": ""-70500"", ""buy_4th_pre_req"": ""181"", ""buy_4th_pre_req_pre"": ""0"", ""buy_5th_pre_bid"": ""-70400"", ""buy_5th_pre_req"": ""182"", ""buy_5th_pre_req_pre"": ""0"", ""buy_6th_pre_bid"": ""-70300"", ""buy_6th_pre_req"": ""94"", ""buy_6th_pre_req_pre"": ""0"", ""buy_7th_pre_bid"": ""-70200"", ""buy_7th_pre_req"": ""21"", ""buy_7th_pre_req_pre"": ""0"", ""buy_8th_pre_bid"": ""-70100"", ""buy_8th_pre_req"": ""23"", ""buy_8th_pre_req_pre"": ""0"", ""buy_9th_pre_bid"": ""-70000"", ""buy_9th_pre_req"": ""52"", ""buy_9th_pre_req_pre"": ""0"", ""buy_10th_pre_bid"": ""-69900"", ""buy_10th_pre_req"": ""33"", ""buy_10th_pre_req_pre"": ""0"", ""tot_sel_req_jub_pre"": ""0"", ""tot_sel_req"": ""1260"", ""tot_buy_req"": ""892"", ""tot_buy_req_jub_pre"": ""--6"", ""ovt_sel_req_pre"": ""0"", ""ovt_sel_req"": ""0"", ""ovt_buy_req"": ""0"", ""ovt_buy_req_pre"": ""0"", ""return_code"": 0, ""return_msg"": ""정상적으로 처리되었습니다""}"
2026-06-10,watchlist,000430,,1,filtered_candidate_recheck,5640,,5640,5610,5640,5690,0.7092198581560284,0.5319148936170213,,,,,,"{""bid_req_base_tm"": ""104455"", ""sel_10th_pre_req_pre"": ""0"", ""sel_10th_pre_req"": ""550"", ""sel_10th_pre_bid"": ""-5770"", ""sel_9th_pre_req_pre"": ""0"", ""sel_9th_pre_req"": ""206"", ""sel_9th_pre_bid"": ""-5750"", ""sel_8th_pre_req_pre"": ""0"", ""sel_8th_pre_req"": ""526"", ""sel_8th_pre_bid"": ""-5730"", ""sel_7th_pre_req_pre"": ""0"", ""sel_7th_pre_req"": ""131"", ""sel_7th_pre_bid"": ""-5720"", ""sel_6th_pre_req_pre"": ""0"", ""sel_6th_pre_req"": ""153"", ""sel_6th_pre_bid"": ""-5700"", ""sel_5th_pre_req_pre"": ""0"", ""sel_5th_pre_req"": ""2335"", ""sel_5th_pre_bid"": ""-5680"", ""sel_4th_pre_req_pre"": ""0"", ""sel_4th_pre_req"": ""101"", ""sel_4th_pre_bid"": ""-5670"", ""sel_3th_pre_req_pre"": ""0"", ""sel_3th_pre_req"": ""26"", ""sel_3th_pre_bid"": ""-5660"", ""sel_2th_pre_req_pre"": ""0"", ""sel_2th_pre_req"": ""2740"", ""sel_2th_pre_bid"": ""-5650"", ""sel_1th_pre_req_pre"": ""--1"", ""sel_fpr_req"": ""155"", ""sel_fpr_bid"": ""-5640"", ""buy_fpr_bid"": ""-5610"", ""buy_fpr_req"": ""9370"", ""buy_1th_pre_req_pre"": ""0"", ""buy_2th_pre_bid"": ""-5600"", ""buy_2th_pre_req"": ""18568"", ""buy_2th_pre_req_pre"": ""0"", ""buy_3th_pre_bid"": ""-5590"", ""buy_3th_pre_req"": ""5427"", ""buy_3th_pre_req_pre"": ""0"", ""buy_4th_pre_bid"": ""-5580"", ""buy_4th_pre_req"": ""5311"", ""buy_4th_pre_req_pre"": ""0"", ""buy_5th_pre_bid"": ""-5570"", ""buy_5th_pre_req"": ""1399"", ""buy_5th_pre_req_pre"": ""0"", ""buy_6th_pre_bid"": ""-5560"", ""buy_6th_pre_req"": ""4104"", ""buy_6th_pre_req_pre"": ""0"", ""buy_7th_pre_bid"": ""-5550"", ""buy_7th_pre_req"": ""5253"", ""buy_7th_pre_req_pre"": ""0"", ""buy_8th_pre_bid"": ""-5540"", ""buy_8th_pre_req"": ""364"", ""buy_8th_pre_req_pre"": ""0"", ""buy_9th_pre_bid"": ""-5530"", ""buy_9th_pre_req"": ""304"", ""buy_9th_pre_req_pre"": ""0"", ""buy_10th_pre_bid"": ""-5520"", ""buy_10th_pre_req"": ""2877"", ""buy_10th_pre_req_pre"": ""0"", ""tot_sel_req_jub_pre"": ""--1"", ""tot_sel_req"": ""6923"", ""tot_buy_req"": ""52977"", ""tot_buy_req_jub_pre"": ""0"", ""ovt_sel_req_pre"": ""0"", ""ovt_sel_req"": ""0"", ""ovt_buy_req"": ""0"", ""ovt_buy_req_pre"": ""0"", ""return_code"": 0, ""return_msg"": ""정상적으로 처리되었습니다""}"
2026-06-10,watchlist,307950,,0,filtered_candidate_recheck,705000,,705000,704000,705000,708000,0.28368794326241137,0.14184397163120568,,,,,,"{""bid_req_base_tm"": ""104455"", ""sel_10th_pre_req_pre"": ""0"", ""sel_10th_pre_req"": ""15"", ""sel_10th_pre_bid"": ""+714000"", ""sel_9th_pre_req_pre"": ""0"", ""sel_9th_pre_req"": ""11"", ""sel_9th_pre_bid"": ""+713000"", ""sel_8th_pre_req_pre"": ""0"", ""sel_8th_pre_req"": ""3"", ""sel_8th_pre_bid"": ""+712000"", ""sel_7th_pre_req_pre"": ""0"", ""sel_7th_pre_req"": ""1"", ""sel_7th_pre_bid"": ""+711000"", ""sel_6th_pre_req_pre"": ""0"", ""sel_6th_pre_req"": ""23"", ""sel_6th_pre_bid"": ""+710000"", ""sel_5th_pre_req_pre"": ""0"", ""sel_5th_pre_req"": ""3"", ""sel_5th_pre_bid"": ""+709000"", ""sel_4th_pre_req_pre"": ""0"", ""sel_4th_pre_req"": ""19"", ""sel_4th_pre_bid"": ""+708000"", ""sel_3th_pre_req_pre"": ""0"", ""sel_3th_pre_req"": ""33"", ""sel_3th_pre_bid"": ""+707000"", ""sel_2th_pre_req_pre"": ""0"", ""sel_2th_pre_req"": ""50"", ""sel_2th_pre_bid"": ""+706000"", ""sel_1th_pre_req_pre"": ""0"", ""sel_fpr_req"": ""106"", ""sel_fpr_bid"": ""+705000"", ""buy_fpr_bid"": ""+704000"", ""buy_fpr_req"": ""70"", ""buy_1th_pre_req_pre"": ""0"", ""buy_2th_pre_bid"": ""+703000"", ""buy_2th_pre_req"": ""115"", ""buy_2th_pre_req_pre"": ""0"", ""buy_3th_pre_bid"": ""+702000"", ""buy_3th_pre_req"": ""162"", ""buy_3th_pre_req_pre"": ""0"", ""buy_4th_pre_bid"": ""+701000"", ""buy_4th_pre_req"": ""140"", ""buy_4th_pre_req_pre"": ""+4"", ""buy_5th_pre_bid"": ""+700000"", ""buy_5th_pre_req"": ""720"", ""buy_5th_pre_req_pre"": ""0"", ""buy_6th_pre_bid"": ""+699000"", ""buy_6th_pre_req"": ""145"", ""buy_6th_pre_req_pre"": ""0"", ""buy_7th_pre_bid"": ""+698000"", ""buy_7th_pre_req"": ""143"", ""buy_7th_pre_req_pre"": ""0"", ""buy_8th_pre_bid"": ""+697000"", ""buy_8th_pre_req"": ""185"", ""buy_8th_pre_req_pre"": ""0"", ""buy_9th_pre_bid"": ""+696000"", ""buy_9th_pre_req"": ""193"", ""buy_9th_pre_req_pre"": ""0"", ""buy_10th_pre_bid"": ""+695000"", ""buy_10th_pre_req"": ""190"", ""buy_10th_pre_req_pre"": ""0"", ""tot_sel_req_jub_pre"": ""0"", ""tot_sel_req"": ""264"", ""tot_buy_req"": ""2063"", ""tot_buy_req_jub_pre"": ""+4"", ""ovt_sel_req_pre"": ""0"", ""ovt_sel_req"": ""0"", ""ovt_buy_req"": ""0"", ""ovt_buy_req_pre"": ""0"", ""return_code"": 0, ""return_msg"": ""정상적으로 처리되었습니다""}"
2026-06-10,watchlist,114090,,0,filtered_candidate_recheck,12060,,12060,12020,12060,11950,-1.3266998341625207,0.33167495854063017,,,,,,"{""bid_req_base_tm"": ""104454"", ""sel_10th_pre_req_pre"": ""0"", ""sel_10th_pre_req"": ""349"", ""sel_10th_pre_bid"": ""+12190"", ""sel_9th_pre_req_pre"": ""0"", ""sel_9th_pre_req"": ""311"", ""sel_9th_pre_bid"": ""+12180"", ""sel_8th_pre_req_pre"": ""0"", ""sel_8th_pre_req"": ""12"", ""sel_8th_pre_bid"": ""+12170"", ""sel_7th_pre_req_pre"": ""0"", ""sel_7th_pre_req"": ""1032"", ""sel_7th_pre_bid"": ""+12150"", ""sel_6th_pre_req_pre"": ""0"", ""sel_6th_pre_req"": ""132"", ""sel_6th_pre_bid"": ""+12140"", ""sel_5th_pre_req_pre"": ""0"", ""sel_5th_pre_req"": ""469"", ""sel_5th_pre_bid"": ""+12130"", ""sel_4th_pre_req_pre"": ""0"", ""sel_4th_pre_req"": ""55"", ""sel_4th_pre_bid"": ""+12120"", ""sel_3th_pre_req_pre"": ""0"", ""sel_3th_pre_req"": ""1955"", ""sel_3th_pre_bid"": ""+12110"", ""sel_2th_pre_req_pre"": ""0"", ""sel_2th_pre_req"": ""51"", ""sel_2th_pre_bid"": ""+12100"", ""sel_1th_pre_req_pre"": ""0"", ""sel_fpr_req"": ""11"", ""sel_fpr_bid"": ""+12060"", ""buy_fpr_bid"": ""+12020"", ""buy_fpr_req"": ""369"", ""buy_1th_pre_req_pre"": ""+167"", ""buy_2th_pre_bid"": ""+12010"", ""buy_2th_pre_req"": ""280"", ""buy_2th_pre_req_pre"": ""0"", ""buy_3th_pre_bid"": ""+12000"", ""buy_3th_pre_req"": ""871"", ""buy_3th_pre_req_pre"": ""0"", ""buy_4th_pre_bid"": ""+11990"", ""buy_4th_pre_req"": ""137"", ""buy_4th_pre_req_pre"": ""0"", ""buy_5th_pre_bid"": ""+11980"", ""buy_5th_pre_req"": ""189"", ""buy_5th_pre_req_pre"": ""0"", ""buy_6th_pre_bid"": ""11950"", ""buy_6th_pre_req"": ""451"", ""buy_6th_pre_req_pre"": ""0"", ""buy_7th_pre_bid"": ""-11910"", ""buy_7th_pre_req"": ""2"", ""buy_7th_pre_req_pre"": ""0"", ""buy_8th_pre_bid"": ""-11900"", ""buy_8th_pre_req"": ""97"", ""buy_8th_pre_req_pre"": ""0"", ""buy_9th_pre_bid"": ""-11860"", ""buy_9th_pre_req"": ""2"", ""buy_9th_pre_req_pre"": ""0"", ""buy_10th_pre_bid"": ""-11850"", ""buy_10th_pre_req"": ""181"", ""buy_10th_pre_req_pre"": ""0"", ""tot_sel_req_jub_pre"": ""0"", ""tot_sel_req"": ""4377"", ""tot_buy_req"": ""2579"", ""tot_buy_req_jub_pre"": ""+167"", ""ovt_sel_req_pre"": ""0"", ""ovt_sel_req"": ""0"", ""ovt_buy_req"": ""0"", ""ovt_buy_req_pre"": ""0"", ""return_code"": 0, ""return_msg"": ""정상적으로 처리되었습니다""}"
2026-06-10,watchlist,281820,,0,filtered_candidate_recheck,68000,,68000,67900,68000,68100,0.0,0.14705882352941177,,,,,,"{""bid_req_base_tm"": ""104455"", ""sel_10th_pre_req_pre"": ""0"", ""sel_10th_pre_req"": ""256"", ""sel_10th_pre_bid"": ""+69000"", ""sel_9th_pre_req_pre"": ""0"", ""sel_9th_pre_req"": ""116"", ""sel_9th_pre_bid"": ""+68900"", ""sel_8th_pre_req_pre"": ""0"", ""sel_8th_pre_req"": ""108"", ""sel_8th_pre_bid"": ""+68800"", ""sel_7th_pre_req_pre"": ""0"", ""sel_7th_pre_req"": ""74"", ""sel_7th_pre_bid"": ""+68700"", ""sel_6th_pre_req_pre"": ""0"", ""sel_6th_pre_req"": ""425"", ""sel_6th_pre_bid"": ""+68600"", ""sel_5th_pre_req_pre"": ""0"", ""sel_5th_pre_req"": ""17"", ""sel_5th_pre_bid"": ""+68500"", ""sel_4th_pre_req_pre"": ""0"", ""sel_4th_pre_req"": ""97"", ""sel_4th_pre_bid"": ""+68400"", ""sel_3th_pre_req_pre"": ""0"", ""sel_3th_pre_req"": ""71"", ""sel_3th_pre_bid"": ""+68300"", ""sel_2th_pre_req_pre"": ""--2"", ""sel_2th_pre_req"": ""151"", ""sel_2th_pre_bid"": ""+68100"", ""sel_1th_pre_req_pre"": ""+2"", ""sel_fpr_req"": ""35"", ""sel_fpr_bid"": ""+68000"", ""buy_fpr_bid"": ""+67900"", ""buy_fpr_req"": ""20"", ""buy_1th_pre_req_pre"": ""0"", ""buy_2th_pre_bid"": ""+67800"", ""buy_2th_pre_req"": ""82"", ""buy_2th_pre_req_pre"": ""0"", ""buy_3th_pre_bid"": ""+67700"", ""buy_3th_pre_req"": ""55"", ""buy_3th_pre_req_pre"": ""0"", ""buy_4th_pre_bid"": ""+67600"", ""buy_4th_pre_req"": ""48"", ""buy_4th_pre_req_pre"": ""0"", ""buy_5th_pre_bid"": ""+67500"", ""buy_5th_pre_req"": ""202"", ""buy_5th_pre_req_pre"": ""0"", ""buy_6th_pre_bid"": ""+67400"", ""buy_6th_pre_req"": ""502"", ""buy_6th_pre_req_pre"": ""0"", ""buy_7th_pre_bid"": ""+67300"", ""buy_7th_pre_req"": ""497"", ""buy_7th_pre_req_pre"": ""0"", ""buy_8th_pre_bid"": ""+67200"", ""buy_8th_pre_req"": ""395"", ""buy_8th_pre_req_pre"": ""0"", ""buy_9th_pre_bid"": ""+67100"", ""buy_9th_pre_req"": ""11"", ""buy_9th_pre_req_pre"": ""0"", ""buy_10th_pre_bid"": ""+67000"", ""buy_10th_pre_req"": ""459"", ""buy_10th_pre_req_pre"": ""0"", ""tot_sel_req_jub_pre"": ""0"", ""tot_sel_req"": ""1350"", ""tot_buy_req"": ""2271"", ""tot_buy_req_jub_pre"": ""0"", ""ovt_sel_req_pre"": ""0"", ""ovt_sel_req"": ""0"", ""ovt_buy_req"": ""0"", ""ovt_buy_req_pre"": ""0"", ""return_code"": 0, ""return_msg"": ""정상적으로 처리되었습니다""}"
2026-06-10,watchlist,489790,,0,filtered_candidate_recheck,69400,,69400,69200,69400,68900,-0.8645533141210375,0.2881844380403458,,,,,,"{""bid_req_base_tm"": ""104456"", ""sel_10th_pre_req_pre"": ""0"", ""sel_10th_pre_req"": ""216"", ""sel_10th_pre_bid"": ""+70300"", ""sel_9th_pre_req_pre"": ""0"", ""sel_9th_pre_req"": ""261"", ""sel_9th_pre_bid"": ""+70200"", ""sel_8th_pre_req_pre"": ""0"", ""sel_8th_pre_req"": ""211"", ""sel_8th_pre_bid"": ""+70100"", ""sel_7th_pre_req_pre"": ""0"", ""sel_7th_pre_req"": ""203"", ""sel_7th_pre_bid"": ""+70000"", ""sel_6th_pre_req_pre"": ""0"", ""sel_6th_pre_req"": ""518"", ""sel_6th_pre_bid"": ""+69900"", ""sel_5th_pre_req_pre"": ""0"", ""sel_5th_pre_req"": ""103"", ""sel_5th_pre_bid"": ""+69800"", ""sel_4th_pre_req_pre"": ""0"", ""sel_4th_pre_req"": ""44"", ""sel_4th_pre_bid"": ""+69700"", ""sel_3th_pre_req_pre"": ""0"", ""sel_3th_pre_req"": ""10041"", ""sel_3th_pre_bid"": ""+69600"", ""sel_2th_pre_req_pre"": ""0"", ""sel_2th_pre_req"": ""9"", ""sel_2th_pre_bid"": ""+69500"", ""sel_1th_pre_req_pre"": ""0"", ""sel_fpr_req"": ""68"", ""sel_fpr_bid"": ""+69400"", ""buy_fpr_bid"": ""+69200"", ""buy_fpr_req"": ""10"", ""buy_1th_pre_req_pre"": ""0"", ""buy_2th_pre_bid"": ""+69100"", ""buy_2th_pre_req"": ""315"", ""buy_2th_pre_req_pre"": ""0"", ""buy_3th_pre_bid"": ""+69000"", ""buy_3th_pre_req"": ""650"", ""buy_3th_pre_req_pre"": ""0"", ""buy_4th_pre_bid"": ""+68900"", ""buy_4th_pre_req"": ""145"", ""buy_4th_pre_req_pre"": ""0"", ""buy_5th_pre_bid"": ""+68800"", ""buy_5th_pre_req"": ""66"", ""buy_5th_pre_req_pre"": ""0"", ""buy_6th_pre_bid"": ""+68700"", ""buy_6th_pre_req"": ""118"", ""buy_6th_pre_req_pre"": ""0"", ""buy_7th_pre_bid"": ""+68600"", ""buy_7th_pre_req"": ""217"", ""buy_7th_pre_req_pre"": ""0"", ""buy_8th_pre_bid"": ""+68500"", ""buy_8th_pre_req"": ""183"", ""buy_8th_pre_req_pre"": ""0"", ""buy_9th_pre_bid"": ""+68400"", ""buy_9th_pre_req"": ""117"", ""buy_9th_pre_req_pre"": ""0"", ""buy_10th_pre_bid"": ""+68300"", ""buy_10th_pre_req"": ""785"", ""buy_10th_pre_req_pre"": ""0"", ""tot_sel_req_jub_pre"": ""0"", ""tot_sel_req"": ""11674"", ""tot_buy_req"": ""2606"", ""tot_buy_req_jub_pre"": ""--148"", ""ovt_sel_req_pre"": ""0"", ""ovt_sel_req"": ""0"", ""ovt_buy_req"": ""0"", ""ovt_buy_req_pre"": ""0"", ""return_code"": 0, ""return_msg"": ""정상적으로 처리되었습니다""}"
2026-06-10,watchlist,092200,,0,filtered_candidate_recheck,9790,,9790,9780,9790,9820,0.20429009193054137,0.10214504596527069,,,,,,"{""bid_req_base_tm"": ""104452"", ""sel_10th_pre_req_pre"": ""0"", ""sel_10th_pre_req"": ""1062"", ""sel_10th_pre_bid"": ""-9890"", ""sel_9th_pre_req_pre"": ""0"", ""sel_9th_pre_req"": ""1228"", ""sel_9th_pre_bid"": ""-9880"", ""sel_8th_pre_req_pre"": ""0"", ""sel_8th_pre_req"": ""267"", ""sel_8th_pre_bid"": ""-9870"", ""sel_7th_pre_req_pre"": ""0"", ""sel_7th_pre_req"": ""335"", ""sel_7th_pre_bid"": ""-9860"", ""sel_6th_pre_req_pre"": ""0"", ""sel_6th_pre_req"": ""135"", ""sel_6th_pre_bid"": ""-9850"", ""sel_5th_pre_req_pre"": ""0"", ""sel_5th_pre_req"": ""121"", ""sel_5th_pre_bid"": ""-9840"", ""sel_4th_pre_req_pre"": ""0"", ""sel_4th_pre_req"": ""100"", ""sel_4th_pre_bid"": ""-9830"", ""sel_3th_pre_req_pre"": ""0"", ""sel_3th_pre_req"": ""345"", ""sel_3th_pre_bid"": ""-9810"", ""sel_2th_pre_req_pre"": ""0"", ""sel_2th_pre_req"": ""410"", ""sel_2th_pre_bid"": ""-9800"", ""sel_1th_pre_req_pre"": ""0"", ""sel_fpr_req"": ""368"", ""sel_fpr_bid"": ""-9790"", ""buy_fpr_bid"": ""-9780"", ""buy_fpr_req"": ""588"", ""buy_1th_pre_req_pre"": ""0"", ""buy_2th_pre_bid"": ""-9770"", ""buy_2th_pre_req"": ""689"", ""buy_2th_pre_req_pre"": ""0"", ""buy_3th_pre_bid"": ""-9760"", ""buy_3th_pre_req"": ""2492"", ""buy_3th_pre_req_pre"": ""0"", ""buy_4th_pre_bid"": ""-9750"", ""buy_4th_pre_req"": ""1882"", ""buy_4th_pre_req_pre"": ""0"", ""buy_5th_pre_bid"": ""-9740"", ""buy_5th_pre_req"": ""2192"", ""buy_5th_pre_req_pre"": ""0"", ""buy_6th_pre_bid"": ""-9730"", ""buy_6th_pre_req"": ""1981"", ""buy_6th_pre_req_pre"": ""0"", ""buy_7th_pre_bid"": ""-9720"", ""buy_7th_pre_req"": ""1641"", ""buy_7th_pre_req_pre"": ""+50"", ""buy_8th_pre_bid"": ""-9710"", ""buy_8th_pre_req"": ""1710"", ""buy_8th_pre_req_pre"": ""0"", ""buy_9th_pre_bid"": ""-9700"", ""buy_9th_pre_req"": ""2155"", ""buy_9th_pre_req_pre"": ""0"", ""buy_10th_pre_bid"": ""-9690"", ""buy_10th_pre_req"": ""3931"", ""buy_10th_pre_req_pre"": ""0"", ""tot_sel_req_jub_pre"": ""0"", ""tot_sel_req"": ""4371"", ""tot_buy_req"": ""19261"", ""tot_buy_req_jub_pre"": ""+50"", ""ovt_sel_req_pre"": ""0"", ""ovt_sel_req"": ""0"", ""ovt_buy_req"": ""0"", ""ovt_buy_req_pre"": ""0"", ""return_code"": 0, ""return_msg"": ""정상적으로 처리되었습니다""}"
2026-06-10,watchlist,175330,,0,filtered_candidate_recheck,25500,,25500,25400,25500,25350,-0.7843137254901961,0.39215686274509803,,,,,,"{""bid_req_base_tm"": ""104454"", ""sel_10th_pre_req_pre"": ""0"", ""sel_10th_pre_req"": ""142"", ""sel_10th_pre_bid"": ""+25950"", ""sel_9th_pre_req_pre"": ""0"", ""sel_9th_pre_req"": ""532"", ""sel_9th_pre_bid"": ""25900"", ""sel_8th_pre_req_pre"": ""0"", ""sel_8th_pre_req"": ""454"", ""sel_8th_pre_bid"": ""-25850"", ""sel_7th_pre_req_pre"": ""0"", ""sel_7th_pre_req"": ""258"", ""sel_7th_pre_bid"": ""-25800"", ""sel_6th_pre_req_pre"": ""0"", ""sel_6th_pre_req"": ""248"", ""sel_6th_pre_bid"": ""-25750"", ""sel_5th_pre_req_pre"": ""0"", ""sel_5th_pre_req"": ""126"", ""sel_5th_pre_bid"": ""-25700"", ""sel_4th_pre_req_pre"": ""0"", ""sel_4th_pre_req"": ""341"", ""sel_4th_pre_bid"": ""-25650"", ""sel_3th_pre_req_pre"": ""+360"", ""sel_3th_pre_req"": ""1096"", ""sel_3th_pre_bid"": ""-25600"", ""sel_2th_pre_req_pre"": ""0"", ""sel_2th_pre_req"": ""1243"", ""sel_2th_pre_bid"": ""-25550"", ""sel_1th_pre_req_pre"": ""0"", ""sel_fpr_req"": ""2965"", ""sel_fpr_bid"": ""-25500"", ""buy_fpr_bid"": ""-25400"", ""buy_fpr_req"": ""1302"", ""buy_1th_pre_req_pre"": ""0"", ""buy_2th_pre_bid"": ""-25350"", ""buy_2th_pre_req"": ""923"", ""buy_2th_pre_req_pre"": ""0"", ""buy_3th_pre_bid"": ""-25300"", ""buy_3th_pre_req"": ""555"", ""buy_3th_pre_req_pre"": ""0"", ""buy_4th_pre_bid"": ""-25250"", ""buy_4th_pre_req"": ""443"", ""buy_4th_pre_req_pre"": ""0"", ""buy_5th_pre_bid"": ""-25200"", ""buy_5th_pre_req"": ""174"", ""buy_5th_pre_req_pre"": ""0"", ""buy_6th_pre_bid"": ""-25150"", ""buy_6th_pre_req"": ""768"", ""buy_6th_pre_req_pre"": ""0"", ""buy_7th_pre_bid"": ""-25100"", ""buy_7th_pre_req"": ""475"", ""buy_7th_pre_req_pre"": ""0"", ""buy_8th_pre_bid"": ""-25050"", ""buy_8th_pre_req"": ""378"", ""buy_8th_pre_req_pre"": ""0"", ""buy_9th_pre_bid"": ""-25000"", ""buy_9th_pre_req"": ""709"", ""buy_9th_pre_req_pre"": ""0"", ""buy_10th_pre_bid"": ""-24950"", ""buy_10th_pre_req"": ""238"", ""buy_10th_pre_req_pre"": ""0"", ""tot_sel_req_jub_pre"": ""+360"", ""tot_sel_req"": ""7405"", ""tot_buy_req"": ""5965"", ""tot_buy_req_jub_pre"": ""0"", ""ovt_sel_req_pre"": ""0"", ""ovt_sel_req"": ""0"", ""ovt_buy_req"": ""0"", ""ovt_buy_req_pre"": ""0"", ""return_code"": 0, ""return_msg"": ""정상적으로 처리되었습니다""}"
2026-06-10,watchlist,069960,,0,filtered_candidate_recheck,168900,,168900,168800,168900,168000,-0.8288928359976317,0.059206631142687975,,,,,,"{""bid_req_base_tm"": ""104456"", ""sel_10th_pre_req_pre"": ""0"", ""sel_10th_pre_req"": ""19"", ""sel_10th_pre_bid"": ""+169900"", ""sel_9th_pre_req_pre"": ""0"", ""sel_9th_pre_req"": ""35"", ""sel_9th_pre_bid"": ""+169800"", ""sel_8th_pre_req_pre"": ""0"", ""sel_8th_pre_req"": ""10"", ""sel_8th_pre_bid"": ""+169700"", ""sel_7th_pre_req_pre"": ""0"", ""sel_7th_pre_req"": ""63"", ""sel_7th_pre_bid"": ""+169500"", ""sel_6th_pre_req_pre"": ""0"", ""sel_6th_pre_req"": ""21"", ""sel_6th_pre_bid"": ""+169400"", ""sel_5th_pre_req_pre"": ""0"", ""sel_5th_pre_req"": ""105"", ""sel_5th_pre_bid"": ""+169300"", ""sel_4th_pre_req_pre"": ""0"", ""sel_4th_pre_req"": ""22"", ""sel_4th_pre_bid"": ""+169200"", ""sel_3th_pre_req_pre"": ""0"", ""sel_3th_pre_req"": ""35"", ""sel_3th_pre_bid"": ""+169100"", ""sel_2th_pre_req_pre"": ""0"", ""sel_2th_pre_req"": ""49"", ""sel_2th_pre_bid"": ""+169000"", ""sel_1th_pre_req_pre"": ""0"", ""sel_fpr_req"": ""86"", ""sel_fpr_bid"": ""+168900"", ""buy_fpr_bid"": ""+168800"", ""buy_fpr_req"": ""46"", ""buy_1th_pre_req_pre"": ""+7"", ""buy_2th_pre_bid"": ""+168700"", ""buy_2th_pre_req"": ""12"", ""buy_2th_pre_req_pre"": ""0"", ""buy_3th_pre_bid"": ""+168600"", ""buy_3th_pre_req"": ""1"", ""buy_3th_pre_req_pre"": ""0"", ""buy_4th_pre_bid"": ""+168500"", ""buy_4th_pre_req"": ""2"", ""buy_4th_pre_req_pre"": ""0"", ""buy_5th_pre_bid"": ""+168100"", ""buy_5th_pre_req"": ""9"", ""buy_5th_pre_req_pre"": ""0"", ""buy_6th_pre_bid"": ""+168000"", ""buy_6th_pre_req"": ""16"", ""buy_6th_pre_req_pre"": ""0"", ""buy_7th_pre_bid"": ""+167700"", ""buy_7th_pre_req"": ""2"", ""buy_7th_pre_req_pre"": ""0"", ""buy_8th_pre_bid"": ""+167600"", ""buy_8th_pre_req"": ""19"", ""buy_8th_pre_req_pre"": ""0"", ""buy_9th_pre_bid"": ""+167500"", ""buy_9th_pre_req"": ""3"", ""buy_9th_pre_req_pre"": ""0"", ""buy_10th_pre_bid"": ""+167200"", ""buy_10th_pre_req"": ""58"", ""buy_10th_pre_req_pre"": ""0"", ""tot_sel_req_jub_pre"": ""0"", ""tot_sel_req"": ""445"", ""tot_buy_req"": ""168"", ""tot_buy_req_jub_pre"": ""+7"", ""ovt_sel_req_pre"": ""0"", ""ovt_sel_req"": ""0"", ""ovt_buy_req"": ""0"", ""ovt_buy_req_pre"": ""0"", ""return_code"": 0, ""return_msg"": ""정상적으로 처리되었습니다""}"
2026-06-10,watchlist,001450,,0,filtered_candidate_recheck,37500,,37500,37450,37500,37550,0.0,0.13333333333333333,,,,,,"{""bid_req_base_tm"": ""104453"", ""sel_10th_pre_req_pre"": ""0"", ""sel_10th_pre_req"": ""533"", ""sel_10th_pre_bid"": ""+38100"", ""sel_9th_pre_req_pre"": ""0"", ""sel_9th_pre_req"": ""193"", ""sel_9th_pre_bid"": ""+38050"", ""sel_8th_pre_req_pre"": ""0"", ""sel_8th_pre_req"": ""491"", ""sel_8th_pre_bid"": ""+38000"", ""sel_7th_pre_req_pre"": ""0"", ""sel_7th_pre_req"": ""126"", ""sel_7th_pre_bid"": ""+37950"", ""sel_6th_pre_req_pre"": ""0"", ""sel_6th_pre_req"": ""1"", ""sel_6th_pre_bid"": ""+37850"", ""sel_5th_pre_req_pre"": ""0"", ""sel_5th_pre_req"": ""11"", ""sel_5th_pre_bid"": ""+37800"", ""sel_4th_pre_req_pre"": ""0"", ""sel_4th_pre_req"": ""108"", ""sel_4th_pre_bid"": ""+37700"", ""sel_3th_pre_req_pre"": ""0"", ""sel_3th_pre_req"": ""73"", ""sel_3th_pre_bid"": ""+37650"", ""sel_2th_pre_req_pre"": ""0"", ""sel_2th_pre_req"": ""446"", ""sel_2th_pre_bid"": ""+37550"", ""sel_1th_pre_req_pre"": ""0"", ""sel_fpr_req"": ""459"", ""sel_fpr_bid"": ""+37500"", ""buy_fpr_bid"": ""+37450"", ""buy_fpr_req"": ""267"", ""buy_1th_pre_req_pre"": ""--1"", ""buy_2th_pre_bid"": ""+37400"", ""buy_2th_pre_req"": ""106"", ""buy_2th_pre_req_pre"": ""0"", ""buy_3th_pre_bid"": ""+37350"", ""buy_3th_pre_req"": ""94"", ""buy_3th_pre_req_pre"": ""0"", ""buy_4th_pre_bid"": ""+37300"", ""buy_4th_pre_req"": ""73"", ""buy_4th_pre_req_pre"": ""0"", ""buy_5th_pre_bid"": ""+37250"", ""buy_5th_pre_req"": ""69"", ""buy_5th_pre_req_pre"": ""0"", ""buy_6th_pre_bid"": ""+37200"", ""buy_6th_pre_req"": ""489"", ""buy_6th_pre_req_pre"": ""0"", ""buy_7th_pre_bid"": ""+37150"", ""buy_7th_pre_req"": ""148"", ""buy_7th_pre_req_pre"": ""0"", ""buy_8th_pre_bid"": ""+37100"", ""buy_8th_pre_req"": ""620"", ""buy_8th_pre_req_pre"": ""0"", ""buy_9th_pre_bid"": ""+37050"", ""buy_9th_pre_req"": ""10"", ""buy_9th_pre_req_pre"": ""0"", ""buy_10th_pre_bid"": ""+37000"", ""buy_10th_pre_req"": ""762"", ""buy_10th_pre_req_pre"": ""0"", ""tot_sel_req_jub_pre"": ""0"", ""tot_sel_req"": ""2441"", ""tot_buy_req"": ""2638"", ""tot_buy_req_jub_pre"": ""--1"", ""ovt_sel_req_pre"": ""0"", ""ovt_sel_req"": ""0"", ""ovt_buy_req"": ""0"", ""ovt_buy_req_pre"": ""0"", ""return_code"": 0, ""return_msg"": ""정상적으로 처리되었습니다""}"
2026-06-10,watchlist,011070,,0,filtered_candidate_recheck,1094000,,1094000,1093000,1094000,1097000,0.18281535648994515,0.09140767824497258,,,,,,"{""bid_req_base_tm"": ""104457"", ""sel_10th_pre_req_pre"": ""0"", ""sel_10th_pre_req"": ""43"", ""sel_10th_pre_bid"": ""-1103000"", ""sel_9th_pre_req_pre"": ""0"", ""sel_9th_pre_req"": ""51"", ""sel_9th_pre_bid"": ""-1102000"", ""sel_8th_pre_req_pre"": ""0"", ""sel_8th_pre_req"": ""50"", ""sel_8th_pre_bid"": ""-1101000"", ""sel_7th_pre_req_pre"": ""0"", ""sel_7th_pre_req"": ""51"", ""sel_7th_pre_bid"": ""-1100000"", ""sel_6th_pre_req_pre"": ""0"", ""sel_6th_pre_req"": ""3"", ""sel_6th_pre_bid"": ""-1099000"", ""sel_5th_pre_req_pre"": ""0"", ""sel_5th_pre_req"": ""4"", ""sel_5th_pre_bid"": ""-1098000"", ""sel_4th_pre_req_pre"": ""0"", ""sel_4th_pre_req"": ""11"", ""sel_4th_pre_bid"": ""-1097000"", ""sel_3th_pre_req_pre"": ""0"", ""sel_3th_pre_req"": ""60"", ""sel_3th_pre_bid"": ""-1096000"", ""sel_2th_pre_req_pre"": ""0"", ""sel_2th_pre_req"": ""28"", ""sel_2th_pre_bid"": ""-1095000"", ""sel_1th_pre_req_pre"": ""0"", ""sel_fpr_req"": ""4"", ""sel_fpr_bid"": ""-1094000"", ""buy_fpr_bid"": ""-1093000"", ""buy_fpr_req"": ""116"", ""buy_1th_pre_req_pre"": ""--1"", ""buy_2th_pre_bid"": ""-1092000"", ""buy_2th_pre_req"": ""501"", ""buy_2th_pre_req_pre"": ""0"", ""buy_3th_pre_bid"": ""-1091000"", ""buy_3th_pre_req"": ""38"", ""buy_3th_pre_req_pre"": ""0"", ""buy_4th_pre_bid"": ""-1090000"", ""buy_4th_pre_req"": ""67"", ""buy_4th_pre_req_pre"": ""0"", ""buy_5th_pre_bid"": ""-1089000"", ""buy_5th_pre_req"": ""32"", ""buy_5th_pre_req_pre"": ""0"", ""buy_6th_pre_bid"": ""-1088000"", ""buy_6th_pre_req"": ""15"", ""buy_6th_pre_req_pre"": ""0"", ""buy_7th_pre_bid"": ""-1087000"", ""buy_7th_pre_req"": ""132"", ""buy_7th_pre_req_pre"": ""0"", ""buy_8th_pre_bid"": ""-1086000"", ""buy_8th_pre_req"": ""20"", ""buy_8th_pre_req_pre"": ""0"", ""buy_9th_pre_bid"": ""-1085000"", ""buy_9th_pre_req"": ""55"", ""buy_9th_pre_req_pre"": ""0"", ""buy_10th_pre_bid"": ""-1084000"", ""buy_10th_pre_req"": ""52"", ""buy_10th_pre_req_pre"": ""0"", ""tot_sel_req_jub_pre"": ""0"", ""tot_sel_req"": ""305"", ""tot_buy_req"": ""1028"", ""tot_buy_req_jub_pre"": ""--1"", ""ovt_sel_req_pre"": ""0"", ""ovt_sel_req"": ""0"", ""ovt_buy_req"": ""0"", ""ovt_buy_req_pre"": ""0"", ""return_code"": 0, ""return_msg"": ""정상적으로 처리되었습니다""}"
2026-06-10,watchlist,088350,,0,filtered_candidate_recheck,4850,,4850,4845,4850,4860,0.10309278350515465,0.10309278350515465,,,,,,"{""bid_req_base_tm"": ""104457"", ""sel_10th_pre_req_pre"": ""0"", ""sel_10th_pre_req"": ""1"", ""sel_10th_pre_bid"": ""-4895"", ""sel_9th_pre_req_pre"": ""0"", ""sel_9th_pre_req"": ""200"", ""sel_9th_pre_bid"": ""-4890"", ""sel_8th_pre_req_pre"": ""0"", ""sel_8th_pre_req"": ""1261"", ""sel_8th_pre_bid"": ""-4885"", ""sel_7th_pre_req_pre"": ""0"", ""sel_7th_pre_req"": ""203"", ""sel_7th_pre_bid"": ""-4880"", ""sel_6th_pre_req_pre"": ""0"", ""sel_6th_pre_req"": ""662"", ""sel_6th_pre_bid"": ""-4875"", ""sel_5th_pre_req_pre"": ""0"", ""sel_5th_pre_req"": ""1"", ""sel_5th_pre_bid"": ""-4870"", ""sel_4th_pre_req_pre"": ""0"", ""sel_4th_pre_req"": ""31"", ""sel_4th_pre_bid"": ""-4865"", ""sel_3th_pre_req_pre"": ""0"", ""sel_3th_pre_req"": ""426"", ""sel_3th_pre_bid"": ""-4860"", ""sel_2th_pre_req_pre"": ""0"", ""sel_2th_pre_req"": ""1478"", ""sel_2th_pre_bid"": ""-4855"", ""sel_1th_pre_req_pre"": ""0"", ""sel_fpr_req"": ""6461"", ""sel_fpr_bid"": ""-4850"", ""buy_fpr_bid"": ""-4845"", ""buy_fpr_req"": ""112"", ""buy_1th_pre_req_pre"": ""0"", ""buy_2th_pre_bid"": ""-4840"", ""buy_2th_pre_req"": ""2428"", ""buy_2th_pre_req_pre"": ""0"", ""buy_3th_pre_bid"": ""-4835"", ""buy_3th_pre_req"": ""2222"", ""buy_3th_pre_req_pre"": ""0"", ""buy_4th_pre_bid"": ""-4830"", ""buy_4th_pre_req"": ""3873"", ""buy_4th_pre_req_pre"": ""0"", ""buy_5th_pre_bid"": ""-4825"", ""buy_5th_pre_req"": ""4341"", ""buy_5th_pre_req_pre"": ""0"", ""buy_6th_pre_bid"": ""-4820"", ""buy_6th_pre_req"": ""2037"", ""buy_6th_pre_req_pre"": ""0"", ""buy_7th_pre_bid"": ""-4815"", ""buy_7th_pre_req"": ""2062"", ""buy_7th_pre_req_pre"": ""0"", ""buy_8th_pre_bid"": ""-4810"", ""buy_8th_pre_req"": ""5347"", ""buy_8th_pre_req_pre"": ""0"", ""buy_9th_pre_bid"": ""-4805"", ""buy_9th_pre_req"": ""3435"", ""buy_9th_pre_req_pre"": ""0"", ""buy_10th_pre_bid"": ""-4800"", ""buy_10th_pre_req"": ""9510"", ""buy_10th_pre_req_pre"": ""0"", ""tot_sel_req_jub_pre"": ""0"", ""tot_sel_req"": ""10724"", ""tot_buy_req"": ""35367"", ""tot_buy_req_jub_pre"": ""0"", ""ovt_sel_req_pre"": ""0"", ""ovt_sel_req"": ""0"", ""ovt_buy_req"": ""0"", ""ovt_buy_req_pre"": ""0"", ""return_code"": 0, ""return_msg"": ""정상적으로 처리되었습니다""}"
2026-06-10,scan_candidate,005930,,0,main_scan,307500,,307500,307000,307500,308500,0.16260162601626016,0.16260162601626016,,,,,,"{""bid_req_base_tm"": ""104640"", ""sel_10th_pre_req_pre"": ""0"", ""sel_10th_pre_req"": ""25305"", ""sel_10th_pre_bid"": ""-312000"", ""sel_9th_pre_req_pre"": ""0"", ""sel_9th_pre_req"": ""12326"", ""sel_9th_pre_bid"": ""-311500"", ""sel_8th_pre_req_pre"": ""0"", ""sel_8th_pre_req"": ""15508"", ""sel_8th_pre_bid"": ""-311000"", ""sel_7th_pre_req_pre"": ""0"", ""sel_7th_pre_req"": ""16868"", ""sel_7th_pre_bid"": ""-310500"", ""sel_6th_pre_req_pre"": ""0"", ""sel_6th_pre_req"": ""29017"", ""sel_6th_pre_bid"": ""-310000"", ""sel_5th_pre_req_pre"": ""0"", ""sel_5th_pre_req"": ""17271"", ""sel_5th_pre_bid"": ""-309500"", ""sel_4th_pre_req_pre"": ""0"", ""sel_4th_pre_req"": ""13520"", ""sel_4th_pre_bid"": ""-309000"", ""sel_3th_pre_req_pre"": ""0"", ""sel_3th_pre_req"": ""11824"", ""sel_3th_pre_bid"": ""-308500"", ""sel_2th_pre_req_pre"": ""0"", ""sel_2th_pre_req"": ""23774"", ""sel_2th_pre_bid"": ""-308000"", ""sel_1th_pre_req_pre"": ""0"", ""sel_fpr_req"": ""16893"", ""sel_fpr_bid"": ""-307500"", ""buy_fpr_bid"": ""-307000"", ""buy_fpr_req"": ""7786"", ""buy_1th_pre_req_pre"": ""--65"", ""buy_2th_pre_bid"": ""-306500"", ""buy_2th_pre_req"": ""52301"", ""buy_2th_pre_req_pre"": ""0"", ""buy_3th_pre_bid"": ""-306000"", ""buy_3th_pre_req"": ""92345"", ""buy_3th_pre_req_pre"": ""--8"", ""buy_4th_pre_bid"": ""-305500"", ""buy_4th_pre_req"": ""108489"", ""buy_4th_pre_req_pre"": ""0"", ""buy_5th_pre_bid"": ""-305000"", ""buy_5th_pre_req"": ""227601"", ""buy_5th_pre_req_pre"": ""0"", ""buy_6th_pre_bid"": ""-304500"", ""buy_6th_pre_req"": ""31654"", ""buy_6th_pre_req_pre"": ""0"", ""buy_7th_pre_bid"": ""-304000"", ""buy_7th_pre_req"": ""46352"", ""buy_7th_pre_req_pre"": ""0"", ""buy_8th_pre_bid"": ""-303500"", ""buy_8th_pre_req"": ""40806"", ""buy_8th_pre_req_pre"": ""0"", ""buy_9th_pre_bid"": ""-303000"", ""buy_9th_pre_req"": ""79243"", ""buy_9th_pre_req_pre"": ""0"", ""buy_10th_pre_bid"": ""-302500"", ""buy_10th_pre_req"": ""47588"", ""buy_10th_pre_req_pre"": ""0"", ""tot_sel_req_jub_pre"": ""0"", ""tot_sel_req"": ""182306"", ""tot_buy_req"": ""734165"", ""tot_buy_req_jub_pre"": ""--73"", ""ovt_sel_req_pre"": ""0"", ""ovt_sel_req"": ""0"", ""ovt_buy_req"": ""0"", ""ovt_buy_req_pre"": ""0"", ""return_code"": 0, ""return_msg"": ""정상적으로 처리되었습니다""}"
2026-06-10,scan_candidate,000660,,0,main_scan,2126000,,2126000,2125000,2126000,2129000,0.09407337723424271,0.047036688617121354,,,,,,"{""bid_req_base_tm"": ""104640"", ""sel_10th_pre_req_pre"": ""0"", ""sel_10th_pre_req"": ""169"", ""sel_10th_pre_bid"": ""-2135000"", ""sel_9th_pre_req_pre"": ""0"", ""sel_9th_pre_req"": ""94"", ""sel_9th_pre_bid"": ""-2134000"", ""sel_8th_pre_req_pre"": ""0"", ""sel_8th_pre_req"": ""175"", ""sel_8th_pre_bid"": ""-2133000"", ""sel_7th_pre_req_pre"": ""0"", ""sel_7th_pre_req"": ""139"", ""sel_7th_pre_bid"": ""-2132000"", ""sel_6th_pre_req_pre"": ""0"", ""sel_6th_pre_req"": ""164"", ""sel_6th_pre_bid"": ""-2131000"", ""sel_5th_pre_req_pre"": ""0"", ""sel_5th_pre_req"": ""468"", ""sel_5th_pre_bid"": ""-2130000"", ""sel_4th_pre_req_pre"": ""0"", ""sel_4th_pre_req"": ""487"", ""sel_4th_pre_bid"": ""-2129000"", ""sel_3th_pre_req_pre"": ""0"", ""sel_3th_pre_req"": ""62"", ""sel_3th_pre_bid"": ""-2128000"", ""sel_2th_pre_req_pre"": ""0"", ""sel_2th_pre_req"": ""93"", ""sel_2th_pre_bid"": ""-2127000"", ""sel_1th_pre_req_pre"": ""--4"", ""sel_fpr_req"": ""467"", ""sel_fpr_bid"": ""-2126000"", ""buy_fpr_bid"": ""-2125000"", ""buy_fpr_req"": ""1502"", ""buy_1th_pre_req_pre"": ""0"", ""buy_2th_pre_bid"": ""-2124000"", ""buy_2th_pre_req"": ""763"", ""buy_2th_pre_req_pre"": ""0"", ""buy_3th_pre_bid"": ""-2123000"", ""buy_3th_pre_req"": ""2523"", ""buy_3th_pre_req_pre"": ""+10"", ""buy_4th_pre_bid"": ""-2122000"", ""buy_4th_pre_req"": ""1654"", ""buy_4th_pre_req_pre"": ""0"", ""buy_5th_pre_bid"": ""-2121000"", ""buy_5th_pre_req"": ""1479"", ""buy_5th_pre_req_pre"": ""0"", ""buy_6th_pre_bid"": ""-2120000"", ""buy_6th_pre_req"": ""4224"", ""buy_6th_pre_req_pre"": ""0"", ""buy_7th_pre_bid"": ""-2119000"", ""buy_7th_pre_req"": ""1698"", ""buy_7th_pre_req_pre"": ""0"", ""buy_8th_pre_bid"": ""-2118000"", ""buy_8th_pre_req"": ""1547"", ""buy_8th_pre_req_pre"": ""0"", ""buy_9th_pre_bid"": ""-2117000"", ""buy_9th_pre_req"": ""1329"", ""buy_9th_pre_req_pre"": ""0"", ""buy_10th_pre_bid"": ""-2116000"", ""buy_10th_pre_req"": ""1092"", ""buy_10th_pre_req_pre"": ""0"", ""tot_sel_req_jub_pre"": ""--4"", ""tot_sel_req"": ""2318"", ""tot_buy_req"": ""17811"", ""tot_buy_req_jub_pre"": ""+10"", ""ovt_sel_req_pre"": ""0"", ""ovt_sel_req"": ""0"", ""ovt_buy_req"": ""0"", ""ovt_buy_req_pre"": ""0"", ""return_code"": 0, ""return_msg"": ""정상적으로 처리되었습니다""}"
2026-06-10,scan_candidate,402340,,0,main_scan,1216000,,1216000,1215000,1216000,1211000,-0.4934210526315789,0.08223684210526315,,,,,,"{""bid_req_base_tm"": ""104640"", ""sel_10th_pre_req_pre"": ""0"", ""sel_10th_pre_req"": ""117"", ""sel_10th_pre_bid"": ""-1227000"", ""sel_9th_pre_req_pre"": ""0"", ""sel_9th_pre_req"": ""10"", ""sel_9th_pre_bid"": ""-1226000"", ""sel_8th_pre_req_pre"": ""0"", ""sel_8th_pre_req"": ""99"", ""sel_8th_pre_bid"": ""-1225000"", ""sel_7th_pre_req_pre"": ""0"", ""sel_7th_pre_req"": ""34"", ""sel_7th_pre_bid"": ""-1224000"", ""sel_6th_pre_req_pre"": ""0"", ""sel_6th_pre_req"": ""39"", ""sel_6th_pre_bid"": ""-1223000"", ""sel_5th_pre_req_pre"": ""0"", ""sel_5th_pre_req"": ""2"", ""sel_5th_pre_bid"": ""-1222000"", ""sel_4th_pre_req_pre"": ""0"", ""sel_4th_pre_req"": ""2"", ""sel_4th_pre_bid"": ""-1219000"", ""sel_3th_pre_req_pre"": ""0"", ""sel_3th_pre_req"": ""25"", ""sel_3th_pre_bid"": ""-1218000"", ""sel_2th_pre_req_pre"": ""0"", ""sel_2th_pre_req"": ""201"", ""sel_2th_pre_bid"": ""-1217000"", ""sel_1th_pre_req_pre"": ""0"", ""sel_fpr_req"": ""840"", ""sel_fpr_bid"": ""-1216000"", ""buy_fpr_bid"": ""-1215000"", ""buy_fpr_req"": ""144"", ""buy_1th_pre_req_pre"": ""--1"", ""buy_2th_pre_bid"": ""-1214000"", ""buy_2th_pre_req"": ""97"", ""buy_2th_pre_req_pre"": ""0"", ""buy_3th_pre_bid"": ""-1213000"", ""buy_3th_pre_req"": ""27"", ""buy_3th_pre_req_pre"": ""0"", ""buy_4th_pre_bid"": ""-1212000"", ""buy_4th_pre_req"": ""70"", ""buy_4th_pre_req_pre"": ""0"", ""buy_5th_pre_bid"": ""-1211000"", ""buy_5th_pre_req"": ""91"", ""buy_5th_pre_req_pre"": ""0"", ""buy_6th_pre_bid"": ""-1210000"", ""buy_6th_pre_req"": ""191"", ""buy_6th_pre_req_pre"": ""0"", ""buy_7th_pre_bid"": ""-1209000"", ""buy_7th_pre_req"": ""20"", ""buy_7th_pre_req_pre"": ""0"", ""buy_8th_pre_bid"": ""-1208000"", ""buy_8th_pre_req"": ""29"", ""buy_8th_pre_req_pre"": ""0"", ""buy_9th_pre_bid"": ""-1207000"", ""buy_9th_pre_req"": ""34"", ""buy_9th_pre_req_pre"": ""0"", ""buy_10th_pre_bid"": ""-1206000"", ""buy_10th_pre_req"": ""170"", ""buy_10th_pre_req_pre"": ""0"", ""tot_sel_req_jub_pre"": ""0"", ""tot_sel_req"": ""1369"", ""tot_buy_req"": ""873"", ""tot_buy_req_jub_pre"": ""--1"", ""ovt_sel_req_pre"": ""0"", ""ovt_sel_req"": ""0"", ""ovt_buy_req"": ""0"", ""ovt_buy_req_pre"": ""0"", ""return_code"": 0, ""return_msg"": ""정상적으로 처리되었습니다""}"
2026-06-10,scan_candidate,009150,,0,main_scan,1898000,,1898000,1896000,1898000,1901000,0.10537407797681769,0.10537407797681769,,,,,,"{""bid_req_base_tm"": ""104640"", ""sel_10th_pre_req_pre"": ""0"", ""sel_10th_pre_req"": ""24"", ""sel_10th_pre_bid"": ""-1907000"", ""sel_9th_pre_req_pre"": ""0"", ""sel_9th_pre_req"": ""12"", ""sel_9th_pre_bid"": ""-1906000"", ""sel_8th_pre_req_pre"": ""0"", ""sel_8th_pre_req"": ""25"", ""sel_8th_pre_bid"": ""-1905000"", ""sel_7th_pre_req_pre"": ""0"", ""sel_7th_pre_req"": ""24"", ""sel_7th_pre_bid"": ""-1904000"", ""sel_6th_pre_req_pre"": ""0"", ""sel_6th_pre_req"": ""114"", ""sel_6th_pre_bid"": ""-1903000"", ""sel_5th_pre_req_pre"": ""0"", ""sel_5th_pre_req"": ""17"", ""sel_5th_pre_bid"": ""-1902000"", ""sel_4th_pre_req_pre"": ""0"", ""sel_4th_pre_req"": ""45"", ""sel_4th_pre_bid"": ""-1901000"", ""sel_3th_pre_req_pre"": ""0"", ""sel_3th_pre_req"": ""67"", ""sel_3th_pre_bid"": ""-1900000"", ""sel_2th_pre_req_pre"": ""0"", ""sel_2th_pre_req"": ""47"", ""sel_2th_pre_bid"": ""-1899000"", ""sel_1th_pre_req_pre"": ""+12"", ""sel_fpr_req"": ""200"", ""sel_fpr_bid"": ""-1898000"", ""buy_fpr_bid"": ""-1896000"", ""buy_fpr_req"": ""401"", ""buy_1th_pre_req_pre"": ""0"", ""buy_2th_pre_bid"": ""-1895000"", ""buy_2th_pre_req"": ""549"", ""buy_2th_pre_req_pre"": ""0"", ""buy_3th_pre_bid"": ""-1894000"", ""buy_3th_pre_req"": ""227"", ""buy_3th_pre_req_pre"": ""0"", ""buy_4th_pre_bid"": ""-1893000"", ""buy_4th_pre_req"": ""43"", ""buy_4th_pre_req_pre"": ""0"", ""buy_5th_pre_bid"": ""-1892000"", ""buy_5th_pre_req"": ""107"", ""buy_5th_pre_req_pre"": ""0"", ""buy_6th_pre_bid"": ""-1891000"", ""buy_6th_pre_req"": ""192"", ""buy_6th_pre_req_pre"": ""0"", ""buy_7th_pre_bid"": ""-1890000"", ""buy_7th_pre_req"": ""379"", ""buy_7th_pre_req_pre"": ""0"", ""buy_8th_pre_bid"": ""-1889000"", ""buy_8th_pre_req"": ""78"", ""buy_8th_pre_req_pre"": ""0"", ""buy_9th_pre_bid"": ""-1888000"", ""buy_9th_pre_req"": ""129"", ""buy_9th_pre_req_pre"": ""0"", ""buy_10th_pre_bid"": ""-1887000"", ""buy_10th_pre_req"": ""51"", ""buy_10th_pre_req_pre"": ""0"", ""tot_sel_req_jub_pre"": ""+12"", ""tot_sel_req"": ""575"", ""tot_buy_req"": ""2156"", ""tot_buy_req_jub_pre"": ""0"", ""ovt_sel_req_pre"": ""0"", ""ovt_sel_req"": ""0"", ""ovt_buy_req"": ""0"", ""ovt_buy_req_pre"": ""0"", ""return_code"": 0, ""return_msg"": ""정상적으로 처리되었습니다""}"
2026-06-10,scan_candidate,032830,,0,main_scan,372000,,372000,371500,372000,372000,-0.13440860215053765,0.13440860215053765,,,,,,"{""bid_req_base_tm"": ""104640"", ""sel_10th_pre_req_pre"": ""0"", ""sel_10th_pre_req"": ""150"", ""sel_10th_pre_bid"": ""-376500"", ""sel_9th_pre_req_pre"": ""0"", ""sel_9th_pre_req"": ""6"", ""sel_9th_pre_bid"": ""-376000"", ""sel_8th_pre_req_pre"": ""0"", ""sel_8th_pre_req"": ""7"", ""sel_8th_pre_bid"": ""-375500"", ""sel_7th_pre_req_pre"": ""0"", ""sel_7th_pre_req"": ""28"", ""sel_7th_pre_bid"": ""-375000"", ""sel_6th_pre_req_pre"": ""0"", ""sel_6th_pre_req"": ""10"", ""sel_6th_pre_bid"": ""-374500"", ""sel_5th_pre_req_pre"": ""0"", ""sel_5th_pre_req"": ""2"", ""sel_5th_pre_bid"": ""-374000"", ""sel_4th_pre_req_pre"": ""0"", ""sel_4th_pre_req"": ""2"", ""sel_4th_pre_bid"": ""-373500"", ""sel_3th_pre_req_pre"": ""0"", ""sel_3th_pre_req"": ""440"", ""sel_3th_pre_bid"": ""-373000"", ""sel_2th_pre_req_pre"": ""0"", ""sel_2th_pre_req"": ""133"", ""sel_2th_pre_bid"": ""-372500"", ""sel_1th_pre_req_pre"": ""+2"", ""sel_fpr_req"": ""722"", ""sel_fpr_bid"": ""-372000"", ""buy_fpr_bid"": ""-371500"", ""buy_fpr_req"": ""380"", ""buy_1th_pre_req_pre"": ""0"", ""buy_2th_pre_bid"": ""-371000"", ""buy_2th_pre_req"": ""111"", ""buy_2th_pre_req_pre"": ""0"", ""buy_3th_pre_bid"": ""-370500"", ""buy_3th_pre_req"": ""101"", ""buy_3th_pre_req_pre"": ""0"", ""buy_4th_pre_bid"": ""-370000"", ""buy_4th_pre_req"": ""212"", ""buy_4th_pre_req_pre"": ""0"", ""buy_5th_pre_bid"": ""-369500"", ""buy_5th_pre_req"": ""174"", ""buy_5th_pre_req_pre"": ""0"", ""buy_6th_pre_bid"": ""-369000"", ""buy_6th_pre_req"": ""128"", ""buy_6th_pre_req_pre"": ""0"", ""buy_7th_pre_bid"": ""-368500"", ""buy_7th_pre_req"": ""162"", ""buy_7th_pre_req_pre"": ""0"", ""buy_8th_pre_bid"": ""-368000"", ""buy_8th_pre_req"": ""339"", ""buy_8th_pre_req_pre"": ""0"", ""buy_9th_pre_bid"": ""-367500"", ""buy_9th_pre_req"": ""212"", ""buy_9th_pre_req_pre"": ""0"", ""buy_10th_pre_bid"": ""-367000"", ""buy_10th_pre_req"": ""447"", ""buy_10th_pre_req_pre"": ""0"", ""tot_sel_req_jub_pre"": ""+2"", ""tot_sel_req"": ""1500"", ""tot_buy_req"": ""2266"", ""tot_buy_req_jub_pre"": ""0"", ""ovt_sel_req_pre"": ""0"", ""ovt_sel_req"": ""0"", ""ovt_buy_req"": ""0"", ""ovt_buy_req_pre"": ""0"", ""return_code"": 0, ""return_msg"": ""정상적으로 처리되었습니다""}"
2026-06-10,scan_candidate,012330,,0,main_scan,581000,,581000,580000,581000,583000,0.17211703958691912,0.17211703958691912,,,,,,"{""bid_req_base_tm"": ""104640"", ""sel_10th_pre_req_pre"": ""0"", ""sel_10th_pre_req"": ""451"", ""sel_10th_pre_bid"": ""-590000"", ""sel_9th_pre_req_pre"": ""0"", ""sel_9th_pre_req"": ""335"", ""sel_9th_pre_bid"": ""-589000"", ""sel_8th_pre_req_pre"": ""0"", ""sel_8th_pre_req"": ""208"", ""sel_8th_pre_bid"": ""-588000"", ""sel_7th_pre_req_pre"": ""0"", ""sel_7th_pre_req"": ""320"", ""sel_7th_pre_bid"": ""-587000"", ""sel_6th_pre_req_pre"": ""0"", ""sel_6th_pre_req"": ""161"", ""sel_6th_pre_bid"": ""-586000"", ""sel_5th_pre_req_pre"": ""0"", ""sel_5th_pre_req"": ""172"", ""sel_5th_pre_bid"": ""-585000"", ""sel_4th_pre_req_pre"": ""0"", ""sel_4th_pre_req"": ""262"", ""sel_4th_pre_bid"": ""-584000"", ""sel_3th_pre_req_pre"": ""0"", ""sel_3th_pre_req"": ""45"", ""sel_3th_pre_bid"": ""-583000"", ""sel_2th_pre_req_pre"": ""0"", ""sel_2th_pre_req"": ""160"", ""sel_2th_pre_bid"": ""-582000"", ""sel_1th_pre_req_pre"": ""+12"", ""sel_fpr_req"": ""123"", ""sel_fpr_bid"": ""-581000"", ""buy_fpr_bid"": ""-580000"", ""buy_fpr_req"": ""735"", ""buy_1th_pre_req_pre"": ""0"", ""buy_2th_pre_bid"": ""-579000"", ""buy_2th_pre_req"": ""546"", ""buy_2th_pre_req_pre"": ""0"", ""buy_3th_pre_bid"": ""-578000"", ""buy_3th_pre_req"": ""753"", ""buy_3th_pre_req_pre"": ""0"", ""buy_4th_pre_bid"": ""-577000"", ""buy_4th_pre_req"": ""896"", ""buy_4th_pre_req_pre"": ""0"", ""buy_5th_pre_bid"": ""-576000"", ""buy_5th_pre_req"": ""978"", ""buy_5th_pre_req_pre"": ""0"", ""buy_6th_pre_bid"": ""-575000"", ""buy_6th_pre_req"": ""1693"", ""buy_6th_pre_req_pre"": ""0"", ""buy_7th_pre_bid"": ""-574000"", ""buy_7th_pre_req"": ""635"", ""buy_7th_pre_req_pre"": ""0"", ""buy_8th_pre_bid"": ""-573000"", ""buy_8th_pre_req"": ""941"", ""buy_8th_pre_req_pre"": ""0"", ""buy_9th_pre_bid"": ""-572000"", ""buy_9th_pre_req"": ""1518"", ""buy_9th_pre_req_pre"": ""0"", ""buy_10th_pre_bid"": ""-571000"", ""buy_10th_pre_req"": ""1652"", ""buy_10th_pre_req_pre"": ""0"", ""tot_sel_req_jub_pre"": ""+12"", ""tot_sel_req"": ""2237"", ""tot_buy_req"": ""10347"", ""tot_buy_req_jub_pre"": ""0"", ""ovt_sel_req_pre"": ""0"", ""ovt_sel_req"": ""0"", ""ovt_buy_req"": ""0"", ""ovt_buy_req_pre"": ""0"", ""return_code"": 0, ""return_msg"": ""정상적으로 처리되었습니다""}"
2026-06-10,scan_candidate,055550,,0,main_scan,98900,,98900,98800,98900,99000,0.0,0.10111223458038424,,,,,,"{""bid_req_base_tm"": ""104640"", ""sel_10th_pre_req_pre"": ""0"", ""sel_10th_pre_req"": ""65"", ""sel_10th_pre_bid"": ""-99800"", ""sel_9th_pre_req_pre"": ""0"", ""sel_9th_pre_req"": ""3"", ""sel_9th_pre_bid"": ""-99700"", ""sel_8th_pre_req_pre"": ""0"", ""sel_8th_pre_req"": ""44"", ""sel_8th_pre_bid"": ""-99600"", ""sel_7th_pre_req_pre"": ""0"", ""sel_7th_pre_req"": ""60"", ""sel_7th_pre_bid"": ""-99500"", ""sel_6th_pre_req_pre"": ""0"", ""sel_6th_pre_req"": ""1"", ""sel_6th_pre_bid"": ""-99400"", ""sel_5th_pre_req_pre"": ""0"", ""sel_5th_pre_req"": ""299"", ""sel_5th_pre_bid"": ""-99300"", ""sel_4th_pre_req_pre"": ""0"", ""sel_4th_pre_req"": ""796"", ""sel_4th_pre_bid"": ""-99200"", ""sel_3th_pre_req_pre"": ""0"", ""sel_3th_pre_req"": ""128"", ""sel_3th_pre_bid"": ""-99100"", ""sel_2th_pre_req_pre"": ""0"", ""sel_2th_pre_req"": ""651"", ""sel_2th_pre_bid"": ""-99000"", ""sel_1th_pre_req_pre"": ""0"", ""sel_fpr_req"": ""2250"", ""sel_fpr_bid"": ""-98900"", ""buy_fpr_bid"": ""-98800"", ""buy_fpr_req"": ""1089"", ""buy_1th_pre_req_pre"": ""--4"", ""buy_2th_pre_bid"": ""-98700"", ""buy_2th_pre_req"": ""772"", ""buy_2th_pre_req_pre"": ""0"", ""buy_3th_pre_bid"": ""-98600"", ""buy_3th_pre_req"": ""935"", ""buy_3th_pre_req_pre"": ""0"", ""buy_4th_pre_bid"": ""-98500"", ""buy_4th_pre_req"": ""366"", ""buy_4th_pre_req_pre"": ""0"", ""buy_5th_pre_bid"": ""-98400"", ""buy_5th_pre_req"": ""1064"", ""buy_5th_pre_req_pre"": ""0"", ""buy_6th_pre_bid"": ""-98300"", ""buy_6th_pre_req"": ""193"", ""buy_6th_pre_req_pre"": ""0"", ""buy_7th_pre_bid"": ""-98200"", ""buy_7th_pre_req"": ""1220"", ""buy_7th_pre_req_pre"": ""0"", ""buy_8th_pre_bid"": ""-98100"", ""buy_8th_pre_req"": ""177"", ""buy_8th_pre_req_pre"": ""0"", ""buy_9th_pre_bid"": ""-98000"", ""buy_9th_pre_req"": ""1913"", ""buy_9th_pre_req_pre"": ""0"", ""buy_10th_pre_bid"": ""-97900"", ""buy_10th_pre_req"": ""282"", ""buy_10th_pre_req_pre"": ""0"", ""tot_sel_req_jub_pre"": ""0"", ""tot_sel_req"": ""4297"", ""tot_buy_req"": ""8011"", ""tot_buy_req_jub_pre"": ""--4"", ""ovt_sel_req_pre"": ""0"", ""ovt_sel_req"": ""0"", ""ovt_buy_req"": ""0"", ""ovt_buy_req_pre"": ""0"", ""return_code"": 0, ""return_msg"": ""정상적으로 처리되었습니다""}"
2026-06-10,scan_candidate,034730,,0,main_scan,587000,,587000,586000,587000,585000,-0.5110732538330494,0.17035775127768313,,,,,,"{""bid_req_base_tm"": ""104641"", ""sel_10th_pre_req_pre"": ""0"", ""sel_10th_pre_req"": ""401"", ""sel_10th_pre_bid"": ""+596000"", ""sel_9th_pre_req_pre"": ""0"", ""sel_9th_pre_req"": ""277"", ""sel_9th_pre_bid"": ""+595000"", ""sel_8th_pre_req_pre"": ""0"", ""sel_8th_pre_req"": ""388"", ""sel_8th_pre_bid"": ""594000"", ""sel_7th_pre_req_pre"": ""0"", ""sel_7th_pre_req"": ""296"", ""sel_7th_pre_bid"": ""-593000"", ""sel_6th_pre_req_pre"": ""0"", ""sel_6th_pre_req"": ""40"", ""sel_6th_pre_bid"": ""-592000"", ""sel_5th_pre_req_pre"": ""0"", ""sel_5th_pre_req"": ""29"", ""sel_5th_pre_bid"": ""-591000"", ""sel_4th_pre_req_pre"": ""0"", ""sel_4th_pre_req"": ""150"", ""sel_4th_pre_bid"": ""-590000"", ""sel_3th_pre_req_pre"": ""0"", ""sel_3th_pre_req"": ""31"", ""sel_3th_pre_bid"": ""-589000"", ""sel_2th_pre_req_pre"": ""0"", ""sel_2th_pre_req"": ""97"", ""sel_2th_pre_bid"": ""-588000"", ""sel_1th_pre_req_pre"": ""0"", ""sel_fpr_req"": ""627"", ""sel_fpr_bid"": ""-587000"", ""buy_fpr_bid"": ""-586000"", ""buy_fpr_req"": ""454"", ""buy_1th_pre_req_pre"": ""+9"", ""buy_2th_pre_bid"": ""-585000"", ""buy_2th_pre_req"": ""172"", ""buy_2th_pre_req_pre"": ""0"", ""buy_3th_pre_bid"": ""-584000"", ""buy_3th_pre_req"": ""137"", ""buy_3th_pre_req_pre"": ""0"", ""buy_4th_pre_bid"": ""-583000"", ""buy_4th_pre_req"": ""12"", ""buy_4th_pre_req_pre"": ""0"", ""buy_5th_pre_bid"": ""-582000"", ""buy_5th_pre_req"": ""81"", ""buy_5th_pre_req_pre"": ""0"", ""buy_6th_pre_bid"": ""-581000"", ""buy_6th_pre_req"": ""112"", ""buy_6th_pre_req_pre"": ""0"", ""buy_7th_pre_bid"": ""-580000"", ""buy_7th_pre_req"": ""116"", ""buy_7th_pre_req_pre"": ""0"", ""buy_8th_pre_bid"": ""-579000"", ""buy_8th_pre_req"": ""12"", ""buy_8th_pre_req_pre"": ""0"", ""buy_9th_pre_bid"": ""-578000"", ""buy_9th_pre_req"": ""122"", ""buy_9th_pre_req_pre"": ""0"", ""buy_10th_pre_bid"": ""-577000"", ""buy_10th_pre_req"": ""25"", ""buy_10th_pre_req_pre"": ""0"", ""tot_sel_req_jub_pre"": ""0"", ""tot_sel_req"": ""2336"", ""tot_buy_req"": ""1243"", ""tot_buy_req_jub_pre"": ""+9"", ""ovt_sel_req_pre"": ""0"", ""ovt_sel_req"": ""0"", ""ovt_buy_req"": ""0"", ""ovt_buy_req_pre"": ""0"", ""return_code"": 0, ""return_msg"": ""정상적으로 처리되었습니다""}"
2026-06-10,scan_candidate,066570,,0,main_scan,233000,,233000,232500,233000,234000,0.2145922746781116,0.2145922746781116,,,,,,"{""bid_req_base_tm"": ""104641"", ""sel_10th_pre_req_pre"": ""0"", ""sel_10th_pre_req"": ""1757"", ""sel_10th_pre_bid"": ""-237500"", ""sel_9th_pre_req_pre"": ""0"", ""sel_9th_pre_req"": ""1488"", ""sel_9th_pre_bid"": ""-237000"", ""sel_8th_pre_req_pre"": ""0"", ""sel_8th_pre_req"": ""1326"", ""sel_8th_pre_bid"": ""-236500"", ""sel_7th_pre_req_pre"": ""0"", ""sel_7th_pre_req"": ""2966"", ""sel_7th_pre_bid"": ""-236000"", ""sel_6th_pre_req_pre"": ""0"", ""sel_6th_pre_req"": ""2196"", ""sel_6th_pre_bid"": ""-235500"", ""sel_5th_pre_req_pre"": ""0"", ""sel_5th_pre_req"": ""3360"", ""sel_5th_pre_bid"": ""-235000"", ""sel_4th_pre_req_pre"": ""0"", ""sel_4th_pre_req"": ""2463"", ""sel_4th_pre_bid"": ""-234500"", ""sel_3th_pre_req_pre"": ""0"", ""sel_3th_pre_req"": ""1694"", ""sel_3th_pre_bid"": ""-234000"", ""sel_2th_pre_req_pre"": ""0"", ""sel_2th_pre_req"": ""2918"", ""sel_2th_pre_bid"": ""-233500"", ""sel_1th_pre_req_pre"": ""0"", ""sel_fpr_req"": ""1878"", ""sel_fpr_bid"": ""-233000"", ""buy_fpr_bid"": ""-232500"", ""buy_fpr_req"": ""1088"", ""buy_1th_pre_req_pre"": ""0"", ""buy_2th_pre_bid"": ""-232000"", ""buy_2th_pre_req"": ""4870"", ""buy_2th_pre_req_pre"": ""0"", ""buy_3th_pre_bid"": ""-231500"", ""buy_3th_pre_req"": ""6542"", ""buy_3th_pre_req_pre"": ""0"", ""buy_4th_pre_bid"": ""-231000"", ""buy_4th_pre_req"": ""9921"", ""buy_4th_pre_req_pre"": ""0"", ""buy_5th_pre_bid"": ""-230500"", ""buy_5th_pre_req"": ""16671"", ""buy_5th_pre_req_pre"": ""0"", ""buy_6th_pre_bid"": ""-230000"", ""buy_6th_pre_req"": ""41694"", ""buy_6th_pre_req_pre"": ""0"", ""buy_7th_pre_bid"": ""-229500"", ""buy_7th_pre_req"": ""5463"", ""buy_7th_pre_req_pre"": ""+5"", ""buy_8th_pre_bid"": ""-229000"", ""buy_8th_pre_req"": ""7818"", ""buy_8th_pre_req_pre"": ""0"", ""buy_9th_pre_bid"": ""-228500"", ""buy_9th_pre_req"": ""6425"", ""buy_9th_pre_req_pre"": ""0"", ""buy_10th_pre_bid"": ""-228000"", ""buy_10th_pre_req"": ""11916"", ""buy_10th_pre_req_pre"": ""0"", ""tot_sel_req_jub_pre"": ""0"", ""tot_sel_req"": ""22046"", ""tot_buy_req"": ""112408"", ""tot_buy_req_jub_pre"": ""+5"", ""ovt_sel_req_pre"": ""0"", ""ovt_sel_req"": ""0"", ""ovt_buy_req"": ""0"", ""ovt_buy_req_pre"": ""0"", ""return_code"": 0, ""return_msg"": ""정상적으로 처리되었습니다""}"
2026-06-10,scan_candidate,035420,,0,main_scan,235500,,235500,235000,235500,237500,0.6369426751592357,0.21231422505307856,,,,,,"{""bid_req_base_tm"": ""104641"", ""sel_10th_pre_req_pre"": ""0"", ""sel_10th_pre_req"": ""4641"", ""sel_10th_pre_bid"": ""-240000"", ""sel_9th_pre_req_pre"": ""0"", ""sel_9th_pre_req"": ""3162"", ""sel_9th_pre_bid"": ""-239500"", ""sel_8th_pre_req_pre"": ""0"", ""sel_8th_pre_req"": ""2846"", ""sel_8th_pre_bid"": ""-239000"", ""sel_7th_pre_req_pre"": ""0"", ""sel_7th_pre_req"": ""1041"", ""sel_7th_pre_bid"": ""-238500"", ""sel_6th_pre_req_pre"": ""0"", ""sel_6th_pre_req"": ""2642"", ""sel_6th_pre_bid"": ""-238000"", ""sel_5th_pre_req_pre"": ""0"", ""sel_5th_pre_req"": ""4464"", ""sel_5th_pre_bid"": ""-237500"", ""sel_4th_pre_req_pre"": ""0"", ""sel_4th_pre_req"": ""1866"", ""sel_4th_pre_bid"": ""-237000"", ""sel_3th_pre_req_pre"": ""0"", ""sel_3th_pre_req"": ""1907"", ""sel_3th_pre_bid"": ""-236500"", ""sel_2th_pre_req_pre"": ""0"", ""sel_2th_pre_req"": ""4811"", ""sel_2th_pre_bid"": ""-236000"", ""sel_1th_pre_req_pre"": ""0"", ""sel_fpr_req"": ""925"", ""sel_fpr_bid"": ""-235500"", ""buy_fpr_bid"": ""-235000"", ""buy_fpr_req"": ""28330"", ""buy_1th_pre_req_pre"": ""+1"", ""buy_2th_pre_bid"": ""-234500"", ""buy_2th_pre_req"": ""57981"", ""buy_2th_pre_req_pre"": ""0"", ""buy_3th_pre_bid"": ""-234000"", ""buy_3th_pre_req"": ""9804"", ""buy_3th_pre_req_pre"": ""0"", ""buy_4th_pre_bid"": ""-233500"", ""buy_4th_pre_req"": ""7223"", ""buy_4th_pre_req_pre"": ""0"", ""buy_5th_pre_bid"": ""-233000"", ""buy_5th_pre_req"": ""9897"", ""buy_5th_pre_req_pre"": ""0"", ""buy_6th_pre_bid"": ""-232500"", ""buy_6th_pre_req"": ""7636"", ""buy_6th_pre_req_pre"": ""0"", ""buy_7th_pre_bid"": ""-232000"", ""buy_7th_pre_req"": ""10978"", ""buy_7th_pre_req_pre"": ""0"", ""buy_8th_pre_bid"": ""-231500"", ""buy_8th_pre_req"": ""9403"", ""buy_8th_pre_req_pre"": ""0"", ""buy_9th_pre_bid"": ""-231000"", ""buy_9th_pre_req"": ""14606"", ""buy_9th_pre_req_pre"": ""0"", ""buy_10th_pre_bid"": ""-230500"", ""buy_10th_pre_req"": ""9249"", ""buy_10th_pre_req_pre"": ""0"", ""tot_sel_req_jub_pre"": ""0"", ""tot_sel_req"": ""28305"", ""tot_buy_req"": ""165107"", ""tot_buy_req_jub_pre"": ""+1"", ""ovt_sel_req_pre"": ""0"", ""ovt_sel_req"": ""0"", ""ovt_buy_req"": ""0"", ""ovt_buy_req_pre"": ""0"", ""return_code"": 0, ""return_msg"": ""정상적으로 처리되었습니다""}"
2026-06-10,scan_candidate,267260,,0,main_scan,1021000,,1021000,1019000,1021000,1024000,0.1958863858961802,0.1958863858961802,,,,,,"{""bid_req_base_tm"": ""104640"", ""sel_10th_pre_req_pre"": ""0"", ""sel_10th_pre_req"": ""95"", ""sel_10th_pre_bid"": ""+1030000"", ""sel_9th_pre_req_pre"": ""0"", ""sel_9th_pre_req"": ""4"", ""sel_9th_pre_bid"": ""+1029000"", ""sel_8th_pre_req_pre"": ""0"", ""sel_8th_pre_req"": ""36"", ""sel_8th_pre_bid"": ""+1028000"", ""sel_7th_pre_req_pre"": ""0"", ""sel_7th_pre_req"": ""49"", ""sel_7th_pre_bid"": ""+1027000"", ""sel_6th_pre_req_pre"": ""0"", ""sel_6th_pre_req"": ""3"", ""sel_6th_pre_bid"": ""+1026000"", ""sel_5th_pre_req_pre"": ""0"", ""sel_5th_pre_req"": ""2"", ""sel_5th_pre_bid"": ""+1025000"", ""sel_4th_pre_req_pre"": ""0"", ""sel_4th_pre_req"": ""8"", ""sel_4th_pre_bid"": ""+1024000"", ""sel_3th_pre_req_pre"": ""0"", ""sel_3th_pre_req"": ""145"", ""sel_3th_pre_bid"": ""+1023000"", ""sel_2th_pre_req_pre"": ""0"", ""sel_2th_pre_req"": ""10"", ""sel_2th_pre_bid"": ""+1022000"", ""sel_1th_pre_req_pre"": ""+4"", ""sel_fpr_req"": ""29"", ""sel_fpr_bid"": ""+1021000"", ""buy_fpr_bid"": ""+1019000"", ""buy_fpr_req"": ""542"", ""buy_1th_pre_req_pre"": ""0"", ""buy_2th_pre_bid"": ""+1018000"", ""buy_2th_pre_req"": ""210"", ""buy_2th_pre_req_pre"": ""0"", ""buy_3th_pre_bid"": ""+1017000"", ""buy_3th_pre_req"": ""19"", ""buy_3th_pre_req_pre"": ""0"", ""buy_4th_pre_bid"": ""+1016000"", ""buy_4th_pre_req"": ""32"", ""buy_4th_pre_req_pre"": ""0"", ""buy_5th_pre_bid"": ""+1015000"", ""buy_5th_pre_req"": ""50"", ""buy_5th_pre_req_pre"": ""0"", ""buy_6th_pre_bid"": ""+1014000"", ""buy_6th_pre_req"": ""110"", ""buy_6th_pre_req_pre"": ""0"", ""buy_7th_pre_bid"": ""+1013000"", ""buy_7th_pre_req"": ""31"", ""buy_7th_pre_req_pre"": ""0"", ""buy_8th_pre_bid"": ""+1012000"", ""buy_8th_pre_req"": ""27"", ""buy_8th_pre_req_pre"": ""0"", ""buy_9th_pre_bid"": ""+1011000"", ""buy_9th_pre_req"": ""23"", ""buy_9th_pre_req_pre"": ""0"", ""buy_10th_pre_bid"": ""+1010000"", ""buy_10th_pre_req"": ""91"", ""buy_10th_pre_req_pre"": ""0"", ""tot_sel_req_jub_pre"": ""+4"", ""tot_sel_req"": ""381"", ""tot_buy_req"": ""1135"", ""tot_buy_req_jub_pre"": ""0"", ""ovt_sel_req_pre"": ""0"", ""ovt_sel_req"": ""0"", ""ovt_buy_req"": ""0"", ""ovt_buy_req_pre"": ""0"", ""return_code"": 0, ""return_msg"": ""정상적으로 처리되었습니다""}"
2026-06-10,scan_candidate,086790,,0,main_scan,118300,,118300,118100,118300,117500,-1.098901098901099,0.16906170752324598,,,,,,"{""bid_req_base_tm"": ""104642"", ""sel_10th_pre_req_pre"": ""0"", ""sel_10th_pre_req"": ""3"", ""sel_10th_pre_bid"": ""+119300"", ""sel_9th_pre_req_pre"": ""0"", ""sel_9th_pre_req"": ""18"", ""sel_9th_pre_bid"": ""+119200"", ""sel_8th_pre_req_pre"": ""0"", ""sel_8th_pre_req"": ""12"", ""sel_8th_pre_bid"": ""119000"", ""sel_7th_pre_req_pre"": ""0"", ""sel_7th_pre_req"": ""2"", ""sel_7th_pre_bid"": ""-118900"", ""sel_6th_pre_req_pre"": ""0"", ""sel_6th_pre_req"": ""50"", ""sel_6th_pre_bid"": ""-118800"", ""sel_5th_pre_req_pre"": ""0"", ""sel_5th_pre_req"": ""4"", ""sel_5th_pre_bid"": ""-118700"", ""sel_4th_pre_req_pre"": ""0"", ""sel_4th_pre_req"": ""205"", ""sel_4th_pre_bid"": ""-118600"", ""sel_3th_pre_req_pre"": ""0"", ""sel_3th_pre_req"": ""733"", ""sel_3th_pre_bid"": ""-118500"", ""sel_2th_pre_req_pre"": ""0"", ""sel_2th_pre_req"": ""145"", ""sel_2th_pre_bid"": ""-118400"", ""sel_1th_pre_req_pre"": ""--50"", ""sel_fpr_req"": ""1849"", ""sel_fpr_bid"": ""-118300"", ""buy_fpr_bid"": ""-118100"", ""buy_fpr_req"": ""180"", ""buy_1th_pre_req_pre"": ""0"", ""buy_2th_pre_bid"": ""-118000"", ""buy_2th_pre_req"": ""522"", ""buy_2th_pre_req_pre"": ""0"", ""buy_3th_pre_bid"": ""-117900"", ""buy_3th_pre_req"": ""63"", ""buy_3th_pre_req_pre"": ""0"", ""buy_4th_pre_bid"": ""-117800"", ""buy_4th_pre_req"": ""558"", ""buy_4th_pre_req_pre"": ""0"", ""buy_5th_pre_bid"": ""-117700"", ""buy_5th_pre_req"": ""119"", ""buy_5th_pre_req_pre"": ""0"", ""buy_6th_pre_bid"": ""-117600"", ""buy_6th_pre_req"": ""67"", ""buy_6th_pre_req_pre"": ""0"", ""buy_7th_pre_bid"": ""-117500"", ""buy_7th_pre_req"": ""616"", ""buy_7th_pre_req_pre"": ""0"", ""buy_8th_pre_bid"": ""-117400"", ""buy_8th_pre_req"": ""73"", ""buy_8th_pre_req_pre"": ""0"", ""buy_9th_pre_bid"": ""-117300"", ""buy_9th_pre_req"": ""126"", ""buy_9th_pre_req_pre"": ""0"", ""buy_10th_pre_bid"": ""-117200"", ""buy_10th_pre_req"": ""146"", ""buy_10th_pre_req_pre"": ""0"", ""tot_sel_req_jub_pre"": ""--50"", ""tot_sel_req"": ""3021"", ""tot_buy_req"": ""2470"", ""tot_buy_req_jub_pre"": ""0"", ""ovt_sel_req_pre"": ""0"", ""ovt_sel_req"": ""0"", ""ovt_buy_req"": ""0"", ""ovt_buy_req_pre"": ""0"", ""return_code"": 0, ""return_msg"": ""정상적으로 처리되었습니다""}"
2026-06-10,scan_candidate,000810,,0,main_scan,615000,,615000,614000,615000,612000,-0.6504065040650406,0.16260162601626016,,,,,,"{""bid_req_base_tm"": ""104642"", ""sel_10th_pre_req_pre"": ""0"", ""sel_10th_pre_req"": ""18"", ""sel_10th_pre_bid"": ""-624000"", ""sel_9th_pre_req_pre"": ""0"", ""sel_9th_pre_req"": ""325"", ""sel_9th_pre_bid"": ""-623000"", ""sel_8th_pre_req_pre"": ""0"", ""sel_8th_pre_req"": ""134"", ""sel_8th_pre_bid"": ""-622000"", ""sel_7th_pre_req_pre"": ""0"", ""sel_7th_pre_req"": ""142"", ""sel_7th_pre_bid"": ""-621000"", ""sel_6th_pre_req_pre"": ""0"", ""sel_6th_pre_req"": ""84"", ""sel_6th_pre_bid"": ""-620000"", ""sel_5th_pre_req_pre"": ""0"", ""sel_5th_pre_req"": ""197"", ""sel_5th_pre_bid"": ""-619000"", ""sel_4th_pre_req_pre"": ""0"", ""sel_4th_pre_req"": ""20"", ""sel_4th_pre_bid"": ""-618000"", ""sel_3th_pre_req_pre"": ""0"", ""sel_3th_pre_req"": ""12"", ""sel_3th_pre_bid"": ""-617000"", ""sel_2th_pre_req_pre"": ""0"", ""sel_2th_pre_req"": ""55"", ""sel_2th_pre_bid"": ""-616000"", ""sel_1th_pre_req_pre"": ""0"", ""sel_fpr_req"": ""387"", ""sel_fpr_bid"": ""-615000"", ""buy_fpr_bid"": ""-614000"", ""buy_fpr_req"": ""373"", ""buy_1th_pre_req_pre"": ""+6"", ""buy_2th_pre_bid"": ""-613000"", ""buy_2th_pre_req"": ""43"", ""buy_2th_pre_req_pre"": ""0"", ""buy_3th_pre_bid"": ""-612000"", ""buy_3th_pre_req"": ""25"", ""buy_3th_pre_req_pre"": ""0"", ""buy_4th_pre_bid"": ""-611000"", ""buy_4th_pre_req"": ""29"", ""buy_4th_pre_req_pre"": ""0"", ""buy_5th_pre_bid"": ""-610000"", ""buy_5th_pre_req"": ""66"", ""buy_5th_pre_req_pre"": ""0"", ""buy_6th_pre_bid"": ""-609000"", ""buy_6th_pre_req"": ""13"", ""buy_6th_pre_req_pre"": ""0"", ""buy_7th_pre_bid"": ""-608000"", ""buy_7th_pre_req"": ""7"", ""buy_7th_pre_req_pre"": ""0"", ""buy_8th_pre_bid"": ""-607000"", ""buy_8th_pre_req"": ""55"", ""buy_8th_pre_req_pre"": ""0"", ""buy_9th_pre_bid"": ""-606000"", ""buy_9th_pre_req"": ""21"", ""buy_9th_pre_req_pre"": ""0"", ""buy_10th_pre_bid"": ""-605000"", ""buy_10th_pre_req"": ""58"", ""buy_10th_pre_req_pre"": ""0"", ""tot_sel_req_jub_pre"": ""0"", ""tot_sel_req"": ""1374"", ""tot_buy_req"": ""690"", ""tot_buy_req_jub_pre"": ""+6"", ""ovt_sel_req_pre"": ""0"", ""ovt_sel_req"": ""0"", ""ovt_buy_req"": ""0"", ""ovt_buy_req_pre"": ""0"", ""return_code"": 0, ""return_msg"": ""정상적으로 처리되었습니다""}"
2026-06-10,scan_candidate,011070,,0,main_scan,1096000,,1096000,1095000,1096000,1098000,0.09124087591240876,0.09124087591240876,,,,,,"{""bid_req_base_tm"": ""104641"", ""sel_10th_pre_req_pre"": ""0"", ""sel_10th_pre_req"": ""70"", ""sel_10th_pre_bid"": ""-1105000"", ""sel_9th_pre_req_pre"": ""0"", ""sel_9th_pre_req"": ""58"", ""sel_9th_pre_bid"": ""-1104000"", ""sel_8th_pre_req_pre"": ""0"", ""sel_8th_pre_req"": ""52"", ""sel_8th_pre_bid"": ""-1103000"", ""sel_7th_pre_req_pre"": ""0"", ""sel_7th_pre_req"": ""56"", ""sel_7th_pre_bid"": ""-1102000"", ""sel_6th_pre_req_pre"": ""0"", ""sel_6th_pre_req"": ""49"", ""sel_6th_pre_bid"": ""-1101000"", ""sel_5th_pre_req_pre"": ""0"", ""sel_5th_pre_req"": ""94"", ""sel_5th_pre_bid"": ""-1100000"", ""sel_4th_pre_req_pre"": ""0"", ""sel_4th_pre_req"": ""27"", ""sel_4th_pre_bid"": ""-1099000"", ""sel_3th_pre_req_pre"": ""0"", ""sel_3th_pre_req"": ""71"", ""sel_3th_pre_bid"": ""-1098000"", ""sel_2th_pre_req_pre"": ""0"", ""sel_2th_pre_req"": ""40"", ""sel_2th_pre_bid"": ""-1097000"", ""sel_1th_pre_req_pre"": ""+4"", ""sel_fpr_req"": ""46"", ""sel_fpr_bid"": ""-1096000"", ""buy_fpr_bid"": ""-1095000"", ""buy_fpr_req"": ""67"", ""buy_1th_pre_req_pre"": ""0"", ""buy_2th_pre_bid"": ""-1094000"", ""buy_2th_pre_req"": ""324"", ""buy_2th_pre_req_pre"": ""0"", ""buy_3th_pre_bid"": ""-1093000"", ""buy_3th_pre_req"": ""85"", ""buy_3th_pre_req_pre"": ""0"", ""buy_4th_pre_bid"": ""-1092000"", ""buy_4th_pre_req"": ""122"", ""buy_4th_pre_req_pre"": ""0"", ""buy_5th_pre_bid"": ""-1091000"", ""buy_5th_pre_req"": ""32"", ""buy_5th_pre_req_pre"": ""0"", ""buy_6th_pre_bid"": ""-1090000"", ""buy_6th_pre_req"": ""96"", ""buy_6th_pre_req_pre"": ""0"", ""buy_7th_pre_bid"": ""-1089000"", ""buy_7th_pre_req"": ""32"", ""buy_7th_pre_req_pre"": ""0"", ""buy_8th_pre_bid"": ""-1088000"", ""buy_8th_pre_req"": ""27"", ""buy_8th_pre_req_pre"": ""0"", ""buy_9th_pre_bid"": ""-1087000"", ""buy_9th_pre_req"": ""128"", ""buy_9th_pre_req_pre"": ""0"", ""buy_10th_pre_bid"": ""-1086000"", ""buy_10th_pre_req"": ""30"", ""buy_10th_pre_req_pre"": ""0"", ""tot_sel_req_jub_pre"": ""+4"", ""tot_sel_req"": ""563"", ""tot_buy_req"": ""943"", ""tot_buy_req_jub_pre"": ""0"", ""ovt_sel_req_pre"": ""0"", ""ovt_sel_req"": ""0"", ""ovt_buy_req"": ""0"", ""ovt_buy_req_pre"": ""0"", ""return_code"": 0, ""return_msg"": ""정상적으로 처리되었습니다""}"
2026-06-10,scan_candidate,042700,,0,main_scan,285500,,285500,285000,285500,285000,-0.3502626970227671,0.17513134851138354,,,,,,"{""bid_req_base_tm"": ""104642"", ""sel_10th_pre_req_pre"": ""0"", ""sel_10th_pre_req"": ""1071"", ""sel_10th_pre_bid"": ""+290000"", ""sel_9th_pre_req_pre"": ""0"", ""sel_9th_pre_req"": ""498"", ""sel_9th_pre_bid"": ""+289500"", ""sel_8th_pre_req_pre"": ""0"", ""sel_8th_pre_req"": ""504"", ""sel_8th_pre_bid"": ""+289000"", ""sel_7th_pre_req_pre"": ""0"", ""sel_7th_pre_req"": ""124"", ""sel_7th_pre_bid"": ""+288500"", ""sel_6th_pre_req_pre"": ""0"", ""sel_6th_pre_req"": ""921"", ""sel_6th_pre_bid"": ""+288000"", ""sel_5th_pre_req_pre"": ""0"", ""sel_5th_pre_req"": ""36"", ""sel_5th_pre_bid"": ""+287500"", ""sel_4th_pre_req_pre"": ""0"", ""sel_4th_pre_req"": ""159"", ""sel_4th_pre_bid"": ""+287000"", ""sel_3th_pre_req_pre"": ""0"", ""sel_3th_pre_req"": ""48"", ""sel_3th_pre_bid"": ""+286500"", ""sel_2th_pre_req_pre"": ""0"", ""sel_2th_pre_req"": ""467"", ""sel_2th_pre_bid"": ""+286000"", ""sel_1th_pre_req_pre"": ""0"", ""sel_fpr_req"": ""1499"", ""sel_fpr_bid"": ""+285500"", ""buy_fpr_bid"": ""+285000"", ""buy_fpr_req"": ""369"", ""buy_1th_pre_req_pre"": ""0"", ""buy_2th_pre_bid"": ""+284500"", ""buy_2th_pre_req"": ""175"", ""buy_2th_pre_req_pre"": ""0"", ""buy_3th_pre_bid"": ""+284000"", ""buy_3th_pre_req"": ""423"", ""buy_3th_pre_req_pre"": ""0"", ""buy_4th_pre_bid"": ""+283500"", ""buy_4th_pre_req"": ""193"", ""buy_4th_pre_req_pre"": ""0"", ""buy_5th_pre_bid"": ""+283000"", ""buy_5th_pre_req"": ""326"", ""buy_5th_pre_req_pre"": ""0"", ""buy_6th_pre_bid"": ""+282500"", ""buy_6th_pre_req"": ""265"", ""buy_6th_pre_req_pre"": ""--5"", ""buy_7th_pre_bid"": ""+282000"", ""buy_7th_pre_req"": ""526"", ""buy_7th_pre_req_pre"": ""0"", ""buy_8th_pre_bid"": ""+281500"", ""buy_8th_pre_req"": ""644"", ""buy_8th_pre_req_pre"": ""0"", ""buy_9th_pre_bid"": ""+281000"", ""buy_9th_pre_req"": ""639"", ""buy_9th_pre_req_pre"": ""0"", ""buy_10th_pre_bid"": ""+280500"", ""buy_10th_pre_req"": ""1036"", ""buy_10th_pre_req_pre"": ""0"", ""tot_sel_req_jub_pre"": ""0"", ""tot_sel_req"": ""5327"", ""tot_buy_req"": ""4596"", ""tot_buy_req_jub_pre"": ""--5"", ""ovt_sel_req_pre"": ""0"", ""ovt_sel_req"": ""0"", ""ovt_buy_req"": ""0"", ""ovt_buy_req_pre"": ""0"", ""return_code"": 0, ""return_msg"": ""정상적으로 처리되었습니다""}"
2026-06-10,scan_candidate,017670,,0,main_scan,107900,,107900,107800,107900,107500,-0.8341056533827619,0.09267840593141798,,,,,,"{""bid_req_base_tm"": ""104642"", ""sel_10th_pre_req_pre"": ""0"", ""sel_10th_pre_req"": ""694"", ""sel_10th_pre_bid"": ""+108800"", ""sel_9th_pre_req_pre"": ""0"", ""sel_9th_pre_req"": ""763"", ""sel_9th_pre_bid"": ""+108700"", ""sel_8th_pre_req_pre"": ""0"", ""sel_8th_pre_req"": ""88"", ""sel_8th_pre_bid"": ""+108600"", ""sel_7th_pre_req_pre"": ""0"", ""sel_7th_pre_req"": ""827"", ""sel_7th_pre_bid"": ""+108500"", ""sel_6th_pre_req_pre"": ""0"", ""sel_6th_pre_req"": ""199"", ""sel_6th_pre_bid"": ""+108400"", ""sel_5th_pre_req_pre"": ""0"", ""sel_5th_pre_req"": ""20"", ""sel_5th_pre_bid"": ""+108300"", ""sel_4th_pre_req_pre"": ""0"", ""sel_4th_pre_req"": ""386"", ""sel_4th_pre_bid"": ""+108200"", ""sel_3th_pre_req_pre"": ""0"", ""sel_3th_pre_req"": ""5330"", ""sel_3th_pre_bid"": ""108100"", ""sel_2th_pre_req_pre"": ""0"", ""sel_2th_pre_req"": ""161"", ""sel_2th_pre_bid"": ""-108000"", ""sel_1th_pre_req_pre"": ""0"", ""sel_fpr_req"": ""581"", ""sel_fpr_bid"": ""-107900"", ""buy_fpr_bid"": ""-107800"", ""buy_fpr_req"": ""257"", ""buy_1th_pre_req_pre"": ""+200"", ""buy_2th_pre_bid"": ""-107700"", ""buy_2th_pre_req"": ""387"", ""buy_2th_pre_req_pre"": ""0"", ""buy_3th_pre_bid"": ""-107600"", ""buy_3th_pre_req"": ""784"", ""buy_3th_pre_req_pre"": ""0"", ""buy_4th_pre_bid"": ""-107500"", ""buy_4th_pre_req"": ""865"", ""buy_4th_pre_req_pre"": ""0"", ""buy_5th_pre_bid"": ""-107400"", ""buy_5th_pre_req"": ""252"", ""buy_5th_pre_req_pre"": ""0"", ""buy_6th_pre_bid"": ""-107300"", ""buy_6th_pre_req"": ""637"", ""buy_6th_pre_req_pre"": ""0"", ""buy_7th_pre_bid"": ""-107200"", ""buy_7th_pre_req"": ""498"", ""buy_7th_pre_req_pre"": ""0"", ""buy_8th_pre_bid"": ""-107100"", ""buy_8th_pre_req"": ""444"", ""buy_8th_pre_req_pre"": ""0"", ""buy_9th_pre_bid"": ""-107000"", ""buy_9th_pre_req"": ""1563"", ""buy_9th_pre_req_pre"": ""0"", ""buy_10th_pre_bid"": ""-106900"", ""buy_10th_pre_req"": ""157"", ""buy_10th_pre_req_pre"": ""0"", ""tot_sel_req_jub_pre"": ""0"", ""tot_sel_req"": ""9049"", ""tot_buy_req"": ""5844"", ""tot_buy_req_jub_pre"": ""+200"", ""ovt_sel_req_pre"": ""0"", ""ovt_sel_req"": ""0"", ""ovt_buy_req"": ""0"", ""ovt_buy_req_pre"": ""0"", ""return_code"": 0, ""return_msg"": ""정상적으로 처리되었습니다""}"
2026-06-10,scan_candidate,316140,,0,main_scan,29950,,29950,29900,29950,29900,-0.333889816360601,0.1669449081803005,,,,,,"{""bid_req_base_tm"": ""104643"", ""sel_10th_pre_req_pre"": ""0"", ""sel_10th_pre_req"": ""3192"", ""sel_10th_pre_bid"": ""+30400"", ""sel_9th_pre_req_pre"": ""0"", ""sel_9th_pre_req"": ""766"", ""sel_9th_pre_bid"": ""+30350"", ""sel_8th_pre_req_pre"": ""0"", ""sel_8th_pre_req"": ""1787"", ""sel_8th_pre_bid"": ""+30300"", ""sel_7th_pre_req_pre"": ""0"", ""sel_7th_pre_req"": ""1619"", ""sel_7th_pre_bid"": ""+30250"", ""sel_6th_pre_req_pre"": ""0"", ""sel_6th_pre_req"": ""4689"", ""sel_6th_pre_bid"": ""+30200"", ""sel_5th_pre_req_pre"": ""0"", ""sel_5th_pre_req"": ""321"", ""sel_5th_pre_bid"": ""+30150"", ""sel_4th_pre_req_pre"": ""0"", ""sel_4th_pre_req"": ""474"", ""sel_4th_pre_bid"": ""+30100"", ""sel_3th_pre_req_pre"": ""0"", ""sel_3th_pre_req"": ""252"", ""sel_3th_pre_bid"": ""+30050"", ""sel_2th_pre_req_pre"": ""0"", ""sel_2th_pre_req"": ""1713"", ""sel_2th_pre_bid"": ""30000"", ""sel_1th_pre_req_pre"": ""+505"", ""sel_fpr_req"": ""8203"", ""sel_fpr_bid"": ""-29950"", ""buy_fpr_bid"": ""-29900"", ""buy_fpr_req"": ""4905"", ""buy_1th_pre_req_pre"": ""0"", ""buy_2th_pre_bid"": ""-29850"", ""buy_2th_pre_req"": ""1153"", ""buy_2th_pre_req_pre"": ""0"", ""buy_3th_pre_bid"": ""-29800"", ""buy_3th_pre_req"": ""2531"", ""buy_3th_pre_req_pre"": ""0"", ""buy_4th_pre_bid"": ""-29750"", ""buy_4th_pre_req"": ""1190"", ""buy_4th_pre_req_pre"": ""0"", ""buy_5th_pre_bid"": ""-29700"", ""buy_5th_pre_req"": ""2708"", ""buy_5th_pre_req_pre"": ""0"", ""buy_6th_pre_bid"": ""-29650"", ""buy_6th_pre_req"": ""3513"", ""buy_6th_pre_req_pre"": ""0"", ""buy_7th_pre_bid"": ""-29600"", ""buy_7th_pre_req"": ""1070"", ""buy_7th_pre_req_pre"": ""0"", ""buy_8th_pre_bid"": ""-29550"", ""buy_8th_pre_req"": ""617"", ""buy_8th_pre_req_pre"": ""0"", ""buy_9th_pre_bid"": ""-29500"", ""buy_9th_pre_req"": ""2133"", ""buy_9th_pre_req_pre"": ""0"", ""buy_10th_pre_bid"": ""-29450"", ""buy_10th_pre_req"": ""823"", ""buy_10th_pre_req_pre"": ""0"", ""tot_sel_req_jub_pre"": ""+505"", ""tot_sel_req"": ""23016"", ""tot_buy_req"": ""20643"", ""tot_buy_req_jub_pre"": ""0"", ""ovt_sel_req_pre"": ""0"", ""ovt_sel_req"": ""0"", ""ovt_buy_req"": ""0"", ""ovt_buy_req_pre"": ""0"", ""return_code"": 0, ""return_msg"": ""정상적으로 처리되었습니다""}"
2026-06-10,scan_candidate,018260,,0,main_scan,232000,,232000,231500,232000,233500,0.43103448275862066,0.21551724137931033,,,,,,"{""bid_req_base_tm"": ""104643"", ""sel_10th_pre_req_pre"": ""0"", ""sel_10th_pre_req"": ""208"", ""sel_10th_pre_bid"": ""-236500"", ""sel_9th_pre_req_pre"": ""0"", ""sel_9th_pre_req"": ""351"", ""sel_9th_pre_bid"": ""-236000"", ""sel_8th_pre_req_pre"": ""0"", ""sel_8th_pre_req"": ""87"", ""sel_8th_pre_bid"": ""-235500"", ""sel_7th_pre_req_pre"": ""0"", ""sel_7th_pre_req"": ""207"", ""sel_7th_pre_bid"": ""-235000"", ""sel_6th_pre_req_pre"": ""0"", ""sel_6th_pre_req"": ""137"", ""sel_6th_pre_bid"": ""-234500"", ""sel_5th_pre_req_pre"": ""0"", ""sel_5th_pre_req"": ""119"", ""sel_5th_pre_bid"": ""-234000"", ""sel_4th_pre_req_pre"": ""0"", ""sel_4th_pre_req"": ""195"", ""sel_4th_pre_bid"": ""-233500"", ""sel_3th_pre_req_pre"": ""0"", ""sel_3th_pre_req"": ""273"", ""sel_3th_pre_bid"": ""-233000"", ""sel_2th_pre_req_pre"": ""0"", ""sel_2th_pre_req"": ""283"", ""sel_2th_pre_bid"": ""-232500"", ""sel_1th_pre_req_pre"": ""0"", ""sel_fpr_req"": ""249"", ""sel_fpr_bid"": ""-232000"", ""buy_fpr_bid"": ""-231500"", ""buy_fpr_req"": ""170"", ""buy_1th_pre_req_pre"": ""0"", ""buy_2th_pre_bid"": ""-231000"", ""buy_2th_pre_req"": ""2112"", ""buy_2th_pre_req_pre"": ""--1"", ""buy_3th_pre_bid"": ""-230500"", ""buy_3th_pre_req"": ""2139"", ""buy_3th_pre_req_pre"": ""0"", ""buy_4th_pre_bid"": ""-230000"", ""buy_4th_pre_req"": ""4443"", ""buy_4th_pre_req_pre"": ""0"", ""buy_5th_pre_bid"": ""-229500"", ""buy_5th_pre_req"": ""1272"", ""buy_5th_pre_req_pre"": ""0"", ""buy_6th_pre_bid"": ""-229000"", ""buy_6th_pre_req"": ""1588"", ""buy_6th_pre_req_pre"": ""0"", ""buy_7th_pre_bid"": ""-228500"", ""buy_7th_pre_req"": ""700"", ""buy_7th_pre_req_pre"": ""0"", ""buy_8th_pre_bid"": ""-228000"", ""buy_8th_pre_req"": ""1716"", ""buy_8th_pre_req_pre"": ""0"", ""buy_9th_pre_bid"": ""-227500"", ""buy_9th_pre_req"": ""1550"", ""buy_9th_pre_req_pre"": ""0"", ""buy_10th_pre_bid"": ""-227000"", ""buy_10th_pre_req"": ""3177"", ""buy_10th_pre_req_pre"": ""0"", ""tot_sel_req_jub_pre"": ""0"", ""tot_sel_req"": ""2109"", ""tot_buy_req"": ""18867"", ""tot_buy_req_jub_pre"": ""--1"", ""ovt_sel_req_pre"": ""0"", ""ovt_sel_req"": ""0"", ""ovt_buy_req"": ""0"", ""ovt_buy_req_pre"": ""0"", ""return_code"": 0, ""return_msg"": ""정상적으로 처리되었습니다""}"
2026-06-10,scan_candidate,033780,,0,main_scan,184000,,184000,183800,184000,183500,-0.5434782608695652,0.10869565217391304,,,,,,"{""bid_req_base_tm"": ""104643"", ""sel_10th_pre_req_pre"": ""0"", ""sel_10th_pre_req"": ""1078"", ""sel_10th_pre_bid"": ""+185000"", ""sel_9th_pre_req_pre"": ""0"", ""sel_9th_pre_req"": ""1"", ""sel_9th_pre_bid"": ""+184800"", ""sel_8th_pre_req_pre"": ""0"", ""sel_8th_pre_req"": ""4"", ""sel_8th_pre_bid"": ""+184700"", ""sel_7th_pre_req_pre"": ""0"", ""sel_7th_pre_req"": ""2"", ""sel_7th_pre_bid"": ""+184600"", ""sel_6th_pre_req_pre"": ""0"", ""sel_6th_pre_req"": ""1"", ""sel_6th_pre_bid"": ""+184500"", ""sel_5th_pre_req_pre"": ""0"", ""sel_5th_pre_req"": ""23"", ""sel_5th_pre_bid"": ""+184400"", ""sel_4th_pre_req_pre"": ""0"", ""sel_4th_pre_req"": ""1"", ""sel_4th_pre_bid"": ""184300"", ""sel_3th_pre_req_pre"": ""0"", ""sel_3th_pre_req"": ""25"", ""sel_3th_pre_bid"": ""-184200"", ""sel_2th_pre_req_pre"": ""0"", ""sel_2th_pre_req"": ""87"", ""sel_2th_pre_bid"": ""-184100"", ""sel_1th_pre_req_pre"": ""+22"", ""sel_fpr_req"": ""426"", ""sel_fpr_bid"": ""-184000"", ""buy_fpr_bid"": ""-183800"", ""buy_fpr_req"": ""265"", ""buy_1th_pre_req_pre"": ""0"", ""buy_2th_pre_bid"": ""-183700"", ""buy_2th_pre_req"": ""66"", ""buy_2th_pre_req_pre"": ""0"", ""buy_3th_pre_bid"": ""-183600"", ""buy_3th_pre_req"": ""16"", ""buy_3th_pre_req_pre"": ""0"", ""buy_4th_pre_bid"": ""-183500"", ""buy_4th_pre_req"": ""8"", ""buy_4th_pre_req_pre"": ""0"", ""buy_5th_pre_bid"": ""-183400"", ""buy_5th_pre_req"": ""12"", ""buy_5th_pre_req_pre"": ""0"", ""buy_6th_pre_bid"": ""-183300"", ""buy_6th_pre_req"": ""84"", ""buy_6th_pre_req_pre"": ""0"", ""buy_7th_pre_bid"": ""-183200"", ""buy_7th_pre_req"": ""4"", ""buy_7th_pre_req_pre"": ""0"", ""buy_8th_pre_bid"": ""-183100"", ""buy_8th_pre_req"": ""96"", ""buy_8th_pre_req_pre"": ""0"", ""buy_9th_pre_bid"": ""-183000"", ""buy_9th_pre_req"": ""214"", ""buy_9th_pre_req_pre"": ""0"", ""buy_10th_pre_bid"": ""-182900"", ""buy_10th_pre_req"": ""2"", ""buy_10th_pre_req_pre"": ""0"", ""tot_sel_req_jub_pre"": ""+22"", ""tot_sel_req"": ""1648"", ""tot_buy_req"": ""767"", ""tot_buy_req_jub_pre"": ""0"", ""ovt_sel_req_pre"": ""0"", ""ovt_sel_req"": ""0"", ""ovt_buy_req"": ""0"", ""ovt_buy_req_pre"": ""0"", ""return_code"": 0, ""return_msg"": ""정상적으로 처리되었습니다""}"
2026-06-10,scan_candidate,307950,,0,main_scan,704000,,704000,703000,704000,707000,0.2840909090909091,0.14204545454545456,,,,,,"{""bid_req_base_tm"": ""104642"", ""sel_10th_pre_req_pre"": ""0"", ""sel_10th_pre_req"": ""10"", ""sel_10th_pre_bid"": ""+713000"", ""sel_9th_pre_req_pre"": ""0"", ""sel_9th_pre_req"": ""4"", ""sel_9th_pre_bid"": ""+712000"", ""sel_8th_pre_req_pre"": ""0"", ""sel_8th_pre_req"": ""3"", ""sel_8th_pre_bid"": ""+711000"", ""sel_7th_pre_req_pre"": ""0"", ""sel_7th_pre_req"": ""58"", ""sel_7th_pre_bid"": ""+710000"", ""sel_6th_pre_req_pre"": ""0"", ""sel_6th_pre_req"": ""3"", ""sel_6th_pre_bid"": ""+709000"", ""sel_5th_pre_req_pre"": ""0"", ""sel_5th_pre_req"": ""14"", ""sel_5th_pre_bid"": ""+708000"", ""sel_4th_pre_req_pre"": ""0"", ""sel_4th_pre_req"": ""17"", ""sel_4th_pre_bid"": ""+707000"", ""sel_3th_pre_req_pre"": ""0"", ""sel_3th_pre_req"": ""3"", ""sel_3th_pre_bid"": ""+706000"", ""sel_2th_pre_req_pre"": ""0"", ""sel_2th_pre_req"": ""43"", ""sel_2th_pre_bid"": ""+705000"", ""sel_1th_pre_req_pre"": ""0"", ""sel_fpr_req"": ""170"", ""sel_fpr_bid"": ""+704000"", ""buy_fpr_bid"": ""+703000"", ""buy_fpr_req"": ""187"", ""buy_1th_pre_req_pre"": ""0"", ""buy_2th_pre_bid"": ""+702000"", ""buy_2th_pre_req"": ""141"", ""buy_2th_pre_req_pre"": ""0"", ""buy_3th_pre_bid"": ""+701000"", ""buy_3th_pre_req"": ""525"", ""buy_3th_pre_req_pre"": ""0"", ""buy_4th_pre_bid"": ""+700000"", ""buy_4th_pre_req"": ""731"", ""buy_4th_pre_req_pre"": ""0"", ""buy_5th_pre_bid"": ""+699000"", ""buy_5th_pre_req"": ""133"", ""buy_5th_pre_req_pre"": ""0"", ""buy_6th_pre_bid"": ""+698000"", ""buy_6th_pre_req"": ""182"", ""buy_6th_pre_req_pre"": ""0"", ""buy_7th_pre_bid"": ""+697000"", ""buy_7th_pre_req"": ""205"", ""buy_7th_pre_req_pre"": ""0"", ""buy_8th_pre_bid"": ""+696000"", ""buy_8th_pre_req"": ""184"", ""buy_8th_pre_req_pre"": ""0"", ""buy_9th_pre_bid"": ""+695000"", ""buy_9th_pre_req"": ""186"", ""buy_9th_pre_req_pre"": ""0"", ""buy_10th_pre_bid"": ""+694000"", ""buy_10th_pre_req"": ""85"", ""buy_10th_pre_req_pre"": ""--1"", ""tot_sel_req_jub_pre"": ""0"", ""tot_sel_req"": ""325"", ""tot_buy_req"": ""2559"", ""tot_buy_req_jub_pre"": ""--1"", ""ovt_sel_req_pre"": ""0"", ""ovt_sel_req"": ""0"", ""ovt_buy_req"": ""0"", ""ovt_buy_req_pre"": ""0"", ""return_code"": 0, ""return_msg"": ""정상적으로 처리되었습니다""}"
2026-06-10,scan_candidate,138040,,0,main_scan,108600,,108600,108500,108600,108500,-0.5524861878453038,0.09208103130755065,,,,,,"{""bid_req_base_tm"": ""104640"", ""sel_10th_pre_req_pre"": ""0"", ""sel_10th_pre_req"": ""331"", ""sel_10th_pre_bid"": ""+109600"", ""sel_9th_pre_req_pre"": ""0"", ""sel_9th_pre_req"": ""251"", ""sel_9th_pre_bid"": ""+109400"", ""sel_8th_pre_req_pre"": ""0"", ""sel_8th_pre_req"": ""600"", ""sel_8th_pre_bid"": ""+109300"", ""sel_7th_pre_req_pre"": ""0"", ""sel_7th_pre_req"": ""503"", ""sel_7th_pre_bid"": ""+109200"", ""sel_6th_pre_req_pre"": ""0"", ""sel_6th_pre_req"": ""15"", ""sel_6th_pre_bid"": ""109100"", ""sel_5th_pre_req_pre"": ""0"", ""sel_5th_pre_req"": ""32"", ""sel_5th_pre_bid"": ""-109000"", ""sel_4th_pre_req_pre"": ""0"", ""sel_4th_pre_req"": ""52"", ""sel_4th_pre_bid"": ""-108900"", ""sel_3th_pre_req_pre"": ""0"", ""sel_3th_pre_req"": ""2"", ""sel_3th_pre_bid"": ""-108800"", ""sel_2th_pre_req_pre"": ""0"", ""sel_2th_pre_req"": ""1"", ""sel_2th_pre_bid"": ""-108700"", ""sel_1th_pre_req_pre"": ""+2"", ""sel_fpr_req"": ""67"", ""sel_fpr_bid"": ""-108600"", ""buy_fpr_bid"": ""-108500"", ""buy_fpr_req"": ""515"", ""buy_1th_pre_req_pre"": ""0"", ""buy_2th_pre_bid"": ""-108400"", ""buy_2th_pre_req"": ""111"", ""buy_2th_pre_req_pre"": ""0"", ""buy_3th_pre_bid"": ""-108300"", ""buy_3th_pre_req"": ""31"", ""buy_3th_pre_req_pre"": ""0"", ""buy_4th_pre_bid"": ""-108200"", ""buy_4th_pre_req"": ""26"", ""buy_4th_pre_req_pre"": ""0"", ""buy_5th_pre_bid"": ""-108100"", ""buy_5th_pre_req"": ""98"", ""buy_5th_pre_req_pre"": ""0"", ""buy_6th_pre_bid"": ""-108000"", ""buy_6th_pre_req"": ""242"", ""buy_6th_pre_req_pre"": ""0"", ""buy_7th_pre_bid"": ""-107900"", ""buy_7th_pre_req"": ""1421"", ""buy_7th_pre_req_pre"": ""0"", ""buy_8th_pre_bid"": ""-107800"", ""buy_8th_pre_req"": ""3"", ""buy_8th_pre_req_pre"": ""0"", ""buy_9th_pre_bid"": ""-107700"", ""buy_9th_pre_req"": ""5"", ""buy_9th_pre_req_pre"": ""0"", ""buy_10th_pre_bid"": ""-107600"", ""buy_10th_pre_req"": ""9"", ""buy_10th_pre_req_pre"": ""0"", ""tot_sel_req_jub_pre"": ""+2"", ""tot_sel_req"": ""1854"", ""tot_buy_req"": ""2461"", ""tot_buy_req_jub_pre"": ""0"", ""ovt_sel_req_pre"": ""0"", ""ovt_sel_req"": ""0"", ""ovt_buy_req"": ""0"", ""ovt_buy_req_pre"": ""0"", ""return_code"": 0, ""return_msg"": ""정상적으로 처리되었습니다""}"
2026-06-10,scan_candidate,003550,,0,main_scan,110400,,110400,110300,110400,110000,-0.8152173913043478,0.09057971014492754,,,,,,"{""bid_req_base_tm"": ""104641"", ""sel_10th_pre_req_pre"": ""0"", ""sel_10th_pre_req"": ""25"", ""sel_10th_pre_bid"": ""-111300"", ""sel_9th_pre_req_pre"": ""0"", ""sel_9th_pre_req"": ""45"", ""sel_9th_pre_bid"": ""-111200"", ""sel_8th_pre_req_pre"": ""0"", ""sel_8th_pre_req"": ""31"", ""sel_8th_pre_bid"": ""-111100"", ""sel_7th_pre_req_pre"": ""0"", ""sel_7th_pre_req"": ""56"", ""sel_7th_pre_bid"": ""-111000"", ""sel_6th_pre_req_pre"": ""0"", ""sel_6th_pre_req"": ""514"", ""sel_6th_pre_bid"": ""-110900"", ""sel_5th_pre_req_pre"": ""0"", ""sel_5th_pre_req"": ""15"", ""sel_5th_pre_bid"": ""-110800"", ""sel_4th_pre_req_pre"": ""0"", ""sel_4th_pre_req"": ""37"", ""sel_4th_pre_bid"": ""-110700"", ""sel_3th_pre_req_pre"": ""0"", ""sel_3th_pre_req"": ""57"", ""sel_3th_pre_bid"": ""-110600"", ""sel_2th_pre_req_pre"": ""0"", ""sel_2th_pre_req"": ""65"", ""sel_2th_pre_bid"": ""-110500"", ""sel_1th_pre_req_pre"": ""0"", ""sel_fpr_req"": ""100"", ""sel_fpr_bid"": ""-110400"", ""buy_fpr_bid"": ""-110300"", ""buy_fpr_req"": ""129"", ""buy_1th_pre_req_pre"": ""+1"", ""buy_2th_pre_bid"": ""-110200"", ""buy_2th_pre_req"": ""215"", ""buy_2th_pre_req_pre"": ""0"", ""buy_3th_pre_bid"": ""-110100"", ""buy_3th_pre_req"": ""16"", ""buy_3th_pre_req_pre"": ""0"", ""buy_4th_pre_bid"": ""-110000"", ""buy_4th_pre_req"": ""138"", ""buy_4th_pre_req_pre"": ""0"", ""buy_5th_pre_bid"": ""-109900"", ""buy_5th_pre_req"": ""235"", ""buy_5th_pre_req_pre"": ""0"", ""buy_6th_pre_bid"": ""-109800"", ""buy_6th_pre_req"": ""3"", ""buy_6th_pre_req_pre"": ""0"", ""buy_7th_pre_bid"": ""-109700"", ""buy_7th_pre_req"": ""76"", ""buy_7th_pre_req_pre"": ""0"", ""buy_8th_pre_bid"": ""-109600"", ""buy_8th_pre_req"": ""30"", ""buy_8th_pre_req_pre"": ""0"", ""buy_9th_pre_bid"": ""-109500"", ""buy_9th_pre_req"": ""10"", ""buy_9th_pre_req_pre"": ""0"", ""buy_10th_pre_bid"": ""-109400"", ""buy_10th_pre_req"": ""1"", ""buy_10th_pre_req_pre"": ""0"", ""tot_sel_req_jub_pre"": ""0"", ""tot_sel_req"": ""945"", ""tot_buy_req"": ""853"", ""tot_buy_req_jub_pre"": ""+1"", ""ovt_sel_req_pre"": ""0"", ""ovt_sel_req"": ""0"", ""ovt_buy_req"": ""0"", ""ovt_buy_req_pre"": ""0"", ""return_code"": 0, ""return_msg"": ""정상적으로 처리되었습니다""}"
2026-06-10,scan_candidate,024110,,0,main_scan,20900,,20900,20850,20900,20800,-0.7177033492822966,0.23923444976076555,,,,,,"{""bid_req_base_tm"": ""104644"", ""sel_10th_pre_req_pre"": ""0"", ""sel_10th_pre_req"": ""5012"", ""sel_10th_pre_bid"": ""+21350"", ""sel_9th_pre_req_pre"": ""0"", ""sel_9th_pre_req"": ""13434"", ""sel_9th_pre_bid"": ""+21300"", ""sel_8th_pre_req_pre"": ""0"", ""sel_8th_pre_req"": ""6753"", ""sel_8th_pre_bid"": ""+21250"", ""sel_7th_pre_req_pre"": ""0"", ""sel_7th_pre_req"": ""17378"", ""sel_7th_pre_bid"": ""+21200"", ""sel_6th_pre_req_pre"": ""+500"", ""sel_6th_pre_req"": ""20376"", ""sel_6th_pre_bid"": ""+21150"", ""sel_5th_pre_req_pre"": ""0"", ""sel_5th_pre_req"": ""7187"", ""sel_5th_pre_bid"": ""+21100"", ""sel_4th_pre_req_pre"": ""0"", ""sel_4th_pre_req"": ""11934"", ""sel_4th_pre_bid"": ""+21050"", ""sel_3th_pre_req_pre"": ""0"", ""sel_3th_pre_req"": ""2929"", ""sel_3th_pre_bid"": ""+21000"", ""sel_2th_pre_req_pre"": ""0"", ""sel_2th_pre_req"": ""2629"", ""sel_2th_pre_bid"": ""+20950"", ""sel_1th_pre_req_pre"": ""0"", ""sel_fpr_req"": ""202"", ""sel_fpr_bid"": ""+20900"", ""buy_fpr_bid"": ""+20850"", ""buy_fpr_req"": ""3460"", ""buy_1th_pre_req_pre"": ""0"", ""buy_2th_pre_bid"": ""+20800"", ""buy_2th_pre_req"": ""2345"", ""buy_2th_pre_req_pre"": ""0"", ""buy_3th_pre_bid"": ""+20750"", ""buy_3th_pre_req"": ""1179"", ""buy_3th_pre_req_pre"": ""0"", ""buy_4th_pre_bid"": ""+20700"", ""buy_4th_pre_req"": ""3132"", ""buy_4th_pre_req_pre"": ""0"", ""buy_5th_pre_bid"": ""+20650"", ""buy_5th_pre_req"": ""2035"", ""buy_5th_pre_req_pre"": ""0"", ""buy_6th_pre_bid"": ""+20600"", ""buy_6th_pre_req"": ""3615"", ""buy_6th_pre_req_pre"": ""0"", ""buy_7th_pre_bid"": ""20550"", ""buy_7th_pre_req"": ""2646"", ""buy_7th_pre_req_pre"": ""0"", ""buy_8th_pre_bid"": ""-20500"", ""buy_8th_pre_req"": ""2219"", ""buy_8th_pre_req_pre"": ""0"", ""buy_9th_pre_bid"": ""-20450"", ""buy_9th_pre_req"": ""1537"", ""buy_9th_pre_req_pre"": ""0"", ""buy_10th_pre_bid"": ""-20400"", ""buy_10th_pre_req"": ""27072"", ""buy_10th_pre_req_pre"": ""0"", ""tot_sel_req_jub_pre"": ""+500"", ""tot_sel_req"": ""87834"", ""tot_buy_req"": ""49240"", ""tot_buy_req_jub_pre"": ""0"", ""ovt_sel_req_pre"": ""0"", ""ovt_sel_req"": ""0"", ""ovt_buy_req"": ""0"", ""ovt_buy_req_pre"": ""0"", ""return_code"": 0, ""return_msg"": ""정상적으로 처리되었습니다""}"
2026-06-10,scan_candidate,079550,,0,main_scan,776000,,776000,775000,776000,775000,-0.25773195876288657,0.12886597938144329,,,,,,"{""bid_req_base_tm"": ""104644"", ""sel_10th_pre_req_pre"": ""0"", ""sel_10th_pre_req"": ""105"", ""sel_10th_pre_bid"": ""+785000"", ""sel_9th_pre_req_pre"": ""0"", ""sel_9th_pre_req"": ""55"", ""sel_9th_pre_bid"": ""+784000"", ""sel_8th_pre_req_pre"": ""0"", ""sel_8th_pre_req"": ""119"", ""sel_8th_pre_bid"": ""+783000"", ""sel_7th_pre_req_pre"": ""0"", ""sel_7th_pre_req"": ""11"", ""sel_7th_pre_bid"": ""+782000"", ""sel_6th_pre_req_pre"": ""0"", ""sel_6th_pre_req"": ""11"", ""sel_6th_pre_bid"": ""+781000"", ""sel_5th_pre_req_pre"": ""0"", ""sel_5th_pre_req"": ""33"", ""sel_5th_pre_bid"": ""+780000"", ""sel_4th_pre_req_pre"": ""0"", ""sel_4th_pre_req"": ""89"", ""sel_4th_pre_bid"": ""+779000"", ""sel_3th_pre_req_pre"": ""0"", ""sel_3th_pre_req"": ""16"", ""sel_3th_pre_bid"": ""+778000"", ""sel_2th_pre_req_pre"": ""0"", ""sel_2th_pre_req"": ""202"", ""sel_2th_pre_bid"": ""+777000"", ""sel_1th_pre_req_pre"": ""0"", ""sel_fpr_req"": ""12"", ""sel_fpr_bid"": ""+776000"", ""buy_fpr_bid"": ""+775000"", ""buy_fpr_req"": ""3"", ""buy_1th_pre_req_pre"": ""0"", ""buy_2th_pre_bid"": ""+774000"", ""buy_2th_pre_req"": ""36"", ""buy_2th_pre_req_pre"": ""0"", ""buy_3th_pre_bid"": ""+773000"", ""buy_3th_pre_req"": ""144"", ""buy_3th_pre_req_pre"": ""0"", ""buy_4th_pre_bid"": ""+772000"", ""buy_4th_pre_req"": ""222"", ""buy_4th_pre_req_pre"": ""0"", ""buy_5th_pre_bid"": ""+771000"", ""buy_5th_pre_req"": ""45"", ""buy_5th_pre_req_pre"": ""0"", ""buy_6th_pre_bid"": ""+770000"", ""buy_6th_pre_req"": ""119"", ""buy_6th_pre_req_pre"": ""0"", ""buy_7th_pre_bid"": ""+769000"", ""buy_7th_pre_req"": ""18"", ""buy_7th_pre_req_pre"": ""0"", ""buy_8th_pre_bid"": ""+768000"", ""buy_8th_pre_req"": ""9"", ""buy_8th_pre_req_pre"": ""0"", ""buy_9th_pre_bid"": ""+767000"", ""buy_9th_pre_req"": ""6"", ""buy_9th_pre_req_pre"": ""0"", ""buy_10th_pre_bid"": ""+766000"", ""buy_10th_pre_req"": ""8"", ""buy_10th_pre_req_pre"": ""0"", ""tot_sel_req_jub_pre"": ""0"", ""tot_sel_req"": ""653"", ""tot_buy_req"": ""610"", ""tot_buy_req_jub_pre"": ""0"", ""ovt_sel_req_pre"": ""0"", ""ovt_sel_req"": ""0"", ""ovt_buy_req"": ""0"", ""ovt_buy_req_pre"": ""0"", ""return_code"": 0, ""return_msg"": ""정상적으로 처리되었습니다""}"
2026-06-10,scan_candidate,278470,,0,main_scan,421000,,421000,420500,421000,420000,-0.35629453681710216,0.11876484560570072,,,,,,"{""bid_req_base_tm"": ""104644"", ""sel_10th_pre_req_pre"": ""0"", ""sel_10th_pre_req"": ""318"", ""sel_10th_pre_bid"": ""+425500"", ""sel_9th_pre_req_pre"": ""--1"", ""sel_9th_pre_req"": ""1718"", ""sel_9th_pre_bid"": ""+425000"", ""sel_8th_pre_req_pre"": ""0"", ""sel_8th_pre_req"": ""545"", ""sel_8th_pre_bid"": ""+424500"", ""sel_7th_pre_req_pre"": ""0"", ""sel_7th_pre_req"": ""455"", ""sel_7th_pre_bid"": ""+424000"", ""sel_6th_pre_req_pre"": ""0"", ""sel_6th_pre_req"": ""495"", ""sel_6th_pre_bid"": ""+423500"", ""sel_5th_pre_req_pre"": ""0"", ""sel_5th_pre_req"": ""495"", ""sel_5th_pre_bid"": ""+423000"", ""sel_4th_pre_req_pre"": ""0"", ""sel_4th_pre_req"": ""118"", ""sel_4th_pre_bid"": ""+422500"", ""sel_3th_pre_req_pre"": ""0"", ""sel_3th_pre_req"": ""178"", ""sel_3th_pre_bid"": ""+422000"", ""sel_2th_pre_req_pre"": ""0"", ""sel_2th_pre_req"": ""85"", ""sel_2th_pre_bid"": ""+421500"", ""sel_1th_pre_req_pre"": ""0"", ""sel_fpr_req"": ""55"", ""sel_fpr_bid"": ""+421000"", ""buy_fpr_bid"": ""+420500"", ""buy_fpr_req"": ""232"", ""buy_1th_pre_req_pre"": ""0"", ""buy_2th_pre_bid"": ""+420000"", ""buy_2th_pre_req"": ""73"", ""buy_2th_pre_req_pre"": ""0"", ""buy_3th_pre_bid"": ""+419500"", ""buy_3th_pre_req"": ""46"", ""buy_3th_pre_req_pre"": ""0"", ""buy_4th_pre_bid"": ""+419000"", ""buy_4th_pre_req"": ""160"", ""buy_4th_pre_req_pre"": ""0"", ""buy_5th_pre_bid"": ""+418500"", ""buy_5th_pre_req"": ""238"", ""buy_5th_pre_req_pre"": ""0"", ""buy_6th_pre_bid"": ""+418000"", ""buy_6th_pre_req"": ""1198"", ""buy_6th_pre_req_pre"": ""0"", ""buy_7th_pre_bid"": ""+417500"", ""buy_7th_pre_req"": ""31"", ""buy_7th_pre_req_pre"": ""0"", ""buy_8th_pre_bid"": ""+417000"", ""buy_8th_pre_req"": ""46"", ""buy_8th_pre_req_pre"": ""0"", ""buy_9th_pre_bid"": ""+416500"", ""buy_9th_pre_req"": ""83"", ""buy_9th_pre_req_pre"": ""0"", ""buy_10th_pre_bid"": ""+416000"", ""buy_10th_pre_req"": ""59"", ""buy_10th_pre_req_pre"": ""0"", ""tot_sel_req_jub_pre"": ""--1"", ""tot_sel_req"": ""4462"", ""tot_buy_req"": ""2166"", ""tot_buy_req_jub_pre"": ""0"", ""ovt_sel_req_pre"": ""0"", ""ovt_sel_req"": ""0"", ""ovt_buy_req"": ""0"", ""ovt_buy_req_pre"": ""0"", ""return_code"": 0, ""return_msg"": ""정상적으로 처리되었습니다""}"
2026-06-10,scan_candidate,030200,,0,main_scan,54900,,54900,54800,54900,54700,-0.546448087431694,0.18214936247723132,,,,,,"{""bid_req_base_tm"": ""104638"", ""sel_10th_pre_req_pre"": ""0"", ""sel_10th_pre_req"": ""1660"", ""sel_10th_pre_bid"": ""+55800"", ""sel_9th_pre_req_pre"": ""0"", ""sel_9th_pre_req"": ""532"", ""sel_9th_pre_bid"": ""+55700"", ""sel_8th_pre_req_pre"": ""0"", ""sel_8th_pre_req"": ""781"", ""sel_8th_pre_bid"": ""+55600"", ""sel_7th_pre_req_pre"": ""0"", ""sel_7th_pre_req"": ""974"", ""sel_7th_pre_bid"": ""+55500"", ""sel_6th_pre_req_pre"": ""0"", ""sel_6th_pre_req"": ""1253"", ""sel_6th_pre_bid"": ""+55400"", ""sel_5th_pre_req_pre"": ""0"", ""sel_5th_pre_req"": ""1230"", ""sel_5th_pre_bid"": ""+55300"", ""sel_4th_pre_req_pre"": ""0"", ""sel_4th_pre_req"": ""1041"", ""sel_4th_pre_bid"": ""+55200"", ""sel_3th_pre_req_pre"": ""0"", ""sel_3th_pre_req"": ""1711"", ""sel_3th_pre_bid"": ""+55100"", ""sel_2th_pre_req_pre"": ""0"", ""sel_2th_pre_req"": ""3619"", ""sel_2th_pre_bid"": ""+55000"", ""sel_1th_pre_req_pre"": ""0"", ""sel_fpr_req"": ""988"", ""sel_fpr_bid"": ""+54900"", ""buy_fpr_bid"": ""+54800"", ""buy_fpr_req"": ""339"", ""buy_1th_pre_req_pre"": ""--50"", ""buy_2th_pre_bid"": ""+54700"", ""buy_2th_pre_req"": ""603"", ""buy_2th_pre_req_pre"": ""0"", ""buy_3th_pre_bid"": ""+54600"", ""buy_3th_pre_req"": ""1299"", ""buy_3th_pre_req_pre"": ""0"", ""buy_4th_pre_bid"": ""+54500"", ""buy_4th_pre_req"": ""276"", ""buy_4th_pre_req_pre"": ""0"", ""buy_5th_pre_bid"": ""+54400"", ""buy_5th_pre_req"": ""531"", ""buy_5th_pre_req_pre"": ""0"", ""buy_6th_pre_bid"": ""+54300"", ""buy_6th_pre_req"": ""893"", ""buy_6th_pre_req_pre"": ""0"", ""buy_7th_pre_bid"": ""+54200"", ""buy_7th_pre_req"": ""1849"", ""buy_7th_pre_req_pre"": ""0"", ""buy_8th_pre_bid"": ""+54100"", ""buy_8th_pre_req"": ""437"", ""buy_8th_pre_req_pre"": ""0"", ""buy_9th_pre_bid"": ""+54000"", ""buy_9th_pre_req"": ""3155"", ""buy_9th_pre_req_pre"": ""0"", ""buy_10th_pre_bid"": ""+53900"", ""buy_10th_pre_req"": ""922"", ""buy_10th_pre_req_pre"": ""0"", ""tot_sel_req_jub_pre"": ""0"", ""tot_sel_req"": ""13789"", ""tot_buy_req"": ""10304"", ""tot_buy_req_jub_pre"": ""--50"", ""ovt_sel_req_pre"": ""0"", ""ovt_sel_req"": ""0"", ""ovt_buy_req"": ""0"", ""ovt_buy_req_pre"": ""0"", ""return_code"": 0, ""return_msg"": ""정상적으로 처리되었습니다""}"
2026-06-10,scan_candidate,010950,,0,main_scan,110600,,110600,110500,110600,110500,-0.5424954792043399,0.09041591320072333,,,,,,"{""bid_req_base_tm"": ""104644"", ""sel_10th_pre_req_pre"": ""0"", ""sel_10th_pre_req"": ""623"", ""sel_10th_pre_bid"": ""+111500"", ""sel_9th_pre_req_pre"": ""0"", ""sel_9th_pre_req"": ""102"", ""sel_9th_pre_bid"": ""+111400"", ""sel_8th_pre_req_pre"": ""0"", ""sel_8th_pre_req"": ""1"", ""sel_8th_pre_bid"": ""+111300"", ""sel_7th_pre_req_pre"": ""0"", ""sel_7th_pre_req"": ""19"", ""sel_7th_pre_bid"": ""+111200"", ""sel_6th_pre_req_pre"": ""0"", ""sel_6th_pre_req"": ""51"", ""sel_6th_pre_bid"": ""+111100"", ""sel_5th_pre_req_pre"": ""0"", ""sel_5th_pre_req"": ""60"", ""sel_5th_pre_bid"": ""+111000"", ""sel_4th_pre_req_pre"": ""0"", ""sel_4th_pre_req"": ""2"", ""sel_4th_pre_bid"": ""110900"", ""sel_3th_pre_req_pre"": ""0"", ""sel_3th_pre_req"": ""54"", ""sel_3th_pre_bid"": ""-110800"", ""sel_2th_pre_req_pre"": ""0"", ""sel_2th_pre_req"": ""139"", ""sel_2th_pre_bid"": ""-110700"", ""sel_1th_pre_req_pre"": ""0"", ""sel_fpr_req"": ""3"", ""sel_fpr_bid"": ""-110600"", ""buy_fpr_bid"": ""-110500"", ""buy_fpr_req"": ""112"", ""buy_1th_pre_req_pre"": ""0"", ""buy_2th_pre_bid"": ""-110400"", ""buy_2th_pre_req"": ""30"", ""buy_2th_pre_req_pre"": ""+26"", ""buy_3th_pre_bid"": ""-110300"", ""buy_3th_pre_req"": ""1"", ""buy_3th_pre_req_pre"": ""0"", ""buy_4th_pre_bid"": ""-110200"", ""buy_4th_pre_req"": ""146"", ""buy_4th_pre_req_pre"": ""0"", ""buy_5th_pre_bid"": ""-110100"", ""buy_5th_pre_req"": ""7"", ""buy_5th_pre_req_pre"": ""0"", ""buy_6th_pre_bid"": ""-110000"", ""buy_6th_pre_req"": ""7"", ""buy_6th_pre_req_pre"": ""0"", ""buy_7th_pre_bid"": ""-109900"", ""buy_7th_pre_req"": ""1"", ""buy_7th_pre_req_pre"": ""0"", ""buy_8th_pre_bid"": ""-109800"", ""buy_8th_pre_req"": ""43"", ""buy_8th_pre_req_pre"": ""0"", ""buy_9th_pre_bid"": ""-109700"", ""buy_9th_pre_req"": ""1"", ""buy_9th_pre_req_pre"": ""0"", ""buy_10th_pre_bid"": ""-109600"", ""buy_10th_pre_req"": ""6"", ""buy_10th_pre_req_pre"": ""0"", ""tot_sel_req_jub_pre"": ""0"", ""tot_sel_req"": ""1054"", ""tot_buy_req"": ""354"", ""tot_buy_req_jub_pre"": ""+26"", ""ovt_sel_req_pre"": ""0"", ""ovt_sel_req"": ""0"", ""ovt_buy_req"": ""0"", ""ovt_buy_req_pre"": ""0"", ""return_code"": 0, ""return_msg"": ""정상적으로 처리되었습니다""}"
2026-06-10,scan_candidate,323410,,0,main_scan,24450,,24450,24400,24450,24350,-0.6134969325153374,0.2044989775051125,,,,,,"{""bid_req_base_tm"": ""104644"", ""sel_10th_pre_req_pre"": ""0"", ""sel_10th_pre_req"": ""6610"", ""sel_10th_pre_bid"": ""+24900"", ""sel_9th_pre_req_pre"": ""0"", ""sel_9th_pre_req"": ""7743"", ""sel_9th_pre_bid"": ""+24850"", ""sel_8th_pre_req_pre"": ""0"", ""sel_8th_pre_req"": ""12085"", ""sel_8th_pre_bid"": ""+24800"", ""sel_7th_pre_req_pre"": ""0"", ""sel_7th_pre_req"": ""4405"", ""sel_7th_pre_bid"": ""+24750"", ""sel_6th_pre_req_pre"": ""0"", ""sel_6th_pre_req"": ""1486"", ""sel_6th_pre_bid"": ""+24700"", ""sel_5th_pre_req_pre"": ""0"", ""sel_5th_pre_req"": ""49"", ""sel_5th_pre_bid"": ""+24650"", ""sel_4th_pre_req_pre"": ""0"", ""sel_4th_pre_req"": ""446"", ""sel_4th_pre_bid"": ""+24600"", ""sel_3th_pre_req_pre"": ""0"", ""sel_3th_pre_req"": ""1859"", ""sel_3th_pre_bid"": ""+24550"", ""sel_2th_pre_req_pre"": ""0"", ""sel_2th_pre_req"": ""1186"", ""sel_2th_pre_bid"": ""+24500"", ""sel_1th_pre_req_pre"": ""+12"", ""sel_fpr_req"": ""754"", ""sel_fpr_bid"": ""+24450"", ""buy_fpr_bid"": ""24400"", ""buy_fpr_req"": ""5092"", ""buy_1th_pre_req_pre"": ""0"", ""buy_2th_pre_bid"": ""-24350"", ""buy_2th_pre_req"": ""2298"", ""buy_2th_pre_req_pre"": ""0"", ""buy_3th_pre_bid"": ""-24300"", ""buy_3th_pre_req"": ""3441"", ""buy_3th_pre_req_pre"": ""0"", ""buy_4th_pre_bid"": ""-24250"", ""buy_4th_pre_req"": ""1450"", ""buy_4th_pre_req_pre"": ""0"", ""buy_5th_pre_bid"": ""-24200"", ""buy_5th_pre_req"": ""1200"", ""buy_5th_pre_req_pre"": ""0"", ""buy_6th_pre_bid"": ""-24150"", ""buy_6th_pre_req"": ""1300"", ""buy_6th_pre_req_pre"": ""0"", ""buy_7th_pre_bid"": ""-24100"", ""buy_7th_pre_req"": ""1090"", ""buy_7th_pre_req_pre"": ""0"", ""buy_8th_pre_bid"": ""-24050"", ""buy_8th_pre_req"": ""1327"", ""buy_8th_pre_req_pre"": ""0"", ""buy_9th_pre_bid"": ""-24000"", ""buy_9th_pre_req"": ""1322"", ""buy_9th_pre_req_pre"": ""0"", ""buy_10th_pre_bid"": ""-23950"", ""buy_10th_pre_req"": ""1577"", ""buy_10th_pre_req_pre"": ""0"", ""tot_sel_req_jub_pre"": ""+12"", ""tot_sel_req"": ""36623"", ""tot_buy_req"": ""20097"", ""tot_buy_req_jub_pre"": ""0"", ""ovt_sel_req_pre"": ""0"", ""ovt_sel_req"": ""0"", ""ovt_buy_req"": ""0"", ""ovt_buy_req_pre"": ""0"", ""return_code"": 0, ""return_msg"": ""정상적으로 처리되었습니다""}"
2026-06-10,scan_candidate,005940,,0,main_scan,30900,,30900,30850,30900,30950,0.0,0.16181229773462785,,,,,,"{""bid_req_base_tm"": ""104645"", ""sel_10th_pre_req_pre"": ""0"", ""sel_10th_pre_req"": ""559"", ""sel_10th_pre_bid"": ""+31350"", ""sel_9th_pre_req_pre"": ""0"", ""sel_9th_pre_req"": ""1672"", ""sel_9th_pre_bid"": ""+31300"", ""sel_8th_pre_req_pre"": ""0"", ""sel_8th_pre_req"": ""188"", ""sel_8th_pre_bid"": ""31250"", ""sel_7th_pre_req_pre"": ""0"", ""sel_7th_pre_req"": ""562"", ""sel_7th_pre_bid"": ""-31200"", ""sel_6th_pre_req_pre"": ""0"", ""sel_6th_pre_req"": ""269"", ""sel_6th_pre_bid"": ""-31150"", ""sel_5th_pre_req_pre"": ""0"", ""sel_5th_pre_req"": ""73"", ""sel_5th_pre_bid"": ""-31100"", ""sel_4th_pre_req_pre"": ""0"", ""sel_4th_pre_req"": ""62"", ""sel_4th_pre_bid"": ""-31050"", ""sel_3th_pre_req_pre"": ""0"", ""sel_3th_pre_req"": ""308"", ""sel_3th_pre_bid"": ""-31000"", ""sel_2th_pre_req_pre"": ""0"", ""sel_2th_pre_req"": ""573"", ""sel_2th_pre_bid"": ""-30950"", ""sel_1th_pre_req_pre"": ""0"", ""sel_fpr_req"": ""700"", ""sel_fpr_bid"": ""-30900"", ""buy_fpr_bid"": ""-30850"", ""buy_fpr_req"": ""2079"", ""buy_1th_pre_req_pre"": ""0"", ""buy_2th_pre_bid"": ""-30800"", ""buy_2th_pre_req"": ""545"", ""buy_2th_pre_req_pre"": ""0"", ""buy_3th_pre_bid"": ""-30750"", ""buy_3th_pre_req"": ""299"", ""buy_3th_pre_req_pre"": ""+38"", ""buy_4th_pre_bid"": ""-30700"", ""buy_4th_pre_req"": ""146"", ""buy_4th_pre_req_pre"": ""0"", ""buy_5th_pre_bid"": ""-30650"", ""buy_5th_pre_req"": ""116"", ""buy_5th_pre_req_pre"": ""0"", ""buy_6th_pre_bid"": ""-30600"", ""buy_6th_pre_req"": ""295"", ""buy_6th_pre_req_pre"": ""0"", ""buy_7th_pre_bid"": ""-30550"", ""buy_7th_pre_req"": ""5367"", ""buy_7th_pre_req_pre"": ""0"", ""buy_8th_pre_bid"": ""-30500"", ""buy_8th_pre_req"": ""961"", ""buy_8th_pre_req_pre"": ""0"", ""buy_9th_pre_bid"": ""-30450"", ""buy_9th_pre_req"": ""232"", ""buy_9th_pre_req_pre"": ""0"", ""buy_10th_pre_bid"": ""-30400"", ""buy_10th_pre_req"": ""1088"", ""buy_10th_pre_req_pre"": ""0"", ""tot_sel_req_jub_pre"": ""0"", ""tot_sel_req"": ""4966"", ""tot_buy_req"": ""11128"", ""tot_buy_req_jub_pre"": ""+38"", ""ovt_sel_req_pre"": ""0"", ""ovt_sel_req"": ""0"", ""ovt_buy_req"": ""0"", ""ovt_buy_req_pre"": ""0"", ""return_code"": 0, ""return_msg"": ""정상적으로 처리되었습니다""}"
2026-06-10,scan_candidate,064400,,0,main_scan,95900,,95900,95800,95900,96200,0.20855057351407716,0.10427528675703858,,,,,,"{""bid_req_base_tm"": ""104645"", ""sel_10th_pre_req_pre"": ""0"", ""sel_10th_pre_req"": ""373"", ""sel_10th_pre_bid"": ""-96800"", ""sel_9th_pre_req_pre"": ""0"", ""sel_9th_pre_req"": ""131"", ""sel_9th_pre_bid"": ""-96700"", ""sel_8th_pre_req_pre"": ""0"", ""sel_8th_pre_req"": ""297"", ""sel_8th_pre_bid"": ""-96600"", ""sel_7th_pre_req_pre"": ""0"", ""sel_7th_pre_req"": ""110"", ""sel_7th_pre_bid"": ""-96500"", ""sel_6th_pre_req_pre"": ""0"", ""sel_6th_pre_req"": ""110"", ""sel_6th_pre_bid"": ""-96400"", ""sel_5th_pre_req_pre"": ""0"", ""sel_5th_pre_req"": ""148"", ""sel_5th_pre_bid"": ""-96300"", ""sel_4th_pre_req_pre"": ""0"", ""sel_4th_pre_req"": ""134"", ""sel_4th_pre_bid"": ""-96200"", ""sel_3th_pre_req_pre"": ""0"", ""sel_3th_pre_req"": ""154"", ""sel_3th_pre_bid"": ""-96100"", ""sel_2th_pre_req_pre"": ""0"", ""sel_2th_pre_req"": ""327"", ""sel_2th_pre_bid"": ""-96000"", ""sel_1th_pre_req_pre"": ""--3"", ""sel_fpr_req"": ""403"", ""sel_fpr_bid"": ""-95900"", ""buy_fpr_bid"": ""-95800"", ""buy_fpr_req"": ""1220"", ""buy_1th_pre_req_pre"": ""0"", ""buy_2th_pre_bid"": ""-95700"", ""buy_2th_pre_req"": ""1159"", ""buy_2th_pre_req_pre"": ""0"", ""buy_3th_pre_bid"": ""-95600"", ""buy_3th_pre_req"": ""1400"", ""buy_3th_pre_req_pre"": ""0"", ""buy_4th_pre_bid"": ""-95500"", ""buy_4th_pre_req"": ""1696"", ""buy_4th_pre_req_pre"": ""0"", ""buy_5th_pre_bid"": ""-95400"", ""buy_5th_pre_req"": ""1547"", ""buy_5th_pre_req_pre"": ""0"", ""buy_6th_pre_bid"": ""-95300"", ""buy_6th_pre_req"": ""1684"", ""buy_6th_pre_req_pre"": ""0"", ""buy_7th_pre_bid"": ""-95200"", ""buy_7th_pre_req"": ""3381"", ""buy_7th_pre_req_pre"": ""0"", ""buy_8th_pre_bid"": ""-95100"", ""buy_8th_pre_req"": ""3312"", ""buy_8th_pre_req_pre"": ""0"", ""buy_9th_pre_bid"": ""-95000"", ""buy_9th_pre_req"": ""6277"", ""buy_9th_pre_req_pre"": ""0"", ""buy_10th_pre_bid"": ""-94900"", ""buy_10th_pre_req"": ""791"", ""buy_10th_pre_req_pre"": ""0"", ""tot_sel_req_jub_pre"": ""--3"", ""tot_sel_req"": ""2187"", ""tot_buy_req"": ""22467"", ""tot_buy_req_jub_pre"": ""0"", ""ovt_sel_req_pre"": ""0"", ""ovt_sel_req"": ""0"", ""ovt_buy_req"": ""0"", ""ovt_buy_req_pre"": ""0"", ""return_code"": 0, ""return_msg"": ""정상적으로 처리되었습니다""}"
2026-06-10,scan_candidate,003490,,0,main_scan,25500,,25500,25450,25500,25400,-0.5882352941176471,0.19607843137254902,,,,,,"{""bid_req_base_tm"": ""104643"", ""sel_10th_pre_req_pre"": ""0"", ""sel_10th_pre_req"": ""20138"", ""sel_10th_pre_bid"": ""+25950"", ""sel_9th_pre_req_pre"": ""0"", ""sel_9th_pre_req"": ""17488"", ""sel_9th_pre_bid"": ""+25900"", ""sel_8th_pre_req_pre"": ""0"", ""sel_8th_pre_req"": ""11478"", ""sel_8th_pre_bid"": ""+25850"", ""sel_7th_pre_req_pre"": ""0"", ""sel_7th_pre_req"": ""50345"", ""sel_7th_pre_bid"": ""+25800"", ""sel_6th_pre_req_pre"": ""0"", ""sel_6th_pre_req"": ""11378"", ""sel_6th_pre_bid"": ""+25750"", ""sel_5th_pre_req_pre"": ""0"", ""sel_5th_pre_req"": ""7458"", ""sel_5th_pre_bid"": ""+25700"", ""sel_4th_pre_req_pre"": ""0"", ""sel_4th_pre_req"": ""3462"", ""sel_4th_pre_bid"": ""+25650"", ""sel_3th_pre_req_pre"": ""0"", ""sel_3th_pre_req"": ""2430"", ""sel_3th_pre_bid"": ""+25600"", ""sel_2th_pre_req_pre"": ""+5"", ""sel_2th_pre_req"": ""98"", ""sel_2th_pre_bid"": ""+25550"", ""sel_1th_pre_req_pre"": ""0"", ""sel_fpr_req"": ""440"", ""sel_fpr_bid"": ""+25500"", ""buy_fpr_bid"": ""+25450"", ""buy_fpr_req"": ""1236"", ""buy_1th_pre_req_pre"": ""0"", ""buy_2th_pre_bid"": ""+25400"", ""buy_2th_pre_req"": ""1977"", ""buy_2th_pre_req_pre"": ""0"", ""buy_3th_pre_bid"": ""+25350"", ""buy_3th_pre_req"": ""5116"", ""buy_3th_pre_req_pre"": ""0"", ""buy_4th_pre_bid"": ""+25300"", ""buy_4th_pre_req"": ""2891"", ""buy_4th_pre_req_pre"": ""0"", ""buy_5th_pre_bid"": ""+25250"", ""buy_5th_pre_req"": ""1917"", ""buy_5th_pre_req_pre"": ""0"", ""buy_6th_pre_bid"": ""+25200"", ""buy_6th_pre_req"": ""5014"", ""buy_6th_pre_req_pre"": ""0"", ""buy_7th_pre_bid"": ""+25150"", ""buy_7th_pre_req"": ""2972"", ""buy_7th_pre_req_pre"": ""0"", ""buy_8th_pre_bid"": ""+25100"", ""buy_8th_pre_req"": ""3058"", ""buy_8th_pre_req_pre"": ""0"", ""buy_9th_pre_bid"": ""+25050"", ""buy_9th_pre_req"": ""2089"", ""buy_9th_pre_req_pre"": ""0"", ""buy_10th_pre_bid"": ""+25000"", ""buy_10th_pre_req"": ""3549"", ""buy_10th_pre_req_pre"": ""0"", ""tot_sel_req_jub_pre"": ""+5"", ""tot_sel_req"": ""124715"", ""tot_buy_req"": ""29819"", ""tot_buy_req_jub_pre"": ""0"", ""ovt_sel_req_pre"": ""0"", ""ovt_sel_req"": ""0"", ""ovt_buy_req"": ""0"", ""ovt_buy_req_pre"": ""0"", ""return_code"": 0, ""return_msg"": ""정상적으로 처리되었습니다""}"
2026-06-10,scan_candidate,161390,,0,main_scan,71100,,71100,71000,71100,71400,0.2812939521800281,0.14064697609001406,,,,,,"{""bid_req_base_tm"": ""104646"", ""sel_10th_pre_req_pre"": ""0"", ""sel_10th_pre_req"": ""151"", ""sel_10th_pre_bid"": ""-72000"", ""sel_9th_pre_req_pre"": ""0"", ""sel_9th_pre_req"": ""326"", ""sel_9th_pre_bid"": ""-71900"", ""sel_8th_pre_req_pre"": ""0"", ""sel_8th_pre_req"": ""130"", ""sel_8th_pre_bid"": ""-71800"", ""sel_7th_pre_req_pre"": ""0"", ""sel_7th_pre_req"": ""3"", ""sel_7th_pre_bid"": ""-71700"", ""sel_6th_pre_req_pre"": ""0"", ""sel_6th_pre_req"": ""37"", ""sel_6th_pre_bid"": ""-71600"", ""sel_5th_pre_req_pre"": ""0"", ""sel_5th_pre_req"": ""50"", ""sel_5th_pre_bid"": ""-71500"", ""sel_4th_pre_req_pre"": ""0"", ""sel_4th_pre_req"": ""16"", ""sel_4th_pre_bid"": ""-71400"", ""sel_3th_pre_req_pre"": ""0"", ""sel_3th_pre_req"": ""173"", ""sel_3th_pre_bid"": ""-71300"", ""sel_2th_pre_req_pre"": ""+21"", ""sel_2th_pre_req"": ""599"", ""sel_2th_pre_bid"": ""-71200"", ""sel_1th_pre_req_pre"": ""--2"", ""sel_fpr_req"": ""3293"", ""sel_fpr_bid"": ""-71100"", ""buy_fpr_bid"": ""-71000"", ""buy_fpr_req"": ""4386"", ""buy_1th_pre_req_pre"": ""0"", ""buy_2th_pre_bid"": ""-70900"", ""buy_2th_pre_req"": ""2819"", ""buy_2th_pre_req_pre"": ""0"", ""buy_3th_pre_bid"": ""-70800"", ""buy_3th_pre_req"": ""163"", ""buy_3th_pre_req_pre"": ""0"", ""buy_4th_pre_bid"": ""-70700"", ""buy_4th_pre_req"": ""73"", ""buy_4th_pre_req_pre"": ""0"", ""buy_5th_pre_bid"": ""-70600"", ""buy_5th_pre_req"": ""109"", ""buy_5th_pre_req_pre"": ""0"", ""buy_6th_pre_bid"": ""-70500"", ""buy_6th_pre_req"": ""345"", ""buy_6th_pre_req_pre"": ""0"", ""buy_7th_pre_bid"": ""-70400"", ""buy_7th_pre_req"": ""112"", ""buy_7th_pre_req_pre"": ""0"", ""buy_8th_pre_bid"": ""-70300"", ""buy_8th_pre_req"": ""115"", ""buy_8th_pre_req_pre"": ""0"", ""buy_9th_pre_bid"": ""-70200"", ""buy_9th_pre_req"": ""37"", ""buy_9th_pre_req_pre"": ""0"", ""buy_10th_pre_bid"": ""-70100"", ""buy_10th_pre_req"": ""133"", ""buy_10th_pre_req_pre"": ""0"", ""tot_sel_req_jub_pre"": ""+19"", ""tot_sel_req"": ""4778"", ""tot_buy_req"": ""8292"", ""tot_buy_req_jub_pre"": ""0"", ""ovt_sel_req_pre"": ""0"", ""ovt_sel_req"": ""0"", ""ovt_buy_req"": ""0"", ""ovt_buy_req_pre"": ""0"", ""return_code"": 0, ""return_msg"": ""정상적으로 처리되었습니다""}"
2026-06-10,scan_candidate,003230,,0,main_scan,1146000,,1146000,1144000,1146000,1143000,-0.34904013961605584,0.17452006980802792,,,,,,"{""bid_req_base_tm"": ""104645"", ""sel_10th_pre_req_pre"": ""0"", ""sel_10th_pre_req"": ""14"", ""sel_10th_pre_bid"": ""+1155000"", ""sel_9th_pre_req_pre"": ""0"", ""sel_9th_pre_req"": ""29"", ""sel_9th_pre_bid"": ""+1154000"", ""sel_8th_pre_req_pre"": ""0"", ""sel_8th_pre_req"": ""11"", ""sel_8th_pre_bid"": ""+1153000"", ""sel_7th_pre_req_pre"": ""0"", ""sel_7th_pre_req"": ""36"", ""sel_7th_pre_bid"": ""+1152000"", ""sel_6th_pre_req_pre"": ""0"", ""sel_6th_pre_req"": ""17"", ""sel_6th_pre_bid"": ""+1151000"", ""sel_5th_pre_req_pre"": ""0"", ""sel_5th_pre_req"": ""6"", ""sel_5th_pre_bid"": ""+1150000"", ""sel_4th_pre_req_pre"": ""0"", ""sel_4th_pre_req"": ""10"", ""sel_4th_pre_bid"": ""+1149000"", ""sel_3th_pre_req_pre"": ""0"", ""sel_3th_pre_req"": ""2"", ""sel_3th_pre_bid"": ""+1148000"", ""sel_2th_pre_req_pre"": ""0"", ""sel_2th_pre_req"": ""5"", ""sel_2th_pre_bid"": ""+1147000"", ""sel_1th_pre_req_pre"": ""0"", ""sel_fpr_req"": ""9"", ""sel_fpr_bid"": ""+1146000"", ""buy_fpr_bid"": ""+1144000"", ""buy_fpr_req"": ""30"", ""buy_1th_pre_req_pre"": ""--7"", ""buy_2th_pre_bid"": ""+1143000"", ""buy_2th_pre_req"": ""9"", ""buy_2th_pre_req_pre"": ""0"", ""buy_3th_pre_bid"": ""+1142000"", ""buy_3th_pre_req"": ""5"", ""buy_3th_pre_req_pre"": ""0"", ""buy_4th_pre_bid"": ""+1141000"", ""buy_4th_pre_req"": ""8"", ""buy_4th_pre_req_pre"": ""0"", ""buy_5th_pre_bid"": ""+1140000"", ""buy_5th_pre_req"": ""14"", ""buy_5th_pre_req_pre"": ""0"", ""buy_6th_pre_bid"": ""+1139000"", ""buy_6th_pre_req"": ""3"", ""buy_6th_pre_req_pre"": ""0"", ""buy_7th_pre_bid"": ""+1138000"", ""buy_7th_pre_req"": ""10"", ""buy_7th_pre_req_pre"": ""0"", ""buy_8th_pre_bid"": ""+1137000"", ""buy_8th_pre_req"": ""6"", ""buy_8th_pre_req_pre"": ""0"", ""buy_9th_pre_bid"": ""+1135000"", ""buy_9th_pre_req"": ""2"", ""buy_9th_pre_req_pre"": ""0"", ""buy_10th_pre_bid"": ""+1133000"", ""buy_10th_pre_req"": ""6"", ""buy_10th_pre_req_pre"": ""0"", ""tot_sel_req_jub_pre"": ""+6"", ""tot_sel_req"": ""139"", ""tot_buy_req"": ""93"", ""tot_buy_req_jub_pre"": ""--7"", ""ovt_sel_req_pre"": ""0"", ""ovt_sel_req"": ""0"", ""ovt_buy_req"": ""0"", ""ovt_buy_req_pre"": ""0"", ""return_code"": 0, ""return_msg"": ""정상적으로 처리되었습니다""}"
2026-06-10,scan_candidate,000880,,0,main_scan,119200,,119200,119100,119200,119000,-0.587248322147651,0.08389261744966443,,,,,,"{""bid_req_base_tm"": ""104644"", ""sel_10th_pre_req_pre"": ""0"", ""sel_10th_pre_req"": ""1"", ""sel_10th_pre_bid"": ""+120400"", ""sel_9th_pre_req_pre"": ""0"", ""sel_9th_pre_req"": ""58"", ""sel_9th_pre_bid"": ""+120200"", ""sel_8th_pre_req_pre"": ""0"", ""sel_8th_pre_req"": ""26"", ""sel_8th_pre_bid"": ""+120000"", ""sel_7th_pre_req_pre"": ""0"", ""sel_7th_pre_req"": ""4"", ""sel_7th_pre_bid"": ""+119900"", ""sel_6th_pre_req_pre"": ""0"", ""sel_6th_pre_req"": ""16"", ""sel_6th_pre_bid"": ""+119800"", ""sel_5th_pre_req_pre"": ""0"", ""sel_5th_pre_req"": ""1"", ""sel_5th_pre_bid"": ""+119700"", ""sel_4th_pre_req_pre"": ""--16"", ""sel_4th_pre_req"": ""13"", ""sel_4th_pre_bid"": ""+119600"", ""sel_3th_pre_req_pre"": ""0"", ""sel_3th_pre_req"": ""23"", ""sel_3th_pre_bid"": ""+119500"", ""sel_2th_pre_req_pre"": ""0"", ""sel_2th_pre_req"": ""254"", ""sel_2th_pre_bid"": ""+119300"", ""sel_1th_pre_req_pre"": ""0"", ""sel_fpr_req"": ""31"", ""sel_fpr_bid"": ""+119200"", ""buy_fpr_bid"": ""+119100"", ""buy_fpr_req"": ""130"", ""buy_1th_pre_req_pre"": ""0"", ""buy_2th_pre_bid"": ""+119000"", ""buy_2th_pre_req"": ""150"", ""buy_2th_pre_req_pre"": ""0"", ""buy_3th_pre_bid"": ""+118900"", ""buy_3th_pre_req"": ""3"", ""buy_3th_pre_req_pre"": ""0"", ""buy_4th_pre_bid"": ""+118800"", ""buy_4th_pre_req"": ""3"", ""buy_4th_pre_req_pre"": ""0"", ""buy_5th_pre_bid"": ""+118700"", ""buy_5th_pre_req"": ""1"", ""buy_5th_pre_req_pre"": ""0"", ""buy_6th_pre_bid"": ""+118600"", ""buy_6th_pre_req"": ""16"", ""buy_6th_pre_req_pre"": ""0"", ""buy_7th_pre_bid"": ""+118500"", ""buy_7th_pre_req"": ""653"", ""buy_7th_pre_req_pre"": ""0"", ""buy_8th_pre_bid"": ""+118400"", ""buy_8th_pre_req"": ""2"", ""buy_8th_pre_req_pre"": ""0"", ""buy_9th_pre_bid"": ""+118300"", ""buy_9th_pre_req"": ""86"", ""buy_9th_pre_req_pre"": ""0"", ""buy_10th_pre_bid"": ""+118100"", ""buy_10th_pre_req"": ""200"", ""buy_10th_pre_req_pre"": ""0"", ""tot_sel_req_jub_pre"": ""--16"", ""tot_sel_req"": ""427"", ""tot_buy_req"": ""1244"", ""tot_buy_req_jub_pre"": ""0"", ""ovt_sel_req_pre"": ""0"", ""ovt_sel_req"": ""0"", ""ovt_buy_req"": ""0"", ""ovt_buy_req_pre"": ""0"", ""return_code"": 0, ""return_msg"": ""정상적으로 처리되었습니다""}"
2026-06-10,scan_candidate,180640,,0,main_scan,119800,,119800,119700,119800,119500,-0.667779632721202,0.08347245409015025,,,,,,"{""bid_req_base_tm"": ""104646"", ""sel_10th_pre_req_pre"": ""0"", ""sel_10th_pre_req"": ""201"", ""sel_10th_pre_bid"": ""+120900"", ""sel_9th_pre_req_pre"": ""0"", ""sel_9th_pre_req"": ""61"", ""sel_9th_pre_bid"": ""+120800"", ""sel_8th_pre_req_pre"": ""0"", ""sel_8th_pre_req"": ""66"", ""sel_8th_pre_bid"": ""+120700"", ""sel_7th_pre_req_pre"": ""0"", ""sel_7th_pre_req"": ""24"", ""sel_7th_pre_bid"": ""+120600"", ""sel_6th_pre_req_pre"": ""0"", ""sel_6th_pre_req"": ""41"", ""sel_6th_pre_bid"": ""+120500"", ""sel_5th_pre_req_pre"": ""0"", ""sel_5th_pre_req"": ""1032"", ""sel_5th_pre_bid"": ""+120200"", ""sel_4th_pre_req_pre"": ""0"", ""sel_4th_pre_req"": ""60"", ""sel_4th_pre_bid"": ""+120100"", ""sel_3th_pre_req_pre"": ""0"", ""sel_3th_pre_req"": ""50"", ""sel_3th_pre_bid"": ""+120000"", ""sel_2th_pre_req_pre"": ""0"", ""sel_2th_pre_req"": ""184"", ""sel_2th_pre_bid"": ""+119900"", ""sel_1th_pre_req_pre"": ""--1"", ""sel_fpr_req"": ""16"", ""sel_fpr_bid"": ""+119800"", ""buy_fpr_bid"": ""+119700"", ""buy_fpr_req"": ""15"", ""buy_1th_pre_req_pre"": ""0"", ""buy_2th_pre_bid"": ""+119600"", ""buy_2th_pre_req"": ""2"", ""buy_2th_pre_req_pre"": ""0"", ""buy_3th_pre_bid"": ""+119500"", ""buy_3th_pre_req"": ""16"", ""buy_3th_pre_req_pre"": ""0"", ""buy_4th_pre_bid"": ""+119400"", ""buy_4th_pre_req"": ""101"", ""buy_4th_pre_req_pre"": ""0"", ""buy_5th_pre_bid"": ""+119300"", ""buy_5th_pre_req"": ""85"", ""buy_5th_pre_req_pre"": ""0"", ""buy_6th_pre_bid"": ""+119200"", ""buy_6th_pre_req"": ""69"", ""buy_6th_pre_req_pre"": ""0"", ""buy_7th_pre_bid"": ""+119100"", ""buy_7th_pre_req"": ""100"", ""buy_7th_pre_req_pre"": ""0"", ""buy_8th_pre_bid"": ""+119000"", ""buy_8th_pre_req"": ""110"", ""buy_8th_pre_req_pre"": ""0"", ""buy_9th_pre_bid"": ""+118900"", ""buy_9th_pre_req"": ""100"", ""buy_9th_pre_req_pre"": ""0"", ""buy_10th_pre_bid"": ""+118800"", ""buy_10th_pre_req"": ""168"", ""buy_10th_pre_req_pre"": ""0"", ""tot_sel_req_jub_pre"": ""--1"", ""tot_sel_req"": ""1735"", ""tot_buy_req"": ""766"", ""tot_buy_req_jub_pre"": ""0"", ""ovt_sel_req_pre"": ""0"", ""ovt_sel_req"": ""0"", ""ovt_buy_req"": ""0"", ""ovt_buy_req_pre"": ""0"", ""return_code"": 0, ""return_msg"": ""정상적으로 처리되었습니다""}"
2026-06-10,scan_candidate,454910,,0,main_scan,109900,,109900,109800,109900,110000,-0.3639672429481347,0.09099181073703368,,,,,,"{""bid_req_base_tm"": ""104646"", ""sel_10th_pre_req_pre"": ""0"", ""sel_10th_pre_req"": ""132"", ""sel_10th_pre_bid"": ""-110900"", ""sel_9th_pre_req_pre"": ""0"", ""sel_9th_pre_req"": ""158"", ""sel_9th_pre_bid"": ""-110800"", ""sel_8th_pre_req_pre"": ""0"", ""sel_8th_pre_req"": ""41"", ""sel_8th_pre_bid"": ""-110600"", ""sel_7th_pre_req_pre"": ""0"", ""sel_7th_pre_req"": ""20"", ""sel_7th_pre_bid"": ""-110500"", ""sel_6th_pre_req_pre"": ""0"", ""sel_6th_pre_req"": ""23"", ""sel_6th_pre_bid"": ""-110400"", ""sel_5th_pre_req_pre"": ""0"", ""sel_5th_pre_req"": ""99"", ""sel_5th_pre_bid"": ""-110300"", ""sel_4th_pre_req_pre"": ""0"", ""sel_4th_pre_req"": ""467"", ""sel_4th_pre_bid"": ""-110200"", ""sel_3th_pre_req_pre"": ""0"", ""sel_3th_pre_req"": ""234"", ""sel_3th_pre_bid"": ""-110100"", ""sel_2th_pre_req_pre"": ""0"", ""sel_2th_pre_req"": ""1119"", ""sel_2th_pre_bid"": ""-110000"", ""sel_1th_pre_req_pre"": ""--10"", ""sel_fpr_req"": ""720"", ""sel_fpr_bid"": ""-109900"", ""buy_fpr_bid"": ""-109800"", ""buy_fpr_req"": ""958"", ""buy_1th_pre_req_pre"": ""0"", ""buy_2th_pre_bid"": ""-109700"", ""buy_2th_pre_req"": ""1255"", ""buy_2th_pre_req_pre"": ""0"", ""buy_3th_pre_bid"": ""-109600"", ""buy_3th_pre_req"": ""1240"", ""buy_3th_pre_req_pre"": ""0"", ""buy_4th_pre_bid"": ""-109500"", ""buy_4th_pre_req"": ""5926"", ""buy_4th_pre_req_pre"": ""0"", ""buy_5th_pre_bid"": ""-109400"", ""buy_5th_pre_req"": ""1901"", ""buy_5th_pre_req_pre"": ""0"", ""buy_6th_pre_bid"": ""-109300"", ""buy_6th_pre_req"": ""1679"", ""buy_6th_pre_req_pre"": ""0"", ""buy_7th_pre_bid"": ""-109200"", ""buy_7th_pre_req"": ""3061"", ""buy_7th_pre_req_pre"": ""0"", ""buy_8th_pre_bid"": ""-109100"", ""buy_8th_pre_req"": ""2008"", ""buy_8th_pre_req_pre"": ""0"", ""buy_9th_pre_bid"": ""-109000"", ""buy_9th_pre_req"": ""5127"", ""buy_9th_pre_req_pre"": ""0"", ""buy_10th_pre_bid"": ""-108900"", ""buy_10th_pre_req"": ""712"", ""buy_10th_pre_req_pre"": ""0"", ""tot_sel_req_jub_pre"": ""--10"", ""tot_sel_req"": ""3013"", ""tot_buy_req"": ""23867"", ""tot_buy_req_jub_pre"": ""0"", ""ovt_sel_req_pre"": ""0"", ""ovt_sel_req"": ""0"", ""ovt_buy_req"": ""0"", ""ovt_buy_req_pre"": ""0"", ""return_code"": 0, ""return_msg"": ""정상적으로 처리되었습니다""}"
2026-06-10,scan_candidate,353200,,0,main_scan,157600,,157600,157400,157600,157500,-0.3807106598984772,0.12690355329949238,,,,,,"{""bid_req_base_tm"": ""104646"", ""sel_10th_pre_req_pre"": ""0"", ""sel_10th_pre_req"": ""164"", ""sel_10th_pre_bid"": ""+158900"", ""sel_9th_pre_req_pre"": ""0"", ""sel_9th_pre_req"": ""41"", ""sel_9th_pre_bid"": ""+158600"", ""sel_8th_pre_req_pre"": ""0"", ""sel_8th_pre_req"": ""152"", ""sel_8th_pre_bid"": ""+158500"", ""sel_7th_pre_req_pre"": ""0"", ""sel_7th_pre_req"": ""27"", ""sel_7th_pre_bid"": ""+158300"", ""sel_6th_pre_req_pre"": ""0"", ""sel_6th_pre_req"": ""84"", ""sel_6th_pre_bid"": ""+158100"", ""sel_5th_pre_req_pre"": ""0"", ""sel_5th_pre_req"": ""33"", ""sel_5th_pre_bid"": ""+158000"", ""sel_4th_pre_req_pre"": ""0"", ""sel_4th_pre_req"": ""78"", ""sel_4th_pre_bid"": ""+157900"", ""sel_3th_pre_req_pre"": ""0"", ""sel_3th_pre_req"": ""72"", ""sel_3th_pre_bid"": ""+157800"", ""sel_2th_pre_req_pre"": ""0"", ""sel_2th_pre_req"": ""236"", ""sel_2th_pre_bid"": ""+157700"", ""sel_1th_pre_req_pre"": ""0"", ""sel_fpr_req"": ""78"", ""sel_fpr_bid"": ""+157600"", ""buy_fpr_bid"": ""+157400"", ""buy_fpr_req"": ""22"", ""buy_1th_pre_req_pre"": ""0"", ""buy_2th_pre_bid"": ""+157300"", ""buy_2th_pre_req"": ""7"", ""buy_2th_pre_req_pre"": ""0"", ""buy_3th_pre_bid"": ""+157200"", ""buy_3th_pre_req"": ""63"", ""buy_3th_pre_req_pre"": ""0"", ""buy_4th_pre_bid"": ""+157100"", ""buy_4th_pre_req"": ""82"", ""buy_4th_pre_req_pre"": ""0"", ""buy_5th_pre_bid"": ""+157000"", ""buy_5th_pre_req"": ""899"", ""buy_5th_pre_req_pre"": ""0"", ""buy_6th_pre_bid"": ""+156900"", ""buy_6th_pre_req"": ""74"", ""buy_6th_pre_req_pre"": ""0"", ""buy_7th_pre_bid"": ""+156800"", ""buy_7th_pre_req"": ""74"", ""buy_7th_pre_req_pre"": ""0"", ""buy_8th_pre_bid"": ""+156700"", ""buy_8th_pre_req"": ""13"", ""buy_8th_pre_req_pre"": ""0"", ""buy_9th_pre_bid"": ""+156600"", ""buy_9th_pre_req"": ""21"", ""buy_9th_pre_req_pre"": ""0"", ""buy_10th_pre_bid"": ""+156500"", ""buy_10th_pre_req"": ""39"", ""buy_10th_pre_req_pre"": ""0"", ""tot_sel_req_jub_pre"": ""0"", ""tot_sel_req"": ""965"", ""tot_buy_req"": ""1294"", ""tot_buy_req_jub_pre"": ""0"", ""ovt_sel_req_pre"": ""0"", ""ovt_sel_req"": ""0"", ""ovt_buy_req"": ""0"", ""ovt_buy_req_pre"": ""0"", ""return_code"": 0, ""return_msg"": ""정상적으로 처리되었습니다""}"
2026-06-10,scan_candidate,034220,,0,main_scan,13250,,13250,13240,13250,13250,-0.37735849056603776,0.07547169811320754,,,,,,"{""bid_req_base_tm"": ""104646"", ""sel_10th_pre_req_pre"": ""+60"", ""sel_10th_pre_req"": ""1359"", ""sel_10th_pre_bid"": ""-13350"", ""sel_9th_pre_req_pre"": ""0"", ""sel_9th_pre_req"": ""111"", ""sel_9th_pre_bid"": ""-13340"", ""sel_8th_pre_req_pre"": ""0"", ""sel_8th_pre_req"": ""106"", ""sel_8th_pre_bid"": ""-13330"", ""sel_7th_pre_req_pre"": ""0"", ""sel_7th_pre_req"": ""163"", ""sel_7th_pre_bid"": ""-13320"", ""sel_6th_pre_req_pre"": ""0"", ""sel_6th_pre_req"": ""11"", ""sel_6th_pre_bid"": ""-13310"", ""sel_5th_pre_req_pre"": ""0"", ""sel_5th_pre_req"": ""1520"", ""sel_5th_pre_bid"": ""-13300"", ""sel_4th_pre_req_pre"": ""0"", ""sel_4th_pre_req"": ""81"", ""sel_4th_pre_bid"": ""-13290"", ""sel_3th_pre_req_pre"": ""0"", ""sel_3th_pre_req"": ""488"", ""sel_3th_pre_bid"": ""-13280"", ""sel_2th_pre_req_pre"": ""0"", ""sel_2th_pre_req"": ""211"", ""sel_2th_pre_bid"": ""-13270"", ""sel_1th_pre_req_pre"": ""0"", ""sel_fpr_req"": ""187"", ""sel_fpr_bid"": ""-13250"", ""buy_fpr_bid"": ""-13240"", ""buy_fpr_req"": ""2087"", ""buy_1th_pre_req_pre"": ""0"", ""buy_2th_pre_bid"": ""-13230"", ""buy_2th_pre_req"": ""2362"", ""buy_2th_pre_req_pre"": ""0"", ""buy_3th_pre_bid"": ""-13220"", ""buy_3th_pre_req"": ""1527"", ""buy_3th_pre_req_pre"": ""0"", ""buy_4th_pre_bid"": ""-13210"", ""buy_4th_pre_req"": ""2273"", ""buy_4th_pre_req_pre"": ""0"", ""buy_5th_pre_bid"": ""-13200"", ""buy_5th_pre_req"": ""12674"", ""buy_5th_pre_req_pre"": ""0"", ""buy_6th_pre_bid"": ""-13190"", ""buy_6th_pre_req"": ""795"", ""buy_6th_pre_req_pre"": ""0"", ""buy_7th_pre_bid"": ""-13180"", ""buy_7th_pre_req"": ""1190"", ""buy_7th_pre_req_pre"": ""0"", ""buy_8th_pre_bid"": ""-13170"", ""buy_8th_pre_req"": ""739"", ""buy_8th_pre_req_pre"": ""0"", ""buy_9th_pre_bid"": ""-13160"", ""buy_9th_pre_req"": ""1048"", ""buy_9th_pre_req_pre"": ""0"", ""buy_10th_pre_bid"": ""-13150"", ""buy_10th_pre_req"": ""4346"", ""buy_10th_pre_req_pre"": ""0"", ""tot_sel_req_jub_pre"": ""+60"", ""tot_sel_req"": ""4237"", ""tot_buy_req"": ""29041"", ""tot_buy_req_jub_pre"": ""0"", ""ovt_sel_req_pre"": ""0"", ""ovt_sel_req"": ""0"", ""ovt_buy_req"": ""0"", ""ovt_buy_req_pre"": ""0"", ""return_code"": 0, ""return_msg"": ""정상적으로 처리되었습니다""}"
2026-06-10,scan_candidate,267270,,0,main_scan,149800,,149800,149500,149800,149500,-0.5340453938584779,0.20026702269692925,,,,,,"{""bid_req_base_tm"": ""104645"", ""sel_10th_pre_req_pre"": ""0"", ""sel_10th_pre_req"": ""91"", ""sel_10th_pre_bid"": ""+150800"", ""sel_9th_pre_req_pre"": ""0"", ""sel_9th_pre_req"": ""78"", ""sel_9th_pre_bid"": ""+150700"", ""sel_8th_pre_req_pre"": ""0"", ""sel_8th_pre_req"": ""47"", ""sel_8th_pre_bid"": ""+150600"", ""sel_7th_pre_req_pre"": ""0"", ""sel_7th_pre_req"": ""76"", ""sel_7th_pre_bid"": ""+150500"", ""sel_6th_pre_req_pre"": ""0"", ""sel_6th_pre_req"": ""57"", ""sel_6th_pre_bid"": ""+150400"", ""sel_5th_pre_req_pre"": ""0"", ""sel_5th_pre_req"": ""101"", ""sel_5th_pre_bid"": ""+150300"", ""sel_4th_pre_req_pre"": ""0"", ""sel_4th_pre_req"": ""25"", ""sel_4th_pre_bid"": ""+150200"", ""sel_3th_pre_req_pre"": ""0"", ""sel_3th_pre_req"": ""8"", ""sel_3th_pre_bid"": ""+150100"", ""sel_2th_pre_req_pre"": ""0"", ""sel_2th_pre_req"": ""14"", ""sel_2th_pre_bid"": ""+149900"", ""sel_1th_pre_req_pre"": ""0"", ""sel_fpr_req"": ""79"", ""sel_fpr_bid"": ""+149800"", ""buy_fpr_bid"": ""+149500"", ""buy_fpr_req"": ""16"", ""buy_1th_pre_req_pre"": ""0"", ""buy_2th_pre_bid"": ""+149400"", ""buy_2th_pre_req"": ""31"", ""buy_2th_pre_req_pre"": ""0"", ""buy_3th_pre_bid"": ""+149300"", ""buy_3th_pre_req"": ""20"", ""buy_3th_pre_req_pre"": ""0"", ""buy_4th_pre_bid"": ""+149200"", ""buy_4th_pre_req"": ""4"", ""buy_4th_pre_req_pre"": ""0"", ""buy_5th_pre_bid"": ""+149100"", ""buy_5th_pre_req"": ""29"", ""buy_5th_pre_req_pre"": ""0"", ""buy_6th_pre_bid"": ""+149000"", ""buy_6th_pre_req"": ""138"", ""buy_6th_pre_req_pre"": ""0"", ""buy_7th_pre_bid"": ""+148900"", ""buy_7th_pre_req"": ""1"", ""buy_7th_pre_req_pre"": ""0"", ""buy_8th_pre_bid"": ""+148800"", ""buy_8th_pre_req"": ""5"", ""buy_8th_pre_req_pre"": ""0"", ""buy_9th_pre_bid"": ""+148700"", ""buy_9th_pre_req"": ""3"", ""buy_9th_pre_req_pre"": ""0"", ""buy_10th_pre_bid"": ""+148600"", ""buy_10th_pre_req"": ""14"", ""buy_10th_pre_req_pre"": ""0"", ""tot_sel_req_jub_pre"": ""0"", ""tot_sel_req"": ""576"", ""tot_buy_req"": ""261"", ""tot_buy_req_jub_pre"": ""0"", ""ovt_sel_req_pre"": ""0"", ""ovt_sel_req"": ""0"", ""ovt_buy_req"": ""0"", ""ovt_buy_req_pre"": ""0"", ""return_code"": 0, ""return_msg"": ""정상적으로 처리되었습니다""}"
2026-06-10,scan_candidate,062040,,0,main_scan,227000,,227000,226500,227000,226500,-0.4405286343612335,0.22026431718061676,,,,,,"{""bid_req_base_tm"": ""104647"", ""sel_10th_pre_req_pre"": ""0"", ""sel_10th_pre_req"": ""1038"", ""sel_10th_pre_bid"": ""+231500"", ""sel_9th_pre_req_pre"": ""0"", ""sel_9th_pre_req"": ""397"", ""sel_9th_pre_bid"": ""+231000"", ""sel_8th_pre_req_pre"": ""0"", ""sel_8th_pre_req"": ""134"", ""sel_8th_pre_bid"": ""+230500"", ""sel_7th_pre_req_pre"": ""0"", ""sel_7th_pre_req"": ""321"", ""sel_7th_pre_bid"": ""+230000"", ""sel_6th_pre_req_pre"": ""0"", ""sel_6th_pre_req"": ""88"", ""sel_6th_pre_bid"": ""+229500"", ""sel_5th_pre_req_pre"": ""0"", ""sel_5th_pre_req"": ""54"", ""sel_5th_pre_bid"": ""+229000"", ""sel_4th_pre_req_pre"": ""0"", ""sel_4th_pre_req"": ""89"", ""sel_4th_pre_bid"": ""+228500"", ""sel_3th_pre_req_pre"": ""0"", ""sel_3th_pre_req"": ""179"", ""sel_3th_pre_bid"": ""+228000"", ""sel_2th_pre_req_pre"": ""+2"", ""sel_2th_pre_req"": ""72"", ""sel_2th_pre_bid"": ""+227500"", ""sel_1th_pre_req_pre"": ""0"", ""sel_fpr_req"": ""188"", ""sel_fpr_bid"": ""+227000"", ""buy_fpr_bid"": ""+226500"", ""buy_fpr_req"": ""99"", ""buy_1th_pre_req_pre"": ""0"", ""buy_2th_pre_bid"": ""+226000"", ""buy_2th_pre_req"": ""277"", ""buy_2th_pre_req_pre"": ""0"", ""buy_3th_pre_bid"": ""+225500"", ""buy_3th_pre_req"": ""376"", ""buy_3th_pre_req_pre"": ""0"", ""buy_4th_pre_bid"": ""225000"", ""buy_4th_pre_req"": ""675"", ""buy_4th_pre_req_pre"": ""0"", ""buy_5th_pre_bid"": ""-224500"", ""buy_5th_pre_req"": ""64"", ""buy_5th_pre_req_pre"": ""0"", ""buy_6th_pre_bid"": ""-224000"", ""buy_6th_pre_req"": ""184"", ""buy_6th_pre_req_pre"": ""0"", ""buy_7th_pre_bid"": ""-223500"", ""buy_7th_pre_req"": ""61"", ""buy_7th_pre_req_pre"": ""0"", ""buy_8th_pre_bid"": ""-223000"", ""buy_8th_pre_req"": ""283"", ""buy_8th_pre_req_pre"": ""0"", ""buy_9th_pre_bid"": ""-222500"", ""buy_9th_pre_req"": ""224"", ""buy_9th_pre_req_pre"": ""0"", ""buy_10th_pre_bid"": ""-222000"", ""buy_10th_pre_req"": ""144"", ""buy_10th_pre_req_pre"": ""0"", ""tot_sel_req_jub_pre"": ""+2"", ""tot_sel_req"": ""2560"", ""tot_buy_req"": ""2387"", ""tot_buy_req_jub_pre"": ""0"", ""ovt_sel_req_pre"": ""0"", ""ovt_sel_req"": ""0"", ""ovt_buy_req"": ""0"", ""ovt_buy_req_pre"": ""0"", ""return_code"": 0, ""return_msg"": ""정상적으로 처리되었습니다""}"
2026-06-10,scan_candidate,078930,,0,main_scan,73800,,73800,73700,73800,74100,0.27100271002710025,0.13550135501355012,,,,,,"{""bid_req_base_tm"": ""104647"", ""sel_10th_pre_req_pre"": ""0"", ""sel_10th_pre_req"": ""237"", ""sel_10th_pre_bid"": ""+74700"", ""sel_9th_pre_req_pre"": ""0"", ""sel_9th_pre_req"": ""104"", ""sel_9th_pre_bid"": ""+74600"", ""sel_8th_pre_req_pre"": ""0"", ""sel_8th_pre_req"": ""74"", ""sel_8th_pre_bid"": ""+74500"", ""sel_7th_pre_req_pre"": ""0"", ""sel_7th_pre_req"": ""96"", ""sel_7th_pre_bid"": ""+74400"", ""sel_6th_pre_req_pre"": ""0"", ""sel_6th_pre_req"": ""2"", ""sel_6th_pre_bid"": ""+74300"", ""sel_5th_pre_req_pre"": ""0"", ""sel_5th_pre_req"": ""91"", ""sel_5th_pre_bid"": ""+74200"", ""sel_4th_pre_req_pre"": ""0"", ""sel_4th_pre_req"": ""29"", ""sel_4th_pre_bid"": ""+74100"", ""sel_3th_pre_req_pre"": ""0"", ""sel_3th_pre_req"": ""131"", ""sel_3th_pre_bid"": ""+74000"", ""sel_2th_pre_req_pre"": ""0"", ""sel_2th_pre_req"": ""41"", ""sel_2th_pre_bid"": ""+73900"", ""sel_1th_pre_req_pre"": ""0"", ""sel_fpr_req"": ""920"", ""sel_fpr_bid"": ""73800"", ""buy_fpr_bid"": ""-73700"", ""buy_fpr_req"": ""363"", ""buy_1th_pre_req_pre"": ""+15"", ""buy_2th_pre_bid"": ""-73600"", ""buy_2th_pre_req"": ""2026"", ""buy_2th_pre_req_pre"": ""0"", ""buy_3th_pre_bid"": ""-73500"", ""buy_3th_pre_req"": ""153"", ""buy_3th_pre_req_pre"": ""0"", ""buy_4th_pre_bid"": ""-73400"", ""buy_4th_pre_req"": ""1"", ""buy_4th_pre_req_pre"": ""0"", ""buy_5th_pre_bid"": ""-73300"", ""buy_5th_pre_req"": ""50"", ""buy_5th_pre_req_pre"": ""0"", ""buy_6th_pre_bid"": ""-73100"", ""buy_6th_pre_req"": ""150"", ""buy_6th_pre_req_pre"": ""0"", ""buy_7th_pre_bid"": ""-73000"", ""buy_7th_pre_req"": ""50"", ""buy_7th_pre_req_pre"": ""0"", ""buy_8th_pre_bid"": ""-72900"", ""buy_8th_pre_req"": ""4"", ""buy_8th_pre_req_pre"": ""0"", ""buy_9th_pre_bid"": ""-72800"", ""buy_9th_pre_req"": ""20"", ""buy_9th_pre_req_pre"": ""0"", ""buy_10th_pre_bid"": ""-72700"", ""buy_10th_pre_req"": ""50"", ""buy_10th_pre_req_pre"": ""0"", ""tot_sel_req_jub_pre"": ""0"", ""tot_sel_req"": ""1725"", ""tot_buy_req"": ""2867"", ""tot_buy_req_jub_pre"": ""+15"", ""ovt_sel_req_pre"": ""0"", ""ovt_sel_req"": ""0"", ""ovt_buy_req"": ""0"", ""ovt_buy_req_pre"": ""0"", ""return_code"": 0, ""return_msg"": ""정상적으로 처리되었습니다""}"
2026-06-10,scan_candidate,090430,,0,main_scan,112400,,112400,112300,112400,112000,-0.800711743772242,0.0889679715302491,,,,,,"{""bid_req_base_tm"": ""104644"", ""sel_10th_pre_req_pre"": ""0"", ""sel_10th_pre_req"": ""185"", ""sel_10th_pre_bid"": ""+113400"", ""sel_9th_pre_req_pre"": ""0"", ""sel_9th_pre_req"": ""163"", ""sel_9th_pre_bid"": ""+113300"", ""sel_8th_pre_req_pre"": ""0"", ""sel_8th_pre_req"": ""39"", ""sel_8th_pre_bid"": ""+113200"", ""sel_7th_pre_req_pre"": ""0"", ""sel_7th_pre_req"": ""65"", ""sel_7th_pre_bid"": ""+113100"", ""sel_6th_pre_req_pre"": ""0"", ""sel_6th_pre_req"": ""67"", ""sel_6th_pre_bid"": ""+113000"", ""sel_5th_pre_req_pre"": ""0"", ""sel_5th_pre_req"": ""135"", ""sel_5th_pre_bid"": ""+112900"", ""sel_4th_pre_req_pre"": ""0"", ""sel_4th_pre_req"": ""5"", ""sel_4th_pre_bid"": ""+112800"", ""sel_3th_pre_req_pre"": ""0"", ""sel_3th_pre_req"": ""502"", ""sel_3th_pre_bid"": ""+112700"", ""sel_2th_pre_req_pre"": ""0"", ""sel_2th_pre_req"": ""72"", ""sel_2th_pre_bid"": ""+112500"", ""sel_1th_pre_req_pre"": ""+11"", ""sel_fpr_req"": ""180"", ""sel_fpr_bid"": ""+112400"", ""buy_fpr_bid"": ""+112300"", ""buy_fpr_req"": ""155"", ""buy_1th_pre_req_pre"": ""0"", ""buy_2th_pre_bid"": ""+112200"", ""buy_2th_pre_req"": ""54"", ""buy_2th_pre_req_pre"": ""0"", ""buy_3th_pre_bid"": ""+112100"", ""buy_3th_pre_req"": ""167"", ""buy_3th_pre_req_pre"": ""0"", ""buy_4th_pre_bid"": ""112000"", ""buy_4th_pre_req"": ""173"", ""buy_4th_pre_req_pre"": ""0"", ""buy_5th_pre_bid"": ""-111900"", ""buy_5th_pre_req"": ""73"", ""buy_5th_pre_req_pre"": ""0"", ""buy_6th_pre_bid"": ""-111800"", ""buy_6th_pre_req"": ""20"", ""buy_6th_pre_req_pre"": ""0"", ""buy_7th_pre_bid"": ""-111700"", ""buy_7th_pre_req"": ""203"", ""buy_7th_pre_req_pre"": ""0"", ""buy_8th_pre_bid"": ""-111600"", ""buy_8th_pre_req"": ""32"", ""buy_8th_pre_req_pre"": ""0"", ""buy_9th_pre_bid"": ""-111500"", ""buy_9th_pre_req"": ""2157"", ""buy_9th_pre_req_pre"": ""0"", ""buy_10th_pre_bid"": ""-111400"", ""buy_10th_pre_req"": ""121"", ""buy_10th_pre_req_pre"": ""0"", ""tot_sel_req_jub_pre"": ""+11"", ""tot_sel_req"": ""1413"", ""tot_buy_req"": ""3155"", ""tot_buy_req_jub_pre"": ""0"", ""ovt_sel_req_pre"": ""0"", ""ovt_sel_req"": ""0"", ""ovt_buy_req"": ""0"", ""ovt_buy_req_pre"": ""0"", ""return_code"": 0, ""return_msg"": ""정상적으로 처리되었습니다""}"
2026-06-10,scan_candidate,004170,,0,main_scan,673000,,673000,672000,673000,674000,0.0,0.1485884101040119,,,,,,"{""bid_req_base_tm"": ""104643"", ""sel_10th_pre_req_pre"": ""0"", ""sel_10th_pre_req"": ""7"", ""sel_10th_pre_bid"": ""+682000"", ""sel_9th_pre_req_pre"": ""0"", ""sel_9th_pre_req"": ""114"", ""sel_9th_pre_bid"": ""+681000"", ""sel_8th_pre_req_pre"": ""0"", ""sel_8th_pre_req"": ""158"", ""sel_8th_pre_bid"": ""+680000"", ""sel_7th_pre_req_pre"": ""0"", ""sel_7th_pre_req"": ""36"", ""sel_7th_pre_bid"": ""+679000"", ""sel_6th_pre_req_pre"": ""0"", ""sel_6th_pre_req"": ""60"", ""sel_6th_pre_bid"": ""+678000"", ""sel_5th_pre_req_pre"": ""0"", ""sel_5th_pre_req"": ""14"", ""sel_5th_pre_bid"": ""+677000"", ""sel_4th_pre_req_pre"": ""0"", ""sel_4th_pre_req"": ""17"", ""sel_4th_pre_bid"": ""+676000"", ""sel_3th_pre_req_pre"": ""0"", ""sel_3th_pre_req"": ""72"", ""sel_3th_pre_bid"": ""+675000"", ""sel_2th_pre_req_pre"": ""0"", ""sel_2th_pre_req"": ""53"", ""sel_2th_pre_bid"": ""+674000"", ""sel_1th_pre_req_pre"": ""0"", ""sel_fpr_req"": ""66"", ""sel_fpr_bid"": ""+673000"", ""buy_fpr_bid"": ""+672000"", ""buy_fpr_req"": ""2"", ""buy_1th_pre_req_pre"": ""0"", ""buy_2th_pre_bid"": ""+671000"", ""buy_2th_pre_req"": ""18"", ""buy_2th_pre_req_pre"": ""0"", ""buy_3th_pre_bid"": ""+670000"", ""buy_3th_pre_req"": ""36"", ""buy_3th_pre_req_pre"": ""0"", ""buy_4th_pre_bid"": ""+669000"", ""buy_4th_pre_req"": ""140"", ""buy_4th_pre_req_pre"": ""0"", ""buy_5th_pre_bid"": ""+668000"", ""buy_5th_pre_req"": ""226"", ""buy_5th_pre_req_pre"": ""0"", ""buy_6th_pre_bid"": ""+667000"", ""buy_6th_pre_req"": ""811"", ""buy_6th_pre_req_pre"": ""0"", ""buy_7th_pre_bid"": ""+666000"", ""buy_7th_pre_req"": ""9"", ""buy_7th_pre_req_pre"": ""0"", ""buy_8th_pre_bid"": ""+665000"", ""buy_8th_pre_req"": ""1185"", ""buy_8th_pre_req_pre"": ""0"", ""buy_9th_pre_bid"": ""+664000"", ""buy_9th_pre_req"": ""39"", ""buy_9th_pre_req_pre"": ""0"", ""buy_10th_pre_bid"": ""+663000"", ""buy_10th_pre_req"": ""4"", ""buy_10th_pre_req_pre"": ""0"", ""tot_sel_req_jub_pre"": ""0"", ""tot_sel_req"": ""597"", ""tot_buy_req"": ""2470"", ""tot_buy_req_jub_pre"": ""--45"", ""ovt_sel_req_pre"": ""0"", ""ovt_sel_req"": ""0"", ""ovt_buy_req"": ""0"", ""ovt_buy_req_pre"": ""0"", ""return_code"": 0, ""return_msg"": ""정상적으로 처리되었습니다""}"
2026-06-10,scan_candidate,036570,,0,main_scan,257500,,257500,257000,257500,258500,0.1941747572815534,0.1941747572815534,,,,,,"{""bid_req_base_tm"": ""104648"", ""sel_10th_pre_req_pre"": ""0"", ""sel_10th_pre_req"": ""125"", ""sel_10th_pre_bid"": ""-262000"", ""sel_9th_pre_req_pre"": ""0"", ""sel_9th_pre_req"": ""32"", ""sel_9th_pre_bid"": ""-261500"", ""sel_8th_pre_req_pre"": ""0"", ""sel_8th_pre_req"": ""8"", ""sel_8th_pre_bid"": ""-261000"", ""sel_7th_pre_req_pre"": ""0"", ""sel_7th_pre_req"": ""16"", ""sel_7th_pre_bid"": ""-260500"", ""sel_6th_pre_req_pre"": ""0"", ""sel_6th_pre_req"": ""92"", ""sel_6th_pre_bid"": ""-260000"", ""sel_5th_pre_req_pre"": ""0"", ""sel_5th_pre_req"": ""25"", ""sel_5th_pre_bid"": ""-259500"", ""sel_4th_pre_req_pre"": ""0"", ""sel_4th_pre_req"": ""15"", ""sel_4th_pre_bid"": ""-259000"", ""sel_3th_pre_req_pre"": ""0"", ""sel_3th_pre_req"": ""105"", ""sel_3th_pre_bid"": ""-258500"", ""sel_2th_pre_req_pre"": ""0"", ""sel_2th_pre_req"": ""165"", ""sel_2th_pre_bid"": ""-258000"", ""sel_1th_pre_req_pre"": ""0"", ""sel_fpr_req"": ""38"", ""sel_fpr_bid"": ""-257500"", ""buy_fpr_bid"": ""-257000"", ""buy_fpr_req"": ""141"", ""buy_1th_pre_req_pre"": ""+1"", ""buy_2th_pre_bid"": ""-256500"", ""buy_2th_pre_req"": ""105"", ""buy_2th_pre_req_pre"": ""0"", ""buy_3th_pre_bid"": ""-256000"", ""buy_3th_pre_req"": ""113"", ""buy_3th_pre_req_pre"": ""0"", ""buy_4th_pre_bid"": ""-255500"", ""buy_4th_pre_req"": ""209"", ""buy_4th_pre_req_pre"": ""0"", ""buy_5th_pre_bid"": ""-255000"", ""buy_5th_pre_req"": ""346"", ""buy_5th_pre_req_pre"": ""0"", ""buy_6th_pre_bid"": ""-254500"", ""buy_6th_pre_req"": ""348"", ""buy_6th_pre_req_pre"": ""0"", ""buy_7th_pre_bid"": ""-254000"", ""buy_7th_pre_req"": ""348"", ""buy_7th_pre_req_pre"": ""0"", ""buy_8th_pre_bid"": ""-253500"", ""buy_8th_pre_req"": ""463"", ""buy_8th_pre_req_pre"": ""0"", ""buy_9th_pre_bid"": ""-253000"", ""buy_9th_pre_req"": ""731"", ""buy_9th_pre_req_pre"": ""0"", ""buy_10th_pre_bid"": ""-252500"", ""buy_10th_pre_req"": ""190"", ""buy_10th_pre_req_pre"": ""0"", ""tot_sel_req_jub_pre"": ""0"", ""tot_sel_req"": ""621"", ""tot_buy_req"": ""2994"", ""tot_buy_req_jub_pre"": ""+1"", ""ovt_sel_req_pre"": ""0"", ""ovt_sel_req"": ""0"", ""ovt_buy_req"": ""0"", ""ovt_buy_req_pre"": ""0"", ""return_code"": 0, ""return_msg"": ""정상적으로 처리되었습니다""}"
2026-06-10,scan_candidate,271560,,0,main_scan,132200,,132200,132100,132200,132000,-0.529500756429652,0.07564296520423601,,,,,,"{""bid_req_base_tm"": ""104646"", ""sel_10th_pre_req_pre"": ""0"", ""sel_10th_pre_req"": ""3"", ""sel_10th_pre_bid"": ""+133300"", ""sel_9th_pre_req_pre"": ""0"", ""sel_9th_pre_req"": ""3"", ""sel_9th_pre_bid"": ""+133200"", ""sel_8th_pre_req_pre"": ""0"", ""sel_8th_pre_req"": ""10"", ""sel_8th_pre_bid"": ""+133000"", ""sel_7th_pre_req_pre"": ""0"", ""sel_7th_pre_req"": ""25"", ""sel_7th_pre_bid"": ""132900"", ""sel_6th_pre_req_pre"": ""0"", ""sel_6th_pre_req"": ""2"", ""sel_6th_pre_bid"": ""-132800"", ""sel_5th_pre_req_pre"": ""0"", ""sel_5th_pre_req"": ""2"", ""sel_5th_pre_bid"": ""-132700"", ""sel_4th_pre_req_pre"": ""0"", ""sel_4th_pre_req"": ""13"", ""sel_4th_pre_bid"": ""-132500"", ""sel_3th_pre_req_pre"": ""0"", ""sel_3th_pre_req"": ""44"", ""sel_3th_pre_bid"": ""-132400"", ""sel_2th_pre_req_pre"": ""0"", ""sel_2th_pre_req"": ""114"", ""sel_2th_pre_bid"": ""-132300"", ""sel_1th_pre_req_pre"": ""+6"", ""sel_fpr_req"": ""527"", ""sel_fpr_bid"": ""-132200"", ""buy_fpr_bid"": ""-132100"", ""buy_fpr_req"": ""129"", ""buy_1th_pre_req_pre"": ""0"", ""buy_2th_pre_bid"": ""-132000"", ""buy_2th_pre_req"": ""67"", ""buy_2th_pre_req_pre"": ""0"", ""buy_3th_pre_bid"": ""-131900"", ""buy_3th_pre_req"": ""45"", ""buy_3th_pre_req_pre"": ""0"", ""buy_4th_pre_bid"": ""-131800"", ""buy_4th_pre_req"": ""2"", ""buy_4th_pre_req_pre"": ""0"", ""buy_5th_pre_bid"": ""-131700"", ""buy_5th_pre_req"": ""23"", ""buy_5th_pre_req_pre"": ""0"", ""buy_6th_pre_bid"": ""-131600"", ""buy_6th_pre_req"": ""2"", ""buy_6th_pre_req_pre"": ""0"", ""buy_7th_pre_bid"": ""-131500"", ""buy_7th_pre_req"": ""480"", ""buy_7th_pre_req_pre"": ""0"", ""buy_8th_pre_bid"": ""-131300"", ""buy_8th_pre_req"": ""74"", ""buy_8th_pre_req_pre"": ""0"", ""buy_9th_pre_bid"": ""-131200"", ""buy_9th_pre_req"": ""130"", ""buy_9th_pre_req_pre"": ""0"", ""buy_10th_pre_bid"": ""-131100"", ""buy_10th_pre_req"": ""20"", ""buy_10th_pre_req_pre"": ""0"", ""tot_sel_req_jub_pre"": ""+6"", ""tot_sel_req"": ""743"", ""tot_buy_req"": ""972"", ""tot_buy_req_jub_pre"": ""0"", ""ovt_sel_req_pre"": ""0"", ""ovt_sel_req"": ""0"", ""ovt_buy_req"": ""0"", ""ovt_buy_req_pre"": ""0"", ""return_code"": 0, ""return_msg"": ""정상적으로 처리되었습니다""}"
2026-06-10,scan_candidate,023530,,0,main_scan,194900,,194900,194800,194900,194000,-0.7183170856849667,0.0513083632632119,,,,,,"{""bid_req_base_tm"": ""104646"", ""sel_10th_pre_req_pre"": ""0"", ""sel_10th_pre_req"": ""34"", ""sel_10th_pre_bid"": ""+195800"", ""sel_9th_pre_req_pre"": ""0"", ""sel_9th_pre_req"": ""375"", ""sel_9th_pre_bid"": ""+195700"", ""sel_8th_pre_req_pre"": ""0"", ""sel_8th_pre_req"": ""12"", ""sel_8th_pre_bid"": ""+195600"", ""sel_7th_pre_req_pre"": ""0"", ""sel_7th_pre_req"": ""400"", ""sel_7th_pre_bid"": ""+195500"", ""sel_6th_pre_req_pre"": ""0"", ""sel_6th_pre_req"": ""121"", ""sel_6th_pre_bid"": ""+195400"", ""sel_5th_pre_req_pre"": ""0"", ""sel_5th_pre_req"": ""17"", ""sel_5th_pre_bid"": ""+195300"", ""sel_4th_pre_req_pre"": ""0"", ""sel_4th_pre_req"": ""30"", ""sel_4th_pre_bid"": ""+195200"", ""sel_3th_pre_req_pre"": ""0"", ""sel_3th_pre_req"": ""47"", ""sel_3th_pre_bid"": ""+195100"", ""sel_2th_pre_req_pre"": ""0"", ""sel_2th_pre_req"": ""5375"", ""sel_2th_pre_bid"": ""+195000"", ""sel_1th_pre_req_pre"": ""--1"", ""sel_fpr_req"": ""113"", ""sel_fpr_bid"": ""+194900"", ""buy_fpr_bid"": ""+194800"", ""buy_fpr_req"": ""356"", ""buy_1th_pre_req_pre"": ""0"", ""buy_2th_pre_bid"": ""+194700"", ""buy_2th_pre_req"": ""84"", ""buy_2th_pre_req_pre"": ""0"", ""buy_3th_pre_bid"": ""+194600"", ""buy_3th_pre_req"": ""10"", ""buy_3th_pre_req_pre"": ""0"", ""buy_4th_pre_bid"": ""+194500"", ""buy_4th_pre_req"": ""6"", ""buy_4th_pre_req_pre"": ""0"", ""buy_5th_pre_bid"": ""+194400"", ""buy_5th_pre_req"": ""1"", ""buy_5th_pre_req_pre"": ""0"", ""buy_6th_pre_bid"": ""+194200"", ""buy_6th_pre_req"": ""1"", ""buy_6th_pre_req_pre"": ""0"", ""buy_7th_pre_bid"": ""+194100"", ""buy_7th_pre_req"": ""21"", ""buy_7th_pre_req_pre"": ""0"", ""buy_8th_pre_bid"": ""+194000"", ""buy_8th_pre_req"": ""3"", ""buy_8th_pre_req_pre"": ""0"", ""buy_9th_pre_bid"": ""+193900"", ""buy_9th_pre_req"": ""9"", ""buy_9th_pre_req_pre"": ""0"", ""buy_10th_pre_bid"": ""+193600"", ""buy_10th_pre_req"": ""1"", ""buy_10th_pre_req_pre"": ""0"", ""tot_sel_req_jub_pre"": ""--1"", ""tot_sel_req"": ""6524"", ""tot_buy_req"": ""492"", ""tot_buy_req_jub_pre"": ""0"", ""ovt_sel_req_pre"": ""0"", ""ovt_sel_req"": ""0"", ""ovt_buy_req"": ""0"", ""ovt_buy_req_pre"": ""0"", ""return_code"": 0, ""return_msg"": ""정상적으로 처리되었습니다""}"
2026-06-10,scan_candidate,175330,,0,main_scan,25500,,25500,25450,25500,25350,-0.7843137254901961,0.19607843137254902,,,,,,"{""bid_req_base_tm"": ""104646"", ""sel_10th_pre_req_pre"": ""0"", ""sel_10th_pre_req"": ""142"", ""sel_10th_pre_bid"": ""+25950"", ""sel_9th_pre_req_pre"": ""0"", ""sel_9th_pre_req"": ""532"", ""sel_9th_pre_bid"": ""25900"", ""sel_8th_pre_req_pre"": ""0"", ""sel_8th_pre_req"": ""454"", ""sel_8th_pre_bid"": ""-25850"", ""sel_7th_pre_req_pre"": ""0"", ""sel_7th_pre_req"": ""258"", ""sel_7th_pre_bid"": ""-25800"", ""sel_6th_pre_req_pre"": ""0"", ""sel_6th_pre_req"": ""208"", ""sel_6th_pre_bid"": ""-25750"", ""sel_5th_pre_req_pre"": ""0"", ""sel_5th_pre_req"": ""126"", ""sel_5th_pre_bid"": ""-25700"", ""sel_4th_pre_req_pre"": ""0"", ""sel_4th_pre_req"": ""335"", ""sel_4th_pre_bid"": ""-25650"", ""sel_3th_pre_req_pre"": ""0"", ""sel_3th_pre_req"": ""828"", ""sel_3th_pre_bid"": ""-25600"", ""sel_2th_pre_req_pre"": ""0"", ""sel_2th_pre_req"": ""1234"", ""sel_2th_pre_bid"": ""-25550"", ""sel_1th_pre_req_pre"": ""0"", ""sel_fpr_req"": ""3528"", ""sel_fpr_bid"": ""-25500"", ""buy_fpr_bid"": ""-25450"", ""buy_fpr_req"": ""576"", ""buy_1th_pre_req_pre"": ""0"", ""buy_2th_pre_bid"": ""-25400"", ""buy_2th_pre_req"": ""1288"", ""buy_2th_pre_req_pre"": ""0"", ""buy_3th_pre_bid"": ""-25350"", ""buy_3th_pre_req"": ""514"", ""buy_3th_pre_req_pre"": ""0"", ""buy_4th_pre_bid"": ""-25300"", ""buy_4th_pre_req"": ""555"", ""buy_4th_pre_req_pre"": ""0"", ""buy_5th_pre_bid"": ""-25250"", ""buy_5th_pre_req"": ""473"", ""buy_5th_pre_req_pre"": ""0"", ""buy_6th_pre_bid"": ""-25200"", ""buy_6th_pre_req"": ""214"", ""buy_6th_pre_req_pre"": ""+40"", ""buy_7th_pre_bid"": ""-25150"", ""buy_7th_pre_req"": ""768"", ""buy_7th_pre_req_pre"": ""0"", ""buy_8th_pre_bid"": ""-25100"", ""buy_8th_pre_req"": ""475"", ""buy_8th_pre_req_pre"": ""0"", ""buy_9th_pre_bid"": ""-25050"", ""buy_9th_pre_req"": ""378"", ""buy_9th_pre_req_pre"": ""0"", ""buy_10th_pre_bid"": ""-25000"", ""buy_10th_pre_req"": ""709"", ""buy_10th_pre_req_pre"": ""0"", ""tot_sel_req_jub_pre"": ""0"", ""tot_sel_req"": ""7645"", ""tot_buy_req"": ""5950"", ""tot_buy_req_jub_pre"": ""+40"", ""ovt_sel_req_pre"": ""0"", ""ovt_sel_req"": ""0"", ""ovt_buy_req"": ""0"", ""ovt_buy_req_pre"": ""0"", ""return_code"": 0, ""return_msg"": ""정상적으로 처리되었습니다""}"
2026-06-10,scan_candidate,088350,,0,main_scan,4855,,4855,4845,4855,4870,0.20597322348094746,0.20597322348094746,,,,,,"{""bid_req_base_tm"": ""104648"", ""sel_10th_pre_req_pre"": ""0"", ""sel_10th_pre_req"": ""773"", ""sel_10th_pre_bid"": ""-4900"", ""sel_9th_pre_req_pre"": ""0"", ""sel_9th_pre_req"": ""11"", ""sel_9th_pre_bid"": ""-4895"", ""sel_8th_pre_req_pre"": ""0"", ""sel_8th_pre_req"": ""200"", ""sel_8th_pre_bid"": ""-4890"", ""sel_7th_pre_req_pre"": ""0"", ""sel_7th_pre_req"": ""1261"", ""sel_7th_pre_bid"": ""-4885"", ""sel_6th_pre_req_pre"": ""0"", ""sel_6th_pre_req"": ""214"", ""sel_6th_pre_bid"": ""-4880"", ""sel_5th_pre_req_pre"": ""0"", ""sel_5th_pre_req"": ""743"", ""sel_5th_pre_bid"": ""-4875"", ""sel_4th_pre_req_pre"": ""0"", ""sel_4th_pre_req"": ""2"", ""sel_4th_pre_bid"": ""-4870"", ""sel_3th_pre_req_pre"": ""0"", ""sel_3th_pre_req"": ""31"", ""sel_3th_pre_bid"": ""-4865"", ""sel_2th_pre_req_pre"": ""0"", ""sel_2th_pre_req"": ""427"", ""sel_2th_pre_bid"": ""-4860"", ""sel_1th_pre_req_pre"": ""0"", ""sel_fpr_req"": ""2231"", ""sel_fpr_bid"": ""-4855"", ""buy_fpr_bid"": ""-4845"", ""buy_fpr_req"": ""2632"", ""buy_1th_pre_req_pre"": ""0"", ""buy_2th_pre_bid"": ""-4840"", ""buy_2th_pre_req"": ""7754"", ""buy_2th_pre_req_pre"": ""0"", ""buy_3th_pre_bid"": ""-4835"", ""buy_3th_pre_req"": ""2708"", ""buy_3th_pre_req_pre"": ""0"", ""buy_4th_pre_bid"": ""-4830"", ""buy_4th_pre_req"": ""3980"", ""buy_4th_pre_req_pre"": ""0"", ""buy_5th_pre_bid"": ""-4825"", ""buy_5th_pre_req"": ""4531"", ""buy_5th_pre_req_pre"": ""0"", ""buy_6th_pre_bid"": ""-4820"", ""buy_6th_pre_req"": ""12156"", ""buy_6th_pre_req_pre"": ""0"", ""buy_7th_pre_bid"": ""-4815"", ""buy_7th_pre_req"": ""2994"", ""buy_7th_pre_req_pre"": ""0"", ""buy_8th_pre_bid"": ""-4810"", ""buy_8th_pre_req"": ""5358"", ""buy_8th_pre_req_pre"": ""0"", ""buy_9th_pre_bid"": ""-4805"", ""buy_9th_pre_req"": ""3529"", ""buy_9th_pre_req_pre"": ""0"", ""buy_10th_pre_bid"": ""-4800"", ""buy_10th_pre_req"": ""9923"", ""buy_10th_pre_req_pre"": ""0"", ""tot_sel_req_jub_pre"": ""0"", ""tot_sel_req"": ""5893"", ""tot_buy_req"": ""55565"", ""tot_buy_req_jub_pre"": ""0"", ""ovt_sel_req_pre"": ""0"", ""ovt_sel_req"": ""0"", ""ovt_buy_req"": ""0"", ""ovt_buy_req_pre"": ""0"", ""return_code"": 0, ""return_msg"": ""정상적으로 처리되었습니다""}"
2026-06-10,scan_candidate,069960,,0,main_scan,170400,,170400,170200,170400,170500,-0.2347417840375587,0.11737089201877934,,,,,,"{""bid_req_base_tm"": ""104649"", ""sel_10th_pre_req_pre"": ""0"", ""sel_10th_pre_req"": ""6"", ""sel_10th_pre_bid"": ""+172300"", ""sel_9th_pre_req_pre"": ""0"", ""sel_9th_pre_req"": ""10"", ""sel_9th_pre_bid"": ""+172000"", ""sel_8th_pre_req_pre"": ""0"", ""sel_8th_pre_req"": ""42"", ""sel_8th_pre_bid"": ""+171900"", ""sel_7th_pre_req_pre"": ""0"", ""sel_7th_pre_req"": ""6"", ""sel_7th_pre_bid"": ""+171800"", ""sel_6th_pre_req_pre"": ""0"", ""sel_6th_pre_req"": ""2"", ""sel_6th_pre_bid"": ""+171500"", ""sel_5th_pre_req_pre"": ""0"", ""sel_5th_pre_req"": ""1"", ""sel_5th_pre_bid"": ""+171400"", ""sel_4th_pre_req_pre"": ""0"", ""sel_4th_pre_req"": ""17"", ""sel_4th_pre_bid"": ""+171000"", ""sel_3th_pre_req_pre"": ""0"", ""sel_3th_pre_req"": ""93"", ""sel_3th_pre_bid"": ""+170900"", ""sel_2th_pre_req_pre"": ""0"", ""sel_2th_pre_req"": ""25"", ""sel_2th_pre_bid"": ""+170500"", ""sel_1th_pre_req_pre"": ""0"", ""sel_fpr_req"": ""108"", ""sel_fpr_bid"": ""+170400"", ""buy_fpr_bid"": ""+170200"", ""buy_fpr_req"": ""53"", ""buy_1th_pre_req_pre"": ""0"", ""buy_2th_pre_bid"": ""+170100"", ""buy_2th_pre_req"": ""17"", ""buy_2th_pre_req_pre"": ""0"", ""buy_3th_pre_bid"": ""+170000"", ""buy_3th_pre_req"": ""84"", ""buy_3th_pre_req_pre"": ""0"", ""buy_4th_pre_bid"": ""+169900"", ""buy_4th_pre_req"": ""1"", ""buy_4th_pre_req_pre"": ""0"", ""buy_5th_pre_bid"": ""+169800"", ""buy_5th_pre_req"": ""13"", ""buy_5th_pre_req_pre"": ""0"", ""buy_6th_pre_bid"": ""+169700"", ""buy_6th_pre_req"": ""42"", ""buy_6th_pre_req_pre"": ""0"", ""buy_7th_pre_bid"": ""+169600"", ""buy_7th_pre_req"": ""64"", ""buy_7th_pre_req_pre"": ""0"", ""buy_8th_pre_bid"": ""+169500"", ""buy_8th_pre_req"": ""53"", ""buy_8th_pre_req_pre"": ""0"", ""buy_9th_pre_bid"": ""+169400"", ""buy_9th_pre_req"": ""5"", ""buy_9th_pre_req_pre"": ""0"", ""buy_10th_pre_bid"": ""+169300"", ""buy_10th_pre_req"": ""4"", ""buy_10th_pre_req_pre"": ""0"", ""tot_sel_req_jub_pre"": ""0"", ""tot_sel_req"": ""310"", ""tot_buy_req"": ""336"", ""tot_buy_req_jub_pre"": ""0"", ""ovt_sel_req_pre"": ""0"", ""ovt_sel_req"": ""0"", ""ovt_buy_req"": ""0"", ""ovt_buy_req_pre"": ""0"", ""return_code"": 0, ""return_msg"": ""정상적으로 처리되었습니다""}"
2026-06-10,scan_candidate,111770,,0,main_scan,78500,,78500,78400,78500,78500,-0.12738853503184713,0.12738853503184713,,,,,,"{""bid_req_base_tm"": ""104649"", ""sel_10th_pre_req_pre"": ""0"", ""sel_10th_pre_req"": ""13"", ""sel_10th_pre_bid"": ""+79800"", ""sel_9th_pre_req_pre"": ""0"", ""sel_9th_pre_req"": ""11"", ""sel_9th_pre_bid"": ""+79700"", ""sel_8th_pre_req_pre"": ""0"", ""sel_8th_pre_req"": ""2"", ""sel_8th_pre_bid"": ""+79600"", ""sel_7th_pre_req_pre"": ""0"", ""sel_7th_pre_req"": ""9"", ""sel_7th_pre_bid"": ""+79500"", ""sel_6th_pre_req_pre"": ""0"", ""sel_6th_pre_req"": ""10"", ""sel_6th_pre_bid"": ""+79400"", ""sel_5th_pre_req_pre"": ""0"", ""sel_5th_pre_req"": ""1"", ""sel_5th_pre_bid"": ""+79300"", ""sel_4th_pre_req_pre"": ""0"", ""sel_4th_pre_req"": ""11"", ""sel_4th_pre_bid"": ""+79000"", ""sel_3th_pre_req_pre"": ""0"", ""sel_3th_pre_req"": ""16"", ""sel_3th_pre_bid"": ""+78900"", ""sel_2th_pre_req_pre"": ""0"", ""sel_2th_pre_req"": ""64"", ""sel_2th_pre_bid"": ""+78600"", ""sel_1th_pre_req_pre"": ""0"", ""sel_fpr_req"": ""271"", ""sel_fpr_bid"": ""+78500"", ""buy_fpr_bid"": ""+78400"", ""buy_fpr_req"": ""178"", ""buy_1th_pre_req_pre"": ""--2"", ""buy_2th_pre_bid"": ""+78300"", ""buy_2th_pre_req"": ""72"", ""buy_2th_pre_req_pre"": ""0"", ""buy_3th_pre_bid"": ""+78100"", ""buy_3th_pre_req"": ""8"", ""buy_3th_pre_req_pre"": ""0"", ""buy_4th_pre_bid"": ""78000"", ""buy_4th_pre_req"": ""68"", ""buy_4th_pre_req_pre"": ""0"", ""buy_5th_pre_bid"": ""-77900"", ""buy_5th_pre_req"": ""47"", ""buy_5th_pre_req_pre"": ""0"", ""buy_6th_pre_bid"": ""-77800"", ""buy_6th_pre_req"": ""7"", ""buy_6th_pre_req_pre"": ""0"", ""buy_7th_pre_bid"": ""-77700"", ""buy_7th_pre_req"": ""19"", ""buy_7th_pre_req_pre"": ""0"", ""buy_8th_pre_bid"": ""-77500"", ""buy_8th_pre_req"": ""1"", ""buy_8th_pre_req_pre"": ""0"", ""buy_9th_pre_bid"": ""-77400"", ""buy_9th_pre_req"": ""7"", ""buy_9th_pre_req_pre"": ""0"", ""buy_10th_pre_bid"": ""-77300"", ""buy_10th_pre_req"": ""1"", ""buy_10th_pre_req_pre"": ""0"", ""tot_sel_req_jub_pre"": ""0"", ""tot_sel_req"": ""408"", ""tot_buy_req"": ""408"", ""tot_buy_req_jub_pre"": ""--2"", ""ovt_sel_req_pre"": ""0"", ""ovt_sel_req"": ""0"", ""ovt_buy_req"": ""0"", ""ovt_buy_req_pre"": ""0"", ""return_code"": 0, ""return_msg"": ""정상적으로 처리되었습니다""}"
2026-06-10,scan_candidate,489790,,0,main_scan,69500,,69500,69400,69500,69000,-0.8633093525179856,0.14388489208633093,,,,,,"{""bid_req_base_tm"": ""104649"", ""sel_10th_pre_req_pre"": ""0"", ""sel_10th_pre_req"": ""293"", ""sel_10th_pre_bid"": ""+70400"", ""sel_9th_pre_req_pre"": ""0"", ""sel_9th_pre_req"": ""216"", ""sel_9th_pre_bid"": ""+70300"", ""sel_8th_pre_req_pre"": ""0"", ""sel_8th_pre_req"": ""261"", ""sel_8th_pre_bid"": ""+70200"", ""sel_7th_pre_req_pre"": ""0"", ""sel_7th_pre_req"": ""211"", ""sel_7th_pre_bid"": ""+70100"", ""sel_6th_pre_req_pre"": ""0"", ""sel_6th_pre_req"": ""351"", ""sel_6th_pre_bid"": ""+70000"", ""sel_5th_pre_req_pre"": ""0"", ""sel_5th_pre_req"": ""6"", ""sel_5th_pre_bid"": ""+69900"", ""sel_4th_pre_req_pre"": ""0"", ""sel_4th_pre_req"": ""3"", ""sel_4th_pre_bid"": ""+69800"", ""sel_3th_pre_req_pre"": ""0"", ""sel_3th_pre_req"": ""60"", ""sel_3th_pre_bid"": ""+69700"", ""sel_2th_pre_req_pre"": ""0"", ""sel_2th_pre_req"": ""10021"", ""sel_2th_pre_bid"": ""+69600"", ""sel_1th_pre_req_pre"": ""+1"", ""sel_fpr_req"": ""98"", ""sel_fpr_bid"": ""+69500"", ""buy_fpr_bid"": ""+69400"", ""buy_fpr_req"": ""156"", ""buy_1th_pre_req_pre"": ""0"", ""buy_2th_pre_bid"": ""+69300"", ""buy_2th_pre_req"": ""5"", ""buy_2th_pre_req_pre"": ""0"", ""buy_3th_pre_bid"": ""+69200"", ""buy_3th_pre_req"": ""47"", ""buy_3th_pre_req_pre"": ""0"", ""buy_4th_pre_bid"": ""+69100"", ""buy_4th_pre_req"": ""310"", ""buy_4th_pre_req_pre"": ""0"", ""buy_5th_pre_bid"": ""+69000"", ""buy_5th_pre_req"": ""650"", ""buy_5th_pre_req_pre"": ""0"", ""buy_6th_pre_bid"": ""+68900"", ""buy_6th_pre_req"": ""145"", ""buy_6th_pre_req_pre"": ""0"", ""buy_7th_pre_bid"": ""+68800"", ""buy_7th_pre_req"": ""26"", ""buy_7th_pre_req_pre"": ""0"", ""buy_8th_pre_bid"": ""+68700"", ""buy_8th_pre_req"": ""121"", ""buy_8th_pre_req_pre"": ""0"", ""buy_9th_pre_bid"": ""+68600"", ""buy_9th_pre_req"": ""217"", ""buy_9th_pre_req_pre"": ""0"", ""buy_10th_pre_bid"": ""+68500"", ""buy_10th_pre_req"": ""833"", ""buy_10th_pre_req_pre"": ""0"", ""tot_sel_req_jub_pre"": ""+1"", ""tot_sel_req"": ""11520"", ""tot_buy_req"": ""2510"", ""tot_buy_req_jub_pre"": ""0"", ""ovt_sel_req_pre"": ""0"", ""ovt_sel_req"": ""0"", ""ovt_buy_req"": ""0"", ""ovt_buy_req_pre"": ""0"", ""return_code"": 0, ""return_msg"": ""정상적으로 처리되었습니다""}"
2026-06-10,scan_candidate,085620,,0,main_scan,22250,,22250,22200,22250,22350,0.22471910112359553,0.22471910112359553,,,,,,"{""bid_req_base_tm"": ""104650"", ""sel_10th_pre_req_pre"": ""0"", ""sel_10th_pre_req"": ""463"", ""sel_10th_pre_bid"": ""-22700"", ""sel_9th_pre_req_pre"": ""0"", ""sel_9th_pre_req"": ""287"", ""sel_9th_pre_bid"": ""-22650"", ""sel_8th_pre_req_pre"": ""0"", ""sel_8th_pre_req"": ""969"", ""sel_8th_pre_bid"": ""-22600"", ""sel_7th_pre_req_pre"": ""0"", ""sel_7th_pre_req"": ""810"", ""sel_7th_pre_bid"": ""-22550"", ""sel_6th_pre_req_pre"": ""0"", ""sel_6th_pre_req"": ""858"", ""sel_6th_pre_bid"": ""-22500"", ""sel_5th_pre_req_pre"": ""0"", ""sel_5th_pre_req"": ""311"", ""sel_5th_pre_bid"": ""-22450"", ""sel_4th_pre_req_pre"": ""0"", ""sel_4th_pre_req"": ""601"", ""sel_4th_pre_bid"": ""-22400"", ""sel_3th_pre_req_pre"": ""0"", ""sel_3th_pre_req"": ""295"", ""sel_3th_pre_bid"": ""-22350"", ""sel_2th_pre_req_pre"": ""0"", ""sel_2th_pre_req"": ""1242"", ""sel_2th_pre_bid"": ""-22300"", ""sel_1th_pre_req_pre"": ""0"", ""sel_fpr_req"": ""15"", ""sel_fpr_bid"": ""-22250"", ""buy_fpr_bid"": ""-22200"", ""buy_fpr_req"": ""838"", ""buy_1th_pre_req_pre"": ""0"", ""buy_2th_pre_bid"": ""-22150"", ""buy_2th_pre_req"": ""1202"", ""buy_2th_pre_req_pre"": ""+35"", ""buy_3th_pre_bid"": ""-22100"", ""buy_3th_pre_req"": ""1362"", ""buy_3th_pre_req_pre"": ""0"", ""buy_4th_pre_bid"": ""-22050"", ""buy_4th_pre_req"": ""2687"", ""buy_4th_pre_req_pre"": ""0"", ""buy_5th_pre_bid"": ""-22000"", ""buy_5th_pre_req"": ""1816"", ""buy_5th_pre_req_pre"": ""0"", ""buy_6th_pre_bid"": ""-21950"", ""buy_6th_pre_req"": ""2334"", ""buy_6th_pre_req_pre"": ""0"", ""buy_7th_pre_bid"": ""-21900"", ""buy_7th_pre_req"": ""2736"", ""buy_7th_pre_req_pre"": ""0"", ""buy_8th_pre_bid"": ""-21850"", ""buy_8th_pre_req"": ""1704"", ""buy_8th_pre_req_pre"": ""0"", ""buy_9th_pre_bid"": ""-21800"", ""buy_9th_pre_req"": ""1038"", ""buy_9th_pre_req_pre"": ""0"", ""buy_10th_pre_bid"": ""-21750"", ""buy_10th_pre_req"": ""2664"", ""buy_10th_pre_req_pre"": ""0"", ""tot_sel_req_jub_pre"": ""0"", ""tot_sel_req"": ""5851"", ""tot_buy_req"": ""18381"", ""tot_buy_req_jub_pre"": ""+35"", ""ovt_sel_req_pre"": ""0"", ""ovt_sel_req"": ""0"", ""ovt_buy_req"": ""0"", ""ovt_buy_req_pre"": ""0"", ""return_code"": 0, ""return_msg"": ""정상적으로 처리되었습니다""}"
2026-06-10,scan_candidate,001450,,0,main_scan,37550,,37550,37500,37550,37500,-0.2663115845539281,0.13315579227696406,,,,,,"{""bid_req_base_tm"": ""104648"", ""sel_10th_pre_req_pre"": ""0"", ""sel_10th_pre_req"": ""533"", ""sel_10th_pre_bid"": ""+38100"", ""sel_9th_pre_req_pre"": ""0"", ""sel_9th_pre_req"": ""193"", ""sel_9th_pre_bid"": ""+38050"", ""sel_8th_pre_req_pre"": ""0"", ""sel_8th_pre_req"": ""506"", ""sel_8th_pre_bid"": ""+38000"", ""sel_7th_pre_req_pre"": ""0"", ""sel_7th_pre_req"": ""136"", ""sel_7th_pre_bid"": ""+37950"", ""sel_6th_pre_req_pre"": ""0"", ""sel_6th_pre_req"": ""11"", ""sel_6th_pre_bid"": ""+37850"", ""sel_5th_pre_req_pre"": ""0"", ""sel_5th_pre_req"": ""11"", ""sel_5th_pre_bid"": ""+37800"", ""sel_4th_pre_req_pre"": ""0"", ""sel_4th_pre_req"": ""144"", ""sel_4th_pre_bid"": ""+37700"", ""sel_3th_pre_req_pre"": ""0"", ""sel_3th_pre_req"": ""73"", ""sel_3th_pre_bid"": ""+37650"", ""sel_2th_pre_req_pre"": ""0"", ""sel_2th_pre_req"": ""48"", ""sel_2th_pre_bid"": ""+37600"", ""sel_1th_pre_req_pre"": ""+29"", ""sel_fpr_req"": ""2360"", ""sel_fpr_bid"": ""+37550"", ""buy_fpr_bid"": ""+37500"", ""buy_fpr_req"": ""378"", ""buy_1th_pre_req_pre"": ""0"", ""buy_2th_pre_bid"": ""+37450"", ""buy_2th_pre_req"": ""740"", ""buy_2th_pre_req_pre"": ""0"", ""buy_3th_pre_bid"": ""+37400"", ""buy_3th_pre_req"": ""248"", ""buy_3th_pre_req_pre"": ""0"", ""buy_4th_pre_bid"": ""+37350"", ""buy_4th_pre_req"": ""94"", ""buy_4th_pre_req_pre"": ""0"", ""buy_5th_pre_bid"": ""+37300"", ""buy_5th_pre_req"": ""168"", ""buy_5th_pre_req_pre"": ""0"", ""buy_6th_pre_bid"": ""+37250"", ""buy_6th_pre_req"": ""72"", ""buy_6th_pre_req_pre"": ""0"", ""buy_7th_pre_bid"": ""+37200"", ""buy_7th_pre_req"": ""488"", ""buy_7th_pre_req_pre"": ""0"", ""buy_8th_pre_bid"": ""+37150"", ""buy_8th_pre_req"": ""168"", ""buy_8th_pre_req_pre"": ""0"", ""buy_9th_pre_bid"": ""+37100"", ""buy_9th_pre_req"": ""620"", ""buy_9th_pre_req_pre"": ""0"", ""buy_10th_pre_bid"": ""+37050"", ""buy_10th_pre_req"": ""13"", ""buy_10th_pre_req_pre"": ""0"", ""tot_sel_req_jub_pre"": ""+29"", ""tot_sel_req"": ""4015"", ""tot_buy_req"": ""2989"", ""tot_buy_req_jub_pre"": ""0"", ""ovt_sel_req_pre"": ""0"", ""ovt_sel_req"": ""0"", ""ovt_buy_req"": ""0"", ""ovt_buy_req_pre"": ""0"", ""return_code"": 0, ""return_msg"": ""정상적으로 처리되었습니다""}"
2026-06-10,scan_candidate,036460,,0,main_scan,34500,,34500,34400,34500,34450,-0.2898550724637681,0.2898550724637681,,,,,,"{""bid_req_base_tm"": ""104645"", ""sel_10th_pre_req_pre"": ""0"", ""sel_10th_pre_req"": ""307"", ""sel_10th_pre_bid"": ""+34950"", ""sel_9th_pre_req_pre"": ""0"", ""sel_9th_pre_req"": ""639"", ""sel_9th_pre_bid"": ""+34900"", ""sel_8th_pre_req_pre"": ""0"", ""sel_8th_pre_req"": ""532"", ""sel_8th_pre_bid"": ""+34850"", ""sel_7th_pre_req_pre"": ""0"", ""sel_7th_pre_req"": ""210"", ""sel_7th_pre_bid"": ""+34800"", ""sel_6th_pre_req_pre"": ""0"", ""sel_6th_pre_req"": ""577"", ""sel_6th_pre_bid"": ""+34750"", ""sel_5th_pre_req_pre"": ""0"", ""sel_5th_pre_req"": ""512"", ""sel_5th_pre_bid"": ""+34700"", ""sel_4th_pre_req_pre"": ""0"", ""sel_4th_pre_req"": ""281"", ""sel_4th_pre_bid"": ""+34650"", ""sel_3th_pre_req_pre"": ""0"", ""sel_3th_pre_req"": ""937"", ""sel_3th_pre_bid"": ""+34600"", ""sel_2th_pre_req_pre"": ""0"", ""sel_2th_pre_req"": ""1523"", ""sel_2th_pre_bid"": ""+34550"", ""sel_1th_pre_req_pre"": ""0"", ""sel_fpr_req"": ""249"", ""sel_fpr_bid"": ""+34500"", ""buy_fpr_bid"": ""+34400"", ""buy_fpr_req"": ""244"", ""buy_1th_pre_req_pre"": ""0"", ""buy_2th_pre_bid"": ""+34350"", ""buy_2th_pre_req"": ""100"", ""buy_2th_pre_req_pre"": ""0"", ""buy_3th_pre_bid"": ""+34300"", ""buy_3th_pre_req"": ""155"", ""buy_3th_pre_req_pre"": ""+114"", ""buy_4th_pre_bid"": ""+34250"", ""buy_4th_pre_req"": ""722"", ""buy_4th_pre_req_pre"": ""0"", ""buy_5th_pre_bid"": ""+34200"", ""buy_5th_pre_req"": ""673"", ""buy_5th_pre_req_pre"": ""0"", ""buy_6th_pre_bid"": ""+34150"", ""buy_6th_pre_req"": ""681"", ""buy_6th_pre_req_pre"": ""0"", ""buy_7th_pre_bid"": ""+34100"", ""buy_7th_pre_req"": ""731"", ""buy_7th_pre_req_pre"": ""0"", ""buy_8th_pre_bid"": ""+34050"", ""buy_8th_pre_req"": ""1418"", ""buy_8th_pre_req_pre"": ""0"", ""buy_9th_pre_bid"": ""34000"", ""buy_9th_pre_req"": ""3203"", ""buy_9th_pre_req_pre"": ""0"", ""buy_10th_pre_bid"": ""-33950"", ""buy_10th_pre_req"": ""854"", ""buy_10th_pre_req_pre"": ""0"", ""tot_sel_req_jub_pre"": ""0"", ""tot_sel_req"": ""5767"", ""tot_buy_req"": ""8781"", ""tot_buy_req_jub_pre"": ""+114"", ""ovt_sel_req_pre"": ""0"", ""ovt_sel_req"": ""0"", ""ovt_buy_req"": ""0"", ""ovt_buy_req_pre"": ""0"", ""return_code"": 0, ""return_msg"": ""정상적으로 처리되었습니다""}"
2026-06-10,scan_candidate,017800,,0,main_scan,76600,,76600,76500,76600,76600,-0.13054830287206268,0.13054830287206268,,,,,,"{""bid_req_base_tm"": ""104650"", ""sel_10th_pre_req_pre"": ""0"", ""sel_10th_pre_req"": ""7"", ""sel_10th_pre_bid"": ""+77600"", ""sel_9th_pre_req_pre"": ""0"", ""sel_9th_pre_req"": ""52"", ""sel_9th_pre_bid"": ""+77500"", ""sel_8th_pre_req_pre"": ""0"", ""sel_8th_pre_req"": ""37"", ""sel_8th_pre_bid"": ""+77400"", ""sel_7th_pre_req_pre"": ""0"", ""sel_7th_pre_req"": ""11"", ""sel_7th_pre_bid"": ""+77300"", ""sel_6th_pre_req_pre"": ""0"", ""sel_6th_pre_req"": ""10"", ""sel_6th_pre_bid"": ""+77200"", ""sel_5th_pre_req_pre"": ""0"", ""sel_5th_pre_req"": ""13"", ""sel_5th_pre_bid"": ""+77100"", ""sel_4th_pre_req_pre"": ""0"", ""sel_4th_pre_req"": ""184"", ""sel_4th_pre_bid"": ""+77000"", ""sel_3th_pre_req_pre"": ""0"", ""sel_3th_pre_req"": ""422"", ""sel_3th_pre_bid"": ""+76900"", ""sel_2th_pre_req_pre"": ""--14"", ""sel_2th_pre_req"": ""454"", ""sel_2th_pre_bid"": ""+76800"", ""sel_1th_pre_req_pre"": ""0"", ""sel_fpr_req"": ""1"", ""sel_fpr_bid"": ""-76600"", ""buy_fpr_bid"": ""-76500"", ""buy_fpr_req"": ""117"", ""buy_1th_pre_req_pre"": ""0"", ""buy_2th_pre_bid"": ""-76400"", ""buy_2th_pre_req"": ""248"", ""buy_2th_pre_req_pre"": ""0"", ""buy_3th_pre_bid"": ""-76300"", ""buy_3th_pre_req"": ""96"", ""buy_3th_pre_req_pre"": ""0"", ""buy_4th_pre_bid"": ""-76200"", ""buy_4th_pre_req"": ""17"", ""buy_4th_pre_req_pre"": ""0"", ""buy_5th_pre_bid"": ""-76100"", ""buy_5th_pre_req"": ""12"", ""buy_5th_pre_req_pre"": ""0"", ""buy_6th_pre_bid"": ""-76000"", ""buy_6th_pre_req"": ""219"", ""buy_6th_pre_req_pre"": ""0"", ""buy_7th_pre_bid"": ""-75900"", ""buy_7th_pre_req"": ""111"", ""buy_7th_pre_req_pre"": ""0"", ""buy_8th_pre_bid"": ""-75800"", ""buy_8th_pre_req"": ""99"", ""buy_8th_pre_req_pre"": ""0"", ""buy_9th_pre_bid"": ""-75700"", ""buy_9th_pre_req"": ""58"", ""buy_9th_pre_req_pre"": ""0"", ""buy_10th_pre_bid"": ""-75600"", ""buy_10th_pre_req"": ""237"", ""buy_10th_pre_req_pre"": ""0"", ""tot_sel_req_jub_pre"": ""--14"", ""tot_sel_req"": ""1191"", ""tot_buy_req"": ""1214"", ""tot_buy_req_jub_pre"": ""0"", ""ovt_sel_req_pre"": ""0"", ""ovt_sel_req"": ""0"", ""ovt_buy_req"": ""0"", ""ovt_buy_req_pre"": ""0"", ""return_code"": 0, ""return_msg"": ""정상적으로 처리되었습니다""}"
2026-06-10,scan_candidate,007810,,0,main_scan,121100,,121100,120800,121100,121000,-0.495458298926507,0.2477291494632535,,,,,,"{""bid_req_base_tm"": ""104648"", ""sel_10th_pre_req_pre"": ""0"", ""sel_10th_pre_req"": ""75"", ""sel_10th_pre_bid"": ""+122100"", ""sel_9th_pre_req_pre"": ""0"", ""sel_9th_pre_req"": ""63"", ""sel_9th_pre_bid"": ""+122000"", ""sel_8th_pre_req_pre"": ""0"", ""sel_8th_pre_req"": ""8"", ""sel_8th_pre_bid"": ""+121900"", ""sel_7th_pre_req_pre"": ""0"", ""sel_7th_pre_req"": ""9"", ""sel_7th_pre_bid"": ""+121800"", ""sel_6th_pre_req_pre"": ""0"", ""sel_6th_pre_req"": ""6"", ""sel_6th_pre_bid"": ""+121700"", ""sel_5th_pre_req_pre"": ""0"", ""sel_5th_pre_req"": ""8"", ""sel_5th_pre_bid"": ""+121600"", ""sel_4th_pre_req_pre"": ""0"", ""sel_4th_pre_req"": ""5"", ""sel_4th_pre_bid"": ""+121500"", ""sel_3th_pre_req_pre"": ""0"", ""sel_3th_pre_req"": ""14"", ""sel_3th_pre_bid"": ""+121400"", ""sel_2th_pre_req_pre"": ""0"", ""sel_2th_pre_req"": ""13"", ""sel_2th_pre_bid"": ""+121200"", ""sel_1th_pre_req_pre"": ""+15"", ""sel_fpr_req"": ""109"", ""sel_fpr_bid"": ""+121100"", ""buy_fpr_bid"": ""+120800"", ""buy_fpr_req"": ""242"", ""buy_1th_pre_req_pre"": ""0"", ""buy_2th_pre_bid"": ""+120700"", ""buy_2th_pre_req"": ""15"", ""buy_2th_pre_req_pre"": ""0"", ""buy_3th_pre_bid"": ""+120600"", ""buy_3th_pre_req"": ""119"", ""buy_3th_pre_req_pre"": ""0"", ""buy_4th_pre_bid"": ""+120500"", ""buy_4th_pre_req"": ""235"", ""buy_4th_pre_req_pre"": ""0"", ""buy_5th_pre_bid"": ""+120400"", ""buy_5th_pre_req"": ""128"", ""buy_5th_pre_req_pre"": ""0"", ""buy_6th_pre_bid"": ""120300"", ""buy_6th_pre_req"": ""359"", ""buy_6th_pre_req_pre"": ""0"", ""buy_7th_pre_bid"": ""-120200"", ""buy_7th_pre_req"": ""69"", ""buy_7th_pre_req_pre"": ""0"", ""buy_8th_pre_bid"": ""-120100"", ""buy_8th_pre_req"": ""86"", ""buy_8th_pre_req_pre"": ""0"", ""buy_9th_pre_bid"": ""-120000"", ""buy_9th_pre_req"": ""122"", ""buy_9th_pre_req_pre"": ""0"", ""buy_10th_pre_bid"": ""-119900"", ""buy_10th_pre_req"": ""14"", ""buy_10th_pre_req_pre"": ""0"", ""tot_sel_req_jub_pre"": ""+15"", ""tot_sel_req"": ""310"", ""tot_buy_req"": ""1389"", ""tot_buy_req_jub_pre"": ""0"", ""ovt_sel_req_pre"": ""0"", ""ovt_sel_req"": ""0"", ""ovt_buy_req"": ""0"", ""ovt_buy_req_pre"": ""0"", ""return_code"": 0, ""return_msg"": ""정상적으로 처리되었습니다""}"
2026-06-10,scan_candidate,001740,,0,main_scan,14410,,14410,14400,14410,14400,-0.4163775156141568,0.06939625260235947,,,,,,"{""bid_req_base_tm"": ""104651"", ""sel_10th_pre_req_pre"": ""0"", ""sel_10th_pre_req"": ""9362"", ""sel_10th_pre_bid"": ""+14500"", ""sel_9th_pre_req_pre"": ""0"", ""sel_9th_pre_req"": ""2459"", ""sel_9th_pre_bid"": ""+14490"", ""sel_8th_pre_req_pre"": ""0"", ""sel_8th_pre_req"": ""1867"", ""sel_8th_pre_bid"": ""+14480"", ""sel_7th_pre_req_pre"": ""0"", ""sel_7th_pre_req"": ""1609"", ""sel_7th_pre_bid"": ""+14470"", ""sel_6th_pre_req_pre"": ""0"", ""sel_6th_pre_req"": ""1206"", ""sel_6th_pre_bid"": ""+14460"", ""sel_5th_pre_req_pre"": ""0"", ""sel_5th_pre_req"": ""1959"", ""sel_5th_pre_bid"": ""+14450"", ""sel_4th_pre_req_pre"": ""0"", ""sel_4th_pre_req"": ""88"", ""sel_4th_pre_bid"": ""+14440"", ""sel_3th_pre_req_pre"": ""0"", ""sel_3th_pre_req"": ""1035"", ""sel_3th_pre_bid"": ""+14430"", ""sel_2th_pre_req_pre"": ""+40"", ""sel_2th_pre_req"": ""628"", ""sel_2th_pre_bid"": ""+14420"", ""sel_1th_pre_req_pre"": ""--60"", ""sel_fpr_req"": ""573"", ""sel_fpr_bid"": ""+14410"", ""buy_fpr_bid"": ""+14400"", ""buy_fpr_req"": ""1295"", ""buy_1th_pre_req_pre"": ""0"", ""buy_2th_pre_bid"": ""+14390"", ""buy_2th_pre_req"": ""1378"", ""buy_2th_pre_req_pre"": ""0"", ""buy_3th_pre_bid"": ""+14380"", ""buy_3th_pre_req"": ""3172"", ""buy_3th_pre_req_pre"": ""0"", ""buy_4th_pre_bid"": ""+14370"", ""buy_4th_pre_req"": ""860"", ""buy_4th_pre_req_pre"": ""0"", ""buy_5th_pre_bid"": ""+14360"", ""buy_5th_pre_req"": ""1927"", ""buy_5th_pre_req_pre"": ""0"", ""buy_6th_pre_bid"": ""+14350"", ""buy_6th_pre_req"": ""2899"", ""buy_6th_pre_req_pre"": ""0"", ""buy_7th_pre_bid"": ""+14340"", ""buy_7th_pre_req"": ""2680"", ""buy_7th_pre_req_pre"": ""0"", ""buy_8th_pre_bid"": ""+14330"", ""buy_8th_pre_req"": ""2542"", ""buy_8th_pre_req_pre"": ""0"", ""buy_9th_pre_bid"": ""+14320"", ""buy_9th_pre_req"": ""1664"", ""buy_9th_pre_req_pre"": ""0"", ""buy_10th_pre_bid"": ""+14310"", ""buy_10th_pre_req"": ""4164"", ""buy_10th_pre_req_pre"": ""0"", ""tot_sel_req_jub_pre"": ""--20"", ""tot_sel_req"": ""20786"", ""tot_buy_req"": ""22581"", ""tot_buy_req_jub_pre"": ""0"", ""ovt_sel_req_pre"": ""0"", ""ovt_sel_req"": ""0"", ""ovt_buy_req"": ""0"", ""ovt_buy_req_pre"": ""0"", ""return_code"": 0, ""return_msg"": ""정상적으로 처리되었습니다""}"
2026-06-10,scan_candidate,383220,,0,main_scan,75000,,75000,74600,75000,74800,-0.4,0.5333333333333333,,,,,,"{""bid_req_base_tm"": ""104650"", ""sel_10th_pre_req_pre"": ""0"", ""sel_10th_pre_req"": ""122"", ""sel_10th_pre_bid"": ""+76000"", ""sel_9th_pre_req_pre"": ""0"", ""sel_9th_pre_req"": ""159"", ""sel_9th_pre_bid"": ""+75900"", ""sel_8th_pre_req_pre"": ""0"", ""sel_8th_pre_req"": ""14"", ""sel_8th_pre_bid"": ""+75800"", ""sel_7th_pre_req_pre"": ""0"", ""sel_7th_pre_req"": ""14"", ""sel_7th_pre_bid"": ""+75700"", ""sel_6th_pre_req_pre"": ""0"", ""sel_6th_pre_req"": ""12"", ""sel_6th_pre_bid"": ""+75600"", ""sel_5th_pre_req_pre"": ""0"", ""sel_5th_pre_req"": ""3"", ""sel_5th_pre_bid"": ""+75400"", ""sel_4th_pre_req_pre"": ""0"", ""sel_4th_pre_req"": ""9"", ""sel_4th_pre_bid"": ""+75300"", ""sel_3th_pre_req_pre"": ""0"", ""sel_3th_pre_req"": ""2"", ""sel_3th_pre_bid"": ""+75200"", ""sel_2th_pre_req_pre"": ""0"", ""sel_2th_pre_req"": ""23"", ""sel_2th_pre_bid"": ""+75100"", ""sel_1th_pre_req_pre"": ""0"", ""sel_fpr_req"": ""22"", ""sel_fpr_bid"": ""+75000"", ""buy_fpr_bid"": ""74600"", ""buy_fpr_req"": ""50"", ""buy_1th_pre_req_pre"": ""0"", ""buy_2th_pre_bid"": ""-74500"", ""buy_2th_pre_req"": ""40"", ""buy_2th_pre_req_pre"": ""0"", ""buy_3th_pre_bid"": ""-74400"", ""buy_3th_pre_req"": ""41"", ""buy_3th_pre_req_pre"": ""0"", ""buy_4th_pre_bid"": ""-74300"", ""buy_4th_pre_req"": ""10"", ""buy_4th_pre_req_pre"": ""0"", ""buy_5th_pre_bid"": ""-74200"", ""buy_5th_pre_req"": ""25"", ""buy_5th_pre_req_pre"": ""0"", ""buy_6th_pre_bid"": ""-74100"", ""buy_6th_pre_req"": ""24"", ""buy_6th_pre_req_pre"": ""0"", ""buy_7th_pre_bid"": ""-74000"", ""buy_7th_pre_req"": ""27"", ""buy_7th_pre_req_pre"": ""0"", ""buy_8th_pre_bid"": ""-73900"", ""buy_8th_pre_req"": ""21"", ""buy_8th_pre_req_pre"": ""0"", ""buy_9th_pre_bid"": ""-73800"", ""buy_9th_pre_req"": ""10"", ""buy_9th_pre_req_pre"": ""0"", ""buy_10th_pre_bid"": ""-73700"", ""buy_10th_pre_req"": ""40"", ""buy_10th_pre_req_pre"": ""0"", ""tot_sel_req_jub_pre"": ""0"", ""tot_sel_req"": ""380"", ""tot_buy_req"": ""288"", ""tot_buy_req_jub_pre"": ""+39"", ""ovt_sel_req_pre"": ""0"", ""ovt_sel_req"": ""0"", ""ovt_buy_req"": ""0"", ""ovt_buy_req_pre"": ""0"", ""return_code"": 0, ""return_msg"": ""정상적으로 처리되었습니다""}"
2026-06-10,scan_candidate,014680,,0,main_scan,262500,,262500,262000,262500,263000,0.0,0.19047619047619047,,,,,,"{""bid_req_base_tm"": ""104648"", ""sel_10th_pre_req_pre"": ""0"", ""sel_10th_pre_req"": ""76"", ""sel_10th_pre_bid"": ""+267000"", ""sel_9th_pre_req_pre"": ""0"", ""sel_9th_pre_req"": ""16"", ""sel_9th_pre_bid"": ""+266500"", ""sel_8th_pre_req_pre"": ""0"", ""sel_8th_pre_req"": ""12"", ""sel_8th_pre_bid"": ""+266000"", ""sel_7th_pre_req_pre"": ""0"", ""sel_7th_pre_req"": ""24"", ""sel_7th_pre_bid"": ""+265500"", ""sel_6th_pre_req_pre"": ""0"", ""sel_6th_pre_req"": ""35"", ""sel_6th_pre_bid"": ""+265000"", ""sel_5th_pre_req_pre"": ""0"", ""sel_5th_pre_req"": ""3"", ""sel_5th_pre_bid"": ""+264500"", ""sel_4th_pre_req_pre"": ""0"", ""sel_4th_pre_req"": ""3"", ""sel_4th_pre_bid"": ""+264000"", ""sel_3th_pre_req_pre"": ""0"", ""sel_3th_pre_req"": ""4"", ""sel_3th_pre_bid"": ""+263500"", ""sel_2th_pre_req_pre"": ""0"", ""sel_2th_pre_req"": ""9"", ""sel_2th_pre_bid"": ""+263000"", ""sel_1th_pre_req_pre"": ""+8"", ""sel_fpr_req"": ""118"", ""sel_fpr_bid"": ""+262500"", ""buy_fpr_bid"": ""+262000"", ""buy_fpr_req"": ""145"", ""buy_1th_pre_req_pre"": ""0"", ""buy_2th_pre_bid"": ""+261500"", ""buy_2th_pre_req"": ""29"", ""buy_2th_pre_req_pre"": ""0"", ""buy_3th_pre_bid"": ""+261000"", ""buy_3th_pre_req"": ""5"", ""buy_3th_pre_req_pre"": ""0"", ""buy_4th_pre_bid"": ""+260500"", ""buy_4th_pre_req"": ""4"", ""buy_4th_pre_req_pre"": ""0"", ""buy_5th_pre_bid"": ""+260000"", ""buy_5th_pre_req"": ""109"", ""buy_5th_pre_req_pre"": ""0"", ""buy_6th_pre_bid"": ""+259500"", ""buy_6th_pre_req"": ""119"", ""buy_6th_pre_req_pre"": ""0"", ""buy_7th_pre_bid"": ""+259000"", ""buy_7th_pre_req"": ""210"", ""buy_7th_pre_req_pre"": ""0"", ""buy_8th_pre_bid"": ""+258500"", ""buy_8th_pre_req"": ""102"", ""buy_8th_pre_req_pre"": ""0"", ""buy_9th_pre_bid"": ""+258000"", ""buy_9th_pre_req"": ""101"", ""buy_9th_pre_req_pre"": ""0"", ""buy_10th_pre_bid"": ""+257500"", ""buy_10th_pre_req"": ""132"", ""buy_10th_pre_req_pre"": ""0"", ""tot_sel_req_jub_pre"": ""+8"", ""tot_sel_req"": ""300"", ""tot_buy_req"": ""956"", ""tot_buy_req_jub_pre"": ""0"", ""ovt_sel_req_pre"": ""0"", ""ovt_sel_req"": ""0"", ""ovt_buy_req"": ""0"", ""ovt_buy_req_pre"": ""0"", ""return_code"": 0, ""return_msg"": ""정상적으로 처리되었습니다""}"
2026-06-10,scan_candidate,009420,,0,main_scan,50300,,50300,50200,50300,50500,0.19880715705765406,0.19880715705765406,,,,,,"{""bid_req_base_tm"": ""104650"", ""sel_10th_pre_req_pre"": ""0"", ""sel_10th_pre_req"": ""641"", ""sel_10th_pre_bid"": ""-51200"", ""sel_9th_pre_req_pre"": ""0"", ""sel_9th_pre_req"": ""77"", ""sel_9th_pre_bid"": ""-51100"", ""sel_8th_pre_req_pre"": ""0"", ""sel_8th_pre_req"": ""161"", ""sel_8th_pre_bid"": ""-51000"", ""sel_7th_pre_req_pre"": ""0"", ""sel_7th_pre_req"": ""200"", ""sel_7th_pre_bid"": ""-50900"", ""sel_6th_pre_req_pre"": ""0"", ""sel_6th_pre_req"": ""33"", ""sel_6th_pre_bid"": ""-50800"", ""sel_5th_pre_req_pre"": ""0"", ""sel_5th_pre_req"": ""49"", ""sel_5th_pre_bid"": ""-50700"", ""sel_4th_pre_req_pre"": ""0"", ""sel_4th_pre_req"": ""23"", ""sel_4th_pre_bid"": ""-50600"", ""sel_3th_pre_req_pre"": ""0"", ""sel_3th_pre_req"": ""38"", ""sel_3th_pre_bid"": ""-50500"", ""sel_2th_pre_req_pre"": ""0"", ""sel_2th_pre_req"": ""101"", ""sel_2th_pre_bid"": ""-50400"", ""sel_1th_pre_req_pre"": ""0"", ""sel_fpr_req"": ""32"", ""sel_fpr_bid"": ""-50300"", ""buy_fpr_bid"": ""-50200"", ""buy_fpr_req"": ""192"", ""buy_1th_pre_req_pre"": ""0"", ""buy_2th_pre_bid"": ""-50100"", ""buy_2th_pre_req"": ""96"", ""buy_2th_pre_req_pre"": ""0"", ""buy_3th_pre_bid"": ""-50000"", ""buy_3th_pre_req"": ""202"", ""buy_3th_pre_req_pre"": ""0"", ""buy_4th_pre_bid"": ""-49950"", ""buy_4th_pre_req"": ""363"", ""buy_4th_pre_req_pre"": ""0"", ""buy_5th_pre_bid"": ""-49900"", ""buy_5th_pre_req"": ""373"", ""buy_5th_pre_req_pre"": ""0"", ""buy_6th_pre_bid"": ""-49850"", ""buy_6th_pre_req"": ""372"", ""buy_6th_pre_req_pre"": ""0"", ""buy_7th_pre_bid"": ""-49800"", ""buy_7th_pre_req"": ""639"", ""buy_7th_pre_req_pre"": ""0"", ""buy_8th_pre_bid"": ""-49750"", ""buy_8th_pre_req"": ""894"", ""buy_8th_pre_req_pre"": ""0"", ""buy_9th_pre_bid"": ""-49700"", ""buy_9th_pre_req"": ""1148"", ""buy_9th_pre_req_pre"": ""0"", ""buy_10th_pre_bid"": ""-49650"", ""buy_10th_pre_req"": ""41"", ""buy_10th_pre_req_pre"": ""0"", ""tot_sel_req_jub_pre"": ""0"", ""tot_sel_req"": ""1355"", ""tot_buy_req"": ""4320"", ""tot_buy_req_jub_pre"": ""0"", ""ovt_sel_req_pre"": ""0"", ""ovt_sel_req"": ""0"", ""ovt_buy_req"": ""0"", ""ovt_buy_req_pre"": ""0"", ""return_code"": 0, ""return_msg"": ""정상적으로 처리되었습니다""}"
2026-06-10,scan_candidate,375500,,0,main_scan,72100,,72100,72000,72100,71900,-0.4160887656033287,0.13869625520110956,,,,,,"{""bid_req_base_tm"": ""104651"", ""sel_10th_pre_req_pre"": ""0"", ""sel_10th_pre_req"": ""746"", ""sel_10th_pre_bid"": ""+73000"", ""sel_9th_pre_req_pre"": ""0"", ""sel_9th_pre_req"": ""324"", ""sel_9th_pre_bid"": ""+72900"", ""sel_8th_pre_req_pre"": ""0"", ""sel_8th_pre_req"": ""66"", ""sel_8th_pre_bid"": ""+72800"", ""sel_7th_pre_req_pre"": ""0"", ""sel_7th_pre_req"": ""499"", ""sel_7th_pre_bid"": ""+72700"", ""sel_6th_pre_req_pre"": ""0"", ""sel_6th_pre_req"": ""49"", ""sel_6th_pre_bid"": ""+72600"", ""sel_5th_pre_req_pre"": ""0"", ""sel_5th_pre_req"": ""306"", ""sel_5th_pre_bid"": ""+72500"", ""sel_4th_pre_req_pre"": ""0"", ""sel_4th_pre_req"": ""465"", ""sel_4th_pre_bid"": ""+72400"", ""sel_3th_pre_req_pre"": ""0"", ""sel_3th_pre_req"": ""296"", ""sel_3th_pre_bid"": ""+72300"", ""sel_2th_pre_req_pre"": ""0"", ""sel_2th_pre_req"": ""582"", ""sel_2th_pre_bid"": ""+72200"", ""sel_1th_pre_req_pre"": ""0"", ""sel_fpr_req"": ""218"", ""sel_fpr_bid"": ""+72100"", ""buy_fpr_bid"": ""+72000"", ""buy_fpr_req"": ""64"", ""buy_1th_pre_req_pre"": ""--38"", ""buy_2th_pre_bid"": ""+71900"", ""buy_2th_pre_req"": ""1593"", ""buy_2th_pre_req_pre"": ""0"", ""buy_3th_pre_bid"": ""+71800"", ""buy_3th_pre_req"": ""5"", ""buy_3th_pre_req_pre"": ""0"", ""buy_4th_pre_bid"": ""+71700"", ""buy_4th_pre_req"": ""19"", ""buy_4th_pre_req_pre"": ""0"", ""buy_5th_pre_bid"": ""+71600"", ""buy_5th_pre_req"": ""58"", ""buy_5th_pre_req_pre"": ""0"", ""buy_6th_pre_bid"": ""+71500"", ""buy_6th_pre_req"": ""43"", ""buy_6th_pre_req_pre"": ""0"", ""buy_7th_pre_bid"": ""+71400"", ""buy_7th_pre_req"": ""20"", ""buy_7th_pre_req_pre"": ""0"", ""buy_8th_pre_bid"": ""+71200"", ""buy_8th_pre_req"": ""3"", ""buy_8th_pre_req_pre"": ""0"", ""buy_9th_pre_bid"": ""+71100"", ""buy_9th_pre_req"": ""228"", ""buy_9th_pre_req_pre"": ""0"", ""buy_10th_pre_bid"": ""+71000"", ""buy_10th_pre_req"": ""417"", ""buy_10th_pre_req_pre"": ""0"", ""tot_sel_req_jub_pre"": ""0"", ""tot_sel_req"": ""3551"", ""tot_buy_req"": ""2450"", ""tot_buy_req_jub_pre"": ""--38"", ""ovt_sel_req_pre"": ""0"", ""ovt_sel_req"": ""0"", ""ovt_buy_req"": ""0"", ""ovt_buy_req_pre"": ""0"", ""return_code"": 0, ""return_msg"": ""정상적으로 처리되었습니다""}"
2026-06-10,scan_candidate,004990,,0,main_scan,25800,,25800,25700,25800,25750,-0.3875968992248062,0.3875968992248062,,,,,,"{""bid_req_base_tm"": ""104649"", ""sel_10th_pre_req_pre"": ""0"", ""sel_10th_pre_req"": ""135"", ""sel_10th_pre_bid"": ""+26250"", ""sel_9th_pre_req_pre"": ""0"", ""sel_9th_pre_req"": ""90"", ""sel_9th_pre_bid"": ""+26200"", ""sel_8th_pre_req_pre"": ""0"", ""sel_8th_pre_req"": ""3119"", ""sel_8th_pre_bid"": ""26150"", ""sel_7th_pre_req_pre"": ""0"", ""sel_7th_pre_req"": ""302"", ""sel_7th_pre_bid"": ""-26100"", ""sel_6th_pre_req_pre"": ""0"", ""sel_6th_pre_req"": ""201"", ""sel_6th_pre_bid"": ""-26050"", ""sel_5th_pre_req_pre"": ""0"", ""sel_5th_pre_req"": ""122"", ""sel_5th_pre_bid"": ""-26000"", ""sel_4th_pre_req_pre"": ""0"", ""sel_4th_pre_req"": ""107"", ""sel_4th_pre_bid"": ""-25950"", ""sel_3th_pre_req_pre"": ""0"", ""sel_3th_pre_req"": ""251"", ""sel_3th_pre_bid"": ""-25900"", ""sel_2th_pre_req_pre"": ""0"", ""sel_2th_pre_req"": ""332"", ""sel_2th_pre_bid"": ""-25850"", ""sel_1th_pre_req_pre"": ""0"", ""sel_fpr_req"": ""451"", ""sel_fpr_bid"": ""-25800"", ""buy_fpr_bid"": ""-25700"", ""buy_fpr_req"": ""205"", ""buy_1th_pre_req_pre"": ""0"", ""buy_2th_pre_bid"": ""-25650"", ""buy_2th_pre_req"": ""261"", ""buy_2th_pre_req_pre"": ""0"", ""buy_3th_pre_bid"": ""-25600"", ""buy_3th_pre_req"": ""283"", ""buy_3th_pre_req_pre"": ""0"", ""buy_4th_pre_bid"": ""-25550"", ""buy_4th_pre_req"": ""613"", ""buy_4th_pre_req_pre"": ""0"", ""buy_5th_pre_bid"": ""-25500"", ""buy_5th_pre_req"": ""982"", ""buy_5th_pre_req_pre"": ""0"", ""buy_6th_pre_bid"": ""-25450"", ""buy_6th_pre_req"": ""1149"", ""buy_6th_pre_req_pre"": ""0"", ""buy_7th_pre_bid"": ""-25400"", ""buy_7th_pre_req"": ""677"", ""buy_7th_pre_req_pre"": ""0"", ""buy_8th_pre_bid"": ""-25350"", ""buy_8th_pre_req"": ""392"", ""buy_8th_pre_req_pre"": ""0"", ""buy_9th_pre_bid"": ""-25300"", ""buy_9th_pre_req"": ""429"", ""buy_9th_pre_req_pre"": ""0"", ""buy_10th_pre_bid"": ""-25250"", ""buy_10th_pre_req"": ""940"", ""buy_10th_pre_req_pre"": ""0"", ""tot_sel_req_jub_pre"": ""0"", ""tot_sel_req"": ""5110"", ""tot_buy_req"": ""5931"", ""tot_buy_req_jub_pre"": ""0"", ""ovt_sel_req_pre"": ""0"", ""ovt_sel_req"": ""0"", ""ovt_buy_req"": ""0"", ""ovt_buy_req_pre"": ""0"", ""return_code"": 0, ""return_msg"": ""정상적으로 처리되었습니다""}"
2026-06-10,scan_candidate,483650,,0,main_scan,206500,,206500,206000,206500,205000,-0.9685230024213075,0.24213075060532688,,,,,,"{""bid_req_base_tm"": ""104651"", ""sel_10th_pre_req_pre"": ""0"", ""sel_10th_pre_req"": ""46"", ""sel_10th_pre_bid"": ""+211000"", ""sel_9th_pre_req_pre"": ""0"", ""sel_9th_pre_req"": ""95"", ""sel_9th_pre_bid"": ""+210500"", ""sel_8th_pre_req_pre"": ""0"", ""sel_8th_pre_req"": ""342"", ""sel_8th_pre_bid"": ""+210000"", ""sel_7th_pre_req_pre"": ""0"", ""sel_7th_pre_req"": ""685"", ""sel_7th_pre_bid"": ""+209500"", ""sel_6th_pre_req_pre"": ""0"", ""sel_6th_pre_req"": ""1419"", ""sel_6th_pre_bid"": ""+209000"", ""sel_5th_pre_req_pre"": ""0"", ""sel_5th_pre_req"": ""139"", ""sel_5th_pre_bid"": ""+208500"", ""sel_4th_pre_req_pre"": ""0"", ""sel_4th_pre_req"": ""127"", ""sel_4th_pre_bid"": ""+208000"", ""sel_3th_pre_req_pre"": ""0"", ""sel_3th_pre_req"": ""214"", ""sel_3th_pre_bid"": ""+207500"", ""sel_2th_pre_req_pre"": ""0"", ""sel_2th_pre_req"": ""278"", ""sel_2th_pre_bid"": ""+207000"", ""sel_1th_pre_req_pre"": ""+13"", ""sel_fpr_req"": ""51"", ""sel_fpr_bid"": ""+206500"", ""buy_fpr_bid"": ""+206000"", ""buy_fpr_req"": ""57"", ""buy_1th_pre_req_pre"": ""0"", ""buy_2th_pre_bid"": ""+205500"", ""buy_2th_pre_req"": ""52"", ""buy_2th_pre_req_pre"": ""0"", ""buy_3th_pre_bid"": ""+205000"", ""buy_3th_pre_req"": ""151"", ""buy_3th_pre_req_pre"": ""0"", ""buy_4th_pre_bid"": ""+204500"", ""buy_4th_pre_req"": ""174"", ""buy_4th_pre_req_pre"": ""0"", ""buy_5th_pre_bid"": ""+204000"", ""buy_5th_pre_req"": ""50"", ""buy_5th_pre_req_pre"": ""0"", ""buy_6th_pre_bid"": ""+203500"", ""buy_6th_pre_req"": ""55"", ""buy_6th_pre_req_pre"": ""0"", ""buy_7th_pre_bid"": ""+203000"", ""buy_7th_pre_req"": ""56"", ""buy_7th_pre_req_pre"": ""0"", ""buy_8th_pre_bid"": ""+202500"", ""buy_8th_pre_req"": ""32"", ""buy_8th_pre_req_pre"": ""0"", ""buy_9th_pre_bid"": ""+202000"", ""buy_9th_pre_req"": ""70"", ""buy_9th_pre_req_pre"": ""0"", ""buy_10th_pre_bid"": ""+201500"", ""buy_10th_pre_req"": ""217"", ""buy_10th_pre_req_pre"": ""0"", ""tot_sel_req_jub_pre"": ""+13"", ""tot_sel_req"": ""3396"", ""tot_buy_req"": ""914"", ""tot_buy_req_jub_pre"": ""0"", ""ovt_sel_req_pre"": ""0"", ""ovt_sel_req"": ""0"", ""ovt_buy_req"": ""0"", ""ovt_buy_req_pre"": ""0"", ""return_code"": 0, ""return_msg"": ""정상적으로 처리되었습니다""}"
2026-06-10,scan_candidate,003690,,0,main_scan,13180,,13180,13160,13180,13200,-0.2276176024279211,0.15174506828528073,,,,,,"{""bid_req_base_tm"": ""104649"", ""sel_10th_pre_req_pre"": ""0"", ""sel_10th_pre_req"": ""79"", ""sel_10th_pre_bid"": ""-13300"", ""sel_9th_pre_req_pre"": ""0"", ""sel_9th_pre_req"": ""22"", ""sel_9th_pre_bid"": ""-13290"", ""sel_8th_pre_req_pre"": ""0"", ""sel_8th_pre_req"": ""1"", ""sel_8th_pre_bid"": ""-13280"", ""sel_7th_pre_req_pre"": ""0"", ""sel_7th_pre_req"": ""86"", ""sel_7th_pre_bid"": ""-13270"", ""sel_6th_pre_req_pre"": ""0"", ""sel_6th_pre_req"": ""1"", ""sel_6th_pre_bid"": ""-13260"", ""sel_5th_pre_req_pre"": ""0"", ""sel_5th_pre_req"": ""40"", ""sel_5th_pre_bid"": ""-13250"", ""sel_4th_pre_req_pre"": ""0"", ""sel_4th_pre_req"": ""333"", ""sel_4th_pre_bid"": ""-13230"", ""sel_3th_pre_req_pre"": ""0"", ""sel_3th_pre_req"": ""10"", ""sel_3th_pre_bid"": ""-13220"", ""sel_2th_pre_req_pre"": ""0"", ""sel_2th_pre_req"": ""61"", ""sel_2th_pre_bid"": ""-13210"", ""sel_1th_pre_req_pre"": ""+50"", ""sel_fpr_req"": ""237"", ""sel_fpr_bid"": ""-13180"", ""buy_fpr_bid"": ""-13160"", ""buy_fpr_req"": ""269"", ""buy_1th_pre_req_pre"": ""0"", ""buy_2th_pre_bid"": ""-13150"", ""buy_2th_pre_req"": ""53"", ""buy_2th_pre_req_pre"": ""0"", ""buy_3th_pre_bid"": ""-13140"", ""buy_3th_pre_req"": ""51"", ""buy_3th_pre_req_pre"": ""0"", ""buy_4th_pre_bid"": ""-13130"", ""buy_4th_pre_req"": ""351"", ""buy_4th_pre_req_pre"": ""0"", ""buy_5th_pre_bid"": ""-13120"", ""buy_5th_pre_req"": ""50"", ""buy_5th_pre_req_pre"": ""0"", ""buy_6th_pre_bid"": ""-13110"", ""buy_6th_pre_req"": ""50"", ""buy_6th_pre_req_pre"": ""0"", ""buy_7th_pre_bid"": ""-13100"", ""buy_7th_pre_req"": ""88"", ""buy_7th_pre_req_pre"": ""0"", ""buy_8th_pre_bid"": ""-13090"", ""buy_8th_pre_req"": ""86"", ""buy_8th_pre_req_pre"": ""0"", ""buy_9th_pre_bid"": ""-13080"", ""buy_9th_pre_req"": ""102"", ""buy_9th_pre_req_pre"": ""0"", ""buy_10th_pre_bid"": ""-13070"", ""buy_10th_pre_req"": ""2052"", ""buy_10th_pre_req_pre"": ""0"", ""tot_sel_req_jub_pre"": ""+50"", ""tot_sel_req"": ""870"", ""tot_buy_req"": ""3152"", ""tot_buy_req_jub_pre"": ""0"", ""ovt_sel_req_pre"": ""0"", ""ovt_sel_req"": ""0"", ""ovt_buy_req"": ""0"", ""ovt_buy_req_pre"": ""0"", ""return_code"": 0, ""return_msg"": ""정상적으로 처리되었습니다""}"
2026-06-10,scan_candidate,279570,,0,main_scan,6040,,6040,6030,6040,6050,0.0,0.16556291390728478,,,,,,"{""bid_req_base_tm"": ""104652"", ""sel_10th_pre_req_pre"": ""0"", ""sel_10th_pre_req"": ""14444"", ""sel_10th_pre_bid"": ""+6130"", ""sel_9th_pre_req_pre"": ""0"", ""sel_9th_pre_req"": ""6660"", ""sel_9th_pre_bid"": ""+6120"", ""sel_8th_pre_req_pre"": ""0"", ""sel_8th_pre_req"": ""11382"", ""sel_8th_pre_bid"": ""+6110"", ""sel_7th_pre_req_pre"": ""0"", ""sel_7th_pre_req"": ""5855"", ""sel_7th_pre_bid"": ""+6100"", ""sel_6th_pre_req_pre"": ""0"", ""sel_6th_pre_req"": ""2647"", ""sel_6th_pre_bid"": ""+6090"", ""sel_5th_pre_req_pre"": ""0"", ""sel_5th_pre_req"": ""1798"", ""sel_5th_pre_bid"": ""+6080"", ""sel_4th_pre_req_pre"": ""0"", ""sel_4th_pre_req"": ""1169"", ""sel_4th_pre_bid"": ""+6070"", ""sel_3th_pre_req_pre"": ""+2"", ""sel_3th_pre_req"": ""1461"", ""sel_3th_pre_bid"": ""+6060"", ""sel_2th_pre_req_pre"": ""0"", ""sel_2th_pre_req"": ""2643"", ""sel_2th_pre_bid"": ""+6050"", ""sel_1th_pre_req_pre"": ""0"", ""sel_fpr_req"": ""946"", ""sel_fpr_bid"": ""+6040"", ""buy_fpr_bid"": ""+6030"", ""buy_fpr_req"": ""9291"", ""buy_1th_pre_req_pre"": ""0"", ""buy_2th_pre_bid"": ""+6020"", ""buy_2th_pre_req"": ""8775"", ""buy_2th_pre_req_pre"": ""0"", ""buy_3th_pre_bid"": ""+6010"", ""buy_3th_pre_req"": ""2902"", ""buy_3th_pre_req_pre"": ""0"", ""buy_4th_pre_bid"": ""+6000"", ""buy_4th_pre_req"": ""14800"", ""buy_4th_pre_req_pre"": ""0"", ""buy_5th_pre_bid"": ""+5990"", ""buy_5th_pre_req"": ""7084"", ""buy_5th_pre_req_pre"": ""0"", ""buy_6th_pre_bid"": ""+5980"", ""buy_6th_pre_req"": ""2816"", ""buy_6th_pre_req_pre"": ""0"", ""buy_7th_pre_bid"": ""+5970"", ""buy_7th_pre_req"": ""5167"", ""buy_7th_pre_req_pre"": ""0"", ""buy_8th_pre_bid"": ""+5960"", ""buy_8th_pre_req"": ""9056"", ""buy_8th_pre_req_pre"": ""0"", ""buy_9th_pre_bid"": ""+5950"", ""buy_9th_pre_req"": ""40595"", ""buy_9th_pre_req_pre"": ""0"", ""buy_10th_pre_bid"": ""+5940"", ""buy_10th_pre_req"": ""5855"", ""buy_10th_pre_req_pre"": ""0"", ""tot_sel_req_jub_pre"": ""+2"", ""tot_sel_req"": ""49005"", ""tot_buy_req"": ""106341"", ""tot_buy_req_jub_pre"": ""0"", ""ovt_sel_req_pre"": ""0"", ""ovt_sel_req"": ""0"", ""ovt_buy_req"": ""0"", ""ovt_buy_req_pre"": ""0"", ""return_code"": 0, ""return_msg"": ""정상적으로 처리되었습니다""}"
2026-06-10,scan_candidate,439260,,0,main_scan,61800,,61800,61700,61800,61700,-0.3236245954692557,0.16181229773462785,,,,,,"{""bid_req_base_tm"": ""104651"", ""sel_10th_pre_req_pre"": ""0"", ""sel_10th_pre_req"": ""65"", ""sel_10th_pre_bid"": ""+62800"", ""sel_9th_pre_req_pre"": ""0"", ""sel_9th_pre_req"": ""310"", ""sel_9th_pre_bid"": ""+62600"", ""sel_8th_pre_req_pre"": ""0"", ""sel_8th_pre_req"": ""32"", ""sel_8th_pre_bid"": ""+62500"", ""sel_7th_pre_req_pre"": ""0"", ""sel_7th_pre_req"": ""4"", ""sel_7th_pre_bid"": ""+62400"", ""sel_6th_pre_req_pre"": ""0"", ""sel_6th_pre_req"": ""240"", ""sel_6th_pre_bid"": ""+62300"", ""sel_5th_pre_req_pre"": ""0"", ""sel_5th_pre_req"": ""867"", ""sel_5th_pre_bid"": ""+62200"", ""sel_4th_pre_req_pre"": ""0"", ""sel_4th_pre_req"": ""257"", ""sel_4th_pre_bid"": ""+62100"", ""sel_3th_pre_req_pre"": ""0"", ""sel_3th_pre_req"": ""1402"", ""sel_3th_pre_bid"": ""+62000"", ""sel_2th_pre_req_pre"": ""0"", ""sel_2th_pre_req"": ""128"", ""sel_2th_pre_bid"": ""+61900"", ""sel_1th_pre_req_pre"": ""0"", ""sel_fpr_req"": ""24"", ""sel_fpr_bid"": ""+61800"", ""buy_fpr_bid"": ""+61700"", ""buy_fpr_req"": ""40"", ""buy_1th_pre_req_pre"": ""0"", ""buy_2th_pre_bid"": ""+61600"", ""buy_2th_pre_req"": ""115"", ""buy_2th_pre_req_pre"": ""0"", ""buy_3th_pre_bid"": ""+61500"", ""buy_3th_pre_req"": ""657"", ""buy_3th_pre_req_pre"": ""0"", ""buy_4th_pre_bid"": ""+61400"", ""buy_4th_pre_req"": ""57"", ""buy_4th_pre_req_pre"": ""0"", ""buy_5th_pre_bid"": ""+61300"", ""buy_5th_pre_req"": ""109"", ""buy_5th_pre_req_pre"": ""0"", ""buy_6th_pre_bid"": ""+61200"", ""buy_6th_pre_req"": ""205"", ""buy_6th_pre_req_pre"": ""0"", ""buy_7th_pre_bid"": ""+61100"", ""buy_7th_pre_req"": ""305"", ""buy_7th_pre_req_pre"": ""0"", ""buy_8th_pre_bid"": ""+61000"", ""buy_8th_pre_req"": ""761"", ""buy_8th_pre_req_pre"": ""+10"", ""buy_9th_pre_bid"": ""60900"", ""buy_9th_pre_req"": ""290"", ""buy_9th_pre_req_pre"": ""--10"", ""buy_10th_pre_bid"": ""-60800"", ""buy_10th_pre_req"": ""516"", ""buy_10th_pre_req_pre"": ""0"", ""tot_sel_req_jub_pre"": ""0"", ""tot_sel_req"": ""3329"", ""tot_buy_req"": ""3055"", ""tot_buy_req_jub_pre"": ""0"", ""ovt_sel_req_pre"": ""0"", ""ovt_sel_req"": ""0"", ""ovt_buy_req"": ""0"", ""ovt_buy_req_pre"": ""0"", ""return_code"": 0, ""return_msg"": ""정상적으로 처리되었습니다""}"
2026-06-10,scan_candidate,008770,,0,main_scan,54700,,54700,54600,54700,54400,-0.7312614259597806,0.18281535648994515,,,,,,"{""bid_req_base_tm"": ""104653"", ""sel_10th_pre_req_pre"": ""0"", ""sel_10th_pre_req"": ""137"", ""sel_10th_pre_bid"": ""+55600"", ""sel_9th_pre_req_pre"": ""0"", ""sel_9th_pre_req"": ""389"", ""sel_9th_pre_bid"": ""+55500"", ""sel_8th_pre_req_pre"": ""0"", ""sel_8th_pre_req"": ""321"", ""sel_8th_pre_bid"": ""+55400"", ""sel_7th_pre_req_pre"": ""0"", ""sel_7th_pre_req"": ""410"", ""sel_7th_pre_bid"": ""+55300"", ""sel_6th_pre_req_pre"": ""0"", ""sel_6th_pre_req"": ""535"", ""sel_6th_pre_bid"": ""55200"", ""sel_5th_pre_req_pre"": ""0"", ""sel_5th_pre_req"": ""928"", ""sel_5th_pre_bid"": ""-55100"", ""sel_4th_pre_req_pre"": ""0"", ""sel_4th_pre_req"": ""438"", ""sel_4th_pre_bid"": ""-55000"", ""sel_3th_pre_req_pre"": ""0"", ""sel_3th_pre_req"": ""472"", ""sel_3th_pre_bid"": ""-54900"", ""sel_2th_pre_req_pre"": ""0"", ""sel_2th_pre_req"": ""579"", ""sel_2th_pre_bid"": ""-54800"", ""sel_1th_pre_req_pre"": ""0"", ""sel_fpr_req"": ""27"", ""sel_fpr_bid"": ""-54700"", ""buy_fpr_bid"": ""-54600"", ""buy_fpr_req"": ""180"", ""buy_1th_pre_req_pre"": ""+10"", ""buy_2th_pre_bid"": ""-54500"", ""buy_2th_pre_req"": ""519"", ""buy_2th_pre_req_pre"": ""0"", ""buy_3th_pre_bid"": ""-54400"", ""buy_3th_pre_req"": ""38"", ""buy_3th_pre_req_pre"": ""0"", ""buy_4th_pre_bid"": ""-54300"", ""buy_4th_pre_req"": ""300"", ""buy_4th_pre_req_pre"": ""0"", ""buy_5th_pre_bid"": ""-54200"", ""buy_5th_pre_req"": ""10"", ""buy_5th_pre_req_pre"": ""0"", ""buy_6th_pre_bid"": ""-54100"", ""buy_6th_pre_req"": ""42"", ""buy_6th_pre_req_pre"": ""0"", ""buy_7th_pre_bid"": ""-54000"", ""buy_7th_pre_req"": ""221"", ""buy_7th_pre_req_pre"": ""0"", ""buy_8th_pre_bid"": ""-53900"", ""buy_8th_pre_req"": ""203"", ""buy_8th_pre_req_pre"": ""0"", ""buy_9th_pre_bid"": ""-53800"", ""buy_9th_pre_req"": ""390"", ""buy_9th_pre_req_pre"": ""0"", ""buy_10th_pre_bid"": ""-53700"", ""buy_10th_pre_req"": ""429"", ""buy_10th_pre_req_pre"": ""0"", ""tot_sel_req_jub_pre"": ""0"", ""tot_sel_req"": ""4236"", ""tot_buy_req"": ""2332"", ""tot_buy_req_jub_pre"": ""+10"", ""ovt_sel_req_pre"": ""0"", ""ovt_sel_req"": ""0"", ""ovt_buy_req"": ""0"", ""ovt_buy_req_pre"": ""0"", ""return_code"": 0, ""return_msg"": ""정상적으로 처리되었습니다""}"
2026-06-10,scan_candidate,081660,,0,main_scan,40200,,40200,40100,40200,40300,0.12437810945273632,0.24875621890547264,,,,,,"{""bid_req_base_tm"": ""104653"", ""sel_10th_pre_req_pre"": ""0"", ""sel_10th_pre_req"": ""50"", ""sel_10th_pre_bid"": ""+40650"", ""sel_9th_pre_req_pre"": ""0"", ""sel_9th_pre_req"": ""70"", ""sel_9th_pre_bid"": ""+40600"", ""sel_8th_pre_req_pre"": ""0"", ""sel_8th_pre_req"": ""116"", ""sel_8th_pre_bid"": ""+40550"", ""sel_7th_pre_req_pre"": ""0"", ""sel_7th_pre_req"": ""196"", ""sel_7th_pre_bid"": ""+40500"", ""sel_6th_pre_req_pre"": ""0"", ""sel_6th_pre_req"": ""35"", ""sel_6th_pre_bid"": ""+40450"", ""sel_5th_pre_req_pre"": ""0"", ""sel_5th_pre_req"": ""37"", ""sel_5th_pre_bid"": ""+40400"", ""sel_4th_pre_req_pre"": ""0"", ""sel_4th_pre_req"": ""44"", ""sel_4th_pre_bid"": ""+40350"", ""sel_3th_pre_req_pre"": ""0"", ""sel_3th_pre_req"": ""133"", ""sel_3th_pre_bid"": ""+40300"", ""sel_2th_pre_req_pre"": ""0"", ""sel_2th_pre_req"": ""33"", ""sel_2th_pre_bid"": ""+40250"", ""sel_1th_pre_req_pre"": ""0"", ""sel_fpr_req"": ""150"", ""sel_fpr_bid"": ""+40200"", ""buy_fpr_bid"": ""+40100"", ""buy_fpr_req"": ""433"", ""buy_1th_pre_req_pre"": ""+13"", ""buy_2th_pre_bid"": ""+40050"", ""buy_2th_pre_req"": ""174"", ""buy_2th_pre_req_pre"": ""0"", ""buy_3th_pre_bid"": ""+40000"", ""buy_3th_pre_req"": ""663"", ""buy_3th_pre_req_pre"": ""0"", ""buy_4th_pre_bid"": ""+39950"", ""buy_4th_pre_req"": ""500"", ""buy_4th_pre_req_pre"": ""0"", ""buy_5th_pre_bid"": ""+39900"", ""buy_5th_pre_req"": ""190"", ""buy_5th_pre_req_pre"": ""0"", ""buy_6th_pre_bid"": ""+39850"", ""buy_6th_pre_req"": ""1"", ""buy_6th_pre_req_pre"": ""0"", ""buy_7th_pre_bid"": ""+39800"", ""buy_7th_pre_req"": ""5"", ""buy_7th_pre_req_pre"": ""0"", ""buy_8th_pre_bid"": ""39700"", ""buy_8th_pre_req"": ""7"", ""buy_8th_pre_req_pre"": ""0"", ""buy_9th_pre_bid"": ""-39650"", ""buy_9th_pre_req"": ""30"", ""buy_9th_pre_req_pre"": ""0"", ""buy_10th_pre_bid"": ""-39600"", ""buy_10th_pre_req"": ""2"", ""buy_10th_pre_req_pre"": ""0"", ""tot_sel_req_jub_pre"": ""0"", ""tot_sel_req"": ""864"", ""tot_buy_req"": ""2005"", ""tot_buy_req_jub_pre"": ""+13"", ""ovt_sel_req_pre"": ""0"", ""ovt_sel_req"": ""0"", ""ovt_buy_req"": ""0"", ""ovt_buy_req_pre"": ""0"", ""return_code"": 0, ""return_msg"": ""정상적으로 처리되었습니다""}"
2026-06-10,scan_candidate,462870,,0,main_scan,31700,,31700,31650,31700,31600,-0.47318611987381703,0.15772870662460567,,,,,,"{""bid_req_base_tm"": ""104653"", ""sel_10th_pre_req_pre"": ""0"", ""sel_10th_pre_req"": ""234"", ""sel_10th_pre_bid"": ""-32200"", ""sel_9th_pre_req_pre"": ""0"", ""sel_9th_pre_req"": ""30"", ""sel_9th_pre_bid"": ""-32150"", ""sel_8th_pre_req_pre"": ""0"", ""sel_8th_pre_req"": ""13"", ""sel_8th_pre_bid"": ""-32100"", ""sel_7th_pre_req_pre"": ""0"", ""sel_7th_pre_req"": ""126"", ""sel_7th_pre_bid"": ""-32050"", ""sel_6th_pre_req_pre"": ""0"", ""sel_6th_pre_req"": ""160"", ""sel_6th_pre_bid"": ""-32000"", ""sel_5th_pre_req_pre"": ""0"", ""sel_5th_pre_req"": ""4"", ""sel_5th_pre_bid"": ""-31900"", ""sel_4th_pre_req_pre"": ""0"", ""sel_4th_pre_req"": ""29"", ""sel_4th_pre_bid"": ""-31850"", ""sel_3th_pre_req_pre"": ""0"", ""sel_3th_pre_req"": ""61"", ""sel_3th_pre_bid"": ""-31800"", ""sel_2th_pre_req_pre"": ""0"", ""sel_2th_pre_req"": ""134"", ""sel_2th_pre_bid"": ""-31750"", ""sel_1th_pre_req_pre"": ""--2"", ""sel_fpr_req"": ""100"", ""sel_fpr_bid"": ""-31700"", ""buy_fpr_bid"": ""-31650"", ""buy_fpr_req"": ""42"", ""buy_1th_pre_req_pre"": ""+16"", ""buy_2th_pre_bid"": ""-31600"", ""buy_2th_pre_req"": ""110"", ""buy_2th_pre_req_pre"": ""0"", ""buy_3th_pre_bid"": ""-31550"", ""buy_3th_pre_req"": ""80"", ""buy_3th_pre_req_pre"": ""0"", ""buy_4th_pre_bid"": ""-31500"", ""buy_4th_pre_req"": ""31"", ""buy_4th_pre_req_pre"": ""0"", ""buy_5th_pre_bid"": ""-31450"", ""buy_5th_pre_req"": ""1"", ""buy_5th_pre_req_pre"": ""0"", ""buy_6th_pre_bid"": ""-31400"", ""buy_6th_pre_req"": ""31"", ""buy_6th_pre_req_pre"": ""0"", ""buy_7th_pre_bid"": ""-31350"", ""buy_7th_pre_req"": ""49"", ""buy_7th_pre_req_pre"": ""0"", ""buy_8th_pre_bid"": ""-31300"", ""buy_8th_pre_req"": ""40"", ""buy_8th_pre_req_pre"": ""0"", ""buy_9th_pre_bid"": ""-31250"", ""buy_9th_pre_req"": ""22"", ""buy_9th_pre_req_pre"": ""0"", ""buy_10th_pre_bid"": ""-31200"", ""buy_10th_pre_req"": ""67"", ""buy_10th_pre_req_pre"": ""0"", ""tot_sel_req_jub_pre"": ""--2"", ""tot_sel_req"": ""891"", ""tot_buy_req"": ""473"", ""tot_buy_req_jub_pre"": ""+16"", ""ovt_sel_req_pre"": ""0"", ""ovt_sel_req"": ""0"", ""ovt_buy_req"": ""0"", ""ovt_buy_req_pre"": ""0"", ""return_code"": 0, ""return_msg"": ""정상적으로 처리되었습니다""}"
2026-06-10,scan_candidate,120110,,0,main_scan,71400,,71400,71300,71400,71400,-0.1400560224089636,0.1400560224089636,,,,,,"{""bid_req_base_tm"": ""104653"", ""sel_10th_pre_req_pre"": ""0"", ""sel_10th_pre_req"": ""84"", ""sel_10th_pre_bid"": ""+72600"", ""sel_9th_pre_req_pre"": ""0"", ""sel_9th_pre_req"": ""437"", ""sel_9th_pre_bid"": ""+72500"", ""sel_8th_pre_req_pre"": ""0"", ""sel_8th_pre_req"": ""116"", ""sel_8th_pre_bid"": ""+72400"", ""sel_7th_pre_req_pre"": ""0"", ""sel_7th_pre_req"": ""61"", ""sel_7th_pre_bid"": ""+72300"", ""sel_6th_pre_req_pre"": ""0"", ""sel_6th_pre_req"": ""61"", ""sel_6th_pre_bid"": ""+72000"", ""sel_5th_pre_req_pre"": ""0"", ""sel_5th_pre_req"": ""33"", ""sel_5th_pre_bid"": ""+71800"", ""sel_4th_pre_req_pre"": ""0"", ""sel_4th_pre_req"": ""29"", ""sel_4th_pre_bid"": ""+71700"", ""sel_3th_pre_req_pre"": ""0"", ""sel_3th_pre_req"": ""104"", ""sel_3th_pre_bid"": ""+71600"", ""sel_2th_pre_req_pre"": ""0"", ""sel_2th_pre_req"": ""129"", ""sel_2th_pre_bid"": ""+71500"", ""sel_1th_pre_req_pre"": ""0"", ""sel_fpr_req"": ""42"", ""sel_fpr_bid"": ""+71400"", ""buy_fpr_bid"": ""+71300"", ""buy_fpr_req"": ""111"", ""buy_1th_pre_req_pre"": ""+8"", ""buy_2th_pre_bid"": ""+71200"", ""buy_2th_pre_req"": ""35"", ""buy_2th_pre_req_pre"": ""0"", ""buy_3th_pre_bid"": ""+71100"", ""buy_3th_pre_req"": ""84"", ""buy_3th_pre_req_pre"": ""0"", ""buy_4th_pre_bid"": ""+71000"", ""buy_4th_pre_req"": ""218"", ""buy_4th_pre_req_pre"": ""0"", ""buy_5th_pre_bid"": ""+70900"", ""buy_5th_pre_req"": ""55"", ""buy_5th_pre_req_pre"": ""0"", ""buy_6th_pre_bid"": ""+70800"", ""buy_6th_pre_req"": ""50"", ""buy_6th_pre_req_pre"": ""0"", ""buy_7th_pre_bid"": ""+70700"", ""buy_7th_pre_req"": ""236"", ""buy_7th_pre_req_pre"": ""0"", ""buy_8th_pre_bid"": ""+70600"", ""buy_8th_pre_req"": ""14"", ""buy_8th_pre_req_pre"": ""0"", ""buy_9th_pre_bid"": ""+70500"", ""buy_9th_pre_req"": ""6"", ""buy_9th_pre_req_pre"": ""0"", ""buy_10th_pre_bid"": ""+70400"", ""buy_10th_pre_req"": ""102"", ""buy_10th_pre_req_pre"": ""0"", ""tot_sel_req_jub_pre"": ""0"", ""tot_sel_req"": ""1096"", ""tot_buy_req"": ""911"", ""tot_buy_req_jub_pre"": ""+8"", ""ovt_sel_req_pre"": ""0"", ""ovt_sel_req"": ""0"", ""ovt_buy_req"": ""0"", ""ovt_buy_req_pre"": ""0"", ""return_code"": 0, ""return_msg"": ""정상적으로 처리되었습니다""}"
2026-06-10,scan_candidate,009155,,0,main_scan,606000,,606000,605000,606000,608000,0.16501650165016502,0.16501650165016502,,,,,,"{""bid_req_base_tm"": ""104653"", ""sel_10th_pre_req_pre"": ""0"", ""sel_10th_pre_req"": ""12"", ""sel_10th_pre_bid"": ""-615000"", ""sel_9th_pre_req_pre"": ""0"", ""sel_9th_pre_req"": ""41"", ""sel_9th_pre_bid"": ""-614000"", ""sel_8th_pre_req_pre"": ""0"", ""sel_8th_pre_req"": ""54"", ""sel_8th_pre_bid"": ""-613000"", ""sel_7th_pre_req_pre"": ""0"", ""sel_7th_pre_req"": ""12"", ""sel_7th_pre_bid"": ""-612000"", ""sel_6th_pre_req_pre"": ""0"", ""sel_6th_pre_req"": ""51"", ""sel_6th_pre_bid"": ""-611000"", ""sel_5th_pre_req_pre"": ""0"", ""sel_5th_pre_req"": ""4"", ""sel_5th_pre_bid"": ""-610000"", ""sel_4th_pre_req_pre"": ""0"", ""sel_4th_pre_req"": ""5"", ""sel_4th_pre_bid"": ""-609000"", ""sel_3th_pre_req_pre"": ""0"", ""sel_3th_pre_req"": ""10"", ""sel_3th_pre_bid"": ""-608000"", ""sel_2th_pre_req_pre"": ""0"", ""sel_2th_pre_req"": ""29"", ""sel_2th_pre_bid"": ""-607000"", ""sel_1th_pre_req_pre"": ""0"", ""sel_fpr_req"": ""44"", ""sel_fpr_bid"": ""-606000"", ""buy_fpr_bid"": ""-605000"", ""buy_fpr_req"": ""59"", ""buy_1th_pre_req_pre"": ""0"", ""buy_2th_pre_bid"": ""-604000"", ""buy_2th_pre_req"": ""49"", ""buy_2th_pre_req_pre"": ""+1"", ""buy_3th_pre_bid"": ""-603000"", ""buy_3th_pre_req"": ""83"", ""buy_3th_pre_req_pre"": ""0"", ""buy_4th_pre_bid"": ""-602000"", ""buy_4th_pre_req"": ""203"", ""buy_4th_pre_req_pre"": ""0"", ""buy_5th_pre_bid"": ""-601000"", ""buy_5th_pre_req"": ""182"", ""buy_5th_pre_req_pre"": ""0"", ""buy_6th_pre_bid"": ""-600000"", ""buy_6th_pre_req"": ""485"", ""buy_6th_pre_req_pre"": ""0"", ""buy_7th_pre_bid"": ""-599000"", ""buy_7th_pre_req"": ""212"", ""buy_7th_pre_req_pre"": ""0"", ""buy_8th_pre_bid"": ""-598000"", ""buy_8th_pre_req"": ""83"", ""buy_8th_pre_req_pre"": ""0"", ""buy_9th_pre_bid"": ""-597000"", ""buy_9th_pre_req"": ""116"", ""buy_9th_pre_req_pre"": ""0"", ""buy_10th_pre_bid"": ""-596000"", ""buy_10th_pre_req"": ""50"", ""buy_10th_pre_req_pre"": ""0"", ""tot_sel_req_jub_pre"": ""0"", ""tot_sel_req"": ""262"", ""tot_buy_req"": ""1522"", ""tot_buy_req_jub_pre"": ""+1"", ""ovt_sel_req_pre"": ""0"", ""ovt_sel_req"": ""0"", ""ovt_buy_req"": ""0"", ""ovt_buy_req_pre"": ""0"", ""return_code"": 0, ""return_msg"": ""정상적으로 처리되었습니다""}"
2026-06-10,scan_candidate,017960,,0,main_scan,31700,,31700,31650,31700,31700,-0.15772870662460567,0.15772870662460567,,,,,,"{""bid_req_base_tm"": ""104654"", ""sel_10th_pre_req_pre"": ""0"", ""sel_10th_pre_req"": ""74"", ""sel_10th_pre_bid"": ""+32150"", ""sel_9th_pre_req_pre"": ""0"", ""sel_9th_pre_req"": ""575"", ""sel_9th_pre_bid"": ""+32100"", ""sel_8th_pre_req_pre"": ""0"", ""sel_8th_pre_req"": ""166"", ""sel_8th_pre_bid"": ""+32050"", ""sel_7th_pre_req_pre"": ""0"", ""sel_7th_pre_req"": ""1116"", ""sel_7th_pre_bid"": ""+32000"", ""sel_6th_pre_req_pre"": ""0"", ""sel_6th_pre_req"": ""191"", ""sel_6th_pre_bid"": ""+31950"", ""sel_5th_pre_req_pre"": ""0"", ""sel_5th_pre_req"": ""1093"", ""sel_5th_pre_bid"": ""+31900"", ""sel_4th_pre_req_pre"": ""0"", ""sel_4th_pre_req"": ""246"", ""sel_4th_pre_bid"": ""+31850"", ""sel_3th_pre_req_pre"": ""0"", ""sel_3th_pre_req"": ""421"", ""sel_3th_pre_bid"": ""+31800"", ""sel_2th_pre_req_pre"": ""0"", ""sel_2th_pre_req"": ""38"", ""sel_2th_pre_bid"": ""+31750"", ""sel_1th_pre_req_pre"": ""0"", ""sel_fpr_req"": ""76"", ""sel_fpr_bid"": ""+31700"", ""buy_fpr_bid"": ""+31650"", ""buy_fpr_req"": ""177"", ""buy_1th_pre_req_pre"": ""0"", ""buy_2th_pre_bid"": ""+31600"", ""buy_2th_pre_req"": ""63"", ""buy_2th_pre_req_pre"": ""0"", ""buy_3th_pre_bid"": ""+31550"", ""buy_3th_pre_req"": ""1810"", ""buy_3th_pre_req_pre"": ""0"", ""buy_4th_pre_bid"": ""+31500"", ""buy_4th_pre_req"": ""81"", ""buy_4th_pre_req_pre"": ""0"", ""buy_5th_pre_bid"": ""+31450"", ""buy_5th_pre_req"": ""187"", ""buy_5th_pre_req_pre"": ""0"", ""buy_6th_pre_bid"": ""+31400"", ""buy_6th_pre_req"": ""375"", ""buy_6th_pre_req_pre"": ""0"", ""buy_7th_pre_bid"": ""+31350"", ""buy_7th_pre_req"": ""831"", ""buy_7th_pre_req_pre"": ""0"", ""buy_8th_pre_bid"": ""+31300"", ""buy_8th_pre_req"": ""68"", ""buy_8th_pre_req_pre"": ""0"", ""buy_9th_pre_bid"": ""+31250"", ""buy_9th_pre_req"": ""1015"", ""buy_9th_pre_req_pre"": ""0"", ""buy_10th_pre_bid"": ""+31200"", ""buy_10th_pre_req"": ""281"", ""buy_10th_pre_req_pre"": ""+5"", ""tot_sel_req_jub_pre"": ""0"", ""tot_sel_req"": ""3996"", ""tot_buy_req"": ""4888"", ""tot_buy_req_jub_pre"": ""+5"", ""ovt_sel_req_pre"": ""0"", ""ovt_sel_req"": ""0"", ""ovt_buy_req"": ""0"", ""ovt_buy_req_pre"": ""0"", ""return_code"": 0, ""return_msg"": ""정상적으로 처리되었습니다""}"
2026-06-10,scan_candidate,192080,,0,main_scan,71000,,71000,70900,71000,71400,0.42253521126760557,0.14084507042253522,,,,,,"{""bid_req_base_tm"": ""104653"", ""sel_10th_pre_req_pre"": ""0"", ""sel_10th_pre_req"": ""27"", ""sel_10th_pre_bid"": ""+72200"", ""sel_9th_pre_req_pre"": ""0"", ""sel_9th_pre_req"": ""6"", ""sel_9th_pre_bid"": ""+72100"", ""sel_8th_pre_req_pre"": ""0"", ""sel_8th_pre_req"": ""5"", ""sel_8th_pre_bid"": ""72000"", ""sel_7th_pre_req_pre"": ""0"", ""sel_7th_pre_req"": ""16"", ""sel_7th_pre_bid"": ""-71900"", ""sel_6th_pre_req_pre"": ""0"", ""sel_6th_pre_req"": ""5"", ""sel_6th_pre_bid"": ""-71800"", ""sel_5th_pre_req_pre"": ""0"", ""sel_5th_pre_req"": ""22"", ""sel_5th_pre_bid"": ""-71600"", ""sel_4th_pre_req_pre"": ""0"", ""sel_4th_pre_req"": ""33"", ""sel_4th_pre_bid"": ""-71400"", ""sel_3th_pre_req_pre"": ""0"", ""sel_3th_pre_req"": ""44"", ""sel_3th_pre_bid"": ""-71200"", ""sel_2th_pre_req_pre"": ""0"", ""sel_2th_pre_req"": ""46"", ""sel_2th_pre_bid"": ""-71100"", ""sel_1th_pre_req_pre"": ""0"", ""sel_fpr_req"": ""92"", ""sel_fpr_bid"": ""-71000"", ""buy_fpr_bid"": ""-70900"", ""buy_fpr_req"": ""185"", ""buy_1th_pre_req_pre"": ""+7"", ""buy_2th_pre_bid"": ""-70800"", ""buy_2th_pre_req"": ""93"", ""buy_2th_pre_req_pre"": ""0"", ""buy_3th_pre_bid"": ""-70700"", ""buy_3th_pre_req"": ""110"", ""buy_3th_pre_req_pre"": ""0"", ""buy_4th_pre_bid"": ""-70600"", ""buy_4th_pre_req"": ""100"", ""buy_4th_pre_req_pre"": ""0"", ""buy_5th_pre_bid"": ""-70500"", ""buy_5th_pre_req"": ""181"", ""buy_5th_pre_req_pre"": ""0"", ""buy_6th_pre_bid"": ""-70400"", ""buy_6th_pre_req"": ""182"", ""buy_6th_pre_req_pre"": ""0"", ""buy_7th_pre_bid"": ""-70300"", ""buy_7th_pre_req"": ""94"", ""buy_7th_pre_req_pre"": ""0"", ""buy_8th_pre_bid"": ""-70200"", ""buy_8th_pre_req"": ""21"", ""buy_8th_pre_req_pre"": ""0"", ""buy_9th_pre_bid"": ""-70100"", ""buy_9th_pre_req"": ""23"", ""buy_9th_pre_req_pre"": ""0"", ""buy_10th_pre_bid"": ""-70000"", ""buy_10th_pre_req"": ""52"", ""buy_10th_pre_req_pre"": ""0"", ""tot_sel_req_jub_pre"": ""0"", ""tot_sel_req"": ""296"", ""tot_buy_req"": ""1041"", ""tot_buy_req_jub_pre"": ""+7"", ""ovt_sel_req_pre"": ""0"", ""ovt_sel_req"": ""0"", ""ovt_buy_req"": ""0"", ""ovt_buy_req_pre"": ""0"", ""return_code"": 0, ""return_msg"": ""정상적으로 처리되었습니다""}"
2026-06-10,scan_candidate,093370,,0,main_scan,16590,,16590,16580,16590,16600,-0.24110910186859552,0.06027727546714888,,,,,,"{""bid_req_base_tm"": ""104654"", ""sel_10th_pre_req_pre"": ""0"", ""sel_10th_pre_req"": ""1111"", ""sel_10th_pre_bid"": ""+16680"", ""sel_9th_pre_req_pre"": ""0"", ""sel_9th_pre_req"": ""1254"", ""sel_9th_pre_bid"": ""+16670"", ""sel_8th_pre_req_pre"": ""0"", ""sel_8th_pre_req"": ""2568"", ""sel_8th_pre_bid"": ""+16660"", ""sel_7th_pre_req_pre"": ""0"", ""sel_7th_pre_req"": ""4081"", ""sel_7th_pre_bid"": ""+16650"", ""sel_6th_pre_req_pre"": ""0"", ""sel_6th_pre_req"": ""3110"", ""sel_6th_pre_bid"": ""+16640"", ""sel_5th_pre_req_pre"": ""0"", ""sel_5th_pre_req"": ""1079"", ""sel_5th_pre_bid"": ""+16630"", ""sel_4th_pre_req_pre"": ""0"", ""sel_4th_pre_req"": ""2761"", ""sel_4th_pre_bid"": ""+16620"", ""sel_3th_pre_req_pre"": ""0"", ""sel_3th_pre_req"": ""4609"", ""sel_3th_pre_bid"": ""+16610"", ""sel_2th_pre_req_pre"": ""0"", ""sel_2th_pre_req"": ""3024"", ""sel_2th_pre_bid"": ""+16600"", ""sel_1th_pre_req_pre"": ""0"", ""sel_fpr_req"": ""5537"", ""sel_fpr_bid"": ""+16590"", ""buy_fpr_bid"": ""+16580"", ""buy_fpr_req"": ""4686"", ""buy_1th_pre_req_pre"": ""+1675"", ""buy_2th_pre_bid"": ""+16570"", ""buy_2th_pre_req"": ""6284"", ""buy_2th_pre_req_pre"": ""0"", ""buy_3th_pre_bid"": ""+16560"", ""buy_3th_pre_req"": ""4652"", ""buy_3th_pre_req_pre"": ""0"", ""buy_4th_pre_bid"": ""+16550"", ""buy_4th_pre_req"": ""3982"", ""buy_4th_pre_req_pre"": ""0"", ""buy_5th_pre_bid"": ""+16540"", ""buy_5th_pre_req"": ""1347"", ""buy_5th_pre_req_pre"": ""0"", ""buy_6th_pre_bid"": ""+16530"", ""buy_6th_pre_req"": ""4202"", ""buy_6th_pre_req_pre"": ""--18"", ""buy_7th_pre_bid"": ""+16520"", ""buy_7th_pre_req"": ""9989"", ""buy_7th_pre_req_pre"": ""0"", ""buy_8th_pre_bid"": ""+16510"", ""buy_8th_pre_req"": ""3350"", ""buy_8th_pre_req_pre"": ""0"", ""buy_9th_pre_bid"": ""+16500"", ""buy_9th_pre_req"": ""4087"", ""buy_9th_pre_req_pre"": ""0"", ""buy_10th_pre_bid"": ""+16490"", ""buy_10th_pre_req"": ""1444"", ""buy_10th_pre_req_pre"": ""0"", ""tot_sel_req_jub_pre"": ""0"", ""tot_sel_req"": ""29134"", ""tot_buy_req"": ""44023"", ""tot_buy_req_jub_pre"": ""+1657"", ""ovt_sel_req_pre"": ""0"", ""ovt_sel_req"": ""0"", ""ovt_buy_req"": ""0"", ""ovt_buy_req_pre"": ""0"", ""return_code"": 0, ""return_msg"": ""정상적으로 처리되었습니다""}"
2026-06-10,scan_candidate,066575,,0,main_scan,79100,,79100,79000,79100,79000,-0.2528445006321113,0.12642225031605564,,,,,,"{""bid_req_base_tm"": ""104653"", ""sel_10th_pre_req_pre"": ""0"", ""sel_10th_pre_req"": ""1410"", ""sel_10th_pre_bid"": ""-80000"", ""sel_9th_pre_req_pre"": ""0"", ""sel_9th_pre_req"": ""259"", ""sel_9th_pre_bid"": ""-79900"", ""sel_8th_pre_req_pre"": ""0"", ""sel_8th_pre_req"": ""135"", ""sel_8th_pre_bid"": ""-79800"", ""sel_7th_pre_req_pre"": ""0"", ""sel_7th_pre_req"": ""158"", ""sel_7th_pre_bid"": ""-79700"", ""sel_6th_pre_req_pre"": ""0"", ""sel_6th_pre_req"": ""176"", ""sel_6th_pre_bid"": ""-79600"", ""sel_5th_pre_req_pre"": ""0"", ""sel_5th_pre_req"": ""114"", ""sel_5th_pre_bid"": ""-79500"", ""sel_4th_pre_req_pre"": ""0"", ""sel_4th_pre_req"": ""123"", ""sel_4th_pre_bid"": ""-79400"", ""sel_3th_pre_req_pre"": ""0"", ""sel_3th_pre_req"": ""96"", ""sel_3th_pre_bid"": ""-79300"", ""sel_2th_pre_req_pre"": ""0"", ""sel_2th_pre_req"": ""91"", ""sel_2th_pre_bid"": ""-79200"", ""sel_1th_pre_req_pre"": ""0"", ""sel_fpr_req"": ""501"", ""sel_fpr_bid"": ""-79100"", ""buy_fpr_bid"": ""-79000"", ""buy_fpr_req"": ""117"", ""buy_1th_pre_req_pre"": ""0"", ""buy_2th_pre_bid"": ""-78900"", ""buy_2th_pre_req"": ""139"", ""buy_2th_pre_req_pre"": ""0"", ""buy_3th_pre_bid"": ""-78800"", ""buy_3th_pre_req"": ""271"", ""buy_3th_pre_req_pre"": ""0"", ""buy_4th_pre_bid"": ""-78700"", ""buy_4th_pre_req"": ""220"", ""buy_4th_pre_req_pre"": ""+1"", ""buy_5th_pre_bid"": ""-78600"", ""buy_5th_pre_req"": ""260"", ""buy_5th_pre_req_pre"": ""0"", ""buy_6th_pre_bid"": ""-78500"", ""buy_6th_pre_req"": ""366"", ""buy_6th_pre_req_pre"": ""0"", ""buy_7th_pre_bid"": ""-78400"", ""buy_7th_pre_req"": ""109"", ""buy_7th_pre_req_pre"": ""0"", ""buy_8th_pre_bid"": ""-78300"", ""buy_8th_pre_req"": ""113"", ""buy_8th_pre_req_pre"": ""0"", ""buy_9th_pre_bid"": ""-78200"", ""buy_9th_pre_req"": ""189"", ""buy_9th_pre_req_pre"": ""0"", ""buy_10th_pre_bid"": ""-78100"", ""buy_10th_pre_req"": ""272"", ""buy_10th_pre_req_pre"": ""0"", ""tot_sel_req_jub_pre"": ""0"", ""tot_sel_req"": ""3063"", ""tot_buy_req"": ""2056"", ""tot_buy_req_jub_pre"": ""+1"", ""ovt_sel_req_pre"": ""0"", ""ovt_sel_req"": ""0"", ""ovt_buy_req"": ""0"", ""ovt_buy_req_pre"": ""0"", ""return_code"": 0, ""return_msg"": ""정상적으로 처리되었습니다""}"
2026-06-10,scan_candidate,181710,,0,main_scan,41300,,41300,41250,41300,41150,-0.48426150121065376,0.12106537530266344,,,,,,"{""bid_req_base_tm"": ""104654"", ""sel_10th_pre_req_pre"": ""0"", ""sel_10th_pre_req"": ""2"", ""sel_10th_pre_bid"": ""-41750"", ""sel_9th_pre_req_pre"": ""0"", ""sel_9th_pre_req"": ""22"", ""sel_9th_pre_bid"": ""-41700"", ""sel_8th_pre_req_pre"": ""0"", ""sel_8th_pre_req"": ""500"", ""sel_8th_pre_bid"": ""-41650"", ""sel_7th_pre_req_pre"": ""0"", ""sel_7th_pre_req"": ""26"", ""sel_7th_pre_bid"": ""-41600"", ""sel_6th_pre_req_pre"": ""0"", ""sel_6th_pre_req"": ""5"", ""sel_6th_pre_bid"": ""-41550"", ""sel_5th_pre_req_pre"": ""0"", ""sel_5th_pre_req"": ""346"", ""sel_5th_pre_bid"": ""-41500"", ""sel_4th_pre_req_pre"": ""0"", ""sel_4th_pre_req"": ""28"", ""sel_4th_pre_bid"": ""-41450"", ""sel_3th_pre_req_pre"": ""0"", ""sel_3th_pre_req"": ""2"", ""sel_3th_pre_bid"": ""-41400"", ""sel_2th_pre_req_pre"": ""+2"", ""sel_2th_pre_req"": ""383"", ""sel_2th_pre_bid"": ""-41350"", ""sel_1th_pre_req_pre"": ""0"", ""sel_fpr_req"": ""11"", ""sel_fpr_bid"": ""-41300"", ""buy_fpr_bid"": ""-41250"", ""buy_fpr_req"": ""27"", ""buy_1th_pre_req_pre"": ""0"", ""buy_2th_pre_bid"": ""-41200"", ""buy_2th_pre_req"": ""21"", ""buy_2th_pre_req_pre"": ""0"", ""buy_3th_pre_bid"": ""-41150"", ""buy_3th_pre_req"": ""174"", ""buy_3th_pre_req_pre"": ""0"", ""buy_4th_pre_bid"": ""-41100"", ""buy_4th_pre_req"": ""71"", ""buy_4th_pre_req_pre"": ""0"", ""buy_5th_pre_bid"": ""-41050"", ""buy_5th_pre_req"": ""1"", ""buy_5th_pre_req_pre"": ""0"", ""buy_6th_pre_bid"": ""-41000"", ""buy_6th_pre_req"": ""246"", ""buy_6th_pre_req_pre"": ""0"", ""buy_7th_pre_bid"": ""-40950"", ""buy_7th_pre_req"": ""1"", ""buy_7th_pre_req_pre"": ""0"", ""buy_8th_pre_bid"": ""-40900"", ""buy_8th_pre_req"": ""5"", ""buy_8th_pre_req_pre"": ""0"", ""buy_9th_pre_bid"": ""-40850"", ""buy_9th_pre_req"": ""2"", ""buy_9th_pre_req_pre"": ""0"", ""buy_10th_pre_bid"": ""-40800"", ""buy_10th_pre_req"": ""5"", ""buy_10th_pre_req_pre"": ""0"", ""tot_sel_req_jub_pre"": ""+2"", ""tot_sel_req"": ""1325"", ""tot_buy_req"": ""553"", ""tot_buy_req_jub_pre"": ""0"", ""ovt_sel_req_pre"": ""0"", ""ovt_sel_req"": ""0"", ""ovt_buy_req"": ""0"", ""ovt_buy_req_pre"": ""0"", ""return_code"": 0, ""return_msg"": ""정상적으로 처리되었습니다""}"
2026-06-10,scan_candidate,034230,,0,main_scan,15200,,15200,15190,15200,15150,-0.6578947368421052,0.06578947368421052,,,,,,"{""bid_req_base_tm"": ""104655"", ""sel_10th_pre_req_pre"": ""0"", ""sel_10th_pre_req"": ""342"", ""sel_10th_pre_bid"": ""+15360"", ""sel_9th_pre_req_pre"": ""0"", ""sel_9th_pre_req"": ""70"", ""sel_9th_pre_bid"": ""+15350"", ""sel_8th_pre_req_pre"": ""0"", ""sel_8th_pre_req"": ""51"", ""sel_8th_pre_bid"": ""+15340"", ""sel_7th_pre_req_pre"": ""0"", ""sel_7th_pre_req"": ""10"", ""sel_7th_pre_bid"": ""+15330"", ""sel_6th_pre_req_pre"": ""0"", ""sel_6th_pre_req"": ""1102"", ""sel_6th_pre_bid"": ""+15300"", ""sel_5th_pre_req_pre"": ""0"", ""sel_5th_pre_req"": ""20"", ""sel_5th_pre_bid"": ""+15290"", ""sel_4th_pre_req_pre"": ""0"", ""sel_4th_pre_req"": ""211"", ""sel_4th_pre_bid"": ""+15270"", ""sel_3th_pre_req_pre"": ""0"", ""sel_3th_pre_req"": ""10"", ""sel_3th_pre_bid"": ""+15260"", ""sel_2th_pre_req_pre"": ""0"", ""sel_2th_pre_req"": ""16"", ""sel_2th_pre_bid"": ""+15250"", ""sel_1th_pre_req_pre"": ""--12"", ""sel_fpr_req"": ""462"", ""sel_fpr_bid"": ""+15200"", ""buy_fpr_bid"": ""+15190"", ""buy_fpr_req"": ""60"", ""buy_1th_pre_req_pre"": ""0"", ""buy_2th_pre_bid"": ""+15180"", ""buy_2th_pre_req"": ""89"", ""buy_2th_pre_req_pre"": ""0"", ""buy_3th_pre_bid"": ""+15160"", ""buy_3th_pre_req"": ""115"", ""buy_3th_pre_req_pre"": ""0"", ""buy_4th_pre_bid"": ""+15150"", ""buy_4th_pre_req"": ""261"", ""buy_4th_pre_req_pre"": ""0"", ""buy_5th_pre_bid"": ""+15140"", ""buy_5th_pre_req"": ""2"", ""buy_5th_pre_req_pre"": ""0"", ""buy_6th_pre_bid"": ""+15130"", ""buy_6th_pre_req"": ""50"", ""buy_6th_pre_req_pre"": ""0"", ""buy_7th_pre_bid"": ""+15110"", ""buy_7th_pre_req"": ""85"", ""buy_7th_pre_req_pre"": ""0"", ""buy_8th_pre_bid"": ""+15100"", ""buy_8th_pre_req"": ""1078"", ""buy_8th_pre_req_pre"": ""0"", ""buy_9th_pre_bid"": ""+15090"", ""buy_9th_pre_req"": ""1"", ""buy_9th_pre_req_pre"": ""0"", ""buy_10th_pre_bid"": ""+15080"", ""buy_10th_pre_req"": ""68"", ""buy_10th_pre_req_pre"": ""0"", ""tot_sel_req_jub_pre"": ""--12"", ""tot_sel_req"": ""2294"", ""tot_buy_req"": ""1809"", ""tot_buy_req_jub_pre"": ""0"", ""ovt_sel_req_pre"": ""0"", ""ovt_sel_req"": ""0"", ""ovt_buy_req"": ""0"", ""ovt_buy_req_pre"": ""0"", ""return_code"": 0, ""return_msg"": ""정상적으로 처리되었습니다""}"
2026-06-10,scan_candidate,281820,,0,main_scan,67800,,67800,67700,67800,68000,0.14749262536873156,0.14749262536873156,,,,,,"{""bid_req_base_tm"": ""104652"", ""sel_10th_pre_req_pre"": ""0"", ""sel_10th_pre_req"": ""74"", ""sel_10th_pre_bid"": ""+68700"", ""sel_9th_pre_req_pre"": ""0"", ""sel_9th_pre_req"": ""393"", ""sel_9th_pre_bid"": ""+68600"", ""sel_8th_pre_req_pre"": ""0"", ""sel_8th_pre_req"": ""113"", ""sel_8th_pre_bid"": ""+68500"", ""sel_7th_pre_req_pre"": ""0"", ""sel_7th_pre_req"": ""2"", ""sel_7th_pre_bid"": ""+68400"", ""sel_6th_pre_req_pre"": ""0"", ""sel_6th_pre_req"": ""16"", ""sel_6th_pre_bid"": ""+68300"", ""sel_5th_pre_req_pre"": ""0"", ""sel_5th_pre_req"": ""1"", ""sel_5th_pre_bid"": ""+68200"", ""sel_4th_pre_req_pre"": ""0"", ""sel_4th_pre_req"": ""2"", ""sel_4th_pre_bid"": ""+68100"", ""sel_3th_pre_req_pre"": ""0"", ""sel_3th_pre_req"": ""14"", ""sel_3th_pre_bid"": ""+68000"", ""sel_2th_pre_req_pre"": ""0"", ""sel_2th_pre_req"": ""234"", ""sel_2th_pre_bid"": ""+67900"", ""sel_1th_pre_req_pre"": ""0"", ""sel_fpr_req"": ""38"", ""sel_fpr_bid"": ""+67800"", ""buy_fpr_bid"": ""+67700"", ""buy_fpr_req"": ""2"", ""buy_1th_pre_req_pre"": ""0"", ""buy_2th_pre_bid"": ""+67600"", ""buy_2th_pre_req"": ""51"", ""buy_2th_pre_req_pre"": ""0"", ""buy_3th_pre_bid"": ""+67500"", ""buy_3th_pre_req"": ""102"", ""buy_3th_pre_req_pre"": ""0"", ""buy_4th_pre_bid"": ""+67400"", ""buy_4th_pre_req"": ""502"", ""buy_4th_pre_req_pre"": ""0"", ""buy_5th_pre_bid"": ""+67300"", ""buy_5th_pre_req"": ""497"", ""buy_5th_pre_req_pre"": ""0"", ""buy_6th_pre_bid"": ""+67200"", ""buy_6th_pre_req"": ""395"", ""buy_6th_pre_req_pre"": ""0"", ""buy_7th_pre_bid"": ""+67100"", ""buy_7th_pre_req"": ""11"", ""buy_7th_pre_req_pre"": ""0"", ""buy_8th_pre_bid"": ""+67000"", ""buy_8th_pre_req"": ""459"", ""buy_8th_pre_req_pre"": ""0"", ""buy_9th_pre_bid"": ""+66900"", ""buy_9th_pre_req"": ""102"", ""buy_9th_pre_req_pre"": ""0"", ""buy_10th_pre_bid"": ""+66800"", ""buy_10th_pre_req"": ""25"", ""buy_10th_pre_req_pre"": ""0"", ""tot_sel_req_jub_pre"": ""--69"", ""tot_sel_req"": ""887"", ""tot_buy_req"": ""2146"", ""tot_buy_req_jub_pre"": ""0"", ""ovt_sel_req_pre"": ""0"", ""ovt_sel_req"": ""0"", ""ovt_buy_req"": ""0"", ""ovt_buy_req_pre"": ""0"", ""return_code"": 0, ""return_msg"": ""정상적으로 처리되었습니다""}"
2026-06-10,scan_candidate,195870,,0,main_scan,77600,,77600,77200,77600,77500,-0.25773195876288657,0.5154639175257731,,,,,,"{""bid_req_base_tm"": ""104649"", ""sel_10th_pre_req_pre"": ""0"", ""sel_10th_pre_req"": ""1186"", ""sel_10th_pre_bid"": ""+78800"", ""sel_9th_pre_req_pre"": ""0"", ""sel_9th_pre_req"": ""341"", ""sel_9th_pre_bid"": ""+78700"", ""sel_8th_pre_req_pre"": ""0"", ""sel_8th_pre_req"": ""364"", ""sel_8th_pre_bid"": ""+78600"", ""sel_7th_pre_req_pre"": ""+5"", ""sel_7th_pre_req"": ""352"", ""sel_7th_pre_bid"": ""+78500"", ""sel_6th_pre_req_pre"": ""0"", ""sel_6th_pre_req"": ""13"", ""sel_6th_pre_bid"": ""+78400"", ""sel_5th_pre_req_pre"": ""0"", ""sel_5th_pre_req"": ""100"", ""sel_5th_pre_bid"": ""+78300"", ""sel_4th_pre_req_pre"": ""0"", ""sel_4th_pre_req"": ""50"", ""sel_4th_pre_bid"": ""+78200"", ""sel_3th_pre_req_pre"": ""0"", ""sel_3th_pre_req"": ""12"", ""sel_3th_pre_bid"": ""+78100"", ""sel_2th_pre_req_pre"": ""0"", ""sel_2th_pre_req"": ""91"", ""sel_2th_pre_bid"": ""+78000"", ""sel_1th_pre_req_pre"": ""0"", ""sel_fpr_req"": ""22"", ""sel_fpr_bid"": ""+77600"", ""buy_fpr_bid"": ""+77200"", ""buy_fpr_req"": ""30"", ""buy_1th_pre_req_pre"": ""0"", ""buy_2th_pre_bid"": ""+77100"", ""buy_2th_pre_req"": ""66"", ""buy_2th_pre_req_pre"": ""0"", ""buy_3th_pre_bid"": ""+77000"", ""buy_3th_pre_req"": ""165"", ""buy_3th_pre_req_pre"": ""0"", ""buy_4th_pre_bid"": ""+76900"", ""buy_4th_pre_req"": ""129"", ""buy_4th_pre_req_pre"": ""0"", ""buy_5th_pre_bid"": ""+76800"", ""buy_5th_pre_req"": ""333"", ""buy_5th_pre_req_pre"": ""0"", ""buy_6th_pre_bid"": ""+76700"", ""buy_6th_pre_req"": ""50"", ""buy_6th_pre_req_pre"": ""0"", ""buy_7th_pre_bid"": ""+76600"", ""buy_7th_pre_req"": ""115"", ""buy_7th_pre_req_pre"": ""0"", ""buy_8th_pre_bid"": ""+76500"", ""buy_8th_pre_req"": ""307"", ""buy_8th_pre_req_pre"": ""0"", ""buy_9th_pre_bid"": ""+76400"", ""buy_9th_pre_req"": ""251"", ""buy_9th_pre_req_pre"": ""0"", ""buy_10th_pre_bid"": ""+76300"", ""buy_10th_pre_req"": ""261"", ""buy_10th_pre_req_pre"": ""0"", ""tot_sel_req_jub_pre"": ""+5"", ""tot_sel_req"": ""2531"", ""tot_buy_req"": ""1707"", ""tot_buy_req_jub_pre"": ""0"", ""ovt_sel_req_pre"": ""0"", ""ovt_sel_req"": ""0"", ""ovt_buy_req"": ""0"", ""ovt_buy_req_pre"": ""0"", ""return_code"": 0, ""return_msg"": ""정상적으로 처리되었습니다""}"
2026-06-10,scan_candidate,001820,,0,main_scan,117200,,117200,117000,117200,117000,-0.5972696245733788,0.17064846416382254,,,,,,"{""bid_req_base_tm"": ""104655"", ""sel_10th_pre_req_pre"": ""0"", ""sel_10th_pre_req"": ""206"", ""sel_10th_pre_bid"": ""-118100"", ""sel_9th_pre_req_pre"": ""0"", ""sel_9th_pre_req"": ""137"", ""sel_9th_pre_bid"": ""-118000"", ""sel_8th_pre_req_pre"": ""0"", ""sel_8th_pre_req"": ""78"", ""sel_8th_pre_bid"": ""-117900"", ""sel_7th_pre_req_pre"": ""0"", ""sel_7th_pre_req"": ""16"", ""sel_7th_pre_bid"": ""-117800"", ""sel_6th_pre_req_pre"": ""0"", ""sel_6th_pre_req"": ""4"", ""sel_6th_pre_bid"": ""-117700"", ""sel_5th_pre_req_pre"": ""0"", ""sel_5th_pre_req"": ""6"", ""sel_5th_pre_bid"": ""-117600"", ""sel_4th_pre_req_pre"": ""0"", ""sel_4th_pre_req"": ""5"", ""sel_4th_pre_bid"": ""-117500"", ""sel_3th_pre_req_pre"": ""0"", ""sel_3th_pre_req"": ""3"", ""sel_3th_pre_bid"": ""-117400"", ""sel_2th_pre_req_pre"": ""0"", ""sel_2th_pre_req"": ""32"", ""sel_2th_pre_bid"": ""-117300"", ""sel_1th_pre_req_pre"": ""0"", ""sel_fpr_req"": ""2"", ""sel_fpr_bid"": ""-117200"", ""buy_fpr_bid"": ""-117000"", ""buy_fpr_req"": ""17"", ""buy_1th_pre_req_pre"": ""0"", ""buy_2th_pre_bid"": ""-116900"", ""buy_2th_pre_req"": ""23"", ""buy_2th_pre_req_pre"": ""0"", ""buy_3th_pre_bid"": ""-116800"", ""buy_3th_pre_req"": ""49"", ""buy_3th_pre_req_pre"": ""0"", ""buy_4th_pre_bid"": ""-116700"", ""buy_4th_pre_req"": ""59"", ""buy_4th_pre_req_pre"": ""0"", ""buy_5th_pre_bid"": ""-116600"", ""buy_5th_pre_req"": ""185"", ""buy_5th_pre_req_pre"": ""0"", ""buy_6th_pre_bid"": ""-116500"", ""buy_6th_pre_req"": ""360"", ""buy_6th_pre_req_pre"": ""0"", ""buy_7th_pre_bid"": ""-116400"", ""buy_7th_pre_req"": ""74"", ""buy_7th_pre_req_pre"": ""0"", ""buy_8th_pre_bid"": ""-116300"", ""buy_8th_pre_req"": ""9"", ""buy_8th_pre_req_pre"": ""0"", ""buy_9th_pre_bid"": ""-116200"", ""buy_9th_pre_req"": ""736"", ""buy_9th_pre_req_pre"": ""0"", ""buy_10th_pre_bid"": ""-116100"", ""buy_10th_pre_req"": ""38"", ""buy_10th_pre_req_pre"": ""+3"", ""tot_sel_req_jub_pre"": ""0"", ""tot_sel_req"": ""489"", ""tot_buy_req"": ""1550"", ""tot_buy_req_jub_pre"": ""+3"", ""ovt_sel_req_pre"": ""0"", ""ovt_sel_req"": ""0"", ""ovt_buy_req"": ""0"", ""ovt_buy_req_pre"": ""0"", ""return_code"": 0, ""return_msg"": ""정상적으로 처리되었습니다""}"
2026-06-10,scan_candidate,000815,,0,main_scan,400500,,400500,398000,400500,399500,-0.37453183520599254,0.6242197253433208,,,,,,"{""bid_req_base_tm"": ""104648"", ""sel_10th_pre_req_pre"": ""0"", ""sel_10th_pre_req"": ""74"", ""sel_10th_pre_bid"": ""-405500"", ""sel_9th_pre_req_pre"": ""0"", ""sel_9th_pre_req"": ""112"", ""sel_9th_pre_bid"": ""-405000"", ""sel_8th_pre_req_pre"": ""0"", ""sel_8th_pre_req"": ""129"", ""sel_8th_pre_bid"": ""-404500"", ""sel_7th_pre_req_pre"": ""0"", ""sel_7th_pre_req"": ""134"", ""sel_7th_pre_bid"": ""-404000"", ""sel_6th_pre_req_pre"": ""0"", ""sel_6th_pre_req"": ""79"", ""sel_6th_pre_bid"": ""-403500"", ""sel_5th_pre_req_pre"": ""0"", ""sel_5th_pre_req"": ""44"", ""sel_5th_pre_bid"": ""-403000"", ""sel_4th_pre_req_pre"": ""0"", ""sel_4th_pre_req"": ""2"", ""sel_4th_pre_bid"": ""-402500"", ""sel_3th_pre_req_pre"": ""0"", ""sel_3th_pre_req"": ""65"", ""sel_3th_pre_bid"": ""-401500"", ""sel_2th_pre_req_pre"": ""0"", ""sel_2th_pre_req"": ""51"", ""sel_2th_pre_bid"": ""-401000"", ""sel_1th_pre_req_pre"": ""0"", ""sel_fpr_req"": ""32"", ""sel_fpr_bid"": ""-400500"", ""buy_fpr_bid"": ""-398000"", ""buy_fpr_req"": ""42"", ""buy_1th_pre_req_pre"": ""+14"", ""buy_2th_pre_bid"": ""-397500"", ""buy_2th_pre_req"": ""154"", ""buy_2th_pre_req_pre"": ""0"", ""buy_3th_pre_bid"": ""-397000"", ""buy_3th_pre_req"": ""69"", ""buy_3th_pre_req_pre"": ""0"", ""buy_4th_pre_bid"": ""-396500"", ""buy_4th_pre_req"": ""15"", ""buy_4th_pre_req_pre"": ""0"", ""buy_5th_pre_bid"": ""-396000"", ""buy_5th_pre_req"": ""34"", ""buy_5th_pre_req_pre"": ""0"", ""buy_6th_pre_bid"": ""-395500"", ""buy_6th_pre_req"": ""10"", ""buy_6th_pre_req_pre"": ""0"", ""buy_7th_pre_bid"": ""-395000"", ""buy_7th_pre_req"": ""63"", ""buy_7th_pre_req_pre"": ""0"", ""buy_8th_pre_bid"": ""-394500"", ""buy_8th_pre_req"": ""14"", ""buy_8th_pre_req_pre"": ""0"", ""buy_9th_pre_bid"": ""-394000"", ""buy_9th_pre_req"": ""8"", ""buy_9th_pre_req_pre"": ""0"", ""buy_10th_pre_bid"": ""-393500"", ""buy_10th_pre_req"": ""335"", ""buy_10th_pre_req_pre"": ""0"", ""tot_sel_req_jub_pre"": ""0"", ""tot_sel_req"": ""722"", ""tot_buy_req"": ""744"", ""tot_buy_req_jub_pre"": ""+14"", ""ovt_sel_req_pre"": ""0"", ""ovt_sel_req"": ""0"", ""ovt_buy_req"": ""0"", ""ovt_buy_req_pre"": ""0"", ""return_code"": 0, ""return_msg"": ""정상적으로 처리되었습니다""}"
2026-06-10,scan_candidate,499790,,0,main_scan,50700,,50700,50600,50700,50400,-0.7889546351084813,0.19723865877712032,,,,,,"{""bid_req_base_tm"": ""104655"", ""sel_10th_pre_req_pre"": ""0"", ""sel_10th_pre_req"": ""163"", ""sel_10th_pre_bid"": ""+51600"", ""sel_9th_pre_req_pre"": ""0"", ""sel_9th_pre_req"": ""554"", ""sel_9th_pre_bid"": ""+51500"", ""sel_8th_pre_req_pre"": ""0"", ""sel_8th_pre_req"": ""540"", ""sel_8th_pre_bid"": ""+51400"", ""sel_7th_pre_req_pre"": ""0"", ""sel_7th_pre_req"": ""642"", ""sel_7th_pre_bid"": ""+51300"", ""sel_6th_pre_req_pre"": ""0"", ""sel_6th_pre_req"": ""1209"", ""sel_6th_pre_bid"": ""+51200"", ""sel_5th_pre_req_pre"": ""0"", ""sel_5th_pre_req"": ""1043"", ""sel_5th_pre_bid"": ""+51100"", ""sel_4th_pre_req_pre"": ""0"", ""sel_4th_pre_req"": ""355"", ""sel_4th_pre_bid"": ""+51000"", ""sel_3th_pre_req_pre"": ""0"", ""sel_3th_pre_req"": ""112"", ""sel_3th_pre_bid"": ""+50900"", ""sel_2th_pre_req_pre"": ""0"", ""sel_2th_pre_req"": ""22"", ""sel_2th_pre_bid"": ""+50800"", ""sel_1th_pre_req_pre"": ""+11"", ""sel_fpr_req"": ""113"", ""sel_fpr_bid"": ""+50700"", ""buy_fpr_bid"": ""+50600"", ""buy_fpr_req"": ""146"", ""buy_1th_pre_req_pre"": ""0"", ""buy_2th_pre_bid"": ""+50500"", ""buy_2th_pre_req"": ""21"", ""buy_2th_pre_req_pre"": ""0"", ""buy_3th_pre_bid"": ""+50400"", ""buy_3th_pre_req"": ""1"", ""buy_3th_pre_req_pre"": ""0"", ""buy_4th_pre_bid"": ""+50300"", ""buy_4th_pre_req"": ""47"", ""buy_4th_pre_req_pre"": ""0"", ""buy_5th_pre_bid"": ""+50200"", ""buy_5th_pre_req"": ""12"", ""buy_5th_pre_req_pre"": ""0"", ""buy_6th_pre_bid"": ""+50100"", ""buy_6th_pre_req"": ""45"", ""buy_6th_pre_req_pre"": ""0"", ""buy_7th_pre_bid"": ""+50000"", ""buy_7th_pre_req"": ""30"", ""buy_7th_pre_req_pre"": ""0"", ""buy_8th_pre_bid"": ""+49950"", ""buy_8th_pre_req"": ""26"", ""buy_8th_pre_req_pre"": ""0"", ""buy_9th_pre_bid"": ""+49900"", ""buy_9th_pre_req"": ""127"", ""buy_9th_pre_req_pre"": ""0"", ""buy_10th_pre_bid"": ""+49850"", ""buy_10th_pre_req"": ""64"", ""buy_10th_pre_req_pre"": ""0"", ""tot_sel_req_jub_pre"": ""+11"", ""tot_sel_req"": ""4753"", ""tot_buy_req"": ""519"", ""tot_buy_req_jub_pre"": ""0"", ""ovt_sel_req_pre"": ""0"", ""ovt_sel_req"": ""0"", ""ovt_buy_req"": ""0"", ""ovt_buy_req_pre"": ""0"", ""return_code"": 0, ""return_msg"": ""정상적으로 처리되었습니다""}"
2026-06-10,scan_candidate,100090,,0,main_scan,16430,,16430,16420,16430,16450,-0.18259281801582472,0.06086427267194157,,,,,,"{""bid_req_base_tm"": ""104656"", ""sel_10th_pre_req_pre"": ""0"", ""sel_10th_pre_req"": ""322"", ""sel_10th_pre_bid"": ""+16540"", ""sel_9th_pre_req_pre"": ""0"", ""sel_9th_pre_req"": ""57"", ""sel_9th_pre_bid"": ""+16530"", ""sel_8th_pre_req_pre"": ""0"", ""sel_8th_pre_req"": ""2"", ""sel_8th_pre_bid"": ""+16520"", ""sel_7th_pre_req_pre"": ""0"", ""sel_7th_pre_req"": ""16"", ""sel_7th_pre_bid"": ""+16500"", ""sel_6th_pre_req_pre"": ""0"", ""sel_6th_pre_req"": ""300"", ""sel_6th_pre_bid"": ""+16490"", ""sel_5th_pre_req_pre"": ""0"", ""sel_5th_pre_req"": ""126"", ""sel_5th_pre_bid"": ""+16470"", ""sel_4th_pre_req_pre"": ""0"", ""sel_4th_pre_req"": ""157"", ""sel_4th_pre_bid"": ""+16460"", ""sel_3th_pre_req_pre"": ""0"", ""sel_3th_pre_req"": ""14"", ""sel_3th_pre_bid"": ""+16450"", ""sel_2th_pre_req_pre"": ""0"", ""sel_2th_pre_req"": ""800"", ""sel_2th_pre_bid"": ""+16440"", ""sel_1th_pre_req_pre"": ""--50"", ""sel_fpr_req"": ""99"", ""sel_fpr_bid"": ""+16430"", ""buy_fpr_bid"": ""+16420"", ""buy_fpr_req"": ""644"", ""buy_1th_pre_req_pre"": ""0"", ""buy_2th_pre_bid"": ""+16410"", ""buy_2th_pre_req"": ""1800"", ""buy_2th_pre_req_pre"": ""0"", ""buy_3th_pre_bid"": ""+16400"", ""buy_3th_pre_req"": ""2745"", ""buy_3th_pre_req_pre"": ""0"", ""buy_4th_pre_bid"": ""+16390"", ""buy_4th_pre_req"": ""428"", ""buy_4th_pre_req_pre"": ""0"", ""buy_5th_pre_bid"": ""+16380"", ""buy_5th_pre_req"": ""1221"", ""buy_5th_pre_req_pre"": ""0"", ""buy_6th_pre_bid"": ""+16370"", ""buy_6th_pre_req"": ""709"", ""buy_6th_pre_req_pre"": ""0"", ""buy_7th_pre_bid"": ""+16360"", ""buy_7th_pre_req"": ""492"", ""buy_7th_pre_req_pre"": ""0"", ""buy_8th_pre_bid"": ""+16350"", ""buy_8th_pre_req"": ""827"", ""buy_8th_pre_req_pre"": ""0"", ""buy_9th_pre_bid"": ""+16340"", ""buy_9th_pre_req"": ""174"", ""buy_9th_pre_req_pre"": ""0"", ""buy_10th_pre_bid"": ""+16330"", ""buy_10th_pre_req"": ""270"", ""buy_10th_pre_req_pre"": ""0"", ""tot_sel_req_jub_pre"": ""--50"", ""tot_sel_req"": ""1893"", ""tot_buy_req"": ""9310"", ""tot_buy_req_jub_pre"": ""0"", ""ovt_sel_req_pre"": ""0"", ""ovt_sel_req"": ""0"", ""ovt_buy_req"": ""0"", ""ovt_buy_req_pre"": ""0"", ""return_code"": 0, ""return_msg"": ""정상적으로 처리되었습니다""}"
2026-06-10,scan_candidate,003160,,0,main_scan,29050,,29050,29000,29050,29000,-0.34423407917383825,0.17211703958691912,,,,,,"{""bid_req_base_tm"": ""104656"", ""sel_10th_pre_req_pre"": ""0"", ""sel_10th_pre_req"": ""2669"", ""sel_10th_pre_bid"": ""+29500"", ""sel_9th_pre_req_pre"": ""0"", ""sel_9th_pre_req"": ""349"", ""sel_9th_pre_bid"": ""+29450"", ""sel_8th_pre_req_pre"": ""0"", ""sel_8th_pre_req"": ""352"", ""sel_8th_pre_bid"": ""+29400"", ""sel_7th_pre_req_pre"": ""0"", ""sel_7th_pre_req"": ""223"", ""sel_7th_pre_bid"": ""+29350"", ""sel_6th_pre_req_pre"": ""0"", ""sel_6th_pre_req"": ""440"", ""sel_6th_pre_bid"": ""+29300"", ""sel_5th_pre_req_pre"": ""0"", ""sel_5th_pre_req"": ""334"", ""sel_5th_pre_bid"": ""+29250"", ""sel_4th_pre_req_pre"": ""0"", ""sel_4th_pre_req"": ""422"", ""sel_4th_pre_bid"": ""+29200"", ""sel_3th_pre_req_pre"": ""0"", ""sel_3th_pre_req"": ""28"", ""sel_3th_pre_bid"": ""+29150"", ""sel_2th_pre_req_pre"": ""0"", ""sel_2th_pre_req"": ""102"", ""sel_2th_pre_bid"": ""+29100"", ""sel_1th_pre_req_pre"": ""0"", ""sel_fpr_req"": ""57"", ""sel_fpr_bid"": ""+29050"", ""buy_fpr_bid"": ""+29000"", ""buy_fpr_req"": ""248"", ""buy_1th_pre_req_pre"": ""--2"", ""buy_2th_pre_bid"": ""+28950"", ""buy_2th_pre_req"": ""96"", ""buy_2th_pre_req_pre"": ""0"", ""buy_3th_pre_bid"": ""+28900"", ""buy_3th_pre_req"": ""314"", ""buy_3th_pre_req_pre"": ""0"", ""buy_4th_pre_bid"": ""+28850"", ""buy_4th_pre_req"": ""344"", ""buy_4th_pre_req_pre"": ""0"", ""buy_5th_pre_bid"": ""+28800"", ""buy_5th_pre_req"": ""383"", ""buy_5th_pre_req_pre"": ""0"", ""buy_6th_pre_bid"": ""+28750"", ""buy_6th_pre_req"": ""331"", ""buy_6th_pre_req_pre"": ""0"", ""buy_7th_pre_bid"": ""+28700"", ""buy_7th_pre_req"": ""32"", ""buy_7th_pre_req_pre"": ""0"", ""buy_8th_pre_bid"": ""+28650"", ""buy_8th_pre_req"": ""51"", ""buy_8th_pre_req_pre"": ""0"", ""buy_9th_pre_bid"": ""+28600"", ""buy_9th_pre_req"": ""103"", ""buy_9th_pre_req_pre"": ""0"", ""buy_10th_pre_bid"": ""+28550"", ""buy_10th_pre_req"": ""264"", ""buy_10th_pre_req_pre"": ""0"", ""tot_sel_req_jub_pre"": ""0"", ""tot_sel_req"": ""4976"", ""tot_buy_req"": ""2166"", ""tot_buy_req_jub_pre"": ""--2"", ""ovt_sel_req_pre"": ""0"", ""ovt_sel_req"": ""0"", ""ovt_buy_req"": ""0"", ""ovt_buy_req_pre"": ""0"", ""return_code"": 0, ""return_msg"": ""정상적으로 처리되었습니다""}"
2026-06-10,scan_candidate,000370,,0,main_scan,6510,,6510,6500,6510,6550,0.4608294930875576,0.15360983102918588,,,,,,"{""bid_req_base_tm"": ""104655"", ""sel_10th_pre_req_pre"": ""0"", ""sel_10th_pre_req"": ""1003"", ""sel_10th_pre_bid"": ""+6610"", ""sel_9th_pre_req_pre"": ""0"", ""sel_9th_pre_req"": ""305"", ""sel_9th_pre_bid"": ""+6600"", ""sel_8th_pre_req_pre"": ""0"", ""sel_8th_pre_req"": ""11"", ""sel_8th_pre_bid"": ""+6590"", ""sel_7th_pre_req_pre"": ""0"", ""sel_7th_pre_req"": ""120"", ""sel_7th_pre_bid"": ""+6580"", ""sel_6th_pre_req_pre"": ""0"", ""sel_6th_pre_req"": ""751"", ""sel_6th_pre_bid"": ""+6570"", ""sel_5th_pre_req_pre"": ""0"", ""sel_5th_pre_req"": ""101"", ""sel_5th_pre_bid"": ""+6560"", ""sel_4th_pre_req_pre"": ""0"", ""sel_4th_pre_req"": ""1010"", ""sel_4th_pre_bid"": ""+6550"", ""sel_3th_pre_req_pre"": ""0"", ""sel_3th_pre_req"": ""2009"", ""sel_3th_pre_bid"": ""+6540"", ""sel_2th_pre_req_pre"": ""0"", ""sel_2th_pre_req"": ""211"", ""sel_2th_pre_bid"": ""+6520"", ""sel_1th_pre_req_pre"": ""0"", ""sel_fpr_req"": ""494"", ""sel_fpr_bid"": ""+6510"", ""buy_fpr_bid"": ""+6500"", ""buy_fpr_req"": ""7886"", ""buy_1th_pre_req_pre"": ""+10"", ""buy_2th_pre_bid"": ""+6490"", ""buy_2th_pre_req"": ""21"", ""buy_2th_pre_req_pre"": ""0"", ""buy_3th_pre_bid"": ""+6480"", ""buy_3th_pre_req"": ""530"", ""buy_3th_pre_req_pre"": ""0"", ""buy_4th_pre_bid"": ""+6470"", ""buy_4th_pre_req"": ""390"", ""buy_4th_pre_req_pre"": ""0"", ""buy_5th_pre_bid"": ""+6460"", ""buy_5th_pre_req"": ""12"", ""buy_5th_pre_req_pre"": ""0"", ""buy_6th_pre_bid"": ""6450"", ""buy_6th_pre_req"": ""307"", ""buy_6th_pre_req_pre"": ""0"", ""buy_7th_pre_bid"": ""-6440"", ""buy_7th_pre_req"": ""130"", ""buy_7th_pre_req_pre"": ""0"", ""buy_8th_pre_bid"": ""-6430"", ""buy_8th_pre_req"": ""52"", ""buy_8th_pre_req_pre"": ""0"", ""buy_9th_pre_bid"": ""-6420"", ""buy_9th_pre_req"": ""153"", ""buy_9th_pre_req_pre"": ""0"", ""buy_10th_pre_bid"": ""-6410"", ""buy_10th_pre_req"": ""251"", ""buy_10th_pre_req_pre"": ""0"", ""tot_sel_req_jub_pre"": ""0"", ""tot_sel_req"": ""6015"", ""tot_buy_req"": ""9732"", ""tot_buy_req_jub_pre"": ""+10"", ""ovt_sel_req_pre"": ""0"", ""ovt_sel_req"": ""0"", ""ovt_buy_req"": ""0"", ""ovt_buy_req_pre"": ""0"", ""return_code"": 0, ""return_msg"": ""정상적으로 처리되었습니다""}"
2026-06-10,scan_candidate,114090,,0,main_scan,12050,,12050,12020,12050,11950,-1.2448132780082988,0.24896265560165973,,,,,,"{""bid_req_base_tm"": ""104654"", ""sel_10th_pre_req_pre"": ""0"", ""sel_10th_pre_req"": ""311"", ""sel_10th_pre_bid"": ""+12180"", ""sel_9th_pre_req_pre"": ""0"", ""sel_9th_pre_req"": ""12"", ""sel_9th_pre_bid"": ""+12170"", ""sel_8th_pre_req_pre"": ""0"", ""sel_8th_pre_req"": ""1132"", ""sel_8th_pre_bid"": ""+12150"", ""sel_7th_pre_req_pre"": ""0"", ""sel_7th_pre_req"": ""132"", ""sel_7th_pre_bid"": ""+12140"", ""sel_6th_pre_req_pre"": ""0"", ""sel_6th_pre_req"": ""469"", ""sel_6th_pre_bid"": ""+12130"", ""sel_5th_pre_req_pre"": ""0"", ""sel_5th_pre_req"": ""55"", ""sel_5th_pre_bid"": ""+12120"", ""sel_4th_pre_req_pre"": ""0"", ""sel_4th_pre_req"": ""1955"", ""sel_4th_pre_bid"": ""+12110"", ""sel_3th_pre_req_pre"": ""0"", ""sel_3th_pre_req"": ""55"", ""sel_3th_pre_bid"": ""+12100"", ""sel_2th_pre_req_pre"": ""0"", ""sel_2th_pre_req"": ""9"", ""sel_2th_pre_bid"": ""+12060"", ""sel_1th_pre_req_pre"": ""+166"", ""sel_fpr_req"": ""508"", ""sel_fpr_bid"": ""+12050"", ""buy_fpr_bid"": ""+12020"", ""buy_fpr_req"": ""89"", ""buy_1th_pre_req_pre"": ""0"", ""buy_2th_pre_bid"": ""+12010"", ""buy_2th_pre_req"": ""746"", ""buy_2th_pre_req_pre"": ""+167"", ""buy_3th_pre_bid"": ""+12000"", ""buy_3th_pre_req"": ""860"", ""buy_3th_pre_req_pre"": ""0"", ""buy_4th_pre_bid"": ""+11990"", ""buy_4th_pre_req"": ""110"", ""buy_4th_pre_req_pre"": ""0"", ""buy_5th_pre_bid"": ""+11980"", ""buy_5th_pre_req"": ""189"", ""buy_5th_pre_req_pre"": ""0"", ""buy_6th_pre_bid"": ""11950"", ""buy_6th_pre_req"": ""481"", ""buy_6th_pre_req_pre"": ""0"", ""buy_7th_pre_bid"": ""-11910"", ""buy_7th_pre_req"": ""2"", ""buy_7th_pre_req_pre"": ""0"", ""buy_8th_pre_bid"": ""-11900"", ""buy_8th_pre_req"": ""97"", ""buy_8th_pre_req_pre"": ""0"", ""buy_9th_pre_bid"": ""-11860"", ""buy_9th_pre_req"": ""2"", ""buy_9th_pre_req_pre"": ""0"", ""buy_10th_pre_bid"": ""-11850"", ""buy_10th_pre_req"": ""181"", ""buy_10th_pre_req_pre"": ""0"", ""tot_sel_req_jub_pre"": ""+166"", ""tot_sel_req"": ""4638"", ""tot_buy_req"": ""2757"", ""tot_buy_req_jub_pre"": ""+167"", ""ovt_sel_req_pre"": ""0"", ""ovt_sel_req"": ""0"", ""ovt_buy_req"": ""0"", ""ovt_buy_req_pre"": ""0"", ""return_code"": 0, ""return_msg"": ""정상적으로 처리되었습니다""}"
2026-06-10,scan_candidate,005090,,0,main_scan,52300,,52300,52200,52300,52400,0.0,0.19120458891013384,,,,,,"{""bid_req_base_tm"": ""104656"", ""sel_10th_pre_req_pre"": ""0"", ""sel_10th_pre_req"": ""99"", ""sel_10th_pre_bid"": ""+53200"", ""sel_9th_pre_req_pre"": ""0"", ""sel_9th_pre_req"": ""73"", ""sel_9th_pre_bid"": ""+53100"", ""sel_8th_pre_req_pre"": ""0"", ""sel_8th_pre_req"": ""67"", ""sel_8th_pre_bid"": ""+53000"", ""sel_7th_pre_req_pre"": ""0"", ""sel_7th_pre_req"": ""7"", ""sel_7th_pre_bid"": ""+52900"", ""sel_6th_pre_req_pre"": ""0"", ""sel_6th_pre_req"": ""20"", ""sel_6th_pre_bid"": ""+52800"", ""sel_5th_pre_req_pre"": ""0"", ""sel_5th_pre_req"": ""38"", ""sel_5th_pre_bid"": ""+52700"", ""sel_4th_pre_req_pre"": ""0"", ""sel_4th_pre_req"": ""27"", ""sel_4th_pre_bid"": ""+52600"", ""sel_3th_pre_req_pre"": ""0"", ""sel_3th_pre_req"": ""26"", ""sel_3th_pre_bid"": ""+52500"", ""sel_2th_pre_req_pre"": ""0"", ""sel_2th_pre_req"": ""90"", ""sel_2th_pre_bid"": ""+52400"", ""sel_1th_pre_req_pre"": ""--2"", ""sel_fpr_req"": ""30"", ""sel_fpr_bid"": ""+52300"", ""buy_fpr_bid"": ""+52200"", ""buy_fpr_req"": ""61"", ""buy_1th_pre_req_pre"": ""0"", ""buy_2th_pre_bid"": ""+52100"", ""buy_2th_pre_req"": ""43"", ""buy_2th_pre_req_pre"": ""0"", ""buy_3th_pre_bid"": ""+52000"", ""buy_3th_pre_req"": ""104"", ""buy_3th_pre_req_pre"": ""0"", ""buy_4th_pre_bid"": ""+51900"", ""buy_4th_pre_req"": ""120"", ""buy_4th_pre_req_pre"": ""0"", ""buy_5th_pre_bid"": ""+51800"", ""buy_5th_pre_req"": ""3"", ""buy_5th_pre_req_pre"": ""0"", ""buy_6th_pre_bid"": ""+51700"", ""buy_6th_pre_req"": ""15"", ""buy_6th_pre_req_pre"": ""0"", ""buy_7th_pre_bid"": ""+51600"", ""buy_7th_pre_req"": ""173"", ""buy_7th_pre_req_pre"": ""0"", ""buy_8th_pre_bid"": ""+51500"", ""buy_8th_pre_req"": ""164"", ""buy_8th_pre_req_pre"": ""0"", ""buy_9th_pre_bid"": ""+51400"", ""buy_9th_pre_req"": ""43"", ""buy_9th_pre_req_pre"": ""0"", ""buy_10th_pre_bid"": ""+51300"", ""buy_10th_pre_req"": ""103"", ""buy_10th_pre_req_pre"": ""0"", ""tot_sel_req_jub_pre"": ""--2"", ""tot_sel_req"": ""477"", ""tot_buy_req"": ""829"", ""tot_buy_req_jub_pre"": ""0"", ""ovt_sel_req_pre"": ""0"", ""ovt_sel_req"": ""0"", ""ovt_buy_req"": ""0"", ""ovt_buy_req_pre"": ""0"", ""return_code"": 0, ""return_msg"": ""정상적으로 처리되었습니다""}"
2026-06-10,scan_candidate,017900,,0,main_scan,9560,,9560,9550,9560,9570,0.0,0.10460251046025104,,,,,,"{""bid_req_base_tm"": ""104657"", ""sel_10th_pre_req_pre"": ""0"", ""sel_10th_pre_req"": ""169"", ""sel_10th_pre_bid"": ""+9650"", ""sel_9th_pre_req_pre"": ""0"", ""sel_9th_pre_req"": ""6095"", ""sel_9th_pre_bid"": ""+9640"", ""sel_8th_pre_req_pre"": ""0"", ""sel_8th_pre_req"": ""201"", ""sel_8th_pre_bid"": ""+9630"", ""sel_7th_pre_req_pre"": ""0"", ""sel_7th_pre_req"": ""88"", ""sel_7th_pre_bid"": ""+9620"", ""sel_6th_pre_req_pre"": ""0"", ""sel_6th_pre_req"": ""1"", ""sel_6th_pre_bid"": ""+9610"", ""sel_5th_pre_req_pre"": ""0"", ""sel_5th_pre_req"": ""516"", ""sel_5th_pre_bid"": ""+9600"", ""sel_4th_pre_req_pre"": ""0"", ""sel_4th_pre_req"": ""315"", ""sel_4th_pre_bid"": ""+9590"", ""sel_3th_pre_req_pre"": ""0"", ""sel_3th_pre_req"": ""955"", ""sel_3th_pre_bid"": ""+9580"", ""sel_2th_pre_req_pre"": ""0"", ""sel_2th_pre_req"": ""4278"", ""sel_2th_pre_bid"": ""+9570"", ""sel_1th_pre_req_pre"": ""0"", ""sel_fpr_req"": ""1646"", ""sel_fpr_bid"": ""+9560"", ""buy_fpr_bid"": ""+9550"", ""buy_fpr_req"": ""1042"", ""buy_1th_pre_req_pre"": ""--268"", ""buy_2th_pre_bid"": ""+9540"", ""buy_2th_pre_req"": ""598"", ""buy_2th_pre_req_pre"": ""0"", ""buy_3th_pre_bid"": ""+9530"", ""buy_3th_pre_req"": ""1452"", ""buy_3th_pre_req_pre"": ""0"", ""buy_4th_pre_bid"": ""+9520"", ""buy_4th_pre_req"": ""1811"", ""buy_4th_pre_req_pre"": ""0"", ""buy_5th_pre_bid"": ""+9510"", ""buy_5th_pre_req"": ""5608"", ""buy_5th_pre_req_pre"": ""0"", ""buy_6th_pre_bid"": ""+9500"", ""buy_6th_pre_req"": ""13873"", ""buy_6th_pre_req_pre"": ""0"", ""buy_7th_pre_bid"": ""+9490"", ""buy_7th_pre_req"": ""1190"", ""buy_7th_pre_req_pre"": ""0"", ""buy_8th_pre_bid"": ""+9480"", ""buy_8th_pre_req"": ""1131"", ""buy_8th_pre_req_pre"": ""0"", ""buy_9th_pre_bid"": ""+9470"", ""buy_9th_pre_req"": ""1279"", ""buy_9th_pre_req_pre"": ""0"", ""buy_10th_pre_bid"": ""+9460"", ""buy_10th_pre_req"": ""524"", ""buy_10th_pre_req_pre"": ""0"", ""tot_sel_req_jub_pre"": ""0"", ""tot_sel_req"": ""14264"", ""tot_buy_req"": ""28508"", ""tot_buy_req_jub_pre"": ""--268"", ""ovt_sel_req_pre"": ""0"", ""ovt_sel_req"": ""0"", ""ovt_buy_req"": ""0"", ""ovt_buy_req_pre"": ""0"", ""return_code"": 0, ""return_msg"": ""정상적으로 처리되었습니다""}"
2026-06-10,scan_candidate,004710,,0,main_scan,11160,,11160,11140,11160,11150,-0.5376344086021506,0.17921146953405018,,,,,,"{""bid_req_base_tm"": ""104657"", ""sel_10th_pre_req_pre"": ""0"", ""sel_10th_pre_req"": ""588"", ""sel_10th_pre_bid"": ""+11280"", ""sel_9th_pre_req_pre"": ""0"", ""sel_9th_pre_req"": ""182"", ""sel_9th_pre_bid"": ""+11270"", ""sel_8th_pre_req_pre"": ""0"", ""sel_8th_pre_req"": ""1848"", ""sel_8th_pre_bid"": ""+11260"", ""sel_7th_pre_req_pre"": ""0"", ""sel_7th_pre_req"": ""1243"", ""sel_7th_pre_bid"": ""+11250"", ""sel_6th_pre_req_pre"": ""0"", ""sel_6th_pre_req"": ""276"", ""sel_6th_pre_bid"": ""+11240"", ""sel_5th_pre_req_pre"": ""0"", ""sel_5th_pre_req"": ""459"", ""sel_5th_pre_bid"": ""+11230"", ""sel_4th_pre_req_pre"": ""0"", ""sel_4th_pre_req"": ""166"", ""sel_4th_pre_bid"": ""+11220"", ""sel_3th_pre_req_pre"": ""0"", ""sel_3th_pre_req"": ""40"", ""sel_3th_pre_bid"": ""+11200"", ""sel_2th_pre_req_pre"": ""0"", ""sel_2th_pre_req"": ""20"", ""sel_2th_pre_bid"": ""+11180"", ""sel_1th_pre_req_pre"": ""0"", ""sel_fpr_req"": ""21"", ""sel_fpr_bid"": ""+11160"", ""buy_fpr_bid"": ""+11140"", ""buy_fpr_req"": ""1"", ""buy_1th_pre_req_pre"": ""0"", ""buy_2th_pre_bid"": ""+11120"", ""buy_2th_pre_req"": ""2169"", ""buy_2th_pre_req_pre"": ""0"", ""buy_3th_pre_bid"": ""+11110"", ""buy_3th_pre_req"": ""3014"", ""buy_3th_pre_req_pre"": ""0"", ""buy_4th_pre_bid"": ""+11100"", ""buy_4th_pre_req"": ""114"", ""buy_4th_pre_req_pre"": ""0"", ""buy_5th_pre_bid"": ""+11090"", ""buy_5th_pre_req"": ""166"", ""buy_5th_pre_req_pre"": ""0"", ""buy_6th_pre_bid"": ""+11080"", ""buy_6th_pre_req"": ""452"", ""buy_6th_pre_req_pre"": ""0"", ""buy_7th_pre_bid"": ""+11070"", ""buy_7th_pre_req"": ""12"", ""buy_7th_pre_req_pre"": ""0"", ""buy_8th_pre_bid"": ""+11060"", ""buy_8th_pre_req"": ""675"", ""buy_8th_pre_req_pre"": ""0"", ""buy_9th_pre_bid"": ""+11050"", ""buy_9th_pre_req"": ""2980"", ""buy_9th_pre_req_pre"": ""0"", ""buy_10th_pre_bid"": ""+11040"", ""buy_10th_pre_req"": ""3145"", ""buy_10th_pre_req_pre"": ""0"", ""tot_sel_req_jub_pre"": ""--1675"", ""tot_sel_req"": ""4843"", ""tot_buy_req"": ""12728"", ""tot_buy_req_jub_pre"": ""0"", ""ovt_sel_req_pre"": ""0"", ""ovt_sel_req"": ""0"", ""ovt_buy_req"": ""0"", ""ovt_buy_req_pre"": ""0"", ""return_code"": 0, ""return_msg"": ""정상적으로 처리되었습니다""}"
2026-06-10,scan_candidate,006220,,0,main_scan,11330,,11330,11320,11330,11300,-0.706090026478376,0.088261253309797,,,,,,"{""bid_req_base_tm"": ""104657"", ""sel_10th_pre_req_pre"": ""0"", ""sel_10th_pre_req"": ""325"", ""sel_10th_pre_bid"": ""+11440"", ""sel_9th_pre_req_pre"": ""0"", ""sel_9th_pre_req"": ""377"", ""sel_9th_pre_bid"": ""+11430"", ""sel_8th_pre_req_pre"": ""0"", ""sel_8th_pre_req"": ""2293"", ""sel_8th_pre_bid"": ""+11410"", ""sel_7th_pre_req_pre"": ""0"", ""sel_7th_pre_req"": ""453"", ""sel_7th_pre_bid"": ""+11400"", ""sel_6th_pre_req_pre"": ""0"", ""sel_6th_pre_req"": ""6"", ""sel_6th_pre_bid"": ""+11390"", ""sel_5th_pre_req_pre"": ""0"", ""sel_5th_pre_req"": ""154"", ""sel_5th_pre_bid"": ""+11380"", ""sel_4th_pre_req_pre"": ""0"", ""sel_4th_pre_req"": ""8"", ""sel_4th_pre_bid"": ""+11370"", ""sel_3th_pre_req_pre"": ""0"", ""sel_3th_pre_req"": ""215"", ""sel_3th_pre_bid"": ""+11360"", ""sel_2th_pre_req_pre"": ""0"", ""sel_2th_pre_req"": ""2"", ""sel_2th_pre_bid"": ""+11350"", ""sel_1th_pre_req_pre"": ""--9"", ""sel_fpr_req"": ""21"", ""sel_fpr_bid"": ""+11330"", ""buy_fpr_bid"": ""+11320"", ""buy_fpr_req"": ""134"", ""buy_1th_pre_req_pre"": ""--29"", ""buy_2th_pre_bid"": ""+11310"", ""buy_2th_pre_req"": ""92"", ""buy_2th_pre_req_pre"": ""0"", ""buy_3th_pre_bid"": ""+11300"", ""buy_3th_pre_req"": ""496"", ""buy_3th_pre_req_pre"": ""0"", ""buy_4th_pre_bid"": ""+11290"", ""buy_4th_pre_req"": ""429"", ""buy_4th_pre_req_pre"": ""0"", ""buy_5th_pre_bid"": ""+11280"", ""buy_5th_pre_req"": ""803"", ""buy_5th_pre_req_pre"": ""0"", ""buy_6th_pre_bid"": ""+11270"", ""buy_6th_pre_req"": ""44"", ""buy_6th_pre_req_pre"": ""--909"", ""buy_7th_pre_bid"": ""+11260"", ""buy_7th_pre_req"": ""1209"", ""buy_7th_pre_req_pre"": ""0"", ""buy_8th_pre_bid"": ""+11250"", ""buy_8th_pre_req"": ""1006"", ""buy_8th_pre_req_pre"": ""0"", ""buy_9th_pre_bid"": ""+11240"", ""buy_9th_pre_req"": ""315"", ""buy_9th_pre_req_pre"": ""0"", ""buy_10th_pre_bid"": ""+11230"", ""buy_10th_pre_req"": ""2624"", ""buy_10th_pre_req_pre"": ""0"", ""tot_sel_req_jub_pre"": ""--9"", ""tot_sel_req"": ""3854"", ""tot_buy_req"": ""7152"", ""tot_buy_req_jub_pre"": ""--938"", ""ovt_sel_req_pre"": ""0"", ""ovt_sel_req"": ""0"", ""ovt_buy_req"": ""0"", ""ovt_buy_req_pre"": ""0"", ""return_code"": 0, ""return_msg"": ""정상적으로 처리되었습니다""}"
2026-06-10,scan_candidate,092200,,0,main_scan,9760,,9760,9750,9760,9800,0.3073770491803279,0.10245901639344263,,,,,,"{""bid_req_base_tm"": ""104656"", ""sel_10th_pre_req_pre"": ""0"", ""sel_10th_pre_req"": ""85"", ""sel_10th_pre_bid"": ""-9860"", ""sel_9th_pre_req_pre"": ""0"", ""sel_9th_pre_req"": ""139"", ""sel_9th_pre_bid"": ""-9850"", ""sel_8th_pre_req_pre"": ""0"", ""sel_8th_pre_req"": ""120"", ""sel_8th_pre_bid"": ""-9840"", ""sel_7th_pre_req_pre"": ""0"", ""sel_7th_pre_req"": ""70"", ""sel_7th_pre_bid"": ""-9830"", ""sel_6th_pre_req_pre"": ""0"", ""sel_6th_pre_req"": ""355"", ""sel_6th_pre_bid"": ""-9810"", ""sel_5th_pre_req_pre"": ""0"", ""sel_5th_pre_req"": ""460"", ""sel_5th_pre_bid"": ""-9800"", ""sel_4th_pre_req_pre"": ""0"", ""sel_4th_pre_req"": ""301"", ""sel_4th_pre_bid"": ""-9790"", ""sel_3th_pre_req_pre"": ""0"", ""sel_3th_pre_req"": ""92"", ""sel_3th_pre_bid"": ""-9780"", ""sel_2th_pre_req_pre"": ""0"", ""sel_2th_pre_req"": ""522"", ""sel_2th_pre_bid"": ""-9770"", ""sel_1th_pre_req_pre"": ""--8"", ""sel_fpr_req"": ""60"", ""sel_fpr_bid"": ""-9760"", ""buy_fpr_bid"": ""-9750"", ""buy_fpr_req"": ""2124"", ""buy_1th_pre_req_pre"": ""0"", ""buy_2th_pre_bid"": ""-9740"", ""buy_2th_pre_req"": ""2227"", ""buy_2th_pre_req_pre"": ""0"", ""buy_3th_pre_bid"": ""-9730"", ""buy_3th_pre_req"": ""1981"", ""buy_3th_pre_req_pre"": ""0"", ""buy_4th_pre_bid"": ""-9720"", ""buy_4th_pre_req"": ""1659"", ""buy_4th_pre_req_pre"": ""0"", ""buy_5th_pre_bid"": ""-9710"", ""buy_5th_pre_req"": ""1678"", ""buy_5th_pre_req_pre"": ""0"", ""buy_6th_pre_bid"": ""-9700"", ""buy_6th_pre_req"": ""2016"", ""buy_6th_pre_req_pre"": ""0"", ""buy_7th_pre_bid"": ""-9690"", ""buy_7th_pre_req"": ""4045"", ""buy_7th_pre_req_pre"": ""0"", ""buy_8th_pre_bid"": ""-9680"", ""buy_8th_pre_req"": ""1672"", ""buy_8th_pre_req_pre"": ""0"", ""buy_9th_pre_bid"": ""-9670"", ""buy_9th_pre_req"": ""707"", ""buy_9th_pre_req_pre"": ""0"", ""buy_10th_pre_bid"": ""-9660"", ""buy_10th_pre_req"": ""975"", ""buy_10th_pre_req_pre"": ""0"", ""tot_sel_req_jub_pre"": ""--8"", ""tot_sel_req"": ""2204"", ""tot_buy_req"": ""19084"", ""tot_buy_req_jub_pre"": ""0"", ""ovt_sel_req_pre"": ""0"", ""ovt_sel_req"": ""0"", ""ovt_buy_req"": ""0"", ""ovt_buy_req_pre"": ""0"", ""return_code"": 0, ""return_msg"": ""정상적으로 처리되었습니다""}"
2026-06-10,scan_candidate,010820,,0,main_scan,8170,,8170,8150,8170,8160,-0.24479804161566704,0.24479804161566704,,,,,,"{""bid_req_base_tm"": ""104657"", ""sel_10th_pre_req_pre"": ""0"", ""sel_10th_pre_req"": ""2656"", ""sel_10th_pre_bid"": ""+8280"", ""sel_9th_pre_req_pre"": ""0"", ""sel_9th_pre_req"": ""1494"", ""sel_9th_pre_bid"": ""+8270"", ""sel_8th_pre_req_pre"": ""0"", ""sel_8th_pre_req"": ""2087"", ""sel_8th_pre_bid"": ""+8250"", ""sel_7th_pre_req_pre"": ""0"", ""sel_7th_pre_req"": ""114"", ""sel_7th_pre_bid"": ""+8240"", ""sel_6th_pre_req_pre"": ""0"", ""sel_6th_pre_req"": ""30"", ""sel_6th_pre_bid"": ""+8230"", ""sel_5th_pre_req_pre"": ""0"", ""sel_5th_pre_req"": ""2"", ""sel_5th_pre_bid"": ""+8220"", ""sel_4th_pre_req_pre"": ""0"", ""sel_4th_pre_req"": ""52"", ""sel_4th_pre_bid"": ""+8210"", ""sel_3th_pre_req_pre"": ""0"", ""sel_3th_pre_req"": ""4"", ""sel_3th_pre_bid"": ""+8200"", ""sel_2th_pre_req_pre"": ""0"", ""sel_2th_pre_req"": ""20"", ""sel_2th_pre_bid"": ""+8180"", ""sel_1th_pre_req_pre"": ""0"", ""sel_fpr_req"": ""64"", ""sel_fpr_bid"": ""+8170"", ""buy_fpr_bid"": ""+8150"", ""buy_fpr_req"": ""478"", ""buy_1th_pre_req_pre"": ""0"", ""buy_2th_pre_bid"": ""+8140"", ""buy_2th_pre_req"": ""87"", ""buy_2th_pre_req_pre"": ""0"", ""buy_3th_pre_bid"": ""+8130"", ""buy_3th_pre_req"": ""64"", ""buy_3th_pre_req_pre"": ""0"", ""buy_4th_pre_bid"": ""+8120"", ""buy_4th_pre_req"": ""374"", ""buy_4th_pre_req_pre"": ""0"", ""buy_5th_pre_bid"": ""+8110"", ""buy_5th_pre_req"": ""474"", ""buy_5th_pre_req_pre"": ""0"", ""buy_6th_pre_bid"": ""+8100"", ""buy_6th_pre_req"": ""513"", ""buy_6th_pre_req_pre"": ""0"", ""buy_7th_pre_bid"": ""+8090"", ""buy_7th_pre_req"": ""134"", ""buy_7th_pre_req_pre"": ""0"", ""buy_8th_pre_bid"": ""+8080"", ""buy_8th_pre_req"": ""671"", ""buy_8th_pre_req_pre"": ""--15"", ""buy_9th_pre_bid"": ""+8070"", ""buy_9th_pre_req"": ""8"", ""buy_9th_pre_req_pre"": ""0"", ""buy_10th_pre_bid"": ""+8060"", ""buy_10th_pre_req"": ""112"", ""buy_10th_pre_req_pre"": ""0"", ""tot_sel_req_jub_pre"": ""0"", ""tot_sel_req"": ""6523"", ""tot_buy_req"": ""2915"", ""tot_buy_req_jub_pre"": ""--15"", ""ovt_sel_req_pre"": ""0"", ""ovt_sel_req"": ""0"", ""ovt_buy_req"": ""0"", ""ovt_buy_req_pre"": ""0"", ""return_code"": 0, ""return_msg"": ""정상적으로 처리되었습니다""}"
2026-06-10,scan_candidate,000430,,0,main_scan,5650,,5650,5640,5650,5690,0.5309734513274336,0.17699115044247787,,,,,,"{""bid_req_base_tm"": ""104657"", ""sel_10th_pre_req_pre"": ""0"", ""sel_10th_pre_req"": ""604"", ""sel_10th_pre_bid"": ""-5760"", ""sel_9th_pre_req_pre"": ""0"", ""sel_9th_pre_req"": ""697"", ""sel_9th_pre_bid"": ""-5750"", ""sel_8th_pre_req_pre"": ""0"", ""sel_8th_pre_req"": ""200"", ""sel_8th_pre_bid"": ""-5740"", ""sel_7th_pre_req_pre"": ""0"", ""sel_7th_pre_req"": ""2086"", ""sel_7th_pre_bid"": ""-5730"", ""sel_6th_pre_req_pre"": ""0"", ""sel_6th_pre_req"": ""131"", ""sel_6th_pre_bid"": ""-5720"", ""sel_5th_pre_req_pre"": ""0"", ""sel_5th_pre_req"": ""1354"", ""sel_5th_pre_bid"": ""-5700"", ""sel_4th_pre_req_pre"": ""0"", ""sel_4th_pre_req"": ""1"", ""sel_4th_pre_bid"": ""-5680"", ""sel_3th_pre_req_pre"": ""0"", ""sel_3th_pre_req"": ""167"", ""sel_3th_pre_bid"": ""-5670"", ""sel_2th_pre_req_pre"": ""0"", ""sel_2th_pre_req"": ""2"", ""sel_2th_pre_bid"": ""-5660"", ""sel_1th_pre_req_pre"": ""0"", ""sel_fpr_req"": ""2"", ""sel_fpr_bid"": ""-5650"", ""buy_fpr_bid"": ""-5640"", ""buy_fpr_req"": ""1316"", ""buy_1th_pre_req_pre"": ""0"", ""buy_2th_pre_bid"": ""-5630"", ""buy_2th_pre_req"": ""4258"", ""buy_2th_pre_req_pre"": ""0"", ""buy_3th_pre_bid"": ""-5620"", ""buy_3th_pre_req"": ""10496"", ""buy_3th_pre_req_pre"": ""0"", ""buy_4th_pre_bid"": ""-5610"", ""buy_4th_pre_req"": ""10552"", ""buy_4th_pre_req_pre"": ""+714"", ""buy_5th_pre_bid"": ""-5600"", ""buy_5th_pre_req"": ""17199"", ""buy_5th_pre_req_pre"": ""0"", ""buy_6th_pre_bid"": ""-5590"", ""buy_6th_pre_req"": ""4502"", ""buy_6th_pre_req_pre"": ""0"", ""buy_7th_pre_bid"": ""-5580"", ""buy_7th_pre_req"": ""6443"", ""buy_7th_pre_req_pre"": ""0"", ""buy_8th_pre_bid"": ""-5570"", ""buy_8th_pre_req"": ""2150"", ""buy_8th_pre_req_pre"": ""0"", ""buy_9th_pre_bid"": ""-5560"", ""buy_9th_pre_req"": ""4376"", ""buy_9th_pre_req_pre"": ""0"", ""buy_10th_pre_bid"": ""-5550"", ""buy_10th_pre_req"": ""6896"", ""buy_10th_pre_req_pre"": ""0"", ""tot_sel_req_jub_pre"": ""0"", ""tot_sel_req"": ""5244"", ""tot_buy_req"": ""68188"", ""tot_buy_req_jub_pre"": ""+714"", ""ovt_sel_req_pre"": ""0"", ""ovt_sel_req"": ""0"", ""ovt_buy_req"": ""0"", ""ovt_buy_req_pre"": ""0"", ""return_code"": 0, ""return_msg"": ""정상적으로 처리되었습니다""}"
2026-06-10,scan_candidate,010690,,0,main_scan,10830,,10830,10770,10830,10800,-0.7386888273314866,0.554016620498615,,,,,,"{""bid_req_base_tm"": ""104658"", ""sel_10th_pre_req_pre"": ""0"", ""sel_10th_pre_req"": ""100"", ""sel_10th_pre_bid"": ""+10930"", ""sel_9th_pre_req_pre"": ""0"", ""sel_9th_pre_req"": ""435"", ""sel_9th_pre_bid"": ""+10920"", ""sel_8th_pre_req_pre"": ""0"", ""sel_8th_pre_req"": ""536"", ""sel_8th_pre_bid"": ""+10910"", ""sel_7th_pre_req_pre"": ""0"", ""sel_7th_pre_req"": ""196"", ""sel_7th_pre_bid"": ""+10900"", ""sel_6th_pre_req_pre"": ""--5"", ""sel_6th_pre_req"": ""459"", ""sel_6th_pre_bid"": ""+10890"", ""sel_5th_pre_req_pre"": ""0"", ""sel_5th_pre_req"": ""9"", ""sel_5th_pre_bid"": ""+10880"", ""sel_4th_pre_req_pre"": ""0"", ""sel_4th_pre_req"": ""67"", ""sel_4th_pre_bid"": ""+10860"", ""sel_3th_pre_req_pre"": ""0"", ""sel_3th_pre_req"": ""99"", ""sel_3th_pre_bid"": ""+10850"", ""sel_2th_pre_req_pre"": ""0"", ""sel_2th_pre_req"": ""64"", ""sel_2th_pre_bid"": ""+10840"", ""sel_1th_pre_req_pre"": ""0"", ""sel_fpr_req"": ""48"", ""sel_fpr_bid"": ""+10830"", ""buy_fpr_bid"": ""+10770"", ""buy_fpr_req"": ""26"", ""buy_1th_pre_req_pre"": ""0"", ""buy_2th_pre_bid"": ""+10760"", ""buy_2th_pre_req"": ""125"", ""buy_2th_pre_req_pre"": ""--28"", ""buy_3th_pre_bid"": ""+10750"", ""buy_3th_pre_req"": ""71"", ""buy_3th_pre_req_pre"": ""+28"", ""buy_4th_pre_bid"": ""+10740"", ""buy_4th_pre_req"": ""501"", ""buy_4th_pre_req_pre"": ""0"", ""buy_5th_pre_bid"": ""+10730"", ""buy_5th_pre_req"": ""554"", ""buy_5th_pre_req_pre"": ""0"", ""buy_6th_pre_bid"": ""+10720"", ""buy_6th_pre_req"": ""1077"", ""buy_6th_pre_req_pre"": ""0"", ""buy_7th_pre_bid"": ""+10710"", ""buy_7th_pre_req"": ""263"", ""buy_7th_pre_req_pre"": ""0"", ""buy_8th_pre_bid"": ""+10700"", ""buy_8th_pre_req"": ""1816"", ""buy_8th_pre_req_pre"": ""0"", ""buy_9th_pre_bid"": ""+10690"", ""buy_9th_pre_req"": ""344"", ""buy_9th_pre_req_pre"": ""0"", ""buy_10th_pre_bid"": ""+10680"", ""buy_10th_pre_req"": ""1261"", ""buy_10th_pre_req_pre"": ""0"", ""tot_sel_req_jub_pre"": ""+1"", ""tot_sel_req"": ""2013"", ""tot_buy_req"": ""6038"", ""tot_buy_req_jub_pre"": ""--6350"", ""ovt_sel_req_pre"": ""0"", ""ovt_sel_req"": ""0"", ""ovt_buy_req"": ""0"", ""ovt_buy_req_pre"": ""0"", ""return_code"": 0, ""return_msg"": ""정상적으로 처리되었습니다""}"
2026-06-10,scan_candidate,005950,,0,main_scan,12140,,12140,12120,12140,12100,-0.7413509060955519,0.16474464579901155,,,,,,"{""bid_req_base_tm"": ""104656"", ""sel_10th_pre_req_pre"": ""0"", ""sel_10th_pre_req"": ""9"", ""sel_10th_pre_bid"": ""+12240"", ""sel_9th_pre_req_pre"": ""0"", ""sel_9th_pre_req"": ""2"", ""sel_9th_pre_bid"": ""+12230"", ""sel_8th_pre_req_pre"": ""0"", ""sel_8th_pre_req"": ""303"", ""sel_8th_pre_bid"": ""+12220"", ""sel_7th_pre_req_pre"": ""--50"", ""sel_7th_pre_req"": ""28"", ""sel_7th_pre_bid"": ""+12210"", ""sel_6th_pre_req_pre"": ""0"", ""sel_6th_pre_req"": ""180"", ""sel_6th_pre_bid"": ""+12200"", ""sel_5th_pre_req_pre"": ""0"", ""sel_5th_pre_req"": ""770"", ""sel_5th_pre_bid"": ""+12190"", ""sel_4th_pre_req_pre"": ""0"", ""sel_4th_pre_req"": ""70"", ""sel_4th_pre_bid"": ""+12180"", ""sel_3th_pre_req_pre"": ""0"", ""sel_3th_pre_req"": ""84"", ""sel_3th_pre_bid"": ""+12160"", ""sel_2th_pre_req_pre"": ""+50"", ""sel_2th_pre_req"": ""455"", ""sel_2th_pre_bid"": ""+12150"", ""sel_1th_pre_req_pre"": ""0"", ""sel_fpr_req"": ""10"", ""sel_fpr_bid"": ""+12140"", ""buy_fpr_bid"": ""+12120"", ""buy_fpr_req"": ""2"", ""buy_1th_pre_req_pre"": ""0"", ""buy_2th_pre_bid"": ""+12110"", ""buy_2th_pre_req"": ""55"", ""buy_2th_pre_req_pre"": ""0"", ""buy_3th_pre_bid"": ""+12100"", ""buy_3th_pre_req"": ""443"", ""buy_3th_pre_req_pre"": ""0"", ""buy_4th_pre_bid"": ""+12090"", ""buy_4th_pre_req"": ""3"", ""buy_4th_pre_req_pre"": ""0"", ""buy_5th_pre_bid"": ""+12080"", ""buy_5th_pre_req"": ""32"", ""buy_5th_pre_req_pre"": ""0"", ""buy_6th_pre_bid"": ""+12070"", ""buy_6th_pre_req"": ""5"", ""buy_6th_pre_req_pre"": ""0"", ""buy_7th_pre_bid"": ""+12050"", ""buy_7th_pre_req"": ""30"", ""buy_7th_pre_req_pre"": ""0"", ""buy_8th_pre_bid"": ""+12040"", ""buy_8th_pre_req"": ""146"", ""buy_8th_pre_req_pre"": ""0"", ""buy_9th_pre_bid"": ""+12030"", ""buy_9th_pre_req"": ""324"", ""buy_9th_pre_req_pre"": ""0"", ""buy_10th_pre_bid"": ""+12020"", ""buy_10th_pre_req"": ""612"", ""buy_10th_pre_req_pre"": ""0"", ""tot_sel_req_jub_pre"": ""0"", ""tot_sel_req"": ""1911"", ""tot_buy_req"": ""1652"", ""tot_buy_req_jub_pre"": ""0"", ""ovt_sel_req_pre"": ""0"", ""ovt_sel_req"": ""0"", ""ovt_buy_req"": ""0"", ""ovt_buy_req_pre"": ""0"", ""return_code"": 0, ""return_msg"": ""정상적으로 처리되었습니다""}"
2026-06-10,watchlist,014680,,0,filtered_candidate_recheck,262500,,262500,262000,262500,263000,0.0,0.19047619047619047,,,,,,"{""bid_req_base_tm"": ""104844"", ""sel_10th_pre_req_pre"": ""0"", ""sel_10th_pre_req"": ""76"", ""sel_10th_pre_bid"": ""+267000"", ""sel_9th_pre_req_pre"": ""0"", ""sel_9th_pre_req"": ""15"", ""sel_9th_pre_bid"": ""+266500"", ""sel_8th_pre_req_pre"": ""0"", ""sel_8th_pre_req"": ""15"", ""sel_8th_pre_bid"": ""+266000"", ""sel_7th_pre_req_pre"": ""0"", ""sel_7th_pre_req"": ""24"", ""sel_7th_pre_bid"": ""+265500"", ""sel_6th_pre_req_pre"": ""0"", ""sel_6th_pre_req"": ""35"", ""sel_6th_pre_bid"": ""+265000"", ""sel_5th_pre_req_pre"": ""0"", ""sel_5th_pre_req"": ""3"", ""sel_5th_pre_bid"": ""+264500"", ""sel_4th_pre_req_pre"": ""0"", ""sel_4th_pre_req"": ""3"", ""sel_4th_pre_bid"": ""+264000"", ""sel_3th_pre_req_pre"": ""0"", ""sel_3th_pre_req"": ""4"", ""sel_3th_pre_bid"": ""+263500"", ""sel_2th_pre_req_pre"": ""0"", ""sel_2th_pre_req"": ""17"", ""sel_2th_pre_bid"": ""+263000"", ""sel_1th_pre_req_pre"": ""--1"", ""sel_fpr_req"": ""161"", ""sel_fpr_bid"": ""+262500"", ""buy_fpr_bid"": ""+262000"", ""buy_fpr_req"": ""178"", ""buy_1th_pre_req_pre"": ""0"", ""buy_2th_pre_bid"": ""+261500"", ""buy_2th_pre_req"": ""30"", ""buy_2th_pre_req_pre"": ""0"", ""buy_3th_pre_bid"": ""+261000"", ""buy_3th_pre_req"": ""5"", ""buy_3th_pre_req_pre"": ""0"", ""buy_4th_pre_bid"": ""+260500"", ""buy_4th_pre_req"": ""6"", ""buy_4th_pre_req_pre"": ""0"", ""buy_5th_pre_bid"": ""+260000"", ""buy_5th_pre_req"": ""111"", ""buy_5th_pre_req_pre"": ""0"", ""buy_6th_pre_bid"": ""+259500"", ""buy_6th_pre_req"": ""119"", ""buy_6th_pre_req_pre"": ""0"", ""buy_7th_pre_bid"": ""+259000"", ""buy_7th_pre_req"": ""210"", ""buy_7th_pre_req_pre"": ""0"", ""buy_8th_pre_bid"": ""+258500"", ""buy_8th_pre_req"": ""102"", ""buy_8th_pre_req_pre"": ""0"", ""buy_9th_pre_bid"": ""+258000"", ""buy_9th_pre_req"": ""101"", ""buy_9th_pre_req_pre"": ""0"", ""buy_10th_pre_bid"": ""+257500"", ""buy_10th_pre_req"": ""132"", ""buy_10th_pre_req_pre"": ""0"", ""tot_sel_req_jub_pre"": ""--1"", ""tot_sel_req"": ""353"", ""tot_buy_req"": ""994"", ""tot_buy_req_jub_pre"": ""0"", ""ovt_sel_req_pre"": ""0"", ""ovt_sel_req"": ""0"", ""ovt_buy_req"": ""0"", ""ovt_buy_req_pre"": ""0"", ""return_code"": 0, ""return_msg"": ""정상적으로 처리되었습니다""}"
2026-06-10,watchlist,035420,,1,filtered_candidate_recheck,236000,,236000,235500,236000,237500,0.423728813559322,0.211864406779661,,,,,,"{""bid_req_base_tm"": ""104846"", ""sel_10th_pre_req_pre"": ""0"", ""sel_10th_pre_req"": ""3436"", ""sel_10th_pre_bid"": ""-240500"", ""sel_9th_pre_req_pre"": ""0"", ""sel_9th_pre_req"": ""4640"", ""sel_9th_pre_bid"": ""-240000"", ""sel_8th_pre_req_pre"": ""0"", ""sel_8th_pre_req"": ""3162"", ""sel_8th_pre_bid"": ""-239500"", ""sel_7th_pre_req_pre"": ""0"", ""sel_7th_pre_req"": ""2862"", ""sel_7th_pre_bid"": ""-239000"", ""sel_6th_pre_req_pre"": ""0"", ""sel_6th_pre_req"": ""1233"", ""sel_6th_pre_bid"": ""-238500"", ""sel_5th_pre_req_pre"": ""0"", ""sel_5th_pre_req"": ""2616"", ""sel_5th_pre_bid"": ""-238000"", ""sel_4th_pre_req_pre"": ""0"", ""sel_4th_pre_req"": ""4557"", ""sel_4th_pre_bid"": ""-237500"", ""sel_3th_pre_req_pre"": ""0"", ""sel_3th_pre_req"": ""2101"", ""sel_3th_pre_bid"": ""-237000"", ""sel_2th_pre_req_pre"": ""0"", ""sel_2th_pre_req"": ""2534"", ""sel_2th_pre_bid"": ""-236500"", ""sel_1th_pre_req_pre"": ""+71"", ""sel_fpr_req"": ""3764"", ""sel_fpr_bid"": ""-236000"", ""buy_fpr_bid"": ""-235500"", ""buy_fpr_req"": ""4723"", ""buy_1th_pre_req_pre"": ""0"", ""buy_2th_pre_bid"": ""-235000"", ""buy_2th_pre_req"": ""31287"", ""buy_2th_pre_req_pre"": ""0"", ""buy_3th_pre_bid"": ""-234500"", ""buy_3th_pre_req"": ""55706"", ""buy_3th_pre_req_pre"": ""0"", ""buy_4th_pre_bid"": ""-234000"", ""buy_4th_pre_req"": ""9674"", ""buy_4th_pre_req_pre"": ""0"", ""buy_5th_pre_bid"": ""-233500"", ""buy_5th_pre_req"": ""6808"", ""buy_5th_pre_req_pre"": ""0"", ""buy_6th_pre_bid"": ""-233000"", ""buy_6th_pre_req"": ""14236"", ""buy_6th_pre_req_pre"": ""0"", ""buy_7th_pre_bid"": ""-232500"", ""buy_7th_pre_req"": ""7630"", ""buy_7th_pre_req_pre"": ""0"", ""buy_8th_pre_bid"": ""-232000"", ""buy_8th_pre_req"": ""11127"", ""buy_8th_pre_req_pre"": ""0"", ""buy_9th_pre_bid"": ""-231500"", ""buy_9th_pre_req"": ""9350"", ""buy_9th_pre_req_pre"": ""0"", ""buy_10th_pre_bid"": ""-231000"", ""buy_10th_pre_req"": ""14836"", ""buy_10th_pre_req_pre"": ""0"", ""tot_sel_req_jub_pre"": ""+71"", ""tot_sel_req"": ""30905"", ""tot_buy_req"": ""165377"", ""tot_buy_req_jub_pre"": ""0"", ""ovt_sel_req_pre"": ""0"", ""ovt_sel_req"": ""0"", ""ovt_buy_req"": ""0"", ""ovt_buy_req_pre"": ""0"", ""return_code"": 0, ""return_msg"": ""정상적으로 처리되었습니다""}"
2026-06-10,watchlist,036570,,0,filtered_candidate_recheck,258500,,258500,258000,258500,258500,-0.19342359767891684,0.19342359767891684,,,,,,"{""bid_req_base_tm"": ""104841"", ""sel_10th_pre_req_pre"": ""0"", ""sel_10th_pre_req"": ""50"", ""sel_10th_pre_bid"": ""-263000"", ""sel_9th_pre_req_pre"": ""0"", ""sel_9th_pre_req"": ""1028"", ""sel_9th_pre_bid"": ""-262500"", ""sel_8th_pre_req_pre"": ""0"", ""sel_8th_pre_req"": ""175"", ""sel_8th_pre_bid"": ""-262000"", ""sel_7th_pre_req_pre"": ""0"", ""sel_7th_pre_req"": ""55"", ""sel_7th_pre_bid"": ""-261500"", ""sel_6th_pre_req_pre"": ""0"", ""sel_6th_pre_req"": ""8"", ""sel_6th_pre_bid"": ""-261000"", ""sel_5th_pre_req_pre"": ""0"", ""sel_5th_pre_req"": ""16"", ""sel_5th_pre_bid"": ""-260500"", ""sel_4th_pre_req_pre"": ""0"", ""sel_4th_pre_req"": ""92"", ""sel_4th_pre_bid"": ""-260000"", ""sel_3th_pre_req_pre"": ""0"", ""sel_3th_pre_req"": ""25"", ""sel_3th_pre_bid"": ""-259500"", ""sel_2th_pre_req_pre"": ""0"", ""sel_2th_pre_req"": ""63"", ""sel_2th_pre_bid"": ""-259000"", ""sel_1th_pre_req_pre"": ""0"", ""sel_fpr_req"": ""100"", ""sel_fpr_bid"": ""-258500"", ""buy_fpr_bid"": ""-258000"", ""buy_fpr_req"": ""60"", ""buy_1th_pre_req_pre"": ""0"", ""buy_2th_pre_bid"": ""-257500"", ""buy_2th_pre_req"": ""76"", ""buy_2th_pre_req_pre"": ""0"", ""buy_3th_pre_bid"": ""-257000"", ""buy_3th_pre_req"": ""130"", ""buy_3th_pre_req_pre"": ""0"", ""buy_4th_pre_bid"": ""-256500"", ""buy_4th_pre_req"": ""107"", ""buy_4th_pre_req_pre"": ""0"", ""buy_5th_pre_bid"": ""-256000"", ""buy_5th_pre_req"": ""124"", ""buy_5th_pre_req_pre"": ""0"", ""buy_6th_pre_bid"": ""-255500"", ""buy_6th_pre_req"": ""201"", ""buy_6th_pre_req_pre"": ""0"", ""buy_7th_pre_bid"": ""-255000"", ""buy_7th_pre_req"": ""345"", ""buy_7th_pre_req_pre"": ""0"", ""buy_8th_pre_bid"": ""-254500"", ""buy_8th_pre_req"": ""348"", ""buy_8th_pre_req_pre"": ""0"", ""buy_9th_pre_bid"": ""-254000"", ""buy_9th_pre_req"": ""350"", ""buy_9th_pre_req_pre"": ""0"", ""buy_10th_pre_bid"": ""-253500"", ""buy_10th_pre_req"": ""463"", ""buy_10th_pre_req_pre"": ""0"", ""tot_sel_req_jub_pre"": ""0"", ""tot_sel_req"": ""1612"", ""tot_buy_req"": ""2204"", ""tot_buy_req_jub_pre"": ""0"", ""ovt_sel_req_pre"": ""0"", ""ovt_sel_req"": ""0"", ""ovt_buy_req"": ""0"", ""ovt_buy_req_pre"": ""0"", ""return_code"": 0, ""return_msg"": ""정상적으로 처리되었습니다""}"
2026-06-10,watchlist,005090,,0,filtered_candidate_recheck,52300,,52300,52100,52300,52300,-0.19120458891013384,0.3824091778202677,,,,,,"{""bid_req_base_tm"": ""104836"", ""sel_10th_pre_req_pre"": ""0"", ""sel_10th_pre_req"": ""99"", ""sel_10th_pre_bid"": ""+53200"", ""sel_9th_pre_req_pre"": ""0"", ""sel_9th_pre_req"": ""73"", ""sel_9th_pre_bid"": ""+53100"", ""sel_8th_pre_req_pre"": ""0"", ""sel_8th_pre_req"": ""67"", ""sel_8th_pre_bid"": ""+53000"", ""sel_7th_pre_req_pre"": ""0"", ""sel_7th_pre_req"": ""7"", ""sel_7th_pre_bid"": ""+52900"", ""sel_6th_pre_req_pre"": ""0"", ""sel_6th_pre_req"": ""20"", ""sel_6th_pre_bid"": ""+52800"", ""sel_5th_pre_req_pre"": ""0"", ""sel_5th_pre_req"": ""23"", ""sel_5th_pre_bid"": ""+52700"", ""sel_4th_pre_req_pre"": ""0"", ""sel_4th_pre_req"": ""14"", ""sel_4th_pre_bid"": ""+52600"", ""sel_3th_pre_req_pre"": ""0"", ""sel_3th_pre_req"": ""21"", ""sel_3th_pre_bid"": ""+52500"", ""sel_2th_pre_req_pre"": ""0"", ""sel_2th_pre_req"": ""79"", ""sel_2th_pre_bid"": ""+52400"", ""sel_1th_pre_req_pre"": ""0"", ""sel_fpr_req"": ""39"", ""sel_fpr_bid"": ""+52300"", ""buy_fpr_bid"": ""+52100"", ""buy_fpr_req"": ""24"", ""buy_1th_pre_req_pre"": ""+23"", ""buy_2th_pre_bid"": ""+52000"", ""buy_2th_pre_req"": ""102"", ""buy_2th_pre_req_pre"": ""0"", ""buy_3th_pre_bid"": ""+51900"", ""buy_3th_pre_req"": ""120"", ""buy_3th_pre_req_pre"": ""0"", ""buy_4th_pre_bid"": ""+51800"", ""buy_4th_pre_req"": ""39"", ""buy_4th_pre_req_pre"": ""0"", ""buy_5th_pre_bid"": ""+51700"", ""buy_5th_pre_req"": ""1"", ""buy_5th_pre_req_pre"": ""0"", ""buy_6th_pre_bid"": ""+51600"", ""buy_6th_pre_req"": ""126"", ""buy_6th_pre_req_pre"": ""0"", ""buy_7th_pre_bid"": ""+51500"", ""buy_7th_pre_req"": ""164"", ""buy_7th_pre_req_pre"": ""0"", ""buy_8th_pre_bid"": ""+51400"", ""buy_8th_pre_req"": ""43"", ""buy_8th_pre_req_pre"": ""0"", ""buy_9th_pre_bid"": ""+51300"", ""buy_9th_pre_req"": ""103"", ""buy_9th_pre_req_pre"": ""0"", ""buy_10th_pre_bid"": ""+51200"", ""buy_10th_pre_req"": ""1424"", ""buy_10th_pre_req_pre"": ""0"", ""tot_sel_req_jub_pre"": ""0"", ""tot_sel_req"": ""442"", ""tot_buy_req"": ""2146"", ""tot_buy_req_jub_pre"": ""+23"", ""ovt_sel_req_pre"": ""0"", ""ovt_sel_req"": ""0"", ""ovt_buy_req"": ""0"", ""ovt_buy_req_pre"": ""0"", ""return_code"": 0, ""return_msg"": ""정상적으로 처리되었습니다""}"
2026-06-10,watchlist,066570,,1,filtered_candidate_recheck,233000,,233000,232500,233000,234000,0.2145922746781116,0.2145922746781116,,,,,,"{""bid_req_base_tm"": ""104846"", ""sel_10th_pre_req_pre"": ""0"", ""sel_10th_pre_req"": ""1822"", ""sel_10th_pre_bid"": ""-237500"", ""sel_9th_pre_req_pre"": ""0"", ""sel_9th_pre_req"": ""1491"", ""sel_9th_pre_bid"": ""-237000"", ""sel_8th_pre_req_pre"": ""0"", ""sel_8th_pre_req"": ""1305"", ""sel_8th_pre_bid"": ""-236500"", ""sel_7th_pre_req_pre"": ""0"", ""sel_7th_pre_req"": ""2951"", ""sel_7th_pre_bid"": ""-236000"", ""sel_6th_pre_req_pre"": ""0"", ""sel_6th_pre_req"": ""2196"", ""sel_6th_pre_bid"": ""-235500"", ""sel_5th_pre_req_pre"": ""+400"", ""sel_5th_pre_req"": ""3797"", ""sel_5th_pre_bid"": ""-235000"", ""sel_4th_pre_req_pre"": ""0"", ""sel_4th_pre_req"": ""2459"", ""sel_4th_pre_bid"": ""-234500"", ""sel_3th_pre_req_pre"": ""+1500"", ""sel_3th_pre_req"": ""3143"", ""sel_3th_pre_bid"": ""-234000"", ""sel_2th_pre_req_pre"": ""--1900"", ""sel_2th_pre_req"": ""881"", ""sel_2th_pre_bid"": ""-233500"", ""sel_1th_pre_req_pre"": ""0"", ""sel_fpr_req"": ""2468"", ""sel_fpr_bid"": ""-233000"", ""buy_fpr_bid"": ""-232500"", ""buy_fpr_req"": ""2697"", ""buy_1th_pre_req_pre"": ""+490"", ""buy_2th_pre_bid"": ""-232000"", ""buy_2th_pre_req"": ""4753"", ""buy_2th_pre_req_pre"": ""--240"", ""buy_3th_pre_bid"": ""-231500"", ""buy_3th_pre_req"": ""6827"", ""buy_3th_pre_req_pre"": ""--200"", ""buy_4th_pre_bid"": ""-231000"", ""buy_4th_pre_req"": ""10128"", ""buy_4th_pre_req_pre"": ""--2"", ""buy_5th_pre_bid"": ""-230500"", ""buy_5th_pre_req"": ""16379"", ""buy_5th_pre_req_pre"": ""0"", ""buy_6th_pre_bid"": ""-230000"", ""buy_6th_pre_req"": ""41277"", ""buy_6th_pre_req_pre"": ""0"", ""buy_7th_pre_bid"": ""-229500"", ""buy_7th_pre_req"": ""5523"", ""buy_7th_pre_req_pre"": ""0"", ""buy_8th_pre_bid"": ""-229000"", ""buy_8th_pre_req"": ""7794"", ""buy_8th_pre_req_pre"": ""0"", ""buy_9th_pre_bid"": ""-228500"", ""buy_9th_pre_req"": ""6428"", ""buy_9th_pre_req_pre"": ""--8"", ""buy_10th_pre_bid"": ""-228000"", ""buy_10th_pre_req"": ""15607"", ""buy_10th_pre_req_pre"": ""0"", ""tot_sel_req_jub_pre"": ""0"", ""tot_sel_req"": ""22513"", ""tot_buy_req"": ""117413"", ""tot_buy_req_jub_pre"": ""+40"", ""ovt_sel_req_pre"": ""0"", ""ovt_sel_req"": ""0"", ""ovt_buy_req"": ""0"", ""ovt_buy_req_pre"": ""0"", ""return_code"": 0, ""return_msg"": ""정상적으로 처리되었습니다""}"
2026-06-10,watchlist,028670,,1,filtered_candidate_recheck,5030,,5030,5020,5030,5060,0.3976143141153081,0.19880715705765406,,,,,,"{""bid_req_base_tm"": ""104844"", ""sel_10th_pre_req_pre"": ""0"", ""sel_10th_pre_req"": ""3109"", ""sel_10th_pre_bid"": ""-5120"", ""sel_9th_pre_req_pre"": ""0"", ""sel_9th_pre_req"": ""1751"", ""sel_9th_pre_bid"": ""-5110"", ""sel_8th_pre_req_pre"": ""0"", ""sel_8th_pre_req"": ""2211"", ""sel_8th_pre_bid"": ""-5100"", ""sel_7th_pre_req_pre"": ""0"", ""sel_7th_pre_req"": ""1385"", ""sel_7th_pre_bid"": ""-5090"", ""sel_6th_pre_req_pre"": ""0"", ""sel_6th_pre_req"": ""1118"", ""sel_6th_pre_bid"": ""-5080"", ""sel_5th_pre_req_pre"": ""0"", ""sel_5th_pre_req"": ""401"", ""sel_5th_pre_bid"": ""-5070"", ""sel_4th_pre_req_pre"": ""0"", ""sel_4th_pre_req"": ""252"", ""sel_4th_pre_bid"": ""-5060"", ""sel_3th_pre_req_pre"": ""0"", ""sel_3th_pre_req"": ""153"", ""sel_3th_pre_bid"": ""-5050"", ""sel_2th_pre_req_pre"": ""0"", ""sel_2th_pre_req"": ""233"", ""sel_2th_pre_bid"": ""-5040"", ""sel_1th_pre_req_pre"": ""0"", ""sel_fpr_req"": ""4285"", ""sel_fpr_bid"": ""-5030"", ""buy_fpr_bid"": ""-5020"", ""buy_fpr_req"": ""1150"", ""buy_1th_pre_req_pre"": ""0"", ""buy_2th_pre_bid"": ""-5010"", ""buy_2th_pre_req"": ""41281"", ""buy_2th_pre_req_pre"": ""0"", ""buy_3th_pre_bid"": ""-5000"", ""buy_3th_pre_req"": ""2631"", ""buy_3th_pre_req_pre"": ""0"", ""buy_4th_pre_bid"": ""-4995"", ""buy_4th_pre_req"": ""2081"", ""buy_4th_pre_req_pre"": ""0"", ""buy_5th_pre_bid"": ""-4990"", ""buy_5th_pre_req"": ""4259"", ""buy_5th_pre_req_pre"": ""0"", ""buy_6th_pre_bid"": ""-4985"", ""buy_6th_pre_req"": ""1909"", ""buy_6th_pre_req_pre"": ""0"", ""buy_7th_pre_bid"": ""-4980"", ""buy_7th_pre_req"": ""7191"", ""buy_7th_pre_req_pre"": ""0"", ""buy_8th_pre_bid"": ""-4975"", ""buy_8th_pre_req"": ""117"", ""buy_8th_pre_req_pre"": ""0"", ""buy_9th_pre_bid"": ""-4970"", ""buy_9th_pre_req"": ""2155"", ""buy_9th_pre_req_pre"": ""0"", ""buy_10th_pre_bid"": ""-4965"", ""buy_10th_pre_req"": ""5619"", ""buy_10th_pre_req_pre"": ""0"", ""tot_sel_req_jub_pre"": ""0"", ""tot_sel_req"": ""14898"", ""tot_buy_req"": ""68393"", ""tot_buy_req_jub_pre"": ""0"", ""ovt_sel_req_pre"": ""0"", ""ovt_sel_req"": ""0"", ""ovt_buy_req"": ""0"", ""ovt_buy_req_pre"": ""0"", ""return_code"": 0, ""return_msg"": ""정상적으로 처리되었습니다""}"
2026-06-10,watchlist,004990,,0,filtered_candidate_recheck,25850,,25850,25800,25850,25800,-0.3868471953578337,0.19342359767891684,,,,,,"{""bid_req_base_tm"": ""104846"", ""sel_10th_pre_req_pre"": ""0"", ""sel_10th_pre_req"": ""11"", ""sel_10th_pre_bid"": ""+26300"", ""sel_9th_pre_req_pre"": ""0"", ""sel_9th_pre_req"": ""135"", ""sel_9th_pre_bid"": ""+26250"", ""sel_8th_pre_req_pre"": ""0"", ""sel_8th_pre_req"": ""90"", ""sel_8th_pre_bid"": ""+26200"", ""sel_7th_pre_req_pre"": ""0"", ""sel_7th_pre_req"": ""3120"", ""sel_7th_pre_bid"": ""26150"", ""sel_6th_pre_req_pre"": ""0"", ""sel_6th_pre_req"": ""302"", ""sel_6th_pre_bid"": ""-26100"", ""sel_5th_pre_req_pre"": ""0"", ""sel_5th_pre_req"": ""201"", ""sel_5th_pre_bid"": ""-26050"", ""sel_4th_pre_req_pre"": ""0"", ""sel_4th_pre_req"": ""222"", ""sel_4th_pre_bid"": ""-26000"", ""sel_3th_pre_req_pre"": ""0"", ""sel_3th_pre_req"": ""207"", ""sel_3th_pre_bid"": ""-25950"", ""sel_2th_pre_req_pre"": ""0"", ""sel_2th_pre_req"": ""251"", ""sel_2th_pre_bid"": ""-25900"", ""sel_1th_pre_req_pre"": ""0"", ""sel_fpr_req"": ""382"", ""sel_fpr_bid"": ""-25850"", ""buy_fpr_bid"": ""-25800"", ""buy_fpr_req"": ""176"", ""buy_1th_pre_req_pre"": ""0"", ""buy_2th_pre_bid"": ""-25750"", ""buy_2th_pre_req"": ""613"", ""buy_2th_pre_req_pre"": ""0"", ""buy_3th_pre_bid"": ""-25700"", ""buy_3th_pre_req"": ""107"", ""buy_3th_pre_req_pre"": ""0"", ""buy_4th_pre_bid"": ""-25650"", ""buy_4th_pre_req"": ""201"", ""buy_4th_pre_req_pre"": ""0"", ""buy_5th_pre_bid"": ""-25600"", ""buy_5th_pre_req"": ""283"", ""buy_5th_pre_req_pre"": ""0"", ""buy_6th_pre_bid"": ""-25550"", ""buy_6th_pre_req"": ""422"", ""buy_6th_pre_req_pre"": ""0"", ""buy_7th_pre_bid"": ""-25500"", ""buy_7th_pre_req"": ""982"", ""buy_7th_pre_req_pre"": ""0"", ""buy_8th_pre_bid"": ""-25450"", ""buy_8th_pre_req"": ""1149"", ""buy_8th_pre_req_pre"": ""0"", ""buy_9th_pre_bid"": ""-25400"", ""buy_9th_pre_req"": ""677"", ""buy_9th_pre_req_pre"": ""0"", ""buy_10th_pre_bid"": ""-25350"", ""buy_10th_pre_req"": ""392"", ""buy_10th_pre_req_pre"": ""0"", ""tot_sel_req_jub_pre"": ""0"", ""tot_sel_req"": ""4921"", ""tot_buy_req"": ""5002"", ""tot_buy_req_jub_pre"": ""0"", ""ovt_sel_req_pre"": ""0"", ""ovt_sel_req"": ""0"", ""ovt_buy_req"": ""0"", ""ovt_buy_req_pre"": ""0"", ""return_code"": 0, ""return_msg"": ""정상적으로 처리되었습니다""}"
2026-06-10,watchlist,081660,,0,filtered_candidate_recheck,40350,,40350,40200,40350,40400,0.0,0.37174721189591076,,,,,,"{""bid_req_base_tm"": ""104838"", ""sel_10th_pre_req_pre"": ""0"", ""sel_10th_pre_req"": ""136"", ""sel_10th_pre_bid"": ""+40800"", ""sel_9th_pre_req_pre"": ""0"", ""sel_9th_pre_req"": ""13"", ""sel_9th_pre_bid"": ""+40750"", ""sel_8th_pre_req_pre"": ""0"", ""sel_8th_pre_req"": ""70"", ""sel_8th_pre_bid"": ""+40700"", ""sel_7th_pre_req_pre"": ""0"", ""sel_7th_pre_req"": ""50"", ""sel_7th_pre_bid"": ""+40650"", ""sel_6th_pre_req_pre"": ""0"", ""sel_6th_pre_req"": ""70"", ""sel_6th_pre_bid"": ""+40600"", ""sel_5th_pre_req_pre"": ""0"", ""sel_5th_pre_req"": ""1"", ""sel_5th_pre_bid"": ""+40550"", ""sel_4th_pre_req_pre"": ""0"", ""sel_4th_pre_req"": ""196"", ""sel_4th_pre_bid"": ""+40500"", ""sel_3th_pre_req_pre"": ""0"", ""sel_3th_pre_req"": ""200"", ""sel_3th_pre_bid"": ""+40450"", ""sel_2th_pre_req_pre"": ""0"", ""sel_2th_pre_req"": ""37"", ""sel_2th_pre_bid"": ""+40400"", ""sel_1th_pre_req_pre"": ""0"", ""sel_fpr_req"": ""44"", ""sel_fpr_bid"": ""+40350"", ""buy_fpr_bid"": ""+40200"", ""buy_fpr_req"": ""4"", ""buy_1th_pre_req_pre"": ""0"", ""buy_2th_pre_bid"": ""+40150"", ""buy_2th_pre_req"": ""419"", ""buy_2th_pre_req_pre"": ""0"", ""buy_3th_pre_bid"": ""+40100"", ""buy_3th_pre_req"": ""276"", ""buy_3th_pre_req_pre"": ""0"", ""buy_4th_pre_bid"": ""+40050"", ""buy_4th_pre_req"": ""52"", ""buy_4th_pre_req_pre"": ""0"", ""buy_5th_pre_bid"": ""+40000"", ""buy_5th_pre_req"": ""677"", ""buy_5th_pre_req_pre"": ""0"", ""buy_6th_pre_bid"": ""+39950"", ""buy_6th_pre_req"": ""500"", ""buy_6th_pre_req_pre"": ""0"", ""buy_7th_pre_bid"": ""+39900"", ""buy_7th_pre_req"": ""2"", ""buy_7th_pre_req_pre"": ""0"", ""buy_8th_pre_bid"": ""+39850"", ""buy_8th_pre_req"": ""1"", ""buy_8th_pre_req_pre"": ""0"", ""buy_9th_pre_bid"": ""+39800"", ""buy_9th_pre_req"": ""5"", ""buy_9th_pre_req_pre"": ""0"", ""buy_10th_pre_bid"": ""39700"", ""buy_10th_pre_req"": ""7"", ""buy_10th_pre_req_pre"": ""0"", ""tot_sel_req_jub_pre"": ""+93"", ""tot_sel_req"": ""817"", ""tot_buy_req"": ""1943"", ""tot_buy_req_jub_pre"": ""0"", ""ovt_sel_req_pre"": ""0"", ""ovt_sel_req"": ""0"", ""ovt_buy_req"": ""0"", ""ovt_buy_req_pre"": ""0"", ""return_code"": 0, ""return_msg"": ""정상적으로 처리되었습니다""}"
2026-06-10,watchlist,008770,,0,filtered_candidate_recheck,54800,,54800,54700,54800,54400,-0.9124087591240875,0.18248175182481752,,,,,,"{""bid_req_base_tm"": ""104845"", ""sel_10th_pre_req_pre"": ""0"", ""sel_10th_pre_req"": ""125"", ""sel_10th_pre_bid"": ""+55700"", ""sel_9th_pre_req_pre"": ""0"", ""sel_9th_pre_req"": ""157"", ""sel_9th_pre_bid"": ""+55600"", ""sel_8th_pre_req_pre"": ""0"", ""sel_8th_pre_req"": ""389"", ""sel_8th_pre_bid"": ""+55500"", ""sel_7th_pre_req_pre"": ""0"", ""sel_7th_pre_req"": ""241"", ""sel_7th_pre_bid"": ""+55400"", ""sel_6th_pre_req_pre"": ""0"", ""sel_6th_pre_req"": ""411"", ""sel_6th_pre_bid"": ""+55300"", ""sel_5th_pre_req_pre"": ""0"", ""sel_5th_pre_req"": ""536"", ""sel_5th_pre_bid"": ""55200"", ""sel_4th_pre_req_pre"": ""0"", ""sel_4th_pre_req"": ""929"", ""sel_4th_pre_bid"": ""-55100"", ""sel_3th_pre_req_pre"": ""0"", ""sel_3th_pre_req"": ""518"", ""sel_3th_pre_bid"": ""-55000"", ""sel_2th_pre_req_pre"": ""0"", ""sel_2th_pre_req"": ""395"", ""sel_2th_pre_bid"": ""-54900"", ""sel_1th_pre_req_pre"": ""0"", ""sel_fpr_req"": ""453"", ""sel_fpr_bid"": ""-54800"", ""buy_fpr_bid"": ""-54700"", ""buy_fpr_req"": ""87"", ""buy_1th_pre_req_pre"": ""--1"", ""buy_2th_pre_bid"": ""-54600"", ""buy_2th_pre_req"": ""168"", ""buy_2th_pre_req_pre"": ""0"", ""buy_3th_pre_bid"": ""-54500"", ""buy_3th_pre_req"": ""514"", ""buy_3th_pre_req_pre"": ""0"", ""buy_4th_pre_bid"": ""-54400"", ""buy_4th_pre_req"": ""39"", ""buy_4th_pre_req_pre"": ""0"", ""buy_5th_pre_bid"": ""-54300"", ""buy_5th_pre_req"": ""300"", ""buy_5th_pre_req_pre"": ""0"", ""buy_6th_pre_bid"": ""-54200"", ""buy_6th_pre_req"": ""11"", ""buy_6th_pre_req_pre"": ""0"", ""buy_7th_pre_bid"": ""-54100"", ""buy_7th_pre_req"": ""42"", ""buy_7th_pre_req_pre"": ""0"", ""buy_8th_pre_bid"": ""-54000"", ""buy_8th_pre_req"": ""221"", ""buy_8th_pre_req_pre"": ""0"", ""buy_9th_pre_bid"": ""-53900"", ""buy_9th_pre_req"": ""203"", ""buy_9th_pre_req_pre"": ""0"", ""buy_10th_pre_bid"": ""-53800"", ""buy_10th_pre_req"": ""390"", ""buy_10th_pre_req_pre"": ""0"", ""tot_sel_req_jub_pre"": ""0"", ""tot_sel_req"": ""4154"", ""tot_buy_req"": ""1975"", ""tot_buy_req_jub_pre"": ""--1"", ""ovt_sel_req_pre"": ""0"", ""ovt_sel_req"": ""0"", ""ovt_buy_req"": ""0"", ""ovt_buy_req_pre"": ""0"", ""return_code"": 0, ""return_msg"": ""정상적으로 처리되었습니다""}"
2026-06-10,watchlist,012330,,0,filtered_candidate_recheck,582000,,582000,581000,582000,583000,0.0,0.1718213058419244,,,,,,"{""bid_req_base_tm"": ""104847"", ""sel_10th_pre_req_pre"": ""0"", ""sel_10th_pre_req"": ""250"", ""sel_10th_pre_bid"": ""-591000"", ""sel_9th_pre_req_pre"": ""0"", ""sel_9th_pre_req"": ""451"", ""sel_9th_pre_bid"": ""-590000"", ""sel_8th_pre_req_pre"": ""0"", ""sel_8th_pre_req"": ""335"", ""sel_8th_pre_bid"": ""-589000"", ""sel_7th_pre_req_pre"": ""0"", ""sel_7th_pre_req"": ""90"", ""sel_7th_pre_bid"": ""-588000"", ""sel_6th_pre_req_pre"": ""0"", ""sel_6th_pre_req"": ""320"", ""sel_6th_pre_bid"": ""-587000"", ""sel_5th_pre_req_pre"": ""0"", ""sel_5th_pre_req"": ""161"", ""sel_5th_pre_bid"": ""-586000"", ""sel_4th_pre_req_pre"": ""--2"", ""sel_4th_pre_req"": ""71"", ""sel_4th_pre_bid"": ""-585000"", ""sel_3th_pre_req_pre"": ""0"", ""sel_3th_pre_req"": ""162"", ""sel_3th_pre_bid"": ""-584000"", ""sel_2th_pre_req_pre"": ""0"", ""sel_2th_pre_req"": ""885"", ""sel_2th_pre_bid"": ""-583000"", ""sel_1th_pre_req_pre"": ""+2"", ""sel_fpr_req"": ""240"", ""sel_fpr_bid"": ""-582000"", ""buy_fpr_bid"": ""-581000"", ""buy_fpr_req"": ""65"", ""buy_1th_pre_req_pre"": ""+48"", ""buy_2th_pre_bid"": ""-580000"", ""buy_2th_pre_req"": ""464"", ""buy_2th_pre_req_pre"": ""--48"", ""buy_3th_pre_bid"": ""-579000"", ""buy_3th_pre_req"": ""581"", ""buy_3th_pre_req_pre"": ""0"", ""buy_4th_pre_bid"": ""-578000"", ""buy_4th_pre_req"": ""680"", ""buy_4th_pre_req_pre"": ""0"", ""buy_5th_pre_bid"": ""-577000"", ""buy_5th_pre_req"": ""893"", ""buy_5th_pre_req_pre"": ""0"", ""buy_6th_pre_bid"": ""-576000"", ""buy_6th_pre_req"": ""978"", ""buy_6th_pre_req_pre"": ""0"", ""buy_7th_pre_bid"": ""-575000"", ""buy_7th_pre_req"": ""1521"", ""buy_7th_pre_req_pre"": ""0"", ""buy_8th_pre_bid"": ""-574000"", ""buy_8th_pre_req"": ""625"", ""buy_8th_pre_req_pre"": ""0"", ""buy_9th_pre_bid"": ""-573000"", ""buy_9th_pre_req"": ""996"", ""buy_9th_pre_req_pre"": ""0"", ""buy_10th_pre_bid"": ""-572000"", ""buy_10th_pre_req"": ""1530"", ""buy_10th_pre_req_pre"": ""0"", ""tot_sel_req_jub_pre"": ""0"", ""tot_sel_req"": ""2965"", ""tot_buy_req"": ""8333"", ""tot_buy_req_jub_pre"": ""0"", ""ovt_sel_req_pre"": ""0"", ""ovt_sel_req"": ""0"", ""ovt_buy_req"": ""0"", ""ovt_buy_req_pre"": ""0"", ""return_code"": 0, ""return_msg"": ""정상적으로 처리되었습니다""}"
2026-06-10,watchlist,009155,,0,filtered_candidate_recheck,605000,,605000,604000,605000,609000,0.49586776859504134,0.1652892561983471,,,,,,"{""bid_req_base_tm"": ""104847"", ""sel_10th_pre_req_pre"": ""0"", ""sel_10th_pre_req"": ""9"", ""sel_10th_pre_bid"": ""-616000"", ""sel_9th_pre_req_pre"": ""0"", ""sel_9th_pre_req"": ""12"", ""sel_9th_pre_bid"": ""-615000"", ""sel_8th_pre_req_pre"": ""0"", ""sel_8th_pre_req"": ""41"", ""sel_8th_pre_bid"": ""-614000"", ""sel_7th_pre_req_pre"": ""0"", ""sel_7th_pre_req"": ""55"", ""sel_7th_pre_bid"": ""-613000"", ""sel_6th_pre_req_pre"": ""0"", ""sel_6th_pre_req"": ""13"", ""sel_6th_pre_bid"": ""-612000"", ""sel_5th_pre_req_pre"": ""0"", ""sel_5th_pre_req"": ""53"", ""sel_5th_pre_bid"": ""-611000"", ""sel_4th_pre_req_pre"": ""0"", ""sel_4th_pre_req"": ""12"", ""sel_4th_pre_bid"": ""-610000"", ""sel_3th_pre_req_pre"": ""0"", ""sel_3th_pre_req"": ""11"", ""sel_3th_pre_bid"": ""-607000"", ""sel_2th_pre_req_pre"": ""0"", ""sel_2th_pre_req"": ""45"", ""sel_2th_pre_bid"": ""-606000"", ""sel_1th_pre_req_pre"": ""0"", ""sel_fpr_req"": ""40"", ""sel_fpr_bid"": ""-605000"", ""buy_fpr_bid"": ""-604000"", ""buy_fpr_req"": ""54"", ""buy_1th_pre_req_pre"": ""0"", ""buy_2th_pre_bid"": ""-603000"", ""buy_2th_pre_req"": ""85"", ""buy_2th_pre_req_pre"": ""0"", ""buy_3th_pre_bid"": ""-602000"", ""buy_3th_pre_req"": ""213"", ""buy_3th_pre_req_pre"": ""0"", ""buy_4th_pre_bid"": ""-601000"", ""buy_4th_pre_req"": ""151"", ""buy_4th_pre_req_pre"": ""0"", ""buy_5th_pre_bid"": ""-600000"", ""buy_5th_pre_req"": ""499"", ""buy_5th_pre_req_pre"": ""0"", ""buy_6th_pre_bid"": ""-599000"", ""buy_6th_pre_req"": ""218"", ""buy_6th_pre_req_pre"": ""--1"", ""buy_7th_pre_bid"": ""-598000"", ""buy_7th_pre_req"": ""94"", ""buy_7th_pre_req_pre"": ""0"", ""buy_8th_pre_bid"": ""-597000"", ""buy_8th_pre_req"": ""116"", ""buy_8th_pre_req_pre"": ""0"", ""buy_9th_pre_bid"": ""-596000"", ""buy_9th_pre_req"": ""51"", ""buy_9th_pre_req_pre"": ""0"", ""buy_10th_pre_bid"": ""-595000"", ""buy_10th_pre_req"": ""246"", ""buy_10th_pre_req_pre"": ""+1"", ""tot_sel_req_jub_pre"": ""0"", ""tot_sel_req"": ""291"", ""tot_buy_req"": ""1727"", ""tot_buy_req_jub_pre"": ""0"", ""ovt_sel_req_pre"": ""0"", ""ovt_sel_req"": ""0"", ""ovt_buy_req"": ""0"", ""ovt_buy_req_pre"": ""0"", ""return_code"": 0, ""return_msg"": ""정상적으로 처리되었습니다""}"
2026-06-10,watchlist,181710,,0,filtered_candidate_recheck,41450,,41450,41350,41450,41250,-0.6031363088057901,0.24125452352231602,,,,,,"{""bid_req_base_tm"": ""104847"", ""sel_10th_pre_req_pre"": ""0"", ""sel_10th_pre_req"": ""4"", ""sel_10th_pre_bid"": ""-41900"", ""sel_9th_pre_req_pre"": ""0"", ""sel_9th_pre_req"": ""7"", ""sel_9th_pre_bid"": ""-41850"", ""sel_8th_pre_req_pre"": ""0"", ""sel_8th_pre_req"": ""1"", ""sel_8th_pre_bid"": ""-41800"", ""sel_7th_pre_req_pre"": ""0"", ""sel_7th_pre_req"": ""2"", ""sel_7th_pre_bid"": ""-41750"", ""sel_6th_pre_req_pre"": ""0"", ""sel_6th_pre_req"": ""22"", ""sel_6th_pre_bid"": ""-41700"", ""sel_5th_pre_req_pre"": ""0"", ""sel_5th_pre_req"": ""500"", ""sel_5th_pre_bid"": ""-41650"", ""sel_4th_pre_req_pre"": ""0"", ""sel_4th_pre_req"": ""27"", ""sel_4th_pre_bid"": ""-41600"", ""sel_3th_pre_req_pre"": ""0"", ""sel_3th_pre_req"": ""5"", ""sel_3th_pre_bid"": ""-41550"", ""sel_2th_pre_req_pre"": ""0"", ""sel_2th_pre_req"": ""398"", ""sel_2th_pre_bid"": ""-41500"", ""sel_1th_pre_req_pre"": ""0"", ""sel_fpr_req"": ""16"", ""sel_fpr_bid"": ""-41450"", ""buy_fpr_bid"": ""-41350"", ""buy_fpr_req"": ""17"", ""buy_1th_pre_req_pre"": ""0"", ""buy_2th_pre_bid"": ""-41300"", ""buy_2th_pre_req"": ""39"", ""buy_2th_pre_req_pre"": ""0"", ""buy_3th_pre_bid"": ""-41250"", ""buy_3th_pre_req"": ""163"", ""buy_3th_pre_req_pre"": ""0"", ""buy_4th_pre_bid"": ""-41200"", ""buy_4th_pre_req"": ""21"", ""buy_4th_pre_req_pre"": ""0"", ""buy_5th_pre_bid"": ""-41150"", ""buy_5th_pre_req"": ""67"", ""buy_5th_pre_req_pre"": ""0"", ""buy_6th_pre_bid"": ""-41100"", ""buy_6th_pre_req"": ""22"", ""buy_6th_pre_req_pre"": ""0"", ""buy_7th_pre_bid"": ""-41050"", ""buy_7th_pre_req"": ""1"", ""buy_7th_pre_req_pre"": ""0"", ""buy_8th_pre_bid"": ""-41000"", ""buy_8th_pre_req"": ""247"", ""buy_8th_pre_req_pre"": ""0"", ""buy_9th_pre_bid"": ""-40950"", ""buy_9th_pre_req"": ""1"", ""buy_9th_pre_req_pre"": ""0"", ""buy_10th_pre_bid"": ""-40900"", ""buy_10th_pre_req"": ""5"", ""buy_10th_pre_req_pre"": ""0"", ""tot_sel_req_jub_pre"": ""0"", ""tot_sel_req"": ""982"", ""tot_buy_req"": ""583"", ""tot_buy_req_jub_pre"": ""0"", ""ovt_sel_req_pre"": ""0"", ""ovt_sel_req"": ""0"", ""ovt_buy_req"": ""0"", ""ovt_buy_req_pre"": ""0"", ""return_code"": 0, ""return_msg"": ""정상적으로 처리되었습니다""}"
2026-06-10,watchlist,085620,,0,filtered_candidate_recheck,22300,,22300,22250,22300,22400,0.2242152466367713,0.2242152466367713,,,,,,"{""bid_req_base_tm"": ""104848"", ""sel_10th_pre_req_pre"": ""0"", ""sel_10th_pre_req"": ""268"", ""sel_10th_pre_bid"": ""-22750"", ""sel_9th_pre_req_pre"": ""0"", ""sel_9th_pre_req"": ""463"", ""sel_9th_pre_bid"": ""-22700"", ""sel_8th_pre_req_pre"": ""0"", ""sel_8th_pre_req"": ""287"", ""sel_8th_pre_bid"": ""-22650"", ""sel_7th_pre_req_pre"": ""0"", ""sel_7th_pre_req"": ""979"", ""sel_7th_pre_bid"": ""-22600"", ""sel_6th_pre_req_pre"": ""0"", ""sel_6th_pre_req"": ""834"", ""sel_6th_pre_bid"": ""-22550"", ""sel_5th_pre_req_pre"": ""0"", ""sel_5th_pre_req"": ""858"", ""sel_5th_pre_bid"": ""-22500"", ""sel_4th_pre_req_pre"": ""0"", ""sel_4th_pre_req"": ""356"", ""sel_4th_pre_bid"": ""-22450"", ""sel_3th_pre_req_pre"": ""0"", ""sel_3th_pre_req"": ""7"", ""sel_3th_pre_bid"": ""-22400"", ""sel_2th_pre_req_pre"": ""0"", ""sel_2th_pre_req"": ""194"", ""sel_2th_pre_bid"": ""-22350"", ""sel_1th_pre_req_pre"": ""0"", ""sel_fpr_req"": ""97"", ""sel_fpr_bid"": ""-22300"", ""buy_fpr_bid"": ""-22250"", ""buy_fpr_req"": ""362"", ""buy_1th_pre_req_pre"": ""--23"", ""buy_2th_pre_bid"": ""-22200"", ""buy_2th_pre_req"": ""574"", ""buy_2th_pre_req_pre"": ""0"", ""buy_3th_pre_bid"": ""-22150"", ""buy_3th_pre_req"": ""1531"", ""buy_3th_pre_req_pre"": ""0"", ""buy_4th_pre_bid"": ""-22100"", ""buy_4th_pre_req"": ""1649"", ""buy_4th_pre_req_pre"": ""0"", ""buy_5th_pre_bid"": ""-22050"", ""buy_5th_pre_req"": ""2732"", ""buy_5th_pre_req_pre"": ""0"", ""buy_6th_pre_bid"": ""-22000"", ""buy_6th_pre_req"": ""1816"", ""buy_6th_pre_req_pre"": ""0"", ""buy_7th_pre_bid"": ""-21950"", ""buy_7th_pre_req"": ""2335"", ""buy_7th_pre_req_pre"": ""0"", ""buy_8th_pre_bid"": ""-21900"", ""buy_8th_pre_req"": ""2735"", ""buy_8th_pre_req_pre"": ""0"", ""buy_9th_pre_bid"": ""-21850"", ""buy_9th_pre_req"": ""1683"", ""buy_9th_pre_req_pre"": ""0"", ""buy_10th_pre_bid"": ""-21800"", ""buy_10th_pre_req"": ""1050"", ""buy_10th_pre_req_pre"": ""0"", ""tot_sel_req_jub_pre"": ""0"", ""tot_sel_req"": ""4343"", ""tot_buy_req"": ""16467"", ""tot_buy_req_jub_pre"": ""--23"", ""ovt_sel_req_pre"": ""0"", ""ovt_sel_req"": ""0"", ""ovt_buy_req"": ""0"", ""ovt_buy_req_pre"": ""0"", ""return_code"": 0, ""return_msg"": ""정상적으로 처리되었습니다""}"
2026-06-10,watchlist,062040,,0,filtered_candidate_recheck,226500,,226500,226000,226500,227000,0.0,0.22075055187637968,,,,,,"{""bid_req_base_tm"": ""104848"", ""sel_10th_pre_req_pre"": ""0"", ""sel_10th_pre_req"": ""402"", ""sel_10th_pre_bid"": ""+231000"", ""sel_9th_pre_req_pre"": ""0"", ""sel_9th_pre_req"": ""137"", ""sel_9th_pre_bid"": ""+230500"", ""sel_8th_pre_req_pre"": ""0"", ""sel_8th_pre_req"": ""427"", ""sel_8th_pre_bid"": ""+230000"", ""sel_7th_pre_req_pre"": ""0"", ""sel_7th_pre_req"": ""88"", ""sel_7th_pre_bid"": ""+229500"", ""sel_6th_pre_req_pre"": ""0"", ""sel_6th_pre_req"": ""38"", ""sel_6th_pre_bid"": ""+229000"", ""sel_5th_pre_req_pre"": ""0"", ""sel_5th_pre_req"": ""89"", ""sel_5th_pre_bid"": ""+228500"", ""sel_4th_pre_req_pre"": ""0"", ""sel_4th_pre_req"": ""180"", ""sel_4th_pre_bid"": ""+228000"", ""sel_3th_pre_req_pre"": ""0"", ""sel_3th_pre_req"": ""80"", ""sel_3th_pre_bid"": ""+227500"", ""sel_2th_pre_req_pre"": ""0"", ""sel_2th_pre_req"": ""141"", ""sel_2th_pre_bid"": ""+227000"", ""sel_1th_pre_req_pre"": ""0"", ""sel_fpr_req"": ""289"", ""sel_fpr_bid"": ""+226500"", ""buy_fpr_bid"": ""+226000"", ""buy_fpr_req"": ""363"", ""buy_1th_pre_req_pre"": ""0"", ""buy_2th_pre_bid"": ""+225500"", ""buy_2th_pre_req"": ""329"", ""buy_2th_pre_req_pre"": ""0"", ""buy_3th_pre_bid"": ""225000"", ""buy_3th_pre_req"": ""674"", ""buy_3th_pre_req_pre"": ""0"", ""buy_4th_pre_bid"": ""-224500"", ""buy_4th_pre_req"": ""64"", ""buy_4th_pre_req_pre"": ""0"", ""buy_5th_pre_bid"": ""-224000"", ""buy_5th_pre_req"": ""199"", ""buy_5th_pre_req_pre"": ""0"", ""buy_6th_pre_bid"": ""-223500"", ""buy_6th_pre_req"": ""65"", ""buy_6th_pre_req_pre"": ""0"", ""buy_7th_pre_bid"": ""-223000"", ""buy_7th_pre_req"": ""284"", ""buy_7th_pre_req_pre"": ""0"", ""buy_8th_pre_bid"": ""-222500"", ""buy_8th_pre_req"": ""214"", ""buy_8th_pre_req_pre"": ""0"", ""buy_9th_pre_bid"": ""-222000"", ""buy_9th_pre_req"": ""185"", ""buy_9th_pre_req_pre"": ""0"", ""buy_10th_pre_bid"": ""-221500"", ""buy_10th_pre_req"": ""124"", ""buy_10th_pre_req_pre"": ""+1"", ""tot_sel_req_jub_pre"": ""0"", ""tot_sel_req"": ""1871"", ""tot_buy_req"": ""2501"", ""tot_buy_req_jub_pre"": ""+1"", ""ovt_sel_req_pre"": ""0"", ""ovt_sel_req"": ""0"", ""ovt_buy_req"": ""0"", ""ovt_buy_req_pre"": ""0"", ""return_code"": 0, ""return_msg"": ""정상적으로 처리되었습니다""}"
2026-06-10,watchlist,036460,,0,filtered_candidate_recheck,34450,,34450,34400,34450,34500,0.0,0.14513788098693758,,,,,,"{""bid_req_base_tm"": ""104846"", ""sel_10th_pre_req_pre"": ""0"", ""sel_10th_pre_req"": ""57"", ""sel_10th_pre_bid"": ""+34950"", ""sel_9th_pre_req_pre"": ""0"", ""sel_9th_pre_req"": ""619"", ""sel_9th_pre_bid"": ""+34900"", ""sel_8th_pre_req_pre"": ""0"", ""sel_8th_pre_req"": ""532"", ""sel_8th_pre_bid"": ""+34850"", ""sel_7th_pre_req_pre"": ""0"", ""sel_7th_pre_req"": ""210"", ""sel_7th_pre_bid"": ""+34800"", ""sel_6th_pre_req_pre"": ""0"", ""sel_6th_pre_req"": ""577"", ""sel_6th_pre_bid"": ""+34750"", ""sel_5th_pre_req_pre"": ""0"", ""sel_5th_pre_req"": ""512"", ""sel_5th_pre_bid"": ""+34700"", ""sel_4th_pre_req_pre"": ""0"", ""sel_4th_pre_req"": ""281"", ""sel_4th_pre_bid"": ""+34650"", ""sel_3th_pre_req_pre"": ""0"", ""sel_3th_pre_req"": ""937"", ""sel_3th_pre_bid"": ""+34600"", ""sel_2th_pre_req_pre"": ""--1347"", ""sel_2th_pre_req"": ""108"", ""sel_2th_pre_bid"": ""+34550"", ""sel_1th_pre_req_pre"": ""0"", ""sel_fpr_req"": ""228"", ""sel_fpr_bid"": ""+34450"", ""buy_fpr_bid"": ""+34400"", ""buy_fpr_req"": ""233"", ""buy_1th_pre_req_pre"": ""0"", ""buy_2th_pre_bid"": ""+34350"", ""buy_2th_pre_req"": ""100"", ""buy_2th_pre_req_pre"": ""0"", ""buy_3th_pre_bid"": ""+34300"", ""buy_3th_pre_req"": ""41"", ""buy_3th_pre_req_pre"": ""0"", ""buy_4th_pre_bid"": ""+34250"", ""buy_4th_pre_req"": ""743"", ""buy_4th_pre_req_pre"": ""0"", ""buy_5th_pre_bid"": ""+34200"", ""buy_5th_pre_req"": ""673"", ""buy_5th_pre_req_pre"": ""0"", ""buy_6th_pre_bid"": ""+34150"", ""buy_6th_pre_req"": ""681"", ""buy_6th_pre_req_pre"": ""0"", ""buy_7th_pre_bid"": ""+34100"", ""buy_7th_pre_req"": ""731"", ""buy_7th_pre_req_pre"": ""0"", ""buy_8th_pre_bid"": ""+34050"", ""buy_8th_pre_req"": ""1418"", ""buy_8th_pre_req_pre"": ""0"", ""buy_9th_pre_bid"": ""34000"", ""buy_9th_pre_req"": ""3205"", ""buy_9th_pre_req_pre"": ""0"", ""buy_10th_pre_bid"": ""-33950"", ""buy_10th_pre_req"": ""854"", ""buy_10th_pre_req_pre"": ""0"", ""tot_sel_req_jub_pre"": ""--1347"", ""tot_sel_req"": ""4061"", ""tot_buy_req"": ""8679"", ""tot_buy_req_jub_pre"": ""0"", ""ovt_sel_req_pre"": ""0"", ""ovt_sel_req"": ""0"", ""ovt_buy_req"": ""0"", ""ovt_buy_req_pre"": ""0"", ""return_code"": 0, ""return_msg"": ""정상적으로 처리되었습니다""}"
2026-06-10,watchlist,066575,,0,filtered_candidate_recheck,79100,,79100,79000,79100,79000,-0.2528445006321113,0.12642225031605564,,,,,,"{""bid_req_base_tm"": ""104846"", ""sel_10th_pre_req_pre"": ""0"", ""sel_10th_pre_req"": ""1569"", ""sel_10th_pre_bid"": ""-80000"", ""sel_9th_pre_req_pre"": ""0"", ""sel_9th_pre_req"": ""565"", ""sel_9th_pre_bid"": ""-79900"", ""sel_8th_pre_req_pre"": ""0"", ""sel_8th_pre_req"": ""135"", ""sel_8th_pre_bid"": ""-79800"", ""sel_7th_pre_req_pre"": ""0"", ""sel_7th_pre_req"": ""158"", ""sel_7th_pre_bid"": ""-79700"", ""sel_6th_pre_req_pre"": ""0"", ""sel_6th_pre_req"": ""176"", ""sel_6th_pre_bid"": ""-79600"", ""sel_5th_pre_req_pre"": ""0"", ""sel_5th_pre_req"": ""114"", ""sel_5th_pre_bid"": ""-79500"", ""sel_4th_pre_req_pre"": ""0"", ""sel_4th_pre_req"": ""123"", ""sel_4th_pre_bid"": ""-79400"", ""sel_3th_pre_req_pre"": ""0"", ""sel_3th_pre_req"": ""98"", ""sel_3th_pre_bid"": ""-79300"", ""sel_2th_pre_req_pre"": ""0"", ""sel_2th_pre_req"": ""91"", ""sel_2th_pre_bid"": ""-79200"", ""sel_1th_pre_req_pre"": ""0"", ""sel_fpr_req"": ""328"", ""sel_fpr_bid"": ""-79100"", ""buy_fpr_bid"": ""-79000"", ""buy_fpr_req"": ""2"", ""buy_1th_pre_req_pre"": ""0"", ""buy_2th_pre_bid"": ""-78900"", ""buy_2th_pre_req"": ""147"", ""buy_2th_pre_req_pre"": ""0"", ""buy_3th_pre_bid"": ""-78800"", ""buy_3th_pre_req"": ""285"", ""buy_3th_pre_req_pre"": ""0"", ""buy_4th_pre_bid"": ""-78700"", ""buy_4th_pre_req"": ""220"", ""buy_4th_pre_req_pre"": ""0"", ""buy_5th_pre_bid"": ""-78600"", ""buy_5th_pre_req"": ""267"", ""buy_5th_pre_req_pre"": ""0"", ""buy_6th_pre_bid"": ""-78500"", ""buy_6th_pre_req"": ""375"", ""buy_6th_pre_req_pre"": ""0"", ""buy_7th_pre_bid"": ""-78400"", ""buy_7th_pre_req"": ""111"", ""buy_7th_pre_req_pre"": ""0"", ""buy_8th_pre_bid"": ""-78300"", ""buy_8th_pre_req"": ""115"", ""buy_8th_pre_req_pre"": ""0"", ""buy_9th_pre_bid"": ""-78200"", ""buy_9th_pre_req"": ""194"", ""buy_9th_pre_req_pre"": ""+1"", ""buy_10th_pre_bid"": ""-78100"", ""buy_10th_pre_req"": ""277"", ""buy_10th_pre_req_pre"": ""0"", ""tot_sel_req_jub_pre"": ""0"", ""tot_sel_req"": ""3357"", ""tot_buy_req"": ""1993"", ""tot_buy_req_jub_pre"": ""+1"", ""ovt_sel_req_pre"": ""0"", ""ovt_sel_req"": ""0"", ""ovt_buy_req"": ""0"", ""ovt_buy_req_pre"": ""0"", ""return_code"": 0, ""return_msg"": ""정상적으로 처리되었습니다""}"
2026-06-10,watchlist,000810,,0,filtered_candidate_recheck,615000,,615000,614000,615000,612000,-0.6504065040650406,0.16260162601626016,,,,,,"{""bid_req_base_tm"": ""104847"", ""sel_10th_pre_req_pre"": ""0"", ""sel_10th_pre_req"": ""18"", ""sel_10th_pre_bid"": ""-624000"", ""sel_9th_pre_req_pre"": ""0"", ""sel_9th_pre_req"": ""315"", ""sel_9th_pre_bid"": ""-623000"", ""sel_8th_pre_req_pre"": ""0"", ""sel_8th_pre_req"": ""131"", ""sel_8th_pre_bid"": ""-622000"", ""sel_7th_pre_req_pre"": ""0"", ""sel_7th_pre_req"": ""142"", ""sel_7th_pre_bid"": ""-621000"", ""sel_6th_pre_req_pre"": ""0"", ""sel_6th_pre_req"": ""84"", ""sel_6th_pre_bid"": ""-620000"", ""sel_5th_pre_req_pre"": ""0"", ""sel_5th_pre_req"": ""190"", ""sel_5th_pre_bid"": ""-619000"", ""sel_4th_pre_req_pre"": ""0"", ""sel_4th_pre_req"": ""20"", ""sel_4th_pre_bid"": ""-618000"", ""sel_3th_pre_req_pre"": ""0"", ""sel_3th_pre_req"": ""12"", ""sel_3th_pre_bid"": ""-617000"", ""sel_2th_pre_req_pre"": ""0"", ""sel_2th_pre_req"": ""64"", ""sel_2th_pre_bid"": ""-616000"", ""sel_1th_pre_req_pre"": ""--3"", ""sel_fpr_req"": ""534"", ""sel_fpr_bid"": ""-615000"", ""buy_fpr_bid"": ""-614000"", ""buy_fpr_req"": ""537"", ""buy_1th_pre_req_pre"": ""0"", ""buy_2th_pre_bid"": ""-613000"", ""buy_2th_pre_req"": ""44"", ""buy_2th_pre_req_pre"": ""0"", ""buy_3th_pre_bid"": ""-612000"", ""buy_3th_pre_req"": ""5"", ""buy_3th_pre_req_pre"": ""0"", ""buy_4th_pre_bid"": ""-611000"", ""buy_4th_pre_req"": ""37"", ""buy_4th_pre_req_pre"": ""0"", ""buy_5th_pre_bid"": ""-610000"", ""buy_5th_pre_req"": ""69"", ""buy_5th_pre_req_pre"": ""0"", ""buy_6th_pre_bid"": ""-609000"", ""buy_6th_pre_req"": ""11"", ""buy_6th_pre_req_pre"": ""0"", ""buy_7th_pre_bid"": ""-608000"", ""buy_7th_pre_req"": ""5"", ""buy_7th_pre_req_pre"": ""0"", ""buy_8th_pre_bid"": ""-607000"", ""buy_8th_pre_req"": ""48"", ""buy_8th_pre_req_pre"": ""0"", ""buy_9th_pre_bid"": ""-606000"", ""buy_9th_pre_req"": ""14"", ""buy_9th_pre_req_pre"": ""0"", ""buy_10th_pre_bid"": ""-605000"", ""buy_10th_pre_req"": ""54"", ""buy_10th_pre_req_pre"": ""0"", ""tot_sel_req_jub_pre"": ""--3"", ""tot_sel_req"": ""1510"", ""tot_buy_req"": ""824"", ""tot_buy_req_jub_pre"": ""0"", ""ovt_sel_req_pre"": ""0"", ""ovt_sel_req"": ""0"", ""ovt_buy_req"": ""0"", ""ovt_buy_req_pre"": ""0"", ""return_code"": 0, ""return_msg"": ""정상적으로 처리되었습니다""}"
2026-06-10,watchlist,005930,,0,filtered_candidate_recheck,307500,,307500,307000,307500,308500,0.16260162601626016,0.16260162601626016,,,,,,"{""bid_req_base_tm"": ""104849"", ""sel_10th_pre_req_pre"": ""0"", ""sel_10th_pre_req"": ""25486"", ""sel_10th_pre_bid"": ""-312000"", ""sel_9th_pre_req_pre"": ""0"", ""sel_9th_pre_req"": ""12296"", ""sel_9th_pre_bid"": ""-311500"", ""sel_8th_pre_req_pre"": ""0"", ""sel_8th_pre_req"": ""15193"", ""sel_8th_pre_bid"": ""-311000"", ""sel_7th_pre_req_pre"": ""0"", ""sel_7th_pre_req"": ""17181"", ""sel_7th_pre_bid"": ""-310500"", ""sel_6th_pre_req_pre"": ""0"", ""sel_6th_pre_req"": ""29789"", ""sel_6th_pre_bid"": ""-310000"", ""sel_5th_pre_req_pre"": ""0"", ""sel_5th_pre_req"": ""17083"", ""sel_5th_pre_bid"": ""-309500"", ""sel_4th_pre_req_pre"": ""0"", ""sel_4th_pre_req"": ""12392"", ""sel_4th_pre_bid"": ""-309000"", ""sel_3th_pre_req_pre"": ""0"", ""sel_3th_pre_req"": ""13981"", ""sel_3th_pre_bid"": ""-308500"", ""sel_2th_pre_req_pre"": ""0"", ""sel_2th_pre_req"": ""23639"", ""sel_2th_pre_bid"": ""-308000"", ""sel_1th_pre_req_pre"": ""0"", ""sel_fpr_req"": ""13788"", ""sel_fpr_bid"": ""-307500"", ""buy_fpr_bid"": ""-307000"", ""buy_fpr_req"": ""3052"", ""buy_1th_pre_req_pre"": ""--500"", ""buy_2th_pre_bid"": ""-306500"", ""buy_2th_pre_req"": ""50784"", ""buy_2th_pre_req_pre"": ""0"", ""buy_3th_pre_bid"": ""-306000"", ""buy_3th_pre_req"": ""95400"", ""buy_3th_pre_req_pre"": ""+2"", ""buy_4th_pre_bid"": ""-305500"", ""buy_4th_pre_req"": ""108403"", ""buy_4th_pre_req_pre"": ""0"", ""buy_5th_pre_bid"": ""-305000"", ""buy_5th_pre_req"": ""228720"", ""buy_5th_pre_req_pre"": ""0"", ""buy_6th_pre_bid"": ""-304500"", ""buy_6th_pre_req"": ""31439"", ""buy_6th_pre_req_pre"": ""0"", ""buy_7th_pre_bid"": ""-304000"", ""buy_7th_pre_req"": ""47289"", ""buy_7th_pre_req_pre"": ""0"", ""buy_8th_pre_bid"": ""-303500"", ""buy_8th_pre_req"": ""46375"", ""buy_8th_pre_req_pre"": ""0"", ""buy_9th_pre_bid"": ""-303000"", ""buy_9th_pre_req"": ""80181"", ""buy_9th_pre_req_pre"": ""0"", ""buy_10th_pre_bid"": ""-302500"", ""buy_10th_pre_req"": ""48078"", ""buy_10th_pre_req_pre"": ""0"", ""tot_sel_req_jub_pre"": ""0"", ""tot_sel_req"": ""180828"", ""tot_buy_req"": ""739721"", ""tot_buy_req_jub_pre"": ""--498"", ""ovt_sel_req_pre"": ""0"", ""ovt_sel_req"": ""0"", ""ovt_buy_req"": ""0"", ""ovt_buy_req_pre"": ""0"", ""return_code"": 0, ""return_msg"": ""정상적으로 처리되었습니다""}"
2026-06-10,watchlist,000370,,1,filtered_candidate_recheck,6510,,6510,6500,6510,6480,-0.6144393241167435,0.15360983102918588,,,,,,"{""bid_req_base_tm"": ""104848"", ""sel_10th_pre_req_pre"": ""0"", ""sel_10th_pre_req"": ""1003"", ""sel_10th_pre_bid"": ""+6610"", ""sel_9th_pre_req_pre"": ""0"", ""sel_9th_pre_req"": ""305"", ""sel_9th_pre_bid"": ""+6600"", ""sel_8th_pre_req_pre"": ""0"", ""sel_8th_pre_req"": ""11"", ""sel_8th_pre_bid"": ""+6590"", ""sel_7th_pre_req_pre"": ""0"", ""sel_7th_pre_req"": ""110"", ""sel_7th_pre_bid"": ""+6580"", ""sel_6th_pre_req_pre"": ""0"", ""sel_6th_pre_req"": ""751"", ""sel_6th_pre_bid"": ""+6570"", ""sel_5th_pre_req_pre"": ""0"", ""sel_5th_pre_req"": ""101"", ""sel_5th_pre_bid"": ""+6560"", ""sel_4th_pre_req_pre"": ""0"", ""sel_4th_pre_req"": ""1010"", ""sel_4th_pre_bid"": ""+6550"", ""sel_3th_pre_req_pre"": ""0"", ""sel_3th_pre_req"": ""1221"", ""sel_3th_pre_bid"": ""+6540"", ""sel_2th_pre_req_pre"": ""0"", ""sel_2th_pre_req"": ""214"", ""sel_2th_pre_bid"": ""+6520"", ""sel_1th_pre_req_pre"": ""0"", ""sel_fpr_req"": ""161"", ""sel_fpr_bid"": ""+6510"", ""buy_fpr_bid"": ""+6500"", ""buy_fpr_req"": ""876"", ""buy_1th_pre_req_pre"": ""0"", ""buy_2th_pre_bid"": ""+6490"", ""buy_2th_pre_req"": ""51"", ""buy_2th_pre_req_pre"": ""--2"", ""buy_3th_pre_bid"": ""+6480"", ""buy_3th_pre_req"": ""540"", ""buy_3th_pre_req_pre"": ""0"", ""buy_4th_pre_bid"": ""+6470"", ""buy_4th_pre_req"": ""13"", ""buy_4th_pre_req_pre"": ""+2"", ""buy_5th_pre_bid"": ""+6460"", ""buy_5th_pre_req"": ""12"", ""buy_5th_pre_req_pre"": ""0"", ""buy_6th_pre_bid"": ""6450"", ""buy_6th_pre_req"": ""309"", ""buy_6th_pre_req_pre"": ""0"", ""buy_7th_pre_bid"": ""-6440"", ""buy_7th_pre_req"": ""130"", ""buy_7th_pre_req_pre"": ""0"", ""buy_8th_pre_bid"": ""-6430"", ""buy_8th_pre_req"": ""52"", ""buy_8th_pre_req_pre"": ""0"", ""buy_9th_pre_bid"": ""-6420"", ""buy_9th_pre_req"": ""155"", ""buy_9th_pre_req_pre"": ""0"", ""buy_10th_pre_bid"": ""-6410"", ""buy_10th_pre_req"": ""253"", ""buy_10th_pre_req_pre"": ""0"", ""tot_sel_req_jub_pre"": ""0"", ""tot_sel_req"": ""4887"", ""tot_buy_req"": ""2391"", ""tot_buy_req_jub_pre"": ""0"", ""ovt_sel_req_pre"": ""0"", ""ovt_sel_req"": ""0"", ""ovt_buy_req"": ""0"", ""ovt_buy_req_pre"": ""0"", ""return_code"": 0, ""return_msg"": ""정상적으로 처리되었습니다""}"
2026-06-10,watchlist,064400,,0,filtered_candidate_recheck,96100,,96100,96000,96100,96300,0.10405827263267431,0.10405827263267431,,,,,,"{""bid_req_base_tm"": ""104849"", ""sel_10th_pre_req_pre"": ""0"", ""sel_10th_pre_req"": ""1123"", ""sel_10th_pre_bid"": ""-97000"", ""sel_9th_pre_req_pre"": ""0"", ""sel_9th_pre_req"": ""297"", ""sel_9th_pre_bid"": ""-96900"", ""sel_8th_pre_req_pre"": ""0"", ""sel_8th_pre_req"": ""405"", ""sel_8th_pre_bid"": ""-96800"", ""sel_7th_pre_req_pre"": ""0"", ""sel_7th_pre_req"": ""133"", ""sel_7th_pre_bid"": ""-96700"", ""sel_6th_pre_req_pre"": ""0"", ""sel_6th_pre_req"": ""396"", ""sel_6th_pre_bid"": ""-96600"", ""sel_5th_pre_req_pre"": ""0"", ""sel_5th_pre_req"": ""357"", ""sel_5th_pre_bid"": ""-96500"", ""sel_4th_pre_req_pre"": ""0"", ""sel_4th_pre_req"": ""108"", ""sel_4th_pre_bid"": ""-96400"", ""sel_3th_pre_req_pre"": ""0"", ""sel_3th_pre_req"": ""132"", ""sel_3th_pre_bid"": ""-96300"", ""sel_2th_pre_req_pre"": ""--28"", ""sel_2th_pre_req"": ""119"", ""sel_2th_pre_bid"": ""-96200"", ""sel_1th_pre_req_pre"": ""+29"", ""sel_fpr_req"": ""59"", ""sel_fpr_bid"": ""-96100"", ""buy_fpr_bid"": ""-96000"", ""buy_fpr_req"": ""199"", ""buy_1th_pre_req_pre"": ""0"", ""buy_2th_pre_bid"": ""-95900"", ""buy_2th_pre_req"": ""381"", ""buy_2th_pre_req_pre"": ""0"", ""buy_3th_pre_bid"": ""-95800"", ""buy_3th_pre_req"": ""520"", ""buy_3th_pre_req_pre"": ""0"", ""buy_4th_pre_bid"": ""-95700"", ""buy_4th_pre_req"": ""1041"", ""buy_4th_pre_req_pre"": ""0"", ""buy_5th_pre_bid"": ""-95600"", ""buy_5th_pre_req"": ""1418"", ""buy_5th_pre_req_pre"": ""0"", ""buy_6th_pre_bid"": ""-95500"", ""buy_6th_pre_req"": ""1790"", ""buy_6th_pre_req_pre"": ""0"", ""buy_7th_pre_bid"": ""-95400"", ""buy_7th_pre_req"": ""1550"", ""buy_7th_pre_req_pre"": ""0"", ""buy_8th_pre_bid"": ""-95300"", ""buy_8th_pre_req"": ""2293"", ""buy_8th_pre_req_pre"": ""0"", ""buy_9th_pre_bid"": ""-95200"", ""buy_9th_pre_req"": ""3383"", ""buy_9th_pre_req_pre"": ""0"", ""buy_10th_pre_bid"": ""-95100"", ""buy_10th_pre_req"": ""3342"", ""buy_10th_pre_req_pre"": ""0"", ""tot_sel_req_jub_pre"": ""+1"", ""tot_sel_req"": ""3129"", ""tot_buy_req"": ""15917"", ""tot_buy_req_jub_pre"": ""0"", ""ovt_sel_req_pre"": ""0"", ""ovt_sel_req"": ""0"", ""ovt_buy_req"": ""0"", ""ovt_buy_req_pre"": ""0"", ""return_code"": 0, ""return_msg"": ""정상적으로 처리되었습니다""}"
2026-06-10,watchlist,009420,,0,filtered_candidate_recheck,50400,,50400,50300,50400,50500,0.0,0.1984126984126984,,,,,,"{""bid_req_base_tm"": ""104849"", ""sel_10th_pre_req_pre"": ""0"", ""sel_10th_pre_req"": ""461"", ""sel_10th_pre_bid"": ""-51300"", ""sel_9th_pre_req_pre"": ""0"", ""sel_9th_pre_req"": ""641"", ""sel_9th_pre_bid"": ""-51200"", ""sel_8th_pre_req_pre"": ""0"", ""sel_8th_pre_req"": ""77"", ""sel_8th_pre_bid"": ""-51100"", ""sel_7th_pre_req_pre"": ""0"", ""sel_7th_pre_req"": ""161"", ""sel_7th_pre_bid"": ""-51000"", ""sel_6th_pre_req_pre"": ""0"", ""sel_6th_pre_req"": ""200"", ""sel_6th_pre_bid"": ""-50900"", ""sel_5th_pre_req_pre"": ""0"", ""sel_5th_pre_req"": ""33"", ""sel_5th_pre_bid"": ""-50800"", ""sel_4th_pre_req_pre"": ""0"", ""sel_4th_pre_req"": ""49"", ""sel_4th_pre_bid"": ""-50700"", ""sel_3th_pre_req_pre"": ""0"", ""sel_3th_pre_req"": ""23"", ""sel_3th_pre_bid"": ""-50600"", ""sel_2th_pre_req_pre"": ""0"", ""sel_2th_pre_req"": ""38"", ""sel_2th_pre_bid"": ""-50500"", ""sel_1th_pre_req_pre"": ""0"", ""sel_fpr_req"": ""45"", ""sel_fpr_bid"": ""-50400"", ""buy_fpr_bid"": ""-50300"", ""buy_fpr_req"": ""414"", ""buy_1th_pre_req_pre"": ""+28"", ""buy_2th_pre_bid"": ""-50200"", ""buy_2th_pre_req"": ""214"", ""buy_2th_pre_req_pre"": ""0"", ""buy_3th_pre_bid"": ""-50100"", ""buy_3th_pre_req"": ""177"", ""buy_3th_pre_req_pre"": ""0"", ""buy_4th_pre_bid"": ""-50000"", ""buy_4th_pre_req"": ""147"", ""buy_4th_pre_req_pre"": ""0"", ""buy_5th_pre_bid"": ""-49950"", ""buy_5th_pre_req"": ""363"", ""buy_5th_pre_req_pre"": ""0"", ""buy_6th_pre_bid"": ""-49900"", ""buy_6th_pre_req"": ""374"", ""buy_6th_pre_req_pre"": ""0"", ""buy_7th_pre_bid"": ""-49850"", ""buy_7th_pre_req"": ""372"", ""buy_7th_pre_req_pre"": ""0"", ""buy_8th_pre_bid"": ""-49800"", ""buy_8th_pre_req"": ""639"", ""buy_8th_pre_req_pre"": ""0"", ""buy_9th_pre_bid"": ""-49750"", ""buy_9th_pre_req"": ""894"", ""buy_9th_pre_req_pre"": ""0"", ""buy_10th_pre_bid"": ""-49700"", ""buy_10th_pre_req"": ""1148"", ""buy_10th_pre_req_pre"": ""0"", ""tot_sel_req_jub_pre"": ""0"", ""tot_sel_req"": ""1728"", ""tot_buy_req"": ""4742"", ""tot_buy_req_jub_pre"": ""+28"", ""ovt_sel_req_pre"": ""0"", ""ovt_sel_req"": ""0"", ""ovt_buy_req"": ""0"", ""ovt_buy_req_pre"": ""0"", ""return_code"": 0, ""return_msg"": ""정상적으로 처리되었습니다""}"
2026-06-10,watchlist,383220,,0,filtered_candidate_recheck,75300,,75300,75000,75300,75000,-0.5312084993359893,0.398406374501992,,,,,,"{""bid_req_base_tm"": ""104845"", ""sel_10th_pre_req_pre"": ""0"", ""sel_10th_pre_req"": ""100"", ""sel_10th_pre_bid"": ""+76300"", ""sel_9th_pre_req_pre"": ""0"", ""sel_9th_pre_req"": ""5"", ""sel_9th_pre_bid"": ""+76200"", ""sel_8th_pre_req_pre"": ""0"", ""sel_8th_pre_req"": ""122"", ""sel_8th_pre_bid"": ""+76000"", ""sel_7th_pre_req_pre"": ""0"", ""sel_7th_pre_req"": ""159"", ""sel_7th_pre_bid"": ""+75900"", ""sel_6th_pre_req_pre"": ""0"", ""sel_6th_pre_req"": ""14"", ""sel_6th_pre_bid"": ""+75800"", ""sel_5th_pre_req_pre"": ""0"", ""sel_5th_pre_req"": ""14"", ""sel_5th_pre_bid"": ""+75700"", ""sel_4th_pre_req_pre"": ""0"", ""sel_4th_pre_req"": ""33"", ""sel_4th_pre_bid"": ""+75600"", ""sel_3th_pre_req_pre"": ""0"", ""sel_3th_pre_req"": ""11"", ""sel_3th_pre_bid"": ""+75500"", ""sel_2th_pre_req_pre"": ""0"", ""sel_2th_pre_req"": ""10"", ""sel_2th_pre_bid"": ""+75400"", ""sel_1th_pre_req_pre"": ""0"", ""sel_fpr_req"": ""48"", ""sel_fpr_bid"": ""+75300"", ""buy_fpr_bid"": ""+75000"", ""buy_fpr_req"": ""8"", ""buy_1th_pre_req_pre"": ""--1"", ""buy_2th_pre_bid"": ""+74900"", ""buy_2th_pre_req"": ""14"", ""buy_2th_pre_req_pre"": ""0"", ""buy_3th_pre_bid"": ""+74800"", ""buy_3th_pre_req"": ""5"", ""buy_3th_pre_req_pre"": ""0"", ""buy_4th_pre_bid"": ""+74700"", ""buy_4th_pre_req"": ""12"", ""buy_4th_pre_req_pre"": ""0"", ""buy_5th_pre_bid"": ""74600"", ""buy_5th_pre_req"": ""71"", ""buy_5th_pre_req_pre"": ""0"", ""buy_6th_pre_bid"": ""-74500"", ""buy_6th_pre_req"": ""27"", ""buy_6th_pre_req_pre"": ""0"", ""buy_7th_pre_bid"": ""-74400"", ""buy_7th_pre_req"": ""40"", ""buy_7th_pre_req_pre"": ""0"", ""buy_8th_pre_bid"": ""-74300"", ""buy_8th_pre_req"": ""10"", ""buy_8th_pre_req_pre"": ""0"", ""buy_9th_pre_bid"": ""-74200"", ""buy_9th_pre_req"": ""25"", ""buy_9th_pre_req_pre"": ""0"", ""buy_10th_pre_bid"": ""-74100"", ""buy_10th_pre_req"": ""24"", ""buy_10th_pre_req_pre"": ""0"", ""tot_sel_req_jub_pre"": ""0"", ""tot_sel_req"": ""516"", ""tot_buy_req"": ""236"", ""tot_buy_req_jub_pre"": ""--1"", ""ovt_sel_req_pre"": ""0"", ""ovt_sel_req"": ""0"", ""ovt_buy_req"": ""0"", ""ovt_buy_req_pre"": ""0"", ""return_code"": 0, ""return_msg"": ""정상적으로 처리되었습니다""}"
2026-06-10,watchlist,004170,,0,filtered_candidate_recheck,675000,,675000,674000,675000,676000,0.0,0.14814814814814814,,,,,,"{""bid_req_base_tm"": ""104850"", ""sel_10th_pre_req_pre"": ""0"", ""sel_10th_pre_req"": ""2"", ""sel_10th_pre_bid"": ""+684000"", ""sel_9th_pre_req_pre"": ""0"", ""sel_9th_pre_req"": ""8"", ""sel_9th_pre_bid"": ""+683000"", ""sel_8th_pre_req_pre"": ""0"", ""sel_8th_pre_req"": ""7"", ""sel_8th_pre_bid"": ""+682000"", ""sel_7th_pre_req_pre"": ""0"", ""sel_7th_pre_req"": ""114"", ""sel_7th_pre_bid"": ""+681000"", ""sel_6th_pre_req_pre"": ""0"", ""sel_6th_pre_req"": ""160"", ""sel_6th_pre_bid"": ""+680000"", ""sel_5th_pre_req_pre"": ""0"", ""sel_5th_pre_req"": ""47"", ""sel_5th_pre_bid"": ""+679000"", ""sel_4th_pre_req_pre"": ""0"", ""sel_4th_pre_req"": ""70"", ""sel_4th_pre_bid"": ""+678000"", ""sel_3th_pre_req_pre"": ""0"", ""sel_3th_pre_req"": ""15"", ""sel_3th_pre_bid"": ""+677000"", ""sel_2th_pre_req_pre"": ""0"", ""sel_2th_pre_req"": ""46"", ""sel_2th_pre_bid"": ""+676000"", ""sel_1th_pre_req_pre"": ""0"", ""sel_fpr_req"": ""130"", ""sel_fpr_bid"": ""+675000"", ""buy_fpr_bid"": ""+674000"", ""buy_fpr_req"": ""146"", ""buy_1th_pre_req_pre"": ""+1"", ""buy_2th_pre_bid"": ""+672000"", ""buy_2th_pre_req"": ""104"", ""buy_2th_pre_req_pre"": ""0"", ""buy_3th_pre_bid"": ""+670000"", ""buy_3th_pre_req"": ""36"", ""buy_3th_pre_req_pre"": ""0"", ""buy_4th_pre_bid"": ""+669000"", ""buy_4th_pre_req"": ""138"", ""buy_4th_pre_req_pre"": ""0"", ""buy_5th_pre_bid"": ""+668000"", ""buy_5th_pre_req"": ""226"", ""buy_5th_pre_req_pre"": ""0"", ""buy_6th_pre_bid"": ""+667000"", ""buy_6th_pre_req"": ""811"", ""buy_6th_pre_req_pre"": ""0"", ""buy_7th_pre_bid"": ""+666000"", ""buy_7th_pre_req"": ""9"", ""buy_7th_pre_req_pre"": ""0"", ""buy_8th_pre_bid"": ""+665000"", ""buy_8th_pre_req"": ""1185"", ""buy_8th_pre_req_pre"": ""0"", ""buy_9th_pre_bid"": ""+664000"", ""buy_9th_pre_req"": ""22"", ""buy_9th_pre_req_pre"": ""0"", ""buy_10th_pre_bid"": ""+662000"", ""buy_10th_pre_req"": ""47"", ""buy_10th_pre_req_pre"": ""0"", ""tot_sel_req_jub_pre"": ""0"", ""tot_sel_req"": ""599"", ""tot_buy_req"": ""2724"", ""tot_buy_req_jub_pre"": ""+1"", ""ovt_sel_req_pre"": ""0"", ""ovt_sel_req"": ""0"", ""ovt_buy_req"": ""0"", ""ovt_buy_req_pre"": ""0"", ""return_code"": 0, ""return_msg"": ""정상적으로 처리되었습니다""}"
2026-06-10,watchlist,018260,,1,filtered_candidate_recheck,232500,,232500,232000,232500,234000,0.43010752688172044,0.21505376344086022,,,,,,"{""bid_req_base_tm"": ""104850"", ""sel_10th_pre_req_pre"": ""0"", ""sel_10th_pre_req"": ""801"", ""sel_10th_pre_bid"": ""-237000"", ""sel_9th_pre_req_pre"": ""0"", ""sel_9th_pre_req"": ""208"", ""sel_9th_pre_bid"": ""-236500"", ""sel_8th_pre_req_pre"": ""0"", ""sel_8th_pre_req"": ""363"", ""sel_8th_pre_bid"": ""-236000"", ""sel_7th_pre_req_pre"": ""0"", ""sel_7th_pre_req"": ""81"", ""sel_7th_pre_bid"": ""-235500"", ""sel_6th_pre_req_pre"": ""0"", ""sel_6th_pre_req"": ""255"", ""sel_6th_pre_bid"": ""-235000"", ""sel_5th_pre_req_pre"": ""0"", ""sel_5th_pre_req"": ""138"", ""sel_5th_pre_bid"": ""-234500"", ""sel_4th_pre_req_pre"": ""0"", ""sel_4th_pre_req"": ""119"", ""sel_4th_pre_bid"": ""-234000"", ""sel_3th_pre_req_pre"": ""0"", ""sel_3th_pre_req"": ""195"", ""sel_3th_pre_bid"": ""-233500"", ""sel_2th_pre_req_pre"": ""0"", ""sel_2th_pre_req"": ""42"", ""sel_2th_pre_bid"": ""-233000"", ""sel_1th_pre_req_pre"": ""0"", ""sel_fpr_req"": ""420"", ""sel_fpr_bid"": ""-232500"", ""buy_fpr_bid"": ""-232000"", ""buy_fpr_req"": ""332"", ""buy_1th_pre_req_pre"": ""0"", ""buy_2th_pre_bid"": ""-231500"", ""buy_2th_pre_req"": ""471"", ""buy_2th_pre_req_pre"": ""0"", ""buy_3th_pre_bid"": ""-231000"", ""buy_3th_pre_req"": ""2867"", ""buy_3th_pre_req_pre"": ""0"", ""buy_4th_pre_bid"": ""-230500"", ""buy_4th_pre_req"": ""2154"", ""buy_4th_pre_req_pre"": ""0"", ""buy_5th_pre_bid"": ""-230000"", ""buy_5th_pre_req"": ""4941"", ""buy_5th_pre_req_pre"": ""0"", ""buy_6th_pre_bid"": ""-229500"", ""buy_6th_pre_req"": ""1196"", ""buy_6th_pre_req_pre"": ""0"", ""buy_7th_pre_bid"": ""-229000"", ""buy_7th_pre_req"": ""1497"", ""buy_7th_pre_req_pre"": ""0"", ""buy_8th_pre_bid"": ""-228500"", ""buy_8th_pre_req"": ""730"", ""buy_8th_pre_req_pre"": ""0"", ""buy_9th_pre_bid"": ""-228000"", ""buy_9th_pre_req"": ""1671"", ""buy_9th_pre_req_pre"": ""0"", ""buy_10th_pre_bid"": ""-227500"", ""buy_10th_pre_req"": ""1572"", ""buy_10th_pre_req_pre"": ""0"", ""tot_sel_req_jub_pre"": ""0"", ""tot_sel_req"": ""2622"", ""tot_buy_req"": ""17431"", ""tot_buy_req_jub_pre"": ""0"", ""ovt_sel_req_pre"": ""0"", ""ovt_sel_req"": ""0"", ""ovt_buy_req"": ""0"", ""ovt_buy_req_pre"": ""0"", ""return_code"": 0, ""return_msg"": ""정상적으로 처리되었습니다""}"
2026-06-10,watchlist,161390,,0,filtered_candidate_recheck,71100,,71100,71000,71100,71400,0.2812939521800281,0.14064697609001406,,,,,,"{""bid_req_base_tm"": ""104850"", ""sel_10th_pre_req_pre"": ""0"", ""sel_10th_pre_req"": ""152"", ""sel_10th_pre_bid"": ""-72000"", ""sel_9th_pre_req_pre"": ""0"", ""sel_9th_pre_req"": ""325"", ""sel_9th_pre_bid"": ""-71900"", ""sel_8th_pre_req_pre"": ""0"", ""sel_8th_pre_req"": ""130"", ""sel_8th_pre_bid"": ""-71800"", ""sel_7th_pre_req_pre"": ""0"", ""sel_7th_pre_req"": ""2"", ""sel_7th_pre_bid"": ""-71700"", ""sel_6th_pre_req_pre"": ""0"", ""sel_6th_pre_req"": ""33"", ""sel_6th_pre_bid"": ""-71600"", ""sel_5th_pre_req_pre"": ""0"", ""sel_5th_pre_req"": ""50"", ""sel_5th_pre_bid"": ""-71500"", ""sel_4th_pre_req_pre"": ""0"", ""sel_4th_pre_req"": ""16"", ""sel_4th_pre_bid"": ""-71400"", ""sel_3th_pre_req_pre"": ""0"", ""sel_3th_pre_req"": ""207"", ""sel_3th_pre_bid"": ""-71300"", ""sel_2th_pre_req_pre"": ""0"", ""sel_2th_pre_req"": ""482"", ""sel_2th_pre_bid"": ""-71200"", ""sel_1th_pre_req_pre"": ""+38"", ""sel_fpr_req"": ""3770"", ""sel_fpr_bid"": ""-71100"", ""buy_fpr_bid"": ""-71000"", ""buy_fpr_req"": ""4433"", ""buy_1th_pre_req_pre"": ""0"", ""buy_2th_pre_bid"": ""-70900"", ""buy_2th_pre_req"": ""2891"", ""buy_2th_pre_req_pre"": ""0"", ""buy_3th_pre_bid"": ""-70800"", ""buy_3th_pre_req"": ""177"", ""buy_3th_pre_req_pre"": ""0"", ""buy_4th_pre_bid"": ""-70700"", ""buy_4th_pre_req"": ""18"", ""buy_4th_pre_req_pre"": ""0"", ""buy_5th_pre_bid"": ""-70600"", ""buy_5th_pre_req"": ""109"", ""buy_5th_pre_req_pre"": ""0"", ""buy_6th_pre_bid"": ""-70500"", ""buy_6th_pre_req"": ""345"", ""buy_6th_pre_req_pre"": ""0"", ""buy_7th_pre_bid"": ""-70400"", ""buy_7th_pre_req"": ""113"", ""buy_7th_pre_req_pre"": ""0"", ""buy_8th_pre_bid"": ""-70300"", ""buy_8th_pre_req"": ""115"", ""buy_8th_pre_req_pre"": ""0"", ""buy_9th_pre_bid"": ""-70200"", ""buy_9th_pre_req"": ""37"", ""buy_9th_pre_req_pre"": ""0"", ""buy_10th_pre_bid"": ""-70100"", ""buy_10th_pre_req"": ""133"", ""buy_10th_pre_req_pre"": ""0"", ""tot_sel_req_jub_pre"": ""+38"", ""tot_sel_req"": ""5167"", ""tot_buy_req"": ""8371"", ""tot_buy_req_jub_pre"": ""0"", ""ovt_sel_req_pre"": ""0"", ""ovt_sel_req"": ""0"", ""ovt_buy_req"": ""0"", ""ovt_buy_req_pre"": ""0"", ""return_code"": 0, ""return_msg"": ""정상적으로 처리되었습니다""}"
2026-06-10,watchlist,078930,,0,filtered_candidate_recheck,73800,,73800,73700,73800,74200,0.40650406504065045,0.13550135501355012,,,,,,"{""bid_req_base_tm"": ""104845"", ""sel_10th_pre_req_pre"": ""0"", ""sel_10th_pre_req"": ""5"", ""sel_10th_pre_bid"": ""+74800"", ""sel_9th_pre_req_pre"": ""0"", ""sel_9th_pre_req"": ""237"", ""sel_9th_pre_bid"": ""+74700"", ""sel_8th_pre_req_pre"": ""0"", ""sel_8th_pre_req"": ""104"", ""sel_8th_pre_bid"": ""+74600"", ""sel_7th_pre_req_pre"": ""0"", ""sel_7th_pre_req"": ""74"", ""sel_7th_pre_bid"": ""+74500"", ""sel_6th_pre_req_pre"": ""0"", ""sel_6th_pre_req"": ""101"", ""sel_6th_pre_bid"": ""+74400"", ""sel_5th_pre_req_pre"": ""0"", ""sel_5th_pre_req"": ""2"", ""sel_5th_pre_bid"": ""+74300"", ""sel_4th_pre_req_pre"": ""0"", ""sel_4th_pre_req"": ""91"", ""sel_4th_pre_bid"": ""+74200"", ""sel_3th_pre_req_pre"": ""0"", ""sel_3th_pre_req"": ""131"", ""sel_3th_pre_bid"": ""+74000"", ""sel_2th_pre_req_pre"": ""0"", ""sel_2th_pre_req"": ""37"", ""sel_2th_pre_bid"": ""+73900"", ""sel_1th_pre_req_pre"": ""+1"", ""sel_fpr_req"": ""885"", ""sel_fpr_bid"": ""73800"", ""buy_fpr_bid"": ""-73700"", ""buy_fpr_req"": ""206"", ""buy_1th_pre_req_pre"": ""0"", ""buy_2th_pre_bid"": ""-73600"", ""buy_2th_pre_req"": ""2182"", ""buy_2th_pre_req_pre"": ""0"", ""buy_3th_pre_bid"": ""-73500"", ""buy_3th_pre_req"": ""308"", ""buy_3th_pre_req_pre"": ""0"", ""buy_4th_pre_bid"": ""-73400"", ""buy_4th_pre_req"": ""51"", ""buy_4th_pre_req_pre"": ""0"", ""buy_5th_pre_bid"": ""-73100"", ""buy_5th_pre_req"": ""150"", ""buy_5th_pre_req_pre"": ""0"", ""buy_6th_pre_bid"": ""-73000"", ""buy_6th_pre_req"": ""50"", ""buy_6th_pre_req_pre"": ""0"", ""buy_7th_pre_bid"": ""-72900"", ""buy_7th_pre_req"": ""5"", ""buy_7th_pre_req_pre"": ""0"", ""buy_8th_pre_bid"": ""-72800"", ""buy_8th_pre_req"": ""20"", ""buy_8th_pre_req_pre"": ""0"", ""buy_9th_pre_bid"": ""-72700"", ""buy_9th_pre_req"": ""50"", ""buy_9th_pre_req_pre"": ""0"", ""buy_10th_pre_bid"": ""-72500"", ""buy_10th_pre_req"": ""10"", ""buy_10th_pre_req_pre"": ""0"", ""tot_sel_req_jub_pre"": ""+1"", ""tot_sel_req"": ""1667"", ""tot_buy_req"": ""3032"", ""tot_buy_req_jub_pre"": ""0"", ""ovt_sel_req_pre"": ""0"", ""ovt_sel_req"": ""0"", ""ovt_buy_req"": ""0"", ""ovt_buy_req_pre"": ""0"", ""return_code"": 0, ""return_msg"": ""정상적으로 처리되었습니다""}"
2026-06-10,watchlist,462870,,0,filtered_candidate_recheck,31750,,31750,31650,31750,31600,-0.6299212598425197,0.31496062992125984,,,,,,"{""bid_req_base_tm"": ""104850"", ""sel_10th_pre_req_pre"": ""0"", ""sel_10th_pre_req"": ""234"", ""sel_10th_pre_bid"": ""-32200"", ""sel_9th_pre_req_pre"": ""0"", ""sel_9th_pre_req"": ""30"", ""sel_9th_pre_bid"": ""-32150"", ""sel_8th_pre_req_pre"": ""0"", ""sel_8th_pre_req"": ""13"", ""sel_8th_pre_bid"": ""-32100"", ""sel_7th_pre_req_pre"": ""0"", ""sel_7th_pre_req"": ""126"", ""sel_7th_pre_bid"": ""-32050"", ""sel_6th_pre_req_pre"": ""0"", ""sel_6th_pre_req"": ""158"", ""sel_6th_pre_bid"": ""-32000"", ""sel_5th_pre_req_pre"": ""0"", ""sel_5th_pre_req"": ""40"", ""sel_5th_pre_bid"": ""-31950"", ""sel_4th_pre_req_pre"": ""0"", ""sel_4th_pre_req"": ""35"", ""sel_4th_pre_bid"": ""-31900"", ""sel_3th_pre_req_pre"": ""0"", ""sel_3th_pre_req"": ""29"", ""sel_3th_pre_bid"": ""-31850"", ""sel_2th_pre_req_pre"": ""0"", ""sel_2th_pre_req"": ""61"", ""sel_2th_pre_bid"": ""-31800"", ""sel_1th_pre_req_pre"": ""0"", ""sel_fpr_req"": ""103"", ""sel_fpr_bid"": ""-31750"", ""buy_fpr_bid"": ""-31650"", ""buy_fpr_req"": ""7"", ""buy_1th_pre_req_pre"": ""0"", ""buy_2th_pre_bid"": ""-31600"", ""buy_2th_pre_req"": ""111"", ""buy_2th_pre_req_pre"": ""0"", ""buy_3th_pre_bid"": ""-31550"", ""buy_3th_pre_req"": ""79"", ""buy_3th_pre_req_pre"": ""0"", ""buy_4th_pre_bid"": ""-31500"", ""buy_4th_pre_req"": ""26"", ""buy_4th_pre_req_pre"": ""0"", ""buy_5th_pre_bid"": ""-31450"", ""buy_5th_pre_req"": ""10"", ""buy_5th_pre_req_pre"": ""0"", ""buy_6th_pre_bid"": ""-31400"", ""buy_6th_pre_req"": ""31"", ""buy_6th_pre_req_pre"": ""0"", ""buy_7th_pre_bid"": ""-31350"", ""buy_7th_pre_req"": ""53"", ""buy_7th_pre_req_pre"": ""0"", ""buy_8th_pre_bid"": ""-31300"", ""buy_8th_pre_req"": ""41"", ""buy_8th_pre_req_pre"": ""0"", ""buy_9th_pre_bid"": ""-31250"", ""buy_9th_pre_req"": ""21"", ""buy_9th_pre_req_pre"": ""0"", ""buy_10th_pre_bid"": ""-31200"", ""buy_10th_pre_req"": ""67"", ""buy_10th_pre_req_pre"": ""0"", ""tot_sel_req_jub_pre"": ""+224"", ""tot_sel_req"": ""829"", ""tot_buy_req"": ""446"", ""tot_buy_req_jub_pre"": ""0"", ""ovt_sel_req_pre"": ""0"", ""ovt_sel_req"": ""0"", ""ovt_buy_req"": ""0"", ""ovt_buy_req_pre"": ""0"", ""return_code"": 0, ""return_msg"": ""정상적으로 처리되었습니다""}"
2026-06-10,watchlist,055550,,0,filtered_candidate_recheck,99200,,99200,99100,99200,99400,0.10080645161290322,0.10080645161290322,,,,,,"{""bid_req_base_tm"": ""104850"", ""sel_10th_pre_req_pre"": ""0"", ""sel_10th_pre_req"": ""292"", ""sel_10th_pre_bid"": ""-100100"", ""sel_9th_pre_req_pre"": ""0"", ""sel_9th_pre_req"": ""219"", ""sel_9th_pre_bid"": ""-100000"", ""sel_8th_pre_req_pre"": ""0"", ""sel_8th_pre_req"": ""260"", ""sel_8th_pre_bid"": ""-99900"", ""sel_7th_pre_req_pre"": ""0"", ""sel_7th_pre_req"": ""318"", ""sel_7th_pre_bid"": ""-99800"", ""sel_6th_pre_req_pre"": ""0"", ""sel_6th_pre_req"": ""215"", ""sel_6th_pre_bid"": ""-99700"", ""sel_5th_pre_req_pre"": ""0"", ""sel_5th_pre_req"": ""44"", ""sel_5th_pre_bid"": ""-99600"", ""sel_4th_pre_req_pre"": ""0"", ""sel_4th_pre_req"": ""60"", ""sel_4th_pre_bid"": ""-99500"", ""sel_3th_pre_req_pre"": ""0"", ""sel_3th_pre_req"": ""652"", ""sel_3th_pre_bid"": ""-99400"", ""sel_2th_pre_req_pre"": ""0"", ""sel_2th_pre_req"": ""1"", ""sel_2th_pre_bid"": ""-99300"", ""sel_1th_pre_req_pre"": ""+3"", ""sel_fpr_req"": ""339"", ""sel_fpr_bid"": ""-99200"", ""buy_fpr_bid"": ""-99100"", ""buy_fpr_req"": ""81"", ""buy_1th_pre_req_pre"": ""0"", ""buy_2th_pre_bid"": ""-99000"", ""buy_2th_pre_req"": ""827"", ""buy_2th_pre_req_pre"": ""0"", ""buy_3th_pre_bid"": ""-98900"", ""buy_3th_pre_req"": ""789"", ""buy_3th_pre_req_pre"": ""0"", ""buy_4th_pre_bid"": ""-98800"", ""buy_4th_pre_req"": ""968"", ""buy_4th_pre_req_pre"": ""0"", ""buy_5th_pre_bid"": ""-98700"", ""buy_5th_pre_req"": ""1039"", ""buy_5th_pre_req_pre"": ""0"", ""buy_6th_pre_bid"": ""-98600"", ""buy_6th_pre_req"": ""1077"", ""buy_6th_pre_req_pre"": ""0"", ""buy_7th_pre_bid"": ""-98500"", ""buy_7th_pre_req"": ""195"", ""buy_7th_pre_req_pre"": ""0"", ""buy_8th_pre_bid"": ""-98400"", ""buy_8th_pre_req"": ""1064"", ""buy_8th_pre_req_pre"": ""0"", ""buy_9th_pre_bid"": ""-98300"", ""buy_9th_pre_req"": ""193"", ""buy_9th_pre_req_pre"": ""0"", ""buy_10th_pre_bid"": ""-98200"", ""buy_10th_pre_req"": ""1252"", ""buy_10th_pre_req_pre"": ""0"", ""tot_sel_req_jub_pre"": ""+3"", ""tot_sel_req"": ""2400"", ""tot_buy_req"": ""7485"", ""tot_buy_req_jub_pre"": ""0"", ""ovt_sel_req_pre"": ""0"", ""ovt_sel_req"": ""0"", ""ovt_buy_req"": ""0"", ""ovt_buy_req_pre"": ""0"", ""return_code"": 0, ""return_msg"": ""정상적으로 처리되었습니다""}"
2026-06-10,watchlist,192080,,1,filtered_candidate_recheck,71200,,71200,70900,71200,71500,0.2808988764044944,0.42134831460674155,,,,,,"{""bid_req_base_tm"": ""104850"", ""sel_10th_pre_req_pre"": ""0"", ""sel_10th_pre_req"": ""10"", ""sel_10th_pre_bid"": ""+72300"", ""sel_9th_pre_req_pre"": ""0"", ""sel_9th_pre_req"": ""10"", ""sel_9th_pre_bid"": ""+72200"", ""sel_8th_pre_req_pre"": ""0"", ""sel_8th_pre_req"": ""6"", ""sel_8th_pre_bid"": ""+72100"", ""sel_7th_pre_req_pre"": ""0"", ""sel_7th_pre_req"": ""5"", ""sel_7th_pre_bid"": ""72000"", ""sel_6th_pre_req_pre"": ""0"", ""sel_6th_pre_req"": ""16"", ""sel_6th_pre_bid"": ""-71900"", ""sel_5th_pre_req_pre"": ""0"", ""sel_5th_pre_req"": ""5"", ""sel_5th_pre_bid"": ""-71800"", ""sel_4th_pre_req_pre"": ""0"", ""sel_4th_pre_req"": ""22"", ""sel_4th_pre_bid"": ""-71600"", ""sel_3th_pre_req_pre"": ""--19"", ""sel_3th_pre_req"": ""65"", ""sel_3th_pre_bid"": ""-71400"", ""sel_2th_pre_req_pre"": ""0"", ""sel_2th_pre_req"": ""46"", ""sel_2th_pre_bid"": ""-71300"", ""sel_1th_pre_req_pre"": ""+19"", ""sel_fpr_req"": ""48"", ""sel_fpr_bid"": ""-71200"", ""buy_fpr_bid"": ""-70900"", ""buy_fpr_req"": ""27"", ""buy_1th_pre_req_pre"": ""0"", ""buy_2th_pre_bid"": ""-70800"", ""buy_2th_pre_req"": ""100"", ""buy_2th_pre_req_pre"": ""0"", ""buy_3th_pre_bid"": ""-70700"", ""buy_3th_pre_req"": ""110"", ""buy_3th_pre_req_pre"": ""0"", ""buy_4th_pre_bid"": ""-70600"", ""buy_4th_pre_req"": ""100"", ""buy_4th_pre_req_pre"": ""0"", ""buy_5th_pre_bid"": ""-70500"", ""buy_5th_pre_req"": ""181"", ""buy_5th_pre_req_pre"": ""0"", ""buy_6th_pre_bid"": ""-70400"", ""buy_6th_pre_req"": ""182"", ""buy_6th_pre_req_pre"": ""0"", ""buy_7th_pre_bid"": ""-70300"", ""buy_7th_pre_req"": ""94"", ""buy_7th_pre_req_pre"": ""0"", ""buy_8th_pre_bid"": ""-70200"", ""buy_8th_pre_req"": ""21"", ""buy_8th_pre_req_pre"": ""0"", ""buy_9th_pre_bid"": ""-70100"", ""buy_9th_pre_req"": ""23"", ""buy_9th_pre_req_pre"": ""0"", ""buy_10th_pre_bid"": ""-70000"", ""buy_10th_pre_req"": ""52"", ""buy_10th_pre_req_pre"": ""0"", ""tot_sel_req_jub_pre"": ""0"", ""tot_sel_req"": ""233"", ""tot_buy_req"": ""890"", ""tot_buy_req_jub_pre"": ""0"", ""ovt_sel_req_pre"": ""0"", ""ovt_sel_req"": ""0"", ""ovt_buy_req"": ""0"", ""ovt_buy_req_pre"": ""0"", ""return_code"": 0, ""return_msg"": ""정상적으로 처리되었습니다""}"
2026-06-10,watchlist,000430,,1,filtered_candidate_recheck,5650,,5650,5640,5650,5680,0.35398230088495575,0.17699115044247787,,,,,,"{""bid_req_base_tm"": ""104850"", ""sel_10th_pre_req_pre"": ""0"", ""sel_10th_pre_req"": ""11"", ""sel_10th_pre_bid"": ""-5740"", ""sel_9th_pre_req_pre"": ""0"", ""sel_9th_pre_req"": ""2058"", ""sel_9th_pre_bid"": ""-5730"", ""sel_8th_pre_req_pre"": ""0"", ""sel_8th_pre_req"": ""417"", ""sel_8th_pre_bid"": ""-5720"", ""sel_7th_pre_req_pre"": ""0"", ""sel_7th_pre_req"": ""2"", ""sel_7th_pre_bid"": ""-5710"", ""sel_6th_pre_req_pre"": ""0"", ""sel_6th_pre_req"": ""1600"", ""sel_6th_pre_bid"": ""-5700"", ""sel_5th_pre_req_pre"": ""0"", ""sel_5th_pre_req"": ""1071"", ""sel_5th_pre_bid"": ""-5690"", ""sel_4th_pre_req_pre"": ""0"", ""sel_4th_pre_req"": ""574"", ""sel_4th_pre_bid"": ""-5680"", ""sel_3th_pre_req_pre"": ""0"", ""sel_3th_pre_req"": ""1"", ""sel_3th_pre_bid"": ""-5670"", ""sel_2th_pre_req_pre"": ""0"", ""sel_2th_pre_req"": ""842"", ""sel_2th_pre_bid"": ""-5660"", ""sel_1th_pre_req_pre"": ""0"", ""sel_fpr_req"": ""38"", ""sel_fpr_bid"": ""-5650"", ""buy_fpr_bid"": ""-5640"", ""buy_fpr_req"": ""2317"", ""buy_1th_pre_req_pre"": ""0"", ""buy_2th_pre_bid"": ""-5630"", ""buy_2th_pre_req"": ""3120"", ""buy_2th_pre_req_pre"": ""0"", ""buy_3th_pre_bid"": ""-5620"", ""buy_3th_pre_req"": ""10019"", ""buy_3th_pre_req_pre"": ""0"", ""buy_4th_pre_bid"": ""-5610"", ""buy_4th_pre_req"": ""10125"", ""buy_4th_pre_req_pre"": ""+714"", ""buy_5th_pre_bid"": ""-5600"", ""buy_5th_pre_req"": ""17890"", ""buy_5th_pre_req_pre"": ""0"", ""buy_6th_pre_bid"": ""-5590"", ""buy_6th_pre_req"": ""4587"", ""buy_6th_pre_req_pre"": ""0"", ""buy_7th_pre_bid"": ""-5580"", ""buy_7th_pre_req"": ""6460"", ""buy_7th_pre_req_pre"": ""0"", ""buy_8th_pre_bid"": ""-5570"", ""buy_8th_pre_req"": ""2149"", ""buy_8th_pre_req_pre"": ""0"", ""buy_9th_pre_bid"": ""-5560"", ""buy_9th_pre_req"": ""4376"", ""buy_9th_pre_req_pre"": ""0"", ""buy_10th_pre_bid"": ""-5550"", ""buy_10th_pre_req"": ""6896"", ""buy_10th_pre_req_pre"": ""0"", ""tot_sel_req_jub_pre"": ""0"", ""tot_sel_req"": ""6614"", ""tot_buy_req"": ""67939"", ""tot_buy_req_jub_pre"": ""+714"", ""ovt_sel_req_pre"": ""0"", ""ovt_sel_req"": ""0"", ""ovt_buy_req"": ""0"", ""ovt_buy_req_pre"": ""0"", ""return_code"": 0, ""return_msg"": ""정상적으로 처리되었습니다""}"
2026-06-10,watchlist,307950,,0,filtered_candidate_recheck,704000,,704000,703000,704000,707000,0.2840909090909091,0.14204545454545456,,,,,,"{""bid_req_base_tm"": ""104851"", ""sel_10th_pre_req_pre"": ""0"", ""sel_10th_pre_req"": ""53"", ""sel_10th_pre_bid"": ""+713000"", ""sel_9th_pre_req_pre"": ""0"", ""sel_9th_pre_req"": ""10"", ""sel_9th_pre_bid"": ""+712000"", ""sel_8th_pre_req_pre"": ""0"", ""sel_8th_pre_req"": ""3"", ""sel_8th_pre_bid"": ""+711000"", ""sel_7th_pre_req_pre"": ""0"", ""sel_7th_pre_req"": ""58"", ""sel_7th_pre_bid"": ""+710000"", ""sel_6th_pre_req_pre"": ""0"", ""sel_6th_pre_req"": ""33"", ""sel_6th_pre_bid"": ""+709000"", ""sel_5th_pre_req_pre"": ""0"", ""sel_5th_pre_req"": ""16"", ""sel_5th_pre_bid"": ""+708000"", ""sel_4th_pre_req_pre"": ""0"", ""sel_4th_pre_req"": ""8"", ""sel_4th_pre_bid"": ""+707000"", ""sel_3th_pre_req_pre"": ""0"", ""sel_3th_pre_req"": ""12"", ""sel_3th_pre_bid"": ""+706000"", ""sel_2th_pre_req_pre"": ""0"", ""sel_2th_pre_req"": ""17"", ""sel_2th_pre_bid"": ""+705000"", ""sel_1th_pre_req_pre"": ""0"", ""sel_fpr_req"": ""18"", ""sel_fpr_bid"": ""+704000"", ""buy_fpr_bid"": ""+703000"", ""buy_fpr_req"": ""6"", ""buy_1th_pre_req_pre"": ""--8"", ""buy_2th_pre_bid"": ""+702000"", ""buy_2th_pre_req"": ""119"", ""buy_2th_pre_req_pre"": ""0"", ""buy_3th_pre_bid"": ""+701000"", ""buy_3th_pre_req"": ""573"", ""buy_3th_pre_req_pre"": ""0"", ""buy_4th_pre_bid"": ""+700000"", ""buy_4th_pre_req"": ""685"", ""buy_4th_pre_req_pre"": ""0"", ""buy_5th_pre_bid"": ""+699000"", ""buy_5th_pre_req"": ""133"", ""buy_5th_pre_req_pre"": ""0"", ""buy_6th_pre_bid"": ""+698000"", ""buy_6th_pre_req"": ""190"", ""buy_6th_pre_req_pre"": ""0"", ""buy_7th_pre_bid"": ""+697000"", ""buy_7th_pre_req"": ""314"", ""buy_7th_pre_req_pre"": ""0"", ""buy_8th_pre_bid"": ""+696000"", ""buy_8th_pre_req"": ""192"", ""buy_8th_pre_req_pre"": ""0"", ""buy_9th_pre_bid"": ""+695000"", ""buy_9th_pre_req"": ""237"", ""buy_9th_pre_req_pre"": ""0"", ""buy_10th_pre_bid"": ""+694000"", ""buy_10th_pre_req"": ""119"", ""buy_10th_pre_req_pre"": ""0"", ""tot_sel_req_jub_pre"": ""0"", ""tot_sel_req"": ""228"", ""tot_buy_req"": ""2568"", ""tot_buy_req_jub_pre"": ""--8"", ""ovt_sel_req_pre"": ""0"", ""ovt_sel_req"": ""0"", ""ovt_buy_req"": ""0"", ""ovt_buy_req_pre"": ""0"", ""return_code"": 0, ""return_msg"": ""정상적으로 처리되었습니다""}"
2026-06-10,watchlist,114090,,0,filtered_candidate_recheck,12030,,12030,12010,12030,11950,-1.0806317539484622,0.1662510390689942,,,,,,"{""bid_req_base_tm"": ""104850"", ""sel_10th_pre_req_pre"": ""0"", ""sel_10th_pre_req"": ""12"", ""sel_10th_pre_bid"": ""+12170"", ""sel_9th_pre_req_pre"": ""0"", ""sel_9th_pre_req"": ""1132"", ""sel_9th_pre_bid"": ""+12150"", ""sel_8th_pre_req_pre"": ""0"", ""sel_8th_pre_req"": ""132"", ""sel_8th_pre_bid"": ""+12140"", ""sel_7th_pre_req_pre"": ""0"", ""sel_7th_pre_req"": ""469"", ""sel_7th_pre_bid"": ""+12130"", ""sel_6th_pre_req_pre"": ""0"", ""sel_6th_pre_req"": ""55"", ""sel_6th_pre_bid"": ""+12120"", ""sel_5th_pre_req_pre"": ""0"", ""sel_5th_pre_req"": ""1955"", ""sel_5th_pre_bid"": ""+12110"", ""sel_4th_pre_req_pre"": ""0"", ""sel_4th_pre_req"": ""76"", ""sel_4th_pre_bid"": ""+12100"", ""sel_3th_pre_req_pre"": ""0"", ""sel_3th_pre_req"": ""9"", ""sel_3th_pre_bid"": ""+12060"", ""sel_2th_pre_req_pre"": ""0"", ""sel_2th_pre_req"": ""68"", ""sel_2th_pre_bid"": ""+12050"", ""sel_1th_pre_req_pre"": ""+167"", ""sel_fpr_req"": ""369"", ""sel_fpr_bid"": ""+12030"", ""buy_fpr_bid"": ""+12010"", ""buy_fpr_req"": ""89"", ""buy_1th_pre_req_pre"": ""0"", ""buy_2th_pre_bid"": ""+12000"", ""buy_2th_pre_req"": ""1034"", ""buy_2th_pre_req_pre"": ""0"", ""buy_3th_pre_bid"": ""+11990"", ""buy_3th_pre_req"": ""611"", ""buy_3th_pre_req_pre"": ""+167"", ""buy_4th_pre_bid"": ""+11980"", ""buy_4th_pre_req"": ""189"", ""buy_4th_pre_req_pre"": ""0"", ""buy_5th_pre_bid"": ""11950"", ""buy_5th_pre_req"": ""481"", ""buy_5th_pre_req_pre"": ""0"", ""buy_6th_pre_bid"": ""-11910"", ""buy_6th_pre_req"": ""2"", ""buy_6th_pre_req_pre"": ""0"", ""buy_7th_pre_bid"": ""-11900"", ""buy_7th_pre_req"": ""97"", ""buy_7th_pre_req_pre"": ""0"", ""buy_8th_pre_bid"": ""-11860"", ""buy_8th_pre_req"": ""2"", ""buy_8th_pre_req_pre"": ""0"", ""buy_9th_pre_bid"": ""-11850"", ""buy_9th_pre_req"": ""181"", ""buy_9th_pre_req_pre"": ""0"", ""buy_10th_pre_bid"": ""-11840"", ""buy_10th_pre_req"": ""25"", ""buy_10th_pre_req_pre"": ""0"", ""tot_sel_req_jub_pre"": ""+167"", ""tot_sel_req"": ""4277"", ""tot_buy_req"": ""2711"", ""tot_buy_req_jub_pre"": ""+167"", ""ovt_sel_req_pre"": ""0"", ""ovt_sel_req"": ""0"", ""ovt_buy_req"": ""0"", ""ovt_buy_req_pre"": ""0"", ""return_code"": 0, ""return_msg"": ""정상적으로 처리되었습니다""}"
2026-06-10,watchlist,281820,,0,filtered_candidate_recheck,67700,,67700,67600,67700,68000,0.29542097488921715,0.14771048744460857,,,,,,"{""bid_req_base_tm"": ""104850"", ""sel_10th_pre_req_pre"": ""0"", ""sel_10th_pre_req"": ""70"", ""sel_10th_pre_bid"": ""+68600"", ""sel_9th_pre_req_pre"": ""0"", ""sel_9th_pre_req"": ""107"", ""sel_9th_pre_bid"": ""+68500"", ""sel_8th_pre_req_pre"": ""0"", ""sel_8th_pre_req"": ""2"", ""sel_8th_pre_bid"": ""+68400"", ""sel_7th_pre_req_pre"": ""0"", ""sel_7th_pre_req"": ""16"", ""sel_7th_pre_bid"": ""+68300"", ""sel_6th_pre_req_pre"": ""0"", ""sel_6th_pre_req"": ""1"", ""sel_6th_pre_bid"": ""+68200"", ""sel_5th_pre_req_pre"": ""0"", ""sel_5th_pre_req"": ""2"", ""sel_5th_pre_bid"": ""+68100"", ""sel_4th_pre_req_pre"": ""0"", ""sel_4th_pre_req"": ""14"", ""sel_4th_pre_bid"": ""+68000"", ""sel_3th_pre_req_pre"": ""0"", ""sel_3th_pre_req"": ""33"", ""sel_3th_pre_bid"": ""+67900"", ""sel_2th_pre_req_pre"": ""0"", ""sel_2th_pre_req"": ""35"", ""sel_2th_pre_bid"": ""+67800"", ""sel_1th_pre_req_pre"": ""--3"", ""sel_fpr_req"": ""259"", ""sel_fpr_bid"": ""+67700"", ""buy_fpr_bid"": ""+67600"", ""buy_fpr_req"": ""43"", ""buy_1th_pre_req_pre"": ""0"", ""buy_2th_pre_bid"": ""+67500"", ""buy_2th_pre_req"": ""1140"", ""buy_2th_pre_req_pre"": ""0"", ""buy_3th_pre_bid"": ""+67400"", ""buy_3th_pre_req"": ""455"", ""buy_3th_pre_req_pre"": ""0"", ""buy_4th_pre_bid"": ""+67300"", ""buy_4th_pre_req"": ""497"", ""buy_4th_pre_req_pre"": ""0"", ""buy_5th_pre_bid"": ""+67200"", ""buy_5th_pre_req"": ""122"", ""buy_5th_pre_req_pre"": ""0"", ""buy_6th_pre_bid"": ""+67100"", ""buy_6th_pre_req"": ""23"", ""buy_6th_pre_req_pre"": ""0"", ""buy_7th_pre_bid"": ""+67000"", ""buy_7th_pre_req"": ""459"", ""buy_7th_pre_req_pre"": ""0"", ""buy_8th_pre_bid"": ""+66900"", ""buy_8th_pre_req"": ""102"", ""buy_8th_pre_req_pre"": ""0"", ""buy_9th_pre_bid"": ""+66800"", ""buy_9th_pre_req"": ""25"", ""buy_9th_pre_req_pre"": ""0"", ""buy_10th_pre_bid"": ""+66700"", ""buy_10th_pre_req"": ""9"", ""buy_10th_pre_req_pre"": ""0"", ""tot_sel_req_jub_pre"": ""--3"", ""tot_sel_req"": ""539"", ""tot_buy_req"": ""2875"", ""tot_buy_req_jub_pre"": ""0"", ""ovt_sel_req_pre"": ""0"", ""ovt_sel_req"": ""0"", ""ovt_buy_req"": ""0"", ""ovt_buy_req_pre"": ""0"", ""return_code"": 0, ""return_msg"": ""정상적으로 처리되었습니다""}"
2026-06-10,watchlist,489790,,0,filtered_candidate_recheck,69200,,69200,69100,69200,69300,0.0,0.1445086705202312,,,,,,"{""bid_req_base_tm"": ""104852"", ""sel_10th_pre_req_pre"": ""0"", ""sel_10th_pre_req"": ""211"", ""sel_10th_pre_bid"": ""+70100"", ""sel_9th_pre_req_pre"": ""0"", ""sel_9th_pre_req"": ""351"", ""sel_9th_pre_bid"": ""+70000"", ""sel_8th_pre_req_pre"": ""0"", ""sel_8th_pre_req"": ""6"", ""sel_8th_pre_bid"": ""+69900"", ""sel_7th_pre_req_pre"": ""0"", ""sel_7th_pre_req"": ""3"", ""sel_7th_pre_bid"": ""+69800"", ""sel_6th_pre_req_pre"": ""0"", ""sel_6th_pre_req"": ""44"", ""sel_6th_pre_bid"": ""+69700"", ""sel_5th_pre_req_pre"": ""0"", ""sel_5th_pre_req"": ""6"", ""sel_5th_pre_bid"": ""+69600"", ""sel_4th_pre_req_pre"": ""0"", ""sel_4th_pre_req"": ""806"", ""sel_4th_pre_bid"": ""+69500"", ""sel_3th_pre_req_pre"": ""0"", ""sel_3th_pre_req"": ""24"", ""sel_3th_pre_bid"": ""+69400"", ""sel_2th_pre_req_pre"": ""0"", ""sel_2th_pre_req"": ""6"", ""sel_2th_pre_bid"": ""+69300"", ""sel_1th_pre_req_pre"": ""0"", ""sel_fpr_req"": ""16"", ""sel_fpr_bid"": ""+69200"", ""buy_fpr_bid"": ""+69100"", ""buy_fpr_req"": ""31"", ""buy_1th_pre_req_pre"": ""0"", ""buy_2th_pre_bid"": ""+69000"", ""buy_2th_pre_req"": ""662"", ""buy_2th_pre_req_pre"": ""0"", ""buy_3th_pre_bid"": ""+68900"", ""buy_3th_pre_req"": ""46"", ""buy_3th_pre_req_pre"": ""0"", ""buy_4th_pre_bid"": ""+68800"", ""buy_4th_pre_req"": ""36"", ""buy_4th_pre_req_pre"": ""0"", ""buy_5th_pre_bid"": ""+68700"", ""buy_5th_pre_req"": ""128"", ""buy_5th_pre_req_pre"": ""+7"", ""buy_6th_pre_bid"": ""+68600"", ""buy_6th_pre_req"": ""223"", ""buy_6th_pre_req_pre"": ""0"", ""buy_7th_pre_bid"": ""+68500"", ""buy_7th_pre_req"": ""833"", ""buy_7th_pre_req_pre"": ""0"", ""buy_8th_pre_bid"": ""+68400"", ""buy_8th_pre_req"": ""115"", ""buy_8th_pre_req_pre"": ""0"", ""buy_9th_pre_bid"": ""+68300"", ""buy_9th_pre_req"": ""783"", ""buy_9th_pre_req_pre"": ""0"", ""buy_10th_pre_bid"": ""+68200"", ""buy_10th_pre_req"": ""158"", ""buy_10th_pre_req_pre"": ""0"", ""tot_sel_req_jub_pre"": ""0"", ""tot_sel_req"": ""1473"", ""tot_buy_req"": ""3015"", ""tot_buy_req_jub_pre"": ""+7"", ""ovt_sel_req_pre"": ""0"", ""ovt_sel_req"": ""0"", ""ovt_buy_req"": ""0"", ""ovt_buy_req_pre"": ""0"", ""return_code"": 0, ""return_msg"": ""정상적으로 처리되었습니다""}"
2026-06-10,watchlist,092200,,0,filtered_candidate_recheck,9710,,9710,9700,9710,9760,0.4119464469618949,0.10298661174047373,,,,,,"{""bid_req_base_tm"": ""104852"", ""sel_10th_pre_req_pre"": ""0"", ""sel_10th_pre_req"": ""130"", ""sel_10th_pre_bid"": ""-9840"", ""sel_9th_pre_req_pre"": ""0"", ""sel_9th_pre_req"": ""105"", ""sel_9th_pre_bid"": ""-9830"", ""sel_8th_pre_req_pre"": ""0"", ""sel_8th_pre_req"": ""120"", ""sel_8th_pre_bid"": ""-9820"", ""sel_7th_pre_req_pre"": ""0"", ""sel_7th_pre_req"": ""261"", ""sel_7th_pre_bid"": ""-9810"", ""sel_6th_pre_req_pre"": ""0"", ""sel_6th_pre_req"": ""50"", ""sel_6th_pre_bid"": ""-9800"", ""sel_5th_pre_req_pre"": ""0"", ""sel_5th_pre_req"": ""301"", ""sel_5th_pre_bid"": ""-9790"", ""sel_4th_pre_req_pre"": ""0"", ""sel_4th_pre_req"": ""292"", ""sel_4th_pre_bid"": ""-9750"", ""sel_3th_pre_req_pre"": ""0"", ""sel_3th_pre_req"": ""23"", ""sel_3th_pre_bid"": ""-9730"", ""sel_2th_pre_req_pre"": ""0"", ""sel_2th_pre_req"": ""382"", ""sel_2th_pre_bid"": ""-9720"", ""sel_1th_pre_req_pre"": ""--50"", ""sel_fpr_req"": ""519"", ""sel_fpr_bid"": ""-9710"", ""buy_fpr_bid"": ""-9700"", ""buy_fpr_req"": ""2001"", ""buy_1th_pre_req_pre"": ""0"", ""buy_2th_pre_bid"": ""-9690"", ""buy_2th_pre_req"": ""4027"", ""buy_2th_pre_req_pre"": ""0"", ""buy_3th_pre_bid"": ""-9680"", ""buy_3th_pre_req"": ""1934"", ""buy_3th_pre_req_pre"": ""0"", ""buy_4th_pre_bid"": ""-9670"", ""buy_4th_pre_req"": ""708"", ""buy_4th_pre_req_pre"": ""0"", ""buy_5th_pre_bid"": ""-9660"", ""buy_5th_pre_req"": ""839"", ""buy_5th_pre_req_pre"": ""0"", ""buy_6th_pre_bid"": ""-9650"", ""buy_6th_pre_req"": ""2689"", ""buy_6th_pre_req_pre"": ""0"", ""buy_7th_pre_bid"": ""-9640"", ""buy_7th_pre_req"": ""4044"", ""buy_7th_pre_req_pre"": ""0"", ""buy_8th_pre_bid"": ""-9630"", ""buy_8th_pre_req"": ""1748"", ""buy_8th_pre_req_pre"": ""0"", ""buy_9th_pre_bid"": ""-9620"", ""buy_9th_pre_req"": ""1067"", ""buy_9th_pre_req_pre"": ""0"", ""buy_10th_pre_bid"": ""-9610"", ""buy_10th_pre_req"": ""1149"", ""buy_10th_pre_req_pre"": ""0"", ""tot_sel_req_jub_pre"": ""--50"", ""tot_sel_req"": ""2183"", ""tot_buy_req"": ""20206"", ""tot_buy_req_jub_pre"": ""0"", ""ovt_sel_req_pre"": ""0"", ""ovt_sel_req"": ""0"", ""ovt_buy_req"": ""0"", ""ovt_buy_req_pre"": ""0"", ""return_code"": 0, ""return_msg"": ""정상적으로 처리되었습니다""}"
2026-06-10,watchlist,175330,,0,filtered_candidate_recheck,25600,,25600,25550,25600,25650,0.0,0.1953125,,,,,,"{""bid_req_base_tm"": ""104844"", ""sel_10th_pre_req_pre"": ""0"", ""sel_10th_pre_req"": ""601"", ""sel_10th_pre_bid"": ""+26050"", ""sel_9th_pre_req_pre"": ""0"", ""sel_9th_pre_req"": ""113"", ""sel_9th_pre_bid"": ""+26000"", ""sel_8th_pre_req_pre"": ""0"", ""sel_8th_pre_req"": ""142"", ""sel_8th_pre_bid"": ""+25950"", ""sel_7th_pre_req_pre"": ""0"", ""sel_7th_pre_req"": ""532"", ""sel_7th_pre_bid"": ""25900"", ""sel_6th_pre_req_pre"": ""0"", ""sel_6th_pre_req"": ""454"", ""sel_6th_pre_bid"": ""-25850"", ""sel_5th_pre_req_pre"": ""0"", ""sel_5th_pre_req"": ""158"", ""sel_5th_pre_bid"": ""-25800"", ""sel_4th_pre_req_pre"": ""0"", ""sel_4th_pre_req"": ""208"", ""sel_4th_pre_bid"": ""-25750"", ""sel_3th_pre_req_pre"": ""0"", ""sel_3th_pre_req"": ""126"", ""sel_3th_pre_bid"": ""-25700"", ""sel_2th_pre_req_pre"": ""0"", ""sel_2th_pre_req"": ""441"", ""sel_2th_pre_bid"": ""-25650"", ""sel_1th_pre_req_pre"": ""0"", ""sel_fpr_req"": ""1009"", ""sel_fpr_bid"": ""-25600"", ""buy_fpr_bid"": ""-25550"", ""buy_fpr_req"": ""496"", ""buy_1th_pre_req_pre"": ""0"", ""buy_2th_pre_bid"": ""-25500"", ""buy_2th_pre_req"": ""871"", ""buy_2th_pre_req_pre"": ""0"", ""buy_3th_pre_bid"": ""-25450"", ""buy_3th_pre_req"": ""550"", ""buy_3th_pre_req_pre"": ""0"", ""buy_4th_pre_bid"": ""-25400"", ""buy_4th_pre_req"": ""950"", ""buy_4th_pre_req_pre"": ""0"", ""buy_5th_pre_bid"": ""-25350"", ""buy_5th_pre_req"": ""281"", ""buy_5th_pre_req_pre"": ""--193"", ""buy_6th_pre_bid"": ""-25300"", ""buy_6th_pre_req"": ""389"", ""buy_6th_pre_req_pre"": ""0"", ""buy_7th_pre_bid"": ""-25250"", ""buy_7th_pre_req"": ""473"", ""buy_7th_pre_req_pre"": ""0"", ""buy_8th_pre_bid"": ""-25200"", ""buy_8th_pre_req"": ""214"", ""buy_8th_pre_req_pre"": ""0"", ""buy_9th_pre_bid"": ""-25150"", ""buy_9th_pre_req"": ""768"", ""buy_9th_pre_req_pre"": ""0"", ""buy_10th_pre_bid"": ""-25100"", ""buy_10th_pre_req"": ""475"", ""buy_10th_pre_req_pre"": ""0"", ""tot_sel_req_jub_pre"": ""0"", ""tot_sel_req"": ""3784"", ""tot_buy_req"": ""5467"", ""tot_buy_req_jub_pre"": ""--193"", ""ovt_sel_req_pre"": ""0"", ""ovt_sel_req"": ""0"", ""ovt_buy_req"": ""0"", ""ovt_buy_req_pre"": ""0"", ""return_code"": 0, ""return_msg"": ""정상적으로 처리되었습니다""}"
2026-06-10,watchlist,069960,,0,filtered_candidate_recheck,170500,,170500,170100,170500,170500,-0.2932551319648094,0.23460410557184752,,,,,,"{""bid_req_base_tm"": ""104850"", ""sel_10th_pre_req_pre"": ""0"", ""sel_10th_pre_req"": ""2"", ""sel_10th_pre_bid"": ""+171500"", ""sel_9th_pre_req_pre"": ""0"", ""sel_9th_pre_req"": ""1"", ""sel_9th_pre_bid"": ""+171400"", ""sel_8th_pre_req_pre"": ""0"", ""sel_8th_pre_req"": ""2"", ""sel_8th_pre_bid"": ""+171200"", ""sel_7th_pre_req_pre"": ""0"", ""sel_7th_pre_req"": ""10"", ""sel_7th_pre_bid"": ""+171100"", ""sel_6th_pre_req_pre"": ""0"", ""sel_6th_pre_req"": ""19"", ""sel_6th_pre_bid"": ""+171000"", ""sel_5th_pre_req_pre"": ""0"", ""sel_5th_pre_req"": ""93"", ""sel_5th_pre_bid"": ""+170900"", ""sel_4th_pre_req_pre"": ""0"", ""sel_4th_pre_req"": ""6"", ""sel_4th_pre_bid"": ""+170800"", ""sel_3th_pre_req_pre"": ""0"", ""sel_3th_pre_req"": ""20"", ""sel_3th_pre_bid"": ""+170700"", ""sel_2th_pre_req_pre"": ""0"", ""sel_2th_pre_req"": ""14"", ""sel_2th_pre_bid"": ""+170600"", ""sel_1th_pre_req_pre"": ""+1"", ""sel_fpr_req"": ""62"", ""sel_fpr_bid"": ""+170500"", ""buy_fpr_bid"": ""+170100"", ""buy_fpr_req"": ""1"", ""buy_1th_pre_req_pre"": ""0"", ""buy_2th_pre_bid"": ""+170000"", ""buy_2th_pre_req"": ""153"", ""buy_2th_pre_req_pre"": ""0"", ""buy_3th_pre_bid"": ""+169900"", ""buy_3th_pre_req"": ""96"", ""buy_3th_pre_req_pre"": ""0"", ""buy_4th_pre_bid"": ""+169800"", ""buy_4th_pre_req"": ""10"", ""buy_4th_pre_req_pre"": ""0"", ""buy_5th_pre_bid"": ""+169700"", ""buy_5th_pre_req"": ""5"", ""buy_5th_pre_req_pre"": ""0"", ""buy_6th_pre_bid"": ""+169600"", ""buy_6th_pre_req"": ""32"", ""buy_6th_pre_req_pre"": ""0"", ""buy_7th_pre_bid"": ""+169500"", ""buy_7th_pre_req"": ""50"", ""buy_7th_pre_req_pre"": ""0"", ""buy_8th_pre_bid"": ""+169400"", ""buy_8th_pre_req"": ""5"", ""buy_8th_pre_req_pre"": ""0"", ""buy_9th_pre_bid"": ""+169300"", ""buy_9th_pre_req"": ""4"", ""buy_9th_pre_req_pre"": ""0"", ""buy_10th_pre_bid"": ""+169200"", ""buy_10th_pre_req"": ""1"", ""buy_10th_pre_req_pre"": ""0"", ""tot_sel_req_jub_pre"": ""+1"", ""tot_sel_req"": ""229"", ""tot_buy_req"": ""357"", ""tot_buy_req_jub_pre"": ""0"", ""ovt_sel_req_pre"": ""0"", ""ovt_sel_req"": ""0"", ""ovt_buy_req"": ""0"", ""ovt_buy_req_pre"": ""0"", ""return_code"": 0, ""return_msg"": ""정상적으로 처리되었습니다""}"
2026-06-10,watchlist,001450,,0,filtered_candidate_recheck,37600,,37600,37500,37600,37700,0.13297872340425532,0.26595744680851063,,,,,,"{""bid_req_base_tm"": ""104853"", ""sel_10th_pre_req_pre"": ""0"", ""sel_10th_pre_req"": ""6"", ""sel_10th_pre_bid"": ""+38150"", ""sel_9th_pre_req_pre"": ""0"", ""sel_9th_pre_req"": ""535"", ""sel_9th_pre_bid"": ""+38100"", ""sel_8th_pre_req_pre"": ""0"", ""sel_8th_pre_req"": ""213"", ""sel_8th_pre_bid"": ""+38050"", ""sel_7th_pre_req_pre"": ""0"", ""sel_7th_pre_req"": ""507"", ""sel_7th_pre_bid"": ""+38000"", ""sel_6th_pre_req_pre"": ""0"", ""sel_6th_pre_req"": ""136"", ""sel_6th_pre_bid"": ""+37950"", ""sel_5th_pre_req_pre"": ""0"", ""sel_5th_pre_req"": ""11"", ""sel_5th_pre_bid"": ""+37850"", ""sel_4th_pre_req_pre"": ""0"", ""sel_4th_pre_req"": ""11"", ""sel_4th_pre_bid"": ""+37800"", ""sel_3th_pre_req_pre"": ""0"", ""sel_3th_pre_req"": ""144"", ""sel_3th_pre_bid"": ""+37700"", ""sel_2th_pre_req_pre"": ""0"", ""sel_2th_pre_req"": ""70"", ""sel_2th_pre_bid"": ""+37650"", ""sel_1th_pre_req_pre"": ""0"", ""sel_fpr_req"": ""68"", ""sel_fpr_bid"": ""+37600"", ""buy_fpr_bid"": ""+37500"", ""buy_fpr_req"": ""616"", ""buy_1th_pre_req_pre"": ""0"", ""buy_2th_pre_bid"": ""+37450"", ""buy_2th_pre_req"": ""571"", ""buy_2th_pre_req_pre"": ""--7"", ""buy_3th_pre_bid"": ""+37400"", ""buy_3th_pre_req"": ""269"", ""buy_3th_pre_req_pre"": ""0"", ""buy_4th_pre_bid"": ""+37350"", ""buy_4th_pre_req"": ""194"", ""buy_4th_pre_req_pre"": ""0"", ""buy_5th_pre_bid"": ""+37300"", ""buy_5th_pre_req"": ""382"", ""buy_5th_pre_req_pre"": ""0"", ""buy_6th_pre_bid"": ""+37250"", ""buy_6th_pre_req"": ""72"", ""buy_6th_pre_req_pre"": ""0"", ""buy_7th_pre_bid"": ""+37200"", ""buy_7th_pre_req"": ""488"", ""buy_7th_pre_req_pre"": ""0"", ""buy_8th_pre_bid"": ""+37150"", ""buy_8th_pre_req"": ""173"", ""buy_8th_pre_req_pre"": ""0"", ""buy_9th_pre_bid"": ""+37100"", ""buy_9th_pre_req"": ""645"", ""buy_9th_pre_req_pre"": ""0"", ""buy_10th_pre_bid"": ""+37050"", ""buy_10th_pre_req"": ""44"", ""buy_10th_pre_req_pre"": ""0"", ""tot_sel_req_jub_pre"": ""0"", ""tot_sel_req"": ""1701"", ""tot_buy_req"": ""3454"", ""tot_buy_req_jub_pre"": ""--7"", ""ovt_sel_req_pre"": ""0"", ""ovt_sel_req"": ""0"", ""ovt_buy_req"": ""0"", ""ovt_buy_req_pre"": ""0"", ""return_code"": 0, ""return_msg"": ""정상적으로 처리되었습니다""}"
2026-06-10,watchlist,011070,,0,filtered_candidate_recheck,1104000,,1104000,1103000,1104000,1101000,-0.36231884057971014,0.09057971014492754,,,,,,"{""bid_req_base_tm"": ""104853"", ""sel_10th_pre_req_pre"": ""0"", ""sel_10th_pre_req"": ""53"", ""sel_10th_pre_bid"": ""-1113000"", ""sel_9th_pre_req_pre"": ""0"", ""sel_9th_pre_req"": ""8"", ""sel_9th_pre_bid"": ""-1112000"", ""sel_8th_pre_req_pre"": ""0"", ""sel_8th_pre_req"": ""33"", ""sel_8th_pre_bid"": ""-1111000"", ""sel_7th_pre_req_pre"": ""0"", ""sel_7th_pre_req"": ""162"", ""sel_7th_pre_bid"": ""-1110000"", ""sel_6th_pre_req_pre"": ""0"", ""sel_6th_pre_req"": ""39"", ""sel_6th_pre_bid"": ""-1109000"", ""sel_5th_pre_req_pre"": ""0"", ""sel_5th_pre_req"": ""193"", ""sel_5th_pre_bid"": ""-1108000"", ""sel_4th_pre_req_pre"": ""0"", ""sel_4th_pre_req"": ""79"", ""sel_4th_pre_bid"": ""-1107000"", ""sel_3th_pre_req_pre"": ""0"", ""sel_3th_pre_req"": ""89"", ""sel_3th_pre_bid"": ""-1106000"", ""sel_2th_pre_req_pre"": ""0"", ""sel_2th_pre_req"": ""77"", ""sel_2th_pre_bid"": ""-1105000"", ""sel_1th_pre_req_pre"": ""--1"", ""sel_fpr_req"": ""122"", ""sel_fpr_bid"": ""-1104000"", ""buy_fpr_bid"": ""-1103000"", ""buy_fpr_req"": ""106"", ""buy_1th_pre_req_pre"": ""+10"", ""buy_2th_pre_bid"": ""-1102000"", ""buy_2th_pre_req"": ""301"", ""buy_2th_pre_req_pre"": ""0"", ""buy_3th_pre_bid"": ""-1101000"", ""buy_3th_pre_req"": ""10"", ""buy_3th_pre_req_pre"": ""0"", ""buy_4th_pre_bid"": ""-1100000"", ""buy_4th_pre_req"": ""27"", ""buy_4th_pre_req_pre"": ""--10"", ""buy_5th_pre_bid"": ""-1099000"", ""buy_5th_pre_req"": ""3"", ""buy_5th_pre_req_pre"": ""0"", ""buy_6th_pre_bid"": ""-1098000"", ""buy_6th_pre_req"": ""11"", ""buy_6th_pre_req_pre"": ""0"", ""buy_7th_pre_bid"": ""-1097000"", ""buy_7th_pre_req"": ""30"", ""buy_7th_pre_req_pre"": ""--15"", ""buy_8th_pre_bid"": ""-1096000"", ""buy_8th_pre_req"": ""54"", ""buy_8th_pre_req_pre"": ""0"", ""buy_9th_pre_bid"": ""-1094000"", ""buy_9th_pre_req"": ""1"", ""buy_9th_pre_req_pre"": ""0"", ""buy_10th_pre_bid"": ""-1093000"", ""buy_10th_pre_req"": ""55"", ""buy_10th_pre_req_pre"": ""0"", ""tot_sel_req_jub_pre"": ""--1"", ""tot_sel_req"": ""855"", ""tot_buy_req"": ""598"", ""tot_buy_req_jub_pre"": ""--15"", ""ovt_sel_req_pre"": ""0"", ""ovt_sel_req"": ""0"", ""ovt_buy_req"": ""0"", ""ovt_buy_req_pre"": ""0"", ""return_code"": 0, ""return_msg"": ""정상적으로 처리되었습니다""}"
2026-06-10,watchlist,088350,,0,filtered_candidate_recheck,4855,,4855,4845,4855,4870,0.20597322348094746,0.20597322348094746,,,,,,"{""bid_req_base_tm"": ""104853"", ""sel_10th_pre_req_pre"": ""0"", ""sel_10th_pre_req"": ""773"", ""sel_10th_pre_bid"": ""-4900"", ""sel_9th_pre_req_pre"": ""0"", ""sel_9th_pre_req"": ""11"", ""sel_9th_pre_bid"": ""-4895"", ""sel_8th_pre_req_pre"": ""0"", ""sel_8th_pre_req"": ""200"", ""sel_8th_pre_bid"": ""-4890"", ""sel_7th_pre_req_pre"": ""0"", ""sel_7th_pre_req"": ""1261"", ""sel_7th_pre_bid"": ""-4885"", ""sel_6th_pre_req_pre"": ""0"", ""sel_6th_pre_req"": ""244"", ""sel_6th_pre_bid"": ""-4880"", ""sel_5th_pre_req_pre"": ""0"", ""sel_5th_pre_req"": ""743"", ""sel_5th_pre_bid"": ""-4875"", ""sel_4th_pre_req_pre"": ""0"", ""sel_4th_pre_req"": ""2"", ""sel_4th_pre_bid"": ""-4870"", ""sel_3th_pre_req_pre"": ""0"", ""sel_3th_pre_req"": ""31"", ""sel_3th_pre_bid"": ""-4865"", ""sel_2th_pre_req_pre"": ""0"", ""sel_2th_pre_req"": ""429"", ""sel_2th_pre_bid"": ""-4860"", ""sel_1th_pre_req_pre"": ""0"", ""sel_fpr_req"": ""816"", ""sel_fpr_bid"": ""-4855"", ""buy_fpr_bid"": ""-4845"", ""buy_fpr_req"": ""2957"", ""buy_1th_pre_req_pre"": ""0"", ""buy_2th_pre_bid"": ""-4840"", ""buy_2th_pre_req"": ""1572"", ""buy_2th_pre_req_pre"": ""0"", ""buy_3th_pre_bid"": ""-4835"", ""buy_3th_pre_req"": ""5452"", ""buy_3th_pre_req_pre"": ""0"", ""buy_4th_pre_bid"": ""-4830"", ""buy_4th_pre_req"": ""6653"", ""buy_4th_pre_req_pre"": ""0"", ""buy_5th_pre_bid"": ""-4825"", ""buy_5th_pre_req"": ""9523"", ""buy_5th_pre_req_pre"": ""0"", ""buy_6th_pre_bid"": ""-4820"", ""buy_6th_pre_req"": ""15422"", ""buy_6th_pre_req_pre"": ""+2066"", ""buy_7th_pre_bid"": ""-4815"", ""buy_7th_pre_req"": ""19732"", ""buy_7th_pre_req_pre"": ""0"", ""buy_8th_pre_bid"": ""-4810"", ""buy_8th_pre_req"": ""5509"", ""buy_8th_pre_req_pre"": ""0"", ""buy_9th_pre_bid"": ""-4805"", ""buy_9th_pre_req"": ""3554"", ""buy_9th_pre_req_pre"": ""0"", ""buy_10th_pre_bid"": ""-4800"", ""buy_10th_pre_req"": ""9349"", ""buy_10th_pre_req_pre"": ""0"", ""tot_sel_req_jub_pre"": ""0"", ""tot_sel_req"": ""4510"", ""tot_buy_req"": ""79723"", ""tot_buy_req_jub_pre"": ""+2066"", ""ovt_sel_req_pre"": ""0"", ""ovt_sel_req"": ""0"", ""ovt_buy_req"": ""0"", ""ovt_buy_req_pre"": ""0"", ""return_code"": 0, ""return_msg"": ""정상적으로 처리되었습니다""}"
2026-06-10,scan_candidate,005930,,0,main_scan,308500,,308500,308000,308500,309000,0.0,0.1620745542949757,,,,,,"{""bid_req_base_tm"": ""105048"", ""sel_10th_pre_req_pre"": ""0"", ""sel_10th_pre_req"": ""15084"", ""sel_10th_pre_bid"": ""-313000"", ""sel_9th_pre_req_pre"": ""0"", ""sel_9th_pre_req"": ""17465"", ""sel_9th_pre_bid"": ""-312500"", ""sel_8th_pre_req_pre"": ""0"", ""sel_8th_pre_req"": ""25464"", ""sel_8th_pre_bid"": ""-312000"", ""sel_7th_pre_req_pre"": ""0"", ""sel_7th_pre_req"": ""12133"", ""sel_7th_pre_bid"": ""-311500"", ""sel_6th_pre_req_pre"": ""0"", ""sel_6th_pre_req"": ""16090"", ""sel_6th_pre_bid"": ""-311000"", ""sel_5th_pre_req_pre"": ""0"", ""sel_5th_pre_req"": ""17818"", ""sel_5th_pre_bid"": ""-310500"", ""sel_4th_pre_req_pre"": ""0"", ""sel_4th_pre_req"": ""32904"", ""sel_4th_pre_bid"": ""-310000"", ""sel_3th_pre_req_pre"": ""0"", ""sel_3th_pre_req"": ""18633"", ""sel_3th_pre_bid"": ""-309500"", ""sel_2th_pre_req_pre"": ""0"", ""sel_2th_pre_req"": ""18493"", ""sel_2th_pre_bid"": ""-309000"", ""sel_1th_pre_req_pre"": ""--1"", ""sel_fpr_req"": ""30869"", ""sel_fpr_bid"": ""-308500"", ""buy_fpr_bid"": ""-308000"", ""buy_fpr_req"": ""15061"", ""buy_1th_pre_req_pre"": ""0"", ""buy_2th_pre_bid"": ""-307500"", ""buy_2th_pre_req"": ""21915"", ""buy_2th_pre_req_pre"": ""0"", ""buy_3th_pre_bid"": ""-307000"", ""buy_3th_pre_req"": ""8725"", ""buy_3th_pre_req_pre"": ""+5"", ""buy_4th_pre_bid"": ""-306500"", ""buy_4th_pre_req"": ""36407"", ""buy_4th_pre_req_pre"": ""0"", ""buy_5th_pre_bid"": ""-306000"", ""buy_5th_pre_req"": ""95261"", ""buy_5th_pre_req_pre"": ""0"", ""buy_6th_pre_bid"": ""-305500"", ""buy_6th_pre_req"": ""107096"", ""buy_6th_pre_req_pre"": ""--1"", ""buy_7th_pre_bid"": ""-305000"", ""buy_7th_pre_req"": ""228966"", ""buy_7th_pre_req_pre"": ""0"", ""buy_8th_pre_bid"": ""-304500"", ""buy_8th_pre_req"": ""31279"", ""buy_8th_pre_req_pre"": ""0"", ""buy_9th_pre_bid"": ""-304000"", ""buy_9th_pre_req"": ""47691"", ""buy_9th_pre_req_pre"": ""0"", ""buy_10th_pre_bid"": ""-303500"", ""buy_10th_pre_req"": ""46288"", ""buy_10th_pre_req_pre"": ""0"", ""tot_sel_req_jub_pre"": ""--1"", ""tot_sel_req"": ""204953"", ""tot_buy_req"": ""638689"", ""tot_buy_req_jub_pre"": ""+4"", ""ovt_sel_req_pre"": ""0"", ""ovt_sel_req"": ""0"", ""ovt_buy_req"": ""0"", ""ovt_buy_req_pre"": ""0"", ""return_code"": 0, ""return_msg"": ""정상적으로 처리되었습니다""}"
2026-06-10,scan_candidate,000660,,0,main_scan,2127000,,2127000,2126000,2127000,2126000,-0.09402914903620122,0.04701457451810061,,,,,,"{""bid_req_base_tm"": ""105048"", ""sel_10th_pre_req_pre"": ""0"", ""sel_10th_pre_req"": ""163"", ""sel_10th_pre_bid"": ""-2136000"", ""sel_9th_pre_req_pre"": ""0"", ""sel_9th_pre_req"": ""311"", ""sel_9th_pre_bid"": ""-2135000"", ""sel_8th_pre_req_pre"": ""0"", ""sel_8th_pre_req"": ""158"", ""sel_8th_pre_bid"": ""-2134000"", ""sel_7th_pre_req_pre"": ""0"", ""sel_7th_pre_req"": ""187"", ""sel_7th_pre_bid"": ""-2133000"", ""sel_6th_pre_req_pre"": ""0"", ""sel_6th_pre_req"": ""141"", ""sel_6th_pre_bid"": ""-2132000"", ""sel_5th_pre_req_pre"": ""0"", ""sel_5th_pre_req"": ""132"", ""sel_5th_pre_bid"": ""-2131000"", ""sel_4th_pre_req_pre"": ""0"", ""sel_4th_pre_req"": ""742"", ""sel_4th_pre_bid"": ""-2130000"", ""sel_3th_pre_req_pre"": ""0"", ""sel_3th_pre_req"": ""137"", ""sel_3th_pre_bid"": ""-2129000"", ""sel_2th_pre_req_pre"": ""0"", ""sel_2th_pre_req"": ""2357"", ""sel_2th_pre_bid"": ""-2128000"", ""sel_1th_pre_req_pre"": ""0"", ""sel_fpr_req"": ""222"", ""sel_fpr_bid"": ""-2127000"", ""buy_fpr_bid"": ""-2126000"", ""buy_fpr_req"": ""171"", ""buy_1th_pre_req_pre"": ""0"", ""buy_2th_pre_bid"": ""-2125000"", ""buy_2th_pre_req"": ""433"", ""buy_2th_pre_req_pre"": ""0"", ""buy_3th_pre_bid"": ""-2124000"", ""buy_3th_pre_req"": ""98"", ""buy_3th_pre_req_pre"": ""0"", ""buy_4th_pre_bid"": ""-2123000"", ""buy_4th_pre_req"": ""112"", ""buy_4th_pre_req_pre"": ""0"", ""buy_5th_pre_bid"": ""-2122000"", ""buy_5th_pre_req"": ""251"", ""buy_5th_pre_req_pre"": ""0"", ""buy_6th_pre_bid"": ""-2121000"", ""buy_6th_pre_req"": ""359"", ""buy_6th_pre_req_pre"": ""0"", ""buy_7th_pre_bid"": ""-2120000"", ""buy_7th_pre_req"": ""458"", ""buy_7th_pre_req_pre"": ""0"", ""buy_8th_pre_bid"": ""-2119000"", ""buy_8th_pre_req"": ""495"", ""buy_8th_pre_req_pre"": ""0"", ""buy_9th_pre_bid"": ""-2118000"", ""buy_9th_pre_req"": ""895"", ""buy_9th_pre_req_pre"": ""0"", ""buy_10th_pre_bid"": ""-2117000"", ""buy_10th_pre_req"": ""1970"", ""buy_10th_pre_req_pre"": ""0"", ""tot_sel_req_jub_pre"": ""0"", ""tot_sel_req"": ""4550"", ""tot_buy_req"": ""5242"", ""tot_buy_req_jub_pre"": ""0"", ""ovt_sel_req_pre"": ""0"", ""ovt_sel_req"": ""0"", ""ovt_buy_req"": ""0"", ""ovt_buy_req_pre"": ""0"", ""return_code"": 0, ""return_msg"": ""정상적으로 처리되었습니다""}"
2026-06-10,scan_candidate,402340,,0,main_scan,1219000,,1219000,1218000,1219000,1217000,-0.2461033634126333,0.08203445447087777,,,,,,"{""bid_req_base_tm"": ""105048"", ""sel_10th_pre_req_pre"": ""0"", ""sel_10th_pre_req"": ""91"", ""sel_10th_pre_bid"": ""-1228000"", ""sel_9th_pre_req_pre"": ""0"", ""sel_9th_pre_req"": ""117"", ""sel_9th_pre_bid"": ""-1227000"", ""sel_8th_pre_req_pre"": ""0"", ""sel_8th_pre_req"": ""11"", ""sel_8th_pre_bid"": ""-1226000"", ""sel_7th_pre_req_pre"": ""0"", ""sel_7th_pre_req"": ""101"", ""sel_7th_pre_bid"": ""-1225000"", ""sel_6th_pre_req_pre"": ""0"", ""sel_6th_pre_req"": ""33"", ""sel_6th_pre_bid"": ""-1224000"", ""sel_5th_pre_req_pre"": ""0"", ""sel_5th_pre_req"": ""39"", ""sel_5th_pre_bid"": ""-1223000"", ""sel_4th_pre_req_pre"": ""0"", ""sel_4th_pre_req"": ""3"", ""sel_4th_pre_bid"": ""-1222000"", ""sel_3th_pre_req_pre"": ""0"", ""sel_3th_pre_req"": ""155"", ""sel_3th_pre_bid"": ""-1221000"", ""sel_2th_pre_req_pre"": ""0"", ""sel_2th_pre_req"": ""296"", ""sel_2th_pre_bid"": ""-1220000"", ""sel_1th_pre_req_pre"": ""0"", ""sel_fpr_req"": ""297"", ""sel_fpr_bid"": ""-1219000"", ""buy_fpr_bid"": ""-1218000"", ""buy_fpr_req"": ""100"", ""buy_1th_pre_req_pre"": ""0"", ""buy_2th_pre_bid"": ""-1217000"", ""buy_2th_pre_req"": ""32"", ""buy_2th_pre_req_pre"": ""0"", ""buy_3th_pre_bid"": ""-1216000"", ""buy_3th_pre_req"": ""21"", ""buy_3th_pre_req_pre"": ""0"", ""buy_4th_pre_bid"": ""-1215000"", ""buy_4th_pre_req"": ""103"", ""buy_4th_pre_req_pre"": ""0"", ""buy_5th_pre_bid"": ""-1214000"", ""buy_5th_pre_req"": ""100"", ""buy_5th_pre_req_pre"": ""0"", ""buy_6th_pre_bid"": ""-1213000"", ""buy_6th_pre_req"": ""114"", ""buy_6th_pre_req_pre"": ""0"", ""buy_7th_pre_bid"": ""-1212000"", ""buy_7th_pre_req"": ""23"", ""buy_7th_pre_req_pre"": ""0"", ""buy_8th_pre_bid"": ""-1211000"", ""buy_8th_pre_req"": ""99"", ""buy_8th_pre_req_pre"": ""0"", ""buy_9th_pre_bid"": ""-1210000"", ""buy_9th_pre_req"": ""198"", ""buy_9th_pre_req_pre"": ""0"", ""buy_10th_pre_bid"": ""-1209000"", ""buy_10th_pre_req"": ""46"", ""buy_10th_pre_req_pre"": ""0"", ""tot_sel_req_jub_pre"": ""0"", ""tot_sel_req"": ""1143"", ""tot_buy_req"": ""836"", ""tot_buy_req_jub_pre"": ""0"", ""ovt_sel_req_pre"": ""0"", ""ovt_sel_req"": ""0"", ""ovt_buy_req"": ""0"", ""ovt_buy_req_pre"": ""0"", ""return_code"": 0, ""return_msg"": ""정상적으로 처리되었습니다""}"
2026-06-10,scan_candidate,009150,,0,main_scan,1903000,,1903000,1902000,1903000,1898000,-0.3152916447714136,0.05254860746190226,,,,,,"{""bid_req_base_tm"": ""105048"", ""sel_10th_pre_req_pre"": ""0"", ""sel_10th_pre_req"": ""58"", ""sel_10th_pre_bid"": ""-1912000"", ""sel_9th_pre_req_pre"": ""0"", ""sel_9th_pre_req"": ""4"", ""sel_9th_pre_bid"": ""-1911000"", ""sel_8th_pre_req_pre"": ""0"", ""sel_8th_pre_req"": ""507"", ""sel_8th_pre_bid"": ""-1910000"", ""sel_7th_pre_req_pre"": ""0"", ""sel_7th_pre_req"": ""35"", ""sel_7th_pre_bid"": ""-1909000"", ""sel_6th_pre_req_pre"": ""0"", ""sel_6th_pre_req"": ""27"", ""sel_6th_pre_bid"": ""-1908000"", ""sel_5th_pre_req_pre"": ""0"", ""sel_5th_pre_req"": ""29"", ""sel_5th_pre_bid"": ""-1907000"", ""sel_4th_pre_req_pre"": ""0"", ""sel_4th_pre_req"": ""9"", ""sel_4th_pre_bid"": ""-1906000"", ""sel_3th_pre_req_pre"": ""0"", ""sel_3th_pre_req"": ""74"", ""sel_3th_pre_bid"": ""-1905000"", ""sel_2th_pre_req_pre"": ""0"", ""sel_2th_pre_req"": ""129"", ""sel_2th_pre_bid"": ""-1904000"", ""sel_1th_pre_req_pre"": ""0"", ""sel_fpr_req"": ""651"", ""sel_fpr_bid"": ""-1903000"", ""buy_fpr_bid"": ""-1902000"", ""buy_fpr_req"": ""38"", ""buy_1th_pre_req_pre"": ""0"", ""buy_2th_pre_bid"": ""-1901000"", ""buy_2th_pre_req"": ""22"", ""buy_2th_pre_req_pre"": ""0"", ""buy_3th_pre_bid"": ""-1900000"", ""buy_3th_pre_req"": ""120"", ""buy_3th_pre_req_pre"": ""0"", ""buy_4th_pre_bid"": ""-1899000"", ""buy_4th_pre_req"": ""122"", ""buy_4th_pre_req_pre"": ""0"", ""buy_5th_pre_bid"": ""-1898000"", ""buy_5th_pre_req"": ""27"", ""buy_5th_pre_req_pre"": ""0"", ""buy_6th_pre_bid"": ""-1897000"", ""buy_6th_pre_req"": ""18"", ""buy_6th_pre_req_pre"": ""0"", ""buy_7th_pre_bid"": ""-1896000"", ""buy_7th_pre_req"": ""36"", ""buy_7th_pre_req_pre"": ""0"", ""buy_8th_pre_bid"": ""-1895000"", ""buy_8th_pre_req"": ""30"", ""buy_8th_pre_req_pre"": ""0"", ""buy_9th_pre_bid"": ""-1894000"", ""buy_9th_pre_req"": ""12"", ""buy_9th_pre_req_pre"": ""0"", ""buy_10th_pre_bid"": ""-1893000"", ""buy_10th_pre_req"": ""10"", ""buy_10th_pre_req_pre"": ""0"", ""tot_sel_req_jub_pre"": ""0"", ""tot_sel_req"": ""1523"", ""tot_buy_req"": ""435"", ""tot_buy_req_jub_pre"": ""0"", ""ovt_sel_req_pre"": ""0"", ""ovt_sel_req"": ""0"", ""ovt_buy_req"": ""0"", ""ovt_buy_req_pre"": ""0"", ""return_code"": 0, ""return_msg"": ""정상적으로 처리되었습니다""}"
2026-06-10,scan_candidate,032830,,0,main_scan,373000,,373000,372500,373000,373000,-0.13404825737265416,0.13404825737265416,,,,,,"{""bid_req_base_tm"": ""105048"", ""sel_10th_pre_req_pre"": ""0"", ""sel_10th_pre_req"": ""19"", ""sel_10th_pre_bid"": ""-377500"", ""sel_9th_pre_req_pre"": ""0"", ""sel_9th_pre_req"": ""39"", ""sel_9th_pre_bid"": ""-377000"", ""sel_8th_pre_req_pre"": ""0"", ""sel_8th_pre_req"": ""150"", ""sel_8th_pre_bid"": ""-376500"", ""sel_7th_pre_req_pre"": ""0"", ""sel_7th_pre_req"": ""27"", ""sel_7th_pre_bid"": ""-376000"", ""sel_6th_pre_req_pre"": ""0"", ""sel_6th_pre_req"": ""7"", ""sel_6th_pre_bid"": ""-375500"", ""sel_5th_pre_req_pre"": ""0"", ""sel_5th_pre_req"": ""29"", ""sel_5th_pre_bid"": ""-375000"", ""sel_4th_pre_req_pre"": ""0"", ""sel_4th_pre_req"": ""10"", ""sel_4th_pre_bid"": ""-374500"", ""sel_3th_pre_req_pre"": ""0"", ""sel_3th_pre_req"": ""18"", ""sel_3th_pre_bid"": ""-374000"", ""sel_2th_pre_req_pre"": ""0"", ""sel_2th_pre_req"": ""497"", ""sel_2th_pre_bid"": ""-373500"", ""sel_1th_pre_req_pre"": ""0"", ""sel_fpr_req"": ""397"", ""sel_fpr_bid"": ""-373000"", ""buy_fpr_bid"": ""-372500"", ""buy_fpr_req"": ""118"", ""buy_1th_pre_req_pre"": ""+16"", ""buy_2th_pre_bid"": ""-372000"", ""buy_2th_pre_req"": ""98"", ""buy_2th_pre_req_pre"": ""0"", ""buy_3th_pre_bid"": ""-371500"", ""buy_3th_pre_req"": ""115"", ""buy_3th_pre_req_pre"": ""0"", ""buy_4th_pre_bid"": ""-371000"", ""buy_4th_pre_req"": ""91"", ""buy_4th_pre_req_pre"": ""0"", ""buy_5th_pre_bid"": ""-370500"", ""buy_5th_pre_req"": ""124"", ""buy_5th_pre_req_pre"": ""0"", ""buy_6th_pre_bid"": ""-370000"", ""buy_6th_pre_req"": ""289"", ""buy_6th_pre_req_pre"": ""0"", ""buy_7th_pre_bid"": ""-369500"", ""buy_7th_pre_req"": ""148"", ""buy_7th_pre_req_pre"": ""0"", ""buy_8th_pre_bid"": ""-369000"", ""buy_8th_pre_req"": ""129"", ""buy_8th_pre_req_pre"": ""0"", ""buy_9th_pre_bid"": ""-368500"", ""buy_9th_pre_req"": ""147"", ""buy_9th_pre_req_pre"": ""0"", ""buy_10th_pre_bid"": ""-368000"", ""buy_10th_pre_req"": ""364"", ""buy_10th_pre_req_pre"": ""0"", ""tot_sel_req_jub_pre"": ""0"", ""tot_sel_req"": ""1193"", ""tot_buy_req"": ""1623"", ""tot_buy_req_jub_pre"": ""+16"", ""ovt_sel_req_pre"": ""0"", ""ovt_sel_req"": ""0"", ""ovt_buy_req"": ""0"", ""ovt_buy_req_pre"": ""0"", ""return_code"": 0, ""return_msg"": ""정상적으로 처리되었습니다""}"
2026-06-10,scan_candidate,012330,,0,main_scan,583000,,583000,582000,583000,584000,0.0,0.17152658662092624,,,,,,"{""bid_req_base_tm"": ""105049"", ""sel_10th_pre_req_pre"": ""0"", ""sel_10th_pre_req"": ""85"", ""sel_10th_pre_bid"": ""-592000"", ""sel_9th_pre_req_pre"": ""0"", ""sel_9th_pre_req"": ""350"", ""sel_9th_pre_bid"": ""-591000"", ""sel_8th_pre_req_pre"": ""0"", ""sel_8th_pre_req"": ""449"", ""sel_8th_pre_bid"": ""-590000"", ""sel_7th_pre_req_pre"": ""0"", ""sel_7th_pre_req"": ""327"", ""sel_7th_pre_bid"": ""-589000"", ""sel_6th_pre_req_pre"": ""0"", ""sel_6th_pre_req"": ""171"", ""sel_6th_pre_bid"": ""-588000"", ""sel_5th_pre_req_pre"": ""0"", ""sel_5th_pre_req"": ""320"", ""sel_5th_pre_bid"": ""-587000"", ""sel_4th_pre_req_pre"": ""0"", ""sel_4th_pre_req"": ""208"", ""sel_4th_pre_bid"": ""-586000"", ""sel_3th_pre_req_pre"": ""0"", ""sel_3th_pre_req"": ""100"", ""sel_3th_pre_bid"": ""-585000"", ""sel_2th_pre_req_pre"": ""0"", ""sel_2th_pre_req"": ""195"", ""sel_2th_pre_bid"": ""-584000"", ""sel_1th_pre_req_pre"": ""0"", ""sel_fpr_req"": ""511"", ""sel_fpr_bid"": ""-583000"", ""buy_fpr_bid"": ""-582000"", ""buy_fpr_req"": ""49"", ""buy_1th_pre_req_pre"": ""--3"", ""buy_2th_pre_bid"": ""-581000"", ""buy_2th_pre_req"": ""5"", ""buy_2th_pre_req_pre"": ""0"", ""buy_3th_pre_bid"": ""-580000"", ""buy_3th_pre_req"": ""805"", ""buy_3th_pre_req_pre"": ""0"", ""buy_4th_pre_bid"": ""-579000"", ""buy_4th_pre_req"": ""599"", ""buy_4th_pre_req_pre"": ""0"", ""buy_5th_pre_bid"": ""-578000"", ""buy_5th_pre_req"": ""563"", ""buy_5th_pre_req_pre"": ""0"", ""buy_6th_pre_bid"": ""-577000"", ""buy_6th_pre_req"": ""886"", ""buy_6th_pre_req_pre"": ""0"", ""buy_7th_pre_bid"": ""-576000"", ""buy_7th_pre_req"": ""968"", ""buy_7th_pre_req_pre"": ""0"", ""buy_8th_pre_bid"": ""-575000"", ""buy_8th_pre_req"": ""2018"", ""buy_8th_pre_req_pre"": ""0"", ""buy_9th_pre_bid"": ""-574000"", ""buy_9th_pre_req"": ""622"", ""buy_9th_pre_req_pre"": ""0"", ""buy_10th_pre_bid"": ""-573000"", ""buy_10th_pre_req"": ""1005"", ""buy_10th_pre_req_pre"": ""0"", ""tot_sel_req_jub_pre"": ""0"", ""tot_sel_req"": ""2716"", ""tot_buy_req"": ""7520"", ""tot_buy_req_jub_pre"": ""--3"", ""ovt_sel_req_pre"": ""0"", ""ovt_sel_req"": ""0"", ""ovt_buy_req"": ""0"", ""ovt_buy_req_pre"": ""0"", ""return_code"": 0, ""return_msg"": ""정상적으로 처리되었습니다""}"
2026-06-10,scan_candidate,055550,,0,main_scan,99200,,99200,99100,99200,99200,-0.10080645161290322,0.10080645161290322,,,,,,"{""bid_req_base_tm"": ""105048"", ""sel_10th_pre_req_pre"": ""0"", ""sel_10th_pre_req"": ""294"", ""sel_10th_pre_bid"": ""-100100"", ""sel_9th_pre_req_pre"": ""0"", ""sel_9th_pre_req"": ""225"", ""sel_9th_pre_bid"": ""-100000"", ""sel_8th_pre_req_pre"": ""0"", ""sel_8th_pre_req"": ""260"", ""sel_8th_pre_bid"": ""-99900"", ""sel_7th_pre_req_pre"": ""0"", ""sel_7th_pre_req"": ""322"", ""sel_7th_pre_bid"": ""-99800"", ""sel_6th_pre_req_pre"": ""0"", ""sel_6th_pre_req"": ""2"", ""sel_6th_pre_bid"": ""-99700"", ""sel_5th_pre_req_pre"": ""0"", ""sel_5th_pre_req"": ""44"", ""sel_5th_pre_bid"": ""-99600"", ""sel_4th_pre_req_pre"": ""0"", ""sel_4th_pre_req"": ""723"", ""sel_4th_pre_bid"": ""-99500"", ""sel_3th_pre_req_pre"": ""--108"", ""sel_3th_pre_req"": ""347"", ""sel_3th_pre_bid"": ""-99400"", ""sel_2th_pre_req_pre"": ""+3"", ""sel_2th_pre_req"": ""2034"", ""sel_2th_pre_bid"": ""-99300"", ""sel_1th_pre_req_pre"": ""0"", ""sel_fpr_req"": ""1784"", ""sel_fpr_bid"": ""-99200"", ""buy_fpr_bid"": ""-99100"", ""buy_fpr_req"": ""1365"", ""buy_1th_pre_req_pre"": ""0"", ""buy_2th_pre_bid"": ""-99000"", ""buy_2th_pre_req"": ""500"", ""buy_2th_pre_req_pre"": ""0"", ""buy_3th_pre_bid"": ""-98900"", ""buy_3th_pre_req"": ""399"", ""buy_3th_pre_req_pre"": ""0"", ""buy_4th_pre_bid"": ""-98800"", ""buy_4th_pre_req"": ""1251"", ""buy_4th_pre_req_pre"": ""0"", ""buy_5th_pre_bid"": ""-98700"", ""buy_5th_pre_req"": ""994"", ""buy_5th_pre_req_pre"": ""0"", ""buy_6th_pre_bid"": ""-98600"", ""buy_6th_pre_req"": ""364"", ""buy_6th_pre_req_pre"": ""0"", ""buy_7th_pre_bid"": ""-98500"", ""buy_7th_pre_req"": ""191"", ""buy_7th_pre_req_pre"": ""0"", ""buy_8th_pre_bid"": ""-98400"", ""buy_8th_pre_req"": ""1064"", ""buy_8th_pre_req_pre"": ""0"", ""buy_9th_pre_bid"": ""-98300"", ""buy_9th_pre_req"": ""85"", ""buy_9th_pre_req_pre"": ""0"", ""buy_10th_pre_bid"": ""-98200"", ""buy_10th_pre_req"": ""1252"", ""buy_10th_pre_req_pre"": ""0"", ""tot_sel_req_jub_pre"": ""--105"", ""tot_sel_req"": ""6035"", ""tot_buy_req"": ""7465"", ""tot_buy_req_jub_pre"": ""0"", ""ovt_sel_req_pre"": ""0"", ""ovt_sel_req"": ""0"", ""ovt_buy_req"": ""0"", ""ovt_buy_req_pre"": ""0"", ""return_code"": 0, ""return_msg"": ""정상적으로 처리되었습니다""}"
2026-06-10,scan_candidate,034730,,0,main_scan,590000,,590000,589000,590000,587000,-0.6779661016949152,0.1694915254237288,,,,,,"{""bid_req_base_tm"": ""105047"", ""sel_10th_pre_req_pre"": ""0"", ""sel_10th_pre_req"": ""332"", ""sel_10th_pre_bid"": ""+599000"", ""sel_9th_pre_req_pre"": ""0"", ""sel_9th_pre_req"": ""139"", ""sel_9th_pre_bid"": ""+598000"", ""sel_8th_pre_req_pre"": ""0"", ""sel_8th_pre_req"": ""120"", ""sel_8th_pre_bid"": ""+597000"", ""sel_7th_pre_req_pre"": ""0"", ""sel_7th_pre_req"": ""401"", ""sel_7th_pre_bid"": ""+596000"", ""sel_6th_pre_req_pre"": ""0"", ""sel_6th_pre_req"": ""277"", ""sel_6th_pre_bid"": ""+595000"", ""sel_5th_pre_req_pre"": ""0"", ""sel_5th_pre_req"": ""388"", ""sel_5th_pre_bid"": ""594000"", ""sel_4th_pre_req_pre"": ""0"", ""sel_4th_pre_req"": ""296"", ""sel_4th_pre_bid"": ""-593000"", ""sel_3th_pre_req_pre"": ""0"", ""sel_3th_pre_req"": ""50"", ""sel_3th_pre_bid"": ""-592000"", ""sel_2th_pre_req_pre"": ""0"", ""sel_2th_pre_req"": ""34"", ""sel_2th_pre_bid"": ""-591000"", ""sel_1th_pre_req_pre"": ""--5"", ""sel_fpr_req"": ""276"", ""sel_fpr_bid"": ""-590000"", ""buy_fpr_bid"": ""-589000"", ""buy_fpr_req"": ""73"", ""buy_1th_pre_req_pre"": ""0"", ""buy_2th_pre_bid"": ""-588000"", ""buy_2th_pre_req"": ""153"", ""buy_2th_pre_req_pre"": ""0"", ""buy_3th_pre_bid"": ""-587000"", ""buy_3th_pre_req"": ""125"", ""buy_3th_pre_req_pre"": ""0"", ""buy_4th_pre_bid"": ""-586000"", ""buy_4th_pre_req"": ""254"", ""buy_4th_pre_req_pre"": ""0"", ""buy_5th_pre_bid"": ""-585000"", ""buy_5th_pre_req"": ""172"", ""buy_5th_pre_req_pre"": ""0"", ""buy_6th_pre_bid"": ""-584000"", ""buy_6th_pre_req"": ""28"", ""buy_6th_pre_req_pre"": ""0"", ""buy_7th_pre_bid"": ""-583000"", ""buy_7th_pre_req"": ""13"", ""buy_7th_pre_req_pre"": ""0"", ""buy_8th_pre_bid"": ""-582000"", ""buy_8th_pre_req"": ""77"", ""buy_8th_pre_req_pre"": ""0"", ""buy_9th_pre_bid"": ""-581000"", ""buy_9th_pre_req"": ""116"", ""buy_9th_pre_req_pre"": ""0"", ""buy_10th_pre_bid"": ""-580000"", ""buy_10th_pre_req"": ""115"", ""buy_10th_pre_req_pre"": ""0"", ""tot_sel_req_jub_pre"": ""--5"", ""tot_sel_req"": ""2313"", ""tot_buy_req"": ""1126"", ""tot_buy_req_jub_pre"": ""0"", ""ovt_sel_req_pre"": ""0"", ""ovt_sel_req"": ""0"", ""ovt_buy_req"": ""0"", ""ovt_buy_req_pre"": ""0"", ""return_code"": 0, ""return_msg"": ""정상적으로 처리되었습니다""}"
2026-06-10,scan_candidate,066570,,0,main_scan,233500,,233500,233000,233500,234000,0.0,0.21413276231263384,,,,,,"{""bid_req_base_tm"": ""105049"", ""sel_10th_pre_req_pre"": ""0"", ""sel_10th_pre_req"": ""4017"", ""sel_10th_pre_bid"": ""-238000"", ""sel_9th_pre_req_pre"": ""0"", ""sel_9th_pre_req"": ""1860"", ""sel_9th_pre_bid"": ""-237500"", ""sel_8th_pre_req_pre"": ""0"", ""sel_8th_pre_req"": ""1478"", ""sel_8th_pre_bid"": ""-237000"", ""sel_7th_pre_req_pre"": ""0"", ""sel_7th_pre_req"": ""1356"", ""sel_7th_pre_bid"": ""-236500"", ""sel_6th_pre_req_pre"": ""0"", ""sel_6th_pre_req"": ""3099"", ""sel_6th_pre_bid"": ""-236000"", ""sel_5th_pre_req_pre"": ""0"", ""sel_5th_pre_req"": ""2047"", ""sel_5th_pre_bid"": ""-235500"", ""sel_4th_pre_req_pre"": ""0"", ""sel_4th_pre_req"": ""3784"", ""sel_4th_pre_bid"": ""-235000"", ""sel_3th_pre_req_pre"": ""0"", ""sel_3th_pre_req"": ""2468"", ""sel_3th_pre_bid"": ""-234500"", ""sel_2th_pre_req_pre"": ""0"", ""sel_2th_pre_req"": ""3688"", ""sel_2th_pre_bid"": ""-234000"", ""sel_1th_pre_req_pre"": ""0"", ""sel_fpr_req"": ""3218"", ""sel_fpr_bid"": ""-233500"", ""buy_fpr_bid"": ""-233000"", ""buy_fpr_req"": ""2567"", ""buy_1th_pre_req_pre"": ""--3"", ""buy_2th_pre_bid"": ""-232500"", ""buy_2th_pre_req"": ""2221"", ""buy_2th_pre_req_pre"": ""0"", ""buy_3th_pre_bid"": ""-232000"", ""buy_3th_pre_req"": ""4407"", ""buy_3th_pre_req_pre"": ""0"", ""buy_4th_pre_bid"": ""-231500"", ""buy_4th_pre_req"": ""7025"", ""buy_4th_pre_req_pre"": ""0"", ""buy_5th_pre_bid"": ""-231000"", ""buy_5th_pre_req"": ""10403"", ""buy_5th_pre_req_pre"": ""0"", ""buy_6th_pre_bid"": ""-230500"", ""buy_6th_pre_req"": ""17168"", ""buy_6th_pre_req_pre"": ""0"", ""buy_7th_pre_bid"": ""-230000"", ""buy_7th_pre_req"": ""41729"", ""buy_7th_pre_req_pre"": ""0"", ""buy_8th_pre_bid"": ""-229500"", ""buy_8th_pre_req"": ""5671"", ""buy_8th_pre_req_pre"": ""0"", ""buy_9th_pre_bid"": ""-229000"", ""buy_9th_pre_req"": ""7861"", ""buy_9th_pre_req_pre"": ""0"", ""buy_10th_pre_bid"": ""-228500"", ""buy_10th_pre_req"": ""6487"", ""buy_10th_pre_req_pre"": ""0"", ""tot_sel_req_jub_pre"": ""0"", ""tot_sel_req"": ""27015"", ""tot_buy_req"": ""105539"", ""tot_buy_req_jub_pre"": ""--3"", ""ovt_sel_req_pre"": ""0"", ""ovt_sel_req"": ""0"", ""ovt_buy_req"": ""0"", ""ovt_buy_req_pre"": ""0"", ""return_code"": 0, ""return_msg"": ""정상적으로 처리되었습니다""}"
2026-06-10,scan_candidate,035420,,0,main_scan,235500,,235500,235000,235500,237000,0.42462845010615713,0.21231422505307856,,,,,,"{""bid_req_base_tm"": ""105049"", ""sel_10th_pre_req_pre"": ""0"", ""sel_10th_pre_req"": ""4857"", ""sel_10th_pre_bid"": ""-240000"", ""sel_9th_pre_req_pre"": ""0"", ""sel_9th_pre_req"": ""3367"", ""sel_9th_pre_bid"": ""-239500"", ""sel_8th_pre_req_pre"": ""0"", ""sel_8th_pre_req"": ""2937"", ""sel_8th_pre_bid"": ""-239000"", ""sel_7th_pre_req_pre"": ""0"", ""sel_7th_pre_req"": ""1642"", ""sel_7th_pre_bid"": ""-238500"", ""sel_6th_pre_req_pre"": ""0"", ""sel_6th_pre_req"": ""2820"", ""sel_6th_pre_bid"": ""-238000"", ""sel_5th_pre_req_pre"": ""0"", ""sel_5th_pre_req"": ""4546"", ""sel_5th_pre_bid"": ""-237500"", ""sel_4th_pre_req_pre"": ""0"", ""sel_4th_pre_req"": ""2093"", ""sel_4th_pre_bid"": ""-237000"", ""sel_3th_pre_req_pre"": ""0"", ""sel_3th_pre_req"": ""4149"", ""sel_3th_pre_bid"": ""-236500"", ""sel_2th_pre_req_pre"": ""0"", ""sel_2th_pre_req"": ""5079"", ""sel_2th_pre_bid"": ""-236000"", ""sel_1th_pre_req_pre"": ""+17"", ""sel_fpr_req"": ""2757"", ""sel_fpr_bid"": ""-235500"", ""buy_fpr_bid"": ""-235000"", ""buy_fpr_req"": ""31468"", ""buy_1th_pre_req_pre"": ""0"", ""buy_2th_pre_bid"": ""-234500"", ""buy_2th_pre_req"": ""55676"", ""buy_2th_pre_req_pre"": ""0"", ""buy_3th_pre_bid"": ""-234000"", ""buy_3th_pre_req"": ""9775"", ""buy_3th_pre_req_pre"": ""0"", ""buy_4th_pre_bid"": ""-233500"", ""buy_4th_pre_req"": ""6743"", ""buy_4th_pre_req_pre"": ""0"", ""buy_5th_pre_bid"": ""-233000"", ""buy_5th_pre_req"": ""14125"", ""buy_5th_pre_req_pre"": ""0"", ""buy_6th_pre_bid"": ""-232500"", ""buy_6th_pre_req"": ""7462"", ""buy_6th_pre_req_pre"": ""0"", ""buy_7th_pre_bid"": ""-232000"", ""buy_7th_pre_req"": ""11149"", ""buy_7th_pre_req_pre"": ""0"", ""buy_8th_pre_bid"": ""-231500"", ""buy_8th_pre_req"": ""9298"", ""buy_8th_pre_req_pre"": ""0"", ""buy_9th_pre_bid"": ""-231000"", ""buy_9th_pre_req"": ""15102"", ""buy_9th_pre_req_pre"": ""0"", ""buy_10th_pre_bid"": ""-230500"", ""buy_10th_pre_req"": ""10252"", ""buy_10th_pre_req_pre"": ""0"", ""tot_sel_req_jub_pre"": ""+17"", ""tot_sel_req"": ""34247"", ""tot_buy_req"": ""171050"", ""tot_buy_req_jub_pre"": ""0"", ""ovt_sel_req_pre"": ""0"", ""ovt_sel_req"": ""0"", ""ovt_buy_req"": ""0"", ""ovt_buy_req_pre"": ""0"", ""return_code"": 0, ""return_msg"": ""정상적으로 처리되었습니다""}"
2026-06-10,scan_candidate,267260,,0,main_scan,1023000,,1023000,1022000,1023000,1021000,-0.2932551319648094,0.09775171065493646,,,,,,"{""bid_req_base_tm"": ""105049"", ""sel_10th_pre_req_pre"": ""0"", ""sel_10th_pre_req"": ""122"", ""sel_10th_pre_bid"": ""+1032000"", ""sel_9th_pre_req_pre"": ""0"", ""sel_9th_pre_req"": ""39"", ""sel_9th_pre_bid"": ""+1031000"", ""sel_8th_pre_req_pre"": ""0"", ""sel_8th_pre_req"": ""99"", ""sel_8th_pre_bid"": ""+1030000"", ""sel_7th_pre_req_pre"": ""0"", ""sel_7th_pre_req"": ""51"", ""sel_7th_pre_bid"": ""+1029000"", ""sel_6th_pre_req_pre"": ""0"", ""sel_6th_pre_req"": ""35"", ""sel_6th_pre_bid"": ""+1028000"", ""sel_5th_pre_req_pre"": ""0"", ""sel_5th_pre_req"": ""1"", ""sel_5th_pre_bid"": ""+1027000"", ""sel_4th_pre_req_pre"": ""0"", ""sel_4th_pre_req"": ""10"", ""sel_4th_pre_bid"": ""+1026000"", ""sel_3th_pre_req_pre"": ""0"", ""sel_3th_pre_req"": ""13"", ""sel_3th_pre_bid"": ""+1025000"", ""sel_2th_pre_req_pre"": ""0"", ""sel_2th_pre_req"": ""264"", ""sel_2th_pre_bid"": ""+1024000"", ""sel_1th_pre_req_pre"": ""+5"", ""sel_fpr_req"": ""51"", ""sel_fpr_bid"": ""+1023000"", ""buy_fpr_bid"": ""+1022000"", ""buy_fpr_req"": ""111"", ""buy_1th_pre_req_pre"": ""0"", ""buy_2th_pre_bid"": ""+1021000"", ""buy_2th_pre_req"": ""28"", ""buy_2th_pre_req_pre"": ""0"", ""buy_3th_pre_bid"": ""+1020000"", ""buy_3th_pre_req"": ""172"", ""buy_3th_pre_req_pre"": ""0"", ""buy_4th_pre_bid"": ""+1019000"", ""buy_4th_pre_req"": ""18"", ""buy_4th_pre_req_pre"": ""0"", ""buy_5th_pre_bid"": ""+1018000"", ""buy_5th_pre_req"": ""4"", ""buy_5th_pre_req_pre"": ""0"", ""buy_6th_pre_bid"": ""+1016000"", ""buy_6th_pre_req"": ""6"", ""buy_6th_pre_req_pre"": ""0"", ""buy_7th_pre_bid"": ""+1015000"", ""buy_7th_pre_req"": ""14"", ""buy_7th_pre_req_pre"": ""0"", ""buy_8th_pre_bid"": ""+1014000"", ""buy_8th_pre_req"": ""110"", ""buy_8th_pre_req_pre"": ""0"", ""buy_9th_pre_bid"": ""+1013000"", ""buy_9th_pre_req"": ""32"", ""buy_9th_pre_req_pre"": ""0"", ""buy_10th_pre_bid"": ""+1012000"", ""buy_10th_pre_req"": ""34"", ""buy_10th_pre_req_pre"": ""0"", ""tot_sel_req_jub_pre"": ""+5"", ""tot_sel_req"": ""685"", ""tot_buy_req"": ""529"", ""tot_buy_req_jub_pre"": ""0"", ""ovt_sel_req_pre"": ""0"", ""ovt_sel_req"": ""0"", ""ovt_buy_req"": ""0"", ""ovt_buy_req_pre"": ""0"", ""return_code"": 0, ""return_msg"": ""정상적으로 처리되었습니다""}"
2026-06-10,scan_candidate,086790,,0,main_scan,119100,,119100,119000,119100,119000,-0.5037783375314862,0.08396305625524769,,,,,,"{""bid_req_base_tm"": ""105049"", ""sel_10th_pre_req_pre"": ""0"", ""sel_10th_pre_req"": ""586"", ""sel_10th_pre_bid"": ""+120000"", ""sel_9th_pre_req_pre"": ""0"", ""sel_9th_pre_req"": ""676"", ""sel_9th_pre_bid"": ""+119900"", ""sel_8th_pre_req_pre"": ""0"", ""sel_8th_pre_req"": ""24"", ""sel_8th_pre_bid"": ""+119800"", ""sel_7th_pre_req_pre"": ""0"", ""sel_7th_pre_req"": ""50"", ""sel_7th_pre_bid"": ""+119700"", ""sel_6th_pre_req_pre"": ""0"", ""sel_6th_pre_req"": ""182"", ""sel_6th_pre_bid"": ""+119600"", ""sel_5th_pre_req_pre"": ""0"", ""sel_5th_pre_req"": ""77"", ""sel_5th_pre_bid"": ""+119500"", ""sel_4th_pre_req_pre"": ""0"", ""sel_4th_pre_req"": ""251"", ""sel_4th_pre_bid"": ""+119400"", ""sel_3th_pre_req_pre"": ""+1"", ""sel_3th_pre_req"": ""601"", ""sel_3th_pre_bid"": ""+119300"", ""sel_2th_pre_req_pre"": ""0"", ""sel_2th_pre_req"": ""118"", ""sel_2th_pre_bid"": ""+119200"", ""sel_1th_pre_req_pre"": ""0"", ""sel_fpr_req"": ""393"", ""sel_fpr_bid"": ""+119100"", ""buy_fpr_bid"": ""119000"", ""buy_fpr_req"": ""371"", ""buy_1th_pre_req_pre"": ""0"", ""buy_2th_pre_bid"": ""-118800"", ""buy_2th_pre_req"": ""20"", ""buy_2th_pre_req_pre"": ""0"", ""buy_3th_pre_bid"": ""-118600"", ""buy_3th_pre_req"": ""255"", ""buy_3th_pre_req_pre"": ""0"", ""buy_4th_pre_bid"": ""-118500"", ""buy_4th_pre_req"": ""63"", ""buy_4th_pre_req_pre"": ""0"", ""buy_5th_pre_bid"": ""-118400"", ""buy_5th_pre_req"": ""663"", ""buy_5th_pre_req_pre"": ""0"", ""buy_6th_pre_bid"": ""-118300"", ""buy_6th_pre_req"": ""110"", ""buy_6th_pre_req_pre"": ""0"", ""buy_7th_pre_bid"": ""-118200"", ""buy_7th_pre_req"": ""1159"", ""buy_7th_pre_req_pre"": ""0"", ""buy_8th_pre_bid"": ""-118100"", ""buy_8th_pre_req"": ""205"", ""buy_8th_pre_req_pre"": ""0"", ""buy_9th_pre_bid"": ""-118000"", ""buy_9th_pre_req"": ""317"", ""buy_9th_pre_req_pre"": ""0"", ""buy_10th_pre_bid"": ""-117900"", ""buy_10th_pre_req"": ""33"", ""buy_10th_pre_req_pre"": ""0"", ""tot_sel_req_jub_pre"": ""+1"", ""tot_sel_req"": ""2958"", ""tot_buy_req"": ""3196"", ""tot_buy_req_jub_pre"": ""0"", ""ovt_sel_req_pre"": ""0"", ""ovt_sel_req"": ""0"", ""ovt_buy_req"": ""0"", ""ovt_buy_req_pre"": ""0"", ""return_code"": 0, ""return_msg"": ""정상적으로 처리되었습니다""}"
2026-06-10,scan_candidate,000810,,0,main_scan,619000,,619000,617000,619000,618000,-0.32310177705977383,0.32310177705977383,,,,,,"{""bid_req_base_tm"": ""105049"", ""sel_10th_pre_req_pre"": ""0"", ""sel_10th_pre_req"": ""43"", ""sel_10th_pre_bid"": ""-628000"", ""sel_9th_pre_req_pre"": ""0"", ""sel_9th_pre_req"": ""22"", ""sel_9th_pre_bid"": ""-627000"", ""sel_8th_pre_req_pre"": ""0"", ""sel_8th_pre_req"": ""23"", ""sel_8th_pre_bid"": ""-626000"", ""sel_7th_pre_req_pre"": ""0"", ""sel_7th_pre_req"": ""7"", ""sel_7th_pre_bid"": ""-625000"", ""sel_6th_pre_req_pre"": ""0"", ""sel_6th_pre_req"": ""18"", ""sel_6th_pre_bid"": ""-624000"", ""sel_5th_pre_req_pre"": ""0"", ""sel_5th_pre_req"": ""315"", ""sel_5th_pre_bid"": ""-623000"", ""sel_4th_pre_req_pre"": ""0"", ""sel_4th_pre_req"": ""131"", ""sel_4th_pre_bid"": ""-622000"", ""sel_3th_pre_req_pre"": ""0"", ""sel_3th_pre_req"": ""163"", ""sel_3th_pre_bid"": ""-621000"", ""sel_2th_pre_req_pre"": ""0"", ""sel_2th_pre_req"": ""125"", ""sel_2th_pre_bid"": ""-620000"", ""sel_1th_pre_req_pre"": ""+1"", ""sel_fpr_req"": ""168"", ""sel_fpr_bid"": ""-619000"", ""buy_fpr_bid"": ""-617000"", ""buy_fpr_req"": ""396"", ""buy_1th_pre_req_pre"": ""0"", ""buy_2th_pre_bid"": ""-616000"", ""buy_2th_pre_req"": ""35"", ""buy_2th_pre_req_pre"": ""0"", ""buy_3th_pre_bid"": ""-615000"", ""buy_3th_pre_req"": ""348"", ""buy_3th_pre_req_pre"": ""0"", ""buy_4th_pre_bid"": ""-614000"", ""buy_4th_pre_req"": ""100"", ""buy_4th_pre_req_pre"": ""0"", ""buy_5th_pre_bid"": ""-613000"", ""buy_5th_pre_req"": ""26"", ""buy_5th_pre_req_pre"": ""0"", ""buy_6th_pre_bid"": ""-612000"", ""buy_6th_pre_req"": ""9"", ""buy_6th_pre_req_pre"": ""0"", ""buy_7th_pre_bid"": ""-611000"", ""buy_7th_pre_req"": ""26"", ""buy_7th_pre_req_pre"": ""0"", ""buy_8th_pre_bid"": ""-610000"", ""buy_8th_pre_req"": ""70"", ""buy_8th_pre_req_pre"": ""0"", ""buy_9th_pre_bid"": ""-609000"", ""buy_9th_pre_req"": ""14"", ""buy_9th_pre_req_pre"": ""0"", ""buy_10th_pre_bid"": ""-608000"", ""buy_10th_pre_req"": ""8"", ""buy_10th_pre_req_pre"": ""0"", ""tot_sel_req_jub_pre"": ""+1"", ""tot_sel_req"": ""1015"", ""tot_buy_req"": ""1032"", ""tot_buy_req_jub_pre"": ""0"", ""ovt_sel_req_pre"": ""0"", ""ovt_sel_req"": ""0"", ""ovt_buy_req"": ""0"", ""ovt_buy_req_pre"": ""0"", ""return_code"": 0, ""return_msg"": ""정상적으로 처리되었습니다""}"
2026-06-10,scan_candidate,011070,,0,main_scan,1105000,,1105000,1104000,1105000,1104000,-0.18099547511312217,0.09049773755656108,,,,,,"{""bid_req_base_tm"": ""105050"", ""sel_10th_pre_req_pre"": ""0"", ""sel_10th_pre_req"": ""140"", ""sel_10th_pre_bid"": ""-1114000"", ""sel_9th_pre_req_pre"": ""0"", ""sel_9th_pre_req"": ""51"", ""sel_9th_pre_bid"": ""-1113000"", ""sel_8th_pre_req_pre"": ""0"", ""sel_8th_pre_req"": ""83"", ""sel_8th_pre_bid"": ""-1112000"", ""sel_7th_pre_req_pre"": ""0"", ""sel_7th_pre_req"": ""35"", ""sel_7th_pre_bid"": ""-1111000"", ""sel_6th_pre_req_pre"": ""0"", ""sel_6th_pre_req"": ""194"", ""sel_6th_pre_bid"": ""-1110000"", ""sel_5th_pre_req_pre"": ""0"", ""sel_5th_pre_req"": ""189"", ""sel_5th_pre_bid"": ""-1109000"", ""sel_4th_pre_req_pre"": ""0"", ""sel_4th_pre_req"": ""66"", ""sel_4th_pre_bid"": ""-1108000"", ""sel_3th_pre_req_pre"": ""0"", ""sel_3th_pre_req"": ""111"", ""sel_3th_pre_bid"": ""-1107000"", ""sel_2th_pre_req_pre"": ""0"", ""sel_2th_pre_req"": ""77"", ""sel_2th_pre_bid"": ""-1106000"", ""sel_1th_pre_req_pre"": ""--1"", ""sel_fpr_req"": ""24"", ""sel_fpr_bid"": ""-1105000"", ""buy_fpr_bid"": ""-1104000"", ""buy_fpr_req"": ""33"", ""buy_1th_pre_req_pre"": ""--1"", ""buy_2th_pre_bid"": ""-1103000"", ""buy_2th_pre_req"": ""39"", ""buy_2th_pre_req_pre"": ""0"", ""buy_3th_pre_bid"": ""-1102000"", ""buy_3th_pre_req"": ""689"", ""buy_3th_pre_req_pre"": ""0"", ""buy_4th_pre_bid"": ""-1101000"", ""buy_4th_pre_req"": ""43"", ""buy_4th_pre_req_pre"": ""0"", ""buy_5th_pre_bid"": ""-1100000"", ""buy_5th_pre_req"": ""27"", ""buy_5th_pre_req_pre"": ""0"", ""buy_6th_pre_bid"": ""-1099000"", ""buy_6th_pre_req"": ""2"", ""buy_6th_pre_req_pre"": ""0"", ""buy_7th_pre_bid"": ""-1098000"", ""buy_7th_pre_req"": ""12"", ""buy_7th_pre_req_pre"": ""0"", ""buy_8th_pre_bid"": ""-1097000"", ""buy_8th_pre_req"": ""11"", ""buy_8th_pre_req_pre"": ""0"", ""buy_9th_pre_bid"": ""-1096000"", ""buy_9th_pre_req"": ""12"", ""buy_9th_pre_req_pre"": ""0"", ""buy_10th_pre_bid"": ""-1095000"", ""buy_10th_pre_req"": ""4"", ""buy_10th_pre_req_pre"": ""0"", ""tot_sel_req_jub_pre"": ""--1"", ""tot_sel_req"": ""970"", ""tot_buy_req"": ""872"", ""tot_buy_req_jub_pre"": ""--1"", ""ovt_sel_req_pre"": ""0"", ""ovt_sel_req"": ""0"", ""ovt_buy_req"": ""0"", ""ovt_buy_req_pre"": ""0"", ""return_code"": 0, ""return_msg"": ""정상적으로 처리되었습니다""}"
2026-06-10,scan_candidate,042700,,0,main_scan,286500,,286500,286000,286500,285500,-0.5235602094240838,0.17452006980802792,,,,,,"{""bid_req_base_tm"": ""105050"", ""sel_10th_pre_req_pre"": ""0"", ""sel_10th_pre_req"": ""935"", ""sel_10th_pre_bid"": ""+291000"", ""sel_9th_pre_req_pre"": ""0"", ""sel_9th_pre_req"": ""283"", ""sel_9th_pre_bid"": ""+290500"", ""sel_8th_pre_req_pre"": ""0"", ""sel_8th_pre_req"": ""1164"", ""sel_8th_pre_bid"": ""+290000"", ""sel_7th_pre_req_pre"": ""0"", ""sel_7th_pre_req"": ""521"", ""sel_7th_pre_bid"": ""+289500"", ""sel_6th_pre_req_pre"": ""0"", ""sel_6th_pre_req"": ""918"", ""sel_6th_pre_bid"": ""+289000"", ""sel_5th_pre_req_pre"": ""0"", ""sel_5th_pre_req"": ""150"", ""sel_5th_pre_bid"": ""+288500"", ""sel_4th_pre_req_pre"": ""0"", ""sel_4th_pre_req"": ""910"", ""sel_4th_pre_bid"": ""+288000"", ""sel_3th_pre_req_pre"": ""0"", ""sel_3th_pre_req"": ""385"", ""sel_3th_pre_bid"": ""+287500"", ""sel_2th_pre_req_pre"": ""0"", ""sel_2th_pre_req"": ""337"", ""sel_2th_pre_bid"": ""+287000"", ""sel_1th_pre_req_pre"": ""0"", ""sel_fpr_req"": ""149"", ""sel_fpr_bid"": ""+286500"", ""buy_fpr_bid"": ""+286000"", ""buy_fpr_req"": ""225"", ""buy_1th_pre_req_pre"": ""0"", ""buy_2th_pre_bid"": ""+285500"", ""buy_2th_pre_req"": ""190"", ""buy_2th_pre_req_pre"": ""0"", ""buy_3th_pre_bid"": ""+285000"", ""buy_3th_pre_req"": ""198"", ""buy_3th_pre_req_pre"": ""0"", ""buy_4th_pre_bid"": ""+284500"", ""buy_4th_pre_req"": ""168"", ""buy_4th_pre_req_pre"": ""0"", ""buy_5th_pre_bid"": ""+284000"", ""buy_5th_pre_req"": ""287"", ""buy_5th_pre_req_pre"": ""0"", ""buy_6th_pre_bid"": ""+283500"", ""buy_6th_pre_req"": ""240"", ""buy_6th_pre_req_pre"": ""0"", ""buy_7th_pre_bid"": ""+283000"", ""buy_7th_pre_req"": ""346"", ""buy_7th_pre_req_pre"": ""0"", ""buy_8th_pre_bid"": ""+282500"", ""buy_8th_pre_req"": ""497"", ""buy_8th_pre_req_pre"": ""+5"", ""buy_9th_pre_bid"": ""+282000"", ""buy_9th_pre_req"": ""549"", ""buy_9th_pre_req_pre"": ""0"", ""buy_10th_pre_bid"": ""+281500"", ""buy_10th_pre_req"": ""646"", ""buy_10th_pre_req_pre"": ""0"", ""tot_sel_req_jub_pre"": ""0"", ""tot_sel_req"": ""5752"", ""tot_buy_req"": ""3346"", ""tot_buy_req_jub_pre"": ""+5"", ""ovt_sel_req_pre"": ""0"", ""ovt_sel_req"": ""0"", ""ovt_buy_req"": ""0"", ""ovt_buy_req_pre"": ""0"", ""return_code"": 0, ""return_msg"": ""정상적으로 처리되었습니다""}"
2026-06-10,scan_candidate,017670,,0,main_scan,107800,,107800,107700,107800,107000,-1.2059369202226344,0.0927643784786642,,,,,,"{""bid_req_base_tm"": ""105051"", ""sel_10th_pre_req_pre"": ""0"", ""sel_10th_pre_req"": ""800"", ""sel_10th_pre_bid"": ""+108700"", ""sel_9th_pre_req_pre"": ""0"", ""sel_9th_pre_req"": ""1172"", ""sel_9th_pre_bid"": ""+108600"", ""sel_8th_pre_req_pre"": ""0"", ""sel_8th_pre_req"": ""818"", ""sel_8th_pre_bid"": ""+108500"", ""sel_7th_pre_req_pre"": ""0"", ""sel_7th_pre_req"": ""209"", ""sel_7th_pre_bid"": ""+108400"", ""sel_6th_pre_req_pre"": ""0"", ""sel_6th_pre_req"": ""91"", ""sel_6th_pre_bid"": ""+108300"", ""sel_5th_pre_req_pre"": ""0"", ""sel_5th_pre_req"": ""287"", ""sel_5th_pre_bid"": ""+108200"", ""sel_4th_pre_req_pre"": ""0"", ""sel_4th_pre_req"": ""5617"", ""sel_4th_pre_bid"": ""108100"", ""sel_3th_pre_req_pre"": ""0"", ""sel_3th_pre_req"": ""178"", ""sel_3th_pre_bid"": ""-108000"", ""sel_2th_pre_req_pre"": ""0"", ""sel_2th_pre_req"": ""660"", ""sel_2th_pre_bid"": ""-107900"", ""sel_1th_pre_req_pre"": ""0"", ""sel_fpr_req"": ""1302"", ""sel_fpr_bid"": ""-107800"", ""buy_fpr_bid"": ""-107700"", ""buy_fpr_req"": ""494"", ""buy_1th_pre_req_pre"": ""0"", ""buy_2th_pre_bid"": ""-107600"", ""buy_2th_pre_req"": ""839"", ""buy_2th_pre_req_pre"": ""0"", ""buy_3th_pre_bid"": ""-107500"", ""buy_3th_pre_req"": ""1047"", ""buy_3th_pre_req_pre"": ""0"", ""buy_4th_pre_bid"": ""-107400"", ""buy_4th_pre_req"": ""339"", ""buy_4th_pre_req_pre"": ""0"", ""buy_5th_pre_bid"": ""-107300"", ""buy_5th_pre_req"": ""649"", ""buy_5th_pre_req_pre"": ""0"", ""buy_6th_pre_bid"": ""-107200"", ""buy_6th_pre_req"": ""689"", ""buy_6th_pre_req_pre"": ""0"", ""buy_7th_pre_bid"": ""-107100"", ""buy_7th_pre_req"": ""682"", ""buy_7th_pre_req_pre"": ""0"", ""buy_8th_pre_bid"": ""-107000"", ""buy_8th_pre_req"": ""1615"", ""buy_8th_pre_req_pre"": ""0"", ""buy_9th_pre_bid"": ""-106900"", ""buy_9th_pre_req"": ""188"", ""buy_9th_pre_req_pre"": ""0"", ""buy_10th_pre_bid"": ""-106800"", ""buy_10th_pre_req"": ""297"", ""buy_10th_pre_req_pre"": ""0"", ""tot_sel_req_jub_pre"": ""0"", ""tot_sel_req"": ""11134"", ""tot_buy_req"": ""6839"", ""tot_buy_req_jub_pre"": ""0"", ""ovt_sel_req_pre"": ""0"", ""ovt_sel_req"": ""0"", ""ovt_buy_req"": ""0"", ""ovt_buy_req_pre"": ""0"", ""return_code"": 0, ""return_msg"": ""정상적으로 처리되었습니다""}"
2026-06-10,scan_candidate,316140,,0,main_scan,30050,,30050,30000,30050,29950,-0.49916805324459235,0.16638935108153077,,,,,,"{""bid_req_base_tm"": ""105050"", ""sel_10th_pre_req_pre"": ""0"", ""sel_10th_pre_req"": ""5132"", ""sel_10th_pre_bid"": ""+30500"", ""sel_9th_pre_req_pre"": ""0"", ""sel_9th_pre_req"": ""1464"", ""sel_9th_pre_bid"": ""+30450"", ""sel_8th_pre_req_pre"": ""0"", ""sel_8th_pre_req"": ""3192"", ""sel_8th_pre_bid"": ""+30400"", ""sel_7th_pre_req_pre"": ""0"", ""sel_7th_pre_req"": ""766"", ""sel_7th_pre_bid"": ""+30350"", ""sel_6th_pre_req_pre"": ""0"", ""sel_6th_pre_req"": ""2469"", ""sel_6th_pre_bid"": ""+30300"", ""sel_5th_pre_req_pre"": ""0"", ""sel_5th_pre_req"": ""1544"", ""sel_5th_pre_bid"": ""+30250"", ""sel_4th_pre_req_pre"": ""0"", ""sel_4th_pre_req"": ""6561"", ""sel_4th_pre_bid"": ""+30200"", ""sel_3th_pre_req_pre"": ""0"", ""sel_3th_pre_req"": ""703"", ""sel_3th_pre_bid"": ""+30150"", ""sel_2th_pre_req_pre"": ""0"", ""sel_2th_pre_req"": ""1286"", ""sel_2th_pre_bid"": ""+30100"", ""sel_1th_pre_req_pre"": ""--2"", ""sel_fpr_req"": ""1832"", ""sel_fpr_bid"": ""+30050"", ""buy_fpr_bid"": ""30000"", ""buy_fpr_req"": ""23"", ""buy_1th_pre_req_pre"": ""0"", ""buy_2th_pre_bid"": ""-29950"", ""buy_2th_pre_req"": ""396"", ""buy_2th_pre_req_pre"": ""0"", ""buy_3th_pre_bid"": ""-29900"", ""buy_3th_pre_req"": ""2594"", ""buy_3th_pre_req_pre"": ""0"", ""buy_4th_pre_bid"": ""-29850"", ""buy_4th_pre_req"": ""1640"", ""buy_4th_pre_req_pre"": ""0"", ""buy_5th_pre_bid"": ""-29800"", ""buy_5th_pre_req"": ""2556"", ""buy_5th_pre_req_pre"": ""0"", ""buy_6th_pre_bid"": ""-29750"", ""buy_6th_pre_req"": ""1292"", ""buy_6th_pre_req_pre"": ""0"", ""buy_7th_pre_bid"": ""-29700"", ""buy_7th_pre_req"": ""2701"", ""buy_7th_pre_req_pre"": ""0"", ""buy_8th_pre_bid"": ""-29650"", ""buy_8th_pre_req"": ""3514"", ""buy_8th_pre_req_pre"": ""0"", ""buy_9th_pre_bid"": ""-29600"", ""buy_9th_pre_req"": ""1084"", ""buy_9th_pre_req_pre"": ""0"", ""buy_10th_pre_bid"": ""-29550"", ""buy_10th_pre_req"": ""620"", ""buy_10th_pre_req_pre"": ""0"", ""tot_sel_req_jub_pre"": ""--2"", ""tot_sel_req"": ""24949"", ""tot_buy_req"": ""16420"", ""tot_buy_req_jub_pre"": ""0"", ""ovt_sel_req_pre"": ""0"", ""ovt_sel_req"": ""0"", ""ovt_buy_req"": ""0"", ""ovt_buy_req_pre"": ""0"", ""return_code"": 0, ""return_msg"": ""정상적으로 처리되었습니다""}"
2026-06-10,scan_candidate,018260,,0,main_scan,233000,,233000,232500,233000,234000,0.2145922746781116,0.2145922746781116,,,,,,"{""bid_req_base_tm"": ""105051"", ""sel_10th_pre_req_pre"": ""0"", ""sel_10th_pre_req"": ""246"", ""sel_10th_pre_bid"": ""-237500"", ""sel_9th_pre_req_pre"": ""0"", ""sel_9th_pre_req"": ""802"", ""sel_9th_pre_bid"": ""-237000"", ""sel_8th_pre_req_pre"": ""0"", ""sel_8th_pre_req"": ""209"", ""sel_8th_pre_bid"": ""-236500"", ""sel_7th_pre_req_pre"": ""0"", ""sel_7th_pre_req"": ""364"", ""sel_7th_pre_bid"": ""-236000"", ""sel_6th_pre_req_pre"": ""0"", ""sel_6th_pre_req"": ""84"", ""sel_6th_pre_bid"": ""-235500"", ""sel_5th_pre_req_pre"": ""0"", ""sel_5th_pre_req"": ""130"", ""sel_5th_pre_bid"": ""-235000"", ""sel_4th_pre_req_pre"": ""0"", ""sel_4th_pre_req"": ""140"", ""sel_4th_pre_bid"": ""-234500"", ""sel_3th_pre_req_pre"": ""0"", ""sel_3th_pre_req"": ""258"", ""sel_3th_pre_bid"": ""-234000"", ""sel_2th_pre_req_pre"": ""0"", ""sel_2th_pre_req"": ""193"", ""sel_2th_pre_bid"": ""-233500"", ""sel_1th_pre_req_pre"": ""+1"", ""sel_fpr_req"": ""596"", ""sel_fpr_bid"": ""-233000"", ""buy_fpr_bid"": ""-232500"", ""buy_fpr_req"": ""133"", ""buy_1th_pre_req_pre"": ""0"", ""buy_2th_pre_bid"": ""-232000"", ""buy_2th_pre_req"": ""711"", ""buy_2th_pre_req_pre"": ""0"", ""buy_3th_pre_bid"": ""-231500"", ""buy_3th_pre_req"": ""827"", ""buy_3th_pre_req_pre"": ""+100"", ""buy_4th_pre_bid"": ""-231000"", ""buy_4th_pre_req"": ""2834"", ""buy_4th_pre_req_pre"": ""0"", ""buy_5th_pre_bid"": ""-230500"", ""buy_5th_pre_req"": ""1976"", ""buy_5th_pre_req_pre"": ""0"", ""buy_6th_pre_bid"": ""-230000"", ""buy_6th_pre_req"": ""5061"", ""buy_6th_pre_req_pre"": ""0"", ""buy_7th_pre_bid"": ""-229500"", ""buy_7th_pre_req"": ""1194"", ""buy_7th_pre_req_pre"": ""0"", ""buy_8th_pre_bid"": ""-229000"", ""buy_8th_pre_req"": ""1483"", ""buy_8th_pre_req_pre"": ""0"", ""buy_9th_pre_bid"": ""-228500"", ""buy_9th_pre_req"": ""738"", ""buy_9th_pre_req_pre"": ""0"", ""buy_10th_pre_bid"": ""-228000"", ""buy_10th_pre_req"": ""1694"", ""buy_10th_pre_req_pre"": ""0"", ""tot_sel_req_jub_pre"": ""+1"", ""tot_sel_req"": ""3022"", ""tot_buy_req"": ""16651"", ""tot_buy_req_jub_pre"": ""+100"", ""ovt_sel_req_pre"": ""0"", ""ovt_sel_req"": ""0"", ""ovt_buy_req"": ""0"", ""ovt_buy_req_pre"": ""0"", ""return_code"": 0, ""return_msg"": ""정상적으로 처리되었습니다""}"
2026-06-10,scan_candidate,033780,,0,main_scan,184400,,184400,184300,184400,184000,-0.4880694143167028,0.05422993492407809,,,,,,"{""bid_req_base_tm"": ""105051"", ""sel_10th_pre_req_pre"": ""0"", ""sel_10th_pre_req"": ""2"", ""sel_10th_pre_bid"": ""+185300"", ""sel_9th_pre_req_pre"": ""0"", ""sel_9th_pre_req"": ""4"", ""sel_9th_pre_bid"": ""+185200"", ""sel_8th_pre_req_pre"": ""0"", ""sel_8th_pre_req"": ""1"", ""sel_8th_pre_bid"": ""+185100"", ""sel_7th_pre_req_pre"": ""0"", ""sel_7th_pre_req"": ""1085"", ""sel_7th_pre_bid"": ""+185000"", ""sel_6th_pre_req_pre"": ""0"", ""sel_6th_pre_req"": ""3"", ""sel_6th_pre_bid"": ""+184900"", ""sel_5th_pre_req_pre"": ""0"", ""sel_5th_pre_req"": ""1"", ""sel_5th_pre_bid"": ""+184800"", ""sel_4th_pre_req_pre"": ""0"", ""sel_4th_pre_req"": ""33"", ""sel_4th_pre_bid"": ""+184700"", ""sel_3th_pre_req_pre"": ""0"", ""sel_3th_pre_req"": ""88"", ""sel_3th_pre_bid"": ""+184600"", ""sel_2th_pre_req_pre"": ""0"", ""sel_2th_pre_req"": ""148"", ""sel_2th_pre_bid"": ""+184500"", ""sel_1th_pre_req_pre"": ""0"", ""sel_fpr_req"": ""907"", ""sel_fpr_bid"": ""+184400"", ""buy_fpr_bid"": ""184300"", ""buy_fpr_req"": ""413"", ""buy_1th_pre_req_pre"": ""--1"", ""buy_2th_pre_bid"": ""-184200"", ""buy_2th_pre_req"": ""155"", ""buy_2th_pre_req_pre"": ""0"", ""buy_3th_pre_bid"": ""-184100"", ""buy_3th_pre_req"": ""190"", ""buy_3th_pre_req_pre"": ""0"", ""buy_4th_pre_bid"": ""-184000"", ""buy_4th_pre_req"": ""1"", ""buy_4th_pre_req_pre"": ""0"", ""buy_5th_pre_bid"": ""-183900"", ""buy_5th_pre_req"": ""46"", ""buy_5th_pre_req_pre"": ""0"", ""buy_6th_pre_bid"": ""-183800"", ""buy_6th_pre_req"": ""199"", ""buy_6th_pre_req_pre"": ""0"", ""buy_7th_pre_bid"": ""-183700"", ""buy_7th_pre_req"": ""14"", ""buy_7th_pre_req_pre"": ""0"", ""buy_8th_pre_bid"": ""-183600"", ""buy_8th_pre_req"": ""15"", ""buy_8th_pre_req_pre"": ""0"", ""buy_9th_pre_bid"": ""-183500"", ""buy_9th_pre_req"": ""13"", ""buy_9th_pre_req_pre"": ""0"", ""buy_10th_pre_bid"": ""-183400"", ""buy_10th_pre_req"": ""11"", ""buy_10th_pre_req_pre"": ""0"", ""tot_sel_req_jub_pre"": ""0"", ""tot_sel_req"": ""2272"", ""tot_buy_req"": ""1057"", ""tot_buy_req_jub_pre"": ""--1"", ""ovt_sel_req_pre"": ""0"", ""ovt_sel_req"": ""0"", ""ovt_buy_req"": ""0"", ""ovt_buy_req_pre"": ""0"", ""return_code"": 0, ""return_msg"": ""정상적으로 처리되었습니다""}"
2026-06-10,scan_candidate,307950,,0,main_scan,704000,,704000,703000,704000,707000,0.2840909090909091,0.14204545454545456,,,,,,"{""bid_req_base_tm"": ""105051"", ""sel_10th_pre_req_pre"": ""0"", ""sel_10th_pre_req"": ""11"", ""sel_10th_pre_bid"": ""+713000"", ""sel_9th_pre_req_pre"": ""0"", ""sel_9th_pre_req"": ""10"", ""sel_9th_pre_bid"": ""+712000"", ""sel_8th_pre_req_pre"": ""0"", ""sel_8th_pre_req"": ""7"", ""sel_8th_pre_bid"": ""+711000"", ""sel_7th_pre_req_pre"": ""0"", ""sel_7th_pre_req"": ""11"", ""sel_7th_pre_bid"": ""+710000"", ""sel_6th_pre_req_pre"": ""0"", ""sel_6th_pre_req"": ""32"", ""sel_6th_pre_bid"": ""+709000"", ""sel_5th_pre_req_pre"": ""0"", ""sel_5th_pre_req"": ""17"", ""sel_5th_pre_bid"": ""+708000"", ""sel_4th_pre_req_pre"": ""0"", ""sel_4th_pre_req"": ""8"", ""sel_4th_pre_bid"": ""+707000"", ""sel_3th_pre_req_pre"": ""0"", ""sel_3th_pre_req"": ""12"", ""sel_3th_pre_bid"": ""+706000"", ""sel_2th_pre_req_pre"": ""0"", ""sel_2th_pre_req"": ""20"", ""sel_2th_pre_bid"": ""+705000"", ""sel_1th_pre_req_pre"": ""0"", ""sel_fpr_req"": ""56"", ""sel_fpr_bid"": ""+704000"", ""buy_fpr_bid"": ""+703000"", ""buy_fpr_req"": ""47"", ""buy_1th_pre_req_pre"": ""+2"", ""buy_2th_pre_bid"": ""+702000"", ""buy_2th_pre_req"": ""153"", ""buy_2th_pre_req_pre"": ""0"", ""buy_3th_pre_bid"": ""+701000"", ""buy_3th_pre_req"": ""549"", ""buy_3th_pre_req_pre"": ""0"", ""buy_4th_pre_bid"": ""+700000"", ""buy_4th_pre_req"": ""714"", ""buy_4th_pre_req_pre"": ""0"", ""buy_5th_pre_bid"": ""+699000"", ""buy_5th_pre_req"": ""133"", ""buy_5th_pre_req_pre"": ""0"", ""buy_6th_pre_bid"": ""+698000"", ""buy_6th_pre_req"": ""191"", ""buy_6th_pre_req_pre"": ""0"", ""buy_7th_pre_bid"": ""+697000"", ""buy_7th_pre_req"": ""249"", ""buy_7th_pre_req_pre"": ""0"", ""buy_8th_pre_bid"": ""+696000"", ""buy_8th_pre_req"": ""191"", ""buy_8th_pre_req_pre"": ""0"", ""buy_9th_pre_bid"": ""+695000"", ""buy_9th_pre_req"": ""388"", ""buy_9th_pre_req_pre"": ""0"", ""buy_10th_pre_bid"": ""+694000"", ""buy_10th_pre_req"": ""112"", ""buy_10th_pre_req_pre"": ""0"", ""tot_sel_req_jub_pre"": ""0"", ""tot_sel_req"": ""184"", ""tot_buy_req"": ""2727"", ""tot_buy_req_jub_pre"": ""+2"", ""ovt_sel_req_pre"": ""0"", ""ovt_sel_req"": ""0"", ""ovt_buy_req"": ""0"", ""ovt_buy_req_pre"": ""0"", ""return_code"": 0, ""return_msg"": ""정상적으로 처리되었습니다""}"
2026-06-10,scan_candidate,138040,,0,main_scan,109300,,109300,109200,109300,109000,-0.7319304666056725,0.09149130832570906,,,,,,"{""bid_req_base_tm"": ""105052"", ""sel_10th_pre_req_pre"": ""0"", ""sel_10th_pre_req"": ""121"", ""sel_10th_pre_bid"": ""+110400"", ""sel_9th_pre_req_pre"": ""0"", ""sel_9th_pre_req"": ""1555"", ""sel_9th_pre_bid"": ""+110300"", ""sel_8th_pre_req_pre"": ""0"", ""sel_8th_pre_req"": ""505"", ""sel_8th_pre_bid"": ""+110200"", ""sel_7th_pre_req_pre"": ""0"", ""sel_7th_pre_req"": ""5070"", ""sel_7th_pre_bid"": ""+110100"", ""sel_6th_pre_req_pre"": ""0"", ""sel_6th_pre_req"": ""869"", ""sel_6th_pre_bid"": ""+110000"", ""sel_5th_pre_req_pre"": ""0"", ""sel_5th_pre_req"": ""592"", ""sel_5th_pre_bid"": ""+109900"", ""sel_4th_pre_req_pre"": ""0"", ""sel_4th_pre_req"": ""501"", ""sel_4th_pre_bid"": ""+109800"", ""sel_3th_pre_req_pre"": ""0"", ""sel_3th_pre_req"": ""331"", ""sel_3th_pre_bid"": ""+109600"", ""sel_2th_pre_req_pre"": ""0"", ""sel_2th_pre_req"": ""252"", ""sel_2th_pre_bid"": ""+109400"", ""sel_1th_pre_req_pre"": ""--61"", ""sel_fpr_req"": ""518"", ""sel_fpr_bid"": ""+109300"", ""buy_fpr_bid"": ""+109200"", ""buy_fpr_req"": ""490"", ""buy_1th_pre_req_pre"": ""+83"", ""buy_2th_pre_bid"": ""109100"", ""buy_2th_pre_req"": ""479"", ""buy_2th_pre_req_pre"": ""--61"", ""buy_3th_pre_bid"": ""-109000"", ""buy_3th_pre_req"": ""1"", ""buy_3th_pre_req_pre"": ""0"", ""buy_4th_pre_bid"": ""-108900"", ""buy_4th_pre_req"": ""90"", ""buy_4th_pre_req_pre"": ""0"", ""buy_5th_pre_bid"": ""-108800"", ""buy_5th_pre_req"": ""39"", ""buy_5th_pre_req_pre"": ""0"", ""buy_6th_pre_bid"": ""-108700"", ""buy_6th_pre_req"": ""17"", ""buy_6th_pre_req_pre"": ""0"", ""buy_7th_pre_bid"": ""-108600"", ""buy_7th_pre_req"": ""297"", ""buy_7th_pre_req_pre"": ""0"", ""buy_8th_pre_bid"": ""-108500"", ""buy_8th_pre_req"": ""228"", ""buy_8th_pre_req_pre"": ""0"", ""buy_9th_pre_bid"": ""-108400"", ""buy_9th_pre_req"": ""23"", ""buy_9th_pre_req_pre"": ""0"", ""buy_10th_pre_bid"": ""-108300"", ""buy_10th_pre_req"": ""3"", ""buy_10th_pre_req_pre"": ""0"", ""tot_sel_req_jub_pre"": ""--61"", ""tot_sel_req"": ""10314"", ""tot_buy_req"": ""1667"", ""tot_buy_req_jub_pre"": ""+22"", ""ovt_sel_req_pre"": ""0"", ""ovt_sel_req"": ""0"", ""ovt_buy_req"": ""0"", ""ovt_buy_req_pre"": ""0"", ""return_code"": 0, ""return_msg"": ""정상적으로 처리되었습니다""}"
2026-06-10,scan_candidate,003550,,0,main_scan,110500,,110500,110400,110500,110000,-0.904977375565611,0.09049773755656108,,,,,,"{""bid_req_base_tm"": ""105051"", ""sel_10th_pre_req_pre"": ""0"", ""sel_10th_pre_req"": ""39"", ""sel_10th_pre_bid"": ""-111400"", ""sel_9th_pre_req_pre"": ""0"", ""sel_9th_pre_req"": ""51"", ""sel_9th_pre_bid"": ""-111300"", ""sel_8th_pre_req_pre"": ""0"", ""sel_8th_pre_req"": ""50"", ""sel_8th_pre_bid"": ""-111200"", ""sel_7th_pre_req_pre"": ""0"", ""sel_7th_pre_req"": ""61"", ""sel_7th_pre_bid"": ""-111100"", ""sel_6th_pre_req_pre"": ""0"", ""sel_6th_pre_req"": ""59"", ""sel_6th_pre_bid"": ""-111000"", ""sel_5th_pre_req_pre"": ""0"", ""sel_5th_pre_req"": ""580"", ""sel_5th_pre_bid"": ""-110900"", ""sel_4th_pre_req_pre"": ""0"", ""sel_4th_pre_req"": ""3"", ""sel_4th_pre_bid"": ""-110800"", ""sel_3th_pre_req_pre"": ""0"", ""sel_3th_pre_req"": ""9"", ""sel_3th_pre_bid"": ""-110700"", ""sel_2th_pre_req_pre"": ""0"", ""sel_2th_pre_req"": ""5"", ""sel_2th_pre_bid"": ""-110600"", ""sel_1th_pre_req_pre"": ""0"", ""sel_fpr_req"": ""392"", ""sel_fpr_bid"": ""-110500"", ""buy_fpr_bid"": ""-110400"", ""buy_fpr_req"": ""24"", ""buy_1th_pre_req_pre"": ""--2"", ""buy_2th_pre_bid"": ""-110300"", ""buy_2th_pre_req"": ""14"", ""buy_2th_pre_req_pre"": ""0"", ""buy_3th_pre_bid"": ""-110200"", ""buy_3th_pre_req"": ""17"", ""buy_3th_pre_req_pre"": ""0"", ""buy_4th_pre_bid"": ""-110100"", ""buy_4th_pre_req"": ""75"", ""buy_4th_pre_req_pre"": ""0"", ""buy_5th_pre_bid"": ""-110000"", ""buy_5th_pre_req"": ""240"", ""buy_5th_pre_req_pre"": ""0"", ""buy_6th_pre_bid"": ""-109900"", ""buy_6th_pre_req"": ""130"", ""buy_6th_pre_req_pre"": ""0"", ""buy_7th_pre_bid"": ""-109800"", ""buy_7th_pre_req"": ""23"", ""buy_7th_pre_req_pre"": ""0"", ""buy_8th_pre_bid"": ""-109700"", ""buy_8th_pre_req"": ""76"", ""buy_8th_pre_req_pre"": ""0"", ""buy_9th_pre_bid"": ""-109500"", ""buy_9th_pre_req"": ""14"", ""buy_9th_pre_req_pre"": ""0"", ""buy_10th_pre_bid"": ""-109400"", ""buy_10th_pre_req"": ""1"", ""buy_10th_pre_req_pre"": ""0"", ""tot_sel_req_jub_pre"": ""0"", ""tot_sel_req"": ""1249"", ""tot_buy_req"": ""614"", ""tot_buy_req_jub_pre"": ""--2"", ""ovt_sel_req_pre"": ""0"", ""ovt_sel_req"": ""0"", ""ovt_buy_req"": ""0"", ""ovt_buy_req_pre"": ""0"", ""return_code"": 0, ""return_msg"": ""정상적으로 처리되었습니다""}"
2026-06-10,scan_candidate,024110,,0,main_scan,21050,,21050,21000,21050,20850,-1.187648456057007,0.23752969121140144,,,,,,"{""bid_req_base_tm"": ""105052"", ""sel_10th_pre_req_pre"": ""0"", ""sel_10th_pre_req"": ""13584"", ""sel_10th_pre_bid"": ""+21500"", ""sel_9th_pre_req_pre"": ""0"", ""sel_9th_pre_req"": ""2007"", ""sel_9th_pre_bid"": ""+21450"", ""sel_8th_pre_req_pre"": ""0"", ""sel_8th_pre_req"": ""10111"", ""sel_8th_pre_bid"": ""+21400"", ""sel_7th_pre_req_pre"": ""0"", ""sel_7th_pre_req"": ""5013"", ""sel_7th_pre_bid"": ""+21350"", ""sel_6th_pre_req_pre"": ""0"", ""sel_6th_pre_req"": ""13455"", ""sel_6th_pre_bid"": ""+21300"", ""sel_5th_pre_req_pre"": ""0"", ""sel_5th_pre_req"": ""6754"", ""sel_5th_pre_bid"": ""+21250"", ""sel_4th_pre_req_pre"": ""0"", ""sel_4th_pre_req"": ""17361"", ""sel_4th_pre_bid"": ""+21200"", ""sel_3th_pre_req_pre"": ""0"", ""sel_3th_pre_req"": ""19912"", ""sel_3th_pre_bid"": ""+21150"", ""sel_2th_pre_req_pre"": ""0"", ""sel_2th_pre_req"": ""8426"", ""sel_2th_pre_bid"": ""+21100"", ""sel_1th_pre_req_pre"": ""+349"", ""sel_fpr_req"": ""3380"", ""sel_fpr_bid"": ""+21050"", ""buy_fpr_bid"": ""+21000"", ""buy_fpr_req"": ""644"", ""buy_1th_pre_req_pre"": ""0"", ""buy_2th_pre_bid"": ""+20950"", ""buy_2th_pre_req"": ""1402"", ""buy_2th_pre_req_pre"": ""0"", ""buy_3th_pre_bid"": ""+20900"", ""buy_3th_pre_req"": ""906"", ""buy_3th_pre_req_pre"": ""+20"", ""buy_4th_pre_bid"": ""+20850"", ""buy_4th_pre_req"": ""3916"", ""buy_4th_pre_req_pre"": ""0"", ""buy_5th_pre_bid"": ""+20800"", ""buy_5th_pre_req"": ""2201"", ""buy_5th_pre_req_pre"": ""0"", ""buy_6th_pre_bid"": ""+20750"", ""buy_6th_pre_req"": ""1169"", ""buy_6th_pre_req_pre"": ""0"", ""buy_7th_pre_bid"": ""+20700"", ""buy_7th_pre_req"": ""2182"", ""buy_7th_pre_req_pre"": ""0"", ""buy_8th_pre_bid"": ""+20650"", ""buy_8th_pre_req"": ""2030"", ""buy_8th_pre_req_pre"": ""0"", ""buy_9th_pre_bid"": ""+20600"", ""buy_9th_pre_req"": ""3665"", ""buy_9th_pre_req_pre"": ""0"", ""buy_10th_pre_bid"": ""20550"", ""buy_10th_pre_req"": ""2687"", ""buy_10th_pre_req_pre"": ""0"", ""tot_sel_req_jub_pre"": ""+349"", ""tot_sel_req"": ""100003"", ""tot_buy_req"": ""20802"", ""tot_buy_req_jub_pre"": ""+20"", ""ovt_sel_req_pre"": ""0"", ""ovt_sel_req"": ""0"", ""ovt_buy_req"": ""0"", ""ovt_buy_req_pre"": ""0"", ""return_code"": 0, ""return_msg"": ""정상적으로 처리되었습니다""}"
2026-06-10,scan_candidate,079550,,0,main_scan,777000,,777000,776000,777000,776000,-0.2574002574002574,0.1287001287001287,,,,,,"{""bid_req_base_tm"": ""105052"", ""sel_10th_pre_req_pre"": ""0"", ""sel_10th_pre_req"": ""77"", ""sel_10th_pre_bid"": ""+786000"", ""sel_9th_pre_req_pre"": ""0"", ""sel_9th_pre_req"": ""152"", ""sel_9th_pre_bid"": ""+785000"", ""sel_8th_pre_req_pre"": ""0"", ""sel_8th_pre_req"": ""70"", ""sel_8th_pre_bid"": ""+784000"", ""sel_7th_pre_req_pre"": ""0"", ""sel_7th_pre_req"": ""125"", ""sel_7th_pre_bid"": ""+783000"", ""sel_6th_pre_req_pre"": ""0"", ""sel_6th_pre_req"": ""72"", ""sel_6th_pre_bid"": ""+782000"", ""sel_5th_pre_req_pre"": ""0"", ""sel_5th_pre_req"": ""11"", ""sel_5th_pre_bid"": ""+781000"", ""sel_4th_pre_req_pre"": ""0"", ""sel_4th_pre_req"": ""38"", ""sel_4th_pre_bid"": ""+780000"", ""sel_3th_pre_req_pre"": ""0"", ""sel_3th_pre_req"": ""111"", ""sel_3th_pre_bid"": ""+779000"", ""sel_2th_pre_req_pre"": ""0"", ""sel_2th_pre_req"": ""114"", ""sel_2th_pre_bid"": ""+778000"", ""sel_1th_pre_req_pre"": ""0"", ""sel_fpr_req"": ""17"", ""sel_fpr_bid"": ""+777000"", ""buy_fpr_bid"": ""+776000"", ""buy_fpr_req"": ""54"", ""buy_1th_pre_req_pre"": ""--1"", ""buy_2th_pre_bid"": ""+775000"", ""buy_2th_pre_req"": ""59"", ""buy_2th_pre_req_pre"": ""0"", ""buy_3th_pre_bid"": ""+774000"", ""buy_3th_pre_req"": ""55"", ""buy_3th_pre_req_pre"": ""0"", ""buy_4th_pre_bid"": ""+773000"", ""buy_4th_pre_req"": ""326"", ""buy_4th_pre_req_pre"": ""0"", ""buy_5th_pre_bid"": ""+772000"", ""buy_5th_pre_req"": ""23"", ""buy_5th_pre_req_pre"": ""0"", ""buy_6th_pre_bid"": ""+771000"", ""buy_6th_pre_req"": ""47"", ""buy_6th_pre_req_pre"": ""0"", ""buy_7th_pre_bid"": ""+770000"", ""buy_7th_pre_req"": ""119"", ""buy_7th_pre_req_pre"": ""0"", ""buy_8th_pre_bid"": ""+769000"", ""buy_8th_pre_req"": ""19"", ""buy_8th_pre_req_pre"": ""0"", ""buy_9th_pre_bid"": ""+768000"", ""buy_9th_pre_req"": ""11"", ""buy_9th_pre_req_pre"": ""0"", ""buy_10th_pre_bid"": ""+767000"", ""buy_10th_pre_req"": ""6"", ""buy_10th_pre_req_pre"": ""0"", ""tot_sel_req_jub_pre"": ""0"", ""tot_sel_req"": ""787"", ""tot_buy_req"": ""719"", ""tot_buy_req_jub_pre"": ""--1"", ""ovt_sel_req_pre"": ""0"", ""ovt_sel_req"": ""0"", ""ovt_buy_req"": ""0"", ""ovt_buy_req_pre"": ""0"", ""return_code"": 0, ""return_msg"": ""정상적으로 처리되었습니다""}"
2026-06-10,scan_candidate,278470,,0,main_scan,420000,,420000,419500,420000,419500,-0.2380952380952381,0.11904761904761905,,,,,,"{""bid_req_base_tm"": ""105052"", ""sel_10th_pre_req_pre"": ""0"", ""sel_10th_pre_req"": ""489"", ""sel_10th_pre_bid"": ""+424500"", ""sel_9th_pre_req_pre"": ""0"", ""sel_9th_pre_req"": ""467"", ""sel_9th_pre_bid"": ""+424000"", ""sel_8th_pre_req_pre"": ""0"", ""sel_8th_pre_req"": ""510"", ""sel_8th_pre_bid"": ""+423500"", ""sel_7th_pre_req_pre"": ""0"", ""sel_7th_pre_req"": ""524"", ""sel_7th_pre_bid"": ""+423000"", ""sel_6th_pre_req_pre"": ""0"", ""sel_6th_pre_req"": ""123"", ""sel_6th_pre_bid"": ""+422500"", ""sel_5th_pre_req_pre"": ""0"", ""sel_5th_pre_req"": ""216"", ""sel_5th_pre_bid"": ""+422000"", ""sel_4th_pre_req_pre"": ""0"", ""sel_4th_pre_req"": ""114"", ""sel_4th_pre_bid"": ""+421500"", ""sel_3th_pre_req_pre"": ""0"", ""sel_3th_pre_req"": ""100"", ""sel_3th_pre_bid"": ""+421000"", ""sel_2th_pre_req_pre"": ""0"", ""sel_2th_pre_req"": ""31"", ""sel_2th_pre_bid"": ""+420500"", ""sel_1th_pre_req_pre"": ""0"", ""sel_fpr_req"": ""455"", ""sel_fpr_bid"": ""+420000"", ""buy_fpr_bid"": ""+419500"", ""buy_fpr_req"": ""254"", ""buy_1th_pre_req_pre"": ""--9"", ""buy_2th_pre_bid"": ""+419000"", ""buy_2th_pre_req"": ""311"", ""buy_2th_pre_req_pre"": ""0"", ""buy_3th_pre_bid"": ""+418500"", ""buy_3th_pre_req"": ""18"", ""buy_3th_pre_req_pre"": ""0"", ""buy_4th_pre_bid"": ""+418000"", ""buy_4th_pre_req"": ""1272"", ""buy_4th_pre_req_pre"": ""0"", ""buy_5th_pre_bid"": ""+417500"", ""buy_5th_pre_req"": ""40"", ""buy_5th_pre_req_pre"": ""0"", ""buy_6th_pre_bid"": ""+417000"", ""buy_6th_pre_req"": ""47"", ""buy_6th_pre_req_pre"": ""0"", ""buy_7th_pre_bid"": ""+416500"", ""buy_7th_pre_req"": ""88"", ""buy_7th_pre_req_pre"": ""0"", ""buy_8th_pre_bid"": ""+416000"", ""buy_8th_pre_req"": ""75"", ""buy_8th_pre_req_pre"": ""0"", ""buy_9th_pre_bid"": ""+415500"", ""buy_9th_pre_req"": ""82"", ""buy_9th_pre_req_pre"": ""0"", ""buy_10th_pre_bid"": ""+415000"", ""buy_10th_pre_req"": ""353"", ""buy_10th_pre_req_pre"": ""0"", ""tot_sel_req_jub_pre"": ""0"", ""tot_sel_req"": ""3029"", ""tot_buy_req"": ""2540"", ""tot_buy_req_jub_pre"": ""--9"", ""ovt_sel_req_pre"": ""0"", ""ovt_sel_req"": ""0"", ""ovt_buy_req"": ""0"", ""ovt_buy_req_pre"": ""0"", ""return_code"": 0, ""return_msg"": ""정상적으로 처리되었습니다""}"
2026-06-10,scan_candidate,030200,,0,main_scan,55000,,55000,54900,55000,54900,-0.36363636363636365,0.18181818181818182,,,,,,"{""bid_req_base_tm"": ""105053"", ""sel_10th_pre_req_pre"": ""0"", ""sel_10th_pre_req"": ""1566"", ""sel_10th_pre_bid"": ""+55900"", ""sel_9th_pre_req_pre"": ""0"", ""sel_9th_pre_req"": ""1660"", ""sel_9th_pre_bid"": ""+55800"", ""sel_8th_pre_req_pre"": ""0"", ""sel_8th_pre_req"": ""552"", ""sel_8th_pre_bid"": ""+55700"", ""sel_7th_pre_req_pre"": ""0"", ""sel_7th_pre_req"": ""781"", ""sel_7th_pre_bid"": ""+55600"", ""sel_6th_pre_req_pre"": ""0"", ""sel_6th_pre_req"": ""946"", ""sel_6th_pre_bid"": ""+55500"", ""sel_5th_pre_req_pre"": ""0"", ""sel_5th_pre_req"": ""1253"", ""sel_5th_pre_bid"": ""+55400"", ""sel_4th_pre_req_pre"": ""0"", ""sel_4th_pre_req"": ""1433"", ""sel_4th_pre_bid"": ""+55300"", ""sel_3th_pre_req_pre"": ""0"", ""sel_3th_pre_req"": ""1141"", ""sel_3th_pre_bid"": ""+55200"", ""sel_2th_pre_req_pre"": ""0"", ""sel_2th_pre_req"": ""1503"", ""sel_2th_pre_bid"": ""+55100"", ""sel_1th_pre_req_pre"": ""--30"", ""sel_fpr_req"": ""1511"", ""sel_fpr_bid"": ""+55000"", ""buy_fpr_bid"": ""+54900"", ""buy_fpr_req"": ""1432"", ""buy_1th_pre_req_pre"": ""0"", ""buy_2th_pre_bid"": ""+54800"", ""buy_2th_pre_req"": ""1221"", ""buy_2th_pre_req_pre"": ""0"", ""buy_3th_pre_bid"": ""+54700"", ""buy_3th_pre_req"": ""376"", ""buy_3th_pre_req_pre"": ""0"", ""buy_4th_pre_bid"": ""+54600"", ""buy_4th_pre_req"": ""262"", ""buy_4th_pre_req_pre"": ""0"", ""buy_5th_pre_bid"": ""+54500"", ""buy_5th_pre_req"": ""196"", ""buy_5th_pre_req_pre"": ""0"", ""buy_6th_pre_bid"": ""+54400"", ""buy_6th_pre_req"": ""450"", ""buy_6th_pre_req_pre"": ""0"", ""buy_7th_pre_bid"": ""+54300"", ""buy_7th_pre_req"": ""913"", ""buy_7th_pre_req_pre"": ""0"", ""buy_8th_pre_bid"": ""+54200"", ""buy_8th_pre_req"": ""1849"", ""buy_8th_pre_req_pre"": ""0"", ""buy_9th_pre_bid"": ""+54100"", ""buy_9th_pre_req"": ""437"", ""buy_9th_pre_req_pre"": ""0"", ""buy_10th_pre_bid"": ""+54000"", ""buy_10th_pre_req"": ""3155"", ""buy_10th_pre_req_pre"": ""0"", ""tot_sel_req_jub_pre"": ""--30"", ""tot_sel_req"": ""12346"", ""tot_buy_req"": ""10291"", ""tot_buy_req_jub_pre"": ""0"", ""ovt_sel_req_pre"": ""0"", ""ovt_sel_req"": ""0"", ""ovt_buy_req"": ""0"", ""ovt_buy_req_pre"": ""0"", ""return_code"": 0, ""return_msg"": ""정상적으로 처리되었습니다""}"
2026-06-10,scan_candidate,010950,,0,main_scan,111500,,111500,111400,111500,111000,-0.8968609865470852,0.08968609865470852,,,,,,"{""bid_req_base_tm"": ""105052"", ""sel_10th_pre_req_pre"": ""0"", ""sel_10th_pre_req"": ""52"", ""sel_10th_pre_bid"": ""+112400"", ""sel_9th_pre_req_pre"": ""0"", ""sel_9th_pre_req"": ""4"", ""sel_9th_pre_bid"": ""+112300"", ""sel_8th_pre_req_pre"": ""0"", ""sel_8th_pre_req"": ""18"", ""sel_8th_pre_bid"": ""+112200"", ""sel_7th_pre_req_pre"": ""0"", ""sel_7th_pre_req"": ""8"", ""sel_7th_pre_bid"": ""+112100"", ""sel_6th_pre_req_pre"": ""0"", ""sel_6th_pre_req"": ""235"", ""sel_6th_pre_bid"": ""+112000"", ""sel_5th_pre_req_pre"": ""0"", ""sel_5th_pre_req"": ""92"", ""sel_5th_pre_bid"": ""+111900"", ""sel_4th_pre_req_pre"": ""0"", ""sel_4th_pre_req"": ""295"", ""sel_4th_pre_bid"": ""+111800"", ""sel_3th_pre_req_pre"": ""0"", ""sel_3th_pre_req"": ""39"", ""sel_3th_pre_bid"": ""+111700"", ""sel_2th_pre_req_pre"": ""0"", ""sel_2th_pre_req"": ""71"", ""sel_2th_pre_bid"": ""+111600"", ""sel_1th_pre_req_pre"": ""0"", ""sel_fpr_req"": ""81"", ""sel_fpr_bid"": ""+111500"", ""buy_fpr_bid"": ""+111400"", ""buy_fpr_req"": ""138"", ""buy_1th_pre_req_pre"": ""0"", ""buy_2th_pre_bid"": ""+111300"", ""buy_2th_pre_req"": ""192"", ""buy_2th_pre_req_pre"": ""0"", ""buy_3th_pre_bid"": ""+111200"", ""buy_3th_pre_req"": ""1"", ""buy_3th_pre_req_pre"": ""0"", ""buy_4th_pre_bid"": ""+111100"", ""buy_4th_pre_req"": ""2"", ""buy_4th_pre_req_pre"": ""0"", ""buy_5th_pre_bid"": ""+111000"", ""buy_5th_pre_req"": ""105"", ""buy_5th_pre_req_pre"": ""--2"", ""buy_6th_pre_bid"": ""110900"", ""buy_6th_pre_req"": ""28"", ""buy_6th_pre_req_pre"": ""0"", ""buy_7th_pre_bid"": ""-110800"", ""buy_7th_pre_req"": ""57"", ""buy_7th_pre_req_pre"": ""0"", ""buy_8th_pre_bid"": ""-110500"", ""buy_8th_pre_req"": ""2"", ""buy_8th_pre_req_pre"": ""0"", ""buy_9th_pre_bid"": ""-110400"", ""buy_9th_pre_req"": ""2"", ""buy_9th_pre_req_pre"": ""0"", ""buy_10th_pre_bid"": ""-110300"", ""buy_10th_pre_req"": ""17"", ""buy_10th_pre_req_pre"": ""0"", ""tot_sel_req_jub_pre"": ""0"", ""tot_sel_req"": ""895"", ""tot_buy_req"": ""544"", ""tot_buy_req_jub_pre"": ""--2"", ""ovt_sel_req_pre"": ""0"", ""ovt_sel_req"": ""0"", ""ovt_buy_req"": ""0"", ""ovt_buy_req_pre"": ""0"", ""return_code"": 0, ""return_msg"": ""정상적으로 처리되었습니다""}"
2026-06-10,scan_candidate,323410,,0,main_scan,24600,,24600,24550,24600,24450,-0.8130081300813009,0.20325203252032523,,,,,,"{""bid_req_base_tm"": ""105052"", ""sel_10th_pre_req_pre"": ""0"", ""sel_10th_pre_req"": ""2007"", ""sel_10th_pre_bid"": ""+25050"", ""sel_9th_pre_req_pre"": ""0"", ""sel_9th_pre_req"": ""15119"", ""sel_9th_pre_bid"": ""+25000"", ""sel_8th_pre_req_pre"": ""0"", ""sel_8th_pre_req"": ""9971"", ""sel_8th_pre_bid"": ""+24950"", ""sel_7th_pre_req_pre"": ""0"", ""sel_7th_pre_req"": ""6146"", ""sel_7th_pre_bid"": ""+24900"", ""sel_6th_pre_req_pre"": ""0"", ""sel_6th_pre_req"": ""7718"", ""sel_6th_pre_bid"": ""+24850"", ""sel_5th_pre_req_pre"": ""0"", ""sel_5th_pre_req"": ""12950"", ""sel_5th_pre_bid"": ""+24800"", ""sel_4th_pre_req_pre"": ""0"", ""sel_4th_pre_req"": ""4552"", ""sel_4th_pre_bid"": ""+24750"", ""sel_3th_pre_req_pre"": ""0"", ""sel_3th_pre_req"": ""1656"", ""sel_3th_pre_bid"": ""+24700"", ""sel_2th_pre_req_pre"": ""0"", ""sel_2th_pre_req"": ""1661"", ""sel_2th_pre_bid"": ""+24650"", ""sel_1th_pre_req_pre"": ""0"", ""sel_fpr_req"": ""800"", ""sel_fpr_bid"": ""+24600"", ""buy_fpr_bid"": ""+24550"", ""buy_fpr_req"": ""1372"", ""buy_1th_pre_req_pre"": ""0"", ""buy_2th_pre_bid"": ""+24500"", ""buy_2th_pre_req"": ""857"", ""buy_2th_pre_req_pre"": ""0"", ""buy_3th_pre_bid"": ""+24450"", ""buy_3th_pre_req"": ""1615"", ""buy_3th_pre_req_pre"": ""0"", ""buy_4th_pre_bid"": ""24400"", ""buy_4th_pre_req"": ""2595"", ""buy_4th_pre_req_pre"": ""0"", ""buy_5th_pre_bid"": ""-24350"", ""buy_5th_pre_req"": ""1342"", ""buy_5th_pre_req_pre"": ""0"", ""buy_6th_pre_bid"": ""-24300"", ""buy_6th_pre_req"": ""3446"", ""buy_6th_pre_req_pre"": ""0"", ""buy_7th_pre_bid"": ""-24250"", ""buy_7th_pre_req"": ""1957"", ""buy_7th_pre_req_pre"": ""0"", ""buy_8th_pre_bid"": ""-24200"", ""buy_8th_pre_req"": ""1306"", ""buy_8th_pre_req_pre"": ""0"", ""buy_9th_pre_bid"": ""-24150"", ""buy_9th_pre_req"": ""1292"", ""buy_9th_pre_req_pre"": ""+1"", ""buy_10th_pre_bid"": ""-24100"", ""buy_10th_pre_req"": ""1085"", ""buy_10th_pre_req_pre"": ""0"", ""tot_sel_req_jub_pre"": ""0"", ""tot_sel_req"": ""62580"", ""tot_buy_req"": ""16867"", ""tot_buy_req_jub_pre"": ""+1"", ""ovt_sel_req_pre"": ""0"", ""ovt_sel_req"": ""0"", ""ovt_buy_req"": ""0"", ""ovt_buy_req_pre"": ""0"", ""return_code"": 0, ""return_msg"": ""정상적으로 처리되었습니다""}"
2026-06-10,scan_candidate,005940,,0,main_scan,31100,,31100,31050,31100,31200,0.1607717041800643,0.1607717041800643,,,,,,"{""bid_req_base_tm"": ""105050"", ""sel_10th_pre_req_pre"": ""0"", ""sel_10th_pre_req"": ""555"", ""sel_10th_pre_bid"": ""+31550"", ""sel_9th_pre_req_pre"": ""0"", ""sel_9th_pre_req"": ""394"", ""sel_9th_pre_bid"": ""+31500"", ""sel_8th_pre_req_pre"": ""0"", ""sel_8th_pre_req"": ""29"", ""sel_8th_pre_bid"": ""+31450"", ""sel_7th_pre_req_pre"": ""0"", ""sel_7th_pre_req"": ""324"", ""sel_7th_pre_bid"": ""+31400"", ""sel_6th_pre_req_pre"": ""0"", ""sel_6th_pre_req"": ""559"", ""sel_6th_pre_bid"": ""+31350"", ""sel_5th_pre_req_pre"": ""0"", ""sel_5th_pre_req"": ""1572"", ""sel_5th_pre_bid"": ""+31300"", ""sel_4th_pre_req_pre"": ""0"", ""sel_4th_pre_req"": ""188"", ""sel_4th_pre_bid"": ""31250"", ""sel_3th_pre_req_pre"": ""0"", ""sel_3th_pre_req"": ""563"", ""sel_3th_pre_bid"": ""-31200"", ""sel_2th_pre_req_pre"": ""0"", ""sel_2th_pre_req"": ""543"", ""sel_2th_pre_bid"": ""-31150"", ""sel_1th_pre_req_pre"": ""0"", ""sel_fpr_req"": ""482"", ""sel_fpr_bid"": ""-31100"", ""buy_fpr_bid"": ""-31050"", ""buy_fpr_req"": ""382"", ""buy_1th_pre_req_pre"": ""+1"", ""buy_2th_pre_bid"": ""-31000"", ""buy_2th_pre_req"": ""1489"", ""buy_2th_pre_req_pre"": ""--1"", ""buy_3th_pre_bid"": ""-30950"", ""buy_3th_pre_req"": ""1435"", ""buy_3th_pre_req_pre"": ""0"", ""buy_4th_pre_bid"": ""-30900"", ""buy_4th_pre_req"": ""16"", ""buy_4th_pre_req_pre"": ""0"", ""buy_5th_pre_bid"": ""-30850"", ""buy_5th_pre_req"": ""1988"", ""buy_5th_pre_req_pre"": ""0"", ""buy_6th_pre_bid"": ""-30800"", ""buy_6th_pre_req"": ""1186"", ""buy_6th_pre_req_pre"": ""0"", ""buy_7th_pre_bid"": ""-30750"", ""buy_7th_pre_req"": ""281"", ""buy_7th_pre_req_pre"": ""0"", ""buy_8th_pre_bid"": ""-30700"", ""buy_8th_pre_req"": ""157"", ""buy_8th_pre_req_pre"": ""0"", ""buy_9th_pre_bid"": ""-30650"", ""buy_9th_pre_req"": ""146"", ""buy_9th_pre_req_pre"": ""0"", ""buy_10th_pre_bid"": ""-30600"", ""buy_10th_pre_req"": ""389"", ""buy_10th_pre_req_pre"": ""0"", ""tot_sel_req_jub_pre"": ""0"", ""tot_sel_req"": ""5209"", ""tot_buy_req"": ""7469"", ""tot_buy_req_jub_pre"": ""0"", ""ovt_sel_req_pre"": ""0"", ""ovt_sel_req"": ""0"", ""ovt_buy_req"": ""0"", ""ovt_buy_req_pre"": ""0"", ""return_code"": 0, ""return_msg"": ""정상적으로 처리되었습니다""}"
2026-06-10,scan_candidate,064400,,0,main_scan,96600,,96600,96500,96600,96600,-0.10351966873706005,0.10351966873706005,,,,,,"{""bid_req_base_tm"": ""105053"", ""sel_10th_pre_req_pre"": ""0"", ""sel_10th_pre_req"": ""777"", ""sel_10th_pre_bid"": ""-97500"", ""sel_9th_pre_req_pre"": ""0"", ""sel_9th_pre_req"": ""524"", ""sel_9th_pre_bid"": ""-97400"", ""sel_8th_pre_req_pre"": ""0"", ""sel_8th_pre_req"": ""289"", ""sel_8th_pre_bid"": ""-97300"", ""sel_7th_pre_req_pre"": ""0"", ""sel_7th_pre_req"": ""288"", ""sel_7th_pre_bid"": ""-97200"", ""sel_6th_pre_req_pre"": ""0"", ""sel_6th_pre_req"": ""108"", ""sel_6th_pre_bid"": ""-97100"", ""sel_5th_pre_req_pre"": ""0"", ""sel_5th_pre_req"": ""1131"", ""sel_5th_pre_bid"": ""-97000"", ""sel_4th_pre_req_pre"": ""0"", ""sel_4th_pre_req"": ""424"", ""sel_4th_pre_bid"": ""-96900"", ""sel_3th_pre_req_pre"": ""0"", ""sel_3th_pre_req"": ""148"", ""sel_3th_pre_bid"": ""-96800"", ""sel_2th_pre_req_pre"": ""0"", ""sel_2th_pre_req"": ""167"", ""sel_2th_pre_bid"": ""-96700"", ""sel_1th_pre_req_pre"": ""0"", ""sel_fpr_req"": ""530"", ""sel_fpr_bid"": ""-96600"", ""buy_fpr_bid"": ""-96500"", ""buy_fpr_req"": ""16"", ""buy_1th_pre_req_pre"": ""0"", ""buy_2th_pre_bid"": ""-96400"", ""buy_2th_pre_req"": ""124"", ""buy_2th_pre_req_pre"": ""0"", ""buy_3th_pre_bid"": ""-96300"", ""buy_3th_pre_req"": ""261"", ""buy_3th_pre_req_pre"": ""0"", ""buy_4th_pre_bid"": ""-96200"", ""buy_4th_pre_req"": ""316"", ""buy_4th_pre_req_pre"": ""0"", ""buy_5th_pre_bid"": ""-96100"", ""buy_5th_pre_req"": ""127"", ""buy_5th_pre_req_pre"": ""0"", ""buy_6th_pre_bid"": ""-96000"", ""buy_6th_pre_req"": ""823"", ""buy_6th_pre_req_pre"": ""+2"", ""buy_7th_pre_bid"": ""-95900"", ""buy_7th_pre_req"": ""538"", ""buy_7th_pre_req_pre"": ""0"", ""buy_8th_pre_bid"": ""-95800"", ""buy_8th_pre_req"": ""1771"", ""buy_8th_pre_req_pre"": ""0"", ""buy_9th_pre_bid"": ""-95700"", ""buy_9th_pre_req"": ""1193"", ""buy_9th_pre_req_pre"": ""0"", ""buy_10th_pre_bid"": ""-95600"", ""buy_10th_pre_req"": ""1426"", ""buy_10th_pre_req_pre"": ""0"", ""tot_sel_req_jub_pre"": ""0"", ""tot_sel_req"": ""4386"", ""tot_buy_req"": ""6595"", ""tot_buy_req_jub_pre"": ""+2"", ""ovt_sel_req_pre"": ""0"", ""ovt_sel_req"": ""0"", ""ovt_buy_req"": ""0"", ""ovt_buy_req_pre"": ""0"", ""return_code"": 0, ""return_msg"": ""정상적으로 처리되었습니다""}"
2026-06-10,scan_candidate,003490,,0,main_scan,25500,,25500,25450,25500,25400,-0.5882352941176471,0.19607843137254902,,,,,,"{""bid_req_base_tm"": ""105052"", ""sel_10th_pre_req_pre"": ""0"", ""sel_10th_pre_req"": ""20260"", ""sel_10th_pre_bid"": ""+25950"", ""sel_9th_pre_req_pre"": ""0"", ""sel_9th_pre_req"": ""18059"", ""sel_9th_pre_bid"": ""+25900"", ""sel_8th_pre_req_pre"": ""0"", ""sel_8th_pre_req"": ""11478"", ""sel_8th_pre_bid"": ""+25850"", ""sel_7th_pre_req_pre"": ""0"", ""sel_7th_pre_req"": ""50549"", ""sel_7th_pre_bid"": ""+25800"", ""sel_6th_pre_req_pre"": ""0"", ""sel_6th_pre_req"": ""11977"", ""sel_6th_pre_bid"": ""+25750"", ""sel_5th_pre_req_pre"": ""0"", ""sel_5th_pre_req"": ""5326"", ""sel_5th_pre_bid"": ""+25700"", ""sel_4th_pre_req_pre"": ""0"", ""sel_4th_pre_req"": ""4366"", ""sel_4th_pre_bid"": ""+25650"", ""sel_3th_pre_req_pre"": ""0"", ""sel_3th_pre_req"": ""1741"", ""sel_3th_pre_bid"": ""+25600"", ""sel_2th_pre_req_pre"": ""0"", ""sel_2th_pre_req"": ""2305"", ""sel_2th_pre_bid"": ""+25550"", ""sel_1th_pre_req_pre"": ""+25"", ""sel_fpr_req"": ""618"", ""sel_fpr_bid"": ""+25500"", ""buy_fpr_bid"": ""+25450"", ""buy_fpr_req"": ""1537"", ""buy_1th_pre_req_pre"": ""0"", ""buy_2th_pre_bid"": ""+25400"", ""buy_2th_pre_req"": ""4593"", ""buy_2th_pre_req_pre"": ""0"", ""buy_3th_pre_bid"": ""+25350"", ""buy_3th_pre_req"": ""2988"", ""buy_3th_pre_req_pre"": ""0"", ""buy_4th_pre_bid"": ""+25300"", ""buy_4th_pre_req"": ""2892"", ""buy_4th_pre_req_pre"": ""0"", ""buy_5th_pre_bid"": ""+25250"", ""buy_5th_pre_req"": ""1922"", ""buy_5th_pre_req_pre"": ""0"", ""buy_6th_pre_bid"": ""+25200"", ""buy_6th_pre_req"": ""7323"", ""buy_6th_pre_req_pre"": ""0"", ""buy_7th_pre_bid"": ""+25150"", ""buy_7th_pre_req"": ""2962"", ""buy_7th_pre_req_pre"": ""0"", ""buy_8th_pre_bid"": ""+25100"", ""buy_8th_pre_req"": ""3058"", ""buy_8th_pre_req_pre"": ""0"", ""buy_9th_pre_bid"": ""+25050"", ""buy_9th_pre_req"": ""2089"", ""buy_9th_pre_req_pre"": ""0"", ""buy_10th_pre_bid"": ""+25000"", ""buy_10th_pre_req"": ""3551"", ""buy_10th_pre_req_pre"": ""0"", ""tot_sel_req_jub_pre"": ""+25"", ""tot_sel_req"": ""126679"", ""tot_buy_req"": ""32915"", ""tot_buy_req_jub_pre"": ""0"", ""ovt_sel_req_pre"": ""0"", ""ovt_sel_req"": ""0"", ""ovt_buy_req"": ""0"", ""ovt_buy_req_pre"": ""0"", ""return_code"": 0, ""return_msg"": ""정상적으로 처리되었습니다""}"
2026-06-10,scan_candidate,161390,,0,main_scan,71100,,71100,71000,71100,71400,0.2812939521800281,0.14064697609001406,,,,,,"{""bid_req_base_tm"": ""105054"", ""sel_10th_pre_req_pre"": ""0"", ""sel_10th_pre_req"": ""152"", ""sel_10th_pre_bid"": ""-72000"", ""sel_9th_pre_req_pre"": ""0"", ""sel_9th_pre_req"": ""325"", ""sel_9th_pre_bid"": ""-71900"", ""sel_8th_pre_req_pre"": ""0"", ""sel_8th_pre_req"": ""130"", ""sel_8th_pre_bid"": ""-71800"", ""sel_7th_pre_req_pre"": ""0"", ""sel_7th_pre_req"": ""1"", ""sel_7th_pre_bid"": ""-71700"", ""sel_6th_pre_req_pre"": ""0"", ""sel_6th_pre_req"": ""31"", ""sel_6th_pre_bid"": ""-71600"", ""sel_5th_pre_req_pre"": ""0"", ""sel_5th_pre_req"": ""50"", ""sel_5th_pre_bid"": ""-71500"", ""sel_4th_pre_req_pre"": ""0"", ""sel_4th_pre_req"": ""16"", ""sel_4th_pre_bid"": ""-71400"", ""sel_3th_pre_req_pre"": ""0"", ""sel_3th_pre_req"": ""212"", ""sel_3th_pre_bid"": ""-71300"", ""sel_2th_pre_req_pre"": ""0"", ""sel_2th_pre_req"": ""401"", ""sel_2th_pre_bid"": ""-71200"", ""sel_1th_pre_req_pre"": ""--55"", ""sel_fpr_req"": ""3580"", ""sel_fpr_bid"": ""-71100"", ""buy_fpr_bid"": ""-71000"", ""buy_fpr_req"": ""4473"", ""buy_1th_pre_req_pre"": ""0"", ""buy_2th_pre_bid"": ""-70900"", ""buy_2th_pre_req"": ""791"", ""buy_2th_pre_req_pre"": ""0"", ""buy_3th_pre_bid"": ""-70800"", ""buy_3th_pre_req"": ""177"", ""buy_3th_pre_req_pre"": ""0"", ""buy_4th_pre_bid"": ""-70700"", ""buy_4th_pre_req"": ""74"", ""buy_4th_pre_req_pre"": ""0"", ""buy_5th_pre_bid"": ""-70600"", ""buy_5th_pre_req"": ""109"", ""buy_5th_pre_req_pre"": ""0"", ""buy_6th_pre_bid"": ""-70500"", ""buy_6th_pre_req"": ""345"", ""buy_6th_pre_req_pre"": ""0"", ""buy_7th_pre_bid"": ""-70400"", ""buy_7th_pre_req"": ""113"", ""buy_7th_pre_req_pre"": ""0"", ""buy_8th_pre_bid"": ""-70300"", ""buy_8th_pre_req"": ""115"", ""buy_8th_pre_req_pre"": ""0"", ""buy_9th_pre_bid"": ""-70200"", ""buy_9th_pre_req"": ""37"", ""buy_9th_pre_req_pre"": ""0"", ""buy_10th_pre_bid"": ""-70100"", ""buy_10th_pre_req"": ""133"", ""buy_10th_pre_req_pre"": ""0"", ""tot_sel_req_jub_pre"": ""--55"", ""tot_sel_req"": ""4898"", ""tot_buy_req"": ""6367"", ""tot_buy_req_jub_pre"": ""0"", ""ovt_sel_req_pre"": ""0"", ""ovt_sel_req"": ""0"", ""ovt_buy_req"": ""0"", ""ovt_buy_req_pre"": ""0"", ""return_code"": 0, ""return_msg"": ""정상적으로 처리되었습니다""}"
2026-06-10,scan_candidate,003230,,0,main_scan,1150000,,1150000,1149000,1150000,1146000,-0.43478260869565216,0.08695652173913043,,,,,,"{""bid_req_base_tm"": ""105053"", ""sel_10th_pre_req_pre"": ""0"", ""sel_10th_pre_req"": ""36"", ""sel_10th_pre_bid"": ""+1159000"", ""sel_9th_pre_req_pre"": ""0"", ""sel_9th_pre_req"": ""9"", ""sel_9th_pre_bid"": ""+1158000"", ""sel_8th_pre_req_pre"": ""0"", ""sel_8th_pre_req"": ""7"", ""sel_8th_pre_bid"": ""+1157000"", ""sel_7th_pre_req_pre"": ""0"", ""sel_7th_pre_req"": ""14"", ""sel_7th_pre_bid"": ""+1156000"", ""sel_6th_pre_req_pre"": ""0"", ""sel_6th_pre_req"": ""13"", ""sel_6th_pre_bid"": ""+1155000"", ""sel_5th_pre_req_pre"": ""0"", ""sel_5th_pre_req"": ""30"", ""sel_5th_pre_bid"": ""+1154000"", ""sel_4th_pre_req_pre"": ""0"", ""sel_4th_pre_req"": ""11"", ""sel_4th_pre_bid"": ""+1153000"", ""sel_3th_pre_req_pre"": ""0"", ""sel_3th_pre_req"": ""39"", ""sel_3th_pre_bid"": ""+1152000"", ""sel_2th_pre_req_pre"": ""0"", ""sel_2th_pre_req"": ""25"", ""sel_2th_pre_bid"": ""+1151000"", ""sel_1th_pre_req_pre"": ""0"", ""sel_fpr_req"": ""102"", ""sel_fpr_bid"": ""+1150000"", ""buy_fpr_bid"": ""+1149000"", ""buy_fpr_req"": ""24"", ""buy_1th_pre_req_pre"": ""+1"", ""buy_2th_pre_bid"": ""+1148000"", ""buy_2th_pre_req"": ""4"", ""buy_2th_pre_req_pre"": ""0"", ""buy_3th_pre_bid"": ""+1145000"", ""buy_3th_pre_req"": ""4"", ""buy_3th_pre_req_pre"": ""0"", ""buy_4th_pre_bid"": ""+1144000"", ""buy_4th_pre_req"": ""15"", ""buy_4th_pre_req_pre"": ""0"", ""buy_5th_pre_bid"": ""+1143000"", ""buy_5th_pre_req"": ""7"", ""buy_5th_pre_req_pre"": ""0"", ""buy_6th_pre_bid"": ""+1142000"", ""buy_6th_pre_req"": ""6"", ""buy_6th_pre_req_pre"": ""0"", ""buy_7th_pre_bid"": ""+1141000"", ""buy_7th_pre_req"": ""108"", ""buy_7th_pre_req_pre"": ""0"", ""buy_8th_pre_bid"": ""+1140000"", ""buy_8th_pre_req"": ""15"", ""buy_8th_pre_req_pre"": ""0"", ""buy_9th_pre_bid"": ""+1139000"", ""buy_9th_pre_req"": ""3"", ""buy_9th_pre_req_pre"": ""0"", ""buy_10th_pre_bid"": ""+1138000"", ""buy_10th_pre_req"": ""10"", ""buy_10th_pre_req_pre"": ""0"", ""tot_sel_req_jub_pre"": ""0"", ""tot_sel_req"": ""286"", ""tot_buy_req"": ""196"", ""tot_buy_req_jub_pre"": ""+1"", ""ovt_sel_req_pre"": ""0"", ""ovt_sel_req"": ""0"", ""ovt_buy_req"": ""0"", ""ovt_buy_req_pre"": ""0"", ""return_code"": 0, ""return_msg"": ""정상적으로 처리되었습니다""}"
2026-06-10,scan_candidate,000880,,0,main_scan,119500,,119500,119300,119500,119500,-0.41841004184100417,0.16736401673640167,,,,,,"{""bid_req_base_tm"": ""105054"", ""sel_10th_pre_req_pre"": ""0"", ""sel_10th_pre_req"": ""5"", ""sel_10th_pre_bid"": ""+120600"", ""sel_9th_pre_req_pre"": ""0"", ""sel_9th_pre_req"": ""23"", ""sel_9th_pre_bid"": ""+120500"", ""sel_8th_pre_req_pre"": ""0"", ""sel_8th_pre_req"": ""5"", ""sel_8th_pre_bid"": ""+120400"", ""sel_7th_pre_req_pre"": ""0"", ""sel_7th_pre_req"": ""58"", ""sel_7th_pre_bid"": ""+120200"", ""sel_6th_pre_req_pre"": ""0"", ""sel_6th_pre_req"": ""51"", ""sel_6th_pre_bid"": ""+120000"", ""sel_5th_pre_req_pre"": ""0"", ""sel_5th_pre_req"": ""3"", ""sel_5th_pre_bid"": ""+119900"", ""sel_4th_pre_req_pre"": ""0"", ""sel_4th_pre_req"": ""1"", ""sel_4th_pre_bid"": ""+119800"", ""sel_3th_pre_req_pre"": ""--10"", ""sel_3th_pre_req"": ""54"", ""sel_3th_pre_bid"": ""+119700"", ""sel_2th_pre_req_pre"": ""0"", ""sel_2th_pre_req"": ""19"", ""sel_2th_pre_bid"": ""+119600"", ""sel_1th_pre_req_pre"": ""0"", ""sel_fpr_req"": ""37"", ""sel_fpr_bid"": ""+119500"", ""buy_fpr_bid"": ""+119300"", ""buy_fpr_req"": ""79"", ""buy_1th_pre_req_pre"": ""0"", ""buy_2th_pre_bid"": ""+119200"", ""buy_2th_pre_req"": ""42"", ""buy_2th_pre_req_pre"": ""0"", ""buy_3th_pre_bid"": ""+119100"", ""buy_3th_pre_req"": ""762"", ""buy_3th_pre_req_pre"": ""0"", ""buy_4th_pre_bid"": ""+119000"", ""buy_4th_pre_req"": ""43"", ""buy_4th_pre_req_pre"": ""0"", ""buy_5th_pre_bid"": ""+118900"", ""buy_5th_pre_req"": ""1"", ""buy_5th_pre_req_pre"": ""0"", ""buy_6th_pre_bid"": ""+118800"", ""buy_6th_pre_req"": ""42"", ""buy_6th_pre_req_pre"": ""0"", ""buy_7th_pre_bid"": ""+118600"", ""buy_7th_pre_req"": ""16"", ""buy_7th_pre_req_pre"": ""0"", ""buy_8th_pre_bid"": ""+118500"", ""buy_8th_pre_req"": ""653"", ""buy_8th_pre_req_pre"": ""0"", ""buy_9th_pre_bid"": ""+118400"", ""buy_9th_pre_req"": ""2"", ""buy_9th_pre_req_pre"": ""0"", ""buy_10th_pre_bid"": ""+118300"", ""buy_10th_pre_req"": ""86"", ""buy_10th_pre_req_pre"": ""0"", ""tot_sel_req_jub_pre"": ""--10"", ""tot_sel_req"": ""256"", ""tot_buy_req"": ""1726"", ""tot_buy_req_jub_pre"": ""0"", ""ovt_sel_req_pre"": ""0"", ""ovt_sel_req"": ""0"", ""ovt_buy_req"": ""0"", ""ovt_buy_req_pre"": ""0"", ""return_code"": 0, ""return_msg"": ""정상적으로 처리되었습니다""}"
2026-06-10,scan_candidate,180640,,0,main_scan,119800,,119800,119600,119800,119000,-1.0851419031719534,0.1669449081803005,,,,,,"{""bid_req_base_tm"": ""105054"", ""sel_10th_pre_req_pre"": ""0"", ""sel_10th_pre_req"": ""67"", ""sel_10th_pre_bid"": ""+120700"", ""sel_9th_pre_req_pre"": ""0"", ""sel_9th_pre_req"": ""16"", ""sel_9th_pre_bid"": ""+120600"", ""sel_8th_pre_req_pre"": ""0"", ""sel_8th_pre_req"": ""66"", ""sel_8th_pre_bid"": ""+120500"", ""sel_7th_pre_req_pre"": ""0"", ""sel_7th_pre_req"": ""2"", ""sel_7th_pre_bid"": ""+120400"", ""sel_6th_pre_req_pre"": ""0"", ""sel_6th_pre_req"": ""1"", ""sel_6th_pre_bid"": ""+120300"", ""sel_5th_pre_req_pre"": ""0"", ""sel_5th_pre_req"": ""22"", ""sel_5th_pre_bid"": ""+120200"", ""sel_4th_pre_req_pre"": ""0"", ""sel_4th_pre_req"": ""80"", ""sel_4th_pre_bid"": ""+120100"", ""sel_3th_pre_req_pre"": ""0"", ""sel_3th_pre_req"": ""49"", ""sel_3th_pre_bid"": ""+120000"", ""sel_2th_pre_req_pre"": ""0"", ""sel_2th_pre_req"": ""533"", ""sel_2th_pre_bid"": ""+119900"", ""sel_1th_pre_req_pre"": ""0"", ""sel_fpr_req"": ""70"", ""sel_fpr_bid"": ""+119800"", ""buy_fpr_bid"": ""+119600"", ""buy_fpr_req"": ""45"", ""buy_1th_pre_req_pre"": ""+8"", ""buy_2th_pre_bid"": ""+119500"", ""buy_2th_pre_req"": ""7"", ""buy_2th_pre_req_pre"": ""0"", ""buy_3th_pre_bid"": ""+119400"", ""buy_3th_pre_req"": ""1"", ""buy_3th_pre_req_pre"": ""0"", ""buy_4th_pre_bid"": ""+119300"", ""buy_4th_pre_req"": ""82"", ""buy_4th_pre_req_pre"": ""0"", ""buy_5th_pre_bid"": ""+119200"", ""buy_5th_pre_req"": ""69"", ""buy_5th_pre_req_pre"": ""0"", ""buy_6th_pre_bid"": ""+119100"", ""buy_6th_pre_req"": ""100"", ""buy_6th_pre_req_pre"": ""0"", ""buy_7th_pre_bid"": ""+119000"", ""buy_7th_pre_req"": ""110"", ""buy_7th_pre_req_pre"": ""0"", ""buy_8th_pre_bid"": ""+118900"", ""buy_8th_pre_req"": ""100"", ""buy_8th_pre_req_pre"": ""0"", ""buy_9th_pre_bid"": ""+118800"", ""buy_9th_pre_req"": ""169"", ""buy_9th_pre_req_pre"": ""0"", ""buy_10th_pre_bid"": ""+118700"", ""buy_10th_pre_req"": ""1"", ""buy_10th_pre_req_pre"": ""0"", ""tot_sel_req_jub_pre"": ""0"", ""tot_sel_req"": ""906"", ""tot_buy_req"": ""684"", ""tot_buy_req_jub_pre"": ""+8"", ""ovt_sel_req_pre"": ""0"", ""ovt_sel_req"": ""0"", ""ovt_buy_req"": ""0"", ""ovt_buy_req_pre"": ""0"", ""return_code"": 0, ""return_msg"": ""정상적으로 처리되었습니다""}"
2026-06-10,scan_candidate,454910,,0,main_scan,110500,,110500,110400,110500,110500,-0.4524886877828055,0.09049773755656108,,,,,,"{""bid_req_base_tm"": ""105055"", ""sel_10th_pre_req_pre"": ""0"", ""sel_10th_pre_req"": ""61"", ""sel_10th_pre_bid"": ""-111400"", ""sel_9th_pre_req_pre"": ""0"", ""sel_9th_pre_req"": ""59"", ""sel_9th_pre_bid"": ""-111300"", ""sel_8th_pre_req_pre"": ""0"", ""sel_8th_pre_req"": ""132"", ""sel_8th_pre_bid"": ""-111200"", ""sel_7th_pre_req_pre"": ""0"", ""sel_7th_pre_req"": ""205"", ""sel_7th_pre_bid"": ""-111100"", ""sel_6th_pre_req_pre"": ""0"", ""sel_6th_pre_req"": ""319"", ""sel_6th_pre_bid"": ""-111000"", ""sel_5th_pre_req_pre"": ""0"", ""sel_5th_pre_req"": ""84"", ""sel_5th_pre_bid"": ""-110900"", ""sel_4th_pre_req_pre"": ""0"", ""sel_4th_pre_req"": ""52"", ""sel_4th_pre_bid"": ""-110800"", ""sel_3th_pre_req_pre"": ""0"", ""sel_3th_pre_req"": ""3"", ""sel_3th_pre_bid"": ""-110700"", ""sel_2th_pre_req_pre"": ""0"", ""sel_2th_pre_req"": ""101"", ""sel_2th_pre_bid"": ""-110600"", ""sel_1th_pre_req_pre"": ""0"", ""sel_fpr_req"": ""118"", ""sel_fpr_bid"": ""-110500"", ""buy_fpr_bid"": ""-110400"", ""buy_fpr_req"": ""124"", ""buy_1th_pre_req_pre"": ""0"", ""buy_2th_pre_bid"": ""-110300"", ""buy_2th_pre_req"": ""351"", ""buy_2th_pre_req_pre"": ""0"", ""buy_3th_pre_bid"": ""-110200"", ""buy_3th_pre_req"": ""152"", ""buy_3th_pre_req_pre"": ""0"", ""buy_4th_pre_bid"": ""-110100"", ""buy_4th_pre_req"": ""180"", ""buy_4th_pre_req_pre"": ""0"", ""buy_5th_pre_bid"": ""-110000"", ""buy_5th_pre_req"": ""688"", ""buy_5th_pre_req_pre"": ""0"", ""buy_6th_pre_bid"": ""-109900"", ""buy_6th_pre_req"": ""438"", ""buy_6th_pre_req_pre"": ""0"", ""buy_7th_pre_bid"": ""-109800"", ""buy_7th_pre_req"": ""1518"", ""buy_7th_pre_req_pre"": ""0"", ""buy_8th_pre_bid"": ""-109700"", ""buy_8th_pre_req"": ""1199"", ""buy_8th_pre_req_pre"": ""0"", ""buy_9th_pre_bid"": ""-109600"", ""buy_9th_pre_req"": ""1778"", ""buy_9th_pre_req_pre"": ""0"", ""buy_10th_pre_bid"": ""-109500"", ""buy_10th_pre_req"": ""5686"", ""buy_10th_pre_req_pre"": ""0"", ""tot_sel_req_jub_pre"": ""0"", ""tot_sel_req"": ""1134"", ""tot_buy_req"": ""12114"", ""tot_buy_req_jub_pre"": ""0"", ""ovt_sel_req_pre"": ""0"", ""ovt_sel_req"": ""0"", ""ovt_buy_req"": ""0"", ""ovt_buy_req_pre"": ""0"", ""return_code"": 0, ""return_msg"": ""정상적으로 처리되었습니다""}"
2026-06-10,scan_candidate,353200,,0,main_scan,157500,,157500,157400,157500,157500,-0.31746031746031744,0.06349206349206349,,,,,,"{""bid_req_base_tm"": ""105055"", ""sel_10th_pre_req_pre"": ""0"", ""sel_10th_pre_req"": ""1"", ""sel_10th_pre_bid"": ""+158400"", ""sel_9th_pre_req_pre"": ""0"", ""sel_9th_pre_req"": ""32"", ""sel_9th_pre_bid"": ""+158300"", ""sel_8th_pre_req_pre"": ""0"", ""sel_8th_pre_req"": ""2"", ""sel_8th_pre_bid"": ""+158200"", ""sel_7th_pre_req_pre"": ""0"", ""sel_7th_pre_req"": ""14"", ""sel_7th_pre_bid"": ""+158100"", ""sel_6th_pre_req_pre"": ""0"", ""sel_6th_pre_req"": ""73"", ""sel_6th_pre_bid"": ""+158000"", ""sel_5th_pre_req_pre"": ""0"", ""sel_5th_pre_req"": ""76"", ""sel_5th_pre_bid"": ""+157900"", ""sel_4th_pre_req_pre"": ""0"", ""sel_4th_pre_req"": ""84"", ""sel_4th_pre_bid"": ""+157800"", ""sel_3th_pre_req_pre"": ""0"", ""sel_3th_pre_req"": ""54"", ""sel_3th_pre_bid"": ""+157700"", ""sel_2th_pre_req_pre"": ""0"", ""sel_2th_pre_req"": ""55"", ""sel_2th_pre_bid"": ""+157600"", ""sel_1th_pre_req_pre"": ""+1"", ""sel_fpr_req"": ""52"", ""sel_fpr_bid"": ""+157500"", ""buy_fpr_bid"": ""+157400"", ""buy_fpr_req"": ""1"", ""buy_1th_pre_req_pre"": ""0"", ""buy_2th_pre_bid"": ""+157300"", ""buy_2th_pre_req"": ""9"", ""buy_2th_pre_req_pre"": ""0"", ""buy_3th_pre_bid"": ""+157200"", ""buy_3th_pre_req"": ""36"", ""buy_3th_pre_req_pre"": ""0"", ""buy_4th_pre_bid"": ""+157100"", ""buy_4th_pre_req"": ""287"", ""buy_4th_pre_req_pre"": ""0"", ""buy_5th_pre_bid"": ""+157000"", ""buy_5th_pre_req"": ""43"", ""buy_5th_pre_req_pre"": ""0"", ""buy_6th_pre_bid"": ""+156900"", ""buy_6th_pre_req"": ""98"", ""buy_6th_pre_req_pre"": ""0"", ""buy_7th_pre_bid"": ""+156800"", ""buy_7th_pre_req"": ""113"", ""buy_7th_pre_req_pre"": ""0"", ""buy_8th_pre_bid"": ""+156700"", ""buy_8th_pre_req"": ""222"", ""buy_8th_pre_req_pre"": ""0"", ""buy_9th_pre_bid"": ""+156600"", ""buy_9th_pre_req"": ""72"", ""buy_9th_pre_req_pre"": ""0"", ""buy_10th_pre_bid"": ""+156500"", ""buy_10th_pre_req"": ""41"", ""buy_10th_pre_req_pre"": ""0"", ""tot_sel_req_jub_pre"": ""+1"", ""tot_sel_req"": ""443"", ""tot_buy_req"": ""922"", ""tot_buy_req_jub_pre"": ""0"", ""ovt_sel_req_pre"": ""0"", ""ovt_sel_req"": ""0"", ""ovt_buy_req"": ""0"", ""ovt_buy_req_pre"": ""0"", ""return_code"": 0, ""return_msg"": ""정상적으로 처리되었습니다""}"
2026-06-10,scan_candidate,034220,,0,main_scan,13280,,13280,13270,13280,13250,-0.6024096385542169,0.07530120481927711,,,,,,"{""bid_req_base_tm"": ""105055"", ""sel_10th_pre_req_pre"": ""0"", ""sel_10th_pre_req"": ""3177"", ""sel_10th_pre_bid"": ""-13370"", ""sel_9th_pre_req_pre"": ""0"", ""sel_9th_pre_req"": ""1255"", ""sel_9th_pre_bid"": ""-13360"", ""sel_8th_pre_req_pre"": ""0"", ""sel_8th_pre_req"": ""1747"", ""sel_8th_pre_bid"": ""-13350"", ""sel_7th_pre_req_pre"": ""0"", ""sel_7th_pre_req"": ""626"", ""sel_7th_pre_bid"": ""-13340"", ""sel_6th_pre_req_pre"": ""0"", ""sel_6th_pre_req"": ""917"", ""sel_6th_pre_bid"": ""-13330"", ""sel_5th_pre_req_pre"": ""0"", ""sel_5th_pre_req"": ""384"", ""sel_5th_pre_bid"": ""-13320"", ""sel_4th_pre_req_pre"": ""0"", ""sel_4th_pre_req"": ""232"", ""sel_4th_pre_bid"": ""-13310"", ""sel_3th_pre_req_pre"": ""0"", ""sel_3th_pre_req"": ""1658"", ""sel_3th_pre_bid"": ""-13300"", ""sel_2th_pre_req_pre"": ""0"", ""sel_2th_pre_req"": ""61"", ""sel_2th_pre_bid"": ""-13290"", ""sel_1th_pre_req_pre"": ""+3"", ""sel_fpr_req"": ""2827"", ""sel_fpr_bid"": ""-13280"", ""buy_fpr_bid"": ""-13270"", ""buy_fpr_req"": ""197"", ""buy_1th_pre_req_pre"": ""+1"", ""buy_2th_pre_bid"": ""-13260"", ""buy_2th_pre_req"": ""1181"", ""buy_2th_pre_req_pre"": ""0"", ""buy_3th_pre_bid"": ""-13250"", ""buy_3th_pre_req"": ""1300"", ""buy_3th_pre_req_pre"": ""+2"", ""buy_4th_pre_bid"": ""-13240"", ""buy_4th_pre_req"": ""3478"", ""buy_4th_pre_req_pre"": ""0"", ""buy_5th_pre_bid"": ""-13230"", ""buy_5th_pre_req"": ""1474"", ""buy_5th_pre_req_pre"": ""0"", ""buy_6th_pre_bid"": ""-13220"", ""buy_6th_pre_req"": ""1605"", ""buy_6th_pre_req_pre"": ""0"", ""buy_7th_pre_bid"": ""-13210"", ""buy_7th_pre_req"": ""3591"", ""buy_7th_pre_req_pre"": ""0"", ""buy_8th_pre_bid"": ""-13200"", ""buy_8th_pre_req"": ""14340"", ""buy_8th_pre_req_pre"": ""0"", ""buy_9th_pre_bid"": ""-13190"", ""buy_9th_pre_req"": ""1064"", ""buy_9th_pre_req_pre"": ""0"", ""buy_10th_pre_bid"": ""-13180"", ""buy_10th_pre_req"": ""2284"", ""buy_10th_pre_req_pre"": ""0"", ""tot_sel_req_jub_pre"": ""+3"", ""tot_sel_req"": ""12884"", ""tot_buy_req"": ""30514"", ""tot_buy_req_jub_pre"": ""+3"", ""ovt_sel_req_pre"": ""0"", ""ovt_sel_req"": ""0"", ""ovt_buy_req"": ""0"", ""ovt_buy_req_pre"": ""0"", ""return_code"": 0, ""return_msg"": ""정상적으로 처리되었습니다""}"
2026-06-10,scan_candidate,267270,,0,main_scan,149800,,149800,149500,149800,149000,-0.8678237650200267,0.20026702269692925,,,,,,"{""bid_req_base_tm"": ""105055"", ""sel_10th_pre_req_pre"": ""0"", ""sel_10th_pre_req"": ""79"", ""sel_10th_pre_bid"": ""+150700"", ""sel_9th_pre_req_pre"": ""0"", ""sel_9th_pre_req"": ""550"", ""sel_9th_pre_bid"": ""+150600"", ""sel_8th_pre_req_pre"": ""0"", ""sel_8th_pre_req"": ""79"", ""sel_8th_pre_bid"": ""+150500"", ""sel_7th_pre_req_pre"": ""0"", ""sel_7th_pre_req"": ""71"", ""sel_7th_pre_bid"": ""+150400"", ""sel_6th_pre_req_pre"": ""0"", ""sel_6th_pre_req"": ""100"", ""sel_6th_pre_bid"": ""+150300"", ""sel_5th_pre_req_pre"": ""0"", ""sel_5th_pre_req"": ""35"", ""sel_5th_pre_bid"": ""+150200"", ""sel_4th_pre_req_pre"": ""0"", ""sel_4th_pre_req"": ""8"", ""sel_4th_pre_bid"": ""+150100"", ""sel_3th_pre_req_pre"": ""0"", ""sel_3th_pre_req"": ""174"", ""sel_3th_pre_bid"": ""+150000"", ""sel_2th_pre_req_pre"": ""0"", ""sel_2th_pre_req"": ""15"", ""sel_2th_pre_bid"": ""+149900"", ""sel_1th_pre_req_pre"": ""0"", ""sel_fpr_req"": ""74"", ""sel_fpr_bid"": ""+149800"", ""buy_fpr_bid"": ""+149500"", ""buy_fpr_req"": ""14"", ""buy_1th_pre_req_pre"": ""+11"", ""buy_2th_pre_bid"": ""+149400"", ""buy_2th_pre_req"": ""6"", ""buy_2th_pre_req_pre"": ""0"", ""buy_3th_pre_bid"": ""+149300"", ""buy_3th_pre_req"": ""8"", ""buy_3th_pre_req_pre"": ""0"", ""buy_4th_pre_bid"": ""+149200"", ""buy_4th_pre_req"": ""7"", ""buy_4th_pre_req_pre"": ""0"", ""buy_5th_pre_bid"": ""+149100"", ""buy_5th_pre_req"": ""16"", ""buy_5th_pre_req_pre"": ""0"", ""buy_6th_pre_bid"": ""+149000"", ""buy_6th_pre_req"": ""14"", ""buy_6th_pre_req_pre"": ""0"", ""buy_7th_pre_bid"": ""+148900"", ""buy_7th_pre_req"": ""10"", ""buy_7th_pre_req_pre"": ""0"", ""buy_8th_pre_bid"": ""+148800"", ""buy_8th_pre_req"": ""5"", ""buy_8th_pre_req_pre"": ""0"", ""buy_9th_pre_bid"": ""+148700"", ""buy_9th_pre_req"": ""4"", ""buy_9th_pre_req_pre"": ""0"", ""buy_10th_pre_bid"": ""+148600"", ""buy_10th_pre_req"": ""14"", ""buy_10th_pre_req_pre"": ""0"", ""tot_sel_req_jub_pre"": ""0"", ""tot_sel_req"": ""1185"", ""tot_buy_req"": ""98"", ""tot_buy_req_jub_pre"": ""+11"", ""ovt_sel_req_pre"": ""0"", ""ovt_sel_req"": ""0"", ""ovt_buy_req"": ""0"", ""ovt_buy_req_pre"": ""0"", ""return_code"": 0, ""return_msg"": ""정상적으로 처리되었습니다""}"
2026-06-10,scan_candidate,062040,,0,main_scan,226500,,226500,226000,226500,227000,0.0,0.22075055187637968,,,,,,"{""bid_req_base_tm"": ""105054"", ""sel_10th_pre_req_pre"": ""0"", ""sel_10th_pre_req"": ""406"", ""sel_10th_pre_bid"": ""+231000"", ""sel_9th_pre_req_pre"": ""0"", ""sel_9th_pre_req"": ""137"", ""sel_9th_pre_bid"": ""+230500"", ""sel_8th_pre_req_pre"": ""0"", ""sel_8th_pre_req"": ""424"", ""sel_8th_pre_bid"": ""+230000"", ""sel_7th_pre_req_pre"": ""0"", ""sel_7th_pre_req"": ""88"", ""sel_7th_pre_bid"": ""+229500"", ""sel_6th_pre_req_pre"": ""0"", ""sel_6th_pre_req"": ""41"", ""sel_6th_pre_bid"": ""+229000"", ""sel_5th_pre_req_pre"": ""0"", ""sel_5th_pre_req"": ""89"", ""sel_5th_pre_bid"": ""+228500"", ""sel_4th_pre_req_pre"": ""0"", ""sel_4th_pre_req"": ""149"", ""sel_4th_pre_bid"": ""+228000"", ""sel_3th_pre_req_pre"": ""0"", ""sel_3th_pre_req"": ""74"", ""sel_3th_pre_bid"": ""+227500"", ""sel_2th_pre_req_pre"": ""0"", ""sel_2th_pre_req"": ""135"", ""sel_2th_pre_bid"": ""+227000"", ""sel_1th_pre_req_pre"": ""--7"", ""sel_fpr_req"": ""324"", ""sel_fpr_bid"": ""+226500"", ""buy_fpr_bid"": ""+226000"", ""buy_fpr_req"": ""441"", ""buy_1th_pre_req_pre"": ""0"", ""buy_2th_pre_bid"": ""+225500"", ""buy_2th_pre_req"": ""273"", ""buy_2th_pre_req_pre"": ""0"", ""buy_3th_pre_bid"": ""225000"", ""buy_3th_pre_req"": ""671"", ""buy_3th_pre_req_pre"": ""0"", ""buy_4th_pre_bid"": ""-224500"", ""buy_4th_pre_req"": ""65"", ""buy_4th_pre_req_pre"": ""0"", ""buy_5th_pre_bid"": ""-224000"", ""buy_5th_pre_req"": ""181"", ""buy_5th_pre_req_pre"": ""0"", ""buy_6th_pre_bid"": ""-223500"", ""buy_6th_pre_req"": ""108"", ""buy_6th_pre_req_pre"": ""0"", ""buy_7th_pre_bid"": ""-223000"", ""buy_7th_pre_req"": ""296"", ""buy_7th_pre_req_pre"": ""0"", ""buy_8th_pre_bid"": ""-222500"", ""buy_8th_pre_req"": ""214"", ""buy_8th_pre_req_pre"": ""0"", ""buy_9th_pre_bid"": ""-222000"", ""buy_9th_pre_req"": ""185"", ""buy_9th_pre_req_pre"": ""0"", ""buy_10th_pre_bid"": ""-221500"", ""buy_10th_pre_req"": ""124"", ""buy_10th_pre_req_pre"": ""0"", ""tot_sel_req_jub_pre"": ""--7"", ""tot_sel_req"": ""1867"", ""tot_buy_req"": ""2558"", ""tot_buy_req_jub_pre"": ""0"", ""ovt_sel_req_pre"": ""0"", ""ovt_sel_req"": ""0"", ""ovt_buy_req"": ""0"", ""ovt_buy_req_pre"": ""0"", ""return_code"": 0, ""return_msg"": ""정상적으로 처리되었습니다""}"
2026-06-10,scan_candidate,078930,,0,main_scan,74100,,74100,73900,74100,74300,0.1349527665317139,0.2699055330634278,,,,,,"{""bid_req_base_tm"": ""105055"", ""sel_10th_pre_req_pre"": ""0"", ""sel_10th_pre_req"": ""1071"", ""sel_10th_pre_bid"": ""+75000"", ""sel_9th_pre_req_pre"": ""0"", ""sel_9th_pre_req"": ""32"", ""sel_9th_pre_bid"": ""+74900"", ""sel_8th_pre_req_pre"": ""0"", ""sel_8th_pre_req"": ""5"", ""sel_8th_pre_bid"": ""+74800"", ""sel_7th_pre_req_pre"": ""0"", ""sel_7th_pre_req"": ""237"", ""sel_7th_pre_bid"": ""+74700"", ""sel_6th_pre_req_pre"": ""0"", ""sel_6th_pre_req"": ""104"", ""sel_6th_pre_bid"": ""+74600"", ""sel_5th_pre_req_pre"": ""0"", ""sel_5th_pre_req"": ""74"", ""sel_5th_pre_bid"": ""+74500"", ""sel_4th_pre_req_pre"": ""0"", ""sel_4th_pre_req"": ""101"", ""sel_4th_pre_bid"": ""+74400"", ""sel_3th_pre_req_pre"": ""0"", ""sel_3th_pre_req"": ""161"", ""sel_3th_pre_bid"": ""+74300"", ""sel_2th_pre_req_pre"": ""0"", ""sel_2th_pre_req"": ""92"", ""sel_2th_pre_bid"": ""+74200"", ""sel_1th_pre_req_pre"": ""0"", ""sel_fpr_req"": ""112"", ""sel_fpr_bid"": ""+74100"", ""buy_fpr_bid"": ""+73900"", ""buy_fpr_req"": ""534"", ""buy_1th_pre_req_pre"": ""0"", ""buy_2th_pre_bid"": ""73800"", ""buy_2th_pre_req"": ""95"", ""buy_2th_pre_req_pre"": ""0"", ""buy_3th_pre_bid"": ""-73700"", ""buy_3th_pre_req"": ""81"", ""buy_3th_pre_req_pre"": ""--50"", ""buy_4th_pre_bid"": ""-73600"", ""buy_4th_pre_req"": ""2171"", ""buy_4th_pre_req_pre"": ""+50"", ""buy_5th_pre_bid"": ""-73500"", ""buy_5th_pre_req"": ""106"", ""buy_5th_pre_req_pre"": ""0"", ""buy_6th_pre_bid"": ""-73400"", ""buy_6th_pre_req"": ""1"", ""buy_6th_pre_req_pre"": ""0"", ""buy_7th_pre_bid"": ""-73200"", ""buy_7th_pre_req"": ""5"", ""buy_7th_pre_req_pre"": ""0"", ""buy_8th_pre_bid"": ""-73100"", ""buy_8th_pre_req"": ""150"", ""buy_8th_pre_req_pre"": ""0"", ""buy_9th_pre_bid"": ""-73000"", ""buy_9th_pre_req"": ""50"", ""buy_9th_pre_req_pre"": ""0"", ""buy_10th_pre_bid"": ""-72900"", ""buy_10th_pre_req"": ""5"", ""buy_10th_pre_req_pre"": ""0"", ""tot_sel_req_jub_pre"": ""0"", ""tot_sel_req"": ""1989"", ""tot_buy_req"": ""3198"", ""tot_buy_req_jub_pre"": ""0"", ""ovt_sel_req_pre"": ""0"", ""ovt_sel_req"": ""0"", ""ovt_buy_req"": ""0"", ""ovt_buy_req_pre"": ""0"", ""return_code"": 0, ""return_msg"": ""정상적으로 처리되었습니다""}"
2026-06-10,scan_candidate,090430,,0,main_scan,112400,,112400,112300,112400,112000,-0.800711743772242,0.0889679715302491,,,,,,"{""bid_req_base_tm"": ""105054"", ""sel_10th_pre_req_pre"": ""0"", ""sel_10th_pre_req"": ""184"", ""sel_10th_pre_bid"": ""+113400"", ""sel_9th_pre_req_pre"": ""0"", ""sel_9th_pre_req"": ""163"", ""sel_9th_pre_bid"": ""+113300"", ""sel_8th_pre_req_pre"": ""0"", ""sel_8th_pre_req"": ""109"", ""sel_8th_pre_bid"": ""+113200"", ""sel_7th_pre_req_pre"": ""0"", ""sel_7th_pre_req"": ""65"", ""sel_7th_pre_bid"": ""+113100"", ""sel_6th_pre_req_pre"": ""0"", ""sel_6th_pre_req"": ""77"", ""sel_6th_pre_bid"": ""+113000"", ""sel_5th_pre_req_pre"": ""0"", ""sel_5th_pre_req"": ""54"", ""sel_5th_pre_bid"": ""+112900"", ""sel_4th_pre_req_pre"": ""0"", ""sel_4th_pre_req"": ""58"", ""sel_4th_pre_bid"": ""+112800"", ""sel_3th_pre_req_pre"": ""0"", ""sel_3th_pre_req"": ""302"", ""sel_3th_pre_bid"": ""+112700"", ""sel_2th_pre_req_pre"": ""0"", ""sel_2th_pre_req"": ""411"", ""sel_2th_pre_bid"": ""+112500"", ""sel_1th_pre_req_pre"": ""0"", ""sel_fpr_req"": ""47"", ""sel_fpr_bid"": ""+112400"", ""buy_fpr_bid"": ""+112300"", ""buy_fpr_req"": ""209"", ""buy_1th_pre_req_pre"": ""0"", ""buy_2th_pre_bid"": ""+112200"", ""buy_2th_pre_req"": ""160"", ""buy_2th_pre_req_pre"": ""+35"", ""buy_3th_pre_bid"": ""+112100"", ""buy_3th_pre_req"": ""67"", ""buy_3th_pre_req_pre"": ""0"", ""buy_4th_pre_bid"": ""112000"", ""buy_4th_pre_req"": ""222"", ""buy_4th_pre_req_pre"": ""0"", ""buy_5th_pre_bid"": ""-111900"", ""buy_5th_pre_req"": ""24"", ""buy_5th_pre_req_pre"": ""0"", ""buy_6th_pre_bid"": ""-111800"", ""buy_6th_pre_req"": ""21"", ""buy_6th_pre_req_pre"": ""0"", ""buy_7th_pre_bid"": ""-111700"", ""buy_7th_pre_req"": ""203"", ""buy_7th_pre_req_pre"": ""0"", ""buy_8th_pre_bid"": ""-111600"", ""buy_8th_pre_req"": ""33"", ""buy_8th_pre_req_pre"": ""0"", ""buy_9th_pre_bid"": ""-111500"", ""buy_9th_pre_req"": ""2157"", ""buy_9th_pre_req_pre"": ""0"", ""buy_10th_pre_bid"": ""-111400"", ""buy_10th_pre_req"": ""121"", ""buy_10th_pre_req_pre"": ""0"", ""tot_sel_req_jub_pre"": ""0"", ""tot_sel_req"": ""1470"", ""tot_buy_req"": ""3217"", ""tot_buy_req_jub_pre"": ""+35"", ""ovt_sel_req_pre"": ""0"", ""ovt_sel_req"": ""0"", ""ovt_buy_req"": ""0"", ""ovt_buy_req_pre"": ""0"", ""return_code"": 0, ""return_msg"": ""정상적으로 처리되었습니다""}"
2026-06-10,scan_candidate,004170,,0,main_scan,676000,,676000,675000,676000,676000,-0.14792899408284024,0.14792899408284024,,,,,,"{""bid_req_base_tm"": ""105055"", ""sel_10th_pre_req_pre"": ""0"", ""sel_10th_pre_req"": ""134"", ""sel_10th_pre_bid"": ""+685000"", ""sel_9th_pre_req_pre"": ""0"", ""sel_9th_pre_req"": ""414"", ""sel_9th_pre_bid"": ""+684000"", ""sel_8th_pre_req_pre"": ""0"", ""sel_8th_pre_req"": ""8"", ""sel_8th_pre_bid"": ""+683000"", ""sel_7th_pre_req_pre"": ""0"", ""sel_7th_pre_req"": ""7"", ""sel_7th_pre_bid"": ""+682000"", ""sel_6th_pre_req_pre"": ""0"", ""sel_6th_pre_req"": ""114"", ""sel_6th_pre_bid"": ""+681000"", ""sel_5th_pre_req_pre"": ""0"", ""sel_5th_pre_req"": ""154"", ""sel_5th_pre_bid"": ""+680000"", ""sel_4th_pre_req_pre"": ""0"", ""sel_4th_pre_req"": ""47"", ""sel_4th_pre_bid"": ""+679000"", ""sel_3th_pre_req_pre"": ""0"", ""sel_3th_pre_req"": ""60"", ""sel_3th_pre_bid"": ""+678000"", ""sel_2th_pre_req_pre"": ""0"", ""sel_2th_pre_req"": ""36"", ""sel_2th_pre_bid"": ""+677000"", ""sel_1th_pre_req_pre"": ""0"", ""sel_fpr_req"": ""48"", ""sel_fpr_bid"": ""+676000"", ""buy_fpr_bid"": ""+675000"", ""buy_fpr_req"": ""14"", ""buy_1th_pre_req_pre"": ""0"", ""buy_2th_pre_bid"": ""+673000"", ""buy_2th_pre_req"": ""5"", ""buy_2th_pre_req_pre"": ""0"", ""buy_3th_pre_bid"": ""+672000"", ""buy_3th_pre_req"": ""5"", ""buy_3th_pre_req_pre"": ""0"", ""buy_4th_pre_bid"": ""+671000"", ""buy_4th_pre_req"": ""14"", ""buy_4th_pre_req_pre"": ""0"", ""buy_5th_pre_bid"": ""+670000"", ""buy_5th_pre_req"": ""36"", ""buy_5th_pre_req_pre"": ""0"", ""buy_6th_pre_bid"": ""+669000"", ""buy_6th_pre_req"": ""114"", ""buy_6th_pre_req_pre"": ""+1"", ""buy_7th_pre_bid"": ""+668000"", ""buy_7th_pre_req"": ""213"", ""buy_7th_pre_req_pre"": ""0"", ""buy_8th_pre_bid"": ""+667000"", ""buy_8th_pre_req"": ""811"", ""buy_8th_pre_req_pre"": ""0"", ""buy_9th_pre_bid"": ""+666000"", ""buy_9th_pre_req"": ""9"", ""buy_9th_pre_req_pre"": ""0"", ""buy_10th_pre_bid"": ""+665000"", ""buy_10th_pre_req"": ""1155"", ""buy_10th_pre_req_pre"": ""0"", ""tot_sel_req_jub_pre"": ""0"", ""tot_sel_req"": ""1022"", ""tot_buy_req"": ""2376"", ""tot_buy_req_jub_pre"": ""+1"", ""ovt_sel_req_pre"": ""0"", ""ovt_sel_req"": ""0"", ""ovt_buy_req"": ""0"", ""ovt_buy_req_pre"": ""0"", ""return_code"": 0, ""return_msg"": ""정상적으로 처리되었습니다""}"
2026-06-10,scan_candidate,036570,,0,main_scan,259000,,259000,258500,259000,258500,-0.3861003861003861,0.19305019305019305,,,,,,"{""bid_req_base_tm"": ""105056"", ""sel_10th_pre_req_pre"": ""0"", ""sel_10th_pre_req"": ""88"", ""sel_10th_pre_bid"": ""-263500"", ""sel_9th_pre_req_pre"": ""0"", ""sel_9th_pre_req"": ""50"", ""sel_9th_pre_bid"": ""-263000"", ""sel_8th_pre_req_pre"": ""0"", ""sel_8th_pre_req"": ""1028"", ""sel_8th_pre_bid"": ""-262500"", ""sel_7th_pre_req_pre"": ""0"", ""sel_7th_pre_req"": ""198"", ""sel_7th_pre_bid"": ""-262000"", ""sel_6th_pre_req_pre"": ""0"", ""sel_6th_pre_req"": ""55"", ""sel_6th_pre_bid"": ""-261500"", ""sel_5th_pre_req_pre"": ""0"", ""sel_5th_pre_req"": ""8"", ""sel_5th_pre_bid"": ""-261000"", ""sel_4th_pre_req_pre"": ""0"", ""sel_4th_pre_req"": ""16"", ""sel_4th_pre_bid"": ""-260500"", ""sel_3th_pre_req_pre"": ""0"", ""sel_3th_pre_req"": ""138"", ""sel_3th_pre_bid"": ""-260000"", ""sel_2th_pre_req_pre"": ""0"", ""sel_2th_pre_req"": ""125"", ""sel_2th_pre_bid"": ""-259500"", ""sel_1th_pre_req_pre"": ""0"", ""sel_fpr_req"": ""130"", ""sel_fpr_bid"": ""-259000"", ""buy_fpr_bid"": ""-258500"", ""buy_fpr_req"": ""46"", ""buy_1th_pre_req_pre"": ""+1"", ""buy_2th_pre_bid"": ""-258000"", ""buy_2th_pre_req"": ""75"", ""buy_2th_pre_req_pre"": ""0"", ""buy_3th_pre_bid"": ""-257500"", ""buy_3th_pre_req"": ""115"", ""buy_3th_pre_req_pre"": ""0"", ""buy_4th_pre_bid"": ""-257000"", ""buy_4th_pre_req"": ""112"", ""buy_4th_pre_req_pre"": ""0"", ""buy_5th_pre_bid"": ""-256500"", ""buy_5th_pre_req"": ""86"", ""buy_5th_pre_req_pre"": ""0"", ""buy_6th_pre_bid"": ""-256000"", ""buy_6th_pre_req"": ""125"", ""buy_6th_pre_req_pre"": ""0"", ""buy_7th_pre_bid"": ""-255500"", ""buy_7th_pre_req"": ""211"", ""buy_7th_pre_req_pre"": ""0"", ""buy_8th_pre_bid"": ""-255000"", ""buy_8th_pre_req"": ""345"", ""buy_8th_pre_req_pre"": ""0"", ""buy_9th_pre_bid"": ""-254500"", ""buy_9th_pre_req"": ""349"", ""buy_9th_pre_req_pre"": ""0"", ""buy_10th_pre_bid"": ""-254000"", ""buy_10th_pre_req"": ""351"", ""buy_10th_pre_req_pre"": ""0"", ""tot_sel_req_jub_pre"": ""0"", ""tot_sel_req"": ""1836"", ""tot_buy_req"": ""1815"", ""tot_buy_req_jub_pre"": ""+1"", ""ovt_sel_req_pre"": ""0"", ""ovt_sel_req"": ""0"", ""ovt_buy_req"": ""0"", ""ovt_buy_req_pre"": ""0"", ""return_code"": 0, ""return_msg"": ""정상적으로 처리되었습니다""}"
2026-06-10,scan_candidate,271560,,0,main_scan,132200,,132200,132100,132200,132000,-0.529500756429652,0.07564296520423601,,,,,,"{""bid_req_base_tm"": ""105052"", ""sel_10th_pre_req_pre"": ""0"", ""sel_10th_pre_req"": ""3"", ""sel_10th_pre_bid"": ""+133300"", ""sel_9th_pre_req_pre"": ""0"", ""sel_9th_pre_req"": ""3"", ""sel_9th_pre_bid"": ""+133200"", ""sel_8th_pre_req_pre"": ""0"", ""sel_8th_pre_req"": ""10"", ""sel_8th_pre_bid"": ""+133000"", ""sel_7th_pre_req_pre"": ""0"", ""sel_7th_pre_req"": ""25"", ""sel_7th_pre_bid"": ""132900"", ""sel_6th_pre_req_pre"": ""0"", ""sel_6th_pre_req"": ""2"", ""sel_6th_pre_bid"": ""-132800"", ""sel_5th_pre_req_pre"": ""0"", ""sel_5th_pre_req"": ""2"", ""sel_5th_pre_bid"": ""-132700"", ""sel_4th_pre_req_pre"": ""0"", ""sel_4th_pre_req"": ""13"", ""sel_4th_pre_bid"": ""-132500"", ""sel_3th_pre_req_pre"": ""0"", ""sel_3th_pre_req"": ""32"", ""sel_3th_pre_bid"": ""-132400"", ""sel_2th_pre_req_pre"": ""0"", ""sel_2th_pre_req"": ""141"", ""sel_2th_pre_bid"": ""-132300"", ""sel_1th_pre_req_pre"": ""0"", ""sel_fpr_req"": ""794"", ""sel_fpr_bid"": ""-132200"", ""buy_fpr_bid"": ""-132100"", ""buy_fpr_req"": ""319"", ""buy_1th_pre_req_pre"": ""--1"", ""buy_2th_pre_bid"": ""-132000"", ""buy_2th_pre_req"": ""33"", ""buy_2th_pre_req_pre"": ""0"", ""buy_3th_pre_bid"": ""-131900"", ""buy_3th_pre_req"": ""45"", ""buy_3th_pre_req_pre"": ""0"", ""buy_4th_pre_bid"": ""-131800"", ""buy_4th_pre_req"": ""2"", ""buy_4th_pre_req_pre"": ""0"", ""buy_5th_pre_bid"": ""-131700"", ""buy_5th_pre_req"": ""23"", ""buy_5th_pre_req_pre"": ""0"", ""buy_6th_pre_bid"": ""-131600"", ""buy_6th_pre_req"": ""2"", ""buy_6th_pre_req_pre"": ""0"", ""buy_7th_pre_bid"": ""-131500"", ""buy_7th_pre_req"": ""541"", ""buy_7th_pre_req_pre"": ""0"", ""buy_8th_pre_bid"": ""-131400"", ""buy_8th_pre_req"": ""35"", ""buy_8th_pre_req_pre"": ""0"", ""buy_9th_pre_bid"": ""-131300"", ""buy_9th_pre_req"": ""1"", ""buy_9th_pre_req_pre"": ""0"", ""buy_10th_pre_bid"": ""-131200"", ""buy_10th_pre_req"": ""100"", ""buy_10th_pre_req_pre"": ""0"", ""tot_sel_req_jub_pre"": ""0"", ""tot_sel_req"": ""1025"", ""tot_buy_req"": ""1101"", ""tot_buy_req_jub_pre"": ""--1"", ""ovt_sel_req_pre"": ""0"", ""ovt_sel_req"": ""0"", ""ovt_buy_req"": ""0"", ""ovt_buy_req_pre"": ""0"", ""return_code"": 0, ""return_msg"": ""정상적으로 처리되었습니다""}"
2026-06-10,scan_candidate,023530,,0,main_scan,195000,,195000,194900,195000,194000,-0.7692307692307693,0.05128205128205128,,,,,,"{""bid_req_base_tm"": ""105054"", ""sel_10th_pre_req_pre"": ""0"", ""sel_10th_pre_req"": ""30"", ""sel_10th_pre_bid"": ""+195900"", ""sel_9th_pre_req_pre"": ""0"", ""sel_9th_pre_req"": ""34"", ""sel_9th_pre_bid"": ""+195800"", ""sel_8th_pre_req_pre"": ""0"", ""sel_8th_pre_req"": ""375"", ""sel_8th_pre_bid"": ""+195700"", ""sel_7th_pre_req_pre"": ""0"", ""sel_7th_pre_req"": ""12"", ""sel_7th_pre_bid"": ""+195600"", ""sel_6th_pre_req_pre"": ""0"", ""sel_6th_pre_req"": ""405"", ""sel_6th_pre_bid"": ""+195500"", ""sel_5th_pre_req_pre"": ""0"", ""sel_5th_pre_req"": ""123"", ""sel_5th_pre_bid"": ""+195400"", ""sel_4th_pre_req_pre"": ""0"", ""sel_4th_pre_req"": ""17"", ""sel_4th_pre_bid"": ""+195300"", ""sel_3th_pre_req_pre"": ""0"", ""sel_3th_pre_req"": ""29"", ""sel_3th_pre_bid"": ""+195200"", ""sel_2th_pre_req_pre"": ""0"", ""sel_2th_pre_req"": ""92"", ""sel_2th_pre_bid"": ""+195100"", ""sel_1th_pre_req_pre"": ""0"", ""sel_fpr_req"": ""5359"", ""sel_fpr_bid"": ""+195000"", ""buy_fpr_bid"": ""+194900"", ""buy_fpr_req"": ""117"", ""buy_1th_pre_req_pre"": ""0"", ""buy_2th_pre_bid"": ""+194800"", ""buy_2th_pre_req"": ""230"", ""buy_2th_pre_req_pre"": ""+11"", ""buy_3th_pre_bid"": ""+194700"", ""buy_3th_pre_req"": ""93"", ""buy_3th_pre_req_pre"": ""0"", ""buy_4th_pre_bid"": ""+194600"", ""buy_4th_pre_req"": ""48"", ""buy_4th_pre_req_pre"": ""--6"", ""buy_5th_pre_bid"": ""+194400"", ""buy_5th_pre_req"": ""1"", ""buy_5th_pre_req_pre"": ""0"", ""buy_6th_pre_bid"": ""+194200"", ""buy_6th_pre_req"": ""1"", ""buy_6th_pre_req_pre"": ""0"", ""buy_7th_pre_bid"": ""+194100"", ""buy_7th_pre_req"": ""21"", ""buy_7th_pre_req_pre"": ""0"", ""buy_8th_pre_bid"": ""+194000"", ""buy_8th_pre_req"": ""3"", ""buy_8th_pre_req_pre"": ""0"", ""buy_9th_pre_bid"": ""+193900"", ""buy_9th_pre_req"": ""4"", ""buy_9th_pre_req_pre"": ""0"", ""buy_10th_pre_bid"": ""+193700"", ""buy_10th_pre_req"": ""10"", ""buy_10th_pre_req_pre"": ""0"", ""tot_sel_req_jub_pre"": ""0"", ""tot_sel_req"": ""6476"", ""tot_buy_req"": ""528"", ""tot_buy_req_jub_pre"": ""+5"", ""ovt_sel_req_pre"": ""0"", ""ovt_sel_req"": ""0"", ""ovt_buy_req"": ""0"", ""ovt_buy_req_pre"": ""0"", ""return_code"": 0, ""return_msg"": ""정상적으로 처리되었습니다""}"
2026-06-10,scan_candidate,175330,,0,main_scan,25600,,25600,25550,25600,25650,0.0,0.1953125,,,,,,"{""bid_req_base_tm"": ""105057"", ""sel_10th_pre_req_pre"": ""0"", ""sel_10th_pre_req"": ""601"", ""sel_10th_pre_bid"": ""+26050"", ""sel_9th_pre_req_pre"": ""0"", ""sel_9th_pre_req"": ""113"", ""sel_9th_pre_bid"": ""+26000"", ""sel_8th_pre_req_pre"": ""0"", ""sel_8th_pre_req"": ""142"", ""sel_8th_pre_bid"": ""+25950"", ""sel_7th_pre_req_pre"": ""0"", ""sel_7th_pre_req"": ""532"", ""sel_7th_pre_bid"": ""25900"", ""sel_6th_pre_req_pre"": ""0"", ""sel_6th_pre_req"": ""454"", ""sel_6th_pre_bid"": ""-25850"", ""sel_5th_pre_req_pre"": ""0"", ""sel_5th_pre_req"": ""208"", ""sel_5th_pre_bid"": ""-25800"", ""sel_4th_pre_req_pre"": ""0"", ""sel_4th_pre_req"": ""208"", ""sel_4th_pre_bid"": ""-25750"", ""sel_3th_pre_req_pre"": ""0"", ""sel_3th_pre_req"": ""127"", ""sel_3th_pre_bid"": ""-25700"", ""sel_2th_pre_req_pre"": ""0"", ""sel_2th_pre_req"": ""491"", ""sel_2th_pre_bid"": ""-25650"", ""sel_1th_pre_req_pre"": ""0"", ""sel_fpr_req"": ""2165"", ""sel_fpr_bid"": ""-25600"", ""buy_fpr_bid"": ""-25550"", ""buy_fpr_req"": ""1318"", ""buy_1th_pre_req_pre"": ""+31"", ""buy_2th_pre_bid"": ""-25500"", ""buy_2th_pre_req"": ""1110"", ""buy_2th_pre_req_pre"": ""0"", ""buy_3th_pre_bid"": ""-25450"", ""buy_3th_pre_req"": ""550"", ""buy_3th_pre_req_pre"": ""0"", ""buy_4th_pre_bid"": ""-25400"", ""buy_4th_pre_req"": ""996"", ""buy_4th_pre_req_pre"": ""0"", ""buy_5th_pre_bid"": ""-25350"", ""buy_5th_pre_req"": ""281"", ""buy_5th_pre_req_pre"": ""0"", ""buy_6th_pre_bid"": ""-25300"", ""buy_6th_pre_req"": ""389"", ""buy_6th_pre_req_pre"": ""0"", ""buy_7th_pre_bid"": ""-25250"", ""buy_7th_pre_req"": ""473"", ""buy_7th_pre_req_pre"": ""0"", ""buy_8th_pre_bid"": ""-25200"", ""buy_8th_pre_req"": ""214"", ""buy_8th_pre_req_pre"": ""0"", ""buy_9th_pre_bid"": ""-25150"", ""buy_9th_pre_req"": ""768"", ""buy_9th_pre_req_pre"": ""0"", ""buy_10th_pre_bid"": ""-25100"", ""buy_10th_pre_req"": ""475"", ""buy_10th_pre_req_pre"": ""0"", ""tot_sel_req_jub_pre"": ""0"", ""tot_sel_req"": ""5041"", ""tot_buy_req"": ""6574"", ""tot_buy_req_jub_pre"": ""+31"", ""ovt_sel_req_pre"": ""0"", ""ovt_sel_req"": ""0"", ""ovt_buy_req"": ""0"", ""ovt_buy_req_pre"": ""0"", ""return_code"": 0, ""return_msg"": ""정상적으로 처리되었습니다""}"
2026-06-10,scan_candidate,088350,,0,main_scan,4865,,4865,4855,4865,4870,0.0,0.20554984583761562,,,,,,"{""bid_req_base_tm"": ""105057"", ""sel_10th_pre_req_pre"": ""0"", ""sel_10th_pre_req"": ""470"", ""sel_10th_pre_bid"": ""-4910"", ""sel_9th_pre_req_pre"": ""0"", ""sel_9th_pre_req"": ""101"", ""sel_9th_pre_bid"": ""-4905"", ""sel_8th_pre_req_pre"": ""0"", ""sel_8th_pre_req"": ""843"", ""sel_8th_pre_bid"": ""-4900"", ""sel_7th_pre_req_pre"": ""0"", ""sel_7th_pre_req"": ""31"", ""sel_7th_pre_bid"": ""-4895"", ""sel_6th_pre_req_pre"": ""0"", ""sel_6th_pre_req"": ""202"", ""sel_6th_pre_bid"": ""-4890"", ""sel_5th_pre_req_pre"": ""0"", ""sel_5th_pre_req"": ""1261"", ""sel_5th_pre_bid"": ""-4885"", ""sel_4th_pre_req_pre"": ""0"", ""sel_4th_pre_req"": ""244"", ""sel_4th_pre_bid"": ""-4880"", ""sel_3th_pre_req_pre"": ""0"", ""sel_3th_pre_req"": ""743"", ""sel_3th_pre_bid"": ""-4875"", ""sel_2th_pre_req_pre"": ""0"", ""sel_2th_pre_req"": ""366"", ""sel_2th_pre_bid"": ""-4870"", ""sel_1th_pre_req_pre"": ""0"", ""sel_fpr_req"": ""9915"", ""sel_fpr_bid"": ""-4865"", ""buy_fpr_bid"": ""-4855"", ""buy_fpr_req"": ""702"", ""buy_1th_pre_req_pre"": ""0"", ""buy_2th_pre_bid"": ""-4850"", ""buy_2th_pre_req"": ""3404"", ""buy_2th_pre_req_pre"": ""0"", ""buy_3th_pre_bid"": ""-4845"", ""buy_3th_pre_req"": ""1126"", ""buy_3th_pre_req_pre"": ""0"", ""buy_4th_pre_bid"": ""-4840"", ""buy_4th_pre_req"": ""1593"", ""buy_4th_pre_req_pre"": ""+1"", ""buy_5th_pre_bid"": ""-4835"", ""buy_5th_pre_req"": ""4984"", ""buy_5th_pre_req_pre"": ""0"", ""buy_6th_pre_bid"": ""-4830"", ""buy_6th_pre_req"": ""7630"", ""buy_6th_pre_req_pre"": ""0"", ""buy_7th_pre_bid"": ""-4825"", ""buy_7th_pre_req"": ""9874"", ""buy_7th_pre_req_pre"": ""0"", ""buy_8th_pre_bid"": ""-4820"", ""buy_8th_pre_req"": ""15362"", ""buy_8th_pre_req_pre"": ""0"", ""buy_9th_pre_bid"": ""-4815"", ""buy_9th_pre_req"": ""21930"", ""buy_9th_pre_req_pre"": ""0"", ""buy_10th_pre_bid"": ""-4810"", ""buy_10th_pre_req"": ""5519"", ""buy_10th_pre_req_pre"": ""0"", ""tot_sel_req_jub_pre"": ""0"", ""tot_sel_req"": ""14176"", ""tot_buy_req"": ""72124"", ""tot_buy_req_jub_pre"": ""+1"", ""ovt_sel_req_pre"": ""0"", ""ovt_sel_req"": ""0"", ""ovt_buy_req"": ""0"", ""ovt_buy_req_pre"": ""0"", ""return_code"": 0, ""return_msg"": ""정상적으로 처리되었습니다""}"
2026-06-10,scan_candidate,069960,,0,main_scan,170900,,170900,170800,170900,171000,-0.23405500292568754,0.058513750731421885,,,,,,"{""bid_req_base_tm"": ""105057"", ""sel_10th_pre_req_pre"": ""0"", ""sel_10th_pre_req"": ""3"", ""sel_10th_pre_bid"": ""+172100"", ""sel_9th_pre_req_pre"": ""0"", ""sel_9th_pre_req"": ""10"", ""sel_9th_pre_bid"": ""+172000"", ""sel_8th_pre_req_pre"": ""0"", ""sel_8th_pre_req"": ""143"", ""sel_8th_pre_bid"": ""+171900"", ""sel_7th_pre_req_pre"": ""0"", ""sel_7th_pre_req"": ""6"", ""sel_7th_pre_bid"": ""+171800"", ""sel_6th_pre_req_pre"": ""0"", ""sel_6th_pre_req"": ""2"", ""sel_6th_pre_bid"": ""+171500"", ""sel_5th_pre_req_pre"": ""0"", ""sel_5th_pre_req"": ""1"", ""sel_5th_pre_bid"": ""+171400"", ""sel_4th_pre_req_pre"": ""0"", ""sel_4th_pre_req"": ""2"", ""sel_4th_pre_bid"": ""+171200"", ""sel_3th_pre_req_pre"": ""0"", ""sel_3th_pre_req"": ""13"", ""sel_3th_pre_bid"": ""+171100"", ""sel_2th_pre_req_pre"": ""0"", ""sel_2th_pre_req"": ""25"", ""sel_2th_pre_bid"": ""+171000"", ""sel_1th_pre_req_pre"": ""+7"", ""sel_fpr_req"": ""70"", ""sel_fpr_bid"": ""+170900"", ""buy_fpr_bid"": ""+170800"", ""buy_fpr_req"": ""25"", ""buy_1th_pre_req_pre"": ""0"", ""buy_2th_pre_bid"": ""+170300"", ""buy_2th_pre_req"": ""135"", ""buy_2th_pre_req_pre"": ""0"", ""buy_3th_pre_bid"": ""+170100"", ""buy_3th_pre_req"": ""2"", ""buy_3th_pre_req_pre"": ""0"", ""buy_4th_pre_bid"": ""+170000"", ""buy_4th_pre_req"": ""34"", ""buy_4th_pre_req_pre"": ""0"", ""buy_5th_pre_bid"": ""+169900"", ""buy_5th_pre_req"": ""96"", ""buy_5th_pre_req_pre"": ""0"", ""buy_6th_pre_bid"": ""+169800"", ""buy_6th_pre_req"": ""5"", ""buy_6th_pre_req_pre"": ""0"", ""buy_7th_pre_bid"": ""+169700"", ""buy_7th_pre_req"": ""6"", ""buy_7th_pre_req_pre"": ""0"", ""buy_8th_pre_bid"": ""+169600"", ""buy_8th_pre_req"": ""1"", ""buy_8th_pre_req_pre"": ""0"", ""buy_9th_pre_bid"": ""+169500"", ""buy_9th_pre_req"": ""51"", ""buy_9th_pre_req_pre"": ""0"", ""buy_10th_pre_bid"": ""+169400"", ""buy_10th_pre_req"": ""5"", ""buy_10th_pre_req_pre"": ""0"", ""tot_sel_req_jub_pre"": ""+7"", ""tot_sel_req"": ""275"", ""tot_buy_req"": ""360"", ""tot_buy_req_jub_pre"": ""0"", ""ovt_sel_req_pre"": ""0"", ""ovt_sel_req"": ""0"", ""ovt_buy_req"": ""0"", ""ovt_buy_req_pre"": ""0"", ""return_code"": 0, ""return_msg"": ""정상적으로 처리되었습니다""}"
2026-06-10,scan_candidate,111770,,0,main_scan,78800,,78800,78700,78800,78900,0.0,0.12690355329949238,,,,,,"{""bid_req_base_tm"": ""105055"", ""sel_10th_pre_req_pre"": ""0"", ""sel_10th_pre_req"": ""13"", ""sel_10th_pre_bid"": ""+79800"", ""sel_9th_pre_req_pre"": ""0"", ""sel_9th_pre_req"": ""11"", ""sel_9th_pre_bid"": ""+79700"", ""sel_8th_pre_req_pre"": ""0"", ""sel_8th_pre_req"": ""2"", ""sel_8th_pre_bid"": ""+79600"", ""sel_7th_pre_req_pre"": ""0"", ""sel_7th_pre_req"": ""9"", ""sel_7th_pre_bid"": ""+79500"", ""sel_6th_pre_req_pre"": ""0"", ""sel_6th_pre_req"": ""10"", ""sel_6th_pre_bid"": ""+79400"", ""sel_5th_pre_req_pre"": ""0"", ""sel_5th_pre_req"": ""1"", ""sel_5th_pre_bid"": ""+79300"", ""sel_4th_pre_req_pre"": ""0"", ""sel_4th_pre_req"": ""2"", ""sel_4th_pre_bid"": ""+79100"", ""sel_3th_pre_req_pre"": ""0"", ""sel_3th_pre_req"": ""82"", ""sel_3th_pre_bid"": ""+79000"", ""sel_2th_pre_req_pre"": ""0"", ""sel_2th_pre_req"": ""35"", ""sel_2th_pre_bid"": ""+78900"", ""sel_1th_pre_req_pre"": ""0"", ""sel_fpr_req"": ""170"", ""sel_fpr_bid"": ""+78800"", ""buy_fpr_bid"": ""+78700"", ""buy_fpr_req"": ""40"", ""buy_1th_pre_req_pre"": ""0"", ""buy_2th_pre_bid"": ""+78600"", ""buy_2th_pre_req"": ""82"", ""buy_2th_pre_req_pre"": ""0"", ""buy_3th_pre_bid"": ""+78500"", ""buy_3th_pre_req"": ""11"", ""buy_3th_pre_req_pre"": ""+2"", ""buy_4th_pre_bid"": ""+78400"", ""buy_4th_pre_req"": ""64"", ""buy_4th_pre_req_pre"": ""0"", ""buy_5th_pre_bid"": ""+78300"", ""buy_5th_pre_req"": ""56"", ""buy_5th_pre_req_pre"": ""0"", ""buy_6th_pre_bid"": ""+78100"", ""buy_6th_pre_req"": ""6"", ""buy_6th_pre_req_pre"": ""0"", ""buy_7th_pre_bid"": ""78000"", ""buy_7th_pre_req"": ""79"", ""buy_7th_pre_req_pre"": ""0"", ""buy_8th_pre_bid"": ""-77900"", ""buy_8th_pre_req"": ""59"", ""buy_8th_pre_req_pre"": ""0"", ""buy_9th_pre_bid"": ""-77800"", ""buy_9th_pre_req"": ""7"", ""buy_9th_pre_req_pre"": ""0"", ""buy_10th_pre_bid"": ""-77700"", ""buy_10th_pre_req"": ""19"", ""buy_10th_pre_req_pre"": ""0"", ""tot_sel_req_jub_pre"": ""0"", ""tot_sel_req"": ""335"", ""tot_buy_req"": ""423"", ""tot_buy_req_jub_pre"": ""+2"", ""ovt_sel_req_pre"": ""0"", ""ovt_sel_req"": ""0"", ""ovt_buy_req"": ""0"", ""ovt_buy_req_pre"": ""0"", ""return_code"": 0, ""return_msg"": ""정상적으로 처리되었습니다""}"
2026-06-10,scan_candidate,489790,,0,main_scan,69300,,69300,69100,69300,69400,0.0,0.2886002886002886,,,,,,"{""bid_req_base_tm"": ""105056"", ""sel_10th_pre_req_pre"": ""0"", ""sel_10th_pre_req"": ""261"", ""sel_10th_pre_bid"": ""+70200"", ""sel_9th_pre_req_pre"": ""0"", ""sel_9th_pre_req"": ""211"", ""sel_9th_pre_bid"": ""+70100"", ""sel_8th_pre_req_pre"": ""0"", ""sel_8th_pre_req"": ""376"", ""sel_8th_pre_bid"": ""+70000"", ""sel_7th_pre_req_pre"": ""0"", ""sel_7th_pre_req"": ""6"", ""sel_7th_pre_bid"": ""+69900"", ""sel_6th_pre_req_pre"": ""0"", ""sel_6th_pre_req"": ""2"", ""sel_6th_pre_bid"": ""+69800"", ""sel_5th_pre_req_pre"": ""0"", ""sel_5th_pre_req"": ""43"", ""sel_5th_pre_bid"": ""+69700"", ""sel_4th_pre_req_pre"": ""0"", ""sel_4th_pre_req"": ""1"", ""sel_4th_pre_bid"": ""+69600"", ""sel_3th_pre_req_pre"": ""0"", ""sel_3th_pre_req"": ""42"", ""sel_3th_pre_bid"": ""+69500"", ""sel_2th_pre_req_pre"": ""--5"", ""sel_2th_pre_req"": ""58"", ""sel_2th_pre_bid"": ""+69400"", ""sel_1th_pre_req_pre"": ""+5"", ""sel_fpr_req"": ""22"", ""sel_fpr_bid"": ""+69300"", ""buy_fpr_bid"": ""+69100"", ""buy_fpr_req"": ""167"", ""buy_1th_pre_req_pre"": ""0"", ""buy_2th_pre_bid"": ""+69000"", ""buy_2th_pre_req"": ""670"", ""buy_2th_pre_req_pre"": ""0"", ""buy_3th_pre_bid"": ""+68900"", ""buy_3th_pre_req"": ""36"", ""buy_3th_pre_req_pre"": ""0"", ""buy_4th_pre_bid"": ""+68800"", ""buy_4th_pre_req"": ""91"", ""buy_4th_pre_req_pre"": ""0"", ""buy_5th_pre_bid"": ""+68700"", ""buy_5th_pre_req"": ""108"", ""buy_5th_pre_req_pre"": ""0"", ""buy_6th_pre_bid"": ""+68600"", ""buy_6th_pre_req"": ""222"", ""buy_6th_pre_req_pre"": ""0"", ""buy_7th_pre_bid"": ""+68500"", ""buy_7th_pre_req"": ""833"", ""buy_7th_pre_req_pre"": ""0"", ""buy_8th_pre_bid"": ""+68400"", ""buy_8th_pre_req"": ""115"", ""buy_8th_pre_req_pre"": ""0"", ""buy_9th_pre_bid"": ""+68300"", ""buy_9th_pre_req"": ""783"", ""buy_9th_pre_req_pre"": ""0"", ""buy_10th_pre_bid"": ""+68200"", ""buy_10th_pre_req"": ""158"", ""buy_10th_pre_req_pre"": ""0"", ""tot_sel_req_jub_pre"": ""0"", ""tot_sel_req"": ""1022"", ""tot_buy_req"": ""3183"", ""tot_buy_req_jub_pre"": ""0"", ""ovt_sel_req_pre"": ""0"", ""ovt_sel_req"": ""0"", ""ovt_buy_req"": ""0"", ""ovt_buy_req_pre"": ""0"", ""return_code"": 0, ""return_msg"": ""정상적으로 처리되었습니다""}"
2026-06-10,scan_candidate,085620,,0,main_scan,22250,,22250,22150,22250,22350,0.22471910112359553,0.44943820224719105,,,,,,"{""bid_req_base_tm"": ""105058"", ""sel_10th_pre_req_pre"": ""0"", ""sel_10th_pre_req"": ""463"", ""sel_10th_pre_bid"": ""-22700"", ""sel_9th_pre_req_pre"": ""0"", ""sel_9th_pre_req"": ""288"", ""sel_9th_pre_bid"": ""-22650"", ""sel_8th_pre_req_pre"": ""0"", ""sel_8th_pre_req"": ""982"", ""sel_8th_pre_bid"": ""-22600"", ""sel_7th_pre_req_pre"": ""0"", ""sel_7th_pre_req"": ""836"", ""sel_7th_pre_bid"": ""-22550"", ""sel_6th_pre_req_pre"": ""0"", ""sel_6th_pre_req"": ""847"", ""sel_6th_pre_bid"": ""-22500"", ""sel_5th_pre_req_pre"": ""0"", ""sel_5th_pre_req"": ""323"", ""sel_5th_pre_bid"": ""-22450"", ""sel_4th_pre_req_pre"": ""0"", ""sel_4th_pre_req"": ""253"", ""sel_4th_pre_bid"": ""-22400"", ""sel_3th_pre_req_pre"": ""0"", ""sel_3th_pre_req"": ""38"", ""sel_3th_pre_bid"": ""-22350"", ""sel_2th_pre_req_pre"": ""0"", ""sel_2th_pre_req"": ""248"", ""sel_2th_pre_bid"": ""-22300"", ""sel_1th_pre_req_pre"": ""0"", ""sel_fpr_req"": ""156"", ""sel_fpr_bid"": ""-22250"", ""buy_fpr_bid"": ""-22150"", ""buy_fpr_req"": ""697"", ""buy_1th_pre_req_pre"": ""0"", ""buy_2th_pre_bid"": ""-22100"", ""buy_2th_pre_req"": ""1699"", ""buy_2th_pre_req_pre"": ""0"", ""buy_3th_pre_bid"": ""-22050"", ""buy_3th_pre_req"": ""2784"", ""buy_3th_pre_req_pre"": ""0"", ""buy_4th_pre_bid"": ""-22000"", ""buy_4th_pre_req"": ""1834"", ""buy_4th_pre_req_pre"": ""0"", ""buy_5th_pre_bid"": ""-21950"", ""buy_5th_pre_req"": ""2340"", ""buy_5th_pre_req_pre"": ""0"", ""buy_6th_pre_bid"": ""-21900"", ""buy_6th_pre_req"": ""2655"", ""buy_6th_pre_req_pre"": ""0"", ""buy_7th_pre_bid"": ""-21850"", ""buy_7th_pre_req"": ""1876"", ""buy_7th_pre_req_pre"": ""0"", ""buy_8th_pre_bid"": ""-21800"", ""buy_8th_pre_req"": ""2406"", ""buy_8th_pre_req_pre"": ""0"", ""buy_9th_pre_bid"": ""-21750"", ""buy_9th_pre_req"": ""4039"", ""buy_9th_pre_req_pre"": ""0"", ""buy_10th_pre_bid"": ""-21700"", ""buy_10th_pre_req"": ""1193"", ""buy_10th_pre_req_pre"": ""0"", ""tot_sel_req_jub_pre"": ""0"", ""tot_sel_req"": ""4434"", ""tot_buy_req"": ""21523"", ""tot_buy_req_jub_pre"": ""0"", ""ovt_sel_req_pre"": ""0"", ""ovt_sel_req"": ""0"", ""ovt_buy_req"": ""0"", ""ovt_buy_req_pre"": ""0"", ""return_code"": 0, ""return_msg"": ""정상적으로 처리되었습니다""}"
2026-06-10,scan_candidate,001450,,0,main_scan,37550,,37550,37500,37550,37650,0.13315579227696406,0.13315579227696406,,,,,,"{""bid_req_base_tm"": ""105058"", ""sel_10th_pre_req_pre"": ""0"", ""sel_10th_pre_req"": ""535"", ""sel_10th_pre_bid"": ""+38100"", ""sel_9th_pre_req_pre"": ""0"", ""sel_9th_pre_req"": ""283"", ""sel_9th_pre_bid"": ""+38050"", ""sel_8th_pre_req_pre"": ""0"", ""sel_8th_pre_req"": ""507"", ""sel_8th_pre_bid"": ""+38000"", ""sel_7th_pre_req_pre"": ""0"", ""sel_7th_pre_req"": ""136"", ""sel_7th_pre_bid"": ""+37950"", ""sel_6th_pre_req_pre"": ""0"", ""sel_6th_pre_req"": ""11"", ""sel_6th_pre_bid"": ""+37850"", ""sel_5th_pre_req_pre"": ""0"", ""sel_5th_pre_req"": ""11"", ""sel_5th_pre_bid"": ""+37800"", ""sel_4th_pre_req_pre"": ""0"", ""sel_4th_pre_req"": ""412"", ""sel_4th_pre_bid"": ""+37700"", ""sel_3th_pre_req_pre"": ""0"", ""sel_3th_pre_req"": ""80"", ""sel_3th_pre_bid"": ""+37650"", ""sel_2th_pre_req_pre"": ""0"", ""sel_2th_pre_req"": ""85"", ""sel_2th_pre_bid"": ""+37600"", ""sel_1th_pre_req_pre"": ""0"", ""sel_fpr_req"": ""35"", ""sel_fpr_bid"": ""+37550"", ""buy_fpr_bid"": ""+37500"", ""buy_fpr_req"": ""363"", ""buy_1th_pre_req_pre"": ""--100"", ""buy_2th_pre_bid"": ""+37450"", ""buy_2th_pre_req"": ""570"", ""buy_2th_pre_req_pre"": ""0"", ""buy_3th_pre_bid"": ""+37400"", ""buy_3th_pre_req"": ""224"", ""buy_3th_pre_req_pre"": ""0"", ""buy_4th_pre_bid"": ""+37350"", ""buy_4th_pre_req"": ""194"", ""buy_4th_pre_req_pre"": ""0"", ""buy_5th_pre_bid"": ""+37300"", ""buy_5th_pre_req"": ""359"", ""buy_5th_pre_req_pre"": ""0"", ""buy_6th_pre_bid"": ""+37250"", ""buy_6th_pre_req"": ""72"", ""buy_6th_pre_req_pre"": ""0"", ""buy_7th_pre_bid"": ""+37200"", ""buy_7th_pre_req"": ""489"", ""buy_7th_pre_req_pre"": ""0"", ""buy_8th_pre_bid"": ""+37150"", ""buy_8th_pre_req"": ""173"", ""buy_8th_pre_req_pre"": ""0"", ""buy_9th_pre_bid"": ""+37100"", ""buy_9th_pre_req"": ""647"", ""buy_9th_pre_req_pre"": ""0"", ""buy_10th_pre_bid"": ""+37050"", ""buy_10th_pre_req"": ""34"", ""buy_10th_pre_req_pre"": ""0"", ""tot_sel_req_jub_pre"": ""0"", ""tot_sel_req"": ""2095"", ""tot_buy_req"": ""3125"", ""tot_buy_req_jub_pre"": ""--100"", ""ovt_sel_req_pre"": ""0"", ""ovt_sel_req"": ""0"", ""ovt_buy_req"": ""0"", ""ovt_buy_req_pre"": ""0"", ""return_code"": 0, ""return_msg"": ""정상적으로 처리되었습니다""}"
2026-06-10,scan_candidate,036460,,0,main_scan,34450,,34450,34400,34450,34500,0.0,0.14513788098693758,,,,,,"{""bid_req_base_tm"": ""105056"", ""sel_10th_pre_req_pre"": ""0"", ""sel_10th_pre_req"": ""57"", ""sel_10th_pre_bid"": ""+34950"", ""sel_9th_pre_req_pre"": ""0"", ""sel_9th_pre_req"": ""619"", ""sel_9th_pre_bid"": ""+34900"", ""sel_8th_pre_req_pre"": ""+1"", ""sel_8th_pre_req"": ""533"", ""sel_8th_pre_bid"": ""+34850"", ""sel_7th_pre_req_pre"": ""0"", ""sel_7th_pre_req"": ""210"", ""sel_7th_pre_bid"": ""+34800"", ""sel_6th_pre_req_pre"": ""0"", ""sel_6th_pre_req"": ""578"", ""sel_6th_pre_bid"": ""+34750"", ""sel_5th_pre_req_pre"": ""0"", ""sel_5th_pre_req"": ""662"", ""sel_5th_pre_bid"": ""+34700"", ""sel_4th_pre_req_pre"": ""0"", ""sel_4th_pre_req"": ""282"", ""sel_4th_pre_bid"": ""+34650"", ""sel_3th_pre_req_pre"": ""0"", ""sel_3th_pre_req"": ""954"", ""sel_3th_pre_bid"": ""+34600"", ""sel_2th_pre_req_pre"": ""0"", ""sel_2th_pre_req"": ""109"", ""sel_2th_pre_bid"": ""+34550"", ""sel_1th_pre_req_pre"": ""0"", ""sel_fpr_req"": ""297"", ""sel_fpr_bid"": ""+34450"", ""buy_fpr_bid"": ""+34400"", ""buy_fpr_req"": ""333"", ""buy_1th_pre_req_pre"": ""0"", ""buy_2th_pre_bid"": ""+34350"", ""buy_2th_pre_req"": ""112"", ""buy_2th_pre_req_pre"": ""0"", ""buy_3th_pre_bid"": ""+34300"", ""buy_3th_pre_req"": ""84"", ""buy_3th_pre_req_pre"": ""0"", ""buy_4th_pre_bid"": ""+34250"", ""buy_4th_pre_req"": ""743"", ""buy_4th_pre_req_pre"": ""0"", ""buy_5th_pre_bid"": ""+34200"", ""buy_5th_pre_req"": ""683"", ""buy_5th_pre_req_pre"": ""0"", ""buy_6th_pre_bid"": ""+34150"", ""buy_6th_pre_req"": ""671"", ""buy_6th_pre_req_pre"": ""0"", ""buy_7th_pre_bid"": ""+34100"", ""buy_7th_pre_req"": ""731"", ""buy_7th_pre_req_pre"": ""0"", ""buy_8th_pre_bid"": ""+34050"", ""buy_8th_pre_req"": ""1418"", ""buy_8th_pre_req_pre"": ""0"", ""buy_9th_pre_bid"": ""34000"", ""buy_9th_pre_req"": ""3355"", ""buy_9th_pre_req_pre"": ""0"", ""buy_10th_pre_bid"": ""-33950"", ""buy_10th_pre_req"": ""854"", ""buy_10th_pre_req_pre"": ""0"", ""tot_sel_req_jub_pre"": ""+1"", ""tot_sel_req"": ""4301"", ""tot_buy_req"": ""8984"", ""tot_buy_req_jub_pre"": ""0"", ""ovt_sel_req_pre"": ""0"", ""ovt_sel_req"": ""0"", ""ovt_buy_req"": ""0"", ""ovt_buy_req_pre"": ""0"", ""return_code"": 0, ""return_msg"": ""정상적으로 처리되었습니다""}"
2026-06-10,scan_candidate,017800,,0,main_scan,77100,,77100,77000,77100,77000,-0.25940337224383914,0.12970168612191957,,,,,,"{""bid_req_base_tm"": ""105057"", ""sel_10th_pre_req_pre"": ""0"", ""sel_10th_pre_req"": ""83"", ""sel_10th_pre_bid"": ""+78000"", ""sel_9th_pre_req_pre"": ""0"", ""sel_9th_pre_req"": ""11"", ""sel_9th_pre_bid"": ""+77900"", ""sel_8th_pre_req_pre"": ""0"", ""sel_8th_pre_req"": ""151"", ""sel_8th_pre_bid"": ""+77800"", ""sel_7th_pre_req_pre"": ""0"", ""sel_7th_pre_req"": ""12"", ""sel_7th_pre_bid"": ""+77700"", ""sel_6th_pre_req_pre"": ""0"", ""sel_6th_pre_req"": ""9"", ""sel_6th_pre_bid"": ""+77600"", ""sel_5th_pre_req_pre"": ""0"", ""sel_5th_pre_req"": ""52"", ""sel_5th_pre_bid"": ""+77500"", ""sel_4th_pre_req_pre"": ""0"", ""sel_4th_pre_req"": ""37"", ""sel_4th_pre_bid"": ""+77400"", ""sel_3th_pre_req_pre"": ""0"", ""sel_3th_pre_req"": ""10"", ""sel_3th_pre_bid"": ""+77300"", ""sel_2th_pre_req_pre"": ""0"", ""sel_2th_pre_req"": ""10"", ""sel_2th_pre_bid"": ""+77200"", ""sel_1th_pre_req_pre"": ""+77"", ""sel_fpr_req"": ""207"", ""sel_fpr_bid"": ""+77100"", ""buy_fpr_bid"": ""+77000"", ""buy_fpr_req"": ""149"", ""buy_1th_pre_req_pre"": ""0"", ""buy_2th_pre_bid"": ""+76900"", ""buy_2th_pre_req"": ""16"", ""buy_2th_pre_req_pre"": ""0"", ""buy_3th_pre_bid"": ""+76800"", ""buy_3th_pre_req"": ""202"", ""buy_3th_pre_req_pre"": ""0"", ""buy_4th_pre_bid"": ""76700"", ""buy_4th_pre_req"": ""16"", ""buy_4th_pre_req_pre"": ""0"", ""buy_5th_pre_bid"": ""-76600"", ""buy_5th_pre_req"": ""19"", ""buy_5th_pre_req_pre"": ""0"", ""buy_6th_pre_bid"": ""-76500"", ""buy_6th_pre_req"": ""51"", ""buy_6th_pre_req_pre"": ""0"", ""buy_7th_pre_bid"": ""-76400"", ""buy_7th_pre_req"": ""5"", ""buy_7th_pre_req_pre"": ""0"", ""buy_8th_pre_bid"": ""-76300"", ""buy_8th_pre_req"": ""12"", ""buy_8th_pre_req_pre"": ""0"", ""buy_9th_pre_bid"": ""-76200"", ""buy_9th_pre_req"": ""19"", ""buy_9th_pre_req_pre"": ""0"", ""buy_10th_pre_bid"": ""-76100"", ""buy_10th_pre_req"": ""64"", ""buy_10th_pre_req_pre"": ""0"", ""tot_sel_req_jub_pre"": ""+77"", ""tot_sel_req"": ""582"", ""tot_buy_req"": ""553"", ""tot_buy_req_jub_pre"": ""0"", ""ovt_sel_req_pre"": ""0"", ""ovt_sel_req"": ""0"", ""ovt_buy_req"": ""0"", ""ovt_buy_req_pre"": ""0"", ""return_code"": 0, ""return_msg"": ""정상적으로 처리되었습니다""}"
2026-06-10,scan_candidate,007810,,0,main_scan,121300,,121300,120700,121300,121000,-0.6595218466611706,0.49464138499587795,,,,,,"{""bid_req_base_tm"": ""105056"", ""sel_10th_pre_req_pre"": ""0"", ""sel_10th_pre_req"": ""290"", ""sel_10th_pre_bid"": ""+122200"", ""sel_9th_pre_req_pre"": ""0"", ""sel_9th_pre_req"": ""160"", ""sel_9th_pre_bid"": ""+122100"", ""sel_8th_pre_req_pre"": ""0"", ""sel_8th_pre_req"": ""63"", ""sel_8th_pre_bid"": ""+122000"", ""sel_7th_pre_req_pre"": ""0"", ""sel_7th_pre_req"": ""8"", ""sel_7th_pre_bid"": ""+121900"", ""sel_6th_pre_req_pre"": ""0"", ""sel_6th_pre_req"": ""9"", ""sel_6th_pre_bid"": ""+121800"", ""sel_5th_pre_req_pre"": ""0"", ""sel_5th_pre_req"": ""6"", ""sel_5th_pre_bid"": ""+121700"", ""sel_4th_pre_req_pre"": ""0"", ""sel_4th_pre_req"": ""8"", ""sel_4th_pre_bid"": ""+121600"", ""sel_3th_pre_req_pre"": ""0"", ""sel_3th_pre_req"": ""47"", ""sel_3th_pre_bid"": ""+121500"", ""sel_2th_pre_req_pre"": ""+8"", ""sel_2th_pre_req"": ""20"", ""sel_2th_pre_bid"": ""+121400"", ""sel_1th_pre_req_pre"": ""+27"", ""sel_fpr_req"": ""42"", ""sel_fpr_bid"": ""+121300"", ""buy_fpr_bid"": ""+120700"", ""buy_fpr_req"": ""9"", ""buy_1th_pre_req_pre"": ""0"", ""buy_2th_pre_bid"": ""+120600"", ""buy_2th_pre_req"": ""72"", ""buy_2th_pre_req_pre"": ""0"", ""buy_3th_pre_bid"": ""+120500"", ""buy_3th_pre_req"": ""221"", ""buy_3th_pre_req_pre"": ""0"", ""buy_4th_pre_bid"": ""+120400"", ""buy_4th_pre_req"": ""127"", ""buy_4th_pre_req_pre"": ""0"", ""buy_5th_pre_bid"": ""120300"", ""buy_5th_pre_req"": ""361"", ""buy_5th_pre_req_pre"": ""0"", ""buy_6th_pre_bid"": ""-120200"", ""buy_6th_pre_req"": ""69"", ""buy_6th_pre_req_pre"": ""0"", ""buy_7th_pre_bid"": ""-120100"", ""buy_7th_pre_req"": ""86"", ""buy_7th_pre_req_pre"": ""0"", ""buy_8th_pre_bid"": ""-120000"", ""buy_8th_pre_req"": ""122"", ""buy_8th_pre_req_pre"": ""0"", ""buy_9th_pre_bid"": ""-119900"", ""buy_9th_pre_req"": ""11"", ""buy_9th_pre_req_pre"": ""0"", ""buy_10th_pre_bid"": ""-119800"", ""buy_10th_pre_req"": ""28"", ""buy_10th_pre_req_pre"": ""0"", ""tot_sel_req_jub_pre"": ""+35"", ""tot_sel_req"": ""653"", ""tot_buy_req"": ""1106"", ""tot_buy_req_jub_pre"": ""0"", ""ovt_sel_req_pre"": ""0"", ""ovt_sel_req"": ""0"", ""ovt_buy_req"": ""0"", ""ovt_buy_req_pre"": ""0"", ""return_code"": 0, ""return_msg"": ""정상적으로 처리되었습니다""}"
2026-06-10,scan_candidate,001740,,0,main_scan,14680,,14680,14670,14680,14650,-0.544959128065395,0.06811989100817438,,,,,,"{""bid_req_base_tm"": ""105059"", ""sel_10th_pre_req_pre"": ""0"", ""sel_10th_pre_req"": ""4878"", ""sel_10th_pre_bid"": ""+14770"", ""sel_9th_pre_req_pre"": ""0"", ""sel_9th_pre_req"": ""2423"", ""sel_9th_pre_bid"": ""+14760"", ""sel_8th_pre_req_pre"": ""0"", ""sel_8th_pre_req"": ""3097"", ""sel_8th_pre_bid"": ""+14750"", ""sel_7th_pre_req_pre"": ""0"", ""sel_7th_pre_req"": ""1755"", ""sel_7th_pre_bid"": ""+14740"", ""sel_6th_pre_req_pre"": ""0"", ""sel_6th_pre_req"": ""3155"", ""sel_6th_pre_bid"": ""+14730"", ""sel_5th_pre_req_pre"": ""0"", ""sel_5th_pre_req"": ""4812"", ""sel_5th_pre_bid"": ""+14720"", ""sel_4th_pre_req_pre"": ""0"", ""sel_4th_pre_req"": ""1904"", ""sel_4th_pre_bid"": ""+14710"", ""sel_3th_pre_req_pre"": ""0"", ""sel_3th_pre_req"": ""7309"", ""sel_3th_pre_bid"": ""+14700"", ""sel_2th_pre_req_pre"": ""+1"", ""sel_2th_pre_req"": ""1576"", ""sel_2th_pre_bid"": ""+14690"", ""sel_1th_pre_req_pre"": ""--57"", ""sel_fpr_req"": ""195"", ""sel_fpr_bid"": ""+14680"", ""buy_fpr_bid"": ""+14670"", ""buy_fpr_req"": ""10"", ""buy_1th_pre_req_pre"": ""0"", ""buy_2th_pre_bid"": ""+14660"", ""buy_2th_pre_req"": ""1196"", ""buy_2th_pre_req_pre"": ""0"", ""buy_3th_pre_bid"": ""+14650"", ""buy_3th_pre_req"": ""1791"", ""buy_3th_pre_req_pre"": ""+149"", ""buy_4th_pre_bid"": ""+14640"", ""buy_4th_pre_req"": ""1665"", ""buy_4th_pre_req_pre"": ""--12"", ""buy_5th_pre_bid"": ""+14630"", ""buy_5th_pre_req"": ""4242"", ""buy_5th_pre_req_pre"": ""--274"", ""buy_6th_pre_bid"": ""+14620"", ""buy_6th_pre_req"": ""4870"", ""buy_6th_pre_req_pre"": ""0"", ""buy_7th_pre_bid"": ""+14610"", ""buy_7th_pre_req"": ""3813"", ""buy_7th_pre_req_pre"": ""+50"", ""buy_8th_pre_bid"": ""+14600"", ""buy_8th_pre_req"": ""8131"", ""buy_8th_pre_req_pre"": ""0"", ""buy_9th_pre_bid"": ""+14590"", ""buy_9th_pre_req"": ""2979"", ""buy_9th_pre_req_pre"": ""0"", ""buy_10th_pre_bid"": ""+14580"", ""buy_10th_pre_req"": ""3594"", ""buy_10th_pre_req_pre"": ""0"", ""tot_sel_req_jub_pre"": ""--56"", ""tot_sel_req"": ""31104"", ""tot_buy_req"": ""32291"", ""tot_buy_req_jub_pre"": ""--87"", ""ovt_sel_req_pre"": ""0"", ""ovt_sel_req"": ""0"", ""ovt_buy_req"": ""0"", ""ovt_buy_req_pre"": ""0"", ""return_code"": 0, ""return_msg"": ""정상적으로 처리되었습니다""}"
2026-06-10,scan_candidate,383220,,0,main_scan,75200,,75200,74900,75200,75000,-0.39893617021276595,0.39893617021276595,,,,,,"{""bid_req_base_tm"": ""105059"", ""sel_10th_pre_req_pre"": ""0"", ""sel_10th_pre_req"": ""100"", ""sel_10th_pre_bid"": ""+76300"", ""sel_9th_pre_req_pre"": ""0"", ""sel_9th_pre_req"": ""5"", ""sel_9th_pre_bid"": ""+76200"", ""sel_8th_pre_req_pre"": ""0"", ""sel_8th_pre_req"": ""122"", ""sel_8th_pre_bid"": ""+76000"", ""sel_7th_pre_req_pre"": ""0"", ""sel_7th_pre_req"": ""159"", ""sel_7th_pre_bid"": ""+75900"", ""sel_6th_pre_req_pre"": ""0"", ""sel_6th_pre_req"": ""14"", ""sel_6th_pre_bid"": ""+75800"", ""sel_5th_pre_req_pre"": ""0"", ""sel_5th_pre_req"": ""14"", ""sel_5th_pre_bid"": ""+75700"", ""sel_4th_pre_req_pre"": ""0"", ""sel_4th_pre_req"": ""10"", ""sel_4th_pre_bid"": ""+75600"", ""sel_3th_pre_req_pre"": ""0"", ""sel_3th_pre_req"": ""11"", ""sel_3th_pre_bid"": ""+75500"", ""sel_2th_pre_req_pre"": ""0"", ""sel_2th_pre_req"": ""27"", ""sel_2th_pre_bid"": ""+75300"", ""sel_1th_pre_req_pre"": ""0"", ""sel_fpr_req"": ""34"", ""sel_fpr_bid"": ""+75200"", ""buy_fpr_bid"": ""+74900"", ""buy_fpr_req"": ""21"", ""buy_1th_pre_req_pre"": ""0"", ""buy_2th_pre_bid"": ""+74800"", ""buy_2th_pre_req"": ""10"", ""buy_2th_pre_req_pre"": ""0"", ""buy_3th_pre_bid"": ""+74700"", ""buy_3th_pre_req"": ""99"", ""buy_3th_pre_req_pre"": ""0"", ""buy_4th_pre_bid"": ""74600"", ""buy_4th_pre_req"": ""53"", ""buy_4th_pre_req_pre"": ""0"", ""buy_5th_pre_bid"": ""-74500"", ""buy_5th_pre_req"": ""27"", ""buy_5th_pre_req_pre"": ""0"", ""buy_6th_pre_bid"": ""-74400"", ""buy_6th_pre_req"": ""40"", ""buy_6th_pre_req_pre"": ""0"", ""buy_7th_pre_bid"": ""-74300"", ""buy_7th_pre_req"": ""10"", ""buy_7th_pre_req_pre"": ""0"", ""buy_8th_pre_bid"": ""-74200"", ""buy_8th_pre_req"": ""25"", ""buy_8th_pre_req_pre"": ""0"", ""buy_9th_pre_bid"": ""-74100"", ""buy_9th_pre_req"": ""24"", ""buy_9th_pre_req_pre"": ""0"", ""buy_10th_pre_bid"": ""-74000"", ""buy_10th_pre_req"": ""27"", ""buy_10th_pre_req_pre"": ""0"", ""tot_sel_req_jub_pre"": ""0"", ""tot_sel_req"": ""496"", ""tot_buy_req"": ""336"", ""tot_buy_req_jub_pre"": ""+8"", ""ovt_sel_req_pre"": ""0"", ""ovt_sel_req"": ""0"", ""ovt_buy_req"": ""0"", ""ovt_buy_req_pre"": ""0"", ""return_code"": 0, ""return_msg"": ""정상적으로 처리되었습니다""}"
2026-06-10,scan_candidate,014680,,0,main_scan,263000,,263000,262500,263000,264500,0.38022813688212925,0.19011406844106463,,,,,,"{""bid_req_base_tm"": ""105057"", ""sel_10th_pre_req_pre"": ""0"", ""sel_10th_pre_req"": ""38"", ""sel_10th_pre_bid"": ""+267500"", ""sel_9th_pre_req_pre"": ""0"", ""sel_9th_pre_req"": ""77"", ""sel_9th_pre_bid"": ""+267000"", ""sel_8th_pre_req_pre"": ""0"", ""sel_8th_pre_req"": ""15"", ""sel_8th_pre_bid"": ""+266500"", ""sel_7th_pre_req_pre"": ""0"", ""sel_7th_pre_req"": ""15"", ""sel_7th_pre_bid"": ""+266000"", ""sel_6th_pre_req_pre"": ""0"", ""sel_6th_pre_req"": ""24"", ""sel_6th_pre_bid"": ""+265500"", ""sel_5th_pre_req_pre"": ""0"", ""sel_5th_pre_req"": ""35"", ""sel_5th_pre_bid"": ""+265000"", ""sel_4th_pre_req_pre"": ""0"", ""sel_4th_pre_req"": ""2"", ""sel_4th_pre_bid"": ""+264500"", ""sel_3th_pre_req_pre"": ""0"", ""sel_3th_pre_req"": ""3"", ""sel_3th_pre_bid"": ""+264000"", ""sel_2th_pre_req_pre"": ""0"", ""sel_2th_pre_req"": ""11"", ""sel_2th_pre_bid"": ""+263500"", ""sel_1th_pre_req_pre"": ""0"", ""sel_fpr_req"": ""13"", ""sel_fpr_bid"": ""+263000"", ""buy_fpr_bid"": ""+262500"", ""buy_fpr_req"": ""139"", ""buy_1th_pre_req_pre"": ""+3"", ""buy_2th_pre_bid"": ""+262000"", ""buy_2th_pre_req"": ""90"", ""buy_2th_pre_req_pre"": ""0"", ""buy_3th_pre_bid"": ""+261500"", ""buy_3th_pre_req"": ""22"", ""buy_3th_pre_req_pre"": ""0"", ""buy_4th_pre_bid"": ""+261000"", ""buy_4th_pre_req"": ""5"", ""buy_4th_pre_req_pre"": ""0"", ""buy_5th_pre_bid"": ""+260500"", ""buy_5th_pre_req"": ""5"", ""buy_5th_pre_req_pre"": ""--1"", ""buy_6th_pre_bid"": ""+260000"", ""buy_6th_pre_req"": ""111"", ""buy_6th_pre_req_pre"": ""0"", ""buy_7th_pre_bid"": ""+259500"", ""buy_7th_pre_req"": ""119"", ""buy_7th_pre_req_pre"": ""0"", ""buy_8th_pre_bid"": ""+259000"", ""buy_8th_pre_req"": ""210"", ""buy_8th_pre_req_pre"": ""0"", ""buy_9th_pre_bid"": ""+258500"", ""buy_9th_pre_req"": ""102"", ""buy_9th_pre_req_pre"": ""0"", ""buy_10th_pre_bid"": ""+258000"", ""buy_10th_pre_req"": ""101"", ""buy_10th_pre_req_pre"": ""0"", ""tot_sel_req_jub_pre"": ""0"", ""tot_sel_req"": ""233"", ""tot_buy_req"": ""904"", ""tot_buy_req_jub_pre"": ""+2"", ""ovt_sel_req_pre"": ""0"", ""ovt_sel_req"": ""0"", ""ovt_buy_req"": ""0"", ""ovt_buy_req_pre"": ""0"", ""return_code"": 0, ""return_msg"": ""정상적으로 처리되었습니다""}"
2026-06-10,scan_candidate,028670,,0,main_scan,5040,,5040,5030,5040,5070,0.3968253968253968,0.1984126984126984,,,,,,"{""bid_req_base_tm"": ""105059"", ""sel_10th_pre_req_pre"": ""0"", ""sel_10th_pre_req"": ""2697"", ""sel_10th_pre_bid"": ""-5130"", ""sel_9th_pre_req_pre"": ""0"", ""sel_9th_pre_req"": ""2909"", ""sel_9th_pre_bid"": ""-5120"", ""sel_8th_pre_req_pre"": ""0"", ""sel_8th_pre_req"": ""1251"", ""sel_8th_pre_bid"": ""-5110"", ""sel_7th_pre_req_pre"": ""0"", ""sel_7th_pre_req"": ""2211"", ""sel_7th_pre_bid"": ""-5100"", ""sel_6th_pre_req_pre"": ""0"", ""sel_6th_pre_req"": ""1385"", ""sel_6th_pre_bid"": ""-5090"", ""sel_5th_pre_req_pre"": ""0"", ""sel_5th_pre_req"": ""1217"", ""sel_5th_pre_bid"": ""-5080"", ""sel_4th_pre_req_pre"": ""0"", ""sel_4th_pre_req"": ""501"", ""sel_4th_pre_bid"": ""-5070"", ""sel_3th_pre_req_pre"": ""0"", ""sel_3th_pre_req"": ""1001"", ""sel_3th_pre_bid"": ""-5060"", ""sel_2th_pre_req_pre"": ""--1390"", ""sel_2th_pre_req"": ""2118"", ""sel_2th_pre_bid"": ""-5050"", ""sel_1th_pre_req_pre"": ""0"", ""sel_fpr_req"": ""268"", ""sel_fpr_bid"": ""-5040"", ""buy_fpr_bid"": ""-5030"", ""buy_fpr_req"": ""4348"", ""buy_1th_pre_req_pre"": ""0"", ""buy_2th_pre_bid"": ""-5020"", ""buy_2th_pre_req"": ""1036"", ""buy_2th_pre_req_pre"": ""0"", ""buy_3th_pre_bid"": ""-5010"", ""buy_3th_pre_req"": ""39559"", ""buy_3th_pre_req_pre"": ""0"", ""buy_4th_pre_bid"": ""-5000"", ""buy_4th_pre_req"": ""2859"", ""buy_4th_pre_req_pre"": ""0"", ""buy_5th_pre_bid"": ""-4995"", ""buy_5th_pre_req"": ""2029"", ""buy_5th_pre_req_pre"": ""0"", ""buy_6th_pre_bid"": ""-4990"", ""buy_6th_pre_req"": ""4260"", ""buy_6th_pre_req_pre"": ""0"", ""buy_7th_pre_bid"": ""-4985"", ""buy_7th_pre_req"": ""1571"", ""buy_7th_pre_req_pre"": ""0"", ""buy_8th_pre_bid"": ""-4980"", ""buy_8th_pre_req"": ""7263"", ""buy_8th_pre_req_pre"": ""0"", ""buy_9th_pre_bid"": ""-4975"", ""buy_9th_pre_req"": ""119"", ""buy_9th_pre_req_pre"": ""0"", ""buy_10th_pre_bid"": ""-4970"", ""buy_10th_pre_req"": ""2257"", ""buy_10th_pre_req_pre"": ""0"", ""tot_sel_req_jub_pre"": ""--1390"", ""tot_sel_req"": ""15558"", ""tot_buy_req"": ""65301"", ""tot_buy_req_jub_pre"": ""0"", ""ovt_sel_req_pre"": ""0"", ""ovt_sel_req"": ""0"", ""ovt_buy_req"": ""0"", ""ovt_buy_req_pre"": ""0"", ""return_code"": 0, ""return_msg"": ""정상적으로 처리되었습니다""}"
2026-06-10,scan_candidate,009420,,0,main_scan,50500,,50500,50400,50500,50600,0.0,0.19801980198019803,,,,,,"{""bid_req_base_tm"": ""105058"", ""sel_10th_pre_req_pre"": ""0"", ""sel_10th_pre_req"": ""313"", ""sel_10th_pre_bid"": ""-51400"", ""sel_9th_pre_req_pre"": ""0"", ""sel_9th_pre_req"": ""461"", ""sel_9th_pre_bid"": ""-51300"", ""sel_8th_pre_req_pre"": ""0"", ""sel_8th_pre_req"": ""641"", ""sel_8th_pre_bid"": ""-51200"", ""sel_7th_pre_req_pre"": ""0"", ""sel_7th_pre_req"": ""77"", ""sel_7th_pre_bid"": ""-51100"", ""sel_6th_pre_req_pre"": ""0"", ""sel_6th_pre_req"": ""161"", ""sel_6th_pre_bid"": ""-51000"", ""sel_5th_pre_req_pre"": ""0"", ""sel_5th_pre_req"": ""200"", ""sel_5th_pre_bid"": ""-50900"", ""sel_4th_pre_req_pre"": ""0"", ""sel_4th_pre_req"": ""34"", ""sel_4th_pre_bid"": ""-50800"", ""sel_3th_pre_req_pre"": ""0"", ""sel_3th_pre_req"": ""60"", ""sel_3th_pre_bid"": ""-50700"", ""sel_2th_pre_req_pre"": ""0"", ""sel_2th_pre_req"": ""68"", ""sel_2th_pre_bid"": ""-50600"", ""sel_1th_pre_req_pre"": ""+12"", ""sel_fpr_req"": ""162"", ""sel_fpr_bid"": ""-50500"", ""buy_fpr_bid"": ""-50400"", ""buy_fpr_req"": ""101"", ""buy_1th_pre_req_pre"": ""0"", ""buy_2th_pre_bid"": ""-50300"", ""buy_2th_pre_req"": ""63"", ""buy_2th_pre_req_pre"": ""0"", ""buy_3th_pre_bid"": ""-50200"", ""buy_3th_pre_req"": ""187"", ""buy_3th_pre_req_pre"": ""0"", ""buy_4th_pre_bid"": ""-50100"", ""buy_4th_pre_req"": ""177"", ""buy_4th_pre_req_pre"": ""0"", ""buy_5th_pre_bid"": ""-50000"", ""buy_5th_pre_req"": ""147"", ""buy_5th_pre_req_pre"": ""0"", ""buy_6th_pre_bid"": ""-49950"", ""buy_6th_pre_req"": ""363"", ""buy_6th_pre_req_pre"": ""0"", ""buy_7th_pre_bid"": ""-49900"", ""buy_7th_pre_req"": ""375"", ""buy_7th_pre_req_pre"": ""0"", ""buy_8th_pre_bid"": ""-49850"", ""buy_8th_pre_req"": ""574"", ""buy_8th_pre_req_pre"": ""0"", ""buy_9th_pre_bid"": ""-49800"", ""buy_9th_pre_req"": ""640"", ""buy_9th_pre_req_pre"": ""0"", ""buy_10th_pre_bid"": ""-49750"", ""buy_10th_pre_req"": ""894"", ""buy_10th_pre_req_pre"": ""0"", ""tot_sel_req_jub_pre"": ""+12"", ""tot_sel_req"": ""2177"", ""tot_buy_req"": ""3521"", ""tot_buy_req_jub_pre"": ""0"", ""ovt_sel_req_pre"": ""0"", ""ovt_sel_req"": ""0"", ""ovt_buy_req"": ""0"", ""ovt_buy_req_pre"": ""0"", ""return_code"": 0, ""return_msg"": ""정상적으로 처리되었습니다""}"
2026-06-10,scan_candidate,375500,,0,main_scan,72000,,72000,71900,72000,71600,-0.6944444444444444,0.1388888888888889,,,,,,"{""bid_req_base_tm"": ""105058"", ""sel_10th_pre_req_pre"": ""0"", ""sel_10th_pre_req"": ""543"", ""sel_10th_pre_bid"": ""+72900"", ""sel_9th_pre_req_pre"": ""0"", ""sel_9th_pre_req"": ""80"", ""sel_9th_pre_bid"": ""+72800"", ""sel_8th_pre_req_pre"": ""0"", ""sel_8th_pre_req"": ""525"", ""sel_8th_pre_bid"": ""+72700"", ""sel_7th_pre_req_pre"": ""0"", ""sel_7th_pre_req"": ""49"", ""sel_7th_pre_bid"": ""+72600"", ""sel_6th_pre_req_pre"": ""0"", ""sel_6th_pre_req"": ""297"", ""sel_6th_pre_bid"": ""+72500"", ""sel_5th_pre_req_pre"": ""0"", ""sel_5th_pre_req"": ""465"", ""sel_5th_pre_bid"": ""+72400"", ""sel_4th_pre_req_pre"": ""0"", ""sel_4th_pre_req"": ""312"", ""sel_4th_pre_bid"": ""+72300"", ""sel_3th_pre_req_pre"": ""0"", ""sel_3th_pre_req"": ""529"", ""sel_3th_pre_bid"": ""+72200"", ""sel_2th_pre_req_pre"": ""0"", ""sel_2th_pre_req"": ""221"", ""sel_2th_pre_bid"": ""+72100"", ""sel_1th_pre_req_pre"": ""0"", ""sel_fpr_req"": ""365"", ""sel_fpr_bid"": ""+72000"", ""buy_fpr_bid"": ""+71900"", ""buy_fpr_req"": ""172"", ""buy_1th_pre_req_pre"": ""0"", ""buy_2th_pre_bid"": ""+71800"", ""buy_2th_pre_req"": ""223"", ""buy_2th_pre_req_pre"": ""0"", ""buy_3th_pre_bid"": ""+71700"", ""buy_3th_pre_req"": ""123"", ""buy_3th_pre_req_pre"": ""0"", ""buy_4th_pre_bid"": ""+71600"", ""buy_4th_pre_req"": ""58"", ""buy_4th_pre_req_pre"": ""0"", ""buy_5th_pre_bid"": ""+71500"", ""buy_5th_pre_req"": ""122"", ""buy_5th_pre_req_pre"": ""0"", ""buy_6th_pre_bid"": ""+71400"", ""buy_6th_pre_req"": ""20"", ""buy_6th_pre_req_pre"": ""0"", ""buy_7th_pre_bid"": ""+71300"", ""buy_7th_pre_req"": ""43"", ""buy_7th_pre_req_pre"": ""0"", ""buy_8th_pre_bid"": ""+71200"", ""buy_8th_pre_req"": ""3"", ""buy_8th_pre_req_pre"": ""0"", ""buy_9th_pre_bid"": ""+71100"", ""buy_9th_pre_req"": ""200"", ""buy_9th_pre_req_pre"": ""0"", ""buy_10th_pre_bid"": ""+71000"", ""buy_10th_pre_req"": ""427"", ""buy_10th_pre_req_pre"": ""0"", ""tot_sel_req_jub_pre"": ""0"", ""tot_sel_req"": ""3386"", ""tot_buy_req"": ""1391"", ""tot_buy_req_jub_pre"": ""0"", ""ovt_sel_req_pre"": ""0"", ""ovt_sel_req"": ""0"", ""ovt_buy_req"": ""0"", ""ovt_buy_req_pre"": ""0"", ""return_code"": 0, ""return_msg"": ""정상적으로 처리되었습니다""}"
2026-06-10,scan_candidate,004990,,0,main_scan,25900,,25900,25850,25900,25750,-0.7722007722007722,0.19305019305019305,,,,,,"{""bid_req_base_tm"": ""105053"", ""sel_10th_pre_req_pre"": ""0"", ""sel_10th_pre_req"": ""6"", ""sel_10th_pre_bid"": ""+26350"", ""sel_9th_pre_req_pre"": ""0"", ""sel_9th_pre_req"": ""11"", ""sel_9th_pre_bid"": ""+26300"", ""sel_8th_pre_req_pre"": ""0"", ""sel_8th_pre_req"": ""135"", ""sel_8th_pre_bid"": ""+26250"", ""sel_7th_pre_req_pre"": ""0"", ""sel_7th_pre_req"": ""90"", ""sel_7th_pre_bid"": ""+26200"", ""sel_6th_pre_req_pre"": ""0"", ""sel_6th_pre_req"": ""3120"", ""sel_6th_pre_bid"": ""26150"", ""sel_5th_pre_req_pre"": ""0"", ""sel_5th_pre_req"": ""402"", ""sel_5th_pre_bid"": ""-26100"", ""sel_4th_pre_req_pre"": ""0"", ""sel_4th_pre_req"": ""212"", ""sel_4th_pre_bid"": ""-26050"", ""sel_3th_pre_req_pre"": ""0"", ""sel_3th_pre_req"": ""322"", ""sel_3th_pre_bid"": ""-26000"", ""sel_2th_pre_req_pre"": ""0"", ""sel_2th_pre_req"": ""407"", ""sel_2th_pre_bid"": ""-25950"", ""sel_1th_pre_req_pre"": ""0"", ""sel_fpr_req"": ""284"", ""sel_fpr_bid"": ""-25900"", ""buy_fpr_bid"": ""-25850"", ""buy_fpr_req"": ""212"", ""buy_1th_pre_req_pre"": ""0"", ""buy_2th_pre_bid"": ""-25800"", ""buy_2th_pre_req"": ""31"", ""buy_2th_pre_req_pre"": ""+30"", ""buy_3th_pre_bid"": ""-25750"", ""buy_3th_pre_req"": ""500"", ""buy_3th_pre_req_pre"": ""--30"", ""buy_4th_pre_bid"": ""-25700"", ""buy_4th_pre_req"": ""96"", ""buy_4th_pre_req_pre"": ""0"", ""buy_5th_pre_bid"": ""-25650"", ""buy_5th_pre_req"": ""201"", ""buy_5th_pre_req_pre"": ""0"", ""buy_6th_pre_bid"": ""-25600"", ""buy_6th_pre_req"": ""283"", ""buy_6th_pre_req_pre"": ""0"", ""buy_7th_pre_bid"": ""-25550"", ""buy_7th_pre_req"": ""422"", ""buy_7th_pre_req_pre"": ""0"", ""buy_8th_pre_bid"": ""-25500"", ""buy_8th_pre_req"": ""982"", ""buy_8th_pre_req_pre"": ""0"", ""buy_9th_pre_bid"": ""-25450"", ""buy_9th_pre_req"": ""1117"", ""buy_9th_pre_req_pre"": ""0"", ""buy_10th_pre_bid"": ""-25400"", ""buy_10th_pre_req"": ""666"", ""buy_10th_pre_req_pre"": ""0"", ""tot_sel_req_jub_pre"": ""0"", ""tot_sel_req"": ""4989"", ""tot_buy_req"": ""4510"", ""tot_buy_req_jub_pre"": ""0"", ""ovt_sel_req_pre"": ""0"", ""ovt_sel_req"": ""0"", ""ovt_buy_req"": ""0"", ""ovt_buy_req_pre"": ""0"", ""return_code"": 0, ""return_msg"": ""정상적으로 처리되었습니다""}"
2026-06-10,scan_candidate,483650,,0,main_scan,206000,,206000,205500,206000,205000,-0.7281553398058253,0.24271844660194172,,,,,,"{""bid_req_base_tm"": ""105100"", ""sel_10th_pre_req_pre"": ""0"", ""sel_10th_pre_req"": ""75"", ""sel_10th_pre_bid"": ""+210500"", ""sel_9th_pre_req_pre"": ""+1"", ""sel_9th_pre_req"": ""456"", ""sel_9th_pre_bid"": ""+210000"", ""sel_8th_pre_req_pre"": ""0"", ""sel_8th_pre_req"": ""690"", ""sel_8th_pre_bid"": ""+209500"", ""sel_7th_pre_req_pre"": ""0"", ""sel_7th_pre_req"": ""1419"", ""sel_7th_pre_bid"": ""+209000"", ""sel_6th_pre_req_pre"": ""0"", ""sel_6th_pre_req"": ""142"", ""sel_6th_pre_bid"": ""+208500"", ""sel_5th_pre_req_pre"": ""0"", ""sel_5th_pre_req"": ""136"", ""sel_5th_pre_bid"": ""+208000"", ""sel_4th_pre_req_pre"": ""0"", ""sel_4th_pre_req"": ""213"", ""sel_4th_pre_bid"": ""+207500"", ""sel_3th_pre_req_pre"": ""0"", ""sel_3th_pre_req"": ""202"", ""sel_3th_pre_bid"": ""+207000"", ""sel_2th_pre_req_pre"": ""0"", ""sel_2th_pre_req"": ""231"", ""sel_2th_pre_bid"": ""+206500"", ""sel_1th_pre_req_pre"": ""0"", ""sel_fpr_req"": ""67"", ""sel_fpr_bid"": ""+206000"", ""buy_fpr_bid"": ""+205500"", ""buy_fpr_req"": ""135"", ""buy_1th_pre_req_pre"": ""0"", ""buy_2th_pre_bid"": ""+205000"", ""buy_2th_pre_req"": ""144"", ""buy_2th_pre_req_pre"": ""0"", ""buy_3th_pre_bid"": ""+204500"", ""buy_3th_pre_req"": ""171"", ""buy_3th_pre_req_pre"": ""0"", ""buy_4th_pre_bid"": ""+204000"", ""buy_4th_pre_req"": ""52"", ""buy_4th_pre_req_pre"": ""0"", ""buy_5th_pre_bid"": ""+203500"", ""buy_5th_pre_req"": ""54"", ""buy_5th_pre_req_pre"": ""0"", ""buy_6th_pre_bid"": ""+203000"", ""buy_6th_pre_req"": ""54"", ""buy_6th_pre_req_pre"": ""0"", ""buy_7th_pre_bid"": ""+202500"", ""buy_7th_pre_req"": ""31"", ""buy_7th_pre_req_pre"": ""0"", ""buy_8th_pre_bid"": ""+202000"", ""buy_8th_pre_req"": ""74"", ""buy_8th_pre_req_pre"": ""0"", ""buy_9th_pre_bid"": ""+201500"", ""buy_9th_pre_req"": ""220"", ""buy_9th_pre_req_pre"": ""0"", ""buy_10th_pre_bid"": ""+201000"", ""buy_10th_pre_req"": ""345"", ""buy_10th_pre_req_pre"": ""0"", ""tot_sel_req_jub_pre"": ""+1"", ""tot_sel_req"": ""3631"", ""tot_buy_req"": ""1280"", ""tot_buy_req_jub_pre"": ""0"", ""ovt_sel_req_pre"": ""0"", ""ovt_sel_req"": ""0"", ""ovt_buy_req"": ""0"", ""ovt_buy_req_pre"": ""0"", ""return_code"": 0, ""return_msg"": ""정상적으로 처리되었습니다""}"
2026-06-10,scan_candidate,003690,,0,main_scan,13220,,13220,13180,13220,13200,-0.529500756429652,0.30257186081694404,,,,,,"{""bid_req_base_tm"": ""105047"", ""sel_10th_pre_req_pre"": ""0"", ""sel_10th_pre_req"": ""2"", ""sel_10th_pre_bid"": ""-13310"", ""sel_9th_pre_req_pre"": ""0"", ""sel_9th_pre_req"": ""179"", ""sel_9th_pre_bid"": ""-13300"", ""sel_8th_pre_req_pre"": ""0"", ""sel_8th_pre_req"": ""22"", ""sel_8th_pre_bid"": ""-13290"", ""sel_7th_pre_req_pre"": ""0"", ""sel_7th_pre_req"": ""1"", ""sel_7th_pre_bid"": ""-13280"", ""sel_6th_pre_req_pre"": ""0"", ""sel_6th_pre_req"": ""86"", ""sel_6th_pre_bid"": ""-13270"", ""sel_5th_pre_req_pre"": ""0"", ""sel_5th_pre_req"": ""1"", ""sel_5th_pre_bid"": ""-13260"", ""sel_4th_pre_req_pre"": ""0"", ""sel_4th_pre_req"": ""40"", ""sel_4th_pre_bid"": ""-13250"", ""sel_3th_pre_req_pre"": ""0"", ""sel_3th_pre_req"": ""28"", ""sel_3th_pre_bid"": ""-13240"", ""sel_2th_pre_req_pre"": ""0"", ""sel_2th_pre_req"": ""53"", ""sel_2th_pre_bid"": ""-13230"", ""sel_1th_pre_req_pre"": ""0"", ""sel_fpr_req"": ""62"", ""sel_fpr_bid"": ""-13220"", ""buy_fpr_bid"": ""-13180"", ""buy_fpr_req"": ""259"", ""buy_1th_pre_req_pre"": ""--97"", ""buy_2th_pre_bid"": ""-13170"", ""buy_2th_pre_req"": ""416"", ""buy_2th_pre_req_pre"": ""0"", ""buy_3th_pre_bid"": ""-13160"", ""buy_3th_pre_req"": ""528"", ""buy_3th_pre_req_pre"": ""0"", ""buy_4th_pre_bid"": ""-13150"", ""buy_4th_pre_req"": ""53"", ""buy_4th_pre_req_pre"": ""0"", ""buy_5th_pre_bid"": ""-13140"", ""buy_5th_pre_req"": ""51"", ""buy_5th_pre_req_pre"": ""0"", ""buy_6th_pre_bid"": ""-13130"", ""buy_6th_pre_req"": ""351"", ""buy_6th_pre_req_pre"": ""0"", ""buy_7th_pre_bid"": ""-13120"", ""buy_7th_pre_req"": ""50"", ""buy_7th_pre_req_pre"": ""0"", ""buy_8th_pre_bid"": ""-13110"", ""buy_8th_pre_req"": ""50"", ""buy_8th_pre_req_pre"": ""0"", ""buy_9th_pre_bid"": ""-13100"", ""buy_9th_pre_req"": ""88"", ""buy_9th_pre_req_pre"": ""0"", ""buy_10th_pre_bid"": ""-13090"", ""buy_10th_pre_req"": ""586"", ""buy_10th_pre_req_pre"": ""0"", ""tot_sel_req_jub_pre"": ""0"", ""tot_sel_req"": ""474"", ""tot_buy_req"": ""2432"", ""tot_buy_req_jub_pre"": ""--97"", ""ovt_sel_req_pre"": ""0"", ""ovt_sel_req"": ""0"", ""ovt_buy_req"": ""0"", ""ovt_buy_req_pre"": ""0"", ""return_code"": 0, ""return_msg"": ""정상적으로 처리되었습니다""}"
2026-06-10,scan_candidate,279570,,0,main_scan,6090,,6090,6080,6090,6050,-0.8210180623973727,0.16420361247947454,,,,,,"{""bid_req_base_tm"": ""105101"", ""sel_10th_pre_req_pre"": ""0"", ""sel_10th_pre_req"": ""6081"", ""sel_10th_pre_bid"": ""+6180"", ""sel_9th_pre_req_pre"": ""0"", ""sel_9th_pre_req"": ""5905"", ""sel_9th_pre_bid"": ""+6170"", ""sel_8th_pre_req_pre"": ""0"", ""sel_8th_pre_req"": ""1777"", ""sel_8th_pre_bid"": ""+6160"", ""sel_7th_pre_req_pre"": ""0"", ""sel_7th_pre_req"": ""14536"", ""sel_7th_pre_bid"": ""+6150"", ""sel_6th_pre_req_pre"": ""0"", ""sel_6th_pre_req"": ""7053"", ""sel_6th_pre_bid"": ""+6140"", ""sel_5th_pre_req_pre"": ""0"", ""sel_5th_pre_req"": ""14793"", ""sel_5th_pre_bid"": ""+6130"", ""sel_4th_pre_req_pre"": ""0"", ""sel_4th_pre_req"": ""8675"", ""sel_4th_pre_bid"": ""+6120"", ""sel_3th_pre_req_pre"": ""0"", ""sel_3th_pre_req"": ""10727"", ""sel_3th_pre_bid"": ""+6110"", ""sel_2th_pre_req_pre"": ""0"", ""sel_2th_pre_req"": ""10238"", ""sel_2th_pre_bid"": ""+6100"", ""sel_1th_pre_req_pre"": ""--34"", ""sel_fpr_req"": ""369"", ""sel_fpr_bid"": ""+6090"", ""buy_fpr_bid"": ""+6080"", ""buy_fpr_req"": ""3444"", ""buy_1th_pre_req_pre"": ""+164"", ""buy_2th_pre_bid"": ""+6070"", ""buy_2th_pre_req"": ""1979"", ""buy_2th_pre_req_pre"": ""0"", ""buy_3th_pre_bid"": ""+6060"", ""buy_3th_pre_req"": ""1771"", ""buy_3th_pre_req_pre"": ""0"", ""buy_4th_pre_bid"": ""+6050"", ""buy_4th_pre_req"": ""1106"", ""buy_4th_pre_req_pre"": ""0"", ""buy_5th_pre_bid"": ""+6040"", ""buy_5th_pre_req"": ""2779"", ""buy_5th_pre_req_pre"": ""0"", ""buy_6th_pre_bid"": ""+6030"", ""buy_6th_pre_req"": ""246"", ""buy_6th_pre_req_pre"": ""0"", ""buy_7th_pre_bid"": ""+6020"", ""buy_7th_pre_req"": ""5032"", ""buy_7th_pre_req_pre"": ""+3785"", ""buy_8th_pre_bid"": ""+6010"", ""buy_8th_pre_req"": ""1598"", ""buy_8th_pre_req_pre"": ""0"", ""buy_9th_pre_bid"": ""+6000"", ""buy_9th_pre_req"": ""4342"", ""buy_9th_pre_req_pre"": ""--10"", ""buy_10th_pre_bid"": ""+5990"", ""buy_10th_pre_req"": ""4315"", ""buy_10th_pre_req_pre"": ""--6"", ""tot_sel_req_jub_pre"": ""--34"", ""tot_sel_req"": ""80154"", ""tot_buy_req"": ""26612"", ""tot_buy_req_jub_pre"": ""+3933"", ""ovt_sel_req_pre"": ""0"", ""ovt_sel_req"": ""0"", ""ovt_buy_req"": ""0"", ""ovt_buy_req_pre"": ""0"", ""return_code"": 0, ""return_msg"": ""정상적으로 처리되었습니다""}"
2026-06-10,scan_candidate,439260,,0,main_scan,61900,,61900,61800,61900,61500,-0.8077544426494345,0.16155088852988692,,,,,,"{""bid_req_base_tm"": ""105059"", ""sel_10th_pre_req_pre"": ""0"", ""sel_10th_pre_req"": ""75"", ""sel_10th_pre_bid"": ""+62800"", ""sel_9th_pre_req_pre"": ""0"", ""sel_9th_pre_req"": ""5"", ""sel_9th_pre_bid"": ""+62700"", ""sel_8th_pre_req_pre"": ""0"", ""sel_8th_pre_req"": ""310"", ""sel_8th_pre_bid"": ""+62600"", ""sel_7th_pre_req_pre"": ""0"", ""sel_7th_pre_req"": ""32"", ""sel_7th_pre_bid"": ""+62500"", ""sel_6th_pre_req_pre"": ""0"", ""sel_6th_pre_req"": ""8"", ""sel_6th_pre_bid"": ""+62400"", ""sel_5th_pre_req_pre"": ""0"", ""sel_5th_pre_req"": ""240"", ""sel_5th_pre_bid"": ""+62300"", ""sel_4th_pre_req_pre"": ""0"", ""sel_4th_pre_req"": ""867"", ""sel_4th_pre_bid"": ""+62200"", ""sel_3th_pre_req_pre"": ""0"", ""sel_3th_pre_req"": ""272"", ""sel_3th_pre_bid"": ""+62100"", ""sel_2th_pre_req_pre"": ""--10"", ""sel_2th_pre_req"": ""1501"", ""sel_2th_pre_bid"": ""+62000"", ""sel_1th_pre_req_pre"": ""+11"", ""sel_fpr_req"": ""86"", ""sel_fpr_bid"": ""+61900"", ""buy_fpr_bid"": ""+61800"", ""buy_fpr_req"": ""5"", ""buy_1th_pre_req_pre"": ""0"", ""buy_2th_pre_bid"": ""+61700"", ""buy_2th_pre_req"": ""63"", ""buy_2th_pre_req_pre"": ""0"", ""buy_3th_pre_bid"": ""+61600"", ""buy_3th_pre_req"": ""115"", ""buy_3th_pre_req_pre"": ""0"", ""buy_4th_pre_bid"": ""+61500"", ""buy_4th_pre_req"": ""657"", ""buy_4th_pre_req_pre"": ""0"", ""buy_5th_pre_bid"": ""+61400"", ""buy_5th_pre_req"": ""61"", ""buy_5th_pre_req_pre"": ""0"", ""buy_6th_pre_bid"": ""+61300"", ""buy_6th_pre_req"": ""109"", ""buy_6th_pre_req_pre"": ""0"", ""buy_7th_pre_bid"": ""+61200"", ""buy_7th_pre_req"": ""210"", ""buy_7th_pre_req_pre"": ""0"", ""buy_8th_pre_bid"": ""+61100"", ""buy_8th_pre_req"": ""306"", ""buy_8th_pre_req_pre"": ""0"", ""buy_9th_pre_bid"": ""+61000"", ""buy_9th_pre_req"": ""740"", ""buy_9th_pre_req_pre"": ""0"", ""buy_10th_pre_bid"": ""60900"", ""buy_10th_pre_req"": ""281"", ""buy_10th_pre_req_pre"": ""0"", ""tot_sel_req_jub_pre"": ""+1"", ""tot_sel_req"": ""3396"", ""tot_buy_req"": ""2547"", ""tot_buy_req_jub_pre"": ""0"", ""ovt_sel_req_pre"": ""0"", ""ovt_sel_req"": ""0"", ""ovt_buy_req"": ""0"", ""ovt_buy_req_pre"": ""0"", ""return_code"": 0, ""return_msg"": ""정상적으로 처리되었습니다""}"
2026-06-10,scan_candidate,008770,,0,main_scan,55000,,55000,54900,55000,54500,-1.090909090909091,0.18181818181818182,,,,,,"{""bid_req_base_tm"": ""105058"", ""sel_10th_pre_req_pre"": ""0"", ""sel_10th_pre_req"": ""1505"", ""sel_10th_pre_bid"": ""+55900"", ""sel_9th_pre_req_pre"": ""0"", ""sel_9th_pre_req"": ""594"", ""sel_9th_pre_bid"": ""+55800"", ""sel_8th_pre_req_pre"": ""0"", ""sel_8th_pre_req"": ""35"", ""sel_8th_pre_bid"": ""+55700"", ""sel_7th_pre_req_pre"": ""0"", ""sel_7th_pre_req"": ""157"", ""sel_7th_pre_bid"": ""+55600"", ""sel_6th_pre_req_pre"": ""0"", ""sel_6th_pre_req"": ""441"", ""sel_6th_pre_bid"": ""+55500"", ""sel_5th_pre_req_pre"": ""0"", ""sel_5th_pre_req"": ""241"", ""sel_5th_pre_bid"": ""+55400"", ""sel_4th_pre_req_pre"": ""0"", ""sel_4th_pre_req"": ""411"", ""sel_4th_pre_bid"": ""+55300"", ""sel_3th_pre_req_pre"": ""0"", ""sel_3th_pre_req"": ""536"", ""sel_3th_pre_bid"": ""55200"", ""sel_2th_pre_req_pre"": ""0"", ""sel_2th_pre_req"": ""929"", ""sel_2th_pre_bid"": ""-55100"", ""sel_1th_pre_req_pre"": ""+23"", ""sel_fpr_req"": ""570"", ""sel_fpr_bid"": ""-55000"", ""buy_fpr_bid"": ""-54900"", ""buy_fpr_req"": ""6"", ""buy_1th_pre_req_pre"": ""--1"", ""buy_2th_pre_bid"": ""-54800"", ""buy_2th_pre_req"": ""85"", ""buy_2th_pre_req_pre"": ""0"", ""buy_3th_pre_bid"": ""-54700"", ""buy_3th_pre_req"": ""22"", ""buy_3th_pre_req_pre"": ""0"", ""buy_4th_pre_bid"": ""-54600"", ""buy_4th_pre_req"": ""168"", ""buy_4th_pre_req_pre"": ""0"", ""buy_5th_pre_bid"": ""-54500"", ""buy_5th_pre_req"": ""514"", ""buy_5th_pre_req_pre"": ""0"", ""buy_6th_pre_bid"": ""-54400"", ""buy_6th_pre_req"": ""39"", ""buy_6th_pre_req_pre"": ""0"", ""buy_7th_pre_bid"": ""-54300"", ""buy_7th_pre_req"": ""300"", ""buy_7th_pre_req_pre"": ""0"", ""buy_8th_pre_bid"": ""-54200"", ""buy_8th_pre_req"": ""11"", ""buy_8th_pre_req_pre"": ""0"", ""buy_9th_pre_bid"": ""-54100"", ""buy_9th_pre_req"": ""22"", ""buy_9th_pre_req_pre"": ""0"", ""buy_10th_pre_bid"": ""-54000"", ""buy_10th_pre_req"": ""251"", ""buy_10th_pre_req_pre"": ""0"", ""tot_sel_req_jub_pre"": ""+23"", ""tot_sel_req"": ""5419"", ""tot_buy_req"": ""1418"", ""tot_buy_req_jub_pre"": ""--1"", ""ovt_sel_req_pre"": ""0"", ""ovt_sel_req"": ""0"", ""ovt_buy_req"": ""0"", ""ovt_buy_req_pre"": ""0"", ""return_code"": 0, ""return_msg"": ""정상적으로 처리되었습니다""}"
2026-06-10,scan_candidate,081660,,0,main_scan,40300,,40300,40250,40300,40350,0.0,0.12406947890818859,,,,,,"{""bid_req_base_tm"": ""105100"", ""sel_10th_pre_req_pre"": ""0"", ""sel_10th_pre_req"": ""13"", ""sel_10th_pre_bid"": ""+40750"", ""sel_9th_pre_req_pre"": ""0"", ""sel_9th_pre_req"": ""70"", ""sel_9th_pre_bid"": ""+40700"", ""sel_8th_pre_req_pre"": ""0"", ""sel_8th_pre_req"": ""50"", ""sel_8th_pre_bid"": ""+40650"", ""sel_7th_pre_req_pre"": ""0"", ""sel_7th_pre_req"": ""70"", ""sel_7th_pre_bid"": ""+40600"", ""sel_6th_pre_req_pre"": ""0"", ""sel_6th_pre_req"": ""1"", ""sel_6th_pre_bid"": ""+40550"", ""sel_5th_pre_req_pre"": ""0"", ""sel_5th_pre_req"": ""196"", ""sel_5th_pre_bid"": ""+40500"", ""sel_4th_pre_req_pre"": ""0"", ""sel_4th_pre_req"": ""200"", ""sel_4th_pre_bid"": ""+40450"", ""sel_3th_pre_req_pre"": ""0"", ""sel_3th_pre_req"": ""71"", ""sel_3th_pre_bid"": ""+40400"", ""sel_2th_pre_req_pre"": ""0"", ""sel_2th_pre_req"": ""55"", ""sel_2th_pre_bid"": ""+40350"", ""sel_1th_pre_req_pre"": ""0"", ""sel_fpr_req"": ""121"", ""sel_fpr_bid"": ""+40300"", ""buy_fpr_bid"": ""+40250"", ""buy_fpr_req"": ""198"", ""buy_1th_pre_req_pre"": ""0"", ""buy_2th_pre_bid"": ""+40200"", ""buy_2th_pre_req"": ""99"", ""buy_2th_pre_req_pre"": ""0"", ""buy_3th_pre_bid"": ""+40100"", ""buy_3th_pre_req"": ""177"", ""buy_3th_pre_req_pre"": ""--98"", ""buy_4th_pre_bid"": ""+40050"", ""buy_4th_pre_req"": ""295"", ""buy_4th_pre_req_pre"": ""0"", ""buy_5th_pre_bid"": ""+40000"", ""buy_5th_pre_req"": ""509"", ""buy_5th_pre_req_pre"": ""0"", ""buy_6th_pre_bid"": ""+39950"", ""buy_6th_pre_req"": ""500"", ""buy_6th_pre_req_pre"": ""0"", ""buy_7th_pre_bid"": ""+39900"", ""buy_7th_pre_req"": ""91"", ""buy_7th_pre_req_pre"": ""0"", ""buy_8th_pre_bid"": ""+39850"", ""buy_8th_pre_req"": ""1"", ""buy_8th_pre_req_pre"": ""0"", ""buy_9th_pre_bid"": ""+39800"", ""buy_9th_pre_req"": ""5"", ""buy_9th_pre_req_pre"": ""0"", ""buy_10th_pre_bid"": ""39700"", ""buy_10th_pre_req"": ""7"", ""buy_10th_pre_req_pre"": ""0"", ""tot_sel_req_jub_pre"": ""0"", ""tot_sel_req"": ""847"", ""tot_buy_req"": ""1882"", ""tot_buy_req_jub_pre"": ""--98"", ""ovt_sel_req_pre"": ""0"", ""ovt_sel_req"": ""0"", ""ovt_buy_req"": ""0"", ""ovt_buy_req_pre"": ""0"", ""return_code"": 0, ""return_msg"": ""정상적으로 처리되었습니다""}"
2026-06-10,scan_candidate,462870,,0,main_scan,31700,,31700,31650,31700,31600,-0.47318611987381703,0.15772870662460567,,,,,,"{""bid_req_base_tm"": ""105101"", ""sel_10th_pre_req_pre"": ""0"", ""sel_10th_pre_req"": ""30"", ""sel_10th_pre_bid"": ""-32150"", ""sel_9th_pre_req_pre"": ""0"", ""sel_9th_pre_req"": ""13"", ""sel_9th_pre_bid"": ""-32100"", ""sel_8th_pre_req_pre"": ""0"", ""sel_8th_pre_req"": ""126"", ""sel_8th_pre_bid"": ""-32050"", ""sel_7th_pre_req_pre"": ""0"", ""sel_7th_pre_req"": ""158"", ""sel_7th_pre_bid"": ""-32000"", ""sel_6th_pre_req_pre"": ""0"", ""sel_6th_pre_req"": ""40"", ""sel_6th_pre_bid"": ""-31950"", ""sel_5th_pre_req_pre"": ""0"", ""sel_5th_pre_req"": ""132"", ""sel_5th_pre_bid"": ""-31900"", ""sel_4th_pre_req_pre"": ""0"", ""sel_4th_pre_req"": ""29"", ""sel_4th_pre_bid"": ""-31850"", ""sel_3th_pre_req_pre"": ""0"", ""sel_3th_pre_req"": ""62"", ""sel_3th_pre_bid"": ""-31800"", ""sel_2th_pre_req_pre"": ""0"", ""sel_2th_pre_req"": ""43"", ""sel_2th_pre_bid"": ""-31750"", ""sel_1th_pre_req_pre"": ""+1"", ""sel_fpr_req"": ""33"", ""sel_fpr_bid"": ""-31700"", ""buy_fpr_bid"": ""-31650"", ""buy_fpr_req"": ""52"", ""buy_1th_pre_req_pre"": ""0"", ""buy_2th_pre_bid"": ""-31600"", ""buy_2th_pre_req"": ""113"", ""buy_2th_pre_req_pre"": ""0"", ""buy_3th_pre_bid"": ""-31550"", ""buy_3th_pre_req"": ""79"", ""buy_3th_pre_req_pre"": ""0"", ""buy_4th_pre_bid"": ""-31500"", ""buy_4th_pre_req"": ""28"", ""buy_4th_pre_req_pre"": ""0"", ""buy_5th_pre_bid"": ""-31450"", ""buy_5th_pre_req"": ""10"", ""buy_5th_pre_req_pre"": ""0"", ""buy_6th_pre_bid"": ""-31400"", ""buy_6th_pre_req"": ""31"", ""buy_6th_pre_req_pre"": ""0"", ""buy_7th_pre_bid"": ""-31350"", ""buy_7th_pre_req"": ""53"", ""buy_7th_pre_req_pre"": ""0"", ""buy_8th_pre_bid"": ""-31300"", ""buy_8th_pre_req"": ""42"", ""buy_8th_pre_req_pre"": ""0"", ""buy_9th_pre_bid"": ""-31250"", ""buy_9th_pre_req"": ""21"", ""buy_9th_pre_req_pre"": ""0"", ""buy_10th_pre_bid"": ""-31200"", ""buy_10th_pre_req"": ""67"", ""buy_10th_pre_req_pre"": ""0"", ""tot_sel_req_jub_pre"": ""+1"", ""tot_sel_req"": ""666"", ""tot_buy_req"": ""496"", ""tot_buy_req_jub_pre"": ""0"", ""ovt_sel_req_pre"": ""0"", ""ovt_sel_req"": ""0"", ""ovt_buy_req"": ""0"", ""ovt_buy_req_pre"": ""0"", ""return_code"": 0, ""return_msg"": ""정상적으로 처리되었습니다""}"
2026-06-10,scan_candidate,161890,,0,main_scan,83500,,83500,83400,83500,83100,-0.5988023952095809,0.11976047904191617,,,,,,"{""bid_req_base_tm"": ""105100"", ""sel_10th_pre_req_pre"": ""0"", ""sel_10th_pre_req"": ""27"", ""sel_10th_pre_bid"": ""+84400"", ""sel_9th_pre_req_pre"": ""0"", ""sel_9th_pre_req"": ""59"", ""sel_9th_pre_bid"": ""+84300"", ""sel_8th_pre_req_pre"": ""0"", ""sel_8th_pre_req"": ""271"", ""sel_8th_pre_bid"": ""+84200"", ""sel_7th_pre_req_pre"": ""0"", ""sel_7th_pre_req"": ""135"", ""sel_7th_pre_bid"": ""+84100"", ""sel_6th_pre_req_pre"": ""0"", ""sel_6th_pre_req"": ""438"", ""sel_6th_pre_bid"": ""+84000"", ""sel_5th_pre_req_pre"": ""0"", ""sel_5th_pre_req"": ""168"", ""sel_5th_pre_bid"": ""+83900"", ""sel_4th_pre_req_pre"": ""0"", ""sel_4th_pre_req"": ""392"", ""sel_4th_pre_bid"": ""+83800"", ""sel_3th_pre_req_pre"": ""0"", ""sel_3th_pre_req"": ""85"", ""sel_3th_pre_bid"": ""+83700"", ""sel_2th_pre_req_pre"": ""0"", ""sel_2th_pre_req"": ""77"", ""sel_2th_pre_bid"": ""+83600"", ""sel_1th_pre_req_pre"": ""--7"", ""sel_fpr_req"": ""124"", ""sel_fpr_bid"": ""+83500"", ""buy_fpr_bid"": ""+83400"", ""buy_fpr_req"": ""217"", ""buy_1th_pre_req_pre"": ""0"", ""buy_2th_pre_bid"": ""+83300"", ""buy_2th_pre_req"": ""28"", ""buy_2th_pre_req_pre"": ""0"", ""buy_3th_pre_bid"": ""+83200"", ""buy_3th_pre_req"": ""34"", ""buy_3th_pre_req_pre"": ""0"", ""buy_4th_pre_bid"": ""+83100"", ""buy_4th_pre_req"": ""15"", ""buy_4th_pre_req_pre"": ""0"", ""buy_5th_pre_bid"": ""+83000"", ""buy_5th_pre_req"": ""85"", ""buy_5th_pre_req_pre"": ""0"", ""buy_6th_pre_bid"": ""+82900"", ""buy_6th_pre_req"": ""15"", ""buy_6th_pre_req_pre"": ""0"", ""buy_7th_pre_bid"": ""+82800"", ""buy_7th_pre_req"": ""22"", ""buy_7th_pre_req_pre"": ""0"", ""buy_8th_pre_bid"": ""+82700"", ""buy_8th_pre_req"": ""27"", ""buy_8th_pre_req_pre"": ""0"", ""buy_9th_pre_bid"": ""+82600"", ""buy_9th_pre_req"": ""51"", ""buy_9th_pre_req_pre"": ""0"", ""buy_10th_pre_bid"": ""+82500"", ""buy_10th_pre_req"": ""73"", ""buy_10th_pre_req_pre"": ""0"", ""tot_sel_req_jub_pre"": ""--7"", ""tot_sel_req"": ""1776"", ""tot_buy_req"": ""567"", ""tot_buy_req_jub_pre"": ""0"", ""ovt_sel_req_pre"": ""0"", ""ovt_sel_req"": ""0"", ""ovt_buy_req"": ""0"", ""ovt_buy_req_pre"": ""0"", ""return_code"": 0, ""return_msg"": ""정상적으로 처리되었습니다""}"
2026-06-10,scan_candidate,120110,,0,main_scan,71700,,71700,71500,71700,71600,-0.2789400278940028,0.2789400278940028,,,,,,"{""bid_req_base_tm"": ""105102"", ""sel_10th_pre_req_pre"": ""0"", ""sel_10th_pre_req"": ""84"", ""sel_10th_pre_bid"": ""+72600"", ""sel_9th_pre_req_pre"": ""0"", ""sel_9th_pre_req"": ""308"", ""sel_9th_pre_bid"": ""+72500"", ""sel_8th_pre_req_pre"": ""+1"", ""sel_8th_pre_req"": ""113"", ""sel_8th_pre_bid"": ""+72400"", ""sel_7th_pre_req_pre"": ""0"", ""sel_7th_pre_req"": ""63"", ""sel_7th_pre_bid"": ""+72300"", ""sel_6th_pre_req_pre"": ""0"", ""sel_6th_pre_req"": ""8"", ""sel_6th_pre_bid"": ""+72200"", ""sel_5th_pre_req_pre"": ""0"", ""sel_5th_pre_req"": ""2"", ""sel_5th_pre_bid"": ""+72100"", ""sel_4th_pre_req_pre"": ""0"", ""sel_4th_pre_req"": ""196"", ""sel_4th_pre_bid"": ""+72000"", ""sel_3th_pre_req_pre"": ""0"", ""sel_3th_pre_req"": ""32"", ""sel_3th_pre_bid"": ""+71900"", ""sel_2th_pre_req_pre"": ""0"", ""sel_2th_pre_req"": ""166"", ""sel_2th_pre_bid"": ""+71800"", ""sel_1th_pre_req_pre"": ""0"", ""sel_fpr_req"": ""48"", ""sel_fpr_bid"": ""+71700"", ""buy_fpr_bid"": ""+71500"", ""buy_fpr_req"": ""284"", ""buy_1th_pre_req_pre"": ""0"", ""buy_2th_pre_bid"": ""+71400"", ""buy_2th_pre_req"": ""17"", ""buy_2th_pre_req_pre"": ""0"", ""buy_3th_pre_bid"": ""+71300"", ""buy_3th_pre_req"": ""50"", ""buy_3th_pre_req_pre"": ""0"", ""buy_4th_pre_bid"": ""+71200"", ""buy_4th_pre_req"": ""113"", ""buy_4th_pre_req_pre"": ""0"", ""buy_5th_pre_bid"": ""+71100"", ""buy_5th_pre_req"": ""62"", ""buy_5th_pre_req_pre"": ""0"", ""buy_6th_pre_bid"": ""+71000"", ""buy_6th_pre_req"": ""122"", ""buy_6th_pre_req_pre"": ""0"", ""buy_7th_pre_bid"": ""+70900"", ""buy_7th_pre_req"": ""12"", ""buy_7th_pre_req_pre"": ""0"", ""buy_8th_pre_bid"": ""+70800"", ""buy_8th_pre_req"": ""60"", ""buy_8th_pre_req_pre"": ""0"", ""buy_9th_pre_bid"": ""+70700"", ""buy_9th_pre_req"": ""236"", ""buy_9th_pre_req_pre"": ""0"", ""buy_10th_pre_bid"": ""+70600"", ""buy_10th_pre_req"": ""14"", ""buy_10th_pre_req_pre"": ""0"", ""tot_sel_req_jub_pre"": ""+1"", ""tot_sel_req"": ""1020"", ""tot_buy_req"": ""970"", ""tot_buy_req_jub_pre"": ""0"", ""ovt_sel_req_pre"": ""0"", ""ovt_sel_req"": ""0"", ""ovt_buy_req"": ""0"", ""ovt_buy_req_pre"": ""0"", ""return_code"": 0, ""return_msg"": ""정상적으로 처리되었습니다""}"
2026-06-10,scan_candidate,009155,,0,main_scan,609000,,609000,607000,609000,610000,0.0,0.3284072249589491,,,,,,"{""bid_req_base_tm"": ""105101"", ""sel_10th_pre_req_pre"": ""0"", ""sel_10th_pre_req"": ""1"", ""sel_10th_pre_bid"": ""-618000"", ""sel_9th_pre_req_pre"": ""0"", ""sel_9th_pre_req"": ""38"", ""sel_9th_pre_bid"": ""-617000"", ""sel_8th_pre_req_pre"": ""0"", ""sel_8th_pre_req"": ""9"", ""sel_8th_pre_bid"": ""-616000"", ""sel_7th_pre_req_pre"": ""0"", ""sel_7th_pre_req"": ""12"", ""sel_7th_pre_bid"": ""-615000"", ""sel_6th_pre_req_pre"": ""0"", ""sel_6th_pre_req"": ""41"", ""sel_6th_pre_bid"": ""-614000"", ""sel_5th_pre_req_pre"": ""0"", ""sel_5th_pre_req"": ""55"", ""sel_5th_pre_bid"": ""-613000"", ""sel_4th_pre_req_pre"": ""0"", ""sel_4th_pre_req"": ""13"", ""sel_4th_pre_bid"": ""-612000"", ""sel_3th_pre_req_pre"": ""0"", ""sel_3th_pre_req"": ""55"", ""sel_3th_pre_bid"": ""-611000"", ""sel_2th_pre_req_pre"": ""0"", ""sel_2th_pre_req"": ""11"", ""sel_2th_pre_bid"": ""-610000"", ""sel_1th_pre_req_pre"": ""0"", ""sel_fpr_req"": ""1"", ""sel_fpr_bid"": ""-609000"", ""buy_fpr_bid"": ""-607000"", ""buy_fpr_req"": ""2"", ""buy_1th_pre_req_pre"": ""--21"", ""buy_2th_pre_bid"": ""-606000"", ""buy_2th_pre_req"": ""34"", ""buy_2th_pre_req_pre"": ""0"", ""buy_3th_pre_bid"": ""-605000"", ""buy_3th_pre_req"": ""16"", ""buy_3th_pre_req_pre"": ""0"", ""buy_4th_pre_bid"": ""-604000"", ""buy_4th_pre_req"": ""86"", ""buy_4th_pre_req_pre"": ""0"", ""buy_5th_pre_bid"": ""-603000"", ""buy_5th_pre_req"": ""127"", ""buy_5th_pre_req_pre"": ""0"", ""buy_6th_pre_bid"": ""-602000"", ""buy_6th_pre_req"": ""208"", ""buy_6th_pre_req_pre"": ""0"", ""buy_7th_pre_bid"": ""-601000"", ""buy_7th_pre_req"": ""117"", ""buy_7th_pre_req_pre"": ""0"", ""buy_8th_pre_bid"": ""-600000"", ""buy_8th_pre_req"": ""498"", ""buy_8th_pre_req_pre"": ""0"", ""buy_9th_pre_bid"": ""-599000"", ""buy_9th_pre_req"": ""220"", ""buy_9th_pre_req_pre"": ""0"", ""buy_10th_pre_bid"": ""-598000"", ""buy_10th_pre_req"": ""93"", ""buy_10th_pre_req_pre"": ""0"", ""tot_sel_req_jub_pre"": ""0"", ""tot_sel_req"": ""236"", ""tot_buy_req"": ""1401"", ""tot_buy_req_jub_pre"": ""--21"", ""ovt_sel_req_pre"": ""0"", ""ovt_sel_req"": ""0"", ""ovt_buy_req"": ""0"", ""ovt_buy_req_pre"": ""0"", ""return_code"": 0, ""return_msg"": ""정상적으로 처리되었습니다""}"
2026-06-10,scan_candidate,017960,,0,main_scan,31800,,31800,31700,31800,31650,-0.628930817610063,0.3144654088050315,,,,,,"{""bid_req_base_tm"": ""105102"", ""sel_10th_pre_req_pre"": ""0"", ""sel_10th_pre_req"": ""373"", ""sel_10th_pre_bid"": ""+32250"", ""sel_9th_pre_req_pre"": ""0"", ""sel_9th_pre_req"": ""482"", ""sel_9th_pre_bid"": ""+32200"", ""sel_8th_pre_req_pre"": ""0"", ""sel_8th_pre_req"": ""75"", ""sel_8th_pre_bid"": ""+32150"", ""sel_7th_pre_req_pre"": ""0"", ""sel_7th_pre_req"": ""575"", ""sel_7th_pre_bid"": ""+32100"", ""sel_6th_pre_req_pre"": ""0"", ""sel_6th_pre_req"": ""166"", ""sel_6th_pre_bid"": ""+32050"", ""sel_5th_pre_req_pre"": ""0"", ""sel_5th_pre_req"": ""1095"", ""sel_5th_pre_bid"": ""+32000"", ""sel_4th_pre_req_pre"": ""0"", ""sel_4th_pre_req"": ""196"", ""sel_4th_pre_bid"": ""+31950"", ""sel_3th_pre_req_pre"": ""0"", ""sel_3th_pre_req"": ""1093"", ""sel_3th_pre_bid"": ""+31900"", ""sel_2th_pre_req_pre"": ""0"", ""sel_2th_pre_req"": ""282"", ""sel_2th_pre_bid"": ""+31850"", ""sel_1th_pre_req_pre"": ""0"", ""sel_fpr_req"": ""384"", ""sel_fpr_bid"": ""+31800"", ""buy_fpr_bid"": ""+31700"", ""buy_fpr_req"": ""81"", ""buy_1th_pre_req_pre"": ""0"", ""buy_2th_pre_bid"": ""+31650"", ""buy_2th_pre_req"": ""6"", ""buy_2th_pre_req_pre"": ""0"", ""buy_3th_pre_bid"": ""+31600"", ""buy_3th_pre_req"": ""95"", ""buy_3th_pre_req_pre"": ""0"", ""buy_4th_pre_bid"": ""+31550"", ""buy_4th_pre_req"": ""2035"", ""buy_4th_pre_req_pre"": ""0"", ""buy_5th_pre_bid"": ""+31500"", ""buy_5th_pre_req"": ""81"", ""buy_5th_pre_req_pre"": ""0"", ""buy_6th_pre_bid"": ""+31450"", ""buy_6th_pre_req"": ""167"", ""buy_6th_pre_req_pre"": ""0"", ""buy_7th_pre_bid"": ""+31400"", ""buy_7th_pre_req"": ""370"", ""buy_7th_pre_req_pre"": ""0"", ""buy_8th_pre_bid"": ""+31350"", ""buy_8th_pre_req"": ""811"", ""buy_8th_pre_req_pre"": ""0"", ""buy_9th_pre_bid"": ""+31300"", ""buy_9th_pre_req"": ""68"", ""buy_9th_pre_req_pre"": ""0"", ""buy_10th_pre_bid"": ""+31250"", ""buy_10th_pre_req"": ""15"", ""buy_10th_pre_req_pre"": ""0"", ""tot_sel_req_jub_pre"": ""0"", ""tot_sel_req"": ""4721"", ""tot_buy_req"": ""3729"", ""tot_buy_req_jub_pre"": ""--10"", ""ovt_sel_req_pre"": ""0"", ""ovt_sel_req"": ""0"", ""ovt_buy_req"": ""0"", ""ovt_buy_req_pre"": ""0"", ""return_code"": 0, ""return_msg"": ""정상적으로 처리되었습니다""}"
2026-06-10,scan_candidate,192080,,0,main_scan,71200,,71200,71100,71200,71400,0.1404494382022472,0.1404494382022472,,,,,,"{""bid_req_base_tm"": ""105101"", ""sel_10th_pre_req_pre"": ""0"", ""sel_10th_pre_req"": ""10"", ""sel_10th_pre_bid"": ""+72300"", ""sel_9th_pre_req_pre"": ""0"", ""sel_9th_pre_req"": ""10"", ""sel_9th_pre_bid"": ""+72200"", ""sel_8th_pre_req_pre"": ""0"", ""sel_8th_pre_req"": ""6"", ""sel_8th_pre_bid"": ""+72100"", ""sel_7th_pre_req_pre"": ""0"", ""sel_7th_pre_req"": ""5"", ""sel_7th_pre_bid"": ""72000"", ""sel_6th_pre_req_pre"": ""0"", ""sel_6th_pre_req"": ""16"", ""sel_6th_pre_bid"": ""-71900"", ""sel_5th_pre_req_pre"": ""0"", ""sel_5th_pre_req"": ""5"", ""sel_5th_pre_bid"": ""-71800"", ""sel_4th_pre_req_pre"": ""0"", ""sel_4th_pre_req"": ""22"", ""sel_4th_pre_bid"": ""-71600"", ""sel_3th_pre_req_pre"": ""0"", ""sel_3th_pre_req"": ""65"", ""sel_3th_pre_bid"": ""-71400"", ""sel_2th_pre_req_pre"": ""+4"", ""sel_2th_pre_req"": ""36"", ""sel_2th_pre_bid"": ""-71300"", ""sel_1th_pre_req_pre"": ""0"", ""sel_fpr_req"": ""243"", ""sel_fpr_bid"": ""-71200"", ""buy_fpr_bid"": ""-71100"", ""buy_fpr_req"": ""31"", ""buy_1th_pre_req_pre"": ""0"", ""buy_2th_pre_bid"": ""-71000"", ""buy_2th_pre_req"": ""61"", ""buy_2th_pre_req_pre"": ""0"", ""buy_3th_pre_bid"": ""-70900"", ""buy_3th_pre_req"": ""72"", ""buy_3th_pre_req_pre"": ""0"", ""buy_4th_pre_bid"": ""-70800"", ""buy_4th_pre_req"": ""94"", ""buy_4th_pre_req_pre"": ""0"", ""buy_5th_pre_bid"": ""-70700"", ""buy_5th_pre_req"": ""110"", ""buy_5th_pre_req_pre"": ""0"", ""buy_6th_pre_bid"": ""-70600"", ""buy_6th_pre_req"": ""100"", ""buy_6th_pre_req_pre"": ""0"", ""buy_7th_pre_bid"": ""-70500"", ""buy_7th_pre_req"": ""181"", ""buy_7th_pre_req_pre"": ""0"", ""buy_8th_pre_bid"": ""-70400"", ""buy_8th_pre_req"": ""182"", ""buy_8th_pre_req_pre"": ""0"", ""buy_9th_pre_bid"": ""-70300"", ""buy_9th_pre_req"": ""94"", ""buy_9th_pre_req_pre"": ""0"", ""buy_10th_pre_bid"": ""-70200"", ""buy_10th_pre_req"": ""21"", ""buy_10th_pre_req_pre"": ""0"", ""tot_sel_req_jub_pre"": ""+4"", ""tot_sel_req"": ""418"", ""tot_buy_req"": ""946"", ""tot_buy_req_jub_pre"": ""0"", ""ovt_sel_req_pre"": ""0"", ""ovt_sel_req"": ""0"", ""ovt_buy_req"": ""0"", ""ovt_buy_req_pre"": ""0"", ""return_code"": 0, ""return_msg"": ""정상적으로 처리되었습니다""}"
2026-06-10,scan_candidate,093370,,0,main_scan,16600,,16600,16590,16600,16550,-0.6024096385542169,0.06024096385542169,,,,,,"{""bid_req_base_tm"": ""105103"", ""sel_10th_pre_req_pre"": ""0"", ""sel_10th_pre_req"": ""9997"", ""sel_10th_pre_bid"": ""+16690"", ""sel_9th_pre_req_pre"": ""0"", ""sel_9th_pre_req"": ""3335"", ""sel_9th_pre_bid"": ""+16680"", ""sel_8th_pre_req_pre"": ""0"", ""sel_8th_pre_req"": ""7130"", ""sel_8th_pre_bid"": ""+16670"", ""sel_7th_pre_req_pre"": ""0"", ""sel_7th_pre_req"": ""2069"", ""sel_7th_pre_bid"": ""+16660"", ""sel_6th_pre_req_pre"": ""0"", ""sel_6th_pre_req"": ""4120"", ""sel_6th_pre_bid"": ""+16650"", ""sel_5th_pre_req_pre"": ""0"", ""sel_5th_pre_req"": ""2319"", ""sel_5th_pre_bid"": ""+16640"", ""sel_4th_pre_req_pre"": ""0"", ""sel_4th_pre_req"": ""4220"", ""sel_4th_pre_bid"": ""+16630"", ""sel_3th_pre_req_pre"": ""0"", ""sel_3th_pre_req"": ""5380"", ""sel_3th_pre_bid"": ""+16620"", ""sel_2th_pre_req_pre"": ""0"", ""sel_2th_pre_req"": ""2003"", ""sel_2th_pre_bid"": ""+16610"", ""sel_1th_pre_req_pre"": ""0"", ""sel_fpr_req"": ""200"", ""sel_fpr_bid"": ""+16600"", ""buy_fpr_bid"": ""+16590"", ""buy_fpr_req"": ""1044"", ""buy_1th_pre_req_pre"": ""0"", ""buy_2th_pre_bid"": ""+16580"", ""buy_2th_pre_req"": ""1108"", ""buy_2th_pre_req_pre"": ""0"", ""buy_3th_pre_bid"": ""+16570"", ""buy_3th_pre_req"": ""1849"", ""buy_3th_pre_req_pre"": ""0"", ""buy_4th_pre_bid"": ""+16560"", ""buy_4th_pre_req"": ""2560"", ""buy_4th_pre_req_pre"": ""0"", ""buy_5th_pre_bid"": ""+16550"", ""buy_5th_pre_req"": ""3020"", ""buy_5th_pre_req_pre"": ""0"", ""buy_6th_pre_bid"": ""+16540"", ""buy_6th_pre_req"": ""2587"", ""buy_6th_pre_req_pre"": ""0"", ""buy_7th_pre_bid"": ""+16530"", ""buy_7th_pre_req"": ""2204"", ""buy_7th_pre_req_pre"": ""0"", ""buy_8th_pre_bid"": ""+16520"", ""buy_8th_pre_req"": ""2722"", ""buy_8th_pre_req_pre"": ""0"", ""buy_9th_pre_bid"": ""+16510"", ""buy_9th_pre_req"": ""5548"", ""buy_9th_pre_req_pre"": ""0"", ""buy_10th_pre_bid"": ""+16500"", ""buy_10th_pre_req"": ""11700"", ""buy_10th_pre_req_pre"": ""+1"", ""tot_sel_req_jub_pre"": ""0"", ""tot_sel_req"": ""40773"", ""tot_buy_req"": ""34342"", ""tot_buy_req_jub_pre"": ""+1"", ""ovt_sel_req_pre"": ""0"", ""ovt_sel_req"": ""0"", ""ovt_buy_req"": ""0"", ""ovt_buy_req_pre"": ""0"", ""return_code"": 0, ""return_msg"": ""정상적으로 처리되었습니다""}"
2026-06-10,scan_candidate,066575,,0,main_scan,79200,,79200,78900,79200,79000,-0.3787878787878788,0.3787878787878788,,,,,,"{""bid_req_base_tm"": ""105103"", ""sel_10th_pre_req_pre"": ""0"", ""sel_10th_pre_req"": ""108"", ""sel_10th_pre_bid"": ""-80100"", ""sel_9th_pre_req_pre"": ""0"", ""sel_9th_pre_req"": ""1692"", ""sel_9th_pre_bid"": ""-80000"", ""sel_8th_pre_req_pre"": ""0"", ""sel_8th_pre_req"": ""565"", ""sel_8th_pre_bid"": ""-79900"", ""sel_7th_pre_req_pre"": ""0"", ""sel_7th_pre_req"": ""135"", ""sel_7th_pre_bid"": ""-79800"", ""sel_6th_pre_req_pre"": ""0"", ""sel_6th_pre_req"": ""158"", ""sel_6th_pre_bid"": ""-79700"", ""sel_5th_pre_req_pre"": ""0"", ""sel_5th_pre_req"": ""196"", ""sel_5th_pre_bid"": ""-79600"", ""sel_4th_pre_req_pre"": ""0"", ""sel_4th_pre_req"": ""114"", ""sel_4th_pre_bid"": ""-79500"", ""sel_3th_pre_req_pre"": ""0"", ""sel_3th_pre_req"": ""162"", ""sel_3th_pre_bid"": ""-79400"", ""sel_2th_pre_req_pre"": ""+26"", ""sel_2th_pre_req"": ""135"", ""sel_2th_pre_bid"": ""-79300"", ""sel_1th_pre_req_pre"": ""--26"", ""sel_fpr_req"": ""13"", ""sel_fpr_bid"": ""-79200"", ""buy_fpr_bid"": ""-78900"", ""buy_fpr_req"": ""68"", ""buy_1th_pre_req_pre"": ""+42"", ""buy_2th_pre_bid"": ""-78800"", ""buy_2th_pre_req"": ""620"", ""buy_2th_pre_req_pre"": ""--26"", ""buy_3th_pre_bid"": ""-78700"", ""buy_3th_pre_req"": ""171"", ""buy_3th_pre_req_pre"": ""0"", ""buy_4th_pre_bid"": ""-78600"", ""buy_4th_pre_req"": ""271"", ""buy_4th_pre_req_pre"": ""0"", ""buy_5th_pre_bid"": ""-78500"", ""buy_5th_pre_req"": ""376"", ""buy_5th_pre_req_pre"": ""0"", ""buy_6th_pre_bid"": ""-78400"", ""buy_6th_pre_req"": ""122"", ""buy_6th_pre_req_pre"": ""0"", ""buy_7th_pre_bid"": ""-78300"", ""buy_7th_pre_req"": ""115"", ""buy_7th_pre_req_pre"": ""0"", ""buy_8th_pre_bid"": ""-78200"", ""buy_8th_pre_req"": ""194"", ""buy_8th_pre_req_pre"": ""0"", ""buy_9th_pre_bid"": ""-78100"", ""buy_9th_pre_req"": ""285"", ""buy_9th_pre_req_pre"": ""0"", ""buy_10th_pre_bid"": ""-78000"", ""buy_10th_pre_req"": ""1080"", ""buy_10th_pre_req_pre"": ""0"", ""tot_sel_req_jub_pre"": ""0"", ""tot_sel_req"": ""3278"", ""tot_buy_req"": ""3302"", ""tot_buy_req_jub_pre"": ""+16"", ""ovt_sel_req_pre"": ""0"", ""ovt_sel_req"": ""0"", ""ovt_buy_req"": ""0"", ""ovt_buy_req_pre"": ""0"", ""return_code"": 0, ""return_msg"": ""정상적으로 처리되었습니다""}"
2026-06-10,scan_candidate,181710,,0,main_scan,41100,,41100,41000,41100,40900,-0.6082725060827251,0.24330900243309003,,,,,,"{""bid_req_base_tm"": ""105102"", ""sel_10th_pre_req_pre"": ""0"", ""sel_10th_pre_req"": ""2"", ""sel_10th_pre_bid"": ""-41750"", ""sel_9th_pre_req_pre"": ""0"", ""sel_9th_pre_req"": ""22"", ""sel_9th_pre_bid"": ""-41700"", ""sel_8th_pre_req_pre"": ""0"", ""sel_8th_pre_req"": ""500"", ""sel_8th_pre_bid"": ""-41650"", ""sel_7th_pre_req_pre"": ""0"", ""sel_7th_pre_req"": ""27"", ""sel_7th_pre_bid"": ""-41600"", ""sel_6th_pre_req_pre"": ""0"", ""sel_6th_pre_req"": ""5"", ""sel_6th_pre_bid"": ""-41550"", ""sel_5th_pre_req_pre"": ""0"", ""sel_5th_pre_req"": ""349"", ""sel_5th_pre_bid"": ""-41500"", ""sel_4th_pre_req_pre"": ""0"", ""sel_4th_pre_req"": ""1"", ""sel_4th_pre_bid"": ""-41400"", ""sel_3th_pre_req_pre"": ""0"", ""sel_3th_pre_req"": ""105"", ""sel_3th_pre_bid"": ""-41200"", ""sel_2th_pre_req_pre"": ""0"", ""sel_2th_pre_req"": ""22"", ""sel_2th_pre_bid"": ""-41150"", ""sel_1th_pre_req_pre"": ""--15"", ""sel_fpr_req"": ""22"", ""sel_fpr_bid"": ""-41100"", ""buy_fpr_bid"": ""-41000"", ""buy_fpr_req"": ""98"", ""buy_1th_pre_req_pre"": ""0"", ""buy_2th_pre_bid"": ""-40950"", ""buy_2th_pre_req"": ""18"", ""buy_2th_pre_req_pre"": ""0"", ""buy_3th_pre_bid"": ""-40900"", ""buy_3th_pre_req"": ""54"", ""buy_3th_pre_req_pre"": ""--54"", ""buy_4th_pre_bid"": ""-40850"", ""buy_4th_pre_req"": ""2"", ""buy_4th_pre_req_pre"": ""0"", ""buy_5th_pre_bid"": ""-40800"", ""buy_5th_pre_req"": ""10"", ""buy_5th_pre_req_pre"": ""0"", ""buy_6th_pre_bid"": ""-40750"", ""buy_6th_pre_req"": ""1"", ""buy_6th_pre_req_pre"": ""0"", ""buy_7th_pre_bid"": ""-40550"", ""buy_7th_pre_req"": ""1"", ""buy_7th_pre_req_pre"": ""0"", ""buy_8th_pre_bid"": ""-40500"", ""buy_8th_pre_req"": ""5"", ""buy_8th_pre_req_pre"": ""0"", ""buy_9th_pre_bid"": ""-40450"", ""buy_9th_pre_req"": ""28"", ""buy_9th_pre_req_pre"": ""0"", ""buy_10th_pre_bid"": ""-40350"", ""buy_10th_pre_req"": ""12"", ""buy_10th_pre_req_pre"": ""0"", ""tot_sel_req_jub_pre"": ""--15"", ""tot_sel_req"": ""1055"", ""tot_buy_req"": ""229"", ""tot_buy_req_jub_pre"": ""--54"", ""ovt_sel_req_pre"": ""0"", ""ovt_sel_req"": ""0"", ""ovt_buy_req"": ""0"", ""ovt_buy_req_pre"": ""0"", ""return_code"": 0, ""return_msg"": ""정상적으로 처리되었습니다""}"
2026-06-10,scan_candidate,034230,,0,main_scan,15290,,15290,15280,15290,15200,-0.9156311314584695,0.06540222367560497,,,,,,"{""bid_req_base_tm"": ""105102"", ""sel_10th_pre_req_pre"": ""0"", ""sel_10th_pre_req"": ""125"", ""sel_10th_pre_bid"": ""+15380"", ""sel_9th_pre_req_pre"": ""0"", ""sel_9th_pre_req"": ""1"", ""sel_9th_pre_bid"": ""+15370"", ""sel_8th_pre_req_pre"": ""0"", ""sel_8th_pre_req"": ""362"", ""sel_8th_pre_bid"": ""+15360"", ""sel_7th_pre_req_pre"": ""0"", ""sel_7th_pre_req"": ""71"", ""sel_7th_pre_bid"": ""+15350"", ""sel_6th_pre_req_pre"": ""0"", ""sel_6th_pre_req"": ""51"", ""sel_6th_pre_bid"": ""+15340"", ""sel_5th_pre_req_pre"": ""0"", ""sel_5th_pre_req"": ""11"", ""sel_5th_pre_bid"": ""+15330"", ""sel_4th_pre_req_pre"": ""0"", ""sel_4th_pre_req"": ""1"", ""sel_4th_pre_bid"": ""+15320"", ""sel_3th_pre_req_pre"": ""0"", ""sel_3th_pre_req"": ""1"", ""sel_3th_pre_bid"": ""+15310"", ""sel_2th_pre_req_pre"": ""0"", ""sel_2th_pre_req"": ""2604"", ""sel_2th_pre_bid"": ""+15300"", ""sel_1th_pre_req_pre"": ""--93"", ""sel_fpr_req"": ""85"", ""sel_fpr_bid"": ""+15290"", ""buy_fpr_bid"": ""+15280"", ""buy_fpr_req"": ""45"", ""buy_1th_pre_req_pre"": ""0"", ""buy_2th_pre_bid"": ""+15270"", ""buy_2th_pre_req"": ""138"", ""buy_2th_pre_req_pre"": ""0"", ""buy_3th_pre_bid"": ""+15260"", ""buy_3th_pre_req"": ""74"", ""buy_3th_pre_req_pre"": ""0"", ""buy_4th_pre_bid"": ""+15250"", ""buy_4th_pre_req"": ""512"", ""buy_4th_pre_req_pre"": ""0"", ""buy_5th_pre_bid"": ""+15240"", ""buy_5th_pre_req"": ""147"", ""buy_5th_pre_req_pre"": ""0"", ""buy_6th_pre_bid"": ""+15230"", ""buy_6th_pre_req"": ""10"", ""buy_6th_pre_req_pre"": ""0"", ""buy_7th_pre_bid"": ""+15220"", ""buy_7th_pre_req"": ""139"", ""buy_7th_pre_req_pre"": ""0"", ""buy_8th_pre_bid"": ""+15210"", ""buy_8th_pre_req"": ""10"", ""buy_8th_pre_req_pre"": ""0"", ""buy_9th_pre_bid"": ""+15200"", ""buy_9th_pre_req"": ""43"", ""buy_9th_pre_req_pre"": ""0"", ""buy_10th_pre_bid"": ""+15190"", ""buy_10th_pre_req"": ""11"", ""buy_10th_pre_req_pre"": ""0"", ""tot_sel_req_jub_pre"": ""--93"", ""tot_sel_req"": ""3312"", ""tot_buy_req"": ""1129"", ""tot_buy_req_jub_pre"": ""0"", ""ovt_sel_req_pre"": ""0"", ""ovt_sel_req"": ""0"", ""ovt_buy_req"": ""0"", ""ovt_buy_req_pre"": ""0"", ""return_code"": 0, ""return_msg"": ""정상적으로 처리되었습니다""}"
2026-06-10,scan_candidate,281820,,0,main_scan,67800,,67800,67500,67800,67900,0.0,0.4424778761061947,,,,,,"{""bid_req_base_tm"": ""105048"", ""sel_10th_pre_req_pre"": ""--1560"", ""sel_10th_pre_req"": ""74"", ""sel_10th_pre_bid"": ""+68700"", ""sel_9th_pre_req_pre"": ""0"", ""sel_9th_pre_req"": ""70"", ""sel_9th_pre_bid"": ""+68600"", ""sel_8th_pre_req_pre"": ""+1560"", ""sel_8th_pre_req"": ""1669"", ""sel_8th_pre_bid"": ""+68500"", ""sel_7th_pre_req_pre"": ""0"", ""sel_7th_pre_req"": ""12"", ""sel_7th_pre_bid"": ""+68400"", ""sel_6th_pre_req_pre"": ""0"", ""sel_6th_pre_req"": ""16"", ""sel_6th_pre_bid"": ""+68300"", ""sel_5th_pre_req_pre"": ""0"", ""sel_5th_pre_req"": ""1"", ""sel_5th_pre_bid"": ""+68200"", ""sel_4th_pre_req_pre"": ""0"", ""sel_4th_pre_req"": ""2"", ""sel_4th_pre_bid"": ""+68100"", ""sel_3th_pre_req_pre"": ""0"", ""sel_3th_pre_req"": ""14"", ""sel_3th_pre_bid"": ""+68000"", ""sel_2th_pre_req_pre"": ""0"", ""sel_2th_pre_req"": ""39"", ""sel_2th_pre_bid"": ""+67900"", ""sel_1th_pre_req_pre"": ""0"", ""sel_fpr_req"": ""102"", ""sel_fpr_bid"": ""+67800"", ""buy_fpr_bid"": ""+67500"", ""buy_fpr_req"": ""997"", ""buy_1th_pre_req_pre"": ""0"", ""buy_2th_pre_bid"": ""+67400"", ""buy_2th_pre_req"": ""455"", ""buy_2th_pre_req_pre"": ""0"", ""buy_3th_pre_bid"": ""+67300"", ""buy_3th_pre_req"": ""497"", ""buy_3th_pre_req_pre"": ""0"", ""buy_4th_pre_bid"": ""+67200"", ""buy_4th_pre_req"": ""122"", ""buy_4th_pre_req_pre"": ""0"", ""buy_5th_pre_bid"": ""+67100"", ""buy_5th_pre_req"": ""22"", ""buy_5th_pre_req_pre"": ""0"", ""buy_6th_pre_bid"": ""+67000"", ""buy_6th_pre_req"": ""459"", ""buy_6th_pre_req_pre"": ""0"", ""buy_7th_pre_bid"": ""+66900"", ""buy_7th_pre_req"": ""102"", ""buy_7th_pre_req_pre"": ""0"", ""buy_8th_pre_bid"": ""+66800"", ""buy_8th_pre_req"": ""25"", ""buy_8th_pre_req_pre"": ""0"", ""buy_9th_pre_bid"": ""+66700"", ""buy_9th_pre_req"": ""9"", ""buy_9th_pre_req_pre"": ""0"", ""buy_10th_pre_bid"": ""+66600"", ""buy_10th_pre_req"": ""89"", ""buy_10th_pre_req_pre"": ""0"", ""tot_sel_req_jub_pre"": ""0"", ""tot_sel_req"": ""1999"", ""tot_buy_req"": ""2777"", ""tot_buy_req_jub_pre"": ""0"", ""ovt_sel_req_pre"": ""0"", ""ovt_sel_req"": ""0"", ""ovt_buy_req"": ""0"", ""ovt_buy_req_pre"": ""0"", ""return_code"": 0, ""return_msg"": ""정상적으로 처리되었습니다""}"
2026-06-10,scan_candidate,195870,,0,main_scan,77700,,77700,77100,77700,77400,-0.5148005148005148,0.7722007722007722,,,,,,"{""bid_req_base_tm"": ""105102"", ""sel_10th_pre_req_pre"": ""0"", ""sel_10th_pre_req"": ""364"", ""sel_10th_pre_bid"": ""+78600"", ""sel_9th_pre_req_pre"": ""0"", ""sel_9th_pre_req"": ""352"", ""sel_9th_pre_bid"": ""+78500"", ""sel_8th_pre_req_pre"": ""0"", ""sel_8th_pre_req"": ""23"", ""sel_8th_pre_bid"": ""+78400"", ""sel_7th_pre_req_pre"": ""0"", ""sel_7th_pre_req"": ""100"", ""sel_7th_pre_bid"": ""+78300"", ""sel_6th_pre_req_pre"": ""0"", ""sel_6th_pre_req"": ""50"", ""sel_6th_pre_bid"": ""+78200"", ""sel_5th_pre_req_pre"": ""0"", ""sel_5th_pre_req"": ""12"", ""sel_5th_pre_bid"": ""+78100"", ""sel_4th_pre_req_pre"": ""0"", ""sel_4th_pre_req"": ""115"", ""sel_4th_pre_bid"": ""+78000"", ""sel_3th_pre_req_pre"": ""0"", ""sel_3th_pre_req"": ""429"", ""sel_3th_pre_bid"": ""+77900"", ""sel_2th_pre_req_pre"": ""0"", ""sel_2th_pre_req"": ""21"", ""sel_2th_pre_bid"": ""+77800"", ""sel_1th_pre_req_pre"": ""0"", ""sel_fpr_req"": ""211"", ""sel_fpr_bid"": ""+77700"", ""buy_fpr_bid"": ""+77100"", ""buy_fpr_req"": ""62"", ""buy_1th_pre_req_pre"": ""0"", ""buy_2th_pre_bid"": ""+77000"", ""buy_2th_pre_req"": ""166"", ""buy_2th_pre_req_pre"": ""0"", ""buy_3th_pre_bid"": ""+76900"", ""buy_3th_pre_req"": ""145"", ""buy_3th_pre_req_pre"": ""0"", ""buy_4th_pre_bid"": ""+76800"", ""buy_4th_pre_req"": ""335"", ""buy_4th_pre_req_pre"": ""0"", ""buy_5th_pre_bid"": ""+76700"", ""buy_5th_pre_req"": ""66"", ""buy_5th_pre_req_pre"": ""0"", ""buy_6th_pre_bid"": ""+76600"", ""buy_6th_pre_req"": ""116"", ""buy_6th_pre_req_pre"": ""0"", ""buy_7th_pre_bid"": ""+76500"", ""buy_7th_pre_req"": ""310"", ""buy_7th_pre_req_pre"": ""0"", ""buy_8th_pre_bid"": ""+76400"", ""buy_8th_pre_req"": ""252"", ""buy_8th_pre_req_pre"": ""0"", ""buy_9th_pre_bid"": ""+76300"", ""buy_9th_pre_req"": ""261"", ""buy_9th_pre_req_pre"": ""0"", ""buy_10th_pre_bid"": ""+76200"", ""buy_10th_pre_req"": ""280"", ""buy_10th_pre_req_pre"": ""0"", ""tot_sel_req_jub_pre"": ""0"", ""tot_sel_req"": ""1677"", ""tot_buy_req"": ""1993"", ""tot_buy_req_jub_pre"": ""0"", ""ovt_sel_req_pre"": ""0"", ""ovt_sel_req"": ""0"", ""ovt_buy_req"": ""0"", ""ovt_buy_req_pre"": ""0"", ""return_code"": 0, ""return_msg"": ""정상적으로 처리되었습니다""}"
2026-06-10,scan_candidate,001820,,0,main_scan,117200,,117200,117100,117200,117000,-0.5972696245733788,0.08532423208191127,,,,,,"{""bid_req_base_tm"": ""105103"", ""sel_10th_pre_req_pre"": ""0"", ""sel_10th_pre_req"": ""166"", ""sel_10th_pre_bid"": ""-118100"", ""sel_9th_pre_req_pre"": ""0"", ""sel_9th_pre_req"": ""301"", ""sel_9th_pre_bid"": ""-118000"", ""sel_8th_pre_req_pre"": ""0"", ""sel_8th_pre_req"": ""13"", ""sel_8th_pre_bid"": ""-117900"", ""sel_7th_pre_req_pre"": ""0"", ""sel_7th_pre_req"": ""41"", ""sel_7th_pre_bid"": ""-117800"", ""sel_6th_pre_req_pre"": ""0"", ""sel_6th_pre_req"": ""36"", ""sel_6th_pre_bid"": ""-117700"", ""sel_5th_pre_req_pre"": ""0"", ""sel_5th_pre_req"": ""6"", ""sel_5th_pre_bid"": ""-117600"", ""sel_4th_pre_req_pre"": ""0"", ""sel_4th_pre_req"": ""32"", ""sel_4th_pre_bid"": ""-117500"", ""sel_3th_pre_req_pre"": ""0"", ""sel_3th_pre_req"": ""100"", ""sel_3th_pre_bid"": ""-117400"", ""sel_2th_pre_req_pre"": ""0"", ""sel_2th_pre_req"": ""111"", ""sel_2th_pre_bid"": ""-117300"", ""sel_1th_pre_req_pre"": ""0"", ""sel_fpr_req"": ""45"", ""sel_fpr_bid"": ""-117200"", ""buy_fpr_bid"": ""-117100"", ""buy_fpr_req"": ""33"", ""buy_1th_pre_req_pre"": ""0"", ""buy_2th_pre_bid"": ""-117000"", ""buy_2th_pre_req"": ""15"", ""buy_2th_pre_req_pre"": ""0"", ""buy_3th_pre_bid"": ""-116900"", ""buy_3th_pre_req"": ""31"", ""buy_3th_pre_req_pre"": ""0"", ""buy_4th_pre_bid"": ""-116800"", ""buy_4th_pre_req"": ""21"", ""buy_4th_pre_req_pre"": ""0"", ""buy_5th_pre_bid"": ""-116700"", ""buy_5th_pre_req"": ""118"", ""buy_5th_pre_req_pre"": ""0"", ""buy_6th_pre_bid"": ""-116600"", ""buy_6th_pre_req"": ""222"", ""buy_6th_pre_req_pre"": ""0"", ""buy_7th_pre_bid"": ""-116500"", ""buy_7th_pre_req"": ""332"", ""buy_7th_pre_req_pre"": ""0"", ""buy_8th_pre_bid"": ""-116400"", ""buy_8th_pre_req"": ""73"", ""buy_8th_pre_req_pre"": ""0"", ""buy_9th_pre_bid"": ""-116300"", ""buy_9th_pre_req"": ""20"", ""buy_9th_pre_req_pre"": ""0"", ""buy_10th_pre_bid"": ""-116200"", ""buy_10th_pre_req"": ""772"", ""buy_10th_pre_req_pre"": ""0"", ""tot_sel_req_jub_pre"": ""--140"", ""tot_sel_req"": ""851"", ""tot_buy_req"": ""1637"", ""tot_buy_req_jub_pre"": ""+756"", ""ovt_sel_req_pre"": ""0"", ""ovt_sel_req"": ""0"", ""ovt_buy_req"": ""0"", ""ovt_buy_req_pre"": ""0"", ""return_code"": 0, ""return_msg"": ""정상적으로 처리되었습니다""}"
2026-06-10,scan_candidate,000815,,0,main_scan,400000,,400000,398000,400000,399500,-0.25,0.5,,,,,,"{""bid_req_base_tm"": ""105057"", ""sel_10th_pre_req_pre"": ""0"", ""sel_10th_pre_req"": ""74"", ""sel_10th_pre_bid"": ""-405500"", ""sel_9th_pre_req_pre"": ""0"", ""sel_9th_pre_req"": ""62"", ""sel_9th_pre_bid"": ""-405000"", ""sel_8th_pre_req_pre"": ""0"", ""sel_8th_pre_req"": ""135"", ""sel_8th_pre_bid"": ""-404500"", ""sel_7th_pre_req_pre"": ""0"", ""sel_7th_pre_req"": ""109"", ""sel_7th_pre_bid"": ""-404000"", ""sel_6th_pre_req_pre"": ""0"", ""sel_6th_pre_req"": ""79"", ""sel_6th_pre_bid"": ""-403500"", ""sel_5th_pre_req_pre"": ""0"", ""sel_5th_pre_req"": ""94"", ""sel_5th_pre_bid"": ""-403000"", ""sel_4th_pre_req_pre"": ""0"", ""sel_4th_pre_req"": ""2"", ""sel_4th_pre_bid"": ""-402500"", ""sel_3th_pre_req_pre"": ""0"", ""sel_3th_pre_req"": ""83"", ""sel_3th_pre_bid"": ""-401500"", ""sel_2th_pre_req_pre"": ""0"", ""sel_2th_pre_req"": ""92"", ""sel_2th_pre_bid"": ""-401000"", ""sel_1th_pre_req_pre"": ""0"", ""sel_fpr_req"": ""30"", ""sel_fpr_bid"": ""-400000"", ""buy_fpr_bid"": ""-398000"", ""buy_fpr_req"": ""65"", ""buy_1th_pre_req_pre"": ""+7"", ""buy_2th_pre_bid"": ""-397500"", ""buy_2th_pre_req"": ""157"", ""buy_2th_pre_req_pre"": ""0"", ""buy_3th_pre_bid"": ""-397000"", ""buy_3th_pre_req"": ""71"", ""buy_3th_pre_req_pre"": ""0"", ""buy_4th_pre_bid"": ""-396500"", ""buy_4th_pre_req"": ""16"", ""buy_4th_pre_req_pre"": ""0"", ""buy_5th_pre_bid"": ""-396000"", ""buy_5th_pre_req"": ""44"", ""buy_5th_pre_req_pre"": ""0"", ""buy_6th_pre_bid"": ""-395500"", ""buy_6th_pre_req"": ""10"", ""buy_6th_pre_req_pre"": ""0"", ""buy_7th_pre_bid"": ""-395000"", ""buy_7th_pre_req"": ""63"", ""buy_7th_pre_req_pre"": ""0"", ""buy_8th_pre_bid"": ""-394500"", ""buy_8th_pre_req"": ""14"", ""buy_8th_pre_req_pre"": ""0"", ""buy_9th_pre_bid"": ""-394000"", ""buy_9th_pre_req"": ""62"", ""buy_9th_pre_req_pre"": ""0"", ""buy_10th_pre_bid"": ""-393500"", ""buy_10th_pre_req"": ""337"", ""buy_10th_pre_req_pre"": ""0"", ""tot_sel_req_jub_pre"": ""0"", ""tot_sel_req"": ""760"", ""tot_buy_req"": ""839"", ""tot_buy_req_jub_pre"": ""+7"", ""ovt_sel_req_pre"": ""0"", ""ovt_sel_req"": ""0"", ""ovt_buy_req"": ""0"", ""ovt_buy_req_pre"": ""0"", ""return_code"": 0, ""return_msg"": ""정상적으로 처리되었습니다""}"
2026-06-10,scan_candidate,499790,,0,main_scan,50700,,50700,50600,50700,50300,-0.9861932938856016,0.19723865877712032,,,,,,"{""bid_req_base_tm"": ""105104"", ""sel_10th_pre_req_pre"": ""0"", ""sel_10th_pre_req"": ""164"", ""sel_10th_pre_bid"": ""+51600"", ""sel_9th_pre_req_pre"": ""0"", ""sel_9th_pre_req"": ""554"", ""sel_9th_pre_bid"": ""+51500"", ""sel_8th_pre_req_pre"": ""0"", ""sel_8th_pre_req"": ""1041"", ""sel_8th_pre_bid"": ""+51400"", ""sel_7th_pre_req_pre"": ""0"", ""sel_7th_pre_req"": ""643"", ""sel_7th_pre_bid"": ""+51300"", ""sel_6th_pre_req_pre"": ""0"", ""sel_6th_pre_req"": ""1220"", ""sel_6th_pre_bid"": ""+51200"", ""sel_5th_pre_req_pre"": ""0"", ""sel_5th_pre_req"": ""1043"", ""sel_5th_pre_bid"": ""+51100"", ""sel_4th_pre_req_pre"": ""0"", ""sel_4th_pre_req"": ""382"", ""sel_4th_pre_bid"": ""+51000"", ""sel_3th_pre_req_pre"": ""0"", ""sel_3th_pre_req"": ""540"", ""sel_3th_pre_bid"": ""+50900"", ""sel_2th_pre_req_pre"": ""0"", ""sel_2th_pre_req"": ""27"", ""sel_2th_pre_bid"": ""+50800"", ""sel_1th_pre_req_pre"": ""0"", ""sel_fpr_req"": ""96"", ""sel_fpr_bid"": ""+50700"", ""buy_fpr_bid"": ""+50600"", ""buy_fpr_req"": ""39"", ""buy_1th_pre_req_pre"": ""0"", ""buy_2th_pre_bid"": ""+50500"", ""buy_2th_pre_req"": ""26"", ""buy_2th_pre_req_pre"": ""0"", ""buy_3th_pre_bid"": ""+50400"", ""buy_3th_pre_req"": ""6"", ""buy_3th_pre_req_pre"": ""--17"", ""buy_4th_pre_bid"": ""+50300"", ""buy_4th_pre_req"": ""64"", ""buy_4th_pre_req_pre"": ""0"", ""buy_5th_pre_bid"": ""+50200"", ""buy_5th_pre_req"": ""20"", ""buy_5th_pre_req_pre"": ""0"", ""buy_6th_pre_bid"": ""+50100"", ""buy_6th_pre_req"": ""20"", ""buy_6th_pre_req_pre"": ""0"", ""buy_7th_pre_bid"": ""+50000"", ""buy_7th_pre_req"": ""30"", ""buy_7th_pre_req_pre"": ""0"", ""buy_8th_pre_bid"": ""+49950"", ""buy_8th_pre_req"": ""26"", ""buy_8th_pre_req_pre"": ""0"", ""buy_9th_pre_bid"": ""+49900"", ""buy_9th_pre_req"": ""127"", ""buy_9th_pre_req_pre"": ""0"", ""buy_10th_pre_bid"": ""+49850"", ""buy_10th_pre_req"": ""63"", ""buy_10th_pre_req_pre"": ""0"", ""tot_sel_req_jub_pre"": ""0"", ""tot_sel_req"": ""5710"", ""tot_buy_req"": ""421"", ""tot_buy_req_jub_pre"": ""--17"", ""ovt_sel_req_pre"": ""0"", ""ovt_sel_req"": ""0"", ""ovt_buy_req"": ""0"", ""ovt_buy_req_pre"": ""0"", ""return_code"": 0, ""return_msg"": ""정상적으로 처리되었습니다""}"
2026-06-10,scan_candidate,100090,,0,main_scan,16260,,16260,16250,16260,16300,-0.06150061500615006,0.06150061500615006,,,,,,"{""bid_req_base_tm"": ""105105"", ""sel_10th_pre_req_pre"": ""0"", ""sel_10th_pre_req"": ""58"", ""sel_10th_pre_bid"": ""+16400"", ""sel_9th_pre_req_pre"": ""0"", ""sel_9th_pre_req"": ""71"", ""sel_9th_pre_bid"": ""+16380"", ""sel_8th_pre_req_pre"": ""0"", ""sel_8th_pre_req"": ""2"", ""sel_8th_pre_bid"": ""+16360"", ""sel_7th_pre_req_pre"": ""0"", ""sel_7th_pre_req"": ""10"", ""sel_7th_pre_bid"": ""+16350"", ""sel_6th_pre_req_pre"": ""--6"", ""sel_6th_pre_req"": ""74"", ""sel_6th_pre_bid"": ""+16320"", ""sel_5th_pre_req_pre"": ""0"", ""sel_5th_pre_req"": ""1103"", ""sel_5th_pre_bid"": ""+16310"", ""sel_4th_pre_req_pre"": ""0"", ""sel_4th_pre_req"": ""54"", ""sel_4th_pre_bid"": ""+16300"", ""sel_3th_pre_req_pre"": ""0"", ""sel_3th_pre_req"": ""72"", ""sel_3th_pre_bid"": ""+16290"", ""sel_2th_pre_req_pre"": ""--68"", ""sel_2th_pre_req"": ""287"", ""sel_2th_pre_bid"": ""+16280"", ""sel_1th_pre_req_pre"": ""0"", ""sel_fpr_req"": ""17"", ""sel_fpr_bid"": ""+16260"", ""buy_fpr_bid"": ""+16250"", ""buy_fpr_req"": ""233"", ""buy_1th_pre_req_pre"": ""--29"", ""buy_2th_pre_bid"": ""+16240"", ""buy_2th_pre_req"": ""42"", ""buy_2th_pre_req_pre"": ""0"", ""buy_3th_pre_bid"": ""+16230"", ""buy_3th_pre_req"": ""751"", ""buy_3th_pre_req_pre"": ""0"", ""buy_4th_pre_bid"": ""+16220"", ""buy_4th_pre_req"": ""181"", ""buy_4th_pre_req_pre"": ""0"", ""buy_5th_pre_bid"": ""+16210"", ""buy_5th_pre_req"": ""1193"", ""buy_5th_pre_req_pre"": ""0"", ""buy_6th_pre_bid"": ""+16200"", ""buy_6th_pre_req"": ""2924"", ""buy_6th_pre_req_pre"": ""0"", ""buy_7th_pre_bid"": ""+16190"", ""buy_7th_pre_req"": ""27"", ""buy_7th_pre_req_pre"": ""0"", ""buy_8th_pre_bid"": ""+16180"", ""buy_8th_pre_req"": ""352"", ""buy_8th_pre_req_pre"": ""0"", ""buy_9th_pre_bid"": ""+16170"", ""buy_9th_pre_req"": ""325"", ""buy_9th_pre_req_pre"": ""0"", ""buy_10th_pre_bid"": ""+16160"", ""buy_10th_pre_req"": ""127"", ""buy_10th_pre_req_pre"": ""0"", ""tot_sel_req_jub_pre"": ""--269"", ""tot_sel_req"": ""1748"", ""tot_buy_req"": ""6155"", ""tot_buy_req_jub_pre"": ""--29"", ""ovt_sel_req_pre"": ""0"", ""ovt_sel_req"": ""0"", ""ovt_buy_req"": ""0"", ""ovt_buy_req_pre"": ""0"", ""return_code"": 0, ""return_msg"": ""정상적으로 처리되었습니다""}"
2026-06-10,scan_candidate,003160,,0,main_scan,28850,,28850,28750,28850,28750,-0.5199306759098787,0.34662045060658575,,,,,,"{""bid_req_base_tm"": ""105105"", ""sel_10th_pre_req_pre"": ""0"", ""sel_10th_pre_req"": ""365"", ""sel_10th_pre_bid"": ""+29300"", ""sel_9th_pre_req_pre"": ""0"", ""sel_9th_pre_req"": ""334"", ""sel_9th_pre_bid"": ""+29250"", ""sel_8th_pre_req_pre"": ""0"", ""sel_8th_pre_req"": ""231"", ""sel_8th_pre_bid"": ""+29200"", ""sel_7th_pre_req_pre"": ""0"", ""sel_7th_pre_req"": ""10"", ""sel_7th_pre_bid"": ""+29150"", ""sel_6th_pre_req_pre"": ""0"", ""sel_6th_pre_req"": ""23"", ""sel_6th_pre_bid"": ""+29100"", ""sel_5th_pre_req_pre"": ""0"", ""sel_5th_pre_req"": ""96"", ""sel_5th_pre_bid"": ""+29050"", ""sel_4th_pre_req_pre"": ""0"", ""sel_4th_pre_req"": ""2021"", ""sel_4th_pre_bid"": ""+29000"", ""sel_3th_pre_req_pre"": ""0"", ""sel_3th_pre_req"": ""10"", ""sel_3th_pre_bid"": ""+28950"", ""sel_2th_pre_req_pre"": ""0"", ""sel_2th_pre_req"": ""287"", ""sel_2th_pre_bid"": ""+28900"", ""sel_1th_pre_req_pre"": ""0"", ""sel_fpr_req"": ""111"", ""sel_fpr_bid"": ""+28850"", ""buy_fpr_bid"": ""+28750"", ""buy_fpr_req"": ""269"", ""buy_1th_pre_req_pre"": ""0"", ""buy_2th_pre_bid"": ""+28700"", ""buy_2th_pre_req"": ""173"", ""buy_2th_pre_req_pre"": ""+10"", ""buy_3th_pre_bid"": ""+28650"", ""buy_3th_pre_req"": ""77"", ""buy_3th_pre_req_pre"": ""0"", ""buy_4th_pre_bid"": ""+28600"", ""buy_4th_pre_req"": ""41"", ""buy_4th_pre_req_pre"": ""0"", ""buy_5th_pre_bid"": ""+28550"", ""buy_5th_pre_req"": ""244"", ""buy_5th_pre_req_pre"": ""0"", ""buy_6th_pre_bid"": ""+28500"", ""buy_6th_pre_req"": ""164"", ""buy_6th_pre_req_pre"": ""0"", ""buy_7th_pre_bid"": ""+28450"", ""buy_7th_pre_req"": ""257"", ""buy_7th_pre_req_pre"": ""0"", ""buy_8th_pre_bid"": ""+28400"", ""buy_8th_pre_req"": ""167"", ""buy_8th_pre_req_pre"": ""0"", ""buy_9th_pre_bid"": ""+28350"", ""buy_9th_pre_req"": ""177"", ""buy_9th_pre_req_pre"": ""0"", ""buy_10th_pre_bid"": ""+28300"", ""buy_10th_pre_req"": ""1523"", ""buy_10th_pre_req_pre"": ""0"", ""tot_sel_req_jub_pre"": ""0"", ""tot_sel_req"": ""3488"", ""tot_buy_req"": ""3092"", ""tot_buy_req_jub_pre"": ""+10"", ""ovt_sel_req_pre"": ""0"", ""ovt_sel_req"": ""0"", ""ovt_buy_req"": ""0"", ""ovt_buy_req_pre"": ""0"", ""return_code"": 0, ""return_msg"": ""정상적으로 처리되었습니다""}"
2026-06-10,scan_candidate,000370,,0,main_scan,6540,,6540,6520,6540,6500,-0.764525993883792,0.3058103975535168,,,,,,"{""bid_req_base_tm"": ""105104"", ""sel_10th_pre_req_pre"": ""0"", ""sel_10th_pre_req"": ""1041"", ""sel_10th_pre_bid"": ""+6630"", ""sel_9th_pre_req_pre"": ""0"", ""sel_9th_pre_req"": ""940"", ""sel_9th_pre_bid"": ""+6620"", ""sel_8th_pre_req_pre"": ""0"", ""sel_8th_pre_req"": ""1003"", ""sel_8th_pre_bid"": ""+6610"", ""sel_7th_pre_req_pre"": ""0"", ""sel_7th_pre_req"": ""305"", ""sel_7th_pre_bid"": ""+6600"", ""sel_6th_pre_req_pre"": ""0"", ""sel_6th_pre_req"": ""11"", ""sel_6th_pre_bid"": ""+6590"", ""sel_5th_pre_req_pre"": ""0"", ""sel_5th_pre_req"": ""110"", ""sel_5th_pre_bid"": ""+6580"", ""sel_4th_pre_req_pre"": ""0"", ""sel_4th_pre_req"": ""751"", ""sel_4th_pre_bid"": ""+6570"", ""sel_3th_pre_req_pre"": ""0"", ""sel_3th_pre_req"": ""2"", ""sel_3th_pre_bid"": ""+6560"", ""sel_2th_pre_req_pre"": ""+213"", ""sel_2th_pre_req"": ""1226"", ""sel_2th_pre_bid"": ""+6550"", ""sel_1th_pre_req_pre"": ""+281"", ""sel_fpr_req"": ""1260"", ""sel_fpr_bid"": ""+6540"", ""buy_fpr_bid"": ""+6520"", ""buy_fpr_req"": ""107"", ""buy_1th_pre_req_pre"": ""0"", ""buy_2th_pre_bid"": ""+6510"", ""buy_2th_pre_req"": ""750"", ""buy_2th_pre_req_pre"": ""0"", ""buy_3th_pre_bid"": ""+6500"", ""buy_3th_pre_req"": ""284"", ""buy_3th_pre_req_pre"": ""0"", ""buy_4th_pre_bid"": ""+6490"", ""buy_4th_pre_req"": ""571"", ""buy_4th_pre_req_pre"": ""0"", ""buy_5th_pre_bid"": ""+6480"", ""buy_5th_pre_req"": ""448"", ""buy_5th_pre_req_pre"": ""0"", ""buy_6th_pre_bid"": ""+6470"", ""buy_6th_pre_req"": ""94"", ""buy_6th_pre_req_pre"": ""0"", ""buy_7th_pre_bid"": ""+6460"", ""buy_7th_pre_req"": ""112"", ""buy_7th_pre_req_pre"": ""0"", ""buy_8th_pre_bid"": ""6450"", ""buy_8th_pre_req"": ""309"", ""buy_8th_pre_req_pre"": ""0"", ""buy_9th_pre_bid"": ""-6440"", ""buy_9th_pre_req"": ""130"", ""buy_9th_pre_req_pre"": ""0"", ""buy_10th_pre_bid"": ""-6430"", ""buy_10th_pre_req"": ""52"", ""buy_10th_pre_req_pre"": ""0"", ""tot_sel_req_jub_pre"": ""+494"", ""tot_sel_req"": ""6649"", ""tot_buy_req"": ""2857"", ""tot_buy_req_jub_pre"": ""0"", ""ovt_sel_req_pre"": ""0"", ""ovt_sel_req"": ""0"", ""ovt_buy_req"": ""0"", ""ovt_buy_req_pre"": ""0"", ""return_code"": 0, ""return_msg"": ""정상적으로 처리되었습니다""}"
2026-06-10,scan_candidate,114090,,0,main_scan,12050,,12050,12040,12050,11950,-1.2448132780082988,0.08298755186721991,,,,,,"{""bid_req_base_tm"": ""105101"", ""sel_10th_pre_req_pre"": ""0"", ""sel_10th_pre_req"": ""311"", ""sel_10th_pre_bid"": ""+12180"", ""sel_9th_pre_req_pre"": ""0"", ""sel_9th_pre_req"": ""12"", ""sel_9th_pre_bid"": ""+12170"", ""sel_8th_pre_req_pre"": ""0"", ""sel_8th_pre_req"": ""1132"", ""sel_8th_pre_bid"": ""+12150"", ""sel_7th_pre_req_pre"": ""0"", ""sel_7th_pre_req"": ""132"", ""sel_7th_pre_bid"": ""+12140"", ""sel_6th_pre_req_pre"": ""0"", ""sel_6th_pre_req"": ""469"", ""sel_6th_pre_bid"": ""+12130"", ""sel_5th_pre_req_pre"": ""0"", ""sel_5th_pre_req"": ""55"", ""sel_5th_pre_bid"": ""+12120"", ""sel_4th_pre_req_pre"": ""0"", ""sel_4th_pre_req"": ""1957"", ""sel_4th_pre_bid"": ""+12110"", ""sel_3th_pre_req_pre"": ""0"", ""sel_3th_pre_req"": ""76"", ""sel_3th_pre_bid"": ""+12100"", ""sel_2th_pre_req_pre"": ""+10"", ""sel_2th_pre_req"": ""19"", ""sel_2th_pre_bid"": ""+12060"", ""sel_1th_pre_req_pre"": ""0"", ""sel_fpr_req"": ""277"", ""sel_fpr_bid"": ""+12050"", ""buy_fpr_bid"": ""+12040"", ""buy_fpr_req"": ""59"", ""buy_1th_pre_req_pre"": ""0"", ""buy_2th_pre_bid"": ""+12020"", ""buy_2th_pre_req"": ""184"", ""buy_2th_pre_req_pre"": ""0"", ""buy_3th_pre_bid"": ""+12010"", ""buy_3th_pre_req"": ""615"", ""buy_3th_pre_req_pre"": ""0"", ""buy_4th_pre_bid"": ""+12000"", ""buy_4th_pre_req"": ""860"", ""buy_4th_pre_req_pre"": ""0"", ""buy_5th_pre_bid"": ""+11990"", ""buy_5th_pre_req"": ""100"", ""buy_5th_pre_req_pre"": ""0"", ""buy_6th_pre_bid"": ""+11980"", ""buy_6th_pre_req"": ""189"", ""buy_6th_pre_req_pre"": ""0"", ""buy_7th_pre_bid"": ""11950"", ""buy_7th_pre_req"": ""481"", ""buy_7th_pre_req_pre"": ""0"", ""buy_8th_pre_bid"": ""-11910"", ""buy_8th_pre_req"": ""2"", ""buy_8th_pre_req_pre"": ""0"", ""buy_9th_pre_bid"": ""-11900"", ""buy_9th_pre_req"": ""97"", ""buy_9th_pre_req_pre"": ""0"", ""buy_10th_pre_bid"": ""-11860"", ""buy_10th_pre_req"": ""2"", ""buy_10th_pre_req_pre"": ""0"", ""tot_sel_req_jub_pre"": ""+10"", ""tot_sel_req"": ""4440"", ""tot_buy_req"": ""2589"", ""tot_buy_req_jub_pre"": ""0"", ""ovt_sel_req_pre"": ""0"", ""ovt_sel_req"": ""0"", ""ovt_buy_req"": ""0"", ""ovt_buy_req_pre"": ""0"", ""return_code"": 0, ""return_msg"": ""정상적으로 처리되었습니다""}"
2026-06-10,scan_candidate,005090,,0,main_scan,52300,,52300,52100,52300,52300,-0.19120458891013384,0.3824091778202677,,,,,,"{""bid_req_base_tm"": ""105101"", ""sel_10th_pre_req_pre"": ""0"", ""sel_10th_pre_req"": ""99"", ""sel_10th_pre_bid"": ""+53200"", ""sel_9th_pre_req_pre"": ""0"", ""sel_9th_pre_req"": ""73"", ""sel_9th_pre_bid"": ""+53100"", ""sel_8th_pre_req_pre"": ""0"", ""sel_8th_pre_req"": ""67"", ""sel_8th_pre_bid"": ""+53000"", ""sel_7th_pre_req_pre"": ""0"", ""sel_7th_pre_req"": ""7"", ""sel_7th_pre_bid"": ""+52900"", ""sel_6th_pre_req_pre"": ""0"", ""sel_6th_pre_req"": ""20"", ""sel_6th_pre_bid"": ""+52800"", ""sel_5th_pre_req_pre"": ""0"", ""sel_5th_pre_req"": ""120"", ""sel_5th_pre_bid"": ""+52700"", ""sel_4th_pre_req_pre"": ""0"", ""sel_4th_pre_req"": ""14"", ""sel_4th_pre_bid"": ""+52600"", ""sel_3th_pre_req_pre"": ""0"", ""sel_3th_pre_req"": ""21"", ""sel_3th_pre_bid"": ""+52500"", ""sel_2th_pre_req_pre"": ""0"", ""sel_2th_pre_req"": ""80"", ""sel_2th_pre_bid"": ""+52400"", ""sel_1th_pre_req_pre"": ""0"", ""sel_fpr_req"": ""52"", ""sel_fpr_bid"": ""+52300"", ""buy_fpr_bid"": ""+52100"", ""buy_fpr_req"": ""45"", ""buy_1th_pre_req_pre"": ""--1"", ""buy_2th_pre_bid"": ""+52000"", ""buy_2th_pre_req"": ""102"", ""buy_2th_pre_req_pre"": ""0"", ""buy_3th_pre_bid"": ""+51900"", ""buy_3th_pre_req"": ""120"", ""buy_3th_pre_req_pre"": ""0"", ""buy_4th_pre_bid"": ""+51800"", ""buy_4th_pre_req"": ""39"", ""buy_4th_pre_req_pre"": ""0"", ""buy_5th_pre_bid"": ""+51700"", ""buy_5th_pre_req"": ""1"", ""buy_5th_pre_req_pre"": ""0"", ""buy_6th_pre_bid"": ""+51600"", ""buy_6th_pre_req"": ""126"", ""buy_6th_pre_req_pre"": ""0"", ""buy_7th_pre_bid"": ""+51500"", ""buy_7th_pre_req"": ""164"", ""buy_7th_pre_req_pre"": ""0"", ""buy_8th_pre_bid"": ""+51400"", ""buy_8th_pre_req"": ""43"", ""buy_8th_pre_req_pre"": ""0"", ""buy_9th_pre_bid"": ""+51300"", ""buy_9th_pre_req"": ""108"", ""buy_9th_pre_req_pre"": ""0"", ""buy_10th_pre_bid"": ""+51200"", ""buy_10th_pre_req"": ""1424"", ""buy_10th_pre_req_pre"": ""0"", ""tot_sel_req_jub_pre"": ""0"", ""tot_sel_req"": ""553"", ""tot_buy_req"": ""2172"", ""tot_buy_req_jub_pre"": ""--1"", ""ovt_sel_req_pre"": ""0"", ""ovt_sel_req"": ""0"", ""ovt_buy_req"": ""0"", ""ovt_buy_req_pre"": ""0"", ""return_code"": 0, ""return_msg"": ""정상적으로 처리되었습니다""}"
2026-06-10,scan_candidate,017900,,0,main_scan,9470,,9470,9440,9470,9490,0.10559662090813093,0.31678986272439286,,,,,,"{""bid_req_base_tm"": ""105106"", ""sel_10th_pre_req_pre"": ""0"", ""sel_10th_pre_req"": ""1823"", ""sel_10th_pre_bid"": ""+9570"", ""sel_9th_pre_req_pre"": ""0"", ""sel_9th_pre_req"": ""249"", ""sel_9th_pre_bid"": ""+9560"", ""sel_8th_pre_req_pre"": ""0"", ""sel_8th_pre_req"": ""186"", ""sel_8th_pre_bid"": ""+9550"", ""sel_7th_pre_req_pre"": ""0"", ""sel_7th_pre_req"": ""50"", ""sel_7th_pre_bid"": ""+9540"", ""sel_6th_pre_req_pre"": ""0"", ""sel_6th_pre_req"": ""31"", ""sel_6th_pre_bid"": ""+9530"", ""sel_5th_pre_req_pre"": ""0"", ""sel_5th_pre_req"": ""273"", ""sel_5th_pre_bid"": ""+9520"", ""sel_4th_pre_req_pre"": ""0"", ""sel_4th_pre_req"": ""147"", ""sel_4th_pre_bid"": ""+9510"", ""sel_3th_pre_req_pre"": ""0"", ""sel_3th_pre_req"": ""257"", ""sel_3th_pre_bid"": ""+9490"", ""sel_2th_pre_req_pre"": ""0"", ""sel_2th_pre_req"": ""1000"", ""sel_2th_pre_bid"": ""+9480"", ""sel_1th_pre_req_pre"": ""+129"", ""sel_fpr_req"": ""1569"", ""sel_fpr_bid"": ""+9470"", ""buy_fpr_bid"": ""+9440"", ""buy_fpr_req"": ""1795"", ""buy_1th_pre_req_pre"": ""+50"", ""buy_2th_pre_bid"": ""+9430"", ""buy_2th_pre_req"": ""1215"", ""buy_2th_pre_req_pre"": ""0"", ""buy_3th_pre_bid"": ""+9420"", ""buy_3th_pre_req"": ""1523"", ""buy_3th_pre_req_pre"": ""0"", ""buy_4th_pre_bid"": ""+9410"", ""buy_4th_pre_req"": ""2920"", ""buy_4th_pre_req_pre"": ""0"", ""buy_5th_pre_bid"": ""+9400"", ""buy_5th_pre_req"": ""7660"", ""buy_5th_pre_req_pre"": ""+457"", ""buy_6th_pre_bid"": ""+9390"", ""buy_6th_pre_req"": ""121"", ""buy_6th_pre_req_pre"": ""0"", ""buy_7th_pre_bid"": ""+9380"", ""buy_7th_pre_req"": ""1649"", ""buy_7th_pre_req_pre"": ""0"", ""buy_8th_pre_bid"": ""+9370"", ""buy_8th_pre_req"": ""1342"", ""buy_8th_pre_req_pre"": ""0"", ""buy_9th_pre_bid"": ""+9360"", ""buy_9th_pre_req"": ""1439"", ""buy_9th_pre_req_pre"": ""0"", ""buy_10th_pre_bid"": ""+9350"", ""buy_10th_pre_req"": ""2216"", ""buy_10th_pre_req_pre"": ""0"", ""tot_sel_req_jub_pre"": ""+129"", ""tot_sel_req"": ""5585"", ""tot_buy_req"": ""21880"", ""tot_buy_req_jub_pre"": ""+507"", ""ovt_sel_req_pre"": ""0"", ""ovt_sel_req"": ""0"", ""ovt_buy_req"": ""0"", ""ovt_buy_req_pre"": ""0"", ""return_code"": 0, ""return_msg"": ""정상적으로 처리되었습니다""}"
2026-06-10,scan_candidate,004710,,0,main_scan,11090,,11090,11060,11090,11100,-0.36068530207394045,0.2705139765554554,,,,,,"{""bid_req_base_tm"": ""105104"", ""sel_10th_pre_req_pre"": ""0"", ""sel_10th_pre_req"": ""281"", ""sel_10th_pre_bid"": ""+11240"", ""sel_9th_pre_req_pre"": ""0"", ""sel_9th_pre_req"": ""419"", ""sel_9th_pre_bid"": ""+11230"", ""sel_8th_pre_req_pre"": ""0"", ""sel_8th_pre_req"": ""70"", ""sel_8th_pre_bid"": ""+11220"", ""sel_7th_pre_req_pre"": ""0"", ""sel_7th_pre_req"": ""62"", ""sel_7th_pre_bid"": ""+11200"", ""sel_6th_pre_req_pre"": ""0"", ""sel_6th_pre_req"": ""20"", ""sel_6th_pre_bid"": ""+11180"", ""sel_5th_pre_req_pre"": ""0"", ""sel_5th_pre_req"": ""1"", ""sel_5th_pre_bid"": ""+11160"", ""sel_4th_pre_req_pre"": ""0"", ""sel_4th_pre_req"": ""239"", ""sel_4th_pre_bid"": ""+11150"", ""sel_3th_pre_req_pre"": ""0"", ""sel_3th_pre_req"": ""4"", ""sel_3th_pre_bid"": ""+11140"", ""sel_2th_pre_req_pre"": ""0"", ""sel_2th_pre_req"": ""100"", ""sel_2th_pre_bid"": ""+11110"", ""sel_1th_pre_req_pre"": ""+1"", ""sel_fpr_req"": ""2"", ""sel_fpr_bid"": ""+11090"", ""buy_fpr_bid"": ""+11060"", ""buy_fpr_req"": ""89"", ""buy_1th_pre_req_pre"": ""0"", ""buy_2th_pre_bid"": ""+11050"", ""buy_2th_pre_req"": ""2817"", ""buy_2th_pre_req_pre"": ""0"", ""buy_3th_pre_bid"": ""+11040"", ""buy_3th_pre_req"": ""3002"", ""buy_3th_pre_req_pre"": ""0"", ""buy_4th_pre_bid"": ""+11020"", ""buy_4th_pre_req"": ""1429"", ""buy_4th_pre_req_pre"": ""0"", ""buy_5th_pre_bid"": ""+11010"", ""buy_5th_pre_req"": ""206"", ""buy_5th_pre_req_pre"": ""0"", ""buy_6th_pre_bid"": ""+11000"", ""buy_6th_pre_req"": ""425"", ""buy_6th_pre_req_pre"": ""0"", ""buy_7th_pre_bid"": ""+10980"", ""buy_7th_pre_req"": ""161"", ""buy_7th_pre_req_pre"": ""0"", ""buy_8th_pre_bid"": ""+10970"", ""buy_8th_pre_req"": ""5"", ""buy_8th_pre_req_pre"": ""0"", ""buy_9th_pre_bid"": ""+10960"", ""buy_9th_pre_req"": ""255"", ""buy_9th_pre_req_pre"": ""0"", ""buy_10th_pre_bid"": ""+10950"", ""buy_10th_pre_req"": ""4"", ""buy_10th_pre_req_pre"": ""0"", ""tot_sel_req_jub_pre"": ""+1"", ""tot_sel_req"": ""1198"", ""tot_buy_req"": ""8393"", ""tot_buy_req_jub_pre"": ""0"", ""ovt_sel_req_pre"": ""0"", ""ovt_sel_req"": ""0"", ""ovt_buy_req"": ""0"", ""ovt_buy_req_pre"": ""0"", ""return_code"": 0, ""return_msg"": ""정상적으로 처리되었습니다""}"
2026-06-10,scan_candidate,006220,,0,main_scan,11350,,11350,11340,11350,11350,-0.4405286343612335,0.0881057268722467,,,,,,"{""bid_req_base_tm"": ""105106"", ""sel_10th_pre_req_pre"": ""0"", ""sel_10th_pre_req"": ""913"", ""sel_10th_pre_bid"": ""+11440"", ""sel_9th_pre_req_pre"": ""0"", ""sel_9th_pre_req"": ""398"", ""sel_9th_pre_bid"": ""+11430"", ""sel_8th_pre_req_pre"": ""0"", ""sel_8th_pre_req"": ""116"", ""sel_8th_pre_bid"": ""+11420"", ""sel_7th_pre_req_pre"": ""0"", ""sel_7th_pre_req"": ""2295"", ""sel_7th_pre_bid"": ""+11410"", ""sel_6th_pre_req_pre"": ""0"", ""sel_6th_pre_req"": ""846"", ""sel_6th_pre_bid"": ""+11400"", ""sel_5th_pre_req_pre"": ""0"", ""sel_5th_pre_req"": ""380"", ""sel_5th_pre_bid"": ""+11390"", ""sel_4th_pre_req_pre"": ""+300"", ""sel_4th_pre_req"": ""301"", ""sel_4th_pre_bid"": ""+11380"", ""sel_3th_pre_req_pre"": ""0"", ""sel_3th_pre_req"": ""12"", ""sel_3th_pre_bid"": ""+11370"", ""sel_2th_pre_req_pre"": ""0"", ""sel_2th_pre_req"": ""3"", ""sel_2th_pre_bid"": ""+11360"", ""sel_1th_pre_req_pre"": ""0"", ""sel_fpr_req"": ""2"", ""sel_fpr_bid"": ""+11350"", ""buy_fpr_bid"": ""+11340"", ""buy_fpr_req"": ""103"", ""buy_1th_pre_req_pre"": ""0"", ""buy_2th_pre_bid"": ""+11330"", ""buy_2th_pre_req"": ""519"", ""buy_2th_pre_req_pre"": ""0"", ""buy_3th_pre_bid"": ""+11320"", ""buy_3th_pre_req"": ""487"", ""buy_3th_pre_req_pre"": ""0"", ""buy_4th_pre_bid"": ""+11310"", ""buy_4th_pre_req"": ""913"", ""buy_4th_pre_req_pre"": ""0"", ""buy_5th_pre_bid"": ""+11300"", ""buy_5th_pre_req"": ""657"", ""buy_5th_pre_req_pre"": ""0"", ""buy_6th_pre_bid"": ""+11290"", ""buy_6th_pre_req"": ""147"", ""buy_6th_pre_req_pre"": ""0"", ""buy_7th_pre_bid"": ""+11280"", ""buy_7th_pre_req"": ""803"", ""buy_7th_pre_req_pre"": ""0"", ""buy_8th_pre_bid"": ""+11270"", ""buy_8th_pre_req"": ""666"", ""buy_8th_pre_req_pre"": ""0"", ""buy_9th_pre_bid"": ""+11260"", ""buy_9th_pre_req"": ""1224"", ""buy_9th_pre_req_pre"": ""0"", ""buy_10th_pre_bid"": ""+11250"", ""buy_10th_pre_req"": ""1786"", ""buy_10th_pre_req_pre"": ""0"", ""tot_sel_req_jub_pre"": ""+300"", ""tot_sel_req"": ""5266"", ""tot_buy_req"": ""7305"", ""tot_buy_req_jub_pre"": ""0"", ""ovt_sel_req_pre"": ""0"", ""ovt_sel_req"": ""0"", ""ovt_buy_req"": ""0"", ""ovt_buy_req_pre"": ""0"", ""return_code"": 0, ""return_msg"": ""정상적으로 처리되었습니다""}"
2026-06-10,scan_candidate,092200,,0,main_scan,9720,,9720,9700,9720,9720,-0.102880658436214,0.205761316872428,,,,,,"{""bid_req_base_tm"": ""105106"", ""sel_10th_pre_req_pre"": ""0"", ""sel_10th_pre_req"": ""2682"", ""sel_10th_pre_bid"": ""-9850"", ""sel_9th_pre_req_pre"": ""0"", ""sel_9th_pre_req"": ""123"", ""sel_9th_pre_bid"": ""-9840"", ""sel_8th_pre_req_pre"": ""0"", ""sel_8th_pre_req"": ""1105"", ""sel_8th_pre_bid"": ""-9830"", ""sel_7th_pre_req_pre"": ""0"", ""sel_7th_pre_req"": ""320"", ""sel_7th_pre_bid"": ""-9820"", ""sel_6th_pre_req_pre"": ""0"", ""sel_6th_pre_req"": ""274"", ""sel_6th_pre_bid"": ""-9810"", ""sel_5th_pre_req_pre"": ""0"", ""sel_5th_pre_req"": ""13628"", ""sel_5th_pre_bid"": ""-9800"", ""sel_4th_pre_req_pre"": ""0"", ""sel_4th_pre_req"": ""352"", ""sel_4th_pre_bid"": ""-9790"", ""sel_3th_pre_req_pre"": ""0"", ""sel_3th_pre_req"": ""3"", ""sel_3th_pre_bid"": ""-9780"", ""sel_2th_pre_req_pre"": ""0"", ""sel_2th_pre_req"": ""10"", ""sel_2th_pre_bid"": ""-9730"", ""sel_1th_pre_req_pre"": ""0"", ""sel_fpr_req"": ""293"", ""sel_fpr_bid"": ""-9720"", ""buy_fpr_bid"": ""-9700"", ""buy_fpr_req"": ""1086"", ""buy_1th_pre_req_pre"": ""0"", ""buy_2th_pre_bid"": ""-9690"", ""buy_2th_pre_req"": ""1284"", ""buy_2th_pre_req_pre"": ""0"", ""buy_3th_pre_bid"": ""-9680"", ""buy_3th_pre_req"": ""1725"", ""buy_3th_pre_req_pre"": ""0"", ""buy_4th_pre_bid"": ""-9670"", ""buy_4th_pre_req"": ""769"", ""buy_4th_pre_req_pre"": ""0"", ""buy_5th_pre_bid"": ""-9660"", ""buy_5th_pre_req"": ""903"", ""buy_5th_pre_req_pre"": ""0"", ""buy_6th_pre_bid"": ""-9650"", ""buy_6th_pre_req"": ""2250"", ""buy_6th_pre_req_pre"": ""0"", ""buy_7th_pre_bid"": ""-9640"", ""buy_7th_pre_req"": ""3944"", ""buy_7th_pre_req_pre"": ""0"", ""buy_8th_pre_bid"": ""-9630"", ""buy_8th_pre_req"": ""1753"", ""buy_8th_pre_req_pre"": ""0"", ""buy_9th_pre_bid"": ""-9620"", ""buy_9th_pre_req"": ""1236"", ""buy_9th_pre_req_pre"": ""0"", ""buy_10th_pre_bid"": ""-9610"", ""buy_10th_pre_req"": ""1048"", ""buy_10th_pre_req_pre"": ""0"", ""tot_sel_req_jub_pre"": ""0"", ""tot_sel_req"": ""18790"", ""tot_buy_req"": ""15998"", ""tot_buy_req_jub_pre"": ""0"", ""ovt_sel_req_pre"": ""0"", ""ovt_sel_req"": ""0"", ""ovt_buy_req"": ""0"", ""ovt_buy_req_pre"": ""0"", ""return_code"": 0, ""return_msg"": ""정상적으로 처리되었습니다""}"
2026-06-10,scan_candidate,010820,,0,main_scan,8170,,8170,8150,8170,8160,-0.24479804161566704,0.24479804161566704,,,,,,"{""bid_req_base_tm"": ""105101"", ""sel_10th_pre_req_pre"": ""0"", ""sel_10th_pre_req"": ""1764"", ""sel_10th_pre_bid"": ""+8260"", ""sel_9th_pre_req_pre"": ""0"", ""sel_9th_pre_req"": ""444"", ""sel_9th_pre_bid"": ""+8250"", ""sel_8th_pre_req_pre"": ""0"", ""sel_8th_pre_req"": ""314"", ""sel_8th_pre_bid"": ""+8240"", ""sel_7th_pre_req_pre"": ""0"", ""sel_7th_pre_req"": ""42"", ""sel_7th_pre_bid"": ""+8230"", ""sel_6th_pre_req_pre"": ""0"", ""sel_6th_pre_req"": ""122"", ""sel_6th_pre_bid"": ""+8220"", ""sel_5th_pre_req_pre"": ""0"", ""sel_5th_pre_req"": ""352"", ""sel_5th_pre_bid"": ""+8210"", ""sel_4th_pre_req_pre"": ""0"", ""sel_4th_pre_req"": ""214"", ""sel_4th_pre_bid"": ""+8200"", ""sel_3th_pre_req_pre"": ""0"", ""sel_3th_pre_req"": ""70"", ""sel_3th_pre_bid"": ""+8190"", ""sel_2th_pre_req_pre"": ""0"", ""sel_2th_pre_req"": ""299"", ""sel_2th_pre_bid"": ""+8180"", ""sel_1th_pre_req_pre"": ""--2"", ""sel_fpr_req"": ""97"", ""sel_fpr_bid"": ""+8170"", ""buy_fpr_bid"": ""+8150"", ""buy_fpr_req"": ""280"", ""buy_1th_pre_req_pre"": ""0"", ""buy_2th_pre_bid"": ""+8140"", ""buy_2th_pre_req"": ""788"", ""buy_2th_pre_req_pre"": ""0"", ""buy_3th_pre_bid"": ""+8130"", ""buy_3th_pre_req"": ""216"", ""buy_3th_pre_req_pre"": ""0"", ""buy_4th_pre_bid"": ""+8120"", ""buy_4th_pre_req"": ""376"", ""buy_4th_pre_req_pre"": ""0"", ""buy_5th_pre_bid"": ""+8110"", ""buy_5th_pre_req"": ""476"", ""buy_5th_pre_req_pre"": ""0"", ""buy_6th_pre_bid"": ""+8100"", ""buy_6th_pre_req"": ""506"", ""buy_6th_pre_req_pre"": ""0"", ""buy_7th_pre_bid"": ""+8090"", ""buy_7th_pre_req"": ""135"", ""buy_7th_pre_req_pre"": ""0"", ""buy_8th_pre_bid"": ""+8080"", ""buy_8th_pre_req"": ""672"", ""buy_8th_pre_req_pre"": ""0"", ""buy_9th_pre_bid"": ""+8070"", ""buy_9th_pre_req"": ""387"", ""buy_9th_pre_req_pre"": ""0"", ""buy_10th_pre_bid"": ""+8060"", ""buy_10th_pre_req"": ""127"", ""buy_10th_pre_req_pre"": ""0"", ""tot_sel_req_jub_pre"": ""--2"", ""tot_sel_req"": ""3718"", ""tot_buy_req"": ""3963"", ""tot_buy_req_jub_pre"": ""0"", ""ovt_sel_req_pre"": ""0"", ""ovt_sel_req"": ""0"", ""ovt_buy_req"": ""0"", ""ovt_buy_req_pre"": ""0"", ""return_code"": 0, ""return_msg"": ""정상적으로 처리되었습니다""}"
2026-06-10,scan_candidate,000430,,0,main_scan,5630,,5630,5610,5630,5660,0.3552397868561279,0.3552397868561279,,,,,,"{""bid_req_base_tm"": ""105107"", ""sel_10th_pre_req_pre"": ""0"", ""sel_10th_pre_req"": ""417"", ""sel_10th_pre_bid"": ""-5720"", ""sel_9th_pre_req_pre"": ""0"", ""sel_9th_pre_req"": ""1"", ""sel_9th_pre_bid"": ""-5710"", ""sel_8th_pre_req_pre"": ""0"", ""sel_8th_pre_req"": ""1450"", ""sel_8th_pre_bid"": ""-5700"", ""sel_7th_pre_req_pre"": ""0"", ""sel_7th_pre_req"": ""201"", ""sel_7th_pre_bid"": ""-5690"", ""sel_6th_pre_req_pre"": ""0"", ""sel_6th_pre_req"": ""458"", ""sel_6th_pre_bid"": ""-5680"", ""sel_5th_pre_req_pre"": ""0"", ""sel_5th_pre_req"": ""61"", ""sel_5th_pre_bid"": ""-5670"", ""sel_4th_pre_req_pre"": ""0"", ""sel_4th_pre_req"": ""205"", ""sel_4th_pre_bid"": ""-5660"", ""sel_3th_pre_req_pre"": ""0"", ""sel_3th_pre_req"": ""723"", ""sel_3th_pre_bid"": ""-5650"", ""sel_2th_pre_req_pre"": ""0"", ""sel_2th_pre_req"": ""4637"", ""sel_2th_pre_bid"": ""-5640"", ""sel_1th_pre_req_pre"": ""0"", ""sel_fpr_req"": ""1566"", ""sel_fpr_bid"": ""-5630"", ""buy_fpr_bid"": ""-5610"", ""buy_fpr_req"": ""6089"", ""buy_1th_pre_req_pre"": ""0"", ""buy_2th_pre_bid"": ""-5600"", ""buy_2th_pre_req"": ""15494"", ""buy_2th_pre_req_pre"": ""0"", ""buy_3th_pre_bid"": ""-5590"", ""buy_3th_pre_req"": ""6127"", ""buy_3th_pre_req_pre"": ""0"", ""buy_4th_pre_bid"": ""-5580"", ""buy_4th_pre_req"": ""6561"", ""buy_4th_pre_req_pre"": ""0"", ""buy_5th_pre_bid"": ""-5570"", ""buy_5th_pre_req"": ""2615"", ""buy_5th_pre_req_pre"": ""0"", ""buy_6th_pre_bid"": ""-5560"", ""buy_6th_pre_req"": ""5148"", ""buy_6th_pre_req_pre"": ""0"", ""buy_7th_pre_bid"": ""-5550"", ""buy_7th_pre_req"": ""6896"", ""buy_7th_pre_req_pre"": ""0"", ""buy_8th_pre_bid"": ""-5540"", ""buy_8th_pre_req"": ""3158"", ""buy_8th_pre_req_pre"": ""0"", ""buy_9th_pre_bid"": ""-5530"", ""buy_9th_pre_req"": ""815"", ""buy_9th_pre_req_pre"": ""0"", ""buy_10th_pre_bid"": ""-5520"", ""buy_10th_pre_req"": ""4214"", ""buy_10th_pre_req_pre"": ""0"", ""tot_sel_req_jub_pre"": ""0"", ""tot_sel_req"": ""9719"", ""tot_buy_req"": ""57117"", ""tot_buy_req_jub_pre"": ""0"", ""ovt_sel_req_pre"": ""0"", ""ovt_sel_req"": ""0"", ""ovt_buy_req"": ""0"", ""ovt_buy_req_pre"": ""0"", ""return_code"": 0, ""return_msg"": ""정상적으로 처리되었습니다""}"
2026-06-10,scan_candidate,010690,,0,main_scan,10720,,10720,10710,10720,10700,-0.6529850746268656,0.09328358208955223,,,,,,"{""bid_req_base_tm"": ""105107"", ""sel_10th_pre_req_pre"": ""0"", ""sel_10th_pre_req"": ""100"", ""sel_10th_pre_bid"": ""+10820"", ""sel_9th_pre_req_pre"": ""0"", ""sel_9th_pre_req"": ""75"", ""sel_9th_pre_bid"": ""+10800"", ""sel_8th_pre_req_pre"": ""0"", ""sel_8th_pre_req"": ""122"", ""sel_8th_pre_bid"": ""+10790"", ""sel_7th_pre_req_pre"": ""0"", ""sel_7th_pre_req"": ""118"", ""sel_7th_pre_bid"": ""+10780"", ""sel_6th_pre_req_pre"": ""0"", ""sel_6th_pre_req"": ""100"", ""sel_6th_pre_bid"": ""+10770"", ""sel_5th_pre_req_pre"": ""0"", ""sel_5th_pre_req"": ""27"", ""sel_5th_pre_bid"": ""+10760"", ""sel_4th_pre_req_pre"": ""0"", ""sel_4th_pre_req"": ""93"", ""sel_4th_pre_bid"": ""+10750"", ""sel_3th_pre_req_pre"": ""0"", ""sel_3th_pre_req"": ""14"", ""sel_3th_pre_bid"": ""+10740"", ""sel_2th_pre_req_pre"": ""0"", ""sel_2th_pre_req"": ""35"", ""sel_2th_pre_bid"": ""+10730"", ""sel_1th_pre_req_pre"": ""0"", ""sel_fpr_req"": ""143"", ""sel_fpr_bid"": ""+10720"", ""buy_fpr_bid"": ""+10710"", ""buy_fpr_req"": ""301"", ""buy_1th_pre_req_pre"": ""0"", ""buy_2th_pre_bid"": ""+10700"", ""buy_2th_pre_req"": ""3"", ""buy_2th_pre_req_pre"": ""0"", ""buy_3th_pre_bid"": ""+10690"", ""buy_3th_pre_req"": ""2"", ""buy_3th_pre_req_pre"": ""0"", ""buy_4th_pre_bid"": ""+10680"", ""buy_4th_pre_req"": ""163"", ""buy_4th_pre_req_pre"": ""0"", ""buy_5th_pre_bid"": ""+10670"", ""buy_5th_pre_req"": ""255"", ""buy_5th_pre_req_pre"": ""0"", ""buy_6th_pre_bid"": ""+10660"", ""buy_6th_pre_req"": ""100"", ""buy_6th_pre_req_pre"": ""0"", ""buy_7th_pre_bid"": ""+10650"", ""buy_7th_pre_req"": ""170"", ""buy_7th_pre_req_pre"": ""0"", ""buy_8th_pre_bid"": ""+10640"", ""buy_8th_pre_req"": ""141"", ""buy_8th_pre_req_pre"": ""0"", ""buy_9th_pre_bid"": ""+10630"", ""buy_9th_pre_req"": ""301"", ""buy_9th_pre_req_pre"": ""0"", ""buy_10th_pre_bid"": ""+10620"", ""buy_10th_pre_req"": ""139"", ""buy_10th_pre_req_pre"": ""0"", ""tot_sel_req_jub_pre"": ""0"", ""tot_sel_req"": ""827"", ""tot_buy_req"": ""1575"", ""tot_buy_req_jub_pre"": ""0"", ""ovt_sel_req_pre"": ""0"", ""ovt_sel_req"": ""0"", ""ovt_buy_req"": ""0"", ""ovt_buy_req_pre"": ""0"", ""return_code"": 0, ""return_msg"": ""정상적으로 처리되었습니다""}"
2026-06-10,scan_candidate,005950,,0,main_scan,12130,,12130,12060,12130,12100,-0.6595218466611706,0.5770816158285244,,,,,,"{""bid_req_base_tm"": ""105104"", ""sel_10th_pre_req_pre"": ""0"", ""sel_10th_pre_req"": ""2"", ""sel_10th_pre_bid"": ""+12250"", ""sel_9th_pre_req_pre"": ""0"", ""sel_9th_pre_req"": ""9"", ""sel_9th_pre_bid"": ""+12240"", ""sel_8th_pre_req_pre"": ""0"", ""sel_8th_pre_req"": ""3"", ""sel_8th_pre_bid"": ""+12230"", ""sel_7th_pre_req_pre"": ""0"", ""sel_7th_pre_req"": ""270"", ""sel_7th_pre_bid"": ""+12220"", ""sel_6th_pre_req_pre"": ""0"", ""sel_6th_pre_req"": ""24"", ""sel_6th_pre_bid"": ""+12200"", ""sel_5th_pre_req_pre"": ""0"", ""sel_5th_pre_req"": ""134"", ""sel_5th_pre_bid"": ""+12180"", ""sel_4th_pre_req_pre"": ""0"", ""sel_4th_pre_req"": ""195"", ""sel_4th_pre_bid"": ""+12160"", ""sel_3th_pre_req_pre"": ""0"", ""sel_3th_pre_req"": ""37"", ""sel_3th_pre_bid"": ""+12150"", ""sel_2th_pre_req_pre"": ""0"", ""sel_2th_pre_req"": ""35"", ""sel_2th_pre_bid"": ""+12140"", ""sel_1th_pre_req_pre"": ""0"", ""sel_fpr_req"": ""562"", ""sel_fpr_bid"": ""+12130"", ""buy_fpr_bid"": ""+12060"", ""buy_fpr_req"": ""110"", ""buy_1th_pre_req_pre"": ""0"", ""buy_2th_pre_bid"": ""+12050"", ""buy_2th_pre_req"": ""34"", ""buy_2th_pre_req_pre"": ""+18"", ""buy_3th_pre_bid"": ""+12040"", ""buy_3th_pre_req"": ""51"", ""buy_3th_pre_req_pre"": ""0"", ""buy_4th_pre_bid"": ""+12030"", ""buy_4th_pre_req"": ""334"", ""buy_4th_pre_req_pre"": ""--18"", ""buy_5th_pre_bid"": ""+12020"", ""buy_5th_pre_req"": ""122"", ""buy_5th_pre_req_pre"": ""0"", ""buy_6th_pre_bid"": ""+12010"", ""buy_6th_pre_req"": ""50"", ""buy_6th_pre_req_pre"": ""0"", ""buy_7th_pre_bid"": ""+12000"", ""buy_7th_pre_req"": ""1078"", ""buy_7th_pre_req_pre"": ""0"", ""buy_8th_pre_bid"": ""+11990"", ""buy_8th_pre_req"": ""13"", ""buy_8th_pre_req_pre"": ""0"", ""buy_9th_pre_bid"": ""+11980"", ""buy_9th_pre_req"": ""1"", ""buy_9th_pre_req_pre"": ""0"", ""buy_10th_pre_bid"": ""+11970"", ""buy_10th_pre_req"": ""15"", ""buy_10th_pre_req_pre"": ""0"", ""tot_sel_req_jub_pre"": ""--57"", ""tot_sel_req"": ""1271"", ""tot_buy_req"": ""1808"", ""tot_buy_req_jub_pre"": ""0"", ""ovt_sel_req_pre"": ""0"", ""ovt_sel_req"": ""0"", ""ovt_buy_req"": ""0"", ""ovt_buy_req_pre"": ""0"", ""return_code"": 0, ""return_msg"": ""정상적으로 처리되었습니다""}"
2026-06-10,watchlist,014680,,0,filtered_candidate_recheck,262500,,262500,262000,262500,262500,-0.19047619047619047,0.19047619047619047,,,,,,"{""bid_req_base_tm"": ""105252"", ""sel_10th_pre_req_pre"": ""0"", ""sel_10th_pre_req"": ""76"", ""sel_10th_pre_bid"": ""+267000"", ""sel_9th_pre_req_pre"": ""0"", ""sel_9th_pre_req"": ""515"", ""sel_9th_pre_bid"": ""+266500"", ""sel_8th_pre_req_pre"": ""0"", ""sel_8th_pre_req"": ""16"", ""sel_8th_pre_bid"": ""+266000"", ""sel_7th_pre_req_pre"": ""0"", ""sel_7th_pre_req"": ""24"", ""sel_7th_pre_bid"": ""+265500"", ""sel_6th_pre_req_pre"": ""0"", ""sel_6th_pre_req"": ""35"", ""sel_6th_pre_bid"": ""+265000"", ""sel_5th_pre_req_pre"": ""0"", ""sel_5th_pre_req"": ""2"", ""sel_5th_pre_bid"": ""+264500"", ""sel_4th_pre_req_pre"": ""0"", ""sel_4th_pre_req"": ""3"", ""sel_4th_pre_bid"": ""+264000"", ""sel_3th_pre_req_pre"": ""0"", ""sel_3th_pre_req"": ""15"", ""sel_3th_pre_bid"": ""+263500"", ""sel_2th_pre_req_pre"": ""0"", ""sel_2th_pre_req"": ""11"", ""sel_2th_pre_bid"": ""+263000"", ""sel_1th_pre_req_pre"": ""0"", ""sel_fpr_req"": ""82"", ""sel_fpr_bid"": ""+262500"", ""buy_fpr_bid"": ""+262000"", ""buy_fpr_req"": ""97"", ""buy_1th_pre_req_pre"": ""+23"", ""buy_2th_pre_bid"": ""+261500"", ""buy_2th_pre_req"": ""32"", ""buy_2th_pre_req_pre"": ""0"", ""buy_3th_pre_bid"": ""+261000"", ""buy_3th_pre_req"": ""5"", ""buy_3th_pre_req_pre"": ""0"", ""buy_4th_pre_bid"": ""+260500"", ""buy_4th_pre_req"": ""5"", ""buy_4th_pre_req_pre"": ""0"", ""buy_5th_pre_bid"": ""+260000"", ""buy_5th_pre_req"": ""130"", ""buy_5th_pre_req_pre"": ""0"", ""buy_6th_pre_bid"": ""+259500"", ""buy_6th_pre_req"": ""119"", ""buy_6th_pre_req_pre"": ""0"", ""buy_7th_pre_bid"": ""+259000"", ""buy_7th_pre_req"": ""210"", ""buy_7th_pre_req_pre"": ""0"", ""buy_8th_pre_bid"": ""+258500"", ""buy_8th_pre_req"": ""102"", ""buy_8th_pre_req_pre"": ""0"", ""buy_9th_pre_bid"": ""+258000"", ""buy_9th_pre_req"": ""101"", ""buy_9th_pre_req_pre"": ""0"", ""buy_10th_pre_bid"": ""+257500"", ""buy_10th_pre_req"": ""132"", ""buy_10th_pre_req_pre"": ""0"", ""tot_sel_req_jub_pre"": ""0"", ""tot_sel_req"": ""779"", ""tot_buy_req"": ""933"", ""tot_buy_req_jub_pre"": ""+23"", ""ovt_sel_req_pre"": ""0"", ""ovt_sel_req"": ""0"", ""ovt_buy_req"": ""0"", ""ovt_buy_req_pre"": ""0"", ""return_code"": 0, ""return_msg"": ""정상적으로 처리되었습니다""}"
2026-06-10,watchlist,035420,,1,filtered_candidate_recheck,235500,,235500,235000,235500,237000,0.42462845010615713,0.21231422505307856,,,,,,"{""bid_req_base_tm"": ""105256"", ""sel_10th_pre_req_pre"": ""0"", ""sel_10th_pre_req"": ""4779"", ""sel_10th_pre_bid"": ""-240000"", ""sel_9th_pre_req_pre"": ""0"", ""sel_9th_pre_req"": ""3365"", ""sel_9th_pre_bid"": ""-239500"", ""sel_8th_pre_req_pre"": ""0"", ""sel_8th_pre_req"": ""2882"", ""sel_8th_pre_bid"": ""-239000"", ""sel_7th_pre_req_pre"": ""0"", ""sel_7th_pre_req"": ""1656"", ""sel_7th_pre_bid"": ""-238500"", ""sel_6th_pre_req_pre"": ""0"", ""sel_6th_pre_req"": ""2889"", ""sel_6th_pre_bid"": ""-238000"", ""sel_5th_pre_req_pre"": ""0"", ""sel_5th_pre_req"": ""3422"", ""sel_5th_pre_bid"": ""-237500"", ""sel_4th_pre_req_pre"": ""0"", ""sel_4th_pre_req"": ""2675"", ""sel_4th_pre_bid"": ""-237000"", ""sel_3th_pre_req_pre"": ""0"", ""sel_3th_pre_req"": ""5401"", ""sel_3th_pre_bid"": ""-236500"", ""sel_2th_pre_req_pre"": ""0"", ""sel_2th_pre_req"": ""4505"", ""sel_2th_pre_bid"": ""-236000"", ""sel_1th_pre_req_pre"": ""0"", ""sel_fpr_req"": ""5806"", ""sel_fpr_bid"": ""-235500"", ""buy_fpr_bid"": ""-235000"", ""buy_fpr_req"": ""27705"", ""buy_1th_pre_req_pre"": ""--10"", ""buy_2th_pre_bid"": ""-234500"", ""buy_2th_pre_req"": ""55016"", ""buy_2th_pre_req_pre"": ""0"", ""buy_3th_pre_bid"": ""-234000"", ""buy_3th_pre_req"": ""12263"", ""buy_3th_pre_req_pre"": ""0"", ""buy_4th_pre_bid"": ""-233500"", ""buy_4th_pre_req"": ""7007"", ""buy_4th_pre_req_pre"": ""0"", ""buy_5th_pre_bid"": ""-233000"", ""buy_5th_pre_req"": ""14506"", ""buy_5th_pre_req_pre"": ""0"", ""buy_6th_pre_bid"": ""-232500"", ""buy_6th_pre_req"": ""7530"", ""buy_6th_pre_req_pre"": ""0"", ""buy_7th_pre_bid"": ""-232000"", ""buy_7th_pre_req"": ""11152"", ""buy_7th_pre_req_pre"": ""0"", ""buy_8th_pre_bid"": ""-231500"", ""buy_8th_pre_req"": ""9767"", ""buy_8th_pre_req_pre"": ""0"", ""buy_9th_pre_bid"": ""-231000"", ""buy_9th_pre_req"": ""14986"", ""buy_9th_pre_req_pre"": ""0"", ""buy_10th_pre_bid"": ""-230500"", ""buy_10th_pre_req"": ""11066"", ""buy_10th_pre_req_pre"": ""0"", ""tot_sel_req_jub_pre"": ""0"", ""tot_sel_req"": ""37380"", ""tot_buy_req"": ""170998"", ""tot_buy_req_jub_pre"": ""--10"", ""ovt_sel_req_pre"": ""0"", ""ovt_sel_req"": ""0"", ""ovt_buy_req"": ""0"", ""ovt_buy_req_pre"": ""0"", ""return_code"": 0, ""return_msg"": ""정상적으로 처리되었습니다""}"
2026-06-10,watchlist,036570,,0,filtered_candidate_recheck,259000,,259000,258500,259000,258500,-0.3861003861003861,0.19305019305019305,,,,,,"{""bid_req_base_tm"": ""105256"", ""sel_10th_pre_req_pre"": ""0"", ""sel_10th_pre_req"": ""88"", ""sel_10th_pre_bid"": ""-263500"", ""sel_9th_pre_req_pre"": ""0"", ""sel_9th_pre_req"": ""50"", ""sel_9th_pre_bid"": ""-263000"", ""sel_8th_pre_req_pre"": ""0"", ""sel_8th_pre_req"": ""1028"", ""sel_8th_pre_bid"": ""-262500"", ""sel_7th_pre_req_pre"": ""0"", ""sel_7th_pre_req"": ""198"", ""sel_7th_pre_bid"": ""-262000"", ""sel_6th_pre_req_pre"": ""0"", ""sel_6th_pre_req"": ""55"", ""sel_6th_pre_bid"": ""-261500"", ""sel_5th_pre_req_pre"": ""0"", ""sel_5th_pre_req"": ""8"", ""sel_5th_pre_bid"": ""-261000"", ""sel_4th_pre_req_pre"": ""0"", ""sel_4th_pre_req"": ""16"", ""sel_4th_pre_bid"": ""-260500"", ""sel_3th_pre_req_pre"": ""0"", ""sel_3th_pre_req"": ""99"", ""sel_3th_pre_bid"": ""-260000"", ""sel_2th_pre_req_pre"": ""0"", ""sel_2th_pre_req"": ""120"", ""sel_2th_pre_bid"": ""-259500"", ""sel_1th_pre_req_pre"": ""--2"", ""sel_fpr_req"": ""254"", ""sel_fpr_bid"": ""-259000"", ""buy_fpr_bid"": ""-258500"", ""buy_fpr_req"": ""107"", ""buy_1th_pre_req_pre"": ""0"", ""buy_2th_pre_bid"": ""-258000"", ""buy_2th_pre_req"": ""73"", ""buy_2th_pre_req_pre"": ""0"", ""buy_3th_pre_bid"": ""-257500"", ""buy_3th_pre_req"": ""121"", ""buy_3th_pre_req_pre"": ""+1"", ""buy_4th_pre_bid"": ""-257000"", ""buy_4th_pre_req"": ""72"", ""buy_4th_pre_req_pre"": ""0"", ""buy_5th_pre_bid"": ""-256500"", ""buy_5th_pre_req"": ""83"", ""buy_5th_pre_req_pre"": ""0"", ""buy_6th_pre_bid"": ""-256000"", ""buy_6th_pre_req"": ""202"", ""buy_6th_pre_req_pre"": ""0"", ""buy_7th_pre_bid"": ""-255500"", ""buy_7th_pre_req"": ""214"", ""buy_7th_pre_req_pre"": ""0"", ""buy_8th_pre_bid"": ""-255000"", ""buy_8th_pre_req"": ""365"", ""buy_8th_pre_req_pre"": ""0"", ""buy_9th_pre_bid"": ""-254500"", ""buy_9th_pre_req"": ""349"", ""buy_9th_pre_req_pre"": ""0"", ""buy_10th_pre_bid"": ""-254000"", ""buy_10th_pre_req"": ""352"", ""buy_10th_pre_req_pre"": ""0"", ""tot_sel_req_jub_pre"": ""--2"", ""tot_sel_req"": ""1916"", ""tot_buy_req"": ""1938"", ""tot_buy_req_jub_pre"": ""+1"", ""ovt_sel_req_pre"": ""0"", ""ovt_sel_req"": ""0"", ""ovt_buy_req"": ""0"", ""ovt_buy_req_pre"": ""0"", ""return_code"": 0, ""return_msg"": ""정상적으로 처리되었습니다""}"
2026-06-10,watchlist,005090,,0,filtered_candidate_recheck,52400,,52400,52200,52400,52400,-0.19083969465648853,0.38167938931297707,,,,,,"{""bid_req_base_tm"": ""105256"", ""sel_10th_pre_req_pre"": ""0"", ""sel_10th_pre_req"": ""45"", ""sel_10th_pre_bid"": ""+53300"", ""sel_9th_pre_req_pre"": ""0"", ""sel_9th_pre_req"": ""99"", ""sel_9th_pre_bid"": ""+53200"", ""sel_8th_pre_req_pre"": ""0"", ""sel_8th_pre_req"": ""73"", ""sel_8th_pre_bid"": ""+53100"", ""sel_7th_pre_req_pre"": ""0"", ""sel_7th_pre_req"": ""67"", ""sel_7th_pre_bid"": ""+53000"", ""sel_6th_pre_req_pre"": ""0"", ""sel_6th_pre_req"": ""7"", ""sel_6th_pre_bid"": ""+52900"", ""sel_5th_pre_req_pre"": ""0"", ""sel_5th_pre_req"": ""20"", ""sel_5th_pre_bid"": ""+52800"", ""sel_4th_pre_req_pre"": ""0"", ""sel_4th_pre_req"": ""120"", ""sel_4th_pre_bid"": ""+52700"", ""sel_3th_pre_req_pre"": ""0"", ""sel_3th_pre_req"": ""14"", ""sel_3th_pre_bid"": ""+52600"", ""sel_2th_pre_req_pre"": ""0"", ""sel_2th_pre_req"": ""60"", ""sel_2th_pre_bid"": ""+52500"", ""sel_1th_pre_req_pre"": ""--11"", ""sel_fpr_req"": ""24"", ""sel_fpr_bid"": ""+52400"", ""buy_fpr_bid"": ""+52200"", ""buy_fpr_req"": ""90"", ""buy_1th_pre_req_pre"": ""0"", ""buy_2th_pre_bid"": ""+52100"", ""buy_2th_pre_req"": ""146"", ""buy_2th_pre_req_pre"": ""0"", ""buy_3th_pre_bid"": ""+52000"", ""buy_3th_pre_req"": ""183"", ""buy_3th_pre_req_pre"": ""0"", ""buy_4th_pre_bid"": ""+51900"", ""buy_4th_pre_req"": ""36"", ""buy_4th_pre_req_pre"": ""0"", ""buy_5th_pre_bid"": ""+51800"", ""buy_5th_pre_req"": ""3"", ""buy_5th_pre_req_pre"": ""0"", ""buy_6th_pre_bid"": ""+51700"", ""buy_6th_pre_req"": ""1"", ""buy_6th_pre_req_pre"": ""0"", ""buy_7th_pre_bid"": ""+51600"", ""buy_7th_pre_req"": ""126"", ""buy_7th_pre_req_pre"": ""0"", ""buy_8th_pre_bid"": ""+51500"", ""buy_8th_pre_req"": ""164"", ""buy_8th_pre_req_pre"": ""0"", ""buy_9th_pre_bid"": ""+51400"", ""buy_9th_pre_req"": ""43"", ""buy_9th_pre_req_pre"": ""0"", ""buy_10th_pre_bid"": ""+51300"", ""buy_10th_pre_req"": ""108"", ""buy_10th_pre_req_pre"": ""0"", ""tot_sel_req_jub_pre"": ""--11"", ""tot_sel_req"": ""529"", ""tot_buy_req"": ""900"", ""tot_buy_req_jub_pre"": ""0"", ""ovt_sel_req_pre"": ""0"", ""ovt_sel_req"": ""0"", ""ovt_buy_req"": ""0"", ""ovt_buy_req_pre"": ""0"", ""return_code"": 0, ""return_msg"": ""정상적으로 처리되었습니다""}"
2026-06-10,watchlist,066570,,0,filtered_candidate_recheck,232500,,232500,232000,232500,234000,0.43010752688172044,0.21505376344086022,,,,,,"{""bid_req_base_tm"": ""105257"", ""sel_10th_pre_req_pre"": ""0"", ""sel_10th_pre_req"": ""1501"", ""sel_10th_pre_bid"": ""-237000"", ""sel_9th_pre_req_pre"": ""0"", ""sel_9th_pre_req"": ""1251"", ""sel_9th_pre_bid"": ""-236500"", ""sel_8th_pre_req_pre"": ""0"", ""sel_8th_pre_req"": ""3123"", ""sel_8th_pre_bid"": ""-236000"", ""sel_7th_pre_req_pre"": ""0"", ""sel_7th_pre_req"": ""2105"", ""sel_7th_pre_bid"": ""-235500"", ""sel_6th_pre_req_pre"": ""0"", ""sel_6th_pre_req"": ""3526"", ""sel_6th_pre_bid"": ""-235000"", ""sel_5th_pre_req_pre"": ""0"", ""sel_5th_pre_req"": ""1911"", ""sel_5th_pre_bid"": ""-234500"", ""sel_4th_pre_req_pre"": ""0"", ""sel_4th_pre_req"": ""2108"", ""sel_4th_pre_bid"": ""-234000"", ""sel_3th_pre_req_pre"": ""0"", ""sel_3th_pre_req"": ""1649"", ""sel_3th_pre_bid"": ""-233500"", ""sel_2th_pre_req_pre"": ""0"", ""sel_2th_pre_req"": ""4024"", ""sel_2th_pre_bid"": ""-233000"", ""sel_1th_pre_req_pre"": ""+1"", ""sel_fpr_req"": ""1715"", ""sel_fpr_bid"": ""-232500"", ""buy_fpr_bid"": ""-232000"", ""buy_fpr_req"": ""5208"", ""buy_1th_pre_req_pre"": ""0"", ""buy_2th_pre_bid"": ""-231500"", ""buy_2th_pre_req"": ""7553"", ""buy_2th_pre_req_pre"": ""0"", ""buy_3th_pre_bid"": ""-231000"", ""buy_3th_pre_req"": ""10919"", ""buy_3th_pre_req_pre"": ""0"", ""buy_4th_pre_bid"": ""-230500"", ""buy_4th_pre_req"": ""17076"", ""buy_4th_pre_req_pre"": ""0"", ""buy_5th_pre_bid"": ""-230000"", ""buy_5th_pre_req"": ""41934"", ""buy_5th_pre_req_pre"": ""0"", ""buy_6th_pre_bid"": ""-229500"", ""buy_6th_pre_req"": ""10123"", ""buy_6th_pre_req_pre"": ""0"", ""buy_7th_pre_bid"": ""-229000"", ""buy_7th_pre_req"": ""7842"", ""buy_7th_pre_req_pre"": ""0"", ""buy_8th_pre_bid"": ""-228500"", ""buy_8th_pre_req"": ""6603"", ""buy_8th_pre_req_pre"": ""0"", ""buy_9th_pre_bid"": ""-228000"", ""buy_9th_pre_req"": ""12182"", ""buy_9th_pre_req_pre"": ""0"", ""buy_10th_pre_bid"": ""-227500"", ""buy_10th_pre_req"": ""4196"", ""buy_10th_pre_req_pre"": ""0"", ""tot_sel_req_jub_pre"": ""+1"", ""tot_sel_req"": ""22913"", ""tot_buy_req"": ""123636"", ""tot_buy_req_jub_pre"": ""0"", ""ovt_sel_req_pre"": ""0"", ""ovt_sel_req"": ""0"", ""ovt_buy_req"": ""0"", ""ovt_buy_req_pre"": ""0"", ""return_code"": 0, ""return_msg"": ""정상적으로 처리되었습니다""}"
2026-06-10,watchlist,028670,,1,filtered_candidate_recheck,5040,,5040,5020,5040,5070,0.3968253968253968,0.3968253968253968,,,,,,"{""bid_req_base_tm"": ""105257"", ""sel_10th_pre_req_pre"": ""0"", ""sel_10th_pre_req"": ""1747"", ""sel_10th_pre_bid"": ""-5130"", ""sel_9th_pre_req_pre"": ""0"", ""sel_9th_pre_req"": ""2959"", ""sel_9th_pre_bid"": ""-5120"", ""sel_8th_pre_req_pre"": ""0"", ""sel_8th_pre_req"": ""1001"", ""sel_8th_pre_bid"": ""-5110"", ""sel_7th_pre_req_pre"": ""0"", ""sel_7th_pre_req"": ""2261"", ""sel_7th_pre_bid"": ""-5100"", ""sel_6th_pre_req_pre"": ""0"", ""sel_6th_pre_req"": ""1385"", ""sel_6th_pre_bid"": ""-5090"", ""sel_5th_pre_req_pre"": ""0"", ""sel_5th_pre_req"": ""1217"", ""sel_5th_pre_bid"": ""-5080"", ""sel_4th_pre_req_pre"": ""0"", ""sel_4th_pre_req"": ""601"", ""sel_4th_pre_bid"": ""-5070"", ""sel_3th_pre_req_pre"": ""0"", ""sel_3th_pre_req"": ""401"", ""sel_3th_pre_bid"": ""-5060"", ""sel_2th_pre_req_pre"": ""0"", ""sel_2th_pre_req"": ""1318"", ""sel_2th_pre_bid"": ""-5050"", ""sel_1th_pre_req_pre"": ""0"", ""sel_fpr_req"": ""2139"", ""sel_fpr_bid"": ""-5040"", ""buy_fpr_bid"": ""-5020"", ""buy_fpr_req"": ""2135"", ""buy_1th_pre_req_pre"": ""--1"", ""buy_2th_pre_bid"": ""-5010"", ""buy_2th_pre_req"": ""40576"", ""buy_2th_pre_req_pre"": ""0"", ""buy_3th_pre_bid"": ""-5000"", ""buy_3th_pre_req"": ""4086"", ""buy_3th_pre_req_pre"": ""0"", ""buy_4th_pre_bid"": ""-4995"", ""buy_4th_pre_req"": ""2029"", ""buy_4th_pre_req_pre"": ""0"", ""buy_5th_pre_bid"": ""-4990"", ""buy_5th_pre_req"": ""4360"", ""buy_5th_pre_req_pre"": ""0"", ""buy_6th_pre_bid"": ""-4985"", ""buy_6th_pre_req"": ""1471"", ""buy_6th_pre_req_pre"": ""0"", ""buy_7th_pre_bid"": ""-4980"", ""buy_7th_pre_req"": ""7373"", ""buy_7th_pre_req_pre"": ""0"", ""buy_8th_pre_bid"": ""-4975"", ""buy_8th_pre_req"": ""119"", ""buy_8th_pre_req_pre"": ""0"", ""buy_9th_pre_bid"": ""-4970"", ""buy_9th_pre_req"": ""2757"", ""buy_9th_pre_req_pre"": ""0"", ""buy_10th_pre_bid"": ""-4965"", ""buy_10th_pre_req"": ""5626"", ""buy_10th_pre_req_pre"": ""0"", ""tot_sel_req_jub_pre"": ""0"", ""tot_sel_req"": ""15029"", ""tot_buy_req"": ""70532"", ""tot_buy_req_jub_pre"": ""--1"", ""ovt_sel_req_pre"": ""0"", ""ovt_sel_req"": ""0"", ""ovt_buy_req"": ""0"", ""ovt_buy_req_pre"": ""0"", ""return_code"": 0, ""return_msg"": ""정상적으로 처리되었습니다""}"
2026-06-10,watchlist,004990,,0,filtered_candidate_recheck,25900,,25900,25850,25900,25750,-0.7722007722007722,0.19305019305019305,,,,,,"{""bid_req_base_tm"": ""105255"", ""sel_10th_pre_req_pre"": ""0"", ""sel_10th_pre_req"": ""6"", ""sel_10th_pre_bid"": ""+26350"", ""sel_9th_pre_req_pre"": ""0"", ""sel_9th_pre_req"": ""11"", ""sel_9th_pre_bid"": ""+26300"", ""sel_8th_pre_req_pre"": ""0"", ""sel_8th_pre_req"": ""135"", ""sel_8th_pre_bid"": ""+26250"", ""sel_7th_pre_req_pre"": ""0"", ""sel_7th_pre_req"": ""90"", ""sel_7th_pre_bid"": ""+26200"", ""sel_6th_pre_req_pre"": ""0"", ""sel_6th_pre_req"": ""3120"", ""sel_6th_pre_bid"": ""26150"", ""sel_5th_pre_req_pre"": ""0"", ""sel_5th_pre_req"": ""402"", ""sel_5th_pre_bid"": ""-26100"", ""sel_4th_pre_req_pre"": ""0"", ""sel_4th_pre_req"": ""212"", ""sel_4th_pre_bid"": ""-26050"", ""sel_3th_pre_req_pre"": ""0"", ""sel_3th_pre_req"": ""322"", ""sel_3th_pre_bid"": ""-26000"", ""sel_2th_pre_req_pre"": ""0"", ""sel_2th_pre_req"": ""442"", ""sel_2th_pre_bid"": ""-25950"", ""sel_1th_pre_req_pre"": ""+33"", ""sel_fpr_req"": ""739"", ""sel_fpr_bid"": ""-25900"", ""buy_fpr_bid"": ""-25850"", ""buy_fpr_req"": ""168"", ""buy_1th_pre_req_pre"": ""0"", ""buy_2th_pre_bid"": ""-25800"", ""buy_2th_pre_req"": ""24"", ""buy_2th_pre_req_pre"": ""0"", ""buy_3th_pre_bid"": ""-25750"", ""buy_3th_pre_req"": ""500"", ""buy_3th_pre_req_pre"": ""0"", ""buy_4th_pre_bid"": ""-25700"", ""buy_4th_pre_req"": ""96"", ""buy_4th_pre_req_pre"": ""0"", ""buy_5th_pre_bid"": ""-25650"", ""buy_5th_pre_req"": ""200"", ""buy_5th_pre_req_pre"": ""0"", ""buy_6th_pre_bid"": ""-25600"", ""buy_6th_pre_req"": ""284"", ""buy_6th_pre_req_pre"": ""0"", ""buy_7th_pre_bid"": ""-25550"", ""buy_7th_pre_req"": ""422"", ""buy_7th_pre_req_pre"": ""0"", ""buy_8th_pre_bid"": ""-25500"", ""buy_8th_pre_req"": ""982"", ""buy_8th_pre_req_pre"": ""0"", ""buy_9th_pre_bid"": ""-25450"", ""buy_9th_pre_req"": ""1117"", ""buy_9th_pre_req_pre"": ""0"", ""buy_10th_pre_bid"": ""-25400"", ""buy_10th_pre_req"": ""666"", ""buy_10th_pre_req_pre"": ""0"", ""tot_sel_req_jub_pre"": ""+33"", ""tot_sel_req"": ""5479"", ""tot_buy_req"": ""4459"", ""tot_buy_req_jub_pre"": ""0"", ""ovt_sel_req_pre"": ""0"", ""ovt_sel_req"": ""0"", ""ovt_buy_req"": ""0"", ""ovt_buy_req_pre"": ""0"", ""return_code"": 0, ""return_msg"": ""정상적으로 처리되었습니다""}"
2026-06-10,watchlist,081660,,0,filtered_candidate_recheck,40300,,40300,40250,40300,40400,0.12406947890818859,0.12406947890818859,,,,,,"{""bid_req_base_tm"": ""105256"", ""sel_10th_pre_req_pre"": ""0"", ""sel_10th_pre_req"": ""13"", ""sel_10th_pre_bid"": ""+40750"", ""sel_9th_pre_req_pre"": ""0"", ""sel_9th_pre_req"": ""70"", ""sel_9th_pre_bid"": ""+40700"", ""sel_8th_pre_req_pre"": ""0"", ""sel_8th_pre_req"": ""50"", ""sel_8th_pre_bid"": ""+40650"", ""sel_7th_pre_req_pre"": ""0"", ""sel_7th_pre_req"": ""70"", ""sel_7th_pre_bid"": ""+40600"", ""sel_6th_pre_req_pre"": ""0"", ""sel_6th_pre_req"": ""1"", ""sel_6th_pre_bid"": ""+40550"", ""sel_5th_pre_req_pre"": ""0"", ""sel_5th_pre_req"": ""196"", ""sel_5th_pre_bid"": ""+40500"", ""sel_4th_pre_req_pre"": ""0"", ""sel_4th_pre_req"": ""220"", ""sel_4th_pre_bid"": ""+40450"", ""sel_3th_pre_req_pre"": ""0"", ""sel_3th_pre_req"": ""25"", ""sel_3th_pre_bid"": ""+40400"", ""sel_2th_pre_req_pre"": ""0"", ""sel_2th_pre_req"": ""22"", ""sel_2th_pre_bid"": ""+40350"", ""sel_1th_pre_req_pre"": ""--1"", ""sel_fpr_req"": ""124"", ""sel_fpr_bid"": ""+40300"", ""buy_fpr_bid"": ""+40250"", ""buy_fpr_req"": ""404"", ""buy_1th_pre_req_pre"": ""0"", ""buy_2th_pre_bid"": ""+40200"", ""buy_2th_pre_req"": ""99"", ""buy_2th_pre_req_pre"": ""0"", ""buy_3th_pre_bid"": ""+40100"", ""buy_3th_pre_req"": ""113"", ""buy_3th_pre_req_pre"": ""0"", ""buy_4th_pre_bid"": ""+40050"", ""buy_4th_pre_req"": ""225"", ""buy_4th_pre_req_pre"": ""0"", ""buy_5th_pre_bid"": ""+40000"", ""buy_5th_pre_req"": ""700"", ""buy_5th_pre_req_pre"": ""0"", ""buy_6th_pre_bid"": ""+39950"", ""buy_6th_pre_req"": ""500"", ""buy_6th_pre_req_pre"": ""0"", ""buy_7th_pre_bid"": ""+39900"", ""buy_7th_pre_req"": ""2"", ""buy_7th_pre_req_pre"": ""0"", ""buy_8th_pre_bid"": ""+39850"", ""buy_8th_pre_req"": ""1"", ""buy_8th_pre_req_pre"": ""0"", ""buy_9th_pre_bid"": ""+39800"", ""buy_9th_pre_req"": ""5"", ""buy_9th_pre_req_pre"": ""0"", ""buy_10th_pre_bid"": ""39700"", ""buy_10th_pre_req"": ""7"", ""buy_10th_pre_req_pre"": ""0"", ""tot_sel_req_jub_pre"": ""--1"", ""tot_sel_req"": ""791"", ""tot_buy_req"": ""2056"", ""tot_buy_req_jub_pre"": ""0"", ""ovt_sel_req_pre"": ""0"", ""ovt_sel_req"": ""0"", ""ovt_buy_req"": ""0"", ""ovt_buy_req_pre"": ""0"", ""return_code"": 0, ""return_msg"": ""정상적으로 처리되었습니다""}"
2026-06-10,watchlist,008770,,0,filtered_candidate_recheck,54900,,54900,54800,54900,54500,-0.9107468123861567,0.18214936247723132,,,,,,"{""bid_req_base_tm"": ""105257"", ""sel_10th_pre_req_pre"": ""0"", ""sel_10th_pre_req"": ""594"", ""sel_10th_pre_bid"": ""+55800"", ""sel_9th_pre_req_pre"": ""0"", ""sel_9th_pre_req"": ""45"", ""sel_9th_pre_bid"": ""+55700"", ""sel_8th_pre_req_pre"": ""0"", ""sel_8th_pre_req"": ""157"", ""sel_8th_pre_bid"": ""+55600"", ""sel_7th_pre_req_pre"": ""0"", ""sel_7th_pre_req"": ""441"", ""sel_7th_pre_bid"": ""+55500"", ""sel_6th_pre_req_pre"": ""0"", ""sel_6th_pre_req"": ""246"", ""sel_6th_pre_bid"": ""+55400"", ""sel_5th_pre_req_pre"": ""0"", ""sel_5th_pre_req"": ""411"", ""sel_5th_pre_bid"": ""+55300"", ""sel_4th_pre_req_pre"": ""0"", ""sel_4th_pre_req"": ""536"", ""sel_4th_pre_bid"": ""55200"", ""sel_3th_pre_req_pre"": ""0"", ""sel_3th_pre_req"": ""934"", ""sel_3th_pre_bid"": ""-55100"", ""sel_2th_pre_req_pre"": ""0"", ""sel_2th_pre_req"": ""589"", ""sel_2th_pre_bid"": ""-55000"", ""sel_1th_pre_req_pre"": ""0"", ""sel_fpr_req"": ""55"", ""sel_fpr_bid"": ""-54900"", ""buy_fpr_bid"": ""-54800"", ""buy_fpr_req"": ""32"", ""buy_1th_pre_req_pre"": ""--1"", ""buy_2th_pre_bid"": ""-54700"", ""buy_2th_pre_req"": ""500"", ""buy_2th_pre_req_pre"": ""0"", ""buy_3th_pre_bid"": ""-54600"", ""buy_3th_pre_req"": ""168"", ""buy_3th_pre_req_pre"": ""0"", ""buy_4th_pre_bid"": ""-54500"", ""buy_4th_pre_req"": ""17"", ""buy_4th_pre_req_pre"": ""0"", ""buy_5th_pre_bid"": ""-54400"", ""buy_5th_pre_req"": ""39"", ""buy_5th_pre_req_pre"": ""0"", ""buy_6th_pre_bid"": ""-54300"", ""buy_6th_pre_req"": ""300"", ""buy_6th_pre_req_pre"": ""0"", ""buy_7th_pre_bid"": ""-54200"", ""buy_7th_pre_req"": ""11"", ""buy_7th_pre_req_pre"": ""0"", ""buy_8th_pre_bid"": ""-54100"", ""buy_8th_pre_req"": ""22"", ""buy_8th_pre_req_pre"": ""0"", ""buy_9th_pre_bid"": ""-54000"", ""buy_9th_pre_req"": ""251"", ""buy_9th_pre_req_pre"": ""0"", ""buy_10th_pre_bid"": ""-53900"", ""buy_10th_pre_req"": ""204"", ""buy_10th_pre_req_pre"": ""0"", ""tot_sel_req_jub_pre"": ""0"", ""tot_sel_req"": ""4008"", ""tot_buy_req"": ""1544"", ""tot_buy_req_jub_pre"": ""--1"", ""ovt_sel_req_pre"": ""0"", ""ovt_sel_req"": ""0"", ""ovt_buy_req"": ""0"", ""ovt_buy_req_pre"": ""0"", ""return_code"": 0, ""return_msg"": ""정상적으로 처리되었습니다""}"
2026-06-10,watchlist,012330,,0,filtered_candidate_recheck,579000,,579000,578000,579000,582000,0.3454231433506045,0.17271157167530224,,,,,,"{""bid_req_base_tm"": ""105258"", ""sel_10th_pre_req_pre"": ""0"", ""sel_10th_pre_req"": ""203"", ""sel_10th_pre_bid"": ""-588000"", ""sel_9th_pre_req_pre"": ""0"", ""sel_9th_pre_req"": ""319"", ""sel_9th_pre_bid"": ""-587000"", ""sel_8th_pre_req_pre"": ""0"", ""sel_8th_pre_req"": ""146"", ""sel_8th_pre_bid"": ""-586000"", ""sel_7th_pre_req_pre"": ""0"", ""sel_7th_pre_req"": ""173"", ""sel_7th_pre_bid"": ""-585000"", ""sel_6th_pre_req_pre"": ""0"", ""sel_6th_pre_req"": ""127"", ""sel_6th_pre_bid"": ""-584000"", ""sel_5th_pre_req_pre"": ""0"", ""sel_5th_pre_req"": ""111"", ""sel_5th_pre_bid"": ""-583000"", ""sel_4th_pre_req_pre"": ""0"", ""sel_4th_pre_req"": ""74"", ""sel_4th_pre_bid"": ""-582000"", ""sel_3th_pre_req_pre"": ""--4"", ""sel_3th_pre_req"": ""101"", ""sel_3th_pre_bid"": ""-581000"", ""sel_2th_pre_req_pre"": ""0"", ""sel_2th_pre_req"": ""1"", ""sel_2th_pre_bid"": ""-580000"", ""sel_1th_pre_req_pre"": ""+4"", ""sel_fpr_req"": ""160"", ""sel_fpr_bid"": ""-579000"", ""buy_fpr_bid"": ""-578000"", ""buy_fpr_req"": ""247"", ""buy_1th_pre_req_pre"": ""0"", ""buy_2th_pre_bid"": ""-577000"", ""buy_2th_pre_req"": ""1161"", ""buy_2th_pre_req_pre"": ""0"", ""buy_3th_pre_bid"": ""-576000"", ""buy_3th_pre_req"": ""1094"", ""buy_3th_pre_req_pre"": ""0"", ""buy_4th_pre_bid"": ""-575000"", ""buy_4th_pre_req"": ""2232"", ""buy_4th_pre_req_pre"": ""0"", ""buy_5th_pre_bid"": ""-574000"", ""buy_5th_pre_req"": ""622"", ""buy_5th_pre_req_pre"": ""0"", ""buy_6th_pre_bid"": ""-573000"", ""buy_6th_pre_req"": ""1056"", ""buy_6th_pre_req_pre"": ""0"", ""buy_7th_pre_bid"": ""-572000"", ""buy_7th_pre_req"": ""1535"", ""buy_7th_pre_req_pre"": ""0"", ""buy_8th_pre_bid"": ""-571000"", ""buy_8th_pre_req"": ""1707"", ""buy_8th_pre_req_pre"": ""0"", ""buy_9th_pre_bid"": ""-570000"", ""buy_9th_pre_req"": ""4478"", ""buy_9th_pre_req_pre"": ""0"", ""buy_10th_pre_bid"": ""-569000"", ""buy_10th_pre_req"": ""2572"", ""buy_10th_pre_req_pre"": ""0"", ""tot_sel_req_jub_pre"": ""0"", ""tot_sel_req"": ""1415"", ""tot_buy_req"": ""16704"", ""tot_buy_req_jub_pre"": ""0"", ""ovt_sel_req_pre"": ""0"", ""ovt_sel_req"": ""0"", ""ovt_buy_req"": ""0"", ""ovt_buy_req_pre"": ""0"", ""return_code"": 0, ""return_msg"": ""정상적으로 처리되었습니다""}"
2026-06-10,watchlist,009155,,0,filtered_candidate_recheck,608000,,608000,605000,608000,609000,0.0,0.4934210526315789,,,,,,"{""bid_req_base_tm"": ""105258"", ""sel_10th_pre_req_pre"": ""0"", ""sel_10th_pre_req"": ""38"", ""sel_10th_pre_bid"": ""-617000"", ""sel_9th_pre_req_pre"": ""0"", ""sel_9th_pre_req"": ""9"", ""sel_9th_pre_bid"": ""-616000"", ""sel_8th_pre_req_pre"": ""0"", ""sel_8th_pre_req"": ""12"", ""sel_8th_pre_bid"": ""-615000"", ""sel_7th_pre_req_pre"": ""0"", ""sel_7th_pre_req"": ""41"", ""sel_7th_pre_bid"": ""-614000"", ""sel_6th_pre_req_pre"": ""0"", ""sel_6th_pre_req"": ""55"", ""sel_6th_pre_bid"": ""-613000"", ""sel_5th_pre_req_pre"": ""0"", ""sel_5th_pre_req"": ""13"", ""sel_5th_pre_bid"": ""-612000"", ""sel_4th_pre_req_pre"": ""0"", ""sel_4th_pre_req"": ""55"", ""sel_4th_pre_bid"": ""-611000"", ""sel_3th_pre_req_pre"": ""0"", ""sel_3th_pre_req"": ""12"", ""sel_3th_pre_bid"": ""-610000"", ""sel_2th_pre_req_pre"": ""0"", ""sel_2th_pre_req"": ""38"", ""sel_2th_pre_bid"": ""-609000"", ""sel_1th_pre_req_pre"": ""0"", ""sel_fpr_req"": ""11"", ""sel_fpr_bid"": ""-608000"", ""buy_fpr_bid"": ""-605000"", ""buy_fpr_req"": ""17"", ""buy_1th_pre_req_pre"": ""0"", ""buy_2th_pre_bid"": ""-604000"", ""buy_2th_pre_req"": ""82"", ""buy_2th_pre_req_pre"": ""0"", ""buy_3th_pre_bid"": ""-603000"", ""buy_3th_pre_req"": ""113"", ""buy_3th_pre_req_pre"": ""0"", ""buy_4th_pre_bid"": ""-602000"", ""buy_4th_pre_req"": ""208"", ""buy_4th_pre_req_pre"": ""--4"", ""buy_5th_pre_bid"": ""-601000"", ""buy_5th_pre_req"": ""140"", ""buy_5th_pre_req_pre"": ""0"", ""buy_6th_pre_bid"": ""-600000"", ""buy_6th_pre_req"": ""528"", ""buy_6th_pre_req_pre"": ""0"", ""buy_7th_pre_bid"": ""-599000"", ""buy_7th_pre_req"": ""220"", ""buy_7th_pre_req_pre"": ""0"", ""buy_8th_pre_bid"": ""-598000"", ""buy_8th_pre_req"": ""94"", ""buy_8th_pre_req_pre"": ""0"", ""buy_9th_pre_bid"": ""-597000"", ""buy_9th_pre_req"": ""118"", ""buy_9th_pre_req_pre"": ""0"", ""buy_10th_pre_bid"": ""-596000"", ""buy_10th_pre_req"": ""51"", ""buy_10th_pre_req_pre"": ""0"", ""tot_sel_req_jub_pre"": ""0"", ""tot_sel_req"": ""284"", ""tot_buy_req"": ""1571"", ""tot_buy_req_jub_pre"": ""--4"", ""ovt_sel_req_pre"": ""0"", ""ovt_sel_req"": ""0"", ""ovt_buy_req"": ""0"", ""ovt_buy_req_pre"": ""0"", ""return_code"": 0, ""return_msg"": ""정상적으로 처리되었습니다""}"
2026-06-10,watchlist,181710,,0,filtered_candidate_recheck,41000,,41000,40900,41000,40900,-0.3658536585365854,0.24390243902439024,,,,,,"{""bid_req_base_tm"": ""105252"", ""sel_10th_pre_req_pre"": ""0"", ""sel_10th_pre_req"": ""22"", ""sel_10th_pre_bid"": ""-41700"", ""sel_9th_pre_req_pre"": ""0"", ""sel_9th_pre_req"": ""526"", ""sel_9th_pre_bid"": ""-41650"", ""sel_8th_pre_req_pre"": ""0"", ""sel_8th_pre_req"": ""57"", ""sel_8th_pre_bid"": ""-41600"", ""sel_7th_pre_req_pre"": ""0"", ""sel_7th_pre_req"": ""5"", ""sel_7th_pre_bid"": ""-41550"", ""sel_6th_pre_req_pre"": ""0"", ""sel_6th_pre_req"": ""2"", ""sel_6th_pre_bid"": ""-41500"", ""sel_5th_pre_req_pre"": ""0"", ""sel_5th_pre_req"": ""6"", ""sel_5th_pre_bid"": ""-41450"", ""sel_4th_pre_req_pre"": ""0"", ""sel_4th_pre_req"": ""1"", ""sel_4th_pre_bid"": ""-41400"", ""sel_3th_pre_req_pre"": ""0"", ""sel_3th_pre_req"": ""21"", ""sel_3th_pre_bid"": ""-41200"", ""sel_2th_pre_req_pre"": ""0"", ""sel_2th_pre_req"": ""10"", ""sel_2th_pre_bid"": ""-41050"", ""sel_1th_pre_req_pre"": ""+14"", ""sel_fpr_req"": ""169"", ""sel_fpr_bid"": ""-41000"", ""buy_fpr_bid"": ""-40900"", ""buy_fpr_req"": ""17"", ""buy_1th_pre_req_pre"": ""0"", ""buy_2th_pre_bid"": ""-40800"", ""buy_2th_pre_req"": ""113"", ""buy_2th_pre_req_pre"": ""0"", ""buy_3th_pre_bid"": ""-40750"", ""buy_3th_pre_req"": ""9"", ""buy_3th_pre_req_pre"": ""0"", ""buy_4th_pre_bid"": ""-40700"", ""buy_4th_pre_req"": ""7"", ""buy_4th_pre_req_pre"": ""0"", ""buy_5th_pre_bid"": ""-40650"", ""buy_5th_pre_req"": ""7"", ""buy_5th_pre_req_pre"": ""0"", ""buy_6th_pre_bid"": ""-40550"", ""buy_6th_pre_req"": ""8"", ""buy_6th_pre_req_pre"": ""0"", ""buy_7th_pre_bid"": ""-40500"", ""buy_7th_pre_req"": ""5"", ""buy_7th_pre_req_pre"": ""0"", ""buy_8th_pre_bid"": ""-40450"", ""buy_8th_pre_req"": ""28"", ""buy_8th_pre_req_pre"": ""0"", ""buy_9th_pre_bid"": ""-40350"", ""buy_9th_pre_req"": ""12"", ""buy_9th_pre_req_pre"": ""0"", ""buy_10th_pre_bid"": ""-40300"", ""buy_10th_pre_req"": ""6"", ""buy_10th_pre_req_pre"": ""0"", ""tot_sel_req_jub_pre"": ""+14"", ""tot_sel_req"": ""819"", ""tot_buy_req"": ""212"", ""tot_buy_req_jub_pre"": ""0"", ""ovt_sel_req_pre"": ""0"", ""ovt_sel_req"": ""0"", ""ovt_buy_req"": ""0"", ""ovt_buy_req_pre"": ""0"", ""return_code"": 0, ""return_msg"": ""정상적으로 처리되었습니다""}"
2026-06-10,watchlist,085620,,0,filtered_candidate_recheck,22150,,22150,22100,22150,22250,0.2257336343115124,0.2257336343115124,,,,,,"{""bid_req_base_tm"": ""105258"", ""sel_10th_pre_req_pre"": ""0"", ""sel_10th_pre_req"": ""980"", ""sel_10th_pre_bid"": ""-22600"", ""sel_9th_pre_req_pre"": ""0"", ""sel_9th_pre_req"": ""836"", ""sel_9th_pre_bid"": ""-22550"", ""sel_8th_pre_req_pre"": ""0"", ""sel_8th_pre_req"": ""985"", ""sel_8th_pre_bid"": ""-22500"", ""sel_7th_pre_req_pre"": ""0"", ""sel_7th_pre_req"": ""1195"", ""sel_7th_pre_bid"": ""-22450"", ""sel_6th_pre_req_pre"": ""0"", ""sel_6th_pre_req"": ""450"", ""sel_6th_pre_bid"": ""-22400"", ""sel_5th_pre_req_pre"": ""0"", ""sel_5th_pre_req"": ""42"", ""sel_5th_pre_bid"": ""-22350"", ""sel_4th_pre_req_pre"": ""0"", ""sel_4th_pre_req"": ""453"", ""sel_4th_pre_bid"": ""-22300"", ""sel_3th_pre_req_pre"": ""0"", ""sel_3th_pre_req"": ""165"", ""sel_3th_pre_bid"": ""-22250"", ""sel_2th_pre_req_pre"": ""0"", ""sel_2th_pre_req"": ""389"", ""sel_2th_pre_bid"": ""-22200"", ""sel_1th_pre_req_pre"": ""--6"", ""sel_fpr_req"": ""138"", ""sel_fpr_bid"": ""-22150"", ""buy_fpr_bid"": ""-22100"", ""buy_fpr_req"": ""881"", ""buy_1th_pre_req_pre"": ""0"", ""buy_2th_pre_bid"": ""-22050"", ""buy_2th_pre_req"": ""2596"", ""buy_2th_pre_req_pre"": ""0"", ""buy_3th_pre_bid"": ""-22000"", ""buy_3th_pre_req"": ""1854"", ""buy_3th_pre_req_pre"": ""0"", ""buy_4th_pre_bid"": ""-21950"", ""buy_4th_pre_req"": ""2340"", ""buy_4th_pre_req_pre"": ""0"", ""buy_5th_pre_bid"": ""-21900"", ""buy_5th_pre_req"": ""2655"", ""buy_5th_pre_req_pre"": ""0"", ""buy_6th_pre_bid"": ""-21850"", ""buy_6th_pre_req"": ""1876"", ""buy_6th_pre_req_pre"": ""0"", ""buy_7th_pre_bid"": ""-21800"", ""buy_7th_pre_req"": ""2408"", ""buy_7th_pre_req_pre"": ""0"", ""buy_8th_pre_bid"": ""-21750"", ""buy_8th_pre_req"": ""4039"", ""buy_8th_pre_req_pre"": ""0"", ""buy_9th_pre_bid"": ""-21700"", ""buy_9th_pre_req"": ""1195"", ""buy_9th_pre_req_pre"": ""0"", ""buy_10th_pre_bid"": ""-21650"", ""buy_10th_pre_req"": ""1587"", ""buy_10th_pre_req_pre"": ""0"", ""tot_sel_req_jub_pre"": ""--6"", ""tot_sel_req"": ""5633"", ""tot_buy_req"": ""21431"", ""tot_buy_req_jub_pre"": ""0"", ""ovt_sel_req_pre"": ""0"", ""ovt_sel_req"": ""0"", ""ovt_buy_req"": ""0"", ""ovt_buy_req_pre"": ""0"", ""return_code"": 0, ""return_msg"": ""정상적으로 처리되었습니다""}"
2026-06-10,watchlist,062040,,0,filtered_candidate_recheck,224000,,224000,223500,224000,224500,0.0,0.2232142857142857,,,,,,"{""bid_req_base_tm"": ""105258"", ""sel_10th_pre_req_pre"": ""0"", ""sel_10th_pre_req"": ""70"", ""sel_10th_pre_bid"": ""+229000"", ""sel_9th_pre_req_pre"": ""0"", ""sel_9th_pre_req"": ""97"", ""sel_9th_pre_bid"": ""+228000"", ""sel_8th_pre_req_pre"": ""0"", ""sel_8th_pre_req"": ""166"", ""sel_8th_pre_bid"": ""+227500"", ""sel_7th_pre_req_pre"": ""0"", ""sel_7th_pre_req"": ""56"", ""sel_7th_pre_bid"": ""+227000"", ""sel_6th_pre_req_pre"": ""0"", ""sel_6th_pre_req"": ""146"", ""sel_6th_pre_bid"": ""+226500"", ""sel_5th_pre_req_pre"": ""0"", ""sel_5th_pre_req"": ""21"", ""sel_5th_pre_bid"": ""+226000"", ""sel_4th_pre_req_pre"": ""0"", ""sel_4th_pre_req"": ""85"", ""sel_4th_pre_bid"": ""+225500"", ""sel_3th_pre_req_pre"": ""0"", ""sel_3th_pre_req"": ""66"", ""sel_3th_pre_bid"": ""225000"", ""sel_2th_pre_req_pre"": ""0"", ""sel_2th_pre_req"": ""200"", ""sel_2th_pre_bid"": ""-224500"", ""sel_1th_pre_req_pre"": ""0"", ""sel_fpr_req"": ""333"", ""sel_fpr_bid"": ""-224000"", ""buy_fpr_bid"": ""-223500"", ""buy_fpr_req"": ""63"", ""buy_1th_pre_req_pre"": ""0"", ""buy_2th_pre_bid"": ""-223000"", ""buy_2th_pre_req"": ""155"", ""buy_2th_pre_req_pre"": ""0"", ""buy_3th_pre_bid"": ""-222500"", ""buy_3th_pre_req"": ""193"", ""buy_3th_pre_req_pre"": ""0"", ""buy_4th_pre_bid"": ""-222000"", ""buy_4th_pre_req"": ""206"", ""buy_4th_pre_req_pre"": ""0"", ""buy_5th_pre_bid"": ""-221500"", ""buy_5th_pre_req"": ""103"", ""buy_5th_pre_req_pre"": ""0"", ""buy_6th_pre_bid"": ""-221000"", ""buy_6th_pre_req"": ""497"", ""buy_6th_pre_req_pre"": ""+2"", ""buy_7th_pre_bid"": ""-220500"", ""buy_7th_pre_req"": ""403"", ""buy_7th_pre_req_pre"": ""0"", ""buy_8th_pre_bid"": ""-220000"", ""buy_8th_pre_req"": ""506"", ""buy_8th_pre_req_pre"": ""0"", ""buy_9th_pre_bid"": ""-219500"", ""buy_9th_pre_req"": ""57"", ""buy_9th_pre_req_pre"": ""0"", ""buy_10th_pre_bid"": ""-219000"", ""buy_10th_pre_req"": ""158"", ""buy_10th_pre_req_pre"": ""0"", ""tot_sel_req_jub_pre"": ""0"", ""tot_sel_req"": ""1240"", ""tot_buy_req"": ""2341"", ""tot_buy_req_jub_pre"": ""+2"", ""ovt_sel_req_pre"": ""0"", ""ovt_sel_req"": ""0"", ""ovt_buy_req"": ""0"", ""ovt_buy_req_pre"": ""0"", ""return_code"": 0, ""return_msg"": ""정상적으로 처리되었습니다""}"
2026-06-10,watchlist,036460,,0,filtered_candidate_recheck,34450,,34450,34400,34450,34500,0.0,0.14513788098693758,,,,,,"{""bid_req_base_tm"": ""105252"", ""sel_10th_pre_req_pre"": ""0"", ""sel_10th_pre_req"": ""57"", ""sel_10th_pre_bid"": ""+34950"", ""sel_9th_pre_req_pre"": ""0"", ""sel_9th_pre_req"": ""619"", ""sel_9th_pre_bid"": ""+34900"", ""sel_8th_pre_req_pre"": ""0"", ""sel_8th_pre_req"": ""533"", ""sel_8th_pre_bid"": ""+34850"", ""sel_7th_pre_req_pre"": ""0"", ""sel_7th_pre_req"": ""210"", ""sel_7th_pre_bid"": ""+34800"", ""sel_6th_pre_req_pre"": ""0"", ""sel_6th_pre_req"": ""578"", ""sel_6th_pre_bid"": ""+34750"", ""sel_5th_pre_req_pre"": ""0"", ""sel_5th_pre_req"": ""662"", ""sel_5th_pre_bid"": ""+34700"", ""sel_4th_pre_req_pre"": ""0"", ""sel_4th_pre_req"": ""282"", ""sel_4th_pre_bid"": ""+34650"", ""sel_3th_pre_req_pre"": ""0"", ""sel_3th_pre_req"": ""937"", ""sel_3th_pre_bid"": ""+34600"", ""sel_2th_pre_req_pre"": ""0"", ""sel_2th_pre_req"": ""109"", ""sel_2th_pre_bid"": ""+34550"", ""sel_1th_pre_req_pre"": ""0"", ""sel_fpr_req"": ""374"", ""sel_fpr_bid"": ""+34450"", ""buy_fpr_bid"": ""+34400"", ""buy_fpr_req"": ""285"", ""buy_1th_pre_req_pre"": ""0"", ""buy_2th_pre_bid"": ""+34350"", ""buy_2th_pre_req"": ""112"", ""buy_2th_pre_req_pre"": ""0"", ""buy_3th_pre_bid"": ""+34300"", ""buy_3th_pre_req"": ""68"", ""buy_3th_pre_req_pre"": ""+1"", ""buy_4th_pre_bid"": ""+34250"", ""buy_4th_pre_req"": ""741"", ""buy_4th_pre_req_pre"": ""0"", ""buy_5th_pre_bid"": ""+34200"", ""buy_5th_pre_req"": ""673"", ""buy_5th_pre_req_pre"": ""0"", ""buy_6th_pre_bid"": ""+34150"", ""buy_6th_pre_req"": ""681"", ""buy_6th_pre_req_pre"": ""0"", ""buy_7th_pre_bid"": ""+34100"", ""buy_7th_pre_req"": ""730"", ""buy_7th_pre_req_pre"": ""0"", ""buy_8th_pre_bid"": ""+34050"", ""buy_8th_pre_req"": ""1418"", ""buy_8th_pre_req_pre"": ""0"", ""buy_9th_pre_bid"": ""34000"", ""buy_9th_pre_req"": ""3356"", ""buy_9th_pre_req_pre"": ""0"", ""buy_10th_pre_bid"": ""-33950"", ""buy_10th_pre_req"": ""854"", ""buy_10th_pre_req_pre"": ""0"", ""tot_sel_req_jub_pre"": ""0"", ""tot_sel_req"": ""4361"", ""tot_buy_req"": ""8918"", ""tot_buy_req_jub_pre"": ""+1"", ""ovt_sel_req_pre"": ""0"", ""ovt_sel_req"": ""0"", ""ovt_buy_req"": ""0"", ""ovt_buy_req_pre"": ""0"", ""return_code"": 0, ""return_msg"": ""정상적으로 처리되었습니다""}"
2026-06-10,watchlist,066575,,0,filtered_candidate_recheck,79100,,79100,79000,79100,79000,-0.2528445006321113,0.12642225031605564,,,,,,"{""bid_req_base_tm"": ""105258"", ""sel_10th_pre_req_pre"": ""0"", ""sel_10th_pre_req"": ""1692"", ""sel_10th_pre_bid"": ""-80000"", ""sel_9th_pre_req_pre"": ""0"", ""sel_9th_pre_req"": ""568"", ""sel_9th_pre_bid"": ""-79900"", ""sel_8th_pre_req_pre"": ""+5"", ""sel_8th_pre_req"": ""41"", ""sel_8th_pre_bid"": ""-79800"", ""sel_7th_pre_req_pre"": ""0"", ""sel_7th_pre_req"": ""158"", ""sel_7th_pre_bid"": ""-79700"", ""sel_6th_pre_req_pre"": ""0"", ""sel_6th_pre_req"": ""196"", ""sel_6th_pre_bid"": ""-79600"", ""sel_5th_pre_req_pre"": ""0"", ""sel_5th_pre_req"": ""114"", ""sel_5th_pre_bid"": ""-79500"", ""sel_4th_pre_req_pre"": ""0"", ""sel_4th_pre_req"": ""124"", ""sel_4th_pre_bid"": ""-79400"", ""sel_3th_pre_req_pre"": ""0"", ""sel_3th_pre_req"": ""258"", ""sel_3th_pre_bid"": ""-79300"", ""sel_2th_pre_req_pre"": ""0"", ""sel_2th_pre_req"": ""41"", ""sel_2th_pre_bid"": ""-79200"", ""sel_1th_pre_req_pre"": ""0"", ""sel_fpr_req"": ""5"", ""sel_fpr_bid"": ""-79100"", ""buy_fpr_bid"": ""-79000"", ""buy_fpr_req"": ""153"", ""buy_1th_pre_req_pre"": ""0"", ""buy_2th_pre_bid"": ""-78900"", ""buy_2th_pre_req"": ""269"", ""buy_2th_pre_req_pre"": ""0"", ""buy_3th_pre_bid"": ""-78800"", ""buy_3th_pre_req"": ""528"", ""buy_3th_pre_req_pre"": ""0"", ""buy_4th_pre_bid"": ""-78700"", ""buy_4th_pre_req"": ""262"", ""buy_4th_pre_req_pre"": ""0"", ""buy_5th_pre_bid"": ""-78600"", ""buy_5th_pre_req"": ""271"", ""buy_5th_pre_req_pre"": ""0"", ""buy_6th_pre_bid"": ""-78500"", ""buy_6th_pre_req"": ""387"", ""buy_6th_pre_req_pre"": ""0"", ""buy_7th_pre_bid"": ""-78400"", ""buy_7th_pre_req"": ""122"", ""buy_7th_pre_req_pre"": ""0"", ""buy_8th_pre_bid"": ""-78300"", ""buy_8th_pre_req"": ""115"", ""buy_8th_pre_req_pre"": ""0"", ""buy_9th_pre_bid"": ""-78200"", ""buy_9th_pre_req"": ""194"", ""buy_9th_pre_req_pre"": ""0"", ""buy_10th_pre_bid"": ""-78100"", ""buy_10th_pre_req"": ""296"", ""buy_10th_pre_req_pre"": ""0"", ""tot_sel_req_jub_pre"": ""+5"", ""tot_sel_req"": ""3197"", ""tot_buy_req"": ""2597"", ""tot_buy_req_jub_pre"": ""0"", ""ovt_sel_req_pre"": ""0"", ""ovt_sel_req"": ""0"", ""ovt_buy_req"": ""0"", ""ovt_buy_req_pre"": ""0"", ""return_code"": 0, ""return_msg"": ""정상적으로 처리되었습니다""}"
2026-06-10,watchlist,000810,,0,filtered_candidate_recheck,617000,,617000,616000,617000,614000,-0.6482982171799028,0.1620745542949757,,,,,,"{""bid_req_base_tm"": ""105259"", ""sel_10th_pre_req_pre"": ""0"", ""sel_10th_pre_req"": ""23"", ""sel_10th_pre_bid"": ""-626000"", ""sel_9th_pre_req_pre"": ""0"", ""sel_9th_pre_req"": ""7"", ""sel_9th_pre_bid"": ""-625000"", ""sel_8th_pre_req_pre"": ""0"", ""sel_8th_pre_req"": ""18"", ""sel_8th_pre_bid"": ""-624000"", ""sel_7th_pre_req_pre"": ""0"", ""sel_7th_pre_req"": ""316"", ""sel_7th_pre_bid"": ""-623000"", ""sel_6th_pre_req_pre"": ""0"", ""sel_6th_pre_req"": ""132"", ""sel_6th_pre_bid"": ""-622000"", ""sel_5th_pre_req_pre"": ""0"", ""sel_5th_pre_req"": ""143"", ""sel_5th_pre_bid"": ""-621000"", ""sel_4th_pre_req_pre"": ""0"", ""sel_4th_pre_req"": ""106"", ""sel_4th_pre_bid"": ""-620000"", ""sel_3th_pre_req_pre"": ""0"", ""sel_3th_pre_req"": ""74"", ""sel_3th_pre_bid"": ""-619000"", ""sel_2th_pre_req_pre"": ""0"", ""sel_2th_pre_req"": ""61"", ""sel_2th_pre_bid"": ""-618000"", ""sel_1th_pre_req_pre"": ""0"", ""sel_fpr_req"": ""265"", ""sel_fpr_bid"": ""-617000"", ""buy_fpr_bid"": ""-616000"", ""buy_fpr_req"": ""280"", ""buy_1th_pre_req_pre"": ""0"", ""buy_2th_pre_bid"": ""-615000"", ""buy_2th_pre_req"": ""81"", ""buy_2th_pre_req_pre"": ""0"", ""buy_3th_pre_bid"": ""-614000"", ""buy_3th_pre_req"": ""104"", ""buy_3th_pre_req_pre"": ""0"", ""buy_4th_pre_bid"": ""-613000"", ""buy_4th_pre_req"": ""9"", ""buy_4th_pre_req_pre"": ""0"", ""buy_5th_pre_bid"": ""-612000"", ""buy_5th_pre_req"": ""31"", ""buy_5th_pre_req_pre"": ""0"", ""buy_6th_pre_bid"": ""-611000"", ""buy_6th_pre_req"": ""27"", ""buy_6th_pre_req_pre"": ""0"", ""buy_7th_pre_bid"": ""-610000"", ""buy_7th_pre_req"": ""70"", ""buy_7th_pre_req_pre"": ""0"", ""buy_8th_pre_bid"": ""-609000"", ""buy_8th_pre_req"": ""14"", ""buy_8th_pre_req_pre"": ""0"", ""buy_9th_pre_bid"": ""-608000"", ""buy_9th_pre_req"": ""8"", ""buy_9th_pre_req_pre"": ""0"", ""buy_10th_pre_bid"": ""-607000"", ""buy_10th_pre_req"": ""51"", ""buy_10th_pre_req_pre"": ""0"", ""tot_sel_req_jub_pre"": ""0"", ""tot_sel_req"": ""1145"", ""tot_buy_req"": ""675"", ""tot_buy_req_jub_pre"": ""0"", ""ovt_sel_req_pre"": ""0"", ""ovt_sel_req"": ""0"", ""ovt_buy_req"": ""0"", ""ovt_buy_req_pre"": ""0"", ""return_code"": 0, ""return_msg"": ""정상적으로 처리되었습니다""}"
2026-06-10,watchlist,005930,,0,filtered_candidate_recheck,307000,,307000,306500,307000,308500,0.32573289902280134,0.16286644951140067,,,,,,"{""bid_req_base_tm"": ""105259"", ""sel_10th_pre_req_pre"": ""0"", ""sel_10th_pre_req"": ""12252"", ""sel_10th_pre_bid"": ""-311500"", ""sel_9th_pre_req_pre"": ""0"", ""sel_9th_pre_req"": ""9816"", ""sel_9th_pre_bid"": ""-311000"", ""sel_8th_pre_req_pre"": ""0"", ""sel_8th_pre_req"": ""23982"", ""sel_8th_pre_bid"": ""-310500"", ""sel_7th_pre_req_pre"": ""0"", ""sel_7th_pre_req"": ""29712"", ""sel_7th_pre_bid"": ""-310000"", ""sel_6th_pre_req_pre"": ""0"", ""sel_6th_pre_req"": ""17604"", ""sel_6th_pre_bid"": ""-309500"", ""sel_5th_pre_req_pre"": ""0"", ""sel_5th_pre_req"": ""9327"", ""sel_5th_pre_bid"": ""-309000"", ""sel_4th_pre_req_pre"": ""0"", ""sel_4th_pre_req"": ""18483"", ""sel_4th_pre_bid"": ""-308500"", ""sel_3th_pre_req_pre"": ""0"", ""sel_3th_pre_req"": ""16109"", ""sel_3th_pre_bid"": ""-308000"", ""sel_2th_pre_req_pre"": ""+6"", ""sel_2th_pre_req"": ""20928"", ""sel_2th_pre_bid"": ""-307500"", ""sel_1th_pre_req_pre"": ""--1"", ""sel_fpr_req"": ""9035"", ""sel_fpr_bid"": ""-307000"", ""buy_fpr_bid"": ""-306500"", ""buy_fpr_req"": ""40215"", ""buy_1th_pre_req_pre"": ""+19"", ""buy_2th_pre_bid"": ""-306000"", ""buy_2th_pre_req"": ""116744"", ""buy_2th_pre_req_pre"": ""+2000"", ""buy_3th_pre_bid"": ""-305500"", ""buy_3th_pre_req"": ""109156"", ""buy_3th_pre_req_pre"": ""+1"", ""buy_4th_pre_bid"": ""-305000"", ""buy_4th_pre_req"": ""229959"", ""buy_4th_pre_req_pre"": ""--2000"", ""buy_5th_pre_bid"": ""-304500"", ""buy_5th_pre_req"": ""31742"", ""buy_5th_pre_req_pre"": ""0"", ""buy_6th_pre_bid"": ""-304000"", ""buy_6th_pre_req"": ""47700"", ""buy_6th_pre_req_pre"": ""0"", ""buy_7th_pre_bid"": ""-303500"", ""buy_7th_pre_req"": ""46075"", ""buy_7th_pre_req_pre"": ""0"", ""buy_8th_pre_bid"": ""-303000"", ""buy_8th_pre_req"": ""81318"", ""buy_8th_pre_req_pre"": ""0"", ""buy_9th_pre_bid"": ""-302500"", ""buy_9th_pre_req"": ""48064"", ""buy_9th_pre_req_pre"": ""0"", ""buy_10th_pre_bid"": ""-302000"", ""buy_10th_pre_req"": ""60015"", ""buy_10th_pre_req_pre"": ""0"", ""tot_sel_req_jub_pre"": ""+5"", ""tot_sel_req"": ""167248"", ""tot_buy_req"": ""810988"", ""tot_buy_req_jub_pre"": ""+20"", ""ovt_sel_req_pre"": ""0"", ""ovt_sel_req"": ""0"", ""ovt_buy_req"": ""0"", ""ovt_buy_req_pre"": ""0"", ""return_code"": 0, ""return_msg"": ""정상적으로 처리되었습니다""}"
2026-06-10,watchlist,000370,,0,filtered_candidate_recheck,6530,,6530,6510,6530,6490,-0.7656967840735069,0.3062787136294028,,,,,,"{""bid_req_base_tm"": ""105253"", ""sel_10th_pre_req_pre"": ""0"", ""sel_10th_pre_req"": ""940"", ""sel_10th_pre_bid"": ""+6620"", ""sel_9th_pre_req_pre"": ""0"", ""sel_9th_pre_req"": ""1003"", ""sel_9th_pre_bid"": ""+6610"", ""sel_8th_pre_req_pre"": ""0"", ""sel_8th_pre_req"": ""305"", ""sel_8th_pre_bid"": ""+6600"", ""sel_7th_pre_req_pre"": ""0"", ""sel_7th_pre_req"": ""11"", ""sel_7th_pre_bid"": ""+6590"", ""sel_6th_pre_req_pre"": ""0"", ""sel_6th_pre_req"": ""110"", ""sel_6th_pre_bid"": ""+6580"", ""sel_5th_pre_req_pre"": ""0"", ""sel_5th_pre_req"": ""751"", ""sel_5th_pre_bid"": ""+6570"", ""sel_4th_pre_req_pre"": ""0"", ""sel_4th_pre_req"": ""341"", ""sel_4th_pre_bid"": ""+6560"", ""sel_3th_pre_req_pre"": ""0"", ""sel_3th_pre_req"": ""1697"", ""sel_3th_pre_bid"": ""+6550"", ""sel_2th_pre_req_pre"": ""0"", ""sel_2th_pre_req"": ""251"", ""sel_2th_pre_bid"": ""+6540"", ""sel_1th_pre_req_pre"": ""0"", ""sel_fpr_req"": ""745"", ""sel_fpr_bid"": ""+6530"", ""buy_fpr_bid"": ""+6510"", ""buy_fpr_req"": ""760"", ""buy_1th_pre_req_pre"": ""0"", ""buy_2th_pre_bid"": ""+6500"", ""buy_2th_pre_req"": ""324"", ""buy_2th_pre_req_pre"": ""0"", ""buy_3th_pre_bid"": ""+6490"", ""buy_3th_pre_req"": ""591"", ""buy_3th_pre_req_pre"": ""0"", ""buy_4th_pre_bid"": ""+6480"", ""buy_4th_pre_req"": ""468"", ""buy_4th_pre_req_pre"": ""0"", ""buy_5th_pre_bid"": ""+6470"", ""buy_5th_pre_req"": ""114"", ""buy_5th_pre_req_pre"": ""0"", ""buy_6th_pre_bid"": ""+6460"", ""buy_6th_pre_req"": ""132"", ""buy_6th_pre_req_pre"": ""0"", ""buy_7th_pre_bid"": ""6450"", ""buy_7th_pre_req"": ""309"", ""buy_7th_pre_req_pre"": ""0"", ""buy_8th_pre_bid"": ""-6440"", ""buy_8th_pre_req"": ""130"", ""buy_8th_pre_req_pre"": ""0"", ""buy_9th_pre_bid"": ""-6430"", ""buy_9th_pre_req"": ""52"", ""buy_9th_pre_req_pre"": ""0"", ""buy_10th_pre_bid"": ""-6420"", ""buy_10th_pre_req"": ""156"", ""buy_10th_pre_req_pre"": ""0"", ""tot_sel_req_jub_pre"": ""+838"", ""tot_sel_req"": ""6154"", ""tot_buy_req"": ""3036"", ""tot_buy_req_jub_pre"": ""0"", ""ovt_sel_req_pre"": ""0"", ""ovt_sel_req"": ""0"", ""ovt_buy_req"": ""0"", ""ovt_buy_req_pre"": ""0"", ""return_code"": 0, ""return_msg"": ""정상적으로 처리되었습니다""}"
2026-06-10,watchlist,064400,,0,filtered_candidate_recheck,96300,,96300,96200,96300,96600,0.20768431983385255,0.10384215991692627,,,,,,"{""bid_req_base_tm"": ""105300"", ""sel_10th_pre_req_pre"": ""0"", ""sel_10th_pre_req"": ""291"", ""sel_10th_pre_bid"": ""-97200"", ""sel_9th_pre_req_pre"": ""0"", ""sel_9th_pre_req"": ""113"", ""sel_9th_pre_bid"": ""-97100"", ""sel_8th_pre_req_pre"": ""0"", ""sel_8th_pre_req"": ""1181"", ""sel_8th_pre_bid"": ""-97000"", ""sel_7th_pre_req_pre"": ""0"", ""sel_7th_pre_req"": ""427"", ""sel_7th_pre_bid"": ""-96900"", ""sel_6th_pre_req_pre"": ""0"", ""sel_6th_pre_req"": ""152"", ""sel_6th_pre_bid"": ""-96800"", ""sel_5th_pre_req_pre"": ""0"", ""sel_5th_pre_req"": ""143"", ""sel_5th_pre_bid"": ""-96700"", ""sel_4th_pre_req_pre"": ""0"", ""sel_4th_pre_req"": ""39"", ""sel_4th_pre_bid"": ""-96600"", ""sel_3th_pre_req_pre"": ""0"", ""sel_3th_pre_req"": ""1095"", ""sel_3th_pre_bid"": ""-96500"", ""sel_2th_pre_req_pre"": ""0"", ""sel_2th_pre_req"": ""185"", ""sel_2th_pre_bid"": ""-96400"", ""sel_1th_pre_req_pre"": ""0"", ""sel_fpr_req"": ""10"", ""sel_fpr_bid"": ""-96300"", ""buy_fpr_bid"": ""-96200"", ""buy_fpr_req"": ""351"", ""buy_1th_pre_req_pre"": ""0"", ""buy_2th_pre_bid"": ""-96100"", ""buy_2th_pre_req"": ""4051"", ""buy_2th_pre_req_pre"": ""0"", ""buy_3th_pre_bid"": ""-96000"", ""buy_3th_pre_req"": ""1059"", ""buy_3th_pre_req_pre"": ""0"", ""buy_4th_pre_bid"": ""-95900"", ""buy_4th_pre_req"": ""460"", ""buy_4th_pre_req_pre"": ""0"", ""buy_5th_pre_bid"": ""-95800"", ""buy_5th_pre_req"": ""1770"", ""buy_5th_pre_req_pre"": ""0"", ""buy_6th_pre_bid"": ""-95700"", ""buy_6th_pre_req"": ""893"", ""buy_6th_pre_req_pre"": ""0"", ""buy_7th_pre_bid"": ""-95600"", ""buy_7th_pre_req"": ""1425"", ""buy_7th_pre_req_pre"": ""0"", ""buy_8th_pre_bid"": ""-95500"", ""buy_8th_pre_req"": ""1621"", ""buy_8th_pre_req_pre"": ""0"", ""buy_9th_pre_bid"": ""-95400"", ""buy_9th_pre_req"": ""1810"", ""buy_9th_pre_req_pre"": ""0"", ""buy_10th_pre_bid"": ""-95300"", ""buy_10th_pre_req"": ""2505"", ""buy_10th_pre_req_pre"": ""0"", ""tot_sel_req_jub_pre"": ""0"", ""tot_sel_req"": ""3636"", ""tot_buy_req"": ""15945"", ""tot_buy_req_jub_pre"": ""0"", ""ovt_sel_req_pre"": ""0"", ""ovt_sel_req"": ""0"", ""ovt_buy_req"": ""0"", ""ovt_buy_req_pre"": ""0"", ""return_code"": 0, ""return_msg"": ""정상적으로 처리되었습니다""}"
2026-06-10,watchlist,009420,,0,filtered_candidate_recheck,50300,,50300,50200,50300,50500,0.19880715705765406,0.19880715705765406,,,,,,"{""bid_req_base_tm"": ""105258"", ""sel_10th_pre_req_pre"": ""0"", ""sel_10th_pre_req"": ""641"", ""sel_10th_pre_bid"": ""-51200"", ""sel_9th_pre_req_pre"": ""0"", ""sel_9th_pre_req"": ""77"", ""sel_9th_pre_bid"": ""-51100"", ""sel_8th_pre_req_pre"": ""0"", ""sel_8th_pre_req"": ""161"", ""sel_8th_pre_bid"": ""-51000"", ""sel_7th_pre_req_pre"": ""0"", ""sel_7th_pre_req"": ""200"", ""sel_7th_pre_bid"": ""-50900"", ""sel_6th_pre_req_pre"": ""0"", ""sel_6th_pre_req"": ""35"", ""sel_6th_pre_bid"": ""-50800"", ""sel_5th_pre_req_pre"": ""0"", ""sel_5th_pre_req"": ""50"", ""sel_5th_pre_bid"": ""-50700"", ""sel_4th_pre_req_pre"": ""0"", ""sel_4th_pre_req"": ""28"", ""sel_4th_pre_bid"": ""-50600"", ""sel_3th_pre_req_pre"": ""0"", ""sel_3th_pre_req"": ""67"", ""sel_3th_pre_bid"": ""-50500"", ""sel_2th_pre_req_pre"": ""0"", ""sel_2th_pre_req"": ""74"", ""sel_2th_pre_bid"": ""-50400"", ""sel_1th_pre_req_pre"": ""+9"", ""sel_fpr_req"": ""514"", ""sel_fpr_bid"": ""-50300"", ""buy_fpr_bid"": ""-50200"", ""buy_fpr_req"": ""362"", ""buy_1th_pre_req_pre"": ""0"", ""buy_2th_pre_bid"": ""-50100"", ""buy_2th_pre_req"": ""182"", ""buy_2th_pre_req_pre"": ""0"", ""buy_3th_pre_bid"": ""-50000"", ""buy_3th_pre_req"": ""668"", ""buy_3th_pre_req_pre"": ""0"", ""buy_4th_pre_bid"": ""-49950"", ""buy_4th_pre_req"": ""365"", ""buy_4th_pre_req_pre"": ""0"", ""buy_5th_pre_bid"": ""-49900"", ""buy_5th_pre_req"": ""376"", ""buy_5th_pre_req_pre"": ""0"", ""buy_6th_pre_bid"": ""-49850"", ""buy_6th_pre_req"": ""559"", ""buy_6th_pre_req_pre"": ""0"", ""buy_7th_pre_bid"": ""-49800"", ""buy_7th_pre_req"": ""640"", ""buy_7th_pre_req_pre"": ""0"", ""buy_8th_pre_bid"": ""-49750"", ""buy_8th_pre_req"": ""894"", ""buy_8th_pre_req_pre"": ""0"", ""buy_9th_pre_bid"": ""-49700"", ""buy_9th_pre_req"": ""1221"", ""buy_9th_pre_req_pre"": ""0"", ""buy_10th_pre_bid"": ""-49650"", ""buy_10th_pre_req"": ""41"", ""buy_10th_pre_req_pre"": ""0"", ""tot_sel_req_jub_pre"": ""+9"", ""tot_sel_req"": ""1847"", ""tot_buy_req"": ""5308"", ""tot_buy_req_jub_pre"": ""0"", ""ovt_sel_req_pre"": ""0"", ""ovt_sel_req"": ""0"", ""ovt_buy_req"": ""0"", ""ovt_buy_req_pre"": ""0"", ""return_code"": 0, ""return_msg"": ""정상적으로 처리되었습니다""}"
2026-06-10,watchlist,383220,,0,filtered_candidate_recheck,75000,,75000,74700,75000,74900,-0.26666666666666666,0.4,,,,,,"{""bid_req_base_tm"": ""105300"", ""sel_10th_pre_req_pre"": ""0"", ""sel_10th_pre_req"": ""5"", ""sel_10th_pre_bid"": ""+76200"", ""sel_9th_pre_req_pre"": ""0"", ""sel_9th_pre_req"": ""122"", ""sel_9th_pre_bid"": ""+76000"", ""sel_8th_pre_req_pre"": ""0"", ""sel_8th_pre_req"": ""159"", ""sel_8th_pre_bid"": ""+75900"", ""sel_7th_pre_req_pre"": ""0"", ""sel_7th_pre_req"": ""14"", ""sel_7th_pre_bid"": ""+75800"", ""sel_6th_pre_req_pre"": ""0"", ""sel_6th_pre_req"": ""14"", ""sel_6th_pre_bid"": ""+75700"", ""sel_5th_pre_req_pre"": ""0"", ""sel_5th_pre_req"": ""10"", ""sel_5th_pre_bid"": ""+75600"", ""sel_4th_pre_req_pre"": ""0"", ""sel_4th_pre_req"": ""1"", ""sel_4th_pre_bid"": ""+75500"", ""sel_3th_pre_req_pre"": ""0"", ""sel_3th_pre_req"": ""13"", ""sel_3th_pre_bid"": ""+75300"", ""sel_2th_pre_req_pre"": ""0"", ""sel_2th_pre_req"": ""8"", ""sel_2th_pre_bid"": ""+75100"", ""sel_1th_pre_req_pre"": ""+12"", ""sel_fpr_req"": ""34"", ""sel_fpr_bid"": ""+75000"", ""buy_fpr_bid"": ""+74700"", ""buy_fpr_req"": ""110"", ""buy_1th_pre_req_pre"": ""0"", ""buy_2th_pre_bid"": ""74600"", ""buy_2th_pre_req"": ""52"", ""buy_2th_pre_req_pre"": ""0"", ""buy_3th_pre_bid"": ""-74500"", ""buy_3th_pre_req"": ""27"", ""buy_3th_pre_req_pre"": ""0"", ""buy_4th_pre_bid"": ""-74400"", ""buy_4th_pre_req"": ""40"", ""buy_4th_pre_req_pre"": ""0"", ""buy_5th_pre_bid"": ""-74300"", ""buy_5th_pre_req"": ""10"", ""buy_5th_pre_req_pre"": ""0"", ""buy_6th_pre_bid"": ""-74200"", ""buy_6th_pre_req"": ""25"", ""buy_6th_pre_req_pre"": ""0"", ""buy_7th_pre_bid"": ""-74100"", ""buy_7th_pre_req"": ""24"", ""buy_7th_pre_req_pre"": ""0"", ""buy_8th_pre_bid"": ""-74000"", ""buy_8th_pre_req"": ""27"", ""buy_8th_pre_req_pre"": ""0"", ""buy_9th_pre_bid"": ""-73900"", ""buy_9th_pre_req"": ""21"", ""buy_9th_pre_req_pre"": ""0"", ""buy_10th_pre_bid"": ""-73800"", ""buy_10th_pre_req"": ""10"", ""buy_10th_pre_req_pre"": ""0"", ""tot_sel_req_jub_pre"": ""+12"", ""tot_sel_req"": ""380"", ""tot_buy_req"": ""346"", ""tot_buy_req_jub_pre"": ""0"", ""ovt_sel_req_pre"": ""0"", ""ovt_sel_req"": ""0"", ""ovt_buy_req"": ""0"", ""ovt_buy_req_pre"": ""0"", ""return_code"": 0, ""return_msg"": ""정상적으로 처리되었습니다""}"
2026-06-10,watchlist,004170,,0,filtered_candidate_recheck,685000,,685000,684000,685000,680000,-0.8759124087591241,0.145985401459854,,,,,,"{""bid_req_base_tm"": ""105300"", ""sel_10th_pre_req_pre"": ""0"", ""sel_10th_pre_req"": ""84"", ""sel_10th_pre_bid"": ""+694000"", ""sel_9th_pre_req_pre"": ""0"", ""sel_9th_pre_req"": ""68"", ""sel_9th_pre_bid"": ""+693000"", ""sel_8th_pre_req_pre"": ""0"", ""sel_8th_pre_req"": ""41"", ""sel_8th_pre_bid"": ""+692000"", ""sel_7th_pre_req_pre"": ""0"", ""sel_7th_pre_req"": ""823"", ""sel_7th_pre_bid"": ""+691000"", ""sel_6th_pre_req_pre"": ""0"", ""sel_6th_pre_req"": ""217"", ""sel_6th_pre_bid"": ""+690000"", ""sel_5th_pre_req_pre"": ""0"", ""sel_5th_pre_req"": ""81"", ""sel_5th_pre_bid"": ""+689000"", ""sel_4th_pre_req_pre"": ""0"", ""sel_4th_pre_req"": ""67"", ""sel_4th_pre_bid"": ""+688000"", ""sel_3th_pre_req_pre"": ""0"", ""sel_3th_pre_req"": ""45"", ""sel_3th_pre_bid"": ""+687000"", ""sel_2th_pre_req_pre"": ""0"", ""sel_2th_pre_req"": ""7"", ""sel_2th_pre_bid"": ""+686000"", ""sel_1th_pre_req_pre"": ""0"", ""sel_fpr_req"": ""195"", ""sel_fpr_bid"": ""+685000"", ""buy_fpr_bid"": ""+684000"", ""buy_fpr_req"": ""36"", ""buy_1th_pre_req_pre"": ""+18"", ""buy_2th_pre_bid"": ""+683000"", ""buy_2th_pre_req"": ""11"", ""buy_2th_pre_req_pre"": ""--18"", ""buy_3th_pre_bid"": ""+682000"", ""buy_3th_pre_req"": ""61"", ""buy_3th_pre_req_pre"": ""0"", ""buy_4th_pre_bid"": ""+681000"", ""buy_4th_pre_req"": ""94"", ""buy_4th_pre_req_pre"": ""0"", ""buy_5th_pre_bid"": ""+680000"", ""buy_5th_pre_req"": ""68"", ""buy_5th_pre_req_pre"": ""0"", ""buy_6th_pre_bid"": ""+676000"", ""buy_6th_pre_req"": ""3"", ""buy_6th_pre_req_pre"": ""0"", ""buy_7th_pre_bid"": ""+675000"", ""buy_7th_pre_req"": ""5"", ""buy_7th_pre_req_pre"": ""0"", ""buy_8th_pre_bid"": ""+674000"", ""buy_8th_pre_req"": ""1"", ""buy_8th_pre_req_pre"": ""0"", ""buy_9th_pre_bid"": ""+673000"", ""buy_9th_pre_req"": ""4"", ""buy_9th_pre_req_pre"": ""0"", ""buy_10th_pre_bid"": ""+672000"", ""buy_10th_pre_req"": ""12"", ""buy_10th_pre_req_pre"": ""0"", ""tot_sel_req_jub_pre"": ""0"", ""tot_sel_req"": ""1628"", ""tot_buy_req"": ""295"", ""tot_buy_req_jub_pre"": ""0"", ""ovt_sel_req_pre"": ""0"", ""ovt_sel_req"": ""0"", ""ovt_buy_req"": ""0"", ""ovt_buy_req_pre"": ""0"", ""return_code"": 0, ""return_msg"": ""정상적으로 처리되었습니다""}"
2026-06-10,watchlist,018260,,1,filtered_candidate_recheck,232000,,232000,231500,232000,233500,0.43103448275862066,0.21551724137931033,,,,,,"{""bid_req_base_tm"": ""105301"", ""sel_10th_pre_req_pre"": ""0"", ""sel_10th_pre_req"": ""211"", ""sel_10th_pre_bid"": ""-236500"", ""sel_9th_pre_req_pre"": ""0"", ""sel_9th_pre_req"": ""315"", ""sel_9th_pre_bid"": ""-236000"", ""sel_8th_pre_req_pre"": ""0"", ""sel_8th_pre_req"": ""227"", ""sel_8th_pre_bid"": ""-235500"", ""sel_7th_pre_req_pre"": ""0"", ""sel_7th_pre_req"": ""131"", ""sel_7th_pre_bid"": ""-235000"", ""sel_6th_pre_req_pre"": ""0"", ""sel_6th_pre_req"": ""269"", ""sel_6th_pre_bid"": ""-234500"", ""sel_5th_pre_req_pre"": ""0"", ""sel_5th_pre_req"": ""129"", ""sel_5th_pre_bid"": ""-234000"", ""sel_4th_pre_req_pre"": ""0"", ""sel_4th_pre_req"": ""209"", ""sel_4th_pre_bid"": ""-233500"", ""sel_3th_pre_req_pre"": ""0"", ""sel_3th_pre_req"": ""60"", ""sel_3th_pre_bid"": ""-233000"", ""sel_2th_pre_req_pre"": ""0"", ""sel_2th_pre_req"": ""278"", ""sel_2th_pre_bid"": ""-232500"", ""sel_1th_pre_req_pre"": ""0"", ""sel_fpr_req"": ""48"", ""sel_fpr_bid"": ""-232000"", ""buy_fpr_bid"": ""-231500"", ""buy_fpr_req"": ""671"", ""buy_1th_pre_req_pre"": ""0"", ""buy_2th_pre_bid"": ""-231000"", ""buy_2th_pre_req"": ""2988"", ""buy_2th_pre_req_pre"": ""0"", ""buy_3th_pre_bid"": ""-230500"", ""buy_3th_pre_req"": ""1995"", ""buy_3th_pre_req_pre"": ""+1"", ""buy_4th_pre_bid"": ""-230000"", ""buy_4th_pre_req"": ""5065"", ""buy_4th_pre_req_pre"": ""0"", ""buy_5th_pre_bid"": ""-229500"", ""buy_5th_pre_req"": ""963"", ""buy_5th_pre_req_pre"": ""0"", ""buy_6th_pre_bid"": ""-229000"", ""buy_6th_pre_req"": ""1493"", ""buy_6th_pre_req_pre"": ""0"", ""buy_7th_pre_bid"": ""-228500"", ""buy_7th_pre_req"": ""945"", ""buy_7th_pre_req_pre"": ""0"", ""buy_8th_pre_bid"": ""-228000"", ""buy_8th_pre_req"": ""1931"", ""buy_8th_pre_req_pre"": ""0"", ""buy_9th_pre_bid"": ""-227500"", ""buy_9th_pre_req"": ""1574"", ""buy_9th_pre_req_pre"": ""0"", ""buy_10th_pre_bid"": ""-227000"", ""buy_10th_pre_req"": ""3170"", ""buy_10th_pre_req_pre"": ""0"", ""tot_sel_req_jub_pre"": ""0"", ""tot_sel_req"": ""1877"", ""tot_buy_req"": ""20795"", ""tot_buy_req_jub_pre"": ""+1"", ""ovt_sel_req_pre"": ""0"", ""ovt_sel_req"": ""0"", ""ovt_buy_req"": ""0"", ""ovt_buy_req_pre"": ""0"", ""return_code"": 0, ""return_msg"": ""정상적으로 처리되었습니다""}"
2026-06-10,watchlist,161390,,1,filtered_candidate_recheck,71000,,71000,70900,71000,71300,0.28169014084507044,0.14084507042253522,,,,,,"{""bid_req_base_tm"": ""105301"", ""sel_10th_pre_req_pre"": ""0"", ""sel_10th_pre_req"": ""325"", ""sel_10th_pre_bid"": ""-71900"", ""sel_9th_pre_req_pre"": ""0"", ""sel_9th_pre_req"": ""144"", ""sel_9th_pre_bid"": ""-71800"", ""sel_8th_pre_req_pre"": ""0"", ""sel_8th_pre_req"": ""1"", ""sel_8th_pre_bid"": ""-71700"", ""sel_7th_pre_req_pre"": ""0"", ""sel_7th_pre_req"": ""17"", ""sel_7th_pre_bid"": ""-71600"", ""sel_6th_pre_req_pre"": ""0"", ""sel_6th_pre_req"": ""1"", ""sel_6th_pre_bid"": ""-71500"", ""sel_5th_pre_req_pre"": ""0"", ""sel_5th_pre_req"": ""28"", ""sel_5th_pre_bid"": ""-71400"", ""sel_4th_pre_req_pre"": ""0"", ""sel_4th_pre_req"": ""28"", ""sel_4th_pre_bid"": ""-71300"", ""sel_3th_pre_req_pre"": ""0"", ""sel_3th_pre_req"": ""28"", ""sel_3th_pre_bid"": ""-71200"", ""sel_2th_pre_req_pre"": ""0"", ""sel_2th_pre_req"": ""462"", ""sel_2th_pre_bid"": ""-71100"", ""sel_1th_pre_req_pre"": ""+78"", ""sel_fpr_req"": ""300"", ""sel_fpr_bid"": ""-71000"", ""buy_fpr_bid"": ""-70900"", ""buy_fpr_req"": ""1257"", ""buy_1th_pre_req_pre"": ""0"", ""buy_2th_pre_bid"": ""-70800"", ""buy_2th_pre_req"": ""105"", ""buy_2th_pre_req_pre"": ""0"", ""buy_3th_pre_bid"": ""-70700"", ""buy_3th_pre_req"": ""231"", ""buy_3th_pre_req_pre"": ""0"", ""buy_4th_pre_bid"": ""-70500"", ""buy_4th_pre_req"": ""211"", ""buy_4th_pre_req_pre"": ""0"", ""buy_5th_pre_bid"": ""-70400"", ""buy_5th_pre_req"": ""158"", ""buy_5th_pre_req_pre"": ""0"", ""buy_6th_pre_bid"": ""-70300"", ""buy_6th_pre_req"": ""148"", ""buy_6th_pre_req_pre"": ""0"", ""buy_7th_pre_bid"": ""-70200"", ""buy_7th_pre_req"": ""93"", ""buy_7th_pre_req_pre"": ""0"", ""buy_8th_pre_bid"": ""-70100"", ""buy_8th_pre_req"": ""163"", ""buy_8th_pre_req_pre"": ""0"", ""buy_9th_pre_bid"": ""-70000"", ""buy_9th_pre_req"": ""147"", ""buy_9th_pre_req_pre"": ""0"", ""buy_10th_pre_bid"": ""-69900"", ""buy_10th_pre_req"": ""19"", ""buy_10th_pre_req_pre"": ""0"", ""tot_sel_req_jub_pre"": ""+78"", ""tot_sel_req"": ""1334"", ""tot_buy_req"": ""2532"", ""tot_buy_req_jub_pre"": ""0"", ""ovt_sel_req_pre"": ""0"", ""ovt_sel_req"": ""0"", ""ovt_buy_req"": ""0"", ""ovt_buy_req_pre"": ""0"", ""return_code"": 0, ""return_msg"": ""정상적으로 처리되었습니다""}"
2026-06-10,watchlist,078930,,0,filtered_candidate_recheck,73900,,73900,73800,73900,73300,-0.9472259810554804,0.13531799729364005,,,,,,"{""bid_req_base_tm"": ""105259"", ""sel_10th_pre_req_pre"": ""0"", ""sel_10th_pre_req"": ""5"", ""sel_10th_pre_bid"": ""+74800"", ""sel_9th_pre_req_pre"": ""0"", ""sel_9th_pre_req"": ""237"", ""sel_9th_pre_bid"": ""+74700"", ""sel_8th_pre_req_pre"": ""0"", ""sel_8th_pre_req"": ""104"", ""sel_8th_pre_bid"": ""+74600"", ""sel_7th_pre_req_pre"": ""0"", ""sel_7th_pre_req"": ""74"", ""sel_7th_pre_bid"": ""+74500"", ""sel_6th_pre_req_pre"": ""0"", ""sel_6th_pre_req"": ""101"", ""sel_6th_pre_bid"": ""+74400"", ""sel_5th_pre_req_pre"": ""0"", ""sel_5th_pre_req"": ""124"", ""sel_5th_pre_bid"": ""+74300"", ""sel_4th_pre_req_pre"": ""0"", ""sel_4th_pre_req"": ""91"", ""sel_4th_pre_bid"": ""+74200"", ""sel_3th_pre_req_pre"": ""0"", ""sel_3th_pre_req"": ""2"", ""sel_3th_pre_bid"": ""+74100"", ""sel_2th_pre_req_pre"": ""--1"", ""sel_2th_pre_req"": ""1022"", ""sel_2th_pre_bid"": ""+74000"", ""sel_1th_pre_req_pre"": ""+1"", ""sel_fpr_req"": ""314"", ""sel_fpr_bid"": ""+73900"", ""buy_fpr_bid"": ""73800"", ""buy_fpr_req"": ""143"", ""buy_1th_pre_req_pre"": ""0"", ""buy_2th_pre_bid"": ""-73700"", ""buy_2th_pre_req"": ""83"", ""buy_2th_pre_req_pre"": ""0"", ""buy_3th_pre_bid"": ""-73600"", ""buy_3th_pre_req"": ""94"", ""buy_3th_pre_req_pre"": ""0"", ""buy_4th_pre_bid"": ""-73500"", ""buy_4th_pre_req"": ""68"", ""buy_4th_pre_req_pre"": ""0"", ""buy_5th_pre_bid"": ""-73400"", ""buy_5th_pre_req"": ""51"", ""buy_5th_pre_req_pre"": ""0"", ""buy_6th_pre_bid"": ""-73200"", ""buy_6th_pre_req"": ""5"", ""buy_6th_pre_req_pre"": ""0"", ""buy_7th_pre_bid"": ""-73100"", ""buy_7th_pre_req"": ""150"", ""buy_7th_pre_req_pre"": ""0"", ""buy_8th_pre_bid"": ""-73000"", ""buy_8th_pre_req"": ""50"", ""buy_8th_pre_req_pre"": ""0"", ""buy_9th_pre_bid"": ""-72900"", ""buy_9th_pre_req"": ""5"", ""buy_9th_pre_req_pre"": ""0"", ""buy_10th_pre_bid"": ""-72700"", ""buy_10th_pre_req"": ""50"", ""buy_10th_pre_req_pre"": ""0"", ""tot_sel_req_jub_pre"": ""0"", ""tot_sel_req"": ""2074"", ""tot_buy_req"": ""699"", ""tot_buy_req_jub_pre"": ""0"", ""ovt_sel_req_pre"": ""0"", ""ovt_sel_req"": ""0"", ""ovt_buy_req"": ""0"", ""ovt_buy_req_pre"": ""0"", ""return_code"": 0, ""return_msg"": ""정상적으로 처리되었습니다""}"
2026-06-10,watchlist,462870,,0,filtered_candidate_recheck,31600,,31600,31550,31600,31350,-0.949367088607595,0.15822784810126583,,,,,,"{""bid_req_base_tm"": ""105300"", ""sel_10th_pre_req_pre"": ""0"", ""sel_10th_pre_req"": ""131"", ""sel_10th_pre_bid"": ""-32050"", ""sel_9th_pre_req_pre"": ""0"", ""sel_9th_pre_req"": ""163"", ""sel_9th_pre_bid"": ""-32000"", ""sel_8th_pre_req_pre"": ""0"", ""sel_8th_pre_req"": ""40"", ""sel_8th_pre_bid"": ""-31950"", ""sel_7th_pre_req_pre"": ""0"", ""sel_7th_pre_req"": ""128"", ""sel_7th_pre_bid"": ""-31900"", ""sel_6th_pre_req_pre"": ""0"", ""sel_6th_pre_req"": ""22"", ""sel_6th_pre_bid"": ""-31850"", ""sel_5th_pre_req_pre"": ""0"", ""sel_5th_pre_req"": ""38"", ""sel_5th_pre_bid"": ""-31800"", ""sel_4th_pre_req_pre"": ""0"", ""sel_4th_pre_req"": ""12"", ""sel_4th_pre_bid"": ""-31750"", ""sel_3th_pre_req_pre"": ""0"", ""sel_3th_pre_req"": ""113"", ""sel_3th_pre_bid"": ""-31700"", ""sel_2th_pre_req_pre"": ""0"", ""sel_2th_pre_req"": ""559"", ""sel_2th_pre_bid"": ""-31650"", ""sel_1th_pre_req_pre"": ""+6"", ""sel_fpr_req"": ""109"", ""sel_fpr_bid"": ""-31600"", ""buy_fpr_bid"": ""-31550"", ""buy_fpr_req"": ""18"", ""buy_1th_pre_req_pre"": ""0"", ""buy_2th_pre_bid"": ""-31500"", ""buy_2th_pre_req"": ""32"", ""buy_2th_pre_req_pre"": ""0"", ""buy_3th_pre_bid"": ""-31450"", ""buy_3th_pre_req"": ""10"", ""buy_3th_pre_req_pre"": ""0"", ""buy_4th_pre_bid"": ""-31400"", ""buy_4th_pre_req"": ""31"", ""buy_4th_pre_req_pre"": ""0"", ""buy_5th_pre_bid"": ""-31350"", ""buy_5th_pre_req"": ""54"", ""buy_5th_pre_req_pre"": ""0"", ""buy_6th_pre_bid"": ""-31300"", ""buy_6th_pre_req"": ""42"", ""buy_6th_pre_req_pre"": ""0"", ""buy_7th_pre_bid"": ""-31250"", ""buy_7th_pre_req"": ""21"", ""buy_7th_pre_req_pre"": ""0"", ""buy_8th_pre_bid"": ""-31200"", ""buy_8th_pre_req"": ""68"", ""buy_8th_pre_req_pre"": ""0"", ""buy_9th_pre_bid"": ""-31150"", ""buy_9th_pre_req"": ""79"", ""buy_9th_pre_req_pre"": ""0"", ""buy_10th_pre_bid"": ""-31100"", ""buy_10th_pre_req"": ""37"", ""buy_10th_pre_req_pre"": ""0"", ""tot_sel_req_jub_pre"": ""+6"", ""tot_sel_req"": ""1315"", ""tot_buy_req"": ""392"", ""tot_buy_req_jub_pre"": ""0"", ""ovt_sel_req_pre"": ""0"", ""ovt_sel_req"": ""0"", ""ovt_buy_req"": ""0"", ""ovt_buy_req_pre"": ""0"", ""return_code"": 0, ""return_msg"": ""정상적으로 처리되었습니다""}"
2026-06-10,watchlist,055550,,0,filtered_candidate_recheck,99100,,99100,99000,99100,99300,0.10090817356205853,0.10090817356205853,,,,,,"{""bid_req_base_tm"": ""105300"", ""sel_10th_pre_req_pre"": ""0"", ""sel_10th_pre_req"": ""225"", ""sel_10th_pre_bid"": ""-100000"", ""sel_9th_pre_req_pre"": ""0"", ""sel_9th_pre_req"": ""261"", ""sel_9th_pre_bid"": ""-99900"", ""sel_8th_pre_req_pre"": ""0"", ""sel_8th_pre_req"": ""321"", ""sel_8th_pre_bid"": ""-99800"", ""sel_7th_pre_req_pre"": ""0"", ""sel_7th_pre_req"": ""270"", ""sel_7th_pre_bid"": ""-99700"", ""sel_6th_pre_req_pre"": ""0"", ""sel_6th_pre_req"": ""44"", ""sel_6th_pre_bid"": ""-99600"", ""sel_5th_pre_req_pre"": ""0"", ""sel_5th_pre_req"": ""62"", ""sel_5th_pre_bid"": ""-99500"", ""sel_4th_pre_req_pre"": ""0"", ""sel_4th_pre_req"": ""921"", ""sel_4th_pre_bid"": ""-99400"", ""sel_3th_pre_req_pre"": ""0"", ""sel_3th_pre_req"": ""1"", ""sel_3th_pre_bid"": ""-99300"", ""sel_2th_pre_req_pre"": ""+1"", ""sel_2th_pre_req"": ""20"", ""sel_2th_pre_bid"": ""-99200"", ""sel_1th_pre_req_pre"": ""0"", ""sel_fpr_req"": ""2176"", ""sel_fpr_bid"": ""-99100"", ""buy_fpr_bid"": ""-99000"", ""buy_fpr_req"": ""1258"", ""buy_1th_pre_req_pre"": ""0"", ""buy_2th_pre_bid"": ""-98900"", ""buy_2th_pre_req"": ""944"", ""buy_2th_pre_req_pre"": ""0"", ""buy_3th_pre_bid"": ""-98800"", ""buy_3th_pre_req"": ""1451"", ""buy_3th_pre_req_pre"": ""0"", ""buy_4th_pre_bid"": ""-98700"", ""buy_4th_pre_req"": ""1314"", ""buy_4th_pre_req_pre"": ""0"", ""buy_5th_pre_bid"": ""-98600"", ""buy_5th_pre_req"": ""358"", ""buy_5th_pre_req_pre"": ""0"", ""buy_6th_pre_bid"": ""-98500"", ""buy_6th_pre_req"": ""296"", ""buy_6th_pre_req_pre"": ""0"", ""buy_7th_pre_bid"": ""-98400"", ""buy_7th_pre_req"": ""1064"", ""buy_7th_pre_req_pre"": ""0"", ""buy_8th_pre_bid"": ""-98300"", ""buy_8th_pre_req"": ""105"", ""buy_8th_pre_req_pre"": ""0"", ""buy_9th_pre_bid"": ""-98200"", ""buy_9th_pre_req"": ""1252"", ""buy_9th_pre_req_pre"": ""0"", ""buy_10th_pre_bid"": ""-98100"", ""buy_10th_pre_req"": ""185"", ""buy_10th_pre_req_pre"": ""0"", ""tot_sel_req_jub_pre"": ""+1"", ""tot_sel_req"": ""4301"", ""tot_buy_req"": ""8227"", ""tot_buy_req_jub_pre"": ""0"", ""ovt_sel_req_pre"": ""0"", ""ovt_sel_req"": ""0"", ""ovt_buy_req"": ""0"", ""ovt_buy_req_pre"": ""0"", ""return_code"": 0, ""return_msg"": ""정상적으로 처리되었습니다""}"
2026-06-10,watchlist,192080,,1,filtered_candidate_recheck,71200,,71200,71100,71200,71500,0.2808988764044944,0.1404494382022472,,,,,,"{""bid_req_base_tm"": ""105256"", ""sel_10th_pre_req_pre"": ""0"", ""sel_10th_pre_req"": ""128"", ""sel_10th_pre_bid"": ""+72400"", ""sel_9th_pre_req_pre"": ""0"", ""sel_9th_pre_req"": ""10"", ""sel_9th_pre_bid"": ""+72300"", ""sel_8th_pre_req_pre"": ""0"", ""sel_8th_pre_req"": ""10"", ""sel_8th_pre_bid"": ""+72200"", ""sel_7th_pre_req_pre"": ""0"", ""sel_7th_pre_req"": ""6"", ""sel_7th_pre_bid"": ""+72100"", ""sel_6th_pre_req_pre"": ""0"", ""sel_6th_pre_req"": ""5"", ""sel_6th_pre_bid"": ""72000"", ""sel_5th_pre_req_pre"": ""0"", ""sel_5th_pre_req"": ""33"", ""sel_5th_pre_bid"": ""-71800"", ""sel_4th_pre_req_pre"": ""0"", ""sel_4th_pre_req"": ""20"", ""sel_4th_pre_bid"": ""-71600"", ""sel_3th_pre_req_pre"": ""0"", ""sel_3th_pre_req"": ""65"", ""sel_3th_pre_bid"": ""-71400"", ""sel_2th_pre_req_pre"": ""0"", ""sel_2th_pre_req"": ""17"", ""sel_2th_pre_bid"": ""-71300"", ""sel_1th_pre_req_pre"": ""0"", ""sel_fpr_req"": ""11"", ""sel_fpr_bid"": ""-71200"", ""buy_fpr_bid"": ""-71100"", ""buy_fpr_req"": ""59"", ""buy_1th_pre_req_pre"": ""+6"", ""buy_2th_pre_bid"": ""-71000"", ""buy_2th_pre_req"": ""61"", ""buy_2th_pre_req_pre"": ""0"", ""buy_3th_pre_bid"": ""-70900"", ""buy_3th_pre_req"": ""72"", ""buy_3th_pre_req_pre"": ""0"", ""buy_4th_pre_bid"": ""-70800"", ""buy_4th_pre_req"": ""94"", ""buy_4th_pre_req_pre"": ""0"", ""buy_5th_pre_bid"": ""-70700"", ""buy_5th_pre_req"": ""110"", ""buy_5th_pre_req_pre"": ""0"", ""buy_6th_pre_bid"": ""-70600"", ""buy_6th_pre_req"": ""100"", ""buy_6th_pre_req_pre"": ""0"", ""buy_7th_pre_bid"": ""-70500"", ""buy_7th_pre_req"": ""181"", ""buy_7th_pre_req_pre"": ""0"", ""buy_8th_pre_bid"": ""-70400"", ""buy_8th_pre_req"": ""182"", ""buy_8th_pre_req_pre"": ""0"", ""buy_9th_pre_bid"": ""-70300"", ""buy_9th_pre_req"": ""94"", ""buy_9th_pre_req_pre"": ""0"", ""buy_10th_pre_bid"": ""-70200"", ""buy_10th_pre_req"": ""21"", ""buy_10th_pre_req_pre"": ""0"", ""tot_sel_req_jub_pre"": ""0"", ""tot_sel_req"": ""305"", ""tot_buy_req"": ""974"", ""tot_buy_req_jub_pre"": ""+6"", ""ovt_sel_req_pre"": ""0"", ""ovt_sel_req"": ""0"", ""ovt_buy_req"": ""0"", ""ovt_buy_req_pre"": ""0"", ""return_code"": 0, ""return_msg"": ""정상적으로 처리되었습니다""}"
2026-06-10,watchlist,000430,,1,filtered_candidate_recheck,5630,,5630,5610,5630,5660,0.3552397868561279,0.3552397868561279,,,,,,"{""bid_req_base_tm"": ""105302"", ""sel_10th_pre_req_pre"": ""0"", ""sel_10th_pre_req"": ""484"", ""sel_10th_pre_bid"": ""-5720"", ""sel_9th_pre_req_pre"": ""0"", ""sel_9th_pre_req"": ""1"", ""sel_9th_pre_bid"": ""-5710"", ""sel_8th_pre_req_pre"": ""0"", ""sel_8th_pre_req"": ""1450"", ""sel_8th_pre_bid"": ""-5700"", ""sel_7th_pre_req_pre"": ""0"", ""sel_7th_pre_req"": ""401"", ""sel_7th_pre_bid"": ""-5690"", ""sel_6th_pre_req_pre"": ""0"", ""sel_6th_pre_req"": ""1033"", ""sel_6th_pre_bid"": ""-5680"", ""sel_5th_pre_req_pre"": ""0"", ""sel_5th_pre_req"": ""61"", ""sel_5th_pre_bid"": ""-5670"", ""sel_4th_pre_req_pre"": ""0"", ""sel_4th_pre_req"": ""206"", ""sel_4th_pre_bid"": ""-5660"", ""sel_3th_pre_req_pre"": ""0"", ""sel_3th_pre_req"": ""148"", ""sel_3th_pre_bid"": ""-5650"", ""sel_2th_pre_req_pre"": ""0"", ""sel_2th_pre_req"": ""1810"", ""sel_2th_pre_bid"": ""-5640"", ""sel_1th_pre_req_pre"": ""--3"", ""sel_fpr_req"": ""1807"", ""sel_fpr_bid"": ""-5630"", ""buy_fpr_bid"": ""-5610"", ""buy_fpr_req"": ""3177"", ""buy_1th_pre_req_pre"": ""0"", ""buy_2th_pre_bid"": ""-5600"", ""buy_2th_pre_req"": ""15780"", ""buy_2th_pre_req_pre"": ""0"", ""buy_3th_pre_bid"": ""-5590"", ""buy_3th_pre_req"": ""5214"", ""buy_3th_pre_req_pre"": ""0"", ""buy_4th_pre_bid"": ""-5580"", ""buy_4th_pre_req"": ""6762"", ""buy_4th_pre_req_pre"": ""0"", ""buy_5th_pre_bid"": ""-5570"", ""buy_5th_pre_req"": ""2617"", ""buy_5th_pre_req_pre"": ""0"", ""buy_6th_pre_bid"": ""-5560"", ""buy_6th_pre_req"": ""2163"", ""buy_6th_pre_req_pre"": ""0"", ""buy_7th_pre_bid"": ""-5550"", ""buy_7th_pre_req"": ""6956"", ""buy_7th_pre_req_pre"": ""+2"", ""buy_8th_pre_bid"": ""-5540"", ""buy_8th_pre_req"": ""3171"", ""buy_8th_pre_req_pre"": ""0"", ""buy_9th_pre_bid"": ""-5530"", ""buy_9th_pre_req"": ""4631"", ""buy_9th_pre_req_pre"": ""0"", ""buy_10th_pre_bid"": ""-5520"", ""buy_10th_pre_req"": ""4296"", ""buy_10th_pre_req_pre"": ""0"", ""tot_sel_req_jub_pre"": ""--3"", ""tot_sel_req"": ""7401"", ""tot_buy_req"": ""54767"", ""tot_buy_req_jub_pre"": ""+2"", ""ovt_sel_req_pre"": ""0"", ""ovt_sel_req"": ""0"", ""ovt_buy_req"": ""0"", ""ovt_buy_req_pre"": ""0"", ""return_code"": 0, ""return_msg"": ""정상적으로 처리되었습니다""}"
2026-06-10,watchlist,307950,,0,filtered_candidate_recheck,702000,,702000,701000,702000,706000,0.4273504273504274,0.14245014245014245,,,,,,"{""bid_req_base_tm"": ""105302"", ""sel_10th_pre_req_pre"": ""0"", ""sel_10th_pre_req"": ""23"", ""sel_10th_pre_bid"": ""+711000"", ""sel_9th_pre_req_pre"": ""0"", ""sel_9th_pre_req"": ""12"", ""sel_9th_pre_bid"": ""+710000"", ""sel_8th_pre_req_pre"": ""0"", ""sel_8th_pre_req"": ""32"", ""sel_8th_pre_bid"": ""+709000"", ""sel_7th_pre_req_pre"": ""0"", ""sel_7th_pre_req"": ""15"", ""sel_7th_pre_bid"": ""+708000"", ""sel_6th_pre_req_pre"": ""0"", ""sel_6th_pre_req"": ""9"", ""sel_6th_pre_bid"": ""+707000"", ""sel_5th_pre_req_pre"": ""0"", ""sel_5th_pre_req"": ""10"", ""sel_5th_pre_bid"": ""+706000"", ""sel_4th_pre_req_pre"": ""0"", ""sel_4th_pre_req"": ""18"", ""sel_4th_pre_bid"": ""+705000"", ""sel_3th_pre_req_pre"": ""0"", ""sel_3th_pre_req"": ""21"", ""sel_3th_pre_bid"": ""+704000"", ""sel_2th_pre_req_pre"": ""0"", ""sel_2th_pre_req"": ""71"", ""sel_2th_pre_bid"": ""+703000"", ""sel_1th_pre_req_pre"": ""0"", ""sel_fpr_req"": ""152"", ""sel_fpr_bid"": ""+702000"", ""buy_fpr_bid"": ""+701000"", ""buy_fpr_req"": ""514"", ""buy_1th_pre_req_pre"": ""+2"", ""buy_2th_pre_bid"": ""+700000"", ""buy_2th_pre_req"": ""720"", ""buy_2th_pre_req_pre"": ""0"", ""buy_3th_pre_bid"": ""+699000"", ""buy_3th_pre_req"": ""134"", ""buy_3th_pre_req_pre"": ""0"", ""buy_4th_pre_bid"": ""+698000"", ""buy_4th_pre_req"": ""191"", ""buy_4th_pre_req_pre"": ""0"", ""buy_5th_pre_bid"": ""+697000"", ""buy_5th_pre_req"": ""244"", ""buy_5th_pre_req_pre"": ""0"", ""buy_6th_pre_bid"": ""+696000"", ""buy_6th_pre_req"": ""182"", ""buy_6th_pre_req_pre"": ""0"", ""buy_7th_pre_bid"": ""+695000"", ""buy_7th_pre_req"": ""358"", ""buy_7th_pre_req_pre"": ""0"", ""buy_8th_pre_bid"": ""+694000"", ""buy_8th_pre_req"": ""96"", ""buy_8th_pre_req_pre"": ""0"", ""buy_9th_pre_bid"": ""+693000"", ""buy_9th_pre_req"": ""68"", ""buy_9th_pre_req_pre"": ""0"", ""buy_10th_pre_bid"": ""+692000"", ""buy_10th_pre_req"": ""164"", ""buy_10th_pre_req_pre"": ""0"", ""tot_sel_req_jub_pre"": ""0"", ""tot_sel_req"": ""363"", ""tot_buy_req"": ""2671"", ""tot_buy_req_jub_pre"": ""+2"", ""ovt_sel_req_pre"": ""0"", ""ovt_sel_req"": ""0"", ""ovt_buy_req"": ""0"", ""ovt_buy_req_pre"": ""0"", ""return_code"": 0, ""return_msg"": ""정상적으로 처리되었습니다""}"
2026-06-10,watchlist,114090,,0,filtered_candidate_recheck,12020,,12020,12010,12020,11950,-0.9983361064891847,0.08319467554076539,,,,,,"{""bid_req_base_tm"": ""105300"", ""sel_10th_pre_req_pre"": ""0"", ""sel_10th_pre_req"": ""9"", ""sel_10th_pre_bid"": ""+12160"", ""sel_9th_pre_req_pre"": ""0"", ""sel_9th_pre_req"": ""1132"", ""sel_9th_pre_bid"": ""+12150"", ""sel_8th_pre_req_pre"": ""0"", ""sel_8th_pre_req"": ""132"", ""sel_8th_pre_bid"": ""+12140"", ""sel_7th_pre_req_pre"": ""0"", ""sel_7th_pre_req"": ""469"", ""sel_7th_pre_bid"": ""+12130"", ""sel_6th_pre_req_pre"": ""0"", ""sel_6th_pre_req"": ""55"", ""sel_6th_pre_bid"": ""+12120"", ""sel_5th_pre_req_pre"": ""0"", ""sel_5th_pre_req"": ""1957"", ""sel_5th_pre_bid"": ""+12110"", ""sel_4th_pre_req_pre"": ""0"", ""sel_4th_pre_req"": ""76"", ""sel_4th_pre_bid"": ""+12100"", ""sel_3th_pre_req_pre"": ""0"", ""sel_3th_pre_req"": ""9"", ""sel_3th_pre_bid"": ""+12060"", ""sel_2th_pre_req_pre"": ""0"", ""sel_2th_pre_req"": ""78"", ""sel_2th_pre_bid"": ""+12050"", ""sel_1th_pre_req_pre"": ""0"", ""sel_fpr_req"": ""411"", ""sel_fpr_bid"": ""+12020"", ""buy_fpr_bid"": ""+12010"", ""buy_fpr_req"": ""42"", ""buy_1th_pre_req_pre"": ""0"", ""buy_2th_pre_bid"": ""+12000"", ""buy_2th_pre_req"": ""862"", ""buy_2th_pre_req_pre"": ""0"", ""buy_3th_pre_bid"": ""+11990"", ""buy_3th_pre_req"": ""274"", ""buy_3th_pre_req_pre"": ""0"", ""buy_4th_pre_bid"": ""+11980"", ""buy_4th_pre_req"": ""690"", ""buy_4th_pre_req_pre"": ""0"", ""buy_5th_pre_bid"": ""11950"", ""buy_5th_pre_req"": ""487"", ""buy_5th_pre_req_pre"": ""0"", ""buy_6th_pre_bid"": ""-11930"", ""buy_6th_pre_req"": ""6"", ""buy_6th_pre_req_pre"": ""0"", ""buy_7th_pre_bid"": ""-11910"", ""buy_7th_pre_req"": ""8"", ""buy_7th_pre_req_pre"": ""0"", ""buy_8th_pre_bid"": ""-11900"", ""buy_8th_pre_req"": ""103"", ""buy_8th_pre_req_pre"": ""0"", ""buy_9th_pre_bid"": ""-11860"", ""buy_9th_pre_req"": ""2"", ""buy_9th_pre_req_pre"": ""0"", ""buy_10th_pre_bid"": ""-11850"", ""buy_10th_pre_req"": ""181"", ""buy_10th_pre_req_pre"": ""0"", ""tot_sel_req_jub_pre"": ""0"", ""tot_sel_req"": ""4328"", ""tot_buy_req"": ""2655"", ""tot_buy_req_jub_pre"": ""0"", ""ovt_sel_req_pre"": ""0"", ""ovt_sel_req"": ""0"", ""ovt_buy_req"": ""0"", ""ovt_buy_req_pre"": ""0"", ""return_code"": 0, ""return_msg"": ""정상적으로 처리되었습니다""}"
2026-06-10,watchlist,281820,,0,filtered_candidate_recheck,67500,,67500,67400,67500,67900,0.4444444444444444,0.14814814814814814,,,,,,"{""bid_req_base_tm"": ""105301"", ""sel_10th_pre_req_pre"": ""0"", ""sel_10th_pre_req"": ""112"", ""sel_10th_pre_bid"": ""+68500"", ""sel_9th_pre_req_pre"": ""0"", ""sel_9th_pre_req"": ""12"", ""sel_9th_pre_bid"": ""+68400"", ""sel_8th_pre_req_pre"": ""0"", ""sel_8th_pre_req"": ""16"", ""sel_8th_pre_bid"": ""+68300"", ""sel_7th_pre_req_pre"": ""0"", ""sel_7th_pre_req"": ""1"", ""sel_7th_pre_bid"": ""+68200"", ""sel_6th_pre_req_pre"": ""0"", ""sel_6th_pre_req"": ""2"", ""sel_6th_pre_bid"": ""+68100"", ""sel_5th_pre_req_pre"": ""0"", ""sel_5th_pre_req"": ""14"", ""sel_5th_pre_bid"": ""+68000"", ""sel_4th_pre_req_pre"": ""0"", ""sel_4th_pre_req"": ""22"", ""sel_4th_pre_bid"": ""+67900"", ""sel_3th_pre_req_pre"": ""0"", ""sel_3th_pre_req"": ""34"", ""sel_3th_pre_bid"": ""+67800"", ""sel_2th_pre_req_pre"": ""0"", ""sel_2th_pre_req"": ""12"", ""sel_2th_pre_bid"": ""+67600"", ""sel_1th_pre_req_pre"": ""0"", ""sel_fpr_req"": ""26"", ""sel_fpr_bid"": ""+67500"", ""buy_fpr_bid"": ""+67400"", ""buy_fpr_req"": ""27"", ""buy_1th_pre_req_pre"": ""0"", ""buy_2th_pre_bid"": ""+67300"", ""buy_2th_pre_req"": ""512"", ""buy_2th_pre_req_pre"": ""0"", ""buy_3th_pre_bid"": ""+67200"", ""buy_3th_pre_req"": ""122"", ""buy_3th_pre_req_pre"": ""0"", ""buy_4th_pre_bid"": ""+67100"", ""buy_4th_pre_req"": ""25"", ""buy_4th_pre_req_pre"": ""0"", ""buy_5th_pre_bid"": ""+67000"", ""buy_5th_pre_req"": ""459"", ""buy_5th_pre_req_pre"": ""0"", ""buy_6th_pre_bid"": ""+66900"", ""buy_6th_pre_req"": ""102"", ""buy_6th_pre_req_pre"": ""0"", ""buy_7th_pre_bid"": ""+66800"", ""buy_7th_pre_req"": ""25"", ""buy_7th_pre_req_pre"": ""0"", ""buy_8th_pre_bid"": ""+66700"", ""buy_8th_pre_req"": ""9"", ""buy_8th_pre_req_pre"": ""0"", ""buy_9th_pre_bid"": ""+66600"", ""buy_9th_pre_req"": ""89"", ""buy_9th_pre_req_pre"": ""0"", ""buy_10th_pre_bid"": ""+66500"", ""buy_10th_pre_req"": ""338"", ""buy_10th_pre_req_pre"": ""0"", ""tot_sel_req_jub_pre"": ""0"", ""tot_sel_req"": ""251"", ""tot_buy_req"": ""1708"", ""tot_buy_req_jub_pre"": ""0"", ""ovt_sel_req_pre"": ""0"", ""ovt_sel_req"": ""0"", ""ovt_buy_req"": ""0"", ""ovt_buy_req_pre"": ""0"", ""return_code"": 0, ""return_msg"": ""정상적으로 처리되었습니다""}"
2026-06-10,watchlist,489790,,0,filtered_candidate_recheck,68800,,68800,68700,68800,69100,0.29069767441860467,0.14534883720930233,,,,,,"{""bid_req_base_tm"": ""105303"", ""sel_10th_pre_req_pre"": ""0"", ""sel_10th_pre_req"": ""211"", ""sel_10th_pre_bid"": ""+70100"", ""sel_9th_pre_req_pre"": ""0"", ""sel_9th_pre_req"": ""376"", ""sel_9th_pre_bid"": ""+70000"", ""sel_8th_pre_req_pre"": ""0"", ""sel_8th_pre_req"": ""360"", ""sel_8th_pre_bid"": ""+69900"", ""sel_7th_pre_req_pre"": ""0"", ""sel_7th_pre_req"": ""2"", ""sel_7th_pre_bid"": ""+69800"", ""sel_6th_pre_req_pre"": ""0"", ""sel_6th_pre_req"": ""1"", ""sel_6th_pre_bid"": ""+69600"", ""sel_5th_pre_req_pre"": ""0"", ""sel_5th_pre_req"": ""150"", ""sel_5th_pre_bid"": ""+69500"", ""sel_4th_pre_req_pre"": ""0"", ""sel_4th_pre_req"": ""42"", ""sel_4th_pre_bid"": ""+69100"", ""sel_3th_pre_req_pre"": ""0"", ""sel_3th_pre_req"": ""2"", ""sel_3th_pre_bid"": ""+69000"", ""sel_2th_pre_req_pre"": ""0"", ""sel_2th_pre_req"": ""21"", ""sel_2th_pre_bid"": ""+68900"", ""sel_1th_pre_req_pre"": ""0"", ""sel_fpr_req"": ""31"", ""sel_fpr_bid"": ""+68800"", ""buy_fpr_bid"": ""+68700"", ""buy_fpr_req"": ""152"", ""buy_1th_pre_req_pre"": ""+2"", ""buy_2th_pre_bid"": ""+68600"", ""buy_2th_pre_req"": ""4"", ""buy_2th_pre_req_pre"": ""+1"", ""buy_3th_pre_bid"": ""+68500"", ""buy_3th_pre_req"": ""156"", ""buy_3th_pre_req_pre"": ""0"", ""buy_4th_pre_bid"": ""+68400"", ""buy_4th_pre_req"": ""128"", ""buy_4th_pre_req_pre"": ""0"", ""buy_5th_pre_bid"": ""+68300"", ""buy_5th_pre_req"": ""682"", ""buy_5th_pre_req_pre"": ""0"", ""buy_6th_pre_bid"": ""+68200"", ""buy_6th_pre_req"": ""144"", ""buy_6th_pre_req_pre"": ""0"", ""buy_7th_pre_bid"": ""+68100"", ""buy_7th_pre_req"": ""91"", ""buy_7th_pre_req_pre"": ""0"", ""buy_8th_pre_bid"": ""+68000"", ""buy_8th_pre_req"": ""233"", ""buy_8th_pre_req_pre"": ""0"", ""buy_9th_pre_bid"": ""+67900"", ""buy_9th_pre_req"": ""71"", ""buy_9th_pre_req_pre"": ""0"", ""buy_10th_pre_bid"": ""+67800"", ""buy_10th_pre_req"": ""50"", ""buy_10th_pre_req_pre"": ""0"", ""tot_sel_req_jub_pre"": ""0"", ""tot_sel_req"": ""1196"", ""tot_buy_req"": ""1711"", ""tot_buy_req_jub_pre"": ""+3"", ""ovt_sel_req_pre"": ""0"", ""ovt_sel_req"": ""0"", ""ovt_buy_req"": ""0"", ""ovt_buy_req_pre"": ""0"", ""return_code"": 0, ""return_msg"": ""정상적으로 처리되었습니다""}"
2026-06-10,watchlist,092200,,0,filtered_candidate_recheck,9650,,9650,9640,9650,9670,0.10362694300518134,0.10362694300518134,,,,,,"{""bid_req_base_tm"": ""105303"", ""sel_10th_pre_req_pre"": ""0"", ""sel_10th_pre_req"": ""330"", ""sel_10th_pre_bid"": ""-9820"", ""sel_9th_pre_req_pre"": ""0"", ""sel_9th_pre_req"": ""264"", ""sel_9th_pre_bid"": ""-9810"", ""sel_8th_pre_req_pre"": ""0"", ""sel_8th_pre_req"": ""13628"", ""sel_8th_pre_bid"": ""-9800"", ""sel_7th_pre_req_pre"": ""0"", ""sel_7th_pre_req"": ""1989"", ""sel_7th_pre_bid"": ""-9790"", ""sel_6th_pre_req_pre"": ""0"", ""sel_6th_pre_req"": ""68"", ""sel_6th_pre_bid"": ""-9780"", ""sel_5th_pre_req_pre"": ""0"", ""sel_5th_pre_req"": ""115"", ""sel_5th_pre_bid"": ""-9730"", ""sel_4th_pre_req_pre"": ""0"", ""sel_4th_pre_req"": ""263"", ""sel_4th_pre_bid"": ""-9720"", ""sel_3th_pre_req_pre"": ""0"", ""sel_3th_pre_req"": ""745"", ""sel_3th_pre_bid"": ""-9700"", ""sel_2th_pre_req_pre"": ""0"", ""sel_2th_pre_req"": ""837"", ""sel_2th_pre_bid"": ""-9660"", ""sel_1th_pre_req_pre"": ""0"", ""sel_fpr_req"": ""627"", ""sel_fpr_bid"": ""-9650"", ""buy_fpr_bid"": ""-9640"", ""buy_fpr_req"": ""3985"", ""buy_1th_pre_req_pre"": ""0"", ""buy_2th_pre_bid"": ""-9630"", ""buy_2th_pre_req"": ""1745"", ""buy_2th_pre_req_pre"": ""0"", ""buy_3th_pre_bid"": ""-9620"", ""buy_3th_pre_req"": ""1153"", ""buy_3th_pre_req_pre"": ""0"", ""buy_4th_pre_bid"": ""-9610"", ""buy_4th_pre_req"": ""989"", ""buy_4th_pre_req_pre"": ""0"", ""buy_5th_pre_bid"": ""-9600"", ""buy_5th_pre_req"": ""3866"", ""buy_5th_pre_req_pre"": ""0"", ""buy_6th_pre_bid"": ""-9590"", ""buy_6th_pre_req"": ""1328"", ""buy_6th_pre_req_pre"": ""0"", ""buy_7th_pre_bid"": ""-9580"", ""buy_7th_pre_req"": ""461"", ""buy_7th_pre_req_pre"": ""0"", ""buy_8th_pre_bid"": ""-9570"", ""buy_8th_pre_req"": ""800"", ""buy_8th_pre_req_pre"": ""0"", ""buy_9th_pre_bid"": ""-9560"", ""buy_9th_pre_req"": ""389"", ""buy_9th_pre_req_pre"": ""0"", ""buy_10th_pre_bid"": ""-9550"", ""buy_10th_pre_req"": ""676"", ""buy_10th_pre_req_pre"": ""0"", ""tot_sel_req_jub_pre"": ""--478"", ""tot_sel_req"": ""18866"", ""tot_buy_req"": ""15392"", ""tot_buy_req_jub_pre"": ""+303"", ""ovt_sel_req_pre"": ""0"", ""ovt_sel_req"": ""0"", ""ovt_buy_req"": ""0"", ""ovt_buy_req_pre"": ""0"", ""return_code"": 0, ""return_msg"": ""정상적으로 처리되었습니다""}"
2026-06-10,watchlist,175330,,0,filtered_candidate_recheck,25600,,25600,25550,25600,25550,-0.390625,0.1953125,,,,,,"{""bid_req_base_tm"": ""105301"", ""sel_10th_pre_req_pre"": ""0"", ""sel_10th_pre_req"": ""601"", ""sel_10th_pre_bid"": ""+26050"", ""sel_9th_pre_req_pre"": ""0"", ""sel_9th_pre_req"": ""113"", ""sel_9th_pre_bid"": ""+26000"", ""sel_8th_pre_req_pre"": ""0"", ""sel_8th_pre_req"": ""142"", ""sel_8th_pre_bid"": ""+25950"", ""sel_7th_pre_req_pre"": ""0"", ""sel_7th_pre_req"": ""532"", ""sel_7th_pre_bid"": ""25900"", ""sel_6th_pre_req_pre"": ""0"", ""sel_6th_pre_req"": ""454"", ""sel_6th_pre_bid"": ""-25850"", ""sel_5th_pre_req_pre"": ""0"", ""sel_5th_pre_req"": ""208"", ""sel_5th_pre_bid"": ""-25800"", ""sel_4th_pre_req_pre"": ""0"", ""sel_4th_pre_req"": ""208"", ""sel_4th_pre_bid"": ""-25750"", ""sel_3th_pre_req_pre"": ""0"", ""sel_3th_pre_req"": ""127"", ""sel_3th_pre_bid"": ""-25700"", ""sel_2th_pre_req_pre"": ""0"", ""sel_2th_pre_req"": ""502"", ""sel_2th_pre_bid"": ""-25650"", ""sel_1th_pre_req_pre"": ""0"", ""sel_fpr_req"": ""3574"", ""sel_fpr_bid"": ""-25600"", ""buy_fpr_bid"": ""-25550"", ""buy_fpr_req"": ""1793"", ""buy_1th_pre_req_pre"": ""+3"", ""buy_2th_pre_bid"": ""-25500"", ""buy_2th_pre_req"": ""803"", ""buy_2th_pre_req_pre"": ""0"", ""buy_3th_pre_bid"": ""-25450"", ""buy_3th_pre_req"": ""551"", ""buy_3th_pre_req_pre"": ""0"", ""buy_4th_pre_bid"": ""-25400"", ""buy_4th_pre_req"": ""997"", ""buy_4th_pre_req_pre"": ""0"", ""buy_5th_pre_bid"": ""-25350"", ""buy_5th_pre_req"": ""281"", ""buy_5th_pre_req_pre"": ""0"", ""buy_6th_pre_bid"": ""-25300"", ""buy_6th_pre_req"": ""389"", ""buy_6th_pre_req_pre"": ""0"", ""buy_7th_pre_bid"": ""-25250"", ""buy_7th_pre_req"": ""473"", ""buy_7th_pre_req_pre"": ""0"", ""buy_8th_pre_bid"": ""-25200"", ""buy_8th_pre_req"": ""214"", ""buy_8th_pre_req_pre"": ""0"", ""buy_9th_pre_bid"": ""-25150"", ""buy_9th_pre_req"": ""768"", ""buy_9th_pre_req_pre"": ""0"", ""buy_10th_pre_bid"": ""-25100"", ""buy_10th_pre_req"": ""475"", ""buy_10th_pre_req_pre"": ""0"", ""tot_sel_req_jub_pre"": ""0"", ""tot_sel_req"": ""6461"", ""tot_buy_req"": ""6744"", ""tot_buy_req_jub_pre"": ""+3"", ""ovt_sel_req_pre"": ""0"", ""ovt_sel_req"": ""0"", ""ovt_buy_req"": ""0"", ""ovt_buy_req_pre"": ""0"", ""return_code"": 0, ""return_msg"": ""정상적으로 처리되었습니다""}"
2026-06-10,watchlist,069960,,0,filtered_candidate_recheck,175100,,175100,175000,175100,175500,-0.05711022272986865,0.05711022272986865,,,,,,"{""bid_req_base_tm"": ""105303"", ""sel_10th_pre_req_pre"": ""0"", ""sel_10th_pre_req"": ""15"", ""sel_10th_pre_bid"": ""+176500"", ""sel_9th_pre_req_pre"": ""0"", ""sel_9th_pre_req"": ""10"", ""sel_9th_pre_bid"": ""+176300"", ""sel_8th_pre_req_pre"": ""0"", ""sel_8th_pre_req"": ""1"", ""sel_8th_pre_bid"": ""+176200"", ""sel_7th_pre_req_pre"": ""0"", ""sel_7th_pre_req"": ""1"", ""sel_7th_pre_bid"": ""+176100"", ""sel_6th_pre_req_pre"": ""0"", ""sel_6th_pre_req"": ""24"", ""sel_6th_pre_bid"": ""+176000"", ""sel_5th_pre_req_pre"": ""0"", ""sel_5th_pre_req"": ""1"", ""sel_5th_pre_bid"": ""+175800"", ""sel_4th_pre_req_pre"": ""0"", ""sel_4th_pre_req"": ""8"", ""sel_4th_pre_bid"": ""+175500"", ""sel_3th_pre_req_pre"": ""0"", ""sel_3th_pre_req"": ""2"", ""sel_3th_pre_bid"": ""+175400"", ""sel_2th_pre_req_pre"": ""0"", ""sel_2th_pre_req"": ""3"", ""sel_2th_pre_bid"": ""+175200"", ""sel_1th_pre_req_pre"": ""+16"", ""sel_fpr_req"": ""34"", ""sel_fpr_bid"": ""+175100"", ""buy_fpr_bid"": ""+175000"", ""buy_fpr_req"": ""110"", ""buy_1th_pre_req_pre"": ""--1"", ""buy_2th_pre_bid"": ""+174900"", ""buy_2th_pre_req"": ""5"", ""buy_2th_pre_req_pre"": ""0"", ""buy_3th_pre_bid"": ""+174700"", ""buy_3th_pre_req"": ""4"", ""buy_3th_pre_req_pre"": ""0"", ""buy_4th_pre_bid"": ""+174500"", ""buy_4th_pre_req"": ""1469"", ""buy_4th_pre_req_pre"": ""0"", ""buy_5th_pre_bid"": ""+174400"", ""buy_5th_pre_req"": ""10"", ""buy_5th_pre_req_pre"": ""0"", ""buy_6th_pre_bid"": ""+174300"", ""buy_6th_pre_req"": ""7"", ""buy_6th_pre_req_pre"": ""0"", ""buy_7th_pre_bid"": ""+174000"", ""buy_7th_pre_req"": ""107"", ""buy_7th_pre_req_pre"": ""0"", ""buy_8th_pre_bid"": ""+173700"", ""buy_8th_pre_req"": ""2"", ""buy_8th_pre_req_pre"": ""0"", ""buy_9th_pre_bid"": ""+173500"", ""buy_9th_pre_req"": ""10"", ""buy_9th_pre_req_pre"": ""0"", ""buy_10th_pre_bid"": ""+173300"", ""buy_10th_pre_req"": ""38"", ""buy_10th_pre_req_pre"": ""0"", ""tot_sel_req_jub_pre"": ""+16"", ""tot_sel_req"": ""99"", ""tot_buy_req"": ""1762"", ""tot_buy_req_jub_pre"": ""--1"", ""ovt_sel_req_pre"": ""0"", ""ovt_sel_req"": ""0"", ""ovt_buy_req"": ""0"", ""ovt_buy_req_pre"": ""0"", ""return_code"": 0, ""return_msg"": ""정상적으로 처리되었습니다""}"
2026-06-10,watchlist,001450,,0,filtered_candidate_recheck,37700,,37700,37650,37700,37800,0.1326259946949602,0.1326259946949602,,,,,,"{""bid_req_base_tm"": ""105303"", ""sel_10th_pre_req_pre"": ""0"", ""sel_10th_pre_req"": ""74"", ""sel_10th_pre_bid"": ""+38200"", ""sel_9th_pre_req_pre"": ""0"", ""sel_9th_pre_req"": ""36"", ""sel_9th_pre_bid"": ""+38150"", ""sel_8th_pre_req_pre"": ""0"", ""sel_8th_pre_req"": ""534"", ""sel_8th_pre_bid"": ""+38100"", ""sel_7th_pre_req_pre"": ""0"", ""sel_7th_pre_req"": ""283"", ""sel_7th_pre_bid"": ""+38050"", ""sel_6th_pre_req_pre"": ""0"", ""sel_6th_pre_req"": ""507"", ""sel_6th_pre_bid"": ""+38000"", ""sel_5th_pre_req_pre"": ""0"", ""sel_5th_pre_req"": ""137"", ""sel_5th_pre_bid"": ""+37950"", ""sel_4th_pre_req_pre"": ""0"", ""sel_4th_pre_req"": ""30"", ""sel_4th_pre_bid"": ""+37850"", ""sel_3th_pre_req_pre"": ""0"", ""sel_3th_pre_req"": ""12"", ""sel_3th_pre_bid"": ""+37800"", ""sel_2th_pre_req_pre"": ""0"", ""sel_2th_pre_req"": ""4"", ""sel_2th_pre_bid"": ""+37750"", ""sel_1th_pre_req_pre"": ""+1"", ""sel_fpr_req"": ""610"", ""sel_fpr_bid"": ""+37700"", ""buy_fpr_bid"": ""+37650"", ""buy_fpr_req"": ""690"", ""buy_1th_pre_req_pre"": ""0"", ""buy_2th_pre_bid"": ""+37600"", ""buy_2th_pre_req"": ""115"", ""buy_2th_pre_req_pre"": ""0"", ""buy_3th_pre_bid"": ""+37550"", ""buy_3th_pre_req"": ""740"", ""buy_3th_pre_req_pre"": ""0"", ""buy_4th_pre_bid"": ""+37500"", ""buy_4th_pre_req"": ""394"", ""buy_4th_pre_req_pre"": ""0"", ""buy_5th_pre_bid"": ""+37450"", ""buy_5th_pre_req"": ""511"", ""buy_5th_pre_req_pre"": ""0"", ""buy_6th_pre_bid"": ""+37400"", ""buy_6th_pre_req"": ""226"", ""buy_6th_pre_req_pre"": ""0"", ""buy_7th_pre_bid"": ""+37350"", ""buy_7th_pre_req"": ""194"", ""buy_7th_pre_req_pre"": ""0"", ""buy_8th_pre_bid"": ""+37300"", ""buy_8th_pre_req"": ""360"", ""buy_8th_pre_req_pre"": ""0"", ""buy_9th_pre_bid"": ""+37250"", ""buy_9th_pre_req"": ""73"", ""buy_9th_pre_req_pre"": ""0"", ""buy_10th_pre_bid"": ""+37200"", ""buy_10th_pre_req"": ""488"", ""buy_10th_pre_req_pre"": ""0"", ""tot_sel_req_jub_pre"": ""+1"", ""tot_sel_req"": ""2227"", ""tot_buy_req"": ""3791"", ""tot_buy_req_jub_pre"": ""0"", ""ovt_sel_req_pre"": ""0"", ""ovt_sel_req"": ""0"", ""ovt_buy_req"": ""0"", ""ovt_buy_req_pre"": ""0"", ""return_code"": 0, ""return_msg"": ""정상적으로 처리되었습니다""}"
2026-06-10,watchlist,011070,,0,filtered_candidate_recheck,1112000,,1112000,1111000,1112000,1112000,-0.08992805755395684,0.08992805755395684,,,,,,"{""bid_req_base_tm"": ""105304"", ""sel_10th_pre_req_pre"": ""0"", ""sel_10th_pre_req"": ""6"", ""sel_10th_pre_bid"": ""-1121000"", ""sel_9th_pre_req_pre"": ""0"", ""sel_9th_pre_req"": ""165"", ""sel_9th_pre_bid"": ""-1120000"", ""sel_8th_pre_req_pre"": ""0"", ""sel_8th_pre_req"": ""44"", ""sel_8th_pre_bid"": ""-1119000"", ""sel_7th_pre_req_pre"": ""0"", ""sel_7th_pre_req"": ""10"", ""sel_7th_pre_bid"": ""-1118000"", ""sel_6th_pre_req_pre"": ""0"", ""sel_6th_pre_req"": ""101"", ""sel_6th_pre_bid"": ""-1117000"", ""sel_5th_pre_req_pre"": ""0"", ""sel_5th_pre_req"": ""36"", ""sel_5th_pre_bid"": ""-1116000"", ""sel_4th_pre_req_pre"": ""0"", ""sel_4th_pre_req"": ""13"", ""sel_4th_pre_bid"": ""-1115000"", ""sel_3th_pre_req_pre"": ""0"", ""sel_3th_pre_req"": ""102"", ""sel_3th_pre_bid"": ""-1114000"", ""sel_2th_pre_req_pre"": ""+20"", ""sel_2th_pre_req"": ""94"", ""sel_2th_pre_bid"": ""-1113000"", ""sel_1th_pre_req_pre"": ""0"", ""sel_fpr_req"": ""20"", ""sel_fpr_bid"": ""-1112000"", ""buy_fpr_bid"": ""-1111000"", ""buy_fpr_req"": ""25"", ""buy_1th_pre_req_pre"": ""0"", ""buy_2th_pre_bid"": ""-1110000"", ""buy_2th_pre_req"": ""115"", ""buy_2th_pre_req_pre"": ""0"", ""buy_3th_pre_bid"": ""-1109000"", ""buy_3th_pre_req"": ""51"", ""buy_3th_pre_req_pre"": ""0"", ""buy_4th_pre_bid"": ""-1108000"", ""buy_4th_pre_req"": ""325"", ""buy_4th_pre_req_pre"": ""0"", ""buy_5th_pre_bid"": ""-1107000"", ""buy_5th_pre_req"": ""10"", ""buy_5th_pre_req_pre"": ""0"", ""buy_6th_pre_bid"": ""-1106000"", ""buy_6th_pre_req"": ""11"", ""buy_6th_pre_req_pre"": ""0"", ""buy_7th_pre_bid"": ""-1105000"", ""buy_7th_pre_req"": ""13"", ""buy_7th_pre_req_pre"": ""0"", ""buy_8th_pre_bid"": ""-1104000"", ""buy_8th_pre_req"": ""13"", ""buy_8th_pre_req_pre"": ""0"", ""buy_9th_pre_bid"": ""-1103000"", ""buy_9th_pre_req"": ""58"", ""buy_9th_pre_req_pre"": ""0"", ""buy_10th_pre_bid"": ""-1102000"", ""buy_10th_pre_req"": ""299"", ""buy_10th_pre_req_pre"": ""0"", ""tot_sel_req_jub_pre"": ""+20"", ""tot_sel_req"": ""591"", ""tot_buy_req"": ""920"", ""tot_buy_req_jub_pre"": ""0"", ""ovt_sel_req_pre"": ""0"", ""ovt_sel_req"": ""0"", ""ovt_buy_req"": ""0"", ""ovt_buy_req_pre"": ""0"", ""return_code"": 0, ""return_msg"": ""정상적으로 처리되었습니다""}"
2026-06-10,watchlist,088350,,0,filtered_candidate_recheck,4855,,4855,4850,4855,4865,0.10298661174047373,0.10298661174047373,,,,,,"{""bid_req_base_tm"": ""105304"", ""sel_10th_pre_req_pre"": ""0"", ""sel_10th_pre_req"": ""893"", ""sel_10th_pre_bid"": ""-4900"", ""sel_9th_pre_req_pre"": ""0"", ""sel_9th_pre_req"": ""31"", ""sel_9th_pre_bid"": ""-4895"", ""sel_8th_pre_req_pre"": ""0"", ""sel_8th_pre_req"": ""203"", ""sel_8th_pre_bid"": ""-4890"", ""sel_7th_pre_req_pre"": ""0"", ""sel_7th_pre_req"": ""1264"", ""sel_7th_pre_bid"": ""-4885"", ""sel_6th_pre_req_pre"": ""0"", ""sel_6th_pre_req"": ""244"", ""sel_6th_pre_bid"": ""-4880"", ""sel_5th_pre_req_pre"": ""0"", ""sel_5th_pre_req"": ""743"", ""sel_5th_pre_bid"": ""-4875"", ""sel_4th_pre_req_pre"": ""0"", ""sel_4th_pre_req"": ""8"", ""sel_4th_pre_bid"": ""-4870"", ""sel_3th_pre_req_pre"": ""0"", ""sel_3th_pre_req"": ""9757"", ""sel_3th_pre_bid"": ""-4865"", ""sel_2th_pre_req_pre"": ""0"", ""sel_2th_pre_req"": ""22"", ""sel_2th_pre_bid"": ""-4860"", ""sel_1th_pre_req_pre"": ""0"", ""sel_fpr_req"": ""588"", ""sel_fpr_bid"": ""-4855"", ""buy_fpr_bid"": ""-4850"", ""buy_fpr_req"": ""6265"", ""buy_1th_pre_req_pre"": ""0"", ""buy_2th_pre_bid"": ""-4845"", ""buy_2th_pre_req"": ""1250"", ""buy_2th_pre_req_pre"": ""0"", ""buy_3th_pre_bid"": ""-4840"", ""buy_3th_pre_req"": ""2463"", ""buy_3th_pre_req_pre"": ""0"", ""buy_4th_pre_bid"": ""-4835"", ""buy_4th_pre_req"": ""4686"", ""buy_4th_pre_req_pre"": ""0"", ""buy_5th_pre_bid"": ""-4830"", ""buy_5th_pre_req"": ""6646"", ""buy_5th_pre_req_pre"": ""0"", ""buy_6th_pre_bid"": ""-4825"", ""buy_6th_pre_req"": ""9983"", ""buy_6th_pre_req_pre"": ""0"", ""buy_7th_pre_bid"": ""-4820"", ""buy_7th_pre_req"": ""16517"", ""buy_7th_pre_req_pre"": ""0"", ""buy_8th_pre_bid"": ""-4815"", ""buy_8th_pre_req"": ""21985"", ""buy_8th_pre_req_pre"": ""0"", ""buy_9th_pre_bid"": ""-4810"", ""buy_9th_pre_req"": ""5648"", ""buy_9th_pre_req_pre"": ""+5"", ""buy_10th_pre_bid"": ""-4805"", ""buy_10th_pre_req"": ""3804"", ""buy_10th_pre_req_pre"": ""0"", ""tot_sel_req_jub_pre"": ""0"", ""tot_sel_req"": ""13753"", ""tot_buy_req"": ""79247"", ""tot_buy_req_jub_pre"": ""+5"", ""ovt_sel_req_pre"": ""0"", ""ovt_sel_req"": ""0"", ""ovt_buy_req"": ""0"", ""ovt_buy_req_pre"": ""0"", ""return_code"": 0, ""return_msg"": ""정상적으로 처리되었습니다""}"
2026-06-10,scan_candidate,005930,,0,main_scan,307000,,307000,306500,307000,308500,0.32573289902280134,0.16286644951140067,,,,,,"{""bid_req_base_tm"": ""105452"", ""sel_10th_pre_req_pre"": ""0"", ""sel_10th_pre_req"": ""12506"", ""sel_10th_pre_bid"": ""-311500"", ""sel_9th_pre_req_pre"": ""0"", ""sel_9th_pre_req"": ""9477"", ""sel_9th_pre_bid"": ""-311000"", ""sel_8th_pre_req_pre"": ""0"", ""sel_8th_pre_req"": ""24450"", ""sel_8th_pre_bid"": ""-310500"", ""sel_7th_pre_req_pre"": ""0"", ""sel_7th_pre_req"": ""30000"", ""sel_7th_pre_bid"": ""-310000"", ""sel_6th_pre_req_pre"": ""0"", ""sel_6th_pre_req"": ""17629"", ""sel_6th_pre_bid"": ""-309500"", ""sel_5th_pre_req_pre"": ""0"", ""sel_5th_pre_req"": ""9316"", ""sel_5th_pre_bid"": ""-309000"", ""sel_4th_pre_req_pre"": ""0"", ""sel_4th_pre_req"": ""12846"", ""sel_4th_pre_bid"": ""-308500"", ""sel_3th_pre_req_pre"": ""0"", ""sel_3th_pre_req"": ""15805"", ""sel_3th_pre_bid"": ""-308000"", ""sel_2th_pre_req_pre"": ""0"", ""sel_2th_pre_req"": ""19096"", ""sel_2th_pre_bid"": ""-307500"", ""sel_1th_pre_req_pre"": ""0"", ""sel_fpr_req"": ""3463"", ""sel_fpr_bid"": ""-307000"", ""buy_fpr_bid"": ""-306500"", ""buy_fpr_req"": ""42418"", ""buy_1th_pre_req_pre"": ""--3"", ""buy_2th_pre_bid"": ""-306000"", ""buy_2th_pre_req"": ""117932"", ""buy_2th_pre_req_pre"": ""--20"", ""buy_3th_pre_bid"": ""-305500"", ""buy_3th_pre_req"": ""108173"", ""buy_3th_pre_req_pre"": ""0"", ""buy_4th_pre_bid"": ""-305000"", ""buy_4th_pre_req"": ""230361"", ""buy_4th_pre_req_pre"": ""0"", ""buy_5th_pre_bid"": ""-304500"", ""buy_5th_pre_req"": ""32211"", ""buy_5th_pre_req_pre"": ""--6"", ""buy_6th_pre_bid"": ""-304000"", ""buy_6th_pre_req"": ""48389"", ""buy_6th_pre_req_pre"": ""0"", ""buy_7th_pre_bid"": ""-303500"", ""buy_7th_pre_req"": ""45942"", ""buy_7th_pre_req_pre"": ""0"", ""buy_8th_pre_bid"": ""-303000"", ""buy_8th_pre_req"": ""81029"", ""buy_8th_pre_req_pre"": ""0"", ""buy_9th_pre_bid"": ""-302500"", ""buy_9th_pre_req"": ""48662"", ""buy_9th_pre_req_pre"": ""0"", ""buy_10th_pre_bid"": ""-302000"", ""buy_10th_pre_req"": ""59669"", ""buy_10th_pre_req_pre"": ""0"", ""tot_sel_req_jub_pre"": ""0"", ""tot_sel_req"": ""154588"", ""tot_buy_req"": ""814786"", ""tot_buy_req_jub_pre"": ""--29"", ""ovt_sel_req_pre"": ""0"", ""ovt_sel_req"": ""0"", ""ovt_buy_req"": ""0"", ""ovt_buy_req_pre"": ""0"", ""return_code"": 0, ""return_msg"": ""정상적으로 처리되었습니다""}"
2026-06-10,scan_candidate,000660,,0,main_scan,2117000,,2117000,2116000,2117000,2119000,0.04723665564478035,0.04723665564478035,,,,,,"{""bid_req_base_tm"": ""105452"", ""sel_10th_pre_req_pre"": ""0"", ""sel_10th_pre_req"": ""133"", ""sel_10th_pre_bid"": ""-2126000"", ""sel_9th_pre_req_pre"": ""0"", ""sel_9th_pre_req"": ""161"", ""sel_9th_pre_bid"": ""-2125000"", ""sel_8th_pre_req_pre"": ""0"", ""sel_8th_pre_req"": ""113"", ""sel_8th_pre_bid"": ""-2124000"", ""sel_7th_pre_req_pre"": ""0"", ""sel_7th_pre_req"": ""111"", ""sel_7th_pre_bid"": ""-2123000"", ""sel_6th_pre_req_pre"": ""0"", ""sel_6th_pre_req"": ""123"", ""sel_6th_pre_bid"": ""-2122000"", ""sel_5th_pre_req_pre"": ""0"", ""sel_5th_pre_req"": ""438"", ""sel_5th_pre_bid"": ""-2121000"", ""sel_4th_pre_req_pre"": ""0"", ""sel_4th_pre_req"": ""314"", ""sel_4th_pre_bid"": ""-2120000"", ""sel_3th_pre_req_pre"": ""0"", ""sel_3th_pre_req"": ""262"", ""sel_3th_pre_bid"": ""-2119000"", ""sel_2th_pre_req_pre"": ""0"", ""sel_2th_pre_req"": ""3788"", ""sel_2th_pre_bid"": ""-2118000"", ""sel_1th_pre_req_pre"": ""--4"", ""sel_fpr_req"": ""371"", ""sel_fpr_bid"": ""-2117000"", ""buy_fpr_bid"": ""-2116000"", ""buy_fpr_req"": ""708"", ""buy_1th_pre_req_pre"": ""+6"", ""buy_2th_pre_bid"": ""-2115000"", ""buy_2th_pre_req"": ""1656"", ""buy_2th_pre_req_pre"": ""0"", ""buy_3th_pre_bid"": ""-2114000"", ""buy_3th_pre_req"": ""955"", ""buy_3th_pre_req_pre"": ""0"", ""buy_4th_pre_bid"": ""-2113000"", ""buy_4th_pre_req"": ""1462"", ""buy_4th_pre_req_pre"": ""0"", ""buy_5th_pre_bid"": ""-2112000"", ""buy_5th_pre_req"": ""1238"", ""buy_5th_pre_req_pre"": ""0"", ""buy_6th_pre_bid"": ""-2111000"", ""buy_6th_pre_req"": ""1957"", ""buy_6th_pre_req_pre"": ""0"", ""buy_7th_pre_bid"": ""-2110000"", ""buy_7th_pre_req"": ""4772"", ""buy_7th_pre_req_pre"": ""+1"", ""buy_8th_pre_bid"": ""-2109000"", ""buy_8th_pre_req"": ""747"", ""buy_8th_pre_req_pre"": ""0"", ""buy_9th_pre_bid"": ""-2108000"", ""buy_9th_pre_req"": ""627"", ""buy_9th_pre_req_pre"": ""0"", ""buy_10th_pre_bid"": ""-2107000"", ""buy_10th_pre_req"": ""522"", ""buy_10th_pre_req_pre"": ""0"", ""tot_sel_req_jub_pre"": ""--4"", ""tot_sel_req"": ""5814"", ""tot_buy_req"": ""14644"", ""tot_buy_req_jub_pre"": ""+7"", ""ovt_sel_req_pre"": ""0"", ""ovt_sel_req"": ""0"", ""ovt_buy_req"": ""0"", ""ovt_buy_req_pre"": ""0"", ""return_code"": 0, ""return_msg"": ""정상적으로 처리되었습니다""}"
2026-06-10,scan_candidate,402340,,0,main_scan,1216000,,1216000,1215000,1216000,1215000,-0.1644736842105263,0.08223684210526315,,,,,,"{""bid_req_base_tm"": ""105452"", ""sel_10th_pre_req_pre"": ""0"", ""sel_10th_pre_req"": ""101"", ""sel_10th_pre_bid"": ""-1225000"", ""sel_9th_pre_req_pre"": ""0"", ""sel_9th_pre_req"": ""123"", ""sel_9th_pre_bid"": ""-1224000"", ""sel_8th_pre_req_pre"": ""0"", ""sel_8th_pre_req"": ""38"", ""sel_8th_pre_bid"": ""-1223000"", ""sel_7th_pre_req_pre"": ""0"", ""sel_7th_pre_req"": ""3"", ""sel_7th_pre_bid"": ""-1222000"", ""sel_6th_pre_req_pre"": ""0"", ""sel_6th_pre_req"": ""5"", ""sel_6th_pre_bid"": ""-1221000"", ""sel_5th_pre_req_pre"": ""0"", ""sel_5th_pre_req"": ""7"", ""sel_5th_pre_bid"": ""-1220000"", ""sel_4th_pre_req_pre"": ""0"", ""sel_4th_pre_req"": ""20"", ""sel_4th_pre_bid"": ""-1219000"", ""sel_3th_pre_req_pre"": ""0"", ""sel_3th_pre_req"": ""306"", ""sel_3th_pre_bid"": ""-1218000"", ""sel_2th_pre_req_pre"": ""0"", ""sel_2th_pre_req"": ""384"", ""sel_2th_pre_bid"": ""-1217000"", ""sel_1th_pre_req_pre"": ""0"", ""sel_fpr_req"": ""264"", ""sel_fpr_bid"": ""-1216000"", ""buy_fpr_bid"": ""-1215000"", ""buy_fpr_req"": ""169"", ""buy_1th_pre_req_pre"": ""0"", ""buy_2th_pre_bid"": ""-1214000"", ""buy_2th_pre_req"": ""152"", ""buy_2th_pre_req_pre"": ""0"", ""buy_3th_pre_bid"": ""-1213000"", ""buy_3th_pre_req"": ""141"", ""buy_3th_pre_req_pre"": ""+100"", ""buy_4th_pre_bid"": ""-1212000"", ""buy_4th_pre_req"": ""161"", ""buy_4th_pre_req_pre"": ""0"", ""buy_5th_pre_bid"": ""-1211000"", ""buy_5th_pre_req"": ""195"", ""buy_5th_pre_req_pre"": ""0"", ""buy_6th_pre_bid"": ""-1210000"", ""buy_6th_pre_req"": ""204"", ""buy_6th_pre_req_pre"": ""0"", ""buy_7th_pre_bid"": ""-1209000"", ""buy_7th_pre_req"": ""49"", ""buy_7th_pre_req_pre"": ""0"", ""buy_8th_pre_bid"": ""-1208000"", ""buy_8th_pre_req"": ""48"", ""buy_8th_pre_req_pre"": ""0"", ""buy_9th_pre_bid"": ""-1207000"", ""buy_9th_pre_req"": ""45"", ""buy_9th_pre_req_pre"": ""0"", ""buy_10th_pre_bid"": ""-1206000"", ""buy_10th_pre_req"": ""72"", ""buy_10th_pre_req_pre"": ""0"", ""tot_sel_req_jub_pre"": ""0"", ""tot_sel_req"": ""1251"", ""tot_buy_req"": ""1236"", ""tot_buy_req_jub_pre"": ""+100"", ""ovt_sel_req_pre"": ""0"", ""ovt_sel_req"": ""0"", ""ovt_buy_req"": ""0"", ""ovt_buy_req_pre"": ""0"", ""return_code"": 0, ""return_msg"": ""정상적으로 처리되었습니다""}"
2026-06-10,scan_candidate,009150,,0,main_scan,1892000,,1892000,1891000,1892000,1894000,0.052854122621564484,0.052854122621564484,,,,,,"{""bid_req_base_tm"": ""105452"", ""sel_10th_pre_req_pre"": ""0"", ""sel_10th_pre_req"": ""7"", ""sel_10th_pre_bid"": ""-1901000"", ""sel_9th_pre_req_pre"": ""0"", ""sel_9th_pre_req"": ""21"", ""sel_9th_pre_bid"": ""-1900000"", ""sel_8th_pre_req_pre"": ""0"", ""sel_8th_pre_req"": ""2"", ""sel_8th_pre_bid"": ""-1899000"", ""sel_7th_pre_req_pre"": ""0"", ""sel_7th_pre_req"": ""28"", ""sel_7th_pre_bid"": ""-1898000"", ""sel_6th_pre_req_pre"": ""0"", ""sel_6th_pre_req"": ""5"", ""sel_6th_pre_bid"": ""-1897000"", ""sel_5th_pre_req_pre"": ""0"", ""sel_5th_pre_req"": ""13"", ""sel_5th_pre_bid"": ""-1896000"", ""sel_4th_pre_req_pre"": ""0"", ""sel_4th_pre_req"": ""41"", ""sel_4th_pre_bid"": ""-1895000"", ""sel_3th_pre_req_pre"": ""0"", ""sel_3th_pre_req"": ""141"", ""sel_3th_pre_bid"": ""-1894000"", ""sel_2th_pre_req_pre"": ""0"", ""sel_2th_pre_req"": ""292"", ""sel_2th_pre_bid"": ""-1893000"", ""sel_1th_pre_req_pre"": ""0"", ""sel_fpr_req"": ""253"", ""sel_fpr_bid"": ""-1892000"", ""buy_fpr_bid"": ""-1891000"", ""buy_fpr_req"": ""145"", ""buy_1th_pre_req_pre"": ""+5"", ""buy_2th_pre_bid"": ""-1890000"", ""buy_2th_pre_req"": ""271"", ""buy_2th_pre_req_pre"": ""0"", ""buy_3th_pre_bid"": ""-1889000"", ""buy_3th_pre_req"": ""187"", ""buy_3th_pre_req_pre"": ""0"", ""buy_4th_pre_bid"": ""-1888000"", ""buy_4th_pre_req"": ""215"", ""buy_4th_pre_req_pre"": ""0"", ""buy_5th_pre_bid"": ""-1887000"", ""buy_5th_pre_req"": ""101"", ""buy_5th_pre_req_pre"": ""0"", ""buy_6th_pre_bid"": ""-1886000"", ""buy_6th_pre_req"": ""162"", ""buy_6th_pre_req_pre"": ""0"", ""buy_7th_pre_bid"": ""-1885000"", ""buy_7th_pre_req"": ""351"", ""buy_7th_pre_req_pre"": ""0"", ""buy_8th_pre_bid"": ""-1884000"", ""buy_8th_pre_req"": ""55"", ""buy_8th_pre_req_pre"": ""0"", ""buy_9th_pre_bid"": ""-1883000"", ""buy_9th_pre_req"": ""129"", ""buy_9th_pre_req_pre"": ""0"", ""buy_10th_pre_bid"": ""-1882000"", ""buy_10th_pre_req"": ""68"", ""buy_10th_pre_req_pre"": ""0"", ""tot_sel_req_jub_pre"": ""0"", ""tot_sel_req"": ""803"", ""tot_buy_req"": ""1684"", ""tot_buy_req_jub_pre"": ""+5"", ""ovt_sel_req_pre"": ""0"", ""ovt_sel_req"": ""0"", ""ovt_buy_req"": ""0"", ""ovt_buy_req_pre"": ""0"", ""return_code"": 0, ""return_msg"": ""정상적으로 처리되었습니다""}"
2026-06-10,scan_candidate,032830,,0,main_scan,372500,,372500,372000,372500,370500,-0.6711409395973155,0.1342281879194631,,,,,,"{""bid_req_base_tm"": ""105452"", ""sel_10th_pre_req_pre"": ""0"", ""sel_10th_pre_req"": ""19"", ""sel_10th_pre_bid"": ""-377500"", ""sel_9th_pre_req_pre"": ""0"", ""sel_9th_pre_req"": ""39"", ""sel_9th_pre_bid"": ""-377000"", ""sel_8th_pre_req_pre"": ""+1"", ""sel_8th_pre_req"": ""151"", ""sel_8th_pre_bid"": ""-376500"", ""sel_7th_pre_req_pre"": ""0"", ""sel_7th_pre_req"": ""26"", ""sel_7th_pre_bid"": ""-376000"", ""sel_6th_pre_req_pre"": ""0"", ""sel_6th_pre_req"": ""5"", ""sel_6th_pre_bid"": ""-375500"", ""sel_5th_pre_req_pre"": ""0"", ""sel_5th_pre_req"": ""11"", ""sel_5th_pre_bid"": ""-375000"", ""sel_4th_pre_req_pre"": ""0"", ""sel_4th_pre_req"": ""1"", ""sel_4th_pre_bid"": ""-374000"", ""sel_3th_pre_req_pre"": ""0"", ""sel_3th_pre_req"": ""433"", ""sel_3th_pre_bid"": ""-373500"", ""sel_2th_pre_req_pre"": ""0"", ""sel_2th_pre_req"": ""471"", ""sel_2th_pre_bid"": ""-373000"", ""sel_1th_pre_req_pre"": ""0"", ""sel_fpr_req"": ""829"", ""sel_fpr_bid"": ""-372500"", ""buy_fpr_bid"": ""-372000"", ""buy_fpr_req"": ""166"", ""buy_1th_pre_req_pre"": ""0"", ""buy_2th_pre_bid"": ""-371500"", ""buy_2th_pre_req"": ""71"", ""buy_2th_pre_req_pre"": ""0"", ""buy_3th_pre_bid"": ""-371000"", ""buy_3th_pre_req"": ""65"", ""buy_3th_pre_req_pre"": ""0"", ""buy_4th_pre_bid"": ""-370500"", ""buy_4th_pre_req"": ""139"", ""buy_4th_pre_req_pre"": ""0"", ""buy_5th_pre_bid"": ""-370000"", ""buy_5th_pre_req"": ""280"", ""buy_5th_pre_req_pre"": ""0"", ""buy_6th_pre_bid"": ""-369500"", ""buy_6th_pre_req"": ""148"", ""buy_6th_pre_req_pre"": ""0"", ""buy_7th_pre_bid"": ""-369000"", ""buy_7th_pre_req"": ""105"", ""buy_7th_pre_req_pre"": ""0"", ""buy_8th_pre_bid"": ""-368500"", ""buy_8th_pre_req"": ""152"", ""buy_8th_pre_req_pre"": ""0"", ""buy_9th_pre_bid"": ""-368000"", ""buy_9th_pre_req"": ""363"", ""buy_9th_pre_req_pre"": ""0"", ""buy_10th_pre_bid"": ""-367500"", ""buy_10th_pre_req"": ""238"", ""buy_10th_pre_req_pre"": ""0"", ""tot_sel_req_jub_pre"": ""+1"", ""tot_sel_req"": ""1985"", ""tot_buy_req"": ""1727"", ""tot_buy_req_jub_pre"": ""0"", ""ovt_sel_req_pre"": ""0"", ""ovt_sel_req"": ""0"", ""ovt_buy_req"": ""0"", ""ovt_buy_req_pre"": ""0"", ""return_code"": 0, ""return_msg"": ""정상적으로 처리되었습니다""}"
2026-06-10,scan_candidate,012330,,0,main_scan,578000,,578000,577000,578000,581000,0.34602076124567477,0.17301038062283738,,,,,,"{""bid_req_base_tm"": ""105453"", ""sel_10th_pre_req_pre"": ""0"", ""sel_10th_pre_req"": ""315"", ""sel_10th_pre_bid"": ""-587000"", ""sel_9th_pre_req_pre"": ""0"", ""sel_9th_pre_req"": ""264"", ""sel_9th_pre_bid"": ""-586000"", ""sel_8th_pre_req_pre"": ""0"", ""sel_8th_pre_req"": ""175"", ""sel_8th_pre_bid"": ""-585000"", ""sel_7th_pre_req_pre"": ""0"", ""sel_7th_pre_req"": ""125"", ""sel_7th_pre_bid"": ""-584000"", ""sel_6th_pre_req_pre"": ""0"", ""sel_6th_pre_req"": ""6"", ""sel_6th_pre_bid"": ""-583000"", ""sel_5th_pre_req_pre"": ""0"", ""sel_5th_pre_req"": ""64"", ""sel_5th_pre_bid"": ""-582000"", ""sel_4th_pre_req_pre"": ""0"", ""sel_4th_pre_req"": ""95"", ""sel_4th_pre_bid"": ""-581000"", ""sel_3th_pre_req_pre"": ""0"", ""sel_3th_pre_req"": ""80"", ""sel_3th_pre_bid"": ""-580000"", ""sel_2th_pre_req_pre"": ""0"", ""sel_2th_pre_req"": ""74"", ""sel_2th_pre_bid"": ""-579000"", ""sel_1th_pre_req_pre"": ""0"", ""sel_fpr_req"": ""269"", ""sel_fpr_bid"": ""-578000"", ""buy_fpr_bid"": ""-577000"", ""buy_fpr_req"": ""845"", ""buy_1th_pre_req_pre"": ""--301"", ""buy_2th_pre_bid"": ""-576000"", ""buy_2th_pre_req"": ""1132"", ""buy_2th_pre_req_pre"": ""+63"", ""buy_3th_pre_bid"": ""-575000"", ""buy_3th_pre_req"": ""2018"", ""buy_3th_pre_req_pre"": ""+18"", ""buy_4th_pre_bid"": ""-574000"", ""buy_4th_pre_req"": ""881"", ""buy_4th_pre_req_pre"": ""+199"", ""buy_5th_pre_bid"": ""-573000"", ""buy_5th_pre_req"": ""1054"", ""buy_5th_pre_req_pre"": ""0"", ""buy_6th_pre_bid"": ""-572000"", ""buy_6th_pre_req"": ""1533"", ""buy_6th_pre_req_pre"": ""0"", ""buy_7th_pre_bid"": ""-571000"", ""buy_7th_pre_req"": ""1854"", ""buy_7th_pre_req_pre"": ""0"", ""buy_8th_pre_bid"": ""-570000"", ""buy_8th_pre_req"": ""5076"", ""buy_8th_pre_req_pre"": ""0"", ""buy_9th_pre_bid"": ""-569000"", ""buy_9th_pre_req"": ""2628"", ""buy_9th_pre_req_pre"": ""0"", ""buy_10th_pre_bid"": ""-568000"", ""buy_10th_pre_req"": ""836"", ""buy_10th_pre_req_pre"": ""0"", ""tot_sel_req_jub_pre"": ""0"", ""tot_sel_req"": ""1467"", ""tot_buy_req"": ""17857"", ""tot_buy_req_jub_pre"": ""--21"", ""ovt_sel_req_pre"": ""0"", ""ovt_sel_req"": ""0"", ""ovt_buy_req"": ""0"", ""ovt_buy_req_pre"": ""0"", ""return_code"": 0, ""return_msg"": ""정상적으로 처리되었습니다""}"
2026-06-10,scan_candidate,055550,,0,main_scan,99100,,99100,99000,99100,99400,0.20181634712411706,0.10090817356205853,,,,,,"{""bid_req_base_tm"": ""105453"", ""sel_10th_pre_req_pre"": ""0"", ""sel_10th_pre_req"": ""392"", ""sel_10th_pre_bid"": ""-100100"", ""sel_9th_pre_req_pre"": ""0"", ""sel_9th_pre_req"": ""219"", ""sel_9th_pre_bid"": ""-100000"", ""sel_8th_pre_req_pre"": ""0"", ""sel_8th_pre_req"": ""260"", ""sel_8th_pre_bid"": ""-99900"", ""sel_7th_pre_req_pre"": ""0"", ""sel_7th_pre_req"": ""322"", ""sel_7th_pre_bid"": ""-99800"", ""sel_6th_pre_req_pre"": ""0"", ""sel_6th_pre_req"": ""270"", ""sel_6th_pre_bid"": ""-99700"", ""sel_5th_pre_req_pre"": ""0"", ""sel_5th_pre_req"": ""44"", ""sel_5th_pre_bid"": ""-99600"", ""sel_4th_pre_req_pre"": ""0"", ""sel_4th_pre_req"": ""92"", ""sel_4th_pre_bid"": ""-99500"", ""sel_3th_pre_req_pre"": ""+1"", ""sel_3th_pre_req"": ""921"", ""sel_3th_pre_bid"": ""-99400"", ""sel_2th_pre_req_pre"": ""0"", ""sel_2th_pre_req"": ""323"", ""sel_2th_pre_bid"": ""-99200"", ""sel_1th_pre_req_pre"": ""0"", ""sel_fpr_req"": ""1002"", ""sel_fpr_bid"": ""-99100"", ""buy_fpr_bid"": ""-99000"", ""buy_fpr_req"": ""1529"", ""buy_1th_pre_req_pre"": ""0"", ""buy_2th_pre_bid"": ""-98900"", ""buy_2th_pre_req"": ""1327"", ""buy_2th_pre_req_pre"": ""0"", ""buy_3th_pre_bid"": ""-98800"", ""buy_3th_pre_req"": ""1504"", ""buy_3th_pre_req_pre"": ""0"", ""buy_4th_pre_bid"": ""-98700"", ""buy_4th_pre_req"": ""1045"", ""buy_4th_pre_req_pre"": ""0"", ""buy_5th_pre_bid"": ""-98600"", ""buy_5th_pre_req"": ""366"", ""buy_5th_pre_req_pre"": ""0"", ""buy_6th_pre_bid"": ""-98500"", ""buy_6th_pre_req"": ""750"", ""buy_6th_pre_req_pre"": ""0"", ""buy_7th_pre_bid"": ""-98400"", ""buy_7th_pre_req"": ""1064"", ""buy_7th_pre_req_pre"": ""0"", ""buy_8th_pre_bid"": ""-98300"", ""buy_8th_pre_req"": ""105"", ""buy_8th_pre_req_pre"": ""0"", ""buy_9th_pre_bid"": ""-98200"", ""buy_9th_pre_req"": ""1252"", ""buy_9th_pre_req_pre"": ""0"", ""buy_10th_pre_bid"": ""-98100"", ""buy_10th_pre_req"": ""391"", ""buy_10th_pre_req_pre"": ""0"", ""tot_sel_req_jub_pre"": ""+1"", ""tot_sel_req"": ""3845"", ""tot_buy_req"": ""9333"", ""tot_buy_req_jub_pre"": ""0"", ""ovt_sel_req_pre"": ""0"", ""ovt_sel_req"": ""0"", ""ovt_buy_req"": ""0"", ""ovt_buy_req_pre"": ""0"", ""return_code"": 0, ""return_msg"": ""정상적으로 처리되었습니다""}"
2026-06-10,scan_candidate,034730,,0,main_scan,588000,,588000,587000,588000,586000,-0.5102040816326531,0.17006802721088435,,,,,,"{""bid_req_base_tm"": ""105452"", ""sel_10th_pre_req_pre"": ""0"", ""sel_10th_pre_req"": ""122"", ""sel_10th_pre_bid"": ""+597000"", ""sel_9th_pre_req_pre"": ""0"", ""sel_9th_pre_req"": ""301"", ""sel_9th_pre_bid"": ""+596000"", ""sel_8th_pre_req_pre"": ""0"", ""sel_8th_pre_req"": ""277"", ""sel_8th_pre_bid"": ""+595000"", ""sel_7th_pre_req_pre"": ""0"", ""sel_7th_pre_req"": ""388"", ""sel_7th_pre_bid"": ""594000"", ""sel_6th_pre_req_pre"": ""0"", ""sel_6th_pre_req"": ""306"", ""sel_6th_pre_bid"": ""-593000"", ""sel_5th_pre_req_pre"": ""0"", ""sel_5th_pre_req"": ""90"", ""sel_5th_pre_bid"": ""-592000"", ""sel_4th_pre_req_pre"": ""0"", ""sel_4th_pre_req"": ""35"", ""sel_4th_pre_bid"": ""-591000"", ""sel_3th_pre_req_pre"": ""0"", ""sel_3th_pre_req"": ""194"", ""sel_3th_pre_bid"": ""-590000"", ""sel_2th_pre_req_pre"": ""0"", ""sel_2th_pre_req"": ""62"", ""sel_2th_pre_bid"": ""-589000"", ""sel_1th_pre_req_pre"": ""0"", ""sel_fpr_req"": ""144"", ""sel_fpr_bid"": ""-588000"", ""buy_fpr_bid"": ""-587000"", ""buy_fpr_req"": ""116"", ""buy_1th_pre_req_pre"": ""+32"", ""buy_2th_pre_bid"": ""-586000"", ""buy_2th_pre_req"": ""342"", ""buy_2th_pre_req_pre"": ""0"", ""buy_3th_pre_bid"": ""-585000"", ""buy_3th_pre_req"": ""221"", ""buy_3th_pre_req_pre"": ""0"", ""buy_4th_pre_bid"": ""-584000"", ""buy_4th_pre_req"": ""28"", ""buy_4th_pre_req_pre"": ""0"", ""buy_5th_pre_bid"": ""-583000"", ""buy_5th_pre_req"": ""27"", ""buy_5th_pre_req_pre"": ""0"", ""buy_6th_pre_bid"": ""-582000"", ""buy_6th_pre_req"": ""128"", ""buy_6th_pre_req_pre"": ""0"", ""buy_7th_pre_bid"": ""-581000"", ""buy_7th_pre_req"": ""116"", ""buy_7th_pre_req_pre"": ""0"", ""buy_8th_pre_bid"": ""-580000"", ""buy_8th_pre_req"": ""115"", ""buy_8th_pre_req_pre"": ""0"", ""buy_9th_pre_bid"": ""-579000"", ""buy_9th_pre_req"": ""20"", ""buy_9th_pre_req_pre"": ""0"", ""buy_10th_pre_bid"": ""-578000"", ""buy_10th_pre_req"": ""124"", ""buy_10th_pre_req_pre"": ""0"", ""tot_sel_req_jub_pre"": ""0"", ""tot_sel_req"": ""1919"", ""tot_buy_req"": ""1237"", ""tot_buy_req_jub_pre"": ""+32"", ""ovt_sel_req_pre"": ""0"", ""ovt_sel_req"": ""0"", ""ovt_buy_req"": ""0"", ""ovt_buy_req_pre"": ""0"", ""return_code"": 0, ""return_msg"": ""정상적으로 처리되었습니다""}"
2026-06-10,scan_candidate,066570,,0,main_scan,232500,,232500,232000,232500,233500,0.21505376344086022,0.21505376344086022,,,,,,"{""bid_req_base_tm"": ""105453"", ""sel_10th_pre_req_pre"": ""0"", ""sel_10th_pre_req"": ""3939"", ""sel_10th_pre_bid"": ""-237000"", ""sel_9th_pre_req_pre"": ""0"", ""sel_9th_pre_req"": ""1353"", ""sel_9th_pre_bid"": ""-236500"", ""sel_8th_pre_req_pre"": ""0"", ""sel_8th_pre_req"": ""3130"", ""sel_8th_pre_bid"": ""-236000"", ""sel_7th_pre_req_pre"": ""0"", ""sel_7th_pre_req"": ""2103"", ""sel_7th_pre_bid"": ""-235500"", ""sel_6th_pre_req_pre"": ""0"", ""sel_6th_pre_req"": ""3428"", ""sel_6th_pre_bid"": ""-235000"", ""sel_5th_pre_req_pre"": ""0"", ""sel_5th_pre_req"": ""1921"", ""sel_5th_pre_bid"": ""-234500"", ""sel_4th_pre_req_pre"": ""0"", ""sel_4th_pre_req"": ""2095"", ""sel_4th_pre_bid"": ""-234000"", ""sel_3th_pre_req_pre"": ""0"", ""sel_3th_pre_req"": ""1759"", ""sel_3th_pre_bid"": ""-233500"", ""sel_2th_pre_req_pre"": ""0"", ""sel_2th_pre_req"": ""3992"", ""sel_2th_pre_bid"": ""-233000"", ""sel_1th_pre_req_pre"": ""--1"", ""sel_fpr_req"": ""3950"", ""sel_fpr_bid"": ""-232500"", ""buy_fpr_bid"": ""-232000"", ""buy_fpr_req"": ""6412"", ""buy_1th_pre_req_pre"": ""0"", ""buy_2th_pre_bid"": ""-231500"", ""buy_2th_pre_req"": ""8017"", ""buy_2th_pre_req_pre"": ""0"", ""buy_3th_pre_bid"": ""-231000"", ""buy_3th_pre_req"": ""10899"", ""buy_3th_pre_req_pre"": ""0"", ""buy_4th_pre_bid"": ""-230500"", ""buy_4th_pre_req"": ""17351"", ""buy_4th_pre_req_pre"": ""0"", ""buy_5th_pre_bid"": ""-230000"", ""buy_5th_pre_req"": ""42110"", ""buy_5th_pre_req_pre"": ""0"", ""buy_6th_pre_bid"": ""-229500"", ""buy_6th_pre_req"": ""10222"", ""buy_6th_pre_req_pre"": ""0"", ""buy_7th_pre_bid"": ""-229000"", ""buy_7th_pre_req"": ""7847"", ""buy_7th_pre_req_pre"": ""0"", ""buy_8th_pre_bid"": ""-228500"", ""buy_8th_pre_req"": ""6593"", ""buy_8th_pre_req_pre"": ""0"", ""buy_9th_pre_bid"": ""-228000"", ""buy_9th_pre_req"": ""12234"", ""buy_9th_pre_req_pre"": ""0"", ""buy_10th_pre_bid"": ""-227500"", ""buy_10th_pre_req"": ""4310"", ""buy_10th_pre_req_pre"": ""0"", ""tot_sel_req_jub_pre"": ""--1"", ""tot_sel_req"": ""27670"", ""tot_buy_req"": ""125995"", ""tot_buy_req_jub_pre"": ""0"", ""ovt_sel_req_pre"": ""0"", ""ovt_sel_req"": ""0"", ""ovt_buy_req"": ""0"", ""ovt_buy_req_pre"": ""0"", ""return_code"": 0, ""return_msg"": ""정상적으로 처리되었습니다""}"
2026-06-10,scan_candidate,035420,,0,main_scan,235000,,235000,234500,235000,236000,0.2127659574468085,0.2127659574468085,,,,,,"{""bid_req_base_tm"": ""105454"", ""sel_10th_pre_req_pre"": ""0"", ""sel_10th_pre_req"": ""3345"", ""sel_10th_pre_bid"": ""-239500"", ""sel_9th_pre_req_pre"": ""0"", ""sel_9th_pre_req"": ""2882"", ""sel_9th_pre_bid"": ""-239000"", ""sel_8th_pre_req_pre"": ""0"", ""sel_8th_pre_req"": ""1615"", ""sel_8th_pre_bid"": ""-238500"", ""sel_7th_pre_req_pre"": ""0"", ""sel_7th_pre_req"": ""2882"", ""sel_7th_pre_bid"": ""-238000"", ""sel_6th_pre_req_pre"": ""0"", ""sel_6th_pre_req"": ""3148"", ""sel_6th_pre_bid"": ""-237500"", ""sel_5th_pre_req_pre"": ""0"", ""sel_5th_pre_req"": ""2604"", ""sel_5th_pre_bid"": ""-237000"", ""sel_4th_pre_req_pre"": ""0"", ""sel_4th_pre_req"": ""1564"", ""sel_4th_pre_bid"": ""-236500"", ""sel_3th_pre_req_pre"": ""0"", ""sel_3th_pre_req"": ""3322"", ""sel_3th_pre_bid"": ""-236000"", ""sel_2th_pre_req_pre"": ""--49"", ""sel_2th_pre_req"": ""5171"", ""sel_2th_pre_bid"": ""-235500"", ""sel_1th_pre_req_pre"": ""0"", ""sel_fpr_req"": ""4909"", ""sel_fpr_bid"": ""-235000"", ""buy_fpr_bid"": ""-234500"", ""buy_fpr_req"": ""1478"", ""buy_1th_pre_req_pre"": ""--21"", ""buy_2th_pre_bid"": ""-234000"", ""buy_2th_pre_req"": ""9668"", ""buy_2th_pre_req_pre"": ""0"", ""buy_3th_pre_bid"": ""-233500"", ""buy_3th_pre_req"": ""9806"", ""buy_3th_pre_req_pre"": ""0"", ""buy_4th_pre_bid"": ""-233000"", ""buy_4th_pre_req"": ""14028"", ""buy_4th_pre_req_pre"": ""0"", ""buy_5th_pre_bid"": ""-232500"", ""buy_5th_pre_req"": ""7979"", ""buy_5th_pre_req_pre"": ""0"", ""buy_6th_pre_bid"": ""-232000"", ""buy_6th_pre_req"": ""12304"", ""buy_6th_pre_req_pre"": ""0"", ""buy_7th_pre_bid"": ""-231500"", ""buy_7th_pre_req"": ""8186"", ""buy_7th_pre_req_pre"": ""0"", ""buy_8th_pre_bid"": ""-231000"", ""buy_8th_pre_req"": ""15134"", ""buy_8th_pre_req_pre"": ""0"", ""buy_9th_pre_bid"": ""-230500"", ""buy_9th_pre_req"": ""11433"", ""buy_9th_pre_req_pre"": ""0"", ""buy_10th_pre_bid"": ""-230000"", ""buy_10th_pre_req"": ""70848"", ""buy_10th_pre_req_pre"": ""0"", ""tot_sel_req_jub_pre"": ""--49"", ""tot_sel_req"": ""31442"", ""tot_buy_req"": ""160864"", ""tot_buy_req_jub_pre"": ""--21"", ""ovt_sel_req_pre"": ""0"", ""ovt_sel_req"": ""0"", ""ovt_buy_req"": ""0"", ""ovt_buy_req_pre"": ""0"", ""return_code"": 0, ""return_msg"": ""정상적으로 처리되었습니다""}"
2026-06-10,scan_candidate,267260,,0,main_scan,1020000,,1020000,1019000,1020000,1018000,-0.29411764705882354,0.09803921568627451,,,,,,"{""bid_req_base_tm"": ""105454"", ""sel_10th_pre_req_pre"": ""0"", ""sel_10th_pre_req"": ""58"", ""sel_10th_pre_bid"": ""+1029000"", ""sel_9th_pre_req_pre"": ""0"", ""sel_9th_pre_req"": ""40"", ""sel_9th_pre_bid"": ""+1028000"", ""sel_8th_pre_req_pre"": ""0"", ""sel_8th_pre_req"": ""4"", ""sel_8th_pre_bid"": ""+1027000"", ""sel_7th_pre_req_pre"": ""0"", ""sel_7th_pre_req"": ""9"", ""sel_7th_pre_bid"": ""+1026000"", ""sel_6th_pre_req_pre"": ""0"", ""sel_6th_pre_req"": ""18"", ""sel_6th_pre_bid"": ""+1025000"", ""sel_5th_pre_req_pre"": ""0"", ""sel_5th_pre_req"": ""92"", ""sel_5th_pre_bid"": ""+1024000"", ""sel_4th_pre_req_pre"": ""0"", ""sel_4th_pre_req"": ""72"", ""sel_4th_pre_bid"": ""+1023000"", ""sel_3th_pre_req_pre"": ""0"", ""sel_3th_pre_req"": ""68"", ""sel_3th_pre_bid"": ""+1022000"", ""sel_2th_pre_req_pre"": ""0"", ""sel_2th_pre_req"": ""151"", ""sel_2th_pre_bid"": ""+1021000"", ""sel_1th_pre_req_pre"": ""+1"", ""sel_fpr_req"": ""78"", ""sel_fpr_bid"": ""+1020000"", ""buy_fpr_bid"": ""+1019000"", ""buy_fpr_req"": ""1"", ""buy_1th_pre_req_pre"": ""0"", ""buy_2th_pre_bid"": ""+1018000"", ""buy_2th_pre_req"": ""11"", ""buy_2th_pre_req_pre"": ""0"", ""buy_3th_pre_bid"": ""+1017000"", ""buy_3th_pre_req"": ""100"", ""buy_3th_pre_req_pre"": ""0"", ""buy_4th_pre_bid"": ""+1016000"", ""buy_4th_pre_req"": ""28"", ""buy_4th_pre_req_pre"": ""0"", ""buy_5th_pre_bid"": ""+1015000"", ""buy_5th_pre_req"": ""33"", ""buy_5th_pre_req_pre"": ""0"", ""buy_6th_pre_bid"": ""+1014000"", ""buy_6th_pre_req"": ""111"", ""buy_6th_pre_req_pre"": ""0"", ""buy_7th_pre_bid"": ""+1013000"", ""buy_7th_pre_req"": ""30"", ""buy_7th_pre_req_pre"": ""0"", ""buy_8th_pre_bid"": ""+1012000"", ""buy_8th_pre_req"": ""34"", ""buy_8th_pre_req_pre"": ""0"", ""buy_9th_pre_bid"": ""+1011000"", ""buy_9th_pre_req"": ""29"", ""buy_9th_pre_req_pre"": ""0"", ""buy_10th_pre_bid"": ""+1010000"", ""buy_10th_pre_req"": ""110"", ""buy_10th_pre_req_pre"": ""0"", ""tot_sel_req_jub_pre"": ""+1"", ""tot_sel_req"": ""590"", ""tot_buy_req"": ""487"", ""tot_buy_req_jub_pre"": ""0"", ""ovt_sel_req_pre"": ""0"", ""ovt_sel_req"": ""0"", ""ovt_buy_req"": ""0"", ""ovt_buy_req_pre"": ""0"", ""return_code"": 0, ""return_msg"": ""정상적으로 처리되었습니다""}"
2026-06-10,scan_candidate,086790,,0,main_scan,119000,,119000,118900,119000,119000,-0.42016806722689076,0.08403361344537816,,,,,,"{""bid_req_base_tm"": ""105454"", ""sel_10th_pre_req_pre"": ""0"", ""sel_10th_pre_req"": ""676"", ""sel_10th_pre_bid"": ""+119900"", ""sel_9th_pre_req_pre"": ""0"", ""sel_9th_pre_req"": ""29"", ""sel_9th_pre_bid"": ""+119800"", ""sel_8th_pre_req_pre"": ""0"", ""sel_8th_pre_req"": ""55"", ""sel_8th_pre_bid"": ""+119700"", ""sel_7th_pre_req_pre"": ""0"", ""sel_7th_pre_req"": ""182"", ""sel_7th_pre_bid"": ""+119600"", ""sel_6th_pre_req_pre"": ""0"", ""sel_6th_pre_req"": ""77"", ""sel_6th_pre_bid"": ""+119500"", ""sel_5th_pre_req_pre"": ""0"", ""sel_5th_pre_req"": ""201"", ""sel_5th_pre_bid"": ""+119400"", ""sel_4th_pre_req_pre"": ""0"", ""sel_4th_pre_req"": ""601"", ""sel_4th_pre_bid"": ""+119300"", ""sel_3th_pre_req_pre"": ""0"", ""sel_3th_pre_req"": ""23"", ""sel_3th_pre_bid"": ""+119200"", ""sel_2th_pre_req_pre"": ""+1"", ""sel_2th_pre_req"": ""64"", ""sel_2th_pre_bid"": ""+119100"", ""sel_1th_pre_req_pre"": ""+37"", ""sel_fpr_req"": ""56"", ""sel_fpr_bid"": ""119000"", ""buy_fpr_bid"": ""-118900"", ""buy_fpr_req"": ""2003"", ""buy_1th_pre_req_pre"": ""0"", ""buy_2th_pre_bid"": ""-118800"", ""buy_2th_pre_req"": ""187"", ""buy_2th_pre_req_pre"": ""0"", ""buy_3th_pre_bid"": ""-118700"", ""buy_3th_pre_req"": ""397"", ""buy_3th_pre_req_pre"": ""0"", ""buy_4th_pre_bid"": ""-118600"", ""buy_4th_pre_req"": ""188"", ""buy_4th_pre_req_pre"": ""0"", ""buy_5th_pre_bid"": ""-118500"", ""buy_5th_pre_req"": ""68"", ""buy_5th_pre_req_pre"": ""0"", ""buy_6th_pre_bid"": ""-118400"", ""buy_6th_pre_req"": ""663"", ""buy_6th_pre_req_pre"": ""0"", ""buy_7th_pre_bid"": ""-118300"", ""buy_7th_pre_req"": ""65"", ""buy_7th_pre_req_pre"": ""0"", ""buy_8th_pre_bid"": ""-118200"", ""buy_8th_pre_req"": ""1159"", ""buy_8th_pre_req_pre"": ""0"", ""buy_9th_pre_bid"": ""-118100"", ""buy_9th_pre_req"": ""106"", ""buy_9th_pre_req_pre"": ""0"", ""buy_10th_pre_bid"": ""-118000"", ""buy_10th_pre_req"": ""361"", ""buy_10th_pre_req_pre"": ""0"", ""tot_sel_req_jub_pre"": ""+38"", ""tot_sel_req"": ""1964"", ""tot_buy_req"": ""5197"", ""tot_buy_req_jub_pre"": ""0"", ""ovt_sel_req_pre"": ""0"", ""ovt_sel_req"": ""0"", ""ovt_buy_req"": ""0"", ""ovt_buy_req_pre"": ""0"", ""return_code"": 0, ""return_msg"": ""정상적으로 처리되었습니다""}"
2026-06-10,scan_candidate,000810,,0,main_scan,621000,,621000,620000,621000,617000,-0.8051529790660225,0.1610305958132045,,,,,,"{""bid_req_base_tm"": ""105454"", ""sel_10th_pre_req_pre"": ""0"", ""sel_10th_pre_req"": ""53"", ""sel_10th_pre_bid"": ""-630000"", ""sel_9th_pre_req_pre"": ""0"", ""sel_9th_pre_req"": ""35"", ""sel_9th_pre_bid"": ""-629000"", ""sel_8th_pre_req_pre"": ""0"", ""sel_8th_pre_req"": ""44"", ""sel_8th_pre_bid"": ""-628000"", ""sel_7th_pre_req_pre"": ""0"", ""sel_7th_pre_req"": ""23"", ""sel_7th_pre_bid"": ""-627000"", ""sel_6th_pre_req_pre"": ""0"", ""sel_6th_pre_req"": ""24"", ""sel_6th_pre_bid"": ""-626000"", ""sel_5th_pre_req_pre"": ""0"", ""sel_5th_pre_req"": ""7"", ""sel_5th_pre_bid"": ""-625000"", ""sel_4th_pre_req_pre"": ""0"", ""sel_4th_pre_req"": ""18"", ""sel_4th_pre_bid"": ""-624000"", ""sel_3th_pre_req_pre"": ""0"", ""sel_3th_pre_req"": ""333"", ""sel_3th_pre_bid"": ""-623000"", ""sel_2th_pre_req_pre"": ""0"", ""sel_2th_pre_req"": ""170"", ""sel_2th_pre_bid"": ""-622000"", ""sel_1th_pre_req_pre"": ""+1"", ""sel_fpr_req"": ""291"", ""sel_fpr_bid"": ""-621000"", ""buy_fpr_bid"": ""-620000"", ""buy_fpr_req"": ""401"", ""buy_1th_pre_req_pre"": ""0"", ""buy_2th_pre_bid"": ""-619000"", ""buy_2th_pre_req"": ""43"", ""buy_2th_pre_req_pre"": ""0"", ""buy_3th_pre_bid"": ""-618000"", ""buy_3th_pre_req"": ""29"", ""buy_3th_pre_req_pre"": ""0"", ""buy_4th_pre_bid"": ""-617000"", ""buy_4th_pre_req"": ""29"", ""buy_4th_pre_req_pre"": ""0"", ""buy_5th_pre_bid"": ""-616000"", ""buy_5th_pre_req"": ""13"", ""buy_5th_pre_req_pre"": ""0"", ""buy_6th_pre_bid"": ""-615000"", ""buy_6th_pre_req"": ""25"", ""buy_6th_pre_req_pre"": ""0"", ""buy_7th_pre_bid"": ""-614000"", ""buy_7th_pre_req"": ""92"", ""buy_7th_pre_req_pre"": ""0"", ""buy_8th_pre_bid"": ""-613000"", ""buy_8th_pre_req"": ""9"", ""buy_8th_pre_req_pre"": ""0"", ""buy_9th_pre_bid"": ""-612000"", ""buy_9th_pre_req"": ""32"", ""buy_9th_pre_req_pre"": ""0"", ""buy_10th_pre_bid"": ""-611000"", ""buy_10th_pre_req"": ""26"", ""buy_10th_pre_req_pre"": ""0"", ""tot_sel_req_jub_pre"": ""+1"", ""tot_sel_req"": ""998"", ""tot_buy_req"": ""699"", ""tot_buy_req_jub_pre"": ""0"", ""ovt_sel_req_pre"": ""0"", ""ovt_sel_req"": ""0"", ""ovt_buy_req"": ""0"", ""ovt_buy_req_pre"": ""0"", ""return_code"": 0, ""return_msg"": ""정상적으로 처리되었습니다""}"
2026-06-10,scan_candidate,011070,,0,main_scan,1122000,,1122000,1121000,1122000,1124000,0.08912655971479501,0.08912655971479501,,,,,,"{""bid_req_base_tm"": ""105454"", ""sel_10th_pre_req_pre"": ""0"", ""sel_10th_pre_req"": ""23"", ""sel_10th_pre_bid"": ""-1131000"", ""sel_9th_pre_req_pre"": ""0"", ""sel_9th_pre_req"": ""104"", ""sel_9th_pre_bid"": ""-1130000"", ""sel_8th_pre_req_pre"": ""0"", ""sel_8th_pre_req"": ""77"", ""sel_8th_pre_bid"": ""-1129000"", ""sel_7th_pre_req_pre"": ""0"", ""sel_7th_pre_req"": ""31"", ""sel_7th_pre_bid"": ""-1128000"", ""sel_6th_pre_req_pre"": ""0"", ""sel_6th_pre_req"": ""41"", ""sel_6th_pre_bid"": ""-1127000"", ""sel_5th_pre_req_pre"": ""0"", ""sel_5th_pre_req"": ""2"", ""sel_5th_pre_bid"": ""-1126000"", ""sel_4th_pre_req_pre"": ""0"", ""sel_4th_pre_req"": ""190"", ""sel_4th_pre_bid"": ""-1125000"", ""sel_3th_pre_req_pre"": ""0"", ""sel_3th_pre_req"": ""202"", ""sel_3th_pre_bid"": ""-1124000"", ""sel_2th_pre_req_pre"": ""0"", ""sel_2th_pre_req"": ""49"", ""sel_2th_pre_bid"": ""-1123000"", ""sel_1th_pre_req_pre"": ""0"", ""sel_fpr_req"": ""3"", ""sel_fpr_bid"": ""-1122000"", ""buy_fpr_bid"": ""-1121000"", ""buy_fpr_req"": ""119"", ""buy_1th_pre_req_pre"": ""0"", ""buy_2th_pre_bid"": ""-1120000"", ""buy_2th_pre_req"": ""416"", ""buy_2th_pre_req_pre"": ""0"", ""buy_3th_pre_bid"": ""-1119000"", ""buy_3th_pre_req"": ""169"", ""buy_3th_pre_req_pre"": ""0"", ""buy_4th_pre_bid"": ""-1118000"", ""buy_4th_pre_req"": ""36"", ""buy_4th_pre_req_pre"": ""0"", ""buy_5th_pre_bid"": ""-1117000"", ""buy_5th_pre_req"": ""98"", ""buy_5th_pre_req_pre"": ""0"", ""buy_6th_pre_bid"": ""-1116000"", ""buy_6th_pre_req"": ""12"", ""buy_6th_pre_req_pre"": ""0"", ""buy_7th_pre_bid"": ""-1115000"", ""buy_7th_pre_req"": ""7"", ""buy_7th_pre_req_pre"": ""0"", ""buy_8th_pre_bid"": ""-1114000"", ""buy_8th_pre_req"": ""7"", ""buy_8th_pre_req_pre"": ""0"", ""buy_9th_pre_bid"": ""-1113000"", ""buy_9th_pre_req"": ""31"", ""buy_9th_pre_req_pre"": ""0"", ""buy_10th_pre_bid"": ""-1112000"", ""buy_10th_pre_req"": ""13"", ""buy_10th_pre_req_pre"": ""0"", ""tot_sel_req_jub_pre"": ""--48"", ""tot_sel_req"": ""722"", ""tot_buy_req"": ""908"", ""tot_buy_req_jub_pre"": ""+1"", ""ovt_sel_req_pre"": ""0"", ""ovt_sel_req"": ""0"", ""ovt_buy_req"": ""0"", ""ovt_buy_req_pre"": ""0"", ""return_code"": 0, ""return_msg"": ""정상적으로 처리되었습니다""}"
2026-06-10,scan_candidate,042700,,0,main_scan,284500,,284500,284000,284500,285000,0.0,0.17574692442882248,,,,,,"{""bid_req_base_tm"": ""105454"", ""sel_10th_pre_req_pre"": ""0"", ""sel_10th_pre_req"": ""915"", ""sel_10th_pre_bid"": ""+289000"", ""sel_9th_pre_req_pre"": ""0"", ""sel_9th_pre_req"": ""367"", ""sel_9th_pre_bid"": ""+288500"", ""sel_8th_pre_req_pre"": ""0"", ""sel_8th_pre_req"": ""300"", ""sel_8th_pre_bid"": ""+288000"", ""sel_7th_pre_req_pre"": ""0"", ""sel_7th_pre_req"": ""202"", ""sel_7th_pre_bid"": ""+287500"", ""sel_6th_pre_req_pre"": ""0"", ""sel_6th_pre_req"": ""543"", ""sel_6th_pre_bid"": ""+287000"", ""sel_5th_pre_req_pre"": ""0"", ""sel_5th_pre_req"": ""105"", ""sel_5th_pre_bid"": ""+286500"", ""sel_4th_pre_req_pre"": ""0"", ""sel_4th_pre_req"": ""60"", ""sel_4th_pre_bid"": ""+286000"", ""sel_3th_pre_req_pre"": ""0"", ""sel_3th_pre_req"": ""316"", ""sel_3th_pre_bid"": ""+285500"", ""sel_2th_pre_req_pre"": ""0"", ""sel_2th_pre_req"": ""486"", ""sel_2th_pre_bid"": ""+285000"", ""sel_1th_pre_req_pre"": ""0"", ""sel_fpr_req"": ""70"", ""sel_fpr_bid"": ""+284500"", ""buy_fpr_bid"": ""+284000"", ""buy_fpr_req"": ""366"", ""buy_1th_pre_req_pre"": ""0"", ""buy_2th_pre_bid"": ""+283500"", ""buy_2th_pre_req"": ""441"", ""buy_2th_pre_req_pre"": ""0"", ""buy_3th_pre_bid"": ""+283000"", ""buy_3th_pre_req"": ""316"", ""buy_3th_pre_req_pre"": ""+3"", ""buy_4th_pre_bid"": ""+282500"", ""buy_4th_pre_req"": ""479"", ""buy_4th_pre_req_pre"": ""0"", ""buy_5th_pre_bid"": ""+282000"", ""buy_5th_pre_req"": ""499"", ""buy_5th_pre_req_pre"": ""0"", ""buy_6th_pre_bid"": ""+281500"", ""buy_6th_pre_req"": ""753"", ""buy_6th_pre_req_pre"": ""0"", ""buy_7th_pre_bid"": ""+281000"", ""buy_7th_pre_req"": ""520"", ""buy_7th_pre_req_pre"": ""0"", ""buy_8th_pre_bid"": ""+280500"", ""buy_8th_pre_req"": ""1029"", ""buy_8th_pre_req_pre"": ""0"", ""buy_9th_pre_bid"": ""+280000"", ""buy_9th_pre_req"": ""2576"", ""buy_9th_pre_req_pre"": ""0"", ""buy_10th_pre_bid"": ""+279500"", ""buy_10th_pre_req"": ""146"", ""buy_10th_pre_req_pre"": ""0"", ""tot_sel_req_jub_pre"": ""0"", ""tot_sel_req"": ""3364"", ""tot_buy_req"": ""7125"", ""tot_buy_req_jub_pre"": ""+3"", ""ovt_sel_req_pre"": ""0"", ""ovt_sel_req"": ""0"", ""ovt_buy_req"": ""0"", ""ovt_buy_req_pre"": ""0"", ""return_code"": 0, ""return_msg"": ""정상적으로 처리되었습니다""}"
2026-06-10,scan_candidate,017670,,0,main_scan,108100,,108100,108000,108100,107500,-1.0175763182238668,0.09250693802035154,,,,,,"{""bid_req_base_tm"": ""105453"", ""sel_10th_pre_req_pre"": ""0"", ""sel_10th_pre_req"": ""3645"", ""sel_10th_pre_bid"": ""+109000"", ""sel_9th_pre_req_pre"": ""0"", ""sel_9th_pre_req"": ""1697"", ""sel_9th_pre_bid"": ""+108900"", ""sel_8th_pre_req_pre"": ""0"", ""sel_8th_pre_req"": ""975"", ""sel_8th_pre_bid"": ""+108800"", ""sel_7th_pre_req_pre"": ""0"", ""sel_7th_pre_req"": ""799"", ""sel_7th_pre_bid"": ""+108700"", ""sel_6th_pre_req_pre"": ""0"", ""sel_6th_pre_req"": ""197"", ""sel_6th_pre_bid"": ""+108600"", ""sel_5th_pre_req_pre"": ""0"", ""sel_5th_pre_req"": ""818"", ""sel_5th_pre_bid"": ""+108500"", ""sel_4th_pre_req_pre"": ""0"", ""sel_4th_pre_req"": ""236"", ""sel_4th_pre_bid"": ""+108400"", ""sel_3th_pre_req_pre"": ""0"", ""sel_3th_pre_req"": ""144"", ""sel_3th_pre_bid"": ""+108300"", ""sel_2th_pre_req_pre"": ""0"", ""sel_2th_pre_req"": ""58"", ""sel_2th_pre_bid"": ""+108200"", ""sel_1th_pre_req_pre"": ""0"", ""sel_fpr_req"": ""5802"", ""sel_fpr_bid"": ""108100"", ""buy_fpr_bid"": ""-108000"", ""buy_fpr_req"": ""2181"", ""buy_1th_pre_req_pre"": ""0"", ""buy_2th_pre_bid"": ""-107900"", ""buy_2th_pre_req"": ""375"", ""buy_2th_pre_req_pre"": ""0"", ""buy_3th_pre_bid"": ""-107800"", ""buy_3th_pre_req"": ""92"", ""buy_3th_pre_req_pre"": ""0"", ""buy_4th_pre_bid"": ""-107700"", ""buy_4th_pre_req"": ""731"", ""buy_4th_pre_req_pre"": ""0"", ""buy_5th_pre_bid"": ""-107600"", ""buy_5th_pre_req"": ""194"", ""buy_5th_pre_req_pre"": ""0"", ""buy_6th_pre_bid"": ""-107500"", ""buy_6th_pre_req"": ""847"", ""buy_6th_pre_req_pre"": ""0"", ""buy_7th_pre_bid"": ""-107400"", ""buy_7th_pre_req"": ""359"", ""buy_7th_pre_req_pre"": ""0"", ""buy_8th_pre_bid"": ""-107300"", ""buy_8th_pre_req"": ""657"", ""buy_8th_pre_req_pre"": ""0"", ""buy_9th_pre_bid"": ""-107200"", ""buy_9th_pre_req"": ""690"", ""buy_9th_pre_req_pre"": ""0"", ""buy_10th_pre_bid"": ""-107100"", ""buy_10th_pre_req"": ""619"", ""buy_10th_pre_req_pre"": ""0"", ""tot_sel_req_jub_pre"": ""0"", ""tot_sel_req"": ""14371"", ""tot_buy_req"": ""6745"", ""tot_buy_req_jub_pre"": ""0"", ""ovt_sel_req_pre"": ""0"", ""ovt_sel_req"": ""0"", ""ovt_buy_req"": ""0"", ""ovt_buy_req_pre"": ""0"", ""return_code"": 0, ""return_msg"": ""정상적으로 처리되었습니다""}"
2026-06-10,scan_candidate,018260,,0,main_scan,232500,,232500,232000,232500,234000,0.43010752688172044,0.21505376344086022,,,,,,"{""bid_req_base_tm"": ""105455"", ""sel_10th_pre_req_pre"": ""0"", ""sel_10th_pre_req"": ""804"", ""sel_10th_pre_bid"": ""-237000"", ""sel_9th_pre_req_pre"": ""0"", ""sel_9th_pre_req"": ""211"", ""sel_9th_pre_bid"": ""-236500"", ""sel_8th_pre_req_pre"": ""0"", ""sel_8th_pre_req"": ""315"", ""sel_8th_pre_bid"": ""-236000"", ""sel_7th_pre_req_pre"": ""0"", ""sel_7th_pre_req"": ""227"", ""sel_7th_pre_bid"": ""-235500"", ""sel_6th_pre_req_pre"": ""0"", ""sel_6th_pre_req"": ""133"", ""sel_6th_pre_bid"": ""-235000"", ""sel_5th_pre_req_pre"": ""0"", ""sel_5th_pre_req"": ""249"", ""sel_5th_pre_bid"": ""-234500"", ""sel_4th_pre_req_pre"": ""0"", ""sel_4th_pre_req"": ""165"", ""sel_4th_pre_bid"": ""-234000"", ""sel_3th_pre_req_pre"": ""0"", ""sel_3th_pre_req"": ""45"", ""sel_3th_pre_bid"": ""-233500"", ""sel_2th_pre_req_pre"": ""0"", ""sel_2th_pre_req"": ""211"", ""sel_2th_pre_bid"": ""-233000"", ""sel_1th_pre_req_pre"": ""0"", ""sel_fpr_req"": ""209"", ""sel_fpr_bid"": ""-232500"", ""buy_fpr_bid"": ""-232000"", ""buy_fpr_req"": ""161"", ""buy_1th_pre_req_pre"": ""0"", ""buy_2th_pre_bid"": ""-231500"", ""buy_2th_pre_req"": ""476"", ""buy_2th_pre_req_pre"": ""0"", ""buy_3th_pre_bid"": ""-231000"", ""buy_3th_pre_req"": ""2877"", ""buy_3th_pre_req_pre"": ""+1"", ""buy_4th_pre_bid"": ""-230500"", ""buy_4th_pre_req"": ""2029"", ""buy_4th_pre_req_pre"": ""0"", ""buy_5th_pre_bid"": ""-230000"", ""buy_5th_pre_req"": ""5076"", ""buy_5th_pre_req_pre"": ""0"", ""buy_6th_pre_bid"": ""-229500"", ""buy_6th_pre_req"": ""961"", ""buy_6th_pre_req_pre"": ""0"", ""buy_7th_pre_bid"": ""-229000"", ""buy_7th_pre_req"": ""1551"", ""buy_7th_pre_req_pre"": ""0"", ""buy_8th_pre_bid"": ""-228500"", ""buy_8th_pre_req"": ""946"", ""buy_8th_pre_req_pre"": ""0"", ""buy_9th_pre_bid"": ""-228000"", ""buy_9th_pre_req"": ""1902"", ""buy_9th_pre_req_pre"": ""0"", ""buy_10th_pre_bid"": ""-227500"", ""buy_10th_pre_req"": ""1545"", ""buy_10th_pre_req_pre"": ""0"", ""tot_sel_req_jub_pre"": ""0"", ""tot_sel_req"": ""2569"", ""tot_buy_req"": ""17524"", ""tot_buy_req_jub_pre"": ""+1"", ""ovt_sel_req_pre"": ""0"", ""ovt_sel_req"": ""0"", ""ovt_buy_req"": ""0"", ""ovt_buy_req_pre"": ""0"", ""return_code"": 0, ""return_msg"": ""정상적으로 처리되었습니다""}"
2026-06-10,scan_candidate,033780,,0,main_scan,184200,,184200,184100,184200,184000,-0.3800217155266015,0.05428881650380022,,,,,,"{""bid_req_base_tm"": ""105449"", ""sel_10th_pre_req_pre"": ""0"", ""sel_10th_pre_req"": ""4"", ""sel_10th_pre_bid"": ""+185200"", ""sel_9th_pre_req_pre"": ""0"", ""sel_9th_pre_req"": ""1086"", ""sel_9th_pre_bid"": ""+185000"", ""sel_8th_pre_req_pre"": ""0"", ""sel_8th_pre_req"": ""9"", ""sel_8th_pre_bid"": ""+184900"", ""sel_7th_pre_req_pre"": ""0"", ""sel_7th_pre_req"": ""1"", ""sel_7th_pre_bid"": ""+184800"", ""sel_6th_pre_req_pre"": ""0"", ""sel_6th_pre_req"": ""4"", ""sel_6th_pre_bid"": ""+184700"", ""sel_5th_pre_req_pre"": ""0"", ""sel_5th_pre_req"": ""59"", ""sel_5th_pre_bid"": ""+184600"", ""sel_4th_pre_req_pre"": ""0"", ""sel_4th_pre_req"": ""4"", ""sel_4th_pre_bid"": ""+184500"", ""sel_3th_pre_req_pre"": ""0"", ""sel_3th_pre_req"": ""357"", ""sel_3th_pre_bid"": ""+184400"", ""sel_2th_pre_req_pre"": ""0"", ""sel_2th_pre_req"": ""59"", ""sel_2th_pre_bid"": ""184300"", ""sel_1th_pre_req_pre"": ""--6"", ""sel_fpr_req"": ""317"", ""sel_fpr_bid"": ""-184200"", ""buy_fpr_bid"": ""-184100"", ""buy_fpr_req"": ""353"", ""buy_1th_pre_req_pre"": ""0"", ""buy_2th_pre_bid"": ""-184000"", ""buy_2th_pre_req"": ""64"", ""buy_2th_pre_req_pre"": ""0"", ""buy_3th_pre_bid"": ""-183900"", ""buy_3th_pre_req"": ""193"", ""buy_3th_pre_req_pre"": ""0"", ""buy_4th_pre_bid"": ""-183800"", ""buy_4th_pre_req"": ""86"", ""buy_4th_pre_req_pre"": ""0"", ""buy_5th_pre_bid"": ""-183700"", ""buy_5th_pre_req"": ""5"", ""buy_5th_pre_req_pre"": ""0"", ""buy_6th_pre_bid"": ""-183600"", ""buy_6th_pre_req"": ""15"", ""buy_6th_pre_req_pre"": ""0"", ""buy_7th_pre_bid"": ""-183500"", ""buy_7th_pre_req"": ""15"", ""buy_7th_pre_req_pre"": ""0"", ""buy_8th_pre_bid"": ""-183400"", ""buy_8th_pre_req"": ""11"", ""buy_8th_pre_req_pre"": ""0"", ""buy_9th_pre_bid"": ""-183300"", ""buy_9th_pre_req"": ""82"", ""buy_9th_pre_req_pre"": ""0"", ""buy_10th_pre_bid"": ""-183200"", ""buy_10th_pre_req"": ""3"", ""buy_10th_pre_req_pre"": ""0"", ""tot_sel_req_jub_pre"": ""--6"", ""tot_sel_req"": ""1900"", ""tot_buy_req"": ""827"", ""tot_buy_req_jub_pre"": ""0"", ""ovt_sel_req_pre"": ""0"", ""ovt_sel_req"": ""0"", ""ovt_buy_req"": ""0"", ""ovt_buy_req_pre"": ""0"", ""return_code"": 0, ""return_msg"": ""정상적으로 처리되었습니다""}"
2026-06-10,scan_candidate,307950,,0,main_scan,702000,,702000,701000,702000,706000,0.4273504273504274,0.14245014245014245,,,,,,"{""bid_req_base_tm"": ""105455"", ""sel_10th_pre_req_pre"": ""0"", ""sel_10th_pre_req"": ""23"", ""sel_10th_pre_bid"": ""+711000"", ""sel_9th_pre_req_pre"": ""0"", ""sel_9th_pre_req"": ""11"", ""sel_9th_pre_bid"": ""+710000"", ""sel_8th_pre_req_pre"": ""0"", ""sel_8th_pre_req"": ""32"", ""sel_8th_pre_bid"": ""+709000"", ""sel_7th_pre_req_pre"": ""0"", ""sel_7th_pre_req"": ""15"", ""sel_7th_pre_bid"": ""+708000"", ""sel_6th_pre_req_pre"": ""0"", ""sel_6th_pre_req"": ""8"", ""sel_6th_pre_bid"": ""+707000"", ""sel_5th_pre_req_pre"": ""0"", ""sel_5th_pre_req"": ""10"", ""sel_5th_pre_bid"": ""+706000"", ""sel_4th_pre_req_pre"": ""0"", ""sel_4th_pre_req"": ""11"", ""sel_4th_pre_bid"": ""+705000"", ""sel_3th_pre_req_pre"": ""0"", ""sel_3th_pre_req"": ""15"", ""sel_3th_pre_bid"": ""+704000"", ""sel_2th_pre_req_pre"": ""0"", ""sel_2th_pre_req"": ""53"", ""sel_2th_pre_bid"": ""+703000"", ""sel_1th_pre_req_pre"": ""0"", ""sel_fpr_req"": ""256"", ""sel_fpr_bid"": ""+702000"", ""buy_fpr_bid"": ""+701000"", ""buy_fpr_req"": ""639"", ""buy_1th_pre_req_pre"": ""+1"", ""buy_2th_pre_bid"": ""+700000"", ""buy_2th_pre_req"": ""756"", ""buy_2th_pre_req_pre"": ""0"", ""buy_3th_pre_bid"": ""+699000"", ""buy_3th_pre_req"": ""95"", ""buy_3th_pre_req_pre"": ""0"", ""buy_4th_pre_bid"": ""+698000"", ""buy_4th_pre_req"": ""205"", ""buy_4th_pre_req_pre"": ""0"", ""buy_5th_pre_bid"": ""+697000"", ""buy_5th_pre_req"": ""232"", ""buy_5th_pre_req_pre"": ""0"", ""buy_6th_pre_bid"": ""+696000"", ""buy_6th_pre_req"": ""170"", ""buy_6th_pre_req_pre"": ""0"", ""buy_7th_pre_bid"": ""+695000"", ""buy_7th_pre_req"": ""421"", ""buy_7th_pre_req_pre"": ""0"", ""buy_8th_pre_bid"": ""+694000"", ""buy_8th_pre_req"": ""96"", ""buy_8th_pre_req_pre"": ""0"", ""buy_9th_pre_bid"": ""+693000"", ""buy_9th_pre_req"": ""68"", ""buy_9th_pre_req_pre"": ""0"", ""buy_10th_pre_bid"": ""+692000"", ""buy_10th_pre_req"": ""171"", ""buy_10th_pre_req_pre"": ""0"", ""tot_sel_req_jub_pre"": ""0"", ""tot_sel_req"": ""434"", ""tot_buy_req"": ""2853"", ""tot_buy_req_jub_pre"": ""+1"", ""ovt_sel_req_pre"": ""0"", ""ovt_sel_req"": ""0"", ""ovt_buy_req"": ""0"", ""ovt_buy_req_pre"": ""0"", ""return_code"": 0, ""return_msg"": ""정상적으로 처리되었습니다""}"
2026-06-10,scan_candidate,138040,,0,main_scan,109300,,109300,109200,109300,109000,-0.7319304666056725,0.09149130832570906,,,,,,"{""bid_req_base_tm"": ""105454"", ""sel_10th_pre_req_pre"": ""0"", ""sel_10th_pre_req"": ""1556"", ""sel_10th_pre_bid"": ""+110300"", ""sel_9th_pre_req_pre"": ""0"", ""sel_9th_pre_req"": ""505"", ""sel_9th_pre_bid"": ""+110200"", ""sel_8th_pre_req_pre"": ""0"", ""sel_8th_pre_req"": ""5069"", ""sel_8th_pre_bid"": ""+110100"", ""sel_7th_pre_req_pre"": ""0"", ""sel_7th_pre_req"": ""879"", ""sel_7th_pre_bid"": ""+110000"", ""sel_6th_pre_req_pre"": ""0"", ""sel_6th_pre_req"": ""592"", ""sel_6th_pre_bid"": ""+109900"", ""sel_5th_pre_req_pre"": ""0"", ""sel_5th_pre_req"": ""501"", ""sel_5th_pre_bid"": ""+109800"", ""sel_4th_pre_req_pre"": ""0"", ""sel_4th_pre_req"": ""330"", ""sel_4th_pre_bid"": ""+109600"", ""sel_3th_pre_req_pre"": ""0"", ""sel_3th_pre_req"": ""3"", ""sel_3th_pre_bid"": ""+109500"", ""sel_2th_pre_req_pre"": ""0"", ""sel_2th_pre_req"": ""276"", ""sel_2th_pre_bid"": ""+109400"", ""sel_1th_pre_req_pre"": ""+54"", ""sel_fpr_req"": ""358"", ""sel_fpr_bid"": ""+109300"", ""buy_fpr_bid"": ""+109200"", ""buy_fpr_req"": ""206"", ""buy_1th_pre_req_pre"": ""0"", ""buy_2th_pre_bid"": ""109100"", ""buy_2th_pre_req"": ""684"", ""buy_2th_pre_req_pre"": ""0"", ""buy_3th_pre_bid"": ""-109000"", ""buy_3th_pre_req"": ""66"", ""buy_3th_pre_req_pre"": ""0"", ""buy_4th_pre_bid"": ""-108900"", ""buy_4th_pre_req"": ""90"", ""buy_4th_pre_req_pre"": ""0"", ""buy_5th_pre_bid"": ""-108800"", ""buy_5th_pre_req"": ""139"", ""buy_5th_pre_req_pre"": ""0"", ""buy_6th_pre_bid"": ""-108700"", ""buy_6th_pre_req"": ""17"", ""buy_6th_pre_req_pre"": ""0"", ""buy_7th_pre_bid"": ""-108600"", ""buy_7th_pre_req"": ""264"", ""buy_7th_pre_req_pre"": ""0"", ""buy_8th_pre_bid"": ""-108500"", ""buy_8th_pre_req"": ""191"", ""buy_8th_pre_req_pre"": ""0"", ""buy_9th_pre_bid"": ""-108400"", ""buy_9th_pre_req"": ""23"", ""buy_9th_pre_req_pre"": ""0"", ""buy_10th_pre_bid"": ""-108300"", ""buy_10th_pre_req"": ""3"", ""buy_10th_pre_req_pre"": ""0"", ""tot_sel_req_jub_pre"": ""+54"", ""tot_sel_req"": ""10069"", ""tot_buy_req"": ""1683"", ""tot_buy_req_jub_pre"": ""0"", ""ovt_sel_req_pre"": ""0"", ""ovt_sel_req"": ""0"", ""ovt_buy_req"": ""0"", ""ovt_buy_req_pre"": ""0"", ""return_code"": 0, ""return_msg"": ""정상적으로 처리되었습니다""}"
2026-06-10,scan_candidate,003550,,0,main_scan,110200,,110200,110100,110200,109500,-1.0889292196007259,0.09074410163339383,,,,,,"{""bid_req_base_tm"": ""105455"", ""sel_10th_pre_req_pre"": ""0"", ""sel_10th_pre_req"": ""50"", ""sel_10th_pre_bid"": ""-111200"", ""sel_9th_pre_req_pre"": ""0"", ""sel_9th_pre_req"": ""61"", ""sel_9th_pre_bid"": ""-111100"", ""sel_8th_pre_req_pre"": ""0"", ""sel_8th_pre_req"": ""749"", ""sel_8th_pre_bid"": ""-111000"", ""sel_7th_pre_req_pre"": ""0"", ""sel_7th_pre_req"": ""555"", ""sel_7th_pre_bid"": ""-110900"", ""sel_6th_pre_req_pre"": ""0"", ""sel_6th_pre_req"": ""5"", ""sel_6th_pre_bid"": ""-110800"", ""sel_5th_pre_req_pre"": ""0"", ""sel_5th_pre_req"": ""1"", ""sel_5th_pre_bid"": ""-110600"", ""sel_4th_pre_req_pre"": ""0"", ""sel_4th_pre_req"": ""1"", ""sel_4th_pre_bid"": ""-110500"", ""sel_3th_pre_req_pre"": ""0"", ""sel_3th_pre_req"": ""107"", ""sel_3th_pre_bid"": ""-110400"", ""sel_2th_pre_req_pre"": ""0"", ""sel_2th_pre_req"": ""232"", ""sel_2th_pre_bid"": ""-110300"", ""sel_1th_pre_req_pre"": ""0"", ""sel_fpr_req"": ""335"", ""sel_fpr_bid"": ""-110200"", ""buy_fpr_bid"": ""-110100"", ""buy_fpr_req"": ""111"", ""buy_1th_pre_req_pre"": ""0"", ""buy_2th_pre_bid"": ""-110000"", ""buy_2th_pre_req"": ""53"", ""buy_2th_pre_req_pre"": ""0"", ""buy_3th_pre_bid"": ""-109900"", ""buy_3th_pre_req"": ""89"", ""buy_3th_pre_req_pre"": ""0"", ""buy_4th_pre_bid"": ""-109800"", ""buy_4th_pre_req"": ""53"", ""buy_4th_pre_req_pre"": ""0"", ""buy_5th_pre_bid"": ""-109700"", ""buy_5th_pre_req"": ""76"", ""buy_5th_pre_req_pre"": ""0"", ""buy_6th_pre_bid"": ""-109600"", ""buy_6th_pre_req"": ""3"", ""buy_6th_pre_req_pre"": ""0"", ""buy_7th_pre_bid"": ""-109500"", ""buy_7th_pre_req"": ""16"", ""buy_7th_pre_req_pre"": ""0"", ""buy_8th_pre_bid"": ""-109400"", ""buy_8th_pre_req"": ""1"", ""buy_8th_pre_req_pre"": ""0"", ""buy_9th_pre_bid"": ""-109300"", ""buy_9th_pre_req"": ""2"", ""buy_9th_pre_req_pre"": ""0"", ""buy_10th_pre_bid"": ""-109200"", ""buy_10th_pre_req"": ""7"", ""buy_10th_pre_req_pre"": ""0"", ""tot_sel_req_jub_pre"": ""0"", ""tot_sel_req"": ""2096"", ""tot_buy_req"": ""411"", ""tot_buy_req_jub_pre"": ""0"", ""ovt_sel_req_pre"": ""0"", ""ovt_sel_req"": ""0"", ""ovt_buy_req"": ""0"", ""ovt_buy_req_pre"": ""0"", ""return_code"": 0, ""return_msg"": ""정상적으로 처리되었습니다""}"
2026-06-10,scan_candidate,024110,,0,main_scan,21050,,21050,21000,21050,20850,-1.187648456057007,0.23752969121140144,,,,,,"{""bid_req_base_tm"": ""105450"", ""sel_10th_pre_req_pre"": ""0"", ""sel_10th_pre_req"": ""46116"", ""sel_10th_pre_bid"": ""+21500"", ""sel_9th_pre_req_pre"": ""0"", ""sel_9th_pre_req"": ""1909"", ""sel_9th_pre_bid"": ""+21450"", ""sel_8th_pre_req_pre"": ""0"", ""sel_8th_pre_req"": ""10111"", ""sel_8th_pre_bid"": ""+21400"", ""sel_7th_pre_req_pre"": ""0"", ""sel_7th_pre_req"": ""5013"", ""sel_7th_pre_bid"": ""+21350"", ""sel_6th_pre_req_pre"": ""0"", ""sel_6th_pre_req"": ""13455"", ""sel_6th_pre_bid"": ""+21300"", ""sel_5th_pre_req_pre"": ""0"", ""sel_5th_pre_req"": ""6814"", ""sel_5th_pre_bid"": ""+21250"", ""sel_4th_pre_req_pre"": ""0"", ""sel_4th_pre_req"": ""17415"", ""sel_4th_pre_bid"": ""+21200"", ""sel_3th_pre_req_pre"": ""0"", ""sel_3th_pre_req"": ""19999"", ""sel_3th_pre_bid"": ""+21150"", ""sel_2th_pre_req_pre"": ""0"", ""sel_2th_pre_req"": ""8362"", ""sel_2th_pre_bid"": ""+21100"", ""sel_1th_pre_req_pre"": ""0"", ""sel_fpr_req"": ""14582"", ""sel_fpr_bid"": ""+21050"", ""buy_fpr_bid"": ""+21000"", ""buy_fpr_req"": ""6365"", ""buy_1th_pre_req_pre"": ""0"", ""buy_2th_pre_bid"": ""+20950"", ""buy_2th_pre_req"": ""1227"", ""buy_2th_pre_req_pre"": ""0"", ""buy_3th_pre_bid"": ""+20900"", ""buy_3th_pre_req"": ""909"", ""buy_3th_pre_req_pre"": ""0"", ""buy_4th_pre_bid"": ""+20850"", ""buy_4th_pre_req"": ""3433"", ""buy_4th_pre_req_pre"": ""0"", ""buy_5th_pre_bid"": ""+20800"", ""buy_5th_pre_req"": ""2186"", ""buy_5th_pre_req_pre"": ""0"", ""buy_6th_pre_bid"": ""+20750"", ""buy_6th_pre_req"": ""1167"", ""buy_6th_pre_req_pre"": ""0"", ""buy_7th_pre_bid"": ""+20700"", ""buy_7th_pre_req"": ""2181"", ""buy_7th_pre_req_pre"": ""0"", ""buy_8th_pre_bid"": ""+20650"", ""buy_8th_pre_req"": ""2032"", ""buy_8th_pre_req_pre"": ""0"", ""buy_9th_pre_bid"": ""+20600"", ""buy_9th_pre_req"": ""3665"", ""buy_9th_pre_req_pre"": ""0"", ""buy_10th_pre_bid"": ""20550"", ""buy_10th_pre_req"": ""2691"", ""buy_10th_pre_req_pre"": ""0"", ""tot_sel_req_jub_pre"": ""0"", ""tot_sel_req"": ""143776"", ""tot_buy_req"": ""25856"", ""tot_buy_req_jub_pre"": ""0"", ""ovt_sel_req_pre"": ""0"", ""ovt_sel_req"": ""0"", ""ovt_buy_req"": ""0"", ""ovt_buy_req_pre"": ""0"", ""return_code"": 0, ""return_msg"": ""정상적으로 처리되었습니다""}"
2026-06-10,scan_candidate,079550,,0,main_scan,775000,,775000,774000,775000,777000,0.12903225806451613,0.12903225806451613,,,,,,"{""bid_req_base_tm"": ""105456"", ""sel_10th_pre_req_pre"": ""0"", ""sel_10th_pre_req"": ""152"", ""sel_10th_pre_bid"": ""+785000"", ""sel_9th_pre_req_pre"": ""0"", ""sel_9th_pre_req"": ""76"", ""sel_9th_pre_bid"": ""+784000"", ""sel_8th_pre_req_pre"": ""0"", ""sel_8th_pre_req"": ""123"", ""sel_8th_pre_bid"": ""+783000"", ""sel_7th_pre_req_pre"": ""0"", ""sel_7th_pre_req"": ""72"", ""sel_7th_pre_bid"": ""+782000"", ""sel_6th_pre_req_pre"": ""0"", ""sel_6th_pre_req"": ""42"", ""sel_6th_pre_bid"": ""+780000"", ""sel_5th_pre_req_pre"": ""0"", ""sel_5th_pre_req"": ""100"", ""sel_5th_pre_bid"": ""+779000"", ""sel_4th_pre_req_pre"": ""0"", ""sel_4th_pre_req"": ""128"", ""sel_4th_pre_bid"": ""+778000"", ""sel_3th_pre_req_pre"": ""0"", ""sel_3th_pre_req"": ""50"", ""sel_3th_pre_bid"": ""+777000"", ""sel_2th_pre_req_pre"": ""0"", ""sel_2th_pre_req"": ""15"", ""sel_2th_pre_bid"": ""+776000"", ""sel_1th_pre_req_pre"": ""0"", ""sel_fpr_req"": ""30"", ""sel_fpr_bid"": ""+775000"", ""buy_fpr_bid"": ""+774000"", ""buy_fpr_req"": ""68"", ""buy_1th_pre_req_pre"": ""0"", ""buy_2th_pre_bid"": ""+773000"", ""buy_2th_pre_req"": ""220"", ""buy_2th_pre_req_pre"": ""0"", ""buy_3th_pre_bid"": ""+772000"", ""buy_3th_pre_req"": ""213"", ""buy_3th_pre_req_pre"": ""0"", ""buy_4th_pre_bid"": ""+771000"", ""buy_4th_pre_req"": ""248"", ""buy_4th_pre_req_pre"": ""0"", ""buy_5th_pre_bid"": ""+770000"", ""buy_5th_pre_req"": ""119"", ""buy_5th_pre_req_pre"": ""0"", ""buy_6th_pre_bid"": ""+769000"", ""buy_6th_pre_req"": ""20"", ""buy_6th_pre_req_pre"": ""0"", ""buy_7th_pre_bid"": ""+768000"", ""buy_7th_pre_req"": ""32"", ""buy_7th_pre_req_pre"": ""0"", ""buy_8th_pre_bid"": ""+767000"", ""buy_8th_pre_req"": ""26"", ""buy_8th_pre_req_pre"": ""0"", ""buy_9th_pre_bid"": ""+766000"", ""buy_9th_pre_req"": ""14"", ""buy_9th_pre_req_pre"": ""0"", ""buy_10th_pre_bid"": ""+765000"", ""buy_10th_pre_req"": ""82"", ""buy_10th_pre_req_pre"": ""0"", ""tot_sel_req_jub_pre"": ""0"", ""tot_sel_req"": ""788"", ""tot_buy_req"": ""1042"", ""tot_buy_req_jub_pre"": ""0"", ""ovt_sel_req_pre"": ""0"", ""ovt_sel_req"": ""0"", ""ovt_buy_req"": ""0"", ""ovt_buy_req_pre"": ""0"", ""return_code"": 0, ""return_msg"": ""정상적으로 처리되었습니다""}"
2026-06-10,scan_candidate,278470,,0,main_scan,419000,,419000,418500,419000,418000,-0.35799522673031026,0.11933174224343676,,,,,,"{""bid_req_base_tm"": ""105456"", ""sel_10th_pre_req_pre"": ""0"", ""sel_10th_pre_req"": ""519"", ""sel_10th_pre_bid"": ""+423500"", ""sel_9th_pre_req_pre"": ""0"", ""sel_9th_pre_req"": ""733"", ""sel_9th_pre_bid"": ""+423000"", ""sel_8th_pre_req_pre"": ""0"", ""sel_8th_pre_req"": ""154"", ""sel_8th_pre_bid"": ""+422500"", ""sel_7th_pre_req_pre"": ""0"", ""sel_7th_pre_req"": ""340"", ""sel_7th_pre_bid"": ""+422000"", ""sel_6th_pre_req_pre"": ""0"", ""sel_6th_pre_req"": ""90"", ""sel_6th_pre_bid"": ""+421500"", ""sel_5th_pre_req_pre"": ""0"", ""sel_5th_pre_req"": ""151"", ""sel_5th_pre_bid"": ""+421000"", ""sel_4th_pre_req_pre"": ""0"", ""sel_4th_pre_req"": ""28"", ""sel_4th_pre_bid"": ""+420500"", ""sel_3th_pre_req_pre"": ""0"", ""sel_3th_pre_req"": ""297"", ""sel_3th_pre_bid"": ""+420000"", ""sel_2th_pre_req_pre"": ""0"", ""sel_2th_pre_req"": ""87"", ""sel_2th_pre_bid"": ""+419500"", ""sel_1th_pre_req_pre"": ""+1"", ""sel_fpr_req"": ""22"", ""sel_fpr_bid"": ""+419000"", ""buy_fpr_bid"": ""+418500"", ""buy_fpr_req"": ""23"", ""buy_1th_pre_req_pre"": ""0"", ""buy_2th_pre_bid"": ""+418000"", ""buy_2th_pre_req"": ""21"", ""buy_2th_pre_req_pre"": ""0"", ""buy_3th_pre_bid"": ""+417500"", ""buy_3th_pre_req"": ""79"", ""buy_3th_pre_req_pre"": ""0"", ""buy_4th_pre_bid"": ""+417000"", ""buy_4th_pre_req"": ""117"", ""buy_4th_pre_req_pre"": ""0"", ""buy_5th_pre_bid"": ""+416500"", ""buy_5th_pre_req"": ""54"", ""buy_5th_pre_req_pre"": ""0"", ""buy_6th_pre_bid"": ""+416000"", ""buy_6th_pre_req"": ""75"", ""buy_6th_pre_req_pre"": ""0"", ""buy_7th_pre_bid"": ""+415500"", ""buy_7th_pre_req"": ""99"", ""buy_7th_pre_req_pre"": ""0"", ""buy_8th_pre_bid"": ""+415000"", ""buy_8th_pre_req"": ""335"", ""buy_8th_pre_req_pre"": ""0"", ""buy_9th_pre_bid"": ""+414500"", ""buy_9th_pre_req"": ""247"", ""buy_9th_pre_req_pre"": ""0"", ""buy_10th_pre_bid"": ""+414000"", ""buy_10th_pre_req"": ""20"", ""buy_10th_pre_req_pre"": ""0"", ""tot_sel_req_jub_pre"": ""+1"", ""tot_sel_req"": ""2421"", ""tot_buy_req"": ""1070"", ""tot_buy_req_jub_pre"": ""0"", ""ovt_sel_req_pre"": ""0"", ""ovt_sel_req"": ""0"", ""ovt_buy_req"": ""0"", ""ovt_buy_req_pre"": ""0"", ""return_code"": 0, ""return_msg"": ""정상적으로 처리되었습니다""}"
2026-06-10,scan_candidate,030200,,0,main_scan,55100,,55100,55000,55100,54800,-0.7259528130671506,0.18148820326678766,,,,,,"{""bid_req_base_tm"": ""105456"", ""sel_10th_pre_req_pre"": ""0"", ""sel_10th_pre_req"": ""4298"", ""sel_10th_pre_bid"": ""+56000"", ""sel_9th_pre_req_pre"": ""0"", ""sel_9th_pre_req"": ""1578"", ""sel_9th_pre_bid"": ""+55900"", ""sel_8th_pre_req_pre"": ""0"", ""sel_8th_pre_req"": ""1648"", ""sel_8th_pre_bid"": ""+55800"", ""sel_7th_pre_req_pre"": ""0"", ""sel_7th_pre_req"": ""562"", ""sel_7th_pre_bid"": ""+55700"", ""sel_6th_pre_req_pre"": ""0"", ""sel_6th_pre_req"": ""781"", ""sel_6th_pre_bid"": ""+55600"", ""sel_5th_pre_req_pre"": ""0"", ""sel_5th_pre_req"": ""946"", ""sel_5th_pre_bid"": ""+55500"", ""sel_4th_pre_req_pre"": ""0"", ""sel_4th_pre_req"": ""1453"", ""sel_4th_pre_bid"": ""+55400"", ""sel_3th_pre_req_pre"": ""0"", ""sel_3th_pre_req"": ""1228"", ""sel_3th_pre_bid"": ""+55300"", ""sel_2th_pre_req_pre"": ""0"", ""sel_2th_pre_req"": ""1151"", ""sel_2th_pre_bid"": ""+55200"", ""sel_1th_pre_req_pre"": ""0"", ""sel_fpr_req"": ""1603"", ""sel_fpr_bid"": ""+55100"", ""buy_fpr_bid"": ""+55000"", ""buy_fpr_req"": ""598"", ""buy_1th_pre_req_pre"": ""--1"", ""buy_2th_pre_bid"": ""+54900"", ""buy_2th_pre_req"": ""348"", ""buy_2th_pre_req_pre"": ""0"", ""buy_3th_pre_bid"": ""+54800"", ""buy_3th_pre_req"": ""1207"", ""buy_3th_pre_req_pre"": ""0"", ""buy_4th_pre_bid"": ""+54700"", ""buy_4th_pre_req"": ""359"", ""buy_4th_pre_req_pre"": ""0"", ""buy_5th_pre_bid"": ""+54600"", ""buy_5th_pre_req"": ""242"", ""buy_5th_pre_req_pre"": ""0"", ""buy_6th_pre_bid"": ""+54500"", ""buy_6th_pre_req"": ""176"", ""buy_6th_pre_req_pre"": ""0"", ""buy_7th_pre_bid"": ""+54400"", ""buy_7th_pre_req"": ""450"", ""buy_7th_pre_req_pre"": ""0"", ""buy_8th_pre_bid"": ""+54300"", ""buy_8th_pre_req"": ""916"", ""buy_8th_pre_req_pre"": ""0"", ""buy_9th_pre_bid"": ""+54200"", ""buy_9th_pre_req"": ""1849"", ""buy_9th_pre_req_pre"": ""0"", ""buy_10th_pre_bid"": ""+54100"", ""buy_10th_pre_req"": ""470"", ""buy_10th_pre_req_pre"": ""0"", ""tot_sel_req_jub_pre"": ""0"", ""tot_sel_req"": ""15248"", ""tot_buy_req"": ""6615"", ""tot_buy_req_jub_pre"": ""--1"", ""ovt_sel_req_pre"": ""0"", ""ovt_sel_req"": ""0"", ""ovt_buy_req"": ""0"", ""ovt_buy_req_pre"": ""0"", ""return_code"": 0, ""return_msg"": ""정상적으로 처리되었습니다""}"
2026-06-10,scan_candidate,010950,,0,main_scan,111800,,111800,111700,111800,111000,-1.1627906976744187,0.08944543828264759,,,,,,"{""bid_req_base_tm"": ""105455"", ""sel_10th_pre_req_pre"": ""0"", ""sel_10th_pre_req"": ""36"", ""sel_10th_pre_bid"": ""+112700"", ""sel_9th_pre_req_pre"": ""0"", ""sel_9th_pre_req"": ""5"", ""sel_9th_pre_bid"": ""+112600"", ""sel_8th_pre_req_pre"": ""0"", ""sel_8th_pre_req"": ""4"", ""sel_8th_pre_bid"": ""+112500"", ""sel_7th_pre_req_pre"": ""0"", ""sel_7th_pre_req"": ""133"", ""sel_7th_pre_bid"": ""+112400"", ""sel_6th_pre_req_pre"": ""0"", ""sel_6th_pre_req"": ""10"", ""sel_6th_pre_bid"": ""+112300"", ""sel_5th_pre_req_pre"": ""0"", ""sel_5th_pre_req"": ""19"", ""sel_5th_pre_bid"": ""+112200"", ""sel_4th_pre_req_pre"": ""0"", ""sel_4th_pre_req"": ""12"", ""sel_4th_pre_bid"": ""+112100"", ""sel_3th_pre_req_pre"": ""0"", ""sel_3th_pre_req"": ""133"", ""sel_3th_pre_bid"": ""+112000"", ""sel_2th_pre_req_pre"": ""+1"", ""sel_2th_pre_req"": ""526"", ""sel_2th_pre_bid"": ""+111900"", ""sel_1th_pre_req_pre"": ""+1"", ""sel_fpr_req"": ""31"", ""sel_fpr_bid"": ""+111800"", ""buy_fpr_bid"": ""+111700"", ""buy_fpr_req"": ""127"", ""buy_1th_pre_req_pre"": ""0"", ""buy_2th_pre_bid"": ""+111600"", ""buy_2th_pre_req"": ""69"", ""buy_2th_pre_req_pre"": ""0"", ""buy_3th_pre_bid"": ""+111400"", ""buy_3th_pre_req"": ""4"", ""buy_3th_pre_req_pre"": ""0"", ""buy_4th_pre_bid"": ""+111300"", ""buy_4th_pre_req"": ""122"", ""buy_4th_pre_req_pre"": ""0"", ""buy_5th_pre_bid"": ""+111200"", ""buy_5th_pre_req"": ""45"", ""buy_5th_pre_req_pre"": ""0"", ""buy_6th_pre_bid"": ""+111100"", ""buy_6th_pre_req"": ""2"", ""buy_6th_pre_req_pre"": ""0"", ""buy_7th_pre_bid"": ""+111000"", ""buy_7th_pre_req"": ""100"", ""buy_7th_pre_req_pre"": ""0"", ""buy_8th_pre_bid"": ""110900"", ""buy_8th_pre_req"": ""28"", ""buy_8th_pre_req_pre"": ""0"", ""buy_9th_pre_bid"": ""-110800"", ""buy_9th_pre_req"": ""57"", ""buy_9th_pre_req_pre"": ""0"", ""buy_10th_pre_bid"": ""-110500"", ""buy_10th_pre_req"": ""2"", ""buy_10th_pre_req_pre"": ""0"", ""tot_sel_req_jub_pre"": ""+2"", ""tot_sel_req"": ""909"", ""tot_buy_req"": ""556"", ""tot_buy_req_jub_pre"": ""0"", ""ovt_sel_req_pre"": ""0"", ""ovt_sel_req"": ""0"", ""ovt_buy_req"": ""0"", ""ovt_buy_req_pre"": ""0"", ""return_code"": 0, ""return_msg"": ""정상적으로 처리되었습니다""}"
2026-06-10,scan_candidate,323410,,0,main_scan,24550,,24550,24500,24550,24400,-0.8146639511201629,0.20366598778004072,,,,,,"{""bid_req_base_tm"": ""105456"", ""sel_10th_pre_req_pre"": ""0"", ""sel_10th_pre_req"": ""15120"", ""sel_10th_pre_bid"": ""+25000"", ""sel_9th_pre_req_pre"": ""0"", ""sel_9th_pre_req"": ""10172"", ""sel_9th_pre_bid"": ""+24950"", ""sel_8th_pre_req_pre"": ""0"", ""sel_8th_pre_req"": ""6150"", ""sel_8th_pre_bid"": ""+24900"", ""sel_7th_pre_req_pre"": ""0"", ""sel_7th_pre_req"": ""7715"", ""sel_7th_pre_bid"": ""+24850"", ""sel_6th_pre_req_pre"": ""0"", ""sel_6th_pre_req"": ""14608"", ""sel_6th_pre_bid"": ""+24800"", ""sel_5th_pre_req_pre"": ""0"", ""sel_5th_pre_req"": ""5204"", ""sel_5th_pre_bid"": ""+24750"", ""sel_4th_pre_req_pre"": ""0"", ""sel_4th_pre_req"": ""1677"", ""sel_4th_pre_bid"": ""+24700"", ""sel_3th_pre_req_pre"": ""0"", ""sel_3th_pre_req"": ""531"", ""sel_3th_pre_bid"": ""+24650"", ""sel_2th_pre_req_pre"": ""0"", ""sel_2th_pre_req"": ""1030"", ""sel_2th_pre_bid"": ""+24600"", ""sel_1th_pre_req_pre"": ""0"", ""sel_fpr_req"": ""338"", ""sel_fpr_bid"": ""+24550"", ""buy_fpr_bid"": ""+24500"", ""buy_fpr_req"": ""5143"", ""buy_1th_pre_req_pre"": ""0"", ""buy_2th_pre_bid"": ""+24450"", ""buy_2th_pre_req"": ""2178"", ""buy_2th_pre_req_pre"": ""0"", ""buy_3th_pre_bid"": ""24400"", ""buy_3th_pre_req"": ""2765"", ""buy_3th_pre_req_pre"": ""0"", ""buy_4th_pre_bid"": ""-24350"", ""buy_4th_pre_req"": ""2084"", ""buy_4th_pre_req_pre"": ""0"", ""buy_5th_pre_bid"": ""-24300"", ""buy_5th_pre_req"": ""1104"", ""buy_5th_pre_req_pre"": ""0"", ""buy_6th_pre_bid"": ""-24250"", ""buy_6th_pre_req"": ""1959"", ""buy_6th_pre_req_pre"": ""0"", ""buy_7th_pre_bid"": ""-24200"", ""buy_7th_pre_req"": ""1310"", ""buy_7th_pre_req_pre"": ""0"", ""buy_8th_pre_bid"": ""-24150"", ""buy_8th_pre_req"": ""1292"", ""buy_8th_pre_req_pre"": ""0"", ""buy_9th_pre_bid"": ""-24100"", ""buy_9th_pre_req"": ""1098"", ""buy_9th_pre_req_pre"": ""0"", ""buy_10th_pre_bid"": ""-24050"", ""buy_10th_pre_req"": ""1528"", ""buy_10th_pre_req_pre"": ""0"", ""tot_sel_req_jub_pre"": ""0"", ""tot_sel_req"": ""62545"", ""tot_buy_req"": ""20461"", ""tot_buy_req_jub_pre"": ""0"", ""ovt_sel_req_pre"": ""0"", ""ovt_sel_req"": ""0"", ""ovt_buy_req"": ""0"", ""ovt_buy_req_pre"": ""0"", ""return_code"": 0, ""return_msg"": ""정상적으로 처리되었습니다""}"
2026-06-10,scan_candidate,005940,,0,main_scan,31000,,31000,30950,31000,31100,0.16129032258064516,0.16129032258064516,,,,,,"{""bid_req_base_tm"": ""105457"", ""sel_10th_pre_req_pre"": ""0"", ""sel_10th_pre_req"": ""29"", ""sel_10th_pre_bid"": ""+31450"", ""sel_9th_pre_req_pre"": ""0"", ""sel_9th_pre_req"": ""324"", ""sel_9th_pre_bid"": ""+31400"", ""sel_8th_pre_req_pre"": ""0"", ""sel_8th_pre_req"": ""59"", ""sel_8th_pre_bid"": ""+31350"", ""sel_7th_pre_req_pre"": ""0"", ""sel_7th_pre_req"": ""1072"", ""sel_7th_pre_bid"": ""+31300"", ""sel_6th_pre_req_pre"": ""0"", ""sel_6th_pre_req"": ""188"", ""sel_6th_pre_bid"": ""31250"", ""sel_5th_pre_req_pre"": ""0"", ""sel_5th_pre_req"": ""852"", ""sel_5th_pre_bid"": ""-31200"", ""sel_4th_pre_req_pre"": ""0"", ""sel_4th_pre_req"": ""332"", ""sel_4th_pre_bid"": ""-31150"", ""sel_3th_pre_req_pre"": ""0"", ""sel_3th_pre_req"": ""146"", ""sel_3th_pre_bid"": ""-31100"", ""sel_2th_pre_req_pre"": ""0"", ""sel_2th_pre_req"": ""926"", ""sel_2th_pre_bid"": ""-31050"", ""sel_1th_pre_req_pre"": ""0"", ""sel_fpr_req"": ""2666"", ""sel_fpr_bid"": ""-31000"", ""buy_fpr_bid"": ""-30950"", ""buy_fpr_req"": ""4550"", ""buy_1th_pre_req_pre"": ""+46"", ""buy_2th_pre_bid"": ""-30900"", ""buy_2th_pre_req"": ""66"", ""buy_2th_pre_req_pre"": ""0"", ""buy_3th_pre_bid"": ""-30850"", ""buy_3th_pre_req"": ""1580"", ""buy_3th_pre_req_pre"": ""0"", ""buy_4th_pre_bid"": ""-30800"", ""buy_4th_pre_req"": ""1183"", ""buy_4th_pre_req_pre"": ""0"", ""buy_5th_pre_bid"": ""-30750"", ""buy_5th_pre_req"": ""281"", ""buy_5th_pre_req_pre"": ""0"", ""buy_6th_pre_bid"": ""-30700"", ""buy_6th_pre_req"": ""157"", ""buy_6th_pre_req_pre"": ""0"", ""buy_7th_pre_bid"": ""-30650"", ""buy_7th_pre_req"": ""146"", ""buy_7th_pre_req_pre"": ""0"", ""buy_8th_pre_bid"": ""-30600"", ""buy_8th_pre_req"": ""390"", ""buy_8th_pre_req_pre"": ""0"", ""buy_9th_pre_bid"": ""-30550"", ""buy_9th_pre_req"": ""387"", ""buy_9th_pre_req_pre"": ""0"", ""buy_10th_pre_bid"": ""-30500"", ""buy_10th_pre_req"": ""962"", ""buy_10th_pre_req_pre"": ""0"", ""tot_sel_req_jub_pre"": ""0"", ""tot_sel_req"": ""6594"", ""tot_buy_req"": ""9702"", ""tot_buy_req_jub_pre"": ""+46"", ""ovt_sel_req_pre"": ""0"", ""ovt_sel_req"": ""0"", ""ovt_buy_req"": ""0"", ""ovt_buy_req_pre"": ""0"", ""return_code"": 0, ""return_msg"": ""정상적으로 처리되었습니다""}"
2026-06-10,scan_candidate,064400,,0,main_scan,96200,,96200,96100,96200,96400,0.10395010395010396,0.10395010395010396,,,,,,"{""bid_req_base_tm"": ""105457"", ""sel_10th_pre_req_pre"": ""0"", ""sel_10th_pre_req"": ""134"", ""sel_10th_pre_bid"": ""-97100"", ""sel_9th_pre_req_pre"": ""0"", ""sel_9th_pre_req"": ""1271"", ""sel_9th_pre_bid"": ""-97000"", ""sel_8th_pre_req_pre"": ""0"", ""sel_8th_pre_req"": ""441"", ""sel_8th_pre_bid"": ""-96900"", ""sel_7th_pre_req_pre"": ""0"", ""sel_7th_pre_req"": ""185"", ""sel_7th_pre_bid"": ""-96800"", ""sel_6th_pre_req_pre"": ""0"", ""sel_6th_pre_req"": ""256"", ""sel_6th_pre_bid"": ""-96700"", ""sel_5th_pre_req_pre"": ""0"", ""sel_5th_pre_req"": ""137"", ""sel_5th_pre_bid"": ""-96600"", ""sel_4th_pre_req_pre"": ""0"", ""sel_4th_pre_req"": ""32"", ""sel_4th_pre_bid"": ""-96500"", ""sel_3th_pre_req_pre"": ""0"", ""sel_3th_pre_req"": ""139"", ""sel_3th_pre_bid"": ""-96400"", ""sel_2th_pre_req_pre"": ""0"", ""sel_2th_pre_req"": ""95"", ""sel_2th_pre_bid"": ""-96300"", ""sel_1th_pre_req_pre"": ""+1"", ""sel_fpr_req"": ""969"", ""sel_fpr_bid"": ""-96200"", ""buy_fpr_bid"": ""-96100"", ""buy_fpr_req"": ""169"", ""buy_1th_pre_req_pre"": ""0"", ""buy_2th_pre_bid"": ""-96000"", ""buy_2th_pre_req"": ""268"", ""buy_2th_pre_req_pre"": ""0"", ""buy_3th_pre_bid"": ""-95900"", ""buy_3th_pre_req"": ""427"", ""buy_3th_pre_req_pre"": ""0"", ""buy_4th_pre_bid"": ""-95800"", ""buy_4th_pre_req"": ""1825"", ""buy_4th_pre_req_pre"": ""0"", ""buy_5th_pre_bid"": ""-95700"", ""buy_5th_pre_req"": ""1048"", ""buy_5th_pre_req_pre"": ""0"", ""buy_6th_pre_bid"": ""-95600"", ""buy_6th_pre_req"": ""1182"", ""buy_6th_pre_req_pre"": ""0"", ""buy_7th_pre_bid"": ""-95500"", ""buy_7th_pre_req"": ""1739"", ""buy_7th_pre_req_pre"": ""0"", ""buy_8th_pre_bid"": ""-95400"", ""buy_8th_pre_req"": ""1717"", ""buy_8th_pre_req_pre"": ""0"", ""buy_9th_pre_bid"": ""-95300"", ""buy_9th_pre_req"": ""2493"", ""buy_9th_pre_req_pre"": ""0"", ""buy_10th_pre_bid"": ""-95200"", ""buy_10th_pre_req"": ""3272"", ""buy_10th_pre_req_pre"": ""0"", ""tot_sel_req_jub_pre"": ""+1"", ""tot_sel_req"": ""3659"", ""tot_buy_req"": ""14140"", ""tot_buy_req_jub_pre"": ""0"", ""ovt_sel_req_pre"": ""0"", ""ovt_sel_req"": ""0"", ""ovt_buy_req"": ""0"", ""ovt_buy_req_pre"": ""0"", ""return_code"": 0, ""return_msg"": ""정상적으로 처리되었습니다""}"
2026-06-10,scan_candidate,003490,,0,main_scan,25700,,25700,25650,25700,25450,-1.1673151750972763,0.19455252918287938,,,,,,"{""bid_req_base_tm"": ""105457"", ""sel_10th_pre_req_pre"": ""0"", ""sel_10th_pre_req"": ""5444"", ""sel_10th_pre_bid"": ""+26150"", ""sel_9th_pre_req_pre"": ""0"", ""sel_9th_pre_req"": ""16464"", ""sel_9th_pre_bid"": ""+26100"", ""sel_8th_pre_req_pre"": ""0"", ""sel_8th_pre_req"": ""3228"", ""sel_8th_pre_bid"": ""+26050"", ""sel_7th_pre_req_pre"": ""0"", ""sel_7th_pre_req"": ""46621"", ""sel_7th_pre_bid"": ""+26000"", ""sel_6th_pre_req_pre"": ""0"", ""sel_6th_pre_req"": ""27261"", ""sel_6th_pre_bid"": ""+25950"", ""sel_5th_pre_req_pre"": ""0"", ""sel_5th_pre_req"": ""18461"", ""sel_5th_pre_bid"": ""+25900"", ""sel_4th_pre_req_pre"": ""0"", ""sel_4th_pre_req"": ""12363"", ""sel_4th_pre_bid"": ""+25850"", ""sel_3th_pre_req_pre"": ""0"", ""sel_3th_pre_req"": ""50794"", ""sel_3th_pre_bid"": ""+25800"", ""sel_2th_pre_req_pre"": ""0"", ""sel_2th_pre_req"": ""12177"", ""sel_2th_pre_bid"": ""+25750"", ""sel_1th_pre_req_pre"": ""+1"", ""sel_fpr_req"": ""6901"", ""sel_fpr_bid"": ""+25700"", ""buy_fpr_bid"": ""+25650"", ""buy_fpr_req"": ""1724"", ""buy_1th_pre_req_pre"": ""0"", ""buy_2th_pre_bid"": ""+25600"", ""buy_2th_pre_req"": ""1826"", ""buy_2th_pre_req_pre"": ""0"", ""buy_3th_pre_bid"": ""+25500"", ""buy_3th_pre_req"": ""698"", ""buy_3th_pre_req_pre"": ""0"", ""buy_4th_pre_bid"": ""+25450"", ""buy_4th_pre_req"": ""2112"", ""buy_4th_pre_req_pre"": ""0"", ""buy_5th_pre_bid"": ""+25400"", ""buy_5th_pre_req"": ""2406"", ""buy_5th_pre_req_pre"": ""0"", ""buy_6th_pre_bid"": ""+25350"", ""buy_6th_pre_req"": ""2492"", ""buy_6th_pre_req_pre"": ""0"", ""buy_7th_pre_bid"": ""+25300"", ""buy_7th_pre_req"": ""3092"", ""buy_7th_pre_req_pre"": ""0"", ""buy_8th_pre_bid"": ""+25250"", ""buy_8th_pre_req"": ""5850"", ""buy_8th_pre_req_pre"": ""0"", ""buy_9th_pre_bid"": ""+25200"", ""buy_9th_pre_req"": ""7323"", ""buy_9th_pre_req_pre"": ""0"", ""buy_10th_pre_bid"": ""+25150"", ""buy_10th_pre_req"": ""2963"", ""buy_10th_pre_req_pre"": ""0"", ""tot_sel_req_jub_pre"": ""+1"", ""tot_sel_req"": ""199714"", ""tot_buy_req"": ""30486"", ""tot_buy_req_jub_pre"": ""0"", ""ovt_sel_req_pre"": ""0"", ""ovt_sel_req"": ""0"", ""ovt_buy_req"": ""0"", ""ovt_buy_req_pre"": ""0"", ""return_code"": 0, ""return_msg"": ""정상적으로 처리되었습니다""}"
2026-06-10,scan_candidate,161390,,0,main_scan,71000,,71000,70900,71000,71200,0.14084507042253522,0.14084507042253522,,,,,,"{""bid_req_base_tm"": ""105457"", ""sel_10th_pre_req_pre"": ""0"", ""sel_10th_pre_req"": ""325"", ""sel_10th_pre_bid"": ""-71900"", ""sel_9th_pre_req_pre"": ""0"", ""sel_9th_pre_req"": ""144"", ""sel_9th_pre_bid"": ""-71800"", ""sel_8th_pre_req_pre"": ""0"", ""sel_8th_pre_req"": ""11"", ""sel_8th_pre_bid"": ""-71700"", ""sel_7th_pre_req_pre"": ""0"", ""sel_7th_pre_req"": ""17"", ""sel_7th_pre_bid"": ""-71600"", ""sel_6th_pre_req_pre"": ""0"", ""sel_6th_pre_req"": ""58"", ""sel_6th_pre_bid"": ""-71500"", ""sel_5th_pre_req_pre"": ""0"", ""sel_5th_pre_req"": ""33"", ""sel_5th_pre_bid"": ""-71400"", ""sel_4th_pre_req_pre"": ""0"", ""sel_4th_pre_req"": ""28"", ""sel_4th_pre_bid"": ""-71300"", ""sel_3th_pre_req_pre"": ""0"", ""sel_3th_pre_req"": ""57"", ""sel_3th_pre_bid"": ""-71200"", ""sel_2th_pre_req_pre"": ""0"", ""sel_2th_pre_req"": ""303"", ""sel_2th_pre_bid"": ""-71100"", ""sel_1th_pre_req_pre"": ""+2"", ""sel_fpr_req"": ""1191"", ""sel_fpr_bid"": ""-71000"", ""buy_fpr_bid"": ""-70900"", ""buy_fpr_req"": ""1640"", ""buy_1th_pre_req_pre"": ""0"", ""buy_2th_pre_bid"": ""-70800"", ""buy_2th_pre_req"": ""164"", ""buy_2th_pre_req_pre"": ""0"", ""buy_3th_pre_bid"": ""-70700"", ""buy_3th_pre_req"": ""202"", ""buy_3th_pre_req_pre"": ""0"", ""buy_4th_pre_bid"": ""-70600"", ""buy_4th_pre_req"": ""1"", ""buy_4th_pre_req_pre"": ""0"", ""buy_5th_pre_bid"": ""-70500"", ""buy_5th_pre_req"": ""251"", ""buy_5th_pre_req_pre"": ""0"", ""buy_6th_pre_bid"": ""-70400"", ""buy_6th_pre_req"": ""75"", ""buy_6th_pre_req_pre"": ""0"", ""buy_7th_pre_bid"": ""-70300"", ""buy_7th_pre_req"": ""148"", ""buy_7th_pre_req_pre"": ""0"", ""buy_8th_pre_bid"": ""-70200"", ""buy_8th_pre_req"": ""93"", ""buy_8th_pre_req_pre"": ""0"", ""buy_9th_pre_bid"": ""-70100"", ""buy_9th_pre_req"": ""163"", ""buy_9th_pre_req_pre"": ""0"", ""buy_10th_pre_bid"": ""-70000"", ""buy_10th_pre_req"": ""148"", ""buy_10th_pre_req_pre"": ""0"", ""tot_sel_req_jub_pre"": ""+2"", ""tot_sel_req"": ""2167"", ""tot_buy_req"": ""2885"", ""tot_buy_req_jub_pre"": ""0"", ""ovt_sel_req_pre"": ""0"", ""ovt_sel_req"": ""0"", ""ovt_buy_req"": ""0"", ""ovt_buy_req_pre"": ""0"", ""return_code"": 0, ""return_msg"": ""정상적으로 처리되었습니다""}"
2026-06-10,scan_candidate,003230,,0,main_scan,1148000,,1148000,1147000,1148000,1146000,-0.2613240418118467,0.08710801393728224,,,,,,"{""bid_req_base_tm"": ""105457"", ""sel_10th_pre_req_pre"": ""0"", ""sel_10th_pre_req"": ""10"", ""sel_10th_pre_bid"": ""+1157000"", ""sel_9th_pre_req_pre"": ""0"", ""sel_9th_pre_req"": ""14"", ""sel_9th_pre_bid"": ""+1156000"", ""sel_8th_pre_req_pre"": ""0"", ""sel_8th_pre_req"": ""13"", ""sel_8th_pre_bid"": ""+1155000"", ""sel_7th_pre_req_pre"": ""0"", ""sel_7th_pre_req"": ""28"", ""sel_7th_pre_bid"": ""+1154000"", ""sel_6th_pre_req_pre"": ""0"", ""sel_6th_pre_req"": ""11"", ""sel_6th_pre_bid"": ""+1153000"", ""sel_5th_pre_req_pre"": ""+1"", ""sel_5th_pre_req"": ""41"", ""sel_5th_pre_bid"": ""+1152000"", ""sel_4th_pre_req_pre"": ""0"", ""sel_4th_pre_req"": ""25"", ""sel_4th_pre_bid"": ""+1151000"", ""sel_3th_pre_req_pre"": ""0"", ""sel_3th_pre_req"": ""50"", ""sel_3th_pre_bid"": ""+1150000"", ""sel_2th_pre_req_pre"": ""0"", ""sel_2th_pre_req"": ""8"", ""sel_2th_pre_bid"": ""+1149000"", ""sel_1th_pre_req_pre"": ""0"", ""sel_fpr_req"": ""38"", ""sel_fpr_bid"": ""+1148000"", ""buy_fpr_bid"": ""+1147000"", ""buy_fpr_req"": ""8"", ""buy_1th_pre_req_pre"": ""0"", ""buy_2th_pre_bid"": ""+1146000"", ""buy_2th_pre_req"": ""19"", ""buy_2th_pre_req_pre"": ""0"", ""buy_3th_pre_bid"": ""+1145000"", ""buy_3th_pre_req"": ""9"", ""buy_3th_pre_req_pre"": ""0"", ""buy_4th_pre_bid"": ""+1144000"", ""buy_4th_pre_req"": ""9"", ""buy_4th_pre_req_pre"": ""0"", ""buy_5th_pre_bid"": ""+1143000"", ""buy_5th_pre_req"": ""9"", ""buy_5th_pre_req_pre"": ""0"", ""buy_6th_pre_bid"": ""+1142000"", ""buy_6th_pre_req"": ""16"", ""buy_6th_pre_req_pre"": ""0"", ""buy_7th_pre_bid"": ""+1141000"", ""buy_7th_pre_req"": ""103"", ""buy_7th_pre_req_pre"": ""0"", ""buy_8th_pre_bid"": ""+1140000"", ""buy_8th_pre_req"": ""16"", ""buy_8th_pre_req_pre"": ""0"", ""buy_9th_pre_bid"": ""+1139000"", ""buy_9th_pre_req"": ""3"", ""buy_9th_pre_req_pre"": ""0"", ""buy_10th_pre_bid"": ""+1138000"", ""buy_10th_pre_req"": ""11"", ""buy_10th_pre_req_pre"": ""0"", ""tot_sel_req_jub_pre"": ""+1"", ""tot_sel_req"": ""238"", ""tot_buy_req"": ""203"", ""tot_buy_req_jub_pre"": ""0"", ""ovt_sel_req_pre"": ""0"", ""ovt_sel_req"": ""0"", ""ovt_buy_req"": ""0"", ""ovt_buy_req_pre"": ""0"", ""return_code"": 0, ""return_msg"": ""정상적으로 처리되었습니다""}"
2026-06-10,scan_candidate,000880,,0,main_scan,119200,,119200,119100,119200,119500,-0.16778523489932887,0.08389261744966443,,,,,,"{""bid_req_base_tm"": ""105457"", ""sel_10th_pre_req_pre"": ""0"", ""sel_10th_pre_req"": ""23"", ""sel_10th_pre_bid"": ""+120500"", ""sel_9th_pre_req_pre"": ""0"", ""sel_9th_pre_req"": ""5"", ""sel_9th_pre_bid"": ""+120400"", ""sel_8th_pre_req_pre"": ""0"", ""sel_8th_pre_req"": ""58"", ""sel_8th_pre_bid"": ""+120200"", ""sel_7th_pre_req_pre"": ""0"", ""sel_7th_pre_req"": ""151"", ""sel_7th_pre_bid"": ""+120000"", ""sel_6th_pre_req_pre"": ""0"", ""sel_6th_pre_req"": ""30"", ""sel_6th_pre_bid"": ""+119800"", ""sel_5th_pre_req_pre"": ""0"", ""sel_5th_pre_req"": ""22"", ""sel_5th_pre_bid"": ""+119700"", ""sel_4th_pre_req_pre"": ""0"", ""sel_4th_pre_req"": ""38"", ""sel_4th_pre_bid"": ""+119600"", ""sel_3th_pre_req_pre"": ""0"", ""sel_3th_pre_req"": ""53"", ""sel_3th_pre_bid"": ""+119500"", ""sel_2th_pre_req_pre"": ""0"", ""sel_2th_pre_req"": ""27"", ""sel_2th_pre_bid"": ""+119400"", ""sel_1th_pre_req_pre"": ""0"", ""sel_fpr_req"": ""72"", ""sel_fpr_bid"": ""+119200"", ""buy_fpr_bid"": ""+119100"", ""buy_fpr_req"": ""668"", ""buy_1th_pre_req_pre"": ""--1"", ""buy_2th_pre_bid"": ""+119000"", ""buy_2th_pre_req"": ""21"", ""buy_2th_pre_req_pre"": ""0"", ""buy_3th_pre_bid"": ""+118800"", ""buy_3th_pre_req"": ""42"", ""buy_3th_pre_req_pre"": ""0"", ""buy_4th_pre_bid"": ""+118600"", ""buy_4th_pre_req"": ""16"", ""buy_4th_pre_req_pre"": ""0"", ""buy_5th_pre_bid"": ""+118500"", ""buy_5th_pre_req"": ""653"", ""buy_5th_pre_req_pre"": ""0"", ""buy_6th_pre_bid"": ""+118400"", ""buy_6th_pre_req"": ""2"", ""buy_6th_pre_req_pre"": ""0"", ""buy_7th_pre_bid"": ""+118300"", ""buy_7th_pre_req"": ""86"", ""buy_7th_pre_req_pre"": ""0"", ""buy_8th_pre_bid"": ""+118100"", ""buy_8th_pre_req"": ""200"", ""buy_8th_pre_req_pre"": ""0"", ""buy_9th_pre_bid"": ""+118000"", ""buy_9th_pre_req"": ""16"", ""buy_9th_pre_req_pre"": ""0"", ""buy_10th_pre_bid"": ""+117900"", ""buy_10th_pre_req"": ""3"", ""buy_10th_pre_req_pre"": ""0"", ""tot_sel_req_jub_pre"": ""0"", ""tot_sel_req"": ""479"", ""tot_buy_req"": ""1707"", ""tot_buy_req_jub_pre"": ""--1"", ""ovt_sel_req_pre"": ""0"", ""ovt_sel_req"": ""0"", ""ovt_buy_req"": ""0"", ""ovt_buy_req_pre"": ""0"", ""return_code"": 0, ""return_msg"": ""정상적으로 처리되었습니다""}"
2026-06-10,scan_candidate,180640,,0,main_scan,119400,,119400,119300,119400,119000,-0.7537688442211055,0.08375209380234507,,,,,,"{""bid_req_base_tm"": ""105457"", ""sel_10th_pre_req_pre"": ""0"", ""sel_10th_pre_req"": ""7"", ""sel_10th_pre_bid"": ""+120400"", ""sel_9th_pre_req_pre"": ""0"", ""sel_9th_pre_req"": ""6"", ""sel_9th_pre_bid"": ""+120300"", ""sel_8th_pre_req_pre"": ""0"", ""sel_8th_pre_req"": ""130"", ""sel_8th_pre_bid"": ""+120100"", ""sel_7th_pre_req_pre"": ""0"", ""sel_7th_pre_req"": ""83"", ""sel_7th_pre_bid"": ""+120000"", ""sel_6th_pre_req_pre"": ""0"", ""sel_6th_pre_req"": ""511"", ""sel_6th_pre_bid"": ""+119900"", ""sel_5th_pre_req_pre"": ""0"", ""sel_5th_pre_req"": ""136"", ""sel_5th_pre_bid"": ""+119800"", ""sel_4th_pre_req_pre"": ""0"", ""sel_4th_pre_req"": ""50"", ""sel_4th_pre_bid"": ""+119700"", ""sel_3th_pre_req_pre"": ""0"", ""sel_3th_pre_req"": ""230"", ""sel_3th_pre_bid"": ""+119600"", ""sel_2th_pre_req_pre"": ""+2"", ""sel_2th_pre_req"": ""288"", ""sel_2th_pre_bid"": ""+119500"", ""sel_1th_pre_req_pre"": ""0"", ""sel_fpr_req"": ""26"", ""sel_fpr_bid"": ""+119400"", ""buy_fpr_bid"": ""+119300"", ""buy_fpr_req"": ""21"", ""buy_1th_pre_req_pre"": ""0"", ""buy_2th_pre_bid"": ""+119200"", ""buy_2th_pre_req"": ""13"", ""buy_2th_pre_req_pre"": ""0"", ""buy_3th_pre_bid"": ""+119100"", ""buy_3th_pre_req"": ""30"", ""buy_3th_pre_req_pre"": ""0"", ""buy_4th_pre_bid"": ""+119000"", ""buy_4th_pre_req"": ""110"", ""buy_4th_pre_req_pre"": ""0"", ""buy_5th_pre_bid"": ""+118900"", ""buy_5th_pre_req"": ""100"", ""buy_5th_pre_req_pre"": ""0"", ""buy_6th_pre_bid"": ""+118800"", ""buy_6th_pre_req"": ""169"", ""buy_6th_pre_req_pre"": ""0"", ""buy_7th_pre_bid"": ""+118700"", ""buy_7th_pre_req"": ""4"", ""buy_7th_pre_req_pre"": ""0"", ""buy_8th_pre_bid"": ""+118600"", ""buy_8th_pre_req"": ""1"", ""buy_8th_pre_req_pre"": ""0"", ""buy_9th_pre_bid"": ""+118500"", ""buy_9th_pre_req"": ""6"", ""buy_9th_pre_req_pre"": ""0"", ""buy_10th_pre_bid"": ""+118400"", ""buy_10th_pre_req"": ""327"", ""buy_10th_pre_req_pre"": ""0"", ""tot_sel_req_jub_pre"": ""+2"", ""tot_sel_req"": ""1467"", ""tot_buy_req"": ""781"", ""tot_buy_req_jub_pre"": ""0"", ""ovt_sel_req_pre"": ""0"", ""ovt_sel_req"": ""0"", ""ovt_buy_req"": ""0"", ""ovt_buy_req_pre"": ""0"", ""return_code"": 0, ""return_msg"": ""정상적으로 처리되었습니다""}"
2026-06-10,scan_candidate,454910,,0,main_scan,109900,,109900,109800,109900,110000,-0.3639672429481347,0.09099181073703368,,,,,,"{""bid_req_base_tm"": ""105458"", ""sel_10th_pre_req_pre"": ""0"", ""sel_10th_pre_req"": ""53"", ""sel_10th_pre_bid"": ""-110800"", ""sel_9th_pre_req_pre"": ""0"", ""sel_9th_pre_req"": ""106"", ""sel_9th_pre_bid"": ""-110700"", ""sel_8th_pre_req_pre"": ""0"", ""sel_8th_pre_req"": ""95"", ""sel_8th_pre_bid"": ""-110600"", ""sel_7th_pre_req_pre"": ""0"", ""sel_7th_pre_req"": ""28"", ""sel_7th_pre_bid"": ""-110500"", ""sel_6th_pre_req_pre"": ""0"", ""sel_6th_pre_req"": ""70"", ""sel_6th_pre_bid"": ""-110400"", ""sel_5th_pre_req_pre"": ""0"", ""sel_5th_pre_req"": ""65"", ""sel_5th_pre_bid"": ""-110300"", ""sel_4th_pre_req_pre"": ""0"", ""sel_4th_pre_req"": ""469"", ""sel_4th_pre_bid"": ""-110200"", ""sel_3th_pre_req_pre"": ""0"", ""sel_3th_pre_req"": ""37"", ""sel_3th_pre_bid"": ""-110100"", ""sel_2th_pre_req_pre"": ""--26"", ""sel_2th_pre_req"": ""836"", ""sel_2th_pre_bid"": ""-110000"", ""sel_1th_pre_req_pre"": ""+26"", ""sel_fpr_req"": ""881"", ""sel_fpr_bid"": ""-109900"", ""buy_fpr_bid"": ""-109800"", ""buy_fpr_req"": ""1617"", ""buy_1th_pre_req_pre"": ""0"", ""buy_2th_pre_bid"": ""-109700"", ""buy_2th_pre_req"": ""1495"", ""buy_2th_pre_req_pre"": ""0"", ""buy_3th_pre_bid"": ""-109600"", ""buy_3th_pre_req"": ""2063"", ""buy_3th_pre_req_pre"": ""0"", ""buy_4th_pre_bid"": ""-109500"", ""buy_4th_pre_req"": ""6422"", ""buy_4th_pre_req_pre"": ""0"", ""buy_5th_pre_bid"": ""-109400"", ""buy_5th_pre_req"": ""2055"", ""buy_5th_pre_req_pre"": ""0"", ""buy_6th_pre_bid"": ""-109300"", ""buy_6th_pre_req"": ""2177"", ""buy_6th_pre_req_pre"": ""0"", ""buy_7th_pre_bid"": ""-109200"", ""buy_7th_pre_req"": ""3711"", ""buy_7th_pre_req_pre"": ""0"", ""buy_8th_pre_bid"": ""-109100"", ""buy_8th_pre_req"": ""2806"", ""buy_8th_pre_req_pre"": ""0"", ""buy_9th_pre_bid"": ""-109000"", ""buy_9th_pre_req"": ""5588"", ""buy_9th_pre_req_pre"": ""0"", ""buy_10th_pre_bid"": ""-108900"", ""buy_10th_pre_req"": ""1249"", ""buy_10th_pre_req_pre"": ""0"", ""tot_sel_req_jub_pre"": ""0"", ""tot_sel_req"": ""2640"", ""tot_buy_req"": ""29183"", ""tot_buy_req_jub_pre"": ""0"", ""ovt_sel_req_pre"": ""0"", ""ovt_sel_req"": ""0"", ""ovt_buy_req"": ""0"", ""ovt_buy_req_pre"": ""0"", ""return_code"": 0, ""return_msg"": ""정상적으로 처리되었습니다""}"
2026-06-10,scan_candidate,353200,,0,main_scan,156500,,156500,156400,156500,156500,-0.3194888178913738,0.06389776357827476,,,,,,"{""bid_req_base_tm"": ""105458"", ""sel_10th_pre_req_pre"": ""0"", ""sel_10th_pre_req"": ""27"", ""sel_10th_pre_bid"": ""+157700"", ""sel_9th_pre_req_pre"": ""0"", ""sel_9th_pre_req"": ""19"", ""sel_9th_pre_bid"": ""+157600"", ""sel_8th_pre_req_pre"": ""0"", ""sel_8th_pre_req"": ""39"", ""sel_8th_pre_bid"": ""+157500"", ""sel_7th_pre_req_pre"": ""0"", ""sel_7th_pre_req"": ""15"", ""sel_7th_pre_bid"": ""+157400"", ""sel_6th_pre_req_pre"": ""0"", ""sel_6th_pre_req"": ""212"", ""sel_6th_pre_bid"": ""+157200"", ""sel_5th_pre_req_pre"": ""0"", ""sel_5th_pre_req"": ""120"", ""sel_5th_pre_bid"": ""+157100"", ""sel_4th_pre_req_pre"": ""--9"", ""sel_4th_pre_req"": ""75"", ""sel_4th_pre_bid"": ""+157000"", ""sel_3th_pre_req_pre"": ""0"", ""sel_3th_pre_req"": ""2"", ""sel_3th_pre_bid"": ""+156900"", ""sel_2th_pre_req_pre"": ""+8"", ""sel_2th_pre_req"": ""12"", ""sel_2th_pre_bid"": ""+156600"", ""sel_1th_pre_req_pre"": ""0"", ""sel_fpr_req"": ""3"", ""sel_fpr_bid"": ""+156500"", ""buy_fpr_bid"": ""+156400"", ""buy_fpr_req"": ""24"", ""buy_1th_pre_req_pre"": ""0"", ""buy_2th_pre_bid"": ""+156100"", ""buy_2th_pre_req"": ""78"", ""buy_2th_pre_req_pre"": ""0"", ""buy_3th_pre_bid"": ""+156000"", ""buy_3th_pre_req"": ""22"", ""buy_3th_pre_req_pre"": ""0"", ""buy_4th_pre_bid"": ""+155900"", ""buy_4th_pre_req"": ""264"", ""buy_4th_pre_req_pre"": ""0"", ""buy_5th_pre_bid"": ""+155800"", ""buy_5th_pre_req"": ""75"", ""buy_5th_pre_req_pre"": ""0"", ""buy_6th_pre_bid"": ""+155700"", ""buy_6th_pre_req"": ""102"", ""buy_6th_pre_req_pre"": ""0"", ""buy_7th_pre_bid"": ""+155600"", ""buy_7th_pre_req"": ""48"", ""buy_7th_pre_req_pre"": ""0"", ""buy_8th_pre_bid"": ""+155500"", ""buy_8th_pre_req"": ""195"", ""buy_8th_pre_req_pre"": ""0"", ""buy_9th_pre_bid"": ""+155400"", ""buy_9th_pre_req"": ""33"", ""buy_9th_pre_req_pre"": ""0"", ""buy_10th_pre_bid"": ""+155300"", ""buy_10th_pre_req"": ""85"", ""buy_10th_pre_req_pre"": ""0"", ""tot_sel_req_jub_pre"": ""--1"", ""tot_sel_req"": ""524"", ""tot_buy_req"": ""926"", ""tot_buy_req_jub_pre"": ""0"", ""ovt_sel_req_pre"": ""0"", ""ovt_sel_req"": ""0"", ""ovt_buy_req"": ""0"", ""ovt_buy_req_pre"": ""0"", ""return_code"": 0, ""return_msg"": ""정상적으로 처리되었습니다""}"
2026-06-10,scan_candidate,034220,,0,main_scan,13240,,13240,13230,13240,13250,-0.3021148036253776,0.0755287009063444,,,,,,"{""bid_req_base_tm"": ""105458"", ""sel_10th_pre_req_pre"": ""0"", ""sel_10th_pre_req"": ""626"", ""sel_10th_pre_bid"": ""-13340"", ""sel_9th_pre_req_pre"": ""0"", ""sel_9th_pre_req"": ""917"", ""sel_9th_pre_bid"": ""-13330"", ""sel_8th_pre_req_pre"": ""0"", ""sel_8th_pre_req"": ""384"", ""sel_8th_pre_bid"": ""-13320"", ""sel_7th_pre_req_pre"": ""0"", ""sel_7th_pre_req"": ""32"", ""sel_7th_pre_bid"": ""-13310"", ""sel_6th_pre_req_pre"": ""0"", ""sel_6th_pre_req"": ""1644"", ""sel_6th_pre_bid"": ""-13300"", ""sel_5th_pre_req_pre"": ""0"", ""sel_5th_pre_req"": ""4586"", ""sel_5th_pre_bid"": ""-13280"", ""sel_4th_pre_req_pre"": ""0"", ""sel_4th_pre_req"": ""271"", ""sel_4th_pre_bid"": ""-13270"", ""sel_3th_pre_req_pre"": ""0"", ""sel_3th_pre_req"": ""201"", ""sel_3th_pre_bid"": ""-13260"", ""sel_2th_pre_req_pre"": ""0"", ""sel_2th_pre_req"": ""2487"", ""sel_2th_pre_bid"": ""-13250"", ""sel_1th_pre_req_pre"": ""0"", ""sel_fpr_req"": ""1545"", ""sel_fpr_bid"": ""-13240"", ""buy_fpr_bid"": ""-13230"", ""buy_fpr_req"": ""868"", ""buy_1th_pre_req_pre"": ""0"", ""buy_2th_pre_bid"": ""-13220"", ""buy_2th_pre_req"": ""1119"", ""buy_2th_pre_req_pre"": ""0"", ""buy_3th_pre_bid"": ""-13210"", ""buy_3th_pre_req"": ""4469"", ""buy_3th_pre_req_pre"": ""0"", ""buy_4th_pre_bid"": ""-13200"", ""buy_4th_pre_req"": ""13512"", ""buy_4th_pre_req_pre"": ""0"", ""buy_5th_pre_bid"": ""-13190"", ""buy_5th_pre_req"": ""2094"", ""buy_5th_pre_req_pre"": ""+5"", ""buy_6th_pre_bid"": ""-13180"", ""buy_6th_pre_req"": ""3060"", ""buy_6th_pre_req_pre"": ""0"", ""buy_7th_pre_bid"": ""-13170"", ""buy_7th_pre_req"": ""6459"", ""buy_7th_pre_req_pre"": ""0"", ""buy_8th_pre_bid"": ""-13160"", ""buy_8th_pre_req"": ""3532"", ""buy_8th_pre_req_pre"": ""0"", ""buy_9th_pre_bid"": ""-13150"", ""buy_9th_pre_req"": ""4774"", ""buy_9th_pre_req_pre"": ""0"", ""buy_10th_pre_bid"": ""-13140"", ""buy_10th_pre_req"": ""1453"", ""buy_10th_pre_req_pre"": ""0"", ""tot_sel_req_jub_pre"": ""0"", ""tot_sel_req"": ""12693"", ""tot_buy_req"": ""41340"", ""tot_buy_req_jub_pre"": ""+5"", ""ovt_sel_req_pre"": ""0"", ""ovt_sel_req"": ""0"", ""ovt_buy_req"": ""0"", ""ovt_buy_req_pre"": ""0"", ""return_code"": 0, ""return_msg"": ""정상적으로 처리되었습니다""}"
2026-06-10,scan_candidate,267270,,0,main_scan,149400,,149400,149000,149400,149000,-0.6024096385542169,0.2677376171352075,,,,,,"{""bid_req_base_tm"": ""105458"", ""sel_10th_pre_req_pre"": ""0"", ""sel_10th_pre_req"": ""71"", ""sel_10th_pre_bid"": ""+150400"", ""sel_9th_pre_req_pre"": ""0"", ""sel_9th_pre_req"": ""100"", ""sel_9th_pre_bid"": ""+150300"", ""sel_8th_pre_req_pre"": ""0"", ""sel_8th_pre_req"": ""35"", ""sel_8th_pre_bid"": ""+150200"", ""sel_7th_pre_req_pre"": ""0"", ""sel_7th_pre_req"": ""8"", ""sel_7th_pre_bid"": ""+150100"", ""sel_6th_pre_req_pre"": ""0"", ""sel_6th_pre_req"": ""215"", ""sel_6th_pre_bid"": ""+150000"", ""sel_5th_pre_req_pre"": ""0"", ""sel_5th_pre_req"": ""4"", ""sel_5th_pre_bid"": ""+149900"", ""sel_4th_pre_req_pre"": ""0"", ""sel_4th_pre_req"": ""8"", ""sel_4th_pre_bid"": ""+149800"", ""sel_3th_pre_req_pre"": ""0"", ""sel_3th_pre_req"": ""94"", ""sel_3th_pre_bid"": ""+149600"", ""sel_2th_pre_req_pre"": ""0"", ""sel_2th_pre_req"": ""23"", ""sel_2th_pre_bid"": ""+149500"", ""sel_1th_pre_req_pre"": ""+10"", ""sel_fpr_req"": ""11"", ""sel_fpr_bid"": ""+149400"", ""buy_fpr_bid"": ""+149000"", ""buy_fpr_req"": ""25"", ""buy_1th_pre_req_pre"": ""0"", ""buy_2th_pre_bid"": ""+148900"", ""buy_2th_pre_req"": ""9"", ""buy_2th_pre_req_pre"": ""0"", ""buy_3th_pre_bid"": ""+148800"", ""buy_3th_pre_req"": ""152"", ""buy_3th_pre_req_pre"": ""0"", ""buy_4th_pre_bid"": ""+148700"", ""buy_4th_pre_req"": ""4"", ""buy_4th_pre_req_pre"": ""0"", ""buy_5th_pre_bid"": ""+148600"", ""buy_5th_pre_req"": ""14"", ""buy_5th_pre_req_pre"": ""0"", ""buy_6th_pre_bid"": ""+148500"", ""buy_6th_pre_req"": ""129"", ""buy_6th_pre_req_pre"": ""0"", ""buy_7th_pre_bid"": ""+148400"", ""buy_7th_pre_req"": ""14"", ""buy_7th_pre_req_pre"": ""0"", ""buy_8th_pre_bid"": ""+148300"", ""buy_8th_pre_req"": ""14"", ""buy_8th_pre_req_pre"": ""0"", ""buy_9th_pre_bid"": ""+148200"", ""buy_9th_pre_req"": ""69"", ""buy_9th_pre_req_pre"": ""0"", ""buy_10th_pre_bid"": ""+148100"", ""buy_10th_pre_req"": ""156"", ""buy_10th_pre_req_pre"": ""0"", ""tot_sel_req_jub_pre"": ""+10"", ""tot_sel_req"": ""569"", ""tot_buy_req"": ""586"", ""tot_buy_req_jub_pre"": ""0"", ""ovt_sel_req_pre"": ""0"", ""ovt_sel_req"": ""0"", ""ovt_buy_req"": ""0"", ""ovt_buy_req_pre"": ""0"", ""return_code"": 0, ""return_msg"": ""정상적으로 처리되었습니다""}"
2026-06-10,scan_candidate,078930,,0,main_scan,73900,,73900,73800,73900,73300,-0.9472259810554804,0.13531799729364005,,,,,,"{""bid_req_base_tm"": ""105455"", ""sel_10th_pre_req_pre"": ""0"", ""sel_10th_pre_req"": ""5"", ""sel_10th_pre_bid"": ""+74800"", ""sel_9th_pre_req_pre"": ""0"", ""sel_9th_pre_req"": ""237"", ""sel_9th_pre_bid"": ""+74700"", ""sel_8th_pre_req_pre"": ""0"", ""sel_8th_pre_req"": ""104"", ""sel_8th_pre_bid"": ""+74600"", ""sel_7th_pre_req_pre"": ""0"", ""sel_7th_pre_req"": ""736"", ""sel_7th_pre_bid"": ""+74500"", ""sel_6th_pre_req_pre"": ""0"", ""sel_6th_pre_req"": ""101"", ""sel_6th_pre_bid"": ""+74400"", ""sel_5th_pre_req_pre"": ""0"", ""sel_5th_pre_req"": ""124"", ""sel_5th_pre_bid"": ""+74300"", ""sel_4th_pre_req_pre"": ""0"", ""sel_4th_pre_req"": ""91"", ""sel_4th_pre_bid"": ""+74200"", ""sel_3th_pre_req_pre"": ""0"", ""sel_3th_pre_req"": ""2"", ""sel_3th_pre_bid"": ""+74100"", ""sel_2th_pre_req_pre"": ""0"", ""sel_2th_pre_req"": ""967"", ""sel_2th_pre_bid"": ""+74000"", ""sel_1th_pre_req_pre"": ""+26"", ""sel_fpr_req"": ""493"", ""sel_fpr_bid"": ""+73900"", ""buy_fpr_bid"": ""73800"", ""buy_fpr_req"": ""193"", ""buy_1th_pre_req_pre"": ""0"", ""buy_2th_pre_bid"": ""-73700"", ""buy_2th_pre_req"": ""135"", ""buy_2th_pre_req_pre"": ""0"", ""buy_3th_pre_bid"": ""-73600"", ""buy_3th_pre_req"": ""66"", ""buy_3th_pre_req_pre"": ""0"", ""buy_4th_pre_bid"": ""-73500"", ""buy_4th_pre_req"": ""128"", ""buy_4th_pre_req_pre"": ""0"", ""buy_5th_pre_bid"": ""-73400"", ""buy_5th_pre_req"": ""1"", ""buy_5th_pre_req_pre"": ""0"", ""buy_6th_pre_bid"": ""-73200"", ""buy_6th_pre_req"": ""5"", ""buy_6th_pre_req_pre"": ""0"", ""buy_7th_pre_bid"": ""-73100"", ""buy_7th_pre_req"": ""150"", ""buy_7th_pre_req_pre"": ""0"", ""buy_8th_pre_bid"": ""-73000"", ""buy_8th_pre_req"": ""50"", ""buy_8th_pre_req_pre"": ""0"", ""buy_9th_pre_bid"": ""-72900"", ""buy_9th_pre_req"": ""5"", ""buy_9th_pre_req_pre"": ""0"", ""buy_10th_pre_bid"": ""-72700"", ""buy_10th_pre_req"": ""50"", ""buy_10th_pre_req_pre"": ""0"", ""tot_sel_req_jub_pre"": ""+26"", ""tot_sel_req"": ""2860"", ""tot_buy_req"": ""783"", ""tot_buy_req_jub_pre"": ""0"", ""ovt_sel_req_pre"": ""0"", ""ovt_sel_req"": ""0"", ""ovt_buy_req"": ""0"", ""ovt_buy_req_pre"": ""0"", ""return_code"": 0, ""return_msg"": ""정상적으로 처리되었습니다""}"
2026-06-10,scan_candidate,090430,,0,main_scan,112500,,112500,112400,112500,112000,-0.8888888888888888,0.08888888888888889,,,,,,"{""bid_req_base_tm"": ""105459"", ""sel_10th_pre_req_pre"": ""0"", ""sel_10th_pre_req"": ""182"", ""sel_10th_pre_bid"": ""+113400"", ""sel_9th_pre_req_pre"": ""0"", ""sel_9th_pre_req"": ""160"", ""sel_9th_pre_bid"": ""+113300"", ""sel_8th_pre_req_pre"": ""0"", ""sel_8th_pre_req"": ""106"", ""sel_8th_pre_bid"": ""+113200"", ""sel_7th_pre_req_pre"": ""0"", ""sel_7th_pre_req"": ""66"", ""sel_7th_pre_bid"": ""+113100"", ""sel_6th_pre_req_pre"": ""0"", ""sel_6th_pre_req"": ""60"", ""sel_6th_pre_bid"": ""+113000"", ""sel_5th_pre_req_pre"": ""0"", ""sel_5th_pre_req"": ""56"", ""sel_5th_pre_bid"": ""+112900"", ""sel_4th_pre_req_pre"": ""0"", ""sel_4th_pre_req"": ""60"", ""sel_4th_pre_bid"": ""+112800"", ""sel_3th_pre_req_pre"": ""0"", ""sel_3th_pre_req"": ""304"", ""sel_3th_pre_bid"": ""+112700"", ""sel_2th_pre_req_pre"": ""0"", ""sel_2th_pre_req"": ""98"", ""sel_2th_pre_bid"": ""+112600"", ""sel_1th_pre_req_pre"": ""+19"", ""sel_fpr_req"": ""262"", ""sel_fpr_bid"": ""+112500"", ""buy_fpr_bid"": ""+112400"", ""buy_fpr_req"": ""23"", ""buy_1th_pre_req_pre"": ""0"", ""buy_2th_pre_bid"": ""+112300"", ""buy_2th_pre_req"": ""104"", ""buy_2th_pre_req_pre"": ""0"", ""buy_3th_pre_bid"": ""+112200"", ""buy_3th_pre_req"": ""109"", ""buy_3th_pre_req_pre"": ""0"", ""buy_4th_pre_bid"": ""+112100"", ""buy_4th_pre_req"": ""59"", ""buy_4th_pre_req_pre"": ""0"", ""buy_5th_pre_bid"": ""112000"", ""buy_5th_pre_req"": ""273"", ""buy_5th_pre_req_pre"": ""0"", ""buy_6th_pre_bid"": ""-111900"", ""buy_6th_pre_req"": ""24"", ""buy_6th_pre_req_pre"": ""0"", ""buy_7th_pre_bid"": ""-111800"", ""buy_7th_pre_req"": ""21"", ""buy_7th_pre_req_pre"": ""0"", ""buy_8th_pre_bid"": ""-111700"", ""buy_8th_pre_req"": ""203"", ""buy_8th_pre_req_pre"": ""0"", ""buy_9th_pre_bid"": ""-111600"", ""buy_9th_pre_req"": ""46"", ""buy_9th_pre_req_pre"": ""0"", ""buy_10th_pre_bid"": ""-111500"", ""buy_10th_pre_req"": ""2157"", ""buy_10th_pre_req_pre"": ""0"", ""tot_sel_req_jub_pre"": ""+19"", ""tot_sel_req"": ""1354"", ""tot_buy_req"": ""3019"", ""tot_buy_req_jub_pre"": ""0"", ""ovt_sel_req_pre"": ""0"", ""ovt_sel_req"": ""0"", ""ovt_buy_req"": ""0"", ""ovt_buy_req_pre"": ""0"", ""return_code"": 0, ""return_msg"": ""정상적으로 처리되었습니다""}"
2026-06-10,scan_candidate,004170,,0,main_scan,684000,,684000,682000,684000,680000,-0.7309941520467835,0.29239766081871343,,,,,,"{""bid_req_base_tm"": ""105500"", ""sel_10th_pre_req_pre"": ""0"", ""sel_10th_pre_req"": ""188"", ""sel_10th_pre_bid"": ""+693000"", ""sel_9th_pre_req_pre"": ""0"", ""sel_9th_pre_req"": ""39"", ""sel_9th_pre_bid"": ""+692000"", ""sel_8th_pre_req_pre"": ""0"", ""sel_8th_pre_req"": ""821"", ""sel_8th_pre_bid"": ""+691000"", ""sel_7th_pre_req_pre"": ""+1"", ""sel_7th_pre_req"": ""229"", ""sel_7th_pre_bid"": ""+690000"", ""sel_6th_pre_req_pre"": ""0"", ""sel_6th_pre_req"": ""82"", ""sel_6th_pre_bid"": ""+689000"", ""sel_5th_pre_req_pre"": ""0"", ""sel_5th_pre_req"": ""67"", ""sel_5th_pre_bid"": ""+688000"", ""sel_4th_pre_req_pre"": ""0"", ""sel_4th_pre_req"": ""12"", ""sel_4th_pre_bid"": ""+687000"", ""sel_3th_pre_req_pre"": ""0"", ""sel_3th_pre_req"": ""133"", ""sel_3th_pre_bid"": ""+686000"", ""sel_2th_pre_req_pre"": ""0"", ""sel_2th_pre_req"": ""21"", ""sel_2th_pre_bid"": ""+685000"", ""sel_1th_pre_req_pre"": ""0"", ""sel_fpr_req"": ""60"", ""sel_fpr_bid"": ""+684000"", ""buy_fpr_bid"": ""+682000"", ""buy_fpr_req"": ""39"", ""buy_1th_pre_req_pre"": ""0"", ""buy_2th_pre_bid"": ""+681000"", ""buy_2th_pre_req"": ""37"", ""buy_2th_pre_req_pre"": ""0"", ""buy_3th_pre_bid"": ""+680000"", ""buy_3th_pre_req"": ""32"", ""buy_3th_pre_req_pre"": ""0"", ""buy_4th_pre_bid"": ""+677000"", ""buy_4th_pre_req"": ""43"", ""buy_4th_pre_req_pre"": ""0"", ""buy_5th_pre_bid"": ""+676000"", ""buy_5th_pre_req"": ""3"", ""buy_5th_pre_req_pre"": ""0"", ""buy_6th_pre_bid"": ""+675000"", ""buy_6th_pre_req"": ""6"", ""buy_6th_pre_req_pre"": ""0"", ""buy_7th_pre_bid"": ""+673000"", ""buy_7th_pre_req"": ""1"", ""buy_7th_pre_req_pre"": ""0"", ""buy_8th_pre_bid"": ""+672000"", ""buy_8th_pre_req"": ""22"", ""buy_8th_pre_req_pre"": ""0"", ""buy_9th_pre_bid"": ""+671000"", ""buy_9th_pre_req"": ""105"", ""buy_9th_pre_req_pre"": ""0"", ""buy_10th_pre_bid"": ""+670000"", ""buy_10th_pre_req"": ""117"", ""buy_10th_pre_req_pre"": ""0"", ""tot_sel_req_jub_pre"": ""+1"", ""tot_sel_req"": ""1652"", ""tot_buy_req"": ""405"", ""tot_buy_req_jub_pre"": ""0"", ""ovt_sel_req_pre"": ""0"", ""ovt_sel_req"": ""0"", ""ovt_buy_req"": ""0"", ""ovt_buy_req_pre"": ""0"", ""return_code"": 0, ""return_msg"": ""정상적으로 처리되었습니다""}"
2026-06-10,scan_candidate,036570,,0,main_scan,259500,,259500,259000,259500,259000,-0.3853564547206166,0.1926782273603083,,,,,,"{""bid_req_base_tm"": ""105459"", ""sel_10th_pre_req_pre"": ""0"", ""sel_10th_pre_req"": ""172"", ""sel_10th_pre_bid"": ""-264000"", ""sel_9th_pre_req_pre"": ""0"", ""sel_9th_pre_req"": ""88"", ""sel_9th_pre_bid"": ""-263500"", ""sel_8th_pre_req_pre"": ""0"", ""sel_8th_pre_req"": ""50"", ""sel_8th_pre_bid"": ""-263000"", ""sel_7th_pre_req_pre"": ""0"", ""sel_7th_pre_req"": ""17"", ""sel_7th_pre_bid"": ""-262500"", ""sel_6th_pre_req_pre"": ""0"", ""sel_6th_pre_req"": ""227"", ""sel_6th_pre_bid"": ""-262000"", ""sel_5th_pre_req_pre"": ""0"", ""sel_5th_pre_req"": ""55"", ""sel_5th_pre_bid"": ""-261500"", ""sel_4th_pre_req_pre"": ""0"", ""sel_4th_pre_req"": ""1019"", ""sel_4th_pre_bid"": ""-261000"", ""sel_3th_pre_req_pre"": ""0"", ""sel_3th_pre_req"": ""64"", ""sel_3th_pre_bid"": ""-260500"", ""sel_2th_pre_req_pre"": ""0"", ""sel_2th_pre_req"": ""151"", ""sel_2th_pre_bid"": ""-260000"", ""sel_1th_pre_req_pre"": ""--1"", ""sel_fpr_req"": ""41"", ""sel_fpr_bid"": ""-259500"", ""buy_fpr_bid"": ""-259000"", ""buy_fpr_req"": ""141"", ""buy_1th_pre_req_pre"": ""0"", ""buy_2th_pre_bid"": ""-258500"", ""buy_2th_pre_req"": ""155"", ""buy_2th_pre_req_pre"": ""0"", ""buy_3th_pre_bid"": ""-258000"", ""buy_3th_pre_req"": ""91"", ""buy_3th_pre_req_pre"": ""0"", ""buy_4th_pre_bid"": ""-257500"", ""buy_4th_pre_req"": ""122"", ""buy_4th_pre_req_pre"": ""0"", ""buy_5th_pre_bid"": ""-257000"", ""buy_5th_pre_req"": ""68"", ""buy_5th_pre_req_pre"": ""0"", ""buy_6th_pre_bid"": ""-256500"", ""buy_6th_pre_req"": ""86"", ""buy_6th_pre_req_pre"": ""0"", ""buy_7th_pre_bid"": ""-256000"", ""buy_7th_pre_req"": ""212"", ""buy_7th_pre_req_pre"": ""0"", ""buy_8th_pre_bid"": ""-255500"", ""buy_8th_pre_req"": ""221"", ""buy_8th_pre_req_pre"": ""0"", ""buy_9th_pre_bid"": ""-255000"", ""buy_9th_pre_req"": ""367"", ""buy_9th_pre_req_pre"": ""0"", ""buy_10th_pre_bid"": ""-254500"", ""buy_10th_pre_req"": ""349"", ""buy_10th_pre_req_pre"": ""0"", ""tot_sel_req_jub_pre"": ""--1"", ""tot_sel_req"": ""1884"", ""tot_buy_req"": ""1812"", ""tot_buy_req_jub_pre"": ""0"", ""ovt_sel_req_pre"": ""0"", ""ovt_sel_req"": ""0"", ""ovt_buy_req"": ""0"", ""ovt_buy_req_pre"": ""0"", ""return_code"": 0, ""return_msg"": ""정상적으로 처리되었습니다""}"
2026-06-10,scan_candidate,271560,,0,main_scan,132800,,132800,132400,132800,132500,-0.6024096385542169,0.30120481927710846,,,,,,"{""bid_req_base_tm"": ""105451"", ""sel_10th_pre_req_pre"": ""0"", ""sel_10th_pre_req"": ""164"", ""sel_10th_pre_bid"": ""+134000"", ""sel_9th_pre_req_pre"": ""0"", ""sel_9th_pre_req"": ""190"", ""sel_9th_pre_bid"": ""+133900"", ""sel_8th_pre_req_pre"": ""0"", ""sel_8th_pre_req"": ""20"", ""sel_8th_pre_bid"": ""+133800"", ""sel_7th_pre_req_pre"": ""0"", ""sel_7th_pre_req"": ""100"", ""sel_7th_pre_bid"": ""+133700"", ""sel_6th_pre_req_pre"": ""0"", ""sel_6th_pre_req"": ""6"", ""sel_6th_pre_bid"": ""+133600"", ""sel_5th_pre_req_pre"": ""0"", ""sel_5th_pre_req"": ""3"", ""sel_5th_pre_bid"": ""+133300"", ""sel_4th_pre_req_pre"": ""0"", ""sel_4th_pre_req"": ""3"", ""sel_4th_pre_bid"": ""+133200"", ""sel_3th_pre_req_pre"": ""0"", ""sel_3th_pre_req"": ""10"", ""sel_3th_pre_bid"": ""+133000"", ""sel_2th_pre_req_pre"": ""0"", ""sel_2th_pre_req"": ""22"", ""sel_2th_pre_bid"": ""132900"", ""sel_1th_pre_req_pre"": ""+27"", ""sel_fpr_req"": ""109"", ""sel_fpr_bid"": ""-132800"", ""buy_fpr_bid"": ""-132400"", ""buy_fpr_req"": ""188"", ""buy_1th_pre_req_pre"": ""0"", ""buy_2th_pre_bid"": ""-132300"", ""buy_2th_pre_req"": ""12"", ""buy_2th_pre_req_pre"": ""0"", ""buy_3th_pre_bid"": ""-132200"", ""buy_3th_pre_req"": ""25"", ""buy_3th_pre_req_pre"": ""0"", ""buy_4th_pre_bid"": ""-132100"", ""buy_4th_pre_req"": ""49"", ""buy_4th_pre_req_pre"": ""0"", ""buy_5th_pre_bid"": ""-132000"", ""buy_5th_pre_req"": ""66"", ""buy_5th_pre_req_pre"": ""0"", ""buy_6th_pre_bid"": ""-131900"", ""buy_6th_pre_req"": ""45"", ""buy_6th_pre_req_pre"": ""0"", ""buy_7th_pre_bid"": ""-131800"", ""buy_7th_pre_req"": ""2"", ""buy_7th_pre_req_pre"": ""0"", ""buy_8th_pre_bid"": ""-131700"", ""buy_8th_pre_req"": ""10"", ""buy_8th_pre_req_pre"": ""0"", ""buy_9th_pre_bid"": ""-131600"", ""buy_9th_pre_req"": ""2"", ""buy_9th_pre_req_pre"": ""0"", ""buy_10th_pre_bid"": ""-131500"", ""buy_10th_pre_req"": ""541"", ""buy_10th_pre_req_pre"": ""0"", ""tot_sel_req_jub_pre"": ""+27"", ""tot_sel_req"": ""627"", ""tot_buy_req"": ""940"", ""tot_buy_req_jub_pre"": ""0"", ""ovt_sel_req_pre"": ""0"", ""ovt_sel_req"": ""0"", ""ovt_buy_req"": ""0"", ""ovt_buy_req_pre"": ""0"", ""return_code"": 0, ""return_msg"": ""정상적으로 처리되었습니다""}"
2026-06-10,scan_candidate,023530,,0,main_scan,195800,,195800,195700,195800,195500,-0.40858018386108275,0.05107252298263534,,,,,,"{""bid_req_base_tm"": ""105500"", ""sel_10th_pre_req_pre"": ""0"", ""sel_10th_pre_req"": ""3"", ""sel_10th_pre_bid"": ""+197000"", ""sel_9th_pre_req_pre"": ""0"", ""sel_9th_pre_req"": ""3"", ""sel_9th_pre_bid"": ""+196800"", ""sel_8th_pre_req_pre"": ""0"", ""sel_8th_pre_req"": ""69"", ""sel_8th_pre_bid"": ""+196600"", ""sel_7th_pre_req_pre"": ""0"", ""sel_7th_pre_req"": ""2"", ""sel_7th_pre_bid"": ""+196500"", ""sel_6th_pre_req_pre"": ""0"", ""sel_6th_pre_req"": ""62"", ""sel_6th_pre_bid"": ""+196400"", ""sel_5th_pre_req_pre"": ""0"", ""sel_5th_pre_req"": ""1"", ""sel_5th_pre_bid"": ""+196200"", ""sel_4th_pre_req_pre"": ""0"", ""sel_4th_pre_req"": ""17"", ""sel_4th_pre_bid"": ""+196100"", ""sel_3th_pre_req_pre"": ""0"", ""sel_3th_pre_req"": ""16"", ""sel_3th_pre_bid"": ""+196000"", ""sel_2th_pre_req_pre"": ""0"", ""sel_2th_pre_req"": ""37"", ""sel_2th_pre_bid"": ""+195900"", ""sel_1th_pre_req_pre"": ""0"", ""sel_fpr_req"": ""10"", ""sel_fpr_bid"": ""+195800"", ""buy_fpr_bid"": ""+195700"", ""buy_fpr_req"": ""31"", ""buy_1th_pre_req_pre"": ""0"", ""buy_2th_pre_bid"": ""+195600"", ""buy_2th_pre_req"": ""96"", ""buy_2th_pre_req_pre"": ""0"", ""buy_3th_pre_bid"": ""+195400"", ""buy_3th_pre_req"": ""4"", ""buy_3th_pre_req_pre"": ""0"", ""buy_4th_pre_bid"": ""+195100"", ""buy_4th_pre_req"": ""4"", ""buy_4th_pre_req_pre"": ""0"", ""buy_5th_pre_bid"": ""+195000"", ""buy_5th_pre_req"": ""29"", ""buy_5th_pre_req_pre"": ""0"", ""buy_6th_pre_bid"": ""+194900"", ""buy_6th_pre_req"": ""25"", ""buy_6th_pre_req_pre"": ""0"", ""buy_7th_pre_bid"": ""+194700"", ""buy_7th_pre_req"": ""4"", ""buy_7th_pre_req_pre"": ""0"", ""buy_8th_pre_bid"": ""+194600"", ""buy_8th_pre_req"": ""2"", ""buy_8th_pre_req_pre"": ""0"", ""buy_9th_pre_bid"": ""+194500"", ""buy_9th_pre_req"": ""50"", ""buy_9th_pre_req_pre"": ""0"", ""buy_10th_pre_bid"": ""+194400"", ""buy_10th_pre_req"": ""7"", ""buy_10th_pre_req_pre"": ""0"", ""tot_sel_req_jub_pre"": ""0"", ""tot_sel_req"": ""220"", ""tot_buy_req"": ""252"", ""tot_buy_req_jub_pre"": ""0"", ""ovt_sel_req_pre"": ""0"", ""ovt_sel_req"": ""0"", ""ovt_buy_req"": ""0"", ""ovt_buy_req_pre"": ""0"", ""return_code"": 0, ""return_msg"": ""정상적으로 처리되었습니다""}"
2026-06-10,scan_candidate,175330,,0,main_scan,25600,,25600,25550,25600,25600,-0.1953125,0.1953125,,,,,,"{""bid_req_base_tm"": ""105457"", ""sel_10th_pre_req_pre"": ""0"", ""sel_10th_pre_req"": ""601"", ""sel_10th_pre_bid"": ""+26050"", ""sel_9th_pre_req_pre"": ""0"", ""sel_9th_pre_req"": ""113"", ""sel_9th_pre_bid"": ""+26000"", ""sel_8th_pre_req_pre"": ""0"", ""sel_8th_pre_req"": ""142"", ""sel_8th_pre_bid"": ""+25950"", ""sel_7th_pre_req_pre"": ""0"", ""sel_7th_pre_req"": ""532"", ""sel_7th_pre_bid"": ""25900"", ""sel_6th_pre_req_pre"": ""0"", ""sel_6th_pre_req"": ""454"", ""sel_6th_pre_bid"": ""-25850"", ""sel_5th_pre_req_pre"": ""0"", ""sel_5th_pre_req"": ""208"", ""sel_5th_pre_bid"": ""-25800"", ""sel_4th_pre_req_pre"": ""0"", ""sel_4th_pre_req"": ""208"", ""sel_4th_pre_bid"": ""-25750"", ""sel_3th_pre_req_pre"": ""0"", ""sel_3th_pre_req"": ""127"", ""sel_3th_pre_bid"": ""-25700"", ""sel_2th_pre_req_pre"": ""0"", ""sel_2th_pre_req"": ""511"", ""sel_2th_pre_bid"": ""-25650"", ""sel_1th_pre_req_pre"": ""0"", ""sel_fpr_req"": ""4007"", ""sel_fpr_bid"": ""-25600"", ""buy_fpr_bid"": ""-25550"", ""buy_fpr_req"": ""2554"", ""buy_1th_pre_req_pre"": ""--5"", ""buy_2th_pre_bid"": ""-25500"", ""buy_2th_pre_req"": ""803"", ""buy_2th_pre_req_pre"": ""0"", ""buy_3th_pre_bid"": ""-25450"", ""buy_3th_pre_req"": ""552"", ""buy_3th_pre_req_pre"": ""0"", ""buy_4th_pre_bid"": ""-25400"", ""buy_4th_pre_req"": ""997"", ""buy_4th_pre_req_pre"": ""0"", ""buy_5th_pre_bid"": ""-25350"", ""buy_5th_pre_req"": ""281"", ""buy_5th_pre_req_pre"": ""0"", ""buy_6th_pre_bid"": ""-25300"", ""buy_6th_pre_req"": ""399"", ""buy_6th_pre_req_pre"": ""0"", ""buy_7th_pre_bid"": ""-25250"", ""buy_7th_pre_req"": ""473"", ""buy_7th_pre_req_pre"": ""0"", ""buy_8th_pre_bid"": ""-25200"", ""buy_8th_pre_req"": ""214"", ""buy_8th_pre_req_pre"": ""0"", ""buy_9th_pre_bid"": ""-25150"", ""buy_9th_pre_req"": ""768"", ""buy_9th_pre_req_pre"": ""0"", ""buy_10th_pre_bid"": ""-25100"", ""buy_10th_pre_req"": ""475"", ""buy_10th_pre_req_pre"": ""0"", ""tot_sel_req_jub_pre"": ""0"", ""tot_sel_req"": ""6903"", ""tot_buy_req"": ""7516"", ""tot_buy_req_jub_pre"": ""--5"", ""ovt_sel_req_pre"": ""0"", ""ovt_sel_req"": ""0"", ""ovt_buy_req"": ""0"", ""ovt_buy_req_pre"": ""0"", ""return_code"": 0, ""return_msg"": ""정상적으로 처리되었습니다""}"
2026-06-10,scan_candidate,088350,,0,main_scan,4855,,4855,4850,4855,4870,0.20597322348094746,0.10298661174047373,,,,,,"{""bid_req_base_tm"": ""105500"", ""sel_10th_pre_req_pre"": ""0"", ""sel_10th_pre_req"": ""894"", ""sel_10th_pre_bid"": ""-4900"", ""sel_9th_pre_req_pre"": ""0"", ""sel_9th_pre_req"": ""31"", ""sel_9th_pre_bid"": ""-4895"", ""sel_8th_pre_req_pre"": ""0"", ""sel_8th_pre_req"": ""203"", ""sel_8th_pre_bid"": ""-4890"", ""sel_7th_pre_req_pre"": ""0"", ""sel_7th_pre_req"": ""1314"", ""sel_7th_pre_bid"": ""-4885"", ""sel_6th_pre_req_pre"": ""0"", ""sel_6th_pre_req"": ""244"", ""sel_6th_pre_bid"": ""-4880"", ""sel_5th_pre_req_pre"": ""0"", ""sel_5th_pre_req"": ""566"", ""sel_5th_pre_bid"": ""-4875"", ""sel_4th_pre_req_pre"": ""0"", ""sel_4th_pre_req"": ""9"", ""sel_4th_pre_bid"": ""-4870"", ""sel_3th_pre_req_pre"": ""0"", ""sel_3th_pre_req"": ""558"", ""sel_3th_pre_bid"": ""-4865"", ""sel_2th_pre_req_pre"": ""0"", ""sel_2th_pre_req"": ""1022"", ""sel_2th_pre_bid"": ""-4860"", ""sel_1th_pre_req_pre"": ""0"", ""sel_fpr_req"": ""613"", ""sel_fpr_bid"": ""-4855"", ""buy_fpr_bid"": ""-4850"", ""buy_fpr_req"": ""1751"", ""buy_1th_pre_req_pre"": ""--1"", ""buy_2th_pre_bid"": ""-4845"", ""buy_2th_pre_req"": ""1684"", ""buy_2th_pre_req_pre"": ""0"", ""buy_3th_pre_bid"": ""-4840"", ""buy_3th_pre_req"": ""2969"", ""buy_3th_pre_req_pre"": ""0"", ""buy_4th_pre_bid"": ""-4835"", ""buy_4th_pre_req"": ""5774"", ""buy_4th_pre_req_pre"": ""0"", ""buy_5th_pre_bid"": ""-4830"", ""buy_5th_pre_req"": ""6616"", ""buy_5th_pre_req_pre"": ""0"", ""buy_6th_pre_bid"": ""-4825"", ""buy_6th_pre_req"": ""9995"", ""buy_6th_pre_req_pre"": ""0"", ""buy_7th_pre_bid"": ""-4820"", ""buy_7th_pre_req"": ""17089"", ""buy_7th_pre_req_pre"": ""0"", ""buy_8th_pre_bid"": ""-4815"", ""buy_8th_pre_req"": ""22091"", ""buy_8th_pre_req_pre"": ""0"", ""buy_9th_pre_bid"": ""-4810"", ""buy_9th_pre_req"": ""5853"", ""buy_9th_pre_req_pre"": ""0"", ""buy_10th_pre_bid"": ""-4805"", ""buy_10th_pre_req"": ""3814"", ""buy_10th_pre_req_pre"": ""0"", ""tot_sel_req_jub_pre"": ""0"", ""tot_sel_req"": ""5454"", ""tot_buy_req"": ""77636"", ""tot_buy_req_jub_pre"": ""--1"", ""ovt_sel_req_pre"": ""0"", ""ovt_sel_req"": ""0"", ""ovt_buy_req"": ""0"", ""ovt_buy_req_pre"": ""0"", ""return_code"": 0, ""return_msg"": ""정상적으로 처리되었습니다""}"
2026-06-10,scan_candidate,069960,,0,main_scan,173300,,173300,173100,173300,171500,-1.3271783035199076,0.1154068090017311,,,,,,"{""bid_req_base_tm"": ""105501"", ""sel_10th_pre_req_pre"": ""0"", ""sel_10th_pre_req"": ""28"", ""sel_10th_pre_bid"": ""+175200"", ""sel_9th_pre_req_pre"": ""0"", ""sel_9th_pre_req"": ""1"", ""sel_9th_pre_bid"": ""+174800"", ""sel_8th_pre_req_pre"": ""0"", ""sel_8th_pre_req"": ""1"", ""sel_8th_pre_bid"": ""+174700"", ""sel_7th_pre_req_pre"": ""0"", ""sel_7th_pre_req"": ""28"", ""sel_7th_pre_bid"": ""+174600"", ""sel_6th_pre_req_pre"": ""0"", ""sel_6th_pre_req"": ""228"", ""sel_6th_pre_bid"": ""+174000"", ""sel_5th_pre_req_pre"": ""0"", ""sel_5th_pre_req"": ""1"", ""sel_5th_pre_bid"": ""+173900"", ""sel_4th_pre_req_pre"": ""0"", ""sel_4th_pre_req"": ""50"", ""sel_4th_pre_bid"": ""+173800"", ""sel_3th_pre_req_pre"": ""0"", ""sel_3th_pre_req"": ""108"", ""sel_3th_pre_bid"": ""+173500"", ""sel_2th_pre_req_pre"": ""0"", ""sel_2th_pre_req"": ""84"", ""sel_2th_pre_bid"": ""+173400"", ""sel_1th_pre_req_pre"": ""0"", ""sel_fpr_req"": ""124"", ""sel_fpr_bid"": ""+173300"", ""buy_fpr_bid"": ""+173100"", ""buy_fpr_req"": ""22"", ""buy_1th_pre_req_pre"": ""0"", ""buy_2th_pre_bid"": ""+173000"", ""buy_2th_pre_req"": ""12"", ""buy_2th_pre_req_pre"": ""0"", ""buy_3th_pre_bid"": ""+172800"", ""buy_3th_pre_req"": ""1"", ""buy_3th_pre_req_pre"": ""0"", ""buy_4th_pre_bid"": ""+172700"", ""buy_4th_pre_req"": ""21"", ""buy_4th_pre_req_pre"": ""0"", ""buy_5th_pre_bid"": ""+172500"", ""buy_5th_pre_req"": ""11"", ""buy_5th_pre_req_pre"": ""0"", ""buy_6th_pre_bid"": ""+171800"", ""buy_6th_pre_req"": ""6"", ""buy_6th_pre_req_pre"": ""0"", ""buy_7th_pre_bid"": ""+171000"", ""buy_7th_pre_req"": ""31"", ""buy_7th_pre_req_pre"": ""0"", ""buy_8th_pre_bid"": ""+170200"", ""buy_8th_pre_req"": ""17"", ""buy_8th_pre_req_pre"": ""0"", ""buy_9th_pre_bid"": ""+170100"", ""buy_9th_pre_req"": ""12"", ""buy_9th_pre_req_pre"": ""0"", ""buy_10th_pre_bid"": ""+170000"", ""buy_10th_pre_req"": ""51"", ""buy_10th_pre_req_pre"": ""+1"", ""tot_sel_req_jub_pre"": ""0"", ""tot_sel_req"": ""653"", ""tot_buy_req"": ""184"", ""tot_buy_req_jub_pre"": ""+1"", ""ovt_sel_req_pre"": ""0"", ""ovt_sel_req"": ""0"", ""ovt_buy_req"": ""0"", ""ovt_buy_req_pre"": ""0"", ""return_code"": 0, ""return_msg"": ""정상적으로 처리되었습니다""}"
2026-06-10,scan_candidate,111770,,0,main_scan,79000,,79000,78800,79000,79200,0.12658227848101267,0.25316455696202533,,,,,,"{""bid_req_base_tm"": ""105501"", ""sel_10th_pre_req_pre"": ""0"", ""sel_10th_pre_req"": ""10"", ""sel_10th_pre_bid"": ""+80200"", ""sel_9th_pre_req_pre"": ""0"", ""sel_9th_pre_req"": ""98"", ""sel_9th_pre_bid"": ""+80000"", ""sel_8th_pre_req_pre"": ""0"", ""sel_8th_pre_req"": ""31"", ""sel_8th_pre_bid"": ""+79900"", ""sel_7th_pre_req_pre"": ""0"", ""sel_7th_pre_req"": ""13"", ""sel_7th_pre_bid"": ""+79800"", ""sel_6th_pre_req_pre"": ""0"", ""sel_6th_pre_req"": ""11"", ""sel_6th_pre_bid"": ""+79700"", ""sel_5th_pre_req_pre"": ""0"", ""sel_5th_pre_req"": ""2"", ""sel_5th_pre_bid"": ""+79600"", ""sel_4th_pre_req_pre"": ""0"", ""sel_4th_pre_req"": ""10"", ""sel_4th_pre_bid"": ""+79400"", ""sel_3th_pre_req_pre"": ""0"", ""sel_3th_pre_req"": ""20"", ""sel_3th_pre_bid"": ""+79300"", ""sel_2th_pre_req_pre"": ""0"", ""sel_2th_pre_req"": ""24"", ""sel_2th_pre_bid"": ""+79100"", ""sel_1th_pre_req_pre"": ""0"", ""sel_fpr_req"": ""48"", ""sel_fpr_bid"": ""+79000"", ""buy_fpr_bid"": ""+78800"", ""buy_fpr_req"": ""80"", ""buy_1th_pre_req_pre"": ""--1"", ""buy_2th_pre_bid"": ""+78700"", ""buy_2th_pre_req"": ""46"", ""buy_2th_pre_req_pre"": ""0"", ""buy_3th_pre_bid"": ""+78600"", ""buy_3th_pre_req"": ""9"", ""buy_3th_pre_req_pre"": ""0"", ""buy_4th_pre_bid"": ""+78500"", ""buy_4th_pre_req"": ""31"", ""buy_4th_pre_req_pre"": ""0"", ""buy_5th_pre_bid"": ""+78400"", ""buy_5th_pre_req"": ""89"", ""buy_5th_pre_req_pre"": ""0"", ""buy_6th_pre_bid"": ""+78300"", ""buy_6th_pre_req"": ""20"", ""buy_6th_pre_req_pre"": ""0"", ""buy_7th_pre_bid"": ""+78100"", ""buy_7th_pre_req"": ""6"", ""buy_7th_pre_req_pre"": ""0"", ""buy_8th_pre_bid"": ""78000"", ""buy_8th_pre_req"": ""68"", ""buy_8th_pre_req_pre"": ""0"", ""buy_9th_pre_bid"": ""-77900"", ""buy_9th_pre_req"": ""47"", ""buy_9th_pre_req_pre"": ""0"", ""buy_10th_pre_bid"": ""-77800"", ""buy_10th_pre_req"": ""7"", ""buy_10th_pre_req_pre"": ""0"", ""tot_sel_req_jub_pre"": ""0"", ""tot_sel_req"": ""267"", ""tot_buy_req"": ""403"", ""tot_buy_req_jub_pre"": ""--1"", ""ovt_sel_req_pre"": ""0"", ""ovt_sel_req"": ""0"", ""ovt_buy_req"": ""0"", ""ovt_buy_req_pre"": ""0"", ""return_code"": 0, ""return_msg"": ""정상적으로 처리되었습니다""}"
2026-06-10,scan_candidate,489790,,0,main_scan,68600,,68600,68500,68600,69000,0.43731778425655976,0.1457725947521866,,,,,,"{""bid_req_base_tm"": ""105501"", ""sel_10th_pre_req_pre"": ""0"", ""sel_10th_pre_req"": ""7"", ""sel_10th_pre_bid"": ""+69800"", ""sel_9th_pre_req_pre"": ""0"", ""sel_9th_pre_req"": ""2"", ""sel_9th_pre_bid"": ""+69600"", ""sel_8th_pre_req_pre"": ""0"", ""sel_8th_pre_req"": ""15"", ""sel_8th_pre_bid"": ""+69500"", ""sel_7th_pre_req_pre"": ""0"", ""sel_7th_pre_req"": ""301"", ""sel_7th_pre_bid"": ""+69300"", ""sel_6th_pre_req_pre"": ""0"", ""sel_6th_pre_req"": ""2"", ""sel_6th_pre_bid"": ""+69100"", ""sel_5th_pre_req_pre"": ""0"", ""sel_5th_pre_req"": ""3"", ""sel_5th_pre_bid"": ""+69000"", ""sel_4th_pre_req_pre"": ""0"", ""sel_4th_pre_req"": ""2"", ""sel_4th_pre_bid"": ""+68900"", ""sel_3th_pre_req_pre"": ""0"", ""sel_3th_pre_req"": ""94"", ""sel_3th_pre_bid"": ""+68800"", ""sel_2th_pre_req_pre"": ""0"", ""sel_2th_pre_req"": ""126"", ""sel_2th_pre_bid"": ""+68700"", ""sel_1th_pre_req_pre"": ""0"", ""sel_fpr_req"": ""30"", ""sel_fpr_bid"": ""+68600"", ""buy_fpr_bid"": ""+68500"", ""buy_fpr_req"": ""278"", ""buy_1th_pre_req_pre"": ""0"", ""buy_2th_pre_bid"": ""+68400"", ""buy_2th_pre_req"": ""145"", ""buy_2th_pre_req_pre"": ""0"", ""buy_3th_pre_bid"": ""+68300"", ""buy_3th_pre_req"": ""205"", ""buy_3th_pre_req_pre"": ""0"", ""buy_4th_pre_bid"": ""+68200"", ""buy_4th_pre_req"": ""218"", ""buy_4th_pre_req_pre"": ""0"", ""buy_5th_pre_bid"": ""+68100"", ""buy_5th_pre_req"": ""218"", ""buy_5th_pre_req_pre"": ""0"", ""buy_6th_pre_bid"": ""+68000"", ""buy_6th_pre_req"": ""936"", ""buy_6th_pre_req_pre"": ""0"", ""buy_7th_pre_bid"": ""+67900"", ""buy_7th_pre_req"": ""72"", ""buy_7th_pre_req_pre"": ""0"", ""buy_8th_pre_bid"": ""+67800"", ""buy_8th_pre_req"": ""164"", ""buy_8th_pre_req_pre"": ""0"", ""buy_9th_pre_bid"": ""+67700"", ""buy_9th_pre_req"": ""124"", ""buy_9th_pre_req_pre"": ""0"", ""buy_10th_pre_bid"": ""+67600"", ""buy_10th_pre_req"": ""226"", ""buy_10th_pre_req_pre"": ""0"", ""tot_sel_req_jub_pre"": ""0"", ""tot_sel_req"": ""582"", ""tot_buy_req"": ""2586"", ""tot_buy_req_jub_pre"": ""0"", ""ovt_sel_req_pre"": ""0"", ""ovt_sel_req"": ""0"", ""ovt_buy_req"": ""0"", ""ovt_buy_req_pre"": ""0"", ""return_code"": 0, ""return_msg"": ""정상적으로 처리되었습니다""}"
2026-06-10,scan_candidate,085620,,0,main_scan,22250,,22250,22200,22250,22350,0.22471910112359553,0.22471910112359553,,,,,,"{""bid_req_base_tm"": ""105501"", ""sel_10th_pre_req_pre"": ""0"", ""sel_10th_pre_req"": ""462"", ""sel_10th_pre_bid"": ""-22700"", ""sel_9th_pre_req_pre"": ""0"", ""sel_9th_pre_req"": ""160"", ""sel_9th_pre_bid"": ""-22650"", ""sel_8th_pre_req_pre"": ""0"", ""sel_8th_pre_req"": ""979"", ""sel_8th_pre_bid"": ""-22600"", ""sel_7th_pre_req_pre"": ""0"", ""sel_7th_pre_req"": ""756"", ""sel_7th_pre_bid"": ""-22550"", ""sel_6th_pre_req_pre"": ""0"", ""sel_6th_pre_req"": ""969"", ""sel_6th_pre_bid"": ""-22500"", ""sel_5th_pre_req_pre"": ""0"", ""sel_5th_pre_req"": ""1195"", ""sel_5th_pre_bid"": ""-22450"", ""sel_4th_pre_req_pre"": ""0"", ""sel_4th_pre_req"": ""401"", ""sel_4th_pre_bid"": ""-22400"", ""sel_3th_pre_req_pre"": ""0"", ""sel_3th_pre_req"": ""42"", ""sel_3th_pre_bid"": ""-22350"", ""sel_2th_pre_req_pre"": ""0"", ""sel_2th_pre_req"": ""261"", ""sel_2th_pre_bid"": ""-22300"", ""sel_1th_pre_req_pre"": ""--1"", ""sel_fpr_req"": ""20"", ""sel_fpr_bid"": ""-22250"", ""buy_fpr_bid"": ""-22200"", ""buy_fpr_req"": ""172"", ""buy_1th_pre_req_pre"": ""0"", ""buy_2th_pre_bid"": ""-22150"", ""buy_2th_pre_req"": ""907"", ""buy_2th_pre_req_pre"": ""0"", ""buy_3th_pre_bid"": ""-22100"", ""buy_3th_pre_req"": ""3505"", ""buy_3th_pre_req_pre"": ""0"", ""buy_4th_pre_bid"": ""-22050"", ""buy_4th_pre_req"": ""2500"", ""buy_4th_pre_req_pre"": ""0"", ""buy_5th_pre_bid"": ""-22000"", ""buy_5th_pre_req"": ""1898"", ""buy_5th_pre_req_pre"": ""0"", ""buy_6th_pre_bid"": ""-21950"", ""buy_6th_pre_req"": ""2340"", ""buy_6th_pre_req_pre"": ""0"", ""buy_7th_pre_bid"": ""-21900"", ""buy_7th_pre_req"": ""2655"", ""buy_7th_pre_req_pre"": ""0"", ""buy_8th_pre_bid"": ""-21850"", ""buy_8th_pre_req"": ""1876"", ""buy_8th_pre_req_pre"": ""0"", ""buy_9th_pre_bid"": ""-21800"", ""buy_9th_pre_req"": ""2420"", ""buy_9th_pre_req_pre"": ""0"", ""buy_10th_pre_bid"": ""-21750"", ""buy_10th_pre_req"": ""4039"", ""buy_10th_pre_req_pre"": ""0"", ""tot_sel_req_jub_pre"": ""--1"", ""tot_sel_req"": ""5245"", ""tot_buy_req"": ""22312"", ""tot_buy_req_jub_pre"": ""0"", ""ovt_sel_req_pre"": ""0"", ""ovt_sel_req"": ""0"", ""ovt_buy_req"": ""0"", ""ovt_buy_req_pre"": ""0"", ""return_code"": 0, ""return_msg"": ""정상적으로 처리되었습니다""}"
2026-06-10,scan_candidate,001450,,0,main_scan,37650,,37650,37600,37650,37700,0.0,0.13280212483399734,,,,,,"{""bid_req_base_tm"": ""105456"", ""sel_10th_pre_req_pre"": ""0"", ""sel_10th_pre_req"": ""36"", ""sel_10th_pre_bid"": ""+38150"", ""sel_9th_pre_req_pre"": ""0"", ""sel_9th_pre_req"": ""534"", ""sel_9th_pre_bid"": ""+38100"", ""sel_8th_pre_req_pre"": ""0"", ""sel_8th_pre_req"": ""283"", ""sel_8th_pre_bid"": ""+38050"", ""sel_7th_pre_req_pre"": ""0"", ""sel_7th_pre_req"": ""507"", ""sel_7th_pre_bid"": ""+38000"", ""sel_6th_pre_req_pre"": ""0"", ""sel_6th_pre_req"": ""138"", ""sel_6th_pre_bid"": ""+37950"", ""sel_5th_pre_req_pre"": ""0"", ""sel_5th_pre_req"": ""31"", ""sel_5th_pre_bid"": ""+37850"", ""sel_4th_pre_req_pre"": ""0"", ""sel_4th_pre_req"": ""12"", ""sel_4th_pre_bid"": ""+37800"", ""sel_3th_pre_req_pre"": ""0"", ""sel_3th_pre_req"": ""4"", ""sel_3th_pre_bid"": ""+37750"", ""sel_2th_pre_req_pre"": ""0"", ""sel_2th_pre_req"": ""482"", ""sel_2th_pre_bid"": ""+37700"", ""sel_1th_pre_req_pre"": ""+53"", ""sel_fpr_req"": ""305"", ""sel_fpr_bid"": ""+37650"", ""buy_fpr_bid"": ""+37600"", ""buy_fpr_req"": ""650"", ""buy_1th_pre_req_pre"": ""0"", ""buy_2th_pre_bid"": ""+37550"", ""buy_2th_pre_req"": ""133"", ""buy_2th_pre_req_pre"": ""0"", ""buy_3th_pre_bid"": ""+37500"", ""buy_3th_pre_req"": ""393"", ""buy_3th_pre_req_pre"": ""0"", ""buy_4th_pre_bid"": ""+37450"", ""buy_4th_pre_req"": ""512"", ""buy_4th_pre_req_pre"": ""0"", ""buy_5th_pre_bid"": ""+37400"", ""buy_5th_pre_req"": ""227"", ""buy_5th_pre_req_pre"": ""0"", ""buy_6th_pre_bid"": ""+37350"", ""buy_6th_pre_req"": ""194"", ""buy_6th_pre_req_pre"": ""0"", ""buy_7th_pre_bid"": ""+37300"", ""buy_7th_pre_req"": ""359"", ""buy_7th_pre_req_pre"": ""0"", ""buy_8th_pre_bid"": ""+37250"", ""buy_8th_pre_req"": ""204"", ""buy_8th_pre_req_pre"": ""0"", ""buy_9th_pre_bid"": ""+37200"", ""buy_9th_pre_req"": ""488"", ""buy_9th_pre_req_pre"": ""0"", ""buy_10th_pre_bid"": ""+37150"", ""buy_10th_pre_req"": ""40"", ""buy_10th_pre_req_pre"": ""0"", ""tot_sel_req_jub_pre"": ""+53"", ""tot_sel_req"": ""2332"", ""tot_buy_req"": ""3200"", ""tot_buy_req_jub_pre"": ""0"", ""ovt_sel_req_pre"": ""0"", ""ovt_sel_req"": ""0"", ""ovt_buy_req"": ""0"", ""ovt_buy_req_pre"": ""0"", ""return_code"": 0, ""return_msg"": ""정상적으로 처리되었습니다""}"
2026-06-10,scan_candidate,036460,,0,main_scan,34500,,34500,34350,34500,34500,-0.14492753623188406,0.43478260869565216,,,,,,"{""bid_req_base_tm"": ""105501"", ""sel_10th_pre_req_pre"": ""0"", ""sel_10th_pre_req"": ""57"", ""sel_10th_pre_bid"": ""+34950"", ""sel_9th_pre_req_pre"": ""0"", ""sel_9th_pre_req"": ""619"", ""sel_9th_pre_bid"": ""+34900"", ""sel_8th_pre_req_pre"": ""0"", ""sel_8th_pre_req"": ""533"", ""sel_8th_pre_bid"": ""+34850"", ""sel_7th_pre_req_pre"": ""0"", ""sel_7th_pre_req"": ""110"", ""sel_7th_pre_bid"": ""+34800"", ""sel_6th_pre_req_pre"": ""0"", ""sel_6th_pre_req"": ""578"", ""sel_6th_pre_bid"": ""+34750"", ""sel_5th_pre_req_pre"": ""0"", ""sel_5th_pre_req"": ""662"", ""sel_5th_pre_bid"": ""+34700"", ""sel_4th_pre_req_pre"": ""0"", ""sel_4th_pre_req"": ""382"", ""sel_4th_pre_bid"": ""+34650"", ""sel_3th_pre_req_pre"": ""0"", ""sel_3th_pre_req"": ""937"", ""sel_3th_pre_bid"": ""+34600"", ""sel_2th_pre_req_pre"": ""0"", ""sel_2th_pre_req"": ""202"", ""sel_2th_pre_bid"": ""+34550"", ""sel_1th_pre_req_pre"": ""0"", ""sel_fpr_req"": ""4"", ""sel_fpr_bid"": ""+34500"", ""buy_fpr_bid"": ""+34350"", ""buy_fpr_req"": ""218"", ""buy_1th_pre_req_pre"": ""--1"", ""buy_2th_pre_bid"": ""+34300"", ""buy_2th_pre_req"": ""227"", ""buy_2th_pre_req_pre"": ""0"", ""buy_3th_pre_bid"": ""+34250"", ""buy_3th_pre_req"": ""741"", ""buy_3th_pre_req_pre"": ""0"", ""buy_4th_pre_bid"": ""+34200"", ""buy_4th_pre_req"": ""550"", ""buy_4th_pre_req_pre"": ""0"", ""buy_5th_pre_bid"": ""+34150"", ""buy_5th_pre_req"": ""804"", ""buy_5th_pre_req_pre"": ""0"", ""buy_6th_pre_bid"": ""+34100"", ""buy_6th_pre_req"": ""430"", ""buy_6th_pre_req_pre"": ""0"", ""buy_7th_pre_bid"": ""+34050"", ""buy_7th_pre_req"": ""1418"", ""buy_7th_pre_req_pre"": ""0"", ""buy_8th_pre_bid"": ""34000"", ""buy_8th_pre_req"": ""3356"", ""buy_8th_pre_req_pre"": ""0"", ""buy_9th_pre_bid"": ""-33950"", ""buy_9th_pre_req"": ""854"", ""buy_9th_pre_req_pre"": ""0"", ""buy_10th_pre_bid"": ""-33900"", ""buy_10th_pre_req"": ""869"", ""buy_10th_pre_req_pre"": ""0"", ""tot_sel_req_jub_pre"": ""0"", ""tot_sel_req"": ""4084"", ""tot_buy_req"": ""9467"", ""tot_buy_req_jub_pre"": ""--1"", ""ovt_sel_req_pre"": ""0"", ""ovt_sel_req"": ""0"", ""ovt_buy_req"": ""0"", ""ovt_buy_req_pre"": ""0"", ""return_code"": 0, ""return_msg"": ""정상적으로 처리되었습니다""}"
2026-06-10,scan_candidate,017800,,0,main_scan,77100,,77100,77000,77100,77000,-0.25940337224383914,0.12970168612191957,,,,,,"{""bid_req_base_tm"": ""105459"", ""sel_10th_pre_req_pre"": ""+40"", ""sel_10th_pre_req"": ""175"", ""sel_10th_pre_bid"": ""+78000"", ""sel_9th_pre_req_pre"": ""0"", ""sel_9th_pre_req"": ""62"", ""sel_9th_pre_bid"": ""+77900"", ""sel_8th_pre_req_pre"": ""0"", ""sel_8th_pre_req"": ""157"", ""sel_8th_pre_bid"": ""+77800"", ""sel_7th_pre_req_pre"": ""0"", ""sel_7th_pre_req"": ""16"", ""sel_7th_pre_bid"": ""+77700"", ""sel_6th_pre_req_pre"": ""0"", ""sel_6th_pre_req"": ""29"", ""sel_6th_pre_bid"": ""+77600"", ""sel_5th_pre_req_pre"": ""0"", ""sel_5th_pre_req"": ""52"", ""sel_5th_pre_bid"": ""+77500"", ""sel_4th_pre_req_pre"": ""0"", ""sel_4th_pre_req"": ""37"", ""sel_4th_pre_bid"": ""+77400"", ""sel_3th_pre_req_pre"": ""0"", ""sel_3th_pre_req"": ""9"", ""sel_3th_pre_bid"": ""+77300"", ""sel_2th_pre_req_pre"": ""0"", ""sel_2th_pre_req"": ""10"", ""sel_2th_pre_bid"": ""+77200"", ""sel_1th_pre_req_pre"": ""0"", ""sel_fpr_req"": ""420"", ""sel_fpr_bid"": ""+77100"", ""buy_fpr_bid"": ""+77000"", ""buy_fpr_req"": ""431"", ""buy_1th_pre_req_pre"": ""0"", ""buy_2th_pre_bid"": ""+76900"", ""buy_2th_pre_req"": ""38"", ""buy_2th_pre_req_pre"": ""0"", ""buy_3th_pre_bid"": ""+76800"", ""buy_3th_pre_req"": ""31"", ""buy_3th_pre_req_pre"": ""0"", ""buy_4th_pre_bid"": ""76700"", ""buy_4th_pre_req"": ""127"", ""buy_4th_pre_req_pre"": ""0"", ""buy_5th_pre_bid"": ""-76600"", ""buy_5th_pre_req"": ""23"", ""buy_5th_pre_req_pre"": ""0"", ""buy_6th_pre_bid"": ""-76500"", ""buy_6th_pre_req"": ""57"", ""buy_6th_pre_req_pre"": ""0"", ""buy_7th_pre_bid"": ""-76400"", ""buy_7th_pre_req"": ""6"", ""buy_7th_pre_req_pre"": ""0"", ""buy_8th_pre_bid"": ""-76300"", ""buy_8th_pre_req"": ""11"", ""buy_8th_pre_req_pre"": ""0"", ""buy_9th_pre_bid"": ""-76200"", ""buy_9th_pre_req"": ""18"", ""buy_9th_pre_req_pre"": ""0"", ""buy_10th_pre_bid"": ""-76100"", ""buy_10th_pre_req"": ""15"", ""buy_10th_pre_req_pre"": ""0"", ""tot_sel_req_jub_pre"": ""+40"", ""tot_sel_req"": ""967"", ""tot_buy_req"": ""757"", ""tot_buy_req_jub_pre"": ""0"", ""ovt_sel_req_pre"": ""0"", ""ovt_sel_req"": ""0"", ""ovt_buy_req"": ""0"", ""ovt_buy_req_pre"": ""0"", ""return_code"": 0, ""return_msg"": ""정상적으로 처리되었습니다""}"
2026-06-10,scan_candidate,007810,,0,main_scan,120200,,120200,120000,120200,120500,-0.16638935108153077,0.16638935108153077,,,,,,"{""bid_req_base_tm"": ""105501"", ""sel_10th_pre_req_pre"": ""0"", ""sel_10th_pre_req"": ""8"", ""sel_10th_pre_bid"": ""+121600"", ""sel_9th_pre_req_pre"": ""0"", ""sel_9th_pre_req"": ""25"", ""sel_9th_pre_bid"": ""+121500"", ""sel_8th_pre_req_pre"": ""0"", ""sel_8th_pre_req"": ""106"", ""sel_8th_pre_bid"": ""+121400"", ""sel_7th_pre_req_pre"": ""0"", ""sel_7th_pre_req"": ""21"", ""sel_7th_pre_bid"": ""+121300"", ""sel_6th_pre_req_pre"": ""0"", ""sel_6th_pre_req"": ""14"", ""sel_6th_pre_bid"": ""+121200"", ""sel_5th_pre_req_pre"": ""0"", ""sel_5th_pre_req"": ""14"", ""sel_5th_pre_bid"": ""+121100"", ""sel_4th_pre_req_pre"": ""0"", ""sel_4th_pre_req"": ""100"", ""sel_4th_pre_bid"": ""+120700"", ""sel_3th_pre_req_pre"": ""0"", ""sel_3th_pre_req"": ""18"", ""sel_3th_pre_bid"": ""+120400"", ""sel_2th_pre_req_pre"": ""0"", ""sel_2th_pre_req"": ""132"", ""sel_2th_pre_bid"": ""120300"", ""sel_1th_pre_req_pre"": ""0"", ""sel_fpr_req"": ""29"", ""sel_fpr_bid"": ""-120200"", ""buy_fpr_bid"": ""-120000"", ""buy_fpr_req"": ""1"", ""buy_1th_pre_req_pre"": ""0"", ""buy_2th_pre_bid"": ""-119900"", ""buy_2th_pre_req"": ""42"", ""buy_2th_pre_req_pre"": ""0"", ""buy_3th_pre_bid"": ""-119800"", ""buy_3th_pre_req"": ""56"", ""buy_3th_pre_req_pre"": ""0"", ""buy_4th_pre_bid"": ""-119700"", ""buy_4th_pre_req"": ""238"", ""buy_4th_pre_req_pre"": ""0"", ""buy_5th_pre_bid"": ""-119600"", ""buy_5th_pre_req"": ""110"", ""buy_5th_pre_req_pre"": ""0"", ""buy_6th_pre_bid"": ""-119500"", ""buy_6th_pre_req"": ""78"", ""buy_6th_pre_req_pre"": ""0"", ""buy_7th_pre_bid"": ""-119400"", ""buy_7th_pre_req"": ""64"", ""buy_7th_pre_req_pre"": ""0"", ""buy_8th_pre_bid"": ""-119300"", ""buy_8th_pre_req"": ""91"", ""buy_8th_pre_req_pre"": ""0"", ""buy_9th_pre_bid"": ""-119200"", ""buy_9th_pre_req"": ""281"", ""buy_9th_pre_req_pre"": ""0"", ""buy_10th_pre_bid"": ""-119100"", ""buy_10th_pre_req"": ""93"", ""buy_10th_pre_req_pre"": ""0"", ""tot_sel_req_jub_pre"": ""0"", ""tot_sel_req"": ""467"", ""tot_buy_req"": ""1054"", ""tot_buy_req_jub_pre"": ""0"", ""ovt_sel_req_pre"": ""0"", ""ovt_sel_req"": ""0"", ""ovt_buy_req"": ""0"", ""ovt_buy_req_pre"": ""0"", ""return_code"": 0, ""return_msg"": ""정상적으로 처리되었습니다""}"
2026-06-10,scan_candidate,001740,,0,main_scan,14690,,14690,14680,14690,14650,-0.6126616746085772,0.06807351940095302,,,,,,"{""bid_req_base_tm"": ""105503"", ""sel_10th_pre_req_pre"": ""0"", ""sel_10th_pre_req"": ""9564"", ""sel_10th_pre_bid"": ""+14780"", ""sel_9th_pre_req_pre"": ""0"", ""sel_9th_pre_req"": ""2909"", ""sel_9th_pre_bid"": ""+14770"", ""sel_8th_pre_req_pre"": ""0"", ""sel_8th_pre_req"": ""39442"", ""sel_8th_pre_bid"": ""+14760"", ""sel_7th_pre_req_pre"": ""0"", ""sel_7th_pre_req"": ""8022"", ""sel_7th_pre_bid"": ""+14750"", ""sel_6th_pre_req_pre"": ""0"", ""sel_6th_pre_req"": ""2983"", ""sel_6th_pre_bid"": ""+14740"", ""sel_5th_pre_req_pre"": ""0"", ""sel_5th_pre_req"": ""1752"", ""sel_5th_pre_bid"": ""+14730"", ""sel_4th_pre_req_pre"": ""0"", ""sel_4th_pre_req"": ""4527"", ""sel_4th_pre_bid"": ""+14720"", ""sel_3th_pre_req_pre"": ""0"", ""sel_3th_pre_req"": ""1551"", ""sel_3th_pre_bid"": ""+14710"", ""sel_2th_pre_req_pre"": ""0"", ""sel_2th_pre_req"": ""9842"", ""sel_2th_pre_bid"": ""+14700"", ""sel_1th_pre_req_pre"": ""+314"", ""sel_fpr_req"": ""1853"", ""sel_fpr_bid"": ""+14690"", ""buy_fpr_bid"": ""+14680"", ""buy_fpr_req"": ""3694"", ""buy_1th_pre_req_pre"": ""--1"", ""buy_2th_pre_bid"": ""+14670"", ""buy_2th_pre_req"": ""2905"", ""buy_2th_pre_req_pre"": ""0"", ""buy_3th_pre_bid"": ""+14660"", ""buy_3th_pre_req"": ""7712"", ""buy_3th_pre_req_pre"": ""0"", ""buy_4th_pre_bid"": ""+14650"", ""buy_4th_pre_req"": ""12376"", ""buy_4th_pre_req_pre"": ""0"", ""buy_5th_pre_bid"": ""+14640"", ""buy_5th_pre_req"": ""1273"", ""buy_5th_pre_req_pre"": ""0"", ""buy_6th_pre_bid"": ""+14630"", ""buy_6th_pre_req"": ""4245"", ""buy_6th_pre_req_pre"": ""0"", ""buy_7th_pre_bid"": ""+14620"", ""buy_7th_pre_req"": ""1215"", ""buy_7th_pre_req_pre"": ""0"", ""buy_8th_pre_bid"": ""+14610"", ""buy_8th_pre_req"": ""1129"", ""buy_8th_pre_req_pre"": ""0"", ""buy_9th_pre_bid"": ""+14600"", ""buy_9th_pre_req"": ""7129"", ""buy_9th_pre_req_pre"": ""0"", ""buy_10th_pre_bid"": ""+14590"", ""buy_10th_pre_req"": ""4219"", ""buy_10th_pre_req_pre"": ""0"", ""tot_sel_req_jub_pre"": ""+314"", ""tot_sel_req"": ""82445"", ""tot_buy_req"": ""45897"", ""tot_buy_req_jub_pre"": ""--1"", ""ovt_sel_req_pre"": ""0"", ""ovt_sel_req"": ""0"", ""ovt_buy_req"": ""0"", ""ovt_buy_req_pre"": ""0"", ""return_code"": 0, ""return_msg"": ""정상적으로 처리되었습니다""}"
2026-06-10,scan_candidate,383220,,0,main_scan,75200,,75200,75100,75200,75000,-0.39893617021276595,0.13297872340425532,,,,,,"{""bid_req_base_tm"": ""105503"", ""sel_10th_pre_req_pre"": ""0"", ""sel_10th_pre_req"": ""2"", ""sel_10th_pre_bid"": ""+76400"", ""sel_9th_pre_req_pre"": ""0"", ""sel_9th_pre_req"": ""100"", ""sel_9th_pre_bid"": ""+76300"", ""sel_8th_pre_req_pre"": ""0"", ""sel_8th_pre_req"": ""5"", ""sel_8th_pre_bid"": ""+76200"", ""sel_7th_pre_req_pre"": ""0"", ""sel_7th_pre_req"": ""122"", ""sel_7th_pre_bid"": ""+76000"", ""sel_6th_pre_req_pre"": ""0"", ""sel_6th_pre_req"": ""159"", ""sel_6th_pre_bid"": ""+75900"", ""sel_5th_pre_req_pre"": ""0"", ""sel_5th_pre_req"": ""33"", ""sel_5th_pre_bid"": ""+75800"", ""sel_4th_pre_req_pre"": ""0"", ""sel_4th_pre_req"": ""10"", ""sel_4th_pre_bid"": ""+75700"", ""sel_3th_pre_req_pre"": ""0"", ""sel_3th_pre_req"": ""13"", ""sel_3th_pre_bid"": ""+75600"", ""sel_2th_pre_req_pre"": ""0"", ""sel_2th_pre_req"": ""100"", ""sel_2th_pre_bid"": ""+75500"", ""sel_1th_pre_req_pre"": ""0"", ""sel_fpr_req"": ""65"", ""sel_fpr_bid"": ""+75200"", ""buy_fpr_bid"": ""+75100"", ""buy_fpr_req"": ""12"", ""buy_1th_pre_req_pre"": ""+5"", ""buy_2th_pre_bid"": ""+75000"", ""buy_2th_pre_req"": ""2"", ""buy_2th_pre_req_pre"": ""0"", ""buy_3th_pre_bid"": ""+74900"", ""buy_3th_pre_req"": ""19"", ""buy_3th_pre_req_pre"": ""0"", ""buy_4th_pre_bid"": ""+74800"", ""buy_4th_pre_req"": ""6"", ""buy_4th_pre_req_pre"": ""0"", ""buy_5th_pre_bid"": ""+74700"", ""buy_5th_pre_req"": ""136"", ""buy_5th_pre_req_pre"": ""0"", ""buy_6th_pre_bid"": ""74600"", ""buy_6th_pre_req"": ""52"", ""buy_6th_pre_req_pre"": ""0"", ""buy_7th_pre_bid"": ""-74500"", ""buy_7th_pre_req"": ""27"", ""buy_7th_pre_req_pre"": ""0"", ""buy_8th_pre_bid"": ""-74400"", ""buy_8th_pre_req"": ""40"", ""buy_8th_pre_req_pre"": ""0"", ""buy_9th_pre_bid"": ""-74300"", ""buy_9th_pre_req"": ""10"", ""buy_9th_pre_req_pre"": ""0"", ""buy_10th_pre_bid"": ""-74200"", ""buy_10th_pre_req"": ""25"", ""buy_10th_pre_req_pre"": ""0"", ""tot_sel_req_jub_pre"": ""0"", ""tot_sel_req"": ""609"", ""tot_buy_req"": ""329"", ""tot_buy_req_jub_pre"": ""+5"", ""ovt_sel_req_pre"": ""0"", ""ovt_sel_req"": ""0"", ""ovt_buy_req"": ""0"", ""ovt_buy_req_pre"": ""0"", ""return_code"": 0, ""return_msg"": ""정상적으로 처리되었습니다""}"
2026-06-10,scan_candidate,014680,,0,main_scan,262000,,262000,261500,262000,262500,0.0,0.19083969465648853,,,,,,"{""bid_req_base_tm"": ""105502"", ""sel_10th_pre_req_pre"": ""0"", ""sel_10th_pre_req"": ""515"", ""sel_10th_pre_bid"": ""+266500"", ""sel_9th_pre_req_pre"": ""0"", ""sel_9th_pre_req"": ""61"", ""sel_9th_pre_bid"": ""+266000"", ""sel_8th_pre_req_pre"": ""0"", ""sel_8th_pre_req"": ""24"", ""sel_8th_pre_bid"": ""+265500"", ""sel_7th_pre_req_pre"": ""0"", ""sel_7th_pre_req"": ""35"", ""sel_7th_pre_bid"": ""+265000"", ""sel_6th_pre_req_pre"": ""0"", ""sel_6th_pre_req"": ""2"", ""sel_6th_pre_bid"": ""+264500"", ""sel_5th_pre_req_pre"": ""0"", ""sel_5th_pre_req"": ""3"", ""sel_5th_pre_bid"": ""+264000"", ""sel_4th_pre_req_pre"": ""0"", ""sel_4th_pre_req"": ""13"", ""sel_4th_pre_bid"": ""+263500"", ""sel_3th_pre_req_pre"": ""--3"", ""sel_3th_pre_req"": ""15"", ""sel_3th_pre_bid"": ""+263000"", ""sel_2th_pre_req_pre"": ""+3"", ""sel_2th_pre_req"": ""23"", ""sel_2th_pre_bid"": ""+262500"", ""sel_1th_pre_req_pre"": ""0"", ""sel_fpr_req"": ""6"", ""sel_fpr_bid"": ""+262000"", ""buy_fpr_bid"": ""+261500"", ""buy_fpr_req"": ""182"", ""buy_1th_pre_req_pre"": ""0"", ""buy_2th_pre_bid"": ""+261000"", ""buy_2th_pre_req"": ""24"", ""buy_2th_pre_req_pre"": ""0"", ""buy_3th_pre_bid"": ""+260500"", ""buy_3th_pre_req"": ""6"", ""buy_3th_pre_req_pre"": ""0"", ""buy_4th_pre_bid"": ""+260000"", ""buy_4th_pre_req"": ""130"", ""buy_4th_pre_req_pre"": ""0"", ""buy_5th_pre_bid"": ""+259500"", ""buy_5th_pre_req"": ""119"", ""buy_5th_pre_req_pre"": ""0"", ""buy_6th_pre_bid"": ""+259000"", ""buy_6th_pre_req"": ""210"", ""buy_6th_pre_req_pre"": ""0"", ""buy_7th_pre_bid"": ""+258500"", ""buy_7th_pre_req"": ""102"", ""buy_7th_pre_req_pre"": ""0"", ""buy_8th_pre_bid"": ""+258000"", ""buy_8th_pre_req"": ""101"", ""buy_8th_pre_req_pre"": ""0"", ""buy_9th_pre_bid"": ""+257500"", ""buy_9th_pre_req"": ""132"", ""buy_9th_pre_req_pre"": ""0"", ""buy_10th_pre_bid"": ""+257000"", ""buy_10th_pre_req"": ""141"", ""buy_10th_pre_req_pre"": ""0"", ""tot_sel_req_jub_pre"": ""0"", ""tot_sel_req"": ""697"", ""tot_buy_req"": ""1147"", ""tot_buy_req_jub_pre"": ""0"", ""ovt_sel_req_pre"": ""0"", ""ovt_sel_req"": ""0"", ""ovt_buy_req"": ""0"", ""ovt_buy_req_pre"": ""0"", ""return_code"": 0, ""return_msg"": ""정상적으로 처리되었습니다""}"
2026-06-10,scan_candidate,028670,,0,main_scan,5030,,5030,5020,5030,5060,0.3976143141153081,0.19880715705765406,,,,,,"{""bid_req_base_tm"": ""105503"", ""sel_10th_pre_req_pre"": ""0"", ""sel_10th_pre_req"": ""2959"", ""sel_10th_pre_bid"": ""-5120"", ""sel_9th_pre_req_pre"": ""0"", ""sel_9th_pre_req"": ""1001"", ""sel_9th_pre_bid"": ""-5110"", ""sel_8th_pre_req_pre"": ""0"", ""sel_8th_pre_req"": ""2261"", ""sel_8th_pre_bid"": ""-5100"", ""sel_7th_pre_req_pre"": ""0"", ""sel_7th_pre_req"": ""1385"", ""sel_7th_pre_bid"": ""-5090"", ""sel_6th_pre_req_pre"": ""0"", ""sel_6th_pre_req"": ""1217"", ""sel_6th_pre_bid"": ""-5080"", ""sel_5th_pre_req_pre"": ""0"", ""sel_5th_pre_req"": ""601"", ""sel_5th_pre_bid"": ""-5070"", ""sel_4th_pre_req_pre"": ""0"", ""sel_4th_pre_req"": ""401"", ""sel_4th_pre_bid"": ""-5060"", ""sel_3th_pre_req_pre"": ""0"", ""sel_3th_pre_req"": ""1484"", ""sel_3th_pre_bid"": ""-5050"", ""sel_2th_pre_req_pre"": ""--180"", ""sel_2th_pre_req"": ""1590"", ""sel_2th_pre_bid"": ""-5040"", ""sel_1th_pre_req_pre"": ""0"", ""sel_fpr_req"": ""209"", ""sel_fpr_bid"": ""-5030"", ""buy_fpr_bid"": ""-5020"", ""buy_fpr_req"": ""1445"", ""buy_1th_pre_req_pre"": ""0"", ""buy_2th_pre_bid"": ""-5010"", ""buy_2th_pre_req"": ""40880"", ""buy_2th_pre_req_pre"": ""0"", ""buy_3th_pre_bid"": ""-5000"", ""buy_3th_pre_req"": ""5613"", ""buy_3th_pre_req_pre"": ""0"", ""buy_4th_pre_bid"": ""-4995"", ""buy_4th_pre_req"": ""1757"", ""buy_4th_pre_req_pre"": ""0"", ""buy_5th_pre_bid"": ""-4990"", ""buy_5th_pre_req"": ""4365"", ""buy_5th_pre_req_pre"": ""0"", ""buy_6th_pre_bid"": ""-4985"", ""buy_6th_pre_req"": ""1878"", ""buy_6th_pre_req_pre"": ""0"", ""buy_7th_pre_bid"": ""-4980"", ""buy_7th_pre_req"": ""7373"", ""buy_7th_pre_req_pre"": ""0"", ""buy_8th_pre_bid"": ""-4975"", ""buy_8th_pre_req"": ""122"", ""buy_8th_pre_req_pre"": ""0"", ""buy_9th_pre_bid"": ""-4970"", ""buy_9th_pre_req"": ""2760"", ""buy_9th_pre_req_pre"": ""0"", ""buy_10th_pre_bid"": ""-4965"", ""buy_10th_pre_req"": ""5630"", ""buy_10th_pre_req_pre"": ""0"", ""tot_sel_req_jub_pre"": ""--180"", ""tot_sel_req"": ""13108"", ""tot_buy_req"": ""71823"", ""tot_buy_req_jub_pre"": ""0"", ""ovt_sel_req_pre"": ""0"", ""ovt_sel_req"": ""0"", ""ovt_buy_req"": ""0"", ""ovt_buy_req_pre"": ""0"", ""return_code"": 0, ""return_msg"": ""정상적으로 처리되었습니다""}"
2026-06-10,scan_candidate,009420,,0,main_scan,50300,,50300,50200,50300,50500,0.19880715705765406,0.19880715705765406,,,,,,"{""bid_req_base_tm"": ""105503"", ""sel_10th_pre_req_pre"": ""0"", ""sel_10th_pre_req"": ""641"", ""sel_10th_pre_bid"": ""-51200"", ""sel_9th_pre_req_pre"": ""0"", ""sel_9th_pre_req"": ""77"", ""sel_9th_pre_bid"": ""-51100"", ""sel_8th_pre_req_pre"": ""0"", ""sel_8th_pre_req"": ""162"", ""sel_8th_pre_bid"": ""-51000"", ""sel_7th_pre_req_pre"": ""0"", ""sel_7th_pre_req"": ""200"", ""sel_7th_pre_bid"": ""-50900"", ""sel_6th_pre_req_pre"": ""0"", ""sel_6th_pre_req"": ""135"", ""sel_6th_pre_bid"": ""-50800"", ""sel_5th_pre_req_pre"": ""0"", ""sel_5th_pre_req"": ""50"", ""sel_5th_pre_bid"": ""-50700"", ""sel_4th_pre_req_pre"": ""0"", ""sel_4th_pre_req"": ""31"", ""sel_4th_pre_bid"": ""-50600"", ""sel_3th_pre_req_pre"": ""0"", ""sel_3th_pre_req"": ""59"", ""sel_3th_pre_bid"": ""-50500"", ""sel_2th_pre_req_pre"": ""0"", ""sel_2th_pre_req"": ""149"", ""sel_2th_pre_bid"": ""-50400"", ""sel_1th_pre_req_pre"": ""0"", ""sel_fpr_req"": ""44"", ""sel_fpr_bid"": ""-50300"", ""buy_fpr_bid"": ""-50200"", ""buy_fpr_req"": ""286"", ""buy_1th_pre_req_pre"": ""+1"", ""buy_2th_pre_bid"": ""-50100"", ""buy_2th_pre_req"": ""202"", ""buy_2th_pre_req_pre"": ""0"", ""buy_3th_pre_bid"": ""-50000"", ""buy_3th_pre_req"": ""668"", ""buy_3th_pre_req_pre"": ""0"", ""buy_4th_pre_bid"": ""-49950"", ""buy_4th_pre_req"": ""365"", ""buy_4th_pre_req_pre"": ""0"", ""buy_5th_pre_bid"": ""-49900"", ""buy_5th_pre_req"": ""376"", ""buy_5th_pre_req_pre"": ""0"", ""buy_6th_pre_bid"": ""-49850"", ""buy_6th_pre_req"": ""559"", ""buy_6th_pre_req_pre"": ""0"", ""buy_7th_pre_bid"": ""-49800"", ""buy_7th_pre_req"": ""540"", ""buy_7th_pre_req_pre"": ""0"", ""buy_8th_pre_bid"": ""-49750"", ""buy_8th_pre_req"": ""874"", ""buy_8th_pre_req_pre"": ""0"", ""buy_9th_pre_bid"": ""-49700"", ""buy_9th_pre_req"": ""1221"", ""buy_9th_pre_req_pre"": ""0"", ""buy_10th_pre_bid"": ""-49650"", ""buy_10th_pre_req"": ""41"", ""buy_10th_pre_req_pre"": ""0"", ""tot_sel_req_jub_pre"": ""0"", ""tot_sel_req"": ""1548"", ""tot_buy_req"": ""5132"", ""tot_buy_req_jub_pre"": ""+1"", ""ovt_sel_req_pre"": ""0"", ""ovt_sel_req"": ""0"", ""ovt_buy_req"": ""0"", ""ovt_buy_req_pre"": ""0"", ""return_code"": 0, ""return_msg"": ""정상적으로 처리되었습니다""}"
2026-06-10,scan_candidate,375500,,0,main_scan,71700,,71700,71600,71700,71500,-0.41841004184100417,0.1394700139470014,,,,,,"{""bid_req_base_tm"": ""105502"", ""sel_10th_pre_req_pre"": ""0"", ""sel_10th_pre_req"": ""51"", ""sel_10th_pre_bid"": ""+72600"", ""sel_9th_pre_req_pre"": ""0"", ""sel_9th_pre_req"": ""300"", ""sel_9th_pre_bid"": ""+72500"", ""sel_8th_pre_req_pre"": ""0"", ""sel_8th_pre_req"": ""465"", ""sel_8th_pre_bid"": ""+72400"", ""sel_7th_pre_req_pre"": ""0"", ""sel_7th_pre_req"": ""462"", ""sel_7th_pre_bid"": ""+72300"", ""sel_6th_pre_req_pre"": ""0"", ""sel_6th_pre_req"": ""528"", ""sel_6th_pre_bid"": ""+72200"", ""sel_5th_pre_req_pre"": ""0"", ""sel_5th_pre_req"": ""194"", ""sel_5th_pre_bid"": ""+72100"", ""sel_4th_pre_req_pre"": ""0"", ""sel_4th_pre_req"": ""50"", ""sel_4th_pre_bid"": ""+72000"", ""sel_3th_pre_req_pre"": ""0"", ""sel_3th_pre_req"": ""121"", ""sel_3th_pre_bid"": ""+71900"", ""sel_2th_pre_req_pre"": ""0"", ""sel_2th_pre_req"": ""51"", ""sel_2th_pre_bid"": ""+71800"", ""sel_1th_pre_req_pre"": ""+65"", ""sel_fpr_req"": ""287"", ""sel_fpr_bid"": ""+71700"", ""buy_fpr_bid"": ""+71600"", ""buy_fpr_req"": ""390"", ""buy_1th_pre_req_pre"": ""0"", ""buy_2th_pre_bid"": ""+71500"", ""buy_2th_pre_req"": ""318"", ""buy_2th_pre_req_pre"": ""0"", ""buy_3th_pre_bid"": ""+71400"", ""buy_3th_pre_req"": ""19"", ""buy_3th_pre_req_pre"": ""0"", ""buy_4th_pre_bid"": ""+71200"", ""buy_4th_pre_req"": ""123"", ""buy_4th_pre_req_pre"": ""0"", ""buy_5th_pre_bid"": ""+71100"", ""buy_5th_pre_req"": ""205"", ""buy_5th_pre_req_pre"": ""0"", ""buy_6th_pre_bid"": ""+71000"", ""buy_6th_pre_req"": ""417"", ""buy_6th_pre_req_pre"": ""0"", ""buy_7th_pre_bid"": ""+70900"", ""buy_7th_pre_req"": ""263"", ""buy_7th_pre_req_pre"": ""0"", ""buy_8th_pre_bid"": ""+70800"", ""buy_8th_pre_req"": ""26"", ""buy_8th_pre_req_pre"": ""0"", ""buy_9th_pre_bid"": ""+70700"", ""buy_9th_pre_req"": ""87"", ""buy_9th_pre_req_pre"": ""0"", ""buy_10th_pre_bid"": ""+70600"", ""buy_10th_pre_req"": ""202"", ""buy_10th_pre_req_pre"": ""0"", ""tot_sel_req_jub_pre"": ""+65"", ""tot_sel_req"": ""2509"", ""tot_buy_req"": ""2050"", ""tot_buy_req_jub_pre"": ""0"", ""ovt_sel_req_pre"": ""0"", ""ovt_sel_req"": ""0"", ""ovt_buy_req"": ""0"", ""ovt_buy_req_pre"": ""0"", ""return_code"": 0, ""return_msg"": ""정상적으로 처리되었습니다""}"
2026-06-10,scan_candidate,004990,,0,main_scan,25900,,25900,25850,25900,25750,-0.7722007722007722,0.19305019305019305,,,,,,"{""bid_req_base_tm"": ""105501"", ""sel_10th_pre_req_pre"": ""0"", ""sel_10th_pre_req"": ""6"", ""sel_10th_pre_bid"": ""+26350"", ""sel_9th_pre_req_pre"": ""0"", ""sel_9th_pre_req"": ""11"", ""sel_9th_pre_bid"": ""+26300"", ""sel_8th_pre_req_pre"": ""0"", ""sel_8th_pre_req"": ""145"", ""sel_8th_pre_bid"": ""+26250"", ""sel_7th_pre_req_pre"": ""0"", ""sel_7th_pre_req"": ""90"", ""sel_7th_pre_bid"": ""+26200"", ""sel_6th_pre_req_pre"": ""0"", ""sel_6th_pre_req"": ""3119"", ""sel_6th_pre_bid"": ""26150"", ""sel_5th_pre_req_pre"": ""0"", ""sel_5th_pre_req"": ""402"", ""sel_5th_pre_bid"": ""-26100"", ""sel_4th_pre_req_pre"": ""0"", ""sel_4th_pre_req"": ""212"", ""sel_4th_pre_bid"": ""-26050"", ""sel_3th_pre_req_pre"": ""0"", ""sel_3th_pre_req"": ""422"", ""sel_3th_pre_bid"": ""-26000"", ""sel_2th_pre_req_pre"": ""0"", ""sel_2th_pre_req"": ""452"", ""sel_2th_pre_bid"": ""-25950"", ""sel_1th_pre_req_pre"": ""0"", ""sel_fpr_req"": ""857"", ""sel_fpr_bid"": ""-25900"", ""buy_fpr_bid"": ""-25850"", ""buy_fpr_req"": ""196"", ""buy_1th_pre_req_pre"": ""--1"", ""buy_2th_pre_bid"": ""-25800"", ""buy_2th_pre_req"": ""24"", ""buy_2th_pre_req_pre"": ""0"", ""buy_3th_pre_bid"": ""-25750"", ""buy_3th_pre_req"": ""500"", ""buy_3th_pre_req_pre"": ""0"", ""buy_4th_pre_bid"": ""-25700"", ""buy_4th_pre_req"": ""96"", ""buy_4th_pre_req_pre"": ""0"", ""buy_5th_pre_bid"": ""-25650"", ""buy_5th_pre_req"": ""200"", ""buy_5th_pre_req_pre"": ""0"", ""buy_6th_pre_bid"": ""-25600"", ""buy_6th_pre_req"": ""284"", ""buy_6th_pre_req_pre"": ""0"", ""buy_7th_pre_bid"": ""-25550"", ""buy_7th_pre_req"": ""422"", ""buy_7th_pre_req_pre"": ""0"", ""buy_8th_pre_bid"": ""-25500"", ""buy_8th_pre_req"": ""982"", ""buy_8th_pre_req_pre"": ""0"", ""buy_9th_pre_bid"": ""-25450"", ""buy_9th_pre_req"": ""1117"", ""buy_9th_pre_req_pre"": ""0"", ""buy_10th_pre_bid"": ""-25400"", ""buy_10th_pre_req"": ""676"", ""buy_10th_pre_req_pre"": ""0"", ""tot_sel_req_jub_pre"": ""0"", ""tot_sel_req"": ""5716"", ""tot_buy_req"": ""4497"", ""tot_buy_req_jub_pre"": ""--1"", ""ovt_sel_req_pre"": ""0"", ""ovt_sel_req"": ""0"", ""ovt_buy_req"": ""0"", ""ovt_buy_req_pre"": ""0"", ""return_code"": 0, ""return_msg"": ""정상적으로 처리되었습니다""}"
2026-06-10,scan_candidate,483650,,0,main_scan,205000,,205000,204500,205000,204500,-0.4878048780487805,0.24390243902439024,,,,,,"{""bid_req_base_tm"": ""105503"", ""sel_10th_pre_req_pre"": ""0"", ""sel_10th_pre_req"": ""710"", ""sel_10th_pre_bid"": ""+209500"", ""sel_9th_pre_req_pre"": ""0"", ""sel_9th_pre_req"": ""1410"", ""sel_9th_pre_bid"": ""+209000"", ""sel_8th_pre_req_pre"": ""0"", ""sel_8th_pre_req"": ""193"", ""sel_8th_pre_bid"": ""+208500"", ""sel_7th_pre_req_pre"": ""0"", ""sel_7th_pre_req"": ""323"", ""sel_7th_pre_bid"": ""+208000"", ""sel_6th_pre_req_pre"": ""0"", ""sel_6th_pre_req"": ""125"", ""sel_6th_pre_bid"": ""+207500"", ""sel_5th_pre_req_pre"": ""0"", ""sel_5th_pre_req"": ""135"", ""sel_5th_pre_bid"": ""+207000"", ""sel_4th_pre_req_pre"": ""0"", ""sel_4th_pre_req"": ""171"", ""sel_4th_pre_bid"": ""+206500"", ""sel_3th_pre_req_pre"": ""0"", ""sel_3th_pre_req"": ""62"", ""sel_3th_pre_bid"": ""+206000"", ""sel_2th_pre_req_pre"": ""0"", ""sel_2th_pre_req"": ""215"", ""sel_2th_pre_bid"": ""+205500"", ""sel_1th_pre_req_pre"": ""0"", ""sel_fpr_req"": ""66"", ""sel_fpr_bid"": ""+205000"", ""buy_fpr_bid"": ""+204500"", ""buy_fpr_req"": ""287"", ""buy_1th_pre_req_pre"": ""0"", ""buy_2th_pre_bid"": ""+204000"", ""buy_2th_pre_req"": ""67"", ""buy_2th_pre_req_pre"": ""--16"", ""buy_3th_pre_bid"": ""+203500"", ""buy_3th_pre_req"": ""55"", ""buy_3th_pre_req_pre"": ""--2"", ""buy_4th_pre_bid"": ""+203000"", ""buy_4th_pre_req"": ""175"", ""buy_4th_pre_req_pre"": ""0"", ""buy_5th_pre_bid"": ""+202500"", ""buy_5th_pre_req"": ""42"", ""buy_5th_pre_req_pre"": ""0"", ""buy_6th_pre_bid"": ""+202000"", ""buy_6th_pre_req"": ""77"", ""buy_6th_pre_req_pre"": ""0"", ""buy_7th_pre_bid"": ""+201500"", ""buy_7th_pre_req"": ""192"", ""buy_7th_pre_req_pre"": ""0"", ""buy_8th_pre_bid"": ""+201000"", ""buy_8th_pre_req"": ""345"", ""buy_8th_pre_req_pre"": ""0"", ""buy_9th_pre_bid"": ""+200500"", ""buy_9th_pre_req"": ""180"", ""buy_9th_pre_req_pre"": ""0"", ""buy_10th_pre_bid"": ""+200000"", ""buy_10th_pre_req"": ""182"", ""buy_10th_pre_req_pre"": ""0"", ""tot_sel_req_jub_pre"": ""0"", ""tot_sel_req"": ""3410"", ""tot_buy_req"": ""1602"", ""tot_buy_req_jub_pre"": ""--18"", ""ovt_sel_req_pre"": ""0"", ""ovt_sel_req"": ""0"", ""ovt_buy_req"": ""0"", ""ovt_buy_req_pre"": ""0"", ""return_code"": 0, ""return_msg"": ""정상적으로 처리되었습니다""}"
2026-06-10,scan_candidate,003690,,0,main_scan,13210,,13210,13190,13210,13200,-0.45420136260408783,0.1514004542013626,,,,,,"{""bid_req_base_tm"": ""105501"", ""sel_10th_pre_req_pre"": ""0"", ""sel_10th_pre_req"": ""179"", ""sel_10th_pre_bid"": ""-13300"", ""sel_9th_pre_req_pre"": ""0"", ""sel_9th_pre_req"": ""22"", ""sel_9th_pre_bid"": ""-13290"", ""sel_8th_pre_req_pre"": ""0"", ""sel_8th_pre_req"": ""2"", ""sel_8th_pre_bid"": ""-13280"", ""sel_7th_pre_req_pre"": ""0"", ""sel_7th_pre_req"": ""86"", ""sel_7th_pre_bid"": ""-13270"", ""sel_6th_pre_req_pre"": ""0"", ""sel_6th_pre_req"": ""2"", ""sel_6th_pre_bid"": ""-13260"", ""sel_5th_pre_req_pre"": ""0"", ""sel_5th_pre_req"": ""40"", ""sel_5th_pre_bid"": ""-13250"", ""sel_4th_pre_req_pre"": ""0"", ""sel_4th_pre_req"": ""1"", ""sel_4th_pre_bid"": ""-13240"", ""sel_3th_pre_req_pre"": ""0"", ""sel_3th_pre_req"": ""53"", ""sel_3th_pre_bid"": ""-13230"", ""sel_2th_pre_req_pre"": ""0"", ""sel_2th_pre_req"": ""268"", ""sel_2th_pre_bid"": ""-13220"", ""sel_1th_pre_req_pre"": ""0"", ""sel_fpr_req"": ""2"", ""sel_fpr_bid"": ""-13210"", ""buy_fpr_bid"": ""-13190"", ""buy_fpr_req"": ""5"", ""buy_1th_pre_req_pre"": ""0"", ""buy_2th_pre_bid"": ""-13180"", ""buy_2th_pre_req"": ""481"", ""buy_2th_pre_req_pre"": ""0"", ""buy_3th_pre_bid"": ""-13170"", ""buy_3th_pre_req"": ""335"", ""buy_3th_pre_req_pre"": ""0"", ""buy_4th_pre_bid"": ""-13160"", ""buy_4th_pre_req"": ""528"", ""buy_4th_pre_req_pre"": ""0"", ""buy_5th_pre_bid"": ""-13150"", ""buy_5th_pre_req"": ""53"", ""buy_5th_pre_req_pre"": ""0"", ""buy_6th_pre_bid"": ""-13140"", ""buy_6th_pre_req"": ""51"", ""buy_6th_pre_req_pre"": ""0"", ""buy_7th_pre_bid"": ""-13130"", ""buy_7th_pre_req"": ""351"", ""buy_7th_pre_req_pre"": ""0"", ""buy_8th_pre_bid"": ""-13120"", ""buy_8th_pre_req"": ""50"", ""buy_8th_pre_req_pre"": ""0"", ""buy_9th_pre_bid"": ""-13110"", ""buy_9th_pre_req"": ""50"", ""buy_9th_pre_req_pre"": ""0"", ""buy_10th_pre_bid"": ""-13100"", ""buy_10th_pre_req"": ""88"", ""buy_10th_pre_req_pre"": ""0"", ""tot_sel_req_jub_pre"": ""0"", ""tot_sel_req"": ""655"", ""tot_buy_req"": ""1992"", ""tot_buy_req_jub_pre"": ""--581"", ""ovt_sel_req_pre"": ""0"", ""ovt_sel_req"": ""0"", ""ovt_buy_req"": ""0"", ""ovt_buy_req_pre"": ""0"", ""return_code"": 0, ""return_msg"": ""정상적으로 처리되었습니다""}"
2026-06-10,scan_candidate,279570,,0,main_scan,6080,,6080,6070,6080,6040,-0.8223684210526315,0.1644736842105263,,,,,,"{""bid_req_base_tm"": ""105504"", ""sel_10th_pre_req_pre"": ""0"", ""sel_10th_pre_req"": ""8308"", ""sel_10th_pre_bid"": ""+6170"", ""sel_9th_pre_req_pre"": ""0"", ""sel_9th_pre_req"": ""2750"", ""sel_9th_pre_bid"": ""+6160"", ""sel_8th_pre_req_pre"": ""0"", ""sel_8th_pre_req"": ""15933"", ""sel_8th_pre_bid"": ""+6150"", ""sel_7th_pre_req_pre"": ""0"", ""sel_7th_pre_req"": ""12837"", ""sel_7th_pre_bid"": ""+6140"", ""sel_6th_pre_req_pre"": ""0"", ""sel_6th_pre_req"": ""30202"", ""sel_6th_pre_bid"": ""+6130"", ""sel_5th_pre_req_pre"": ""0"", ""sel_5th_pre_req"": ""11893"", ""sel_5th_pre_bid"": ""+6120"", ""sel_4th_pre_req_pre"": ""0"", ""sel_4th_pre_req"": ""10827"", ""sel_4th_pre_bid"": ""+6110"", ""sel_3th_pre_req_pre"": ""0"", ""sel_3th_pre_req"": ""16688"", ""sel_3th_pre_bid"": ""+6100"", ""sel_2th_pre_req_pre"": ""0"", ""sel_2th_pre_req"": ""7362"", ""sel_2th_pre_bid"": ""+6090"", ""sel_1th_pre_req_pre"": ""0"", ""sel_fpr_req"": ""1067"", ""sel_fpr_bid"": ""+6080"", ""buy_fpr_bid"": ""+6070"", ""buy_fpr_req"": ""2150"", ""buy_1th_pre_req_pre"": ""0"", ""buy_2th_pre_bid"": ""+6060"", ""buy_2th_pre_req"": ""1272"", ""buy_2th_pre_req_pre"": ""0"", ""buy_3th_pre_bid"": ""+6050"", ""buy_3th_pre_req"": ""2111"", ""buy_3th_pre_req_pre"": ""0"", ""buy_4th_pre_bid"": ""+6040"", ""buy_4th_pre_req"": ""2122"", ""buy_4th_pre_req_pre"": ""0"", ""buy_5th_pre_bid"": ""+6030"", ""buy_5th_pre_req"": ""2441"", ""buy_5th_pre_req_pre"": ""0"", ""buy_6th_pre_bid"": ""+6020"", ""buy_6th_pre_req"": ""4512"", ""buy_6th_pre_req_pre"": ""0"", ""buy_7th_pre_bid"": ""+6010"", ""buy_7th_pre_req"": ""4630"", ""buy_7th_pre_req_pre"": ""0"", ""buy_8th_pre_bid"": ""+6000"", ""buy_8th_pre_req"": ""4852"", ""buy_8th_pre_req_pre"": ""0"", ""buy_9th_pre_bid"": ""+5990"", ""buy_9th_pre_req"": ""4153"", ""buy_9th_pre_req_pre"": ""0"", ""buy_10th_pre_bid"": ""+5980"", ""buy_10th_pre_req"": ""4786"", ""buy_10th_pre_req_pre"": ""0"", ""tot_sel_req_jub_pre"": ""0"", ""tot_sel_req"": ""117867"", ""tot_buy_req"": ""33029"", ""tot_buy_req_jub_pre"": ""0"", ""ovt_sel_req_pre"": ""0"", ""ovt_sel_req"": ""0"", ""ovt_buy_req"": ""0"", ""ovt_buy_req_pre"": ""0"", ""return_code"": 0, ""return_msg"": ""정상적으로 처리되었습니다""}"
2026-06-10,scan_candidate,439260,,0,main_scan,61800,,61800,61700,61800,61500,-0.6472491909385114,0.16181229773462785,,,,,,"{""bid_req_base_tm"": ""105503"", ""sel_10th_pre_req_pre"": ""0"", ""sel_10th_pre_req"": ""5"", ""sel_10th_pre_bid"": ""+62700"", ""sel_9th_pre_req_pre"": ""0"", ""sel_9th_pre_req"": ""312"", ""sel_9th_pre_bid"": ""+62600"", ""sel_8th_pre_req_pre"": ""0"", ""sel_8th_pre_req"": ""30"", ""sel_8th_pre_bid"": ""+62500"", ""sel_7th_pre_req_pre"": ""0"", ""sel_7th_pre_req"": ""8"", ""sel_7th_pre_bid"": ""+62400"", ""sel_6th_pre_req_pre"": ""0"", ""sel_6th_pre_req"": ""240"", ""sel_6th_pre_bid"": ""+62300"", ""sel_5th_pre_req_pre"": ""0"", ""sel_5th_pre_req"": ""867"", ""sel_5th_pre_bid"": ""+62200"", ""sel_4th_pre_req_pre"": ""0"", ""sel_4th_pre_req"": ""272"", ""sel_4th_pre_bid"": ""+62100"", ""sel_3th_pre_req_pre"": ""0"", ""sel_3th_pre_req"": ""1458"", ""sel_3th_pre_bid"": ""+62000"", ""sel_2th_pre_req_pre"": ""0"", ""sel_2th_pre_req"": ""396"", ""sel_2th_pre_bid"": ""+61900"", ""sel_1th_pre_req_pre"": ""0"", ""sel_fpr_req"": ""162"", ""sel_fpr_bid"": ""+61800"", ""buy_fpr_bid"": ""+61700"", ""buy_fpr_req"": ""58"", ""buy_1th_pre_req_pre"": ""--2"", ""buy_2th_pre_bid"": ""+61600"", ""buy_2th_pre_req"": ""165"", ""buy_2th_pre_req_pre"": ""0"", ""buy_3th_pre_bid"": ""+61500"", ""buy_3th_pre_req"": ""655"", ""buy_3th_pre_req_pre"": ""0"", ""buy_4th_pre_bid"": ""+61400"", ""buy_4th_pre_req"": ""67"", ""buy_4th_pre_req_pre"": ""0"", ""buy_5th_pre_bid"": ""+61300"", ""buy_5th_pre_req"": ""108"", ""buy_5th_pre_req_pre"": ""0"", ""buy_6th_pre_bid"": ""+61200"", ""buy_6th_pre_req"": ""214"", ""buy_6th_pre_req_pre"": ""0"", ""buy_7th_pre_bid"": ""+61100"", ""buy_7th_pre_req"": ""430"", ""buy_7th_pre_req_pre"": ""0"", ""buy_8th_pre_bid"": ""+61000"", ""buy_8th_pre_req"": ""752"", ""buy_8th_pre_req_pre"": ""0"", ""buy_9th_pre_bid"": ""60900"", ""buy_9th_pre_req"": ""272"", ""buy_9th_pre_req_pre"": ""0"", ""buy_10th_pre_bid"": ""-60800"", ""buy_10th_pre_req"": ""516"", ""buy_10th_pre_req_pre"": ""0"", ""tot_sel_req_jub_pre"": ""0"", ""tot_sel_req"": ""3750"", ""tot_buy_req"": ""3237"", ""tot_buy_req_jub_pre"": ""--2"", ""ovt_sel_req_pre"": ""0"", ""ovt_sel_req"": ""0"", ""ovt_buy_req"": ""0"", ""ovt_buy_req_pre"": ""0"", ""return_code"": 0, ""return_msg"": ""정상적으로 처리되었습니다""}"
2026-06-10,scan_candidate,008770,,0,main_scan,54900,,54900,54800,54900,54500,-0.9107468123861567,0.18214936247723132,,,,,,"{""bid_req_base_tm"": ""105503"", ""sel_10th_pre_req_pre"": ""0"", ""sel_10th_pre_req"": ""594"", ""sel_10th_pre_bid"": ""+55800"", ""sel_9th_pre_req_pre"": ""0"", ""sel_9th_pre_req"": ""45"", ""sel_9th_pre_bid"": ""+55700"", ""sel_8th_pre_req_pre"": ""0"", ""sel_8th_pre_req"": ""157"", ""sel_8th_pre_bid"": ""+55600"", ""sel_7th_pre_req_pre"": ""0"", ""sel_7th_pre_req"": ""441"", ""sel_7th_pre_bid"": ""+55500"", ""sel_6th_pre_req_pre"": ""0"", ""sel_6th_pre_req"": ""266"", ""sel_6th_pre_bid"": ""+55400"", ""sel_5th_pre_req_pre"": ""0"", ""sel_5th_pre_req"": ""411"", ""sel_5th_pre_bid"": ""+55300"", ""sel_4th_pre_req_pre"": ""0"", ""sel_4th_pre_req"": ""636"", ""sel_4th_pre_bid"": ""55200"", ""sel_3th_pre_req_pre"": ""0"", ""sel_3th_pre_req"": ""193"", ""sel_3th_pre_bid"": ""-55100"", ""sel_2th_pre_req_pre"": ""0"", ""sel_2th_pre_req"": ""589"", ""sel_2th_pre_bid"": ""-55000"", ""sel_1th_pre_req_pre"": ""0"", ""sel_fpr_req"": ""556"", ""sel_fpr_bid"": ""-54900"", ""buy_fpr_bid"": ""-54800"", ""buy_fpr_req"": ""93"", ""buy_1th_pre_req_pre"": ""--2"", ""buy_2th_pre_bid"": ""-54700"", ""buy_2th_pre_req"": ""474"", ""buy_2th_pre_req_pre"": ""0"", ""buy_3th_pre_bid"": ""-54600"", ""buy_3th_pre_req"": ""168"", ""buy_3th_pre_req_pre"": ""0"", ""buy_4th_pre_bid"": ""-54500"", ""buy_4th_pre_req"": ""10"", ""buy_4th_pre_req_pre"": ""0"", ""buy_5th_pre_bid"": ""-54400"", ""buy_5th_pre_req"": ""39"", ""buy_5th_pre_req_pre"": ""0"", ""buy_6th_pre_bid"": ""-54300"", ""buy_6th_pre_req"": ""300"", ""buy_6th_pre_req_pre"": ""0"", ""buy_7th_pre_bid"": ""-54200"", ""buy_7th_pre_req"": ""11"", ""buy_7th_pre_req_pre"": ""0"", ""buy_8th_pre_bid"": ""-54100"", ""buy_8th_pre_req"": ""22"", ""buy_8th_pre_req_pre"": ""0"", ""buy_9th_pre_bid"": ""-54000"", ""buy_9th_pre_req"": ""251"", ""buy_9th_pre_req_pre"": ""0"", ""buy_10th_pre_bid"": ""-53900"", ""buy_10th_pre_req"": ""204"", ""buy_10th_pre_req_pre"": ""0"", ""tot_sel_req_jub_pre"": ""0"", ""tot_sel_req"": ""3888"", ""tot_buy_req"": ""1572"", ""tot_buy_req_jub_pre"": ""--2"", ""ovt_sel_req_pre"": ""0"", ""ovt_sel_req"": ""0"", ""ovt_buy_req"": ""0"", ""ovt_buy_req_pre"": ""0"", ""return_code"": 0, ""return_msg"": ""정상적으로 처리되었습니다""}"
2026-06-10,scan_candidate,081660,,0,main_scan,40350,,40350,40300,40350,40400,0.0,0.12391573729863693,,,,,,"{""bid_req_base_tm"": ""105501"", ""sel_10th_pre_req_pre"": ""0"", ""sel_10th_pre_req"": ""136"", ""sel_10th_pre_bid"": ""+40800"", ""sel_9th_pre_req_pre"": ""0"", ""sel_9th_pre_req"": ""13"", ""sel_9th_pre_bid"": ""+40750"", ""sel_8th_pre_req_pre"": ""0"", ""sel_8th_pre_req"": ""70"", ""sel_8th_pre_bid"": ""+40700"", ""sel_7th_pre_req_pre"": ""0"", ""sel_7th_pre_req"": ""50"", ""sel_7th_pre_bid"": ""+40650"", ""sel_6th_pre_req_pre"": ""0"", ""sel_6th_pre_req"": ""70"", ""sel_6th_pre_bid"": ""+40600"", ""sel_5th_pre_req_pre"": ""0"", ""sel_5th_pre_req"": ""1"", ""sel_5th_pre_bid"": ""+40550"", ""sel_4th_pre_req_pre"": ""0"", ""sel_4th_pre_req"": ""196"", ""sel_4th_pre_bid"": ""+40500"", ""sel_3th_pre_req_pre"": ""0"", ""sel_3th_pre_req"": ""168"", ""sel_3th_pre_bid"": ""+40450"", ""sel_2th_pre_req_pre"": ""0"", ""sel_2th_pre_req"": ""79"", ""sel_2th_pre_bid"": ""+40400"", ""sel_1th_pre_req_pre"": ""0"", ""sel_fpr_req"": ""145"", ""sel_fpr_bid"": ""+40350"", ""buy_fpr_bid"": ""+40300"", ""buy_fpr_req"": ""255"", ""buy_1th_pre_req_pre"": ""--1"", ""buy_2th_pre_bid"": ""+40250"", ""buy_2th_pre_req"": ""109"", ""buy_2th_pre_req_pre"": ""0"", ""buy_3th_pre_bid"": ""+40200"", ""buy_3th_pre_req"": ""114"", ""buy_3th_pre_req_pre"": ""0"", ""buy_4th_pre_bid"": ""+40100"", ""buy_4th_pre_req"": ""170"", ""buy_4th_pre_req_pre"": ""0"", ""buy_5th_pre_bid"": ""+40050"", ""buy_5th_pre_req"": ""224"", ""buy_5th_pre_req_pre"": ""0"", ""buy_6th_pre_bid"": ""+40000"", ""buy_6th_pre_req"": ""509"", ""buy_6th_pre_req_pre"": ""0"", ""buy_7th_pre_bid"": ""+39950"", ""buy_7th_pre_req"": ""500"", ""buy_7th_pre_req_pre"": ""0"", ""buy_8th_pre_bid"": ""+39900"", ""buy_8th_pre_req"": ""2"", ""buy_8th_pre_req_pre"": ""0"", ""buy_9th_pre_bid"": ""+39850"", ""buy_9th_pre_req"": ""1"", ""buy_9th_pre_req_pre"": ""0"", ""buy_10th_pre_bid"": ""+39800"", ""buy_10th_pre_req"": ""5"", ""buy_10th_pre_req_pre"": ""0"", ""tot_sel_req_jub_pre"": ""0"", ""tot_sel_req"": ""928"", ""tot_buy_req"": ""1889"", ""tot_buy_req_jub_pre"": ""--1"", ""ovt_sel_req_pre"": ""0"", ""ovt_sel_req"": ""0"", ""ovt_buy_req"": ""0"", ""ovt_buy_req_pre"": ""0"", ""return_code"": 0, ""return_msg"": ""정상적으로 처리되었습니다""}"
2026-06-10,scan_candidate,462870,,0,main_scan,31650,,31650,31550,31650,31550,-0.47393364928909953,0.315955766192733,,,,,,"{""bid_req_base_tm"": ""105504"", ""sel_10th_pre_req_pre"": ""0"", ""sel_10th_pre_req"": ""18"", ""sel_10th_pre_bid"": ""-32100"", ""sel_9th_pre_req_pre"": ""0"", ""sel_9th_pre_req"": ""131"", ""sel_9th_pre_bid"": ""-32050"", ""sel_8th_pre_req_pre"": ""0"", ""sel_8th_pre_req"": ""161"", ""sel_8th_pre_bid"": ""-32000"", ""sel_7th_pre_req_pre"": ""0"", ""sel_7th_pre_req"": ""40"", ""sel_7th_pre_bid"": ""-31950"", ""sel_6th_pre_req_pre"": ""0"", ""sel_6th_pre_req"": ""128"", ""sel_6th_pre_bid"": ""-31900"", ""sel_5th_pre_req_pre"": ""0"", ""sel_5th_pre_req"": ""22"", ""sel_5th_pre_bid"": ""-31850"", ""sel_4th_pre_req_pre"": ""0"", ""sel_4th_pre_req"": ""18"", ""sel_4th_pre_bid"": ""-31800"", ""sel_3th_pre_req_pre"": ""0"", ""sel_3th_pre_req"": ""21"", ""sel_3th_pre_bid"": ""-31750"", ""sel_2th_pre_req_pre"": ""0"", ""sel_2th_pre_req"": ""82"", ""sel_2th_pre_bid"": ""-31700"", ""sel_1th_pre_req_pre"": ""--1"", ""sel_fpr_req"": ""98"", ""sel_fpr_bid"": ""-31650"", ""buy_fpr_bid"": ""-31550"", ""buy_fpr_req"": ""1"", ""buy_1th_pre_req_pre"": ""0"", ""buy_2th_pre_bid"": ""-31500"", ""buy_2th_pre_req"": ""37"", ""buy_2th_pre_req_pre"": ""0"", ""buy_3th_pre_bid"": ""-31450"", ""buy_3th_pre_req"": ""20"", ""buy_3th_pre_req_pre"": ""0"", ""buy_4th_pre_bid"": ""-31400"", ""buy_4th_pre_req"": ""51"", ""buy_4th_pre_req_pre"": ""0"", ""buy_5th_pre_bid"": ""-31350"", ""buy_5th_pre_req"": ""36"", ""buy_5th_pre_req_pre"": ""0"", ""buy_6th_pre_bid"": ""-31300"", ""buy_6th_pre_req"": ""42"", ""buy_6th_pre_req_pre"": ""0"", ""buy_7th_pre_bid"": ""-31250"", ""buy_7th_pre_req"": ""21"", ""buy_7th_pre_req_pre"": ""0"", ""buy_8th_pre_bid"": ""-31200"", ""buy_8th_pre_req"": ""68"", ""buy_8th_pre_req_pre"": ""0"", ""buy_9th_pre_bid"": ""-31150"", ""buy_9th_pre_req"": ""79"", ""buy_9th_pre_req_pre"": ""0"", ""buy_10th_pre_bid"": ""-31100"", ""buy_10th_pre_req"": ""57"", ""buy_10th_pre_req_pre"": ""0"", ""tot_sel_req_jub_pre"": ""--1"", ""tot_sel_req"": ""719"", ""tot_buy_req"": ""412"", ""tot_buy_req_jub_pre"": ""0"", ""ovt_sel_req_pre"": ""0"", ""ovt_sel_req"": ""0"", ""ovt_buy_req"": ""0"", ""ovt_buy_req_pre"": ""0"", ""return_code"": 0, ""return_msg"": ""정상적으로 처리되었습니다""}"
2026-06-10,scan_candidate,120110,,0,main_scan,71100,,71100,71000,71100,71000,-0.2812939521800281,0.14064697609001406,,,,,,"{""bid_req_base_tm"": ""105505"", ""sel_10th_pre_req_pre"": ""0"", ""sel_10th_pre_req"": ""11"", ""sel_10th_pre_bid"": ""+72200"", ""sel_9th_pre_req_pre"": ""0"", ""sel_9th_pre_req"": ""62"", ""sel_9th_pre_bid"": ""+72100"", ""sel_8th_pre_req_pre"": ""0"", ""sel_8th_pre_req"": ""153"", ""sel_8th_pre_bid"": ""+72000"", ""sel_7th_pre_req_pre"": ""0"", ""sel_7th_pre_req"": ""37"", ""sel_7th_pre_bid"": ""+71900"", ""sel_6th_pre_req_pre"": ""0"", ""sel_6th_pre_req"": ""138"", ""sel_6th_pre_bid"": ""+71800"", ""sel_5th_pre_req_pre"": ""0"", ""sel_5th_pre_req"": ""90"", ""sel_5th_pre_bid"": ""+71700"", ""sel_4th_pre_req_pre"": ""0"", ""sel_4th_pre_req"": ""76"", ""sel_4th_pre_bid"": ""+71400"", ""sel_3th_pre_req_pre"": ""0"", ""sel_3th_pre_req"": ""130"", ""sel_3th_pre_bid"": ""+71300"", ""sel_2th_pre_req_pre"": ""0"", ""sel_2th_pre_req"": ""72"", ""sel_2th_pre_bid"": ""+71200"", ""sel_1th_pre_req_pre"": ""0"", ""sel_fpr_req"": ""178"", ""sel_fpr_bid"": ""+71100"", ""buy_fpr_bid"": ""+71000"", ""buy_fpr_req"": ""7"", ""buy_1th_pre_req_pre"": ""0"", ""buy_2th_pre_bid"": ""+70900"", ""buy_2th_pre_req"": ""27"", ""buy_2th_pre_req_pre"": ""+9"", ""buy_3th_pre_bid"": ""+70800"", ""buy_3th_pre_req"": ""62"", ""buy_3th_pre_req_pre"": ""0"", ""buy_4th_pre_bid"": ""+70700"", ""buy_4th_pre_req"": ""136"", ""buy_4th_pre_req_pre"": ""0"", ""buy_5th_pre_bid"": ""+70600"", ""buy_5th_pre_req"": ""14"", ""buy_5th_pre_req_pre"": ""0"", ""buy_6th_pre_bid"": ""+70500"", ""buy_6th_pre_req"": ""16"", ""buy_6th_pre_req_pre"": ""0"", ""buy_7th_pre_bid"": ""+70400"", ""buy_7th_pre_req"": ""108"", ""buy_7th_pre_req_pre"": ""0"", ""buy_8th_pre_bid"": ""+70300"", ""buy_8th_pre_req"": ""100"", ""buy_8th_pre_req_pre"": ""0"", ""buy_9th_pre_bid"": ""+70200"", ""buy_9th_pre_req"": ""168"", ""buy_9th_pre_req_pre"": ""0"", ""buy_10th_pre_bid"": ""+70100"", ""buy_10th_pre_req"": ""125"", ""buy_10th_pre_req_pre"": ""0"", ""tot_sel_req_jub_pre"": ""0"", ""tot_sel_req"": ""947"", ""tot_buy_req"": ""763"", ""tot_buy_req_jub_pre"": ""+9"", ""ovt_sel_req_pre"": ""0"", ""ovt_sel_req"": ""0"", ""ovt_buy_req"": ""0"", ""ovt_buy_req_pre"": ""0"", ""return_code"": 0, ""return_msg"": ""정상적으로 처리되었습니다""}"
2026-06-10,scan_candidate,009155,,0,main_scan,605000,,605000,604000,605000,608000,0.3305785123966942,0.1652892561983471,,,,,,"{""bid_req_base_tm"": ""105502"", ""sel_10th_pre_req_pre"": ""0"", ""sel_10th_pre_req"": ""12"", ""sel_10th_pre_bid"": ""-615000"", ""sel_9th_pre_req_pre"": ""0"", ""sel_9th_pre_req"": ""41"", ""sel_9th_pre_bid"": ""-614000"", ""sel_8th_pre_req_pre"": ""0"", ""sel_8th_pre_req"": ""53"", ""sel_8th_pre_bid"": ""-613000"", ""sel_7th_pre_req_pre"": ""0"", ""sel_7th_pre_req"": ""16"", ""sel_7th_pre_bid"": ""-612000"", ""sel_6th_pre_req_pre"": ""0"", ""sel_6th_pre_req"": ""58"", ""sel_6th_pre_bid"": ""-611000"", ""sel_5th_pre_req_pre"": ""0"", ""sel_5th_pre_req"": ""12"", ""sel_5th_pre_bid"": ""-610000"", ""sel_4th_pre_req_pre"": ""0"", ""sel_4th_pre_req"": ""45"", ""sel_4th_pre_bid"": ""-609000"", ""sel_3th_pre_req_pre"": ""0"", ""sel_3th_pre_req"": ""165"", ""sel_3th_pre_bid"": ""-608000"", ""sel_2th_pre_req_pre"": ""0"", ""sel_2th_pre_req"": ""26"", ""sel_2th_pre_bid"": ""-607000"", ""sel_1th_pre_req_pre"": ""0"", ""sel_fpr_req"": ""53"", ""sel_fpr_bid"": ""-605000"", ""buy_fpr_bid"": ""-604000"", ""buy_fpr_req"": ""68"", ""buy_1th_pre_req_pre"": ""0"", ""buy_2th_pre_bid"": ""-603000"", ""buy_2th_pre_req"": ""97"", ""buy_2th_pre_req_pre"": ""0"", ""buy_3th_pre_bid"": ""-602000"", ""buy_3th_pre_req"": ""211"", ""buy_3th_pre_req_pre"": ""0"", ""buy_4th_pre_bid"": ""-601000"", ""buy_4th_pre_req"": ""138"", ""buy_4th_pre_req_pre"": ""0"", ""buy_5th_pre_bid"": ""-600000"", ""buy_5th_pre_req"": ""528"", ""buy_5th_pre_req_pre"": ""+1"", ""buy_6th_pre_bid"": ""-599000"", ""buy_6th_pre_req"": ""221"", ""buy_6th_pre_req_pre"": ""0"", ""buy_7th_pre_bid"": ""-598000"", ""buy_7th_pre_req"": ""95"", ""buy_7th_pre_req_pre"": ""0"", ""buy_8th_pre_bid"": ""-597000"", ""buy_8th_pre_req"": ""119"", ""buy_8th_pre_req_pre"": ""0"", ""buy_9th_pre_bid"": ""-596000"", ""buy_9th_pre_req"": ""51"", ""buy_9th_pre_req_pre"": ""0"", ""buy_10th_pre_bid"": ""-595000"", ""buy_10th_pre_req"": ""250"", ""buy_10th_pre_req_pre"": ""0"", ""tot_sel_req_jub_pre"": ""0"", ""tot_sel_req"": ""481"", ""tot_buy_req"": ""1778"", ""tot_buy_req_jub_pre"": ""+1"", ""ovt_sel_req_pre"": ""0"", ""ovt_sel_req"": ""0"", ""ovt_buy_req"": ""0"", ""ovt_buy_req_pre"": ""0"", ""return_code"": 0, ""return_msg"": ""정상적으로 처리되었습니다""}"
2026-06-10,scan_candidate,017960,,0,main_scan,31550,,31550,31500,31550,31450,-0.4754358161648178,0.15847860538827258,,,,,,"{""bid_req_base_tm"": ""105504"", ""sel_10th_pre_req_pre"": ""0"", ""sel_10th_pre_req"": ""171"", ""sel_10th_pre_bid"": ""+32050"", ""sel_9th_pre_req_pre"": ""0"", ""sel_9th_pre_req"": ""1256"", ""sel_9th_pre_bid"": ""+32000"", ""sel_8th_pre_req_pre"": ""0"", ""sel_8th_pre_req"": ""186"", ""sel_8th_pre_bid"": ""+31950"", ""sel_7th_pre_req_pre"": ""0"", ""sel_7th_pre_req"": ""1093"", ""sel_7th_pre_bid"": ""+31900"", ""sel_6th_pre_req_pre"": ""0"", ""sel_6th_pre_req"": ""297"", ""sel_6th_pre_bid"": ""+31850"", ""sel_5th_pre_req_pre"": ""0"", ""sel_5th_pre_req"": ""303"", ""sel_5th_pre_bid"": ""+31800"", ""sel_4th_pre_req_pre"": ""0"", ""sel_4th_pre_req"": ""212"", ""sel_4th_pre_bid"": ""+31700"", ""sel_3th_pre_req_pre"": ""0"", ""sel_3th_pre_req"": ""191"", ""sel_3th_pre_bid"": ""+31650"", ""sel_2th_pre_req_pre"": ""0"", ""sel_2th_pre_req"": ""595"", ""sel_2th_pre_bid"": ""+31600"", ""sel_1th_pre_req_pre"": ""+6"", ""sel_fpr_req"": ""121"", ""sel_fpr_bid"": ""+31550"", ""buy_fpr_bid"": ""+31500"", ""buy_fpr_req"": ""77"", ""buy_1th_pre_req_pre"": ""0"", ""buy_2th_pre_bid"": ""+31450"", ""buy_2th_pre_req"": ""167"", ""buy_2th_pre_req_pre"": ""0"", ""buy_3th_pre_bid"": ""+31400"", ""buy_3th_pre_req"": ""370"", ""buy_3th_pre_req_pre"": ""0"", ""buy_4th_pre_bid"": ""+31350"", ""buy_4th_pre_req"": ""808"", ""buy_4th_pre_req_pre"": ""0"", ""buy_5th_pre_bid"": ""+31300"", ""buy_5th_pre_req"": ""69"", ""buy_5th_pre_req_pre"": ""0"", ""buy_6th_pre_bid"": ""+31250"", ""buy_6th_pre_req"": ""16"", ""buy_6th_pre_req_pre"": ""0"", ""buy_7th_pre_bid"": ""+31200"", ""buy_7th_pre_req"": ""285"", ""buy_7th_pre_req_pre"": ""0"", ""buy_8th_pre_bid"": ""+31150"", ""buy_8th_pre_req"": ""489"", ""buy_8th_pre_req_pre"": ""0"", ""buy_9th_pre_bid"": ""+31100"", ""buy_9th_pre_req"": ""124"", ""buy_9th_pre_req_pre"": ""0"", ""buy_10th_pre_bid"": ""+31050"", ""buy_10th_pre_req"": ""170"", ""buy_10th_pre_req_pre"": ""0"", ""tot_sel_req_jub_pre"": ""+6"", ""tot_sel_req"": ""4425"", ""tot_buy_req"": ""2575"", ""tot_buy_req_jub_pre"": ""0"", ""ovt_sel_req_pre"": ""0"", ""ovt_sel_req"": ""0"", ""ovt_buy_req"": ""0"", ""ovt_buy_req_pre"": ""0"", ""return_code"": 0, ""return_msg"": ""정상적으로 처리되었습니다""}"
2026-06-10,scan_candidate,192080,,0,main_scan,71300,,71300,71100,71300,71500,0.1402524544179523,0.2805049088359046,,,,,,"{""bid_req_base_tm"": ""105501"", ""sel_10th_pre_req_pre"": ""0"", ""sel_10th_pre_req"": ""11"", ""sel_10th_pre_bid"": ""+72500"", ""sel_9th_pre_req_pre"": ""0"", ""sel_9th_pre_req"": ""128"", ""sel_9th_pre_bid"": ""+72400"", ""sel_8th_pre_req_pre"": ""0"", ""sel_8th_pre_req"": ""10"", ""sel_8th_pre_bid"": ""+72300"", ""sel_7th_pre_req_pre"": ""0"", ""sel_7th_pre_req"": ""10"", ""sel_7th_pre_bid"": ""+72200"", ""sel_6th_pre_req_pre"": ""0"", ""sel_6th_pre_req"": ""6"", ""sel_6th_pre_bid"": ""+72100"", ""sel_5th_pre_req_pre"": ""0"", ""sel_5th_pre_req"": ""5"", ""sel_5th_pre_bid"": ""72000"", ""sel_4th_pre_req_pre"": ""0"", ""sel_4th_pre_req"": ""33"", ""sel_4th_pre_bid"": ""-71800"", ""sel_3th_pre_req_pre"": ""0"", ""sel_3th_pre_req"": ""20"", ""sel_3th_pre_bid"": ""-71600"", ""sel_2th_pre_req_pre"": ""0"", ""sel_2th_pre_req"": ""77"", ""sel_2th_pre_bid"": ""-71400"", ""sel_1th_pre_req_pre"": ""0"", ""sel_fpr_req"": ""94"", ""sel_fpr_bid"": ""-71300"", ""buy_fpr_bid"": ""-71100"", ""buy_fpr_req"": ""27"", ""buy_1th_pre_req_pre"": ""+6"", ""buy_2th_pre_bid"": ""-71000"", ""buy_2th_pre_req"": ""54"", ""buy_2th_pre_req_pre"": ""0"", ""buy_3th_pre_bid"": ""-70900"", ""buy_3th_pre_req"": ""62"", ""buy_3th_pre_req_pre"": ""0"", ""buy_4th_pre_bid"": ""-70800"", ""buy_4th_pre_req"": ""83"", ""buy_4th_pre_req_pre"": ""0"", ""buy_5th_pre_bid"": ""-70700"", ""buy_5th_pre_req"": ""110"", ""buy_5th_pre_req_pre"": ""0"", ""buy_6th_pre_bid"": ""-70600"", ""buy_6th_pre_req"": ""100"", ""buy_6th_pre_req_pre"": ""0"", ""buy_7th_pre_bid"": ""-70500"", ""buy_7th_pre_req"": ""181"", ""buy_7th_pre_req_pre"": ""0"", ""buy_8th_pre_bid"": ""-70400"", ""buy_8th_pre_req"": ""182"", ""buy_8th_pre_req_pre"": ""0"", ""buy_9th_pre_bid"": ""-70300"", ""buy_9th_pre_req"": ""94"", ""buy_9th_pre_req_pre"": ""0"", ""buy_10th_pre_bid"": ""-70200"", ""buy_10th_pre_req"": ""21"", ""buy_10th_pre_req_pre"": ""0"", ""tot_sel_req_jub_pre"": ""0"", ""tot_sel_req"": ""394"", ""tot_buy_req"": ""914"", ""tot_buy_req_jub_pre"": ""+6"", ""ovt_sel_req_pre"": ""0"", ""ovt_sel_req"": ""0"", ""ovt_buy_req"": ""0"", ""ovt_buy_req_pre"": ""0"", ""return_code"": 0, ""return_msg"": ""정상적으로 처리되었습니다""}"
2026-06-10,scan_candidate,093370,,0,main_scan,16500,,16500,16490,16500,16500,-0.30303030303030304,0.06060606060606061,,,,,,"{""bid_req_base_tm"": ""105506"", ""sel_10th_pre_req_pre"": ""0"", ""sel_10th_pre_req"": ""2254"", ""sel_10th_pre_bid"": ""+16590"", ""sel_9th_pre_req_pre"": ""0"", ""sel_9th_pre_req"": ""1037"", ""sel_9th_pre_bid"": ""+16580"", ""sel_8th_pre_req_pre"": ""+5"", ""sel_8th_pre_req"": ""437"", ""sel_8th_pre_bid"": ""+16570"", ""sel_7th_pre_req_pre"": ""0"", ""sel_7th_pre_req"": ""371"", ""sel_7th_pre_bid"": ""+16560"", ""sel_6th_pre_req_pre"": ""0"", ""sel_6th_pre_req"": ""2911"", ""sel_6th_pre_bid"": ""+16550"", ""sel_5th_pre_req_pre"": ""0"", ""sel_5th_pre_req"": ""705"", ""sel_5th_pre_bid"": ""+16540"", ""sel_4th_pre_req_pre"": ""0"", ""sel_4th_pre_req"": ""3845"", ""sel_4th_pre_bid"": ""+16530"", ""sel_3th_pre_req_pre"": ""0"", ""sel_3th_pre_req"": ""1446"", ""sel_3th_pre_bid"": ""+16520"", ""sel_2th_pre_req_pre"": ""0"", ""sel_2th_pre_req"": ""375"", ""sel_2th_pre_bid"": ""+16510"", ""sel_1th_pre_req_pre"": ""0"", ""sel_fpr_req"": ""1"", ""sel_fpr_bid"": ""+16500"", ""buy_fpr_bid"": ""+16490"", ""buy_fpr_req"": ""45"", ""buy_1th_pre_req_pre"": ""0"", ""buy_2th_pre_bid"": ""+16480"", ""buy_2th_pre_req"": ""6"", ""buy_2th_pre_req_pre"": ""0"", ""buy_3th_pre_bid"": ""+16470"", ""buy_3th_pre_req"": ""2522"", ""buy_3th_pre_req_pre"": ""0"", ""buy_4th_pre_bid"": ""+16460"", ""buy_4th_pre_req"": ""5582"", ""buy_4th_pre_req_pre"": ""0"", ""buy_5th_pre_bid"": ""+16450"", ""buy_5th_pre_req"": ""13422"", ""buy_5th_pre_req_pre"": ""0"", ""buy_6th_pre_bid"": ""+16440"", ""buy_6th_pre_req"": ""2263"", ""buy_6th_pre_req_pre"": ""0"", ""buy_7th_pre_bid"": ""+16430"", ""buy_7th_pre_req"": ""2643"", ""buy_7th_pre_req_pre"": ""--20"", ""buy_8th_pre_bid"": ""+16420"", ""buy_8th_pre_req"": ""2028"", ""buy_8th_pre_req_pre"": ""+20"", ""buy_9th_pre_bid"": ""+16410"", ""buy_9th_pre_req"": ""2940"", ""buy_9th_pre_req_pre"": ""0"", ""buy_10th_pre_bid"": ""+16400"", ""buy_10th_pre_req"": ""9340"", ""buy_10th_pre_req_pre"": ""0"", ""tot_sel_req_jub_pre"": ""+5"", ""tot_sel_req"": ""13382"", ""tot_buy_req"": ""40791"", ""tot_buy_req_jub_pre"": ""0"", ""ovt_sel_req_pre"": ""0"", ""ovt_sel_req"": ""0"", ""ovt_buy_req"": ""0"", ""ovt_buy_req_pre"": ""0"", ""return_code"": 0, ""return_msg"": ""정상적으로 처리되었습니다""}"
2026-06-10,scan_candidate,066575,,0,main_scan,79700,,79700,79600,79700,79300,-0.6273525721455459,0.12547051442910914,,,,,,"{""bid_req_base_tm"": ""105506"", ""sel_10th_pre_req_pre"": ""0"", ""sel_10th_pre_req"": ""506"", ""sel_10th_pre_bid"": ""-80600"", ""sel_9th_pre_req_pre"": ""0"", ""sel_9th_pre_req"": ""257"", ""sel_9th_pre_bid"": ""-80500"", ""sel_8th_pre_req_pre"": ""0"", ""sel_8th_pre_req"": ""47"", ""sel_8th_pre_bid"": ""-80400"", ""sel_7th_pre_req_pre"": ""0"", ""sel_7th_pre_req"": ""184"", ""sel_7th_pre_bid"": ""-80300"", ""sel_6th_pre_req_pre"": ""0"", ""sel_6th_pre_req"": ""223"", ""sel_6th_pre_bid"": ""-80200"", ""sel_5th_pre_req_pre"": ""0"", ""sel_5th_pre_req"": ""105"", ""sel_5th_pre_bid"": ""-80100"", ""sel_4th_pre_req_pre"": ""0"", ""sel_4th_pre_req"": ""1592"", ""sel_4th_pre_bid"": ""-80000"", ""sel_3th_pre_req_pre"": ""0"", ""sel_3th_pre_req"": ""554"", ""sel_3th_pre_bid"": ""-79900"", ""sel_2th_pre_req_pre"": ""0"", ""sel_2th_pre_req"": ""77"", ""sel_2th_pre_bid"": ""-79800"", ""sel_1th_pre_req_pre"": ""0"", ""sel_fpr_req"": ""66"", ""sel_fpr_bid"": ""-79700"", ""buy_fpr_bid"": ""-79600"", ""buy_fpr_req"": ""123"", ""buy_1th_pre_req_pre"": ""0"", ""buy_2th_pre_bid"": ""-79500"", ""buy_2th_pre_req"": ""23"", ""buy_2th_pre_req_pre"": ""+20"", ""buy_3th_pre_bid"": ""-79400"", ""buy_3th_pre_req"": ""47"", ""buy_3th_pre_req_pre"": ""0"", ""buy_4th_pre_bid"": ""-79300"", ""buy_4th_pre_req"": ""143"", ""buy_4th_pre_req_pre"": ""0"", ""buy_5th_pre_bid"": ""-79200"", ""buy_5th_pre_req"": ""98"", ""buy_5th_pre_req_pre"": ""0"", ""buy_6th_pre_bid"": ""-79100"", ""buy_6th_pre_req"": ""20"", ""buy_6th_pre_req_pre"": ""0"", ""buy_7th_pre_bid"": ""-79000"", ""buy_7th_pre_req"": ""188"", ""buy_7th_pre_req_pre"": ""0"", ""buy_8th_pre_bid"": ""-78900"", ""buy_8th_pre_req"": ""267"", ""buy_8th_pre_req_pre"": ""0"", ""buy_9th_pre_bid"": ""-78800"", ""buy_9th_pre_req"": ""428"", ""buy_9th_pre_req_pre"": ""0"", ""buy_10th_pre_bid"": ""-78700"", ""buy_10th_pre_req"": ""119"", ""buy_10th_pre_req_pre"": ""0"", ""tot_sel_req_jub_pre"": ""0"", ""tot_sel_req"": ""3611"", ""tot_buy_req"": ""1456"", ""tot_buy_req_jub_pre"": ""+20"", ""ovt_sel_req_pre"": ""0"", ""ovt_sel_req"": ""0"", ""ovt_buy_req"": ""0"", ""ovt_buy_req_pre"": ""0"", ""return_code"": 0, ""return_msg"": ""정상적으로 처리되었습니다""}"
2026-06-10,scan_candidate,181710,,0,main_scan,40900,,40900,40850,40900,41200,0.6112469437652812,0.12224938875305623,,,,,,"{""bid_req_base_tm"": ""105506"", ""sel_10th_pre_req_pre"": ""0"", ""sel_10th_pre_req"": ""57"", ""sel_10th_pre_bid"": ""-41600"", ""sel_9th_pre_req_pre"": ""0"", ""sel_9th_pre_req"": ""5"", ""sel_9th_pre_bid"": ""-41550"", ""sel_8th_pre_req_pre"": ""0"", ""sel_8th_pre_req"": ""1"", ""sel_8th_pre_bid"": ""-41500"", ""sel_7th_pre_req_pre"": ""0"", ""sel_7th_pre_req"": ""6"", ""sel_7th_pre_bid"": ""-41450"", ""sel_6th_pre_req_pre"": ""0"", ""sel_6th_pre_req"": ""1"", ""sel_6th_pre_bid"": ""-41400"", ""sel_5th_pre_req_pre"": ""0"", ""sel_5th_pre_req"": ""21"", ""sel_5th_pre_bid"": ""-41200"", ""sel_4th_pre_req_pre"": ""0"", ""sel_4th_pre_req"": ""3"", ""sel_4th_pre_bid"": ""-41050"", ""sel_3th_pre_req_pre"": ""0"", ""sel_3th_pre_req"": ""55"", ""sel_3th_pre_bid"": ""-41000"", ""sel_2th_pre_req_pre"": ""0"", ""sel_2th_pre_req"": ""26"", ""sel_2th_pre_bid"": ""-40950"", ""sel_1th_pre_req_pre"": ""0"", ""sel_fpr_req"": ""60"", ""sel_fpr_bid"": ""-40900"", ""buy_fpr_bid"": ""-40850"", ""buy_fpr_req"": ""74"", ""buy_1th_pre_req_pre"": ""+20"", ""buy_2th_pre_bid"": ""-40800"", ""buy_2th_pre_req"": ""169"", ""buy_2th_pre_req_pre"": ""0"", ""buy_3th_pre_bid"": ""-40750"", ""buy_3th_pre_req"": ""63"", ""buy_3th_pre_req_pre"": ""0"", ""buy_4th_pre_bid"": ""-40700"", ""buy_4th_pre_req"": ""58"", ""buy_4th_pre_req_pre"": ""0"", ""buy_5th_pre_bid"": ""-40650"", ""buy_5th_pre_req"": ""7"", ""buy_5th_pre_req_pre"": ""0"", ""buy_6th_pre_bid"": ""-40600"", ""buy_6th_pre_req"": ""1"", ""buy_6th_pre_req_pre"": ""0"", ""buy_7th_pre_bid"": ""-40550"", ""buy_7th_pre_req"": ""27"", ""buy_7th_pre_req_pre"": ""0"", ""buy_8th_pre_bid"": ""-40500"", ""buy_8th_pre_req"": ""12"", ""buy_8th_pre_req_pre"": ""0"", ""buy_9th_pre_bid"": ""-40450"", ""buy_9th_pre_req"": ""28"", ""buy_9th_pre_req_pre"": ""0"", ""buy_10th_pre_bid"": ""-40350"", ""buy_10th_pre_req"": ""16"", ""buy_10th_pre_req_pre"": ""0"", ""tot_sel_req_jub_pre"": ""0"", ""tot_sel_req"": ""235"", ""tot_buy_req"": ""455"", ""tot_buy_req_jub_pre"": ""+20"", ""ovt_sel_req_pre"": ""0"", ""ovt_sel_req"": ""0"", ""ovt_buy_req"": ""0"", ""ovt_buy_req_pre"": ""0"", ""return_code"": 0, ""return_msg"": ""정상적으로 처리되었습니다""}"
2026-06-10,scan_candidate,034230,,0,main_scan,15350,,15350,15340,15350,15300,-0.6514657980456027,0.06514657980456026,,,,,,"{""bid_req_base_tm"": ""105505"", ""sel_10th_pre_req_pre"": ""0"", ""sel_10th_pre_req"": ""15"", ""sel_10th_pre_bid"": ""+15440"", ""sel_9th_pre_req_pre"": ""0"", ""sel_9th_pre_req"": ""805"", ""sel_9th_pre_bid"": ""+15430"", ""sel_8th_pre_req_pre"": ""0"", ""sel_8th_pre_req"": ""115"", ""sel_8th_pre_bid"": ""+15420"", ""sel_7th_pre_req_pre"": ""0"", ""sel_7th_pre_req"": ""1021"", ""sel_7th_pre_bid"": ""+15410"", ""sel_6th_pre_req_pre"": ""0"", ""sel_6th_pre_req"": ""917"", ""sel_6th_pre_bid"": ""+15400"", ""sel_5th_pre_req_pre"": ""0"", ""sel_5th_pre_req"": ""125"", ""sel_5th_pre_bid"": ""+15390"", ""sel_4th_pre_req_pre"": ""0"", ""sel_4th_pre_req"": ""225"", ""sel_4th_pre_bid"": ""+15380"", ""sel_3th_pre_req_pre"": ""+10"", ""sel_3th_pre_req"": ""22"", ""sel_3th_pre_bid"": ""+15370"", ""sel_2th_pre_req_pre"": ""0"", ""sel_2th_pre_req"": ""378"", ""sel_2th_pre_bid"": ""+15360"", ""sel_1th_pre_req_pre"": ""0"", ""sel_fpr_req"": ""391"", ""sel_fpr_bid"": ""+15350"", ""buy_fpr_bid"": ""+15340"", ""buy_fpr_req"": ""1005"", ""buy_1th_pre_req_pre"": ""0"", ""buy_2th_pre_bid"": ""+15330"", ""buy_2th_pre_req"": ""6"", ""buy_2th_pre_req_pre"": ""0"", ""buy_3th_pre_bid"": ""+15320"", ""buy_3th_pre_req"": ""25"", ""buy_3th_pre_req_pre"": ""0"", ""buy_4th_pre_bid"": ""+15310"", ""buy_4th_pre_req"": ""1"", ""buy_4th_pre_req_pre"": ""0"", ""buy_5th_pre_bid"": ""+15300"", ""buy_5th_pre_req"": ""50"", ""buy_5th_pre_req_pre"": ""0"", ""buy_6th_pre_bid"": ""+15290"", ""buy_6th_pre_req"": ""349"", ""buy_6th_pre_req_pre"": ""0"", ""buy_7th_pre_bid"": ""+15280"", ""buy_7th_pre_req"": ""114"", ""buy_7th_pre_req_pre"": ""0"", ""buy_8th_pre_bid"": ""+15260"", ""buy_8th_pre_req"": ""6"", ""buy_8th_pre_req_pre"": ""0"", ""buy_9th_pre_bid"": ""+15250"", ""buy_9th_pre_req"": ""521"", ""buy_9th_pre_req_pre"": ""0"", ""buy_10th_pre_bid"": ""+15240"", ""buy_10th_pre_req"": ""55"", ""buy_10th_pre_req_pre"": ""0"", ""tot_sel_req_jub_pre"": ""+10"", ""tot_sel_req"": ""4014"", ""tot_buy_req"": ""2132"", ""tot_buy_req_jub_pre"": ""0"", ""ovt_sel_req_pre"": ""0"", ""ovt_sel_req"": ""0"", ""ovt_buy_req"": ""0"", ""ovt_buy_req_pre"": ""0"", ""return_code"": 0, ""return_msg"": ""정상적으로 처리되었습니다""}"
2026-06-10,scan_candidate,281820,,0,main_scan,67800,,67800,67700,67800,67900,0.0,0.14749262536873156,,,,,,"{""bid_req_base_tm"": ""105504"", ""sel_10th_pre_req_pre"": ""0"", ""sel_10th_pre_req"": ""74"", ""sel_10th_pre_bid"": ""+68700"", ""sel_9th_pre_req_pre"": ""0"", ""sel_9th_pre_req"": ""72"", ""sel_9th_pre_bid"": ""+68600"", ""sel_8th_pre_req_pre"": ""0"", ""sel_8th_pre_req"": ""110"", ""sel_8th_pre_bid"": ""+68500"", ""sel_7th_pre_req_pre"": ""0"", ""sel_7th_pre_req"": ""12"", ""sel_7th_pre_bid"": ""+68400"", ""sel_6th_pre_req_pre"": ""0"", ""sel_6th_pre_req"": ""76"", ""sel_6th_pre_bid"": ""+68300"", ""sel_5th_pre_req_pre"": ""0"", ""sel_5th_pre_req"": ""1"", ""sel_5th_pre_bid"": ""+68200"", ""sel_4th_pre_req_pre"": ""0"", ""sel_4th_pre_req"": ""2"", ""sel_4th_pre_bid"": ""+68100"", ""sel_3th_pre_req_pre"": ""0"", ""sel_3th_pre_req"": ""14"", ""sel_3th_pre_bid"": ""+68000"", ""sel_2th_pre_req_pre"": ""0"", ""sel_2th_pre_req"": ""11"", ""sel_2th_pre_bid"": ""+67900"", ""sel_1th_pre_req_pre"": ""0"", ""sel_fpr_req"": ""1"", ""sel_fpr_bid"": ""+67800"", ""buy_fpr_bid"": ""+67700"", ""buy_fpr_req"": ""105"", ""buy_1th_pre_req_pre"": ""0"", ""buy_2th_pre_bid"": ""+67600"", ""buy_2th_pre_req"": ""32"", ""buy_2th_pre_req_pre"": ""0"", ""buy_3th_pre_bid"": ""+67500"", ""buy_3th_pre_req"": ""31"", ""buy_3th_pre_req_pre"": ""0"", ""buy_4th_pre_bid"": ""+67400"", ""buy_4th_pre_req"": ""132"", ""buy_4th_pre_req_pre"": ""0"", ""buy_5th_pre_bid"": ""+67300"", ""buy_5th_pre_req"": ""6"", ""buy_5th_pre_req_pre"": ""0"", ""buy_6th_pre_bid"": ""+67200"", ""buy_6th_pre_req"": ""127"", ""buy_6th_pre_req_pre"": ""0"", ""buy_7th_pre_bid"": ""+67100"", ""buy_7th_pre_req"": ""20"", ""buy_7th_pre_req_pre"": ""0"", ""buy_8th_pre_bid"": ""+67000"", ""buy_8th_pre_req"": ""459"", ""buy_8th_pre_req_pre"": ""0"", ""buy_9th_pre_bid"": ""+66900"", ""buy_9th_pre_req"": ""102"", ""buy_9th_pre_req_pre"": ""0"", ""buy_10th_pre_bid"": ""+66800"", ""buy_10th_pre_req"": ""25"", ""buy_10th_pre_req_pre"": ""0"", ""tot_sel_req_jub_pre"": ""0"", ""tot_sel_req"": ""373"", ""tot_buy_req"": ""1039"", ""tot_buy_req_jub_pre"": ""0"", ""ovt_sel_req_pre"": ""0"", ""ovt_sel_req"": ""0"", ""ovt_buy_req"": ""0"", ""ovt_buy_req_pre"": ""0"", ""return_code"": 0, ""return_msg"": ""정상적으로 처리되었습니다""}"
2026-06-10,scan_candidate,195870,,0,main_scan,77400,,77400,77100,77400,77200,-0.3875968992248062,0.3875968992248062,,,,,,"{""bid_req_base_tm"": ""105507"", ""sel_10th_pre_req_pre"": ""0"", ""sel_10th_pre_req"": ""133"", ""sel_10th_pre_bid"": ""+78300"", ""sel_9th_pre_req_pre"": ""0"", ""sel_9th_pre_req"": ""50"", ""sel_9th_pre_bid"": ""+78200"", ""sel_8th_pre_req_pre"": ""0"", ""sel_8th_pre_req"": ""12"", ""sel_8th_pre_bid"": ""+78100"", ""sel_7th_pre_req_pre"": ""0"", ""sel_7th_pre_req"": ""115"", ""sel_7th_pre_bid"": ""+78000"", ""sel_6th_pre_req_pre"": ""0"", ""sel_6th_pre_req"": ""410"", ""sel_6th_pre_bid"": ""+77900"", ""sel_5th_pre_req_pre"": ""0"", ""sel_5th_pre_req"": ""50"", ""sel_5th_pre_bid"": ""+77800"", ""sel_4th_pre_req_pre"": ""0"", ""sel_4th_pre_req"": ""1"", ""sel_4th_pre_bid"": ""+77700"", ""sel_3th_pre_req_pre"": ""0"", ""sel_3th_pre_req"": ""94"", ""sel_3th_pre_bid"": ""+77600"", ""sel_2th_pre_req_pre"": ""0"", ""sel_2th_pre_req"": ""76"", ""sel_2th_pre_bid"": ""+77500"", ""sel_1th_pre_req_pre"": ""0"", ""sel_fpr_req"": ""75"", ""sel_fpr_bid"": ""+77400"", ""buy_fpr_bid"": ""+77100"", ""buy_fpr_req"": ""22"", ""buy_1th_pre_req_pre"": ""+3"", ""buy_2th_pre_bid"": ""+76900"", ""buy_2th_pre_req"": ""59"", ""buy_2th_pre_req_pre"": ""0"", ""buy_3th_pre_bid"": ""+76800"", ""buy_3th_pre_req"": ""16"", ""buy_3th_pre_req_pre"": ""0"", ""buy_4th_pre_bid"": ""+76700"", ""buy_4th_pre_req"": ""27"", ""buy_4th_pre_req_pre"": ""0"", ""buy_5th_pre_bid"": ""+76600"", ""buy_5th_pre_req"": ""63"", ""buy_5th_pre_req_pre"": ""0"", ""buy_6th_pre_bid"": ""+76500"", ""buy_6th_pre_req"": ""303"", ""buy_6th_pre_req_pre"": ""0"", ""buy_7th_pre_bid"": ""+76400"", ""buy_7th_pre_req"": ""251"", ""buy_7th_pre_req_pre"": ""0"", ""buy_8th_pre_bid"": ""+76300"", ""buy_8th_pre_req"": ""261"", ""buy_8th_pre_req_pre"": ""0"", ""buy_9th_pre_bid"": ""+76200"", ""buy_9th_pre_req"": ""333"", ""buy_9th_pre_req_pre"": ""0"", ""buy_10th_pre_bid"": ""+76100"", ""buy_10th_pre_req"": ""302"", ""buy_10th_pre_req_pre"": ""0"", ""tot_sel_req_jub_pre"": ""0"", ""tot_sel_req"": ""1016"", ""tot_buy_req"": ""1637"", ""tot_buy_req_jub_pre"": ""+3"", ""ovt_sel_req_pre"": ""0"", ""ovt_sel_req"": ""0"", ""ovt_buy_req"": ""0"", ""ovt_buy_req_pre"": ""0"", ""return_code"": 0, ""return_msg"": ""정상적으로 처리되었습니다""}"
2026-06-10,scan_candidate,001820,,0,main_scan,116500,,116500,116400,116500,116500,-0.4291845493562232,0.08583690987124463,,,,,,"{""bid_req_base_tm"": ""105507"", ""sel_10th_pre_req_pre"": ""0"", ""sel_10th_pre_req"": ""2"", ""sel_10th_pre_bid"": ""-117600"", ""sel_9th_pre_req_pre"": ""0"", ""sel_9th_pre_req"": ""14"", ""sel_9th_pre_bid"": ""-117500"", ""sel_8th_pre_req_pre"": ""0"", ""sel_8th_pre_req"": ""100"", ""sel_8th_pre_bid"": ""-117400"", ""sel_7th_pre_req_pre"": ""0"", ""sel_7th_pre_req"": ""42"", ""sel_7th_pre_bid"": ""-117300"", ""sel_6th_pre_req_pre"": ""0"", ""sel_6th_pre_req"": ""63"", ""sel_6th_pre_bid"": ""-117100"", ""sel_5th_pre_req_pre"": ""0"", ""sel_5th_pre_req"": ""131"", ""sel_5th_pre_bid"": ""-117000"", ""sel_4th_pre_req_pre"": ""+66"", ""sel_4th_pre_req"": ""77"", ""sel_4th_pre_bid"": ""-116900"", ""sel_3th_pre_req_pre"": ""0"", ""sel_3th_pre_req"": ""192"", ""sel_3th_pre_bid"": ""-116800"", ""sel_2th_pre_req_pre"": ""0"", ""sel_2th_pre_req"": ""6"", ""sel_2th_pre_bid"": ""-116700"", ""sel_1th_pre_req_pre"": ""0"", ""sel_fpr_req"": ""24"", ""sel_fpr_bid"": ""-116500"", ""buy_fpr_bid"": ""-116400"", ""buy_fpr_req"": ""92"", ""buy_1th_pre_req_pre"": ""0"", ""buy_2th_pre_bid"": ""-116300"", ""buy_2th_pre_req"": ""26"", ""buy_2th_pre_req_pre"": ""0"", ""buy_3th_pre_bid"": ""-116200"", ""buy_3th_pre_req"": ""802"", ""buy_3th_pre_req_pre"": ""0"", ""buy_4th_pre_bid"": ""-116100"", ""buy_4th_pre_req"": ""66"", ""buy_4th_pre_req_pre"": ""0"", ""buy_5th_pre_bid"": ""-116000"", ""buy_5th_pre_req"": ""478"", ""buy_5th_pre_req_pre"": ""0"", ""buy_6th_pre_bid"": ""-115900"", ""buy_6th_pre_req"": ""122"", ""buy_6th_pre_req_pre"": ""0"", ""buy_7th_pre_bid"": ""-115800"", ""buy_7th_pre_req"": ""99"", ""buy_7th_pre_req_pre"": ""0"", ""buy_8th_pre_bid"": ""-115700"", ""buy_8th_pre_req"": ""395"", ""buy_8th_pre_req_pre"": ""0"", ""buy_9th_pre_bid"": ""-115600"", ""buy_9th_pre_req"": ""66"", ""buy_9th_pre_req_pre"": ""0"", ""buy_10th_pre_bid"": ""-115500"", ""buy_10th_pre_req"": ""136"", ""buy_10th_pre_req_pre"": ""0"", ""tot_sel_req_jub_pre"": ""+66"", ""tot_sel_req"": ""651"", ""tot_buy_req"": ""2282"", ""tot_buy_req_jub_pre"": ""0"", ""ovt_sel_req_pre"": ""0"", ""ovt_sel_req"": ""0"", ""ovt_buy_req"": ""0"", ""ovt_buy_req_pre"": ""0"", ""return_code"": 0, ""return_msg"": ""정상적으로 처리되었습니다""}"
2026-06-10,scan_candidate,000815,,0,main_scan,400000,,400000,398000,400000,399500,-0.25,0.5,,,,,,"{""bid_req_base_tm"": ""105507"", ""sel_10th_pre_req_pre"": ""0"", ""sel_10th_pre_req"": ""74"", ""sel_10th_pre_bid"": ""-405500"", ""sel_9th_pre_req_pre"": ""0"", ""sel_9th_pre_req"": ""62"", ""sel_9th_pre_bid"": ""-405000"", ""sel_8th_pre_req_pre"": ""0"", ""sel_8th_pre_req"": ""141"", ""sel_8th_pre_bid"": ""-404500"", ""sel_7th_pre_req_pre"": ""0"", ""sel_7th_pre_req"": ""109"", ""sel_7th_pre_bid"": ""-404000"", ""sel_6th_pre_req_pre"": ""0"", ""sel_6th_pre_req"": ""79"", ""sel_6th_pre_bid"": ""-403500"", ""sel_5th_pre_req_pre"": ""0"", ""sel_5th_pre_req"": ""94"", ""sel_5th_pre_bid"": ""-403000"", ""sel_4th_pre_req_pre"": ""0"", ""sel_4th_pre_req"": ""2"", ""sel_4th_pre_bid"": ""-402500"", ""sel_3th_pre_req_pre"": ""0"", ""sel_3th_pre_req"": ""102"", ""sel_3th_pre_bid"": ""-401500"", ""sel_2th_pre_req_pre"": ""0"", ""sel_2th_pre_req"": ""92"", ""sel_2th_pre_bid"": ""-401000"", ""sel_1th_pre_req_pre"": ""0"", ""sel_fpr_req"": ""5"", ""sel_fpr_bid"": ""-400000"", ""buy_fpr_bid"": ""-398000"", ""buy_fpr_req"": ""74"", ""buy_1th_pre_req_pre"": ""0"", ""buy_2th_pre_bid"": ""-397500"", ""buy_2th_pre_req"": ""156"", ""buy_2th_pre_req_pre"": ""0"", ""buy_3th_pre_bid"": ""-397000"", ""buy_3th_pre_req"": ""83"", ""buy_3th_pre_req_pre"": ""0"", ""buy_4th_pre_bid"": ""-396500"", ""buy_4th_pre_req"": ""16"", ""buy_4th_pre_req_pre"": ""0"", ""buy_5th_pre_bid"": ""-396000"", ""buy_5th_pre_req"": ""44"", ""buy_5th_pre_req_pre"": ""0"", ""buy_6th_pre_bid"": ""-395500"", ""buy_6th_pre_req"": ""10"", ""buy_6th_pre_req_pre"": ""0"", ""buy_7th_pre_bid"": ""-395000"", ""buy_7th_pre_req"": ""62"", ""buy_7th_pre_req_pre"": ""0"", ""buy_8th_pre_bid"": ""-394500"", ""buy_8th_pre_req"": ""14"", ""buy_8th_pre_req_pre"": ""0"", ""buy_9th_pre_bid"": ""-394000"", ""buy_9th_pre_req"": ""62"", ""buy_9th_pre_req_pre"": ""0"", ""buy_10th_pre_bid"": ""-393500"", ""buy_10th_pre_req"": ""337"", ""buy_10th_pre_req_pre"": ""0"", ""tot_sel_req_jub_pre"": ""0"", ""tot_sel_req"": ""760"", ""tot_buy_req"": ""858"", ""tot_buy_req_jub_pre"": ""+330"", ""ovt_sel_req_pre"": ""0"", ""ovt_sel_req"": ""0"", ""ovt_buy_req"": ""0"", ""ovt_buy_req_pre"": ""0"", ""return_code"": 0, ""return_msg"": ""정상적으로 처리되었습니다""}"
2026-06-10,scan_candidate,499790,,0,main_scan,50800,,50800,50600,50800,50300,-1.1811023622047243,0.39370078740157477,,,,,,"{""bid_req_base_tm"": ""105508"", ""sel_10th_pre_req_pre"": ""0"", ""sel_10th_pre_req"": ""371"", ""sel_10th_pre_bid"": ""+51700"", ""sel_9th_pre_req_pre"": ""0"", ""sel_9th_pre_req"": ""167"", ""sel_9th_pre_bid"": ""+51600"", ""sel_8th_pre_req_pre"": ""0"", ""sel_8th_pre_req"": ""768"", ""sel_8th_pre_bid"": ""+51500"", ""sel_7th_pre_req_pre"": ""0"", ""sel_7th_pre_req"": ""1041"", ""sel_7th_pre_bid"": ""+51400"", ""sel_6th_pre_req_pre"": ""0"", ""sel_6th_pre_req"": ""653"", ""sel_6th_pre_bid"": ""+51300"", ""sel_5th_pre_req_pre"": ""0"", ""sel_5th_pre_req"": ""1220"", ""sel_5th_pre_bid"": ""+51200"", ""sel_4th_pre_req_pre"": ""0"", ""sel_4th_pre_req"": ""1043"", ""sel_4th_pre_bid"": ""+51100"", ""sel_3th_pre_req_pre"": ""0"", ""sel_3th_pre_req"": ""458"", ""sel_3th_pre_bid"": ""+51000"", ""sel_2th_pre_req_pre"": ""0"", ""sel_2th_pre_req"": ""16"", ""sel_2th_pre_bid"": ""+50900"", ""sel_1th_pre_req_pre"": ""0"", ""sel_fpr_req"": ""633"", ""sel_fpr_bid"": ""+50800"", ""buy_fpr_bid"": ""+50600"", ""buy_fpr_req"": ""79"", ""buy_1th_pre_req_pre"": ""0"", ""buy_2th_pre_bid"": ""+50500"", ""buy_2th_pre_req"": ""24"", ""buy_2th_pre_req_pre"": ""0"", ""buy_3th_pre_bid"": ""+50400"", ""buy_3th_pre_req"": ""5"", ""buy_3th_pre_req_pre"": ""0"", ""buy_4th_pre_bid"": ""+50300"", ""buy_4th_pre_req"": ""47"", ""buy_4th_pre_req_pre"": ""0"", ""buy_5th_pre_bid"": ""+50200"", ""buy_5th_pre_req"": ""2"", ""buy_5th_pre_req_pre"": ""0"", ""buy_6th_pre_bid"": ""+50100"", ""buy_6th_pre_req"": ""11"", ""buy_6th_pre_req_pre"": ""0"", ""buy_7th_pre_bid"": ""+50000"", ""buy_7th_pre_req"": ""36"", ""buy_7th_pre_req_pre"": ""0"", ""buy_8th_pre_bid"": ""+49950"", ""buy_8th_pre_req"": ""32"", ""buy_8th_pre_req_pre"": ""0"", ""buy_9th_pre_bid"": ""+49900"", ""buy_9th_pre_req"": ""137"", ""buy_9th_pre_req_pre"": ""0"", ""buy_10th_pre_bid"": ""+49850"", ""buy_10th_pre_req"": ""63"", ""buy_10th_pre_req_pre"": ""0"", ""tot_sel_req_jub_pre"": ""0"", ""tot_sel_req"": ""6370"", ""tot_buy_req"": ""436"", ""tot_buy_req_jub_pre"": ""0"", ""ovt_sel_req_pre"": ""0"", ""ovt_sel_req"": ""0"", ""ovt_buy_req"": ""0"", ""ovt_buy_req_pre"": ""0"", ""return_code"": 0, ""return_msg"": ""정상적으로 처리되었습니다""}"
2026-06-10,scan_candidate,100090,,0,main_scan,16390,,16390,16380,16390,16400,-0.24405125076266015,0.06101281269066504,,,,,,"{""bid_req_base_tm"": ""105508"", ""sel_10th_pre_req_pre"": ""0"", ""sel_10th_pre_req"": ""101"", ""sel_10th_pre_bid"": ""+16480"", ""sel_9th_pre_req_pre"": ""0"", ""sel_9th_pre_req"": ""22"", ""sel_9th_pre_bid"": ""+16470"", ""sel_8th_pre_req_pre"": ""0"", ""sel_8th_pre_req"": ""14"", ""sel_8th_pre_bid"": ""+16460"", ""sel_7th_pre_req_pre"": ""0"", ""sel_7th_pre_req"": ""541"", ""sel_7th_pre_bid"": ""+16450"", ""sel_6th_pre_req_pre"": ""0"", ""sel_6th_pre_req"": ""213"", ""sel_6th_pre_bid"": ""+16440"", ""sel_5th_pre_req_pre"": ""0"", ""sel_5th_pre_req"": ""5"", ""sel_5th_pre_bid"": ""+16430"", ""sel_4th_pre_req_pre"": ""0"", ""sel_4th_pre_req"": ""15"", ""sel_4th_pre_bid"": ""+16420"", ""sel_3th_pre_req_pre"": ""0"", ""sel_3th_pre_req"": ""5"", ""sel_3th_pre_bid"": ""+16410"", ""sel_2th_pre_req_pre"": ""0"", ""sel_2th_pre_req"": ""189"", ""sel_2th_pre_bid"": ""+16400"", ""sel_1th_pre_req_pre"": ""0"", ""sel_fpr_req"": ""60"", ""sel_fpr_bid"": ""+16390"", ""buy_fpr_bid"": ""+16380"", ""buy_fpr_req"": ""478"", ""buy_1th_pre_req_pre"": ""0"", ""buy_2th_pre_bid"": ""+16370"", ""buy_2th_pre_req"": ""230"", ""buy_2th_pre_req_pre"": ""0"", ""buy_3th_pre_bid"": ""+16360"", ""buy_3th_pre_req"": ""393"", ""buy_3th_pre_req_pre"": ""0"", ""buy_4th_pre_bid"": ""+16350"", ""buy_4th_pre_req"": ""50"", ""buy_4th_pre_req_pre"": ""--20"", ""buy_5th_pre_bid"": ""+16340"", ""buy_5th_pre_req"": ""129"", ""buy_5th_pre_req_pre"": ""0"", ""buy_6th_pre_bid"": ""+16330"", ""buy_6th_pre_req"": ""137"", ""buy_6th_pre_req_pre"": ""0"", ""buy_7th_pre_bid"": ""+16320"", ""buy_7th_pre_req"": ""6"", ""buy_7th_pre_req_pre"": ""0"", ""buy_8th_pre_bid"": ""+16310"", ""buy_8th_pre_req"": ""302"", ""buy_8th_pre_req_pre"": ""0"", ""buy_9th_pre_bid"": ""+16300"", ""buy_9th_pre_req"": ""78"", ""buy_9th_pre_req_pre"": ""0"", ""buy_10th_pre_bid"": ""+16290"", ""buy_10th_pre_req"": ""109"", ""buy_10th_pre_req_pre"": ""0"", ""tot_sel_req_jub_pre"": ""0"", ""tot_sel_req"": ""1165"", ""tot_buy_req"": ""1912"", ""tot_buy_req_jub_pre"": ""--20"", ""ovt_sel_req_pre"": ""0"", ""ovt_sel_req"": ""0"", ""ovt_buy_req"": ""0"", ""ovt_buy_req_pre"": ""0"", ""return_code"": 0, ""return_msg"": ""정상적으로 처리되었습니다""}"
2026-06-10,scan_candidate,003160,,0,main_scan,28650,,28650,28550,28650,28650,-0.17452006980802792,0.34904013961605584,,,,,,"{""bid_req_base_tm"": ""105508"", ""sel_10th_pre_req_pre"": ""0"", ""sel_10th_pre_req"": ""13"", ""sel_10th_pre_bid"": ""+29100"", ""sel_9th_pre_req_pre"": ""0"", ""sel_9th_pre_req"": ""47"", ""sel_9th_pre_bid"": ""+29050"", ""sel_8th_pre_req_pre"": ""0"", ""sel_8th_pre_req"": ""2000"", ""sel_8th_pre_bid"": ""+29000"", ""sel_7th_pre_req_pre"": ""0"", ""sel_7th_pre_req"": ""310"", ""sel_7th_pre_bid"": ""+28950"", ""sel_6th_pre_req_pre"": ""0"", ""sel_6th_pre_req"": ""284"", ""sel_6th_pre_bid"": ""+28900"", ""sel_5th_pre_req_pre"": ""0"", ""sel_5th_pre_req"": ""169"", ""sel_5th_pre_bid"": ""+28850"", ""sel_4th_pre_req_pre"": ""0"", ""sel_4th_pre_req"": ""222"", ""sel_4th_pre_bid"": ""+28800"", ""sel_3th_pre_req_pre"": ""0"", ""sel_3th_pre_req"": ""237"", ""sel_3th_pre_bid"": ""+28750"", ""sel_2th_pre_req_pre"": ""0"", ""sel_2th_pre_req"": ""79"", ""sel_2th_pre_bid"": ""+28700"", ""sel_1th_pre_req_pre"": ""0"", ""sel_fpr_req"": ""140"", ""sel_fpr_bid"": ""+28650"", ""buy_fpr_bid"": ""+28550"", ""buy_fpr_req"": ""1"", ""buy_1th_pre_req_pre"": ""0"", ""buy_2th_pre_bid"": ""+28500"", ""buy_2th_pre_req"": ""26"", ""buy_2th_pre_req_pre"": ""0"", ""buy_3th_pre_bid"": ""+28450"", ""buy_3th_pre_req"": ""145"", ""buy_3th_pre_req_pre"": ""0"", ""buy_4th_pre_bid"": ""+28400"", ""buy_4th_pre_req"": ""348"", ""buy_4th_pre_req_pre"": ""0"", ""buy_5th_pre_bid"": ""+28350"", ""buy_5th_pre_req"": ""533"", ""buy_5th_pre_req_pre"": ""0"", ""buy_6th_pre_bid"": ""+28300"", ""buy_6th_pre_req"": ""1543"", ""buy_6th_pre_req_pre"": ""0"", ""buy_7th_pre_bid"": ""+28250"", ""buy_7th_pre_req"": ""67"", ""buy_7th_pre_req_pre"": ""0"", ""buy_8th_pre_bid"": ""+28200"", ""buy_8th_pre_req"": ""1141"", ""buy_8th_pre_req_pre"": ""0"", ""buy_9th_pre_bid"": ""+28150"", ""buy_9th_pre_req"": ""378"", ""buy_9th_pre_req_pre"": ""0"", ""buy_10th_pre_bid"": ""+28100"", ""buy_10th_pre_req"": ""816"", ""buy_10th_pre_req_pre"": ""0"", ""tot_sel_req_jub_pre"": ""0"", ""tot_sel_req"": ""3501"", ""tot_buy_req"": ""4998"", ""tot_buy_req_jub_pre"": ""--393"", ""ovt_sel_req_pre"": ""0"", ""ovt_sel_req"": ""0"", ""ovt_buy_req"": ""0"", ""ovt_buy_req_pre"": ""0"", ""return_code"": 0, ""return_msg"": ""정상적으로 처리되었습니다""}"
2026-06-10,scan_candidate,000370,,0,main_scan,6510,,6510,6500,6510,6480,-0.6144393241167435,0.15360983102918588,,,,,,"{""bid_req_base_tm"": ""105508"", ""sel_10th_pre_req_pre"": ""0"", ""sel_10th_pre_req"": ""304"", ""sel_10th_pre_bid"": ""+6600"", ""sel_9th_pre_req_pre"": ""0"", ""sel_9th_pre_req"": ""310"", ""sel_9th_pre_bid"": ""+6590"", ""sel_8th_pre_req_pre"": ""0"", ""sel_8th_pre_req"": ""110"", ""sel_8th_pre_bid"": ""+6580"", ""sel_7th_pre_req_pre"": ""0"", ""sel_7th_pre_req"": ""751"", ""sel_7th_pre_bid"": ""+6570"", ""sel_6th_pre_req_pre"": ""0"", ""sel_6th_pre_req"": ""337"", ""sel_6th_pre_bid"": ""+6560"", ""sel_5th_pre_req_pre"": ""0"", ""sel_5th_pre_req"": ""1484"", ""sel_5th_pre_bid"": ""+6550"", ""sel_4th_pre_req_pre"": ""0"", ""sel_4th_pre_req"": ""16"", ""sel_4th_pre_bid"": ""+6540"", ""sel_3th_pre_req_pre"": ""--3"", ""sel_3th_pre_req"": ""208"", ""sel_3th_pre_bid"": ""+6530"", ""sel_2th_pre_req_pre"": ""0"", ""sel_2th_pre_req"": ""991"", ""sel_2th_pre_bid"": ""+6520"", ""sel_1th_pre_req_pre"": ""+3"", ""sel_fpr_req"": ""364"", ""sel_fpr_bid"": ""+6510"", ""buy_fpr_bid"": ""+6500"", ""buy_fpr_req"": ""46"", ""buy_1th_pre_req_pre"": ""0"", ""buy_2th_pre_bid"": ""+6490"", ""buy_2th_pre_req"": ""667"", ""buy_2th_pre_req_pre"": ""0"", ""buy_3th_pre_bid"": ""+6480"", ""buy_3th_pre_req"": ""469"", ""buy_3th_pre_req_pre"": ""0"", ""buy_4th_pre_bid"": ""+6470"", ""buy_4th_pre_req"": ""115"", ""buy_4th_pre_req_pre"": ""0"", ""buy_5th_pre_bid"": ""+6460"", ""buy_5th_pre_req"": ""133"", ""buy_5th_pre_req_pre"": ""0"", ""buy_6th_pre_bid"": ""6450"", ""buy_6th_pre_req"": ""310"", ""buy_6th_pre_req_pre"": ""0"", ""buy_7th_pre_bid"": ""-6440"", ""buy_7th_pre_req"": ""130"", ""buy_7th_pre_req_pre"": ""0"", ""buy_8th_pre_bid"": ""-6430"", ""buy_8th_pre_req"": ""53"", ""buy_8th_pre_req_pre"": ""0"", ""buy_9th_pre_bid"": ""-6420"", ""buy_9th_pre_req"": ""156"", ""buy_9th_pre_req_pre"": ""0"", ""buy_10th_pre_bid"": ""-6410"", ""buy_10th_pre_req"": ""254"", ""buy_10th_pre_req_pre"": ""0"", ""tot_sel_req_jub_pre"": ""0"", ""tot_sel_req"": ""4875"", ""tot_buy_req"": ""2333"", ""tot_buy_req_jub_pre"": ""0"", ""ovt_sel_req_pre"": ""0"", ""ovt_sel_req"": ""0"", ""ovt_buy_req"": ""0"", ""ovt_buy_req_pre"": ""0"", ""return_code"": 0, ""return_msg"": ""정상적으로 처리되었습니다""}"
2026-06-10,scan_candidate,114090,,0,main_scan,12030,,12030,12020,12030,11950,-1.0806317539484622,0.0831255195344971,,,,,,"{""bid_req_base_tm"": ""105503"", ""sel_10th_pre_req_pre"": ""0"", ""sel_10th_pre_req"": ""1133"", ""sel_10th_pre_bid"": ""+12150"", ""sel_9th_pre_req_pre"": ""0"", ""sel_9th_pre_req"": ""133"", ""sel_9th_pre_bid"": ""+12140"", ""sel_8th_pre_req_pre"": ""0"", ""sel_8th_pre_req"": ""470"", ""sel_8th_pre_bid"": ""+12130"", ""sel_7th_pre_req_pre"": ""0"", ""sel_7th_pre_req"": ""56"", ""sel_7th_pre_bid"": ""+12120"", ""sel_6th_pre_req_pre"": ""0"", ""sel_6th_pre_req"": ""1958"", ""sel_6th_pre_bid"": ""+12110"", ""sel_5th_pre_req_pre"": ""0"", ""sel_5th_pre_req"": ""77"", ""sel_5th_pre_bid"": ""+12100"", ""sel_4th_pre_req_pre"": ""0"", ""sel_4th_pre_req"": ""10"", ""sel_4th_pre_bid"": ""+12060"", ""sel_3th_pre_req_pre"": ""0"", ""sel_3th_pre_req"": ""80"", ""sel_3th_pre_bid"": ""+12050"", ""sel_2th_pre_req_pre"": ""0"", ""sel_2th_pre_req"": ""134"", ""sel_2th_pre_bid"": ""+12040"", ""sel_1th_pre_req_pre"": ""0"", ""sel_fpr_req"": ""1"", ""sel_fpr_bid"": ""+12030"", ""buy_fpr_bid"": ""+12020"", ""buy_fpr_req"": ""8"", ""buy_1th_pre_req_pre"": ""0"", ""buy_2th_pre_bid"": ""+12010"", ""buy_2th_pre_req"": ""40"", ""buy_2th_pre_req_pre"": ""+29"", ""buy_3th_pre_bid"": ""+12000"", ""buy_3th_pre_req"": ""1036"", ""buy_3th_pre_req_pre"": ""0"", ""buy_4th_pre_bid"": ""+11990"", ""buy_4th_pre_req"": ""601"", ""buy_4th_pre_req_pre"": ""0"", ""buy_5th_pre_bid"": ""+11980"", ""buy_5th_pre_req"": ""189"", ""buy_5th_pre_req_pre"": ""0"", ""buy_6th_pre_bid"": ""11950"", ""buy_6th_pre_req"": ""487"", ""buy_6th_pre_req_pre"": ""0"", ""buy_7th_pre_bid"": ""-11930"", ""buy_7th_pre_req"": ""6"", ""buy_7th_pre_req_pre"": ""0"", ""buy_8th_pre_bid"": ""-11910"", ""buy_8th_pre_req"": ""8"", ""buy_8th_pre_req_pre"": ""0"", ""buy_9th_pre_bid"": ""-11900"", ""buy_9th_pre_req"": ""103"", ""buy_9th_pre_req_pre"": ""0"", ""buy_10th_pre_bid"": ""-11860"", ""buy_10th_pre_req"": ""2"", ""buy_10th_pre_req_pre"": ""0"", ""tot_sel_req_jub_pre"": ""0"", ""tot_sel_req"": ""4052"", ""tot_buy_req"": ""2480"", ""tot_buy_req_jub_pre"": ""+29"", ""ovt_sel_req_pre"": ""0"", ""ovt_sel_req"": ""0"", ""ovt_buy_req"": ""0"", ""ovt_buy_req_pre"": ""0"", ""return_code"": 0, ""return_msg"": ""정상적으로 처리되었습니다""}"
2026-06-10,scan_candidate,005090,,0,main_scan,52600,,52600,52400,52600,52400,-0.5703422053231939,0.38022813688212925,,,,,,"{""bid_req_base_tm"": ""105508"", ""sel_10th_pre_req_pre"": ""0"", ""sel_10th_pre_req"": ""17"", ""sel_10th_pre_bid"": ""+53500"", ""sel_9th_pre_req_pre"": ""0"", ""sel_9th_pre_req"": ""585"", ""sel_9th_pre_bid"": ""+53400"", ""sel_8th_pre_req_pre"": ""0"", ""sel_8th_pre_req"": ""45"", ""sel_8th_pre_bid"": ""+53300"", ""sel_7th_pre_req_pre"": ""0"", ""sel_7th_pre_req"": ""99"", ""sel_7th_pre_bid"": ""+53200"", ""sel_6th_pre_req_pre"": ""0"", ""sel_6th_pre_req"": ""73"", ""sel_6th_pre_bid"": ""+53100"", ""sel_5th_pre_req_pre"": ""0"", ""sel_5th_pre_req"": ""67"", ""sel_5th_pre_bid"": ""+53000"", ""sel_4th_pre_req_pre"": ""0"", ""sel_4th_pre_req"": ""7"", ""sel_4th_pre_bid"": ""+52900"", ""sel_3th_pre_req_pre"": ""0"", ""sel_3th_pre_req"": ""20"", ""sel_3th_pre_bid"": ""+52800"", ""sel_2th_pre_req_pre"": ""0"", ""sel_2th_pre_req"": ""159"", ""sel_2th_pre_bid"": ""+52700"", ""sel_1th_pre_req_pre"": ""0"", ""sel_fpr_req"": ""65"", ""sel_fpr_bid"": ""+52600"", ""buy_fpr_bid"": ""+52400"", ""buy_fpr_req"": ""3"", ""buy_1th_pre_req_pre"": ""+2"", ""buy_2th_pre_bid"": ""+52300"", ""buy_2th_pre_req"": ""39"", ""buy_2th_pre_req_pre"": ""0"", ""buy_3th_pre_bid"": ""+52200"", ""buy_3th_pre_req"": ""124"", ""buy_3th_pre_req_pre"": ""0"", ""buy_4th_pre_bid"": ""+52100"", ""buy_4th_pre_req"": ""3"", ""buy_4th_pre_req_pre"": ""0"", ""buy_5th_pre_bid"": ""+52000"", ""buy_5th_pre_req"": ""60"", ""buy_5th_pre_req_pre"": ""0"", ""buy_6th_pre_bid"": ""+51900"", ""buy_6th_pre_req"": ""36"", ""buy_6th_pre_req_pre"": ""0"", ""buy_7th_pre_bid"": ""+51800"", ""buy_7th_pre_req"": ""3"", ""buy_7th_pre_req_pre"": ""0"", ""buy_8th_pre_bid"": ""+51700"", ""buy_8th_pre_req"": ""21"", ""buy_8th_pre_req_pre"": ""0"", ""buy_9th_pre_bid"": ""+51600"", ""buy_9th_pre_req"": ""126"", ""buy_9th_pre_req_pre"": ""0"", ""buy_10th_pre_bid"": ""+51500"", ""buy_10th_pre_req"": ""164"", ""buy_10th_pre_req_pre"": ""0"", ""tot_sel_req_jub_pre"": ""0"", ""tot_sel_req"": ""1137"", ""tot_buy_req"": ""579"", ""tot_buy_req_jub_pre"": ""+2"", ""ovt_sel_req_pre"": ""0"", ""ovt_sel_req"": ""0"", ""ovt_buy_req"": ""0"", ""ovt_buy_req_pre"": ""0"", ""return_code"": 0, ""return_msg"": ""정상적으로 처리되었습니다""}"
2026-06-10,scan_candidate,017900,,0,main_scan,9520,,9520,9490,9520,9520,-0.10504201680672269,0.31512605042016806,,,,,,"{""bid_req_base_tm"": ""105509"", ""sel_10th_pre_req_pre"": ""0"", ""sel_10th_pre_req"": ""525"", ""sel_10th_pre_bid"": ""+9610"", ""sel_9th_pre_req_pre"": ""0"", ""sel_9th_pre_req"": ""1866"", ""sel_9th_pre_bid"": ""+9600"", ""sel_8th_pre_req_pre"": ""0"", ""sel_8th_pre_req"": ""2202"", ""sel_8th_pre_bid"": ""+9590"", ""sel_7th_pre_req_pre"": ""0"", ""sel_7th_pre_req"": ""323"", ""sel_7th_pre_bid"": ""+9580"", ""sel_6th_pre_req_pre"": ""0"", ""sel_6th_pre_req"": ""607"", ""sel_6th_pre_bid"": ""+9570"", ""sel_5th_pre_req_pre"": ""0"", ""sel_5th_pre_req"": ""100"", ""sel_5th_pre_bid"": ""+9560"", ""sel_4th_pre_req_pre"": ""0"", ""sel_4th_pre_req"": ""1072"", ""sel_4th_pre_bid"": ""+9550"", ""sel_3th_pre_req_pre"": ""0"", ""sel_3th_pre_req"": ""616"", ""sel_3th_pre_bid"": ""+9540"", ""sel_2th_pre_req_pre"": ""0"", ""sel_2th_pre_req"": ""1029"", ""sel_2th_pre_bid"": ""+9530"", ""sel_1th_pre_req_pre"": ""0"", ""sel_fpr_req"": ""536"", ""sel_fpr_bid"": ""+9520"", ""buy_fpr_bid"": ""+9490"", ""buy_fpr_req"": ""779"", ""buy_1th_pre_req_pre"": ""0"", ""buy_2th_pre_bid"": ""+9480"", ""buy_2th_pre_req"": ""353"", ""buy_2th_pre_req_pre"": ""0"", ""buy_3th_pre_bid"": ""+9470"", ""buy_3th_pre_req"": ""731"", ""buy_3th_pre_req_pre"": ""0"", ""buy_4th_pre_bid"": ""+9460"", ""buy_4th_pre_req"": ""316"", ""buy_4th_pre_req_pre"": ""0"", ""buy_5th_pre_bid"": ""+9450"", ""buy_5th_pre_req"": ""5050"", ""buy_5th_pre_req_pre"": ""+236"", ""buy_6th_pre_bid"": ""+9440"", ""buy_6th_pre_req"": ""2424"", ""buy_6th_pre_req_pre"": ""0"", ""buy_7th_pre_bid"": ""+9430"", ""buy_7th_pre_req"": ""290"", ""buy_7th_pre_req_pre"": ""0"", ""buy_8th_pre_bid"": ""+9420"", ""buy_8th_pre_req"": ""1239"", ""buy_8th_pre_req_pre"": ""0"", ""buy_9th_pre_bid"": ""+9410"", ""buy_9th_pre_req"": ""4752"", ""buy_9th_pre_req_pre"": ""0"", ""buy_10th_pre_bid"": ""+9400"", ""buy_10th_pre_req"": ""7100"", ""buy_10th_pre_req_pre"": ""0"", ""tot_sel_req_jub_pre"": ""--930"", ""tot_sel_req"": ""8876"", ""tot_buy_req"": ""23034"", ""tot_buy_req_jub_pre"": ""+236"", ""ovt_sel_req_pre"": ""0"", ""ovt_sel_req"": ""0"", ""ovt_buy_req"": ""0"", ""ovt_buy_req_pre"": ""0"", ""return_code"": 0, ""return_msg"": ""정상적으로 처리되었습니다""}"
2026-06-10,scan_candidate,004710,,0,main_scan,11020,,11020,11000,11020,11050,-0.18148820326678766,0.18148820326678766,,,,,,"{""bid_req_base_tm"": ""105508"", ""sel_10th_pre_req_pre"": ""0"", ""sel_10th_pre_req"": ""112"", ""sel_10th_pre_bid"": ""+11200"", ""sel_9th_pre_req_pre"": ""0"", ""sel_9th_pre_req"": ""20"", ""sel_9th_pre_bid"": ""+11180"", ""sel_8th_pre_req_pre"": ""0"", ""sel_8th_pre_req"": ""237"", ""sel_8th_pre_bid"": ""+11150"", ""sel_7th_pre_req_pre"": ""0"", ""sel_7th_pre_req"": ""120"", ""sel_7th_pre_bid"": ""+11100"", ""sel_6th_pre_req_pre"": ""0"", ""sel_6th_pre_req"": ""100"", ""sel_6th_pre_bid"": ""+11090"", ""sel_5th_pre_req_pre"": ""0"", ""sel_5th_pre_req"": ""52"", ""sel_5th_pre_bid"": ""+11080"", ""sel_4th_pre_req_pre"": ""0"", ""sel_4th_pre_req"": ""90"", ""sel_4th_pre_bid"": ""+11070"", ""sel_3th_pre_req_pre"": ""0"", ""sel_3th_pre_req"": ""354"", ""sel_3th_pre_bid"": ""+11050"", ""sel_2th_pre_req_pre"": ""0"", ""sel_2th_pre_req"": ""234"", ""sel_2th_pre_bid"": ""+11030"", ""sel_1th_pre_req_pre"": ""0"", ""sel_fpr_req"": ""20"", ""sel_fpr_bid"": ""+11020"", ""buy_fpr_bid"": ""+11000"", ""buy_fpr_req"": ""5"", ""buy_1th_pre_req_pre"": ""--10"", ""buy_2th_pre_bid"": ""+10990"", ""buy_2th_pre_req"": ""5"", ""buy_2th_pre_req_pre"": ""0"", ""buy_3th_pre_bid"": ""+10980"", ""buy_3th_pre_req"": ""491"", ""buy_3th_pre_req_pre"": ""0"", ""buy_4th_pre_bid"": ""+10960"", ""buy_4th_pre_req"": ""305"", ""buy_4th_pre_req_pre"": ""0"", ""buy_5th_pre_bid"": ""+10950"", ""buy_5th_pre_req"": ""29"", ""buy_5th_pre_req_pre"": ""0"", ""buy_6th_pre_bid"": ""+10930"", ""buy_6th_pre_req"": ""149"", ""buy_6th_pre_req_pre"": ""0"", ""buy_7th_pre_bid"": ""+10920"", ""buy_7th_pre_req"": ""201"", ""buy_7th_pre_req_pre"": ""0"", ""buy_8th_pre_bid"": ""+10910"", ""buy_8th_pre_req"": ""500"", ""buy_8th_pre_req_pre"": ""0"", ""buy_9th_pre_bid"": ""+10900"", ""buy_9th_pre_req"": ""784"", ""buy_9th_pre_req_pre"": ""0"", ""buy_10th_pre_bid"": ""+10890"", ""buy_10th_pre_req"": ""60"", ""buy_10th_pre_req_pre"": ""0"", ""tot_sel_req_jub_pre"": ""0"", ""tot_sel_req"": ""1339"", ""tot_buy_req"": ""2529"", ""tot_buy_req_jub_pre"": ""--10"", ""ovt_sel_req_pre"": ""0"", ""ovt_sel_req"": ""0"", ""ovt_buy_req"": ""0"", ""ovt_buy_req_pre"": ""0"", ""return_code"": 0, ""return_msg"": ""정상적으로 처리되었습니다""}"
2026-06-10,scan_candidate,006220,,0,main_scan,11690,,11690,11670,11690,11600,-1.1976047904191618,0.1710863986313088,,,,,,"{""bid_req_base_tm"": ""105509"", ""sel_10th_pre_req_pre"": ""0"", ""sel_10th_pre_req"": ""1267"", ""sel_10th_pre_bid"": ""+11780"", ""sel_9th_pre_req_pre"": ""0"", ""sel_9th_pre_req"": ""3602"", ""sel_9th_pre_bid"": ""+11770"", ""sel_8th_pre_req_pre"": ""0"", ""sel_8th_pre_req"": ""422"", ""sel_8th_pre_bid"": ""+11760"", ""sel_7th_pre_req_pre"": ""0"", ""sel_7th_pre_req"": ""1709"", ""sel_7th_pre_bid"": ""+11750"", ""sel_6th_pre_req_pre"": ""0"", ""sel_6th_pre_req"": ""156"", ""sel_6th_pre_bid"": ""+11740"", ""sel_5th_pre_req_pre"": ""0"", ""sel_5th_pre_req"": ""91"", ""sel_5th_pre_bid"": ""+11730"", ""sel_4th_pre_req_pre"": ""0"", ""sel_4th_pre_req"": ""172"", ""sel_4th_pre_bid"": ""+11720"", ""sel_3th_pre_req_pre"": ""0"", ""sel_3th_pre_req"": ""232"", ""sel_3th_pre_bid"": ""+11710"", ""sel_2th_pre_req_pre"": ""0"", ""sel_2th_pre_req"": ""2171"", ""sel_2th_pre_bid"": ""+11700"", ""sel_1th_pre_req_pre"": ""--294"", ""sel_fpr_req"": ""3120"", ""sel_fpr_bid"": ""+11690"", ""buy_fpr_bid"": ""+11670"", ""buy_fpr_req"": ""106"", ""buy_1th_pre_req_pre"": ""0"", ""buy_2th_pre_bid"": ""+11650"", ""buy_2th_pre_req"": ""87"", ""buy_2th_pre_req_pre"": ""0"", ""buy_3th_pre_bid"": ""+11640"", ""buy_3th_pre_req"": ""49"", ""buy_3th_pre_req_pre"": ""0"", ""buy_4th_pre_bid"": ""+11630"", ""buy_4th_pre_req"": ""720"", ""buy_4th_pre_req_pre"": ""0"", ""buy_5th_pre_bid"": ""+11620"", ""buy_5th_pre_req"": ""22"", ""buy_5th_pre_req_pre"": ""0"", ""buy_6th_pre_bid"": ""+11610"", ""buy_6th_pre_req"": ""856"", ""buy_6th_pre_req_pre"": ""0"", ""buy_7th_pre_bid"": ""+11600"", ""buy_7th_pre_req"": ""206"", ""buy_7th_pre_req_pre"": ""0"", ""buy_8th_pre_bid"": ""+11590"", ""buy_8th_pre_req"": ""1134"", ""buy_8th_pre_req_pre"": ""0"", ""buy_9th_pre_bid"": ""+11580"", ""buy_9th_pre_req"": ""319"", ""buy_9th_pre_req_pre"": ""0"", ""buy_10th_pre_bid"": ""+11570"", ""buy_10th_pre_req"": ""10"", ""buy_10th_pre_req_pre"": ""0"", ""tot_sel_req_jub_pre"": ""--294"", ""tot_sel_req"": ""12942"", ""tot_buy_req"": ""3509"", ""tot_buy_req_jub_pre"": ""0"", ""ovt_sel_req_pre"": ""0"", ""ovt_sel_req"": ""0"", ""ovt_buy_req"": ""0"", ""ovt_buy_req_pre"": ""0"", ""return_code"": 0, ""return_msg"": ""정상적으로 처리되었습니다""}"
2026-06-10,scan_candidate,092200,,0,main_scan,9580,,9580,9570,9580,9610,0.20876826722338201,0.10438413361169101,,,,,,"{""bid_req_base_tm"": ""105510"", ""sel_10th_pre_req_pre"": ""0"", ""sel_10th_pre_req"": ""263"", ""sel_10th_pre_bid"": ""-9720"", ""sel_9th_pre_req_pre"": ""0"", ""sel_9th_pre_req"": ""140"", ""sel_9th_pre_bid"": ""-9710"", ""sel_8th_pre_req_pre"": ""0"", ""sel_8th_pre_req"": ""1075"", ""sel_8th_pre_bid"": ""-9700"", ""sel_7th_pre_req_pre"": ""0"", ""sel_7th_pre_req"": ""21"", ""sel_7th_pre_bid"": ""-9690"", ""sel_6th_pre_req_pre"": ""0"", ""sel_6th_pre_req"": ""161"", ""sel_6th_pre_bid"": ""-9660"", ""sel_5th_pre_req_pre"": ""0"", ""sel_5th_pre_req"": ""136"", ""sel_5th_pre_bid"": ""-9650"", ""sel_4th_pre_req_pre"": ""0"", ""sel_4th_pre_req"": ""1507"", ""sel_4th_pre_bid"": ""-9640"", ""sel_3th_pre_req_pre"": ""0"", ""sel_3th_pre_req"": ""176"", ""sel_3th_pre_bid"": ""-9630"", ""sel_2th_pre_req_pre"": ""0"", ""sel_2th_pre_req"": ""7847"", ""sel_2th_pre_bid"": ""-9590"", ""sel_1th_pre_req_pre"": ""--1"", ""sel_fpr_req"": ""94"", ""sel_fpr_bid"": ""-9580"", ""buy_fpr_bid"": ""-9570"", ""buy_fpr_req"": ""487"", ""buy_1th_pre_req_pre"": ""0"", ""buy_2th_pre_bid"": ""-9560"", ""buy_2th_pre_req"": ""531"", ""buy_2th_pre_req_pre"": ""0"", ""buy_3th_pre_bid"": ""-9550"", ""buy_3th_pre_req"": ""727"", ""buy_3th_pre_req_pre"": ""0"", ""buy_4th_pre_bid"": ""-9540"", ""buy_4th_pre_req"": ""402"", ""buy_4th_pre_req_pre"": ""0"", ""buy_5th_pre_bid"": ""-9530"", ""buy_5th_pre_req"": ""568"", ""buy_5th_pre_req_pre"": ""0"", ""buy_6th_pre_bid"": ""-9520"", ""buy_6th_pre_req"": ""501"", ""buy_6th_pre_req_pre"": ""0"", ""buy_7th_pre_bid"": ""-9510"", ""buy_7th_pre_req"": ""6186"", ""buy_7th_pre_req_pre"": ""0"", ""buy_8th_pre_bid"": ""-9500"", ""buy_8th_pre_req"": ""5633"", ""buy_8th_pre_req_pre"": ""0"", ""buy_9th_pre_bid"": ""-9490"", ""buy_9th_pre_req"": ""497"", ""buy_9th_pre_req_pre"": ""0"", ""buy_10th_pre_bid"": ""-9480"", ""buy_10th_pre_req"": ""225"", ""buy_10th_pre_req_pre"": ""0"", ""tot_sel_req_jub_pre"": ""--1"", ""tot_sel_req"": ""11420"", ""tot_buy_req"": ""15757"", ""tot_buy_req_jub_pre"": ""0"", ""ovt_sel_req_pre"": ""0"", ""ovt_sel_req"": ""0"", ""ovt_buy_req"": ""0"", ""ovt_buy_req_pre"": ""0"", ""return_code"": 0, ""return_msg"": ""정상적으로 처리되었습니다""}"
2026-06-10,scan_candidate,010820,,0,main_scan,8090,,8090,8080,8090,8120,0.2472187886279357,0.12360939431396785,,,,,,"{""bid_req_base_tm"": ""105510"", ""sel_10th_pre_req_pre"": ""0"", ""sel_10th_pre_req"": ""117"", ""sel_10th_pre_bid"": ""+8200"", ""sel_9th_pre_req_pre"": ""0"", ""sel_9th_pre_req"": ""71"", ""sel_9th_pre_bid"": ""+8190"", ""sel_8th_pre_req_pre"": ""0"", ""sel_8th_pre_req"": ""203"", ""sel_8th_pre_bid"": ""+8180"", ""sel_7th_pre_req_pre"": ""0"", ""sel_7th_pre_req"": ""1040"", ""sel_7th_pre_bid"": ""+8170"", ""sel_6th_pre_req_pre"": ""0"", ""sel_6th_pre_req"": ""1331"", ""sel_6th_pre_bid"": ""+8150"", ""sel_5th_pre_req_pre"": ""0"", ""sel_5th_pre_req"": ""6"", ""sel_5th_pre_bid"": ""+8140"", ""sel_4th_pre_req_pre"": ""0"", ""sel_4th_pre_req"": ""212"", ""sel_4th_pre_bid"": ""+8130"", ""sel_3th_pre_req_pre"": ""0"", ""sel_3th_pre_req"": ""1"", ""sel_3th_pre_bid"": ""+8110"", ""sel_2th_pre_req_pre"": ""0"", ""sel_2th_pre_req"": ""40"", ""sel_2th_pre_bid"": ""+8100"", ""sel_1th_pre_req_pre"": ""0"", ""sel_fpr_req"": ""112"", ""sel_fpr_bid"": ""+8090"", ""buy_fpr_bid"": ""+8080"", ""buy_fpr_req"": ""433"", ""buy_1th_pre_req_pre"": ""--330"", ""buy_2th_pre_bid"": ""+8070"", ""buy_2th_pre_req"": ""387"", ""buy_2th_pre_req_pre"": ""0"", ""buy_3th_pre_bid"": ""+8060"", ""buy_3th_pre_req"": ""992"", ""buy_3th_pre_req_pre"": ""0"", ""buy_4th_pre_bid"": ""+8050"", ""buy_4th_pre_req"": ""1862"", ""buy_4th_pre_req_pre"": ""0"", ""buy_5th_pre_bid"": ""+8040"", ""buy_5th_pre_req"": ""28"", ""buy_5th_pre_req_pre"": ""0"", ""buy_6th_pre_bid"": ""+8030"", ""buy_6th_pre_req"": ""250"", ""buy_6th_pre_req_pre"": ""0"", ""buy_7th_pre_bid"": ""+8020"", ""buy_7th_pre_req"": ""1104"", ""buy_7th_pre_req_pre"": ""0"", ""buy_8th_pre_bid"": ""+8010"", ""buy_8th_pre_req"": ""489"", ""buy_8th_pre_req_pre"": ""0"", ""buy_9th_pre_bid"": ""+8000"", ""buy_9th_pre_req"": ""3180"", ""buy_9th_pre_req_pre"": ""0"", ""buy_10th_pre_bid"": ""+7990"", ""buy_10th_pre_req"": ""1184"", ""buy_10th_pre_req_pre"": ""0"", ""tot_sel_req_jub_pre"": ""0"", ""tot_sel_req"": ""3133"", ""tot_buy_req"": ""9909"", ""tot_buy_req_jub_pre"": ""--330"", ""ovt_sel_req_pre"": ""0"", ""ovt_sel_req"": ""0"", ""ovt_buy_req"": ""0"", ""ovt_buy_req_pre"": ""0"", ""return_code"": 0, ""return_msg"": ""정상적으로 처리되었습니다""}"
2026-06-10,scan_candidate,000430,,0,main_scan,5630,,5630,5620,5630,5660,0.3552397868561279,0.17761989342806395,,,,,,"{""bid_req_base_tm"": ""105508"", ""sel_10th_pre_req_pre"": ""0"", ""sel_10th_pre_req"": ""484"", ""sel_10th_pre_bid"": ""-5720"", ""sel_9th_pre_req_pre"": ""0"", ""sel_9th_pre_req"": ""1"", ""sel_9th_pre_bid"": ""-5710"", ""sel_8th_pre_req_pre"": ""0"", ""sel_8th_pre_req"": ""1365"", ""sel_8th_pre_bid"": ""-5700"", ""sel_7th_pre_req_pre"": ""0"", ""sel_7th_pre_req"": ""401"", ""sel_7th_pre_bid"": ""-5690"", ""sel_6th_pre_req_pre"": ""0"", ""sel_6th_pre_req"": ""1033"", ""sel_6th_pre_bid"": ""-5680"", ""sel_5th_pre_req_pre"": ""0"", ""sel_5th_pre_req"": ""111"", ""sel_5th_pre_bid"": ""-5670"", ""sel_4th_pre_req_pre"": ""0"", ""sel_4th_pre_req"": ""206"", ""sel_4th_pre_bid"": ""-5660"", ""sel_3th_pre_req_pre"": ""0"", ""sel_3th_pre_req"": ""148"", ""sel_3th_pre_bid"": ""-5650"", ""sel_2th_pre_req_pre"": ""0"", ""sel_2th_pre_req"": ""879"", ""sel_2th_pre_bid"": ""-5640"", ""sel_1th_pre_req_pre"": ""0"", ""sel_fpr_req"": ""303"", ""sel_fpr_bid"": ""-5630"", ""buy_fpr_bid"": ""-5620"", ""buy_fpr_req"": ""2614"", ""buy_1th_pre_req_pre"": ""+25"", ""buy_2th_pre_bid"": ""-5610"", ""buy_2th_pre_req"": ""5234"", ""buy_2th_pre_req_pre"": ""0"", ""buy_3th_pre_bid"": ""-5600"", ""buy_3th_pre_req"": ""17719"", ""buy_3th_pre_req_pre"": ""--25"", ""buy_4th_pre_bid"": ""-5590"", ""buy_4th_pre_req"": ""4277"", ""buy_4th_pre_req_pre"": ""0"", ""buy_5th_pre_bid"": ""-5580"", ""buy_5th_pre_req"": ""5580"", ""buy_5th_pre_req_pre"": ""0"", ""buy_6th_pre_bid"": ""-5570"", ""buy_6th_pre_req"": ""2555"", ""buy_6th_pre_req_pre"": ""0"", ""buy_7th_pre_bid"": ""-5560"", ""buy_7th_pre_req"": ""2683"", ""buy_7th_pre_req_pre"": ""0"", ""buy_8th_pre_bid"": ""-5550"", ""buy_8th_pre_req"": ""6955"", ""buy_8th_pre_req_pre"": ""0"", ""buy_9th_pre_bid"": ""-5540"", ""buy_9th_pre_req"": ""3171"", ""buy_9th_pre_req_pre"": ""0"", ""buy_10th_pre_bid"": ""-5530"", ""buy_10th_pre_req"": ""4629"", ""buy_10th_pre_req_pre"": ""0"", ""tot_sel_req_jub_pre"": ""0"", ""tot_sel_req"": ""4931"", ""tot_buy_req"": ""55417"", ""tot_buy_req_jub_pre"": ""0"", ""ovt_sel_req_pre"": ""0"", ""ovt_sel_req"": ""0"", ""ovt_buy_req"": ""0"", ""ovt_buy_req_pre"": ""0"", ""return_code"": 0, ""return_msg"": ""정상적으로 처리되었습니다""}"
2026-06-10,scan_candidate,010690,,0,main_scan,10700,,10700,10670,10700,10700,-0.46728971962616817,0.2803738317757009,,,,,,"{""bid_req_base_tm"": ""105509"", ""sel_10th_pre_req_pre"": ""0"", ""sel_10th_pre_req"": ""2"", ""sel_10th_pre_bid"": ""+10790"", ""sel_9th_pre_req_pre"": ""0"", ""sel_9th_pre_req"": ""118"", ""sel_9th_pre_bid"": ""+10780"", ""sel_8th_pre_req_pre"": ""0"", ""sel_8th_pre_req"": ""100"", ""sel_8th_pre_bid"": ""+10770"", ""sel_7th_pre_req_pre"": ""0"", ""sel_7th_pre_req"": ""27"", ""sel_7th_pre_bid"": ""+10760"", ""sel_6th_pre_req_pre"": ""0"", ""sel_6th_pre_req"": ""93"", ""sel_6th_pre_bid"": ""+10750"", ""sel_5th_pre_req_pre"": ""0"", ""sel_5th_pre_req"": ""61"", ""sel_5th_pre_bid"": ""+10740"", ""sel_4th_pre_req_pre"": ""0"", ""sel_4th_pre_req"": ""36"", ""sel_4th_pre_bid"": ""+10730"", ""sel_3th_pre_req_pre"": ""0"", ""sel_3th_pre_req"": ""291"", ""sel_3th_pre_bid"": ""+10720"", ""sel_2th_pre_req_pre"": ""0"", ""sel_2th_pre_req"": ""23"", ""sel_2th_pre_bid"": ""+10710"", ""sel_1th_pre_req_pre"": ""0"", ""sel_fpr_req"": ""85"", ""sel_fpr_bid"": ""+10700"", ""buy_fpr_bid"": ""+10670"", ""buy_fpr_req"": ""1"", ""buy_1th_pre_req_pre"": ""0"", ""buy_2th_pre_bid"": ""+10660"", ""buy_2th_pre_req"": ""661"", ""buy_2th_pre_req_pre"": ""0"", ""buy_3th_pre_bid"": ""+10650"", ""buy_3th_pre_req"": ""192"", ""buy_3th_pre_req_pre"": ""0"", ""buy_4th_pre_bid"": ""+10640"", ""buy_4th_pre_req"": ""122"", ""buy_4th_pre_req_pre"": ""0"", ""buy_5th_pre_bid"": ""+10630"", ""buy_5th_pre_req"": ""201"", ""buy_5th_pre_req_pre"": ""0"", ""buy_6th_pre_bid"": ""+10620"", ""buy_6th_pre_req"": ""162"", ""buy_6th_pre_req_pre"": ""0"", ""buy_7th_pre_bid"": ""+10610"", ""buy_7th_pre_req"": ""265"", ""buy_7th_pre_req_pre"": ""0"", ""buy_8th_pre_bid"": ""+10600"", ""buy_8th_pre_req"": ""544"", ""buy_8th_pre_req_pre"": ""0"", ""buy_9th_pre_bid"": ""+10590"", ""buy_9th_pre_req"": ""224"", ""buy_9th_pre_req_pre"": ""0"", ""buy_10th_pre_bid"": ""+10580"", ""buy_10th_pre_req"": ""229"", ""buy_10th_pre_req_pre"": ""0"", ""tot_sel_req_jub_pre"": ""0"", ""tot_sel_req"": ""836"", ""tot_buy_req"": ""2601"", ""tot_buy_req_jub_pre"": ""--286"", ""ovt_sel_req_pre"": ""0"", ""ovt_sel_req"": ""0"", ""ovt_buy_req"": ""0"", ""ovt_buy_req_pre"": ""0"", ""return_code"": 0, ""return_msg"": ""정상적으로 처리되었습니다""}"
2026-06-10,scan_candidate,005950,,0,main_scan,12100,,12100,12070,12100,12050,-0.8264462809917356,0.24793388429752067,,,,,,"{""bid_req_base_tm"": ""105510"", ""sel_10th_pre_req_pre"": ""0"", ""sel_10th_pre_req"": ""270"", ""sel_10th_pre_bid"": ""+12220"", ""sel_9th_pre_req_pre"": ""0"", ""sel_9th_pre_req"": ""96"", ""sel_9th_pre_bid"": ""+12200"", ""sel_8th_pre_req_pre"": ""0"", ""sel_8th_pre_req"": ""134"", ""sel_8th_pre_bid"": ""+12180"", ""sel_7th_pre_req_pre"": ""0"", ""sel_7th_pre_req"": ""1"", ""sel_7th_pre_bid"": ""+12170"", ""sel_6th_pre_req_pre"": ""0"", ""sel_6th_pre_req"": ""195"", ""sel_6th_pre_bid"": ""+12160"", ""sel_5th_pre_req_pre"": ""0"", ""sel_5th_pre_req"": ""37"", ""sel_5th_pre_bid"": ""+12150"", ""sel_4th_pre_req_pre"": ""0"", ""sel_4th_pre_req"": ""1"", ""sel_4th_pre_bid"": ""+12140"", ""sel_3th_pre_req_pre"": ""0"", ""sel_3th_pre_req"": ""286"", ""sel_3th_pre_bid"": ""+12130"", ""sel_2th_pre_req_pre"": ""0"", ""sel_2th_pre_req"": ""68"", ""sel_2th_pre_bid"": ""+12110"", ""sel_1th_pre_req_pre"": ""0"", ""sel_fpr_req"": ""132"", ""sel_fpr_bid"": ""+12100"", ""buy_fpr_bid"": ""+12070"", ""buy_fpr_req"": ""8"", ""buy_1th_pre_req_pre"": ""+5"", ""buy_2th_pre_bid"": ""+12060"", ""buy_2th_pre_req"": ""6"", ""buy_2th_pre_req_pre"": ""0"", ""buy_3th_pre_bid"": ""+12050"", ""buy_3th_pre_req"": ""106"", ""buy_3th_pre_req_pre"": ""0"", ""buy_4th_pre_bid"": ""+12040"", ""buy_4th_pre_req"": ""74"", ""buy_4th_pre_req_pre"": ""0"", ""buy_5th_pre_bid"": ""+12030"", ""buy_5th_pre_req"": ""174"", ""buy_5th_pre_req_pre"": ""0"", ""buy_6th_pre_bid"": ""+12020"", ""buy_6th_pre_req"": ""150"", ""buy_6th_pre_req_pre"": ""0"", ""buy_7th_pre_bid"": ""+12010"", ""buy_7th_pre_req"": ""9"", ""buy_7th_pre_req_pre"": ""0"", ""buy_8th_pre_bid"": ""+12000"", ""buy_8th_pre_req"": ""174"", ""buy_8th_pre_req_pre"": ""0"", ""buy_9th_pre_bid"": ""+11990"", ""buy_9th_pre_req"": ""13"", ""buy_9th_pre_req_pre"": ""0"", ""buy_10th_pre_bid"": ""+11980"", ""buy_10th_pre_req"": ""1"", ""buy_10th_pre_req_pre"": ""0"", ""tot_sel_req_jub_pre"": ""0"", ""tot_sel_req"": ""1220"", ""tot_buy_req"": ""715"", ""tot_buy_req_jub_pre"": ""+5"", ""ovt_sel_req_pre"": ""0"", ""ovt_sel_req"": ""0"", ""ovt_buy_req"": ""0"", ""ovt_buy_req_pre"": ""0"", ""return_code"": 0, ""return_msg"": ""정상적으로 처리되었습니다""}"
2026-06-10,watchlist,014680,,0,filtered_candidate_recheck,261500,,261500,261000,261500,262500,0.19120458891013384,0.19120458891013384,,,,,,"{""bid_req_base_tm"": ""105654"", ""sel_10th_pre_req_pre"": ""0"", ""sel_10th_pre_req"": ""61"", ""sel_10th_pre_bid"": ""+266000"", ""sel_9th_pre_req_pre"": ""0"", ""sel_9th_pre_req"": ""24"", ""sel_9th_pre_bid"": ""+265500"", ""sel_8th_pre_req_pre"": ""0"", ""sel_8th_pre_req"": ""35"", ""sel_8th_pre_bid"": ""+265000"", ""sel_7th_pre_req_pre"": ""0"", ""sel_7th_pre_req"": ""2"", ""sel_7th_pre_bid"": ""+264500"", ""sel_6th_pre_req_pre"": ""0"", ""sel_6th_pre_req"": ""4"", ""sel_6th_pre_bid"": ""+264000"", ""sel_5th_pre_req_pre"": ""0"", ""sel_5th_pre_req"": ""13"", ""sel_5th_pre_bid"": ""+263500"", ""sel_4th_pre_req_pre"": ""0"", ""sel_4th_pre_req"": ""12"", ""sel_4th_pre_bid"": ""+263000"", ""sel_3th_pre_req_pre"": ""0"", ""sel_3th_pre_req"": ""18"", ""sel_3th_pre_bid"": ""+262500"", ""sel_2th_pre_req_pre"": ""0"", ""sel_2th_pre_req"": ""59"", ""sel_2th_pre_bid"": ""+262000"", ""sel_1th_pre_req_pre"": ""0"", ""sel_fpr_req"": ""1"", ""sel_fpr_bid"": ""+261500"", ""buy_fpr_bid"": ""+261000"", ""buy_fpr_req"": ""14"", ""buy_1th_pre_req_pre"": ""0"", ""buy_2th_pre_bid"": ""+260500"", ""buy_2th_pre_req"": ""19"", ""buy_2th_pre_req_pre"": ""0"", ""buy_3th_pre_bid"": ""+260000"", ""buy_3th_pre_req"": ""130"", ""buy_3th_pre_req_pre"": ""0"", ""buy_4th_pre_bid"": ""+259500"", ""buy_4th_pre_req"": ""143"", ""buy_4th_pre_req_pre"": ""0"", ""buy_5th_pre_bid"": ""+259000"", ""buy_5th_pre_req"": ""210"", ""buy_5th_pre_req_pre"": ""0"", ""buy_6th_pre_bid"": ""+258500"", ""buy_6th_pre_req"": ""102"", ""buy_6th_pre_req_pre"": ""0"", ""buy_7th_pre_bid"": ""+258000"", ""buy_7th_pre_req"": ""101"", ""buy_7th_pre_req_pre"": ""0"", ""buy_8th_pre_bid"": ""+257500"", ""buy_8th_pre_req"": ""132"", ""buy_8th_pre_req_pre"": ""0"", ""buy_9th_pre_bid"": ""+257000"", ""buy_9th_pre_req"": ""141"", ""buy_9th_pre_req_pre"": ""0"", ""buy_10th_pre_bid"": ""+256500"", ""buy_10th_pre_req"": ""3"", ""buy_10th_pre_req_pre"": ""0"", ""tot_sel_req_jub_pre"": ""--514"", ""tot_sel_req"": ""229"", ""tot_buy_req"": ""995"", ""tot_buy_req_jub_pre"": ""0"", ""ovt_sel_req_pre"": ""0"", ""ovt_sel_req"": ""0"", ""ovt_buy_req"": ""0"", ""ovt_buy_req_pre"": ""0"", ""return_code"": 0, ""return_msg"": ""정상적으로 처리되었습니다""}"
2026-06-10,watchlist,035420,,1,filtered_candidate_recheck,234500,,234500,234000,234500,235500,0.21321961620469082,0.21321961620469082,,,,,,"{""bid_req_base_tm"": ""105658"", ""sel_10th_pre_req_pre"": ""0"", ""sel_10th_pre_req"": ""2862"", ""sel_10th_pre_bid"": ""-239000"", ""sel_9th_pre_req_pre"": ""0"", ""sel_9th_pre_req"": ""1600"", ""sel_9th_pre_bid"": ""-238500"", ""sel_8th_pre_req_pre"": ""0"", ""sel_8th_pre_req"": ""2715"", ""sel_8th_pre_bid"": ""-238000"", ""sel_7th_pre_req_pre"": ""0"", ""sel_7th_pre_req"": ""3375"", ""sel_7th_pre_bid"": ""-237500"", ""sel_6th_pre_req_pre"": ""0"", ""sel_6th_pre_req"": ""2712"", ""sel_6th_pre_bid"": ""-237000"", ""sel_5th_pre_req_pre"": ""0"", ""sel_5th_pre_req"": ""3821"", ""sel_5th_pre_bid"": ""-236500"", ""sel_4th_pre_req_pre"": ""0"", ""sel_4th_pre_req"": ""2169"", ""sel_4th_pre_bid"": ""-236000"", ""sel_3th_pre_req_pre"": ""0"", ""sel_3th_pre_req"": ""1161"", ""sel_3th_pre_bid"": ""-235500"", ""sel_2th_pre_req_pre"": ""0"", ""sel_2th_pre_req"": ""2451"", ""sel_2th_pre_bid"": ""-235000"", ""sel_1th_pre_req_pre"": ""0"", ""sel_fpr_req"": ""5927"", ""sel_fpr_bid"": ""-234500"", ""buy_fpr_bid"": ""-234000"", ""buy_fpr_req"": ""1757"", ""buy_1th_pre_req_pre"": ""0"", ""buy_2th_pre_bid"": ""-233500"", ""buy_2th_pre_req"": ""8320"", ""buy_2th_pre_req_pre"": ""+2"", ""buy_3th_pre_bid"": ""-233000"", ""buy_3th_pre_req"": ""13889"", ""buy_3th_pre_req_pre"": ""+3"", ""buy_4th_pre_bid"": ""-232500"", ""buy_4th_pre_req"": ""7530"", ""buy_4th_pre_req_pre"": ""0"", ""buy_5th_pre_bid"": ""-232000"", ""buy_5th_pre_req"": ""12422"", ""buy_5th_pre_req_pre"": ""0"", ""buy_6th_pre_bid"": ""-231500"", ""buy_6th_pre_req"": ""9192"", ""buy_6th_pre_req_pre"": ""0"", ""buy_7th_pre_bid"": ""-231000"", ""buy_7th_pre_req"": ""15096"", ""buy_7th_pre_req_pre"": ""0"", ""buy_8th_pre_bid"": ""-230500"", ""buy_8th_pre_req"": ""13783"", ""buy_8th_pre_req_pre"": ""0"", ""buy_9th_pre_bid"": ""-230000"", ""buy_9th_pre_req"": ""71047"", ""buy_9th_pre_req_pre"": ""0"", ""buy_10th_pre_bid"": ""-229500"", ""buy_10th_pre_req"": ""2287"", ""buy_10th_pre_req_pre"": ""0"", ""tot_sel_req_jub_pre"": ""0"", ""tot_sel_req"": ""28793"", ""tot_buy_req"": ""155323"", ""tot_buy_req_jub_pre"": ""+5"", ""ovt_sel_req_pre"": ""0"", ""ovt_sel_req"": ""0"", ""ovt_buy_req"": ""0"", ""ovt_buy_req_pre"": ""0"", ""return_code"": 0, ""return_msg"": ""정상적으로 처리되었습니다""}"
2026-06-10,watchlist,036570,,0,filtered_candidate_recheck,260500,,260500,260000,260500,260000,-0.3838771593090211,0.19193857965451055,,,,,,"{""bid_req_base_tm"": ""105657"", ""sel_10th_pre_req_pre"": ""0"", ""sel_10th_pre_req"": ""265"", ""sel_10th_pre_bid"": ""+265000"", ""sel_9th_pre_req_pre"": ""0"", ""sel_9th_pre_req"": ""134"", ""sel_9th_pre_bid"": ""264500"", ""sel_8th_pre_req_pre"": ""0"", ""sel_8th_pre_req"": ""122"", ""sel_8th_pre_bid"": ""-264000"", ""sel_7th_pre_req_pre"": ""0"", ""sel_7th_pre_req"": ""88"", ""sel_7th_pre_bid"": ""-263500"", ""sel_6th_pre_req_pre"": ""0"", ""sel_6th_pre_req"": ""59"", ""sel_6th_pre_bid"": ""-263000"", ""sel_5th_pre_req_pre"": ""0"", ""sel_5th_pre_req"": ""17"", ""sel_5th_pre_bid"": ""-262500"", ""sel_4th_pre_req_pre"": ""--1"", ""sel_4th_pre_req"": ""225"", ""sel_4th_pre_bid"": ""-262000"", ""sel_3th_pre_req_pre"": ""0"", ""sel_3th_pre_req"": ""103"", ""sel_3th_pre_bid"": ""-261500"", ""sel_2th_pre_req_pre"": ""0"", ""sel_2th_pre_req"": ""32"", ""sel_2th_pre_bid"": ""-261000"", ""sel_1th_pre_req_pre"": ""0"", ""sel_fpr_req"": ""78"", ""sel_fpr_bid"": ""-260500"", ""buy_fpr_bid"": ""-260000"", ""buy_fpr_req"": ""52"", ""buy_1th_pre_req_pre"": ""0"", ""buy_2th_pre_bid"": ""-259500"", ""buy_2th_pre_req"": ""62"", ""buy_2th_pre_req_pre"": ""0"", ""buy_3th_pre_bid"": ""-259000"", ""buy_3th_pre_req"": ""37"", ""buy_3th_pre_req_pre"": ""0"", ""buy_4th_pre_bid"": ""-258500"", ""buy_4th_pre_req"": ""83"", ""buy_4th_pre_req_pre"": ""0"", ""buy_5th_pre_bid"": ""-258000"", ""buy_5th_pre_req"": ""34"", ""buy_5th_pre_req_pre"": ""0"", ""buy_6th_pre_bid"": ""-257500"", ""buy_6th_pre_req"": ""94"", ""buy_6th_pre_req_pre"": ""0"", ""buy_7th_pre_bid"": ""-257000"", ""buy_7th_pre_req"": ""127"", ""buy_7th_pre_req_pre"": ""0"", ""buy_8th_pre_bid"": ""-256500"", ""buy_8th_pre_req"": ""95"", ""buy_8th_pre_req_pre"": ""0"", ""buy_9th_pre_bid"": ""-256000"", ""buy_9th_pre_req"": ""215"", ""buy_9th_pre_req_pre"": ""0"", ""buy_10th_pre_bid"": ""-255500"", ""buy_10th_pre_req"": ""215"", ""buy_10th_pre_req_pre"": ""0"", ""tot_sel_req_jub_pre"": ""--1"", ""tot_sel_req"": ""1123"", ""tot_buy_req"": ""1014"", ""tot_buy_req_jub_pre"": ""0"", ""ovt_sel_req_pre"": ""0"", ""ovt_sel_req"": ""0"", ""ovt_buy_req"": ""0"", ""ovt_buy_req_pre"": ""0"", ""return_code"": 0, ""return_msg"": ""정상적으로 처리되었습니다""}"
2026-06-10,watchlist,005090,,0,filtered_candidate_recheck,52500,,52500,52200,52500,52300,-0.5714285714285714,0.5714285714285714,,,,,,"{""bid_req_base_tm"": ""105647"", ""sel_10th_pre_req_pre"": ""0"", ""sel_10th_pre_req"": ""585"", ""sel_10th_pre_bid"": ""+53400"", ""sel_9th_pre_req_pre"": ""0"", ""sel_9th_pre_req"": ""65"", ""sel_9th_pre_bid"": ""+53300"", ""sel_8th_pre_req_pre"": ""0"", ""sel_8th_pre_req"": ""99"", ""sel_8th_pre_bid"": ""+53200"", ""sel_7th_pre_req_pre"": ""0"", ""sel_7th_pre_req"": ""73"", ""sel_7th_pre_bid"": ""+53100"", ""sel_6th_pre_req_pre"": ""0"", ""sel_6th_pre_req"": ""67"", ""sel_6th_pre_bid"": ""+53000"", ""sel_5th_pre_req_pre"": ""0"", ""sel_5th_pre_req"": ""7"", ""sel_5th_pre_bid"": ""+52900"", ""sel_4th_pre_req_pre"": ""0"", ""sel_4th_pre_req"": ""20"", ""sel_4th_pre_bid"": ""+52800"", ""sel_3th_pre_req_pre"": ""0"", ""sel_3th_pre_req"": ""124"", ""sel_3th_pre_bid"": ""+52700"", ""sel_2th_pre_req_pre"": ""0"", ""sel_2th_pre_req"": ""87"", ""sel_2th_pre_bid"": ""+52600"", ""sel_1th_pre_req_pre"": ""0"", ""sel_fpr_req"": ""61"", ""sel_fpr_bid"": ""+52500"", ""buy_fpr_bid"": ""+52200"", ""buy_fpr_req"": ""8"", ""buy_1th_pre_req_pre"": ""--1"", ""buy_2th_pre_bid"": ""+52100"", ""buy_2th_pre_req"": ""123"", ""buy_2th_pre_req_pre"": ""0"", ""buy_3th_pre_bid"": ""+52000"", ""buy_3th_pre_req"": ""60"", ""buy_3th_pre_req_pre"": ""0"", ""buy_4th_pre_bid"": ""+51900"", ""buy_4th_pre_req"": ""36"", ""buy_4th_pre_req_pre"": ""0"", ""buy_5th_pre_bid"": ""+51800"", ""buy_5th_pre_req"": ""22"", ""buy_5th_pre_req_pre"": ""0"", ""buy_6th_pre_bid"": ""+51700"", ""buy_6th_pre_req"": ""21"", ""buy_6th_pre_req_pre"": ""0"", ""buy_7th_pre_bid"": ""+51600"", ""buy_7th_pre_req"": ""126"", ""buy_7th_pre_req_pre"": ""0"", ""buy_8th_pre_bid"": ""+51500"", ""buy_8th_pre_req"": ""164"", ""buy_8th_pre_req_pre"": ""0"", ""buy_9th_pre_bid"": ""+51400"", ""buy_9th_pre_req"": ""44"", ""buy_9th_pre_req_pre"": ""0"", ""buy_10th_pre_bid"": ""+51300"", ""buy_10th_pre_req"": ""109"", ""buy_10th_pre_req_pre"": ""0"", ""tot_sel_req_jub_pre"": ""0"", ""tot_sel_req"": ""1188"", ""tot_buy_req"": ""713"", ""tot_buy_req_jub_pre"": ""--1"", ""ovt_sel_req_pre"": ""0"", ""ovt_sel_req"": ""0"", ""ovt_buy_req"": ""0"", ""ovt_buy_req_pre"": ""0"", ""return_code"": 0, ""return_msg"": ""정상적으로 처리되었습니다""}"
2026-06-10,watchlist,066570,,0,filtered_candidate_recheck,232500,,232500,232000,232500,233500,0.21505376344086022,0.21505376344086022,,,,,,"{""bid_req_base_tm"": ""105658"", ""sel_10th_pre_req_pre"": ""0"", ""sel_10th_pre_req"": ""3985"", ""sel_10th_pre_bid"": ""-237000"", ""sel_9th_pre_req_pre"": ""0"", ""sel_9th_pre_req"": ""1232"", ""sel_9th_pre_bid"": ""-236500"", ""sel_8th_pre_req_pre"": ""0"", ""sel_8th_pre_req"": ""3009"", ""sel_8th_pre_bid"": ""-236000"", ""sel_7th_pre_req_pre"": ""0"", ""sel_7th_pre_req"": ""2404"", ""sel_7th_pre_bid"": ""-235500"", ""sel_6th_pre_req_pre"": ""0"", ""sel_6th_pre_req"": ""3553"", ""sel_6th_pre_bid"": ""-235000"", ""sel_5th_pre_req_pre"": ""0"", ""sel_5th_pre_req"": ""1793"", ""sel_5th_pre_bid"": ""-234500"", ""sel_4th_pre_req_pre"": ""0"", ""sel_4th_pre_req"": ""2168"", ""sel_4th_pre_bid"": ""-234000"", ""sel_3th_pre_req_pre"": ""0"", ""sel_3th_pre_req"": ""1210"", ""sel_3th_pre_bid"": ""-233500"", ""sel_2th_pre_req_pre"": ""0"", ""sel_2th_pre_req"": ""4019"", ""sel_2th_pre_bid"": ""-233000"", ""sel_1th_pre_req_pre"": ""0"", ""sel_fpr_req"": ""6586"", ""sel_fpr_bid"": ""-232500"", ""buy_fpr_bid"": ""-232000"", ""buy_fpr_req"": ""5698"", ""buy_1th_pre_req_pre"": ""--9"", ""buy_2th_pre_bid"": ""-231500"", ""buy_2th_pre_req"": ""5105"", ""buy_2th_pre_req_pre"": ""+6"", ""buy_3th_pre_bid"": ""-231000"", ""buy_3th_pre_req"": ""11267"", ""buy_3th_pre_req_pre"": ""0"", ""buy_4th_pre_bid"": ""-230500"", ""buy_4th_pre_req"": ""18077"", ""buy_4th_pre_req_pre"": ""0"", ""buy_5th_pre_bid"": ""-230000"", ""buy_5th_pre_req"": ""42162"", ""buy_5th_pre_req_pre"": ""0"", ""buy_6th_pre_bid"": ""-229500"", ""buy_6th_pre_req"": ""5812"", ""buy_6th_pre_req_pre"": ""0"", ""buy_7th_pre_bid"": ""-229000"", ""buy_7th_pre_req"": ""7833"", ""buy_7th_pre_req_pre"": ""0"", ""buy_8th_pre_bid"": ""-228500"", ""buy_8th_pre_req"": ""6550"", ""buy_8th_pre_req_pre"": ""0"", ""buy_9th_pre_bid"": ""-228000"", ""buy_9th_pre_req"": ""12259"", ""buy_9th_pre_req_pre"": ""0"", ""buy_10th_pre_bid"": ""-227500"", ""buy_10th_pre_req"": ""4445"", ""buy_10th_pre_req_pre"": ""0"", ""tot_sel_req_jub_pre"": ""0"", ""tot_sel_req"": ""29959"", ""tot_buy_req"": ""119208"", ""tot_buy_req_jub_pre"": ""--3"", ""ovt_sel_req_pre"": ""0"", ""ovt_sel_req"": ""0"", ""ovt_buy_req"": ""0"", ""ovt_buy_req_pre"": ""0"", ""return_code"": 0, ""return_msg"": ""정상적으로 처리되었습니다""}"
2026-06-10,watchlist,028670,,1,filtered_candidate_recheck,5040,,5040,5030,5040,5070,0.3968253968253968,0.1984126984126984,,,,,,"{""bid_req_base_tm"": ""105656"", ""sel_10th_pre_req_pre"": ""0"", ""sel_10th_pre_req"": ""1747"", ""sel_10th_pre_bid"": ""-5130"", ""sel_9th_pre_req_pre"": ""0"", ""sel_9th_pre_req"": ""2959"", ""sel_9th_pre_bid"": ""-5120"", ""sel_8th_pre_req_pre"": ""0"", ""sel_8th_pre_req"": ""1001"", ""sel_8th_pre_bid"": ""-5110"", ""sel_7th_pre_req_pre"": ""0"", ""sel_7th_pre_req"": ""2261"", ""sel_7th_pre_bid"": ""-5100"", ""sel_6th_pre_req_pre"": ""0"", ""sel_6th_pre_req"": ""1385"", ""sel_6th_pre_bid"": ""-5090"", ""sel_5th_pre_req_pre"": ""0"", ""sel_5th_pre_req"": ""1217"", ""sel_5th_pre_bid"": ""-5080"", ""sel_4th_pre_req_pre"": ""0"", ""sel_4th_pre_req"": ""601"", ""sel_4th_pre_bid"": ""-5070"", ""sel_3th_pre_req_pre"": ""0"", ""sel_3th_pre_req"": ""522"", ""sel_3th_pre_bid"": ""-5060"", ""sel_2th_pre_req_pre"": ""0"", ""sel_2th_pre_req"": ""3005"", ""sel_2th_pre_bid"": ""-5050"", ""sel_1th_pre_req_pre"": ""--1"", ""sel_fpr_req"": ""863"", ""sel_fpr_bid"": ""-5040"", ""buy_fpr_bid"": ""-5030"", ""buy_fpr_req"": ""687"", ""buy_1th_pre_req_pre"": ""0"", ""buy_2th_pre_bid"": ""-5020"", ""buy_2th_pre_req"": ""2276"", ""buy_2th_pre_req_pre"": ""0"", ""buy_3th_pre_bid"": ""-5010"", ""buy_3th_pre_req"": ""39901"", ""buy_3th_pre_req_pre"": ""0"", ""buy_4th_pre_bid"": ""-5000"", ""buy_4th_pre_req"": ""6044"", ""buy_4th_pre_req_pre"": ""0"", ""buy_5th_pre_bid"": ""-4995"", ""buy_5th_pre_req"": ""1759"", ""buy_5th_pre_req_pre"": ""0"", ""buy_6th_pre_bid"": ""-4990"", ""buy_6th_pre_req"": ""4365"", ""buy_6th_pre_req_pre"": ""0"", ""buy_7th_pre_bid"": ""-4985"", ""buy_7th_pre_req"": ""1879"", ""buy_7th_pre_req_pre"": ""0"", ""buy_8th_pre_bid"": ""-4980"", ""buy_8th_pre_req"": ""7373"", ""buy_8th_pre_req_pre"": ""0"", ""buy_9th_pre_bid"": ""-4975"", ""buy_9th_pre_req"": ""122"", ""buy_9th_pre_req_pre"": ""0"", ""buy_10th_pre_bid"": ""-4970"", ""buy_10th_pre_req"": ""2760"", ""buy_10th_pre_req_pre"": ""0"", ""tot_sel_req_jub_pre"": ""--1"", ""tot_sel_req"": ""15561"", ""tot_buy_req"": ""67166"", ""tot_buy_req_jub_pre"": ""0"", ""ovt_sel_req_pre"": ""0"", ""ovt_sel_req"": ""0"", ""ovt_buy_req"": ""0"", ""ovt_buy_req_pre"": ""0"", ""return_code"": 0, ""return_msg"": ""정상적으로 처리되었습니다""}"
2026-06-10,watchlist,004990,,0,filtered_candidate_recheck,26000,,26000,25900,26000,25950,-0.38461538461538464,0.38461538461538464,,,,,,"{""bid_req_base_tm"": ""105651"", ""sel_10th_pre_req_pre"": ""0"", ""sel_10th_pre_req"": ""28107"", ""sel_10th_pre_bid"": ""+26450"", ""sel_9th_pre_req_pre"": ""0"", ""sel_9th_pre_req"": ""14"", ""sel_9th_pre_bid"": ""+26400"", ""sel_8th_pre_req_pre"": ""0"", ""sel_8th_pre_req"": ""6"", ""sel_8th_pre_bid"": ""+26350"", ""sel_7th_pre_req_pre"": ""0"", ""sel_7th_pre_req"": ""11"", ""sel_7th_pre_bid"": ""+26300"", ""sel_6th_pre_req_pre"": ""0"", ""sel_6th_pre_req"": ""145"", ""sel_6th_pre_bid"": ""+26250"", ""sel_5th_pre_req_pre"": ""0"", ""sel_5th_pre_req"": ""90"", ""sel_5th_pre_bid"": ""+26200"", ""sel_4th_pre_req_pre"": ""0"", ""sel_4th_pre_req"": ""3119"", ""sel_4th_pre_bid"": ""26150"", ""sel_3th_pre_req_pre"": ""0"", ""sel_3th_pre_req"": ""402"", ""sel_3th_pre_bid"": ""-26100"", ""sel_2th_pre_req_pre"": ""0"", ""sel_2th_pre_req"": ""212"", ""sel_2th_pre_bid"": ""-26050"", ""sel_1th_pre_req_pre"": ""0"", ""sel_fpr_req"": ""449"", ""sel_fpr_bid"": ""-26000"", ""buy_fpr_bid"": ""-25900"", ""buy_fpr_req"": ""474"", ""buy_1th_pre_req_pre"": ""0"", ""buy_2th_pre_bid"": ""-25850"", ""buy_2th_pre_req"": ""38"", ""buy_2th_pre_req_pre"": ""0"", ""buy_3th_pre_bid"": ""-25800"", ""buy_3th_pre_req"": ""501"", ""buy_3th_pre_req_pre"": ""0"", ""buy_4th_pre_bid"": ""-25750"", ""buy_4th_pre_req"": ""500"", ""buy_4th_pre_req_pre"": ""0"", ""buy_5th_pre_bid"": ""-25700"", ""buy_5th_pre_req"": ""96"", ""buy_5th_pre_req_pre"": ""0"", ""buy_6th_pre_bid"": ""-25650"", ""buy_6th_pre_req"": ""200"", ""buy_6th_pre_req_pre"": ""0"", ""buy_7th_pre_bid"": ""-25600"", ""buy_7th_pre_req"": ""284"", ""buy_7th_pre_req_pre"": ""0"", ""buy_8th_pre_bid"": ""-25550"", ""buy_8th_pre_req"": ""422"", ""buy_8th_pre_req_pre"": ""0"", ""buy_9th_pre_bid"": ""-25500"", ""buy_9th_pre_req"": ""982"", ""buy_9th_pre_req_pre"": ""0"", ""buy_10th_pre_bid"": ""-25450"", ""buy_10th_pre_req"": ""1117"", ""buy_10th_pre_req_pre"": ""0"", ""tot_sel_req_jub_pre"": ""0"", ""tot_sel_req"": ""32555"", ""tot_buy_req"": ""4614"", ""tot_buy_req_jub_pre"": ""--638"", ""ovt_sel_req_pre"": ""0"", ""ovt_sel_req"": ""0"", ""ovt_buy_req"": ""0"", ""ovt_buy_req_pre"": ""0"", ""return_code"": 0, ""return_msg"": ""정상적으로 처리되었습니다""}"
2026-06-10,watchlist,081660,,0,filtered_candidate_recheck,40450,,40450,40400,40450,40450,-0.12360939431396785,0.12360939431396785,,,,,,"{""bid_req_base_tm"": ""105653"", ""sel_10th_pre_req_pre"": ""0"", ""sel_10th_pre_req"": ""303"", ""sel_10th_pre_bid"": ""+40950"", ""sel_9th_pre_req_pre"": ""0"", ""sel_9th_pre_req"": ""166"", ""sel_9th_pre_bid"": ""+40900"", ""sel_8th_pre_req_pre"": ""0"", ""sel_8th_pre_req"": ""136"", ""sel_8th_pre_bid"": ""+40800"", ""sel_7th_pre_req_pre"": ""0"", ""sel_7th_pre_req"": ""13"", ""sel_7th_pre_bid"": ""+40750"", ""sel_6th_pre_req_pre"": ""0"", ""sel_6th_pre_req"": ""70"", ""sel_6th_pre_bid"": ""+40700"", ""sel_5th_pre_req_pre"": ""0"", ""sel_5th_pre_req"": ""50"", ""sel_5th_pre_bid"": ""+40650"", ""sel_4th_pre_req_pre"": ""0"", ""sel_4th_pre_req"": ""70"", ""sel_4th_pre_bid"": ""+40600"", ""sel_3th_pre_req_pre"": ""0"", ""sel_3th_pre_req"": ""1"", ""sel_3th_pre_bid"": ""+40550"", ""sel_2th_pre_req_pre"": ""+30"", ""sel_2th_pre_req"": ""232"", ""sel_2th_pre_bid"": ""+40500"", ""sel_1th_pre_req_pre"": ""0"", ""sel_fpr_req"": ""287"", ""sel_fpr_bid"": ""+40450"", ""buy_fpr_bid"": ""+40400"", ""buy_fpr_req"": ""227"", ""buy_1th_pre_req_pre"": ""0"", ""buy_2th_pre_bid"": ""+40350"", ""buy_2th_pre_req"": ""107"", ""buy_2th_pre_req_pre"": ""0"", ""buy_3th_pre_bid"": ""+40250"", ""buy_3th_pre_req"": ""157"", ""buy_3th_pre_req_pre"": ""0"", ""buy_4th_pre_bid"": ""+40200"", ""buy_4th_pre_req"": ""114"", ""buy_4th_pre_req_pre"": ""0"", ""buy_5th_pre_bid"": ""+40100"", ""buy_5th_pre_req"": ""100"", ""buy_5th_pre_req_pre"": ""0"", ""buy_6th_pre_bid"": ""+40050"", ""buy_6th_pre_req"": ""100"", ""buy_6th_pre_req_pre"": ""0"", ""buy_7th_pre_bid"": ""+40000"", ""buy_7th_pre_req"": ""509"", ""buy_7th_pre_req_pre"": ""0"", ""buy_8th_pre_bid"": ""+39950"", ""buy_8th_pre_req"": ""500"", ""buy_8th_pre_req_pre"": ""0"", ""buy_9th_pre_bid"": ""+39900"", ""buy_9th_pre_req"": ""2"", ""buy_9th_pre_req_pre"": ""0"", ""buy_10th_pre_bid"": ""+39850"", ""buy_10th_pre_req"": ""1"", ""buy_10th_pre_req_pre"": ""0"", ""tot_sel_req_jub_pre"": ""+30"", ""tot_sel_req"": ""1328"", ""tot_buy_req"": ""1817"", ""tot_buy_req_jub_pre"": ""0"", ""ovt_sel_req_pre"": ""0"", ""ovt_sel_req"": ""0"", ""ovt_buy_req"": ""0"", ""ovt_buy_req_pre"": ""0"", ""return_code"": 0, ""return_msg"": ""정상적으로 처리되었습니다""}"
2026-06-10,watchlist,008770,,0,filtered_candidate_recheck,55000,,55000,54900,55000,54600,-0.9090909090909091,0.18181818181818182,,,,,,"{""bid_req_base_tm"": ""105658"", ""sel_10th_pre_req_pre"": ""0"", ""sel_10th_pre_req"": ""1507"", ""sel_10th_pre_bid"": ""+55900"", ""sel_9th_pre_req_pre"": ""0"", ""sel_9th_pre_req"": ""597"", ""sel_9th_pre_bid"": ""+55800"", ""sel_8th_pre_req_pre"": ""0"", ""sel_8th_pre_req"": ""45"", ""sel_8th_pre_bid"": ""+55700"", ""sel_7th_pre_req_pre"": ""0"", ""sel_7th_pre_req"": ""157"", ""sel_7th_pre_bid"": ""+55600"", ""sel_6th_pre_req_pre"": ""0"", ""sel_6th_pre_req"": ""441"", ""sel_6th_pre_bid"": ""+55500"", ""sel_5th_pre_req_pre"": ""0"", ""sel_5th_pre_req"": ""266"", ""sel_5th_pre_bid"": ""+55400"", ""sel_4th_pre_req_pre"": ""0"", ""sel_4th_pre_req"": ""11"", ""sel_4th_pre_bid"": ""+55300"", ""sel_3th_pre_req_pre"": ""0"", ""sel_3th_pre_req"": ""636"", ""sel_3th_pre_bid"": ""55200"", ""sel_2th_pre_req_pre"": ""+8"", ""sel_2th_pre_req"": ""313"", ""sel_2th_pre_bid"": ""-55100"", ""sel_1th_pre_req_pre"": ""+61"", ""sel_fpr_req"": ""722"", ""sel_fpr_bid"": ""-55000"", ""buy_fpr_bid"": ""-54900"", ""buy_fpr_req"": ""63"", ""buy_1th_pre_req_pre"": ""0"", ""buy_2th_pre_bid"": ""-54700"", ""buy_2th_pre_req"": ""520"", ""buy_2th_pre_req_pre"": ""0"", ""buy_3th_pre_bid"": ""-54600"", ""buy_3th_pre_req"": ""157"", ""buy_3th_pre_req_pre"": ""0"", ""buy_4th_pre_bid"": ""-54500"", ""buy_4th_pre_req"": ""10"", ""buy_4th_pre_req_pre"": ""0"", ""buy_5th_pre_bid"": ""-54400"", ""buy_5th_pre_req"": ""39"", ""buy_5th_pre_req_pre"": ""0"", ""buy_6th_pre_bid"": ""-54300"", ""buy_6th_pre_req"": ""300"", ""buy_6th_pre_req_pre"": ""0"", ""buy_7th_pre_bid"": ""-54200"", ""buy_7th_pre_req"": ""11"", ""buy_7th_pre_req_pre"": ""0"", ""buy_8th_pre_bid"": ""-54100"", ""buy_8th_pre_req"": ""222"", ""buy_8th_pre_req_pre"": ""0"", ""buy_9th_pre_bid"": ""-54000"", ""buy_9th_pre_req"": ""251"", ""buy_9th_pre_req_pre"": ""0"", ""buy_10th_pre_bid"": ""-53900"", ""buy_10th_pre_req"": ""206"", ""buy_10th_pre_req_pre"": ""0"", ""tot_sel_req_jub_pre"": ""+69"", ""tot_sel_req"": ""4695"", ""tot_buy_req"": ""1779"", ""tot_buy_req_jub_pre"": ""0"", ""ovt_sel_req_pre"": ""0"", ""ovt_sel_req"": ""0"", ""ovt_buy_req"": ""0"", ""ovt_buy_req_pre"": ""0"", ""return_code"": 0, ""return_msg"": ""정상적으로 처리되었습니다""}"
2026-06-10,watchlist,012330,,0,filtered_candidate_recheck,579000,,579000,578000,579000,581000,0.17271157167530224,0.17271157167530224,,,,,,"{""bid_req_base_tm"": ""105659"", ""sel_10th_pre_req_pre"": ""0"", ""sel_10th_pre_req"": ""312"", ""sel_10th_pre_bid"": ""-588000"", ""sel_9th_pre_req_pre"": ""0"", ""sel_9th_pre_req"": ""315"", ""sel_9th_pre_bid"": ""-587000"", ""sel_8th_pre_req_pre"": ""0"", ""sel_8th_pre_req"": ""265"", ""sel_8th_pre_bid"": ""-586000"", ""sel_7th_pre_req_pre"": ""0"", ""sel_7th_pre_req"": ""125"", ""sel_7th_pre_bid"": ""-585000"", ""sel_6th_pre_req_pre"": ""0"", ""sel_6th_pre_req"": ""124"", ""sel_6th_pre_bid"": ""-584000"", ""sel_5th_pre_req_pre"": ""0"", ""sel_5th_pre_req"": ""57"", ""sel_5th_pre_bid"": ""-583000"", ""sel_4th_pre_req_pre"": ""0"", ""sel_4th_pre_req"": ""26"", ""sel_4th_pre_bid"": ""-582000"", ""sel_3th_pre_req_pre"": ""0"", ""sel_3th_pre_req"": ""94"", ""sel_3th_pre_bid"": ""-581000"", ""sel_2th_pre_req_pre"": ""0"", ""sel_2th_pre_req"": ""67"", ""sel_2th_pre_bid"": ""-580000"", ""sel_1th_pre_req_pre"": ""0"", ""sel_fpr_req"": ""220"", ""sel_fpr_bid"": ""-579000"", ""buy_fpr_bid"": ""-578000"", ""buy_fpr_req"": ""45"", ""buy_1th_pre_req_pre"": ""+1"", ""buy_2th_pre_bid"": ""-577000"", ""buy_2th_pre_req"": ""410"", ""buy_2th_pre_req_pre"": ""+1"", ""buy_3th_pre_bid"": ""-576000"", ""buy_3th_pre_req"": ""1091"", ""buy_3th_pre_req_pre"": ""0"", ""buy_4th_pre_bid"": ""-575000"", ""buy_4th_pre_req"": ""2014"", ""buy_4th_pre_req_pre"": ""0"", ""buy_5th_pre_bid"": ""-574000"", ""buy_5th_pre_req"": ""703"", ""buy_5th_pre_req_pre"": ""0"", ""buy_6th_pre_bid"": ""-573000"", ""buy_6th_pre_req"": ""863"", ""buy_6th_pre_req_pre"": ""0"", ""buy_7th_pre_bid"": ""-572000"", ""buy_7th_pre_req"": ""1536"", ""buy_7th_pre_req_pre"": ""0"", ""buy_8th_pre_bid"": ""-571000"", ""buy_8th_pre_req"": ""1889"", ""buy_8th_pre_req_pre"": ""0"", ""buy_9th_pre_bid"": ""-570000"", ""buy_9th_pre_req"": ""5222"", ""buy_9th_pre_req_pre"": ""0"", ""buy_10th_pre_bid"": ""-569000"", ""buy_10th_pre_req"": ""2651"", ""buy_10th_pre_req_pre"": ""0"", ""tot_sel_req_jub_pre"": ""0"", ""tot_sel_req"": ""1605"", ""tot_buy_req"": ""16424"", ""tot_buy_req_jub_pre"": ""+2"", ""ovt_sel_req_pre"": ""0"", ""ovt_sel_req"": ""0"", ""ovt_buy_req"": ""0"", ""ovt_buy_req_pre"": ""0"", ""return_code"": 0, ""return_msg"": ""정상적으로 처리되었습니다""}"
2026-06-10,watchlist,009155,,0,filtered_candidate_recheck,604000,,604000,603000,604000,607000,0.33112582781456956,0.16556291390728478,,,,,,"{""bid_req_base_tm"": ""105658"", ""sel_10th_pre_req_pre"": ""0"", ""sel_10th_pre_req"": ""41"", ""sel_10th_pre_bid"": ""-614000"", ""sel_9th_pre_req_pre"": ""0"", ""sel_9th_pre_req"": ""54"", ""sel_9th_pre_bid"": ""-613000"", ""sel_8th_pre_req_pre"": ""0"", ""sel_8th_pre_req"": ""14"", ""sel_8th_pre_bid"": ""-612000"", ""sel_7th_pre_req_pre"": ""0"", ""sel_7th_pre_req"": ""58"", ""sel_7th_pre_bid"": ""-611000"", ""sel_6th_pre_req_pre"": ""0"", ""sel_6th_pre_req"": ""166"", ""sel_6th_pre_bid"": ""-610000"", ""sel_5th_pre_req_pre"": ""0"", ""sel_5th_pre_req"": ""45"", ""sel_5th_pre_bid"": ""-609000"", ""sel_4th_pre_req_pre"": ""0"", ""sel_4th_pre_req"": ""11"", ""sel_4th_pre_bid"": ""-608000"", ""sel_3th_pre_req_pre"": ""0"", ""sel_3th_pre_req"": ""26"", ""sel_3th_pre_bid"": ""-607000"", ""sel_2th_pre_req_pre"": ""0"", ""sel_2th_pre_req"": ""2"", ""sel_2th_pre_bid"": ""-605000"", ""sel_1th_pre_req_pre"": ""0"", ""sel_fpr_req"": ""3"", ""sel_fpr_bid"": ""-604000"", ""buy_fpr_bid"": ""-603000"", ""buy_fpr_req"": ""119"", ""buy_1th_pre_req_pre"": ""0"", ""buy_2th_pre_bid"": ""-602000"", ""buy_2th_pre_req"": ""203"", ""buy_2th_pre_req_pre"": ""0"", ""buy_3th_pre_bid"": ""-601000"", ""buy_3th_pre_req"": ""127"", ""buy_3th_pre_req_pre"": ""+1"", ""buy_4th_pre_bid"": ""-600000"", ""buy_4th_pre_req"": ""542"", ""buy_4th_pre_req_pre"": ""0"", ""buy_5th_pre_bid"": ""-599000"", ""buy_5th_pre_req"": ""228"", ""buy_5th_pre_req_pre"": ""0"", ""buy_6th_pre_bid"": ""-598000"", ""buy_6th_pre_req"": ""85"", ""buy_6th_pre_req_pre"": ""0"", ""buy_7th_pre_bid"": ""-597000"", ""buy_7th_pre_req"": ""119"", ""buy_7th_pre_req_pre"": ""0"", ""buy_8th_pre_bid"": ""-596000"", ""buy_8th_pre_req"": ""51"", ""buy_8th_pre_req_pre"": ""0"", ""buy_9th_pre_bid"": ""-595000"", ""buy_9th_pre_req"": ""251"", ""buy_9th_pre_req_pre"": ""0"", ""buy_10th_pre_bid"": ""-594000"", ""buy_10th_pre_req"": ""32"", ""buy_10th_pre_req_pre"": ""0"", ""tot_sel_req_jub_pre"": ""0"", ""tot_sel_req"": ""420"", ""tot_buy_req"": ""1757"", ""tot_buy_req_jub_pre"": ""+1"", ""ovt_sel_req_pre"": ""0"", ""ovt_sel_req"": ""0"", ""ovt_buy_req"": ""0"", ""ovt_buy_req_pre"": ""0"", ""return_code"": 0, ""return_msg"": ""정상적으로 처리되었습니다""}"
2026-06-10,watchlist,181710,,1,filtered_candidate_recheck,41000,,41000,40950,41000,41200,0.3658536585365854,0.12195121951219512,,,,,,"{""bid_req_base_tm"": ""105700"", ""sel_10th_pre_req_pre"": ""0"", ""sel_10th_pre_req"": ""57"", ""sel_10th_pre_bid"": ""-41600"", ""sel_9th_pre_req_pre"": ""0"", ""sel_9th_pre_req"": ""5"", ""sel_9th_pre_bid"": ""-41550"", ""sel_8th_pre_req_pre"": ""0"", ""sel_8th_pre_req"": ""1"", ""sel_8th_pre_bid"": ""-41500"", ""sel_7th_pre_req_pre"": ""0"", ""sel_7th_pre_req"": ""30"", ""sel_7th_pre_bid"": ""-41450"", ""sel_6th_pre_req_pre"": ""0"", ""sel_6th_pre_req"": ""1"", ""sel_6th_pre_bid"": ""-41400"", ""sel_5th_pre_req_pre"": ""0"", ""sel_5th_pre_req"": ""10"", ""sel_5th_pre_bid"": ""-41350"", ""sel_4th_pre_req_pre"": ""0"", ""sel_4th_pre_req"": ""21"", ""sel_4th_pre_bid"": ""-41200"", ""sel_3th_pre_req_pre"": ""0"", ""sel_3th_pre_req"": ""3"", ""sel_3th_pre_bid"": ""-41150"", ""sel_2th_pre_req_pre"": ""0"", ""sel_2th_pre_req"": ""97"", ""sel_2th_pre_bid"": ""-41050"", ""sel_1th_pre_req_pre"": ""0"", ""sel_fpr_req"": ""26"", ""sel_fpr_bid"": ""-41000"", ""buy_fpr_bid"": ""-40950"", ""buy_fpr_req"": ""41"", ""buy_1th_pre_req_pre"": ""0"", ""buy_2th_pre_bid"": ""-40900"", ""buy_2th_pre_req"": ""47"", ""buy_2th_pre_req_pre"": ""--35"", ""buy_3th_pre_bid"": ""-40850"", ""buy_3th_pre_req"": ""101"", ""buy_3th_pre_req_pre"": ""0"", ""buy_4th_pre_bid"": ""-40800"", ""buy_4th_pre_req"": ""205"", ""buy_4th_pre_req_pre"": ""0"", ""buy_5th_pre_bid"": ""-40750"", ""buy_5th_pre_req"": ""9"", ""buy_5th_pre_req_pre"": ""0"", ""buy_6th_pre_bid"": ""-40700"", ""buy_6th_pre_req"": ""8"", ""buy_6th_pre_req_pre"": ""0"", ""buy_7th_pre_bid"": ""-40650"", ""buy_7th_pre_req"": ""57"", ""buy_7th_pre_req_pre"": ""0"", ""buy_8th_pre_bid"": ""-40600"", ""buy_8th_pre_req"": ""1"", ""buy_8th_pre_req_pre"": ""0"", ""buy_9th_pre_bid"": ""-40550"", ""buy_9th_pre_req"": ""136"", ""buy_9th_pre_req_pre"": ""0"", ""buy_10th_pre_bid"": ""-40500"", ""buy_10th_pre_req"": ""62"", ""buy_10th_pre_req_pre"": ""0"", ""tot_sel_req_jub_pre"": ""+8"", ""tot_sel_req"": ""251"", ""tot_buy_req"": ""667"", ""tot_buy_req_jub_pre"": ""--35"", ""ovt_sel_req_pre"": ""0"", ""ovt_sel_req"": ""0"", ""ovt_buy_req"": ""0"", ""ovt_buy_req_pre"": ""0"", ""return_code"": 0, ""return_msg"": ""정상적으로 처리되었습니다""}"
2026-06-10,watchlist,085620,,0,filtered_candidate_recheck,22350,,22350,22300,22350,22400,0.0,0.22371364653243847,,,,,,"{""bid_req_base_tm"": ""105700"", ""sel_10th_pre_req_pre"": ""0"", ""sel_10th_pre_req"": ""2836"", ""sel_10th_pre_bid"": ""-22800"", ""sel_9th_pre_req_pre"": ""0"", ""sel_9th_pre_req"": ""404"", ""sel_9th_pre_bid"": ""-22750"", ""sel_8th_pre_req_pre"": ""0"", ""sel_8th_pre_req"": ""751"", ""sel_8th_pre_bid"": ""-22700"", ""sel_7th_pre_req_pre"": ""0"", ""sel_7th_pre_req"": ""308"", ""sel_7th_pre_bid"": ""-22650"", ""sel_6th_pre_req_pre"": ""0"", ""sel_6th_pre_req"": ""1279"", ""sel_6th_pre_bid"": ""-22600"", ""sel_5th_pre_req_pre"": ""0"", ""sel_5th_pre_req"": ""736"", ""sel_5th_pre_bid"": ""-22550"", ""sel_4th_pre_req_pre"": ""0"", ""sel_4th_pre_req"": ""1278"", ""sel_4th_pre_bid"": ""-22500"", ""sel_3th_pre_req_pre"": ""0"", ""sel_3th_pre_req"": ""319"", ""sel_3th_pre_bid"": ""-22450"", ""sel_2th_pre_req_pre"": ""0"", ""sel_2th_pre_req"": ""1055"", ""sel_2th_pre_bid"": ""-22400"", ""sel_1th_pre_req_pre"": ""--5"", ""sel_fpr_req"": ""285"", ""sel_fpr_bid"": ""-22350"", ""buy_fpr_bid"": ""-22300"", ""buy_fpr_req"": ""453"", ""buy_1th_pre_req_pre"": ""0"", ""buy_2th_pre_bid"": ""-22250"", ""buy_2th_pre_req"": ""635"", ""buy_2th_pre_req_pre"": ""0"", ""buy_3th_pre_bid"": ""-22200"", ""buy_3th_pre_req"": ""1094"", ""buy_3th_pre_req_pre"": ""0"", ""buy_4th_pre_bid"": ""-22150"", ""buy_4th_pre_req"": ""2177"", ""buy_4th_pre_req_pre"": ""0"", ""buy_5th_pre_bid"": ""-22100"", ""buy_5th_pre_req"": ""3451"", ""buy_5th_pre_req_pre"": ""0"", ""buy_6th_pre_bid"": ""-22050"", ""buy_6th_pre_req"": ""2300"", ""buy_6th_pre_req_pre"": ""0"", ""buy_7th_pre_bid"": ""-22000"", ""buy_7th_pre_req"": ""1876"", ""buy_7th_pre_req_pre"": ""0"", ""buy_8th_pre_bid"": ""-21950"", ""buy_8th_pre_req"": ""2340"", ""buy_8th_pre_req_pre"": ""0"", ""buy_9th_pre_bid"": ""-21900"", ""buy_9th_pre_req"": ""2655"", ""buy_9th_pre_req_pre"": ""0"", ""buy_10th_pre_bid"": ""-21850"", ""buy_10th_pre_req"": ""1705"", ""buy_10th_pre_req_pre"": ""0"", ""tot_sel_req_jub_pre"": ""--5"", ""tot_sel_req"": ""9251"", ""tot_buy_req"": ""18686"", ""tot_buy_req_jub_pre"": ""0"", ""ovt_sel_req_pre"": ""0"", ""ovt_sel_req"": ""0"", ""ovt_buy_req"": ""0"", ""ovt_buy_req_pre"": ""0"", ""return_code"": 0, ""return_msg"": ""정상적으로 처리되었습니다""}"
2026-06-10,watchlist,062040,,0,filtered_candidate_recheck,224500,,224500,224000,224500,225000,0.0,0.22271714922048996,,,,,,"{""bid_req_base_tm"": ""105700"", ""sel_10th_pre_req_pre"": ""0"", ""sel_10th_pre_req"": ""75"", ""sel_10th_pre_bid"": ""+229000"", ""sel_9th_pre_req_pre"": ""0"", ""sel_9th_pre_req"": ""159"", ""sel_9th_pre_bid"": ""+228500"", ""sel_8th_pre_req_pre"": ""0"", ""sel_8th_pre_req"": ""397"", ""sel_8th_pre_bid"": ""+228000"", ""sel_7th_pre_req_pre"": ""0"", ""sel_7th_pre_req"": ""170"", ""sel_7th_pre_bid"": ""+227500"", ""sel_6th_pre_req_pre"": ""0"", ""sel_6th_pre_req"": ""53"", ""sel_6th_pre_bid"": ""+227000"", ""sel_5th_pre_req_pre"": ""0"", ""sel_5th_pre_req"": ""138"", ""sel_5th_pre_bid"": ""+226500"", ""sel_4th_pre_req_pre"": ""0"", ""sel_4th_pre_req"": ""43"", ""sel_4th_pre_bid"": ""+226000"", ""sel_3th_pre_req_pre"": ""0"", ""sel_3th_pre_req"": ""90"", ""sel_3th_pre_bid"": ""+225500"", ""sel_2th_pre_req_pre"": ""0"", ""sel_2th_pre_req"": ""92"", ""sel_2th_pre_bid"": ""225000"", ""sel_1th_pre_req_pre"": ""0"", ""sel_fpr_req"": ""281"", ""sel_fpr_bid"": ""-224500"", ""buy_fpr_bid"": ""-224000"", ""buy_fpr_req"": ""3"", ""buy_1th_pre_req_pre"": ""--6"", ""buy_2th_pre_bid"": ""-223500"", ""buy_2th_pre_req"": ""294"", ""buy_2th_pre_req_pre"": ""0"", ""buy_3th_pre_bid"": ""-223000"", ""buy_3th_pre_req"": ""542"", ""buy_3th_pre_req_pre"": ""0"", ""buy_4th_pre_bid"": ""-222500"", ""buy_4th_pre_req"": ""203"", ""buy_4th_pre_req_pre"": ""0"", ""buy_5th_pre_bid"": ""-222000"", ""buy_5th_pre_req"": ""319"", ""buy_5th_pre_req_pre"": ""0"", ""buy_6th_pre_bid"": ""-221500"", ""buy_6th_pre_req"": ""228"", ""buy_6th_pre_req_pre"": ""0"", ""buy_7th_pre_bid"": ""-221000"", ""buy_7th_pre_req"": ""505"", ""buy_7th_pre_req_pre"": ""0"", ""buy_8th_pre_bid"": ""-220500"", ""buy_8th_pre_req"": ""457"", ""buy_8th_pre_req_pre"": ""0"", ""buy_9th_pre_bid"": ""-220000"", ""buy_9th_pre_req"": ""609"", ""buy_9th_pre_req_pre"": ""0"", ""buy_10th_pre_bid"": ""-219500"", ""buy_10th_pre_req"": ""64"", ""buy_10th_pre_req_pre"": ""0"", ""tot_sel_req_jub_pre"": ""0"", ""tot_sel_req"": ""1498"", ""tot_buy_req"": ""3224"", ""tot_buy_req_jub_pre"": ""--6"", ""ovt_sel_req_pre"": ""0"", ""ovt_sel_req"": ""0"", ""ovt_buy_req"": ""0"", ""ovt_buy_req_pre"": ""0"", ""return_code"": 0, ""return_msg"": ""정상적으로 처리되었습니다""}"
2026-06-10,watchlist,036460,,0,filtered_candidate_recheck,34500,,34500,34400,34500,34500,-0.14492753623188406,0.2898550724637681,,,,,,"{""bid_req_base_tm"": ""105656"", ""sel_10th_pre_req_pre"": ""0"", ""sel_10th_pre_req"": ""57"", ""sel_10th_pre_bid"": ""+34950"", ""sel_9th_pre_req_pre"": ""0"", ""sel_9th_pre_req"": ""619"", ""sel_9th_pre_bid"": ""+34900"", ""sel_8th_pre_req_pre"": ""0"", ""sel_8th_pre_req"": ""533"", ""sel_8th_pre_bid"": ""+34850"", ""sel_7th_pre_req_pre"": ""0"", ""sel_7th_pre_req"": ""110"", ""sel_7th_pre_bid"": ""+34800"", ""sel_6th_pre_req_pre"": ""0"", ""sel_6th_pre_req"": ""578"", ""sel_6th_pre_bid"": ""+34750"", ""sel_5th_pre_req_pre"": ""0"", ""sel_5th_pre_req"": ""662"", ""sel_5th_pre_bid"": ""+34700"", ""sel_4th_pre_req_pre"": ""0"", ""sel_4th_pre_req"": ""499"", ""sel_4th_pre_bid"": ""+34650"", ""sel_3th_pre_req_pre"": ""0"", ""sel_3th_pre_req"": ""937"", ""sel_3th_pre_bid"": ""+34600"", ""sel_2th_pre_req_pre"": ""0"", ""sel_2th_pre_req"": ""202"", ""sel_2th_pre_bid"": ""+34550"", ""sel_1th_pre_req_pre"": ""0"", ""sel_fpr_req"": ""233"", ""sel_fpr_bid"": ""+34500"", ""buy_fpr_bid"": ""+34400"", ""buy_fpr_req"": ""574"", ""buy_1th_pre_req_pre"": ""+29"", ""buy_2th_pre_bid"": ""+34350"", ""buy_2th_pre_req"": ""220"", ""buy_2th_pre_req_pre"": ""0"", ""buy_3th_pre_bid"": ""+34300"", ""buy_3th_pre_req"": ""147"", ""buy_3th_pre_req_pre"": ""0"", ""buy_4th_pre_bid"": ""+34250"", ""buy_4th_pre_req"": ""751"", ""buy_4th_pre_req_pre"": ""0"", ""buy_5th_pre_bid"": ""+34200"", ""buy_5th_pre_req"": ""550"", ""buy_5th_pre_req_pre"": ""0"", ""buy_6th_pre_bid"": ""+34150"", ""buy_6th_pre_req"": ""594"", ""buy_6th_pre_req_pre"": ""0"", ""buy_7th_pre_bid"": ""+34100"", ""buy_7th_pre_req"": ""630"", ""buy_7th_pre_req_pre"": ""0"", ""buy_8th_pre_bid"": ""+34050"", ""buy_8th_pre_req"": ""1418"", ""buy_8th_pre_req_pre"": ""0"", ""buy_9th_pre_bid"": ""34000"", ""buy_9th_pre_req"": ""3356"", ""buy_9th_pre_req_pre"": ""0"", ""buy_10th_pre_bid"": ""-33950"", ""buy_10th_pre_req"": ""854"", ""buy_10th_pre_req_pre"": ""0"", ""tot_sel_req_jub_pre"": ""0"", ""tot_sel_req"": ""4430"", ""tot_buy_req"": ""9094"", ""tot_buy_req_jub_pre"": ""+29"", ""ovt_sel_req_pre"": ""0"", ""ovt_sel_req"": ""0"", ""ovt_buy_req"": ""0"", ""ovt_buy_req_pre"": ""0"", ""return_code"": 0, ""return_msg"": ""정상적으로 처리되었습니다""}"
2026-06-10,watchlist,066575,,0,filtered_candidate_recheck,79600,,79600,79500,79600,79300,-0.5025125628140703,0.12562814070351758,,,,,,"{""bid_req_base_tm"": ""105657"", ""sel_10th_pre_req_pre"": ""0"", ""sel_10th_pre_req"": ""282"", ""sel_10th_pre_bid"": ""-80500"", ""sel_9th_pre_req_pre"": ""0"", ""sel_9th_pre_req"": ""47"", ""sel_9th_pre_bid"": ""-80400"", ""sel_8th_pre_req_pre"": ""0"", ""sel_8th_pre_req"": ""184"", ""sel_8th_pre_bid"": ""-80300"", ""sel_7th_pre_req_pre"": ""0"", ""sel_7th_pre_req"": ""223"", ""sel_7th_pre_bid"": ""-80200"", ""sel_6th_pre_req_pre"": ""0"", ""sel_6th_pre_req"": ""105"", ""sel_6th_pre_bid"": ""-80100"", ""sel_5th_pre_req_pre"": ""0"", ""sel_5th_pre_req"": ""1702"", ""sel_5th_pre_bid"": ""-80000"", ""sel_4th_pre_req_pre"": ""0"", ""sel_4th_pre_req"": ""545"", ""sel_4th_pre_bid"": ""-79900"", ""sel_3th_pre_req_pre"": ""0"", ""sel_3th_pre_req"": ""54"", ""sel_3th_pre_bid"": ""-79800"", ""sel_2th_pre_req_pre"": ""0"", ""sel_2th_pre_req"": ""124"", ""sel_2th_pre_bid"": ""-79700"", ""sel_1th_pre_req_pre"": ""0"", ""sel_fpr_req"": ""93"", ""sel_fpr_bid"": ""-79600"", ""buy_fpr_bid"": ""-79500"", ""buy_fpr_req"": ""54"", ""buy_1th_pre_req_pre"": ""+2"", ""buy_2th_pre_bid"": ""-79400"", ""buy_2th_pre_req"": ""73"", ""buy_2th_pre_req_pre"": ""0"", ""buy_3th_pre_bid"": ""-79300"", ""buy_3th_pre_req"": ""90"", ""buy_3th_pre_req_pre"": ""0"", ""buy_4th_pre_bid"": ""-79200"", ""buy_4th_pre_req"": ""152"", ""buy_4th_pre_req_pre"": ""0"", ""buy_5th_pre_bid"": ""-79100"", ""buy_5th_pre_req"": ""3"", ""buy_5th_pre_req_pre"": ""0"", ""buy_6th_pre_bid"": ""-79000"", ""buy_6th_pre_req"": ""209"", ""buy_6th_pre_req_pre"": ""0"", ""buy_7th_pre_bid"": ""-78900"", ""buy_7th_pre_req"": ""267"", ""buy_7th_pre_req_pre"": ""0"", ""buy_8th_pre_bid"": ""-78800"", ""buy_8th_pre_req"": ""426"", ""buy_8th_pre_req_pre"": ""0"", ""buy_9th_pre_bid"": ""-78700"", ""buy_9th_pre_req"": ""159"", ""buy_9th_pre_req_pre"": ""0"", ""buy_10th_pre_bid"": ""-78600"", ""buy_10th_pre_req"": ""274"", ""buy_10th_pre_req_pre"": ""0"", ""tot_sel_req_jub_pre"": ""0"", ""tot_sel_req"": ""3359"", ""tot_buy_req"": ""1707"", ""tot_buy_req_jub_pre"": ""+2"", ""ovt_sel_req_pre"": ""0"", ""ovt_sel_req"": ""0"", ""ovt_buy_req"": ""0"", ""ovt_buy_req_pre"": ""0"", ""return_code"": 0, ""return_msg"": ""정상적으로 처리되었습니다""}"
2026-06-10,watchlist,000810,,0,filtered_candidate_recheck,621000,,621000,620000,621000,617000,-0.8051529790660225,0.1610305958132045,,,,,,"{""bid_req_base_tm"": ""105701"", ""sel_10th_pre_req_pre"": ""0"", ""sel_10th_pre_req"": ""53"", ""sel_10th_pre_bid"": ""-630000"", ""sel_9th_pre_req_pre"": ""0"", ""sel_9th_pre_req"": ""35"", ""sel_9th_pre_bid"": ""-629000"", ""sel_8th_pre_req_pre"": ""0"", ""sel_8th_pre_req"": ""48"", ""sel_8th_pre_bid"": ""-628000"", ""sel_7th_pre_req_pre"": ""0"", ""sel_7th_pre_req"": ""17"", ""sel_7th_pre_bid"": ""-627000"", ""sel_6th_pre_req_pre"": ""0"", ""sel_6th_pre_req"": ""23"", ""sel_6th_pre_bid"": ""-626000"", ""sel_5th_pre_req_pre"": ""0"", ""sel_5th_pre_req"": ""12"", ""sel_5th_pre_bid"": ""-625000"", ""sel_4th_pre_req_pre"": ""0"", ""sel_4th_pre_req"": ""13"", ""sel_4th_pre_bid"": ""-624000"", ""sel_3th_pre_req_pre"": ""0"", ""sel_3th_pre_req"": ""323"", ""sel_3th_pre_bid"": ""-623000"", ""sel_2th_pre_req_pre"": ""0"", ""sel_2th_pre_req"": ""301"", ""sel_2th_pre_bid"": ""-622000"", ""sel_1th_pre_req_pre"": ""+2"", ""sel_fpr_req"": ""614"", ""sel_fpr_bid"": ""-621000"", ""buy_fpr_bid"": ""-620000"", ""buy_fpr_req"": ""690"", ""buy_1th_pre_req_pre"": ""--9"", ""buy_2th_pre_bid"": ""-619000"", ""buy_2th_pre_req"": ""47"", ""buy_2th_pre_req_pre"": ""0"", ""buy_3th_pre_bid"": ""-618000"", ""buy_3th_pre_req"": ""11"", ""buy_3th_pre_req_pre"": ""0"", ""buy_4th_pre_bid"": ""-617000"", ""buy_4th_pre_req"": ""30"", ""buy_4th_pre_req_pre"": ""0"", ""buy_5th_pre_bid"": ""-616000"", ""buy_5th_pre_req"": ""14"", ""buy_5th_pre_req_pre"": ""0"", ""buy_6th_pre_bid"": ""-615000"", ""buy_6th_pre_req"": ""27"", ""buy_6th_pre_req_pre"": ""0"", ""buy_7th_pre_bid"": ""-614000"", ""buy_7th_pre_req"": ""91"", ""buy_7th_pre_req_pre"": ""0"", ""buy_8th_pre_bid"": ""-613000"", ""buy_8th_pre_req"": ""38"", ""buy_8th_pre_req_pre"": ""0"", ""buy_9th_pre_bid"": ""-612000"", ""buy_9th_pre_req"": ""32"", ""buy_9th_pre_req_pre"": ""0"", ""buy_10th_pre_bid"": ""-611000"", ""buy_10th_pre_req"": ""26"", ""buy_10th_pre_req_pre"": ""0"", ""tot_sel_req_jub_pre"": ""+2"", ""tot_sel_req"": ""1439"", ""tot_buy_req"": ""1006"", ""tot_buy_req_jub_pre"": ""--9"", ""ovt_sel_req_pre"": ""0"", ""ovt_sel_req"": ""0"", ""ovt_buy_req"": ""0"", ""ovt_buy_req_pre"": ""0"", ""return_code"": 0, ""return_msg"": ""정상적으로 처리되었습니다""}"
2026-06-10,watchlist,005930,,0,filtered_candidate_recheck,307500,,307500,307000,307500,308500,0.16260162601626016,0.16260162601626016,,,,,,"{""bid_req_base_tm"": ""105701"", ""sel_10th_pre_req_pre"": ""0"", ""sel_10th_pre_req"": ""25839"", ""sel_10th_pre_bid"": ""-312000"", ""sel_9th_pre_req_pre"": ""0"", ""sel_9th_pre_req"": ""12699"", ""sel_9th_pre_bid"": ""-311500"", ""sel_8th_pre_req_pre"": ""0"", ""sel_8th_pre_req"": ""10590"", ""sel_8th_pre_bid"": ""-311000"", ""sel_7th_pre_req_pre"": ""0"", ""sel_7th_pre_req"": ""24472"", ""sel_7th_pre_bid"": ""-310500"", ""sel_6th_pre_req_pre"": ""0"", ""sel_6th_pre_req"": ""30456"", ""sel_6th_pre_bid"": ""-310000"", ""sel_5th_pre_req_pre"": ""0"", ""sel_5th_pre_req"": ""18483"", ""sel_5th_pre_bid"": ""-309500"", ""sel_4th_pre_req_pre"": ""0"", ""sel_4th_pre_req"": ""12048"", ""sel_4th_pre_bid"": ""-309000"", ""sel_3th_pre_req_pre"": ""0"", ""sel_3th_pre_req"": ""23133"", ""sel_3th_pre_bid"": ""-308500"", ""sel_2th_pre_req_pre"": ""0"", ""sel_2th_pre_req"": ""21202"", ""sel_2th_pre_bid"": ""-308000"", ""sel_1th_pre_req_pre"": ""--41"", ""sel_fpr_req"": ""8813"", ""sel_fpr_bid"": ""-307500"", ""buy_fpr_bid"": ""-307000"", ""buy_fpr_req"": ""18719"", ""buy_1th_pre_req_pre"": ""--7"", ""buy_2th_pre_bid"": ""-306500"", ""buy_2th_pre_req"": ""53819"", ""buy_2th_pre_req_pre"": ""--24"", ""buy_3th_pre_bid"": ""-306000"", ""buy_3th_pre_req"": ""102301"", ""buy_3th_pre_req_pre"": ""0"", ""buy_4th_pre_bid"": ""-305500"", ""buy_4th_pre_req"": ""106316"", ""buy_4th_pre_req_pre"": ""--6"", ""buy_5th_pre_bid"": ""-305000"", ""buy_5th_pre_req"": ""234412"", ""buy_5th_pre_req_pre"": ""0"", ""buy_6th_pre_bid"": ""-304500"", ""buy_6th_pre_req"": ""32748"", ""buy_6th_pre_req_pre"": ""0"", ""buy_7th_pre_bid"": ""-304000"", ""buy_7th_pre_req"": ""46300"", ""buy_7th_pre_req_pre"": ""0"", ""buy_8th_pre_bid"": ""-303500"", ""buy_8th_pre_req"": ""47343"", ""buy_8th_pre_req_pre"": ""0"", ""buy_9th_pre_bid"": ""-303000"", ""buy_9th_pre_req"": ""80647"", ""buy_9th_pre_req_pre"": ""0"", ""buy_10th_pre_bid"": ""-302500"", ""buy_10th_pre_req"": ""49059"", ""buy_10th_pre_req_pre"": ""0"", ""tot_sel_req_jub_pre"": ""--41"", ""tot_sel_req"": ""187735"", ""tot_buy_req"": ""771664"", ""tot_buy_req_jub_pre"": ""--37"", ""ovt_sel_req_pre"": ""0"", ""ovt_sel_req"": ""0"", ""ovt_buy_req"": ""0"", ""ovt_buy_req_pre"": ""0"", ""return_code"": 0, ""return_msg"": ""정상적으로 처리되었습니다""}"
2026-06-10,watchlist,000370,,0,filtered_candidate_recheck,6500,,6500,6490,6500,6490,-0.3076923076923077,0.15384615384615385,,,,,,"{""bid_req_base_tm"": ""105701"", ""sel_10th_pre_req_pre"": ""0"", ""sel_10th_pre_req"": ""311"", ""sel_10th_pre_bid"": ""+6590"", ""sel_9th_pre_req_pre"": ""0"", ""sel_9th_pre_req"": ""111"", ""sel_9th_pre_bid"": ""+6580"", ""sel_8th_pre_req_pre"": ""0"", ""sel_8th_pre_req"": ""752"", ""sel_8th_pre_bid"": ""+6570"", ""sel_7th_pre_req_pre"": ""0"", ""sel_7th_pre_req"": ""3"", ""sel_7th_pre_bid"": ""+6560"", ""sel_6th_pre_req_pre"": ""0"", ""sel_6th_pre_req"": ""1482"", ""sel_6th_pre_bid"": ""+6550"", ""sel_5th_pre_req_pre"": ""0"", ""sel_5th_pre_req"": ""16"", ""sel_5th_pre_bid"": ""+6540"", ""sel_4th_pre_req_pre"": ""0"", ""sel_4th_pre_req"": ""209"", ""sel_4th_pre_bid"": ""+6530"", ""sel_3th_pre_req_pre"": ""0"", ""sel_3th_pre_req"": ""391"", ""sel_3th_pre_bid"": ""+6520"", ""sel_2th_pre_req_pre"": ""0"", ""sel_2th_pre_req"": ""812"", ""sel_2th_pre_bid"": ""+6510"", ""sel_1th_pre_req_pre"": ""0"", ""sel_fpr_req"": ""907"", ""sel_fpr_bid"": ""+6500"", ""buy_fpr_bid"": ""+6490"", ""buy_fpr_req"": ""231"", ""buy_1th_pre_req_pre"": ""0"", ""buy_2th_pre_bid"": ""+6480"", ""buy_2th_pre_req"": ""469"", ""buy_2th_pre_req_pre"": ""0"", ""buy_3th_pre_bid"": ""+6470"", ""buy_3th_pre_req"": ""125"", ""buy_3th_pre_req_pre"": ""+10"", ""buy_4th_pre_bid"": ""+6460"", ""buy_4th_pre_req"": ""133"", ""buy_4th_pre_req_pre"": ""0"", ""buy_5th_pre_bid"": ""6450"", ""buy_5th_pre_req"": ""310"", ""buy_5th_pre_req_pre"": ""0"", ""buy_6th_pre_bid"": ""-6440"", ""buy_6th_pre_req"": ""130"", ""buy_6th_pre_req_pre"": ""0"", ""buy_7th_pre_bid"": ""-6430"", ""buy_7th_pre_req"": ""53"", ""buy_7th_pre_req_pre"": ""0"", ""buy_8th_pre_bid"": ""-6420"", ""buy_8th_pre_req"": ""156"", ""buy_8th_pre_req_pre"": ""0"", ""buy_9th_pre_bid"": ""-6410"", ""buy_9th_pre_req"": ""254"", ""buy_9th_pre_req_pre"": ""0"", ""buy_10th_pre_bid"": ""-6400"", ""buy_10th_pre_req"": ""4220"", ""buy_10th_pre_req_pre"": ""0"", ""tot_sel_req_jub_pre"": ""0"", ""tot_sel_req"": ""4994"", ""tot_buy_req"": ""6081"", ""tot_buy_req_jub_pre"": ""+10"", ""ovt_sel_req_pre"": ""0"", ""ovt_sel_req"": ""0"", ""ovt_buy_req"": ""0"", ""ovt_buy_req_pre"": ""0"", ""return_code"": 0, ""return_msg"": ""정상적으로 처리되었습니다""}"
2026-06-10,watchlist,064400,,0,filtered_candidate_recheck,96200,,96200,96000,96200,96300,0.0,0.2079002079002079,,,,,,"{""bid_req_base_tm"": ""105701"", ""sel_10th_pre_req_pre"": ""0"", ""sel_10th_pre_req"": ""137"", ""sel_10th_pre_bid"": ""-97100"", ""sel_9th_pre_req_pre"": ""0"", ""sel_9th_pre_req"": ""1751"", ""sel_9th_pre_bid"": ""-97000"", ""sel_8th_pre_req_pre"": ""0"", ""sel_8th_pre_req"": ""444"", ""sel_8th_pre_bid"": ""-96900"", ""sel_7th_pre_req_pre"": ""0"", ""sel_7th_pre_req"": ""177"", ""sel_7th_pre_bid"": ""-96800"", ""sel_6th_pre_req_pre"": ""0"", ""sel_6th_pre_req"": ""302"", ""sel_6th_pre_bid"": ""-96700"", ""sel_5th_pre_req_pre"": ""0"", ""sel_5th_pre_req"": ""120"", ""sel_5th_pre_bid"": ""-96600"", ""sel_4th_pre_req_pre"": ""0"", ""sel_4th_pre_req"": ""551"", ""sel_4th_pre_bid"": ""-96500"", ""sel_3th_pre_req_pre"": ""0"", ""sel_3th_pre_req"": ""262"", ""sel_3th_pre_bid"": ""-96400"", ""sel_2th_pre_req_pre"": ""0"", ""sel_2th_pre_req"": ""1232"", ""sel_2th_pre_bid"": ""-96300"", ""sel_1th_pre_req_pre"": ""0"", ""sel_fpr_req"": ""533"", ""sel_fpr_bid"": ""-96200"", ""buy_fpr_bid"": ""-96000"", ""buy_fpr_req"": ""290"", ""buy_1th_pre_req_pre"": ""0"", ""buy_2th_pre_bid"": ""-95900"", ""buy_2th_pre_req"": ""779"", ""buy_2th_pre_req_pre"": ""0"", ""buy_3th_pre_bid"": ""-95800"", ""buy_3th_pre_req"": ""1842"", ""buy_3th_pre_req_pre"": ""0"", ""buy_4th_pre_bid"": ""-95700"", ""buy_4th_pre_req"": ""999"", ""buy_4th_pre_req_pre"": ""0"", ""buy_5th_pre_bid"": ""-95600"", ""buy_5th_pre_req"": ""1281"", ""buy_5th_pre_req_pre"": ""0"", ""buy_6th_pre_bid"": ""-95500"", ""buy_6th_pre_req"": ""1880"", ""buy_6th_pre_req_pre"": ""0"", ""buy_7th_pre_bid"": ""-95400"", ""buy_7th_pre_req"": ""1802"", ""buy_7th_pre_req_pre"": ""0"", ""buy_8th_pre_bid"": ""-95300"", ""buy_8th_pre_req"": ""2510"", ""buy_8th_pre_req_pre"": ""0"", ""buy_9th_pre_bid"": ""-95200"", ""buy_9th_pre_req"": ""3132"", ""buy_9th_pre_req_pre"": ""0"", ""buy_10th_pre_bid"": ""-95100"", ""buy_10th_pre_req"": ""3502"", ""buy_10th_pre_req_pre"": ""0"", ""tot_sel_req_jub_pre"": ""0"", ""tot_sel_req"": ""5509"", ""tot_buy_req"": ""18017"", ""tot_buy_req_jub_pre"": ""0"", ""ovt_sel_req_pre"": ""0"", ""ovt_sel_req"": ""0"", ""ovt_buy_req"": ""0"", ""ovt_buy_req_pre"": ""0"", ""return_code"": 0, ""return_msg"": ""정상적으로 처리되었습니다""}"
2026-06-10,watchlist,009420,,0,filtered_candidate_recheck,50600,,50600,50500,50600,50600,-0.1976284584980237,0.1976284584980237,,,,,,"{""bid_req_base_tm"": ""105659"", ""sel_10th_pre_req_pre"": ""0"", ""sel_10th_pre_req"": ""41"", ""sel_10th_pre_bid"": ""-51500"", ""sel_9th_pre_req_pre"": ""0"", ""sel_9th_pre_req"": ""313"", ""sel_9th_pre_bid"": ""-51400"", ""sel_8th_pre_req_pre"": ""0"", ""sel_8th_pre_req"": ""461"", ""sel_8th_pre_bid"": ""-51300"", ""sel_7th_pre_req_pre"": ""0"", ""sel_7th_pre_req"": ""641"", ""sel_7th_pre_bid"": ""-51200"", ""sel_6th_pre_req_pre"": ""0"", ""sel_6th_pre_req"": ""77"", ""sel_6th_pre_bid"": ""-51100"", ""sel_5th_pre_req_pre"": ""0"", ""sel_5th_pre_req"": ""162"", ""sel_5th_pre_bid"": ""-51000"", ""sel_4th_pre_req_pre"": ""0"", ""sel_4th_pre_req"": ""250"", ""sel_4th_pre_bid"": ""-50900"", ""sel_3th_pre_req_pre"": ""+32"", ""sel_3th_pre_req"": ""169"", ""sel_3th_pre_bid"": ""-50800"", ""sel_2th_pre_req_pre"": ""0"", ""sel_2th_pre_req"": ""140"", ""sel_2th_pre_bid"": ""-50700"", ""sel_1th_pre_req_pre"": ""0"", ""sel_fpr_req"": ""34"", ""sel_fpr_bid"": ""-50600"", ""buy_fpr_bid"": ""-50500"", ""buy_fpr_req"": ""186"", ""buy_1th_pre_req_pre"": ""0"", ""buy_2th_pre_bid"": ""-50400"", ""buy_2th_pre_req"": ""49"", ""buy_2th_pre_req_pre"": ""0"", ""buy_3th_pre_bid"": ""-50300"", ""buy_3th_pre_req"": ""8"", ""buy_3th_pre_req_pre"": ""0"", ""buy_4th_pre_bid"": ""-50200"", ""buy_4th_pre_req"": ""256"", ""buy_4th_pre_req_pre"": ""0"", ""buy_5th_pre_bid"": ""-50100"", ""buy_5th_pre_req"": ""189"", ""buy_5th_pre_req_pre"": ""0"", ""buy_6th_pre_bid"": ""-50000"", ""buy_6th_pre_req"": ""668"", ""buy_6th_pre_req_pre"": ""0"", ""buy_7th_pre_bid"": ""-49950"", ""buy_7th_pre_req"": ""365"", ""buy_7th_pre_req_pre"": ""0"", ""buy_8th_pre_bid"": ""-49900"", ""buy_8th_pre_req"": ""376"", ""buy_8th_pre_req_pre"": ""0"", ""buy_9th_pre_bid"": ""-49850"", ""buy_9th_pre_req"": ""559"", ""buy_9th_pre_req_pre"": ""0"", ""buy_10th_pre_bid"": ""-49800"", ""buy_10th_pre_req"": ""540"", ""buy_10th_pre_req_pre"": ""0"", ""tot_sel_req_jub_pre"": ""+32"", ""tot_sel_req"": ""2288"", ""tot_buy_req"": ""3196"", ""tot_buy_req_jub_pre"": ""0"", ""ovt_sel_req_pre"": ""0"", ""ovt_sel_req"": ""0"", ""ovt_buy_req"": ""0"", ""ovt_buy_req_pre"": ""0"", ""return_code"": 0, ""return_msg"": ""정상적으로 처리되었습니다""}"
2026-06-10,watchlist,383220,,0,filtered_candidate_recheck,75600,,75600,75200,75600,75300,-0.5291005291005291,0.5291005291005291,,,,,,"{""bid_req_base_tm"": ""105700"", ""sel_10th_pre_req_pre"": ""0"", ""sel_10th_pre_req"": ""31"", ""sel_10th_pre_bid"": ""+76600"", ""sel_9th_pre_req_pre"": ""0"", ""sel_9th_pre_req"": ""4"", ""sel_9th_pre_bid"": ""+76500"", ""sel_8th_pre_req_pre"": ""0"", ""sel_8th_pre_req"": ""2"", ""sel_8th_pre_bid"": ""+76400"", ""sel_7th_pre_req_pre"": ""0"", ""sel_7th_pre_req"": ""100"", ""sel_7th_pre_bid"": ""+76300"", ""sel_6th_pre_req_pre"": ""0"", ""sel_6th_pre_req"": ""5"", ""sel_6th_pre_bid"": ""+76200"", ""sel_5th_pre_req_pre"": ""0"", ""sel_5th_pre_req"": ""122"", ""sel_5th_pre_bid"": ""+76000"", ""sel_4th_pre_req_pre"": ""0"", ""sel_4th_pre_req"": ""159"", ""sel_4th_pre_bid"": ""+75900"", ""sel_3th_pre_req_pre"": ""0"", ""sel_3th_pre_req"": ""33"", ""sel_3th_pre_bid"": ""+75800"", ""sel_2th_pre_req_pre"": ""0"", ""sel_2th_pre_req"": ""10"", ""sel_2th_pre_bid"": ""+75700"", ""sel_1th_pre_req_pre"": ""0"", ""sel_fpr_req"": ""17"", ""sel_fpr_bid"": ""+75600"", ""buy_fpr_bid"": ""+75200"", ""buy_fpr_req"": ""22"", ""buy_1th_pre_req_pre"": ""+5"", ""buy_2th_pre_bid"": ""+75100"", ""buy_2th_pre_req"": ""36"", ""buy_2th_pre_req_pre"": ""0"", ""buy_3th_pre_bid"": ""+75000"", ""buy_3th_pre_req"": ""22"", ""buy_3th_pre_req_pre"": ""+1"", ""buy_4th_pre_bid"": ""+74900"", ""buy_4th_pre_req"": ""30"", ""buy_4th_pre_req_pre"": ""0"", ""buy_5th_pre_bid"": ""+74800"", ""buy_5th_pre_req"": ""17"", ""buy_5th_pre_req_pre"": ""0"", ""buy_6th_pre_bid"": ""+74700"", ""buy_6th_pre_req"": ""110"", ""buy_6th_pre_req_pre"": ""0"", ""buy_7th_pre_bid"": ""74600"", ""buy_7th_pre_req"": ""41"", ""buy_7th_pre_req_pre"": ""0"", ""buy_8th_pre_bid"": ""-74500"", ""buy_8th_pre_req"": ""27"", ""buy_8th_pre_req_pre"": ""0"", ""buy_9th_pre_bid"": ""-74400"", ""buy_9th_pre_req"": ""40"", ""buy_9th_pre_req_pre"": ""0"", ""buy_10th_pre_bid"": ""-74300"", ""buy_10th_pre_req"": ""10"", ""buy_10th_pre_req_pre"": ""0"", ""tot_sel_req_jub_pre"": ""0"", ""tot_sel_req"": ""483"", ""tot_buy_req"": ""355"", ""tot_buy_req_jub_pre"": ""+6"", ""ovt_sel_req_pre"": ""0"", ""ovt_sel_req"": ""0"", ""ovt_buy_req"": ""0"", ""ovt_buy_req_pre"": ""0"", ""return_code"": 0, ""return_msg"": ""정상적으로 처리되었습니다""}"
2026-06-10,watchlist,004170,,0,filtered_candidate_recheck,682000,,682000,681000,682000,679000,-0.5865102639296188,0.1466275659824047,,,,,,"{""bid_req_base_tm"": ""105702"", ""sel_10th_pre_req_pre"": ""0"", ""sel_10th_pre_req"": ""202"", ""sel_10th_pre_bid"": ""+693000"", ""sel_9th_pre_req_pre"": ""0"", ""sel_9th_pre_req"": ""39"", ""sel_9th_pre_bid"": ""+692000"", ""sel_8th_pre_req_pre"": ""0"", ""sel_8th_pre_req"": ""823"", ""sel_8th_pre_bid"": ""+691000"", ""sel_7th_pre_req_pre"": ""0"", ""sel_7th_pre_req"": ""232"", ""sel_7th_pre_bid"": ""+690000"", ""sel_6th_pre_req_pre"": ""0"", ""sel_6th_pre_req"": ""83"", ""sel_6th_pre_bid"": ""+689000"", ""sel_5th_pre_req_pre"": ""0"", ""sel_5th_pre_req"": ""56"", ""sel_5th_pre_bid"": ""+688000"", ""sel_4th_pre_req_pre"": ""+10"", ""sel_4th_pre_req"": ""18"", ""sel_4th_pre_bid"": ""+686000"", ""sel_3th_pre_req_pre"": ""0"", ""sel_3th_pre_req"": ""16"", ""sel_3th_pre_bid"": ""+685000"", ""sel_2th_pre_req_pre"": ""0"", ""sel_2th_pre_req"": ""11"", ""sel_2th_pre_bid"": ""+683000"", ""sel_1th_pre_req_pre"": ""--10"", ""sel_fpr_req"": ""22"", ""sel_fpr_bid"": ""+682000"", ""buy_fpr_bid"": ""+681000"", ""buy_fpr_req"": ""28"", ""buy_1th_pre_req_pre"": ""0"", ""buy_2th_pre_bid"": ""+680000"", ""buy_2th_pre_req"": ""64"", ""buy_2th_pre_req_pre"": ""0"", ""buy_3th_pre_bid"": ""+677000"", ""buy_3th_pre_req"": ""42"", ""buy_3th_pre_req_pre"": ""0"", ""buy_4th_pre_bid"": ""+675000"", ""buy_4th_pre_req"": ""10"", ""buy_4th_pre_req_pre"": ""0"", ""buy_5th_pre_bid"": ""+673000"", ""buy_5th_pre_req"": ""25"", ""buy_5th_pre_req_pre"": ""0"", ""buy_6th_pre_bid"": ""+672000"", ""buy_6th_pre_req"": ""22"", ""buy_6th_pre_req_pre"": ""0"", ""buy_7th_pre_bid"": ""+671000"", ""buy_7th_pre_req"": ""105"", ""buy_7th_pre_req_pre"": ""0"", ""buy_8th_pre_bid"": ""+670000"", ""buy_8th_pre_req"": ""125"", ""buy_8th_pre_req_pre"": ""0"", ""buy_9th_pre_bid"": ""+669000"", ""buy_9th_pre_req"": ""116"", ""buy_9th_pre_req_pre"": ""0"", ""buy_10th_pre_bid"": ""+668000"", ""buy_10th_pre_req"": ""17"", ""buy_10th_pre_req_pre"": ""0"", ""tot_sel_req_jub_pre"": ""+192"", ""tot_sel_req"": ""1502"", ""tot_buy_req"": ""554"", ""tot_buy_req_jub_pre"": ""0"", ""ovt_sel_req_pre"": ""0"", ""ovt_sel_req"": ""0"", ""ovt_buy_req"": ""0"", ""ovt_buy_req_pre"": ""0"", ""return_code"": 0, ""return_msg"": ""정상적으로 처리되었습니다""}"
2026-06-10,watchlist,018260,,1,filtered_candidate_recheck,232500,,232500,231500,232500,234000,0.43010752688172044,0.43010752688172044,,,,,,"{""bid_req_base_tm"": ""105702"", ""sel_10th_pre_req_pre"": ""0"", ""sel_10th_pre_req"": ""804"", ""sel_10th_pre_bid"": ""-237000"", ""sel_9th_pre_req_pre"": ""0"", ""sel_9th_pre_req"": ""211"", ""sel_9th_pre_bid"": ""-236500"", ""sel_8th_pre_req_pre"": ""0"", ""sel_8th_pre_req"": ""315"", ""sel_8th_pre_bid"": ""-236000"", ""sel_7th_pre_req_pre"": ""0"", ""sel_7th_pre_req"": ""222"", ""sel_7th_pre_bid"": ""-235500"", ""sel_6th_pre_req_pre"": ""0"", ""sel_6th_pre_req"": ""133"", ""sel_6th_pre_bid"": ""-235000"", ""sel_5th_pre_req_pre"": ""0"", ""sel_5th_pre_req"": ""199"", ""sel_5th_pre_bid"": ""-234500"", ""sel_4th_pre_req_pre"": ""0"", ""sel_4th_pre_req"": ""215"", ""sel_4th_pre_bid"": ""-234000"", ""sel_3th_pre_req_pre"": ""0"", ""sel_3th_pre_req"": ""65"", ""sel_3th_pre_bid"": ""-233500"", ""sel_2th_pre_req_pre"": ""0"", ""sel_2th_pre_req"": ""192"", ""sel_2th_pre_bid"": ""-233000"", ""sel_1th_pre_req_pre"": ""0"", ""sel_fpr_req"": ""93"", ""sel_fpr_bid"": ""-232500"", ""buy_fpr_bid"": ""-231500"", ""buy_fpr_req"": ""954"", ""buy_1th_pre_req_pre"": ""0"", ""buy_2th_pre_bid"": ""-231000"", ""buy_2th_pre_req"": ""3001"", ""buy_2th_pre_req_pre"": ""0"", ""buy_3th_pre_bid"": ""-230500"", ""buy_3th_pre_req"": ""2125"", ""buy_3th_pre_req_pre"": ""0"", ""buy_4th_pre_bid"": ""-230000"", ""buy_4th_pre_req"": ""5080"", ""buy_4th_pre_req_pre"": ""0"", ""buy_5th_pre_bid"": ""-229500"", ""buy_5th_pre_req"": ""991"", ""buy_5th_pre_req_pre"": ""0"", ""buy_6th_pre_bid"": ""-229000"", ""buy_6th_pre_req"": ""1548"", ""buy_6th_pre_req_pre"": ""0"", ""buy_7th_pre_bid"": ""-228500"", ""buy_7th_pre_req"": ""944"", ""buy_7th_pre_req_pre"": ""0"", ""buy_8th_pre_bid"": ""-228000"", ""buy_8th_pre_req"": ""1959"", ""buy_8th_pre_req_pre"": ""0"", ""buy_9th_pre_bid"": ""-227500"", ""buy_9th_pre_req"": ""1545"", ""buy_9th_pre_req_pre"": ""0"", ""buy_10th_pre_bid"": ""-227000"", ""buy_10th_pre_req"": ""3175"", ""buy_10th_pre_req_pre"": ""--1"", ""tot_sel_req_jub_pre"": ""0"", ""tot_sel_req"": ""2449"", ""tot_buy_req"": ""21322"", ""tot_buy_req_jub_pre"": ""--1"", ""ovt_sel_req_pre"": ""0"", ""ovt_sel_req"": ""0"", ""ovt_buy_req"": ""0"", ""ovt_buy_req_pre"": ""0"", ""return_code"": 0, ""return_msg"": ""정상적으로 처리되었습니다""}"
2026-06-10,watchlist,161390,,1,filtered_candidate_recheck,71000,,71000,70900,71000,70900,-0.28169014084507044,0.14084507042253522,,,,,,"{""bid_req_base_tm"": ""105659"", ""sel_10th_pre_req_pre"": ""0"", ""sel_10th_pre_req"": ""325"", ""sel_10th_pre_bid"": ""-71900"", ""sel_9th_pre_req_pre"": ""0"", ""sel_9th_pre_req"": ""144"", ""sel_9th_pre_bid"": ""-71800"", ""sel_8th_pre_req_pre"": ""0"", ""sel_8th_pre_req"": ""11"", ""sel_8th_pre_bid"": ""-71700"", ""sel_7th_pre_req_pre"": ""0"", ""sel_7th_pre_req"": ""17"", ""sel_7th_pre_bid"": ""-71600"", ""sel_6th_pre_req_pre"": ""0"", ""sel_6th_pre_req"": ""57"", ""sel_6th_pre_bid"": ""-71500"", ""sel_5th_pre_req_pre"": ""0"", ""sel_5th_pre_req"": ""29"", ""sel_5th_pre_bid"": ""-71400"", ""sel_4th_pre_req_pre"": ""0"", ""sel_4th_pre_req"": ""28"", ""sel_4th_pre_bid"": ""-71300"", ""sel_3th_pre_req_pre"": ""+4"", ""sel_3th_pre_req"": ""98"", ""sel_3th_pre_bid"": ""-71200"", ""sel_2th_pre_req_pre"": ""0"", ""sel_2th_pre_req"": ""421"", ""sel_2th_pre_bid"": ""-71100"", ""sel_1th_pre_req_pre"": ""0"", ""sel_fpr_req"": ""1737"", ""sel_fpr_bid"": ""-71000"", ""buy_fpr_bid"": ""-70900"", ""buy_fpr_req"": ""1358"", ""buy_1th_pre_req_pre"": ""0"", ""buy_2th_pre_bid"": ""-70800"", ""buy_2th_pre_req"": ""101"", ""buy_2th_pre_req_pre"": ""0"", ""buy_3th_pre_bid"": ""-70700"", ""buy_3th_pre_req"": ""157"", ""buy_3th_pre_req_pre"": ""0"", ""buy_4th_pre_bid"": ""-70600"", ""buy_4th_pre_req"": ""2"", ""buy_4th_pre_req_pre"": ""0"", ""buy_5th_pre_bid"": ""-70500"", ""buy_5th_pre_req"": ""251"", ""buy_5th_pre_req_pre"": ""0"", ""buy_6th_pre_bid"": ""-70400"", ""buy_6th_pre_req"": ""75"", ""buy_6th_pre_req_pre"": ""0"", ""buy_7th_pre_bid"": ""-70300"", ""buy_7th_pre_req"": ""203"", ""buy_7th_pre_req_pre"": ""0"", ""buy_8th_pre_bid"": ""-70200"", ""buy_8th_pre_req"": ""57"", ""buy_8th_pre_req_pre"": ""0"", ""buy_9th_pre_bid"": ""-70100"", ""buy_9th_pre_req"": ""213"", ""buy_9th_pre_req_pre"": ""0"", ""buy_10th_pre_bid"": ""-70000"", ""buy_10th_pre_req"": ""165"", ""buy_10th_pre_req_pre"": ""0"", ""tot_sel_req_jub_pre"": ""+4"", ""tot_sel_req"": ""2867"", ""tot_buy_req"": ""2582"", ""tot_buy_req_jub_pre"": ""0"", ""ovt_sel_req_pre"": ""0"", ""ovt_sel_req"": ""0"", ""ovt_buy_req"": ""0"", ""ovt_buy_req_pre"": ""0"", ""return_code"": 0, ""return_msg"": ""정상적으로 처리되었습니다""}"
2026-06-10,watchlist,078930,,0,filtered_candidate_recheck,74200,,74200,74100,74200,73900,-0.5390835579514826,0.13477088948787064,,,,,,"{""bid_req_base_tm"": ""105701"", ""sel_10th_pre_req_pre"": ""+3"", ""sel_10th_pre_req"": ""15"", ""sel_10th_pre_bid"": ""+75100"", ""sel_9th_pre_req_pre"": ""0"", ""sel_9th_pre_req"": ""1076"", ""sel_9th_pre_bid"": ""+75000"", ""sel_8th_pre_req_pre"": ""0"", ""sel_8th_pre_req"": ""63"", ""sel_8th_pre_bid"": ""+74900"", ""sel_7th_pre_req_pre"": ""0"", ""sel_7th_pre_req"": ""4"", ""sel_7th_pre_bid"": ""+74800"", ""sel_6th_pre_req_pre"": ""0"", ""sel_6th_pre_req"": ""237"", ""sel_6th_pre_bid"": ""+74700"", ""sel_5th_pre_req_pre"": ""0"", ""sel_5th_pre_req"": ""104"", ""sel_5th_pre_bid"": ""+74600"", ""sel_4th_pre_req_pre"": ""0"", ""sel_4th_pre_req"": ""737"", ""sel_4th_pre_bid"": ""+74500"", ""sel_3th_pre_req_pre"": ""0"", ""sel_3th_pre_req"": ""128"", ""sel_3th_pre_bid"": ""+74400"", ""sel_2th_pre_req_pre"": ""0"", ""sel_2th_pre_req"": ""151"", ""sel_2th_pre_bid"": ""+74300"", ""sel_1th_pre_req_pre"": ""0"", ""sel_fpr_req"": ""188"", ""sel_fpr_bid"": ""+74200"", ""buy_fpr_bid"": ""+74100"", ""buy_fpr_req"": ""189"", ""buy_1th_pre_req_pre"": ""0"", ""buy_2th_pre_bid"": ""+74000"", ""buy_2th_pre_req"": ""67"", ""buy_2th_pre_req_pre"": ""0"", ""buy_3th_pre_bid"": ""+73900"", ""buy_3th_pre_req"": ""654"", ""buy_3th_pre_req_pre"": ""0"", ""buy_4th_pre_bid"": ""73800"", ""buy_4th_pre_req"": ""88"", ""buy_4th_pre_req_pre"": ""0"", ""buy_5th_pre_bid"": ""-73700"", ""buy_5th_pre_req"": ""77"", ""buy_5th_pre_req_pre"": ""0"", ""buy_6th_pre_bid"": ""-73600"", ""buy_6th_pre_req"": ""66"", ""buy_6th_pre_req_pre"": ""0"", ""buy_7th_pre_bid"": ""-73400"", ""buy_7th_pre_req"": ""1"", ""buy_7th_pre_req_pre"": ""0"", ""buy_8th_pre_bid"": ""-73300"", ""buy_8th_pre_req"": ""30"", ""buy_8th_pre_req_pre"": ""0"", ""buy_9th_pre_bid"": ""-73200"", ""buy_9th_pre_req"": ""5"", ""buy_9th_pre_req_pre"": ""0"", ""buy_10th_pre_bid"": ""-73100"", ""buy_10th_pre_req"": ""150"", ""buy_10th_pre_req_pre"": ""0"", ""tot_sel_req_jub_pre"": ""+3"", ""tot_sel_req"": ""2703"", ""tot_buy_req"": ""1327"", ""tot_buy_req_jub_pre"": ""0"", ""ovt_sel_req_pre"": ""0"", ""ovt_sel_req"": ""0"", ""ovt_buy_req"": ""0"", ""ovt_buy_req_pre"": ""0"", ""return_code"": 0, ""return_msg"": ""정상적으로 처리되었습니다""}"
2026-06-10,watchlist,462870,,0,filtered_candidate_recheck,31650,,31650,31600,31650,31550,-0.47393364928909953,0.1579778830963665,,,,,,"{""bid_req_base_tm"": ""105703"", ""sel_10th_pre_req_pre"": ""0"", ""sel_10th_pre_req"": ""13"", ""sel_10th_pre_bid"": ""-32100"", ""sel_9th_pre_req_pre"": ""0"", ""sel_9th_pre_req"": ""76"", ""sel_9th_pre_bid"": ""-32050"", ""sel_8th_pre_req_pre"": ""0"", ""sel_8th_pre_req"": ""156"", ""sel_8th_pre_bid"": ""-32000"", ""sel_7th_pre_req_pre"": ""0"", ""sel_7th_pre_req"": ""40"", ""sel_7th_pre_bid"": ""-31950"", ""sel_6th_pre_req_pre"": ""0"", ""sel_6th_pre_req"": ""128"", ""sel_6th_pre_bid"": ""-31900"", ""sel_5th_pre_req_pre"": ""0"", ""sel_5th_pre_req"": ""2"", ""sel_5th_pre_bid"": ""-31850"", ""sel_4th_pre_req_pre"": ""0"", ""sel_4th_pre_req"": ""18"", ""sel_4th_pre_bid"": ""-31800"", ""sel_3th_pre_req_pre"": ""0"", ""sel_3th_pre_req"": ""21"", ""sel_3th_pre_bid"": ""-31750"", ""sel_2th_pre_req_pre"": ""0"", ""sel_2th_pre_req"": ""82"", ""sel_2th_pre_bid"": ""-31700"", ""sel_1th_pre_req_pre"": ""--5"", ""sel_fpr_req"": ""84"", ""sel_fpr_bid"": ""-31650"", ""buy_fpr_bid"": ""-31600"", ""buy_fpr_req"": ""34"", ""buy_1th_pre_req_pre"": ""0"", ""buy_2th_pre_bid"": ""-31550"", ""buy_2th_pre_req"": ""1"", ""buy_2th_pre_req_pre"": ""0"", ""buy_3th_pre_bid"": ""-31500"", ""buy_3th_pre_req"": ""37"", ""buy_3th_pre_req_pre"": ""0"", ""buy_4th_pre_bid"": ""-31450"", ""buy_4th_pre_req"": ""20"", ""buy_4th_pre_req_pre"": ""0"", ""buy_5th_pre_bid"": ""-31400"", ""buy_5th_pre_req"": ""51"", ""buy_5th_pre_req_pre"": ""0"", ""buy_6th_pre_bid"": ""-31350"", ""buy_6th_pre_req"": ""36"", ""buy_6th_pre_req_pre"": ""0"", ""buy_7th_pre_bid"": ""-31300"", ""buy_7th_pre_req"": ""42"", ""buy_7th_pre_req_pre"": ""0"", ""buy_8th_pre_bid"": ""-31250"", ""buy_8th_pre_req"": ""21"", ""buy_8th_pre_req_pre"": ""0"", ""buy_9th_pre_bid"": ""-31200"", ""buy_9th_pre_req"": ""68"", ""buy_9th_pre_req_pre"": ""0"", ""buy_10th_pre_bid"": ""-31150"", ""buy_10th_pre_req"": ""79"", ""buy_10th_pre_req_pre"": ""0"", ""tot_sel_req_jub_pre"": ""--5"", ""tot_sel_req"": ""620"", ""tot_buy_req"": ""389"", ""tot_buy_req_jub_pre"": ""0"", ""ovt_sel_req_pre"": ""0"", ""ovt_sel_req"": ""0"", ""ovt_buy_req"": ""0"", ""ovt_buy_req_pre"": ""0"", ""return_code"": 0, ""return_msg"": ""정상적으로 처리되었습니다""}"
2026-06-10,watchlist,055550,,0,filtered_candidate_recheck,99400,,99400,99300,99400,99700,0.2012072434607646,0.1006036217303823,,,,,,"{""bid_req_base_tm"": ""105703"", ""sel_10th_pre_req_pre"": ""0"", ""sel_10th_pre_req"": ""1510"", ""sel_10th_pre_bid"": ""-100300"", ""sel_9th_pre_req_pre"": ""0"", ""sel_9th_pre_req"": ""352"", ""sel_9th_pre_bid"": ""-100200"", ""sel_8th_pre_req_pre"": ""0"", ""sel_8th_pre_req"": ""392"", ""sel_8th_pre_bid"": ""-100100"", ""sel_7th_pre_req_pre"": ""0"", ""sel_7th_pre_req"": ""30"", ""sel_7th_pre_bid"": ""-100000"", ""sel_6th_pre_req_pre"": ""0"", ""sel_6th_pre_req"": ""259"", ""sel_6th_pre_bid"": ""-99900"", ""sel_5th_pre_req_pre"": ""0"", ""sel_5th_pre_req"": ""354"", ""sel_5th_pre_bid"": ""-99800"", ""sel_4th_pre_req_pre"": ""0"", ""sel_4th_pre_req"": ""930"", ""sel_4th_pre_bid"": ""-99700"", ""sel_3th_pre_req_pre"": ""0"", ""sel_3th_pre_req"": ""418"", ""sel_3th_pre_bid"": ""-99600"", ""sel_2th_pre_req_pre"": ""0"", ""sel_2th_pre_req"": ""53"", ""sel_2th_pre_bid"": ""-99500"", ""sel_1th_pre_req_pre"": ""0"", ""sel_fpr_req"": ""676"", ""sel_fpr_bid"": ""-99400"", ""buy_fpr_bid"": ""-99300"", ""buy_fpr_req"": ""918"", ""buy_1th_pre_req_pre"": ""+311"", ""buy_2th_pre_bid"": ""-99200"", ""buy_2th_pre_req"": ""1041"", ""buy_2th_pre_req_pre"": ""0"", ""buy_3th_pre_bid"": ""-99100"", ""buy_3th_pre_req"": ""5075"", ""buy_3th_pre_req_pre"": ""0"", ""buy_4th_pre_bid"": ""-99000"", ""buy_4th_pre_req"": ""452"", ""buy_4th_pre_req_pre"": ""0"", ""buy_5th_pre_bid"": ""-98900"", ""buy_5th_pre_req"": ""408"", ""buy_5th_pre_req_pre"": ""0"", ""buy_6th_pre_bid"": ""-98800"", ""buy_6th_pre_req"": ""282"", ""buy_6th_pre_req_pre"": ""0"", ""buy_7th_pre_bid"": ""-98700"", ""buy_7th_pre_req"": ""996"", ""buy_7th_pre_req_pre"": ""0"", ""buy_8th_pre_bid"": ""-98600"", ""buy_8th_pre_req"": ""260"", ""buy_8th_pre_req_pre"": ""0"", ""buy_9th_pre_bid"": ""-98500"", ""buy_9th_pre_req"": ""741"", ""buy_9th_pre_req_pre"": ""0"", ""buy_10th_pre_bid"": ""-98400"", ""buy_10th_pre_req"": ""1064"", ""buy_10th_pre_req_pre"": ""0"", ""tot_sel_req_jub_pre"": ""0"", ""tot_sel_req"": ""4974"", ""tot_buy_req"": ""11237"", ""tot_buy_req_jub_pre"": ""+311"", ""ovt_sel_req_pre"": ""0"", ""ovt_sel_req"": ""0"", ""ovt_buy_req"": ""0"", ""ovt_buy_req_pre"": ""0"", ""return_code"": 0, ""return_msg"": ""정상적으로 처리되었습니다""}"
2026-06-10,watchlist,192080,,1,filtered_candidate_recheck,71300,,71300,71200,71300,71700,0.42075736325385693,0.1402524544179523,,,,,,"{""bid_req_base_tm"": ""105703"", ""sel_10th_pre_req_pre"": ""0"", ""sel_10th_pre_req"": ""11"", ""sel_10th_pre_bid"": ""+72500"", ""sel_9th_pre_req_pre"": ""0"", ""sel_9th_pre_req"": ""128"", ""sel_9th_pre_bid"": ""+72400"", ""sel_8th_pre_req_pre"": ""0"", ""sel_8th_pre_req"": ""10"", ""sel_8th_pre_bid"": ""+72300"", ""sel_7th_pre_req_pre"": ""0"", ""sel_7th_pre_req"": ""10"", ""sel_7th_pre_bid"": ""+72200"", ""sel_6th_pre_req_pre"": ""0"", ""sel_6th_pre_req"": ""6"", ""sel_6th_pre_bid"": ""+72100"", ""sel_5th_pre_req_pre"": ""0"", ""sel_5th_pre_req"": ""5"", ""sel_5th_pre_bid"": ""72000"", ""sel_4th_pre_req_pre"": ""0"", ""sel_4th_pre_req"": ""33"", ""sel_4th_pre_bid"": ""-71800"", ""sel_3th_pre_req_pre"": ""0"", ""sel_3th_pre_req"": ""20"", ""sel_3th_pre_bid"": ""-71600"", ""sel_2th_pre_req_pre"": ""0"", ""sel_2th_pre_req"": ""59"", ""sel_2th_pre_bid"": ""-71400"", ""sel_1th_pre_req_pre"": ""0"", ""sel_fpr_req"": ""9"", ""sel_fpr_bid"": ""-71300"", ""buy_fpr_bid"": ""-71200"", ""buy_fpr_req"": ""213"", ""buy_1th_pre_req_pre"": ""+24"", ""buy_2th_pre_bid"": ""-71000"", ""buy_2th_pre_req"": ""69"", ""buy_2th_pre_req_pre"": ""0"", ""buy_3th_pre_bid"": ""-70900"", ""buy_3th_pre_req"": ""55"", ""buy_3th_pre_req_pre"": ""0"", ""buy_4th_pre_bid"": ""-70800"", ""buy_4th_pre_req"": ""83"", ""buy_4th_pre_req_pre"": ""0"", ""buy_5th_pre_bid"": ""-70700"", ""buy_5th_pre_req"": ""110"", ""buy_5th_pre_req_pre"": ""0"", ""buy_6th_pre_bid"": ""-70600"", ""buy_6th_pre_req"": ""100"", ""buy_6th_pre_req_pre"": ""0"", ""buy_7th_pre_bid"": ""-70500"", ""buy_7th_pre_req"": ""181"", ""buy_7th_pre_req_pre"": ""0"", ""buy_8th_pre_bid"": ""-70400"", ""buy_8th_pre_req"": ""182"", ""buy_8th_pre_req_pre"": ""0"", ""buy_9th_pre_bid"": ""-70300"", ""buy_9th_pre_req"": ""94"", ""buy_9th_pre_req_pre"": ""0"", ""buy_10th_pre_bid"": ""-70200"", ""buy_10th_pre_req"": ""21"", ""buy_10th_pre_req_pre"": ""0"", ""tot_sel_req_jub_pre"": ""0"", ""tot_sel_req"": ""291"", ""tot_buy_req"": ""1108"", ""tot_buy_req_jub_pre"": ""+24"", ""ovt_sel_req_pre"": ""0"", ""ovt_sel_req"": ""0"", ""ovt_buy_req"": ""0"", ""ovt_buy_req_pre"": ""0"", ""return_code"": 0, ""return_msg"": ""정상적으로 처리되었습니다""}"
2026-06-10,watchlist,000430,,1,filtered_candidate_recheck,5690,,5690,5680,5690,5700,0.0,0.17574692442882248,,,,,,"{""bid_req_base_tm"": ""105703"", ""sel_10th_pre_req_pre"": ""0"", ""sel_10th_pre_req"": ""1602"", ""sel_10th_pre_bid"": ""-5780"", ""sel_9th_pre_req_pre"": ""0"", ""sel_9th_pre_req"": ""595"", ""sel_9th_pre_bid"": ""-5770"", ""sel_8th_pre_req_pre"": ""0"", ""sel_8th_pre_req"": ""328"", ""sel_8th_pre_bid"": ""-5760"", ""sel_7th_pre_req_pre"": ""0"", ""sel_7th_pre_req"": ""1240"", ""sel_7th_pre_bid"": ""-5750"", ""sel_6th_pre_req_pre"": ""0"", ""sel_6th_pre_req"": ""1342"", ""sel_6th_pre_bid"": ""-5740"", ""sel_5th_pre_req_pre"": ""0"", ""sel_5th_pre_req"": ""831"", ""sel_5th_pre_bid"": ""-5730"", ""sel_4th_pre_req_pre"": ""0"", ""sel_4th_pre_req"": ""734"", ""sel_4th_pre_bid"": ""-5720"", ""sel_3th_pre_req_pre"": ""0"", ""sel_3th_pre_req"": ""309"", ""sel_3th_pre_bid"": ""-5710"", ""sel_2th_pre_req_pre"": ""0"", ""sel_2th_pre_req"": ""991"", ""sel_2th_pre_bid"": ""-5700"", ""sel_1th_pre_req_pre"": ""0"", ""sel_fpr_req"": ""1745"", ""sel_fpr_bid"": ""-5690"", ""buy_fpr_bid"": ""-5680"", ""buy_fpr_req"": ""1856"", ""buy_1th_pre_req_pre"": ""0"", ""buy_2th_pre_bid"": ""-5670"", ""buy_2th_pre_req"": ""1125"", ""buy_2th_pre_req_pre"": ""+1"", ""buy_3th_pre_bid"": ""-5660"", ""buy_3th_pre_req"": ""923"", ""buy_3th_pre_req_pre"": ""0"", ""buy_4th_pre_bid"": ""-5650"", ""buy_4th_pre_req"": ""908"", ""buy_4th_pre_req_pre"": ""0"", ""buy_5th_pre_bid"": ""-5640"", ""buy_5th_pre_req"": ""113"", ""buy_5th_pre_req_pre"": ""0"", ""buy_6th_pre_bid"": ""-5630"", ""buy_6th_pre_req"": ""5760"", ""buy_6th_pre_req_pre"": ""0"", ""buy_7th_pre_bid"": ""-5620"", ""buy_7th_pre_req"": ""3418"", ""buy_7th_pre_req_pre"": ""0"", ""buy_8th_pre_bid"": ""-5610"", ""buy_8th_pre_req"": ""5927"", ""buy_8th_pre_req_pre"": ""0"", ""buy_9th_pre_bid"": ""-5600"", ""buy_9th_pre_req"": ""14941"", ""buy_9th_pre_req_pre"": ""0"", ""buy_10th_pre_bid"": ""-5590"", ""buy_10th_pre_req"": ""3471"", ""buy_10th_pre_req_pre"": ""0"", ""tot_sel_req_jub_pre"": ""0"", ""tot_sel_req"": ""9717"", ""tot_buy_req"": ""38442"", ""tot_buy_req_jub_pre"": ""+1"", ""ovt_sel_req_pre"": ""0"", ""ovt_sel_req"": ""0"", ""ovt_buy_req"": ""0"", ""ovt_buy_req_pre"": ""0"", ""return_code"": 0, ""return_msg"": ""정상적으로 처리되었습니다""}"
2026-06-10,watchlist,307950,,0,filtered_candidate_recheck,701000,,701000,700000,701000,705000,0.42796005706134094,0.14265335235378032,,,,,,"{""bid_req_base_tm"": ""105703"", ""sel_10th_pre_req_pre"": ""0"", ""sel_10th_pre_req"": ""6"", ""sel_10th_pre_bid"": ""+710000"", ""sel_9th_pre_req_pre"": ""0"", ""sel_9th_pre_req"": ""32"", ""sel_9th_pre_bid"": ""+709000"", ""sel_8th_pre_req_pre"": ""0"", ""sel_8th_pre_req"": ""15"", ""sel_8th_pre_bid"": ""+708000"", ""sel_7th_pre_req_pre"": ""0"", ""sel_7th_pre_req"": ""8"", ""sel_7th_pre_bid"": ""+707000"", ""sel_6th_pre_req_pre"": ""0"", ""sel_6th_pre_req"": ""10"", ""sel_6th_pre_bid"": ""+706000"", ""sel_5th_pre_req_pre"": ""0"", ""sel_5th_pre_req"": ""11"", ""sel_5th_pre_bid"": ""+705000"", ""sel_4th_pre_req_pre"": ""0"", ""sel_4th_pre_req"": ""14"", ""sel_4th_pre_bid"": ""+704000"", ""sel_3th_pre_req_pre"": ""0"", ""sel_3th_pre_req"": ""6"", ""sel_3th_pre_bid"": ""+703000"", ""sel_2th_pre_req_pre"": ""0"", ""sel_2th_pre_req"": ""200"", ""sel_2th_pre_bid"": ""+702000"", ""sel_1th_pre_req_pre"": ""0"", ""sel_fpr_req"": ""185"", ""sel_fpr_bid"": ""+701000"", ""buy_fpr_bid"": ""+700000"", ""buy_fpr_req"": ""726"", ""buy_1th_pre_req_pre"": ""0"", ""buy_2th_pre_bid"": ""+699000"", ""buy_2th_pre_req"": ""96"", ""buy_2th_pre_req_pre"": ""0"", ""buy_3th_pre_bid"": ""+698000"", ""buy_3th_pre_req"": ""181"", ""buy_3th_pre_req_pre"": ""0"", ""buy_4th_pre_bid"": ""+697000"", ""buy_4th_pre_req"": ""231"", ""buy_4th_pre_req_pre"": ""0"", ""buy_5th_pre_bid"": ""+696000"", ""buy_5th_pre_req"": ""180"", ""buy_5th_pre_req_pre"": ""0"", ""buy_6th_pre_bid"": ""+695000"", ""buy_6th_pre_req"": ""419"", ""buy_6th_pre_req_pre"": ""0"", ""buy_7th_pre_bid"": ""+694000"", ""buy_7th_pre_req"": ""98"", ""buy_7th_pre_req_pre"": ""0"", ""buy_8th_pre_bid"": ""+693000"", ""buy_8th_pre_req"": ""96"", ""buy_8th_pre_req_pre"": ""0"", ""buy_9th_pre_bid"": ""+692000"", ""buy_9th_pre_req"": ""171"", ""buy_9th_pre_req_pre"": ""0"", ""buy_10th_pre_bid"": ""+691000"", ""buy_10th_pre_req"": ""311"", ""buy_10th_pre_req_pre"": ""0"", ""tot_sel_req_jub_pre"": ""0"", ""tot_sel_req"": ""487"", ""tot_buy_req"": ""2509"", ""tot_buy_req_jub_pre"": ""0"", ""ovt_sel_req_pre"": ""0"", ""ovt_sel_req"": ""0"", ""ovt_buy_req"": ""0"", ""ovt_buy_req_pre"": ""0"", ""return_code"": 0, ""return_msg"": ""정상적으로 처리되었습니다""}"
2026-06-10,watchlist,114090,,0,filtered_candidate_recheck,12020,,12020,12010,12020,11950,-0.9983361064891847,0.08319467554076539,,,,,,"{""bid_req_base_tm"": ""105703"", ""sel_10th_pre_req_pre"": ""0"", ""sel_10th_pre_req"": ""133"", ""sel_10th_pre_bid"": ""+12140"", ""sel_9th_pre_req_pre"": ""0"", ""sel_9th_pre_req"": ""470"", ""sel_9th_pre_bid"": ""+12130"", ""sel_8th_pre_req_pre"": ""0"", ""sel_8th_pre_req"": ""56"", ""sel_8th_pre_bid"": ""+12120"", ""sel_7th_pre_req_pre"": ""0"", ""sel_7th_pre_req"": ""1958"", ""sel_7th_pre_bid"": ""+12110"", ""sel_6th_pre_req_pre"": ""0"", ""sel_6th_pre_req"": ""77"", ""sel_6th_pre_bid"": ""+12100"", ""sel_5th_pre_req_pre"": ""0"", ""sel_5th_pre_req"": ""10"", ""sel_5th_pre_bid"": ""+12060"", ""sel_4th_pre_req_pre"": ""0"", ""sel_4th_pre_req"": ""79"", ""sel_4th_pre_bid"": ""+12050"", ""sel_3th_pre_req_pre"": ""0"", ""sel_3th_pre_req"": ""1"", ""sel_3th_pre_bid"": ""+12040"", ""sel_2th_pre_req_pre"": ""0"", ""sel_2th_pre_req"": ""2"", ""sel_2th_pre_bid"": ""+12030"", ""sel_1th_pre_req_pre"": ""0"", ""sel_fpr_req"": ""48"", ""sel_fpr_bid"": ""+12020"", ""buy_fpr_bid"": ""+12010"", ""buy_fpr_req"": ""135"", ""buy_1th_pre_req_pre"": ""+23"", ""buy_2th_pre_bid"": ""+12000"", ""buy_2th_pre_req"": ""852"", ""buy_2th_pre_req_pre"": ""0"", ""buy_3th_pre_bid"": ""+11990"", ""buy_3th_pre_req"": ""274"", ""buy_3th_pre_req_pre"": ""0"", ""buy_4th_pre_bid"": ""+11980"", ""buy_4th_pre_req"": ""690"", ""buy_4th_pre_req_pre"": ""0"", ""buy_5th_pre_bid"": ""+11960"", ""buy_5th_pre_req"": ""50"", ""buy_5th_pre_req_pre"": ""0"", ""buy_6th_pre_bid"": ""11950"", ""buy_6th_pre_req"": ""457"", ""buy_6th_pre_req_pre"": ""0"", ""buy_7th_pre_bid"": ""-11930"", ""buy_7th_pre_req"": ""6"", ""buy_7th_pre_req_pre"": ""0"", ""buy_8th_pre_bid"": ""-11910"", ""buy_8th_pre_req"": ""8"", ""buy_8th_pre_req_pre"": ""0"", ""buy_9th_pre_bid"": ""-11900"", ""buy_9th_pre_req"": ""53"", ""buy_9th_pre_req_pre"": ""0"", ""buy_10th_pre_bid"": ""-11860"", ""buy_10th_pre_req"": ""2"", ""buy_10th_pre_req_pre"": ""0"", ""tot_sel_req_jub_pre"": ""0"", ""tot_sel_req"": ""2834"", ""tot_buy_req"": ""2527"", ""tot_buy_req_jub_pre"": ""+23"", ""ovt_sel_req_pre"": ""0"", ""ovt_sel_req"": ""0"", ""ovt_buy_req"": ""0"", ""ovt_buy_req_pre"": ""0"", ""return_code"": 0, ""return_msg"": ""정상적으로 처리되었습니다""}"
2026-06-10,watchlist,281820,,0,filtered_candidate_recheck,68000,,68000,67700,68000,67900,-0.29411764705882354,0.4411764705882353,,,,,,"{""bid_req_base_tm"": ""105659"", ""sel_10th_pre_req_pre"": ""0"", ""sel_10th_pre_req"": ""142"", ""sel_10th_pre_bid"": ""+69100"", ""sel_9th_pre_req_pre"": ""0"", ""sel_9th_pre_req"": ""256"", ""sel_9th_pre_bid"": ""+69000"", ""sel_8th_pre_req_pre"": ""0"", ""sel_8th_pre_req"": ""116"", ""sel_8th_pre_bid"": ""+68900"", ""sel_7th_pre_req_pre"": ""0"", ""sel_7th_pre_req"": ""107"", ""sel_7th_pre_bid"": ""+68800"", ""sel_6th_pre_req_pre"": ""0"", ""sel_6th_pre_req"": ""74"", ""sel_6th_pre_bid"": ""+68700"", ""sel_5th_pre_req_pre"": ""0"", ""sel_5th_pre_req"": ""120"", ""sel_5th_pre_bid"": ""+68600"", ""sel_4th_pre_req_pre"": ""0"", ""sel_4th_pre_req"": ""107"", ""sel_4th_pre_bid"": ""+68500"", ""sel_3th_pre_req_pre"": ""0"", ""sel_3th_pre_req"": ""10"", ""sel_3th_pre_bid"": ""+68400"", ""sel_2th_pre_req_pre"": ""0"", ""sel_2th_pre_req"": ""72"", ""sel_2th_pre_bid"": ""+68300"", ""sel_1th_pre_req_pre"": ""0"", ""sel_fpr_req"": ""110"", ""sel_fpr_bid"": ""+68000"", ""buy_fpr_bid"": ""+67700"", ""buy_fpr_req"": ""135"", ""buy_1th_pre_req_pre"": ""0"", ""buy_2th_pre_bid"": ""+67600"", ""buy_2th_pre_req"": ""32"", ""buy_2th_pre_req_pre"": ""0"", ""buy_3th_pre_bid"": ""+67400"", ""buy_3th_pre_req"": ""137"", ""buy_3th_pre_req_pre"": ""0"", ""buy_4th_pre_bid"": ""+67300"", ""buy_4th_pre_req"": ""21"", ""buy_4th_pre_req_pre"": ""0"", ""buy_5th_pre_bid"": ""+67200"", ""buy_5th_pre_req"": ""127"", ""buy_5th_pre_req_pre"": ""0"", ""buy_6th_pre_bid"": ""+67100"", ""buy_6th_pre_req"": ""20"", ""buy_6th_pre_req_pre"": ""0"", ""buy_7th_pre_bid"": ""+67000"", ""buy_7th_pre_req"": ""459"", ""buy_7th_pre_req_pre"": ""0"", ""buy_8th_pre_bid"": ""+66900"", ""buy_8th_pre_req"": ""2"", ""buy_8th_pre_req_pre"": ""0"", ""buy_9th_pre_bid"": ""+66800"", ""buy_9th_pre_req"": ""25"", ""buy_9th_pre_req_pre"": ""0"", ""buy_10th_pre_bid"": ""+66700"", ""buy_10th_pre_req"": ""105"", ""buy_10th_pre_req_pre"": ""0"", ""tot_sel_req_jub_pre"": ""+126"", ""tot_sel_req"": ""1114"", ""tot_buy_req"": ""1063"", ""tot_buy_req_jub_pre"": ""0"", ""ovt_sel_req_pre"": ""0"", ""ovt_sel_req"": ""0"", ""ovt_buy_req"": ""0"", ""ovt_buy_req_pre"": ""0"", ""return_code"": 0, ""return_msg"": ""정상적으로 처리되었습니다""}"
2026-06-10,watchlist,489790,,0,filtered_candidate_recheck,68700,,68700,68600,68700,68900,0.1455604075691412,0.1455604075691412,,,,,,"{""bid_req_base_tm"": ""105704"", ""sel_10th_pre_req_pre"": ""0"", ""sel_10th_pre_req"": ""355"", ""sel_10th_pre_bid"": ""+69900"", ""sel_9th_pre_req_pre"": ""0"", ""sel_9th_pre_req"": ""57"", ""sel_9th_pre_bid"": ""+69800"", ""sel_8th_pre_req_pre"": ""0"", ""sel_8th_pre_req"": ""2"", ""sel_8th_pre_bid"": ""+69600"", ""sel_7th_pre_req_pre"": ""0"", ""sel_7th_pre_req"": ""15"", ""sel_7th_pre_bid"": ""+69500"", ""sel_6th_pre_req_pre"": ""0"", ""sel_6th_pre_req"": ""301"", ""sel_6th_pre_bid"": ""+69300"", ""sel_5th_pre_req_pre"": ""0"", ""sel_5th_pre_req"": ""2"", ""sel_5th_pre_bid"": ""+69100"", ""sel_4th_pre_req_pre"": ""0"", ""sel_4th_pre_req"": ""453"", ""sel_4th_pre_bid"": ""+69000"", ""sel_3th_pre_req_pre"": ""0"", ""sel_3th_pre_req"": ""101"", ""sel_3th_pre_bid"": ""+68900"", ""sel_2th_pre_req_pre"": ""0"", ""sel_2th_pre_req"": ""105"", ""sel_2th_pre_bid"": ""+68800"", ""sel_1th_pre_req_pre"": ""0"", ""sel_fpr_req"": ""148"", ""sel_fpr_bid"": ""+68700"", ""buy_fpr_bid"": ""+68600"", ""buy_fpr_req"": ""110"", ""buy_1th_pre_req_pre"": ""0"", ""buy_2th_pre_bid"": ""+68500"", ""buy_2th_pre_req"": ""517"", ""buy_2th_pre_req_pre"": ""0"", ""buy_3th_pre_bid"": ""+68400"", ""buy_3th_pre_req"": ""175"", ""buy_3th_pre_req_pre"": ""0"", ""buy_4th_pre_bid"": ""+68300"", ""buy_4th_pre_req"": ""28"", ""buy_4th_pre_req_pre"": ""0"", ""buy_5th_pre_bid"": ""+68200"", ""buy_5th_pre_req"": ""163"", ""buy_5th_pre_req_pre"": ""0"", ""buy_6th_pre_bid"": ""+68100"", ""buy_6th_pre_req"": ""388"", ""buy_6th_pre_req_pre"": ""0"", ""buy_7th_pre_bid"": ""+68000"", ""buy_7th_pre_req"": ""305"", ""buy_7th_pre_req_pre"": ""0"", ""buy_8th_pre_bid"": ""+67900"", ""buy_8th_pre_req"": ""75"", ""buy_8th_pre_req_pre"": ""0"", ""buy_9th_pre_bid"": ""+67800"", ""buy_9th_pre_req"": ""166"", ""buy_9th_pre_req_pre"": ""0"", ""buy_10th_pre_bid"": ""+67700"", ""buy_10th_pre_req"": ""151"", ""buy_10th_pre_req_pre"": ""0"", ""tot_sel_req_jub_pre"": ""0"", ""tot_sel_req"": ""1539"", ""tot_buy_req"": ""2078"", ""tot_buy_req_jub_pre"": ""0"", ""ovt_sel_req_pre"": ""0"", ""ovt_sel_req"": ""0"", ""ovt_buy_req"": ""0"", ""ovt_buy_req_pre"": ""0"", ""return_code"": 0, ""return_msg"": ""정상적으로 처리되었습니다""}"
2026-06-10,watchlist,092200,,0,filtered_candidate_recheck,9620,,9620,9580,9620,9620,-0.10395010395010396,0.4158004158004158,,,,,,"{""bid_req_base_tm"": ""105703"", ""sel_10th_pre_req_pre"": ""0"", ""sel_10th_pre_req"": ""263"", ""sel_10th_pre_bid"": ""-9720"", ""sel_9th_pre_req_pre"": ""0"", ""sel_9th_pre_req"": ""440"", ""sel_9th_pre_bid"": ""-9710"", ""sel_8th_pre_req_pre"": ""0"", ""sel_8th_pre_req"": ""1076"", ""sel_8th_pre_bid"": ""-9700"", ""sel_7th_pre_req_pre"": ""0"", ""sel_7th_pre_req"": ""26"", ""sel_7th_pre_bid"": ""-9690"", ""sel_6th_pre_req_pre"": ""0"", ""sel_6th_pre_req"": ""200"", ""sel_6th_pre_bid"": ""-9680"", ""sel_5th_pre_req_pre"": ""0"", ""sel_5th_pre_req"": ""111"", ""sel_5th_pre_bid"": ""-9660"", ""sel_4th_pre_req_pre"": ""0"", ""sel_4th_pre_req"": ""23"", ""sel_4th_pre_bid"": ""-9650"", ""sel_3th_pre_req_pre"": ""0"", ""sel_3th_pre_req"": ""1095"", ""sel_3th_pre_bid"": ""-9640"", ""sel_2th_pre_req_pre"": ""0"", ""sel_2th_pre_req"": ""405"", ""sel_2th_pre_bid"": ""-9630"", ""sel_1th_pre_req_pre"": ""0"", ""sel_fpr_req"": ""523"", ""sel_fpr_bid"": ""-9620"", ""buy_fpr_bid"": ""-9580"", ""buy_fpr_req"": ""740"", ""buy_1th_pre_req_pre"": ""+2"", ""buy_2th_pre_bid"": ""-9570"", ""buy_2th_pre_req"": ""687"", ""buy_2th_pre_req_pre"": ""0"", ""buy_3th_pre_bid"": ""-9560"", ""buy_3th_pre_req"": ""491"", ""buy_3th_pre_req_pre"": ""0"", ""buy_4th_pre_bid"": ""-9550"", ""buy_4th_pre_req"": ""1333"", ""buy_4th_pre_req_pre"": ""0"", ""buy_5th_pre_bid"": ""-9540"", ""buy_5th_pre_req"": ""158"", ""buy_5th_pre_req_pre"": ""0"", ""buy_6th_pre_bid"": ""-9530"", ""buy_6th_pre_req"": ""2130"", ""buy_6th_pre_req_pre"": ""0"", ""buy_7th_pre_bid"": ""-9520"", ""buy_7th_pre_req"": ""2548"", ""buy_7th_pre_req_pre"": ""0"", ""buy_8th_pre_bid"": ""-9510"", ""buy_8th_pre_req"": ""2903"", ""buy_8th_pre_req_pre"": ""0"", ""buy_9th_pre_bid"": ""-9500"", ""buy_9th_pre_req"": ""5574"", ""buy_9th_pre_req_pre"": ""0"", ""buy_10th_pre_bid"": ""-9490"", ""buy_10th_pre_req"": ""799"", ""buy_10th_pre_req_pre"": ""0"", ""tot_sel_req_jub_pre"": ""0"", ""tot_sel_req"": ""4162"", ""tot_buy_req"": ""17363"", ""tot_buy_req_jub_pre"": ""+2"", ""ovt_sel_req_pre"": ""0"", ""ovt_sel_req"": ""0"", ""ovt_buy_req"": ""0"", ""ovt_buy_req_pre"": ""0"", ""return_code"": 0, ""return_msg"": ""정상적으로 처리되었습니다""}"
2026-06-10,watchlist,175330,,0,filtered_candidate_recheck,25750,,25750,25700,25750,25700,-0.3883495145631068,0.1941747572815534,,,,,,"{""bid_req_base_tm"": ""105703"", ""sel_10th_pre_req_pre"": ""0"", ""sel_10th_pre_req"": ""5"", ""sel_10th_pre_bid"": ""+26250"", ""sel_9th_pre_req_pre"": ""0"", ""sel_9th_pre_req"": ""2192"", ""sel_9th_pre_bid"": ""+26150"", ""sel_8th_pre_req_pre"": ""0"", ""sel_8th_pre_req"": ""557"", ""sel_8th_pre_bid"": ""+26100"", ""sel_7th_pre_req_pre"": ""0"", ""sel_7th_pre_req"": ""351"", ""sel_7th_pre_bid"": ""+26050"", ""sel_6th_pre_req_pre"": ""0"", ""sel_6th_pre_req"": ""713"", ""sel_6th_pre_bid"": ""+26000"", ""sel_5th_pre_req_pre"": ""0"", ""sel_5th_pre_req"": ""560"", ""sel_5th_pre_bid"": ""+25950"", ""sel_4th_pre_req_pre"": ""0"", ""sel_4th_pre_req"": ""532"", ""sel_4th_pre_bid"": ""25900"", ""sel_3th_pre_req_pre"": ""0"", ""sel_3th_pre_req"": ""454"", ""sel_3th_pre_bid"": ""-25850"", ""sel_2th_pre_req_pre"": ""0"", ""sel_2th_pre_req"": ""108"", ""sel_2th_pre_bid"": ""-25800"", ""sel_1th_pre_req_pre"": ""0"", ""sel_fpr_req"": ""772"", ""sel_fpr_bid"": ""-25750"", ""buy_fpr_bid"": ""-25700"", ""buy_fpr_req"": ""255"", ""buy_1th_pre_req_pre"": ""+119"", ""buy_2th_pre_bid"": ""-25650"", ""buy_2th_pre_req"": ""360"", ""buy_2th_pre_req_pre"": ""0"", ""buy_3th_pre_bid"": ""-25600"", ""buy_3th_pre_req"": ""662"", ""buy_3th_pre_req_pre"": ""0"", ""buy_4th_pre_bid"": ""-25550"", ""buy_4th_pre_req"": ""1078"", ""buy_4th_pre_req_pre"": ""0"", ""buy_5th_pre_bid"": ""-25500"", ""buy_5th_pre_req"": ""493"", ""buy_5th_pre_req_pre"": ""0"", ""buy_6th_pre_bid"": ""-25450"", ""buy_6th_pre_req"": ""376"", ""buy_6th_pre_req_pre"": ""0"", ""buy_7th_pre_bid"": ""-25400"", ""buy_7th_pre_req"": ""673"", ""buy_7th_pre_req_pre"": ""0"", ""buy_8th_pre_bid"": ""-25350"", ""buy_8th_pre_req"": ""281"", ""buy_8th_pre_req_pre"": ""0"", ""buy_9th_pre_bid"": ""-25300"", ""buy_9th_pre_req"": ""405"", ""buy_9th_pre_req_pre"": ""0"", ""buy_10th_pre_bid"": ""-25250"", ""buy_10th_pre_req"": ""473"", ""buy_10th_pre_req_pre"": ""0"", ""tot_sel_req_jub_pre"": ""0"", ""tot_sel_req"": ""6244"", ""tot_buy_req"": ""5056"", ""tot_buy_req_jub_pre"": ""+119"", ""ovt_sel_req_pre"": ""0"", ""ovt_sel_req"": ""0"", ""ovt_buy_req"": ""0"", ""ovt_buy_req_pre"": ""0"", ""return_code"": 0, ""return_msg"": ""정상적으로 처리되었습니다""}"
2026-06-10,watchlist,069960,,0,filtered_candidate_recheck,176100,,176100,176000,176100,175500,-0.6246450880181714,0.05678591709256105,,,,,,"{""bid_req_base_tm"": ""105705"", ""sel_10th_pre_req_pre"": ""0"", ""sel_10th_pre_req"": ""3"", ""sel_10th_pre_bid"": ""+177800"", ""sel_9th_pre_req_pre"": ""0"", ""sel_9th_pre_req"": ""1"", ""sel_9th_pre_bid"": ""+177700"", ""sel_8th_pre_req_pre"": ""0"", ""sel_8th_pre_req"": ""5"", ""sel_8th_pre_bid"": ""+177500"", ""sel_7th_pre_req_pre"": ""0"", ""sel_7th_pre_req"": ""3"", ""sel_7th_pre_bid"": ""+177300"", ""sel_6th_pre_req_pre"": ""0"", ""sel_6th_pre_req"": ""103"", ""sel_6th_pre_bid"": ""+177200"", ""sel_5th_pre_req_pre"": ""0"", ""sel_5th_pre_req"": ""30"", ""sel_5th_pre_bid"": ""+177000"", ""sel_4th_pre_req_pre"": ""0"", ""sel_4th_pre_req"": ""1"", ""sel_4th_pre_bid"": ""+176900"", ""sel_3th_pre_req_pre"": ""0"", ""sel_3th_pre_req"": ""318"", ""sel_3th_pre_bid"": ""+176800"", ""sel_2th_pre_req_pre"": ""0"", ""sel_2th_pre_req"": ""7"", ""sel_2th_pre_bid"": ""+176700"", ""sel_1th_pre_req_pre"": ""0"", ""sel_fpr_req"": ""1"", ""sel_fpr_bid"": ""+176100"", ""buy_fpr_bid"": ""+176000"", ""buy_fpr_req"": ""26"", ""buy_1th_pre_req_pre"": ""0"", ""buy_2th_pre_bid"": ""+175900"", ""buy_2th_pre_req"": ""51"", ""buy_2th_pre_req_pre"": ""+23"", ""buy_3th_pre_bid"": ""+175800"", ""buy_3th_pre_req"": ""172"", ""buy_3th_pre_req_pre"": ""--6"", ""buy_4th_pre_bid"": ""+175200"", ""buy_4th_pre_req"": ""6"", ""buy_4th_pre_req_pre"": ""0"", ""buy_5th_pre_bid"": ""+175100"", ""buy_5th_pre_req"": ""2"", ""buy_5th_pre_req_pre"": ""0"", ""buy_6th_pre_bid"": ""+175000"", ""buy_6th_pre_req"": ""12"", ""buy_6th_pre_req_pre"": ""0"", ""buy_7th_pre_bid"": ""+174900"", ""buy_7th_pre_req"": ""20"", ""buy_7th_pre_req_pre"": ""0"", ""buy_8th_pre_bid"": ""+174800"", ""buy_8th_pre_req"": ""5"", ""buy_8th_pre_req_pre"": ""0"", ""buy_9th_pre_bid"": ""+174700"", ""buy_9th_pre_req"": ""1"", ""buy_9th_pre_req_pre"": ""0"", ""buy_10th_pre_bid"": ""+174600"", ""buy_10th_pre_req"": ""10"", ""buy_10th_pre_req_pre"": ""0"", ""tot_sel_req_jub_pre"": ""--29"", ""tot_sel_req"": ""472"", ""tot_buy_req"": ""305"", ""tot_buy_req_jub_pre"": ""--277"", ""ovt_sel_req_pre"": ""0"", ""ovt_sel_req"": ""0"", ""ovt_buy_req"": ""0"", ""ovt_buy_req_pre"": ""0"", ""return_code"": 0, ""return_msg"": ""정상적으로 처리되었습니다""}"
2026-06-10,watchlist,001450,,0,filtered_candidate_recheck,37750,,37750,37650,37750,37850,0.13245033112582782,0.26490066225165565,,,,,,"{""bid_req_base_tm"": ""105705"", ""sel_10th_pre_req_pre"": ""0"", ""sel_10th_pre_req"": ""18"", ""sel_10th_pre_bid"": ""+38250"", ""sel_9th_pre_req_pre"": ""0"", ""sel_9th_pre_req"": ""74"", ""sel_9th_pre_bid"": ""+38200"", ""sel_8th_pre_req_pre"": ""0"", ""sel_8th_pre_req"": ""36"", ""sel_8th_pre_bid"": ""+38150"", ""sel_7th_pre_req_pre"": ""0"", ""sel_7th_pre_req"": ""534"", ""sel_7th_pre_bid"": ""+38100"", ""sel_6th_pre_req_pre"": ""0"", ""sel_6th_pre_req"": ""283"", ""sel_6th_pre_bid"": ""+38050"", ""sel_5th_pre_req_pre"": ""0"", ""sel_5th_pre_req"": ""517"", ""sel_5th_pre_bid"": ""+38000"", ""sel_4th_pre_req_pre"": ""0"", ""sel_4th_pre_req"": ""32"", ""sel_4th_pre_bid"": ""+37950"", ""sel_3th_pre_req_pre"": ""0"", ""sel_3th_pre_req"": ""131"", ""sel_3th_pre_bid"": ""+37850"", ""sel_2th_pre_req_pre"": ""0"", ""sel_2th_pre_req"": ""12"", ""sel_2th_pre_bid"": ""+37800"", ""sel_1th_pre_req_pre"": ""0"", ""sel_fpr_req"": ""6"", ""sel_fpr_bid"": ""+37750"", ""buy_fpr_bid"": ""+37650"", ""buy_fpr_req"": ""655"", ""buy_1th_pre_req_pre"": ""0"", ""buy_2th_pre_bid"": ""+37600"", ""buy_2th_pre_req"": ""516"", ""buy_2th_pre_req_pre"": ""+1"", ""buy_3th_pre_bid"": ""+37550"", ""buy_3th_pre_req"": ""106"", ""buy_3th_pre_req_pre"": ""0"", ""buy_4th_pre_bid"": ""+37500"", ""buy_4th_pre_req"": ""393"", ""buy_4th_pre_req_pre"": ""--1"", ""buy_5th_pre_bid"": ""+37450"", ""buy_5th_pre_req"": ""510"", ""buy_5th_pre_req_pre"": ""0"", ""buy_6th_pre_bid"": ""+37400"", ""buy_6th_pre_req"": ""347"", ""buy_6th_pre_req_pre"": ""0"", ""buy_7th_pre_bid"": ""+37350"", ""buy_7th_pre_req"": ""194"", ""buy_7th_pre_req_pre"": ""0"", ""buy_8th_pre_bid"": ""+37300"", ""buy_8th_pre_req"": ""359"", ""buy_8th_pre_req_pre"": ""0"", ""buy_9th_pre_bid"": ""+37250"", ""buy_9th_pre_req"": ""204"", ""buy_9th_pre_req_pre"": ""0"", ""buy_10th_pre_bid"": ""+37200"", ""buy_10th_pre_req"": ""488"", ""buy_10th_pre_req_pre"": ""0"", ""tot_sel_req_jub_pre"": ""0"", ""tot_sel_req"": ""1643"", ""tot_buy_req"": ""3772"", ""tot_buy_req_jub_pre"": ""0"", ""ovt_sel_req_pre"": ""0"", ""ovt_sel_req"": ""0"", ""ovt_buy_req"": ""0"", ""ovt_buy_req_pre"": ""0"", ""return_code"": 0, ""return_msg"": ""정상적으로 처리되었습니다""}"
2026-06-10,watchlist,011070,,0,filtered_candidate_recheck,1130000,,1130000,1129000,1130000,1128000,-0.2654867256637168,0.08849557522123894,,,,,,"{""bid_req_base_tm"": ""105705"", ""sel_10th_pre_req_pre"": ""0"", ""sel_10th_pre_req"": ""37"", ""sel_10th_pre_bid"": ""+1139000"", ""sel_9th_pre_req_pre"": ""0"", ""sel_9th_pre_req"": ""148"", ""sel_9th_pre_bid"": ""+1138000"", ""sel_8th_pre_req_pre"": ""0"", ""sel_8th_pre_req"": ""168"", ""sel_8th_pre_bid"": ""1137000"", ""sel_7th_pre_req_pre"": ""0"", ""sel_7th_pre_req"": ""79"", ""sel_7th_pre_bid"": ""-1136000"", ""sel_6th_pre_req_pre"": ""0"", ""sel_6th_pre_req"": ""91"", ""sel_6th_pre_bid"": ""-1135000"", ""sel_5th_pre_req_pre"": ""0"", ""sel_5th_pre_req"": ""39"", ""sel_5th_pre_bid"": ""-1134000"", ""sel_4th_pre_req_pre"": ""0"", ""sel_4th_pre_req"": ""57"", ""sel_4th_pre_bid"": ""-1133000"", ""sel_3th_pre_req_pre"": ""0"", ""sel_3th_pre_req"": ""78"", ""sel_3th_pre_bid"": ""-1132000"", ""sel_2th_pre_req_pre"": ""0"", ""sel_2th_pre_req"": ""233"", ""sel_2th_pre_bid"": ""-1131000"", ""sel_1th_pre_req_pre"": ""0"", ""sel_fpr_req"": ""1"", ""sel_fpr_bid"": ""-1130000"", ""buy_fpr_bid"": ""-1129000"", ""buy_fpr_req"": ""77"", ""buy_1th_pre_req_pre"": ""0"", ""buy_2th_pre_bid"": ""-1128000"", ""buy_2th_pre_req"": ""46"", ""buy_2th_pre_req_pre"": ""0"", ""buy_3th_pre_bid"": ""-1127000"", ""buy_3th_pre_req"": ""327"", ""buy_3th_pre_req_pre"": ""0"", ""buy_4th_pre_bid"": ""-1126000"", ""buy_4th_pre_req"": ""75"", ""buy_4th_pre_req_pre"": ""0"", ""buy_5th_pre_bid"": ""-1125000"", ""buy_5th_pre_req"": ""10"", ""buy_5th_pre_req_pre"": ""0"", ""buy_6th_pre_bid"": ""-1124000"", ""buy_6th_pre_req"": ""5"", ""buy_6th_pre_req_pre"": ""0"", ""buy_7th_pre_bid"": ""-1123000"", ""buy_7th_pre_req"": ""52"", ""buy_7th_pre_req_pre"": ""0"", ""buy_8th_pre_bid"": ""-1121000"", ""buy_8th_pre_req"": ""21"", ""buy_8th_pre_req_pre"": ""0"", ""buy_9th_pre_bid"": ""-1120000"", ""buy_9th_pre_req"": ""18"", ""buy_9th_pre_req_pre"": ""0"", ""buy_10th_pre_bid"": ""-1119000"", ""buy_10th_pre_req"": ""43"", ""buy_10th_pre_req_pre"": ""0"", ""tot_sel_req_jub_pre"": ""--47"", ""tot_sel_req"": ""931"", ""tot_buy_req"": ""674"", ""tot_buy_req_jub_pre"": ""0"", ""ovt_sel_req_pre"": ""0"", ""ovt_sel_req"": ""0"", ""ovt_buy_req"": ""0"", ""ovt_buy_req_pre"": ""0"", ""return_code"": 0, ""return_msg"": ""정상적으로 처리되었습니다""}"
2026-06-10,watchlist,088350,,0,filtered_candidate_recheck,4860,,4860,4855,4860,4870,0.102880658436214,0.102880658436214,,,,,,"{""bid_req_base_tm"": ""105703"", ""sel_10th_pre_req_pre"": ""0"", ""sel_10th_pre_req"": ""101"", ""sel_10th_pre_bid"": ""-4905"", ""sel_9th_pre_req_pre"": ""0"", ""sel_9th_pre_req"": ""894"", ""sel_9th_pre_bid"": ""-4900"", ""sel_8th_pre_req_pre"": ""0"", ""sel_8th_pre_req"": ""31"", ""sel_8th_pre_bid"": ""-4895"", ""sel_7th_pre_req_pre"": ""0"", ""sel_7th_pre_req"": ""201"", ""sel_7th_pre_bid"": ""-4890"", ""sel_6th_pre_req_pre"": ""0"", ""sel_6th_pre_req"": ""1314"", ""sel_6th_pre_bid"": ""-4885"", ""sel_5th_pre_req_pre"": ""0"", ""sel_5th_pre_req"": ""244"", ""sel_5th_pre_bid"": ""-4880"", ""sel_4th_pre_req_pre"": ""0"", ""sel_4th_pre_req"": ""566"", ""sel_4th_pre_bid"": ""-4875"", ""sel_3th_pre_req_pre"": ""0"", ""sel_3th_pre_req"": ""379"", ""sel_3th_pre_bid"": ""-4870"", ""sel_2th_pre_req_pre"": ""0"", ""sel_2th_pre_req"": ""1870"", ""sel_2th_pre_bid"": ""-4865"", ""sel_1th_pre_req_pre"": ""0"", ""sel_fpr_req"": ""1996"", ""sel_fpr_bid"": ""-4860"", ""buy_fpr_bid"": ""-4855"", ""buy_fpr_req"": ""3"", ""buy_1th_pre_req_pre"": ""+1"", ""buy_2th_pre_bid"": ""-4850"", ""buy_2th_pre_req"": ""5263"", ""buy_2th_pre_req_pre"": ""0"", ""buy_3th_pre_bid"": ""-4845"", ""buy_3th_pre_req"": ""2223"", ""buy_3th_pre_req_pre"": ""0"", ""buy_4th_pre_bid"": ""-4840"", ""buy_4th_pre_req"": ""2656"", ""buy_4th_pre_req_pre"": ""0"", ""buy_5th_pre_bid"": ""-4835"", ""buy_5th_pre_req"": ""5804"", ""buy_5th_pre_req_pre"": ""0"", ""buy_6th_pre_bid"": ""-4830"", ""buy_6th_pre_req"": ""6659"", ""buy_6th_pre_req_pre"": ""0"", ""buy_7th_pre_bid"": ""-4825"", ""buy_7th_pre_req"": ""9993"", ""buy_7th_pre_req_pre"": ""0"", ""buy_8th_pre_bid"": ""-4820"", ""buy_8th_pre_req"": ""17369"", ""buy_8th_pre_req_pre"": ""0"", ""buy_9th_pre_bid"": ""-4815"", ""buy_9th_pre_req"": ""21972"", ""buy_9th_pre_req_pre"": ""0"", ""buy_10th_pre_bid"": ""-4810"", ""buy_10th_pre_req"": ""5922"", ""buy_10th_pre_req_pre"": ""0"", ""tot_sel_req_jub_pre"": ""0"", ""tot_sel_req"": ""7596"", ""tot_buy_req"": ""77864"", ""tot_buy_req_jub_pre"": ""+1"", ""ovt_sel_req_pre"": ""0"", ""ovt_sel_req"": ""0"", ""ovt_buy_req"": ""0"", ""ovt_buy_req_pre"": ""0"", ""return_code"": 0, ""return_msg"": ""정상적으로 처리되었습니다""}"
2026-06-10,scan_candidate,005930,,0,main_scan,307000,,307000,306500,307000,308500,0.32573289902280134,0.16286644951140067,,,,,,"{""bid_req_base_tm"": ""105859"", ""sel_10th_pre_req_pre"": ""0"", ""sel_10th_pre_req"": ""12521"", ""sel_10th_pre_bid"": ""-311500"", ""sel_9th_pre_req_pre"": ""0"", ""sel_9th_pre_req"": ""10278"", ""sel_9th_pre_bid"": ""-311000"", ""sel_8th_pre_req_pre"": ""0"", ""sel_8th_pre_req"": ""24529"", ""sel_8th_pre_bid"": ""-310500"", ""sel_7th_pre_req_pre"": ""0"", ""sel_7th_pre_req"": ""30370"", ""sel_7th_pre_bid"": ""-310000"", ""sel_6th_pre_req_pre"": ""0"", ""sel_6th_pre_req"": ""18888"", ""sel_6th_pre_bid"": ""-309500"", ""sel_5th_pre_req_pre"": ""0"", ""sel_5th_pre_req"": ""9950"", ""sel_5th_pre_bid"": ""-309000"", ""sel_4th_pre_req_pre"": ""0"", ""sel_4th_pre_req"": ""19760"", ""sel_4th_pre_bid"": ""-308500"", ""sel_3th_pre_req_pre"": ""0"", ""sel_3th_pre_req"": ""8012"", ""sel_3th_pre_bid"": ""-308000"", ""sel_2th_pre_req_pre"": ""0"", ""sel_2th_pre_req"": ""16487"", ""sel_2th_pre_bid"": ""-307500"", ""sel_1th_pre_req_pre"": ""--1"", ""sel_fpr_req"": ""6282"", ""sel_fpr_bid"": ""-307000"", ""buy_fpr_bid"": ""-306500"", ""buy_fpr_req"": ""44952"", ""buy_1th_pre_req_pre"": ""+1"", ""buy_2th_pre_bid"": ""-306000"", ""buy_2th_pre_req"": ""117806"", ""buy_2th_pre_req_pre"": ""0"", ""buy_3th_pre_bid"": ""-305500"", ""buy_3th_pre_req"": ""105134"", ""buy_3th_pre_req_pre"": ""0"", ""buy_4th_pre_bid"": ""-305000"", ""buy_4th_pre_req"": ""236014"", ""buy_4th_pre_req_pre"": ""0"", ""buy_5th_pre_bid"": ""-304500"", ""buy_5th_pre_req"": ""33895"", ""buy_5th_pre_req_pre"": ""0"", ""buy_6th_pre_bid"": ""-304000"", ""buy_6th_pre_req"": ""45603"", ""buy_6th_pre_req_pre"": ""0"", ""buy_7th_pre_bid"": ""-303500"", ""buy_7th_pre_req"": ""46496"", ""buy_7th_pre_req_pre"": ""0"", ""buy_8th_pre_bid"": ""-303000"", ""buy_8th_pre_req"": ""80890"", ""buy_8th_pre_req_pre"": ""0"", ""buy_9th_pre_bid"": ""-302500"", ""buy_9th_pre_req"": ""49104"", ""buy_9th_pre_req_pre"": ""0"", ""buy_10th_pre_bid"": ""-302000"", ""buy_10th_pre_req"": ""59913"", ""buy_10th_pre_req_pre"": ""0"", ""tot_sel_req_jub_pre"": ""--1"", ""tot_sel_req"": ""157077"", ""tot_buy_req"": ""819807"", ""tot_buy_req_jub_pre"": ""+1"", ""ovt_sel_req_pre"": ""0"", ""ovt_sel_req"": ""0"", ""ovt_buy_req"": ""0"", ""ovt_buy_req_pre"": ""0"", ""return_code"": 0, ""return_msg"": ""정상적으로 처리되었습니다""}"
2026-06-10,scan_candidate,000660,,0,main_scan,2114000,,2114000,2113000,2114000,2117000,0.0946073793755913,0.04730368968779565,,,,,,"{""bid_req_base_tm"": ""105859"", ""sel_10th_pre_req_pre"": ""0"", ""sel_10th_pre_req"": ""104"", ""sel_10th_pre_bid"": ""-2123000"", ""sel_9th_pre_req_pre"": ""0"", ""sel_9th_pre_req"": ""137"", ""sel_9th_pre_bid"": ""-2122000"", ""sel_8th_pre_req_pre"": ""0"", ""sel_8th_pre_req"": ""361"", ""sel_8th_pre_bid"": ""-2121000"", ""sel_7th_pre_req_pre"": ""0"", ""sel_7th_pre_req"": ""360"", ""sel_7th_pre_bid"": ""-2120000"", ""sel_6th_pre_req_pre"": ""0"", ""sel_6th_pre_req"": ""62"", ""sel_6th_pre_bid"": ""-2119000"", ""sel_5th_pre_req_pre"": ""0"", ""sel_5th_pre_req"": ""132"", ""sel_5th_pre_bid"": ""-2118000"", ""sel_4th_pre_req_pre"": ""0"", ""sel_4th_pre_req"": ""128"", ""sel_4th_pre_bid"": ""-2117000"", ""sel_3th_pre_req_pre"": ""0"", ""sel_3th_pre_req"": ""302"", ""sel_3th_pre_bid"": ""-2116000"", ""sel_2th_pre_req_pre"": ""0"", ""sel_2th_pre_req"": ""40"", ""sel_2th_pre_bid"": ""-2115000"", ""sel_1th_pre_req_pre"": ""0"", ""sel_fpr_req"": ""453"", ""sel_fpr_bid"": ""-2114000"", ""buy_fpr_bid"": ""-2113000"", ""buy_fpr_req"": ""988"", ""buy_1th_pre_req_pre"": ""--9"", ""buy_2th_pre_bid"": ""-2112000"", ""buy_2th_pre_req"": ""2527"", ""buy_2th_pre_req_pre"": ""0"", ""buy_3th_pre_bid"": ""-2111000"", ""buy_3th_pre_req"": ""2521"", ""buy_3th_pre_req_pre"": ""0"", ""buy_4th_pre_bid"": ""-2110000"", ""buy_4th_pre_req"": ""5027"", ""buy_4th_pre_req_pre"": ""+2"", ""buy_5th_pre_bid"": ""-2109000"", ""buy_5th_pre_req"": ""762"", ""buy_5th_pre_req_pre"": ""0"", ""buy_6th_pre_bid"": ""-2108000"", ""buy_6th_pre_req"": ""684"", ""buy_6th_pre_req_pre"": ""--1"", ""buy_7th_pre_bid"": ""-2107000"", ""buy_7th_pre_req"": ""865"", ""buy_7th_pre_req_pre"": ""0"", ""buy_8th_pre_bid"": ""-2106000"", ""buy_8th_pre_req"": ""762"", ""buy_8th_pre_req_pre"": ""0"", ""buy_9th_pre_bid"": ""-2105000"", ""buy_9th_pre_req"": ""1413"", ""buy_9th_pre_req_pre"": ""0"", ""buy_10th_pre_bid"": ""-2104000"", ""buy_10th_pre_req"": ""630"", ""buy_10th_pre_req_pre"": ""0"", ""tot_sel_req_jub_pre"": ""0"", ""tot_sel_req"": ""2079"", ""tot_buy_req"": ""16179"", ""tot_buy_req_jub_pre"": ""--8"", ""ovt_sel_req_pre"": ""0"", ""ovt_sel_req"": ""0"", ""ovt_buy_req"": ""0"", ""ovt_buy_req_pre"": ""0"", ""return_code"": 0, ""return_msg"": ""정상적으로 처리되었습니다""}"
2026-06-10,scan_candidate,402340,,0,main_scan,1215000,,1215000,1214000,1215000,1217000,0.0823045267489712,0.0823045267489712,,,,,,"{""bid_req_base_tm"": ""105900"", ""sel_10th_pre_req_pre"": ""0"", ""sel_10th_pre_req"": ""123"", ""sel_10th_pre_bid"": ""-1224000"", ""sel_9th_pre_req_pre"": ""0"", ""sel_9th_pre_req"": ""38"", ""sel_9th_pre_bid"": ""-1223000"", ""sel_8th_pre_req_pre"": ""0"", ""sel_8th_pre_req"": ""3"", ""sel_8th_pre_bid"": ""-1222000"", ""sel_7th_pre_req_pre"": ""0"", ""sel_7th_pre_req"": ""5"", ""sel_7th_pre_bid"": ""-1221000"", ""sel_6th_pre_req_pre"": ""0"", ""sel_6th_pre_req"": ""207"", ""sel_6th_pre_bid"": ""-1220000"", ""sel_5th_pre_req_pre"": ""--20"", ""sel_5th_pre_req"": ""2"", ""sel_5th_pre_bid"": ""-1219000"", ""sel_4th_pre_req_pre"": ""--20"", ""sel_4th_pre_req"": ""228"", ""sel_4th_pre_bid"": ""-1218000"", ""sel_3th_pre_req_pre"": ""--20"", ""sel_3th_pre_req"": ""328"", ""sel_3th_pre_bid"": ""-1217000"", ""sel_2th_pre_req_pre"": ""+60"", ""sel_2th_pre_req"": ""109"", ""sel_2th_pre_bid"": ""-1216000"", ""sel_1th_pre_req_pre"": ""0"", ""sel_fpr_req"": ""76"", ""sel_fpr_bid"": ""-1215000"", ""buy_fpr_bid"": ""-1214000"", ""buy_fpr_req"": ""118"", ""buy_1th_pre_req_pre"": ""0"", ""buy_2th_pre_bid"": ""-1213000"", ""buy_2th_pre_req"": ""245"", ""buy_2th_pre_req_pre"": ""0"", ""buy_3th_pre_bid"": ""-1212000"", ""buy_3th_pre_req"": ""375"", ""buy_3th_pre_req_pre"": ""0"", ""buy_4th_pre_bid"": ""-1211000"", ""buy_4th_pre_req"": ""194"", ""buy_4th_pre_req_pre"": ""0"", ""buy_5th_pre_bid"": ""-1210000"", ""buy_5th_pre_req"": ""250"", ""buy_5th_pre_req_pre"": ""0"", ""buy_6th_pre_bid"": ""-1209000"", ""buy_6th_pre_req"": ""84"", ""buy_6th_pre_req_pre"": ""0"", ""buy_7th_pre_bid"": ""-1208000"", ""buy_7th_pre_req"": ""32"", ""buy_7th_pre_req_pre"": ""0"", ""buy_8th_pre_bid"": ""-1207000"", ""buy_8th_pre_req"": ""35"", ""buy_8th_pre_req_pre"": ""0"", ""buy_9th_pre_bid"": ""-1206000"", ""buy_9th_pre_req"": ""77"", ""buy_9th_pre_req_pre"": ""0"", ""buy_10th_pre_bid"": ""-1205000"", ""buy_10th_pre_req"": ""268"", ""buy_10th_pre_req_pre"": ""0"", ""tot_sel_req_jub_pre"": ""0"", ""tot_sel_req"": ""1119"", ""tot_buy_req"": ""1678"", ""tot_buy_req_jub_pre"": ""0"", ""ovt_sel_req_pre"": ""0"", ""ovt_sel_req"": ""0"", ""ovt_buy_req"": ""0"", ""ovt_buy_req_pre"": ""0"", ""return_code"": 0, ""return_msg"": ""정상적으로 처리되었습니다""}"
2026-06-10,scan_candidate,009150,,0,main_scan,1892000,,1892000,1891000,1892000,1895000,0.10570824524312897,0.052854122621564484,,,,,,"{""bid_req_base_tm"": ""105900"", ""sel_10th_pre_req_pre"": ""0"", ""sel_10th_pre_req"": ""8"", ""sel_10th_pre_bid"": ""-1901000"", ""sel_9th_pre_req_pre"": ""0"", ""sel_9th_pre_req"": ""76"", ""sel_9th_pre_bid"": ""-1900000"", ""sel_8th_pre_req_pre"": ""0"", ""sel_8th_pre_req"": ""2"", ""sel_8th_pre_bid"": ""-1899000"", ""sel_7th_pre_req_pre"": ""0"", ""sel_7th_pre_req"": ""28"", ""sel_7th_pre_bid"": ""-1898000"", ""sel_6th_pre_req_pre"": ""0"", ""sel_6th_pre_req"": ""51"", ""sel_6th_pre_bid"": ""-1897000"", ""sel_5th_pre_req_pre"": ""0"", ""sel_5th_pre_req"": ""11"", ""sel_5th_pre_bid"": ""-1896000"", ""sel_4th_pre_req_pre"": ""0"", ""sel_4th_pre_req"": ""47"", ""sel_4th_pre_bid"": ""-1895000"", ""sel_3th_pre_req_pre"": ""0"", ""sel_3th_pre_req"": ""20"", ""sel_3th_pre_bid"": ""-1894000"", ""sel_2th_pre_req_pre"": ""0"", ""sel_2th_pre_req"": ""10"", ""sel_2th_pre_bid"": ""-1893000"", ""sel_1th_pre_req_pre"": ""0"", ""sel_fpr_req"": ""109"", ""sel_fpr_bid"": ""-1892000"", ""buy_fpr_bid"": ""-1891000"", ""buy_fpr_req"": ""90"", ""buy_1th_pre_req_pre"": ""--1"", ""buy_2th_pre_bid"": ""-1890000"", ""buy_2th_pre_req"": ""650"", ""buy_2th_pre_req_pre"": ""0"", ""buy_3th_pre_bid"": ""-1889000"", ""buy_3th_pre_req"": ""241"", ""buy_3th_pre_req_pre"": ""0"", ""buy_4th_pre_bid"": ""-1888000"", ""buy_4th_pre_req"": ""203"", ""buy_4th_pre_req_pre"": ""0"", ""buy_5th_pre_bid"": ""-1887000"", ""buy_5th_pre_req"": ""196"", ""buy_5th_pre_req_pre"": ""0"", ""buy_6th_pre_bid"": ""-1886000"", ""buy_6th_pre_req"": ""211"", ""buy_6th_pre_req_pre"": ""0"", ""buy_7th_pre_bid"": ""-1885000"", ""buy_7th_pre_req"": ""461"", ""buy_7th_pre_req_pre"": ""+3"", ""buy_8th_pre_bid"": ""-1884000"", ""buy_8th_pre_req"": ""77"", ""buy_8th_pre_req_pre"": ""0"", ""buy_9th_pre_bid"": ""-1883000"", ""buy_9th_pre_req"": ""145"", ""buy_9th_pre_req_pre"": ""0"", ""buy_10th_pre_bid"": ""-1882000"", ""buy_10th_pre_req"": ""77"", ""buy_10th_pre_req_pre"": ""0"", ""tot_sel_req_jub_pre"": ""0"", ""tot_sel_req"": ""362"", ""tot_buy_req"": ""2351"", ""tot_buy_req_jub_pre"": ""+2"", ""ovt_sel_req_pre"": ""0"", ""ovt_sel_req"": ""0"", ""ovt_buy_req"": ""0"", ""ovt_buy_req_pre"": ""0"", ""return_code"": 0, ""return_msg"": ""정상적으로 처리되었습니다""}"
2026-06-10,scan_candidate,032830,,0,main_scan,371000,,371000,370500,371000,371500,0.0,0.13477088948787064,,,,,,"{""bid_req_base_tm"": ""105900"", ""sel_10th_pre_req_pre"": ""0"", ""sel_10th_pre_req"": ""26"", ""sel_10th_pre_bid"": ""-376000"", ""sel_9th_pre_req_pre"": ""0"", ""sel_9th_pre_req"": ""3"", ""sel_9th_pre_bid"": ""-375500"", ""sel_8th_pre_req_pre"": ""0"", ""sel_8th_pre_req"": ""22"", ""sel_8th_pre_bid"": ""-375000"", ""sel_7th_pre_req_pre"": ""0"", ""sel_7th_pre_req"": ""191"", ""sel_7th_pre_bid"": ""-374000"", ""sel_6th_pre_req_pre"": ""0"", ""sel_6th_pre_req"": ""5"", ""sel_6th_pre_bid"": ""-373500"", ""sel_5th_pre_req_pre"": ""0"", ""sel_5th_pre_req"": ""339"", ""sel_5th_pre_bid"": ""-373000"", ""sel_4th_pre_req_pre"": ""0"", ""sel_4th_pre_req"": ""567"", ""sel_4th_pre_bid"": ""-372500"", ""sel_3th_pre_req_pre"": ""0"", ""sel_3th_pre_req"": ""110"", ""sel_3th_pre_bid"": ""-372000"", ""sel_2th_pre_req_pre"": ""0"", ""sel_2th_pre_req"": ""3"", ""sel_2th_pre_bid"": ""-371500"", ""sel_1th_pre_req_pre"": ""+1"", ""sel_fpr_req"": ""551"", ""sel_fpr_bid"": ""-371000"", ""buy_fpr_bid"": ""-370500"", ""buy_fpr_req"": ""337"", ""buy_1th_pre_req_pre"": ""0"", ""buy_2th_pre_bid"": ""-370000"", ""buy_2th_pre_req"": ""420"", ""buy_2th_pre_req_pre"": ""0"", ""buy_3th_pre_bid"": ""-369500"", ""buy_3th_pre_req"": ""152"", ""buy_3th_pre_req_pre"": ""0"", ""buy_4th_pre_bid"": ""-369000"", ""buy_4th_pre_req"": ""101"", ""buy_4th_pre_req_pre"": ""0"", ""buy_5th_pre_bid"": ""-368500"", ""buy_5th_pre_req"": ""146"", ""buy_5th_pre_req_pre"": ""0"", ""buy_6th_pre_bid"": ""-368000"", ""buy_6th_pre_req"": ""340"", ""buy_6th_pre_req_pre"": ""0"", ""buy_7th_pre_bid"": ""-367500"", ""buy_7th_pre_req"": ""234"", ""buy_7th_pre_req_pre"": ""0"", ""buy_8th_pre_bid"": ""-367000"", ""buy_8th_pre_req"": ""443"", ""buy_8th_pre_req_pre"": ""0"", ""buy_9th_pre_bid"": ""-366500"", ""buy_9th_pre_req"": ""137"", ""buy_9th_pre_req_pre"": ""0"", ""buy_10th_pre_bid"": ""-366000"", ""buy_10th_pre_req"": ""604"", ""buy_10th_pre_req_pre"": ""0"", ""tot_sel_req_jub_pre"": ""+1"", ""tot_sel_req"": ""1817"", ""tot_buy_req"": ""2914"", ""tot_buy_req_jub_pre"": ""0"", ""ovt_sel_req_pre"": ""0"", ""ovt_sel_req"": ""0"", ""ovt_buy_req"": ""0"", ""ovt_buy_req_pre"": ""0"", ""return_code"": 0, ""return_msg"": ""정상적으로 처리되었습니다""}"
2026-06-10,scan_candidate,012330,,0,main_scan,580000,,580000,579000,580000,582000,0.1724137931034483,0.1724137931034483,,,,,,"{""bid_req_base_tm"": ""105900"", ""sel_10th_pre_req_pre"": ""0"", ""sel_10th_pre_req"": ""313"", ""sel_10th_pre_bid"": ""-589000"", ""sel_9th_pre_req_pre"": ""0"", ""sel_9th_pre_req"": ""312"", ""sel_9th_pre_bid"": ""-588000"", ""sel_8th_pre_req_pre"": ""0"", ""sel_8th_pre_req"": ""124"", ""sel_8th_pre_bid"": ""-587000"", ""sel_7th_pre_req_pre"": ""0"", ""sel_7th_pre_req"": ""148"", ""sel_7th_pre_bid"": ""-586000"", ""sel_6th_pre_req_pre"": ""0"", ""sel_6th_pre_req"": ""125"", ""sel_6th_pre_bid"": ""-585000"", ""sel_5th_pre_req_pre"": ""0"", ""sel_5th_pre_req"": ""122"", ""sel_5th_pre_bid"": ""-584000"", ""sel_4th_pre_req_pre"": ""0"", ""sel_4th_pre_req"": ""57"", ""sel_4th_pre_bid"": ""-583000"", ""sel_3th_pre_req_pre"": ""0"", ""sel_3th_pre_req"": ""46"", ""sel_3th_pre_bid"": ""-582000"", ""sel_2th_pre_req_pre"": ""0"", ""sel_2th_pre_req"": ""99"", ""sel_2th_pre_bid"": ""-581000"", ""sel_1th_pre_req_pre"": ""0"", ""sel_fpr_req"": ""225"", ""sel_fpr_bid"": ""-580000"", ""buy_fpr_bid"": ""-579000"", ""buy_fpr_req"": ""69"", ""buy_1th_pre_req_pre"": ""0"", ""buy_2th_pre_bid"": ""-578000"", ""buy_2th_pre_req"": ""130"", ""buy_2th_pre_req_pre"": ""+100"", ""buy_3th_pre_bid"": ""-577000"", ""buy_3th_pre_req"": ""712"", ""buy_3th_pre_req_pre"": ""0"", ""buy_4th_pre_bid"": ""-576000"", ""buy_4th_pre_req"": ""942"", ""buy_4th_pre_req_pre"": ""0"", ""buy_5th_pre_bid"": ""-575000"", ""buy_5th_pre_req"": ""1748"", ""buy_5th_pre_req_pre"": ""0"", ""buy_6th_pre_bid"": ""-574000"", ""buy_6th_pre_req"": ""718"", ""buy_6th_pre_req_pre"": ""0"", ""buy_7th_pre_bid"": ""-573000"", ""buy_7th_pre_req"": ""926"", ""buy_7th_pre_req_pre"": ""0"", ""buy_8th_pre_bid"": ""-572000"", ""buy_8th_pre_req"": ""1596"", ""buy_8th_pre_req_pre"": ""0"", ""buy_9th_pre_bid"": ""-571000"", ""buy_9th_pre_req"": ""1983"", ""buy_9th_pre_req_pre"": ""0"", ""buy_10th_pre_bid"": ""-570000"", ""buy_10th_pre_req"": ""5243"", ""buy_10th_pre_req_pre"": ""0"", ""tot_sel_req_jub_pre"": ""0"", ""tot_sel_req"": ""1571"", ""tot_buy_req"": ""14067"", ""tot_buy_req_jub_pre"": ""+100"", ""ovt_sel_req_pre"": ""0"", ""ovt_sel_req"": ""0"", ""ovt_buy_req"": ""0"", ""ovt_buy_req_pre"": ""0"", ""return_code"": 0, ""return_msg"": ""정상적으로 처리되었습니다""}"
2026-06-10,scan_candidate,055550,,0,main_scan,99400,,99400,99300,99400,99700,0.2012072434607646,0.1006036217303823,,,,,,"{""bid_req_base_tm"": ""105900"", ""sel_10th_pre_req_pre"": ""0"", ""sel_10th_pre_req"": ""1509"", ""sel_10th_pre_bid"": ""-100300"", ""sel_9th_pre_req_pre"": ""0"", ""sel_9th_pre_req"": ""352"", ""sel_9th_pre_bid"": ""-100200"", ""sel_8th_pre_req_pre"": ""0"", ""sel_8th_pre_req"": ""392"", ""sel_8th_pre_bid"": ""-100100"", ""sel_7th_pre_req_pre"": ""0"", ""sel_7th_pre_req"": ""77"", ""sel_7th_pre_bid"": ""-100000"", ""sel_6th_pre_req_pre"": ""0"", ""sel_6th_pre_req"": ""295"", ""sel_6th_pre_bid"": ""-99900"", ""sel_5th_pre_req_pre"": ""0"", ""sel_5th_pre_req"": ""354"", ""sel_5th_pre_bid"": ""-99800"", ""sel_4th_pre_req_pre"": ""0"", ""sel_4th_pre_req"": ""932"", ""sel_4th_pre_bid"": ""-99700"", ""sel_3th_pre_req_pre"": ""0"", ""sel_3th_pre_req"": ""408"", ""sel_3th_pre_bid"": ""-99600"", ""sel_2th_pre_req_pre"": ""0"", ""sel_2th_pre_req"": ""112"", ""sel_2th_pre_bid"": ""-99500"", ""sel_1th_pre_req_pre"": ""0"", ""sel_fpr_req"": ""1521"", ""sel_fpr_bid"": ""-99400"", ""buy_fpr_bid"": ""-99300"", ""buy_fpr_req"": ""1545"", ""buy_1th_pre_req_pre"": ""--20"", ""buy_2th_pre_bid"": ""-99200"", ""buy_2th_pre_req"": ""5212"", ""buy_2th_pre_req_pre"": ""0"", ""buy_3th_pre_bid"": ""-99100"", ""buy_3th_pre_req"": ""837"", ""buy_3th_pre_req_pre"": ""0"", ""buy_4th_pre_bid"": ""-99000"", ""buy_4th_pre_req"": ""453"", ""buy_4th_pre_req_pre"": ""0"", ""buy_5th_pre_bid"": ""-98900"", ""buy_5th_pre_req"": ""345"", ""buy_5th_pre_req_pre"": ""0"", ""buy_6th_pre_bid"": ""-98800"", ""buy_6th_pre_req"": ""282"", ""buy_6th_pre_req_pre"": ""0"", ""buy_7th_pre_bid"": ""-98700"", ""buy_7th_pre_req"": ""996"", ""buy_7th_pre_req_pre"": ""0"", ""buy_8th_pre_bid"": ""-98600"", ""buy_8th_pre_req"": ""260"", ""buy_8th_pre_req_pre"": ""0"", ""buy_9th_pre_bid"": ""-98500"", ""buy_9th_pre_req"": ""742"", ""buy_9th_pre_req_pre"": ""0"", ""buy_10th_pre_bid"": ""-98400"", ""buy_10th_pre_req"": ""1064"", ""buy_10th_pre_req_pre"": ""0"", ""tot_sel_req_jub_pre"": ""0"", ""tot_sel_req"": ""5952"", ""tot_buy_req"": ""11736"", ""tot_buy_req_jub_pre"": ""--20"", ""ovt_sel_req_pre"": ""0"", ""ovt_sel_req"": ""0"", ""ovt_buy_req"": ""0"", ""ovt_buy_req_pre"": ""0"", ""return_code"": 0, ""return_msg"": ""정상적으로 처리되었습니다""}"
2026-06-10,scan_candidate,034730,,0,main_scan,588000,,588000,587000,588000,586000,-0.5102040816326531,0.17006802721088435,,,,,,"{""bid_req_base_tm"": ""105900"", ""sel_10th_pre_req_pre"": ""0"", ""sel_10th_pre_req"": ""129"", ""sel_10th_pre_bid"": ""+597000"", ""sel_9th_pre_req_pre"": ""0"", ""sel_9th_pre_req"": ""301"", ""sel_9th_pre_bid"": ""+596000"", ""sel_8th_pre_req_pre"": ""0"", ""sel_8th_pre_req"": ""277"", ""sel_8th_pre_bid"": ""+595000"", ""sel_7th_pre_req_pre"": ""0"", ""sel_7th_pre_req"": ""374"", ""sel_7th_pre_bid"": ""594000"", ""sel_6th_pre_req_pre"": ""0"", ""sel_6th_pre_req"": ""306"", ""sel_6th_pre_bid"": ""-593000"", ""sel_5th_pre_req_pre"": ""0"", ""sel_5th_pre_req"": ""190"", ""sel_5th_pre_bid"": ""-592000"", ""sel_4th_pre_req_pre"": ""0"", ""sel_4th_pre_req"": ""46"", ""sel_4th_pre_bid"": ""-591000"", ""sel_3th_pre_req_pre"": ""0"", ""sel_3th_pre_req"": ""156"", ""sel_3th_pre_bid"": ""-590000"", ""sel_2th_pre_req_pre"": ""0"", ""sel_2th_pre_req"": ""55"", ""sel_2th_pre_bid"": ""-589000"", ""sel_1th_pre_req_pre"": ""0"", ""sel_fpr_req"": ""266"", ""sel_fpr_bid"": ""-588000"", ""buy_fpr_bid"": ""-587000"", ""buy_fpr_req"": ""479"", ""buy_1th_pre_req_pre"": ""--110"", ""buy_2th_pre_bid"": ""-586000"", ""buy_2th_pre_req"": ""317"", ""buy_2th_pre_req_pre"": ""+110"", ""buy_3th_pre_bid"": ""-585000"", ""buy_3th_pre_req"": ""250"", ""buy_3th_pre_req_pre"": ""0"", ""buy_4th_pre_bid"": ""-584000"", ""buy_4th_pre_req"": ""30"", ""buy_4th_pre_req_pre"": ""0"", ""buy_5th_pre_bid"": ""-583000"", ""buy_5th_pre_req"": ""27"", ""buy_5th_pre_req_pre"": ""0"", ""buy_6th_pre_bid"": ""-582000"", ""buy_6th_pre_req"": ""128"", ""buy_6th_pre_req_pre"": ""0"", ""buy_7th_pre_bid"": ""-581000"", ""buy_7th_pre_req"": ""116"", ""buy_7th_pre_req_pre"": ""0"", ""buy_8th_pre_bid"": ""-580000"", ""buy_8th_pre_req"": ""115"", ""buy_8th_pre_req_pre"": ""0"", ""buy_9th_pre_bid"": ""-579000"", ""buy_9th_pre_req"": ""20"", ""buy_9th_pre_req_pre"": ""0"", ""buy_10th_pre_bid"": ""-578000"", ""buy_10th_pre_req"": ""124"", ""buy_10th_pre_req_pre"": ""0"", ""tot_sel_req_jub_pre"": ""0"", ""tot_sel_req"": ""2100"", ""tot_buy_req"": ""1606"", ""tot_buy_req_jub_pre"": ""0"", ""ovt_sel_req_pre"": ""0"", ""ovt_sel_req"": ""0"", ""ovt_buy_req"": ""0"", ""ovt_buy_req_pre"": ""0"", ""return_code"": 0, ""return_msg"": ""정상적으로 처리되었습니다""}"
2026-06-10,scan_candidate,066570,,0,main_scan,232500,,232500,232000,232500,233500,0.21505376344086022,0.21505376344086022,,,,,,"{""bid_req_base_tm"": ""105901"", ""sel_10th_pre_req_pre"": ""0"", ""sel_10th_pre_req"": ""3983"", ""sel_10th_pre_bid"": ""-237000"", ""sel_9th_pre_req_pre"": ""0"", ""sel_9th_pre_req"": ""1232"", ""sel_9th_pre_bid"": ""-236500"", ""sel_8th_pre_req_pre"": ""0"", ""sel_8th_pre_req"": ""3009"", ""sel_8th_pre_bid"": ""-236000"", ""sel_7th_pre_req_pre"": ""0"", ""sel_7th_pre_req"": ""2408"", ""sel_7th_pre_bid"": ""-235500"", ""sel_6th_pre_req_pre"": ""0"", ""sel_6th_pre_req"": ""3760"", ""sel_6th_pre_bid"": ""-235000"", ""sel_5th_pre_req_pre"": ""0"", ""sel_5th_pre_req"": ""1801"", ""sel_5th_pre_bid"": ""-234500"", ""sel_4th_pre_req_pre"": ""0"", ""sel_4th_pre_req"": ""2369"", ""sel_4th_pre_bid"": ""-234000"", ""sel_3th_pre_req_pre"": ""0"", ""sel_3th_pre_req"": ""1092"", ""sel_3th_pre_bid"": ""-233500"", ""sel_2th_pre_req_pre"": ""0"", ""sel_2th_pre_req"": ""4372"", ""sel_2th_pre_bid"": ""-233000"", ""sel_1th_pre_req_pre"": ""0"", ""sel_fpr_req"": ""3061"", ""sel_fpr_bid"": ""-232500"", ""buy_fpr_bid"": ""-232000"", ""buy_fpr_req"": ""4511"", ""buy_1th_pre_req_pre"": ""0"", ""buy_2th_pre_bid"": ""-231500"", ""buy_2th_pre_req"": ""5540"", ""buy_2th_pre_req_pre"": ""0"", ""buy_3th_pre_bid"": ""-231000"", ""buy_3th_pre_req"": ""12525"", ""buy_3th_pre_req_pre"": ""0"", ""buy_4th_pre_bid"": ""-230500"", ""buy_4th_pre_req"": ""18294"", ""buy_4th_pre_req_pre"": ""0"", ""buy_5th_pre_bid"": ""-230000"", ""buy_5th_pre_req"": ""42250"", ""buy_5th_pre_req_pre"": ""0"", ""buy_6th_pre_bid"": ""-229500"", ""buy_6th_pre_req"": ""5848"", ""buy_6th_pre_req_pre"": ""0"", ""buy_7th_pre_bid"": ""-229000"", ""buy_7th_pre_req"": ""7878"", ""buy_7th_pre_req_pre"": ""0"", ""buy_8th_pre_bid"": ""-228500"", ""buy_8th_pre_req"": ""6504"", ""buy_8th_pre_req_pre"": ""0"", ""buy_9th_pre_bid"": ""-228000"", ""buy_9th_pre_req"": ""11099"", ""buy_9th_pre_req_pre"": ""0"", ""buy_10th_pre_bid"": ""-227500"", ""buy_10th_pre_req"": ""3177"", ""buy_10th_pre_req_pre"": ""+2"", ""tot_sel_req_jub_pre"": ""0"", ""tot_sel_req"": ""27087"", ""tot_buy_req"": ""117626"", ""tot_buy_req_jub_pre"": ""+2"", ""ovt_sel_req_pre"": ""0"", ""ovt_sel_req"": ""0"", ""ovt_buy_req"": ""0"", ""ovt_buy_req_pre"": ""0"", ""return_code"": 0, ""return_msg"": ""정상적으로 처리되었습니다""}"
2026-06-10,scan_candidate,035420,,0,main_scan,234500,,234500,234000,234500,235500,0.21321961620469082,0.21321961620469082,,,,,,"{""bid_req_base_tm"": ""105901"", ""sel_10th_pre_req_pre"": ""0"", ""sel_10th_pre_req"": ""2674"", ""sel_10th_pre_bid"": ""-239000"", ""sel_9th_pre_req_pre"": ""0"", ""sel_9th_pre_req"": ""1538"", ""sel_9th_pre_bid"": ""-238500"", ""sel_8th_pre_req_pre"": ""0"", ""sel_8th_pre_req"": ""3104"", ""sel_8th_pre_bid"": ""-238000"", ""sel_7th_pre_req_pre"": ""0"", ""sel_7th_pre_req"": ""3686"", ""sel_7th_pre_bid"": ""-237500"", ""sel_6th_pre_req_pre"": ""0"", ""sel_6th_pre_req"": ""2344"", ""sel_6th_pre_bid"": ""-237000"", ""sel_5th_pre_req_pre"": ""0"", ""sel_5th_pre_req"": ""3760"", ""sel_5th_pre_bid"": ""-236500"", ""sel_4th_pre_req_pre"": ""0"", ""sel_4th_pre_req"": ""3642"", ""sel_4th_pre_bid"": ""-236000"", ""sel_3th_pre_req_pre"": ""0"", ""sel_3th_pre_req"": ""1860"", ""sel_3th_pre_bid"": ""-235500"", ""sel_2th_pre_req_pre"": ""0"", ""sel_2th_pre_req"": ""1626"", ""sel_2th_pre_bid"": ""-235000"", ""sel_1th_pre_req_pre"": ""+2"", ""sel_fpr_req"": ""2509"", ""sel_fpr_bid"": ""-234500"", ""buy_fpr_bid"": ""-234000"", ""buy_fpr_req"": ""2003"", ""buy_1th_pre_req_pre"": ""0"", ""buy_2th_pre_bid"": ""-233500"", ""buy_2th_pre_req"": ""9367"", ""buy_2th_pre_req_pre"": ""0"", ""buy_3th_pre_bid"": ""-233000"", ""buy_3th_pre_req"": ""15060"", ""buy_3th_pre_req_pre"": ""0"", ""buy_4th_pre_bid"": ""-232500"", ""buy_4th_pre_req"": ""8666"", ""buy_4th_pre_req_pre"": ""0"", ""buy_5th_pre_bid"": ""-232000"", ""buy_5th_pre_req"": ""12009"", ""buy_5th_pre_req_pre"": ""0"", ""buy_6th_pre_bid"": ""-231500"", ""buy_6th_pre_req"": ""9605"", ""buy_6th_pre_req_pre"": ""0"", ""buy_7th_pre_bid"": ""-231000"", ""buy_7th_pre_req"": ""15530"", ""buy_7th_pre_req_pre"": ""0"", ""buy_8th_pre_bid"": ""-230500"", ""buy_8th_pre_req"": ""18410"", ""buy_8th_pre_req_pre"": ""0"", ""buy_9th_pre_bid"": ""-230000"", ""buy_9th_pre_req"": ""70840"", ""buy_9th_pre_req_pre"": ""0"", ""buy_10th_pre_bid"": ""-229500"", ""buy_10th_pre_req"": ""4344"", ""buy_10th_pre_req_pre"": ""0"", ""tot_sel_req_jub_pre"": ""+2"", ""tot_sel_req"": ""26743"", ""tot_buy_req"": ""165834"", ""tot_buy_req_jub_pre"": ""0"", ""ovt_sel_req_pre"": ""0"", ""ovt_sel_req"": ""0"", ""ovt_buy_req"": ""0"", ""ovt_buy_req_pre"": ""0"", ""return_code"": 0, ""return_msg"": ""정상적으로 처리되었습니다""}"
2026-06-10,scan_candidate,267260,,0,main_scan,1016000,,1016000,1015000,1016000,1016000,-0.09842519685039369,0.09842519685039369,,,,,,"{""bid_req_base_tm"": ""105901"", ""sel_10th_pre_req_pre"": ""0"", ""sel_10th_pre_req"": ""47"", ""sel_10th_pre_bid"": ""+1025000"", ""sel_9th_pre_req_pre"": ""0"", ""sel_9th_pre_req"": ""90"", ""sel_9th_pre_bid"": ""+1024000"", ""sel_8th_pre_req_pre"": ""0"", ""sel_8th_pre_req"": ""67"", ""sel_8th_pre_bid"": ""+1023000"", ""sel_7th_pre_req_pre"": ""0"", ""sel_7th_pre_req"": ""24"", ""sel_7th_pre_bid"": ""+1022000"", ""sel_6th_pre_req_pre"": ""0"", ""sel_6th_pre_req"": ""12"", ""sel_6th_pre_bid"": ""+1021000"", ""sel_5th_pre_req_pre"": ""0"", ""sel_5th_pre_req"": ""62"", ""sel_5th_pre_bid"": ""+1020000"", ""sel_4th_pre_req_pre"": ""0"", ""sel_4th_pre_req"": ""19"", ""sel_4th_pre_bid"": ""+1019000"", ""sel_3th_pre_req_pre"": ""0"", ""sel_3th_pre_req"": ""140"", ""sel_3th_pre_bid"": ""+1018000"", ""sel_2th_pre_req_pre"": ""0"", ""sel_2th_pre_req"": ""129"", ""sel_2th_pre_bid"": ""+1017000"", ""sel_1th_pre_req_pre"": ""0"", ""sel_fpr_req"": ""81"", ""sel_fpr_bid"": ""+1016000"", ""buy_fpr_bid"": ""+1015000"", ""buy_fpr_req"": ""19"", ""buy_1th_pre_req_pre"": ""+9"", ""buy_2th_pre_bid"": ""+1014000"", ""buy_2th_pre_req"": ""31"", ""buy_2th_pre_req_pre"": ""0"", ""buy_3th_pre_bid"": ""+1013000"", ""buy_3th_pre_req"": ""106"", ""buy_3th_pre_req_pre"": ""0"", ""buy_4th_pre_bid"": ""+1012000"", ""buy_4th_pre_req"": ""27"", ""buy_4th_pre_req_pre"": ""0"", ""buy_5th_pre_bid"": ""+1011000"", ""buy_5th_pre_req"": ""28"", ""buy_5th_pre_req_pre"": ""0"", ""buy_6th_pre_bid"": ""+1010000"", ""buy_6th_pre_req"": ""116"", ""buy_6th_pre_req_pre"": ""0"", ""buy_7th_pre_bid"": ""+1009000"", ""buy_7th_pre_req"": ""15"", ""buy_7th_pre_req_pre"": ""0"", ""buy_8th_pre_bid"": ""+1008000"", ""buy_8th_pre_req"": ""50"", ""buy_8th_pre_req_pre"": ""0"", ""buy_9th_pre_bid"": ""+1007000"", ""buy_9th_pre_req"": ""378"", ""buy_9th_pre_req_pre"": ""0"", ""buy_10th_pre_bid"": ""+1006000"", ""buy_10th_pre_req"": ""6"", ""buy_10th_pre_req_pre"": ""0"", ""tot_sel_req_jub_pre"": ""0"", ""tot_sel_req"": ""671"", ""tot_buy_req"": ""776"", ""tot_buy_req_jub_pre"": ""+9"", ""ovt_sel_req_pre"": ""0"", ""ovt_sel_req"": ""0"", ""ovt_buy_req"": ""0"", ""ovt_buy_req_pre"": ""0"", ""return_code"": 0, ""return_msg"": ""정상적으로 처리되었습니다""}"
2026-06-10,scan_candidate,086790,,0,main_scan,119500,,119500,119400,119500,119000,-0.8368200836820083,0.08368200836820083,,,,,,"{""bid_req_base_tm"": ""105901"", ""sel_10th_pre_req_pre"": ""0"", ""sel_10th_pre_req"": ""1169"", ""sel_10th_pre_bid"": ""+120400"", ""sel_9th_pre_req_pre"": ""0"", ""sel_9th_pre_req"": ""344"", ""sel_9th_pre_bid"": ""+120300"", ""sel_8th_pre_req_pre"": ""0"", ""sel_8th_pre_req"": ""257"", ""sel_8th_pre_bid"": ""+120200"", ""sel_7th_pre_req_pre"": ""0"", ""sel_7th_pre_req"": ""296"", ""sel_7th_pre_bid"": ""+120100"", ""sel_6th_pre_req_pre"": ""0"", ""sel_6th_pre_req"": ""774"", ""sel_6th_pre_bid"": ""+120000"", ""sel_5th_pre_req_pre"": ""0"", ""sel_5th_pre_req"": ""626"", ""sel_5th_pre_bid"": ""+119900"", ""sel_4th_pre_req_pre"": ""0"", ""sel_4th_pre_req"": ""239"", ""sel_4th_pre_bid"": ""+119800"", ""sel_3th_pre_req_pre"": ""0"", ""sel_3th_pre_req"": ""676"", ""sel_3th_pre_bid"": ""+119700"", ""sel_2th_pre_req_pre"": ""0"", ""sel_2th_pre_req"": ""224"", ""sel_2th_pre_bid"": ""+119600"", ""sel_1th_pre_req_pre"": ""0"", ""sel_fpr_req"": ""383"", ""sel_fpr_bid"": ""+119500"", ""buy_fpr_bid"": ""+119400"", ""buy_fpr_req"": ""19"", ""buy_1th_pre_req_pre"": ""0"", ""buy_2th_pre_bid"": ""+119300"", ""buy_2th_pre_req"": ""712"", ""buy_2th_pre_req_pre"": ""+285"", ""buy_3th_pre_bid"": ""+119200"", ""buy_3th_pre_req"": ""27"", ""buy_3th_pre_req_pre"": ""0"", ""buy_4th_pre_bid"": ""+119100"", ""buy_4th_pre_req"": ""813"", ""buy_4th_pre_req_pre"": ""0"", ""buy_5th_pre_bid"": ""119000"", ""buy_5th_pre_req"": ""6"", ""buy_5th_pre_req_pre"": ""0"", ""buy_6th_pre_bid"": ""-118900"", ""buy_6th_pre_req"": ""821"", ""buy_6th_pre_req_pre"": ""0"", ""buy_7th_pre_bid"": ""-118800"", ""buy_7th_pre_req"": ""37"", ""buy_7th_pre_req_pre"": ""0"", ""buy_8th_pre_bid"": ""-118700"", ""buy_8th_pre_req"": ""207"", ""buy_8th_pre_req_pre"": ""0"", ""buy_9th_pre_bid"": ""-118500"", ""buy_9th_pre_req"": ""52"", ""buy_9th_pre_req_pre"": ""0"", ""buy_10th_pre_bid"": ""-118400"", ""buy_10th_pre_req"": ""663"", ""buy_10th_pre_req_pre"": ""0"", ""tot_sel_req_jub_pre"": ""0"", ""tot_sel_req"": ""4988"", ""tot_buy_req"": ""3357"", ""tot_buy_req_jub_pre"": ""+285"", ""ovt_sel_req_pre"": ""0"", ""ovt_sel_req"": ""0"", ""ovt_buy_req"": ""0"", ""ovt_buy_req_pre"": ""0"", ""return_code"": 0, ""return_msg"": ""정상적으로 처리되었습니다""}"
2026-06-10,scan_candidate,000810,,0,main_scan,623000,,623000,622000,623000,626000,0.32102728731942215,0.16051364365971107,,,,,,"{""bid_req_base_tm"": ""105901"", ""sel_10th_pre_req_pre"": ""0"", ""sel_10th_pre_req"": ""4"", ""sel_10th_pre_bid"": ""-632000"", ""sel_9th_pre_req_pre"": ""0"", ""sel_9th_pre_req"": ""3"", ""sel_9th_pre_bid"": ""-631000"", ""sel_8th_pre_req_pre"": ""0"", ""sel_8th_pre_req"": ""48"", ""sel_8th_pre_bid"": ""-630000"", ""sel_7th_pre_req_pre"": ""0"", ""sel_7th_pre_req"": ""40"", ""sel_7th_pre_bid"": ""-629000"", ""sel_6th_pre_req_pre"": ""0"", ""sel_6th_pre_req"": ""23"", ""sel_6th_pre_bid"": ""-628000"", ""sel_5th_pre_req_pre"": ""0"", ""sel_5th_pre_req"": ""22"", ""sel_5th_pre_bid"": ""-627000"", ""sel_4th_pre_req_pre"": ""0"", ""sel_4th_pre_req"": ""23"", ""sel_4th_pre_bid"": ""-626000"", ""sel_3th_pre_req_pre"": ""0"", ""sel_3th_pre_req"": ""12"", ""sel_3th_pre_bid"": ""-625000"", ""sel_2th_pre_req_pre"": ""0"", ""sel_2th_pre_req"": ""53"", ""sel_2th_pre_bid"": ""-624000"", ""sel_1th_pre_req_pre"": ""0"", ""sel_fpr_req"": ""535"", ""sel_fpr_bid"": ""-623000"", ""buy_fpr_bid"": ""-622000"", ""buy_fpr_req"": ""745"", ""buy_1th_pre_req_pre"": ""+11"", ""buy_2th_pre_bid"": ""-621000"", ""buy_2th_pre_req"": ""102"", ""buy_2th_pre_req_pre"": ""0"", ""buy_3th_pre_bid"": ""-620000"", ""buy_3th_pre_req"": ""72"", ""buy_3th_pre_req_pre"": ""0"", ""buy_4th_pre_bid"": ""-619000"", ""buy_4th_pre_req"": ""39"", ""buy_4th_pre_req_pre"": ""0"", ""buy_5th_pre_bid"": ""-618000"", ""buy_5th_pre_req"": ""14"", ""buy_5th_pre_req_pre"": ""0"", ""buy_6th_pre_bid"": ""-617000"", ""buy_6th_pre_req"": ""31"", ""buy_6th_pre_req_pre"": ""0"", ""buy_7th_pre_bid"": ""-616000"", ""buy_7th_pre_req"": ""14"", ""buy_7th_pre_req_pre"": ""0"", ""buy_8th_pre_bid"": ""-615000"", ""buy_8th_pre_req"": ""27"", ""buy_8th_pre_req_pre"": ""0"", ""buy_9th_pre_bid"": ""-614000"", ""buy_9th_pre_req"": ""92"", ""buy_9th_pre_req_pre"": ""0"", ""buy_10th_pre_bid"": ""-613000"", ""buy_10th_pre_req"": ""37"", ""buy_10th_pre_req_pre"": ""0"", ""tot_sel_req_jub_pre"": ""0"", ""tot_sel_req"": ""763"", ""tot_buy_req"": ""1173"", ""tot_buy_req_jub_pre"": ""+11"", ""ovt_sel_req_pre"": ""0"", ""ovt_sel_req"": ""0"", ""ovt_buy_req"": ""0"", ""ovt_buy_req_pre"": ""0"", ""return_code"": 0, ""return_msg"": ""정상적으로 처리되었습니다""}"
2026-06-10,scan_candidate,011070,,0,main_scan,1145000,,1145000,1144000,1145000,1147000,0.08733624454148471,0.08733624454148471,,,,,,"{""bid_req_base_tm"": ""105902"", ""sel_10th_pre_req_pre"": ""0"", ""sel_10th_pre_req"": ""29"", ""sel_10th_pre_bid"": ""+1154000"", ""sel_9th_pre_req_pre"": ""0"", ""sel_9th_pre_req"": ""15"", ""sel_9th_pre_bid"": ""+1153000"", ""sel_8th_pre_req_pre"": ""0"", ""sel_8th_pre_req"": ""101"", ""sel_8th_pre_bid"": ""+1152000"", ""sel_7th_pre_req_pre"": ""0"", ""sel_7th_pre_req"": ""104"", ""sel_7th_pre_bid"": ""+1151000"", ""sel_6th_pre_req_pre"": ""0"", ""sel_6th_pre_req"": ""158"", ""sel_6th_pre_bid"": ""+1150000"", ""sel_5th_pre_req_pre"": ""0"", ""sel_5th_pre_req"": ""69"", ""sel_5th_pre_bid"": ""+1149000"", ""sel_4th_pre_req_pre"": ""0"", ""sel_4th_pre_req"": ""57"", ""sel_4th_pre_bid"": ""+1148000"", ""sel_3th_pre_req_pre"": ""0"", ""sel_3th_pre_req"": ""34"", ""sel_3th_pre_bid"": ""+1147000"", ""sel_2th_pre_req_pre"": ""0"", ""sel_2th_pre_req"": ""42"", ""sel_2th_pre_bid"": ""+1146000"", ""sel_1th_pre_req_pre"": ""0"", ""sel_fpr_req"": ""1"", ""sel_fpr_bid"": ""+1145000"", ""buy_fpr_bid"": ""+1144000"", ""buy_fpr_req"": ""1"", ""buy_1th_pre_req_pre"": ""0"", ""buy_2th_pre_bid"": ""+1143000"", ""buy_2th_pre_req"": ""49"", ""buy_2th_pre_req_pre"": ""+23"", ""buy_3th_pre_bid"": ""+1142000"", ""buy_3th_pre_req"": ""140"", ""buy_3th_pre_req_pre"": ""--9"", ""buy_4th_pre_bid"": ""+1141000"", ""buy_4th_pre_req"": ""18"", ""buy_4th_pre_req_pre"": ""0"", ""buy_5th_pre_bid"": ""+1140000"", ""buy_5th_pre_req"": ""427"", ""buy_5th_pre_req_pre"": ""0"", ""buy_6th_pre_bid"": ""+1139000"", ""buy_6th_pre_req"": ""117"", ""buy_6th_pre_req_pre"": ""0"", ""buy_7th_pre_bid"": ""+1138000"", ""buy_7th_pre_req"": ""42"", ""buy_7th_pre_req_pre"": ""0"", ""buy_8th_pre_bid"": ""1137000"", ""buy_8th_pre_req"": ""52"", ""buy_8th_pre_req_pre"": ""0"", ""buy_9th_pre_bid"": ""-1136000"", ""buy_9th_pre_req"": ""4"", ""buy_9th_pre_req_pre"": ""0"", ""buy_10th_pre_bid"": ""-1135000"", ""buy_10th_pre_req"": ""179"", ""buy_10th_pre_req_pre"": ""0"", ""tot_sel_req_jub_pre"": ""0"", ""tot_sel_req"": ""610"", ""tot_buy_req"": ""1029"", ""tot_buy_req_jub_pre"": ""+14"", ""ovt_sel_req_pre"": ""0"", ""ovt_sel_req"": ""0"", ""ovt_buy_req"": ""0"", ""ovt_buy_req_pre"": ""0"", ""return_code"": 0, ""return_msg"": ""정상적으로 처리되었습니다""}"
2026-06-10,scan_candidate,042700,,0,main_scan,284000,,284000,283500,284000,285000,0.17605633802816903,0.17605633802816903,,,,,,"{""bid_req_base_tm"": ""105902"", ""sel_10th_pre_req_pre"": ""0"", ""sel_10th_pre_req"": ""297"", ""sel_10th_pre_bid"": ""+288500"", ""sel_9th_pre_req_pre"": ""0"", ""sel_9th_pre_req"": ""414"", ""sel_9th_pre_bid"": ""+288000"", ""sel_8th_pre_req_pre"": ""0"", ""sel_8th_pre_req"": ""201"", ""sel_8th_pre_bid"": ""+287500"", ""sel_7th_pre_req_pre"": ""0"", ""sel_7th_pre_req"": ""745"", ""sel_7th_pre_bid"": ""+287000"", ""sel_6th_pre_req_pre"": ""0"", ""sel_6th_pre_req"": ""139"", ""sel_6th_pre_bid"": ""+286500"", ""sel_5th_pre_req_pre"": ""0"", ""sel_5th_pre_req"": ""150"", ""sel_5th_pre_bid"": ""+286000"", ""sel_4th_pre_req_pre"": ""0"", ""sel_4th_pre_req"": ""42"", ""sel_4th_pre_bid"": ""+285500"", ""sel_3th_pre_req_pre"": ""0"", ""sel_3th_pre_req"": ""444"", ""sel_3th_pre_bid"": ""+285000"", ""sel_2th_pre_req_pre"": ""0"", ""sel_2th_pre_req"": ""256"", ""sel_2th_pre_bid"": ""+284500"", ""sel_1th_pre_req_pre"": ""0"", ""sel_fpr_req"": ""50"", ""sel_fpr_bid"": ""+284000"", ""buy_fpr_bid"": ""+283500"", ""buy_fpr_req"": ""747"", ""buy_1th_pre_req_pre"": ""0"", ""buy_2th_pre_bid"": ""+283000"", ""buy_2th_pre_req"": ""473"", ""buy_2th_pre_req_pre"": ""0"", ""buy_3th_pre_bid"": ""+282500"", ""buy_3th_pre_req"": ""498"", ""buy_3th_pre_req_pre"": ""0"", ""buy_4th_pre_bid"": ""+282000"", ""buy_4th_pre_req"": ""962"", ""buy_4th_pre_req_pre"": ""0"", ""buy_5th_pre_bid"": ""+281500"", ""buy_5th_pre_req"": ""726"", ""buy_5th_pre_req_pre"": ""0"", ""buy_6th_pre_bid"": ""+281000"", ""buy_6th_pre_req"": ""527"", ""buy_6th_pre_req_pre"": ""0"", ""buy_7th_pre_bid"": ""+280500"", ""buy_7th_pre_req"": ""1025"", ""buy_7th_pre_req_pre"": ""0"", ""buy_8th_pre_bid"": ""+280000"", ""buy_8th_pre_req"": ""2595"", ""buy_8th_pre_req_pre"": ""0"", ""buy_9th_pre_bid"": ""+279500"", ""buy_9th_pre_req"": ""150"", ""buy_9th_pre_req_pre"": ""--10"", ""buy_10th_pre_bid"": ""+279000"", ""buy_10th_pre_req"": ""512"", ""buy_10th_pre_req_pre"": ""0"", ""tot_sel_req_jub_pre"": ""0"", ""tot_sel_req"": ""2738"", ""tot_buy_req"": ""8215"", ""tot_buy_req_jub_pre"": ""--10"", ""ovt_sel_req_pre"": ""0"", ""ovt_sel_req"": ""0"", ""ovt_buy_req"": ""0"", ""ovt_buy_req_pre"": ""0"", ""return_code"": 0, ""return_msg"": ""정상적으로 처리되었습니다""}"
2026-06-10,scan_candidate,017670,,0,main_scan,108500,,108500,108400,108500,108000,-0.9216589861751152,0.09216589861751152,,,,,,"{""bid_req_base_tm"": ""105902"", ""sel_10th_pre_req_pre"": ""0"", ""sel_10th_pre_req"": ""1164"", ""sel_10th_pre_bid"": ""+109400"", ""sel_9th_pre_req_pre"": ""0"", ""sel_9th_pre_req"": ""453"", ""sel_9th_pre_bid"": ""+109300"", ""sel_8th_pre_req_pre"": ""0"", ""sel_8th_pre_req"": ""454"", ""sel_8th_pre_bid"": ""+109200"", ""sel_7th_pre_req_pre"": ""0"", ""sel_7th_pre_req"": ""1108"", ""sel_7th_pre_bid"": ""+109100"", ""sel_6th_pre_req_pre"": ""0"", ""sel_6th_pre_req"": ""3648"", ""sel_6th_pre_bid"": ""+109000"", ""sel_5th_pre_req_pre"": ""0"", ""sel_5th_pre_req"": ""1558"", ""sel_5th_pre_bid"": ""+108900"", ""sel_4th_pre_req_pre"": ""0"", ""sel_4th_pre_req"": ""1071"", ""sel_4th_pre_bid"": ""+108800"", ""sel_3th_pre_req_pre"": ""0"", ""sel_3th_pre_req"": ""916"", ""sel_3th_pre_bid"": ""+108700"", ""sel_2th_pre_req_pre"": ""0"", ""sel_2th_pre_req"": ""252"", ""sel_2th_pre_bid"": ""+108600"", ""sel_1th_pre_req_pre"": ""0"", ""sel_fpr_req"": ""1123"", ""sel_fpr_bid"": ""+108500"", ""buy_fpr_bid"": ""+108400"", ""buy_fpr_req"": ""1514"", ""buy_1th_pre_req_pre"": ""+9"", ""buy_2th_pre_bid"": ""+108300"", ""buy_2th_pre_req"": ""172"", ""buy_2th_pre_req_pre"": ""0"", ""buy_3th_pre_bid"": ""+108200"", ""buy_3th_pre_req"": ""543"", ""buy_3th_pre_req_pre"": ""0"", ""buy_4th_pre_bid"": ""108100"", ""buy_4th_pre_req"": ""176"", ""buy_4th_pre_req_pre"": ""--9"", ""buy_5th_pre_bid"": ""-108000"", ""buy_5th_pre_req"": ""2030"", ""buy_5th_pre_req_pre"": ""0"", ""buy_6th_pre_bid"": ""-107900"", ""buy_6th_pre_req"": ""237"", ""buy_6th_pre_req_pre"": ""0"", ""buy_7th_pre_bid"": ""-107800"", ""buy_7th_pre_req"": ""41"", ""buy_7th_pre_req_pre"": ""0"", ""buy_8th_pre_bid"": ""-107700"", ""buy_8th_pre_req"": ""1847"", ""buy_8th_pre_req_pre"": ""0"", ""buy_9th_pre_bid"": ""-107600"", ""buy_9th_pre_req"": ""1461"", ""buy_9th_pre_req_pre"": ""0"", ""buy_10th_pre_bid"": ""-107500"", ""buy_10th_pre_req"": ""3118"", ""buy_10th_pre_req_pre"": ""0"", ""tot_sel_req_jub_pre"": ""0"", ""tot_sel_req"": ""11747"", ""tot_buy_req"": ""11139"", ""tot_buy_req_jub_pre"": ""0"", ""ovt_sel_req_pre"": ""0"", ""ovt_sel_req"": ""0"", ""ovt_buy_req"": ""0"", ""ovt_buy_req_pre"": ""0"", ""return_code"": 0, ""return_msg"": ""정상적으로 처리되었습니다""}"
2026-06-10,scan_candidate,316140,,0,main_scan,30000,,30000,29950,30000,29950,-0.33333333333333337,0.16666666666666669,,,,,,"{""bid_req_base_tm"": ""105902"", ""sel_10th_pre_req_pre"": ""0"", ""sel_10th_pre_req"": ""1464"", ""sel_10th_pre_bid"": ""+30450"", ""sel_9th_pre_req_pre"": ""0"", ""sel_9th_pre_req"": ""3192"", ""sel_9th_pre_bid"": ""+30400"", ""sel_8th_pre_req_pre"": ""0"", ""sel_8th_pre_req"": ""768"", ""sel_8th_pre_bid"": ""+30350"", ""sel_7th_pre_req_pre"": ""0"", ""sel_7th_pre_req"": ""2469"", ""sel_7th_pre_bid"": ""+30300"", ""sel_6th_pre_req_pre"": ""0"", ""sel_6th_pre_req"": ""1207"", ""sel_6th_pre_bid"": ""+30250"", ""sel_5th_pre_req_pre"": ""0"", ""sel_5th_pre_req"": ""6671"", ""sel_5th_pre_bid"": ""+30200"", ""sel_4th_pre_req_pre"": ""0"", ""sel_4th_pre_req"": ""1300"", ""sel_4th_pre_bid"": ""+30150"", ""sel_3th_pre_req_pre"": ""0"", ""sel_3th_pre_req"": ""1772"", ""sel_3th_pre_bid"": ""+30100"", ""sel_2th_pre_req_pre"": ""0"", ""sel_2th_pre_req"": ""799"", ""sel_2th_pre_bid"": ""+30050"", ""sel_1th_pre_req_pre"": ""0"", ""sel_fpr_req"": ""1036"", ""sel_fpr_bid"": ""30000"", ""buy_fpr_bid"": ""-29950"", ""buy_fpr_req"": ""1563"", ""buy_1th_pre_req_pre"": ""0"", ""buy_2th_pre_bid"": ""-29900"", ""buy_2th_pre_req"": ""2575"", ""buy_2th_pre_req_pre"": ""0"", ""buy_3th_pre_bid"": ""-29850"", ""buy_3th_pre_req"": ""1633"", ""buy_3th_pre_req_pre"": ""0"", ""buy_4th_pre_bid"": ""-29800"", ""buy_4th_pre_req"": ""2578"", ""buy_4th_pre_req_pre"": ""0"", ""buy_5th_pre_bid"": ""-29750"", ""buy_5th_pre_req"": ""1347"", ""buy_5th_pre_req_pre"": ""0"", ""buy_6th_pre_bid"": ""-29700"", ""buy_6th_pre_req"": ""2703"", ""buy_6th_pre_req_pre"": ""0"", ""buy_7th_pre_bid"": ""-29650"", ""buy_7th_pre_req"": ""3518"", ""buy_7th_pre_req_pre"": ""0"", ""buy_8th_pre_bid"": ""-29600"", ""buy_8th_pre_req"": ""1291"", ""buy_8th_pre_req_pre"": ""0"", ""buy_9th_pre_bid"": ""-29550"", ""buy_9th_pre_req"": ""626"", ""buy_9th_pre_req_pre"": ""0"", ""buy_10th_pre_bid"": ""-29500"", ""buy_10th_pre_req"": ""1489"", ""buy_10th_pre_req_pre"": ""0"", ""tot_sel_req_jub_pre"": ""0"", ""tot_sel_req"": ""20678"", ""tot_buy_req"": ""19323"", ""tot_buy_req_jub_pre"": ""0"", ""ovt_sel_req_pre"": ""0"", ""ovt_sel_req"": ""0"", ""ovt_buy_req"": ""0"", ""ovt_buy_req_pre"": ""0"", ""return_code"": 0, ""return_msg"": ""정상적으로 처리되었습니다""}"
2026-06-10,scan_candidate,018260,,0,main_scan,231500,,231500,231000,231500,233500,0.6479481641468683,0.21598272138228944,,,,,,"{""bid_req_base_tm"": ""105902"", ""sel_10th_pre_req_pre"": ""0"", ""sel_10th_pre_req"": ""314"", ""sel_10th_pre_bid"": ""-236000"", ""sel_9th_pre_req_pre"": ""0"", ""sel_9th_pre_req"": ""222"", ""sel_9th_pre_bid"": ""-235500"", ""sel_8th_pre_req_pre"": ""0"", ""sel_8th_pre_req"": ""133"", ""sel_8th_pre_bid"": ""-235000"", ""sel_7th_pre_req_pre"": ""0"", ""sel_7th_pre_req"": ""199"", ""sel_7th_pre_bid"": ""-234500"", ""sel_6th_pre_req_pre"": ""0"", ""sel_6th_pre_req"": ""215"", ""sel_6th_pre_bid"": ""-234000"", ""sel_5th_pre_req_pre"": ""0"", ""sel_5th_pre_req"": ""54"", ""sel_5th_pre_bid"": ""-233500"", ""sel_4th_pre_req_pre"": ""0"", ""sel_4th_pre_req"": ""339"", ""sel_4th_pre_bid"": ""-233000"", ""sel_3th_pre_req_pre"": ""0"", ""sel_3th_pre_req"": ""57"", ""sel_3th_pre_bid"": ""-232500"", ""sel_2th_pre_req_pre"": ""0"", ""sel_2th_pre_req"": ""174"", ""sel_2th_pre_bid"": ""-232000"", ""sel_1th_pre_req_pre"": ""0"", ""sel_fpr_req"": ""19"", ""sel_fpr_bid"": ""-231500"", ""buy_fpr_bid"": ""-231000"", ""buy_fpr_req"": ""2991"", ""buy_1th_pre_req_pre"": ""0"", ""buy_2th_pre_bid"": ""-230500"", ""buy_2th_pre_req"": ""2170"", ""buy_2th_pre_req_pre"": ""0"", ""buy_3th_pre_bid"": ""-230000"", ""buy_3th_pre_req"": ""5069"", ""buy_3th_pre_req_pre"": ""0"", ""buy_4th_pre_bid"": ""-229500"", ""buy_4th_pre_req"": ""991"", ""buy_4th_pre_req_pre"": ""0"", ""buy_5th_pre_bid"": ""-229000"", ""buy_5th_pre_req"": ""1541"", ""buy_5th_pre_req_pre"": ""0"", ""buy_6th_pre_bid"": ""-228500"", ""buy_6th_pre_req"": ""942"", ""buy_6th_pre_req_pre"": ""0"", ""buy_7th_pre_bid"": ""-228000"", ""buy_7th_pre_req"": ""1737"", ""buy_7th_pre_req_pre"": ""0"", ""buy_8th_pre_bid"": ""-227500"", ""buy_8th_pre_req"": ""1725"", ""buy_8th_pre_req_pre"": ""0"", ""buy_9th_pre_bid"": ""-227000"", ""buy_9th_pre_req"": ""3177"", ""buy_9th_pre_req_pre"": ""0"", ""buy_10th_pre_bid"": ""-226500"", ""buy_10th_pre_req"": ""365"", ""buy_10th_pre_req_pre"": ""+3"", ""tot_sel_req_jub_pre"": ""0"", ""tot_sel_req"": ""1726"", ""tot_buy_req"": ""20708"", ""tot_buy_req_jub_pre"": ""+3"", ""ovt_sel_req_pre"": ""0"", ""ovt_sel_req"": ""0"", ""ovt_buy_req"": ""0"", ""ovt_buy_req_pre"": ""0"", ""return_code"": 0, ""return_msg"": ""정상적으로 처리되었습니다""}"
2026-06-10,scan_candidate,033780,,0,main_scan,185000,,185000,184900,185000,184000,-0.8108108108108109,0.05405405405405406,,,,,,"{""bid_req_base_tm"": ""105902"", ""sel_10th_pre_req_pre"": ""0"", ""sel_10th_pre_req"": ""312"", ""sel_10th_pre_bid"": ""+185900"", ""sel_9th_pre_req_pre"": ""0"", ""sel_9th_pre_req"": ""548"", ""sel_9th_pre_bid"": ""+185800"", ""sel_8th_pre_req_pre"": ""0"", ""sel_8th_pre_req"": ""155"", ""sel_8th_pre_bid"": ""+185700"", ""sel_7th_pre_req_pre"": ""0"", ""sel_7th_pre_req"": ""2"", ""sel_7th_pre_bid"": ""+185600"", ""sel_6th_pre_req_pre"": ""0"", ""sel_6th_pre_req"": ""102"", ""sel_6th_pre_bid"": ""+185500"", ""sel_5th_pre_req_pre"": ""0"", ""sel_5th_pre_req"": ""8"", ""sel_5th_pre_bid"": ""+185400"", ""sel_4th_pre_req_pre"": ""0"", ""sel_4th_pre_req"": ""1"", ""sel_4th_pre_bid"": ""+185300"", ""sel_3th_pre_req_pre"": ""0"", ""sel_3th_pre_req"": ""8"", ""sel_3th_pre_bid"": ""+185200"", ""sel_2th_pre_req_pre"": ""0"", ""sel_2th_pre_req"": ""22"", ""sel_2th_pre_bid"": ""+185100"", ""sel_1th_pre_req_pre"": ""0"", ""sel_fpr_req"": ""1329"", ""sel_fpr_bid"": ""+185000"", ""buy_fpr_bid"": ""+184900"", ""buy_fpr_req"": ""50"", ""buy_1th_pre_req_pre"": ""--15"", ""buy_2th_pre_bid"": ""+184700"", ""buy_2th_pre_req"": ""231"", ""buy_2th_pre_req_pre"": ""0"", ""buy_3th_pre_bid"": ""+184600"", ""buy_3th_pre_req"": ""85"", ""buy_3th_pre_req_pre"": ""0"", ""buy_4th_pre_bid"": ""+184500"", ""buy_4th_pre_req"": ""218"", ""buy_4th_pre_req_pre"": ""0"", ""buy_5th_pre_bid"": ""184300"", ""buy_5th_pre_req"": ""222"", ""buy_5th_pre_req_pre"": ""0"", ""buy_6th_pre_bid"": ""-184200"", ""buy_6th_pre_req"": ""222"", ""buy_6th_pre_req_pre"": ""0"", ""buy_7th_pre_bid"": ""-184100"", ""buy_7th_pre_req"": ""159"", ""buy_7th_pre_req_pre"": ""0"", ""buy_8th_pre_bid"": ""-184000"", ""buy_8th_pre_req"": ""8"", ""buy_8th_pre_req_pre"": ""0"", ""buy_9th_pre_bid"": ""-183900"", ""buy_9th_pre_req"": ""48"", ""buy_9th_pre_req_pre"": ""0"", ""buy_10th_pre_bid"": ""-183800"", ""buy_10th_pre_req"": ""2"", ""buy_10th_pre_req_pre"": ""0"", ""tot_sel_req_jub_pre"": ""0"", ""tot_sel_req"": ""2487"", ""tot_buy_req"": ""1245"", ""tot_buy_req_jub_pre"": ""--15"", ""ovt_sel_req_pre"": ""0"", ""ovt_sel_req"": ""0"", ""ovt_buy_req"": ""0"", ""ovt_buy_req_pre"": ""0"", ""return_code"": 0, ""return_msg"": ""정상적으로 처리되었습니다""}"
2026-06-10,scan_candidate,307950,,0,main_scan,700000,,700000,699000,700000,703000,0.2857142857142857,0.14285714285714285,,,,,,"{""bid_req_base_tm"": ""105903"", ""sel_10th_pre_req_pre"": ""0"", ""sel_10th_pre_req"": ""32"", ""sel_10th_pre_bid"": ""+709000"", ""sel_9th_pre_req_pre"": ""0"", ""sel_9th_pre_req"": ""15"", ""sel_9th_pre_bid"": ""+708000"", ""sel_8th_pre_req_pre"": ""0"", ""sel_8th_pre_req"": ""1"", ""sel_8th_pre_bid"": ""+707000"", ""sel_7th_pre_req_pre"": ""0"", ""sel_7th_pre_req"": ""10"", ""sel_7th_pre_bid"": ""+706000"", ""sel_6th_pre_req_pre"": ""0"", ""sel_6th_pre_req"": ""11"", ""sel_6th_pre_bid"": ""+705000"", ""sel_5th_pre_req_pre"": ""0"", ""sel_5th_pre_req"": ""14"", ""sel_5th_pre_bid"": ""+704000"", ""sel_4th_pre_req_pre"": ""0"", ""sel_4th_pre_req"": ""6"", ""sel_4th_pre_bid"": ""+703000"", ""sel_3th_pre_req_pre"": ""0"", ""sel_3th_pre_req"": ""105"", ""sel_3th_pre_bid"": ""+702000"", ""sel_2th_pre_req_pre"": ""0"", ""sel_2th_pre_req"": ""158"", ""sel_2th_pre_bid"": ""+701000"", ""sel_1th_pre_req_pre"": ""0"", ""sel_fpr_req"": ""143"", ""sel_fpr_bid"": ""+700000"", ""buy_fpr_bid"": ""+699000"", ""buy_fpr_req"": ""87"", ""buy_1th_pre_req_pre"": ""--1"", ""buy_2th_pre_bid"": ""+698000"", ""buy_2th_pre_req"": ""183"", ""buy_2th_pre_req_pre"": ""0"", ""buy_3th_pre_bid"": ""+697000"", ""buy_3th_pre_req"": ""291"", ""buy_3th_pre_req_pre"": ""0"", ""buy_4th_pre_bid"": ""+696000"", ""buy_4th_pre_req"": ""191"", ""buy_4th_pre_req_pre"": ""0"", ""buy_5th_pre_bid"": ""+695000"", ""buy_5th_pre_req"": ""371"", ""buy_5th_pre_req_pre"": ""0"", ""buy_6th_pre_bid"": ""+694000"", ""buy_6th_pre_req"": ""97"", ""buy_6th_pre_req_pre"": ""0"", ""buy_7th_pre_bid"": ""+693000"", ""buy_7th_pre_req"": ""96"", ""buy_7th_pre_req_pre"": ""0"", ""buy_8th_pre_bid"": ""+692000"", ""buy_8th_pre_req"": ""171"", ""buy_8th_pre_req_pre"": ""0"", ""buy_9th_pre_bid"": ""+691000"", ""buy_9th_pre_req"": ""317"", ""buy_9th_pre_req_pre"": ""0"", ""buy_10th_pre_bid"": ""+690000"", ""buy_10th_pre_req"": ""202"", ""buy_10th_pre_req_pre"": ""0"", ""tot_sel_req_jub_pre"": ""0"", ""tot_sel_req"": ""495"", ""tot_buy_req"": ""2006"", ""tot_buy_req_jub_pre"": ""--1"", ""ovt_sel_req_pre"": ""0"", ""ovt_sel_req"": ""0"", ""ovt_buy_req"": ""0"", ""ovt_buy_req_pre"": ""0"", ""return_code"": 0, ""return_msg"": ""정상적으로 처리되었습니다""}"
2026-06-10,scan_candidate,138040,,0,main_scan,109600,,109600,109500,109600,109000,-1.0036496350364963,0.09124087591240876,,,,,,"{""bid_req_base_tm"": ""105902"", ""sel_10th_pre_req_pre"": ""0"", ""sel_10th_pre_req"": ""660"", ""sel_10th_pre_bid"": ""+110600"", ""sel_9th_pre_req_pre"": ""0"", ""sel_9th_pre_req"": ""3569"", ""sel_9th_pre_bid"": ""+110500"", ""sel_8th_pre_req_pre"": ""0"", ""sel_8th_pre_req"": ""121"", ""sel_8th_pre_bid"": ""+110400"", ""sel_7th_pre_req_pre"": ""0"", ""sel_7th_pre_req"": ""1556"", ""sel_7th_pre_bid"": ""+110300"", ""sel_6th_pre_req_pre"": ""0"", ""sel_6th_pre_req"": ""518"", ""sel_6th_pre_bid"": ""+110200"", ""sel_5th_pre_req_pre"": ""0"", ""sel_5th_pre_req"": ""5075"", ""sel_5th_pre_bid"": ""+110100"", ""sel_4th_pre_req_pre"": ""+2"", ""sel_4th_pre_req"": ""897"", ""sel_4th_pre_bid"": ""+110000"", ""sel_3th_pre_req_pre"": ""0"", ""sel_3th_pre_req"": ""592"", ""sel_3th_pre_bid"": ""+109900"", ""sel_2th_pre_req_pre"": ""0"", ""sel_2th_pre_req"": ""502"", ""sel_2th_pre_bid"": ""+109800"", ""sel_1th_pre_req_pre"": ""0"", ""sel_fpr_req"": ""206"", ""sel_fpr_bid"": ""+109600"", ""buy_fpr_bid"": ""+109500"", ""buy_fpr_req"": ""536"", ""buy_1th_pre_req_pre"": ""0"", ""buy_2th_pre_bid"": ""+109400"", ""buy_2th_pre_req"": ""281"", ""buy_2th_pre_req_pre"": ""0"", ""buy_3th_pre_bid"": ""+109300"", ""buy_3th_pre_req"": ""195"", ""buy_3th_pre_req_pre"": ""0"", ""buy_4th_pre_bid"": ""+109200"", ""buy_4th_pre_req"": ""233"", ""buy_4th_pre_req_pre"": ""0"", ""buy_5th_pre_bid"": ""109100"", ""buy_5th_pre_req"": ""70"", ""buy_5th_pre_req_pre"": ""0"", ""buy_6th_pre_bid"": ""-109000"", ""buy_6th_pre_req"": ""4"", ""buy_6th_pre_req_pre"": ""0"", ""buy_7th_pre_bid"": ""-108900"", ""buy_7th_pre_req"": ""31"", ""buy_7th_pre_req_pre"": ""0"", ""buy_8th_pre_bid"": ""-108800"", ""buy_8th_pre_req"": ""111"", ""buy_8th_pre_req_pre"": ""0"", ""buy_9th_pre_bid"": ""-108700"", ""buy_9th_pre_req"": ""37"", ""buy_9th_pre_req_pre"": ""0"", ""buy_10th_pre_bid"": ""-108600"", ""buy_10th_pre_req"": ""264"", ""buy_10th_pre_req_pre"": ""0"", ""tot_sel_req_jub_pre"": ""+2"", ""tot_sel_req"": ""13696"", ""tot_buy_req"": ""1762"", ""tot_buy_req_jub_pre"": ""0"", ""ovt_sel_req_pre"": ""0"", ""ovt_sel_req"": ""0"", ""ovt_buy_req"": ""0"", ""ovt_buy_req_pre"": ""0"", ""return_code"": 0, ""return_msg"": ""정상적으로 처리되었습니다""}"
2026-06-10,scan_candidate,003550,,0,main_scan,110200,,110200,110100,110200,110000,-0.6352087114337568,0.09074410163339383,,,,,,"{""bid_req_base_tm"": ""105902"", ""sel_10th_pre_req_pre"": ""0"", ""sel_10th_pre_req"": ""50"", ""sel_10th_pre_bid"": ""-111200"", ""sel_9th_pre_req_pre"": ""0"", ""sel_9th_pre_req"": ""61"", ""sel_9th_pre_bid"": ""-111100"", ""sel_8th_pre_req_pre"": ""0"", ""sel_8th_pre_req"": ""749"", ""sel_8th_pre_bid"": ""-111000"", ""sel_7th_pre_req_pre"": ""0"", ""sel_7th_pre_req"": ""491"", ""sel_7th_pre_bid"": ""-110900"", ""sel_6th_pre_req_pre"": ""0"", ""sel_6th_pre_req"": ""6"", ""sel_6th_pre_bid"": ""-110800"", ""sel_5th_pre_req_pre"": ""0"", ""sel_5th_pre_req"": ""83"", ""sel_5th_pre_bid"": ""-110600"", ""sel_4th_pre_req_pre"": ""0"", ""sel_4th_pre_req"": ""8"", ""sel_4th_pre_bid"": ""-110500"", ""sel_3th_pre_req_pre"": ""0"", ""sel_3th_pre_req"": ""33"", ""sel_3th_pre_bid"": ""-110400"", ""sel_2th_pre_req_pre"": ""0"", ""sel_2th_pre_req"": ""304"", ""sel_2th_pre_bid"": ""-110300"", ""sel_1th_pre_req_pre"": ""0"", ""sel_fpr_req"": ""322"", ""sel_fpr_bid"": ""-110200"", ""buy_fpr_bid"": ""-110100"", ""buy_fpr_req"": ""377"", ""buy_1th_pre_req_pre"": ""+24"", ""buy_2th_pre_bid"": ""-110000"", ""buy_2th_pre_req"": ""190"", ""buy_2th_pre_req_pre"": ""0"", ""buy_3th_pre_bid"": ""-109900"", ""buy_3th_pre_req"": ""92"", ""buy_3th_pre_req_pre"": ""0"", ""buy_4th_pre_bid"": ""-109800"", ""buy_4th_pre_req"": ""53"", ""buy_4th_pre_req_pre"": ""0"", ""buy_5th_pre_bid"": ""-109700"", ""buy_5th_pre_req"": ""76"", ""buy_5th_pre_req_pre"": ""0"", ""buy_6th_pre_bid"": ""-109600"", ""buy_6th_pre_req"": ""3"", ""buy_6th_pre_req_pre"": ""0"", ""buy_7th_pre_bid"": ""-109500"", ""buy_7th_pre_req"": ""15"", ""buy_7th_pre_req_pre"": ""0"", ""buy_8th_pre_bid"": ""-109400"", ""buy_8th_pre_req"": ""2"", ""buy_8th_pre_req_pre"": ""0"", ""buy_9th_pre_bid"": ""-109300"", ""buy_9th_pre_req"": ""2"", ""buy_9th_pre_req_pre"": ""0"", ""buy_10th_pre_bid"": ""-109200"", ""buy_10th_pre_req"": ""9"", ""buy_10th_pre_req_pre"": ""0"", ""tot_sel_req_jub_pre"": ""0"", ""tot_sel_req"": ""2107"", ""tot_buy_req"": ""819"", ""tot_buy_req_jub_pre"": ""+24"", ""ovt_sel_req_pre"": ""0"", ""ovt_sel_req"": ""0"", ""ovt_buy_req"": ""0"", ""ovt_buy_req_pre"": ""0"", ""return_code"": 0, ""return_msg"": ""정상적으로 처리되었습니다""}"
2026-06-10,scan_candidate,024110,,0,main_scan,21050,,21050,21000,21050,20800,-1.4251781472684086,0.23752969121140144,,,,,,"{""bid_req_base_tm"": ""105903"", ""sel_10th_pre_req_pre"": ""0"", ""sel_10th_pre_req"": ""45978"", ""sel_10th_pre_bid"": ""+21500"", ""sel_9th_pre_req_pre"": ""0"", ""sel_9th_pre_req"": ""1926"", ""sel_9th_pre_bid"": ""+21450"", ""sel_8th_pre_req_pre"": ""0"", ""sel_8th_pre_req"": ""10291"", ""sel_8th_pre_bid"": ""+21400"", ""sel_7th_pre_req_pre"": ""0"", ""sel_7th_pre_req"": ""5030"", ""sel_7th_pre_bid"": ""+21350"", ""sel_6th_pre_req_pre"": ""0"", ""sel_6th_pre_req"": ""13455"", ""sel_6th_pre_bid"": ""+21300"", ""sel_5th_pre_req_pre"": ""0"", ""sel_5th_pre_req"": ""6814"", ""sel_5th_pre_bid"": ""+21250"", ""sel_4th_pre_req_pre"": ""0"", ""sel_4th_pre_req"": ""17740"", ""sel_4th_pre_bid"": ""+21200"", ""sel_3th_pre_req_pre"": ""0"", ""sel_3th_pre_req"": ""20455"", ""sel_3th_pre_bid"": ""+21150"", ""sel_2th_pre_req_pre"": ""0"", ""sel_2th_pre_req"": ""14718"", ""sel_2th_pre_bid"": ""+21100"", ""sel_1th_pre_req_pre"": ""0"", ""sel_fpr_req"": ""16842"", ""sel_fpr_bid"": ""+21050"", ""buy_fpr_bid"": ""+21000"", ""buy_fpr_req"": ""9198"", ""buy_1th_pre_req_pre"": ""+159"", ""buy_2th_pre_bid"": ""+20950"", ""buy_2th_pre_req"": ""1229"", ""buy_2th_pre_req_pre"": ""0"", ""buy_3th_pre_bid"": ""+20900"", ""buy_3th_pre_req"": ""909"", ""buy_3th_pre_req_pre"": ""0"", ""buy_4th_pre_bid"": ""+20850"", ""buy_4th_pre_req"": ""3342"", ""buy_4th_pre_req_pre"": ""0"", ""buy_5th_pre_bid"": ""+20800"", ""buy_5th_pre_req"": ""2186"", ""buy_5th_pre_req_pre"": ""0"", ""buy_6th_pre_bid"": ""+20750"", ""buy_6th_pre_req"": ""1167"", ""buy_6th_pre_req_pre"": ""0"", ""buy_7th_pre_bid"": ""+20700"", ""buy_7th_pre_req"": ""2181"", ""buy_7th_pre_req_pre"": ""0"", ""buy_8th_pre_bid"": ""+20650"", ""buy_8th_pre_req"": ""2033"", ""buy_8th_pre_req_pre"": ""0"", ""buy_9th_pre_bid"": ""+20600"", ""buy_9th_pre_req"": ""3665"", ""buy_9th_pre_req_pre"": ""0"", ""buy_10th_pre_bid"": ""20550"", ""buy_10th_pre_req"": ""2687"", ""buy_10th_pre_req_pre"": ""0"", ""tot_sel_req_jub_pre"": ""0"", ""tot_sel_req"": ""153249"", ""tot_buy_req"": ""28597"", ""tot_buy_req_jub_pre"": ""+159"", ""ovt_sel_req_pre"": ""0"", ""ovt_sel_req"": ""0"", ""ovt_buy_req"": ""0"", ""ovt_buy_req_pre"": ""0"", ""return_code"": 0, ""return_msg"": ""정상적으로 처리되었습니다""}"
2026-06-10,scan_candidate,079550,,0,main_scan,774000,,774000,773000,774000,776000,0.12919896640826875,0.12919896640826875,,,,,,"{""bid_req_base_tm"": ""105903"", ""sel_10th_pre_req_pre"": ""0"", ""sel_10th_pre_req"": ""140"", ""sel_10th_pre_bid"": ""+783000"", ""sel_9th_pre_req_pre"": ""0"", ""sel_9th_pre_req"": ""72"", ""sel_9th_pre_bid"": ""+782000"", ""sel_8th_pre_req_pre"": ""0"", ""sel_8th_pre_req"": ""4"", ""sel_8th_pre_bid"": ""+781000"", ""sel_7th_pre_req_pre"": ""0"", ""sel_7th_pre_req"": ""92"", ""sel_7th_pre_bid"": ""+780000"", ""sel_6th_pre_req_pre"": ""0"", ""sel_6th_pre_req"": ""13"", ""sel_6th_pre_bid"": ""+779000"", ""sel_5th_pre_req_pre"": ""0"", ""sel_5th_pre_req"": ""126"", ""sel_5th_pre_bid"": ""+778000"", ""sel_4th_pre_req_pre"": ""0"", ""sel_4th_pre_req"": ""104"", ""sel_4th_pre_bid"": ""+777000"", ""sel_3th_pre_req_pre"": ""0"", ""sel_3th_pre_req"": ""12"", ""sel_3th_pre_bid"": ""+776000"", ""sel_2th_pre_req_pre"": ""0"", ""sel_2th_pre_req"": ""19"", ""sel_2th_pre_bid"": ""+775000"", ""sel_1th_pre_req_pre"": ""+6"", ""sel_fpr_req"": ""47"", ""sel_fpr_bid"": ""+774000"", ""buy_fpr_bid"": ""+773000"", ""buy_fpr_req"": ""41"", ""buy_1th_pre_req_pre"": ""0"", ""buy_2th_pre_bid"": ""+772000"", ""buy_2th_pre_req"": ""29"", ""buy_2th_pre_req_pre"": ""0"", ""buy_3th_pre_bid"": ""+771000"", ""buy_3th_pre_req"": ""239"", ""buy_3th_pre_req_pre"": ""0"", ""buy_4th_pre_bid"": ""+770000"", ""buy_4th_pre_req"": ""320"", ""buy_4th_pre_req_pre"": ""0"", ""buy_5th_pre_bid"": ""+769000"", ""buy_5th_pre_req"": ""22"", ""buy_5th_pre_req_pre"": ""0"", ""buy_6th_pre_bid"": ""+768000"", ""buy_6th_pre_req"": ""42"", ""buy_6th_pre_req_pre"": ""0"", ""buy_7th_pre_bid"": ""+767000"", ""buy_7th_pre_req"": ""26"", ""buy_7th_pre_req_pre"": ""0"", ""buy_8th_pre_bid"": ""+766000"", ""buy_8th_pre_req"": ""25"", ""buy_8th_pre_req_pre"": ""0"", ""buy_9th_pre_bid"": ""+765000"", ""buy_9th_pre_req"": ""81"", ""buy_9th_pre_req_pre"": ""0"", ""buy_10th_pre_bid"": ""+764000"", ""buy_10th_pre_req"": ""33"", ""buy_10th_pre_req_pre"": ""0"", ""tot_sel_req_jub_pre"": ""+6"", ""tot_sel_req"": ""629"", ""tot_buy_req"": ""858"", ""tot_buy_req_jub_pre"": ""0"", ""ovt_sel_req_pre"": ""0"", ""ovt_sel_req"": ""0"", ""ovt_buy_req"": ""0"", ""ovt_buy_req_pre"": ""0"", ""return_code"": 0, ""return_msg"": ""정상적으로 처리되었습니다""}"
2026-06-10,scan_candidate,278470,,0,main_scan,419000,,419000,418500,419000,418000,-0.35799522673031026,0.11933174224343676,,,,,,"{""bid_req_base_tm"": ""105901"", ""sel_10th_pre_req_pre"": ""0"", ""sel_10th_pre_req"": ""521"", ""sel_10th_pre_bid"": ""+423500"", ""sel_9th_pre_req_pre"": ""0"", ""sel_9th_pre_req"": ""745"", ""sel_9th_pre_bid"": ""+423000"", ""sel_8th_pre_req_pre"": ""0"", ""sel_8th_pre_req"": ""193"", ""sel_8th_pre_bid"": ""+422500"", ""sel_7th_pre_req_pre"": ""0"", ""sel_7th_pre_req"": ""293"", ""sel_7th_pre_bid"": ""+422000"", ""sel_6th_pre_req_pre"": ""0"", ""sel_6th_pre_req"": ""93"", ""sel_6th_pre_bid"": ""+421500"", ""sel_5th_pre_req_pre"": ""0"", ""sel_5th_pre_req"": ""154"", ""sel_5th_pre_bid"": ""+421000"", ""sel_4th_pre_req_pre"": ""0"", ""sel_4th_pre_req"": ""25"", ""sel_4th_pre_bid"": ""+420500"", ""sel_3th_pre_req_pre"": ""0"", ""sel_3th_pre_req"": ""337"", ""sel_3th_pre_bid"": ""+420000"", ""sel_2th_pre_req_pre"": ""0"", ""sel_2th_pre_req"": ""139"", ""sel_2th_pre_bid"": ""+419500"", ""sel_1th_pre_req_pre"": ""0"", ""sel_fpr_req"": ""45"", ""sel_fpr_bid"": ""+419000"", ""buy_fpr_bid"": ""+418500"", ""buy_fpr_req"": ""5"", ""buy_1th_pre_req_pre"": ""0"", ""buy_2th_pre_bid"": ""+418000"", ""buy_2th_pre_req"": ""100"", ""buy_2th_pre_req_pre"": ""0"", ""buy_3th_pre_bid"": ""+417500"", ""buy_3th_pre_req"": ""11"", ""buy_3th_pre_req_pre"": ""0"", ""buy_4th_pre_bid"": ""+417000"", ""buy_4th_pre_req"": ""46"", ""buy_4th_pre_req_pre"": ""0"", ""buy_5th_pre_bid"": ""+416500"", ""buy_5th_pre_req"": ""111"", ""buy_5th_pre_req_pre"": ""0"", ""buy_6th_pre_bid"": ""+416000"", ""buy_6th_pre_req"": ""75"", ""buy_6th_pre_req_pre"": ""0"", ""buy_7th_pre_bid"": ""+415500"", ""buy_7th_pre_req"": ""128"", ""buy_7th_pre_req_pre"": ""0"", ""buy_8th_pre_bid"": ""+415000"", ""buy_8th_pre_req"": ""290"", ""buy_8th_pre_req_pre"": ""0"", ""buy_9th_pre_bid"": ""+414500"", ""buy_9th_pre_req"": ""256"", ""buy_9th_pre_req_pre"": ""0"", ""buy_10th_pre_bid"": ""+414000"", ""buy_10th_pre_req"": ""25"", ""buy_10th_pre_req_pre"": ""0"", ""tot_sel_req_jub_pre"": ""0"", ""tot_sel_req"": ""2545"", ""tot_buy_req"": ""1047"", ""tot_buy_req_jub_pre"": ""--120"", ""ovt_sel_req_pre"": ""0"", ""ovt_sel_req"": ""0"", ""ovt_buy_req"": ""0"", ""ovt_buy_req_pre"": ""0"", ""return_code"": 0, ""return_msg"": ""정상적으로 처리되었습니다""}"
2026-06-10,scan_candidate,030200,,0,main_scan,55200,,55200,55100,55200,54900,-0.7246376811594203,0.18115942028985507,,,,,,"{""bid_req_base_tm"": ""105903"", ""sel_10th_pre_req_pre"": ""0"", ""sel_10th_pre_req"": ""3"", ""sel_10th_pre_bid"": ""+56100"", ""sel_9th_pre_req_pre"": ""0"", ""sel_9th_pre_req"": ""4275"", ""sel_9th_pre_bid"": ""+56000"", ""sel_8th_pre_req_pre"": ""0"", ""sel_8th_pre_req"": ""1657"", ""sel_8th_pre_bid"": ""+55900"", ""sel_7th_pre_req_pre"": ""0"", ""sel_7th_pre_req"": ""1849"", ""sel_7th_pre_bid"": ""+55800"", ""sel_6th_pre_req_pre"": ""0"", ""sel_6th_pre_req"": ""1047"", ""sel_6th_pre_bid"": ""+55700"", ""sel_5th_pre_req_pre"": ""0"", ""sel_5th_pre_req"": ""781"", ""sel_5th_pre_bid"": ""+55600"", ""sel_4th_pre_req_pre"": ""0"", ""sel_4th_pre_req"": ""2012"", ""sel_4th_pre_bid"": ""+55500"", ""sel_3th_pre_req_pre"": ""0"", ""sel_3th_pre_req"": ""1533"", ""sel_3th_pre_bid"": ""+55400"", ""sel_2th_pre_req_pre"": ""0"", ""sel_2th_pre_req"": ""1532"", ""sel_2th_pre_bid"": ""+55300"", ""sel_1th_pre_req_pre"": ""0"", ""sel_fpr_req"": ""874"", ""sel_fpr_bid"": ""+55200"", ""buy_fpr_bid"": ""+55100"", ""buy_fpr_req"": ""149"", ""buy_1th_pre_req_pre"": ""--1"", ""buy_2th_pre_bid"": ""+55000"", ""buy_2th_pre_req"": ""931"", ""buy_2th_pre_req_pre"": ""0"", ""buy_3th_pre_bid"": ""+54900"", ""buy_3th_pre_req"": ""1280"", ""buy_3th_pre_req_pre"": ""0"", ""buy_4th_pre_bid"": ""+54800"", ""buy_4th_pre_req"": ""250"", ""buy_4th_pre_req_pre"": ""0"", ""buy_5th_pre_bid"": ""+54700"", ""buy_5th_pre_req"": ""359"", ""buy_5th_pre_req_pre"": ""0"", ""buy_6th_pre_bid"": ""+54600"", ""buy_6th_pre_req"": ""242"", ""buy_6th_pre_req_pre"": ""0"", ""buy_7th_pre_bid"": ""+54500"", ""buy_7th_pre_req"": ""88"", ""buy_7th_pre_req_pre"": ""0"", ""buy_8th_pre_bid"": ""+54400"", ""buy_8th_pre_req"": ""430"", ""buy_8th_pre_req_pre"": ""0"", ""buy_9th_pre_bid"": ""+54300"", ""buy_9th_pre_req"": ""896"", ""buy_9th_pre_req_pre"": ""0"", ""buy_10th_pre_bid"": ""+54200"", ""buy_10th_pre_req"": ""1849"", ""buy_10th_pre_req_pre"": ""0"", ""tot_sel_req_jub_pre"": ""0"", ""tot_sel_req"": ""15563"", ""tot_buy_req"": ""6474"", ""tot_buy_req_jub_pre"": ""--1"", ""ovt_sel_req_pre"": ""0"", ""ovt_sel_req"": ""0"", ""ovt_buy_req"": ""0"", ""ovt_buy_req_pre"": ""0"", ""return_code"": 0, ""return_msg"": ""정상적으로 처리되었습니다""}"
2026-06-10,scan_candidate,010950,,0,main_scan,112100,,112100,112000,112100,111500,-0.9812667261373774,0.08920606601248886,,,,,,"{""bid_req_base_tm"": ""105902"", ""sel_10th_pre_req_pre"": ""0"", ""sel_10th_pre_req"": ""524"", ""sel_10th_pre_bid"": ""+113000"", ""sel_9th_pre_req_pre"": ""0"", ""sel_9th_pre_req"": ""137"", ""sel_9th_pre_bid"": ""+112900"", ""sel_8th_pre_req_pre"": ""0"", ""sel_8th_pre_req"": ""17"", ""sel_8th_pre_bid"": ""+112800"", ""sel_7th_pre_req_pre"": ""0"", ""sel_7th_pre_req"": ""5"", ""sel_7th_pre_bid"": ""+112700"", ""sel_6th_pre_req_pre"": ""0"", ""sel_6th_pre_req"": ""873"", ""sel_6th_pre_bid"": ""+112600"", ""sel_5th_pre_req_pre"": ""0"", ""sel_5th_pre_req"": ""16"", ""sel_5th_pre_bid"": ""+112500"", ""sel_4th_pre_req_pre"": ""0"", ""sel_4th_pre_req"": ""133"", ""sel_4th_pre_bid"": ""+112400"", ""sel_3th_pre_req_pre"": ""0"", ""sel_3th_pre_req"": ""5"", ""sel_3th_pre_bid"": ""+112300"", ""sel_2th_pre_req_pre"": ""0"", ""sel_2th_pre_req"": ""27"", ""sel_2th_pre_bid"": ""+112200"", ""sel_1th_pre_req_pre"": ""+1"", ""sel_fpr_req"": ""260"", ""sel_fpr_bid"": ""+112100"", ""buy_fpr_bid"": ""+112000"", ""buy_fpr_req"": ""245"", ""buy_1th_pre_req_pre"": ""0"", ""buy_2th_pre_bid"": ""+111900"", ""buy_2th_pre_req"": ""143"", ""buy_2th_pre_req_pre"": ""0"", ""buy_3th_pre_bid"": ""+111800"", ""buy_3th_pre_req"": ""14"", ""buy_3th_pre_req_pre"": ""0"", ""buy_4th_pre_bid"": ""+111700"", ""buy_4th_pre_req"": ""153"", ""buy_4th_pre_req_pre"": ""0"", ""buy_5th_pre_bid"": ""+111600"", ""buy_5th_pre_req"": ""405"", ""buy_5th_pre_req_pre"": ""0"", ""buy_6th_pre_bid"": ""+111500"", ""buy_6th_pre_req"": ""48"", ""buy_6th_pre_req_pre"": ""0"", ""buy_7th_pre_bid"": ""+111400"", ""buy_7th_pre_req"": ""4"", ""buy_7th_pre_req_pre"": ""0"", ""buy_8th_pre_bid"": ""+111300"", ""buy_8th_pre_req"": ""22"", ""buy_8th_pre_req_pre"": ""0"", ""buy_9th_pre_bid"": ""+111200"", ""buy_9th_pre_req"": ""45"", ""buy_9th_pre_req_pre"": ""0"", ""buy_10th_pre_bid"": ""+111100"", ""buy_10th_pre_req"": ""5"", ""buy_10th_pre_req_pre"": ""0"", ""tot_sel_req_jub_pre"": ""+1"", ""tot_sel_req"": ""1997"", ""tot_buy_req"": ""1084"", ""tot_buy_req_jub_pre"": ""0"", ""ovt_sel_req_pre"": ""0"", ""ovt_sel_req"": ""0"", ""ovt_buy_req"": ""0"", ""ovt_buy_req_pre"": ""0"", ""return_code"": 0, ""return_msg"": ""정상적으로 처리되었습니다""}"
2026-06-10,scan_candidate,323410,,0,main_scan,24600,,24600,24550,24600,24400,-1.0162601626016259,0.20325203252032523,,,,,,"{""bid_req_base_tm"": ""105904"", ""sel_10th_pre_req_pre"": ""0"", ""sel_10th_pre_req"": ""2974"", ""sel_10th_pre_bid"": ""+25050"", ""sel_9th_pre_req_pre"": ""0"", ""sel_9th_pre_req"": ""15253"", ""sel_9th_pre_bid"": ""+25000"", ""sel_8th_pre_req_pre"": ""0"", ""sel_8th_pre_req"": ""8736"", ""sel_8th_pre_bid"": ""+24950"", ""sel_7th_pre_req_pre"": ""0"", ""sel_7th_pre_req"": ""6350"", ""sel_7th_pre_bid"": ""+24900"", ""sel_6th_pre_req_pre"": ""0"", ""sel_6th_pre_req"": ""7715"", ""sel_6th_pre_bid"": ""+24850"", ""sel_5th_pre_req_pre"": ""0"", ""sel_5th_pre_req"": ""14715"", ""sel_5th_pre_bid"": ""+24800"", ""sel_4th_pre_req_pre"": ""0"", ""sel_4th_pre_req"": ""11308"", ""sel_4th_pre_bid"": ""+24750"", ""sel_3th_pre_req_pre"": ""0"", ""sel_3th_pre_req"": ""7723"", ""sel_3th_pre_bid"": ""+24700"", ""sel_2th_pre_req_pre"": ""0"", ""sel_2th_pre_req"": ""2281"", ""sel_2th_pre_bid"": ""+24650"", ""sel_1th_pre_req_pre"": ""--56"", ""sel_fpr_req"": ""1697"", ""sel_fpr_bid"": ""+24600"", ""buy_fpr_bid"": ""+24550"", ""buy_fpr_req"": ""1599"", ""buy_1th_pre_req_pre"": ""0"", ""buy_2th_pre_bid"": ""+24500"", ""buy_2th_pre_req"": ""3292"", ""buy_2th_pre_req_pre"": ""0"", ""buy_3th_pre_bid"": ""+24450"", ""buy_3th_pre_req"": ""1943"", ""buy_3th_pre_req_pre"": ""0"", ""buy_4th_pre_bid"": ""24400"", ""buy_4th_pre_req"": ""4326"", ""buy_4th_pre_req_pre"": ""0"", ""buy_5th_pre_bid"": ""-24350"", ""buy_5th_pre_req"": ""2084"", ""buy_5th_pre_req_pre"": ""0"", ""buy_6th_pre_bid"": ""-24300"", ""buy_6th_pre_req"": ""1103"", ""buy_6th_pre_req_pre"": ""0"", ""buy_7th_pre_bid"": ""-24250"", ""buy_7th_pre_req"": ""1959"", ""buy_7th_pre_req_pre"": ""0"", ""buy_8th_pre_bid"": ""-24200"", ""buy_8th_pre_req"": ""809"", ""buy_8th_pre_req_pre"": ""0"", ""buy_9th_pre_bid"": ""-24150"", ""buy_9th_pre_req"": ""1292"", ""buy_9th_pre_req_pre"": ""0"", ""buy_10th_pre_bid"": ""-24100"", ""buy_10th_pre_req"": ""1097"", ""buy_10th_pre_req_pre"": ""0"", ""tot_sel_req_jub_pre"": ""--56"", ""tot_sel_req"": ""78752"", ""tot_buy_req"": ""19504"", ""tot_buy_req_jub_pre"": ""0"", ""ovt_sel_req_pre"": ""0"", ""ovt_sel_req"": ""0"", ""ovt_buy_req"": ""0"", ""ovt_buy_req_pre"": ""0"", ""return_code"": 0, ""return_msg"": ""정상적으로 처리되었습니다""}"
2026-06-10,scan_candidate,005940,,0,main_scan,31150,,31150,31050,31150,31250,0.16051364365971107,0.32102728731942215,,,,,,"{""bid_req_base_tm"": ""105905"", ""sel_10th_pre_req_pre"": ""0"", ""sel_10th_pre_req"": ""366"", ""sel_10th_pre_bid"": ""+31600"", ""sel_9th_pre_req_pre"": ""0"", ""sel_9th_pre_req"": ""555"", ""sel_9th_pre_bid"": ""+31550"", ""sel_8th_pre_req_pre"": ""0"", ""sel_8th_pre_req"": ""400"", ""sel_8th_pre_bid"": ""+31500"", ""sel_7th_pre_req_pre"": ""0"", ""sel_7th_pre_req"": ""29"", ""sel_7th_pre_bid"": ""+31450"", ""sel_6th_pre_req_pre"": ""0"", ""sel_6th_pre_req"": ""324"", ""sel_6th_pre_bid"": ""+31400"", ""sel_5th_pre_req_pre"": ""0"", ""sel_5th_pre_req"": ""59"", ""sel_5th_pre_bid"": ""+31350"", ""sel_4th_pre_req_pre"": ""0"", ""sel_4th_pre_req"": ""1072"", ""sel_4th_pre_bid"": ""+31300"", ""sel_3th_pre_req_pre"": ""0"", ""sel_3th_pre_req"": ""188"", ""sel_3th_pre_bid"": ""31250"", ""sel_2th_pre_req_pre"": ""0"", ""sel_2th_pre_req"": ""925"", ""sel_2th_pre_bid"": ""-31200"", ""sel_1th_pre_req_pre"": ""0"", ""sel_fpr_req"": ""194"", ""sel_fpr_bid"": ""-31150"", ""buy_fpr_bid"": ""-31050"", ""buy_fpr_req"": ""1363"", ""buy_1th_pre_req_pre"": ""+400"", ""buy_2th_pre_bid"": ""-31000"", ""buy_2th_pre_req"": ""223"", ""buy_2th_pre_req_pre"": ""--400"", ""buy_3th_pre_bid"": ""-30950"", ""buy_3th_pre_req"": ""2906"", ""buy_3th_pre_req_pre"": ""0"", ""buy_4th_pre_bid"": ""-30900"", ""buy_4th_pre_req"": ""55"", ""buy_4th_pre_req_pre"": ""0"", ""buy_5th_pre_bid"": ""-30850"", ""buy_5th_pre_req"": ""1594"", ""buy_5th_pre_req_pre"": ""0"", ""buy_6th_pre_bid"": ""-30800"", ""buy_6th_pre_req"": ""1263"", ""buy_6th_pre_req_pre"": ""0"", ""buy_7th_pre_bid"": ""-30750"", ""buy_7th_pre_req"": ""306"", ""buy_7th_pre_req_pre"": ""0"", ""buy_8th_pre_bid"": ""-30700"", ""buy_8th_pre_req"": ""157"", ""buy_8th_pre_req_pre"": ""0"", ""buy_9th_pre_bid"": ""-30650"", ""buy_9th_pre_req"": ""146"", ""buy_9th_pre_req_pre"": ""0"", ""buy_10th_pre_bid"": ""-30600"", ""buy_10th_pre_req"": ""390"", ""buy_10th_pre_req_pre"": ""0"", ""tot_sel_req_jub_pre"": ""0"", ""tot_sel_req"": ""4112"", ""tot_buy_req"": ""8403"", ""tot_buy_req_jub_pre"": ""0"", ""ovt_sel_req_pre"": ""0"", ""ovt_sel_req"": ""0"", ""ovt_buy_req"": ""0"", ""ovt_buy_req_pre"": ""0"", ""return_code"": 0, ""return_msg"": ""정상적으로 처리되었습니다""}"
2026-06-10,scan_candidate,064400,,0,main_scan,96300,,96300,96200,96300,96400,0.0,0.10384215991692627,,,,,,"{""bid_req_base_tm"": ""105905"", ""sel_10th_pre_req_pre"": ""0"", ""sel_10th_pre_req"": ""259"", ""sel_10th_pre_bid"": ""-97200"", ""sel_9th_pre_req_pre"": ""0"", ""sel_9th_pre_req"": ""157"", ""sel_9th_pre_bid"": ""-97100"", ""sel_8th_pre_req_pre"": ""0"", ""sel_8th_pre_req"": ""1696"", ""sel_8th_pre_bid"": ""-97000"", ""sel_7th_pre_req_pre"": ""0"", ""sel_7th_pre_req"": ""445"", ""sel_7th_pre_bid"": ""-96900"", ""sel_6th_pre_req_pre"": ""0"", ""sel_6th_pre_req"": ""167"", ""sel_6th_pre_bid"": ""-96800"", ""sel_5th_pre_req_pre"": ""0"", ""sel_5th_pre_req"": ""403"", ""sel_5th_pre_bid"": ""-96700"", ""sel_4th_pre_req_pre"": ""0"", ""sel_4th_pre_req"": ""130"", ""sel_4th_pre_bid"": ""-96600"", ""sel_3th_pre_req_pre"": ""0"", ""sel_3th_pre_req"": ""562"", ""sel_3th_pre_bid"": ""-96500"", ""sel_2th_pre_req_pre"": ""0"", ""sel_2th_pre_req"": ""255"", ""sel_2th_pre_bid"": ""-96400"", ""sel_1th_pre_req_pre"": ""0"", ""sel_fpr_req"": ""354"", ""sel_fpr_bid"": ""-96300"", ""buy_fpr_bid"": ""-96200"", ""buy_fpr_req"": ""10"", ""buy_1th_pre_req_pre"": ""0"", ""buy_2th_pre_bid"": ""-96100"", ""buy_2th_pre_req"": ""305"", ""buy_2th_pre_req_pre"": ""--11"", ""buy_3th_pre_bid"": ""-96000"", ""buy_3th_pre_req"": ""1053"", ""buy_3th_pre_req_pre"": ""0"", ""buy_4th_pre_bid"": ""-95900"", ""buy_4th_pre_req"": ""825"", ""buy_4th_pre_req_pre"": ""0"", ""buy_5th_pre_bid"": ""-95800"", ""buy_5th_pre_req"": ""744"", ""buy_5th_pre_req_pre"": ""0"", ""buy_6th_pre_bid"": ""-95700"", ""buy_6th_pre_req"": ""997"", ""buy_6th_pre_req_pre"": ""0"", ""buy_7th_pre_bid"": ""-95600"", ""buy_7th_pre_req"": ""1830"", ""buy_7th_pre_req_pre"": ""0"", ""buy_8th_pre_bid"": ""-95500"", ""buy_8th_pre_req"": ""1856"", ""buy_8th_pre_req_pre"": ""0"", ""buy_9th_pre_bid"": ""-95400"", ""buy_9th_pre_req"": ""1804"", ""buy_9th_pre_req_pre"": ""0"", ""buy_10th_pre_bid"": ""-95300"", ""buy_10th_pre_req"": ""2507"", ""buy_10th_pre_req_pre"": ""0"", ""tot_sel_req_jub_pre"": ""0"", ""tot_sel_req"": ""4428"", ""tot_buy_req"": ""11931"", ""tot_buy_req_jub_pre"": ""--11"", ""ovt_sel_req_pre"": ""0"", ""ovt_sel_req"": ""0"", ""ovt_buy_req"": ""0"", ""ovt_buy_req_pre"": ""0"", ""return_code"": 0, ""return_msg"": ""정상적으로 처리되었습니다""}"
2026-06-10,scan_candidate,443060,,0,main_scan,227500,,227500,227000,227500,226000,-0.8791208791208791,0.21978021978021978,,,,,,"{""bid_req_base_tm"": ""105905"", ""sel_10th_pre_req_pre"": ""0"", ""sel_10th_pre_req"": ""271"", ""sel_10th_pre_bid"": ""+232000"", ""sel_9th_pre_req_pre"": ""0"", ""sel_9th_pre_req"": ""15"", ""sel_9th_pre_bid"": ""+231500"", ""sel_8th_pre_req_pre"": ""0"", ""sel_8th_pre_req"": ""15"", ""sel_8th_pre_bid"": ""+231000"", ""sel_7th_pre_req_pre"": ""0"", ""sel_7th_pre_req"": ""19"", ""sel_7th_pre_bid"": ""+230500"", ""sel_6th_pre_req_pre"": ""0"", ""sel_6th_pre_req"": ""546"", ""sel_6th_pre_bid"": ""+230000"", ""sel_5th_pre_req_pre"": ""0"", ""sel_5th_pre_req"": ""1074"", ""sel_5th_pre_bid"": ""+229500"", ""sel_4th_pre_req_pre"": ""+2"", ""sel_4th_pre_req"": ""143"", ""sel_4th_pre_bid"": ""+229000"", ""sel_3th_pre_req_pre"": ""0"", ""sel_3th_pre_req"": ""38"", ""sel_3th_pre_bid"": ""+228500"", ""sel_2th_pre_req_pre"": ""0"", ""sel_2th_pre_req"": ""11"", ""sel_2th_pre_bid"": ""+228000"", ""sel_1th_pre_req_pre"": ""0"", ""sel_fpr_req"": ""7"", ""sel_fpr_bid"": ""+227500"", ""buy_fpr_bid"": ""+227000"", ""buy_fpr_req"": ""81"", ""buy_1th_pre_req_pre"": ""0"", ""buy_2th_pre_bid"": ""+226500"", ""buy_2th_pre_req"": ""26"", ""buy_2th_pre_req_pre"": ""0"", ""buy_3th_pre_bid"": ""+226000"", ""buy_3th_pre_req"": ""11"", ""buy_3th_pre_req_pre"": ""0"", ""buy_4th_pre_bid"": ""+225500"", ""buy_4th_pre_req"": ""1"", ""buy_4th_pre_req_pre"": ""0"", ""buy_5th_pre_bid"": ""+225000"", ""buy_5th_pre_req"": ""18"", ""buy_5th_pre_req_pre"": ""0"", ""buy_6th_pre_bid"": ""+224500"", ""buy_6th_pre_req"": ""2"", ""buy_6th_pre_req_pre"": ""0"", ""buy_7th_pre_bid"": ""+224000"", ""buy_7th_pre_req"": ""26"", ""buy_7th_pre_req_pre"": ""0"", ""buy_8th_pre_bid"": ""+223500"", ""buy_8th_pre_req"": ""28"", ""buy_8th_pre_req_pre"": ""0"", ""buy_9th_pre_bid"": ""+223000"", ""buy_9th_pre_req"": ""12"", ""buy_9th_pre_req_pre"": ""0"", ""buy_10th_pre_bid"": ""+222500"", ""buy_10th_pre_req"": ""31"", ""buy_10th_pre_req_pre"": ""0"", ""tot_sel_req_jub_pre"": ""+2"", ""tot_sel_req"": ""2139"", ""tot_buy_req"": ""236"", ""tot_buy_req_jub_pre"": ""0"", ""ovt_sel_req_pre"": ""0"", ""ovt_sel_req"": ""0"", ""ovt_buy_req"": ""0"", ""ovt_buy_req_pre"": ""0"", ""return_code"": 0, ""return_msg"": ""정상적으로 처리되었습니다""}"
2026-06-10,scan_candidate,003490,,0,main_scan,25700,,25700,25650,25700,25500,-0.9727626459143969,0.19455252918287938,,,,,,"{""bid_req_base_tm"": ""105903"", ""sel_10th_pre_req_pre"": ""0"", ""sel_10th_pre_req"": ""5444"", ""sel_10th_pre_bid"": ""+26150"", ""sel_9th_pre_req_pre"": ""0"", ""sel_9th_pre_req"": ""16546"", ""sel_9th_pre_bid"": ""+26100"", ""sel_8th_pre_req_pre"": ""0"", ""sel_8th_pre_req"": ""3360"", ""sel_8th_pre_bid"": ""+26050"", ""sel_7th_pre_req_pre"": ""0"", ""sel_7th_pre_req"": ""46734"", ""sel_7th_pre_bid"": ""+26000"", ""sel_6th_pre_req_pre"": ""0"", ""sel_6th_pre_req"": ""20222"", ""sel_6th_pre_bid"": ""+25950"", ""sel_5th_pre_req_pre"": ""0"", ""sel_5th_pre_req"": ""18820"", ""sel_5th_pre_bid"": ""+25900"", ""sel_4th_pre_req_pre"": ""0"", ""sel_4th_pre_req"": ""11928"", ""sel_4th_pre_bid"": ""+25850"", ""sel_3th_pre_req_pre"": ""0"", ""sel_3th_pre_req"": ""51010"", ""sel_3th_pre_bid"": ""+25800"", ""sel_2th_pre_req_pre"": ""+10"", ""sel_2th_pre_req"": ""8050"", ""sel_2th_pre_bid"": ""+25750"", ""sel_1th_pre_req_pre"": ""0"", ""sel_fpr_req"": ""1710"", ""sel_fpr_bid"": ""+25700"", ""buy_fpr_bid"": ""+25650"", ""buy_fpr_req"": ""1364"", ""buy_1th_pre_req_pre"": ""0"", ""buy_2th_pre_bid"": ""+25600"", ""buy_2th_pre_req"": ""1146"", ""buy_2th_pre_req_pre"": ""0"", ""buy_3th_pre_bid"": ""+25550"", ""buy_3th_pre_req"": ""1055"", ""buy_3th_pre_req_pre"": ""0"", ""buy_4th_pre_bid"": ""+25500"", ""buy_4th_pre_req"": ""3201"", ""buy_4th_pre_req_pre"": ""0"", ""buy_5th_pre_bid"": ""+25450"", ""buy_5th_pre_req"": ""3648"", ""buy_5th_pre_req_pre"": ""0"", ""buy_6th_pre_bid"": ""+25400"", ""buy_6th_pre_req"": ""2093"", ""buy_6th_pre_req_pre"": ""0"", ""buy_7th_pre_bid"": ""+25350"", ""buy_7th_pre_req"": ""2471"", ""buy_7th_pre_req_pre"": ""0"", ""buy_8th_pre_bid"": ""+25300"", ""buy_8th_pre_req"": ""3160"", ""buy_8th_pre_req_pre"": ""0"", ""buy_9th_pre_bid"": ""+25250"", ""buy_9th_pre_req"": ""5850"", ""buy_9th_pre_req_pre"": ""0"", ""buy_10th_pre_bid"": ""+25200"", ""buy_10th_pre_req"": ""7321"", ""buy_10th_pre_req_pre"": ""0"", ""tot_sel_req_jub_pre"": ""+10"", ""tot_sel_req"": ""183824"", ""tot_buy_req"": ""31309"", ""tot_buy_req_jub_pre"": ""0"", ""ovt_sel_req_pre"": ""0"", ""ovt_sel_req"": ""0"", ""ovt_buy_req"": ""0"", ""ovt_buy_req_pre"": ""0"", ""return_code"": 0, ""return_msg"": ""정상적으로 처리되었습니다""}"
2026-06-10,scan_candidate,161390,,0,main_scan,71000,,71000,70900,71000,71000,-0.14084507042253522,0.14084507042253522,,,,,,"{""bid_req_base_tm"": ""105905"", ""sel_10th_pre_req_pre"": ""0"", ""sel_10th_pre_req"": ""325"", ""sel_10th_pre_bid"": ""-71900"", ""sel_9th_pre_req_pre"": ""0"", ""sel_9th_pre_req"": ""144"", ""sel_9th_pre_bid"": ""-71800"", ""sel_8th_pre_req_pre"": ""0"", ""sel_8th_pre_req"": ""11"", ""sel_8th_pre_bid"": ""-71700"", ""sel_7th_pre_req_pre"": ""0"", ""sel_7th_pre_req"": ""17"", ""sel_7th_pre_bid"": ""-71600"", ""sel_6th_pre_req_pre"": ""0"", ""sel_6th_pre_req"": ""57"", ""sel_6th_pre_bid"": ""-71500"", ""sel_5th_pre_req_pre"": ""0"", ""sel_5th_pre_req"": ""29"", ""sel_5th_pre_bid"": ""-71400"", ""sel_4th_pre_req_pre"": ""0"", ""sel_4th_pre_req"": ""28"", ""sel_4th_pre_bid"": ""-71300"", ""sel_3th_pre_req_pre"": ""0"", ""sel_3th_pre_req"": ""62"", ""sel_3th_pre_bid"": ""-71200"", ""sel_2th_pre_req_pre"": ""+7"", ""sel_2th_pre_req"": ""292"", ""sel_2th_pre_bid"": ""-71100"", ""sel_1th_pre_req_pre"": ""0"", ""sel_fpr_req"": ""1483"", ""sel_fpr_bid"": ""-71000"", ""buy_fpr_bid"": ""-70900"", ""buy_fpr_req"": ""1074"", ""buy_1th_pre_req_pre"": ""0"", ""buy_2th_pre_bid"": ""-70800"", ""buy_2th_pre_req"": ""407"", ""buy_2th_pre_req_pre"": ""0"", ""buy_3th_pre_bid"": ""-70700"", ""buy_3th_pre_req"": ""122"", ""buy_3th_pre_req_pre"": ""0"", ""buy_4th_pre_bid"": ""-70500"", ""buy_4th_pre_req"": ""3"", ""buy_4th_pre_req_pre"": ""0"", ""buy_5th_pre_bid"": ""-70400"", ""buy_5th_pre_req"": ""75"", ""buy_5th_pre_req_pre"": ""0"", ""buy_6th_pre_bid"": ""-70300"", ""buy_6th_pre_req"": ""203"", ""buy_6th_pre_req_pre"": ""0"", ""buy_7th_pre_bid"": ""-70200"", ""buy_7th_pre_req"": ""57"", ""buy_7th_pre_req_pre"": ""0"", ""buy_8th_pre_bid"": ""-70100"", ""buy_8th_pre_req"": ""3213"", ""buy_8th_pre_req_pre"": ""0"", ""buy_9th_pre_bid"": ""-70000"", ""buy_9th_pre_req"": ""174"", ""buy_9th_pre_req_pre"": ""0"", ""buy_10th_pre_bid"": ""-69900"", ""buy_10th_pre_req"": ""28"", ""buy_10th_pre_req_pre"": ""0"", ""tot_sel_req_jub_pre"": ""+7"", ""tot_sel_req"": ""2448"", ""tot_buy_req"": ""5356"", ""tot_buy_req_jub_pre"": ""0"", ""ovt_sel_req_pre"": ""0"", ""ovt_sel_req"": ""0"", ""ovt_buy_req"": ""0"", ""ovt_buy_req_pre"": ""0"", ""return_code"": 0, ""return_msg"": ""정상적으로 처리되었습니다""}"
2026-06-10,scan_candidate,003230,,0,main_scan,1147000,,1147000,1146000,1147000,1148000,0.0,0.08718395815170009,,,,,,"{""bid_req_base_tm"": ""105906"", ""sel_10th_pre_req_pre"": ""0"", ""sel_10th_pre_req"": ""4"", ""sel_10th_pre_bid"": ""+1156000"", ""sel_9th_pre_req_pre"": ""0"", ""sel_9th_pre_req"": ""13"", ""sel_9th_pre_bid"": ""+1155000"", ""sel_8th_pre_req_pre"": ""0"", ""sel_8th_pre_req"": ""28"", ""sel_8th_pre_bid"": ""+1154000"", ""sel_7th_pre_req_pre"": ""0"", ""sel_7th_pre_req"": ""11"", ""sel_7th_pre_bid"": ""+1153000"", ""sel_6th_pre_req_pre"": ""0"", ""sel_6th_pre_req"": ""42"", ""sel_6th_pre_bid"": ""+1152000"", ""sel_5th_pre_req_pre"": ""0"", ""sel_5th_pre_req"": ""25"", ""sel_5th_pre_bid"": ""+1151000"", ""sel_4th_pre_req_pre"": ""0"", ""sel_4th_pre_req"": ""28"", ""sel_4th_pre_bid"": ""+1150000"", ""sel_3th_pre_req_pre"": ""0"", ""sel_3th_pre_req"": ""36"", ""sel_3th_pre_bid"": ""+1149000"", ""sel_2th_pre_req_pre"": ""0"", ""sel_2th_pre_req"": ""10"", ""sel_2th_pre_bid"": ""+1148000"", ""sel_1th_pre_req_pre"": ""--2"", ""sel_fpr_req"": ""6"", ""sel_fpr_bid"": ""+1147000"", ""buy_fpr_bid"": ""+1146000"", ""buy_fpr_req"": ""15"", ""buy_1th_pre_req_pre"": ""0"", ""buy_2th_pre_bid"": ""+1145000"", ""buy_2th_pre_req"": ""16"", ""buy_2th_pre_req_pre"": ""0"", ""buy_3th_pre_bid"": ""+1144000"", ""buy_3th_pre_req"": ""31"", ""buy_3th_pre_req_pre"": ""0"", ""buy_4th_pre_bid"": ""+1143000"", ""buy_4th_pre_req"": ""9"", ""buy_4th_pre_req_pre"": ""0"", ""buy_5th_pre_bid"": ""+1142000"", ""buy_5th_pre_req"": ""16"", ""buy_5th_pre_req_pre"": ""0"", ""buy_6th_pre_bid"": ""+1141000"", ""buy_6th_pre_req"": ""103"", ""buy_6th_pre_req_pre"": ""0"", ""buy_7th_pre_bid"": ""+1140000"", ""buy_7th_pre_req"": ""17"", ""buy_7th_pre_req_pre"": ""0"", ""buy_8th_pre_bid"": ""+1139000"", ""buy_8th_pre_req"": ""5"", ""buy_8th_pre_req_pre"": ""0"", ""buy_9th_pre_bid"": ""+1138000"", ""buy_9th_pre_req"": ""12"", ""buy_9th_pre_req_pre"": ""0"", ""buy_10th_pre_bid"": ""+1137000"", ""buy_10th_pre_req"": ""6"", ""buy_10th_pre_req_pre"": ""0"", ""tot_sel_req_jub_pre"": ""--2"", ""tot_sel_req"": ""203"", ""tot_buy_req"": ""230"", ""tot_buy_req_jub_pre"": ""0"", ""ovt_sel_req_pre"": ""0"", ""ovt_sel_req"": ""0"", ""ovt_buy_req"": ""0"", ""ovt_buy_req_pre"": ""0"", ""return_code"": 0, ""return_msg"": ""정상적으로 처리되었습니다""}"
2026-06-10,scan_candidate,000880,,0,main_scan,119900,,119900,119600,119900,120000,-0.3336113427856547,0.25020850708924103,,,,,,"{""bid_req_base_tm"": ""105905"", ""sel_10th_pre_req_pre"": ""0"", ""sel_10th_pre_req"": ""67"", ""sel_10th_pre_bid"": ""+121000"", ""sel_9th_pre_req_pre"": ""0"", ""sel_9th_pre_req"": ""11"", ""sel_9th_pre_bid"": ""+120900"", ""sel_8th_pre_req_pre"": ""0"", ""sel_8th_pre_req"": ""50"", ""sel_8th_pre_bid"": ""+120800"", ""sel_7th_pre_req_pre"": ""0"", ""sel_7th_pre_req"": ""5"", ""sel_7th_pre_bid"": ""+120700"", ""sel_6th_pre_req_pre"": ""0"", ""sel_6th_pre_req"": ""7"", ""sel_6th_pre_bid"": ""+120600"", ""sel_5th_pre_req_pre"": ""0"", ""sel_5th_pre_req"": ""33"", ""sel_5th_pre_bid"": ""+120500"", ""sel_4th_pre_req_pre"": ""0"", ""sel_4th_pre_req"": ""5"", ""sel_4th_pre_bid"": ""+120400"", ""sel_3th_pre_req_pre"": ""0"", ""sel_3th_pre_req"": ""58"", ""sel_3th_pre_bid"": ""+120200"", ""sel_2th_pre_req_pre"": ""0"", ""sel_2th_pre_req"": ""135"", ""sel_2th_pre_bid"": ""+120000"", ""sel_1th_pre_req_pre"": ""+8"", ""sel_fpr_req"": ""40"", ""sel_fpr_bid"": ""+119900"", ""buy_fpr_bid"": ""+119600"", ""buy_fpr_req"": ""61"", ""buy_1th_pre_req_pre"": ""0"", ""buy_2th_pre_bid"": ""+119500"", ""buy_2th_pre_req"": ""863"", ""buy_2th_pre_req_pre"": ""0"", ""buy_3th_pre_bid"": ""+119300"", ""buy_3th_pre_req"": ""120"", ""buy_3th_pre_req_pre"": ""0"", ""buy_4th_pre_bid"": ""+119100"", ""buy_4th_pre_req"": ""701"", ""buy_4th_pre_req_pre"": ""0"", ""buy_5th_pre_bid"": ""+119000"", ""buy_5th_pre_req"": ""21"", ""buy_5th_pre_req_pre"": ""0"", ""buy_6th_pre_bid"": ""+118900"", ""buy_6th_pre_req"": ""1000"", ""buy_6th_pre_req_pre"": ""0"", ""buy_7th_pre_bid"": ""+118700"", ""buy_7th_pre_req"": ""1000"", ""buy_7th_pre_req_pre"": ""0"", ""buy_8th_pre_bid"": ""+118600"", ""buy_8th_pre_req"": ""16"", ""buy_8th_pre_req_pre"": ""0"", ""buy_9th_pre_bid"": ""+118500"", ""buy_9th_pre_req"": ""653"", ""buy_9th_pre_req_pre"": ""0"", ""buy_10th_pre_bid"": ""+118400"", ""buy_10th_pre_req"": ""3"", ""buy_10th_pre_req_pre"": ""0"", ""tot_sel_req_jub_pre"": ""+8"", ""tot_sel_req"": ""411"", ""tot_buy_req"": ""4438"", ""tot_buy_req_jub_pre"": ""0"", ""ovt_sel_req_pre"": ""0"", ""ovt_sel_req"": ""0"", ""ovt_buy_req"": ""0"", ""ovt_buy_req_pre"": ""0"", ""return_code"": 0, ""return_msg"": ""정상적으로 처리되었습니다""}"
2026-06-10,scan_candidate,180640,,0,main_scan,119500,,119500,119400,119500,119000,-0.8368200836820083,0.08368200836820083,,,,,,"{""bid_req_base_tm"": ""105858"", ""sel_10th_pre_req_pre"": ""0"", ""sel_10th_pre_req"": ""6"", ""sel_10th_pre_bid"": ""+120400"", ""sel_9th_pre_req_pre"": ""0"", ""sel_9th_pre_req"": ""6"", ""sel_9th_pre_bid"": ""+120300"", ""sel_8th_pre_req_pre"": ""0"", ""sel_8th_pre_req"": ""1"", ""sel_8th_pre_bid"": ""+120200"", ""sel_7th_pre_req_pre"": ""0"", ""sel_7th_pre_req"": ""101"", ""sel_7th_pre_bid"": ""+120100"", ""sel_6th_pre_req_pre"": ""0"", ""sel_6th_pre_req"": ""39"", ""sel_6th_pre_bid"": ""+120000"", ""sel_5th_pre_req_pre"": ""0"", ""sel_5th_pre_req"": ""510"", ""sel_5th_pre_bid"": ""+119900"", ""sel_4th_pre_req_pre"": ""0"", ""sel_4th_pre_req"": ""122"", ""sel_4th_pre_bid"": ""+119800"", ""sel_3th_pre_req_pre"": ""0"", ""sel_3th_pre_req"": ""73"", ""sel_3th_pre_bid"": ""+119700"", ""sel_2th_pre_req_pre"": ""0"", ""sel_2th_pre_req"": ""116"", ""sel_2th_pre_bid"": ""+119600"", ""sel_1th_pre_req_pre"": ""0"", ""sel_fpr_req"": ""101"", ""sel_fpr_bid"": ""+119500"", ""buy_fpr_bid"": ""+119400"", ""buy_fpr_req"": ""107"", ""buy_1th_pre_req_pre"": ""--10"", ""buy_2th_pre_bid"": ""+119300"", ""buy_2th_pre_req"": ""9"", ""buy_2th_pre_req_pre"": ""0"", ""buy_3th_pre_bid"": ""+119200"", ""buy_3th_pre_req"": ""1"", ""buy_3th_pre_req_pre"": ""0"", ""buy_4th_pre_bid"": ""+119100"", ""buy_4th_pre_req"": ""18"", ""buy_4th_pre_req_pre"": ""0"", ""buy_5th_pre_bid"": ""+119000"", ""buy_5th_pre_req"": ""110"", ""buy_5th_pre_req_pre"": ""0"", ""buy_6th_pre_bid"": ""+118900"", ""buy_6th_pre_req"": ""100"", ""buy_6th_pre_req_pre"": ""0"", ""buy_7th_pre_bid"": ""+118800"", ""buy_7th_pre_req"": ""169"", ""buy_7th_pre_req_pre"": ""0"", ""buy_8th_pre_bid"": ""+118700"", ""buy_8th_pre_req"": ""4"", ""buy_8th_pre_req_pre"": ""0"", ""buy_9th_pre_bid"": ""+118600"", ""buy_9th_pre_req"": ""1"", ""buy_9th_pre_req_pre"": ""0"", ""buy_10th_pre_bid"": ""+118500"", ""buy_10th_pre_req"": ""5"", ""buy_10th_pre_req_pre"": ""0"", ""tot_sel_req_jub_pre"": ""0"", ""tot_sel_req"": ""1075"", ""tot_buy_req"": ""524"", ""tot_buy_req_jub_pre"": ""--10"", ""ovt_sel_req_pre"": ""0"", ""ovt_sel_req"": ""0"", ""ovt_buy_req"": ""0"", ""ovt_buy_req_pre"": ""0"", ""return_code"": 0, ""return_msg"": ""정상적으로 처리되었습니다""}"
2026-06-10,scan_candidate,454910,,0,main_scan,110000,,110000,109900,110000,110000,-0.45454545454545453,0.09090909090909091,,,,,,"{""bid_req_base_tm"": ""105906"", ""sel_10th_pre_req_pre"": ""0"", ""sel_10th_pre_req"": ""114"", ""sel_10th_pre_bid"": ""-110900"", ""sel_9th_pre_req_pre"": ""0"", ""sel_9th_pre_req"": ""75"", ""sel_9th_pre_bid"": ""-110800"", ""sel_8th_pre_req_pre"": ""0"", ""sel_8th_pre_req"": ""107"", ""sel_8th_pre_bid"": ""-110700"", ""sel_7th_pre_req_pre"": ""0"", ""sel_7th_pre_req"": ""62"", ""sel_7th_pre_bid"": ""-110600"", ""sel_6th_pre_req_pre"": ""0"", ""sel_6th_pre_req"": ""237"", ""sel_6th_pre_bid"": ""-110500"", ""sel_5th_pre_req_pre"": ""0"", ""sel_5th_pre_req"": ""99"", ""sel_5th_pre_bid"": ""-110400"", ""sel_4th_pre_req_pre"": ""0"", ""sel_4th_pre_req"": ""169"", ""sel_4th_pre_bid"": ""-110300"", ""sel_3th_pre_req_pre"": ""0"", ""sel_3th_pre_req"": ""69"", ""sel_3th_pre_bid"": ""-110200"", ""sel_2th_pre_req_pre"": ""0"", ""sel_2th_pre_req"": ""455"", ""sel_2th_pre_bid"": ""-110100"", ""sel_1th_pre_req_pre"": ""0"", ""sel_fpr_req"": ""341"", ""sel_fpr_bid"": ""-110000"", ""buy_fpr_bid"": ""-109900"", ""buy_fpr_req"": ""1152"", ""buy_1th_pre_req_pre"": ""+1"", ""buy_2th_pre_bid"": ""-109800"", ""buy_2th_pre_req"": ""921"", ""buy_2th_pre_req_pre"": ""0"", ""buy_3th_pre_bid"": ""-109700"", ""buy_3th_pre_req"": ""4256"", ""buy_3th_pre_req_pre"": ""0"", ""buy_4th_pre_bid"": ""-109600"", ""buy_4th_pre_req"": ""2427"", ""buy_4th_pre_req_pre"": ""0"", ""buy_5th_pre_bid"": ""-109500"", ""buy_5th_pre_req"": ""3300"", ""buy_5th_pre_req_pre"": ""0"", ""buy_6th_pre_bid"": ""-109400"", ""buy_6th_pre_req"": ""2148"", ""buy_6th_pre_req_pre"": ""0"", ""buy_7th_pre_bid"": ""-109300"", ""buy_7th_pre_req"": ""2148"", ""buy_7th_pre_req_pre"": ""0"", ""buy_8th_pre_bid"": ""-109200"", ""buy_8th_pre_req"": ""3799"", ""buy_8th_pre_req_pre"": ""0"", ""buy_9th_pre_bid"": ""-109100"", ""buy_9th_pre_req"": ""3048"", ""buy_9th_pre_req_pre"": ""0"", ""buy_10th_pre_bid"": ""-109000"", ""buy_10th_pre_req"": ""5741"", ""buy_10th_pre_req_pre"": ""0"", ""tot_sel_req_jub_pre"": ""0"", ""tot_sel_req"": ""1728"", ""tot_buy_req"": ""28940"", ""tot_buy_req_jub_pre"": ""+1"", ""ovt_sel_req_pre"": ""0"", ""ovt_sel_req"": ""0"", ""ovt_buy_req"": ""0"", ""ovt_buy_req_pre"": ""0"", ""return_code"": 0, ""return_msg"": ""정상적으로 처리되었습니다""}"
2026-06-10,scan_candidate,353200,,0,main_scan,158100,,158100,157600,158100,157000,-1.0120177103099304,0.31625553447185323,,,,,,"{""bid_req_base_tm"": ""105907"", ""sel_10th_pre_req_pre"": ""0"", ""sel_10th_pre_req"": ""137"", ""sel_10th_pre_bid"": ""+159000"", ""sel_9th_pre_req_pre"": ""0"", ""sel_9th_pre_req"": ""18"", ""sel_9th_pre_bid"": ""+158900"", ""sel_8th_pre_req_pre"": ""0"", ""sel_8th_pre_req"": ""1"", ""sel_8th_pre_bid"": ""+158800"", ""sel_7th_pre_req_pre"": ""0"", ""sel_7th_pre_req"": ""58"", ""sel_7th_pre_bid"": ""+158700"", ""sel_6th_pre_req_pre"": ""0"", ""sel_6th_pre_req"": ""8"", ""sel_6th_pre_bid"": ""+158600"", ""sel_5th_pre_req_pre"": ""0"", ""sel_5th_pre_req"": ""332"", ""sel_5th_pre_bid"": ""+158500"", ""sel_4th_pre_req_pre"": ""0"", ""sel_4th_pre_req"": ""66"", ""sel_4th_pre_bid"": ""+158400"", ""sel_3th_pre_req_pre"": ""0"", ""sel_3th_pre_req"": ""28"", ""sel_3th_pre_bid"": ""+158300"", ""sel_2th_pre_req_pre"": ""--9"", ""sel_2th_pre_req"": ""35"", ""sel_2th_pre_bid"": ""+158200"", ""sel_1th_pre_req_pre"": ""+11"", ""sel_fpr_req"": ""36"", ""sel_fpr_bid"": ""+158100"", ""buy_fpr_bid"": ""+157600"", ""buy_fpr_req"": ""79"", ""buy_1th_pre_req_pre"": ""0"", ""buy_2th_pre_bid"": ""+157400"", ""buy_2th_pre_req"": ""45"", ""buy_2th_pre_req_pre"": ""0"", ""buy_3th_pre_bid"": ""+157300"", ""buy_3th_pre_req"": ""8"", ""buy_3th_pre_req_pre"": ""0"", ""buy_4th_pre_bid"": ""+157100"", ""buy_4th_pre_req"": ""22"", ""buy_4th_pre_req_pre"": ""0"", ""buy_5th_pre_bid"": ""+157000"", ""buy_5th_pre_req"": ""20"", ""buy_5th_pre_req_pre"": ""0"", ""buy_6th_pre_bid"": ""+156800"", ""buy_6th_pre_req"": ""10"", ""buy_6th_pre_req_pre"": ""0"", ""buy_7th_pre_bid"": ""+156700"", ""buy_7th_pre_req"": ""36"", ""buy_7th_pre_req_pre"": ""0"", ""buy_8th_pre_bid"": ""+156600"", ""buy_8th_pre_req"": ""26"", ""buy_8th_pre_req_pre"": ""0"", ""buy_9th_pre_bid"": ""+156500"", ""buy_9th_pre_req"": ""27"", ""buy_9th_pre_req_pre"": ""0"", ""buy_10th_pre_bid"": ""+156400"", ""buy_10th_pre_req"": ""60"", ""buy_10th_pre_req_pre"": ""0"", ""tot_sel_req_jub_pre"": ""+2"", ""tot_sel_req"": ""719"", ""tot_buy_req"": ""333"", ""tot_buy_req_jub_pre"": ""0"", ""ovt_sel_req_pre"": ""0"", ""ovt_sel_req"": ""0"", ""ovt_buy_req"": ""0"", ""ovt_buy_req_pre"": ""0"", ""return_code"": 0, ""return_msg"": ""정상적으로 처리되었습니다""}"
2026-06-10,scan_candidate,034220,,0,main_scan,13240,,13240,13230,13240,13250,-0.3021148036253776,0.0755287009063444,,,,,,"{""bid_req_base_tm"": ""105907"", ""sel_10th_pre_req_pre"": ""0"", ""sel_10th_pre_req"": ""1727"", ""sel_10th_pre_bid"": ""-13330"", ""sel_9th_pre_req_pre"": ""0"", ""sel_9th_pre_req"": ""336"", ""sel_9th_pre_bid"": ""-13320"", ""sel_8th_pre_req_pre"": ""0"", ""sel_8th_pre_req"": ""32"", ""sel_8th_pre_bid"": ""-13310"", ""sel_7th_pre_req_pre"": ""0"", ""sel_7th_pre_req"": ""1475"", ""sel_7th_pre_bid"": ""-13300"", ""sel_6th_pre_req_pre"": ""0"", ""sel_6th_pre_req"": ""500"", ""sel_6th_pre_bid"": ""-13290"", ""sel_5th_pre_req_pre"": ""0"", ""sel_5th_pre_req"": ""2753"", ""sel_5th_pre_bid"": ""-13280"", ""sel_4th_pre_req_pre"": ""0"", ""sel_4th_pre_req"": ""1647"", ""sel_4th_pre_bid"": ""-13270"", ""sel_3th_pre_req_pre"": ""0"", ""sel_3th_pre_req"": ""1121"", ""sel_3th_pre_bid"": ""-13260"", ""sel_2th_pre_req_pre"": ""0"", ""sel_2th_pre_req"": ""105"", ""sel_2th_pre_bid"": ""-13250"", ""sel_1th_pre_req_pre"": ""--313"", ""sel_fpr_req"": ""313"", ""sel_fpr_bid"": ""-13240"", ""buy_fpr_bid"": ""-13230"", ""buy_fpr_req"": ""68"", ""buy_1th_pre_req_pre"": ""0"", ""buy_2th_pre_bid"": ""-13220"", ""buy_2th_pre_req"": ""382"", ""buy_2th_pre_req_pre"": ""0"", ""buy_3th_pre_bid"": ""-13210"", ""buy_3th_pre_req"": ""5228"", ""buy_3th_pre_req_pre"": ""0"", ""buy_4th_pre_bid"": ""-13200"", ""buy_4th_pre_req"": ""13789"", ""buy_4th_pre_req_pre"": ""0"", ""buy_5th_pre_bid"": ""-13190"", ""buy_5th_pre_req"": ""2039"", ""buy_5th_pre_req_pre"": ""0"", ""buy_6th_pre_bid"": ""-13180"", ""buy_6th_pre_req"": ""3168"", ""buy_6th_pre_req_pre"": ""0"", ""buy_7th_pre_bid"": ""-13170"", ""buy_7th_pre_req"": ""6646"", ""buy_7th_pre_req_pre"": ""0"", ""buy_8th_pre_bid"": ""-13160"", ""buy_8th_pre_req"": ""3616"", ""buy_8th_pre_req_pre"": ""0"", ""buy_9th_pre_bid"": ""-13150"", ""buy_9th_pre_req"": ""5159"", ""buy_9th_pre_req_pre"": ""0"", ""buy_10th_pre_bid"": ""-13140"", ""buy_10th_pre_req"": ""1684"", ""buy_10th_pre_req_pre"": ""0"", ""tot_sel_req_jub_pre"": ""--313"", ""tot_sel_req"": ""10009"", ""tot_buy_req"": ""41779"", ""tot_buy_req_jub_pre"": ""0"", ""ovt_sel_req_pre"": ""0"", ""ovt_sel_req"": ""0"", ""ovt_buy_req"": ""0"", ""ovt_buy_req_pre"": ""0"", ""return_code"": 0, ""return_msg"": ""정상적으로 처리되었습니다""}"
2026-06-10,scan_candidate,267270,,0,main_scan,149100,,149100,149000,149100,149000,-0.4024144869215292,0.0670690811535882,,,,,,"{""bid_req_base_tm"": ""105907"", ""sel_10th_pre_req_pre"": ""0"", ""sel_10th_pre_req"": ""35"", ""sel_10th_pre_bid"": ""+150200"", ""sel_9th_pre_req_pre"": ""0"", ""sel_9th_pre_req"": ""8"", ""sel_9th_pre_bid"": ""+150100"", ""sel_8th_pre_req_pre"": ""0"", ""sel_8th_pre_req"": ""341"", ""sel_8th_pre_bid"": ""+150000"", ""sel_7th_pre_req_pre"": ""0"", ""sel_7th_pre_req"": ""12"", ""sel_7th_pre_bid"": ""+149900"", ""sel_6th_pre_req_pre"": ""0"", ""sel_6th_pre_req"": ""11"", ""sel_6th_pre_bid"": ""+149800"", ""sel_5th_pre_req_pre"": ""0"", ""sel_5th_pre_req"": ""1"", ""sel_5th_pre_bid"": ""+149500"", ""sel_4th_pre_req_pre"": ""0"", ""sel_4th_pre_req"": ""38"", ""sel_4th_pre_bid"": ""+149400"", ""sel_3th_pre_req_pre"": ""0"", ""sel_3th_pre_req"": ""17"", ""sel_3th_pre_bid"": ""+149300"", ""sel_2th_pre_req_pre"": ""0"", ""sel_2th_pre_req"": ""29"", ""sel_2th_pre_bid"": ""+149200"", ""sel_1th_pre_req_pre"": ""--1"", ""sel_fpr_req"": ""9"", ""sel_fpr_bid"": ""+149100"", ""buy_fpr_bid"": ""+149000"", ""buy_fpr_req"": ""17"", ""buy_1th_pre_req_pre"": ""0"", ""buy_2th_pre_bid"": ""+148900"", ""buy_2th_pre_req"": ""32"", ""buy_2th_pre_req_pre"": ""0"", ""buy_3th_pre_bid"": ""+148800"", ""buy_3th_pre_req"": ""15"", ""buy_3th_pre_req_pre"": ""0"", ""buy_4th_pre_bid"": ""+148700"", ""buy_4th_pre_req"": ""5"", ""buy_4th_pre_req_pre"": ""0"", ""buy_5th_pre_bid"": ""+148600"", ""buy_5th_pre_req"": ""112"", ""buy_5th_pre_req_pre"": ""0"", ""buy_6th_pre_bid"": ""+148500"", ""buy_6th_pre_req"": ""139"", ""buy_6th_pre_req_pre"": ""0"", ""buy_7th_pre_bid"": ""+148400"", ""buy_7th_pre_req"": ""14"", ""buy_7th_pre_req_pre"": ""0"", ""buy_8th_pre_bid"": ""+148300"", ""buy_8th_pre_req"": ""14"", ""buy_8th_pre_req_pre"": ""0"", ""buy_9th_pre_bid"": ""+148200"", ""buy_9th_pre_req"": ""69"", ""buy_9th_pre_req_pre"": ""0"", ""buy_10th_pre_bid"": ""+148100"", ""buy_10th_pre_req"": ""156"", ""buy_10th_pre_req_pre"": ""0"", ""tot_sel_req_jub_pre"": ""--1"", ""tot_sel_req"": ""501"", ""tot_buy_req"": ""573"", ""tot_buy_req_jub_pre"": ""0"", ""ovt_sel_req_pre"": ""0"", ""ovt_sel_req"": ""0"", ""ovt_buy_req"": ""0"", ""ovt_buy_req_pre"": ""0"", ""return_code"": 0, ""return_msg"": ""정상적으로 처리되었습니다""}"
2026-06-10,scan_candidate,078930,,0,main_scan,74100,,74100,74000,74100,73700,-0.6747638326585695,0.1349527665317139,,,,,,"{""bid_req_base_tm"": ""105907"", ""sel_10th_pre_req_pre"": ""0"", ""sel_10th_pre_req"": ""1076"", ""sel_10th_pre_bid"": ""+75000"", ""sel_9th_pre_req_pre"": ""0"", ""sel_9th_pre_req"": ""63"", ""sel_9th_pre_bid"": ""+74900"", ""sel_8th_pre_req_pre"": ""0"", ""sel_8th_pre_req"": ""4"", ""sel_8th_pre_bid"": ""+74800"", ""sel_7th_pre_req_pre"": ""0"", ""sel_7th_pre_req"": ""237"", ""sel_7th_pre_bid"": ""+74700"", ""sel_6th_pre_req_pre"": ""0"", ""sel_6th_pre_req"": ""104"", ""sel_6th_pre_bid"": ""+74600"", ""sel_5th_pre_req_pre"": ""0"", ""sel_5th_pre_req"": ""1056"", ""sel_5th_pre_bid"": ""+74500"", ""sel_4th_pre_req_pre"": ""0"", ""sel_4th_pre_req"": ""134"", ""sel_4th_pre_bid"": ""+74400"", ""sel_3th_pre_req_pre"": ""0"", ""sel_3th_pre_req"": ""151"", ""sel_3th_pre_bid"": ""+74300"", ""sel_2th_pre_req_pre"": ""0"", ""sel_2th_pre_req"": ""285"", ""sel_2th_pre_bid"": ""+74200"", ""sel_1th_pre_req_pre"": ""0"", ""sel_fpr_req"": ""5"", ""sel_fpr_bid"": ""+74100"", ""buy_fpr_bid"": ""+74000"", ""buy_fpr_req"": ""237"", ""buy_1th_pre_req_pre"": ""+56"", ""buy_2th_pre_bid"": ""+73900"", ""buy_2th_pre_req"": ""553"", ""buy_2th_pre_req_pre"": ""0"", ""buy_3th_pre_bid"": ""73800"", ""buy_3th_pre_req"": ""33"", ""buy_3th_pre_req_pre"": ""--55"", ""buy_4th_pre_bid"": ""-73700"", ""buy_4th_pre_req"": ""77"", ""buy_4th_pre_req_pre"": ""0"", ""buy_5th_pre_bid"": ""-73600"", ""buy_5th_pre_req"": ""66"", ""buy_5th_pre_req_pre"": ""0"", ""buy_6th_pre_bid"": ""-73400"", ""buy_6th_pre_req"": ""1"", ""buy_6th_pre_req_pre"": ""0"", ""buy_7th_pre_bid"": ""-73300"", ""buy_7th_pre_req"": ""30"", ""buy_7th_pre_req_pre"": ""0"", ""buy_8th_pre_bid"": ""-73200"", ""buy_8th_pre_req"": ""5"", ""buy_8th_pre_req_pre"": ""0"", ""buy_9th_pre_bid"": ""-73100"", ""buy_9th_pre_req"": ""150"", ""buy_9th_pre_req_pre"": ""0"", ""buy_10th_pre_bid"": ""-73000"", ""buy_10th_pre_req"": ""50"", ""buy_10th_pre_req_pre"": ""0"", ""tot_sel_req_jub_pre"": ""0"", ""tot_sel_req"": ""3115"", ""tot_buy_req"": ""1202"", ""tot_buy_req_jub_pre"": ""+1"", ""ovt_sel_req_pre"": ""0"", ""ovt_sel_req"": ""0"", ""ovt_buy_req"": ""0"", ""ovt_buy_req_pre"": ""0"", ""return_code"": 0, ""return_msg"": ""정상적으로 처리되었습니다""}"
2026-06-10,scan_candidate,090430,,0,main_scan,113000,,113000,112900,113000,112500,-0.8849557522123894,0.08849557522123894,,,,,,"{""bid_req_base_tm"": ""105904"", ""sel_10th_pre_req_pre"": ""0"", ""sel_10th_pre_req"": ""147"", ""sel_10th_pre_bid"": ""+113900"", ""sel_9th_pre_req_pre"": ""0"", ""sel_9th_pre_req"": ""172"", ""sel_9th_pre_bid"": ""+113800"", ""sel_8th_pre_req_pre"": ""0"", ""sel_8th_pre_req"": ""6"", ""sel_8th_pre_bid"": ""+113700"", ""sel_7th_pre_req_pre"": ""0"", ""sel_7th_pre_req"": ""132"", ""sel_7th_pre_bid"": ""+113600"", ""sel_6th_pre_req_pre"": ""0"", ""sel_6th_pre_req"": ""208"", ""sel_6th_pre_bid"": ""+113500"", ""sel_5th_pre_req_pre"": ""0"", ""sel_5th_pre_req"": ""182"", ""sel_5th_pre_bid"": ""+113400"", ""sel_4th_pre_req_pre"": ""0"", ""sel_4th_pre_req"": ""160"", ""sel_4th_pre_bid"": ""+113300"", ""sel_3th_pre_req_pre"": ""0"", ""sel_3th_pre_req"": ""110"", ""sel_3th_pre_bid"": ""+113200"", ""sel_2th_pre_req_pre"": ""0"", ""sel_2th_pre_req"": ""47"", ""sel_2th_pre_bid"": ""+113100"", ""sel_1th_pre_req_pre"": ""0"", ""sel_fpr_req"": ""328"", ""sel_fpr_bid"": ""+113000"", ""buy_fpr_bid"": ""+112900"", ""buy_fpr_req"": ""53"", ""buy_1th_pre_req_pre"": ""--17"", ""buy_2th_pre_bid"": ""+112800"", ""buy_2th_pre_req"": ""65"", ""buy_2th_pre_req_pre"": ""0"", ""buy_3th_pre_bid"": ""+112700"", ""buy_3th_pre_req"": ""15"", ""buy_3th_pre_req_pre"": ""0"", ""buy_4th_pre_bid"": ""+112600"", ""buy_4th_pre_req"": ""3"", ""buy_4th_pre_req_pre"": ""0"", ""buy_5th_pre_bid"": ""+112500"", ""buy_5th_pre_req"": ""69"", ""buy_5th_pre_req_pre"": ""0"", ""buy_6th_pre_bid"": ""+112400"", ""buy_6th_pre_req"": ""232"", ""buy_6th_pre_req_pre"": ""0"", ""buy_7th_pre_bid"": ""+112300"", ""buy_7th_pre_req"": ""11"", ""buy_7th_pre_req_pre"": ""0"", ""buy_8th_pre_bid"": ""+112200"", ""buy_8th_pre_req"": ""73"", ""buy_8th_pre_req_pre"": ""0"", ""buy_9th_pre_bid"": ""+112100"", ""buy_9th_pre_req"": ""27"", ""buy_9th_pre_req_pre"": ""0"", ""buy_10th_pre_bid"": ""112000"", ""buy_10th_pre_req"": ""228"", ""buy_10th_pre_req_pre"": ""0"", ""tot_sel_req_jub_pre"": ""0"", ""tot_sel_req"": ""1492"", ""tot_buy_req"": ""776"", ""tot_buy_req_jub_pre"": ""--17"", ""ovt_sel_req_pre"": ""0"", ""ovt_sel_req"": ""0"", ""ovt_buy_req"": ""0"", ""ovt_buy_req_pre"": ""0"", ""return_code"": 0, ""return_msg"": ""정상적으로 처리되었습니다""}"
2026-06-10,scan_candidate,004170,,0,main_scan,683000,,683000,682000,683000,679000,-0.7320644216691069,0.14641288433382138,,,,,,"{""bid_req_base_tm"": ""105908"", ""sel_10th_pre_req_pre"": ""0"", ""sel_10th_pre_req"": ""40"", ""sel_10th_pre_bid"": ""+692000"", ""sel_9th_pre_req_pre"": ""0"", ""sel_9th_pre_req"": ""823"", ""sel_9th_pre_bid"": ""+691000"", ""sel_8th_pre_req_pre"": ""0"", ""sel_8th_pre_req"": ""208"", ""sel_8th_pre_bid"": ""+690000"", ""sel_7th_pre_req_pre"": ""0"", ""sel_7th_pre_req"": ""82"", ""sel_7th_pre_bid"": ""+689000"", ""sel_6th_pre_req_pre"": ""0"", ""sel_6th_pre_req"": ""61"", ""sel_6th_pre_bid"": ""+688000"", ""sel_5th_pre_req_pre"": ""0"", ""sel_5th_pre_req"": ""29"", ""sel_5th_pre_bid"": ""+687000"", ""sel_4th_pre_req_pre"": ""0"", ""sel_4th_pre_req"": ""439"", ""sel_4th_pre_bid"": ""+686000"", ""sel_3th_pre_req_pre"": ""0"", ""sel_3th_pre_req"": ""70"", ""sel_3th_pre_bid"": ""+685000"", ""sel_2th_pre_req_pre"": ""0"", ""sel_2th_pre_req"": ""3"", ""sel_2th_pre_bid"": ""+684000"", ""sel_1th_pre_req_pre"": ""+1"", ""sel_fpr_req"": ""41"", ""sel_fpr_bid"": ""+683000"", ""buy_fpr_bid"": ""+682000"", ""buy_fpr_req"": ""38"", ""buy_1th_pre_req_pre"": ""0"", ""buy_2th_pre_bid"": ""+681000"", ""buy_2th_pre_req"": ""58"", ""buy_2th_pre_req_pre"": ""0"", ""buy_3th_pre_bid"": ""+680000"", ""buy_3th_pre_req"": ""72"", ""buy_3th_pre_req_pre"": ""0"", ""buy_4th_pre_bid"": ""+679000"", ""buy_4th_pre_req"": ""1"", ""buy_4th_pre_req_pre"": ""0"", ""buy_5th_pre_bid"": ""+678000"", ""buy_5th_pre_req"": ""1"", ""buy_5th_pre_req_pre"": ""0"", ""buy_6th_pre_bid"": ""+677000"", ""buy_6th_pre_req"": ""42"", ""buy_6th_pre_req_pre"": ""0"", ""buy_7th_pre_bid"": ""+676000"", ""buy_7th_pre_req"": ""5"", ""buy_7th_pre_req_pre"": ""0"", ""buy_8th_pre_bid"": ""+675000"", ""buy_8th_pre_req"": ""2"", ""buy_8th_pre_req_pre"": ""0"", ""buy_9th_pre_bid"": ""+674000"", ""buy_9th_pre_req"": ""1"", ""buy_9th_pre_req_pre"": ""0"", ""buy_10th_pre_bid"": ""+673000"", ""buy_10th_pre_req"": ""26"", ""buy_10th_pre_req_pre"": ""0"", ""tot_sel_req_jub_pre"": ""+1"", ""tot_sel_req"": ""1796"", ""tot_buy_req"": ""246"", ""tot_buy_req_jub_pre"": ""0"", ""ovt_sel_req_pre"": ""0"", ""ovt_sel_req"": ""0"", ""ovt_buy_req"": ""0"", ""ovt_buy_req_pre"": ""0"", ""return_code"": 0, ""return_msg"": ""정상적으로 처리되었습니다""}"
2026-06-10,scan_candidate,036570,,0,main_scan,260500,,260500,260000,260500,260000,-0.3838771593090211,0.19193857965451055,,,,,,"{""bid_req_base_tm"": ""105902"", ""sel_10th_pre_req_pre"": ""0"", ""sel_10th_pre_req"": ""599"", ""sel_10th_pre_bid"": ""+265000"", ""sel_9th_pre_req_pre"": ""0"", ""sel_9th_pre_req"": ""252"", ""sel_9th_pre_bid"": ""264500"", ""sel_8th_pre_req_pre"": ""0"", ""sel_8th_pre_req"": ""145"", ""sel_8th_pre_bid"": ""-264000"", ""sel_7th_pre_req_pre"": ""0"", ""sel_7th_pre_req"": ""63"", ""sel_7th_pre_bid"": ""-263500"", ""sel_6th_pre_req_pre"": ""0"", ""sel_6th_pre_req"": ""36"", ""sel_6th_pre_bid"": ""-263000"", ""sel_5th_pre_req_pre"": ""0"", ""sel_5th_pre_req"": ""17"", ""sel_5th_pre_bid"": ""-262500"", ""sel_4th_pre_req_pre"": ""0"", ""sel_4th_pre_req"": ""129"", ""sel_4th_pre_bid"": ""-262000"", ""sel_3th_pre_req_pre"": ""0"", ""sel_3th_pre_req"": ""76"", ""sel_3th_pre_bid"": ""-261500"", ""sel_2th_pre_req_pre"": ""0"", ""sel_2th_pre_req"": ""17"", ""sel_2th_pre_bid"": ""-261000"", ""sel_1th_pre_req_pre"": ""0"", ""sel_fpr_req"": ""166"", ""sel_fpr_bid"": ""-260500"", ""buy_fpr_bid"": ""-260000"", ""buy_fpr_req"": ""64"", ""buy_1th_pre_req_pre"": ""+2"", ""buy_2th_pre_bid"": ""-259500"", ""buy_2th_pre_req"": ""107"", ""buy_2th_pre_req_pre"": ""0"", ""buy_3th_pre_bid"": ""-259000"", ""buy_3th_pre_req"": ""22"", ""buy_3th_pre_req_pre"": ""0"", ""buy_4th_pre_bid"": ""-258500"", ""buy_4th_pre_req"": ""47"", ""buy_4th_pre_req_pre"": ""0"", ""buy_5th_pre_bid"": ""-258000"", ""buy_5th_pre_req"": ""41"", ""buy_5th_pre_req_pre"": ""0"", ""buy_6th_pre_bid"": ""-257500"", ""buy_6th_pre_req"": ""73"", ""buy_6th_pre_req_pre"": ""0"", ""buy_7th_pre_bid"": ""-257000"", ""buy_7th_pre_req"": ""124"", ""buy_7th_pre_req_pre"": ""0"", ""buy_8th_pre_bid"": ""-256500"", ""buy_8th_pre_req"": ""100"", ""buy_8th_pre_req_pre"": ""0"", ""buy_9th_pre_bid"": ""-256000"", ""buy_9th_pre_req"": ""215"", ""buy_9th_pre_req_pre"": ""0"", ""buy_10th_pre_bid"": ""-255500"", ""buy_10th_pre_req"": ""215"", ""buy_10th_pre_req_pre"": ""0"", ""tot_sel_req_jub_pre"": ""0"", ""tot_sel_req"": ""1500"", ""tot_buy_req"": ""1008"", ""tot_buy_req_jub_pre"": ""+2"", ""ovt_sel_req_pre"": ""0"", ""ovt_sel_req"": ""0"", ""ovt_buy_req"": ""0"", ""ovt_buy_req_pre"": ""0"", ""return_code"": 0, ""return_msg"": ""정상적으로 처리되었습니다""}"
2026-06-10,scan_candidate,271560,,0,main_scan,133000,,133000,132900,133000,132500,-0.7518796992481203,0.07518796992481204,,,,,,"{""bid_req_base_tm"": ""105907"", ""sel_10th_pre_req_pre"": ""0"", ""sel_10th_pre_req"": ""40"", ""sel_10th_pre_bid"": ""+134100"", ""sel_9th_pre_req_pre"": ""0"", ""sel_9th_pre_req"": ""166"", ""sel_9th_pre_bid"": ""+134000"", ""sel_8th_pre_req_pre"": ""0"", ""sel_8th_pre_req"": ""190"", ""sel_8th_pre_bid"": ""+133900"", ""sel_7th_pre_req_pre"": ""0"", ""sel_7th_pre_req"": ""20"", ""sel_7th_pre_bid"": ""+133800"", ""sel_6th_pre_req_pre"": ""0"", ""sel_6th_pre_req"": ""100"", ""sel_6th_pre_bid"": ""+133700"", ""sel_5th_pre_req_pre"": ""0"", ""sel_5th_pre_req"": ""6"", ""sel_5th_pre_bid"": ""+133600"", ""sel_4th_pre_req_pre"": ""0"", ""sel_4th_pre_req"": ""3"", ""sel_4th_pre_bid"": ""+133300"", ""sel_3th_pre_req_pre"": ""0"", ""sel_3th_pre_req"": ""23"", ""sel_3th_pre_bid"": ""+133200"", ""sel_2th_pre_req_pre"": ""0"", ""sel_2th_pre_req"": ""33"", ""sel_2th_pre_bid"": ""+133100"", ""sel_1th_pre_req_pre"": ""+4"", ""sel_fpr_req"": ""88"", ""sel_fpr_bid"": ""+133000"", ""buy_fpr_bid"": ""132900"", ""buy_fpr_req"": ""180"", ""buy_1th_pre_req_pre"": ""0"", ""buy_2th_pre_bid"": ""-132800"", ""buy_2th_pre_req"": ""79"", ""buy_2th_pre_req_pre"": ""0"", ""buy_3th_pre_bid"": ""-132700"", ""buy_3th_pre_req"": ""15"", ""buy_3th_pre_req_pre"": ""0"", ""buy_4th_pre_bid"": ""-132500"", ""buy_4th_pre_req"": ""13"", ""buy_4th_pre_req_pre"": ""0"", ""buy_5th_pre_bid"": ""-132400"", ""buy_5th_pre_req"": ""146"", ""buy_5th_pre_req_pre"": ""0"", ""buy_6th_pre_bid"": ""-132300"", ""buy_6th_pre_req"": ""12"", ""buy_6th_pre_req_pre"": ""0"", ""buy_7th_pre_bid"": ""-132200"", ""buy_7th_pre_req"": ""60"", ""buy_7th_pre_req_pre"": ""0"", ""buy_8th_pre_bid"": ""-132000"", ""buy_8th_pre_req"": ""2"", ""buy_8th_pre_req_pre"": ""0"", ""buy_9th_pre_bid"": ""-131900"", ""buy_9th_pre_req"": ""1"", ""buy_9th_pre_req_pre"": ""0"", ""buy_10th_pre_bid"": ""-131800"", ""buy_10th_pre_req"": ""2"", ""buy_10th_pre_req_pre"": ""0"", ""tot_sel_req_jub_pre"": ""+4"", ""tot_sel_req"": ""669"", ""tot_buy_req"": ""510"", ""tot_buy_req_jub_pre"": ""0"", ""ovt_sel_req_pre"": ""0"", ""ovt_sel_req"": ""0"", ""ovt_buy_req"": ""0"", ""ovt_buy_req_pre"": ""0"", ""return_code"": 0, ""return_msg"": ""정상적으로 처리되었습니다""}"
2026-06-10,scan_candidate,023530,,0,main_scan,195300,,195300,195100,195300,195500,-0.15360983102918588,0.10240655401945725,,,,,,"{""bid_req_base_tm"": ""105906"", ""sel_10th_pre_req_pre"": ""0"", ""sel_10th_pre_req"": ""1"", ""sel_10th_pre_bid"": ""+196300"", ""sel_9th_pre_req_pre"": ""0"", ""sel_9th_pre_req"": ""1"", ""sel_9th_pre_bid"": ""+196200"", ""sel_8th_pre_req_pre"": ""0"", ""sel_8th_pre_req"": ""27"", ""sel_8th_pre_bid"": ""+196000"", ""sel_7th_pre_req_pre"": ""0"", ""sel_7th_pre_req"": ""1"", ""sel_7th_pre_bid"": ""+195900"", ""sel_6th_pre_req_pre"": ""0"", ""sel_6th_pre_req"": ""3"", ""sel_6th_pre_bid"": ""+195800"", ""sel_5th_pre_req_pre"": ""0"", ""sel_5th_pre_req"": ""4"", ""sel_5th_pre_bid"": ""+195700"", ""sel_4th_pre_req_pre"": ""0"", ""sel_4th_pre_req"": ""1"", ""sel_4th_pre_bid"": ""+195600"", ""sel_3th_pre_req_pre"": ""0"", ""sel_3th_pre_req"": ""1"", ""sel_3th_pre_bid"": ""+195500"", ""sel_2th_pre_req_pre"": ""0"", ""sel_2th_pre_req"": ""19"", ""sel_2th_pre_bid"": ""+195400"", ""sel_1th_pre_req_pre"": ""0"", ""sel_fpr_req"": ""28"", ""sel_fpr_bid"": ""+195300"", ""buy_fpr_bid"": ""+195100"", ""buy_fpr_req"": ""8"", ""buy_1th_pre_req_pre"": ""0"", ""buy_2th_pre_bid"": ""+195000"", ""buy_2th_pre_req"": ""9"", ""buy_2th_pre_req_pre"": ""0"", ""buy_3th_pre_bid"": ""+194900"", ""buy_3th_pre_req"": ""105"", ""buy_3th_pre_req_pre"": ""0"", ""buy_4th_pre_bid"": ""+194700"", ""buy_4th_pre_req"": ""4"", ""buy_4th_pre_req_pre"": ""0"", ""buy_5th_pre_bid"": ""+194600"", ""buy_5th_pre_req"": ""13"", ""buy_5th_pre_req_pre"": ""0"", ""buy_6th_pre_bid"": ""+194500"", ""buy_6th_pre_req"": ""50"", ""buy_6th_pre_req_pre"": ""0"", ""buy_7th_pre_bid"": ""+194400"", ""buy_7th_pre_req"": ""1"", ""buy_7th_pre_req_pre"": ""0"", ""buy_8th_pre_bid"": ""+194300"", ""buy_8th_pre_req"": ""10"", ""buy_8th_pre_req_pre"": ""0"", ""buy_9th_pre_bid"": ""+194200"", ""buy_9th_pre_req"": ""2"", ""buy_9th_pre_req_pre"": ""0"", ""buy_10th_pre_bid"": ""+194100"", ""buy_10th_pre_req"": ""22"", ""buy_10th_pre_req_pre"": ""0"", ""tot_sel_req_jub_pre"": ""0"", ""tot_sel_req"": ""86"", ""tot_buy_req"": ""224"", ""tot_buy_req_jub_pre"": ""0"", ""ovt_sel_req_pre"": ""0"", ""ovt_sel_req"": ""0"", ""ovt_buy_req"": ""0"", ""ovt_buy_req_pre"": ""0"", ""return_code"": 0, ""return_msg"": ""정상적으로 처리되었습니다""}"
2026-06-10,scan_candidate,175330,,0,main_scan,25700,,25700,25650,25700,25650,-0.38910505836575876,0.19455252918287938,,,,,,"{""bid_req_base_tm"": ""105905"", ""sel_10th_pre_req_pre"": ""0"", ""sel_10th_pre_req"": ""2192"", ""sel_10th_pre_bid"": ""+26150"", ""sel_9th_pre_req_pre"": ""0"", ""sel_9th_pre_req"": ""557"", ""sel_9th_pre_bid"": ""+26100"", ""sel_8th_pre_req_pre"": ""0"", ""sel_8th_pre_req"": ""352"", ""sel_8th_pre_bid"": ""+26050"", ""sel_7th_pre_req_pre"": ""0"", ""sel_7th_pre_req"": ""713"", ""sel_7th_pre_bid"": ""+26000"", ""sel_6th_pre_req_pre"": ""0"", ""sel_6th_pre_req"": ""560"", ""sel_6th_pre_bid"": ""+25950"", ""sel_5th_pre_req_pre"": ""0"", ""sel_5th_pre_req"": ""532"", ""sel_5th_pre_bid"": ""25900"", ""sel_4th_pre_req_pre"": ""0"", ""sel_4th_pre_req"": ""454"", ""sel_4th_pre_bid"": ""-25850"", ""sel_3th_pre_req_pre"": ""0"", ""sel_3th_pre_req"": ""110"", ""sel_3th_pre_bid"": ""-25800"", ""sel_2th_pre_req_pre"": ""0"", ""sel_2th_pre_req"": ""1078"", ""sel_2th_pre_bid"": ""-25750"", ""sel_1th_pre_req_pre"": ""--28"", ""sel_fpr_req"": ""837"", ""sel_fpr_bid"": ""-25700"", ""buy_fpr_bid"": ""-25650"", ""buy_fpr_req"": ""936"", ""buy_1th_pre_req_pre"": ""0"", ""buy_2th_pre_bid"": ""-25600"", ""buy_2th_pre_req"": ""662"", ""buy_2th_pre_req_pre"": ""0"", ""buy_3th_pre_bid"": ""-25550"", ""buy_3th_pre_req"": ""1078"", ""buy_3th_pre_req_pre"": ""0"", ""buy_4th_pre_bid"": ""-25500"", ""buy_4th_pre_req"": ""593"", ""buy_4th_pre_req_pre"": ""0"", ""buy_5th_pre_bid"": ""-25450"", ""buy_5th_pre_req"": ""536"", ""buy_5th_pre_req_pre"": ""0"", ""buy_6th_pre_bid"": ""-25400"", ""buy_6th_pre_req"": ""673"", ""buy_6th_pre_req_pre"": ""0"", ""buy_7th_pre_bid"": ""-25350"", ""buy_7th_pre_req"": ""281"", ""buy_7th_pre_req_pre"": ""0"", ""buy_8th_pre_bid"": ""-25300"", ""buy_8th_pre_req"": ""407"", ""buy_8th_pre_req_pre"": ""0"", ""buy_9th_pre_bid"": ""-25250"", ""buy_9th_pre_req"": ""473"", ""buy_9th_pre_req_pre"": ""0"", ""buy_10th_pre_bid"": ""-25200"", ""buy_10th_pre_req"": ""221"", ""buy_10th_pre_req_pre"": ""0"", ""tot_sel_req_jub_pre"": ""--28"", ""tot_sel_req"": ""7385"", ""tot_buy_req"": ""5860"", ""tot_buy_req_jub_pre"": ""0"", ""ovt_sel_req_pre"": ""0"", ""ovt_sel_req"": ""0"", ""ovt_buy_req"": ""0"", ""ovt_buy_req_pre"": ""0"", ""return_code"": 0, ""return_msg"": ""정상적으로 처리되었습니다""}"
2026-06-10,scan_candidate,088350,,0,main_scan,4860,,4860,4855,4860,4870,0.102880658436214,0.102880658436214,,,,,,"{""bid_req_base_tm"": ""105908"", ""sel_10th_pre_req_pre"": ""0"", ""sel_10th_pre_req"": ""101"", ""sel_10th_pre_bid"": ""-4905"", ""sel_9th_pre_req_pre"": ""0"", ""sel_9th_pre_req"": ""894"", ""sel_9th_pre_bid"": ""-4900"", ""sel_8th_pre_req_pre"": ""0"", ""sel_8th_pre_req"": ""31"", ""sel_8th_pre_bid"": ""-4895"", ""sel_7th_pre_req_pre"": ""0"", ""sel_7th_pre_req"": ""203"", ""sel_7th_pre_bid"": ""-4890"", ""sel_6th_pre_req_pre"": ""0"", ""sel_6th_pre_req"": ""1764"", ""sel_6th_pre_bid"": ""-4885"", ""sel_5th_pre_req_pre"": ""0"", ""sel_5th_pre_req"": ""244"", ""sel_5th_pre_bid"": ""-4880"", ""sel_4th_pre_req_pre"": ""0"", ""sel_4th_pre_req"": ""566"", ""sel_4th_pre_bid"": ""-4875"", ""sel_3th_pre_req_pre"": ""0"", ""sel_3th_pre_req"": ""379"", ""sel_3th_pre_bid"": ""-4870"", ""sel_2th_pre_req_pre"": ""0"", ""sel_2th_pre_req"": ""1870"", ""sel_2th_pre_bid"": ""-4865"", ""sel_1th_pre_req_pre"": ""0"", ""sel_fpr_req"": ""3123"", ""sel_fpr_bid"": ""-4860"", ""buy_fpr_bid"": ""-4855"", ""buy_fpr_req"": ""843"", ""buy_1th_pre_req_pre"": ""0"", ""buy_2th_pre_bid"": ""-4850"", ""buy_2th_pre_req"": ""660"", ""buy_2th_pre_req_pre"": ""0"", ""buy_3th_pre_bid"": ""-4845"", ""buy_3th_pre_req"": ""2605"", ""buy_3th_pre_req_pre"": ""0"", ""buy_4th_pre_bid"": ""-4840"", ""buy_4th_pre_req"": ""4360"", ""buy_4th_pre_req_pre"": ""0"", ""buy_5th_pre_bid"": ""-4835"", ""buy_5th_pre_req"": ""5314"", ""buy_5th_pre_req_pre"": ""--295"", ""buy_6th_pre_bid"": ""-4830"", ""buy_6th_pre_req"": ""6677"", ""buy_6th_pre_req_pre"": ""0"", ""buy_7th_pre_bid"": ""-4825"", ""buy_7th_pre_req"": ""9997"", ""buy_7th_pre_req_pre"": ""0"", ""buy_8th_pre_bid"": ""-4820"", ""buy_8th_pre_req"": ""17371"", ""buy_8th_pre_req_pre"": ""0"", ""buy_9th_pre_bid"": ""-4815"", ""buy_9th_pre_req"": ""21972"", ""buy_9th_pre_req_pre"": ""0"", ""buy_10th_pre_bid"": ""-4810"", ""buy_10th_pre_req"": ""5926"", ""buy_10th_pre_req_pre"": ""0"", ""tot_sel_req_jub_pre"": ""0"", ""tot_sel_req"": ""9175"", ""tot_buy_req"": ""75725"", ""tot_buy_req_jub_pre"": ""--295"", ""ovt_sel_req_pre"": ""0"", ""ovt_sel_req"": ""0"", ""ovt_buy_req"": ""0"", ""ovt_buy_req_pre"": ""0"", ""return_code"": 0, ""return_msg"": ""정상적으로 처리되었습니다""}"
2026-06-10,scan_candidate,069960,,0,main_scan,175500,,175500,175400,175500,174500,-0.8547008547008548,0.056980056980056974,,,,,,"{""bid_req_base_tm"": ""105909"", ""sel_10th_pre_req_pre"": ""0"", ""sel_10th_pre_req"": ""3"", ""sel_10th_pre_bid"": ""+176900"", ""sel_9th_pre_req_pre"": ""0"", ""sel_9th_pre_req"": ""266"", ""sel_9th_pre_bid"": ""+176800"", ""sel_8th_pre_req_pre"": ""0"", ""sel_8th_pre_req"": ""16"", ""sel_8th_pre_bid"": ""+176700"", ""sel_7th_pre_req_pre"": ""0"", ""sel_7th_pre_req"": ""2"", ""sel_7th_pre_bid"": ""+176500"", ""sel_6th_pre_req_pre"": ""0"", ""sel_6th_pre_req"": ""333"", ""sel_6th_pre_bid"": ""+176300"", ""sel_5th_pre_req_pre"": ""0"", ""sel_5th_pre_req"": ""13"", ""sel_5th_pre_bid"": ""+176200"", ""sel_4th_pre_req_pre"": ""0"", ""sel_4th_pre_req"": ""16"", ""sel_4th_pre_bid"": ""+176100"", ""sel_3th_pre_req_pre"": ""0"", ""sel_3th_pre_req"": ""10"", ""sel_3th_pre_bid"": ""+175900"", ""sel_2th_pre_req_pre"": ""0"", ""sel_2th_pre_req"": ""29"", ""sel_2th_pre_bid"": ""+175600"", ""sel_1th_pre_req_pre"": ""--1"", ""sel_fpr_req"": ""221"", ""sel_fpr_bid"": ""+175500"", ""buy_fpr_bid"": ""+175400"", ""buy_fpr_req"": ""87"", ""buy_1th_pre_req_pre"": ""0"", ""buy_2th_pre_bid"": ""+175000"", ""buy_2th_pre_req"": ""37"", ""buy_2th_pre_req_pre"": ""0"", ""buy_3th_pre_bid"": ""+174500"", ""buy_3th_pre_req"": ""1"", ""buy_3th_pre_req_pre"": ""0"", ""buy_4th_pre_bid"": ""+174400"", ""buy_4th_pre_req"": ""2"", ""buy_4th_pre_req_pre"": ""0"", ""buy_5th_pre_bid"": ""+174300"", ""buy_5th_pre_req"": ""1"", ""buy_5th_pre_req_pre"": ""0"", ""buy_6th_pre_bid"": ""+174100"", ""buy_6th_pre_req"": ""19"", ""buy_6th_pre_req_pre"": ""0"", ""buy_7th_pre_bid"": ""+174000"", ""buy_7th_pre_req"": ""41"", ""buy_7th_pre_req_pre"": ""0"", ""buy_8th_pre_bid"": ""+173900"", ""buy_8th_pre_req"": ""5"", ""buy_8th_pre_req_pre"": ""0"", ""buy_9th_pre_bid"": ""+173800"", ""buy_9th_pre_req"": ""20"", ""buy_9th_pre_req_pre"": ""0"", ""buy_10th_pre_bid"": ""+173600"", ""buy_10th_pre_req"": ""57"", ""buy_10th_pre_req_pre"": ""0"", ""tot_sel_req_jub_pre"": ""--1"", ""tot_sel_req"": ""909"", ""tot_buy_req"": ""270"", ""tot_buy_req_jub_pre"": ""0"", ""ovt_sel_req_pre"": ""0"", ""ovt_sel_req"": ""0"", ""ovt_buy_req"": ""0"", ""ovt_buy_req_pre"": ""0"", ""return_code"": 0, ""return_msg"": ""정상적으로 처리되었습니다""}"
2026-06-10,scan_candidate,111770,,0,main_scan,79100,,79100,79000,79100,79100,-0.12642225031605564,0.12642225031605564,,,,,,"{""bid_req_base_tm"": ""105905"", ""sel_10th_pre_req_pre"": ""0"", ""sel_10th_pre_req"": ""10"", ""sel_10th_pre_bid"": ""+80200"", ""sel_9th_pre_req_pre"": ""0"", ""sel_9th_pre_req"": ""98"", ""sel_9th_pre_bid"": ""+80000"", ""sel_8th_pre_req_pre"": ""0"", ""sel_8th_pre_req"": ""31"", ""sel_8th_pre_bid"": ""+79900"", ""sel_7th_pre_req_pre"": ""0"", ""sel_7th_pre_req"": ""13"", ""sel_7th_pre_bid"": ""+79800"", ""sel_6th_pre_req_pre"": ""0"", ""sel_6th_pre_req"": ""11"", ""sel_6th_pre_bid"": ""+79700"", ""sel_5th_pre_req_pre"": ""0"", ""sel_5th_pre_req"": ""2"", ""sel_5th_pre_bid"": ""+79600"", ""sel_4th_pre_req_pre"": ""0"", ""sel_4th_pre_req"": ""10"", ""sel_4th_pre_bid"": ""+79400"", ""sel_3th_pre_req_pre"": ""0"", ""sel_3th_pre_req"": ""20"", ""sel_3th_pre_bid"": ""+79300"", ""sel_2th_pre_req_pre"": ""0"", ""sel_2th_pre_req"": ""5"", ""sel_2th_pre_bid"": ""+79200"", ""sel_1th_pre_req_pre"": ""0"", ""sel_fpr_req"": ""112"", ""sel_fpr_bid"": ""+79100"", ""buy_fpr_bid"": ""+79000"", ""buy_fpr_req"": ""24"", ""buy_1th_pre_req_pre"": ""0"", ""buy_2th_pre_bid"": ""+78900"", ""buy_2th_pre_req"": ""94"", ""buy_2th_pre_req_pre"": ""0"", ""buy_3th_pre_bid"": ""+78800"", ""buy_3th_pre_req"": ""45"", ""buy_3th_pre_req_pre"": ""0"", ""buy_4th_pre_bid"": ""+78700"", ""buy_4th_pre_req"": ""31"", ""buy_4th_pre_req_pre"": ""--4"", ""buy_5th_pre_bid"": ""+78500"", ""buy_5th_pre_req"": ""30"", ""buy_5th_pre_req_pre"": ""0"", ""buy_6th_pre_bid"": ""+78400"", ""buy_6th_pre_req"": ""42"", ""buy_6th_pre_req_pre"": ""0"", ""buy_7th_pre_bid"": ""+78300"", ""buy_7th_pre_req"": ""20"", ""buy_7th_pre_req_pre"": ""0"", ""buy_8th_pre_bid"": ""78000"", ""buy_8th_pre_req"": ""74"", ""buy_8th_pre_req_pre"": ""0"", ""buy_9th_pre_bid"": ""-77900"", ""buy_9th_pre_req"": ""45"", ""buy_9th_pre_req_pre"": ""0"", ""buy_10th_pre_bid"": ""-77800"", ""buy_10th_pre_req"": ""7"", ""buy_10th_pre_req_pre"": ""0"", ""tot_sel_req_jub_pre"": ""0"", ""tot_sel_req"": ""312"", ""tot_buy_req"": ""412"", ""tot_buy_req_jub_pre"": ""--4"", ""ovt_sel_req_pre"": ""0"", ""ovt_sel_req"": ""0"", ""ovt_buy_req"": ""0"", ""ovt_buy_req_pre"": ""0"", ""return_code"": 0, ""return_msg"": ""정상적으로 처리되었습니다""}"
2026-06-10,scan_candidate,489790,,0,main_scan,68500,,68500,68400,68500,68700,0.145985401459854,0.145985401459854,,,,,,"{""bid_req_base_tm"": ""105908"", ""sel_10th_pre_req_pre"": ""0"", ""sel_10th_pre_req"": ""3"", ""sel_10th_pre_bid"": ""+69600"", ""sel_9th_pre_req_pre"": ""0"", ""sel_9th_pre_req"": ""15"", ""sel_9th_pre_bid"": ""+69500"", ""sel_8th_pre_req_pre"": ""0"", ""sel_8th_pre_req"": ""1"", ""sel_8th_pre_bid"": ""+69400"", ""sel_7th_pre_req_pre"": ""0"", ""sel_7th_pre_req"": ""301"", ""sel_7th_pre_bid"": ""+69300"", ""sel_6th_pre_req_pre"": ""0"", ""sel_6th_pre_req"": ""451"", ""sel_6th_pre_bid"": ""+69000"", ""sel_5th_pre_req_pre"": ""0"", ""sel_5th_pre_req"": ""100"", ""sel_5th_pre_bid"": ""+68900"", ""sel_4th_pre_req_pre"": ""0"", ""sel_4th_pre_req"": ""51"", ""sel_4th_pre_bid"": ""+68800"", ""sel_3th_pre_req_pre"": ""0"", ""sel_3th_pre_req"": ""245"", ""sel_3th_pre_bid"": ""+68700"", ""sel_2th_pre_req_pre"": ""0"", ""sel_2th_pre_req"": ""15"", ""sel_2th_pre_bid"": ""+68600"", ""sel_1th_pre_req_pre"": ""+42"", ""sel_fpr_req"": ""69"", ""sel_fpr_bid"": ""+68500"", ""buy_fpr_bid"": ""+68400"", ""buy_fpr_req"": ""183"", ""buy_1th_pre_req_pre"": ""0"", ""buy_2th_pre_bid"": ""+68300"", ""buy_2th_pre_req"": ""28"", ""buy_2th_pre_req_pre"": ""0"", ""buy_3th_pre_bid"": ""+68200"", ""buy_3th_pre_req"": ""168"", ""buy_3th_pre_req_pre"": ""0"", ""buy_4th_pre_bid"": ""+68100"", ""buy_4th_pre_req"": ""437"", ""buy_4th_pre_req_pre"": ""0"", ""buy_5th_pre_bid"": ""+68000"", ""buy_5th_pre_req"": ""349"", ""buy_5th_pre_req_pre"": ""0"", ""buy_6th_pre_bid"": ""+67900"", ""buy_6th_pre_req"": ""79"", ""buy_6th_pre_req_pre"": ""0"", ""buy_7th_pre_bid"": ""+67800"", ""buy_7th_pre_req"": ""167"", ""buy_7th_pre_req_pre"": ""0"", ""buy_8th_pre_bid"": ""+67700"", ""buy_8th_pre_req"": ""166"", ""buy_8th_pre_req_pre"": ""0"", ""buy_9th_pre_bid"": ""+67600"", ""buy_9th_pre_req"": ""227"", ""buy_9th_pre_req_pre"": ""0"", ""buy_10th_pre_bid"": ""+67500"", ""buy_10th_pre_req"": ""1466"", ""buy_10th_pre_req_pre"": ""0"", ""tot_sel_req_jub_pre"": ""+42"", ""tot_sel_req"": ""1251"", ""tot_buy_req"": ""3270"", ""tot_buy_req_jub_pre"": ""0"", ""ovt_sel_req_pre"": ""0"", ""ovt_sel_req"": ""0"", ""ovt_buy_req"": ""0"", ""ovt_buy_req_pre"": ""0"", ""return_code"": 0, ""return_msg"": ""정상적으로 처리되었습니다""}"
2026-06-10,scan_candidate,085620,,0,main_scan,22350,,22350,22300,22350,22400,0.0,0.22371364653243847,,,,,,"{""bid_req_base_tm"": ""105909"", ""sel_10th_pre_req_pre"": ""+1"", ""sel_10th_pre_req"": ""2547"", ""sel_10th_pre_bid"": ""-22800"", ""sel_9th_pre_req_pre"": ""0"", ""sel_9th_pre_req"": ""558"", ""sel_9th_pre_bid"": ""-22750"", ""sel_8th_pre_req_pre"": ""0"", ""sel_8th_pre_req"": ""563"", ""sel_8th_pre_bid"": ""-22700"", ""sel_7th_pre_req_pre"": ""0"", ""sel_7th_pre_req"": ""108"", ""sel_7th_pre_bid"": ""-22650"", ""sel_6th_pre_req_pre"": ""0"", ""sel_6th_pre_req"": ""1279"", ""sel_6th_pre_bid"": ""-22600"", ""sel_5th_pre_req_pre"": ""0"", ""sel_5th_pre_req"": ""840"", ""sel_5th_pre_bid"": ""-22550"", ""sel_4th_pre_req_pre"": ""0"", ""sel_4th_pre_req"": ""1298"", ""sel_4th_pre_bid"": ""-22500"", ""sel_3th_pre_req_pre"": ""0"", ""sel_3th_pre_req"": ""357"", ""sel_3th_pre_bid"": ""-22450"", ""sel_2th_pre_req_pre"": ""0"", ""sel_2th_pre_req"": ""1002"", ""sel_2th_pre_bid"": ""-22400"", ""sel_1th_pre_req_pre"": ""0"", ""sel_fpr_req"": ""7"", ""sel_fpr_bid"": ""-22350"", ""buy_fpr_bid"": ""-22300"", ""buy_fpr_req"": ""727"", ""buy_1th_pre_req_pre"": ""0"", ""buy_2th_pre_bid"": ""-22250"", ""buy_2th_pre_req"": ""644"", ""buy_2th_pre_req_pre"": ""0"", ""buy_3th_pre_bid"": ""-22200"", ""buy_3th_pre_req"": ""1091"", ""buy_3th_pre_req_pre"": ""0"", ""buy_4th_pre_bid"": ""-22150"", ""buy_4th_pre_req"": ""2153"", ""buy_4th_pre_req_pre"": ""0"", ""buy_5th_pre_bid"": ""-22100"", ""buy_5th_pre_req"": ""3453"", ""buy_5th_pre_req_pre"": ""0"", ""buy_6th_pre_bid"": ""-22050"", ""buy_6th_pre_req"": ""2250"", ""buy_6th_pre_req_pre"": ""0"", ""buy_7th_pre_bid"": ""-22000"", ""buy_7th_pre_req"": ""1970"", ""buy_7th_pre_req_pre"": ""0"", ""buy_8th_pre_bid"": ""-21950"", ""buy_8th_pre_req"": ""2340"", ""buy_8th_pre_req_pre"": ""0"", ""buy_9th_pre_bid"": ""-21900"", ""buy_9th_pre_req"": ""2655"", ""buy_9th_pre_req_pre"": ""0"", ""buy_10th_pre_bid"": ""-21850"", ""buy_10th_pre_req"": ""1755"", ""buy_10th_pre_req_pre"": ""0"", ""tot_sel_req_jub_pre"": ""+1"", ""tot_sel_req"": ""8559"", ""tot_buy_req"": ""19038"", ""tot_buy_req_jub_pre"": ""0"", ""ovt_sel_req_pre"": ""0"", ""ovt_sel_req"": ""0"", ""ovt_buy_req"": ""0"", ""ovt_buy_req_pre"": ""0"", ""return_code"": 0, ""return_msg"": ""정상적으로 처리되었습니다""}"
2026-06-10,scan_candidate,001450,,0,main_scan,37700,,37700,37550,37700,37700,-0.1326259946949602,0.3978779840848806,,,,,,"{""bid_req_base_tm"": ""105908"", ""sel_10th_pre_req_pre"": ""0"", ""sel_10th_pre_req"": ""74"", ""sel_10th_pre_bid"": ""+38200"", ""sel_9th_pre_req_pre"": ""0"", ""sel_9th_pre_req"": ""41"", ""sel_9th_pre_bid"": ""+38150"", ""sel_8th_pre_req_pre"": ""0"", ""sel_8th_pre_req"": ""534"", ""sel_8th_pre_bid"": ""+38100"", ""sel_7th_pre_req_pre"": ""0"", ""sel_7th_pre_req"": ""283"", ""sel_7th_pre_bid"": ""+38050"", ""sel_6th_pre_req_pre"": ""0"", ""sel_6th_pre_req"": ""516"", ""sel_6th_pre_bid"": ""+38000"", ""sel_5th_pre_req_pre"": ""0"", ""sel_5th_pre_req"": ""32"", ""sel_5th_pre_bid"": ""+37950"", ""sel_4th_pre_req_pre"": ""0"", ""sel_4th_pre_req"": ""60"", ""sel_4th_pre_bid"": ""+37850"", ""sel_3th_pre_req_pre"": ""0"", ""sel_3th_pre_req"": ""76"", ""sel_3th_pre_bid"": ""+37800"", ""sel_2th_pre_req_pre"": ""0"", ""sel_2th_pre_req"": ""654"", ""sel_2th_pre_bid"": ""+37750"", ""sel_1th_pre_req_pre"": ""+24"", ""sel_fpr_req"": ""55"", ""sel_fpr_bid"": ""+37700"", ""buy_fpr_bid"": ""+37550"", ""buy_fpr_req"": ""314"", ""buy_1th_pre_req_pre"": ""0"", ""buy_2th_pre_bid"": ""+37500"", ""buy_2th_pre_req"": ""104"", ""buy_2th_pre_req_pre"": ""0"", ""buy_3th_pre_bid"": ""+37450"", ""buy_3th_pre_req"": ""508"", ""buy_3th_pre_req_pre"": ""0"", ""buy_4th_pre_bid"": ""+37400"", ""buy_4th_pre_req"": ""136"", ""buy_4th_pre_req_pre"": ""0"", ""buy_5th_pre_bid"": ""+37350"", ""buy_5th_pre_req"": ""195"", ""buy_5th_pre_req_pre"": ""0"", ""buy_6th_pre_bid"": ""+37300"", ""buy_6th_pre_req"": ""379"", ""buy_6th_pre_req_pre"": ""0"", ""buy_7th_pre_bid"": ""+37250"", ""buy_7th_pre_req"": ""204"", ""buy_7th_pre_req_pre"": ""0"", ""buy_8th_pre_bid"": ""+37200"", ""buy_8th_pre_req"": ""488"", ""buy_8th_pre_req_pre"": ""0"", ""buy_9th_pre_bid"": ""+37150"", ""buy_9th_pre_req"": ""40"", ""buy_9th_pre_req_pre"": ""0"", ""buy_10th_pre_bid"": ""+37100"", ""buy_10th_pre_req"": ""647"", ""buy_10th_pre_req_pre"": ""0"", ""tot_sel_req_jub_pre"": ""+24"", ""tot_sel_req"": ""2325"", ""tot_buy_req"": ""3015"", ""tot_buy_req_jub_pre"": ""0"", ""ovt_sel_req_pre"": ""0"", ""ovt_sel_req"": ""0"", ""ovt_buy_req"": ""0"", ""ovt_buy_req_pre"": ""0"", ""return_code"": 0, ""return_msg"": ""정상적으로 처리되었습니다""}"
2026-06-10,scan_candidate,036460,,0,main_scan,34550,,34550,34500,34550,34500,-0.2894356005788712,0.1447178002894356,,,,,,"{""bid_req_base_tm"": ""105856"", ""sel_10th_pre_req_pre"": ""0"", ""sel_10th_pre_req"": ""4270"", ""sel_10th_pre_bid"": ""+35000"", ""sel_9th_pre_req_pre"": ""0"", ""sel_9th_pre_req"": ""57"", ""sel_9th_pre_bid"": ""+34950"", ""sel_8th_pre_req_pre"": ""0"", ""sel_8th_pre_req"": ""619"", ""sel_8th_pre_bid"": ""+34900"", ""sel_7th_pre_req_pre"": ""0"", ""sel_7th_pre_req"": ""533"", ""sel_7th_pre_bid"": ""+34850"", ""sel_6th_pre_req_pre"": ""0"", ""sel_6th_pre_req"": ""310"", ""sel_6th_pre_bid"": ""+34800"", ""sel_5th_pre_req_pre"": ""0"", ""sel_5th_pre_req"": ""578"", ""sel_5th_pre_bid"": ""+34750"", ""sel_4th_pre_req_pre"": ""0"", ""sel_4th_pre_req"": ""662"", ""sel_4th_pre_bid"": ""+34700"", ""sel_3th_pre_req_pre"": ""0"", ""sel_3th_pre_req"": ""486"", ""sel_3th_pre_bid"": ""+34650"", ""sel_2th_pre_req_pre"": ""0"", ""sel_2th_pre_req"": ""937"", ""sel_2th_pre_bid"": ""+34600"", ""sel_1th_pre_req_pre"": ""0"", ""sel_fpr_req"": ""178"", ""sel_fpr_bid"": ""+34550"", ""buy_fpr_bid"": ""+34500"", ""buy_fpr_req"": ""28"", ""buy_1th_pre_req_pre"": ""0"", ""buy_2th_pre_bid"": ""+34450"", ""buy_2th_pre_req"": ""163"", ""buy_2th_pre_req_pre"": ""0"", ""buy_3th_pre_bid"": ""+34400"", ""buy_3th_pre_req"": ""495"", ""buy_3th_pre_req_pre"": ""0"", ""buy_4th_pre_bid"": ""+34350"", ""buy_4th_pre_req"": ""212"", ""buy_4th_pre_req_pre"": ""0"", ""buy_5th_pre_bid"": ""+34300"", ""buy_5th_pre_req"": ""151"", ""buy_5th_pre_req_pre"": ""0"", ""buy_6th_pre_bid"": ""+34250"", ""buy_6th_pre_req"": ""741"", ""buy_6th_pre_req_pre"": ""0"", ""buy_7th_pre_bid"": ""+34200"", ""buy_7th_pre_req"": ""550"", ""buy_7th_pre_req_pre"": ""0"", ""buy_8th_pre_bid"": ""+34150"", ""buy_8th_pre_req"": ""594"", ""buy_8th_pre_req_pre"": ""0"", ""buy_9th_pre_bid"": ""+34100"", ""buy_9th_pre_req"": ""700"", ""buy_9th_pre_req_pre"": ""+60"", ""buy_10th_pre_bid"": ""+34050"", ""buy_10th_pre_req"": ""1418"", ""buy_10th_pre_req_pre"": ""0"", ""tot_sel_req_jub_pre"": ""0"", ""tot_sel_req"": ""8630"", ""tot_buy_req"": ""5052"", ""tot_buy_req_jub_pre"": ""+60"", ""ovt_sel_req_pre"": ""0"", ""ovt_sel_req"": ""0"", ""ovt_buy_req"": ""0"", ""ovt_buy_req_pre"": ""0"", ""return_code"": 0, ""return_msg"": ""정상적으로 처리되었습니다""}"
2026-06-10,scan_candidate,017800,,0,main_scan,77100,,77100,77000,77100,77300,0.12970168612191957,0.12970168612191957,,,,,,"{""bid_req_base_tm"": ""105910"", ""sel_10th_pre_req_pre"": ""+130"", ""sel_10th_pre_req"": ""306"", ""sel_10th_pre_bid"": ""+78000"", ""sel_9th_pre_req_pre"": ""0"", ""sel_9th_pre_req"": ""62"", ""sel_9th_pre_bid"": ""+77900"", ""sel_8th_pre_req_pre"": ""0"", ""sel_8th_pre_req"": ""157"", ""sel_8th_pre_bid"": ""+77800"", ""sel_7th_pre_req_pre"": ""0"", ""sel_7th_pre_req"": ""16"", ""sel_7th_pre_bid"": ""+77700"", ""sel_6th_pre_req_pre"": ""0"", ""sel_6th_pre_req"": ""29"", ""sel_6th_pre_bid"": ""+77600"", ""sel_5th_pre_req_pre"": ""0"", ""sel_5th_pre_req"": ""62"", ""sel_5th_pre_bid"": ""+77500"", ""sel_4th_pre_req_pre"": ""0"", ""sel_4th_pre_req"": ""27"", ""sel_4th_pre_bid"": ""+77400"", ""sel_3th_pre_req_pre"": ""0"", ""sel_3th_pre_req"": ""9"", ""sel_3th_pre_bid"": ""+77300"", ""sel_2th_pre_req_pre"": ""0"", ""sel_2th_pre_req"": ""40"", ""sel_2th_pre_bid"": ""+77200"", ""sel_1th_pre_req_pre"": ""0"", ""sel_fpr_req"": ""496"", ""sel_fpr_bid"": ""+77100"", ""buy_fpr_bid"": ""+77000"", ""buy_fpr_req"": ""1087"", ""buy_1th_pre_req_pre"": ""0"", ""buy_2th_pre_bid"": ""+76900"", ""buy_2th_pre_req"": ""38"", ""buy_2th_pre_req_pre"": ""0"", ""buy_3th_pre_bid"": ""+76800"", ""buy_3th_pre_req"": ""41"", ""buy_3th_pre_req_pre"": ""0"", ""buy_4th_pre_bid"": ""76700"", ""buy_4th_pre_req"": ""194"", ""buy_4th_pre_req_pre"": ""0"", ""buy_5th_pre_bid"": ""-76600"", ""buy_5th_pre_req"": ""23"", ""buy_5th_pre_req_pre"": ""0"", ""buy_6th_pre_bid"": ""-76500"", ""buy_6th_pre_req"": ""57"", ""buy_6th_pre_req_pre"": ""0"", ""buy_7th_pre_bid"": ""-76400"", ""buy_7th_pre_req"": ""1"", ""buy_7th_pre_req_pre"": ""0"", ""buy_8th_pre_bid"": ""-76300"", ""buy_8th_pre_req"": ""10"", ""buy_8th_pre_req_pre"": ""0"", ""buy_9th_pre_bid"": ""-76200"", ""buy_9th_pre_req"": ""67"", ""buy_9th_pre_req_pre"": ""0"", ""buy_10th_pre_bid"": ""-76100"", ""buy_10th_pre_req"": ""14"", ""buy_10th_pre_req_pre"": ""0"", ""tot_sel_req_jub_pre"": ""+130"", ""tot_sel_req"": ""1204"", ""tot_buy_req"": ""1532"", ""tot_buy_req_jub_pre"": ""0"", ""ovt_sel_req_pre"": ""0"", ""ovt_sel_req"": ""0"", ""ovt_buy_req"": ""0"", ""ovt_buy_req_pre"": ""0"", ""return_code"": 0, ""return_msg"": ""정상적으로 처리되었습니다""}"
2026-06-10,scan_candidate,007810,,0,main_scan,120200,,120200,120000,120200,120000,-0.5823627287853578,0.16638935108153077,,,,,,"{""bid_req_base_tm"": ""105909"", ""sel_10th_pre_req_pre"": ""0"", ""sel_10th_pre_req"": ""106"", ""sel_10th_pre_bid"": ""+121400"", ""sel_9th_pre_req_pre"": ""0"", ""sel_9th_pre_req"": ""21"", ""sel_9th_pre_bid"": ""+121300"", ""sel_8th_pre_req_pre"": ""0"", ""sel_8th_pre_req"": ""14"", ""sel_8th_pre_bid"": ""+121200"", ""sel_7th_pre_req_pre"": ""0"", ""sel_7th_pre_req"": ""14"", ""sel_7th_pre_bid"": ""+121100"", ""sel_6th_pre_req_pre"": ""0"", ""sel_6th_pre_req"": ""45"", ""sel_6th_pre_bid"": ""+121000"", ""sel_5th_pre_req_pre"": ""0"", ""sel_5th_pre_req"": ""15"", ""sel_5th_pre_bid"": ""+120700"", ""sel_4th_pre_req_pre"": ""0"", ""sel_4th_pre_req"": ""140"", ""sel_4th_pre_bid"": ""+120600"", ""sel_3th_pre_req_pre"": ""0"", ""sel_3th_pre_req"": ""1"", ""sel_3th_pre_bid"": ""+120500"", ""sel_2th_pre_req_pre"": ""0"", ""sel_2th_pre_req"": ""20"", ""sel_2th_pre_bid"": ""+120400"", ""sel_1th_pre_req_pre"": ""0"", ""sel_fpr_req"": ""42"", ""sel_fpr_bid"": ""-120200"", ""buy_fpr_bid"": ""-120000"", ""buy_fpr_req"": ""34"", ""buy_1th_pre_req_pre"": ""+25"", ""buy_2th_pre_bid"": ""-119900"", ""buy_2th_pre_req"": ""24"", ""buy_2th_pre_req_pre"": ""--25"", ""buy_3th_pre_bid"": ""-119800"", ""buy_3th_pre_req"": ""51"", ""buy_3th_pre_req_pre"": ""0"", ""buy_4th_pre_bid"": ""-119700"", ""buy_4th_pre_req"": ""196"", ""buy_4th_pre_req_pre"": ""0"", ""buy_5th_pre_bid"": ""-119600"", ""buy_5th_pre_req"": ""83"", ""buy_5th_pre_req_pre"": ""0"", ""buy_6th_pre_bid"": ""-119500"", ""buy_6th_pre_req"": ""78"", ""buy_6th_pre_req_pre"": ""0"", ""buy_7th_pre_bid"": ""-119400"", ""buy_7th_pre_req"": ""65"", ""buy_7th_pre_req_pre"": ""0"", ""buy_8th_pre_bid"": ""-119300"", ""buy_8th_pre_req"": ""91"", ""buy_8th_pre_req_pre"": ""0"", ""buy_9th_pre_bid"": ""-119200"", ""buy_9th_pre_req"": ""281"", ""buy_9th_pre_req_pre"": ""0"", ""buy_10th_pre_bid"": ""-119100"", ""buy_10th_pre_req"": ""93"", ""buy_10th_pre_req_pre"": ""0"", ""tot_sel_req_jub_pre"": ""0"", ""tot_sel_req"": ""418"", ""tot_buy_req"": ""996"", ""tot_buy_req_jub_pre"": ""0"", ""ovt_sel_req_pre"": ""0"", ""ovt_sel_req"": ""0"", ""ovt_buy_req"": ""0"", ""ovt_buy_req_pre"": ""0"", ""return_code"": 0, ""return_msg"": ""정상적으로 처리되었습니다""}"
2026-06-10,scan_candidate,001740,,0,main_scan,14310,,14310,14300,14310,14300,-0.41928721174004197,0.06988120195667365,,,,,,"{""bid_req_base_tm"": ""105910"", ""sel_10th_pre_req_pre"": ""0"", ""sel_10th_pre_req"": ""1500"", ""sel_10th_pre_bid"": ""+14400"", ""sel_9th_pre_req_pre"": ""0"", ""sel_9th_pre_req"": ""656"", ""sel_9th_pre_bid"": ""+14390"", ""sel_8th_pre_req_pre"": ""0"", ""sel_8th_pre_req"": ""128"", ""sel_8th_pre_bid"": ""+14380"", ""sel_7th_pre_req_pre"": ""0"", ""sel_7th_pre_req"": ""5494"", ""sel_7th_pre_bid"": ""+14370"", ""sel_6th_pre_req_pre"": ""0"", ""sel_6th_pre_req"": ""883"", ""sel_6th_pre_bid"": ""+14360"", ""sel_5th_pre_req_pre"": ""0"", ""sel_5th_pre_req"": ""521"", ""sel_5th_pre_bid"": ""+14350"", ""sel_4th_pre_req_pre"": ""0"", ""sel_4th_pre_req"": ""1802"", ""sel_4th_pre_bid"": ""+14340"", ""sel_3th_pre_req_pre"": ""0"", ""sel_3th_pre_req"": ""784"", ""sel_3th_pre_bid"": ""+14330"", ""sel_2th_pre_req_pre"": ""0"", ""sel_2th_pre_req"": ""3901"", ""sel_2th_pre_bid"": ""+14320"", ""sel_1th_pre_req_pre"": ""0"", ""sel_fpr_req"": ""89"", ""sel_fpr_bid"": ""+14310"", ""buy_fpr_bid"": ""+14300"", ""buy_fpr_req"": ""3212"", ""buy_1th_pre_req_pre"": ""+423"", ""buy_2th_pre_bid"": ""14290"", ""buy_2th_pre_req"": ""5139"", ""buy_2th_pre_req_pre"": ""0"", ""buy_3th_pre_bid"": ""-14280"", ""buy_3th_pre_req"": ""2077"", ""buy_3th_pre_req_pre"": ""0"", ""buy_4th_pre_bid"": ""-14270"", ""buy_4th_pre_req"": ""5280"", ""buy_4th_pre_req_pre"": ""0"", ""buy_5th_pre_bid"": ""-14260"", ""buy_5th_pre_req"": ""6263"", ""buy_5th_pre_req_pre"": ""0"", ""buy_6th_pre_bid"": ""-14250"", ""buy_6th_pre_req"": ""23775"", ""buy_6th_pre_req_pre"": ""0"", ""buy_7th_pre_bid"": ""-14240"", ""buy_7th_pre_req"": ""2611"", ""buy_7th_pre_req_pre"": ""0"", ""buy_8th_pre_bid"": ""-14230"", ""buy_8th_pre_req"": ""2773"", ""buy_8th_pre_req_pre"": ""0"", ""buy_9th_pre_bid"": ""-14220"", ""buy_9th_pre_req"": ""1854"", ""buy_9th_pre_req_pre"": ""0"", ""buy_10th_pre_bid"": ""-14210"", ""buy_10th_pre_req"": ""4025"", ""buy_10th_pre_req_pre"": ""0"", ""tot_sel_req_jub_pre"": ""0"", ""tot_sel_req"": ""15758"", ""tot_buy_req"": ""57009"", ""tot_buy_req_jub_pre"": ""+423"", ""ovt_sel_req_pre"": ""0"", ""ovt_sel_req"": ""0"", ""ovt_buy_req"": ""0"", ""ovt_buy_req_pre"": ""0"", ""return_code"": 0, ""return_msg"": ""정상적으로 처리되었습니다""}"
2026-06-10,scan_candidate,383220,,0,main_scan,75600,,75600,75500,75600,75300,-0.5291005291005291,0.13227513227513227,,,,,,"{""bid_req_base_tm"": ""105911"", ""sel_10th_pre_req_pre"": ""0"", ""sel_10th_pre_req"": ""32"", ""sel_10th_pre_bid"": ""+76600"", ""sel_9th_pre_req_pre"": ""0"", ""sel_9th_pre_req"": ""14"", ""sel_9th_pre_bid"": ""+76500"", ""sel_8th_pre_req_pre"": ""0"", ""sel_8th_pre_req"": ""12"", ""sel_8th_pre_bid"": ""+76400"", ""sel_7th_pre_req_pre"": ""0"", ""sel_7th_pre_req"": ""100"", ""sel_7th_pre_bid"": ""+76300"", ""sel_6th_pre_req_pre"": ""0"", ""sel_6th_pre_req"": ""13"", ""sel_6th_pre_bid"": ""+76200"", ""sel_5th_pre_req_pre"": ""0"", ""sel_5th_pre_req"": ""122"", ""sel_5th_pre_bid"": ""+76000"", ""sel_4th_pre_req_pre"": ""0"", ""sel_4th_pre_req"": ""159"", ""sel_4th_pre_bid"": ""+75900"", ""sel_3th_pre_req_pre"": ""0"", ""sel_3th_pre_req"": ""36"", ""sel_3th_pre_bid"": ""+75800"", ""sel_2th_pre_req_pre"": ""0"", ""sel_2th_pre_req"": ""41"", ""sel_2th_pre_bid"": ""+75700"", ""sel_1th_pre_req_pre"": ""0"", ""sel_fpr_req"": ""19"", ""sel_fpr_bid"": ""+75600"", ""buy_fpr_bid"": ""+75500"", ""buy_fpr_req"": ""4"", ""buy_1th_pre_req_pre"": ""--1"", ""buy_2th_pre_bid"": ""+75400"", ""buy_2th_pre_req"": ""11"", ""buy_2th_pre_req_pre"": ""0"", ""buy_3th_pre_bid"": ""+75300"", ""buy_3th_pre_req"": ""7"", ""buy_3th_pre_req_pre"": ""0"", ""buy_4th_pre_bid"": ""+75200"", ""buy_4th_pre_req"": ""8"", ""buy_4th_pre_req_pre"": ""0"", ""buy_5th_pre_bid"": ""+75100"", ""buy_5th_pre_req"": ""32"", ""buy_5th_pre_req_pre"": ""0"", ""buy_6th_pre_bid"": ""+75000"", ""buy_6th_pre_req"": ""22"", ""buy_6th_pre_req_pre"": ""0"", ""buy_7th_pre_bid"": ""+74900"", ""buy_7th_pre_req"": ""30"", ""buy_7th_pre_req_pre"": ""0"", ""buy_8th_pre_bid"": ""+74800"", ""buy_8th_pre_req"": ""6"", ""buy_8th_pre_req_pre"": ""0"", ""buy_9th_pre_bid"": ""+74700"", ""buy_9th_pre_req"": ""110"", ""buy_9th_pre_req_pre"": ""0"", ""buy_10th_pre_bid"": ""74600"", ""buy_10th_pre_req"": ""40"", ""buy_10th_pre_req_pre"": ""0"", ""tot_sel_req_jub_pre"": ""0"", ""tot_sel_req"": ""548"", ""tot_buy_req"": ""270"", ""tot_buy_req_jub_pre"": ""--1"", ""ovt_sel_req_pre"": ""0"", ""ovt_sel_req"": ""0"", ""ovt_buy_req"": ""0"", ""ovt_buy_req_pre"": ""0"", ""return_code"": 0, ""return_msg"": ""정상적으로 처리되었습니다""}"
2026-06-10,scan_candidate,014680,,0,main_scan,261500,,261500,261000,261500,262500,0.19120458891013384,0.19120458891013384,,,,,,"{""bid_req_base_tm"": ""105911"", ""sel_10th_pre_req_pre"": ""0"", ""sel_10th_pre_req"": ""16"", ""sel_10th_pre_bid"": ""+266000"", ""sel_9th_pre_req_pre"": ""0"", ""sel_9th_pre_req"": ""24"", ""sel_9th_pre_bid"": ""+265500"", ""sel_8th_pre_req_pre"": ""0"", ""sel_8th_pre_req"": ""35"", ""sel_8th_pre_bid"": ""+265000"", ""sel_7th_pre_req_pre"": ""0"", ""sel_7th_pre_req"": ""2"", ""sel_7th_pre_bid"": ""+264500"", ""sel_6th_pre_req_pre"": ""0"", ""sel_6th_pre_req"": ""4"", ""sel_6th_pre_bid"": ""+264000"", ""sel_5th_pre_req_pre"": ""0"", ""sel_5th_pre_req"": ""13"", ""sel_5th_pre_bid"": ""+263500"", ""sel_4th_pre_req_pre"": ""0"", ""sel_4th_pre_req"": ""12"", ""sel_4th_pre_bid"": ""+263000"", ""sel_3th_pre_req_pre"": ""0"", ""sel_3th_pre_req"": ""18"", ""sel_3th_pre_bid"": ""+262500"", ""sel_2th_pre_req_pre"": ""0"", ""sel_2th_pre_req"": ""24"", ""sel_2th_pre_bid"": ""+262000"", ""sel_1th_pre_req_pre"": ""0"", ""sel_fpr_req"": ""55"", ""sel_fpr_bid"": ""+261500"", ""buy_fpr_bid"": ""+261000"", ""buy_fpr_req"": ""25"", ""buy_1th_pre_req_pre"": ""+1"", ""buy_2th_pre_bid"": ""+260500"", ""buy_2th_pre_req"": ""17"", ""buy_2th_pre_req_pre"": ""--1"", ""buy_3th_pre_bid"": ""+260000"", ""buy_3th_pre_req"": ""130"", ""buy_3th_pre_req_pre"": ""0"", ""buy_4th_pre_bid"": ""+259500"", ""buy_4th_pre_req"": ""143"", ""buy_4th_pre_req_pre"": ""0"", ""buy_5th_pre_bid"": ""+259000"", ""buy_5th_pre_req"": ""210"", ""buy_5th_pre_req_pre"": ""0"", ""buy_6th_pre_bid"": ""+258500"", ""buy_6th_pre_req"": ""102"", ""buy_6th_pre_req_pre"": ""0"", ""buy_7th_pre_bid"": ""+258000"", ""buy_7th_pre_req"": ""101"", ""buy_7th_pre_req_pre"": ""0"", ""buy_8th_pre_bid"": ""+257500"", ""buy_8th_pre_req"": ""132"", ""buy_8th_pre_req_pre"": ""0"", ""buy_9th_pre_bid"": ""+257000"", ""buy_9th_pre_req"": ""141"", ""buy_9th_pre_req_pre"": ""0"", ""buy_10th_pre_bid"": ""+256500"", ""buy_10th_pre_req"": ""3"", ""buy_10th_pre_req_pre"": ""0"", ""tot_sel_req_jub_pre"": ""0"", ""tot_sel_req"": ""203"", ""tot_buy_req"": ""1004"", ""tot_buy_req_jub_pre"": ""0"", ""ovt_sel_req_pre"": ""0"", ""ovt_sel_req"": ""0"", ""ovt_buy_req"": ""0"", ""ovt_buy_req_pre"": ""0"", ""return_code"": 0, ""return_msg"": ""정상적으로 처리되었습니다""}"
2026-06-10,scan_candidate,028670,,0,main_scan,5030,,5030,5020,5030,5060,0.3976143141153081,0.19880715705765406,,,,,,"{""bid_req_base_tm"": ""105911"", ""sel_10th_pre_req_pre"": ""0"", ""sel_10th_pre_req"": ""2959"", ""sel_10th_pre_bid"": ""-5120"", ""sel_9th_pre_req_pre"": ""0"", ""sel_9th_pre_req"": ""1001"", ""sel_9th_pre_bid"": ""-5110"", ""sel_8th_pre_req_pre"": ""0"", ""sel_8th_pre_req"": ""2461"", ""sel_8th_pre_bid"": ""-5100"", ""sel_7th_pre_req_pre"": ""0"", ""sel_7th_pre_req"": ""1385"", ""sel_7th_pre_bid"": ""-5090"", ""sel_6th_pre_req_pre"": ""0"", ""sel_6th_pre_req"": ""1217"", ""sel_6th_pre_bid"": ""-5080"", ""sel_5th_pre_req_pre"": ""0"", ""sel_5th_pre_req"": ""601"", ""sel_5th_pre_bid"": ""-5070"", ""sel_4th_pre_req_pre"": ""0"", ""sel_4th_pre_req"": ""501"", ""sel_4th_pre_bid"": ""-5060"", ""sel_3th_pre_req_pre"": ""0"", ""sel_3th_pre_req"": ""1365"", ""sel_3th_pre_bid"": ""-5050"", ""sel_2th_pre_req_pre"": ""0"", ""sel_2th_pre_req"": ""906"", ""sel_2th_pre_bid"": ""-5040"", ""sel_1th_pre_req_pre"": ""0"", ""sel_fpr_req"": ""1729"", ""sel_fpr_bid"": ""-5030"", ""buy_fpr_bid"": ""-5020"", ""buy_fpr_req"": ""3263"", ""buy_1th_pre_req_pre"": ""--6"", ""buy_2th_pre_bid"": ""-5010"", ""buy_2th_pre_req"": ""40526"", ""buy_2th_pre_req_pre"": ""0"", ""buy_3th_pre_bid"": ""-5000"", ""buy_3th_pre_req"": ""7581"", ""buy_3th_pre_req_pre"": ""0"", ""buy_4th_pre_bid"": ""-4995"", ""buy_4th_pre_req"": ""6876"", ""buy_4th_pre_req_pre"": ""0"", ""buy_5th_pre_bid"": ""-4990"", ""buy_5th_pre_req"": ""4868"", ""buy_5th_pre_req_pre"": ""0"", ""buy_6th_pre_bid"": ""-4985"", ""buy_6th_pre_req"": ""1879"", ""buy_6th_pre_req_pre"": ""0"", ""buy_7th_pre_bid"": ""-4980"", ""buy_7th_pre_req"": ""7333"", ""buy_7th_pre_req_pre"": ""0"", ""buy_8th_pre_bid"": ""-4975"", ""buy_8th_pre_req"": ""127"", ""buy_8th_pre_req_pre"": ""0"", ""buy_9th_pre_bid"": ""-4970"", ""buy_9th_pre_req"": ""2765"", ""buy_9th_pre_req_pre"": ""0"", ""buy_10th_pre_bid"": ""-4965"", ""buy_10th_pre_req"": ""494"", ""buy_10th_pre_req_pre"": ""0"", ""tot_sel_req_jub_pre"": ""0"", ""tot_sel_req"": ""14125"", ""tot_buy_req"": ""75712"", ""tot_buy_req_jub_pre"": ""--6"", ""ovt_sel_req_pre"": ""0"", ""ovt_sel_req"": ""0"", ""ovt_buy_req"": ""0"", ""ovt_buy_req_pre"": ""0"", ""return_code"": 0, ""return_msg"": ""정상적으로 처리되었습니다""}"
2026-06-10,scan_candidate,009420,,0,main_scan,50500,,50500,50400,50500,50600,0.0,0.19801980198019803,,,,,,"{""bid_req_base_tm"": ""105909"", ""sel_10th_pre_req_pre"": ""0"", ""sel_10th_pre_req"": ""313"", ""sel_10th_pre_bid"": ""-51400"", ""sel_9th_pre_req_pre"": ""0"", ""sel_9th_pre_req"": ""461"", ""sel_9th_pre_bid"": ""-51300"", ""sel_8th_pre_req_pre"": ""0"", ""sel_8th_pre_req"": ""651"", ""sel_8th_pre_bid"": ""-51200"", ""sel_7th_pre_req_pre"": ""0"", ""sel_7th_pre_req"": ""77"", ""sel_7th_pre_bid"": ""-51100"", ""sel_6th_pre_req_pre"": ""0"", ""sel_6th_pre_req"": ""162"", ""sel_6th_pre_bid"": ""-51000"", ""sel_5th_pre_req_pre"": ""0"", ""sel_5th_pre_req"": ""250"", ""sel_5th_pre_bid"": ""-50900"", ""sel_4th_pre_req_pre"": ""0"", ""sel_4th_pre_req"": ""152"", ""sel_4th_pre_bid"": ""-50800"", ""sel_3th_pre_req_pre"": ""0"", ""sel_3th_pre_req"": ""123"", ""sel_3th_pre_bid"": ""-50700"", ""sel_2th_pre_req_pre"": ""0"", ""sel_2th_pre_req"": ""314"", ""sel_2th_pre_bid"": ""-50600"", ""sel_1th_pre_req_pre"": ""0"", ""sel_fpr_req"": ""43"", ""sel_fpr_bid"": ""-50500"", ""buy_fpr_bid"": ""-50400"", ""buy_fpr_req"": ""115"", ""buy_1th_pre_req_pre"": ""0"", ""buy_2th_pre_bid"": ""-50300"", ""buy_2th_pre_req"": ""10"", ""buy_2th_pre_req_pre"": ""0"", ""buy_3th_pre_bid"": ""-50200"", ""buy_3th_pre_req"": ""256"", ""buy_3th_pre_req_pre"": ""0"", ""buy_4th_pre_bid"": ""-50100"", ""buy_4th_pre_req"": ""189"", ""buy_4th_pre_req_pre"": ""0"", ""buy_5th_pre_bid"": ""-50000"", ""buy_5th_pre_req"": ""648"", ""buy_5th_pre_req_pre"": ""0"", ""buy_6th_pre_bid"": ""-49950"", ""buy_6th_pre_req"": ""355"", ""buy_6th_pre_req_pre"": ""0"", ""buy_7th_pre_bid"": ""-49900"", ""buy_7th_pre_req"": ""376"", ""buy_7th_pre_req_pre"": ""0"", ""buy_8th_pre_bid"": ""-49850"", ""buy_8th_pre_req"": ""559"", ""buy_8th_pre_req_pre"": ""0"", ""buy_9th_pre_bid"": ""-49800"", ""buy_9th_pre_req"": ""542"", ""buy_9th_pre_req_pre"": ""+2"", ""buy_10th_pre_bid"": ""-49750"", ""buy_10th_pre_req"": ""844"", ""buy_10th_pre_req_pre"": ""0"", ""tot_sel_req_jub_pre"": ""0"", ""tot_sel_req"": ""2546"", ""tot_buy_req"": ""3894"", ""tot_buy_req_jub_pre"": ""+2"", ""ovt_sel_req_pre"": ""0"", ""ovt_sel_req"": ""0"", ""ovt_buy_req"": ""0"", ""ovt_buy_req_pre"": ""0"", ""return_code"": 0, ""return_msg"": ""정상적으로 처리되었습니다""}"
2026-06-10,scan_candidate,375500,,0,main_scan,71500,,71500,71400,71500,71300,-0.4195804195804196,0.13986013986013987,,,,,,"{""bid_req_base_tm"": ""105911"", ""sel_10th_pre_req_pre"": ""0"", ""sel_10th_pre_req"": ""465"", ""sel_10th_pre_bid"": ""+72400"", ""sel_9th_pre_req_pre"": ""0"", ""sel_9th_pre_req"": ""472"", ""sel_9th_pre_bid"": ""+72300"", ""sel_8th_pre_req_pre"": ""0"", ""sel_8th_pre_req"": ""528"", ""sel_8th_pre_bid"": ""+72200"", ""sel_7th_pre_req_pre"": ""0"", ""sel_7th_pre_req"": ""194"", ""sel_7th_pre_bid"": ""+72100"", ""sel_6th_pre_req_pre"": ""0"", ""sel_6th_pre_req"": ""79"", ""sel_6th_pre_bid"": ""+72000"", ""sel_5th_pre_req_pre"": ""0"", ""sel_5th_pre_req"": ""133"", ""sel_5th_pre_bid"": ""+71900"", ""sel_4th_pre_req_pre"": ""0"", ""sel_4th_pre_req"": ""50"", ""sel_4th_pre_bid"": ""+71800"", ""sel_3th_pre_req_pre"": ""0"", ""sel_3th_pre_req"": ""23"", ""sel_3th_pre_bid"": ""+71700"", ""sel_2th_pre_req_pre"": ""0"", ""sel_2th_pre_req"": ""168"", ""sel_2th_pre_bid"": ""+71600"", ""sel_1th_pre_req_pre"": ""--2"", ""sel_fpr_req"": ""93"", ""sel_fpr_bid"": ""+71500"", ""buy_fpr_bid"": ""+71400"", ""buy_fpr_req"": ""59"", ""buy_1th_pre_req_pre"": ""0"", ""buy_2th_pre_bid"": ""+71300"", ""buy_2th_pre_req"": ""6"", ""buy_2th_pre_req_pre"": ""0"", ""buy_3th_pre_bid"": ""+71200"", ""buy_3th_pre_req"": ""124"", ""buy_3th_pre_req_pre"": ""0"", ""buy_4th_pre_bid"": ""+71100"", ""buy_4th_pre_req"": ""200"", ""buy_4th_pre_req_pre"": ""0"", ""buy_5th_pre_bid"": ""+71000"", ""buy_5th_pre_req"": ""419"", ""buy_5th_pre_req_pre"": ""0"", ""buy_6th_pre_bid"": ""+70900"", ""buy_6th_pre_req"": ""13"", ""buy_6th_pre_req_pre"": ""0"", ""buy_7th_pre_bid"": ""+70800"", ""buy_7th_pre_req"": ""28"", ""buy_7th_pre_req_pre"": ""0"", ""buy_8th_pre_bid"": ""+70700"", ""buy_8th_pre_req"": ""87"", ""buy_8th_pre_req_pre"": ""0"", ""buy_9th_pre_bid"": ""+70600"", ""buy_9th_pre_req"": ""198"", ""buy_9th_pre_req_pre"": ""0"", ""buy_10th_pre_bid"": ""+70500"", ""buy_10th_pre_req"": ""45"", ""buy_10th_pre_req_pre"": ""0"", ""tot_sel_req_jub_pre"": ""--2"", ""tot_sel_req"": ""2205"", ""tot_buy_req"": ""1179"", ""tot_buy_req_jub_pre"": ""0"", ""ovt_sel_req_pre"": ""0"", ""ovt_sel_req"": ""0"", ""ovt_buy_req"": ""0"", ""ovt_buy_req_pre"": ""0"", ""return_code"": 0, ""return_msg"": ""정상적으로 처리되었습니다""}"
2026-06-10,scan_candidate,004990,,0,main_scan,26050,,26050,25950,26050,25800,-1.1516314779270633,0.3838771593090211,,,,,,"{""bid_req_base_tm"": ""105910"", ""sel_10th_pre_req_pre"": ""0"", ""sel_10th_pre_req"": ""835"", ""sel_10th_pre_bid"": ""+26500"", ""sel_9th_pre_req_pre"": ""0"", ""sel_9th_pre_req"": ""28107"", ""sel_9th_pre_bid"": ""+26450"", ""sel_8th_pre_req_pre"": ""0"", ""sel_8th_pre_req"": ""29"", ""sel_8th_pre_bid"": ""+26400"", ""sel_7th_pre_req_pre"": ""0"", ""sel_7th_pre_req"": ""6"", ""sel_7th_pre_bid"": ""+26350"", ""sel_6th_pre_req_pre"": ""0"", ""sel_6th_pre_req"": ""11"", ""sel_6th_pre_bid"": ""+26300"", ""sel_5th_pre_req_pre"": ""0"", ""sel_5th_pre_req"": ""145"", ""sel_5th_pre_bid"": ""+26250"", ""sel_4th_pre_req_pre"": ""0"", ""sel_4th_pre_req"": ""95"", ""sel_4th_pre_bid"": ""+26200"", ""sel_3th_pre_req_pre"": ""0"", ""sel_3th_pre_req"": ""3119"", ""sel_3th_pre_bid"": ""26150"", ""sel_2th_pre_req_pre"": ""0"", ""sel_2th_pre_req"": ""402"", ""sel_2th_pre_bid"": ""-26100"", ""sel_1th_pre_req_pre"": ""0"", ""sel_fpr_req"": ""174"", ""sel_fpr_bid"": ""-26050"", ""buy_fpr_bid"": ""-25950"", ""buy_fpr_req"": ""113"", ""buy_1th_pre_req_pre"": ""+103"", ""buy_2th_pre_bid"": ""-25900"", ""buy_2th_pre_req"": ""2"", ""buy_2th_pre_req_pre"": ""--103"", ""buy_3th_pre_bid"": ""-25850"", ""buy_3th_pre_req"": ""53"", ""buy_3th_pre_req_pre"": ""0"", ""buy_4th_pre_bid"": ""-25800"", ""buy_4th_pre_req"": ""501"", ""buy_4th_pre_req_pre"": ""0"", ""buy_5th_pre_bid"": ""-25750"", ""buy_5th_pre_req"": ""500"", ""buy_5th_pre_req_pre"": ""0"", ""buy_6th_pre_bid"": ""-25700"", ""buy_6th_pre_req"": ""146"", ""buy_6th_pre_req_pre"": ""0"", ""buy_7th_pre_bid"": ""-25650"", ""buy_7th_pre_req"": ""201"", ""buy_7th_pre_req_pre"": ""0"", ""buy_8th_pre_bid"": ""-25600"", ""buy_8th_pre_req"": ""284"", ""buy_8th_pre_req_pre"": ""0"", ""buy_9th_pre_bid"": ""-25550"", ""buy_9th_pre_req"": ""422"", ""buy_9th_pre_req_pre"": ""0"", ""buy_10th_pre_bid"": ""-25500"", ""buy_10th_pre_req"": ""982"", ""buy_10th_pre_req_pre"": ""0"", ""tot_sel_req_jub_pre"": ""0"", ""tot_sel_req"": ""32923"", ""tot_buy_req"": ""3204"", ""tot_buy_req_jub_pre"": ""0"", ""ovt_sel_req_pre"": ""0"", ""ovt_sel_req"": ""0"", ""ovt_buy_req"": ""0"", ""ovt_buy_req_pre"": ""0"", ""return_code"": 0, ""return_msg"": ""정상적으로 처리되었습니다""}"
2026-06-10,scan_candidate,483650,,0,main_scan,205000,,205000,204500,205000,204500,-0.4878048780487805,0.24390243902439024,,,,,,"{""bid_req_base_tm"": ""105912"", ""sel_10th_pre_req_pre"": ""0"", ""sel_10th_pre_req"": ""763"", ""sel_10th_pre_bid"": ""+209500"", ""sel_9th_pre_req_pre"": ""0"", ""sel_9th_pre_req"": ""1410"", ""sel_9th_pre_bid"": ""+209000"", ""sel_8th_pre_req_pre"": ""0"", ""sel_8th_pre_req"": ""237"", ""sel_8th_pre_bid"": ""+208500"", ""sel_7th_pre_req_pre"": ""0"", ""sel_7th_pre_req"": ""335"", ""sel_7th_pre_bid"": ""+208000"", ""sel_6th_pre_req_pre"": ""0"", ""sel_6th_pre_req"": ""126"", ""sel_6th_pre_bid"": ""+207500"", ""sel_5th_pre_req_pre"": ""0"", ""sel_5th_pre_req"": ""129"", ""sel_5th_pre_bid"": ""+207000"", ""sel_4th_pre_req_pre"": ""0"", ""sel_4th_pre_req"": ""180"", ""sel_4th_pre_bid"": ""+206500"", ""sel_3th_pre_req_pre"": ""0"", ""sel_3th_pre_req"": ""107"", ""sel_3th_pre_bid"": ""+206000"", ""sel_2th_pre_req_pre"": ""0"", ""sel_2th_pre_req"": ""125"", ""sel_2th_pre_bid"": ""+205500"", ""sel_1th_pre_req_pre"": ""--7"", ""sel_fpr_req"": ""422"", ""sel_fpr_bid"": ""+205000"", ""buy_fpr_bid"": ""+204500"", ""buy_fpr_req"": ""417"", ""buy_1th_pre_req_pre"": ""0"", ""buy_2th_pre_bid"": ""+204000"", ""buy_2th_pre_req"": ""76"", ""buy_2th_pre_req_pre"": ""0"", ""buy_3th_pre_bid"": ""+203500"", ""buy_3th_pre_req"": ""45"", ""buy_3th_pre_req_pre"": ""0"", ""buy_4th_pre_bid"": ""+203000"", ""buy_4th_pre_req"": ""176"", ""buy_4th_pre_req_pre"": ""0"", ""buy_5th_pre_bid"": ""+202500"", ""buy_5th_pre_req"": ""42"", ""buy_5th_pre_req_pre"": ""0"", ""buy_6th_pre_bid"": ""+202000"", ""buy_6th_pre_req"": ""67"", ""buy_6th_pre_req_pre"": ""0"", ""buy_7th_pre_bid"": ""+201500"", ""buy_7th_pre_req"": ""192"", ""buy_7th_pre_req_pre"": ""0"", ""buy_8th_pre_bid"": ""+201000"", ""buy_8th_pre_req"": ""340"", ""buy_8th_pre_req_pre"": ""0"", ""buy_9th_pre_bid"": ""+200500"", ""buy_9th_pre_req"": ""155"", ""buy_9th_pre_req_pre"": ""0"", ""buy_10th_pre_bid"": ""+200000"", ""buy_10th_pre_req"": ""227"", ""buy_10th_pre_req_pre"": ""0"", ""tot_sel_req_jub_pre"": ""--7"", ""tot_sel_req"": ""3834"", ""tot_buy_req"": ""1737"", ""tot_buy_req_jub_pre"": ""0"", ""ovt_sel_req_pre"": ""0"", ""ovt_sel_req"": ""0"", ""ovt_buy_req"": ""0"", ""ovt_buy_req_pre"": ""0"", ""return_code"": 0, ""return_msg"": ""정상적으로 처리되었습니다""}"
2026-06-10,scan_candidate,003690,,0,main_scan,13240,,13240,13210,13240,13250,-0.3021148036253776,0.22658610271903326,,,,,,"{""bid_req_base_tm"": ""105907"", ""sel_10th_pre_req_pre"": ""0"", ""sel_10th_pre_req"": ""2"", ""sel_10th_pre_bid"": ""-13330"", ""sel_9th_pre_req_pre"": ""0"", ""sel_9th_pre_req"": ""1"", ""sel_9th_pre_bid"": ""-13320"", ""sel_8th_pre_req_pre"": ""0"", ""sel_8th_pre_req"": ""2"", ""sel_8th_pre_bid"": ""-13310"", ""sel_7th_pre_req_pre"": ""0"", ""sel_7th_pre_req"": ""186"", ""sel_7th_pre_bid"": ""-13300"", ""sel_6th_pre_req_pre"": ""0"", ""sel_6th_pre_req"": ""22"", ""sel_6th_pre_bid"": ""-13290"", ""sel_5th_pre_req_pre"": ""0"", ""sel_5th_pre_req"": ""2"", ""sel_5th_pre_bid"": ""-13280"", ""sel_4th_pre_req_pre"": ""0"", ""sel_4th_pre_req"": ""86"", ""sel_4th_pre_bid"": ""-13270"", ""sel_3th_pre_req_pre"": ""0"", ""sel_3th_pre_req"": ""28"", ""sel_3th_pre_bid"": ""-13260"", ""sel_2th_pre_req_pre"": ""0"", ""sel_2th_pre_req"": ""12"", ""sel_2th_pre_bid"": ""-13250"", ""sel_1th_pre_req_pre"": ""0"", ""sel_fpr_req"": ""67"", ""sel_fpr_bid"": ""-13240"", ""buy_fpr_bid"": ""-13210"", ""buy_fpr_req"": ""196"", ""buy_1th_pre_req_pre"": ""+28"", ""buy_2th_pre_bid"": ""-13200"", ""buy_2th_pre_req"": ""119"", ""buy_2th_pre_req_pre"": ""0"", ""buy_3th_pre_bid"": ""-13190"", ""buy_3th_pre_req"": ""313"", ""buy_3th_pre_req_pre"": ""0"", ""buy_4th_pre_bid"": ""-13180"", ""buy_4th_pre_req"": ""467"", ""buy_4th_pre_req_pre"": ""0"", ""buy_5th_pre_bid"": ""-13170"", ""buy_5th_pre_req"": ""319"", ""buy_5th_pre_req_pre"": ""0"", ""buy_6th_pre_bid"": ""-13160"", ""buy_6th_pre_req"": ""52"", ""buy_6th_pre_req_pre"": ""0"", ""buy_7th_pre_bid"": ""-13150"", ""buy_7th_pre_req"": ""53"", ""buy_7th_pre_req_pre"": ""0"", ""buy_8th_pre_bid"": ""-13140"", ""buy_8th_pre_req"": ""51"", ""buy_8th_pre_req_pre"": ""0"", ""buy_9th_pre_bid"": ""-13130"", ""buy_9th_pre_req"": ""351"", ""buy_9th_pre_req_pre"": ""0"", ""buy_10th_pre_bid"": ""-13120"", ""buy_10th_pre_req"": ""50"", ""buy_10th_pre_req_pre"": ""0"", ""tot_sel_req_jub_pre"": ""0"", ""tot_sel_req"": ""408"", ""tot_buy_req"": ""1971"", ""tot_buy_req_jub_pre"": ""+28"", ""ovt_sel_req_pre"": ""0"", ""ovt_sel_req"": ""0"", ""ovt_buy_req"": ""0"", ""ovt_buy_req_pre"": ""0"", ""return_code"": 0, ""return_msg"": ""정상적으로 처리되었습니다""}"
2026-06-10,scan_candidate,279570,,0,main_scan,6110,,6110,6100,6110,6070,-0.8183306055646482,0.16366612111292964,,,,,,"{""bid_req_base_tm"": ""105912"", ""sel_10th_pre_req_pre"": ""0"", ""sel_10th_pre_req"": ""65663"", ""sel_10th_pre_bid"": ""+6200"", ""sel_9th_pre_req_pre"": ""0"", ""sel_9th_pre_req"": ""23607"", ""sel_9th_pre_bid"": ""+6190"", ""sel_8th_pre_req_pre"": ""0"", ""sel_8th_pre_req"": ""16289"", ""sel_8th_pre_bid"": ""+6180"", ""sel_7th_pre_req_pre"": ""0"", ""sel_7th_pre_req"": ""16336"", ""sel_7th_pre_bid"": ""+6170"", ""sel_6th_pre_req_pre"": ""0"", ""sel_6th_pre_req"": ""6879"", ""sel_6th_pre_bid"": ""+6160"", ""sel_5th_pre_req_pre"": ""0"", ""sel_5th_pre_req"": ""23256"", ""sel_5th_pre_bid"": ""+6150"", ""sel_4th_pre_req_pre"": ""0"", ""sel_4th_pre_req"": ""14347"", ""sel_4th_pre_bid"": ""+6140"", ""sel_3th_pre_req_pre"": ""0"", ""sel_3th_pre_req"": ""30804"", ""sel_3th_pre_bid"": ""+6130"", ""sel_2th_pre_req_pre"": ""0"", ""sel_2th_pre_req"": ""27136"", ""sel_2th_pre_bid"": ""+6120"", ""sel_1th_pre_req_pre"": ""+2"", ""sel_fpr_req"": ""6119"", ""sel_fpr_bid"": ""+6110"", ""buy_fpr_bid"": ""+6100"", ""buy_fpr_req"": ""7113"", ""buy_1th_pre_req_pre"": ""0"", ""buy_2th_pre_bid"": ""+6090"", ""buy_2th_pre_req"": ""3463"", ""buy_2th_pre_req_pre"": ""0"", ""buy_3th_pre_bid"": ""+6080"", ""buy_3th_pre_req"": ""3284"", ""buy_3th_pre_req_pre"": ""0"", ""buy_4th_pre_bid"": ""+6070"", ""buy_4th_pre_req"": ""2632"", ""buy_4th_pre_req_pre"": ""0"", ""buy_5th_pre_bid"": ""+6060"", ""buy_5th_pre_req"": ""3148"", ""buy_5th_pre_req_pre"": ""0"", ""buy_6th_pre_bid"": ""+6050"", ""buy_6th_pre_req"": ""8743"", ""buy_6th_pre_req_pre"": ""0"", ""buy_7th_pre_bid"": ""+6040"", ""buy_7th_pre_req"": ""2060"", ""buy_7th_pre_req_pre"": ""0"", ""buy_8th_pre_bid"": ""+6030"", ""buy_8th_pre_req"": ""2846"", ""buy_8th_pre_req_pre"": ""0"", ""buy_9th_pre_bid"": ""+6020"", ""buy_9th_pre_req"": ""4879"", ""buy_9th_pre_req_pre"": ""0"", ""buy_10th_pre_bid"": ""+6010"", ""buy_10th_pre_req"": ""4658"", ""buy_10th_pre_req_pre"": ""0"", ""tot_sel_req_jub_pre"": ""+2"", ""tot_sel_req"": ""230436"", ""tot_buy_req"": ""42826"", ""tot_buy_req_jub_pre"": ""0"", ""ovt_sel_req_pre"": ""0"", ""ovt_sel_req"": ""0"", ""ovt_buy_req"": ""0"", ""ovt_buy_req_pre"": ""0"", ""return_code"": 0, ""return_msg"": ""정상적으로 처리되었습니다""}"
2026-06-10,scan_candidate,439260,,0,main_scan,61900,,61900,61800,61900,61500,-0.8077544426494345,0.16155088852988692,,,,,,"{""bid_req_base_tm"": ""105909"", ""sel_10th_pre_req_pre"": ""0"", ""sel_10th_pre_req"": ""115"", ""sel_10th_pre_bid"": ""+62800"", ""sel_9th_pre_req_pre"": ""0"", ""sel_9th_pre_req"": ""5"", ""sel_9th_pre_bid"": ""+62700"", ""sel_8th_pre_req_pre"": ""0"", ""sel_8th_pre_req"": ""2"", ""sel_8th_pre_bid"": ""+62600"", ""sel_7th_pre_req_pre"": ""0"", ""sel_7th_pre_req"": ""60"", ""sel_7th_pre_bid"": ""+62500"", ""sel_6th_pre_req_pre"": ""0"", ""sel_6th_pre_req"": ""8"", ""sel_6th_pre_bid"": ""+62400"", ""sel_5th_pre_req_pre"": ""0"", ""sel_5th_pre_req"": ""240"", ""sel_5th_pre_bid"": ""+62300"", ""sel_4th_pre_req_pre"": ""0"", ""sel_4th_pre_req"": ""867"", ""sel_4th_pre_bid"": ""+62200"", ""sel_3th_pre_req_pre"": ""0"", ""sel_3th_pre_req"": ""268"", ""sel_3th_pre_bid"": ""+62100"", ""sel_2th_pre_req_pre"": ""0"", ""sel_2th_pre_req"": ""1522"", ""sel_2th_pre_bid"": ""+62000"", ""sel_1th_pre_req_pre"": ""0"", ""sel_fpr_req"": ""536"", ""sel_fpr_bid"": ""+61900"", ""buy_fpr_bid"": ""+61800"", ""buy_fpr_req"": ""176"", ""buy_1th_pre_req_pre"": ""0"", ""buy_2th_pre_bid"": ""+61700"", ""buy_2th_pre_req"": ""52"", ""buy_2th_pre_req_pre"": ""0"", ""buy_3th_pre_bid"": ""+61600"", ""buy_3th_pre_req"": ""115"", ""buy_3th_pre_req_pre"": ""0"", ""buy_4th_pre_bid"": ""+61500"", ""buy_4th_pre_req"": ""655"", ""buy_4th_pre_req_pre"": ""0"", ""buy_5th_pre_bid"": ""+61400"", ""buy_5th_pre_req"": ""71"", ""buy_5th_pre_req_pre"": ""0"", ""buy_6th_pre_bid"": ""+61300"", ""buy_6th_pre_req"": ""108"", ""buy_6th_pre_req_pre"": ""0"", ""buy_7th_pre_bid"": ""+61200"", ""buy_7th_pre_req"": ""206"", ""buy_7th_pre_req_pre"": ""0"", ""buy_8th_pre_bid"": ""+61100"", ""buy_8th_pre_req"": ""312"", ""buy_8th_pre_req_pre"": ""0"", ""buy_9th_pre_bid"": ""+61000"", ""buy_9th_pre_req"": ""752"", ""buy_9th_pre_req_pre"": ""0"", ""buy_10th_pre_bid"": ""60900"", ""buy_10th_pre_req"": ""272"", ""buy_10th_pre_req_pre"": ""0"", ""tot_sel_req_jub_pre"": ""0"", ""tot_sel_req"": ""3623"", ""tot_buy_req"": ""2719"", ""tot_buy_req_jub_pre"": ""0"", ""ovt_sel_req_pre"": ""0"", ""ovt_sel_req"": ""0"", ""ovt_buy_req"": ""0"", ""ovt_buy_req_pre"": ""0"", ""return_code"": 0, ""return_msg"": ""정상적으로 처리되었습니다""}"
2026-06-10,scan_candidate,008770,,0,main_scan,55400,,55400,55200,55400,55000,-0.9025270758122743,0.36101083032490977,,,,,,"{""bid_req_base_tm"": ""105911"", ""sel_10th_pre_req_pre"": ""0"", ""sel_10th_pre_req"": ""525"", ""sel_10th_pre_bid"": ""+56300"", ""sel_9th_pre_req_pre"": ""0"", ""sel_9th_pre_req"": ""25"", ""sel_9th_pre_bid"": ""+56200"", ""sel_8th_pre_req_pre"": ""0"", ""sel_8th_pre_req"": ""6"", ""sel_8th_pre_bid"": ""+56100"", ""sel_7th_pre_req_pre"": ""0"", ""sel_7th_pre_req"": ""92"", ""sel_7th_pre_bid"": ""+56000"", ""sel_6th_pre_req_pre"": ""0"", ""sel_6th_pre_req"": ""1507"", ""sel_6th_pre_bid"": ""+55900"", ""sel_5th_pre_req_pre"": ""0"", ""sel_5th_pre_req"": ""594"", ""sel_5th_pre_bid"": ""+55800"", ""sel_4th_pre_req_pre"": ""0"", ""sel_4th_pre_req"": ""46"", ""sel_4th_pre_bid"": ""+55700"", ""sel_3th_pre_req_pre"": ""0"", ""sel_3th_pre_req"": ""157"", ""sel_3th_pre_bid"": ""+55600"", ""sel_2th_pre_req_pre"": ""0"", ""sel_2th_pre_req"": ""416"", ""sel_2th_pre_bid"": ""+55500"", ""sel_1th_pre_req_pre"": ""0"", ""sel_fpr_req"": ""352"", ""sel_fpr_bid"": ""+55400"", ""buy_fpr_bid"": ""55200"", ""buy_fpr_req"": ""20"", ""buy_1th_pre_req_pre"": ""0"", ""buy_2th_pre_bid"": ""-55100"", ""buy_2th_pre_req"": ""19"", ""buy_2th_pre_req_pre"": ""0"", ""buy_3th_pre_bid"": ""-55000"", ""buy_3th_pre_req"": ""52"", ""buy_3th_pre_req_pre"": ""0"", ""buy_4th_pre_bid"": ""-54900"", ""buy_4th_pre_req"": ""35"", ""buy_4th_pre_req_pre"": ""0"", ""buy_5th_pre_bid"": ""-54800"", ""buy_5th_pre_req"": ""550"", ""buy_5th_pre_req_pre"": ""0"", ""buy_6th_pre_bid"": ""-54700"", ""buy_6th_pre_req"": ""474"", ""buy_6th_pre_req_pre"": ""0"", ""buy_7th_pre_bid"": ""-54600"", ""buy_7th_pre_req"": ""30"", ""buy_7th_pre_req_pre"": ""0"", ""buy_8th_pre_bid"": ""-54500"", ""buy_8th_pre_req"": ""10"", ""buy_8th_pre_req_pre"": ""0"", ""buy_9th_pre_bid"": ""-54400"", ""buy_9th_pre_req"": ""39"", ""buy_9th_pre_req_pre"": ""0"", ""buy_10th_pre_bid"": ""-54300"", ""buy_10th_pre_req"": ""300"", ""buy_10th_pre_req_pre"": ""0"", ""tot_sel_req_jub_pre"": ""0"", ""tot_sel_req"": ""3720"", ""tot_buy_req"": ""1529"", ""tot_buy_req_jub_pre"": ""0"", ""ovt_sel_req_pre"": ""0"", ""ovt_sel_req"": ""0"", ""ovt_buy_req"": ""0"", ""ovt_buy_req_pre"": ""0"", ""return_code"": 0, ""return_msg"": ""정상적으로 처리되었습니다""}"
2026-06-10,scan_candidate,081660,,0,main_scan,40400,,40400,40350,40400,40400,-0.12376237623762376,0.12376237623762376,,,,,,"{""bid_req_base_tm"": ""105911"", ""sel_10th_pre_req_pre"": ""0"", ""sel_10th_pre_req"": ""166"", ""sel_10th_pre_bid"": ""+40900"", ""sel_9th_pre_req_pre"": ""0"", ""sel_9th_pre_req"": ""136"", ""sel_9th_pre_bid"": ""+40800"", ""sel_8th_pre_req_pre"": ""0"", ""sel_8th_pre_req"": ""13"", ""sel_8th_pre_bid"": ""+40750"", ""sel_7th_pre_req_pre"": ""0"", ""sel_7th_pre_req"": ""70"", ""sel_7th_pre_bid"": ""+40700"", ""sel_6th_pre_req_pre"": ""0"", ""sel_6th_pre_req"": ""50"", ""sel_6th_pre_bid"": ""+40650"", ""sel_5th_pre_req_pre"": ""0"", ""sel_5th_pre_req"": ""70"", ""sel_5th_pre_bid"": ""+40600"", ""sel_4th_pre_req_pre"": ""0"", ""sel_4th_pre_req"": ""1"", ""sel_4th_pre_bid"": ""+40550"", ""sel_3th_pre_req_pre"": ""0"", ""sel_3th_pre_req"": ""227"", ""sel_3th_pre_bid"": ""+40500"", ""sel_2th_pre_req_pre"": ""0"", ""sel_2th_pre_req"": ""556"", ""sel_2th_pre_bid"": ""+40450"", ""sel_1th_pre_req_pre"": ""0"", ""sel_fpr_req"": ""282"", ""sel_fpr_bid"": ""+40400"", ""buy_fpr_bid"": ""+40350"", ""buy_fpr_req"": ""334"", ""buy_1th_pre_req_pre"": ""--1"", ""buy_2th_pre_bid"": ""+40250"", ""buy_2th_pre_req"": ""63"", ""buy_2th_pre_req_pre"": ""0"", ""buy_3th_pre_bid"": ""+40200"", ""buy_3th_pre_req"": ""114"", ""buy_3th_pre_req_pre"": ""0"", ""buy_4th_pre_bid"": ""+40100"", ""buy_4th_pre_req"": ""150"", ""buy_4th_pre_req_pre"": ""0"", ""buy_5th_pre_bid"": ""+40050"", ""buy_5th_pre_req"": ""100"", ""buy_5th_pre_req_pre"": ""0"", ""buy_6th_pre_bid"": ""+40000"", ""buy_6th_pre_req"": ""509"", ""buy_6th_pre_req_pre"": ""0"", ""buy_7th_pre_bid"": ""+39950"", ""buy_7th_pre_req"": ""500"", ""buy_7th_pre_req_pre"": ""0"", ""buy_8th_pre_bid"": ""+39900"", ""buy_8th_pre_req"": ""2"", ""buy_8th_pre_req_pre"": ""0"", ""buy_9th_pre_bid"": ""+39850"", ""buy_9th_pre_req"": ""1"", ""buy_9th_pre_req_pre"": ""0"", ""buy_10th_pre_bid"": ""+39800"", ""buy_10th_pre_req"": ""5"", ""buy_10th_pre_req_pre"": ""0"", ""tot_sel_req_jub_pre"": ""0"", ""tot_sel_req"": ""1571"", ""tot_buy_req"": ""1778"", ""tot_buy_req_jub_pre"": ""--1"", ""ovt_sel_req_pre"": ""0"", ""ovt_sel_req"": ""0"", ""ovt_buy_req"": ""0"", ""ovt_buy_req_pre"": ""0"", ""return_code"": 0, ""return_msg"": ""정상적으로 처리되었습니다""}"
2026-06-10,scan_candidate,462870,,0,main_scan,31700,,31700,31600,31700,31550,-0.6309148264984227,0.31545741324921134,,,,,,"{""bid_req_base_tm"": ""105913"", ""sel_10th_pre_req_pre"": ""0"", ""sel_10th_pre_req"": ""30"", ""sel_10th_pre_bid"": ""-32150"", ""sel_9th_pre_req_pre"": ""0"", ""sel_9th_pre_req"": ""13"", ""sel_9th_pre_bid"": ""-32100"", ""sel_8th_pre_req_pre"": ""0"", ""sel_8th_pre_req"": ""76"", ""sel_8th_pre_bid"": ""-32050"", ""sel_7th_pre_req_pre"": ""0"", ""sel_7th_pre_req"": ""156"", ""sel_7th_pre_bid"": ""-32000"", ""sel_6th_pre_req_pre"": ""0"", ""sel_6th_pre_req"": ""40"", ""sel_6th_pre_bid"": ""-31950"", ""sel_5th_pre_req_pre"": ""0"", ""sel_5th_pre_req"": ""128"", ""sel_5th_pre_bid"": ""-31900"", ""sel_4th_pre_req_pre"": ""0"", ""sel_4th_pre_req"": ""50"", ""sel_4th_pre_bid"": ""-31850"", ""sel_3th_pre_req_pre"": ""0"", ""sel_3th_pre_req"": ""44"", ""sel_3th_pre_bid"": ""-31800"", ""sel_2th_pre_req_pre"": ""0"", ""sel_2th_pre_req"": ""94"", ""sel_2th_pre_bid"": ""-31750"", ""sel_1th_pre_req_pre"": ""--2"", ""sel_fpr_req"": ""19"", ""sel_fpr_bid"": ""-31700"", ""buy_fpr_bid"": ""-31600"", ""buy_fpr_req"": ""2"", ""buy_1th_pre_req_pre"": ""0"", ""buy_2th_pre_bid"": ""-31500"", ""buy_2th_pre_req"": ""32"", ""buy_2th_pre_req_pre"": ""0"", ""buy_3th_pre_bid"": ""-31450"", ""buy_3th_pre_req"": ""20"", ""buy_3th_pre_req_pre"": ""0"", ""buy_4th_pre_bid"": ""-31400"", ""buy_4th_pre_req"": ""51"", ""buy_4th_pre_req_pre"": ""0"", ""buy_5th_pre_bid"": ""-31350"", ""buy_5th_pre_req"": ""42"", ""buy_5th_pre_req_pre"": ""0"", ""buy_6th_pre_bid"": ""-31300"", ""buy_6th_pre_req"": ""42"", ""buy_6th_pre_req_pre"": ""0"", ""buy_7th_pre_bid"": ""-31250"", ""buy_7th_pre_req"": ""21"", ""buy_7th_pre_req_pre"": ""0"", ""buy_8th_pre_bid"": ""-31200"", ""buy_8th_pre_req"": ""68"", ""buy_8th_pre_req_pre"": ""0"", ""buy_9th_pre_bid"": ""-31150"", ""buy_9th_pre_req"": ""79"", ""buy_9th_pre_req_pre"": ""0"", ""buy_10th_pre_bid"": ""-31100"", ""buy_10th_pre_req"": ""37"", ""buy_10th_pre_req_pre"": ""0"", ""tot_sel_req_jub_pre"": ""--2"", ""tot_sel_req"": ""650"", ""tot_buy_req"": ""394"", ""tot_buy_req_jub_pre"": ""0"", ""ovt_sel_req_pre"": ""0"", ""ovt_sel_req"": ""0"", ""ovt_buy_req"": ""0"", ""ovt_buy_req_pre"": ""0"", ""return_code"": 0, ""return_msg"": ""정상적으로 처리되었습니다""}"
2026-06-10,scan_candidate,161890,,0,main_scan,83500,,83500,83400,83500,83100,-0.5988023952095809,0.11976047904191617,,,,,,"{""bid_req_base_tm"": ""105913"", ""sel_10th_pre_req_pre"": ""0"", ""sel_10th_pre_req"": ""387"", ""sel_10th_pre_bid"": ""+84400"", ""sel_9th_pre_req_pre"": ""0"", ""sel_9th_pre_req"": ""64"", ""sel_9th_pre_bid"": ""+84300"", ""sel_8th_pre_req_pre"": ""0"", ""sel_8th_pre_req"": ""326"", ""sel_8th_pre_bid"": ""+84200"", ""sel_7th_pre_req_pre"": ""0"", ""sel_7th_pre_req"": ""135"", ""sel_7th_pre_bid"": ""+84100"", ""sel_6th_pre_req_pre"": ""0"", ""sel_6th_pre_req"": ""439"", ""sel_6th_pre_bid"": ""+84000"", ""sel_5th_pre_req_pre"": ""0"", ""sel_5th_pre_req"": ""195"", ""sel_5th_pre_bid"": ""+83900"", ""sel_4th_pre_req_pre"": ""0"", ""sel_4th_pre_req"": ""392"", ""sel_4th_pre_bid"": ""+83800"", ""sel_3th_pre_req_pre"": ""0"", ""sel_3th_pre_req"": ""85"", ""sel_3th_pre_bid"": ""+83700"", ""sel_2th_pre_req_pre"": ""0"", ""sel_2th_pre_req"": ""89"", ""sel_2th_pre_bid"": ""+83600"", ""sel_1th_pre_req_pre"": ""+26"", ""sel_fpr_req"": ""167"", ""sel_fpr_bid"": ""+83500"", ""buy_fpr_bid"": ""+83400"", ""buy_fpr_req"": ""21"", ""buy_1th_pre_req_pre"": ""0"", ""buy_2th_pre_bid"": ""+83300"", ""buy_2th_pre_req"": ""23"", ""buy_2th_pre_req_pre"": ""0"", ""buy_3th_pre_bid"": ""+83200"", ""buy_3th_pre_req"": ""6"", ""buy_3th_pre_req_pre"": ""0"", ""buy_4th_pre_bid"": ""+83100"", ""buy_4th_pre_req"": ""17"", ""buy_4th_pre_req_pre"": ""0"", ""buy_5th_pre_bid"": ""+83000"", ""buy_5th_pre_req"": ""91"", ""buy_5th_pre_req_pre"": ""0"", ""buy_6th_pre_bid"": ""+82900"", ""buy_6th_pre_req"": ""12"", ""buy_6th_pre_req_pre"": ""0"", ""buy_7th_pre_bid"": ""+82800"", ""buy_7th_pre_req"": ""23"", ""buy_7th_pre_req_pre"": ""0"", ""buy_8th_pre_bid"": ""+82700"", ""buy_8th_pre_req"": ""27"", ""buy_8th_pre_req_pre"": ""0"", ""buy_9th_pre_bid"": ""+82600"", ""buy_9th_pre_req"": ""61"", ""buy_9th_pre_req_pre"": ""0"", ""buy_10th_pre_bid"": ""+82500"", ""buy_10th_pre_req"": ""86"", ""buy_10th_pre_req_pre"": ""0"", ""tot_sel_req_jub_pre"": ""+26"", ""tot_sel_req"": ""2279"", ""tot_buy_req"": ""367"", ""tot_buy_req_jub_pre"": ""0"", ""ovt_sel_req_pre"": ""0"", ""ovt_sel_req"": ""0"", ""ovt_buy_req"": ""0"", ""ovt_buy_req_pre"": ""0"", ""return_code"": 0, ""return_msg"": ""정상적으로 처리되었습니다""}"
2026-06-10,scan_candidate,120110,,0,main_scan,70800,,70800,70600,70800,70900,0.0,0.2824858757062147,,,,,,"{""bid_req_base_tm"": ""105913"", ""sel_10th_pre_req_pre"": ""0"", ""sel_10th_pre_req"": ""117"", ""sel_10th_pre_bid"": ""+71800"", ""sel_9th_pre_req_pre"": ""0"", ""sel_9th_pre_req"": ""90"", ""sel_9th_pre_bid"": ""+71700"", ""sel_8th_pre_req_pre"": ""0"", ""sel_8th_pre_req"": ""5"", ""sel_8th_pre_bid"": ""+71500"", ""sel_7th_pre_req_pre"": ""0"", ""sel_7th_pre_req"": ""78"", ""sel_7th_pre_bid"": ""+71400"", ""sel_6th_pre_req_pre"": ""0"", ""sel_6th_pre_req"": ""57"", ""sel_6th_pre_bid"": ""+71300"", ""sel_5th_pre_req_pre"": ""0"", ""sel_5th_pre_req"": ""1"", ""sel_5th_pre_bid"": ""+71200"", ""sel_4th_pre_req_pre"": ""0"", ""sel_4th_pre_req"": ""23"", ""sel_4th_pre_bid"": ""+71100"", ""sel_3th_pre_req_pre"": ""0"", ""sel_3th_pre_req"": ""80"", ""sel_3th_pre_bid"": ""+71000"", ""sel_2th_pre_req_pre"": ""--69"", ""sel_2th_pre_req"": ""395"", ""sel_2th_pre_bid"": ""+70900"", ""sel_1th_pre_req_pre"": ""0"", ""sel_fpr_req"": ""40"", ""sel_fpr_bid"": ""+70800"", ""buy_fpr_bid"": ""+70600"", ""buy_fpr_req"": ""9"", ""buy_1th_pre_req_pre"": ""--5"", ""buy_2th_pre_bid"": ""+70500"", ""buy_2th_pre_req"": ""39"", ""buy_2th_pre_req_pre"": ""--7"", ""buy_3th_pre_bid"": ""+70400"", ""buy_3th_pre_req"": ""208"", ""buy_3th_pre_req_pre"": ""0"", ""buy_4th_pre_bid"": ""+70300"", ""buy_4th_pre_req"": ""102"", ""buy_4th_pre_req_pre"": ""0"", ""buy_5th_pre_bid"": ""+70200"", ""buy_5th_pre_req"": ""168"", ""buy_5th_pre_req_pre"": ""0"", ""buy_6th_pre_bid"": ""+70100"", ""buy_6th_pre_req"": ""195"", ""buy_6th_pre_req_pre"": ""0"", ""buy_7th_pre_bid"": ""+70000"", ""buy_7th_pre_req"": ""418"", ""buy_7th_pre_req_pre"": ""0"", ""buy_8th_pre_bid"": ""+69900"", ""buy_8th_pre_req"": ""104"", ""buy_8th_pre_req_pre"": ""0"", ""buy_9th_pre_bid"": ""+69800"", ""buy_9th_pre_req"": ""21"", ""buy_9th_pre_req_pre"": ""0"", ""buy_10th_pre_bid"": ""+69700"", ""buy_10th_pre_req"": ""10"", ""buy_10th_pre_req_pre"": ""0"", ""tot_sel_req_jub_pre"": ""--45"", ""tot_sel_req"": ""886"", ""tot_buy_req"": ""1274"", ""tot_buy_req_jub_pre"": ""--12"", ""ovt_sel_req_pre"": ""0"", ""ovt_sel_req"": ""0"", ""ovt_buy_req"": ""0"", ""ovt_buy_req_pre"": ""0"", ""return_code"": 0, ""return_msg"": ""정상적으로 처리되었습니다""}"
2026-06-10,scan_candidate,009155,,0,main_scan,607000,,607000,605000,607000,609000,0.16474464579901155,0.3294892915980231,,,,,,"{""bid_req_base_tm"": ""105914"", ""sel_10th_pre_req_pre"": ""0"", ""sel_10th_pre_req"": ""9"", ""sel_10th_pre_bid"": ""-616000"", ""sel_9th_pre_req_pre"": ""0"", ""sel_9th_pre_req"": ""12"", ""sel_9th_pre_bid"": ""-615000"", ""sel_8th_pre_req_pre"": ""0"", ""sel_8th_pre_req"": ""41"", ""sel_8th_pre_bid"": ""-614000"", ""sel_7th_pre_req_pre"": ""0"", ""sel_7th_pre_req"": ""54"", ""sel_7th_pre_bid"": ""-613000"", ""sel_6th_pre_req_pre"": ""0"", ""sel_6th_pre_req"": ""15"", ""sel_6th_pre_bid"": ""-612000"", ""sel_5th_pre_req_pre"": ""0"", ""sel_5th_pre_req"": ""58"", ""sel_5th_pre_bid"": ""-611000"", ""sel_4th_pre_req_pre"": ""0"", ""sel_4th_pre_req"": ""12"", ""sel_4th_pre_bid"": ""-610000"", ""sel_3th_pre_req_pre"": ""0"", ""sel_3th_pre_req"": ""45"", ""sel_3th_pre_bid"": ""-609000"", ""sel_2th_pre_req_pre"": ""0"", ""sel_2th_pre_req"": ""4"", ""sel_2th_pre_bid"": ""-608000"", ""sel_1th_pre_req_pre"": ""0"", ""sel_fpr_req"": ""33"", ""sel_fpr_bid"": ""-607000"", ""buy_fpr_bid"": ""-605000"", ""buy_fpr_req"": ""52"", ""buy_1th_pre_req_pre"": ""+50"", ""buy_2th_pre_bid"": ""-604000"", ""buy_2th_pre_req"": ""59"", ""buy_2th_pre_req_pre"": ""0"", ""buy_3th_pre_bid"": ""-603000"", ""buy_3th_pre_req"": ""126"", ""buy_3th_pre_req_pre"": ""0"", ""buy_4th_pre_bid"": ""-602000"", ""buy_4th_pre_req"": ""202"", ""buy_4th_pre_req_pre"": ""0"", ""buy_5th_pre_bid"": ""-601000"", ""buy_5th_pre_req"": ""131"", ""buy_5th_pre_req_pre"": ""0"", ""buy_6th_pre_bid"": ""-600000"", ""buy_6th_pre_req"": ""496"", ""buy_6th_pre_req_pre"": ""0"", ""buy_7th_pre_bid"": ""-599000"", ""buy_7th_pre_req"": ""245"", ""buy_7th_pre_req_pre"": ""0"", ""buy_8th_pre_bid"": ""-598000"", ""buy_8th_pre_req"": ""84"", ""buy_8th_pre_req_pre"": ""0"", ""buy_9th_pre_bid"": ""-597000"", ""buy_9th_pre_req"": ""121"", ""buy_9th_pre_req_pre"": ""0"", ""buy_10th_pre_bid"": ""-596000"", ""buy_10th_pre_req"": ""52"", ""buy_10th_pre_req_pre"": ""0"", ""tot_sel_req_jub_pre"": ""0"", ""tot_sel_req"": ""283"", ""tot_buy_req"": ""1568"", ""tot_buy_req_jub_pre"": ""+50"", ""ovt_sel_req_pre"": ""0"", ""ovt_sel_req"": ""0"", ""ovt_buy_req"": ""0"", ""ovt_buy_req_pre"": ""0"", ""return_code"": 0, ""return_msg"": ""정상적으로 처리되었습니다""}"
2026-06-10,scan_candidate,017960,,0,main_scan,31550,,31550,31500,31550,31450,-0.4754358161648178,0.15847860538827258,,,,,,"{""bid_req_base_tm"": ""105914"", ""sel_10th_pre_req_pre"": ""0"", ""sel_10th_pre_req"": ""1258"", ""sel_10th_pre_bid"": ""+32000"", ""sel_9th_pre_req_pre"": ""0"", ""sel_9th_pre_req"": ""186"", ""sel_9th_pre_bid"": ""+31950"", ""sel_8th_pre_req_pre"": ""0"", ""sel_8th_pre_req"": ""1093"", ""sel_8th_pre_bid"": ""+31900"", ""sel_7th_pre_req_pre"": ""0"", ""sel_7th_pre_req"": ""277"", ""sel_7th_pre_bid"": ""+31850"", ""sel_6th_pre_req_pre"": ""0"", ""sel_6th_pre_req"": ""275"", ""sel_6th_pre_bid"": ""+31800"", ""sel_5th_pre_req_pre"": ""0"", ""sel_5th_pre_req"": ""2"", ""sel_5th_pre_bid"": ""+31750"", ""sel_4th_pre_req_pre"": ""0"", ""sel_4th_pre_req"": ""200"", ""sel_4th_pre_bid"": ""+31700"", ""sel_3th_pre_req_pre"": ""0"", ""sel_3th_pre_req"": ""127"", ""sel_3th_pre_bid"": ""+31650"", ""sel_2th_pre_req_pre"": ""--15"", ""sel_2th_pre_req"": ""632"", ""sel_2th_pre_bid"": ""+31600"", ""sel_1th_pre_req_pre"": ""+16"", ""sel_fpr_req"": ""45"", ""sel_fpr_bid"": ""+31550"", ""buy_fpr_bid"": ""+31500"", ""buy_fpr_req"": ""45"", ""buy_1th_pre_req_pre"": ""0"", ""buy_2th_pre_bid"": ""+31450"", ""buy_2th_pre_req"": ""210"", ""buy_2th_pre_req_pre"": ""0"", ""buy_3th_pre_bid"": ""+31400"", ""buy_3th_pre_req"": ""109"", ""buy_3th_pre_req_pre"": ""0"", ""buy_4th_pre_bid"": ""+31350"", ""buy_4th_pre_req"": ""332"", ""buy_4th_pre_req_pre"": ""0"", ""buy_5th_pre_bid"": ""+31300"", ""buy_5th_pre_req"": ""151"", ""buy_5th_pre_req_pre"": ""0"", ""buy_6th_pre_bid"": ""+31250"", ""buy_6th_pre_req"": ""527"", ""buy_6th_pre_req_pre"": ""0"", ""buy_7th_pre_bid"": ""+31200"", ""buy_7th_pre_req"": ""297"", ""buy_7th_pre_req_pre"": ""0"", ""buy_8th_pre_bid"": ""+31150"", ""buy_8th_pre_req"": ""75"", ""buy_8th_pre_req_pre"": ""0"", ""buy_9th_pre_bid"": ""+31100"", ""buy_9th_pre_req"": ""162"", ""buy_9th_pre_req_pre"": ""0"", ""buy_10th_pre_bid"": ""+31050"", ""buy_10th_pre_req"": ""435"", ""buy_10th_pre_req_pre"": ""0"", ""tot_sel_req_jub_pre"": ""+1"", ""tot_sel_req"": ""4095"", ""tot_buy_req"": ""2343"", ""tot_buy_req_jub_pre"": ""0"", ""ovt_sel_req_pre"": ""0"", ""ovt_sel_req"": ""0"", ""ovt_buy_req"": ""0"", ""ovt_buy_req_pre"": ""0"", ""return_code"": 0, ""return_msg"": ""정상적으로 처리되었습니다""}"
2026-06-10,scan_candidate,192080,,0,main_scan,71300,,71300,71200,71300,71700,0.42075736325385693,0.1402524544179523,,,,,,"{""bid_req_base_tm"": ""105913"", ""sel_10th_pre_req_pre"": ""0"", ""sel_10th_pre_req"": ""11"", ""sel_10th_pre_bid"": ""+72500"", ""sel_9th_pre_req_pre"": ""0"", ""sel_9th_pre_req"": ""128"", ""sel_9th_pre_bid"": ""+72400"", ""sel_8th_pre_req_pre"": ""0"", ""sel_8th_pre_req"": ""10"", ""sel_8th_pre_bid"": ""+72300"", ""sel_7th_pre_req_pre"": ""0"", ""sel_7th_pre_req"": ""10"", ""sel_7th_pre_bid"": ""+72200"", ""sel_6th_pre_req_pre"": ""0"", ""sel_6th_pre_req"": ""6"", ""sel_6th_pre_bid"": ""+72100"", ""sel_5th_pre_req_pre"": ""0"", ""sel_5th_pre_req"": ""5"", ""sel_5th_pre_bid"": ""72000"", ""sel_4th_pre_req_pre"": ""0"", ""sel_4th_pre_req"": ""33"", ""sel_4th_pre_bid"": ""-71800"", ""sel_3th_pre_req_pre"": ""0"", ""sel_3th_pre_req"": ""20"", ""sel_3th_pre_bid"": ""-71600"", ""sel_2th_pre_req_pre"": ""0"", ""sel_2th_pre_req"": ""59"", ""sel_2th_pre_bid"": ""-71400"", ""sel_1th_pre_req_pre"": ""+37"", ""sel_fpr_req"": ""135"", ""sel_fpr_bid"": ""-71300"", ""buy_fpr_bid"": ""-71200"", ""buy_fpr_req"": ""243"", ""buy_1th_pre_req_pre"": ""0"", ""buy_2th_pre_bid"": ""-71100"", ""buy_2th_pre_req"": ""1"", ""buy_2th_pre_req_pre"": ""0"", ""buy_3th_pre_bid"": ""-71000"", ""buy_3th_pre_req"": ""69"", ""buy_3th_pre_req_pre"": ""0"", ""buy_4th_pre_bid"": ""-70900"", ""buy_4th_pre_req"": ""155"", ""buy_4th_pre_req_pre"": ""0"", ""buy_5th_pre_bid"": ""-70800"", ""buy_5th_pre_req"": ""83"", ""buy_5th_pre_req_pre"": ""0"", ""buy_6th_pre_bid"": ""-70700"", ""buy_6th_pre_req"": ""110"", ""buy_6th_pre_req_pre"": ""0"", ""buy_7th_pre_bid"": ""-70600"", ""buy_7th_pre_req"": ""100"", ""buy_7th_pre_req_pre"": ""0"", ""buy_8th_pre_bid"": ""-70500"", ""buy_8th_pre_req"": ""181"", ""buy_8th_pre_req_pre"": ""0"", ""buy_9th_pre_bid"": ""-70400"", ""buy_9th_pre_req"": ""182"", ""buy_9th_pre_req_pre"": ""0"", ""buy_10th_pre_bid"": ""-70300"", ""buy_10th_pre_req"": ""94"", ""buy_10th_pre_req_pre"": ""0"", ""tot_sel_req_jub_pre"": ""+37"", ""tot_sel_req"": ""417"", ""tot_buy_req"": ""1218"", ""tot_buy_req_jub_pre"": ""0"", ""ovt_sel_req_pre"": ""0"", ""ovt_sel_req"": ""0"", ""ovt_buy_req"": ""0"", ""ovt_buy_req_pre"": ""0"", ""return_code"": 0, ""return_msg"": ""정상적으로 처리되었습니다""}"
2026-06-10,scan_candidate,093370,,0,main_scan,16000,,16000,15990,16000,16000,-0.3125,0.0625,,,,,,"{""bid_req_base_tm"": ""105914"", ""sel_10th_pre_req_pre"": ""0"", ""sel_10th_pre_req"": ""1195"", ""sel_10th_pre_bid"": ""+16090"", ""sel_9th_pre_req_pre"": ""0"", ""sel_9th_pre_req"": ""585"", ""sel_9th_pre_bid"": ""+16080"", ""sel_8th_pre_req_pre"": ""0"", ""sel_8th_pre_req"": ""6"", ""sel_8th_pre_bid"": ""+16070"", ""sel_7th_pre_req_pre"": ""0"", ""sel_7th_pre_req"": ""136"", ""sel_7th_pre_bid"": ""+16060"", ""sel_6th_pre_req_pre"": ""0"", ""sel_6th_pre_req"": ""555"", ""sel_6th_pre_bid"": ""+16050"", ""sel_5th_pre_req_pre"": ""0"", ""sel_5th_pre_req"": ""666"", ""sel_5th_pre_bid"": ""+16040"", ""sel_4th_pre_req_pre"": ""0"", ""sel_4th_pre_req"": ""1925"", ""sel_4th_pre_bid"": ""+16030"", ""sel_3th_pre_req_pre"": ""0"", ""sel_3th_pre_req"": ""659"", ""sel_3th_pre_bid"": ""+16020"", ""sel_2th_pre_req_pre"": ""0"", ""sel_2th_pre_req"": ""1559"", ""sel_2th_pre_bid"": ""+16010"", ""sel_1th_pre_req_pre"": ""--1"", ""sel_fpr_req"": ""4233"", ""sel_fpr_bid"": ""+16000"", ""buy_fpr_bid"": ""+15990"", ""buy_fpr_req"": ""117"", ""buy_1th_pre_req_pre"": ""0"", ""buy_2th_pre_bid"": ""+15980"", ""buy_2th_pre_req"": ""886"", ""buy_2th_pre_req_pre"": ""+20"", ""buy_3th_pre_bid"": ""+15970"", ""buy_3th_pre_req"": ""1224"", ""buy_3th_pre_req_pre"": ""+2"", ""buy_4th_pre_bid"": ""+15960"", ""buy_4th_pre_req"": ""4920"", ""buy_4th_pre_req_pre"": ""+5"", ""buy_5th_pre_bid"": ""+15950"", ""buy_5th_pre_req"": ""2411"", ""buy_5th_pre_req_pre"": ""0"", ""buy_6th_pre_bid"": ""+15940"", ""buy_6th_pre_req"": ""2911"", ""buy_6th_pre_req_pre"": ""0"", ""buy_7th_pre_bid"": ""+15930"", ""buy_7th_pre_req"": ""2705"", ""buy_7th_pre_req_pre"": ""0"", ""buy_8th_pre_bid"": ""+15920"", ""buy_8th_pre_req"": ""2647"", ""buy_8th_pre_req_pre"": ""0"", ""buy_9th_pre_bid"": ""+15910"", ""buy_9th_pre_req"": ""4438"", ""buy_9th_pre_req_pre"": ""+20"", ""buy_10th_pre_bid"": ""+15900"", ""buy_10th_pre_req"": ""8904"", ""buy_10th_pre_req_pre"": ""0"", ""tot_sel_req_jub_pre"": ""--1"", ""tot_sel_req"": ""11519"", ""tot_buy_req"": ""31163"", ""tot_buy_req_jub_pre"": ""+47"", ""ovt_sel_req_pre"": ""0"", ""ovt_sel_req"": ""0"", ""ovt_buy_req"": ""0"", ""ovt_buy_req_pre"": ""0"", ""return_code"": 0, ""return_msg"": ""정상적으로 처리되었습니다""}"
2026-06-10,scan_candidate,066575,,0,main_scan,79700,,79700,79600,79700,79400,-0.5018820577164366,0.12547051442910914,,,,,,"{""bid_req_base_tm"": ""105914"", ""sel_10th_pre_req_pre"": ""0"", ""sel_10th_pre_req"": ""711"", ""sel_10th_pre_bid"": ""-80600"", ""sel_9th_pre_req_pre"": ""0"", ""sel_9th_pre_req"": ""505"", ""sel_9th_pre_bid"": ""-80500"", ""sel_8th_pre_req_pre"": ""0"", ""sel_8th_pre_req"": ""47"", ""sel_8th_pre_bid"": ""-80400"", ""sel_7th_pre_req_pre"": ""0"", ""sel_7th_pre_req"": ""184"", ""sel_7th_pre_bid"": ""-80300"", ""sel_6th_pre_req_pre"": ""0"", ""sel_6th_pre_req"": ""223"", ""sel_6th_pre_bid"": ""-80200"", ""sel_5th_pre_req_pre"": ""0"", ""sel_5th_pre_req"": ""105"", ""sel_5th_pre_bid"": ""-80100"", ""sel_4th_pre_req_pre"": ""0"", ""sel_4th_pre_req"": ""1039"", ""sel_4th_pre_bid"": ""-80000"", ""sel_3th_pre_req_pre"": ""0"", ""sel_3th_pre_req"": ""259"", ""sel_3th_pre_bid"": ""-79900"", ""sel_2th_pre_req_pre"": ""0"", ""sel_2th_pre_req"": ""104"", ""sel_2th_pre_bid"": ""-79800"", ""sel_1th_pre_req_pre"": ""0"", ""sel_fpr_req"": ""1"", ""sel_fpr_bid"": ""-79700"", ""buy_fpr_bid"": ""-79600"", ""buy_fpr_req"": ""2"", ""buy_1th_pre_req_pre"": ""0"", ""buy_2th_pre_bid"": ""-79500"", ""buy_2th_pre_req"": ""14"", ""buy_2th_pre_req_pre"": ""0"", ""buy_3th_pre_bid"": ""-79400"", ""buy_3th_pre_req"": ""100"", ""buy_3th_pre_req_pre"": ""0"", ""buy_4th_pre_bid"": ""-79300"", ""buy_4th_pre_req"": ""143"", ""buy_4th_pre_req_pre"": ""+26"", ""buy_5th_pre_bid"": ""-79200"", ""buy_5th_pre_req"": ""76"", ""buy_5th_pre_req_pre"": ""0"", ""buy_6th_pre_bid"": ""-79100"", ""buy_6th_pre_req"": ""12"", ""buy_6th_pre_req_pre"": ""0"", ""buy_7th_pre_bid"": ""-79000"", ""buy_7th_pre_req"": ""252"", ""buy_7th_pre_req_pre"": ""0"", ""buy_8th_pre_bid"": ""-78900"", ""buy_8th_pre_req"": ""277"", ""buy_8th_pre_req_pre"": ""0"", ""buy_9th_pre_bid"": ""-78800"", ""buy_9th_pre_req"": ""436"", ""buy_9th_pre_req_pre"": ""0"", ""buy_10th_pre_bid"": ""-78700"", ""buy_10th_pre_req"": ""159"", ""buy_10th_pre_req_pre"": ""0"", ""tot_sel_req_jub_pre"": ""0"", ""tot_sel_req"": ""3178"", ""tot_buy_req"": ""1471"", ""tot_buy_req_jub_pre"": ""+26"", ""ovt_sel_req_pre"": ""0"", ""ovt_sel_req"": ""0"", ""ovt_buy_req"": ""0"", ""ovt_buy_req_pre"": ""0"", ""return_code"": 0, ""return_msg"": ""정상적으로 처리되었습니다""}"
2026-06-10,scan_candidate,181710,,0,main_scan,40900,,40900,40800,40900,41100,0.36674816625916873,0.24449877750611246,,,,,,"{""bid_req_base_tm"": ""105914"", ""sel_10th_pre_req_pre"": ""0"", ""sel_10th_pre_req"": ""1"", ""sel_10th_pre_bid"": ""-41500"", ""sel_9th_pre_req_pre"": ""0"", ""sel_9th_pre_req"": ""30"", ""sel_9th_pre_bid"": ""-41450"", ""sel_8th_pre_req_pre"": ""0"", ""sel_8th_pre_req"": ""1"", ""sel_8th_pre_bid"": ""-41400"", ""sel_7th_pre_req_pre"": ""0"", ""sel_7th_pre_req"": ""10"", ""sel_7th_pre_bid"": ""-41350"", ""sel_6th_pre_req_pre"": ""0"", ""sel_6th_pre_req"": ""21"", ""sel_6th_pre_bid"": ""-41200"", ""sel_5th_pre_req_pre"": ""0"", ""sel_5th_pre_req"": ""3"", ""sel_5th_pre_bid"": ""-41150"", ""sel_4th_pre_req_pre"": ""0"", ""sel_4th_pre_req"": ""60"", ""sel_4th_pre_bid"": ""-41050"", ""sel_3th_pre_req_pre"": ""0"", ""sel_3th_pre_req"": ""1"", ""sel_3th_pre_bid"": ""-41000"", ""sel_2th_pre_req_pre"": ""0"", ""sel_2th_pre_req"": ""3"", ""sel_2th_pre_bid"": ""-40950"", ""sel_1th_pre_req_pre"": ""0"", ""sel_fpr_req"": ""3"", ""sel_fpr_bid"": ""-40900"", ""buy_fpr_bid"": ""-40800"", ""buy_fpr_req"": ""113"", ""buy_1th_pre_req_pre"": ""0"", ""buy_2th_pre_bid"": ""-40750"", ""buy_2th_pre_req"": ""9"", ""buy_2th_pre_req_pre"": ""0"", ""buy_3th_pre_bid"": ""-40700"", ""buy_3th_pre_req"": ""137"", ""buy_3th_pre_req_pre"": ""0"", ""buy_4th_pre_bid"": ""-40650"", ""buy_4th_pre_req"": ""57"", ""buy_4th_pre_req_pre"": ""0"", ""buy_5th_pre_bid"": ""-40600"", ""buy_5th_pre_req"": ""3"", ""buy_5th_pre_req_pre"": ""0"", ""buy_6th_pre_bid"": ""-40550"", ""buy_6th_pre_req"": ""136"", ""buy_6th_pre_req_pre"": ""0"", ""buy_7th_pre_bid"": ""-40500"", ""buy_7th_pre_req"": ""88"", ""buy_7th_pre_req_pre"": ""0"", ""buy_8th_pre_bid"": ""-40450"", ""buy_8th_pre_req"": ""30"", ""buy_8th_pre_req_pre"": ""0"", ""buy_9th_pre_bid"": ""-40400"", ""buy_9th_pre_req"": ""1"", ""buy_9th_pre_req_pre"": ""0"", ""buy_10th_pre_bid"": ""-40350"", ""buy_10th_pre_req"": ""16"", ""buy_10th_pre_req_pre"": ""0"", ""tot_sel_req_jub_pre"": ""0"", ""tot_sel_req"": ""133"", ""tot_buy_req"": ""590"", ""tot_buy_req_jub_pre"": ""0"", ""ovt_sel_req_pre"": ""0"", ""ovt_sel_req"": ""0"", ""ovt_buy_req"": ""0"", ""ovt_buy_req_pre"": ""0"", ""return_code"": 0, ""return_msg"": ""정상적으로 처리되었습니다""}"
2026-06-10,scan_candidate,034230,,0,main_scan,15390,,15390,15380,15390,15300,-0.9096816114359974,0.0649772579597141,,,,,,"{""bid_req_base_tm"": ""105914"", ""sel_10th_pre_req_pre"": ""0"", ""sel_10th_pre_req"": ""475"", ""sel_10th_pre_bid"": ""+15480"", ""sel_9th_pre_req_pre"": ""0"", ""sel_9th_pre_req"": ""80"", ""sel_9th_pre_bid"": ""+15470"", ""sel_8th_pre_req_pre"": ""0"", ""sel_8th_pre_req"": ""69"", ""sel_8th_pre_bid"": ""+15460"", ""sel_7th_pre_req_pre"": ""0"", ""sel_7th_pre_req"": ""1162"", ""sel_7th_pre_bid"": ""+15450"", ""sel_6th_pre_req_pre"": ""0"", ""sel_6th_pre_req"": ""72"", ""sel_6th_pre_bid"": ""+15440"", ""sel_5th_pre_req_pre"": ""0"", ""sel_5th_pre_req"": ""535"", ""sel_5th_pre_bid"": ""+15430"", ""sel_4th_pre_req_pre"": ""0"", ""sel_4th_pre_req"": ""115"", ""sel_4th_pre_bid"": ""+15420"", ""sel_3th_pre_req_pre"": ""0"", ""sel_3th_pre_req"": ""1024"", ""sel_3th_pre_bid"": ""+15410"", ""sel_2th_pre_req_pre"": ""0"", ""sel_2th_pre_req"": ""1650"", ""sel_2th_pre_bid"": ""+15400"", ""sel_1th_pre_req_pre"": ""+6"", ""sel_fpr_req"": ""243"", ""sel_fpr_bid"": ""+15390"", ""buy_fpr_bid"": ""+15380"", ""buy_fpr_req"": ""23"", ""buy_1th_pre_req_pre"": ""0"", ""buy_2th_pre_bid"": ""+15370"", ""buy_2th_pre_req"": ""552"", ""buy_2th_pre_req_pre"": ""0"", ""buy_3th_pre_bid"": ""+15360"", ""buy_3th_pre_req"": ""115"", ""buy_3th_pre_req_pre"": ""0"", ""buy_4th_pre_bid"": ""+15350"", ""buy_4th_pre_req"": ""82"", ""buy_4th_pre_req_pre"": ""0"", ""buy_5th_pre_bid"": ""+15340"", ""buy_5th_pre_req"": ""181"", ""buy_5th_pre_req_pre"": ""0"", ""buy_6th_pre_bid"": ""+15330"", ""buy_6th_pre_req"": ""20"", ""buy_6th_pre_req_pre"": ""0"", ""buy_7th_pre_bid"": ""+15320"", ""buy_7th_pre_req"": ""24"", ""buy_7th_pre_req_pre"": ""0"", ""buy_8th_pre_bid"": ""+15310"", ""buy_8th_pre_req"": ""336"", ""buy_8th_pre_req_pre"": ""0"", ""buy_9th_pre_bid"": ""+15300"", ""buy_9th_pre_req"": ""70"", ""buy_9th_pre_req_pre"": ""0"", ""buy_10th_pre_bid"": ""+15280"", ""buy_10th_pre_req"": ""114"", ""buy_10th_pre_req_pre"": ""0"", ""tot_sel_req_jub_pre"": ""+6"", ""tot_sel_req"": ""5425"", ""tot_buy_req"": ""1517"", ""tot_buy_req_jub_pre"": ""0"", ""ovt_sel_req_pre"": ""0"", ""ovt_sel_req"": ""0"", ""ovt_buy_req"": ""0"", ""ovt_buy_req_pre"": ""0"", ""return_code"": 0, ""return_msg"": ""정상적으로 처리되었습니다""}"
2026-06-10,scan_candidate,281820,,0,main_scan,68000,,68000,67700,68000,67900,-0.29411764705882354,0.4411764705882353,,,,,,"{""bid_req_base_tm"": ""105905"", ""sel_10th_pre_req_pre"": ""0"", ""sel_10th_pre_req"": ""142"", ""sel_10th_pre_bid"": ""+69100"", ""sel_9th_pre_req_pre"": ""0"", ""sel_9th_pre_req"": ""346"", ""sel_9th_pre_bid"": ""+69000"", ""sel_8th_pre_req_pre"": ""0"", ""sel_8th_pre_req"": ""116"", ""sel_8th_pre_bid"": ""+68900"", ""sel_7th_pre_req_pre"": ""0"", ""sel_7th_pre_req"": ""107"", ""sel_7th_pre_bid"": ""+68800"", ""sel_6th_pre_req_pre"": ""0"", ""sel_6th_pre_req"": ""74"", ""sel_6th_pre_bid"": ""+68700"", ""sel_5th_pre_req_pre"": ""0"", ""sel_5th_pre_req"": ""120"", ""sel_5th_pre_bid"": ""+68600"", ""sel_4th_pre_req_pre"": ""0"", ""sel_4th_pre_req"": ""107"", ""sel_4th_pre_bid"": ""+68500"", ""sel_3th_pre_req_pre"": ""0"", ""sel_3th_pre_req"": ""10"", ""sel_3th_pre_bid"": ""+68400"", ""sel_2th_pre_req_pre"": ""0"", ""sel_2th_pre_req"": ""72"", ""sel_2th_pre_bid"": ""+68300"", ""sel_1th_pre_req_pre"": ""0"", ""sel_fpr_req"": ""122"", ""sel_fpr_bid"": ""+68000"", ""buy_fpr_bid"": ""+67700"", ""buy_fpr_req"": ""134"", ""buy_1th_pre_req_pre"": ""0"", ""buy_2th_pre_bid"": ""+67600"", ""buy_2th_pre_req"": ""73"", ""buy_2th_pre_req_pre"": ""0"", ""buy_3th_pre_bid"": ""+67500"", ""buy_3th_pre_req"": ""50"", ""buy_3th_pre_req_pre"": ""0"", ""buy_4th_pre_bid"": ""+67400"", ""buy_4th_pre_req"": ""137"", ""buy_4th_pre_req_pre"": ""0"", ""buy_5th_pre_bid"": ""+67300"", ""buy_5th_pre_req"": ""127"", ""buy_5th_pre_req_pre"": ""0"", ""buy_6th_pre_bid"": ""+67200"", ""buy_6th_pre_req"": ""127"", ""buy_6th_pre_req_pre"": ""0"", ""buy_7th_pre_bid"": ""+67100"", ""buy_7th_pre_req"": ""40"", ""buy_7th_pre_req_pre"": ""0"", ""buy_8th_pre_bid"": ""+67000"", ""buy_8th_pre_req"": ""459"", ""buy_8th_pre_req_pre"": ""0"", ""buy_9th_pre_bid"": ""+66900"", ""buy_9th_pre_req"": ""2"", ""buy_9th_pre_req_pre"": ""0"", ""buy_10th_pre_bid"": ""+66800"", ""buy_10th_pre_req"": ""25"", ""buy_10th_pre_req_pre"": ""0"", ""tot_sel_req_jub_pre"": ""0"", ""tot_sel_req"": ""1216"", ""tot_buy_req"": ""1174"", ""tot_buy_req_jub_pre"": ""0"", ""ovt_sel_req_pre"": ""0"", ""ovt_sel_req"": ""0"", ""ovt_buy_req"": ""0"", ""ovt_buy_req_pre"": ""0"", ""return_code"": 0, ""return_msg"": ""정상적으로 처리되었습니다""}"
2026-06-10,scan_candidate,195870,,0,main_scan,76800,,76800,76700,76800,77100,0.26041666666666663,0.13020833333333331,,,,,,"{""bid_req_base_tm"": ""105913"", ""sel_10th_pre_req_pre"": ""0"", ""sel_10th_pre_req"": ""155"", ""sel_10th_pre_bid"": ""+78000"", ""sel_9th_pre_req_pre"": ""0"", ""sel_9th_pre_req"": ""409"", ""sel_9th_pre_bid"": ""+77900"", ""sel_8th_pre_req_pre"": ""0"", ""sel_8th_pre_req"": ""3"", ""sel_8th_pre_bid"": ""+77800"", ""sel_7th_pre_req_pre"": ""0"", ""sel_7th_pre_req"": ""12"", ""sel_7th_pre_bid"": ""+77700"", ""sel_6th_pre_req_pre"": ""0"", ""sel_6th_pre_req"": ""112"", ""sel_6th_pre_bid"": ""+77500"", ""sel_5th_pre_req_pre"": ""0"", ""sel_5th_pre_req"": ""34"", ""sel_5th_pre_bid"": ""+77200"", ""sel_4th_pre_req_pre"": ""0"", ""sel_4th_pre_req"": ""303"", ""sel_4th_pre_bid"": ""+77100"", ""sel_3th_pre_req_pre"": ""+5"", ""sel_3th_pre_req"": ""37"", ""sel_3th_pre_bid"": ""+77000"", ""sel_2th_pre_req_pre"": ""0"", ""sel_2th_pre_req"": ""33"", ""sel_2th_pre_bid"": ""+76900"", ""sel_1th_pre_req_pre"": ""0"", ""sel_fpr_req"": ""8"", ""sel_fpr_bid"": ""+76800"", ""buy_fpr_bid"": ""+76700"", ""buy_fpr_req"": ""35"", ""buy_1th_pre_req_pre"": ""0"", ""buy_2th_pre_bid"": ""+76600"", ""buy_2th_pre_req"": ""134"", ""buy_2th_pre_req_pre"": ""0"", ""buy_3th_pre_bid"": ""+76500"", ""buy_3th_pre_req"": ""303"", ""buy_3th_pre_req_pre"": ""0"", ""buy_4th_pre_bid"": ""+76400"", ""buy_4th_pre_req"": ""251"", ""buy_4th_pre_req_pre"": ""0"", ""buy_5th_pre_bid"": ""+76300"", ""buy_5th_pre_req"": ""267"", ""buy_5th_pre_req_pre"": ""0"", ""buy_6th_pre_bid"": ""+76200"", ""buy_6th_pre_req"": ""313"", ""buy_6th_pre_req_pre"": ""0"", ""buy_7th_pre_bid"": ""+76100"", ""buy_7th_pre_req"": ""302"", ""buy_7th_pre_req_pre"": ""0"", ""buy_8th_pre_bid"": ""+76000"", ""buy_8th_pre_req"": ""240"", ""buy_8th_pre_req_pre"": ""0"", ""buy_9th_pre_bid"": ""+75900"", ""buy_9th_pre_req"": ""256"", ""buy_9th_pre_req_pre"": ""0"", ""buy_10th_pre_bid"": ""+75800"", ""buy_10th_pre_req"": ""251"", ""buy_10th_pre_req_pre"": ""0"", ""tot_sel_req_jub_pre"": ""+5"", ""tot_sel_req"": ""1106"", ""tot_buy_req"": ""2352"", ""tot_buy_req_jub_pre"": ""0"", ""ovt_sel_req_pre"": ""0"", ""ovt_sel_req"": ""0"", ""ovt_buy_req"": ""0"", ""ovt_buy_req_pre"": ""0"", ""return_code"": 0, ""return_msg"": ""정상적으로 처리되었습니다""}"
2026-06-10,scan_candidate,001820,,0,main_scan,116600,,116600,116500,116600,116500,-0.5145797598627788,0.08576329331046312,,,,,,"{""bid_req_base_tm"": ""105915"", ""sel_10th_pre_req_pre"": ""0"", ""sel_10th_pre_req"": ""2"", ""sel_10th_pre_bid"": ""-117600"", ""sel_9th_pre_req_pre"": ""0"", ""sel_9th_pre_req"": ""23"", ""sel_9th_pre_bid"": ""-117500"", ""sel_8th_pre_req_pre"": ""0"", ""sel_8th_pre_req"": ""102"", ""sel_8th_pre_bid"": ""-117400"", ""sel_7th_pre_req_pre"": ""0"", ""sel_7th_pre_req"": ""20"", ""sel_7th_pre_bid"": ""-117300"", ""sel_6th_pre_req_pre"": ""0"", ""sel_6th_pre_req"": ""43"", ""sel_6th_pre_bid"": ""-117100"", ""sel_5th_pre_req_pre"": ""0"", ""sel_5th_pre_req"": ""169"", ""sel_5th_pre_bid"": ""-117000"", ""sel_4th_pre_req_pre"": ""0"", ""sel_4th_pre_req"": ""10"", ""sel_4th_pre_bid"": ""-116900"", ""sel_3th_pre_req_pre"": ""0"", ""sel_3th_pre_req"": ""153"", ""sel_3th_pre_bid"": ""-116800"", ""sel_2th_pre_req_pre"": ""0"", ""sel_2th_pre_req"": ""261"", ""sel_2th_pre_bid"": ""-116700"", ""sel_1th_pre_req_pre"": ""0"", ""sel_fpr_req"": ""73"", ""sel_fpr_bid"": ""-116600"", ""buy_fpr_bid"": ""-116500"", ""buy_fpr_req"": ""26"", ""buy_1th_pre_req_pre"": ""0"", ""buy_2th_pre_bid"": ""-116400"", ""buy_2th_pre_req"": ""44"", ""buy_2th_pre_req_pre"": ""0"", ""buy_3th_pre_bid"": ""-116300"", ""buy_3th_pre_req"": ""220"", ""buy_3th_pre_req_pre"": ""0"", ""buy_4th_pre_bid"": ""-116200"", ""buy_4th_pre_req"": ""145"", ""buy_4th_pre_req_pre"": ""--3"", ""buy_5th_pre_bid"": ""-116100"", ""buy_5th_pre_req"": ""122"", ""buy_5th_pre_req_pre"": ""0"", ""buy_6th_pre_bid"": ""-116000"", ""buy_6th_pre_req"": ""224"", ""buy_6th_pre_req_pre"": ""0"", ""buy_7th_pre_bid"": ""-115900"", ""buy_7th_pre_req"": ""156"", ""buy_7th_pre_req_pre"": ""0"", ""buy_8th_pre_bid"": ""-115800"", ""buy_8th_pre_req"": ""210"", ""buy_8th_pre_req_pre"": ""0"", ""buy_9th_pre_bid"": ""-115700"", ""buy_9th_pre_req"": ""420"", ""buy_9th_pre_req_pre"": ""0"", ""buy_10th_pre_bid"": ""-115600"", ""buy_10th_pre_req"": ""69"", ""buy_10th_pre_req_pre"": ""0"", ""tot_sel_req_jub_pre"": ""0"", ""tot_sel_req"": ""856"", ""tot_buy_req"": ""1636"", ""tot_buy_req_jub_pre"": ""--3"", ""ovt_sel_req_pre"": ""0"", ""ovt_sel_req"": ""0"", ""ovt_buy_req"": ""0"", ""ovt_buy_req_pre"": ""0"", ""return_code"": 0, ""return_msg"": ""정상적으로 처리되었습니다""}"
2026-06-10,scan_candidate,000815,,0,main_scan,400000,,400000,399000,400000,399000,-0.375,0.25,,,,,,"{""bid_req_base_tm"": ""105915"", ""sel_10th_pre_req_pre"": ""0"", ""sel_10th_pre_req"": ""74"", ""sel_10th_pre_bid"": ""-405500"", ""sel_9th_pre_req_pre"": ""0"", ""sel_9th_pre_req"": ""62"", ""sel_9th_pre_bid"": ""-405000"", ""sel_8th_pre_req_pre"": ""0"", ""sel_8th_pre_req"": ""147"", ""sel_8th_pre_bid"": ""-404500"", ""sel_7th_pre_req_pre"": ""0"", ""sel_7th_pre_req"": ""109"", ""sel_7th_pre_bid"": ""-404000"", ""sel_6th_pre_req_pre"": ""0"", ""sel_6th_pre_req"": ""79"", ""sel_6th_pre_bid"": ""-403500"", ""sel_5th_pre_req_pre"": ""0"", ""sel_5th_pre_req"": ""94"", ""sel_5th_pre_bid"": ""-403000"", ""sel_4th_pre_req_pre"": ""0"", ""sel_4th_pre_req"": ""2"", ""sel_4th_pre_bid"": ""-402500"", ""sel_3th_pre_req_pre"": ""0"", ""sel_3th_pre_req"": ""139"", ""sel_3th_pre_bid"": ""-401500"", ""sel_2th_pre_req_pre"": ""0"", ""sel_2th_pre_req"": ""132"", ""sel_2th_pre_bid"": ""-401000"", ""sel_1th_pre_req_pre"": ""0"", ""sel_fpr_req"": ""12"", ""sel_fpr_bid"": ""-400000"", ""buy_fpr_bid"": ""-399000"", ""buy_fpr_req"": ""10"", ""buy_1th_pre_req_pre"": ""0"", ""buy_2th_pre_bid"": ""-398500"", ""buy_2th_pre_req"": ""2"", ""buy_2th_pre_req_pre"": ""0"", ""buy_3th_pre_bid"": ""-398000"", ""buy_3th_pre_req"": ""78"", ""buy_3th_pre_req_pre"": ""+52"", ""buy_4th_pre_bid"": ""-397500"", ""buy_4th_pre_req"": ""158"", ""buy_4th_pre_req_pre"": ""0"", ""buy_5th_pre_bid"": ""-397000"", ""buy_5th_pre_req"": ""84"", ""buy_5th_pre_req_pre"": ""0"", ""buy_6th_pre_bid"": ""-396500"", ""buy_6th_pre_req"": ""16"", ""buy_6th_pre_req_pre"": ""0"", ""buy_7th_pre_bid"": ""-396000"", ""buy_7th_pre_req"": ""44"", ""buy_7th_pre_req_pre"": ""0"", ""buy_8th_pre_bid"": ""-395500"", ""buy_8th_pre_req"": ""10"", ""buy_8th_pre_req_pre"": ""0"", ""buy_9th_pre_bid"": ""-395000"", ""buy_9th_pre_req"": ""63"", ""buy_9th_pre_req_pre"": ""0"", ""buy_10th_pre_bid"": ""-394500"", ""buy_10th_pre_req"": ""14"", ""buy_10th_pre_req_pre"": ""0"", ""tot_sel_req_jub_pre"": ""0"", ""tot_sel_req"": ""850"", ""tot_buy_req"": ""479"", ""tot_buy_req_jub_pre"": ""+52"", ""ovt_sel_req_pre"": ""0"", ""ovt_sel_req"": ""0"", ""ovt_buy_req"": ""0"", ""ovt_buy_req_pre"": ""0"", ""return_code"": 0, ""return_msg"": ""정상적으로 처리되었습니다""}"
2026-06-10,scan_candidate,499790,,0,main_scan,50900,,50900,50800,50900,50500,-0.9823182711198428,0.19646365422396855,,,,,,"{""bid_req_base_tm"": ""105916"", ""sel_10th_pre_req_pre"": ""0"", ""sel_10th_pre_req"": ""33"", ""sel_10th_pre_bid"": ""+51800"", ""sel_9th_pre_req_pre"": ""0"", ""sel_9th_pre_req"": ""371"", ""sel_9th_pre_bid"": ""+51700"", ""sel_8th_pre_req_pre"": ""0"", ""sel_8th_pre_req"": ""182"", ""sel_8th_pre_bid"": ""+51600"", ""sel_7th_pre_req_pre"": ""0"", ""sel_7th_pre_req"": ""769"", ""sel_7th_pre_bid"": ""+51500"", ""sel_6th_pre_req_pre"": ""0"", ""sel_6th_pre_req"": ""1031"", ""sel_6th_pre_bid"": ""+51400"", ""sel_5th_pre_req_pre"": ""0"", ""sel_5th_pre_req"": ""653"", ""sel_5th_pre_bid"": ""+51300"", ""sel_4th_pre_req_pre"": ""0"", ""sel_4th_pre_req"": ""1210"", ""sel_4th_pre_bid"": ""+51200"", ""sel_3th_pre_req_pre"": ""0"", ""sel_3th_pre_req"": ""1049"", ""sel_3th_pre_bid"": ""+51100"", ""sel_2th_pre_req_pre"": ""0"", ""sel_2th_pre_req"": ""816"", ""sel_2th_pre_bid"": ""+51000"", ""sel_1th_pre_req_pre"": ""0"", ""sel_fpr_req"": ""145"", ""sel_fpr_bid"": ""+50900"", ""buy_fpr_bid"": ""+50800"", ""buy_fpr_req"": ""1348"", ""buy_1th_pre_req_pre"": ""+2"", ""buy_2th_pre_bid"": ""+50700"", ""buy_2th_pre_req"": ""16"", ""buy_2th_pre_req_pre"": ""0"", ""buy_3th_pre_bid"": ""+50600"", ""buy_3th_pre_req"": ""57"", ""buy_3th_pre_req_pre"": ""0"", ""buy_4th_pre_bid"": ""+50500"", ""buy_4th_pre_req"": ""24"", ""buy_4th_pre_req_pre"": ""0"", ""buy_5th_pre_bid"": ""+50400"", ""buy_5th_pre_req"": ""5"", ""buy_5th_pre_req_pre"": ""0"", ""buy_6th_pre_bid"": ""+50300"", ""buy_6th_pre_req"": ""48"", ""buy_6th_pre_req_pre"": ""0"", ""buy_7th_pre_bid"": ""+50200"", ""buy_7th_pre_req"": ""2"", ""buy_7th_pre_req_pre"": ""0"", ""buy_8th_pre_bid"": ""+50100"", ""buy_8th_pre_req"": ""13"", ""buy_8th_pre_req_pre"": ""0"", ""buy_9th_pre_bid"": ""+50000"", ""buy_9th_pre_req"": ""46"", ""buy_9th_pre_req_pre"": ""0"", ""buy_10th_pre_bid"": ""+49950"", ""buy_10th_pre_req"": ""44"", ""buy_10th_pre_req_pre"": ""0"", ""tot_sel_req_jub_pre"": ""0"", ""tot_sel_req"": ""6259"", ""tot_buy_req"": ""1603"", ""tot_buy_req_jub_pre"": ""+2"", ""ovt_sel_req_pre"": ""0"", ""ovt_sel_req"": ""0"", ""ovt_buy_req"": ""0"", ""ovt_buy_req_pre"": ""0"", ""return_code"": 0, ""return_msg"": ""정상적으로 처리되었습니다""}"
2026-06-10,scan_candidate,100090,,0,main_scan,16400,,16400,16390,16400,16400,-0.3048780487804878,0.06097560975609756,,,,,,"{""bid_req_base_tm"": ""105915"", ""sel_10th_pre_req_pre"": ""0"", ""sel_10th_pre_req"": ""127"", ""sel_10th_pre_bid"": ""+16490"", ""sel_9th_pre_req_pre"": ""0"", ""sel_9th_pre_req"": ""109"", ""sel_9th_pre_bid"": ""+16480"", ""sel_8th_pre_req_pre"": ""0"", ""sel_8th_pre_req"": ""106"", ""sel_8th_pre_bid"": ""+16470"", ""sel_7th_pre_req_pre"": ""0"", ""sel_7th_pre_req"": ""271"", ""sel_7th_pre_bid"": ""+16460"", ""sel_6th_pre_req_pre"": ""0"", ""sel_6th_pre_req"": ""101"", ""sel_6th_pre_bid"": ""+16450"", ""sel_5th_pre_req_pre"": ""0"", ""sel_5th_pre_req"": ""131"", ""sel_5th_pre_bid"": ""+16440"", ""sel_4th_pre_req_pre"": ""0"", ""sel_4th_pre_req"": ""67"", ""sel_4th_pre_bid"": ""+16430"", ""sel_3th_pre_req_pre"": ""--29"", ""sel_3th_pre_req"": ""165"", ""sel_3th_pre_bid"": ""+16420"", ""sel_2th_pre_req_pre"": ""0"", ""sel_2th_pre_req"": ""168"", ""sel_2th_pre_bid"": ""+16410"", ""sel_1th_pre_req_pre"": ""+29"", ""sel_fpr_req"": ""676"", ""sel_fpr_bid"": ""+16400"", ""buy_fpr_bid"": ""+16390"", ""buy_fpr_req"": ""151"", ""buy_1th_pre_req_pre"": ""0"", ""buy_2th_pre_bid"": ""+16380"", ""buy_2th_pre_req"": ""529"", ""buy_2th_pre_req_pre"": ""0"", ""buy_3th_pre_bid"": ""+16370"", ""buy_3th_pre_req"": ""108"", ""buy_3th_pre_req_pre"": ""0"", ""buy_4th_pre_bid"": ""+16360"", ""buy_4th_pre_req"": ""248"", ""buy_4th_pre_req_pre"": ""0"", ""buy_5th_pre_bid"": ""+16350"", ""buy_5th_pre_req"": ""205"", ""buy_5th_pre_req_pre"": ""0"", ""buy_6th_pre_bid"": ""+16340"", ""buy_6th_pre_req"": ""181"", ""buy_6th_pre_req_pre"": ""0"", ""buy_7th_pre_bid"": ""+16330"", ""buy_7th_pre_req"": ""244"", ""buy_7th_pre_req_pre"": ""0"", ""buy_8th_pre_bid"": ""+16320"", ""buy_8th_pre_req"": ""545"", ""buy_8th_pre_req_pre"": ""0"", ""buy_9th_pre_bid"": ""+16310"", ""buy_9th_pre_req"": ""369"", ""buy_9th_pre_req_pre"": ""0"", ""buy_10th_pre_bid"": ""+16300"", ""buy_10th_pre_req"": ""581"", ""buy_10th_pre_req_pre"": ""0"", ""tot_sel_req_jub_pre"": ""0"", ""tot_sel_req"": ""1921"", ""tot_buy_req"": ""3161"", ""tot_buy_req_jub_pre"": ""0"", ""ovt_sel_req_pre"": ""0"", ""ovt_sel_req"": ""0"", ""ovt_buy_req"": ""0"", ""ovt_buy_req_pre"": ""0"", ""return_code"": 0, ""return_msg"": ""정상적으로 처리되었습니다""}"
2026-06-10,scan_candidate,003160,,0,main_scan,28550,,28550,28450,28550,28600,0.0,0.3502626970227671,,,,,,"{""bid_req_base_tm"": ""105915"", ""sel_10th_pre_req_pre"": ""0"", ""sel_10th_pre_req"": ""48"", ""sel_10th_pre_bid"": ""+29050"", ""sel_9th_pre_req_pre"": ""0"", ""sel_9th_pre_req"": ""2001"", ""sel_9th_pre_bid"": ""+29000"", ""sel_8th_pre_req_pre"": ""0"", ""sel_8th_pre_req"": ""310"", ""sel_8th_pre_bid"": ""+28950"", ""sel_7th_pre_req_pre"": ""0"", ""sel_7th_pre_req"": ""267"", ""sel_7th_pre_bid"": ""+28900"", ""sel_6th_pre_req_pre"": ""0"", ""sel_6th_pre_req"": ""66"", ""sel_6th_pre_bid"": ""+28850"", ""sel_5th_pre_req_pre"": ""0"", ""sel_5th_pre_req"": ""282"", ""sel_5th_pre_bid"": ""+28800"", ""sel_4th_pre_req_pre"": ""0"", ""sel_4th_pre_req"": ""150"", ""sel_4th_pre_bid"": ""+28750"", ""sel_3th_pre_req_pre"": ""0"", ""sel_3th_pre_req"": ""42"", ""sel_3th_pre_bid"": ""+28700"", ""sel_2th_pre_req_pre"": ""0"", ""sel_2th_pre_req"": ""67"", ""sel_2th_pre_bid"": ""+28650"", ""sel_1th_pre_req_pre"": ""0"", ""sel_fpr_req"": ""338"", ""sel_fpr_bid"": ""+28550"", ""buy_fpr_bid"": ""+28450"", ""buy_fpr_req"": ""248"", ""buy_1th_pre_req_pre"": ""0"", ""buy_2th_pre_bid"": ""+28400"", ""buy_2th_pre_req"": ""176"", ""buy_2th_pre_req_pre"": ""0"", ""buy_3th_pre_bid"": ""+28350"", ""buy_3th_pre_req"": ""460"", ""buy_3th_pre_req_pre"": ""0"", ""buy_4th_pre_bid"": ""+28300"", ""buy_4th_pre_req"": ""1413"", ""buy_4th_pre_req_pre"": ""0"", ""buy_5th_pre_bid"": ""+28250"", ""buy_5th_pre_req"": ""69"", ""buy_5th_pre_req_pre"": ""0"", ""buy_6th_pre_bid"": ""+28200"", ""buy_6th_pre_req"": ""1151"", ""buy_6th_pre_req_pre"": ""0"", ""buy_7th_pre_bid"": ""+28150"", ""buy_7th_pre_req"": ""383"", ""buy_7th_pre_req_pre"": ""0"", ""buy_8th_pre_bid"": ""+28100"", ""buy_8th_pre_req"": ""814"", ""buy_8th_pre_req_pre"": ""0"", ""buy_9th_pre_bid"": ""28050"", ""buy_9th_pre_req"": ""494"", ""buy_9th_pre_req_pre"": ""0"", ""buy_10th_pre_bid"": ""-28000"", ""buy_10th_pre_req"": ""558"", ""buy_10th_pre_req_pre"": ""0"", ""tot_sel_req_jub_pre"": ""0"", ""tot_sel_req"": ""3571"", ""tot_buy_req"": ""5766"", ""tot_buy_req_jub_pre"": ""0"", ""ovt_sel_req_pre"": ""0"", ""ovt_sel_req"": ""0"", ""ovt_buy_req"": ""0"", ""ovt_buy_req_pre"": ""0"", ""return_code"": 0, ""return_msg"": ""정상적으로 처리되었습니다""}"
2026-06-10,scan_candidate,000370,,0,main_scan,6500,,6500,6490,6500,6500,-0.15384615384615385,0.15384615384615385,,,,,,"{""bid_req_base_tm"": ""105908"", ""sel_10th_pre_req_pre"": ""0"", ""sel_10th_pre_req"": ""311"", ""sel_10th_pre_bid"": ""+6590"", ""sel_9th_pre_req_pre"": ""0"", ""sel_9th_pre_req"": ""111"", ""sel_9th_pre_bid"": ""+6580"", ""sel_8th_pre_req_pre"": ""0"", ""sel_8th_pre_req"": ""752"", ""sel_8th_pre_bid"": ""+6570"", ""sel_7th_pre_req_pre"": ""0"", ""sel_7th_pre_req"": ""3"", ""sel_7th_pre_bid"": ""+6560"", ""sel_6th_pre_req_pre"": ""0"", ""sel_6th_pre_req"": ""1482"", ""sel_6th_pre_bid"": ""+6550"", ""sel_5th_pre_req_pre"": ""0"", ""sel_5th_pre_req"": ""16"", ""sel_5th_pre_bid"": ""+6540"", ""sel_4th_pre_req_pre"": ""0"", ""sel_4th_pre_req"": ""630"", ""sel_4th_pre_bid"": ""+6530"", ""sel_3th_pre_req_pre"": ""0"", ""sel_3th_pre_req"": ""185"", ""sel_3th_pre_bid"": ""+6520"", ""sel_2th_pre_req_pre"": ""0"", ""sel_2th_pre_req"": ""665"", ""sel_2th_pre_bid"": ""+6510"", ""sel_1th_pre_req_pre"": ""+68"", ""sel_fpr_req"": ""92"", ""sel_fpr_bid"": ""+6500"", ""buy_fpr_bid"": ""+6490"", ""buy_fpr_req"": ""654"", ""buy_1th_pre_req_pre"": ""0"", ""buy_2th_pre_bid"": ""+6480"", ""buy_2th_pre_req"": ""1477"", ""buy_2th_pre_req_pre"": ""0"", ""buy_3th_pre_bid"": ""+6470"", ""buy_3th_pre_req"": ""125"", ""buy_3th_pre_req_pre"": ""0"", ""buy_4th_pre_bid"": ""+6460"", ""buy_4th_pre_req"": ""132"", ""buy_4th_pre_req_pre"": ""0"", ""buy_5th_pre_bid"": ""6450"", ""buy_5th_pre_req"": ""310"", ""buy_5th_pre_req_pre"": ""0"", ""buy_6th_pre_bid"": ""-6440"", ""buy_6th_pre_req"": ""130"", ""buy_6th_pre_req_pre"": ""0"", ""buy_7th_pre_bid"": ""-6430"", ""buy_7th_pre_req"": ""1053"", ""buy_7th_pre_req_pre"": ""0"", ""buy_8th_pre_bid"": ""-6420"", ""buy_8th_pre_req"": ""156"", ""buy_8th_pre_req_pre"": ""0"", ""buy_9th_pre_bid"": ""-6410"", ""buy_9th_pre_req"": ""354"", ""buy_9th_pre_req_pre"": ""0"", ""buy_10th_pre_bid"": ""-6400"", ""buy_10th_pre_req"": ""4221"", ""buy_10th_pre_req_pre"": ""0"", ""tot_sel_req_jub_pre"": ""+68"", ""tot_sel_req"": ""4247"", ""tot_buy_req"": ""8612"", ""tot_buy_req_jub_pre"": ""0"", ""ovt_sel_req_pre"": ""0"", ""ovt_sel_req"": ""0"", ""ovt_buy_req"": ""0"", ""ovt_buy_req_pre"": ""0"", ""return_code"": 0, ""return_msg"": ""정상적으로 처리되었습니다""}"
2026-06-10,scan_candidate,114090,,0,main_scan,12040,,12040,12030,12040,12000,-0.7475083056478405,0.08305647840531562,,,,,,"{""bid_req_base_tm"": ""105913"", ""sel_10th_pre_req_pre"": ""0"", ""sel_10th_pre_req"": ""1133"", ""sel_10th_pre_bid"": ""+12150"", ""sel_9th_pre_req_pre"": ""0"", ""sel_9th_pre_req"": ""133"", ""sel_9th_pre_bid"": ""+12140"", ""sel_8th_pre_req_pre"": ""0"", ""sel_8th_pre_req"": ""470"", ""sel_8th_pre_bid"": ""+12130"", ""sel_7th_pre_req_pre"": ""0"", ""sel_7th_pre_req"": ""56"", ""sel_7th_pre_bid"": ""+12120"", ""sel_6th_pre_req_pre"": ""0"", ""sel_6th_pre_req"": ""1958"", ""sel_6th_pre_bid"": ""+12110"", ""sel_5th_pre_req_pre"": ""0"", ""sel_5th_pre_req"": ""27"", ""sel_5th_pre_bid"": ""+12100"", ""sel_4th_pre_req_pre"": ""0"", ""sel_4th_pre_req"": ""6"", ""sel_4th_pre_bid"": ""+12090"", ""sel_3th_pre_req_pre"": ""0"", ""sel_3th_pre_req"": ""10"", ""sel_3th_pre_bid"": ""+12060"", ""sel_2th_pre_req_pre"": ""0"", ""sel_2th_pre_req"": ""79"", ""sel_2th_pre_bid"": ""+12050"", ""sel_1th_pre_req_pre"": ""+46"", ""sel_fpr_req"": ""126"", ""sel_fpr_bid"": ""+12040"", ""buy_fpr_bid"": ""+12030"", ""buy_fpr_req"": ""448"", ""buy_1th_pre_req_pre"": ""0"", ""buy_2th_pre_bid"": ""+12020"", ""buy_2th_pre_req"": ""16"", ""buy_2th_pre_req_pre"": ""0"", ""buy_3th_pre_bid"": ""+12010"", ""buy_3th_pre_req"": ""174"", ""buy_3th_pre_req_pre"": ""0"", ""buy_4th_pre_bid"": ""+12000"", ""buy_4th_pre_req"": ""1331"", ""buy_4th_pre_req_pre"": ""0"", ""buy_5th_pre_bid"": ""+11990"", ""buy_5th_pre_req"": ""100"", ""buy_5th_pre_req_pre"": ""0"", ""buy_6th_pre_bid"": ""+11980"", ""buy_6th_pre_req"": ""189"", ""buy_6th_pre_req_pre"": ""0"", ""buy_7th_pre_bid"": ""+11960"", ""buy_7th_pre_req"": ""50"", ""buy_7th_pre_req_pre"": ""0"", ""buy_8th_pre_bid"": ""11950"", ""buy_8th_pre_req"": ""457"", ""buy_8th_pre_req_pre"": ""0"", ""buy_9th_pre_bid"": ""-11930"", ""buy_9th_pre_req"": ""6"", ""buy_9th_pre_req_pre"": ""0"", ""buy_10th_pre_bid"": ""-11910"", ""buy_10th_pre_req"": ""8"", ""buy_10th_pre_req_pre"": ""0"", ""tot_sel_req_jub_pre"": ""+46"", ""tot_sel_req"": ""3998"", ""tot_buy_req"": ""2779"", ""tot_buy_req_jub_pre"": ""0"", ""ovt_sel_req_pre"": ""0"", ""ovt_sel_req"": ""0"", ""ovt_buy_req"": ""0"", ""ovt_buy_req_pre"": ""0"", ""return_code"": 0, ""return_msg"": ""정상적으로 처리되었습니다""}"
2026-06-10,scan_candidate,005090,,0,main_scan,52400,,52400,52200,52400,52200,-0.5725190839694656,0.38167938931297707,,,,,,"{""bid_req_base_tm"": ""105917"", ""sel_10th_pre_req_pre"": ""+2"", ""sel_10th_pre_req"": ""67"", ""sel_10th_pre_bid"": ""+53300"", ""sel_9th_pre_req_pre"": ""0"", ""sel_9th_pre_req"": ""99"", ""sel_9th_pre_bid"": ""+53200"", ""sel_8th_pre_req_pre"": ""0"", ""sel_8th_pre_req"": ""73"", ""sel_8th_pre_bid"": ""+53100"", ""sel_7th_pre_req_pre"": ""0"", ""sel_7th_pre_req"": ""376"", ""sel_7th_pre_bid"": ""+53000"", ""sel_6th_pre_req_pre"": ""0"", ""sel_6th_pre_req"": ""7"", ""sel_6th_pre_bid"": ""+52900"", ""sel_5th_pre_req_pre"": ""0"", ""sel_5th_pre_req"": ""7"", ""sel_5th_pre_bid"": ""+52800"", ""sel_4th_pre_req_pre"": ""0"", ""sel_4th_pre_req"": ""124"", ""sel_4th_pre_bid"": ""+52700"", ""sel_3th_pre_req_pre"": ""0"", ""sel_3th_pre_req"": ""48"", ""sel_3th_pre_bid"": ""+52600"", ""sel_2th_pre_req_pre"": ""0"", ""sel_2th_pre_req"": ""75"", ""sel_2th_pre_bid"": ""+52500"", ""sel_1th_pre_req_pre"": ""0"", ""sel_fpr_req"": ""32"", ""sel_fpr_bid"": ""+52400"", ""buy_fpr_bid"": ""+52200"", ""buy_fpr_req"": ""5"", ""buy_1th_pre_req_pre"": ""0"", ""buy_2th_pre_bid"": ""+52100"", ""buy_2th_pre_req"": ""23"", ""buy_2th_pre_req_pre"": ""0"", ""buy_3th_pre_bid"": ""+52000"", ""buy_3th_pre_req"": ""180"", ""buy_3th_pre_req_pre"": ""0"", ""buy_4th_pre_bid"": ""+51900"", ""buy_4th_pre_req"": ""36"", ""buy_4th_pre_req_pre"": ""0"", ""buy_5th_pre_bid"": ""+51800"", ""buy_5th_pre_req"": ""3"", ""buy_5th_pre_req_pre"": ""0"", ""buy_6th_pre_bid"": ""+51700"", ""buy_6th_pre_req"": ""21"", ""buy_6th_pre_req_pre"": ""0"", ""buy_7th_pre_bid"": ""+51600"", ""buy_7th_pre_req"": ""126"", ""buy_7th_pre_req_pre"": ""0"", ""buy_8th_pre_bid"": ""+51500"", ""buy_8th_pre_req"": ""165"", ""buy_8th_pre_req_pre"": ""0"", ""buy_9th_pre_bid"": ""+51400"", ""buy_9th_pre_req"": ""99"", ""buy_9th_pre_req_pre"": ""0"", ""buy_10th_pre_bid"": ""+51300"", ""buy_10th_pre_req"": ""111"", ""buy_10th_pre_req_pre"": ""0"", ""tot_sel_req_jub_pre"": ""+2"", ""tot_sel_req"": ""908"", ""tot_buy_req"": ""769"", ""tot_buy_req_jub_pre"": ""0"", ""ovt_sel_req_pre"": ""0"", ""ovt_sel_req"": ""0"", ""ovt_buy_req"": ""0"", ""ovt_buy_req_pre"": ""0"", ""return_code"": 0, ""return_msg"": ""정상적으로 처리되었습니다""}"
2026-06-10,scan_candidate,017900,,0,main_scan,9460,,9460,9450,9460,9470,0.0,0.10570824524312897,,,,,,"{""bid_req_base_tm"": ""105917"", ""sel_10th_pre_req_pre"": ""0"", ""sel_10th_pre_req"": ""298"", ""sel_10th_pre_bid"": ""+9550"", ""sel_9th_pre_req_pre"": ""0"", ""sel_9th_pre_req"": ""81"", ""sel_9th_pre_bid"": ""+9540"", ""sel_8th_pre_req_pre"": ""0"", ""sel_8th_pre_req"": ""1036"", ""sel_8th_pre_bid"": ""+9530"", ""sel_7th_pre_req_pre"": ""0"", ""sel_7th_pre_req"": ""27"", ""sel_7th_pre_bid"": ""+9520"", ""sel_6th_pre_req_pre"": ""0"", ""sel_6th_pre_req"": ""7"", ""sel_6th_pre_bid"": ""+9510"", ""sel_5th_pre_req_pre"": ""0"", ""sel_5th_pre_req"": ""112"", ""sel_5th_pre_bid"": ""+9500"", ""sel_4th_pre_req_pre"": ""0"", ""sel_4th_pre_req"": ""2"", ""sel_4th_pre_bid"": ""+9490"", ""sel_3th_pre_req_pre"": ""0"", ""sel_3th_pre_req"": ""2611"", ""sel_3th_pre_bid"": ""+9480"", ""sel_2th_pre_req_pre"": ""0"", ""sel_2th_pre_req"": ""7908"", ""sel_2th_pre_bid"": ""+9470"", ""sel_1th_pre_req_pre"": ""0"", ""sel_fpr_req"": ""483"", ""sel_fpr_bid"": ""+9460"", ""buy_fpr_bid"": ""+9450"", ""buy_fpr_req"": ""3171"", ""buy_1th_pre_req_pre"": ""0"", ""buy_2th_pre_bid"": ""+9440"", ""buy_2th_pre_req"": ""1947"", ""buy_2th_pre_req_pre"": ""0"", ""buy_3th_pre_bid"": ""+9430"", ""buy_3th_pre_req"": ""822"", ""buy_3th_pre_req_pre"": ""0"", ""buy_4th_pre_bid"": ""+9420"", ""buy_4th_pre_req"": ""1470"", ""buy_4th_pre_req_pre"": ""0"", ""buy_5th_pre_bid"": ""+9410"", ""buy_5th_pre_req"": ""4848"", ""buy_5th_pre_req_pre"": ""0"", ""buy_6th_pre_bid"": ""+9400"", ""buy_6th_pre_req"": ""8757"", ""buy_6th_pre_req_pre"": ""0"", ""buy_7th_pre_bid"": ""+9390"", ""buy_7th_pre_req"": ""1695"", ""buy_7th_pre_req_pre"": ""0"", ""buy_8th_pre_bid"": ""+9380"", ""buy_8th_pre_req"": ""1902"", ""buy_8th_pre_req_pre"": ""0"", ""buy_9th_pre_bid"": ""+9370"", ""buy_9th_pre_req"": ""1580"", ""buy_9th_pre_req_pre"": ""0"", ""buy_10th_pre_bid"": ""+9360"", ""buy_10th_pre_req"": ""1446"", ""buy_10th_pre_req_pre"": ""0"", ""tot_sel_req_jub_pre"": ""0"", ""tot_sel_req"": ""12565"", ""tot_buy_req"": ""27638"", ""tot_buy_req_jub_pre"": ""0"", ""ovt_sel_req_pre"": ""0"", ""ovt_sel_req"": ""0"", ""ovt_buy_req"": ""0"", ""ovt_buy_req_pre"": ""0"", ""return_code"": 0, ""return_msg"": ""정상적으로 처리되었습니다""}"
2026-06-10,scan_candidate,004710,,0,main_scan,10980,,10980,10960,10980,11000,-0.273224043715847,0.18214936247723132,,,,,,"{""bid_req_base_tm"": ""105915"", ""sel_10th_pre_req_pre"": ""0"", ""sel_10th_pre_req"": ""247"", ""sel_10th_pre_bid"": ""+11150"", ""sel_9th_pre_req_pre"": ""0"", ""sel_9th_pre_req"": ""187"", ""sel_9th_pre_bid"": ""+11100"", ""sel_8th_pre_req_pre"": ""0"", ""sel_8th_pre_req"": ""100"", ""sel_8th_pre_bid"": ""+11090"", ""sel_7th_pre_req_pre"": ""0"", ""sel_7th_pre_req"": ""2"", ""sel_7th_pre_bid"": ""+11080"", ""sel_6th_pre_req_pre"": ""0"", ""sel_6th_pre_req"": ""90"", ""sel_6th_pre_bid"": ""+11070"", ""sel_5th_pre_req_pre"": ""0"", ""sel_5th_pre_req"": ""300"", ""sel_5th_pre_bid"": ""+11050"", ""sel_4th_pre_req_pre"": ""0"", ""sel_4th_pre_req"": ""38"", ""sel_4th_pre_bid"": ""+11030"", ""sel_3th_pre_req_pre"": ""0"", ""sel_3th_pre_req"": ""33"", ""sel_3th_pre_bid"": ""+11010"", ""sel_2th_pre_req_pre"": ""0"", ""sel_2th_pre_req"": ""230"", ""sel_2th_pre_bid"": ""+11000"", ""sel_1th_pre_req_pre"": ""0"", ""sel_fpr_req"": ""361"", ""sel_fpr_bid"": ""+10980"", ""buy_fpr_bid"": ""+10960"", ""buy_fpr_req"": ""221"", ""buy_1th_pre_req_pre"": ""--7"", ""buy_2th_pre_bid"": ""+10950"", ""buy_2th_pre_req"": ""1139"", ""buy_2th_pre_req_pre"": ""0"", ""buy_3th_pre_bid"": ""+10930"", ""buy_3th_pre_req"": ""89"", ""buy_3th_pre_req_pre"": ""0"", ""buy_4th_pre_bid"": ""+10920"", ""buy_4th_pre_req"": ""331"", ""buy_4th_pre_req_pre"": ""0"", ""buy_5th_pre_bid"": ""+10910"", ""buy_5th_pre_req"": ""510"", ""buy_5th_pre_req_pre"": ""0"", ""buy_6th_pre_bid"": ""+10900"", ""buy_6th_pre_req"": ""509"", ""buy_6th_pre_req_pre"": ""0"", ""buy_7th_pre_bid"": ""+10890"", ""buy_7th_pre_req"": ""70"", ""buy_7th_pre_req_pre"": ""0"", ""buy_8th_pre_bid"": ""+10880"", ""buy_8th_pre_req"": ""132"", ""buy_8th_pre_req_pre"": ""0"", ""buy_9th_pre_bid"": ""+10870"", ""buy_9th_pre_req"": ""268"", ""buy_9th_pre_req_pre"": ""0"", ""buy_10th_pre_bid"": ""+10850"", ""buy_10th_pre_req"": ""468"", ""buy_10th_pre_req_pre"": ""0"", ""tot_sel_req_jub_pre"": ""0"", ""tot_sel_req"": ""1588"", ""tot_buy_req"": ""3737"", ""tot_buy_req_jub_pre"": ""--7"", ""ovt_sel_req_pre"": ""0"", ""ovt_sel_req"": ""0"", ""ovt_buy_req"": ""0"", ""ovt_buy_req_pre"": ""0"", ""return_code"": 0, ""return_msg"": ""정상적으로 처리되었습니다""}"
2026-06-10,scan_candidate,006220,,0,main_scan,11730,,11730,11720,11730,11700,-0.6820119352088662,0.08525149190110827,,,,,,"{""bid_req_base_tm"": ""105918"", ""sel_10th_pre_req_pre"": ""0"", ""sel_10th_pre_req"": ""37"", ""sel_10th_pre_bid"": ""+11830"", ""sel_9th_pre_req_pre"": ""0"", ""sel_9th_pre_req"": ""247"", ""sel_9th_pre_bid"": ""+11820"", ""sel_8th_pre_req_pre"": ""0"", ""sel_8th_pre_req"": ""295"", ""sel_8th_pre_bid"": ""+11810"", ""sel_7th_pre_req_pre"": ""0"", ""sel_7th_pre_req"": ""4176"", ""sel_7th_pre_bid"": ""+11800"", ""sel_6th_pre_req_pre"": ""0"", ""sel_6th_pre_req"": ""307"", ""sel_6th_pre_bid"": ""+11790"", ""sel_5th_pre_req_pre"": ""0"", ""sel_5th_pre_req"": ""1867"", ""sel_5th_pre_bid"": ""+11780"", ""sel_4th_pre_req_pre"": ""0"", ""sel_4th_pre_req"": ""1157"", ""sel_4th_pre_bid"": ""+11770"", ""sel_3th_pre_req_pre"": ""0"", ""sel_3th_pre_req"": ""1324"", ""sel_3th_pre_bid"": ""+11760"", ""sel_2th_pre_req_pre"": ""0"", ""sel_2th_pre_req"": ""835"", ""sel_2th_pre_bid"": ""+11750"", ""sel_1th_pre_req_pre"": ""--43"", ""sel_fpr_req"": ""7"", ""sel_fpr_bid"": ""+11730"", ""buy_fpr_bid"": ""+11720"", ""buy_fpr_req"": ""178"", ""buy_1th_pre_req_pre"": ""0"", ""buy_2th_pre_bid"": ""+11710"", ""buy_2th_pre_req"": ""721"", ""buy_2th_pre_req_pre"": ""0"", ""buy_3th_pre_bid"": ""+11700"", ""buy_3th_pre_req"": ""954"", ""buy_3th_pre_req_pre"": ""0"", ""buy_4th_pre_bid"": ""+11690"", ""buy_4th_pre_req"": ""1099"", ""buy_4th_pre_req_pre"": ""0"", ""buy_5th_pre_bid"": ""+11680"", ""buy_5th_pre_req"": ""224"", ""buy_5th_pre_req_pre"": ""0"", ""buy_6th_pre_bid"": ""+11670"", ""buy_6th_pre_req"": ""21"", ""buy_6th_pre_req_pre"": ""0"", ""buy_7th_pre_bid"": ""+11660"", ""buy_7th_pre_req"": ""50"", ""buy_7th_pre_req_pre"": ""0"", ""buy_8th_pre_bid"": ""+11650"", ""buy_8th_pre_req"": ""282"", ""buy_8th_pre_req_pre"": ""0"", ""buy_9th_pre_bid"": ""+11640"", ""buy_9th_pre_req"": ""787"", ""buy_9th_pre_req_pre"": ""0"", ""buy_10th_pre_bid"": ""+11630"", ""buy_10th_pre_req"": ""11"", ""buy_10th_pre_req_pre"": ""0"", ""tot_sel_req_jub_pre"": ""--43"", ""tot_sel_req"": ""10252"", ""tot_buy_req"": ""4327"", ""tot_buy_req_jub_pre"": ""0"", ""ovt_sel_req_pre"": ""0"", ""ovt_sel_req"": ""0"", ""ovt_buy_req"": ""0"", ""ovt_buy_req_pre"": ""0"", ""return_code"": 0, ""return_msg"": ""정상적으로 처리되었습니다""}"
2026-06-10,scan_candidate,092200,,0,main_scan,9600,,9600,9590,9600,9630,0.20833333333333334,0.10416666666666667,,,,,,"{""bid_req_base_tm"": ""105918"", ""sel_10th_pre_req_pre"": ""0"", ""sel_10th_pre_req"": ""5"", ""sel_10th_pre_bid"": ""-9690"", ""sel_9th_pre_req_pre"": ""0"", ""sel_9th_pre_req"": ""202"", ""sel_9th_pre_bid"": ""-9680"", ""sel_8th_pre_req_pre"": ""0"", ""sel_8th_pre_req"": ""2"", ""sel_8th_pre_bid"": ""-9670"", ""sel_7th_pre_req_pre"": ""0"", ""sel_7th_pre_req"": ""113"", ""sel_7th_pre_bid"": ""-9660"", ""sel_6th_pre_req_pre"": ""0"", ""sel_6th_pre_req"": ""357"", ""sel_6th_pre_bid"": ""-9650"", ""sel_5th_pre_req_pre"": ""0"", ""sel_5th_pre_req"": ""950"", ""sel_5th_pre_bid"": ""-9640"", ""sel_4th_pre_req_pre"": ""0"", ""sel_4th_pre_req"": ""158"", ""sel_4th_pre_bid"": ""-9630"", ""sel_3th_pre_req_pre"": ""0"", ""sel_3th_pre_req"": ""233"", ""sel_3th_pre_bid"": ""-9620"", ""sel_2th_pre_req_pre"": ""0"", ""sel_2th_pre_req"": ""174"", ""sel_2th_pre_bid"": ""-9610"", ""sel_1th_pre_req_pre"": ""0"", ""sel_fpr_req"": ""214"", ""sel_fpr_bid"": ""-9600"", ""buy_fpr_bid"": ""-9590"", ""buy_fpr_req"": ""1358"", ""buy_1th_pre_req_pre"": ""0"", ""buy_2th_pre_bid"": ""-9580"", ""buy_2th_pre_req"": ""1491"", ""buy_2th_pre_req_pre"": ""0"", ""buy_3th_pre_bid"": ""-9570"", ""buy_3th_pre_req"": ""962"", ""buy_3th_pre_req_pre"": ""0"", ""buy_4th_pre_bid"": ""-9560"", ""buy_4th_pre_req"": ""1161"", ""buy_4th_pre_req_pre"": ""0"", ""buy_5th_pre_bid"": ""-9550"", ""buy_5th_pre_req"": ""281"", ""buy_5th_pre_req_pre"": ""+1"", ""buy_6th_pre_bid"": ""-9540"", ""buy_6th_pre_req"": ""544"", ""buy_6th_pre_req_pre"": ""0"", ""buy_7th_pre_bid"": ""-9530"", ""buy_7th_pre_req"": ""2161"", ""buy_7th_pre_req_pre"": ""0"", ""buy_8th_pre_bid"": ""-9520"", ""buy_8th_pre_req"": ""2147"", ""buy_8th_pre_req_pre"": ""0"", ""buy_9th_pre_bid"": ""-9510"", ""buy_9th_pre_req"": ""2883"", ""buy_9th_pre_req_pre"": ""0"", ""buy_10th_pre_bid"": ""-9500"", ""buy_10th_pre_req"": ""5702"", ""buy_10th_pre_req_pre"": ""0"", ""tot_sel_req_jub_pre"": ""0"", ""tot_sel_req"": ""2408"", ""tot_buy_req"": ""18690"", ""tot_buy_req_jub_pre"": ""+1"", ""ovt_sel_req_pre"": ""0"", ""ovt_sel_req"": ""0"", ""ovt_buy_req"": ""0"", ""ovt_buy_req_pre"": ""0"", ""return_code"": 0, ""return_msg"": ""정상적으로 처리되었습니다""}"
2026-06-10,scan_candidate,010820,,0,main_scan,8120,,8120,8080,8120,8120,-0.12315270935960591,0.49261083743842365,,,,,,"{""bid_req_base_tm"": ""105916"", ""sel_10th_pre_req_pre"": ""0"", ""sel_10th_pre_req"": ""124"", ""sel_10th_pre_bid"": ""+8220"", ""sel_9th_pre_req_pre"": ""0"", ""sel_9th_pre_req"": ""254"", ""sel_9th_pre_bid"": ""+8210"", ""sel_8th_pre_req_pre"": ""0"", ""sel_8th_pre_req"": ""272"", ""sel_8th_pre_bid"": ""+8200"", ""sel_7th_pre_req_pre"": ""0"", ""sel_7th_pre_req"": ""83"", ""sel_7th_pre_bid"": ""+8190"", ""sel_6th_pre_req_pre"": ""0"", ""sel_6th_pre_req"": ""203"", ""sel_6th_pre_bid"": ""+8180"", ""sel_5th_pre_req_pre"": ""0"", ""sel_5th_pre_req"": ""1040"", ""sel_5th_pre_bid"": ""+8170"", ""sel_4th_pre_req_pre"": ""0"", ""sel_4th_pre_req"": ""1511"", ""sel_4th_pre_bid"": ""+8150"", ""sel_3th_pre_req_pre"": ""0"", ""sel_3th_pre_req"": ""1006"", ""sel_3th_pre_bid"": ""+8140"", ""sel_2th_pre_req_pre"": ""0"", ""sel_2th_pre_req"": ""212"", ""sel_2th_pre_bid"": ""+8130"", ""sel_1th_pre_req_pre"": ""0"", ""sel_fpr_req"": ""98"", ""sel_fpr_bid"": ""+8120"", ""buy_fpr_bid"": ""+8080"", ""buy_fpr_req"": ""8"", ""buy_1th_pre_req_pre"": ""0"", ""buy_2th_pre_bid"": ""+8070"", ""buy_2th_pre_req"": ""85"", ""buy_2th_pre_req_pre"": ""+60"", ""buy_3th_pre_bid"": ""+8060"", ""buy_3th_pre_req"": ""756"", ""buy_3th_pre_req_pre"": ""0"", ""buy_4th_pre_bid"": ""+8050"", ""buy_4th_pre_req"": ""2358"", ""buy_4th_pre_req_pre"": ""0"", ""buy_5th_pre_bid"": ""+8040"", ""buy_5th_pre_req"": ""666"", ""buy_5th_pre_req_pre"": ""0"", ""buy_6th_pre_bid"": ""+8030"", ""buy_6th_pre_req"": ""240"", ""buy_6th_pre_req_pre"": ""0"", ""buy_7th_pre_bid"": ""+8020"", ""buy_7th_pre_req"": ""1125"", ""buy_7th_pre_req_pre"": ""0"", ""buy_8th_pre_bid"": ""+8010"", ""buy_8th_pre_req"": ""499"", ""buy_8th_pre_req_pre"": ""0"", ""buy_9th_pre_bid"": ""+8000"", ""buy_9th_pre_req"": ""6260"", ""buy_9th_pre_req_pre"": ""0"", ""buy_10th_pre_bid"": ""+7990"", ""buy_10th_pre_req"": ""1196"", ""buy_10th_pre_req_pre"": ""0"", ""tot_sel_req_jub_pre"": ""0"", ""tot_sel_req"": ""4803"", ""tot_buy_req"": ""13193"", ""tot_buy_req_jub_pre"": ""+60"", ""ovt_sel_req_pre"": ""0"", ""ovt_sel_req"": ""0"", ""ovt_buy_req"": ""0"", ""ovt_buy_req_pre"": ""0"", ""return_code"": 0, ""return_msg"": ""정상적으로 처리되었습니다""}"
2026-06-10,scan_candidate,000430,,0,main_scan,5710,,5710,5700,5710,5710,-0.17513134851138354,0.17513134851138354,,,,,,"{""bid_req_base_tm"": ""105918"", ""sel_10th_pre_req_pre"": ""0"", ""sel_10th_pre_req"": ""3304"", ""sel_10th_pre_bid"": ""-5800"", ""sel_9th_pre_req_pre"": ""0"", ""sel_9th_pre_req"": ""1710"", ""sel_9th_pre_bid"": ""-5790"", ""sel_8th_pre_req_pre"": ""0"", ""sel_8th_pre_req"": ""1612"", ""sel_8th_pre_bid"": ""-5780"", ""sel_7th_pre_req_pre"": ""0"", ""sel_7th_pre_req"": ""1570"", ""sel_7th_pre_bid"": ""-5770"", ""sel_6th_pre_req_pre"": ""0"", ""sel_6th_pre_req"": ""328"", ""sel_6th_pre_bid"": ""-5760"", ""sel_5th_pre_req_pre"": ""0"", ""sel_5th_pre_req"": ""1241"", ""sel_5th_pre_bid"": ""-5750"", ""sel_4th_pre_req_pre"": ""0"", ""sel_4th_pre_req"": ""1332"", ""sel_4th_pre_bid"": ""-5740"", ""sel_3th_pre_req_pre"": ""0"", ""sel_3th_pre_req"": ""1281"", ""sel_3th_pre_bid"": ""-5730"", ""sel_2th_pre_req_pre"": ""0"", ""sel_2th_pre_req"": ""1370"", ""sel_2th_pre_bid"": ""-5720"", ""sel_1th_pre_req_pre"": ""0"", ""sel_fpr_req"": ""864"", ""sel_fpr_bid"": ""-5710"", ""buy_fpr_bid"": ""-5700"", ""buy_fpr_req"": ""1841"", ""buy_1th_pre_req_pre"": ""+263"", ""buy_2th_pre_bid"": ""-5690"", ""buy_2th_pre_req"": ""2008"", ""buy_2th_pre_req_pre"": ""0"", ""buy_3th_pre_bid"": ""-5680"", ""buy_3th_pre_req"": ""2493"", ""buy_3th_pre_req_pre"": ""0"", ""buy_4th_pre_bid"": ""-5670"", ""buy_4th_pre_req"": ""737"", ""buy_4th_pre_req_pre"": ""0"", ""buy_5th_pre_bid"": ""-5660"", ""buy_5th_pre_req"": ""7"", ""buy_5th_pre_req_pre"": ""0"", ""buy_6th_pre_bid"": ""-5650"", ""buy_6th_pre_req"": ""252"", ""buy_6th_pre_req_pre"": ""0"", ""buy_7th_pre_bid"": ""-5640"", ""buy_7th_pre_req"": ""781"", ""buy_7th_pre_req_pre"": ""0"", ""buy_8th_pre_bid"": ""-5630"", ""buy_8th_pre_req"": ""4937"", ""buy_8th_pre_req_pre"": ""0"", ""buy_9th_pre_bid"": ""-5620"", ""buy_9th_pre_req"": ""3338"", ""buy_9th_pre_req_pre"": ""0"", ""buy_10th_pre_bid"": ""-5610"", ""buy_10th_pre_req"": ""6625"", ""buy_10th_pre_req_pre"": ""0"", ""tot_sel_req_jub_pre"": ""0"", ""tot_sel_req"": ""14612"", ""tot_buy_req"": ""23019"", ""tot_buy_req_jub_pre"": ""+263"", ""ovt_sel_req_pre"": ""0"", ""ovt_sel_req"": ""0"", ""ovt_buy_req"": ""0"", ""ovt_buy_req_pre"": ""0"", ""return_code"": 0, ""return_msg"": ""정상적으로 처리되었습니다""}"
2026-06-10,scan_candidate,010690,,0,main_scan,10700,,10700,10680,10700,10700,-0.46728971962616817,0.1869158878504673,,,,,,"{""bid_req_base_tm"": ""105917"", ""sel_10th_pre_req_pre"": ""0"", ""sel_10th_pre_req"": ""418"", ""sel_10th_pre_bid"": ""+10800"", ""sel_9th_pre_req_pre"": ""0"", ""sel_9th_pre_req"": ""52"", ""sel_9th_pre_bid"": ""+10790"", ""sel_8th_pre_req_pre"": ""0"", ""sel_8th_pre_req"": ""118"", ""sel_8th_pre_bid"": ""+10780"", ""sel_7th_pre_req_pre"": ""0"", ""sel_7th_pre_req"": ""27"", ""sel_7th_pre_bid"": ""+10760"", ""sel_6th_pre_req_pre"": ""0"", ""sel_6th_pre_req"": ""93"", ""sel_6th_pre_bid"": ""+10750"", ""sel_5th_pre_req_pre"": ""0"", ""sel_5th_pre_req"": ""61"", ""sel_5th_pre_bid"": ""+10740"", ""sel_4th_pre_req_pre"": ""0"", ""sel_4th_pre_req"": ""36"", ""sel_4th_pre_bid"": ""+10730"", ""sel_3th_pre_req_pre"": ""0"", ""sel_3th_pre_req"": ""5"", ""sel_3th_pre_bid"": ""+10720"", ""sel_2th_pre_req_pre"": ""0"", ""sel_2th_pre_req"": ""344"", ""sel_2th_pre_bid"": ""+10710"", ""sel_1th_pre_req_pre"": ""--1"", ""sel_fpr_req"": ""135"", ""sel_fpr_bid"": ""+10700"", ""buy_fpr_bid"": ""+10680"", ""buy_fpr_req"": ""95"", ""buy_1th_pre_req_pre"": ""0"", ""buy_2th_pre_bid"": ""+10670"", ""buy_2th_pre_req"": ""89"", ""buy_2th_pre_req_pre"": ""0"", ""buy_3th_pre_bid"": ""+10660"", ""buy_3th_pre_req"": ""130"", ""buy_3th_pre_req_pre"": ""0"", ""buy_4th_pre_bid"": ""+10650"", ""buy_4th_pre_req"": ""152"", ""buy_4th_pre_req_pre"": ""0"", ""buy_5th_pre_bid"": ""+10640"", ""buy_5th_pre_req"": ""431"", ""buy_5th_pre_req_pre"": ""0"", ""buy_6th_pre_bid"": ""+10630"", ""buy_6th_pre_req"": ""323"", ""buy_6th_pre_req_pre"": ""0"", ""buy_7th_pre_bid"": ""+10620"", ""buy_7th_pre_req"": ""192"", ""buy_7th_pre_req_pre"": ""0"", ""buy_8th_pre_bid"": ""+10610"", ""buy_8th_pre_req"": ""216"", ""buy_8th_pre_req_pre"": ""0"", ""buy_9th_pre_bid"": ""+10600"", ""buy_9th_pre_req"": ""471"", ""buy_9th_pre_req_pre"": ""0"", ""buy_10th_pre_bid"": ""+10590"", ""buy_10th_pre_req"": ""224"", ""buy_10th_pre_req_pre"": ""0"", ""tot_sel_req_jub_pre"": ""--1"", ""tot_sel_req"": ""1289"", ""tot_buy_req"": ""2323"", ""tot_buy_req_jub_pre"": ""0"", ""ovt_sel_req_pre"": ""0"", ""ovt_sel_req"": ""0"", ""ovt_buy_req"": ""0"", ""ovt_buy_req_pre"": ""0"", ""return_code"": 0, ""return_msg"": ""정상적으로 처리되었습니다""}"
2026-06-10,scan_candidate,005950,,0,main_scan,12070,,12070,12020,12070,12050,-0.579950289975145,0.4142502071251036,,,,,,"{""bid_req_base_tm"": ""105917"", ""sel_10th_pre_req_pre"": ""0"", ""sel_10th_pre_req"": ""3"", ""sel_10th_pre_bid"": ""+12190"", ""sel_9th_pre_req_pre"": ""0"", ""sel_9th_pre_req"": ""3"", ""sel_9th_pre_bid"": ""+12180"", ""sel_8th_pre_req_pre"": ""0"", ""sel_8th_pre_req"": ""3"", ""sel_8th_pre_bid"": ""+12170"", ""sel_7th_pre_req_pre"": ""0"", ""sel_7th_pre_req"": ""3"", ""sel_7th_pre_bid"": ""+12160"", ""sel_6th_pre_req_pre"": ""0"", ""sel_6th_pre_req"": ""59"", ""sel_6th_pre_bid"": ""+12150"", ""sel_5th_pre_req_pre"": ""0"", ""sel_5th_pre_req"": ""2"", ""sel_5th_pre_bid"": ""+12140"", ""sel_4th_pre_req_pre"": ""0"", ""sel_4th_pre_req"": ""4"", ""sel_4th_pre_bid"": ""+12130"", ""sel_3th_pre_req_pre"": ""0"", ""sel_3th_pre_req"": ""6"", ""sel_3th_pre_bid"": ""+12100"", ""sel_2th_pre_req_pre"": ""0"", ""sel_2th_pre_req"": ""2"", ""sel_2th_pre_bid"": ""+12090"", ""sel_1th_pre_req_pre"": ""0"", ""sel_fpr_req"": ""419"", ""sel_fpr_bid"": ""+12070"", ""buy_fpr_bid"": ""+12020"", ""buy_fpr_req"": ""100"", ""buy_1th_pre_req_pre"": ""0"", ""buy_2th_pre_bid"": ""+12000"", ""buy_2th_pre_req"": ""325"", ""buy_2th_pre_req_pre"": ""0"", ""buy_3th_pre_bid"": ""+11990"", ""buy_3th_pre_req"": ""13"", ""buy_3th_pre_req_pre"": ""0"", ""buy_4th_pre_bid"": ""+11980"", ""buy_4th_pre_req"": ""101"", ""buy_4th_pre_req_pre"": ""0"", ""buy_5th_pre_bid"": ""+11970"", ""buy_5th_pre_req"": ""108"", ""buy_5th_pre_req_pre"": ""0"", ""buy_6th_pre_bid"": ""+11960"", ""buy_6th_pre_req"": ""200"", ""buy_6th_pre_req_pre"": ""0"", ""buy_7th_pre_bid"": ""+11950"", ""buy_7th_pre_req"": ""150"", ""buy_7th_pre_req_pre"": ""0"", ""buy_8th_pre_bid"": ""+11940"", ""buy_8th_pre_req"": ""5"", ""buy_8th_pre_req_pre"": ""--175"", ""buy_9th_pre_bid"": ""+11930"", ""buy_9th_pre_req"": ""43"", ""buy_9th_pre_req_pre"": ""0"", ""buy_10th_pre_bid"": ""+11920"", ""buy_10th_pre_req"": ""12"", ""buy_10th_pre_req_pre"": ""0"", ""tot_sel_req_jub_pre"": ""0"", ""tot_sel_req"": ""504"", ""tot_buy_req"": ""1057"", ""tot_buy_req_jub_pre"": ""--213"", ""ovt_sel_req_pre"": ""0"", ""ovt_sel_req"": ""0"", ""ovt_buy_req"": ""0"", ""ovt_buy_req_pre"": ""0"", ""return_code"": 0, ""return_msg"": ""정상적으로 처리되었습니다""}"
2026-06-10,watchlist,014680,,0,filtered_candidate_recheck,262000,,262000,261000,262000,262500,0.0,0.38167938931297707,,,,,,"{""bid_req_base_tm"": ""110108"", ""sel_10th_pre_req_pre"": ""0"", ""sel_10th_pre_req"": ""515"", ""sel_10th_pre_bid"": ""+266500"", ""sel_9th_pre_req_pre"": ""0"", ""sel_9th_pre_req"": ""16"", ""sel_9th_pre_bid"": ""+266000"", ""sel_8th_pre_req_pre"": ""0"", ""sel_8th_pre_req"": ""24"", ""sel_8th_pre_bid"": ""+265500"", ""sel_7th_pre_req_pre"": ""0"", ""sel_7th_pre_req"": ""35"", ""sel_7th_pre_bid"": ""+265000"", ""sel_6th_pre_req_pre"": ""0"", ""sel_6th_pre_req"": ""2"", ""sel_6th_pre_bid"": ""+264500"", ""sel_5th_pre_req_pre"": ""0"", ""sel_5th_pre_req"": ""4"", ""sel_5th_pre_bid"": ""+264000"", ""sel_4th_pre_req_pre"": ""0"", ""sel_4th_pre_req"": ""13"", ""sel_4th_pre_bid"": ""+263500"", ""sel_3th_pre_req_pre"": ""0"", ""sel_3th_pre_req"": ""6"", ""sel_3th_pre_bid"": ""+263000"", ""sel_2th_pre_req_pre"": ""0"", ""sel_2th_pre_req"": ""18"", ""sel_2th_pre_bid"": ""+262500"", ""sel_1th_pre_req_pre"": ""--5"", ""sel_fpr_req"": ""28"", ""sel_fpr_bid"": ""+262000"", ""buy_fpr_bid"": ""+261000"", ""buy_fpr_req"": ""200"", ""buy_1th_pre_req_pre"": ""+2"", ""buy_2th_pre_bid"": ""+260500"", ""buy_2th_pre_req"": ""13"", ""buy_2th_pre_req_pre"": ""0"", ""buy_3th_pre_bid"": ""+260000"", ""buy_3th_pre_req"": ""130"", ""buy_3th_pre_req_pre"": ""0"", ""buy_4th_pre_bid"": ""+259500"", ""buy_4th_pre_req"": ""143"", ""buy_4th_pre_req_pre"": ""0"", ""buy_5th_pre_bid"": ""+259000"", ""buy_5th_pre_req"": ""210"", ""buy_5th_pre_req_pre"": ""0"", ""buy_6th_pre_bid"": ""+258500"", ""buy_6th_pre_req"": ""102"", ""buy_6th_pre_req_pre"": ""0"", ""buy_7th_pre_bid"": ""+258000"", ""buy_7th_pre_req"": ""101"", ""buy_7th_pre_req_pre"": ""0"", ""buy_8th_pre_bid"": ""+257500"", ""buy_8th_pre_req"": ""132"", ""buy_8th_pre_req_pre"": ""0"", ""buy_9th_pre_bid"": ""+257000"", ""buy_9th_pre_req"": ""141"", ""buy_9th_pre_req_pre"": ""0"", ""buy_10th_pre_bid"": ""+256500"", ""buy_10th_pre_req"": ""3"", ""buy_10th_pre_req_pre"": ""0"", ""tot_sel_req_jub_pre"": ""+506"", ""tot_sel_req"": ""661"", ""tot_buy_req"": ""1175"", ""tot_buy_req_jub_pre"": ""+2"", ""ovt_sel_req_pre"": ""0"", ""ovt_sel_req"": ""0"", ""ovt_buy_req"": ""0"", ""ovt_buy_req_pre"": ""0"", ""return_code"": 0, ""return_msg"": ""정상적으로 처리되었습니다""}"
2026-06-10,watchlist,035420,,1,filtered_candidate_recheck,234000,,234000,233500,234000,235500,0.4273504273504274,0.2136752136752137,,,,,,"{""bid_req_base_tm"": ""110108"", ""sel_10th_pre_req_pre"": ""0"", ""sel_10th_pre_req"": ""1549"", ""sel_10th_pre_bid"": ""-238500"", ""sel_9th_pre_req_pre"": ""0"", ""sel_9th_pre_req"": ""3176"", ""sel_9th_pre_bid"": ""-238000"", ""sel_8th_pre_req_pre"": ""0"", ""sel_8th_pre_req"": ""3256"", ""sel_8th_pre_bid"": ""-237500"", ""sel_7th_pre_req_pre"": ""0"", ""sel_7th_pre_req"": ""2455"", ""sel_7th_pre_bid"": ""-237000"", ""sel_6th_pre_req_pre"": ""0"", ""sel_6th_pre_req"": ""3852"", ""sel_6th_pre_bid"": ""-236500"", ""sel_5th_pre_req_pre"": ""0"", ""sel_5th_pre_req"": ""3640"", ""sel_5th_pre_bid"": ""-236000"", ""sel_4th_pre_req_pre"": ""0"", ""sel_4th_pre_req"": ""2799"", ""sel_4th_pre_bid"": ""-235500"", ""sel_3th_pre_req_pre"": ""0"", ""sel_3th_pre_req"": ""1625"", ""sel_3th_pre_bid"": ""-235000"", ""sel_2th_pre_req_pre"": ""0"", ""sel_2th_pre_req"": ""3921"", ""sel_2th_pre_bid"": ""-234500"", ""sel_1th_pre_req_pre"": ""+2"", ""sel_fpr_req"": ""3018"", ""sel_fpr_bid"": ""-234000"", ""buy_fpr_bid"": ""-233500"", ""buy_fpr_req"": ""8597"", ""buy_1th_pre_req_pre"": ""--2"", ""buy_2th_pre_bid"": ""-233000"", ""buy_2th_pre_req"": ""15098"", ""buy_2th_pre_req_pre"": ""0"", ""buy_3th_pre_bid"": ""-232500"", ""buy_3th_pre_req"": ""10055"", ""buy_3th_pre_req_pre"": ""0"", ""buy_4th_pre_bid"": ""-232000"", ""buy_4th_pre_req"": ""12323"", ""buy_4th_pre_req_pre"": ""0"", ""buy_5th_pre_bid"": ""-231500"", ""buy_5th_pre_req"": ""10666"", ""buy_5th_pre_req_pre"": ""0"", ""buy_6th_pre_bid"": ""-231000"", ""buy_6th_pre_req"": ""15509"", ""buy_6th_pre_req_pre"": ""0"", ""buy_7th_pre_bid"": ""-230500"", ""buy_7th_pre_req"": ""11863"", ""buy_7th_pre_req_pre"": ""0"", ""buy_8th_pre_bid"": ""-230000"", ""buy_8th_pre_req"": ""70851"", ""buy_8th_pre_req_pre"": ""+1"", ""buy_9th_pre_bid"": ""-229500"", ""buy_9th_pre_req"": ""4658"", ""buy_9th_pre_req_pre"": ""0"", ""buy_10th_pre_bid"": ""-229000"", ""buy_10th_pre_req"": ""4838"", ""buy_10th_pre_req_pre"": ""0"", ""tot_sel_req_jub_pre"": ""+2"", ""tot_sel_req"": ""29291"", ""tot_buy_req"": ""164458"", ""tot_buy_req_jub_pre"": ""--1"", ""ovt_sel_req_pre"": ""0"", ""ovt_sel_req"": ""0"", ""ovt_buy_req"": ""0"", ""ovt_buy_req_pre"": ""0"", ""return_code"": 0, ""return_msg"": ""정상적으로 처리되었습니다""}"
2026-06-10,watchlist,036570,,0,filtered_candidate_recheck,260000,,260000,259500,260000,258000,-0.9615384615384616,0.19230769230769232,,,,,,"{""bid_req_base_tm"": ""110103"", ""sel_10th_pre_req_pre"": ""0"", ""sel_10th_pre_req"": ""179"", ""sel_10th_pre_bid"": ""264500"", ""sel_9th_pre_req_pre"": ""0"", ""sel_9th_pre_req"": ""145"", ""sel_9th_pre_bid"": ""-264000"", ""sel_8th_pre_req_pre"": ""0"", ""sel_8th_pre_req"": ""63"", ""sel_8th_pre_bid"": ""-263500"", ""sel_7th_pre_req_pre"": ""0"", ""sel_7th_pre_req"": ""36"", ""sel_7th_pre_bid"": ""-263000"", ""sel_6th_pre_req_pre"": ""0"", ""sel_6th_pre_req"": ""17"", ""sel_6th_pre_bid"": ""-262500"", ""sel_5th_pre_req_pre"": ""0"", ""sel_5th_pre_req"": ""99"", ""sel_5th_pre_bid"": ""-262000"", ""sel_4th_pre_req_pre"": ""0"", ""sel_4th_pre_req"": ""1039"", ""sel_4th_pre_bid"": ""-261500"", ""sel_3th_pre_req_pre"": ""0"", ""sel_3th_pre_req"": ""18"", ""sel_3th_pre_bid"": ""-261000"", ""sel_2th_pre_req_pre"": ""0"", ""sel_2th_pre_req"": ""187"", ""sel_2th_pre_bid"": ""-260500"", ""sel_1th_pre_req_pre"": ""0"", ""sel_fpr_req"": ""241"", ""sel_fpr_bid"": ""-260000"", ""buy_fpr_bid"": ""-259500"", ""buy_fpr_req"": ""26"", ""buy_1th_pre_req_pre"": ""+4"", ""buy_2th_pre_bid"": ""-259000"", ""buy_2th_pre_req"": ""1"", ""buy_2th_pre_req_pre"": ""0"", ""buy_3th_pre_bid"": ""-258500"", ""buy_3th_pre_req"": ""47"", ""buy_3th_pre_req_pre"": ""0"", ""buy_4th_pre_bid"": ""-258000"", ""buy_4th_pre_req"": ""42"", ""buy_4th_pre_req_pre"": ""0"", ""buy_5th_pre_bid"": ""-257500"", ""buy_5th_pre_req"": ""74"", ""buy_5th_pre_req_pre"": ""0"", ""buy_6th_pre_bid"": ""-257000"", ""buy_6th_pre_req"": ""124"", ""buy_6th_pre_req_pre"": ""0"", ""buy_7th_pre_bid"": ""-256500"", ""buy_7th_pre_req"": ""101"", ""buy_7th_pre_req_pre"": ""0"", ""buy_8th_pre_bid"": ""-256000"", ""buy_8th_pre_req"": ""215"", ""buy_8th_pre_req_pre"": ""0"", ""buy_9th_pre_bid"": ""-255500"", ""buy_9th_pre_req"": ""225"", ""buy_9th_pre_req_pre"": ""0"", ""buy_10th_pre_bid"": ""-255000"", ""buy_10th_pre_req"": ""315"", ""buy_10th_pre_req_pre"": ""0"", ""tot_sel_req_jub_pre"": ""0"", ""tot_sel_req"": ""2024"", ""tot_buy_req"": ""1170"", ""tot_buy_req_jub_pre"": ""+4"", ""ovt_sel_req_pre"": ""0"", ""ovt_sel_req"": ""0"", ""ovt_buy_req"": ""0"", ""ovt_buy_req_pre"": ""0"", ""return_code"": 0, ""return_msg"": ""정상적으로 처리되었습니다""}"
2026-06-10,watchlist,005090,,0,filtered_candidate_recheck,52300,,52300,52000,52300,52200,-0.3824091778202677,0.5736137667304015,,,,,,"{""bid_req_base_tm"": ""110109"", ""sel_10th_pre_req_pre"": ""0"", ""sel_10th_pre_req"": ""99"", ""sel_10th_pre_bid"": ""+53200"", ""sel_9th_pre_req_pre"": ""0"", ""sel_9th_pre_req"": ""73"", ""sel_9th_pre_bid"": ""+53100"", ""sel_8th_pre_req_pre"": ""0"", ""sel_8th_pre_req"": ""376"", ""sel_8th_pre_bid"": ""+53000"", ""sel_7th_pre_req_pre"": ""0"", ""sel_7th_pre_req"": ""7"", ""sel_7th_pre_bid"": ""+52900"", ""sel_6th_pre_req_pre"": ""0"", ""sel_6th_pre_req"": ""20"", ""sel_6th_pre_bid"": ""+52800"", ""sel_5th_pre_req_pre"": ""0"", ""sel_5th_pre_req"": ""124"", ""sel_5th_pre_bid"": ""+52700"", ""sel_4th_pre_req_pre"": ""0"", ""sel_4th_pre_req"": ""58"", ""sel_4th_pre_bid"": ""+52600"", ""sel_3th_pre_req_pre"": ""0"", ""sel_3th_pre_req"": ""36"", ""sel_3th_pre_bid"": ""+52500"", ""sel_2th_pre_req_pre"": ""0"", ""sel_2th_pre_req"": ""84"", ""sel_2th_pre_bid"": ""+52400"", ""sel_1th_pre_req_pre"": ""0"", ""sel_fpr_req"": ""49"", ""sel_fpr_bid"": ""+52300"", ""buy_fpr_bid"": ""+52000"", ""buy_fpr_req"": ""48"", ""buy_1th_pre_req_pre"": ""0"", ""buy_2th_pre_bid"": ""+51900"", ""buy_2th_pre_req"": ""156"", ""buy_2th_pre_req_pre"": ""0"", ""buy_3th_pre_bid"": ""+51800"", ""buy_3th_pre_req"": ""12"", ""buy_3th_pre_req_pre"": ""0"", ""buy_4th_pre_bid"": ""+51700"", ""buy_4th_pre_req"": ""31"", ""buy_4th_pre_req_pre"": ""0"", ""buy_5th_pre_bid"": ""+51600"", ""buy_5th_pre_req"": ""137"", ""buy_5th_pre_req_pre"": ""0"", ""buy_6th_pre_bid"": ""+51500"", ""buy_6th_pre_req"": ""164"", ""buy_6th_pre_req_pre"": ""0"", ""buy_7th_pre_bid"": ""+51400"", ""buy_7th_pre_req"": ""112"", ""buy_7th_pre_req_pre"": ""0"", ""buy_8th_pre_bid"": ""+51300"", ""buy_8th_pre_req"": ""111"", ""buy_8th_pre_req_pre"": ""0"", ""buy_9th_pre_bid"": ""+51200"", ""buy_9th_pre_req"": ""1424"", ""buy_9th_pre_req_pre"": ""0"", ""buy_10th_pre_bid"": ""+51100"", ""buy_10th_pre_req"": ""142"", ""buy_10th_pre_req_pre"": ""0"", ""tot_sel_req_jub_pre"": ""0"", ""tot_sel_req"": ""926"", ""tot_buy_req"": ""2337"", ""tot_buy_req_jub_pre"": ""0"", ""ovt_sel_req_pre"": ""0"", ""ovt_sel_req"": ""0"", ""ovt_buy_req"": ""0"", ""ovt_buy_req_pre"": ""0"", ""return_code"": 0, ""return_msg"": ""정상적으로 처리되었습니다""}"
2026-06-10,watchlist,066570,,0,filtered_candidate_recheck,232000,,232000,231500,232000,233500,0.43103448275862066,0.21551724137931033,,,,,,"{""bid_req_base_tm"": ""110109"", ""sel_10th_pre_req_pre"": ""0"", ""sel_10th_pre_req"": ""1234"", ""sel_10th_pre_bid"": ""-236500"", ""sel_9th_pre_req_pre"": ""0"", ""sel_9th_pre_req"": ""3011"", ""sel_9th_pre_bid"": ""-236000"", ""sel_8th_pre_req_pre"": ""0"", ""sel_8th_pre_req"": ""2404"", ""sel_8th_pre_bid"": ""-235500"", ""sel_7th_pre_req_pre"": ""0"", ""sel_7th_pre_req"": ""3848"", ""sel_7th_pre_bid"": ""-235000"", ""sel_6th_pre_req_pre"": ""0"", ""sel_6th_pre_req"": ""1805"", ""sel_6th_pre_bid"": ""-234500"", ""sel_5th_pre_req_pre"": ""0"", ""sel_5th_pre_req"": ""791"", ""sel_5th_pre_bid"": ""-234000"", ""sel_4th_pre_req_pre"": ""0"", ""sel_4th_pre_req"": ""1053"", ""sel_4th_pre_bid"": ""-233500"", ""sel_3th_pre_req_pre"": ""0"", ""sel_3th_pre_req"": ""1536"", ""sel_3th_pre_bid"": ""-233000"", ""sel_2th_pre_req_pre"": ""0"", ""sel_2th_pre_req"": ""3105"", ""sel_2th_pre_bid"": ""-232500"", ""sel_1th_pre_req_pre"": ""0"", ""sel_fpr_req"": ""5722"", ""sel_fpr_bid"": ""-232000"", ""buy_fpr_bid"": ""-231500"", ""buy_fpr_req"": ""6107"", ""buy_1th_pre_req_pre"": ""+1"", ""buy_2th_pre_bid"": ""-231000"", ""buy_2th_pre_req"": ""12825"", ""buy_2th_pre_req_pre"": ""0"", ""buy_3th_pre_bid"": ""-230500"", ""buy_3th_pre_req"": ""18430"", ""buy_3th_pre_req_pre"": ""0"", ""buy_4th_pre_bid"": ""-230000"", ""buy_4th_pre_req"": ""42070"", ""buy_4th_pre_req_pre"": ""0"", ""buy_5th_pre_bid"": ""-229500"", ""buy_5th_pre_req"": ""5897"", ""buy_5th_pre_req_pre"": ""0"", ""buy_6th_pre_bid"": ""-229000"", ""buy_6th_pre_req"": ""8011"", ""buy_6th_pre_req_pre"": ""0"", ""buy_7th_pre_bid"": ""-228500"", ""buy_7th_pre_req"": ""6493"", ""buy_7th_pre_req_pre"": ""0"", ""buy_8th_pre_bid"": ""-228000"", ""buy_8th_pre_req"": ""11232"", ""buy_8th_pre_req_pre"": ""0"", ""buy_9th_pre_bid"": ""-227500"", ""buy_9th_pre_req"": ""3252"", ""buy_9th_pre_req_pre"": ""0"", ""buy_10th_pre_bid"": ""-227000"", ""buy_10th_pre_req"": ""55579"", ""buy_10th_pre_req_pre"": ""0"", ""tot_sel_req_jub_pre"": ""0"", ""tot_sel_req"": ""24509"", ""tot_buy_req"": ""169896"", ""tot_buy_req_jub_pre"": ""+1"", ""ovt_sel_req_pre"": ""0"", ""ovt_sel_req"": ""0"", ""ovt_buy_req"": ""0"", ""ovt_buy_req_pre"": ""0"", ""return_code"": 0, ""return_msg"": ""정상적으로 처리되었습니다""}"
2026-06-10,watchlist,028670,,1,filtered_candidate_recheck,5020,,5020,5010,5020,5060,0.5976095617529881,0.199203187250996,,,,,,"{""bid_req_base_tm"": ""110109"", ""sel_10th_pre_req_pre"": ""0"", ""sel_10th_pre_req"": ""801"", ""sel_10th_pre_bid"": ""-5110"", ""sel_9th_pre_req_pre"": ""0"", ""sel_9th_pre_req"": ""2461"", ""sel_9th_pre_bid"": ""-5100"", ""sel_8th_pre_req_pre"": ""0"", ""sel_8th_pre_req"": ""1385"", ""sel_8th_pre_bid"": ""-5090"", ""sel_7th_pre_req_pre"": ""0"", ""sel_7th_pre_req"": ""1217"", ""sel_7th_pre_bid"": ""-5080"", ""sel_6th_pre_req_pre"": ""0"", ""sel_6th_pre_req"": ""601"", ""sel_6th_pre_bid"": ""-5070"", ""sel_5th_pre_req_pre"": ""0"", ""sel_5th_pre_req"": ""501"", ""sel_5th_pre_bid"": ""-5060"", ""sel_4th_pre_req_pre"": ""0"", ""sel_4th_pre_req"": ""1635"", ""sel_4th_pre_bid"": ""-5050"", ""sel_3th_pre_req_pre"": ""0"", ""sel_3th_pre_req"": ""583"", ""sel_3th_pre_bid"": ""-5040"", ""sel_2th_pre_req_pre"": ""0"", ""sel_2th_pre_req"": ""5881"", ""sel_2th_pre_bid"": ""-5030"", ""sel_1th_pre_req_pre"": ""0"", ""sel_fpr_req"": ""1595"", ""sel_fpr_bid"": ""-5020"", ""buy_fpr_bid"": ""-5010"", ""buy_fpr_req"": ""42383"", ""buy_1th_pre_req_pre"": ""+100"", ""buy_2th_pre_bid"": ""-5000"", ""buy_2th_pre_req"": ""10620"", ""buy_2th_pre_req_pre"": ""0"", ""buy_3th_pre_bid"": ""-4995"", ""buy_3th_pre_req"": ""6876"", ""buy_3th_pre_req_pre"": ""0"", ""buy_4th_pre_bid"": ""-4990"", ""buy_4th_pre_req"": ""4868"", ""buy_4th_pre_req_pre"": ""0"", ""buy_5th_pre_bid"": ""-4985"", ""buy_5th_pre_req"": ""1882"", ""buy_5th_pre_req_pre"": ""0"", ""buy_6th_pre_bid"": ""-4980"", ""buy_6th_pre_req"": ""7333"", ""buy_6th_pre_req_pre"": ""0"", ""buy_7th_pre_bid"": ""-4975"", ""buy_7th_pre_req"": ""128"", ""buy_7th_pre_req_pre"": ""0"", ""buy_8th_pre_bid"": ""-4970"", ""buy_8th_pre_req"": ""2765"", ""buy_8th_pre_req_pre"": ""0"", ""buy_9th_pre_bid"": ""-4965"", ""buy_9th_pre_req"": ""495"", ""buy_9th_pre_req_pre"": ""0"", ""buy_10th_pre_bid"": ""-4960"", ""buy_10th_pre_req"": ""2784"", ""buy_10th_pre_req_pre"": ""0"", ""tot_sel_req_jub_pre"": ""0"", ""tot_sel_req"": ""16660"", ""tot_buy_req"": ""80134"", ""tot_buy_req_jub_pre"": ""+100"", ""ovt_sel_req_pre"": ""0"", ""ovt_sel_req"": ""0"", ""ovt_buy_req"": ""0"", ""ovt_buy_req_pre"": ""0"", ""return_code"": 0, ""return_msg"": ""정상적으로 처리되었습니다""}"
2026-06-10,watchlist,004990,,0,filtered_candidate_recheck,26000,,26000,25950,26000,25800,-0.9615384615384616,0.19230769230769232,,,,,,"{""bid_req_base_tm"": ""110108"", ""sel_10th_pre_req_pre"": ""+1"", ""sel_10th_pre_req"": ""28108"", ""sel_10th_pre_bid"": ""+26450"", ""sel_9th_pre_req_pre"": ""0"", ""sel_9th_pre_req"": ""88"", ""sel_9th_pre_bid"": ""+26400"", ""sel_8th_pre_req_pre"": ""0"", ""sel_8th_pre_req"": ""6"", ""sel_8th_pre_bid"": ""+26350"", ""sel_7th_pre_req_pre"": ""0"", ""sel_7th_pre_req"": ""11"", ""sel_7th_pre_bid"": ""+26300"", ""sel_6th_pre_req_pre"": ""0"", ""sel_6th_pre_req"": ""145"", ""sel_6th_pre_bid"": ""+26250"", ""sel_5th_pre_req_pre"": ""0"", ""sel_5th_pre_req"": ""96"", ""sel_5th_pre_bid"": ""+26200"", ""sel_4th_pre_req_pre"": ""0"", ""sel_4th_pre_req"": ""3119"", ""sel_4th_pre_bid"": ""26150"", ""sel_3th_pre_req_pre"": ""0"", ""sel_3th_pre_req"": ""495"", ""sel_3th_pre_bid"": ""-26100"", ""sel_2th_pre_req_pre"": ""0"", ""sel_2th_pre_req"": ""202"", ""sel_2th_pre_bid"": ""-26050"", ""sel_1th_pre_req_pre"": ""0"", ""sel_fpr_req"": ""99"", ""sel_fpr_bid"": ""-26000"", ""buy_fpr_bid"": ""-25950"", ""buy_fpr_req"": ""104"", ""buy_1th_pre_req_pre"": ""0"", ""buy_2th_pre_bid"": ""-25900"", ""buy_2th_pre_req"": ""33"", ""buy_2th_pre_req_pre"": ""0"", ""buy_3th_pre_bid"": ""-25850"", ""buy_3th_pre_req"": ""11"", ""buy_3th_pre_req_pre"": ""0"", ""buy_4th_pre_bid"": ""-25800"", ""buy_4th_pre_req"": ""500"", ""buy_4th_pre_req_pre"": ""0"", ""buy_5th_pre_bid"": ""-25750"", ""buy_5th_pre_req"": ""511"", ""buy_5th_pre_req_pre"": ""0"", ""buy_6th_pre_bid"": ""-25700"", ""buy_6th_pre_req"": ""146"", ""buy_6th_pre_req_pre"": ""0"", ""buy_7th_pre_bid"": ""-25650"", ""buy_7th_pre_req"": ""201"", ""buy_7th_pre_req_pre"": ""0"", ""buy_8th_pre_bid"": ""-25600"", ""buy_8th_pre_req"": ""295"", ""buy_8th_pre_req_pre"": ""0"", ""buy_9th_pre_bid"": ""-25550"", ""buy_9th_pre_req"": ""422"", ""buy_9th_pre_req_pre"": ""0"", ""buy_10th_pre_bid"": ""-25500"", ""buy_10th_pre_req"": ""993"", ""buy_10th_pre_req_pre"": ""0"", ""tot_sel_req_jub_pre"": ""+1"", ""tot_sel_req"": ""32369"", ""tot_buy_req"": ""3216"", ""tot_buy_req_jub_pre"": ""0"", ""ovt_sel_req_pre"": ""0"", ""ovt_sel_req"": ""0"", ""ovt_buy_req"": ""0"", ""ovt_buy_req_pre"": ""0"", ""return_code"": 0, ""return_msg"": ""정상적으로 처리되었습니다""}"
2026-06-10,watchlist,081660,,0,filtered_candidate_recheck,40400,,40400,40350,40400,40400,-0.12376237623762376,0.12376237623762376,,,,,,"{""bid_req_base_tm"": ""110107"", ""sel_10th_pre_req_pre"": ""0"", ""sel_10th_pre_req"": ""166"", ""sel_10th_pre_bid"": ""+40900"", ""sel_9th_pre_req_pre"": ""0"", ""sel_9th_pre_req"": ""136"", ""sel_9th_pre_bid"": ""+40800"", ""sel_8th_pre_req_pre"": ""0"", ""sel_8th_pre_req"": ""13"", ""sel_8th_pre_bid"": ""+40750"", ""sel_7th_pre_req_pre"": ""0"", ""sel_7th_pre_req"": ""70"", ""sel_7th_pre_bid"": ""+40700"", ""sel_6th_pre_req_pre"": ""0"", ""sel_6th_pre_req"": ""50"", ""sel_6th_pre_bid"": ""+40650"", ""sel_5th_pre_req_pre"": ""0"", ""sel_5th_pre_req"": ""70"", ""sel_5th_pre_bid"": ""+40600"", ""sel_4th_pre_req_pre"": ""0"", ""sel_4th_pre_req"": ""1"", ""sel_4th_pre_bid"": ""+40550"", ""sel_3th_pre_req_pre"": ""0"", ""sel_3th_pre_req"": ""227"", ""sel_3th_pre_bid"": ""+40500"", ""sel_2th_pre_req_pre"": ""0"", ""sel_2th_pre_req"": ""569"", ""sel_2th_pre_bid"": ""+40450"", ""sel_1th_pre_req_pre"": ""--11"", ""sel_fpr_req"": ""408"", ""sel_fpr_bid"": ""+40400"", ""buy_fpr_bid"": ""+40350"", ""buy_fpr_req"": ""352"", ""buy_1th_pre_req_pre"": ""0"", ""buy_2th_pre_bid"": ""+40250"", ""buy_2th_pre_req"": ""50"", ""buy_2th_pre_req_pre"": ""0"", ""buy_3th_pre_bid"": ""+40200"", ""buy_3th_pre_req"": ""113"", ""buy_3th_pre_req_pre"": ""0"", ""buy_4th_pre_bid"": ""+40100"", ""buy_4th_pre_req"": ""150"", ""buy_4th_pre_req_pre"": ""0"", ""buy_5th_pre_bid"": ""+40050"", ""buy_5th_pre_req"": ""100"", ""buy_5th_pre_req_pre"": ""0"", ""buy_6th_pre_bid"": ""+40000"", ""buy_6th_pre_req"": ""509"", ""buy_6th_pre_req_pre"": ""0"", ""buy_7th_pre_bid"": ""+39950"", ""buy_7th_pre_req"": ""500"", ""buy_7th_pre_req_pre"": ""0"", ""buy_8th_pre_bid"": ""+39900"", ""buy_8th_pre_req"": ""2"", ""buy_8th_pre_req_pre"": ""0"", ""buy_9th_pre_bid"": ""+39850"", ""buy_9th_pre_req"": ""1"", ""buy_9th_pre_req_pre"": ""0"", ""buy_10th_pre_bid"": ""+39800"", ""buy_10th_pre_req"": ""5"", ""buy_10th_pre_req_pre"": ""0"", ""tot_sel_req_jub_pre"": ""--11"", ""tot_sel_req"": ""1710"", ""tot_buy_req"": ""1782"", ""tot_buy_req_jub_pre"": ""0"", ""ovt_sel_req_pre"": ""0"", ""ovt_sel_req"": ""0"", ""ovt_buy_req"": ""0"", ""ovt_buy_req_pre"": ""0"", ""return_code"": 0, ""return_msg"": ""정상적으로 처리되었습니다""}"
2026-06-10,watchlist,008770,,0,filtered_candidate_recheck,55400,,55400,55300,55400,55100,-0.7220216606498195,0.18050541516245489,,,,,,"{""bid_req_base_tm"": ""110109"", ""sel_10th_pre_req_pre"": ""0"", ""sel_10th_pre_req"": ""26"", ""sel_10th_pre_bid"": ""+56300"", ""sel_9th_pre_req_pre"": ""0"", ""sel_9th_pre_req"": ""125"", ""sel_9th_pre_bid"": ""+56200"", ""sel_8th_pre_req_pre"": ""0"", ""sel_8th_pre_req"": ""246"", ""sel_8th_pre_bid"": ""+56100"", ""sel_7th_pre_req_pre"": ""0"", ""sel_7th_pre_req"": ""94"", ""sel_7th_pre_bid"": ""+56000"", ""sel_6th_pre_req_pre"": ""0"", ""sel_6th_pre_req"": ""887"", ""sel_6th_pre_bid"": ""+55900"", ""sel_5th_pre_req_pre"": ""0"", ""sel_5th_pre_req"": ""594"", ""sel_5th_pre_bid"": ""+55800"", ""sel_4th_pre_req_pre"": ""0"", ""sel_4th_pre_req"": ""98"", ""sel_4th_pre_bid"": ""+55700"", ""sel_3th_pre_req_pre"": ""0"", ""sel_3th_pre_req"": ""138"", ""sel_3th_pre_bid"": ""+55600"", ""sel_2th_pre_req_pre"": ""0"", ""sel_2th_pre_req"": ""444"", ""sel_2th_pre_bid"": ""+55500"", ""sel_1th_pre_req_pre"": ""0"", ""sel_fpr_req"": ""347"", ""sel_fpr_bid"": ""+55400"", ""buy_fpr_bid"": ""+55300"", ""buy_fpr_req"": ""65"", ""buy_1th_pre_req_pre"": ""--12"", ""buy_2th_pre_bid"": ""55200"", ""buy_2th_pre_req"": ""16"", ""buy_2th_pre_req_pre"": ""0"", ""buy_3th_pre_bid"": ""-55100"", ""buy_3th_pre_req"": ""3"", ""buy_3th_pre_req_pre"": ""0"", ""buy_4th_pre_bid"": ""-55000"", ""buy_4th_pre_req"": ""122"", ""buy_4th_pre_req_pre"": ""0"", ""buy_5th_pre_bid"": ""-54900"", ""buy_5th_pre_req"": ""86"", ""buy_5th_pre_req_pre"": ""0"", ""buy_6th_pre_bid"": ""-54800"", ""buy_6th_pre_req"": ""751"", ""buy_6th_pre_req_pre"": ""0"", ""buy_7th_pre_bid"": ""-54700"", ""buy_7th_pre_req"": ""463"", ""buy_7th_pre_req_pre"": ""0"", ""buy_8th_pre_bid"": ""-54600"", ""buy_8th_pre_req"": ""30"", ""buy_8th_pre_req_pre"": ""0"", ""buy_9th_pre_bid"": ""-54500"", ""buy_9th_pre_req"": ""10"", ""buy_9th_pre_req_pre"": ""0"", ""buy_10th_pre_bid"": ""-54400"", ""buy_10th_pre_req"": ""44"", ""buy_10th_pre_req_pre"": ""0"", ""tot_sel_req_jub_pre"": ""0"", ""tot_sel_req"": ""2999"", ""tot_buy_req"": ""1590"", ""tot_buy_req_jub_pre"": ""--12"", ""ovt_sel_req_pre"": ""0"", ""ovt_sel_req"": ""0"", ""ovt_buy_req"": ""0"", ""ovt_buy_req_pre"": ""0"", ""return_code"": 0, ""return_msg"": ""정상적으로 처리되었습니다""}"
2026-06-10,watchlist,012330,,0,filtered_candidate_recheck,577000,,577000,576000,577000,580000,0.34662045060658575,0.17331022530329288,,,,,,"{""bid_req_base_tm"": ""110110"", ""sel_10th_pre_req_pre"": ""0"", ""sel_10th_pre_req"": ""149"", ""sel_10th_pre_bid"": ""-586000"", ""sel_9th_pre_req_pre"": ""0"", ""sel_9th_pre_req"": ""117"", ""sel_9th_pre_bid"": ""-585000"", ""sel_8th_pre_req_pre"": ""0"", ""sel_8th_pre_req"": ""140"", ""sel_8th_pre_bid"": ""-584000"", ""sel_7th_pre_req_pre"": ""0"", ""sel_7th_pre_req"": ""457"", ""sel_7th_pre_bid"": ""-583000"", ""sel_6th_pre_req_pre"": ""0"", ""sel_6th_pre_req"": ""57"", ""sel_6th_pre_bid"": ""-582000"", ""sel_5th_pre_req_pre"": ""0"", ""sel_5th_pre_req"": ""78"", ""sel_5th_pre_bid"": ""-581000"", ""sel_4th_pre_req_pre"": ""0"", ""sel_4th_pre_req"": ""78"", ""sel_4th_pre_bid"": ""-580000"", ""sel_3th_pre_req_pre"": ""0"", ""sel_3th_pre_req"": ""38"", ""sel_3th_pre_bid"": ""-579000"", ""sel_2th_pre_req_pre"": ""0"", ""sel_2th_pre_req"": ""254"", ""sel_2th_pre_bid"": ""-578000"", ""sel_1th_pre_req_pre"": ""0"", ""sel_fpr_req"": ""57"", ""sel_fpr_bid"": ""-577000"", ""buy_fpr_bid"": ""-576000"", ""buy_fpr_req"": ""12"", ""buy_1th_pre_req_pre"": ""0"", ""buy_2th_pre_bid"": ""-575000"", ""buy_2th_pre_req"": ""2035"", ""buy_2th_pre_req_pre"": ""0"", ""buy_3th_pre_bid"": ""-574000"", ""buy_3th_pre_req"": ""987"", ""buy_3th_pre_req_pre"": ""0"", ""buy_4th_pre_bid"": ""-573000"", ""buy_4th_pre_req"": ""1399"", ""buy_4th_pre_req_pre"": ""0"", ""buy_5th_pre_bid"": ""-572000"", ""buy_5th_pre_req"": ""1543"", ""buy_5th_pre_req_pre"": ""0"", ""buy_6th_pre_bid"": ""-571000"", ""buy_6th_pre_req"": ""1971"", ""buy_6th_pre_req_pre"": ""0"", ""buy_7th_pre_bid"": ""-570000"", ""buy_7th_pre_req"": ""5282"", ""buy_7th_pre_req_pre"": ""0"", ""buy_8th_pre_bid"": ""-569000"", ""buy_8th_pre_req"": ""2700"", ""buy_8th_pre_req_pre"": ""0"", ""buy_9th_pre_bid"": ""-568000"", ""buy_9th_pre_req"": ""883"", ""buy_9th_pre_req_pre"": ""0"", ""buy_10th_pre_bid"": ""-567000"", ""buy_10th_pre_req"": ""770"", ""buy_10th_pre_req_pre"": ""0"", ""tot_sel_req_jub_pre"": ""0"", ""tot_sel_req"": ""1425"", ""tot_buy_req"": ""17582"", ""tot_buy_req_jub_pre"": ""0"", ""ovt_sel_req_pre"": ""0"", ""ovt_sel_req"": ""0"", ""ovt_buy_req"": ""0"", ""ovt_buy_req_pre"": ""0"", ""return_code"": 0, ""return_msg"": ""정상적으로 처리되었습니다""}"
2026-06-10,watchlist,009155,,0,filtered_candidate_recheck,607000,,607000,605000,607000,609000,0.16474464579901155,0.3294892915980231,,,,,,"{""bid_req_base_tm"": ""110110"", ""sel_10th_pre_req_pre"": ""0"", ""sel_10th_pre_req"": ""38"", ""sel_10th_pre_bid"": ""-617000"", ""sel_9th_pre_req_pre"": ""0"", ""sel_9th_pre_req"": ""9"", ""sel_9th_pre_bid"": ""-616000"", ""sel_8th_pre_req_pre"": ""0"", ""sel_8th_pre_req"": ""12"", ""sel_8th_pre_bid"": ""-615000"", ""sel_7th_pre_req_pre"": ""0"", ""sel_7th_pre_req"": ""41"", ""sel_7th_pre_bid"": ""-614000"", ""sel_6th_pre_req_pre"": ""0"", ""sel_6th_pre_req"": ""54"", ""sel_6th_pre_bid"": ""-613000"", ""sel_5th_pre_req_pre"": ""0"", ""sel_5th_pre_req"": ""15"", ""sel_5th_pre_bid"": ""-612000"", ""sel_4th_pre_req_pre"": ""0"", ""sel_4th_pre_req"": ""58"", ""sel_4th_pre_bid"": ""-611000"", ""sel_3th_pre_req_pre"": ""0"", ""sel_3th_pre_req"": ""8"", ""sel_3th_pre_bid"": ""-610000"", ""sel_2th_pre_req_pre"": ""0"", ""sel_2th_pre_req"": ""46"", ""sel_2th_pre_bid"": ""-609000"", ""sel_1th_pre_req_pre"": ""0"", ""sel_fpr_req"": ""3"", ""sel_fpr_bid"": ""-607000"", ""buy_fpr_bid"": ""-605000"", ""buy_fpr_req"": ""58"", ""buy_1th_pre_req_pre"": ""0"", ""buy_2th_pre_bid"": ""-604000"", ""buy_2th_pre_req"": ""94"", ""buy_2th_pre_req_pre"": ""0"", ""buy_3th_pre_bid"": ""-603000"", ""buy_3th_pre_req"": ""121"", ""buy_3th_pre_req_pre"": ""+1"", ""buy_4th_pre_bid"": ""-602000"", ""buy_4th_pre_req"": ""217"", ""buy_4th_pre_req_pre"": ""0"", ""buy_5th_pre_bid"": ""-601000"", ""buy_5th_pre_req"": ""126"", ""buy_5th_pre_req_pre"": ""0"", ""buy_6th_pre_bid"": ""-600000"", ""buy_6th_pre_req"": ""477"", ""buy_6th_pre_req_pre"": ""0"", ""buy_7th_pre_bid"": ""-599000"", ""buy_7th_pre_req"": ""248"", ""buy_7th_pre_req_pre"": ""0"", ""buy_8th_pre_bid"": ""-598000"", ""buy_8th_pre_req"": ""87"", ""buy_8th_pre_req_pre"": ""0"", ""buy_9th_pre_bid"": ""-597000"", ""buy_9th_pre_req"": ""131"", ""buy_9th_pre_req_pre"": ""0"", ""buy_10th_pre_bid"": ""-596000"", ""buy_10th_pre_req"": ""52"", ""buy_10th_pre_req_pre"": ""0"", ""tot_sel_req_jub_pre"": ""0"", ""tot_sel_req"": ""284"", ""tot_buy_req"": ""1611"", ""tot_buy_req_jub_pre"": ""+1"", ""ovt_sel_req_pre"": ""0"", ""ovt_sel_req"": ""0"", ""ovt_buy_req"": ""0"", ""ovt_buy_req_pre"": ""0"", ""return_code"": 0, ""return_msg"": ""정상적으로 처리되었습니다""}"
2026-06-10,watchlist,181710,,1,filtered_candidate_recheck,40950,,40950,40850,40950,41000,0.0,0.2442002442002442,,,,,,"{""bid_req_base_tm"": ""110110"", ""sel_10th_pre_req_pre"": ""0"", ""sel_10th_pre_req"": ""523"", ""sel_10th_pre_bid"": ""-41650"", ""sel_9th_pre_req_pre"": ""0"", ""sel_9th_pre_req"": ""57"", ""sel_9th_pre_bid"": ""-41600"", ""sel_8th_pre_req_pre"": ""0"", ""sel_8th_pre_req"": ""5"", ""sel_8th_pre_bid"": ""-41550"", ""sel_7th_pre_req_pre"": ""0"", ""sel_7th_pre_req"": ""1"", ""sel_7th_pre_bid"": ""-41500"", ""sel_6th_pre_req_pre"": ""0"", ""sel_6th_pre_req"": ""1"", ""sel_6th_pre_bid"": ""-41400"", ""sel_5th_pre_req_pre"": ""0"", ""sel_5th_pre_req"": ""10"", ""sel_5th_pre_bid"": ""-41350"", ""sel_4th_pre_req_pre"": ""0"", ""sel_4th_pre_req"": ""3"", ""sel_4th_pre_bid"": ""-41150"", ""sel_3th_pre_req_pre"": ""0"", ""sel_3th_pre_req"": ""60"", ""sel_3th_pre_bid"": ""-41050"", ""sel_2th_pre_req_pre"": ""0"", ""sel_2th_pre_req"": ""2"", ""sel_2th_pre_bid"": ""-41000"", ""sel_1th_pre_req_pre"": ""--7"", ""sel_fpr_req"": ""40"", ""sel_fpr_bid"": ""-40950"", ""buy_fpr_bid"": ""-40850"", ""buy_fpr_req"": ""6"", ""buy_1th_pre_req_pre"": ""0"", ""buy_2th_pre_bid"": ""-40800"", ""buy_2th_pre_req"": ""87"", ""buy_2th_pre_req_pre"": ""0"", ""buy_3th_pre_bid"": ""-40750"", ""buy_3th_pre_req"": ""154"", ""buy_3th_pre_req_pre"": ""0"", ""buy_4th_pre_bid"": ""-40700"", ""buy_4th_pre_req"": ""8"", ""buy_4th_pre_req_pre"": ""0"", ""buy_5th_pre_bid"": ""-40650"", ""buy_5th_pre_req"": ""57"", ""buy_5th_pre_req_pre"": ""0"", ""buy_6th_pre_bid"": ""-40600"", ""buy_6th_pre_req"": ""3"", ""buy_6th_pre_req_pre"": ""0"", ""buy_7th_pre_bid"": ""-40550"", ""buy_7th_pre_req"": ""137"", ""buy_7th_pre_req_pre"": ""0"", ""buy_8th_pre_bid"": ""-40500"", ""buy_8th_pre_req"": ""83"", ""buy_8th_pre_req_pre"": ""0"", ""buy_9th_pre_bid"": ""-40450"", ""buy_9th_pre_req"": ""29"", ""buy_9th_pre_req_pre"": ""0"", ""buy_10th_pre_bid"": ""-40400"", ""buy_10th_pre_req"": ""1"", ""buy_10th_pre_req_pre"": ""0"", ""tot_sel_req_jub_pre"": ""--7"", ""tot_sel_req"": ""702"", ""tot_buy_req"": ""565"", ""tot_buy_req_jub_pre"": ""0"", ""ovt_sel_req_pre"": ""0"", ""ovt_sel_req"": ""0"", ""ovt_buy_req"": ""0"", ""ovt_buy_req_pre"": ""0"", ""return_code"": 0, ""return_msg"": ""정상적으로 처리되었습니다""}"
2026-06-10,watchlist,085620,,0,filtered_candidate_recheck,22350,,22350,22300,22350,22400,0.0,0.22371364653243847,,,,,,"{""bid_req_base_tm"": ""110108"", ""sel_10th_pre_req_pre"": ""0"", ""sel_10th_pre_req"": ""2547"", ""sel_10th_pre_bid"": ""-22800"", ""sel_9th_pre_req_pre"": ""0"", ""sel_9th_pre_req"": ""558"", ""sel_9th_pre_bid"": ""-22750"", ""sel_8th_pre_req_pre"": ""0"", ""sel_8th_pre_req"": ""563"", ""sel_8th_pre_bid"": ""-22700"", ""sel_7th_pre_req_pre"": ""0"", ""sel_7th_pre_req"": ""108"", ""sel_7th_pre_bid"": ""-22650"", ""sel_6th_pre_req_pre"": ""0"", ""sel_6th_pre_req"": ""1279"", ""sel_6th_pre_bid"": ""-22600"", ""sel_5th_pre_req_pre"": ""0"", ""sel_5th_pre_req"": ""753"", ""sel_5th_pre_bid"": ""-22550"", ""sel_4th_pre_req_pre"": ""0"", ""sel_4th_pre_req"": ""1392"", ""sel_4th_pre_bid"": ""-22500"", ""sel_3th_pre_req_pre"": ""0"", ""sel_3th_pre_req"": ""499"", ""sel_3th_pre_bid"": ""-22450"", ""sel_2th_pre_req_pre"": ""0"", ""sel_2th_pre_req"": ""886"", ""sel_2th_pre_bid"": ""-22400"", ""sel_1th_pre_req_pre"": ""0"", ""sel_fpr_req"": ""149"", ""sel_fpr_bid"": ""-22350"", ""buy_fpr_bid"": ""-22300"", ""buy_fpr_req"": ""913"", ""buy_1th_pre_req_pre"": ""0"", ""buy_2th_pre_bid"": ""-22250"", ""buy_2th_pre_req"": ""666"", ""buy_2th_pre_req_pre"": ""0"", ""buy_3th_pre_bid"": ""-22200"", ""buy_3th_pre_req"": ""1146"", ""buy_3th_pre_req_pre"": ""0"", ""buy_4th_pre_bid"": ""-22150"", ""buy_4th_pre_req"": ""2166"", ""buy_4th_pre_req_pre"": ""0"", ""buy_5th_pre_bid"": ""-22100"", ""buy_5th_pre_req"": ""3466"", ""buy_5th_pre_req_pre"": ""0"", ""buy_6th_pre_bid"": ""-22050"", ""buy_6th_pre_req"": ""2258"", ""buy_6th_pre_req_pre"": ""0"", ""buy_7th_pre_bid"": ""-22000"", ""buy_7th_pre_req"": ""2065"", ""buy_7th_pre_req_pre"": ""0"", ""buy_8th_pre_bid"": ""-21950"", ""buy_8th_pre_req"": ""2335"", ""buy_8th_pre_req_pre"": ""0"", ""buy_9th_pre_bid"": ""-21900"", ""buy_9th_pre_req"": ""2555"", ""buy_9th_pre_req_pre"": ""0"", ""buy_10th_pre_bid"": ""-21850"", ""buy_10th_pre_req"": ""1715"", ""buy_10th_pre_req_pre"": ""0"", ""tot_sel_req_jub_pre"": ""0"", ""tot_sel_req"": ""8734"", ""tot_buy_req"": ""19285"", ""tot_buy_req_jub_pre"": ""0"", ""ovt_sel_req_pre"": ""0"", ""ovt_sel_req"": ""0"", ""ovt_buy_req"": ""0"", ""ovt_buy_req_pre"": ""0"", ""return_code"": 0, ""return_msg"": ""정상적으로 처리되었습니다""}"
2026-06-10,watchlist,062040,,0,filtered_candidate_recheck,222500,,222500,222000,222500,224000,0.44943820224719105,0.22471910112359553,,,,,,"{""bid_req_base_tm"": ""110109"", ""sel_10th_pre_req_pre"": ""0"", ""sel_10th_pre_req"": ""20"", ""sel_10th_pre_bid"": ""+227000"", ""sel_9th_pre_req_pre"": ""0"", ""sel_9th_pre_req"": ""74"", ""sel_9th_pre_bid"": ""+226500"", ""sel_8th_pre_req_pre"": ""0"", ""sel_8th_pre_req"": ""30"", ""sel_8th_pre_bid"": ""+226000"", ""sel_7th_pre_req_pre"": ""0"", ""sel_7th_pre_req"": ""65"", ""sel_7th_pre_bid"": ""+225500"", ""sel_6th_pre_req_pre"": ""0"", ""sel_6th_pre_req"": ""75"", ""sel_6th_pre_bid"": ""225000"", ""sel_5th_pre_req_pre"": ""0"", ""sel_5th_pre_req"": ""73"", ""sel_5th_pre_bid"": ""-224500"", ""sel_4th_pre_req_pre"": ""0"", ""sel_4th_pre_req"": ""182"", ""sel_4th_pre_bid"": ""-224000"", ""sel_3th_pre_req_pre"": ""0"", ""sel_3th_pre_req"": ""115"", ""sel_3th_pre_bid"": ""-223500"", ""sel_2th_pre_req_pre"": ""0"", ""sel_2th_pre_req"": ""365"", ""sel_2th_pre_bid"": ""-223000"", ""sel_1th_pre_req_pre"": ""--2"", ""sel_fpr_req"": ""15"", ""sel_fpr_bid"": ""-222500"", ""buy_fpr_bid"": ""-222000"", ""buy_fpr_req"": ""419"", ""buy_1th_pre_req_pre"": ""0"", ""buy_2th_pre_bid"": ""-221500"", ""buy_2th_pre_req"": ""231"", ""buy_2th_pre_req_pre"": ""0"", ""buy_3th_pre_bid"": ""-221000"", ""buy_3th_pre_req"": ""503"", ""buy_3th_pre_req_pre"": ""0"", ""buy_4th_pre_bid"": ""-220500"", ""buy_4th_pre_req"": ""457"", ""buy_4th_pre_req_pre"": ""0"", ""buy_5th_pre_bid"": ""-220000"", ""buy_5th_pre_req"": ""666"", ""buy_5th_pre_req_pre"": ""0"", ""buy_6th_pre_bid"": ""-219500"", ""buy_6th_pre_req"": ""85"", ""buy_6th_pre_req_pre"": ""0"", ""buy_7th_pre_bid"": ""-219000"", ""buy_7th_pre_req"": ""164"", ""buy_7th_pre_req_pre"": ""0"", ""buy_8th_pre_bid"": ""-218500"", ""buy_8th_pre_req"": ""245"", ""buy_8th_pre_req_pre"": ""0"", ""buy_9th_pre_bid"": ""-218000"", ""buy_9th_pre_req"": ""232"", ""buy_9th_pre_req_pre"": ""0"", ""buy_10th_pre_bid"": ""-217500"", ""buy_10th_pre_req"": ""46"", ""buy_10th_pre_req_pre"": ""0"", ""tot_sel_req_jub_pre"": ""--2"", ""tot_sel_req"": ""1014"", ""tot_buy_req"": ""3048"", ""tot_buy_req_jub_pre"": ""0"", ""ovt_sel_req_pre"": ""0"", ""ovt_sel_req"": ""0"", ""ovt_buy_req"": ""0"", ""ovt_buy_req_pre"": ""0"", ""return_code"": 0, ""return_msg"": ""정상적으로 처리되었습니다""}"
2026-06-10,watchlist,036460,,0,filtered_candidate_recheck,34600,,34600,34400,34600,34500,-0.4335260115606936,0.5780346820809248,,,,,,"{""bid_req_base_tm"": ""110111"", ""sel_10th_pre_req_pre"": ""0"", ""sel_10th_pre_req"": ""94"", ""sel_10th_pre_bid"": ""+35050"", ""sel_9th_pre_req_pre"": ""0"", ""sel_9th_pre_req"": ""4270"", ""sel_9th_pre_bid"": ""+35000"", ""sel_8th_pre_req_pre"": ""0"", ""sel_8th_pre_req"": ""307"", ""sel_8th_pre_bid"": ""+34950"", ""sel_7th_pre_req_pre"": ""0"", ""sel_7th_pre_req"": ""619"", ""sel_7th_pre_bid"": ""+34900"", ""sel_6th_pre_req_pre"": ""0"", ""sel_6th_pre_req"": ""533"", ""sel_6th_pre_bid"": ""+34850"", ""sel_5th_pre_req_pre"": ""0"", ""sel_5th_pre_req"": ""310"", ""sel_5th_pre_bid"": ""+34800"", ""sel_4th_pre_req_pre"": ""0"", ""sel_4th_pre_req"": ""578"", ""sel_4th_pre_bid"": ""+34750"", ""sel_3th_pre_req_pre"": ""0"", ""sel_3th_pre_req"": ""662"", ""sel_3th_pre_bid"": ""+34700"", ""sel_2th_pre_req_pre"": ""0"", ""sel_2th_pre_req"": ""486"", ""sel_2th_pre_bid"": ""+34650"", ""sel_1th_pre_req_pre"": ""0"", ""sel_fpr_req"": ""975"", ""sel_fpr_bid"": ""+34600"", ""buy_fpr_bid"": ""+34400"", ""buy_fpr_req"": ""498"", ""buy_1th_pre_req_pre"": ""0"", ""buy_2th_pre_bid"": ""+34350"", ""buy_2th_pre_req"": ""212"", ""buy_2th_pre_req_pre"": ""0"", ""buy_3th_pre_bid"": ""+34300"", ""buy_3th_pre_req"": ""151"", ""buy_3th_pre_req_pre"": ""0"", ""buy_4th_pre_bid"": ""+34250"", ""buy_4th_pre_req"": ""691"", ""buy_4th_pre_req_pre"": ""0"", ""buy_5th_pre_bid"": ""+34200"", ""buy_5th_pre_req"": ""550"", ""buy_5th_pre_req_pre"": ""0"", ""buy_6th_pre_bid"": ""+34150"", ""buy_6th_pre_req"": ""594"", ""buy_6th_pre_req_pre"": ""0"", ""buy_7th_pre_bid"": ""+34100"", ""buy_7th_pre_req"": ""700"", ""buy_7th_pre_req_pre"": ""0"", ""buy_8th_pre_bid"": ""+34050"", ""buy_8th_pre_req"": ""1418"", ""buy_8th_pre_req_pre"": ""0"", ""buy_9th_pre_bid"": ""34000"", ""buy_9th_pre_req"": ""3356"", ""buy_9th_pre_req_pre"": ""0"", ""buy_10th_pre_bid"": ""-33950"", ""buy_10th_pre_req"": ""854"", ""buy_10th_pre_req_pre"": ""0"", ""tot_sel_req_jub_pre"": ""0"", ""tot_sel_req"": ""8834"", ""tot_buy_req"": ""9024"", ""tot_buy_req_jub_pre"": ""0"", ""ovt_sel_req_pre"": ""0"", ""ovt_sel_req"": ""0"", ""ovt_buy_req"": ""0"", ""ovt_buy_req_pre"": ""0"", ""return_code"": 0, ""return_msg"": ""정상적으로 처리되었습니다""}"
2026-06-10,watchlist,066575,,0,filtered_candidate_recheck,79500,,79500,79400,79500,79300,-0.37735849056603776,0.12578616352201258,,,,,,"{""bid_req_base_tm"": ""110109"", ""sel_10th_pre_req_pre"": ""0"", ""sel_10th_pre_req"": ""392"", ""sel_10th_pre_bid"": ""-80500"", ""sel_9th_pre_req_pre"": ""0"", ""sel_9th_pre_req"": ""147"", ""sel_9th_pre_bid"": ""-80400"", ""sel_8th_pre_req_pre"": ""0"", ""sel_8th_pre_req"": ""184"", ""sel_8th_pre_bid"": ""-80300"", ""sel_7th_pre_req_pre"": ""0"", ""sel_7th_pre_req"": ""223"", ""sel_7th_pre_bid"": ""-80200"", ""sel_6th_pre_req_pre"": ""0"", ""sel_6th_pre_req"": ""105"", ""sel_6th_pre_bid"": ""-80100"", ""sel_5th_pre_req_pre"": ""0"", ""sel_5th_pre_req"": ""1119"", ""sel_5th_pre_bid"": ""-80000"", ""sel_4th_pre_req_pre"": ""0"", ""sel_4th_pre_req"": ""325"", ""sel_4th_pre_bid"": ""-79900"", ""sel_3th_pre_req_pre"": ""0"", ""sel_3th_pre_req"": ""280"", ""sel_3th_pre_bid"": ""-79800"", ""sel_2th_pre_req_pre"": ""0"", ""sel_2th_pre_req"": ""26"", ""sel_2th_pre_bid"": ""-79600"", ""sel_1th_pre_req_pre"": ""0"", ""sel_fpr_req"": ""152"", ""sel_fpr_bid"": ""-79500"", ""buy_fpr_bid"": ""-79400"", ""buy_fpr_req"": ""77"", ""buy_1th_pre_req_pre"": ""0"", ""buy_2th_pre_bid"": ""-79300"", ""buy_2th_pre_req"": ""73"", ""buy_2th_pre_req_pre"": ""0"", ""buy_3th_pre_bid"": ""-79200"", ""buy_3th_pre_req"": ""103"", ""buy_3th_pre_req_pre"": ""+26"", ""buy_4th_pre_bid"": ""-79100"", ""buy_4th_pre_req"": ""95"", ""buy_4th_pre_req_pre"": ""0"", ""buy_5th_pre_bid"": ""-79000"", ""buy_5th_pre_req"": ""267"", ""buy_5th_pre_req_pre"": ""0"", ""buy_6th_pre_bid"": ""-78900"", ""buy_6th_pre_req"": ""79"", ""buy_6th_pre_req_pre"": ""0"", ""buy_7th_pre_bid"": ""-78800"", ""buy_7th_pre_req"": ""436"", ""buy_7th_pre_req_pre"": ""0"", ""buy_8th_pre_bid"": ""-78700"", ""buy_8th_pre_req"": ""159"", ""buy_8th_pre_req_pre"": ""0"", ""buy_9th_pre_bid"": ""-78600"", ""buy_9th_pre_req"": ""274"", ""buy_9th_pre_req_pre"": ""0"", ""buy_10th_pre_bid"": ""-78500"", ""buy_10th_pre_req"": ""397"", ""buy_10th_pre_req_pre"": ""0"", ""tot_sel_req_jub_pre"": ""--685"", ""tot_sel_req"": ""2953"", ""tot_buy_req"": ""1960"", ""tot_buy_req_jub_pre"": ""+26"", ""ovt_sel_req_pre"": ""0"", ""ovt_sel_req"": ""0"", ""ovt_buy_req"": ""0"", ""ovt_buy_req_pre"": ""0"", ""return_code"": 0, ""return_msg"": ""정상적으로 처리되었습니다""}"
2026-06-10,watchlist,000810,,0,filtered_candidate_recheck,622000,,622000,621000,622000,617000,-0.964630225080386,0.1607717041800643,,,,,,"{""bid_req_base_tm"": ""110111"", ""sel_10th_pre_req_pre"": ""0"", ""sel_10th_pre_req"": ""3"", ""sel_10th_pre_bid"": ""-631000"", ""sel_9th_pre_req_pre"": ""0"", ""sel_9th_pre_req"": ""48"", ""sel_9th_pre_bid"": ""-630000"", ""sel_8th_pre_req_pre"": ""0"", ""sel_8th_pre_req"": ""40"", ""sel_8th_pre_bid"": ""-629000"", ""sel_7th_pre_req_pre"": ""0"", ""sel_7th_pre_req"": ""23"", ""sel_7th_pre_bid"": ""-628000"", ""sel_6th_pre_req_pre"": ""0"", ""sel_6th_pre_req"": ""27"", ""sel_6th_pre_bid"": ""-627000"", ""sel_5th_pre_req_pre"": ""0"", ""sel_5th_pre_req"": ""23"", ""sel_5th_pre_bid"": ""-626000"", ""sel_4th_pre_req_pre"": ""0"", ""sel_4th_pre_req"": ""12"", ""sel_4th_pre_bid"": ""-625000"", ""sel_3th_pre_req_pre"": ""0"", ""sel_3th_pre_req"": ""37"", ""sel_3th_pre_bid"": ""-624000"", ""sel_2th_pre_req_pre"": ""0"", ""sel_2th_pre_req"": ""693"", ""sel_2th_pre_bid"": ""-623000"", ""sel_1th_pre_req_pre"": ""0"", ""sel_fpr_req"": ""39"", ""sel_fpr_bid"": ""-622000"", ""buy_fpr_bid"": ""-621000"", ""buy_fpr_req"": ""69"", ""buy_1th_pre_req_pre"": ""+1"", ""buy_2th_pre_bid"": ""-620000"", ""buy_2th_pre_req"": ""51"", ""buy_2th_pre_req_pre"": ""0"", ""buy_3th_pre_bid"": ""-619000"", ""buy_3th_pre_req"": ""6"", ""buy_3th_pre_req_pre"": ""0"", ""buy_4th_pre_bid"": ""-618000"", ""buy_4th_pre_req"": ""13"", ""buy_4th_pre_req_pre"": ""0"", ""buy_5th_pre_bid"": ""-617000"", ""buy_5th_pre_req"": ""36"", ""buy_5th_pre_req_pre"": ""0"", ""buy_6th_pre_bid"": ""-616000"", ""buy_6th_pre_req"": ""19"", ""buy_6th_pre_req_pre"": ""0"", ""buy_7th_pre_bid"": ""-615000"", ""buy_7th_pre_req"": ""27"", ""buy_7th_pre_req_pre"": ""0"", ""buy_8th_pre_bid"": ""-614000"", ""buy_8th_pre_req"": ""92"", ""buy_8th_pre_req_pre"": ""0"", ""buy_9th_pre_bid"": ""-613000"", ""buy_9th_pre_req"": ""37"", ""buy_9th_pre_req_pre"": ""0"", ""buy_10th_pre_bid"": ""-612000"", ""buy_10th_pre_req"": ""31"", ""buy_10th_pre_req_pre"": ""0"", ""tot_sel_req_jub_pre"": ""0"", ""tot_sel_req"": ""945"", ""tot_buy_req"": ""381"", ""tot_buy_req_jub_pre"": ""+1"", ""ovt_sel_req_pre"": ""0"", ""ovt_sel_req"": ""0"", ""ovt_buy_req"": ""0"", ""ovt_buy_req_pre"": ""0"", ""return_code"": 0, ""return_msg"": ""정상적으로 처리되었습니다""}"
2026-06-10,watchlist,005930,,0,filtered_candidate_recheck,307000,,307000,306500,307000,308500,0.32573289902280134,0.16286644951140067,,,,,,"{""bid_req_base_tm"": ""110112"", ""sel_10th_pre_req_pre"": ""0"", ""sel_10th_pre_req"": ""12183"", ""sel_10th_pre_bid"": ""-311500"", ""sel_9th_pre_req_pre"": ""0"", ""sel_9th_pre_req"": ""10741"", ""sel_9th_pre_bid"": ""-311000"", ""sel_8th_pre_req_pre"": ""0"", ""sel_8th_pre_req"": ""27024"", ""sel_8th_pre_bid"": ""-310500"", ""sel_7th_pre_req_pre"": ""0"", ""sel_7th_pre_req"": ""24551"", ""sel_7th_pre_bid"": ""-310000"", ""sel_6th_pre_req_pre"": ""0"", ""sel_6th_pre_req"": ""18804"", ""sel_6th_pre_bid"": ""-309500"", ""sel_5th_pre_req_pre"": ""0"", ""sel_5th_pre_req"": ""17416"", ""sel_5th_pre_bid"": ""-309000"", ""sel_4th_pre_req_pre"": ""0"", ""sel_4th_pre_req"": ""17736"", ""sel_4th_pre_bid"": ""-308500"", ""sel_3th_pre_req_pre"": ""0"", ""sel_3th_pre_req"": ""4898"", ""sel_3th_pre_bid"": ""-308000"", ""sel_2th_pre_req_pre"": ""0"", ""sel_2th_pre_req"": ""11770"", ""sel_2th_pre_bid"": ""-307500"", ""sel_1th_pre_req_pre"": ""--649"", ""sel_fpr_req"": ""37349"", ""sel_fpr_bid"": ""-307000"", ""buy_fpr_bid"": ""-306500"", ""buy_fpr_req"": ""41247"", ""buy_1th_pre_req_pre"": ""--2"", ""buy_2th_pre_bid"": ""-306000"", ""buy_2th_pre_req"": ""101947"", ""buy_2th_pre_req_pre"": ""+11"", ""buy_3th_pre_bid"": ""-305500"", ""buy_3th_pre_req"": ""121122"", ""buy_3th_pre_req_pre"": ""0"", ""buy_4th_pre_bid"": ""-305000"", ""buy_4th_pre_req"": ""238496"", ""buy_4th_pre_req_pre"": ""+1"", ""buy_5th_pre_bid"": ""-304500"", ""buy_5th_pre_req"": ""35502"", ""buy_5th_pre_req_pre"": ""0"", ""buy_6th_pre_bid"": ""-304000"", ""buy_6th_pre_req"": ""45084"", ""buy_6th_pre_req_pre"": ""0"", ""buy_7th_pre_bid"": ""-303500"", ""buy_7th_pre_req"": ""46416"", ""buy_7th_pre_req_pre"": ""0"", ""buy_8th_pre_bid"": ""-303000"", ""buy_8th_pre_req"": ""81858"", ""buy_8th_pre_req_pre"": ""0"", ""buy_9th_pre_bid"": ""-302500"", ""buy_9th_pre_req"": ""48881"", ""buy_9th_pre_req_pre"": ""0"", ""buy_10th_pre_bid"": ""-302000"", ""buy_10th_pre_req"": ""60099"", ""buy_10th_pre_req_pre"": ""0"", ""tot_sel_req_jub_pre"": ""--649"", ""tot_sel_req"": ""182472"", ""tot_buy_req"": ""820652"", ""tot_buy_req_jub_pre"": ""+10"", ""ovt_sel_req_pre"": ""0"", ""ovt_sel_req"": ""0"", ""ovt_buy_req"": ""0"", ""ovt_buy_req_pre"": ""0"", ""return_code"": 0, ""return_msg"": ""정상적으로 처리되었습니다""}"
2026-06-10,watchlist,000370,,0,filtered_candidate_recheck,6510,,6510,6500,6510,6500,-0.30721966205837176,0.15360983102918588,,,,,,"{""bid_req_base_tm"": ""110111"", ""sel_10th_pre_req_pre"": ""0"", ""sel_10th_pre_req"": ""316"", ""sel_10th_pre_bid"": ""+6600"", ""sel_9th_pre_req_pre"": ""0"", ""sel_9th_pre_req"": ""311"", ""sel_9th_pre_bid"": ""+6590"", ""sel_8th_pre_req_pre"": ""0"", ""sel_8th_pre_req"": ""111"", ""sel_8th_pre_bid"": ""+6580"", ""sel_7th_pre_req_pre"": ""0"", ""sel_7th_pre_req"": ""752"", ""sel_7th_pre_bid"": ""+6570"", ""sel_6th_pre_req_pre"": ""0"", ""sel_6th_pre_req"": ""3"", ""sel_6th_pre_bid"": ""+6560"", ""sel_5th_pre_req_pre"": ""0"", ""sel_5th_pre_req"": ""1482"", ""sel_5th_pre_bid"": ""+6550"", ""sel_4th_pre_req_pre"": ""0"", ""sel_4th_pre_req"": ""16"", ""sel_4th_pre_bid"": ""+6540"", ""sel_3th_pre_req_pre"": ""0"", ""sel_3th_pre_req"": ""130"", ""sel_3th_pre_bid"": ""+6530"", ""sel_2th_pre_req_pre"": ""0"", ""sel_2th_pre_req"": ""604"", ""sel_2th_pre_bid"": ""+6520"", ""sel_1th_pre_req_pre"": ""--120"", ""sel_fpr_req"": ""542"", ""sel_fpr_bid"": ""+6510"", ""buy_fpr_bid"": ""+6500"", ""buy_fpr_req"": ""94"", ""buy_1th_pre_req_pre"": ""0"", ""buy_2th_pre_bid"": ""+6490"", ""buy_2th_pre_req"": ""279"", ""buy_2th_pre_req_pre"": ""0"", ""buy_3th_pre_bid"": ""+6480"", ""buy_3th_pre_req"": ""1467"", ""buy_3th_pre_req_pre"": ""0"", ""buy_4th_pre_bid"": ""+6470"", ""buy_4th_pre_req"": ""125"", ""buy_4th_pre_req_pre"": ""0"", ""buy_5th_pre_bid"": ""+6460"", ""buy_5th_pre_req"": ""132"", ""buy_5th_pre_req_pre"": ""0"", ""buy_6th_pre_bid"": ""6450"", ""buy_6th_pre_req"": ""310"", ""buy_6th_pre_req_pre"": ""0"", ""buy_7th_pre_bid"": ""-6440"", ""buy_7th_pre_req"": ""131"", ""buy_7th_pre_req_pre"": ""0"", ""buy_8th_pre_bid"": ""-6430"", ""buy_8th_pre_req"": ""1053"", ""buy_8th_pre_req_pre"": ""0"", ""buy_9th_pre_bid"": ""-6420"", ""buy_9th_pre_req"": ""156"", ""buy_9th_pre_req_pre"": ""0"", ""buy_10th_pre_bid"": ""-6410"", ""buy_10th_pre_req"": ""354"", ""buy_10th_pre_req_pre"": ""0"", ""tot_sel_req_jub_pre"": ""--120"", ""tot_sel_req"": ""4267"", ""tot_buy_req"": ""4101"", ""tot_buy_req_jub_pre"": ""0"", ""ovt_sel_req_pre"": ""0"", ""ovt_sel_req"": ""0"", ""ovt_buy_req"": ""0"", ""ovt_buy_req_pre"": ""0"", ""return_code"": 0, ""return_msg"": ""정상적으로 처리되었습니다""}"
2026-06-10,watchlist,064400,,0,filtered_candidate_recheck,96200,,96200,96100,96200,96400,0.10395010395010396,0.10395010395010396,,,,,,"{""bid_req_base_tm"": ""110112"", ""sel_10th_pre_req_pre"": ""0"", ""sel_10th_pre_req"": ""158"", ""sel_10th_pre_bid"": ""-97100"", ""sel_9th_pre_req_pre"": ""0"", ""sel_9th_pre_req"": ""1696"", ""sel_9th_pre_bid"": ""-97000"", ""sel_8th_pre_req_pre"": ""0"", ""sel_8th_pre_req"": ""444"", ""sel_8th_pre_bid"": ""-96900"", ""sel_7th_pre_req_pre"": ""0"", ""sel_7th_pre_req"": ""129"", ""sel_7th_pre_bid"": ""-96800"", ""sel_6th_pre_req_pre"": ""0"", ""sel_6th_pre_req"": ""409"", ""sel_6th_pre_bid"": ""-96700"", ""sel_5th_pre_req_pre"": ""0"", ""sel_5th_pre_req"": ""130"", ""sel_5th_pre_bid"": ""-96600"", ""sel_4th_pre_req_pre"": ""0"", ""sel_4th_pre_req"": ""547"", ""sel_4th_pre_bid"": ""-96500"", ""sel_3th_pre_req_pre"": ""0"", ""sel_3th_pre_req"": ""298"", ""sel_3th_pre_bid"": ""-96400"", ""sel_2th_pre_req_pre"": ""0"", ""sel_2th_pre_req"": ""448"", ""sel_2th_pre_bid"": ""-96300"", ""sel_1th_pre_req_pre"": ""0"", ""sel_fpr_req"": ""145"", ""sel_fpr_bid"": ""-96200"", ""buy_fpr_bid"": ""-96100"", ""buy_fpr_req"": ""666"", ""buy_1th_pre_req_pre"": ""0"", ""buy_2th_pre_bid"": ""-96000"", ""buy_2th_pre_req"": ""969"", ""buy_2th_pre_req_pre"": ""0"", ""buy_3th_pre_bid"": ""-95900"", ""buy_3th_pre_req"": ""899"", ""buy_3th_pre_req_pre"": ""+2"", ""buy_4th_pre_bid"": ""-95800"", ""buy_4th_pre_req"": ""861"", ""buy_4th_pre_req_pre"": ""0"", ""buy_5th_pre_bid"": ""-95700"", ""buy_5th_pre_req"": ""1014"", ""buy_5th_pre_req_pre"": ""0"", ""buy_6th_pre_bid"": ""-95600"", ""buy_6th_pre_req"": ""1679"", ""buy_6th_pre_req_pre"": ""0"", ""buy_7th_pre_bid"": ""-95500"", ""buy_7th_pre_req"": ""2535"", ""buy_7th_pre_req_pre"": ""0"", ""buy_8th_pre_bid"": ""-95400"", ""buy_8th_pre_req"": ""1844"", ""buy_8th_pre_req_pre"": ""0"", ""buy_9th_pre_bid"": ""-95300"", ""buy_9th_pre_req"": ""2573"", ""buy_9th_pre_req_pre"": ""0"", ""buy_10th_pre_bid"": ""-95200"", ""buy_10th_pre_req"": ""3038"", ""buy_10th_pre_req_pre"": ""0"", ""tot_sel_req_jub_pre"": ""0"", ""tot_sel_req"": ""4404"", ""tot_buy_req"": ""16078"", ""tot_buy_req_jub_pre"": ""+2"", ""ovt_sel_req_pre"": ""0"", ""ovt_sel_req"": ""0"", ""ovt_buy_req"": ""0"", ""ovt_buy_req_pre"": ""0"", ""return_code"": 0, ""return_msg"": ""정상적으로 처리되었습니다""}"
2026-06-10,watchlist,009420,,0,filtered_candidate_recheck,50800,,50800,50700,50800,50700,-0.39370078740157477,0.19685039370078738,,,,,,"{""bid_req_base_tm"": ""110110"", ""sel_10th_pre_req_pre"": ""0"", ""sel_10th_pre_req"": ""160"", ""sel_10th_pre_bid"": ""-51700"", ""sel_9th_pre_req_pre"": ""0"", ""sel_9th_pre_req"": ""284"", ""sel_9th_pre_bid"": ""-51600"", ""sel_8th_pre_req_pre"": ""0"", ""sel_8th_pre_req"": ""41"", ""sel_8th_pre_bid"": ""-51500"", ""sel_7th_pre_req_pre"": ""0"", ""sel_7th_pre_req"": ""313"", ""sel_7th_pre_bid"": ""-51400"", ""sel_6th_pre_req_pre"": ""0"", ""sel_6th_pre_req"": ""461"", ""sel_6th_pre_bid"": ""-51300"", ""sel_5th_pre_req_pre"": ""0"", ""sel_5th_pre_req"": ""651"", ""sel_5th_pre_bid"": ""-51200"", ""sel_4th_pre_req_pre"": ""0"", ""sel_4th_pre_req"": ""77"", ""sel_4th_pre_bid"": ""-51100"", ""sel_3th_pre_req_pre"": ""0"", ""sel_3th_pre_req"": ""178"", ""sel_3th_pre_bid"": ""-51000"", ""sel_2th_pre_req_pre"": ""0"", ""sel_2th_pre_req"": ""282"", ""sel_2th_pre_bid"": ""-50900"", ""sel_1th_pre_req_pre"": ""+20"", ""sel_fpr_req"": ""66"", ""sel_fpr_bid"": ""-50800"", ""buy_fpr_bid"": ""-50700"", ""buy_fpr_req"": ""32"", ""buy_1th_pre_req_pre"": ""0"", ""buy_2th_pre_bid"": ""-50600"", ""buy_2th_pre_req"": ""52"", ""buy_2th_pre_req_pre"": ""0"", ""buy_3th_pre_bid"": ""-50500"", ""buy_3th_pre_req"": ""211"", ""buy_3th_pre_req_pre"": ""0"", ""buy_4th_pre_bid"": ""-50400"", ""buy_4th_pre_req"": ""100"", ""buy_4th_pre_req_pre"": ""0"", ""buy_5th_pre_bid"": ""-50300"", ""buy_5th_pre_req"": ""1"", ""buy_5th_pre_req_pre"": ""0"", ""buy_6th_pre_bid"": ""-50200"", ""buy_6th_pre_req"": ""211"", ""buy_6th_pre_req_pre"": ""0"", ""buy_7th_pre_bid"": ""-50100"", ""buy_7th_pre_req"": ""189"", ""buy_7th_pre_req_pre"": ""0"", ""buy_8th_pre_bid"": ""-50000"", ""buy_8th_pre_req"": ""648"", ""buy_8th_pre_req_pre"": ""0"", ""buy_9th_pre_bid"": ""-49950"", ""buy_9th_pre_req"": ""355"", ""buy_9th_pre_req_pre"": ""0"", ""buy_10th_pre_bid"": ""-49900"", ""buy_10th_pre_req"": ""376"", ""buy_10th_pre_req_pre"": ""0"", ""tot_sel_req_jub_pre"": ""+20"", ""tot_sel_req"": ""2513"", ""tot_buy_req"": ""2175"", ""tot_buy_req_jub_pre"": ""0"", ""ovt_sel_req_pre"": ""0"", ""ovt_sel_req"": ""0"", ""ovt_buy_req"": ""0"", ""ovt_buy_req_pre"": ""0"", ""return_code"": 0, ""return_msg"": ""정상적으로 처리되었습니다""}"
2026-06-10,watchlist,383220,,0,filtered_candidate_recheck,75400,,75400,75300,75400,75200,-0.3978779840848806,0.1326259946949602,,,,,,"{""bid_req_base_tm"": ""110110"", ""sel_10th_pre_req_pre"": ""0"", ""sel_10th_pre_req"": ""12"", ""sel_10th_pre_bid"": ""+76400"", ""sel_9th_pre_req_pre"": ""0"", ""sel_9th_pre_req"": ""100"", ""sel_9th_pre_bid"": ""+76300"", ""sel_8th_pre_req_pre"": ""0"", ""sel_8th_pre_req"": ""13"", ""sel_8th_pre_bid"": ""+76200"", ""sel_7th_pre_req_pre"": ""0"", ""sel_7th_pre_req"": ""122"", ""sel_7th_pre_bid"": ""+76000"", ""sel_6th_pre_req_pre"": ""0"", ""sel_6th_pre_req"": ""159"", ""sel_6th_pre_bid"": ""+75900"", ""sel_5th_pre_req_pre"": ""0"", ""sel_5th_pre_req"": ""23"", ""sel_5th_pre_bid"": ""+75800"", ""sel_4th_pre_req_pre"": ""0"", ""sel_4th_pre_req"": ""16"", ""sel_4th_pre_bid"": ""+75700"", ""sel_3th_pre_req_pre"": ""0"", ""sel_3th_pre_req"": ""16"", ""sel_3th_pre_bid"": ""+75600"", ""sel_2th_pre_req_pre"": ""--4"", ""sel_2th_pre_req"": ""11"", ""sel_2th_pre_bid"": ""+75500"", ""sel_1th_pre_req_pre"": ""0"", ""sel_fpr_req"": ""53"", ""sel_fpr_bid"": ""+75400"", ""buy_fpr_bid"": ""+75300"", ""buy_fpr_req"": ""33"", ""buy_1th_pre_req_pre"": ""0"", ""buy_2th_pre_bid"": ""+75200"", ""buy_2th_pre_req"": ""54"", ""buy_2th_pre_req_pre"": ""0"", ""buy_3th_pre_bid"": ""+75100"", ""buy_3th_pre_req"": ""21"", ""buy_3th_pre_req_pre"": ""0"", ""buy_4th_pre_bid"": ""+75000"", ""buy_4th_pre_req"": ""1"", ""buy_4th_pre_req_pre"": ""0"", ""buy_5th_pre_bid"": ""+74900"", ""buy_5th_pre_req"": ""30"", ""buy_5th_pre_req_pre"": ""0"", ""buy_6th_pre_bid"": ""+74800"", ""buy_6th_pre_req"": ""6"", ""buy_6th_pre_req_pre"": ""0"", ""buy_7th_pre_bid"": ""+74700"", ""buy_7th_pre_req"": ""110"", ""buy_7th_pre_req_pre"": ""0"", ""buy_8th_pre_bid"": ""74600"", ""buy_8th_pre_req"": ""40"", ""buy_8th_pre_req_pre"": ""0"", ""buy_9th_pre_bid"": ""-74500"", ""buy_9th_pre_req"": ""27"", ""buy_9th_pre_req_pre"": ""0"", ""buy_10th_pre_bid"": ""-74400"", ""buy_10th_pre_req"": ""40"", ""buy_10th_pre_req_pre"": ""0"", ""tot_sel_req_jub_pre"": ""--4"", ""tot_sel_req"": ""525"", ""tot_buy_req"": ""362"", ""tot_buy_req_jub_pre"": ""0"", ""ovt_sel_req_pre"": ""0"", ""ovt_sel_req"": ""0"", ""ovt_buy_req"": ""0"", ""ovt_buy_req_pre"": ""0"", ""return_code"": 0, ""return_msg"": ""정상적으로 처리되었습니다""}"
2026-06-10,watchlist,004170,,0,filtered_candidate_recheck,681000,,681000,680000,681000,678000,-0.5873715124816447,0.14684287812041116,,,,,,"{""bid_req_base_tm"": ""110113"", ""sel_10th_pre_req_pre"": ""0"", ""sel_10th_pre_req"": ""206"", ""sel_10th_pre_bid"": ""+690000"", ""sel_9th_pre_req_pre"": ""0"", ""sel_9th_pre_req"": ""82"", ""sel_9th_pre_bid"": ""+689000"", ""sel_8th_pre_req_pre"": ""0"", ""sel_8th_pre_req"": ""51"", ""sel_8th_pre_bid"": ""+688000"", ""sel_7th_pre_req_pre"": ""0"", ""sel_7th_pre_req"": ""29"", ""sel_7th_pre_bid"": ""+687000"", ""sel_6th_pre_req_pre"": ""0"", ""sel_6th_pre_req"": ""420"", ""sel_6th_pre_bid"": ""+686000"", ""sel_5th_pre_req_pre"": ""0"", ""sel_5th_pre_req"": ""57"", ""sel_5th_pre_bid"": ""+685000"", ""sel_4th_pre_req_pre"": ""0"", ""sel_4th_pre_req"": ""12"", ""sel_4th_pre_bid"": ""+684000"", ""sel_3th_pre_req_pre"": ""0"", ""sel_3th_pre_req"": ""47"", ""sel_3th_pre_bid"": ""+683000"", ""sel_2th_pre_req_pre"": ""0"", ""sel_2th_pre_req"": ""16"", ""sel_2th_pre_bid"": ""+682000"", ""sel_1th_pre_req_pre"": ""--1"", ""sel_fpr_req"": ""51"", ""sel_fpr_bid"": ""+681000"", ""buy_fpr_bid"": ""+680000"", ""buy_fpr_req"": ""13"", ""buy_1th_pre_req_pre"": ""0"", ""buy_2th_pre_bid"": ""+679000"", ""buy_2th_pre_req"": ""2"", ""buy_2th_pre_req_pre"": ""0"", ""buy_3th_pre_bid"": ""+678000"", ""buy_3th_pre_req"": ""14"", ""buy_3th_pre_req_pre"": ""0"", ""buy_4th_pre_bid"": ""+677000"", ""buy_4th_pre_req"": ""42"", ""buy_4th_pre_req_pre"": ""0"", ""buy_5th_pre_bid"": ""+676000"", ""buy_5th_pre_req"": ""4"", ""buy_5th_pre_req_pre"": ""0"", ""buy_6th_pre_bid"": ""+675000"", ""buy_6th_pre_req"": ""3"", ""buy_6th_pre_req_pre"": ""0"", ""buy_7th_pre_bid"": ""+674000"", ""buy_7th_pre_req"": ""1"", ""buy_7th_pre_req_pre"": ""0"", ""buy_8th_pre_bid"": ""+673000"", ""buy_8th_pre_req"": ""25"", ""buy_8th_pre_req_pre"": ""0"", ""buy_9th_pre_bid"": ""+672000"", ""buy_9th_pre_req"": ""26"", ""buy_9th_pre_req_pre"": ""0"", ""buy_10th_pre_bid"": ""+671000"", ""buy_10th_pre_req"": ""109"", ""buy_10th_pre_req_pre"": ""0"", ""tot_sel_req_jub_pre"": ""--1"", ""tot_sel_req"": ""971"", ""tot_buy_req"": ""239"", ""tot_buy_req_jub_pre"": ""0"", ""ovt_sel_req_pre"": ""0"", ""ovt_sel_req"": ""0"", ""ovt_buy_req"": ""0"", ""ovt_buy_req_pre"": ""0"", ""return_code"": 0, ""return_msg"": ""정상적으로 처리되었습니다""}"
2026-06-10,watchlist,018260,,1,filtered_candidate_recheck,231500,,231500,231000,231500,233500,0.6479481641468683,0.21598272138228944,,,,,,"{""bid_req_base_tm"": ""110112"", ""sel_10th_pre_req_pre"": ""0"", ""sel_10th_pre_req"": ""314"", ""sel_10th_pre_bid"": ""-236000"", ""sel_9th_pre_req_pre"": ""0"", ""sel_9th_pre_req"": ""222"", ""sel_9th_pre_bid"": ""-235500"", ""sel_8th_pre_req_pre"": ""0"", ""sel_8th_pre_req"": ""132"", ""sel_8th_pre_bid"": ""-235000"", ""sel_7th_pre_req_pre"": ""0"", ""sel_7th_pre_req"": ""199"", ""sel_7th_pre_bid"": ""-234500"", ""sel_6th_pre_req_pre"": ""0"", ""sel_6th_pre_req"": ""215"", ""sel_6th_pre_bid"": ""-234000"", ""sel_5th_pre_req_pre"": ""0"", ""sel_5th_pre_req"": ""54"", ""sel_5th_pre_bid"": ""-233500"", ""sel_4th_pre_req_pre"": ""0"", ""sel_4th_pre_req"": ""188"", ""sel_4th_pre_bid"": ""-233000"", ""sel_3th_pre_req_pre"": ""0"", ""sel_3th_pre_req"": ""96"", ""sel_3th_pre_bid"": ""-232500"", ""sel_2th_pre_req_pre"": ""0"", ""sel_2th_pre_req"": ""144"", ""sel_2th_pre_bid"": ""-232000"", ""sel_1th_pre_req_pre"": ""0"", ""sel_fpr_req"": ""371"", ""sel_fpr_bid"": ""-231500"", ""buy_fpr_bid"": ""-231000"", ""buy_fpr_req"": ""2798"", ""buy_1th_pre_req_pre"": ""0"", ""buy_2th_pre_bid"": ""-230500"", ""buy_2th_pre_req"": ""2281"", ""buy_2th_pre_req_pre"": ""+8"", ""buy_3th_pre_bid"": ""-230000"", ""buy_3th_pre_req"": ""5085"", ""buy_3th_pre_req_pre"": ""0"", ""buy_4th_pre_bid"": ""-229500"", ""buy_4th_pre_req"": ""997"", ""buy_4th_pre_req_pre"": ""0"", ""buy_5th_pre_bid"": ""-229000"", ""buy_5th_pre_req"": ""1562"", ""buy_5th_pre_req_pre"": ""0"", ""buy_6th_pre_bid"": ""-228500"", ""buy_6th_pre_req"": ""970"", ""buy_6th_pre_req_pre"": ""0"", ""buy_7th_pre_bid"": ""-228000"", ""buy_7th_pre_req"": ""2236"", ""buy_7th_pre_req_pre"": ""0"", ""buy_8th_pre_bid"": ""-227500"", ""buy_8th_pre_req"": ""1725"", ""buy_8th_pre_req_pre"": ""0"", ""buy_9th_pre_bid"": ""-227000"", ""buy_9th_pre_req"": ""3137"", ""buy_9th_pre_req_pre"": ""0"", ""buy_10th_pre_bid"": ""-226500"", ""buy_10th_pre_req"": ""399"", ""buy_10th_pre_req_pre"": ""0"", ""tot_sel_req_jub_pre"": ""0"", ""tot_sel_req"": ""1935"", ""tot_buy_req"": ""21190"", ""tot_buy_req_jub_pre"": ""+8"", ""ovt_sel_req_pre"": ""0"", ""ovt_sel_req"": ""0"", ""ovt_buy_req"": ""0"", ""ovt_buy_req_pre"": ""0"", ""return_code"": 0, ""return_msg"": ""정상적으로 처리되었습니다""}"
2026-06-10,watchlist,161390,,1,filtered_candidate_recheck,71000,,71000,70900,71000,71000,-0.14084507042253522,0.14084507042253522,,,,,,"{""bid_req_base_tm"": ""110113"", ""sel_10th_pre_req_pre"": ""0"", ""sel_10th_pre_req"": ""325"", ""sel_10th_pre_bid"": ""-71900"", ""sel_9th_pre_req_pre"": ""0"", ""sel_9th_pre_req"": ""130"", ""sel_9th_pre_bid"": ""-71800"", ""sel_8th_pre_req_pre"": ""0"", ""sel_8th_pre_req"": ""11"", ""sel_8th_pre_bid"": ""-71700"", ""sel_7th_pre_req_pre"": ""0"", ""sel_7th_pre_req"": ""17"", ""sel_7th_pre_bid"": ""-71600"", ""sel_6th_pre_req_pre"": ""0"", ""sel_6th_pre_req"": ""71"", ""sel_6th_pre_bid"": ""-71500"", ""sel_5th_pre_req_pre"": ""0"", ""sel_5th_pre_req"": ""15"", ""sel_5th_pre_bid"": ""-71400"", ""sel_4th_pre_req_pre"": ""0"", ""sel_4th_pre_req"": ""42"", ""sel_4th_pre_bid"": ""-71300"", ""sel_3th_pre_req_pre"": ""0"", ""sel_3th_pre_req"": ""147"", ""sel_3th_pre_bid"": ""-71200"", ""sel_2th_pre_req_pre"": ""0"", ""sel_2th_pre_req"": ""343"", ""sel_2th_pre_bid"": ""-71100"", ""sel_1th_pre_req_pre"": ""+1"", ""sel_fpr_req"": ""2106"", ""sel_fpr_bid"": ""-71000"", ""buy_fpr_bid"": ""-70900"", ""buy_fpr_req"": ""2596"", ""buy_1th_pre_req_pre"": ""--1"", ""buy_2th_pre_bid"": ""-70800"", ""buy_2th_pre_req"": ""156"", ""buy_2th_pre_req_pre"": ""0"", ""buy_3th_pre_bid"": ""-70700"", ""buy_3th_pre_req"": ""102"", ""buy_3th_pre_req_pre"": ""0"", ""buy_4th_pre_bid"": ""-70600"", ""buy_4th_pre_req"": ""50"", ""buy_4th_pre_req_pre"": ""0"", ""buy_5th_pre_bid"": ""-70500"", ""buy_5th_pre_req"": ""4"", ""buy_5th_pre_req_pre"": ""0"", ""buy_6th_pre_bid"": ""-70400"", ""buy_6th_pre_req"": ""82"", ""buy_6th_pre_req_pre"": ""0"", ""buy_7th_pre_bid"": ""-70300"", ""buy_7th_pre_req"": ""203"", ""buy_7th_pre_req_pre"": ""0"", ""buy_8th_pre_bid"": ""-70200"", ""buy_8th_pre_req"": ""64"", ""buy_8th_pre_req_pre"": ""0"", ""buy_9th_pre_bid"": ""-70100"", ""buy_9th_pre_req"": ""3219"", ""buy_9th_pre_req_pre"": ""0"", ""buy_10th_pre_bid"": ""-70000"", ""buy_10th_pre_req"": ""175"", ""buy_10th_pre_req_pre"": ""0"", ""tot_sel_req_jub_pre"": ""+1"", ""tot_sel_req"": ""3207"", ""tot_buy_req"": ""6651"", ""tot_buy_req_jub_pre"": ""--1"", ""ovt_sel_req_pre"": ""0"", ""ovt_sel_req"": ""0"", ""ovt_buy_req"": ""0"", ""ovt_buy_req_pre"": ""0"", ""return_code"": 0, ""return_msg"": ""정상적으로 처리되었습니다""}"
2026-06-10,watchlist,078930,,0,filtered_candidate_recheck,74300,,74300,74200,74300,73800,-0.8075370121130552,0.13458950201884254,,,,,,"{""bid_req_base_tm"": ""110113"", ""sel_10th_pre_req_pre"": ""0"", ""sel_10th_pre_req"": ""2"", ""sel_10th_pre_bid"": ""+75200"", ""sel_9th_pre_req_pre"": ""0"", ""sel_9th_pre_req"": ""15"", ""sel_9th_pre_bid"": ""+75100"", ""sel_8th_pre_req_pre"": ""0"", ""sel_8th_pre_req"": ""1076"", ""sel_8th_pre_bid"": ""+75000"", ""sel_7th_pre_req_pre"": ""0"", ""sel_7th_pre_req"": ""63"", ""sel_7th_pre_bid"": ""+74900"", ""sel_6th_pre_req_pre"": ""0"", ""sel_6th_pre_req"": ""4"", ""sel_6th_pre_bid"": ""+74800"", ""sel_5th_pre_req_pre"": ""0"", ""sel_5th_pre_req"": ""237"", ""sel_5th_pre_bid"": ""+74700"", ""sel_4th_pre_req_pre"": ""+67"", ""sel_4th_pre_req"": ""171"", ""sel_4th_pre_bid"": ""+74600"", ""sel_3th_pre_req_pre"": ""0"", ""sel_3th_pre_req"": ""1057"", ""sel_3th_pre_bid"": ""+74500"", ""sel_2th_pre_req_pre"": ""0"", ""sel_2th_pre_req"": ""134"", ""sel_2th_pre_bid"": ""+74400"", ""sel_1th_pre_req_pre"": ""0"", ""sel_fpr_req"": ""163"", ""sel_fpr_bid"": ""+74300"", ""buy_fpr_bid"": ""+74200"", ""buy_fpr_req"": ""139"", ""buy_1th_pre_req_pre"": ""0"", ""buy_2th_pre_bid"": ""+74100"", ""buy_2th_pre_req"": ""661"", ""buy_2th_pre_req_pre"": ""0"", ""buy_3th_pre_bid"": ""+74000"", ""buy_3th_pre_req"": ""251"", ""buy_3th_pre_req_pre"": ""0"", ""buy_4th_pre_bid"": ""+73900"", ""buy_4th_pre_req"": ""139"", ""buy_4th_pre_req_pre"": ""0"", ""buy_5th_pre_bid"": ""73800"", ""buy_5th_pre_req"": ""83"", ""buy_5th_pre_req_pre"": ""0"", ""buy_6th_pre_bid"": ""-73700"", ""buy_6th_pre_req"": ""27"", ""buy_6th_pre_req_pre"": ""0"", ""buy_7th_pre_bid"": ""-73600"", ""buy_7th_pre_req"": ""16"", ""buy_7th_pre_req_pre"": ""0"", ""buy_8th_pre_bid"": ""-73400"", ""buy_8th_pre_req"": ""1"", ""buy_8th_pre_req_pre"": ""0"", ""buy_9th_pre_bid"": ""-73300"", ""buy_9th_pre_req"": ""30"", ""buy_9th_pre_req_pre"": ""0"", ""buy_10th_pre_bid"": ""-73200"", ""buy_10th_pre_req"": ""5"", ""buy_10th_pre_req_pre"": ""0"", ""tot_sel_req_jub_pre"": ""+67"", ""tot_sel_req"": ""2922"", ""tot_buy_req"": ""1352"", ""tot_buy_req_jub_pre"": ""0"", ""ovt_sel_req_pre"": ""0"", ""ovt_sel_req"": ""0"", ""ovt_buy_req"": ""0"", ""ovt_buy_req_pre"": ""0"", ""return_code"": 0, ""return_msg"": ""정상적으로 처리되었습니다""}"
2026-06-10,watchlist,462870,,0,filtered_candidate_recheck,31700,,31700,31650,31700,31550,-0.6309148264984227,0.15772870662460567,,,,,,"{""bid_req_base_tm"": ""110112"", ""sel_10th_pre_req_pre"": ""0"", ""sel_10th_pre_req"": ""30"", ""sel_10th_pre_bid"": ""-32150"", ""sel_9th_pre_req_pre"": ""0"", ""sel_9th_pre_req"": ""13"", ""sel_9th_pre_bid"": ""-32100"", ""sel_8th_pre_req_pre"": ""0"", ""sel_8th_pre_req"": ""76"", ""sel_8th_pre_bid"": ""-32050"", ""sel_7th_pre_req_pre"": ""0"", ""sel_7th_pre_req"": ""156"", ""sel_7th_pre_bid"": ""-32000"", ""sel_6th_pre_req_pre"": ""0"", ""sel_6th_pre_req"": ""840"", ""sel_6th_pre_bid"": ""-31950"", ""sel_5th_pre_req_pre"": ""0"", ""sel_5th_pre_req"": ""128"", ""sel_5th_pre_bid"": ""-31900"", ""sel_4th_pre_req_pre"": ""0"", ""sel_4th_pre_req"": ""35"", ""sel_4th_pre_bid"": ""-31850"", ""sel_3th_pre_req_pre"": ""0"", ""sel_3th_pre_req"": ""44"", ""sel_3th_pre_bid"": ""-31800"", ""sel_2th_pre_req_pre"": ""0"", ""sel_2th_pre_req"": ""59"", ""sel_2th_pre_bid"": ""-31750"", ""sel_1th_pre_req_pre"": ""0"", ""sel_fpr_req"": ""118"", ""sel_fpr_bid"": ""-31700"", ""buy_fpr_bid"": ""-31650"", ""buy_fpr_req"": ""2"", ""buy_1th_pre_req_pre"": ""0"", ""buy_2th_pre_bid"": ""-31600"", ""buy_2th_pre_req"": ""21"", ""buy_2th_pre_req_pre"": ""0"", ""buy_3th_pre_bid"": ""-31550"", ""buy_3th_pre_req"": ""1"", ""buy_3th_pre_req_pre"": ""0"", ""buy_4th_pre_bid"": ""-31500"", ""buy_4th_pre_req"": ""29"", ""buy_4th_pre_req_pre"": ""0"", ""buy_5th_pre_bid"": ""-31450"", ""buy_5th_pre_req"": ""20"", ""buy_5th_pre_req_pre"": ""0"", ""buy_6th_pre_bid"": ""-31400"", ""buy_6th_pre_req"": ""51"", ""buy_6th_pre_req_pre"": ""0"", ""buy_7th_pre_bid"": ""-31350"", ""buy_7th_pre_req"": ""37"", ""buy_7th_pre_req_pre"": ""0"", ""buy_8th_pre_bid"": ""-31300"", ""buy_8th_pre_req"": ""42"", ""buy_8th_pre_req_pre"": ""0"", ""buy_9th_pre_bid"": ""-31250"", ""buy_9th_pre_req"": ""21"", ""buy_9th_pre_req_pre"": ""0"", ""buy_10th_pre_bid"": ""-31200"", ""buy_10th_pre_req"": ""68"", ""buy_10th_pre_req_pre"": ""0"", ""tot_sel_req_jub_pre"": ""0"", ""tot_sel_req"": ""1499"", ""tot_buy_req"": ""292"", ""tot_buy_req_jub_pre"": ""--182"", ""ovt_sel_req_pre"": ""0"", ""ovt_sel_req"": ""0"", ""ovt_buy_req"": ""0"", ""ovt_buy_req_pre"": ""0"", ""return_code"": 0, ""return_msg"": ""정상적으로 처리되었습니다""}"
2026-06-10,watchlist,055550,,0,filtered_candidate_recheck,99000,,99000,98900,99000,99100,0.0,0.10101010101010101,,,,,,"{""bid_req_base_tm"": ""110113"", ""sel_10th_pre_req_pre"": ""0"", ""sel_10th_pre_req"": ""295"", ""sel_10th_pre_bid"": ""-99900"", ""sel_9th_pre_req_pre"": ""0"", ""sel_9th_pre_req"": ""354"", ""sel_9th_pre_bid"": ""-99800"", ""sel_8th_pre_req_pre"": ""0"", ""sel_8th_pre_req"": ""277"", ""sel_8th_pre_bid"": ""-99700"", ""sel_7th_pre_req_pre"": ""0"", ""sel_7th_pre_req"": ""368"", ""sel_7th_pre_bid"": ""-99600"", ""sel_6th_pre_req_pre"": ""0"", ""sel_6th_pre_req"": ""80"", ""sel_6th_pre_bid"": ""-99500"", ""sel_5th_pre_req_pre"": ""0"", ""sel_5th_pre_req"": ""968"", ""sel_5th_pre_bid"": ""-99400"", ""sel_4th_pre_req_pre"": ""0"", ""sel_4th_pre_req"": ""71"", ""sel_4th_pre_bid"": ""-99300"", ""sel_3th_pre_req_pre"": ""0"", ""sel_3th_pre_req"": ""342"", ""sel_3th_pre_bid"": ""-99200"", ""sel_2th_pre_req_pre"": ""0"", ""sel_2th_pre_req"": ""206"", ""sel_2th_pre_bid"": ""-99100"", ""sel_1th_pre_req_pre"": ""--6"", ""sel_fpr_req"": ""707"", ""sel_fpr_bid"": ""-99000"", ""buy_fpr_bid"": ""-98900"", ""buy_fpr_req"": ""1021"", ""buy_1th_pre_req_pre"": ""0"", ""buy_2th_pre_bid"": ""-98800"", ""buy_2th_pre_req"": ""539"", ""buy_2th_pre_req_pre"": ""0"", ""buy_3th_pre_bid"": ""-98700"", ""buy_3th_pre_req"": ""998"", ""buy_3th_pre_req_pre"": ""0"", ""buy_4th_pre_bid"": ""-98600"", ""buy_4th_pre_req"": ""262"", ""buy_4th_pre_req_pre"": ""0"", ""buy_5th_pre_bid"": ""-98500"", ""buy_5th_pre_req"": ""742"", ""buy_5th_pre_req_pre"": ""0"", ""buy_6th_pre_bid"": ""-98400"", ""buy_6th_pre_req"": ""1064"", ""buy_6th_pre_req_pre"": ""0"", ""buy_7th_pre_bid"": ""-98300"", ""buy_7th_pre_req"": ""120"", ""buy_7th_pre_req_pre"": ""0"", ""buy_8th_pre_bid"": ""-98200"", ""buy_8th_pre_req"": ""1263"", ""buy_8th_pre_req_pre"": ""0"", ""buy_9th_pre_bid"": ""-98100"", ""buy_9th_pre_req"": ""401"", ""buy_9th_pre_req_pre"": ""0"", ""buy_10th_pre_bid"": ""-98000"", ""buy_10th_pre_req"": ""1591"", ""buy_10th_pre_req_pre"": ""0"", ""tot_sel_req_jub_pre"": ""--6"", ""tot_sel_req"": ""3668"", ""tot_buy_req"": ""8001"", ""tot_buy_req_jub_pre"": ""0"", ""ovt_sel_req_pre"": ""0"", ""ovt_sel_req"": ""0"", ""ovt_buy_req"": ""0"", ""ovt_buy_req_pre"": ""0"", ""return_code"": 0, ""return_msg"": ""정상적으로 처리되었습니다""}"
2026-06-10,watchlist,192080,,1,filtered_candidate_recheck,71400,,71400,71200,71400,71700,0.2801120448179272,0.2801120448179272,,,,,,"{""bid_req_base_tm"": ""110114"", ""sel_10th_pre_req_pre"": ""0"", ""sel_10th_pre_req"": ""182"", ""sel_10th_pre_bid"": ""+72600"", ""sel_9th_pre_req_pre"": ""0"", ""sel_9th_pre_req"": ""11"", ""sel_9th_pre_bid"": ""+72500"", ""sel_8th_pre_req_pre"": ""0"", ""sel_8th_pre_req"": ""128"", ""sel_8th_pre_bid"": ""+72400"", ""sel_7th_pre_req_pre"": ""0"", ""sel_7th_pre_req"": ""10"", ""sel_7th_pre_bid"": ""+72300"", ""sel_6th_pre_req_pre"": ""0"", ""sel_6th_pre_req"": ""10"", ""sel_6th_pre_bid"": ""+72200"", ""sel_5th_pre_req_pre"": ""0"", ""sel_5th_pre_req"": ""6"", ""sel_5th_pre_bid"": ""+72100"", ""sel_4th_pre_req_pre"": ""0"", ""sel_4th_pre_req"": ""5"", ""sel_4th_pre_bid"": ""72000"", ""sel_3th_pre_req_pre"": ""0"", ""sel_3th_pre_req"": ""33"", ""sel_3th_pre_bid"": ""-71800"", ""sel_2th_pre_req_pre"": ""0"", ""sel_2th_pre_req"": ""20"", ""sel_2th_pre_bid"": ""-71600"", ""sel_1th_pre_req_pre"": ""+12"", ""sel_fpr_req"": ""58"", ""sel_fpr_bid"": ""-71400"", ""buy_fpr_bid"": ""-71200"", ""buy_fpr_req"": ""163"", ""buy_1th_pre_req_pre"": ""0"", ""buy_2th_pre_bid"": ""-71100"", ""buy_2th_pre_req"": ""2"", ""buy_2th_pre_req_pre"": ""0"", ""buy_3th_pre_bid"": ""-71000"", ""buy_3th_pre_req"": ""67"", ""buy_3th_pre_req_pre"": ""0"", ""buy_4th_pre_bid"": ""-70900"", ""buy_4th_pre_req"": ""152"", ""buy_4th_pre_req_pre"": ""0"", ""buy_5th_pre_bid"": ""-70800"", ""buy_5th_pre_req"": ""83"", ""buy_5th_pre_req_pre"": ""0"", ""buy_6th_pre_bid"": ""-70700"", ""buy_6th_pre_req"": ""110"", ""buy_6th_pre_req_pre"": ""0"", ""buy_7th_pre_bid"": ""-70600"", ""buy_7th_pre_req"": ""100"", ""buy_7th_pre_req_pre"": ""0"", ""buy_8th_pre_bid"": ""-70500"", ""buy_8th_pre_req"": ""181"", ""buy_8th_pre_req_pre"": ""0"", ""buy_9th_pre_bid"": ""-70400"", ""buy_9th_pre_req"": ""182"", ""buy_9th_pre_req_pre"": ""0"", ""buy_10th_pre_bid"": ""-70300"", ""buy_10th_pre_req"": ""94"", ""buy_10th_pre_req_pre"": ""0"", ""tot_sel_req_jub_pre"": ""+12"", ""tot_sel_req"": ""463"", ""tot_buy_req"": ""1134"", ""tot_buy_req_jub_pre"": ""0"", ""ovt_sel_req_pre"": ""0"", ""ovt_sel_req"": ""0"", ""ovt_buy_req"": ""0"", ""ovt_buy_req_pre"": ""0"", ""return_code"": 0, ""return_msg"": ""정상적으로 처리되었습니다""}"
2026-06-10,watchlist,000430,,1,filtered_candidate_recheck,5700,,5700,5690,5700,5710,0.0,0.17543859649122806,,,,,,"{""bid_req_base_tm"": ""110114"", ""sel_10th_pre_req_pre"": ""0"", ""sel_10th_pre_req"": ""1712"", ""sel_10th_pre_bid"": ""-5790"", ""sel_9th_pre_req_pre"": ""0"", ""sel_9th_pre_req"": ""1614"", ""sel_9th_pre_bid"": ""-5780"", ""sel_8th_pre_req_pre"": ""0"", ""sel_8th_pre_req"": ""1562"", ""sel_8th_pre_bid"": ""-5770"", ""sel_7th_pre_req_pre"": ""0"", ""sel_7th_pre_req"": ""390"", ""sel_7th_pre_bid"": ""-5760"", ""sel_6th_pre_req_pre"": ""0"", ""sel_6th_pre_req"": ""1243"", ""sel_6th_pre_bid"": ""-5750"", ""sel_5th_pre_req_pre"": ""--75"", ""sel_5th_pre_req"": ""1334"", ""sel_5th_pre_bid"": ""-5740"", ""sel_4th_pre_req_pre"": ""0"", ""sel_4th_pre_req"": ""974"", ""sel_4th_pre_bid"": ""-5730"", ""sel_3th_pre_req_pre"": ""0"", ""sel_3th_pre_req"": ""405"", ""sel_3th_pre_bid"": ""-5720"", ""sel_2th_pre_req_pre"": ""0"", ""sel_2th_pre_req"": ""27"", ""sel_2th_pre_bid"": ""-5710"", ""sel_1th_pre_req_pre"": ""0"", ""sel_fpr_req"": ""115"", ""sel_fpr_bid"": ""-5700"", ""buy_fpr_bid"": ""-5690"", ""buy_fpr_req"": ""126"", ""buy_1th_pre_req_pre"": ""0"", ""buy_2th_pre_bid"": ""-5680"", ""buy_2th_pre_req"": ""1590"", ""buy_2th_pre_req_pre"": ""0"", ""buy_3th_pre_bid"": ""-5670"", ""buy_3th_pre_req"": ""1159"", ""buy_3th_pre_req_pre"": ""0"", ""buy_4th_pre_bid"": ""-5660"", ""buy_4th_pre_req"": ""749"", ""buy_4th_pre_req_pre"": ""0"", ""buy_5th_pre_bid"": ""-5650"", ""buy_5th_pre_req"": ""353"", ""buy_5th_pre_req_pre"": ""0"", ""buy_6th_pre_bid"": ""-5640"", ""buy_6th_pre_req"": ""3228"", ""buy_6th_pre_req_pre"": ""0"", ""buy_7th_pre_bid"": ""-5630"", ""buy_7th_pre_req"": ""2306"", ""buy_7th_pre_req_pre"": ""0"", ""buy_8th_pre_bid"": ""-5620"", ""buy_8th_pre_req"": ""2454"", ""buy_8th_pre_req_pre"": ""0"", ""buy_9th_pre_bid"": ""-5610"", ""buy_9th_pre_req"": ""6709"", ""buy_9th_pre_req_pre"": ""0"", ""buy_10th_pre_bid"": ""-5600"", ""buy_10th_pre_req"": ""15485"", ""buy_10th_pre_req_pre"": ""0"", ""tot_sel_req_jub_pre"": ""--75"", ""tot_sel_req"": ""9376"", ""tot_buy_req"": ""34159"", ""tot_buy_req_jub_pre"": ""0"", ""ovt_sel_req_pre"": ""0"", ""ovt_sel_req"": ""0"", ""ovt_buy_req"": ""0"", ""ovt_buy_req_pre"": ""0"", ""return_code"": 0, ""return_msg"": ""정상적으로 처리되었습니다""}"
2026-06-10,watchlist,307950,,0,filtered_candidate_recheck,698000,,698000,697000,698000,701000,0.28653295128939826,0.14326647564469913,,,,,,"{""bid_req_base_tm"": ""110114"", ""sel_10th_pre_req_pre"": ""0"", ""sel_10th_pre_req"": ""1"", ""sel_10th_pre_bid"": ""+707000"", ""sel_9th_pre_req_pre"": ""0"", ""sel_9th_pre_req"": ""10"", ""sel_9th_pre_bid"": ""+706000"", ""sel_8th_pre_req_pre"": ""0"", ""sel_8th_pre_req"": ""10"", ""sel_8th_pre_bid"": ""+705000"", ""sel_7th_pre_req_pre"": ""0"", ""sel_7th_pre_req"": ""7"", ""sel_7th_pre_bid"": ""+704000"", ""sel_6th_pre_req_pre"": ""0"", ""sel_6th_pre_req"": ""6"", ""sel_6th_pre_bid"": ""+703000"", ""sel_5th_pre_req_pre"": ""0"", ""sel_5th_pre_req"": ""48"", ""sel_5th_pre_bid"": ""+702000"", ""sel_4th_pre_req_pre"": ""0"", ""sel_4th_pre_req"": ""65"", ""sel_4th_pre_bid"": ""+701000"", ""sel_3th_pre_req_pre"": ""0"", ""sel_3th_pre_req"": ""34"", ""sel_3th_pre_bid"": ""+700000"", ""sel_2th_pre_req_pre"": ""0"", ""sel_2th_pre_req"": ""77"", ""sel_2th_pre_bid"": ""+699000"", ""sel_1th_pre_req_pre"": ""0"", ""sel_fpr_req"": ""229"", ""sel_fpr_bid"": ""+698000"", ""buy_fpr_bid"": ""+697000"", ""buy_fpr_req"": ""193"", ""buy_1th_pre_req_pre"": ""+1"", ""buy_2th_pre_bid"": ""+696000"", ""buy_2th_pre_req"": ""210"", ""buy_2th_pre_req_pre"": ""0"", ""buy_3th_pre_bid"": ""+695000"", ""buy_3th_pre_req"": ""402"", ""buy_3th_pre_req_pre"": ""0"", ""buy_4th_pre_bid"": ""+694000"", ""buy_4th_pre_req"": ""81"", ""buy_4th_pre_req_pre"": ""0"", ""buy_5th_pre_bid"": ""+693000"", ""buy_5th_pre_req"": ""107"", ""buy_5th_pre_req_pre"": ""0"", ""buy_6th_pre_bid"": ""+692000"", ""buy_6th_pre_req"": ""175"", ""buy_6th_pre_req_pre"": ""0"", ""buy_7th_pre_bid"": ""+691000"", ""buy_7th_pre_req"": ""347"", ""buy_7th_pre_req_pre"": ""0"", ""buy_8th_pre_bid"": ""+690000"", ""buy_8th_pre_req"": ""301"", ""buy_8th_pre_req_pre"": ""0"", ""buy_9th_pre_bid"": ""+689000"", ""buy_9th_pre_req"": ""143"", ""buy_9th_pre_req_pre"": ""0"", ""buy_10th_pre_bid"": ""+688000"", ""buy_10th_pre_req"": ""272"", ""buy_10th_pre_req_pre"": ""0"", ""tot_sel_req_jub_pre"": ""0"", ""tot_sel_req"": ""487"", ""tot_buy_req"": ""2231"", ""tot_buy_req_jub_pre"": ""+1"", ""ovt_sel_req_pre"": ""0"", ""ovt_sel_req"": ""0"", ""ovt_buy_req"": ""0"", ""ovt_buy_req_pre"": ""0"", ""return_code"": 0, ""return_msg"": ""정상적으로 처리되었습니다""}"
2026-06-10,watchlist,114090,,0,filtered_candidate_recheck,12020,,12020,12000,12020,11950,-0.9983361064891847,0.16638935108153077,,,,,,"{""bid_req_base_tm"": ""110110"", ""sel_10th_pre_req_pre"": ""0"", ""sel_10th_pre_req"": ""470"", ""sel_10th_pre_bid"": ""+12130"", ""sel_9th_pre_req_pre"": ""0"", ""sel_9th_pre_req"": ""56"", ""sel_9th_pre_bid"": ""+12120"", ""sel_8th_pre_req_pre"": ""0"", ""sel_8th_pre_req"": ""1958"", ""sel_8th_pre_bid"": ""+12110"", ""sel_7th_pre_req_pre"": ""0"", ""sel_7th_pre_req"": ""27"", ""sel_7th_pre_bid"": ""+12100"", ""sel_6th_pre_req_pre"": ""0"", ""sel_6th_pre_req"": ""6"", ""sel_6th_pre_bid"": ""+12090"", ""sel_5th_pre_req_pre"": ""0"", ""sel_5th_pre_req"": ""10"", ""sel_5th_pre_bid"": ""+12060"", ""sel_4th_pre_req_pre"": ""0"", ""sel_4th_pre_req"": ""68"", ""sel_4th_pre_bid"": ""+12050"", ""sel_3th_pre_req_pre"": ""0"", ""sel_3th_pre_req"": ""159"", ""sel_3th_pre_bid"": ""+12040"", ""sel_2th_pre_req_pre"": ""0"", ""sel_2th_pre_req"": ""10"", ""sel_2th_pre_bid"": ""+12030"", ""sel_1th_pre_req_pre"": ""--1"", ""sel_fpr_req"": ""1"", ""sel_fpr_bid"": ""+12020"", ""buy_fpr_bid"": ""+12000"", ""buy_fpr_req"": ""734"", ""buy_1th_pre_req_pre"": ""0"", ""buy_2th_pre_bid"": ""+11990"", ""buy_2th_pre_req"": ""304"", ""buy_2th_pre_req_pre"": ""0"", ""buy_3th_pre_bid"": ""+11980"", ""buy_3th_pre_req"": ""692"", ""buy_3th_pre_req_pre"": ""0"", ""buy_4th_pre_bid"": ""+11960"", ""buy_4th_pre_req"": ""50"", ""buy_4th_pre_req_pre"": ""0"", ""buy_5th_pre_bid"": ""11950"", ""buy_5th_pre_req"": ""457"", ""buy_5th_pre_req_pre"": ""0"", ""buy_6th_pre_bid"": ""-11930"", ""buy_6th_pre_req"": ""6"", ""buy_6th_pre_req_pre"": ""0"", ""buy_7th_pre_bid"": ""-11910"", ""buy_7th_pre_req"": ""168"", ""buy_7th_pre_req_pre"": ""0"", ""buy_8th_pre_bid"": ""-11900"", ""buy_8th_pre_req"": ""53"", ""buy_8th_pre_req_pre"": ""0"", ""buy_9th_pre_bid"": ""-11860"", ""buy_9th_pre_req"": ""2"", ""buy_9th_pre_req_pre"": ""0"", ""buy_10th_pre_bid"": ""-11850"", ""buy_10th_pre_req"": ""31"", ""buy_10th_pre_req_pre"": ""0"", ""tot_sel_req_jub_pre"": ""--1"", ""tot_sel_req"": ""2765"", ""tot_buy_req"": ""2497"", ""tot_buy_req_jub_pre"": ""0"", ""ovt_sel_req_pre"": ""0"", ""ovt_sel_req"": ""0"", ""ovt_buy_req"": ""0"", ""ovt_buy_req_pre"": ""0"", ""return_code"": 0, ""return_msg"": ""정상적으로 처리되었습니다""}"
2026-06-10,watchlist,281820,,0,filtered_candidate_recheck,67600,,67600,67400,67600,67900,0.2958579881656805,0.2958579881656805,,,,,,"{""bid_req_base_tm"": ""110113"", ""sel_10th_pre_req_pre"": ""0"", ""sel_10th_pre_req"": ""107"", ""sel_10th_pre_bid"": ""+68800"", ""sel_9th_pre_req_pre"": ""0"", ""sel_9th_pre_req"": ""75"", ""sel_9th_pre_bid"": ""+68700"", ""sel_8th_pre_req_pre"": ""0"", ""sel_8th_pre_req"": ""121"", ""sel_8th_pre_bid"": ""+68600"", ""sel_7th_pre_req_pre"": ""0"", ""sel_7th_pre_req"": ""109"", ""sel_7th_pre_bid"": ""+68500"", ""sel_6th_pre_req_pre"": ""0"", ""sel_6th_pre_req"": ""11"", ""sel_6th_pre_bid"": ""+68400"", ""sel_5th_pre_req_pre"": ""0"", ""sel_5th_pre_req"": ""72"", ""sel_5th_pre_bid"": ""+68300"", ""sel_4th_pre_req_pre"": ""0"", ""sel_4th_pre_req"": ""68"", ""sel_4th_pre_bid"": ""+68000"", ""sel_3th_pre_req_pre"": ""0"", ""sel_3th_pre_req"": ""49"", ""sel_3th_pre_bid"": ""+67900"", ""sel_2th_pre_req_pre"": ""0"", ""sel_2th_pre_req"": ""33"", ""sel_2th_pre_bid"": ""+67700"", ""sel_1th_pre_req_pre"": ""--5"", ""sel_fpr_req"": ""94"", ""sel_fpr_bid"": ""+67600"", ""buy_fpr_bid"": ""+67400"", ""buy_fpr_req"": ""2"", ""buy_1th_pre_req_pre"": ""0"", ""buy_2th_pre_bid"": ""+67300"", ""buy_2th_pre_req"": ""132"", ""buy_2th_pre_req_pre"": ""0"", ""buy_3th_pre_bid"": ""+67200"", ""buy_3th_pre_req"": ""127"", ""buy_3th_pre_req_pre"": ""0"", ""buy_4th_pre_bid"": ""+67100"", ""buy_4th_pre_req"": ""43"", ""buy_4th_pre_req_pre"": ""0"", ""buy_5th_pre_bid"": ""+67000"", ""buy_5th_pre_req"": ""459"", ""buy_5th_pre_req_pre"": ""0"", ""buy_6th_pre_bid"": ""+66900"", ""buy_6th_pre_req"": ""2"", ""buy_6th_pre_req_pre"": ""0"", ""buy_7th_pre_bid"": ""+66800"", ""buy_7th_pre_req"": ""25"", ""buy_7th_pre_req_pre"": ""0"", ""buy_8th_pre_bid"": ""+66700"", ""buy_8th_pre_req"": ""105"", ""buy_8th_pre_req_pre"": ""0"", ""buy_9th_pre_bid"": ""+66600"", ""buy_9th_pre_req"": ""89"", ""buy_9th_pre_req_pre"": ""0"", ""buy_10th_pre_bid"": ""+66500"", ""buy_10th_pre_req"": ""105"", ""buy_10th_pre_req_pre"": ""0"", ""tot_sel_req_jub_pre"": ""+98"", ""tot_sel_req"": ""739"", ""tot_buy_req"": ""1089"", ""tot_buy_req_jub_pre"": ""0"", ""ovt_sel_req_pre"": ""0"", ""ovt_sel_req"": ""0"", ""ovt_buy_req"": ""0"", ""ovt_buy_req_pre"": ""0"", ""return_code"": 0, ""return_msg"": ""정상적으로 처리되었습니다""}"
2026-06-10,watchlist,489790,,0,filtered_candidate_recheck,68200,,68200,68100,68200,68400,0.1466275659824047,0.1466275659824047,,,,,,"{""bid_req_base_tm"": ""110113"", ""sel_10th_pre_req_pre"": ""0"", ""sel_10th_pre_req"": ""1"", ""sel_10th_pre_bid"": ""+69200"", ""sel_9th_pre_req_pre"": ""0"", ""sel_9th_pre_req"": ""451"", ""sel_9th_pre_bid"": ""+69000"", ""sel_8th_pre_req_pre"": ""0"", ""sel_8th_pre_req"": ""100"", ""sel_8th_pre_bid"": ""+68900"", ""sel_7th_pre_req_pre"": ""0"", ""sel_7th_pre_req"": ""8"", ""sel_7th_pre_bid"": ""+68800"", ""sel_6th_pre_req_pre"": ""0"", ""sel_6th_pre_req"": ""202"", ""sel_6th_pre_bid"": ""+68700"", ""sel_5th_pre_req_pre"": ""0"", ""sel_5th_pre_req"": ""12"", ""sel_5th_pre_bid"": ""+68600"", ""sel_4th_pre_req_pre"": ""0"", ""sel_4th_pre_req"": ""7"", ""sel_4th_pre_bid"": ""+68500"", ""sel_3th_pre_req_pre"": ""0"", ""sel_3th_pre_req"": ""31"", ""sel_3th_pre_bid"": ""+68400"", ""sel_2th_pre_req_pre"": ""0"", ""sel_2th_pre_req"": ""38"", ""sel_2th_pre_bid"": ""+68300"", ""sel_1th_pre_req_pre"": ""0"", ""sel_fpr_req"": ""173"", ""sel_fpr_bid"": ""+68200"", ""buy_fpr_bid"": ""+68100"", ""buy_fpr_req"": ""4"", ""buy_1th_pre_req_pre"": ""0"", ""buy_2th_pre_bid"": ""+68000"", ""buy_2th_pre_req"": ""365"", ""buy_2th_pre_req_pre"": ""0"", ""buy_3th_pre_bid"": ""+67900"", ""buy_3th_pre_req"": ""77"", ""buy_3th_pre_req_pre"": ""0"", ""buy_4th_pre_bid"": ""+67800"", ""buy_4th_pre_req"": ""185"", ""buy_4th_pre_req_pre"": ""0"", ""buy_5th_pre_bid"": ""+67700"", ""buy_5th_pre_req"": ""175"", ""buy_5th_pre_req_pre"": ""0"", ""buy_6th_pre_bid"": ""+67600"", ""buy_6th_pre_req"": ""222"", ""buy_6th_pre_req_pre"": ""0"", ""buy_7th_pre_bid"": ""+67500"", ""buy_7th_pre_req"": ""1466"", ""buy_7th_pre_req_pre"": ""0"", ""buy_8th_pre_bid"": ""+67400"", ""buy_8th_pre_req"": ""154"", ""buy_8th_pre_req_pre"": ""0"", ""buy_9th_pre_bid"": ""+67300"", ""buy_9th_pre_req"": ""115"", ""buy_9th_pre_req_pre"": ""0"", ""buy_10th_pre_bid"": ""+67200"", ""buy_10th_pre_req"": ""354"", ""buy_10th_pre_req_pre"": ""0"", ""tot_sel_req_jub_pre"": ""0"", ""tot_sel_req"": ""1023"", ""tot_buy_req"": ""3117"", ""tot_buy_req_jub_pre"": ""--271"", ""ovt_sel_req_pre"": ""0"", ""ovt_sel_req"": ""0"", ""ovt_buy_req"": ""0"", ""ovt_buy_req_pre"": ""0"", ""return_code"": 0, ""return_msg"": ""정상적으로 처리되었습니다""}"
2026-06-10,watchlist,092200,,0,filtered_candidate_recheck,9560,,9560,9540,9560,9590,0.20920502092050208,0.20920502092050208,,,,,,"{""bid_req_base_tm"": ""110115"", ""sel_10th_pre_req_pre"": ""0"", ""sel_10th_pre_req"": ""102"", ""sel_10th_pre_bid"": ""-9660"", ""sel_9th_pre_req_pre"": ""0"", ""sel_9th_pre_req"": ""359"", ""sel_9th_pre_bid"": ""-9650"", ""sel_8th_pre_req_pre"": ""0"", ""sel_8th_pre_req"": ""843"", ""sel_8th_pre_bid"": ""-9640"", ""sel_7th_pre_req_pre"": ""0"", ""sel_7th_pre_req"": ""140"", ""sel_7th_pre_bid"": ""-9630"", ""sel_6th_pre_req_pre"": ""0"", ""sel_6th_pre_req"": ""198"", ""sel_6th_pre_bid"": ""-9620"", ""sel_5th_pre_req_pre"": ""0"", ""sel_5th_pre_req"": ""139"", ""sel_5th_pre_bid"": ""-9610"", ""sel_4th_pre_req_pre"": ""0"", ""sel_4th_pre_req"": ""198"", ""sel_4th_pre_bid"": ""-9600"", ""sel_3th_pre_req_pre"": ""0"", ""sel_3th_pre_req"": ""130"", ""sel_3th_pre_bid"": ""-9590"", ""sel_2th_pre_req_pre"": ""0"", ""sel_2th_pre_req"": ""83"", ""sel_2th_pre_bid"": ""-9570"", ""sel_1th_pre_req_pre"": ""0"", ""sel_fpr_req"": ""1025"", ""sel_fpr_bid"": ""-9560"", ""buy_fpr_bid"": ""-9540"", ""buy_fpr_req"": ""405"", ""buy_1th_pre_req_pre"": ""0"", ""buy_2th_pre_bid"": ""-9530"", ""buy_2th_pre_req"": ""4329"", ""buy_2th_pre_req_pre"": ""0"", ""buy_3th_pre_bid"": ""-9520"", ""buy_3th_pre_req"": ""2298"", ""buy_3th_pre_req_pre"": ""0"", ""buy_4th_pre_bid"": ""-9510"", ""buy_4th_pre_req"": ""3088"", ""buy_4th_pre_req_pre"": ""0"", ""buy_5th_pre_bid"": ""-9500"", ""buy_5th_pre_req"": ""5381"", ""buy_5th_pre_req_pre"": ""+1"", ""buy_6th_pre_bid"": ""-9490"", ""buy_6th_pre_req"": ""730"", ""buy_6th_pre_req_pre"": ""0"", ""buy_7th_pre_bid"": ""-9480"", ""buy_7th_pre_req"": ""275"", ""buy_7th_pre_req_pre"": ""0"", ""buy_8th_pre_bid"": ""-9470"", ""buy_8th_pre_req"": ""417"", ""buy_8th_pre_req_pre"": ""0"", ""buy_9th_pre_bid"": ""-9460"", ""buy_9th_pre_req"": ""3393"", ""buy_9th_pre_req_pre"": ""0"", ""buy_10th_pre_bid"": ""-9450"", ""buy_10th_pre_req"": ""1054"", ""buy_10th_pre_req_pre"": ""0"", ""tot_sel_req_jub_pre"": ""0"", ""tot_sel_req"": ""3217"", ""tot_buy_req"": ""21370"", ""tot_buy_req_jub_pre"": ""+1"", ""ovt_sel_req_pre"": ""0"", ""ovt_sel_req"": ""0"", ""ovt_buy_req"": ""0"", ""ovt_buy_req_pre"": ""0"", ""return_code"": 0, ""return_msg"": ""정상적으로 처리되었습니다""}"
2026-06-10,watchlist,175330,,0,filtered_candidate_recheck,25600,,25600,25550,25600,25600,-0.1953125,0.1953125,,,,,,"{""bid_req_base_tm"": ""110112"", ""sel_10th_pre_req_pre"": ""0"", ""sel_10th_pre_req"": ""352"", ""sel_10th_pre_bid"": ""+26050"", ""sel_9th_pre_req_pre"": ""0"", ""sel_9th_pre_req"": ""714"", ""sel_9th_pre_bid"": ""+26000"", ""sel_8th_pre_req_pre"": ""0"", ""sel_8th_pre_req"": ""560"", ""sel_8th_pre_bid"": ""+25950"", ""sel_7th_pre_req_pre"": ""0"", ""sel_7th_pre_req"": ""562"", ""sel_7th_pre_bid"": ""25900"", ""sel_6th_pre_req_pre"": ""0"", ""sel_6th_pre_req"": ""469"", ""sel_6th_pre_bid"": ""-25850"", ""sel_5th_pre_req_pre"": ""0"", ""sel_5th_pre_req"": ""22"", ""sel_5th_pre_bid"": ""-25800"", ""sel_4th_pre_req_pre"": ""0"", ""sel_4th_pre_req"": ""655"", ""sel_4th_pre_bid"": ""-25750"", ""sel_3th_pre_req_pre"": ""0"", ""sel_3th_pre_req"": ""485"", ""sel_3th_pre_bid"": ""-25700"", ""sel_2th_pre_req_pre"": ""0"", ""sel_2th_pre_req"": ""373"", ""sel_2th_pre_bid"": ""-25650"", ""sel_1th_pre_req_pre"": ""0"", ""sel_fpr_req"": ""751"", ""sel_fpr_bid"": ""-25600"", ""buy_fpr_bid"": ""-25550"", ""buy_fpr_req"": ""1581"", ""buy_1th_pre_req_pre"": ""--5"", ""buy_2th_pre_bid"": ""-25500"", ""buy_2th_pre_req"": ""838"", ""buy_2th_pre_req_pre"": ""0"", ""buy_3th_pre_bid"": ""-25450"", ""buy_3th_pre_req"": ""586"", ""buy_3th_pre_req_pre"": ""0"", ""buy_4th_pre_bid"": ""-25400"", ""buy_4th_pre_req"": ""328"", ""buy_4th_pre_req_pre"": ""0"", ""buy_5th_pre_bid"": ""-25350"", ""buy_5th_pre_req"": ""281"", ""buy_5th_pre_req_pre"": ""0"", ""buy_6th_pre_bid"": ""-25300"", ""buy_6th_pre_req"": ""407"", ""buy_6th_pre_req_pre"": ""0"", ""buy_7th_pre_bid"": ""-25250"", ""buy_7th_pre_req"": ""473"", ""buy_7th_pre_req_pre"": ""0"", ""buy_8th_pre_bid"": ""-25200"", ""buy_8th_pre_req"": ""221"", ""buy_8th_pre_req_pre"": ""0"", ""buy_9th_pre_bid"": ""-25150"", ""buy_9th_pre_req"": ""768"", ""buy_9th_pre_req_pre"": ""0"", ""buy_10th_pre_bid"": ""-25100"", ""buy_10th_pre_req"": ""478"", ""buy_10th_pre_req_pre"": ""0"", ""tot_sel_req_jub_pre"": ""0"", ""tot_sel_req"": ""4943"", ""tot_buy_req"": ""5961"", ""tot_buy_req_jub_pre"": ""--5"", ""ovt_sel_req_pre"": ""0"", ""ovt_sel_req"": ""0"", ""ovt_buy_req"": ""0"", ""ovt_buy_req_pre"": ""0"", ""return_code"": 0, ""return_msg"": ""정상적으로 처리되었습니다""}"
2026-06-10,watchlist,069960,,0,filtered_candidate_recheck,173700,,173700,173600,173700,172500,-0.9786989061600461,0.05757052389176742,,,,,,"{""bid_req_base_tm"": ""110115"", ""sel_10th_pre_req_pre"": ""0"", ""sel_10th_pre_req"": ""92"", ""sel_10th_pre_bid"": ""+175500"", ""sel_9th_pre_req_pre"": ""0"", ""sel_9th_pre_req"": ""6"", ""sel_9th_pre_bid"": ""+175400"", ""sel_8th_pre_req_pre"": ""0"", ""sel_8th_pre_req"": ""31"", ""sel_8th_pre_bid"": ""+174800"", ""sel_7th_pre_req_pre"": ""0"", ""sel_7th_pre_req"": ""4"", ""sel_7th_pre_bid"": ""+174600"", ""sel_6th_pre_req_pre"": ""0"", ""sel_6th_pre_req"": ""5"", ""sel_6th_pre_bid"": ""+174500"", ""sel_5th_pre_req_pre"": ""0"", ""sel_5th_pre_req"": ""2"", ""sel_5th_pre_bid"": ""+174300"", ""sel_4th_pre_req_pre"": ""0"", ""sel_4th_pre_req"": ""19"", ""sel_4th_pre_bid"": ""+174100"", ""sel_3th_pre_req_pre"": ""0"", ""sel_3th_pre_req"": ""40"", ""sel_3th_pre_bid"": ""+173900"", ""sel_2th_pre_req_pre"": ""0"", ""sel_2th_pre_req"": ""62"", ""sel_2th_pre_bid"": ""+173800"", ""sel_1th_pre_req_pre"": ""0"", ""sel_fpr_req"": ""172"", ""sel_fpr_bid"": ""+173700"", ""buy_fpr_bid"": ""+173600"", ""buy_fpr_req"": ""34"", ""buy_1th_pre_req_pre"": ""--4"", ""buy_2th_pre_bid"": ""+173500"", ""buy_2th_pre_req"": ""6"", ""buy_2th_pre_req_pre"": ""--4"", ""buy_3th_pre_bid"": ""+173400"", ""buy_3th_pre_req"": ""1"", ""buy_3th_pre_req_pre"": ""0"", ""buy_4th_pre_bid"": ""+173100"", ""buy_4th_pre_req"": ""17"", ""buy_4th_pre_req_pre"": ""0"", ""buy_5th_pre_bid"": ""+173000"", ""buy_5th_pre_req"": ""22"", ""buy_5th_pre_req_pre"": ""0"", ""buy_6th_pre_bid"": ""+172900"", ""buy_6th_pre_req"": ""6"", ""buy_6th_pre_req_pre"": ""0"", ""buy_7th_pre_bid"": ""+172800"", ""buy_7th_pre_req"": ""10"", ""buy_7th_pre_req_pre"": ""0"", ""buy_8th_pre_bid"": ""+172500"", ""buy_8th_pre_req"": ""1"", ""buy_8th_pre_req_pre"": ""0"", ""buy_9th_pre_bid"": ""+172300"", ""buy_9th_pre_req"": ""5"", ""buy_9th_pre_req_pre"": ""0"", ""buy_10th_pre_bid"": ""+172000"", ""buy_10th_pre_req"": ""12"", ""buy_10th_pre_req_pre"": ""0"", ""tot_sel_req_jub_pre"": ""0"", ""tot_sel_req"": ""433"", ""tot_buy_req"": ""114"", ""tot_buy_req_jub_pre"": ""--8"", ""ovt_sel_req_pre"": ""0"", ""ovt_sel_req"": ""0"", ""ovt_buy_req"": ""0"", ""ovt_buy_req_pre"": ""0"", ""return_code"": 0, ""return_msg"": ""정상적으로 처리되었습니다""}"
2026-06-10,watchlist,001450,,0,filtered_candidate_recheck,37750,,37750,37700,37750,37700,-0.26490066225165565,0.13245033112582782,,,,,,"{""bid_req_base_tm"": ""110115"", ""sel_10th_pre_req_pre"": ""0"", ""sel_10th_pre_req"": ""190"", ""sel_10th_pre_bid"": ""+38200"", ""sel_9th_pre_req_pre"": ""0"", ""sel_9th_pre_req"": ""41"", ""sel_9th_pre_bid"": ""+38150"", ""sel_8th_pre_req_pre"": ""0"", ""sel_8th_pre_req"": ""536"", ""sel_8th_pre_bid"": ""+38100"", ""sel_7th_pre_req_pre"": ""0"", ""sel_7th_pre_req"": ""283"", ""sel_7th_pre_bid"": ""+38050"", ""sel_6th_pre_req_pre"": ""0"", ""sel_6th_pre_req"": ""517"", ""sel_6th_pre_bid"": ""+38000"", ""sel_5th_pre_req_pre"": ""0"", ""sel_5th_pre_req"": ""32"", ""sel_5th_pre_bid"": ""+37950"", ""sel_4th_pre_req_pre"": ""0"", ""sel_4th_pre_req"": ""99"", ""sel_4th_pre_bid"": ""+37900"", ""sel_3th_pre_req_pre"": ""0"", ""sel_3th_pre_req"": ""531"", ""sel_3th_pre_bid"": ""+37850"", ""sel_2th_pre_req_pre"": ""0"", ""sel_2th_pre_req"": ""58"", ""sel_2th_pre_bid"": ""+37800"", ""sel_1th_pre_req_pre"": ""0"", ""sel_fpr_req"": ""356"", ""sel_fpr_bid"": ""+37750"", ""buy_fpr_bid"": ""+37700"", ""buy_fpr_req"": ""165"", ""buy_1th_pre_req_pre"": ""+20"", ""buy_2th_pre_bid"": ""+37650"", ""buy_2th_pre_req"": ""33"", ""buy_2th_pre_req_pre"": ""--21"", ""buy_3th_pre_bid"": ""+37600"", ""buy_3th_pre_req"": ""312"", ""buy_3th_pre_req_pre"": ""0"", ""buy_4th_pre_bid"": ""+37550"", ""buy_4th_pre_req"": ""408"", ""buy_4th_pre_req_pre"": ""0"", ""buy_5th_pre_bid"": ""+37500"", ""buy_5th_pre_req"": ""135"", ""buy_5th_pre_req_pre"": ""0"", ""buy_6th_pre_bid"": ""+37450"", ""buy_6th_pre_req"": ""508"", ""buy_6th_pre_req_pre"": ""0"", ""buy_7th_pre_bid"": ""+37400"", ""buy_7th_pre_req"": ""136"", ""buy_7th_pre_req_pre"": ""0"", ""buy_8th_pre_bid"": ""+37350"", ""buy_8th_pre_req"": ""194"", ""buy_8th_pre_req_pre"": ""0"", ""buy_9th_pre_bid"": ""+37300"", ""buy_9th_pre_req"": ""379"", ""buy_9th_pre_req_pre"": ""0"", ""buy_10th_pre_bid"": ""+37250"", ""buy_10th_pre_req"": ""204"", ""buy_10th_pre_req_pre"": ""0"", ""tot_sel_req_jub_pre"": ""0"", ""tot_sel_req"": ""2643"", ""tot_buy_req"": ""2474"", ""tot_buy_req_jub_pre"": ""--1"", ""ovt_sel_req_pre"": ""0"", ""ovt_sel_req"": ""0"", ""ovt_buy_req"": ""0"", ""ovt_buy_req_pre"": ""0"", ""return_code"": 0, ""return_msg"": ""정상적으로 처리되었습니다""}"
2026-06-10,watchlist,011070,,0,filtered_candidate_recheck,1152000,,1152000,1149000,1152000,1153000,0.0,0.26041666666666663,,,,,,"{""bid_req_base_tm"": ""110116"", ""sel_10th_pre_req_pre"": ""0"", ""sel_10th_pre_req"": ""17"", ""sel_10th_pre_bid"": ""+1161000"", ""sel_9th_pre_req_pre"": ""0"", ""sel_9th_pre_req"": ""80"", ""sel_9th_pre_bid"": ""+1160000"", ""sel_8th_pre_req_pre"": ""0"", ""sel_8th_pre_req"": ""49"", ""sel_8th_pre_bid"": ""+1159000"", ""sel_7th_pre_req_pre"": ""0"", ""sel_7th_pre_req"": ""42"", ""sel_7th_pre_bid"": ""+1158000"", ""sel_6th_pre_req_pre"": ""0"", ""sel_6th_pre_req"": ""156"", ""sel_6th_pre_bid"": ""+1157000"", ""sel_5th_pre_req_pre"": ""0"", ""sel_5th_pre_req"": ""55"", ""sel_5th_pre_bid"": ""+1156000"", ""sel_4th_pre_req_pre"": ""0"", ""sel_4th_pre_req"": ""73"", ""sel_4th_pre_bid"": ""+1155000"", ""sel_3th_pre_req_pre"": ""0"", ""sel_3th_pre_req"": ""172"", ""sel_3th_pre_bid"": ""+1154000"", ""sel_2th_pre_req_pre"": ""0"", ""sel_2th_pre_req"": ""61"", ""sel_2th_pre_bid"": ""+1153000"", ""sel_1th_pre_req_pre"": ""0"", ""sel_fpr_req"": ""41"", ""sel_fpr_bid"": ""+1152000"", ""buy_fpr_bid"": ""+1149000"", ""buy_fpr_req"": ""12"", ""buy_1th_pre_req_pre"": ""--13"", ""buy_2th_pre_bid"": ""+1148000"", ""buy_2th_pre_req"": ""124"", ""buy_2th_pre_req_pre"": ""0"", ""buy_3th_pre_bid"": ""+1147000"", ""buy_3th_pre_req"": ""97"", ""buy_3th_pre_req_pre"": ""0"", ""buy_4th_pre_bid"": ""+1146000"", ""buy_4th_pre_req"": ""508"", ""buy_4th_pre_req_pre"": ""0"", ""buy_5th_pre_bid"": ""+1145000"", ""buy_5th_pre_req"": ""63"", ""buy_5th_pre_req_pre"": ""0"", ""buy_6th_pre_bid"": ""+1144000"", ""buy_6th_pre_req"": ""56"", ""buy_6th_pre_req_pre"": ""0"", ""buy_7th_pre_bid"": ""+1143000"", ""buy_7th_pre_req"": ""26"", ""buy_7th_pre_req_pre"": ""0"", ""buy_8th_pre_bid"": ""+1142000"", ""buy_8th_pre_req"": ""43"", ""buy_8th_pre_req_pre"": ""0"", ""buy_9th_pre_bid"": ""+1141000"", ""buy_9th_pre_req"": ""41"", ""buy_9th_pre_req_pre"": ""0"", ""buy_10th_pre_bid"": ""+1140000"", ""buy_10th_pre_req"": ""111"", ""buy_10th_pre_req_pre"": ""0"", ""tot_sel_req_jub_pre"": ""0"", ""tot_sel_req"": ""746"", ""tot_buy_req"": ""1081"", ""tot_buy_req_jub_pre"": ""--13"", ""ovt_sel_req_pre"": ""0"", ""ovt_sel_req"": ""0"", ""ovt_buy_req"": ""0"", ""ovt_buy_req_pre"": ""0"", ""return_code"": 0, ""return_msg"": ""정상적으로 처리되었습니다""}"
2026-06-10,watchlist,088350,,0,filtered_candidate_recheck,4840,,4840,4835,4840,4855,0.2066115702479339,0.10330578512396695,,,,,,"{""bid_req_base_tm"": ""110116"", ""sel_10th_pre_req_pre"": ""0"", ""sel_10th_pre_req"": ""2798"", ""sel_10th_pre_bid"": ""-4885"", ""sel_9th_pre_req_pre"": ""0"", ""sel_9th_pre_req"": ""244"", ""sel_9th_pre_bid"": ""-4880"", ""sel_8th_pre_req_pre"": ""0"", ""sel_8th_pre_req"": ""566"", ""sel_8th_pre_bid"": ""-4875"", ""sel_7th_pre_req_pre"": ""0"", ""sel_7th_pre_req"": ""379"", ""sel_7th_pre_bid"": ""-4870"", ""sel_6th_pre_req_pre"": ""0"", ""sel_6th_pre_req"": ""1870"", ""sel_6th_pre_bid"": ""-4865"", ""sel_5th_pre_req_pre"": ""0"", ""sel_5th_pre_req"": ""2953"", ""sel_5th_pre_bid"": ""-4860"", ""sel_4th_pre_req_pre"": ""0"", ""sel_4th_pre_req"": ""1003"", ""sel_4th_pre_bid"": ""-4855"", ""sel_3th_pre_req_pre"": ""0"", ""sel_3th_pre_req"": ""685"", ""sel_3th_pre_bid"": ""-4850"", ""sel_2th_pre_req_pre"": ""0"", ""sel_2th_pre_req"": ""1"", ""sel_2th_pre_bid"": ""-4845"", ""sel_1th_pre_req_pre"": ""0"", ""sel_fpr_req"": ""92"", ""sel_fpr_bid"": ""-4840"", ""buy_fpr_bid"": ""-4835"", ""buy_fpr_req"": ""4036"", ""buy_1th_pre_req_pre"": ""--1"", ""buy_2th_pre_bid"": ""-4830"", ""buy_2th_pre_req"": ""10187"", ""buy_2th_pre_req_pre"": ""0"", ""buy_3th_pre_bid"": ""-4825"", ""buy_3th_pre_req"": ""10367"", ""buy_3th_pre_req_pre"": ""0"", ""buy_4th_pre_bid"": ""-4820"", ""buy_4th_pre_req"": ""17831"", ""buy_4th_pre_req_pre"": ""0"", ""buy_5th_pre_bid"": ""-4815"", ""buy_5th_pre_req"": ""22842"", ""buy_5th_pre_req_pre"": ""0"", ""buy_6th_pre_bid"": ""-4810"", ""buy_6th_pre_req"": ""5856"", ""buy_6th_pre_req_pre"": ""0"", ""buy_7th_pre_bid"": ""-4805"", ""buy_7th_pre_req"": ""3933"", ""buy_7th_pre_req_pre"": ""0"", ""buy_8th_pre_bid"": ""-4800"", ""buy_8th_pre_req"": ""8824"", ""buy_8th_pre_req_pre"": ""0"", ""buy_9th_pre_bid"": ""-4795"", ""buy_9th_pre_req"": ""8990"", ""buy_9th_pre_req_pre"": ""0"", ""buy_10th_pre_bid"": ""-4790"", ""buy_10th_pre_req"": ""4053"", ""buy_10th_pre_req_pre"": ""0"", ""tot_sel_req_jub_pre"": ""0"", ""tot_sel_req"": ""10591"", ""tot_buy_req"": ""96919"", ""tot_buy_req_jub_pre"": ""--1"", ""ovt_sel_req_pre"": ""0"", ""ovt_sel_req"": ""0"", ""ovt_buy_req"": ""0"", ""ovt_buy_req_pre"": ""0"", ""return_code"": 0, ""return_msg"": ""정상적으로 처리되었습니다""}"
2026-06-10,watchlist,195870,,1,filtered_candidate_recheck,77000,,77000,76400,77000,76900,-0.2597402597402597,0.7792207792207793,,,,,,"{""bid_req_base_tm"": ""110116"", ""sel_10th_pre_req_pre"": ""0"", ""sel_10th_pre_req"": ""16"", ""sel_10th_pre_bid"": ""+78100"", ""sel_9th_pre_req_pre"": ""0"", ""sel_9th_pre_req"": ""156"", ""sel_9th_pre_bid"": ""+78000"", ""sel_8th_pre_req_pre"": ""0"", ""sel_8th_pre_req"": ""409"", ""sel_8th_pre_bid"": ""+77900"", ""sel_7th_pre_req_pre"": ""0"", ""sel_7th_pre_req"": ""3"", ""sel_7th_pre_bid"": ""+77800"", ""sel_6th_pre_req_pre"": ""0"", ""sel_6th_pre_req"": ""13"", ""sel_6th_pre_bid"": ""+77700"", ""sel_5th_pre_req_pre"": ""0"", ""sel_5th_pre_req"": ""112"", ""sel_5th_pre_bid"": ""+77500"", ""sel_4th_pre_req_pre"": ""0"", ""sel_4th_pre_req"": ""1"", ""sel_4th_pre_bid"": ""+77300"", ""sel_3th_pre_req_pre"": ""0"", ""sel_3th_pre_req"": ""6"", ""sel_3th_pre_bid"": ""+77200"", ""sel_2th_pre_req_pre"": ""0"", ""sel_2th_pre_req"": ""300"", ""sel_2th_pre_bid"": ""+77100"", ""sel_1th_pre_req_pre"": ""--4"", ""sel_fpr_req"": ""41"", ""sel_fpr_bid"": ""+77000"", ""buy_fpr_bid"": ""+76400"", ""buy_fpr_req"": ""30"", ""buy_1th_pre_req_pre"": ""0"", ""buy_2th_pre_bid"": ""+76300"", ""buy_2th_pre_req"": ""37"", ""buy_2th_pre_req_pre"": ""0"", ""buy_3th_pre_bid"": ""+76200"", ""buy_3th_pre_req"": ""104"", ""buy_3th_pre_req_pre"": ""0"", ""buy_4th_pre_bid"": ""+76100"", ""buy_4th_pre_req"": ""322"", ""buy_4th_pre_req_pre"": ""0"", ""buy_5th_pre_bid"": ""+76000"", ""buy_5th_pre_req"": ""155"", ""buy_5th_pre_req_pre"": ""0"", ""buy_6th_pre_bid"": ""+75900"", ""buy_6th_pre_req"": ""254"", ""buy_6th_pre_req_pre"": ""0"", ""buy_7th_pre_bid"": ""+75800"", ""buy_7th_pre_req"": ""251"", ""buy_7th_pre_req_pre"": ""0"", ""buy_8th_pre_bid"": ""+75700"", ""buy_8th_pre_req"": ""266"", ""buy_8th_pre_req_pre"": ""0"", ""buy_9th_pre_bid"": ""+75600"", ""buy_9th_pre_req"": ""52"", ""buy_9th_pre_req_pre"": ""0"", ""buy_10th_pre_bid"": ""+75500"", ""buy_10th_pre_req"": ""253"", ""buy_10th_pre_req_pre"": ""0"", ""tot_sel_req_jub_pre"": ""--4"", ""tot_sel_req"": ""1057"", ""tot_buy_req"": ""1724"", ""tot_buy_req_jub_pre"": ""0"", ""ovt_sel_req_pre"": ""0"", ""ovt_sel_req"": ""0"", ""ovt_buy_req"": ""0"", ""ovt_buy_req_pre"": ""0"", ""return_code"": 0, ""return_msg"": ""정상적으로 처리되었습니다""}"
2026-06-10,scan_candidate,005930,,0,main_scan,306500,,306500,306000,306500,308000,0.3262642740619902,0.1631321370309951,,,,,,"{""bid_req_base_tm"": ""110311"", ""sel_10th_pre_req_pre"": ""0"", ""sel_10th_pre_req"": ""11679"", ""sel_10th_pre_bid"": ""-311000"", ""sel_9th_pre_req_pre"": ""0"", ""sel_9th_pre_req"": ""27001"", ""sel_9th_pre_bid"": ""-310500"", ""sel_8th_pre_req_pre"": ""0"", ""sel_8th_pre_req"": ""25068"", ""sel_8th_pre_bid"": ""-310000"", ""sel_7th_pre_req_pre"": ""0"", ""sel_7th_pre_req"": ""19261"", ""sel_7th_pre_bid"": ""-309500"", ""sel_6th_pre_req_pre"": ""0"", ""sel_6th_pre_req"": ""12413"", ""sel_6th_pre_bid"": ""-309000"", ""sel_5th_pre_req_pre"": ""0"", ""sel_5th_pre_req"": ""17622"", ""sel_5th_pre_bid"": ""-308500"", ""sel_4th_pre_req_pre"": ""0"", ""sel_4th_pre_req"": ""4820"", ""sel_4th_pre_bid"": ""-308000"", ""sel_3th_pre_req_pre"": ""0"", ""sel_3th_pre_req"": ""12264"", ""sel_3th_pre_bid"": ""-307500"", ""sel_2th_pre_req_pre"": ""0"", ""sel_2th_pre_req"": ""16009"", ""sel_2th_pre_bid"": ""-307000"", ""sel_1th_pre_req_pre"": ""0"", ""sel_fpr_req"": ""56760"", ""sel_fpr_bid"": ""-306500"", ""buy_fpr_bid"": ""-306000"", ""buy_fpr_req"": ""89896"", ""buy_1th_pre_req_pre"": ""+10"", ""buy_2th_pre_bid"": ""-305500"", ""buy_2th_pre_req"": ""103096"", ""buy_2th_pre_req_pre"": ""--3"", ""buy_3th_pre_bid"": ""-305000"", ""buy_3th_pre_req"": ""250046"", ""buy_3th_pre_req_pre"": ""+3"", ""buy_4th_pre_bid"": ""-304500"", ""buy_4th_pre_req"": ""36871"", ""buy_4th_pre_req_pre"": ""0"", ""buy_5th_pre_bid"": ""-304000"", ""buy_5th_pre_req"": ""43949"", ""buy_5th_pre_req_pre"": ""0"", ""buy_6th_pre_bid"": ""-303500"", ""buy_6th_pre_req"": ""45413"", ""buy_6th_pre_req_pre"": ""0"", ""buy_7th_pre_bid"": ""-303000"", ""buy_7th_pre_req"": ""82499"", ""buy_7th_pre_req_pre"": ""--20"", ""buy_8th_pre_bid"": ""-302500"", ""buy_8th_pre_req"": ""48937"", ""buy_8th_pre_req_pre"": ""0"", ""buy_9th_pre_bid"": ""-302000"", ""buy_9th_pre_req"": ""60912"", ""buy_9th_pre_req_pre"": ""0"", ""buy_10th_pre_bid"": ""-301500"", ""buy_10th_pre_req"": ""35196"", ""buy_10th_pre_req_pre"": ""0"", ""tot_sel_req_jub_pre"": ""0"", ""tot_sel_req"": ""202897"", ""tot_buy_req"": ""796815"", ""tot_buy_req_jub_pre"": ""--10"", ""ovt_sel_req_pre"": ""0"", ""ovt_sel_req"": ""0"", ""ovt_buy_req"": ""0"", ""ovt_buy_req_pre"": ""0"", ""return_code"": 0, ""return_msg"": ""정상적으로 처리되었습니다""}"
2026-06-10,scan_candidate,000660,,0,main_scan,2105000,,2105000,2104000,2105000,2108000,0.09501187648456057,0.047505938242280284,,,,,,"{""bid_req_base_tm"": ""110311"", ""sel_10th_pre_req_pre"": ""0"", ""sel_10th_pre_req"": ""262"", ""sel_10th_pre_bid"": ""-2114000"", ""sel_9th_pre_req_pre"": ""0"", ""sel_9th_pre_req"": ""112"", ""sel_9th_pre_bid"": ""-2113000"", ""sel_8th_pre_req_pre"": ""0"", ""sel_8th_pre_req"": ""503"", ""sel_8th_pre_bid"": ""-2112000"", ""sel_7th_pre_req_pre"": ""0"", ""sel_7th_pre_req"": ""606"", ""sel_7th_pre_bid"": ""-2111000"", ""sel_6th_pre_req_pre"": ""0"", ""sel_6th_pre_req"": ""497"", ""sel_6th_pre_bid"": ""-2110000"", ""sel_5th_pre_req_pre"": ""0"", ""sel_5th_pre_req"": ""125"", ""sel_5th_pre_bid"": ""-2109000"", ""sel_4th_pre_req_pre"": ""0"", ""sel_4th_pre_req"": ""204"", ""sel_4th_pre_bid"": ""-2108000"", ""sel_3th_pre_req_pre"": ""0"", ""sel_3th_pre_req"": ""617"", ""sel_3th_pre_bid"": ""-2107000"", ""sel_2th_pre_req_pre"": ""0"", ""sel_2th_pre_req"": ""340"", ""sel_2th_pre_bid"": ""-2106000"", ""sel_1th_pre_req_pre"": ""--1"", ""sel_fpr_req"": ""205"", ""sel_fpr_bid"": ""-2105000"", ""buy_fpr_bid"": ""-2104000"", ""buy_fpr_req"": ""1223"", ""buy_1th_pre_req_pre"": ""0"", ""buy_2th_pre_bid"": ""-2103000"", ""buy_2th_pre_req"": ""952"", ""buy_2th_pre_req_pre"": ""0"", ""buy_3th_pre_bid"": ""-2102000"", ""buy_3th_pre_req"": ""2515"", ""buy_3th_pre_req_pre"": ""+1"", ""buy_4th_pre_bid"": ""-2101000"", ""buy_4th_pre_req"": ""2812"", ""buy_4th_pre_req_pre"": ""0"", ""buy_5th_pre_bid"": ""-2100000"", ""buy_5th_pre_req"": ""12849"", ""buy_5th_pre_req_pre"": ""0"", ""buy_6th_pre_bid"": ""-2099000"", ""buy_6th_pre_req"": ""972"", ""buy_6th_pre_req_pre"": ""0"", ""buy_7th_pre_bid"": ""-2098000"", ""buy_7th_pre_req"": ""745"", ""buy_7th_pre_req_pre"": ""0"", ""buy_8th_pre_bid"": ""-2097000"", ""buy_8th_pre_req"": ""642"", ""buy_8th_pre_req_pre"": ""0"", ""buy_9th_pre_bid"": ""-2096000"", ""buy_9th_pre_req"": ""443"", ""buy_9th_pre_req_pre"": ""0"", ""buy_10th_pre_bid"": ""-2095000"", ""buy_10th_pre_req"": ""1227"", ""buy_10th_pre_req_pre"": ""0"", ""tot_sel_req_jub_pre"": ""--1"", ""tot_sel_req"": ""3471"", ""tot_buy_req"": ""24380"", ""tot_buy_req_jub_pre"": ""+1"", ""ovt_sel_req_pre"": ""0"", ""ovt_sel_req"": ""0"", ""ovt_buy_req"": ""0"", ""ovt_buy_req_pre"": ""0"", ""return_code"": 0, ""return_msg"": ""정상적으로 처리되었습니다""}"
2026-06-10,scan_candidate,402340,,0,main_scan,1216000,,1216000,1215000,1216000,1216000,-0.08223684210526315,0.08223684210526315,,,,,,"{""bid_req_base_tm"": ""110311"", ""sel_10th_pre_req_pre"": ""0"", ""sel_10th_pre_req"": ""5"", ""sel_10th_pre_bid"": ""-1226000"", ""sel_9th_pre_req_pre"": ""0"", ""sel_9th_pre_req"": ""51"", ""sel_9th_pre_bid"": ""-1225000"", ""sel_8th_pre_req_pre"": ""0"", ""sel_8th_pre_req"": ""43"", ""sel_8th_pre_bid"": ""-1224000"", ""sel_7th_pre_req_pre"": ""0"", ""sel_7th_pre_req"": ""38"", ""sel_7th_pre_bid"": ""-1223000"", ""sel_6th_pre_req_pre"": ""0"", ""sel_6th_pre_req"": ""3"", ""sel_6th_pre_bid"": ""-1222000"", ""sel_5th_pre_req_pre"": ""0"", ""sel_5th_pre_req"": ""5"", ""sel_5th_pre_bid"": ""-1221000"", ""sel_4th_pre_req_pre"": ""0"", ""sel_4th_pre_req"": ""207"", ""sel_4th_pre_bid"": ""-1220000"", ""sel_3th_pre_req_pre"": ""0"", ""sel_3th_pre_req"": ""92"", ""sel_3th_pre_bid"": ""-1218000"", ""sel_2th_pre_req_pre"": ""0"", ""sel_2th_pre_req"": ""206"", ""sel_2th_pre_bid"": ""-1217000"", ""sel_1th_pre_req_pre"": ""0"", ""sel_fpr_req"": ""424"", ""sel_fpr_bid"": ""-1216000"", ""buy_fpr_bid"": ""-1215000"", ""buy_fpr_req"": ""45"", ""buy_1th_pre_req_pre"": ""+15"", ""buy_2th_pre_bid"": ""-1214000"", ""buy_2th_pre_req"": ""63"", ""buy_2th_pre_req_pre"": ""0"", ""buy_3th_pre_bid"": ""-1213000"", ""buy_3th_pre_req"": ""86"", ""buy_3th_pre_req_pre"": ""0"", ""buy_4th_pre_bid"": ""-1212000"", ""buy_4th_pre_req"": ""277"", ""buy_4th_pre_req_pre"": ""0"", ""buy_5th_pre_bid"": ""-1211000"", ""buy_5th_pre_req"": ""192"", ""buy_5th_pre_req_pre"": ""0"", ""buy_6th_pre_bid"": ""-1210000"", ""buy_6th_pre_req"": ""216"", ""buy_6th_pre_req_pre"": ""0"", ""buy_7th_pre_bid"": ""-1209000"", ""buy_7th_pre_req"": ""70"", ""buy_7th_pre_req_pre"": ""0"", ""buy_8th_pre_bid"": ""-1208000"", ""buy_8th_pre_req"": ""29"", ""buy_8th_pre_req_pre"": ""0"", ""buy_9th_pre_bid"": ""-1207000"", ""buy_9th_pre_req"": ""35"", ""buy_9th_pre_req_pre"": ""0"", ""buy_10th_pre_bid"": ""-1206000"", ""buy_10th_pre_req"": ""84"", ""buy_10th_pre_req_pre"": ""0"", ""tot_sel_req_jub_pre"": ""0"", ""tot_sel_req"": ""1074"", ""tot_buy_req"": ""1097"", ""tot_buy_req_jub_pre"": ""+15"", ""ovt_sel_req_pre"": ""0"", ""ovt_sel_req"": ""0"", ""ovt_buy_req"": ""0"", ""ovt_buy_req_pre"": ""0"", ""return_code"": 0, ""return_msg"": ""정상적으로 처리되었습니다""}"
2026-06-10,scan_candidate,009150,,0,main_scan,1897000,,1897000,1896000,1897000,1900000,0.10542962572482868,0.05271481286241434,,,,,,"{""bid_req_base_tm"": ""110311"", ""sel_10th_pre_req_pre"": ""0"", ""sel_10th_pre_req"": ""41"", ""sel_10th_pre_bid"": ""-1906000"", ""sel_9th_pre_req_pre"": ""0"", ""sel_9th_pre_req"": ""128"", ""sel_9th_pre_bid"": ""-1905000"", ""sel_8th_pre_req_pre"": ""0"", ""sel_8th_pre_req"": ""5"", ""sel_8th_pre_bid"": ""-1904000"", ""sel_7th_pre_req_pre"": ""0"", ""sel_7th_pre_req"": ""46"", ""sel_7th_pre_bid"": ""-1903000"", ""sel_6th_pre_req_pre"": ""0"", ""sel_6th_pre_req"": ""1"", ""sel_6th_pre_bid"": ""-1902000"", ""sel_5th_pre_req_pre"": ""0"", ""sel_5th_pre_req"": ""11"", ""sel_5th_pre_bid"": ""-1901000"", ""sel_4th_pre_req_pre"": ""0"", ""sel_4th_pre_req"": ""11"", ""sel_4th_pre_bid"": ""-1900000"", ""sel_3th_pre_req_pre"": ""0"", ""sel_3th_pre_req"": ""23"", ""sel_3th_pre_bid"": ""-1899000"", ""sel_2th_pre_req_pre"": ""0"", ""sel_2th_pre_req"": ""37"", ""sel_2th_pre_bid"": ""-1898000"", ""sel_1th_pre_req_pre"": ""0"", ""sel_fpr_req"": ""84"", ""sel_fpr_bid"": ""-1897000"", ""buy_fpr_bid"": ""-1896000"", ""buy_fpr_req"": ""34"", ""buy_1th_pre_req_pre"": ""--4"", ""buy_2th_pre_bid"": ""-1895000"", ""buy_2th_pre_req"": ""723"", ""buy_2th_pre_req_pre"": ""0"", ""buy_3th_pre_bid"": ""-1894000"", ""buy_3th_pre_req"": ""201"", ""buy_3th_pre_req_pre"": ""0"", ""buy_4th_pre_bid"": ""-1893000"", ""buy_4th_pre_req"": ""59"", ""buy_4th_pre_req_pre"": ""0"", ""buy_5th_pre_bid"": ""-1892000"", ""buy_5th_pre_req"": ""49"", ""buy_5th_pre_req_pre"": ""0"", ""buy_6th_pre_bid"": ""-1891000"", ""buy_6th_pre_req"": ""32"", ""buy_6th_pre_req_pre"": ""0"", ""buy_7th_pre_bid"": ""-1890000"", ""buy_7th_pre_req"": ""115"", ""buy_7th_pre_req_pre"": ""0"", ""buy_8th_pre_bid"": ""-1889000"", ""buy_8th_pre_req"": ""49"", ""buy_8th_pre_req_pre"": ""0"", ""buy_9th_pre_bid"": ""-1888000"", ""buy_9th_pre_req"": ""190"", ""buy_9th_pre_req_pre"": ""0"", ""buy_10th_pre_bid"": ""-1887000"", ""buy_10th_pre_req"": ""132"", ""buy_10th_pre_req_pre"": ""0"", ""tot_sel_req_jub_pre"": ""0"", ""tot_sel_req"": ""387"", ""tot_buy_req"": ""1584"", ""tot_buy_req_jub_pre"": ""--4"", ""ovt_sel_req_pre"": ""0"", ""ovt_sel_req"": ""0"", ""ovt_buy_req"": ""0"", ""ovt_buy_req_pre"": ""0"", ""return_code"": 0, ""return_msg"": ""정상적으로 처리되었습니다""}"
2026-06-10,scan_candidate,032830,,0,main_scan,371000,,371000,370500,371000,371500,0.0,0.13477088948787064,,,,,,"{""bid_req_base_tm"": ""110310"", ""sel_10th_pre_req_pre"": ""0"", ""sel_10th_pre_req"": ""26"", ""sel_10th_pre_bid"": ""-376000"", ""sel_9th_pre_req_pre"": ""0"", ""sel_9th_pre_req"": ""3"", ""sel_9th_pre_bid"": ""-375500"", ""sel_8th_pre_req_pre"": ""0"", ""sel_8th_pre_req"": ""9"", ""sel_8th_pre_bid"": ""-375000"", ""sel_7th_pre_req_pre"": ""0"", ""sel_7th_pre_req"": ""191"", ""sel_7th_pre_bid"": ""-374000"", ""sel_6th_pre_req_pre"": ""0"", ""sel_6th_pre_req"": ""18"", ""sel_6th_pre_bid"": ""-373500"", ""sel_5th_pre_req_pre"": ""0"", ""sel_5th_pre_req"": ""277"", ""sel_5th_pre_bid"": ""-373000"", ""sel_4th_pre_req_pre"": ""+1"", ""sel_4th_pre_req"": ""545"", ""sel_4th_pre_bid"": ""-372500"", ""sel_3th_pre_req_pre"": ""0"", ""sel_3th_pre_req"": ""183"", ""sel_3th_pre_bid"": ""-372000"", ""sel_2th_pre_req_pre"": ""0"", ""sel_2th_pre_req"": ""170"", ""sel_2th_pre_bid"": ""-371500"", ""sel_1th_pre_req_pre"": ""0"", ""sel_fpr_req"": ""132"", ""sel_fpr_bid"": ""-371000"", ""buy_fpr_bid"": ""-370500"", ""buy_fpr_req"": ""201"", ""buy_1th_pre_req_pre"": ""0"", ""buy_2th_pre_bid"": ""-370000"", ""buy_2th_pre_req"": ""449"", ""buy_2th_pre_req_pre"": ""0"", ""buy_3th_pre_bid"": ""-369500"", ""buy_3th_pre_req"": ""195"", ""buy_3th_pre_req_pre"": ""0"", ""buy_4th_pre_bid"": ""-369000"", ""buy_4th_pre_req"": ""110"", ""buy_4th_pre_req_pre"": ""0"", ""buy_5th_pre_bid"": ""-368500"", ""buy_5th_pre_req"": ""146"", ""buy_5th_pre_req_pre"": ""0"", ""buy_6th_pre_bid"": ""-368000"", ""buy_6th_pre_req"": ""340"", ""buy_6th_pre_req_pre"": ""0"", ""buy_7th_pre_bid"": ""-367500"", ""buy_7th_pre_req"": ""238"", ""buy_7th_pre_req_pre"": ""0"", ""buy_8th_pre_bid"": ""-367000"", ""buy_8th_pre_req"": ""445"", ""buy_8th_pre_req_pre"": ""0"", ""buy_9th_pre_bid"": ""-366500"", ""buy_9th_pre_req"": ""145"", ""buy_9th_pre_req_pre"": ""0"", ""buy_10th_pre_bid"": ""-366000"", ""buy_10th_pre_req"": ""601"", ""buy_10th_pre_req_pre"": ""0"", ""tot_sel_req_jub_pre"": ""+1"", ""tot_sel_req"": ""1554"", ""tot_buy_req"": ""2870"", ""tot_buy_req_jub_pre"": ""0"", ""ovt_sel_req_pre"": ""0"", ""ovt_sel_req"": ""0"", ""ovt_buy_req"": ""0"", ""ovt_buy_req_pre"": ""0"", ""return_code"": 0, ""return_msg"": ""정상적으로 처리되었습니다""}"
2026-06-10,scan_candidate,012330,,0,main_scan,576000,,576000,575000,576000,579000,0.3472222222222222,0.1736111111111111,,,,,,"{""bid_req_base_tm"": ""110311"", ""sel_10th_pre_req_pre"": ""0"", ""sel_10th_pre_req"": ""148"", ""sel_10th_pre_bid"": ""-585000"", ""sel_9th_pre_req_pre"": ""0"", ""sel_9th_pre_req"": ""140"", ""sel_9th_pre_bid"": ""-584000"", ""sel_8th_pre_req_pre"": ""0"", ""sel_8th_pre_req"": ""456"", ""sel_8th_pre_bid"": ""-583000"", ""sel_7th_pre_req_pre"": ""0"", ""sel_7th_pre_req"": ""51"", ""sel_7th_pre_bid"": ""-582000"", ""sel_6th_pre_req_pre"": ""0"", ""sel_6th_pre_req"": ""144"", ""sel_6th_pre_bid"": ""-581000"", ""sel_5th_pre_req_pre"": ""0"", ""sel_5th_pre_req"": ""54"", ""sel_5th_pre_bid"": ""-580000"", ""sel_4th_pre_req_pre"": ""0"", ""sel_4th_pre_req"": ""63"", ""sel_4th_pre_bid"": ""-579000"", ""sel_3th_pre_req_pre"": ""0"", ""sel_3th_pre_req"": ""144"", ""sel_3th_pre_bid"": ""-578000"", ""sel_2th_pre_req_pre"": ""0"", ""sel_2th_pre_req"": ""342"", ""sel_2th_pre_bid"": ""-577000"", ""sel_1th_pre_req_pre"": ""0"", ""sel_fpr_req"": ""31"", ""sel_fpr_bid"": ""-576000"", ""buy_fpr_bid"": ""-575000"", ""buy_fpr_req"": ""991"", ""buy_1th_pre_req_pre"": ""+1"", ""buy_2th_pre_bid"": ""-574000"", ""buy_2th_pre_req"": ""1009"", ""buy_2th_pre_req_pre"": ""0"", ""buy_3th_pre_bid"": ""-573000"", ""buy_3th_pre_req"": ""1501"", ""buy_3th_pre_req_pre"": ""0"", ""buy_4th_pre_bid"": ""-572000"", ""buy_4th_pre_req"": ""1578"", ""buy_4th_pre_req_pre"": ""0"", ""buy_5th_pre_bid"": ""-571000"", ""buy_5th_pre_req"": ""2299"", ""buy_5th_pre_req_pre"": ""0"", ""buy_6th_pre_bid"": ""-570000"", ""buy_6th_pre_req"": ""5339"", ""buy_6th_pre_req_pre"": ""+1"", ""buy_7th_pre_bid"": ""-569000"", ""buy_7th_pre_req"": ""2718"", ""buy_7th_pre_req_pre"": ""0"", ""buy_8th_pre_bid"": ""-568000"", ""buy_8th_pre_req"": ""911"", ""buy_8th_pre_req_pre"": ""0"", ""buy_9th_pre_bid"": ""-567000"", ""buy_9th_pre_req"": ""782"", ""buy_9th_pre_req_pre"": ""0"", ""buy_10th_pre_bid"": ""-566000"", ""buy_10th_pre_req"": ""1418"", ""buy_10th_pre_req_pre"": ""0"", ""tot_sel_req_jub_pre"": ""0"", ""tot_sel_req"": ""1573"", ""tot_buy_req"": ""18546"", ""tot_buy_req_jub_pre"": ""+2"", ""ovt_sel_req_pre"": ""0"", ""ovt_sel_req"": ""0"", ""ovt_buy_req"": ""0"", ""ovt_buy_req_pre"": ""0"", ""return_code"": 0, ""return_msg"": ""정상적으로 처리되었습니다""}"
2026-06-10,scan_candidate,055550,,0,main_scan,98800,,98800,98700,98800,98300,-0.6072874493927125,0.10121457489878542,,,,,,"{""bid_req_base_tm"": ""110311"", ""sel_10th_pre_req_pre"": ""0"", ""sel_10th_pre_req"": ""643"", ""sel_10th_pre_bid"": ""-99700"", ""sel_9th_pre_req_pre"": ""0"", ""sel_9th_pre_req"": ""3"", ""sel_9th_pre_bid"": ""-99600"", ""sel_8th_pre_req_pre"": ""0"", ""sel_8th_pre_req"": ""56"", ""sel_8th_pre_bid"": ""-99500"", ""sel_7th_pre_req_pre"": ""0"", ""sel_7th_pre_req"": ""52"", ""sel_7th_pre_bid"": ""-99400"", ""sel_6th_pre_req_pre"": ""0"", ""sel_6th_pre_req"": ""65"", ""sel_6th_pre_bid"": ""-99300"", ""sel_5th_pre_req_pre"": ""0"", ""sel_5th_pre_req"": ""653"", ""sel_5th_pre_bid"": ""-99200"", ""sel_4th_pre_req_pre"": ""0"", ""sel_4th_pre_req"": ""201"", ""sel_4th_pre_bid"": ""-99100"", ""sel_3th_pre_req_pre"": ""0"", ""sel_3th_pre_req"": ""1099"", ""sel_3th_pre_bid"": ""-99000"", ""sel_2th_pre_req_pre"": ""0"", ""sel_2th_pre_req"": ""609"", ""sel_2th_pre_bid"": ""-98900"", ""sel_1th_pre_req_pre"": ""0"", ""sel_fpr_req"": ""10820"", ""sel_fpr_bid"": ""-98800"", ""buy_fpr_bid"": ""-98700"", ""buy_fpr_req"": ""1185"", ""buy_1th_pre_req_pre"": ""+62"", ""buy_2th_pre_bid"": ""-98600"", ""buy_2th_pre_req"": ""548"", ""buy_2th_pre_req_pre"": ""0"", ""buy_3th_pre_bid"": ""-98500"", ""buy_3th_pre_req"": ""744"", ""buy_3th_pre_req_pre"": ""0"", ""buy_4th_pre_bid"": ""-98400"", ""buy_4th_pre_req"": ""1065"", ""buy_4th_pre_req_pre"": ""0"", ""buy_5th_pre_bid"": ""-98300"", ""buy_5th_pre_req"": ""263"", ""buy_5th_pre_req_pre"": ""0"", ""buy_6th_pre_bid"": ""-98200"", ""buy_6th_pre_req"": ""1263"", ""buy_6th_pre_req_pre"": ""0"", ""buy_7th_pre_bid"": ""-98100"", ""buy_7th_pre_req"": ""401"", ""buy_7th_pre_req_pre"": ""0"", ""buy_8th_pre_bid"": ""-98000"", ""buy_8th_pre_req"": ""1601"", ""buy_8th_pre_req_pre"": ""0"", ""buy_9th_pre_bid"": ""-97900"", ""buy_9th_pre_req"": ""254"", ""buy_9th_pre_req_pre"": ""0"", ""buy_10th_pre_bid"": ""-97800"", ""buy_10th_pre_req"": ""574"", ""buy_10th_pre_req_pre"": ""0"", ""tot_sel_req_jub_pre"": ""0"", ""tot_sel_req"": ""14201"", ""tot_buy_req"": ""7898"", ""tot_buy_req_jub_pre"": ""+62"", ""ovt_sel_req_pre"": ""0"", ""ovt_sel_req"": ""0"", ""ovt_buy_req"": ""0"", ""ovt_buy_req_pre"": ""0"", ""return_code"": 0, ""return_msg"": ""정상적으로 처리되었습니다""}"
2026-06-10,scan_candidate,034730,,0,main_scan,583000,,583000,582000,583000,578000,-1.0291595197255576,0.17152658662092624,,,,,,"{""bid_req_base_tm"": ""110312"", ""sel_10th_pre_req_pre"": ""0"", ""sel_10th_pre_req"": ""190"", ""sel_10th_pre_bid"": ""-592000"", ""sel_9th_pre_req_pre"": ""0"", ""sel_9th_pre_req"": ""37"", ""sel_9th_pre_bid"": ""-591000"", ""sel_8th_pre_req_pre"": ""0"", ""sel_8th_pre_req"": ""107"", ""sel_8th_pre_bid"": ""-590000"", ""sel_7th_pre_req_pre"": ""0"", ""sel_7th_pre_req"": ""2"", ""sel_7th_pre_bid"": ""-589000"", ""sel_6th_pre_req_pre"": ""0"", ""sel_6th_pre_req"": ""77"", ""sel_6th_pre_bid"": ""-588000"", ""sel_5th_pre_req_pre"": ""0"", ""sel_5th_pre_req"": ""4"", ""sel_5th_pre_bid"": ""-587000"", ""sel_4th_pre_req_pre"": ""0"", ""sel_4th_pre_req"": ""88"", ""sel_4th_pre_bid"": ""-586000"", ""sel_3th_pre_req_pre"": ""0"", ""sel_3th_pre_req"": ""34"", ""sel_3th_pre_bid"": ""-585000"", ""sel_2th_pre_req_pre"": ""+1"", ""sel_2th_pre_req"": ""1319"", ""sel_2th_pre_bid"": ""-584000"", ""sel_1th_pre_req_pre"": ""0"", ""sel_fpr_req"": ""407"", ""sel_fpr_bid"": ""-583000"", ""buy_fpr_bid"": ""-582000"", ""buy_fpr_req"": ""175"", ""buy_1th_pre_req_pre"": ""+5"", ""buy_2th_pre_bid"": ""-581000"", ""buy_2th_pre_req"": ""126"", ""buy_2th_pre_req_pre"": ""0"", ""buy_3th_pre_bid"": ""-580000"", ""buy_3th_pre_req"": ""209"", ""buy_3th_pre_req_pre"": ""0"", ""buy_4th_pre_bid"": ""-579000"", ""buy_4th_pre_req"": ""41"", ""buy_4th_pre_req_pre"": ""0"", ""buy_5th_pre_bid"": ""-578000"", ""buy_5th_pre_req"": ""134"", ""buy_5th_pre_req_pre"": ""0"", ""buy_6th_pre_bid"": ""-577000"", ""buy_6th_pre_req"": ""28"", ""buy_6th_pre_req_pre"": ""0"", ""buy_7th_pre_bid"": ""-576000"", ""buy_7th_pre_req"": ""51"", ""buy_7th_pre_req_pre"": ""0"", ""buy_8th_pre_bid"": ""-575000"", ""buy_8th_pre_req"": ""60"", ""buy_8th_pre_req_pre"": ""0"", ""buy_9th_pre_bid"": ""-574000"", ""buy_9th_pre_req"": ""83"", ""buy_9th_pre_req_pre"": ""0"", ""buy_10th_pre_bid"": ""-573000"", ""buy_10th_pre_req"": ""26"", ""buy_10th_pre_req_pre"": ""0"", ""tot_sel_req_jub_pre"": ""+1"", ""tot_sel_req"": ""2265"", ""tot_buy_req"": ""933"", ""tot_buy_req_jub_pre"": ""+5"", ""ovt_sel_req_pre"": ""0"", ""ovt_sel_req"": ""0"", ""ovt_buy_req"": ""0"", ""ovt_buy_req_pre"": ""0"", ""return_code"": 0, ""return_msg"": ""정상적으로 처리되었습니다""}"
2026-06-10,scan_candidate,066570,,0,main_scan,232000,,232000,231500,232000,233500,0.43103448275862066,0.21551724137931033,,,,,,"{""bid_req_base_tm"": ""110312"", ""sel_10th_pre_req_pre"": ""0"", ""sel_10th_pre_req"": ""1458"", ""sel_10th_pre_bid"": ""-236500"", ""sel_9th_pre_req_pre"": ""0"", ""sel_9th_pre_req"": ""3011"", ""sel_9th_pre_bid"": ""-236000"", ""sel_8th_pre_req_pre"": ""0"", ""sel_8th_pre_req"": ""2304"", ""sel_8th_pre_bid"": ""-235500"", ""sel_7th_pre_req_pre"": ""0"", ""sel_7th_pre_req"": ""3797"", ""sel_7th_pre_bid"": ""-235000"", ""sel_6th_pre_req_pre"": ""0"", ""sel_6th_pre_req"": ""1993"", ""sel_6th_pre_bid"": ""-234500"", ""sel_5th_pre_req_pre"": ""0"", ""sel_5th_pre_req"": ""899"", ""sel_5th_pre_bid"": ""-234000"", ""sel_4th_pre_req_pre"": ""0"", ""sel_4th_pre_req"": ""686"", ""sel_4th_pre_bid"": ""-233500"", ""sel_3th_pre_req_pre"": ""0"", ""sel_3th_pre_req"": ""1547"", ""sel_3th_pre_bid"": ""-233000"", ""sel_2th_pre_req_pre"": ""0"", ""sel_2th_pre_req"": ""1728"", ""sel_2th_pre_bid"": ""-232500"", ""sel_1th_pre_req_pre"": ""0"", ""sel_fpr_req"": ""7643"", ""sel_fpr_bid"": ""-232000"", ""buy_fpr_bid"": ""-231500"", ""buy_fpr_req"": ""4198"", ""buy_1th_pre_req_pre"": ""0"", ""buy_2th_pre_bid"": ""-231000"", ""buy_2th_pre_req"": ""11445"", ""buy_2th_pre_req_pre"": ""0"", ""buy_3th_pre_bid"": ""-230500"", ""buy_3th_pre_req"": ""19613"", ""buy_3th_pre_req_pre"": ""--20"", ""buy_4th_pre_bid"": ""-230000"", ""buy_4th_pre_req"": ""42513"", ""buy_4th_pre_req_pre"": ""0"", ""buy_5th_pre_bid"": ""-229500"", ""buy_5th_pre_req"": ""6775"", ""buy_5th_pre_req_pre"": ""0"", ""buy_6th_pre_bid"": ""-229000"", ""buy_6th_pre_req"": ""8091"", ""buy_6th_pre_req_pre"": ""0"", ""buy_7th_pre_bid"": ""-228500"", ""buy_7th_pre_req"": ""6660"", ""buy_7th_pre_req_pre"": ""0"", ""buy_8th_pre_bid"": ""-228000"", ""buy_8th_pre_req"": ""11289"", ""buy_8th_pre_req_pre"": ""0"", ""buy_9th_pre_bid"": ""-227500"", ""buy_9th_pre_req"": ""3801"", ""buy_9th_pre_req_pre"": ""0"", ""buy_10th_pre_bid"": ""-227000"", ""buy_10th_pre_req"": ""55579"", ""buy_10th_pre_req_pre"": ""0"", ""tot_sel_req_jub_pre"": ""0"", ""tot_sel_req"": ""25066"", ""tot_buy_req"": ""169964"", ""tot_buy_req_jub_pre"": ""--20"", ""ovt_sel_req_pre"": ""0"", ""ovt_sel_req"": ""0"", ""ovt_buy_req"": ""0"", ""ovt_buy_req_pre"": ""0"", ""return_code"": 0, ""return_msg"": ""정상적으로 처리되었습니다""}"
2026-06-10,scan_candidate,035420,,0,main_scan,233500,,233500,233000,233500,234500,0.21413276231263384,0.21413276231263384,,,,,,"{""bid_req_base_tm"": ""110312"", ""sel_10th_pre_req_pre"": ""0"", ""sel_10th_pre_req"": ""3072"", ""sel_10th_pre_bid"": ""-238000"", ""sel_9th_pre_req_pre"": ""0"", ""sel_9th_pre_req"": ""3280"", ""sel_9th_pre_bid"": ""-237500"", ""sel_8th_pre_req_pre"": ""0"", ""sel_8th_pre_req"": ""1714"", ""sel_8th_pre_bid"": ""-237000"", ""sel_7th_pre_req_pre"": ""0"", ""sel_7th_pre_req"": ""3674"", ""sel_7th_pre_bid"": ""-236500"", ""sel_6th_pre_req_pre"": ""0"", ""sel_6th_pre_req"": ""3661"", ""sel_6th_pre_bid"": ""-236000"", ""sel_5th_pre_req_pre"": ""0"", ""sel_5th_pre_req"": ""1906"", ""sel_5th_pre_bid"": ""-235500"", ""sel_4th_pre_req_pre"": ""0"", ""sel_4th_pre_req"": ""4356"", ""sel_4th_pre_bid"": ""-235000"", ""sel_3th_pre_req_pre"": ""0"", ""sel_3th_pre_req"": ""933"", ""sel_3th_pre_bid"": ""-234500"", ""sel_2th_pre_req_pre"": ""0"", ""sel_2th_pre_req"": ""3600"", ""sel_2th_pre_bid"": ""-234000"", ""sel_1th_pre_req_pre"": ""0"", ""sel_fpr_req"": ""6879"", ""sel_fpr_bid"": ""-233500"", ""buy_fpr_bid"": ""-233000"", ""buy_fpr_req"": ""3940"", ""buy_1th_pre_req_pre"": ""--17"", ""buy_2th_pre_bid"": ""-232500"", ""buy_2th_pre_req"": ""8510"", ""buy_2th_pre_req_pre"": ""0"", ""buy_3th_pre_bid"": ""-232000"", ""buy_3th_pre_req"": ""14781"", ""buy_3th_pre_req_pre"": ""0"", ""buy_4th_pre_bid"": ""-231500"", ""buy_4th_pre_req"": ""13614"", ""buy_4th_pre_req_pre"": ""0"", ""buy_5th_pre_bid"": ""-231000"", ""buy_5th_pre_req"": ""17294"", ""buy_5th_pre_req_pre"": ""0"", ""buy_6th_pre_bid"": ""-230500"", ""buy_6th_pre_req"": ""15436"", ""buy_6th_pre_req_pre"": ""0"", ""buy_7th_pre_bid"": ""-230000"", ""buy_7th_pre_req"": ""70710"", ""buy_7th_pre_req_pre"": ""0"", ""buy_8th_pre_bid"": ""-229500"", ""buy_8th_pre_req"": ""4845"", ""buy_8th_pre_req_pre"": ""0"", ""buy_9th_pre_bid"": ""-229000"", ""buy_9th_pre_req"": ""5489"", ""buy_9th_pre_req_pre"": ""0"", ""buy_10th_pre_bid"": ""-228500"", ""buy_10th_pre_req"": ""7740"", ""buy_10th_pre_req_pre"": ""0"", ""tot_sel_req_jub_pre"": ""0"", ""tot_sel_req"": ""33075"", ""tot_buy_req"": ""162359"", ""tot_buy_req_jub_pre"": ""--17"", ""ovt_sel_req_pre"": ""0"", ""ovt_sel_req"": ""0"", ""ovt_buy_req"": ""0"", ""ovt_buy_req_pre"": ""0"", ""return_code"": 0, ""return_msg"": ""정상적으로 처리되었습니다""}"
2026-06-10,scan_candidate,267260,,0,main_scan,1008000,,1008000,1007000,1008000,1008000,-0.0992063492063492,0.0992063492063492,,,,,,"{""bid_req_base_tm"": ""110312"", ""sel_10th_pre_req_pre"": ""0"", ""sel_10th_pre_req"": ""6"", ""sel_10th_pre_bid"": ""+1017000"", ""sel_9th_pre_req_pre"": ""0"", ""sel_9th_pre_req"": ""8"", ""sel_9th_pre_bid"": ""+1016000"", ""sel_8th_pre_req_pre"": ""0"", ""sel_8th_pre_req"": ""49"", ""sel_8th_pre_bid"": ""+1015000"", ""sel_7th_pre_req_pre"": ""0"", ""sel_7th_pre_req"": ""13"", ""sel_7th_pre_bid"": ""+1014000"", ""sel_6th_pre_req_pre"": ""0"", ""sel_6th_pre_req"": ""21"", ""sel_6th_pre_bid"": ""+1013000"", ""sel_5th_pre_req_pre"": ""0"", ""sel_5th_pre_req"": ""39"", ""sel_5th_pre_bid"": ""+1012000"", ""sel_4th_pre_req_pre"": ""0"", ""sel_4th_pre_req"": ""140"", ""sel_4th_pre_bid"": ""+1011000"", ""sel_3th_pre_req_pre"": ""0"", ""sel_3th_pre_req"": ""120"", ""sel_3th_pre_bid"": ""+1010000"", ""sel_2th_pre_req_pre"": ""--1"", ""sel_2th_pre_req"": ""26"", ""sel_2th_pre_bid"": ""+1009000"", ""sel_1th_pre_req_pre"": ""0"", ""sel_fpr_req"": ""72"", ""sel_fpr_bid"": ""+1008000"", ""buy_fpr_bid"": ""+1007000"", ""buy_fpr_req"": ""39"", ""buy_1th_pre_req_pre"": ""--1"", ""buy_2th_pre_bid"": ""+1006000"", ""buy_2th_pre_req"": ""76"", ""buy_2th_pre_req_pre"": ""0"", ""buy_3th_pre_bid"": ""+1005000"", ""buy_3th_pre_req"": ""341"", ""buy_3th_pre_req_pre"": ""0"", ""buy_4th_pre_bid"": ""+1004000"", ""buy_4th_pre_req"": ""3"", ""buy_4th_pre_req_pre"": ""0"", ""buy_5th_pre_bid"": ""+1003000"", ""buy_5th_pre_req"": ""7"", ""buy_5th_pre_req_pre"": ""0"", ""buy_6th_pre_bid"": ""+1002000"", ""buy_6th_pre_req"": ""4"", ""buy_6th_pre_req_pre"": ""0"", ""buy_7th_pre_bid"": ""+1001000"", ""buy_7th_pre_req"": ""10"", ""buy_7th_pre_req_pre"": ""0"", ""buy_8th_pre_bid"": ""+1000000"", ""buy_8th_pre_req"": ""212"", ""buy_8th_pre_req_pre"": ""0"", ""buy_9th_pre_bid"": ""+999000"", ""buy_9th_pre_req"": ""516"", ""buy_9th_pre_req_pre"": ""0"", ""buy_10th_pre_bid"": ""+998000"", ""buy_10th_pre_req"": ""105"", ""buy_10th_pre_req_pre"": ""0"", ""tot_sel_req_jub_pre"": ""--1"", ""tot_sel_req"": ""494"", ""tot_buy_req"": ""1313"", ""tot_buy_req_jub_pre"": ""--1"", ""ovt_sel_req_pre"": ""0"", ""ovt_sel_req"": ""0"", ""ovt_buy_req"": ""0"", ""ovt_buy_req_pre"": ""0"", ""return_code"": 0, ""return_msg"": ""정상적으로 처리되었습니다""}"
2026-06-10,scan_candidate,086790,,0,main_scan,119100,,119100,118900,119100,119000,-0.5037783375314862,0.16792611251049538,,,,,,"{""bid_req_base_tm"": ""110313"", ""sel_10th_pre_req_pre"": ""0"", ""sel_10th_pre_req"": ""288"", ""sel_10th_pre_bid"": ""+120100"", ""sel_9th_pre_req_pre"": ""0"", ""sel_9th_pre_req"": ""773"", ""sel_9th_pre_bid"": ""+120000"", ""sel_8th_pre_req_pre"": ""0"", ""sel_8th_pre_req"": ""626"", ""sel_8th_pre_bid"": ""+119900"", ""sel_7th_pre_req_pre"": ""0"", ""sel_7th_pre_req"": ""44"", ""sel_7th_pre_bid"": ""+119800"", ""sel_6th_pre_req_pre"": ""0"", ""sel_6th_pre_req"": ""220"", ""sel_6th_pre_bid"": ""+119700"", ""sel_5th_pre_req_pre"": ""0"", ""sel_5th_pre_req"": ""180"", ""sel_5th_pre_bid"": ""+119600"", ""sel_4th_pre_req_pre"": ""0"", ""sel_4th_pre_req"": ""208"", ""sel_4th_pre_bid"": ""+119500"", ""sel_3th_pre_req_pre"": ""0"", ""sel_3th_pre_req"": ""202"", ""sel_3th_pre_bid"": ""+119300"", ""sel_2th_pre_req_pre"": ""0"", ""sel_2th_pre_req"": ""790"", ""sel_2th_pre_bid"": ""+119200"", ""sel_1th_pre_req_pre"": ""+57"", ""sel_fpr_req"": ""539"", ""sel_fpr_bid"": ""+119100"", ""buy_fpr_bid"": ""-118900"", ""buy_fpr_req"": ""1172"", ""buy_1th_pre_req_pre"": ""0"", ""buy_2th_pre_bid"": ""-118800"", ""buy_2th_pre_req"": ""368"", ""buy_2th_pre_req_pre"": ""0"", ""buy_3th_pre_bid"": ""-118700"", ""buy_3th_pre_req"": ""207"", ""buy_3th_pre_req_pre"": ""0"", ""buy_4th_pre_bid"": ""-118600"", ""buy_4th_pre_req"": ""2"", ""buy_4th_pre_req_pre"": ""0"", ""buy_5th_pre_bid"": ""-118500"", ""buy_5th_pre_req"": ""61"", ""buy_5th_pre_req_pre"": ""0"", ""buy_6th_pre_bid"": ""-118400"", ""buy_6th_pre_req"": ""663"", ""buy_6th_pre_req_pre"": ""0"", ""buy_7th_pre_bid"": ""-118300"", ""buy_7th_pre_req"": ""162"", ""buy_7th_pre_req_pre"": ""0"", ""buy_8th_pre_bid"": ""-118200"", ""buy_8th_pre_req"": ""1159"", ""buy_8th_pre_req_pre"": ""0"", ""buy_9th_pre_bid"": ""-118100"", ""buy_9th_pre_req"": ""67"", ""buy_9th_pre_req_pre"": ""0"", ""buy_10th_pre_bid"": ""-118000"", ""buy_10th_pre_req"": ""364"", ""buy_10th_pre_req_pre"": ""0"", ""tot_sel_req_jub_pre"": ""+57"", ""tot_sel_req"": ""3870"", ""tot_buy_req"": ""4225"", ""tot_buy_req_jub_pre"": ""0"", ""ovt_sel_req_pre"": ""0"", ""ovt_sel_req"": ""0"", ""ovt_buy_req"": ""0"", ""ovt_buy_req_pre"": ""0"", ""return_code"": 0, ""return_msg"": ""정상적으로 처리되었습니다""}"
2026-06-10,scan_candidate,000810,,0,main_scan,623000,,623000,622000,623000,618000,-0.9630818619582664,0.16051364365971107,,,,,,"{""bid_req_base_tm"": ""110313"", ""sel_10th_pre_req_pre"": ""0"", ""sel_10th_pre_req"": ""3"", ""sel_10th_pre_bid"": ""-632000"", ""sel_9th_pre_req_pre"": ""0"", ""sel_9th_pre_req"": ""3"", ""sel_9th_pre_bid"": ""-631000"", ""sel_8th_pre_req_pre"": ""0"", ""sel_8th_pre_req"": ""48"", ""sel_8th_pre_bid"": ""-630000"", ""sel_7th_pre_req_pre"": ""0"", ""sel_7th_pre_req"": ""40"", ""sel_7th_pre_bid"": ""-629000"", ""sel_6th_pre_req_pre"": ""0"", ""sel_6th_pre_req"": ""23"", ""sel_6th_pre_bid"": ""-628000"", ""sel_5th_pre_req_pre"": ""0"", ""sel_5th_pre_req"": ""27"", ""sel_5th_pre_bid"": ""-627000"", ""sel_4th_pre_req_pre"": ""0"", ""sel_4th_pre_req"": ""23"", ""sel_4th_pre_bid"": ""-626000"", ""sel_3th_pre_req_pre"": ""0"", ""sel_3th_pre_req"": ""14"", ""sel_3th_pre_bid"": ""-625000"", ""sel_2th_pre_req_pre"": ""0"", ""sel_2th_pre_req"": ""57"", ""sel_2th_pre_bid"": ""-624000"", ""sel_1th_pre_req_pre"": ""0"", ""sel_fpr_req"": ""544"", ""sel_fpr_bid"": ""-623000"", ""buy_fpr_bid"": ""-622000"", ""buy_fpr_req"": ""69"", ""buy_1th_pre_req_pre"": ""--20"", ""buy_2th_pre_bid"": ""-621000"", ""buy_2th_pre_req"": ""70"", ""buy_2th_pre_req_pre"": ""0"", ""buy_3th_pre_bid"": ""-620000"", ""buy_3th_pre_req"": ""53"", ""buy_3th_pre_req_pre"": ""0"", ""buy_4th_pre_bid"": ""-619000"", ""buy_4th_pre_req"": ""2"", ""buy_4th_pre_req_pre"": ""0"", ""buy_5th_pre_bid"": ""-618000"", ""buy_5th_pre_req"": ""13"", ""buy_5th_pre_req_pre"": ""0"", ""buy_6th_pre_bid"": ""-617000"", ""buy_6th_pre_req"": ""36"", ""buy_6th_pre_req_pre"": ""0"", ""buy_7th_pre_bid"": ""-616000"", ""buy_7th_pre_req"": ""19"", ""buy_7th_pre_req_pre"": ""0"", ""buy_8th_pre_bid"": ""-615000"", ""buy_8th_pre_req"": ""32"", ""buy_8th_pre_req_pre"": ""0"", ""buy_9th_pre_bid"": ""-614000"", ""buy_9th_pre_req"": ""92"", ""buy_9th_pre_req_pre"": ""0"", ""buy_10th_pre_bid"": ""-613000"", ""buy_10th_pre_req"": ""38"", ""buy_10th_pre_req_pre"": ""0"", ""tot_sel_req_jub_pre"": ""0"", ""tot_sel_req"": ""782"", ""tot_buy_req"": ""424"", ""tot_buy_req_jub_pre"": ""--20"", ""ovt_sel_req_pre"": ""0"", ""ovt_sel_req"": ""0"", ""ovt_buy_req"": ""0"", ""ovt_buy_req_pre"": ""0"", ""return_code"": 0, ""return_msg"": ""정상적으로 처리되었습니다""}"
2026-06-10,scan_candidate,011070,,0,main_scan,1144000,,1144000,1143000,1144000,1147000,0.17482517482517482,0.08741258741258741,,,,,,"{""bid_req_base_tm"": ""110313"", ""sel_10th_pre_req_pre"": ""0"", ""sel_10th_pre_req"": ""27"", ""sel_10th_pre_bid"": ""+1154000"", ""sel_9th_pre_req_pre"": ""0"", ""sel_9th_pre_req"": ""11"", ""sel_9th_pre_bid"": ""+1153000"", ""sel_8th_pre_req_pre"": ""0"", ""sel_8th_pre_req"": ""39"", ""sel_8th_pre_bid"": ""+1152000"", ""sel_7th_pre_req_pre"": ""0"", ""sel_7th_pre_req"": ""12"", ""sel_7th_pre_bid"": ""+1151000"", ""sel_6th_pre_req_pre"": ""0"", ""sel_6th_pre_req"": ""70"", ""sel_6th_pre_bid"": ""+1150000"", ""sel_5th_pre_req_pre"": ""0"", ""sel_5th_pre_req"": ""33"", ""sel_5th_pre_bid"": ""+1149000"", ""sel_4th_pre_req_pre"": ""0"", ""sel_4th_pre_req"": ""17"", ""sel_4th_pre_bid"": ""+1148000"", ""sel_3th_pre_req_pre"": ""0"", ""sel_3th_pre_req"": ""1"", ""sel_3th_pre_bid"": ""+1147000"", ""sel_2th_pre_req_pre"": ""0"", ""sel_2th_pre_req"": ""29"", ""sel_2th_pre_bid"": ""+1145000"", ""sel_1th_pre_req_pre"": ""0"", ""sel_fpr_req"": ""1"", ""sel_fpr_bid"": ""+1144000"", ""buy_fpr_bid"": ""+1143000"", ""buy_fpr_req"": ""65"", ""buy_1th_pre_req_pre"": ""0"", ""buy_2th_pre_bid"": ""+1142000"", ""buy_2th_pre_req"": ""80"", ""buy_2th_pre_req_pre"": ""0"", ""buy_3th_pre_bid"": ""+1141000"", ""buy_3th_pre_req"": ""20"", ""buy_3th_pre_req_pre"": ""0"", ""buy_4th_pre_bid"": ""+1140000"", ""buy_4th_pre_req"": ""419"", ""buy_4th_pre_req_pre"": ""0"", ""buy_5th_pre_bid"": ""+1139000"", ""buy_5th_pre_req"": ""37"", ""buy_5th_pre_req_pre"": ""0"", ""buy_6th_pre_bid"": ""+1138000"", ""buy_6th_pre_req"": ""2"", ""buy_6th_pre_req_pre"": ""0"", ""buy_7th_pre_bid"": ""1137000"", ""buy_7th_pre_req"": ""36"", ""buy_7th_pre_req_pre"": ""0"", ""buy_8th_pre_bid"": ""-1136000"", ""buy_8th_pre_req"": ""7"", ""buy_8th_pre_req_pre"": ""0"", ""buy_9th_pre_bid"": ""-1135000"", ""buy_9th_pre_req"": ""36"", ""buy_9th_pre_req_pre"": ""0"", ""buy_10th_pre_bid"": ""-1134000"", ""buy_10th_pre_req"": ""10"", ""buy_10th_pre_req_pre"": ""0"", ""tot_sel_req_jub_pre"": ""--53"", ""tot_sel_req"": ""240"", ""tot_buy_req"": ""712"", ""tot_buy_req_jub_pre"": ""0"", ""ovt_sel_req_pre"": ""0"", ""ovt_sel_req"": ""0"", ""ovt_buy_req"": ""0"", ""ovt_buy_req_pre"": ""0"", ""return_code"": 0, ""return_msg"": ""정상적으로 처리되었습니다""}"
2026-06-10,scan_candidate,042700,,0,main_scan,282000,,282000,281500,282000,283500,0.3546099290780142,0.1773049645390071,,,,,,"{""bid_req_base_tm"": ""110313"", ""sel_10th_pre_req_pre"": ""0"", ""sel_10th_pre_req"": ""192"", ""sel_10th_pre_bid"": ""+286500"", ""sel_9th_pre_req_pre"": ""0"", ""sel_9th_pre_req"": ""144"", ""sel_9th_pre_bid"": ""+286000"", ""sel_8th_pre_req_pre"": ""0"", ""sel_8th_pre_req"": ""39"", ""sel_8th_pre_bid"": ""+285500"", ""sel_7th_pre_req_pre"": ""0"", ""sel_7th_pre_req"": ""183"", ""sel_7th_pre_bid"": ""+285000"", ""sel_6th_pre_req_pre"": ""0"", ""sel_6th_pre_req"": ""77"", ""sel_6th_pre_bid"": ""+284500"", ""sel_5th_pre_req_pre"": ""0"", ""sel_5th_pre_req"": ""249"", ""sel_5th_pre_bid"": ""+284000"", ""sel_4th_pre_req_pre"": ""0"", ""sel_4th_pre_req"": ""104"", ""sel_4th_pre_bid"": ""+283500"", ""sel_3th_pre_req_pre"": ""0"", ""sel_3th_pre_req"": ""221"", ""sel_3th_pre_bid"": ""+283000"", ""sel_2th_pre_req_pre"": ""0"", ""sel_2th_pre_req"": ""340"", ""sel_2th_pre_bid"": ""+282500"", ""sel_1th_pre_req_pre"": ""0"", ""sel_fpr_req"": ""319"", ""sel_fpr_bid"": ""+282000"", ""buy_fpr_bid"": ""+281500"", ""buy_fpr_req"": ""462"", ""buy_1th_pre_req_pre"": ""0"", ""buy_2th_pre_bid"": ""+281000"", ""buy_2th_pre_req"": ""1138"", ""buy_2th_pre_req_pre"": ""0"", ""buy_3th_pre_bid"": ""+280500"", ""buy_3th_pre_req"": ""1083"", ""buy_3th_pre_req_pre"": ""0"", ""buy_4th_pre_bid"": ""+280000"", ""buy_4th_pre_req"": ""2761"", ""buy_4th_pre_req_pre"": ""--100"", ""buy_5th_pre_bid"": ""+279500"", ""buy_5th_pre_req"": ""187"", ""buy_5th_pre_req_pre"": ""0"", ""buy_6th_pre_bid"": ""+279000"", ""buy_6th_pre_req"": ""515"", ""buy_6th_pre_req_pre"": ""0"", ""buy_7th_pre_bid"": ""+278500"", ""buy_7th_pre_req"": ""369"", ""buy_7th_pre_req_pre"": ""0"", ""buy_8th_pre_bid"": ""+278000"", ""buy_8th_pre_req"": ""526"", ""buy_8th_pre_req_pre"": ""0"", ""buy_9th_pre_bid"": ""+277500"", ""buy_9th_pre_req"": ""162"", ""buy_9th_pre_req_pre"": ""0"", ""buy_10th_pre_bid"": ""+277000"", ""buy_10th_pre_req"": ""364"", ""buy_10th_pre_req_pre"": ""0"", ""tot_sel_req_jub_pre"": ""0"", ""tot_sel_req"": ""1868"", ""tot_buy_req"": ""7567"", ""tot_buy_req_jub_pre"": ""--100"", ""ovt_sel_req_pre"": ""0"", ""ovt_sel_req"": ""0"", ""ovt_buy_req"": ""0"", ""ovt_buy_req_pre"": ""0"", ""return_code"": 0, ""return_msg"": ""정상적으로 처리되었습니다""}"
2026-06-10,scan_candidate,017670,,0,main_scan,107600,,107600,107500,107600,107500,-0.5576208178438662,0.09293680297397769,,,,,,"{""bid_req_base_tm"": ""110313"", ""sel_10th_pre_req_pre"": ""0"", ""sel_10th_pre_req"": ""998"", ""sel_10th_pre_bid"": ""+108600"", ""sel_9th_pre_req_pre"": ""0"", ""sel_9th_pre_req"": ""475"", ""sel_9th_pre_bid"": ""+108500"", ""sel_8th_pre_req_pre"": ""0"", ""sel_8th_pre_req"": ""125"", ""sel_8th_pre_bid"": ""+108400"", ""sel_7th_pre_req_pre"": ""0"", ""sel_7th_pre_req"": ""305"", ""sel_7th_pre_bid"": ""+108300"", ""sel_6th_pre_req_pre"": ""0"", ""sel_6th_pre_req"": ""538"", ""sel_6th_pre_bid"": ""+108200"", ""sel_5th_pre_req_pre"": ""0"", ""sel_5th_pre_req"": ""121"", ""sel_5th_pre_bid"": ""108100"", ""sel_4th_pre_req_pre"": ""+10"", ""sel_4th_pre_req"": ""459"", ""sel_4th_pre_bid"": ""-108000"", ""sel_3th_pre_req_pre"": ""0"", ""sel_3th_pre_req"": ""32"", ""sel_3th_pre_bid"": ""-107900"", ""sel_2th_pre_req_pre"": ""0"", ""sel_2th_pre_req"": ""224"", ""sel_2th_pre_bid"": ""-107700"", ""sel_1th_pre_req_pre"": ""0"", ""sel_fpr_req"": ""820"", ""sel_fpr_bid"": ""-107600"", ""buy_fpr_bid"": ""-107500"", ""buy_fpr_req"": ""3631"", ""buy_1th_pre_req_pre"": ""0"", ""buy_2th_pre_bid"": ""-107400"", ""buy_2th_pre_req"": ""408"", ""buy_2th_pre_req_pre"": ""0"", ""buy_3th_pre_bid"": ""-107300"", ""buy_3th_pre_req"": ""650"", ""buy_3th_pre_req_pre"": ""0"", ""buy_4th_pre_bid"": ""-107200"", ""buy_4th_pre_req"": ""624"", ""buy_4th_pre_req_pre"": ""0"", ""buy_5th_pre_bid"": ""-107100"", ""buy_5th_pre_req"": ""673"", ""buy_5th_pre_req_pre"": ""0"", ""buy_6th_pre_bid"": ""-107000"", ""buy_6th_pre_req"": ""2129"", ""buy_6th_pre_req_pre"": ""0"", ""buy_7th_pre_bid"": ""-106900"", ""buy_7th_pre_req"": ""280"", ""buy_7th_pre_req_pre"": ""0"", ""buy_8th_pre_bid"": ""-106800"", ""buy_8th_pre_req"": ""407"", ""buy_8th_pre_req_pre"": ""0"", ""buy_9th_pre_bid"": ""-106700"", ""buy_9th_pre_req"": ""230"", ""buy_9th_pre_req_pre"": ""0"", ""buy_10th_pre_bid"": ""-106600"", ""buy_10th_pre_req"": ""1508"", ""buy_10th_pre_req_pre"": ""0"", ""tot_sel_req_jub_pre"": ""+10"", ""tot_sel_req"": ""4097"", ""tot_buy_req"": ""10540"", ""tot_buy_req_jub_pre"": ""0"", ""ovt_sel_req_pre"": ""0"", ""ovt_sel_req"": ""0"", ""ovt_buy_req"": ""0"", ""ovt_buy_req_pre"": ""0"", ""return_code"": 0, ""return_msg"": ""정상적으로 처리되었습니다""}"
2026-06-10,scan_candidate,316140,,0,main_scan,29900,,29900,29850,29900,29850,-0.33444816053511706,0.16722408026755853,,,,,,"{""bid_req_base_tm"": ""110314"", ""sel_10th_pre_req_pre"": ""0"", ""sel_10th_pre_req"": ""768"", ""sel_10th_pre_bid"": ""+30350"", ""sel_9th_pre_req_pre"": ""0"", ""sel_9th_pre_req"": ""2479"", ""sel_9th_pre_bid"": ""+30300"", ""sel_8th_pre_req_pre"": ""0"", ""sel_8th_pre_req"": ""1207"", ""sel_8th_pre_bid"": ""+30250"", ""sel_7th_pre_req_pre"": ""0"", ""sel_7th_pre_req"": ""6671"", ""sel_7th_pre_bid"": ""+30200"", ""sel_6th_pre_req_pre"": ""0"", ""sel_6th_pre_req"": ""789"", ""sel_6th_pre_bid"": ""+30150"", ""sel_5th_pre_req_pre"": ""0"", ""sel_5th_pre_req"": ""1506"", ""sel_5th_pre_bid"": ""+30100"", ""sel_4th_pre_req_pre"": ""0"", ""sel_4th_pre_req"": ""824"", ""sel_4th_pre_bid"": ""+30050"", ""sel_3th_pre_req_pre"": ""0"", ""sel_3th_pre_req"": ""652"", ""sel_3th_pre_bid"": ""30000"", ""sel_2th_pre_req_pre"": ""0"", ""sel_2th_pre_req"": ""1445"", ""sel_2th_pre_bid"": ""-29950"", ""sel_1th_pre_req_pre"": ""0"", ""sel_fpr_req"": ""724"", ""sel_fpr_bid"": ""-29900"", ""buy_fpr_bid"": ""-29850"", ""buy_fpr_req"": ""1545"", ""buy_1th_pre_req_pre"": ""+64"", ""buy_2th_pre_bid"": ""-29800"", ""buy_2th_pre_req"": ""3135"", ""buy_2th_pre_req_pre"": ""0"", ""buy_3th_pre_bid"": ""-29750"", ""buy_3th_pre_req"": ""1385"", ""buy_3th_pre_req_pre"": ""0"", ""buy_4th_pre_bid"": ""-29700"", ""buy_4th_pre_req"": ""2703"", ""buy_4th_pre_req_pre"": ""0"", ""buy_5th_pre_bid"": ""-29650"", ""buy_5th_pre_req"": ""3518"", ""buy_5th_pre_req_pre"": ""0"", ""buy_6th_pre_bid"": ""-29600"", ""buy_6th_pre_req"": ""1291"", ""buy_6th_pre_req_pre"": ""0"", ""buy_7th_pre_bid"": ""-29550"", ""buy_7th_pre_req"": ""635"", ""buy_7th_pre_req_pre"": ""0"", ""buy_8th_pre_bid"": ""-29500"", ""buy_8th_pre_req"": ""1593"", ""buy_8th_pre_req_pre"": ""0"", ""buy_9th_pre_bid"": ""-29450"", ""buy_9th_pre_req"": ""861"", ""buy_9th_pre_req_pre"": ""0"", ""buy_10th_pre_bid"": ""-29400"", ""buy_10th_pre_req"": ""1440"", ""buy_10th_pre_req_pre"": ""0"", ""tot_sel_req_jub_pre"": ""0"", ""tot_sel_req"": ""17065"", ""tot_buy_req"": ""18106"", ""tot_buy_req_jub_pre"": ""+64"", ""ovt_sel_req_pre"": ""0"", ""ovt_sel_req"": ""0"", ""ovt_buy_req"": ""0"", ""ovt_buy_req_pre"": ""0"", ""return_code"": 0, ""return_msg"": ""정상적으로 처리되었습니다""}"
2026-06-10,scan_candidate,018260,,0,main_scan,231500,,231500,231000,231500,233000,0.4319654427645789,0.21598272138228944,,,,,,"{""bid_req_base_tm"": ""110314"", ""sel_10th_pre_req_pre"": ""0"", ""sel_10th_pre_req"": ""314"", ""sel_10th_pre_bid"": ""-236000"", ""sel_9th_pre_req_pre"": ""0"", ""sel_9th_pre_req"": ""221"", ""sel_9th_pre_bid"": ""-235500"", ""sel_8th_pre_req_pre"": ""0"", ""sel_8th_pre_req"": ""132"", ""sel_8th_pre_bid"": ""-235000"", ""sel_7th_pre_req_pre"": ""--2"", ""sel_7th_pre_req"": ""147"", ""sel_7th_pre_bid"": ""-234500"", ""sel_6th_pre_req_pre"": ""+2"", ""sel_6th_pre_req"": ""212"", ""sel_6th_pre_bid"": ""-234000"", ""sel_5th_pre_req_pre"": ""0"", ""sel_5th_pre_req"": ""54"", ""sel_5th_pre_bid"": ""-233500"", ""sel_4th_pre_req_pre"": ""0"", ""sel_4th_pre_req"": ""191"", ""sel_4th_pre_bid"": ""-233000"", ""sel_3th_pre_req_pre"": ""0"", ""sel_3th_pre_req"": ""54"", ""sel_3th_pre_bid"": ""-232500"", ""sel_2th_pre_req_pre"": ""0"", ""sel_2th_pre_req"": ""155"", ""sel_2th_pre_bid"": ""-232000"", ""sel_1th_pre_req_pre"": ""+164"", ""sel_fpr_req"": ""851"", ""sel_fpr_bid"": ""-231500"", ""buy_fpr_bid"": ""-231000"", ""buy_fpr_req"": ""1882"", ""buy_1th_pre_req_pre"": ""0"", ""buy_2th_pre_bid"": ""-230500"", ""buy_2th_pre_req"": ""2263"", ""buy_2th_pre_req_pre"": ""0"", ""buy_3th_pre_bid"": ""-230000"", ""buy_3th_pre_req"": ""4595"", ""buy_3th_pre_req_pre"": ""0"", ""buy_4th_pre_bid"": ""-229500"", ""buy_4th_pre_req"": ""997"", ""buy_4th_pre_req_pre"": ""0"", ""buy_5th_pre_bid"": ""-229000"", ""buy_5th_pre_req"": ""1505"", ""buy_5th_pre_req_pre"": ""0"", ""buy_6th_pre_bid"": ""-228500"", ""buy_6th_pre_req"": ""970"", ""buy_6th_pre_req_pre"": ""0"", ""buy_7th_pre_bid"": ""-228000"", ""buy_7th_pre_req"": ""2238"", ""buy_7th_pre_req_pre"": ""0"", ""buy_8th_pre_bid"": ""-227500"", ""buy_8th_pre_req"": ""1727"", ""buy_8th_pre_req_pre"": ""0"", ""buy_9th_pre_bid"": ""-227000"", ""buy_9th_pre_req"": ""3136"", ""buy_9th_pre_req_pre"": ""0"", ""buy_10th_pre_bid"": ""-226500"", ""buy_10th_pre_req"": ""411"", ""buy_10th_pre_req_pre"": ""0"", ""tot_sel_req_jub_pre"": ""+164"", ""tot_sel_req"": ""2331"", ""tot_buy_req"": ""19724"", ""tot_buy_req_jub_pre"": ""0"", ""ovt_sel_req_pre"": ""0"", ""ovt_sel_req"": ""0"", ""ovt_buy_req"": ""0"", ""ovt_buy_req_pre"": ""0"", ""return_code"": 0, ""return_msg"": ""정상적으로 처리되었습니다""}"
2026-06-10,scan_candidate,033780,,0,main_scan,184600,,184600,184500,184600,184000,-0.5958829902491874,0.054171180931744306,,,,,,"{""bid_req_base_tm"": ""110314"", ""sel_10th_pre_req_pre"": ""0"", ""sel_10th_pre_req"": ""109"", ""sel_10th_pre_bid"": ""+185500"", ""sel_9th_pre_req_pre"": ""0"", ""sel_9th_pre_req"": ""6"", ""sel_9th_pre_bid"": ""+185400"", ""sel_8th_pre_req_pre"": ""0"", ""sel_8th_pre_req"": ""3"", ""sel_8th_pre_bid"": ""+185300"", ""sel_7th_pre_req_pre"": ""0"", ""sel_7th_pre_req"": ""13"", ""sel_7th_pre_bid"": ""+185200"", ""sel_6th_pre_req_pre"": ""0"", ""sel_6th_pre_req"": ""4"", ""sel_6th_pre_bid"": ""+185100"", ""sel_5th_pre_req_pre"": ""0"", ""sel_5th_pre_req"": ""1153"", ""sel_5th_pre_bid"": ""+185000"", ""sel_4th_pre_req_pre"": ""--1"", ""sel_4th_pre_req"": ""2"", ""sel_4th_pre_bid"": ""+184900"", ""sel_3th_pre_req_pre"": ""0"", ""sel_3th_pre_req"": ""108"", ""sel_3th_pre_bid"": ""+184800"", ""sel_2th_pre_req_pre"": ""0"", ""sel_2th_pre_req"": ""461"", ""sel_2th_pre_bid"": ""+184700"", ""sel_1th_pre_req_pre"": ""+1"", ""sel_fpr_req"": ""457"", ""sel_fpr_bid"": ""+184600"", ""buy_fpr_bid"": ""+184500"", ""buy_fpr_req"": ""627"", ""buy_1th_pre_req_pre"": ""0"", ""buy_2th_pre_bid"": ""+184400"", ""buy_2th_pre_req"": ""186"", ""buy_2th_pre_req_pre"": ""0"", ""buy_3th_pre_bid"": ""184300"", ""buy_3th_pre_req"": ""300"", ""buy_3th_pre_req_pre"": ""0"", ""buy_4th_pre_bid"": ""-184200"", ""buy_4th_pre_req"": ""222"", ""buy_4th_pre_req_pre"": ""0"", ""buy_5th_pre_bid"": ""-184100"", ""buy_5th_pre_req"": ""35"", ""buy_5th_pre_req_pre"": ""0"", ""buy_6th_pre_bid"": ""-184000"", ""buy_6th_pre_req"": ""3"", ""buy_6th_pre_req_pre"": ""0"", ""buy_7th_pre_bid"": ""-183900"", ""buy_7th_pre_req"": ""47"", ""buy_7th_pre_req_pre"": ""0"", ""buy_8th_pre_bid"": ""-183800"", ""buy_8th_pre_req"": ""2"", ""buy_8th_pre_req_pre"": ""0"", ""buy_9th_pre_bid"": ""-183700"", ""buy_9th_pre_req"": ""6"", ""buy_9th_pre_req_pre"": ""0"", ""buy_10th_pre_bid"": ""-183600"", ""buy_10th_pre_req"": ""15"", ""buy_10th_pre_req_pre"": ""0"", ""tot_sel_req_jub_pre"": ""0"", ""tot_sel_req"": ""2316"", ""tot_buy_req"": ""1443"", ""tot_buy_req_jub_pre"": ""0"", ""ovt_sel_req_pre"": ""0"", ""ovt_sel_req"": ""0"", ""ovt_buy_req"": ""0"", ""ovt_buy_req_pre"": ""0"", ""return_code"": 0, ""return_msg"": ""정상적으로 처리되었습니다""}"
2026-06-10,scan_candidate,307950,,0,main_scan,697000,,697000,696000,697000,700000,0.2869440459110474,0.1434720229555237,,,,,,"{""bid_req_base_tm"": ""110314"", ""sel_10th_pre_req_pre"": ""0"", ""sel_10th_pre_req"": ""10"", ""sel_10th_pre_bid"": ""+706000"", ""sel_9th_pre_req_pre"": ""0"", ""sel_9th_pre_req"": ""11"", ""sel_9th_pre_bid"": ""+705000"", ""sel_8th_pre_req_pre"": ""0"", ""sel_8th_pre_req"": ""7"", ""sel_8th_pre_bid"": ""+704000"", ""sel_7th_pre_req_pre"": ""0"", ""sel_7th_pre_req"": ""6"", ""sel_7th_pre_bid"": ""+703000"", ""sel_6th_pre_req_pre"": ""0"", ""sel_6th_pre_req"": ""31"", ""sel_6th_pre_bid"": ""+702000"", ""sel_5th_pre_req_pre"": ""0"", ""sel_5th_pre_req"": ""44"", ""sel_5th_pre_bid"": ""+701000"", ""sel_4th_pre_req_pre"": ""0"", ""sel_4th_pre_req"": ""31"", ""sel_4th_pre_bid"": ""+700000"", ""sel_3th_pre_req_pre"": ""0"", ""sel_3th_pre_req"": ""12"", ""sel_3th_pre_bid"": ""+699000"", ""sel_2th_pre_req_pre"": ""0"", ""sel_2th_pre_req"": ""291"", ""sel_2th_pre_bid"": ""+698000"", ""sel_1th_pre_req_pre"": ""0"", ""sel_fpr_req"": ""127"", ""sel_fpr_bid"": ""+697000"", ""buy_fpr_bid"": ""+696000"", ""buy_fpr_req"": ""215"", ""buy_1th_pre_req_pre"": ""0"", ""buy_2th_pre_bid"": ""+695000"", ""buy_2th_pre_req"": ""408"", ""buy_2th_pre_req_pre"": ""0"", ""buy_3th_pre_bid"": ""+694000"", ""buy_3th_pre_req"": ""74"", ""buy_3th_pre_req_pre"": ""0"", ""buy_4th_pre_bid"": ""+693000"", ""buy_4th_pre_req"": ""116"", ""buy_4th_pre_req_pre"": ""0"", ""buy_5th_pre_bid"": ""+692000"", ""buy_5th_pre_req"": ""180"", ""buy_5th_pre_req_pre"": ""0"", ""buy_6th_pre_bid"": ""+691000"", ""buy_6th_pre_req"": ""347"", ""buy_6th_pre_req_pre"": ""0"", ""buy_7th_pre_bid"": ""+690000"", ""buy_7th_pre_req"": ""318"", ""buy_7th_pre_req_pre"": ""0"", ""buy_8th_pre_bid"": ""+689000"", ""buy_8th_pre_req"": ""157"", ""buy_8th_pre_req_pre"": ""0"", ""buy_9th_pre_bid"": ""+688000"", ""buy_9th_pre_req"": ""266"", ""buy_9th_pre_req_pre"": ""0"", ""buy_10th_pre_bid"": ""687000"", ""buy_10th_pre_req"": ""187"", ""buy_10th_pre_req_pre"": ""0"", ""tot_sel_req_jub_pre"": ""0"", ""tot_sel_req"": ""570"", ""tot_buy_req"": ""2268"", ""tot_buy_req_jub_pre"": ""0"", ""ovt_sel_req_pre"": ""0"", ""ovt_sel_req"": ""0"", ""ovt_buy_req"": ""0"", ""ovt_buy_req_pre"": ""0"", ""return_code"": 0, ""return_msg"": ""정상적으로 처리되었습니다""}"
2026-06-10,scan_candidate,138040,,0,main_scan,109400,,109400,109300,109400,109000,-0.8226691042047531,0.09140767824497258,,,,,,"{""bid_req_base_tm"": ""110313"", ""sel_10th_pre_req_pre"": ""0"", ""sel_10th_pre_req"": ""121"", ""sel_10th_pre_bid"": ""+110400"", ""sel_9th_pre_req_pre"": ""0"", ""sel_9th_pre_req"": ""1556"", ""sel_9th_pre_bid"": ""+110300"", ""sel_8th_pre_req_pre"": ""0"", ""sel_8th_pre_req"": ""520"", ""sel_8th_pre_bid"": ""+110200"", ""sel_7th_pre_req_pre"": ""0"", ""sel_7th_pre_req"": ""5083"", ""sel_7th_pre_bid"": ""+110100"", ""sel_6th_pre_req_pre"": ""0"", ""sel_6th_pre_req"": ""962"", ""sel_6th_pre_bid"": ""+110000"", ""sel_5th_pre_req_pre"": ""0"", ""sel_5th_pre_req"": ""592"", ""sel_5th_pre_bid"": ""+109900"", ""sel_4th_pre_req_pre"": ""0"", ""sel_4th_pre_req"": ""509"", ""sel_4th_pre_bid"": ""+109800"", ""sel_3th_pre_req_pre"": ""0"", ""sel_3th_pre_req"": ""333"", ""sel_3th_pre_bid"": ""+109600"", ""sel_2th_pre_req_pre"": ""0"", ""sel_2th_pre_req"": ""261"", ""sel_2th_pre_bid"": ""+109500"", ""sel_1th_pre_req_pre"": ""+111"", ""sel_fpr_req"": ""201"", ""sel_fpr_bid"": ""+109400"", ""buy_fpr_bid"": ""+109300"", ""buy_fpr_req"": ""617"", ""buy_1th_pre_req_pre"": ""0"", ""buy_2th_pre_bid"": ""+109200"", ""buy_2th_pre_req"": ""276"", ""buy_2th_pre_req_pre"": ""0"", ""buy_3th_pre_bid"": ""-109000"", ""buy_3th_pre_req"": ""14"", ""buy_3th_pre_req_pre"": ""0"", ""buy_4th_pre_bid"": ""-108900"", ""buy_4th_pre_req"": ""41"", ""buy_4th_pre_req_pre"": ""0"", ""buy_5th_pre_bid"": ""-108800"", ""buy_5th_pre_req"": ""121"", ""buy_5th_pre_req_pre"": ""0"", ""buy_6th_pre_bid"": ""-108700"", ""buy_6th_pre_req"": ""47"", ""buy_6th_pre_req_pre"": ""0"", ""buy_7th_pre_bid"": ""-108600"", ""buy_7th_pre_req"": ""274"", ""buy_7th_pre_req_pre"": ""0"", ""buy_8th_pre_bid"": ""-108500"", ""buy_8th_pre_req"": ""184"", ""buy_8th_pre_req_pre"": ""0"", ""buy_9th_pre_bid"": ""-108400"", ""buy_9th_pre_req"": ""23"", ""buy_9th_pre_req_pre"": ""0"", ""buy_10th_pre_bid"": ""-108300"", ""buy_10th_pre_req"": ""3"", ""buy_10th_pre_req_pre"": ""0"", ""tot_sel_req_jub_pre"": ""+111"", ""tot_sel_req"": ""10138"", ""tot_buy_req"": ""1600"", ""tot_buy_req_jub_pre"": ""0"", ""ovt_sel_req_pre"": ""0"", ""ovt_sel_req"": ""0"", ""ovt_buy_req"": ""0"", ""ovt_buy_req_pre"": ""0"", ""return_code"": 0, ""return_msg"": ""정상적으로 처리되었습니다""}"
2026-06-10,scan_candidate,003550,,0,main_scan,110000,,110000,109900,110000,109500,-0.9090909090909091,0.09090909090909091,,,,,,"{""bid_req_base_tm"": ""110313"", ""sel_10th_pre_req_pre"": ""0"", ""sel_10th_pre_req"": ""759"", ""sel_10th_pre_bid"": ""-111000"", ""sel_9th_pre_req_pre"": ""0"", ""sel_9th_pre_req"": ""481"", ""sel_9th_pre_bid"": ""-110900"", ""sel_8th_pre_req_pre"": ""0"", ""sel_8th_pre_req"": ""31"", ""sel_8th_pre_bid"": ""-110800"", ""sel_7th_pre_req_pre"": ""0"", ""sel_7th_pre_req"": ""1"", ""sel_7th_pre_bid"": ""-110600"", ""sel_6th_pre_req_pre"": ""0"", ""sel_6th_pre_req"": ""16"", ""sel_6th_pre_bid"": ""-110500"", ""sel_5th_pre_req_pre"": ""0"", ""sel_5th_pre_req"": ""11"", ""sel_5th_pre_bid"": ""-110400"", ""sel_4th_pre_req_pre"": ""0"", ""sel_4th_pre_req"": ""152"", ""sel_4th_pre_bid"": ""-110300"", ""sel_3th_pre_req_pre"": ""0"", ""sel_3th_pre_req"": ""87"", ""sel_3th_pre_bid"": ""-110200"", ""sel_2th_pre_req_pre"": ""0"", ""sel_2th_pre_req"": ""140"", ""sel_2th_pre_bid"": ""-110100"", ""sel_1th_pre_req_pre"": ""+138"", ""sel_fpr_req"": ""526"", ""sel_fpr_bid"": ""-110000"", ""buy_fpr_bid"": ""-109900"", ""buy_fpr_req"": ""213"", ""buy_1th_pre_req_pre"": ""0"", ""buy_2th_pre_bid"": ""-109800"", ""buy_2th_pre_req"": ""111"", ""buy_2th_pre_req_pre"": ""0"", ""buy_3th_pre_bid"": ""-109700"", ""buy_3th_pre_req"": ""77"", ""buy_3th_pre_req_pre"": ""0"", ""buy_4th_pre_bid"": ""-109600"", ""buy_4th_pre_req"": ""103"", ""buy_4th_pre_req_pre"": ""0"", ""buy_5th_pre_bid"": ""-109500"", ""buy_5th_pre_req"": ""16"", ""buy_5th_pre_req_pre"": ""0"", ""buy_6th_pre_bid"": ""-109400"", ""buy_6th_pre_req"": ""2"", ""buy_6th_pre_req_pre"": ""0"", ""buy_7th_pre_bid"": ""-109300"", ""buy_7th_pre_req"": ""2"", ""buy_7th_pre_req_pre"": ""0"", ""buy_8th_pre_bid"": ""-109200"", ""buy_8th_pre_req"": ""30"", ""buy_8th_pre_req_pre"": ""0"", ""buy_9th_pre_bid"": ""-109100"", ""buy_9th_pre_req"": ""371"", ""buy_9th_pre_req_pre"": ""0"", ""buy_10th_pre_bid"": ""-109000"", ""buy_10th_pre_req"": ""16"", ""buy_10th_pre_req_pre"": ""0"", ""tot_sel_req_jub_pre"": ""+138"", ""tot_sel_req"": ""2204"", ""tot_buy_req"": ""941"", ""tot_buy_req_jub_pre"": ""0"", ""ovt_sel_req_pre"": ""0"", ""ovt_sel_req"": ""0"", ""ovt_buy_req"": ""0"", ""ovt_buy_req_pre"": ""0"", ""return_code"": 0, ""return_msg"": ""정상적으로 처리되었습니다""}"
2026-06-10,scan_candidate,024110,,0,main_scan,21050,,21050,21000,21050,20800,-1.4251781472684086,0.23752969121140144,,,,,,"{""bid_req_base_tm"": ""110314"", ""sel_10th_pre_req_pre"": ""0"", ""sel_10th_pre_req"": ""45878"", ""sel_10th_pre_bid"": ""+21500"", ""sel_9th_pre_req_pre"": ""0"", ""sel_9th_pre_req"": ""2226"", ""sel_9th_pre_bid"": ""+21450"", ""sel_8th_pre_req_pre"": ""0"", ""sel_8th_pre_req"": ""11001"", ""sel_8th_pre_bid"": ""+21400"", ""sel_7th_pre_req_pre"": ""0"", ""sel_7th_pre_req"": ""4325"", ""sel_7th_pre_bid"": ""+21350"", ""sel_6th_pre_req_pre"": ""0"", ""sel_6th_pre_req"": ""13979"", ""sel_6th_pre_bid"": ""+21300"", ""sel_5th_pre_req_pre"": ""0"", ""sel_5th_pre_req"": ""6132"", ""sel_5th_pre_bid"": ""+21250"", ""sel_4th_pre_req_pre"": ""0"", ""sel_4th_pre_req"": ""17904"", ""sel_4th_pre_bid"": ""+21200"", ""sel_3th_pre_req_pre"": ""0"", ""sel_3th_pre_req"": ""20787"", ""sel_3th_pre_bid"": ""+21150"", ""sel_2th_pre_req_pre"": ""0"", ""sel_2th_pre_req"": ""14445"", ""sel_2th_pre_bid"": ""+21100"", ""sel_1th_pre_req_pre"": ""--2"", ""sel_fpr_req"": ""20207"", ""sel_fpr_bid"": ""+21050"", ""buy_fpr_bid"": ""+21000"", ""buy_fpr_req"": ""9935"", ""buy_1th_pre_req_pre"": ""0"", ""buy_2th_pre_bid"": ""+20950"", ""buy_2th_pre_req"": ""1233"", ""buy_2th_pre_req_pre"": ""0"", ""buy_3th_pre_bid"": ""+20900"", ""buy_3th_pre_req"": ""758"", ""buy_3th_pre_req_pre"": ""0"", ""buy_4th_pre_bid"": ""+20850"", ""buy_4th_pre_req"": ""3122"", ""buy_4th_pre_req_pre"": ""0"", ""buy_5th_pre_bid"": ""+20800"", ""buy_5th_pre_req"": ""2242"", ""buy_5th_pre_req_pre"": ""0"", ""buy_6th_pre_bid"": ""+20750"", ""buy_6th_pre_req"": ""1167"", ""buy_6th_pre_req_pre"": ""0"", ""buy_7th_pre_bid"": ""+20700"", ""buy_7th_pre_req"": ""2191"", ""buy_7th_pre_req_pre"": ""0"", ""buy_8th_pre_bid"": ""+20650"", ""buy_8th_pre_req"": ""2033"", ""buy_8th_pre_req_pre"": ""0"", ""buy_9th_pre_bid"": ""+20600"", ""buy_9th_pre_req"": ""3703"", ""buy_9th_pre_req_pre"": ""0"", ""buy_10th_pre_bid"": ""20550"", ""buy_10th_pre_req"": ""2687"", ""buy_10th_pre_req_pre"": ""0"", ""tot_sel_req_jub_pre"": ""--2"", ""tot_sel_req"": ""156884"", ""tot_buy_req"": ""29071"", ""tot_buy_req_jub_pre"": ""0"", ""ovt_sel_req_pre"": ""0"", ""ovt_sel_req"": ""0"", ""ovt_buy_req"": ""0"", ""ovt_buy_req_pre"": ""0"", ""return_code"": 0, ""return_msg"": ""정상적으로 처리되었습니다""}"
2026-06-10,scan_candidate,079550,,0,main_scan,772000,,772000,771000,772000,774000,0.1295336787564767,0.1295336787564767,,,,,,"{""bid_req_base_tm"": ""110315"", ""sel_10th_pre_req_pre"": ""0"", ""sel_10th_pre_req"": ""4"", ""sel_10th_pre_bid"": ""+781000"", ""sel_9th_pre_req_pre"": ""0"", ""sel_9th_pre_req"": ""87"", ""sel_9th_pre_bid"": ""+780000"", ""sel_8th_pre_req_pre"": ""0"", ""sel_8th_pre_req"": ""11"", ""sel_8th_pre_bid"": ""+779000"", ""sel_7th_pre_req_pre"": ""0"", ""sel_7th_pre_req"": ""116"", ""sel_7th_pre_bid"": ""+778000"", ""sel_6th_pre_req_pre"": ""0"", ""sel_6th_pre_req"": ""103"", ""sel_6th_pre_bid"": ""+777000"", ""sel_5th_pre_req_pre"": ""0"", ""sel_5th_pre_req"": ""202"", ""sel_5th_pre_bid"": ""+776000"", ""sel_4th_pre_req_pre"": ""0"", ""sel_4th_pre_req"": ""7"", ""sel_4th_pre_bid"": ""+775000"", ""sel_3th_pre_req_pre"": ""0"", ""sel_3th_pre_req"": ""81"", ""sel_3th_pre_bid"": ""+774000"", ""sel_2th_pre_req_pre"": ""--21"", ""sel_2th_pre_req"": ""9"", ""sel_2th_pre_bid"": ""+773000"", ""sel_1th_pre_req_pre"": ""0"", ""sel_fpr_req"": ""12"", ""sel_fpr_bid"": ""+772000"", ""buy_fpr_bid"": ""+771000"", ""buy_fpr_req"": ""44"", ""buy_1th_pre_req_pre"": ""0"", ""buy_2th_pre_bid"": ""+770000"", ""buy_2th_pre_req"": ""322"", ""buy_2th_pre_req_pre"": ""0"", ""buy_3th_pre_bid"": ""+769000"", ""buy_3th_pre_req"": ""234"", ""buy_3th_pre_req_pre"": ""0"", ""buy_4th_pre_bid"": ""+768000"", ""buy_4th_pre_req"": ""47"", ""buy_4th_pre_req_pre"": ""0"", ""buy_5th_pre_bid"": ""+767000"", ""buy_5th_pre_req"": ""48"", ""buy_5th_pre_req_pre"": ""0"", ""buy_6th_pre_bid"": ""+766000"", ""buy_6th_pre_req"": ""29"", ""buy_6th_pre_req_pre"": ""0"", ""buy_7th_pre_bid"": ""+765000"", ""buy_7th_pre_req"": ""83"", ""buy_7th_pre_req_pre"": ""0"", ""buy_8th_pre_bid"": ""+764000"", ""buy_8th_pre_req"": ""51"", ""buy_8th_pre_req_pre"": ""0"", ""buy_9th_pre_bid"": ""+763000"", ""buy_9th_pre_req"": ""35"", ""buy_9th_pre_req_pre"": ""0"", ""buy_10th_pre_bid"": ""+762000"", ""buy_10th_pre_req"": ""73"", ""buy_10th_pre_req_pre"": ""0"", ""tot_sel_req_jub_pre"": ""--88"", ""tot_sel_req"": ""632"", ""tot_buy_req"": ""966"", ""tot_buy_req_jub_pre"": ""0"", ""ovt_sel_req_pre"": ""0"", ""ovt_sel_req"": ""0"", ""ovt_buy_req"": ""0"", ""ovt_buy_req_pre"": ""0"", ""return_code"": 0, ""return_msg"": ""정상적으로 처리되었습니다""}"
2026-06-10,scan_candidate,278470,,0,main_scan,420000,,420000,419500,420000,418500,-0.4761904761904762,0.11904761904761905,,,,,,"{""bid_req_base_tm"": ""110315"", ""sel_10th_pre_req_pre"": ""0"", ""sel_10th_pre_req"": ""389"", ""sel_10th_pre_bid"": ""+424500"", ""sel_9th_pre_req_pre"": ""0"", ""sel_9th_pre_req"": ""385"", ""sel_9th_pre_bid"": ""+424000"", ""sel_8th_pre_req_pre"": ""0"", ""sel_8th_pre_req"": ""219"", ""sel_8th_pre_bid"": ""+423500"", ""sel_7th_pre_req_pre"": ""0"", ""sel_7th_pre_req"": ""808"", ""sel_7th_pre_bid"": ""+423000"", ""sel_6th_pre_req_pre"": ""0"", ""sel_6th_pre_req"": ""584"", ""sel_6th_pre_bid"": ""+422500"", ""sel_5th_pre_req_pre"": ""0"", ""sel_5th_pre_req"": ""433"", ""sel_5th_pre_bid"": ""+422000"", ""sel_4th_pre_req_pre"": ""0"", ""sel_4th_pre_req"": ""119"", ""sel_4th_pre_bid"": ""+421500"", ""sel_3th_pre_req_pre"": ""0"", ""sel_3th_pre_req"": ""99"", ""sel_3th_pre_bid"": ""+421000"", ""sel_2th_pre_req_pre"": ""0"", ""sel_2th_pre_req"": ""74"", ""sel_2th_pre_bid"": ""+420500"", ""sel_1th_pre_req_pre"": ""--21"", ""sel_fpr_req"": ""324"", ""sel_fpr_bid"": ""+420000"", ""buy_fpr_bid"": ""+419500"", ""buy_fpr_req"": ""47"", ""buy_1th_pre_req_pre"": ""0"", ""buy_2th_pre_bid"": ""+419000"", ""buy_2th_pre_req"": ""9"", ""buy_2th_pre_req_pre"": ""0"", ""buy_3th_pre_bid"": ""+418500"", ""buy_3th_pre_req"": ""39"", ""buy_3th_pre_req_pre"": ""0"", ""buy_4th_pre_bid"": ""+418000"", ""buy_4th_pre_req"": ""49"", ""buy_4th_pre_req_pre"": ""0"", ""buy_5th_pre_bid"": ""+417500"", ""buy_5th_pre_req"": ""8"", ""buy_5th_pre_req_pre"": ""0"", ""buy_6th_pre_bid"": ""+417000"", ""buy_6th_pre_req"": ""45"", ""buy_6th_pre_req_pre"": ""0"", ""buy_7th_pre_bid"": ""+416500"", ""buy_7th_pre_req"": ""56"", ""buy_7th_pre_req_pre"": ""0"", ""buy_8th_pre_bid"": ""+416000"", ""buy_8th_pre_req"": ""111"", ""buy_8th_pre_req_pre"": ""0"", ""buy_9th_pre_bid"": ""+415500"", ""buy_9th_pre_req"": ""136"", ""buy_9th_pre_req_pre"": ""0"", ""buy_10th_pre_bid"": ""+415000"", ""buy_10th_pre_req"": ""289"", ""buy_10th_pre_req_pre"": ""0"", ""tot_sel_req_jub_pre"": ""--21"", ""tot_sel_req"": ""3434"", ""tot_buy_req"": ""789"", ""tot_buy_req_jub_pre"": ""0"", ""ovt_sel_req_pre"": ""0"", ""ovt_sel_req"": ""0"", ""ovt_buy_req"": ""0"", ""ovt_buy_req_pre"": ""0"", ""return_code"": 0, ""return_msg"": ""정상적으로 처리되었습니다""}"
2026-06-10,scan_candidate,030200,,0,main_scan,55100,,55100,55000,55100,54800,-0.7259528130671506,0.18148820326678766,,,,,,"{""bid_req_base_tm"": ""110313"", ""sel_10th_pre_req_pre"": ""0"", ""sel_10th_pre_req"": ""4302"", ""sel_10th_pre_bid"": ""+56000"", ""sel_9th_pre_req_pre"": ""0"", ""sel_9th_pre_req"": ""1795"", ""sel_9th_pre_bid"": ""+55900"", ""sel_8th_pre_req_pre"": ""0"", ""sel_8th_pre_req"": ""1756"", ""sel_8th_pre_bid"": ""+55800"", ""sel_7th_pre_req_pre"": ""0"", ""sel_7th_pre_req"": ""1047"", ""sel_7th_pre_bid"": ""+55700"", ""sel_6th_pre_req_pre"": ""0"", ""sel_6th_pre_req"": ""783"", ""sel_6th_pre_bid"": ""+55600"", ""sel_5th_pre_req_pre"": ""0"", ""sel_5th_pre_req"": ""2013"", ""sel_5th_pre_bid"": ""+55500"", ""sel_4th_pre_req_pre"": ""0"", ""sel_4th_pre_req"": ""1359"", ""sel_4th_pre_bid"": ""+55400"", ""sel_3th_pre_req_pre"": ""0"", ""sel_3th_pre_req"": ""2032"", ""sel_3th_pre_bid"": ""+55300"", ""sel_2th_pre_req_pre"": ""0"", ""sel_2th_pre_req"": ""1561"", ""sel_2th_pre_bid"": ""+55200"", ""sel_1th_pre_req_pre"": ""+331"", ""sel_fpr_req"": ""1034"", ""sel_fpr_bid"": ""+55100"", ""buy_fpr_bid"": ""+55000"", ""buy_fpr_req"": ""1132"", ""buy_1th_pre_req_pre"": ""0"", ""buy_2th_pre_bid"": ""+54900"", ""buy_2th_pre_req"": ""154"", ""buy_2th_pre_req_pre"": ""0"", ""buy_3th_pre_bid"": ""+54800"", ""buy_3th_pre_req"": ""377"", ""buy_3th_pre_req_pre"": ""0"", ""buy_4th_pre_bid"": ""+54700"", ""buy_4th_pre_req"": ""1536"", ""buy_4th_pre_req_pre"": ""0"", ""buy_5th_pre_bid"": ""+54600"", ""buy_5th_pre_req"": ""242"", ""buy_5th_pre_req_pre"": ""0"", ""buy_6th_pre_bid"": ""+54500"", ""buy_6th_pre_req"": ""88"", ""buy_6th_pre_req_pre"": ""0"", ""buy_7th_pre_bid"": ""+54400"", ""buy_7th_pre_req"": ""430"", ""buy_7th_pre_req_pre"": ""0"", ""buy_8th_pre_bid"": ""+54300"", ""buy_8th_pre_req"": ""896"", ""buy_8th_pre_req_pre"": ""0"", ""buy_9th_pre_bid"": ""+54200"", ""buy_9th_pre_req"": ""1854"", ""buy_9th_pre_req_pre"": ""0"", ""buy_10th_pre_bid"": ""+54100"", ""buy_10th_pre_req"": ""474"", ""buy_10th_pre_req_pre"": ""0"", ""tot_sel_req_jub_pre"": ""+331"", ""tot_sel_req"": ""17682"", ""tot_buy_req"": ""7183"", ""tot_buy_req_jub_pre"": ""0"", ""ovt_sel_req_pre"": ""0"", ""ovt_sel_req"": ""0"", ""ovt_buy_req"": ""0"", ""ovt_buy_req_pre"": ""0"", ""return_code"": 0, ""return_msg"": ""정상적으로 처리되었습니다""}"
2026-06-10,scan_candidate,010950,,0,main_scan,112100,,112100,112000,112100,111500,-0.9812667261373774,0.08920606601248886,,,,,,"{""bid_req_base_tm"": ""110315"", ""sel_10th_pre_req_pre"": ""0"", ""sel_10th_pre_req"": ""27"", ""sel_10th_pre_bid"": ""+113100"", ""sel_9th_pre_req_pre"": ""0"", ""sel_9th_pre_req"": ""652"", ""sel_9th_pre_bid"": ""+113000"", ""sel_8th_pre_req_pre"": ""0"", ""sel_8th_pre_req"": ""133"", ""sel_8th_pre_bid"": ""+112900"", ""sel_7th_pre_req_pre"": ""0"", ""sel_7th_pre_req"": ""33"", ""sel_7th_pre_bid"": ""+112800"", ""sel_6th_pre_req_pre"": ""0"", ""sel_6th_pre_req"": ""110"", ""sel_6th_pre_bid"": ""+112700"", ""sel_5th_pre_req_pre"": ""0"", ""sel_5th_pre_req"": ""873"", ""sel_5th_pre_bid"": ""+112600"", ""sel_4th_pre_req_pre"": ""0"", ""sel_4th_pre_req"": ""614"", ""sel_4th_pre_bid"": ""+112500"", ""sel_3th_pre_req_pre"": ""0"", ""sel_3th_pre_req"": ""15"", ""sel_3th_pre_bid"": ""+112400"", ""sel_2th_pre_req_pre"": ""0"", ""sel_2th_pre_req"": ""696"", ""sel_2th_pre_bid"": ""+112200"", ""sel_1th_pre_req_pre"": ""0"", ""sel_fpr_req"": ""78"", ""sel_fpr_bid"": ""+112100"", ""buy_fpr_bid"": ""+112000"", ""buy_fpr_req"": ""152"", ""buy_1th_pre_req_pre"": ""0"", ""buy_2th_pre_bid"": ""+111900"", ""buy_2th_pre_req"": ""343"", ""buy_2th_pre_req_pre"": ""0"", ""buy_3th_pre_bid"": ""+111800"", ""buy_3th_pre_req"": ""4"", ""buy_3th_pre_req_pre"": ""0"", ""buy_4th_pre_bid"": ""+111700"", ""buy_4th_pre_req"": ""250"", ""buy_4th_pre_req_pre"": ""0"", ""buy_5th_pre_bid"": ""+111600"", ""buy_5th_pre_req"": ""305"", ""buy_5th_pre_req_pre"": ""0"", ""buy_6th_pre_bid"": ""+111500"", ""buy_6th_pre_req"": ""48"", ""buy_6th_pre_req_pre"": ""0"", ""buy_7th_pre_bid"": ""+111400"", ""buy_7th_pre_req"": ""4"", ""buy_7th_pre_req_pre"": ""0"", ""buy_8th_pre_bid"": ""+111300"", ""buy_8th_pre_req"": ""20"", ""buy_8th_pre_req_pre"": ""0"", ""buy_9th_pre_bid"": ""+111200"", ""buy_9th_pre_req"": ""44"", ""buy_9th_pre_req_pre"": ""0"", ""buy_10th_pre_bid"": ""+111100"", ""buy_10th_pre_req"": ""6"", ""buy_10th_pre_req_pre"": ""0"", ""tot_sel_req_jub_pre"": ""+10"", ""tot_sel_req"": ""3231"", ""tot_buy_req"": ""1176"", ""tot_buy_req_jub_pre"": ""0"", ""ovt_sel_req_pre"": ""0"", ""ovt_sel_req"": ""0"", ""ovt_buy_req"": ""0"", ""ovt_buy_req_pre"": ""0"", ""return_code"": 0, ""return_msg"": ""정상적으로 처리되었습니다""}"
2026-06-10,scan_candidate,323410,,0,main_scan,24550,,24550,24500,24550,24400,-0.8146639511201629,0.20366598778004072,,,,,,"{""bid_req_base_tm"": ""110315"", ""sel_10th_pre_req_pre"": ""0"", ""sel_10th_pre_req"": ""15341"", ""sel_10th_pre_bid"": ""+25000"", ""sel_9th_pre_req_pre"": ""0"", ""sel_9th_pre_req"": ""12409"", ""sel_9th_pre_bid"": ""+24950"", ""sel_8th_pre_req_pre"": ""0"", ""sel_8th_pre_req"": ""6350"", ""sel_8th_pre_bid"": ""+24900"", ""sel_7th_pre_req_pre"": ""0"", ""sel_7th_pre_req"": ""7715"", ""sel_7th_pre_bid"": ""+24850"", ""sel_6th_pre_req_pre"": ""0"", ""sel_6th_pre_req"": ""14765"", ""sel_6th_pre_bid"": ""+24800"", ""sel_5th_pre_req_pre"": ""0"", ""sel_5th_pre_req"": ""11308"", ""sel_5th_pre_bid"": ""+24750"", ""sel_4th_pre_req_pre"": ""0"", ""sel_4th_pre_req"": ""7688"", ""sel_4th_pre_bid"": ""+24700"", ""sel_3th_pre_req_pre"": ""0"", ""sel_3th_pre_req"": ""1583"", ""sel_3th_pre_bid"": ""+24650"", ""sel_2th_pre_req_pre"": ""0"", ""sel_2th_pre_req"": ""4056"", ""sel_2th_pre_bid"": ""+24600"", ""sel_1th_pre_req_pre"": ""0"", ""sel_fpr_req"": ""3695"", ""sel_fpr_bid"": ""+24550"", ""buy_fpr_bid"": ""+24500"", ""buy_fpr_req"": ""6966"", ""buy_1th_pre_req_pre"": ""0"", ""buy_2th_pre_bid"": ""+24450"", ""buy_2th_pre_req"": ""3302"", ""buy_2th_pre_req_pre"": ""0"", ""buy_3th_pre_bid"": ""24400"", ""buy_3th_pre_req"": ""4918"", ""buy_3th_pre_req_pre"": ""0"", ""buy_4th_pre_bid"": ""-24350"", ""buy_4th_pre_req"": ""2190"", ""buy_4th_pre_req_pre"": ""0"", ""buy_5th_pre_bid"": ""-24300"", ""buy_5th_pre_req"": ""1109"", ""buy_5th_pre_req_pre"": ""0"", ""buy_6th_pre_bid"": ""-24250"", ""buy_6th_pre_req"": ""1965"", ""buy_6th_pre_req_pre"": ""0"", ""buy_7th_pre_bid"": ""-24200"", ""buy_7th_pre_req"": ""805"", ""buy_7th_pre_req_pre"": ""0"", ""buy_8th_pre_bid"": ""-24150"", ""buy_8th_pre_req"": ""1298"", ""buy_8th_pre_req_pre"": ""0"", ""buy_9th_pre_bid"": ""-24100"", ""buy_9th_pre_req"": ""1094"", ""buy_9th_pre_req_pre"": ""0"", ""buy_10th_pre_bid"": ""-24050"", ""buy_10th_pre_req"": ""1544"", ""buy_10th_pre_req_pre"": ""0"", ""tot_sel_req_jub_pre"": ""0"", ""tot_sel_req"": ""84910"", ""tot_buy_req"": ""25191"", ""tot_buy_req_jub_pre"": ""0"", ""ovt_sel_req_pre"": ""0"", ""ovt_sel_req"": ""0"", ""ovt_buy_req"": ""0"", ""ovt_buy_req_pre"": ""0"", ""return_code"": 0, ""return_msg"": ""정상적으로 처리되었습니다""}"
2026-06-10,scan_candidate,005940,,0,main_scan,30850,,30850,30800,30850,30850,-0.1620745542949757,0.1620745542949757,,,,,,"{""bid_req_base_tm"": ""110316"", ""sel_10th_pre_req_pre"": ""0"", ""sel_10th_pre_req"": ""1072"", ""sel_10th_pre_bid"": ""+31300"", ""sel_9th_pre_req_pre"": ""0"", ""sel_9th_pre_req"": ""188"", ""sel_9th_pre_bid"": ""31250"", ""sel_8th_pre_req_pre"": ""0"", ""sel_8th_pre_req"": ""697"", ""sel_8th_pre_bid"": ""-31200"", ""sel_7th_pre_req_pre"": ""0"", ""sel_7th_pre_req"": ""10"", ""sel_7th_pre_bid"": ""-31150"", ""sel_6th_pre_req_pre"": ""0"", ""sel_6th_pre_req"": ""66"", ""sel_6th_pre_bid"": ""-31100"", ""sel_5th_pre_req_pre"": ""0"", ""sel_5th_pre_req"": ""119"", ""sel_5th_pre_bid"": ""-31050"", ""sel_4th_pre_req_pre"": ""0"", ""sel_4th_pre_req"": ""13"", ""sel_4th_pre_bid"": ""-31000"", ""sel_3th_pre_req_pre"": ""0"", ""sel_3th_pre_req"": ""212"", ""sel_3th_pre_bid"": ""-30950"", ""sel_2th_pre_req_pre"": ""0"", ""sel_2th_pre_req"": ""417"", ""sel_2th_pre_bid"": ""-30900"", ""sel_1th_pre_req_pre"": ""0"", ""sel_fpr_req"": ""1897"", ""sel_fpr_bid"": ""-30850"", ""buy_fpr_bid"": ""-30800"", ""buy_fpr_req"": ""1226"", ""buy_1th_pre_req_pre"": ""--5"", ""buy_2th_pre_bid"": ""-30750"", ""buy_2th_pre_req"": ""336"", ""buy_2th_pre_req_pre"": ""0"", ""buy_3th_pre_bid"": ""-30700"", ""buy_3th_pre_req"": ""127"", ""buy_3th_pre_req_pre"": ""0"", ""buy_4th_pre_bid"": ""-30650"", ""buy_4th_pre_req"": ""546"", ""buy_4th_pre_req_pre"": ""0"", ""buy_5th_pre_bid"": ""-30600"", ""buy_5th_pre_req"": ""391"", ""buy_5th_pre_req_pre"": ""0"", ""buy_6th_pre_bid"": ""-30550"", ""buy_6th_pre_req"": ""388"", ""buy_6th_pre_req_pre"": ""0"", ""buy_7th_pre_bid"": ""-30500"", ""buy_7th_pre_req"": ""812"", ""buy_7th_pre_req_pre"": ""0"", ""buy_8th_pre_bid"": ""-30450"", ""buy_8th_pre_req"": ""1182"", ""buy_8th_pre_req_pre"": ""0"", ""buy_9th_pre_bid"": ""-30400"", ""buy_9th_pre_req"": ""513"", ""buy_9th_pre_req_pre"": ""0"", ""buy_10th_pre_bid"": ""-30350"", ""buy_10th_pre_req"": ""527"", ""buy_10th_pre_req_pre"": ""0"", ""tot_sel_req_jub_pre"": ""0"", ""tot_sel_req"": ""4691"", ""tot_buy_req"": ""6048"", ""tot_buy_req_jub_pre"": ""--5"", ""ovt_sel_req_pre"": ""0"", ""ovt_sel_req"": ""0"", ""ovt_buy_req"": ""0"", ""ovt_buy_req_pre"": ""0"", ""return_code"": 0, ""return_msg"": ""정상적으로 처리되었습니다""}"
2026-06-10,scan_candidate,064400,,0,main_scan,95900,,95900,95800,95900,96200,0.20855057351407716,0.10427528675703858,,,,,,"{""bid_req_base_tm"": ""110316"", ""sel_10th_pre_req_pre"": ""0"", ""sel_10th_pre_req"": ""146"", ""sel_10th_pre_bid"": ""-96800"", ""sel_9th_pre_req_pre"": ""0"", ""sel_9th_pre_req"": ""409"", ""sel_9th_pre_bid"": ""-96700"", ""sel_8th_pre_req_pre"": ""0"", ""sel_8th_pre_req"": ""230"", ""sel_8th_pre_bid"": ""-96600"", ""sel_7th_pre_req_pre"": ""0"", ""sel_7th_pre_req"": ""547"", ""sel_7th_pre_bid"": ""-96500"", ""sel_6th_pre_req_pre"": ""0"", ""sel_6th_pre_req"": ""240"", ""sel_6th_pre_bid"": ""-96400"", ""sel_5th_pre_req_pre"": ""0"", ""sel_5th_pre_req"": ""268"", ""sel_5th_pre_bid"": ""-96300"", ""sel_4th_pre_req_pre"": ""0"", ""sel_4th_pre_req"": ""138"", ""sel_4th_pre_bid"": ""-96200"", ""sel_3th_pre_req_pre"": ""0"", ""sel_3th_pre_req"": ""277"", ""sel_3th_pre_bid"": ""-96100"", ""sel_2th_pre_req_pre"": ""0"", ""sel_2th_pre_req"": ""162"", ""sel_2th_pre_bid"": ""-96000"", ""sel_1th_pre_req_pre"": ""0"", ""sel_fpr_req"": ""230"", ""sel_fpr_bid"": ""-95900"", ""buy_fpr_bid"": ""-95800"", ""buy_fpr_req"": ""639"", ""buy_1th_pre_req_pre"": ""+3"", ""buy_2th_pre_bid"": ""-95700"", ""buy_2th_pre_req"": ""1068"", ""buy_2th_pre_req_pre"": ""0"", ""buy_3th_pre_bid"": ""-95600"", ""buy_3th_pre_req"": ""1580"", ""buy_3th_pre_req_pre"": ""0"", ""buy_4th_pre_bid"": ""-95500"", ""buy_4th_pre_req"": ""2900"", ""buy_4th_pre_req_pre"": ""0"", ""buy_5th_pre_bid"": ""-95400"", ""buy_5th_pre_req"": ""1800"", ""buy_5th_pre_req_pre"": ""0"", ""buy_6th_pre_bid"": ""-95300"", ""buy_6th_pre_req"": ""2577"", ""buy_6th_pre_req_pre"": ""0"", ""buy_7th_pre_bid"": ""-95200"", ""buy_7th_pre_req"": ""3047"", ""buy_7th_pre_req_pre"": ""0"", ""buy_8th_pre_bid"": ""-95100"", ""buy_8th_pre_req"": ""3414"", ""buy_8th_pre_req_pre"": ""0"", ""buy_9th_pre_bid"": ""-95000"", ""buy_9th_pre_req"": ""5791"", ""buy_9th_pre_req_pre"": ""0"", ""buy_10th_pre_bid"": ""-94900"", ""buy_10th_pre_req"": ""874"", ""buy_10th_pre_req_pre"": ""0"", ""tot_sel_req_jub_pre"": ""0"", ""tot_sel_req"": ""2647"", ""tot_buy_req"": ""23690"", ""tot_buy_req_jub_pre"": ""+3"", ""ovt_sel_req_pre"": ""0"", ""ovt_sel_req"": ""0"", ""ovt_buy_req"": ""0"", ""ovt_buy_req_pre"": ""0"", ""return_code"": 0, ""return_msg"": ""정상적으로 처리되었습니다""}"
2026-06-10,scan_candidate,003490,,0,main_scan,25650,,25650,25600,25650,25450,-0.9746588693957114,0.1949317738791423,,,,,,"{""bid_req_base_tm"": ""110316"", ""sel_10th_pre_req_pre"": ""0"", ""sel_10th_pre_req"": ""16546"", ""sel_10th_pre_bid"": ""+26100"", ""sel_9th_pre_req_pre"": ""0"", ""sel_9th_pre_req"": ""5355"", ""sel_9th_pre_bid"": ""+26050"", ""sel_8th_pre_req_pre"": ""0"", ""sel_8th_pre_req"": ""46897"", ""sel_8th_pre_bid"": ""+26000"", ""sel_7th_pre_req_pre"": ""0"", ""sel_7th_pre_req"": ""21246"", ""sel_7th_pre_bid"": ""+25950"", ""sel_6th_pre_req_pre"": ""0"", ""sel_6th_pre_req"": ""19486"", ""sel_6th_pre_bid"": ""+25900"", ""sel_5th_pre_req_pre"": ""0"", ""sel_5th_pre_req"": ""12052"", ""sel_5th_pre_bid"": ""+25850"", ""sel_4th_pre_req_pre"": ""0"", ""sel_4th_pre_req"": ""49927"", ""sel_4th_pre_bid"": ""+25800"", ""sel_3th_pre_req_pre"": ""0"", ""sel_3th_pre_req"": ""7775"", ""sel_3th_pre_bid"": ""+25750"", ""sel_2th_pre_req_pre"": ""0"", ""sel_2th_pre_req"": ""1884"", ""sel_2th_pre_bid"": ""+25700"", ""sel_1th_pre_req_pre"": ""0"", ""sel_fpr_req"": ""4531"", ""sel_fpr_bid"": ""+25650"", ""buy_fpr_bid"": ""+25600"", ""buy_fpr_req"": ""2682"", ""buy_1th_pre_req_pre"": ""--1"", ""buy_2th_pre_bid"": ""+25550"", ""buy_2th_pre_req"": ""768"", ""buy_2th_pre_req_pre"": ""0"", ""buy_3th_pre_bid"": ""+25500"", ""buy_3th_pre_req"": ""7107"", ""buy_3th_pre_req_pre"": ""0"", ""buy_4th_pre_bid"": ""+25450"", ""buy_4th_pre_req"": ""3638"", ""buy_4th_pre_req_pre"": ""0"", ""buy_5th_pre_bid"": ""+25400"", ""buy_5th_pre_req"": ""2486"", ""buy_5th_pre_req_pre"": ""0"", ""buy_6th_pre_bid"": ""+25350"", ""buy_6th_pre_req"": ""2442"", ""buy_6th_pre_req_pre"": ""0"", ""buy_7th_pre_bid"": ""+25300"", ""buy_7th_pre_req"": ""3161"", ""buy_7th_pre_req_pre"": ""0"", ""buy_8th_pre_bid"": ""+25250"", ""buy_8th_pre_req"": ""5850"", ""buy_8th_pre_req_pre"": ""0"", ""buy_9th_pre_bid"": ""+25200"", ""buy_9th_pre_req"": ""7322"", ""buy_9th_pre_req_pre"": ""0"", ""buy_10th_pre_bid"": ""+25150"", ""buy_10th_pre_req"": ""1964"", ""buy_10th_pre_req_pre"": ""0"", ""tot_sel_req_jub_pre"": ""0"", ""tot_sel_req"": ""185699"", ""tot_buy_req"": ""37420"", ""tot_buy_req_jub_pre"": ""--1"", ""ovt_sel_req_pre"": ""0"", ""ovt_sel_req"": ""0"", ""ovt_buy_req"": ""0"", ""ovt_buy_req_pre"": ""0"", ""return_code"": 0, ""return_msg"": ""정상적으로 처리되었습니다""}"
2026-06-10,scan_candidate,161390,,0,main_scan,70900,,70900,70800,70900,71300,0.4231311706629055,0.14104372355430184,,,,,,"{""bid_req_base_tm"": ""110316"", ""sel_10th_pre_req_pre"": ""0"", ""sel_10th_pre_req"": ""130"", ""sel_10th_pre_bid"": ""-71800"", ""sel_9th_pre_req_pre"": ""0"", ""sel_9th_pre_req"": ""11"", ""sel_9th_pre_bid"": ""-71700"", ""sel_8th_pre_req_pre"": ""0"", ""sel_8th_pre_req"": ""18"", ""sel_8th_pre_bid"": ""-71600"", ""sel_7th_pre_req_pre"": ""0"", ""sel_7th_pre_req"": ""71"", ""sel_7th_pre_bid"": ""-71500"", ""sel_6th_pre_req_pre"": ""0"", ""sel_6th_pre_req"": ""15"", ""sel_6th_pre_bid"": ""-71400"", ""sel_5th_pre_req_pre"": ""0"", ""sel_5th_pre_req"": ""42"", ""sel_5th_pre_bid"": ""-71300"", ""sel_4th_pre_req_pre"": ""0"", ""sel_4th_pre_req"": ""83"", ""sel_4th_pre_bid"": ""-71200"", ""sel_3th_pre_req_pre"": ""0"", ""sel_3th_pre_req"": ""237"", ""sel_3th_pre_bid"": ""-71100"", ""sel_2th_pre_req_pre"": ""0"", ""sel_2th_pre_req"": ""477"", ""sel_2th_pre_bid"": ""-71000"", ""sel_1th_pre_req_pre"": ""0"", ""sel_fpr_req"": ""357"", ""sel_fpr_bid"": ""-70900"", ""buy_fpr_bid"": ""-70800"", ""buy_fpr_req"": ""2853"", ""buy_1th_pre_req_pre"": ""+228"", ""buy_2th_pre_bid"": ""-70700"", ""buy_2th_pre_req"": ""220"", ""buy_2th_pre_req_pre"": ""0"", ""buy_3th_pre_bid"": ""-70600"", ""buy_3th_pre_req"": ""20"", ""buy_3th_pre_req_pre"": ""0"", ""buy_4th_pre_bid"": ""-70500"", ""buy_4th_pre_req"": ""163"", ""buy_4th_pre_req_pre"": ""0"", ""buy_5th_pre_bid"": ""-70400"", ""buy_5th_pre_req"": ""222"", ""buy_5th_pre_req_pre"": ""0"", ""buy_6th_pre_bid"": ""-70300"", ""buy_6th_pre_req"": ""203"", ""buy_6th_pre_req_pre"": ""0"", ""buy_7th_pre_bid"": ""-70200"", ""buy_7th_pre_req"": ""87"", ""buy_7th_pre_req_pre"": ""0"", ""buy_8th_pre_bid"": ""-70100"", ""buy_8th_pre_req"": ""3310"", ""buy_8th_pre_req_pre"": ""0"", ""buy_9th_pre_bid"": ""-70000"", ""buy_9th_pre_req"": ""174"", ""buy_9th_pre_req_pre"": ""0"", ""buy_10th_pre_bid"": ""-69900"", ""buy_10th_pre_req"": ""29"", ""buy_10th_pre_req_pre"": ""0"", ""tot_sel_req_jub_pre"": ""0"", ""tot_sel_req"": ""1441"", ""tot_buy_req"": ""7281"", ""tot_buy_req_jub_pre"": ""+228"", ""ovt_sel_req_pre"": ""0"", ""ovt_sel_req"": ""0"", ""ovt_buy_req"": ""0"", ""ovt_buy_req_pre"": ""0"", ""return_code"": 0, ""return_msg"": ""정상적으로 처리되었습니다""}"
2026-06-10,scan_candidate,003230,,0,main_scan,1146000,,1146000,1145000,1146000,1144000,-0.2617801047120419,0.08726003490401396,,,,,,"{""bid_req_base_tm"": ""110316"", ""sel_10th_pre_req_pre"": ""0"", ""sel_10th_pre_req"": ""13"", ""sel_10th_pre_bid"": ""+1155000"", ""sel_9th_pre_req_pre"": ""0"", ""sel_9th_pre_req"": ""28"", ""sel_9th_pre_bid"": ""+1154000"", ""sel_8th_pre_req_pre"": ""0"", ""sel_8th_pre_req"": ""11"", ""sel_8th_pre_bid"": ""+1153000"", ""sel_7th_pre_req_pre"": ""0"", ""sel_7th_pre_req"": ""42"", ""sel_7th_pre_bid"": ""+1152000"", ""sel_6th_pre_req_pre"": ""0"", ""sel_6th_pre_req"": ""25"", ""sel_6th_pre_bid"": ""+1151000"", ""sel_5th_pre_req_pre"": ""0"", ""sel_5th_pre_req"": ""29"", ""sel_5th_pre_bid"": ""+1150000"", ""sel_4th_pre_req_pre"": ""+1"", ""sel_4th_pre_req"": ""39"", ""sel_4th_pre_bid"": ""+1149000"", ""sel_3th_pre_req_pre"": ""0"", ""sel_3th_pre_req"": ""10"", ""sel_3th_pre_bid"": ""+1148000"", ""sel_2th_pre_req_pre"": ""0"", ""sel_2th_pre_req"": ""48"", ""sel_2th_pre_bid"": ""+1147000"", ""sel_1th_pre_req_pre"": ""0"", ""sel_fpr_req"": ""8"", ""sel_fpr_bid"": ""+1146000"", ""buy_fpr_bid"": ""+1145000"", ""buy_fpr_req"": ""27"", ""buy_1th_pre_req_pre"": ""0"", ""buy_2th_pre_bid"": ""+1144000"", ""buy_2th_pre_req"": ""31"", ""buy_2th_pre_req_pre"": ""0"", ""buy_3th_pre_bid"": ""+1143000"", ""buy_3th_pre_req"": ""10"", ""buy_3th_pre_req_pre"": ""0"", ""buy_4th_pre_bid"": ""+1142000"", ""buy_4th_pre_req"": ""16"", ""buy_4th_pre_req_pre"": ""0"", ""buy_5th_pre_bid"": ""+1141000"", ""buy_5th_pre_req"": ""104"", ""buy_5th_pre_req_pre"": ""0"", ""buy_6th_pre_bid"": ""+1140000"", ""buy_6th_pre_req"": ""19"", ""buy_6th_pre_req_pre"": ""0"", ""buy_7th_pre_bid"": ""+1139000"", ""buy_7th_pre_req"": ""5"", ""buy_7th_pre_req_pre"": ""0"", ""buy_8th_pre_bid"": ""+1138000"", ""buy_8th_pre_req"": ""14"", ""buy_8th_pre_req_pre"": ""0"", ""buy_9th_pre_bid"": ""+1137000"", ""buy_9th_pre_req"": ""6"", ""buy_9th_pre_req_pre"": ""0"", ""buy_10th_pre_bid"": ""+1135000"", ""buy_10th_pre_req"": ""5"", ""buy_10th_pre_req_pre"": ""0"", ""tot_sel_req_jub_pre"": ""+1"", ""tot_sel_req"": ""253"", ""tot_buy_req"": ""237"", ""tot_buy_req_jub_pre"": ""0"", ""ovt_sel_req_pre"": ""0"", ""ovt_sel_req"": ""0"", ""ovt_buy_req"": ""0"", ""ovt_buy_req_pre"": ""0"", ""return_code"": 0, ""return_msg"": ""정상적으로 처리되었습니다""}"
2026-06-10,scan_candidate,000880,,0,main_scan,120000,,120000,119900,120000,120000,-0.4166666666666667,0.08333333333333334,,,,,,"{""bid_req_base_tm"": ""110317"", ""sel_10th_pre_req_pre"": ""0"", ""sel_10th_pre_req"": ""95"", ""sel_10th_pre_bid"": ""+121000"", ""sel_9th_pre_req_pre"": ""+10"", ""sel_9th_pre_req"": ""21"", ""sel_9th_pre_bid"": ""+120900"", ""sel_8th_pre_req_pre"": ""0"", ""sel_8th_pre_req"": ""50"", ""sel_8th_pre_bid"": ""+120800"", ""sel_7th_pre_req_pre"": ""0"", ""sel_7th_pre_req"": ""5"", ""sel_7th_pre_bid"": ""+120700"", ""sel_6th_pre_req_pre"": ""0"", ""sel_6th_pre_req"": ""1"", ""sel_6th_pre_bid"": ""+120600"", ""sel_5th_pre_req_pre"": ""0"", ""sel_5th_pre_req"": ""17"", ""sel_5th_pre_bid"": ""+120500"", ""sel_4th_pre_req_pre"": ""0"", ""sel_4th_pre_req"": ""49"", ""sel_4th_pre_bid"": ""+120300"", ""sel_3th_pre_req_pre"": ""0"", ""sel_3th_pre_req"": ""94"", ""sel_3th_pre_bid"": ""+120200"", ""sel_2th_pre_req_pre"": ""0"", ""sel_2th_pre_req"": ""117"", ""sel_2th_pre_bid"": ""+120100"", ""sel_1th_pre_req_pre"": ""0"", ""sel_fpr_req"": ""328"", ""sel_fpr_bid"": ""+120000"", ""buy_fpr_bid"": ""+119900"", ""buy_fpr_req"": ""215"", ""buy_1th_pre_req_pre"": ""0"", ""buy_2th_pre_bid"": ""+119800"", ""buy_2th_pre_req"": ""47"", ""buy_2th_pre_req_pre"": ""0"", ""buy_3th_pre_bid"": ""+119700"", ""buy_3th_pre_req"": ""10"", ""buy_3th_pre_req_pre"": ""0"", ""buy_4th_pre_bid"": ""+119600"", ""buy_4th_pre_req"": ""12"", ""buy_4th_pre_req_pre"": ""0"", ""buy_5th_pre_bid"": ""+119500"", ""buy_5th_pre_req"": ""791"", ""buy_5th_pre_req_pre"": ""0"", ""buy_6th_pre_bid"": ""+119300"", ""buy_6th_pre_req"": ""120"", ""buy_6th_pre_req_pre"": ""0"", ""buy_7th_pre_bid"": ""+119100"", ""buy_7th_pre_req"": ""479"", ""buy_7th_pre_req_pre"": ""0"", ""buy_8th_pre_bid"": ""+119000"", ""buy_8th_pre_req"": ""31"", ""buy_8th_pre_req_pre"": ""0"", ""buy_9th_pre_bid"": ""+118900"", ""buy_9th_pre_req"": ""1000"", ""buy_9th_pre_req_pre"": ""0"", ""buy_10th_pre_bid"": ""+118700"", ""buy_10th_pre_req"": ""1001"", ""buy_10th_pre_req_pre"": ""0"", ""tot_sel_req_jub_pre"": ""+10"", ""tot_sel_req"": ""777"", ""tot_buy_req"": ""3706"", ""tot_buy_req_jub_pre"": ""0"", ""ovt_sel_req_pre"": ""0"", ""ovt_sel_req"": ""0"", ""ovt_buy_req"": ""0"", ""ovt_buy_req_pre"": ""0"", ""return_code"": 0, ""return_msg"": ""정상적으로 처리되었습니다""}"
2026-06-10,scan_candidate,180640,,0,main_scan,119000,,119000,118900,119000,119000,-0.42016806722689076,0.08403361344537816,,,,,,"{""bid_req_base_tm"": ""110314"", ""sel_10th_pre_req_pre"": ""0"", ""sel_10th_pre_req"": ""19"", ""sel_10th_pre_bid"": ""+120000"", ""sel_9th_pre_req_pre"": ""0"", ""sel_9th_pre_req"": ""510"", ""sel_9th_pre_bid"": ""+119900"", ""sel_8th_pre_req_pre"": ""0"", ""sel_8th_pre_req"": ""192"", ""sel_8th_pre_bid"": ""+119800"", ""sel_7th_pre_req_pre"": ""0"", ""sel_7th_pre_req"": ""73"", ""sel_7th_pre_bid"": ""+119700"", ""sel_6th_pre_req_pre"": ""0"", ""sel_6th_pre_req"": ""122"", ""sel_6th_pre_bid"": ""+119600"", ""sel_5th_pre_req_pre"": ""0"", ""sel_5th_pre_req"": ""23"", ""sel_5th_pre_bid"": ""+119500"", ""sel_4th_pre_req_pre"": ""0"", ""sel_4th_pre_req"": ""28"", ""sel_4th_pre_bid"": ""+119400"", ""sel_3th_pre_req_pre"": ""0"", ""sel_3th_pre_req"": ""1"", ""sel_3th_pre_bid"": ""+119300"", ""sel_2th_pre_req_pre"": ""0"", ""sel_2th_pre_req"": ""1"", ""sel_2th_pre_bid"": ""+119200"", ""sel_1th_pre_req_pre"": ""--5"", ""sel_fpr_req"": ""84"", ""sel_fpr_bid"": ""+119000"", ""buy_fpr_bid"": ""+118900"", ""buy_fpr_req"": ""883"", ""buy_1th_pre_req_pre"": ""0"", ""buy_2th_pre_bid"": ""+118800"", ""buy_2th_pre_req"": ""187"", ""buy_2th_pre_req_pre"": ""0"", ""buy_3th_pre_bid"": ""+118700"", ""buy_3th_pre_req"": ""4"", ""buy_3th_pre_req_pre"": ""0"", ""buy_4th_pre_bid"": ""+118600"", ""buy_4th_pre_req"": ""1"", ""buy_4th_pre_req_pre"": ""0"", ""buy_5th_pre_bid"": ""+118500"", ""buy_5th_pre_req"": ""5"", ""buy_5th_pre_req_pre"": ""0"", ""buy_6th_pre_bid"": ""+118400"", ""buy_6th_pre_req"": ""327"", ""buy_6th_pre_req_pre"": ""0"", ""buy_7th_pre_bid"": ""+118300"", ""buy_7th_pre_req"": ""5"", ""buy_7th_pre_req_pre"": ""0"", ""buy_8th_pre_bid"": ""+118200"", ""buy_8th_pre_req"": ""7"", ""buy_8th_pre_req_pre"": ""0"", ""buy_9th_pre_bid"": ""+118100"", ""buy_9th_pre_req"": ""110"", ""buy_9th_pre_req_pre"": ""0"", ""buy_10th_pre_bid"": ""+118000"", ""buy_10th_pre_req"": ""102"", ""buy_10th_pre_req_pre"": ""0"", ""tot_sel_req_jub_pre"": ""--5"", ""tot_sel_req"": ""1053"", ""tot_buy_req"": ""1631"", ""tot_buy_req_jub_pre"": ""0"", ""ovt_sel_req_pre"": ""0"", ""ovt_sel_req"": ""0"", ""ovt_buy_req"": ""0"", ""ovt_buy_req_pre"": ""0"", ""return_code"": 0, ""return_msg"": ""정상적으로 처리되었습니다""}"
2026-06-10,scan_candidate,454910,,0,main_scan,109800,,109800,109700,109800,110000,-0.273224043715847,0.09107468123861566,,,,,,"{""bid_req_base_tm"": ""110317"", ""sel_10th_pre_req_pre"": ""0"", ""sel_10th_pre_req"": ""158"", ""sel_10th_pre_bid"": ""-110700"", ""sel_9th_pre_req_pre"": ""0"", ""sel_9th_pre_req"": ""12"", ""sel_9th_pre_bid"": ""-110600"", ""sel_8th_pre_req_pre"": ""0"", ""sel_8th_pre_req"": ""296"", ""sel_8th_pre_bid"": ""-110500"", ""sel_7th_pre_req_pre"": ""0"", ""sel_7th_pre_req"": ""55"", ""sel_7th_pre_bid"": ""-110400"", ""sel_6th_pre_req_pre"": ""0"", ""sel_6th_pre_req"": ""3"", ""sel_6th_pre_bid"": ""-110300"", ""sel_5th_pre_req_pre"": ""0"", ""sel_5th_pre_req"": ""45"", ""sel_5th_pre_bid"": ""-110200"", ""sel_4th_pre_req_pre"": ""0"", ""sel_4th_pre_req"": ""112"", ""sel_4th_pre_bid"": ""-110100"", ""sel_3th_pre_req_pre"": ""0"", ""sel_3th_pre_req"": ""216"", ""sel_3th_pre_bid"": ""-110000"", ""sel_2th_pre_req_pre"": ""0"", ""sel_2th_pre_req"": ""296"", ""sel_2th_pre_bid"": ""-109900"", ""sel_1th_pre_req_pre"": ""--1"", ""sel_fpr_req"": ""114"", ""sel_fpr_bid"": ""-109800"", ""buy_fpr_bid"": ""-109700"", ""buy_fpr_req"": ""705"", ""buy_1th_pre_req_pre"": ""0"", ""buy_2th_pre_bid"": ""-109600"", ""buy_2th_pre_req"": ""2857"", ""buy_2th_pre_req_pre"": ""0"", ""buy_3th_pre_bid"": ""-109500"", ""buy_3th_pre_req"": ""3693"", ""buy_3th_pre_req_pre"": ""0"", ""buy_4th_pre_bid"": ""-109400"", ""buy_4th_pre_req"": ""2345"", ""buy_4th_pre_req_pre"": ""0"", ""buy_5th_pre_bid"": ""-109300"", ""buy_5th_pre_req"": ""2418"", ""buy_5th_pre_req_pre"": ""0"", ""buy_6th_pre_bid"": ""-109200"", ""buy_6th_pre_req"": ""3796"", ""buy_6th_pre_req_pre"": ""0"", ""buy_7th_pre_bid"": ""-109100"", ""buy_7th_pre_req"": ""2921"", ""buy_7th_pre_req_pre"": ""0"", ""buy_8th_pre_bid"": ""-109000"", ""buy_8th_pre_req"": ""6082"", ""buy_8th_pre_req_pre"": ""0"", ""buy_9th_pre_bid"": ""-108900"", ""buy_9th_pre_req"": ""1244"", ""buy_9th_pre_req_pre"": ""0"", ""buy_10th_pre_bid"": ""-108800"", ""buy_10th_pre_req"": ""724"", ""buy_10th_pre_req_pre"": ""0"", ""tot_sel_req_jub_pre"": ""--1"", ""tot_sel_req"": ""1307"", ""tot_buy_req"": ""26785"", ""tot_buy_req_jub_pre"": ""0"", ""ovt_sel_req_pre"": ""0"", ""ovt_sel_req"": ""0"", ""ovt_buy_req"": ""0"", ""ovt_buy_req_pre"": ""0"", ""return_code"": 0, ""return_msg"": ""정상적으로 처리되었습니다""}"
2026-06-10,scan_candidate,353200,,0,main_scan,157900,,157900,157500,157900,157000,-0.8866371120962635,0.253324889170361,,,,,,"{""bid_req_base_tm"": ""110318"", ""sel_10th_pre_req_pre"": ""0"", ""sel_10th_pre_req"": ""30"", ""sel_10th_pre_bid"": ""+158800"", ""sel_9th_pre_req_pre"": ""0"", ""sel_9th_pre_req"": ""67"", ""sel_9th_pre_bid"": ""+158700"", ""sel_8th_pre_req_pre"": ""0"", ""sel_8th_pre_req"": ""23"", ""sel_8th_pre_bid"": ""+158600"", ""sel_7th_pre_req_pre"": ""0"", ""sel_7th_pre_req"": ""193"", ""sel_7th_pre_bid"": ""+158500"", ""sel_6th_pre_req_pre"": ""0"", ""sel_6th_pre_req"": ""16"", ""sel_6th_pre_bid"": ""+158400"", ""sel_5th_pre_req_pre"": ""0"", ""sel_5th_pre_req"": ""28"", ""sel_5th_pre_bid"": ""+158300"", ""sel_4th_pre_req_pre"": ""0"", ""sel_4th_pre_req"": ""124"", ""sel_4th_pre_bid"": ""+158200"", ""sel_3th_pre_req_pre"": ""0"", ""sel_3th_pre_req"": ""32"", ""sel_3th_pre_bid"": ""+158100"", ""sel_2th_pre_req_pre"": ""0"", ""sel_2th_pre_req"": ""744"", ""sel_2th_pre_bid"": ""+158000"", ""sel_1th_pre_req_pre"": ""--1"", ""sel_fpr_req"": ""388"", ""sel_fpr_bid"": ""+157900"", ""buy_fpr_bid"": ""+157500"", ""buy_fpr_req"": ""71"", ""buy_1th_pre_req_pre"": ""0"", ""buy_2th_pre_bid"": ""+157400"", ""buy_2th_pre_req"": ""106"", ""buy_2th_pre_req_pre"": ""0"", ""buy_3th_pre_bid"": ""+157300"", ""buy_3th_pre_req"": ""1"", ""buy_3th_pre_req_pre"": ""0"", ""buy_4th_pre_bid"": ""+157200"", ""buy_4th_pre_req"": ""39"", ""buy_4th_pre_req_pre"": ""0"", ""buy_5th_pre_bid"": ""+157100"", ""buy_5th_pre_req"": ""63"", ""buy_5th_pre_req_pre"": ""0"", ""buy_6th_pre_bid"": ""+157000"", ""buy_6th_pre_req"": ""485"", ""buy_6th_pre_req_pre"": ""0"", ""buy_7th_pre_bid"": ""+156800"", ""buy_7th_pre_req"": ""28"", ""buy_7th_pre_req_pre"": ""0"", ""buy_8th_pre_bid"": ""+156700"", ""buy_8th_pre_req"": ""46"", ""buy_8th_pre_req_pre"": ""0"", ""buy_9th_pre_bid"": ""+156600"", ""buy_9th_pre_req"": ""25"", ""buy_9th_pre_req_pre"": ""0"", ""buy_10th_pre_bid"": ""+156500"", ""buy_10th_pre_req"": ""43"", ""buy_10th_pre_req_pre"": ""0"", ""tot_sel_req_jub_pre"": ""--1"", ""tot_sel_req"": ""1645"", ""tot_buy_req"": ""907"", ""tot_buy_req_jub_pre"": ""0"", ""ovt_sel_req_pre"": ""0"", ""ovt_sel_req"": ""0"", ""ovt_buy_req"": ""0"", ""ovt_buy_req_pre"": ""0"", ""return_code"": 0, ""return_msg"": ""정상적으로 처리되었습니다""}"
2026-06-10,scan_candidate,034220,,0,main_scan,13180,,13180,13170,13180,13200,-0.2276176024279211,0.07587253414264036,,,,,,"{""bid_req_base_tm"": ""110318"", ""sel_10th_pre_req_pre"": ""0"", ""sel_10th_pre_req"": ""1281"", ""sel_10th_pre_bid"": ""-13270"", ""sel_9th_pre_req_pre"": ""0"", ""sel_9th_pre_req"": ""101"", ""sel_9th_pre_bid"": ""-13260"", ""sel_8th_pre_req_pre"": ""0"", ""sel_8th_pre_req"": ""1182"", ""sel_8th_pre_bid"": ""-13250"", ""sel_7th_pre_req_pre"": ""0"", ""sel_7th_pre_req"": ""13"", ""sel_7th_pre_bid"": ""-13240"", ""sel_6th_pre_req_pre"": ""0"", ""sel_6th_pre_req"": ""340"", ""sel_6th_pre_bid"": ""-13230"", ""sel_5th_pre_req_pre"": ""0"", ""sel_5th_pre_req"": ""1017"", ""sel_5th_pre_bid"": ""-13220"", ""sel_4th_pre_req_pre"": ""0"", ""sel_4th_pre_req"": ""1443"", ""sel_4th_pre_bid"": ""-13210"", ""sel_3th_pre_req_pre"": ""0"", ""sel_3th_pre_req"": ""572"", ""sel_3th_pre_bid"": ""-13200"", ""sel_2th_pre_req_pre"": ""0"", ""sel_2th_pre_req"": ""543"", ""sel_2th_pre_bid"": ""-13190"", ""sel_1th_pre_req_pre"": ""0"", ""sel_fpr_req"": ""342"", ""sel_fpr_bid"": ""-13180"", ""buy_fpr_bid"": ""-13170"", ""buy_fpr_req"": ""8"", ""buy_1th_pre_req_pre"": ""0"", ""buy_2th_pre_bid"": ""-13160"", ""buy_2th_pre_req"": ""3632"", ""buy_2th_pre_req_pre"": ""0"", ""buy_3th_pre_bid"": ""-13150"", ""buy_3th_pre_req"": ""5715"", ""buy_3th_pre_req_pre"": ""0"", ""buy_4th_pre_bid"": ""-13140"", ""buy_4th_pre_req"": ""1587"", ""buy_4th_pre_req_pre"": ""0"", ""buy_5th_pre_bid"": ""-13130"", ""buy_5th_pre_req"": ""1502"", ""buy_5th_pre_req_pre"": ""0"", ""buy_6th_pre_bid"": ""-13120"", ""buy_6th_pre_req"": ""1276"", ""buy_6th_pre_req_pre"": ""0"", ""buy_7th_pre_bid"": ""-13110"", ""buy_7th_pre_req"": ""7171"", ""buy_7th_pre_req_pre"": ""0"", ""buy_8th_pre_bid"": ""-13100"", ""buy_8th_pre_req"": ""13914"", ""buy_8th_pre_req_pre"": ""0"", ""buy_9th_pre_bid"": ""-13090"", ""buy_9th_pre_req"": ""3762"", ""buy_9th_pre_req_pre"": ""0"", ""buy_10th_pre_bid"": ""-13080"", ""buy_10th_pre_req"": ""7452"", ""buy_10th_pre_req_pre"": ""0"", ""tot_sel_req_jub_pre"": ""0"", ""tot_sel_req"": ""6834"", ""tot_buy_req"": ""46019"", ""tot_buy_req_jub_pre"": ""0"", ""ovt_sel_req_pre"": ""0"", ""ovt_sel_req"": ""0"", ""ovt_buy_req"": ""0"", ""ovt_buy_req_pre"": ""0"", ""return_code"": 0, ""return_msg"": ""정상적으로 처리되었습니다""}"
2026-06-10,scan_candidate,267270,,0,main_scan,147800,,147800,147600,147800,148500,0.13531799729364005,0.13531799729364005,,,,,,"{""bid_req_base_tm"": ""110318"", ""sel_10th_pre_req_pre"": ""0"", ""sel_10th_pre_req"": ""12"", ""sel_10th_pre_bid"": ""+149900"", ""sel_9th_pre_req_pre"": ""0"", ""sel_9th_pre_req"": ""11"", ""sel_9th_pre_bid"": ""+149800"", ""sel_8th_pre_req_pre"": ""0"", ""sel_8th_pre_req"": ""1"", ""sel_8th_pre_bid"": ""+149500"", ""sel_7th_pre_req_pre"": ""0"", ""sel_7th_pre_req"": ""2"", ""sel_7th_pre_bid"": ""+149100"", ""sel_6th_pre_req_pre"": ""0"", ""sel_6th_pre_req"": ""2"", ""sel_6th_pre_bid"": ""+149000"", ""sel_5th_pre_req_pre"": ""0"", ""sel_5th_pre_req"": ""24"", ""sel_5th_pre_bid"": ""+148300"", ""sel_4th_pre_req_pre"": ""0"", ""sel_4th_pre_req"": ""17"", ""sel_4th_pre_bid"": ""+148100"", ""sel_3th_pre_req_pre"": ""+8"", ""sel_3th_pre_req"": ""25"", ""sel_3th_pre_bid"": ""+148000"", ""sel_2th_pre_req_pre"": ""0"", ""sel_2th_pre_req"": ""4"", ""sel_2th_pre_bid"": ""+147900"", ""sel_1th_pre_req_pre"": ""0"", ""sel_fpr_req"": ""81"", ""sel_fpr_bid"": ""+147800"", ""buy_fpr_bid"": ""+147600"", ""buy_fpr_req"": ""26"", ""buy_1th_pre_req_pre"": ""0"", ""buy_2th_pre_bid"": ""+147500"", ""buy_2th_pre_req"": ""59"", ""buy_2th_pre_req_pre"": ""0"", ""buy_3th_pre_bid"": ""+147400"", ""buy_3th_pre_req"": ""71"", ""buy_3th_pre_req_pre"": ""0"", ""buy_4th_pre_bid"": ""+147300"", ""buy_4th_pre_req"": ""5"", ""buy_4th_pre_req_pre"": ""0"", ""buy_5th_pre_bid"": ""+147200"", ""buy_5th_pre_req"": ""2"", ""buy_5th_pre_req_pre"": ""0"", ""buy_6th_pre_bid"": ""+147100"", ""buy_6th_pre_req"": ""107"", ""buy_6th_pre_req_pre"": ""0"", ""buy_7th_pre_bid"": ""+147000"", ""buy_7th_pre_req"": ""460"", ""buy_7th_pre_req_pre"": ""0"", ""buy_8th_pre_bid"": ""+146900"", ""buy_8th_pre_req"": ""9"", ""buy_8th_pre_req_pre"": ""0"", ""buy_9th_pre_bid"": ""+146800"", ""buy_9th_pre_req"": ""3"", ""buy_9th_pre_req_pre"": ""0"", ""buy_10th_pre_bid"": ""+146600"", ""buy_10th_pre_req"": ""83"", ""buy_10th_pre_req_pre"": ""0"", ""tot_sel_req_jub_pre"": ""+8"", ""tot_sel_req"": ""179"", ""tot_buy_req"": ""825"", ""tot_buy_req_jub_pre"": ""0"", ""ovt_sel_req_pre"": ""0"", ""ovt_sel_req"": ""0"", ""ovt_buy_req"": ""0"", ""ovt_buy_req_pre"": ""0"", ""return_code"": 0, ""return_msg"": ""정상적으로 처리되었습니다""}"
2026-06-10,scan_candidate,078930,,0,main_scan,74100,,74100,74000,74100,73700,-0.6747638326585695,0.1349527665317139,,,,,,"{""bid_req_base_tm"": ""110314"", ""sel_10th_pre_req_pre"": ""+400"", ""sel_10th_pre_req"": ""1476"", ""sel_10th_pre_bid"": ""+75000"", ""sel_9th_pre_req_pre"": ""0"", ""sel_9th_pre_req"": ""63"", ""sel_9th_pre_bid"": ""+74900"", ""sel_8th_pre_req_pre"": ""0"", ""sel_8th_pre_req"": ""4"", ""sel_8th_pre_bid"": ""+74800"", ""sel_7th_pre_req_pre"": ""0"", ""sel_7th_pre_req"": ""232"", ""sel_7th_pre_bid"": ""+74700"", ""sel_6th_pre_req_pre"": ""0"", ""sel_6th_pre_req"": ""104"", ""sel_6th_pre_bid"": ""+74600"", ""sel_5th_pre_req_pre"": ""0"", ""sel_5th_pre_req"": ""1056"", ""sel_5th_pre_bid"": ""+74500"", ""sel_4th_pre_req_pre"": ""0"", ""sel_4th_pre_req"": ""134"", ""sel_4th_pre_bid"": ""+74400"", ""sel_3th_pre_req_pre"": ""0"", ""sel_3th_pre_req"": ""128"", ""sel_3th_pre_bid"": ""+74300"", ""sel_2th_pre_req_pre"": ""0"", ""sel_2th_pre_req"": ""93"", ""sel_2th_pre_bid"": ""+74200"", ""sel_1th_pre_req_pre"": ""0"", ""sel_fpr_req"": ""212"", ""sel_fpr_bid"": ""+74100"", ""buy_fpr_bid"": ""+74000"", ""buy_fpr_req"": ""228"", ""buy_1th_pre_req_pre"": ""0"", ""buy_2th_pre_bid"": ""+73900"", ""buy_2th_pre_req"": ""139"", ""buy_2th_pre_req_pre"": ""0"", ""buy_3th_pre_bid"": ""73800"", ""buy_3th_pre_req"": ""6"", ""buy_3th_pre_req_pre"": ""0"", ""buy_4th_pre_bid"": ""-73700"", ""buy_4th_pre_req"": ""27"", ""buy_4th_pre_req_pre"": ""0"", ""buy_5th_pre_bid"": ""-73500"", ""buy_5th_pre_req"": ""50"", ""buy_5th_pre_req_pre"": ""0"", ""buy_6th_pre_bid"": ""-73400"", ""buy_6th_pre_req"": ""1"", ""buy_6th_pre_req_pre"": ""0"", ""buy_7th_pre_bid"": ""-73300"", ""buy_7th_pre_req"": ""30"", ""buy_7th_pre_req_pre"": ""0"", ""buy_8th_pre_bid"": ""-73200"", ""buy_8th_pre_req"": ""5"", ""buy_8th_pre_req_pre"": ""0"", ""buy_9th_pre_bid"": ""-73100"", ""buy_9th_pre_req"": ""150"", ""buy_9th_pre_req_pre"": ""0"", ""buy_10th_pre_bid"": ""-73000"", ""buy_10th_pre_req"": ""50"", ""buy_10th_pre_req_pre"": ""0"", ""tot_sel_req_jub_pre"": ""+400"", ""tot_sel_req"": ""3502"", ""tot_buy_req"": ""686"", ""tot_buy_req_jub_pre"": ""0"", ""ovt_sel_req_pre"": ""0"", ""ovt_sel_req"": ""0"", ""ovt_buy_req"": ""0"", ""ovt_buy_req_pre"": ""0"", ""return_code"": 0, ""return_msg"": ""정상적으로 처리되었습니다""}"
2026-06-10,scan_candidate,090430,,0,main_scan,112600,,112600,112400,112600,112500,-0.5328596802841918,0.17761989342806395,,,,,,"{""bid_req_base_tm"": ""110318"", ""sel_10th_pre_req_pre"": ""0"", ""sel_10th_pre_req"": ""213"", ""sel_10th_pre_bid"": ""+113500"", ""sel_9th_pre_req_pre"": ""0"", ""sel_9th_pre_req"": ""183"", ""sel_9th_pre_bid"": ""+113400"", ""sel_8th_pre_req_pre"": ""0"", ""sel_8th_pre_req"": ""150"", ""sel_8th_pre_bid"": ""+113300"", ""sel_7th_pre_req_pre"": ""0"", ""sel_7th_pre_req"": ""190"", ""sel_7th_pre_bid"": ""+113200"", ""sel_6th_pre_req_pre"": ""0"", ""sel_6th_pre_req"": ""1"", ""sel_6th_pre_bid"": ""+113100"", ""sel_5th_pre_req_pre"": ""0"", ""sel_5th_pre_req"": ""75"", ""sel_5th_pre_bid"": ""+113000"", ""sel_4th_pre_req_pre"": ""0"", ""sel_4th_pre_req"": ""2"", ""sel_4th_pre_bid"": ""+112900"", ""sel_3th_pre_req_pre"": ""0"", ""sel_3th_pre_req"": ""31"", ""sel_3th_pre_bid"": ""+112800"", ""sel_2th_pre_req_pre"": ""0"", ""sel_2th_pre_req"": ""67"", ""sel_2th_pre_bid"": ""+112700"", ""sel_1th_pre_req_pre"": ""0"", ""sel_fpr_req"": ""116"", ""sel_fpr_bid"": ""+112600"", ""buy_fpr_bid"": ""+112400"", ""buy_fpr_req"": ""279"", ""buy_1th_pre_req_pre"": ""0"", ""buy_2th_pre_bid"": ""+112300"", ""buy_2th_pre_req"": ""9"", ""buy_2th_pre_req_pre"": ""0"", ""buy_3th_pre_bid"": ""+112200"", ""buy_3th_pre_req"": ""72"", ""buy_3th_pre_req_pre"": ""0"", ""buy_4th_pre_bid"": ""+112100"", ""buy_4th_pre_req"": ""37"", ""buy_4th_pre_req_pre"": ""0"", ""buy_5th_pre_bid"": ""112000"", ""buy_5th_pre_req"": ""314"", ""buy_5th_pre_req_pre"": ""--1"", ""buy_6th_pre_bid"": ""-111900"", ""buy_6th_pre_req"": ""25"", ""buy_6th_pre_req_pre"": ""0"", ""buy_7th_pre_bid"": ""-111800"", ""buy_7th_pre_req"": ""23"", ""buy_7th_pre_req_pre"": ""0"", ""buy_8th_pre_bid"": ""-111700"", ""buy_8th_pre_req"": ""204"", ""buy_8th_pre_req_pre"": ""0"", ""buy_9th_pre_bid"": ""-111600"", ""buy_9th_pre_req"": ""44"", ""buy_9th_pre_req_pre"": ""0"", ""buy_10th_pre_bid"": ""-111500"", ""buy_10th_pre_req"": ""2158"", ""buy_10th_pre_req_pre"": ""0"", ""tot_sel_req_jub_pre"": ""0"", ""tot_sel_req"": ""1028"", ""tot_buy_req"": ""3165"", ""tot_buy_req_jub_pre"": ""--1"", ""ovt_sel_req_pre"": ""0"", ""ovt_sel_req"": ""0"", ""ovt_buy_req"": ""0"", ""ovt_buy_req_pre"": ""0"", ""return_code"": 0, ""return_msg"": ""정상적으로 처리되었습니다""}"
2026-06-10,scan_candidate,004170,,0,main_scan,683000,,683000,682000,683000,682000,-0.29282576866764276,0.14641288433382138,,,,,,"{""bid_req_base_tm"": ""110319"", ""sel_10th_pre_req_pre"": ""0"", ""sel_10th_pre_req"": ""40"", ""sel_10th_pre_bid"": ""+692000"", ""sel_9th_pre_req_pre"": ""0"", ""sel_9th_pre_req"": ""815"", ""sel_9th_pre_bid"": ""+691000"", ""sel_8th_pre_req_pre"": ""0"", ""sel_8th_pre_req"": ""208"", ""sel_8th_pre_bid"": ""+690000"", ""sel_7th_pre_req_pre"": ""0"", ""sel_7th_pre_req"": ""82"", ""sel_7th_pre_bid"": ""+689000"", ""sel_6th_pre_req_pre"": ""0"", ""sel_6th_pre_req"": ""51"", ""sel_6th_pre_bid"": ""+688000"", ""sel_5th_pre_req_pre"": ""0"", ""sel_5th_pre_req"": ""29"", ""sel_5th_pre_bid"": ""+687000"", ""sel_4th_pre_req_pre"": ""0"", ""sel_4th_pre_req"": ""431"", ""sel_4th_pre_bid"": ""+686000"", ""sel_3th_pre_req_pre"": ""0"", ""sel_3th_pre_req"": ""24"", ""sel_3th_pre_bid"": ""+685000"", ""sel_2th_pre_req_pre"": ""0"", ""sel_2th_pre_req"": ""28"", ""sel_2th_pre_bid"": ""+684000"", ""sel_1th_pre_req_pre"": ""+1"", ""sel_fpr_req"": ""35"", ""sel_fpr_bid"": ""+683000"", ""buy_fpr_bid"": ""+682000"", ""buy_fpr_req"": ""8"", ""buy_1th_pre_req_pre"": ""0"", ""buy_2th_pre_bid"": ""+681000"", ""buy_2th_pre_req"": ""957"", ""buy_2th_pre_req_pre"": ""0"", ""buy_3th_pre_bid"": ""+680000"", ""buy_3th_pre_req"": ""1"", ""buy_3th_pre_req_pre"": ""0"", ""buy_4th_pre_bid"": ""+679000"", ""buy_4th_pre_req"": ""1"", ""buy_4th_pre_req_pre"": ""0"", ""buy_5th_pre_bid"": ""+678000"", ""buy_5th_pre_req"": ""4"", ""buy_5th_pre_req_pre"": ""0"", ""buy_6th_pre_bid"": ""+677000"", ""buy_6th_pre_req"": ""42"", ""buy_6th_pre_req_pre"": ""0"", ""buy_7th_pre_bid"": ""+676000"", ""buy_7th_pre_req"": ""2"", ""buy_7th_pre_req_pre"": ""0"", ""buy_8th_pre_bid"": ""+675000"", ""buy_8th_pre_req"": ""4"", ""buy_8th_pre_req_pre"": ""0"", ""buy_9th_pre_bid"": ""+674000"", ""buy_9th_pre_req"": ""2"", ""buy_9th_pre_req_pre"": ""0"", ""buy_10th_pre_bid"": ""+673000"", ""buy_10th_pre_req"": ""25"", ""buy_10th_pre_req_pre"": ""0"", ""tot_sel_req_jub_pre"": ""+1"", ""tot_sel_req"": ""1743"", ""tot_buy_req"": ""1046"", ""tot_buy_req_jub_pre"": ""0"", ""ovt_sel_req_pre"": ""0"", ""ovt_sel_req"": ""0"", ""ovt_buy_req"": ""0"", ""ovt_buy_req_pre"": ""0"", ""return_code"": 0, ""return_msg"": ""정상적으로 처리되었습니다""}"
2026-06-10,scan_candidate,036570,,0,main_scan,259000,,259000,258500,259000,258500,-0.3861003861003861,0.19305019305019305,,,,,,"{""bid_req_base_tm"": ""110318"", ""sel_10th_pre_req_pre"": ""0"", ""sel_10th_pre_req"": ""63"", ""sel_10th_pre_bid"": ""-263500"", ""sel_9th_pre_req_pre"": ""0"", ""sel_9th_pre_req"": ""36"", ""sel_9th_pre_bid"": ""-263000"", ""sel_8th_pre_req_pre"": ""0"", ""sel_8th_pre_req"": ""17"", ""sel_8th_pre_bid"": ""-262500"", ""sel_7th_pre_req_pre"": ""0"", ""sel_7th_pre_req"": ""66"", ""sel_7th_pre_bid"": ""-262000"", ""sel_6th_pre_req_pre"": ""0"", ""sel_6th_pre_req"": ""26"", ""sel_6th_pre_bid"": ""-261500"", ""sel_5th_pre_req_pre"": ""0"", ""sel_5th_pre_req"": ""69"", ""sel_5th_pre_bid"": ""-261000"", ""sel_4th_pre_req_pre"": ""--131"", ""sel_4th_pre_req"": ""7"", ""sel_4th_pre_bid"": ""-260500"", ""sel_3th_pre_req_pre"": ""0"", ""sel_3th_pre_req"": ""235"", ""sel_3th_pre_bid"": ""-260000"", ""sel_2th_pre_req_pre"": ""0"", ""sel_2th_pre_req"": ""1137"", ""sel_2th_pre_bid"": ""-259500"", ""sel_1th_pre_req_pre"": ""0"", ""sel_fpr_req"": ""4"", ""sel_fpr_bid"": ""-259000"", ""buy_fpr_bid"": ""-258500"", ""buy_fpr_req"": ""74"", ""buy_1th_pre_req_pre"": ""0"", ""buy_2th_pre_bid"": ""-258000"", ""buy_2th_pre_req"": ""43"", ""buy_2th_pre_req_pre"": ""0"", ""buy_3th_pre_bid"": ""-257500"", ""buy_3th_pre_req"": ""69"", ""buy_3th_pre_req_pre"": ""0"", ""buy_4th_pre_bid"": ""-257000"", ""buy_4th_pre_req"": ""124"", ""buy_4th_pre_req_pre"": ""0"", ""buy_5th_pre_bid"": ""-256500"", ""buy_5th_pre_req"": ""101"", ""buy_5th_pre_req_pre"": ""0"", ""buy_6th_pre_bid"": ""-256000"", ""buy_6th_pre_req"": ""215"", ""buy_6th_pre_req_pre"": ""0"", ""buy_7th_pre_bid"": ""-255500"", ""buy_7th_pre_req"": ""204"", ""buy_7th_pre_req_pre"": ""0"", ""buy_8th_pre_bid"": ""-255000"", ""buy_8th_pre_req"": ""315"", ""buy_8th_pre_req_pre"": ""0"", ""buy_9th_pre_bid"": ""-254500"", ""buy_9th_pre_req"": ""364"", ""buy_9th_pre_req_pre"": ""0"", ""buy_10th_pre_bid"": ""-254000"", ""buy_10th_pre_req"": ""352"", ""buy_10th_pre_req_pre"": ""0"", ""tot_sel_req_jub_pre"": ""--131"", ""tot_sel_req"": ""1660"", ""tot_buy_req"": ""1861"", ""tot_buy_req_jub_pre"": ""0"", ""ovt_sel_req_pre"": ""0"", ""ovt_sel_req"": ""0"", ""ovt_buy_req"": ""0"", ""ovt_buy_req_pre"": ""0"", ""return_code"": 0, ""return_msg"": ""정상적으로 처리되었습니다""}"
2026-06-10,scan_candidate,271560,,0,main_scan,133000,,133000,132900,133000,132500,-0.7518796992481203,0.07518796992481204,,,,,,"{""bid_req_base_tm"": ""110316"", ""sel_10th_pre_req_pre"": ""0"", ""sel_10th_pre_req"": ""40"", ""sel_10th_pre_bid"": ""+134100"", ""sel_9th_pre_req_pre"": ""0"", ""sel_9th_pre_req"": ""166"", ""sel_9th_pre_bid"": ""+134000"", ""sel_8th_pre_req_pre"": ""0"", ""sel_8th_pre_req"": ""190"", ""sel_8th_pre_bid"": ""+133900"", ""sel_7th_pre_req_pre"": ""0"", ""sel_7th_pre_req"": ""20"", ""sel_7th_pre_bid"": ""+133800"", ""sel_6th_pre_req_pre"": ""0"", ""sel_6th_pre_req"": ""100"", ""sel_6th_pre_bid"": ""+133700"", ""sel_5th_pre_req_pre"": ""0"", ""sel_5th_pre_req"": ""6"", ""sel_5th_pre_bid"": ""+133600"", ""sel_4th_pre_req_pre"": ""0"", ""sel_4th_pre_req"": ""3"", ""sel_4th_pre_bid"": ""+133300"", ""sel_3th_pre_req_pre"": ""0"", ""sel_3th_pre_req"": ""28"", ""sel_3th_pre_bid"": ""+133200"", ""sel_2th_pre_req_pre"": ""0"", ""sel_2th_pre_req"": ""57"", ""sel_2th_pre_bid"": ""+133100"", ""sel_1th_pre_req_pre"": ""0"", ""sel_fpr_req"": ""312"", ""sel_fpr_bid"": ""+133000"", ""buy_fpr_bid"": ""132900"", ""buy_fpr_req"": ""226"", ""buy_1th_pre_req_pre"": ""--2"", ""buy_2th_pre_bid"": ""-132800"", ""buy_2th_pre_req"": ""80"", ""buy_2th_pre_req_pre"": ""0"", ""buy_3th_pre_bid"": ""-132500"", ""buy_3th_pre_req"": ""13"", ""buy_3th_pre_req_pre"": ""0"", ""buy_4th_pre_bid"": ""-132400"", ""buy_4th_pre_req"": ""148"", ""buy_4th_pre_req_pre"": ""0"", ""buy_5th_pre_bid"": ""-132300"", ""buy_5th_pre_req"": ""61"", ""buy_5th_pre_req_pre"": ""0"", ""buy_6th_pre_bid"": ""-132200"", ""buy_6th_pre_req"": ""59"", ""buy_6th_pre_req_pre"": ""0"", ""buy_7th_pre_bid"": ""-132000"", ""buy_7th_pre_req"": ""27"", ""buy_7th_pre_req_pre"": ""0"", ""buy_8th_pre_bid"": ""-131900"", ""buy_8th_pre_req"": ""1"", ""buy_8th_pre_req_pre"": ""0"", ""buy_9th_pre_bid"": ""-131800"", ""buy_9th_pre_req"": ""2"", ""buy_9th_pre_req_pre"": ""0"", ""buy_10th_pre_bid"": ""-131600"", ""buy_10th_pre_req"": ""2"", ""buy_10th_pre_req_pre"": ""0"", ""tot_sel_req_jub_pre"": ""0"", ""tot_sel_req"": ""922"", ""tot_buy_req"": ""619"", ""tot_buy_req_jub_pre"": ""--2"", ""ovt_sel_req_pre"": ""0"", ""ovt_sel_req"": ""0"", ""ovt_buy_req"": ""0"", ""ovt_buy_req_pre"": ""0"", ""return_code"": 0, ""return_msg"": ""정상적으로 처리되었습니다""}"
2026-06-10,scan_candidate,023530,,0,main_scan,194300,,194300,194100,194300,194500,-0.1544004117344313,0.1029336078229542,,,,,,"{""bid_req_base_tm"": ""110317"", ""sel_10th_pre_req_pre"": ""0"", ""sel_10th_pre_req"": ""1"", ""sel_10th_pre_bid"": ""+196300"", ""sel_9th_pre_req_pre"": ""0"", ""sel_9th_pre_req"": ""1"", ""sel_9th_pre_bid"": ""+196200"", ""sel_8th_pre_req_pre"": ""0"", ""sel_8th_pre_req"": ""112"", ""sel_8th_pre_bid"": ""+196000"", ""sel_7th_pre_req_pre"": ""0"", ""sel_7th_pre_req"": ""8"", ""sel_7th_pre_bid"": ""+195900"", ""sel_6th_pre_req_pre"": ""0"", ""sel_6th_pre_req"": ""5"", ""sel_6th_pre_bid"": ""+195700"", ""sel_5th_pre_req_pre"": ""0"", ""sel_5th_pre_req"": ""27"", ""sel_5th_pre_bid"": ""+195600"", ""sel_4th_pre_req_pre"": ""0"", ""sel_4th_pre_req"": ""18"", ""sel_4th_pre_bid"": ""+194700"", ""sel_3th_pre_req_pre"": ""0"", ""sel_3th_pre_req"": ""6"", ""sel_3th_pre_bid"": ""+194500"", ""sel_2th_pre_req_pre"": ""0"", ""sel_2th_pre_req"": ""134"", ""sel_2th_pre_bid"": ""+194400"", ""sel_1th_pre_req_pre"": ""0"", ""sel_fpr_req"": ""22"", ""sel_fpr_bid"": ""+194300"", ""buy_fpr_bid"": ""+194100"", ""buy_fpr_req"": ""81"", ""buy_1th_pre_req_pre"": ""0"", ""buy_2th_pre_bid"": ""+194000"", ""buy_2th_pre_req"": ""112"", ""buy_2th_pre_req_pre"": ""0"", ""buy_3th_pre_bid"": ""+193900"", ""buy_3th_pre_req"": ""14"", ""buy_3th_pre_req_pre"": ""0"", ""buy_4th_pre_bid"": ""+193800"", ""buy_4th_pre_req"": ""16"", ""buy_4th_pre_req_pre"": ""0"", ""buy_5th_pre_bid"": ""+193700"", ""buy_5th_pre_req"": ""16"", ""buy_5th_pre_req_pre"": ""0"", ""buy_6th_pre_bid"": ""+193600"", ""buy_6th_pre_req"": ""23"", ""buy_6th_pre_req_pre"": ""0"", ""buy_7th_pre_bid"": ""+193500"", ""buy_7th_pre_req"": ""269"", ""buy_7th_pre_req_pre"": ""+28"", ""buy_8th_pre_bid"": ""+193200"", ""buy_8th_pre_req"": ""15"", ""buy_8th_pre_req_pre"": ""0"", ""buy_9th_pre_bid"": ""+193100"", ""buy_9th_pre_req"": ""8"", ""buy_9th_pre_req_pre"": ""0"", ""buy_10th_pre_bid"": ""+193000"", ""buy_10th_pre_req"": ""23"", ""buy_10th_pre_req_pre"": ""0"", ""tot_sel_req_jub_pre"": ""0"", ""tot_sel_req"": ""334"", ""tot_buy_req"": ""577"", ""tot_buy_req_jub_pre"": ""+28"", ""ovt_sel_req_pre"": ""0"", ""ovt_sel_req"": ""0"", ""ovt_buy_req"": ""0"", ""ovt_buy_req_pre"": ""0"", ""return_code"": 0, ""return_msg"": ""정상적으로 처리되었습니다""}"
2026-06-10,scan_candidate,175330,,0,main_scan,25600,,25600,25550,25600,25600,-0.1953125,0.1953125,,,,,,"{""bid_req_base_tm"": ""110319"", ""sel_10th_pre_req_pre"": ""0"", ""sel_10th_pre_req"": ""352"", ""sel_10th_pre_bid"": ""+26050"", ""sel_9th_pre_req_pre"": ""0"", ""sel_9th_pre_req"": ""714"", ""sel_9th_pre_bid"": ""+26000"", ""sel_8th_pre_req_pre"": ""0"", ""sel_8th_pre_req"": ""560"", ""sel_8th_pre_bid"": ""+25950"", ""sel_7th_pre_req_pre"": ""0"", ""sel_7th_pre_req"": ""562"", ""sel_7th_pre_bid"": ""25900"", ""sel_6th_pre_req_pre"": ""0"", ""sel_6th_pre_req"": ""469"", ""sel_6th_pre_bid"": ""-25850"", ""sel_5th_pre_req_pre"": ""0"", ""sel_5th_pre_req"": ""22"", ""sel_5th_pre_bid"": ""-25800"", ""sel_4th_pre_req_pre"": ""0"", ""sel_4th_pre_req"": ""655"", ""sel_4th_pre_bid"": ""-25750"", ""sel_3th_pre_req_pre"": ""0"", ""sel_3th_pre_req"": ""485"", ""sel_3th_pre_bid"": ""-25700"", ""sel_2th_pre_req_pre"": ""0"", ""sel_2th_pre_req"": ""488"", ""sel_2th_pre_bid"": ""-25650"", ""sel_1th_pre_req_pre"": ""+168"", ""sel_fpr_req"": ""1588"", ""sel_fpr_bid"": ""-25600"", ""buy_fpr_bid"": ""-25550"", ""buy_fpr_req"": ""2020"", ""buy_1th_pre_req_pre"": ""+77"", ""buy_2th_pre_bid"": ""-25500"", ""buy_2th_pre_req"": ""842"", ""buy_2th_pre_req_pre"": ""0"", ""buy_3th_pre_bid"": ""-25450"", ""buy_3th_pre_req"": ""586"", ""buy_3th_pre_req_pre"": ""0"", ""buy_4th_pre_bid"": ""-25400"", ""buy_4th_pre_req"": ""329"", ""buy_4th_pre_req_pre"": ""0"", ""buy_5th_pre_bid"": ""-25350"", ""buy_5th_pre_req"": ""281"", ""buy_5th_pre_req_pre"": ""0"", ""buy_6th_pre_bid"": ""-25300"", ""buy_6th_pre_req"": ""407"", ""buy_6th_pre_req_pre"": ""0"", ""buy_7th_pre_bid"": ""-25250"", ""buy_7th_pre_req"": ""474"", ""buy_7th_pre_req_pre"": ""0"", ""buy_8th_pre_bid"": ""-25200"", ""buy_8th_pre_req"": ""621"", ""buy_8th_pre_req_pre"": ""0"", ""buy_9th_pre_bid"": ""-25150"", ""buy_9th_pre_req"": ""768"", ""buy_9th_pre_req_pre"": ""0"", ""buy_10th_pre_bid"": ""-25100"", ""buy_10th_pre_req"": ""478"", ""buy_10th_pre_req_pre"": ""0"", ""tot_sel_req_jub_pre"": ""+168"", ""tot_sel_req"": ""5895"", ""tot_buy_req"": ""6806"", ""tot_buy_req_jub_pre"": ""+77"", ""ovt_sel_req_pre"": ""0"", ""ovt_sel_req"": ""0"", ""ovt_buy_req"": ""0"", ""ovt_buy_req_pre"": ""0"", ""return_code"": 0, ""return_msg"": ""정상적으로 처리되었습니다""}"
2026-06-10,scan_candidate,088350,,0,main_scan,4835,,4835,4825,4835,4855,0.3102378490175801,0.2068252326783868,,,,,,"{""bid_req_base_tm"": ""110320"", ""sel_10th_pre_req_pre"": ""0"", ""sel_10th_pre_req"": ""2798"", ""sel_10th_pre_bid"": ""-4885"", ""sel_9th_pre_req_pre"": ""0"", ""sel_9th_pre_req"": ""244"", ""sel_9th_pre_bid"": ""-4880"", ""sel_8th_pre_req_pre"": ""0"", ""sel_8th_pre_req"": ""566"", ""sel_8th_pre_bid"": ""-4875"", ""sel_7th_pre_req_pre"": ""0"", ""sel_7th_pre_req"": ""379"", ""sel_7th_pre_bid"": ""-4870"", ""sel_6th_pre_req_pre"": ""0"", ""sel_6th_pre_req"": ""1870"", ""sel_6th_pre_bid"": ""-4865"", ""sel_5th_pre_req_pre"": ""0"", ""sel_5th_pre_req"": ""1658"", ""sel_5th_pre_bid"": ""-4860"", ""sel_4th_pre_req_pre"": ""0"", ""sel_4th_pre_req"": ""1003"", ""sel_4th_pre_bid"": ""-4855"", ""sel_3th_pre_req_pre"": ""0"", ""sel_3th_pre_req"": ""654"", ""sel_3th_pre_bid"": ""-4850"", ""sel_2th_pre_req_pre"": ""0"", ""sel_2th_pre_req"": ""657"", ""sel_2th_pre_bid"": ""-4845"", ""sel_1th_pre_req_pre"": ""+397"", ""sel_fpr_req"": ""1175"", ""sel_fpr_bid"": ""-4835"", ""buy_fpr_bid"": ""-4825"", ""buy_fpr_req"": ""11132"", ""buy_1th_pre_req_pre"": ""+756"", ""buy_2th_pre_bid"": ""-4820"", ""buy_2th_pre_req"": ""17632"", ""buy_2th_pre_req_pre"": ""0"", ""buy_3th_pre_bid"": ""-4815"", ""buy_3th_pre_req"": ""23542"", ""buy_3th_pre_req_pre"": ""0"", ""buy_4th_pre_bid"": ""-4810"", ""buy_4th_pre_req"": ""7260"", ""buy_4th_pre_req_pre"": ""0"", ""buy_5th_pre_bid"": ""-4805"", ""buy_5th_pre_req"": ""3954"", ""buy_5th_pre_req_pre"": ""0"", ""buy_6th_pre_bid"": ""-4800"", ""buy_6th_pre_req"": ""9333"", ""buy_6th_pre_req_pre"": ""0"", ""buy_7th_pre_bid"": ""-4795"", ""buy_7th_pre_req"": ""8991"", ""buy_7th_pre_req_pre"": ""0"", ""buy_8th_pre_bid"": ""-4790"", ""buy_8th_pre_req"": ""4078"", ""buy_8th_pre_req_pre"": ""0"", ""buy_9th_pre_bid"": ""-4785"", ""buy_9th_pre_req"": ""5487"", ""buy_9th_pre_req_pre"": ""0"", ""buy_10th_pre_bid"": ""-4780"", ""buy_10th_pre_req"": ""10747"", ""buy_10th_pre_req_pre"": ""0"", ""tot_sel_req_jub_pre"": ""+397"", ""tot_sel_req"": ""11004"", ""tot_buy_req"": ""102156"", ""tot_buy_req_jub_pre"": ""+756"", ""ovt_sel_req_pre"": ""0"", ""ovt_sel_req"": ""0"", ""ovt_buy_req"": ""0"", ""ovt_buy_req_pre"": ""0"", ""return_code"": 0, ""return_msg"": ""정상적으로 처리되었습니다""}"
2026-06-10,scan_candidate,069960,,0,main_scan,173700,,173700,173600,173700,174000,-0.11514104778353484,0.05757052389176742,,,,,,"{""bid_req_base_tm"": ""110320"", ""sel_10th_pre_req_pre"": ""0"", ""sel_10th_pre_req"": ""6"", ""sel_10th_pre_bid"": ""+175400"", ""sel_9th_pre_req_pre"": ""0"", ""sel_9th_pre_req"": ""10"", ""sel_9th_pre_bid"": ""+175200"", ""sel_8th_pre_req_pre"": ""0"", ""sel_8th_pre_req"": ""35"", ""sel_8th_pre_bid"": ""+175000"", ""sel_7th_pre_req_pre"": ""0"", ""sel_7th_pre_req"": ""4"", ""sel_7th_pre_bid"": ""+174600"", ""sel_6th_pre_req_pre"": ""0"", ""sel_6th_pre_req"": ""7"", ""sel_6th_pre_bid"": ""+174500"", ""sel_5th_pre_req_pre"": ""0"", ""sel_5th_pre_req"": ""4"", ""sel_5th_pre_bid"": ""+174400"", ""sel_4th_pre_req_pre"": ""0"", ""sel_4th_pre_req"": ""24"", ""sel_4th_pre_bid"": ""+174100"", ""sel_3th_pre_req_pre"": ""--2"", ""sel_3th_pre_req"": ""70"", ""sel_3th_pre_bid"": ""+173900"", ""sel_2th_pre_req_pre"": ""0"", ""sel_2th_pre_req"": ""35"", ""sel_2th_pre_bid"": ""+173800"", ""sel_1th_pre_req_pre"": ""+13"", ""sel_fpr_req"": ""17"", ""sel_fpr_bid"": ""+173700"", ""buy_fpr_bid"": ""+173600"", ""buy_fpr_req"": ""85"", ""buy_1th_pre_req_pre"": ""0"", ""buy_2th_pre_bid"": ""+173500"", ""buy_2th_pre_req"": ""12"", ""buy_2th_pre_req_pre"": ""0"", ""buy_3th_pre_bid"": ""+173200"", ""buy_3th_pre_req"": ""63"", ""buy_3th_pre_req_pre"": ""0"", ""buy_4th_pre_bid"": ""+173100"", ""buy_4th_pre_req"": ""58"", ""buy_4th_pre_req_pre"": ""0"", ""buy_5th_pre_bid"": ""+173000"", ""buy_5th_pre_req"": ""112"", ""buy_5th_pre_req_pre"": ""0"", ""buy_6th_pre_bid"": ""+172800"", ""buy_6th_pre_req"": ""10"", ""buy_6th_pre_req_pre"": ""0"", ""buy_7th_pre_bid"": ""+172500"", ""buy_7th_pre_req"": ""2"", ""buy_7th_pre_req_pre"": ""0"", ""buy_8th_pre_bid"": ""+172300"", ""buy_8th_pre_req"": ""5"", ""buy_8th_pre_req_pre"": ""0"", ""buy_9th_pre_bid"": ""+172000"", ""buy_9th_pre_req"": ""17"", ""buy_9th_pre_req_pre"": ""0"", ""buy_10th_pre_bid"": ""+171800"", ""buy_10th_pre_req"": ""1"", ""buy_10th_pre_req_pre"": ""0"", ""tot_sel_req_jub_pre"": ""+11"", ""tot_sel_req"": ""212"", ""tot_buy_req"": ""365"", ""tot_buy_req_jub_pre"": ""0"", ""ovt_sel_req_pre"": ""0"", ""ovt_sel_req"": ""0"", ""ovt_buy_req"": ""0"", ""ovt_buy_req_pre"": ""0"", ""return_code"": 0, ""return_msg"": ""정상적으로 처리되었습니다""}"
2026-06-10,scan_candidate,111770,,0,main_scan,79200,,79200,79100,79200,79100,-0.25252525252525254,0.12626262626262627,,,,,,"{""bid_req_base_tm"": ""110319"", ""sel_10th_pre_req_pre"": ""0"", ""sel_10th_pre_req"": ""6"", ""sel_10th_pre_bid"": ""+80300"", ""sel_9th_pre_req_pre"": ""0"", ""sel_9th_pre_req"": ""10"", ""sel_9th_pre_bid"": ""+80200"", ""sel_8th_pre_req_pre"": ""0"", ""sel_8th_pre_req"": ""98"", ""sel_8th_pre_bid"": ""+80000"", ""sel_7th_pre_req_pre"": ""0"", ""sel_7th_pre_req"": ""31"", ""sel_7th_pre_bid"": ""+79900"", ""sel_6th_pre_req_pre"": ""0"", ""sel_6th_pre_req"": ""13"", ""sel_6th_pre_bid"": ""+79800"", ""sel_5th_pre_req_pre"": ""0"", ""sel_5th_pre_req"": ""11"", ""sel_5th_pre_bid"": ""+79700"", ""sel_4th_pre_req_pre"": ""0"", ""sel_4th_pre_req"": ""52"", ""sel_4th_pre_bid"": ""+79600"", ""sel_3th_pre_req_pre"": ""0"", ""sel_3th_pre_req"": ""5"", ""sel_3th_pre_bid"": ""+79400"", ""sel_2th_pre_req_pre"": ""--33"", ""sel_2th_pre_req"": ""49"", ""sel_2th_pre_bid"": ""+79300"", ""sel_1th_pre_req_pre"": ""0"", ""sel_fpr_req"": ""43"", ""sel_fpr_bid"": ""+79200"", ""buy_fpr_bid"": ""+79100"", ""buy_fpr_req"": ""33"", ""buy_1th_pre_req_pre"": ""0"", ""buy_2th_pre_bid"": ""+79000"", ""buy_2th_pre_req"": ""2"", ""buy_2th_pre_req_pre"": ""0"", ""buy_3th_pre_bid"": ""+78900"", ""buy_3th_pre_req"": ""29"", ""buy_3th_pre_req_pre"": ""0"", ""buy_4th_pre_bid"": ""+78800"", ""buy_4th_pre_req"": ""49"", ""buy_4th_pre_req_pre"": ""0"", ""buy_5th_pre_bid"": ""+78700"", ""buy_5th_pre_req"": ""31"", ""buy_5th_pre_req_pre"": ""0"", ""buy_6th_pre_bid"": ""+78500"", ""buy_6th_pre_req"": ""21"", ""buy_6th_pre_req_pre"": ""0"", ""buy_7th_pre_bid"": ""+78400"", ""buy_7th_pre_req"": ""25"", ""buy_7th_pre_req_pre"": ""0"", ""buy_8th_pre_bid"": ""+78300"", ""buy_8th_pre_req"": ""20"", ""buy_8th_pre_req_pre"": ""0"", ""buy_9th_pre_bid"": ""78000"", ""buy_9th_pre_req"": ""74"", ""buy_9th_pre_req_pre"": ""0"", ""buy_10th_pre_bid"": ""-77900"", ""buy_10th_pre_req"": ""45"", ""buy_10th_pre_req_pre"": ""0"", ""tot_sel_req_jub_pre"": ""--15"", ""tot_sel_req"": ""318"", ""tot_buy_req"": ""329"", ""tot_buy_req_jub_pre"": ""0"", ""ovt_sel_req_pre"": ""0"", ""ovt_sel_req"": ""0"", ""ovt_buy_req"": ""0"", ""ovt_buy_req_pre"": ""0"", ""return_code"": 0, ""return_msg"": ""정상적으로 처리되었습니다""}"
2026-06-10,scan_candidate,489790,,0,main_scan,68000,,68000,67900,68000,68300,0.29411764705882354,0.14705882352941177,,,,,,"{""bid_req_base_tm"": ""110320"", ""sel_10th_pre_req_pre"": ""0"", ""sel_10th_pre_req"": ""1"", ""sel_10th_pre_bid"": ""+69200"", ""sel_9th_pre_req_pre"": ""0"", ""sel_9th_pre_req"": ""451"", ""sel_9th_pre_bid"": ""+69000"", ""sel_8th_pre_req_pre"": ""0"", ""sel_8th_pre_req"": ""100"", ""sel_8th_pre_bid"": ""+68900"", ""sel_7th_pre_req_pre"": ""0"", ""sel_7th_pre_req"": ""48"", ""sel_7th_pre_bid"": ""+68800"", ""sel_6th_pre_req_pre"": ""0"", ""sel_6th_pre_req"": ""201"", ""sel_6th_pre_bid"": ""+68700"", ""sel_5th_pre_req_pre"": ""0"", ""sel_5th_pre_req"": ""32"", ""sel_5th_pre_bid"": ""+68600"", ""sel_4th_pre_req_pre"": ""0"", ""sel_4th_pre_req"": ""10"", ""sel_4th_pre_bid"": ""+68500"", ""sel_3th_pre_req_pre"": ""0"", ""sel_3th_pre_req"": ""5"", ""sel_3th_pre_bid"": ""+68300"", ""sel_2th_pre_req_pre"": ""0"", ""sel_2th_pre_req"": ""94"", ""sel_2th_pre_bid"": ""+68100"", ""sel_1th_pre_req_pre"": ""0"", ""sel_fpr_req"": ""860"", ""sel_fpr_bid"": ""+68000"", ""buy_fpr_bid"": ""+67900"", ""buy_fpr_req"": ""403"", ""buy_1th_pre_req_pre"": ""0"", ""buy_2th_pre_bid"": ""+67800"", ""buy_2th_pre_req"": ""669"", ""buy_2th_pre_req_pre"": ""0"", ""buy_3th_pre_bid"": ""+67700"", ""buy_3th_pre_req"": ""161"", ""buy_3th_pre_req_pre"": ""0"", ""buy_4th_pre_bid"": ""+67600"", ""buy_4th_pre_req"": ""334"", ""buy_4th_pre_req_pre"": ""0"", ""buy_5th_pre_bid"": ""+67500"", ""buy_5th_pre_req"": ""843"", ""buy_5th_pre_req_pre"": ""0"", ""buy_6th_pre_bid"": ""+67400"", ""buy_6th_pre_req"": ""159"", ""buy_6th_pre_req_pre"": ""0"", ""buy_7th_pre_bid"": ""+67300"", ""buy_7th_pre_req"": ""123"", ""buy_7th_pre_req_pre"": ""0"", ""buy_8th_pre_bid"": ""+67200"", ""buy_8th_pre_req"": ""381"", ""buy_8th_pre_req_pre"": ""0"", ""buy_9th_pre_bid"": ""+67100"", ""buy_9th_pre_req"": ""274"", ""buy_9th_pre_req_pre"": ""0"", ""buy_10th_pre_bid"": ""+67000"", ""buy_10th_pre_req"": ""407"", ""buy_10th_pre_req_pre"": ""0"", ""tot_sel_req_jub_pre"": ""0"", ""tot_sel_req"": ""1802"", ""tot_buy_req"": ""3754"", ""tot_buy_req_jub_pre"": ""0"", ""ovt_sel_req_pre"": ""0"", ""ovt_sel_req"": ""0"", ""ovt_buy_req"": ""0"", ""ovt_buy_req_pre"": ""0"", ""return_code"": 0, ""return_msg"": ""정상적으로 처리되었습니다""}"
2026-06-10,scan_candidate,085620,,0,main_scan,22300,,22300,22250,22300,22400,0.2242152466367713,0.2242152466367713,,,,,,"{""bid_req_base_tm"": ""110318"", ""sel_10th_pre_req_pre"": ""0"", ""sel_10th_pre_req"": ""558"", ""sel_10th_pre_bid"": ""-22750"", ""sel_9th_pre_req_pre"": ""0"", ""sel_9th_pre_req"": ""553"", ""sel_9th_pre_bid"": ""-22700"", ""sel_8th_pre_req_pre"": ""0"", ""sel_8th_pre_req"": ""208"", ""sel_8th_pre_bid"": ""-22650"", ""sel_7th_pre_req_pre"": ""0"", ""sel_7th_pre_req"": ""1279"", ""sel_7th_pre_bid"": ""-22600"", ""sel_6th_pre_req_pre"": ""0"", ""sel_6th_pre_req"": ""751"", ""sel_6th_pre_bid"": ""-22550"", ""sel_5th_pre_req_pre"": ""0"", ""sel_5th_pre_req"": ""1393"", ""sel_5th_pre_bid"": ""-22500"", ""sel_4th_pre_req_pre"": ""0"", ""sel_4th_pre_req"": ""514"", ""sel_4th_pre_bid"": ""-22450"", ""sel_3th_pre_req_pre"": ""0"", ""sel_3th_pre_req"": ""978"", ""sel_3th_pre_bid"": ""-22400"", ""sel_2th_pre_req_pre"": ""0"", ""sel_2th_pre_req"": ""136"", ""sel_2th_pre_bid"": ""-22350"", ""sel_1th_pre_req_pre"": ""0"", ""sel_fpr_req"": ""296"", ""sel_fpr_bid"": ""-22300"", ""buy_fpr_bid"": ""-22250"", ""buy_fpr_req"": ""328"", ""buy_1th_pre_req_pre"": ""0"", ""buy_2th_pre_bid"": ""-22200"", ""buy_2th_pre_req"": ""1102"", ""buy_2th_pre_req_pre"": ""+3"", ""buy_3th_pre_bid"": ""-22150"", ""buy_3th_pre_req"": ""1945"", ""buy_3th_pre_req_pre"": ""0"", ""buy_4th_pre_bid"": ""-22100"", ""buy_4th_pre_req"": ""3466"", ""buy_4th_pre_req_pre"": ""0"", ""buy_5th_pre_bid"": ""-22050"", ""buy_5th_pre_req"": ""2258"", ""buy_5th_pre_req_pre"": ""0"", ""buy_6th_pre_bid"": ""-22000"", ""buy_6th_pre_req"": ""2065"", ""buy_6th_pre_req_pre"": ""0"", ""buy_7th_pre_bid"": ""-21950"", ""buy_7th_pre_req"": ""2330"", ""buy_7th_pre_req_pre"": ""0"", ""buy_8th_pre_bid"": ""-21900"", ""buy_8th_pre_req"": ""2554"", ""buy_8th_pre_req_pre"": ""0"", ""buy_9th_pre_bid"": ""-21850"", ""buy_9th_pre_req"": ""1715"", ""buy_9th_pre_req_pre"": ""0"", ""buy_10th_pre_bid"": ""-21800"", ""buy_10th_pre_req"": ""2431"", ""buy_10th_pre_req_pre"": ""0"", ""tot_sel_req_jub_pre"": ""0"", ""tot_sel_req"": ""6666"", ""tot_buy_req"": ""20194"", ""tot_buy_req_jub_pre"": ""+3"", ""ovt_sel_req_pre"": ""0"", ""ovt_sel_req"": ""0"", ""ovt_buy_req"": ""0"", ""ovt_buy_req_pre"": ""0"", ""return_code"": 0, ""return_msg"": ""정상적으로 처리되었습니다""}"
2026-06-10,scan_candidate,035250,,0,main_scan,15110,,15110,15100,15110,15100,-0.3970880211780278,0.06618133686300463,,,,,,"{""bid_req_base_tm"": ""110321"", ""sel_10th_pre_req_pre"": ""0"", ""sel_10th_pre_req"": ""2059"", ""sel_10th_pre_bid"": ""+15200"", ""sel_9th_pre_req_pre"": ""0"", ""sel_9th_pre_req"": ""565"", ""sel_9th_pre_bid"": ""+15190"", ""sel_8th_pre_req_pre"": ""0"", ""sel_8th_pre_req"": ""491"", ""sel_8th_pre_bid"": ""+15180"", ""sel_7th_pre_req_pre"": ""0"", ""sel_7th_pre_req"": ""291"", ""sel_7th_pre_bid"": ""+15170"", ""sel_6th_pre_req_pre"": ""0"", ""sel_6th_pre_req"": ""119"", ""sel_6th_pre_bid"": ""+15160"", ""sel_5th_pre_req_pre"": ""0"", ""sel_5th_pre_req"": ""532"", ""sel_5th_pre_bid"": ""+15150"", ""sel_4th_pre_req_pre"": ""0"", ""sel_4th_pre_req"": ""1170"", ""sel_4th_pre_bid"": ""+15140"", ""sel_3th_pre_req_pre"": ""0"", ""sel_3th_pre_req"": ""520"", ""sel_3th_pre_bid"": ""+15130"", ""sel_2th_pre_req_pre"": ""0"", ""sel_2th_pre_req"": ""2"", ""sel_2th_pre_bid"": ""+15120"", ""sel_1th_pre_req_pre"": ""--42"", ""sel_fpr_req"": ""111"", ""sel_fpr_bid"": ""+15110"", ""buy_fpr_bid"": ""+15100"", ""buy_fpr_req"": ""803"", ""buy_1th_pre_req_pre"": ""0"", ""buy_2th_pre_bid"": ""+15090"", ""buy_2th_pre_req"": ""1058"", ""buy_2th_pre_req_pre"": ""0"", ""buy_3th_pre_bid"": ""+15080"", ""buy_3th_pre_req"": ""48"", ""buy_3th_pre_req_pre"": ""0"", ""buy_4th_pre_bid"": ""+15070"", ""buy_4th_pre_req"": ""1054"", ""buy_4th_pre_req_pre"": ""0"", ""buy_5th_pre_bid"": ""+15060"", ""buy_5th_pre_req"": ""54"", ""buy_5th_pre_req_pre"": ""0"", ""buy_6th_pre_bid"": ""+15050"", ""buy_6th_pre_req"": ""478"", ""buy_6th_pre_req_pre"": ""0"", ""buy_7th_pre_bid"": ""+15040"", ""buy_7th_pre_req"": ""36"", ""buy_7th_pre_req_pre"": ""0"", ""buy_8th_pre_bid"": ""+15030"", ""buy_8th_pre_req"": ""35"", ""buy_8th_pre_req_pre"": ""0"", ""buy_9th_pre_bid"": ""+15020"", ""buy_9th_pre_req"": ""23"", ""buy_9th_pre_req_pre"": ""0"", ""buy_10th_pre_bid"": ""+15010"", ""buy_10th_pre_req"": ""200"", ""buy_10th_pre_req_pre"": ""0"", ""tot_sel_req_jub_pre"": ""--42"", ""tot_sel_req"": ""5860"", ""tot_buy_req"": ""3789"", ""tot_buy_req_jub_pre"": ""0"", ""ovt_sel_req_pre"": ""0"", ""ovt_sel_req"": ""0"", ""ovt_buy_req"": ""0"", ""ovt_buy_req_pre"": ""0"", ""return_code"": 0, ""return_msg"": ""정상적으로 처리되었습니다""}"
2026-06-10,scan_candidate,001450,,0,main_scan,37750,,37750,37650,37750,37700,-0.26490066225165565,0.26490066225165565,,,,,,"{""bid_req_base_tm"": ""110320"", ""sel_10th_pre_req_pre"": ""0"", ""sel_10th_pre_req"": ""190"", ""sel_10th_pre_bid"": ""+38200"", ""sel_9th_pre_req_pre"": ""0"", ""sel_9th_pre_req"": ""36"", ""sel_9th_pre_bid"": ""+38150"", ""sel_8th_pre_req_pre"": ""0"", ""sel_8th_pre_req"": ""536"", ""sel_8th_pre_bid"": ""+38100"", ""sel_7th_pre_req_pre"": ""0"", ""sel_7th_pre_req"": ""263"", ""sel_7th_pre_bid"": ""+38050"", ""sel_6th_pre_req_pre"": ""0"", ""sel_6th_pre_req"": ""520"", ""sel_6th_pre_bid"": ""+38000"", ""sel_5th_pre_req_pre"": ""0"", ""sel_5th_pre_req"": ""33"", ""sel_5th_pre_bid"": ""+37950"", ""sel_4th_pre_req_pre"": ""0"", ""sel_4th_pre_req"": ""99"", ""sel_4th_pre_bid"": ""+37900"", ""sel_3th_pre_req_pre"": ""0"", ""sel_3th_pre_req"": ""512"", ""sel_3th_pre_bid"": ""+37850"", ""sel_2th_pre_req_pre"": ""0"", ""sel_2th_pre_req"": ""260"", ""sel_2th_pre_bid"": ""+37800"", ""sel_1th_pre_req_pre"": ""--1"", ""sel_fpr_req"": ""578"", ""sel_fpr_bid"": ""+37750"", ""buy_fpr_bid"": ""+37650"", ""buy_fpr_req"": ""562"", ""buy_1th_pre_req_pre"": ""0"", ""buy_2th_pre_bid"": ""+37600"", ""buy_2th_pre_req"": ""403"", ""buy_2th_pre_req_pre"": ""0"", ""buy_3th_pre_bid"": ""+37550"", ""buy_3th_pre_req"": ""185"", ""buy_3th_pre_req_pre"": ""0"", ""buy_4th_pre_bid"": ""+37500"", ""buy_4th_pre_req"": ""105"", ""buy_4th_pre_req_pre"": ""0"", ""buy_5th_pre_bid"": ""+37450"", ""buy_5th_pre_req"": ""508"", ""buy_5th_pre_req_pre"": ""0"", ""buy_6th_pre_bid"": ""+37400"", ""buy_6th_pre_req"": ""136"", ""buy_6th_pre_req_pre"": ""0"", ""buy_7th_pre_bid"": ""+37350"", ""buy_7th_pre_req"": ""194"", ""buy_7th_pre_req_pre"": ""0"", ""buy_8th_pre_bid"": ""+37300"", ""buy_8th_pre_req"": ""379"", ""buy_8th_pre_req_pre"": ""0"", ""buy_9th_pre_bid"": ""+37250"", ""buy_9th_pre_req"": ""204"", ""buy_9th_pre_req_pre"": ""0"", ""buy_10th_pre_bid"": ""+37200"", ""buy_10th_pre_req"": ""488"", ""buy_10th_pre_req_pre"": ""0"", ""tot_sel_req_jub_pre"": ""--1"", ""tot_sel_req"": ""3027"", ""tot_buy_req"": ""3164"", ""tot_buy_req_jub_pre"": ""0"", ""ovt_sel_req_pre"": ""0"", ""ovt_sel_req"": ""0"", ""ovt_buy_req"": ""0"", ""ovt_buy_req_pre"": ""0"", ""return_code"": 0, ""return_msg"": ""정상적으로 처리되었습니다""}"
2026-06-10,scan_candidate,036460,,0,main_scan,34550,,34550,34400,34550,34450,-0.43415340086830684,0.43415340086830684,,,,,,"{""bid_req_base_tm"": ""110314"", ""sel_10th_pre_req_pre"": ""0"", ""sel_10th_pre_req"": ""4270"", ""sel_10th_pre_bid"": ""+35000"", ""sel_9th_pre_req_pre"": ""0"", ""sel_9th_pre_req"": ""307"", ""sel_9th_pre_bid"": ""+34950"", ""sel_8th_pre_req_pre"": ""0"", ""sel_8th_pre_req"": ""619"", ""sel_8th_pre_bid"": ""+34900"", ""sel_7th_pre_req_pre"": ""0"", ""sel_7th_pre_req"": ""533"", ""sel_7th_pre_bid"": ""+34850"", ""sel_6th_pre_req_pre"": ""0"", ""sel_6th_pre_req"": ""310"", ""sel_6th_pre_bid"": ""+34800"", ""sel_5th_pre_req_pre"": ""0"", ""sel_5th_pre_req"": ""578"", ""sel_5th_pre_bid"": ""+34750"", ""sel_4th_pre_req_pre"": ""0"", ""sel_4th_pre_req"": ""662"", ""sel_4th_pre_bid"": ""+34700"", ""sel_3th_pre_req_pre"": ""0"", ""sel_3th_pre_req"": ""486"", ""sel_3th_pre_bid"": ""+34650"", ""sel_2th_pre_req_pre"": ""0"", ""sel_2th_pre_req"": ""1066"", ""sel_2th_pre_bid"": ""+34600"", ""sel_1th_pre_req_pre"": ""+56"", ""sel_fpr_req"": ""528"", ""sel_fpr_bid"": ""+34550"", ""buy_fpr_bid"": ""+34400"", ""buy_fpr_req"": ""486"", ""buy_1th_pre_req_pre"": ""0"", ""buy_2th_pre_bid"": ""+34350"", ""buy_2th_pre_req"": ""225"", ""buy_2th_pre_req_pre"": ""0"", ""buy_3th_pre_bid"": ""+34300"", ""buy_3th_pre_req"": ""172"", ""buy_3th_pre_req_pre"": ""0"", ""buy_4th_pre_bid"": ""+34250"", ""buy_4th_pre_req"": ""691"", ""buy_4th_pre_req_pre"": ""0"", ""buy_5th_pre_bid"": ""+34200"", ""buy_5th_pre_req"": ""560"", ""buy_5th_pre_req_pre"": ""0"", ""buy_6th_pre_bid"": ""+34150"", ""buy_6th_pre_req"": ""594"", ""buy_6th_pre_req_pre"": ""0"", ""buy_7th_pre_bid"": ""+34100"", ""buy_7th_pre_req"": ""700"", ""buy_7th_pre_req_pre"": ""0"", ""buy_8th_pre_bid"": ""+34050"", ""buy_8th_pre_req"": ""1418"", ""buy_8th_pre_req_pre"": ""0"", ""buy_9th_pre_bid"": ""34000"", ""buy_9th_pre_req"": ""3356"", ""buy_9th_pre_req_pre"": ""0"", ""buy_10th_pre_bid"": ""-33950"", ""buy_10th_pre_req"": ""854"", ""buy_10th_pre_req_pre"": ""0"", ""tot_sel_req_jub_pre"": ""+56"", ""tot_sel_req"": ""9359"", ""tot_buy_req"": ""9056"", ""tot_buy_req_jub_pre"": ""0"", ""ovt_sel_req_pre"": ""0"", ""ovt_sel_req"": ""0"", ""ovt_buy_req"": ""0"", ""ovt_buy_req_pre"": ""0"", ""return_code"": 0, ""return_msg"": ""정상적으로 처리되었습니다""}"
2026-06-10,scan_candidate,017800,,0,main_scan,76700,,76700,76600,76700,76700,-0.1303780964797914,0.1303780964797914,,,,,,"{""bid_req_base_tm"": ""110321"", ""sel_10th_pre_req_pre"": ""0"", ""sel_10th_pre_req"": ""16"", ""sel_10th_pre_bid"": ""+77700"", ""sel_9th_pre_req_pre"": ""0"", ""sel_9th_pre_req"": ""29"", ""sel_9th_pre_bid"": ""+77600"", ""sel_8th_pre_req_pre"": ""0"", ""sel_8th_pre_req"": ""62"", ""sel_8th_pre_bid"": ""+77500"", ""sel_7th_pre_req_pre"": ""0"", ""sel_7th_pre_req"": ""27"", ""sel_7th_pre_bid"": ""+77400"", ""sel_6th_pre_req_pre"": ""0"", ""sel_6th_pre_req"": ""10"", ""sel_6th_pre_bid"": ""+77300"", ""sel_5th_pre_req_pre"": ""0"", ""sel_5th_pre_req"": ""110"", ""sel_5th_pre_bid"": ""+77200"", ""sel_4th_pre_req_pre"": ""0"", ""sel_4th_pre_req"": ""113"", ""sel_4th_pre_bid"": ""+77100"", ""sel_3th_pre_req_pre"": ""0"", ""sel_3th_pre_req"": ""24"", ""sel_3th_pre_bid"": ""+76900"", ""sel_2th_pre_req_pre"": ""0"", ""sel_2th_pre_req"": ""31"", ""sel_2th_pre_bid"": ""+76800"", ""sel_1th_pre_req_pre"": ""--14"", ""sel_fpr_req"": ""322"", ""sel_fpr_bid"": ""76700"", ""buy_fpr_bid"": ""-76600"", ""buy_fpr_req"": ""331"", ""buy_1th_pre_req_pre"": ""0"", ""buy_2th_pre_bid"": ""-76500"", ""buy_2th_pre_req"": ""100"", ""buy_2th_pre_req_pre"": ""0"", ""buy_3th_pre_bid"": ""-76400"", ""buy_3th_pre_req"": ""1"", ""buy_3th_pre_req_pre"": ""0"", ""buy_4th_pre_bid"": ""-76300"", ""buy_4th_pre_req"": ""11"", ""buy_4th_pre_req_pre"": ""0"", ""buy_5th_pre_bid"": ""-76200"", ""buy_5th_pre_req"": ""17"", ""buy_5th_pre_req_pre"": ""0"", ""buy_6th_pre_bid"": ""-76100"", ""buy_6th_pre_req"": ""24"", ""buy_6th_pre_req_pre"": ""0"", ""buy_7th_pre_bid"": ""-76000"", ""buy_7th_pre_req"": ""62"", ""buy_7th_pre_req_pre"": ""0"", ""buy_8th_pre_bid"": ""-75900"", ""buy_8th_pre_req"": ""109"", ""buy_8th_pre_req_pre"": ""0"", ""buy_9th_pre_bid"": ""-75800"", ""buy_9th_pre_req"": ""184"", ""buy_9th_pre_req_pre"": ""0"", ""buy_10th_pre_bid"": ""-75700"", ""buy_10th_pre_req"": ""59"", ""buy_10th_pre_req_pre"": ""0"", ""tot_sel_req_jub_pre"": ""--14"", ""tot_sel_req"": ""744"", ""tot_buy_req"": ""898"", ""tot_buy_req_jub_pre"": ""0"", ""ovt_sel_req_pre"": ""0"", ""ovt_sel_req"": ""0"", ""ovt_buy_req"": ""0"", ""ovt_buy_req_pre"": ""0"", ""return_code"": 0, ""return_msg"": ""정상적으로 처리되었습니다""}"
2026-06-10,scan_candidate,007810,,0,main_scan,120000,,120000,119500,120000,120000,-0.4166666666666667,0.4166666666666667,,,,,,"{""bid_req_base_tm"": ""110321"", ""sel_10th_pre_req_pre"": ""0"", ""sel_10th_pre_req"": ""29"", ""sel_10th_pre_bid"": ""+121500"", ""sel_9th_pre_req_pre"": ""0"", ""sel_9th_pre_req"": ""106"", ""sel_9th_pre_bid"": ""+121400"", ""sel_8th_pre_req_pre"": ""0"", ""sel_8th_pre_req"": ""1"", ""sel_8th_pre_bid"": ""+121300"", ""sel_7th_pre_req_pre"": ""0"", ""sel_7th_pre_req"": ""14"", ""sel_7th_pre_bid"": ""+121200"", ""sel_6th_pre_req_pre"": ""0"", ""sel_6th_pre_req"": ""20"", ""sel_6th_pre_bid"": ""+121100"", ""sel_5th_pre_req_pre"": ""0"", ""sel_5th_pre_req"": ""30"", ""sel_5th_pre_bid"": ""+120500"", ""sel_4th_pre_req_pre"": ""0"", ""sel_4th_pre_req"": ""824"", ""sel_4th_pre_bid"": ""120300"", ""sel_3th_pre_req_pre"": ""0"", ""sel_3th_pre_req"": ""27"", ""sel_3th_pre_bid"": ""-120200"", ""sel_2th_pre_req_pre"": ""0"", ""sel_2th_pre_req"": ""14"", ""sel_2th_pre_bid"": ""-120100"", ""sel_1th_pre_req_pre"": ""+13"", ""sel_fpr_req"": ""33"", ""sel_fpr_bid"": ""-120000"", ""buy_fpr_bid"": ""-119500"", ""buy_fpr_req"": ""38"", ""buy_1th_pre_req_pre"": ""0"", ""buy_2th_pre_bid"": ""-119400"", ""buy_2th_pre_req"": ""68"", ""buy_2th_pre_req_pre"": ""0"", ""buy_3th_pre_bid"": ""-119300"", ""buy_3th_pre_req"": ""91"", ""buy_3th_pre_req_pre"": ""0"", ""buy_4th_pre_bid"": ""-119200"", ""buy_4th_pre_req"": ""284"", ""buy_4th_pre_req_pre"": ""0"", ""buy_5th_pre_bid"": ""-119100"", ""buy_5th_pre_req"": ""94"", ""buy_5th_pre_req_pre"": ""0"", ""buy_6th_pre_bid"": ""-119000"", ""buy_6th_pre_req"": ""164"", ""buy_6th_pre_req_pre"": ""0"", ""buy_7th_pre_bid"": ""-118900"", ""buy_7th_pre_req"": ""46"", ""buy_7th_pre_req_pre"": ""0"", ""buy_8th_pre_bid"": ""-118800"", ""buy_8th_pre_req"": ""143"", ""buy_8th_pre_req_pre"": ""0"", ""buy_9th_pre_bid"": ""-118700"", ""buy_9th_pre_req"": ""6"", ""buy_9th_pre_req_pre"": ""0"", ""buy_10th_pre_bid"": ""-118600"", ""buy_10th_pre_req"": ""68"", ""buy_10th_pre_req_pre"": ""0"", ""tot_sel_req_jub_pre"": ""+13"", ""tot_sel_req"": ""1098"", ""tot_buy_req"": ""1002"", ""tot_buy_req_jub_pre"": ""0"", ""ovt_sel_req_pre"": ""0"", ""ovt_sel_req"": ""0"", ""ovt_buy_req"": ""0"", ""ovt_buy_req_pre"": ""0"", ""return_code"": 0, ""return_msg"": ""정상적으로 처리되었습니다""}"
2026-06-10,scan_candidate,001740,,0,main_scan,14170,,14170,14160,14170,14150,-0.4940014114326041,0.07057163020465773,,,,,,"{""bid_req_base_tm"": ""110322"", ""sel_10th_pre_req_pre"": ""0"", ""sel_10th_pre_req"": ""630"", ""sel_10th_pre_bid"": ""-14260"", ""sel_9th_pre_req_pre"": ""0"", ""sel_9th_pre_req"": ""5464"", ""sel_9th_pre_bid"": ""-14250"", ""sel_8th_pre_req_pre"": ""0"", ""sel_8th_pre_req"": ""437"", ""sel_8th_pre_bid"": ""-14240"", ""sel_7th_pre_req_pre"": ""0"", ""sel_7th_pre_req"": ""728"", ""sel_7th_pre_bid"": ""-14230"", ""sel_6th_pre_req_pre"": ""0"", ""sel_6th_pre_req"": ""395"", ""sel_6th_pre_bid"": ""-14220"", ""sel_5th_pre_req_pre"": ""0"", ""sel_5th_pre_req"": ""1463"", ""sel_5th_pre_bid"": ""-14210"", ""sel_4th_pre_req_pre"": ""0"", ""sel_4th_pre_req"": ""2455"", ""sel_4th_pre_bid"": ""-14200"", ""sel_3th_pre_req_pre"": ""0"", ""sel_3th_pre_req"": ""1867"", ""sel_3th_pre_bid"": ""-14190"", ""sel_2th_pre_req_pre"": ""+62"", ""sel_2th_pre_req"": ""2144"", ""sel_2th_pre_bid"": ""-14180"", ""sel_1th_pre_req_pre"": ""--209"", ""sel_fpr_req"": ""1613"", ""sel_fpr_bid"": ""-14170"", ""buy_fpr_bid"": ""-14160"", ""buy_fpr_req"": ""381"", ""buy_1th_pre_req_pre"": ""0"", ""buy_2th_pre_bid"": ""-14150"", ""buy_2th_pre_req"": ""1248"", ""buy_2th_pre_req_pre"": ""0"", ""buy_3th_pre_bid"": ""-14140"", ""buy_3th_pre_req"": ""1879"", ""buy_3th_pre_req_pre"": ""0"", ""buy_4th_pre_bid"": ""-14130"", ""buy_4th_pre_req"": ""155"", ""buy_4th_pre_req_pre"": ""--30"", ""buy_5th_pre_bid"": ""-14120"", ""buy_5th_pre_req"": ""203"", ""buy_5th_pre_req_pre"": ""0"", ""buy_6th_pre_bid"": ""-14110"", ""buy_6th_pre_req"": ""711"", ""buy_6th_pre_req_pre"": ""0"", ""buy_7th_pre_bid"": ""-14100"", ""buy_7th_pre_req"": ""1539"", ""buy_7th_pre_req_pre"": ""0"", ""buy_8th_pre_bid"": ""-14090"", ""buy_8th_pre_req"": ""1145"", ""buy_8th_pre_req_pre"": ""0"", ""buy_9th_pre_bid"": ""-14080"", ""buy_9th_pre_req"": ""4641"", ""buy_9th_pre_req_pre"": ""0"", ""buy_10th_pre_bid"": ""-14070"", ""buy_10th_pre_req"": ""2785"", ""buy_10th_pre_req_pre"": ""0"", ""tot_sel_req_jub_pre"": ""--147"", ""tot_sel_req"": ""17196"", ""tot_buy_req"": ""14687"", ""tot_buy_req_jub_pre"": ""--30"", ""ovt_sel_req_pre"": ""0"", ""ovt_sel_req"": ""0"", ""ovt_buy_req"": ""0"", ""ovt_buy_req_pre"": ""0"", ""return_code"": 0, ""return_msg"": ""정상적으로 처리되었습니다""}"
2026-06-10,scan_candidate,383220,,0,main_scan,75300,,75300,75200,75300,75100,-0.398406374501992,0.13280212483399734,,,,,,"{""bid_req_base_tm"": ""110319"", ""sel_10th_pre_req_pre"": ""0"", ""sel_10th_pre_req"": ""12"", ""sel_10th_pre_bid"": ""+76400"", ""sel_9th_pre_req_pre"": ""0"", ""sel_9th_pre_req"": ""100"", ""sel_9th_pre_bid"": ""+76300"", ""sel_8th_pre_req_pre"": ""0"", ""sel_8th_pre_req"": ""13"", ""sel_8th_pre_bid"": ""+76200"", ""sel_7th_pre_req_pre"": ""0"", ""sel_7th_pre_req"": ""122"", ""sel_7th_pre_bid"": ""+76000"", ""sel_6th_pre_req_pre"": ""0"", ""sel_6th_pre_req"": ""159"", ""sel_6th_pre_bid"": ""+75900"", ""sel_5th_pre_req_pre"": ""0"", ""sel_5th_pre_req"": ""23"", ""sel_5th_pre_bid"": ""+75800"", ""sel_4th_pre_req_pre"": ""--1"", ""sel_4th_pre_req"": ""16"", ""sel_4th_pre_bid"": ""+75700"", ""sel_3th_pre_req_pre"": ""0"", ""sel_3th_pre_req"": ""25"", ""sel_3th_pre_bid"": ""+75600"", ""sel_2th_pre_req_pre"": ""0"", ""sel_2th_pre_req"": ""86"", ""sel_2th_pre_bid"": ""+75400"", ""sel_1th_pre_req_pre"": ""0"", ""sel_fpr_req"": ""14"", ""sel_fpr_bid"": ""+75300"", ""buy_fpr_bid"": ""+75200"", ""buy_fpr_req"": ""46"", ""buy_1th_pre_req_pre"": ""0"", ""buy_2th_pre_bid"": ""+75100"", ""buy_2th_pre_req"": ""21"", ""buy_2th_pre_req_pre"": ""0"", ""buy_3th_pre_bid"": ""+75000"", ""buy_3th_pre_req"": ""1"", ""buy_3th_pre_req_pre"": ""0"", ""buy_4th_pre_bid"": ""+74900"", ""buy_4th_pre_req"": ""30"", ""buy_4th_pre_req_pre"": ""0"", ""buy_5th_pre_bid"": ""+74800"", ""buy_5th_pre_req"": ""1"", ""buy_5th_pre_req_pre"": ""0"", ""buy_6th_pre_bid"": ""+74700"", ""buy_6th_pre_req"": ""110"", ""buy_6th_pre_req_pre"": ""0"", ""buy_7th_pre_bid"": ""74600"", ""buy_7th_pre_req"": ""30"", ""buy_7th_pre_req_pre"": ""0"", ""buy_8th_pre_bid"": ""-74500"", ""buy_8th_pre_req"": ""27"", ""buy_8th_pre_req_pre"": ""0"", ""buy_9th_pre_bid"": ""-74400"", ""buy_9th_pre_req"": ""40"", ""buy_9th_pre_req_pre"": ""0"", ""buy_10th_pre_bid"": ""-74300"", ""buy_10th_pre_req"": ""10"", ""buy_10th_pre_req_pre"": ""0"", ""tot_sel_req_jub_pre"": ""--1"", ""tot_sel_req"": ""570"", ""tot_buy_req"": ""316"", ""tot_buy_req_jub_pre"": ""0"", ""ovt_sel_req_pre"": ""0"", ""ovt_sel_req"": ""0"", ""ovt_buy_req"": ""0"", ""ovt_buy_req_pre"": ""0"", ""return_code"": 0, ""return_msg"": ""정상적으로 처리되었습니다""}"
2026-06-10,scan_candidate,014680,,0,main_scan,261000,,261000,260500,261000,262500,0.38314176245210724,0.19157088122605362,,,,,,"{""bid_req_base_tm"": ""110321"", ""sel_10th_pre_req_pre"": ""0"", ""sel_10th_pre_req"": ""24"", ""sel_10th_pre_bid"": ""+265500"", ""sel_9th_pre_req_pre"": ""0"", ""sel_9th_pre_req"": ""35"", ""sel_9th_pre_bid"": ""+265000"", ""sel_8th_pre_req_pre"": ""0"", ""sel_8th_pre_req"": ""2"", ""sel_8th_pre_bid"": ""+264500"", ""sel_7th_pre_req_pre"": ""0"", ""sel_7th_pre_req"": ""4"", ""sel_7th_pre_bid"": ""+264000"", ""sel_6th_pre_req_pre"": ""0"", ""sel_6th_pre_req"": ""13"", ""sel_6th_pre_bid"": ""+263500"", ""sel_5th_pre_req_pre"": ""0"", ""sel_5th_pre_req"": ""3"", ""sel_5th_pre_bid"": ""+263000"", ""sel_4th_pre_req_pre"": ""0"", ""sel_4th_pre_req"": ""18"", ""sel_4th_pre_bid"": ""+262500"", ""sel_3th_pre_req_pre"": ""0"", ""sel_3th_pre_req"": ""13"", ""sel_3th_pre_bid"": ""+262000"", ""sel_2th_pre_req_pre"": ""0"", ""sel_2th_pre_req"": ""37"", ""sel_2th_pre_bid"": ""+261500"", ""sel_1th_pre_req_pre"": ""0"", ""sel_fpr_req"": ""23"", ""sel_fpr_bid"": ""+261000"", ""buy_fpr_bid"": ""+260500"", ""buy_fpr_req"": ""25"", ""buy_1th_pre_req_pre"": ""+1"", ""buy_2th_pre_bid"": ""+260000"", ""buy_2th_pre_req"": ""142"", ""buy_2th_pre_req_pre"": ""0"", ""buy_3th_pre_bid"": ""+259500"", ""buy_3th_pre_req"": ""143"", ""buy_3th_pre_req_pre"": ""0"", ""buy_4th_pre_bid"": ""+259000"", ""buy_4th_pre_req"": ""245"", ""buy_4th_pre_req_pre"": ""0"", ""buy_5th_pre_bid"": ""+258500"", ""buy_5th_pre_req"": ""102"", ""buy_5th_pre_req_pre"": ""0"", ""buy_6th_pre_bid"": ""+258000"", ""buy_6th_pre_req"": ""101"", ""buy_6th_pre_req_pre"": ""0"", ""buy_7th_pre_bid"": ""+257500"", ""buy_7th_pre_req"": ""132"", ""buy_7th_pre_req_pre"": ""0"", ""buy_8th_pre_bid"": ""+257000"", ""buy_8th_pre_req"": ""141"", ""buy_8th_pre_req_pre"": ""0"", ""buy_9th_pre_bid"": ""+256500"", ""buy_9th_pre_req"": ""3"", ""buy_9th_pre_req_pre"": ""0"", ""buy_10th_pre_bid"": ""+256000"", ""buy_10th_pre_req"": ""45"", ""buy_10th_pre_req_pre"": ""0"", ""tot_sel_req_jub_pre"": ""0"", ""tot_sel_req"": ""172"", ""tot_buy_req"": ""1079"", ""tot_buy_req_jub_pre"": ""+1"", ""ovt_sel_req_pre"": ""0"", ""ovt_sel_req"": ""0"", ""ovt_buy_req"": ""0"", ""ovt_buy_req_pre"": ""0"", ""return_code"": 0, ""return_msg"": ""정상적으로 처리되었습니다""}"
2026-06-10,scan_candidate,028670,,0,main_scan,5020,,5020,5010,5020,5060,0.5976095617529881,0.199203187250996,,,,,,"{""bid_req_base_tm"": ""110322"", ""sel_10th_pre_req_pre"": ""0"", ""sel_10th_pre_req"": ""801"", ""sel_10th_pre_bid"": ""-5110"", ""sel_9th_pre_req_pre"": ""0"", ""sel_9th_pre_req"": ""2461"", ""sel_9th_pre_bid"": ""-5100"", ""sel_8th_pre_req_pre"": ""0"", ""sel_8th_pre_req"": ""1385"", ""sel_8th_pre_bid"": ""-5090"", ""sel_7th_pre_req_pre"": ""0"", ""sel_7th_pre_req"": ""1217"", ""sel_7th_pre_bid"": ""-5080"", ""sel_6th_pre_req_pre"": ""0"", ""sel_6th_pre_req"": ""601"", ""sel_6th_pre_bid"": ""-5070"", ""sel_5th_pre_req_pre"": ""0"", ""sel_5th_pre_req"": ""504"", ""sel_5th_pre_bid"": ""-5060"", ""sel_4th_pre_req_pre"": ""0"", ""sel_4th_pre_req"": ""1334"", ""sel_4th_pre_bid"": ""-5050"", ""sel_3th_pre_req_pre"": ""0"", ""sel_3th_pre_req"": ""1182"", ""sel_3th_pre_bid"": ""-5040"", ""sel_2th_pre_req_pre"": ""0"", ""sel_2th_pre_req"": ""1625"", ""sel_2th_pre_bid"": ""-5030"", ""sel_1th_pre_req_pre"": ""0"", ""sel_fpr_req"": ""3565"", ""sel_fpr_bid"": ""-5020"", ""buy_fpr_bid"": ""-5010"", ""buy_fpr_req"": ""37996"", ""buy_1th_pre_req_pre"": ""--1"", ""buy_2th_pre_bid"": ""-5000"", ""buy_2th_pre_req"": ""15267"", ""buy_2th_pre_req_pre"": ""0"", ""buy_3th_pre_bid"": ""-4995"", ""buy_3th_pre_req"": ""6876"", ""buy_3th_pre_req_pre"": ""0"", ""buy_4th_pre_bid"": ""-4990"", ""buy_4th_pre_req"": ""4868"", ""buy_4th_pre_req_pre"": ""0"", ""buy_5th_pre_bid"": ""-4985"", ""buy_5th_pre_req"": ""1882"", ""buy_5th_pre_req_pre"": ""0"", ""buy_6th_pre_bid"": ""-4980"", ""buy_6th_pre_req"": ""7343"", ""buy_6th_pre_req_pre"": ""0"", ""buy_7th_pre_bid"": ""-4975"", ""buy_7th_pre_req"": ""128"", ""buy_7th_pre_req_pre"": ""0"", ""buy_8th_pre_bid"": ""-4970"", ""buy_8th_pre_req"": ""2765"", ""buy_8th_pre_req_pre"": ""0"", ""buy_9th_pre_bid"": ""-4965"", ""buy_9th_pre_req"": ""494"", ""buy_9th_pre_req_pre"": ""0"", ""buy_10th_pre_bid"": ""-4960"", ""buy_10th_pre_req"": ""2784"", ""buy_10th_pre_req_pre"": ""0"", ""tot_sel_req_jub_pre"": ""0"", ""tot_sel_req"": ""14675"", ""tot_buy_req"": ""80403"", ""tot_buy_req_jub_pre"": ""--1"", ""ovt_sel_req_pre"": ""0"", ""ovt_sel_req"": ""0"", ""ovt_buy_req"": ""0"", ""ovt_buy_req_pre"": ""0"", ""return_code"": 0, ""return_msg"": ""정상적으로 처리되었습니다""}"
2026-06-10,scan_candidate,009420,,0,main_scan,50400,,50400,50300,50400,50600,0.1984126984126984,0.1984126984126984,,,,,,"{""bid_req_base_tm"": ""110322"", ""sel_10th_pre_req_pre"": ""0"", ""sel_10th_pre_req"": ""313"", ""sel_10th_pre_bid"": ""-51400"", ""sel_9th_pre_req_pre"": ""0"", ""sel_9th_pre_req"": ""461"", ""sel_9th_pre_bid"": ""-51300"", ""sel_8th_pre_req_pre"": ""0"", ""sel_8th_pre_req"": ""651"", ""sel_8th_pre_bid"": ""-51200"", ""sel_7th_pre_req_pre"": ""0"", ""sel_7th_pre_req"": ""79"", ""sel_7th_pre_bid"": ""-51100"", ""sel_6th_pre_req_pre"": ""0"", ""sel_6th_pre_req"": ""162"", ""sel_6th_pre_bid"": ""-51000"", ""sel_5th_pre_req_pre"": ""0"", ""sel_5th_pre_req"": ""235"", ""sel_5th_pre_bid"": ""-50900"", ""sel_4th_pre_req_pre"": ""0"", ""sel_4th_pre_req"": ""120"", ""sel_4th_pre_bid"": ""-50800"", ""sel_3th_pre_req_pre"": ""0"", ""sel_3th_pre_req"": ""223"", ""sel_3th_pre_bid"": ""-50600"", ""sel_2th_pre_req_pre"": ""+3"", ""sel_2th_pre_req"": ""251"", ""sel_2th_pre_bid"": ""-50500"", ""sel_1th_pre_req_pre"": ""0"", ""sel_fpr_req"": ""58"", ""sel_fpr_bid"": ""-50400"", ""buy_fpr_bid"": ""-50300"", ""buy_fpr_req"": ""89"", ""buy_1th_pre_req_pre"": ""0"", ""buy_2th_pre_bid"": ""-50200"", ""buy_2th_pre_req"": ""230"", ""buy_2th_pre_req_pre"": ""0"", ""buy_3th_pre_bid"": ""-50100"", ""buy_3th_pre_req"": ""239"", ""buy_3th_pre_req_pre"": ""0"", ""buy_4th_pre_bid"": ""-50000"", ""buy_4th_pre_req"": ""720"", ""buy_4th_pre_req_pre"": ""0"", ""buy_5th_pre_bid"": ""-49950"", ""buy_5th_pre_req"": ""355"", ""buy_5th_pre_req_pre"": ""0"", ""buy_6th_pre_bid"": ""-49900"", ""buy_6th_pre_req"": ""376"", ""buy_6th_pre_req_pre"": ""0"", ""buy_7th_pre_bid"": ""-49850"", ""buy_7th_pre_req"": ""559"", ""buy_7th_pre_req_pre"": ""0"", ""buy_8th_pre_bid"": ""-49800"", ""buy_8th_pre_req"": ""542"", ""buy_8th_pre_req_pre"": ""0"", ""buy_9th_pre_bid"": ""-49750"", ""buy_9th_pre_req"": ""844"", ""buy_9th_pre_req_pre"": ""0"", ""buy_10th_pre_bid"": ""-49700"", ""buy_10th_pre_req"": ""1221"", ""buy_10th_pre_req_pre"": ""0"", ""tot_sel_req_jub_pre"": ""+3"", ""tot_sel_req"": ""2553"", ""tot_buy_req"": ""5175"", ""tot_buy_req_jub_pre"": ""0"", ""ovt_sel_req_pre"": ""0"", ""ovt_sel_req"": ""0"", ""ovt_buy_req"": ""0"", ""ovt_buy_req_pre"": ""0"", ""return_code"": 0, ""return_msg"": ""정상적으로 처리되었습니다""}"
2026-06-10,scan_candidate,375500,,0,main_scan,70900,,70900,70600,70900,70600,-0.5641748942172073,0.4231311706629055,,,,,,"{""bid_req_base_tm"": ""110318"", ""sel_10th_pre_req_pre"": ""0"", ""sel_10th_pre_req"": ""7"", ""sel_10th_pre_bid"": ""+71900"", ""sel_9th_pre_req_pre"": ""0"", ""sel_9th_pre_req"": ""52"", ""sel_9th_pre_bid"": ""+71800"", ""sel_8th_pre_req_pre"": ""0"", ""sel_8th_pre_req"": ""23"", ""sel_8th_pre_bid"": ""+71700"", ""sel_7th_pre_req_pre"": ""0"", ""sel_7th_pre_req"": ""79"", ""sel_7th_pre_bid"": ""+71600"", ""sel_6th_pre_req_pre"": ""0"", ""sel_6th_pre_req"": ""237"", ""sel_6th_pre_bid"": ""+71500"", ""sel_5th_pre_req_pre"": ""0"", ""sel_5th_pre_req"": ""107"", ""sel_5th_pre_bid"": ""+71400"", ""sel_4th_pre_req_pre"": ""0"", ""sel_4th_pre_req"": ""151"", ""sel_4th_pre_bid"": ""+71200"", ""sel_3th_pre_req_pre"": ""0"", ""sel_3th_pre_req"": ""50"", ""sel_3th_pre_bid"": ""+71100"", ""sel_2th_pre_req_pre"": ""0"", ""sel_2th_pre_req"": ""53"", ""sel_2th_pre_bid"": ""+71000"", ""sel_1th_pre_req_pre"": ""+5"", ""sel_fpr_req"": ""42"", ""sel_fpr_bid"": ""+70900"", ""buy_fpr_bid"": ""+70600"", ""buy_fpr_req"": ""48"", ""buy_1th_pre_req_pre"": ""0"", ""buy_2th_pre_bid"": ""+70500"", ""buy_2th_pre_req"": ""49"", ""buy_2th_pre_req_pre"": ""0"", ""buy_3th_pre_bid"": ""+70400"", ""buy_3th_pre_req"": ""86"", ""buy_3th_pre_req_pre"": ""0"", ""buy_4th_pre_bid"": ""+70300"", ""buy_4th_pre_req"": ""23"", ""buy_4th_pre_req_pre"": ""0"", ""buy_5th_pre_bid"": ""+70200"", ""buy_5th_pre_req"": ""25"", ""buy_5th_pre_req_pre"": ""0"", ""buy_6th_pre_bid"": ""+70100"", ""buy_6th_pre_req"": ""128"", ""buy_6th_pre_req_pre"": ""0"", ""buy_7th_pre_bid"": ""+70000"", ""buy_7th_pre_req"": ""110"", ""buy_7th_pre_req_pre"": ""0"", ""buy_8th_pre_bid"": ""+69900"", ""buy_8th_pre_req"": ""29"", ""buy_8th_pre_req_pre"": ""0"", ""buy_9th_pre_bid"": ""+69800"", ""buy_9th_pre_req"": ""59"", ""buy_9th_pre_req_pre"": ""0"", ""buy_10th_pre_bid"": ""+69700"", ""buy_10th_pre_req"": ""17"", ""buy_10th_pre_req_pre"": ""0"", ""tot_sel_req_jub_pre"": ""+5"", ""tot_sel_req"": ""801"", ""tot_buy_req"": ""574"", ""tot_buy_req_jub_pre"": ""0"", ""ovt_sel_req_pre"": ""0"", ""ovt_sel_req"": ""0"", ""ovt_buy_req"": ""0"", ""ovt_buy_req_pre"": ""0"", ""return_code"": 0, ""return_msg"": ""정상적으로 처리되었습니다""}"
2026-06-10,scan_candidate,004990,,0,main_scan,25900,,25900,25850,25900,25750,-0.7722007722007722,0.19305019305019305,,,,,,"{""bid_req_base_tm"": ""110321"", ""sel_10th_pre_req_pre"": ""0"", ""sel_10th_pre_req"": ""6"", ""sel_10th_pre_bid"": ""+26350"", ""sel_9th_pre_req_pre"": ""0"", ""sel_9th_pre_req"": ""140"", ""sel_9th_pre_bid"": ""+26300"", ""sel_8th_pre_req_pre"": ""0"", ""sel_8th_pre_req"": ""135"", ""sel_8th_pre_bid"": ""+26250"", ""sel_7th_pre_req_pre"": ""0"", ""sel_7th_pre_req"": ""196"", ""sel_7th_pre_bid"": ""+26200"", ""sel_6th_pre_req_pre"": ""0"", ""sel_6th_pre_req"": ""3120"", ""sel_6th_pre_bid"": ""26150"", ""sel_5th_pre_req_pre"": ""0"", ""sel_5th_pre_req"": ""495"", ""sel_5th_pre_bid"": ""-26100"", ""sel_4th_pre_req_pre"": ""0"", ""sel_4th_pre_req"": ""69"", ""sel_4th_pre_bid"": ""-26050"", ""sel_3th_pre_req_pre"": ""0"", ""sel_3th_pre_req"": ""74"", ""sel_3th_pre_bid"": ""-26000"", ""sel_2th_pre_req_pre"": ""0"", ""sel_2th_pre_req"": ""281"", ""sel_2th_pre_bid"": ""-25950"", ""sel_1th_pre_req_pre"": ""0"", ""sel_fpr_req"": ""194"", ""sel_fpr_bid"": ""-25900"", ""buy_fpr_bid"": ""-25850"", ""buy_fpr_req"": ""133"", ""buy_1th_pre_req_pre"": ""0"", ""buy_2th_pre_bid"": ""-25800"", ""buy_2th_pre_req"": ""500"", ""buy_2th_pre_req_pre"": ""0"", ""buy_3th_pre_bid"": ""-25750"", ""buy_3th_pre_req"": ""511"", ""buy_3th_pre_req_pre"": ""0"", ""buy_4th_pre_bid"": ""-25700"", ""buy_4th_pre_req"": ""150"", ""buy_4th_pre_req_pre"": ""0"", ""buy_5th_pre_bid"": ""-25650"", ""buy_5th_pre_req"": ""201"", ""buy_5th_pre_req_pre"": ""0"", ""buy_6th_pre_bid"": ""-25600"", ""buy_6th_pre_req"": ""295"", ""buy_6th_pre_req_pre"": ""0"", ""buy_7th_pre_bid"": ""-25550"", ""buy_7th_pre_req"": ""422"", ""buy_7th_pre_req_pre"": ""0"", ""buy_8th_pre_bid"": ""-25500"", ""buy_8th_pre_req"": ""992"", ""buy_8th_pre_req_pre"": ""0"", ""buy_9th_pre_bid"": ""-25450"", ""buy_9th_pre_req"": ""67"", ""buy_9th_pre_req_pre"": ""0"", ""buy_10th_pre_bid"": ""-25400"", ""buy_10th_pre_req"": ""676"", ""buy_10th_pre_req_pre"": ""0"", ""tot_sel_req_jub_pre"": ""0"", ""tot_sel_req"": ""4710"", ""tot_buy_req"": ""3947"", ""tot_buy_req_jub_pre"": ""0"", ""ovt_sel_req_pre"": ""0"", ""ovt_sel_req"": ""0"", ""ovt_buy_req"": ""0"", ""ovt_buy_req_pre"": ""0"", ""return_code"": 0, ""return_msg"": ""정상적으로 처리되었습니다""}"
2026-06-10,scan_candidate,483650,,0,main_scan,204500,,204500,204000,204500,204000,-0.4889975550122249,0.24449877750611246,,,,,,"{""bid_req_base_tm"": ""110320"", ""sel_10th_pre_req_pre"": ""0"", ""sel_10th_pre_req"": ""1412"", ""sel_10th_pre_bid"": ""+209000"", ""sel_9th_pre_req_pre"": ""0"", ""sel_9th_pre_req"": ""271"", ""sel_9th_pre_bid"": ""+208500"", ""sel_8th_pre_req_pre"": ""0"", ""sel_8th_pre_req"": ""340"", ""sel_8th_pre_bid"": ""+208000"", ""sel_7th_pre_req_pre"": ""0"", ""sel_7th_pre_req"": ""91"", ""sel_7th_pre_bid"": ""+207500"", ""sel_6th_pre_req_pre"": ""0"", ""sel_6th_pre_req"": ""124"", ""sel_6th_pre_bid"": ""+207000"", ""sel_5th_pre_req_pre"": ""0"", ""sel_5th_pre_req"": ""209"", ""sel_5th_pre_bid"": ""+206500"", ""sel_4th_pre_req_pre"": ""0"", ""sel_4th_pre_req"": ""66"", ""sel_4th_pre_bid"": ""+206000"", ""sel_3th_pre_req_pre"": ""0"", ""sel_3th_pre_req"": ""87"", ""sel_3th_pre_bid"": ""+205500"", ""sel_2th_pre_req_pre"": ""0"", ""sel_2th_pre_req"": ""334"", ""sel_2th_pre_bid"": ""+205000"", ""sel_1th_pre_req_pre"": ""+51"", ""sel_fpr_req"": ""228"", ""sel_fpr_bid"": ""+204500"", ""buy_fpr_bid"": ""+204000"", ""buy_fpr_req"": ""94"", ""buy_1th_pre_req_pre"": ""0"", ""buy_2th_pre_bid"": ""+203500"", ""buy_2th_pre_req"": ""168"", ""buy_2th_pre_req_pre"": ""0"", ""buy_3th_pre_bid"": ""+203000"", ""buy_3th_pre_req"": ""183"", ""buy_3th_pre_req_pre"": ""0"", ""buy_4th_pre_bid"": ""+202500"", ""buy_4th_pre_req"": ""47"", ""buy_4th_pre_req_pre"": ""0"", ""buy_5th_pre_bid"": ""+202000"", ""buy_5th_pre_req"": ""67"", ""buy_5th_pre_req_pre"": ""0"", ""buy_6th_pre_bid"": ""+201500"", ""buy_6th_pre_req"": ""142"", ""buy_6th_pre_req_pre"": ""0"", ""buy_7th_pre_bid"": ""+201000"", ""buy_7th_pre_req"": ""340"", ""buy_7th_pre_req_pre"": ""0"", ""buy_8th_pre_bid"": ""+200500"", ""buy_8th_pre_req"": ""399"", ""buy_8th_pre_req_pre"": ""0"", ""buy_9th_pre_bid"": ""+200000"", ""buy_9th_pre_req"": ""226"", ""buy_9th_pre_req_pre"": ""0"", ""buy_10th_pre_bid"": ""+199900"", ""buy_10th_pre_req"": ""155"", ""buy_10th_pre_req_pre"": ""0"", ""tot_sel_req_jub_pre"": ""+51"", ""tot_sel_req"": ""3162"", ""tot_buy_req"": ""1821"", ""tot_buy_req_jub_pre"": ""0"", ""ovt_sel_req_pre"": ""0"", ""ovt_sel_req"": ""0"", ""ovt_buy_req"": ""0"", ""ovt_buy_req_pre"": ""0"", ""return_code"": 0, ""return_msg"": ""정상적으로 처리되었습니다""}"
2026-06-10,scan_candidate,003690,,0,main_scan,13260,,13260,13220,13260,13250,-0.4524886877828055,0.301659125188537,,,,,,"{""bid_req_base_tm"": ""110321"", ""sel_10th_pre_req_pre"": ""0"", ""sel_10th_pre_req"": ""26"", ""sel_10th_pre_bid"": ""-13350"", ""sel_9th_pre_req_pre"": ""0"", ""sel_9th_pre_req"": ""1"", ""sel_9th_pre_bid"": ""-13340"", ""sel_8th_pre_req_pre"": ""0"", ""sel_8th_pre_req"": ""2"", ""sel_8th_pre_bid"": ""-13330"", ""sel_7th_pre_req_pre"": ""0"", ""sel_7th_pre_req"": ""1"", ""sel_7th_pre_bid"": ""-13320"", ""sel_6th_pre_req_pre"": ""0"", ""sel_6th_pre_req"": ""2"", ""sel_6th_pre_bid"": ""-13310"", ""sel_5th_pre_req_pre"": ""0"", ""sel_5th_pre_req"": ""186"", ""sel_5th_pre_bid"": ""-13300"", ""sel_4th_pre_req_pre"": ""0"", ""sel_4th_pre_req"": ""22"", ""sel_4th_pre_bid"": ""-13290"", ""sel_3th_pre_req_pre"": ""0"", ""sel_3th_pre_req"": ""22"", ""sel_3th_pre_bid"": ""-13280"", ""sel_2th_pre_req_pre"": ""0"", ""sel_2th_pre_req"": ""38"", ""sel_2th_pre_bid"": ""-13270"", ""sel_1th_pre_req_pre"": ""+28"", ""sel_fpr_req"": ""34"", ""sel_fpr_bid"": ""-13260"", ""buy_fpr_bid"": ""-13220"", ""buy_fpr_req"": ""118"", ""buy_1th_pre_req_pre"": ""0"", ""buy_2th_pre_bid"": ""-13210"", ""buy_2th_pre_req"": ""303"", ""buy_2th_pre_req_pre"": ""0"", ""buy_3th_pre_bid"": ""-13200"", ""buy_3th_pre_req"": ""735"", ""buy_3th_pre_req_pre"": ""0"", ""buy_4th_pre_bid"": ""-13190"", ""buy_4th_pre_req"": ""50"", ""buy_4th_pre_req_pre"": ""0"", ""buy_5th_pre_bid"": ""-13180"", ""buy_5th_pre_req"": ""467"", ""buy_5th_pre_req_pre"": ""0"", ""buy_6th_pre_bid"": ""-13170"", ""buy_6th_pre_req"": ""80"", ""buy_6th_pre_req_pre"": ""0"", ""buy_7th_pre_bid"": ""-13160"", ""buy_7th_pre_req"": ""52"", ""buy_7th_pre_req_pre"": ""0"", ""buy_8th_pre_bid"": ""-13150"", ""buy_8th_pre_req"": ""53"", ""buy_8th_pre_req_pre"": ""0"", ""buy_9th_pre_bid"": ""-13140"", ""buy_9th_pre_req"": ""51"", ""buy_9th_pre_req_pre"": ""0"", ""buy_10th_pre_bid"": ""-13130"", ""buy_10th_pre_req"": ""351"", ""buy_10th_pre_req_pre"": ""0"", ""tot_sel_req_jub_pre"": ""+28"", ""tot_sel_req"": ""334"", ""tot_buy_req"": ""2260"", ""tot_buy_req_jub_pre"": ""0"", ""ovt_sel_req_pre"": ""0"", ""ovt_sel_req"": ""0"", ""ovt_buy_req"": ""0"", ""ovt_buy_req_pre"": ""0"", ""return_code"": 0, ""return_msg"": ""정상적으로 처리되었습니다""}"
2026-06-10,scan_candidate,279570,,0,main_scan,6130,,6130,6120,6130,6090,-0.8156606851549755,0.1631321370309951,,,,,,"{""bid_req_base_tm"": ""110323"", ""sel_10th_pre_req_pre"": ""0"", ""sel_10th_pre_req"": ""2336"", ""sel_10th_pre_bid"": ""+6220"", ""sel_9th_pre_req_pre"": ""0"", ""sel_9th_pre_req"": ""9202"", ""sel_9th_pre_bid"": ""+6210"", ""sel_8th_pre_req_pre"": ""0"", ""sel_8th_pre_req"": ""65174"", ""sel_8th_pre_bid"": ""+6200"", ""sel_7th_pre_req_pre"": ""0"", ""sel_7th_pre_req"": ""32196"", ""sel_7th_pre_bid"": ""+6190"", ""sel_6th_pre_req_pre"": ""0"", ""sel_6th_pre_req"": ""10112"", ""sel_6th_pre_bid"": ""+6180"", ""sel_5th_pre_req_pre"": ""0"", ""sel_5th_pre_req"": ""16716"", ""sel_5th_pre_bid"": ""+6170"", ""sel_4th_pre_req_pre"": ""0"", ""sel_4th_pre_req"": ""8254"", ""sel_4th_pre_bid"": ""+6160"", ""sel_3th_pre_req_pre"": ""0"", ""sel_3th_pre_req"": ""29636"", ""sel_3th_pre_bid"": ""+6150"", ""sel_2th_pre_req_pre"": ""0"", ""sel_2th_pre_req"": ""18404"", ""sel_2th_pre_bid"": ""+6140"", ""sel_1th_pre_req_pre"": ""0"", ""sel_fpr_req"": ""6373"", ""sel_fpr_bid"": ""+6130"", ""buy_fpr_bid"": ""+6120"", ""buy_fpr_req"": ""10600"", ""buy_1th_pre_req_pre"": ""+39"", ""buy_2th_pre_bid"": ""+6110"", ""buy_2th_pre_req"": ""2867"", ""buy_2th_pre_req_pre"": ""0"", ""buy_3th_pre_bid"": ""+6100"", ""buy_3th_pre_req"": ""3153"", ""buy_3th_pre_req_pre"": ""0"", ""buy_4th_pre_bid"": ""+6090"", ""buy_4th_pre_req"": ""5055"", ""buy_4th_pre_req_pre"": ""0"", ""buy_5th_pre_bid"": ""+6080"", ""buy_5th_pre_req"": ""4656"", ""buy_5th_pre_req_pre"": ""0"", ""buy_6th_pre_bid"": ""+6070"", ""buy_6th_pre_req"": ""3261"", ""buy_6th_pre_req_pre"": ""0"", ""buy_7th_pre_bid"": ""+6060"", ""buy_7th_pre_req"": ""3797"", ""buy_7th_pre_req_pre"": ""0"", ""buy_8th_pre_bid"": ""+6050"", ""buy_8th_pre_req"": ""9481"", ""buy_8th_pre_req_pre"": ""0"", ""buy_9th_pre_bid"": ""+6040"", ""buy_9th_pre_req"": ""4563"", ""buy_9th_pre_req_pre"": ""0"", ""buy_10th_pre_bid"": ""+6030"", ""buy_10th_pre_req"": ""4624"", ""buy_10th_pre_req_pre"": ""0"", ""tot_sel_req_jub_pre"": ""0"", ""tot_sel_req"": ""198403"", ""tot_buy_req"": ""52057"", ""tot_buy_req_jub_pre"": ""+39"", ""ovt_sel_req_pre"": ""0"", ""ovt_sel_req"": ""0"", ""ovt_buy_req"": ""0"", ""ovt_buy_req_pre"": ""0"", ""return_code"": 0, ""return_msg"": ""정상적으로 처리되었습니다""}"
2026-06-10,scan_candidate,439260,,0,main_scan,61700,,61700,61600,61700,61400,-0.6482982171799028,0.1620745542949757,,,,,,"{""bid_req_base_tm"": ""110321"", ""sel_10th_pre_req_pre"": ""0"", ""sel_10th_pre_req"": ""2"", ""sel_10th_pre_bid"": ""+62600"", ""sel_9th_pre_req_pre"": ""0"", ""sel_9th_pre_req"": ""50"", ""sel_9th_pre_bid"": ""+62500"", ""sel_8th_pre_req_pre"": ""0"", ""sel_8th_pre_req"": ""8"", ""sel_8th_pre_bid"": ""+62400"", ""sel_7th_pre_req_pre"": ""0"", ""sel_7th_pre_req"": ""240"", ""sel_7th_pre_bid"": ""+62300"", ""sel_6th_pre_req_pre"": ""0"", ""sel_6th_pre_req"": ""867"", ""sel_6th_pre_bid"": ""+62200"", ""sel_5th_pre_req_pre"": ""0"", ""sel_5th_pre_req"": ""260"", ""sel_5th_pre_bid"": ""+62100"", ""sel_4th_pre_req_pre"": ""0"", ""sel_4th_pre_req"": ""1477"", ""sel_4th_pre_bid"": ""+62000"", ""sel_3th_pre_req_pre"": ""0"", ""sel_3th_pre_req"": ""435"", ""sel_3th_pre_bid"": ""+61900"", ""sel_2th_pre_req_pre"": ""0"", ""sel_2th_pre_req"": ""144"", ""sel_2th_pre_bid"": ""+61800"", ""sel_1th_pre_req_pre"": ""0"", ""sel_fpr_req"": ""96"", ""sel_fpr_bid"": ""+61700"", ""buy_fpr_bid"": ""+61600"", ""buy_fpr_req"": ""1"", ""buy_1th_pre_req_pre"": ""0"", ""buy_2th_pre_bid"": ""+61500"", ""buy_2th_pre_req"": ""655"", ""buy_2th_pre_req_pre"": ""0"", ""buy_3th_pre_bid"": ""+61400"", ""buy_3th_pre_req"": ""74"", ""buy_3th_pre_req_pre"": ""0"", ""buy_4th_pre_bid"": ""+61300"", ""buy_4th_pre_req"": ""108"", ""buy_4th_pre_req_pre"": ""0"", ""buy_5th_pre_bid"": ""+61200"", ""buy_5th_pre_req"": ""206"", ""buy_5th_pre_req_pre"": ""0"", ""buy_6th_pre_bid"": ""+61100"", ""buy_6th_pre_req"": ""313"", ""buy_6th_pre_req_pre"": ""0"", ""buy_7th_pre_bid"": ""+61000"", ""buy_7th_pre_req"": ""781"", ""buy_7th_pre_req_pre"": ""0"", ""buy_8th_pre_bid"": ""60900"", ""buy_8th_pre_req"": ""336"", ""buy_8th_pre_req_pre"": ""0"", ""buy_9th_pre_bid"": ""-60800"", ""buy_9th_pre_req"": ""516"", ""buy_9th_pre_req_pre"": ""0"", ""buy_10th_pre_bid"": ""-60700"", ""buy_10th_pre_req"": ""225"", ""buy_10th_pre_req_pre"": ""0"", ""tot_sel_req_jub_pre"": ""0"", ""tot_sel_req"": ""3579"", ""tot_buy_req"": ""3215"", ""tot_buy_req_jub_pre"": ""--235"", ""ovt_sel_req_pre"": ""0"", ""ovt_sel_req"": ""0"", ""ovt_buy_req"": ""0"", ""ovt_buy_req_pre"": ""0"", ""return_code"": 0, ""return_msg"": ""정상적으로 처리되었습니다""}"
2026-06-10,scan_candidate,008770,,0,main_scan,55300,,55300,55200,55300,55100,-0.5424954792043399,0.18083182640144665,,,,,,"{""bid_req_base_tm"": ""110324"", ""sel_10th_pre_req_pre"": ""0"", ""sel_10th_pre_req"": ""126"", ""sel_10th_pre_bid"": ""+56200"", ""sel_9th_pre_req_pre"": ""0"", ""sel_9th_pre_req"": ""246"", ""sel_9th_pre_bid"": ""+56100"", ""sel_8th_pre_req_pre"": ""0"", ""sel_8th_pre_req"": ""126"", ""sel_8th_pre_bid"": ""+56000"", ""sel_7th_pre_req_pre"": ""0"", ""sel_7th_pre_req"": ""888"", ""sel_7th_pre_bid"": ""+55900"", ""sel_6th_pre_req_pre"": ""0"", ""sel_6th_pre_req"": ""577"", ""sel_6th_pre_bid"": ""+55800"", ""sel_5th_pre_req_pre"": ""0"", ""sel_5th_pre_req"": ""99"", ""sel_5th_pre_bid"": ""+55700"", ""sel_4th_pre_req_pre"": ""0"", ""sel_4th_pre_req"": ""239"", ""sel_4th_pre_bid"": ""+55600"", ""sel_3th_pre_req_pre"": ""0"", ""sel_3th_pre_req"": ""443"", ""sel_3th_pre_bid"": ""+55500"", ""sel_2th_pre_req_pre"": ""--9"", ""sel_2th_pre_req"": ""127"", ""sel_2th_pre_bid"": ""+55400"", ""sel_1th_pre_req_pre"": ""+14"", ""sel_fpr_req"": ""222"", ""sel_fpr_bid"": ""+55300"", ""buy_fpr_bid"": ""55200"", ""buy_fpr_req"": ""89"", ""buy_1th_pre_req_pre"": ""0"", ""buy_2th_pre_bid"": ""-55100"", ""buy_2th_pre_req"": ""15"", ""buy_2th_pre_req_pre"": ""0"", ""buy_3th_pre_bid"": ""-55000"", ""buy_3th_pre_req"": ""180"", ""buy_3th_pre_req_pre"": ""0"", ""buy_4th_pre_bid"": ""-54900"", ""buy_4th_pre_req"": ""58"", ""buy_4th_pre_req_pre"": ""0"", ""buy_5th_pre_bid"": ""-54800"", ""buy_5th_pre_req"": ""760"", ""buy_5th_pre_req_pre"": ""0"", ""buy_6th_pre_bid"": ""-54700"", ""buy_6th_pre_req"": ""470"", ""buy_6th_pre_req_pre"": ""0"", ""buy_7th_pre_bid"": ""-54600"", ""buy_7th_pre_req"": ""30"", ""buy_7th_pre_req_pre"": ""0"", ""buy_8th_pre_bid"": ""-54500"", ""buy_8th_pre_req"": ""10"", ""buy_8th_pre_req_pre"": ""0"", ""buy_9th_pre_bid"": ""-54400"", ""buy_9th_pre_req"": ""50"", ""buy_9th_pre_req_pre"": ""0"", ""buy_10th_pre_bid"": ""-54300"", ""buy_10th_pre_req"": ""305"", ""buy_10th_pre_req_pre"": ""0"", ""tot_sel_req_jub_pre"": ""+5"", ""tot_sel_req"": ""3093"", ""tot_buy_req"": ""1967"", ""tot_buy_req_jub_pre"": ""0"", ""ovt_sel_req_pre"": ""0"", ""ovt_sel_req"": ""0"", ""ovt_buy_req"": ""0"", ""ovt_buy_req_pre"": ""0"", ""return_code"": 0, ""return_msg"": ""정상적으로 처리되었습니다""}"
2026-06-10,scan_candidate,081660,,0,main_scan,40400,,40400,40350,40400,40400,-0.12376237623762376,0.12376237623762376,,,,,,"{""bid_req_base_tm"": ""110323"", ""sel_10th_pre_req_pre"": ""0"", ""sel_10th_pre_req"": ""166"", ""sel_10th_pre_bid"": ""+40900"", ""sel_9th_pre_req_pre"": ""0"", ""sel_9th_pre_req"": ""136"", ""sel_9th_pre_bid"": ""+40800"", ""sel_8th_pre_req_pre"": ""0"", ""sel_8th_pre_req"": ""13"", ""sel_8th_pre_bid"": ""+40750"", ""sel_7th_pre_req_pre"": ""0"", ""sel_7th_pre_req"": ""70"", ""sel_7th_pre_bid"": ""+40700"", ""sel_6th_pre_req_pre"": ""0"", ""sel_6th_pre_req"": ""50"", ""sel_6th_pre_bid"": ""+40650"", ""sel_5th_pre_req_pre"": ""0"", ""sel_5th_pre_req"": ""70"", ""sel_5th_pre_bid"": ""+40600"", ""sel_4th_pre_req_pre"": ""0"", ""sel_4th_pre_req"": ""1"", ""sel_4th_pre_bid"": ""+40550"", ""sel_3th_pre_req_pre"": ""0"", ""sel_3th_pre_req"": ""227"", ""sel_3th_pre_bid"": ""+40500"", ""sel_2th_pre_req_pre"": ""0"", ""sel_2th_pre_req"": ""567"", ""sel_2th_pre_bid"": ""+40450"", ""sel_1th_pre_req_pre"": ""0"", ""sel_fpr_req"": ""390"", ""sel_fpr_bid"": ""+40400"", ""buy_fpr_bid"": ""+40350"", ""buy_fpr_req"": ""475"", ""buy_1th_pre_req_pre"": ""0"", ""buy_2th_pre_bid"": ""+40250"", ""buy_2th_pre_req"": ""50"", ""buy_2th_pre_req_pre"": ""0"", ""buy_3th_pre_bid"": ""+40200"", ""buy_3th_pre_req"": ""113"", ""buy_3th_pre_req_pre"": ""0"", ""buy_4th_pre_bid"": ""+40100"", ""buy_4th_pre_req"": ""174"", ""buy_4th_pre_req_pre"": ""+24"", ""buy_5th_pre_bid"": ""+40050"", ""buy_5th_pre_req"": ""291"", ""buy_5th_pre_req_pre"": ""0"", ""buy_6th_pre_bid"": ""+40000"", ""buy_6th_pre_req"": ""509"", ""buy_6th_pre_req_pre"": ""0"", ""buy_7th_pre_bid"": ""+39950"", ""buy_7th_pre_req"": ""500"", ""buy_7th_pre_req_pre"": ""0"", ""buy_8th_pre_bid"": ""+39900"", ""buy_8th_pre_req"": ""2"", ""buy_8th_pre_req_pre"": ""0"", ""buy_9th_pre_bid"": ""+39850"", ""buy_9th_pre_req"": ""1"", ""buy_9th_pre_req_pre"": ""0"", ""buy_10th_pre_bid"": ""+39800"", ""buy_10th_pre_req"": ""5"", ""buy_10th_pre_req_pre"": ""0"", ""tot_sel_req_jub_pre"": ""0"", ""tot_sel_req"": ""1690"", ""tot_buy_req"": ""2120"", ""tot_buy_req_jub_pre"": ""+24"", ""ovt_sel_req_pre"": ""0"", ""ovt_sel_req"": ""0"", ""ovt_buy_req"": ""0"", ""ovt_buy_req_pre"": ""0"", ""return_code"": 0, ""return_msg"": ""정상적으로 처리되었습니다""}"
2026-06-10,scan_candidate,462870,,0,main_scan,31600,,31600,31550,31600,31500,-0.4746835443037975,0.15822784810126583,,,,,,"{""bid_req_base_tm"": ""110324"", ""sel_10th_pre_req_pre"": ""0"", ""sel_10th_pre_req"": ""76"", ""sel_10th_pre_bid"": ""-32050"", ""sel_9th_pre_req_pre"": ""0"", ""sel_9th_pre_req"": ""156"", ""sel_9th_pre_bid"": ""-32000"", ""sel_8th_pre_req_pre"": ""0"", ""sel_8th_pre_req"": ""840"", ""sel_8th_pre_bid"": ""-31950"", ""sel_7th_pre_req_pre"": ""0"", ""sel_7th_pre_req"": ""31"", ""sel_7th_pre_bid"": ""-31900"", ""sel_6th_pre_req_pre"": ""0"", ""sel_6th_pre_req"": ""18"", ""sel_6th_pre_bid"": ""-31850"", ""sel_5th_pre_req_pre"": ""0"", ""sel_5th_pre_req"": ""44"", ""sel_5th_pre_bid"": ""-31800"", ""sel_4th_pre_req_pre"": ""0"", ""sel_4th_pre_req"": ""59"", ""sel_4th_pre_bid"": ""-31750"", ""sel_3th_pre_req_pre"": ""0"", ""sel_3th_pre_req"": ""46"", ""sel_3th_pre_bid"": ""-31700"", ""sel_2th_pre_req_pre"": ""0"", ""sel_2th_pre_req"": ""138"", ""sel_2th_pre_bid"": ""-31650"", ""sel_1th_pre_req_pre"": ""--2"", ""sel_fpr_req"": ""38"", ""sel_fpr_bid"": ""-31600"", ""buy_fpr_bid"": ""-31550"", ""buy_fpr_req"": ""3"", ""buy_1th_pre_req_pre"": ""0"", ""buy_2th_pre_bid"": ""-31500"", ""buy_2th_pre_req"": ""29"", ""buy_2th_pre_req_pre"": ""0"", ""buy_3th_pre_bid"": ""-31450"", ""buy_3th_pre_req"": ""15"", ""buy_3th_pre_req_pre"": ""0"", ""buy_4th_pre_bid"": ""-31400"", ""buy_4th_pre_req"": ""51"", ""buy_4th_pre_req_pre"": ""0"", ""buy_5th_pre_bid"": ""-31350"", ""buy_5th_pre_req"": ""42"", ""buy_5th_pre_req_pre"": ""0"", ""buy_6th_pre_bid"": ""-31300"", ""buy_6th_pre_req"": ""45"", ""buy_6th_pre_req_pre"": ""0"", ""buy_7th_pre_bid"": ""-31250"", ""buy_7th_pre_req"": ""26"", ""buy_7th_pre_req_pre"": ""0"", ""buy_8th_pre_bid"": ""-31200"", ""buy_8th_pre_req"": ""68"", ""buy_8th_pre_req_pre"": ""0"", ""buy_9th_pre_bid"": ""-31150"", ""buy_9th_pre_req"": ""184"", ""buy_9th_pre_req_pre"": ""0"", ""buy_10th_pre_bid"": ""-31100"", ""buy_10th_pre_req"": ""37"", ""buy_10th_pre_req_pre"": ""0"", ""tot_sel_req_jub_pre"": ""--2"", ""tot_sel_req"": ""1446"", ""tot_buy_req"": ""500"", ""tot_buy_req_jub_pre"": ""0"", ""ovt_sel_req_pre"": ""0"", ""ovt_sel_req"": ""0"", ""ovt_buy_req"": ""0"", ""ovt_buy_req_pre"": ""0"", ""return_code"": 0, ""return_msg"": ""정상적으로 처리되었습니다""}"
2026-06-10,scan_candidate,120110,,0,main_scan,70800,,70800,70500,70800,71000,0.14124293785310735,0.423728813559322,,,,,,"{""bid_req_base_tm"": ""110325"", ""sel_10th_pre_req_pre"": ""0"", ""sel_10th_pre_req"": ""96"", ""sel_10th_pre_bid"": ""+71700"", ""sel_9th_pre_req_pre"": ""0"", ""sel_9th_pre_req"": ""4"", ""sel_9th_pre_bid"": ""+71600"", ""sel_8th_pre_req_pre"": ""0"", ""sel_8th_pre_req"": ""5"", ""sel_8th_pre_bid"": ""+71500"", ""sel_7th_pre_req_pre"": ""0"", ""sel_7th_pre_req"": ""27"", ""sel_7th_pre_bid"": ""+71400"", ""sel_6th_pre_req_pre"": ""0"", ""sel_6th_pre_req"": ""13"", ""sel_6th_pre_bid"": ""+71300"", ""sel_5th_pre_req_pre"": ""0"", ""sel_5th_pre_req"": ""4"", ""sel_5th_pre_bid"": ""+71200"", ""sel_4th_pre_req_pre"": ""--100"", ""sel_4th_pre_req"": ""23"", ""sel_4th_pre_bid"": ""+71100"", ""sel_3th_pre_req_pre"": ""0"", ""sel_3th_pre_req"": ""21"", ""sel_3th_pre_bid"": ""+71000"", ""sel_2th_pre_req_pre"": ""0"", ""sel_2th_pre_req"": ""78"", ""sel_2th_pre_bid"": ""+70900"", ""sel_1th_pre_req_pre"": ""+100"", ""sel_fpr_req"": ""259"", ""sel_fpr_bid"": ""+70800"", ""buy_fpr_bid"": ""+70500"", ""buy_fpr_req"": ""17"", ""buy_1th_pre_req_pre"": ""--8"", ""buy_2th_pre_bid"": ""+70400"", ""buy_2th_pre_req"": ""1145"", ""buy_2th_pre_req_pre"": ""0"", ""buy_3th_pre_bid"": ""+70300"", ""buy_3th_pre_req"": ""133"", ""buy_3th_pre_req_pre"": ""0"", ""buy_4th_pre_bid"": ""+70200"", ""buy_4th_pre_req"": ""225"", ""buy_4th_pre_req_pre"": ""0"", ""buy_5th_pre_bid"": ""+70100"", ""buy_5th_pre_req"": ""100"", ""buy_5th_pre_req_pre"": ""0"", ""buy_6th_pre_bid"": ""+70000"", ""buy_6th_pre_req"": ""379"", ""buy_6th_pre_req_pre"": ""0"", ""buy_7th_pre_bid"": ""+69900"", ""buy_7th_pre_req"": ""114"", ""buy_7th_pre_req_pre"": ""0"", ""buy_8th_pre_bid"": ""+69800"", ""buy_8th_pre_req"": ""21"", ""buy_8th_pre_req_pre"": ""0"", ""buy_9th_pre_bid"": ""+69700"", ""buy_9th_pre_req"": ""15"", ""buy_9th_pre_req_pre"": ""0"", ""buy_10th_pre_bid"": ""+69600"", ""buy_10th_pre_req"": ""23"", ""buy_10th_pre_req_pre"": ""0"", ""tot_sel_req_jub_pre"": ""0"", ""tot_sel_req"": ""530"", ""tot_buy_req"": ""2172"", ""tot_buy_req_jub_pre"": ""--8"", ""ovt_sel_req_pre"": ""0"", ""ovt_sel_req"": ""0"", ""ovt_buy_req"": ""0"", ""ovt_buy_req_pre"": ""0"", ""return_code"": 0, ""return_msg"": ""정상적으로 처리되었습니다""}"
2026-06-10,scan_candidate,009155,,0,main_scan,608000,,608000,604000,608000,609000,0.0,0.6578947368421052,,,,,,"{""bid_req_base_tm"": ""110323"", ""sel_10th_pre_req_pre"": ""0"", ""sel_10th_pre_req"": ""38"", ""sel_10th_pre_bid"": ""-617000"", ""sel_9th_pre_req_pre"": ""0"", ""sel_9th_pre_req"": ""9"", ""sel_9th_pre_bid"": ""-616000"", ""sel_8th_pre_req_pre"": ""0"", ""sel_8th_pre_req"": ""12"", ""sel_8th_pre_bid"": ""-615000"", ""sel_7th_pre_req_pre"": ""0"", ""sel_7th_pre_req"": ""41"", ""sel_7th_pre_bid"": ""-614000"", ""sel_6th_pre_req_pre"": ""0"", ""sel_6th_pre_req"": ""54"", ""sel_6th_pre_bid"": ""-613000"", ""sel_5th_pre_req_pre"": ""0"", ""sel_5th_pre_req"": ""15"", ""sel_5th_pre_bid"": ""-612000"", ""sel_4th_pre_req_pre"": ""0"", ""sel_4th_pre_req"": ""58"", ""sel_4th_pre_bid"": ""-611000"", ""sel_3th_pre_req_pre"": ""0"", ""sel_3th_pre_req"": ""11"", ""sel_3th_pre_bid"": ""-610000"", ""sel_2th_pre_req_pre"": ""0"", ""sel_2th_pre_req"": ""51"", ""sel_2th_pre_bid"": ""-609000"", ""sel_1th_pre_req_pre"": ""0"", ""sel_fpr_req"": ""13"", ""sel_fpr_bid"": ""-608000"", ""buy_fpr_bid"": ""-604000"", ""buy_fpr_req"": ""83"", ""buy_1th_pre_req_pre"": ""--3"", ""buy_2th_pre_bid"": ""-603000"", ""buy_2th_pre_req"": ""129"", ""buy_2th_pre_req_pre"": ""0"", ""buy_3th_pre_bid"": ""-602000"", ""buy_3th_pre_req"": ""217"", ""buy_3th_pre_req_pre"": ""0"", ""buy_4th_pre_bid"": ""-601000"", ""buy_4th_pre_req"": ""126"", ""buy_4th_pre_req_pre"": ""0"", ""buy_5th_pre_bid"": ""-600000"", ""buy_5th_pre_req"": ""459"", ""buy_5th_pre_req_pre"": ""0"", ""buy_6th_pre_bid"": ""-599000"", ""buy_6th_pre_req"": ""246"", ""buy_6th_pre_req_pre"": ""0"", ""buy_7th_pre_bid"": ""-598000"", ""buy_7th_pre_req"": ""87"", ""buy_7th_pre_req_pre"": ""0"", ""buy_8th_pre_bid"": ""-597000"", ""buy_8th_pre_req"": ""131"", ""buy_8th_pre_req_pre"": ""0"", ""buy_9th_pre_bid"": ""-596000"", ""buy_9th_pre_req"": ""51"", ""buy_9th_pre_req_pre"": ""0"", ""buy_10th_pre_bid"": ""-595000"", ""buy_10th_pre_req"": ""254"", ""buy_10th_pre_req_pre"": ""0"", ""tot_sel_req_jub_pre"": ""0"", ""tot_sel_req"": ""302"", ""tot_buy_req"": ""1783"", ""tot_buy_req_jub_pre"": ""+250"", ""ovt_sel_req_pre"": ""0"", ""ovt_sel_req"": ""0"", ""ovt_buy_req"": ""0"", ""ovt_buy_req_pre"": ""0"", ""return_code"": 0, ""return_msg"": ""정상적으로 처리되었습니다""}"
2026-06-10,scan_candidate,017960,,0,main_scan,31450,,31450,31350,31450,31400,-0.3179650238473768,0.3179650238473768,,,,,,"{""bid_req_base_tm"": ""110325"", ""sel_10th_pre_req_pre"": ""0"", ""sel_10th_pre_req"": ""186"", ""sel_10th_pre_bid"": ""+31950"", ""sel_9th_pre_req_pre"": ""0"", ""sel_9th_pre_req"": ""1093"", ""sel_9th_pre_bid"": ""+31900"", ""sel_8th_pre_req_pre"": ""0"", ""sel_8th_pre_req"": ""277"", ""sel_8th_pre_bid"": ""+31850"", ""sel_7th_pre_req_pre"": ""0"", ""sel_7th_pre_req"": ""274"", ""sel_7th_pre_bid"": ""+31800"", ""sel_6th_pre_req_pre"": ""0"", ""sel_6th_pre_req"": ""2"", ""sel_6th_pre_bid"": ""+31750"", ""sel_5th_pre_req_pre"": ""0"", ""sel_5th_pre_req"": ""169"", ""sel_5th_pre_bid"": ""+31700"", ""sel_4th_pre_req_pre"": ""0"", ""sel_4th_pre_req"": ""102"", ""sel_4th_pre_bid"": ""+31650"", ""sel_3th_pre_req_pre"": ""0"", ""sel_3th_pre_req"": ""393"", ""sel_3th_pre_bid"": ""+31600"", ""sel_2th_pre_req_pre"": ""0"", ""sel_2th_pre_req"": ""301"", ""sel_2th_pre_bid"": ""+31500"", ""sel_1th_pre_req_pre"": ""0"", ""sel_fpr_req"": ""33"", ""sel_fpr_bid"": ""+31450"", ""buy_fpr_bid"": ""+31350"", ""buy_fpr_req"": ""499"", ""buy_1th_pre_req_pre"": ""0"", ""buy_2th_pre_bid"": ""+31300"", ""buy_2th_pre_req"": ""312"", ""buy_2th_pre_req_pre"": ""0"", ""buy_3th_pre_bid"": ""+31250"", ""buy_3th_pre_req"": ""336"", ""buy_3th_pre_req_pre"": ""0"", ""buy_4th_pre_bid"": ""+31200"", ""buy_4th_pre_req"": ""308"", ""buy_4th_pre_req_pre"": ""+10"", ""buy_5th_pre_bid"": ""+31150"", ""buy_5th_pre_req"": ""78"", ""buy_5th_pre_req_pre"": ""0"", ""buy_6th_pre_bid"": ""+31100"", ""buy_6th_pre_req"": ""200"", ""buy_6th_pre_req_pre"": ""0"", ""buy_7th_pre_bid"": ""+31050"", ""buy_7th_pre_req"": ""445"", ""buy_7th_pre_req_pre"": ""+5"", ""buy_8th_pre_bid"": ""+31000"", ""buy_8th_pre_req"": ""416"", ""buy_8th_pre_req_pre"": ""0"", ""buy_9th_pre_bid"": ""+30950"", ""buy_9th_pre_req"": ""18"", ""buy_9th_pre_req_pre"": ""0"", ""buy_10th_pre_bid"": ""+30900"", ""buy_10th_pre_req"": ""236"", ""buy_10th_pre_req_pre"": ""0"", ""tot_sel_req_jub_pre"": ""0"", ""tot_sel_req"": ""2830"", ""tot_buy_req"": ""2848"", ""tot_buy_req_jub_pre"": ""+15"", ""ovt_sel_req_pre"": ""0"", ""ovt_sel_req"": ""0"", ""ovt_buy_req"": ""0"", ""ovt_buy_req_pre"": ""0"", ""return_code"": 0, ""return_msg"": ""정상적으로 처리되었습니다""}"
2026-06-10,scan_candidate,192080,,0,main_scan,71400,,71400,71300,71400,71600,0.1400560224089636,0.1400560224089636,,,,,,"{""bid_req_base_tm"": ""110324"", ""sel_10th_pre_req_pre"": ""0"", ""sel_10th_pre_req"": ""182"", ""sel_10th_pre_bid"": ""+72600"", ""sel_9th_pre_req_pre"": ""0"", ""sel_9th_pre_req"": ""161"", ""sel_9th_pre_bid"": ""+72500"", ""sel_8th_pre_req_pre"": ""0"", ""sel_8th_pre_req"": ""128"", ""sel_8th_pre_bid"": ""+72400"", ""sel_7th_pre_req_pre"": ""0"", ""sel_7th_pre_req"": ""10"", ""sel_7th_pre_bid"": ""+72300"", ""sel_6th_pre_req_pre"": ""0"", ""sel_6th_pre_req"": ""10"", ""sel_6th_pre_bid"": ""+72200"", ""sel_5th_pre_req_pre"": ""0"", ""sel_5th_pre_req"": ""6"", ""sel_5th_pre_bid"": ""+72100"", ""sel_4th_pre_req_pre"": ""0"", ""sel_4th_pre_req"": ""5"", ""sel_4th_pre_bid"": ""72000"", ""sel_3th_pre_req_pre"": ""0"", ""sel_3th_pre_req"": ""33"", ""sel_3th_pre_bid"": ""-71800"", ""sel_2th_pre_req_pre"": ""0"", ""sel_2th_pre_req"": ""37"", ""sel_2th_pre_bid"": ""-71600"", ""sel_1th_pre_req_pre"": ""--6"", ""sel_fpr_req"": ""15"", ""sel_fpr_bid"": ""-71400"", ""buy_fpr_bid"": ""-71300"", ""buy_fpr_req"": ""121"", ""buy_1th_pre_req_pre"": ""0"", ""buy_2th_pre_bid"": ""-71200"", ""buy_2th_pre_req"": ""44"", ""buy_2th_pre_req_pre"": ""0"", ""buy_3th_pre_bid"": ""-71100"", ""buy_3th_pre_req"": ""1"", ""buy_3th_pre_req_pre"": ""0"", ""buy_4th_pre_bid"": ""-71000"", ""buy_4th_pre_req"": ""67"", ""buy_4th_pre_req_pre"": ""0"", ""buy_5th_pre_bid"": ""-70900"", ""buy_5th_pre_req"": ""151"", ""buy_5th_pre_req_pre"": ""0"", ""buy_6th_pre_bid"": ""-70800"", ""buy_6th_pre_req"": ""83"", ""buy_6th_pre_req_pre"": ""0"", ""buy_7th_pre_bid"": ""-70700"", ""buy_7th_pre_req"": ""110"", ""buy_7th_pre_req_pre"": ""0"", ""buy_8th_pre_bid"": ""-70600"", ""buy_8th_pre_req"": ""100"", ""buy_8th_pre_req_pre"": ""0"", ""buy_9th_pre_bid"": ""-70500"", ""buy_9th_pre_req"": ""181"", ""buy_9th_pre_req_pre"": ""0"", ""buy_10th_pre_bid"": ""-70400"", ""buy_10th_pre_req"": ""182"", ""buy_10th_pre_req_pre"": ""0"", ""tot_sel_req_jub_pre"": ""--6"", ""tot_sel_req"": ""587"", ""tot_buy_req"": ""1040"", ""tot_buy_req_jub_pre"": ""0"", ""ovt_sel_req_pre"": ""0"", ""ovt_sel_req"": ""0"", ""ovt_buy_req"": ""0"", ""ovt_buy_req_pre"": ""0"", ""return_code"": 0, ""return_msg"": ""정상적으로 처리되었습니다""}"
2026-06-10,scan_candidate,093370,,0,main_scan,15880,,15880,15870,15880,15900,-0.1889168765743073,0.06297229219143577,,,,,,"{""bid_req_base_tm"": ""110325"", ""sel_10th_pre_req_pre"": ""0"", ""sel_10th_pre_req"": ""616"", ""sel_10th_pre_bid"": ""+15970"", ""sel_9th_pre_req_pre"": ""0"", ""sel_9th_pre_req"": ""702"", ""sel_9th_pre_bid"": ""+15960"", ""sel_8th_pre_req_pre"": ""0"", ""sel_8th_pre_req"": ""1779"", ""sel_8th_pre_bid"": ""+15950"", ""sel_7th_pre_req_pre"": ""0"", ""sel_7th_pre_req"": ""398"", ""sel_7th_pre_bid"": ""+15940"", ""sel_6th_pre_req_pre"": ""0"", ""sel_6th_pre_req"": ""1985"", ""sel_6th_pre_bid"": ""+15930"", ""sel_5th_pre_req_pre"": ""0"", ""sel_5th_pre_req"": ""967"", ""sel_5th_pre_bid"": ""+15920"", ""sel_4th_pre_req_pre"": ""0"", ""sel_4th_pre_req"": ""66"", ""sel_4th_pre_bid"": ""+15910"", ""sel_3th_pre_req_pre"": ""0"", ""sel_3th_pre_req"": ""402"", ""sel_3th_pre_bid"": ""+15900"", ""sel_2th_pre_req_pre"": ""0"", ""sel_2th_pre_req"": ""557"", ""sel_2th_pre_bid"": ""+15890"", ""sel_1th_pre_req_pre"": ""0"", ""sel_fpr_req"": ""204"", ""sel_fpr_bid"": ""+15880"", ""buy_fpr_bid"": ""+15870"", ""buy_fpr_req"": ""279"", ""buy_1th_pre_req_pre"": ""--1"", ""buy_2th_pre_bid"": ""+15860"", ""buy_2th_pre_req"": ""2477"", ""buy_2th_pre_req_pre"": ""0"", ""buy_3th_pre_bid"": ""+15850"", ""buy_3th_pre_req"": ""1311"", ""buy_3th_pre_req_pre"": ""0"", ""buy_4th_pre_bid"": ""+15840"", ""buy_4th_pre_req"": ""30884"", ""buy_4th_pre_req_pre"": ""0"", ""buy_5th_pre_bid"": ""+15830"", ""buy_5th_pre_req"": ""2313"", ""buy_5th_pre_req_pre"": ""0"", ""buy_6th_pre_bid"": ""+15820"", ""buy_6th_pre_req"": ""3443"", ""buy_6th_pre_req_pre"": ""0"", ""buy_7th_pre_bid"": ""+15810"", ""buy_7th_pre_req"": ""7323"", ""buy_7th_pre_req_pre"": ""0"", ""buy_8th_pre_bid"": ""+15800"", ""buy_8th_pre_req"": ""13348"", ""buy_8th_pre_req_pre"": ""0"", ""buy_9th_pre_bid"": ""+15790"", ""buy_9th_pre_req"": ""2471"", ""buy_9th_pre_req_pre"": ""0"", ""buy_10th_pre_bid"": ""+15780"", ""buy_10th_pre_req"": ""5920"", ""buy_10th_pre_req_pre"": ""0"", ""tot_sel_req_jub_pre"": ""0"", ""tot_sel_req"": ""7676"", ""tot_buy_req"": ""69769"", ""tot_buy_req_jub_pre"": ""--1"", ""ovt_sel_req_pre"": ""0"", ""ovt_sel_req"": ""0"", ""ovt_buy_req"": ""0"", ""ovt_buy_req_pre"": ""0"", ""return_code"": 0, ""return_msg"": ""정상적으로 처리되었습니다""}"
2026-06-10,scan_candidate,066575,,0,main_scan,78900,,78900,78800,78900,79100,0.12674271229404308,0.12674271229404308,,,,,,"{""bid_req_base_tm"": ""110325"", ""sel_10th_pre_req_pre"": ""0"", ""sel_10th_pre_req"": ""223"", ""sel_10th_pre_bid"": ""-80200"", ""sel_9th_pre_req_pre"": ""0"", ""sel_9th_pre_req"": ""105"", ""sel_9th_pre_bid"": ""-80100"", ""sel_8th_pre_req_pre"": ""0"", ""sel_8th_pre_req"": ""1150"", ""sel_8th_pre_bid"": ""-80000"", ""sel_7th_pre_req_pre"": ""0"", ""sel_7th_pre_req"": ""259"", ""sel_7th_pre_bid"": ""-79900"", ""sel_6th_pre_req_pre"": ""0"", ""sel_6th_pre_req"": ""62"", ""sel_6th_pre_bid"": ""-79800"", ""sel_5th_pre_req_pre"": ""0"", ""sel_5th_pre_req"": ""4"", ""sel_5th_pre_bid"": ""-79600"", ""sel_4th_pre_req_pre"": ""0"", ""sel_4th_pre_req"": ""5"", ""sel_4th_pre_bid"": ""-79500"", ""sel_3th_pre_req_pre"": ""0"", ""sel_3th_pre_req"": ""15"", ""sel_3th_pre_bid"": ""-79400"", ""sel_2th_pre_req_pre"": ""0"", ""sel_2th_pre_req"": ""57"", ""sel_2th_pre_bid"": ""-79000"", ""sel_1th_pre_req_pre"": ""--6"", ""sel_fpr_req"": ""187"", ""sel_fpr_bid"": ""-78900"", ""buy_fpr_bid"": ""-78800"", ""buy_fpr_req"": ""395"", ""buy_1th_pre_req_pre"": ""0"", ""buy_2th_pre_bid"": ""-78700"", ""buy_2th_pre_req"": ""239"", ""buy_2th_pre_req_pre"": ""0"", ""buy_3th_pre_bid"": ""-78600"", ""buy_3th_pre_req"": ""273"", ""buy_3th_pre_req_pre"": ""--1"", ""buy_4th_pre_bid"": ""-78500"", ""buy_4th_pre_req"": ""638"", ""buy_4th_pre_req_pre"": ""0"", ""buy_5th_pre_bid"": ""-78400"", ""buy_5th_pre_req"": ""122"", ""buy_5th_pre_req_pre"": ""0"", ""buy_6th_pre_bid"": ""-78300"", ""buy_6th_pre_req"": ""121"", ""buy_6th_pre_req_pre"": ""0"", ""buy_7th_pre_bid"": ""-78200"", ""buy_7th_pre_req"": ""191"", ""buy_7th_pre_req_pre"": ""0"", ""buy_8th_pre_bid"": ""-78100"", ""buy_8th_pre_req"": ""302"", ""buy_8th_pre_req_pre"": ""0"", ""buy_9th_pre_bid"": ""-78000"", ""buy_9th_pre_req"": ""1155"", ""buy_9th_pre_req_pre"": ""0"", ""buy_10th_pre_bid"": ""-77900"", ""buy_10th_pre_req"": ""497"", ""buy_10th_pre_req_pre"": ""0"", ""tot_sel_req_jub_pre"": ""--6"", ""tot_sel_req"": ""2067"", ""tot_buy_req"": ""3933"", ""tot_buy_req_jub_pre"": ""--1"", ""ovt_sel_req_pre"": ""0"", ""ovt_sel_req"": ""0"", ""ovt_buy_req"": ""0"", ""ovt_buy_req_pre"": ""0"", ""return_code"": 0, ""return_msg"": ""정상적으로 처리되었습니다""}"
2026-06-10,scan_candidate,181710,,0,main_scan,40850,,40850,40800,40850,40650,-0.6119951040391677,0.12239902080783352,,,,,,"{""bid_req_base_tm"": ""110326"", ""sel_10th_pre_req_pre"": ""0"", ""sel_10th_pre_req"": ""1"", ""sel_10th_pre_bid"": ""-41500"", ""sel_9th_pre_req_pre"": ""0"", ""sel_9th_pre_req"": ""16"", ""sel_9th_pre_bid"": ""-41450"", ""sel_8th_pre_req_pre"": ""0"", ""sel_8th_pre_req"": ""1"", ""sel_8th_pre_bid"": ""-41400"", ""sel_7th_pre_req_pre"": ""0"", ""sel_7th_pre_req"": ""10"", ""sel_7th_pre_bid"": ""-41350"", ""sel_6th_pre_req_pre"": ""0"", ""sel_6th_pre_req"": ""3"", ""sel_6th_pre_bid"": ""-41150"", ""sel_5th_pre_req_pre"": ""0"", ""sel_5th_pre_req"": ""60"", ""sel_5th_pre_bid"": ""-41050"", ""sel_4th_pre_req_pre"": ""0"", ""sel_4th_pre_req"": ""505"", ""sel_4th_pre_bid"": ""-41000"", ""sel_3th_pre_req_pre"": ""0"", ""sel_3th_pre_req"": ""58"", ""sel_3th_pre_bid"": ""-40950"", ""sel_2th_pre_req_pre"": ""0"", ""sel_2th_pre_req"": ""433"", ""sel_2th_pre_bid"": ""-40900"", ""sel_1th_pre_req_pre"": ""0"", ""sel_fpr_req"": ""5"", ""sel_fpr_bid"": ""-40850"", ""buy_fpr_bid"": ""-40800"", ""buy_fpr_req"": ""24"", ""buy_1th_pre_req_pre"": ""--2"", ""buy_2th_pre_bid"": ""-40750"", ""buy_2th_pre_req"": ""7"", ""buy_2th_pre_req_pre"": ""0"", ""buy_3th_pre_bid"": ""-40700"", ""buy_3th_pre_req"": ""61"", ""buy_3th_pre_req_pre"": ""0"", ""buy_4th_pre_bid"": ""-40650"", ""buy_4th_pre_req"": ""158"", ""buy_4th_pre_req_pre"": ""0"", ""buy_5th_pre_bid"": ""-40600"", ""buy_5th_pre_req"": ""10"", ""buy_5th_pre_req_pre"": ""0"", ""buy_6th_pre_bid"": ""-40550"", ""buy_6th_pre_req"": ""136"", ""buy_6th_pre_req_pre"": ""0"", ""buy_7th_pre_bid"": ""-40500"", ""buy_7th_pre_req"": ""83"", ""buy_7th_pre_req_pre"": ""0"", ""buy_8th_pre_bid"": ""-40450"", ""buy_8th_pre_req"": ""29"", ""buy_8th_pre_req_pre"": ""0"", ""buy_9th_pre_bid"": ""-40400"", ""buy_9th_pre_req"": ""1"", ""buy_9th_pre_req_pre"": ""0"", ""buy_10th_pre_bid"": ""-40350"", ""buy_10th_pre_req"": ""17"", ""buy_10th_pre_req_pre"": ""0"", ""tot_sel_req_jub_pre"": ""0"", ""tot_sel_req"": ""1092"", ""tot_buy_req"": ""526"", ""tot_buy_req_jub_pre"": ""--2"", ""ovt_sel_req_pre"": ""0"", ""ovt_sel_req"": ""0"", ""ovt_buy_req"": ""0"", ""ovt_buy_req_pre"": ""0"", ""return_code"": 0, ""return_msg"": ""정상적으로 처리되었습니다""}"
2026-06-10,scan_candidate,034230,,0,main_scan,15390,,15390,15360,15390,15350,-0.5847953216374269,0.1949317738791423,,,,,,"{""bid_req_base_tm"": ""110325"", ""sel_10th_pre_req_pre"": ""0"", ""sel_10th_pre_req"": ""781"", ""sel_10th_pre_bid"": ""+15480"", ""sel_9th_pre_req_pre"": ""0"", ""sel_9th_pre_req"": ""113"", ""sel_9th_pre_bid"": ""+15470"", ""sel_8th_pre_req_pre"": ""0"", ""sel_8th_pre_req"": ""110"", ""sel_8th_pre_bid"": ""+15460"", ""sel_7th_pre_req_pre"": ""0"", ""sel_7th_pre_req"": ""21"", ""sel_7th_pre_bid"": ""+15450"", ""sel_6th_pre_req_pre"": ""0"", ""sel_6th_pre_req"": ""7"", ""sel_6th_pre_bid"": ""+15440"", ""sel_5th_pre_req_pre"": ""0"", ""sel_5th_pre_req"": ""1"", ""sel_5th_pre_bid"": ""+15430"", ""sel_4th_pre_req_pre"": ""0"", ""sel_4th_pre_req"": ""1"", ""sel_4th_pre_bid"": ""+15420"", ""sel_3th_pre_req_pre"": ""0"", ""sel_3th_pre_req"": ""1"", ""sel_3th_pre_bid"": ""+15410"", ""sel_2th_pre_req_pre"": ""0"", ""sel_2th_pre_req"": ""567"", ""sel_2th_pre_bid"": ""+15400"", ""sel_1th_pre_req_pre"": ""0"", ""sel_fpr_req"": ""20"", ""sel_fpr_bid"": ""+15390"", ""buy_fpr_bid"": ""+15360"", ""buy_fpr_req"": ""5"", ""buy_1th_pre_req_pre"": ""0"", ""buy_2th_pre_bid"": ""+15350"", ""buy_2th_pre_req"": ""83"", ""buy_2th_pre_req_pre"": ""--10"", ""buy_3th_pre_bid"": ""+15340"", ""buy_3th_pre_req"": ""184"", ""buy_3th_pre_req_pre"": ""0"", ""buy_4th_pre_bid"": ""+15330"", ""buy_4th_pre_req"": ""20"", ""buy_4th_pre_req_pre"": ""0"", ""buy_5th_pre_bid"": ""+15320"", ""buy_5th_pre_req"": ""24"", ""buy_5th_pre_req_pre"": ""0"", ""buy_6th_pre_bid"": ""+15310"", ""buy_6th_pre_req"": ""360"", ""buy_6th_pre_req_pre"": ""0"", ""buy_7th_pre_bid"": ""+15300"", ""buy_7th_pre_req"": ""20"", ""buy_7th_pre_req_pre"": ""0"", ""buy_8th_pre_bid"": ""+15280"", ""buy_8th_pre_req"": ""114"", ""buy_8th_pre_req_pre"": ""0"", ""buy_9th_pre_bid"": ""+15270"", ""buy_9th_pre_req"": ""2"", ""buy_9th_pre_req_pre"": ""0"", ""buy_10th_pre_bid"": ""+15260"", ""buy_10th_pre_req"": ""16"", ""buy_10th_pre_req_pre"": ""0"", ""tot_sel_req_jub_pre"": ""0"", ""tot_sel_req"": ""1622"", ""tot_buy_req"": ""828"", ""tot_buy_req_jub_pre"": ""--10"", ""ovt_sel_req_pre"": ""0"", ""ovt_sel_req"": ""0"", ""ovt_buy_req"": ""0"", ""ovt_buy_req_pre"": ""0"", ""return_code"": 0, ""return_msg"": ""정상적으로 처리되었습니다""}"
2026-06-10,scan_candidate,281820,,0,main_scan,67300,,67300,67100,67300,67800,0.5943536404160475,0.2971768202080238,,,,,,"{""bid_req_base_tm"": ""110324"", ""sel_10th_pre_req_pre"": ""0"", ""sel_10th_pre_req"": ""121"", ""sel_10th_pre_bid"": ""+68600"", ""sel_9th_pre_req_pre"": ""0"", ""sel_9th_pre_req"": ""109"", ""sel_9th_pre_bid"": ""+68500"", ""sel_8th_pre_req_pre"": ""0"", ""sel_8th_pre_req"": ""11"", ""sel_8th_pre_bid"": ""+68400"", ""sel_7th_pre_req_pre"": ""0"", ""sel_7th_pre_req"": ""74"", ""sel_7th_pre_bid"": ""+68300"", ""sel_6th_pre_req_pre"": ""0"", ""sel_6th_pre_req"": ""3"", ""sel_6th_pre_bid"": ""+68000"", ""sel_5th_pre_req_pre"": ""0"", ""sel_5th_pre_req"": ""49"", ""sel_5th_pre_bid"": ""+67900"", ""sel_4th_pre_req_pre"": ""0"", ""sel_4th_pre_req"": ""18"", ""sel_4th_pre_bid"": ""+67700"", ""sel_3th_pre_req_pre"": ""0"", ""sel_3th_pre_req"": ""8"", ""sel_3th_pre_bid"": ""+67600"", ""sel_2th_pre_req_pre"": ""0"", ""sel_2th_pre_req"": ""1"", ""sel_2th_pre_bid"": ""+67500"", ""sel_1th_pre_req_pre"": ""--7"", ""sel_fpr_req"": ""54"", ""sel_fpr_bid"": ""+67300"", ""buy_fpr_bid"": ""+67100"", ""buy_fpr_req"": ""40"", ""buy_1th_pre_req_pre"": ""0"", ""buy_2th_pre_bid"": ""+67000"", ""buy_2th_pre_req"": ""458"", ""buy_2th_pre_req_pre"": ""0"", ""buy_3th_pre_bid"": ""+66900"", ""buy_3th_pre_req"": ""2"", ""buy_3th_pre_req_pre"": ""0"", ""buy_4th_pre_bid"": ""+66800"", ""buy_4th_pre_req"": ""30"", ""buy_4th_pre_req_pre"": ""0"", ""buy_5th_pre_bid"": ""+66700"", ""buy_5th_pre_req"": ""105"", ""buy_5th_pre_req_pre"": ""0"", ""buy_6th_pre_bid"": ""+66600"", ""buy_6th_pre_req"": ""89"", ""buy_6th_pre_req_pre"": ""0"", ""buy_7th_pre_bid"": ""+66500"", ""buy_7th_pre_req"": ""105"", ""buy_7th_pre_req_pre"": ""0"", ""buy_8th_pre_bid"": ""66400"", ""buy_8th_pre_req"": ""22"", ""buy_8th_pre_req_pre"": ""0"", ""buy_9th_pre_bid"": ""-66300"", ""buy_9th_pre_req"": ""7"", ""buy_9th_pre_req_pre"": ""0"", ""buy_10th_pre_bid"": ""-66200"", ""buy_10th_pre_req"": ""148"", ""buy_10th_pre_req_pre"": ""0"", ""tot_sel_req_jub_pre"": ""--7"", ""tot_sel_req"": ""448"", ""tot_buy_req"": ""1006"", ""tot_buy_req_jub_pre"": ""0"", ""ovt_sel_req_pre"": ""0"", ""ovt_sel_req"": ""0"", ""ovt_buy_req"": ""0"", ""ovt_buy_req_pre"": ""0"", ""return_code"": 0, ""return_msg"": ""정상적으로 처리되었습니다""}"
2026-06-10,scan_candidate,195870,,0,main_scan,76100,,76100,75900,76100,76400,0.2628120893561104,0.2628120893561104,,,,,,"{""bid_req_base_tm"": ""110326"", ""sel_10th_pre_req_pre"": ""0"", ""sel_10th_pre_req"": ""300"", ""sel_10th_pre_bid"": ""+77100"", ""sel_9th_pre_req_pre"": ""0"", ""sel_9th_pre_req"": ""15"", ""sel_9th_pre_bid"": ""+77000"", ""sel_8th_pre_req_pre"": ""0"", ""sel_8th_pre_req"": ""11"", ""sel_8th_pre_bid"": ""+76900"", ""sel_7th_pre_req_pre"": ""0"", ""sel_7th_pre_req"": ""1"", ""sel_7th_pre_bid"": ""+76800"", ""sel_6th_pre_req_pre"": ""0"", ""sel_6th_pre_req"": ""100"", ""sel_6th_pre_bid"": ""+76600"", ""sel_5th_pre_req_pre"": ""0"", ""sel_5th_pre_req"": ""155"", ""sel_5th_pre_bid"": ""+76500"", ""sel_4th_pre_req_pre"": ""0"", ""sel_4th_pre_req"": ""33"", ""sel_4th_pre_bid"": ""+76400"", ""sel_3th_pre_req_pre"": ""0"", ""sel_3th_pre_req"": ""9"", ""sel_3th_pre_bid"": ""+76300"", ""sel_2th_pre_req_pre"": ""--12"", ""sel_2th_pre_req"": ""1"", ""sel_2th_pre_bid"": ""+76200"", ""sel_1th_pre_req_pre"": ""+11"", ""sel_fpr_req"": ""66"", ""sel_fpr_bid"": ""+76100"", ""buy_fpr_bid"": ""+75900"", ""buy_fpr_req"": ""264"", ""buy_1th_pre_req_pre"": ""0"", ""buy_2th_pre_bid"": ""+75800"", ""buy_2th_pre_req"": ""267"", ""buy_2th_pre_req_pre"": ""0"", ""buy_3th_pre_bid"": ""+75700"", ""buy_3th_pre_req"": ""266"", ""buy_3th_pre_req_pre"": ""0"", ""buy_4th_pre_bid"": ""+75600"", ""buy_4th_pre_req"": ""58"", ""buy_4th_pre_req_pre"": ""0"", ""buy_5th_pre_bid"": ""+75500"", ""buy_5th_pre_req"": ""253"", ""buy_5th_pre_req_pre"": ""0"", ""buy_6th_pre_bid"": ""+75400"", ""buy_6th_pre_req"": ""42"", ""buy_6th_pre_req_pre"": ""0"", ""buy_7th_pre_bid"": ""+75100"", ""buy_7th_pre_req"": ""53"", ""buy_7th_pre_req_pre"": ""0"", ""buy_8th_pre_bid"": ""+75000"", ""buy_8th_pre_req"": ""17"", ""buy_8th_pre_req_pre"": ""0"", ""buy_9th_pre_bid"": ""+74800"", ""buy_9th_pre_req"": ""56"", ""buy_9th_pre_req_pre"": ""0"", ""buy_10th_pre_bid"": ""+74700"", ""buy_10th_pre_req"": ""114"", ""buy_10th_pre_req_pre"": ""0"", ""tot_sel_req_jub_pre"": ""--1"", ""tot_sel_req"": ""691"", ""tot_buy_req"": ""1390"", ""tot_buy_req_jub_pre"": ""0"", ""ovt_sel_req_pre"": ""0"", ""ovt_sel_req"": ""0"", ""ovt_buy_req"": ""0"", ""ovt_buy_req_pre"": ""0"", ""return_code"": 0, ""return_msg"": ""정상적으로 처리되었습니다""}"
2026-06-10,scan_candidate,001820,,0,main_scan,117000,,117000,116800,117000,117000,-0.4273504273504274,0.17094017094017094,,,,,,"{""bid_req_base_tm"": ""110325"", ""sel_10th_pre_req_pre"": ""0"", ""sel_10th_pre_req"": ""379"", ""sel_10th_pre_bid"": ""-118000"", ""sel_9th_pre_req_pre"": ""0"", ""sel_9th_pre_req"": ""507"", ""sel_9th_pre_bid"": ""-117900"", ""sel_8th_pre_req_pre"": ""0"", ""sel_8th_pre_req"": ""94"", ""sel_8th_pre_bid"": ""-117800"", ""sel_7th_pre_req_pre"": ""0"", ""sel_7th_pre_req"": ""108"", ""sel_7th_pre_bid"": ""-117700"", ""sel_6th_pre_req_pre"": ""0"", ""sel_6th_pre_req"": ""8"", ""sel_6th_pre_bid"": ""-117600"", ""sel_5th_pre_req_pre"": ""0"", ""sel_5th_pre_req"": ""71"", ""sel_5th_pre_bid"": ""-117500"", ""sel_4th_pre_req_pre"": ""0"", ""sel_4th_pre_req"": ""102"", ""sel_4th_pre_bid"": ""-117400"", ""sel_3th_pre_req_pre"": ""0"", ""sel_3th_pre_req"": ""17"", ""sel_3th_pre_bid"": ""-117300"", ""sel_2th_pre_req_pre"": ""0"", ""sel_2th_pre_req"": ""116"", ""sel_2th_pre_bid"": ""-117100"", ""sel_1th_pre_req_pre"": ""+14"", ""sel_fpr_req"": ""180"", ""sel_fpr_bid"": ""-117000"", ""buy_fpr_bid"": ""-116800"", ""buy_fpr_req"": ""209"", ""buy_1th_pre_req_pre"": ""0"", ""buy_2th_pre_bid"": ""-116700"", ""buy_2th_pre_req"": ""391"", ""buy_2th_pre_req_pre"": ""0"", ""buy_3th_pre_bid"": ""-116600"", ""buy_3th_pre_req"": ""773"", ""buy_3th_pre_req_pre"": ""0"", ""buy_4th_pre_bid"": ""-116500"", ""buy_4th_pre_req"": ""495"", ""buy_4th_pre_req_pre"": ""0"", ""buy_5th_pre_bid"": ""-116400"", ""buy_5th_pre_req"": ""529"", ""buy_5th_pre_req_pre"": ""0"", ""buy_6th_pre_bid"": ""-116300"", ""buy_6th_pre_req"": ""210"", ""buy_6th_pre_req_pre"": ""0"", ""buy_7th_pre_bid"": ""-116200"", ""buy_7th_pre_req"": ""88"", ""buy_7th_pre_req_pre"": ""0"", ""buy_8th_pre_bid"": ""-116100"", ""buy_8th_pre_req"": ""129"", ""buy_8th_pre_req_pre"": ""0"", ""buy_9th_pre_bid"": ""-116000"", ""buy_9th_pre_req"": ""238"", ""buy_9th_pre_req_pre"": ""0"", ""buy_10th_pre_bid"": ""-115900"", ""buy_10th_pre_req"": ""150"", ""buy_10th_pre_req_pre"": ""0"", ""tot_sel_req_jub_pre"": ""+14"", ""tot_sel_req"": ""1582"", ""tot_buy_req"": ""3212"", ""tot_buy_req_jub_pre"": ""0"", ""ovt_sel_req_pre"": ""0"", ""ovt_sel_req"": ""0"", ""ovt_buy_req"": ""0"", ""ovt_buy_req_pre"": ""0"", ""return_code"": 0, ""return_msg"": ""정상적으로 처리되었습니다""}"
2026-06-10,scan_candidate,000815,,0,main_scan,400000,,400000,399000,400000,399000,-0.375,0.25,,,,,,"{""bid_req_base_tm"": ""110321"", ""sel_10th_pre_req_pre"": ""0"", ""sel_10th_pre_req"": ""62"", ""sel_10th_pre_bid"": ""-405000"", ""sel_9th_pre_req_pre"": ""0"", ""sel_9th_pre_req"": ""159"", ""sel_9th_pre_bid"": ""-404500"", ""sel_8th_pre_req_pre"": ""0"", ""sel_8th_pre_req"": ""94"", ""sel_8th_pre_bid"": ""-404000"", ""sel_7th_pre_req_pre"": ""0"", ""sel_7th_pre_req"": ""79"", ""sel_7th_pre_bid"": ""-403500"", ""sel_6th_pre_req_pre"": ""0"", ""sel_6th_pre_req"": ""93"", ""sel_6th_pre_bid"": ""-403000"", ""sel_5th_pre_req_pre"": ""0"", ""sel_5th_pre_req"": ""2"", ""sel_5th_pre_bid"": ""-402500"", ""sel_4th_pre_req_pre"": ""0"", ""sel_4th_pre_req"": ""177"", ""sel_4th_pre_bid"": ""-401500"", ""sel_3th_pre_req_pre"": ""0"", ""sel_3th_pre_req"": ""143"", ""sel_3th_pre_bid"": ""-401000"", ""sel_2th_pre_req_pre"": ""0"", ""sel_2th_pre_req"": ""9"", ""sel_2th_pre_bid"": ""-400500"", ""sel_1th_pre_req_pre"": ""0"", ""sel_fpr_req"": ""25"", ""sel_fpr_bid"": ""-400000"", ""buy_fpr_bid"": ""-399000"", ""buy_fpr_req"": ""27"", ""buy_1th_pre_req_pre"": ""0"", ""buy_2th_pre_bid"": ""-398500"", ""buy_2th_pre_req"": ""19"", ""buy_2th_pre_req_pre"": ""+1"", ""buy_3th_pre_bid"": ""-398000"", ""buy_3th_pre_req"": ""31"", ""buy_3th_pre_req_pre"": ""--1"", ""buy_4th_pre_bid"": ""-397500"", ""buy_4th_pre_req"": ""159"", ""buy_4th_pre_req_pre"": ""0"", ""buy_5th_pre_bid"": ""-397000"", ""buy_5th_pre_req"": ""84"", ""buy_5th_pre_req_pre"": ""0"", ""buy_6th_pre_bid"": ""-396500"", ""buy_6th_pre_req"": ""17"", ""buy_6th_pre_req_pre"": ""0"", ""buy_7th_pre_bid"": ""-396000"", ""buy_7th_pre_req"": ""44"", ""buy_7th_pre_req_pre"": ""0"", ""buy_8th_pre_bid"": ""-395500"", ""buy_8th_pre_req"": ""10"", ""buy_8th_pre_req_pre"": ""0"", ""buy_9th_pre_bid"": ""-395000"", ""buy_9th_pre_req"": ""110"", ""buy_9th_pre_req_pre"": ""0"", ""buy_10th_pre_bid"": ""-394500"", ""buy_10th_pre_req"": ""14"", ""buy_10th_pre_req_pre"": ""0"", ""tot_sel_req_jub_pre"": ""0"", ""tot_sel_req"": ""843"", ""tot_buy_req"": ""515"", ""tot_buy_req_jub_pre"": ""0"", ""ovt_sel_req_pre"": ""0"", ""ovt_sel_req"": ""0"", ""ovt_buy_req"": ""0"", ""ovt_buy_req_pre"": ""0"", ""return_code"": 0, ""return_msg"": ""정상적으로 처리되었습니다""}"
2026-06-10,scan_candidate,499790,,0,main_scan,51000,,51000,50900,51000,50600,-0.9803921568627451,0.19607843137254902,,,,,,"{""bid_req_base_tm"": ""110327"", ""sel_10th_pre_req_pre"": ""0"", ""sel_10th_pre_req"": ""389"", ""sel_10th_pre_bid"": ""+51900"", ""sel_9th_pre_req_pre"": ""0"", ""sel_9th_pre_req"": ""33"", ""sel_9th_pre_bid"": ""+51800"", ""sel_8th_pre_req_pre"": ""0"", ""sel_8th_pre_req"": ""371"", ""sel_8th_pre_bid"": ""+51700"", ""sel_7th_pre_req_pre"": ""--5"", ""sel_7th_pre_req"": ""180"", ""sel_7th_pre_bid"": ""+51600"", ""sel_6th_pre_req_pre"": ""0"", ""sel_6th_pre_req"": ""755"", ""sel_6th_pre_bid"": ""+51500"", ""sel_5th_pre_req_pre"": ""0"", ""sel_5th_pre_req"": ""878"", ""sel_5th_pre_bid"": ""+51400"", ""sel_4th_pre_req_pre"": ""0"", ""sel_4th_pre_req"": ""653"", ""sel_4th_pre_bid"": ""+51300"", ""sel_3th_pre_req_pre"": ""+5"", ""sel_3th_pre_req"": ""1223"", ""sel_3th_pre_bid"": ""+51200"", ""sel_2th_pre_req_pre"": ""0"", ""sel_2th_pre_req"": ""1050"", ""sel_2th_pre_bid"": ""+51100"", ""sel_1th_pre_req_pre"": ""0"", ""sel_fpr_req"": ""384"", ""sel_fpr_bid"": ""+51000"", ""buy_fpr_bid"": ""+50900"", ""buy_fpr_req"": ""145"", ""buy_1th_pre_req_pre"": ""0"", ""buy_2th_pre_bid"": ""+50800"", ""buy_2th_pre_req"": ""1696"", ""buy_2th_pre_req_pre"": ""0"", ""buy_3th_pre_bid"": ""+50700"", ""buy_3th_pre_req"": ""15"", ""buy_3th_pre_req_pre"": ""0"", ""buy_4th_pre_bid"": ""+50600"", ""buy_4th_pre_req"": ""57"", ""buy_4th_pre_req_pre"": ""0"", ""buy_5th_pre_bid"": ""+50500"", ""buy_5th_pre_req"": ""1"", ""buy_5th_pre_req_pre"": ""0"", ""buy_6th_pre_bid"": ""+50400"", ""buy_6th_pre_req"": ""5"", ""buy_6th_pre_req_pre"": ""0"", ""buy_7th_pre_bid"": ""+50300"", ""buy_7th_pre_req"": ""48"", ""buy_7th_pre_req_pre"": ""0"", ""buy_8th_pre_bid"": ""+50200"", ""buy_8th_pre_req"": ""2"", ""buy_8th_pre_req_pre"": ""0"", ""buy_9th_pre_bid"": ""+50100"", ""buy_9th_pre_req"": ""113"", ""buy_9th_pre_req_pre"": ""0"", ""buy_10th_pre_bid"": ""+50000"", ""buy_10th_pre_req"": ""106"", ""buy_10th_pre_req_pre"": ""0"", ""tot_sel_req_jub_pre"": ""0"", ""tot_sel_req"": ""5916"", ""tot_buy_req"": ""2188"", ""tot_buy_req_jub_pre"": ""0"", ""ovt_sel_req_pre"": ""0"", ""ovt_sel_req"": ""0"", ""ovt_buy_req"": ""0"", ""ovt_buy_req_pre"": ""0"", ""return_code"": 0, ""return_msg"": ""정상적으로 처리되었습니다""}"
2026-06-10,scan_candidate,100090,,0,main_scan,16340,,16340,16330,16340,16300,-0.550795593635251,0.06119951040391676,,,,,,"{""bid_req_base_tm"": ""110327"", ""sel_10th_pre_req_pre"": ""0"", ""sel_10th_pre_req"": ""44"", ""sel_10th_pre_bid"": ""+16440"", ""sel_9th_pre_req_pre"": ""0"", ""sel_9th_pre_req"": ""5"", ""sel_9th_pre_bid"": ""+16420"", ""sel_8th_pre_req_pre"": ""0"", ""sel_8th_pre_req"": ""3164"", ""sel_8th_pre_bid"": ""+16410"", ""sel_7th_pre_req_pre"": ""0"", ""sel_7th_pre_req"": ""96"", ""sel_7th_pre_bid"": ""+16400"", ""sel_6th_pre_req_pre"": ""0"", ""sel_6th_pre_req"": ""353"", ""sel_6th_pre_bid"": ""+16390"", ""sel_5th_pre_req_pre"": ""0"", ""sel_5th_pre_req"": ""5"", ""sel_5th_pre_bid"": ""+16380"", ""sel_4th_pre_req_pre"": ""0"", ""sel_4th_pre_req"": ""7"", ""sel_4th_pre_bid"": ""+16370"", ""sel_3th_pre_req_pre"": ""0"", ""sel_3th_pre_req"": ""122"", ""sel_3th_pre_bid"": ""+16360"", ""sel_2th_pre_req_pre"": ""0"", ""sel_2th_pre_req"": ""215"", ""sel_2th_pre_bid"": ""+16350"", ""sel_1th_pre_req_pre"": ""0"", ""sel_fpr_req"": ""234"", ""sel_fpr_bid"": ""+16340"", ""buy_fpr_bid"": ""+16330"", ""buy_fpr_req"": ""4"", ""buy_1th_pre_req_pre"": ""0"", ""buy_2th_pre_bid"": ""+16320"", ""buy_2th_pre_req"": ""9"", ""buy_2th_pre_req_pre"": ""0"", ""buy_3th_pre_bid"": ""+16310"", ""buy_3th_pre_req"": ""531"", ""buy_3th_pre_req_pre"": ""0"", ""buy_4th_pre_bid"": ""+16300"", ""buy_4th_pre_req"": ""543"", ""buy_4th_pre_req_pre"": ""0"", ""buy_5th_pre_bid"": ""+16290"", ""buy_5th_pre_req"": ""135"", ""buy_5th_pre_req_pre"": ""0"", ""buy_6th_pre_bid"": ""+16280"", ""buy_6th_pre_req"": ""147"", ""buy_6th_pre_req_pre"": ""0"", ""buy_7th_pre_bid"": ""+16270"", ""buy_7th_pre_req"": ""100"", ""buy_7th_pre_req_pre"": ""0"", ""buy_8th_pre_bid"": ""+16260"", ""buy_8th_pre_req"": ""79"", ""buy_8th_pre_req_pre"": ""0"", ""buy_9th_pre_bid"": ""+16250"", ""buy_9th_pre_req"": ""171"", ""buy_9th_pre_req_pre"": ""0"", ""buy_10th_pre_bid"": ""+16240"", ""buy_10th_pre_req"": ""88"", ""buy_10th_pre_req_pre"": ""+10"", ""tot_sel_req_jub_pre"": ""0"", ""tot_sel_req"": ""4245"", ""tot_buy_req"": ""1807"", ""tot_buy_req_jub_pre"": ""+10"", ""ovt_sel_req_pre"": ""0"", ""ovt_sel_req"": ""0"", ""ovt_buy_req"": ""0"", ""ovt_buy_req_pre"": ""0"", ""return_code"": 0, ""return_msg"": ""정상적으로 처리되었습니다""}"
2026-06-10,scan_candidate,003160,,0,main_scan,28200,,28200,28150,28200,28350,0.3546099290780142,0.1773049645390071,,,,,,"{""bid_req_base_tm"": ""110327"", ""sel_10th_pre_req_pre"": ""0"", ""sel_10th_pre_req"": ""232"", ""sel_10th_pre_bid"": ""+28900"", ""sel_9th_pre_req_pre"": ""0"", ""sel_9th_pre_req"": ""249"", ""sel_9th_pre_bid"": ""+28800"", ""sel_8th_pre_req_pre"": ""0"", ""sel_8th_pre_req"": ""1"", ""sel_8th_pre_bid"": ""+28700"", ""sel_7th_pre_req_pre"": ""0"", ""sel_7th_pre_req"": ""47"", ""sel_7th_pre_bid"": ""+28650"", ""sel_6th_pre_req_pre"": ""0"", ""sel_6th_pre_req"": ""30"", ""sel_6th_pre_bid"": ""+28600"", ""sel_5th_pre_req_pre"": ""0"", ""sel_5th_pre_req"": ""10"", ""sel_5th_pre_bid"": ""+28500"", ""sel_4th_pre_req_pre"": ""0"", ""sel_4th_pre_req"": ""2070"", ""sel_4th_pre_bid"": ""+28400"", ""sel_3th_pre_req_pre"": ""0"", ""sel_3th_pre_req"": ""381"", ""sel_3th_pre_bid"": ""+28350"", ""sel_2th_pre_req_pre"": ""0"", ""sel_2th_pre_req"": ""159"", ""sel_2th_pre_bid"": ""+28250"", ""sel_1th_pre_req_pre"": ""0"", ""sel_fpr_req"": ""2"", ""sel_fpr_bid"": ""+28200"", ""buy_fpr_bid"": ""+28150"", ""buy_fpr_req"": ""570"", ""buy_1th_pre_req_pre"": ""0"", ""buy_2th_pre_bid"": ""+28100"", ""buy_2th_pre_req"": ""1059"", ""buy_2th_pre_req_pre"": ""0"", ""buy_3th_pre_bid"": ""28050"", ""buy_3th_pre_req"": ""432"", ""buy_3th_pre_req_pre"": ""0"", ""buy_4th_pre_bid"": ""-28000"", ""buy_4th_pre_req"": ""469"", ""buy_4th_pre_req_pre"": ""0"", ""buy_5th_pre_bid"": ""-27950"", ""buy_5th_pre_req"": ""176"", ""buy_5th_pre_req_pre"": ""0"", ""buy_6th_pre_bid"": ""-27900"", ""buy_6th_pre_req"": ""317"", ""buy_6th_pre_req_pre"": ""0"", ""buy_7th_pre_bid"": ""-27850"", ""buy_7th_pre_req"": ""212"", ""buy_7th_pre_req_pre"": ""0"", ""buy_8th_pre_bid"": ""-27800"", ""buy_8th_pre_req"": ""760"", ""buy_8th_pre_req_pre"": ""0"", ""buy_9th_pre_bid"": ""-27750"", ""buy_9th_pre_req"": ""440"", ""buy_9th_pre_req_pre"": ""0"", ""buy_10th_pre_bid"": ""-27700"", ""buy_10th_pre_req"": ""94"", ""buy_10th_pre_req_pre"": ""0"", ""tot_sel_req_jub_pre"": ""0"", ""tot_sel_req"": ""3181"", ""tot_buy_req"": ""4529"", ""tot_buy_req_jub_pre"": ""0"", ""ovt_sel_req_pre"": ""0"", ""ovt_sel_req"": ""0"", ""ovt_buy_req"": ""0"", ""ovt_buy_req_pre"": ""0"", ""return_code"": 0, ""return_msg"": ""정상적으로 처리되었습니다""}"
2026-06-10,scan_candidate,000370,,0,main_scan,6510,,6510,6490,6510,6500,-0.30721966205837176,0.30721966205837176,,,,,,"{""bid_req_base_tm"": ""110325"", ""sel_10th_pre_req_pre"": ""0"", ""sel_10th_pre_req"": ""316"", ""sel_10th_pre_bid"": ""+6600"", ""sel_9th_pre_req_pre"": ""0"", ""sel_9th_pre_req"": ""312"", ""sel_9th_pre_bid"": ""+6590"", ""sel_8th_pre_req_pre"": ""0"", ""sel_8th_pre_req"": ""112"", ""sel_8th_pre_bid"": ""+6580"", ""sel_7th_pre_req_pre"": ""0"", ""sel_7th_pre_req"": ""753"", ""sel_7th_pre_bid"": ""+6570"", ""sel_6th_pre_req_pre"": ""0"", ""sel_6th_pre_req"": ""5"", ""sel_6th_pre_bid"": ""+6560"", ""sel_5th_pre_req_pre"": ""0"", ""sel_5th_pre_req"": ""1483"", ""sel_5th_pre_bid"": ""+6550"", ""sel_4th_pre_req_pre"": ""0"", ""sel_4th_pre_req"": ""17"", ""sel_4th_pre_bid"": ""+6540"", ""sel_3th_pre_req_pre"": ""0"", ""sel_3th_pre_req"": ""131"", ""sel_3th_pre_bid"": ""+6530"", ""sel_2th_pre_req_pre"": ""0"", ""sel_2th_pre_req"": ""602"", ""sel_2th_pre_bid"": ""+6520"", ""sel_1th_pre_req_pre"": ""--1"", ""sel_fpr_req"": ""186"", ""sel_fpr_bid"": ""+6510"", ""buy_fpr_bid"": ""+6490"", ""buy_fpr_req"": ""439"", ""buy_1th_pre_req_pre"": ""0"", ""buy_2th_pre_bid"": ""+6480"", ""buy_2th_pre_req"": ""1499"", ""buy_2th_pre_req_pre"": ""0"", ""buy_3th_pre_bid"": ""+6470"", ""buy_3th_pre_req"": ""156"", ""buy_3th_pre_req_pre"": ""0"", ""buy_4th_pre_bid"": ""+6460"", ""buy_4th_pre_req"": ""133"", ""buy_4th_pre_req_pre"": ""0"", ""buy_5th_pre_bid"": ""6450"", ""buy_5th_pre_req"": ""310"", ""buy_5th_pre_req_pre"": ""0"", ""buy_6th_pre_bid"": ""-6440"", ""buy_6th_pre_req"": ""132"", ""buy_6th_pre_req_pre"": ""0"", ""buy_7th_pre_bid"": ""-6430"", ""buy_7th_pre_req"": ""1054"", ""buy_7th_pre_req_pre"": ""0"", ""buy_8th_pre_bid"": ""-6420"", ""buy_8th_pre_req"": ""157"", ""buy_8th_pre_req_pre"": ""0"", ""buy_9th_pre_bid"": ""-6410"", ""buy_9th_pre_req"": ""355"", ""buy_9th_pre_req_pre"": ""0"", ""buy_10th_pre_bid"": ""-6400"", ""buy_10th_pre_req"": ""4722"", ""buy_10th_pre_req_pre"": ""0"", ""tot_sel_req_jub_pre"": ""--1"", ""tot_sel_req"": ""3917"", ""tot_buy_req"": ""8957"", ""tot_buy_req_jub_pre"": ""0"", ""ovt_sel_req_pre"": ""0"", ""ovt_sel_req"": ""0"", ""ovt_buy_req"": ""0"", ""ovt_buy_req_pre"": ""0"", ""return_code"": 0, ""return_msg"": ""정상적으로 처리되었습니다""}"
2026-06-10,scan_candidate,114090,,0,main_scan,12070,,12070,12050,12070,12000,-0.9942004971002486,0.16570008285004142,,,,,,"{""bid_req_base_tm"": ""110327"", ""sel_10th_pre_req_pre"": ""0"", ""sel_10th_pre_req"": ""22"", ""sel_10th_pre_bid"": ""+12170"", ""sel_9th_pre_req_pre"": ""0"", ""sel_9th_pre_req"": ""10"", ""sel_9th_pre_bid"": ""+12160"", ""sel_8th_pre_req_pre"": ""0"", ""sel_8th_pre_req"": ""1133"", ""sel_8th_pre_bid"": ""+12150"", ""sel_7th_pre_req_pre"": ""0"", ""sel_7th_pre_req"": ""132"", ""sel_7th_pre_bid"": ""+12140"", ""sel_6th_pre_req_pre"": ""0"", ""sel_6th_pre_req"": ""470"", ""sel_6th_pre_bid"": ""+12130"", ""sel_5th_pre_req_pre"": ""0"", ""sel_5th_pre_req"": ""56"", ""sel_5th_pre_bid"": ""+12120"", ""sel_4th_pre_req_pre"": ""0"", ""sel_4th_pre_req"": ""1958"", ""sel_4th_pre_bid"": ""+12110"", ""sel_3th_pre_req_pre"": ""0"", ""sel_3th_pre_req"": ""18"", ""sel_3th_pre_bid"": ""+12100"", ""sel_2th_pre_req_pre"": ""0"", ""sel_2th_pre_req"": ""1"", ""sel_2th_pre_bid"": ""+12080"", ""sel_1th_pre_req_pre"": ""+217"", ""sel_fpr_req"": ""266"", ""sel_fpr_bid"": ""+12070"", ""buy_fpr_bid"": ""+12050"", ""buy_fpr_req"": ""328"", ""buy_1th_pre_req_pre"": ""0"", ""buy_2th_pre_bid"": ""+12040"", ""buy_2th_pre_req"": ""257"", ""buy_2th_pre_req_pre"": ""0"", ""buy_3th_pre_bid"": ""+12030"", ""buy_3th_pre_req"": ""900"", ""buy_3th_pre_req_pre"": ""0"", ""buy_4th_pre_bid"": ""+12000"", ""buy_4th_pre_req"": ""752"", ""buy_4th_pre_req_pre"": ""0"", ""buy_5th_pre_bid"": ""+11990"", ""buy_5th_pre_req"": ""100"", ""buy_5th_pre_req_pre"": ""0"", ""buy_6th_pre_bid"": ""+11980"", ""buy_6th_pre_req"": ""189"", ""buy_6th_pre_req_pre"": ""0"", ""buy_7th_pre_bid"": ""+11970"", ""buy_7th_pre_req"": ""6"", ""buy_7th_pre_req_pre"": ""0"", ""buy_8th_pre_bid"": ""+11960"", ""buy_8th_pre_req"": ""56"", ""buy_8th_pre_req_pre"": ""0"", ""buy_9th_pre_bid"": ""11950"", ""buy_9th_pre_req"": ""457"", ""buy_9th_pre_req_pre"": ""0"", ""buy_10th_pre_bid"": ""-11940"", ""buy_10th_pre_req"": ""7"", ""buy_10th_pre_req_pre"": ""0"", ""tot_sel_req_jub_pre"": ""+217"", ""tot_sel_req"": ""4066"", ""tot_buy_req"": ""3052"", ""tot_buy_req_jub_pre"": ""0"", ""ovt_sel_req_pre"": ""0"", ""ovt_sel_req"": ""0"", ""ovt_buy_req"": ""0"", ""ovt_buy_req_pre"": ""0"", ""return_code"": 0, ""return_msg"": ""정상적으로 처리되었습니다""}"
2026-06-10,scan_candidate,005090,,0,main_scan,52000,,52000,51900,52000,52100,0.0,0.19230769230769232,,,,,,"{""bid_req_base_tm"": ""110328"", ""sel_10th_pre_req_pre"": ""0"", ""sel_10th_pre_req"": ""7"", ""sel_10th_pre_bid"": ""+52900"", ""sel_9th_pre_req_pre"": ""0"", ""sel_9th_pre_req"": ""20"", ""sel_9th_pre_bid"": ""+52800"", ""sel_8th_pre_req_pre"": ""0"", ""sel_8th_pre_req"": ""110"", ""sel_8th_pre_bid"": ""+52700"", ""sel_7th_pre_req_pre"": ""0"", ""sel_7th_pre_req"": ""28"", ""sel_7th_pre_bid"": ""+52600"", ""sel_6th_pre_req_pre"": ""0"", ""sel_6th_pre_req"": ""35"", ""sel_6th_pre_bid"": ""+52500"", ""sel_5th_pre_req_pre"": ""0"", ""sel_5th_pre_req"": ""30"", ""sel_5th_pre_bid"": ""+52400"", ""sel_4th_pre_req_pre"": ""0"", ""sel_4th_pre_req"": ""39"", ""sel_4th_pre_bid"": ""+52300"", ""sel_3th_pre_req_pre"": ""0"", ""sel_3th_pre_req"": ""24"", ""sel_3th_pre_bid"": ""+52200"", ""sel_2th_pre_req_pre"": ""0"", ""sel_2th_pre_req"": ""64"", ""sel_2th_pre_bid"": ""+52100"", ""sel_1th_pre_req_pre"": ""0"", ""sel_fpr_req"": ""68"", ""sel_fpr_bid"": ""+52000"", ""buy_fpr_bid"": ""+51900"", ""buy_fpr_req"": ""29"", ""buy_1th_pre_req_pre"": ""0"", ""buy_2th_pre_bid"": ""+51700"", ""buy_2th_pre_req"": ""34"", ""buy_2th_pre_req_pre"": ""0"", ""buy_3th_pre_bid"": ""+51600"", ""buy_3th_pre_req"": ""131"", ""buy_3th_pre_req_pre"": ""0"", ""buy_4th_pre_bid"": ""+51500"", ""buy_4th_pre_req"": ""164"", ""buy_4th_pre_req_pre"": ""0"", ""buy_5th_pre_bid"": ""+51400"", ""buy_5th_pre_req"": ""112"", ""buy_5th_pre_req_pre"": ""0"", ""buy_6th_pre_bid"": ""+51300"", ""buy_6th_pre_req"": ""119"", ""buy_6th_pre_req_pre"": ""0"", ""buy_7th_pre_bid"": ""+51200"", ""buy_7th_pre_req"": ""1424"", ""buy_7th_pre_req_pre"": ""0"", ""buy_8th_pre_bid"": ""+51100"", ""buy_8th_pre_req"": ""142"", ""buy_8th_pre_req_pre"": ""0"", ""buy_9th_pre_bid"": ""+51000"", ""buy_9th_pre_req"": ""428"", ""buy_9th_pre_req_pre"": ""0"", ""buy_10th_pre_bid"": ""+50900"", ""buy_10th_pre_req"": ""224"", ""buy_10th_pre_req_pre"": ""0"", ""tot_sel_req_jub_pre"": ""0"", ""tot_sel_req"": ""425"", ""tot_buy_req"": ""2807"", ""tot_buy_req_jub_pre"": ""0"", ""ovt_sel_req_pre"": ""0"", ""ovt_sel_req"": ""0"", ""ovt_buy_req"": ""0"", ""ovt_buy_req_pre"": ""0"", ""return_code"": 0, ""return_msg"": ""정상적으로 처리되었습니다""}"
2026-06-10,scan_candidate,017900,,0,main_scan,9400,,9400,9370,9400,9400,-0.10638297872340426,0.3191489361702127,,,,,,"{""bid_req_base_tm"": ""110328"", ""sel_10th_pre_req_pre"": ""0"", ""sel_10th_pre_req"": ""301"", ""sel_10th_pre_bid"": ""+9490"", ""sel_9th_pre_req_pre"": ""0"", ""sel_9th_pre_req"": ""1"", ""sel_9th_pre_bid"": ""+9480"", ""sel_8th_pre_req_pre"": ""0"", ""sel_8th_pre_req"": ""104"", ""sel_8th_pre_bid"": ""+9470"", ""sel_7th_pre_req_pre"": ""0"", ""sel_7th_pre_req"": ""93"", ""sel_7th_pre_bid"": ""+9460"", ""sel_6th_pre_req_pre"": ""0"", ""sel_6th_pre_req"": ""262"", ""sel_6th_pre_bid"": ""+9450"", ""sel_5th_pre_req_pre"": ""0"", ""sel_5th_pre_req"": ""14"", ""sel_5th_pre_bid"": ""+9440"", ""sel_4th_pre_req_pre"": ""0"", ""sel_4th_pre_req"": ""1035"", ""sel_4th_pre_bid"": ""+9430"", ""sel_3th_pre_req_pre"": ""0"", ""sel_3th_pre_req"": ""4433"", ""sel_3th_pre_bid"": ""+9420"", ""sel_2th_pre_req_pre"": ""0"", ""sel_2th_pre_req"": ""2262"", ""sel_2th_pre_bid"": ""+9410"", ""sel_1th_pre_req_pre"": ""0"", ""sel_fpr_req"": ""40"", ""sel_fpr_bid"": ""+9400"", ""buy_fpr_bid"": ""+9370"", ""buy_fpr_req"": ""2322"", ""buy_1th_pre_req_pre"": ""0"", ""buy_2th_pre_bid"": ""+9360"", ""buy_2th_pre_req"": ""1500"", ""buy_2th_pre_req_pre"": ""0"", ""buy_3th_pre_bid"": ""+9350"", ""buy_3th_pre_req"": ""2357"", ""buy_3th_pre_req_pre"": ""0"", ""buy_4th_pre_bid"": ""+9340"", ""buy_4th_pre_req"": ""132"", ""buy_4th_pre_req_pre"": ""0"", ""buy_5th_pre_bid"": ""+9330"", ""buy_5th_pre_req"": ""1571"", ""buy_5th_pre_req_pre"": ""+610"", ""buy_6th_pre_bid"": ""+9320"", ""buy_6th_pre_req"": ""1294"", ""buy_6th_pre_req_pre"": ""--610"", ""buy_7th_pre_bid"": ""+9310"", ""buy_7th_pre_req"": ""3462"", ""buy_7th_pre_req_pre"": ""0"", ""buy_8th_pre_bid"": ""+9300"", ""buy_8th_pre_req"": ""10440"", ""buy_8th_pre_req_pre"": ""0"", ""buy_9th_pre_bid"": ""+9290"", ""buy_9th_pre_req"": ""244"", ""buy_9th_pre_req_pre"": ""0"", ""buy_10th_pre_bid"": ""+9280"", ""buy_10th_pre_req"": ""632"", ""buy_10th_pre_req_pre"": ""0"", ""tot_sel_req_jub_pre"": ""0"", ""tot_sel_req"": ""8545"", ""tot_buy_req"": ""23954"", ""tot_buy_req_jub_pre"": ""0"", ""ovt_sel_req_pre"": ""0"", ""ovt_sel_req"": ""0"", ""ovt_buy_req"": ""0"", ""ovt_buy_req_pre"": ""0"", ""return_code"": 0, ""return_msg"": ""정상적으로 처리되었습니다""}"
2026-06-10,scan_candidate,004710,,0,main_scan,10980,,10980,10920,10980,11000,-0.273224043715847,0.546448087431694,,,,,,"{""bid_req_base_tm"": ""110324"", ""sel_10th_pre_req_pre"": ""0"", ""sel_10th_pre_req"": ""20"", ""sel_10th_pre_bid"": ""+11180"", ""sel_9th_pre_req_pre"": ""0"", ""sel_9th_pre_req"": ""10"", ""sel_9th_pre_bid"": ""+11150"", ""sel_8th_pre_req_pre"": ""0"", ""sel_8th_pre_req"": ""187"", ""sel_8th_pre_bid"": ""+11100"", ""sel_7th_pre_req_pre"": ""0"", ""sel_7th_pre_req"": ""2"", ""sel_7th_pre_bid"": ""+11080"", ""sel_6th_pre_req_pre"": ""0"", ""sel_6th_pre_req"": ""820"", ""sel_6th_pre_bid"": ""+11070"", ""sel_5th_pre_req_pre"": ""0"", ""sel_5th_pre_req"": ""300"", ""sel_5th_pre_bid"": ""+11050"", ""sel_4th_pre_req_pre"": ""0"", ""sel_4th_pre_req"": ""1014"", ""sel_4th_pre_bid"": ""+11030"", ""sel_3th_pre_req_pre"": ""0"", ""sel_3th_pre_req"": ""62"", ""sel_3th_pre_bid"": ""+11020"", ""sel_2th_pre_req_pre"": ""0"", ""sel_2th_pre_req"": ""1"", ""sel_2th_pre_bid"": ""+11000"", ""sel_1th_pre_req_pre"": ""+56"", ""sel_fpr_req"": ""90"", ""sel_fpr_bid"": ""+10980"", ""buy_fpr_bid"": ""+10920"", ""buy_fpr_req"": ""331"", ""buy_1th_pre_req_pre"": ""0"", ""buy_2th_pre_bid"": ""+10910"", ""buy_2th_pre_req"": ""600"", ""buy_2th_pre_req_pre"": ""0"", ""buy_3th_pre_bid"": ""+10900"", ""buy_3th_pre_req"": ""610"", ""buy_3th_pre_req_pre"": ""0"", ""buy_4th_pre_bid"": ""+10890"", ""buy_4th_pre_req"": ""60"", ""buy_4th_pre_req_pre"": ""0"", ""buy_5th_pre_bid"": ""+10880"", ""buy_5th_pre_req"": ""132"", ""buy_5th_pre_req_pre"": ""0"", ""buy_6th_pre_bid"": ""+10870"", ""buy_6th_pre_req"": ""258"", ""buy_6th_pre_req_pre"": ""0"", ""buy_7th_pre_bid"": ""+10850"", ""buy_7th_pre_req"": ""468"", ""buy_7th_pre_req_pre"": ""0"", ""buy_8th_pre_bid"": ""+10840"", ""buy_8th_pre_req"": ""284"", ""buy_8th_pre_req_pre"": ""0"", ""buy_9th_pre_bid"": ""+10800"", ""buy_9th_pre_req"": ""697"", ""buy_9th_pre_req_pre"": ""0"", ""buy_10th_pre_bid"": ""+10790"", ""buy_10th_pre_req"": ""58"", ""buy_10th_pre_req_pre"": ""0"", ""tot_sel_req_jub_pre"": ""+15"", ""tot_sel_req"": ""2506"", ""tot_buy_req"": ""3498"", ""tot_buy_req_jub_pre"": ""0"", ""ovt_sel_req_pre"": ""0"", ""ovt_sel_req"": ""0"", ""ovt_buy_req"": ""0"", ""ovt_buy_req_pre"": ""0"", ""return_code"": 0, ""return_msg"": ""정상적으로 처리되었습니다""}"
2026-06-10,scan_candidate,006220,,0,main_scan,11810,,11810,11780,11810,11750,-0.9314140558848433,0.2540220152413209,,,,,,"{""bid_req_base_tm"": ""110329"", ""sel_10th_pre_req_pre"": ""0"", ""sel_10th_pre_req"": ""3939"", ""sel_10th_pre_bid"": ""+11900"", ""sel_9th_pre_req_pre"": ""0"", ""sel_9th_pre_req"": ""1515"", ""sel_9th_pre_bid"": ""+11890"", ""sel_8th_pre_req_pre"": ""0"", ""sel_8th_pre_req"": ""706"", ""sel_8th_pre_bid"": ""+11880"", ""sel_7th_pre_req_pre"": ""0"", ""sel_7th_pre_req"": ""359"", ""sel_7th_pre_bid"": ""+11870"", ""sel_6th_pre_req_pre"": ""0"", ""sel_6th_pre_req"": ""203"", ""sel_6th_pre_bid"": ""+11860"", ""sel_5th_pre_req_pre"": ""0"", ""sel_5th_pre_req"": ""21"", ""sel_5th_pre_bid"": ""+11850"", ""sel_4th_pre_req_pre"": ""0"", ""sel_4th_pre_req"": ""326"", ""sel_4th_pre_bid"": ""+11840"", ""sel_3th_pre_req_pre"": ""0"", ""sel_3th_pre_req"": ""529"", ""sel_3th_pre_bid"": ""+11830"", ""sel_2th_pre_req_pre"": ""0"", ""sel_2th_pre_req"": ""393"", ""sel_2th_pre_bid"": ""+11820"", ""sel_1th_pre_req_pre"": ""+500"", ""sel_fpr_req"": ""603"", ""sel_fpr_bid"": ""+11810"", ""buy_fpr_bid"": ""+11780"", ""buy_fpr_req"": ""46"", ""buy_1th_pre_req_pre"": ""0"", ""buy_2th_pre_bid"": ""+11770"", ""buy_2th_pre_req"": ""1047"", ""buy_2th_pre_req_pre"": ""0"", ""buy_3th_pre_bid"": ""+11760"", ""buy_3th_pre_req"": ""481"", ""buy_3th_pre_req_pre"": ""0"", ""buy_4th_pre_bid"": ""+11750"", ""buy_4th_pre_req"": ""44"", ""buy_4th_pre_req_pre"": ""0"", ""buy_5th_pre_bid"": ""+11740"", ""buy_5th_pre_req"": ""248"", ""buy_5th_pre_req_pre"": ""0"", ""buy_6th_pre_bid"": ""+11730"", ""buy_6th_pre_req"": ""272"", ""buy_6th_pre_req_pre"": ""0"", ""buy_7th_pre_bid"": ""+11720"", ""buy_7th_pre_req"": ""111"", ""buy_7th_pre_req_pre"": ""0"", ""buy_8th_pre_bid"": ""+11710"", ""buy_8th_pre_req"": ""460"", ""buy_8th_pre_req_pre"": ""0"", ""buy_9th_pre_bid"": ""+11700"", ""buy_9th_pre_req"": ""491"", ""buy_9th_pre_req_pre"": ""0"", ""buy_10th_pre_bid"": ""+11690"", ""buy_10th_pre_req"": ""23"", ""buy_10th_pre_req_pre"": ""0"", ""tot_sel_req_jub_pre"": ""+500"", ""tot_sel_req"": ""8594"", ""tot_buy_req"": ""3223"", ""tot_buy_req_jub_pre"": ""0"", ""ovt_sel_req_pre"": ""0"", ""ovt_sel_req"": ""0"", ""ovt_buy_req"": ""0"", ""ovt_buy_req_pre"": ""0"", ""return_code"": 0, ""return_msg"": ""정상적으로 처리되었습니다""}"
2026-06-10,scan_candidate,092200,,0,main_scan,9530,,9530,9510,9530,9570,0.3147953830010493,0.2098635886673662,,,,,,"{""bid_req_base_tm"": ""110329"", ""sel_10th_pre_req_pre"": ""0"", ""sel_10th_pre_req"": ""139"", ""sel_10th_pre_bid"": ""-9630"", ""sel_9th_pre_req_pre"": ""0"", ""sel_9th_pre_req"": ""1198"", ""sel_9th_pre_bid"": ""-9620"", ""sel_8th_pre_req_pre"": ""0"", ""sel_8th_pre_req"": ""79"", ""sel_8th_pre_bid"": ""-9610"", ""sel_7th_pre_req_pre"": ""0"", ""sel_7th_pre_req"": ""95"", ""sel_7th_pre_bid"": ""-9600"", ""sel_6th_pre_req_pre"": ""0"", ""sel_6th_pre_req"": ""6"", ""sel_6th_pre_bid"": ""-9590"", ""sel_5th_pre_req_pre"": ""0"", ""sel_5th_pre_req"": ""80"", ""sel_5th_pre_bid"": ""-9570"", ""sel_4th_pre_req_pre"": ""0"", ""sel_4th_pre_req"": ""102"", ""sel_4th_pre_bid"": ""-9560"", ""sel_3th_pre_req_pre"": ""0"", ""sel_3th_pre_req"": ""256"", ""sel_3th_pre_bid"": ""-9550"", ""sel_2th_pre_req_pre"": ""0"", ""sel_2th_pre_req"": ""175"", ""sel_2th_pre_bid"": ""-9540"", ""sel_1th_pre_req_pre"": ""0"", ""sel_fpr_req"": ""107"", ""sel_fpr_bid"": ""-9530"", ""buy_fpr_bid"": ""-9510"", ""buy_fpr_req"": ""4309"", ""buy_1th_pre_req_pre"": ""0"", ""buy_2th_pre_bid"": ""-9500"", ""buy_2th_pre_req"": ""6488"", ""buy_2th_pre_req_pre"": ""0"", ""buy_3th_pre_bid"": ""-9490"", ""buy_3th_pre_req"": ""913"", ""buy_3th_pre_req_pre"": ""0"", ""buy_4th_pre_bid"": ""-9480"", ""buy_4th_pre_req"": ""1477"", ""buy_4th_pre_req_pre"": ""0"", ""buy_5th_pre_bid"": ""-9470"", ""buy_5th_pre_req"": ""563"", ""buy_5th_pre_req_pre"": ""+10"", ""buy_6th_pre_bid"": ""-9460"", ""buy_6th_pre_req"": ""3523"", ""buy_6th_pre_req_pre"": ""0"", ""buy_7th_pre_bid"": ""-9450"", ""buy_7th_pre_req"": ""1249"", ""buy_7th_pre_req_pre"": ""0"", ""buy_8th_pre_bid"": ""-9440"", ""buy_8th_pre_req"": ""469"", ""buy_8th_pre_req_pre"": ""0"", ""buy_9th_pre_bid"": ""-9430"", ""buy_9th_pre_req"": ""2230"", ""buy_9th_pre_req_pre"": ""0"", ""buy_10th_pre_bid"": ""-9420"", ""buy_10th_pre_req"": ""389"", ""buy_10th_pre_req_pre"": ""0"", ""tot_sel_req_jub_pre"": ""0"", ""tot_sel_req"": ""2237"", ""tot_buy_req"": ""21610"", ""tot_buy_req_jub_pre"": ""+10"", ""ovt_sel_req_pre"": ""0"", ""ovt_sel_req"": ""0"", ""ovt_buy_req"": ""0"", ""ovt_buy_req_pre"": ""0"", ""return_code"": 0, ""return_msg"": ""정상적으로 처리되었습니다""}"
2026-06-10,scan_candidate,000430,,0,main_scan,5660,,5660,5650,5660,5690,0.35335689045936397,0.17667844522968199,,,,,,"{""bid_req_base_tm"": ""110325"", ""sel_10th_pre_req_pre"": ""0"", ""sel_10th_pre_req"": ""2162"", ""sel_10th_pre_bid"": ""-5770"", ""sel_9th_pre_req_pre"": ""0"", ""sel_9th_pre_req"": ""390"", ""sel_9th_pre_bid"": ""-5760"", ""sel_8th_pre_req_pre"": ""0"", ""sel_8th_pre_req"": ""1237"", ""sel_8th_pre_bid"": ""-5750"", ""sel_7th_pre_req_pre"": ""0"", ""sel_7th_pre_req"": ""1340"", ""sel_7th_pre_bid"": ""-5740"", ""sel_6th_pre_req_pre"": ""0"", ""sel_6th_pre_req"": ""1965"", ""sel_6th_pre_bid"": ""-5730"", ""sel_5th_pre_req_pre"": ""0"", ""sel_5th_pre_req"": ""190"", ""sel_5th_pre_bid"": ""-5720"", ""sel_4th_pre_req_pre"": ""0"", ""sel_4th_pre_req"": ""228"", ""sel_4th_pre_bid"": ""-5710"", ""sel_3th_pre_req_pre"": ""0"", ""sel_3th_pre_req"": ""1502"", ""sel_3th_pre_bid"": ""-5700"", ""sel_2th_pre_req_pre"": ""0"", ""sel_2th_pre_req"": ""1654"", ""sel_2th_pre_bid"": ""-5680"", ""sel_1th_pre_req_pre"": ""0"", ""sel_fpr_req"": ""107"", ""sel_fpr_bid"": ""-5660"", ""buy_fpr_bid"": ""-5650"", ""buy_fpr_req"": ""592"", ""buy_1th_pre_req_pre"": ""+127"", ""buy_2th_pre_bid"": ""-5640"", ""buy_2th_pre_req"": ""919"", ""buy_2th_pre_req_pre"": ""0"", ""buy_3th_pre_bid"": ""-5630"", ""buy_3th_pre_req"": ""2853"", ""buy_3th_pre_req_pre"": ""0"", ""buy_4th_pre_bid"": ""-5620"", ""buy_4th_pre_req"": ""4316"", ""buy_4th_pre_req_pre"": ""0"", ""buy_5th_pre_bid"": ""-5610"", ""buy_5th_pre_req"": ""7083"", ""buy_5th_pre_req_pre"": ""0"", ""buy_6th_pre_bid"": ""-5600"", ""buy_6th_pre_req"": ""14524"", ""buy_6th_pre_req_pre"": ""0"", ""buy_7th_pre_bid"": ""-5590"", ""buy_7th_pre_req"": ""1488"", ""buy_7th_pre_req_pre"": ""0"", ""buy_8th_pre_bid"": ""-5580"", ""buy_8th_pre_req"": ""6299"", ""buy_8th_pre_req_pre"": ""0"", ""buy_9th_pre_bid"": ""-5570"", ""buy_9th_pre_req"": ""2748"", ""buy_9th_pre_req_pre"": ""0"", ""buy_10th_pre_bid"": ""-5560"", ""buy_10th_pre_req"": ""1646"", ""buy_10th_pre_req_pre"": ""0"", ""tot_sel_req_jub_pre"": ""0"", ""tot_sel_req"": ""10775"", ""tot_buy_req"": ""42468"", ""tot_buy_req_jub_pre"": ""+127"", ""ovt_sel_req_pre"": ""0"", ""ovt_sel_req"": ""0"", ""ovt_buy_req"": ""0"", ""ovt_buy_req_pre"": ""0"", ""return_code"": 0, ""return_msg"": ""정상적으로 처리되었습니다""}"
2026-06-10,scan_candidate,010690,,0,main_scan,10620,,10620,10610,10620,10550,-1.1299435028248588,0.09416195856873823,,,,,,"{""bid_req_base_tm"": ""110329"", ""sel_10th_pre_req_pre"": ""0"", ""sel_10th_pre_req"": ""50"", ""sel_10th_pre_bid"": ""+10710"", ""sel_9th_pre_req_pre"": ""0"", ""sel_9th_pre_req"": ""51"", ""sel_9th_pre_bid"": ""+10700"", ""sel_8th_pre_req_pre"": ""0"", ""sel_8th_pre_req"": ""599"", ""sel_8th_pre_bid"": ""+10690"", ""sel_7th_pre_req_pre"": ""0"", ""sel_7th_pre_req"": ""50"", ""sel_7th_pre_bid"": ""+10680"", ""sel_6th_pre_req_pre"": ""0"", ""sel_6th_pre_req"": ""112"", ""sel_6th_pre_bid"": ""+10670"", ""sel_5th_pre_req_pre"": ""0"", ""sel_5th_pre_req"": ""60"", ""sel_5th_pre_bid"": ""+10660"", ""sel_4th_pre_req_pre"": ""0"", ""sel_4th_pre_req"": ""98"", ""sel_4th_pre_bid"": ""+10650"", ""sel_3th_pre_req_pre"": ""0"", ""sel_3th_pre_req"": ""10"", ""sel_3th_pre_bid"": ""+10640"", ""sel_2th_pre_req_pre"": ""0"", ""sel_2th_pre_req"": ""50"", ""sel_2th_pre_bid"": ""+10630"", ""sel_1th_pre_req_pre"": ""0"", ""sel_fpr_req"": ""2067"", ""sel_fpr_bid"": ""+10620"", ""buy_fpr_bid"": ""+10610"", ""buy_fpr_req"": ""1"", ""buy_1th_pre_req_pre"": ""0"", ""buy_2th_pre_bid"": ""+10600"", ""buy_2th_pre_req"": ""15"", ""buy_2th_pre_req_pre"": ""0"", ""buy_3th_pre_bid"": ""+10590"", ""buy_3th_pre_req"": ""88"", ""buy_3th_pre_req_pre"": ""0"", ""buy_4th_pre_bid"": ""+10560"", ""buy_4th_pre_req"": ""203"", ""buy_4th_pre_req_pre"": ""0"", ""buy_5th_pre_bid"": ""+10550"", ""buy_5th_pre_req"": ""587"", ""buy_5th_pre_req_pre"": ""0"", ""buy_6th_pre_bid"": ""+10540"", ""buy_6th_pre_req"": ""89"", ""buy_6th_pre_req_pre"": ""--100"", ""buy_7th_pre_bid"": ""+10530"", ""buy_7th_pre_req"": ""376"", ""buy_7th_pre_req_pre"": ""0"", ""buy_8th_pre_bid"": ""+10520"", ""buy_8th_pre_req"": ""265"", ""buy_8th_pre_req_pre"": ""0"", ""buy_9th_pre_bid"": ""+10510"", ""buy_9th_pre_req"": ""800"", ""buy_9th_pre_req_pre"": ""0"", ""buy_10th_pre_bid"": ""+10500"", ""buy_10th_pre_req"": ""517"", ""buy_10th_pre_req_pre"": ""0"", ""tot_sel_req_jub_pre"": ""0"", ""tot_sel_req"": ""3147"", ""tot_buy_req"": ""2941"", ""tot_buy_req_jub_pre"": ""--100"", ""ovt_sel_req_pre"": ""0"", ""ovt_sel_req"": ""0"", ""ovt_buy_req"": ""0"", ""ovt_buy_req_pre"": ""0"", ""return_code"": 0, ""return_msg"": ""정상적으로 처리되었습니다""}"
2026-06-10,scan_candidate,005950,,0,main_scan,12010,,12010,11960,12010,12000,-0.4995836802664446,0.4163197335553705,,,,,,"{""bid_req_base_tm"": ""110326"", ""sel_10th_pre_req_pre"": ""0"", ""sel_10th_pre_req"": ""59"", ""sel_10th_pre_bid"": ""+12150"", ""sel_9th_pre_req_pre"": ""0"", ""sel_9th_pre_req"": ""25"", ""sel_9th_pre_bid"": ""+12140"", ""sel_8th_pre_req_pre"": ""0"", ""sel_8th_pre_req"": ""4"", ""sel_8th_pre_bid"": ""+12130"", ""sel_7th_pre_req_pre"": ""0"", ""sel_7th_pre_req"": ""6"", ""sel_7th_pre_bid"": ""+12100"", ""sel_6th_pre_req_pre"": ""0"", ""sel_6th_pre_req"": ""2"", ""sel_6th_pre_bid"": ""+12090"", ""sel_5th_pre_req_pre"": ""0"", ""sel_5th_pre_req"": ""50"", ""sel_5th_pre_bid"": ""+12070"", ""sel_4th_pre_req_pre"": ""0"", ""sel_4th_pre_req"": ""228"", ""sel_4th_pre_bid"": ""+12050"", ""sel_3th_pre_req_pre"": ""0"", ""sel_3th_pre_req"": ""25"", ""sel_3th_pre_bid"": ""+12040"", ""sel_2th_pre_req_pre"": ""0"", ""sel_2th_pre_req"": ""178"", ""sel_2th_pre_bid"": ""+12020"", ""sel_1th_pre_req_pre"": ""0"", ""sel_fpr_req"": ""507"", ""sel_fpr_bid"": ""+12010"", ""buy_fpr_bid"": ""+11960"", ""buy_fpr_req"": ""271"", ""buy_1th_pre_req_pre"": ""0"", ""buy_2th_pre_bid"": ""+11950"", ""buy_2th_pre_req"": ""170"", ""buy_2th_pre_req_pre"": ""0"", ""buy_3th_pre_bid"": ""+11930"", ""buy_3th_pre_req"": ""43"", ""buy_3th_pre_req_pre"": ""0"", ""buy_4th_pre_bid"": ""+11920"", ""buy_4th_pre_req"": ""12"", ""buy_4th_pre_req_pre"": ""0"", ""buy_5th_pre_bid"": ""+11910"", ""buy_5th_pre_req"": ""61"", ""buy_5th_pre_req_pre"": ""0"", ""buy_6th_pre_bid"": ""+11900"", ""buy_6th_pre_req"": ""409"", ""buy_6th_pre_req_pre"": ""0"", ""buy_7th_pre_bid"": ""+11890"", ""buy_7th_pre_req"": ""198"", ""buy_7th_pre_req_pre"": ""0"", ""buy_8th_pre_bid"": ""+11880"", ""buy_8th_pre_req"": ""101"", ""buy_8th_pre_req_pre"": ""0"", ""buy_9th_pre_bid"": ""+11860"", ""buy_9th_pre_req"": ""155"", ""buy_9th_pre_req_pre"": ""0"", ""buy_10th_pre_bid"": ""+11850"", ""buy_10th_pre_req"": ""152"", ""buy_10th_pre_req_pre"": ""0"", ""tot_sel_req_jub_pre"": ""0"", ""tot_sel_req"": ""1084"", ""tot_buy_req"": ""1572"", ""tot_buy_req_jub_pre"": ""0"", ""ovt_sel_req_pre"": ""0"", ""ovt_sel_req"": ""0"", ""ovt_buy_req"": ""0"", ""ovt_buy_req_pre"": ""0"", ""return_code"": 0, ""return_msg"": ""정상적으로 처리되었습니다""}"
2026-06-10,watchlist,014680,,0,filtered_candidate_recheck,260500,,260500,260000,260500,262000,0.3838771593090211,0.19193857965451055,,,,,,"{""bid_req_base_tm"": ""110512"", ""sel_10th_pre_req_pre"": ""0"", ""sel_10th_pre_req"": ""35"", ""sel_10th_pre_bid"": ""+265000"", ""sel_9th_pre_req_pre"": ""0"", ""sel_9th_pre_req"": ""2"", ""sel_9th_pre_bid"": ""+264500"", ""sel_8th_pre_req_pre"": ""0"", ""sel_8th_pre_req"": ""84"", ""sel_8th_pre_bid"": ""+264000"", ""sel_7th_pre_req_pre"": ""0"", ""sel_7th_pre_req"": ""13"", ""sel_7th_pre_bid"": ""+263500"", ""sel_6th_pre_req_pre"": ""0"", ""sel_6th_pre_req"": ""3"", ""sel_6th_pre_bid"": ""+263000"", ""sel_5th_pre_req_pre"": ""0"", ""sel_5th_pre_req"": ""4"", ""sel_5th_pre_bid"": ""+262500"", ""sel_4th_pre_req_pre"": ""0"", ""sel_4th_pre_req"": ""10"", ""sel_4th_pre_bid"": ""+262000"", ""sel_3th_pre_req_pre"": ""0"", ""sel_3th_pre_req"": ""15"", ""sel_3th_pre_bid"": ""+261500"", ""sel_2th_pre_req_pre"": ""0"", ""sel_2th_pre_req"": ""24"", ""sel_2th_pre_bid"": ""+261000"", ""sel_1th_pre_req_pre"": ""+7"", ""sel_fpr_req"": ""97"", ""sel_fpr_bid"": ""+260500"", ""buy_fpr_bid"": ""+260000"", ""buy_fpr_req"": ""140"", ""buy_1th_pre_req_pre"": ""0"", ""buy_2th_pre_bid"": ""+259500"", ""buy_2th_pre_req"": ""150"", ""buy_2th_pre_req_pre"": ""0"", ""buy_3th_pre_bid"": ""+259000"", ""buy_3th_pre_req"": ""245"", ""buy_3th_pre_req_pre"": ""0"", ""buy_4th_pre_bid"": ""+258500"", ""buy_4th_pre_req"": ""120"", ""buy_4th_pre_req_pre"": ""0"", ""buy_5th_pre_bid"": ""+258000"", ""buy_5th_pre_req"": ""101"", ""buy_5th_pre_req_pre"": ""0"", ""buy_6th_pre_bid"": ""+257500"", ""buy_6th_pre_req"": ""132"", ""buy_6th_pre_req_pre"": ""0"", ""buy_7th_pre_bid"": ""+257000"", ""buy_7th_pre_req"": ""141"", ""buy_7th_pre_req_pre"": ""0"", ""buy_8th_pre_bid"": ""+256500"", ""buy_8th_pre_req"": ""3"", ""buy_8th_pre_req_pre"": ""0"", ""buy_9th_pre_bid"": ""+256000"", ""buy_9th_pre_req"": ""45"", ""buy_9th_pre_req_pre"": ""0"", ""buy_10th_pre_bid"": ""+255500"", ""buy_10th_pre_req"": ""79"", ""buy_10th_pre_req_pre"": ""0"", ""tot_sel_req_jub_pre"": ""+7"", ""tot_sel_req"": ""287"", ""tot_buy_req"": ""1156"", ""tot_buy_req_jub_pre"": ""0"", ""ovt_sel_req_pre"": ""0"", ""ovt_sel_req"": ""0"", ""ovt_buy_req"": ""0"", ""ovt_buy_req_pre"": ""0"", ""return_code"": 0, ""return_msg"": ""정상적으로 처리되었습니다""}"
2026-06-10,watchlist,035420,,1,filtered_candidate_recheck,233000,,233000,232500,233000,234500,0.4291845493562232,0.2145922746781116,,,,,,"{""bid_req_base_tm"": ""110517"", ""sel_10th_pre_req_pre"": ""0"", ""sel_10th_pre_req"": ""3324"", ""sel_10th_pre_bid"": ""-237500"", ""sel_9th_pre_req_pre"": ""0"", ""sel_9th_pre_req"": ""1647"", ""sel_9th_pre_bid"": ""-237000"", ""sel_8th_pre_req_pre"": ""0"", ""sel_8th_pre_req"": ""4458"", ""sel_8th_pre_bid"": ""-236500"", ""sel_7th_pre_req_pre"": ""0"", ""sel_7th_pre_req"": ""3688"", ""sel_7th_pre_bid"": ""-236000"", ""sel_6th_pre_req_pre"": ""0"", ""sel_6th_pre_req"": ""1973"", ""sel_6th_pre_bid"": ""-235500"", ""sel_5th_pre_req_pre"": ""0"", ""sel_5th_pre_req"": ""1832"", ""sel_5th_pre_bid"": ""-235000"", ""sel_4th_pre_req_pre"": ""0"", ""sel_4th_pre_req"": ""1115"", ""sel_4th_pre_bid"": ""-234500"", ""sel_3th_pre_req_pre"": ""0"", ""sel_3th_pre_req"": ""2170"", ""sel_3th_pre_bid"": ""-234000"", ""sel_2th_pre_req_pre"": ""0"", ""sel_2th_pre_req"": ""3088"", ""sel_2th_pre_bid"": ""-233500"", ""sel_1th_pre_req_pre"": ""0"", ""sel_fpr_req"": ""3552"", ""sel_fpr_bid"": ""-233000"", ""buy_fpr_bid"": ""-232500"", ""buy_fpr_req"": ""12113"", ""buy_1th_pre_req_pre"": ""0"", ""buy_2th_pre_bid"": ""-232000"", ""buy_2th_pre_req"": ""14321"", ""buy_2th_pre_req_pre"": ""0"", ""buy_3th_pre_bid"": ""-231500"", ""buy_3th_pre_req"": ""13121"", ""buy_3th_pre_req_pre"": ""0"", ""buy_4th_pre_bid"": ""-231000"", ""buy_4th_pre_req"": ""16883"", ""buy_4th_pre_req_pre"": ""0"", ""buy_5th_pre_bid"": ""-230500"", ""buy_5th_pre_req"": ""17167"", ""buy_5th_pre_req_pre"": ""0"", ""buy_6th_pre_bid"": ""-230000"", ""buy_6th_pre_req"": ""70703"", ""buy_6th_pre_req_pre"": ""0"", ""buy_7th_pre_bid"": ""-229500"", ""buy_7th_pre_req"": ""4998"", ""buy_7th_pre_req_pre"": ""0"", ""buy_8th_pre_bid"": ""-229000"", ""buy_8th_pre_req"": ""6208"", ""buy_8th_pre_req_pre"": ""0"", ""buy_9th_pre_bid"": ""-228500"", ""buy_9th_pre_req"": ""7953"", ""buy_9th_pre_req_pre"": ""0"", ""buy_10th_pre_bid"": ""-228000"", ""buy_10th_pre_req"": ""4586"", ""buy_10th_pre_req_pre"": ""+3"", ""tot_sel_req_jub_pre"": ""0"", ""tot_sel_req"": ""26847"", ""tot_buy_req"": ""168053"", ""tot_buy_req_jub_pre"": ""+3"", ""ovt_sel_req_pre"": ""0"", ""ovt_sel_req"": ""0"", ""ovt_buy_req"": ""0"", ""ovt_buy_req_pre"": ""0"", ""return_code"": 0, ""return_msg"": ""정상적으로 처리되었습니다""}"
2026-06-10,watchlist,036570,,0,filtered_candidate_recheck,258500,,258500,258000,258500,258500,-0.19342359767891684,0.19342359767891684,,,,,,"{""bid_req_base_tm"": ""110517"", ""sel_10th_pre_req_pre"": ""0"", ""sel_10th_pre_req"": ""63"", ""sel_10th_pre_bid"": ""-263500"", ""sel_9th_pre_req_pre"": ""0"", ""sel_9th_pre_req"": ""36"", ""sel_9th_pre_bid"": ""-263000"", ""sel_8th_pre_req_pre"": ""0"", ""sel_8th_pre_req"": ""17"", ""sel_8th_pre_bid"": ""-262500"", ""sel_7th_pre_req_pre"": ""0"", ""sel_7th_pre_req"": ""66"", ""sel_7th_pre_bid"": ""-262000"", ""sel_6th_pre_req_pre"": ""0"", ""sel_6th_pre_req"": ""26"", ""sel_6th_pre_bid"": ""-261500"", ""sel_5th_pre_req_pre"": ""0"", ""sel_5th_pre_req"": ""64"", ""sel_5th_pre_bid"": ""-261000"", ""sel_4th_pre_req_pre"": ""0"", ""sel_4th_pre_req"": ""187"", ""sel_4th_pre_bid"": ""-260000"", ""sel_3th_pre_req_pre"": ""0"", ""sel_3th_pre_req"": ""1125"", ""sel_3th_pre_bid"": ""-259500"", ""sel_2th_pre_req_pre"": ""0"", ""sel_2th_pre_req"": ""22"", ""sel_2th_pre_bid"": ""-259000"", ""sel_1th_pre_req_pre"": ""0"", ""sel_fpr_req"": ""68"", ""sel_fpr_bid"": ""-258500"", ""buy_fpr_bid"": ""-258000"", ""buy_fpr_req"": ""121"", ""buy_1th_pre_req_pre"": ""0"", ""buy_2th_pre_bid"": ""-257500"", ""buy_2th_pre_req"": ""95"", ""buy_2th_pre_req_pre"": ""0"", ""buy_3th_pre_bid"": ""-257000"", ""buy_3th_pre_req"": ""130"", ""buy_3th_pre_req_pre"": ""0"", ""buy_4th_pre_bid"": ""-256500"", ""buy_4th_pre_req"": ""96"", ""buy_4th_pre_req_pre"": ""0"", ""buy_5th_pre_bid"": ""-256000"", ""buy_5th_pre_req"": ""215"", ""buy_5th_pre_req_pre"": ""0"", ""buy_6th_pre_bid"": ""-255500"", ""buy_6th_pre_req"": ""205"", ""buy_6th_pre_req_pre"": ""0"", ""buy_7th_pre_bid"": ""-255000"", ""buy_7th_pre_req"": ""315"", ""buy_7th_pre_req_pre"": ""0"", ""buy_8th_pre_bid"": ""-254500"", ""buy_8th_pre_req"": ""364"", ""buy_8th_pre_req_pre"": ""0"", ""buy_9th_pre_bid"": ""-254000"", ""buy_9th_pre_req"": ""352"", ""buy_9th_pre_req_pre"": ""0"", ""buy_10th_pre_bid"": ""-253500"", ""buy_10th_pre_req"": ""425"", ""buy_10th_pre_req_pre"": ""0"", ""tot_sel_req_jub_pre"": ""0"", ""tot_sel_req"": ""1674"", ""tot_buy_req"": ""2318"", ""tot_buy_req_jub_pre"": ""0"", ""ovt_sel_req_pre"": ""0"", ""ovt_sel_req"": ""0"", ""ovt_buy_req"": ""0"", ""ovt_buy_req_pre"": ""0"", ""return_code"": 0, ""return_msg"": ""정상적으로 처리되었습니다""}"
2026-06-10,watchlist,005090,,0,filtered_candidate_recheck,51800,,51800,51700,51800,51900,0.0,0.19305019305019305,,,,,,"{""bid_req_base_tm"": ""110510"", ""sel_10th_pre_req_pre"": ""0"", ""sel_10th_pre_req"": ""110"", ""sel_10th_pre_bid"": ""+52700"", ""sel_9th_pre_req_pre"": ""0"", ""sel_9th_pre_req"": ""28"", ""sel_9th_pre_bid"": ""+52600"", ""sel_8th_pre_req_pre"": ""0"", ""sel_8th_pre_req"": ""35"", ""sel_8th_pre_bid"": ""+52500"", ""sel_7th_pre_req_pre"": ""0"", ""sel_7th_pre_req"": ""30"", ""sel_7th_pre_bid"": ""+52400"", ""sel_6th_pre_req_pre"": ""0"", ""sel_6th_pre_req"": ""39"", ""sel_6th_pre_bid"": ""+52300"", ""sel_5th_pre_req_pre"": ""0"", ""sel_5th_pre_req"": ""24"", ""sel_5th_pre_bid"": ""+52200"", ""sel_4th_pre_req_pre"": ""0"", ""sel_4th_pre_req"": ""23"", ""sel_4th_pre_bid"": ""+52100"", ""sel_3th_pre_req_pre"": ""0"", ""sel_3th_pre_req"": ""13"", ""sel_3th_pre_bid"": ""+52000"", ""sel_2th_pre_req_pre"": ""--1"", ""sel_2th_pre_req"": ""39"", ""sel_2th_pre_bid"": ""+51900"", ""sel_1th_pre_req_pre"": ""+1"", ""sel_fpr_req"": ""229"", ""sel_fpr_bid"": ""+51800"", ""buy_fpr_bid"": ""+51700"", ""buy_fpr_req"": ""1"", ""buy_1th_pre_req_pre"": ""0"", ""buy_2th_pre_bid"": ""+51600"", ""buy_2th_pre_req"": ""50"", ""buy_2th_pre_req_pre"": ""0"", ""buy_3th_pre_bid"": ""+51500"", ""buy_3th_pre_req"": ""164"", ""buy_3th_pre_req_pre"": ""0"", ""buy_4th_pre_bid"": ""+51400"", ""buy_4th_pre_req"": ""232"", ""buy_4th_pre_req_pre"": ""0"", ""buy_5th_pre_bid"": ""+51300"", ""buy_5th_pre_req"": ""119"", ""buy_5th_pre_req_pre"": ""0"", ""buy_6th_pre_bid"": ""+51200"", ""buy_6th_pre_req"": ""1424"", ""buy_6th_pre_req_pre"": ""0"", ""buy_7th_pre_bid"": ""+51100"", ""buy_7th_pre_req"": ""142"", ""buy_7th_pre_req_pre"": ""0"", ""buy_8th_pre_bid"": ""+51000"", ""buy_8th_pre_req"": ""428"", ""buy_8th_pre_req_pre"": ""0"", ""buy_9th_pre_bid"": ""+50900"", ""buy_9th_pre_req"": ""224"", ""buy_9th_pre_req_pre"": ""0"", ""buy_10th_pre_bid"": ""+50800"", ""buy_10th_pre_req"": ""702"", ""buy_10th_pre_req_pre"": ""0"", ""tot_sel_req_jub_pre"": ""0"", ""tot_sel_req"": ""570"", ""tot_buy_req"": ""3486"", ""tot_buy_req_jub_pre"": ""0"", ""ovt_sel_req_pre"": ""0"", ""ovt_sel_req"": ""0"", ""ovt_buy_req"": ""0"", ""ovt_buy_req_pre"": ""0"", ""return_code"": 0, ""return_msg"": ""정상적으로 처리되었습니다""}"
2026-06-10,watchlist,066570,,0,filtered_candidate_recheck,231500,,231500,231000,231500,233000,0.4319654427645789,0.21598272138228944,,,,,,"{""bid_req_base_tm"": ""110518"", ""sel_10th_pre_req_pre"": ""0"", ""sel_10th_pre_req"": ""2986"", ""sel_10th_pre_bid"": ""-236000"", ""sel_9th_pre_req_pre"": ""0"", ""sel_9th_pre_req"": ""2304"", ""sel_9th_pre_bid"": ""-235500"", ""sel_8th_pre_req_pre"": ""0"", ""sel_8th_pre_req"": ""3920"", ""sel_8th_pre_bid"": ""-235000"", ""sel_7th_pre_req_pre"": ""0"", ""sel_7th_pre_req"": ""1615"", ""sel_7th_pre_bid"": ""-234500"", ""sel_6th_pre_req_pre"": ""0"", ""sel_6th_pre_req"": ""1101"", ""sel_6th_pre_bid"": ""-234000"", ""sel_5th_pre_req_pre"": ""0"", ""sel_5th_pre_req"": ""307"", ""sel_5th_pre_bid"": ""-233500"", ""sel_4th_pre_req_pre"": ""0"", ""sel_4th_pre_req"": ""766"", ""sel_4th_pre_bid"": ""-233000"", ""sel_3th_pre_req_pre"": ""0"", ""sel_3th_pre_req"": ""1276"", ""sel_3th_pre_bid"": ""-232500"", ""sel_2th_pre_req_pre"": ""0"", ""sel_2th_pre_req"": ""1876"", ""sel_2th_pre_bid"": ""-232000"", ""sel_1th_pre_req_pre"": ""0"", ""sel_fpr_req"": ""7964"", ""sel_fpr_bid"": ""-231500"", ""buy_fpr_bid"": ""-231000"", ""buy_fpr_req"": ""9179"", ""buy_1th_pre_req_pre"": ""--3"", ""buy_2th_pre_bid"": ""-230500"", ""buy_2th_pre_req"": ""17751"", ""buy_2th_pre_req_pre"": ""0"", ""buy_3th_pre_bid"": ""-230000"", ""buy_3th_pre_req"": ""42641"", ""buy_3th_pre_req_pre"": ""0"", ""buy_4th_pre_bid"": ""-229500"", ""buy_4th_pre_req"": ""10179"", ""buy_4th_pre_req_pre"": ""0"", ""buy_5th_pre_bid"": ""-229000"", ""buy_5th_pre_req"": ""8988"", ""buy_5th_pre_req_pre"": ""0"", ""buy_6th_pre_bid"": ""-228500"", ""buy_6th_pre_req"": ""6676"", ""buy_6th_pre_req_pre"": ""0"", ""buy_7th_pre_bid"": ""-228000"", ""buy_7th_pre_req"": ""11443"", ""buy_7th_pre_req_pre"": ""0"", ""buy_8th_pre_bid"": ""-227500"", ""buy_8th_pre_req"": ""4598"", ""buy_8th_pre_req_pre"": ""0"", ""buy_9th_pre_bid"": ""-227000"", ""buy_9th_pre_req"": ""55540"", ""buy_9th_pre_req_pre"": ""0"", ""buy_10th_pre_bid"": ""-226500"", ""buy_10th_pre_req"": ""2691"", ""buy_10th_pre_req_pre"": ""0"", ""tot_sel_req_jub_pre"": ""0"", ""tot_sel_req"": ""24115"", ""tot_buy_req"": ""169686"", ""tot_buy_req_jub_pre"": ""--3"", ""ovt_sel_req_pre"": ""0"", ""ovt_sel_req"": ""0"", ""ovt_buy_req"": ""0"", ""ovt_buy_req_pre"": ""0"", ""return_code"": 0, ""return_msg"": ""정상적으로 처리되었습니다""}"
2026-06-10,watchlist,028670,,1,filtered_candidate_recheck,5020,,5020,5010,5020,5060,0.5976095617529881,0.199203187250996,,,,,,"{""bid_req_base_tm"": ""110518"", ""sel_10th_pre_req_pre"": ""0"", ""sel_10th_pre_req"": ""801"", ""sel_10th_pre_bid"": ""-5110"", ""sel_9th_pre_req_pre"": ""0"", ""sel_9th_pre_req"": ""2461"", ""sel_9th_pre_bid"": ""-5100"", ""sel_8th_pre_req_pre"": ""0"", ""sel_8th_pre_req"": ""1385"", ""sel_8th_pre_bid"": ""-5090"", ""sel_7th_pre_req_pre"": ""0"", ""sel_7th_pre_req"": ""1217"", ""sel_7th_pre_bid"": ""-5080"", ""sel_6th_pre_req_pre"": ""0"", ""sel_6th_pre_req"": ""601"", ""sel_6th_pre_bid"": ""-5070"", ""sel_5th_pre_req_pre"": ""0"", ""sel_5th_pre_req"": ""504"", ""sel_5th_pre_bid"": ""-5060"", ""sel_4th_pre_req_pre"": ""0"", ""sel_4th_pre_req"": ""1271"", ""sel_4th_pre_bid"": ""-5050"", ""sel_3th_pre_req_pre"": ""0"", ""sel_3th_pre_req"": ""1156"", ""sel_3th_pre_bid"": ""-5040"", ""sel_2th_pre_req_pre"": ""0"", ""sel_2th_pre_req"": ""1632"", ""sel_2th_pre_bid"": ""-5030"", ""sel_1th_pre_req_pre"": ""+109"", ""sel_fpr_req"": ""1172"", ""sel_fpr_bid"": ""-5020"", ""buy_fpr_bid"": ""-5010"", ""buy_fpr_req"": ""24985"", ""buy_1th_pre_req_pre"": ""0"", ""buy_2th_pre_bid"": ""-5000"", ""buy_2th_pre_req"": ""14383"", ""buy_2th_pre_req_pre"": ""0"", ""buy_3th_pre_bid"": ""-4995"", ""buy_3th_pre_req"": ""6877"", ""buy_3th_pre_req_pre"": ""0"", ""buy_4th_pre_bid"": ""-4990"", ""buy_4th_pre_req"": ""5879"", ""buy_4th_pre_req_pre"": ""0"", ""buy_5th_pre_bid"": ""-4985"", ""buy_5th_pre_req"": ""1383"", ""buy_5th_pre_req_pre"": ""0"", ""buy_6th_pre_bid"": ""-4980"", ""buy_6th_pre_req"": ""7354"", ""buy_6th_pre_req_pre"": ""0"", ""buy_7th_pre_bid"": ""-4975"", ""buy_7th_pre_req"": ""149"", ""buy_7th_pre_req_pre"": ""0"", ""buy_8th_pre_bid"": ""-4970"", ""buy_8th_pre_req"": ""3766"", ""buy_8th_pre_req_pre"": ""0"", ""buy_9th_pre_bid"": ""-4965"", ""buy_9th_pre_req"": ""495"", ""buy_9th_pre_req_pre"": ""0"", ""buy_10th_pre_bid"": ""-4960"", ""buy_10th_pre_req"": ""2805"", ""buy_10th_pre_req_pre"": ""0"", ""tot_sel_req_jub_pre"": ""+109"", ""tot_sel_req"": ""12200"", ""tot_buy_req"": ""68076"", ""tot_buy_req_jub_pre"": ""0"", ""ovt_sel_req_pre"": ""0"", ""ovt_sel_req"": ""0"", ""ovt_buy_req"": ""0"", ""ovt_buy_req_pre"": ""0"", ""return_code"": 0, ""return_msg"": ""정상적으로 처리되었습니다""}"
2026-06-10,watchlist,004990,,0,filtered_candidate_recheck,25900,,25900,25850,25900,25750,-0.7722007722007722,0.19305019305019305,,,,,,"{""bid_req_base_tm"": ""110515"", ""sel_10th_pre_req_pre"": ""0"", ""sel_10th_pre_req"": ""6"", ""sel_10th_pre_bid"": ""+26350"", ""sel_9th_pre_req_pre"": ""0"", ""sel_9th_pre_req"": ""140"", ""sel_9th_pre_bid"": ""+26300"", ""sel_8th_pre_req_pre"": ""0"", ""sel_8th_pre_req"": ""135"", ""sel_8th_pre_bid"": ""+26250"", ""sel_7th_pre_req_pre"": ""0"", ""sel_7th_pre_req"": ""196"", ""sel_7th_pre_bid"": ""+26200"", ""sel_6th_pre_req_pre"": ""0"", ""sel_6th_pre_req"": ""3120"", ""sel_6th_pre_bid"": ""26150"", ""sel_5th_pre_req_pre"": ""0"", ""sel_5th_pre_req"": ""495"", ""sel_5th_pre_bid"": ""-26100"", ""sel_4th_pre_req_pre"": ""0"", ""sel_4th_pre_req"": ""69"", ""sel_4th_pre_bid"": ""-26050"", ""sel_3th_pre_req_pre"": ""0"", ""sel_3th_pre_req"": ""74"", ""sel_3th_pre_bid"": ""-26000"", ""sel_2th_pre_req_pre"": ""0"", ""sel_2th_pre_req"": ""118"", ""sel_2th_pre_bid"": ""-25950"", ""sel_1th_pre_req_pre"": ""0"", ""sel_fpr_req"": ""437"", ""sel_fpr_bid"": ""-25900"", ""buy_fpr_bid"": ""-25850"", ""buy_fpr_req"": ""44"", ""buy_1th_pre_req_pre"": ""0"", ""buy_2th_pre_bid"": ""-25800"", ""buy_2th_pre_req"": ""527"", ""buy_2th_pre_req_pre"": ""0"", ""buy_3th_pre_bid"": ""-25750"", ""buy_3th_pre_req"": ""511"", ""buy_3th_pre_req_pre"": ""0"", ""buy_4th_pre_bid"": ""-25700"", ""buy_4th_pre_req"": ""150"", ""buy_4th_pre_req_pre"": ""0"", ""buy_5th_pre_bid"": ""-25650"", ""buy_5th_pre_req"": ""201"", ""buy_5th_pre_req_pre"": ""0"", ""buy_6th_pre_bid"": ""-25600"", ""buy_6th_pre_req"": ""295"", ""buy_6th_pre_req_pre"": ""0"", ""buy_7th_pre_bid"": ""-25550"", ""buy_7th_pre_req"": ""422"", ""buy_7th_pre_req_pre"": ""0"", ""buy_8th_pre_bid"": ""-25500"", ""buy_8th_pre_req"": ""993"", ""buy_8th_pre_req_pre"": ""+1"", ""buy_9th_pre_bid"": ""-25450"", ""buy_9th_pre_req"": ""67"", ""buy_9th_pre_req_pre"": ""0"", ""buy_10th_pre_bid"": ""-25400"", ""buy_10th_pre_req"": ""676"", ""buy_10th_pre_req_pre"": ""0"", ""tot_sel_req_jub_pre"": ""0"", ""tot_sel_req"": ""4790"", ""tot_buy_req"": ""3886"", ""tot_buy_req_jub_pre"": ""+1"", ""ovt_sel_req_pre"": ""0"", ""ovt_sel_req"": ""0"", ""ovt_buy_req"": ""0"", ""ovt_buy_req_pre"": ""0"", ""return_code"": 0, ""return_msg"": ""정상적으로 처리되었습니다""}"
2026-06-10,watchlist,081660,,0,filtered_candidate_recheck,40400,,40400,40300,40400,40450,0.0,0.24752475247524752,,,,,,"{""bid_req_base_tm"": ""110518"", ""sel_10th_pre_req_pre"": ""0"", ""sel_10th_pre_req"": ""166"", ""sel_10th_pre_bid"": ""+40900"", ""sel_9th_pre_req_pre"": ""0"", ""sel_9th_pre_req"": ""136"", ""sel_9th_pre_bid"": ""+40800"", ""sel_8th_pre_req_pre"": ""0"", ""sel_8th_pre_req"": ""13"", ""sel_8th_pre_bid"": ""+40750"", ""sel_7th_pre_req_pre"": ""0"", ""sel_7th_pre_req"": ""70"", ""sel_7th_pre_bid"": ""+40700"", ""sel_6th_pre_req_pre"": ""0"", ""sel_6th_pre_req"": ""50"", ""sel_6th_pre_bid"": ""+40650"", ""sel_5th_pre_req_pre"": ""0"", ""sel_5th_pre_req"": ""70"", ""sel_5th_pre_bid"": ""+40600"", ""sel_4th_pre_req_pre"": ""0"", ""sel_4th_pre_req"": ""1"", ""sel_4th_pre_bid"": ""+40550"", ""sel_3th_pre_req_pre"": ""0"", ""sel_3th_pre_req"": ""203"", ""sel_3th_pre_bid"": ""+40500"", ""sel_2th_pre_req_pre"": ""0"", ""sel_2th_pre_req"": ""6"", ""sel_2th_pre_bid"": ""+40450"", ""sel_1th_pre_req_pre"": ""0"", ""sel_fpr_req"": ""39"", ""sel_fpr_bid"": ""+40400"", ""buy_fpr_bid"": ""+40300"", ""buy_fpr_req"": ""129"", ""buy_1th_pre_req_pre"": ""+18"", ""buy_2th_pre_bid"": ""+40200"", ""buy_2th_pre_req"": ""49"", ""buy_2th_pre_req_pre"": ""0"", ""buy_3th_pre_bid"": ""+40150"", ""buy_3th_pre_req"": ""250"", ""buy_3th_pre_req_pre"": ""--16"", ""buy_4th_pre_bid"": ""+40100"", ""buy_4th_pre_req"": ""125"", ""buy_4th_pre_req_pre"": ""0"", ""buy_5th_pre_bid"": ""+40050"", ""buy_5th_pre_req"": ""291"", ""buy_5th_pre_req_pre"": ""0"", ""buy_6th_pre_bid"": ""+40000"", ""buy_6th_pre_req"": ""509"", ""buy_6th_pre_req_pre"": ""0"", ""buy_7th_pre_bid"": ""+39950"", ""buy_7th_pre_req"": ""500"", ""buy_7th_pre_req_pre"": ""0"", ""buy_8th_pre_bid"": ""+39900"", ""buy_8th_pre_req"": ""2"", ""buy_8th_pre_req_pre"": ""0"", ""buy_9th_pre_bid"": ""+39850"", ""buy_9th_pre_req"": ""1"", ""buy_9th_pre_req_pre"": ""0"", ""buy_10th_pre_bid"": ""+39800"", ""buy_10th_pre_req"": ""5"", ""buy_10th_pre_req_pre"": ""0"", ""tot_sel_req_jub_pre"": ""0"", ""tot_sel_req"": ""754"", ""tot_buy_req"": ""1861"", ""tot_buy_req_jub_pre"": ""+2"", ""ovt_sel_req_pre"": ""0"", ""ovt_sel_req"": ""0"", ""ovt_buy_req"": ""0"", ""ovt_buy_req_pre"": ""0"", ""return_code"": 0, ""return_msg"": ""정상적으로 처리되었습니다""}"
2026-06-10,watchlist,008770,,0,filtered_candidate_recheck,55400,,55400,55200,55400,55100,-0.7220216606498195,0.36101083032490977,,,,,,"{""bid_req_base_tm"": ""110516"", ""sel_10th_pre_req_pre"": ""0"", ""sel_10th_pre_req"": ""27"", ""sel_10th_pre_bid"": ""+56300"", ""sel_9th_pre_req_pre"": ""0"", ""sel_9th_pre_req"": ""125"", ""sel_9th_pre_bid"": ""+56200"", ""sel_8th_pre_req_pre"": ""0"", ""sel_8th_pre_req"": ""6"", ""sel_8th_pre_bid"": ""+56100"", ""sel_7th_pre_req_pre"": ""0"", ""sel_7th_pre_req"": ""126"", ""sel_7th_pre_bid"": ""+56000"", ""sel_6th_pre_req_pre"": ""0"", ""sel_6th_pre_req"": ""888"", ""sel_6th_pre_bid"": ""+55900"", ""sel_5th_pre_req_pre"": ""0"", ""sel_5th_pre_req"": ""547"", ""sel_5th_pre_bid"": ""+55800"", ""sel_4th_pre_req_pre"": ""0"", ""sel_4th_pre_req"": ""90"", ""sel_4th_pre_bid"": ""+55700"", ""sel_3th_pre_req_pre"": ""0"", ""sel_3th_pre_req"": ""339"", ""sel_3th_pre_bid"": ""+55600"", ""sel_2th_pre_req_pre"": ""+4"", ""sel_2th_pre_req"": ""451"", ""sel_2th_pre_bid"": ""+55500"", ""sel_1th_pre_req_pre"": ""0"", ""sel_fpr_req"": ""104"", ""sel_fpr_bid"": ""+55400"", ""buy_fpr_bid"": ""55200"", ""buy_fpr_req"": ""246"", ""buy_1th_pre_req_pre"": ""0"", ""buy_2th_pre_bid"": ""-55100"", ""buy_2th_pre_req"": ""10"", ""buy_2th_pre_req_pre"": ""0"", ""buy_3th_pre_bid"": ""-55000"", ""buy_3th_pre_req"": ""579"", ""buy_3th_pre_req_pre"": ""0"", ""buy_4th_pre_bid"": ""-54900"", ""buy_4th_pre_req"": ""58"", ""buy_4th_pre_req_pre"": ""0"", ""buy_5th_pre_bid"": ""-54800"", ""buy_5th_pre_req"": ""760"", ""buy_5th_pre_req_pre"": ""0"", ""buy_6th_pre_bid"": ""-54700"", ""buy_6th_pre_req"": ""470"", ""buy_6th_pre_req_pre"": ""0"", ""buy_7th_pre_bid"": ""-54600"", ""buy_7th_pre_req"": ""30"", ""buy_7th_pre_req_pre"": ""0"", ""buy_8th_pre_bid"": ""-54500"", ""buy_8th_pre_req"": ""10"", ""buy_8th_pre_req_pre"": ""0"", ""buy_9th_pre_bid"": ""-54400"", ""buy_9th_pre_req"": ""50"", ""buy_9th_pre_req_pre"": ""0"", ""buy_10th_pre_bid"": ""-54300"", ""buy_10th_pre_req"": ""305"", ""buy_10th_pre_req_pre"": ""0"", ""tot_sel_req_jub_pre"": ""+4"", ""tot_sel_req"": ""2703"", ""tot_buy_req"": ""2518"", ""tot_buy_req_jub_pre"": ""0"", ""ovt_sel_req_pre"": ""0"", ""ovt_sel_req"": ""0"", ""ovt_buy_req"": ""0"", ""ovt_buy_req_pre"": ""0"", ""return_code"": 0, ""return_msg"": ""정상적으로 처리되었습니다""}"
2026-06-10,watchlist,012330,,0,filtered_candidate_recheck,577000,,577000,575000,577000,579000,0.17331022530329288,0.34662045060658575,,,,,,"{""bid_req_base_tm"": ""110519"", ""sel_10th_pre_req_pre"": ""0"", ""sel_10th_pre_req"": ""184"", ""sel_10th_pre_bid"": ""-586000"", ""sel_9th_pre_req_pre"": ""0"", ""sel_9th_pre_req"": ""148"", ""sel_9th_pre_bid"": ""-585000"", ""sel_8th_pre_req_pre"": ""0"", ""sel_8th_pre_req"": ""141"", ""sel_8th_pre_bid"": ""-584000"", ""sel_7th_pre_req_pre"": ""0"", ""sel_7th_pre_req"": ""456"", ""sel_7th_pre_bid"": ""-583000"", ""sel_6th_pre_req_pre"": ""0"", ""sel_6th_pre_req"": ""51"", ""sel_6th_pre_bid"": ""-582000"", ""sel_5th_pre_req_pre"": ""0"", ""sel_5th_pre_req"": ""144"", ""sel_5th_pre_bid"": ""-581000"", ""sel_4th_pre_req_pre"": ""0"", ""sel_4th_pre_req"": ""82"", ""sel_4th_pre_bid"": ""-580000"", ""sel_3th_pre_req_pre"": ""0"", ""sel_3th_pre_req"": ""57"", ""sel_3th_pre_bid"": ""-579000"", ""sel_2th_pre_req_pre"": ""0"", ""sel_2th_pre_req"": ""63"", ""sel_2th_pre_bid"": ""-578000"", ""sel_1th_pre_req_pre"": ""--6"", ""sel_fpr_req"": ""302"", ""sel_fpr_bid"": ""-577000"", ""buy_fpr_bid"": ""-575000"", ""buy_fpr_req"": ""334"", ""buy_1th_pre_req_pre"": ""0"", ""buy_2th_pre_bid"": ""-574000"", ""buy_2th_pre_req"": ""1030"", ""buy_2th_pre_req_pre"": ""0"", ""buy_3th_pre_bid"": ""-573000"", ""buy_3th_pre_req"": ""1487"", ""buy_3th_pre_req_pre"": ""0"", ""buy_4th_pre_bid"": ""-572000"", ""buy_4th_pre_req"": ""1583"", ""buy_4th_pre_req_pre"": ""0"", ""buy_5th_pre_bid"": ""-571000"", ""buy_5th_pre_req"": ""2289"", ""buy_5th_pre_req_pre"": ""0"", ""buy_6th_pre_bid"": ""-570000"", ""buy_6th_pre_req"": ""5420"", ""buy_6th_pre_req_pre"": ""0"", ""buy_7th_pre_bid"": ""-569000"", ""buy_7th_pre_req"": ""2707"", ""buy_7th_pre_req_pre"": ""0"", ""buy_8th_pre_bid"": ""-568000"", ""buy_8th_pre_req"": ""958"", ""buy_8th_pre_req_pre"": ""0"", ""buy_9th_pre_bid"": ""-567000"", ""buy_9th_pre_req"": ""777"", ""buy_9th_pre_req_pre"": ""0"", ""buy_10th_pre_bid"": ""-566000"", ""buy_10th_pre_req"": ""1425"", ""buy_10th_pre_req_pre"": ""0"", ""tot_sel_req_jub_pre"": ""+176"", ""tot_sel_req"": ""1628"", ""tot_buy_req"": ""18010"", ""tot_buy_req_jub_pre"": ""0"", ""ovt_sel_req_pre"": ""0"", ""ovt_sel_req"": ""0"", ""ovt_buy_req"": ""0"", ""ovt_buy_req_pre"": ""0"", ""return_code"": 0, ""return_msg"": ""정상적으로 처리되었습니다""}"
2026-06-10,watchlist,009155,,0,filtered_candidate_recheck,605000,,605000,603000,605000,609000,0.49586776859504134,0.3305785123966942,,,,,,"{""bid_req_base_tm"": ""110519"", ""sel_10th_pre_req_pre"": ""0"", ""sel_10th_pre_req"": ""11"", ""sel_10th_pre_bid"": ""-616000"", ""sel_9th_pre_req_pre"": ""0"", ""sel_9th_pre_req"": ""12"", ""sel_9th_pre_bid"": ""-615000"", ""sel_8th_pre_req_pre"": ""0"", ""sel_8th_pre_req"": ""41"", ""sel_8th_pre_bid"": ""-614000"", ""sel_7th_pre_req_pre"": ""0"", ""sel_7th_pre_req"": ""54"", ""sel_7th_pre_bid"": ""-613000"", ""sel_6th_pre_req_pre"": ""0"", ""sel_6th_pre_req"": ""15"", ""sel_6th_pre_bid"": ""-612000"", ""sel_5th_pre_req_pre"": ""0"", ""sel_5th_pre_req"": ""58"", ""sel_5th_pre_bid"": ""-611000"", ""sel_4th_pre_req_pre"": ""0"", ""sel_4th_pre_req"": ""5"", ""sel_4th_pre_bid"": ""-610000"", ""sel_3th_pre_req_pre"": ""0"", ""sel_3th_pre_req"": ""48"", ""sel_3th_pre_bid"": ""-609000"", ""sel_2th_pre_req_pre"": ""0"", ""sel_2th_pre_req"": ""8"", ""sel_2th_pre_bid"": ""-608000"", ""sel_1th_pre_req_pre"": ""0"", ""sel_fpr_req"": ""2"", ""sel_fpr_bid"": ""-605000"", ""buy_fpr_bid"": ""-603000"", ""buy_fpr_req"": ""128"", ""buy_1th_pre_req_pre"": ""--1"", ""buy_2th_pre_bid"": ""-602000"", ""buy_2th_pre_req"": ""218"", ""buy_2th_pre_req_pre"": ""0"", ""buy_3th_pre_bid"": ""-601000"", ""buy_3th_pre_req"": ""129"", ""buy_3th_pre_req_pre"": ""0"", ""buy_4th_pre_bid"": ""-600000"", ""buy_4th_pre_req"": ""460"", ""buy_4th_pre_req_pre"": ""0"", ""buy_5th_pre_bid"": ""-599000"", ""buy_5th_pre_req"": ""256"", ""buy_5th_pre_req_pre"": ""0"", ""buy_6th_pre_bid"": ""-598000"", ""buy_6th_pre_req"": ""126"", ""buy_6th_pre_req_pre"": ""0"", ""buy_7th_pre_bid"": ""-597000"", ""buy_7th_pre_req"": ""132"", ""buy_7th_pre_req_pre"": ""0"", ""buy_8th_pre_bid"": ""-596000"", ""buy_8th_pre_req"": ""51"", ""buy_8th_pre_req_pre"": ""0"", ""buy_9th_pre_bid"": ""-595000"", ""buy_9th_pre_req"": ""257"", ""buy_9th_pre_req_pre"": ""0"", ""buy_10th_pre_bid"": ""-594000"", ""buy_10th_pre_req"": ""32"", ""buy_10th_pre_req_pre"": ""0"", ""tot_sel_req_jub_pre"": ""0"", ""tot_sel_req"": ""254"", ""tot_buy_req"": ""1789"", ""tot_buy_req_jub_pre"": ""--1"", ""ovt_sel_req_pre"": ""0"", ""ovt_sel_req"": ""0"", ""ovt_buy_req"": ""0"", ""ovt_buy_req_pre"": ""0"", ""return_code"": 0, ""return_msg"": ""정상적으로 처리되었습니다""}"
2026-06-10,watchlist,181710,,1,filtered_candidate_recheck,40850,,40850,40800,40850,40650,-0.6119951040391677,0.12239902080783352,,,,,,"{""bid_req_base_tm"": ""110515"", ""sel_10th_pre_req_pre"": ""0"", ""sel_10th_pre_req"": ""1"", ""sel_10th_pre_bid"": ""-41400"", ""sel_9th_pre_req_pre"": ""0"", ""sel_9th_pre_req"": ""10"", ""sel_9th_pre_bid"": ""-41350"", ""sel_8th_pre_req_pre"": ""0"", ""sel_8th_pre_req"": ""10"", ""sel_8th_pre_bid"": ""-41200"", ""sel_7th_pre_req_pre"": ""0"", ""sel_7th_pre_req"": ""13"", ""sel_7th_pre_bid"": ""-41150"", ""sel_6th_pre_req_pre"": ""0"", ""sel_6th_pre_req"": ""10"", ""sel_6th_pre_bid"": ""-41100"", ""sel_5th_pre_req_pre"": ""0"", ""sel_5th_pre_req"": ""70"", ""sel_5th_pre_bid"": ""-41050"", ""sel_4th_pre_req_pre"": ""0"", ""sel_4th_pre_req"": ""516"", ""sel_4th_pre_bid"": ""-41000"", ""sel_3th_pre_req_pre"": ""0"", ""sel_3th_pre_req"": ""57"", ""sel_3th_pre_bid"": ""-40950"", ""sel_2th_pre_req_pre"": ""0"", ""sel_2th_pre_req"": ""257"", ""sel_2th_pre_bid"": ""-40900"", ""sel_1th_pre_req_pre"": ""+5"", ""sel_fpr_req"": ""44"", ""sel_fpr_bid"": ""-40850"", ""buy_fpr_bid"": ""-40800"", ""buy_fpr_req"": ""14"", ""buy_1th_pre_req_pre"": ""0"", ""buy_2th_pre_bid"": ""-40750"", ""buy_2th_pre_req"": ""6"", ""buy_2th_pre_req_pre"": ""0"", ""buy_3th_pre_bid"": ""-40700"", ""buy_3th_pre_req"": ""61"", ""buy_3th_pre_req_pre"": ""0"", ""buy_4th_pre_bid"": ""-40650"", ""buy_4th_pre_req"": ""158"", ""buy_4th_pre_req_pre"": ""0"", ""buy_5th_pre_bid"": ""-40600"", ""buy_5th_pre_req"": ""10"", ""buy_5th_pre_req_pre"": ""0"", ""buy_6th_pre_bid"": ""-40550"", ""buy_6th_pre_req"": ""136"", ""buy_6th_pre_req_pre"": ""0"", ""buy_7th_pre_bid"": ""-40500"", ""buy_7th_pre_req"": ""83"", ""buy_7th_pre_req_pre"": ""0"", ""buy_8th_pre_bid"": ""-40450"", ""buy_8th_pre_req"": ""29"", ""buy_8th_pre_req_pre"": ""0"", ""buy_9th_pre_bid"": ""-40400"", ""buy_9th_pre_req"": ""1"", ""buy_9th_pre_req_pre"": ""0"", ""buy_10th_pre_bid"": ""-40350"", ""buy_10th_pre_req"": ""17"", ""buy_10th_pre_req_pre"": ""0"", ""tot_sel_req_jub_pre"": ""+5"", ""tot_sel_req"": ""988"", ""tot_buy_req"": ""515"", ""tot_buy_req_jub_pre"": ""0"", ""ovt_sel_req_pre"": ""0"", ""ovt_sel_req"": ""0"", ""ovt_buy_req"": ""0"", ""ovt_buy_req_pre"": ""0"", ""return_code"": 0, ""return_msg"": ""정상적으로 처리되었습니다""}"
2026-06-10,watchlist,085620,,0,filtered_candidate_recheck,22250,,22250,22200,22250,22350,0.22471910112359553,0.22471910112359553,,,,,,"{""bid_req_base_tm"": ""110519"", ""sel_10th_pre_req_pre"": ""0"", ""sel_10th_pre_req"": ""543"", ""sel_10th_pre_bid"": ""-22700"", ""sel_9th_pre_req_pre"": ""0"", ""sel_9th_pre_req"": ""279"", ""sel_9th_pre_bid"": ""-22650"", ""sel_8th_pre_req_pre"": ""0"", ""sel_8th_pre_req"": ""1279"", ""sel_8th_pre_bid"": ""-22600"", ""sel_7th_pre_req_pre"": ""0"", ""sel_7th_pre_req"": ""801"", ""sel_7th_pre_bid"": ""-22550"", ""sel_6th_pre_req_pre"": ""0"", ""sel_6th_pre_req"": ""1409"", ""sel_6th_pre_bid"": ""-22500"", ""sel_5th_pre_req_pre"": ""0"", ""sel_5th_pre_req"": ""1000"", ""sel_5th_pre_bid"": ""-22450"", ""sel_4th_pre_req_pre"": ""0"", ""sel_4th_pre_req"": ""976"", ""sel_4th_pre_bid"": ""-22400"", ""sel_3th_pre_req_pre"": ""0"", ""sel_3th_pre_req"": ""220"", ""sel_3th_pre_bid"": ""-22350"", ""sel_2th_pre_req_pre"": ""0"", ""sel_2th_pre_req"": ""93"", ""sel_2th_pre_bid"": ""-22300"", ""sel_1th_pre_req_pre"": ""0"", ""sel_fpr_req"": ""115"", ""sel_fpr_bid"": ""-22250"", ""buy_fpr_bid"": ""-22200"", ""buy_fpr_req"": ""217"", ""buy_1th_pre_req_pre"": ""0"", ""buy_2th_pre_bid"": ""-22150"", ""buy_2th_pre_req"": ""1457"", ""buy_2th_pre_req_pre"": ""0"", ""buy_3th_pre_bid"": ""-22100"", ""buy_3th_pre_req"": ""3520"", ""buy_3th_pre_req_pre"": ""0"", ""buy_4th_pre_bid"": ""-22050"", ""buy_4th_pre_req"": ""2257"", ""buy_4th_pre_req_pre"": ""0"", ""buy_5th_pre_bid"": ""-22000"", ""buy_5th_pre_req"": ""2034"", ""buy_5th_pre_req_pre"": ""0"", ""buy_6th_pre_bid"": ""-21950"", ""buy_6th_pre_req"": ""2330"", ""buy_6th_pre_req_pre"": ""0"", ""buy_7th_pre_bid"": ""-21900"", ""buy_7th_pre_req"": ""2554"", ""buy_7th_pre_req_pre"": ""0"", ""buy_8th_pre_bid"": ""-21850"", ""buy_8th_pre_req"": ""1686"", ""buy_8th_pre_req_pre"": ""0"", ""buy_9th_pre_bid"": ""-21800"", ""buy_9th_pre_req"": ""3440"", ""buy_9th_pre_req_pre"": ""0"", ""buy_10th_pre_bid"": ""-21750"", ""buy_10th_pre_req"": ""4039"", ""buy_10th_pre_req_pre"": ""0"", ""tot_sel_req_jub_pre"": ""0"", ""tot_sel_req"": ""6715"", ""tot_buy_req"": ""23534"", ""tot_buy_req_jub_pre"": ""0"", ""ovt_sel_req_pre"": ""0"", ""ovt_sel_req"": ""0"", ""ovt_buy_req"": ""0"", ""ovt_buy_req_pre"": ""0"", ""return_code"": 0, ""return_msg"": ""정상적으로 처리되었습니다""}"
2026-06-10,watchlist,062040,,0,filtered_candidate_recheck,222500,,222500,222000,222500,224000,0.44943820224719105,0.22471910112359553,,,,,,"{""bid_req_base_tm"": ""110520"", ""sel_10th_pre_req_pre"": ""0"", ""sel_10th_pre_req"": ""145"", ""sel_10th_pre_bid"": ""+227500"", ""sel_9th_pre_req_pre"": ""0"", ""sel_9th_pre_req"": ""82"", ""sel_9th_pre_bid"": ""+227000"", ""sel_8th_pre_req_pre"": ""0"", ""sel_8th_pre_req"": ""75"", ""sel_8th_pre_bid"": ""+226500"", ""sel_7th_pre_req_pre"": ""0"", ""sel_7th_pre_req"": ""98"", ""sel_7th_pre_bid"": ""+226000"", ""sel_6th_pre_req_pre"": ""0"", ""sel_6th_pre_req"": ""75"", ""sel_6th_pre_bid"": ""225000"", ""sel_5th_pre_req_pre"": ""0"", ""sel_5th_pre_req"": ""73"", ""sel_5th_pre_bid"": ""-224500"", ""sel_4th_pre_req_pre"": ""0"", ""sel_4th_pre_req"": ""58"", ""sel_4th_pre_bid"": ""-224000"", ""sel_3th_pre_req_pre"": ""0"", ""sel_3th_pre_req"": ""49"", ""sel_3th_pre_bid"": ""-223500"", ""sel_2th_pre_req_pre"": ""0"", ""sel_2th_pre_req"": ""156"", ""sel_2th_pre_bid"": ""-223000"", ""sel_1th_pre_req_pre"": ""--1"", ""sel_fpr_req"": ""87"", ""sel_fpr_bid"": ""-222500"", ""buy_fpr_bid"": ""-222000"", ""buy_fpr_req"": ""554"", ""buy_1th_pre_req_pre"": ""0"", ""buy_2th_pre_bid"": ""-221500"", ""buy_2th_pre_req"": ""328"", ""buy_2th_pre_req_pre"": ""0"", ""buy_3th_pre_bid"": ""-221000"", ""buy_3th_pre_req"": ""389"", ""buy_3th_pre_req_pre"": ""0"", ""buy_4th_pre_bid"": ""-220500"", ""buy_4th_pre_req"": ""537"", ""buy_4th_pre_req_pre"": ""0"", ""buy_5th_pre_bid"": ""-220000"", ""buy_5th_pre_req"": ""624"", ""buy_5th_pre_req_pre"": ""0"", ""buy_6th_pre_bid"": ""-219500"", ""buy_6th_pre_req"": ""82"", ""buy_6th_pre_req_pre"": ""0"", ""buy_7th_pre_bid"": ""-219000"", ""buy_7th_pre_req"": ""178"", ""buy_7th_pre_req_pre"": ""0"", ""buy_8th_pre_bid"": ""-218500"", ""buy_8th_pre_req"": ""248"", ""buy_8th_pre_req_pre"": ""0"", ""buy_9th_pre_bid"": ""-218000"", ""buy_9th_pre_req"": ""264"", ""buy_9th_pre_req_pre"": ""0"", ""buy_10th_pre_bid"": ""-217500"", ""buy_10th_pre_req"": ""50"", ""buy_10th_pre_req_pre"": ""0"", ""tot_sel_req_jub_pre"": ""--1"", ""tot_sel_req"": ""898"", ""tot_buy_req"": ""3254"", ""tot_buy_req_jub_pre"": ""0"", ""ovt_sel_req_pre"": ""0"", ""ovt_sel_req"": ""0"", ""ovt_buy_req"": ""0"", ""ovt_buy_req_pre"": ""0"", ""return_code"": 0, ""return_msg"": ""정상적으로 처리되었습니다""}"
2026-06-10,watchlist,036460,,0,filtered_candidate_recheck,34550,,34550,34400,34550,34450,-0.43415340086830684,0.43415340086830684,,,,,,"{""bid_req_base_tm"": ""110513"", ""sel_10th_pre_req_pre"": ""0"", ""sel_10th_pre_req"": ""4270"", ""sel_10th_pre_bid"": ""+35000"", ""sel_9th_pre_req_pre"": ""0"", ""sel_9th_pre_req"": ""398"", ""sel_9th_pre_bid"": ""+34950"", ""sel_8th_pre_req_pre"": ""0"", ""sel_8th_pre_req"": ""619"", ""sel_8th_pre_bid"": ""+34900"", ""sel_7th_pre_req_pre"": ""0"", ""sel_7th_pre_req"": ""533"", ""sel_7th_pre_bid"": ""+34850"", ""sel_6th_pre_req_pre"": ""0"", ""sel_6th_pre_req"": ""310"", ""sel_6th_pre_bid"": ""+34800"", ""sel_5th_pre_req_pre"": ""0"", ""sel_5th_pre_req"": ""578"", ""sel_5th_pre_bid"": ""+34750"", ""sel_4th_pre_req_pre"": ""0"", ""sel_4th_pre_req"": ""662"", ""sel_4th_pre_bid"": ""+34700"", ""sel_3th_pre_req_pre"": ""0"", ""sel_3th_pre_req"": ""486"", ""sel_3th_pre_bid"": ""+34650"", ""sel_2th_pre_req_pre"": ""0"", ""sel_2th_pre_req"": ""1109"", ""sel_2th_pre_bid"": ""+34600"", ""sel_1th_pre_req_pre"": ""0"", ""sel_fpr_req"": ""555"", ""sel_fpr_bid"": ""+34550"", ""buy_fpr_bid"": ""+34400"", ""buy_fpr_req"": ""446"", ""buy_1th_pre_req_pre"": ""0"", ""buy_2th_pre_bid"": ""+34350"", ""buy_2th_pre_req"": ""196"", ""buy_2th_pre_req_pre"": ""0"", ""buy_3th_pre_bid"": ""+34300"", ""buy_3th_pre_req"": ""172"", ""buy_3th_pre_req_pre"": ""0"", ""buy_4th_pre_bid"": ""+34250"", ""buy_4th_pre_req"": ""691"", ""buy_4th_pre_req_pre"": ""0"", ""buy_5th_pre_bid"": ""+34200"", ""buy_5th_pre_req"": ""560"", ""buy_5th_pre_req_pre"": ""0"", ""buy_6th_pre_bid"": ""+34150"", ""buy_6th_pre_req"": ""594"", ""buy_6th_pre_req_pre"": ""0"", ""buy_7th_pre_bid"": ""+34100"", ""buy_7th_pre_req"": ""700"", ""buy_7th_pre_req_pre"": ""0"", ""buy_8th_pre_bid"": ""+34050"", ""buy_8th_pre_req"": ""1418"", ""buy_8th_pre_req_pre"": ""0"", ""buy_9th_pre_bid"": ""34000"", ""buy_9th_pre_req"": ""3356"", ""buy_9th_pre_req_pre"": ""0"", ""buy_10th_pre_bid"": ""-33950"", ""buy_10th_pre_req"": ""854"", ""buy_10th_pre_req_pre"": ""0"", ""tot_sel_req_jub_pre"": ""0"", ""tot_sel_req"": ""9520"", ""tot_buy_req"": ""8987"", ""tot_buy_req_jub_pre"": ""0"", ""ovt_sel_req_pre"": ""0"", ""ovt_sel_req"": ""0"", ""ovt_buy_req"": ""0"", ""ovt_buy_req_pre"": ""0"", ""return_code"": 0, ""return_msg"": ""정상적으로 처리되었습니다""}"
2026-06-10,watchlist,066575,,0,filtered_candidate_recheck,79000,,79000,78800,79000,79200,0.12658227848101267,0.25316455696202533,,,,,,"{""bid_req_base_tm"": ""110520"", ""sel_10th_pre_req_pre"": ""0"", ""sel_10th_pre_req"": ""227"", ""sel_10th_pre_bid"": ""-80200"", ""sel_9th_pre_req_pre"": ""0"", ""sel_9th_pre_req"": ""105"", ""sel_9th_pre_bid"": ""-80100"", ""sel_8th_pre_req_pre"": ""0"", ""sel_8th_pre_req"": ""1171"", ""sel_8th_pre_bid"": ""-80000"", ""sel_7th_pre_req_pre"": ""0"", ""sel_7th_pre_req"": ""199"", ""sel_7th_pre_bid"": ""-79900"", ""sel_6th_pre_req_pre"": ""0"", ""sel_6th_pre_req"": ""127"", ""sel_6th_pre_bid"": ""-79800"", ""sel_5th_pre_req_pre"": ""0"", ""sel_5th_pre_req"": ""4"", ""sel_5th_pre_bid"": ""-79600"", ""sel_4th_pre_req_pre"": ""0"", ""sel_4th_pre_req"": ""5"", ""sel_4th_pre_bid"": ""-79500"", ""sel_3th_pre_req_pre"": ""0"", ""sel_3th_pre_req"": ""15"", ""sel_3th_pre_bid"": ""-79400"", ""sel_2th_pre_req_pre"": ""0"", ""sel_2th_pre_req"": ""26"", ""sel_2th_pre_bid"": ""-79100"", ""sel_1th_pre_req_pre"": ""0"", ""sel_fpr_req"": ""41"", ""sel_fpr_bid"": ""-79000"", ""buy_fpr_bid"": ""-78800"", ""buy_fpr_req"": ""201"", ""buy_1th_pre_req_pre"": ""--1000"", ""buy_2th_pre_bid"": ""-78700"", ""buy_2th_pre_req"": ""236"", ""buy_2th_pre_req_pre"": ""0"", ""buy_3th_pre_bid"": ""-78600"", ""buy_3th_pre_req"": ""363"", ""buy_3th_pre_req_pre"": ""0"", ""buy_4th_pre_bid"": ""-78500"", ""buy_4th_pre_req"": ""827"", ""buy_4th_pre_req_pre"": ""0"", ""buy_5th_pre_bid"": ""-78400"", ""buy_5th_pre_req"": ""130"", ""buy_5th_pre_req_pre"": ""0"", ""buy_6th_pre_bid"": ""-78300"", ""buy_6th_pre_req"": ""121"", ""buy_6th_pre_req_pre"": ""0"", ""buy_7th_pre_bid"": ""-78200"", ""buy_7th_pre_req"": ""192"", ""buy_7th_pre_req_pre"": ""0"", ""buy_8th_pre_bid"": ""-78100"", ""buy_8th_pre_req"": ""341"", ""buy_8th_pre_req_pre"": ""0"", ""buy_9th_pre_bid"": ""-78000"", ""buy_9th_pre_req"": ""1202"", ""buy_9th_pre_req_pre"": ""0"", ""buy_10th_pre_bid"": ""-77900"", ""buy_10th_pre_req"": ""543"", ""buy_10th_pre_req_pre"": ""0"", ""tot_sel_req_jub_pre"": ""0"", ""tot_sel_req"": ""1920"", ""tot_buy_req"": ""4156"", ""tot_buy_req_jub_pre"": ""--1000"", ""ovt_sel_req_pre"": ""0"", ""ovt_sel_req"": ""0"", ""ovt_buy_req"": ""0"", ""ovt_buy_req_pre"": ""0"", ""return_code"": 0, ""return_msg"": ""정상적으로 처리되었습니다""}"
2026-06-10,watchlist,000810,,0,filtered_candidate_recheck,621000,,621000,620000,621000,617000,-0.8051529790660225,0.1610305958132045,,,,,,"{""bid_req_base_tm"": ""110519"", ""sel_10th_pre_req_pre"": ""0"", ""sel_10th_pre_req"": ""48"", ""sel_10th_pre_bid"": ""-630000"", ""sel_9th_pre_req_pre"": ""0"", ""sel_9th_pre_req"": ""15"", ""sel_9th_pre_bid"": ""-629000"", ""sel_8th_pre_req_pre"": ""0"", ""sel_8th_pre_req"": ""7"", ""sel_8th_pre_bid"": ""-628000"", ""sel_7th_pre_req_pre"": ""0"", ""sel_7th_pre_req"": ""27"", ""sel_7th_pre_bid"": ""-627000"", ""sel_6th_pre_req_pre"": ""0"", ""sel_6th_pre_req"": ""23"", ""sel_6th_pre_bid"": ""-626000"", ""sel_5th_pre_req_pre"": ""0"", ""sel_5th_pre_req"": ""12"", ""sel_5th_pre_bid"": ""-625000"", ""sel_4th_pre_req_pre"": ""0"", ""sel_4th_pre_req"": ""39"", ""sel_4th_pre_bid"": ""-624000"", ""sel_3th_pre_req_pre"": ""0"", ""sel_3th_pre_req"": ""571"", ""sel_3th_pre_bid"": ""-623000"", ""sel_2th_pre_req_pre"": ""--3"", ""sel_2th_pre_req"": ""32"", ""sel_2th_pre_bid"": ""-622000"", ""sel_1th_pre_req_pre"": ""+3"", ""sel_fpr_req"": ""254"", ""sel_fpr_bid"": ""-621000"", ""buy_fpr_bid"": ""-620000"", ""buy_fpr_req"": ""223"", ""buy_1th_pre_req_pre"": ""--10"", ""buy_2th_pre_bid"": ""-619000"", ""buy_2th_pre_req"": ""13"", ""buy_2th_pre_req_pre"": ""0"", ""buy_3th_pre_bid"": ""-618000"", ""buy_3th_pre_req"": ""23"", ""buy_3th_pre_req_pre"": ""+10"", ""buy_4th_pre_bid"": ""-617000"", ""buy_4th_pre_req"": ""36"", ""buy_4th_pre_req_pre"": ""0"", ""buy_5th_pre_bid"": ""-616000"", ""buy_5th_pre_req"": ""19"", ""buy_5th_pre_req_pre"": ""0"", ""buy_6th_pre_bid"": ""-615000"", ""buy_6th_pre_req"": ""32"", ""buy_6th_pre_req_pre"": ""0"", ""buy_7th_pre_bid"": ""-614000"", ""buy_7th_pre_req"": ""92"", ""buy_7th_pre_req_pre"": ""0"", ""buy_8th_pre_bid"": ""-613000"", ""buy_8th_pre_req"": ""37"", ""buy_8th_pre_req_pre"": ""0"", ""buy_9th_pre_bid"": ""-612000"", ""buy_9th_pre_req"": ""32"", ""buy_9th_pre_req_pre"": ""0"", ""buy_10th_pre_bid"": ""-611000"", ""buy_10th_pre_req"": ""17"", ""buy_10th_pre_req_pre"": ""0"", ""tot_sel_req_jub_pre"": ""0"", ""tot_sel_req"": ""1028"", ""tot_buy_req"": ""524"", ""tot_buy_req_jub_pre"": ""0"", ""ovt_sel_req_pre"": ""0"", ""ovt_sel_req"": ""0"", ""ovt_buy_req"": ""0"", ""ovt_buy_req_pre"": ""0"", ""return_code"": 0, ""return_msg"": ""정상적으로 처리되었습니다""}"
2026-06-10,watchlist,005930,,0,filtered_candidate_recheck,306500,,306500,306000,306500,308000,0.3262642740619902,0.1631321370309951,,,,,,"{""bid_req_base_tm"": ""110521"", ""sel_10th_pre_req_pre"": ""0"", ""sel_10th_pre_req"": ""11496"", ""sel_10th_pre_bid"": ""-311000"", ""sel_9th_pre_req_pre"": ""0"", ""sel_9th_pre_req"": ""27049"", ""sel_9th_pre_bid"": ""-310500"", ""sel_8th_pre_req_pre"": ""0"", ""sel_8th_pre_req"": ""24241"", ""sel_8th_pre_bid"": ""-310000"", ""sel_7th_pre_req_pre"": ""0"", ""sel_7th_pre_req"": ""19266"", ""sel_7th_pre_bid"": ""-309500"", ""sel_6th_pre_req_pre"": ""--20"", ""sel_6th_pre_req"": ""12661"", ""sel_6th_pre_bid"": ""-309000"", ""sel_5th_pre_req_pre"": ""0"", ""sel_5th_pre_req"": ""17392"", ""sel_5th_pre_bid"": ""-308500"", ""sel_4th_pre_req_pre"": ""0"", ""sel_4th_pre_req"": ""12539"", ""sel_4th_pre_bid"": ""-308000"", ""sel_3th_pre_req_pre"": ""+20"", ""sel_3th_pre_req"": ""11758"", ""sel_3th_pre_bid"": ""-307500"", ""sel_2th_pre_req_pre"": ""0"", ""sel_2th_pre_req"": ""11954"", ""sel_2th_pre_bid"": ""-307000"", ""sel_1th_pre_req_pre"": ""0"", ""sel_fpr_req"": ""41119"", ""sel_fpr_bid"": ""-306500"", ""buy_fpr_bid"": ""-306000"", ""buy_fpr_req"": ""33131"", ""buy_1th_pre_req_pre"": ""--79"", ""buy_2th_pre_bid"": ""-305500"", ""buy_2th_pre_req"": ""112919"", ""buy_2th_pre_req_pre"": ""0"", ""buy_3th_pre_bid"": ""-305000"", ""buy_3th_pre_req"": ""246908"", ""buy_3th_pre_req_pre"": ""0"", ""buy_4th_pre_bid"": ""-304500"", ""buy_4th_pre_req"": ""35985"", ""buy_4th_pre_req_pre"": ""0"", ""buy_5th_pre_bid"": ""-304000"", ""buy_5th_pre_req"": ""43940"", ""buy_5th_pre_req_pre"": ""0"", ""buy_6th_pre_bid"": ""-303500"", ""buy_6th_pre_req"": ""48013"", ""buy_6th_pre_req_pre"": ""0"", ""buy_7th_pre_bid"": ""-303000"", ""buy_7th_pre_req"": ""83139"", ""buy_7th_pre_req_pre"": ""--3"", ""buy_8th_pre_bid"": ""-302500"", ""buy_8th_pre_req"": ""49627"", ""buy_8th_pre_req_pre"": ""0"", ""buy_9th_pre_bid"": ""-302000"", ""buy_9th_pre_req"": ""60874"", ""buy_9th_pre_req_pre"": ""0"", ""buy_10th_pre_bid"": ""-301500"", ""buy_10th_pre_req"": ""35487"", ""buy_10th_pre_req_pre"": ""0"", ""tot_sel_req_jub_pre"": ""0"", ""tot_sel_req"": ""189475"", ""tot_buy_req"": ""750023"", ""tot_buy_req_jub_pre"": ""--82"", ""ovt_sel_req_pre"": ""0"", ""ovt_sel_req"": ""0"", ""ovt_buy_req"": ""0"", ""ovt_buy_req_pre"": ""0"", ""return_code"": 0, ""return_msg"": ""정상적으로 처리되었습니다""}"
2026-06-10,watchlist,000370,,0,filtered_candidate_recheck,6490,,6490,6470,6490,6490,-0.15408320493066258,0.30816640986132515,,,,,,"{""bid_req_base_tm"": ""110512"", ""sel_10th_pre_req_pre"": ""0"", ""sel_10th_pre_req"": ""112"", ""sel_10th_pre_bid"": ""+6580"", ""sel_9th_pre_req_pre"": ""0"", ""sel_9th_pre_req"": ""753"", ""sel_9th_pre_bid"": ""+6570"", ""sel_8th_pre_req_pre"": ""0"", ""sel_8th_pre_req"": ""4"", ""sel_8th_pre_bid"": ""+6560"", ""sel_7th_pre_req_pre"": ""0"", ""sel_7th_pre_req"": ""1066"", ""sel_7th_pre_bid"": ""+6550"", ""sel_6th_pre_req_pre"": ""0"", ""sel_6th_pre_req"": ""17"", ""sel_6th_pre_bid"": ""+6540"", ""sel_5th_pre_req_pre"": ""0"", ""sel_5th_pre_req"": ""130"", ""sel_5th_pre_bid"": ""+6530"", ""sel_4th_pre_req_pre"": ""0"", ""sel_4th_pre_req"": ""578"", ""sel_4th_pre_bid"": ""+6520"", ""sel_3th_pre_req_pre"": ""0"", ""sel_3th_pre_req"": ""677"", ""sel_3th_pre_bid"": ""+6510"", ""sel_2th_pre_req_pre"": ""0"", ""sel_2th_pre_req"": ""835"", ""sel_2th_pre_bid"": ""+6500"", ""sel_1th_pre_req_pre"": ""0"", ""sel_fpr_req"": ""330"", ""sel_fpr_bid"": ""+6490"", ""buy_fpr_bid"": ""+6470"", ""buy_fpr_req"": ""798"", ""buy_1th_pre_req_pre"": ""0"", ""buy_2th_pre_bid"": ""+6460"", ""buy_2th_pre_req"": ""143"", ""buy_2th_pre_req_pre"": ""+10"", ""buy_3th_pre_bid"": ""6450"", ""buy_3th_pre_req"": ""810"", ""buy_3th_pre_req_pre"": ""0"", ""buy_4th_pre_bid"": ""-6440"", ""buy_4th_pre_req"": ""132"", ""buy_4th_pre_req_pre"": ""0"", ""buy_5th_pre_bid"": ""-6430"", ""buy_5th_pre_req"": ""1554"", ""buy_5th_pre_req_pre"": ""0"", ""buy_6th_pre_bid"": ""-6420"", ""buy_6th_pre_req"": ""157"", ""buy_6th_pre_req_pre"": ""0"", ""buy_7th_pre_bid"": ""-6410"", ""buy_7th_pre_req"": ""855"", ""buy_7th_pre_req_pre"": ""0"", ""buy_8th_pre_bid"": ""-6400"", ""buy_8th_pre_req"": ""4772"", ""buy_8th_pre_req_pre"": ""0"", ""buy_9th_pre_bid"": ""-6390"", ""buy_9th_pre_req"": ""670"", ""buy_9th_pre_req_pre"": ""0"", ""buy_10th_pre_bid"": ""-6380"", ""buy_10th_pre_req"": ""46"", ""buy_10th_pre_req_pre"": ""0"", ""tot_sel_req_jub_pre"": ""0"", ""tot_sel_req"": ""4502"", ""tot_buy_req"": ""9937"", ""tot_buy_req_jub_pre"": ""+10"", ""ovt_sel_req_pre"": ""0"", ""ovt_sel_req"": ""0"", ""ovt_buy_req"": ""0"", ""ovt_buy_req_pre"": ""0"", ""return_code"": 0, ""return_msg"": ""정상적으로 처리되었습니다""}"
2026-06-10,watchlist,064400,,0,filtered_candidate_recheck,95900,,95900,95800,95900,96200,0.20855057351407716,0.10427528675703858,,,,,,"{""bid_req_base_tm"": ""110521"", ""sel_10th_pre_req_pre"": ""0"", ""sel_10th_pre_req"": ""160"", ""sel_10th_pre_bid"": ""-96800"", ""sel_9th_pre_req_pre"": ""0"", ""sel_9th_pre_req"": ""480"", ""sel_9th_pre_bid"": ""-96700"", ""sel_8th_pre_req_pre"": ""0"", ""sel_8th_pre_req"": ""232"", ""sel_8th_pre_bid"": ""-96600"", ""sel_7th_pre_req_pre"": ""0"", ""sel_7th_pre_req"": ""728"", ""sel_7th_pre_bid"": ""-96500"", ""sel_6th_pre_req_pre"": ""0"", ""sel_6th_pre_req"": ""244"", ""sel_6th_pre_bid"": ""-96400"", ""sel_5th_pre_req_pre"": ""0"", ""sel_5th_pre_req"": ""268"", ""sel_5th_pre_bid"": ""-96300"", ""sel_4th_pre_req_pre"": ""0"", ""sel_4th_pre_req"": ""133"", ""sel_4th_pre_bid"": ""-96200"", ""sel_3th_pre_req_pre"": ""0"", ""sel_3th_pre_req"": ""365"", ""sel_3th_pre_bid"": ""-96100"", ""sel_2th_pre_req_pre"": ""0"", ""sel_2th_pre_req"": ""83"", ""sel_2th_pre_bid"": ""-96000"", ""sel_1th_pre_req_pre"": ""0"", ""sel_fpr_req"": ""310"", ""sel_fpr_bid"": ""-95900"", ""buy_fpr_bid"": ""-95800"", ""buy_fpr_req"": ""683"", ""buy_1th_pre_req_pre"": ""0"", ""buy_2th_pre_bid"": ""-95700"", ""buy_2th_pre_req"": ""1174"", ""buy_2th_pre_req_pre"": ""0"", ""buy_3th_pre_bid"": ""-95600"", ""buy_3th_pre_req"": ""1541"", ""buy_3th_pre_req_pre"": ""0"", ""buy_4th_pre_bid"": ""-95500"", ""buy_4th_pre_req"": ""2326"", ""buy_4th_pre_req_pre"": ""0"", ""buy_5th_pre_bid"": ""-95400"", ""buy_5th_pre_req"": ""1532"", ""buy_5th_pre_req_pre"": ""0"", ""buy_6th_pre_bid"": ""-95300"", ""buy_6th_pre_req"": ""2526"", ""buy_6th_pre_req_pre"": ""0"", ""buy_7th_pre_bid"": ""-95200"", ""buy_7th_pre_req"": ""3048"", ""buy_7th_pre_req_pre"": ""0"", ""buy_8th_pre_bid"": ""-95100"", ""buy_8th_pre_req"": ""3838"", ""buy_8th_pre_req_pre"": ""0"", ""buy_9th_pre_bid"": ""-95000"", ""buy_9th_pre_req"": ""6860"", ""buy_9th_pre_req_pre"": ""0"", ""buy_10th_pre_bid"": ""-94900"", ""buy_10th_pre_req"": ""877"", ""buy_10th_pre_req_pre"": ""0"", ""tot_sel_req_jub_pre"": ""0"", ""tot_sel_req"": ""3003"", ""tot_buy_req"": ""24405"", ""tot_buy_req_jub_pre"": ""0"", ""ovt_sel_req_pre"": ""0"", ""ovt_sel_req"": ""0"", ""ovt_buy_req"": ""0"", ""ovt_buy_req_pre"": ""0"", ""return_code"": 0, ""return_msg"": ""정상적으로 처리되었습니다""}"
2026-06-10,watchlist,009420,,0,filtered_candidate_recheck,50500,,50500,50400,50500,50600,0.0,0.19801980198019803,,,,,,"{""bid_req_base_tm"": ""110519"", ""sel_10th_pre_req_pre"": ""0"", ""sel_10th_pre_req"": ""313"", ""sel_10th_pre_bid"": ""-51400"", ""sel_9th_pre_req_pre"": ""0"", ""sel_9th_pre_req"": ""461"", ""sel_9th_pre_bid"": ""-51300"", ""sel_8th_pre_req_pre"": ""0"", ""sel_8th_pre_req"": ""651"", ""sel_8th_pre_bid"": ""-51200"", ""sel_7th_pre_req_pre"": ""0"", ""sel_7th_pre_req"": ""79"", ""sel_7th_pre_bid"": ""-51100"", ""sel_6th_pre_req_pre"": ""0"", ""sel_6th_pre_req"": ""162"", ""sel_6th_pre_bid"": ""-51000"", ""sel_5th_pre_req_pre"": ""0"", ""sel_5th_pre_req"": ""235"", ""sel_5th_pre_bid"": ""-50900"", ""sel_4th_pre_req_pre"": ""0"", ""sel_4th_pre_req"": ""55"", ""sel_4th_pre_bid"": ""-50800"", ""sel_3th_pre_req_pre"": ""0"", ""sel_3th_pre_req"": ""53"", ""sel_3th_pre_bid"": ""-50700"", ""sel_2th_pre_req_pre"": ""0"", ""sel_2th_pre_req"": ""247"", ""sel_2th_pre_bid"": ""-50600"", ""sel_1th_pre_req_pre"": ""0"", ""sel_fpr_req"": ""250"", ""sel_fpr_bid"": ""-50500"", ""buy_fpr_bid"": ""-50400"", ""buy_fpr_req"": ""28"", ""buy_1th_pre_req_pre"": ""0"", ""buy_2th_pre_bid"": ""-50300"", ""buy_2th_pre_req"": ""137"", ""buy_2th_pre_req_pre"": ""--2"", ""buy_3th_pre_bid"": ""-50200"", ""buy_3th_pre_req"": ""224"", ""buy_3th_pre_req_pre"": ""--6"", ""buy_4th_pre_bid"": ""-50100"", ""buy_4th_pre_req"": ""239"", ""buy_4th_pre_req_pre"": ""0"", ""buy_5th_pre_bid"": ""-50000"", ""buy_5th_pre_req"": ""720"", ""buy_5th_pre_req_pre"": ""0"", ""buy_6th_pre_bid"": ""-49950"", ""buy_6th_pre_req"": ""355"", ""buy_6th_pre_req_pre"": ""0"", ""buy_7th_pre_bid"": ""-49900"", ""buy_7th_pre_req"": ""376"", ""buy_7th_pre_req_pre"": ""0"", ""buy_8th_pre_bid"": ""-49850"", ""buy_8th_pre_req"": ""559"", ""buy_8th_pre_req_pre"": ""0"", ""buy_9th_pre_bid"": ""-49800"", ""buy_9th_pre_req"": ""542"", ""buy_9th_pre_req_pre"": ""0"", ""buy_10th_pre_bid"": ""-49750"", ""buy_10th_pre_req"": ""844"", ""buy_10th_pre_req_pre"": ""0"", ""tot_sel_req_jub_pre"": ""0"", ""tot_sel_req"": ""2506"", ""tot_buy_req"": ""4024"", ""tot_buy_req_jub_pre"": ""--8"", ""ovt_sel_req_pre"": ""0"", ""ovt_sel_req"": ""0"", ""ovt_buy_req"": ""0"", ""ovt_buy_req_pre"": ""0"", ""return_code"": 0, ""return_msg"": ""정상적으로 처리되었습니다""}"
2026-06-10,watchlist,383220,,0,filtered_candidate_recheck,75300,,75300,75200,75300,75100,-0.398406374501992,0.13280212483399734,,,,,,"{""bid_req_base_tm"": ""110513"", ""sel_10th_pre_req_pre"": ""0"", ""sel_10th_pre_req"": ""12"", ""sel_10th_pre_bid"": ""+76400"", ""sel_9th_pre_req_pre"": ""0"", ""sel_9th_pre_req"": ""100"", ""sel_9th_pre_bid"": ""+76300"", ""sel_8th_pre_req_pre"": ""0"", ""sel_8th_pre_req"": ""13"", ""sel_8th_pre_bid"": ""+76200"", ""sel_7th_pre_req_pre"": ""0"", ""sel_7th_pre_req"": ""122"", ""sel_7th_pre_bid"": ""+76000"", ""sel_6th_pre_req_pre"": ""0"", ""sel_6th_pre_req"": ""159"", ""sel_6th_pre_bid"": ""+75900"", ""sel_5th_pre_req_pre"": ""0"", ""sel_5th_pre_req"": ""23"", ""sel_5th_pre_bid"": ""+75800"", ""sel_4th_pre_req_pre"": ""0"", ""sel_4th_pre_req"": ""16"", ""sel_4th_pre_bid"": ""+75700"", ""sel_3th_pre_req_pre"": ""0"", ""sel_3th_pre_req"": ""15"", ""sel_3th_pre_bid"": ""+75600"", ""sel_2th_pre_req_pre"": ""0"", ""sel_2th_pre_req"": ""19"", ""sel_2th_pre_bid"": ""+75500"", ""sel_1th_pre_req_pre"": ""--1"", ""sel_fpr_req"": ""4"", ""sel_fpr_bid"": ""+75300"", ""buy_fpr_bid"": ""+75200"", ""buy_fpr_req"": ""43"", ""buy_1th_pre_req_pre"": ""--1"", ""buy_2th_pre_bid"": ""+75100"", ""buy_2th_pre_req"": ""21"", ""buy_2th_pre_req_pre"": ""0"", ""buy_3th_pre_bid"": ""+75000"", ""buy_3th_pre_req"": ""1"", ""buy_3th_pre_req_pre"": ""0"", ""buy_4th_pre_bid"": ""+74900"", ""buy_4th_pre_req"": ""30"", ""buy_4th_pre_req_pre"": ""0"", ""buy_5th_pre_bid"": ""+74800"", ""buy_5th_pre_req"": ""1"", ""buy_5th_pre_req_pre"": ""0"", ""buy_6th_pre_bid"": ""+74700"", ""buy_6th_pre_req"": ""110"", ""buy_6th_pre_req_pre"": ""0"", ""buy_7th_pre_bid"": ""74600"", ""buy_7th_pre_req"": ""30"", ""buy_7th_pre_req_pre"": ""0"", ""buy_8th_pre_bid"": ""-74500"", ""buy_8th_pre_req"": ""27"", ""buy_8th_pre_req_pre"": ""0"", ""buy_9th_pre_bid"": ""-74400"", ""buy_9th_pre_req"": ""40"", ""buy_9th_pre_req_pre"": ""0"", ""buy_10th_pre_bid"": ""-74300"", ""buy_10th_pre_req"": ""10"", ""buy_10th_pre_req_pre"": ""0"", ""tot_sel_req_jub_pre"": ""--1"", ""tot_sel_req"": ""483"", ""tot_buy_req"": ""313"", ""tot_buy_req_jub_pre"": ""--1"", ""ovt_sel_req_pre"": ""0"", ""ovt_sel_req"": ""0"", ""ovt_buy_req"": ""0"", ""ovt_buy_req_pre"": ""0"", ""return_code"": 0, ""return_msg"": ""정상적으로 처리되었습니다""}"
2026-06-10,watchlist,004170,,0,filtered_candidate_recheck,686000,,686000,685000,686000,681000,-0.8746355685131195,0.1457725947521866,,,,,,"{""bid_req_base_tm"": ""110521"", ""sel_10th_pre_req_pre"": ""0"", ""sel_10th_pre_req"": ""775"", ""sel_10th_pre_bid"": ""+695000"", ""sel_9th_pre_req_pre"": ""0"", ""sel_9th_pre_req"": ""86"", ""sel_9th_pre_bid"": ""+694000"", ""sel_8th_pre_req_pre"": ""0"", ""sel_8th_pre_req"": ""184"", ""sel_8th_pre_bid"": ""+693000"", ""sel_7th_pre_req_pre"": ""0"", ""sel_7th_pre_req"": ""40"", ""sel_7th_pre_bid"": ""+692000"", ""sel_6th_pre_req_pre"": ""0"", ""sel_6th_pre_req"": ""810"", ""sel_6th_pre_bid"": ""+691000"", ""sel_5th_pre_req_pre"": ""0"", ""sel_5th_pre_req"": ""403"", ""sel_5th_pre_bid"": ""+690000"", ""sel_4th_pre_req_pre"": ""0"", ""sel_4th_pre_req"": ""51"", ""sel_4th_pre_bid"": ""+689000"", ""sel_3th_pre_req_pre"": ""0"", ""sel_3th_pre_req"": ""51"", ""sel_3th_pre_bid"": ""+688000"", ""sel_2th_pre_req_pre"": ""0"", ""sel_2th_pre_req"": ""43"", ""sel_2th_pre_bid"": ""+687000"", ""sel_1th_pre_req_pre"": ""--1"", ""sel_fpr_req"": ""482"", ""sel_fpr_bid"": ""+686000"", ""buy_fpr_bid"": ""+685000"", ""buy_fpr_req"": ""11"", ""buy_1th_pre_req_pre"": ""0"", ""buy_2th_pre_bid"": ""+684000"", ""buy_2th_pre_req"": ""79"", ""buy_2th_pre_req_pre"": ""0"", ""buy_3th_pre_bid"": ""+683000"", ""buy_3th_pre_req"": ""20"", ""buy_3th_pre_req_pre"": ""0"", ""buy_4th_pre_bid"": ""+682000"", ""buy_4th_pre_req"": ""21"", ""buy_4th_pre_req_pre"": ""0"", ""buy_5th_pre_bid"": ""+681000"", ""buy_5th_pre_req"": ""2"", ""buy_5th_pre_req_pre"": ""0"", ""buy_6th_pre_bid"": ""+680000"", ""buy_6th_pre_req"": ""101"", ""buy_6th_pre_req_pre"": ""0"", ""buy_7th_pre_bid"": ""+679000"", ""buy_7th_pre_req"": ""3"", ""buy_7th_pre_req_pre"": ""0"", ""buy_8th_pre_bid"": ""+678000"", ""buy_8th_pre_req"": ""8"", ""buy_8th_pre_req_pre"": ""0"", ""buy_9th_pre_bid"": ""+677000"", ""buy_9th_pre_req"": ""42"", ""buy_9th_pre_req_pre"": ""0"", ""buy_10th_pre_bid"": ""+676000"", ""buy_10th_pre_req"": ""2"", ""buy_10th_pre_req_pre"": ""0"", ""tot_sel_req_jub_pre"": ""--1"", ""tot_sel_req"": ""2925"", ""tot_buy_req"": ""289"", ""tot_buy_req_jub_pre"": ""0"", ""ovt_sel_req_pre"": ""0"", ""ovt_sel_req"": ""0"", ""ovt_buy_req"": ""0"", ""ovt_buy_req_pre"": ""0"", ""return_code"": 0, ""return_msg"": ""정상적으로 처리되었습니다""}"
2026-06-10,watchlist,018260,,1,filtered_candidate_recheck,232000,,232000,231500,232000,233500,0.43103448275862066,0.21551724137931033,,,,,,"{""bid_req_base_tm"": ""110522"", ""sel_10th_pre_req_pre"": ""0"", ""sel_10th_pre_req"": ""218"", ""sel_10th_pre_bid"": ""-236500"", ""sel_9th_pre_req_pre"": ""0"", ""sel_9th_pre_req"": ""321"", ""sel_9th_pre_bid"": ""-236000"", ""sel_8th_pre_req_pre"": ""0"", ""sel_8th_pre_req"": ""228"", ""sel_8th_pre_bid"": ""-235500"", ""sel_7th_pre_req_pre"": ""0"", ""sel_7th_pre_req"": ""140"", ""sel_7th_pre_bid"": ""-235000"", ""sel_6th_pre_req_pre"": ""0"", ""sel_6th_pre_req"": ""154"", ""sel_6th_pre_bid"": ""-234500"", ""sel_5th_pre_req_pre"": ""0"", ""sel_5th_pre_req"": ""219"", ""sel_5th_pre_bid"": ""-234000"", ""sel_4th_pre_req_pre"": ""0"", ""sel_4th_pre_req"": ""61"", ""sel_4th_pre_bid"": ""-233500"", ""sel_3th_pre_req_pre"": ""0"", ""sel_3th_pre_req"": ""196"", ""sel_3th_pre_bid"": ""-233000"", ""sel_2th_pre_req_pre"": ""0"", ""sel_2th_pre_req"": ""118"", ""sel_2th_pre_bid"": ""-232500"", ""sel_1th_pre_req_pre"": ""0"", ""sel_fpr_req"": ""241"", ""sel_fpr_bid"": ""-232000"", ""buy_fpr_bid"": ""-231500"", ""buy_fpr_req"": ""1428"", ""buy_1th_pre_req_pre"": ""--1"", ""buy_2th_pre_bid"": ""-231000"", ""buy_2th_pre_req"": ""1254"", ""buy_2th_pre_req_pre"": ""0"", ""buy_3th_pre_bid"": ""-230500"", ""buy_3th_pre_req"": ""2221"", ""buy_3th_pre_req_pre"": ""0"", ""buy_4th_pre_bid"": ""-230000"", ""buy_4th_pre_req"": ""4157"", ""buy_4th_pre_req_pre"": ""0"", ""buy_5th_pre_bid"": ""-229500"", ""buy_5th_pre_req"": ""985"", ""buy_5th_pre_req_pre"": ""0"", ""buy_6th_pre_bid"": ""-229000"", ""buy_6th_pre_req"": ""1335"", ""buy_6th_pre_req_pre"": ""0"", ""buy_7th_pre_bid"": ""-228500"", ""buy_7th_pre_req"": ""964"", ""buy_7th_pre_req_pre"": ""0"", ""buy_8th_pre_bid"": ""-228000"", ""buy_8th_pre_req"": ""2714"", ""buy_8th_pre_req_pre"": ""0"", ""buy_9th_pre_bid"": ""-227500"", ""buy_9th_pre_req"": ""1849"", ""buy_9th_pre_req_pre"": ""0"", ""buy_10th_pre_bid"": ""-227000"", ""buy_10th_pre_req"": ""3131"", ""buy_10th_pre_req_pre"": ""0"", ""tot_sel_req_jub_pre"": ""0"", ""tot_sel_req"": ""1896"", ""tot_buy_req"": ""20038"", ""tot_buy_req_jub_pre"": ""--1"", ""ovt_sel_req_pre"": ""0"", ""ovt_sel_req"": ""0"", ""ovt_buy_req"": ""0"", ""ovt_buy_req_pre"": ""0"", ""return_code"": 0, ""return_msg"": ""정상적으로 처리되었습니다""}"
2026-06-10,watchlist,161390,,1,filtered_candidate_recheck,70900,,70900,70800,70900,71300,0.4231311706629055,0.14104372355430184,,,,,,"{""bid_req_base_tm"": ""110522"", ""sel_10th_pre_req_pre"": ""0"", ""sel_10th_pre_req"": ""130"", ""sel_10th_pre_bid"": ""-71800"", ""sel_9th_pre_req_pre"": ""0"", ""sel_9th_pre_req"": ""11"", ""sel_9th_pre_bid"": ""-71700"", ""sel_8th_pre_req_pre"": ""0"", ""sel_8th_pre_req"": ""18"", ""sel_8th_pre_bid"": ""-71600"", ""sel_7th_pre_req_pre"": ""0"", ""sel_7th_pre_req"": ""72"", ""sel_7th_pre_bid"": ""-71500"", ""sel_6th_pre_req_pre"": ""0"", ""sel_6th_pre_req"": ""15"", ""sel_6th_pre_bid"": ""-71400"", ""sel_5th_pre_req_pre"": ""0"", ""sel_5th_pre_req"": ""42"", ""sel_5th_pre_bid"": ""-71300"", ""sel_4th_pre_req_pre"": ""0"", ""sel_4th_pre_req"": ""83"", ""sel_4th_pre_bid"": ""-71200"", ""sel_3th_pre_req_pre"": ""0"", ""sel_3th_pre_req"": ""253"", ""sel_3th_pre_bid"": ""-71100"", ""sel_2th_pre_req_pre"": ""0"", ""sel_2th_pre_req"": ""547"", ""sel_2th_pre_bid"": ""-71000"", ""sel_1th_pre_req_pre"": ""0"", ""sel_fpr_req"": ""1332"", ""sel_fpr_bid"": ""-70900"", ""buy_fpr_bid"": ""-70800"", ""buy_fpr_req"": ""3792"", ""buy_1th_pre_req_pre"": ""0"", ""buy_2th_pre_bid"": ""-70700"", ""buy_2th_pre_req"": ""432"", ""buy_2th_pre_req_pre"": ""0"", ""buy_3th_pre_bid"": ""-70600"", ""buy_3th_pre_req"": ""24"", ""buy_3th_pre_req_pre"": ""0"", ""buy_4th_pre_bid"": ""-70500"", ""buy_4th_pre_req"": ""175"", ""buy_4th_pre_req_pre"": ""0"", ""buy_5th_pre_bid"": ""-70400"", ""buy_5th_pre_req"": ""236"", ""buy_5th_pre_req_pre"": ""0"", ""buy_6th_pre_bid"": ""-70300"", ""buy_6th_pre_req"": ""204"", ""buy_6th_pre_req_pre"": ""0"", ""buy_7th_pre_bid"": ""-70200"", ""buy_7th_pre_req"": ""230"", ""buy_7th_pre_req_pre"": ""+2"", ""buy_8th_pre_bid"": ""-70100"", ""buy_8th_pre_req"": ""3217"", ""buy_8th_pre_req_pre"": ""0"", ""buy_9th_pre_bid"": ""-70000"", ""buy_9th_pre_req"": ""378"", ""buy_9th_pre_req_pre"": ""0"", ""buy_10th_pre_bid"": ""-69900"", ""buy_10th_pre_req"": ""35"", ""buy_10th_pre_req_pre"": ""0"", ""tot_sel_req_jub_pre"": ""0"", ""tot_sel_req"": ""2503"", ""tot_buy_req"": ""8723"", ""tot_buy_req_jub_pre"": ""+2"", ""ovt_sel_req_pre"": ""0"", ""ovt_sel_req"": ""0"", ""ovt_buy_req"": ""0"", ""ovt_buy_req_pre"": ""0"", ""return_code"": 0, ""return_msg"": ""정상적으로 처리되었습니다""}"
2026-06-10,watchlist,078930,,0,filtered_candidate_recheck,73900,,73900,73800,73900,73600,-0.5412719891745602,0.13531799729364005,,,,,,"{""bid_req_base_tm"": ""110521"", ""sel_10th_pre_req_pre"": ""0"", ""sel_10th_pre_req"": ""4"", ""sel_10th_pre_bid"": ""+74800"", ""sel_9th_pre_req_pre"": ""0"", ""sel_9th_pre_req"": ""232"", ""sel_9th_pre_bid"": ""+74700"", ""sel_8th_pre_req_pre"": ""0"", ""sel_8th_pre_req"": ""104"", ""sel_8th_pre_bid"": ""+74600"", ""sel_7th_pre_req_pre"": ""0"", ""sel_7th_pre_req"": ""1046"", ""sel_7th_pre_bid"": ""+74500"", ""sel_6th_pre_req_pre"": ""0"", ""sel_6th_pre_req"": ""107"", ""sel_6th_pre_bid"": ""+74400"", ""sel_5th_pre_req_pre"": ""0"", ""sel_5th_pre_req"": ""118"", ""sel_5th_pre_bid"": ""+74300"", ""sel_4th_pre_req_pre"": ""0"", ""sel_4th_pre_req"": ""99"", ""sel_4th_pre_bid"": ""+74200"", ""sel_3th_pre_req_pre"": ""0"", ""sel_3th_pre_req"": ""32"", ""sel_3th_pre_bid"": ""+74100"", ""sel_2th_pre_req_pre"": ""0"", ""sel_2th_pre_req"": ""112"", ""sel_2th_pre_bid"": ""+74000"", ""sel_1th_pre_req_pre"": ""--4"", ""sel_fpr_req"": ""253"", ""sel_fpr_bid"": ""+73900"", ""buy_fpr_bid"": ""73800"", ""buy_fpr_req"": ""235"", ""buy_1th_pre_req_pre"": ""0"", ""buy_2th_pre_bid"": ""-73700"", ""buy_2th_pre_req"": ""163"", ""buy_2th_pre_req_pre"": ""0"", ""buy_3th_pre_bid"": ""-73500"", ""buy_3th_pre_req"": ""50"", ""buy_3th_pre_req_pre"": ""0"", ""buy_4th_pre_bid"": ""-73400"", ""buy_4th_pre_req"": ""1"", ""buy_4th_pre_req_pre"": ""0"", ""buy_5th_pre_bid"": ""-73300"", ""buy_5th_pre_req"": ""30"", ""buy_5th_pre_req_pre"": ""0"", ""buy_6th_pre_bid"": ""-73200"", ""buy_6th_pre_req"": ""5"", ""buy_6th_pre_req_pre"": ""0"", ""buy_7th_pre_bid"": ""-73100"", ""buy_7th_pre_req"": ""150"", ""buy_7th_pre_req_pre"": ""0"", ""buy_8th_pre_bid"": ""-73000"", ""buy_8th_pre_req"": ""50"", ""buy_8th_pre_req_pre"": ""0"", ""buy_9th_pre_bid"": ""-72900"", ""buy_9th_pre_req"": ""6"", ""buy_9th_pre_req_pre"": ""0"", ""buy_10th_pre_bid"": ""-72700"", ""buy_10th_pre_req"": ""50"", ""buy_10th_pre_req_pre"": ""0"", ""tot_sel_req_jub_pre"": ""--4"", ""tot_sel_req"": ""2107"", ""tot_buy_req"": ""740"", ""tot_buy_req_jub_pre"": ""0"", ""ovt_sel_req_pre"": ""0"", ""ovt_sel_req"": ""0"", ""ovt_buy_req"": ""0"", ""ovt_buy_req_pre"": ""0"", ""return_code"": 0, ""return_msg"": ""정상적으로 처리되었습니다""}"
2026-06-10,watchlist,462870,,0,filtered_candidate_recheck,31600,,31600,31500,31600,31350,-0.949367088607595,0.31645569620253167,,,,,,"{""bid_req_base_tm"": ""110519"", ""sel_10th_pre_req_pre"": ""0"", ""sel_10th_pre_req"": ""76"", ""sel_10th_pre_bid"": ""-32050"", ""sel_9th_pre_req_pre"": ""0"", ""sel_9th_pre_req"": ""156"", ""sel_9th_pre_bid"": ""-32000"", ""sel_8th_pre_req_pre"": ""0"", ""sel_8th_pre_req"": ""840"", ""sel_8th_pre_bid"": ""-31950"", ""sel_7th_pre_req_pre"": ""0"", ""sel_7th_pre_req"": ""46"", ""sel_7th_pre_bid"": ""-31900"", ""sel_6th_pre_req_pre"": ""0"", ""sel_6th_pre_req"": ""18"", ""sel_6th_pre_bid"": ""-31850"", ""sel_5th_pre_req_pre"": ""0"", ""sel_5th_pre_req"": ""44"", ""sel_5th_pre_bid"": ""-31800"", ""sel_4th_pre_req_pre"": ""0"", ""sel_4th_pre_req"": ""59"", ""sel_4th_pre_bid"": ""-31750"", ""sel_3th_pre_req_pre"": ""0"", ""sel_3th_pre_req"": ""46"", ""sel_3th_pre_bid"": ""-31700"", ""sel_2th_pre_req_pre"": ""0"", ""sel_2th_pre_req"": ""138"", ""sel_2th_pre_bid"": ""-31650"", ""sel_1th_pre_req_pre"": ""+4"", ""sel_fpr_req"": ""539"", ""sel_fpr_bid"": ""-31600"", ""buy_fpr_bid"": ""-31500"", ""buy_fpr_req"": ""30"", ""buy_1th_pre_req_pre"": ""0"", ""buy_2th_pre_bid"": ""-31450"", ""buy_2th_pre_req"": ""15"", ""buy_2th_pre_req_pre"": ""0"", ""buy_3th_pre_bid"": ""-31400"", ""buy_3th_pre_req"": ""51"", ""buy_3th_pre_req_pre"": ""0"", ""buy_4th_pre_bid"": ""-31350"", ""buy_4th_pre_req"": ""42"", ""buy_4th_pre_req_pre"": ""0"", ""buy_5th_pre_bid"": ""-31300"", ""buy_5th_pre_req"": ""45"", ""buy_5th_pre_req_pre"": ""0"", ""buy_6th_pre_bid"": ""-31250"", ""buy_6th_pre_req"": ""26"", ""buy_6th_pre_req_pre"": ""0"", ""buy_7th_pre_bid"": ""-31200"", ""buy_7th_pre_req"": ""68"", ""buy_7th_pre_req_pre"": ""0"", ""buy_8th_pre_bid"": ""-31150"", ""buy_8th_pre_req"": ""184"", ""buy_8th_pre_req_pre"": ""0"", ""buy_9th_pre_bid"": ""-31100"", ""buy_9th_pre_req"": ""38"", ""buy_9th_pre_req_pre"": ""0"", ""buy_10th_pre_bid"": ""-31050"", ""buy_10th_pre_req"": ""74"", ""buy_10th_pre_req_pre"": ""0"", ""tot_sel_req_jub_pre"": ""+4"", ""tot_sel_req"": ""1962"", ""tot_buy_req"": ""573"", ""tot_buy_req_jub_pre"": ""0"", ""ovt_sel_req_pre"": ""0"", ""ovt_sel_req"": ""0"", ""ovt_buy_req"": ""0"", ""ovt_buy_req_pre"": ""0"", ""return_code"": 0, ""return_msg"": ""정상적으로 처리되었습니다""}"
2026-06-10,watchlist,055550,,0,filtered_candidate_recheck,98600,,98600,98500,98600,98100,-0.6085192697768762,0.10141987829614604,,,,,,"{""bid_req_base_tm"": ""110522"", ""sel_10th_pre_req_pre"": ""0"", ""sel_10th_pre_req"": ""3"", ""sel_10th_pre_bid"": ""-99600"", ""sel_9th_pre_req_pre"": ""0"", ""sel_9th_pre_req"": ""41"", ""sel_9th_pre_bid"": ""-99500"", ""sel_8th_pre_req_pre"": ""0"", ""sel_8th_pre_req"": ""19"", ""sel_8th_pre_bid"": ""-99400"", ""sel_7th_pre_req_pre"": ""0"", ""sel_7th_pre_req"": ""57"", ""sel_7th_pre_bid"": ""-99300"", ""sel_6th_pre_req_pre"": ""0"", ""sel_6th_pre_req"": ""1"", ""sel_6th_pre_bid"": ""-99200"", ""sel_5th_pre_req_pre"": ""0"", ""sel_5th_pre_req"": ""81"", ""sel_5th_pre_bid"": ""-99100"", ""sel_4th_pre_req_pre"": ""0"", ""sel_4th_pre_req"": ""242"", ""sel_4th_pre_bid"": ""-99000"", ""sel_3th_pre_req_pre"": ""0"", ""sel_3th_pre_req"": ""866"", ""sel_3th_pre_bid"": ""-98800"", ""sel_2th_pre_req_pre"": ""0"", ""sel_2th_pre_req"": ""765"", ""sel_2th_pre_bid"": ""-98700"", ""sel_1th_pre_req_pre"": ""0"", ""sel_fpr_req"": ""9954"", ""sel_fpr_bid"": ""-98600"", ""buy_fpr_bid"": ""-98500"", ""buy_fpr_req"": ""956"", ""buy_1th_pre_req_pre"": ""+20"", ""buy_2th_pre_bid"": ""-98400"", ""buy_2th_pre_req"": ""1711"", ""buy_2th_pre_req_pre"": ""0"", ""buy_3th_pre_bid"": ""-98300"", ""buy_3th_pre_req"": ""273"", ""buy_3th_pre_req_pre"": ""0"", ""buy_4th_pre_bid"": ""-98200"", ""buy_4th_pre_req"": ""1262"", ""buy_4th_pre_req_pre"": ""0"", ""buy_5th_pre_bid"": ""-98100"", ""buy_5th_pre_req"": ""461"", ""buy_5th_pre_req_pre"": ""0"", ""buy_6th_pre_bid"": ""-98000"", ""buy_6th_pre_req"": ""2006"", ""buy_6th_pre_req_pre"": ""0"", ""buy_7th_pre_bid"": ""-97900"", ""buy_7th_pre_req"": ""254"", ""buy_7th_pre_req_pre"": ""0"", ""buy_8th_pre_bid"": ""-97800"", ""buy_8th_pre_req"": ""171"", ""buy_8th_pre_req_pre"": ""0"", ""buy_9th_pre_bid"": ""-97700"", ""buy_9th_pre_req"": ""257"", ""buy_9th_pre_req_pre"": ""0"", ""buy_10th_pre_bid"": ""-97600"", ""buy_10th_pre_req"": ""201"", ""buy_10th_pre_req_pre"": ""0"", ""tot_sel_req_jub_pre"": ""0"", ""tot_sel_req"": ""12029"", ""tot_buy_req"": ""7552"", ""tot_buy_req_jub_pre"": ""+20"", ""ovt_sel_req_pre"": ""0"", ""ovt_sel_req"": ""0"", ""ovt_buy_req"": ""0"", ""ovt_buy_req_pre"": ""0"", ""return_code"": 0, ""return_msg"": ""정상적으로 처리되었습니다""}"
2026-06-10,watchlist,192080,,1,filtered_candidate_recheck,71200,,71200,71100,71200,71500,0.2808988764044944,0.1404494382022472,,,,,,"{""bid_req_base_tm"": ""110519"", ""sel_10th_pre_req_pre"": ""0"", ""sel_10th_pre_req"": ""128"", ""sel_10th_pre_bid"": ""+72400"", ""sel_9th_pre_req_pre"": ""0"", ""sel_9th_pre_req"": ""10"", ""sel_9th_pre_bid"": ""+72300"", ""sel_8th_pre_req_pre"": ""0"", ""sel_8th_pre_req"": ""10"", ""sel_8th_pre_bid"": ""+72200"", ""sel_7th_pre_req_pre"": ""0"", ""sel_7th_pre_req"": ""6"", ""sel_7th_pre_bid"": ""+72100"", ""sel_6th_pre_req_pre"": ""0"", ""sel_6th_pre_req"": ""5"", ""sel_6th_pre_bid"": ""72000"", ""sel_5th_pre_req_pre"": ""0"", ""sel_5th_pre_req"": ""33"", ""sel_5th_pre_bid"": ""-71800"", ""sel_4th_pre_req_pre"": ""0"", ""sel_4th_pre_req"": ""42"", ""sel_4th_pre_bid"": ""-71600"", ""sel_3th_pre_req_pre"": ""0"", ""sel_3th_pre_req"": ""1"", ""sel_3th_pre_bid"": ""-71400"", ""sel_2th_pre_req_pre"": ""0"", ""sel_2th_pre_req"": ""137"", ""sel_2th_pre_bid"": ""-71300"", ""sel_1th_pre_req_pre"": ""+2"", ""sel_fpr_req"": ""16"", ""sel_fpr_bid"": ""-71200"", ""buy_fpr_bid"": ""-71100"", ""buy_fpr_req"": ""43"", ""buy_1th_pre_req_pre"": ""0"", ""buy_2th_pre_bid"": ""-71000"", ""buy_2th_pre_req"": ""48"", ""buy_2th_pre_req_pre"": ""0"", ""buy_3th_pre_bid"": ""-70900"", ""buy_3th_pre_req"": ""151"", ""buy_3th_pre_req_pre"": ""0"", ""buy_4th_pre_bid"": ""-70800"", ""buy_4th_pre_req"": ""83"", ""buy_4th_pre_req_pre"": ""0"", ""buy_5th_pre_bid"": ""-70700"", ""buy_5th_pre_req"": ""110"", ""buy_5th_pre_req_pre"": ""0"", ""buy_6th_pre_bid"": ""-70600"", ""buy_6th_pre_req"": ""100"", ""buy_6th_pre_req_pre"": ""0"", ""buy_7th_pre_bid"": ""-70500"", ""buy_7th_pre_req"": ""181"", ""buy_7th_pre_req_pre"": ""0"", ""buy_8th_pre_bid"": ""-70400"", ""buy_8th_pre_req"": ""182"", ""buy_8th_pre_req_pre"": ""0"", ""buy_9th_pre_bid"": ""-70300"", ""buy_9th_pre_req"": ""94"", ""buy_9th_pre_req_pre"": ""0"", ""buy_10th_pre_bid"": ""-70200"", ""buy_10th_pre_req"": ""21"", ""buy_10th_pre_req_pre"": ""0"", ""tot_sel_req_jub_pre"": ""+2"", ""tot_sel_req"": ""388"", ""tot_buy_req"": ""1013"", ""tot_buy_req_jub_pre"": ""0"", ""ovt_sel_req_pre"": ""0"", ""ovt_sel_req"": ""0"", ""ovt_buy_req"": ""0"", ""ovt_buy_req_pre"": ""0"", ""return_code"": 0, ""return_msg"": ""정상적으로 처리되었습니다""}"
2026-06-10,watchlist,000430,,1,filtered_candidate_recheck,5670,,5670,5660,5670,5690,0.1763668430335097,0.1763668430335097,,,,,,"{""bid_req_base_tm"": ""110523"", ""sel_10th_pre_req_pre"": ""0"", ""sel_10th_pre_req"": ""390"", ""sel_10th_pre_bid"": ""-5760"", ""sel_9th_pre_req_pre"": ""0"", ""sel_9th_pre_req"": ""1237"", ""sel_9th_pre_bid"": ""-5750"", ""sel_8th_pre_req_pre"": ""0"", ""sel_8th_pre_req"": ""1350"", ""sel_8th_pre_bid"": ""-5740"", ""sel_7th_pre_req_pre"": ""0"", ""sel_7th_pre_req"": ""1965"", ""sel_7th_pre_bid"": ""-5730"", ""sel_6th_pre_req_pre"": ""0"", ""sel_6th_pre_req"": ""100"", ""sel_6th_pre_bid"": ""-5720"", ""sel_5th_pre_req_pre"": ""0"", ""sel_5th_pre_req"": ""28"", ""sel_5th_pre_bid"": ""-5710"", ""sel_4th_pre_req_pre"": ""0"", ""sel_4th_pre_req"": ""25"", ""sel_4th_pre_bid"": ""-5700"", ""sel_3th_pre_req_pre"": ""0"", ""sel_3th_pre_req"": ""27"", ""sel_3th_pre_bid"": ""-5690"", ""sel_2th_pre_req_pre"": ""0"", ""sel_2th_pre_req"": ""1726"", ""sel_2th_pre_bid"": ""-5680"", ""sel_1th_pre_req_pre"": ""0"", ""sel_fpr_req"": ""973"", ""sel_fpr_bid"": ""-5670"", ""buy_fpr_bid"": ""-5660"", ""buy_fpr_req"": ""56"", ""buy_1th_pre_req_pre"": ""0"", ""buy_2th_pre_bid"": ""-5650"", ""buy_2th_pre_req"": ""393"", ""buy_2th_pre_req_pre"": ""0"", ""buy_3th_pre_bid"": ""-5640"", ""buy_3th_pre_req"": ""2085"", ""buy_3th_pre_req_pre"": ""0"", ""buy_4th_pre_bid"": ""-5630"", ""buy_4th_pre_req"": ""2856"", ""buy_4th_pre_req_pre"": ""0"", ""buy_5th_pre_bid"": ""-5620"", ""buy_5th_pre_req"": ""3960"", ""buy_5th_pre_req_pre"": ""0"", ""buy_6th_pre_bid"": ""-5610"", ""buy_6th_pre_req"": ""7544"", ""buy_6th_pre_req_pre"": ""0"", ""buy_7th_pre_bid"": ""-5600"", ""buy_7th_pre_req"": ""14514"", ""buy_7th_pre_req_pre"": ""0"", ""buy_8th_pre_bid"": ""-5590"", ""buy_8th_pre_req"": ""3461"", ""buy_8th_pre_req_pre"": ""0"", ""buy_9th_pre_bid"": ""-5580"", ""buy_9th_pre_req"": ""8544"", ""buy_9th_pre_req_pre"": ""0"", ""buy_10th_pre_bid"": ""-5570"", ""buy_10th_pre_req"": ""2754"", ""buy_10th_pre_req_pre"": ""0"", ""tot_sel_req_jub_pre"": ""0"", ""tot_sel_req"": ""7821"", ""tot_buy_req"": ""46167"", ""tot_buy_req_jub_pre"": ""0"", ""ovt_sel_req_pre"": ""0"", ""ovt_sel_req"": ""0"", ""ovt_buy_req"": ""0"", ""ovt_buy_req_pre"": ""0"", ""return_code"": 0, ""return_msg"": ""정상적으로 처리되었습니다""}"
2026-06-10,watchlist,307950,,0,filtered_candidate_recheck,693000,,693000,692000,693000,696000,0.2886002886002886,0.1443001443001443,,,,,,"{""bid_req_base_tm"": ""110523"", ""sel_10th_pre_req_pre"": ""0"", ""sel_10th_pre_req"": ""6"", ""sel_10th_pre_bid"": ""+703000"", ""sel_9th_pre_req_pre"": ""0"", ""sel_9th_pre_req"": ""1"", ""sel_9th_pre_bid"": ""+702000"", ""sel_8th_pre_req_pre"": ""0"", ""sel_8th_pre_req"": ""23"", ""sel_8th_pre_bid"": ""+700000"", ""sel_7th_pre_req_pre"": ""0"", ""sel_7th_pre_req"": ""10"", ""sel_7th_pre_bid"": ""+699000"", ""sel_6th_pre_req_pre"": ""0"", ""sel_6th_pre_req"": ""129"", ""sel_6th_pre_bid"": ""+698000"", ""sel_5th_pre_req_pre"": ""0"", ""sel_5th_pre_req"": ""16"", ""sel_5th_pre_bid"": ""+697000"", ""sel_4th_pre_req_pre"": ""0"", ""sel_4th_pre_req"": ""60"", ""sel_4th_pre_bid"": ""+696000"", ""sel_3th_pre_req_pre"": ""--1"", ""sel_3th_pre_req"": ""30"", ""sel_3th_pre_bid"": ""+695000"", ""sel_2th_pre_req_pre"": ""0"", ""sel_2th_pre_req"": ""289"", ""sel_2th_pre_bid"": ""+694000"", ""sel_1th_pre_req_pre"": ""+1"", ""sel_fpr_req"": ""124"", ""sel_fpr_bid"": ""+693000"", ""buy_fpr_bid"": ""+692000"", ""buy_fpr_req"": ""31"", ""buy_1th_pre_req_pre"": ""--50"", ""buy_2th_pre_bid"": ""+691000"", ""buy_2th_pre_req"": ""254"", ""buy_2th_pre_req_pre"": ""0"", ""buy_3th_pre_bid"": ""+690000"", ""buy_3th_pre_req"": ""390"", ""buy_3th_pre_req_pre"": ""0"", ""buy_4th_pre_bid"": ""+689000"", ""buy_4th_pre_req"": ""164"", ""buy_4th_pre_req_pre"": ""0"", ""buy_5th_pre_bid"": ""+688000"", ""buy_5th_pre_req"": ""356"", ""buy_5th_pre_req_pre"": ""0"", ""buy_6th_pre_bid"": ""687000"", ""buy_6th_pre_req"": ""186"", ""buy_6th_pre_req_pre"": ""0"", ""buy_7th_pre_bid"": ""-686000"", ""buy_7th_pre_req"": ""67"", ""buy_7th_pre_req_pre"": ""0"", ""buy_8th_pre_bid"": ""-685000"", ""buy_8th_pre_req"": ""280"", ""buy_8th_pre_req_pre"": ""0"", ""buy_9th_pre_bid"": ""-684000"", ""buy_9th_pre_req"": ""169"", ""buy_9th_pre_req_pre"": ""0"", ""buy_10th_pre_bid"": ""-683000"", ""buy_10th_pre_req"": ""72"", ""buy_10th_pre_req_pre"": ""0"", ""tot_sel_req_jub_pre"": ""0"", ""tot_sel_req"": ""688"", ""tot_buy_req"": ""1969"", ""tot_buy_req_jub_pre"": ""--50"", ""ovt_sel_req_pre"": ""0"", ""ovt_sel_req"": ""0"", ""ovt_buy_req"": ""0"", ""ovt_buy_req_pre"": ""0"", ""return_code"": 0, ""return_msg"": ""정상적으로 처리되었습니다""}"
2026-06-10,watchlist,114090,,0,filtered_candidate_recheck,12060,,12060,12020,12060,12000,-0.9121061359867331,0.33167495854063017,,,,,,"{""bid_req_base_tm"": ""110517"", ""sel_10th_pre_req_pre"": ""0"", ""sel_10th_pre_req"": ""10"", ""sel_10th_pre_bid"": ""+12160"", ""sel_9th_pre_req_pre"": ""0"", ""sel_9th_pre_req"": ""1133"", ""sel_9th_pre_bid"": ""+12150"", ""sel_8th_pre_req_pre"": ""0"", ""sel_8th_pre_req"": ""132"", ""sel_8th_pre_bid"": ""+12140"", ""sel_7th_pre_req_pre"": ""0"", ""sel_7th_pre_req"": ""470"", ""sel_7th_pre_bid"": ""+12130"", ""sel_6th_pre_req_pre"": ""0"", ""sel_6th_pre_req"": ""56"", ""sel_6th_pre_bid"": ""+12120"", ""sel_5th_pre_req_pre"": ""0"", ""sel_5th_pre_req"": ""1958"", ""sel_5th_pre_bid"": ""+12110"", ""sel_4th_pre_req_pre"": ""0"", ""sel_4th_pre_req"": ""68"", ""sel_4th_pre_bid"": ""+12100"", ""sel_3th_pre_req_pre"": ""0"", ""sel_3th_pre_req"": ""1"", ""sel_3th_pre_bid"": ""+12080"", ""sel_2th_pre_req_pre"": ""+3"", ""sel_2th_pre_req"": ""17"", ""sel_2th_pre_bid"": ""+12070"", ""sel_1th_pre_req_pre"": ""0"", ""sel_fpr_req"": ""3"", ""sel_fpr_bid"": ""+12060"", ""buy_fpr_bid"": ""+12020"", ""buy_fpr_req"": ""502"", ""buy_1th_pre_req_pre"": ""0"", ""buy_2th_pre_bid"": ""+12010"", ""buy_2th_pre_req"": ""264"", ""buy_2th_pre_req_pre"": ""0"", ""buy_3th_pre_bid"": ""+12000"", ""buy_3th_pre_req"": ""800"", ""buy_3th_pre_req_pre"": ""0"", ""buy_4th_pre_bid"": ""+11990"", ""buy_4th_pre_req"": ""126"", ""buy_4th_pre_req_pre"": ""0"", ""buy_5th_pre_bid"": ""+11980"", ""buy_5th_pre_req"": ""189"", ""buy_5th_pre_req_pre"": ""0"", ""buy_6th_pre_bid"": ""+11970"", ""buy_6th_pre_req"": ""6"", ""buy_6th_pre_req_pre"": ""0"", ""buy_7th_pre_bid"": ""+11960"", ""buy_7th_pre_req"": ""56"", ""buy_7th_pre_req_pre"": ""0"", ""buy_8th_pre_bid"": ""11950"", ""buy_8th_pre_req"": ""457"", ""buy_8th_pre_req_pre"": ""0"", ""buy_9th_pre_bid"": ""-11940"", ""buy_9th_pre_req"": ""7"", ""buy_9th_pre_req_pre"": ""0"", ""buy_10th_pre_bid"": ""-11930"", ""buy_10th_pre_req"": ""6"", ""buy_10th_pre_req_pre"": ""0"", ""tot_sel_req_jub_pre"": ""+3"", ""tot_sel_req"": ""3848"", ""tot_buy_req"": ""2413"", ""tot_buy_req_jub_pre"": ""0"", ""ovt_sel_req_pre"": ""0"", ""ovt_sel_req"": ""0"", ""ovt_buy_req"": ""0"", ""ovt_buy_req_pre"": ""0"", ""return_code"": 0, ""return_msg"": ""정상적으로 처리되었습니다""}"
2026-06-10,watchlist,281820,,1,filtered_candidate_recheck,67000,,67000,66900,67000,67400,0.44776119402985076,0.1492537313432836,,,,,,"{""bid_req_base_tm"": ""110523"", ""sel_10th_pre_req_pre"": ""0"", ""sel_10th_pre_req"": ""60"", ""sel_10th_pre_bid"": ""+68300"", ""sel_9th_pre_req_pre"": ""0"", ""sel_9th_pre_req"": ""3"", ""sel_9th_pre_bid"": ""+68000"", ""sel_8th_pre_req_pre"": ""0"", ""sel_8th_pre_req"": ""34"", ""sel_8th_pre_bid"": ""+67900"", ""sel_7th_pre_req_pre"": ""0"", ""sel_7th_pre_req"": ""20"", ""sel_7th_pre_bid"": ""+67800"", ""sel_6th_pre_req_pre"": ""0"", ""sel_6th_pre_req"": ""1"", ""sel_6th_pre_bid"": ""+67700"", ""sel_5th_pre_req_pre"": ""0"", ""sel_5th_pre_req"": ""8"", ""sel_5th_pre_bid"": ""+67600"", ""sel_4th_pre_req_pre"": ""0"", ""sel_4th_pre_req"": ""1"", ""sel_4th_pre_bid"": ""+67500"", ""sel_3th_pre_req_pre"": ""0"", ""sel_3th_pre_req"": ""30"", ""sel_3th_pre_bid"": ""+67300"", ""sel_2th_pre_req_pre"": ""0"", ""sel_2th_pre_req"": ""82"", ""sel_2th_pre_bid"": ""+67100"", ""sel_1th_pre_req_pre"": ""0"", ""sel_fpr_req"": ""79"", ""sel_fpr_bid"": ""+67000"", ""buy_fpr_bid"": ""+66900"", ""buy_fpr_req"": ""10"", ""buy_1th_pre_req_pre"": ""+2"", ""buy_2th_pre_bid"": ""+66800"", ""buy_2th_pre_req"": ""28"", ""buy_2th_pre_req_pre"": ""0"", ""buy_3th_pre_bid"": ""+66700"", ""buy_3th_pre_req"": ""205"", ""buy_3th_pre_req_pre"": ""0"", ""buy_4th_pre_bid"": ""+66600"", ""buy_4th_pre_req"": ""81"", ""buy_4th_pre_req_pre"": ""0"", ""buy_5th_pre_bid"": ""+66500"", ""buy_5th_pre_req"": ""105"", ""buy_5th_pre_req_pre"": ""0"", ""buy_6th_pre_bid"": ""66400"", ""buy_6th_pre_req"": ""107"", ""buy_6th_pre_req_pre"": ""0"", ""buy_7th_pre_bid"": ""-66300"", ""buy_7th_pre_req"": ""7"", ""buy_7th_pre_req_pre"": ""0"", ""buy_8th_pre_bid"": ""-66200"", ""buy_8th_pre_req"": ""143"", ""buy_8th_pre_req_pre"": ""0"", ""buy_9th_pre_bid"": ""-66100"", ""buy_9th_pre_req"": ""101"", ""buy_9th_pre_req_pre"": ""0"", ""buy_10th_pre_bid"": ""-66000"", ""buy_10th_pre_req"": ""115"", ""buy_10th_pre_req_pre"": ""0"", ""tot_sel_req_jub_pre"": ""0"", ""tot_sel_req"": ""318"", ""tot_buy_req"": ""902"", ""tot_buy_req_jub_pre"": ""+2"", ""ovt_sel_req_pre"": ""0"", ""ovt_sel_req"": ""0"", ""ovt_buy_req"": ""0"", ""ovt_buy_req_pre"": ""0"", ""return_code"": 0, ""return_msg"": ""정상적으로 처리되었습니다""}"
2026-06-10,watchlist,489790,,0,filtered_candidate_recheck,67900,,67900,67800,67900,68300,0.4418262150220913,0.14727540500736377,,,,,,"{""bid_req_base_tm"": ""110522"", ""sel_10th_pre_req_pre"": ""0"", ""sel_10th_pre_req"": ""51"", ""sel_10th_pre_bid"": ""+69000"", ""sel_9th_pre_req_pre"": ""0"", ""sel_9th_pre_req"": ""11"", ""sel_9th_pre_bid"": ""+68800"", ""sel_8th_pre_req_pre"": ""0"", ""sel_8th_pre_req"": ""201"", ""sel_8th_pre_bid"": ""+68700"", ""sel_7th_pre_req_pre"": ""0"", ""sel_7th_pre_req"": ""24"", ""sel_7th_pre_bid"": ""+68600"", ""sel_6th_pre_req_pre"": ""0"", ""sel_6th_pre_req"": ""8"", ""sel_6th_pre_bid"": ""+68500"", ""sel_5th_pre_req_pre"": ""0"", ""sel_5th_pre_req"": ""1"", ""sel_5th_pre_bid"": ""+68400"", ""sel_4th_pre_req_pre"": ""0"", ""sel_4th_pre_req"": ""5"", ""sel_4th_pre_bid"": ""+68300"", ""sel_3th_pre_req_pre"": ""0"", ""sel_3th_pre_req"": ""52"", ""sel_3th_pre_bid"": ""+68100"", ""sel_2th_pre_req_pre"": ""0"", ""sel_2th_pre_req"": ""773"", ""sel_2th_pre_bid"": ""+68000"", ""sel_1th_pre_req_pre"": ""0"", ""sel_fpr_req"": ""90"", ""sel_fpr_bid"": ""+67900"", ""buy_fpr_bid"": ""+67800"", ""buy_fpr_req"": ""726"", ""buy_1th_pre_req_pre"": ""0"", ""buy_2th_pre_bid"": ""+67700"", ""buy_2th_pre_req"": ""413"", ""buy_2th_pre_req_pre"": ""0"", ""buy_3th_pre_bid"": ""+67600"", ""buy_3th_pre_req"": ""267"", ""buy_3th_pre_req_pre"": ""0"", ""buy_4th_pre_bid"": ""+67500"", ""buy_4th_pre_req"": ""648"", ""buy_4th_pre_req_pre"": ""0"", ""buy_5th_pre_bid"": ""+67400"", ""buy_5th_pre_req"": ""159"", ""buy_5th_pre_req_pre"": ""0"", ""buy_6th_pre_bid"": ""+67300"", ""buy_6th_pre_req"": ""323"", ""buy_6th_pre_req_pre"": ""0"", ""buy_7th_pre_bid"": ""+67200"", ""buy_7th_pre_req"": ""280"", ""buy_7th_pre_req_pre"": ""0"", ""buy_8th_pre_bid"": ""+67100"", ""buy_8th_pre_req"": ""274"", ""buy_8th_pre_req_pre"": ""0"", ""buy_9th_pre_bid"": ""+67000"", ""buy_9th_pre_req"": ""504"", ""buy_9th_pre_req_pre"": ""0"", ""buy_10th_pre_bid"": ""+66900"", ""buy_10th_pre_req"": ""316"", ""buy_10th_pre_req_pre"": ""0"", ""tot_sel_req_jub_pre"": ""0"", ""tot_sel_req"": ""1216"", ""tot_buy_req"": ""3910"", ""tot_buy_req_jub_pre"": ""0"", ""ovt_sel_req_pre"": ""0"", ""ovt_sel_req"": ""0"", ""ovt_buy_req"": ""0"", ""ovt_buy_req_pre"": ""0"", ""return_code"": 0, ""return_msg"": ""정상적으로 처리되었습니다""}"
2026-06-10,watchlist,092200,,0,filtered_candidate_recheck,9520,,9520,9510,9520,9570,0.42016806722689076,0.10504201680672269,,,,,,"{""bid_req_base_tm"": ""110524"", ""sel_10th_pre_req_pre"": ""0"", ""sel_10th_pre_req"": ""843"", ""sel_10th_pre_bid"": ""-9640"", ""sel_9th_pre_req_pre"": ""0"", ""sel_9th_pre_req"": ""599"", ""sel_9th_pre_bid"": ""-9630"", ""sel_8th_pre_req_pre"": ""0"", ""sel_8th_pre_req"": ""128"", ""sel_8th_pre_bid"": ""-9620"", ""sel_7th_pre_req_pre"": ""0"", ""sel_7th_pre_req"": ""59"", ""sel_7th_pre_bid"": ""-9610"", ""sel_6th_pre_req_pre"": ""0"", ""sel_6th_pre_req"": ""95"", ""sel_6th_pre_bid"": ""-9600"", ""sel_5th_pre_req_pre"": ""0"", ""sel_5th_pre_req"": ""100"", ""sel_5th_pre_bid"": ""-9560"", ""sel_4th_pre_req_pre"": ""0"", ""sel_4th_pre_req"": ""246"", ""sel_4th_pre_bid"": ""-9550"", ""sel_3th_pre_req_pre"": ""0"", ""sel_3th_pre_req"": ""105"", ""sel_3th_pre_bid"": ""-9540"", ""sel_2th_pre_req_pre"": ""+200"", ""sel_2th_pre_req"": ""2377"", ""sel_2th_pre_bid"": ""-9530"", ""sel_1th_pre_req_pre"": ""0"", ""sel_fpr_req"": ""49"", ""sel_fpr_bid"": ""-9520"", ""buy_fpr_bid"": ""-9510"", ""buy_fpr_req"": ""2440"", ""buy_1th_pre_req_pre"": ""0"", ""buy_2th_pre_bid"": ""-9500"", ""buy_2th_pre_req"": ""6437"", ""buy_2th_pre_req_pre"": ""0"", ""buy_3th_pre_bid"": ""-9490"", ""buy_3th_pre_req"": ""1021"", ""buy_3th_pre_req_pre"": ""0"", ""buy_4th_pre_bid"": ""-9480"", ""buy_4th_pre_req"": ""1356"", ""buy_4th_pre_req_pre"": ""0"", ""buy_5th_pre_bid"": ""-9470"", ""buy_5th_pre_req"": ""575"", ""buy_5th_pre_req_pre"": ""0"", ""buy_6th_pre_bid"": ""-9460"", ""buy_6th_pre_req"": ""3525"", ""buy_6th_pre_req_pre"": ""0"", ""buy_7th_pre_bid"": ""-9450"", ""buy_7th_pre_req"": ""1261"", ""buy_7th_pre_req_pre"": ""0"", ""buy_8th_pre_bid"": ""-9440"", ""buy_8th_pre_req"": ""690"", ""buy_8th_pre_req_pre"": ""0"", ""buy_9th_pre_bid"": ""-9430"", ""buy_9th_pre_req"": ""2038"", ""buy_9th_pre_req_pre"": ""0"", ""buy_10th_pre_bid"": ""-9420"", ""buy_10th_pre_req"": ""949"", ""buy_10th_pre_req_pre"": ""0"", ""tot_sel_req_jub_pre"": ""+200"", ""tot_sel_req"": ""4601"", ""tot_buy_req"": ""20292"", ""tot_buy_req_jub_pre"": ""0"", ""ovt_sel_req_pre"": ""0"", ""ovt_sel_req"": ""0"", ""ovt_buy_req"": ""0"", ""ovt_buy_req_pre"": ""0"", ""return_code"": 0, ""return_msg"": ""정상적으로 처리되었습니다""}"
2026-06-10,watchlist,175330,,0,filtered_candidate_recheck,25500,,25500,25450,25500,25550,0.0,0.19607843137254902,,,,,,"{""bid_req_base_tm"": ""110518"", ""sel_10th_pre_req_pre"": ""0"", ""sel_10th_pre_req"": ""560"", ""sel_10th_pre_bid"": ""+25950"", ""sel_9th_pre_req_pre"": ""0"", ""sel_9th_pre_req"": ""562"", ""sel_9th_pre_bid"": ""25900"", ""sel_8th_pre_req_pre"": ""0"", ""sel_8th_pre_req"": ""469"", ""sel_8th_pre_bid"": ""-25850"", ""sel_7th_pre_req_pre"": ""0"", ""sel_7th_pre_req"": ""22"", ""sel_7th_pre_bid"": ""-25800"", ""sel_6th_pre_req_pre"": ""0"", ""sel_6th_pre_req"": ""559"", ""sel_6th_pre_bid"": ""-25750"", ""sel_5th_pre_req_pre"": ""0"", ""sel_5th_pre_req"": ""450"", ""sel_5th_pre_bid"": ""-25700"", ""sel_4th_pre_req_pre"": ""0"", ""sel_4th_pre_req"": ""334"", ""sel_4th_pre_bid"": ""-25650"", ""sel_3th_pre_req_pre"": ""0"", ""sel_3th_pre_req"": ""508"", ""sel_3th_pre_bid"": ""-25600"", ""sel_2th_pre_req_pre"": ""0"", ""sel_2th_pre_req"": ""531"", ""sel_2th_pre_bid"": ""-25550"", ""sel_1th_pre_req_pre"": ""+96"", ""sel_fpr_req"": ""743"", ""sel_fpr_bid"": ""-25500"", ""buy_fpr_bid"": ""-25450"", ""buy_fpr_req"": ""1504"", ""buy_1th_pre_req_pre"": ""0"", ""buy_2th_pre_bid"": ""-25400"", ""buy_2th_pre_req"": ""663"", ""buy_2th_pre_req_pre"": ""0"", ""buy_3th_pre_bid"": ""-25350"", ""buy_3th_pre_req"": ""436"", ""buy_3th_pre_req_pre"": ""0"", ""buy_4th_pre_bid"": ""-25300"", ""buy_4th_pre_req"": ""588"", ""buy_4th_pre_req_pre"": ""0"", ""buy_5th_pre_bid"": ""-25250"", ""buy_5th_pre_req"": ""708"", ""buy_5th_pre_req_pre"": ""0"", ""buy_6th_pre_bid"": ""-25200"", ""buy_6th_pre_req"": ""838"", ""buy_6th_pre_req_pre"": ""0"", ""buy_7th_pre_bid"": ""-25150"", ""buy_7th_pre_req"": ""768"", ""buy_7th_pre_req_pre"": ""0"", ""buy_8th_pre_bid"": ""-25100"", ""buy_8th_pre_req"": ""478"", ""buy_8th_pre_req_pre"": ""0"", ""buy_9th_pre_bid"": ""-25050"", ""buy_9th_pre_req"": ""378"", ""buy_9th_pre_req_pre"": ""0"", ""buy_10th_pre_bid"": ""-25000"", ""buy_10th_pre_req"": ""709"", ""buy_10th_pre_req_pre"": ""0"", ""tot_sel_req_jub_pre"": ""+96"", ""tot_sel_req"": ""4738"", ""tot_buy_req"": ""7070"", ""tot_buy_req_jub_pre"": ""0"", ""ovt_sel_req_pre"": ""0"", ""ovt_sel_req"": ""0"", ""ovt_buy_req"": ""0"", ""ovt_buy_req_pre"": ""0"", ""return_code"": 0, ""return_msg"": ""정상적으로 처리되었습니다""}"
2026-06-10,watchlist,069960,,0,filtered_candidate_recheck,175100,,175100,174900,175100,174500,-0.6282124500285551,0.1142204454597373,,,,,,"{""bid_req_base_tm"": ""110524"", ""sel_10th_pre_req_pre"": ""0"", ""sel_10th_pre_req"": ""266"", ""sel_10th_pre_bid"": ""+176800"", ""sel_9th_pre_req_pre"": ""0"", ""sel_9th_pre_req"": ""14"", ""sel_9th_pre_bid"": ""+176700"", ""sel_8th_pre_req_pre"": ""0"", ""sel_8th_pre_req"": ""2"", ""sel_8th_pre_bid"": ""+176500"", ""sel_7th_pre_req_pre"": ""0"", ""sel_7th_pre_req"": ""78"", ""sel_7th_pre_bid"": ""+176300"", ""sel_6th_pre_req_pre"": ""0"", ""sel_6th_pre_req"": ""4"", ""sel_6th_pre_bid"": ""+176100"", ""sel_5th_pre_req_pre"": ""0"", ""sel_5th_pre_req"": ""308"", ""sel_5th_pre_bid"": ""+176000"", ""sel_4th_pre_req_pre"": ""0"", ""sel_4th_pre_req"": ""2"", ""sel_4th_pre_bid"": ""+175900"", ""sel_3th_pre_req_pre"": ""0"", ""sel_3th_pre_req"": ""1"", ""sel_3th_pre_bid"": ""+175400"", ""sel_2th_pre_req_pre"": ""0"", ""sel_2th_pre_req"": ""23"", ""sel_2th_pre_bid"": ""+175200"", ""sel_1th_pre_req_pre"": ""0"", ""sel_fpr_req"": ""10"", ""sel_fpr_bid"": ""+175100"", ""buy_fpr_bid"": ""+174900"", ""buy_fpr_req"": ""174"", ""buy_1th_pre_req_pre"": ""0"", ""buy_2th_pre_bid"": ""+174800"", ""buy_2th_pre_req"": ""2"", ""buy_2th_pre_req_pre"": ""0"", ""buy_3th_pre_bid"": ""+174600"", ""buy_3th_pre_req"": ""42"", ""buy_3th_pre_req_pre"": ""0"", ""buy_4th_pre_bid"": ""+174200"", ""buy_4th_pre_req"": ""21"", ""buy_4th_pre_req_pre"": ""--1"", ""buy_5th_pre_bid"": ""+174100"", ""buy_5th_pre_req"": ""11"", ""buy_5th_pre_req_pre"": ""0"", ""buy_6th_pre_bid"": ""+174000"", ""buy_6th_pre_req"": ""16"", ""buy_6th_pre_req_pre"": ""0"", ""buy_7th_pre_bid"": ""+173900"", ""buy_7th_pre_req"": ""33"", ""buy_7th_pre_req_pre"": ""0"", ""buy_8th_pre_bid"": ""+173500"", ""buy_8th_pre_req"": ""3"", ""buy_8th_pre_req_pre"": ""0"", ""buy_9th_pre_bid"": ""+173400"", ""buy_9th_pre_req"": ""10"", ""buy_9th_pre_req_pre"": ""0"", ""buy_10th_pre_bid"": ""+173200"", ""buy_10th_pre_req"": ""63"", ""buy_10th_pre_req_pre"": ""0"", ""tot_sel_req_jub_pre"": ""0"", ""tot_sel_req"": ""708"", ""tot_buy_req"": ""375"", ""tot_buy_req_jub_pre"": ""--1"", ""ovt_sel_req_pre"": ""0"", ""ovt_sel_req"": ""0"", ""ovt_buy_req"": ""0"", ""ovt_buy_req_pre"": ""0"", ""return_code"": 0, ""return_msg"": ""정상적으로 처리되었습니다""}"
2026-06-10,watchlist,001450,,0,filtered_candidate_recheck,37650,,37650,37600,37650,37700,0.0,0.13280212483399734,,,,,,"{""bid_req_base_tm"": ""110523"", ""sel_10th_pre_req_pre"": ""0"", ""sel_10th_pre_req"": ""536"", ""sel_10th_pre_bid"": ""+38100"", ""sel_9th_pre_req_pre"": ""0"", ""sel_9th_pre_req"": ""163"", ""sel_9th_pre_bid"": ""+38050"", ""sel_8th_pre_req_pre"": ""0"", ""sel_8th_pre_req"": ""521"", ""sel_8th_pre_bid"": ""+38000"", ""sel_7th_pre_req_pre"": ""0"", ""sel_7th_pre_req"": ""238"", ""sel_7th_pre_bid"": ""+37950"", ""sel_6th_pre_req_pre"": ""0"", ""sel_6th_pre_req"": ""99"", ""sel_6th_pre_bid"": ""+37900"", ""sel_5th_pre_req_pre"": ""0"", ""sel_5th_pre_req"": ""512"", ""sel_5th_pre_bid"": ""+37850"", ""sel_4th_pre_req_pre"": ""0"", ""sel_4th_pre_req"": ""260"", ""sel_4th_pre_bid"": ""+37800"", ""sel_3th_pre_req_pre"": ""0"", ""sel_3th_pre_req"": ""71"", ""sel_3th_pre_bid"": ""+37750"", ""sel_2th_pre_req_pre"": ""0"", ""sel_2th_pre_req"": ""185"", ""sel_2th_pre_bid"": ""+37700"", ""sel_1th_pre_req_pre"": ""--9"", ""sel_fpr_req"": ""22"", ""sel_fpr_bid"": ""+37650"", ""buy_fpr_bid"": ""+37600"", ""buy_fpr_req"": ""1219"", ""buy_1th_pre_req_pre"": ""0"", ""buy_2th_pre_bid"": ""+37550"", ""buy_2th_pre_req"": ""195"", ""buy_2th_pre_req_pre"": ""0"", ""buy_3th_pre_bid"": ""+37500"", ""buy_3th_pre_req"": ""116"", ""buy_3th_pre_req_pre"": ""0"", ""buy_4th_pre_bid"": ""+37450"", ""buy_4th_pre_req"": ""508"", ""buy_4th_pre_req_pre"": ""0"", ""buy_5th_pre_bid"": ""+37400"", ""buy_5th_pre_req"": ""137"", ""buy_5th_pre_req_pre"": ""0"", ""buy_6th_pre_bid"": ""+37350"", ""buy_6th_pre_req"": ""194"", ""buy_6th_pre_req_pre"": ""0"", ""buy_7th_pre_bid"": ""+37300"", ""buy_7th_pre_req"": ""379"", ""buy_7th_pre_req_pre"": ""0"", ""buy_8th_pre_bid"": ""+37250"", ""buy_8th_pre_req"": ""204"", ""buy_8th_pre_req_pre"": ""0"", ""buy_9th_pre_bid"": ""+37200"", ""buy_9th_pre_req"": ""488"", ""buy_9th_pre_req_pre"": ""0"", ""buy_10th_pre_bid"": ""+37150"", ""buy_10th_pre_req"": ""40"", ""buy_10th_pre_req_pre"": ""0"", ""tot_sel_req_jub_pre"": ""--9"", ""tot_sel_req"": ""2607"", ""tot_buy_req"": ""3480"", ""tot_buy_req_jub_pre"": ""0"", ""ovt_sel_req_pre"": ""0"", ""ovt_sel_req"": ""0"", ""ovt_buy_req"": ""0"", ""ovt_buy_req_pre"": ""0"", ""return_code"": 0, ""return_msg"": ""정상적으로 처리되었습니다""}"
2026-06-10,watchlist,011070,,0,filtered_candidate_recheck,1141000,,1141000,1140000,1141000,1140000,-0.175284837861525,0.0876424189307625,,,,,,"{""bid_req_base_tm"": ""110525"", ""sel_10th_pre_req_pre"": ""0"", ""sel_10th_pre_req"": ""150"", ""sel_10th_pre_bid"": ""+1150000"", ""sel_9th_pre_req_pre"": ""0"", ""sel_9th_pre_req"": ""118"", ""sel_9th_pre_bid"": ""+1149000"", ""sel_8th_pre_req_pre"": ""0"", ""sel_8th_pre_req"": ""124"", ""sel_8th_pre_bid"": ""+1148000"", ""sel_7th_pre_req_pre"": ""0"", ""sel_7th_pre_req"": ""100"", ""sel_7th_pre_bid"": ""+1147000"", ""sel_6th_pre_req_pre"": ""0"", ""sel_6th_pre_req"": ""104"", ""sel_6th_pre_bid"": ""+1146000"", ""sel_5th_pre_req_pre"": ""0"", ""sel_5th_pre_req"": ""81"", ""sel_5th_pre_bid"": ""+1145000"", ""sel_4th_pre_req_pre"": ""0"", ""sel_4th_pre_req"": ""26"", ""sel_4th_pre_bid"": ""+1144000"", ""sel_3th_pre_req_pre"": ""0"", ""sel_3th_pre_req"": ""32"", ""sel_3th_pre_bid"": ""+1143000"", ""sel_2th_pre_req_pre"": ""+5"", ""sel_2th_pre_req"": ""14"", ""sel_2th_pre_bid"": ""+1142000"", ""sel_1th_pre_req_pre"": ""0"", ""sel_fpr_req"": ""47"", ""sel_fpr_bid"": ""+1141000"", ""buy_fpr_bid"": ""+1140000"", ""buy_fpr_req"": ""55"", ""buy_1th_pre_req_pre"": ""+1"", ""buy_2th_pre_bid"": ""+1139000"", ""buy_2th_pre_req"": ""12"", ""buy_2th_pre_req_pre"": ""+3"", ""buy_3th_pre_bid"": ""+1138000"", ""buy_3th_pre_req"": ""32"", ""buy_3th_pre_req_pre"": ""--1"", ""buy_4th_pre_bid"": ""1137000"", ""buy_4th_pre_req"": ""26"", ""buy_4th_pre_req_pre"": ""0"", ""buy_5th_pre_bid"": ""-1136000"", ""buy_5th_pre_req"": ""53"", ""buy_5th_pre_req_pre"": ""+1"", ""buy_6th_pre_bid"": ""-1135000"", ""buy_6th_pre_req"": ""457"", ""buy_6th_pre_req_pre"": ""0"", ""buy_7th_pre_bid"": ""-1134000"", ""buy_7th_pre_req"": ""46"", ""buy_7th_pre_req_pre"": ""0"", ""buy_8th_pre_bid"": ""-1133000"", ""buy_8th_pre_req"": ""38"", ""buy_8th_pre_req_pre"": ""0"", ""buy_9th_pre_bid"": ""-1132000"", ""buy_9th_pre_req"": ""21"", ""buy_9th_pre_req_pre"": ""0"", ""buy_10th_pre_bid"": ""-1131000"", ""buy_10th_pre_req"": ""66"", ""buy_10th_pre_req_pre"": ""0"", ""tot_sel_req_jub_pre"": ""+5"", ""tot_sel_req"": ""796"", ""tot_buy_req"": ""806"", ""tot_buy_req_jub_pre"": ""+4"", ""ovt_sel_req_pre"": ""0"", ""ovt_sel_req"": ""0"", ""ovt_buy_req"": ""0"", ""ovt_buy_req_pre"": ""0"", ""return_code"": 0, ""return_msg"": ""정상적으로 처리되었습니다""}"
2026-06-10,watchlist,088350,,0,filtered_candidate_recheck,4825,,4825,4820,4825,4845,0.31088082901554404,0.10362694300518134,,,,,,"{""bid_req_base_tm"": ""110525"", ""sel_10th_pre_req_pre"": ""0"", ""sel_10th_pre_req"": ""379"", ""sel_10th_pre_bid"": ""-4870"", ""sel_9th_pre_req_pre"": ""0"", ""sel_9th_pre_req"": ""1870"", ""sel_9th_pre_bid"": ""-4865"", ""sel_8th_pre_req_pre"": ""0"", ""sel_8th_pre_req"": ""1658"", ""sel_8th_pre_bid"": ""-4860"", ""sel_7th_pre_req_pre"": ""0"", ""sel_7th_pre_req"": ""1003"", ""sel_7th_pre_bid"": ""-4855"", ""sel_6th_pre_req_pre"": ""0"", ""sel_6th_pre_req"": ""658"", ""sel_6th_pre_bid"": ""-4850"", ""sel_5th_pre_req_pre"": ""0"", ""sel_5th_pre_req"": ""657"", ""sel_5th_pre_bid"": ""-4845"", ""sel_4th_pre_req_pre"": ""0"", ""sel_4th_pre_req"": ""1001"", ""sel_4th_pre_bid"": ""-4840"", ""sel_3th_pre_req_pre"": ""0"", ""sel_3th_pre_req"": ""2"", ""sel_3th_pre_bid"": ""-4835"", ""sel_2th_pre_req_pre"": ""0"", ""sel_2th_pre_req"": ""2"", ""sel_2th_pre_bid"": ""-4830"", ""sel_1th_pre_req_pre"": ""0"", ""sel_fpr_req"": ""2050"", ""sel_fpr_bid"": ""-4825"", ""buy_fpr_bid"": ""-4820"", ""buy_fpr_req"": ""18943"", ""buy_1th_pre_req_pre"": ""0"", ""buy_2th_pre_bid"": ""-4815"", ""buy_2th_pre_req"": ""22157"", ""buy_2th_pre_req_pre"": ""0"", ""buy_3th_pre_bid"": ""-4810"", ""buy_3th_pre_req"": ""5294"", ""buy_3th_pre_req_pre"": ""0"", ""buy_4th_pre_bid"": ""-4805"", ""buy_4th_pre_req"": ""3961"", ""buy_4th_pre_req_pre"": ""0"", ""buy_5th_pre_bid"": ""-4800"", ""buy_5th_pre_req"": ""10447"", ""buy_5th_pre_req_pre"": ""0"", ""buy_6th_pre_bid"": ""-4795"", ""buy_6th_pre_req"": ""9229"", ""buy_6th_pre_req_pre"": ""0"", ""buy_7th_pre_bid"": ""-4790"", ""buy_7th_pre_req"": ""4443"", ""buy_7th_pre_req_pre"": ""0"", ""buy_8th_pre_bid"": ""-4785"", ""buy_8th_pre_req"": ""5487"", ""buy_8th_pre_req_pre"": ""0"", ""buy_9th_pre_bid"": ""-4780"", ""buy_9th_pre_req"": ""10847"", ""buy_9th_pre_req_pre"": ""0"", ""buy_10th_pre_bid"": ""-4775"", ""buy_10th_pre_req"": ""5634"", ""buy_10th_pre_req_pre"": ""0"", ""tot_sel_req_jub_pre"": ""0"", ""tot_sel_req"": ""9280"", ""tot_buy_req"": ""96442"", ""tot_buy_req_jub_pre"": ""0"", ""ovt_sel_req_pre"": ""0"", ""ovt_sel_req"": ""0"", ""ovt_buy_req"": ""0"", ""ovt_buy_req_pre"": ""0"", ""return_code"": 0, ""return_msg"": ""정상적으로 처리되었습니다""}"
2026-06-10,watchlist,195870,,0,filtered_candidate_recheck,76300,,76300,76000,76300,76500,0.1310615989515072,0.39318479685452157,,,,,,"{""bid_req_base_tm"": ""110523"", ""sel_10th_pre_req_pre"": ""0"", ""sel_10th_pre_req"": ""20"", ""sel_10th_pre_bid"": ""+77400"", ""sel_9th_pre_req_pre"": ""0"", ""sel_9th_pre_req"": ""1"", ""sel_9th_pre_bid"": ""+77300"", ""sel_8th_pre_req_pre"": ""0"", ""sel_8th_pre_req"": ""6"", ""sel_8th_pre_bid"": ""+77200"", ""sel_7th_pre_req_pre"": ""0"", ""sel_7th_pre_req"": ""300"", ""sel_7th_pre_bid"": ""+77100"", ""sel_6th_pre_req_pre"": ""0"", ""sel_6th_pre_req"": ""89"", ""sel_6th_pre_bid"": ""+77000"", ""sel_5th_pre_req_pre"": ""0"", ""sel_5th_pre_req"": ""20"", ""sel_5th_pre_bid"": ""+76900"", ""sel_4th_pre_req_pre"": ""0"", ""sel_4th_pre_req"": ""16"", ""sel_4th_pre_bid"": ""+76700"", ""sel_3th_pre_req_pre"": ""0"", ""sel_3th_pre_req"": ""167"", ""sel_3th_pre_bid"": ""+76500"", ""sel_2th_pre_req_pre"": ""0"", ""sel_2th_pre_req"": ""46"", ""sel_2th_pre_bid"": ""+76400"", ""sel_1th_pre_req_pre"": ""0"", ""sel_fpr_req"": ""65"", ""sel_fpr_bid"": ""+76300"", ""buy_fpr_bid"": ""+76000"", ""buy_fpr_req"": ""50"", ""buy_1th_pre_req_pre"": ""0"", ""buy_2th_pre_bid"": ""+75900"", ""buy_2th_pre_req"": ""107"", ""buy_2th_pre_req_pre"": ""0"", ""buy_3th_pre_bid"": ""+75800"", ""buy_3th_pre_req"": ""251"", ""buy_3th_pre_req_pre"": ""0"", ""buy_4th_pre_bid"": ""+75700"", ""buy_4th_pre_req"": ""256"", ""buy_4th_pre_req_pre"": ""0"", ""buy_5th_pre_bid"": ""+75600"", ""buy_5th_pre_req"": ""117"", ""buy_5th_pre_req_pre"": ""0"", ""buy_6th_pre_bid"": ""+75500"", ""buy_6th_pre_req"": ""266"", ""buy_6th_pre_req_pre"": ""0"", ""buy_7th_pre_bid"": ""+75400"", ""buy_7th_pre_req"": ""62"", ""buy_7th_pre_req_pre"": ""0"", ""buy_8th_pre_bid"": ""+75200"", ""buy_8th_pre_req"": ""16"", ""buy_8th_pre_req_pre"": ""0"", ""buy_9th_pre_bid"": ""+75100"", ""buy_9th_pre_req"": ""53"", ""buy_9th_pre_req_pre"": ""0"", ""buy_10th_pre_bid"": ""+75000"", ""buy_10th_pre_req"": ""17"", ""buy_10th_pre_req_pre"": ""0"", ""tot_sel_req_jub_pre"": ""0"", ""tot_sel_req"": ""730"", ""tot_buy_req"": ""1195"", ""tot_buy_req_jub_pre"": ""0"", ""ovt_sel_req_pre"": ""0"", ""ovt_sel_req"": ""0"", ""ovt_buy_req"": ""0"", ""ovt_buy_req_pre"": ""0"", ""return_code"": 0, ""return_msg"": ""정상적으로 처리되었습니다""}"
2026-06-10,watchlist,042700,,0,filtered_candidate_recheck,281000,,281000,280500,281000,282500,0.3558718861209964,0.1779359430604982,,,,,,"{""bid_req_base_tm"": ""110525"", ""sel_10th_pre_req_pre"": ""0"", ""sel_10th_pre_req"": ""102"", ""sel_10th_pre_bid"": ""+285500"", ""sel_9th_pre_req_pre"": ""0"", ""sel_9th_pre_req"": ""554"", ""sel_9th_pre_bid"": ""+285000"", ""sel_8th_pre_req_pre"": ""0"", ""sel_8th_pre_req"": ""184"", ""sel_8th_pre_bid"": ""+284500"", ""sel_7th_pre_req_pre"": ""0"", ""sel_7th_pre_req"": ""239"", ""sel_7th_pre_bid"": ""+284000"", ""sel_6th_pre_req_pre"": ""0"", ""sel_6th_pre_req"": ""100"", ""sel_6th_pre_bid"": ""+283500"", ""sel_5th_pre_req_pre"": ""0"", ""sel_5th_pre_req"": ""350"", ""sel_5th_pre_bid"": ""+283000"", ""sel_4th_pre_req_pre"": ""0"", ""sel_4th_pre_req"": ""6"", ""sel_4th_pre_bid"": ""+282500"", ""sel_3th_pre_req_pre"": ""0"", ""sel_3th_pre_req"": ""158"", ""sel_3th_pre_bid"": ""+282000"", ""sel_2th_pre_req_pre"": ""0"", ""sel_2th_pre_req"": ""358"", ""sel_2th_pre_bid"": ""+281500"", ""sel_1th_pre_req_pre"": ""0"", ""sel_fpr_req"": ""725"", ""sel_fpr_bid"": ""+281000"", ""buy_fpr_bid"": ""+280500"", ""buy_fpr_req"": ""320"", ""buy_1th_pre_req_pre"": ""0"", ""buy_2th_pre_bid"": ""+280000"", ""buy_2th_pre_req"": ""3032"", ""buy_2th_pre_req_pre"": ""0"", ""buy_3th_pre_bid"": ""+279500"", ""buy_3th_pre_req"": ""387"", ""buy_3th_pre_req_pre"": ""0"", ""buy_4th_pre_bid"": ""+279000"", ""buy_4th_pre_req"": ""432"", ""buy_4th_pre_req_pre"": ""0"", ""buy_5th_pre_bid"": ""+278500"", ""buy_5th_pre_req"": ""366"", ""buy_5th_pre_req_pre"": ""0"", ""buy_6th_pre_bid"": ""+278000"", ""buy_6th_pre_req"": ""555"", ""buy_6th_pre_req_pre"": ""0"", ""buy_7th_pre_bid"": ""+277500"", ""buy_7th_pre_req"": ""249"", ""buy_7th_pre_req_pre"": ""0"", ""buy_8th_pre_bid"": ""+277000"", ""buy_8th_pre_req"": ""413"", ""buy_8th_pre_req_pre"": ""0"", ""buy_9th_pre_bid"": ""276500"", ""buy_9th_pre_req"": ""983"", ""buy_9th_pre_req_pre"": ""0"", ""buy_10th_pre_bid"": ""-276000"", ""buy_10th_pre_req"": ""360"", ""buy_10th_pre_req_pre"": ""0"", ""tot_sel_req_jub_pre"": ""+10"", ""tot_sel_req"": ""2786"", ""tot_buy_req"": ""7097"", ""tot_buy_req_jub_pre"": ""0"", ""ovt_sel_req_pre"": ""0"", ""ovt_sel_req"": ""0"", ""ovt_buy_req"": ""0"", ""ovt_buy_req_pre"": ""0"", ""return_code"": 0, ""return_msg"": ""정상적으로 처리되었습니다""}"
2026-06-10,watchlist,003160,,0,filtered_candidate_recheck,28250,,28250,28200,28250,28350,0.17699115044247787,0.17699115044247787,,,,,,"{""bid_req_base_tm"": ""110524"", ""sel_10th_pre_req_pre"": ""0"", ""sel_10th_pre_req"": ""232"", ""sel_10th_pre_bid"": ""+28900"", ""sel_9th_pre_req_pre"": ""0"", ""sel_9th_pre_req"": ""249"", ""sel_9th_pre_bid"": ""+28800"", ""sel_8th_pre_req_pre"": ""0"", ""sel_8th_pre_req"": ""24"", ""sel_8th_pre_bid"": ""+28700"", ""sel_7th_pre_req_pre"": ""0"", ""sel_7th_pre_req"": ""47"", ""sel_7th_pre_bid"": ""+28650"", ""sel_6th_pre_req_pre"": ""0"", ""sel_6th_pre_req"": ""30"", ""sel_6th_pre_bid"": ""+28600"", ""sel_5th_pre_req_pre"": ""0"", ""sel_5th_pre_req"": ""6"", ""sel_5th_pre_bid"": ""+28500"", ""sel_4th_pre_req_pre"": ""0"", ""sel_4th_pre_req"": ""2070"", ""sel_4th_pre_bid"": ""+28400"", ""sel_3th_pre_req_pre"": ""0"", ""sel_3th_pre_req"": ""381"", ""sel_3th_pre_bid"": ""+28350"", ""sel_2th_pre_req_pre"": ""0"", ""sel_2th_pre_req"": ""9"", ""sel_2th_pre_bid"": ""+28300"", ""sel_1th_pre_req_pre"": ""0"", ""sel_fpr_req"": ""760"", ""sel_fpr_bid"": ""+28250"", ""buy_fpr_bid"": ""+28200"", ""buy_fpr_req"": ""49"", ""buy_1th_pre_req_pre"": ""0"", ""buy_2th_pre_bid"": ""+28150"", ""buy_2th_pre_req"": ""506"", ""buy_2th_pre_req_pre"": ""+2"", ""buy_3th_pre_bid"": ""+28100"", ""buy_3th_pre_req"": ""1064"", ""buy_3th_pre_req_pre"": ""0"", ""buy_4th_pre_bid"": ""28050"", ""buy_4th_pre_req"": ""622"", ""buy_4th_pre_req_pre"": ""0"", ""buy_5th_pre_bid"": ""-28000"", ""buy_5th_pre_req"": ""480"", ""buy_5th_pre_req_pre"": ""0"", ""buy_6th_pre_bid"": ""-27950"", ""buy_6th_pre_req"": ""48"", ""buy_6th_pre_req_pre"": ""0"", ""buy_7th_pre_bid"": ""-27900"", ""buy_7th_pre_req"": ""326"", ""buy_7th_pre_req_pre"": ""0"", ""buy_8th_pre_bid"": ""-27850"", ""buy_8th_pre_req"": ""212"", ""buy_8th_pre_req_pre"": ""0"", ""buy_9th_pre_bid"": ""-27800"", ""buy_9th_pre_req"": ""539"", ""buy_9th_pre_req_pre"": ""0"", ""buy_10th_pre_bid"": ""-27750"", ""buy_10th_pre_req"": ""283"", ""buy_10th_pre_req_pre"": ""0"", ""tot_sel_req_jub_pre"": ""0"", ""tot_sel_req"": ""3808"", ""tot_buy_req"": ""4129"", ""tot_buy_req_jub_pre"": ""+2"", ""ovt_sel_req_pre"": ""0"", ""ovt_sel_req"": ""0"", ""ovt_buy_req"": ""0"", ""ovt_buy_req_pre"": ""0"", ""return_code"": 0, ""return_msg"": ""정상적으로 처리되었습니다""}"
2026-06-10,scan_candidate,005930,,0,main_scan,306500,,306500,306000,306500,308000,0.3262642740619902,0.1631321370309951,,,,,,"{""bid_req_base_tm"": ""110727"", ""sel_10th_pre_req_pre"": ""0"", ""sel_10th_pre_req"": ""12218"", ""sel_10th_pre_bid"": ""-311000"", ""sel_9th_pre_req_pre"": ""0"", ""sel_9th_pre_req"": ""24591"", ""sel_9th_pre_bid"": ""-310500"", ""sel_8th_pre_req_pre"": ""0"", ""sel_8th_pre_req"": ""25587"", ""sel_8th_pre_bid"": ""-310000"", ""sel_7th_pre_req_pre"": ""0"", ""sel_7th_pre_req"": ""20163"", ""sel_7th_pre_bid"": ""-309500"", ""sel_6th_pre_req_pre"": ""0"", ""sel_6th_pre_req"": ""12679"", ""sel_6th_pre_bid"": ""-309000"", ""sel_5th_pre_req_pre"": ""0"", ""sel_5th_pre_req"": ""12967"", ""sel_5th_pre_bid"": ""-308500"", ""sel_4th_pre_req_pre"": ""0"", ""sel_4th_pre_req"": ""12750"", ""sel_4th_pre_bid"": ""-308000"", ""sel_3th_pre_req_pre"": ""0"", ""sel_3th_pre_req"": ""16106"", ""sel_3th_pre_bid"": ""-307500"", ""sel_2th_pre_req_pre"": ""0"", ""sel_2th_pre_req"": ""10553"", ""sel_2th_pre_bid"": ""-307000"", ""sel_1th_pre_req_pre"": ""0"", ""sel_fpr_req"": ""32748"", ""sel_fpr_bid"": ""-306500"", ""buy_fpr_bid"": ""-306000"", ""buy_fpr_req"": ""37419"", ""buy_1th_pre_req_pre"": ""--125"", ""buy_2th_pre_bid"": ""-305500"", ""buy_2th_pre_req"": ""109270"", ""buy_2th_pre_req_pre"": ""+1"", ""buy_3th_pre_bid"": ""-305000"", ""buy_3th_pre_req"": ""241185"", ""buy_3th_pre_req_pre"": ""0"", ""buy_4th_pre_bid"": ""-304500"", ""buy_4th_pre_req"": ""35913"", ""buy_4th_pre_req_pre"": ""0"", ""buy_5th_pre_bid"": ""-304000"", ""buy_5th_pre_req"": ""46025"", ""buy_5th_pre_req_pre"": ""--1"", ""buy_6th_pre_bid"": ""-303500"", ""buy_6th_pre_req"": ""45584"", ""buy_6th_pre_req_pre"": ""0"", ""buy_7th_pre_bid"": ""-303000"", ""buy_7th_pre_req"": ""82605"", ""buy_7th_pre_req_pre"": ""0"", ""buy_8th_pre_bid"": ""-302500"", ""buy_8th_pre_req"": ""49612"", ""buy_8th_pre_req_pre"": ""0"", ""buy_9th_pre_bid"": ""-302000"", ""buy_9th_pre_req"": ""61480"", ""buy_9th_pre_req_pre"": ""0"", ""buy_10th_pre_bid"": ""-301500"", ""buy_10th_pre_req"": ""37442"", ""buy_10th_pre_req_pre"": ""0"", ""tot_sel_req_jub_pre"": ""0"", ""tot_sel_req"": ""180362"", ""tot_buy_req"": ""746535"", ""tot_buy_req_jub_pre"": ""--125"", ""ovt_sel_req_pre"": ""0"", ""ovt_sel_req"": ""0"", ""ovt_buy_req"": ""0"", ""ovt_buy_req_pre"": ""0"", ""return_code"": 0, ""return_msg"": ""정상적으로 처리되었습니다""}"
2026-06-10,scan_candidate,000660,,0,main_scan,2102000,,2102000,2101000,2102000,2105000,0.09514747859181732,0.04757373929590866,,,,,,"{""bid_req_base_tm"": ""110727"", ""sel_10th_pre_req_pre"": ""0"", ""sel_10th_pre_req"": ""466"", ""sel_10th_pre_bid"": ""-2112000"", ""sel_9th_pre_req_pre"": ""0"", ""sel_9th_pre_req"": ""546"", ""sel_9th_pre_bid"": ""-2111000"", ""sel_8th_pre_req_pre"": ""0"", ""sel_8th_pre_req"": ""265"", ""sel_8th_pre_bid"": ""-2110000"", ""sel_7th_pre_req_pre"": ""0"", ""sel_7th_pre_req"": ""142"", ""sel_7th_pre_bid"": ""-2109000"", ""sel_6th_pre_req_pre"": ""0"", ""sel_6th_pre_req"": ""179"", ""sel_6th_pre_bid"": ""-2108000"", ""sel_5th_pre_req_pre"": ""0"", ""sel_5th_pre_req"": ""84"", ""sel_5th_pre_bid"": ""-2107000"", ""sel_4th_pre_req_pre"": ""0"", ""sel_4th_pre_req"": ""155"", ""sel_4th_pre_bid"": ""-2106000"", ""sel_3th_pre_req_pre"": ""0"", ""sel_3th_pre_req"": ""348"", ""sel_3th_pre_bid"": ""-2105000"", ""sel_2th_pre_req_pre"": ""0"", ""sel_2th_pre_req"": ""26"", ""sel_2th_pre_bid"": ""-2103000"", ""sel_1th_pre_req_pre"": ""0"", ""sel_fpr_req"": ""1141"", ""sel_fpr_bid"": ""-2102000"", ""buy_fpr_bid"": ""-2101000"", ""buy_fpr_req"": ""409"", ""buy_1th_pre_req_pre"": ""+1"", ""buy_2th_pre_bid"": ""-2100000"", ""buy_2th_pre_req"": ""742"", ""buy_2th_pre_req_pre"": ""0"", ""buy_3th_pre_bid"": ""-2099000"", ""buy_3th_pre_req"": ""2113"", ""buy_3th_pre_req_pre"": ""0"", ""buy_4th_pre_bid"": ""-2098000"", ""buy_4th_pre_req"": ""2084"", ""buy_4th_pre_req_pre"": ""0"", ""buy_5th_pre_bid"": ""-2097000"", ""buy_5th_pre_req"": ""1905"", ""buy_5th_pre_req_pre"": ""0"", ""buy_6th_pre_bid"": ""-2096000"", ""buy_6th_pre_req"": ""859"", ""buy_6th_pre_req_pre"": ""0"", ""buy_7th_pre_bid"": ""-2095000"", ""buy_7th_pre_req"": ""1964"", ""buy_7th_pre_req_pre"": ""0"", ""buy_8th_pre_bid"": ""-2094000"", ""buy_8th_pre_req"": ""1364"", ""buy_8th_pre_req_pre"": ""0"", ""buy_9th_pre_bid"": ""-2093000"", ""buy_9th_pre_req"": ""640"", ""buy_9th_pre_req_pre"": ""0"", ""buy_10th_pre_bid"": ""-2092000"", ""buy_10th_pre_req"": ""678"", ""buy_10th_pre_req_pre"": ""+2"", ""tot_sel_req_jub_pre"": ""0"", ""tot_sel_req"": ""3352"", ""tot_buy_req"": ""12758"", ""tot_buy_req_jub_pre"": ""+3"", ""ovt_sel_req_pre"": ""0"", ""ovt_sel_req"": ""0"", ""ovt_buy_req"": ""0"", ""ovt_buy_req_pre"": ""0"", ""return_code"": 0, ""return_msg"": ""정상적으로 처리되었습니다""}"
2026-06-10,scan_candidate,402340,,0,main_scan,1217000,,1217000,1216000,1217000,1217000,-0.08216926869350863,0.08216926869350863,,,,,,"{""bid_req_base_tm"": ""110727"", ""sel_10th_pre_req_pre"": ""0"", ""sel_10th_pre_req"": ""10"", ""sel_10th_pre_bid"": ""-1226000"", ""sel_9th_pre_req_pre"": ""0"", ""sel_9th_pre_req"": ""47"", ""sel_9th_pre_bid"": ""-1225000"", ""sel_8th_pre_req_pre"": ""0"", ""sel_8th_pre_req"": ""43"", ""sel_8th_pre_bid"": ""-1224000"", ""sel_7th_pre_req_pre"": ""0"", ""sel_7th_pre_req"": ""39"", ""sel_7th_pre_bid"": ""-1223000"", ""sel_6th_pre_req_pre"": ""0"", ""sel_6th_pre_req"": ""14"", ""sel_6th_pre_bid"": ""-1222000"", ""sel_5th_pre_req_pre"": ""0"", ""sel_5th_pre_req"": ""38"", ""sel_5th_pre_bid"": ""-1221000"", ""sel_4th_pre_req_pre"": ""0"", ""sel_4th_pre_req"": ""233"", ""sel_4th_pre_bid"": ""-1220000"", ""sel_3th_pre_req_pre"": ""0"", ""sel_3th_pre_req"": ""272"", ""sel_3th_pre_bid"": ""-1219000"", ""sel_2th_pre_req_pre"": ""0"", ""sel_2th_pre_req"": ""366"", ""sel_2th_pre_bid"": ""-1218000"", ""sel_1th_pre_req_pre"": ""--1"", ""sel_fpr_req"": ""57"", ""sel_fpr_bid"": ""-1217000"", ""buy_fpr_bid"": ""-1216000"", ""buy_fpr_req"": ""126"", ""buy_1th_pre_req_pre"": ""0"", ""buy_2th_pre_bid"": ""-1215000"", ""buy_2th_pre_req"": ""35"", ""buy_2th_pre_req_pre"": ""0"", ""buy_3th_pre_bid"": ""-1214000"", ""buy_3th_pre_req"": ""9"", ""buy_3th_pre_req_pre"": ""0"", ""buy_4th_pre_bid"": ""-1213000"", ""buy_4th_pre_req"": ""114"", ""buy_4th_pre_req_pre"": ""0"", ""buy_5th_pre_bid"": ""-1212000"", ""buy_5th_pre_req"": ""269"", ""buy_5th_pre_req_pre"": ""0"", ""buy_6th_pre_bid"": ""-1211000"", ""buy_6th_pre_req"": ""289"", ""buy_6th_pre_req_pre"": ""0"", ""buy_7th_pre_bid"": ""-1210000"", ""buy_7th_pre_req"": ""198"", ""buy_7th_pre_req_pre"": ""0"", ""buy_8th_pre_bid"": ""-1209000"", ""buy_8th_pre_req"": ""70"", ""buy_8th_pre_req_pre"": ""0"", ""buy_9th_pre_bid"": ""-1208000"", ""buy_9th_pre_req"": ""28"", ""buy_9th_pre_req_pre"": ""0"", ""buy_10th_pre_bid"": ""-1207000"", ""buy_10th_pre_req"": ""26"", ""buy_10th_pre_req_pre"": ""0"", ""tot_sel_req_jub_pre"": ""--1"", ""tot_sel_req"": ""1119"", ""tot_buy_req"": ""1164"", ""tot_buy_req_jub_pre"": ""0"", ""ovt_sel_req_pre"": ""0"", ""ovt_sel_req"": ""0"", ""ovt_buy_req"": ""0"", ""ovt_buy_req_pre"": ""0"", ""return_code"": 0, ""return_msg"": ""정상적으로 처리되었습니다""}"
2026-06-10,scan_candidate,009150,,0,main_scan,1885000,,1885000,1883000,1885000,1888000,0.10610079575596816,0.10610079575596816,,,,,,"{""bid_req_base_tm"": ""110727"", ""sel_10th_pre_req_pre"": ""0"", ""sel_10th_pre_req"": ""6"", ""sel_10th_pre_bid"": ""-1894000"", ""sel_9th_pre_req_pre"": ""0"", ""sel_9th_pre_req"": ""2"", ""sel_9th_pre_bid"": ""-1893000"", ""sel_8th_pre_req_pre"": ""0"", ""sel_8th_pre_req"": ""30"", ""sel_8th_pre_bid"": ""-1892000"", ""sel_7th_pre_req_pre"": ""0"", ""sel_7th_pre_req"": ""3"", ""sel_7th_pre_bid"": ""-1891000"", ""sel_6th_pre_req_pre"": ""0"", ""sel_6th_pre_req"": ""20"", ""sel_6th_pre_bid"": ""-1890000"", ""sel_5th_pre_req_pre"": ""0"", ""sel_5th_pre_req"": ""64"", ""sel_5th_pre_bid"": ""-1889000"", ""sel_4th_pre_req_pre"": ""0"", ""sel_4th_pre_req"": ""53"", ""sel_4th_pre_bid"": ""-1888000"", ""sel_3th_pre_req_pre"": ""0"", ""sel_3th_pre_req"": ""21"", ""sel_3th_pre_bid"": ""-1887000"", ""sel_2th_pre_req_pre"": ""0"", ""sel_2th_pre_req"": ""95"", ""sel_2th_pre_bid"": ""-1886000"", ""sel_1th_pre_req_pre"": ""0"", ""sel_fpr_req"": ""23"", ""sel_fpr_bid"": ""-1885000"", ""buy_fpr_bid"": ""-1883000"", ""buy_fpr_req"": ""154"", ""buy_1th_pre_req_pre"": ""+1"", ""buy_2th_pre_bid"": ""-1882000"", ""buy_2th_pre_req"": ""228"", ""buy_2th_pre_req_pre"": ""+40"", ""buy_3th_pre_bid"": ""-1881000"", ""buy_3th_pre_req"": ""784"", ""buy_3th_pre_req_pre"": ""--40"", ""buy_4th_pre_bid"": ""-1880000"", ""buy_4th_pre_req"": ""773"", ""buy_4th_pre_req_pre"": ""0"", ""buy_5th_pre_bid"": ""-1879000"", ""buy_5th_pre_req"": ""57"", ""buy_5th_pre_req_pre"": ""0"", ""buy_6th_pre_bid"": ""-1878000"", ""buy_6th_pre_req"": ""51"", ""buy_6th_pre_req_pre"": ""0"", ""buy_7th_pre_bid"": ""-1877000"", ""buy_7th_pre_req"": ""101"", ""buy_7th_pre_req_pre"": ""0"", ""buy_8th_pre_bid"": ""-1876000"", ""buy_8th_pre_req"": ""79"", ""buy_8th_pre_req_pre"": ""0"", ""buy_9th_pre_bid"": ""-1875000"", ""buy_9th_pre_req"": ""248"", ""buy_9th_pre_req_pre"": ""0"", ""buy_10th_pre_bid"": ""-1874000"", ""buy_10th_pre_req"": ""31"", ""buy_10th_pre_req_pre"": ""0"", ""tot_sel_req_jub_pre"": ""0"", ""tot_sel_req"": ""317"", ""tot_buy_req"": ""2506"", ""tot_buy_req_jub_pre"": ""+1"", ""ovt_sel_req_pre"": ""0"", ""ovt_sel_req"": ""0"", ""ovt_buy_req"": ""0"", ""ovt_buy_req_pre"": ""0"", ""return_code"": 0, ""return_msg"": ""정상적으로 처리되었습니다""}"
2026-06-10,scan_candidate,032830,,0,main_scan,369000,,369000,368500,369000,369500,0.0,0.13550135501355012,,,,,,"{""bid_req_base_tm"": ""110727"", ""sel_10th_pre_req_pre"": ""0"", ""sel_10th_pre_req"": ""18"", ""sel_10th_pre_bid"": ""-373500"", ""sel_9th_pre_req_pre"": ""0"", ""sel_9th_pre_req"": ""138"", ""sel_9th_pre_bid"": ""-373000"", ""sel_8th_pre_req_pre"": ""0"", ""sel_8th_pre_req"": ""119"", ""sel_8th_pre_bid"": ""-372500"", ""sel_7th_pre_req_pre"": ""0"", ""sel_7th_pre_req"": ""112"", ""sel_7th_pre_bid"": ""-372000"", ""sel_6th_pre_req_pre"": ""0"", ""sel_6th_pre_req"": ""141"", ""sel_6th_pre_bid"": ""-371500"", ""sel_5th_pre_req_pre"": ""0"", ""sel_5th_pre_req"": ""47"", ""sel_5th_pre_bid"": ""-371000"", ""sel_4th_pre_req_pre"": ""0"", ""sel_4th_pre_req"": ""45"", ""sel_4th_pre_bid"": ""-370500"", ""sel_3th_pre_req_pre"": ""0"", ""sel_3th_pre_req"": ""4"", ""sel_3th_pre_bid"": ""-370000"", ""sel_2th_pre_req_pre"": ""0"", ""sel_2th_pre_req"": ""404"", ""sel_2th_pre_bid"": ""-369500"", ""sel_1th_pre_req_pre"": ""0"", ""sel_fpr_req"": ""381"", ""sel_fpr_bid"": ""-369000"", ""buy_fpr_bid"": ""-368500"", ""buy_fpr_req"": ""110"", ""buy_1th_pre_req_pre"": ""+3"", ""buy_2th_pre_bid"": ""-368000"", ""buy_2th_pre_req"": ""446"", ""buy_2th_pre_req_pre"": ""0"", ""buy_3th_pre_bid"": ""-367500"", ""buy_3th_pre_req"": ""211"", ""buy_3th_pre_req_pre"": ""0"", ""buy_4th_pre_bid"": ""-367000"", ""buy_4th_pre_req"": ""436"", ""buy_4th_pre_req_pre"": ""0"", ""buy_5th_pre_bid"": ""-366500"", ""buy_5th_pre_req"": ""188"", ""buy_5th_pre_req_pre"": ""0"", ""buy_6th_pre_bid"": ""-366000"", ""buy_6th_pre_req"": ""598"", ""buy_6th_pre_req_pre"": ""0"", ""buy_7th_pre_bid"": ""-365500"", ""buy_7th_pre_req"": ""849"", ""buy_7th_pre_req_pre"": ""0"", ""buy_8th_pre_bid"": ""-365000"", ""buy_8th_pre_req"": ""1095"", ""buy_8th_pre_req_pre"": ""0"", ""buy_9th_pre_bid"": ""-364500"", ""buy_9th_pre_req"": ""69"", ""buy_9th_pre_req_pre"": ""0"", ""buy_10th_pre_bid"": ""-364000"", ""buy_10th_pre_req"": ""99"", ""buy_10th_pre_req_pre"": ""0"", ""tot_sel_req_jub_pre"": ""0"", ""tot_sel_req"": ""1409"", ""tot_buy_req"": ""4101"", ""tot_buy_req_jub_pre"": ""+3"", ""ovt_sel_req_pre"": ""0"", ""ovt_sel_req"": ""0"", ""ovt_buy_req"": ""0"", ""ovt_buy_req_pre"": ""0"", ""return_code"": 0, ""return_msg"": ""정상적으로 처리되었습니다""}"
2026-06-10,scan_candidate,012330,,0,main_scan,576000,,576000,575000,576000,579000,0.3472222222222222,0.1736111111111111,,,,,,"{""bid_req_base_tm"": ""110728"", ""sel_10th_pre_req_pre"": ""0"", ""sel_10th_pre_req"": ""151"", ""sel_10th_pre_bid"": ""-585000"", ""sel_9th_pre_req_pre"": ""0"", ""sel_9th_pre_req"": ""142"", ""sel_9th_pre_bid"": ""-584000"", ""sel_8th_pre_req_pre"": ""0"", ""sel_8th_pre_req"": ""457"", ""sel_8th_pre_bid"": ""-583000"", ""sel_7th_pre_req_pre"": ""0"", ""sel_7th_pre_req"": ""151"", ""sel_7th_pre_bid"": ""-582000"", ""sel_6th_pre_req_pre"": ""0"", ""sel_6th_pre_req"": ""143"", ""sel_6th_pre_bid"": ""-581000"", ""sel_5th_pre_req_pre"": ""0"", ""sel_5th_pre_req"": ""83"", ""sel_5th_pre_bid"": ""-580000"", ""sel_4th_pre_req_pre"": ""0"", ""sel_4th_pre_req"": ""35"", ""sel_4th_pre_bid"": ""-579000"", ""sel_3th_pre_req_pre"": ""0"", ""sel_3th_pre_req"": ""158"", ""sel_3th_pre_bid"": ""-578000"", ""sel_2th_pre_req_pre"": ""0"", ""sel_2th_pre_req"": ""341"", ""sel_2th_pre_bid"": ""-577000"", ""sel_1th_pre_req_pre"": ""0"", ""sel_fpr_req"": ""317"", ""sel_fpr_bid"": ""-576000"", ""buy_fpr_bid"": ""-575000"", ""buy_fpr_req"": ""69"", ""buy_1th_pre_req_pre"": ""--1"", ""buy_2th_pre_bid"": ""-574000"", ""buy_2th_pre_req"": ""971"", ""buy_2th_pre_req_pre"": ""0"", ""buy_3th_pre_bid"": ""-573000"", ""buy_3th_pre_req"": ""1066"", ""buy_3th_pre_req_pre"": ""0"", ""buy_4th_pre_bid"": ""-572000"", ""buy_4th_pre_req"": ""2056"", ""buy_4th_pre_req_pre"": ""0"", ""buy_5th_pre_bid"": ""-571000"", ""buy_5th_pre_req"": ""2270"", ""buy_5th_pre_req_pre"": ""0"", ""buy_6th_pre_bid"": ""-570000"", ""buy_6th_pre_req"": ""5559"", ""buy_6th_pre_req_pre"": ""0"", ""buy_7th_pre_bid"": ""-569000"", ""buy_7th_pre_req"": ""2774"", ""buy_7th_pre_req_pre"": ""0"", ""buy_8th_pre_bid"": ""-568000"", ""buy_8th_pre_req"": ""1053"", ""buy_8th_pre_req_pre"": ""0"", ""buy_9th_pre_bid"": ""-567000"", ""buy_9th_pre_req"": ""767"", ""buy_9th_pre_req_pre"": ""0"", ""buy_10th_pre_bid"": ""-566000"", ""buy_10th_pre_req"": ""1422"", ""buy_10th_pre_req_pre"": ""0"", ""tot_sel_req_jub_pre"": ""0"", ""tot_sel_req"": ""1978"", ""tot_buy_req"": ""18007"", ""tot_buy_req_jub_pre"": ""--1"", ""ovt_sel_req_pre"": ""0"", ""ovt_sel_req"": ""0"", ""ovt_buy_req"": ""0"", ""ovt_buy_req_pre"": ""0"", ""return_code"": 0, ""return_msg"": ""정상적으로 처리되었습니다""}"
2026-06-10,scan_candidate,055550,,0,main_scan,98700,,98700,98600,98700,99100,0.303951367781155,0.10131712259371835,,,,,,"{""bid_req_base_tm"": ""110728"", ""sel_10th_pre_req_pre"": ""0"", ""sel_10th_pre_req"": ""3"", ""sel_10th_pre_bid"": ""-99600"", ""sel_9th_pre_req_pre"": ""0"", ""sel_9th_pre_req"": ""103"", ""sel_9th_pre_bid"": ""-99500"", ""sel_8th_pre_req_pre"": ""0"", ""sel_8th_pre_req"": ""10"", ""sel_8th_pre_bid"": ""-99400"", ""sel_7th_pre_req_pre"": ""0"", ""sel_7th_pre_req"": ""76"", ""sel_7th_pre_bid"": ""-99300"", ""sel_6th_pre_req_pre"": ""0"", ""sel_6th_pre_req"": ""1"", ""sel_6th_pre_bid"": ""-99200"", ""sel_5th_pre_req_pre"": ""0"", ""sel_5th_pre_req"": ""80"", ""sel_5th_pre_bid"": ""-99100"", ""sel_4th_pre_req_pre"": ""0"", ""sel_4th_pre_req"": ""63"", ""sel_4th_pre_bid"": ""-99000"", ""sel_3th_pre_req_pre"": ""0"", ""sel_3th_pre_req"": ""44"", ""sel_3th_pre_bid"": ""-98900"", ""sel_2th_pre_req_pre"": ""--1"", ""sel_2th_pre_req"": ""1584"", ""sel_2th_pre_bid"": ""-98800"", ""sel_1th_pre_req_pre"": ""0"", ""sel_fpr_req"": ""559"", ""sel_fpr_bid"": ""-98700"", ""buy_fpr_bid"": ""-98600"", ""buy_fpr_req"": ""4957"", ""buy_1th_pre_req_pre"": ""0"", ""buy_2th_pre_bid"": ""-98500"", ""buy_2th_pre_req"": ""1097"", ""buy_2th_pre_req_pre"": ""0"", ""buy_3th_pre_bid"": ""-98400"", ""buy_3th_pre_req"": ""1223"", ""buy_3th_pre_req_pre"": ""0"", ""buy_4th_pre_bid"": ""-98300"", ""buy_4th_pre_req"": ""393"", ""buy_4th_pre_req_pre"": ""0"", ""buy_5th_pre_bid"": ""-98200"", ""buy_5th_pre_req"": ""1337"", ""buy_5th_pre_req_pre"": ""0"", ""buy_6th_pre_bid"": ""-98100"", ""buy_6th_pre_req"": ""572"", ""buy_6th_pre_req_pre"": ""0"", ""buy_7th_pre_bid"": ""-98000"", ""buy_7th_pre_req"": ""2009"", ""buy_7th_pre_req_pre"": ""0"", ""buy_8th_pre_bid"": ""-97900"", ""buy_8th_pre_req"": ""276"", ""buy_8th_pre_req_pre"": ""0"", ""buy_9th_pre_bid"": ""-97800"", ""buy_9th_pre_req"": ""187"", ""buy_9th_pre_req_pre"": ""0"", ""buy_10th_pre_bid"": ""-97700"", ""buy_10th_pre_req"": ""272"", ""buy_10th_pre_req_pre"": ""0"", ""tot_sel_req_jub_pre"": ""--1"", ""tot_sel_req"": ""2523"", ""tot_buy_req"": ""12323"", ""tot_buy_req_jub_pre"": ""0"", ""ovt_sel_req_pre"": ""0"", ""ovt_sel_req"": ""0"", ""ovt_buy_req"": ""0"", ""ovt_buy_req_pre"": ""0"", ""return_code"": 0, ""return_msg"": ""정상적으로 처리되었습니다""}"
2026-06-10,scan_candidate,034730,,0,main_scan,582000,,582000,581000,582000,578000,-0.859106529209622,0.1718213058419244,,,,,,"{""bid_req_base_tm"": ""110728"", ""sel_10th_pre_req_pre"": ""0"", ""sel_10th_pre_req"": ""191"", ""sel_10th_pre_bid"": ""-592000"", ""sel_9th_pre_req_pre"": ""0"", ""sel_9th_pre_req"": ""37"", ""sel_9th_pre_bid"": ""-591000"", ""sel_8th_pre_req_pre"": ""0"", ""sel_8th_pre_req"": ""108"", ""sel_8th_pre_bid"": ""-590000"", ""sel_7th_pre_req_pre"": ""0"", ""sel_7th_pre_req"": ""4"", ""sel_7th_pre_bid"": ""-589000"", ""sel_6th_pre_req_pre"": ""0"", ""sel_6th_pre_req"": ""168"", ""sel_6th_pre_bid"": ""-588000"", ""sel_5th_pre_req_pre"": ""0"", ""sel_5th_pre_req"": ""4"", ""sel_5th_pre_bid"": ""-587000"", ""sel_4th_pre_req_pre"": ""0"", ""sel_4th_pre_req"": ""2"", ""sel_4th_pre_bid"": ""-585000"", ""sel_3th_pre_req_pre"": ""0"", ""sel_3th_pre_req"": ""1634"", ""sel_3th_pre_bid"": ""-584000"", ""sel_2th_pre_req_pre"": ""0"", ""sel_2th_pre_req"": ""94"", ""sel_2th_pre_bid"": ""-583000"", ""sel_1th_pre_req_pre"": ""0"", ""sel_fpr_req"": ""368"", ""sel_fpr_bid"": ""-582000"", ""buy_fpr_bid"": ""-581000"", ""buy_fpr_req"": ""180"", ""buy_1th_pre_req_pre"": ""--10"", ""buy_2th_pre_bid"": ""-580000"", ""buy_2th_pre_req"": ""289"", ""buy_2th_pre_req_pre"": ""0"", ""buy_3th_pre_bid"": ""-579000"", ""buy_3th_pre_req"": ""99"", ""buy_3th_pre_req_pre"": ""0"", ""buy_4th_pre_bid"": ""-578000"", ""buy_4th_pre_req"": ""140"", ""buy_4th_pre_req_pre"": ""0"", ""buy_5th_pre_bid"": ""-577000"", ""buy_5th_pre_req"": ""68"", ""buy_5th_pre_req_pre"": ""0"", ""buy_6th_pre_bid"": ""-576000"", ""buy_6th_pre_req"": ""52"", ""buy_6th_pre_req_pre"": ""0"", ""buy_7th_pre_bid"": ""-575000"", ""buy_7th_pre_req"": ""62"", ""buy_7th_pre_req_pre"": ""0"", ""buy_8th_pre_bid"": ""-574000"", ""buy_8th_pre_req"": ""32"", ""buy_8th_pre_req_pre"": ""0"", ""buy_9th_pre_bid"": ""-573000"", ""buy_9th_pre_req"": ""25"", ""buy_9th_pre_req_pre"": ""0"", ""buy_10th_pre_bid"": ""-572000"", ""buy_10th_pre_req"": ""23"", ""buy_10th_pre_req_pre"": ""0"", ""tot_sel_req_jub_pre"": ""0"", ""tot_sel_req"": ""2610"", ""tot_buy_req"": ""970"", ""tot_buy_req_jub_pre"": ""--10"", ""ovt_sel_req_pre"": ""0"", ""ovt_sel_req"": ""0"", ""ovt_buy_req"": ""0"", ""ovt_buy_req_pre"": ""0"", ""return_code"": 0, ""return_msg"": ""정상적으로 처리되었습니다""}"
2026-06-10,scan_candidate,066570,,0,main_scan,231000,,231000,230500,231000,232500,0.4329004329004329,0.21645021645021645,,,,,,"{""bid_req_base_tm"": ""110728"", ""sel_10th_pre_req_pre"": ""0"", ""sel_10th_pre_req"": ""2304"", ""sel_10th_pre_bid"": ""-235500"", ""sel_9th_pre_req_pre"": ""0"", ""sel_9th_pre_req"": ""3383"", ""sel_9th_pre_bid"": ""-235000"", ""sel_8th_pre_req_pre"": ""0"", ""sel_8th_pre_req"": ""2230"", ""sel_8th_pre_bid"": ""-234500"", ""sel_7th_pre_req_pre"": ""0"", ""sel_7th_pre_req"": ""1115"", ""sel_7th_pre_bid"": ""-234000"", ""sel_6th_pre_req_pre"": ""0"", ""sel_6th_pre_req"": ""425"", ""sel_6th_pre_bid"": ""-233500"", ""sel_5th_pre_req_pre"": ""0"", ""sel_5th_pre_req"": ""625"", ""sel_5th_pre_bid"": ""-233000"", ""sel_4th_pre_req_pre"": ""0"", ""sel_4th_pre_req"": ""669"", ""sel_4th_pre_bid"": ""-232500"", ""sel_3th_pre_req_pre"": ""0"", ""sel_3th_pre_req"": ""1377"", ""sel_3th_pre_bid"": ""-232000"", ""sel_2th_pre_req_pre"": ""0"", ""sel_2th_pre_req"": ""1969"", ""sel_2th_pre_bid"": ""-231500"", ""sel_1th_pre_req_pre"": ""0"", ""sel_fpr_req"": ""9549"", ""sel_fpr_bid"": ""-231000"", ""buy_fpr_bid"": ""-230500"", ""buy_fpr_req"": ""12424"", ""buy_1th_pre_req_pre"": ""0"", ""buy_2th_pre_bid"": ""-230000"", ""buy_2th_pre_req"": ""42742"", ""buy_2th_pre_req_pre"": ""0"", ""buy_3th_pre_bid"": ""-229500"", ""buy_3th_pre_req"": ""10694"", ""buy_3th_pre_req_pre"": ""+2"", ""buy_4th_pre_bid"": ""-229000"", ""buy_4th_pre_req"": ""8729"", ""buy_4th_pre_req_pre"": ""0"", ""buy_5th_pre_bid"": ""-228500"", ""buy_5th_pre_req"": ""6654"", ""buy_5th_pre_req_pre"": ""0"", ""buy_6th_pre_bid"": ""-228000"", ""buy_6th_pre_req"": ""11444"", ""buy_6th_pre_req_pre"": ""0"", ""buy_7th_pre_bid"": ""-227500"", ""buy_7th_pre_req"": ""5976"", ""buy_7th_pre_req_pre"": ""0"", ""buy_8th_pre_bid"": ""-227000"", ""buy_8th_pre_req"": ""55558"", ""buy_8th_pre_req_pre"": ""0"", ""buy_9th_pre_bid"": ""-226500"", ""buy_9th_pre_req"": ""2735"", ""buy_9th_pre_req_pre"": ""0"", ""buy_10th_pre_bid"": ""-226000"", ""buy_10th_pre_req"": ""3215"", ""buy_10th_pre_req_pre"": ""0"", ""tot_sel_req_jub_pre"": ""0"", ""tot_sel_req"": ""23646"", ""tot_buy_req"": ""160171"", ""tot_buy_req_jub_pre"": ""+2"", ""ovt_sel_req_pre"": ""0"", ""ovt_sel_req"": ""0"", ""ovt_buy_req"": ""0"", ""ovt_buy_req_pre"": ""0"", ""return_code"": 0, ""return_msg"": ""정상적으로 처리되었습니다""}"
2026-06-10,scan_candidate,035420,,0,main_scan,234000,,234000,233500,234000,235000,0.2136752136752137,0.2136752136752137,,,,,,"{""bid_req_base_tm"": ""110729"", ""sel_10th_pre_req_pre"": ""0"", ""sel_10th_pre_req"": ""1843"", ""sel_10th_pre_bid"": ""-238500"", ""sel_9th_pre_req_pre"": ""0"", ""sel_9th_pre_req"": ""2404"", ""sel_9th_pre_bid"": ""-238000"", ""sel_8th_pre_req_pre"": ""0"", ""sel_8th_pre_req"": ""3452"", ""sel_8th_pre_bid"": ""-237500"", ""sel_7th_pre_req_pre"": ""0"", ""sel_7th_pre_req"": ""1972"", ""sel_7th_pre_bid"": ""-237000"", ""sel_6th_pre_req_pre"": ""0"", ""sel_6th_pre_req"": ""4495"", ""sel_6th_pre_bid"": ""-236500"", ""sel_5th_pre_req_pre"": ""0"", ""sel_5th_pre_req"": ""3835"", ""sel_5th_pre_bid"": ""-236000"", ""sel_4th_pre_req_pre"": ""0"", ""sel_4th_pre_req"": ""1819"", ""sel_4th_pre_bid"": ""-235500"", ""sel_3th_pre_req_pre"": ""0"", ""sel_3th_pre_req"": ""1652"", ""sel_3th_pre_bid"": ""-235000"", ""sel_2th_pre_req_pre"": ""0"", ""sel_2th_pre_req"": ""1422"", ""sel_2th_pre_bid"": ""-234500"", ""sel_1th_pre_req_pre"": ""+1"", ""sel_fpr_req"": ""2644"", ""sel_fpr_bid"": ""-234000"", ""buy_fpr_bid"": ""-233500"", ""buy_fpr_req"": ""2934"", ""buy_1th_pre_req_pre"": ""+5"", ""buy_2th_pre_bid"": ""-233000"", ""buy_2th_pre_req"": ""4657"", ""buy_2th_pre_req_pre"": ""0"", ""buy_3th_pre_bid"": ""-232500"", ""buy_3th_pre_req"": ""12719"", ""buy_3th_pre_req_pre"": ""0"", ""buy_4th_pre_bid"": ""-232000"", ""buy_4th_pre_req"": ""12414"", ""buy_4th_pre_req_pre"": ""0"", ""buy_5th_pre_bid"": ""-231500"", ""buy_5th_pre_req"": ""12031"", ""buy_5th_pre_req_pre"": ""0"", ""buy_6th_pre_bid"": ""-231000"", ""buy_6th_pre_req"": ""16182"", ""buy_6th_pre_req_pre"": ""0"", ""buy_7th_pre_bid"": ""-230500"", ""buy_7th_pre_req"": ""18562"", ""buy_7th_pre_req_pre"": ""0"", ""buy_8th_pre_bid"": ""-230000"", ""buy_8th_pre_req"": ""71098"", ""buy_8th_pre_req_pre"": ""0"", ""buy_9th_pre_bid"": ""-229500"", ""buy_9th_pre_req"": ""5583"", ""buy_9th_pre_req_pre"": ""0"", ""buy_10th_pre_bid"": ""-229000"", ""buy_10th_pre_req"": ""7412"", ""buy_10th_pre_req_pre"": ""0"", ""tot_sel_req_jub_pre"": ""+1"", ""tot_sel_req"": ""25538"", ""tot_buy_req"": ""163592"", ""tot_buy_req_jub_pre"": ""+5"", ""ovt_sel_req_pre"": ""0"", ""ovt_sel_req"": ""0"", ""ovt_buy_req"": ""0"", ""ovt_buy_req_pre"": ""0"", ""return_code"": 0, ""return_msg"": ""정상적으로 처리되었습니다""}"
2026-06-10,scan_candidate,267260,,0,main_scan,999000,,999000,998000,999000,995000,-0.5005005005005005,0.10010010010010009,,,,,,"{""bid_req_base_tm"": ""110729"", ""sel_10th_pre_req_pre"": ""0"", ""sel_10th_pre_req"": ""8"", ""sel_10th_pre_bid"": ""+1008000"", ""sel_9th_pre_req_pre"": ""0"", ""sel_9th_pre_req"": ""11"", ""sel_9th_pre_bid"": ""+1007000"", ""sel_8th_pre_req_pre"": ""0"", ""sel_8th_pre_req"": ""24"", ""sel_8th_pre_bid"": ""+1006000"", ""sel_7th_pre_req_pre"": ""0"", ""sel_7th_pre_req"": ""4"", ""sel_7th_pre_bid"": ""+1005000"", ""sel_6th_pre_req_pre"": ""0"", ""sel_6th_pre_req"": ""16"", ""sel_6th_pre_bid"": ""+1004000"", ""sel_5th_pre_req_pre"": ""0"", ""sel_5th_pre_req"": ""10"", ""sel_5th_pre_bid"": ""+1003000"", ""sel_4th_pre_req_pre"": ""0"", ""sel_4th_pre_req"": ""54"", ""sel_4th_pre_bid"": ""+1002000"", ""sel_3th_pre_req_pre"": ""0"", ""sel_3th_pre_req"": ""164"", ""sel_3th_pre_bid"": ""+1001000"", ""sel_2th_pre_req_pre"": ""0"", ""sel_2th_pre_req"": ""242"", ""sel_2th_pre_bid"": ""+1000000"", ""sel_1th_pre_req_pre"": ""0"", ""sel_fpr_req"": ""98"", ""sel_fpr_bid"": ""+999000"", ""buy_fpr_bid"": ""+998000"", ""buy_fpr_req"": ""73"", ""buy_1th_pre_req_pre"": ""0"", ""buy_2th_pre_bid"": ""+997000"", ""buy_2th_pre_req"": ""23"", ""buy_2th_pre_req_pre"": ""0"", ""buy_3th_pre_bid"": ""+996000"", ""buy_3th_pre_req"": ""68"", ""buy_3th_pre_req_pre"": ""0"", ""buy_4th_pre_bid"": ""+995000"", ""buy_4th_pre_req"": ""49"", ""buy_4th_pre_req_pre"": ""0"", ""buy_5th_pre_bid"": ""+994000"", ""buy_5th_pre_req"": ""10"", ""buy_5th_pre_req_pre"": ""0"", ""buy_6th_pre_bid"": ""+993000"", ""buy_6th_pre_req"": ""20"", ""buy_6th_pre_req_pre"": ""0"", ""buy_7th_pre_bid"": ""+992000"", ""buy_7th_pre_req"": ""11"", ""buy_7th_pre_req_pre"": ""0"", ""buy_8th_pre_bid"": ""+991000"", ""buy_8th_pre_req"": ""76"", ""buy_8th_pre_req_pre"": ""0"", ""buy_9th_pre_bid"": ""+990000"", ""buy_9th_pre_req"": ""81"", ""buy_9th_pre_req_pre"": ""+1"", ""buy_10th_pre_bid"": ""+989000"", ""buy_10th_pre_req"": ""31"", ""buy_10th_pre_req_pre"": ""0"", ""tot_sel_req_jub_pre"": ""0"", ""tot_sel_req"": ""631"", ""tot_buy_req"": ""442"", ""tot_buy_req_jub_pre"": ""+1"", ""ovt_sel_req_pre"": ""0"", ""ovt_sel_req"": ""0"", ""ovt_buy_req"": ""0"", ""ovt_buy_req_pre"": ""0"", ""return_code"": 0, ""return_msg"": ""정상적으로 처리되었습니다""}"
2026-06-10,scan_candidate,086790,,0,main_scan,119000,,119000,118900,119000,119000,-0.42016806722689076,0.08403361344537816,,,,,,"{""bid_req_base_tm"": ""110729"", ""sel_10th_pre_req_pre"": ""0"", ""sel_10th_pre_req"": ""626"", ""sel_10th_pre_bid"": ""+119900"", ""sel_9th_pre_req_pre"": ""0"", ""sel_9th_pre_req"": ""44"", ""sel_9th_pre_bid"": ""+119800"", ""sel_8th_pre_req_pre"": ""0"", ""sel_8th_pre_req"": ""220"", ""sel_8th_pre_bid"": ""+119700"", ""sel_7th_pre_req_pre"": ""0"", ""sel_7th_pre_req"": ""180"", ""sel_7th_pre_bid"": ""+119600"", ""sel_6th_pre_req_pre"": ""0"", ""sel_6th_pre_req"": ""222"", ""sel_6th_pre_bid"": ""+119500"", ""sel_5th_pre_req_pre"": ""0"", ""sel_5th_pre_req"": ""203"", ""sel_5th_pre_bid"": ""+119400"", ""sel_4th_pre_req_pre"": ""0"", ""sel_4th_pre_req"": ""602"", ""sel_4th_pre_bid"": ""+119300"", ""sel_3th_pre_req_pre"": ""0"", ""sel_3th_pre_req"": ""1"", ""sel_3th_pre_bid"": ""+119200"", ""sel_2th_pre_req_pre"": ""0"", ""sel_2th_pre_req"": ""56"", ""sel_2th_pre_bid"": ""+119100"", ""sel_1th_pre_req_pre"": ""--2"", ""sel_fpr_req"": ""380"", ""sel_fpr_bid"": ""119000"", ""buy_fpr_bid"": ""-118900"", ""buy_fpr_req"": ""614"", ""buy_1th_pre_req_pre"": ""--1"", ""buy_2th_pre_bid"": ""-118800"", ""buy_2th_pre_req"": ""337"", ""buy_2th_pre_req_pre"": ""0"", ""buy_3th_pre_bid"": ""-118700"", ""buy_3th_pre_req"": ""186"", ""buy_3th_pre_req_pre"": ""0"", ""buy_4th_pre_bid"": ""-118600"", ""buy_4th_pre_req"": ""366"", ""buy_4th_pre_req_pre"": ""0"", ""buy_5th_pre_bid"": ""-118500"", ""buy_5th_pre_req"": ""5"", ""buy_5th_pre_req_pre"": ""0"", ""buy_6th_pre_bid"": ""-118400"", ""buy_6th_pre_req"": ""663"", ""buy_6th_pre_req_pre"": ""0"", ""buy_7th_pre_bid"": ""-118300"", ""buy_7th_pre_req"": ""64"", ""buy_7th_pre_req_pre"": ""0"", ""buy_8th_pre_bid"": ""-118200"", ""buy_8th_pre_req"": ""1164"", ""buy_8th_pre_req_pre"": ""0"", ""buy_9th_pre_bid"": ""-118100"", ""buy_9th_pre_req"": ""67"", ""buy_9th_pre_req_pre"": ""0"", ""buy_10th_pre_bid"": ""-118000"", ""buy_10th_pre_req"": ""364"", ""buy_10th_pre_req_pre"": ""0"", ""tot_sel_req_jub_pre"": ""--2"", ""tot_sel_req"": ""2534"", ""tot_buy_req"": ""3830"", ""tot_buy_req_jub_pre"": ""--1"", ""ovt_sel_req_pre"": ""0"", ""ovt_sel_req"": ""0"", ""ovt_buy_req"": ""0"", ""ovt_buy_req_pre"": ""0"", ""return_code"": 0, ""return_msg"": ""정상적으로 처리되었습니다""}"
2026-06-10,scan_candidate,000810,,0,main_scan,621000,,621000,620000,621000,617000,-0.8051529790660225,0.1610305958132045,,,,,,"{""bid_req_base_tm"": ""110728"", ""sel_10th_pre_req_pre"": ""0"", ""sel_10th_pre_req"": ""48"", ""sel_10th_pre_bid"": ""-630000"", ""sel_9th_pre_req_pre"": ""0"", ""sel_9th_pre_req"": ""15"", ""sel_9th_pre_bid"": ""-629000"", ""sel_8th_pre_req_pre"": ""0"", ""sel_8th_pre_req"": ""7"", ""sel_8th_pre_bid"": ""-628000"", ""sel_7th_pre_req_pre"": ""0"", ""sel_7th_pre_req"": ""27"", ""sel_7th_pre_bid"": ""-627000"", ""sel_6th_pre_req_pre"": ""0"", ""sel_6th_pre_req"": ""23"", ""sel_6th_pre_bid"": ""-626000"", ""sel_5th_pre_req_pre"": ""0"", ""sel_5th_pre_req"": ""12"", ""sel_5th_pre_bid"": ""-625000"", ""sel_4th_pre_req_pre"": ""0"", ""sel_4th_pre_req"": ""38"", ""sel_4th_pre_bid"": ""-624000"", ""sel_3th_pre_req_pre"": ""0"", ""sel_3th_pre_req"": ""570"", ""sel_3th_pre_bid"": ""-623000"", ""sel_2th_pre_req_pre"": ""0"", ""sel_2th_pre_req"": ""58"", ""sel_2th_pre_bid"": ""-622000"", ""sel_1th_pre_req_pre"": ""0"", ""sel_fpr_req"": ""344"", ""sel_fpr_bid"": ""-621000"", ""buy_fpr_bid"": ""-620000"", ""buy_fpr_req"": ""270"", ""buy_1th_pre_req_pre"": ""--1"", ""buy_2th_pre_bid"": ""-619000"", ""buy_2th_pre_req"": ""13"", ""buy_2th_pre_req_pre"": ""0"", ""buy_3th_pre_bid"": ""-618000"", ""buy_3th_pre_req"": ""24"", ""buy_3th_pre_req_pre"": ""0"", ""buy_4th_pre_bid"": ""-617000"", ""buy_4th_pre_req"": ""36"", ""buy_4th_pre_req_pre"": ""0"", ""buy_5th_pre_bid"": ""-616000"", ""buy_5th_pre_req"": ""19"", ""buy_5th_pre_req_pre"": ""0"", ""buy_6th_pre_bid"": ""-615000"", ""buy_6th_pre_req"": ""32"", ""buy_6th_pre_req_pre"": ""0"", ""buy_7th_pre_bid"": ""-614000"", ""buy_7th_pre_req"": ""92"", ""buy_7th_pre_req_pre"": ""0"", ""buy_8th_pre_bid"": ""-613000"", ""buy_8th_pre_req"": ""37"", ""buy_8th_pre_req_pre"": ""0"", ""buy_9th_pre_bid"": ""-612000"", ""buy_9th_pre_req"": ""32"", ""buy_9th_pre_req_pre"": ""0"", ""buy_10th_pre_bid"": ""-611000"", ""buy_10th_pre_req"": ""17"", ""buy_10th_pre_req_pre"": ""0"", ""tot_sel_req_jub_pre"": ""0"", ""tot_sel_req"": ""1142"", ""tot_buy_req"": ""572"", ""tot_buy_req_jub_pre"": ""--1"", ""ovt_sel_req_pre"": ""0"", ""ovt_sel_req"": ""0"", ""ovt_buy_req"": ""0"", ""ovt_buy_req_pre"": ""0"", ""return_code"": 0, ""return_msg"": ""정상적으로 처리되었습니다""}"
2026-06-10,scan_candidate,011070,,0,main_scan,1123000,,1123000,1122000,1123000,1125000,0.08904719501335707,0.08904719501335707,,,,,,"{""bid_req_base_tm"": ""110729"", ""sel_10th_pre_req_pre"": ""0"", ""sel_10th_pre_req"": ""16"", ""sel_10th_pre_bid"": ""-1132000"", ""sel_9th_pre_req_pre"": ""0"", ""sel_9th_pre_req"": ""58"", ""sel_9th_pre_bid"": ""-1131000"", ""sel_8th_pre_req_pre"": ""0"", ""sel_8th_pre_req"": ""153"", ""sel_8th_pre_bid"": ""-1130000"", ""sel_7th_pre_req_pre"": ""0"", ""sel_7th_pre_req"": ""12"", ""sel_7th_pre_bid"": ""-1129000"", ""sel_6th_pre_req_pre"": ""0"", ""sel_6th_pre_req"": ""41"", ""sel_6th_pre_bid"": ""-1128000"", ""sel_5th_pre_req_pre"": ""0"", ""sel_5th_pre_req"": ""5"", ""sel_5th_pre_bid"": ""-1127000"", ""sel_4th_pre_req_pre"": ""0"", ""sel_4th_pre_req"": ""106"", ""sel_4th_pre_bid"": ""-1126000"", ""sel_3th_pre_req_pre"": ""0"", ""sel_3th_pre_req"": ""49"", ""sel_3th_pre_bid"": ""-1125000"", ""sel_2th_pre_req_pre"": ""0"", ""sel_2th_pre_req"": ""60"", ""sel_2th_pre_bid"": ""-1124000"", ""sel_1th_pre_req_pre"": ""+1"", ""sel_fpr_req"": ""74"", ""sel_fpr_bid"": ""-1123000"", ""buy_fpr_bid"": ""-1122000"", ""buy_fpr_req"": ""54"", ""buy_1th_pre_req_pre"": ""0"", ""buy_2th_pre_bid"": ""-1121000"", ""buy_2th_pre_req"": ""22"", ""buy_2th_pre_req_pre"": ""0"", ""buy_3th_pre_bid"": ""-1120000"", ""buy_3th_pre_req"": ""90"", ""buy_3th_pre_req_pre"": ""0"", ""buy_4th_pre_bid"": ""-1119000"", ""buy_4th_pre_req"": ""48"", ""buy_4th_pre_req_pre"": ""0"", ""buy_5th_pre_bid"": ""-1118000"", ""buy_5th_pre_req"": ""438"", ""buy_5th_pre_req_pre"": ""0"", ""buy_6th_pre_bid"": ""-1117000"", ""buy_6th_pre_req"": ""76"", ""buy_6th_pre_req_pre"": ""0"", ""buy_7th_pre_bid"": ""-1116000"", ""buy_7th_pre_req"": ""19"", ""buy_7th_pre_req_pre"": ""0"", ""buy_8th_pre_bid"": ""-1115000"", ""buy_8th_pre_req"": ""20"", ""buy_8th_pre_req_pre"": ""0"", ""buy_9th_pre_bid"": ""-1114000"", ""buy_9th_pre_req"": ""10"", ""buy_9th_pre_req_pre"": ""0"", ""buy_10th_pre_bid"": ""-1113000"", ""buy_10th_pre_req"": ""32"", ""buy_10th_pre_req_pre"": ""0"", ""tot_sel_req_jub_pre"": ""+1"", ""tot_sel_req"": ""574"", ""tot_buy_req"": ""809"", ""tot_buy_req_jub_pre"": ""0"", ""ovt_sel_req_pre"": ""0"", ""ovt_sel_req"": ""0"", ""ovt_buy_req"": ""0"", ""ovt_buy_req_pre"": ""0"", ""return_code"": 0, ""return_msg"": ""정상적으로 처리되었습니다""}"
2026-06-10,scan_candidate,042700,,0,main_scan,281000,,281000,280500,281000,282500,0.3558718861209964,0.1779359430604982,,,,,,"{""bid_req_base_tm"": ""110729"", ""sel_10th_pre_req_pre"": ""0"", ""sel_10th_pre_req"": ""103"", ""sel_10th_pre_bid"": ""+285500"", ""sel_9th_pre_req_pre"": ""0"", ""sel_9th_pre_req"": ""531"", ""sel_9th_pre_bid"": ""+285000"", ""sel_8th_pre_req_pre"": ""0"", ""sel_8th_pre_req"": ""183"", ""sel_8th_pre_bid"": ""+284500"", ""sel_7th_pre_req_pre"": ""0"", ""sel_7th_pre_req"": ""137"", ""sel_7th_pre_bid"": ""+284000"", ""sel_6th_pre_req_pre"": ""0"", ""sel_6th_pre_req"": ""102"", ""sel_6th_pre_bid"": ""+283500"", ""sel_5th_pre_req_pre"": ""0"", ""sel_5th_pre_req"": ""350"", ""sel_5th_pre_bid"": ""+283000"", ""sel_4th_pre_req_pre"": ""0"", ""sel_4th_pre_req"": ""56"", ""sel_4th_pre_bid"": ""+282500"", ""sel_3th_pre_req_pre"": ""0"", ""sel_3th_pre_req"": ""392"", ""sel_3th_pre_bid"": ""+282000"", ""sel_2th_pre_req_pre"": ""0"", ""sel_2th_pre_req"": ""69"", ""sel_2th_pre_bid"": ""+281500"", ""sel_1th_pre_req_pre"": ""0"", ""sel_fpr_req"": ""458"", ""sel_fpr_bid"": ""+281000"", ""buy_fpr_bid"": ""+280500"", ""buy_fpr_req"": ""530"", ""buy_1th_pre_req_pre"": ""0"", ""buy_2th_pre_bid"": ""+280000"", ""buy_2th_pre_req"": ""2482"", ""buy_2th_pre_req_pre"": ""--10"", ""buy_3th_pre_bid"": ""+279500"", ""buy_3th_pre_req"": ""285"", ""buy_3th_pre_req_pre"": ""0"", ""buy_4th_pre_bid"": ""+279000"", ""buy_4th_pre_req"": ""402"", ""buy_4th_pre_req_pre"": ""0"", ""buy_5th_pre_bid"": ""+278500"", ""buy_5th_pre_req"": ""364"", ""buy_5th_pre_req_pre"": ""0"", ""buy_6th_pre_bid"": ""+278000"", ""buy_6th_pre_req"": ""608"", ""buy_6th_pre_req_pre"": ""0"", ""buy_7th_pre_bid"": ""+277500"", ""buy_7th_pre_req"": ""274"", ""buy_7th_pre_req_pre"": ""0"", ""buy_8th_pre_bid"": ""+277000"", ""buy_8th_pre_req"": ""740"", ""buy_8th_pre_req_pre"": ""0"", ""buy_9th_pre_bid"": ""276500"", ""buy_9th_pre_req"": ""819"", ""buy_9th_pre_req_pre"": ""0"", ""buy_10th_pre_bid"": ""-276000"", ""buy_10th_pre_req"": ""382"", ""buy_10th_pre_req_pre"": ""0"", ""tot_sel_req_jub_pre"": ""0"", ""tot_sel_req"": ""2381"", ""tot_buy_req"": ""6886"", ""tot_buy_req_jub_pre"": ""--10"", ""ovt_sel_req_pre"": ""0"", ""ovt_sel_req"": ""0"", ""ovt_buy_req"": ""0"", ""ovt_buy_req_pre"": ""0"", ""return_code"": 0, ""return_msg"": ""정상적으로 처리되었습니다""}"
2026-06-10,scan_candidate,017670,,0,main_scan,107700,,107700,107600,107700,107500,-0.6499535747446611,0.09285051067780872,,,,,,"{""bid_req_base_tm"": ""110729"", ""sel_10th_pre_req_pre"": ""0"", ""sel_10th_pre_req"": ""1094"", ""sel_10th_pre_bid"": ""+108600"", ""sel_9th_pre_req_pre"": ""0"", ""sel_9th_pre_req"": ""959"", ""sel_9th_pre_bid"": ""+108500"", ""sel_8th_pre_req_pre"": ""0"", ""sel_8th_pre_req"": ""286"", ""sel_8th_pre_bid"": ""+108400"", ""sel_7th_pre_req_pre"": ""0"", ""sel_7th_pre_req"": ""386"", ""sel_7th_pre_bid"": ""+108300"", ""sel_6th_pre_req_pre"": ""0"", ""sel_6th_pre_req"": ""548"", ""sel_6th_pre_bid"": ""+108200"", ""sel_5th_pre_req_pre"": ""0"", ""sel_5th_pre_req"": ""40"", ""sel_5th_pre_bid"": ""108100"", ""sel_4th_pre_req_pre"": ""0"", ""sel_4th_pre_req"": ""466"", ""sel_4th_pre_bid"": ""-108000"", ""sel_3th_pre_req_pre"": ""0"", ""sel_3th_pre_req"": ""423"", ""sel_3th_pre_bid"": ""-107900"", ""sel_2th_pre_req_pre"": ""0"", ""sel_2th_pre_req"": ""323"", ""sel_2th_pre_bid"": ""-107800"", ""sel_1th_pre_req_pre"": ""0"", ""sel_fpr_req"": ""291"", ""sel_fpr_bid"": ""-107700"", ""buy_fpr_bid"": ""-107600"", ""buy_fpr_req"": ""1158"", ""buy_1th_pre_req_pre"": ""0"", ""buy_2th_pre_bid"": ""-107500"", ""buy_2th_pre_req"": ""674"", ""buy_2th_pre_req_pre"": ""+597"", ""buy_3th_pre_bid"": ""-107400"", ""buy_3th_pre_req"": ""149"", ""buy_3th_pre_req_pre"": ""0"", ""buy_4th_pre_bid"": ""-107300"", ""buy_4th_pre_req"": ""625"", ""buy_4th_pre_req_pre"": ""0"", ""buy_5th_pre_bid"": ""-107200"", ""buy_5th_pre_req"": ""1052"", ""buy_5th_pre_req_pre"": ""0"", ""buy_6th_pre_bid"": ""-107100"", ""buy_6th_pre_req"": ""786"", ""buy_6th_pre_req_pre"": ""0"", ""buy_7th_pre_bid"": ""-107000"", ""buy_7th_pre_req"": ""2640"", ""buy_7th_pre_req_pre"": ""0"", ""buy_8th_pre_bid"": ""-106900"", ""buy_8th_pre_req"": ""302"", ""buy_8th_pre_req_pre"": ""0"", ""buy_9th_pre_bid"": ""-106800"", ""buy_9th_pre_req"": ""452"", ""buy_9th_pre_req_pre"": ""0"", ""buy_10th_pre_bid"": ""-106700"", ""buy_10th_pre_req"": ""429"", ""buy_10th_pre_req_pre"": ""0"", ""tot_sel_req_jub_pre"": ""0"", ""tot_sel_req"": ""4816"", ""tot_buy_req"": ""8267"", ""tot_buy_req_jub_pre"": ""+597"", ""ovt_sel_req_pre"": ""0"", ""ovt_sel_req"": ""0"", ""ovt_buy_req"": ""0"", ""ovt_buy_req_pre"": ""0"", ""return_code"": 0, ""return_msg"": ""정상적으로 처리되었습니다""}"
2026-06-10,scan_candidate,018260,,0,main_scan,231500,,231500,231000,231500,233000,0.4319654427645789,0.21598272138228944,,,,,,"{""bid_req_base_tm"": ""110729"", ""sel_10th_pre_req_pre"": ""0"", ""sel_10th_pre_req"": ""322"", ""sel_10th_pre_bid"": ""-236000"", ""sel_9th_pre_req_pre"": ""0"", ""sel_9th_pre_req"": ""169"", ""sel_9th_pre_bid"": ""-235500"", ""sel_8th_pre_req_pre"": ""0"", ""sel_8th_pre_req"": ""142"", ""sel_8th_pre_bid"": ""-235000"", ""sel_7th_pre_req_pre"": ""0"", ""sel_7th_pre_req"": ""154"", ""sel_7th_pre_bid"": ""-234500"", ""sel_6th_pre_req_pre"": ""0"", ""sel_6th_pre_req"": ""219"", ""sel_6th_pre_bid"": ""-234000"", ""sel_5th_pre_req_pre"": ""0"", ""sel_5th_pre_req"": ""71"", ""sel_5th_pre_bid"": ""-233500"", ""sel_4th_pre_req_pre"": ""0"", ""sel_4th_pre_req"": ""196"", ""sel_4th_pre_bid"": ""-233000"", ""sel_3th_pre_req_pre"": ""0"", ""sel_3th_pre_req"": ""117"", ""sel_3th_pre_bid"": ""-232500"", ""sel_2th_pre_req_pre"": ""0"", ""sel_2th_pre_req"": ""678"", ""sel_2th_pre_bid"": ""-232000"", ""sel_1th_pre_req_pre"": ""0"", ""sel_fpr_req"": ""46"", ""sel_fpr_bid"": ""-231500"", ""buy_fpr_bid"": ""-231000"", ""buy_fpr_req"": ""1122"", ""buy_1th_pre_req_pre"": ""+1"", ""buy_2th_pre_bid"": ""-230500"", ""buy_2th_pre_req"": ""2271"", ""buy_2th_pre_req_pre"": ""0"", ""buy_3th_pre_bid"": ""-230000"", ""buy_3th_pre_req"": ""4140"", ""buy_3th_pre_req_pre"": ""0"", ""buy_4th_pre_bid"": ""-229500"", ""buy_4th_pre_req"": ""936"", ""buy_4th_pre_req_pre"": ""0"", ""buy_5th_pre_bid"": ""-229000"", ""buy_5th_pre_req"": ""1376"", ""buy_5th_pre_req_pre"": ""0"", ""buy_6th_pre_bid"": ""-228500"", ""buy_6th_pre_req"": ""966"", ""buy_6th_pre_req_pre"": ""0"", ""buy_7th_pre_bid"": ""-228000"", ""buy_7th_pre_req"": ""2711"", ""buy_7th_pre_req_pre"": ""0"", ""buy_8th_pre_bid"": ""-227500"", ""buy_8th_pre_req"": ""1849"", ""buy_8th_pre_req_pre"": ""0"", ""buy_9th_pre_bid"": ""-227000"", ""buy_9th_pre_req"": ""3125"", ""buy_9th_pre_req_pre"": ""0"", ""buy_10th_pre_bid"": ""-226500"", ""buy_10th_pre_req"": ""403"", ""buy_10th_pre_req_pre"": ""0"", ""tot_sel_req_jub_pre"": ""0"", ""tot_sel_req"": ""2114"", ""tot_buy_req"": ""18899"", ""tot_buy_req_jub_pre"": ""+1"", ""ovt_sel_req_pre"": ""0"", ""ovt_sel_req"": ""0"", ""ovt_buy_req"": ""0"", ""ovt_buy_req_pre"": ""0"", ""return_code"": 0, ""return_msg"": ""정상적으로 처리되었습니다""}"
2026-06-10,scan_candidate,033780,,0,main_scan,184300,,184300,184200,184300,183500,-0.705371676614216,0.05425935973955508,,,,,,"{""bid_req_base_tm"": ""110729"", ""sel_10th_pre_req_pre"": ""0"", ""sel_10th_pre_req"": ""13"", ""sel_10th_pre_bid"": ""+185200"", ""sel_9th_pre_req_pre"": ""0"", ""sel_9th_pre_req"": ""3"", ""sel_9th_pre_bid"": ""+185100"", ""sel_8th_pre_req_pre"": ""0"", ""sel_8th_pre_req"": ""1153"", ""sel_8th_pre_bid"": ""+185000"", ""sel_7th_pre_req_pre"": ""0"", ""sel_7th_pre_req"": ""2"", ""sel_7th_pre_bid"": ""+184900"", ""sel_6th_pre_req_pre"": ""0"", ""sel_6th_pre_req"": ""102"", ""sel_6th_pre_bid"": ""+184800"", ""sel_5th_pre_req_pre"": ""0"", ""sel_5th_pre_req"": ""239"", ""sel_5th_pre_bid"": ""+184700"", ""sel_4th_pre_req_pre"": ""0"", ""sel_4th_pre_req"": ""82"", ""sel_4th_pre_bid"": ""+184600"", ""sel_3th_pre_req_pre"": ""0"", ""sel_3th_pre_req"": ""169"", ""sel_3th_pre_bid"": ""+184500"", ""sel_2th_pre_req_pre"": ""0"", ""sel_2th_pre_req"": ""460"", ""sel_2th_pre_bid"": ""+184400"", ""sel_1th_pre_req_pre"": ""0"", ""sel_fpr_req"": ""329"", ""sel_fpr_bid"": ""184300"", ""buy_fpr_bid"": ""-184200"", ""buy_fpr_req"": ""685"", ""buy_1th_pre_req_pre"": ""+10"", ""buy_2th_pre_bid"": ""-184100"", ""buy_2th_pre_req"": ""49"", ""buy_2th_pre_req_pre"": ""0"", ""buy_3th_pre_bid"": ""-184000"", ""buy_3th_pre_req"": ""4"", ""buy_3th_pre_req_pre"": ""0"", ""buy_4th_pre_bid"": ""-183900"", ""buy_4th_pre_req"": ""52"", ""buy_4th_pre_req_pre"": ""0"", ""buy_5th_pre_bid"": ""-183700"", ""buy_5th_pre_req"": ""5"", ""buy_5th_pre_req_pre"": ""0"", ""buy_6th_pre_bid"": ""-183600"", ""buy_6th_pre_req"": ""13"", ""buy_6th_pre_req_pre"": ""0"", ""buy_7th_pre_bid"": ""-183500"", ""buy_7th_pre_req"": ""10"", ""buy_7th_pre_req_pre"": ""0"", ""buy_8th_pre_bid"": ""-183400"", ""buy_8th_pre_req"": ""14"", ""buy_8th_pre_req_pre"": ""0"", ""buy_9th_pre_bid"": ""-183300"", ""buy_9th_pre_req"": ""82"", ""buy_9th_pre_req_pre"": ""0"", ""buy_10th_pre_bid"": ""-183200"", ""buy_10th_pre_req"": ""3"", ""buy_10th_pre_req_pre"": ""0"", ""tot_sel_req_jub_pre"": ""0"", ""tot_sel_req"": ""2552"", ""tot_buy_req"": ""917"", ""tot_buy_req_jub_pre"": ""+10"", ""ovt_sel_req_pre"": ""0"", ""ovt_sel_req"": ""0"", ""ovt_buy_req"": ""0"", ""ovt_buy_req_pre"": ""0"", ""return_code"": 0, ""return_msg"": ""정상적으로 처리되었습니다""}"
2026-06-10,scan_candidate,307950,,0,main_scan,692000,,692000,691000,692000,696000,0.4335260115606936,0.1445086705202312,,,,,,"{""bid_req_base_tm"": ""110730"", ""sel_10th_pre_req_pre"": ""0"", ""sel_10th_pre_req"": ""3"", ""sel_10th_pre_bid"": ""+702000"", ""sel_9th_pre_req_pre"": ""0"", ""sel_9th_pre_req"": ""27"", ""sel_9th_pre_bid"": ""+700000"", ""sel_8th_pre_req_pre"": ""0"", ""sel_8th_pre_req"": ""10"", ""sel_8th_pre_bid"": ""+699000"", ""sel_7th_pre_req_pre"": ""0"", ""sel_7th_pre_req"": ""71"", ""sel_7th_pre_bid"": ""+698000"", ""sel_6th_pre_req_pre"": ""0"", ""sel_6th_pre_req"": ""15"", ""sel_6th_pre_bid"": ""+697000"", ""sel_5th_pre_req_pre"": ""0"", ""sel_5th_pre_req"": ""41"", ""sel_5th_pre_bid"": ""+696000"", ""sel_4th_pre_req_pre"": ""0"", ""sel_4th_pre_req"": ""20"", ""sel_4th_pre_bid"": ""+695000"", ""sel_3th_pre_req_pre"": ""0"", ""sel_3th_pre_req"": ""19"", ""sel_3th_pre_bid"": ""+694000"", ""sel_2th_pre_req_pre"": ""0"", ""sel_2th_pre_req"": ""170"", ""sel_2th_pre_bid"": ""+693000"", ""sel_1th_pre_req_pre"": ""--1"", ""sel_fpr_req"": ""88"", ""sel_fpr_bid"": ""+692000"", ""buy_fpr_bid"": ""+691000"", ""buy_fpr_req"": ""103"", ""buy_1th_pre_req_pre"": ""0"", ""buy_2th_pre_bid"": ""+690000"", ""buy_2th_pre_req"": ""363"", ""buy_2th_pre_req_pre"": ""0"", ""buy_3th_pre_bid"": ""+689000"", ""buy_3th_pre_req"": ""166"", ""buy_3th_pre_req_pre"": ""0"", ""buy_4th_pre_bid"": ""+688000"", ""buy_4th_pre_req"": ""294"", ""buy_4th_pre_req_pre"": ""0"", ""buy_5th_pre_bid"": ""687000"", ""buy_5th_pre_req"": ""155"", ""buy_5th_pre_req_pre"": ""0"", ""buy_6th_pre_bid"": ""-686000"", ""buy_6th_pre_req"": ""71"", ""buy_6th_pre_req_pre"": ""0"", ""buy_7th_pre_bid"": ""-685000"", ""buy_7th_pre_req"": ""282"", ""buy_7th_pre_req_pre"": ""0"", ""buy_8th_pre_bid"": ""-684000"", ""buy_8th_pre_req"": ""170"", ""buy_8th_pre_req_pre"": ""0"", ""buy_9th_pre_bid"": ""-683000"", ""buy_9th_pre_req"": ""89"", ""buy_9th_pre_req_pre"": ""0"", ""buy_10th_pre_bid"": ""-682000"", ""buy_10th_pre_req"": ""51"", ""buy_10th_pre_req_pre"": ""0"", ""tot_sel_req_jub_pre"": ""--1"", ""tot_sel_req"": ""464"", ""tot_buy_req"": ""1744"", ""tot_buy_req_jub_pre"": ""0"", ""ovt_sel_req_pre"": ""0"", ""ovt_sel_req"": ""0"", ""ovt_buy_req"": ""0"", ""ovt_buy_req_pre"": ""0"", ""return_code"": 0, ""return_msg"": ""정상적으로 처리되었습니다""}"
2026-06-10,scan_candidate,138040,,0,main_scan,109400,,109400,109200,109400,109000,-0.8226691042047531,0.18281535648994515,,,,,,"{""bid_req_base_tm"": ""110730"", ""sel_10th_pre_req_pre"": ""0"", ""sel_10th_pre_req"": ""131"", ""sel_10th_pre_bid"": ""+110400"", ""sel_9th_pre_req_pre"": ""0"", ""sel_9th_pre_req"": ""1566"", ""sel_9th_pre_bid"": ""+110300"", ""sel_8th_pre_req_pre"": ""0"", ""sel_8th_pre_req"": ""521"", ""sel_8th_pre_bid"": ""+110200"", ""sel_7th_pre_req_pre"": ""0"", ""sel_7th_pre_req"": ""5084"", ""sel_7th_pre_bid"": ""+110100"", ""sel_6th_pre_req_pre"": ""0"", ""sel_6th_pre_req"": ""972"", ""sel_6th_pre_bid"": ""+110000"", ""sel_5th_pre_req_pre"": ""0"", ""sel_5th_pre_req"": ""592"", ""sel_5th_pre_bid"": ""+109900"", ""sel_4th_pre_req_pre"": ""0"", ""sel_4th_pre_req"": ""503"", ""sel_4th_pre_bid"": ""+109800"", ""sel_3th_pre_req_pre"": ""0"", ""sel_3th_pre_req"": ""301"", ""sel_3th_pre_bid"": ""+109600"", ""sel_2th_pre_req_pre"": ""0"", ""sel_2th_pre_req"": ""157"", ""sel_2th_pre_bid"": ""+109500"", ""sel_1th_pre_req_pre"": ""+1"", ""sel_fpr_req"": ""180"", ""sel_fpr_bid"": ""+109400"", ""buy_fpr_bid"": ""+109200"", ""buy_fpr_req"": ""176"", ""buy_1th_pre_req_pre"": ""0"", ""buy_2th_pre_bid"": ""109100"", ""buy_2th_pre_req"": ""59"", ""buy_2th_pre_req_pre"": ""0"", ""buy_3th_pre_bid"": ""-108900"", ""buy_3th_pre_req"": ""3"", ""buy_3th_pre_req_pre"": ""0"", ""buy_4th_pre_bid"": ""-108800"", ""buy_4th_pre_req"": ""11"", ""buy_4th_pre_req_pre"": ""0"", ""buy_5th_pre_bid"": ""-108700"", ""buy_5th_pre_req"": ""47"", ""buy_5th_pre_req_pre"": ""0"", ""buy_6th_pre_bid"": ""-108600"", ""buy_6th_pre_req"": ""274"", ""buy_6th_pre_req_pre"": ""0"", ""buy_7th_pre_bid"": ""-108500"", ""buy_7th_pre_req"": ""184"", ""buy_7th_pre_req_pre"": ""0"", ""buy_8th_pre_bid"": ""-108400"", ""buy_8th_pre_req"": ""33"", ""buy_8th_pre_req_pre"": ""0"", ""buy_9th_pre_bid"": ""-108300"", ""buy_9th_pre_req"": ""3"", ""buy_9th_pre_req_pre"": ""0"", ""buy_10th_pre_bid"": ""-108200"", ""buy_10th_pre_req"": ""3"", ""buy_10th_pre_req_pre"": ""0"", ""tot_sel_req_jub_pre"": ""+1"", ""tot_sel_req"": ""10007"", ""tot_buy_req"": ""793"", ""tot_buy_req_jub_pre"": ""0"", ""ovt_sel_req_pre"": ""0"", ""ovt_sel_req"": ""0"", ""ovt_buy_req"": ""0"", ""ovt_buy_req_pre"": ""0"", ""return_code"": 0, ""return_msg"": ""정상적으로 처리되었습니다""}"
2026-06-10,scan_candidate,003550,,0,main_scan,109900,,109900,109800,109900,109000,-1.2738853503184715,0.09099181073703368,,,,,,"{""bid_req_base_tm"": ""110731"", ""sel_10th_pre_req_pre"": ""0"", ""sel_10th_pre_req"": ""107"", ""sel_10th_pre_bid"": ""-110800"", ""sel_9th_pre_req_pre"": ""0"", ""sel_9th_pre_req"": ""1"", ""sel_9th_pre_bid"": ""-110700"", ""sel_8th_pre_req_pre"": ""0"", ""sel_8th_pre_req"": ""1"", ""sel_8th_pre_bid"": ""-110600"", ""sel_7th_pre_req_pre"": ""0"", ""sel_7th_pre_req"": ""21"", ""sel_7th_pre_bid"": ""-110500"", ""sel_6th_pre_req_pre"": ""0"", ""sel_6th_pre_req"": ""139"", ""sel_6th_pre_bid"": ""-110400"", ""sel_5th_pre_req_pre"": ""0"", ""sel_5th_pre_req"": ""99"", ""sel_5th_pre_bid"": ""-110300"", ""sel_4th_pre_req_pre"": ""0"", ""sel_4th_pre_req"": ""96"", ""sel_4th_pre_bid"": ""-110200"", ""sel_3th_pre_req_pre"": ""0"", ""sel_3th_pre_req"": ""28"", ""sel_3th_pre_bid"": ""-110100"", ""sel_2th_pre_req_pre"": ""0"", ""sel_2th_pre_req"": ""342"", ""sel_2th_pre_bid"": ""-110000"", ""sel_1th_pre_req_pre"": ""0"", ""sel_fpr_req"": ""686"", ""sel_fpr_bid"": ""-109900"", ""buy_fpr_bid"": ""-109800"", ""buy_fpr_req"": ""105"", ""buy_1th_pre_req_pre"": ""--22"", ""buy_2th_pre_bid"": ""-109700"", ""buy_2th_pre_req"": ""129"", ""buy_2th_pre_req_pre"": ""0"", ""buy_3th_pre_bid"": ""-109600"", ""buy_3th_pre_req"": ""159"", ""buy_3th_pre_req_pre"": ""0"", ""buy_4th_pre_bid"": ""-109500"", ""buy_4th_pre_req"": ""20"", ""buy_4th_pre_req_pre"": ""0"", ""buy_5th_pre_bid"": ""-109400"", ""buy_5th_pre_req"": ""4"", ""buy_5th_pre_req_pre"": ""0"", ""buy_6th_pre_bid"": ""-109300"", ""buy_6th_pre_req"": ""7"", ""buy_6th_pre_req_pre"": ""0"", ""buy_7th_pre_bid"": ""-109200"", ""buy_7th_pre_req"": ""48"", ""buy_7th_pre_req_pre"": ""0"", ""buy_8th_pre_bid"": ""-109100"", ""buy_8th_pre_req"": ""372"", ""buy_8th_pre_req_pre"": ""0"", ""buy_9th_pre_bid"": ""-109000"", ""buy_9th_pre_req"": ""18"", ""buy_9th_pre_req_pre"": ""0"", ""buy_10th_pre_bid"": ""-108900"", ""buy_10th_pre_req"": ""29"", ""buy_10th_pre_req_pre"": ""0"", ""tot_sel_req_jub_pre"": ""0"", ""tot_sel_req"": ""1520"", ""tot_buy_req"": ""891"", ""tot_buy_req_jub_pre"": ""--22"", ""ovt_sel_req_pre"": ""0"", ""ovt_sel_req"": ""0"", ""ovt_buy_req"": ""0"", ""ovt_buy_req_pre"": ""0"", ""return_code"": 0, ""return_msg"": ""정상적으로 처리되었습니다""}"
2026-06-10,scan_candidate,024110,,0,main_scan,21050,,21050,21000,21050,20800,-1.4251781472684086,0.23752969121140144,,,,,,"{""bid_req_base_tm"": ""110730"", ""sel_10th_pre_req_pre"": ""0"", ""sel_10th_pre_req"": ""46578"", ""sel_10th_pre_bid"": ""+21500"", ""sel_9th_pre_req_pre"": ""0"", ""sel_9th_pre_req"": ""2227"", ""sel_9th_pre_bid"": ""+21450"", ""sel_8th_pre_req_pre"": ""0"", ""sel_8th_pre_req"": ""11001"", ""sel_8th_pre_bid"": ""+21400"", ""sel_7th_pre_req_pre"": ""0"", ""sel_7th_pre_req"": ""4347"", ""sel_7th_pre_bid"": ""+21350"", ""sel_6th_pre_req_pre"": ""0"", ""sel_6th_pre_req"": ""13879"", ""sel_6th_pre_bid"": ""+21300"", ""sel_5th_pre_req_pre"": ""0"", ""sel_5th_pre_req"": ""6132"", ""sel_5th_pre_bid"": ""+21250"", ""sel_4th_pre_req_pre"": ""0"", ""sel_4th_pre_req"": ""17754"", ""sel_4th_pre_bid"": ""+21200"", ""sel_3th_pre_req_pre"": ""0"", ""sel_3th_pre_req"": ""20310"", ""sel_3th_pre_bid"": ""+21150"", ""sel_2th_pre_req_pre"": ""0"", ""sel_2th_pre_req"": ""15008"", ""sel_2th_pre_bid"": ""+21100"", ""sel_1th_pre_req_pre"": ""0"", ""sel_fpr_req"": ""11715"", ""sel_fpr_bid"": ""+21050"", ""buy_fpr_bid"": ""+21000"", ""buy_fpr_req"": ""593"", ""buy_1th_pre_req_pre"": ""--62"", ""buy_2th_pre_bid"": ""+20950"", ""buy_2th_pre_req"": ""291"", ""buy_2th_pre_req_pre"": ""0"", ""buy_3th_pre_bid"": ""+20900"", ""buy_3th_pre_req"": ""2299"", ""buy_3th_pre_req_pre"": ""0"", ""buy_4th_pre_bid"": ""+20850"", ""buy_4th_pre_req"": ""3145"", ""buy_4th_pre_req_pre"": ""0"", ""buy_5th_pre_bid"": ""+20800"", ""buy_5th_pre_req"": ""2265"", ""buy_5th_pre_req_pre"": ""0"", ""buy_6th_pre_bid"": ""+20750"", ""buy_6th_pre_req"": ""1219"", ""buy_6th_pre_req_pre"": ""0"", ""buy_7th_pre_bid"": ""+20700"", ""buy_7th_pre_req"": ""2231"", ""buy_7th_pre_req_pre"": ""0"", ""buy_8th_pre_bid"": ""+20650"", ""buy_8th_pre_req"": ""2043"", ""buy_8th_pre_req_pre"": ""0"", ""buy_9th_pre_bid"": ""+20600"", ""buy_9th_pre_req"": ""3714"", ""buy_9th_pre_req_pre"": ""0"", ""buy_10th_pre_bid"": ""20550"", ""buy_10th_pre_req"": ""2687"", ""buy_10th_pre_req_pre"": ""0"", ""tot_sel_req_jub_pre"": ""0"", ""tot_sel_req"": ""148951"", ""tot_buy_req"": ""20487"", ""tot_buy_req_jub_pre"": ""--62"", ""ovt_sel_req_pre"": ""0"", ""ovt_sel_req"": ""0"", ""ovt_buy_req"": ""0"", ""ovt_buy_req_pre"": ""0"", ""return_code"": 0, ""return_msg"": ""정상적으로 처리되었습니다""}"
2026-06-10,scan_candidate,079550,,0,main_scan,772000,,772000,771000,772000,770000,-0.38860103626943004,0.1295336787564767,,,,,,"{""bid_req_base_tm"": ""110729"", ""sel_10th_pre_req_pre"": ""0"", ""sel_10th_pre_req"": ""7"", ""sel_10th_pre_bid"": ""+781000"", ""sel_9th_pre_req_pre"": ""0"", ""sel_9th_pre_req"": ""63"", ""sel_9th_pre_bid"": ""+780000"", ""sel_8th_pre_req_pre"": ""0"", ""sel_8th_pre_req"": ""34"", ""sel_8th_pre_bid"": ""+779000"", ""sel_7th_pre_req_pre"": ""0"", ""sel_7th_pre_req"": ""117"", ""sel_7th_pre_bid"": ""+778000"", ""sel_6th_pre_req_pre"": ""0"", ""sel_6th_pre_req"": ""38"", ""sel_6th_pre_bid"": ""+777000"", ""sel_5th_pre_req_pre"": ""0"", ""sel_5th_pre_req"": ""189"", ""sel_5th_pre_bid"": ""+776000"", ""sel_4th_pre_req_pre"": ""0"", ""sel_4th_pre_req"": ""126"", ""sel_4th_pre_bid"": ""+775000"", ""sel_3th_pre_req_pre"": ""0"", ""sel_3th_pre_req"": ""55"", ""sel_3th_pre_bid"": ""+774000"", ""sel_2th_pre_req_pre"": ""0"", ""sel_2th_pre_req"": ""8"", ""sel_2th_pre_bid"": ""+773000"", ""sel_1th_pre_req_pre"": ""+50"", ""sel_fpr_req"": ""202"", ""sel_fpr_bid"": ""+772000"", ""buy_fpr_bid"": ""+771000"", ""buy_fpr_req"": ""45"", ""buy_1th_pre_req_pre"": ""0"", ""buy_2th_pre_bid"": ""+770000"", ""buy_2th_pre_req"": ""6"", ""buy_2th_pre_req_pre"": ""0"", ""buy_3th_pre_bid"": ""+769000"", ""buy_3th_pre_req"": ""14"", ""buy_3th_pre_req_pre"": ""0"", ""buy_4th_pre_bid"": ""+768000"", ""buy_4th_pre_req"": ""258"", ""buy_4th_pre_req_pre"": ""0"", ""buy_5th_pre_bid"": ""+767000"", ""buy_5th_pre_req"": ""48"", ""buy_5th_pre_req_pre"": ""0"", ""buy_6th_pre_bid"": ""+766000"", ""buy_6th_pre_req"": ""17"", ""buy_6th_pre_req_pre"": ""0"", ""buy_7th_pre_bid"": ""+765000"", ""buy_7th_pre_req"": ""86"", ""buy_7th_pre_req_pre"": ""0"", ""buy_8th_pre_bid"": ""+764000"", ""buy_8th_pre_req"": ""54"", ""buy_8th_pre_req_pre"": ""0"", ""buy_9th_pre_bid"": ""+763000"", ""buy_9th_pre_req"": ""39"", ""buy_9th_pre_req_pre"": ""0"", ""buy_10th_pre_bid"": ""+762000"", ""buy_10th_pre_req"": ""73"", ""buy_10th_pre_req_pre"": ""0"", ""tot_sel_req_jub_pre"": ""+50"", ""tot_sel_req"": ""839"", ""tot_buy_req"": ""640"", ""tot_buy_req_jub_pre"": ""0"", ""ovt_sel_req_pre"": ""0"", ""ovt_sel_req"": ""0"", ""ovt_buy_req"": ""0"", ""ovt_buy_req_pre"": ""0"", ""return_code"": 0, ""return_msg"": ""정상적으로 처리되었습니다""}"
2026-06-10,scan_candidate,278470,,0,main_scan,421500,,421500,421000,421500,419000,-0.7117437722419928,0.11862396204033215,,,,,,"{""bid_req_base_tm"": ""110731"", ""sel_10th_pre_req_pre"": ""0"", ""sel_10th_pre_req"": ""238"", ""sel_10th_pre_bid"": ""+426000"", ""sel_9th_pre_req_pre"": ""0"", ""sel_9th_pre_req"": ""346"", ""sel_9th_pre_bid"": ""+425500"", ""sel_8th_pre_req_pre"": ""0"", ""sel_8th_pre_req"": ""1760"", ""sel_8th_pre_bid"": ""+425000"", ""sel_7th_pre_req_pre"": ""0"", ""sel_7th_pre_req"": ""585"", ""sel_7th_pre_bid"": ""+424500"", ""sel_6th_pre_req_pre"": ""0"", ""sel_6th_pre_req"": ""519"", ""sel_6th_pre_bid"": ""+424000"", ""sel_5th_pre_req_pre"": ""0"", ""sel_5th_pre_req"": ""217"", ""sel_5th_pre_bid"": ""+423500"", ""sel_4th_pre_req_pre"": ""0"", ""sel_4th_pre_req"": ""812"", ""sel_4th_pre_bid"": ""+423000"", ""sel_3th_pre_req_pre"": ""0"", ""sel_3th_pre_req"": ""490"", ""sel_3th_pre_bid"": ""+422500"", ""sel_2th_pre_req_pre"": ""0"", ""sel_2th_pre_req"": ""478"", ""sel_2th_pre_bid"": ""+422000"", ""sel_1th_pre_req_pre"": ""--1"", ""sel_fpr_req"": ""53"", ""sel_fpr_bid"": ""+421500"", ""buy_fpr_bid"": ""+421000"", ""buy_fpr_req"": ""72"", ""buy_1th_pre_req_pre"": ""0"", ""buy_2th_pre_bid"": ""+420500"", ""buy_2th_pre_req"": ""55"", ""buy_2th_pre_req_pre"": ""0"", ""buy_3th_pre_bid"": ""+420000"", ""buy_3th_pre_req"": ""38"", ""buy_3th_pre_req_pre"": ""0"", ""buy_4th_pre_bid"": ""+419500"", ""buy_4th_pre_req"": ""101"", ""buy_4th_pre_req_pre"": ""--1"", ""buy_5th_pre_bid"": ""+419000"", ""buy_5th_pre_req"": ""7"", ""buy_5th_pre_req_pre"": ""0"", ""buy_6th_pre_bid"": ""+418500"", ""buy_6th_pre_req"": ""71"", ""buy_6th_pre_req_pre"": ""0"", ""buy_7th_pre_bid"": ""+418000"", ""buy_7th_pre_req"": ""34"", ""buy_7th_pre_req_pre"": ""0"", ""buy_8th_pre_bid"": ""+417500"", ""buy_8th_pre_req"": ""3"", ""buy_8th_pre_req_pre"": ""0"", ""buy_9th_pre_bid"": ""+417000"", ""buy_9th_pre_req"": ""45"", ""buy_9th_pre_req_pre"": ""0"", ""buy_10th_pre_bid"": ""+416500"", ""buy_10th_pre_req"": ""48"", ""buy_10th_pre_req_pre"": ""0"", ""tot_sel_req_jub_pre"": ""--1"", ""tot_sel_req"": ""5498"", ""tot_buy_req"": ""474"", ""tot_buy_req_jub_pre"": ""--1"", ""ovt_sel_req_pre"": ""0"", ""ovt_sel_req"": ""0"", ""ovt_buy_req"": ""0"", ""ovt_buy_req_pre"": ""0"", ""return_code"": 0, ""return_msg"": ""정상적으로 처리되었습니다""}"
2026-06-10,scan_candidate,030200,,0,main_scan,55100,,55100,55000,55100,54800,-0.7259528130671506,0.18148820326678766,,,,,,"{""bid_req_base_tm"": ""110731"", ""sel_10th_pre_req_pre"": ""0"", ""sel_10th_pre_req"": ""4325"", ""sel_10th_pre_bid"": ""+56000"", ""sel_9th_pre_req_pre"": ""0"", ""sel_9th_pre_req"": ""1804"", ""sel_9th_pre_bid"": ""+55900"", ""sel_8th_pre_req_pre"": ""0"", ""sel_8th_pre_req"": ""1757"", ""sel_8th_pre_bid"": ""+55800"", ""sel_7th_pre_req_pre"": ""0"", ""sel_7th_pre_req"": ""1047"", ""sel_7th_pre_bid"": ""+55700"", ""sel_6th_pre_req_pre"": ""0"", ""sel_6th_pre_req"": ""763"", ""sel_6th_pre_bid"": ""+55600"", ""sel_5th_pre_req_pre"": ""0"", ""sel_5th_pre_req"": ""1982"", ""sel_5th_pre_bid"": ""+55500"", ""sel_4th_pre_req_pre"": ""0"", ""sel_4th_pre_req"": ""1359"", ""sel_4th_pre_bid"": ""+55400"", ""sel_3th_pre_req_pre"": ""0"", ""sel_3th_pre_req"": ""2182"", ""sel_3th_pre_bid"": ""+55300"", ""sel_2th_pre_req_pre"": ""0"", ""sel_2th_pre_req"": ""1125"", ""sel_2th_pre_bid"": ""+55200"", ""sel_1th_pre_req_pre"": ""+10"", ""sel_fpr_req"": ""83"", ""sel_fpr_bid"": ""+55100"", ""buy_fpr_bid"": ""+55000"", ""buy_fpr_req"": ""225"", ""buy_1th_pre_req_pre"": ""0"", ""buy_2th_pre_bid"": ""+54900"", ""buy_2th_pre_req"": ""143"", ""buy_2th_pre_req_pre"": ""0"", ""buy_3th_pre_bid"": ""+54800"", ""buy_3th_pre_req"": ""971"", ""buy_3th_pre_req_pre"": ""0"", ""buy_4th_pre_bid"": ""+54700"", ""buy_4th_pre_req"": ""1427"", ""buy_4th_pre_req_pre"": ""0"", ""buy_5th_pre_bid"": ""+54600"", ""buy_5th_pre_req"": ""243"", ""buy_5th_pre_req_pre"": ""0"", ""buy_6th_pre_bid"": ""+54500"", ""buy_6th_pre_req"": ""135"", ""buy_6th_pre_req_pre"": ""0"", ""buy_7th_pre_bid"": ""+54400"", ""buy_7th_pre_req"": ""450"", ""buy_7th_pre_req_pre"": ""0"", ""buy_8th_pre_bid"": ""+54300"", ""buy_8th_pre_req"": ""916"", ""buy_8th_pre_req_pre"": ""0"", ""buy_9th_pre_bid"": ""+54200"", ""buy_9th_pre_req"": ""1874"", ""buy_9th_pre_req_pre"": ""0"", ""buy_10th_pre_bid"": ""+54100"", ""buy_10th_pre_req"": ""502"", ""buy_10th_pre_req_pre"": ""0"", ""tot_sel_req_jub_pre"": ""+10"", ""tot_sel_req"": ""16427"", ""tot_buy_req"": ""6886"", ""tot_buy_req_jub_pre"": ""0"", ""ovt_sel_req_pre"": ""0"", ""ovt_sel_req"": ""0"", ""ovt_buy_req"": ""0"", ""ovt_buy_req_pre"": ""0"", ""return_code"": 0, ""return_msg"": ""정상적으로 처리되었습니다""}"
2026-06-10,scan_candidate,010950,,0,main_scan,112500,,112500,112400,112500,112000,-0.8888888888888888,0.08888888888888889,,,,,,"{""bid_req_base_tm"": ""110731"", ""sel_10th_pre_req_pre"": ""0"", ""sel_10th_pre_req"": ""63"", ""sel_10th_pre_bid"": ""+113400"", ""sel_9th_pre_req_pre"": ""0"", ""sel_9th_pre_req"": ""19"", ""sel_9th_pre_bid"": ""+113300"", ""sel_8th_pre_req_pre"": ""0"", ""sel_8th_pre_req"": ""10"", ""sel_8th_pre_bid"": ""+113200"", ""sel_7th_pre_req_pre"": ""0"", ""sel_7th_pre_req"": ""28"", ""sel_7th_pre_bid"": ""+113100"", ""sel_6th_pre_req_pre"": ""0"", ""sel_6th_pre_req"": ""577"", ""sel_6th_pre_bid"": ""+113000"", ""sel_5th_pre_req_pre"": ""0"", ""sel_5th_pre_req"": ""133"", ""sel_5th_pre_bid"": ""+112900"", ""sel_4th_pre_req_pre"": ""0"", ""sel_4th_pre_req"": ""33"", ""sel_4th_pre_bid"": ""+112800"", ""sel_3th_pre_req_pre"": ""0"", ""sel_3th_pre_req"": ""600"", ""sel_3th_pre_bid"": ""+112700"", ""sel_2th_pre_req_pre"": ""0"", ""sel_2th_pre_req"": ""524"", ""sel_2th_pre_bid"": ""+112600"", ""sel_1th_pre_req_pre"": ""+60"", ""sel_fpr_req"": ""69"", ""sel_fpr_bid"": ""+112500"", ""buy_fpr_bid"": ""+112400"", ""buy_fpr_req"": ""134"", ""buy_1th_pre_req_pre"": ""0"", ""buy_2th_pre_bid"": ""+112300"", ""buy_2th_pre_req"": ""194"", ""buy_2th_pre_req_pre"": ""0"", ""buy_3th_pre_bid"": ""+112100"", ""buy_3th_pre_req"": ""299"", ""buy_3th_pre_req_pre"": ""0"", ""buy_4th_pre_bid"": ""+112000"", ""buy_4th_pre_req"": ""19"", ""buy_4th_pre_req_pre"": ""0"", ""buy_5th_pre_bid"": ""+111900"", ""buy_5th_pre_req"": ""320"", ""buy_5th_pre_req_pre"": ""0"", ""buy_6th_pre_bid"": ""+111800"", ""buy_6th_pre_req"": ""1"", ""buy_6th_pre_req_pre"": ""0"", ""buy_7th_pre_bid"": ""+111700"", ""buy_7th_pre_req"": ""150"", ""buy_7th_pre_req_pre"": ""0"", ""buy_8th_pre_bid"": ""+111600"", ""buy_8th_pre_req"": ""300"", ""buy_8th_pre_req_pre"": ""0"", ""buy_9th_pre_bid"": ""+111400"", ""buy_9th_pre_req"": ""4"", ""buy_9th_pre_req_pre"": ""0"", ""buy_10th_pre_bid"": ""+111300"", ""buy_10th_pre_req"": ""20"", ""buy_10th_pre_req_pre"": ""0"", ""tot_sel_req_jub_pre"": ""+60"", ""tot_sel_req"": ""2056"", ""tot_buy_req"": ""1441"", ""tot_buy_req_jub_pre"": ""0"", ""ovt_sel_req_pre"": ""0"", ""ovt_sel_req"": ""0"", ""ovt_buy_req"": ""0"", ""ovt_buy_req_pre"": ""0"", ""return_code"": 0, ""return_msg"": ""정상적으로 처리되었습니다""}"
2026-06-10,scan_candidate,323410,,0,main_scan,24500,,24500,24450,24500,24350,-0.8163265306122449,0.20408163265306123,,,,,,"{""bid_req_base_tm"": ""110731"", ""sel_10th_pre_req_pre"": ""0"", ""sel_10th_pre_req"": ""11409"", ""sel_10th_pre_bid"": ""+24950"", ""sel_9th_pre_req_pre"": ""0"", ""sel_9th_pre_req"": ""6350"", ""sel_9th_pre_bid"": ""+24900"", ""sel_8th_pre_req_pre"": ""0"", ""sel_8th_pre_req"": ""7715"", ""sel_8th_pre_bid"": ""+24850"", ""sel_7th_pre_req_pre"": ""0"", ""sel_7th_pre_req"": ""13977"", ""sel_7th_pre_bid"": ""+24800"", ""sel_6th_pre_req_pre"": ""0"", ""sel_6th_pre_req"": ""11803"", ""sel_6th_pre_bid"": ""+24750"", ""sel_5th_pre_req_pre"": ""0"", ""sel_5th_pre_req"": ""7128"", ""sel_5th_pre_bid"": ""+24700"", ""sel_4th_pre_req_pre"": ""0"", ""sel_4th_pre_req"": ""2436"", ""sel_4th_pre_bid"": ""+24650"", ""sel_3th_pre_req_pre"": ""0"", ""sel_3th_pre_req"": ""3676"", ""sel_3th_pre_bid"": ""+24600"", ""sel_2th_pre_req_pre"": ""0"", ""sel_2th_pre_req"": ""1868"", ""sel_2th_pre_bid"": ""+24550"", ""sel_1th_pre_req_pre"": ""--1"", ""sel_fpr_req"": ""786"", ""sel_fpr_bid"": ""+24500"", ""buy_fpr_bid"": ""+24450"", ""buy_fpr_req"": ""4735"", ""buy_1th_pre_req_pre"": ""0"", ""buy_2th_pre_bid"": ""24400"", ""buy_2th_pre_req"": ""7097"", ""buy_2th_pre_req_pre"": ""0"", ""buy_3th_pre_bid"": ""-24350"", ""buy_3th_pre_req"": ""2110"", ""buy_3th_pre_req_pre"": ""0"", ""buy_4th_pre_bid"": ""-24300"", ""buy_4th_pre_req"": ""1455"", ""buy_4th_pre_req_pre"": ""0"", ""buy_5th_pre_bid"": ""-24250"", ""buy_5th_pre_req"": ""1664"", ""buy_5th_pre_req_pre"": ""0"", ""buy_6th_pre_bid"": ""-24200"", ""buy_6th_pre_req"": ""874"", ""buy_6th_pre_req_pre"": ""0"", ""buy_7th_pre_bid"": ""-24150"", ""buy_7th_pre_req"": ""1288"", ""buy_7th_pre_req_pre"": ""0"", ""buy_8th_pre_bid"": ""-24100"", ""buy_8th_pre_req"": ""1094"", ""buy_8th_pre_req_pre"": ""0"", ""buy_9th_pre_bid"": ""-24050"", ""buy_9th_pre_req"": ""1535"", ""buy_9th_pre_req_pre"": ""0"", ""buy_10th_pre_bid"": ""-24000"", ""buy_10th_pre_req"": ""1314"", ""buy_10th_pre_req_pre"": ""0"", ""tot_sel_req_jub_pre"": ""--1"", ""tot_sel_req"": ""67148"", ""tot_buy_req"": ""23166"", ""tot_buy_req_jub_pre"": ""0"", ""ovt_sel_req_pre"": ""0"", ""ovt_sel_req"": ""0"", ""ovt_buy_req"": ""0"", ""ovt_buy_req_pre"": ""0"", ""return_code"": 0, ""return_msg"": ""정상적으로 처리되었습니다""}"
2026-06-10,scan_candidate,005940,,0,main_scan,30750,,30750,30700,30750,30950,0.4878048780487805,0.16260162601626016,,,,,,"{""bid_req_base_tm"": ""110730"", ""sel_10th_pre_req_pre"": ""0"", ""sel_10th_pre_req"": ""448"", ""sel_10th_pre_bid"": ""31250"", ""sel_9th_pre_req_pre"": ""0"", ""sel_9th_pre_req"": ""697"", ""sel_9th_pre_bid"": ""-31200"", ""sel_8th_pre_req_pre"": ""0"", ""sel_8th_pre_req"": ""15"", ""sel_8th_pre_bid"": ""-31150"", ""sel_7th_pre_req_pre"": ""0"", ""sel_7th_pre_req"": ""50"", ""sel_7th_pre_bid"": ""-31100"", ""sel_6th_pre_req_pre"": ""0"", ""sel_6th_pre_req"": ""116"", ""sel_6th_pre_bid"": ""-31050"", ""sel_5th_pre_req_pre"": ""0"", ""sel_5th_pre_req"": ""212"", ""sel_5th_pre_bid"": ""-30950"", ""sel_4th_pre_req_pre"": ""0"", ""sel_4th_pre_req"": ""480"", ""sel_4th_pre_bid"": ""-30900"", ""sel_3th_pre_req_pre"": ""0"", ""sel_3th_pre_req"": ""442"", ""sel_3th_pre_bid"": ""-30850"", ""sel_2th_pre_req_pre"": ""0"", ""sel_2th_pre_req"": ""288"", ""sel_2th_pre_bid"": ""-30800"", ""sel_1th_pre_req_pre"": ""0"", ""sel_fpr_req"": ""326"", ""sel_fpr_bid"": ""-30750"", ""buy_fpr_bid"": ""-30700"", ""buy_fpr_req"": ""3180"", ""buy_1th_pre_req_pre"": ""--46"", ""buy_2th_pre_bid"": ""-30650"", ""buy_2th_pre_req"": ""681"", ""buy_2th_pre_req_pre"": ""0"", ""buy_3th_pre_bid"": ""-30600"", ""buy_3th_pre_req"": ""380"", ""buy_3th_pre_req_pre"": ""0"", ""buy_4th_pre_bid"": ""-30550"", ""buy_4th_pre_req"": ""402"", ""buy_4th_pre_req_pre"": ""0"", ""buy_5th_pre_bid"": ""-30500"", ""buy_5th_pre_req"": ""2225"", ""buy_5th_pre_req_pre"": ""0"", ""buy_6th_pre_bid"": ""-30450"", ""buy_6th_pre_req"": ""1426"", ""buy_6th_pre_req_pre"": ""0"", ""buy_7th_pre_bid"": ""-30400"", ""buy_7th_pre_req"": ""624"", ""buy_7th_pre_req_pre"": ""0"", ""buy_8th_pre_bid"": ""-30350"", ""buy_8th_pre_req"": ""922"", ""buy_8th_pre_req_pre"": ""0"", ""buy_9th_pre_bid"": ""-30300"", ""buy_9th_pre_req"": ""3016"", ""buy_9th_pre_req_pre"": ""0"", ""buy_10th_pre_bid"": ""-30250"", ""buy_10th_pre_req"": ""220"", ""buy_10th_pre_req_pre"": ""0"", ""tot_sel_req_jub_pre"": ""0"", ""tot_sel_req"": ""3074"", ""tot_buy_req"": ""13076"", ""tot_buy_req_jub_pre"": ""--46"", ""ovt_sel_req_pre"": ""0"", ""ovt_sel_req"": ""0"", ""ovt_buy_req"": ""0"", ""ovt_buy_req_pre"": ""0"", ""return_code"": 0, ""return_msg"": ""정상적으로 처리되었습니다""}"
2026-06-10,scan_candidate,064400,,0,main_scan,95800,,95800,95700,95800,96100,0.20876826722338201,0.10438413361169101,,,,,,"{""bid_req_base_tm"": ""110732"", ""sel_10th_pre_req_pre"": ""0"", ""sel_10th_pre_req"": ""378"", ""sel_10th_pre_bid"": ""-96700"", ""sel_9th_pre_req_pre"": ""0"", ""sel_9th_pre_req"": ""252"", ""sel_9th_pre_bid"": ""-96600"", ""sel_8th_pre_req_pre"": ""0"", ""sel_8th_pre_req"": ""768"", ""sel_8th_pre_bid"": ""-96500"", ""sel_7th_pre_req_pre"": ""0"", ""sel_7th_pre_req"": ""258"", ""sel_7th_pre_bid"": ""-96400"", ""sel_6th_pre_req_pre"": ""0"", ""sel_6th_pre_req"": ""259"", ""sel_6th_pre_bid"": ""-96300"", ""sel_5th_pre_req_pre"": ""0"", ""sel_5th_pre_req"": ""121"", ""sel_5th_pre_bid"": ""-96200"", ""sel_4th_pre_req_pre"": ""0"", ""sel_4th_pre_req"": ""385"", ""sel_4th_pre_bid"": ""-96100"", ""sel_3th_pre_req_pre"": ""0"", ""sel_3th_pre_req"": ""359"", ""sel_3th_pre_bid"": ""-96000"", ""sel_2th_pre_req_pre"": ""0"", ""sel_2th_pre_req"": ""258"", ""sel_2th_pre_bid"": ""-95900"", ""sel_1th_pre_req_pre"": ""0"", ""sel_fpr_req"": ""317"", ""sel_fpr_bid"": ""-95800"", ""buy_fpr_bid"": ""-95700"", ""buy_fpr_req"": ""4"", ""buy_1th_pre_req_pre"": ""--1"", ""buy_2th_pre_bid"": ""-95600"", ""buy_2th_pre_req"": ""1181"", ""buy_2th_pre_req_pre"": ""0"", ""buy_3th_pre_bid"": ""-95500"", ""buy_3th_pre_req"": ""2396"", ""buy_3th_pre_req_pre"": ""0"", ""buy_4th_pre_bid"": ""-95400"", ""buy_4th_pre_req"": ""1418"", ""buy_4th_pre_req_pre"": ""0"", ""buy_5th_pre_bid"": ""-95300"", ""buy_5th_pre_req"": ""2340"", ""buy_5th_pre_req_pre"": ""0"", ""buy_6th_pre_bid"": ""-95200"", ""buy_6th_pre_req"": ""2927"", ""buy_6th_pre_req_pre"": ""0"", ""buy_7th_pre_bid"": ""-95100"", ""buy_7th_pre_req"": ""3852"", ""buy_7th_pre_req_pre"": ""0"", ""buy_8th_pre_bid"": ""-95000"", ""buy_8th_pre_req"": ""7084"", ""buy_8th_pre_req_pre"": ""0"", ""buy_9th_pre_bid"": ""-94900"", ""buy_9th_pre_req"": ""769"", ""buy_9th_pre_req_pre"": ""0"", ""buy_10th_pre_bid"": ""-94800"", ""buy_10th_pre_req"": ""1472"", ""buy_10th_pre_req_pre"": ""0"", ""tot_sel_req_jub_pre"": ""0"", ""tot_sel_req"": ""3355"", ""tot_buy_req"": ""23443"", ""tot_buy_req_jub_pre"": ""--1"", ""ovt_sel_req_pre"": ""0"", ""ovt_sel_req"": ""0"", ""ovt_buy_req"": ""0"", ""ovt_buy_req_pre"": ""0"", ""return_code"": 0, ""return_msg"": ""정상적으로 처리되었습니다""}"
2026-06-10,scan_candidate,003490,,0,main_scan,25650,,25650,25600,25650,25450,-0.9746588693957114,0.1949317738791423,,,,,,"{""bid_req_base_tm"": ""110732"", ""sel_10th_pre_req_pre"": ""0"", ""sel_10th_pre_req"": ""16541"", ""sel_10th_pre_bid"": ""+26100"", ""sel_9th_pre_req_pre"": ""0"", ""sel_9th_pre_req"": ""5355"", ""sel_9th_pre_bid"": ""+26050"", ""sel_8th_pre_req_pre"": ""0"", ""sel_8th_pre_req"": ""49120"", ""sel_8th_pre_bid"": ""+26000"", ""sel_7th_pre_req_pre"": ""0"", ""sel_7th_pre_req"": ""15312"", ""sel_7th_pre_bid"": ""+25950"", ""sel_6th_pre_req_pre"": ""0"", ""sel_6th_pre_req"": ""16704"", ""sel_6th_pre_bid"": ""+25900"", ""sel_5th_pre_req_pre"": ""0"", ""sel_5th_pre_req"": ""12198"", ""sel_5th_pre_bid"": ""+25850"", ""sel_4th_pre_req_pre"": ""0"", ""sel_4th_pre_req"": ""49924"", ""sel_4th_pre_bid"": ""+25800"", ""sel_3th_pre_req_pre"": ""0"", ""sel_3th_pre_req"": ""11617"", ""sel_3th_pre_bid"": ""+25750"", ""sel_2th_pre_req_pre"": ""0"", ""sel_2th_pre_req"": ""4114"", ""sel_2th_pre_bid"": ""+25700"", ""sel_1th_pre_req_pre"": ""0"", ""sel_fpr_req"": ""3999"", ""sel_fpr_bid"": ""+25650"", ""buy_fpr_bid"": ""+25600"", ""buy_fpr_req"": ""2661"", ""buy_1th_pre_req_pre"": ""0"", ""buy_2th_pre_bid"": ""+25550"", ""buy_2th_pre_req"": ""445"", ""buy_2th_pre_req_pre"": ""0"", ""buy_3th_pre_bid"": ""+25500"", ""buy_3th_pre_req"": ""7107"", ""buy_3th_pre_req_pre"": ""0"", ""buy_4th_pre_bid"": ""+25450"", ""buy_4th_pre_req"": ""3638"", ""buy_4th_pre_req_pre"": ""0"", ""buy_5th_pre_bid"": ""+25400"", ""buy_5th_pre_req"": ""2478"", ""buy_5th_pre_req_pre"": ""0"", ""buy_6th_pre_bid"": ""+25350"", ""buy_6th_pre_req"": ""2440"", ""buy_6th_pre_req_pre"": ""0"", ""buy_7th_pre_bid"": ""+25300"", ""buy_7th_pre_req"": ""3673"", ""buy_7th_pre_req_pre"": ""0"", ""buy_8th_pre_bid"": ""+25250"", ""buy_8th_pre_req"": ""4860"", ""buy_8th_pre_req_pre"": ""0"", ""buy_9th_pre_bid"": ""+25200"", ""buy_9th_pre_req"": ""7334"", ""buy_9th_pre_req_pre"": ""0"", ""buy_10th_pre_bid"": ""+25150"", ""buy_10th_pre_req"": ""1964"", ""buy_10th_pre_req_pre"": ""0"", ""tot_sel_req_jub_pre"": ""0"", ""tot_sel_req"": ""184884"", ""tot_buy_req"": ""36600"", ""tot_buy_req_jub_pre"": ""0"", ""ovt_sel_req_pre"": ""0"", ""ovt_sel_req"": ""0"", ""ovt_buy_req"": ""0"", ""ovt_buy_req_pre"": ""0"", ""return_code"": 0, ""return_msg"": ""정상적으로 처리되었습니다""}"
2026-06-10,scan_candidate,161390,,0,main_scan,70900,,70900,70800,70900,71300,0.4231311706629055,0.14104372355430184,,,,,,"{""bid_req_base_tm"": ""110730"", ""sel_10th_pre_req_pre"": ""0"", ""sel_10th_pre_req"": ""130"", ""sel_10th_pre_bid"": ""-71800"", ""sel_9th_pre_req_pre"": ""0"", ""sel_9th_pre_req"": ""11"", ""sel_9th_pre_bid"": ""-71700"", ""sel_8th_pre_req_pre"": ""0"", ""sel_8th_pre_req"": ""18"", ""sel_8th_pre_bid"": ""-71600"", ""sel_7th_pre_req_pre"": ""0"", ""sel_7th_pre_req"": ""72"", ""sel_7th_pre_bid"": ""-71500"", ""sel_6th_pre_req_pre"": ""0"", ""sel_6th_pre_req"": ""15"", ""sel_6th_pre_bid"": ""-71400"", ""sel_5th_pre_req_pre"": ""0"", ""sel_5th_pre_req"": ""42"", ""sel_5th_pre_bid"": ""-71300"", ""sel_4th_pre_req_pre"": ""0"", ""sel_4th_pre_req"": ""58"", ""sel_4th_pre_bid"": ""-71200"", ""sel_3th_pre_req_pre"": ""0"", ""sel_3th_pre_req"": ""236"", ""sel_3th_pre_bid"": ""-71100"", ""sel_2th_pre_req_pre"": ""0"", ""sel_2th_pre_req"": ""405"", ""sel_2th_pre_bid"": ""-71000"", ""sel_1th_pre_req_pre"": ""0"", ""sel_fpr_req"": ""1887"", ""sel_fpr_bid"": ""-70900"", ""buy_fpr_bid"": ""-70800"", ""buy_fpr_req"": ""3992"", ""buy_1th_pre_req_pre"": ""+110"", ""buy_2th_pre_bid"": ""-70700"", ""buy_2th_pre_req"": ""433"", ""buy_2th_pre_req_pre"": ""0"", ""buy_3th_pre_bid"": ""-70600"", ""buy_3th_pre_req"": ""26"", ""buy_3th_pre_req_pre"": ""0"", ""buy_4th_pre_bid"": ""-70500"", ""buy_4th_pre_req"": ""177"", ""buy_4th_pre_req_pre"": ""0"", ""buy_5th_pre_bid"": ""-70400"", ""buy_5th_pre_req"": ""286"", ""buy_5th_pre_req_pre"": ""0"", ""buy_6th_pre_bid"": ""-70300"", ""buy_6th_pre_req"": ""253"", ""buy_6th_pre_req_pre"": ""0"", ""buy_7th_pre_bid"": ""-70200"", ""buy_7th_pre_req"": ""235"", ""buy_7th_pre_req_pre"": ""0"", ""buy_8th_pre_bid"": ""-70100"", ""buy_8th_pre_req"": ""216"", ""buy_8th_pre_req_pre"": ""0"", ""buy_9th_pre_bid"": ""-70000"", ""buy_9th_pre_req"": ""378"", ""buy_9th_pre_req_pre"": ""0"", ""buy_10th_pre_bid"": ""-69900"", ""buy_10th_pre_req"": ""135"", ""buy_10th_pre_req_pre"": ""0"", ""tot_sel_req_jub_pre"": ""0"", ""tot_sel_req"": ""2874"", ""tot_buy_req"": ""6131"", ""tot_buy_req_jub_pre"": ""+110"", ""ovt_sel_req_pre"": ""0"", ""ovt_sel_req"": ""0"", ""ovt_buy_req"": ""0"", ""ovt_buy_req_pre"": ""0"", ""return_code"": 0, ""return_msg"": ""정상적으로 처리되었습니다""}"
2026-06-10,scan_candidate,003230,,0,main_scan,1145000,,1145000,1142000,1145000,1138000,-0.6986899563318777,0.26200873362445415,,,,,,"{""bid_req_base_tm"": ""110733"", ""sel_10th_pre_req_pre"": ""0"", ""sel_10th_pre_req"": ""28"", ""sel_10th_pre_bid"": ""+1154000"", ""sel_9th_pre_req_pre"": ""0"", ""sel_9th_pre_req"": ""12"", ""sel_9th_pre_bid"": ""+1153000"", ""sel_8th_pre_req_pre"": ""0"", ""sel_8th_pre_req"": ""42"", ""sel_8th_pre_bid"": ""+1152000"", ""sel_7th_pre_req_pre"": ""0"", ""sel_7th_pre_req"": ""25"", ""sel_7th_pre_bid"": ""+1151000"", ""sel_6th_pre_req_pre"": ""0"", ""sel_6th_pre_req"": ""32"", ""sel_6th_pre_bid"": ""+1150000"", ""sel_5th_pre_req_pre"": ""0"", ""sel_5th_pre_req"": ""2"", ""sel_5th_pre_bid"": ""+1149000"", ""sel_4th_pre_req_pre"": ""0"", ""sel_4th_pre_req"": ""10"", ""sel_4th_pre_bid"": ""+1148000"", ""sel_3th_pre_req_pre"": ""0"", ""sel_3th_pre_req"": ""3"", ""sel_3th_pre_bid"": ""+1147000"", ""sel_2th_pre_req_pre"": ""0"", ""sel_2th_pre_req"": ""9"", ""sel_2th_pre_bid"": ""+1146000"", ""sel_1th_pre_req_pre"": ""+3"", ""sel_fpr_req"": ""169"", ""sel_fpr_bid"": ""+1145000"", ""buy_fpr_bid"": ""+1142000"", ""buy_fpr_req"": ""15"", ""buy_1th_pre_req_pre"": ""0"", ""buy_2th_pre_bid"": ""+1141000"", ""buy_2th_pre_req"": ""1"", ""buy_2th_pre_req_pre"": ""0"", ""buy_3th_pre_bid"": ""+1140000"", ""buy_3th_pre_req"": ""28"", ""buy_3th_pre_req_pre"": ""0"", ""buy_4th_pre_bid"": ""+1139000"", ""buy_4th_pre_req"": ""5"", ""buy_4th_pre_req_pre"": ""0"", ""buy_5th_pre_bid"": ""+1138000"", ""buy_5th_pre_req"": ""14"", ""buy_5th_pre_req_pre"": ""0"", ""buy_6th_pre_bid"": ""+1137000"", ""buy_6th_pre_req"": ""6"", ""buy_6th_pre_req_pre"": ""0"", ""buy_7th_pre_bid"": ""+1135000"", ""buy_7th_pre_req"": ""7"", ""buy_7th_pre_req_pre"": ""0"", ""buy_8th_pre_bid"": ""+1133000"", ""buy_8th_pre_req"": ""5"", ""buy_8th_pre_req_pre"": ""0"", ""buy_9th_pre_bid"": ""+1132000"", ""buy_9th_pre_req"": ""11"", ""buy_9th_pre_req_pre"": ""0"", ""buy_10th_pre_bid"": ""+1131000"", ""buy_10th_pre_req"": ""9"", ""buy_10th_pre_req_pre"": ""0"", ""tot_sel_req_jub_pre"": ""+3"", ""tot_sel_req"": ""332"", ""tot_buy_req"": ""101"", ""tot_buy_req_jub_pre"": ""0"", ""ovt_sel_req_pre"": ""0"", ""ovt_sel_req"": ""0"", ""ovt_buy_req"": ""0"", ""ovt_buy_req_pre"": ""0"", ""return_code"": 0, ""return_msg"": ""정상적으로 처리되었습니다""}"
2026-06-10,scan_candidate,000880,,0,main_scan,119100,,119100,119000,119100,119500,-0.08396305625524769,0.08396305625524769,,,,,,"{""bid_req_base_tm"": ""110732"", ""sel_10th_pre_req_pre"": ""0"", ""sel_10th_pre_req"": ""1"", ""sel_10th_pre_bid"": ""+120600"", ""sel_9th_pre_req_pre"": ""0"", ""sel_9th_pre_req"": ""16"", ""sel_9th_pre_bid"": ""+120300"", ""sel_8th_pre_req_pre"": ""0"", ""sel_8th_pre_req"": ""11"", ""sel_8th_pre_bid"": ""+120200"", ""sel_7th_pre_req_pre"": ""0"", ""sel_7th_pre_req"": ""1"", ""sel_7th_pre_bid"": ""+120100"", ""sel_6th_pre_req_pre"": ""0"", ""sel_6th_pre_req"": ""3"", ""sel_6th_pre_bid"": ""+120000"", ""sel_5th_pre_req_pre"": ""0"", ""sel_5th_pre_req"": ""19"", ""sel_5th_pre_bid"": ""+119700"", ""sel_4th_pre_req_pre"": ""0"", ""sel_4th_pre_req"": ""14"", ""sel_4th_pre_bid"": ""+119600"", ""sel_3th_pre_req_pre"": ""0"", ""sel_3th_pre_req"": ""50"", ""sel_3th_pre_bid"": ""+119500"", ""sel_2th_pre_req_pre"": ""0"", ""sel_2th_pre_req"": ""97"", ""sel_2th_pre_bid"": ""+119400"", ""sel_1th_pre_req_pre"": ""0"", ""sel_fpr_req"": ""115"", ""sel_fpr_bid"": ""+119100"", ""buy_fpr_bid"": ""+119000"", ""buy_fpr_req"": ""157"", ""buy_1th_pre_req_pre"": ""+39"", ""buy_2th_pre_bid"": ""+118900"", ""buy_2th_pre_req"": ""1074"", ""buy_2th_pre_req_pre"": ""0"", ""buy_3th_pre_bid"": ""+118700"", ""buy_3th_pre_req"": ""1001"", ""buy_3th_pre_req_pre"": ""0"", ""buy_4th_pre_bid"": ""+118600"", ""buy_4th_pre_req"": ""16"", ""buy_4th_pre_req_pre"": ""0"", ""buy_5th_pre_bid"": ""+118500"", ""buy_5th_pre_req"": ""653"", ""buy_5th_pre_req_pre"": ""0"", ""buy_6th_pre_bid"": ""+118400"", ""buy_6th_pre_req"": ""3"", ""buy_6th_pre_req_pre"": ""0"", ""buy_7th_pre_bid"": ""+118300"", ""buy_7th_pre_req"": ""86"", ""buy_7th_pre_req_pre"": ""0"", ""buy_8th_pre_bid"": ""+118100"", ""buy_8th_pre_req"": ""200"", ""buy_8th_pre_req_pre"": ""0"", ""buy_9th_pre_bid"": ""+118000"", ""buy_9th_pre_req"": ""16"", ""buy_9th_pre_req_pre"": ""0"", ""buy_10th_pre_bid"": ""+117900"", ""buy_10th_pre_req"": ""4"", ""buy_10th_pre_req_pre"": ""0"", ""tot_sel_req_jub_pre"": ""0"", ""tot_sel_req"": ""327"", ""tot_buy_req"": ""3210"", ""tot_buy_req_jub_pre"": ""+39"", ""ovt_sel_req_pre"": ""0"", ""ovt_sel_req"": ""0"", ""ovt_buy_req"": ""0"", ""ovt_buy_req_pre"": ""0"", ""return_code"": 0, ""return_msg"": ""정상적으로 처리되었습니다""}"
2026-06-10,scan_candidate,180640,,0,main_scan,118700,,118700,118500,118700,118500,-0.5897219882055602,0.16849199663016007,,,,,,"{""bid_req_base_tm"": ""110732"", ""sel_10th_pre_req_pre"": ""+10"", ""sel_10th_pre_req"": ""520"", ""sel_10th_pre_bid"": ""+119900"", ""sel_9th_pre_req_pre"": ""0"", ""sel_9th_pre_req"": ""142"", ""sel_9th_pre_bid"": ""+119800"", ""sel_8th_pre_req_pre"": ""0"", ""sel_8th_pre_req"": ""40"", ""sel_8th_pre_bid"": ""+119700"", ""sel_7th_pre_req_pre"": ""0"", ""sel_7th_pre_req"": ""49"", ""sel_7th_pre_bid"": ""+119600"", ""sel_6th_pre_req_pre"": ""0"", ""sel_6th_pre_req"": ""1"", ""sel_6th_pre_bid"": ""+119500"", ""sel_5th_pre_req_pre"": ""0"", ""sel_5th_pre_req"": ""47"", ""sel_5th_pre_bid"": ""+119400"", ""sel_4th_pre_req_pre"": ""0"", ""sel_4th_pre_req"": ""30"", ""sel_4th_pre_bid"": ""+119300"", ""sel_3th_pre_req_pre"": ""0"", ""sel_3th_pre_req"": ""12"", ""sel_3th_pre_bid"": ""+119000"", ""sel_2th_pre_req_pre"": ""0"", ""sel_2th_pre_req"": ""3"", ""sel_2th_pre_bid"": ""+118900"", ""sel_1th_pre_req_pre"": ""0"", ""sel_fpr_req"": ""105"", ""sel_fpr_bid"": ""+118700"", ""buy_fpr_bid"": ""+118500"", ""buy_fpr_req"": ""31"", ""buy_1th_pre_req_pre"": ""0"", ""buy_2th_pre_bid"": ""+118400"", ""buy_2th_pre_req"": ""334"", ""buy_2th_pre_req_pre"": ""0"", ""buy_3th_pre_bid"": ""+118300"", ""buy_3th_pre_req"": ""5"", ""buy_3th_pre_req_pre"": ""0"", ""buy_4th_pre_bid"": ""+118200"", ""buy_4th_pre_req"": ""2"", ""buy_4th_pre_req_pre"": ""0"", ""buy_5th_pre_bid"": ""+118100"", ""buy_5th_pre_req"": ""105"", ""buy_5th_pre_req_pre"": ""0"", ""buy_6th_pre_bid"": ""+118000"", ""buy_6th_pre_req"": ""102"", ""buy_6th_pre_req_pre"": ""0"", ""buy_7th_pre_bid"": ""+117900"", ""buy_7th_pre_req"": ""53"", ""buy_7th_pre_req_pre"": ""0"", ""buy_8th_pre_bid"": ""+117600"", ""buy_8th_pre_req"": ""2"", ""buy_8th_pre_req_pre"": ""0"", ""buy_9th_pre_bid"": ""+117400"", ""buy_9th_pre_req"": ""80"", ""buy_9th_pre_req_pre"": ""0"", ""buy_10th_pre_bid"": ""+117300"", ""buy_10th_pre_req"": ""1"", ""buy_10th_pre_req_pre"": ""0"", ""tot_sel_req_jub_pre"": ""+10"", ""tot_sel_req"": ""949"", ""tot_buy_req"": ""715"", ""tot_buy_req_jub_pre"": ""0"", ""ovt_sel_req_pre"": ""0"", ""ovt_sel_req"": ""0"", ""ovt_buy_req"": ""0"", ""ovt_buy_req_pre"": ""0"", ""return_code"": 0, ""return_msg"": ""정상적으로 처리되었습니다""}"
2026-06-10,scan_candidate,454910,,0,main_scan,109700,,109700,109600,109700,110000,-0.18231540565177756,0.09115770282588878,,,,,,"{""bid_req_base_tm"": ""110733"", ""sel_10th_pre_req_pre"": ""0"", ""sel_10th_pre_req"": ""124"", ""sel_10th_pre_bid"": ""-110600"", ""sel_9th_pre_req_pre"": ""0"", ""sel_9th_pre_req"": ""296"", ""sel_9th_pre_bid"": ""-110500"", ""sel_8th_pre_req_pre"": ""0"", ""sel_8th_pre_req"": ""59"", ""sel_8th_pre_bid"": ""-110400"", ""sel_7th_pre_req_pre"": ""0"", ""sel_7th_pre_req"": ""95"", ""sel_7th_pre_bid"": ""-110300"", ""sel_6th_pre_req_pre"": ""0"", ""sel_6th_pre_req"": ""47"", ""sel_6th_pre_bid"": ""-110200"", ""sel_5th_pre_req_pre"": ""0"", ""sel_5th_pre_req"": ""62"", ""sel_5th_pre_bid"": ""-110100"", ""sel_4th_pre_req_pre"": ""0"", ""sel_4th_pre_req"": ""603"", ""sel_4th_pre_bid"": ""-110000"", ""sel_3th_pre_req_pre"": ""0"", ""sel_3th_pre_req"": ""3"", ""sel_3th_pre_bid"": ""-109900"", ""sel_2th_pre_req_pre"": ""0"", ""sel_2th_pre_req"": ""138"", ""sel_2th_pre_bid"": ""-109800"", ""sel_1th_pre_req_pre"": ""0"", ""sel_fpr_req"": ""892"", ""sel_fpr_bid"": ""-109700"", ""buy_fpr_bid"": ""-109600"", ""buy_fpr_req"": ""1202"", ""buy_1th_pre_req_pre"": ""0"", ""buy_2th_pre_bid"": ""-109500"", ""buy_2th_pre_req"": ""4065"", ""buy_2th_pre_req_pre"": ""0"", ""buy_3th_pre_bid"": ""-109400"", ""buy_3th_pre_req"": ""2091"", ""buy_3th_pre_req_pre"": ""0"", ""buy_4th_pre_bid"": ""-109300"", ""buy_4th_pre_req"": ""2679"", ""buy_4th_pre_req_pre"": ""0"", ""buy_5th_pre_bid"": ""-109200"", ""buy_5th_pre_req"": ""3922"", ""buy_5th_pre_req_pre"": ""0"", ""buy_6th_pre_bid"": ""-109100"", ""buy_6th_pre_req"": ""3273"", ""buy_6th_pre_req_pre"": ""0"", ""buy_7th_pre_bid"": ""-109000"", ""buy_7th_pre_req"": ""6169"", ""buy_7th_pre_req_pre"": ""0"", ""buy_8th_pre_bid"": ""-108900"", ""buy_8th_pre_req"": ""1280"", ""buy_8th_pre_req_pre"": ""0"", ""buy_9th_pre_bid"": ""-108800"", ""buy_9th_pre_req"": ""722"", ""buy_9th_pre_req_pre"": ""+10"", ""buy_10th_pre_bid"": ""-108700"", ""buy_10th_pre_req"": ""1022"", ""buy_10th_pre_req_pre"": ""0"", ""tot_sel_req_jub_pre"": ""0"", ""tot_sel_req"": ""2319"", ""tot_buy_req"": ""26425"", ""tot_buy_req_jub_pre"": ""+10"", ""ovt_sel_req_pre"": ""0"", ""ovt_sel_req"": ""0"", ""ovt_buy_req"": ""0"", ""ovt_buy_req_pre"": ""0"", ""return_code"": 0, ""return_msg"": ""정상적으로 처리되었습니다""}"
2026-06-10,scan_candidate,353200,,0,main_scan,156500,,156500,156400,156500,156500,-0.3194888178913738,0.06389776357827476,,,,,,"{""bid_req_base_tm"": ""110733"", ""sel_10th_pre_req_pre"": ""0"", ""sel_10th_pre_req"": ""14"", ""sel_10th_pre_bid"": ""+157700"", ""sel_9th_pre_req_pre"": ""0"", ""sel_9th_pre_req"": ""1"", ""sel_9th_pre_bid"": ""+157600"", ""sel_8th_pre_req_pre"": ""0"", ""sel_8th_pre_req"": ""44"", ""sel_8th_pre_bid"": ""+157500"", ""sel_7th_pre_req_pre"": ""0"", ""sel_7th_pre_req"": ""52"", ""sel_7th_pre_bid"": ""+157400"", ""sel_6th_pre_req_pre"": ""0"", ""sel_6th_pre_req"": ""24"", ""sel_6th_pre_bid"": ""+157200"", ""sel_5th_pre_req_pre"": ""0"", ""sel_5th_pre_req"": ""261"", ""sel_5th_pre_bid"": ""+157000"", ""sel_4th_pre_req_pre"": ""0"", ""sel_4th_pre_req"": ""529"", ""sel_4th_pre_bid"": ""+156800"", ""sel_3th_pre_req_pre"": ""0"", ""sel_3th_pre_req"": ""158"", ""sel_3th_pre_bid"": ""+156700"", ""sel_2th_pre_req_pre"": ""0"", ""sel_2th_pre_req"": ""35"", ""sel_2th_pre_bid"": ""+156600"", ""sel_1th_pre_req_pre"": ""0"", ""sel_fpr_req"": ""73"", ""sel_fpr_bid"": ""+156500"", ""buy_fpr_bid"": ""+156400"", ""buy_fpr_req"": ""129"", ""buy_1th_pre_req_pre"": ""--10"", ""buy_2th_pre_bid"": ""+156300"", ""buy_2th_pre_req"": ""232"", ""buy_2th_pre_req_pre"": ""0"", ""buy_3th_pre_bid"": ""+156200"", ""buy_3th_pre_req"": ""98"", ""buy_3th_pre_req_pre"": ""0"", ""buy_4th_pre_bid"": ""+156100"", ""buy_4th_pre_req"": ""68"", ""buy_4th_pre_req_pre"": ""0"", ""buy_5th_pre_bid"": ""+156000"", ""buy_5th_pre_req"": ""179"", ""buy_5th_pre_req_pre"": ""0"", ""buy_6th_pre_bid"": ""+155900"", ""buy_6th_pre_req"": ""80"", ""buy_6th_pre_req_pre"": ""0"", ""buy_7th_pre_bid"": ""+155800"", ""buy_7th_pre_req"": ""719"", ""buy_7th_pre_req_pre"": ""0"", ""buy_8th_pre_bid"": ""+155700"", ""buy_8th_pre_req"": ""34"", ""buy_8th_pre_req_pre"": ""0"", ""buy_9th_pre_bid"": ""+155600"", ""buy_9th_pre_req"": ""18"", ""buy_9th_pre_req_pre"": ""0"", ""buy_10th_pre_bid"": ""+155500"", ""buy_10th_pre_req"": ""493"", ""buy_10th_pre_req_pre"": ""0"", ""tot_sel_req_jub_pre"": ""0"", ""tot_sel_req"": ""1191"", ""tot_buy_req"": ""2050"", ""tot_buy_req_jub_pre"": ""--10"", ""ovt_sel_req_pre"": ""0"", ""ovt_sel_req"": ""0"", ""ovt_buy_req"": ""0"", ""ovt_buy_req_pre"": ""0"", ""return_code"": 0, ""return_msg"": ""정상적으로 처리되었습니다""}"
2026-06-10,scan_candidate,034220,,0,main_scan,13130,,13130,13120,13130,13150,-0.2284843869002285,0.07616146230007616,,,,,,"{""bid_req_base_tm"": ""110734"", ""sel_10th_pre_req_pre"": ""0"", ""sel_10th_pre_req"": ""39"", ""sel_10th_pre_bid"": ""-13220"", ""sel_9th_pre_req_pre"": ""0"", ""sel_9th_pre_req"": ""265"", ""sel_9th_pre_bid"": ""-13210"", ""sel_8th_pre_req_pre"": ""0"", ""sel_8th_pre_req"": ""562"", ""sel_8th_pre_bid"": ""-13200"", ""sel_7th_pre_req_pre"": ""0"", ""sel_7th_pre_req"": ""19"", ""sel_7th_pre_bid"": ""-13190"", ""sel_6th_pre_req_pre"": ""0"", ""sel_6th_pre_req"": ""502"", ""sel_6th_pre_bid"": ""-13180"", ""sel_5th_pre_req_pre"": ""0"", ""sel_5th_pre_req"": ""202"", ""sel_5th_pre_bid"": ""-13170"", ""sel_4th_pre_req_pre"": ""0"", ""sel_4th_pre_req"": ""2679"", ""sel_4th_pre_bid"": ""-13160"", ""sel_3th_pre_req_pre"": ""0"", ""sel_3th_pre_req"": ""1436"", ""sel_3th_pre_bid"": ""-13150"", ""sel_2th_pre_req_pre"": ""0"", ""sel_2th_pre_req"": ""1271"", ""sel_2th_pre_bid"": ""-13140"", ""sel_1th_pre_req_pre"": ""0"", ""sel_fpr_req"": ""2835"", ""sel_fpr_bid"": ""-13130"", ""buy_fpr_bid"": ""-13120"", ""buy_fpr_req"": ""3750"", ""buy_1th_pre_req_pre"": ""+5"", ""buy_2th_pre_bid"": ""-13110"", ""buy_2th_pre_req"": ""7091"", ""buy_2th_pre_req_pre"": ""0"", ""buy_3th_pre_bid"": ""-13100"", ""buy_3th_pre_req"": ""14890"", ""buy_3th_pre_req_pre"": ""0"", ""buy_4th_pre_bid"": ""-13090"", ""buy_4th_pre_req"": ""5492"", ""buy_4th_pre_req_pre"": ""0"", ""buy_5th_pre_bid"": ""-13080"", ""buy_5th_pre_req"": ""7904"", ""buy_5th_pre_req_pre"": ""0"", ""buy_6th_pre_bid"": ""-13070"", ""buy_6th_pre_req"": ""1425"", ""buy_6th_pre_req_pre"": ""0"", ""buy_7th_pre_bid"": ""-13060"", ""buy_7th_pre_req"": ""4772"", ""buy_7th_pre_req_pre"": ""0"", ""buy_8th_pre_bid"": ""-13050"", ""buy_8th_pre_req"": ""21881"", ""buy_8th_pre_req_pre"": ""0"", ""buy_9th_pre_bid"": ""-13040"", ""buy_9th_pre_req"": ""4564"", ""buy_9th_pre_req_pre"": ""0"", ""buy_10th_pre_bid"": ""-13030"", ""buy_10th_pre_req"": ""5953"", ""buy_10th_pre_req_pre"": ""0"", ""tot_sel_req_jub_pre"": ""0"", ""tot_sel_req"": ""9810"", ""tot_buy_req"": ""77722"", ""tot_buy_req_jub_pre"": ""+5"", ""ovt_sel_req_pre"": ""0"", ""ovt_sel_req"": ""0"", ""ovt_buy_req"": ""0"", ""ovt_buy_req_pre"": ""0"", ""return_code"": 0, ""return_msg"": ""정상적으로 처리되었습니다""}"
2026-06-10,scan_candidate,078930,,0,main_scan,73900,,73900,73800,73900,73700,-0.40595399188092013,0.13531799729364005,,,,,,"{""bid_req_base_tm"": ""110728"", ""sel_10th_pre_req_pre"": ""0"", ""sel_10th_pre_req"": ""4"", ""sel_10th_pre_bid"": ""+74800"", ""sel_9th_pre_req_pre"": ""0"", ""sel_9th_pre_req"": ""232"", ""sel_9th_pre_bid"": ""+74700"", ""sel_8th_pre_req_pre"": ""0"", ""sel_8th_pre_req"": ""104"", ""sel_8th_pre_bid"": ""+74600"", ""sel_7th_pre_req_pre"": ""0"", ""sel_7th_pre_req"": ""1046"", ""sel_7th_pre_bid"": ""+74500"", ""sel_6th_pre_req_pre"": ""0"", ""sel_6th_pre_req"": ""107"", ""sel_6th_pre_bid"": ""+74400"", ""sel_5th_pre_req_pre"": ""0"", ""sel_5th_pre_req"": ""118"", ""sel_5th_pre_bid"": ""+74300"", ""sel_4th_pre_req_pre"": ""0"", ""sel_4th_pre_req"": ""99"", ""sel_4th_pre_bid"": ""+74200"", ""sel_3th_pre_req_pre"": ""0"", ""sel_3th_pre_req"": ""32"", ""sel_3th_pre_bid"": ""+74100"", ""sel_2th_pre_req_pre"": ""+4"", ""sel_2th_pre_req"": ""122"", ""sel_2th_pre_bid"": ""+74000"", ""sel_1th_pre_req_pre"": ""0"", ""sel_fpr_req"": ""347"", ""sel_fpr_bid"": ""+73900"", ""buy_fpr_bid"": ""73800"", ""buy_fpr_req"": ""523"", ""buy_1th_pre_req_pre"": ""0"", ""buy_2th_pre_bid"": ""-73700"", ""buy_2th_pre_req"": ""169"", ""buy_2th_pre_req_pre"": ""0"", ""buy_3th_pre_bid"": ""-73600"", ""buy_3th_pre_req"": ""1"", ""buy_3th_pre_req_pre"": ""0"", ""buy_4th_pre_bid"": ""-73500"", ""buy_4th_pre_req"": ""50"", ""buy_4th_pre_req_pre"": ""0"", ""buy_5th_pre_bid"": ""-73400"", ""buy_5th_pre_req"": ""1"", ""buy_5th_pre_req_pre"": ""0"", ""buy_6th_pre_bid"": ""-73300"", ""buy_6th_pre_req"": ""30"", ""buy_6th_pre_req_pre"": ""0"", ""buy_7th_pre_bid"": ""-73200"", ""buy_7th_pre_req"": ""5"", ""buy_7th_pre_req_pre"": ""0"", ""buy_8th_pre_bid"": ""-73100"", ""buy_8th_pre_req"": ""150"", ""buy_8th_pre_req_pre"": ""0"", ""buy_9th_pre_bid"": ""-73000"", ""buy_9th_pre_req"": ""50"", ""buy_9th_pre_req_pre"": ""0"", ""buy_10th_pre_bid"": ""-72900"", ""buy_10th_pre_req"": ""6"", ""buy_10th_pre_req_pre"": ""0"", ""tot_sel_req_jub_pre"": ""+4"", ""tot_sel_req"": ""2211"", ""tot_buy_req"": ""985"", ""tot_buy_req_jub_pre"": ""0"", ""ovt_sel_req_pre"": ""0"", ""ovt_sel_req"": ""0"", ""ovt_buy_req"": ""0"", ""ovt_buy_req_pre"": ""0"", ""return_code"": 0, ""return_msg"": ""정상적으로 처리되었습니다""}"
2026-06-10,scan_candidate,090430,,0,main_scan,112500,,112500,112300,112500,112500,-0.4444444444444444,0.17777777777777778,,,,,,"{""bid_req_base_tm"": ""110734"", ""sel_10th_pre_req_pre"": ""0"", ""sel_10th_pre_req"": ""347"", ""sel_10th_pre_bid"": ""+113500"", ""sel_9th_pre_req_pre"": ""0"", ""sel_9th_pre_req"": ""183"", ""sel_9th_pre_bid"": ""+113400"", ""sel_8th_pre_req_pre"": ""0"", ""sel_8th_pre_req"": ""151"", ""sel_8th_pre_bid"": ""+113300"", ""sel_7th_pre_req_pre"": ""0"", ""sel_7th_pre_req"": ""185"", ""sel_7th_pre_bid"": ""+113200"", ""sel_6th_pre_req_pre"": ""0"", ""sel_6th_pre_req"": ""10"", ""sel_6th_pre_bid"": ""+113100"", ""sel_5th_pre_req_pre"": ""0"", ""sel_5th_pre_req"": ""48"", ""sel_5th_pre_bid"": ""+113000"", ""sel_4th_pre_req_pre"": ""0"", ""sel_4th_pre_req"": ""1"", ""sel_4th_pre_bid"": ""+112800"", ""sel_3th_pre_req_pre"": ""0"", ""sel_3th_pre_req"": ""20"", ""sel_3th_pre_bid"": ""+112700"", ""sel_2th_pre_req_pre"": ""0"", ""sel_2th_pre_req"": ""40"", ""sel_2th_pre_bid"": ""+112600"", ""sel_1th_pre_req_pre"": ""0"", ""sel_fpr_req"": ""603"", ""sel_fpr_bid"": ""+112500"", ""buy_fpr_bid"": ""+112300"", ""buy_fpr_req"": ""50"", ""buy_1th_pre_req_pre"": ""0"", ""buy_2th_pre_bid"": ""+112200"", ""buy_2th_pre_req"": ""91"", ""buy_2th_pre_req_pre"": ""0"", ""buy_3th_pre_bid"": ""+112100"", ""buy_3th_pre_req"": ""132"", ""buy_3th_pre_req_pre"": ""--1"", ""buy_4th_pre_bid"": ""112000"", ""buy_4th_pre_req"": ""237"", ""buy_4th_pre_req_pre"": ""0"", ""buy_5th_pre_bid"": ""-111900"", ""buy_5th_pre_req"": ""114"", ""buy_5th_pre_req_pre"": ""0"", ""buy_6th_pre_bid"": ""-111800"", ""buy_6th_pre_req"": ""22"", ""buy_6th_pre_req_pre"": ""0"", ""buy_7th_pre_bid"": ""-111700"", ""buy_7th_pre_req"": ""204"", ""buy_7th_pre_req_pre"": ""0"", ""buy_8th_pre_bid"": ""-111600"", ""buy_8th_pre_req"": ""54"", ""buy_8th_pre_req_pre"": ""0"", ""buy_9th_pre_bid"": ""-111500"", ""buy_9th_pre_req"": ""2138"", ""buy_9th_pre_req_pre"": ""0"", ""buy_10th_pre_bid"": ""-111400"", ""buy_10th_pre_req"": ""122"", ""buy_10th_pre_req_pre"": ""0"", ""tot_sel_req_jub_pre"": ""0"", ""tot_sel_req"": ""1588"", ""tot_buy_req"": ""3164"", ""tot_buy_req_jub_pre"": ""--1"", ""ovt_sel_req_pre"": ""0"", ""ovt_sel_req"": ""0"", ""ovt_buy_req"": ""0"", ""ovt_buy_req_pre"": ""0"", ""return_code"": 0, ""return_msg"": ""정상적으로 처리되었습니다""}"
2026-06-10,scan_candidate,004170,,0,main_scan,683000,,683000,682000,683000,679000,-0.7320644216691069,0.14641288433382138,,,,,,"{""bid_req_base_tm"": ""110734"", ""sel_10th_pre_req_pre"": ""0"", ""sel_10th_pre_req"": ""40"", ""sel_10th_pre_bid"": ""+692000"", ""sel_9th_pre_req_pre"": ""0"", ""sel_9th_pre_req"": ""811"", ""sel_9th_pre_bid"": ""+691000"", ""sel_8th_pre_req_pre"": ""0"", ""sel_8th_pre_req"": ""400"", ""sel_8th_pre_bid"": ""+690000"", ""sel_7th_pre_req_pre"": ""0"", ""sel_7th_pre_req"": ""50"", ""sel_7th_pre_bid"": ""+689000"", ""sel_6th_pre_req_pre"": ""0"", ""sel_6th_pre_req"": ""51"", ""sel_6th_pre_bid"": ""+688000"", ""sel_5th_pre_req_pre"": ""0"", ""sel_5th_pre_req"": ""34"", ""sel_5th_pre_bid"": ""+687000"", ""sel_4th_pre_req_pre"": ""0"", ""sel_4th_pre_req"": ""334"", ""sel_4th_pre_bid"": ""+686000"", ""sel_3th_pre_req_pre"": ""0"", ""sel_3th_pre_req"": ""28"", ""sel_3th_pre_bid"": ""+685000"", ""sel_2th_pre_req_pre"": ""0"", ""sel_2th_pre_req"": ""69"", ""sel_2th_pre_bid"": ""+684000"", ""sel_1th_pre_req_pre"": ""0"", ""sel_fpr_req"": ""58"", ""sel_fpr_bid"": ""+683000"", ""buy_fpr_bid"": ""+682000"", ""buy_fpr_req"": ""70"", ""buy_1th_pre_req_pre"": ""+11"", ""buy_2th_pre_bid"": ""+681000"", ""buy_2th_pre_req"": ""10"", ""buy_2th_pre_req_pre"": ""0"", ""buy_3th_pre_bid"": ""+680000"", ""buy_3th_pre_req"": ""106"", ""buy_3th_pre_req_pre"": ""0"", ""buy_4th_pre_bid"": ""+679000"", ""buy_4th_pre_req"": ""3"", ""buy_4th_pre_req_pre"": ""0"", ""buy_5th_pre_bid"": ""+678000"", ""buy_5th_pre_req"": ""4"", ""buy_5th_pre_req_pre"": ""0"", ""buy_6th_pre_bid"": ""+677000"", ""buy_6th_pre_req"": ""42"", ""buy_6th_pre_req_pre"": ""0"", ""buy_7th_pre_bid"": ""+676000"", ""buy_7th_pre_req"": ""2"", ""buy_7th_pre_req_pre"": ""0"", ""buy_8th_pre_bid"": ""+675000"", ""buy_8th_pre_req"": ""7"", ""buy_8th_pre_req_pre"": ""0"", ""buy_9th_pre_bid"": ""+674000"", ""buy_9th_pre_req"": ""22"", ""buy_9th_pre_req_pre"": ""0"", ""buy_10th_pre_bid"": ""+673000"", ""buy_10th_pre_req"": ""22"", ""buy_10th_pre_req_pre"": ""0"", ""tot_sel_req_jub_pre"": ""0"", ""tot_sel_req"": ""1875"", ""tot_buy_req"": ""288"", ""tot_buy_req_jub_pre"": ""+11"", ""ovt_sel_req_pre"": ""0"", ""ovt_sel_req"": ""0"", ""ovt_buy_req"": ""0"", ""ovt_buy_req_pre"": ""0"", ""return_code"": 0, ""return_msg"": ""정상적으로 처리되었습니다""}"
2026-06-10,scan_candidate,036570,,0,main_scan,258500,,258500,258000,258500,258500,-0.19342359767891684,0.19342359767891684,,,,,,"{""bid_req_base_tm"": ""110734"", ""sel_10th_pre_req_pre"": ""0"", ""sel_10th_pre_req"": ""63"", ""sel_10th_pre_bid"": ""-263500"", ""sel_9th_pre_req_pre"": ""0"", ""sel_9th_pre_req"": ""36"", ""sel_9th_pre_bid"": ""-263000"", ""sel_8th_pre_req_pre"": ""0"", ""sel_8th_pre_req"": ""17"", ""sel_8th_pre_bid"": ""-262500"", ""sel_7th_pre_req_pre"": ""0"", ""sel_7th_pre_req"": ""66"", ""sel_7th_pre_bid"": ""-262000"", ""sel_6th_pre_req_pre"": ""0"", ""sel_6th_pre_req"": ""26"", ""sel_6th_pre_bid"": ""-261500"", ""sel_5th_pre_req_pre"": ""0"", ""sel_5th_pre_req"": ""64"", ""sel_5th_pre_bid"": ""-261000"", ""sel_4th_pre_req_pre"": ""0"", ""sel_4th_pre_req"": ""178"", ""sel_4th_pre_bid"": ""-260000"", ""sel_3th_pre_req_pre"": ""0"", ""sel_3th_pre_req"": ""1077"", ""sel_3th_pre_bid"": ""-259500"", ""sel_2th_pre_req_pre"": ""0"", ""sel_2th_pre_req"": ""79"", ""sel_2th_pre_bid"": ""-259000"", ""sel_1th_pre_req_pre"": ""0"", ""sel_fpr_req"": ""139"", ""sel_fpr_bid"": ""-258500"", ""buy_fpr_bid"": ""-258000"", ""buy_fpr_req"": ""173"", ""buy_1th_pre_req_pre"": ""+2"", ""buy_2th_pre_bid"": ""-257500"", ""buy_2th_pre_req"": ""107"", ""buy_2th_pre_req_pre"": ""0"", ""buy_3th_pre_bid"": ""-257000"", ""buy_3th_pre_req"": ""130"", ""buy_3th_pre_req_pre"": ""0"", ""buy_4th_pre_bid"": ""-256500"", ""buy_4th_pre_req"": ""96"", ""buy_4th_pre_req_pre"": ""0"", ""buy_5th_pre_bid"": ""-256000"", ""buy_5th_pre_req"": ""214"", ""buy_5th_pre_req_pre"": ""0"", ""buy_6th_pre_bid"": ""-255500"", ""buy_6th_pre_req"": ""204"", ""buy_6th_pre_req_pre"": ""0"", ""buy_7th_pre_bid"": ""-255000"", ""buy_7th_pre_req"": ""315"", ""buy_7th_pre_req_pre"": ""0"", ""buy_8th_pre_bid"": ""-254500"", ""buy_8th_pre_req"": ""364"", ""buy_8th_pre_req_pre"": ""0"", ""buy_9th_pre_bid"": ""-254000"", ""buy_9th_pre_req"": ""352"", ""buy_9th_pre_req_pre"": ""0"", ""buy_10th_pre_bid"": ""-253500"", ""buy_10th_pre_req"": ""425"", ""buy_10th_pre_req_pre"": ""0"", ""tot_sel_req_jub_pre"": ""0"", ""tot_sel_req"": ""1745"", ""tot_buy_req"": ""2380"", ""tot_buy_req_jub_pre"": ""+2"", ""ovt_sel_req_pre"": ""0"", ""ovt_sel_req"": ""0"", ""ovt_buy_req"": ""0"", ""ovt_buy_req_pre"": ""0"", ""return_code"": 0, ""return_msg"": ""정상적으로 처리되었습니다""}"
2026-06-10,scan_candidate,271560,,0,main_scan,132800,,132800,132700,132800,132500,-0.6024096385542169,0.07530120481927711,,,,,,"{""bid_req_base_tm"": ""110733"", ""sel_10th_pre_req_pre"": ""0"", ""sel_10th_pre_req"": ""190"", ""sel_10th_pre_bid"": ""+133900"", ""sel_9th_pre_req_pre"": ""0"", ""sel_9th_pre_req"": ""20"", ""sel_9th_pre_bid"": ""+133800"", ""sel_8th_pre_req_pre"": ""0"", ""sel_8th_pre_req"": ""101"", ""sel_8th_pre_bid"": ""+133700"", ""sel_7th_pre_req_pre"": ""0"", ""sel_7th_pre_req"": ""6"", ""sel_7th_pre_bid"": ""+133600"", ""sel_6th_pre_req_pre"": ""0"", ""sel_6th_pre_req"": ""4"", ""sel_6th_pre_bid"": ""+133500"", ""sel_5th_pre_req_pre"": ""0"", ""sel_5th_pre_req"": ""3"", ""sel_5th_pre_bid"": ""+133300"", ""sel_4th_pre_req_pre"": ""0"", ""sel_4th_pre_req"": ""28"", ""sel_4th_pre_bid"": ""+133200"", ""sel_3th_pre_req_pre"": ""0"", ""sel_3th_pre_req"": ""44"", ""sel_3th_pre_bid"": ""+133100"", ""sel_2th_pre_req_pre"": ""0"", ""sel_2th_pre_req"": ""29"", ""sel_2th_pre_bid"": ""132900"", ""sel_1th_pre_req_pre"": ""0"", ""sel_fpr_req"": ""63"", ""sel_fpr_bid"": ""-132800"", ""buy_fpr_bid"": ""-132700"", ""buy_fpr_req"": ""134"", ""buy_1th_pre_req_pre"": ""+4"", ""buy_2th_pre_bid"": ""-132500"", ""buy_2th_pre_req"": ""80"", ""buy_2th_pre_req_pre"": ""0"", ""buy_3th_pre_bid"": ""-132400"", ""buy_3th_pre_req"": ""149"", ""buy_3th_pre_req_pre"": ""0"", ""buy_4th_pre_bid"": ""-132300"", ""buy_4th_pre_req"": ""61"", ""buy_4th_pre_req_pre"": ""0"", ""buy_5th_pre_bid"": ""-132200"", ""buy_5th_pre_req"": ""59"", ""buy_5th_pre_req_pre"": ""0"", ""buy_6th_pre_bid"": ""-132000"", ""buy_6th_pre_req"": ""27"", ""buy_6th_pre_req_pre"": ""0"", ""buy_7th_pre_bid"": ""-131900"", ""buy_7th_pre_req"": ""1"", ""buy_7th_pre_req_pre"": ""0"", ""buy_8th_pre_bid"": ""-131800"", ""buy_8th_pre_req"": ""2"", ""buy_8th_pre_req_pre"": ""0"", ""buy_9th_pre_bid"": ""-131700"", ""buy_9th_pre_req"": ""35"", ""buy_9th_pre_req_pre"": ""0"", ""buy_10th_pre_bid"": ""-131600"", ""buy_10th_pre_req"": ""2"", ""buy_10th_pre_req_pre"": ""0"", ""tot_sel_req_jub_pre"": ""0"", ""tot_sel_req"": ""488"", ""tot_buy_req"": ""550"", ""tot_buy_req_jub_pre"": ""+4"", ""ovt_sel_req_pre"": ""0"", ""ovt_sel_req"": ""0"", ""ovt_buy_req"": ""0"", ""ovt_buy_req_pre"": ""0"", ""return_code"": 0, ""return_msg"": ""정상적으로 처리되었습니다""}"
2026-06-10,scan_candidate,023530,,0,main_scan,194400,,194400,194100,194400,194500,-0.205761316872428,0.15432098765432098,,,,,,"{""bid_req_base_tm"": ""110735"", ""sel_10th_pre_req_pre"": ""0"", ""sel_10th_pre_req"": ""9"", ""sel_10th_pre_bid"": ""+195900"", ""sel_9th_pre_req_pre"": ""0"", ""sel_9th_pre_req"": ""4"", ""sel_9th_pre_bid"": ""+195700"", ""sel_8th_pre_req_pre"": ""0"", ""sel_8th_pre_req"": ""27"", ""sel_8th_pre_bid"": ""+195600"", ""sel_7th_pre_req_pre"": ""0"", ""sel_7th_pre_req"": ""1"", ""sel_7th_pre_bid"": ""+195500"", ""sel_6th_pre_req_pre"": ""0"", ""sel_6th_pre_req"": ""60"", ""sel_6th_pre_bid"": ""+195300"", ""sel_5th_pre_req_pre"": ""0"", ""sel_5th_pre_req"": ""5"", ""sel_5th_pre_bid"": ""+195200"", ""sel_4th_pre_req_pre"": ""0"", ""sel_4th_pre_req"": ""20"", ""sel_4th_pre_bid"": ""+195100"", ""sel_3th_pre_req_pre"": ""0"", ""sel_3th_pre_req"": ""56"", ""sel_3th_pre_bid"": ""+195000"", ""sel_2th_pre_req_pre"": ""0"", ""sel_2th_pre_req"": ""139"", ""sel_2th_pre_bid"": ""+194500"", ""sel_1th_pre_req_pre"": ""0"", ""sel_fpr_req"": ""72"", ""sel_fpr_bid"": ""+194400"", ""buy_fpr_bid"": ""+194100"", ""buy_fpr_req"": ""1"", ""buy_1th_pre_req_pre"": ""0"", ""buy_2th_pre_bid"": ""+194000"", ""buy_2th_pre_req"": ""57"", ""buy_2th_pre_req_pre"": ""+32"", ""buy_3th_pre_bid"": ""+193900"", ""buy_3th_pre_req"": ""31"", ""buy_3th_pre_req_pre"": ""0"", ""buy_4th_pre_bid"": ""+193700"", ""buy_4th_pre_req"": ""9"", ""buy_4th_pre_req_pre"": ""0"", ""buy_5th_pre_bid"": ""+193600"", ""buy_5th_pre_req"": ""27"", ""buy_5th_pre_req_pre"": ""0"", ""buy_6th_pre_bid"": ""+193500"", ""buy_6th_pre_req"": ""410"", ""buy_6th_pre_req_pre"": ""0"", ""buy_7th_pre_bid"": ""+193200"", ""buy_7th_pre_req"": ""18"", ""buy_7th_pre_req_pre"": ""0"", ""buy_8th_pre_bid"": ""+193100"", ""buy_8th_pre_req"": ""8"", ""buy_8th_pre_req_pre"": ""0"", ""buy_9th_pre_bid"": ""+193000"", ""buy_9th_pre_req"": ""23"", ""buy_9th_pre_req_pre"": ""0"", ""buy_10th_pre_bid"": ""+192900"", ""buy_10th_pre_req"": ""6"", ""buy_10th_pre_req_pre"": ""0"", ""tot_sel_req_jub_pre"": ""0"", ""tot_sel_req"": ""393"", ""tot_buy_req"": ""590"", ""tot_buy_req_jub_pre"": ""+32"", ""ovt_sel_req_pre"": ""0"", ""ovt_sel_req"": ""0"", ""ovt_buy_req"": ""0"", ""ovt_buy_req_pre"": ""0"", ""return_code"": 0, ""return_msg"": ""정상적으로 처리되었습니다""}"
2026-06-10,scan_candidate,175330,,0,main_scan,25500,,25500,25450,25500,25500,-0.19607843137254902,0.19607843137254902,,,,,,"{""bid_req_base_tm"": ""110733"", ""sel_10th_pre_req_pre"": ""0"", ""sel_10th_pre_req"": ""142"", ""sel_10th_pre_bid"": ""+25950"", ""sel_9th_pre_req_pre"": ""0"", ""sel_9th_pre_req"": ""562"", ""sel_9th_pre_bid"": ""25900"", ""sel_8th_pre_req_pre"": ""0"", ""sel_8th_pre_req"": ""469"", ""sel_8th_pre_bid"": ""-25850"", ""sel_7th_pre_req_pre"": ""0"", ""sel_7th_pre_req"": ""2"", ""sel_7th_pre_bid"": ""-25800"", ""sel_6th_pre_req_pre"": ""0"", ""sel_6th_pre_req"": ""249"", ""sel_6th_pre_bid"": ""-25750"", ""sel_5th_pre_req_pre"": ""0"", ""sel_5th_pre_req"": ""470"", ""sel_5th_pre_bid"": ""-25700"", ""sel_4th_pre_req_pre"": ""0"", ""sel_4th_pre_req"": ""384"", ""sel_4th_pre_bid"": ""-25650"", ""sel_3th_pre_req_pre"": ""0"", ""sel_3th_pre_req"": ""508"", ""sel_3th_pre_bid"": ""-25600"", ""sel_2th_pre_req_pre"": ""0"", ""sel_2th_pre_req"": ""620"", ""sel_2th_pre_bid"": ""-25550"", ""sel_1th_pre_req_pre"": ""0"", ""sel_fpr_req"": ""1694"", ""sel_fpr_bid"": ""-25500"", ""buy_fpr_bid"": ""-25450"", ""buy_fpr_req"": ""840"", ""buy_1th_pre_req_pre"": ""+137"", ""buy_2th_pre_bid"": ""-25400"", ""buy_2th_pre_req"": ""655"", ""buy_2th_pre_req_pre"": ""0"", ""buy_3th_pre_bid"": ""-25350"", ""buy_3th_pre_req"": ""436"", ""buy_3th_pre_req_pre"": ""0"", ""buy_4th_pre_bid"": ""-25300"", ""buy_4th_pre_req"": ""599"", ""buy_4th_pre_req_pre"": ""0"", ""buy_5th_pre_bid"": ""-25250"", ""buy_5th_pre_req"": ""505"", ""buy_5th_pre_req_pre"": ""0"", ""buy_6th_pre_bid"": ""-25200"", ""buy_6th_pre_req"": ""884"", ""buy_6th_pre_req_pre"": ""0"", ""buy_7th_pre_bid"": ""-25150"", ""buy_7th_pre_req"": ""768"", ""buy_7th_pre_req_pre"": ""0"", ""buy_8th_pre_bid"": ""-25100"", ""buy_8th_pre_req"": ""488"", ""buy_8th_pre_req_pre"": ""0"", ""buy_9th_pre_bid"": ""-25050"", ""buy_9th_pre_req"": ""378"", ""buy_9th_pre_req_pre"": ""0"", ""buy_10th_pre_bid"": ""-25000"", ""buy_10th_pre_req"": ""709"", ""buy_10th_pre_req_pre"": ""0"", ""tot_sel_req_jub_pre"": ""0"", ""tot_sel_req"": ""5100"", ""tot_buy_req"": ""6262"", ""tot_buy_req_jub_pre"": ""+137"", ""ovt_sel_req_pre"": ""0"", ""ovt_sel_req"": ""0"", ""ovt_buy_req"": ""0"", ""ovt_buy_req_pre"": ""0"", ""return_code"": 0, ""return_msg"": ""정상적으로 처리되었습니다""}"
2026-06-10,scan_candidate,088350,,0,main_scan,4830,,4830,4825,4830,4845,0.2070393374741201,0.10351966873706005,,,,,,"{""bid_req_base_tm"": ""110734"", ""sel_10th_pre_req_pre"": ""0"", ""sel_10th_pre_req"": ""565"", ""sel_10th_pre_bid"": ""-4875"", ""sel_9th_pre_req_pre"": ""0"", ""sel_9th_pre_req"": ""8"", ""sel_9th_pre_bid"": ""-4870"", ""sel_8th_pre_req_pre"": ""0"", ""sel_8th_pre_req"": ""1868"", ""sel_8th_pre_bid"": ""-4865"", ""sel_7th_pre_req_pre"": ""0"", ""sel_7th_pre_req"": ""1657"", ""sel_7th_pre_bid"": ""-4860"", ""sel_6th_pre_req_pre"": ""0"", ""sel_6th_pre_req"": ""1000"", ""sel_6th_pre_bid"": ""-4855"", ""sel_5th_pre_req_pre"": ""0"", ""sel_5th_pre_req"": ""643"", ""sel_5th_pre_bid"": ""-4850"", ""sel_4th_pre_req_pre"": ""0"", ""sel_4th_pre_req"": ""658"", ""sel_4th_pre_bid"": ""-4845"", ""sel_3th_pre_req_pre"": ""0"", ""sel_3th_pre_req"": ""1051"", ""sel_3th_pre_bid"": ""-4840"", ""sel_2th_pre_req_pre"": ""0"", ""sel_2th_pre_req"": ""4"", ""sel_2th_pre_bid"": ""-4835"", ""sel_1th_pre_req_pre"": ""--107"", ""sel_fpr_req"": ""1333"", ""sel_fpr_bid"": ""-4830"", ""buy_fpr_bid"": ""-4825"", ""buy_fpr_req"": ""3046"", ""buy_1th_pre_req_pre"": ""0"", ""buy_2th_pre_bid"": ""-4820"", ""buy_2th_pre_req"": ""25480"", ""buy_2th_pre_req_pre"": ""0"", ""buy_3th_pre_bid"": ""-4815"", ""buy_3th_pre_req"": ""22334"", ""buy_3th_pre_req_pre"": ""0"", ""buy_4th_pre_bid"": ""-4810"", ""buy_4th_pre_req"": ""5311"", ""buy_4th_pre_req_pre"": ""0"", ""buy_5th_pre_bid"": ""-4805"", ""buy_5th_pre_req"": ""12527"", ""buy_5th_pre_req_pre"": ""0"", ""buy_6th_pre_bid"": ""-4800"", ""buy_6th_pre_req"": ""13397"", ""buy_6th_pre_req_pre"": ""0"", ""buy_7th_pre_bid"": ""-4795"", ""buy_7th_pre_req"": ""9699"", ""buy_7th_pre_req_pre"": ""0"", ""buy_8th_pre_bid"": ""-4790"", ""buy_8th_pre_req"": ""5046"", ""buy_8th_pre_req_pre"": ""0"", ""buy_9th_pre_bid"": ""-4785"", ""buy_9th_pre_req"": ""7487"", ""buy_9th_pre_req_pre"": ""0"", ""buy_10th_pre_bid"": ""-4780"", ""buy_10th_pre_req"": ""10800"", ""buy_10th_pre_req_pre"": ""0"", ""tot_sel_req_jub_pre"": ""--107"", ""tot_sel_req"": ""8787"", ""tot_buy_req"": ""115127"", ""tot_buy_req_jub_pre"": ""0"", ""ovt_sel_req_pre"": ""0"", ""ovt_sel_req"": ""0"", ""ovt_buy_req"": ""0"", ""ovt_buy_req_pre"": ""0"", ""return_code"": 0, ""return_msg"": ""정상적으로 처리되었습니다""}"
2026-06-10,scan_candidate,069960,,0,main_scan,175600,,175600,175400,175600,174500,-0.9111617312072893,0.11389521640091116,,,,,,"{""bid_req_base_tm"": ""110736"", ""sel_10th_pre_req_pre"": ""0"", ""sel_10th_pre_req"": ""277"", ""sel_10th_pre_bid"": ""+176800"", ""sel_9th_pre_req_pre"": ""0"", ""sel_9th_pre_req"": ""14"", ""sel_9th_pre_bid"": ""+176700"", ""sel_8th_pre_req_pre"": ""0"", ""sel_8th_pre_req"": ""17"", ""sel_8th_pre_bid"": ""+176600"", ""sel_7th_pre_req_pre"": ""0"", ""sel_7th_pre_req"": ""1"", ""sel_7th_pre_bid"": ""+176500"", ""sel_6th_pre_req_pre"": ""0"", ""sel_6th_pre_req"": ""98"", ""sel_6th_pre_bid"": ""+176300"", ""sel_5th_pre_req_pre"": ""0"", ""sel_5th_pre_req"": ""3"", ""sel_5th_pre_bid"": ""+176100"", ""sel_4th_pre_req_pre"": ""0"", ""sel_4th_pre_req"": ""10"", ""sel_4th_pre_bid"": ""+176000"", ""sel_3th_pre_req_pre"": ""0"", ""sel_3th_pre_req"": ""20"", ""sel_3th_pre_bid"": ""+175900"", ""sel_2th_pre_req_pre"": ""0"", ""sel_2th_pre_req"": ""18"", ""sel_2th_pre_bid"": ""+175700"", ""sel_1th_pre_req_pre"": ""+4"", ""sel_fpr_req"": ""17"", ""sel_fpr_bid"": ""+175600"", ""buy_fpr_bid"": ""+175400"", ""buy_fpr_req"": ""55"", ""buy_1th_pre_req_pre"": ""0"", ""buy_2th_pre_bid"": ""+175300"", ""buy_2th_pre_req"": ""10"", ""buy_2th_pre_req_pre"": ""0"", ""buy_3th_pre_bid"": ""+175200"", ""buy_3th_pre_req"": ""1"", ""buy_3th_pre_req_pre"": ""0"", ""buy_4th_pre_bid"": ""+175000"", ""buy_4th_pre_req"": ""19"", ""buy_4th_pre_req_pre"": ""0"", ""buy_5th_pre_bid"": ""+174900"", ""buy_5th_pre_req"": ""4"", ""buy_5th_pre_req_pre"": ""0"", ""buy_6th_pre_bid"": ""+174200"", ""buy_6th_pre_req"": ""6"", ""buy_6th_pre_req_pre"": ""0"", ""buy_7th_pre_bid"": ""+174000"", ""buy_7th_pre_req"": ""17"", ""buy_7th_pre_req_pre"": ""0"", ""buy_8th_pre_bid"": ""+173900"", ""buy_8th_pre_req"": ""6"", ""buy_8th_pre_req_pre"": ""0"", ""buy_9th_pre_bid"": ""+173500"", ""buy_9th_pre_req"": ""4"", ""buy_9th_pre_req_pre"": ""0"", ""buy_10th_pre_bid"": ""+173400"", ""buy_10th_pre_req"": ""10"", ""buy_10th_pre_req_pre"": ""0"", ""tot_sel_req_jub_pre"": ""+4"", ""tot_sel_req"": ""475"", ""tot_buy_req"": ""132"", ""tot_buy_req_jub_pre"": ""0"", ""ovt_sel_req_pre"": ""0"", ""ovt_sel_req"": ""0"", ""ovt_buy_req"": ""0"", ""ovt_buy_req_pre"": ""0"", ""return_code"": 0, ""return_msg"": ""정상적으로 처리되었습니다""}"
2026-06-10,scan_candidate,111770,,0,main_scan,79000,,79000,78900,79000,79000,-0.12658227848101267,0.12658227848101267,,,,,,"{""bid_req_base_tm"": ""110724"", ""sel_10th_pre_req_pre"": ""0"", ""sel_10th_pre_req"": ""98"", ""sel_10th_pre_bid"": ""+80000"", ""sel_9th_pre_req_pre"": ""0"", ""sel_9th_pre_req"": ""31"", ""sel_9th_pre_bid"": ""+79900"", ""sel_8th_pre_req_pre"": ""0"", ""sel_8th_pre_req"": ""13"", ""sel_8th_pre_bid"": ""+79800"", ""sel_7th_pre_req_pre"": ""0"", ""sel_7th_pre_req"": ""11"", ""sel_7th_pre_bid"": ""+79700"", ""sel_6th_pre_req_pre"": ""0"", ""sel_6th_pre_req"": ""15"", ""sel_6th_pre_bid"": ""+79600"", ""sel_5th_pre_req_pre"": ""0"", ""sel_5th_pre_req"": ""5"", ""sel_5th_pre_bid"": ""+79400"", ""sel_4th_pre_req_pre"": ""0"", ""sel_4th_pre_req"": ""7"", ""sel_4th_pre_bid"": ""+79300"", ""sel_3th_pre_req_pre"": ""0"", ""sel_3th_pre_req"": ""13"", ""sel_3th_pre_bid"": ""+79200"", ""sel_2th_pre_req_pre"": ""0"", ""sel_2th_pre_req"": ""13"", ""sel_2th_pre_bid"": ""+79100"", ""sel_1th_pre_req_pre"": ""+8"", ""sel_fpr_req"": ""95"", ""sel_fpr_bid"": ""+79000"", ""buy_fpr_bid"": ""+78900"", ""buy_fpr_req"": ""129"", ""buy_1th_pre_req_pre"": ""0"", ""buy_2th_pre_bid"": ""+78800"", ""buy_2th_pre_req"": ""49"", ""buy_2th_pre_req_pre"": ""0"", ""buy_3th_pre_bid"": ""+78700"", ""buy_3th_pre_req"": ""39"", ""buy_3th_pre_req_pre"": ""0"", ""buy_4th_pre_bid"": ""+78500"", ""buy_4th_pre_req"": ""21"", ""buy_4th_pre_req_pre"": ""0"", ""buy_5th_pre_bid"": ""+78400"", ""buy_5th_pre_req"": ""25"", ""buy_5th_pre_req_pre"": ""0"", ""buy_6th_pre_bid"": ""+78300"", ""buy_6th_pre_req"": ""20"", ""buy_6th_pre_req_pre"": ""0"", ""buy_7th_pre_bid"": ""78000"", ""buy_7th_pre_req"": ""75"", ""buy_7th_pre_req_pre"": ""0"", ""buy_8th_pre_bid"": ""-77900"", ""buy_8th_pre_req"": ""45"", ""buy_8th_pre_req_pre"": ""0"", ""buy_9th_pre_bid"": ""-77800"", ""buy_9th_pre_req"": ""7"", ""buy_9th_pre_req_pre"": ""0"", ""buy_10th_pre_bid"": ""-77700"", ""buy_10th_pre_req"": ""19"", ""buy_10th_pre_req_pre"": ""0"", ""tot_sel_req_jub_pre"": ""+8"", ""tot_sel_req"": ""301"", ""tot_buy_req"": ""429"", ""tot_buy_req_jub_pre"": ""0"", ""ovt_sel_req_pre"": ""0"", ""ovt_sel_req"": ""0"", ""ovt_buy_req"": ""0"", ""ovt_buy_req_pre"": ""0"", ""return_code"": 0, ""return_msg"": ""정상적으로 처리되었습니다""}"
2026-06-10,scan_candidate,489790,,0,main_scan,67700,,67700,67600,67700,67700,-0.14771048744460857,0.14771048744460857,,,,,,"{""bid_req_base_tm"": ""110736"", ""sel_10th_pre_req_pre"": ""0"", ""sel_10th_pre_req"": ""201"", ""sel_10th_pre_bid"": ""+68700"", ""sel_9th_pre_req_pre"": ""0"", ""sel_9th_pre_req"": ""1092"", ""sel_9th_pre_bid"": ""+68600"", ""sel_8th_pre_req_pre"": ""0"", ""sel_8th_pre_req"": ""8"", ""sel_8th_pre_bid"": ""+68500"", ""sel_7th_pre_req_pre"": ""0"", ""sel_7th_pre_req"": ""1"", ""sel_7th_pre_bid"": ""+68400"", ""sel_6th_pre_req_pre"": ""0"", ""sel_6th_pre_req"": ""5"", ""sel_6th_pre_bid"": ""+68300"", ""sel_5th_pre_req_pre"": ""0"", ""sel_5th_pre_req"": ""50"", ""sel_5th_pre_bid"": ""+68100"", ""sel_4th_pre_req_pre"": ""0"", ""sel_4th_pre_req"": ""697"", ""sel_4th_pre_bid"": ""+68000"", ""sel_3th_pre_req_pre"": ""0"", ""sel_3th_pre_req"": ""33"", ""sel_3th_pre_bid"": ""+67900"", ""sel_2th_pre_req_pre"": ""0"", ""sel_2th_pre_req"": ""482"", ""sel_2th_pre_bid"": ""+67800"", ""sel_1th_pre_req_pre"": ""0"", ""sel_fpr_req"": ""64"", ""sel_fpr_bid"": ""+67700"", ""buy_fpr_bid"": ""+67600"", ""buy_fpr_req"": ""125"", ""buy_1th_pre_req_pre"": ""--30"", ""buy_2th_pre_bid"": ""+67500"", ""buy_2th_pre_req"": ""648"", ""buy_2th_pre_req_pre"": ""0"", ""buy_3th_pre_bid"": ""+67400"", ""buy_3th_pre_req"": ""159"", ""buy_3th_pre_req_pre"": ""0"", ""buy_4th_pre_bid"": ""+67300"", ""buy_4th_pre_req"": ""323"", ""buy_4th_pre_req_pre"": ""0"", ""buy_5th_pre_bid"": ""+67200"", ""buy_5th_pre_req"": ""280"", ""buy_5th_pre_req_pre"": ""0"", ""buy_6th_pre_bid"": ""+67100"", ""buy_6th_pre_req"": ""268"", ""buy_6th_pre_req_pre"": ""0"", ""buy_7th_pre_bid"": ""+67000"", ""buy_7th_pre_req"": ""461"", ""buy_7th_pre_req_pre"": ""0"", ""buy_8th_pre_bid"": ""+66900"", ""buy_8th_pre_req"": ""316"", ""buy_8th_pre_req_pre"": ""0"", ""buy_9th_pre_bid"": ""+66800"", ""buy_9th_pre_req"": ""16"", ""buy_9th_pre_req_pre"": ""0"", ""buy_10th_pre_bid"": ""+66700"", ""buy_10th_pre_req"": ""90"", ""buy_10th_pre_req_pre"": ""0"", ""tot_sel_req_jub_pre"": ""0"", ""tot_sel_req"": ""2633"", ""tot_buy_req"": ""2686"", ""tot_buy_req_jub_pre"": ""--30"", ""ovt_sel_req_pre"": ""0"", ""ovt_sel_req"": ""0"", ""ovt_buy_req"": ""0"", ""ovt_buy_req_pre"": ""0"", ""return_code"": 0, ""return_msg"": ""정상적으로 처리되었습니다""}"
2026-06-10,scan_candidate,085620,,0,main_scan,22250,,22250,22150,22250,22350,0.22471910112359553,0.44943820224719105,,,,,,"{""bid_req_base_tm"": ""110736"", ""sel_10th_pre_req_pre"": ""0"", ""sel_10th_pre_req"": ""543"", ""sel_10th_pre_bid"": ""-22700"", ""sel_9th_pre_req_pre"": ""0"", ""sel_9th_pre_req"": ""180"", ""sel_9th_pre_bid"": ""-22650"", ""sel_8th_pre_req_pre"": ""0"", ""sel_8th_pre_req"": ""1417"", ""sel_8th_pre_bid"": ""-22600"", ""sel_7th_pre_req_pre"": ""0"", ""sel_7th_pre_req"": ""802"", ""sel_7th_pre_bid"": ""-22550"", ""sel_6th_pre_req_pre"": ""0"", ""sel_6th_pre_req"": ""1409"", ""sel_6th_pre_bid"": ""-22500"", ""sel_5th_pre_req_pre"": ""0"", ""sel_5th_pre_req"": ""825"", ""sel_5th_pre_bid"": ""-22450"", ""sel_4th_pre_req_pre"": ""0"", ""sel_4th_pre_req"": ""975"", ""sel_4th_pre_bid"": ""-22400"", ""sel_3th_pre_req_pre"": ""0"", ""sel_3th_pre_req"": ""220"", ""sel_3th_pre_bid"": ""-22350"", ""sel_2th_pre_req_pre"": ""0"", ""sel_2th_pre_req"": ""98"", ""sel_2th_pre_bid"": ""-22300"", ""sel_1th_pre_req_pre"": ""+1"", ""sel_fpr_req"": ""432"", ""sel_fpr_bid"": ""-22250"", ""buy_fpr_bid"": ""-22150"", ""buy_fpr_req"": ""655"", ""buy_1th_pre_req_pre"": ""0"", ""buy_2th_pre_bid"": ""-22100"", ""buy_2th_pre_req"": ""3804"", ""buy_2th_pre_req_pre"": ""0"", ""buy_3th_pre_bid"": ""-22050"", ""buy_3th_pre_req"": ""2291"", ""buy_3th_pre_req_pre"": ""0"", ""buy_4th_pre_bid"": ""-22000"", ""buy_4th_pre_req"": ""2146"", ""buy_4th_pre_req_pre"": ""0"", ""buy_5th_pre_bid"": ""-21950"", ""buy_5th_pre_req"": ""2330"", ""buy_5th_pre_req_pre"": ""0"", ""buy_6th_pre_bid"": ""-21900"", ""buy_6th_pre_req"": ""2554"", ""buy_6th_pre_req_pre"": ""0"", ""buy_7th_pre_bid"": ""-21850"", ""buy_7th_pre_req"": ""1687"", ""buy_7th_pre_req_pre"": ""0"", ""buy_8th_pre_bid"": ""-21800"", ""buy_8th_pre_req"": ""3435"", ""buy_8th_pre_req_pre"": ""0"", ""buy_9th_pre_bid"": ""-21750"", ""buy_9th_pre_req"": ""4958"", ""buy_9th_pre_req_pre"": ""0"", ""buy_10th_pre_bid"": ""-21700"", ""buy_10th_pre_req"": ""2469"", ""buy_10th_pre_req_pre"": ""0"", ""tot_sel_req_jub_pre"": ""+1"", ""tot_sel_req"": ""6901"", ""tot_buy_req"": ""26329"", ""tot_buy_req_jub_pre"": ""0"", ""ovt_sel_req_pre"": ""0"", ""ovt_sel_req"": ""0"", ""ovt_buy_req"": ""0"", ""ovt_buy_req_pre"": ""0"", ""return_code"": 0, ""return_msg"": ""정상적으로 처리되었습니다""}"
2026-06-10,scan_candidate,035250,,0,main_scan,15100,,15100,15090,15100,15100,-0.33112582781456956,0.06622516556291391,,,,,,"{""bid_req_base_tm"": ""110737"", ""sel_10th_pre_req_pre"": ""0"", ""sel_10th_pre_req"": ""515"", ""sel_10th_pre_bid"": ""+15190"", ""sel_9th_pre_req_pre"": ""0"", ""sel_9th_pre_req"": ""541"", ""sel_9th_pre_bid"": ""+15180"", ""sel_8th_pre_req_pre"": ""0"", ""sel_8th_pre_req"": ""341"", ""sel_8th_pre_bid"": ""+15170"", ""sel_7th_pre_req_pre"": ""0"", ""sel_7th_pre_req"": ""119"", ""sel_7th_pre_bid"": ""+15160"", ""sel_6th_pre_req_pre"": ""0"", ""sel_6th_pre_req"": ""577"", ""sel_6th_pre_bid"": ""+15150"", ""sel_5th_pre_req_pre"": ""0"", ""sel_5th_pre_req"": ""88"", ""sel_5th_pre_bid"": ""+15140"", ""sel_4th_pre_req_pre"": ""0"", ""sel_4th_pre_req"": ""596"", ""sel_4th_pre_bid"": ""+15130"", ""sel_3th_pre_req_pre"": ""0"", ""sel_3th_pre_req"": ""506"", ""sel_3th_pre_bid"": ""+15120"", ""sel_2th_pre_req_pre"": ""0"", ""sel_2th_pre_req"": ""147"", ""sel_2th_pre_bid"": ""+15110"", ""sel_1th_pre_req_pre"": ""0"", ""sel_fpr_req"": ""54"", ""sel_fpr_bid"": ""+15100"", ""buy_fpr_bid"": ""+15090"", ""buy_fpr_req"": ""64"", ""buy_1th_pre_req_pre"": ""--50"", ""buy_2th_pre_bid"": ""+15080"", ""buy_2th_pre_req"": ""1144"", ""buy_2th_pre_req_pre"": ""0"", ""buy_3th_pre_bid"": ""+15070"", ""buy_3th_pre_req"": ""1900"", ""buy_3th_pre_req_pre"": ""0"", ""buy_4th_pre_bid"": ""+15060"", ""buy_4th_pre_req"": ""875"", ""buy_4th_pre_req_pre"": ""0"", ""buy_5th_pre_bid"": ""+15050"", ""buy_5th_pre_req"": ""511"", ""buy_5th_pre_req_pre"": ""0"", ""buy_6th_pre_bid"": ""+15040"", ""buy_6th_pre_req"": ""283"", ""buy_6th_pre_req_pre"": ""0"", ""buy_7th_pre_bid"": ""+15030"", ""buy_7th_pre_req"": ""67"", ""buy_7th_pre_req_pre"": ""0"", ""buy_8th_pre_bid"": ""+15020"", ""buy_8th_pre_req"": ""56"", ""buy_8th_pre_req_pre"": ""0"", ""buy_9th_pre_bid"": ""+15010"", ""buy_9th_pre_req"": ""233"", ""buy_9th_pre_req_pre"": ""0"", ""buy_10th_pre_bid"": ""+15000"", ""buy_10th_pre_req"": ""363"", ""buy_10th_pre_req_pre"": ""0"", ""tot_sel_req_jub_pre"": ""0"", ""tot_sel_req"": ""3484"", ""tot_buy_req"": ""5496"", ""tot_buy_req_jub_pre"": ""--50"", ""ovt_sel_req_pre"": ""0"", ""ovt_sel_req"": ""0"", ""ovt_buy_req"": ""0"", ""ovt_buy_req_pre"": ""0"", ""return_code"": 0, ""return_msg"": ""정상적으로 처리되었습니다""}"
2026-06-10,scan_candidate,001450,,0,main_scan,37600,,37600,37550,37600,37600,-0.13297872340425532,0.13297872340425532,,,,,,"{""bid_req_base_tm"": ""110737"", ""sel_10th_pre_req_pre"": ""0"", ""sel_10th_pre_req"": ""163"", ""sel_10th_pre_bid"": ""+38050"", ""sel_9th_pre_req_pre"": ""0"", ""sel_9th_pre_req"": ""522"", ""sel_9th_pre_bid"": ""+38000"", ""sel_8th_pre_req_pre"": ""0"", ""sel_8th_pre_req"": ""237"", ""sel_8th_pre_bid"": ""+37950"", ""sel_7th_pre_req_pre"": ""0"", ""sel_7th_pre_req"": ""99"", ""sel_7th_pre_bid"": ""+37900"", ""sel_6th_pre_req_pre"": ""0"", ""sel_6th_pre_req"": ""512"", ""sel_6th_pre_bid"": ""+37850"", ""sel_5th_pre_req_pre"": ""0"", ""sel_5th_pre_req"": ""257"", ""sel_5th_pre_bid"": ""+37800"", ""sel_4th_pre_req_pre"": ""0"", ""sel_4th_pre_req"": ""72"", ""sel_4th_pre_bid"": ""+37750"", ""sel_3th_pre_req_pre"": ""0"", ""sel_3th_pre_req"": ""461"", ""sel_3th_pre_bid"": ""+37700"", ""sel_2th_pre_req_pre"": ""0"", ""sel_2th_pre_req"": ""243"", ""sel_2th_pre_bid"": ""+37650"", ""sel_1th_pre_req_pre"": ""0"", ""sel_fpr_req"": ""219"", ""sel_fpr_bid"": ""+37600"", ""buy_fpr_bid"": ""+37550"", ""buy_fpr_req"": ""130"", ""buy_1th_pre_req_pre"": ""+46"", ""buy_2th_pre_bid"": ""+37500"", ""buy_2th_pre_req"": ""856"", ""buy_2th_pre_req_pre"": ""0"", ""buy_3th_pre_bid"": ""+37450"", ""buy_3th_pre_req"": ""551"", ""buy_3th_pre_req_pre"": ""0"", ""buy_4th_pre_bid"": ""+37400"", ""buy_4th_pre_req"": ""139"", ""buy_4th_pre_req_pre"": ""0"", ""buy_5th_pre_bid"": ""+37350"", ""buy_5th_pre_req"": ""194"", ""buy_5th_pre_req_pre"": ""0"", ""buy_6th_pre_bid"": ""+37300"", ""buy_6th_pre_req"": ""381"", ""buy_6th_pre_req_pre"": ""0"", ""buy_7th_pre_bid"": ""+37250"", ""buy_7th_pre_req"": ""204"", ""buy_7th_pre_req_pre"": ""0"", ""buy_8th_pre_bid"": ""+37200"", ""buy_8th_pre_req"": ""488"", ""buy_8th_pre_req_pre"": ""0"", ""buy_9th_pre_bid"": ""+37150"", ""buy_9th_pre_req"": ""40"", ""buy_9th_pre_req_pre"": ""0"", ""buy_10th_pre_bid"": ""+37100"", ""buy_10th_pre_req"": ""649"", ""buy_10th_pre_req_pre"": ""0"", ""tot_sel_req_jub_pre"": ""0"", ""tot_sel_req"": ""2785"", ""tot_buy_req"": ""3632"", ""tot_buy_req_jub_pre"": ""+46"", ""ovt_sel_req_pre"": ""0"", ""ovt_sel_req"": ""0"", ""ovt_buy_req"": ""0"", ""ovt_buy_req_pre"": ""0"", ""return_code"": 0, ""return_msg"": ""정상적으로 처리되었습니다""}"
2026-06-10,scan_candidate,036460,,0,main_scan,34500,,34500,34400,34500,34450,-0.2898550724637681,0.2898550724637681,,,,,,"{""bid_req_base_tm"": ""110730"", ""sel_10th_pre_req_pre"": ""0"", ""sel_10th_pre_req"": ""398"", ""sel_10th_pre_bid"": ""+34950"", ""sel_9th_pre_req_pre"": ""0"", ""sel_9th_pre_req"": ""619"", ""sel_9th_pre_bid"": ""+34900"", ""sel_8th_pre_req_pre"": ""0"", ""sel_8th_pre_req"": ""533"", ""sel_8th_pre_bid"": ""+34850"", ""sel_7th_pre_req_pre"": ""0"", ""sel_7th_pre_req"": ""310"", ""sel_7th_pre_bid"": ""+34800"", ""sel_6th_pre_req_pre"": ""0"", ""sel_6th_pre_req"": ""578"", ""sel_6th_pre_bid"": ""+34750"", ""sel_5th_pre_req_pre"": ""0"", ""sel_5th_pre_req"": ""662"", ""sel_5th_pre_bid"": ""+34700"", ""sel_4th_pre_req_pre"": ""0"", ""sel_4th_pre_req"": ""513"", ""sel_4th_pre_bid"": ""+34650"", ""sel_3th_pre_req_pre"": ""0"", ""sel_3th_pre_req"": ""971"", ""sel_3th_pre_bid"": ""+34600"", ""sel_2th_pre_req_pre"": ""0"", ""sel_2th_pre_req"": ""417"", ""sel_2th_pre_bid"": ""+34550"", ""sel_1th_pre_req_pre"": ""--24"", ""sel_fpr_req"": ""506"", ""sel_fpr_bid"": ""+34500"", ""buy_fpr_bid"": ""+34400"", ""buy_fpr_req"": ""315"", ""buy_1th_pre_req_pre"": ""--12"", ""buy_2th_pre_bid"": ""+34350"", ""buy_2th_pre_req"": ""196"", ""buy_2th_pre_req_pre"": ""0"", ""buy_3th_pre_bid"": ""+34300"", ""buy_3th_pre_req"": ""172"", ""buy_3th_pre_req_pre"": ""0"", ""buy_4th_pre_bid"": ""+34250"", ""buy_4th_pre_req"": ""771"", ""buy_4th_pre_req_pre"": ""0"", ""buy_5th_pre_bid"": ""+34200"", ""buy_5th_pre_req"": ""760"", ""buy_5th_pre_req_pre"": ""0"", ""buy_6th_pre_bid"": ""+34150"", ""buy_6th_pre_req"": ""594"", ""buy_6th_pre_req_pre"": ""0"", ""buy_7th_pre_bid"": ""+34100"", ""buy_7th_pre_req"": ""700"", ""buy_7th_pre_req_pre"": ""0"", ""buy_8th_pre_bid"": ""+34050"", ""buy_8th_pre_req"": ""1218"", ""buy_8th_pre_req_pre"": ""0"", ""buy_9th_pre_bid"": ""34000"", ""buy_9th_pre_req"": ""3356"", ""buy_9th_pre_req_pre"": ""0"", ""buy_10th_pre_bid"": ""-33950"", ""buy_10th_pre_req"": ""854"", ""buy_10th_pre_req_pre"": ""0"", ""tot_sel_req_jub_pre"": ""--24"", ""tot_sel_req"": ""5507"", ""tot_buy_req"": ""8936"", ""tot_buy_req_jub_pre"": ""--12"", ""ovt_sel_req_pre"": ""0"", ""ovt_sel_req"": ""0"", ""ovt_buy_req"": ""0"", ""ovt_buy_req_pre"": ""0"", ""return_code"": 0, ""return_msg"": ""정상적으로 처리되었습니다""}"
2026-06-10,scan_candidate,017800,,0,main_scan,76600,,76600,76500,76600,76700,0.0,0.13054830287206268,,,,,,"{""bid_req_base_tm"": ""110736"", ""sel_10th_pre_req_pre"": ""0"", ""sel_10th_pre_req"": ""29"", ""sel_10th_pre_bid"": ""+77600"", ""sel_9th_pre_req_pre"": ""0"", ""sel_9th_pre_req"": ""62"", ""sel_9th_pre_bid"": ""+77500"", ""sel_8th_pre_req_pre"": ""0"", ""sel_8th_pre_req"": ""27"", ""sel_8th_pre_bid"": ""+77400"", ""sel_7th_pre_req_pre"": ""0"", ""sel_7th_pre_req"": ""10"", ""sel_7th_pre_bid"": ""+77300"", ""sel_6th_pre_req_pre"": ""0"", ""sel_6th_pre_req"": ""110"", ""sel_6th_pre_bid"": ""+77200"", ""sel_5th_pre_req_pre"": ""0"", ""sel_5th_pre_req"": ""30"", ""sel_5th_pre_bid"": ""+77100"", ""sel_4th_pre_req_pre"": ""0"", ""sel_4th_pre_req"": ""24"", ""sel_4th_pre_bid"": ""+76900"", ""sel_3th_pre_req_pre"": ""0"", ""sel_3th_pre_req"": ""19"", ""sel_3th_pre_bid"": ""+76800"", ""sel_2th_pre_req_pre"": ""0"", ""sel_2th_pre_req"": ""31"", ""sel_2th_pre_bid"": ""76700"", ""sel_1th_pre_req_pre"": ""0"", ""sel_fpr_req"": ""591"", ""sel_fpr_bid"": ""-76600"", ""buy_fpr_bid"": ""-76500"", ""buy_fpr_req"": ""693"", ""buy_1th_pre_req_pre"": ""+89"", ""buy_2th_pre_bid"": ""-76400"", ""buy_2th_pre_req"": ""77"", ""buy_2th_pre_req_pre"": ""0"", ""buy_3th_pre_bid"": ""-76300"", ""buy_3th_pre_req"": ""12"", ""buy_3th_pre_req_pre"": ""0"", ""buy_4th_pre_bid"": ""-76200"", ""buy_4th_pre_req"": ""18"", ""buy_4th_pre_req_pre"": ""0"", ""buy_5th_pre_bid"": ""-76100"", ""buy_5th_pre_req"": ""25"", ""buy_5th_pre_req_pre"": ""0"", ""buy_6th_pre_bid"": ""-76000"", ""buy_6th_pre_req"": ""64"", ""buy_6th_pre_req_pre"": ""0"", ""buy_7th_pre_bid"": ""-75900"", ""buy_7th_pre_req"": ""110"", ""buy_7th_pre_req_pre"": ""0"", ""buy_8th_pre_bid"": ""-75800"", ""buy_8th_pre_req"": ""185"", ""buy_8th_pre_req_pre"": ""0"", ""buy_9th_pre_bid"": ""-75700"", ""buy_9th_pre_req"": ""59"", ""buy_9th_pre_req_pre"": ""0"", ""buy_10th_pre_bid"": ""-75600"", ""buy_10th_pre_req"": ""237"", ""buy_10th_pre_req_pre"": ""0"", ""tot_sel_req_jub_pre"": ""0"", ""tot_sel_req"": ""933"", ""tot_buy_req"": ""1480"", ""tot_buy_req_jub_pre"": ""+89"", ""ovt_sel_req_pre"": ""0"", ""ovt_sel_req"": ""0"", ""ovt_buy_req"": ""0"", ""ovt_buy_req_pre"": ""0"", ""return_code"": 0, ""return_msg"": ""정상적으로 처리되었습니다""}"
2026-06-10,scan_candidate,007810,,0,main_scan,120400,,120400,120300,120400,120000,-0.7475083056478405,0.08305647840531562,,,,,,"{""bid_req_base_tm"": ""110735"", ""sel_10th_pre_req_pre"": ""0"", ""sel_10th_pre_req"": ""47"", ""sel_10th_pre_bid"": ""+121700"", ""sel_9th_pre_req_pre"": ""0"", ""sel_9th_pre_req"": ""100"", ""sel_9th_pre_bid"": ""+121600"", ""sel_8th_pre_req_pre"": ""0"", ""sel_8th_pre_req"": ""37"", ""sel_8th_pre_bid"": ""+121500"", ""sel_7th_pre_req_pre"": ""0"", ""sel_7th_pre_req"": ""65"", ""sel_7th_pre_bid"": ""+121400"", ""sel_6th_pre_req_pre"": ""0"", ""sel_6th_pre_req"": ""4"", ""sel_6th_pre_bid"": ""+121300"", ""sel_5th_pre_req_pre"": ""0"", ""sel_5th_pre_req"": ""12"", ""sel_5th_pre_bid"": ""+121200"", ""sel_4th_pre_req_pre"": ""0"", ""sel_4th_pre_req"": ""7"", ""sel_4th_pre_bid"": ""+121000"", ""sel_3th_pre_req_pre"": ""0"", ""sel_3th_pre_req"": ""472"", ""sel_3th_pre_bid"": ""+120900"", ""sel_2th_pre_req_pre"": ""0"", ""sel_2th_pre_req"": ""140"", ""sel_2th_pre_bid"": ""+120800"", ""sel_1th_pre_req_pre"": ""0"", ""sel_fpr_req"": ""25"", ""sel_fpr_bid"": ""+120400"", ""buy_fpr_bid"": ""120300"", ""buy_fpr_req"": ""54"", ""buy_1th_pre_req_pre"": ""0"", ""buy_2th_pre_bid"": ""-120100"", ""buy_2th_pre_req"": ""10"", ""buy_2th_pre_req_pre"": ""0"", ""buy_3th_pre_bid"": ""-120000"", ""buy_3th_pre_req"": ""26"", ""buy_3th_pre_req_pre"": ""0"", ""buy_4th_pre_bid"": ""-119900"", ""buy_4th_pre_req"": ""1"", ""buy_4th_pre_req_pre"": ""0"", ""buy_5th_pre_bid"": ""-119800"", ""buy_5th_pre_req"": ""5"", ""buy_5th_pre_req_pre"": ""0"", ""buy_6th_pre_bid"": ""-119700"", ""buy_6th_pre_req"": ""51"", ""buy_6th_pre_req_pre"": ""0"", ""buy_7th_pre_bid"": ""-119600"", ""buy_7th_pre_req"": ""1"", ""buy_7th_pre_req_pre"": ""0"", ""buy_8th_pre_bid"": ""-119500"", ""buy_8th_pre_req"": ""102"", ""buy_8th_pre_req_pre"": ""0"", ""buy_9th_pre_bid"": ""-119400"", ""buy_9th_pre_req"": ""75"", ""buy_9th_pre_req_pre"": ""0"", ""buy_10th_pre_bid"": ""-119300"", ""buy_10th_pre_req"": ""91"", ""buy_10th_pre_req_pre"": ""0"", ""tot_sel_req_jub_pre"": ""0"", ""tot_sel_req"": ""909"", ""tot_buy_req"": ""416"", ""tot_buy_req_jub_pre"": ""--280"", ""ovt_sel_req_pre"": ""0"", ""ovt_sel_req"": ""0"", ""ovt_buy_req"": ""0"", ""ovt_buy_req_pre"": ""0"", ""return_code"": 0, ""return_msg"": ""정상적으로 처리되었습니다""}"
2026-06-10,scan_candidate,001740,,0,main_scan,14150,,14150,14140,14150,14100,-0.7067137809187279,0.0706713780918728,,,,,,"{""bid_req_base_tm"": ""110738"", ""sel_10th_pre_req_pre"": ""0"", ""sel_10th_pre_req"": ""1979"", ""sel_10th_pre_bid"": ""-14240"", ""sel_9th_pre_req_pre"": ""0"", ""sel_9th_pre_req"": ""2802"", ""sel_9th_pre_bid"": ""-14230"", ""sel_8th_pre_req_pre"": ""0"", ""sel_8th_pre_req"": ""1156"", ""sel_8th_pre_bid"": ""-14220"", ""sel_7th_pre_req_pre"": ""0"", ""sel_7th_pre_req"": ""4607"", ""sel_7th_pre_bid"": ""-14210"", ""sel_6th_pre_req_pre"": ""0"", ""sel_6th_pre_req"": ""3848"", ""sel_6th_pre_bid"": ""-14200"", ""sel_5th_pre_req_pre"": ""0"", ""sel_5th_pre_req"": ""442"", ""sel_5th_pre_bid"": ""-14190"", ""sel_4th_pre_req_pre"": ""0"", ""sel_4th_pre_req"": ""1181"", ""sel_4th_pre_bid"": ""-14180"", ""sel_3th_pre_req_pre"": ""0"", ""sel_3th_pre_req"": ""2370"", ""sel_3th_pre_bid"": ""-14170"", ""sel_2th_pre_req_pre"": ""0"", ""sel_2th_pre_req"": ""2729"", ""sel_2th_pre_bid"": ""-14160"", ""sel_1th_pre_req_pre"": ""0"", ""sel_fpr_req"": ""550"", ""sel_fpr_bid"": ""-14150"", ""buy_fpr_bid"": ""-14140"", ""buy_fpr_req"": ""1599"", ""buy_1th_pre_req_pre"": ""+22"", ""buy_2th_pre_bid"": ""-14130"", ""buy_2th_pre_req"": ""340"", ""buy_2th_pre_req_pre"": ""0"", ""buy_3th_pre_bid"": ""-14120"", ""buy_3th_pre_req"": ""449"", ""buy_3th_pre_req_pre"": ""0"", ""buy_4th_pre_bid"": ""-14110"", ""buy_4th_pre_req"": ""1009"", ""buy_4th_pre_req_pre"": ""0"", ""buy_5th_pre_bid"": ""-14100"", ""buy_5th_pre_req"": ""1493"", ""buy_5th_pre_req_pre"": ""0"", ""buy_6th_pre_bid"": ""-14090"", ""buy_6th_pre_req"": ""393"", ""buy_6th_pre_req_pre"": ""0"", ""buy_7th_pre_bid"": ""-14080"", ""buy_7th_pre_req"": ""1497"", ""buy_7th_pre_req_pre"": ""0"", ""buy_8th_pre_bid"": ""-14070"", ""buy_8th_pre_req"": ""3068"", ""buy_8th_pre_req_pre"": ""0"", ""buy_9th_pre_bid"": ""-14060"", ""buy_9th_pre_req"": ""3960"", ""buy_9th_pre_req_pre"": ""0"", ""buy_10th_pre_bid"": ""-14050"", ""buy_10th_pre_req"": ""7326"", ""buy_10th_pre_req_pre"": ""0"", ""tot_sel_req_jub_pre"": ""0"", ""tot_sel_req"": ""21664"", ""tot_buy_req"": ""21134"", ""tot_buy_req_jub_pre"": ""+22"", ""ovt_sel_req_pre"": ""0"", ""ovt_sel_req"": ""0"", ""ovt_buy_req"": ""0"", ""ovt_buy_req_pre"": ""0"", ""return_code"": 0, ""return_msg"": ""정상적으로 처리되었습니다""}"
2026-06-10,scan_candidate,383220,,0,main_scan,75600,,75600,75400,75600,75300,-0.5291005291005291,0.26455026455026454,,,,,,"{""bid_req_base_tm"": ""110729"", ""sel_10th_pre_req_pre"": ""0"", ""sel_10th_pre_req"": ""9"", ""sel_10th_pre_bid"": ""+76700"", ""sel_9th_pre_req_pre"": ""0"", ""sel_9th_pre_req"": ""32"", ""sel_9th_pre_bid"": ""+76600"", ""sel_8th_pre_req_pre"": ""0"", ""sel_8th_pre_req"": ""14"", ""sel_8th_pre_bid"": ""+76500"", ""sel_7th_pre_req_pre"": ""0"", ""sel_7th_pre_req"": ""12"", ""sel_7th_pre_bid"": ""+76400"", ""sel_6th_pre_req_pre"": ""0"", ""sel_6th_pre_req"": ""100"", ""sel_6th_pre_bid"": ""+76300"", ""sel_5th_pre_req_pre"": ""0"", ""sel_5th_pre_req"": ""13"", ""sel_5th_pre_bid"": ""+76200"", ""sel_4th_pre_req_pre"": ""0"", ""sel_4th_pre_req"": ""122"", ""sel_4th_pre_bid"": ""+76000"", ""sel_3th_pre_req_pre"": ""0"", ""sel_3th_pre_req"": ""159"", ""sel_3th_pre_bid"": ""+75900"", ""sel_2th_pre_req_pre"": ""0"", ""sel_2th_pre_req"": ""23"", ""sel_2th_pre_bid"": ""+75800"", ""sel_1th_pre_req_pre"": ""0"", ""sel_fpr_req"": ""28"", ""sel_fpr_bid"": ""+75600"", ""buy_fpr_bid"": ""+75400"", ""buy_fpr_req"": ""25"", ""buy_1th_pre_req_pre"": ""+3"", ""buy_2th_pre_bid"": ""+75300"", ""buy_2th_pre_req"": ""19"", ""buy_2th_pre_req_pre"": ""0"", ""buy_3th_pre_bid"": ""+75200"", ""buy_3th_pre_req"": ""66"", ""buy_3th_pre_req_pre"": ""0"", ""buy_4th_pre_bid"": ""+75100"", ""buy_4th_pre_req"": ""15"", ""buy_4th_pre_req_pre"": ""0"", ""buy_5th_pre_bid"": ""+74900"", ""buy_5th_pre_req"": ""9"", ""buy_5th_pre_req_pre"": ""0"", ""buy_6th_pre_bid"": ""+74800"", ""buy_6th_pre_req"": ""1"", ""buy_6th_pre_req_pre"": ""0"", ""buy_7th_pre_bid"": ""+74700"", ""buy_7th_pre_req"": ""110"", ""buy_7th_pre_req_pre"": ""0"", ""buy_8th_pre_bid"": ""74600"", ""buy_8th_pre_req"": ""30"", ""buy_8th_pre_req_pre"": ""0"", ""buy_9th_pre_bid"": ""-74500"", ""buy_9th_pre_req"": ""27"", ""buy_9th_pre_req_pre"": ""0"", ""buy_10th_pre_bid"": ""-74400"", ""buy_10th_pre_req"": ""40"", ""buy_10th_pre_req_pre"": ""0"", ""tot_sel_req_jub_pre"": ""0"", ""tot_sel_req"": ""512"", ""tot_buy_req"": ""342"", ""tot_buy_req_jub_pre"": ""+3"", ""ovt_sel_req_pre"": ""0"", ""ovt_sel_req"": ""0"", ""ovt_buy_req"": ""0"", ""ovt_buy_req_pre"": ""0"", ""return_code"": 0, ""return_msg"": ""정상적으로 처리되었습니다""}"
2026-06-10,scan_candidate,014680,,0,main_scan,260500,,260500,260000,260500,262000,0.3838771593090211,0.19193857965451055,,,,,,"{""bid_req_base_tm"": ""110736"", ""sel_10th_pre_req_pre"": ""0"", ""sel_10th_pre_req"": ""35"", ""sel_10th_pre_bid"": ""+265000"", ""sel_9th_pre_req_pre"": ""0"", ""sel_9th_pre_req"": ""2"", ""sel_9th_pre_bid"": ""+264500"", ""sel_8th_pre_req_pre"": ""0"", ""sel_8th_pre_req"": ""83"", ""sel_8th_pre_bid"": ""+264000"", ""sel_7th_pre_req_pre"": ""0"", ""sel_7th_pre_req"": ""13"", ""sel_7th_pre_bid"": ""+263500"", ""sel_6th_pre_req_pre"": ""0"", ""sel_6th_pre_req"": ""4"", ""sel_6th_pre_bid"": ""+263000"", ""sel_5th_pre_req_pre"": ""0"", ""sel_5th_pre_req"": ""4"", ""sel_5th_pre_bid"": ""+262500"", ""sel_4th_pre_req_pre"": ""0"", ""sel_4th_pre_req"": ""10"", ""sel_4th_pre_bid"": ""+262000"", ""sel_3th_pre_req_pre"": ""0"", ""sel_3th_pre_req"": ""15"", ""sel_3th_pre_bid"": ""+261500"", ""sel_2th_pre_req_pre"": ""0"", ""sel_2th_pre_req"": ""25"", ""sel_2th_pre_bid"": ""+261000"", ""sel_1th_pre_req_pre"": ""+3"", ""sel_fpr_req"": ""150"", ""sel_fpr_bid"": ""+260500"", ""buy_fpr_bid"": ""+260000"", ""buy_fpr_req"": ""143"", ""buy_1th_pre_req_pre"": ""0"", ""buy_2th_pre_bid"": ""+259500"", ""buy_2th_pre_req"": ""156"", ""buy_2th_pre_req_pre"": ""0"", ""buy_3th_pre_bid"": ""+259000"", ""buy_3th_pre_req"": ""245"", ""buy_3th_pre_req_pre"": ""0"", ""buy_4th_pre_bid"": ""+258500"", ""buy_4th_pre_req"": ""120"", ""buy_4th_pre_req_pre"": ""0"", ""buy_5th_pre_bid"": ""+258000"", ""buy_5th_pre_req"": ""101"", ""buy_5th_pre_req_pre"": ""0"", ""buy_6th_pre_bid"": ""+257500"", ""buy_6th_pre_req"": ""132"", ""buy_6th_pre_req_pre"": ""0"", ""buy_7th_pre_bid"": ""+257000"", ""buy_7th_pre_req"": ""141"", ""buy_7th_pre_req_pre"": ""0"", ""buy_8th_pre_bid"": ""+256500"", ""buy_8th_pre_req"": ""3"", ""buy_8th_pre_req_pre"": ""0"", ""buy_9th_pre_bid"": ""+256000"", ""buy_9th_pre_req"": ""45"", ""buy_9th_pre_req_pre"": ""0"", ""buy_10th_pre_bid"": ""+255500"", ""buy_10th_pre_req"": ""79"", ""buy_10th_pre_req_pre"": ""0"", ""tot_sel_req_jub_pre"": ""+3"", ""tot_sel_req"": ""341"", ""tot_buy_req"": ""1165"", ""tot_buy_req_jub_pre"": ""0"", ""ovt_sel_req_pre"": ""0"", ""ovt_sel_req"": ""0"", ""ovt_buy_req"": ""0"", ""ovt_buy_req_pre"": ""0"", ""return_code"": 0, ""return_msg"": ""정상적으로 처리되었습니다""}"
2026-06-10,scan_candidate,028670,,0,main_scan,5020,,5020,5010,5020,5060,0.5976095617529881,0.199203187250996,,,,,,"{""bid_req_base_tm"": ""110732"", ""sel_10th_pre_req_pre"": ""0"", ""sel_10th_pre_req"": ""801"", ""sel_10th_pre_bid"": ""-5110"", ""sel_9th_pre_req_pre"": ""0"", ""sel_9th_pre_req"": ""2461"", ""sel_9th_pre_bid"": ""-5100"", ""sel_8th_pre_req_pre"": ""0"", ""sel_8th_pre_req"": ""1385"", ""sel_8th_pre_bid"": ""-5090"", ""sel_7th_pre_req_pre"": ""0"", ""sel_7th_pre_req"": ""1217"", ""sel_7th_pre_bid"": ""-5080"", ""sel_6th_pre_req_pre"": ""0"", ""sel_6th_pre_req"": ""601"", ""sel_6th_pre_bid"": ""-5070"", ""sel_5th_pre_req_pre"": ""0"", ""sel_5th_pre_req"": ""504"", ""sel_5th_pre_bid"": ""-5060"", ""sel_4th_pre_req_pre"": ""0"", ""sel_4th_pre_req"": ""1271"", ""sel_4th_pre_bid"": ""-5050"", ""sel_3th_pre_req_pre"": ""0"", ""sel_3th_pre_req"": ""1184"", ""sel_3th_pre_bid"": ""-5040"", ""sel_2th_pre_req_pre"": ""0"", ""sel_2th_pre_req"": ""1637"", ""sel_2th_pre_bid"": ""-5030"", ""sel_1th_pre_req_pre"": ""0"", ""sel_fpr_req"": ""3737"", ""sel_fpr_bid"": ""-5020"", ""buy_fpr_bid"": ""-5010"", ""buy_fpr_req"": ""23211"", ""buy_1th_pre_req_pre"": ""+199"", ""buy_2th_pre_bid"": ""-5000"", ""buy_2th_pre_req"": ""15385"", ""buy_2th_pre_req_pre"": ""0"", ""buy_3th_pre_bid"": ""-4995"", ""buy_3th_pre_req"": ""7078"", ""buy_3th_pre_req_pre"": ""0"", ""buy_4th_pre_bid"": ""-4990"", ""buy_4th_pre_req"": ""5872"", ""buy_4th_pre_req_pre"": ""0"", ""buy_5th_pre_bid"": ""-4985"", ""buy_5th_pre_req"": ""1485"", ""buy_5th_pre_req_pre"": ""0"", ""buy_6th_pre_bid"": ""-4980"", ""buy_6th_pre_req"": ""7356"", ""buy_6th_pre_req_pre"": ""0"", ""buy_7th_pre_bid"": ""-4975"", ""buy_7th_pre_req"": ""150"", ""buy_7th_pre_req_pre"": ""0"", ""buy_8th_pre_bid"": ""-4970"", ""buy_8th_pre_req"": ""3762"", ""buy_8th_pre_req_pre"": ""0"", ""buy_9th_pre_bid"": ""-4965"", ""buy_9th_pre_req"": ""496"", ""buy_9th_pre_req_pre"": ""0"", ""buy_10th_pre_bid"": ""-4960"", ""buy_10th_pre_req"": ""2806"", ""buy_10th_pre_req_pre"": ""0"", ""tot_sel_req_jub_pre"": ""0"", ""tot_sel_req"": ""14798"", ""tot_buy_req"": ""67601"", ""tot_buy_req_jub_pre"": ""+199"", ""ovt_sel_req_pre"": ""0"", ""ovt_sel_req"": ""0"", ""ovt_buy_req"": ""0"", ""ovt_buy_req_pre"": ""0"", ""return_code"": 0, ""return_msg"": ""정상적으로 처리되었습니다""}"
2026-06-10,scan_candidate,009420,,0,main_scan,50300,,50300,50200,50300,50500,0.19880715705765406,0.19880715705765406,,,,,,"{""bid_req_base_tm"": ""110738"", ""sel_10th_pre_req_pre"": ""0"", ""sel_10th_pre_req"": ""652"", ""sel_10th_pre_bid"": ""-51200"", ""sel_9th_pre_req_pre"": ""0"", ""sel_9th_pre_req"": ""79"", ""sel_9th_pre_bid"": ""-51100"", ""sel_8th_pre_req_pre"": ""0"", ""sel_8th_pre_req"": ""163"", ""sel_8th_pre_bid"": ""-51000"", ""sel_7th_pre_req_pre"": ""0"", ""sel_7th_pre_req"": ""235"", ""sel_7th_pre_bid"": ""-50900"", ""sel_6th_pre_req_pre"": ""0"", ""sel_6th_pre_req"": ""57"", ""sel_6th_pre_bid"": ""-50800"", ""sel_5th_pre_req_pre"": ""0"", ""sel_5th_pre_req"": ""53"", ""sel_5th_pre_bid"": ""-50700"", ""sel_4th_pre_req_pre"": ""0"", ""sel_4th_pre_req"": ""171"", ""sel_4th_pre_bid"": ""-50600"", ""sel_3th_pre_req_pre"": ""0"", ""sel_3th_pre_req"": ""103"", ""sel_3th_pre_bid"": ""-50500"", ""sel_2th_pre_req_pre"": ""0"", ""sel_2th_pre_req"": ""89"", ""sel_2th_pre_bid"": ""-50400"", ""sel_1th_pre_req_pre"": ""+18"", ""sel_fpr_req"": ""261"", ""sel_fpr_bid"": ""-50300"", ""buy_fpr_bid"": ""-50200"", ""buy_fpr_req"": ""246"", ""buy_1th_pre_req_pre"": ""0"", ""buy_2th_pre_bid"": ""-50100"", ""buy_2th_pre_req"": ""248"", ""buy_2th_pre_req_pre"": ""0"", ""buy_3th_pre_bid"": ""-50000"", ""buy_3th_pre_req"": ""720"", ""buy_3th_pre_req_pre"": ""0"", ""buy_4th_pre_bid"": ""-49950"", ""buy_4th_pre_req"": ""355"", ""buy_4th_pre_req_pre"": ""0"", ""buy_5th_pre_bid"": ""-49900"", ""buy_5th_pre_req"": ""376"", ""buy_5th_pre_req_pre"": ""0"", ""buy_6th_pre_bid"": ""-49850"", ""buy_6th_pre_req"": ""559"", ""buy_6th_pre_req_pre"": ""0"", ""buy_7th_pre_bid"": ""-49800"", ""buy_7th_pre_req"": ""542"", ""buy_7th_pre_req_pre"": ""0"", ""buy_8th_pre_bid"": ""-49750"", ""buy_8th_pre_req"": ""844"", ""buy_8th_pre_req_pre"": ""0"", ""buy_9th_pre_bid"": ""-49700"", ""buy_9th_pre_req"": ""1220"", ""buy_9th_pre_req_pre"": ""0"", ""buy_10th_pre_bid"": ""-49650"", ""buy_10th_pre_req"": ""41"", ""buy_10th_pre_req_pre"": ""0"", ""tot_sel_req_jub_pre"": ""+18"", ""tot_sel_req"": ""1863"", ""tot_buy_req"": ""5151"", ""tot_buy_req_jub_pre"": ""0"", ""ovt_sel_req_pre"": ""0"", ""ovt_sel_req"": ""0"", ""ovt_buy_req"": ""0"", ""ovt_buy_req_pre"": ""0"", ""return_code"": 0, ""return_msg"": ""정상적으로 처리되었습니다""}"
2026-06-10,scan_candidate,375500,,0,main_scan,70800,,70800,70700,70800,70600,-0.423728813559322,0.14124293785310735,,,,,,"{""bid_req_base_tm"": ""110737"", ""sel_10th_pre_req_pre"": ""0"", ""sel_10th_pre_req"": ""203"", ""sel_10th_pre_bid"": ""+71900"", ""sel_9th_pre_req_pre"": ""0"", ""sel_9th_pre_req"": ""202"", ""sel_9th_pre_bid"": ""+71800"", ""sel_8th_pre_req_pre"": ""0"", ""sel_8th_pre_req"": ""25"", ""sel_8th_pre_bid"": ""+71700"", ""sel_7th_pre_req_pre"": ""0"", ""sel_7th_pre_req"": ""77"", ""sel_7th_pre_bid"": ""+71600"", ""sel_6th_pre_req_pre"": ""0"", ""sel_6th_pre_req"": ""255"", ""sel_6th_pre_bid"": ""+71500"", ""sel_5th_pre_req_pre"": ""0"", ""sel_5th_pre_req"": ""21"", ""sel_5th_pre_bid"": ""+71400"", ""sel_4th_pre_req_pre"": ""0"", ""sel_4th_pre_req"": ""107"", ""sel_4th_pre_bid"": ""+71200"", ""sel_3th_pre_req_pre"": ""0"", ""sel_3th_pre_req"": ""134"", ""sel_3th_pre_bid"": ""+71100"", ""sel_2th_pre_req_pre"": ""0"", ""sel_2th_pre_req"": ""268"", ""sel_2th_pre_bid"": ""+70900"", ""sel_1th_pre_req_pre"": ""0"", ""sel_fpr_req"": ""71"", ""sel_fpr_bid"": ""+70800"", ""buy_fpr_bid"": ""+70700"", ""buy_fpr_req"": ""165"", ""buy_1th_pre_req_pre"": ""0"", ""buy_2th_pre_bid"": ""+70600"", ""buy_2th_pre_req"": ""1"", ""buy_2th_pre_req_pre"": ""0"", ""buy_3th_pre_bid"": ""+70500"", ""buy_3th_pre_req"": ""1"", ""buy_3th_pre_req_pre"": ""0"", ""buy_4th_pre_bid"": ""+70400"", ""buy_4th_pre_req"": ""48"", ""buy_4th_pre_req_pre"": ""0"", ""buy_5th_pre_bid"": ""+70300"", ""buy_5th_pre_req"": ""38"", ""buy_5th_pre_req_pre"": ""0"", ""buy_6th_pre_bid"": ""+70200"", ""buy_6th_pre_req"": ""75"", ""buy_6th_pre_req_pre"": ""0"", ""buy_7th_pre_bid"": ""+70100"", ""buy_7th_pre_req"": ""143"", ""buy_7th_pre_req_pre"": ""0"", ""buy_8th_pre_bid"": ""+70000"", ""buy_8th_pre_req"": ""112"", ""buy_8th_pre_req_pre"": ""0"", ""buy_9th_pre_bid"": ""+69900"", ""buy_9th_pre_req"": ""29"", ""buy_9th_pre_req_pre"": ""0"", ""buy_10th_pre_bid"": ""+69800"", ""buy_10th_pre_req"": ""64"", ""buy_10th_pre_req_pre"": ""0"", ""tot_sel_req_jub_pre"": ""0"", ""tot_sel_req"": ""1363"", ""tot_buy_req"": ""676"", ""tot_buy_req_jub_pre"": ""0"", ""ovt_sel_req_pre"": ""0"", ""ovt_sel_req"": ""0"", ""ovt_buy_req"": ""0"", ""ovt_buy_req_pre"": ""0"", ""return_code"": 0, ""return_msg"": ""정상적으로 처리되었습니다""}"
2026-06-10,scan_candidate,004990,,0,main_scan,25850,,25850,25800,25850,25750,-0.5802707930367506,0.19342359767891684,,,,,,"{""bid_req_base_tm"": ""110734"", ""sel_10th_pre_req_pre"": ""0"", ""sel_10th_pre_req"": ""140"", ""sel_10th_pre_bid"": ""+26300"", ""sel_9th_pre_req_pre"": ""0"", ""sel_9th_pre_req"": ""135"", ""sel_9th_pre_bid"": ""+26250"", ""sel_8th_pre_req_pre"": ""0"", ""sel_8th_pre_req"": ""196"", ""sel_8th_pre_bid"": ""+26200"", ""sel_7th_pre_req_pre"": ""0"", ""sel_7th_pre_req"": ""3115"", ""sel_7th_pre_bid"": ""26150"", ""sel_6th_pre_req_pre"": ""0"", ""sel_6th_pre_req"": ""439"", ""sel_6th_pre_bid"": ""-26100"", ""sel_5th_pre_req_pre"": ""0"", ""sel_5th_pre_req"": ""264"", ""sel_5th_pre_bid"": ""-26050"", ""sel_4th_pre_req_pre"": ""0"", ""sel_4th_pre_req"": ""7"", ""sel_4th_pre_bid"": ""-26000"", ""sel_3th_pre_req_pre"": ""0"", ""sel_3th_pre_req"": ""47"", ""sel_3th_pre_bid"": ""-25950"", ""sel_2th_pre_req_pre"": ""0"", ""sel_2th_pre_req"": ""303"", ""sel_2th_pre_bid"": ""-25900"", ""sel_1th_pre_req_pre"": ""0"", ""sel_fpr_req"": ""518"", ""sel_fpr_bid"": ""-25850"", ""buy_fpr_bid"": ""-25800"", ""buy_fpr_req"": ""659"", ""buy_1th_pre_req_pre"": ""--4"", ""buy_2th_pre_bid"": ""-25750"", ""buy_2th_pre_req"": ""511"", ""buy_2th_pre_req_pre"": ""0"", ""buy_3th_pre_bid"": ""-25700"", ""buy_3th_pre_req"": ""150"", ""buy_3th_pre_req_pre"": ""0"", ""buy_4th_pre_bid"": ""-25650"", ""buy_4th_pre_req"": ""201"", ""buy_4th_pre_req_pre"": ""0"", ""buy_5th_pre_bid"": ""-25600"", ""buy_5th_pre_req"": ""295"", ""buy_5th_pre_req_pre"": ""0"", ""buy_6th_pre_bid"": ""-25550"", ""buy_6th_pre_req"": ""426"", ""buy_6th_pre_req_pre"": ""0"", ""buy_7th_pre_bid"": ""-25500"", ""buy_7th_pre_req"": ""993"", ""buy_7th_pre_req_pre"": ""0"", ""buy_8th_pre_bid"": ""-25450"", ""buy_8th_pre_req"": ""67"", ""buy_8th_pre_req_pre"": ""0"", ""buy_9th_pre_bid"": ""-25400"", ""buy_9th_pre_req"": ""653"", ""buy_9th_pre_req_pre"": ""0"", ""buy_10th_pre_bid"": ""-25350"", ""buy_10th_pre_req"": ""391"", ""buy_10th_pre_req_pre"": ""0"", ""tot_sel_req_jub_pre"": ""0"", ""tot_sel_req"": ""5164"", ""tot_buy_req"": ""4346"", ""tot_buy_req_jub_pre"": ""--4"", ""ovt_sel_req_pre"": ""0"", ""ovt_sel_req"": ""0"", ""ovt_buy_req"": ""0"", ""ovt_buy_req_pre"": ""0"", ""return_code"": 0, ""return_msg"": ""정상적으로 처리되었습니다""}"
2026-06-10,scan_candidate,483650,,0,main_scan,204500,,204500,204000,204500,203500,-0.7334963325183375,0.24449877750611246,,,,,,"{""bid_req_base_tm"": ""110735"", ""sel_10th_pre_req_pre"": ""0"", ""sel_10th_pre_req"": ""1412"", ""sel_10th_pre_bid"": ""+209000"", ""sel_9th_pre_req_pre"": ""0"", ""sel_9th_pre_req"": ""598"", ""sel_9th_pre_bid"": ""+208500"", ""sel_8th_pre_req_pre"": ""0"", ""sel_8th_pre_req"": ""443"", ""sel_8th_pre_bid"": ""+208000"", ""sel_7th_pre_req_pre"": ""0"", ""sel_7th_pre_req"": ""447"", ""sel_7th_pre_bid"": ""+207500"", ""sel_6th_pre_req_pre"": ""0"", ""sel_6th_pre_req"": ""273"", ""sel_6th_pre_bid"": ""+207000"", ""sel_5th_pre_req_pre"": ""0"", ""sel_5th_pre_req"": ""70"", ""sel_5th_pre_bid"": ""+206500"", ""sel_4th_pre_req_pre"": ""0"", ""sel_4th_pre_req"": ""67"", ""sel_4th_pre_bid"": ""+206000"", ""sel_3th_pre_req_pre"": ""0"", ""sel_3th_pre_req"": ""82"", ""sel_3th_pre_bid"": ""+205500"", ""sel_2th_pre_req_pre"": ""0"", ""sel_2th_pre_req"": ""345"", ""sel_2th_pre_bid"": ""+205000"", ""sel_1th_pre_req_pre"": ""0"", ""sel_fpr_req"": ""232"", ""sel_fpr_bid"": ""+204500"", ""buy_fpr_bid"": ""+204000"", ""buy_fpr_req"": ""126"", ""buy_1th_pre_req_pre"": ""+29"", ""buy_2th_pre_bid"": ""+203500"", ""buy_2th_pre_req"": ""94"", ""buy_2th_pre_req_pre"": ""0"", ""buy_3th_pre_bid"": ""+203000"", ""buy_3th_pre_req"": ""169"", ""buy_3th_pre_req_pre"": ""0"", ""buy_4th_pre_bid"": ""+202500"", ""buy_4th_pre_req"": ""46"", ""buy_4th_pre_req_pre"": ""0"", ""buy_5th_pre_bid"": ""+202000"", ""buy_5th_pre_req"": ""51"", ""buy_5th_pre_req_pre"": ""0"", ""buy_6th_pre_bid"": ""+201500"", ""buy_6th_pre_req"": ""142"", ""buy_6th_pre_req_pre"": ""0"", ""buy_7th_pre_bid"": ""+201000"", ""buy_7th_pre_req"": ""279"", ""buy_7th_pre_req_pre"": ""0"", ""buy_8th_pre_bid"": ""+200500"", ""buy_8th_pre_req"": ""398"", ""buy_8th_pre_req_pre"": ""0"", ""buy_9th_pre_bid"": ""+200000"", ""buy_9th_pre_req"": ""252"", ""buy_9th_pre_req_pre"": ""0"", ""buy_10th_pre_bid"": ""+199900"", ""buy_10th_pre_req"": ""157"", ""buy_10th_pre_req_pre"": ""0"", ""tot_sel_req_jub_pre"": ""0"", ""tot_sel_req"": ""3969"", ""tot_buy_req"": ""1714"", ""tot_buy_req_jub_pre"": ""+29"", ""ovt_sel_req_pre"": ""0"", ""ovt_sel_req"": ""0"", ""ovt_buy_req"": ""0"", ""ovt_buy_req_pre"": ""0"", ""return_code"": 0, ""return_msg"": ""정상적으로 처리되었습니다""}"
2026-06-10,scan_candidate,003690,,0,main_scan,13220,,13220,13210,13220,13250,-0.15128593040847202,0.07564296520423601,,,,,,"{""bid_req_base_tm"": ""110722"", ""sel_10th_pre_req_pre"": ""0"", ""sel_10th_pre_req"": ""2"", ""sel_10th_pre_bid"": ""-13310"", ""sel_9th_pre_req_pre"": ""0"", ""sel_9th_pre_req"": ""186"", ""sel_9th_pre_bid"": ""-13300"", ""sel_8th_pre_req_pre"": ""0"", ""sel_8th_pre_req"": ""22"", ""sel_8th_pre_bid"": ""-13290"", ""sel_7th_pre_req_pre"": ""0"", ""sel_7th_pre_req"": ""2"", ""sel_7th_pre_bid"": ""-13280"", ""sel_6th_pre_req_pre"": ""0"", ""sel_6th_pre_req"": ""14"", ""sel_6th_pre_bid"": ""-13270"", ""sel_5th_pre_req_pre"": ""0"", ""sel_5th_pre_req"": ""7"", ""sel_5th_pre_bid"": ""-13260"", ""sel_4th_pre_req_pre"": ""0"", ""sel_4th_pre_req"": ""25"", ""sel_4th_pre_bid"": ""-13250"", ""sel_3th_pre_req_pre"": ""0"", ""sel_3th_pre_req"": ""13"", ""sel_3th_pre_bid"": ""-13240"", ""sel_2th_pre_req_pre"": ""0"", ""sel_2th_pre_req"": ""77"", ""sel_2th_pre_bid"": ""-13230"", ""sel_1th_pre_req_pre"": ""0"", ""sel_fpr_req"": ""68"", ""sel_fpr_bid"": ""-13220"", ""buy_fpr_bid"": ""-13210"", ""buy_fpr_req"": ""272"", ""buy_1th_pre_req_pre"": ""--79"", ""buy_2th_pre_bid"": ""-13200"", ""buy_2th_pre_req"": ""408"", ""buy_2th_pre_req_pre"": ""0"", ""buy_3th_pre_bid"": ""-13190"", ""buy_3th_pre_req"": ""50"", ""buy_3th_pre_req_pre"": ""0"", ""buy_4th_pre_bid"": ""-13180"", ""buy_4th_pre_req"": ""115"", ""buy_4th_pre_req_pre"": ""0"", ""buy_5th_pre_bid"": ""-13170"", ""buy_5th_pre_req"": ""80"", ""buy_5th_pre_req_pre"": ""0"", ""buy_6th_pre_bid"": ""-13160"", ""buy_6th_pre_req"": ""52"", ""buy_6th_pre_req_pre"": ""0"", ""buy_7th_pre_bid"": ""-13150"", ""buy_7th_pre_req"": ""53"", ""buy_7th_pre_req_pre"": ""0"", ""buy_8th_pre_bid"": ""-13140"", ""buy_8th_pre_req"": ""51"", ""buy_8th_pre_req_pre"": ""0"", ""buy_9th_pre_bid"": ""-13130"", ""buy_9th_pre_req"": ""351"", ""buy_9th_pre_req_pre"": ""0"", ""buy_10th_pre_bid"": ""-13120"", ""buy_10th_pre_req"": ""50"", ""buy_10th_pre_req_pre"": ""0"", ""tot_sel_req_jub_pre"": ""0"", ""tot_sel_req"": ""416"", ""tot_buy_req"": ""1482"", ""tot_buy_req_jub_pre"": ""--79"", ""ovt_sel_req_pre"": ""0"", ""ovt_sel_req"": ""0"", ""ovt_buy_req"": ""0"", ""ovt_buy_req_pre"": ""0"", ""return_code"": 0, ""return_msg"": ""정상적으로 처리되었습니다""}"
2026-06-10,scan_candidate,279570,,0,main_scan,6130,,6130,6120,6130,6090,-0.8156606851549755,0.1631321370309951,,,,,,"{""bid_req_base_tm"": ""110739"", ""sel_10th_pre_req_pre"": ""0"", ""sel_10th_pre_req"": ""3256"", ""sel_10th_pre_bid"": ""+6220"", ""sel_9th_pre_req_pre"": ""0"", ""sel_9th_pre_req"": ""11536"", ""sel_9th_pre_bid"": ""+6210"", ""sel_8th_pre_req_pre"": ""0"", ""sel_8th_pre_req"": ""61000"", ""sel_8th_pre_bid"": ""+6200"", ""sel_7th_pre_req_pre"": ""0"", ""sel_7th_pre_req"": ""27664"", ""sel_7th_pre_bid"": ""+6190"", ""sel_6th_pre_req_pre"": ""0"", ""sel_6th_pre_req"": ""15059"", ""sel_6th_pre_bid"": ""+6180"", ""sel_5th_pre_req_pre"": ""0"", ""sel_5th_pre_req"": ""16668"", ""sel_5th_pre_bid"": ""+6170"", ""sel_4th_pre_req_pre"": ""0"", ""sel_4th_pre_req"": ""8249"", ""sel_4th_pre_bid"": ""+6160"", ""sel_3th_pre_req_pre"": ""+1"", ""sel_3th_pre_req"": ""28003"", ""sel_3th_pre_bid"": ""+6150"", ""sel_2th_pre_req_pre"": ""--125"", ""sel_2th_pre_req"": ""18607"", ""sel_2th_pre_bid"": ""+6140"", ""sel_1th_pre_req_pre"": ""+726"", ""sel_fpr_req"": ""1429"", ""sel_fpr_bid"": ""+6130"", ""buy_fpr_bid"": ""+6120"", ""buy_fpr_req"": ""933"", ""buy_1th_pre_req_pre"": ""0"", ""buy_2th_pre_bid"": ""+6110"", ""buy_2th_pre_req"": ""5608"", ""buy_2th_pre_req_pre"": ""0"", ""buy_3th_pre_bid"": ""+6100"", ""buy_3th_pre_req"": ""2832"", ""buy_3th_pre_req_pre"": ""0"", ""buy_4th_pre_bid"": ""+6090"", ""buy_4th_pre_req"": ""1348"", ""buy_4th_pre_req_pre"": ""0"", ""buy_5th_pre_bid"": ""+6080"", ""buy_5th_pre_req"": ""3405"", ""buy_5th_pre_req_pre"": ""0"", ""buy_6th_pre_bid"": ""+6070"", ""buy_6th_pre_req"": ""2565"", ""buy_6th_pre_req_pre"": ""0"", ""buy_7th_pre_bid"": ""+6060"", ""buy_7th_pre_req"": ""7635"", ""buy_7th_pre_req_pre"": ""0"", ""buy_8th_pre_bid"": ""+6050"", ""buy_8th_pre_req"": ""7948"", ""buy_8th_pre_req_pre"": ""0"", ""buy_9th_pre_bid"": ""+6040"", ""buy_9th_pre_req"": ""3966"", ""buy_9th_pre_req_pre"": ""0"", ""buy_10th_pre_bid"": ""+6030"", ""buy_10th_pre_req"": ""5240"", ""buy_10th_pre_req_pre"": ""0"", ""tot_sel_req_jub_pre"": ""+602"", ""tot_sel_req"": ""191471"", ""tot_buy_req"": ""41480"", ""tot_buy_req_jub_pre"": ""0"", ""ovt_sel_req_pre"": ""0"", ""ovt_sel_req"": ""0"", ""ovt_buy_req"": ""0"", ""ovt_buy_req_pre"": ""0"", ""return_code"": 0, ""return_msg"": ""정상적으로 처리되었습니다""}"
2026-06-10,scan_candidate,439260,,0,main_scan,61500,,61500,61400,61500,61300,-0.4878048780487805,0.16260162601626016,,,,,,"{""bid_req_base_tm"": ""110737"", ""sel_10th_pre_req_pre"": ""--16"", ""sel_10th_pre_req"": ""8"", ""sel_10th_pre_bid"": ""+62400"", ""sel_9th_pre_req_pre"": ""0"", ""sel_9th_pre_req"": ""237"", ""sel_9th_pre_bid"": ""+62300"", ""sel_8th_pre_req_pre"": ""0"", ""sel_8th_pre_req"": ""867"", ""sel_8th_pre_bid"": ""+62200"", ""sel_7th_pre_req_pre"": ""0"", ""sel_7th_pre_req"": ""257"", ""sel_7th_pre_bid"": ""+62100"", ""sel_6th_pre_req_pre"": ""0"", ""sel_6th_pre_req"": ""1482"", ""sel_6th_pre_bid"": ""+62000"", ""sel_5th_pre_req_pre"": ""0"", ""sel_5th_pre_req"": ""418"", ""sel_5th_pre_bid"": ""+61900"", ""sel_4th_pre_req_pre"": ""0"", ""sel_4th_pre_req"": ""52"", ""sel_4th_pre_bid"": ""+61800"", ""sel_3th_pre_req_pre"": ""0"", ""sel_3th_pre_req"": ""25"", ""sel_3th_pre_bid"": ""+61700"", ""sel_2th_pre_req_pre"": ""0"", ""sel_2th_pre_req"": ""385"", ""sel_2th_pre_bid"": ""+61600"", ""sel_1th_pre_req_pre"": ""0"", ""sel_fpr_req"": ""210"", ""sel_fpr_bid"": ""+61500"", ""buy_fpr_bid"": ""+61400"", ""buy_fpr_req"": ""84"", ""buy_1th_pre_req_pre"": ""0"", ""buy_2th_pre_bid"": ""+61300"", ""buy_2th_pre_req"": ""128"", ""buy_2th_pre_req_pre"": ""0"", ""buy_3th_pre_bid"": ""+61200"", ""buy_3th_pre_req"": ""206"", ""buy_3th_pre_req_pre"": ""0"", ""buy_4th_pre_bid"": ""+61100"", ""buy_4th_pre_req"": ""312"", ""buy_4th_pre_req_pre"": ""0"", ""buy_5th_pre_bid"": ""+61000"", ""buy_5th_pre_req"": ""797"", ""buy_5th_pre_req_pre"": ""0"", ""buy_6th_pre_bid"": ""60900"", ""buy_6th_pre_req"": ""287"", ""buy_6th_pre_req_pre"": ""0"", ""buy_7th_pre_bid"": ""-60800"", ""buy_7th_pre_req"": ""516"", ""buy_7th_pre_req_pre"": ""0"", ""buy_8th_pre_bid"": ""-60700"", ""buy_8th_pre_req"": ""225"", ""buy_8th_pre_req_pre"": ""0"", ""buy_9th_pre_bid"": ""-60600"", ""buy_9th_pre_req"": ""286"", ""buy_9th_pre_req_pre"": ""0"", ""buy_10th_pre_bid"": ""-60500"", ""buy_10th_pre_req"": ""211"", ""buy_10th_pre_req_pre"": ""0"", ""tot_sel_req_jub_pre"": ""--16"", ""tot_sel_req"": ""3941"", ""tot_buy_req"": ""3052"", ""tot_buy_req_jub_pre"": ""0"", ""ovt_sel_req_pre"": ""0"", ""ovt_sel_req"": ""0"", ""ovt_buy_req"": ""0"", ""ovt_buy_req_pre"": ""0"", ""return_code"": 0, ""return_msg"": ""정상적으로 처리되었습니다""}"
2026-06-10,scan_candidate,008770,,0,main_scan,55800,,55800,55700,55800,55600,-0.5376344086021506,0.17921146953405018,,,,,,"{""bid_req_base_tm"": ""110739"", ""sel_10th_pre_req_pre"": ""0"", ""sel_10th_pre_req"": ""12"", ""sel_10th_pre_bid"": ""+56700"", ""sel_9th_pre_req_pre"": ""0"", ""sel_9th_pre_req"": ""10"", ""sel_9th_pre_bid"": ""+56600"", ""sel_8th_pre_req_pre"": ""0"", ""sel_8th_pre_req"": ""578"", ""sel_8th_pre_bid"": ""+56500"", ""sel_7th_pre_req_pre"": ""0"", ""sel_7th_pre_req"": ""36"", ""sel_7th_pre_bid"": ""+56400"", ""sel_6th_pre_req_pre"": ""0"", ""sel_6th_pre_req"": ""28"", ""sel_6th_pre_bid"": ""+56300"", ""sel_5th_pre_req_pre"": ""0"", ""sel_5th_pre_req"": ""125"", ""sel_5th_pre_bid"": ""+56200"", ""sel_4th_pre_req_pre"": ""0"", ""sel_4th_pre_req"": ""285"", ""sel_4th_pre_bid"": ""+56100"", ""sel_3th_pre_req_pre"": ""0"", ""sel_3th_pre_req"": ""177"", ""sel_3th_pre_bid"": ""+56000"", ""sel_2th_pre_req_pre"": ""0"", ""sel_2th_pre_req"": ""898"", ""sel_2th_pre_bid"": ""+55900"", ""sel_1th_pre_req_pre"": ""0"", ""sel_fpr_req"": ""571"", ""sel_fpr_bid"": ""+55800"", ""buy_fpr_bid"": ""+55700"", ""buy_fpr_req"": ""537"", ""buy_1th_pre_req_pre"": ""0"", ""buy_2th_pre_bid"": ""+55600"", ""buy_2th_pre_req"": ""98"", ""buy_2th_pre_req_pre"": ""0"", ""buy_3th_pre_bid"": ""+55500"", ""buy_3th_pre_req"": ""515"", ""buy_3th_pre_req_pre"": ""0"", ""buy_4th_pre_bid"": ""+55400"", ""buy_4th_pre_req"": ""37"", ""buy_4th_pre_req_pre"": ""0"", ""buy_5th_pre_bid"": ""+55300"", ""buy_5th_pre_req"": ""142"", ""buy_5th_pre_req_pre"": ""0"", ""buy_6th_pre_bid"": ""55200"", ""buy_6th_pre_req"": ""43"", ""buy_6th_pre_req_pre"": ""0"", ""buy_7th_pre_bid"": ""-55100"", ""buy_7th_pre_req"": ""10"", ""buy_7th_pre_req_pre"": ""0"", ""buy_8th_pre_bid"": ""-55000"", ""buy_8th_pre_req"": ""351"", ""buy_8th_pre_req_pre"": ""0"", ""buy_9th_pre_bid"": ""-54900"", ""buy_9th_pre_req"": ""58"", ""buy_9th_pre_req_pre"": ""0"", ""buy_10th_pre_bid"": ""-54800"", ""buy_10th_pre_req"": ""769"", ""buy_10th_pre_req_pre"": ""0"", ""tot_sel_req_jub_pre"": ""0"", ""tot_sel_req"": ""2720"", ""tot_buy_req"": ""2560"", ""tot_buy_req_jub_pre"": ""0"", ""ovt_sel_req_pre"": ""0"", ""ovt_sel_req"": ""0"", ""ovt_buy_req"": ""0"", ""ovt_buy_req_pre"": ""0"", ""return_code"": 0, ""return_msg"": ""정상적으로 처리되었습니다""}"
2026-06-10,scan_candidate,081660,,0,main_scan,40400,,40400,40300,40400,40450,0.0,0.24752475247524752,,,,,,"{""bid_req_base_tm"": ""110737"", ""sel_10th_pre_req_pre"": ""0"", ""sel_10th_pre_req"": ""166"", ""sel_10th_pre_bid"": ""+40900"", ""sel_9th_pre_req_pre"": ""0"", ""sel_9th_pre_req"": ""136"", ""sel_9th_pre_bid"": ""+40800"", ""sel_8th_pre_req_pre"": ""0"", ""sel_8th_pre_req"": ""13"", ""sel_8th_pre_bid"": ""+40750"", ""sel_7th_pre_req_pre"": ""0"", ""sel_7th_pre_req"": ""70"", ""sel_7th_pre_bid"": ""+40700"", ""sel_6th_pre_req_pre"": ""0"", ""sel_6th_pre_req"": ""50"", ""sel_6th_pre_bid"": ""+40650"", ""sel_5th_pre_req_pre"": ""0"", ""sel_5th_pre_req"": ""70"", ""sel_5th_pre_bid"": ""+40600"", ""sel_4th_pre_req_pre"": ""+250"", ""sel_4th_pre_req"": ""251"", ""sel_4th_pre_bid"": ""+40550"", ""sel_3th_pre_req_pre"": ""0"", ""sel_3th_pre_req"": ""203"", ""sel_3th_pre_bid"": ""+40500"", ""sel_2th_pre_req_pre"": ""0"", ""sel_2th_pre_req"": ""40"", ""sel_2th_pre_bid"": ""+40450"", ""sel_1th_pre_req_pre"": ""0"", ""sel_fpr_req"": ""249"", ""sel_fpr_bid"": ""+40400"", ""buy_fpr_bid"": ""+40300"", ""buy_fpr_req"": ""262"", ""buy_1th_pre_req_pre"": ""0"", ""buy_2th_pre_bid"": ""+40200"", ""buy_2th_pre_req"": ""36"", ""buy_2th_pre_req_pre"": ""0"", ""buy_3th_pre_bid"": ""+40150"", ""buy_3th_pre_req"": ""124"", ""buy_3th_pre_req_pre"": ""0"", ""buy_4th_pre_bid"": ""+40100"", ""buy_4th_pre_req"": ""125"", ""buy_4th_pre_req_pre"": ""0"", ""buy_5th_pre_bid"": ""+40050"", ""buy_5th_pre_req"": ""291"", ""buy_5th_pre_req_pre"": ""0"", ""buy_6th_pre_bid"": ""+40000"", ""buy_6th_pre_req"": ""509"", ""buy_6th_pre_req_pre"": ""0"", ""buy_7th_pre_bid"": ""+39950"", ""buy_7th_pre_req"": ""500"", ""buy_7th_pre_req_pre"": ""0"", ""buy_8th_pre_bid"": ""+39900"", ""buy_8th_pre_req"": ""2"", ""buy_8th_pre_req_pre"": ""0"", ""buy_9th_pre_bid"": ""+39850"", ""buy_9th_pre_req"": ""1"", ""buy_9th_pre_req_pre"": ""0"", ""buy_10th_pre_bid"": ""+39800"", ""buy_10th_pre_req"": ""5"", ""buy_10th_pre_req_pre"": ""0"", ""tot_sel_req_jub_pre"": ""+250"", ""tot_sel_req"": ""1248"", ""tot_buy_req"": ""1855"", ""tot_buy_req_jub_pre"": ""0"", ""ovt_sel_req_pre"": ""0"", ""ovt_sel_req"": ""0"", ""ovt_buy_req"": ""0"", ""ovt_buy_req_pre"": ""0"", ""return_code"": 0, ""return_msg"": ""정상적으로 처리되었습니다""}"
2026-06-10,scan_candidate,462870,,0,main_scan,31500,,31500,31450,31500,31450,-0.31746031746031744,0.15873015873015872,,,,,,"{""bid_req_base_tm"": ""110740"", ""sel_10th_pre_req_pre"": ""0"", ""sel_10th_pre_req"": ""156"", ""sel_10th_pre_bid"": ""-32000"", ""sel_9th_pre_req_pre"": ""0"", ""sel_9th_pre_req"": ""840"", ""sel_9th_pre_bid"": ""-31950"", ""sel_8th_pre_req_pre"": ""0"", ""sel_8th_pre_req"": ""146"", ""sel_8th_pre_bid"": ""-31900"", ""sel_7th_pre_req_pre"": ""0"", ""sel_7th_pre_req"": ""18"", ""sel_7th_pre_bid"": ""-31850"", ""sel_6th_pre_req_pre"": ""0"", ""sel_6th_pre_req"": ""18"", ""sel_6th_pre_bid"": ""-31800"", ""sel_5th_pre_req_pre"": ""0"", ""sel_5th_pre_req"": ""12"", ""sel_5th_pre_bid"": ""-31700"", ""sel_4th_pre_req_pre"": ""0"", ""sel_4th_pre_req"": ""63"", ""sel_4th_pre_bid"": ""-31650"", ""sel_3th_pre_req_pre"": ""0"", ""sel_3th_pre_req"": ""50"", ""sel_3th_pre_bid"": ""-31600"", ""sel_2th_pre_req_pre"": ""0"", ""sel_2th_pre_req"": ""91"", ""sel_2th_pre_bid"": ""-31550"", ""sel_1th_pre_req_pre"": ""0"", ""sel_fpr_req"": ""92"", ""sel_fpr_bid"": ""-31500"", ""buy_fpr_bid"": ""-31450"", ""buy_fpr_req"": ""6"", ""buy_1th_pre_req_pre"": ""0"", ""buy_2th_pre_bid"": ""-31400"", ""buy_2th_pre_req"": ""43"", ""buy_2th_pre_req_pre"": ""0"", ""buy_3th_pre_bid"": ""-31350"", ""buy_3th_pre_req"": ""40"", ""buy_3th_pre_req_pre"": ""--2"", ""buy_4th_pre_bid"": ""-31300"", ""buy_4th_pre_req"": ""80"", ""buy_4th_pre_req_pre"": ""0"", ""buy_5th_pre_bid"": ""-31250"", ""buy_5th_pre_req"": ""26"", ""buy_5th_pre_req_pre"": ""0"", ""buy_6th_pre_bid"": ""-31200"", ""buy_6th_pre_req"": ""68"", ""buy_6th_pre_req_pre"": ""0"", ""buy_7th_pre_bid"": ""-31150"", ""buy_7th_pre_req"": ""184"", ""buy_7th_pre_req_pre"": ""0"", ""buy_8th_pre_bid"": ""-31100"", ""buy_8th_pre_req"": ""40"", ""buy_8th_pre_req_pre"": ""0"", ""buy_9th_pre_bid"": ""-31050"", ""buy_9th_pre_req"": ""74"", ""buy_9th_pre_req_pre"": ""0"", ""buy_10th_pre_bid"": ""-31000"", ""buy_10th_pre_req"": ""294"", ""buy_10th_pre_req_pre"": ""0"", ""tot_sel_req_jub_pre"": ""0"", ""tot_sel_req"": ""1486"", ""tot_buy_req"": ""855"", ""tot_buy_req_jub_pre"": ""--2"", ""ovt_sel_req_pre"": ""0"", ""ovt_sel_req"": ""0"", ""ovt_buy_req"": ""0"", ""ovt_buy_req_pre"": ""0"", ""return_code"": 0, ""return_msg"": ""정상적으로 처리되었습니다""}"
2026-06-10,scan_candidate,120110,,0,main_scan,70600,,70600,70500,70600,71000,0.424929178470255,0.141643059490085,,,,,,"{""bid_req_base_tm"": ""110740"", ""sel_10th_pre_req_pre"": ""0"", ""sel_10th_pre_req"": ""4"", ""sel_10th_pre_bid"": ""+71600"", ""sel_9th_pre_req_pre"": ""0"", ""sel_9th_pre_req"": ""14"", ""sel_9th_pre_bid"": ""+71500"", ""sel_8th_pre_req_pre"": ""0"", ""sel_8th_pre_req"": ""27"", ""sel_8th_pre_bid"": ""+71400"", ""sel_7th_pre_req_pre"": ""0"", ""sel_7th_pre_req"": ""13"", ""sel_7th_pre_bid"": ""+71300"", ""sel_6th_pre_req_pre"": ""0"", ""sel_6th_pre_req"": ""4"", ""sel_6th_pre_bid"": ""+71200"", ""sel_5th_pre_req_pre"": ""0"", ""sel_5th_pre_req"": ""33"", ""sel_5th_pre_bid"": ""+71100"", ""sel_4th_pre_req_pre"": ""0"", ""sel_4th_pre_req"": ""21"", ""sel_4th_pre_bid"": ""+71000"", ""sel_3th_pre_req_pre"": ""0"", ""sel_3th_pre_req"": ""239"", ""sel_3th_pre_bid"": ""+70800"", ""sel_2th_pre_req_pre"": ""0"", ""sel_2th_pre_req"": ""30"", ""sel_2th_pre_bid"": ""+70700"", ""sel_1th_pre_req_pre"": ""0"", ""sel_fpr_req"": ""38"", ""sel_fpr_bid"": ""+70600"", ""buy_fpr_bid"": ""+70500"", ""buy_fpr_req"": ""12"", ""buy_1th_pre_req_pre"": ""0"", ""buy_2th_pre_bid"": ""+70400"", ""buy_2th_pre_req"": ""417"", ""buy_2th_pre_req_pre"": ""+10"", ""buy_3th_pre_bid"": ""+70300"", ""buy_3th_pre_req"": ""294"", ""buy_3th_pre_req_pre"": ""0"", ""buy_4th_pre_bid"": ""+70200"", ""buy_4th_pre_req"": ""360"", ""buy_4th_pre_req_pre"": ""0"", ""buy_5th_pre_bid"": ""+70100"", ""buy_5th_pre_req"": ""39"", ""buy_5th_pre_req_pre"": ""0"", ""buy_6th_pre_bid"": ""+70000"", ""buy_6th_pre_req"": ""31"", ""buy_6th_pre_req_pre"": ""0"", ""buy_7th_pre_bid"": ""+69900"", ""buy_7th_pre_req"": ""125"", ""buy_7th_pre_req_pre"": ""0"", ""buy_8th_pre_bid"": ""+69800"", ""buy_8th_pre_req"": ""36"", ""buy_8th_pre_req_pre"": ""0"", ""buy_9th_pre_bid"": ""+69700"", ""buy_9th_pre_req"": ""26"", ""buy_9th_pre_req_pre"": ""0"", ""buy_10th_pre_bid"": ""+69600"", ""buy_10th_pre_req"": ""399"", ""buy_10th_pre_req_pre"": ""0"", ""tot_sel_req_jub_pre"": ""0"", ""tot_sel_req"": ""423"", ""tot_buy_req"": ""1739"", ""tot_buy_req_jub_pre"": ""+10"", ""ovt_sel_req_pre"": ""0"", ""ovt_sel_req"": ""0"", ""ovt_buy_req"": ""0"", ""ovt_buy_req_pre"": ""0"", ""return_code"": 0, ""return_msg"": ""정상적으로 처리되었습니다""}"
2026-06-10,scan_candidate,009155,,0,main_scan,602000,,602000,601000,602000,607000,0.6644518272425249,0.16611295681063123,,,,,,"{""bid_req_base_tm"": ""110739"", ""sel_10th_pre_req_pre"": ""0"", ""sel_10th_pre_req"": ""41"", ""sel_10th_pre_bid"": ""-614000"", ""sel_9th_pre_req_pre"": ""0"", ""sel_9th_pre_req"": ""54"", ""sel_9th_pre_bid"": ""-613000"", ""sel_8th_pre_req_pre"": ""0"", ""sel_8th_pre_req"": ""15"", ""sel_8th_pre_bid"": ""-612000"", ""sel_7th_pre_req_pre"": ""0"", ""sel_7th_pre_req"": ""61"", ""sel_7th_pre_bid"": ""-611000"", ""sel_6th_pre_req_pre"": ""0"", ""sel_6th_pre_req"": ""22"", ""sel_6th_pre_bid"": ""-610000"", ""sel_5th_pre_req_pre"": ""0"", ""sel_5th_pre_req"": ""37"", ""sel_5th_pre_bid"": ""-609000"", ""sel_4th_pre_req_pre"": ""0"", ""sel_4th_pre_req"": ""3"", ""sel_4th_pre_bid"": ""-605000"", ""sel_3th_pre_req_pre"": ""0"", ""sel_3th_pre_req"": ""40"", ""sel_3th_pre_bid"": ""-604000"", ""sel_2th_pre_req_pre"": ""0"", ""sel_2th_pre_req"": ""21"", ""sel_2th_pre_bid"": ""-603000"", ""sel_1th_pre_req_pre"": ""0"", ""sel_fpr_req"": ""12"", ""sel_fpr_bid"": ""-602000"", ""buy_fpr_bid"": ""-601000"", ""buy_fpr_req"": ""159"", ""buy_1th_pre_req_pre"": ""0"", ""buy_2th_pre_bid"": ""-600000"", ""buy_2th_pre_req"": ""474"", ""buy_2th_pre_req_pre"": ""0"", ""buy_3th_pre_bid"": ""-599000"", ""buy_3th_pre_req"": ""271"", ""buy_3th_pre_req_pre"": ""0"", ""buy_4th_pre_bid"": ""-598000"", ""buy_4th_pre_req"": ""135"", ""buy_4th_pre_req_pre"": ""0"", ""buy_5th_pre_bid"": ""-597000"", ""buy_5th_pre_req"": ""133"", ""buy_5th_pre_req_pre"": ""0"", ""buy_6th_pre_bid"": ""-596000"", ""buy_6th_pre_req"": ""52"", ""buy_6th_pre_req_pre"": ""0"", ""buy_7th_pre_bid"": ""-595000"", ""buy_7th_pre_req"": ""261"", ""buy_7th_pre_req_pre"": ""0"", ""buy_8th_pre_bid"": ""-594000"", ""buy_8th_pre_req"": ""32"", ""buy_8th_pre_req_pre"": ""0"", ""buy_9th_pre_bid"": ""-593000"", ""buy_9th_pre_req"": ""63"", ""buy_9th_pre_req_pre"": ""0"", ""buy_10th_pre_bid"": ""-592000"", ""buy_10th_pre_req"": ""30"", ""buy_10th_pre_req_pre"": ""0"", ""tot_sel_req_jub_pre"": ""0"", ""tot_sel_req"": ""306"", ""tot_buy_req"": ""1610"", ""tot_buy_req_jub_pre"": ""0"", ""ovt_sel_req_pre"": ""0"", ""ovt_sel_req"": ""0"", ""ovt_buy_req"": ""0"", ""ovt_buy_req_pre"": ""0"", ""return_code"": 0, ""return_msg"": ""정상적으로 처리되었습니다""}"
2026-06-10,scan_candidate,017960,,0,main_scan,31350,,31350,31300,31350,31400,0.0,0.1594896331738437,,,,,,"{""bid_req_base_tm"": ""110741"", ""sel_10th_pre_req_pre"": ""0"", ""sel_10th_pre_req"": ""277"", ""sel_10th_pre_bid"": ""+31850"", ""sel_9th_pre_req_pre"": ""0"", ""sel_9th_pre_req"": ""274"", ""sel_9th_pre_bid"": ""+31800"", ""sel_8th_pre_req_pre"": ""0"", ""sel_8th_pre_req"": ""2"", ""sel_8th_pre_bid"": ""+31750"", ""sel_7th_pre_req_pre"": ""0"", ""sel_7th_pre_req"": ""170"", ""sel_7th_pre_bid"": ""+31700"", ""sel_6th_pre_req_pre"": ""0"", ""sel_6th_pre_req"": ""393"", ""sel_6th_pre_bid"": ""+31600"", ""sel_5th_pre_req_pre"": ""0"", ""sel_5th_pre_req"": ""1"", ""sel_5th_pre_bid"": ""+31550"", ""sel_4th_pre_req_pre"": ""0"", ""sel_4th_pre_req"": ""242"", ""sel_4th_pre_bid"": ""+31500"", ""sel_3th_pre_req_pre"": ""0"", ""sel_3th_pre_req"": ""2"", ""sel_3th_pre_bid"": ""+31450"", ""sel_2th_pre_req_pre"": ""0"", ""sel_2th_pre_req"": ""109"", ""sel_2th_pre_bid"": ""+31400"", ""sel_1th_pre_req_pre"": ""--1"", ""sel_fpr_req"": ""76"", ""sel_fpr_bid"": ""+31350"", ""buy_fpr_bid"": ""+31300"", ""buy_fpr_req"": ""211"", ""buy_1th_pre_req_pre"": ""0"", ""buy_2th_pre_bid"": ""+31250"", ""buy_2th_pre_req"": ""44"", ""buy_2th_pre_req_pre"": ""0"", ""buy_3th_pre_bid"": ""+31200"", ""buy_3th_pre_req"": ""307"", ""buy_3th_pre_req_pre"": ""0"", ""buy_4th_pre_bid"": ""+31150"", ""buy_4th_pre_req"": ""96"", ""buy_4th_pre_req_pre"": ""0"", ""buy_5th_pre_bid"": ""+31100"", ""buy_5th_pre_req"": ""233"", ""buy_5th_pre_req_pre"": ""0"", ""buy_6th_pre_bid"": ""+31050"", ""buy_6th_pre_req"": ""207"", ""buy_6th_pre_req_pre"": ""0"", ""buy_7th_pre_bid"": ""+31000"", ""buy_7th_pre_req"": ""416"", ""buy_7th_pre_req_pre"": ""0"", ""buy_8th_pre_bid"": ""+30950"", ""buy_8th_pre_req"": ""524"", ""buy_8th_pre_req_pre"": ""0"", ""buy_9th_pre_bid"": ""+30900"", ""buy_9th_pre_req"": ""241"", ""buy_9th_pre_req_pre"": ""0"", ""buy_10th_pre_bid"": ""+30850"", ""buy_10th_pre_req"": ""73"", ""buy_10th_pre_req_pre"": ""0"", ""tot_sel_req_jub_pre"": ""--1"", ""tot_sel_req"": ""1546"", ""tot_buy_req"": ""2352"", ""tot_buy_req_jub_pre"": ""0"", ""ovt_sel_req_pre"": ""0"", ""ovt_sel_req"": ""0"", ""ovt_buy_req"": ""0"", ""ovt_buy_req_pre"": ""0"", ""return_code"": 0, ""return_msg"": ""정상적으로 처리되었습니다""}"
2026-06-10,scan_candidate,192080,,0,main_scan,71300,,71300,71200,71300,71600,0.2805049088359046,0.1402524544179523,,,,,,"{""bid_req_base_tm"": ""110740"", ""sel_10th_pre_req_pre"": ""0"", ""sel_10th_pre_req"": ""161"", ""sel_10th_pre_bid"": ""+72500"", ""sel_9th_pre_req_pre"": ""0"", ""sel_9th_pre_req"": ""128"", ""sel_9th_pre_bid"": ""+72400"", ""sel_8th_pre_req_pre"": ""0"", ""sel_8th_pre_req"": ""10"", ""sel_8th_pre_bid"": ""+72300"", ""sel_7th_pre_req_pre"": ""0"", ""sel_7th_pre_req"": ""10"", ""sel_7th_pre_bid"": ""+72200"", ""sel_6th_pre_req_pre"": ""0"", ""sel_6th_pre_req"": ""6"", ""sel_6th_pre_bid"": ""+72100"", ""sel_5th_pre_req_pre"": ""0"", ""sel_5th_pre_req"": ""5"", ""sel_5th_pre_bid"": ""72000"", ""sel_4th_pre_req_pre"": ""0"", ""sel_4th_pre_req"": ""33"", ""sel_4th_pre_bid"": ""-71800"", ""sel_3th_pre_req_pre"": ""0"", ""sel_3th_pre_req"": ""42"", ""sel_3th_pre_bid"": ""-71600"", ""sel_2th_pre_req_pre"": ""0"", ""sel_2th_pre_req"": ""1"", ""sel_2th_pre_bid"": ""-71400"", ""sel_1th_pre_req_pre"": ""+1"", ""sel_fpr_req"": ""15"", ""sel_fpr_bid"": ""-71300"", ""buy_fpr_bid"": ""-71200"", ""buy_fpr_req"": ""74"", ""buy_1th_pre_req_pre"": ""0"", ""buy_2th_pre_bid"": ""-71100"", ""buy_2th_pre_req"": ""25"", ""buy_2th_pre_req_pre"": ""0"", ""buy_3th_pre_bid"": ""-71000"", ""buy_3th_pre_req"": ""141"", ""buy_3th_pre_req_pre"": ""0"", ""buy_4th_pre_bid"": ""-70900"", ""buy_4th_pre_req"": ""151"", ""buy_4th_pre_req_pre"": ""0"", ""buy_5th_pre_bid"": ""-70800"", ""buy_5th_pre_req"": ""92"", ""buy_5th_pre_req_pre"": ""0"", ""buy_6th_pre_bid"": ""-70700"", ""buy_6th_pre_req"": ""110"", ""buy_6th_pre_req_pre"": ""0"", ""buy_7th_pre_bid"": ""-70600"", ""buy_7th_pre_req"": ""100"", ""buy_7th_pre_req_pre"": ""0"", ""buy_8th_pre_bid"": ""-70500"", ""buy_8th_pre_req"": ""181"", ""buy_8th_pre_req_pre"": ""0"", ""buy_9th_pre_bid"": ""-70400"", ""buy_9th_pre_req"": ""182"", ""buy_9th_pre_req_pre"": ""0"", ""buy_10th_pre_bid"": ""-70300"", ""buy_10th_pre_req"": ""94"", ""buy_10th_pre_req_pre"": ""0"", ""tot_sel_req_jub_pre"": ""+1"", ""tot_sel_req"": ""411"", ""tot_buy_req"": ""1150"", ""tot_buy_req_jub_pre"": ""0"", ""ovt_sel_req_pre"": ""0"", ""ovt_sel_req"": ""0"", ""ovt_buy_req"": ""0"", ""ovt_buy_req_pre"": ""0"", ""return_code"": 0, ""return_msg"": ""정상적으로 처리되었습니다""}"
2026-06-10,scan_candidate,093370,,0,main_scan,15810,,15810,15800,15810,15800,-0.3795066413662239,0.06325110689437065,,,,,,"{""bid_req_base_tm"": ""110741"", ""sel_10th_pre_req_pre"": ""0"", ""sel_10th_pre_req"": ""2970"", ""sel_10th_pre_bid"": ""+15900"", ""sel_9th_pre_req_pre"": ""0"", ""sel_9th_pre_req"": ""3116"", ""sel_9th_pre_bid"": ""+15890"", ""sel_8th_pre_req_pre"": ""0"", ""sel_8th_pre_req"": ""2606"", ""sel_8th_pre_bid"": ""+15880"", ""sel_7th_pre_req_pre"": ""0"", ""sel_7th_pre_req"": ""3674"", ""sel_7th_pre_bid"": ""+15870"", ""sel_6th_pre_req_pre"": ""0"", ""sel_6th_pre_req"": ""1734"", ""sel_6th_pre_bid"": ""+15860"", ""sel_5th_pre_req_pre"": ""0"", ""sel_5th_pre_req"": ""372"", ""sel_5th_pre_bid"": ""+15850"", ""sel_4th_pre_req_pre"": ""0"", ""sel_4th_pre_req"": ""34"", ""sel_4th_pre_bid"": ""+15840"", ""sel_3th_pre_req_pre"": ""0"", ""sel_3th_pre_req"": ""8105"", ""sel_3th_pre_bid"": ""+15830"", ""sel_2th_pre_req_pre"": ""0"", ""sel_2th_pre_req"": ""3034"", ""sel_2th_pre_bid"": ""+15820"", ""sel_1th_pre_req_pre"": ""--5"", ""sel_fpr_req"": ""104"", ""sel_fpr_bid"": ""+15810"", ""buy_fpr_bid"": ""+15800"", ""buy_fpr_req"": ""3461"", ""buy_1th_pre_req_pre"": ""0"", ""buy_2th_pre_bid"": ""+15790"", ""buy_2th_pre_req"": ""6348"", ""buy_2th_pre_req_pre"": ""0"", ""buy_3th_pre_bid"": ""+15780"", ""buy_3th_pre_req"": ""1374"", ""buy_3th_pre_req_pre"": ""0"", ""buy_4th_pre_bid"": ""+15770"", ""buy_4th_pre_req"": ""290"", ""buy_4th_pre_req_pre"": ""0"", ""buy_5th_pre_bid"": ""+15760"", ""buy_5th_pre_req"": ""4762"", ""buy_5th_pre_req_pre"": ""0"", ""buy_6th_pre_bid"": ""+15750"", ""buy_6th_pre_req"": ""1206"", ""buy_6th_pre_req_pre"": ""0"", ""buy_7th_pre_bid"": ""+15740"", ""buy_7th_pre_req"": ""1275"", ""buy_7th_pre_req_pre"": ""0"", ""buy_8th_pre_bid"": ""+15730"", ""buy_8th_pre_req"": ""1531"", ""buy_8th_pre_req_pre"": ""0"", ""buy_9th_pre_bid"": ""+15720"", ""buy_9th_pre_req"": ""1126"", ""buy_9th_pre_req_pre"": ""0"", ""buy_10th_pre_bid"": ""+15710"", ""buy_10th_pre_req"": ""1910"", ""buy_10th_pre_req_pre"": ""0"", ""tot_sel_req_jub_pre"": ""--5"", ""tot_sel_req"": ""25749"", ""tot_buy_req"": ""23283"", ""tot_buy_req_jub_pre"": ""0"", ""ovt_sel_req_pre"": ""0"", ""ovt_sel_req"": ""0"", ""ovt_buy_req"": ""0"", ""ovt_buy_req_pre"": ""0"", ""return_code"": 0, ""return_msg"": ""정상적으로 처리되었습니다""}"
2026-06-10,scan_candidate,066575,,0,main_scan,78800,,78800,78700,78800,79000,0.12690355329949238,0.12690355329949238,,,,,,"{""bid_req_base_tm"": ""110741"", ""sel_10th_pre_req_pre"": ""0"", ""sel_10th_pre_req"": ""1099"", ""sel_10th_pre_bid"": ""-80000"", ""sel_9th_pre_req_pre"": ""0"", ""sel_9th_pre_req"": ""203"", ""sel_9th_pre_bid"": ""-79900"", ""sel_8th_pre_req_pre"": ""0"", ""sel_8th_pre_req"": ""132"", ""sel_8th_pre_bid"": ""-79800"", ""sel_7th_pre_req_pre"": ""0"", ""sel_7th_pre_req"": ""204"", ""sel_7th_pre_bid"": ""-79600"", ""sel_6th_pre_req_pre"": ""0"", ""sel_6th_pre_req"": ""55"", ""sel_6th_pre_bid"": ""-79500"", ""sel_5th_pre_req_pre"": ""0"", ""sel_5th_pre_req"": ""15"", ""sel_5th_pre_bid"": ""-79400"", ""sel_4th_pre_req_pre"": ""0"", ""sel_4th_pre_req"": ""10"", ""sel_4th_pre_bid"": ""-79100"", ""sel_3th_pre_req_pre"": ""0"", ""sel_3th_pre_req"": ""341"", ""sel_3th_pre_bid"": ""-79000"", ""sel_2th_pre_req_pre"": ""0"", ""sel_2th_pre_req"": ""107"", ""sel_2th_pre_bid"": ""-78900"", ""sel_1th_pre_req_pre"": ""+258"", ""sel_fpr_req"": ""307"", ""sel_fpr_bid"": ""-78800"", ""buy_fpr_bid"": ""-78700"", ""buy_fpr_req"": ""196"", ""buy_1th_pre_req_pre"": ""0"", ""buy_2th_pre_bid"": ""-78600"", ""buy_2th_pre_req"": ""313"", ""buy_2th_pre_req_pre"": ""0"", ""buy_3th_pre_bid"": ""-78500"", ""buy_3th_pre_req"": ""700"", ""buy_3th_pre_req_pre"": ""0"", ""buy_4th_pre_bid"": ""-78400"", ""buy_4th_pre_req"": ""213"", ""buy_4th_pre_req_pre"": ""0"", ""buy_5th_pre_bid"": ""-78300"", ""buy_5th_pre_req"": ""129"", ""buy_5th_pre_req_pre"": ""0"", ""buy_6th_pre_bid"": ""-78200"", ""buy_6th_pre_req"": ""192"", ""buy_6th_pre_req_pre"": ""0"", ""buy_7th_pre_bid"": ""-78100"", ""buy_7th_pre_req"": ""566"", ""buy_7th_pre_req_pre"": ""0"", ""buy_8th_pre_bid"": ""-78000"", ""buy_8th_pre_req"": ""1289"", ""buy_8th_pre_req_pre"": ""0"", ""buy_9th_pre_bid"": ""-77900"", ""buy_9th_pre_req"": ""543"", ""buy_9th_pre_req_pre"": ""0"", ""buy_10th_pre_bid"": ""-77800"", ""buy_10th_pre_req"": ""1229"", ""buy_10th_pre_req_pre"": ""0"", ""tot_sel_req_jub_pre"": ""+258"", ""tot_sel_req"": ""2473"", ""tot_buy_req"": ""5370"", ""tot_buy_req_jub_pre"": ""0"", ""ovt_sel_req_pre"": ""0"", ""ovt_sel_req"": ""0"", ""ovt_buy_req"": ""0"", ""ovt_buy_req_pre"": ""0"", ""return_code"": 0, ""return_msg"": ""정상적으로 처리되었습니다""}"
2026-06-10,scan_candidate,181710,,0,main_scan,40850,,40850,40800,40850,40650,-0.6119951040391677,0.12239902080783352,,,,,,"{""bid_req_base_tm"": ""110741"", ""sel_10th_pre_req_pre"": ""0"", ""sel_10th_pre_req"": ""1"", ""sel_10th_pre_bid"": ""-41400"", ""sel_9th_pre_req_pre"": ""0"", ""sel_9th_pre_req"": ""10"", ""sel_9th_pre_bid"": ""-41350"", ""sel_8th_pre_req_pre"": ""0"", ""sel_8th_pre_req"": ""10"", ""sel_8th_pre_bid"": ""-41200"", ""sel_7th_pre_req_pre"": ""0"", ""sel_7th_pre_req"": ""13"", ""sel_7th_pre_bid"": ""-41150"", ""sel_6th_pre_req_pre"": ""0"", ""sel_6th_pre_req"": ""10"", ""sel_6th_pre_bid"": ""-41100"", ""sel_5th_pre_req_pre"": ""0"", ""sel_5th_pre_req"": ""70"", ""sel_5th_pre_bid"": ""-41050"", ""sel_4th_pre_req_pre"": ""0"", ""sel_4th_pre_req"": ""515"", ""sel_4th_pre_bid"": ""-41000"", ""sel_3th_pre_req_pre"": ""0"", ""sel_3th_pre_req"": ""56"", ""sel_3th_pre_bid"": ""-40950"", ""sel_2th_pre_req_pre"": ""0"", ""sel_2th_pre_req"": ""25"", ""sel_2th_pre_bid"": ""-40900"", ""sel_1th_pre_req_pre"": ""0"", ""sel_fpr_req"": ""75"", ""sel_fpr_bid"": ""-40850"", ""buy_fpr_bid"": ""-40800"", ""buy_fpr_req"": ""46"", ""buy_1th_pre_req_pre"": ""0"", ""buy_2th_pre_bid"": ""-40750"", ""buy_2th_pre_req"": ""8"", ""buy_2th_pre_req_pre"": ""+1"", ""buy_3th_pre_bid"": ""-40700"", ""buy_3th_pre_req"": ""62"", ""buy_3th_pre_req_pre"": ""0"", ""buy_4th_pre_bid"": ""-40650"", ""buy_4th_pre_req"": ""158"", ""buy_4th_pre_req_pre"": ""0"", ""buy_5th_pre_bid"": ""-40600"", ""buy_5th_pre_req"": ""11"", ""buy_5th_pre_req_pre"": ""0"", ""buy_6th_pre_bid"": ""-40550"", ""buy_6th_pre_req"": ""136"", ""buy_6th_pre_req_pre"": ""0"", ""buy_7th_pre_bid"": ""-40500"", ""buy_7th_pre_req"": ""83"", ""buy_7th_pre_req_pre"": ""0"", ""buy_8th_pre_bid"": ""-40450"", ""buy_8th_pre_req"": ""29"", ""buy_8th_pre_req_pre"": ""0"", ""buy_9th_pre_bid"": ""-40400"", ""buy_9th_pre_req"": ""1"", ""buy_9th_pre_req_pre"": ""0"", ""buy_10th_pre_bid"": ""-40350"", ""buy_10th_pre_req"": ""17"", ""buy_10th_pre_req_pre"": ""0"", ""tot_sel_req_jub_pre"": ""0"", ""tot_sel_req"": ""785"", ""tot_buy_req"": ""551"", ""tot_buy_req_jub_pre"": ""+1"", ""ovt_sel_req_pre"": ""0"", ""ovt_sel_req"": ""0"", ""ovt_buy_req"": ""0"", ""ovt_buy_req_pre"": ""0"", ""return_code"": 0, ""return_msg"": ""정상적으로 처리되었습니다""}"
2026-06-10,scan_candidate,034230,,0,main_scan,15400,,15400,15390,15400,15350,-0.6493506493506493,0.06493506493506493,,,,,,"{""bid_req_base_tm"": ""110742"", ""sel_10th_pre_req_pre"": ""0"", ""sel_10th_pre_req"": ""656"", ""sel_10th_pre_bid"": ""+15490"", ""sel_9th_pre_req_pre"": ""0"", ""sel_9th_pre_req"": ""1355"", ""sel_9th_pre_bid"": ""+15480"", ""sel_8th_pre_req_pre"": ""0"", ""sel_8th_pre_req"": ""1106"", ""sel_8th_pre_bid"": ""+15470"", ""sel_7th_pre_req_pre"": ""0"", ""sel_7th_pre_req"": ""110"", ""sel_7th_pre_bid"": ""+15460"", ""sel_6th_pre_req_pre"": ""0"", ""sel_6th_pre_req"": ""181"", ""sel_6th_pre_bid"": ""+15450"", ""sel_5th_pre_req_pre"": ""0"", ""sel_5th_pre_req"": ""7"", ""sel_5th_pre_bid"": ""+15440"", ""sel_4th_pre_req_pre"": ""0"", ""sel_4th_pre_req"": ""119"", ""sel_4th_pre_bid"": ""+15430"", ""sel_3th_pre_req_pre"": ""0"", ""sel_3th_pre_req"": ""3946"", ""sel_3th_pre_bid"": ""+15420"", ""sel_2th_pre_req_pre"": ""0"", ""sel_2th_pre_req"": ""37"", ""sel_2th_pre_bid"": ""+15410"", ""sel_1th_pre_req_pre"": ""0"", ""sel_fpr_req"": ""3444"", ""sel_fpr_bid"": ""+15400"", ""buy_fpr_bid"": ""+15390"", ""buy_fpr_req"": ""21"", ""buy_1th_pre_req_pre"": ""0"", ""buy_2th_pre_bid"": ""+15380"", ""buy_2th_pre_req"": ""12"", ""buy_2th_pre_req_pre"": ""0"", ""buy_3th_pre_bid"": ""+15370"", ""buy_3th_pre_req"": ""21"", ""buy_3th_pre_req_pre"": ""0"", ""buy_4th_pre_bid"": ""+15360"", ""buy_4th_pre_req"": ""12"", ""buy_4th_pre_req_pre"": ""0"", ""buy_5th_pre_bid"": ""+15350"", ""buy_5th_pre_req"": ""50"", ""buy_5th_pre_req_pre"": ""0"", ""buy_6th_pre_bid"": ""+15340"", ""buy_6th_pre_req"": ""10"", ""buy_6th_pre_req_pre"": ""0"", ""buy_7th_pre_bid"": ""+15330"", ""buy_7th_pre_req"": ""11"", ""buy_7th_pre_req_pre"": ""0"", ""buy_8th_pre_bid"": ""+15320"", ""buy_8th_pre_req"": ""103"", ""buy_8th_pre_req_pre"": ""0"", ""buy_9th_pre_bid"": ""+15310"", ""buy_9th_pre_req"": ""380"", ""buy_9th_pre_req_pre"": ""0"", ""buy_10th_pre_bid"": ""+15300"", ""buy_10th_pre_req"": ""30"", ""buy_10th_pre_req_pre"": ""0"", ""tot_sel_req_jub_pre"": ""0"", ""tot_sel_req"": ""10961"", ""tot_buy_req"": ""650"", ""tot_buy_req_jub_pre"": ""0"", ""ovt_sel_req_pre"": ""0"", ""ovt_sel_req"": ""0"", ""ovt_buy_req"": ""0"", ""ovt_buy_req_pre"": ""0"", ""return_code"": 0, ""return_msg"": ""정상적으로 처리되었습니다""}"
2026-06-10,scan_candidate,281820,,0,main_scan,66900,,66900,66800,66900,67300,0.4484304932735426,0.14947683109118087,,,,,,"{""bid_req_base_tm"": ""110739"", ""sel_10th_pre_req_pre"": ""0"", ""sel_10th_pre_req"": ""34"", ""sel_10th_pre_bid"": ""+67900"", ""sel_9th_pre_req_pre"": ""0"", ""sel_9th_pre_req"": ""10"", ""sel_9th_pre_bid"": ""+67800"", ""sel_8th_pre_req_pre"": ""0"", ""sel_8th_pre_req"": ""1"", ""sel_8th_pre_bid"": ""+67700"", ""sel_7th_pre_req_pre"": ""0"", ""sel_7th_pre_req"": ""8"", ""sel_7th_pre_bid"": ""+67600"", ""sel_6th_pre_req_pre"": ""0"", ""sel_6th_pre_req"": ""1"", ""sel_6th_pre_bid"": ""+67500"", ""sel_5th_pre_req_pre"": ""0"", ""sel_5th_pre_req"": ""30"", ""sel_5th_pre_bid"": ""+67300"", ""sel_4th_pre_req_pre"": ""0"", ""sel_4th_pre_req"": ""2"", ""sel_4th_pre_bid"": ""+67200"", ""sel_3th_pre_req_pre"": ""0"", ""sel_3th_pre_req"": ""26"", ""sel_3th_pre_bid"": ""+67100"", ""sel_2th_pre_req_pre"": ""0"", ""sel_2th_pre_req"": ""40"", ""sel_2th_pre_bid"": ""+67000"", ""sel_1th_pre_req_pre"": ""--1"", ""sel_fpr_req"": ""19"", ""sel_fpr_bid"": ""+66900"", ""buy_fpr_bid"": ""+66800"", ""buy_fpr_req"": ""151"", ""buy_1th_pre_req_pre"": ""0"", ""buy_2th_pre_bid"": ""+66700"", ""buy_2th_pre_req"": ""94"", ""buy_2th_pre_req_pre"": ""0"", ""buy_3th_pre_bid"": ""+66600"", ""buy_3th_pre_req"": ""81"", ""buy_3th_pre_req_pre"": ""0"", ""buy_4th_pre_bid"": ""+66500"", ""buy_4th_pre_req"": ""115"", ""buy_4th_pre_req_pre"": ""0"", ""buy_5th_pre_bid"": ""66400"", ""buy_5th_pre_req"": ""8"", ""buy_5th_pre_req_pre"": ""0"", ""buy_6th_pre_bid"": ""-66300"", ""buy_6th_pre_req"": ""7"", ""buy_6th_pre_req_pre"": ""0"", ""buy_7th_pre_bid"": ""-66200"", ""buy_7th_pre_req"": ""140"", ""buy_7th_pre_req_pre"": ""0"", ""buy_8th_pre_bid"": ""-66100"", ""buy_8th_pre_req"": ""109"", ""buy_8th_pre_req_pre"": ""0"", ""buy_9th_pre_bid"": ""-66000"", ""buy_9th_pre_req"": ""129"", ""buy_9th_pre_req_pre"": ""0"", ""buy_10th_pre_bid"": ""-65900"", ""buy_10th_pre_req"": ""1"", ""buy_10th_pre_req_pre"": ""0"", ""tot_sel_req_jub_pre"": ""--1"", ""tot_sel_req"": ""171"", ""tot_buy_req"": ""835"", ""tot_buy_req_jub_pre"": ""0"", ""ovt_sel_req_pre"": ""0"", ""ovt_sel_req"": ""0"", ""ovt_buy_req"": ""0"", ""ovt_buy_req_pre"": ""0"", ""return_code"": 0, ""return_msg"": ""정상적으로 처리되었습니다""}"
2026-06-10,scan_candidate,195870,,0,main_scan,76100,,76100,75900,76100,76500,0.39421813403416556,0.2628120893561104,,,,,,"{""bid_req_base_tm"": ""110738"", ""sel_10th_pre_req_pre"": ""0"", ""sel_10th_pre_req"": ""20"", ""sel_10th_pre_bid"": ""+77400"", ""sel_9th_pre_req_pre"": ""0"", ""sel_9th_pre_req"": ""1"", ""sel_9th_pre_bid"": ""+77300"", ""sel_8th_pre_req_pre"": ""0"", ""sel_8th_pre_req"": ""6"", ""sel_8th_pre_bid"": ""+77200"", ""sel_7th_pre_req_pre"": ""0"", ""sel_7th_pre_req"": ""300"", ""sel_7th_pre_bid"": ""+77100"", ""sel_6th_pre_req_pre"": ""0"", ""sel_6th_pre_req"": ""31"", ""sel_6th_pre_bid"": ""+77000"", ""sel_5th_pre_req_pre"": ""0"", ""sel_5th_pre_req"": ""30"", ""sel_5th_pre_bid"": ""+76900"", ""sel_4th_pre_req_pre"": ""0"", ""sel_4th_pre_req"": ""30"", ""sel_4th_pre_bid"": ""+76400"", ""sel_3th_pre_req_pre"": ""0"", ""sel_3th_pre_req"": ""43"", ""sel_3th_pre_bid"": ""+76300"", ""sel_2th_pre_req_pre"": ""0"", ""sel_2th_pre_req"": ""1"", ""sel_2th_pre_bid"": ""+76200"", ""sel_1th_pre_req_pre"": ""+2"", ""sel_fpr_req"": ""78"", ""sel_fpr_bid"": ""+76100"", ""buy_fpr_bid"": ""+75900"", ""buy_fpr_req"": ""118"", ""buy_1th_pre_req_pre"": ""0"", ""buy_2th_pre_bid"": ""+75800"", ""buy_2th_pre_req"": ""251"", ""buy_2th_pre_req_pre"": ""0"", ""buy_3th_pre_bid"": ""+75700"", ""buy_3th_pre_req"": ""256"", ""buy_3th_pre_req_pre"": ""0"", ""buy_4th_pre_bid"": ""+75600"", ""buy_4th_pre_req"": ""86"", ""buy_4th_pre_req_pre"": ""0"", ""buy_5th_pre_bid"": ""+75500"", ""buy_5th_pre_req"": ""266"", ""buy_5th_pre_req_pre"": ""0"", ""buy_6th_pre_bid"": ""+75400"", ""buy_6th_pre_req"": ""72"", ""buy_6th_pre_req_pre"": ""0"", ""buy_7th_pre_bid"": ""+75200"", ""buy_7th_pre_req"": ""26"", ""buy_7th_pre_req_pre"": ""0"", ""buy_8th_pre_bid"": ""+75100"", ""buy_8th_pre_req"": ""53"", ""buy_8th_pre_req_pre"": ""0"", ""buy_9th_pre_bid"": ""+75000"", ""buy_9th_pre_req"": ""67"", ""buy_9th_pre_req_pre"": ""0"", ""buy_10th_pre_bid"": ""+74900"", ""buy_10th_pre_req"": ""16"", ""buy_10th_pre_req_pre"": ""0"", ""tot_sel_req_jub_pre"": ""+2"", ""tot_sel_req"": ""540"", ""tot_buy_req"": ""1211"", ""tot_buy_req_jub_pre"": ""0"", ""ovt_sel_req_pre"": ""0"", ""ovt_sel_req"": ""0"", ""ovt_buy_req"": ""0"", ""ovt_buy_req_pre"": ""0"", ""return_code"": 0, ""return_msg"": ""정상적으로 처리되었습니다""}"
2026-06-10,scan_candidate,001820,,0,main_scan,116900,,116900,116800,116900,117000,-0.3421727972626176,0.0855431993156544,,,,,,"{""bid_req_base_tm"": ""110741"", ""sel_10th_pre_req_pre"": ""0"", ""sel_10th_pre_req"": ""80"", ""sel_10th_pre_bid"": ""-117800"", ""sel_9th_pre_req_pre"": ""0"", ""sel_9th_pre_req"": ""111"", ""sel_9th_pre_bid"": ""-117700"", ""sel_8th_pre_req_pre"": ""0"", ""sel_8th_pre_req"": ""13"", ""sel_8th_pre_bid"": ""-117600"", ""sel_7th_pre_req_pre"": ""0"", ""sel_7th_pre_req"": ""72"", ""sel_7th_pre_bid"": ""-117500"", ""sel_6th_pre_req_pre"": ""0"", ""sel_6th_pre_req"": ""108"", ""sel_6th_pre_bid"": ""-117400"", ""sel_5th_pre_req_pre"": ""0"", ""sel_5th_pre_req"": ""107"", ""sel_5th_pre_bid"": ""-117300"", ""sel_4th_pre_req_pre"": ""0"", ""sel_4th_pre_req"": ""36"", ""sel_4th_pre_bid"": ""-117200"", ""sel_3th_pre_req_pre"": ""0"", ""sel_3th_pre_req"": ""118"", ""sel_3th_pre_bid"": ""-117100"", ""sel_2th_pre_req_pre"": ""0"", ""sel_2th_pre_req"": ""70"", ""sel_2th_pre_bid"": ""-117000"", ""sel_1th_pre_req_pre"": ""0"", ""sel_fpr_req"": ""124"", ""sel_fpr_bid"": ""-116900"", ""buy_fpr_bid"": ""-116800"", ""buy_fpr_req"": ""85"", ""buy_1th_pre_req_pre"": ""0"", ""buy_2th_pre_bid"": ""-116700"", ""buy_2th_pre_req"": ""400"", ""buy_2th_pre_req_pre"": ""0"", ""buy_3th_pre_bid"": ""-116600"", ""buy_3th_pre_req"": ""773"", ""buy_3th_pre_req_pre"": ""0"", ""buy_4th_pre_bid"": ""-116500"", ""buy_4th_pre_req"": ""485"", ""buy_4th_pre_req_pre"": ""0"", ""buy_5th_pre_bid"": ""-116400"", ""buy_5th_pre_req"": ""530"", ""buy_5th_pre_req_pre"": ""0"", ""buy_6th_pre_bid"": ""-116300"", ""buy_6th_pre_req"": ""211"", ""buy_6th_pre_req_pre"": ""0"", ""buy_7th_pre_bid"": ""-116200"", ""buy_7th_pre_req"": ""96"", ""buy_7th_pre_req_pre"": ""0"", ""buy_8th_pre_bid"": ""-116100"", ""buy_8th_pre_req"": ""143"", ""buy_8th_pre_req_pre"": ""0"", ""buy_9th_pre_bid"": ""-116000"", ""buy_9th_pre_req"": ""295"", ""buy_9th_pre_req_pre"": ""0"", ""buy_10th_pre_bid"": ""-115900"", ""buy_10th_pre_req"": ""242"", ""buy_10th_pre_req_pre"": ""0"", ""tot_sel_req_jub_pre"": ""0"", ""tot_sel_req"": ""839"", ""tot_buy_req"": ""3260"", ""tot_buy_req_jub_pre"": ""0"", ""ovt_sel_req_pre"": ""0"", ""ovt_sel_req"": ""0"", ""ovt_buy_req"": ""0"", ""ovt_buy_req_pre"": ""0"", ""return_code"": 0, ""return_msg"": ""정상적으로 처리되었습니다""}"
2026-06-10,scan_candidate,000815,,0,main_scan,399500,,399500,399000,399500,399000,-0.2503128911138924,0.1251564455569462,,,,,,"{""bid_req_base_tm"": ""110726"", ""sel_10th_pre_req_pre"": ""0"", ""sel_10th_pre_req"": ""165"", ""sel_10th_pre_bid"": ""-404500"", ""sel_9th_pre_req_pre"": ""0"", ""sel_9th_pre_req"": ""94"", ""sel_9th_pre_bid"": ""-404000"", ""sel_8th_pre_req_pre"": ""0"", ""sel_8th_pre_req"": ""79"", ""sel_8th_pre_bid"": ""-403500"", ""sel_7th_pre_req_pre"": ""0"", ""sel_7th_pre_req"": ""93"", ""sel_7th_pre_bid"": ""-403000"", ""sel_6th_pre_req_pre"": ""0"", ""sel_6th_pre_req"": ""2"", ""sel_6th_pre_bid"": ""-402500"", ""sel_5th_pre_req_pre"": ""0"", ""sel_5th_pre_req"": ""196"", ""sel_5th_pre_bid"": ""-401500"", ""sel_4th_pre_req_pre"": ""--5"", ""sel_4th_pre_req"": ""138"", ""sel_4th_pre_bid"": ""-401000"", ""sel_3th_pre_req_pre"": ""0"", ""sel_3th_pre_req"": ""9"", ""sel_3th_pre_bid"": ""-400500"", ""sel_2th_pre_req_pre"": ""0"", ""sel_2th_pre_req"": ""7"", ""sel_2th_pre_bid"": ""-400000"", ""sel_1th_pre_req_pre"": ""0"", ""sel_fpr_req"": ""7"", ""sel_fpr_bid"": ""-399500"", ""buy_fpr_bid"": ""-399000"", ""buy_fpr_req"": ""10"", ""buy_1th_pre_req_pre"": ""0"", ""buy_2th_pre_bid"": ""-398500"", ""buy_2th_pre_req"": ""22"", ""buy_2th_pre_req_pre"": ""0"", ""buy_3th_pre_bid"": ""-398000"", ""buy_3th_pre_req"": ""34"", ""buy_3th_pre_req_pre"": ""0"", ""buy_4th_pre_bid"": ""-397500"", ""buy_4th_pre_req"": ""160"", ""buy_4th_pre_req_pre"": ""0"", ""buy_5th_pre_bid"": ""-397000"", ""buy_5th_pre_req"": ""86"", ""buy_5th_pre_req_pre"": ""0"", ""buy_6th_pre_bid"": ""-396500"", ""buy_6th_pre_req"": ""18"", ""buy_6th_pre_req_pre"": ""0"", ""buy_7th_pre_bid"": ""-396000"", ""buy_7th_pre_req"": ""46"", ""buy_7th_pre_req_pre"": ""0"", ""buy_8th_pre_bid"": ""-395500"", ""buy_8th_pre_req"": ""11"", ""buy_8th_pre_req_pre"": ""0"", ""buy_9th_pre_bid"": ""-395000"", ""buy_9th_pre_req"": ""60"", ""buy_9th_pre_req_pre"": ""0"", ""buy_10th_pre_bid"": ""-394500"", ""buy_10th_pre_req"": ""16"", ""buy_10th_pre_req_pre"": ""0"", ""tot_sel_req_jub_pre"": ""--5"", ""tot_sel_req"": ""790"", ""tot_buy_req"": ""463"", ""tot_buy_req_jub_pre"": ""0"", ""ovt_sel_req_pre"": ""0"", ""ovt_sel_req"": ""0"", ""ovt_buy_req"": ""0"", ""ovt_buy_req_pre"": ""0"", ""return_code"": 0, ""return_msg"": ""정상적으로 처리되었습니다""}"
2026-06-10,scan_candidate,499790,,0,main_scan,51100,,51100,51000,51100,50700,-0.9784735812133072,0.19569471624266144,,,,,,"{""bid_req_base_tm"": ""110743"", ""sel_10th_pre_req_pre"": ""0"", ""sel_10th_pre_req"": ""348"", ""sel_10th_pre_bid"": ""+52000"", ""sel_9th_pre_req_pre"": ""0"", ""sel_9th_pre_req"": ""292"", ""sel_9th_pre_bid"": ""+51900"", ""sel_8th_pre_req_pre"": ""0"", ""sel_8th_pre_req"": ""33"", ""sel_8th_pre_bid"": ""+51800"", ""sel_7th_pre_req_pre"": ""0"", ""sel_7th_pre_req"": ""371"", ""sel_7th_pre_bid"": ""+51700"", ""sel_6th_pre_req_pre"": ""0"", ""sel_6th_pre_req"": ""240"", ""sel_6th_pre_bid"": ""+51600"", ""sel_5th_pre_req_pre"": ""0"", ""sel_5th_pre_req"": ""905"", ""sel_5th_pre_bid"": ""+51500"", ""sel_4th_pre_req_pre"": ""0"", ""sel_4th_pre_req"": ""893"", ""sel_4th_pre_bid"": ""+51400"", ""sel_3th_pre_req_pre"": ""0"", ""sel_3th_pre_req"": ""1440"", ""sel_3th_pre_bid"": ""+51300"", ""sel_2th_pre_req_pre"": ""0"", ""sel_2th_pre_req"": ""92"", ""sel_2th_pre_bid"": ""+51200"", ""sel_1th_pre_req_pre"": ""--2"", ""sel_fpr_req"": ""194"", ""sel_fpr_bid"": ""+51100"", ""buy_fpr_bid"": ""+51000"", ""buy_fpr_req"": ""89"", ""buy_1th_pre_req_pre"": ""0"", ""buy_2th_pre_bid"": ""+50900"", ""buy_2th_pre_req"": ""1"", ""buy_2th_pre_req_pre"": ""0"", ""buy_3th_pre_bid"": ""+50800"", ""buy_3th_pre_req"": ""1638"", ""buy_3th_pre_req_pre"": ""0"", ""buy_4th_pre_bid"": ""+50700"", ""buy_4th_pre_req"": ""11"", ""buy_4th_pre_req_pre"": ""0"", ""buy_5th_pre_bid"": ""+50600"", ""buy_5th_pre_req"": ""1"", ""buy_5th_pre_req_pre"": ""0"", ""buy_6th_pre_bid"": ""+50500"", ""buy_6th_pre_req"": ""1"", ""buy_6th_pre_req_pre"": ""0"", ""buy_7th_pre_bid"": ""+50400"", ""buy_7th_pre_req"": ""5"", ""buy_7th_pre_req_pre"": ""0"", ""buy_8th_pre_bid"": ""+50300"", ""buy_8th_pre_req"": ""48"", ""buy_8th_pre_req_pre"": ""0"", ""buy_9th_pre_bid"": ""+50200"", ""buy_9th_pre_req"": ""2"", ""buy_9th_pre_req_pre"": ""0"", ""buy_10th_pre_bid"": ""+50100"", ""buy_10th_pre_req"": ""263"", ""buy_10th_pre_req_pre"": ""0"", ""tot_sel_req_jub_pre"": ""--2"", ""tot_sel_req"": ""4808"", ""tot_buy_req"": ""2059"", ""tot_buy_req_jub_pre"": ""0"", ""ovt_sel_req_pre"": ""0"", ""ovt_sel_req"": ""0"", ""ovt_buy_req"": ""0"", ""ovt_buy_req_pre"": ""0"", ""return_code"": 0, ""return_msg"": ""정상적으로 처리되었습니다""}"
2026-06-10,scan_candidate,100090,,0,main_scan,16340,,16340,16330,16340,16300,-0.550795593635251,0.06119951040391676,,,,,,"{""bid_req_base_tm"": ""110743"", ""sel_10th_pre_req_pre"": ""0"", ""sel_10th_pre_req"": ""1"", ""sel_10th_pre_bid"": ""+16430"", ""sel_9th_pre_req_pre"": ""0"", ""sel_9th_pre_req"": ""318"", ""sel_9th_pre_bid"": ""+16420"", ""sel_8th_pre_req_pre"": ""0"", ""sel_8th_pre_req"": ""8"", ""sel_8th_pre_bid"": ""+16410"", ""sel_7th_pre_req_pre"": ""0"", ""sel_7th_pre_req"": ""181"", ""sel_7th_pre_bid"": ""+16400"", ""sel_6th_pre_req_pre"": ""0"", ""sel_6th_pre_req"": ""363"", ""sel_6th_pre_bid"": ""+16390"", ""sel_5th_pre_req_pre"": ""0"", ""sel_5th_pre_req"": ""18"", ""sel_5th_pre_bid"": ""+16380"", ""sel_4th_pre_req_pre"": ""0"", ""sel_4th_pre_req"": ""10"", ""sel_4th_pre_bid"": ""+16370"", ""sel_3th_pre_req_pre"": ""0"", ""sel_3th_pre_req"": ""20"", ""sel_3th_pre_bid"": ""+16360"", ""sel_2th_pre_req_pre"": ""0"", ""sel_2th_pre_req"": ""95"", ""sel_2th_pre_bid"": ""+16350"", ""sel_1th_pre_req_pre"": ""0"", ""sel_fpr_req"": ""104"", ""sel_fpr_bid"": ""+16340"", ""buy_fpr_bid"": ""+16330"", ""buy_fpr_req"": ""180"", ""buy_1th_pre_req_pre"": ""0"", ""buy_2th_pre_bid"": ""+16320"", ""buy_2th_pre_req"": ""3"", ""buy_2th_pre_req_pre"": ""0"", ""buy_3th_pre_bid"": ""+16310"", ""buy_3th_pre_req"": ""50"", ""buy_3th_pre_req_pre"": ""0"", ""buy_4th_pre_bid"": ""+16300"", ""buy_4th_pre_req"": ""680"", ""buy_4th_pre_req_pre"": ""0"", ""buy_5th_pre_bid"": ""+16290"", ""buy_5th_pre_req"": ""13"", ""buy_5th_pre_req_pre"": ""0"", ""buy_6th_pre_bid"": ""+16280"", ""buy_6th_pre_req"": ""114"", ""buy_6th_pre_req_pre"": ""0"", ""buy_7th_pre_bid"": ""+16270"", ""buy_7th_pre_req"": ""12"", ""buy_7th_pre_req_pre"": ""0"", ""buy_8th_pre_bid"": ""+16260"", ""buy_8th_pre_req"": ""183"", ""buy_8th_pre_req_pre"": ""0"", ""buy_9th_pre_bid"": ""+16250"", ""buy_9th_pre_req"": ""596"", ""buy_9th_pre_req_pre"": ""--210"", ""buy_10th_pre_bid"": ""+16240"", ""buy_10th_pre_req"": ""100"", ""buy_10th_pre_req_pre"": ""0"", ""tot_sel_req_jub_pre"": ""0"", ""tot_sel_req"": ""1118"", ""tot_buy_req"": ""1931"", ""tot_buy_req_jub_pre"": ""--210"", ""ovt_sel_req_pre"": ""0"", ""ovt_sel_req"": ""0"", ""ovt_buy_req"": ""0"", ""ovt_buy_req_pre"": ""0"", ""return_code"": 0, ""return_msg"": ""정상적으로 처리되었습니다""}"
2026-06-10,scan_candidate,003160,,0,main_scan,28150,,28150,28000,28150,27950,-0.8880994671403196,0.5328596802841918,,,,,,"{""bid_req_base_tm"": ""110742"", ""sel_10th_pre_req_pre"": ""0"", ""sel_10th_pre_req"": ""47"", ""sel_10th_pre_bid"": ""+28650"", ""sel_9th_pre_req_pre"": ""0"", ""sel_9th_pre_req"": ""1"", ""sel_9th_pre_bid"": ""+28600"", ""sel_8th_pre_req_pre"": ""0"", ""sel_8th_pre_req"": ""8"", ""sel_8th_pre_bid"": ""+28550"", ""sel_7th_pre_req_pre"": ""0"", ""sel_7th_pre_req"": ""6"", ""sel_7th_pre_bid"": ""+28500"", ""sel_6th_pre_req_pre"": ""0"", ""sel_6th_pre_req"": ""2070"", ""sel_6th_pre_bid"": ""+28400"", ""sel_5th_pre_req_pre"": ""0"", ""sel_5th_pre_req"": ""381"", ""sel_5th_pre_bid"": ""+28350"", ""sel_4th_pre_req_pre"": ""0"", ""sel_4th_pre_req"": ""261"", ""sel_4th_pre_bid"": ""+28300"", ""sel_3th_pre_req_pre"": ""0"", ""sel_3th_pre_req"": ""5"", ""sel_3th_pre_bid"": ""+28250"", ""sel_2th_pre_req_pre"": ""0"", ""sel_2th_pre_req"": ""264"", ""sel_2th_pre_bid"": ""+28200"", ""sel_1th_pre_req_pre"": ""0"", ""sel_fpr_req"": ""158"", ""sel_fpr_bid"": ""+28150"", ""buy_fpr_bid"": ""-28000"", ""buy_fpr_req"": ""83"", ""buy_1th_pre_req_pre"": ""0"", ""buy_2th_pre_bid"": ""-27950"", ""buy_2th_pre_req"": ""183"", ""buy_2th_pre_req_pre"": ""0"", ""buy_3th_pre_bid"": ""-27900"", ""buy_3th_pre_req"": ""331"", ""buy_3th_pre_req_pre"": ""0"", ""buy_4th_pre_bid"": ""-27850"", ""buy_4th_pre_req"": ""212"", ""buy_4th_pre_req_pre"": ""0"", ""buy_5th_pre_bid"": ""-27800"", ""buy_5th_pre_req"": ""316"", ""buy_5th_pre_req_pre"": ""0"", ""buy_6th_pre_bid"": ""-27750"", ""buy_6th_pre_req"": ""287"", ""buy_6th_pre_req_pre"": ""0"", ""buy_7th_pre_bid"": ""-27700"", ""buy_7th_pre_req"": ""252"", ""buy_7th_pre_req_pre"": ""0"", ""buy_8th_pre_bid"": ""-27650"", ""buy_8th_pre_req"": ""112"", ""buy_8th_pre_req_pre"": ""0"", ""buy_9th_pre_bid"": ""-27600"", ""buy_9th_pre_req"": ""172"", ""buy_9th_pre_req_pre"": ""0"", ""buy_10th_pre_bid"": ""-27550"", ""buy_10th_pre_req"": ""96"", ""buy_10th_pre_req_pre"": ""0"", ""tot_sel_req_jub_pre"": ""0"", ""tot_sel_req"": ""3201"", ""tot_buy_req"": ""2044"", ""tot_buy_req_jub_pre"": ""0"", ""ovt_sel_req_pre"": ""0"", ""ovt_sel_req"": ""0"", ""ovt_buy_req"": ""0"", ""ovt_buy_req_pre"": ""0"", ""return_code"": 0, ""return_msg"": ""정상적으로 처리되었습니다""}"
2026-06-10,scan_candidate,000370,,0,main_scan,6490,,6490,6480,6490,6490,-0.15408320493066258,0.15408320493066258,,,,,,"{""bid_req_base_tm"": ""110742"", ""sel_10th_pre_req_pre"": ""0"", ""sel_10th_pre_req"": ""112"", ""sel_10th_pre_bid"": ""+6580"", ""sel_9th_pre_req_pre"": ""0"", ""sel_9th_pre_req"": ""753"", ""sel_9th_pre_bid"": ""+6570"", ""sel_8th_pre_req_pre"": ""0"", ""sel_8th_pre_req"": ""4"", ""sel_8th_pre_bid"": ""+6560"", ""sel_7th_pre_req_pre"": ""0"", ""sel_7th_pre_req"": ""1066"", ""sel_7th_pre_bid"": ""+6550"", ""sel_6th_pre_req_pre"": ""0"", ""sel_6th_pre_req"": ""17"", ""sel_6th_pre_bid"": ""+6540"", ""sel_5th_pre_req_pre"": ""0"", ""sel_5th_pre_req"": ""130"", ""sel_5th_pre_bid"": ""+6530"", ""sel_4th_pre_req_pre"": ""0"", ""sel_4th_pre_req"": ""578"", ""sel_4th_pre_bid"": ""+6520"", ""sel_3th_pre_req_pre"": ""0"", ""sel_3th_pre_req"": ""677"", ""sel_3th_pre_bid"": ""+6510"", ""sel_2th_pre_req_pre"": ""0"", ""sel_2th_pre_req"": ""696"", ""sel_2th_pre_bid"": ""+6500"", ""sel_1th_pre_req_pre"": ""0"", ""sel_fpr_req"": ""154"", ""sel_fpr_bid"": ""+6490"", ""buy_fpr_bid"": ""+6480"", ""buy_fpr_req"": ""50"", ""buy_1th_pre_req_pre"": ""0"", ""buy_2th_pre_bid"": ""+6470"", ""buy_2th_pre_req"": ""447"", ""buy_2th_pre_req_pre"": ""0"", ""buy_3th_pre_bid"": ""+6460"", ""buy_3th_pre_req"": ""153"", ""buy_3th_pre_req_pre"": ""0"", ""buy_4th_pre_bid"": ""6450"", ""buy_4th_pre_req"": ""842"", ""buy_4th_pre_req_pre"": ""0"", ""buy_5th_pre_bid"": ""-6440"", ""buy_5th_pre_req"": ""132"", ""buy_5th_pre_req_pre"": ""0"", ""buy_6th_pre_bid"": ""-6430"", ""buy_6th_pre_req"": ""1555"", ""buy_6th_pre_req_pre"": ""0"", ""buy_7th_pre_bid"": ""-6420"", ""buy_7th_pre_req"": ""157"", ""buy_7th_pre_req_pre"": ""0"", ""buy_8th_pre_bid"": ""-6410"", ""buy_8th_pre_req"": ""855"", ""buy_8th_pre_req_pre"": ""0"", ""buy_9th_pre_bid"": ""-6400"", ""buy_9th_pre_req"": ""4775"", ""buy_9th_pre_req_pre"": ""0"", ""buy_10th_pre_bid"": ""-6390"", ""buy_10th_pre_req"": ""670"", ""buy_10th_pre_req_pre"": ""0"", ""tot_sel_req_jub_pre"": ""0"", ""tot_sel_req"": ""4187"", ""tot_buy_req"": ""9636"", ""tot_buy_req_jub_pre"": ""0"", ""ovt_sel_req_pre"": ""0"", ""ovt_sel_req"": ""0"", ""ovt_buy_req"": ""0"", ""ovt_buy_req_pre"": ""0"", ""return_code"": 0, ""return_msg"": ""정상적으로 처리되었습니다""}"
2026-06-10,scan_candidate,114090,,0,main_scan,12070,,12070,12040,12070,12000,-0.9942004971002486,0.24855012427506215,,,,,,"{""bid_req_base_tm"": ""110738"", ""sel_10th_pre_req_pre"": ""0"", ""sel_10th_pre_req"": ""10"", ""sel_10th_pre_bid"": ""+12160"", ""sel_9th_pre_req_pre"": ""0"", ""sel_9th_pre_req"": ""1133"", ""sel_9th_pre_bid"": ""+12150"", ""sel_8th_pre_req_pre"": ""0"", ""sel_8th_pre_req"": ""132"", ""sel_8th_pre_bid"": ""+12140"", ""sel_7th_pre_req_pre"": ""0"", ""sel_7th_pre_req"": ""470"", ""sel_7th_pre_bid"": ""+12130"", ""sel_6th_pre_req_pre"": ""0"", ""sel_6th_pre_req"": ""56"", ""sel_6th_pre_bid"": ""+12120"", ""sel_5th_pre_req_pre"": ""0"", ""sel_5th_pre_req"": ""1958"", ""sel_5th_pre_bid"": ""+12110"", ""sel_4th_pre_req_pre"": ""0"", ""sel_4th_pre_req"": ""168"", ""sel_4th_pre_bid"": ""+12100"", ""sel_3th_pre_req_pre"": ""0"", ""sel_3th_pre_req"": ""56"", ""sel_3th_pre_bid"": ""+12090"", ""sel_2th_pre_req_pre"": ""0"", ""sel_2th_pre_req"": ""27"", ""sel_2th_pre_bid"": ""+12080"", ""sel_1th_pre_req_pre"": ""0"", ""sel_fpr_req"": ""2"", ""sel_fpr_bid"": ""+12070"", ""buy_fpr_bid"": ""+12040"", ""buy_fpr_req"": ""1"", ""buy_1th_pre_req_pre"": ""0"", ""buy_2th_pre_bid"": ""+12030"", ""buy_2th_pre_req"": ""675"", ""buy_2th_pre_req_pre"": ""+167"", ""buy_3th_pre_bid"": ""+12020"", ""buy_3th_pre_req"": ""102"", ""buy_3th_pre_req_pre"": ""0"", ""buy_4th_pre_bid"": ""+12010"", ""buy_4th_pre_req"": ""119"", ""buy_4th_pre_req_pre"": ""0"", ""buy_5th_pre_bid"": ""+12000"", ""buy_5th_pre_req"": ""820"", ""buy_5th_pre_req_pre"": ""0"", ""buy_6th_pre_bid"": ""+11990"", ""buy_6th_pre_req"": ""100"", ""buy_6th_pre_req_pre"": ""0"", ""buy_7th_pre_bid"": ""+11980"", ""buy_7th_pre_req"": ""189"", ""buy_7th_pre_req_pre"": ""0"", ""buy_8th_pre_bid"": ""+11970"", ""buy_8th_pre_req"": ""6"", ""buy_8th_pre_req_pre"": ""0"", ""buy_9th_pre_bid"": ""+11960"", ""buy_9th_pre_req"": ""56"", ""buy_9th_pre_req_pre"": ""0"", ""buy_10th_pre_bid"": ""11950"", ""buy_10th_pre_req"": ""457"", ""buy_10th_pre_req_pre"": ""0"", ""tot_sel_req_jub_pre"": ""0"", ""tot_sel_req"": ""4012"", ""tot_buy_req"": ""2525"", ""tot_buy_req_jub_pre"": ""+167"", ""ovt_sel_req_pre"": ""0"", ""ovt_sel_req"": ""0"", ""ovt_buy_req"": ""0"", ""ovt_buy_req_pre"": ""0"", ""return_code"": 0, ""return_msg"": ""정상적으로 처리되었습니다""}"
2026-06-10,scan_candidate,005090,,0,main_scan,52100,,52100,51800,52100,52100,-0.19193857965451055,0.5758157389635317,,,,,,"{""bid_req_base_tm"": ""110742"", ""sel_10th_pre_req_pre"": ""0"", ""sel_10th_pre_req"": ""637"", ""sel_10th_pre_bid"": ""+53000"", ""sel_9th_pre_req_pre"": ""0"", ""sel_9th_pre_req"": ""7"", ""sel_9th_pre_bid"": ""+52900"", ""sel_8th_pre_req_pre"": ""0"", ""sel_8th_pre_req"": ""20"", ""sel_8th_pre_bid"": ""+52800"", ""sel_7th_pre_req_pre"": ""0"", ""sel_7th_pre_req"": ""110"", ""sel_7th_pre_bid"": ""+52700"", ""sel_6th_pre_req_pre"": ""0"", ""sel_6th_pre_req"": ""16"", ""sel_6th_pre_bid"": ""+52600"", ""sel_5th_pre_req_pre"": ""0"", ""sel_5th_pre_req"": ""34"", ""sel_5th_pre_bid"": ""+52500"", ""sel_4th_pre_req_pre"": ""0"", ""sel_4th_pre_req"": ""30"", ""sel_4th_pre_bid"": ""+52400"", ""sel_3th_pre_req_pre"": ""0"", ""sel_3th_pre_req"": ""22"", ""sel_3th_pre_bid"": ""+52300"", ""sel_2th_pre_req_pre"": ""0"", ""sel_2th_pre_req"": ""63"", ""sel_2th_pre_bid"": ""+52200"", ""sel_1th_pre_req_pre"": ""+1"", ""sel_fpr_req"": ""44"", ""sel_fpr_bid"": ""+52100"", ""buy_fpr_bid"": ""+51800"", ""buy_fpr_req"": ""59"", ""buy_1th_pre_req_pre"": ""0"", ""buy_2th_pre_bid"": ""+51700"", ""buy_2th_pre_req"": ""152"", ""buy_2th_pre_req_pre"": ""0"", ""buy_3th_pre_bid"": ""+51600"", ""buy_3th_pre_req"": ""51"", ""buy_3th_pre_req_pre"": ""0"", ""buy_4th_pre_bid"": ""+51500"", ""buy_4th_pre_req"": ""164"", ""buy_4th_pre_req_pre"": ""0"", ""buy_5th_pre_bid"": ""+51400"", ""buy_5th_pre_req"": ""115"", ""buy_5th_pre_req_pre"": ""0"", ""buy_6th_pre_bid"": ""+51300"", ""buy_6th_pre_req"": ""119"", ""buy_6th_pre_req_pre"": ""0"", ""buy_7th_pre_bid"": ""+51200"", ""buy_7th_pre_req"": ""1424"", ""buy_7th_pre_req_pre"": ""0"", ""buy_8th_pre_bid"": ""+51100"", ""buy_8th_pre_req"": ""148"", ""buy_8th_pre_req_pre"": ""0"", ""buy_9th_pre_bid"": ""+51000"", ""buy_9th_pre_req"": ""428"", ""buy_9th_pre_req_pre"": ""0"", ""buy_10th_pre_bid"": ""+50900"", ""buy_10th_pre_req"": ""224"", ""buy_10th_pre_req_pre"": ""0"", ""tot_sel_req_jub_pre"": ""+1"", ""tot_sel_req"": ""983"", ""tot_buy_req"": ""2884"", ""tot_buy_req_jub_pre"": ""0"", ""ovt_sel_req_pre"": ""0"", ""ovt_sel_req"": ""0"", ""ovt_buy_req"": ""0"", ""ovt_buy_req_pre"": ""0"", ""return_code"": 0, ""return_msg"": ""정상적으로 처리되었습니다""}"
2026-06-10,scan_candidate,017900,,0,main_scan,9300,,9300,9270,9300,9290,-0.21505376344086022,0.3225806451612903,,,,,,"{""bid_req_base_tm"": ""110744"", ""sel_10th_pre_req_pre"": ""0"", ""sel_10th_pre_req"": ""1101"", ""sel_10th_pre_bid"": ""+9390"", ""sel_9th_pre_req_pre"": ""0"", ""sel_9th_pre_req"": ""292"", ""sel_9th_pre_bid"": ""+9380"", ""sel_8th_pre_req_pre"": ""0"", ""sel_8th_pre_req"": ""19"", ""sel_8th_pre_bid"": ""+9370"", ""sel_7th_pre_req_pre"": ""0"", ""sel_7th_pre_req"": ""101"", ""sel_7th_pre_bid"": ""+9360"", ""sel_6th_pre_req_pre"": ""0"", ""sel_6th_pre_req"": ""755"", ""sel_6th_pre_bid"": ""+9350"", ""sel_5th_pre_req_pre"": ""0"", ""sel_5th_pre_req"": ""2074"", ""sel_5th_pre_bid"": ""+9340"", ""sel_4th_pre_req_pre"": ""0"", ""sel_4th_pre_req"": ""2357"", ""sel_4th_pre_bid"": ""+9330"", ""sel_3th_pre_req_pre"": ""0"", ""sel_3th_pre_req"": ""675"", ""sel_3th_pre_bid"": ""+9320"", ""sel_2th_pre_req_pre"": ""0"", ""sel_2th_pre_req"": ""9848"", ""sel_2th_pre_bid"": ""+9310"", ""sel_1th_pre_req_pre"": ""0"", ""sel_fpr_req"": ""594"", ""sel_fpr_bid"": ""+9300"", ""buy_fpr_bid"": ""+9270"", ""buy_fpr_req"": ""3379"", ""buy_1th_pre_req_pre"": ""0"", ""buy_2th_pre_bid"": ""+9260"", ""buy_2th_pre_req"": ""2522"", ""buy_2th_pre_req_pre"": ""0"", ""buy_3th_pre_bid"": ""+9250"", ""buy_3th_pre_req"": ""3021"", ""buy_3th_pre_req_pre"": ""0"", ""buy_4th_pre_bid"": ""+9240"", ""buy_4th_pre_req"": ""161"", ""buy_4th_pre_req_pre"": ""0"", ""buy_5th_pre_bid"": ""+9230"", ""buy_5th_pre_req"": ""1501"", ""buy_5th_pre_req_pre"": ""0"", ""buy_6th_pre_bid"": ""+9220"", ""buy_6th_pre_req"": ""444"", ""buy_6th_pre_req_pre"": ""0"", ""buy_7th_pre_bid"": ""+9210"", ""buy_7th_pre_req"": ""1910"", ""buy_7th_pre_req_pre"": ""0"", ""buy_8th_pre_bid"": ""+9200"", ""buy_8th_pre_req"": ""5191"", ""buy_8th_pre_req_pre"": ""0"", ""buy_9th_pre_bid"": ""9190"", ""buy_9th_pre_req"": ""2358"", ""buy_9th_pre_req_pre"": ""0"", ""buy_10th_pre_bid"": ""-9180"", ""buy_10th_pre_req"": ""469"", ""buy_10th_pre_req_pre"": ""0"", ""tot_sel_req_jub_pre"": ""0"", ""tot_sel_req"": ""17816"", ""tot_buy_req"": ""20956"", ""tot_buy_req_jub_pre"": ""+180"", ""ovt_sel_req_pre"": ""0"", ""ovt_sel_req"": ""0"", ""ovt_buy_req"": ""0"", ""ovt_buy_req_pre"": ""0"", ""return_code"": 0, ""return_msg"": ""정상적으로 처리되었습니다""}"
2026-06-10,scan_candidate,004710,,0,main_scan,10850,,10850,10840,10850,10850,-0.4608294930875576,0.09216589861751152,,,,,,"{""bid_req_base_tm"": ""110744"", ""sel_10th_pre_req_pre"": ""0"", ""sel_10th_pre_req"": ""1014"", ""sel_10th_pre_bid"": ""+11030"", ""sel_9th_pre_req_pre"": ""0"", ""sel_9th_pre_req"": ""20"", ""sel_9th_pre_bid"": ""+11020"", ""sel_8th_pre_req_pre"": ""0"", ""sel_8th_pre_req"": ""14"", ""sel_8th_pre_bid"": ""+11010"", ""sel_7th_pre_req_pre"": ""0"", ""sel_7th_pre_req"": ""32"", ""sel_7th_pre_bid"": ""+11000"", ""sel_6th_pre_req_pre"": ""0"", ""sel_6th_pre_req"": ""300"", ""sel_6th_pre_bid"": ""+10960"", ""sel_5th_pre_req_pre"": ""0"", ""sel_5th_pre_req"": ""31"", ""sel_5th_pre_bid"": ""+10940"", ""sel_4th_pre_req_pre"": ""0"", ""sel_4th_pre_req"": ""2"", ""sel_4th_pre_bid"": ""+10900"", ""sel_3th_pre_req_pre"": ""0"", ""sel_3th_pre_req"": ""83"", ""sel_3th_pre_bid"": ""+10890"", ""sel_2th_pre_req_pre"": ""0"", ""sel_2th_pre_req"": ""1"", ""sel_2th_pre_bid"": ""+10860"", ""sel_1th_pre_req_pre"": ""0"", ""sel_fpr_req"": ""3"", ""sel_fpr_bid"": ""+10850"", ""buy_fpr_bid"": ""+10840"", ""buy_fpr_req"": ""98"", ""buy_1th_pre_req_pre"": ""0"", ""buy_2th_pre_bid"": ""+10810"", ""buy_2th_pre_req"": ""83"", ""buy_2th_pre_req_pre"": ""+50"", ""buy_3th_pre_bid"": ""+10800"", ""buy_3th_pre_req"": ""708"", ""buy_3th_pre_req_pre"": ""0"", ""buy_4th_pre_bid"": ""+10790"", ""buy_4th_pre_req"": ""63"", ""buy_4th_pre_req_pre"": ""0"", ""buy_5th_pre_bid"": ""+10760"", ""buy_5th_pre_req"": ""198"", ""buy_5th_pre_req_pre"": ""0"", ""buy_6th_pre_bid"": ""+10750"", ""buy_6th_pre_req"": ""3"", ""buy_6th_pre_req_pre"": ""0"", ""buy_7th_pre_bid"": ""+10720"", ""buy_7th_pre_req"": ""279"", ""buy_7th_pre_req_pre"": ""0"", ""buy_8th_pre_bid"": ""+10710"", ""buy_8th_pre_req"": ""1"", ""buy_8th_pre_req_pre"": ""0"", ""buy_9th_pre_bid"": ""+10700"", ""buy_9th_pre_req"": ""354"", ""buy_9th_pre_req_pre"": ""0"", ""buy_10th_pre_bid"": ""+10690"", ""buy_10th_pre_req"": ""188"", ""buy_10th_pre_req_pre"": ""0"", ""tot_sel_req_jub_pre"": ""0"", ""tot_sel_req"": ""1500"", ""tot_buy_req"": ""1975"", ""tot_buy_req_jub_pre"": ""+50"", ""ovt_sel_req_pre"": ""0"", ""ovt_sel_req"": ""0"", ""ovt_buy_req"": ""0"", ""ovt_buy_req_pre"": ""0"", ""return_code"": 0, ""return_msg"": ""정상적으로 처리되었습니다""}"
2026-06-10,scan_candidate,006220,,0,main_scan,11810,,11810,11790,11810,11750,-0.9314140558848433,0.1693480101608806,,,,,,"{""bid_req_base_tm"": ""110745"", ""sel_10th_pre_req_pre"": ""0"", ""sel_10th_pre_req"": ""2298"", ""sel_10th_pre_bid"": ""+11920"", ""sel_9th_pre_req_pre"": ""0"", ""sel_9th_pre_req"": ""621"", ""sel_9th_pre_bid"": ""+11910"", ""sel_8th_pre_req_pre"": ""0"", ""sel_8th_pre_req"": ""1167"", ""sel_8th_pre_bid"": ""+11900"", ""sel_7th_pre_req_pre"": ""0"", ""sel_7th_pre_req"": ""387"", ""sel_7th_pre_bid"": ""+11890"", ""sel_6th_pre_req_pre"": ""0"", ""sel_6th_pre_req"": ""499"", ""sel_6th_pre_bid"": ""+11880"", ""sel_5th_pre_req_pre"": ""0"", ""sel_5th_pre_req"": ""241"", ""sel_5th_pre_bid"": ""+11870"", ""sel_4th_pre_req_pre"": ""+100"", ""sel_4th_pre_req"": ""1173"", ""sel_4th_pre_bid"": ""+11860"", ""sel_3th_pre_req_pre"": ""0"", ""sel_3th_pre_req"": ""1653"", ""sel_3th_pre_bid"": ""+11850"", ""sel_2th_pre_req_pre"": ""0"", ""sel_2th_pre_req"": ""691"", ""sel_2th_pre_bid"": ""+11820"", ""sel_1th_pre_req_pre"": ""0"", ""sel_fpr_req"": ""400"", ""sel_fpr_bid"": ""+11810"", ""buy_fpr_bid"": ""+11790"", ""buy_fpr_req"": ""588"", ""buy_1th_pre_req_pre"": ""0"", ""buy_2th_pre_bid"": ""+11780"", ""buy_2th_pre_req"": ""383"", ""buy_2th_pre_req_pre"": ""0"", ""buy_3th_pre_bid"": ""+11760"", ""buy_3th_pre_req"": ""1"", ""buy_3th_pre_req_pre"": ""0"", ""buy_4th_pre_bid"": ""+11750"", ""buy_4th_pre_req"": ""63"", ""buy_4th_pre_req_pre"": ""0"", ""buy_5th_pre_bid"": ""+11740"", ""buy_5th_pre_req"": ""372"", ""buy_5th_pre_req_pre"": ""0"", ""buy_6th_pre_bid"": ""+11730"", ""buy_6th_pre_req"": ""22"", ""buy_6th_pre_req_pre"": ""0"", ""buy_7th_pre_bid"": ""+11720"", ""buy_7th_pre_req"": ""71"", ""buy_7th_pre_req_pre"": ""0"", ""buy_8th_pre_bid"": ""+11710"", ""buy_8th_pre_req"": ""76"", ""buy_8th_pre_req_pre"": ""0"", ""buy_9th_pre_bid"": ""+11700"", ""buy_9th_pre_req"": ""394"", ""buy_9th_pre_req_pre"": ""0"", ""buy_10th_pre_bid"": ""+11690"", ""buy_10th_pre_req"": ""23"", ""buy_10th_pre_req_pre"": ""0"", ""tot_sel_req_jub_pre"": ""+100"", ""tot_sel_req"": ""9130"", ""tot_buy_req"": ""1993"", ""tot_buy_req_jub_pre"": ""0"", ""ovt_sel_req_pre"": ""0"", ""ovt_sel_req"": ""0"", ""ovt_buy_req"": ""0"", ""ovt_buy_req_pre"": ""0"", ""return_code"": 0, ""return_msg"": ""정상적으로 처리되었습니다""}"
2026-06-10,scan_candidate,092200,,0,main_scan,9490,,9490,9480,9490,9530,0.31612223393045313,0.10537407797681769,,,,,,"{""bid_req_base_tm"": ""110745"", ""sel_10th_pre_req_pre"": ""0"", ""sel_10th_pre_req"": ""95"", ""sel_10th_pre_bid"": ""-9600"", ""sel_9th_pre_req_pre"": ""0"", ""sel_9th_pre_req"": ""100"", ""sel_9th_pre_bid"": ""-9590"", ""sel_8th_pre_req_pre"": ""0"", ""sel_8th_pre_req"": ""15"", ""sel_8th_pre_bid"": ""-9560"", ""sel_7th_pre_req_pre"": ""0"", ""sel_7th_pre_req"": ""166"", ""sel_7th_pre_bid"": ""-9550"", ""sel_6th_pre_req_pre"": ""0"", ""sel_6th_pre_req"": ""105"", ""sel_6th_pre_bid"": ""-9540"", ""sel_5th_pre_req_pre"": ""0"", ""sel_5th_pre_req"": ""1738"", ""sel_5th_pre_bid"": ""-9530"", ""sel_4th_pre_req_pre"": ""0"", ""sel_4th_pre_req"": ""1"", ""sel_4th_pre_bid"": ""-9520"", ""sel_3th_pre_req_pre"": ""0"", ""sel_3th_pre_req"": ""1416"", ""sel_3th_pre_bid"": ""-9510"", ""sel_2th_pre_req_pre"": ""0"", ""sel_2th_pre_req"": ""797"", ""sel_2th_pre_bid"": ""-9500"", ""sel_1th_pre_req_pre"": ""0"", ""sel_fpr_req"": ""704"", ""sel_fpr_bid"": ""-9490"", ""buy_fpr_bid"": ""-9480"", ""buy_fpr_req"": ""1430"", ""buy_1th_pre_req_pre"": ""0"", ""buy_2th_pre_bid"": ""-9470"", ""buy_2th_pre_req"": ""709"", ""buy_2th_pre_req_pre"": ""+8"", ""buy_3th_pre_bid"": ""-9460"", ""buy_3th_pre_req"": ""3617"", ""buy_3th_pre_req_pre"": ""0"", ""buy_4th_pre_bid"": ""-9450"", ""buy_4th_pre_req"": ""1312"", ""buy_4th_pre_req_pre"": ""0"", ""buy_5th_pre_bid"": ""-9440"", ""buy_5th_pre_req"": ""692"", ""buy_5th_pre_req_pre"": ""0"", ""buy_6th_pre_bid"": ""-9430"", ""buy_6th_pre_req"": ""1988"", ""buy_6th_pre_req_pre"": ""0"", ""buy_7th_pre_bid"": ""-9420"", ""buy_7th_pre_req"": ""1094"", ""buy_7th_pre_req_pre"": ""0"", ""buy_8th_pre_bid"": ""-9410"", ""buy_8th_pre_req"": ""2446"", ""buy_8th_pre_req_pre"": ""0"", ""buy_9th_pre_bid"": ""-9400"", ""buy_9th_pre_req"": ""3227"", ""buy_9th_pre_req_pre"": ""0"", ""buy_10th_pre_bid"": ""-9390"", ""buy_10th_pre_req"": ""3140"", ""buy_10th_pre_req_pre"": ""0"", ""tot_sel_req_jub_pre"": ""0"", ""tot_sel_req"": ""5137"", ""tot_buy_req"": ""19655"", ""tot_buy_req_jub_pre"": ""+8"", ""ovt_sel_req_pre"": ""0"", ""ovt_sel_req"": ""0"", ""ovt_buy_req"": ""0"", ""ovt_buy_req_pre"": ""0"", ""return_code"": 0, ""return_msg"": ""정상적으로 처리되었습니다""}"
2026-06-10,scan_candidate,000430,,0,main_scan,5650,,5650,5630,5650,5670,0.17699115044247787,0.35398230088495575,,,,,,"{""bid_req_base_tm"": ""110745"", ""sel_10th_pre_req_pre"": ""0"", ""sel_10th_pre_req"": ""1127"", ""sel_10th_pre_bid"": ""-5740"", ""sel_9th_pre_req_pre"": ""0"", ""sel_9th_pre_req"": ""1737"", ""sel_9th_pre_bid"": ""-5730"", ""sel_8th_pre_req_pre"": ""0"", ""sel_8th_pre_req"": ""100"", ""sel_8th_pre_bid"": ""-5720"", ""sel_7th_pre_req_pre"": ""0"", ""sel_7th_pre_req"": ""50"", ""sel_7th_pre_bid"": ""-5710"", ""sel_6th_pre_req_pre"": ""0"", ""sel_6th_pre_req"": ""20"", ""sel_6th_pre_bid"": ""-5700"", ""sel_5th_pre_req_pre"": ""0"", ""sel_5th_pre_req"": ""1"", ""sel_5th_pre_bid"": ""-5690"", ""sel_4th_pre_req_pre"": ""0"", ""sel_4th_pre_req"": ""1727"", ""sel_4th_pre_bid"": ""-5680"", ""sel_3th_pre_req_pre"": ""0"", ""sel_3th_pre_req"": ""67"", ""sel_3th_pre_bid"": ""-5670"", ""sel_2th_pre_req_pre"": ""0"", ""sel_2th_pre_req"": ""1"", ""sel_2th_pre_bid"": ""-5660"", ""sel_1th_pre_req_pre"": ""0"", ""sel_fpr_req"": ""318"", ""sel_fpr_bid"": ""-5650"", ""buy_fpr_bid"": ""-5630"", ""buy_fpr_req"": ""960"", ""buy_1th_pre_req_pre"": ""--1255"", ""buy_2th_pre_bid"": ""-5620"", ""buy_2th_pre_req"": ""3562"", ""buy_2th_pre_req_pre"": ""0"", ""buy_3th_pre_bid"": ""-5610"", ""buy_3th_pre_req"": ""7741"", ""buy_3th_pre_req_pre"": ""0"", ""buy_4th_pre_bid"": ""-5600"", ""buy_4th_pre_req"": ""14325"", ""buy_4th_pre_req_pre"": ""0"", ""buy_5th_pre_bid"": ""-5590"", ""buy_5th_pre_req"": ""4142"", ""buy_5th_pre_req_pre"": ""0"", ""buy_6th_pre_bid"": ""-5580"", ""buy_6th_pre_req"": ""9027"", ""buy_6th_pre_req_pre"": ""0"", ""buy_7th_pre_bid"": ""-5570"", ""buy_7th_pre_req"": ""2754"", ""buy_7th_pre_req_pre"": ""0"", ""buy_8th_pre_bid"": ""-5560"", ""buy_8th_pre_req"": ""1664"", ""buy_8th_pre_req_pre"": ""0"", ""buy_9th_pre_bid"": ""-5550"", ""buy_9th_pre_req"": ""6976"", ""buy_9th_pre_req_pre"": ""0"", ""buy_10th_pre_bid"": ""-5540"", ""buy_10th_pre_req"": ""168"", ""buy_10th_pre_req_pre"": ""0"", ""tot_sel_req_jub_pre"": ""0"", ""tot_sel_req"": ""5148"", ""tot_buy_req"": ""51319"", ""tot_buy_req_jub_pre"": ""--1184"", ""ovt_sel_req_pre"": ""0"", ""ovt_sel_req"": ""0"", ""ovt_buy_req"": ""0"", ""ovt_buy_req_pre"": ""0"", ""return_code"": 0, ""return_msg"": ""정상적으로 처리되었습니다""}"
2026-06-10,scan_candidate,010690,,0,main_scan,10580,,10580,10570,10580,10600,-0.28355387523629494,0.0945179584120983,,,,,,"{""bid_req_base_tm"": ""110745"", ""sel_10th_pre_req_pre"": ""0"", ""sel_10th_pre_req"": ""1"", ""sel_10th_pre_bid"": ""+10700"", ""sel_9th_pre_req_pre"": ""0"", ""sel_9th_pre_req"": ""700"", ""sel_9th_pre_bid"": ""+10690"", ""sel_8th_pre_req_pre"": ""0"", ""sel_8th_pre_req"": ""13"", ""sel_8th_pre_bid"": ""+10680"", ""sel_7th_pre_req_pre"": ""0"", ""sel_7th_pre_req"": ""122"", ""sel_7th_pre_bid"": ""+10670"", ""sel_6th_pre_req_pre"": ""0"", ""sel_6th_pre_req"": ""428"", ""sel_6th_pre_bid"": ""+10660"", ""sel_5th_pre_req_pre"": ""0"", ""sel_5th_pre_req"": ""6"", ""sel_5th_pre_bid"": ""+10650"", ""sel_4th_pre_req_pre"": ""0"", ""sel_4th_pre_req"": ""35"", ""sel_4th_pre_bid"": ""+10630"", ""sel_3th_pre_req_pre"": ""0"", ""sel_3th_pre_req"": ""65"", ""sel_3th_pre_bid"": ""+10620"", ""sel_2th_pre_req_pre"": ""0"", ""sel_2th_pre_req"": ""50"", ""sel_2th_pre_bid"": ""+10610"", ""sel_1th_pre_req_pre"": ""0"", ""sel_fpr_req"": ""53"", ""sel_fpr_bid"": ""+10580"", ""buy_fpr_bid"": ""+10570"", ""buy_fpr_req"": ""144"", ""buy_1th_pre_req_pre"": ""0"", ""buy_2th_pre_bid"": ""+10560"", ""buy_2th_pre_req"": ""1308"", ""buy_2th_pre_req_pre"": ""0"", ""buy_3th_pre_bid"": ""+10550"", ""buy_3th_pre_req"": ""704"", ""buy_3th_pre_req_pre"": ""0"", ""buy_4th_pre_bid"": ""+10540"", ""buy_4th_pre_req"": ""147"", ""buy_4th_pre_req_pre"": ""0"", ""buy_5th_pre_bid"": ""+10530"", ""buy_5th_pre_req"": ""264"", ""buy_5th_pre_req_pre"": ""0"", ""buy_6th_pre_bid"": ""+10520"", ""buy_6th_pre_req"": ""297"", ""buy_6th_pre_req_pre"": ""0"", ""buy_7th_pre_bid"": ""+10510"", ""buy_7th_pre_req"": ""757"", ""buy_7th_pre_req_pre"": ""0"", ""buy_8th_pre_bid"": ""+10500"", ""buy_8th_pre_req"": ""1527"", ""buy_8th_pre_req_pre"": ""0"", ""buy_9th_pre_bid"": ""+10490"", ""buy_9th_pre_req"": ""120"", ""buy_9th_pre_req_pre"": ""0"", ""buy_10th_pre_bid"": ""+10480"", ""buy_10th_pre_req"": ""271"", ""buy_10th_pre_req_pre"": ""0"", ""tot_sel_req_jub_pre"": ""0"", ""tot_sel_req"": ""1473"", ""tot_buy_req"": ""5539"", ""tot_buy_req_jub_pre"": ""0"", ""ovt_sel_req_pre"": ""0"", ""ovt_sel_req"": ""0"", ""ovt_buy_req"": ""0"", ""ovt_buy_req_pre"": ""0"", ""return_code"": 0, ""return_msg"": ""정상적으로 처리되었습니다""}"
2026-06-10,scan_candidate,005950,,0,main_scan,11960,,11960,11910,11960,11950,-0.5016722408026756,0.4180602006688963,,,,,,"{""bid_req_base_tm"": ""110745"", ""sel_10th_pre_req_pre"": ""0"", ""sel_10th_pre_req"": ""1"", ""sel_10th_pre_bid"": ""+12070"", ""sel_9th_pre_req_pre"": ""0"", ""sel_9th_pre_req"": ""1"", ""sel_9th_pre_bid"": ""+12050"", ""sel_8th_pre_req_pre"": ""0"", ""sel_8th_pre_req"": ""1"", ""sel_8th_pre_bid"": ""+12040"", ""sel_7th_pre_req_pre"": ""0"", ""sel_7th_pre_req"": ""67"", ""sel_7th_pre_bid"": ""+12020"", ""sel_6th_pre_req_pre"": ""0"", ""sel_6th_pre_req"": ""342"", ""sel_6th_pre_bid"": ""+12010"", ""sel_5th_pre_req_pre"": ""0"", ""sel_5th_pre_req"": ""210"", ""sel_5th_pre_bid"": ""+12000"", ""sel_4th_pre_req_pre"": ""0"", ""sel_4th_pre_req"": ""76"", ""sel_4th_pre_bid"": ""+11990"", ""sel_3th_pre_req_pre"": ""0"", ""sel_3th_pre_req"": ""3"", ""sel_3th_pre_bid"": ""+11980"", ""sel_2th_pre_req_pre"": ""0"", ""sel_2th_pre_req"": ""15"", ""sel_2th_pre_bid"": ""+11970"", ""sel_1th_pre_req_pre"": ""0"", ""sel_fpr_req"": ""2"", ""sel_fpr_bid"": ""+11960"", ""buy_fpr_bid"": ""+11910"", ""buy_fpr_req"": ""268"", ""buy_1th_pre_req_pre"": ""0"", ""buy_2th_pre_bid"": ""+11900"", ""buy_2th_pre_req"": ""786"", ""buy_2th_pre_req_pre"": ""0"", ""buy_3th_pre_bid"": ""+11890"", ""buy_3th_pre_req"": ""381"", ""buy_3th_pre_req_pre"": ""0"", ""buy_4th_pre_bid"": ""+11880"", ""buy_4th_pre_req"": ""209"", ""buy_4th_pre_req_pre"": ""0"", ""buy_5th_pre_bid"": ""+11870"", ""buy_5th_pre_req"": ""102"", ""buy_5th_pre_req_pre"": ""0"", ""buy_6th_pre_bid"": ""+11860"", ""buy_6th_pre_req"": ""112"", ""buy_6th_pre_req_pre"": ""0"", ""buy_7th_pre_bid"": ""+11850"", ""buy_7th_pre_req"": ""134"", ""buy_7th_pre_req_pre"": ""0"", ""buy_8th_pre_bid"": ""+11830"", ""buy_8th_pre_req"": ""10"", ""buy_8th_pre_req_pre"": ""0"", ""buy_9th_pre_bid"": ""+11820"", ""buy_9th_pre_req"": ""110"", ""buy_9th_pre_req_pre"": ""0"", ""buy_10th_pre_bid"": ""+11810"", ""buy_10th_pre_req"": ""53"", ""buy_10th_pre_req_pre"": ""0"", ""tot_sel_req_jub_pre"": ""0"", ""tot_sel_req"": ""718"", ""tot_buy_req"": ""2165"", ""tot_buy_req_jub_pre"": ""0"", ""ovt_sel_req_pre"": ""0"", ""ovt_sel_req"": ""0"", ""ovt_buy_req"": ""0"", ""ovt_buy_req_pre"": ""0"", ""return_code"": 0, ""return_msg"": ""정상적으로 처리되었습니다""}"
2026-06-10,watchlist,014680,,0,filtered_candidate_recheck,260000,,260000,259500,260000,261500,0.38461538461538464,0.19230769230769232,,,,,,"{""bid_req_base_tm"": ""110930"", ""sel_10th_pre_req_pre"": ""0"", ""sel_10th_pre_req"": ""2"", ""sel_10th_pre_bid"": ""+264500"", ""sel_9th_pre_req_pre"": ""0"", ""sel_9th_pre_req"": ""83"", ""sel_9th_pre_bid"": ""+264000"", ""sel_8th_pre_req_pre"": ""0"", ""sel_8th_pre_req"": ""13"", ""sel_8th_pre_bid"": ""+263500"", ""sel_7th_pre_req_pre"": ""0"", ""sel_7th_pre_req"": ""4"", ""sel_7th_pre_bid"": ""+263000"", ""sel_6th_pre_req_pre"": ""0"", ""sel_6th_pre_req"": ""4"", ""sel_6th_pre_bid"": ""+262500"", ""sel_5th_pre_req_pre"": ""0"", ""sel_5th_pre_req"": ""6"", ""sel_5th_pre_bid"": ""+262000"", ""sel_4th_pre_req_pre"": ""0"", ""sel_4th_pre_req"": ""15"", ""sel_4th_pre_bid"": ""+261500"", ""sel_3th_pre_req_pre"": ""0"", ""sel_3th_pre_req"": ""29"", ""sel_3th_pre_bid"": ""+261000"", ""sel_2th_pre_req_pre"": ""--14"", ""sel_2th_pre_req"": ""134"", ""sel_2th_pre_bid"": ""+260500"", ""sel_1th_pre_req_pre"": ""+14"", ""sel_fpr_req"": ""67"", ""sel_fpr_bid"": ""+260000"", ""buy_fpr_bid"": ""+259500"", ""buy_fpr_req"": ""170"", ""buy_1th_pre_req_pre"": ""0"", ""buy_2th_pre_bid"": ""+259000"", ""buy_2th_pre_req"": ""253"", ""buy_2th_pre_req_pre"": ""0"", ""buy_3th_pre_bid"": ""+258500"", ""buy_3th_pre_req"": ""120"", ""buy_3th_pre_req_pre"": ""0"", ""buy_4th_pre_bid"": ""+258000"", ""buy_4th_pre_req"": ""118"", ""buy_4th_pre_req_pre"": ""0"", ""buy_5th_pre_bid"": ""+257500"", ""buy_5th_pre_req"": ""132"", ""buy_5th_pre_req_pre"": ""0"", ""buy_6th_pre_bid"": ""+257000"", ""buy_6th_pre_req"": ""141"", ""buy_6th_pre_req_pre"": ""0"", ""buy_7th_pre_bid"": ""+256500"", ""buy_7th_pre_req"": ""3"", ""buy_7th_pre_req_pre"": ""0"", ""buy_8th_pre_bid"": ""+256000"", ""buy_8th_pre_req"": ""45"", ""buy_8th_pre_req_pre"": ""0"", ""buy_9th_pre_bid"": ""+255500"", ""buy_9th_pre_req"": ""79"", ""buy_9th_pre_req_pre"": ""0"", ""buy_10th_pre_bid"": ""+255000"", ""buy_10th_pre_req"": ""3"", ""buy_10th_pre_req_pre"": ""0"", ""tot_sel_req_jub_pre"": ""0"", ""tot_sel_req"": ""357"", ""tot_buy_req"": ""1064"", ""tot_buy_req_jub_pre"": ""0"", ""ovt_sel_req_pre"": ""0"", ""ovt_sel_req"": ""0"", ""ovt_buy_req"": ""0"", ""ovt_buy_req_pre"": ""0"", ""return_code"": 0, ""return_msg"": ""정상적으로 처리되었습니다""}"
2026-06-10,watchlist,035420,,1,filtered_candidate_recheck,234000,,234000,233500,234000,235000,0.2136752136752137,0.2136752136752137,,,,,,"{""bid_req_base_tm"": ""110935"", ""sel_10th_pre_req_pre"": ""0"", ""sel_10th_pre_req"": ""2712"", ""sel_10th_pre_bid"": ""-238500"", ""sel_9th_pre_req_pre"": ""0"", ""sel_9th_pre_req"": ""4222"", ""sel_9th_pre_bid"": ""-238000"", ""sel_8th_pre_req_pre"": ""0"", ""sel_8th_pre_req"": ""3455"", ""sel_8th_pre_bid"": ""-237500"", ""sel_7th_pre_req_pre"": ""0"", ""sel_7th_pre_req"": ""2248"", ""sel_7th_pre_bid"": ""-237000"", ""sel_6th_pre_req_pre"": ""0"", ""sel_6th_pre_req"": ""4518"", ""sel_6th_pre_bid"": ""-236500"", ""sel_5th_pre_req_pre"": ""0"", ""sel_5th_pre_req"": ""3701"", ""sel_5th_pre_bid"": ""-236000"", ""sel_4th_pre_req_pre"": ""0"", ""sel_4th_pre_req"": ""2194"", ""sel_4th_pre_bid"": ""-235500"", ""sel_3th_pre_req_pre"": ""0"", ""sel_3th_pre_req"": ""1448"", ""sel_3th_pre_bid"": ""-235000"", ""sel_2th_pre_req_pre"": ""0"", ""sel_2th_pre_req"": ""1362"", ""sel_2th_pre_bid"": ""-234500"", ""sel_1th_pre_req_pre"": ""--41"", ""sel_fpr_req"": ""4103"", ""sel_fpr_bid"": ""-234000"", ""buy_fpr_bid"": ""-233500"", ""buy_fpr_req"": ""2185"", ""buy_1th_pre_req_pre"": ""0"", ""buy_2th_pre_bid"": ""-233000"", ""buy_2th_pre_req"": ""1974"", ""buy_2th_pre_req_pre"": ""--11"", ""buy_3th_pre_bid"": ""-232500"", ""buy_3th_pre_req"": ""11993"", ""buy_3th_pre_req_pre"": ""0"", ""buy_4th_pre_bid"": ""-232000"", ""buy_4th_pre_req"": ""12213"", ""buy_4th_pre_req_pre"": ""0"", ""buy_5th_pre_bid"": ""-231500"", ""buy_5th_pre_req"": ""12002"", ""buy_5th_pre_req_pre"": ""0"", ""buy_6th_pre_bid"": ""-231000"", ""buy_6th_pre_req"": ""15996"", ""buy_6th_pre_req_pre"": ""0"", ""buy_7th_pre_bid"": ""-230500"", ""buy_7th_pre_req"": ""18665"", ""buy_7th_pre_req_pre"": ""0"", ""buy_8th_pre_bid"": ""-230000"", ""buy_8th_pre_req"": ""70876"", ""buy_8th_pre_req_pre"": ""0"", ""buy_9th_pre_bid"": ""-229500"", ""buy_9th_pre_req"": ""5075"", ""buy_9th_pre_req_pre"": ""0"", ""buy_10th_pre_bid"": ""-229000"", ""buy_10th_pre_req"": ""7516"", ""buy_10th_pre_req_pre"": ""0"", ""tot_sel_req_jub_pre"": ""--41"", ""tot_sel_req"": ""29963"", ""tot_buy_req"": ""158495"", ""tot_buy_req_jub_pre"": ""--11"", ""ovt_sel_req_pre"": ""0"", ""ovt_sel_req"": ""0"", ""ovt_buy_req"": ""0"", ""ovt_buy_req_pre"": ""0"", ""return_code"": 0, ""return_msg"": ""정상적으로 처리되었습니다""}"
2026-06-10,watchlist,036570,,0,filtered_candidate_recheck,258000,,258000,257500,258000,258500,0.0,0.1937984496124031,,,,,,"{""bid_req_base_tm"": ""110935"", ""sel_10th_pre_req_pre"": ""0"", ""sel_10th_pre_req"": ""36"", ""sel_10th_pre_bid"": ""-263000"", ""sel_9th_pre_req_pre"": ""0"", ""sel_9th_pre_req"": ""17"", ""sel_9th_pre_bid"": ""-262500"", ""sel_8th_pre_req_pre"": ""0"", ""sel_8th_pre_req"": ""66"", ""sel_8th_pre_bid"": ""-262000"", ""sel_7th_pre_req_pre"": ""0"", ""sel_7th_pre_req"": ""26"", ""sel_7th_pre_bid"": ""-261500"", ""sel_6th_pre_req_pre"": ""0"", ""sel_6th_pre_req"": ""64"", ""sel_6th_pre_bid"": ""-261000"", ""sel_5th_pre_req_pre"": ""0"", ""sel_5th_pre_req"": ""173"", ""sel_5th_pre_bid"": ""-260000"", ""sel_4th_pre_req_pre"": ""0"", ""sel_4th_pre_req"": ""1077"", ""sel_4th_pre_bid"": ""-259500"", ""sel_3th_pre_req_pre"": ""0"", ""sel_3th_pre_req"": ""75"", ""sel_3th_pre_bid"": ""-259000"", ""sel_2th_pre_req_pre"": ""0"", ""sel_2th_pre_req"": ""65"", ""sel_2th_pre_bid"": ""-258500"", ""sel_1th_pre_req_pre"": ""0"", ""sel_fpr_req"": ""21"", ""sel_fpr_bid"": ""-258000"", ""buy_fpr_bid"": ""-257500"", ""buy_fpr_req"": ""92"", ""buy_1th_pre_req_pre"": ""+9"", ""buy_2th_pre_bid"": ""-257000"", ""buy_2th_pre_req"": ""157"", ""buy_2th_pre_req_pre"": ""0"", ""buy_3th_pre_bid"": ""-256500"", ""buy_3th_pre_req"": ""96"", ""buy_3th_pre_req_pre"": ""0"", ""buy_4th_pre_bid"": ""-256000"", ""buy_4th_pre_req"": ""214"", ""buy_4th_pre_req_pre"": ""0"", ""buy_5th_pre_bid"": ""-255500"", ""buy_5th_pre_req"": ""204"", ""buy_5th_pre_req_pre"": ""0"", ""buy_6th_pre_bid"": ""-255000"", ""buy_6th_pre_req"": ""317"", ""buy_6th_pre_req_pre"": ""0"", ""buy_7th_pre_bid"": ""-254500"", ""buy_7th_pre_req"": ""365"", ""buy_7th_pre_req_pre"": ""0"", ""buy_8th_pre_bid"": ""-254000"", ""buy_8th_pre_req"": ""353"", ""buy_8th_pre_req_pre"": ""0"", ""buy_9th_pre_bid"": ""-253500"", ""buy_9th_pre_req"": ""425"", ""buy_9th_pre_req_pre"": ""0"", ""buy_10th_pre_bid"": ""-253000"", ""buy_10th_pre_req"": ""735"", ""buy_10th_pre_req_pre"": ""0"", ""tot_sel_req_jub_pre"": ""0"", ""tot_sel_req"": ""1620"", ""tot_buy_req"": ""2958"", ""tot_buy_req_jub_pre"": ""+9"", ""ovt_sel_req_pre"": ""0"", ""ovt_sel_req"": ""0"", ""ovt_buy_req"": ""0"", ""ovt_buy_req_pre"": ""0"", ""return_code"": 0, ""return_msg"": ""정상적으로 처리되었습니다""}"
2026-06-10,watchlist,005090,,0,filtered_candidate_recheck,52100,,52100,51900,52100,52100,-0.19193857965451055,0.3838771593090211,,,,,,"{""bid_req_base_tm"": ""110921"", ""sel_10th_pre_req_pre"": ""0"", ""sel_10th_pre_req"": ""637"", ""sel_10th_pre_bid"": ""+53000"", ""sel_9th_pre_req_pre"": ""0"", ""sel_9th_pre_req"": ""7"", ""sel_9th_pre_bid"": ""+52900"", ""sel_8th_pre_req_pre"": ""0"", ""sel_8th_pre_req"": ""20"", ""sel_8th_pre_bid"": ""+52800"", ""sel_7th_pre_req_pre"": ""0"", ""sel_7th_pre_req"": ""110"", ""sel_7th_pre_bid"": ""+52700"", ""sel_6th_pre_req_pre"": ""0"", ""sel_6th_pre_req"": ""16"", ""sel_6th_pre_bid"": ""+52600"", ""sel_5th_pre_req_pre"": ""0"", ""sel_5th_pre_req"": ""34"", ""sel_5th_pre_bid"": ""+52500"", ""sel_4th_pre_req_pre"": ""0"", ""sel_4th_pre_req"": ""30"", ""sel_4th_pre_bid"": ""+52400"", ""sel_3th_pre_req_pre"": ""0"", ""sel_3th_pre_req"": ""22"", ""sel_3th_pre_bid"": ""+52300"", ""sel_2th_pre_req_pre"": ""0"", ""sel_2th_pre_req"": ""63"", ""sel_2th_pre_bid"": ""+52200"", ""sel_1th_pre_req_pre"": ""+2"", ""sel_fpr_req"": ""27"", ""sel_fpr_bid"": ""+52100"", ""buy_fpr_bid"": ""+51900"", ""buy_fpr_req"": ""1"", ""buy_1th_pre_req_pre"": ""0"", ""buy_2th_pre_bid"": ""+51800"", ""buy_2th_pre_req"": ""57"", ""buy_2th_pre_req_pre"": ""0"", ""buy_3th_pre_bid"": ""+51700"", ""buy_3th_pre_req"": ""142"", ""buy_3th_pre_req_pre"": ""0"", ""buy_4th_pre_bid"": ""+51600"", ""buy_4th_pre_req"": ""56"", ""buy_4th_pre_req_pre"": ""0"", ""buy_5th_pre_bid"": ""+51500"", ""buy_5th_pre_req"": ""164"", ""buy_5th_pre_req_pre"": ""0"", ""buy_6th_pre_bid"": ""+51400"", ""buy_6th_pre_req"": ""110"", ""buy_6th_pre_req_pre"": ""0"", ""buy_7th_pre_bid"": ""+51300"", ""buy_7th_pre_req"": ""119"", ""buy_7th_pre_req_pre"": ""0"", ""buy_8th_pre_bid"": ""+51200"", ""buy_8th_pre_req"": ""1424"", ""buy_8th_pre_req_pre"": ""0"", ""buy_9th_pre_bid"": ""+51100"", ""buy_9th_pre_req"": ""148"", ""buy_9th_pre_req_pre"": ""0"", ""buy_10th_pre_bid"": ""+51000"", ""buy_10th_pre_req"": ""428"", ""buy_10th_pre_req_pre"": ""0"", ""tot_sel_req_jub_pre"": ""+2"", ""tot_sel_req"": ""966"", ""tot_buy_req"": ""2649"", ""tot_buy_req_jub_pre"": ""0"", ""ovt_sel_req_pre"": ""0"", ""ovt_sel_req"": ""0"", ""ovt_buy_req"": ""0"", ""ovt_buy_req_pre"": ""0"", ""return_code"": 0, ""return_msg"": ""정상적으로 처리되었습니다""}"
2026-06-10,watchlist,066570,,0,filtered_candidate_recheck,231000,,231000,230500,231000,232500,0.4329004329004329,0.21645021645021645,,,,,,"{""bid_req_base_tm"": ""110935"", ""sel_10th_pre_req_pre"": ""0"", ""sel_10th_pre_req"": ""2324"", ""sel_10th_pre_bid"": ""-235500"", ""sel_9th_pre_req_pre"": ""0"", ""sel_9th_pre_req"": ""3501"", ""sel_9th_pre_bid"": ""-235000"", ""sel_8th_pre_req_pre"": ""0"", ""sel_8th_pre_req"": ""1592"", ""sel_8th_pre_bid"": ""-234500"", ""sel_7th_pre_req_pre"": ""0"", ""sel_7th_pre_req"": ""872"", ""sel_7th_pre_bid"": ""-234000"", ""sel_6th_pre_req_pre"": ""0"", ""sel_6th_pre_req"": ""1178"", ""sel_6th_pre_bid"": ""-233500"", ""sel_5th_pre_req_pre"": ""0"", ""sel_5th_pre_req"": ""1108"", ""sel_5th_pre_bid"": ""-233000"", ""sel_4th_pre_req_pre"": ""0"", ""sel_4th_pre_req"": ""668"", ""sel_4th_pre_bid"": ""-232500"", ""sel_3th_pre_req_pre"": ""0"", ""sel_3th_pre_req"": ""1411"", ""sel_3th_pre_bid"": ""-232000"", ""sel_2th_pre_req_pre"": ""0"", ""sel_2th_pre_req"": ""2166"", ""sel_2th_pre_bid"": ""-231500"", ""sel_1th_pre_req_pre"": ""0"", ""sel_fpr_req"": ""7875"", ""sel_fpr_bid"": ""-231000"", ""buy_fpr_bid"": ""-230500"", ""buy_fpr_req"": ""10690"", ""buy_1th_pre_req_pre"": ""--3"", ""buy_2th_pre_bid"": ""-230000"", ""buy_2th_pre_req"": ""42627"", ""buy_2th_pre_req_pre"": ""+13"", ""buy_3th_pre_bid"": ""-229500"", ""buy_3th_pre_req"": ""8720"", ""buy_3th_pre_req_pre"": ""0"", ""buy_4th_pre_bid"": ""-229000"", ""buy_4th_pre_req"": ""8766"", ""buy_4th_pre_req_pre"": ""0"", ""buy_5th_pre_bid"": ""-228500"", ""buy_5th_pre_req"": ""6250"", ""buy_5th_pre_req_pre"": ""0"", ""buy_6th_pre_bid"": ""-228000"", ""buy_6th_pre_req"": ""11976"", ""buy_6th_pre_req_pre"": ""0"", ""buy_7th_pre_bid"": ""-227500"", ""buy_7th_pre_req"": ""6497"", ""buy_7th_pre_req_pre"": ""0"", ""buy_8th_pre_bid"": ""-227000"", ""buy_8th_pre_req"": ""55577"", ""buy_8th_pre_req_pre"": ""0"", ""buy_9th_pre_bid"": ""-226500"", ""buy_9th_pre_req"": ""2776"", ""buy_9th_pre_req_pre"": ""0"", ""buy_10th_pre_bid"": ""-226000"", ""buy_10th_pre_req"": ""4312"", ""buy_10th_pre_req_pre"": ""0"", ""tot_sel_req_jub_pre"": ""0"", ""tot_sel_req"": ""22695"", ""tot_buy_req"": ""158191"", ""tot_buy_req_jub_pre"": ""+10"", ""ovt_sel_req_pre"": ""0"", ""ovt_sel_req"": ""0"", ""ovt_buy_req"": ""0"", ""ovt_buy_req_pre"": ""0"", ""return_code"": 0, ""return_msg"": ""정상적으로 처리되었습니다""}"
2026-06-10,watchlist,028670,,1,filtered_candidate_recheck,5020,,5020,5010,5020,5060,0.5976095617529881,0.199203187250996,,,,,,"{""bid_req_base_tm"": ""110934"", ""sel_10th_pre_req_pre"": ""0"", ""sel_10th_pre_req"": ""801"", ""sel_10th_pre_bid"": ""-5110"", ""sel_9th_pre_req_pre"": ""0"", ""sel_9th_pre_req"": ""2461"", ""sel_9th_pre_bid"": ""-5100"", ""sel_8th_pre_req_pre"": ""0"", ""sel_8th_pre_req"": ""1385"", ""sel_8th_pre_bid"": ""-5090"", ""sel_7th_pre_req_pre"": ""0"", ""sel_7th_pre_req"": ""1217"", ""sel_7th_pre_bid"": ""-5080"", ""sel_6th_pre_req_pre"": ""0"", ""sel_6th_pre_req"": ""601"", ""sel_6th_pre_bid"": ""-5070"", ""sel_5th_pre_req_pre"": ""0"", ""sel_5th_pre_req"": ""504"", ""sel_5th_pre_bid"": ""-5060"", ""sel_4th_pre_req_pre"": ""0"", ""sel_4th_pre_req"": ""1271"", ""sel_4th_pre_bid"": ""-5050"", ""sel_3th_pre_req_pre"": ""0"", ""sel_3th_pre_req"": ""1184"", ""sel_3th_pre_bid"": ""-5040"", ""sel_2th_pre_req_pre"": ""0"", ""sel_2th_pre_req"": ""1637"", ""sel_2th_pre_bid"": ""-5030"", ""sel_1th_pre_req_pre"": ""0"", ""sel_fpr_req"": ""5002"", ""sel_fpr_bid"": ""-5020"", ""buy_fpr_bid"": ""-5010"", ""buy_fpr_req"": ""19674"", ""buy_1th_pre_req_pre"": ""0"", ""buy_2th_pre_bid"": ""-5000"", ""buy_2th_pre_req"": ""16421"", ""buy_2th_pre_req_pre"": ""0"", ""buy_3th_pre_bid"": ""-4995"", ""buy_3th_pre_req"": ""7099"", ""buy_3th_pre_req_pre"": ""0"", ""buy_4th_pre_bid"": ""-4990"", ""buy_4th_pre_req"": ""6152"", ""buy_4th_pre_req_pre"": ""0"", ""buy_5th_pre_bid"": ""-4985"", ""buy_5th_pre_req"": ""1551"", ""buy_5th_pre_req_pre"": ""0"", ""buy_6th_pre_bid"": ""-4980"", ""buy_6th_pre_req"": ""7362"", ""buy_6th_pre_req_pre"": ""+5"", ""buy_7th_pre_bid"": ""-4975"", ""buy_7th_pre_req"": ""356"", ""buy_7th_pre_req_pre"": ""0"", ""buy_8th_pre_bid"": ""-4970"", ""buy_8th_pre_req"": ""3763"", ""buy_8th_pre_req_pre"": ""0"", ""buy_9th_pre_bid"": ""-4965"", ""buy_9th_pre_req"": ""502"", ""buy_9th_pre_req_pre"": ""0"", ""buy_10th_pre_bid"": ""-4960"", ""buy_10th_pre_req"": ""2887"", ""buy_10th_pre_req_pre"": ""0"", ""tot_sel_req_jub_pre"": ""0"", ""tot_sel_req"": ""16063"", ""tot_buy_req"": ""65767"", ""tot_buy_req_jub_pre"": ""+5"", ""ovt_sel_req_pre"": ""0"", ""ovt_sel_req"": ""0"", ""ovt_buy_req"": ""0"", ""ovt_buy_req_pre"": ""0"", ""return_code"": 0, ""return_msg"": ""정상적으로 처리되었습니다""}"
2026-06-10,watchlist,004990,,0,filtered_candidate_recheck,25850,,25850,25800,25850,25750,-0.5802707930367506,0.19342359767891684,,,,,,"{""bid_req_base_tm"": ""110935"", ""sel_10th_pre_req_pre"": ""0"", ""sel_10th_pre_req"": ""140"", ""sel_10th_pre_bid"": ""+26300"", ""sel_9th_pre_req_pre"": ""0"", ""sel_9th_pre_req"": ""135"", ""sel_9th_pre_bid"": ""+26250"", ""sel_8th_pre_req_pre"": ""0"", ""sel_8th_pre_req"": ""196"", ""sel_8th_pre_bid"": ""+26200"", ""sel_7th_pre_req_pre"": ""0"", ""sel_7th_pre_req"": ""3115"", ""sel_7th_pre_bid"": ""26150"", ""sel_6th_pre_req_pre"": ""0"", ""sel_6th_pre_req"": ""439"", ""sel_6th_pre_bid"": ""-26100"", ""sel_5th_pre_req_pre"": ""0"", ""sel_5th_pre_req"": ""264"", ""sel_5th_pre_bid"": ""-26050"", ""sel_4th_pre_req_pre"": ""0"", ""sel_4th_pre_req"": ""57"", ""sel_4th_pre_bid"": ""-26000"", ""sel_3th_pre_req_pre"": ""0"", ""sel_3th_pre_req"": ""34"", ""sel_3th_pre_bid"": ""-25950"", ""sel_2th_pre_req_pre"": ""0"", ""sel_2th_pre_req"": ""239"", ""sel_2th_pre_bid"": ""-25900"", ""sel_1th_pre_req_pre"": ""--24"", ""sel_fpr_req"": ""813"", ""sel_fpr_bid"": ""-25850"", ""buy_fpr_bid"": ""-25800"", ""buy_fpr_req"": ""682"", ""buy_1th_pre_req_pre"": ""0"", ""buy_2th_pre_bid"": ""-25750"", ""buy_2th_pre_req"": ""533"", ""buy_2th_pre_req_pre"": ""0"", ""buy_3th_pre_bid"": ""-25700"", ""buy_3th_pre_req"": ""150"", ""buy_3th_pre_req_pre"": ""0"", ""buy_4th_pre_bid"": ""-25650"", ""buy_4th_pre_req"": ""2"", ""buy_4th_pre_req_pre"": ""0"", ""buy_5th_pre_bid"": ""-25600"", ""buy_5th_pre_req"": ""295"", ""buy_5th_pre_req_pre"": ""0"", ""buy_6th_pre_bid"": ""-25550"", ""buy_6th_pre_req"": ""627"", ""buy_6th_pre_req_pre"": ""0"", ""buy_7th_pre_bid"": ""-25500"", ""buy_7th_pre_req"": ""993"", ""buy_7th_pre_req_pre"": ""0"", ""buy_8th_pre_bid"": ""-25450"", ""buy_8th_pre_req"": ""67"", ""buy_8th_pre_req_pre"": ""0"", ""buy_9th_pre_bid"": ""-25400"", ""buy_9th_pre_req"": ""649"", ""buy_9th_pre_req_pre"": ""0"", ""buy_10th_pre_bid"": ""-25350"", ""buy_10th_pre_req"": ""391"", ""buy_10th_pre_req_pre"": ""0"", ""tot_sel_req_jub_pre"": ""--24"", ""tot_sel_req"": ""5432"", ""tot_buy_req"": ""4389"", ""tot_buy_req_jub_pre"": ""0"", ""ovt_sel_req_pre"": ""0"", ""ovt_sel_req"": ""0"", ""ovt_buy_req"": ""0"", ""ovt_buy_req_pre"": ""0"", ""return_code"": 0, ""return_msg"": ""정상적으로 처리되었습니다""}"
2026-06-10,watchlist,081660,,0,filtered_candidate_recheck,40400,,40400,40300,40400,40450,0.0,0.24752475247524752,,,,,,"{""bid_req_base_tm"": ""110934"", ""sel_10th_pre_req_pre"": ""0"", ""sel_10th_pre_req"": ""166"", ""sel_10th_pre_bid"": ""+40900"", ""sel_9th_pre_req_pre"": ""0"", ""sel_9th_pre_req"": ""136"", ""sel_9th_pre_bid"": ""+40800"", ""sel_8th_pre_req_pre"": ""0"", ""sel_8th_pre_req"": ""13"", ""sel_8th_pre_bid"": ""+40750"", ""sel_7th_pre_req_pre"": ""0"", ""sel_7th_pre_req"": ""70"", ""sel_7th_pre_bid"": ""+40700"", ""sel_6th_pre_req_pre"": ""0"", ""sel_6th_pre_req"": ""50"", ""sel_6th_pre_bid"": ""+40650"", ""sel_5th_pre_req_pre"": ""0"", ""sel_5th_pre_req"": ""70"", ""sel_5th_pre_bid"": ""+40600"", ""sel_4th_pre_req_pre"": ""0"", ""sel_4th_pre_req"": ""251"", ""sel_4th_pre_bid"": ""+40550"", ""sel_3th_pre_req_pre"": ""0"", ""sel_3th_pre_req"": ""203"", ""sel_3th_pre_bid"": ""+40500"", ""sel_2th_pre_req_pre"": ""0"", ""sel_2th_pre_req"": ""60"", ""sel_2th_pre_bid"": ""+40450"", ""sel_1th_pre_req_pre"": ""--1"", ""sel_fpr_req"": ""88"", ""sel_fpr_bid"": ""+40400"", ""buy_fpr_bid"": ""+40300"", ""buy_fpr_req"": ""570"", ""buy_1th_pre_req_pre"": ""0"", ""buy_2th_pre_bid"": ""+40200"", ""buy_2th_pre_req"": ""36"", ""buy_2th_pre_req_pre"": ""0"", ""buy_3th_pre_bid"": ""+40150"", ""buy_3th_pre_req"": ""42"", ""buy_3th_pre_req_pre"": ""0"", ""buy_4th_pre_bid"": ""+40100"", ""buy_4th_pre_req"": ""174"", ""buy_4th_pre_req_pre"": ""0"", ""buy_5th_pre_bid"": ""+40050"", ""buy_5th_pre_req"": ""291"", ""buy_5th_pre_req_pre"": ""0"", ""buy_6th_pre_bid"": ""+40000"", ""buy_6th_pre_req"": ""509"", ""buy_6th_pre_req_pre"": ""0"", ""buy_7th_pre_bid"": ""+39950"", ""buy_7th_pre_req"": ""500"", ""buy_7th_pre_req_pre"": ""0"", ""buy_8th_pre_bid"": ""+39900"", ""buy_8th_pre_req"": ""2"", ""buy_8th_pre_req_pre"": ""0"", ""buy_9th_pre_bid"": ""+39850"", ""buy_9th_pre_req"": ""1"", ""buy_9th_pre_req_pre"": ""0"", ""buy_10th_pre_bid"": ""+39800"", ""buy_10th_pre_req"": ""5"", ""buy_10th_pre_req_pre"": ""0"", ""tot_sel_req_jub_pre"": ""--1"", ""tot_sel_req"": ""1107"", ""tot_buy_req"": ""2130"", ""tot_buy_req_jub_pre"": ""0"", ""ovt_sel_req_pre"": ""0"", ""ovt_sel_req"": ""0"", ""ovt_buy_req"": ""0"", ""ovt_buy_req_pre"": ""0"", ""return_code"": 0, ""return_msg"": ""정상적으로 처리되었습니다""}"
2026-06-10,watchlist,008770,,0,filtered_candidate_recheck,56100,,56100,55900,56100,55700,-0.8912655971479502,0.35650623885918004,,,,,,"{""bid_req_base_tm"": ""110936"", ""sel_10th_pre_req_pre"": ""0"", ""sel_10th_pre_req"": ""282"", ""sel_10th_pre_bid"": ""+57000"", ""sel_9th_pre_req_pre"": ""0"", ""sel_9th_pre_req"": ""370"", ""sel_9th_pre_bid"": ""+56900"", ""sel_8th_pre_req_pre"": ""0"", ""sel_8th_pre_req"": ""135"", ""sel_8th_pre_bid"": ""+56800"", ""sel_7th_pre_req_pre"": ""0"", ""sel_7th_pre_req"": ""30"", ""sel_7th_pre_bid"": ""+56700"", ""sel_6th_pre_req_pre"": ""0"", ""sel_6th_pre_req"": ""29"", ""sel_6th_pre_bid"": ""+56600"", ""sel_5th_pre_req_pre"": ""0"", ""sel_5th_pre_req"": ""688"", ""sel_5th_pre_bid"": ""+56500"", ""sel_4th_pre_req_pre"": ""0"", ""sel_4th_pre_req"": ""177"", ""sel_4th_pre_bid"": ""+56400"", ""sel_3th_pre_req_pre"": ""0"", ""sel_3th_pre_req"": ""35"", ""sel_3th_pre_bid"": ""+56300"", ""sel_2th_pre_req_pre"": ""0"", ""sel_2th_pre_req"": ""133"", ""sel_2th_pre_bid"": ""+56200"", ""sel_1th_pre_req_pre"": ""0"", ""sel_fpr_req"": ""138"", ""sel_fpr_bid"": ""+56100"", ""buy_fpr_bid"": ""+55900"", ""buy_fpr_req"": ""56"", ""buy_1th_pre_req_pre"": ""0"", ""buy_2th_pre_bid"": ""+55800"", ""buy_2th_pre_req"": ""18"", ""buy_2th_pre_req_pre"": ""0"", ""buy_3th_pre_bid"": ""+55700"", ""buy_3th_pre_req"": ""54"", ""buy_3th_pre_req_pre"": ""0"", ""buy_4th_pre_bid"": ""+55600"", ""buy_4th_pre_req"": ""17"", ""buy_4th_pre_req_pre"": ""0"", ""buy_5th_pre_bid"": ""+55500"", ""buy_5th_pre_req"": ""34"", ""buy_5th_pre_req_pre"": ""0"", ""buy_6th_pre_bid"": ""+55400"", ""buy_6th_pre_req"": ""53"", ""buy_6th_pre_req_pre"": ""0"", ""buy_7th_pre_bid"": ""+55300"", ""buy_7th_pre_req"": ""152"", ""buy_7th_pre_req_pre"": ""0"", ""buy_8th_pre_bid"": ""55200"", ""buy_8th_pre_req"": ""20"", ""buy_8th_pre_req_pre"": ""0"", ""buy_9th_pre_bid"": ""-55100"", ""buy_9th_pre_req"": ""150"", ""buy_9th_pre_req_pre"": ""0"", ""buy_10th_pre_bid"": ""-55000"", ""buy_10th_pre_req"": ""129"", ""buy_10th_pre_req_pre"": ""0"", ""tot_sel_req_jub_pre"": ""0"", ""tot_sel_req"": ""2017"", ""tot_buy_req"": ""683"", ""tot_buy_req_jub_pre"": ""0"", ""ovt_sel_req_pre"": ""0"", ""ovt_sel_req"": ""0"", ""ovt_buy_req"": ""0"", ""ovt_buy_req_pre"": ""0"", ""return_code"": 0, ""return_msg"": ""정상적으로 처리되었습니다""}"
2026-06-10,watchlist,012330,,0,filtered_candidate_recheck,574000,,574000,573000,574000,577000,0.34843205574912894,0.17421602787456447,,,,,,"{""bid_req_base_tm"": ""110936"", ""sel_10th_pre_req_pre"": ""0"", ""sel_10th_pre_req"": ""457"", ""sel_10th_pre_bid"": ""-583000"", ""sel_9th_pre_req_pre"": ""0"", ""sel_9th_pre_req"": ""150"", ""sel_9th_pre_bid"": ""-582000"", ""sel_8th_pre_req_pre"": ""0"", ""sel_8th_pre_req"": ""138"", ""sel_8th_pre_bid"": ""-581000"", ""sel_7th_pre_req_pre"": ""0"", ""sel_7th_pre_req"": ""82"", ""sel_7th_pre_bid"": ""-580000"", ""sel_6th_pre_req_pre"": ""0"", ""sel_6th_pre_req"": ""19"", ""sel_6th_pre_bid"": ""-579000"", ""sel_5th_pre_req_pre"": ""0"", ""sel_5th_pre_req"": ""123"", ""sel_5th_pre_bid"": ""-578000"", ""sel_4th_pre_req_pre"": ""0"", ""sel_4th_pre_req"": ""91"", ""sel_4th_pre_bid"": ""-577000"", ""sel_3th_pre_req_pre"": ""0"", ""sel_3th_pre_req"": ""80"", ""sel_3th_pre_bid"": ""-576000"", ""sel_2th_pre_req_pre"": ""0"", ""sel_2th_pre_req"": ""327"", ""sel_2th_pre_bid"": ""-575000"", ""sel_1th_pre_req_pre"": ""0"", ""sel_fpr_req"": ""468"", ""sel_fpr_bid"": ""-574000"", ""buy_fpr_bid"": ""-573000"", ""buy_fpr_req"": ""46"", ""buy_1th_pre_req_pre"": ""0"", ""buy_2th_pre_bid"": ""-572000"", ""buy_2th_pre_req"": ""2033"", ""buy_2th_pre_req_pre"": ""0"", ""buy_3th_pre_bid"": ""-571000"", ""buy_3th_pre_req"": ""2572"", ""buy_3th_pre_req_pre"": ""+1"", ""buy_4th_pre_bid"": ""-570000"", ""buy_4th_pre_req"": ""5570"", ""buy_4th_pre_req_pre"": ""0"", ""buy_5th_pre_bid"": ""-569000"", ""buy_5th_pre_req"": ""2808"", ""buy_5th_pre_req_pre"": ""0"", ""buy_6th_pre_bid"": ""-568000"", ""buy_6th_pre_req"": ""1073"", ""buy_6th_pre_req_pre"": ""0"", ""buy_7th_pre_bid"": ""-567000"", ""buy_7th_pre_req"": ""784"", ""buy_7th_pre_req_pre"": ""0"", ""buy_8th_pre_bid"": ""-566000"", ""buy_8th_pre_req"": ""1418"", ""buy_8th_pre_req_pre"": ""0"", ""buy_9th_pre_bid"": ""-565000"", ""buy_9th_pre_req"": ""1446"", ""buy_9th_pre_req_pre"": ""0"", ""buy_10th_pre_bid"": ""-564000"", ""buy_10th_pre_req"": ""409"", ""buy_10th_pre_req_pre"": ""0"", ""tot_sel_req_jub_pre"": ""0"", ""tot_sel_req"": ""1935"", ""tot_buy_req"": ""18159"", ""tot_buy_req_jub_pre"": ""+1"", ""ovt_sel_req_pre"": ""0"", ""ovt_sel_req"": ""0"", ""ovt_buy_req"": ""0"", ""ovt_buy_req_pre"": ""0"", ""return_code"": 0, ""return_msg"": ""정상적으로 처리되었습니다""}"
2026-06-10,watchlist,009155,,0,filtered_candidate_recheck,596000,,596000,595000,596000,602000,0.8389261744966443,0.16778523489932887,,,,,,"{""bid_req_base_tm"": ""110936"", ""sel_10th_pre_req_pre"": ""0"", ""sel_10th_pre_req"": ""11"", ""sel_10th_pre_bid"": ""-610000"", ""sel_9th_pre_req_pre"": ""0"", ""sel_9th_pre_req"": ""36"", ""sel_9th_pre_bid"": ""-609000"", ""sel_8th_pre_req_pre"": ""0"", ""sel_8th_pre_req"": ""4"", ""sel_8th_pre_bid"": ""-605000"", ""sel_7th_pre_req_pre"": ""0"", ""sel_7th_pre_req"": ""39"", ""sel_7th_pre_bid"": ""-604000"", ""sel_6th_pre_req_pre"": ""0"", ""sel_6th_pre_req"": ""6"", ""sel_6th_pre_bid"": ""-603000"", ""sel_5th_pre_req_pre"": ""0"", ""sel_5th_pre_req"": ""42"", ""sel_5th_pre_bid"": ""-602000"", ""sel_4th_pre_req_pre"": ""0"", ""sel_4th_pre_req"": ""11"", ""sel_4th_pre_bid"": ""-601000"", ""sel_3th_pre_req_pre"": ""0"", ""sel_3th_pre_req"": ""8"", ""sel_3th_pre_bid"": ""-599000"", ""sel_2th_pre_req_pre"": ""0"", ""sel_2th_pre_req"": ""18"", ""sel_2th_pre_bid"": ""-597000"", ""sel_1th_pre_req_pre"": ""--2"", ""sel_fpr_req"": ""40"", ""sel_fpr_bid"": ""-596000"", ""buy_fpr_bid"": ""-595000"", ""buy_fpr_req"": ""304"", ""buy_1th_pre_req_pre"": ""0"", ""buy_2th_pre_bid"": ""-594000"", ""buy_2th_pre_req"": ""35"", ""buy_2th_pre_req_pre"": ""0"", ""buy_3th_pre_bid"": ""-593000"", ""buy_3th_pre_req"": ""63"", ""buy_3th_pre_req_pre"": ""0"", ""buy_4th_pre_bid"": ""-592000"", ""buy_4th_pre_req"": ""31"", ""buy_4th_pre_req_pre"": ""0"", ""buy_5th_pre_bid"": ""-591000"", ""buy_5th_pre_req"": ""31"", ""buy_5th_pre_req_pre"": ""0"", ""buy_6th_pre_bid"": ""-590000"", ""buy_6th_pre_req"": ""302"", ""buy_6th_pre_req_pre"": ""0"", ""buy_7th_pre_bid"": ""-589000"", ""buy_7th_pre_req"": ""58"", ""buy_7th_pre_req_pre"": ""0"", ""buy_8th_pre_bid"": ""-588000"", ""buy_8th_pre_req"": ""68"", ""buy_8th_pre_req_pre"": ""0"", ""buy_9th_pre_bid"": ""-587000"", ""buy_9th_pre_req"": ""18"", ""buy_9th_pre_req_pre"": ""0"", ""buy_10th_pre_bid"": ""-586000"", ""buy_10th_pre_req"": ""27"", ""buy_10th_pre_req_pre"": ""0"", ""tot_sel_req_jub_pre"": ""--2"", ""tot_sel_req"": ""215"", ""tot_buy_req"": ""937"", ""tot_buy_req_jub_pre"": ""0"", ""ovt_sel_req_pre"": ""0"", ""ovt_sel_req"": ""0"", ""ovt_buy_req"": ""0"", ""ovt_buy_req_pre"": ""0"", ""return_code"": 0, ""return_msg"": ""정상적으로 처리되었습니다""}"
2026-06-10,watchlist,181710,,1,filtered_candidate_recheck,40700,,40700,40650,40700,40600,-0.36855036855036855,0.12285012285012285,,,,,,"{""bid_req_base_tm"": ""110934"", ""sel_10th_pre_req_pre"": ""0"", ""sel_10th_pre_req"": ""13"", ""sel_10th_pre_bid"": ""-41150"", ""sel_9th_pre_req_pre"": ""0"", ""sel_9th_pre_req"": ""10"", ""sel_9th_pre_bid"": ""-41100"", ""sel_8th_pre_req_pre"": ""0"", ""sel_8th_pre_req"": ""70"", ""sel_8th_pre_bid"": ""-41050"", ""sel_7th_pre_req_pre"": ""0"", ""sel_7th_pre_req"": ""512"", ""sel_7th_pre_bid"": ""-41000"", ""sel_6th_pre_req_pre"": ""0"", ""sel_6th_pre_req"": ""50"", ""sel_6th_pre_bid"": ""-40950"", ""sel_5th_pre_req_pre"": ""0"", ""sel_5th_pre_req"": ""20"", ""sel_5th_pre_bid"": ""-40900"", ""sel_4th_pre_req_pre"": ""--35"", ""sel_4th_pre_req"": ""17"", ""sel_4th_pre_bid"": ""-40850"", ""sel_3th_pre_req_pre"": ""0"", ""sel_3th_pre_req"": ""22"", ""sel_3th_pre_bid"": ""-40800"", ""sel_2th_pre_req_pre"": ""0"", ""sel_2th_pre_req"": ""378"", ""sel_2th_pre_bid"": ""-40750"", ""sel_1th_pre_req_pre"": ""+35"", ""sel_fpr_req"": ""104"", ""sel_fpr_bid"": ""-40700"", ""buy_fpr_bid"": ""-40650"", ""buy_fpr_req"": ""75"", ""buy_1th_pre_req_pre"": ""0"", ""buy_2th_pre_bid"": ""-40600"", ""buy_2th_pre_req"": ""11"", ""buy_2th_pre_req_pre"": ""0"", ""buy_3th_pre_bid"": ""-40550"", ""buy_3th_pre_req"": ""189"", ""buy_3th_pre_req_pre"": ""0"", ""buy_4th_pre_bid"": ""-40500"", ""buy_4th_pre_req"": ""184"", ""buy_4th_pre_req_pre"": ""0"", ""buy_5th_pre_bid"": ""-40450"", ""buy_5th_pre_req"": ""29"", ""buy_5th_pre_req_pre"": ""0"", ""buy_6th_pre_bid"": ""-40400"", ""buy_6th_pre_req"": ""1"", ""buy_6th_pre_req_pre"": ""0"", ""buy_7th_pre_bid"": ""-40350"", ""buy_7th_pre_req"": ""17"", ""buy_7th_pre_req_pre"": ""0"", ""buy_8th_pre_bid"": ""-40300"", ""buy_8th_pre_req"": ""8"", ""buy_8th_pre_req_pre"": ""0"", ""buy_9th_pre_bid"": ""-40250"", ""buy_9th_pre_req"": ""57"", ""buy_9th_pre_req_pre"": ""0"", ""buy_10th_pre_bid"": ""-40200"", ""buy_10th_pre_req"": ""108"", ""buy_10th_pre_req_pre"": ""0"", ""tot_sel_req_jub_pre"": ""0"", ""tot_sel_req"": ""1196"", ""tot_buy_req"": ""679"", ""tot_buy_req_jub_pre"": ""0"", ""ovt_sel_req_pre"": ""0"", ""ovt_sel_req"": ""0"", ""ovt_buy_req"": ""0"", ""ovt_buy_req_pre"": ""0"", ""return_code"": 0, ""return_msg"": ""정상적으로 처리되었습니다""}"
2026-06-10,watchlist,085620,,0,filtered_candidate_recheck,22500,,22500,22450,22500,22450,-0.4444444444444444,0.2222222222222222,,,,,,"{""bid_req_base_tm"": ""110937"", ""sel_10th_pre_req_pre"": ""0"", ""sel_10th_pre_req"": ""2512"", ""sel_10th_pre_bid"": ""-22950"", ""sel_9th_pre_req_pre"": ""0"", ""sel_9th_pre_req"": ""4653"", ""sel_9th_pre_bid"": ""-22900"", ""sel_8th_pre_req_pre"": ""0"", ""sel_8th_pre_req"": ""1848"", ""sel_8th_pre_bid"": ""-22850"", ""sel_7th_pre_req_pre"": ""0"", ""sel_7th_pre_req"": ""2510"", ""sel_7th_pre_bid"": ""-22800"", ""sel_6th_pre_req_pre"": ""0"", ""sel_6th_pre_req"": ""474"", ""sel_6th_pre_bid"": ""-22750"", ""sel_5th_pre_req_pre"": ""0"", ""sel_5th_pre_req"": ""548"", ""sel_5th_pre_bid"": ""-22700"", ""sel_4th_pre_req_pre"": ""0"", ""sel_4th_pre_req"": ""185"", ""sel_4th_pre_bid"": ""-22650"", ""sel_3th_pre_req_pre"": ""0"", ""sel_3th_pre_req"": ""1422"", ""sel_3th_pre_bid"": ""-22600"", ""sel_2th_pre_req_pre"": ""0"", ""sel_2th_pre_req"": ""1029"", ""sel_2th_pre_bid"": ""-22550"", ""sel_1th_pre_req_pre"": ""--5"", ""sel_fpr_req"": ""1551"", ""sel_fpr_bid"": ""-22500"", ""buy_fpr_bid"": ""-22450"", ""buy_fpr_req"": ""363"", ""buy_1th_pre_req_pre"": ""0"", ""buy_2th_pre_bid"": ""-22400"", ""buy_2th_pre_req"": ""351"", ""buy_2th_pre_req_pre"": ""0"", ""buy_3th_pre_bid"": ""-22350"", ""buy_3th_pre_req"": ""217"", ""buy_3th_pre_req_pre"": ""0"", ""buy_4th_pre_bid"": ""-22300"", ""buy_4th_pre_req"": ""625"", ""buy_4th_pre_req_pre"": ""0"", ""buy_5th_pre_bid"": ""-22250"", ""buy_5th_pre_req"": ""193"", ""buy_5th_pre_req_pre"": ""0"", ""buy_6th_pre_bid"": ""-22200"", ""buy_6th_pre_req"": ""1860"", ""buy_6th_pre_req_pre"": ""0"", ""buy_7th_pre_bid"": ""-22150"", ""buy_7th_pre_req"": ""4209"", ""buy_7th_pre_req_pre"": ""0"", ""buy_8th_pre_bid"": ""-22100"", ""buy_8th_pre_req"": ""3751"", ""buy_8th_pre_req_pre"": ""0"", ""buy_9th_pre_bid"": ""-22050"", ""buy_9th_pre_req"": ""2256"", ""buy_9th_pre_req_pre"": ""0"", ""buy_10th_pre_bid"": ""-22000"", ""buy_10th_pre_req"": ""2117"", ""buy_10th_pre_req_pre"": ""0"", ""tot_sel_req_jub_pre"": ""--5"", ""tot_sel_req"": ""16732"", ""tot_buy_req"": ""15942"", ""tot_buy_req_jub_pre"": ""0"", ""ovt_sel_req_pre"": ""0"", ""ovt_sel_req"": ""0"", ""ovt_buy_req"": ""0"", ""ovt_buy_req_pre"": ""0"", ""return_code"": 0, ""return_msg"": ""정상적으로 처리되었습니다""}"
2026-06-10,watchlist,062040,,0,filtered_candidate_recheck,221500,,221500,221000,221500,223000,0.4514672686230248,0.2257336343115124,,,,,,"{""bid_req_base_tm"": ""110934"", ""sel_10th_pre_req_pre"": ""0"", ""sel_10th_pre_req"": ""97"", ""sel_10th_pre_bid"": ""+226000"", ""sel_9th_pre_req_pre"": ""0"", ""sel_9th_pre_req"": ""2"", ""sel_9th_pre_bid"": ""+225500"", ""sel_8th_pre_req_pre"": ""0"", ""sel_8th_pre_req"": ""54"", ""sel_8th_pre_bid"": ""225000"", ""sel_7th_pre_req_pre"": ""0"", ""sel_7th_pre_req"": ""4"", ""sel_7th_pre_bid"": ""-224500"", ""sel_6th_pre_req_pre"": ""0"", ""sel_6th_pre_req"": ""51"", ""sel_6th_pre_bid"": ""-224000"", ""sel_5th_pre_req_pre"": ""0"", ""sel_5th_pre_req"": ""40"", ""sel_5th_pre_bid"": ""-223500"", ""sel_4th_pre_req_pre"": ""0"", ""sel_4th_pre_req"": ""60"", ""sel_4th_pre_bid"": ""-223000"", ""sel_3th_pre_req_pre"": ""0"", ""sel_3th_pre_req"": ""109"", ""sel_3th_pre_bid"": ""-222500"", ""sel_2th_pre_req_pre"": ""0"", ""sel_2th_pre_req"": ""169"", ""sel_2th_pre_bid"": ""-222000"", ""sel_1th_pre_req_pre"": ""0"", ""sel_fpr_req"": ""545"", ""sel_fpr_bid"": ""-221500"", ""buy_fpr_bid"": ""-221000"", ""buy_fpr_req"": ""528"", ""buy_1th_pre_req_pre"": ""+27"", ""buy_2th_pre_bid"": ""-220500"", ""buy_2th_pre_req"": ""521"", ""buy_2th_pre_req_pre"": ""0"", ""buy_3th_pre_bid"": ""-220000"", ""buy_3th_pre_req"": ""614"", ""buy_3th_pre_req_pre"": ""0"", ""buy_4th_pre_bid"": ""-219500"", ""buy_4th_pre_req"": ""107"", ""buy_4th_pre_req_pre"": ""0"", ""buy_5th_pre_bid"": ""-219000"", ""buy_5th_pre_req"": ""252"", ""buy_5th_pre_req_pre"": ""0"", ""buy_6th_pre_bid"": ""-218500"", ""buy_6th_pre_req"": ""316"", ""buy_6th_pre_req_pre"": ""0"", ""buy_7th_pre_bid"": ""-218000"", ""buy_7th_pre_req"": ""383"", ""buy_7th_pre_req_pre"": ""0"", ""buy_8th_pre_bid"": ""-217500"", ""buy_8th_pre_req"": ""56"", ""buy_8th_pre_req_pre"": ""0"", ""buy_9th_pre_bid"": ""-217000"", ""buy_9th_pre_req"": ""280"", ""buy_9th_pre_req_pre"": ""0"", ""buy_10th_pre_bid"": ""-216500"", ""buy_10th_pre_req"": ""31"", ""buy_10th_pre_req_pre"": ""0"", ""tot_sel_req_jub_pre"": ""0"", ""tot_sel_req"": ""1131"", ""tot_buy_req"": ""3088"", ""tot_buy_req_jub_pre"": ""+27"", ""ovt_sel_req_pre"": ""0"", ""ovt_sel_req"": ""0"", ""ovt_buy_req"": ""0"", ""ovt_buy_req_pre"": ""0"", ""return_code"": 0, ""return_msg"": ""정상적으로 처리되었습니다""}"
2026-06-10,watchlist,036460,,0,filtered_candidate_recheck,34550,,34550,34400,34550,34450,-0.43415340086830684,0.43415340086830684,,,,,,"{""bid_req_base_tm"": ""110929"", ""sel_10th_pre_req_pre"": ""0"", ""sel_10th_pre_req"": ""4270"", ""sel_10th_pre_bid"": ""+35000"", ""sel_9th_pre_req_pre"": ""0"", ""sel_9th_pre_req"": ""398"", ""sel_9th_pre_bid"": ""+34950"", ""sel_8th_pre_req_pre"": ""0"", ""sel_8th_pre_req"": ""619"", ""sel_8th_pre_bid"": ""+34900"", ""sel_7th_pre_req_pre"": ""0"", ""sel_7th_pre_req"": ""533"", ""sel_7th_pre_bid"": ""+34850"", ""sel_6th_pre_req_pre"": ""0"", ""sel_6th_pre_req"": ""310"", ""sel_6th_pre_bid"": ""+34800"", ""sel_5th_pre_req_pre"": ""0"", ""sel_5th_pre_req"": ""578"", ""sel_5th_pre_bid"": ""+34750"", ""sel_4th_pre_req_pre"": ""0"", ""sel_4th_pre_req"": ""662"", ""sel_4th_pre_bid"": ""+34700"", ""sel_3th_pre_req_pre"": ""0"", ""sel_3th_pre_req"": ""513"", ""sel_3th_pre_bid"": ""+34650"", ""sel_2th_pre_req_pre"": ""0"", ""sel_2th_pre_req"": ""1042"", ""sel_2th_pre_bid"": ""+34600"", ""sel_1th_pre_req_pre"": ""+56"", ""sel_fpr_req"": ""570"", ""sel_fpr_bid"": ""+34550"", ""buy_fpr_bid"": ""+34400"", ""buy_fpr_req"": ""347"", ""buy_1th_pre_req_pre"": ""0"", ""buy_2th_pre_bid"": ""+34350"", ""buy_2th_pre_req"": ""125"", ""buy_2th_pre_req_pre"": ""0"", ""buy_3th_pre_bid"": ""+34300"", ""buy_3th_pre_req"": ""177"", ""buy_3th_pre_req_pre"": ""0"", ""buy_4th_pre_bid"": ""+34250"", ""buy_4th_pre_req"": ""771"", ""buy_4th_pre_req_pre"": ""0"", ""buy_5th_pre_bid"": ""+34200"", ""buy_5th_pre_req"": ""760"", ""buy_5th_pre_req_pre"": ""0"", ""buy_6th_pre_bid"": ""+34150"", ""buy_6th_pre_req"": ""594"", ""buy_6th_pre_req_pre"": ""0"", ""buy_7th_pre_bid"": ""+34100"", ""buy_7th_pre_req"": ""700"", ""buy_7th_pre_req_pre"": ""0"", ""buy_8th_pre_bid"": ""+34050"", ""buy_8th_pre_req"": ""1218"", ""buy_8th_pre_req_pre"": ""0"", ""buy_9th_pre_bid"": ""34000"", ""buy_9th_pre_req"": ""3356"", ""buy_9th_pre_req_pre"": ""0"", ""buy_10th_pre_bid"": ""-33950"", ""buy_10th_pre_req"": ""854"", ""buy_10th_pre_req_pre"": ""0"", ""tot_sel_req_jub_pre"": ""+56"", ""tot_sel_req"": ""9495"", ""tot_buy_req"": ""8902"", ""tot_buy_req_jub_pre"": ""0"", ""ovt_sel_req_pre"": ""0"", ""ovt_sel_req"": ""0"", ""ovt_buy_req"": ""0"", ""ovt_buy_req_pre"": ""0"", ""return_code"": 0, ""return_msg"": ""정상적으로 처리되었습니다""}"
2026-06-10,watchlist,066575,,0,filtered_candidate_recheck,78600,,78600,78500,78600,79000,0.38167938931297707,0.1272264631043257,,,,,,"{""bid_req_base_tm"": ""110937"", ""sel_10th_pre_req_pre"": ""0"", ""sel_10th_pre_req"": ""6"", ""sel_10th_pre_bid"": ""-79600"", ""sel_9th_pre_req_pre"": ""0"", ""sel_9th_pre_req"": ""53"", ""sel_9th_pre_bid"": ""-79500"", ""sel_8th_pre_req_pre"": ""0"", ""sel_8th_pre_req"": ""15"", ""sel_8th_pre_bid"": ""-79400"", ""sel_7th_pre_req_pre"": ""0"", ""sel_7th_pre_req"": ""1"", ""sel_7th_pre_bid"": ""-79300"", ""sel_6th_pre_req_pre"": ""0"", ""sel_6th_pre_req"": ""1"", ""sel_6th_pre_bid"": ""-79200"", ""sel_5th_pre_req_pre"": ""0"", ""sel_5th_pre_req"": ""323"", ""sel_5th_pre_bid"": ""-79000"", ""sel_4th_pre_req_pre"": ""0"", ""sel_4th_pre_req"": ""79"", ""sel_4th_pre_bid"": ""-78900"", ""sel_3th_pre_req_pre"": ""0"", ""sel_3th_pre_req"": ""130"", ""sel_3th_pre_bid"": ""-78800"", ""sel_2th_pre_req_pre"": ""0"", ""sel_2th_pre_req"": ""91"", ""sel_2th_pre_bid"": ""-78700"", ""sel_1th_pre_req_pre"": ""--1"", ""sel_fpr_req"": ""85"", ""sel_fpr_bid"": ""-78600"", ""buy_fpr_bid"": ""-78500"", ""buy_fpr_req"": ""667"", ""buy_1th_pre_req_pre"": ""0"", ""buy_2th_pre_bid"": ""-78400"", ""buy_2th_pre_req"": ""172"", ""buy_2th_pre_req_pre"": ""0"", ""buy_3th_pre_bid"": ""-78300"", ""buy_3th_pre_req"": ""143"", ""buy_3th_pre_req_pre"": ""0"", ""buy_4th_pre_bid"": ""-78200"", ""buy_4th_pre_req"": ""289"", ""buy_4th_pre_req_pre"": ""0"", ""buy_5th_pre_bid"": ""-78100"", ""buy_5th_pre_req"": ""628"", ""buy_5th_pre_req_pre"": ""0"", ""buy_6th_pre_bid"": ""-78000"", ""buy_6th_pre_req"": ""1288"", ""buy_6th_pre_req_pre"": ""0"", ""buy_7th_pre_bid"": ""-77900"", ""buy_7th_pre_req"": ""544"", ""buy_7th_pre_req_pre"": ""0"", ""buy_8th_pre_bid"": ""-77800"", ""buy_8th_pre_req"": ""1304"", ""buy_8th_pre_req_pre"": ""0"", ""buy_9th_pre_bid"": ""-77700"", ""buy_9th_pre_req"": ""480"", ""buy_9th_pre_req_pre"": ""0"", ""buy_10th_pre_bid"": ""-77600"", ""buy_10th_pre_req"": ""219"", ""buy_10th_pre_req_pre"": ""0"", ""tot_sel_req_jub_pre"": ""--1"", ""tot_sel_req"": ""784"", ""tot_buy_req"": ""5734"", ""tot_buy_req_jub_pre"": ""0"", ""ovt_sel_req_pre"": ""0"", ""ovt_sel_req"": ""0"", ""ovt_buy_req"": ""0"", ""ovt_buy_req_pre"": ""0"", ""return_code"": 0, ""return_msg"": ""정상적으로 처리되었습니다""}"
2026-06-10,watchlist,000810,,0,filtered_candidate_recheck,623000,,623000,622000,623000,626000,0.32102728731942215,0.16051364365971107,,,,,,"{""bid_req_base_tm"": ""110936"", ""sel_10th_pre_req_pre"": ""0"", ""sel_10th_pre_req"": ""3"", ""sel_10th_pre_bid"": ""-632000"", ""sel_9th_pre_req_pre"": ""0"", ""sel_9th_pre_req"": ""3"", ""sel_9th_pre_bid"": ""-631000"", ""sel_8th_pre_req_pre"": ""0"", ""sel_8th_pre_req"": ""48"", ""sel_8th_pre_bid"": ""-630000"", ""sel_7th_pre_req_pre"": ""0"", ""sel_7th_pre_req"": ""15"", ""sel_7th_pre_bid"": ""-629000"", ""sel_6th_pre_req_pre"": ""0"", ""sel_6th_pre_req"": ""7"", ""sel_6th_pre_bid"": ""-628000"", ""sel_5th_pre_req_pre"": ""0"", ""sel_5th_pre_req"": ""27"", ""sel_5th_pre_bid"": ""-627000"", ""sel_4th_pre_req_pre"": ""0"", ""sel_4th_pre_req"": ""23"", ""sel_4th_pre_bid"": ""-626000"", ""sel_3th_pre_req_pre"": ""0"", ""sel_3th_pre_req"": ""13"", ""sel_3th_pre_bid"": ""-625000"", ""sel_2th_pre_req_pre"": ""0"", ""sel_2th_pre_req"": ""83"", ""sel_2th_pre_bid"": ""-624000"", ""sel_1th_pre_req_pre"": ""+1"", ""sel_fpr_req"": ""487"", ""sel_fpr_bid"": ""-623000"", ""buy_fpr_bid"": ""-622000"", ""buy_fpr_req"": ""491"", ""buy_1th_pre_req_pre"": ""0"", ""buy_2th_pre_bid"": ""-621000"", ""buy_2th_pre_req"": ""321"", ""buy_2th_pre_req_pre"": ""0"", ""buy_3th_pre_bid"": ""-620000"", ""buy_3th_pre_req"": ""210"", ""buy_3th_pre_req_pre"": ""0"", ""buy_4th_pre_bid"": ""-619000"", ""buy_4th_pre_req"": ""3"", ""buy_4th_pre_req_pre"": ""0"", ""buy_5th_pre_bid"": ""-618000"", ""buy_5th_pre_req"": ""14"", ""buy_5th_pre_req_pre"": ""0"", ""buy_6th_pre_bid"": ""-617000"", ""buy_6th_pre_req"": ""36"", ""buy_6th_pre_req_pre"": ""0"", ""buy_7th_pre_bid"": ""-616000"", ""buy_7th_pre_req"": ""20"", ""buy_7th_pre_req_pre"": ""0"", ""buy_8th_pre_bid"": ""-615000"", ""buy_8th_pre_req"": ""32"", ""buy_8th_pre_req_pre"": ""0"", ""buy_9th_pre_bid"": ""-614000"", ""buy_9th_pre_req"": ""92"", ""buy_9th_pre_req_pre"": ""0"", ""buy_10th_pre_bid"": ""-613000"", ""buy_10th_pre_req"": ""37"", ""buy_10th_pre_req_pre"": ""0"", ""tot_sel_req_jub_pre"": ""+1"", ""tot_sel_req"": ""709"", ""tot_buy_req"": ""1256"", ""tot_buy_req_jub_pre"": ""0"", ""ovt_sel_req_pre"": ""0"", ""ovt_sel_req"": ""0"", ""ovt_buy_req"": ""0"", ""ovt_buy_req_pre"": ""0"", ""return_code"": 0, ""return_msg"": ""정상적으로 처리되었습니다""}"
2026-06-10,watchlist,005930,,0,filtered_candidate_recheck,306000,,306000,305500,306000,307500,0.32679738562091504,0.16339869281045752,,,,,,"{""bid_req_base_tm"": ""110938"", ""sel_10th_pre_req_pre"": ""0"", ""sel_10th_pre_req"": ""18856"", ""sel_10th_pre_bid"": ""-310500"", ""sel_9th_pre_req_pre"": ""0"", ""sel_9th_pre_req"": ""25936"", ""sel_9th_pre_bid"": ""-310000"", ""sel_8th_pre_req_pre"": ""0"", ""sel_8th_pre_req"": ""19992"", ""sel_8th_pre_bid"": ""-309500"", ""sel_7th_pre_req_pre"": ""0"", ""sel_7th_pre_req"": ""13050"", ""sel_7th_pre_bid"": ""-309000"", ""sel_6th_pre_req_pre"": ""0"", ""sel_6th_pre_req"": ""12921"", ""sel_6th_pre_bid"": ""-308500"", ""sel_5th_pre_req_pre"": ""0"", ""sel_5th_pre_req"": ""14742"", ""sel_5th_pre_bid"": ""-308000"", ""sel_4th_pre_req_pre"": ""0"", ""sel_4th_pre_req"": ""17911"", ""sel_4th_pre_bid"": ""-307500"", ""sel_3th_pre_req_pre"": ""0"", ""sel_3th_pre_req"": ""8789"", ""sel_3th_pre_bid"": ""-307000"", ""sel_2th_pre_req_pre"": ""0"", ""sel_2th_pre_req"": ""32018"", ""sel_2th_pre_bid"": ""-306500"", ""sel_1th_pre_req_pre"": ""0"", ""sel_fpr_req"": ""36233"", ""sel_fpr_bid"": ""-306000"", ""buy_fpr_bid"": ""-305500"", ""buy_fpr_req"": ""107962"", ""buy_1th_pre_req_pre"": ""--1"", ""buy_2th_pre_bid"": ""-305000"", ""buy_2th_pre_req"": ""243487"", ""buy_2th_pre_req_pre"": ""0"", ""buy_3th_pre_bid"": ""-304500"", ""buy_3th_pre_req"": ""35797"", ""buy_3th_pre_req_pre"": ""--4"", ""buy_4th_pre_bid"": ""-304000"", ""buy_4th_pre_req"": ""45681"", ""buy_4th_pre_req_pre"": ""0"", ""buy_5th_pre_bid"": ""-303500"", ""buy_5th_pre_req"": ""46369"", ""buy_5th_pre_req_pre"": ""0"", ""buy_6th_pre_bid"": ""-303000"", ""buy_6th_pre_req"": ""82684"", ""buy_6th_pre_req_pre"": ""0"", ""buy_7th_pre_bid"": ""-302500"", ""buy_7th_pre_req"": ""49429"", ""buy_7th_pre_req_pre"": ""0"", ""buy_8th_pre_bid"": ""-302000"", ""buy_8th_pre_req"": ""60836"", ""buy_8th_pre_req_pre"": ""--30"", ""buy_9th_pre_bid"": ""-301500"", ""buy_9th_pre_req"": ""39724"", ""buy_9th_pre_req_pre"": ""0"", ""buy_10th_pre_bid"": ""-301000"", ""buy_10th_pre_req"": ""59944"", ""buy_10th_pre_req_pre"": ""0"", ""tot_sel_req_jub_pre"": ""0"", ""tot_sel_req"": ""200448"", ""tot_buy_req"": ""771913"", ""tot_buy_req_jub_pre"": ""--35"", ""ovt_sel_req_pre"": ""0"", ""ovt_sel_req"": ""0"", ""ovt_buy_req"": ""0"", ""ovt_buy_req_pre"": ""0"", ""return_code"": 0, ""return_msg"": ""정상적으로 처리되었습니다""}"
2026-06-10,watchlist,000370,,0,filtered_candidate_recheck,6500,,6500,6490,6500,6500,-0.15384615384615385,0.15384615384615385,,,,,,"{""bid_req_base_tm"": ""110937"", ""sel_10th_pre_req_pre"": ""0"", ""sel_10th_pre_req"": ""312"", ""sel_10th_pre_bid"": ""+6590"", ""sel_9th_pre_req_pre"": ""0"", ""sel_9th_pre_req"": ""112"", ""sel_9th_pre_bid"": ""+6580"", ""sel_8th_pre_req_pre"": ""0"", ""sel_8th_pre_req"": ""753"", ""sel_8th_pre_bid"": ""+6570"", ""sel_7th_pre_req_pre"": ""0"", ""sel_7th_pre_req"": ""4"", ""sel_7th_pre_bid"": ""+6560"", ""sel_6th_pre_req_pre"": ""0"", ""sel_6th_pre_req"": ""225"", ""sel_6th_pre_bid"": ""+6550"", ""sel_5th_pre_req_pre"": ""0"", ""sel_5th_pre_req"": ""17"", ""sel_5th_pre_bid"": ""+6540"", ""sel_4th_pre_req_pre"": ""0"", ""sel_4th_pre_req"": ""130"", ""sel_4th_pre_bid"": ""+6530"", ""sel_3th_pre_req_pre"": ""0"", ""sel_3th_pre_req"": ""578"", ""sel_3th_pre_bid"": ""+6520"", ""sel_2th_pre_req_pre"": ""0"", ""sel_2th_pre_req"": ""677"", ""sel_2th_pre_bid"": ""+6510"", ""sel_1th_pre_req_pre"": ""+208"", ""sel_fpr_req"": ""1617"", ""sel_fpr_bid"": ""+6500"", ""buy_fpr_bid"": ""+6490"", ""buy_fpr_req"": ""326"", ""buy_1th_pre_req_pre"": ""0"", ""buy_2th_pre_bid"": ""+6480"", ""buy_2th_pre_req"": ""310"", ""buy_2th_pre_req_pre"": ""0"", ""buy_3th_pre_bid"": ""+6470"", ""buy_3th_pre_req"": ""671"", ""buy_3th_pre_req_pre"": ""0"", ""buy_4th_pre_bid"": ""+6460"", ""buy_4th_pre_req"": ""163"", ""buy_4th_pre_req_pre"": ""0"", ""buy_5th_pre_bid"": ""6450"", ""buy_5th_pre_req"": ""840"", ""buy_5th_pre_req_pre"": ""0"", ""buy_6th_pre_bid"": ""-6440"", ""buy_6th_pre_req"": ""132"", ""buy_6th_pre_req_pre"": ""0"", ""buy_7th_pre_bid"": ""-6430"", ""buy_7th_pre_req"": ""1557"", ""buy_7th_pre_req_pre"": ""0"", ""buy_8th_pre_bid"": ""-6420"", ""buy_8th_pre_req"": ""157"", ""buy_8th_pre_req_pre"": ""0"", ""buy_9th_pre_bid"": ""-6410"", ""buy_9th_pre_req"": ""855"", ""buy_9th_pre_req_pre"": ""0"", ""buy_10th_pre_bid"": ""-6400"", ""buy_10th_pre_req"": ""4775"", ""buy_10th_pre_req_pre"": ""0"", ""tot_sel_req_jub_pre"": ""+208"", ""tot_sel_req"": ""4425"", ""tot_buy_req"": ""9786"", ""tot_buy_req_jub_pre"": ""0"", ""ovt_sel_req_pre"": ""0"", ""ovt_sel_req"": ""0"", ""ovt_buy_req"": ""0"", ""ovt_buy_req_pre"": ""0"", ""return_code"": 0, ""return_msg"": ""정상적으로 처리되었습니다""}"
2026-06-10,watchlist,064400,,0,filtered_candidate_recheck,95200,,95200,95100,95200,95400,0.10504201680672269,0.10504201680672269,,,,,,"{""bid_req_base_tm"": ""110938"", ""sel_10th_pre_req_pre"": ""0"", ""sel_10th_pre_req"": ""585"", ""sel_10th_pre_bid"": ""-96100"", ""sel_9th_pre_req_pre"": ""0"", ""sel_9th_pre_req"": ""705"", ""sel_9th_pre_bid"": ""-96000"", ""sel_8th_pre_req_pre"": ""0"", ""sel_8th_pre_req"": ""554"", ""sel_8th_pre_bid"": ""-95900"", ""sel_7th_pre_req_pre"": ""0"", ""sel_7th_pre_req"": ""772"", ""sel_7th_pre_bid"": ""-95800"", ""sel_6th_pre_req_pre"": ""0"", ""sel_6th_pre_req"": ""205"", ""sel_6th_pre_bid"": ""-95700"", ""sel_5th_pre_req_pre"": ""0"", ""sel_5th_pre_req"": ""239"", ""sel_5th_pre_bid"": ""-95600"", ""sel_4th_pre_req_pre"": ""0"", ""sel_4th_pre_req"": ""99"", ""sel_4th_pre_bid"": ""-95500"", ""sel_3th_pre_req_pre"": ""0"", ""sel_3th_pre_req"": ""214"", ""sel_3th_pre_bid"": ""-95400"", ""sel_2th_pre_req_pre"": ""0"", ""sel_2th_pre_req"": ""375"", ""sel_2th_pre_bid"": ""-95300"", ""sel_1th_pre_req_pre"": ""0"", ""sel_fpr_req"": ""363"", ""sel_fpr_bid"": ""-95200"", ""buy_fpr_bid"": ""-95100"", ""buy_fpr_req"": ""154"", ""buy_1th_pre_req_pre"": ""0"", ""buy_2th_pre_bid"": ""-95000"", ""buy_2th_pre_req"": ""1034"", ""buy_2th_pre_req_pre"": ""0"", ""buy_3th_pre_bid"": ""-94900"", ""buy_3th_pre_req"": ""658"", ""buy_3th_pre_req_pre"": ""0"", ""buy_4th_pre_bid"": ""-94800"", ""buy_4th_pre_req"": ""1691"", ""buy_4th_pre_req_pre"": ""+1"", ""buy_5th_pre_bid"": ""-94700"", ""buy_5th_pre_req"": ""770"", ""buy_5th_pre_req_pre"": ""+1"", ""buy_6th_pre_bid"": ""-94600"", ""buy_6th_pre_req"": ""942"", ""buy_6th_pre_req_pre"": ""0"", ""buy_7th_pre_bid"": ""-94500"", ""buy_7th_pre_req"": ""1328"", ""buy_7th_pre_req_pre"": ""+1"", ""buy_8th_pre_bid"": ""-94400"", ""buy_8th_pre_req"": ""606"", ""buy_8th_pre_req_pre"": ""0"", ""buy_9th_pre_bid"": ""-94300"", ""buy_9th_pre_req"": ""833"", ""buy_9th_pre_req_pre"": ""0"", ""buy_10th_pre_bid"": ""-94200"", ""buy_10th_pre_req"": ""776"", ""buy_10th_pre_req_pre"": ""0"", ""tot_sel_req_jub_pre"": ""0"", ""tot_sel_req"": ""4111"", ""tot_buy_req"": ""8792"", ""tot_buy_req_jub_pre"": ""+3"", ""ovt_sel_req_pre"": ""0"", ""ovt_sel_req"": ""0"", ""ovt_buy_req"": ""0"", ""ovt_buy_req_pre"": ""0"", ""return_code"": 0, ""return_msg"": ""정상적으로 처리되었습니다""}"
2026-06-10,watchlist,009420,,0,filtered_candidate_recheck,50300,,50300,50200,50300,50500,0.19880715705765406,0.19880715705765406,,,,,,"{""bid_req_base_tm"": ""110938"", ""sel_10th_pre_req_pre"": ""0"", ""sel_10th_pre_req"": ""652"", ""sel_10th_pre_bid"": ""-51200"", ""sel_9th_pre_req_pre"": ""0"", ""sel_9th_pre_req"": ""79"", ""sel_9th_pre_bid"": ""-51100"", ""sel_8th_pre_req_pre"": ""0"", ""sel_8th_pre_req"": ""163"", ""sel_8th_pre_bid"": ""-51000"", ""sel_7th_pre_req_pre"": ""0"", ""sel_7th_pre_req"": ""235"", ""sel_7th_pre_bid"": ""-50900"", ""sel_6th_pre_req_pre"": ""0"", ""sel_6th_pre_req"": ""57"", ""sel_6th_pre_bid"": ""-50800"", ""sel_5th_pre_req_pre"": ""0"", ""sel_5th_pre_req"": ""54"", ""sel_5th_pre_bid"": ""-50700"", ""sel_4th_pre_req_pre"": ""0"", ""sel_4th_pre_req"": ""21"", ""sel_4th_pre_bid"": ""-50600"", ""sel_3th_pre_req_pre"": ""0"", ""sel_3th_pre_req"": ""103"", ""sel_3th_pre_bid"": ""-50500"", ""sel_2th_pre_req_pre"": ""0"", ""sel_2th_pre_req"": ""87"", ""sel_2th_pre_bid"": ""-50400"", ""sel_1th_pre_req_pre"": ""0"", ""sel_fpr_req"": ""227"", ""sel_fpr_bid"": ""-50300"", ""buy_fpr_bid"": ""-50200"", ""buy_fpr_req"": ""291"", ""buy_1th_pre_req_pre"": ""0"", ""buy_2th_pre_bid"": ""-50100"", ""buy_2th_pre_req"": ""250"", ""buy_2th_pre_req_pre"": ""0"", ""buy_3th_pre_bid"": ""-50000"", ""buy_3th_pre_req"": ""729"", ""buy_3th_pre_req_pre"": ""0"", ""buy_4th_pre_bid"": ""-49950"", ""buy_4th_pre_req"": ""366"", ""buy_4th_pre_req_pre"": ""+11"", ""buy_5th_pre_bid"": ""-49900"", ""buy_5th_pre_req"": ""376"", ""buy_5th_pre_req_pre"": ""0"", ""buy_6th_pre_bid"": ""-49850"", ""buy_6th_pre_req"": ""559"", ""buy_6th_pre_req_pre"": ""0"", ""buy_7th_pre_bid"": ""-49800"", ""buy_7th_pre_req"": ""597"", ""buy_7th_pre_req_pre"": ""0"", ""buy_8th_pre_bid"": ""-49750"", ""buy_8th_pre_req"": ""850"", ""buy_8th_pre_req_pre"": ""0"", ""buy_9th_pre_bid"": ""-49700"", ""buy_9th_pre_req"": ""1229"", ""buy_9th_pre_req_pre"": ""0"", ""buy_10th_pre_bid"": ""-49650"", ""buy_10th_pre_req"": ""41"", ""buy_10th_pre_req_pre"": ""0"", ""tot_sel_req_jub_pre"": ""0"", ""tot_sel_req"": ""1678"", ""tot_buy_req"": ""5288"", ""tot_buy_req_jub_pre"": ""+11"", ""ovt_sel_req_pre"": ""0"", ""ovt_sel_req"": ""0"", ""ovt_buy_req"": ""0"", ""ovt_buy_req_pre"": ""0"", ""return_code"": 0, ""return_msg"": ""정상적으로 처리되었습니다""}"
2026-06-10,watchlist,383220,,0,filtered_candidate_recheck,75700,,75700,75300,75700,75200,-0.7926023778071334,0.5284015852047557,,,,,,"{""bid_req_base_tm"": ""110938"", ""sel_10th_pre_req_pre"": ""0"", ""sel_10th_pre_req"": ""9"", ""sel_10th_pre_bid"": ""+76700"", ""sel_9th_pre_req_pre"": ""0"", ""sel_9th_pre_req"": ""32"", ""sel_9th_pre_bid"": ""+76600"", ""sel_8th_pre_req_pre"": ""0"", ""sel_8th_pre_req"": ""14"", ""sel_8th_pre_bid"": ""+76500"", ""sel_7th_pre_req_pre"": ""0"", ""sel_7th_pre_req"": ""12"", ""sel_7th_pre_bid"": ""+76400"", ""sel_6th_pre_req_pre"": ""0"", ""sel_6th_pre_req"": ""100"", ""sel_6th_pre_bid"": ""+76300"", ""sel_5th_pre_req_pre"": ""0"", ""sel_5th_pre_req"": ""13"", ""sel_5th_pre_bid"": ""+76200"", ""sel_4th_pre_req_pre"": ""0"", ""sel_4th_pre_req"": ""122"", ""sel_4th_pre_bid"": ""+76000"", ""sel_3th_pre_req_pre"": ""0"", ""sel_3th_pre_req"": ""159"", ""sel_3th_pre_bid"": ""+75900"", ""sel_2th_pre_req_pre"": ""0"", ""sel_2th_pre_req"": ""19"", ""sel_2th_pre_bid"": ""+75800"", ""sel_1th_pre_req_pre"": ""+7"", ""sel_fpr_req"": ""29"", ""sel_fpr_bid"": ""+75700"", ""buy_fpr_bid"": ""+75300"", ""buy_fpr_req"": ""1"", ""buy_1th_pre_req_pre"": ""0"", ""buy_2th_pre_bid"": ""+75200"", ""buy_2th_pre_req"": ""43"", ""buy_2th_pre_req_pre"": ""0"", ""buy_3th_pre_bid"": ""+75100"", ""buy_3th_pre_req"": ""149"", ""buy_3th_pre_req_pre"": ""0"", ""buy_4th_pre_bid"": ""+74900"", ""buy_4th_pre_req"": ""9"", ""buy_4th_pre_req_pre"": ""0"", ""buy_5th_pre_bid"": ""+74700"", ""buy_5th_pre_req"": ""110"", ""buy_5th_pre_req_pre"": ""0"", ""buy_6th_pre_bid"": ""74600"", ""buy_6th_pre_req"": ""30"", ""buy_6th_pre_req_pre"": ""0"", ""buy_7th_pre_bid"": ""-74500"", ""buy_7th_pre_req"": ""27"", ""buy_7th_pre_req_pre"": ""0"", ""buy_8th_pre_bid"": ""-74400"", ""buy_8th_pre_req"": ""40"", ""buy_8th_pre_req_pre"": ""0"", ""buy_9th_pre_bid"": ""-74300"", ""buy_9th_pre_req"": ""10"", ""buy_9th_pre_req_pre"": ""0"", ""buy_10th_pre_bid"": ""-74200"", ""buy_10th_pre_req"": ""5"", ""buy_10th_pre_req_pre"": ""0"", ""tot_sel_req_jub_pre"": ""+7"", ""tot_sel_req"": ""509"", ""tot_buy_req"": ""424"", ""tot_buy_req_jub_pre"": ""0"", ""ovt_sel_req_pre"": ""0"", ""ovt_sel_req"": ""0"", ""ovt_buy_req"": ""0"", ""ovt_buy_req_pre"": ""0"", ""return_code"": 0, ""return_msg"": ""정상적으로 처리되었습니다""}"
2026-06-10,watchlist,004170,,0,filtered_candidate_recheck,684000,,684000,683000,684000,680000,-0.7309941520467835,0.14619883040935672,,,,,,"{""bid_req_base_tm"": ""110936"", ""sel_10th_pre_req_pre"": ""0"", ""sel_10th_pre_req"": ""230"", ""sel_10th_pre_bid"": ""+693000"", ""sel_9th_pre_req_pre"": ""0"", ""sel_9th_pre_req"": ""40"", ""sel_9th_pre_bid"": ""+692000"", ""sel_8th_pre_req_pre"": ""0"", ""sel_8th_pre_req"": ""811"", ""sel_8th_pre_bid"": ""+691000"", ""sel_7th_pre_req_pre"": ""0"", ""sel_7th_pre_req"": ""401"", ""sel_7th_pre_bid"": ""+690000"", ""sel_6th_pre_req_pre"": ""0"", ""sel_6th_pre_req"": ""52"", ""sel_6th_pre_bid"": ""+689000"", ""sel_5th_pre_req_pre"": ""0"", ""sel_5th_pre_req"": ""51"", ""sel_5th_pre_bid"": ""+688000"", ""sel_4th_pre_req_pre"": ""0"", ""sel_4th_pre_req"": ""33"", ""sel_4th_pre_bid"": ""+687000"", ""sel_3th_pre_req_pre"": ""0"", ""sel_3th_pre_req"": ""342"", ""sel_3th_pre_bid"": ""+686000"", ""sel_2th_pre_req_pre"": ""0"", ""sel_2th_pre_req"": ""34"", ""sel_2th_pre_bid"": ""+685000"", ""sel_1th_pre_req_pre"": ""0"", ""sel_fpr_req"": ""86"", ""sel_fpr_bid"": ""+684000"", ""buy_fpr_bid"": ""+683000"", ""buy_fpr_req"": ""28"", ""buy_1th_pre_req_pre"": ""+7"", ""buy_2th_pre_bid"": ""+682000"", ""buy_2th_pre_req"": ""19"", ""buy_2th_pre_req_pre"": ""0"", ""buy_3th_pre_bid"": ""+681000"", ""buy_3th_pre_req"": ""42"", ""buy_3th_pre_req_pre"": ""0"", ""buy_4th_pre_bid"": ""+680000"", ""buy_4th_pre_req"": ""152"", ""buy_4th_pre_req_pre"": ""0"", ""buy_5th_pre_bid"": ""+679000"", ""buy_5th_pre_req"": ""4"", ""buy_5th_pre_req_pre"": ""0"", ""buy_6th_pre_bid"": ""+678000"", ""buy_6th_pre_req"": ""5"", ""buy_6th_pre_req_pre"": ""0"", ""buy_7th_pre_bid"": ""+677000"", ""buy_7th_pre_req"": ""42"", ""buy_7th_pre_req_pre"": ""0"", ""buy_8th_pre_bid"": ""+676000"", ""buy_8th_pre_req"": ""3"", ""buy_8th_pre_req_pre"": ""0"", ""buy_9th_pre_bid"": ""+675000"", ""buy_9th_pre_req"": ""7"", ""buy_9th_pre_req_pre"": ""0"", ""buy_10th_pre_bid"": ""+674000"", ""buy_10th_pre_req"": ""22"", ""buy_10th_pre_req_pre"": ""0"", ""tot_sel_req_jub_pre"": ""0"", ""tot_sel_req"": ""2080"", ""tot_buy_req"": ""324"", ""tot_buy_req_jub_pre"": ""+7"", ""ovt_sel_req_pre"": ""0"", ""ovt_sel_req"": ""0"", ""ovt_buy_req"": ""0"", ""ovt_buy_req_pre"": ""0"", ""return_code"": 0, ""return_msg"": ""정상적으로 처리되었습니다""}"
2026-06-10,watchlist,018260,,1,filtered_candidate_recheck,231500,,231500,231000,231500,233000,0.4319654427645789,0.21598272138228944,,,,,,"{""bid_req_base_tm"": ""110939"", ""sel_10th_pre_req_pre"": ""0"", ""sel_10th_pre_req"": ""322"", ""sel_10th_pre_bid"": ""-236000"", ""sel_9th_pre_req_pre"": ""0"", ""sel_9th_pre_req"": ""189"", ""sel_9th_pre_bid"": ""-235500"", ""sel_8th_pre_req_pre"": ""0"", ""sel_8th_pre_req"": ""150"", ""sel_8th_pre_bid"": ""-235000"", ""sel_7th_pre_req_pre"": ""0"", ""sel_7th_pre_req"": ""147"", ""sel_7th_pre_bid"": ""-234500"", ""sel_6th_pre_req_pre"": ""0"", ""sel_6th_pre_req"": ""227"", ""sel_6th_pre_bid"": ""-234000"", ""sel_5th_pre_req_pre"": ""0"", ""sel_5th_pre_req"": ""69"", ""sel_5th_pre_bid"": ""-233500"", ""sel_4th_pre_req_pre"": ""0"", ""sel_4th_pre_req"": ""246"", ""sel_4th_pre_bid"": ""-233000"", ""sel_3th_pre_req_pre"": ""0"", ""sel_3th_pre_req"": ""149"", ""sel_3th_pre_bid"": ""-232500"", ""sel_2th_pre_req_pre"": ""0"", ""sel_2th_pre_req"": ""120"", ""sel_2th_pre_bid"": ""-232000"", ""sel_1th_pre_req_pre"": ""+9"", ""sel_fpr_req"": ""546"", ""sel_fpr_bid"": ""-231500"", ""buy_fpr_bid"": ""-231000"", ""buy_fpr_req"": ""875"", ""buy_1th_pre_req_pre"": ""0"", ""buy_2th_pre_bid"": ""-230500"", ""buy_2th_pre_req"": ""2330"", ""buy_2th_pre_req_pre"": ""0"", ""buy_3th_pre_bid"": ""-230000"", ""buy_3th_pre_req"": ""4235"", ""buy_3th_pre_req_pre"": ""0"", ""buy_4th_pre_bid"": ""-229500"", ""buy_4th_pre_req"": ""935"", ""buy_4th_pre_req_pre"": ""0"", ""buy_5th_pre_bid"": ""-229000"", ""buy_5th_pre_req"": ""1410"", ""buy_5th_pre_req_pre"": ""0"", ""buy_6th_pre_bid"": ""-228500"", ""buy_6th_pre_req"": ""967"", ""buy_6th_pre_req_pre"": ""0"", ""buy_7th_pre_bid"": ""-228000"", ""buy_7th_pre_req"": ""2711"", ""buy_7th_pre_req_pre"": ""0"", ""buy_8th_pre_bid"": ""-227500"", ""buy_8th_pre_req"": ""1925"", ""buy_8th_pre_req_pre"": ""0"", ""buy_9th_pre_bid"": ""-227000"", ""buy_9th_pre_req"": ""3036"", ""buy_9th_pre_req_pre"": ""0"", ""buy_10th_pre_bid"": ""-226500"", ""buy_10th_pre_req"": ""381"", ""buy_10th_pre_req_pre"": ""0"", ""tot_sel_req_jub_pre"": ""+9"", ""tot_sel_req"": ""2165"", ""tot_buy_req"": ""18805"", ""tot_buy_req_jub_pre"": ""0"", ""ovt_sel_req_pre"": ""0"", ""ovt_sel_req"": ""0"", ""ovt_buy_req"": ""0"", ""ovt_buy_req_pre"": ""0"", ""return_code"": 0, ""return_msg"": ""정상적으로 처리되었습니다""}"
2026-06-10,watchlist,161390,,1,filtered_candidate_recheck,71000,,71000,70900,71000,71400,0.42253521126760557,0.14084507042253522,,,,,,"{""bid_req_base_tm"": ""110938"", ""sel_10th_pre_req_pre"": ""0"", ""sel_10th_pre_req"": ""325"", ""sel_10th_pre_bid"": ""-71900"", ""sel_9th_pre_req_pre"": ""0"", ""sel_9th_pre_req"": ""130"", ""sel_9th_pre_bid"": ""-71800"", ""sel_8th_pre_req_pre"": ""0"", ""sel_8th_pre_req"": ""11"", ""sel_8th_pre_bid"": ""-71700"", ""sel_7th_pre_req_pre"": ""0"", ""sel_7th_pre_req"": ""17"", ""sel_7th_pre_bid"": ""-71600"", ""sel_6th_pre_req_pre"": ""0"", ""sel_6th_pre_req"": ""72"", ""sel_6th_pre_bid"": ""-71500"", ""sel_5th_pre_req_pre"": ""0"", ""sel_5th_pre_req"": ""15"", ""sel_5th_pre_bid"": ""-71400"", ""sel_4th_pre_req_pre"": ""0"", ""sel_4th_pre_req"": ""42"", ""sel_4th_pre_bid"": ""-71300"", ""sel_3th_pre_req_pre"": ""0"", ""sel_3th_pre_req"": ""68"", ""sel_3th_pre_bid"": ""-71200"", ""sel_2th_pre_req_pre"": ""0"", ""sel_2th_pre_req"": ""247"", ""sel_2th_pre_bid"": ""-71100"", ""sel_1th_pre_req_pre"": ""0"", ""sel_fpr_req"": ""518"", ""sel_fpr_bid"": ""-71000"", ""buy_fpr_bid"": ""-70900"", ""buy_fpr_req"": ""1552"", ""buy_1th_pre_req_pre"": ""0"", ""buy_2th_pre_bid"": ""-70800"", ""buy_2th_pre_req"": ""2014"", ""buy_2th_pre_req_pre"": ""0"", ""buy_3th_pre_bid"": ""-70700"", ""buy_3th_pre_req"": ""391"", ""buy_3th_pre_req_pre"": ""0"", ""buy_4th_pre_bid"": ""-70600"", ""buy_4th_pre_req"": ""22"", ""buy_4th_pre_req_pre"": ""0"", ""buy_5th_pre_bid"": ""-70500"", ""buy_5th_pre_req"": ""178"", ""buy_5th_pre_req_pre"": ""0"", ""buy_6th_pre_bid"": ""-70400"", ""buy_6th_pre_req"": ""287"", ""buy_6th_pre_req_pre"": ""0"", ""buy_7th_pre_bid"": ""-70300"", ""buy_7th_pre_req"": ""253"", ""buy_7th_pre_req_pre"": ""0"", ""buy_8th_pre_bid"": ""-70200"", ""buy_8th_pre_req"": ""235"", ""buy_8th_pre_req_pre"": ""0"", ""buy_9th_pre_bid"": ""-70100"", ""buy_9th_pre_req"": ""216"", ""buy_9th_pre_req_pre"": ""0"", ""buy_10th_pre_bid"": ""-70000"", ""buy_10th_pre_req"": ""378"", ""buy_10th_pre_req_pre"": ""0"", ""tot_sel_req_jub_pre"": ""0"", ""tot_sel_req"": ""1445"", ""tot_buy_req"": ""5526"", ""tot_buy_req_jub_pre"": ""0"", ""ovt_sel_req_pre"": ""0"", ""ovt_sel_req"": ""0"", ""ovt_buy_req"": ""0"", ""ovt_buy_req_pre"": ""0"", ""return_code"": 0, ""return_msg"": ""정상적으로 처리되었습니다""}"
2026-06-10,watchlist,078930,,0,filtered_candidate_recheck,73900,,73900,73800,73900,73600,-0.5412719891745602,0.13531799729364005,,,,,,"{""bid_req_base_tm"": ""110938"", ""sel_10th_pre_req_pre"": ""0"", ""sel_10th_pre_req"": ""4"", ""sel_10th_pre_bid"": ""+74800"", ""sel_9th_pre_req_pre"": ""0"", ""sel_9th_pre_req"": ""232"", ""sel_9th_pre_bid"": ""+74700"", ""sel_8th_pre_req_pre"": ""0"", ""sel_8th_pre_req"": ""104"", ""sel_8th_pre_bid"": ""+74600"", ""sel_7th_pre_req_pre"": ""0"", ""sel_7th_pre_req"": ""1047"", ""sel_7th_pre_bid"": ""+74500"", ""sel_6th_pre_req_pre"": ""0"", ""sel_6th_pre_req"": ""107"", ""sel_6th_pre_bid"": ""+74400"", ""sel_5th_pre_req_pre"": ""0"", ""sel_5th_pre_req"": ""118"", ""sel_5th_pre_bid"": ""+74300"", ""sel_4th_pre_req_pre"": ""0"", ""sel_4th_pre_req"": ""99"", ""sel_4th_pre_bid"": ""+74200"", ""sel_3th_pre_req_pre"": ""0"", ""sel_3th_pre_req"": ""32"", ""sel_3th_pre_bid"": ""+74100"", ""sel_2th_pre_req_pre"": ""0"", ""sel_2th_pre_req"": ""123"", ""sel_2th_pre_bid"": ""+74000"", ""sel_1th_pre_req_pre"": ""+46"", ""sel_fpr_req"": ""605"", ""sel_fpr_bid"": ""+73900"", ""buy_fpr_bid"": ""73800"", ""buy_fpr_req"": ""574"", ""buy_1th_pre_req_pre"": ""0"", ""buy_2th_pre_bid"": ""-73700"", ""buy_2th_pre_req"": ""190"", ""buy_2th_pre_req_pre"": ""0"", ""buy_3th_pre_bid"": ""-73600"", ""buy_3th_pre_req"": ""1"", ""buy_3th_pre_req_pre"": ""0"", ""buy_4th_pre_bid"": ""-73400"", ""buy_4th_pre_req"": ""51"", ""buy_4th_pre_req_pre"": ""0"", ""buy_5th_pre_bid"": ""-73300"", ""buy_5th_pre_req"": ""30"", ""buy_5th_pre_req_pre"": ""0"", ""buy_6th_pre_bid"": ""-73200"", ""buy_6th_pre_req"": ""5"", ""buy_6th_pre_req_pre"": ""0"", ""buy_7th_pre_bid"": ""-73100"", ""buy_7th_pre_req"": ""150"", ""buy_7th_pre_req_pre"": ""0"", ""buy_8th_pre_bid"": ""-73000"", ""buy_8th_pre_req"": ""50"", ""buy_8th_pre_req_pre"": ""0"", ""buy_9th_pre_bid"": ""-72900"", ""buy_9th_pre_req"": ""6"", ""buy_9th_pre_req_pre"": ""0"", ""buy_10th_pre_bid"": ""-72700"", ""buy_10th_pre_req"": ""50"", ""buy_10th_pre_req_pre"": ""0"", ""tot_sel_req_jub_pre"": ""+46"", ""tot_sel_req"": ""2471"", ""tot_buy_req"": ""1107"", ""tot_buy_req_jub_pre"": ""0"", ""ovt_sel_req_pre"": ""0"", ""ovt_sel_req"": ""0"", ""ovt_buy_req"": ""0"", ""ovt_buy_req_pre"": ""0"", ""return_code"": 0, ""return_msg"": ""정상적으로 처리되었습니다""}"
2026-06-10,watchlist,462870,,0,filtered_candidate_recheck,31450,,31450,31400,31450,31450,-0.1589825119236884,0.1589825119236884,,,,,,"{""bid_req_base_tm"": ""110933"", ""sel_10th_pre_req_pre"": ""0"", ""sel_10th_pre_req"": ""146"", ""sel_10th_pre_bid"": ""-31900"", ""sel_9th_pre_req_pre"": ""0"", ""sel_9th_pre_req"": ""18"", ""sel_9th_pre_bid"": ""-31850"", ""sel_8th_pre_req_pre"": ""0"", ""sel_8th_pre_req"": ""18"", ""sel_8th_pre_bid"": ""-31800"", ""sel_7th_pre_req_pre"": ""0"", ""sel_7th_pre_req"": ""1"", ""sel_7th_pre_bid"": ""-31750"", ""sel_6th_pre_req_pre"": ""0"", ""sel_6th_pre_req"": ""1"", ""sel_6th_pre_bid"": ""-31700"", ""sel_5th_pre_req_pre"": ""0"", ""sel_5th_pre_req"": ""64"", ""sel_5th_pre_bid"": ""-31650"", ""sel_4th_pre_req_pre"": ""0"", ""sel_4th_pre_req"": ""51"", ""sel_4th_pre_bid"": ""-31600"", ""sel_3th_pre_req_pre"": ""0"", ""sel_3th_pre_req"": ""45"", ""sel_3th_pre_bid"": ""-31550"", ""sel_2th_pre_req_pre"": ""0"", ""sel_2th_pre_req"": ""55"", ""sel_2th_pre_bid"": ""-31500"", ""sel_1th_pre_req_pre"": ""+4"", ""sel_fpr_req"": ""281"", ""sel_fpr_bid"": ""-31450"", ""buy_fpr_bid"": ""-31400"", ""buy_fpr_req"": ""16"", ""buy_1th_pre_req_pre"": ""0"", ""buy_2th_pre_bid"": ""-31350"", ""buy_2th_pre_req"": ""41"", ""buy_2th_pre_req_pre"": ""0"", ""buy_3th_pre_bid"": ""-31300"", ""buy_3th_pre_req"": ""80"", ""buy_3th_pre_req_pre"": ""0"", ""buy_4th_pre_bid"": ""-31250"", ""buy_4th_pre_req"": ""26"", ""buy_4th_pre_req_pre"": ""0"", ""buy_5th_pre_bid"": ""-31200"", ""buy_5th_pre_req"": ""25"", ""buy_5th_pre_req_pre"": ""0"", ""buy_6th_pre_bid"": ""-31150"", ""buy_6th_pre_req"": ""180"", ""buy_6th_pre_req_pre"": ""0"", ""buy_7th_pre_bid"": ""-31100"", ""buy_7th_pre_req"": ""40"", ""buy_7th_pre_req_pre"": ""0"", ""buy_8th_pre_bid"": ""-31050"", ""buy_8th_pre_req"": ""75"", ""buy_8th_pre_req_pre"": ""0"", ""buy_9th_pre_bid"": ""-31000"", ""buy_9th_pre_req"": ""300"", ""buy_9th_pre_req_pre"": ""0"", ""buy_10th_pre_bid"": ""-30950"", ""buy_10th_pre_req"": ""33"", ""buy_10th_pre_req_pre"": ""0"", ""tot_sel_req_jub_pre"": ""+4"", ""tot_sel_req"": ""680"", ""tot_buy_req"": ""816"", ""tot_buy_req_jub_pre"": ""0"", ""ovt_sel_req_pre"": ""0"", ""ovt_sel_req"": ""0"", ""ovt_buy_req"": ""0"", ""ovt_buy_req_pre"": ""0"", ""return_code"": 0, ""return_msg"": ""정상적으로 처리되었습니다""}"
2026-06-10,watchlist,055550,,0,filtered_candidate_recheck,98500,,98500,98400,98500,98900,0.3045685279187817,0.10152284263959391,,,,,,"{""bid_req_base_tm"": ""110939"", ""sel_10th_pre_req_pre"": ""0"", ""sel_10th_pre_req"": ""4"", ""sel_10th_pre_bid"": ""-99600"", ""sel_9th_pre_req_pre"": ""0"", ""sel_9th_pre_req"": ""103"", ""sel_9th_pre_bid"": ""-99500"", ""sel_8th_pre_req_pre"": ""0"", ""sel_8th_pre_req"": ""7"", ""sel_8th_pre_bid"": ""-99400"", ""sel_7th_pre_req_pre"": ""0"", ""sel_7th_pre_req"": ""76"", ""sel_7th_pre_bid"": ""-99300"", ""sel_6th_pre_req_pre"": ""0"", ""sel_6th_pre_req"": ""2"", ""sel_6th_pre_bid"": ""-99200"", ""sel_5th_pre_req_pre"": ""0"", ""sel_5th_pre_req"": ""63"", ""sel_5th_pre_bid"": ""-99000"", ""sel_4th_pre_req_pre"": ""0"", ""sel_4th_pre_req"": ""42"", ""sel_4th_pre_bid"": ""-98900"", ""sel_3th_pre_req_pre"": ""0"", ""sel_3th_pre_req"": ""757"", ""sel_3th_pre_bid"": ""-98800"", ""sel_2th_pre_req_pre"": ""0"", ""sel_2th_pre_req"": ""9"", ""sel_2th_pre_bid"": ""-98600"", ""sel_1th_pre_req_pre"": ""0"", ""sel_fpr_req"": ""1153"", ""sel_fpr_bid"": ""-98500"", ""buy_fpr_bid"": ""-98400"", ""buy_fpr_req"": ""886"", ""buy_1th_pre_req_pre"": ""+48"", ""buy_2th_pre_bid"": ""-98300"", ""buy_2th_pre_req"": ""661"", ""buy_2th_pre_req_pre"": ""0"", ""buy_3th_pre_bid"": ""-98200"", ""buy_3th_pre_req"": ""1339"", ""buy_3th_pre_req_pre"": ""0"", ""buy_4th_pre_bid"": ""-98100"", ""buy_4th_pre_req"": ""571"", ""buy_4th_pre_req_pre"": ""0"", ""buy_5th_pre_bid"": ""-98000"", ""buy_5th_pre_req"": ""1815"", ""buy_5th_pre_req_pre"": ""0"", ""buy_6th_pre_bid"": ""-97900"", ""buy_6th_pre_req"": ""282"", ""buy_6th_pre_req_pre"": ""0"", ""buy_7th_pre_bid"": ""-97800"", ""buy_7th_pre_req"": ""187"", ""buy_7th_pre_req_pre"": ""0"", ""buy_8th_pre_bid"": ""-97700"", ""buy_8th_pre_req"": ""277"", ""buy_8th_pre_req_pre"": ""0"", ""buy_9th_pre_bid"": ""-97600"", ""buy_9th_pre_req"": ""206"", ""buy_9th_pre_req_pre"": ""0"", ""buy_10th_pre_bid"": ""-97500"", ""buy_10th_pre_req"": ""801"", ""buy_10th_pre_req_pre"": ""0"", ""tot_sel_req_jub_pre"": ""0"", ""tot_sel_req"": ""2216"", ""tot_buy_req"": ""7025"", ""tot_buy_req_jub_pre"": ""+48"", ""ovt_sel_req_pre"": ""0"", ""ovt_sel_req"": ""0"", ""ovt_buy_req"": ""0"", ""ovt_buy_req_pre"": ""0"", ""return_code"": 0, ""return_msg"": ""정상적으로 처리되었습니다""}"
2026-06-10,watchlist,192080,,1,filtered_candidate_recheck,71300,,71300,71200,71300,71600,0.2805049088359046,0.1402524544179523,,,,,,"{""bid_req_base_tm"": ""110929"", ""sel_10th_pre_req_pre"": ""0"", ""sel_10th_pre_req"": ""161"", ""sel_10th_pre_bid"": ""+72500"", ""sel_9th_pre_req_pre"": ""0"", ""sel_9th_pre_req"": ""128"", ""sel_9th_pre_bid"": ""+72400"", ""sel_8th_pre_req_pre"": ""0"", ""sel_8th_pre_req"": ""10"", ""sel_8th_pre_bid"": ""+72300"", ""sel_7th_pre_req_pre"": ""0"", ""sel_7th_pre_req"": ""10"", ""sel_7th_pre_bid"": ""+72200"", ""sel_6th_pre_req_pre"": ""0"", ""sel_6th_pre_req"": ""6"", ""sel_6th_pre_bid"": ""+72100"", ""sel_5th_pre_req_pre"": ""0"", ""sel_5th_pre_req"": ""5"", ""sel_5th_pre_bid"": ""72000"", ""sel_4th_pre_req_pre"": ""0"", ""sel_4th_pre_req"": ""33"", ""sel_4th_pre_bid"": ""-71800"", ""sel_3th_pre_req_pre"": ""0"", ""sel_3th_pre_req"": ""42"", ""sel_3th_pre_bid"": ""-71600"", ""sel_2th_pre_req_pre"": ""0"", ""sel_2th_pre_req"": ""3"", ""sel_2th_pre_bid"": ""-71400"", ""sel_1th_pre_req_pre"": ""+16"", ""sel_fpr_req"": ""54"", ""sel_fpr_bid"": ""-71300"", ""buy_fpr_bid"": ""-71200"", ""buy_fpr_req"": ""73"", ""buy_1th_pre_req_pre"": ""0"", ""buy_2th_pre_bid"": ""-71100"", ""buy_2th_pre_req"": ""30"", ""buy_2th_pre_req_pre"": ""0"", ""buy_3th_pre_bid"": ""-71000"", ""buy_3th_pre_req"": ""241"", ""buy_3th_pre_req_pre"": ""0"", ""buy_4th_pre_bid"": ""-70900"", ""buy_4th_pre_req"": ""51"", ""buy_4th_pre_req_pre"": ""0"", ""buy_5th_pre_bid"": ""-70800"", ""buy_5th_pre_req"": ""92"", ""buy_5th_pre_req_pre"": ""0"", ""buy_6th_pre_bid"": ""-70700"", ""buy_6th_pre_req"": ""110"", ""buy_6th_pre_req_pre"": ""0"", ""buy_7th_pre_bid"": ""-70600"", ""buy_7th_pre_req"": ""100"", ""buy_7th_pre_req_pre"": ""0"", ""buy_8th_pre_bid"": ""-70500"", ""buy_8th_pre_req"": ""81"", ""buy_8th_pre_req_pre"": ""0"", ""buy_9th_pre_bid"": ""-70400"", ""buy_9th_pre_req"": ""182"", ""buy_9th_pre_req_pre"": ""0"", ""buy_10th_pre_bid"": ""-70300"", ""buy_10th_pre_req"": ""94"", ""buy_10th_pre_req_pre"": ""0"", ""tot_sel_req_jub_pre"": ""+16"", ""tot_sel_req"": ""452"", ""tot_buy_req"": ""1054"", ""tot_buy_req_jub_pre"": ""0"", ""ovt_sel_req_pre"": ""0"", ""ovt_sel_req"": ""0"", ""ovt_buy_req"": ""0"", ""ovt_buy_req_pre"": ""0"", ""return_code"": 0, ""return_msg"": ""정상적으로 처리되었습니다""}"
2026-06-10,watchlist,000430,,1,filtered_candidate_recheck,5670,,5670,5660,5670,5690,0.1763668430335097,0.1763668430335097,,,,,,"{""bid_req_base_tm"": ""110940"", ""sel_10th_pre_req_pre"": ""0"", ""sel_10th_pre_req"": ""1173"", ""sel_10th_pre_bid"": ""-5760"", ""sel_9th_pre_req_pre"": ""0"", ""sel_9th_pre_req"": ""2019"", ""sel_9th_pre_bid"": ""-5750"", ""sel_8th_pre_req_pre"": ""0"", ""sel_8th_pre_req"": ""1131"", ""sel_8th_pre_bid"": ""-5740"", ""sel_7th_pre_req_pre"": ""0"", ""sel_7th_pre_req"": ""1740"", ""sel_7th_pre_bid"": ""-5730"", ""sel_6th_pre_req_pre"": ""0"", ""sel_6th_pre_req"": ""152"", ""sel_6th_pre_bid"": ""-5720"", ""sel_5th_pre_req_pre"": ""0"", ""sel_5th_pre_req"": ""51"", ""sel_5th_pre_bid"": ""-5710"", ""sel_4th_pre_req_pre"": ""0"", ""sel_4th_pre_req"": ""20"", ""sel_4th_pre_bid"": ""-5700"", ""sel_3th_pre_req_pre"": ""0"", ""sel_3th_pre_req"": ""25"", ""sel_3th_pre_bid"": ""-5690"", ""sel_2th_pre_req_pre"": ""0"", ""sel_2th_pre_req"": ""262"", ""sel_2th_pre_bid"": ""-5680"", ""sel_1th_pre_req_pre"": ""0"", ""sel_fpr_req"": ""303"", ""sel_fpr_bid"": ""-5670"", ""buy_fpr_bid"": ""-5660"", ""buy_fpr_req"": ""266"", ""buy_1th_pre_req_pre"": ""+30"", ""buy_2th_pre_bid"": ""-5650"", ""buy_2th_pre_req"": ""359"", ""buy_2th_pre_req_pre"": ""0"", ""buy_3th_pre_bid"": ""-5640"", ""buy_3th_pre_req"": ""1495"", ""buy_3th_pre_req_pre"": ""0"", ""buy_4th_pre_bid"": ""-5630"", ""buy_4th_pre_req"": ""1971"", ""buy_4th_pre_req_pre"": ""0"", ""buy_5th_pre_bid"": ""-5620"", ""buy_5th_pre_req"": ""3459"", ""buy_5th_pre_req_pre"": ""0"", ""buy_6th_pre_bid"": ""-5610"", ""buy_6th_pre_req"": ""8942"", ""buy_6th_pre_req_pre"": ""0"", ""buy_7th_pre_bid"": ""-5600"", ""buy_7th_pre_req"": ""14504"", ""buy_7th_pre_req_pre"": ""0"", ""buy_8th_pre_bid"": ""-5590"", ""buy_8th_pre_req"": ""3642"", ""buy_8th_pre_req_pre"": ""0"", ""buy_9th_pre_bid"": ""-5580"", ""buy_9th_pre_req"": ""8527"", ""buy_9th_pre_req_pre"": ""0"", ""buy_10th_pre_bid"": ""-5570"", ""buy_10th_pre_req"": ""2754"", ""buy_10th_pre_req_pre"": ""0"", ""tot_sel_req_jub_pre"": ""0"", ""tot_sel_req"": ""6876"", ""tot_buy_req"": ""45919"", ""tot_buy_req_jub_pre"": ""+30"", ""ovt_sel_req_pre"": ""0"", ""ovt_sel_req"": ""0"", ""ovt_buy_req"": ""0"", ""ovt_buy_req_pre"": ""0"", ""return_code"": 0, ""return_msg"": ""정상적으로 처리되었습니다""}"
2026-06-10,watchlist,307950,,0,filtered_candidate_recheck,691000,,691000,690000,691000,694000,0.2894356005788712,0.1447178002894356,,,,,,"{""bid_req_base_tm"": ""110939"", ""sel_10th_pre_req_pre"": ""0"", ""sel_10th_pre_req"": ""28"", ""sel_10th_pre_bid"": ""+700000"", ""sel_9th_pre_req_pre"": ""0"", ""sel_9th_pre_req"": ""11"", ""sel_9th_pre_bid"": ""+699000"", ""sel_8th_pre_req_pre"": ""0"", ""sel_8th_pre_req"": ""40"", ""sel_8th_pre_bid"": ""+698000"", ""sel_7th_pre_req_pre"": ""0"", ""sel_7th_pre_req"": ""12"", ""sel_7th_pre_bid"": ""+697000"", ""sel_6th_pre_req_pre"": ""0"", ""sel_6th_pre_req"": ""11"", ""sel_6th_pre_bid"": ""+696000"", ""sel_5th_pre_req_pre"": ""0"", ""sel_5th_pre_req"": ""44"", ""sel_5th_pre_bid"": ""+695000"", ""sel_4th_pre_req_pre"": ""0"", ""sel_4th_pre_req"": ""15"", ""sel_4th_pre_bid"": ""+694000"", ""sel_3th_pre_req_pre"": ""0"", ""sel_3th_pre_req"": ""126"", ""sel_3th_pre_bid"": ""+693000"", ""sel_2th_pre_req_pre"": ""0"", ""sel_2th_pre_req"": ""83"", ""sel_2th_pre_bid"": ""+692000"", ""sel_1th_pre_req_pre"": ""0"", ""sel_fpr_req"": ""64"", ""sel_fpr_bid"": ""+691000"", ""buy_fpr_bid"": ""+690000"", ""buy_fpr_req"": ""318"", ""buy_1th_pre_req_pre"": ""0"", ""buy_2th_pre_bid"": ""+689000"", ""buy_2th_pre_req"": ""171"", ""buy_2th_pre_req_pre"": ""0"", ""buy_3th_pre_bid"": ""+688000"", ""buy_3th_pre_req"": ""293"", ""buy_3th_pre_req_pre"": ""0"", ""buy_4th_pre_bid"": ""687000"", ""buy_4th_pre_req"": ""155"", ""buy_4th_pre_req_pre"": ""0"", ""buy_5th_pre_bid"": ""-686000"", ""buy_5th_pre_req"": ""100"", ""buy_5th_pre_req_pre"": ""0"", ""buy_6th_pre_bid"": ""-685000"", ""buy_6th_pre_req"": ""133"", ""buy_6th_pre_req_pre"": ""0"", ""buy_7th_pre_bid"": ""-684000"", ""buy_7th_pre_req"": ""171"", ""buy_7th_pre_req_pre"": ""0"", ""buy_8th_pre_bid"": ""-683000"", ""buy_8th_pre_req"": ""89"", ""buy_8th_pre_req_pre"": ""0"", ""buy_9th_pre_bid"": ""-682000"", ""buy_9th_pre_req"": ""54"", ""buy_9th_pre_req_pre"": ""0"", ""buy_10th_pre_bid"": ""-681000"", ""buy_10th_pre_req"": ""329"", ""buy_10th_pre_req_pre"": ""--1"", ""tot_sel_req_jub_pre"": ""0"", ""tot_sel_req"": ""434"", ""tot_buy_req"": ""1813"", ""tot_buy_req_jub_pre"": ""--1"", ""ovt_sel_req_pre"": ""0"", ""ovt_sel_req"": ""0"", ""ovt_buy_req"": ""0"", ""ovt_buy_req_pre"": ""0"", ""return_code"": 0, ""return_msg"": ""정상적으로 처리되었습니다""}"
2026-06-10,watchlist,114090,,0,filtered_candidate_recheck,12080,,12080,12040,12080,12000,-1.076158940397351,0.33112582781456956,,,,,,"{""bid_req_base_tm"": ""110935"", ""sel_10th_pre_req_pre"": ""0"", ""sel_10th_pre_req"": ""22"", ""sel_10th_pre_bid"": ""+12170"", ""sel_9th_pre_req_pre"": ""0"", ""sel_9th_pre_req"": ""10"", ""sel_9th_pre_bid"": ""+12160"", ""sel_8th_pre_req_pre"": ""0"", ""sel_8th_pre_req"": ""1133"", ""sel_8th_pre_bid"": ""+12150"", ""sel_7th_pre_req_pre"": ""0"", ""sel_7th_pre_req"": ""132"", ""sel_7th_pre_bid"": ""+12140"", ""sel_6th_pre_req_pre"": ""0"", ""sel_6th_pre_req"": ""470"", ""sel_6th_pre_bid"": ""+12130"", ""sel_5th_pre_req_pre"": ""0"", ""sel_5th_pre_req"": ""56"", ""sel_5th_pre_bid"": ""+12120"", ""sel_4th_pre_req_pre"": ""0"", ""sel_4th_pre_req"": ""1958"", ""sel_4th_pre_bid"": ""+12110"", ""sel_3th_pre_req_pre"": ""0"", ""sel_3th_pre_req"": ""119"", ""sel_3th_pre_bid"": ""+12100"", ""sel_2th_pre_req_pre"": ""0"", ""sel_2th_pre_req"": ""49"", ""sel_2th_pre_bid"": ""+12090"", ""sel_1th_pre_req_pre"": ""+3"", ""sel_fpr_req"": ""330"", ""sel_fpr_bid"": ""+12080"", ""buy_fpr_bid"": ""+12040"", ""buy_fpr_req"": ""362"", ""buy_1th_pre_req_pre"": ""0"", ""buy_2th_pre_bid"": ""+12030"", ""buy_2th_pre_req"": ""174"", ""buy_2th_pre_req_pre"": ""0"", ""buy_3th_pre_bid"": ""+12020"", ""buy_3th_pre_req"": ""70"", ""buy_3th_pre_req_pre"": ""0"", ""buy_4th_pre_bid"": ""+12010"", ""buy_4th_pre_req"": ""58"", ""buy_4th_pre_req_pre"": ""0"", ""buy_5th_pre_bid"": ""+12000"", ""buy_5th_pre_req"": ""820"", ""buy_5th_pre_req_pre"": ""0"", ""buy_6th_pre_bid"": ""+11990"", ""buy_6th_pre_req"": ""100"", ""buy_6th_pre_req_pre"": ""0"", ""buy_7th_pre_bid"": ""+11980"", ""buy_7th_pre_req"": ""189"", ""buy_7th_pre_req_pre"": ""0"", ""buy_8th_pre_bid"": ""+11970"", ""buy_8th_pre_req"": ""56"", ""buy_8th_pre_req_pre"": ""0"", ""buy_9th_pre_bid"": ""+11960"", ""buy_9th_pre_req"": ""56"", ""buy_9th_pre_req_pre"": ""0"", ""buy_10th_pre_bid"": ""11950"", ""buy_10th_pre_req"": ""457"", ""buy_10th_pre_req_pre"": ""0"", ""tot_sel_req_jub_pre"": ""+3"", ""tot_sel_req"": ""4279"", ""tot_buy_req"": ""2342"", ""tot_buy_req_jub_pre"": ""0"", ""ovt_sel_req_pre"": ""0"", ""ovt_sel_req"": ""0"", ""ovt_buy_req"": ""0"", ""ovt_buy_req_pre"": ""0"", ""return_code"": 0, ""return_msg"": ""정상적으로 처리되었습니다""}"
2026-06-10,watchlist,281820,,1,filtered_candidate_recheck,66700,,66700,66500,66700,67100,0.4497751124437781,0.29985007496251875,,,,,,"{""bid_req_base_tm"": ""110940"", ""sel_10th_pre_req_pre"": ""0"", ""sel_10th_pre_req"": ""1"", ""sel_10th_pre_bid"": ""+67700"", ""sel_9th_pre_req_pre"": ""0"", ""sel_9th_pre_req"": ""8"", ""sel_9th_pre_bid"": ""+67600"", ""sel_8th_pre_req_pre"": ""0"", ""sel_8th_pre_req"": ""1"", ""sel_8th_pre_bid"": ""+67500"", ""sel_7th_pre_req_pre"": ""0"", ""sel_7th_pre_req"": ""50"", ""sel_7th_pre_bid"": ""+67400"", ""sel_6th_pre_req_pre"": ""0"", ""sel_6th_pre_req"": ""15"", ""sel_6th_pre_bid"": ""+67300"", ""sel_5th_pre_req_pre"": ""0"", ""sel_5th_pre_req"": ""2"", ""sel_5th_pre_bid"": ""+67200"", ""sel_4th_pre_req_pre"": ""0"", ""sel_4th_pre_req"": ""26"", ""sel_4th_pre_bid"": ""+67100"", ""sel_3th_pre_req_pre"": ""0"", ""sel_3th_pre_req"": ""30"", ""sel_3th_pre_bid"": ""+67000"", ""sel_2th_pre_req_pre"": ""0"", ""sel_2th_pre_req"": ""2"", ""sel_2th_pre_bid"": ""+66900"", ""sel_1th_pre_req_pre"": ""--1"", ""sel_fpr_req"": ""10"", ""sel_fpr_bid"": ""+66700"", ""buy_fpr_bid"": ""+66500"", ""buy_fpr_req"": ""929"", ""buy_1th_pre_req_pre"": ""0"", ""buy_2th_pre_bid"": ""66400"", ""buy_2th_pre_req"": ""105"", ""buy_2th_pre_req_pre"": ""0"", ""buy_3th_pre_bid"": ""-66300"", ""buy_3th_pre_req"": ""8"", ""buy_3th_pre_req_pre"": ""0"", ""buy_4th_pre_bid"": ""-66200"", ""buy_4th_pre_req"": ""419"", ""buy_4th_pre_req_pre"": ""0"", ""buy_5th_pre_bid"": ""-66100"", ""buy_5th_pre_req"": ""33"", ""buy_5th_pre_req_pre"": ""0"", ""buy_6th_pre_bid"": ""-66000"", ""buy_6th_pre_req"": ""147"", ""buy_6th_pre_req_pre"": ""0"", ""buy_7th_pre_bid"": ""-65900"", ""buy_7th_pre_req"": ""1"", ""buy_7th_pre_req_pre"": ""0"", ""buy_8th_pre_bid"": ""-65800"", ""buy_8th_pre_req"": ""145"", ""buy_8th_pre_req_pre"": ""0"", ""buy_9th_pre_bid"": ""-65700"", ""buy_9th_pre_req"": ""304"", ""buy_9th_pre_req_pre"": ""0"", ""buy_10th_pre_bid"": ""-65600"", ""buy_10th_pre_req"": ""115"", ""buy_10th_pre_req_pre"": ""0"", ""tot_sel_req_jub_pre"": ""--1"", ""tot_sel_req"": ""145"", ""tot_buy_req"": ""2206"", ""tot_buy_req_jub_pre"": ""0"", ""ovt_sel_req_pre"": ""0"", ""ovt_sel_req"": ""0"", ""ovt_buy_req"": ""0"", ""ovt_buy_req_pre"": ""0"", ""return_code"": 0, ""return_msg"": ""정상적으로 처리되었습니다""}"
2026-06-10,watchlist,489790,,0,filtered_candidate_recheck,67400,,67400,67300,67400,67800,0.44510385756676557,0.1483679525222552,,,,,,"{""bid_req_base_tm"": ""110938"", ""sel_10th_pre_req_pre"": ""0"", ""sel_10th_pre_req"": ""1"", ""sel_10th_pre_bid"": ""+68400"", ""sel_9th_pre_req_pre"": ""0"", ""sel_9th_pre_req"": ""5"", ""sel_9th_pre_bid"": ""+68300"", ""sel_8th_pre_req_pre"": ""0"", ""sel_8th_pre_req"": ""50"", ""sel_8th_pre_bid"": ""+68100"", ""sel_7th_pre_req_pre"": ""0"", ""sel_7th_pre_req"": ""7"", ""sel_7th_pre_bid"": ""+68000"", ""sel_6th_pre_req_pre"": ""0"", ""sel_6th_pre_req"": ""35"", ""sel_6th_pre_bid"": ""+67900"", ""sel_5th_pre_req_pre"": ""0"", ""sel_5th_pre_req"": ""353"", ""sel_5th_pre_bid"": ""+67800"", ""sel_4th_pre_req_pre"": ""0"", ""sel_4th_pre_req"": ""6"", ""sel_4th_pre_bid"": ""+67700"", ""sel_3th_pre_req_pre"": ""0"", ""sel_3th_pre_req"": ""9"", ""sel_3th_pre_bid"": ""+67600"", ""sel_2th_pre_req_pre"": ""0"", ""sel_2th_pre_req"": ""256"", ""sel_2th_pre_bid"": ""+67500"", ""sel_1th_pre_req_pre"": ""0"", ""sel_fpr_req"": ""128"", ""sel_fpr_bid"": ""+67400"", ""buy_fpr_bid"": ""+67300"", ""buy_fpr_req"": ""634"", ""buy_1th_pre_req_pre"": ""0"", ""buy_2th_pre_bid"": ""+67200"", ""buy_2th_pre_req"": ""284"", ""buy_2th_pre_req_pre"": ""0"", ""buy_3th_pre_bid"": ""+67100"", ""buy_3th_pre_req"": ""282"", ""buy_3th_pre_req_pre"": ""0"", ""buy_4th_pre_bid"": ""+67000"", ""buy_4th_pre_req"": ""516"", ""buy_4th_pre_req_pre"": ""0"", ""buy_5th_pre_bid"": ""+66900"", ""buy_5th_pre_req"": ""319"", ""buy_5th_pre_req_pre"": ""0"", ""buy_6th_pre_bid"": ""+66800"", ""buy_6th_pre_req"": ""180"", ""buy_6th_pre_req_pre"": ""0"", ""buy_7th_pre_bid"": ""+66700"", ""buy_7th_pre_req"": ""92"", ""buy_7th_pre_req_pre"": ""0"", ""buy_8th_pre_bid"": ""+66600"", ""buy_8th_pre_req"": ""143"", ""buy_8th_pre_req_pre"": ""0"", ""buy_9th_pre_bid"": ""66500"", ""buy_9th_pre_req"": ""399"", ""buy_9th_pre_req_pre"": ""0"", ""buy_10th_pre_bid"": ""-66400"", ""buy_10th_pre_req"": ""51"", ""buy_10th_pre_req_pre"": ""0"", ""tot_sel_req_jub_pre"": ""0"", ""tot_sel_req"": ""850"", ""tot_buy_req"": ""2900"", ""tot_buy_req_jub_pre"": ""0"", ""ovt_sel_req_pre"": ""0"", ""ovt_sel_req"": ""0"", ""ovt_buy_req"": ""0"", ""ovt_buy_req_pre"": ""0"", ""return_code"": 0, ""return_msg"": ""정상적으로 처리되었습니다""}"
2026-06-10,watchlist,092200,,0,filtered_candidate_recheck,9520,,9520,9510,9520,9550,0.21008403361344538,0.10504201680672269,,,,,,"{""bid_req_base_tm"": ""110940"", ""sel_10th_pre_req_pre"": ""0"", ""sel_10th_pre_req"": ""62"", ""sel_10th_pre_bid"": ""-9610"", ""sel_9th_pre_req_pre"": ""0"", ""sel_9th_pre_req"": ""95"", ""sel_9th_pre_bid"": ""-9600"", ""sel_8th_pre_req_pre"": ""0"", ""sel_8th_pre_req"": ""103"", ""sel_8th_pre_bid"": ""-9590"", ""sel_7th_pre_req_pre"": ""0"", ""sel_7th_pre_req"": ""7"", ""sel_7th_pre_bid"": ""-9580"", ""sel_6th_pre_req_pre"": ""0"", ""sel_6th_pre_req"": ""5"", ""sel_6th_pre_bid"": ""-9570"", ""sel_5th_pre_req_pre"": ""0"", ""sel_5th_pre_req"": ""16"", ""sel_5th_pre_bid"": ""-9560"", ""sel_4th_pre_req_pre"": ""0"", ""sel_4th_pre_req"": ""317"", ""sel_4th_pre_bid"": ""-9550"", ""sel_3th_pre_req_pre"": ""0"", ""sel_3th_pre_req"": ""106"", ""sel_3th_pre_bid"": ""-9540"", ""sel_2th_pre_req_pre"": ""0"", ""sel_2th_pre_req"": ""1093"", ""sel_2th_pre_bid"": ""-9530"", ""sel_1th_pre_req_pre"": ""0"", ""sel_fpr_req"": ""629"", ""sel_fpr_bid"": ""-9520"", ""buy_fpr_bid"": ""-9510"", ""buy_fpr_req"": ""15"", ""buy_1th_pre_req_pre"": ""+1"", ""buy_2th_pre_bid"": ""-9500"", ""buy_2th_pre_req"": ""2288"", ""buy_2th_pre_req_pre"": ""0"", ""buy_3th_pre_bid"": ""-9490"", ""buy_3th_pre_req"": ""2734"", ""buy_3th_pre_req_pre"": ""0"", ""buy_4th_pre_bid"": ""-9480"", ""buy_4th_pre_req"": ""920"", ""buy_4th_pre_req_pre"": ""0"", ""buy_5th_pre_bid"": ""-9470"", ""buy_5th_pre_req"": ""2310"", ""buy_5th_pre_req_pre"": ""0"", ""buy_6th_pre_bid"": ""-9460"", ""buy_6th_pre_req"": ""3618"", ""buy_6th_pre_req_pre"": ""0"", ""buy_7th_pre_bid"": ""-9450"", ""buy_7th_pre_req"": ""1500"", ""buy_7th_pre_req_pre"": ""0"", ""buy_8th_pre_bid"": ""-9440"", ""buy_8th_pre_req"": ""697"", ""buy_8th_pre_req_pre"": ""0"", ""buy_9th_pre_bid"": ""-9430"", ""buy_9th_pre_req"": ""1989"", ""buy_9th_pre_req_pre"": ""0"", ""buy_10th_pre_bid"": ""-9420"", ""buy_10th_pre_req"": ""604"", ""buy_10th_pre_req_pre"": ""0"", ""tot_sel_req_jub_pre"": ""0"", ""tot_sel_req"": ""2433"", ""tot_buy_req"": ""16675"", ""tot_buy_req_jub_pre"": ""+1"", ""ovt_sel_req_pre"": ""0"", ""ovt_sel_req"": ""0"", ""ovt_buy_req"": ""0"", ""ovt_buy_req_pre"": ""0"", ""return_code"": 0, ""return_msg"": ""정상적으로 처리되었습니다""}"
2026-06-10,watchlist,175330,,0,filtered_candidate_recheck,25550,,25550,25500,25550,25550,-0.19569471624266144,0.19569471624266144,,,,,,"{""bid_req_base_tm"": ""110936"", ""sel_10th_pre_req_pre"": ""0"", ""sel_10th_pre_req"": ""114"", ""sel_10th_pre_bid"": ""+26000"", ""sel_9th_pre_req_pre"": ""0"", ""sel_9th_pre_req"": ""142"", ""sel_9th_pre_bid"": ""+25950"", ""sel_8th_pre_req_pre"": ""0"", ""sel_8th_pre_req"": ""562"", ""sel_8th_pre_bid"": ""25900"", ""sel_7th_pre_req_pre"": ""0"", ""sel_7th_pre_req"": ""469"", ""sel_7th_pre_bid"": ""-25850"", ""sel_6th_pre_req_pre"": ""0"", ""sel_6th_pre_req"": ""522"", ""sel_6th_pre_bid"": ""-25800"", ""sel_5th_pre_req_pre"": ""0"", ""sel_5th_pre_req"": ""211"", ""sel_5th_pre_bid"": ""-25750"", ""sel_4th_pre_req_pre"": ""0"", ""sel_4th_pre_req"": ""470"", ""sel_4th_pre_bid"": ""-25700"", ""sel_3th_pre_req_pre"": ""0"", ""sel_3th_pre_req"": ""384"", ""sel_3th_pre_bid"": ""-25650"", ""sel_2th_pre_req_pre"": ""0"", ""sel_2th_pre_req"": ""748"", ""sel_2th_pre_bid"": ""-25600"", ""sel_1th_pre_req_pre"": ""0"", ""sel_fpr_req"": ""1467"", ""sel_fpr_bid"": ""-25550"", ""buy_fpr_bid"": ""-25500"", ""buy_fpr_req"": ""538"", ""buy_1th_pre_req_pre"": ""+56"", ""buy_2th_pre_bid"": ""-25450"", ""buy_2th_pre_req"": ""1059"", ""buy_2th_pre_req_pre"": ""0"", ""buy_3th_pre_bid"": ""-25400"", ""buy_3th_pre_req"": ""663"", ""buy_3th_pre_req_pre"": ""0"", ""buy_4th_pre_bid"": ""-25350"", ""buy_4th_pre_req"": ""436"", ""buy_4th_pre_req_pre"": ""0"", ""buy_5th_pre_bid"": ""-25300"", ""buy_5th_pre_req"": ""599"", ""buy_5th_pre_req_pre"": ""0"", ""buy_6th_pre_bid"": ""-25250"", ""buy_6th_pre_req"": ""505"", ""buy_6th_pre_req_pre"": ""0"", ""buy_7th_pre_bid"": ""-25200"", ""buy_7th_pre_req"": ""267"", ""buy_7th_pre_req_pre"": ""0"", ""buy_8th_pre_bid"": ""-25150"", ""buy_8th_pre_req"": ""768"", ""buy_8th_pre_req_pre"": ""0"", ""buy_9th_pre_bid"": ""-25100"", ""buy_9th_pre_req"": ""488"", ""buy_9th_pre_req_pre"": ""0"", ""buy_10th_pre_bid"": ""-25050"", ""buy_10th_pre_req"": ""595"", ""buy_10th_pre_req_pre"": ""0"", ""tot_sel_req_jub_pre"": ""0"", ""tot_sel_req"": ""5089"", ""tot_buy_req"": ""5918"", ""tot_buy_req_jub_pre"": ""+56"", ""ovt_sel_req_pre"": ""0"", ""ovt_sel_req"": ""0"", ""ovt_buy_req"": ""0"", ""ovt_buy_req_pre"": ""0"", ""return_code"": 0, ""return_msg"": ""정상적으로 처리되었습니다""}"
2026-06-10,watchlist,069960,,0,filtered_candidate_recheck,176000,,176000,175500,176000,175000,-0.8522727272727272,0.2840909090909091,,,,,,"{""bid_req_base_tm"": ""110940"", ""sel_10th_pre_req_pre"": ""0"", ""sel_10th_pre_req"": ""32"", ""sel_10th_pre_bid"": ""+177000"", ""sel_9th_pre_req_pre"": ""0"", ""sel_9th_pre_req"": ""1"", ""sel_9th_pre_bid"": ""+176900"", ""sel_8th_pre_req_pre"": ""0"", ""sel_8th_pre_req"": ""277"", ""sel_8th_pre_bid"": ""+176800"", ""sel_7th_pre_req_pre"": ""0"", ""sel_7th_pre_req"": ""14"", ""sel_7th_pre_bid"": ""+176700"", ""sel_6th_pre_req_pre"": ""0"", ""sel_6th_pre_req"": ""17"", ""sel_6th_pre_bid"": ""+176600"", ""sel_5th_pre_req_pre"": ""0"", ""sel_5th_pre_req"": ""31"", ""sel_5th_pre_bid"": ""+176500"", ""sel_4th_pre_req_pre"": ""0"", ""sel_4th_pre_req"": ""100"", ""sel_4th_pre_bid"": ""+176300"", ""sel_3th_pre_req_pre"": ""--2"", ""sel_3th_pre_req"": ""11"", ""sel_3th_pre_bid"": ""+176200"", ""sel_2th_pre_req_pre"": ""0"", ""sel_2th_pre_req"": ""6"", ""sel_2th_pre_bid"": ""+176100"", ""sel_1th_pre_req_pre"": ""0"", ""sel_fpr_req"": ""1"", ""sel_fpr_bid"": ""+176000"", ""buy_fpr_bid"": ""+175500"", ""buy_fpr_req"": ""38"", ""buy_1th_pre_req_pre"": ""0"", ""buy_2th_pre_bid"": ""+175400"", ""buy_2th_pre_req"": ""5"", ""buy_2th_pre_req_pre"": ""0"", ""buy_3th_pre_bid"": ""+175300"", ""buy_3th_pre_req"": ""18"", ""buy_3th_pre_req_pre"": ""0"", ""buy_4th_pre_bid"": ""+175200"", ""buy_4th_pre_req"": ""107"", ""buy_4th_pre_req_pre"": ""0"", ""buy_5th_pre_bid"": ""+175100"", ""buy_5th_pre_req"": ""82"", ""buy_5th_pre_req_pre"": ""0"", ""buy_6th_pre_bid"": ""+175000"", ""buy_6th_pre_req"": ""18"", ""buy_6th_pre_req_pre"": ""0"", ""buy_7th_pre_bid"": ""+174900"", ""buy_7th_pre_req"": ""4"", ""buy_7th_pre_req_pre"": ""0"", ""buy_8th_pre_bid"": ""+174400"", ""buy_8th_pre_req"": ""1"", ""buy_8th_pre_req_pre"": ""0"", ""buy_9th_pre_bid"": ""+174200"", ""buy_9th_pre_req"": ""6"", ""buy_9th_pre_req_pre"": ""0"", ""buy_10th_pre_bid"": ""+174000"", ""buy_10th_pre_req"": ""17"", ""buy_10th_pre_req_pre"": ""0"", ""tot_sel_req_jub_pre"": ""--2"", ""tot_sel_req"": ""490"", ""tot_buy_req"": ""296"", ""tot_buy_req_jub_pre"": ""0"", ""ovt_sel_req_pre"": ""0"", ""ovt_sel_req"": ""0"", ""ovt_buy_req"": ""0"", ""ovt_buy_req_pre"": ""0"", ""return_code"": 0, ""return_msg"": ""정상적으로 처리되었습니다""}"
2026-06-10,watchlist,001450,,0,filtered_candidate_recheck,37550,,37550,37500,37550,37600,0.0,0.13315579227696406,,,,,,"{""bid_req_base_tm"": ""110942"", ""sel_10th_pre_req_pre"": ""0"", ""sel_10th_pre_req"": ""512"", ""sel_10th_pre_bid"": ""+38000"", ""sel_9th_pre_req_pre"": ""0"", ""sel_9th_pre_req"": ""22"", ""sel_9th_pre_bid"": ""+37950"", ""sel_8th_pre_req_pre"": ""0"", ""sel_8th_pre_req"": ""99"", ""sel_8th_pre_bid"": ""+37900"", ""sel_7th_pre_req_pre"": ""0"", ""sel_7th_pre_req"": ""512"", ""sel_7th_pre_bid"": ""+37850"", ""sel_6th_pre_req_pre"": ""0"", ""sel_6th_pre_req"": ""210"", ""sel_6th_pre_bid"": ""+37800"", ""sel_5th_pre_req_pre"": ""0"", ""sel_5th_pre_req"": ""41"", ""sel_5th_pre_bid"": ""+37750"", ""sel_4th_pre_req_pre"": ""0"", ""sel_4th_pre_req"": ""375"", ""sel_4th_pre_bid"": ""+37700"", ""sel_3th_pre_req_pre"": ""0"", ""sel_3th_pre_req"": ""184"", ""sel_3th_pre_bid"": ""+37650"", ""sel_2th_pre_req_pre"": ""0"", ""sel_2th_pre_req"": ""343"", ""sel_2th_pre_bid"": ""+37600"", ""sel_1th_pre_req_pre"": ""--30"", ""sel_fpr_req"": ""198"", ""sel_fpr_bid"": ""+37550"", ""buy_fpr_bid"": ""+37500"", ""buy_fpr_req"": ""1067"", ""buy_1th_pre_req_pre"": ""0"", ""buy_2th_pre_bid"": ""+37450"", ""buy_2th_pre_req"": ""676"", ""buy_2th_pre_req_pre"": ""0"", ""buy_3th_pre_bid"": ""+37400"", ""buy_3th_pre_req"": ""242"", ""buy_3th_pre_req_pre"": ""0"", ""buy_4th_pre_bid"": ""+37350"", ""buy_4th_pre_req"": ""127"", ""buy_4th_pre_req_pre"": ""0"", ""buy_5th_pre_bid"": ""+37300"", ""buy_5th_pre_req"": ""342"", ""buy_5th_pre_req_pre"": ""0"", ""buy_6th_pre_bid"": ""+37250"", ""buy_6th_pre_req"": ""204"", ""buy_6th_pre_req_pre"": ""0"", ""buy_7th_pre_bid"": ""+37200"", ""buy_7th_pre_req"": ""488"", ""buy_7th_pre_req_pre"": ""0"", ""buy_8th_pre_bid"": ""+37150"", ""buy_8th_pre_req"": ""46"", ""buy_8th_pre_req_pre"": ""0"", ""buy_9th_pre_bid"": ""+37100"", ""buy_9th_pre_req"": ""650"", ""buy_9th_pre_req_pre"": ""0"", ""buy_10th_pre_bid"": ""+37050"", ""buy_10th_pre_req"": ""21"", ""buy_10th_pre_req_pre"": ""0"", ""tot_sel_req_jub_pre"": ""--30"", ""tot_sel_req"": ""2496"", ""tot_buy_req"": ""3863"", ""tot_buy_req_jub_pre"": ""0"", ""ovt_sel_req_pre"": ""0"", ""ovt_sel_req"": ""0"", ""ovt_buy_req"": ""0"", ""ovt_buy_req_pre"": ""0"", ""return_code"": 0, ""return_msg"": ""정상적으로 처리되었습니다""}"
2026-06-10,watchlist,011070,,0,filtered_candidate_recheck,1123000,,1123000,1122000,1123000,1126000,0.17809439002671415,0.08904719501335707,,,,,,"{""bid_req_base_tm"": ""110942"", ""sel_10th_pre_req_pre"": ""0"", ""sel_10th_pre_req"": ""2"", ""sel_10th_pre_bid"": ""-1133000"", ""sel_9th_pre_req_pre"": ""0"", ""sel_9th_pre_req"": ""16"", ""sel_9th_pre_bid"": ""-1132000"", ""sel_8th_pre_req_pre"": ""0"", ""sel_8th_pre_req"": ""17"", ""sel_8th_pre_bid"": ""-1131000"", ""sel_7th_pre_req_pre"": ""0"", ""sel_7th_pre_req"": ""28"", ""sel_7th_pre_bid"": ""-1130000"", ""sel_6th_pre_req_pre"": ""0"", ""sel_6th_pre_req"": ""64"", ""sel_6th_pre_bid"": ""-1129000"", ""sel_5th_pre_req_pre"": ""0"", ""sel_5th_pre_req"": ""31"", ""sel_5th_pre_bid"": ""-1128000"", ""sel_4th_pre_req_pre"": ""0"", ""sel_4th_pre_req"": ""1"", ""sel_4th_pre_bid"": ""-1127000"", ""sel_3th_pre_req_pre"": ""0"", ""sel_3th_pre_req"": ""11"", ""sel_3th_pre_bid"": ""-1126000"", ""sel_2th_pre_req_pre"": ""0"", ""sel_2th_pre_req"": ""4"", ""sel_2th_pre_bid"": ""-1124000"", ""sel_1th_pre_req_pre"": ""0"", ""sel_fpr_req"": ""23"", ""sel_fpr_bid"": ""-1123000"", ""buy_fpr_bid"": ""-1122000"", ""buy_fpr_req"": ""29"", ""buy_1th_pre_req_pre"": ""+1"", ""buy_2th_pre_bid"": ""-1121000"", ""buy_2th_pre_req"": ""110"", ""buy_2th_pre_req_pre"": ""0"", ""buy_3th_pre_bid"": ""-1120000"", ""buy_3th_pre_req"": ""466"", ""buy_3th_pre_req_pre"": ""0"", ""buy_4th_pre_bid"": ""-1119000"", ""buy_4th_pre_req"": ""64"", ""buy_4th_pre_req_pre"": ""0"", ""buy_5th_pre_bid"": ""-1118000"", ""buy_5th_pre_req"": ""15"", ""buy_5th_pre_req_pre"": ""0"", ""buy_6th_pre_bid"": ""-1117000"", ""buy_6th_pre_req"": ""17"", ""buy_6th_pre_req_pre"": ""0"", ""buy_7th_pre_bid"": ""-1116000"", ""buy_7th_pre_req"": ""46"", ""buy_7th_pre_req_pre"": ""0"", ""buy_8th_pre_bid"": ""-1115000"", ""buy_8th_pre_req"": ""544"", ""buy_8th_pre_req_pre"": ""0"", ""buy_9th_pre_bid"": ""-1114000"", ""buy_9th_pre_req"": ""4"", ""buy_9th_pre_req_pre"": ""0"", ""buy_10th_pre_bid"": ""-1113000"", ""buy_10th_pre_req"": ""57"", ""buy_10th_pre_req_pre"": ""0"", ""tot_sel_req_jub_pre"": ""0"", ""tot_sel_req"": ""197"", ""tot_buy_req"": ""1352"", ""tot_buy_req_jub_pre"": ""+1"", ""ovt_sel_req_pre"": ""0"", ""ovt_sel_req"": ""0"", ""ovt_buy_req"": ""0"", ""ovt_buy_req_pre"": ""0"", ""return_code"": 0, ""return_msg"": ""정상적으로 처리되었습니다""}"
2026-06-10,watchlist,088350,,0,filtered_candidate_recheck,4830,,4830,4825,4830,4845,0.2070393374741201,0.10351966873706005,,,,,,"{""bid_req_base_tm"": ""110941"", ""sel_10th_pre_req_pre"": ""0"", ""sel_10th_pre_req"": ""565"", ""sel_10th_pre_bid"": ""-4875"", ""sel_9th_pre_req_pre"": ""0"", ""sel_9th_pre_req"": ""8"", ""sel_9th_pre_bid"": ""-4870"", ""sel_8th_pre_req_pre"": ""0"", ""sel_8th_pre_req"": ""1868"", ""sel_8th_pre_bid"": ""-4865"", ""sel_7th_pre_req_pre"": ""0"", ""sel_7th_pre_req"": ""1657"", ""sel_7th_pre_bid"": ""-4860"", ""sel_6th_pre_req_pre"": ""0"", ""sel_6th_pre_req"": ""1689"", ""sel_6th_pre_bid"": ""-4855"", ""sel_5th_pre_req_pre"": ""0"", ""sel_5th_pre_req"": ""643"", ""sel_5th_pre_bid"": ""-4850"", ""sel_4th_pre_req_pre"": ""0"", ""sel_4th_pre_req"": ""658"", ""sel_4th_pre_bid"": ""-4845"", ""sel_3th_pre_req_pre"": ""0"", ""sel_3th_pre_req"": ""1"", ""sel_3th_pre_bid"": ""-4840"", ""sel_2th_pre_req_pre"": ""0"", ""sel_2th_pre_req"": ""288"", ""sel_2th_pre_bid"": ""-4835"", ""sel_1th_pre_req_pre"": ""0"", ""sel_fpr_req"": ""487"", ""sel_fpr_bid"": ""-4830"", ""buy_fpr_bid"": ""-4825"", ""buy_fpr_req"": ""1723"", ""buy_1th_pre_req_pre"": ""+1000"", ""buy_2th_pre_bid"": ""-4820"", ""buy_2th_pre_req"": ""26726"", ""buy_2th_pre_req_pre"": ""0"", ""buy_3th_pre_bid"": ""-4815"", ""buy_3th_pre_req"": ""22436"", ""buy_3th_pre_req_pre"": ""0"", ""buy_4th_pre_bid"": ""-4810"", ""buy_4th_pre_req"": ""5312"", ""buy_4th_pre_req_pre"": ""0"", ""buy_5th_pre_bid"": ""-4805"", ""buy_5th_pre_req"": ""12532"", ""buy_5th_pre_req_pre"": ""0"", ""buy_6th_pre_bid"": ""-4800"", ""buy_6th_pre_req"": ""18500"", ""buy_6th_pre_req_pre"": ""0"", ""buy_7th_pre_bid"": ""-4795"", ""buy_7th_pre_req"": ""9698"", ""buy_7th_pre_req_pre"": ""0"", ""buy_8th_pre_bid"": ""-4790"", ""buy_8th_pre_req"": ""8507"", ""buy_8th_pre_req_pre"": ""0"", ""buy_9th_pre_bid"": ""-4785"", ""buy_9th_pre_req"": ""8187"", ""buy_9th_pre_req_pre"": ""0"", ""buy_10th_pre_bid"": ""-4780"", ""buy_10th_pre_req"": ""11100"", ""buy_10th_pre_req_pre"": ""0"", ""tot_sel_req_jub_pre"": ""0"", ""tot_sel_req"": ""7864"", ""tot_buy_req"": ""124721"", ""tot_buy_req_jub_pre"": ""+1000"", ""ovt_sel_req_pre"": ""0"", ""ovt_sel_req"": ""0"", ""ovt_buy_req"": ""0"", ""ovt_buy_req_pre"": ""0"", ""return_code"": 0, ""return_msg"": ""정상적으로 처리되었습니다""}"
2026-06-10,watchlist,195870,,0,filtered_candidate_recheck,75600,,75600,75500,75600,75600,-0.13227513227513227,0.13227513227513227,,,,,,"{""bid_req_base_tm"": ""110941"", ""sel_10th_pre_req_pre"": ""0"", ""sel_10th_pre_req"": ""2"", ""sel_10th_pre_bid"": ""+76500"", ""sel_9th_pre_req_pre"": ""0"", ""sel_9th_pre_req"": ""61"", ""sel_9th_pre_bid"": ""+76400"", ""sel_8th_pre_req_pre"": ""0"", ""sel_8th_pre_req"": ""44"", ""sel_8th_pre_bid"": ""+76300"", ""sel_7th_pre_req_pre"": ""0"", ""sel_7th_pre_req"": ""7"", ""sel_7th_pre_bid"": ""+76200"", ""sel_6th_pre_req_pre"": ""0"", ""sel_6th_pre_req"": ""10"", ""sel_6th_pre_bid"": ""+76100"", ""sel_5th_pre_req_pre"": ""0"", ""sel_5th_pre_req"": ""66"", ""sel_5th_pre_bid"": ""+76000"", ""sel_4th_pre_req_pre"": ""0"", ""sel_4th_pre_req"": ""39"", ""sel_4th_pre_bid"": ""+75900"", ""sel_3th_pre_req_pre"": ""0"", ""sel_3th_pre_req"": ""9"", ""sel_3th_pre_bid"": ""+75800"", ""sel_2th_pre_req_pre"": ""--17"", ""sel_2th_pre_req"": ""101"", ""sel_2th_pre_bid"": ""+75700"", ""sel_1th_pre_req_pre"": ""+16"", ""sel_fpr_req"": ""56"", ""sel_fpr_bid"": ""+75600"", ""buy_fpr_bid"": ""+75500"", ""buy_fpr_req"": ""50"", ""buy_1th_pre_req_pre"": ""0"", ""buy_2th_pre_bid"": ""+75400"", ""buy_2th_pre_req"": ""61"", ""buy_2th_pre_req_pre"": ""0"", ""buy_3th_pre_bid"": ""+75300"", ""buy_3th_pre_req"": ""3"", ""buy_3th_pre_req_pre"": ""0"", ""buy_4th_pre_bid"": ""+75200"", ""buy_4th_pre_req"": ""26"", ""buy_4th_pre_req_pre"": ""0"", ""buy_5th_pre_bid"": ""+75100"", ""buy_5th_pre_req"": ""53"", ""buy_5th_pre_req_pre"": ""0"", ""buy_6th_pre_bid"": ""+75000"", ""buy_6th_pre_req"": ""66"", ""buy_6th_pre_req_pre"": ""0"", ""buy_7th_pre_bid"": ""+74900"", ""buy_7th_pre_req"": ""16"", ""buy_7th_pre_req_pre"": ""0"", ""buy_8th_pre_bid"": ""+74800"", ""buy_8th_pre_req"": ""66"", ""buy_8th_pre_req_pre"": ""0"", ""buy_9th_pre_bid"": ""+74700"", ""buy_9th_pre_req"": ""101"", ""buy_9th_pre_req_pre"": ""0"", ""buy_10th_pre_bid"": ""+74600"", ""buy_10th_pre_req"": ""23"", ""buy_10th_pre_req_pre"": ""0"", ""tot_sel_req_jub_pre"": ""--1"", ""tot_sel_req"": ""395"", ""tot_buy_req"": ""465"", ""tot_buy_req_jub_pre"": ""0"", ""ovt_sel_req_pre"": ""0"", ""ovt_sel_req"": ""0"", ""ovt_buy_req"": ""0"", ""ovt_buy_req_pre"": ""0"", ""return_code"": 0, ""return_msg"": ""정상적으로 처리되었습니다""}"
2026-06-10,watchlist,042700,,0,filtered_candidate_recheck,279500,,279500,279000,279500,280500,0.17889087656529518,0.17889087656529518,,,,,,"{""bid_req_base_tm"": ""110942"", ""sel_10th_pre_req_pre"": ""0"", ""sel_10th_pre_req"": ""137"", ""sel_10th_pre_bid"": ""+284000"", ""sel_9th_pre_req_pre"": ""0"", ""sel_9th_pre_req"": ""102"", ""sel_9th_pre_bid"": ""+283500"", ""sel_8th_pre_req_pre"": ""0"", ""sel_8th_pre_req"": ""350"", ""sel_8th_pre_bid"": ""+283000"", ""sel_7th_pre_req_pre"": ""0"", ""sel_7th_pre_req"": ""1"", ""sel_7th_pre_bid"": ""+282500"", ""sel_6th_pre_req_pre"": ""0"", ""sel_6th_pre_req"": ""106"", ""sel_6th_pre_bid"": ""+282000"", ""sel_5th_pre_req_pre"": ""0"", ""sel_5th_pre_req"": ""68"", ""sel_5th_pre_bid"": ""+281500"", ""sel_4th_pre_req_pre"": ""0"", ""sel_4th_pre_req"": ""270"", ""sel_4th_pre_bid"": ""+281000"", ""sel_3th_pre_req_pre"": ""0"", ""sel_3th_pre_req"": ""454"", ""sel_3th_pre_bid"": ""+280500"", ""sel_2th_pre_req_pre"": ""0"", ""sel_2th_pre_req"": ""247"", ""sel_2th_pre_bid"": ""+280000"", ""sel_1th_pre_req_pre"": ""0"", ""sel_fpr_req"": ""739"", ""sel_fpr_bid"": ""+279500"", ""buy_fpr_bid"": ""+279000"", ""buy_fpr_req"": ""813"", ""buy_1th_pre_req_pre"": ""0"", ""buy_2th_pre_bid"": ""+278500"", ""buy_2th_pre_req"": ""516"", ""buy_2th_pre_req_pre"": ""0"", ""buy_3th_pre_bid"": ""+278000"", ""buy_3th_pre_req"": ""674"", ""buy_3th_pre_req_pre"": ""+50"", ""buy_4th_pre_bid"": ""+277500"", ""buy_4th_pre_req"": ""280"", ""buy_4th_pre_req_pre"": ""0"", ""buy_5th_pre_bid"": ""+277000"", ""buy_5th_pre_req"": ""759"", ""buy_5th_pre_req_pre"": ""--10"", ""buy_6th_pre_bid"": ""276500"", ""buy_6th_pre_req"": ""806"", ""buy_6th_pre_req_pre"": ""0"", ""buy_7th_pre_bid"": ""-276000"", ""buy_7th_pre_req"": ""389"", ""buy_7th_pre_req_pre"": ""0"", ""buy_8th_pre_bid"": ""-275500"", ""buy_8th_pre_req"": ""179"", ""buy_8th_pre_req_pre"": ""0"", ""buy_9th_pre_bid"": ""-275000"", ""buy_9th_pre_req"": ""1058"", ""buy_9th_pre_req_pre"": ""0"", ""buy_10th_pre_bid"": ""-274500"", ""buy_10th_pre_req"": ""31"", ""buy_10th_pre_req_pre"": ""0"", ""tot_sel_req_jub_pre"": ""0"", ""tot_sel_req"": ""2474"", ""tot_buy_req"": ""5505"", ""tot_buy_req_jub_pre"": ""+40"", ""ovt_sel_req_pre"": ""0"", ""ovt_sel_req"": ""0"", ""ovt_buy_req"": ""0"", ""ovt_buy_req_pre"": ""0"", ""return_code"": 0, ""return_msg"": ""정상적으로 처리되었습니다""}"
2026-06-10,watchlist,003160,,0,filtered_candidate_recheck,28000,,28000,27900,28000,28000,-0.17857142857142858,0.35714285714285715,,,,,,"{""bid_req_base_tm"": ""110943"", ""sel_10th_pre_req_pre"": ""0"", ""sel_10th_pre_req"": ""34"", ""sel_10th_pre_bid"": ""+28550"", ""sel_9th_pre_req_pre"": ""0"", ""sel_9th_pre_req"": ""6"", ""sel_9th_pre_bid"": ""+28500"", ""sel_8th_pre_req_pre"": ""0"", ""sel_8th_pre_req"": ""2070"", ""sel_8th_pre_bid"": ""+28400"", ""sel_7th_pre_req_pre"": ""0"", ""sel_7th_pre_req"": ""50"", ""sel_7th_pre_bid"": ""+28350"", ""sel_6th_pre_req_pre"": ""0"", ""sel_6th_pre_req"": ""213"", ""sel_6th_pre_bid"": ""+28300"", ""sel_5th_pre_req_pre"": ""0"", ""sel_5th_pre_req"": ""12"", ""sel_5th_pre_bid"": ""+28200"", ""sel_4th_pre_req_pre"": ""0"", ""sel_4th_pre_req"": ""41"", ""sel_4th_pre_bid"": ""+28150"", ""sel_3th_pre_req_pre"": ""0"", ""sel_3th_pre_req"": ""1"", ""sel_3th_pre_bid"": ""+28100"", ""sel_2th_pre_req_pre"": ""0"", ""sel_2th_pre_req"": ""22"", ""sel_2th_pre_bid"": ""28050"", ""sel_1th_pre_req_pre"": ""0"", ""sel_fpr_req"": ""140"", ""sel_fpr_bid"": ""-28000"", ""buy_fpr_bid"": ""-27900"", ""buy_fpr_req"": ""2"", ""buy_1th_pre_req_pre"": ""0"", ""buy_2th_pre_bid"": ""-27850"", ""buy_2th_pre_req"": ""333"", ""buy_2th_pre_req_pre"": ""0"", ""buy_3th_pre_bid"": ""-27800"", ""buy_3th_pre_req"": ""24"", ""buy_3th_pre_req_pre"": ""0"", ""buy_4th_pre_bid"": ""-27750"", ""buy_4th_pre_req"": ""317"", ""buy_4th_pre_req_pre"": ""0"", ""buy_5th_pre_bid"": ""-27700"", ""buy_5th_pre_req"": ""165"", ""buy_5th_pre_req_pre"": ""0"", ""buy_6th_pre_bid"": ""-27650"", ""buy_6th_pre_req"": ""168"", ""buy_6th_pre_req_pre"": ""0"", ""buy_7th_pre_bid"": ""-27600"", ""buy_7th_pre_req"": ""174"", ""buy_7th_pre_req_pre"": ""0"", ""buy_8th_pre_bid"": ""-27550"", ""buy_8th_pre_req"": ""699"", ""buy_8th_pre_req_pre"": ""0"", ""buy_9th_pre_bid"": ""-27500"", ""buy_9th_pre_req"": ""1008"", ""buy_9th_pre_req_pre"": ""0"", ""buy_10th_pre_bid"": ""-27450"", ""buy_10th_pre_req"": ""118"", ""buy_10th_pre_req_pre"": ""0"", ""tot_sel_req_jub_pre"": ""+139"", ""tot_sel_req"": ""2589"", ""tot_buy_req"": ""3008"", ""tot_buy_req_jub_pre"": ""+88"", ""ovt_sel_req_pre"": ""0"", ""ovt_sel_req"": ""0"", ""ovt_buy_req"": ""0"", ""ovt_buy_req_pre"": ""0"", ""return_code"": 0, ""return_msg"": ""정상적으로 처리되었습니다""}"
2026-06-10,watchlist,005940,,1,filtered_candidate_recheck,30750,,30750,30700,30750,30950,0.4878048780487805,0.16260162601626016,,,,,,"{""bid_req_base_tm"": ""110943"", ""sel_10th_pre_req_pre"": ""0"", ""sel_10th_pre_req"": ""409"", ""sel_10th_pre_bid"": ""-31200"", ""sel_9th_pre_req_pre"": ""0"", ""sel_9th_pre_req"": ""15"", ""sel_9th_pre_bid"": ""-31150"", ""sel_8th_pre_req_pre"": ""0"", ""sel_8th_pre_req"": ""50"", ""sel_8th_pre_bid"": ""-31100"", ""sel_7th_pre_req_pre"": ""0"", ""sel_7th_pre_req"": ""116"", ""sel_7th_pre_bid"": ""-31050"", ""sel_6th_pre_req_pre"": ""0"", ""sel_6th_pre_req"": ""1"", ""sel_6th_pre_bid"": ""-31000"", ""sel_5th_pre_req_pre"": ""0"", ""sel_5th_pre_req"": ""212"", ""sel_5th_pre_bid"": ""-30950"", ""sel_4th_pre_req_pre"": ""0"", ""sel_4th_pre_req"": ""482"", ""sel_4th_pre_bid"": ""-30900"", ""sel_3th_pre_req_pre"": ""0"", ""sel_3th_pre_req"": ""441"", ""sel_3th_pre_bid"": ""-30850"", ""sel_2th_pre_req_pre"": ""0"", ""sel_2th_pre_req"": ""247"", ""sel_2th_pre_bid"": ""-30800"", ""sel_1th_pre_req_pre"": ""0"", ""sel_fpr_req"": ""1131"", ""sel_fpr_bid"": ""-30750"", ""buy_fpr_bid"": ""-30700"", ""buy_fpr_req"": ""4073"", ""buy_1th_pre_req_pre"": ""+25"", ""buy_2th_pre_bid"": ""-30650"", ""buy_2th_pre_req"": ""274"", ""buy_2th_pre_req_pre"": ""0"", ""buy_3th_pre_bid"": ""-30600"", ""buy_3th_pre_req"": ""770"", ""buy_3th_pre_req_pre"": ""0"", ""buy_4th_pre_bid"": ""-30550"", ""buy_4th_pre_req"": ""400"", ""buy_4th_pre_req_pre"": ""0"", ""buy_5th_pre_bid"": ""-30500"", ""buy_5th_pre_req"": ""2224"", ""buy_5th_pre_req_pre"": ""0"", ""buy_6th_pre_bid"": ""-30450"", ""buy_6th_pre_req"": ""1427"", ""buy_6th_pre_req_pre"": ""0"", ""buy_7th_pre_bid"": ""-30400"", ""buy_7th_pre_req"": ""626"", ""buy_7th_pre_req_pre"": ""0"", ""buy_8th_pre_bid"": ""-30350"", ""buy_8th_pre_req"": ""919"", ""buy_8th_pre_req_pre"": ""0"", ""buy_9th_pre_bid"": ""-30300"", ""buy_9th_pre_req"": ""3018"", ""buy_9th_pre_req_pre"": ""0"", ""buy_10th_pre_bid"": ""-30250"", ""buy_10th_pre_req"": ""220"", ""buy_10th_pre_req_pre"": ""0"", ""tot_sel_req_jub_pre"": ""0"", ""tot_sel_req"": ""3104"", ""tot_buy_req"": ""13951"", ""tot_buy_req_jub_pre"": ""+25"", ""ovt_sel_req_pre"": ""0"", ""ovt_sel_req"": ""0"", ""ovt_buy_req"": ""0"", ""ovt_buy_req_pre"": ""0"", ""return_code"": 0, ""return_msg"": ""정상적으로 처리되었습니다""}"
2026-06-10,watchlist,120110,,0,filtered_candidate_recheck,70500,,70500,70400,70500,70800,0.28368794326241137,0.14184397163120568,,,,,,"{""bid_req_base_tm"": ""110943"", ""sel_10th_pre_req_pre"": ""0"", ""sel_10th_pre_req"": ""14"", ""sel_10th_pre_bid"": ""+71500"", ""sel_9th_pre_req_pre"": ""0"", ""sel_9th_pre_req"": ""27"", ""sel_9th_pre_bid"": ""+71400"", ""sel_8th_pre_req_pre"": ""0"", ""sel_8th_pre_req"": ""13"", ""sel_8th_pre_bid"": ""+71300"", ""sel_7th_pre_req_pre"": ""0"", ""sel_7th_pre_req"": ""4"", ""sel_7th_pre_bid"": ""+71200"", ""sel_6th_pre_req_pre"": ""0"", ""sel_6th_pre_req"": ""35"", ""sel_6th_pre_bid"": ""+71100"", ""sel_5th_pre_req_pre"": ""0"", ""sel_5th_pre_req"": ""21"", ""sel_5th_pre_bid"": ""+71000"", ""sel_4th_pre_req_pre"": ""0"", ""sel_4th_pre_req"": ""199"", ""sel_4th_pre_bid"": ""+70800"", ""sel_3th_pre_req_pre"": ""0"", ""sel_3th_pre_req"": ""40"", ""sel_3th_pre_bid"": ""+70700"", ""sel_2th_pre_req_pre"": ""0"", ""sel_2th_pre_req"": ""207"", ""sel_2th_pre_bid"": ""+70600"", ""sel_1th_pre_req_pre"": ""0"", ""sel_fpr_req"": ""54"", ""sel_fpr_bid"": ""+70500"", ""buy_fpr_bid"": ""+70400"", ""buy_fpr_req"": ""348"", ""buy_1th_pre_req_pre"": ""+1"", ""buy_2th_pre_bid"": ""+70300"", ""buy_2th_pre_req"": ""155"", ""buy_2th_pre_req_pre"": ""0"", ""buy_3th_pre_bid"": ""+70200"", ""buy_3th_pre_req"": ""257"", ""buy_3th_pre_req_pre"": ""0"", ""buy_4th_pre_bid"": ""+70100"", ""buy_4th_pre_req"": ""140"", ""buy_4th_pre_req_pre"": ""0"", ""buy_5th_pre_bid"": ""+70000"", ""buy_5th_pre_req"": ""37"", ""buy_5th_pre_req_pre"": ""0"", ""buy_6th_pre_bid"": ""+69900"", ""buy_6th_pre_req"": ""127"", ""buy_6th_pre_req_pre"": ""0"", ""buy_7th_pre_bid"": ""+69800"", ""buy_7th_pre_req"": ""37"", ""buy_7th_pre_req_pre"": ""0"", ""buy_8th_pre_bid"": ""+69700"", ""buy_8th_pre_req"": ""28"", ""buy_8th_pre_req_pre"": ""0"", ""buy_9th_pre_bid"": ""+69600"", ""buy_9th_pre_req"": ""400"", ""buy_9th_pre_req_pre"": ""0"", ""buy_10th_pre_bid"": ""+69500"", ""buy_10th_pre_req"": ""16"", ""buy_10th_pre_req_pre"": ""0"", ""tot_sel_req_jub_pre"": ""0"", ""tot_sel_req"": ""614"", ""tot_buy_req"": ""1545"", ""tot_buy_req_jub_pre"": ""+1"", ""ovt_sel_req_pre"": ""0"", ""ovt_sel_req"": ""0"", ""ovt_buy_req"": ""0"", ""ovt_buy_req_pre"": ""0"", ""return_code"": 0, ""return_msg"": ""정상적으로 처리되었습니다""}"
2026-06-10,scan_candidate,005930,,0,main_scan,306500,,306500,306000,306500,308000,0.3262642740619902,0.1631321370309951,,,,,,"{""bid_req_base_tm"": ""111138"", ""sel_10th_pre_req_pre"": ""0"", ""sel_10th_pre_req"": ""11715"", ""sel_10th_pre_bid"": ""-311000"", ""sel_9th_pre_req_pre"": ""0"", ""sel_9th_pre_req"": ""18964"", ""sel_9th_pre_bid"": ""-310500"", ""sel_8th_pre_req_pre"": ""0"", ""sel_8th_pre_req"": ""25446"", ""sel_8th_pre_bid"": ""-310000"", ""sel_7th_pre_req_pre"": ""0"", ""sel_7th_pre_req"": ""20013"", ""sel_7th_pre_bid"": ""-309500"", ""sel_6th_pre_req_pre"": ""0"", ""sel_6th_pre_req"": ""12630"", ""sel_6th_pre_bid"": ""-309000"", ""sel_5th_pre_req_pre"": ""0"", ""sel_5th_pre_req"": ""13647"", ""sel_5th_pre_bid"": ""-308500"", ""sel_4th_pre_req_pre"": ""0"", ""sel_4th_pre_req"": ""17356"", ""sel_4th_pre_bid"": ""-308000"", ""sel_3th_pre_req_pre"": ""0"", ""sel_3th_pre_req"": ""11076"", ""sel_3th_pre_bid"": ""-307500"", ""sel_2th_pre_req_pre"": ""0"", ""sel_2th_pre_req"": ""24413"", ""sel_2th_pre_bid"": ""-307000"", ""sel_1th_pre_req_pre"": ""--10"", ""sel_fpr_req"": ""31323"", ""sel_fpr_bid"": ""-306500"", ""buy_fpr_bid"": ""-306000"", ""buy_fpr_req"": ""12620"", ""buy_1th_pre_req_pre"": ""+32"", ""buy_2th_pre_bid"": ""-305500"", ""buy_2th_pre_req"": ""93039"", ""buy_2th_pre_req_pre"": ""0"", ""buy_3th_pre_bid"": ""-305000"", ""buy_3th_pre_req"": ""226711"", ""buy_3th_pre_req_pre"": ""+3"", ""buy_4th_pre_bid"": ""-304500"", ""buy_4th_pre_req"": ""35009"", ""buy_4th_pre_req_pre"": ""0"", ""buy_5th_pre_bid"": ""-304000"", ""buy_5th_pre_req"": ""44004"", ""buy_5th_pre_req_pre"": ""0"", ""buy_6th_pre_bid"": ""-303500"", ""buy_6th_pre_req"": ""46117"", ""buy_6th_pre_req_pre"": ""--5"", ""buy_7th_pre_bid"": ""-303000"", ""buy_7th_pre_req"": ""81723"", ""buy_7th_pre_req_pre"": ""0"", ""buy_8th_pre_bid"": ""-302500"", ""buy_8th_pre_req"": ""50218"", ""buy_8th_pre_req_pre"": ""0"", ""buy_9th_pre_bid"": ""-302000"", ""buy_9th_pre_req"": ""61208"", ""buy_9th_pre_req_pre"": ""0"", ""buy_10th_pre_bid"": ""-301500"", ""buy_10th_pre_req"": ""41354"", ""buy_10th_pre_req_pre"": ""0"", ""tot_sel_req_jub_pre"": ""--10"", ""tot_sel_req"": ""186583"", ""tot_buy_req"": ""692003"", ""tot_buy_req_jub_pre"": ""+30"", ""ovt_sel_req_pre"": ""0"", ""ovt_sel_req"": ""0"", ""ovt_buy_req"": ""0"", ""ovt_buy_req_pre"": ""0"", ""return_code"": 0, ""return_msg"": ""정상적으로 처리되었습니다""}"
2026-06-10,scan_candidate,000660,,0,main_scan,2098000,,2098000,2097000,2098000,2101000,0.09532888465204957,0.047664442326024785,,,,,,"{""bid_req_base_tm"": ""111138"", ""sel_10th_pre_req_pre"": ""0"", ""sel_10th_pre_req"": ""109"", ""sel_10th_pre_bid"": ""-2107000"", ""sel_9th_pre_req_pre"": ""0"", ""sel_9th_pre_req"": ""132"", ""sel_9th_pre_bid"": ""-2106000"", ""sel_8th_pre_req_pre"": ""0"", ""sel_8th_pre_req"": ""168"", ""sel_8th_pre_bid"": ""-2105000"", ""sel_7th_pre_req_pre"": ""0"", ""sel_7th_pre_req"": ""75"", ""sel_7th_pre_bid"": ""-2104000"", ""sel_6th_pre_req_pre"": ""0"", ""sel_6th_pre_req"": ""41"", ""sel_6th_pre_bid"": ""-2103000"", ""sel_5th_pre_req_pre"": ""0"", ""sel_5th_pre_req"": ""339"", ""sel_5th_pre_bid"": ""-2102000"", ""sel_4th_pre_req_pre"": ""0"", ""sel_4th_pre_req"": ""184"", ""sel_4th_pre_bid"": ""-2101000"", ""sel_3th_pre_req_pre"": ""0"", ""sel_3th_pre_req"": ""598"", ""sel_3th_pre_bid"": ""-2100000"", ""sel_2th_pre_req_pre"": ""0"", ""sel_2th_pre_req"": ""781"", ""sel_2th_pre_bid"": ""-2099000"", ""sel_1th_pre_req_pre"": ""0"", ""sel_fpr_req"": ""219"", ""sel_fpr_bid"": ""-2098000"", ""buy_fpr_bid"": ""-2097000"", ""buy_fpr_req"": ""489"", ""buy_1th_pre_req_pre"": ""0"", ""buy_2th_pre_bid"": ""-2096000"", ""buy_2th_pre_req"": ""1920"", ""buy_2th_pre_req_pre"": ""0"", ""buy_3th_pre_bid"": ""-2095000"", ""buy_3th_pre_req"": ""312"", ""buy_3th_pre_req_pre"": ""0"", ""buy_4th_pre_bid"": ""-2094000"", ""buy_4th_pre_req"": ""591"", ""buy_4th_pre_req_pre"": ""0"", ""buy_5th_pre_bid"": ""-2093000"", ""buy_5th_pre_req"": ""355"", ""buy_5th_pre_req_pre"": ""0"", ""buy_6th_pre_bid"": ""-2092000"", ""buy_6th_pre_req"": ""67"", ""buy_6th_pre_req_pre"": ""0"", ""buy_7th_pre_bid"": ""-2091000"", ""buy_7th_pre_req"": ""164"", ""buy_7th_pre_req_pre"": ""+2"", ""buy_8th_pre_bid"": ""-2090000"", ""buy_8th_pre_req"": ""589"", ""buy_8th_pre_req_pre"": ""0"", ""buy_9th_pre_bid"": ""-2089000"", ""buy_9th_pre_req"": ""537"", ""buy_9th_pre_req_pre"": ""0"", ""buy_10th_pre_bid"": ""-2088000"", ""buy_10th_pre_req"": ""1398"", ""buy_10th_pre_req_pre"": ""+1"", ""tot_sel_req_jub_pre"": ""0"", ""tot_sel_req"": ""2646"", ""tot_buy_req"": ""6422"", ""tot_buy_req_jub_pre"": ""+3"", ""ovt_sel_req_pre"": ""0"", ""ovt_sel_req"": ""0"", ""ovt_buy_req"": ""0"", ""ovt_buy_req_pre"": ""0"", ""return_code"": 0, ""return_msg"": ""정상적으로 처리되었습니다""}"
2026-06-10,scan_candidate,402340,,0,main_scan,1218000,,1218000,1217000,1218000,1219000,0.0,0.08210180623973727,,,,,,"{""bid_req_base_tm"": ""111138"", ""sel_10th_pre_req_pre"": ""0"", ""sel_10th_pre_req"": ""5"", ""sel_10th_pre_bid"": ""-1227000"", ""sel_9th_pre_req_pre"": ""0"", ""sel_9th_pre_req"": ""10"", ""sel_9th_pre_bid"": ""-1226000"", ""sel_8th_pre_req_pre"": ""0"", ""sel_8th_pre_req"": ""45"", ""sel_8th_pre_bid"": ""-1225000"", ""sel_7th_pre_req_pre"": ""0"", ""sel_7th_pre_req"": ""11"", ""sel_7th_pre_bid"": ""-1224000"", ""sel_6th_pre_req_pre"": ""0"", ""sel_6th_pre_req"": ""1"", ""sel_6th_pre_bid"": ""-1223000"", ""sel_5th_pre_req_pre"": ""0"", ""sel_5th_pre_req"": ""108"", ""sel_5th_pre_bid"": ""-1222000"", ""sel_4th_pre_req_pre"": ""0"", ""sel_4th_pre_req"": ""34"", ""sel_4th_pre_bid"": ""-1221000"", ""sel_3th_pre_req_pre"": ""0"", ""sel_3th_pre_req"": ""369"", ""sel_3th_pre_bid"": ""-1220000"", ""sel_2th_pre_req_pre"": ""0"", ""sel_2th_pre_req"": ""170"", ""sel_2th_pre_bid"": ""-1219000"", ""sel_1th_pre_req_pre"": ""+1"", ""sel_fpr_req"": ""276"", ""sel_fpr_bid"": ""-1218000"", ""buy_fpr_bid"": ""-1217000"", ""buy_fpr_req"": ""393"", ""buy_1th_pre_req_pre"": ""0"", ""buy_2th_pre_bid"": ""-1216000"", ""buy_2th_pre_req"": ""13"", ""buy_2th_pre_req_pre"": ""0"", ""buy_3th_pre_bid"": ""-1215000"", ""buy_3th_pre_req"": ""51"", ""buy_3th_pre_req_pre"": ""0"", ""buy_4th_pre_bid"": ""-1213000"", ""buy_4th_pre_req"": ""109"", ""buy_4th_pre_req_pre"": ""0"", ""buy_5th_pre_bid"": ""-1212000"", ""buy_5th_pre_req"": ""271"", ""buy_5th_pre_req_pre"": ""0"", ""buy_6th_pre_bid"": ""-1211000"", ""buy_6th_pre_req"": ""290"", ""buy_6th_pre_req_pre"": ""0"", ""buy_7th_pre_bid"": ""-1210000"", ""buy_7th_pre_req"": ""178"", ""buy_7th_pre_req_pre"": ""0"", ""buy_8th_pre_bid"": ""-1209000"", ""buy_8th_pre_req"": ""50"", ""buy_8th_pre_req_pre"": ""0"", ""buy_9th_pre_bid"": ""-1208000"", ""buy_9th_pre_req"": ""28"", ""buy_9th_pre_req_pre"": ""0"", ""buy_10th_pre_bid"": ""-1207000"", ""buy_10th_pre_req"": ""35"", ""buy_10th_pre_req_pre"": ""0"", ""tot_sel_req_jub_pre"": ""+1"", ""tot_sel_req"": ""1029"", ""tot_buy_req"": ""1418"", ""tot_buy_req_jub_pre"": ""0"", ""ovt_sel_req_pre"": ""0"", ""ovt_sel_req"": ""0"", ""ovt_buy_req"": ""0"", ""ovt_buy_req_pre"": ""0"", ""return_code"": 0, ""return_msg"": ""정상적으로 처리되었습니다""}"
2026-06-10,scan_candidate,009150,,0,main_scan,1887000,,1887000,1886000,1887000,1890000,0.10598834128245893,0.052994170641229466,,,,,,"{""bid_req_base_tm"": ""111138"", ""sel_10th_pre_req_pre"": ""0"", ""sel_10th_pre_req"": ""7"", ""sel_10th_pre_bid"": ""-1896000"", ""sel_9th_pre_req_pre"": ""0"", ""sel_9th_pre_req"": ""14"", ""sel_9th_pre_bid"": ""-1895000"", ""sel_8th_pre_req_pre"": ""0"", ""sel_8th_pre_req"": ""6"", ""sel_8th_pre_bid"": ""-1894000"", ""sel_7th_pre_req_pre"": ""0"", ""sel_7th_pre_req"": ""99"", ""sel_7th_pre_bid"": ""-1893000"", ""sel_6th_pre_req_pre"": ""0"", ""sel_6th_pre_req"": ""34"", ""sel_6th_pre_bid"": ""-1892000"", ""sel_5th_pre_req_pre"": ""0"", ""sel_5th_pre_req"": ""3"", ""sel_5th_pre_bid"": ""-1891000"", ""sel_4th_pre_req_pre"": ""0"", ""sel_4th_pre_req"": ""76"", ""sel_4th_pre_bid"": ""-1890000"", ""sel_3th_pre_req_pre"": ""0"", ""sel_3th_pre_req"": ""53"", ""sel_3th_pre_bid"": ""-1889000"", ""sel_2th_pre_req_pre"": ""0"", ""sel_2th_pre_req"": ""208"", ""sel_2th_pre_bid"": ""-1888000"", ""sel_1th_pre_req_pre"": ""--1"", ""sel_fpr_req"": ""29"", ""sel_fpr_bid"": ""-1887000"", ""buy_fpr_bid"": ""-1886000"", ""buy_fpr_req"": ""145"", ""buy_1th_pre_req_pre"": ""--1"", ""buy_2th_pre_bid"": ""-1885000"", ""buy_2th_pre_req"": ""380"", ""buy_2th_pre_req_pre"": ""+1"", ""buy_3th_pre_bid"": ""-1884000"", ""buy_3th_pre_req"": ""150"", ""buy_3th_pre_req_pre"": ""0"", ""buy_4th_pre_bid"": ""-1883000"", ""buy_4th_pre_req"": ""4"", ""buy_4th_pre_req_pre"": ""0"", ""buy_5th_pre_bid"": ""-1882000"", ""buy_5th_pre_req"": ""26"", ""buy_5th_pre_req_pre"": ""0"", ""buy_6th_pre_bid"": ""-1881000"", ""buy_6th_pre_req"": ""14"", ""buy_6th_pre_req_pre"": ""0"", ""buy_7th_pre_bid"": ""-1880000"", ""buy_7th_pre_req"": ""42"", ""buy_7th_pre_req_pre"": ""0"", ""buy_8th_pre_bid"": ""-1879000"", ""buy_8th_pre_req"": ""21"", ""buy_8th_pre_req_pre"": ""0"", ""buy_9th_pre_bid"": ""-1878000"", ""buy_9th_pre_req"": ""64"", ""buy_9th_pre_req_pre"": ""0"", ""buy_10th_pre_bid"": ""-1877000"", ""buy_10th_pre_req"": ""32"", ""buy_10th_pre_req_pre"": ""0"", ""tot_sel_req_jub_pre"": ""--1"", ""tot_sel_req"": ""529"", ""tot_buy_req"": ""878"", ""tot_buy_req_jub_pre"": ""0"", ""ovt_sel_req_pre"": ""0"", ""ovt_sel_req"": ""0"", ""ovt_buy_req"": ""0"", ""ovt_buy_req_pre"": ""0"", ""return_code"": 0, ""return_msg"": ""정상적으로 처리되었습니다""}"
2026-06-10,scan_candidate,032830,,0,main_scan,370500,,370500,369500,370500,371500,0.1349527665317139,0.2699055330634278,,,,,,"{""bid_req_base_tm"": ""111138"", ""sel_10th_pre_req_pre"": ""0"", ""sel_10th_pre_req"": ""3"", ""sel_10th_pre_bid"": ""-375500"", ""sel_9th_pre_req_pre"": ""0"", ""sel_9th_pre_req"": ""18"", ""sel_9th_pre_bid"": ""-375000"", ""sel_8th_pre_req_pre"": ""0"", ""sel_8th_pre_req"": ""190"", ""sel_8th_pre_bid"": ""-374000"", ""sel_7th_pre_req_pre"": ""0"", ""sel_7th_pre_req"": ""4"", ""sel_7th_pre_bid"": ""-373500"", ""sel_6th_pre_req_pre"": ""0"", ""sel_6th_pre_req"": ""111"", ""sel_6th_pre_bid"": ""-373000"", ""sel_5th_pre_req_pre"": ""0"", ""sel_5th_pre_req"": ""68"", ""sel_5th_pre_bid"": ""-372500"", ""sel_4th_pre_req_pre"": ""0"", ""sel_4th_pre_req"": ""113"", ""sel_4th_pre_bid"": ""-372000"", ""sel_3th_pre_req_pre"": ""0"", ""sel_3th_pre_req"": ""146"", ""sel_3th_pre_bid"": ""-371500"", ""sel_2th_pre_req_pre"": ""0"", ""sel_2th_pre_req"": ""233"", ""sel_2th_pre_bid"": ""-371000"", ""sel_1th_pre_req_pre"": ""--7"", ""sel_fpr_req"": ""86"", ""sel_fpr_bid"": ""-370500"", ""buy_fpr_bid"": ""-369500"", ""buy_fpr_req"": ""254"", ""buy_1th_pre_req_pre"": ""0"", ""buy_2th_pre_bid"": ""-369000"", ""buy_2th_pre_req"": ""71"", ""buy_2th_pre_req_pre"": ""0"", ""buy_3th_pre_bid"": ""-368500"", ""buy_3th_pre_req"": ""266"", ""buy_3th_pre_req_pre"": ""0"", ""buy_4th_pre_bid"": ""-368000"", ""buy_4th_pre_req"": ""390"", ""buy_4th_pre_req_pre"": ""0"", ""buy_5th_pre_bid"": ""-367500"", ""buy_5th_pre_req"": ""164"", ""buy_5th_pre_req_pre"": ""0"", ""buy_6th_pre_bid"": ""-367000"", ""buy_6th_pre_req"": ""287"", ""buy_6th_pre_req_pre"": ""0"", ""buy_7th_pre_bid"": ""-366500"", ""buy_7th_pre_req"": ""320"", ""buy_7th_pre_req_pre"": ""0"", ""buy_8th_pre_bid"": ""-366000"", ""buy_8th_pre_req"": ""595"", ""buy_8th_pre_req_pre"": ""0"", ""buy_9th_pre_bid"": ""-365500"", ""buy_9th_pre_req"": ""852"", ""buy_9th_pre_req_pre"": ""0"", ""buy_10th_pre_bid"": ""-365000"", ""buy_10th_pre_req"": ""1097"", ""buy_10th_pre_req_pre"": ""0"", ""tot_sel_req_jub_pre"": ""--7"", ""tot_sel_req"": ""972"", ""tot_buy_req"": ""4296"", ""tot_buy_req_jub_pre"": ""0"", ""ovt_sel_req_pre"": ""0"", ""ovt_sel_req"": ""0"", ""ovt_buy_req"": ""0"", ""ovt_buy_req_pre"": ""0"", ""return_code"": 0, ""return_msg"": ""정상적으로 처리되었습니다""}"
2026-06-10,scan_candidate,012330,,0,main_scan,575000,,575000,573000,575000,578000,0.34782608695652173,0.34782608695652173,,,,,,"{""bid_req_base_tm"": ""111138"", ""sel_10th_pre_req_pre"": ""0"", ""sel_10th_pre_req"": ""249"", ""sel_10th_pre_bid"": ""-584000"", ""sel_9th_pre_req_pre"": ""0"", ""sel_9th_pre_req"": ""456"", ""sel_9th_pre_bid"": ""-583000"", ""sel_8th_pre_req_pre"": ""0"", ""sel_8th_pre_req"": ""153"", ""sel_8th_pre_bid"": ""-582000"", ""sel_7th_pre_req_pre"": ""0"", ""sel_7th_pre_req"": ""137"", ""sel_7th_pre_bid"": ""-581000"", ""sel_6th_pre_req_pre"": ""0"", ""sel_6th_pre_req"": ""54"", ""sel_6th_pre_bid"": ""-580000"", ""sel_5th_pre_req_pre"": ""0"", ""sel_5th_pre_req"": ""3"", ""sel_5th_pre_bid"": ""-579000"", ""sel_4th_pre_req_pre"": ""0"", ""sel_4th_pre_req"": ""123"", ""sel_4th_pre_bid"": ""-578000"", ""sel_3th_pre_req_pre"": ""0"", ""sel_3th_pre_req"": ""94"", ""sel_3th_pre_bid"": ""-577000"", ""sel_2th_pre_req_pre"": ""0"", ""sel_2th_pre_req"": ""174"", ""sel_2th_pre_bid"": ""-576000"", ""sel_1th_pre_req_pre"": ""0"", ""sel_fpr_req"": ""335"", ""sel_fpr_bid"": ""-575000"", ""buy_fpr_bid"": ""-573000"", ""buy_fpr_req"": ""178"", ""buy_1th_pre_req_pre"": ""--5"", ""buy_2th_pre_bid"": ""-572000"", ""buy_2th_pre_req"": ""2197"", ""buy_2th_pre_req_pre"": ""0"", ""buy_3th_pre_bid"": ""-571000"", ""buy_3th_pre_req"": ""2249"", ""buy_3th_pre_req_pre"": ""0"", ""buy_4th_pre_bid"": ""-570000"", ""buy_4th_pre_req"": ""5570"", ""buy_4th_pre_req_pre"": ""0"", ""buy_5th_pre_bid"": ""-569000"", ""buy_5th_pre_req"": ""2897"", ""buy_5th_pre_req_pre"": ""0"", ""buy_6th_pre_bid"": ""-568000"", ""buy_6th_pre_req"": ""998"", ""buy_6th_pre_req_pre"": ""0"", ""buy_7th_pre_bid"": ""-567000"", ""buy_7th_pre_req"": ""703"", ""buy_7th_pre_req_pre"": ""0"", ""buy_8th_pre_bid"": ""-566000"", ""buy_8th_pre_req"": ""1512"", ""buy_8th_pre_req_pre"": ""0"", ""buy_9th_pre_bid"": ""-565000"", ""buy_9th_pre_req"": ""1506"", ""buy_9th_pre_req_pre"": ""0"", ""buy_10th_pre_bid"": ""-564000"", ""buy_10th_pre_req"": ""538"", ""buy_10th_pre_req_pre"": ""0"", ""tot_sel_req_jub_pre"": ""0"", ""tot_sel_req"": ""1778"", ""tot_buy_req"": ""18348"", ""tot_buy_req_jub_pre"": ""--5"", ""ovt_sel_req_pre"": ""0"", ""ovt_sel_req"": ""0"", ""ovt_buy_req"": ""0"", ""ovt_buy_req_pre"": ""0"", ""return_code"": 0, ""return_msg"": ""정상적으로 처리되었습니다""}"
2026-06-10,scan_candidate,055550,,0,main_scan,98800,,98800,98600,98800,99000,0.10121457489878542,0.20242914979757085,,,,,,"{""bid_req_base_tm"": ""111139"", ""sel_10th_pre_req_pre"": ""0"", ""sel_10th_pre_req"": ""297"", ""sel_10th_pre_bid"": ""-99800"", ""sel_9th_pre_req_pre"": ""0"", ""sel_9th_pre_req"": ""850"", ""sel_9th_pre_bid"": ""-99700"", ""sel_8th_pre_req_pre"": ""0"", ""sel_8th_pre_req"": ""63"", ""sel_8th_pre_bid"": ""-99600"", ""sel_7th_pre_req_pre"": ""0"", ""sel_7th_pre_req"": ""162"", ""sel_7th_pre_bid"": ""-99500"", ""sel_6th_pre_req_pre"": ""0"", ""sel_6th_pre_req"": ""8"", ""sel_6th_pre_bid"": ""-99400"", ""sel_5th_pre_req_pre"": ""0"", ""sel_5th_pre_req"": ""165"", ""sel_5th_pre_bid"": ""-99300"", ""sel_4th_pre_req_pre"": ""0"", ""sel_4th_pre_req"": ""24"", ""sel_4th_pre_bid"": ""-99200"", ""sel_3th_pre_req_pre"": ""0"", ""sel_3th_pre_req"": ""685"", ""sel_3th_pre_bid"": ""-99000"", ""sel_2th_pre_req_pre"": ""0"", ""sel_2th_pre_req"": ""139"", ""sel_2th_pre_bid"": ""-98900"", ""sel_1th_pre_req_pre"": ""--60"", ""sel_fpr_req"": ""506"", ""sel_fpr_bid"": ""-98800"", ""buy_fpr_bid"": ""-98600"", ""buy_fpr_req"": ""944"", ""buy_1th_pre_req_pre"": ""0"", ""buy_2th_pre_bid"": ""-98500"", ""buy_2th_pre_req"": ""293"", ""buy_2th_pre_req_pre"": ""0"", ""buy_3th_pre_bid"": ""-98400"", ""buy_3th_pre_req"": ""885"", ""buy_3th_pre_req_pre"": ""0"", ""buy_4th_pre_bid"": ""-98300"", ""buy_4th_pre_req"": ""751"", ""buy_4th_pre_req_pre"": ""0"", ""buy_5th_pre_bid"": ""-98200"", ""buy_5th_pre_req"": ""1433"", ""buy_5th_pre_req_pre"": ""0"", ""buy_6th_pre_bid"": ""-98100"", ""buy_6th_pre_req"": ""683"", ""buy_6th_pre_req_pre"": ""0"", ""buy_7th_pre_bid"": ""-98000"", ""buy_7th_pre_req"": ""1979"", ""buy_7th_pre_req_pre"": ""0"", ""buy_8th_pre_bid"": ""-97900"", ""buy_8th_pre_req"": ""282"", ""buy_8th_pre_req_pre"": ""0"", ""buy_9th_pre_bid"": ""-97800"", ""buy_9th_pre_req"": ""189"", ""buy_9th_pre_req_pre"": ""0"", ""buy_10th_pre_bid"": ""-97700"", ""buy_10th_pre_req"": ""279"", ""buy_10th_pre_req_pre"": ""0"", ""tot_sel_req_jub_pre"": ""--60"", ""tot_sel_req"": ""2899"", ""tot_buy_req"": ""7718"", ""tot_buy_req_jub_pre"": ""0"", ""ovt_sel_req_pre"": ""0"", ""ovt_sel_req"": ""0"", ""ovt_buy_req"": ""0"", ""ovt_buy_req_pre"": ""0"", ""return_code"": 0, ""return_msg"": ""정상적으로 처리되었습니다""}"
2026-06-10,scan_candidate,034730,,0,main_scan,581000,,581000,580000,581000,577000,-0.8605851979345954,0.17211703958691912,,,,,,"{""bid_req_base_tm"": ""111139"", ""sel_10th_pre_req_pre"": ""0"", ""sel_10th_pre_req"": ""57"", ""sel_10th_pre_bid"": ""-591000"", ""sel_9th_pre_req_pre"": ""0"", ""sel_9th_pre_req"": ""153"", ""sel_9th_pre_bid"": ""-590000"", ""sel_8th_pre_req_pre"": ""0"", ""sel_8th_pre_req"": ""3"", ""sel_8th_pre_bid"": ""-589000"", ""sel_7th_pre_req_pre"": ""0"", ""sel_7th_pre_req"": ""168"", ""sel_7th_pre_bid"": ""-588000"", ""sel_6th_pre_req_pre"": ""0"", ""sel_6th_pre_req"": ""4"", ""sel_6th_pre_bid"": ""-587000"", ""sel_5th_pre_req_pre"": ""0"", ""sel_5th_pre_req"": ""2"", ""sel_5th_pre_bid"": ""-585000"", ""sel_4th_pre_req_pre"": ""0"", ""sel_4th_pre_req"": ""1617"", ""sel_4th_pre_bid"": ""-584000"", ""sel_3th_pre_req_pre"": ""0"", ""sel_3th_pre_req"": ""56"", ""sel_3th_pre_bid"": ""-583000"", ""sel_2th_pre_req_pre"": ""0"", ""sel_2th_pre_req"": ""87"", ""sel_2th_pre_bid"": ""-582000"", ""sel_1th_pre_req_pre"": ""0"", ""sel_fpr_req"": ""464"", ""sel_fpr_bid"": ""-581000"", ""buy_fpr_bid"": ""-580000"", ""buy_fpr_req"": ""54"", ""buy_1th_pre_req_pre"": ""--8"", ""buy_2th_pre_bid"": ""-579000"", ""buy_2th_pre_req"": ""218"", ""buy_2th_pre_req_pre"": ""0"", ""buy_3th_pre_bid"": ""-578000"", ""buy_3th_pre_req"": ""140"", ""buy_3th_pre_req_pre"": ""0"", ""buy_4th_pre_bid"": ""-577000"", ""buy_4th_pre_req"": ""66"", ""buy_4th_pre_req_pre"": ""0"", ""buy_5th_pre_bid"": ""-576000"", ""buy_5th_pre_req"": ""52"", ""buy_5th_pre_req_pre"": ""0"", ""buy_6th_pre_bid"": ""-575000"", ""buy_6th_pre_req"": ""44"", ""buy_6th_pre_req_pre"": ""0"", ""buy_7th_pre_bid"": ""-574000"", ""buy_7th_pre_req"": ""33"", ""buy_7th_pre_req_pre"": ""0"", ""buy_8th_pre_bid"": ""-573000"", ""buy_8th_pre_req"": ""26"", ""buy_8th_pre_req_pre"": ""0"", ""buy_9th_pre_bid"": ""-572000"", ""buy_9th_pre_req"": ""23"", ""buy_9th_pre_req_pre"": ""0"", ""buy_10th_pre_bid"": ""-571000"", ""buy_10th_pre_req"": ""27"", ""buy_10th_pre_req_pre"": ""0"", ""tot_sel_req_jub_pre"": ""0"", ""tot_sel_req"": ""2611"", ""tot_buy_req"": ""683"", ""tot_buy_req_jub_pre"": ""--8"", ""ovt_sel_req_pre"": ""0"", ""ovt_sel_req"": ""0"", ""ovt_buy_req"": ""0"", ""ovt_buy_req_pre"": ""0"", ""return_code"": 0, ""return_msg"": ""정상적으로 처리되었습니다""}"
2026-06-10,scan_candidate,066570,,0,main_scan,230500,,230500,230000,230500,232500,0.6507592190889371,0.21691973969631237,,,,,,"{""bid_req_base_tm"": ""111139"", ""sel_10th_pre_req_pre"": ""0"", ""sel_10th_pre_req"": ""3588"", ""sel_10th_pre_bid"": ""-235000"", ""sel_9th_pre_req_pre"": ""0"", ""sel_9th_pre_req"": ""1626"", ""sel_9th_pre_bid"": ""-234500"", ""sel_8th_pre_req_pre"": ""0"", ""sel_8th_pre_req"": ""868"", ""sel_8th_pre_bid"": ""-234000"", ""sel_7th_pre_req_pre"": ""--1"", ""sel_7th_pre_req"": ""1152"", ""sel_7th_pre_bid"": ""-233500"", ""sel_6th_pre_req_pre"": ""0"", ""sel_6th_pre_req"": ""1429"", ""sel_6th_pre_bid"": ""-233000"", ""sel_5th_pre_req_pre"": ""0"", ""sel_5th_pre_req"": ""722"", ""sel_5th_pre_bid"": ""-232500"", ""sel_4th_pre_req_pre"": ""0"", ""sel_4th_pre_req"": ""1429"", ""sel_4th_pre_bid"": ""-232000"", ""sel_3th_pre_req_pre"": ""0"", ""sel_3th_pre_req"": ""2577"", ""sel_3th_pre_bid"": ""-231500"", ""sel_2th_pre_req_pre"": ""0"", ""sel_2th_pre_req"": ""2222"", ""sel_2th_pre_bid"": ""-231000"", ""sel_1th_pre_req_pre"": ""0"", ""sel_fpr_req"": ""7990"", ""sel_fpr_bid"": ""-230500"", ""buy_fpr_bid"": ""-230000"", ""buy_fpr_req"": ""41707"", ""buy_1th_pre_req_pre"": ""0"", ""buy_2th_pre_bid"": ""-229500"", ""buy_2th_pre_req"": ""9398"", ""buy_2th_pre_req_pre"": ""0"", ""buy_3th_pre_bid"": ""-229000"", ""buy_3th_pre_req"": ""8852"", ""buy_3th_pre_req_pre"": ""0"", ""buy_4th_pre_bid"": ""-228500"", ""buy_4th_pre_req"": ""8002"", ""buy_4th_pre_req_pre"": ""0"", ""buy_5th_pre_bid"": ""-228000"", ""buy_5th_pre_req"": ""11069"", ""buy_5th_pre_req_pre"": ""+35"", ""buy_6th_pre_bid"": ""-227500"", ""buy_6th_pre_req"": ""6622"", ""buy_6th_pre_req_pre"": ""0"", ""buy_7th_pre_bid"": ""-227000"", ""buy_7th_pre_req"": ""55342"", ""buy_7th_pre_req_pre"": ""0"", ""buy_8th_pre_bid"": ""-226500"", ""buy_8th_pre_req"": ""2828"", ""buy_8th_pre_req_pre"": ""0"", ""buy_9th_pre_bid"": ""-226000"", ""buy_9th_pre_req"": ""4758"", ""buy_9th_pre_req_pre"": ""0"", ""buy_10th_pre_bid"": ""-225500"", ""buy_10th_pre_req"": ""1928"", ""buy_10th_pre_req_pre"": ""0"", ""tot_sel_req_jub_pre"": ""--1"", ""tot_sel_req"": ""23603"", ""tot_buy_req"": ""150506"", ""tot_buy_req_jub_pre"": ""+35"", ""ovt_sel_req_pre"": ""0"", ""ovt_sel_req"": ""0"", ""ovt_buy_req"": ""0"", ""ovt_buy_req_pre"": ""0"", ""return_code"": 0, ""return_msg"": ""정상적으로 처리되었습니다""}"
2026-06-10,scan_candidate,035420,,0,main_scan,233500,,233500,233000,233500,234500,0.21413276231263384,0.21413276231263384,,,,,,"{""bid_req_base_tm"": ""111139"", ""sel_10th_pre_req_pre"": ""0"", ""sel_10th_pre_req"": ""4152"", ""sel_10th_pre_bid"": ""-238000"", ""sel_9th_pre_req_pre"": ""0"", ""sel_9th_pre_req"": ""3110"", ""sel_9th_pre_bid"": ""-237500"", ""sel_8th_pre_req_pre"": ""0"", ""sel_8th_pre_req"": ""1765"", ""sel_8th_pre_bid"": ""-237000"", ""sel_7th_pre_req_pre"": ""0"", ""sel_7th_pre_req"": ""4592"", ""sel_7th_pre_bid"": ""-236500"", ""sel_6th_pre_req_pre"": ""0"", ""sel_6th_pre_req"": ""3759"", ""sel_6th_pre_bid"": ""-236000"", ""sel_5th_pre_req_pre"": ""0"", ""sel_5th_pre_req"": ""2527"", ""sel_5th_pre_bid"": ""-235500"", ""sel_4th_pre_req_pre"": ""0"", ""sel_4th_pre_req"": ""1860"", ""sel_4th_pre_bid"": ""-235000"", ""sel_3th_pre_req_pre"": ""0"", ""sel_3th_pre_req"": ""1667"", ""sel_3th_pre_bid"": ""-234500"", ""sel_2th_pre_req_pre"": ""0"", ""sel_2th_pre_req"": ""1888"", ""sel_2th_pre_bid"": ""-234000"", ""sel_1th_pre_req_pre"": ""+10"", ""sel_fpr_req"": ""1364"", ""sel_fpr_bid"": ""-233500"", ""buy_fpr_bid"": ""-233000"", ""buy_fpr_req"": ""856"", ""buy_1th_pre_req_pre"": ""0"", ""buy_2th_pre_bid"": ""-232500"", ""buy_2th_pre_req"": ""10809"", ""buy_2th_pre_req_pre"": ""0"", ""buy_3th_pre_bid"": ""-232000"", ""buy_3th_pre_req"": ""12066"", ""buy_3th_pre_req_pre"": ""0"", ""buy_4th_pre_bid"": ""-231500"", ""buy_4th_pre_req"": ""12183"", ""buy_4th_pre_req_pre"": ""0"", ""buy_5th_pre_bid"": ""-231000"", ""buy_5th_pre_req"": ""13872"", ""buy_5th_pre_req_pre"": ""0"", ""buy_6th_pre_bid"": ""-230500"", ""buy_6th_pre_req"": ""18442"", ""buy_6th_pre_req_pre"": ""0"", ""buy_7th_pre_bid"": ""-230000"", ""buy_7th_pre_req"": ""71076"", ""buy_7th_pre_req_pre"": ""0"", ""buy_8th_pre_bid"": ""-229500"", ""buy_8th_pre_req"": ""5164"", ""buy_8th_pre_req_pre"": ""0"", ""buy_9th_pre_bid"": ""-229000"", ""buy_9th_pre_req"": ""7379"", ""buy_9th_pre_req_pre"": ""0"", ""buy_10th_pre_bid"": ""-228500"", ""buy_10th_pre_req"": ""8686"", ""buy_10th_pre_req_pre"": ""0"", ""tot_sel_req_jub_pre"": ""+10"", ""tot_sel_req"": ""26684"", ""tot_buy_req"": ""160533"", ""tot_buy_req_jub_pre"": ""0"", ""ovt_sel_req_pre"": ""0"", ""ovt_sel_req"": ""0"", ""ovt_buy_req"": ""0"", ""ovt_buy_req_pre"": ""0"", ""return_code"": 0, ""return_msg"": ""정상적으로 처리되었습니다""}"
2026-06-10,scan_candidate,086790,,0,main_scan,119300,,119300,119200,119300,118500,-1.0896898575020955,0.08382229673093043,,,,,,"{""bid_req_base_tm"": ""111139"", ""sel_10th_pre_req_pre"": ""0"", ""sel_10th_pre_req"": ""259"", ""sel_10th_pre_bid"": ""+120200"", ""sel_9th_pre_req_pre"": ""0"", ""sel_9th_pre_req"": ""288"", ""sel_9th_pre_bid"": ""+120100"", ""sel_8th_pre_req_pre"": ""0"", ""sel_8th_pre_req"": ""864"", ""sel_8th_pre_bid"": ""+120000"", ""sel_7th_pre_req_pre"": ""0"", ""sel_7th_pre_req"": ""626"", ""sel_7th_pre_bid"": ""+119900"", ""sel_6th_pre_req_pre"": ""0"", ""sel_6th_pre_req"": ""40"", ""sel_6th_pre_bid"": ""+119800"", ""sel_5th_pre_req_pre"": ""0"", ""sel_5th_pre_req"": ""395"", ""sel_5th_pre_bid"": ""+119700"", ""sel_4th_pre_req_pre"": ""0"", ""sel_4th_pre_req"": ""724"", ""sel_4th_pre_bid"": ""+119600"", ""sel_3th_pre_req_pre"": ""0"", ""sel_3th_pre_req"": ""218"", ""sel_3th_pre_bid"": ""+119500"", ""sel_2th_pre_req_pre"": ""0"", ""sel_2th_pre_req"": ""911"", ""sel_2th_pre_bid"": ""+119400"", ""sel_1th_pre_req_pre"": ""+1"", ""sel_fpr_req"": ""401"", ""sel_fpr_bid"": ""+119300"", ""buy_fpr_bid"": ""+119200"", ""buy_fpr_req"": ""123"", ""buy_1th_pre_req_pre"": ""0"", ""buy_2th_pre_bid"": ""+119100"", ""buy_2th_pre_req"": ""137"", ""buy_2th_pre_req_pre"": ""0"", ""buy_3th_pre_bid"": ""119000"", ""buy_3th_pre_req"": ""322"", ""buy_3th_pre_req_pre"": ""0"", ""buy_4th_pre_bid"": ""-118900"", ""buy_4th_pre_req"": ""43"", ""buy_4th_pre_req_pre"": ""0"", ""buy_5th_pre_bid"": ""-118700"", ""buy_5th_pre_req"": ""10"", ""buy_5th_pre_req_pre"": ""0"", ""buy_6th_pre_bid"": ""-118600"", ""buy_6th_pre_req"": ""15"", ""buy_6th_pre_req_pre"": ""0"", ""buy_7th_pre_bid"": ""-118500"", ""buy_7th_pre_req"": ""25"", ""buy_7th_pre_req_pre"": ""0"", ""buy_8th_pre_bid"": ""-118400"", ""buy_8th_pre_req"": ""663"", ""buy_8th_pre_req_pre"": ""0"", ""buy_9th_pre_bid"": ""-118300"", ""buy_9th_pre_req"": ""64"", ""buy_9th_pre_req_pre"": ""0"", ""buy_10th_pre_bid"": ""-118200"", ""buy_10th_pre_req"": ""1159"", ""buy_10th_pre_req_pre"": ""0"", ""tot_sel_req_jub_pre"": ""+1"", ""tot_sel_req"": ""4726"", ""tot_buy_req"": ""2561"", ""tot_buy_req_jub_pre"": ""0"", ""ovt_sel_req_pre"": ""0"", ""ovt_sel_req"": ""0"", ""ovt_buy_req"": ""0"", ""ovt_buy_req_pre"": ""0"", ""return_code"": 0, ""return_msg"": ""정상적으로 처리되었습니다""}"
2026-06-10,scan_candidate,000810,,0,main_scan,623000,,623000,622000,623000,626000,0.32102728731942215,0.16051364365971107,,,,,,"{""bid_req_base_tm"": ""111139"", ""sel_10th_pre_req_pre"": ""0"", ""sel_10th_pre_req"": ""3"", ""sel_10th_pre_bid"": ""-632000"", ""sel_9th_pre_req_pre"": ""0"", ""sel_9th_pre_req"": ""3"", ""sel_9th_pre_bid"": ""-631000"", ""sel_8th_pre_req_pre"": ""0"", ""sel_8th_pre_req"": ""48"", ""sel_8th_pre_bid"": ""-630000"", ""sel_7th_pre_req_pre"": ""0"", ""sel_7th_pre_req"": ""15"", ""sel_7th_pre_bid"": ""-629000"", ""sel_6th_pre_req_pre"": ""0"", ""sel_6th_pre_req"": ""7"", ""sel_6th_pre_bid"": ""-628000"", ""sel_5th_pre_req_pre"": ""0"", ""sel_5th_pre_req"": ""27"", ""sel_5th_pre_bid"": ""-627000"", ""sel_4th_pre_req_pre"": ""0"", ""sel_4th_pre_req"": ""23"", ""sel_4th_pre_bid"": ""-626000"", ""sel_3th_pre_req_pre"": ""0"", ""sel_3th_pre_req"": ""19"", ""sel_3th_pre_bid"": ""-625000"", ""sel_2th_pre_req_pre"": ""0"", ""sel_2th_pre_req"": ""73"", ""sel_2th_pre_bid"": ""-624000"", ""sel_1th_pre_req_pre"": ""--18"", ""sel_fpr_req"": ""256"", ""sel_fpr_bid"": ""-623000"", ""buy_fpr_bid"": ""-622000"", ""buy_fpr_req"": ""204"", ""buy_1th_pre_req_pre"": ""--8"", ""buy_2th_pre_bid"": ""-621000"", ""buy_2th_pre_req"": ""239"", ""buy_2th_pre_req_pre"": ""0"", ""buy_3th_pre_bid"": ""-620000"", ""buy_3th_pre_req"": ""72"", ""buy_3th_pre_req_pre"": ""0"", ""buy_4th_pre_bid"": ""-619000"", ""buy_4th_pre_req"": ""5"", ""buy_4th_pre_req_pre"": ""0"", ""buy_5th_pre_bid"": ""-618000"", ""buy_5th_pre_req"": ""14"", ""buy_5th_pre_req_pre"": ""0"", ""buy_6th_pre_bid"": ""-617000"", ""buy_6th_pre_req"": ""36"", ""buy_6th_pre_req_pre"": ""0"", ""buy_7th_pre_bid"": ""-616000"", ""buy_7th_pre_req"": ""20"", ""buy_7th_pre_req_pre"": ""0"", ""buy_8th_pre_bid"": ""-615000"", ""buy_8th_pre_req"": ""32"", ""buy_8th_pre_req_pre"": ""0"", ""buy_9th_pre_bid"": ""-614000"", ""buy_9th_pre_req"": ""94"", ""buy_9th_pre_req_pre"": ""0"", ""buy_10th_pre_bid"": ""-613000"", ""buy_10th_pre_req"": ""37"", ""buy_10th_pre_req_pre"": ""0"", ""tot_sel_req_jub_pre"": ""--18"", ""tot_sel_req"": ""474"", ""tot_buy_req"": ""753"", ""tot_buy_req_jub_pre"": ""--8"", ""ovt_sel_req_pre"": ""0"", ""ovt_sel_req"": ""0"", ""ovt_buy_req"": ""0"", ""ovt_buy_req_pre"": ""0"", ""return_code"": 0, ""return_msg"": ""정상적으로 처리되었습니다""}"
2026-06-10,scan_candidate,011070,,0,main_scan,1125000,,1125000,1124000,1125000,1128000,0.17777777777777778,0.08888888888888889,,,,,,"{""bid_req_base_tm"": ""111140"", ""sel_10th_pre_req_pre"": ""0"", ""sel_10th_pre_req"": ""17"", ""sel_10th_pre_bid"": ""-1134000"", ""sel_9th_pre_req_pre"": ""0"", ""sel_9th_pre_req"": ""3"", ""sel_9th_pre_bid"": ""-1133000"", ""sel_8th_pre_req_pre"": ""0"", ""sel_8th_pre_req"": ""18"", ""sel_8th_pre_bid"": ""-1132000"", ""sel_7th_pre_req_pre"": ""0"", ""sel_7th_pre_req"": ""13"", ""sel_7th_pre_bid"": ""-1131000"", ""sel_6th_pre_req_pre"": ""0"", ""sel_6th_pre_req"": ""13"", ""sel_6th_pre_bid"": ""-1130000"", ""sel_5th_pre_req_pre"": ""0"", ""sel_5th_pre_req"": ""53"", ""sel_5th_pre_bid"": ""-1129000"", ""sel_4th_pre_req_pre"": ""0"", ""sel_4th_pre_req"": ""21"", ""sel_4th_pre_bid"": ""-1128000"", ""sel_3th_pre_req_pre"": ""0"", ""sel_3th_pre_req"": ""23"", ""sel_3th_pre_bid"": ""-1127000"", ""sel_2th_pre_req_pre"": ""0"", ""sel_2th_pre_req"": ""44"", ""sel_2th_pre_bid"": ""-1126000"", ""sel_1th_pre_req_pre"": ""0"", ""sel_fpr_req"": ""17"", ""sel_fpr_bid"": ""-1125000"", ""buy_fpr_bid"": ""-1124000"", ""buy_fpr_req"": ""78"", ""buy_1th_pre_req_pre"": ""+20"", ""buy_2th_pre_bid"": ""-1123000"", ""buy_2th_pre_req"": ""411"", ""buy_2th_pre_req_pre"": ""+390"", ""buy_3th_pre_bid"": ""-1122000"", ""buy_3th_pre_req"": ""48"", ""buy_3th_pre_req_pre"": ""--390"", ""buy_4th_pre_bid"": ""-1121000"", ""buy_4th_pre_req"": ""32"", ""buy_4th_pre_req_pre"": ""--20"", ""buy_5th_pre_bid"": ""-1120000"", ""buy_5th_pre_req"": ""31"", ""buy_5th_pre_req_pre"": ""0"", ""buy_6th_pre_bid"": ""-1118000"", ""buy_6th_pre_req"": ""22"", ""buy_6th_pre_req_pre"": ""0"", ""buy_7th_pre_bid"": ""-1117000"", ""buy_7th_pre_req"": ""8"", ""buy_7th_pre_req_pre"": ""0"", ""buy_8th_pre_bid"": ""-1116000"", ""buy_8th_pre_req"": ""10"", ""buy_8th_pre_req_pre"": ""0"", ""buy_9th_pre_bid"": ""-1115000"", ""buy_9th_pre_req"": ""22"", ""buy_9th_pre_req_pre"": ""0"", ""buy_10th_pre_bid"": ""-1114000"", ""buy_10th_pre_req"": ""25"", ""buy_10th_pre_req_pre"": ""0"", ""tot_sel_req_jub_pre"": ""0"", ""tot_sel_req"": ""222"", ""tot_buy_req"": ""687"", ""tot_buy_req_jub_pre"": ""0"", ""ovt_sel_req_pre"": ""0"", ""ovt_sel_req"": ""0"", ""ovt_buy_req"": ""0"", ""ovt_buy_req_pre"": ""0"", ""return_code"": 0, ""return_msg"": ""정상적으로 처리되었습니다""}"
2026-06-10,scan_candidate,042700,,0,main_scan,281000,,281000,280500,281000,281500,0.0,0.1779359430604982,,,,,,"{""bid_req_base_tm"": ""111140"", ""sel_10th_pre_req_pre"": ""0"", ""sel_10th_pre_req"": ""90"", ""sel_10th_pre_bid"": ""+285500"", ""sel_9th_pre_req_pre"": ""0"", ""sel_9th_pre_req"": ""526"", ""sel_9th_pre_bid"": ""+285000"", ""sel_8th_pre_req_pre"": ""0"", ""sel_8th_pre_req"": ""178"", ""sel_8th_pre_bid"": ""+284500"", ""sel_7th_pre_req_pre"": ""0"", ""sel_7th_pre_req"": ""147"", ""sel_7th_pre_bid"": ""+284000"", ""sel_6th_pre_req_pre"": ""0"", ""sel_6th_pre_req"": ""103"", ""sel_6th_pre_bid"": ""+283500"", ""sel_5th_pre_req_pre"": ""0"", ""sel_5th_pre_req"": ""352"", ""sel_5th_pre_bid"": ""+283000"", ""sel_4th_pre_req_pre"": ""0"", ""sel_4th_pre_req"": ""7"", ""sel_4th_pre_bid"": ""+282500"", ""sel_3th_pre_req_pre"": ""0"", ""sel_3th_pre_req"": ""388"", ""sel_3th_pre_bid"": ""+282000"", ""sel_2th_pre_req_pre"": ""0"", ""sel_2th_pre_req"": ""508"", ""sel_2th_pre_bid"": ""+281500"", ""sel_1th_pre_req_pre"": ""--1"", ""sel_fpr_req"": ""91"", ""sel_fpr_bid"": ""+281000"", ""buy_fpr_bid"": ""+280500"", ""buy_fpr_req"": ""276"", ""buy_1th_pre_req_pre"": ""0"", ""buy_2th_pre_bid"": ""+280000"", ""buy_2th_pre_req"": ""293"", ""buy_2th_pre_req_pre"": ""0"", ""buy_3th_pre_bid"": ""+279500"", ""buy_3th_pre_req"": ""21"", ""buy_3th_pre_req_pre"": ""0"", ""buy_4th_pre_bid"": ""+279000"", ""buy_4th_pre_req"": ""554"", ""buy_4th_pre_req_pre"": ""0"", ""buy_5th_pre_bid"": ""+278500"", ""buy_5th_pre_req"": ""534"", ""buy_5th_pre_req_pre"": ""0"", ""buy_6th_pre_bid"": ""+278000"", ""buy_6th_pre_req"": ""720"", ""buy_6th_pre_req_pre"": ""0"", ""buy_7th_pre_bid"": ""+277500"", ""buy_7th_pre_req"": ""180"", ""buy_7th_pre_req_pre"": ""0"", ""buy_8th_pre_bid"": ""+277000"", ""buy_8th_pre_req"": ""772"", ""buy_8th_pre_req_pre"": ""0"", ""buy_9th_pre_bid"": ""276500"", ""buy_9th_pre_req"": ""818"", ""buy_9th_pre_req_pre"": ""0"", ""buy_10th_pre_bid"": ""-276000"", ""buy_10th_pre_req"": ""391"", ""buy_10th_pre_req_pre"": ""0"", ""tot_sel_req_jub_pre"": ""--1"", ""tot_sel_req"": ""2390"", ""tot_buy_req"": ""4559"", ""tot_buy_req_jub_pre"": ""0"", ""ovt_sel_req_pre"": ""0"", ""ovt_sel_req"": ""0"", ""ovt_buy_req"": ""0"", ""ovt_buy_req_pre"": ""0"", ""return_code"": 0, ""return_msg"": ""정상적으로 처리되었습니다""}"
2026-06-10,scan_candidate,017670,,0,main_scan,107400,,107400,107300,107400,107500,-0.37243947858473,0.0931098696461825,,,,,,"{""bid_req_base_tm"": ""111140"", ""sel_10th_pre_req_pre"": ""0"", ""sel_10th_pre_req"": ""537"", ""sel_10th_pre_bid"": ""+108300"", ""sel_9th_pre_req_pre"": ""0"", ""sel_9th_pre_req"": ""710"", ""sel_9th_pre_bid"": ""+108200"", ""sel_8th_pre_req_pre"": ""0"", ""sel_8th_pre_req"": ""49"", ""sel_8th_pre_bid"": ""108100"", ""sel_7th_pre_req_pre"": ""+17"", ""sel_7th_pre_req"": ""316"", ""sel_7th_pre_bid"": ""-108000"", ""sel_6th_pre_req_pre"": ""0"", ""sel_6th_pre_req"": ""17"", ""sel_6th_pre_bid"": ""-107900"", ""sel_5th_pre_req_pre"": ""0"", ""sel_5th_pre_req"": ""101"", ""sel_5th_pre_bid"": ""-107800"", ""sel_4th_pre_req_pre"": ""0"", ""sel_4th_pre_req"": ""332"", ""sel_4th_pre_bid"": ""-107700"", ""sel_3th_pre_req_pre"": ""0"", ""sel_3th_pre_req"": ""121"", ""sel_3th_pre_bid"": ""-107600"", ""sel_2th_pre_req_pre"": ""0"", ""sel_2th_pre_req"": ""174"", ""sel_2th_pre_bid"": ""-107500"", ""sel_1th_pre_req_pre"": ""0"", ""sel_fpr_req"": ""643"", ""sel_fpr_bid"": ""-107400"", ""buy_fpr_bid"": ""-107300"", ""buy_fpr_req"": ""924"", ""buy_1th_pre_req_pre"": ""0"", ""buy_2th_pre_bid"": ""-107200"", ""buy_2th_pre_req"": ""2025"", ""buy_2th_pre_req_pre"": ""0"", ""buy_3th_pre_bid"": ""-107100"", ""buy_3th_pre_req"": ""765"", ""buy_3th_pre_req_pre"": ""0"", ""buy_4th_pre_bid"": ""-107000"", ""buy_4th_pre_req"": ""2656"", ""buy_4th_pre_req_pre"": ""0"", ""buy_5th_pre_bid"": ""-106900"", ""buy_5th_pre_req"": ""291"", ""buy_5th_pre_req_pre"": ""0"", ""buy_6th_pre_bid"": ""-106800"", ""buy_6th_pre_req"": ""502"", ""buy_6th_pre_req_pre"": ""0"", ""buy_7th_pre_bid"": ""-106700"", ""buy_7th_pre_req"": ""583"", ""buy_7th_pre_req_pre"": ""0"", ""buy_8th_pre_bid"": ""-106600"", ""buy_8th_pre_req"": ""1631"", ""buy_8th_pre_req_pre"": ""0"", ""buy_9th_pre_bid"": ""-106500"", ""buy_9th_pre_req"": ""1596"", ""buy_9th_pre_req_pre"": ""0"", ""buy_10th_pre_bid"": ""-106400"", ""buy_10th_pre_req"": ""557"", ""buy_10th_pre_req_pre"": ""0"", ""tot_sel_req_jub_pre"": ""+17"", ""tot_sel_req"": ""3000"", ""tot_buy_req"": ""11530"", ""tot_buy_req_jub_pre"": ""0"", ""ovt_sel_req_pre"": ""0"", ""ovt_sel_req"": ""0"", ""ovt_buy_req"": ""0"", ""ovt_buy_req_pre"": ""0"", ""return_code"": 0, ""return_msg"": ""정상적으로 처리되었습니다""}"
2026-06-10,scan_candidate,018260,,0,main_scan,231000,,231000,230500,231000,232500,0.4329004329004329,0.21645021645021645,,,,,,"{""bid_req_base_tm"": ""111140"", ""sel_10th_pre_req_pre"": ""0"", ""sel_10th_pre_req"": ""188"", ""sel_10th_pre_bid"": ""-235500"", ""sel_9th_pre_req_pre"": ""0"", ""sel_9th_pre_req"": ""147"", ""sel_9th_pre_bid"": ""-235000"", ""sel_8th_pre_req_pre"": ""0"", ""sel_8th_pre_req"": ""147"", ""sel_8th_pre_bid"": ""-234500"", ""sel_7th_pre_req_pre"": ""0"", ""sel_7th_pre_req"": ""226"", ""sel_7th_pre_bid"": ""-234000"", ""sel_6th_pre_req_pre"": ""0"", ""sel_6th_pre_req"": ""70"", ""sel_6th_pre_bid"": ""-233500"", ""sel_5th_pre_req_pre"": ""0"", ""sel_5th_pre_req"": ""237"", ""sel_5th_pre_bid"": ""-233000"", ""sel_4th_pre_req_pre"": ""0"", ""sel_4th_pre_req"": ""149"", ""sel_4th_pre_bid"": ""-232500"", ""sel_3th_pre_req_pre"": ""0"", ""sel_3th_pre_req"": ""90"", ""sel_3th_pre_bid"": ""-232000"", ""sel_2th_pre_req_pre"": ""0"", ""sel_2th_pre_req"": ""346"", ""sel_2th_pre_bid"": ""-231500"", ""sel_1th_pre_req_pre"": ""0"", ""sel_fpr_req"": ""1497"", ""sel_fpr_bid"": ""-231000"", ""buy_fpr_bid"": ""-230500"", ""buy_fpr_req"": ""2226"", ""buy_1th_pre_req_pre"": ""0"", ""buy_2th_pre_bid"": ""-230000"", ""buy_2th_pre_req"": ""4107"", ""buy_2th_pre_req_pre"": ""0"", ""buy_3th_pre_bid"": ""-229500"", ""buy_3th_pre_req"": ""921"", ""buy_3th_pre_req_pre"": ""0"", ""buy_4th_pre_bid"": ""-229000"", ""buy_4th_pre_req"": ""1413"", ""buy_4th_pre_req_pre"": ""0"", ""buy_5th_pre_bid"": ""-228500"", ""buy_5th_pre_req"": ""955"", ""buy_5th_pre_req_pre"": ""0"", ""buy_6th_pre_bid"": ""-228000"", ""buy_6th_pre_req"": ""2697"", ""buy_6th_pre_req_pre"": ""0"", ""buy_7th_pre_bid"": ""-227500"", ""buy_7th_pre_req"": ""1914"", ""buy_7th_pre_req_pre"": ""0"", ""buy_8th_pre_bid"": ""-227000"", ""buy_8th_pre_req"": ""3038"", ""buy_8th_pre_req_pre"": ""0"", ""buy_9th_pre_bid"": ""-226500"", ""buy_9th_pre_req"": ""387"", ""buy_9th_pre_req_pre"": ""0"", ""buy_10th_pre_bid"": ""-226000"", ""buy_10th_pre_req"": ""1438"", ""buy_10th_pre_req_pre"": ""0"", ""tot_sel_req_jub_pre"": ""0"", ""tot_sel_req"": ""3097"", ""tot_buy_req"": ""19096"", ""tot_buy_req_jub_pre"": ""0"", ""ovt_sel_req_pre"": ""0"", ""ovt_sel_req"": ""0"", ""ovt_buy_req"": ""0"", ""ovt_buy_req_pre"": ""0"", ""return_code"": 0, ""return_msg"": ""정상적으로 처리되었습니다""}"
2026-06-10,scan_candidate,033780,,0,main_scan,184100,,184100,184000,184100,183500,-0.5975013579576317,0.05431830526887561,,,,,,"{""bid_req_base_tm"": ""111141"", ""sel_10th_pre_req_pre"": ""0"", ""sel_10th_pre_req"": ""1157"", ""sel_10th_pre_bid"": ""+185000"", ""sel_9th_pre_req_pre"": ""0"", ""sel_9th_pre_req"": ""6"", ""sel_9th_pre_bid"": ""+184900"", ""sel_8th_pre_req_pre"": ""0"", ""sel_8th_pre_req"": ""78"", ""sel_8th_pre_bid"": ""+184800"", ""sel_7th_pre_req_pre"": ""0"", ""sel_7th_pre_req"": ""185"", ""sel_7th_pre_bid"": ""+184700"", ""sel_6th_pre_req_pre"": ""0"", ""sel_6th_pre_req"": ""81"", ""sel_6th_pre_bid"": ""+184600"", ""sel_5th_pre_req_pre"": ""0"", ""sel_5th_pre_req"": ""114"", ""sel_5th_pre_bid"": ""+184500"", ""sel_4th_pre_req_pre"": ""0"", ""sel_4th_pre_req"": ""92"", ""sel_4th_pre_bid"": ""+184400"", ""sel_3th_pre_req_pre"": ""0"", ""sel_3th_pre_req"": ""273"", ""sel_3th_pre_bid"": ""184300"", ""sel_2th_pre_req_pre"": ""0"", ""sel_2th_pre_req"": ""69"", ""sel_2th_pre_bid"": ""-184200"", ""sel_1th_pre_req_pre"": ""--6"", ""sel_fpr_req"": ""1034"", ""sel_fpr_bid"": ""-184100"", ""buy_fpr_bid"": ""-184000"", ""buy_fpr_req"": ""188"", ""buy_1th_pre_req_pre"": ""+17"", ""buy_2th_pre_bid"": ""-183900"", ""buy_2th_pre_req"": ""105"", ""buy_2th_pre_req_pre"": ""0"", ""buy_3th_pre_bid"": ""-183800"", ""buy_3th_pre_req"": ""1"", ""buy_3th_pre_req_pre"": ""0"", ""buy_4th_pre_bid"": ""-183700"", ""buy_4th_pre_req"": ""5"", ""buy_4th_pre_req_pre"": ""0"", ""buy_5th_pre_bid"": ""-183600"", ""buy_5th_pre_req"": ""13"", ""buy_5th_pre_req_pre"": ""0"", ""buy_6th_pre_bid"": ""-183500"", ""buy_6th_pre_req"": ""12"", ""buy_6th_pre_req_pre"": ""0"", ""buy_7th_pre_bid"": ""-183400"", ""buy_7th_pre_req"": ""15"", ""buy_7th_pre_req_pre"": ""0"", ""buy_8th_pre_bid"": ""-183300"", ""buy_8th_pre_req"": ""82"", ""buy_8th_pre_req_pre"": ""0"", ""buy_9th_pre_bid"": ""-183200"", ""buy_9th_pre_req"": ""7"", ""buy_9th_pre_req_pre"": ""0"", ""buy_10th_pre_bid"": ""-183100"", ""buy_10th_pre_req"": ""117"", ""buy_10th_pre_req_pre"": ""0"", ""tot_sel_req_jub_pre"": ""--6"", ""tot_sel_req"": ""3089"", ""tot_buy_req"": ""545"", ""tot_buy_req_jub_pre"": ""+17"", ""ovt_sel_req_pre"": ""0"", ""ovt_sel_req"": ""0"", ""ovt_buy_req"": ""0"", ""ovt_buy_req_pre"": ""0"", ""return_code"": 0, ""return_msg"": ""정상적으로 처리되었습니다""}"
2026-06-10,scan_candidate,307950,,0,main_scan,692000,,692000,690000,692000,694000,0.1445086705202312,0.2890173410404624,,,,,,"{""bid_req_base_tm"": ""111141"", ""sel_10th_pre_req_pre"": ""0"", ""sel_10th_pre_req"": ""13"", ""sel_10th_pre_bid"": ""+701000"", ""sel_9th_pre_req_pre"": ""0"", ""sel_9th_pre_req"": ""39"", ""sel_9th_pre_bid"": ""+700000"", ""sel_8th_pre_req_pre"": ""0"", ""sel_8th_pre_req"": ""25"", ""sel_8th_pre_bid"": ""+699000"", ""sel_7th_pre_req_pre"": ""0"", ""sel_7th_pre_req"": ""4"", ""sel_7th_pre_bid"": ""+698000"", ""sel_6th_pre_req_pre"": ""0"", ""sel_6th_pre_req"": ""1"", ""sel_6th_pre_bid"": ""+697000"", ""sel_5th_pre_req_pre"": ""0"", ""sel_5th_pre_req"": ""1"", ""sel_5th_pre_bid"": ""+696000"", ""sel_4th_pre_req_pre"": ""0"", ""sel_4th_pre_req"": ""38"", ""sel_4th_pre_bid"": ""+695000"", ""sel_3th_pre_req_pre"": ""0"", ""sel_3th_pre_req"": ""7"", ""sel_3th_pre_bid"": ""+694000"", ""sel_2th_pre_req_pre"": ""0"", ""sel_2th_pre_req"": ""23"", ""sel_2th_pre_bid"": ""+693000"", ""sel_1th_pre_req_pre"": ""0"", ""sel_fpr_req"": ""58"", ""sel_fpr_bid"": ""+692000"", ""buy_fpr_bid"": ""+690000"", ""buy_fpr_req"": ""6"", ""buy_1th_pre_req_pre"": ""0"", ""buy_2th_pre_bid"": ""+689000"", ""buy_2th_pre_req"": ""54"", ""buy_2th_pre_req_pre"": ""+1"", ""buy_3th_pre_bid"": ""+688000"", ""buy_3th_pre_req"": ""300"", ""buy_3th_pre_req_pre"": ""0"", ""buy_4th_pre_bid"": ""687000"", ""buy_4th_pre_req"": ""139"", ""buy_4th_pre_req_pre"": ""0"", ""buy_5th_pre_bid"": ""-686000"", ""buy_5th_pre_req"": ""114"", ""buy_5th_pre_req_pre"": ""0"", ""buy_6th_pre_bid"": ""-685000"", ""buy_6th_pre_req"": ""169"", ""buy_6th_pre_req_pre"": ""0"", ""buy_7th_pre_bid"": ""-684000"", ""buy_7th_pre_req"": ""146"", ""buy_7th_pre_req_pre"": ""0"", ""buy_8th_pre_bid"": ""-683000"", ""buy_8th_pre_req"": ""191"", ""buy_8th_pre_req_pre"": ""0"", ""buy_9th_pre_bid"": ""-682000"", ""buy_9th_pre_req"": ""75"", ""buy_9th_pre_req_pre"": ""0"", ""buy_10th_pre_bid"": ""-681000"", ""buy_10th_pre_req"": ""327"", ""buy_10th_pre_req_pre"": ""0"", ""tot_sel_req_jub_pre"": ""0"", ""tot_sel_req"": ""209"", ""tot_buy_req"": ""1521"", ""tot_buy_req_jub_pre"": ""+1"", ""ovt_sel_req_pre"": ""0"", ""ovt_sel_req"": ""0"", ""ovt_buy_req"": ""0"", ""ovt_buy_req_pre"": ""0"", ""return_code"": 0, ""return_msg"": ""정상적으로 처리되었습니다""}"
2026-06-10,scan_candidate,138040,,0,main_scan,109300,,109300,109200,109300,109000,-0.7319304666056725,0.09149130832570906,,,,,,"{""bid_req_base_tm"": ""111141"", ""sel_10th_pre_req_pre"": ""0"", ""sel_10th_pre_req"": ""1566"", ""sel_10th_pre_bid"": ""+110300"", ""sel_9th_pre_req_pre"": ""0"", ""sel_9th_pre_req"": ""521"", ""sel_9th_pre_bid"": ""+110200"", ""sel_8th_pre_req_pre"": ""0"", ""sel_8th_pre_req"": ""5084"", ""sel_8th_pre_bid"": ""+110100"", ""sel_7th_pre_req_pre"": ""0"", ""sel_7th_pre_req"": ""977"", ""sel_7th_pre_bid"": ""+110000"", ""sel_6th_pre_req_pre"": ""0"", ""sel_6th_pre_req"": ""592"", ""sel_6th_pre_bid"": ""+109900"", ""sel_5th_pre_req_pre"": ""0"", ""sel_5th_pre_req"": ""534"", ""sel_5th_pre_bid"": ""+109800"", ""sel_4th_pre_req_pre"": ""0"", ""sel_4th_pre_req"": ""301"", ""sel_4th_pre_bid"": ""+109600"", ""sel_3th_pre_req_pre"": ""0"", ""sel_3th_pre_req"": ""134"", ""sel_3th_pre_bid"": ""+109500"", ""sel_2th_pre_req_pre"": ""0"", ""sel_2th_pre_req"": ""60"", ""sel_2th_pre_bid"": ""+109400"", ""sel_1th_pre_req_pre"": ""0"", ""sel_fpr_req"": ""483"", ""sel_fpr_bid"": ""+109300"", ""buy_fpr_bid"": ""+109200"", ""buy_fpr_req"": ""682"", ""buy_1th_pre_req_pre"": ""0"", ""buy_2th_pre_bid"": ""109100"", ""buy_2th_pre_req"": ""49"", ""buy_2th_pre_req_pre"": ""0"", ""buy_3th_pre_bid"": ""-108900"", ""buy_3th_pre_req"": ""13"", ""buy_3th_pre_req_pre"": ""0"", ""buy_4th_pre_bid"": ""-108800"", ""buy_4th_pre_req"": ""20"", ""buy_4th_pre_req_pre"": ""0"", ""buy_5th_pre_bid"": ""-108700"", ""buy_5th_pre_req"": ""52"", ""buy_5th_pre_req_pre"": ""0"", ""buy_6th_pre_bid"": ""-108600"", ""buy_6th_pre_req"": ""274"", ""buy_6th_pre_req_pre"": ""0"", ""buy_7th_pre_bid"": ""-108500"", ""buy_7th_pre_req"": ""284"", ""buy_7th_pre_req_pre"": ""0"", ""buy_8th_pre_bid"": ""-108400"", ""buy_8th_pre_req"": ""23"", ""buy_8th_pre_req_pre"": ""0"", ""buy_9th_pre_bid"": ""-108300"", ""buy_9th_pre_req"": ""3"", ""buy_9th_pre_req_pre"": ""0"", ""buy_10th_pre_bid"": ""-108200"", ""buy_10th_pre_req"": ""3"", ""buy_10th_pre_req_pre"": ""0"", ""tot_sel_req_jub_pre"": ""0"", ""tot_sel_req"": ""10252"", ""tot_buy_req"": ""1403"", ""tot_buy_req_jub_pre"": ""0"", ""ovt_sel_req_pre"": ""0"", ""ovt_sel_req"": ""0"", ""ovt_buy_req"": ""0"", ""ovt_buy_req_pre"": ""0"", ""return_code"": 0, ""return_msg"": ""정상적으로 처리되었습니다""}"
2026-06-10,scan_candidate,003550,,0,main_scan,109700,,109700,109600,109700,109000,-1.0938924339106655,0.09115770282588878,,,,,,"{""bid_req_base_tm"": ""111141"", ""sel_10th_pre_req_pre"": ""0"", ""sel_10th_pre_req"": ""1"", ""sel_10th_pre_bid"": ""-110700"", ""sel_9th_pre_req_pre"": ""0"", ""sel_9th_pre_req"": ""21"", ""sel_9th_pre_bid"": ""-110500"", ""sel_8th_pre_req_pre"": ""0"", ""sel_8th_pre_req"": ""138"", ""sel_8th_pre_bid"": ""-110400"", ""sel_7th_pre_req_pre"": ""0"", ""sel_7th_pre_req"": ""5"", ""sel_7th_pre_bid"": ""-110300"", ""sel_6th_pre_req_pre"": ""0"", ""sel_6th_pre_req"": ""56"", ""sel_6th_pre_bid"": ""-110200"", ""sel_5th_pre_req_pre"": ""0"", ""sel_5th_pre_req"": ""3"", ""sel_5th_pre_bid"": ""-110100"", ""sel_4th_pre_req_pre"": ""0"", ""sel_4th_pre_req"": ""135"", ""sel_4th_pre_bid"": ""-110000"", ""sel_3th_pre_req_pre"": ""0"", ""sel_3th_pre_req"": ""169"", ""sel_3th_pre_bid"": ""-109900"", ""sel_2th_pre_req_pre"": ""0"", ""sel_2th_pre_req"": ""293"", ""sel_2th_pre_bid"": ""-109800"", ""sel_1th_pre_req_pre"": ""+1"", ""sel_fpr_req"": ""71"", ""sel_fpr_bid"": ""-109700"", ""buy_fpr_bid"": ""-109600"", ""buy_fpr_req"": ""71"", ""buy_1th_pre_req_pre"": ""0"", ""buy_2th_pre_bid"": ""-109500"", ""buy_2th_pre_req"": ""327"", ""buy_2th_pre_req_pre"": ""0"", ""buy_3th_pre_bid"": ""-109400"", ""buy_3th_pre_req"": ""40"", ""buy_3th_pre_req_pre"": ""0"", ""buy_4th_pre_bid"": ""-109300"", ""buy_4th_pre_req"": ""44"", ""buy_4th_pre_req_pre"": ""0"", ""buy_5th_pre_bid"": ""-109200"", ""buy_5th_pre_req"": ""45"", ""buy_5th_pre_req_pre"": ""0"", ""buy_6th_pre_bid"": ""-109100"", ""buy_6th_pre_req"": ""72"", ""buy_6th_pre_req_pre"": ""0"", ""buy_7th_pre_bid"": ""-109000"", ""buy_7th_pre_req"": ""39"", ""buy_7th_pre_req_pre"": ""0"", ""buy_8th_pre_bid"": ""-108900"", ""buy_8th_pre_req"": ""29"", ""buy_8th_pre_req_pre"": ""0"", ""buy_9th_pre_bid"": ""-108800"", ""buy_9th_pre_req"": ""21"", ""buy_9th_pre_req_pre"": ""0"", ""buy_10th_pre_bid"": ""-108700"", ""buy_10th_pre_req"": ""9"", ""buy_10th_pre_req_pre"": ""0"", ""tot_sel_req_jub_pre"": ""+1"", ""tot_sel_req"": ""892"", ""tot_buy_req"": ""697"", ""tot_buy_req_jub_pre"": ""0"", ""ovt_sel_req_pre"": ""0"", ""ovt_sel_req"": ""0"", ""ovt_buy_req"": ""0"", ""ovt_buy_req_pre"": ""0"", ""return_code"": 0, ""return_msg"": ""정상적으로 처리되었습니다""}"
2026-06-10,scan_candidate,024110,,0,main_scan,21150,,21150,21100,21150,20900,-1.4184397163120568,0.2364066193853428,,,,,,"{""bid_req_base_tm"": ""111140"", ""sel_10th_pre_req_pre"": ""0"", ""sel_10th_pre_req"": ""2177"", ""sel_10th_pre_bid"": ""+21600"", ""sel_9th_pre_req_pre"": ""0"", ""sel_9th_pre_req"": ""3025"", ""sel_9th_pre_bid"": ""+21550"", ""sel_8th_pre_req_pre"": ""0"", ""sel_8th_pre_req"": ""46827"", ""sel_8th_pre_bid"": ""+21500"", ""sel_7th_pre_req_pre"": ""0"", ""sel_7th_pre_req"": ""4927"", ""sel_7th_pre_bid"": ""+21450"", ""sel_6th_pre_req_pre"": ""0"", ""sel_6th_pre_req"": ""11001"", ""sel_6th_pre_bid"": ""+21400"", ""sel_5th_pre_req_pre"": ""0"", ""sel_5th_pre_req"": ""4347"", ""sel_5th_pre_bid"": ""+21350"", ""sel_4th_pre_req_pre"": ""0"", ""sel_4th_pre_req"": ""13279"", ""sel_4th_pre_bid"": ""+21300"", ""sel_3th_pre_req_pre"": ""0"", ""sel_3th_pre_req"": ""6499"", ""sel_3th_pre_bid"": ""+21250"", ""sel_2th_pre_req_pre"": ""0"", ""sel_2th_pre_req"": ""18554"", ""sel_2th_pre_bid"": ""+21200"", ""sel_1th_pre_req_pre"": ""+5"", ""sel_fpr_req"": ""21228"", ""sel_fpr_bid"": ""+21150"", ""buy_fpr_bid"": ""+21100"", ""buy_fpr_req"": ""3180"", ""buy_1th_pre_req_pre"": ""0"", ""buy_2th_pre_bid"": ""+21050"", ""buy_2th_pre_req"": ""653"", ""buy_2th_pre_req_pre"": ""0"", ""buy_3th_pre_bid"": ""+21000"", ""buy_3th_pre_req"": ""10"", ""buy_3th_pre_req_pre"": ""0"", ""buy_4th_pre_bid"": ""+20950"", ""buy_4th_pre_req"": ""939"", ""buy_4th_pre_req_pre"": ""0"", ""buy_5th_pre_bid"": ""+20900"", ""buy_5th_pre_req"": ""3011"", ""buy_5th_pre_req_pre"": ""0"", ""buy_6th_pre_bid"": ""+20850"", ""buy_6th_pre_req"": ""3138"", ""buy_6th_pre_req_pre"": ""0"", ""buy_7th_pre_bid"": ""+20800"", ""buy_7th_pre_req"": ""2315"", ""buy_7th_pre_req_pre"": ""0"", ""buy_8th_pre_bid"": ""+20750"", ""buy_8th_pre_req"": ""1220"", ""buy_8th_pre_req_pre"": ""0"", ""buy_9th_pre_bid"": ""+20700"", ""buy_9th_pre_req"": ""2231"", ""buy_9th_pre_req_pre"": ""0"", ""buy_10th_pre_bid"": ""+20650"", ""buy_10th_pre_req"": ""2044"", ""buy_10th_pre_req_pre"": ""0"", ""tot_sel_req_jub_pre"": ""+5"", ""tot_sel_req"": ""131864"", ""tot_buy_req"": ""18741"", ""tot_buy_req_jub_pre"": ""0"", ""ovt_sel_req_pre"": ""0"", ""ovt_sel_req"": ""0"", ""ovt_buy_req"": ""0"", ""ovt_buy_req_pre"": ""0"", ""return_code"": 0, ""return_msg"": ""정상적으로 처리되었습니다""}"
2026-06-10,scan_candidate,079550,,0,main_scan,772000,,772000,770000,772000,771000,-0.2590673575129534,0.2590673575129534,,,,,,"{""bid_req_base_tm"": ""111141"", ""sel_10th_pre_req_pre"": ""0"", ""sel_10th_pre_req"": ""120"", ""sel_10th_pre_bid"": ""+782000"", ""sel_9th_pre_req_pre"": ""0"", ""sel_9th_pre_req"": ""5"", ""sel_9th_pre_bid"": ""+781000"", ""sel_8th_pre_req_pre"": ""0"", ""sel_8th_pre_req"": ""73"", ""sel_8th_pre_bid"": ""+780000"", ""sel_7th_pre_req_pre"": ""0"", ""sel_7th_pre_req"": ""17"", ""sel_7th_pre_bid"": ""+779000"", ""sel_6th_pre_req_pre"": ""0"", ""sel_6th_pre_req"": ""122"", ""sel_6th_pre_bid"": ""+778000"", ""sel_5th_pre_req_pre"": ""0"", ""sel_5th_pre_req"": ""72"", ""sel_5th_pre_bid"": ""+777000"", ""sel_4th_pre_req_pre"": ""0"", ""sel_4th_pre_req"": ""126"", ""sel_4th_pre_bid"": ""+775000"", ""sel_3th_pre_req_pre"": ""0"", ""sel_3th_pre_req"": ""51"", ""sel_3th_pre_bid"": ""+774000"", ""sel_2th_pre_req_pre"": ""0"", ""sel_2th_pre_req"": ""27"", ""sel_2th_pre_bid"": ""+773000"", ""sel_1th_pre_req_pre"": ""0"", ""sel_fpr_req"": ""129"", ""sel_fpr_bid"": ""+772000"", ""buy_fpr_bid"": ""+770000"", ""buy_fpr_req"": ""93"", ""buy_1th_pre_req_pre"": ""+29"", ""buy_2th_pre_bid"": ""+769000"", ""buy_2th_pre_req"": ""38"", ""buy_2th_pre_req_pre"": ""--28"", ""buy_3th_pre_bid"": ""+768000"", ""buy_3th_pre_req"": ""223"", ""buy_3th_pre_req_pre"": ""0"", ""buy_4th_pre_bid"": ""+767000"", ""buy_4th_pre_req"": ""33"", ""buy_4th_pre_req_pre"": ""0"", ""buy_5th_pre_bid"": ""+766000"", ""buy_5th_pre_req"": ""17"", ""buy_5th_pre_req_pre"": ""0"", ""buy_6th_pre_bid"": ""+765000"", ""buy_6th_pre_req"": ""70"", ""buy_6th_pre_req_pre"": ""0"", ""buy_7th_pre_bid"": ""+764000"", ""buy_7th_pre_req"": ""31"", ""buy_7th_pre_req_pre"": ""0"", ""buy_8th_pre_bid"": ""+763000"", ""buy_8th_pre_req"": ""42"", ""buy_8th_pre_req_pre"": ""0"", ""buy_9th_pre_bid"": ""+762000"", ""buy_9th_pre_req"": ""73"", ""buy_9th_pre_req_pre"": ""0"", ""buy_10th_pre_bid"": ""+761000"", ""buy_10th_pre_req"": ""80"", ""buy_10th_pre_req_pre"": ""0"", ""tot_sel_req_jub_pre"": ""0"", ""tot_sel_req"": ""742"", ""tot_buy_req"": ""700"", ""tot_buy_req_jub_pre"": ""+1"", ""ovt_sel_req_pre"": ""0"", ""ovt_sel_req"": ""0"", ""ovt_buy_req"": ""0"", ""ovt_buy_req_pre"": ""0"", ""return_code"": 0, ""return_msg"": ""정상적으로 처리되었습니다""}"
2026-06-10,scan_candidate,278470,,0,main_scan,419500,,419500,419000,419500,418500,-0.3575685339690107,0.11918951132300357,,,,,,"{""bid_req_base_tm"": ""111142"", ""sel_10th_pre_req_pre"": ""0"", ""sel_10th_pre_req"": ""785"", ""sel_10th_pre_bid"": ""+424000"", ""sel_9th_pre_req_pre"": ""0"", ""sel_9th_pre_req"": ""221"", ""sel_9th_pre_bid"": ""+423500"", ""sel_8th_pre_req_pre"": ""0"", ""sel_8th_pre_req"": ""759"", ""sel_8th_pre_bid"": ""+423000"", ""sel_7th_pre_req_pre"": ""0"", ""sel_7th_pre_req"": ""503"", ""sel_7th_pre_bid"": ""+422500"", ""sel_6th_pre_req_pre"": ""0"", ""sel_6th_pre_req"": ""289"", ""sel_6th_pre_bid"": ""+422000"", ""sel_5th_pre_req_pre"": ""0"", ""sel_5th_pre_req"": ""43"", ""sel_5th_pre_bid"": ""+421500"", ""sel_4th_pre_req_pre"": ""0"", ""sel_4th_pre_req"": ""179"", ""sel_4th_pre_bid"": ""+421000"", ""sel_3th_pre_req_pre"": ""0"", ""sel_3th_pre_req"": ""37"", ""sel_3th_pre_bid"": ""+420500"", ""sel_2th_pre_req_pre"": ""0"", ""sel_2th_pre_req"": ""7"", ""sel_2th_pre_bid"": ""+420000"", ""sel_1th_pre_req_pre"": ""0"", ""sel_fpr_req"": ""258"", ""sel_fpr_bid"": ""+419500"", ""buy_fpr_bid"": ""+419000"", ""buy_fpr_req"": ""74"", ""buy_1th_pre_req_pre"": ""0"", ""buy_2th_pre_bid"": ""+418500"", ""buy_2th_pre_req"": ""1"", ""buy_2th_pre_req_pre"": ""0"", ""buy_3th_pre_bid"": ""+418000"", ""buy_3th_pre_req"": ""74"", ""buy_3th_pre_req_pre"": ""0"", ""buy_4th_pre_bid"": ""+417500"", ""buy_4th_pre_req"": ""34"", ""buy_4th_pre_req_pre"": ""0"", ""buy_5th_pre_bid"": ""+417000"", ""buy_5th_pre_req"": ""55"", ""buy_5th_pre_req_pre"": ""0"", ""buy_6th_pre_bid"": ""+416500"", ""buy_6th_pre_req"": ""114"", ""buy_6th_pre_req_pre"": ""0"", ""buy_7th_pre_bid"": ""+416000"", ""buy_7th_pre_req"": ""63"", ""buy_7th_pre_req_pre"": ""0"", ""buy_8th_pre_bid"": ""+415500"", ""buy_8th_pre_req"": ""137"", ""buy_8th_pre_req_pre"": ""0"", ""buy_9th_pre_bid"": ""+415000"", ""buy_9th_pre_req"": ""288"", ""buy_9th_pre_req_pre"": ""0"", ""buy_10th_pre_bid"": ""+414500"", ""buy_10th_pre_req"": ""247"", ""buy_10th_pre_req_pre"": ""0"", ""tot_sel_req_jub_pre"": ""0"", ""tot_sel_req"": ""3081"", ""tot_buy_req"": ""1087"", ""tot_buy_req_jub_pre"": ""0"", ""ovt_sel_req_pre"": ""0"", ""ovt_sel_req"": ""0"", ""ovt_buy_req"": ""0"", ""ovt_buy_req_pre"": ""0"", ""return_code"": 0, ""return_msg"": ""정상적으로 처리되었습니다""}"
2026-06-10,scan_candidate,030200,,0,main_scan,55000,,55000,54900,55000,54900,-0.36363636363636365,0.18181818181818182,,,,,,"{""bid_req_base_tm"": ""111140"", ""sel_10th_pre_req_pre"": ""0"", ""sel_10th_pre_req"": ""1780"", ""sel_10th_pre_bid"": ""+55900"", ""sel_9th_pre_req_pre"": ""0"", ""sel_9th_pre_req"": ""1798"", ""sel_9th_pre_bid"": ""+55800"", ""sel_8th_pre_req_pre"": ""0"", ""sel_8th_pre_req"": ""1048"", ""sel_8th_pre_bid"": ""+55700"", ""sel_7th_pre_req_pre"": ""0"", ""sel_7th_pre_req"": ""790"", ""sel_7th_pre_bid"": ""+55600"", ""sel_6th_pre_req_pre"": ""0"", ""sel_6th_pre_req"": ""1983"", ""sel_6th_pre_bid"": ""+55500"", ""sel_5th_pre_req_pre"": ""0"", ""sel_5th_pre_req"": ""1360"", ""sel_5th_pre_bid"": ""+55400"", ""sel_4th_pre_req_pre"": ""0"", ""sel_4th_pre_req"": ""2243"", ""sel_4th_pre_bid"": ""+55300"", ""sel_3th_pre_req_pre"": ""0"", ""sel_3th_pre_req"": ""1248"", ""sel_3th_pre_bid"": ""+55200"", ""sel_2th_pre_req_pre"": ""0"", ""sel_2th_pre_req"": ""955"", ""sel_2th_pre_bid"": ""+55100"", ""sel_1th_pre_req_pre"": ""0"", ""sel_fpr_req"": ""430"", ""sel_fpr_bid"": ""+55000"", ""buy_fpr_bid"": ""+54900"", ""buy_fpr_req"": ""288"", ""buy_1th_pre_req_pre"": ""--1"", ""buy_2th_pre_bid"": ""+54800"", ""buy_2th_pre_req"": ""999"", ""buy_2th_pre_req_pre"": ""0"", ""buy_3th_pre_bid"": ""+54700"", ""buy_3th_pre_req"": ""1427"", ""buy_3th_pre_req_pre"": ""0"", ""buy_4th_pre_bid"": ""+54600"", ""buy_4th_pre_req"": ""243"", ""buy_4th_pre_req_pre"": ""0"", ""buy_5th_pre_bid"": ""+54500"", ""buy_5th_pre_req"": ""237"", ""buy_5th_pre_req_pre"": ""0"", ""buy_6th_pre_bid"": ""+54400"", ""buy_6th_pre_req"": ""450"", ""buy_6th_pre_req_pre"": ""0"", ""buy_7th_pre_bid"": ""+54300"", ""buy_7th_pre_req"": ""916"", ""buy_7th_pre_req_pre"": ""0"", ""buy_8th_pre_bid"": ""+54200"", ""buy_8th_pre_req"": ""1874"", ""buy_8th_pre_req_pre"": ""0"", ""buy_9th_pre_bid"": ""+54100"", ""buy_9th_pre_req"": ""478"", ""buy_9th_pre_req_pre"": ""0"", ""buy_10th_pre_bid"": ""+54000"", ""buy_10th_pre_req"": ""3506"", ""buy_10th_pre_req_pre"": ""0"", ""tot_sel_req_jub_pre"": ""0"", ""tot_sel_req"": ""13635"", ""tot_buy_req"": ""10418"", ""tot_buy_req_jub_pre"": ""--1"", ""ovt_sel_req_pre"": ""0"", ""ovt_sel_req"": ""0"", ""ovt_buy_req"": ""0"", ""ovt_buy_req_pre"": ""0"", ""return_code"": 0, ""return_msg"": ""정상적으로 처리되었습니다""}"
2026-06-10,scan_candidate,010950,,0,main_scan,112400,,112400,112300,112400,112000,-0.800711743772242,0.0889679715302491,,,,,,"{""bid_req_base_tm"": ""111140"", ""sel_10th_pre_req_pre"": ""0"", ""sel_10th_pre_req"": ""19"", ""sel_10th_pre_bid"": ""+113300"", ""sel_9th_pre_req_pre"": ""0"", ""sel_9th_pre_req"": ""24"", ""sel_9th_pre_bid"": ""+113200"", ""sel_8th_pre_req_pre"": ""0"", ""sel_8th_pre_req"": ""28"", ""sel_8th_pre_bid"": ""+113100"", ""sel_7th_pre_req_pre"": ""0"", ""sel_7th_pre_req"": ""580"", ""sel_7th_pre_bid"": ""+113000"", ""sel_6th_pre_req_pre"": ""0"", ""sel_6th_pre_req"": ""133"", ""sel_6th_pre_bid"": ""+112900"", ""sel_5th_pre_req_pre"": ""0"", ""sel_5th_pre_req"": ""37"", ""sel_5th_pre_bid"": ""+112800"", ""sel_4th_pre_req_pre"": ""0"", ""sel_4th_pre_req"": ""19"", ""sel_4th_pre_bid"": ""+112700"", ""sel_3th_pre_req_pre"": ""0"", ""sel_3th_pre_req"": ""15"", ""sel_3th_pre_bid"": ""+112600"", ""sel_2th_pre_req_pre"": ""0"", ""sel_2th_pre_req"": ""400"", ""sel_2th_pre_bid"": ""+112500"", ""sel_1th_pre_req_pre"": ""+1"", ""sel_fpr_req"": ""186"", ""sel_fpr_bid"": ""+112400"", ""buy_fpr_bid"": ""+112300"", ""buy_fpr_req"": ""232"", ""buy_1th_pre_req_pre"": ""0"", ""buy_2th_pre_bid"": ""+112200"", ""buy_2th_pre_req"": ""35"", ""buy_2th_pre_req_pre"": ""0"", ""buy_3th_pre_bid"": ""+112100"", ""buy_3th_pre_req"": ""112"", ""buy_3th_pre_req_pre"": ""0"", ""buy_4th_pre_bid"": ""+112000"", ""buy_4th_pre_req"": ""109"", ""buy_4th_pre_req_pre"": ""0"", ""buy_5th_pre_bid"": ""+111900"", ""buy_5th_pre_req"": ""315"", ""buy_5th_pre_req_pre"": ""0"", ""buy_6th_pre_bid"": ""+111800"", ""buy_6th_pre_req"": ""1"", ""buy_6th_pre_req_pre"": ""0"", ""buy_7th_pre_bid"": ""+111700"", ""buy_7th_pre_req"": ""150"", ""buy_7th_pre_req_pre"": ""0"", ""buy_8th_pre_bid"": ""+111600"", ""buy_8th_pre_req"": ""300"", ""buy_8th_pre_req_pre"": ""0"", ""buy_9th_pre_bid"": ""+111400"", ""buy_9th_pre_req"": ""4"", ""buy_9th_pre_req_pre"": ""0"", ""buy_10th_pre_bid"": ""+111300"", ""buy_10th_pre_req"": ""22"", ""buy_10th_pre_req_pre"": ""0"", ""tot_sel_req_jub_pre"": ""+1"", ""tot_sel_req"": ""1441"", ""tot_buy_req"": ""1280"", ""tot_buy_req_jub_pre"": ""0"", ""ovt_sel_req_pre"": ""0"", ""ovt_sel_req"": ""0"", ""ovt_buy_req"": ""0"", ""ovt_buy_req_pre"": ""0"", ""return_code"": 0, ""return_msg"": ""정상적으로 처리되었습니다""}"
2026-06-10,scan_candidate,323410,,0,main_scan,24550,,24550,24500,24550,24400,-0.8146639511201629,0.20366598778004072,,,,,,"{""bid_req_base_tm"": ""111142"", ""sel_10th_pre_req_pre"": ""0"", ""sel_10th_pre_req"": ""14572"", ""sel_10th_pre_bid"": ""+25000"", ""sel_9th_pre_req_pre"": ""0"", ""sel_9th_pre_req"": ""11259"", ""sel_9th_pre_bid"": ""+24950"", ""sel_8th_pre_req_pre"": ""0"", ""sel_8th_pre_req"": ""6350"", ""sel_8th_pre_bid"": ""+24900"", ""sel_7th_pre_req_pre"": ""0"", ""sel_7th_pre_req"": ""8245"", ""sel_7th_pre_bid"": ""+24850"", ""sel_6th_pre_req_pre"": ""0"", ""sel_6th_pre_req"": ""14168"", ""sel_6th_pre_bid"": ""+24800"", ""sel_5th_pre_req_pre"": ""0"", ""sel_5th_pre_req"": ""11842"", ""sel_5th_pre_bid"": ""+24750"", ""sel_4th_pre_req_pre"": ""0"", ""sel_4th_pre_req"": ""7246"", ""sel_4th_pre_bid"": ""+24700"", ""sel_3th_pre_req_pre"": ""0"", ""sel_3th_pre_req"": ""2969"", ""sel_3th_pre_bid"": ""+24650"", ""sel_2th_pre_req_pre"": ""0"", ""sel_2th_pre_req"": ""4511"", ""sel_2th_pre_bid"": ""+24600"", ""sel_1th_pre_req_pre"": ""--1"", ""sel_fpr_req"": ""5189"", ""sel_fpr_bid"": ""+24550"", ""buy_fpr_bid"": ""+24500"", ""buy_fpr_req"": ""5458"", ""buy_1th_pre_req_pre"": ""0"", ""buy_2th_pre_bid"": ""+24450"", ""buy_2th_pre_req"": ""3842"", ""buy_2th_pre_req_pre"": ""0"", ""buy_3th_pre_bid"": ""24400"", ""buy_3th_pre_req"": ""6379"", ""buy_3th_pre_req_pre"": ""0"", ""buy_4th_pre_bid"": ""-24350"", ""buy_4th_pre_req"": ""2147"", ""buy_4th_pre_req_pre"": ""0"", ""buy_5th_pre_bid"": ""-24300"", ""buy_5th_pre_req"": ""1119"", ""buy_5th_pre_req_pre"": ""0"", ""buy_6th_pre_bid"": ""-24250"", ""buy_6th_pre_req"": ""1664"", ""buy_6th_pre_req_pre"": ""0"", ""buy_7th_pre_bid"": ""-24200"", ""buy_7th_pre_req"": ""898"", ""buy_7th_pre_req_pre"": ""0"", ""buy_8th_pre_bid"": ""-24150"", ""buy_8th_pre_req"": ""1288"", ""buy_8th_pre_req_pre"": ""0"", ""buy_9th_pre_bid"": ""-24100"", ""buy_9th_pre_req"": ""1094"", ""buy_9th_pre_req_pre"": ""0"", ""buy_10th_pre_bid"": ""-24050"", ""buy_10th_pre_req"": ""1535"", ""buy_10th_pre_req_pre"": ""0"", ""tot_sel_req_jub_pre"": ""--1"", ""tot_sel_req"": ""86351"", ""tot_buy_req"": ""25424"", ""tot_buy_req_jub_pre"": ""0"", ""ovt_sel_req_pre"": ""0"", ""ovt_sel_req"": ""0"", ""ovt_buy_req"": ""0"", ""ovt_buy_req_pre"": ""0"", ""return_code"": 0, ""return_msg"": ""정상적으로 처리되었습니다""}"
2026-06-10,scan_candidate,005940,,0,main_scan,30750,,30750,30700,30750,30950,0.4878048780487805,0.16260162601626016,,,,,,"{""bid_req_base_tm"": ""111139"", ""sel_10th_pre_req_pre"": ""0"", ""sel_10th_pre_req"": ""409"", ""sel_10th_pre_bid"": ""-31200"", ""sel_9th_pre_req_pre"": ""0"", ""sel_9th_pre_req"": ""15"", ""sel_9th_pre_bid"": ""-31150"", ""sel_8th_pre_req_pre"": ""0"", ""sel_8th_pre_req"": ""50"", ""sel_8th_pre_bid"": ""-31100"", ""sel_7th_pre_req_pre"": ""0"", ""sel_7th_pre_req"": ""110"", ""sel_7th_pre_bid"": ""-31050"", ""sel_6th_pre_req_pre"": ""0"", ""sel_6th_pre_req"": ""1"", ""sel_6th_pre_bid"": ""-31000"", ""sel_5th_pre_req_pre"": ""0"", ""sel_5th_pre_req"": ""212"", ""sel_5th_pre_bid"": ""-30950"", ""sel_4th_pre_req_pre"": ""0"", ""sel_4th_pre_req"": ""482"", ""sel_4th_pre_bid"": ""-30900"", ""sel_3th_pre_req_pre"": ""0"", ""sel_3th_pre_req"": ""526"", ""sel_3th_pre_bid"": ""-30850"", ""sel_2th_pre_req_pre"": ""0"", ""sel_2th_pre_req"": ""279"", ""sel_2th_pre_bid"": ""-30800"", ""sel_1th_pre_req_pre"": ""0"", ""sel_fpr_req"": ""28"", ""sel_fpr_bid"": ""-30750"", ""buy_fpr_bid"": ""-30700"", ""buy_fpr_req"": ""4657"", ""buy_1th_pre_req_pre"": ""+50"", ""buy_2th_pre_bid"": ""-30650"", ""buy_2th_pre_req"": ""625"", ""buy_2th_pre_req_pre"": ""0"", ""buy_3th_pre_bid"": ""-30600"", ""buy_3th_pre_req"": ""370"", ""buy_3th_pre_req_pre"": ""0"", ""buy_4th_pre_bid"": ""-30550"", ""buy_4th_pre_req"": ""399"", ""buy_4th_pre_req_pre"": ""0"", ""buy_5th_pre_bid"": ""-30500"", ""buy_5th_pre_req"": ""2224"", ""buy_5th_pre_req_pre"": ""0"", ""buy_6th_pre_bid"": ""-30450"", ""buy_6th_pre_req"": ""1426"", ""buy_6th_pre_req_pre"": ""0"", ""buy_7th_pre_bid"": ""-30400"", ""buy_7th_pre_req"": ""631"", ""buy_7th_pre_req_pre"": ""0"", ""buy_8th_pre_bid"": ""-30350"", ""buy_8th_pre_req"": ""829"", ""buy_8th_pre_req_pre"": ""0"", ""buy_9th_pre_bid"": ""-30300"", ""buy_9th_pre_req"": ""3017"", ""buy_9th_pre_req_pre"": ""0"", ""buy_10th_pre_bid"": ""-30250"", ""buy_10th_pre_req"": ""223"", ""buy_10th_pre_req_pre"": ""0"", ""tot_sel_req_jub_pre"": ""0"", ""tot_sel_req"": ""2112"", ""tot_buy_req"": ""14401"", ""tot_buy_req_jub_pre"": ""+50"", ""ovt_sel_req_pre"": ""0"", ""ovt_sel_req"": ""0"", ""ovt_buy_req"": ""0"", ""ovt_buy_req_pre"": ""0"", ""return_code"": 0, ""return_msg"": ""정상적으로 처리되었습니다""}"
2026-06-10,scan_candidate,064400,,0,main_scan,95300,,95300,95200,95300,95500,0.1049317943336831,0.1049317943336831,,,,,,"{""bid_req_base_tm"": ""111143"", ""sel_10th_pre_req_pre"": ""0"", ""sel_10th_pre_req"": ""278"", ""sel_10th_pre_bid"": ""-96200"", ""sel_9th_pre_req_pre"": ""0"", ""sel_9th_pre_req"": ""581"", ""sel_9th_pre_bid"": ""-96100"", ""sel_8th_pre_req_pre"": ""0"", ""sel_8th_pre_req"": ""929"", ""sel_8th_pre_bid"": ""-96000"", ""sel_7th_pre_req_pre"": ""0"", ""sel_7th_pre_req"": ""561"", ""sel_7th_pre_bid"": ""-95900"", ""sel_6th_pre_req_pre"": ""0"", ""sel_6th_pre_req"": ""771"", ""sel_6th_pre_bid"": ""-95800"", ""sel_5th_pre_req_pre"": ""0"", ""sel_5th_pre_req"": ""205"", ""sel_5th_pre_bid"": ""-95700"", ""sel_4th_pre_req_pre"": ""0"", ""sel_4th_pre_req"": ""221"", ""sel_4th_pre_bid"": ""-95600"", ""sel_3th_pre_req_pre"": ""0"", ""sel_3th_pre_req"": ""143"", ""sel_3th_pre_bid"": ""-95500"", ""sel_2th_pre_req_pre"": ""0"", ""sel_2th_pre_req"": ""10"", ""sel_2th_pre_bid"": ""-95400"", ""sel_1th_pre_req_pre"": ""0"", ""sel_fpr_req"": ""44"", ""sel_fpr_bid"": ""-95300"", ""buy_fpr_bid"": ""-95200"", ""buy_fpr_req"": ""5"", ""buy_1th_pre_req_pre"": ""0"", ""buy_2th_pre_bid"": ""-95100"", ""buy_2th_pre_req"": ""264"", ""buy_2th_pre_req_pre"": ""+1"", ""buy_3th_pre_bid"": ""-95000"", ""buy_3th_pre_req"": ""1682"", ""buy_3th_pre_req_pre"": ""0"", ""buy_4th_pre_bid"": ""-94900"", ""buy_4th_pre_req"": ""738"", ""buy_4th_pre_req_pre"": ""0"", ""buy_5th_pre_bid"": ""-94800"", ""buy_5th_pre_req"": ""1535"", ""buy_5th_pre_req_pre"": ""0"", ""buy_6th_pre_bid"": ""-94700"", ""buy_6th_pre_req"": ""743"", ""buy_6th_pre_req_pre"": ""0"", ""buy_7th_pre_bid"": ""-94600"", ""buy_7th_pre_req"": ""1096"", ""buy_7th_pre_req_pre"": ""0"", ""buy_8th_pre_bid"": ""-94500"", ""buy_8th_pre_req"": ""1570"", ""buy_8th_pre_req_pre"": ""0"", ""buy_9th_pre_bid"": ""-94400"", ""buy_9th_pre_req"": ""625"", ""buy_9th_pre_req_pre"": ""0"", ""buy_10th_pre_bid"": ""-94300"", ""buy_10th_pre_req"": ""872"", ""buy_10th_pre_req_pre"": ""0"", ""tot_sel_req_jub_pre"": ""0"", ""tot_sel_req"": ""3743"", ""tot_buy_req"": ""9130"", ""tot_buy_req_jub_pre"": ""+1"", ""ovt_sel_req_pre"": ""0"", ""ovt_sel_req"": ""0"", ""ovt_buy_req"": ""0"", ""ovt_buy_req_pre"": ""0"", ""return_code"": 0, ""return_msg"": ""정상적으로 처리되었습니다""}"
2026-06-10,scan_candidate,003490,,0,main_scan,25600,,25600,25550,25600,25450,-0.78125,0.1953125,,,,,,"{""bid_req_base_tm"": ""111142"", ""sel_10th_pre_req_pre"": ""0"", ""sel_10th_pre_req"": ""7270"", ""sel_10th_pre_bid"": ""+26050"", ""sel_9th_pre_req_pre"": ""0"", ""sel_9th_pre_req"": ""45469"", ""sel_9th_pre_bid"": ""+26000"", ""sel_8th_pre_req_pre"": ""0"", ""sel_8th_pre_req"": ""15441"", ""sel_8th_pre_bid"": ""+25950"", ""sel_7th_pre_req_pre"": ""0"", ""sel_7th_pre_req"": ""16896"", ""sel_7th_pre_bid"": ""+25900"", ""sel_6th_pre_req_pre"": ""0"", ""sel_6th_pre_req"": ""17015"", ""sel_6th_pre_bid"": ""+25850"", ""sel_5th_pre_req_pre"": ""0"", ""sel_5th_pre_req"": ""50009"", ""sel_5th_pre_bid"": ""+25800"", ""sel_4th_pre_req_pre"": ""0"", ""sel_4th_pre_req"": ""10746"", ""sel_4th_pre_bid"": ""+25750"", ""sel_3th_pre_req_pre"": ""0"", ""sel_3th_pre_req"": ""4594"", ""sel_3th_pre_bid"": ""+25700"", ""sel_2th_pre_req_pre"": ""0"", ""sel_2th_pre_req"": ""5485"", ""sel_2th_pre_bid"": ""+25650"", ""sel_1th_pre_req_pre"": ""--10"", ""sel_fpr_req"": ""498"", ""sel_fpr_bid"": ""+25600"", ""buy_fpr_bid"": ""+25550"", ""buy_fpr_req"": ""1829"", ""buy_1th_pre_req_pre"": ""0"", ""buy_2th_pre_bid"": ""+25500"", ""buy_2th_pre_req"": ""7167"", ""buy_2th_pre_req_pre"": ""0"", ""buy_3th_pre_bid"": ""+25450"", ""buy_3th_pre_req"": ""4598"", ""buy_3th_pre_req_pre"": ""0"", ""buy_4th_pre_bid"": ""+25400"", ""buy_4th_pre_req"": ""2652"", ""buy_4th_pre_req_pre"": ""0"", ""buy_5th_pre_bid"": ""+25350"", ""buy_5th_pre_req"": ""2440"", ""buy_5th_pre_req_pre"": ""0"", ""buy_6th_pre_bid"": ""+25300"", ""buy_6th_pre_req"": ""3763"", ""buy_6th_pre_req_pre"": ""0"", ""buy_7th_pre_bid"": ""+25250"", ""buy_7th_pre_req"": ""2860"", ""buy_7th_pre_req_pre"": ""0"", ""buy_8th_pre_bid"": ""+25200"", ""buy_8th_pre_req"": ""7289"", ""buy_8th_pre_req_pre"": ""0"", ""buy_9th_pre_bid"": ""+25150"", ""buy_9th_pre_req"": ""1964"", ""buy_9th_pre_req_pre"": ""0"", ""buy_10th_pre_bid"": ""+25100"", ""buy_10th_pre_req"": ""3058"", ""buy_10th_pre_req_pre"": ""0"", ""tot_sel_req_jub_pre"": ""--10"", ""tot_sel_req"": ""173423"", ""tot_buy_req"": ""37620"", ""tot_buy_req_jub_pre"": ""0"", ""ovt_sel_req_pre"": ""0"", ""ovt_sel_req"": ""0"", ""ovt_buy_req"": ""0"", ""ovt_buy_req_pre"": ""0"", ""return_code"": 0, ""return_msg"": ""정상적으로 처리되었습니다""}"
2026-06-10,scan_candidate,161390,,0,main_scan,71200,,71200,71100,71200,71400,0.1404494382022472,0.1404494382022472,,,,,,"{""bid_req_base_tm"": ""111142"", ""sel_10th_pre_req_pre"": ""0"", ""sel_10th_pre_req"": ""30"", ""sel_10th_pre_bid"": ""-72100"", ""sel_9th_pre_req_pre"": ""0"", ""sel_9th_pre_req"": ""153"", ""sel_9th_pre_bid"": ""-72000"", ""sel_8th_pre_req_pre"": ""0"", ""sel_8th_pre_req"": ""325"", ""sel_8th_pre_bid"": ""-71900"", ""sel_7th_pre_req_pre"": ""0"", ""sel_7th_pre_req"": ""130"", ""sel_7th_pre_bid"": ""-71800"", ""sel_6th_pre_req_pre"": ""0"", ""sel_6th_pre_req"": ""11"", ""sel_6th_pre_bid"": ""-71700"", ""sel_5th_pre_req_pre"": ""0"", ""sel_5th_pre_req"": ""17"", ""sel_5th_pre_bid"": ""-71600"", ""sel_4th_pre_req_pre"": ""0"", ""sel_4th_pre_req"": ""72"", ""sel_4th_pre_bid"": ""-71500"", ""sel_3th_pre_req_pre"": ""0"", ""sel_3th_pre_req"": ""66"", ""sel_3th_pre_bid"": ""-71400"", ""sel_2th_pre_req_pre"": ""+16"", ""sel_2th_pre_req"": ""388"", ""sel_2th_pre_bid"": ""-71300"", ""sel_1th_pre_req_pre"": ""0"", ""sel_fpr_req"": ""7"", ""sel_fpr_bid"": ""-71200"", ""buy_fpr_bid"": ""-71100"", ""buy_fpr_req"": ""245"", ""buy_1th_pre_req_pre"": ""0"", ""buy_2th_pre_bid"": ""-71000"", ""buy_2th_pre_req"": ""193"", ""buy_2th_pre_req_pre"": ""0"", ""buy_3th_pre_bid"": ""-70900"", ""buy_3th_pre_req"": ""351"", ""buy_3th_pre_req_pre"": ""0"", ""buy_4th_pre_bid"": ""-70800"", ""buy_4th_pre_req"": ""835"", ""buy_4th_pre_req_pre"": ""0"", ""buy_5th_pre_bid"": ""-70700"", ""buy_5th_pre_req"": ""2"", ""buy_5th_pre_req_pre"": ""0"", ""buy_6th_pre_bid"": ""-70600"", ""buy_6th_pre_req"": ""4"", ""buy_6th_pre_req_pre"": ""0"", ""buy_7th_pre_bid"": ""-70500"", ""buy_7th_pre_req"": ""16"", ""buy_7th_pre_req_pre"": ""0"", ""buy_8th_pre_bid"": ""-70400"", ""buy_8th_pre_req"": ""286"", ""buy_8th_pre_req_pre"": ""0"", ""buy_9th_pre_bid"": ""-70300"", ""buy_9th_pre_req"": ""253"", ""buy_9th_pre_req_pre"": ""0"", ""buy_10th_pre_bid"": ""-70200"", ""buy_10th_pre_req"": ""230"", ""buy_10th_pre_req_pre"": ""0"", ""tot_sel_req_jub_pre"": ""+16"", ""tot_sel_req"": ""1199"", ""tot_buy_req"": ""2415"", ""tot_buy_req_jub_pre"": ""0"", ""ovt_sel_req_pre"": ""0"", ""ovt_sel_req"": ""0"", ""ovt_buy_req"": ""0"", ""ovt_buy_req_pre"": ""0"", ""return_code"": 0, ""return_msg"": ""정상적으로 처리되었습니다""}"
2026-06-10,scan_candidate,180640,,0,main_scan,118500,,118500,118400,118500,118500,-0.42194092827004215,0.08438818565400844,,,,,,"{""bid_req_base_tm"": ""111138"", ""sel_10th_pre_req_pre"": ""0"", ""sel_10th_pre_req"": ""142"", ""sel_10th_pre_bid"": ""+119800"", ""sel_9th_pre_req_pre"": ""0"", ""sel_9th_pre_req"": ""40"", ""sel_9th_pre_bid"": ""+119700"", ""sel_8th_pre_req_pre"": ""0"", ""sel_8th_pre_req"": ""12"", ""sel_8th_pre_bid"": ""+119600"", ""sel_7th_pre_req_pre"": ""0"", ""sel_7th_pre_req"": ""2"", ""sel_7th_pre_bid"": ""+119500"", ""sel_6th_pre_req_pre"": ""0"", ""sel_6th_pre_req"": ""13"", ""sel_6th_pre_bid"": ""+119400"", ""sel_5th_pre_req_pre"": ""0"", ""sel_5th_pre_req"": ""5"", ""sel_5th_pre_bid"": ""+119000"", ""sel_4th_pre_req_pre"": ""0"", ""sel_4th_pre_req"": ""2"", ""sel_4th_pre_bid"": ""+118900"", ""sel_3th_pre_req_pre"": ""0"", ""sel_3th_pre_req"": ""76"", ""sel_3th_pre_bid"": ""+118700"", ""sel_2th_pre_req_pre"": ""0"", ""sel_2th_pre_req"": ""21"", ""sel_2th_pre_bid"": ""+118600"", ""sel_1th_pre_req_pre"": ""0"", ""sel_fpr_req"": ""11"", ""sel_fpr_bid"": ""+118500"", ""buy_fpr_bid"": ""+118400"", ""buy_fpr_req"": ""39"", ""buy_1th_pre_req_pre"": ""+12"", ""buy_2th_pre_bid"": ""+118300"", ""buy_2th_pre_req"": ""14"", ""buy_2th_pre_req_pre"": ""--9"", ""buy_3th_pre_bid"": ""+118200"", ""buy_3th_pre_req"": ""29"", ""buy_3th_pre_req_pre"": ""0"", ""buy_4th_pre_bid"": ""+118100"", ""buy_4th_pre_req"": ""6"", ""buy_4th_pre_req_pre"": ""0"", ""buy_5th_pre_bid"": ""+118000"", ""buy_5th_pre_req"": ""112"", ""buy_5th_pre_req_pre"": ""0"", ""buy_6th_pre_bid"": ""+117900"", ""buy_6th_pre_req"": ""53"", ""buy_6th_pre_req_pre"": ""0"", ""buy_7th_pre_bid"": ""+117600"", ""buy_7th_pre_req"": ""2"", ""buy_7th_pre_req_pre"": ""0"", ""buy_8th_pre_bid"": ""+117400"", ""buy_8th_pre_req"": ""80"", ""buy_8th_pre_req_pre"": ""0"", ""buy_9th_pre_bid"": ""+117300"", ""buy_9th_pre_req"": ""1"", ""buy_9th_pre_req_pre"": ""0"", ""buy_10th_pre_bid"": ""+117200"", ""buy_10th_pre_req"": ""5"", ""buy_10th_pre_req_pre"": ""0"", ""tot_sel_req_jub_pre"": ""0"", ""tot_sel_req"": ""324"", ""tot_buy_req"": ""341"", ""tot_buy_req_jub_pre"": ""+3"", ""ovt_sel_req_pre"": ""0"", ""ovt_sel_req"": ""0"", ""ovt_buy_req"": ""0"", ""ovt_buy_req_pre"": ""0"", ""return_code"": 0, ""return_msg"": ""정상적으로 처리되었습니다""}"
2026-06-10,scan_candidate,454910,,0,main_scan,109400,,109400,109300,109400,109500,-0.3656307129798903,0.09140767824497258,,,,,,"{""bid_req_base_tm"": ""111143"", ""sel_10th_pre_req_pre"": ""0"", ""sel_10th_pre_req"": ""96"", ""sel_10th_pre_bid"": ""-110300"", ""sel_9th_pre_req_pre"": ""0"", ""sel_9th_pre_req"": ""58"", ""sel_9th_pre_bid"": ""-110200"", ""sel_8th_pre_req_pre"": ""0"", ""sel_8th_pre_req"": ""43"", ""sel_8th_pre_bid"": ""-110100"", ""sel_7th_pre_req_pre"": ""0"", ""sel_7th_pre_req"": ""609"", ""sel_7th_pre_bid"": ""-110000"", ""sel_6th_pre_req_pre"": ""0"", ""sel_6th_pre_req"": ""322"", ""sel_6th_pre_bid"": ""-109900"", ""sel_5th_pre_req_pre"": ""0"", ""sel_5th_pre_req"": ""96"", ""sel_5th_pre_bid"": ""-109800"", ""sel_4th_pre_req_pre"": ""0"", ""sel_4th_pre_req"": ""44"", ""sel_4th_pre_bid"": ""-109700"", ""sel_3th_pre_req_pre"": ""0"", ""sel_3th_pre_req"": ""116"", ""sel_3th_pre_bid"": ""-109600"", ""sel_2th_pre_req_pre"": ""0"", ""sel_2th_pre_req"": ""358"", ""sel_2th_pre_bid"": ""-109500"", ""sel_1th_pre_req_pre"": ""+2"", ""sel_fpr_req"": ""482"", ""sel_fpr_bid"": ""-109400"", ""buy_fpr_bid"": ""-109300"", ""buy_fpr_req"": ""3999"", ""buy_1th_pre_req_pre"": ""0"", ""buy_2th_pre_bid"": ""-109200"", ""buy_2th_pre_req"": ""4036"", ""buy_2th_pre_req_pre"": ""0"", ""buy_3th_pre_bid"": ""-109100"", ""buy_3th_pre_req"": ""3552"", ""buy_3th_pre_req_pre"": ""0"", ""buy_4th_pre_bid"": ""-109000"", ""buy_4th_pre_req"": ""6222"", ""buy_4th_pre_req_pre"": ""0"", ""buy_5th_pre_bid"": ""-108900"", ""buy_5th_pre_req"": ""1459"", ""buy_5th_pre_req_pre"": ""0"", ""buy_6th_pre_bid"": ""-108800"", ""buy_6th_pre_req"": ""752"", ""buy_6th_pre_req_pre"": ""0"", ""buy_7th_pre_bid"": ""-108700"", ""buy_7th_pre_req"": ""848"", ""buy_7th_pre_req_pre"": ""0"", ""buy_8th_pre_bid"": ""-108600"", ""buy_8th_pre_req"": ""452"", ""buy_8th_pre_req_pre"": ""0"", ""buy_9th_pre_bid"": ""-108500"", ""buy_9th_pre_req"": ""2059"", ""buy_9th_pre_req_pre"": ""0"", ""buy_10th_pre_bid"": ""-108400"", ""buy_10th_pre_req"": ""336"", ""buy_10th_pre_req_pre"": ""0"", ""tot_sel_req_jub_pre"": ""+2"", ""tot_sel_req"": ""2224"", ""tot_buy_req"": ""23715"", ""tot_buy_req_jub_pre"": ""0"", ""ovt_sel_req_pre"": ""0"", ""ovt_sel_req"": ""0"", ""ovt_buy_req"": ""0"", ""ovt_buy_req_pre"": ""0"", ""return_code"": 0, ""return_msg"": ""정상적으로 처리되었습니다""}"
2026-06-10,scan_candidate,353200,,0,main_scan,156200,,156200,156100,156200,156000,-0.44814340588988477,0.06402048655569782,,,,,,"{""bid_req_base_tm"": ""111143"", ""sel_10th_pre_req_pre"": ""0"", ""sel_10th_pre_req"": ""52"", ""sel_10th_pre_bid"": ""+157400"", ""sel_9th_pre_req_pre"": ""0"", ""sel_9th_pre_req"": ""23"", ""sel_9th_pre_bid"": ""+157200"", ""sel_8th_pre_req_pre"": ""0"", ""sel_8th_pre_req"": ""337"", ""sel_8th_pre_bid"": ""+157000"", ""sel_7th_pre_req_pre"": ""0"", ""sel_7th_pre_req"": ""101"", ""sel_7th_pre_bid"": ""+156900"", ""sel_6th_pre_req_pre"": ""0"", ""sel_6th_pre_req"": ""384"", ""sel_6th_pre_bid"": ""+156800"", ""sel_5th_pre_req_pre"": ""0"", ""sel_5th_pre_req"": ""88"", ""sel_5th_pre_bid"": ""+156700"", ""sel_4th_pre_req_pre"": ""0"", ""sel_4th_pre_req"": ""211"", ""sel_4th_pre_bid"": ""+156600"", ""sel_3th_pre_req_pre"": ""0"", ""sel_3th_pre_req"": ""39"", ""sel_3th_pre_bid"": ""+156500"", ""sel_2th_pre_req_pre"": ""0"", ""sel_2th_pre_req"": ""29"", ""sel_2th_pre_bid"": ""+156300"", ""sel_1th_pre_req_pre"": ""0"", ""sel_fpr_req"": ""197"", ""sel_fpr_bid"": ""+156200"", ""buy_fpr_bid"": ""+156100"", ""buy_fpr_req"": ""155"", ""buy_1th_pre_req_pre"": ""+5"", ""buy_2th_pre_bid"": ""+156000"", ""buy_2th_pre_req"": ""34"", ""buy_2th_pre_req_pre"": ""0"", ""buy_3th_pre_bid"": ""+155900"", ""buy_3th_pre_req"": ""44"", ""buy_3th_pre_req_pre"": ""0"", ""buy_4th_pre_bid"": ""+155800"", ""buy_4th_pre_req"": ""10"", ""buy_4th_pre_req_pre"": ""0"", ""buy_5th_pre_bid"": ""+155700"", ""buy_5th_pre_req"": ""142"", ""buy_5th_pre_req_pre"": ""0"", ""buy_6th_pre_bid"": ""+155600"", ""buy_6th_pre_req"": ""283"", ""buy_6th_pre_req_pre"": ""0"", ""buy_7th_pre_bid"": ""+155500"", ""buy_7th_pre_req"": ""295"", ""buy_7th_pre_req_pre"": ""0"", ""buy_8th_pre_bid"": ""+155400"", ""buy_8th_pre_req"": ""31"", ""buy_8th_pre_req_pre"": ""0"", ""buy_9th_pre_bid"": ""+155300"", ""buy_9th_pre_req"": ""89"", ""buy_9th_pre_req_pre"": ""0"", ""buy_10th_pre_bid"": ""+155200"", ""buy_10th_pre_req"": ""109"", ""buy_10th_pre_req_pre"": ""0"", ""tot_sel_req_jub_pre"": ""0"", ""tot_sel_req"": ""1461"", ""tot_buy_req"": ""1192"", ""tot_buy_req_jub_pre"": ""+5"", ""ovt_sel_req_pre"": ""0"", ""ovt_sel_req"": ""0"", ""ovt_buy_req"": ""0"", ""ovt_buy_req_pre"": ""0"", ""return_code"": 0, ""return_msg"": ""정상적으로 처리되었습니다""}"
2026-06-10,scan_candidate,034220,,0,main_scan,13130,,13130,13120,13130,13150,-0.2284843869002285,0.07616146230007616,,,,,,"{""bid_req_base_tm"": ""111144"", ""sel_10th_pre_req_pre"": ""0"", ""sel_10th_pre_req"": ""40"", ""sel_10th_pre_bid"": ""-13220"", ""sel_9th_pre_req_pre"": ""0"", ""sel_9th_pre_req"": ""265"", ""sel_9th_pre_bid"": ""-13210"", ""sel_8th_pre_req_pre"": ""0"", ""sel_8th_pre_req"": ""1083"", ""sel_8th_pre_bid"": ""-13200"", ""sel_7th_pre_req_pre"": ""0"", ""sel_7th_pre_req"": ""19"", ""sel_7th_pre_bid"": ""-13190"", ""sel_6th_pre_req_pre"": ""0"", ""sel_6th_pre_req"": ""335"", ""sel_6th_pre_bid"": ""-13180"", ""sel_5th_pre_req_pre"": ""0"", ""sel_5th_pre_req"": ""50"", ""sel_5th_pre_bid"": ""-13170"", ""sel_4th_pre_req_pre"": ""0"", ""sel_4th_pre_req"": ""2337"", ""sel_4th_pre_bid"": ""-13160"", ""sel_3th_pre_req_pre"": ""0"", ""sel_3th_pre_req"": ""781"", ""sel_3th_pre_bid"": ""-13150"", ""sel_2th_pre_req_pre"": ""0"", ""sel_2th_pre_req"": ""2223"", ""sel_2th_pre_bid"": ""-13140"", ""sel_1th_pre_req_pre"": ""--1"", ""sel_fpr_req"": ""124"", ""sel_fpr_bid"": ""-13130"", ""buy_fpr_bid"": ""-13120"", ""buy_fpr_req"": ""97"", ""buy_1th_pre_req_pre"": ""0"", ""buy_2th_pre_bid"": ""-13100"", ""buy_2th_pre_req"": ""8952"", ""buy_2th_pre_req_pre"": ""0"", ""buy_3th_pre_bid"": ""-13090"", ""buy_3th_pre_req"": ""5429"", ""buy_3th_pre_req_pre"": ""0"", ""buy_4th_pre_bid"": ""-13080"", ""buy_4th_pre_req"": ""7758"", ""buy_4th_pre_req_pre"": ""0"", ""buy_5th_pre_bid"": ""-13070"", ""buy_5th_pre_req"": ""2980"", ""buy_5th_pre_req_pre"": ""0"", ""buy_6th_pre_bid"": ""-13060"", ""buy_6th_pre_req"": ""8579"", ""buy_6th_pre_req_pre"": ""0"", ""buy_7th_pre_bid"": ""-13050"", ""buy_7th_pre_req"": ""22066"", ""buy_7th_pre_req_pre"": ""0"", ""buy_8th_pre_bid"": ""-13040"", ""buy_8th_pre_req"": ""4824"", ""buy_8th_pre_req_pre"": ""0"", ""buy_9th_pre_bid"": ""-13030"", ""buy_9th_pre_req"": ""6809"", ""buy_9th_pre_req_pre"": ""0"", ""buy_10th_pre_bid"": ""-13020"", ""buy_10th_pre_req"": ""23618"", ""buy_10th_pre_req_pre"": ""0"", ""tot_sel_req_jub_pre"": ""--1"", ""tot_sel_req"": ""7257"", ""tot_buy_req"": ""91112"", ""tot_buy_req_jub_pre"": ""0"", ""ovt_sel_req_pre"": ""0"", ""ovt_sel_req"": ""0"", ""ovt_buy_req"": ""0"", ""ovt_buy_req_pre"": ""0"", ""return_code"": 0, ""return_msg"": ""정상적으로 처리되었습니다""}"
2026-06-10,scan_candidate,078930,,0,main_scan,73900,,73900,73800,73900,73500,-0.6765899864682002,0.13531799729364005,,,,,,"{""bid_req_base_tm"": ""111131"", ""sel_10th_pre_req_pre"": ""0"", ""sel_10th_pre_req"": ""4"", ""sel_10th_pre_bid"": ""+74800"", ""sel_9th_pre_req_pre"": ""0"", ""sel_9th_pre_req"": ""232"", ""sel_9th_pre_bid"": ""+74700"", ""sel_8th_pre_req_pre"": ""0"", ""sel_8th_pre_req"": ""104"", ""sel_8th_pre_bid"": ""+74600"", ""sel_7th_pre_req_pre"": ""0"", ""sel_7th_pre_req"": ""1047"", ""sel_7th_pre_bid"": ""+74500"", ""sel_6th_pre_req_pre"": ""0"", ""sel_6th_pre_req"": ""107"", ""sel_6th_pre_bid"": ""+74400"", ""sel_5th_pre_req_pre"": ""0"", ""sel_5th_pre_req"": ""113"", ""sel_5th_pre_bid"": ""+74300"", ""sel_4th_pre_req_pre"": ""0"", ""sel_4th_pre_req"": ""99"", ""sel_4th_pre_bid"": ""+74200"", ""sel_3th_pre_req_pre"": ""0"", ""sel_3th_pre_req"": ""30"", ""sel_3th_pre_bid"": ""+74100"", ""sel_2th_pre_req_pre"": ""0"", ""sel_2th_pre_req"": ""122"", ""sel_2th_pre_bid"": ""+74000"", ""sel_1th_pre_req_pre"": ""0"", ""sel_fpr_req"": ""790"", ""sel_fpr_bid"": ""+73900"", ""buy_fpr_bid"": ""73800"", ""buy_fpr_req"": ""623"", ""buy_1th_pre_req_pre"": ""+24"", ""buy_2th_pre_bid"": ""-73700"", ""buy_2th_pre_req"": ""207"", ""buy_2th_pre_req_pre"": ""0"", ""buy_3th_pre_bid"": ""-73600"", ""buy_3th_pre_req"": ""1"", ""buy_3th_pre_req_pre"": ""0"", ""buy_4th_pre_bid"": ""-73500"", ""buy_4th_pre_req"": ""50"", ""buy_4th_pre_req_pre"": ""0"", ""buy_5th_pre_bid"": ""-73400"", ""buy_5th_pre_req"": ""21"", ""buy_5th_pre_req_pre"": ""0"", ""buy_6th_pre_bid"": ""-73300"", ""buy_6th_pre_req"": ""30"", ""buy_6th_pre_req_pre"": ""0"", ""buy_7th_pre_bid"": ""-73200"", ""buy_7th_pre_req"": ""5"", ""buy_7th_pre_req_pre"": ""0"", ""buy_8th_pre_bid"": ""-73100"", ""buy_8th_pre_req"": ""150"", ""buy_8th_pre_req_pre"": ""0"", ""buy_9th_pre_bid"": ""-72900"", ""buy_9th_pre_req"": ""6"", ""buy_9th_pre_req_pre"": ""0"", ""buy_10th_pre_bid"": ""-72700"", ""buy_10th_pre_req"": ""50"", ""buy_10th_pre_req_pre"": ""0"", ""tot_sel_req_jub_pre"": ""0"", ""tot_sel_req"": ""2648"", ""tot_buy_req"": ""1143"", ""tot_buy_req_jub_pre"": ""+24"", ""ovt_sel_req_pre"": ""0"", ""ovt_sel_req"": ""0"", ""ovt_buy_req"": ""0"", ""ovt_buy_req_pre"": ""0"", ""return_code"": 0, ""return_msg"": ""정상적으로 처리되었습니다""}"
2026-06-10,scan_candidate,090430,,0,main_scan,112200,,112200,112100,112200,112500,-0.17825311942959002,0.08912655971479501,,,,,,"{""bid_req_base_tm"": ""111141"", ""sel_10th_pre_req_pre"": ""0"", ""sel_10th_pre_req"": ""190"", ""sel_10th_pre_bid"": ""+113200"", ""sel_9th_pre_req_pre"": ""0"", ""sel_9th_pre_req"": ""16"", ""sel_9th_pre_bid"": ""+113100"", ""sel_8th_pre_req_pre"": ""0"", ""sel_8th_pre_req"": ""52"", ""sel_8th_pre_bid"": ""+113000"", ""sel_7th_pre_req_pre"": ""0"", ""sel_7th_pre_req"": ""6"", ""sel_7th_pre_bid"": ""+112900"", ""sel_6th_pre_req_pre"": ""0"", ""sel_6th_pre_req"": ""6"", ""sel_6th_pre_bid"": ""+112800"", ""sel_5th_pre_req_pre"": ""0"", ""sel_5th_pre_req"": ""27"", ""sel_5th_pre_bid"": ""+112600"", ""sel_4th_pre_req_pre"": ""0"", ""sel_4th_pre_req"": ""61"", ""sel_4th_pre_bid"": ""+112500"", ""sel_3th_pre_req_pre"": ""0"", ""sel_3th_pre_req"": ""39"", ""sel_3th_pre_bid"": ""+112400"", ""sel_2th_pre_req_pre"": ""0"", ""sel_2th_pre_req"": ""101"", ""sel_2th_pre_bid"": ""+112300"", ""sel_1th_pre_req_pre"": ""--14"", ""sel_fpr_req"": ""68"", ""sel_fpr_bid"": ""+112200"", ""buy_fpr_bid"": ""+112100"", ""buy_fpr_req"": ""229"", ""buy_1th_pre_req_pre"": ""0"", ""buy_2th_pre_bid"": ""112000"", ""buy_2th_pre_req"": ""334"", ""buy_2th_pre_req_pre"": ""0"", ""buy_3th_pre_bid"": ""-111900"", ""buy_3th_pre_req"": ""126"", ""buy_3th_pre_req_pre"": ""0"", ""buy_4th_pre_bid"": ""-111800"", ""buy_4th_pre_req"": ""54"", ""buy_4th_pre_req_pre"": ""0"", ""buy_5th_pre_bid"": ""-111700"", ""buy_5th_pre_req"": ""281"", ""buy_5th_pre_req_pre"": ""0"", ""buy_6th_pre_bid"": ""-111600"", ""buy_6th_pre_req"": ""55"", ""buy_6th_pre_req_pre"": ""0"", ""buy_7th_pre_bid"": ""-111500"", ""buy_7th_pre_req"": ""2138"", ""buy_7th_pre_req_pre"": ""0"", ""buy_8th_pre_bid"": ""-111400"", ""buy_8th_pre_req"": ""122"", ""buy_8th_pre_req_pre"": ""0"", ""buy_9th_pre_bid"": ""-111300"", ""buy_9th_pre_req"": ""32"", ""buy_9th_pre_req_pre"": ""0"", ""buy_10th_pre_bid"": ""-111200"", ""buy_10th_pre_req"": ""10"", ""buy_10th_pre_req_pre"": ""0"", ""tot_sel_req_jub_pre"": ""--14"", ""tot_sel_req"": ""566"", ""tot_buy_req"": ""3381"", ""tot_buy_req_jub_pre"": ""0"", ""ovt_sel_req_pre"": ""0"", ""ovt_sel_req"": ""0"", ""ovt_buy_req"": ""0"", ""ovt_buy_req_pre"": ""0"", ""return_code"": 0, ""return_msg"": ""정상적으로 처리되었습니다""}"
2026-06-10,scan_candidate,004170,,0,main_scan,682000,,682000,681000,682000,679000,-0.5865102639296188,0.1466275659824047,,,,,,"{""bid_req_base_tm"": ""111142"", ""sel_10th_pre_req_pre"": ""0"", ""sel_10th_pre_req"": ""811"", ""sel_10th_pre_bid"": ""+691000"", ""sel_9th_pre_req_pre"": ""--1"", ""sel_9th_pre_req"": ""409"", ""sel_9th_pre_bid"": ""+690000"", ""sel_8th_pre_req_pre"": ""0"", ""sel_8th_pre_req"": ""49"", ""sel_8th_pre_bid"": ""+689000"", ""sel_7th_pre_req_pre"": ""0"", ""sel_7th_pre_req"": ""46"", ""sel_7th_pre_bid"": ""+688000"", ""sel_6th_pre_req_pre"": ""0"", ""sel_6th_pre_req"": ""29"", ""sel_6th_pre_bid"": ""+687000"", ""sel_5th_pre_req_pre"": ""0"", ""sel_5th_pre_req"": ""327"", ""sel_5th_pre_bid"": ""+686000"", ""sel_4th_pre_req_pre"": ""0"", ""sel_4th_pre_req"": ""40"", ""sel_4th_pre_bid"": ""+685000"", ""sel_3th_pre_req_pre"": ""0"", ""sel_3th_pre_req"": ""137"", ""sel_3th_pre_bid"": ""+684000"", ""sel_2th_pre_req_pre"": ""0"", ""sel_2th_pre_req"": ""1"", ""sel_2th_pre_bid"": ""+683000"", ""sel_1th_pre_req_pre"": ""0"", ""sel_fpr_req"": ""39"", ""sel_fpr_bid"": ""+682000"", ""buy_fpr_bid"": ""+681000"", ""buy_fpr_req"": ""41"", ""buy_1th_pre_req_pre"": ""0"", ""buy_2th_pre_bid"": ""+680000"", ""buy_2th_pre_req"": ""187"", ""buy_2th_pre_req_pre"": ""0"", ""buy_3th_pre_bid"": ""+679000"", ""buy_3th_pre_req"": ""4"", ""buy_3th_pre_req_pre"": ""0"", ""buy_4th_pre_bid"": ""+678000"", ""buy_4th_pre_req"": ""5"", ""buy_4th_pre_req_pre"": ""0"", ""buy_5th_pre_bid"": ""+677000"", ""buy_5th_pre_req"": ""44"", ""buy_5th_pre_req_pre"": ""0"", ""buy_6th_pre_bid"": ""+676000"", ""buy_6th_pre_req"": ""3"", ""buy_6th_pre_req_pre"": ""0"", ""buy_7th_pre_bid"": ""+675000"", ""buy_7th_pre_req"": ""7"", ""buy_7th_pre_req_pre"": ""0"", ""buy_8th_pre_bid"": ""+674000"", ""buy_8th_pre_req"": ""22"", ""buy_8th_pre_req_pre"": ""0"", ""buy_9th_pre_bid"": ""+673000"", ""buy_9th_pre_req"": ""22"", ""buy_9th_pre_req_pre"": ""0"", ""buy_10th_pre_bid"": ""+672000"", ""buy_10th_pre_req"": ""24"", ""buy_10th_pre_req_pre"": ""0"", ""tot_sel_req_jub_pre"": ""--1"", ""tot_sel_req"": ""1888"", ""tot_buy_req"": ""359"", ""tot_buy_req_jub_pre"": ""0"", ""ovt_sel_req_pre"": ""0"", ""ovt_sel_req"": ""0"", ""ovt_buy_req"": ""0"", ""ovt_buy_req_pre"": ""0"", ""return_code"": 0, ""return_msg"": ""정상적으로 처리되었습니다""}"
2026-06-10,scan_candidate,036570,,0,main_scan,258000,,258000,257500,258000,258500,0.0,0.1937984496124031,,,,,,"{""bid_req_base_tm"": ""111143"", ""sel_10th_pre_req_pre"": ""0"", ""sel_10th_pre_req"": ""36"", ""sel_10th_pre_bid"": ""-263000"", ""sel_9th_pre_req_pre"": ""0"", ""sel_9th_pre_req"": ""17"", ""sel_9th_pre_bid"": ""-262500"", ""sel_8th_pre_req_pre"": ""0"", ""sel_8th_pre_req"": ""66"", ""sel_8th_pre_bid"": ""-262000"", ""sel_7th_pre_req_pre"": ""0"", ""sel_7th_pre_req"": ""26"", ""sel_7th_pre_bid"": ""-261500"", ""sel_6th_pre_req_pre"": ""0"", ""sel_6th_pre_req"": ""64"", ""sel_6th_pre_bid"": ""-261000"", ""sel_5th_pre_req_pre"": ""0"", ""sel_5th_pre_req"": ""13"", ""sel_5th_pre_bid"": ""-260000"", ""sel_4th_pre_req_pre"": ""0"", ""sel_4th_pre_req"": ""1062"", ""sel_4th_pre_bid"": ""-259500"", ""sel_3th_pre_req_pre"": ""0"", ""sel_3th_pre_req"": ""147"", ""sel_3th_pre_bid"": ""-259000"", ""sel_2th_pre_req_pre"": ""0"", ""sel_2th_pre_req"": ""13"", ""sel_2th_pre_bid"": ""-258500"", ""sel_1th_pre_req_pre"": ""0"", ""sel_fpr_req"": ""125"", ""sel_fpr_bid"": ""-258000"", ""buy_fpr_bid"": ""-257500"", ""buy_fpr_req"": ""73"", ""buy_1th_pre_req_pre"": ""0"", ""buy_2th_pre_bid"": ""-257000"", ""buy_2th_pre_req"": ""195"", ""buy_2th_pre_req_pre"": ""0"", ""buy_3th_pre_bid"": ""-256500"", ""buy_3th_pre_req"": ""132"", ""buy_3th_pre_req_pre"": ""--1"", ""buy_4th_pre_bid"": ""-256000"", ""buy_4th_pre_req"": ""216"", ""buy_4th_pre_req_pre"": ""0"", ""buy_5th_pre_bid"": ""-255500"", ""buy_5th_pre_req"": ""204"", ""buy_5th_pre_req_pre"": ""0"", ""buy_6th_pre_bid"": ""-255000"", ""buy_6th_pre_req"": ""316"", ""buy_6th_pre_req_pre"": ""0"", ""buy_7th_pre_bid"": ""-254500"", ""buy_7th_pre_req"": ""365"", ""buy_7th_pre_req_pre"": ""0"", ""buy_8th_pre_bid"": ""-254000"", ""buy_8th_pre_req"": ""359"", ""buy_8th_pre_req_pre"": ""0"", ""buy_9th_pre_bid"": ""-253500"", ""buy_9th_pre_req"": ""426"", ""buy_9th_pre_req_pre"": ""0"", ""buy_10th_pre_bid"": ""-253000"", ""buy_10th_pre_req"": ""736"", ""buy_10th_pre_req_pre"": ""0"", ""tot_sel_req_jub_pre"": ""0"", ""tot_sel_req"": ""1569"", ""tot_buy_req"": ""3022"", ""tot_buy_req_jub_pre"": ""--1"", ""ovt_sel_req_pre"": ""0"", ""ovt_sel_req"": ""0"", ""ovt_buy_req"": ""0"", ""ovt_buy_req_pre"": ""0"", ""return_code"": 0, ""return_msg"": ""정상적으로 처리되었습니다""}"
2026-06-10,scan_candidate,271560,,0,main_scan,132800,,132800,132700,132800,132500,-0.6024096385542169,0.07530120481927711,,,,,,"{""bid_req_base_tm"": ""111140"", ""sel_10th_pre_req_pre"": ""0"", ""sel_10th_pre_req"": ""20"", ""sel_10th_pre_bid"": ""+133800"", ""sel_9th_pre_req_pre"": ""0"", ""sel_9th_pre_req"": ""101"", ""sel_9th_pre_bid"": ""+133700"", ""sel_8th_pre_req_pre"": ""0"", ""sel_8th_pre_req"": ""6"", ""sel_8th_pre_bid"": ""+133600"", ""sel_7th_pre_req_pre"": ""0"", ""sel_7th_pre_req"": ""4"", ""sel_7th_pre_bid"": ""+133500"", ""sel_6th_pre_req_pre"": ""0"", ""sel_6th_pre_req"": ""3"", ""sel_6th_pre_bid"": ""+133300"", ""sel_5th_pre_req_pre"": ""0"", ""sel_5th_pre_req"": ""28"", ""sel_5th_pre_bid"": ""+133200"", ""sel_4th_pre_req_pre"": ""0"", ""sel_4th_pre_req"": ""44"", ""sel_4th_pre_bid"": ""+133100"", ""sel_3th_pre_req_pre"": ""0"", ""sel_3th_pre_req"": ""10"", ""sel_3th_pre_bid"": ""+133000"", ""sel_2th_pre_req_pre"": ""0"", ""sel_2th_pre_req"": ""63"", ""sel_2th_pre_bid"": ""132900"", ""sel_1th_pre_req_pre"": ""0"", ""sel_fpr_req"": ""339"", ""sel_fpr_bid"": ""-132800"", ""buy_fpr_bid"": ""-132700"", ""buy_fpr_req"": ""221"", ""buy_1th_pre_req_pre"": ""--2"", ""buy_2th_pre_bid"": ""-132500"", ""buy_2th_pre_req"": ""57"", ""buy_2th_pre_req_pre"": ""0"", ""buy_3th_pre_bid"": ""-132400"", ""buy_3th_pre_req"": ""149"", ""buy_3th_pre_req_pre"": ""0"", ""buy_4th_pre_bid"": ""-132300"", ""buy_4th_pre_req"": ""61"", ""buy_4th_pre_req_pre"": ""0"", ""buy_5th_pre_bid"": ""-132200"", ""buy_5th_pre_req"": ""59"", ""buy_5th_pre_req_pre"": ""0"", ""buy_6th_pre_bid"": ""-132000"", ""buy_6th_pre_req"": ""27"", ""buy_6th_pre_req_pre"": ""0"", ""buy_7th_pre_bid"": ""-131900"", ""buy_7th_pre_req"": ""1"", ""buy_7th_pre_req_pre"": ""0"", ""buy_8th_pre_bid"": ""-131800"", ""buy_8th_pre_req"": ""2"", ""buy_8th_pre_req_pre"": ""0"", ""buy_9th_pre_bid"": ""-131700"", ""buy_9th_pre_req"": ""35"", ""buy_9th_pre_req_pre"": ""0"", ""buy_10th_pre_bid"": ""-131600"", ""buy_10th_pre_req"": ""2"", ""buy_10th_pre_req_pre"": ""0"", ""tot_sel_req_jub_pre"": ""0"", ""tot_sel_req"": ""618"", ""tot_buy_req"": ""614"", ""tot_buy_req_jub_pre"": ""--2"", ""ovt_sel_req_pre"": ""0"", ""ovt_sel_req"": ""0"", ""ovt_buy_req"": ""0"", ""ovt_buy_req_pre"": ""0"", ""return_code"": 0, ""return_msg"": ""정상적으로 처리되었습니다""}"
2026-06-10,scan_candidate,023530,,0,main_scan,193900,,193900,193800,193900,194000,-0.2062919030428056,0.0515729757607014,,,,,,"{""bid_req_base_tm"": ""111145"", ""sel_10th_pre_req_pre"": ""0"", ""sel_10th_pre_req"": ""56"", ""sel_10th_pre_bid"": ""+195000"", ""sel_9th_pre_req_pre"": ""0"", ""sel_9th_pre_req"": ""1"", ""sel_9th_pre_bid"": ""+194900"", ""sel_8th_pre_req_pre"": ""0"", ""sel_8th_pre_req"": ""61"", ""sel_8th_pre_bid"": ""+194700"", ""sel_7th_pre_req_pre"": ""0"", ""sel_7th_pre_req"": ""133"", ""sel_7th_pre_bid"": ""+194500"", ""sel_6th_pre_req_pre"": ""0"", ""sel_6th_pre_req"": ""7"", ""sel_6th_pre_bid"": ""+194400"", ""sel_5th_pre_req_pre"": ""0"", ""sel_5th_pre_req"": ""2"", ""sel_5th_pre_bid"": ""+194300"", ""sel_4th_pre_req_pre"": ""0"", ""sel_4th_pre_req"": ""1"", ""sel_4th_pre_bid"": ""+194200"", ""sel_3th_pre_req_pre"": ""0"", ""sel_3th_pre_req"": ""291"", ""sel_3th_pre_bid"": ""+194100"", ""sel_2th_pre_req_pre"": ""0"", ""sel_2th_pre_req"": ""9"", ""sel_2th_pre_bid"": ""+194000"", ""sel_1th_pre_req_pre"": ""0"", ""sel_fpr_req"": ""31"", ""sel_fpr_bid"": ""+193900"", ""buy_fpr_bid"": ""+193800"", ""buy_fpr_req"": ""66"", ""buy_1th_pre_req_pre"": ""--5"", ""buy_2th_pre_bid"": ""+193700"", ""buy_2th_pre_req"": ""5"", ""buy_2th_pre_req_pre"": ""0"", ""buy_3th_pre_bid"": ""+193500"", ""buy_3th_pre_req"": ""521"", ""buy_3th_pre_req_pre"": ""0"", ""buy_4th_pre_bid"": ""+193200"", ""buy_4th_pre_req"": ""44"", ""buy_4th_pre_req_pre"": ""0"", ""buy_5th_pre_bid"": ""+193100"", ""buy_5th_pre_req"": ""8"", ""buy_5th_pre_req_pre"": ""0"", ""buy_6th_pre_bid"": ""+193000"", ""buy_6th_pre_req"": ""23"", ""buy_6th_pre_req_pre"": ""0"", ""buy_7th_pre_bid"": ""+192900"", ""buy_7th_pre_req"": ""6"", ""buy_7th_pre_req_pre"": ""0"", ""buy_8th_pre_bid"": ""+192400"", ""buy_8th_pre_req"": ""8"", ""buy_8th_pre_req_pre"": ""0"", ""buy_9th_pre_bid"": ""+192000"", ""buy_9th_pre_req"": ""13"", ""buy_9th_pre_req_pre"": ""0"", ""buy_10th_pre_bid"": ""+191800"", ""buy_10th_pre_req"": ""1"", ""buy_10th_pre_req_pre"": ""0"", ""tot_sel_req_jub_pre"": ""0"", ""tot_sel_req"": ""592"", ""tot_buy_req"": ""695"", ""tot_buy_req_jub_pre"": ""--5"", ""ovt_sel_req_pre"": ""0"", ""ovt_sel_req"": ""0"", ""ovt_buy_req"": ""0"", ""ovt_buy_req_pre"": ""0"", ""return_code"": 0, ""return_msg"": ""정상적으로 처리되었습니다""}"
2026-06-10,scan_candidate,175330,,0,main_scan,25550,,25550,25500,25550,25550,-0.19569471624266144,0.19569471624266144,,,,,,"{""bid_req_base_tm"": ""111145"", ""sel_10th_pre_req_pre"": ""0"", ""sel_10th_pre_req"": ""114"", ""sel_10th_pre_bid"": ""+26000"", ""sel_9th_pre_req_pre"": ""0"", ""sel_9th_pre_req"": ""142"", ""sel_9th_pre_bid"": ""+25950"", ""sel_8th_pre_req_pre"": ""0"", ""sel_8th_pre_req"": ""562"", ""sel_8th_pre_bid"": ""25900"", ""sel_7th_pre_req_pre"": ""0"", ""sel_7th_pre_req"": ""469"", ""sel_7th_pre_bid"": ""-25850"", ""sel_6th_pre_req_pre"": ""0"", ""sel_6th_pre_req"": ""522"", ""sel_6th_pre_bid"": ""-25800"", ""sel_5th_pre_req_pre"": ""0"", ""sel_5th_pre_req"": ""89"", ""sel_5th_pre_bid"": ""-25750"", ""sel_4th_pre_req_pre"": ""0"", ""sel_4th_pre_req"": ""337"", ""sel_4th_pre_bid"": ""-25700"", ""sel_3th_pre_req_pre"": ""0"", ""sel_3th_pre_req"": ""351"", ""sel_3th_pre_bid"": ""-25650"", ""sel_2th_pre_req_pre"": ""0"", ""sel_2th_pre_req"": ""748"", ""sel_2th_pre_bid"": ""-25600"", ""sel_1th_pre_req_pre"": ""+13"", ""sel_fpr_req"": ""1863"", ""sel_fpr_bid"": ""-25550"", ""buy_fpr_bid"": ""-25500"", ""buy_fpr_req"": ""931"", ""buy_1th_pre_req_pre"": ""0"", ""buy_2th_pre_bid"": ""-25450"", ""buy_2th_pre_req"": ""1018"", ""buy_2th_pre_req_pre"": ""0"", ""buy_3th_pre_bid"": ""-25400"", ""buy_3th_pre_req"": ""663"", ""buy_3th_pre_req_pre"": ""0"", ""buy_4th_pre_bid"": ""-25350"", ""buy_4th_pre_req"": ""436"", ""buy_4th_pre_req_pre"": ""0"", ""buy_5th_pre_bid"": ""-25300"", ""buy_5th_pre_req"": ""599"", ""buy_5th_pre_req_pre"": ""0"", ""buy_6th_pre_bid"": ""-25250"", ""buy_6th_pre_req"": ""505"", ""buy_6th_pre_req_pre"": ""0"", ""buy_7th_pre_bid"": ""-25200"", ""buy_7th_pre_req"": ""267"", ""buy_7th_pre_req_pre"": ""0"", ""buy_8th_pre_bid"": ""-25150"", ""buy_8th_pre_req"": ""768"", ""buy_8th_pre_req_pre"": ""0"", ""buy_9th_pre_bid"": ""-25100"", ""buy_9th_pre_req"": ""488"", ""buy_9th_pre_req_pre"": ""0"", ""buy_10th_pre_bid"": ""-25050"", ""buy_10th_pre_req"": ""595"", ""buy_10th_pre_req_pre"": ""0"", ""tot_sel_req_jub_pre"": ""+13"", ""tot_sel_req"": ""5197"", ""tot_buy_req"": ""6270"", ""tot_buy_req_jub_pre"": ""0"", ""ovt_sel_req_pre"": ""0"", ""ovt_sel_req"": ""0"", ""ovt_buy_req"": ""0"", ""ovt_buy_req_pre"": ""0"", ""return_code"": 0, ""return_msg"": ""정상적으로 처리되었습니다""}"
2026-06-10,scan_candidate,088350,,0,main_scan,4850,,4850,4835,4850,4860,0.10309278350515465,0.30927835051546393,,,,,,"{""bid_req_base_tm"": ""111145"", ""sel_10th_pre_req_pre"": ""0"", ""sel_10th_pre_req"": ""623"", ""sel_10th_pre_bid"": ""-4895"", ""sel_9th_pre_req_pre"": ""0"", ""sel_9th_pre_req"": ""202"", ""sel_9th_pre_bid"": ""-4890"", ""sel_8th_pre_req_pre"": ""0"", ""sel_8th_pre_req"": ""2797"", ""sel_8th_pre_bid"": ""-4885"", ""sel_7th_pre_req_pre"": ""0"", ""sel_7th_pre_req"": ""703"", ""sel_7th_pre_bid"": ""-4880"", ""sel_6th_pre_req_pre"": ""0"", ""sel_6th_pre_req"": ""565"", ""sel_6th_pre_bid"": ""-4875"", ""sel_5th_pre_req_pre"": ""0"", ""sel_5th_pre_req"": ""8"", ""sel_5th_pre_bid"": ""-4870"", ""sel_4th_pre_req_pre"": ""0"", ""sel_4th_pre_req"": ""1868"", ""sel_4th_pre_bid"": ""-4865"", ""sel_3th_pre_req_pre"": ""0"", ""sel_3th_pre_req"": ""1657"", ""sel_3th_pre_bid"": ""-4860"", ""sel_2th_pre_req_pre"": ""0"", ""sel_2th_pre_req"": ""1689"", ""sel_2th_pre_bid"": ""-4855"", ""sel_1th_pre_req_pre"": ""0"", ""sel_fpr_req"": ""643"", ""sel_fpr_bid"": ""-4850"", ""buy_fpr_bid"": ""-4835"", ""buy_fpr_req"": ""8016"", ""buy_1th_pre_req_pre"": ""0"", ""buy_2th_pre_bid"": ""-4830"", ""buy_2th_pre_req"": ""761"", ""buy_2th_pre_req_pre"": ""0"", ""buy_3th_pre_bid"": ""-4825"", ""buy_3th_pre_req"": ""4824"", ""buy_3th_pre_req_pre"": ""0"", ""buy_4th_pre_bid"": ""-4820"", ""buy_4th_pre_req"": ""25070"", ""buy_4th_pre_req_pre"": ""0"", ""buy_5th_pre_bid"": ""-4815"", ""buy_5th_pre_req"": ""22226"", ""buy_5th_pre_req_pre"": ""0"", ""buy_6th_pre_bid"": ""-4810"", ""buy_6th_pre_req"": ""5312"", ""buy_6th_pre_req_pre"": ""0"", ""buy_7th_pre_bid"": ""-4805"", ""buy_7th_pre_req"": ""12531"", ""buy_7th_pre_req_pre"": ""0"", ""buy_8th_pre_bid"": ""-4800"", ""buy_8th_pre_req"": ""19028"", ""buy_8th_pre_req_pre"": ""0"", ""buy_9th_pre_bid"": ""-4795"", ""buy_9th_pre_req"": ""10713"", ""buy_9th_pre_req_pre"": ""+10"", ""buy_10th_pre_bid"": ""-4790"", ""buy_10th_pre_req"": ""7518"", ""buy_10th_pre_req_pre"": ""0"", ""tot_sel_req_jub_pre"": ""0"", ""tot_sel_req"": ""10755"", ""tot_buy_req"": ""115999"", ""tot_buy_req_jub_pre"": ""+10"", ""ovt_sel_req_pre"": ""0"", ""ovt_sel_req"": ""0"", ""ovt_buy_req"": ""0"", ""ovt_buy_req_pre"": ""0"", ""return_code"": 0, ""return_msg"": ""정상적으로 처리되었습니다""}"
2026-06-10,scan_candidate,069960,,0,main_scan,173800,,173800,173700,173800,174500,0.11507479861910241,0.05753739930955121,,,,,,"{""bid_req_base_tm"": ""111146"", ""sel_10th_pre_req_pre"": ""0"", ""sel_10th_pre_req"": ""16"", ""sel_10th_pre_bid"": ""+176000"", ""sel_9th_pre_req_pre"": ""0"", ""sel_9th_pre_req"": ""22"", ""sel_9th_pre_bid"": ""+175500"", ""sel_8th_pre_req_pre"": ""0"", ""sel_8th_pre_req"": ""2"", ""sel_8th_pre_bid"": ""+175400"", ""sel_7th_pre_req_pre"": ""0"", ""sel_7th_pre_req"": ""2"", ""sel_7th_pre_bid"": ""+175100"", ""sel_6th_pre_req_pre"": ""0"", ""sel_6th_pre_req"": ""1"", ""sel_6th_pre_bid"": ""+175000"", ""sel_5th_pre_req_pre"": ""0"", ""sel_5th_pre_req"": ""27"", ""sel_5th_pre_bid"": ""+174900"", ""sel_4th_pre_req_pre"": ""0"", ""sel_4th_pre_req"": ""44"", ""sel_4th_pre_bid"": ""+174300"", ""sel_3th_pre_req_pre"": ""0"", ""sel_3th_pre_req"": ""33"", ""sel_3th_pre_bid"": ""+174200"", ""sel_2th_pre_req_pre"": ""0"", ""sel_2th_pre_req"": ""26"", ""sel_2th_pre_bid"": ""+174000"", ""sel_1th_pre_req_pre"": ""0"", ""sel_fpr_req"": ""2"", ""sel_fpr_bid"": ""+173800"", ""buy_fpr_bid"": ""+173700"", ""buy_fpr_req"": ""364"", ""buy_1th_pre_req_pre"": ""0"", ""buy_2th_pre_bid"": ""+173600"", ""buy_2th_pre_req"": ""4"", ""buy_2th_pre_req_pre"": ""0"", ""buy_3th_pre_bid"": ""+173500"", ""buy_3th_pre_req"": ""7"", ""buy_3th_pre_req_pre"": ""0"", ""buy_4th_pre_bid"": ""+173400"", ""buy_4th_pre_req"": ""11"", ""buy_4th_pre_req_pre"": ""0"", ""buy_5th_pre_bid"": ""+173200"", ""buy_5th_pre_req"": ""64"", ""buy_5th_pre_req_pre"": ""0"", ""buy_6th_pre_bid"": ""+173100"", ""buy_6th_pre_req"": ""58"", ""buy_6th_pre_req_pre"": ""0"", ""buy_7th_pre_bid"": ""+173000"", ""buy_7th_pre_req"": ""13"", ""buy_7th_pre_req_pre"": ""0"", ""buy_8th_pre_bid"": ""+172800"", ""buy_8th_pre_req"": ""10"", ""buy_8th_pre_req_pre"": ""0"", ""buy_9th_pre_bid"": ""+172500"", ""buy_9th_pre_req"": ""1"", ""buy_9th_pre_req_pre"": ""0"", ""buy_10th_pre_bid"": ""+172400"", ""buy_10th_pre_req"": ""30"", ""buy_10th_pre_req_pre"": ""0"", ""tot_sel_req_jub_pre"": ""0"", ""tot_sel_req"": ""175"", ""tot_buy_req"": ""562"", ""tot_buy_req_jub_pre"": ""0"", ""ovt_sel_req_pre"": ""0"", ""ovt_sel_req"": ""0"", ""ovt_buy_req"": ""0"", ""ovt_buy_req_pre"": ""0"", ""return_code"": 0, ""return_msg"": ""정상적으로 처리되었습니다""}"
2026-06-10,scan_candidate,111770,,0,main_scan,79000,,79000,78900,79000,79000,-0.12658227848101267,0.12658227848101267,,,,,,"{""bid_req_base_tm"": ""111139"", ""sel_10th_pre_req_pre"": ""0"", ""sel_10th_pre_req"": ""10"", ""sel_10th_pre_bid"": ""+80200"", ""sel_9th_pre_req_pre"": ""0"", ""sel_9th_pre_req"": ""98"", ""sel_9th_pre_bid"": ""+80000"", ""sel_8th_pre_req_pre"": ""0"", ""sel_8th_pre_req"": ""31"", ""sel_8th_pre_bid"": ""+79900"", ""sel_7th_pre_req_pre"": ""0"", ""sel_7th_pre_req"": ""13"", ""sel_7th_pre_bid"": ""+79800"", ""sel_6th_pre_req_pre"": ""0"", ""sel_6th_pre_req"": ""11"", ""sel_6th_pre_bid"": ""+79700"", ""sel_5th_pre_req_pre"": ""0"", ""sel_5th_pre_req"": ""15"", ""sel_5th_pre_bid"": ""+79600"", ""sel_4th_pre_req_pre"": ""0"", ""sel_4th_pre_req"": ""5"", ""sel_4th_pre_bid"": ""+79400"", ""sel_3th_pre_req_pre"": ""0"", ""sel_3th_pre_req"": ""15"", ""sel_3th_pre_bid"": ""+79300"", ""sel_2th_pre_req_pre"": ""--2"", ""sel_2th_pre_req"": ""19"", ""sel_2th_pre_bid"": ""+79100"", ""sel_1th_pre_req_pre"": ""+22"", ""sel_fpr_req"": ""63"", ""sel_fpr_bid"": ""+79000"", ""buy_fpr_bid"": ""+78900"", ""buy_fpr_req"": ""41"", ""buy_1th_pre_req_pre"": ""0"", ""buy_2th_pre_bid"": ""+78800"", ""buy_2th_pre_req"": ""50"", ""buy_2th_pre_req_pre"": ""0"", ""buy_3th_pre_bid"": ""+78700"", ""buy_3th_pre_req"": ""39"", ""buy_3th_pre_req_pre"": ""0"", ""buy_4th_pre_bid"": ""+78500"", ""buy_4th_pre_req"": ""25"", ""buy_4th_pre_req_pre"": ""0"", ""buy_5th_pre_bid"": ""+78400"", ""buy_5th_pre_req"": ""24"", ""buy_5th_pre_req_pre"": ""0"", ""buy_6th_pre_bid"": ""+78300"", ""buy_6th_pre_req"": ""20"", ""buy_6th_pre_req_pre"": ""0"", ""buy_7th_pre_bid"": ""78000"", ""buy_7th_pre_req"": ""70"", ""buy_7th_pre_req_pre"": ""0"", ""buy_8th_pre_bid"": ""-77900"", ""buy_8th_pre_req"": ""45"", ""buy_8th_pre_req_pre"": ""0"", ""buy_9th_pre_bid"": ""-77800"", ""buy_9th_pre_req"": ""7"", ""buy_9th_pre_req_pre"": ""0"", ""buy_10th_pre_bid"": ""-77700"", ""buy_10th_pre_req"": ""19"", ""buy_10th_pre_req_pre"": ""0"", ""tot_sel_req_jub_pre"": ""+20"", ""tot_sel_req"": ""280"", ""tot_buy_req"": ""340"", ""tot_buy_req_jub_pre"": ""0"", ""ovt_sel_req_pre"": ""0"", ""ovt_sel_req"": ""0"", ""ovt_buy_req"": ""0"", ""ovt_buy_req_pre"": ""0"", ""return_code"": 0, ""return_msg"": ""정상적으로 처리되었습니다""}"
2026-06-10,scan_candidate,085620,,0,main_scan,22550,,22550,22450,22550,22450,-0.6651884700665188,0.4434589800443459,,,,,,"{""bid_req_base_tm"": ""111144"", ""sel_10th_pre_req_pre"": ""0"", ""sel_10th_pre_req"": ""5154"", ""sel_10th_pre_bid"": ""-23000"", ""sel_9th_pre_req_pre"": ""0"", ""sel_9th_pre_req"": ""4416"", ""sel_9th_pre_bid"": ""-22950"", ""sel_8th_pre_req_pre"": ""0"", ""sel_8th_pre_req"": ""2174"", ""sel_8th_pre_bid"": ""-22900"", ""sel_7th_pre_req_pre"": ""0"", ""sel_7th_pre_req"": ""1893"", ""sel_7th_pre_bid"": ""-22850"", ""sel_6th_pre_req_pre"": ""0"", ""sel_6th_pre_req"": ""2500"", ""sel_6th_pre_bid"": ""-22800"", ""sel_5th_pre_req_pre"": ""0"", ""sel_5th_pre_req"": ""656"", ""sel_5th_pre_bid"": ""-22750"", ""sel_4th_pre_req_pre"": ""0"", ""sel_4th_pre_req"": ""659"", ""sel_4th_pre_bid"": ""-22700"", ""sel_3th_pre_req_pre"": ""0"", ""sel_3th_pre_req"": ""548"", ""sel_3th_pre_bid"": ""-22650"", ""sel_2th_pre_req_pre"": ""+100"", ""sel_2th_pre_req"": ""834"", ""sel_2th_pre_bid"": ""-22600"", ""sel_1th_pre_req_pre"": ""--100"", ""sel_fpr_req"": ""544"", ""sel_fpr_bid"": ""-22550"", ""buy_fpr_bid"": ""-22450"", ""buy_fpr_req"": ""403"", ""buy_1th_pre_req_pre"": ""0"", ""buy_2th_pre_bid"": ""-22400"", ""buy_2th_pre_req"": ""313"", ""buy_2th_pre_req_pre"": ""0"", ""buy_3th_pre_bid"": ""-22350"", ""buy_3th_pre_req"": ""425"", ""buy_3th_pre_req_pre"": ""0"", ""buy_4th_pre_bid"": ""-22300"", ""buy_4th_pre_req"": ""460"", ""buy_4th_pre_req_pre"": ""0"", ""buy_5th_pre_bid"": ""-22250"", ""buy_5th_pre_req"": ""335"", ""buy_5th_pre_req_pre"": ""0"", ""buy_6th_pre_bid"": ""-22200"", ""buy_6th_pre_req"": ""1870"", ""buy_6th_pre_req_pre"": ""0"", ""buy_7th_pre_bid"": ""-22150"", ""buy_7th_pre_req"": ""4098"", ""buy_7th_pre_req_pre"": ""0"", ""buy_8th_pre_bid"": ""-22100"", ""buy_8th_pre_req"": ""327"", ""buy_8th_pre_req_pre"": ""0"", ""buy_9th_pre_bid"": ""-22050"", ""buy_9th_pre_req"": ""2253"", ""buy_9th_pre_req_pre"": ""0"", ""buy_10th_pre_bid"": ""-22000"", ""buy_10th_pre_req"": ""1986"", ""buy_10th_pre_req_pre"": ""0"", ""tot_sel_req_jub_pre"": ""0"", ""tot_sel_req"": ""19378"", ""tot_buy_req"": ""12470"", ""tot_buy_req_jub_pre"": ""0"", ""ovt_sel_req_pre"": ""0"", ""ovt_sel_req"": ""0"", ""ovt_buy_req"": ""0"", ""ovt_buy_req_pre"": ""0"", ""return_code"": 0, ""return_msg"": ""정상적으로 처리되었습니다""}"
2026-06-10,scan_candidate,035250,,0,main_scan,15080,,15080,15070,15080,15050,-0.5305039787798408,0.0663129973474801,,,,,,"{""bid_req_base_tm"": ""111146"", ""sel_10th_pre_req_pre"": ""0"", ""sel_10th_pre_req"": ""342"", ""sel_10th_pre_bid"": ""+15170"", ""sel_9th_pre_req_pre"": ""0"", ""sel_9th_pre_req"": ""120"", ""sel_9th_pre_bid"": ""+15160"", ""sel_8th_pre_req_pre"": ""0"", ""sel_8th_pre_req"": ""10590"", ""sel_8th_pre_bid"": ""+15150"", ""sel_7th_pre_req_pre"": ""0"", ""sel_7th_pre_req"": ""236"", ""sel_7th_pre_bid"": ""+15140"", ""sel_6th_pre_req_pre"": ""0"", ""sel_6th_pre_req"": ""597"", ""sel_6th_pre_bid"": ""+15130"", ""sel_5th_pre_req_pre"": ""0"", ""sel_5th_pre_req"": ""507"", ""sel_5th_pre_bid"": ""+15120"", ""sel_4th_pre_req_pre"": ""0"", ""sel_4th_pre_req"": ""148"", ""sel_4th_pre_bid"": ""+15110"", ""sel_3th_pre_req_pre"": ""0"", ""sel_3th_pre_req"": ""221"", ""sel_3th_pre_bid"": ""+15100"", ""sel_2th_pre_req_pre"": ""0"", ""sel_2th_pre_req"": ""118"", ""sel_2th_pre_bid"": ""+15090"", ""sel_1th_pre_req_pre"": ""--5"", ""sel_fpr_req"": ""174"", ""sel_fpr_bid"": ""+15080"", ""buy_fpr_bid"": ""+15070"", ""buy_fpr_req"": ""3274"", ""buy_1th_pre_req_pre"": ""0"", ""buy_2th_pre_bid"": ""+15060"", ""buy_2th_pre_req"": ""1333"", ""buy_2th_pre_req_pre"": ""0"", ""buy_3th_pre_bid"": ""+15050"", ""buy_3th_pre_req"": ""761"", ""buy_3th_pre_req_pre"": ""0"", ""buy_4th_pre_bid"": ""+15040"", ""buy_4th_pre_req"": ""69"", ""buy_4th_pre_req_pre"": ""0"", ""buy_5th_pre_bid"": ""+15030"", ""buy_5th_pre_req"": ""281"", ""buy_5th_pre_req_pre"": ""0"", ""buy_6th_pre_bid"": ""+15020"", ""buy_6th_pre_req"": ""56"", ""buy_6th_pre_req_pre"": ""0"", ""buy_7th_pre_bid"": ""+15010"", ""buy_7th_pre_req"": ""233"", ""buy_7th_pre_req_pre"": ""0"", ""buy_8th_pre_bid"": ""+15000"", ""buy_8th_pre_req"": ""363"", ""buy_8th_pre_req_pre"": ""0"", ""buy_9th_pre_bid"": ""+14990"", ""buy_9th_pre_req"": ""125"", ""buy_9th_pre_req_pre"": ""0"", ""buy_10th_pre_bid"": ""+14980"", ""buy_10th_pre_req"": ""150"", ""buy_10th_pre_req_pre"": ""0"", ""tot_sel_req_jub_pre"": ""--5"", ""tot_sel_req"": ""13053"", ""tot_buy_req"": ""6645"", ""tot_buy_req_jub_pre"": ""0"", ""ovt_sel_req_pre"": ""0"", ""ovt_sel_req"": ""0"", ""ovt_buy_req"": ""0"", ""ovt_buy_req_pre"": ""0"", ""return_code"": 0, ""return_msg"": ""정상적으로 처리되었습니다""}"
2026-06-10,scan_candidate,001450,,0,main_scan,37650,,37650,37600,37650,37750,0.13280212483399734,0.13280212483399734,,,,,,"{""bid_req_base_tm"": ""111147"", ""sel_10th_pre_req_pre"": ""0"", ""sel_10th_pre_req"": ""536"", ""sel_10th_pre_bid"": ""+38100"", ""sel_9th_pre_req_pre"": ""0"", ""sel_9th_pre_req"": ""163"", ""sel_9th_pre_bid"": ""+38050"", ""sel_8th_pre_req_pre"": ""0"", ""sel_8th_pre_req"": ""512"", ""sel_8th_pre_bid"": ""+38000"", ""sel_7th_pre_req_pre"": ""0"", ""sel_7th_pre_req"": ""23"", ""sel_7th_pre_bid"": ""+37950"", ""sel_6th_pre_req_pre"": ""0"", ""sel_6th_pre_req"": ""99"", ""sel_6th_pre_bid"": ""+37900"", ""sel_5th_pre_req_pre"": ""0"", ""sel_5th_pre_req"": ""512"", ""sel_5th_pre_bid"": ""+37850"", ""sel_4th_pre_req_pre"": ""0"", ""sel_4th_pre_req"": ""213"", ""sel_4th_pre_bid"": ""+37800"", ""sel_3th_pre_req_pre"": ""0"", ""sel_3th_pre_req"": ""10"", ""sel_3th_pre_bid"": ""+37750"", ""sel_2th_pre_req_pre"": ""+33"", ""sel_2th_pre_req"": ""129"", ""sel_2th_pre_bid"": ""+37700"", ""sel_1th_pre_req_pre"": ""0"", ""sel_fpr_req"": ""150"", ""sel_fpr_bid"": ""+37650"", ""buy_fpr_bid"": ""+37600"", ""buy_fpr_req"": ""746"", ""buy_1th_pre_req_pre"": ""0"", ""buy_2th_pre_bid"": ""+37550"", ""buy_2th_pre_req"": ""109"", ""buy_2th_pre_req_pre"": ""0"", ""buy_3th_pre_bid"": ""+37500"", ""buy_3th_pre_req"": ""741"", ""buy_3th_pre_req_pre"": ""0"", ""buy_4th_pre_bid"": ""+37450"", ""buy_4th_pre_req"": ""662"", ""buy_4th_pre_req_pre"": ""0"", ""buy_5th_pre_bid"": ""+37400"", ""buy_5th_pre_req"": ""193"", ""buy_5th_pre_req_pre"": ""0"", ""buy_6th_pre_bid"": ""+37350"", ""buy_6th_pre_req"": ""132"", ""buy_6th_pre_req_pre"": ""0"", ""buy_7th_pre_bid"": ""+37300"", ""buy_7th_pre_req"": ""342"", ""buy_7th_pre_req_pre"": ""0"", ""buy_8th_pre_bid"": ""+37250"", ""buy_8th_pre_req"": ""204"", ""buy_8th_pre_req_pre"": ""0"", ""buy_9th_pre_bid"": ""+37200"", ""buy_9th_pre_req"": ""488"", ""buy_9th_pre_req_pre"": ""0"", ""buy_10th_pre_bid"": ""+37150"", ""buy_10th_pre_req"": ""46"", ""buy_10th_pre_req_pre"": ""0"", ""tot_sel_req_jub_pre"": ""+33"", ""tot_sel_req"": ""2347"", ""tot_buy_req"": ""3663"", ""tot_buy_req_jub_pre"": ""0"", ""ovt_sel_req_pre"": ""0"", ""ovt_sel_req"": ""0"", ""ovt_buy_req"": ""0"", ""ovt_buy_req_pre"": ""0"", ""return_code"": 0, ""return_msg"": ""정상적으로 처리되었습니다""}"
2026-06-10,scan_candidate,036460,,0,main_scan,34450,,34450,34400,34450,34450,-0.14513788098693758,0.14513788098693758,,,,,,"{""bid_req_base_tm"": ""111147"", ""sel_10th_pre_req_pre"": ""0"", ""sel_10th_pre_req"": ""619"", ""sel_10th_pre_bid"": ""+34900"", ""sel_9th_pre_req_pre"": ""0"", ""sel_9th_pre_req"": ""533"", ""sel_9th_pre_bid"": ""+34850"", ""sel_8th_pre_req_pre"": ""0"", ""sel_8th_pre_req"": ""310"", ""sel_8th_pre_bid"": ""+34800"", ""sel_7th_pre_req_pre"": ""0"", ""sel_7th_pre_req"": ""578"", ""sel_7th_pre_bid"": ""+34750"", ""sel_6th_pre_req_pre"": ""0"", ""sel_6th_pre_req"": ""662"", ""sel_6th_pre_bid"": ""+34700"", ""sel_5th_pre_req_pre"": ""0"", ""sel_5th_pre_req"": ""513"", ""sel_5th_pre_bid"": ""+34650"", ""sel_4th_pre_req_pre"": ""0"", ""sel_4th_pre_req"": ""1040"", ""sel_4th_pre_bid"": ""+34600"", ""sel_3th_pre_req_pre"": ""0"", ""sel_3th_pre_req"": ""473"", ""sel_3th_pre_bid"": ""+34550"", ""sel_2th_pre_req_pre"": ""0"", ""sel_2th_pre_req"": ""690"", ""sel_2th_pre_bid"": ""+34500"", ""sel_1th_pre_req_pre"": ""0"", ""sel_fpr_req"": ""100"", ""sel_fpr_bid"": ""+34450"", ""buy_fpr_bid"": ""+34400"", ""buy_fpr_req"": ""431"", ""buy_1th_pre_req_pre"": ""+1"", ""buy_2th_pre_bid"": ""+34350"", ""buy_2th_pre_req"": ""125"", ""buy_2th_pre_req_pre"": ""0"", ""buy_3th_pre_bid"": ""+34300"", ""buy_3th_pre_req"": ""177"", ""buy_3th_pre_req_pre"": ""0"", ""buy_4th_pre_bid"": ""+34250"", ""buy_4th_pre_req"": ""771"", ""buy_4th_pre_req_pre"": ""0"", ""buy_5th_pre_bid"": ""+34200"", ""buy_5th_pre_req"": ""760"", ""buy_5th_pre_req_pre"": ""0"", ""buy_6th_pre_bid"": ""+34150"", ""buy_6th_pre_req"": ""594"", ""buy_6th_pre_req_pre"": ""0"", ""buy_7th_pre_bid"": ""+34100"", ""buy_7th_pre_req"": ""700"", ""buy_7th_pre_req_pre"": ""0"", ""buy_8th_pre_bid"": ""+34050"", ""buy_8th_pre_req"": ""1218"", ""buy_8th_pre_req_pre"": ""0"", ""buy_9th_pre_bid"": ""34000"", ""buy_9th_pre_req"": ""3356"", ""buy_9th_pre_req_pre"": ""0"", ""buy_10th_pre_bid"": ""-33950"", ""buy_10th_pre_req"": ""854"", ""buy_10th_pre_req_pre"": ""0"", ""tot_sel_req_jub_pre"": ""0"", ""tot_sel_req"": ""5518"", ""tot_buy_req"": ""8986"", ""tot_buy_req_jub_pre"": ""+1"", ""ovt_sel_req_pre"": ""0"", ""ovt_sel_req"": ""0"", ""ovt_buy_req"": ""0"", ""ovt_buy_req_pre"": ""0"", ""return_code"": 0, ""return_msg"": ""정상적으로 처리되었습니다""}"
2026-06-10,scan_candidate,007810,,0,main_scan,119900,,119900,119600,119900,120000,-0.3336113427856547,0.25020850708924103,,,,,,"{""bid_req_base_tm"": ""111147"", ""sel_10th_pre_req_pre"": ""0"", ""sel_10th_pre_req"": ""7"", ""sel_10th_pre_bid"": ""+121100"", ""sel_9th_pre_req_pre"": ""0"", ""sel_9th_pre_req"": ""34"", ""sel_9th_pre_bid"": ""+121000"", ""sel_8th_pre_req_pre"": ""0"", ""sel_8th_pre_req"": ""251"", ""sel_8th_pre_bid"": ""+120800"", ""sel_7th_pre_req_pre"": ""0"", ""sel_7th_pre_req"": ""440"", ""sel_7th_pre_bid"": ""+120700"", ""sel_6th_pre_req_pre"": ""0"", ""sel_6th_pre_req"": ""91"", ""sel_6th_pre_bid"": ""+120500"", ""sel_5th_pre_req_pre"": ""0"", ""sel_5th_pre_req"": ""15"", ""sel_5th_pre_bid"": ""120300"", ""sel_4th_pre_req_pre"": ""0"", ""sel_4th_pre_req"": ""12"", ""sel_4th_pre_bid"": ""-120200"", ""sel_3th_pre_req_pre"": ""0"", ""sel_3th_pre_req"": ""4"", ""sel_3th_pre_bid"": ""-120100"", ""sel_2th_pre_req_pre"": ""0"", ""sel_2th_pre_req"": ""1"", ""sel_2th_pre_bid"": ""-120000"", ""sel_1th_pre_req_pre"": ""--2"", ""sel_fpr_req"": ""16"", ""sel_fpr_bid"": ""-119900"", ""buy_fpr_bid"": ""-119600"", ""buy_fpr_req"": ""13"", ""buy_1th_pre_req_pre"": ""0"", ""buy_2th_pre_bid"": ""-119500"", ""buy_2th_pre_req"": ""51"", ""buy_2th_pre_req_pre"": ""0"", ""buy_3th_pre_bid"": ""-119400"", ""buy_3th_pre_req"": ""68"", ""buy_3th_pre_req_pre"": ""0"", ""buy_4th_pre_bid"": ""-119300"", ""buy_4th_pre_req"": ""92"", ""buy_4th_pre_req_pre"": ""0"", ""buy_5th_pre_bid"": ""-119200"", ""buy_5th_pre_req"": ""281"", ""buy_5th_pre_req_pre"": ""0"", ""buy_6th_pre_bid"": ""-119100"", ""buy_6th_pre_req"": ""95"", ""buy_6th_pre_req_pre"": ""0"", ""buy_7th_pre_bid"": ""-119000"", ""buy_7th_pre_req"": ""265"", ""buy_7th_pre_req_pre"": ""0"", ""buy_8th_pre_bid"": ""-118900"", ""buy_8th_pre_req"": ""46"", ""buy_8th_pre_req_pre"": ""0"", ""buy_9th_pre_bid"": ""-118800"", ""buy_9th_pre_req"": ""143"", ""buy_9th_pre_req_pre"": ""0"", ""buy_10th_pre_bid"": ""-118700"", ""buy_10th_pre_req"": ""55"", ""buy_10th_pre_req_pre"": ""0"", ""tot_sel_req_jub_pre"": ""--2"", ""tot_sel_req"": ""871"", ""tot_buy_req"": ""1109"", ""tot_buy_req_jub_pre"": ""0"", ""ovt_sel_req_pre"": ""0"", ""ovt_sel_req"": ""0"", ""ovt_buy_req"": ""0"", ""ovt_buy_req_pre"": ""0"", ""return_code"": 0, ""return_msg"": ""정상적으로 처리되었습니다""}"
2026-06-10,scan_candidate,001740,,0,main_scan,14080,,14080,14070,14080,14050,-0.5681818181818182,0.07102272727272728,,,,,,"{""bid_req_base_tm"": ""111147"", ""sel_10th_pre_req_pre"": ""0"", ""sel_10th_pre_req"": ""1144"", ""sel_10th_pre_bid"": ""-14170"", ""sel_9th_pre_req_pre"": ""0"", ""sel_9th_pre_req"": ""4585"", ""sel_9th_pre_bid"": ""-14160"", ""sel_8th_pre_req_pre"": ""0"", ""sel_8th_pre_req"": ""1310"", ""sel_8th_pre_bid"": ""-14150"", ""sel_7th_pre_req_pre"": ""0"", ""sel_7th_pre_req"": ""1239"", ""sel_7th_pre_bid"": ""-14140"", ""sel_6th_pre_req_pre"": ""0"", ""sel_6th_pre_req"": ""1761"", ""sel_6th_pre_bid"": ""-14130"", ""sel_5th_pre_req_pre"": ""0"", ""sel_5th_pre_req"": ""273"", ""sel_5th_pre_bid"": ""-14120"", ""sel_4th_pre_req_pre"": ""0"", ""sel_4th_pre_req"": ""180"", ""sel_4th_pre_bid"": ""-14110"", ""sel_3th_pre_req_pre"": ""0"", ""sel_3th_pre_req"": ""1053"", ""sel_3th_pre_bid"": ""-14100"", ""sel_2th_pre_req_pre"": ""0"", ""sel_2th_pre_req"": ""1726"", ""sel_2th_pre_bid"": ""-14090"", ""sel_1th_pre_req_pre"": ""--162"", ""sel_fpr_req"": ""1405"", ""sel_fpr_bid"": ""-14080"", ""buy_fpr_bid"": ""-14070"", ""buy_fpr_req"": ""2362"", ""buy_1th_pre_req_pre"": ""0"", ""buy_2th_pre_bid"": ""-14060"", ""buy_2th_pre_req"": ""1176"", ""buy_2th_pre_req_pre"": ""+2"", ""buy_3th_pre_bid"": ""-14050"", ""buy_3th_pre_req"": ""2578"", ""buy_3th_pre_req_pre"": ""0"", ""buy_4th_pre_bid"": ""-14040"", ""buy_4th_pre_req"": ""1726"", ""buy_4th_pre_req_pre"": ""0"", ""buy_5th_pre_bid"": ""-14030"", ""buy_5th_pre_req"": ""2085"", ""buy_5th_pre_req_pre"": ""0"", ""buy_6th_pre_bid"": ""-14020"", ""buy_6th_pre_req"": ""1902"", ""buy_6th_pre_req_pre"": ""0"", ""buy_7th_pre_bid"": ""-14010"", ""buy_7th_pre_req"": ""8556"", ""buy_7th_pre_req_pre"": ""--2"", ""buy_8th_pre_bid"": ""-14000"", ""buy_8th_pre_req"": ""61939"", ""buy_8th_pre_req_pre"": ""0"", ""buy_9th_pre_bid"": ""-13990"", ""buy_9th_pre_req"": ""4587"", ""buy_9th_pre_req_pre"": ""0"", ""buy_10th_pre_bid"": ""-13980"", ""buy_10th_pre_req"": ""12459"", ""buy_10th_pre_req_pre"": ""0"", ""tot_sel_req_jub_pre"": ""--162"", ""tot_sel_req"": ""14676"", ""tot_buy_req"": ""99370"", ""tot_buy_req_jub_pre"": ""0"", ""ovt_sel_req_pre"": ""0"", ""ovt_sel_req"": ""0"", ""ovt_buy_req"": ""0"", ""ovt_buy_req_pre"": ""0"", ""return_code"": 0, ""return_msg"": ""정상적으로 처리되었습니다""}"
2026-06-10,scan_candidate,383220,,0,main_scan,75900,,75900,75700,75900,75700,-0.3952569169960474,0.2635046113306983,,,,,,"{""bid_req_base_tm"": ""111144"", ""sel_10th_pre_req_pre"": ""0"", ""sel_10th_pre_req"": ""106"", ""sel_10th_pre_bid"": ""+76900"", ""sel_9th_pre_req_pre"": ""0"", ""sel_9th_pre_req"": ""11"", ""sel_9th_pre_bid"": ""+76800"", ""sel_8th_pre_req_pre"": ""0"", ""sel_8th_pre_req"": ""9"", ""sel_8th_pre_bid"": ""+76700"", ""sel_7th_pre_req_pre"": ""0"", ""sel_7th_pre_req"": ""32"", ""sel_7th_pre_bid"": ""+76600"", ""sel_6th_pre_req_pre"": ""0"", ""sel_6th_pre_req"": ""14"", ""sel_6th_pre_bid"": ""+76500"", ""sel_5th_pre_req_pre"": ""0"", ""sel_5th_pre_req"": ""12"", ""sel_5th_pre_bid"": ""+76400"", ""sel_4th_pre_req_pre"": ""0"", ""sel_4th_pre_req"": ""100"", ""sel_4th_pre_bid"": ""+76300"", ""sel_3th_pre_req_pre"": ""0"", ""sel_3th_pre_req"": ""13"", ""sel_3th_pre_bid"": ""+76200"", ""sel_2th_pre_req_pre"": ""0"", ""sel_2th_pre_req"": ""84"", ""sel_2th_pre_bid"": ""+76000"", ""sel_1th_pre_req_pre"": ""+1"", ""sel_fpr_req"": ""3"", ""sel_fpr_bid"": ""+75900"", ""buy_fpr_bid"": ""+75700"", ""buy_fpr_req"": ""32"", ""buy_1th_pre_req_pre"": ""0"", ""buy_2th_pre_bid"": ""+75600"", ""buy_2th_pre_req"": ""3"", ""buy_2th_pre_req_pre"": ""0"", ""buy_3th_pre_bid"": ""+75500"", ""buy_3th_pre_req"": ""14"", ""buy_3th_pre_req_pre"": ""0"", ""buy_4th_pre_bid"": ""+75400"", ""buy_4th_pre_req"": ""21"", ""buy_4th_pre_req_pre"": ""0"", ""buy_5th_pre_bid"": ""+75300"", ""buy_5th_pre_req"": ""5"", ""buy_5th_pre_req_pre"": ""0"", ""buy_6th_pre_bid"": ""+75200"", ""buy_6th_pre_req"": ""35"", ""buy_6th_pre_req_pre"": ""0"", ""buy_7th_pre_bid"": ""+75100"", ""buy_7th_pre_req"": ""149"", ""buy_7th_pre_req_pre"": ""0"", ""buy_8th_pre_bid"": ""+74900"", ""buy_8th_pre_req"": ""9"", ""buy_8th_pre_req_pre"": ""0"", ""buy_9th_pre_bid"": ""+74700"", ""buy_9th_pre_req"": ""110"", ""buy_9th_pre_req_pre"": ""0"", ""buy_10th_pre_bid"": ""74600"", ""buy_10th_pre_req"": ""31"", ""buy_10th_pre_req_pre"": ""0"", ""tot_sel_req_jub_pre"": ""+1"", ""tot_sel_req"": ""384"", ""tot_buy_req"": ""409"", ""tot_buy_req_jub_pre"": ""0"", ""ovt_sel_req_pre"": ""0"", ""ovt_sel_req"": ""0"", ""ovt_buy_req"": ""0"", ""ovt_buy_req_pre"": ""0"", ""return_code"": 0, ""return_msg"": ""정상적으로 처리되었습니다""}"
2026-06-10,scan_candidate,014680,,0,main_scan,260000,,260000,259500,260000,261500,0.38461538461538464,0.19230769230769232,,,,,,"{""bid_req_base_tm"": ""111145"", ""sel_10th_pre_req_pre"": ""0"", ""sel_10th_pre_req"": ""2"", ""sel_10th_pre_bid"": ""+264500"", ""sel_9th_pre_req_pre"": ""0"", ""sel_9th_pre_req"": ""83"", ""sel_9th_pre_bid"": ""+264000"", ""sel_8th_pre_req_pre"": ""0"", ""sel_8th_pre_req"": ""13"", ""sel_8th_pre_bid"": ""+263500"", ""sel_7th_pre_req_pre"": ""0"", ""sel_7th_pre_req"": ""4"", ""sel_7th_pre_bid"": ""+263000"", ""sel_6th_pre_req_pre"": ""0"", ""sel_6th_pre_req"": ""4"", ""sel_6th_pre_bid"": ""+262500"", ""sel_5th_pre_req_pre"": ""0"", ""sel_5th_pre_req"": ""2"", ""sel_5th_pre_bid"": ""+262000"", ""sel_4th_pre_req_pre"": ""0"", ""sel_4th_pre_req"": ""15"", ""sel_4th_pre_bid"": ""+261500"", ""sel_3th_pre_req_pre"": ""0"", ""sel_3th_pre_req"": ""19"", ""sel_3th_pre_bid"": ""+261000"", ""sel_2th_pre_req_pre"": ""0"", ""sel_2th_pre_req"": ""34"", ""sel_2th_pre_bid"": ""+260500"", ""sel_1th_pre_req_pre"": ""+1"", ""sel_fpr_req"": ""172"", ""sel_fpr_bid"": ""+260000"", ""buy_fpr_bid"": ""+259500"", ""buy_fpr_req"": ""147"", ""buy_1th_pre_req_pre"": ""0"", ""buy_2th_pre_bid"": ""+259000"", ""buy_2th_pre_req"": ""264"", ""buy_2th_pre_req_pre"": ""0"", ""buy_3th_pre_bid"": ""+258500"", ""buy_3th_pre_req"": ""120"", ""buy_3th_pre_req_pre"": ""0"", ""buy_4th_pre_bid"": ""+258000"", ""buy_4th_pre_req"": ""120"", ""buy_4th_pre_req_pre"": ""0"", ""buy_5th_pre_bid"": ""+257500"", ""buy_5th_pre_req"": ""132"", ""buy_5th_pre_req_pre"": ""0"", ""buy_6th_pre_bid"": ""+257000"", ""buy_6th_pre_req"": ""141"", ""buy_6th_pre_req_pre"": ""0"", ""buy_7th_pre_bid"": ""+256500"", ""buy_7th_pre_req"": ""3"", ""buy_7th_pre_req_pre"": ""0"", ""buy_8th_pre_bid"": ""+256000"", ""buy_8th_pre_req"": ""45"", ""buy_8th_pre_req_pre"": ""0"", ""buy_9th_pre_bid"": ""+255500"", ""buy_9th_pre_req"": ""79"", ""buy_9th_pre_req_pre"": ""0"", ""buy_10th_pre_bid"": ""+255000"", ""buy_10th_pre_req"": ""3"", ""buy_10th_pre_req_pre"": ""0"", ""tot_sel_req_jub_pre"": ""+1"", ""tot_sel_req"": ""348"", ""tot_buy_req"": ""1054"", ""tot_buy_req_jub_pre"": ""0"", ""ovt_sel_req_pre"": ""0"", ""ovt_sel_req"": ""0"", ""ovt_buy_req"": ""0"", ""ovt_buy_req_pre"": ""0"", ""return_code"": 0, ""return_msg"": ""정상적으로 처리되었습니다""}"
2026-06-10,scan_candidate,028670,,0,main_scan,5020,,5020,5010,5020,5050,0.398406374501992,0.199203187250996,,,,,,"{""bid_req_base_tm"": ""111146"", ""sel_10th_pre_req_pre"": ""0"", ""sel_10th_pre_req"": ""301"", ""sel_10th_pre_bid"": ""-5110"", ""sel_9th_pre_req_pre"": ""0"", ""sel_9th_pre_req"": ""2011"", ""sel_9th_pre_bid"": ""-5100"", ""sel_8th_pre_req_pre"": ""0"", ""sel_8th_pre_req"": ""1385"", ""sel_8th_pre_bid"": ""-5090"", ""sel_7th_pre_req_pre"": ""0"", ""sel_7th_pre_req"": ""1117"", ""sel_7th_pre_bid"": ""-5080"", ""sel_6th_pre_req_pre"": ""0"", ""sel_6th_pre_req"": ""401"", ""sel_6th_pre_bid"": ""-5070"", ""sel_5th_pre_req_pre"": ""0"", ""sel_5th_pre_req"": ""304"", ""sel_5th_pre_bid"": ""-5060"", ""sel_4th_pre_req_pre"": ""0"", ""sel_4th_pre_req"": ""1171"", ""sel_4th_pre_bid"": ""-5050"", ""sel_3th_pre_req_pre"": ""0"", ""sel_3th_pre_req"": ""982"", ""sel_3th_pre_bid"": ""-5040"", ""sel_2th_pre_req_pre"": ""0"", ""sel_2th_pre_req"": ""1560"", ""sel_2th_pre_bid"": ""-5030"", ""sel_1th_pre_req_pre"": ""0"", ""sel_fpr_req"": ""14090"", ""sel_fpr_bid"": ""-5020"", ""buy_fpr_bid"": ""-5010"", ""buy_fpr_req"": ""12336"", ""buy_1th_pre_req_pre"": ""--29"", ""buy_2th_pre_bid"": ""-5000"", ""buy_2th_pre_req"": ""17582"", ""buy_2th_pre_req_pre"": ""0"", ""buy_3th_pre_bid"": ""-4995"", ""buy_3th_pre_req"": ""7119"", ""buy_3th_pre_req_pre"": ""0"", ""buy_4th_pre_bid"": ""-4990"", ""buy_4th_pre_req"": ""6152"", ""buy_4th_pre_req_pre"": ""0"", ""buy_5th_pre_bid"": ""-4985"", ""buy_5th_pre_req"": ""1551"", ""buy_5th_pre_req_pre"": ""0"", ""buy_6th_pre_bid"": ""-4980"", ""buy_6th_pre_req"": ""7364"", ""buy_6th_pre_req_pre"": ""0"", ""buy_7th_pre_bid"": ""-4975"", ""buy_7th_pre_req"": ""416"", ""buy_7th_pre_req_pre"": ""0"", ""buy_8th_pre_bid"": ""-4970"", ""buy_8th_pre_req"": ""7762"", ""buy_8th_pre_req_pre"": ""0"", ""buy_9th_pre_bid"": ""-4965"", ""buy_9th_pre_req"": ""505"", ""buy_9th_pre_req_pre"": ""0"", ""buy_10th_pre_bid"": ""-4960"", ""buy_10th_pre_req"": ""2937"", ""buy_10th_pre_req_pre"": ""0"", ""tot_sel_req_jub_pre"": ""0"", ""tot_sel_req"": ""23322"", ""tot_buy_req"": ""63724"", ""tot_buy_req_jub_pre"": ""--29"", ""ovt_sel_req_pre"": ""0"", ""ovt_sel_req"": ""0"", ""ovt_buy_req"": ""0"", ""ovt_buy_req_pre"": ""0"", ""return_code"": 0, ""return_msg"": ""정상적으로 처리되었습니다""}"
2026-06-10,scan_candidate,009420,,0,main_scan,50300,,50300,50100,50300,50500,0.19880715705765406,0.3976143141153081,,,,,,"{""bid_req_base_tm"": ""111147"", ""sel_10th_pre_req_pre"": ""0"", ""sel_10th_pre_req"": ""652"", ""sel_10th_pre_bid"": ""-51200"", ""sel_9th_pre_req_pre"": ""0"", ""sel_9th_pre_req"": ""79"", ""sel_9th_pre_bid"": ""-51100"", ""sel_8th_pre_req_pre"": ""0"", ""sel_8th_pre_req"": ""163"", ""sel_8th_pre_bid"": ""-51000"", ""sel_7th_pre_req_pre"": ""0"", ""sel_7th_pre_req"": ""232"", ""sel_7th_pre_bid"": ""-50900"", ""sel_6th_pre_req_pre"": ""0"", ""sel_6th_pre_req"": ""57"", ""sel_6th_pre_bid"": ""-50800"", ""sel_5th_pre_req_pre"": ""0"", ""sel_5th_pre_req"": ""54"", ""sel_5th_pre_bid"": ""-50700"", ""sel_4th_pre_req_pre"": ""0"", ""sel_4th_pre_req"": ""21"", ""sel_4th_pre_bid"": ""-50600"", ""sel_3th_pre_req_pre"": ""0"", ""sel_3th_pre_req"": ""103"", ""sel_3th_pre_bid"": ""-50500"", ""sel_2th_pre_req_pre"": ""0"", ""sel_2th_pre_req"": ""81"", ""sel_2th_pre_bid"": ""-50400"", ""sel_1th_pre_req_pre"": ""+3"", ""sel_fpr_req"": ""246"", ""sel_fpr_bid"": ""-50300"", ""buy_fpr_bid"": ""-50100"", ""buy_fpr_req"": ""274"", ""buy_1th_pre_req_pre"": ""0"", ""buy_2th_pre_bid"": ""-50000"", ""buy_2th_pre_req"": ""747"", ""buy_2th_pre_req_pre"": ""0"", ""buy_3th_pre_bid"": ""-49950"", ""buy_3th_pre_req"": ""360"", ""buy_3th_pre_req_pre"": ""0"", ""buy_4th_pre_bid"": ""-49900"", ""buy_4th_pre_req"": ""376"", ""buy_4th_pre_req_pre"": ""0"", ""buy_5th_pre_bid"": ""-49850"", ""buy_5th_pre_req"": ""559"", ""buy_5th_pre_req_pre"": ""0"", ""buy_6th_pre_bid"": ""-49800"", ""buy_6th_pre_req"": ""592"", ""buy_6th_pre_req_pre"": ""0"", ""buy_7th_pre_bid"": ""-49750"", ""buy_7th_pre_req"": ""850"", ""buy_7th_pre_req_pre"": ""0"", ""buy_8th_pre_bid"": ""-49700"", ""buy_8th_pre_req"": ""1234"", ""buy_8th_pre_req_pre"": ""0"", ""buy_9th_pre_bid"": ""-49650"", ""buy_9th_pre_req"": ""42"", ""buy_9th_pre_req_pre"": ""0"", ""buy_10th_pre_bid"": ""-49600"", ""buy_10th_pre_req"": ""897"", ""buy_10th_pre_req_pre"": ""0"", ""tot_sel_req_jub_pre"": ""+3"", ""tot_sel_req"": ""1688"", ""tot_buy_req"": ""5931"", ""tot_buy_req_jub_pre"": ""0"", ""ovt_sel_req_pre"": ""0"", ""ovt_sel_req"": ""0"", ""ovt_buy_req"": ""0"", ""ovt_buy_req_pre"": ""0"", ""return_code"": 0, ""return_msg"": ""정상적으로 처리되었습니다""}"
2026-06-10,scan_candidate,375500,,0,main_scan,71000,,71000,70900,71000,71400,0.42253521126760557,0.14084507042253522,,,,,,"{""bid_req_base_tm"": ""111148"", ""sel_10th_pre_req_pre"": ""0"", ""sel_10th_pre_req"": ""274"", ""sel_10th_pre_bid"": ""+72000"", ""sel_9th_pre_req_pre"": ""0"", ""sel_9th_pre_req"": ""203"", ""sel_9th_pre_bid"": ""+71900"", ""sel_8th_pre_req_pre"": ""0"", ""sel_8th_pre_req"": ""202"", ""sel_8th_pre_bid"": ""+71800"", ""sel_7th_pre_req_pre"": ""0"", ""sel_7th_pre_req"": ""25"", ""sel_7th_pre_bid"": ""+71700"", ""sel_6th_pre_req_pre"": ""0"", ""sel_6th_pre_req"": ""76"", ""sel_6th_pre_bid"": ""+71600"", ""sel_5th_pre_req_pre"": ""0"", ""sel_5th_pre_req"": ""255"", ""sel_5th_pre_bid"": ""+71500"", ""sel_4th_pre_req_pre"": ""0"", ""sel_4th_pre_req"": ""21"", ""sel_4th_pre_bid"": ""+71400"", ""sel_3th_pre_req_pre"": ""0"", ""sel_3th_pre_req"": ""108"", ""sel_3th_pre_bid"": ""+71200"", ""sel_2th_pre_req_pre"": ""0"", ""sel_2th_pre_req"": ""163"", ""sel_2th_pre_bid"": ""+71100"", ""sel_1th_pre_req_pre"": ""0"", ""sel_fpr_req"": ""1"", ""sel_fpr_bid"": ""+71000"", ""buy_fpr_bid"": ""+70900"", ""buy_fpr_req"": ""731"", ""buy_1th_pre_req_pre"": ""0"", ""buy_2th_pre_bid"": ""+70800"", ""buy_2th_pre_req"": ""613"", ""buy_2th_pre_req_pre"": ""0"", ""buy_3th_pre_bid"": ""+70700"", ""buy_3th_pre_req"": ""88"", ""buy_3th_pre_req_pre"": ""0"", ""buy_4th_pre_bid"": ""+70600"", ""buy_4th_pre_req"": ""3"", ""buy_4th_pre_req_pre"": ""0"", ""buy_5th_pre_bid"": ""+70500"", ""buy_5th_pre_req"": ""104"", ""buy_5th_pre_req_pre"": ""0"", ""buy_6th_pre_bid"": ""+70400"", ""buy_6th_pre_req"": ""43"", ""buy_6th_pre_req_pre"": ""0"", ""buy_7th_pre_bid"": ""+70300"", ""buy_7th_pre_req"": ""42"", ""buy_7th_pre_req_pre"": ""0"", ""buy_8th_pre_bid"": ""+70200"", ""buy_8th_pre_req"": ""77"", ""buy_8th_pre_req_pre"": ""0"", ""buy_9th_pre_bid"": ""+70100"", ""buy_9th_pre_req"": ""146"", ""buy_9th_pre_req_pre"": ""0"", ""buy_10th_pre_bid"": ""+70000"", ""buy_10th_pre_req"": ""128"", ""buy_10th_pre_req_pre"": ""0"", ""tot_sel_req_jub_pre"": ""0"", ""tot_sel_req"": ""1328"", ""tot_buy_req"": ""1975"", ""tot_buy_req_jub_pre"": ""0"", ""ovt_sel_req_pre"": ""0"", ""ovt_sel_req"": ""0"", ""ovt_buy_req"": ""0"", ""ovt_buy_req_pre"": ""0"", ""return_code"": 0, ""return_msg"": ""정상적으로 처리되었습니다""}"
2026-06-10,scan_candidate,004990,,0,main_scan,25850,,25850,25800,25850,25750,-0.5802707930367506,0.19342359767891684,,,,,,"{""bid_req_base_tm"": ""111149"", ""sel_10th_pre_req_pre"": ""0"", ""sel_10th_pre_req"": ""140"", ""sel_10th_pre_bid"": ""+26300"", ""sel_9th_pre_req_pre"": ""0"", ""sel_9th_pre_req"": ""135"", ""sel_9th_pre_bid"": ""+26250"", ""sel_8th_pre_req_pre"": ""0"", ""sel_8th_pre_req"": ""196"", ""sel_8th_pre_bid"": ""+26200"", ""sel_7th_pre_req_pre"": ""0"", ""sel_7th_pre_req"": ""3115"", ""sel_7th_pre_bid"": ""26150"", ""sel_6th_pre_req_pre"": ""0"", ""sel_6th_pre_req"": ""428"", ""sel_6th_pre_bid"": ""-26100"", ""sel_5th_pre_req_pre"": ""0"", ""sel_5th_pre_req"": ""264"", ""sel_5th_pre_bid"": ""-26050"", ""sel_4th_pre_req_pre"": ""0"", ""sel_4th_pre_req"": ""55"", ""sel_4th_pre_bid"": ""-26000"", ""sel_3th_pre_req_pre"": ""0"", ""sel_3th_pre_req"": ""34"", ""sel_3th_pre_bid"": ""-25950"", ""sel_2th_pre_req_pre"": ""0"", ""sel_2th_pre_req"": ""29"", ""sel_2th_pre_bid"": ""-25900"", ""sel_1th_pre_req_pre"": ""0"", ""sel_fpr_req"": ""76"", ""sel_fpr_bid"": ""-25850"", ""buy_fpr_bid"": ""-25800"", ""buy_fpr_req"": ""346"", ""buy_1th_pre_req_pre"": ""0"", ""buy_2th_pre_bid"": ""-25750"", ""buy_2th_pre_req"": ""508"", ""buy_2th_pre_req_pre"": ""0"", ""buy_3th_pre_bid"": ""-25700"", ""buy_3th_pre_req"": ""100"", ""buy_3th_pre_req_pre"": ""0"", ""buy_4th_pre_bid"": ""-25650"", ""buy_4th_pre_req"": ""76"", ""buy_4th_pre_req_pre"": ""0"", ""buy_5th_pre_bid"": ""-25600"", ""buy_5th_pre_req"": ""295"", ""buy_5th_pre_req_pre"": ""0"", ""buy_6th_pre_bid"": ""-25550"", ""buy_6th_pre_req"": ""637"", ""buy_6th_pre_req_pre"": ""0"", ""buy_7th_pre_bid"": ""-25500"", ""buy_7th_pre_req"": ""993"", ""buy_7th_pre_req_pre"": ""0"", ""buy_8th_pre_bid"": ""-25450"", ""buy_8th_pre_req"": ""67"", ""buy_8th_pre_req_pre"": ""0"", ""buy_9th_pre_bid"": ""-25400"", ""buy_9th_pre_req"": ""650"", ""buy_9th_pre_req_pre"": ""0"", ""buy_10th_pre_bid"": ""-25350"", ""buy_10th_pre_req"": ""391"", ""buy_10th_pre_req_pre"": ""0"", ""tot_sel_req_jub_pre"": ""0"", ""tot_sel_req"": ""4472"", ""tot_buy_req"": ""4063"", ""tot_buy_req_jub_pre"": ""0"", ""ovt_sel_req_pre"": ""0"", ""ovt_sel_req"": ""0"", ""ovt_buy_req"": ""0"", ""ovt_buy_req_pre"": ""0"", ""return_code"": 0, ""return_msg"": ""정상적으로 처리되었습니다""}"
2026-06-10,scan_candidate,483650,,0,main_scan,204000,,204000,203500,204000,203500,-0.49019607843137253,0.24509803921568626,,,,,,"{""bid_req_base_tm"": ""111148"", ""sel_10th_pre_req_pre"": ""0"", ""sel_10th_pre_req"": ""598"", ""sel_10th_pre_bid"": ""+208500"", ""sel_9th_pre_req_pre"": ""0"", ""sel_9th_pre_req"": ""448"", ""sel_9th_pre_bid"": ""+208000"", ""sel_8th_pre_req_pre"": ""0"", ""sel_8th_pre_req"": ""447"", ""sel_8th_pre_bid"": ""+207500"", ""sel_7th_pre_req_pre"": ""0"", ""sel_7th_pre_req"": ""273"", ""sel_7th_pre_bid"": ""+207000"", ""sel_6th_pre_req_pre"": ""0"", ""sel_6th_pre_req"": ""70"", ""sel_6th_pre_bid"": ""+206500"", ""sel_5th_pre_req_pre"": ""0"", ""sel_5th_pre_req"": ""67"", ""sel_5th_pre_bid"": ""+206000"", ""sel_4th_pre_req_pre"": ""0"", ""sel_4th_pre_req"": ""82"", ""sel_4th_pre_bid"": ""+205500"", ""sel_3th_pre_req_pre"": ""0"", ""sel_3th_pre_req"": ""345"", ""sel_3th_pre_bid"": ""+205000"", ""sel_2th_pre_req_pre"": ""0"", ""sel_2th_pre_req"": ""230"", ""sel_2th_pre_bid"": ""+204500"", ""sel_1th_pre_req_pre"": ""--6"", ""sel_fpr_req"": ""108"", ""sel_fpr_bid"": ""+204000"", ""buy_fpr_bid"": ""+203500"", ""buy_fpr_req"": ""261"", ""buy_1th_pre_req_pre"": ""+1"", ""buy_2th_pre_bid"": ""+203000"", ""buy_2th_pre_req"": ""201"", ""buy_2th_pre_req_pre"": ""0"", ""buy_3th_pre_bid"": ""+202500"", ""buy_3th_pre_req"": ""174"", ""buy_3th_pre_req_pre"": ""0"", ""buy_4th_pre_bid"": ""+202000"", ""buy_4th_pre_req"": ""47"", ""buy_4th_pre_req_pre"": ""0"", ""buy_5th_pre_bid"": ""+201500"", ""buy_5th_pre_req"": ""138"", ""buy_5th_pre_req_pre"": ""0"", ""buy_6th_pre_bid"": ""+201000"", ""buy_6th_pre_req"": ""279"", ""buy_6th_pre_req_pre"": ""0"", ""buy_7th_pre_bid"": ""+200500"", ""buy_7th_pre_req"": ""154"", ""buy_7th_pre_req_pre"": ""0"", ""buy_8th_pre_bid"": ""+200000"", ""buy_8th_pre_req"": ""253"", ""buy_8th_pre_req_pre"": ""0"", ""buy_9th_pre_bid"": ""+199900"", ""buy_9th_pre_req"": ""157"", ""buy_9th_pre_req_pre"": ""0"", ""buy_10th_pre_bid"": ""+199800"", ""buy_10th_pre_req"": ""13"", ""buy_10th_pre_req_pre"": ""0"", ""tot_sel_req_jub_pre"": ""--6"", ""tot_sel_req"": ""2668"", ""tot_buy_req"": ""1677"", ""tot_buy_req_jub_pre"": ""+1"", ""ovt_sel_req_pre"": ""0"", ""ovt_sel_req"": ""0"", ""ovt_buy_req"": ""0"", ""ovt_buy_req_pre"": ""0"", ""return_code"": 0, ""return_msg"": ""정상적으로 처리되었습니다""}"
2026-06-10,scan_candidate,003690,,0,main_scan,13230,,13230,13220,13230,13250,-0.22675736961451248,0.07558578987150416,,,,,,"{""bid_req_base_tm"": ""111136"", ""sel_10th_pre_req_pre"": ""0"", ""sel_10th_pre_req"": ""1"", ""sel_10th_pre_bid"": ""-13320"", ""sel_9th_pre_req_pre"": ""0"", ""sel_9th_pre_req"": ""2"", ""sel_9th_pre_bid"": ""-13310"", ""sel_8th_pre_req_pre"": ""0"", ""sel_8th_pre_req"": ""186"", ""sel_8th_pre_bid"": ""-13300"", ""sel_7th_pre_req_pre"": ""0"", ""sel_7th_pre_req"": ""23"", ""sel_7th_pre_bid"": ""-13290"", ""sel_6th_pre_req_pre"": ""0"", ""sel_6th_pre_req"": ""2"", ""sel_6th_pre_bid"": ""-13280"", ""sel_5th_pre_req_pre"": ""0"", ""sel_5th_pre_req"": ""14"", ""sel_5th_pre_bid"": ""-13270"", ""sel_4th_pre_req_pre"": ""0"", ""sel_4th_pre_req"": ""23"", ""sel_4th_pre_bid"": ""-13260"", ""sel_3th_pre_req_pre"": ""0"", ""sel_3th_pre_req"": ""11"", ""sel_3th_pre_bid"": ""-13250"", ""sel_2th_pre_req_pre"": ""0"", ""sel_2th_pre_req"": ""31"", ""sel_2th_pre_bid"": ""-13240"", ""sel_1th_pre_req_pre"": ""0"", ""sel_fpr_req"": ""32"", ""sel_fpr_bid"": ""-13230"", ""buy_fpr_bid"": ""-13220"", ""buy_fpr_req"": ""169"", ""buy_1th_pre_req_pre"": ""--96"", ""buy_2th_pre_bid"": ""-13210"", ""buy_2th_pre_req"": ""658"", ""buy_2th_pre_req_pre"": ""0"", ""buy_3th_pre_bid"": ""-13200"", ""buy_3th_pre_req"": ""90"", ""buy_3th_pre_req_pre"": ""0"", ""buy_4th_pre_bid"": ""-13190"", ""buy_4th_pre_req"": ""50"", ""buy_4th_pre_req_pre"": ""0"", ""buy_5th_pre_bid"": ""-13180"", ""buy_5th_pre_req"": ""115"", ""buy_5th_pre_req_pre"": ""0"", ""buy_6th_pre_bid"": ""-13170"", ""buy_6th_pre_req"": ""80"", ""buy_6th_pre_req_pre"": ""0"", ""buy_7th_pre_bid"": ""-13160"", ""buy_7th_pre_req"": ""52"", ""buy_7th_pre_req_pre"": ""0"", ""buy_8th_pre_bid"": ""-13150"", ""buy_8th_pre_req"": ""53"", ""buy_8th_pre_req_pre"": ""0"", ""buy_9th_pre_bid"": ""-13140"", ""buy_9th_pre_req"": ""51"", ""buy_9th_pre_req_pre"": ""0"", ""buy_10th_pre_bid"": ""-13130"", ""buy_10th_pre_req"": ""351"", ""buy_10th_pre_req_pre"": ""0"", ""tot_sel_req_jub_pre"": ""0"", ""tot_sel_req"": ""325"", ""tot_buy_req"": ""1669"", ""tot_buy_req_jub_pre"": ""--96"", ""ovt_sel_req_pre"": ""0"", ""ovt_sel_req"": ""0"", ""ovt_buy_req"": ""0"", ""ovt_buy_req_pre"": ""0"", ""return_code"": 0, ""return_msg"": ""정상적으로 처리되었습니다""}"
2026-06-10,scan_candidate,279570,,0,main_scan,6140,,6140,6130,6140,6110,-0.6514657980456027,0.16286644951140067,,,,,,"{""bid_req_base_tm"": ""111149"", ""sel_10th_pre_req_pre"": ""0"", ""sel_10th_pre_req"": ""11929"", ""sel_10th_pre_bid"": ""+6230"", ""sel_9th_pre_req_pre"": ""+1"", ""sel_9th_pre_req"": ""3970"", ""sel_9th_pre_bid"": ""+6220"", ""sel_8th_pre_req_pre"": ""0"", ""sel_8th_pre_req"": ""22040"", ""sel_8th_pre_bid"": ""+6210"", ""sel_7th_pre_req_pre"": ""0"", ""sel_7th_pre_req"": ""65064"", ""sel_7th_pre_bid"": ""+6200"", ""sel_6th_pre_req_pre"": ""0"", ""sel_6th_pre_req"": ""28159"", ""sel_6th_pre_bid"": ""+6190"", ""sel_5th_pre_req_pre"": ""0"", ""sel_5th_pre_req"": ""15632"", ""sel_5th_pre_bid"": ""+6180"", ""sel_4th_pre_req_pre"": ""0"", ""sel_4th_pre_req"": ""16603"", ""sel_4th_pre_bid"": ""+6170"", ""sel_3th_pre_req_pre"": ""0"", ""sel_3th_pre_req"": ""11539"", ""sel_3th_pre_bid"": ""+6160"", ""sel_2th_pre_req_pre"": ""0"", ""sel_2th_pre_req"": ""33903"", ""sel_2th_pre_bid"": ""+6150"", ""sel_1th_pre_req_pre"": ""0"", ""sel_fpr_req"": ""14567"", ""sel_fpr_bid"": ""+6140"", ""buy_fpr_bid"": ""+6130"", ""buy_fpr_req"": ""48047"", ""buy_1th_pre_req_pre"": ""0"", ""buy_2th_pre_bid"": ""+6120"", ""buy_2th_pre_req"": ""2725"", ""buy_2th_pre_req_pre"": ""0"", ""buy_3th_pre_bid"": ""+6110"", ""buy_3th_pre_req"": ""2487"", ""buy_3th_pre_req_pre"": ""0"", ""buy_4th_pre_bid"": ""+6100"", ""buy_4th_pre_req"": ""7790"", ""buy_4th_pre_req_pre"": ""0"", ""buy_5th_pre_bid"": ""+6090"", ""buy_5th_pre_req"": ""2335"", ""buy_5th_pre_req_pre"": ""0"", ""buy_6th_pre_bid"": ""+6080"", ""buy_6th_pre_req"": ""3340"", ""buy_6th_pre_req_pre"": ""0"", ""buy_7th_pre_bid"": ""+6070"", ""buy_7th_pre_req"": ""9778"", ""buy_7th_pre_req_pre"": ""0"", ""buy_8th_pre_bid"": ""+6060"", ""buy_8th_pre_req"": ""11691"", ""buy_8th_pre_req_pre"": ""0"", ""buy_9th_pre_bid"": ""+6050"", ""buy_9th_pre_req"": ""10631"", ""buy_9th_pre_req_pre"": ""0"", ""buy_10th_pre_bid"": ""+6040"", ""buy_10th_pre_req"": ""6241"", ""buy_10th_pre_req_pre"": ""0"", ""tot_sel_req_jub_pre"": ""+1"", ""tot_sel_req"": ""223406"", ""tot_buy_req"": ""105065"", ""tot_buy_req_jub_pre"": ""0"", ""ovt_sel_req_pre"": ""0"", ""ovt_sel_req"": ""0"", ""ovt_buy_req"": ""0"", ""ovt_buy_req_pre"": ""0"", ""return_code"": 0, ""return_msg"": ""정상적으로 처리되었습니다""}"
2026-06-10,scan_candidate,008770,,0,main_scan,56000,,56000,55900,56000,55500,-1.0714285714285714,0.17857142857142858,,,,,,"{""bid_req_base_tm"": ""111148"", ""sel_10th_pre_req_pre"": ""0"", ""sel_10th_pre_req"": ""371"", ""sel_10th_pre_bid"": ""+56900"", ""sel_9th_pre_req_pre"": ""0"", ""sel_9th_pre_req"": ""136"", ""sel_9th_pre_bid"": ""+56800"", ""sel_8th_pre_req_pre"": ""0"", ""sel_8th_pre_req"": ""34"", ""sel_8th_pre_bid"": ""+56700"", ""sel_7th_pre_req_pre"": ""0"", ""sel_7th_pre_req"": ""130"", ""sel_7th_pre_bid"": ""+56600"", ""sel_6th_pre_req_pre"": ""0"", ""sel_6th_pre_req"": ""753"", ""sel_6th_pre_bid"": ""+56500"", ""sel_5th_pre_req_pre"": ""0"", ""sel_5th_pre_req"": ""178"", ""sel_5th_pre_bid"": ""+56400"", ""sel_4th_pre_req_pre"": ""0"", ""sel_4th_pre_req"": ""134"", ""sel_4th_pre_bid"": ""+56300"", ""sel_3th_pre_req_pre"": ""0"", ""sel_3th_pre_req"": ""133"", ""sel_3th_pre_bid"": ""+56200"", ""sel_2th_pre_req_pre"": ""0"", ""sel_2th_pre_req"": ""655"", ""sel_2th_pre_bid"": ""+56100"", ""sel_1th_pre_req_pre"": ""0"", ""sel_fpr_req"": ""435"", ""sel_fpr_bid"": ""+56000"", ""buy_fpr_bid"": ""+55900"", ""buy_fpr_req"": ""32"", ""buy_1th_pre_req_pre"": ""0"", ""buy_2th_pre_bid"": ""+55800"", ""buy_2th_pre_req"": ""85"", ""buy_2th_pre_req_pre"": ""0"", ""buy_3th_pre_bid"": ""+55600"", ""buy_3th_pre_req"": ""315"", ""buy_3th_pre_req_pre"": ""0"", ""buy_4th_pre_bid"": ""+55500"", ""buy_4th_pre_req"": ""40"", ""buy_4th_pre_req_pre"": ""0"", ""buy_5th_pre_bid"": ""+55400"", ""buy_5th_pre_req"": ""9"", ""buy_5th_pre_req_pre"": ""0"", ""buy_6th_pre_bid"": ""+55300"", ""buy_6th_pre_req"": ""157"", ""buy_6th_pre_req_pre"": ""0"", ""buy_7th_pre_bid"": ""55200"", ""buy_7th_pre_req"": ""22"", ""buy_7th_pre_req_pre"": ""0"", ""buy_8th_pre_bid"": ""-55100"", ""buy_8th_pre_req"": ""160"", ""buy_8th_pre_req_pre"": ""0"", ""buy_9th_pre_bid"": ""-55000"", ""buy_9th_pre_req"": ""129"", ""buy_9th_pre_req_pre"": ""0"", ""buy_10th_pre_bid"": ""-54900"", ""buy_10th_pre_req"": ""61"", ""buy_10th_pre_req_pre"": ""0"", ""tot_sel_req_jub_pre"": ""0"", ""tot_sel_req"": ""2959"", ""tot_buy_req"": ""1010"", ""tot_buy_req_jub_pre"": ""0"", ""ovt_sel_req_pre"": ""0"", ""ovt_sel_req"": ""0"", ""ovt_buy_req"": ""0"", ""ovt_buy_req_pre"": ""0"", ""return_code"": 0, ""return_msg"": ""정상적으로 처리되었습니다""}"
2026-06-10,scan_candidate,081660,,0,main_scan,40400,,40400,40300,40400,40450,0.0,0.24752475247524752,,,,,,"{""bid_req_base_tm"": ""111148"", ""sel_10th_pre_req_pre"": ""0"", ""sel_10th_pre_req"": ""166"", ""sel_10th_pre_bid"": ""+40900"", ""sel_9th_pre_req_pre"": ""0"", ""sel_9th_pre_req"": ""136"", ""sel_9th_pre_bid"": ""+40800"", ""sel_8th_pre_req_pre"": ""0"", ""sel_8th_pre_req"": ""13"", ""sel_8th_pre_bid"": ""+40750"", ""sel_7th_pre_req_pre"": ""0"", ""sel_7th_pre_req"": ""70"", ""sel_7th_pre_bid"": ""+40700"", ""sel_6th_pre_req_pre"": ""0"", ""sel_6th_pre_req"": ""50"", ""sel_6th_pre_bid"": ""+40650"", ""sel_5th_pre_req_pre"": ""0"", ""sel_5th_pre_req"": ""75"", ""sel_5th_pre_bid"": ""+40600"", ""sel_4th_pre_req_pre"": ""0"", ""sel_4th_pre_req"": ""251"", ""sel_4th_pre_bid"": ""+40550"", ""sel_3th_pre_req_pre"": ""0"", ""sel_3th_pre_req"": ""260"", ""sel_3th_pre_bid"": ""+40500"", ""sel_2th_pre_req_pre"": ""0"", ""sel_2th_pre_req"": ""60"", ""sel_2th_pre_bid"": ""+40450"", ""sel_1th_pre_req_pre"": ""0"", ""sel_fpr_req"": ""75"", ""sel_fpr_bid"": ""+40400"", ""buy_fpr_bid"": ""+40300"", ""buy_fpr_req"": ""609"", ""buy_1th_pre_req_pre"": ""0"", ""buy_2th_pre_bid"": ""+40200"", ""buy_2th_pre_req"": ""36"", ""buy_2th_pre_req_pre"": ""0"", ""buy_3th_pre_bid"": ""+40150"", ""buy_3th_pre_req"": ""42"", ""buy_3th_pre_req_pre"": ""0"", ""buy_4th_pre_bid"": ""+40100"", ""buy_4th_pre_req"": ""174"", ""buy_4th_pre_req_pre"": ""0"", ""buy_5th_pre_bid"": ""+40050"", ""buy_5th_pre_req"": ""291"", ""buy_5th_pre_req_pre"": ""0"", ""buy_6th_pre_bid"": ""+40000"", ""buy_6th_pre_req"": ""517"", ""buy_6th_pre_req_pre"": ""0"", ""buy_7th_pre_bid"": ""+39950"", ""buy_7th_pre_req"": ""500"", ""buy_7th_pre_req_pre"": ""0"", ""buy_8th_pre_bid"": ""+39900"", ""buy_8th_pre_req"": ""2"", ""buy_8th_pre_req_pre"": ""0"", ""buy_9th_pre_bid"": ""+39850"", ""buy_9th_pre_req"": ""1"", ""buy_9th_pre_req_pre"": ""0"", ""buy_10th_pre_bid"": ""+39800"", ""buy_10th_pre_req"": ""5"", ""buy_10th_pre_req_pre"": ""0"", ""tot_sel_req_jub_pre"": ""0"", ""tot_sel_req"": ""1156"", ""tot_buy_req"": ""2177"", ""tot_buy_req_jub_pre"": ""0"", ""ovt_sel_req_pre"": ""0"", ""ovt_sel_req"": ""0"", ""ovt_buy_req"": ""0"", ""ovt_buy_req_pre"": ""0"", ""return_code"": 0, ""return_msg"": ""정상적으로 처리되었습니다""}"
2026-06-10,scan_candidate,462870,,0,main_scan,31300,,31300,31250,31300,31050,-0.9584664536741214,0.1597444089456869,,,,,,"{""bid_req_base_tm"": ""111149"", ""sel_10th_pre_req_pre"": ""0"", ""sel_10th_pre_req"": ""11"", ""sel_10th_pre_bid"": ""-31750"", ""sel_9th_pre_req_pre"": ""0"", ""sel_9th_pre_req"": ""11"", ""sel_9th_pre_bid"": ""-31700"", ""sel_8th_pre_req_pre"": ""0"", ""sel_8th_pre_req"": ""51"", ""sel_8th_pre_bid"": ""-31650"", ""sel_7th_pre_req_pre"": ""0"", ""sel_7th_pre_req"": ""1"", ""sel_7th_pre_bid"": ""-31600"", ""sel_6th_pre_req_pre"": ""0"", ""sel_6th_pre_req"": ""12"", ""sel_6th_pre_bid"": ""-31550"", ""sel_5th_pre_req_pre"": ""0"", ""sel_5th_pre_req"": ""2"", ""sel_5th_pre_bid"": ""-31500"", ""sel_4th_pre_req_pre"": ""0"", ""sel_4th_pre_req"": ""34"", ""sel_4th_pre_bid"": ""-31450"", ""sel_3th_pre_req_pre"": ""0"", ""sel_3th_pre_req"": ""10"", ""sel_3th_pre_bid"": ""-31400"", ""sel_2th_pre_req_pre"": ""0"", ""sel_2th_pre_req"": ""575"", ""sel_2th_pre_bid"": ""-31350"", ""sel_1th_pre_req_pre"": ""0"", ""sel_fpr_req"": ""524"", ""sel_fpr_bid"": ""-31300"", ""buy_fpr_bid"": ""-31250"", ""buy_fpr_req"": ""13"", ""buy_1th_pre_req_pre"": ""0"", ""buy_2th_pre_bid"": ""-31200"", ""buy_2th_pre_req"": ""3"", ""buy_2th_pre_req_pre"": ""--1"", ""buy_3th_pre_bid"": ""-31100"", ""buy_3th_pre_req"": ""1"", ""buy_3th_pre_req_pre"": ""0"", ""buy_4th_pre_bid"": ""-31050"", ""buy_4th_pre_req"": ""18"", ""buy_4th_pre_req_pre"": ""0"", ""buy_5th_pre_bid"": ""-31000"", ""buy_5th_pre_req"": ""300"", ""buy_5th_pre_req_pre"": ""0"", ""buy_6th_pre_bid"": ""-30950"", ""buy_6th_pre_req"": ""33"", ""buy_6th_pre_req_pre"": ""0"", ""buy_7th_pre_bid"": ""-30900"", ""buy_7th_pre_req"": ""139"", ""buy_7th_pre_req_pre"": ""0"", ""buy_8th_pre_bid"": ""-30850"", ""buy_8th_pre_req"": ""32"", ""buy_8th_pre_req_pre"": ""0"", ""buy_9th_pre_bid"": ""-30800"", ""buy_9th_pre_req"": ""76"", ""buy_9th_pre_req_pre"": ""0"", ""buy_10th_pre_bid"": ""-30750"", ""buy_10th_pre_req"": ""253"", ""buy_10th_pre_req_pre"": ""0"", ""tot_sel_req_jub_pre"": ""0"", ""tot_sel_req"": ""1231"", ""tot_buy_req"": ""868"", ""tot_buy_req_jub_pre"": ""--1"", ""ovt_sel_req_pre"": ""0"", ""ovt_sel_req"": ""0"", ""ovt_buy_req"": ""0"", ""ovt_buy_req_pre"": ""0"", ""return_code"": 0, ""return_msg"": ""정상적으로 처리되었습니다""}"
2026-06-10,scan_candidate,120110,,0,main_scan,70300,,70300,70200,70300,70600,0.2844950213371266,0.1422475106685633,,,,,,"{""bid_req_base_tm"": ""111149"", ""sel_10th_pre_req_pre"": ""0"", ""sel_10th_pre_req"": ""13"", ""sel_10th_pre_bid"": ""+71300"", ""sel_9th_pre_req_pre"": ""0"", ""sel_9th_pre_req"": ""4"", ""sel_9th_pre_bid"": ""+71200"", ""sel_8th_pre_req_pre"": ""0"", ""sel_8th_pre_req"": ""10"", ""sel_8th_pre_bid"": ""+71100"", ""sel_7th_pre_req_pre"": ""0"", ""sel_7th_pre_req"": ""3"", ""sel_7th_pre_bid"": ""+71000"", ""sel_6th_pre_req_pre"": ""0"", ""sel_6th_pre_req"": ""175"", ""sel_6th_pre_bid"": ""+70800"", ""sel_5th_pre_req_pre"": ""0"", ""sel_5th_pre_req"": ""40"", ""sel_5th_pre_bid"": ""+70700"", ""sel_4th_pre_req_pre"": ""0"", ""sel_4th_pre_req"": ""60"", ""sel_4th_pre_bid"": ""+70600"", ""sel_3th_pre_req_pre"": ""0"", ""sel_3th_pre_req"": ""42"", ""sel_3th_pre_bid"": ""+70500"", ""sel_2th_pre_req_pre"": ""0"", ""sel_2th_pre_req"": ""58"", ""sel_2th_pre_bid"": ""+70400"", ""sel_1th_pre_req_pre"": ""+8"", ""sel_fpr_req"": ""58"", ""sel_fpr_bid"": ""+70300"", ""buy_fpr_bid"": ""+70200"", ""buy_fpr_req"": ""8"", ""buy_1th_pre_req_pre"": ""0"", ""buy_2th_pre_bid"": ""+70100"", ""buy_2th_pre_req"": ""35"", ""buy_2th_pre_req_pre"": ""0"", ""buy_3th_pre_bid"": ""+70000"", ""buy_3th_pre_req"": ""327"", ""buy_3th_pre_req_pre"": ""0"", ""buy_4th_pre_bid"": ""+69900"", ""buy_4th_pre_req"": ""212"", ""buy_4th_pre_req_pre"": ""0"", ""buy_5th_pre_bid"": ""+69800"", ""buy_5th_pre_req"": ""258"", ""buy_5th_pre_req_pre"": ""0"", ""buy_6th_pre_bid"": ""+69700"", ""buy_6th_pre_req"": ""43"", ""buy_6th_pre_req_pre"": ""0"", ""buy_7th_pre_bid"": ""+69600"", ""buy_7th_pre_req"": ""38"", ""buy_7th_pre_req_pre"": ""0"", ""buy_8th_pre_bid"": ""+69500"", ""buy_8th_pre_req"": ""16"", ""buy_8th_pre_req_pre"": ""0"", ""buy_9th_pre_bid"": ""+69400"", ""buy_9th_pre_req"": ""103"", ""buy_9th_pre_req_pre"": ""0"", ""buy_10th_pre_bid"": ""+69300"", ""buy_10th_pre_req"": ""5"", ""buy_10th_pre_req_pre"": ""0"", ""tot_sel_req_jub_pre"": ""+8"", ""tot_sel_req"": ""463"", ""tot_buy_req"": ""1045"", ""tot_buy_req_jub_pre"": ""0"", ""ovt_sel_req_pre"": ""0"", ""ovt_sel_req"": ""0"", ""ovt_buy_req"": ""0"", ""ovt_buy_req_pre"": ""0"", ""return_code"": 0, ""return_msg"": ""정상적으로 처리되었습니다""}"
2026-06-10,scan_candidate,009155,,0,main_scan,601000,,601000,599000,601000,604000,0.33277870216306155,0.33277870216306155,,,,,,"{""bid_req_base_tm"": ""111150"", ""sel_10th_pre_req_pre"": ""0"", ""sel_10th_pre_req"": ""54"", ""sel_10th_pre_bid"": ""-613000"", ""sel_9th_pre_req_pre"": ""0"", ""sel_9th_pre_req"": ""15"", ""sel_9th_pre_bid"": ""-612000"", ""sel_8th_pre_req_pre"": ""0"", ""sel_8th_pre_req"": ""58"", ""sel_8th_pre_bid"": ""-611000"", ""sel_7th_pre_req_pre"": ""0"", ""sel_7th_pre_req"": ""11"", ""sel_7th_pre_bid"": ""-610000"", ""sel_6th_pre_req_pre"": ""0"", ""sel_6th_pre_req"": ""36"", ""sel_6th_pre_bid"": ""-609000"", ""sel_5th_pre_req_pre"": ""0"", ""sel_5th_pre_req"": ""4"", ""sel_5th_pre_bid"": ""-605000"", ""sel_4th_pre_req_pre"": ""0"", ""sel_4th_pre_req"": ""39"", ""sel_4th_pre_bid"": ""-604000"", ""sel_3th_pre_req_pre"": ""0"", ""sel_3th_pre_req"": ""3"", ""sel_3th_pre_bid"": ""-603000"", ""sel_2th_pre_req_pre"": ""0"", ""sel_2th_pre_req"": ""72"", ""sel_2th_pre_bid"": ""-602000"", ""sel_1th_pre_req_pre"": ""0"", ""sel_fpr_req"": ""1"", ""sel_fpr_bid"": ""-601000"", ""buy_fpr_bid"": ""-599000"", ""buy_fpr_req"": ""11"", ""buy_1th_pre_req_pre"": ""0"", ""buy_2th_pre_bid"": ""-598000"", ""buy_2th_pre_req"": ""13"", ""buy_2th_pre_req_pre"": ""0"", ""buy_3th_pre_bid"": ""-597000"", ""buy_3th_pre_req"": ""64"", ""buy_3th_pre_req_pre"": ""0"", ""buy_4th_pre_bid"": ""-596000"", ""buy_4th_pre_req"": ""81"", ""buy_4th_pre_req_pre"": ""0"", ""buy_5th_pre_bid"": ""-595000"", ""buy_5th_pre_req"": ""288"", ""buy_5th_pre_req_pre"": ""0"", ""buy_6th_pre_bid"": ""-594000"", ""buy_6th_pre_req"": ""37"", ""buy_6th_pre_req_pre"": ""0"", ""buy_7th_pre_bid"": ""-593000"", ""buy_7th_pre_req"": ""63"", ""buy_7th_pre_req_pre"": ""0"", ""buy_8th_pre_bid"": ""-592000"", ""buy_8th_pre_req"": ""33"", ""buy_8th_pre_req_pre"": ""0"", ""buy_9th_pre_bid"": ""-591000"", ""buy_9th_pre_req"": ""40"", ""buy_9th_pre_req_pre"": ""0"", ""buy_10th_pre_bid"": ""-590000"", ""buy_10th_pre_req"": ""297"", ""buy_10th_pre_req_pre"": ""0"", ""tot_sel_req_jub_pre"": ""0"", ""tot_sel_req"": ""293"", ""tot_buy_req"": ""927"", ""tot_buy_req_jub_pre"": ""0"", ""ovt_sel_req_pre"": ""0"", ""ovt_sel_req"": ""0"", ""ovt_buy_req"": ""0"", ""ovt_buy_req_pre"": ""0"", ""return_code"": 0, ""return_msg"": ""정상적으로 처리되었습니다""}"
2026-06-10,scan_candidate,017960,,0,main_scan,31300,,31300,31250,31300,31400,0.1597444089456869,0.1597444089456869,,,,,,"{""bid_req_base_tm"": ""111150"", ""sel_10th_pre_req_pre"": ""0"", ""sel_10th_pre_req"": ""274"", ""sel_10th_pre_bid"": ""+31800"", ""sel_9th_pre_req_pre"": ""0"", ""sel_9th_pre_req"": ""62"", ""sel_9th_pre_bid"": ""+31750"", ""sel_8th_pre_req_pre"": ""0"", ""sel_8th_pre_req"": ""170"", ""sel_8th_pre_bid"": ""+31700"", ""sel_7th_pre_req_pre"": ""0"", ""sel_7th_pre_req"": ""393"", ""sel_7th_pre_bid"": ""+31600"", ""sel_6th_pre_req_pre"": ""0"", ""sel_6th_pre_req"": ""1"", ""sel_6th_pre_bid"": ""+31550"", ""sel_5th_pre_req_pre"": ""0"", ""sel_5th_pre_req"": ""251"", ""sel_5th_pre_bid"": ""+31500"", ""sel_4th_pre_req_pre"": ""0"", ""sel_4th_pre_req"": ""60"", ""sel_4th_pre_bid"": ""+31450"", ""sel_3th_pre_req_pre"": ""0"", ""sel_3th_pre_req"": ""71"", ""sel_3th_pre_bid"": ""+31400"", ""sel_2th_pre_req_pre"": ""--5"", ""sel_2th_pre_req"": ""46"", ""sel_2th_pre_bid"": ""+31350"", ""sel_1th_pre_req_pre"": ""+32"", ""sel_fpr_req"": ""99"", ""sel_fpr_bid"": ""+31300"", ""buy_fpr_bid"": ""+31250"", ""buy_fpr_req"": ""26"", ""buy_1th_pre_req_pre"": ""0"", ""buy_2th_pre_bid"": ""+31200"", ""buy_2th_pre_req"": ""287"", ""buy_2th_pre_req_pre"": ""0"", ""buy_3th_pre_bid"": ""+31150"", ""buy_3th_pre_req"": ""150"", ""buy_3th_pre_req_pre"": ""0"", ""buy_4th_pre_bid"": ""+31100"", ""buy_4th_pre_req"": ""219"", ""buy_4th_pre_req_pre"": ""0"", ""buy_5th_pre_bid"": ""+31050"", ""buy_5th_pre_req"": ""217"", ""buy_5th_pre_req_pre"": ""0"", ""buy_6th_pre_bid"": ""+31000"", ""buy_6th_pre_req"": ""2285"", ""buy_6th_pre_req_pre"": ""0"", ""buy_7th_pre_bid"": ""+30950"", ""buy_7th_pre_req"": ""530"", ""buy_7th_pre_req_pre"": ""0"", ""buy_8th_pre_bid"": ""+30900"", ""buy_8th_pre_req"": ""246"", ""buy_8th_pre_req_pre"": ""0"", ""buy_9th_pre_bid"": ""+30850"", ""buy_9th_pre_req"": ""82"", ""buy_9th_pre_req_pre"": ""0"", ""buy_10th_pre_bid"": ""+30800"", ""buy_10th_pre_req"": ""67"", ""buy_10th_pre_req_pre"": ""0"", ""tot_sel_req_jub_pre"": ""+27"", ""tot_sel_req"": ""1427"", ""tot_buy_req"": ""4109"", ""tot_buy_req_jub_pre"": ""0"", ""ovt_sel_req_pre"": ""0"", ""ovt_sel_req"": ""0"", ""ovt_buy_req"": ""0"", ""ovt_buy_req_pre"": ""0"", ""return_code"": 0, ""return_msg"": ""정상적으로 처리되었습니다""}"
2026-06-10,scan_candidate,192080,,0,main_scan,71200,,71200,71100,71200,71600,0.42134831460674155,0.1404494382022472,,,,,,"{""bid_req_base_tm"": ""111148"", ""sel_10th_pre_req_pre"": ""0"", ""sel_10th_pre_req"": ""128"", ""sel_10th_pre_bid"": ""+72400"", ""sel_9th_pre_req_pre"": ""0"", ""sel_9th_pre_req"": ""10"", ""sel_9th_pre_bid"": ""+72300"", ""sel_8th_pre_req_pre"": ""0"", ""sel_8th_pre_req"": ""10"", ""sel_8th_pre_bid"": ""+72200"", ""sel_7th_pre_req_pre"": ""0"", ""sel_7th_pre_req"": ""6"", ""sel_7th_pre_bid"": ""+72100"", ""sel_6th_pre_req_pre"": ""0"", ""sel_6th_pre_req"": ""5"", ""sel_6th_pre_bid"": ""72000"", ""sel_5th_pre_req_pre"": ""0"", ""sel_5th_pre_req"": ""33"", ""sel_5th_pre_bid"": ""-71800"", ""sel_4th_pre_req_pre"": ""0"", ""sel_4th_pre_req"": ""42"", ""sel_4th_pre_bid"": ""-71600"", ""sel_3th_pre_req_pre"": ""0"", ""sel_3th_pre_req"": ""13"", ""sel_3th_pre_bid"": ""-71400"", ""sel_2th_pre_req_pre"": ""0"", ""sel_2th_pre_req"": ""11"", ""sel_2th_pre_bid"": ""-71300"", ""sel_1th_pre_req_pre"": ""0"", ""sel_fpr_req"": ""28"", ""sel_fpr_bid"": ""-71200"", ""buy_fpr_bid"": ""-71100"", ""buy_fpr_req"": ""24"", ""buy_1th_pre_req_pre"": ""0"", ""buy_2th_pre_bid"": ""-71000"", ""buy_2th_pre_req"": ""252"", ""buy_2th_pre_req_pre"": ""0"", ""buy_3th_pre_bid"": ""-70900"", ""buy_3th_pre_req"": ""51"", ""buy_3th_pre_req_pre"": ""0"", ""buy_4th_pre_bid"": ""-70800"", ""buy_4th_pre_req"": ""92"", ""buy_4th_pre_req_pre"": ""0"", ""buy_5th_pre_bid"": ""-70700"", ""buy_5th_pre_req"": ""140"", ""buy_5th_pre_req_pre"": ""0"", ""buy_6th_pre_bid"": ""-70600"", ""buy_6th_pre_req"": ""100"", ""buy_6th_pre_req_pre"": ""0"", ""buy_7th_pre_bid"": ""-70500"", ""buy_7th_pre_req"": ""81"", ""buy_7th_pre_req_pre"": ""0"", ""buy_8th_pre_bid"": ""-70400"", ""buy_8th_pre_req"": ""182"", ""buy_8th_pre_req_pre"": ""0"", ""buy_9th_pre_bid"": ""-70300"", ""buy_9th_pre_req"": ""94"", ""buy_9th_pre_req_pre"": ""0"", ""buy_10th_pre_bid"": ""-70200"", ""buy_10th_pre_req"": ""22"", ""buy_10th_pre_req_pre"": ""0"", ""tot_sel_req_jub_pre"": ""0"", ""tot_sel_req"": ""286"", ""tot_buy_req"": ""1038"", ""tot_buy_req_jub_pre"": ""0"", ""ovt_sel_req_pre"": ""0"", ""ovt_sel_req"": ""0"", ""ovt_buy_req"": ""0"", ""ovt_buy_req_pre"": ""0"", ""return_code"": 0, ""return_msg"": ""정상적으로 처리되었습니다""}"
2026-06-10,scan_candidate,093370,,0,main_scan,16080,,16080,16070,16080,16050,-0.4975124378109453,0.06218905472636816,,,,,,"{""bid_req_base_tm"": ""111151"", ""sel_10th_pre_req_pre"": ""0"", ""sel_10th_pre_req"": ""3963"", ""sel_10th_pre_bid"": ""+16170"", ""sel_9th_pre_req_pre"": ""0"", ""sel_9th_pre_req"": ""4768"", ""sel_9th_pre_bid"": ""+16160"", ""sel_8th_pre_req_pre"": ""0"", ""sel_8th_pre_req"": ""5263"", ""sel_8th_pre_bid"": ""+16150"", ""sel_7th_pre_req_pre"": ""0"", ""sel_7th_pre_req"": ""3591"", ""sel_7th_pre_bid"": ""+16140"", ""sel_6th_pre_req_pre"": ""0"", ""sel_6th_pre_req"": ""3010"", ""sel_6th_pre_bid"": ""+16130"", ""sel_5th_pre_req_pre"": ""0"", ""sel_5th_pre_req"": ""1225"", ""sel_5th_pre_bid"": ""+16120"", ""sel_4th_pre_req_pre"": ""0"", ""sel_4th_pre_req"": ""1704"", ""sel_4th_pre_bid"": ""+16110"", ""sel_3th_pre_req_pre"": ""+50"", ""sel_3th_pre_req"": ""4948"", ""sel_3th_pre_bid"": ""+16100"", ""sel_2th_pre_req_pre"": ""0"", ""sel_2th_pre_req"": ""4330"", ""sel_2th_pre_bid"": ""+16090"", ""sel_1th_pre_req_pre"": ""0"", ""sel_fpr_req"": ""3182"", ""sel_fpr_bid"": ""+16080"", ""buy_fpr_bid"": ""+16070"", ""buy_fpr_req"": ""15"", ""buy_1th_pre_req_pre"": ""0"", ""buy_2th_pre_bid"": ""+16060"", ""buy_2th_pre_req"": ""2361"", ""buy_2th_pre_req_pre"": ""0"", ""buy_3th_pre_bid"": ""+16050"", ""buy_3th_pre_req"": ""9508"", ""buy_3th_pre_req_pre"": ""0"", ""buy_4th_pre_bid"": ""+16040"", ""buy_4th_pre_req"": ""8157"", ""buy_4th_pre_req_pre"": ""0"", ""buy_5th_pre_bid"": ""+16030"", ""buy_5th_pre_req"": ""2016"", ""buy_5th_pre_req_pre"": ""0"", ""buy_6th_pre_bid"": ""+16020"", ""buy_6th_pre_req"": ""5419"", ""buy_6th_pre_req_pre"": ""0"", ""buy_7th_pre_bid"": ""+16010"", ""buy_7th_pre_req"": ""2303"", ""buy_7th_pre_req_pre"": ""0"", ""buy_8th_pre_bid"": ""+16000"", ""buy_8th_pre_req"": ""6593"", ""buy_8th_pre_req_pre"": ""0"", ""buy_9th_pre_bid"": ""+15990"", ""buy_9th_pre_req"": ""1707"", ""buy_9th_pre_req_pre"": ""0"", ""buy_10th_pre_bid"": ""+15980"", ""buy_10th_pre_req"": ""1035"", ""buy_10th_pre_req_pre"": ""0"", ""tot_sel_req_jub_pre"": ""+50"", ""tot_sel_req"": ""35984"", ""tot_buy_req"": ""39114"", ""tot_buy_req_jub_pre"": ""0"", ""ovt_sel_req_pre"": ""0"", ""ovt_sel_req"": ""0"", ""ovt_buy_req"": ""0"", ""ovt_buy_req_pre"": ""0"", ""return_code"": 0, ""return_msg"": ""정상적으로 처리되었습니다""}"
2026-06-10,scan_candidate,066575,,0,main_scan,78600,,78600,78500,78600,79000,0.38167938931297707,0.1272264631043257,,,,,,"{""bid_req_base_tm"": ""111150"", ""sel_10th_pre_req_pre"": ""0"", ""sel_10th_pre_req"": ""1"", ""sel_10th_pre_bid"": ""-79700"", ""sel_9th_pre_req_pre"": ""0"", ""sel_9th_pre_req"": ""6"", ""sel_9th_pre_bid"": ""-79600"", ""sel_8th_pre_req_pre"": ""0"", ""sel_8th_pre_req"": ""53"", ""sel_8th_pre_bid"": ""-79500"", ""sel_7th_pre_req_pre"": ""0"", ""sel_7th_pre_req"": ""1"", ""sel_7th_pre_bid"": ""-79300"", ""sel_6th_pre_req_pre"": ""0"", ""sel_6th_pre_req"": ""1"", ""sel_6th_pre_bid"": ""-79200"", ""sel_5th_pre_req_pre"": ""0"", ""sel_5th_pre_req"": ""320"", ""sel_5th_pre_bid"": ""-79000"", ""sel_4th_pre_req_pre"": ""0"", ""sel_4th_pre_req"": ""46"", ""sel_4th_pre_bid"": ""-78900"", ""sel_3th_pre_req_pre"": ""0"", ""sel_3th_pre_req"": ""10"", ""sel_3th_pre_bid"": ""-78800"", ""sel_2th_pre_req_pre"": ""0"", ""sel_2th_pre_req"": ""37"", ""sel_2th_pre_bid"": ""-78700"", ""sel_1th_pre_req_pre"": ""0"", ""sel_fpr_req"": ""342"", ""sel_fpr_bid"": ""-78600"", ""buy_fpr_bid"": ""-78500"", ""buy_fpr_req"": ""476"", ""buy_1th_pre_req_pre"": ""+1"", ""buy_2th_pre_bid"": ""-78400"", ""buy_2th_pre_req"": ""176"", ""buy_2th_pre_req_pre"": ""0"", ""buy_3th_pre_bid"": ""-78300"", ""buy_3th_pre_req"": ""176"", ""buy_3th_pre_req_pre"": ""0"", ""buy_4th_pre_bid"": ""-78200"", ""buy_4th_pre_req"": ""272"", ""buy_4th_pre_req_pre"": ""0"", ""buy_5th_pre_bid"": ""-78100"", ""buy_5th_pre_req"": ""630"", ""buy_5th_pre_req_pre"": ""0"", ""buy_6th_pre_bid"": ""-78000"", ""buy_6th_pre_req"": ""1290"", ""buy_6th_pre_req_pre"": ""0"", ""buy_7th_pre_bid"": ""-77900"", ""buy_7th_pre_req"": ""614"", ""buy_7th_pre_req_pre"": ""0"", ""buy_8th_pre_bid"": ""-77800"", ""buy_8th_pre_req"": ""1301"", ""buy_8th_pre_req_pre"": ""0"", ""buy_9th_pre_bid"": ""-77700"", ""buy_9th_pre_req"": ""491"", ""buy_9th_pre_req_pre"": ""0"", ""buy_10th_pre_bid"": ""-77600"", ""buy_10th_pre_req"": ""228"", ""buy_10th_pre_req_pre"": ""0"", ""tot_sel_req_jub_pre"": ""0"", ""tot_sel_req"": ""817"", ""tot_buy_req"": ""5654"", ""tot_buy_req_jub_pre"": ""+1"", ""ovt_sel_req_pre"": ""0"", ""ovt_sel_req"": ""0"", ""ovt_buy_req"": ""0"", ""ovt_buy_req_pre"": ""0"", ""return_code"": 0, ""return_msg"": ""정상적으로 처리되었습니다""}"
2026-06-10,scan_candidate,181710,,0,main_scan,40700,,40700,40650,40700,40450,-0.7371007371007371,0.12285012285012285,,,,,,"{""bid_req_base_tm"": ""111151"", ""sel_10th_pre_req_pre"": ""0"", ""sel_10th_pre_req"": ""10"", ""sel_10th_pre_bid"": ""-41200"", ""sel_9th_pre_req_pre"": ""0"", ""sel_9th_pre_req"": ""13"", ""sel_9th_pre_bid"": ""-41150"", ""sel_8th_pre_req_pre"": ""0"", ""sel_8th_pre_req"": ""10"", ""sel_8th_pre_bid"": ""-41100"", ""sel_7th_pre_req_pre"": ""0"", ""sel_7th_pre_req"": ""70"", ""sel_7th_pre_bid"": ""-41050"", ""sel_6th_pre_req_pre"": ""0"", ""sel_6th_pre_req"": ""10"", ""sel_6th_pre_bid"": ""-41000"", ""sel_5th_pre_req_pre"": ""0"", ""sel_5th_pre_req"": ""50"", ""sel_5th_pre_bid"": ""-40950"", ""sel_4th_pre_req_pre"": ""0"", ""sel_4th_pre_req"": ""3"", ""sel_4th_pre_bid"": ""-40850"", ""sel_3th_pre_req_pre"": ""0"", ""sel_3th_pre_req"": ""14"", ""sel_3th_pre_bid"": ""-40800"", ""sel_2th_pre_req_pre"": ""0"", ""sel_2th_pre_req"": ""433"", ""sel_2th_pre_bid"": ""-40750"", ""sel_1th_pre_req_pre"": ""0"", ""sel_fpr_req"": ""214"", ""sel_fpr_bid"": ""-40700"", ""buy_fpr_bid"": ""-40650"", ""buy_fpr_req"": ""28"", ""buy_1th_pre_req_pre"": ""0"", ""buy_2th_pre_bid"": ""-40600"", ""buy_2th_pre_req"": ""1"", ""buy_2th_pre_req_pre"": ""0"", ""buy_3th_pre_bid"": ""-40550"", ""buy_3th_pre_req"": ""69"", ""buy_3th_pre_req_pre"": ""0"", ""buy_4th_pre_bid"": ""-40500"", ""buy_4th_pre_req"": ""158"", ""buy_4th_pre_req_pre"": ""+16"", ""buy_5th_pre_bid"": ""-40450"", ""buy_5th_pre_req"": ""29"", ""buy_5th_pre_req_pre"": ""0"", ""buy_6th_pre_bid"": ""-40400"", ""buy_6th_pre_req"": ""2"", ""buy_6th_pre_req_pre"": ""0"", ""buy_7th_pre_bid"": ""-40350"", ""buy_7th_pre_req"": ""16"", ""buy_7th_pre_req_pre"": ""0"", ""buy_8th_pre_bid"": ""-40300"", ""buy_8th_pre_req"": ""9"", ""buy_8th_pre_req_pre"": ""0"", ""buy_9th_pre_bid"": ""-40250"", ""buy_9th_pre_req"": ""57"", ""buy_9th_pre_req_pre"": ""0"", ""buy_10th_pre_bid"": ""-40200"", ""buy_10th_pre_req"": ""110"", ""buy_10th_pre_req_pre"": ""0"", ""tot_sel_req_jub_pre"": ""0"", ""tot_sel_req"": ""827"", ""tot_buy_req"": ""479"", ""tot_buy_req_jub_pre"": ""+16"", ""ovt_sel_req_pre"": ""0"", ""ovt_sel_req"": ""0"", ""ovt_buy_req"": ""0"", ""ovt_buy_req_pre"": ""0"", ""return_code"": 0, ""return_msg"": ""정상적으로 처리되었습니다""}"
2026-06-10,scan_candidate,034230,,0,main_scan,15340,,15340,15330,15340,15300,-0.5867014341590613,0.0651890482398957,,,,,,"{""bid_req_base_tm"": ""111150"", ""sel_10th_pre_req_pre"": ""0"", ""sel_10th_pre_req"": ""7"", ""sel_10th_pre_bid"": ""+15440"", ""sel_9th_pre_req_pre"": ""0"", ""sel_9th_pre_req"": ""119"", ""sel_9th_pre_bid"": ""+15430"", ""sel_8th_pre_req_pre"": ""0"", ""sel_8th_pre_req"": ""3930"", ""sel_8th_pre_bid"": ""+15420"", ""sel_7th_pre_req_pre"": ""0"", ""sel_7th_pre_req"": ""10"", ""sel_7th_pre_bid"": ""+15410"", ""sel_6th_pre_req_pre"": ""0"", ""sel_6th_pre_req"": ""3286"", ""sel_6th_pre_bid"": ""+15400"", ""sel_5th_pre_req_pre"": ""0"", ""sel_5th_pre_req"": ""803"", ""sel_5th_pre_bid"": ""+15390"", ""sel_4th_pre_req_pre"": ""0"", ""sel_4th_pre_req"": ""392"", ""sel_4th_pre_bid"": ""+15380"", ""sel_3th_pre_req_pre"": ""0"", ""sel_3th_pre_req"": ""319"", ""sel_3th_pre_bid"": ""+15370"", ""sel_2th_pre_req_pre"": ""0"", ""sel_2th_pre_req"": ""245"", ""sel_2th_pre_bid"": ""+15350"", ""sel_1th_pre_req_pre"": ""--14"", ""sel_fpr_req"": ""305"", ""sel_fpr_bid"": ""+15340"", ""buy_fpr_bid"": ""+15330"", ""buy_fpr_req"": ""308"", ""buy_1th_pre_req_pre"": ""0"", ""buy_2th_pre_bid"": ""+15320"", ""buy_2th_pre_req"": ""34"", ""buy_2th_pre_req_pre"": ""0"", ""buy_3th_pre_bid"": ""+15310"", ""buy_3th_pre_req"": ""118"", ""buy_3th_pre_req_pre"": ""0"", ""buy_4th_pre_bid"": ""+15300"", ""buy_4th_pre_req"": ""474"", ""buy_4th_pre_req_pre"": ""0"", ""buy_5th_pre_bid"": ""+15270"", ""buy_5th_pre_req"": ""2"", ""buy_5th_pre_req_pre"": ""0"", ""buy_6th_pre_bid"": ""+15260"", ""buy_6th_pre_req"": ""16"", ""buy_6th_pre_req_pre"": ""0"", ""buy_7th_pre_bid"": ""+15250"", ""buy_7th_pre_req"": ""943"", ""buy_7th_pre_req_pre"": ""0"", ""buy_8th_pre_bid"": ""+15240"", ""buy_8th_pre_req"": ""65"", ""buy_8th_pre_req_pre"": ""0"", ""buy_9th_pre_bid"": ""+15230"", ""buy_9th_pre_req"": ""79"", ""buy_9th_pre_req_pre"": ""0"", ""buy_10th_pre_bid"": ""+15200"", ""buy_10th_pre_req"": ""263"", ""buy_10th_pre_req_pre"": ""0"", ""tot_sel_req_jub_pre"": ""--14"", ""tot_sel_req"": ""9416"", ""tot_buy_req"": ""2302"", ""tot_buy_req_jub_pre"": ""0"", ""ovt_sel_req_pre"": ""0"", ""ovt_sel_req"": ""0"", ""ovt_buy_req"": ""0"", ""ovt_buy_req_pre"": ""0"", ""return_code"": 0, ""return_msg"": ""정상적으로 처리되었습니다""}"
2026-06-10,scan_candidate,281820,,0,main_scan,66900,,66900,66600,66900,67100,0.14947683109118087,0.4484304932735426,,,,,,"{""bid_req_base_tm"": ""111149"", ""sel_10th_pre_req_pre"": ""0"", ""sel_10th_pre_req"": ""10"", ""sel_10th_pre_bid"": ""+67800"", ""sel_9th_pre_req_pre"": ""0"", ""sel_9th_pre_req"": ""1"", ""sel_9th_pre_bid"": ""+67700"", ""sel_8th_pre_req_pre"": ""0"", ""sel_8th_pre_req"": ""8"", ""sel_8th_pre_bid"": ""+67600"", ""sel_7th_pre_req_pre"": ""0"", ""sel_7th_pre_req"": ""141"", ""sel_7th_pre_bid"": ""+67500"", ""sel_6th_pre_req_pre"": ""0"", ""sel_6th_pre_req"": ""50"", ""sel_6th_pre_bid"": ""+67400"", ""sel_5th_pre_req_pre"": ""0"", ""sel_5th_pre_req"": ""16"", ""sel_5th_pre_bid"": ""+67300"", ""sel_4th_pre_req_pre"": ""0"", ""sel_4th_pre_req"": ""2"", ""sel_4th_pre_bid"": ""+67200"", ""sel_3th_pre_req_pre"": ""0"", ""sel_3th_pre_req"": ""26"", ""sel_3th_pre_bid"": ""+67100"", ""sel_2th_pre_req_pre"": ""0"", ""sel_2th_pre_req"": ""30"", ""sel_2th_pre_bid"": ""+67000"", ""sel_1th_pre_req_pre"": ""0"", ""sel_fpr_req"": ""2"", ""sel_fpr_bid"": ""+66900"", ""buy_fpr_bid"": ""+66600"", ""buy_fpr_req"": ""69"", ""buy_1th_pre_req_pre"": ""+20"", ""buy_2th_pre_bid"": ""+66500"", ""buy_2th_pre_req"": ""481"", ""buy_2th_pre_req_pre"": ""0"", ""buy_3th_pre_bid"": ""66400"", ""buy_3th_pre_req"": ""103"", ""buy_3th_pre_req_pre"": ""0"", ""buy_4th_pre_bid"": ""-66300"", ""buy_4th_pre_req"": ""8"", ""buy_4th_pre_req_pre"": ""0"", ""buy_5th_pre_bid"": ""-66200"", ""buy_5th_pre_req"": ""138"", ""buy_5th_pre_req_pre"": ""0"", ""buy_6th_pre_bid"": ""-66100"", ""buy_6th_pre_req"": ""35"", ""buy_6th_pre_req_pre"": ""0"", ""buy_7th_pre_bid"": ""-66000"", ""buy_7th_pre_req"": ""148"", ""buy_7th_pre_req_pre"": ""0"", ""buy_8th_pre_bid"": ""-65900"", ""buy_8th_pre_req"": ""1"", ""buy_8th_pre_req_pre"": ""0"", ""buy_9th_pre_bid"": ""-65800"", ""buy_9th_pre_req"": ""145"", ""buy_9th_pre_req_pre"": ""0"", ""buy_10th_pre_bid"": ""-65700"", ""buy_10th_pre_req"": ""304"", ""buy_10th_pre_req_pre"": ""0"", ""tot_sel_req_jub_pre"": ""0"", ""tot_sel_req"": ""286"", ""tot_buy_req"": ""1432"", ""tot_buy_req_jub_pre"": ""+20"", ""ovt_sel_req_pre"": ""0"", ""ovt_sel_req"": ""0"", ""ovt_buy_req"": ""0"", ""ovt_buy_req_pre"": ""0"", ""return_code"": 0, ""return_msg"": ""정상적으로 처리되었습니다""}"
2026-06-10,scan_candidate,001820,,0,main_scan,116100,,116100,115900,116100,116000,-0.516795865633075,0.17226528854435832,,,,,,"{""bid_req_base_tm"": ""111150"", ""sel_10th_pre_req_pre"": ""0"", ""sel_10th_pre_req"": ""38"", ""sel_10th_pre_bid"": ""-117200"", ""sel_9th_pre_req_pre"": ""0"", ""sel_9th_pre_req"": ""100"", ""sel_9th_pre_bid"": ""-117100"", ""sel_8th_pre_req_pre"": ""0"", ""sel_8th_pre_req"": ""205"", ""sel_8th_pre_bid"": ""-117000"", ""sel_7th_pre_req_pre"": ""0"", ""sel_7th_pre_req"": ""129"", ""sel_7th_pre_bid"": ""-116900"", ""sel_6th_pre_req_pre"": ""0"", ""sel_6th_pre_req"": ""62"", ""sel_6th_pre_bid"": ""-116800"", ""sel_5th_pre_req_pre"": ""0"", ""sel_5th_pre_req"": ""98"", ""sel_5th_pre_bid"": ""-116700"", ""sel_4th_pre_req_pre"": ""0"", ""sel_4th_pre_req"": ""71"", ""sel_4th_pre_bid"": ""-116500"", ""sel_3th_pre_req_pre"": ""0"", ""sel_3th_pre_req"": ""3"", ""sel_3th_pre_bid"": ""-116300"", ""sel_2th_pre_req_pre"": ""0"", ""sel_2th_pre_req"": ""100"", ""sel_2th_pre_bid"": ""-116200"", ""sel_1th_pre_req_pre"": ""0"", ""sel_fpr_req"": ""90"", ""sel_fpr_bid"": ""-116100"", ""buy_fpr_bid"": ""-115900"", ""buy_fpr_req"": ""30"", ""buy_1th_pre_req_pre"": ""0"", ""buy_2th_pre_bid"": ""-115800"", ""buy_2th_pre_req"": ""169"", ""buy_2th_pre_req_pre"": ""0"", ""buy_3th_pre_bid"": ""-115700"", ""buy_3th_pre_req"": ""436"", ""buy_3th_pre_req_pre"": ""0"", ""buy_4th_pre_bid"": ""-115600"", ""buy_4th_pre_req"": ""41"", ""buy_4th_pre_req_pre"": ""0"", ""buy_5th_pre_bid"": ""-115500"", ""buy_5th_pre_req"": ""235"", ""buy_5th_pre_req_pre"": ""0"", ""buy_6th_pre_bid"": ""-115400"", ""buy_6th_pre_req"": ""24"", ""buy_6th_pre_req_pre"": ""0"", ""buy_7th_pre_bid"": ""-115300"", ""buy_7th_pre_req"": ""147"", ""buy_7th_pre_req_pre"": ""0"", ""buy_8th_pre_bid"": ""-115200"", ""buy_8th_pre_req"": ""105"", ""buy_8th_pre_req_pre"": ""0"", ""buy_9th_pre_bid"": ""-115100"", ""buy_9th_pre_req"": ""172"", ""buy_9th_pre_req_pre"": ""0"", ""buy_10th_pre_bid"": ""-115000"", ""buy_10th_pre_req"": ""1109"", ""buy_10th_pre_req_pre"": ""0"", ""tot_sel_req_jub_pre"": ""0"", ""tot_sel_req"": ""896"", ""tot_buy_req"": ""2468"", ""tot_buy_req_jub_pre"": ""--154"", ""ovt_sel_req_pre"": ""0"", ""ovt_sel_req"": ""0"", ""ovt_buy_req"": ""0"", ""ovt_buy_req_pre"": ""0"", ""return_code"": 0, ""return_msg"": ""정상적으로 처리되었습니다""}"
2026-06-10,scan_candidate,000815,,0,main_scan,400000,,400000,399000,400000,399000,-0.375,0.25,,,,,,"{""bid_req_base_tm"": ""111146"", ""sel_10th_pre_req_pre"": ""0"", ""sel_10th_pre_req"": ""62"", ""sel_10th_pre_bid"": ""-405000"", ""sel_9th_pre_req_pre"": ""0"", ""sel_9th_pre_req"": ""171"", ""sel_9th_pre_bid"": ""-404500"", ""sel_8th_pre_req_pre"": ""0"", ""sel_8th_pre_req"": ""94"", ""sel_8th_pre_bid"": ""-404000"", ""sel_7th_pre_req_pre"": ""0"", ""sel_7th_pre_req"": ""79"", ""sel_7th_pre_bid"": ""-403500"", ""sel_6th_pre_req_pre"": ""0"", ""sel_6th_pre_req"": ""93"", ""sel_6th_pre_bid"": ""-403000"", ""sel_5th_pre_req_pre"": ""0"", ""sel_5th_pre_req"": ""2"", ""sel_5th_pre_bid"": ""-402500"", ""sel_4th_pre_req_pre"": ""0"", ""sel_4th_pre_req"": ""214"", ""sel_4th_pre_bid"": ""-401500"", ""sel_3th_pre_req_pre"": ""0"", ""sel_3th_pre_req"": ""138"", ""sel_3th_pre_bid"": ""-401000"", ""sel_2th_pre_req_pre"": ""0"", ""sel_2th_pre_req"": ""24"", ""sel_2th_pre_bid"": ""-400500"", ""sel_1th_pre_req_pre"": ""0"", ""sel_fpr_req"": ""7"", ""sel_fpr_bid"": ""-400000"", ""buy_fpr_bid"": ""-399000"", ""buy_fpr_req"": ""46"", ""buy_1th_pre_req_pre"": ""0"", ""buy_2th_pre_bid"": ""-398500"", ""buy_2th_pre_req"": ""3"", ""buy_2th_pre_req_pre"": ""0"", ""buy_3th_pre_bid"": ""-398000"", ""buy_3th_pre_req"": ""63"", ""buy_3th_pre_req_pre"": ""+1"", ""buy_4th_pre_bid"": ""-397500"", ""buy_4th_pre_req"": ""162"", ""buy_4th_pre_req_pre"": ""0"", ""buy_5th_pre_bid"": ""-397000"", ""buy_5th_pre_req"": ""85"", ""buy_5th_pre_req_pre"": ""0"", ""buy_6th_pre_bid"": ""-396500"", ""buy_6th_pre_req"": ""18"", ""buy_6th_pre_req_pre"": ""0"", ""buy_7th_pre_bid"": ""-396000"", ""buy_7th_pre_req"": ""45"", ""buy_7th_pre_req_pre"": ""0"", ""buy_8th_pre_bid"": ""-395500"", ""buy_8th_pre_req"": ""18"", ""buy_8th_pre_req_pre"": ""0"", ""buy_9th_pre_bid"": ""-395000"", ""buy_9th_pre_req"": ""60"", ""buy_9th_pre_req_pre"": ""0"", ""buy_10th_pre_bid"": ""-394500"", ""buy_10th_pre_req"": ""18"", ""buy_10th_pre_req_pre"": ""0"", ""tot_sel_req_jub_pre"": ""0"", ""tot_sel_req"": ""884"", ""tot_buy_req"": ""518"", ""tot_buy_req_jub_pre"": ""+1"", ""ovt_sel_req_pre"": ""0"", ""ovt_sel_req"": ""0"", ""ovt_buy_req"": ""0"", ""ovt_buy_req_pre"": ""0"", ""return_code"": 0, ""return_msg"": ""정상적으로 처리되었습니다""}"
2026-06-10,scan_candidate,499790,,0,main_scan,51400,,51400,51300,51400,51500,0.0,0.19455252918287938,,,,,,"{""bid_req_base_tm"": ""111149"", ""sel_10th_pre_req_pre"": ""0"", ""sel_10th_pre_req"": ""115"", ""sel_10th_pre_bid"": ""+52300"", ""sel_9th_pre_req_pre"": ""0"", ""sel_9th_pre_req"": ""232"", ""sel_9th_pre_bid"": ""+52200"", ""sel_8th_pre_req_pre"": ""0"", ""sel_8th_pre_req"": ""228"", ""sel_8th_pre_bid"": ""+52100"", ""sel_7th_pre_req_pre"": ""0"", ""sel_7th_pre_req"": ""349"", ""sel_7th_pre_bid"": ""+52000"", ""sel_6th_pre_req_pre"": ""0"", ""sel_6th_pre_req"": ""292"", ""sel_6th_pre_bid"": ""+51900"", ""sel_5th_pre_req_pre"": ""0"", ""sel_5th_pre_req"": ""33"", ""sel_5th_pre_bid"": ""+51800"", ""sel_4th_pre_req_pre"": ""0"", ""sel_4th_pre_req"": ""471"", ""sel_4th_pre_bid"": ""+51700"", ""sel_3th_pre_req_pre"": ""0"", ""sel_3th_pre_req"": ""237"", ""sel_3th_pre_bid"": ""+51600"", ""sel_2th_pre_req_pre"": ""0"", ""sel_2th_pre_req"": ""904"", ""sel_2th_pre_bid"": ""+51500"", ""sel_1th_pre_req_pre"": ""+4"", ""sel_fpr_req"": ""932"", ""sel_fpr_bid"": ""+51400"", ""buy_fpr_bid"": ""+51300"", ""buy_fpr_req"": ""55"", ""buy_1th_pre_req_pre"": ""0"", ""buy_2th_pre_bid"": ""+51200"", ""buy_2th_pre_req"": ""210"", ""buy_2th_pre_req_pre"": ""0"", ""buy_3th_pre_bid"": ""+51100"", ""buy_3th_pre_req"": ""1894"", ""buy_3th_pre_req_pre"": ""0"", ""buy_4th_pre_bid"": ""+51000"", ""buy_4th_pre_req"": ""10"", ""buy_4th_pre_req_pre"": ""0"", ""buy_5th_pre_bid"": ""+50900"", ""buy_5th_pre_req"": ""1"", ""buy_5th_pre_req_pre"": ""0"", ""buy_6th_pre_bid"": ""+50800"", ""buy_6th_pre_req"": ""1638"", ""buy_6th_pre_req_pre"": ""0"", ""buy_7th_pre_bid"": ""+50700"", ""buy_7th_pre_req"": ""15"", ""buy_7th_pre_req_pre"": ""0"", ""buy_8th_pre_bid"": ""+50600"", ""buy_8th_pre_req"": ""1"", ""buy_8th_pre_req_pre"": ""0"", ""buy_9th_pre_bid"": ""+50500"", ""buy_9th_pre_req"": ""1"", ""buy_9th_pre_req_pre"": ""0"", ""buy_10th_pre_bid"": ""+50400"", ""buy_10th_pre_req"": ""5"", ""buy_10th_pre_req_pre"": ""0"", ""tot_sel_req_jub_pre"": ""+4"", ""tot_sel_req"": ""3793"", ""tot_buy_req"": ""3830"", ""tot_buy_req_jub_pre"": ""0"", ""ovt_sel_req_pre"": ""0"", ""ovt_sel_req"": ""0"", ""ovt_buy_req"": ""0"", ""ovt_buy_req_pre"": ""0"", ""return_code"": 0, ""return_msg"": ""정상적으로 처리되었습니다""}"
2026-06-10,scan_candidate,003160,,0,main_scan,28150,,28150,28050,28150,28150,-0.17761989342806395,0.3552397868561279,,,,,,"{""bid_req_base_tm"": ""111151"", ""sel_10th_pre_req_pre"": ""0"", ""sel_10th_pre_req"": ""36"", ""sel_10th_pre_bid"": ""+28650"", ""sel_9th_pre_req_pre"": ""0"", ""sel_9th_pre_req"": ""11"", ""sel_9th_pre_bid"": ""+28600"", ""sel_8th_pre_req_pre"": ""0"", ""sel_8th_pre_req"": ""34"", ""sel_8th_pre_bid"": ""+28550"", ""sel_7th_pre_req_pre"": ""0"", ""sel_7th_pre_req"": ""6"", ""sel_7th_pre_bid"": ""+28500"", ""sel_6th_pre_req_pre"": ""0"", ""sel_6th_pre_req"": ""2070"", ""sel_6th_pre_bid"": ""+28400"", ""sel_5th_pre_req_pre"": ""0"", ""sel_5th_pre_req"": ""82"", ""sel_5th_pre_bid"": ""+28350"", ""sel_4th_pre_req_pre"": ""0"", ""sel_4th_pre_req"": ""203"", ""sel_4th_pre_bid"": ""+28300"", ""sel_3th_pre_req_pre"": ""0"", ""sel_3th_pre_req"": ""99"", ""sel_3th_pre_bid"": ""+28250"", ""sel_2th_pre_req_pre"": ""0"", ""sel_2th_pre_req"": ""112"", ""sel_2th_pre_bid"": ""+28200"", ""sel_1th_pre_req_pre"": ""--41"", ""sel_fpr_req"": ""37"", ""sel_fpr_bid"": ""+28150"", ""buy_fpr_bid"": ""28050"", ""buy_fpr_req"": ""6"", ""buy_1th_pre_req_pre"": ""0"", ""buy_2th_pre_bid"": ""-28000"", ""buy_2th_pre_req"": ""334"", ""buy_2th_pre_req_pre"": ""0"", ""buy_3th_pre_bid"": ""-27950"", ""buy_3th_pre_req"": ""456"", ""buy_3th_pre_req_pre"": ""0"", ""buy_4th_pre_bid"": ""-27900"", ""buy_4th_pre_req"": ""362"", ""buy_4th_pre_req_pre"": ""0"", ""buy_5th_pre_bid"": ""-27850"", ""buy_5th_pre_req"": ""333"", ""buy_5th_pre_req_pre"": ""0"", ""buy_6th_pre_bid"": ""-27800"", ""buy_6th_pre_req"": ""183"", ""buy_6th_pre_req_pre"": ""0"", ""buy_7th_pre_bid"": ""-27750"", ""buy_7th_pre_req"": ""787"", ""buy_7th_pre_req_pre"": ""0"", ""buy_8th_pre_bid"": ""-27700"", ""buy_8th_pre_req"": ""185"", ""buy_8th_pre_req_pre"": ""0"", ""buy_9th_pre_bid"": ""-27650"", ""buy_9th_pre_req"": ""158"", ""buy_9th_pre_req_pre"": ""0"", ""buy_10th_pre_bid"": ""-27600"", ""buy_10th_pre_req"": ""185"", ""buy_10th_pre_req_pre"": ""0"", ""tot_sel_req_jub_pre"": ""--41"", ""tot_sel_req"": ""2690"", ""tot_buy_req"": ""2989"", ""tot_buy_req_jub_pre"": ""0"", ""ovt_sel_req_pre"": ""0"", ""ovt_sel_req"": ""0"", ""ovt_buy_req"": ""0"", ""ovt_buy_req_pre"": ""0"", ""return_code"": 0, ""return_msg"": ""정상적으로 처리되었습니다""}"
2026-06-10,scan_candidate,000370,,0,main_scan,6500,,6500,6490,6500,6490,-0.3076923076923077,0.15384615384615385,,,,,,"{""bid_req_base_tm"": ""111152"", ""sel_10th_pre_req_pre"": ""0"", ""sel_10th_pre_req"": ""312"", ""sel_10th_pre_bid"": ""+6590"", ""sel_9th_pre_req_pre"": ""0"", ""sel_9th_pre_req"": ""112"", ""sel_9th_pre_bid"": ""+6580"", ""sel_8th_pre_req_pre"": ""0"", ""sel_8th_pre_req"": ""753"", ""sel_8th_pre_bid"": ""+6570"", ""sel_7th_pre_req_pre"": ""0"", ""sel_7th_pre_req"": ""4"", ""sel_7th_pre_bid"": ""+6560"", ""sel_6th_pre_req_pre"": ""0"", ""sel_6th_pre_req"": ""225"", ""sel_6th_pre_bid"": ""+6550"", ""sel_5th_pre_req_pre"": ""0"", ""sel_5th_pre_req"": ""17"", ""sel_5th_pre_bid"": ""+6540"", ""sel_4th_pre_req_pre"": ""0"", ""sel_4th_pre_req"": ""140"", ""sel_4th_pre_bid"": ""+6530"", ""sel_3th_pre_req_pre"": ""0"", ""sel_3th_pre_req"": ""608"", ""sel_3th_pre_bid"": ""+6520"", ""sel_2th_pre_req_pre"": ""0"", ""sel_2th_pre_req"": ""1168"", ""sel_2th_pre_bid"": ""+6510"", ""sel_1th_pre_req_pre"": ""--150"", ""sel_fpr_req"": ""5012"", ""sel_fpr_bid"": ""+6500"", ""buy_fpr_bid"": ""+6490"", ""buy_fpr_req"": ""71"", ""buy_1th_pre_req_pre"": ""--1"", ""buy_2th_pre_bid"": ""+6480"", ""buy_2th_pre_req"": ""505"", ""buy_2th_pre_req_pre"": ""0"", ""buy_3th_pre_bid"": ""+6470"", ""buy_3th_pre_req"": ""701"", ""buy_3th_pre_req_pre"": ""0"", ""buy_4th_pre_bid"": ""+6460"", ""buy_4th_pre_req"": ""203"", ""buy_4th_pre_req_pre"": ""0"", ""buy_5th_pre_bid"": ""6450"", ""buy_5th_pre_req"": ""840"", ""buy_5th_pre_req_pre"": ""0"", ""buy_6th_pre_bid"": ""-6440"", ""buy_6th_pre_req"": ""132"", ""buy_6th_pre_req_pre"": ""0"", ""buy_7th_pre_bid"": ""-6430"", ""buy_7th_pre_req"": ""1557"", ""buy_7th_pre_req_pre"": ""0"", ""buy_8th_pre_bid"": ""-6420"", ""buy_8th_pre_req"": ""157"", ""buy_8th_pre_req_pre"": ""0"", ""buy_9th_pre_bid"": ""-6410"", ""buy_9th_pre_req"": ""855"", ""buy_9th_pre_req_pre"": ""0"", ""buy_10th_pre_bid"": ""-6400"", ""buy_10th_pre_req"": ""4775"", ""buy_10th_pre_req_pre"": ""0"", ""tot_sel_req_jub_pre"": ""--150"", ""tot_sel_req"": ""8351"", ""tot_buy_req"": ""9796"", ""tot_buy_req_jub_pre"": ""--1"", ""ovt_sel_req_pre"": ""0"", ""ovt_sel_req"": ""0"", ""ovt_buy_req"": ""0"", ""ovt_buy_req_pre"": ""0"", ""return_code"": 0, ""return_msg"": ""정상적으로 처리되었습니다""}"
2026-06-10,scan_candidate,114090,,0,main_scan,12090,,12090,12060,12090,12050,-0.7444168734491315,0.24813895781637718,,,,,,"{""bid_req_base_tm"": ""111148"", ""sel_10th_pre_req_pre"": ""0"", ""sel_10th_pre_req"": ""321"", ""sel_10th_pre_bid"": ""+12180"", ""sel_9th_pre_req_pre"": ""0"", ""sel_9th_pre_req"": ""22"", ""sel_9th_pre_bid"": ""+12170"", ""sel_8th_pre_req_pre"": ""0"", ""sel_8th_pre_req"": ""10"", ""sel_8th_pre_bid"": ""+12160"", ""sel_7th_pre_req_pre"": ""0"", ""sel_7th_pre_req"": ""1133"", ""sel_7th_pre_bid"": ""+12150"", ""sel_6th_pre_req_pre"": ""0"", ""sel_6th_pre_req"": ""132"", ""sel_6th_pre_bid"": ""+12140"", ""sel_5th_pre_req_pre"": ""0"", ""sel_5th_pre_req"": ""470"", ""sel_5th_pre_bid"": ""+12130"", ""sel_4th_pre_req_pre"": ""0"", ""sel_4th_pre_req"": ""56"", ""sel_4th_pre_bid"": ""+12120"", ""sel_3th_pre_req_pre"": ""0"", ""sel_3th_pre_req"": ""1958"", ""sel_3th_pre_bid"": ""+12110"", ""sel_2th_pre_req_pre"": ""0"", ""sel_2th_pre_req"": ""119"", ""sel_2th_pre_bid"": ""+12100"", ""sel_1th_pre_req_pre"": ""0"", ""sel_fpr_req"": ""1"", ""sel_fpr_bid"": ""+12090"", ""buy_fpr_bid"": ""+12060"", ""buy_fpr_req"": ""143"", ""buy_1th_pre_req_pre"": ""0"", ""buy_2th_pre_bid"": ""+12050"", ""buy_2th_pre_req"": ""709"", ""buy_2th_pre_req_pre"": ""0"", ""buy_3th_pre_bid"": ""+12040"", ""buy_3th_pre_req"": ""198"", ""buy_3th_pre_req_pre"": ""0"", ""buy_4th_pre_bid"": ""+12030"", ""buy_4th_pre_req"": ""20"", ""buy_4th_pre_req_pre"": ""0"", ""buy_5th_pre_bid"": ""+12020"", ""buy_5th_pre_req"": ""94"", ""buy_5th_pre_req_pre"": ""0"", ""buy_6th_pre_bid"": ""+12010"", ""buy_6th_pre_req"": ""5"", ""buy_6th_pre_req_pre"": ""0"", ""buy_7th_pre_bid"": ""+12000"", ""buy_7th_pre_req"": ""820"", ""buy_7th_pre_req_pre"": ""0"", ""buy_8th_pre_bid"": ""+11990"", ""buy_8th_pre_req"": ""100"", ""buy_8th_pre_req_pre"": ""0"", ""buy_9th_pre_bid"": ""+11980"", ""buy_9th_pre_req"": ""189"", ""buy_9th_pre_req_pre"": ""0"", ""buy_10th_pre_bid"": ""+11970"", ""buy_10th_pre_req"": ""56"", ""buy_10th_pre_req_pre"": ""0"", ""tot_sel_req_jub_pre"": ""0"", ""tot_sel_req"": ""4222"", ""tot_buy_req"": ""2334"", ""tot_buy_req_jub_pre"": ""0"", ""ovt_sel_req_pre"": ""0"", ""ovt_sel_req"": ""0"", ""ovt_buy_req"": ""0"", ""ovt_buy_req_pre"": ""0"", ""return_code"": 0, ""return_msg"": ""정상적으로 처리되었습니다""}"
2026-06-10,scan_candidate,005090,,0,main_scan,51800,,51800,51600,51800,52100,0.3861003861003861,0.3861003861003861,,,,,,"{""bid_req_base_tm"": ""111141"", ""sel_10th_pre_req_pre"": ""0"", ""sel_10th_pre_req"": ""7"", ""sel_10th_pre_bid"": ""+52900"", ""sel_9th_pre_req_pre"": ""0"", ""sel_9th_pre_req"": ""20"", ""sel_9th_pre_bid"": ""+52800"", ""sel_8th_pre_req_pre"": ""0"", ""sel_8th_pre_req"": ""110"", ""sel_8th_pre_bid"": ""+52700"", ""sel_7th_pre_req_pre"": ""0"", ""sel_7th_pre_req"": ""16"", ""sel_7th_pre_bid"": ""+52600"", ""sel_6th_pre_req_pre"": ""0"", ""sel_6th_pre_req"": ""34"", ""sel_6th_pre_bid"": ""+52500"", ""sel_5th_pre_req_pre"": ""0"", ""sel_5th_pre_req"": ""24"", ""sel_5th_pre_bid"": ""+52400"", ""sel_4th_pre_req_pre"": ""0"", ""sel_4th_pre_req"": ""21"", ""sel_4th_pre_bid"": ""+52300"", ""sel_3th_pre_req_pre"": ""0"", ""sel_3th_pre_req"": ""24"", ""sel_3th_pre_bid"": ""+52200"", ""sel_2th_pre_req_pre"": ""--2"", ""sel_2th_pre_req"": ""60"", ""sel_2th_pre_bid"": ""+51900"", ""sel_1th_pre_req_pre"": ""+2"", ""sel_fpr_req"": ""46"", ""sel_fpr_bid"": ""+51800"", ""buy_fpr_bid"": ""+51600"", ""buy_fpr_req"": ""59"", ""buy_1th_pre_req_pre"": ""0"", ""buy_2th_pre_bid"": ""+51500"", ""buy_2th_pre_req"": ""203"", ""buy_2th_pre_req_pre"": ""0"", ""buy_3th_pre_bid"": ""+51400"", ""buy_3th_pre_req"": ""230"", ""buy_3th_pre_req_pre"": ""0"", ""buy_4th_pre_bid"": ""+51300"", ""buy_4th_pre_req"": ""119"", ""buy_4th_pre_req_pre"": ""0"", ""buy_5th_pre_bid"": ""+51200"", ""buy_5th_pre_req"": ""1424"", ""buy_5th_pre_req_pre"": ""0"", ""buy_6th_pre_bid"": ""+51100"", ""buy_6th_pre_req"": ""148"", ""buy_6th_pre_req_pre"": ""0"", ""buy_7th_pre_bid"": ""+51000"", ""buy_7th_pre_req"": ""428"", ""buy_7th_pre_req_pre"": ""0"", ""buy_8th_pre_bid"": ""+50900"", ""buy_8th_pre_req"": ""224"", ""buy_8th_pre_req_pre"": ""0"", ""buy_9th_pre_bid"": ""+50800"", ""buy_9th_pre_req"": ""702"", ""buy_9th_pre_req_pre"": ""0"", ""buy_10th_pre_bid"": ""+50700"", ""buy_10th_pre_req"": ""271"", ""buy_10th_pre_req_pre"": ""0"", ""tot_sel_req_jub_pre"": ""0"", ""tot_sel_req"": ""362"", ""tot_buy_req"": ""3808"", ""tot_buy_req_jub_pre"": ""0"", ""ovt_sel_req_pre"": ""0"", ""ovt_sel_req"": ""0"", ""ovt_buy_req"": ""0"", ""ovt_buy_req_pre"": ""0"", ""return_code"": 0, ""return_msg"": ""정상적으로 처리되었습니다""}"
2026-06-10,scan_candidate,017900,,0,main_scan,9350,,9350,9330,9350,9330,-0.32085561497326204,0.21390374331550802,,,,,,"{""bid_req_base_tm"": ""111153"", ""sel_10th_pre_req_pre"": ""0"", ""sel_10th_pre_req"": ""1926"", ""sel_10th_pre_bid"": ""+9450"", ""sel_9th_pre_req_pre"": ""0"", ""sel_9th_pre_req"": ""231"", ""sel_9th_pre_bid"": ""+9440"", ""sel_8th_pre_req_pre"": ""0"", ""sel_8th_pre_req"": ""1372"", ""sel_8th_pre_bid"": ""+9430"", ""sel_7th_pre_req_pre"": ""0"", ""sel_7th_pre_req"": ""701"", ""sel_7th_pre_bid"": ""+9420"", ""sel_6th_pre_req_pre"": ""0"", ""sel_6th_pre_req"": ""2"", ""sel_6th_pre_bid"": ""+9410"", ""sel_5th_pre_req_pre"": ""0"", ""sel_5th_pre_req"": ""15722"", ""sel_5th_pre_bid"": ""+9400"", ""sel_4th_pre_req_pre"": ""0"", ""sel_4th_pre_req"": ""2266"", ""sel_4th_pre_bid"": ""+9390"", ""sel_3th_pre_req_pre"": ""0"", ""sel_3th_pre_req"": ""2"", ""sel_3th_pre_bid"": ""+9380"", ""sel_2th_pre_req_pre"": ""0"", ""sel_2th_pre_req"": ""16"", ""sel_2th_pre_bid"": ""+9370"", ""sel_1th_pre_req_pre"": ""+1"", ""sel_fpr_req"": ""3537"", ""sel_fpr_bid"": ""+9350"", ""buy_fpr_bid"": ""+9330"", ""buy_fpr_req"": ""974"", ""buy_1th_pre_req_pre"": ""0"", ""buy_2th_pre_bid"": ""+9320"", ""buy_2th_pre_req"": ""937"", ""buy_2th_pre_req_pre"": ""0"", ""buy_3th_pre_bid"": ""+9310"", ""buy_3th_pre_req"": ""1946"", ""buy_3th_pre_req_pre"": ""0"", ""buy_4th_pre_bid"": ""+9300"", ""buy_4th_pre_req"": ""4679"", ""buy_4th_pre_req_pre"": ""0"", ""buy_5th_pre_bid"": ""+9290"", ""buy_5th_pre_req"": ""1003"", ""buy_5th_pre_req_pre"": ""0"", ""buy_6th_pre_bid"": ""+9280"", ""buy_6th_pre_req"": ""1444"", ""buy_6th_pre_req_pre"": ""0"", ""buy_7th_pre_bid"": ""+9270"", ""buy_7th_pre_req"": ""4793"", ""buy_7th_pre_req_pre"": ""0"", ""buy_8th_pre_bid"": ""+9260"", ""buy_8th_pre_req"": ""2942"", ""buy_8th_pre_req_pre"": ""0"", ""buy_9th_pre_bid"": ""+9250"", ""buy_9th_pre_req"": ""3764"", ""buy_9th_pre_req_pre"": ""0"", ""buy_10th_pre_bid"": ""+9240"", ""buy_10th_pre_req"": ""184"", ""buy_10th_pre_req_pre"": ""0"", ""tot_sel_req_jub_pre"": ""+1"", ""tot_sel_req"": ""25775"", ""tot_buy_req"": ""22666"", ""tot_buy_req_jub_pre"": ""0"", ""ovt_sel_req_pre"": ""0"", ""ovt_sel_req"": ""0"", ""ovt_buy_req"": ""0"", ""ovt_buy_req_pre"": ""0"", ""return_code"": 0, ""return_msg"": ""정상적으로 처리되었습니다""}"
2026-06-10,scan_candidate,004710,,0,main_scan,10940,,10940,10830,10940,10900,-0.8226691042047531,1.0054844606946984,,,,,,"{""bid_req_base_tm"": ""111151"", ""sel_10th_pre_req_pre"": ""0"", ""sel_10th_pre_req"": ""3"", ""sel_10th_pre_bid"": ""+11070"", ""sel_9th_pre_req_pre"": ""0"", ""sel_9th_pre_req"": ""28"", ""sel_9th_pre_bid"": ""+11060"", ""sel_8th_pre_req_pre"": ""0"", ""sel_8th_pre_req"": ""300"", ""sel_8th_pre_bid"": ""+11050"", ""sel_7th_pre_req_pre"": ""0"", ""sel_7th_pre_req"": ""1009"", ""sel_7th_pre_bid"": ""+11030"", ""sel_6th_pre_req_pre"": ""0"", ""sel_6th_pre_req"": ""20"", ""sel_6th_pre_bid"": ""+11020"", ""sel_5th_pre_req_pre"": ""0"", ""sel_5th_pre_req"": ""14"", ""sel_5th_pre_bid"": ""+11010"", ""sel_4th_pre_req_pre"": ""0"", ""sel_4th_pre_req"": ""72"", ""sel_4th_pre_bid"": ""+11000"", ""sel_3th_pre_req_pre"": ""0"", ""sel_3th_pre_req"": ""10"", ""sel_3th_pre_bid"": ""+10960"", ""sel_2th_pre_req_pre"": ""0"", ""sel_2th_pre_req"": ""11"", ""sel_2th_pre_bid"": ""+10950"", ""sel_1th_pre_req_pre"": ""0"", ""sel_fpr_req"": ""29"", ""sel_fpr_bid"": ""+10940"", ""buy_fpr_bid"": ""+10830"", ""buy_fpr_req"": ""65"", ""buy_1th_pre_req_pre"": ""+3"", ""buy_2th_pre_bid"": ""+10820"", ""buy_2th_pre_req"": ""32"", ""buy_2th_pre_req_pre"": ""0"", ""buy_3th_pre_bid"": ""+10810"", ""buy_3th_pre_req"": ""237"", ""buy_3th_pre_req_pre"": ""0"", ""buy_4th_pre_bid"": ""+10800"", ""buy_4th_pre_req"": ""274"", ""buy_4th_pre_req_pre"": ""0"", ""buy_5th_pre_bid"": ""+10790"", ""buy_5th_pre_req"": ""5"", ""buy_5th_pre_req_pre"": ""0"", ""buy_6th_pre_bid"": ""+10780"", ""buy_6th_pre_req"": ""4"", ""buy_6th_pre_req_pre"": ""0"", ""buy_7th_pre_bid"": ""+10760"", ""buy_7th_pre_req"": ""202"", ""buy_7th_pre_req_pre"": ""0"", ""buy_8th_pre_bid"": ""+10750"", ""buy_8th_pre_req"": ""3"", ""buy_8th_pre_req_pre"": ""0"", ""buy_9th_pre_bid"": ""+10740"", ""buy_9th_pre_req"": ""14"", ""buy_9th_pre_req_pre"": ""0"", ""buy_10th_pre_bid"": ""+10730"", ""buy_10th_pre_req"": ""1036"", ""buy_10th_pre_req_pre"": ""0"", ""tot_sel_req_jub_pre"": ""0"", ""tot_sel_req"": ""1496"", ""tot_buy_req"": ""1872"", ""tot_buy_req_jub_pre"": ""+3"", ""ovt_sel_req_pre"": ""0"", ""ovt_sel_req"": ""0"", ""ovt_buy_req"": ""0"", ""ovt_buy_req_pre"": ""0"", ""return_code"": 0, ""return_msg"": ""정상적으로 처리되었습니다""}"
2026-06-10,scan_candidate,006220,,0,main_scan,11740,,11740,11720,11740,11750,-0.34071550255536626,0.17035775127768313,,,,,,"{""bid_req_base_tm"": ""111154"", ""sel_10th_pre_req_pre"": ""0"", ""sel_10th_pre_req"": ""721"", ""sel_10th_pre_bid"": ""+11840"", ""sel_9th_pre_req_pre"": ""0"", ""sel_9th_pre_req"": ""744"", ""sel_9th_pre_bid"": ""+11830"", ""sel_8th_pre_req_pre"": ""0"", ""sel_8th_pre_req"": ""64"", ""sel_8th_pre_bid"": ""+11820"", ""sel_7th_pre_req_pre"": ""0"", ""sel_7th_pre_req"": ""1"", ""sel_7th_pre_bid"": ""+11810"", ""sel_6th_pre_req_pre"": ""0"", ""sel_6th_pre_req"": ""794"", ""sel_6th_pre_bid"": ""+11800"", ""sel_5th_pre_req_pre"": ""0"", ""sel_5th_pre_req"": ""2177"", ""sel_5th_pre_bid"": ""+11790"", ""sel_4th_pre_req_pre"": ""0"", ""sel_4th_pre_req"": ""399"", ""sel_4th_pre_bid"": ""+11770"", ""sel_3th_pre_req_pre"": ""0"", ""sel_3th_pre_req"": ""27"", ""sel_3th_pre_bid"": ""+11760"", ""sel_2th_pre_req_pre"": ""0"", ""sel_2th_pre_req"": ""554"", ""sel_2th_pre_bid"": ""+11750"", ""sel_1th_pre_req_pre"": ""0"", ""sel_fpr_req"": ""116"", ""sel_fpr_bid"": ""+11740"", ""buy_fpr_bid"": ""+11720"", ""buy_fpr_req"": ""336"", ""buy_1th_pre_req_pre"": ""0"", ""buy_2th_pre_bid"": ""+11710"", ""buy_2th_pre_req"": ""1146"", ""buy_2th_pre_req_pre"": ""0"", ""buy_3th_pre_bid"": ""+11700"", ""buy_3th_pre_req"": ""1581"", ""buy_3th_pre_req_pre"": ""0"", ""buy_4th_pre_bid"": ""+11690"", ""buy_4th_pre_req"": ""1141"", ""buy_4th_pre_req_pre"": ""0"", ""buy_5th_pre_bid"": ""+11680"", ""buy_5th_pre_req"": ""757"", ""buy_5th_pre_req_pre"": ""0"", ""buy_6th_pre_bid"": ""+11670"", ""buy_6th_pre_req"": ""1304"", ""buy_6th_pre_req_pre"": ""0"", ""buy_7th_pre_bid"": ""+11660"", ""buy_7th_pre_req"": ""266"", ""buy_7th_pre_req_pre"": ""+40"", ""buy_8th_pre_bid"": ""+11650"", ""buy_8th_pre_req"": ""139"", ""buy_8th_pre_req_pre"": ""0"", ""buy_9th_pre_bid"": ""+11640"", ""buy_9th_pre_req"": ""285"", ""buy_9th_pre_req_pre"": ""0"", ""buy_10th_pre_bid"": ""+11630"", ""buy_10th_pre_req"": ""450"", ""buy_10th_pre_req_pre"": ""0"", ""tot_sel_req_jub_pre"": ""0"", ""tot_sel_req"": ""5597"", ""tot_buy_req"": ""7405"", ""tot_buy_req_jub_pre"": ""+40"", ""ovt_sel_req_pre"": ""0"", ""ovt_sel_req"": ""0"", ""ovt_buy_req"": ""0"", ""ovt_buy_req_pre"": ""0"", ""return_code"": 0, ""return_msg"": ""정상적으로 처리되었습니다""}"
2026-06-10,scan_candidate,092200,,0,main_scan,9500,,9500,9490,9500,9540,0.3157894736842105,0.10526315789473684,,,,,,"{""bid_req_base_tm"": ""111151"", ""sel_10th_pre_req_pre"": ""0"", ""sel_10th_pre_req"": ""106"", ""sel_10th_pre_bid"": ""-9590"", ""sel_9th_pre_req_pre"": ""0"", ""sel_9th_pre_req"": ""50"", ""sel_9th_pre_bid"": ""-9580"", ""sel_8th_pre_req_pre"": ""0"", ""sel_8th_pre_req"": ""5"", ""sel_8th_pre_bid"": ""-9570"", ""sel_7th_pre_req_pre"": ""0"", ""sel_7th_pre_req"": ""19"", ""sel_7th_pre_bid"": ""-9560"", ""sel_6th_pre_req_pre"": ""0"", ""sel_6th_pre_req"": ""555"", ""sel_6th_pre_bid"": ""-9550"", ""sel_5th_pre_req_pre"": ""0"", ""sel_5th_pre_req"": ""2"", ""sel_5th_pre_bid"": ""-9540"", ""sel_4th_pre_req_pre"": ""0"", ""sel_4th_pre_req"": ""93"", ""sel_4th_pre_bid"": ""-9530"", ""sel_3th_pre_req_pre"": ""0"", ""sel_3th_pre_req"": ""570"", ""sel_3th_pre_bid"": ""-9520"", ""sel_2th_pre_req_pre"": ""0"", ""sel_2th_pre_req"": ""47"", ""sel_2th_pre_bid"": ""-9510"", ""sel_1th_pre_req_pre"": ""0"", ""sel_fpr_req"": ""894"", ""sel_fpr_bid"": ""-9500"", ""buy_fpr_bid"": ""-9490"", ""buy_fpr_req"": ""2737"", ""buy_1th_pre_req_pre"": ""--2"", ""buy_2th_pre_bid"": ""-9480"", ""buy_2th_pre_req"": ""1016"", ""buy_2th_pre_req_pre"": ""0"", ""buy_3th_pre_bid"": ""-9470"", ""buy_3th_pre_req"": ""2203"", ""buy_3th_pre_req_pre"": ""0"", ""buy_4th_pre_bid"": ""-9460"", ""buy_4th_pre_req"": ""575"", ""buy_4th_pre_req_pre"": ""0"", ""buy_5th_pre_bid"": ""-9450"", ""buy_5th_pre_req"": ""1259"", ""buy_5th_pre_req_pre"": ""0"", ""buy_6th_pre_bid"": ""-9440"", ""buy_6th_pre_req"": ""942"", ""buy_6th_pre_req_pre"": ""0"", ""buy_7th_pre_bid"": ""-9430"", ""buy_7th_pre_req"": ""2059"", ""buy_7th_pre_req_pre"": ""0"", ""buy_8th_pre_bid"": ""-9420"", ""buy_8th_pre_req"": ""3610"", ""buy_8th_pre_req_pre"": ""0"", ""buy_9th_pre_bid"": ""-9410"", ""buy_9th_pre_req"": ""2467"", ""buy_9th_pre_req_pre"": ""0"", ""buy_10th_pre_bid"": ""-9400"", ""buy_10th_pre_req"": ""2800"", ""buy_10th_pre_req_pre"": ""0"", ""tot_sel_req_jub_pre"": ""0"", ""tot_sel_req"": ""2341"", ""tot_buy_req"": ""19668"", ""tot_buy_req_jub_pre"": ""--2"", ""ovt_sel_req_pre"": ""0"", ""ovt_sel_req"": ""0"", ""ovt_buy_req"": ""0"", ""ovt_buy_req_pre"": ""0"", ""return_code"": 0, ""return_msg"": ""정상적으로 처리되었습니다""}"
2026-06-10,scan_candidate,000430,,0,main_scan,5640,,5640,5620,5640,5670,0.3546099290780142,0.3546099290780142,,,,,,"{""bid_req_base_tm"": ""111154"", ""sel_10th_pre_req_pre"": ""0"", ""sel_10th_pre_req"": ""1740"", ""sel_10th_pre_bid"": ""-5730"", ""sel_9th_pre_req_pre"": ""0"", ""sel_9th_pre_req"": ""52"", ""sel_9th_pre_bid"": ""-5720"", ""sel_8th_pre_req_pre"": ""0"", ""sel_8th_pre_req"": ""101"", ""sel_8th_pre_bid"": ""-5710"", ""sel_7th_pre_req_pre"": ""0"", ""sel_7th_pre_req"": ""20"", ""sel_7th_pre_bid"": ""-5700"", ""sel_6th_pre_req_pre"": ""0"", ""sel_6th_pre_req"": ""50"", ""sel_6th_pre_bid"": ""-5690"", ""sel_5th_pre_req_pre"": ""0"", ""sel_5th_pre_req"": ""62"", ""sel_5th_pre_bid"": ""-5680"", ""sel_4th_pre_req_pre"": ""0"", ""sel_4th_pre_req"": ""1"", ""sel_4th_pre_bid"": ""-5670"", ""sel_3th_pre_req_pre"": ""0"", ""sel_3th_pre_req"": ""114"", ""sel_3th_pre_bid"": ""-5660"", ""sel_2th_pre_req_pre"": ""0"", ""sel_2th_pre_req"": ""1"", ""sel_2th_pre_bid"": ""-5650"", ""sel_1th_pre_req_pre"": ""0"", ""sel_fpr_req"": ""1348"", ""sel_fpr_bid"": ""-5640"", ""buy_fpr_bid"": ""-5620"", ""buy_fpr_req"": ""3941"", ""buy_1th_pre_req_pre"": ""0"", ""buy_2th_pre_bid"": ""-5610"", ""buy_2th_pre_req"": ""7261"", ""buy_2th_pre_req_pre"": ""--923"", ""buy_3th_pre_bid"": ""-5600"", ""buy_3th_pre_req"": ""14924"", ""buy_3th_pre_req_pre"": ""+923"", ""buy_4th_pre_bid"": ""-5590"", ""buy_4th_pre_req"": ""3643"", ""buy_4th_pre_req_pre"": ""0"", ""buy_5th_pre_bid"": ""-5580"", ""buy_5th_pre_req"": ""8477"", ""buy_5th_pre_req_pre"": ""0"", ""buy_6th_pre_bid"": ""-5570"", ""buy_6th_pre_req"": ""2755"", ""buy_6th_pre_req_pre"": ""0"", ""buy_7th_pre_bid"": ""-5560"", ""buy_7th_pre_req"": ""1664"", ""buy_7th_pre_req_pre"": ""0"", ""buy_8th_pre_bid"": ""-5550"", ""buy_8th_pre_req"": ""5976"", ""buy_8th_pre_req_pre"": ""0"", ""buy_9th_pre_bid"": ""-5540"", ""buy_9th_pre_req"": ""2023"", ""buy_9th_pre_req_pre"": ""0"", ""buy_10th_pre_bid"": ""-5530"", ""buy_10th_pre_req"": ""441"", ""buy_10th_pre_req_pre"": ""0"", ""tot_sel_req_jub_pre"": ""0"", ""tot_sel_req"": ""3489"", ""tot_buy_req"": ""51105"", ""tot_buy_req_jub_pre"": ""0"", ""ovt_sel_req_pre"": ""0"", ""ovt_sel_req"": ""0"", ""ovt_buy_req"": ""0"", ""ovt_buy_req_pre"": ""0"", ""return_code"": 0, ""return_msg"": ""정상적으로 처리되었습니다""}"
2026-06-10,scan_candidate,010690,,0,main_scan,10600,,10600,10590,10600,10600,-0.4716981132075472,0.09433962264150944,,,,,,"{""bid_req_base_tm"": ""111154"", ""sel_10th_pre_req_pre"": ""0"", ""sel_10th_pre_req"": ""702"", ""sel_10th_pre_bid"": ""+10690"", ""sel_9th_pre_req_pre"": ""0"", ""sel_9th_pre_req"": ""14"", ""sel_9th_pre_bid"": ""+10680"", ""sel_8th_pre_req_pre"": ""0"", ""sel_8th_pre_req"": ""123"", ""sel_8th_pre_bid"": ""+10670"", ""sel_7th_pre_req_pre"": ""0"", ""sel_7th_pre_req"": ""29"", ""sel_7th_pre_bid"": ""+10660"", ""sel_6th_pre_req_pre"": ""0"", ""sel_6th_pre_req"": ""89"", ""sel_6th_pre_bid"": ""+10650"", ""sel_5th_pre_req_pre"": ""0"", ""sel_5th_pre_req"": ""3"", ""sel_5th_pre_bid"": ""+10640"", ""sel_4th_pre_req_pre"": ""0"", ""sel_4th_pre_req"": ""37"", ""sel_4th_pre_bid"": ""+10630"", ""sel_3th_pre_req_pre"": ""0"", ""sel_3th_pre_req"": ""127"", ""sel_3th_pre_bid"": ""+10620"", ""sel_2th_pre_req_pre"": ""0"", ""sel_2th_pre_req"": ""35"", ""sel_2th_pre_bid"": ""+10610"", ""sel_1th_pre_req_pre"": ""0"", ""sel_fpr_req"": ""35"", ""sel_fpr_bid"": ""+10600"", ""buy_fpr_bid"": ""+10590"", ""buy_fpr_req"": ""22"", ""buy_1th_pre_req_pre"": ""0"", ""buy_2th_pre_bid"": ""+10580"", ""buy_2th_pre_req"": ""9"", ""buy_2th_pre_req_pre"": ""0"", ""buy_3th_pre_bid"": ""+10570"", ""buy_3th_pre_req"": ""630"", ""buy_3th_pre_req_pre"": ""0"", ""buy_4th_pre_bid"": ""+10560"", ""buy_4th_pre_req"": ""67"", ""buy_4th_pre_req_pre"": ""0"", ""buy_5th_pre_bid"": ""+10550"", ""buy_5th_pre_req"": ""474"", ""buy_5th_pre_req_pre"": ""0"", ""buy_6th_pre_bid"": ""+10540"", ""buy_6th_pre_req"": ""150"", ""buy_6th_pre_req_pre"": ""0"", ""buy_7th_pre_bid"": ""+10530"", ""buy_7th_pre_req"": ""117"", ""buy_7th_pre_req_pre"": ""0"", ""buy_8th_pre_bid"": ""+10520"", ""buy_8th_pre_req"": ""502"", ""buy_8th_pre_req_pre"": ""0"", ""buy_9th_pre_bid"": ""+10510"", ""buy_9th_pre_req"": ""764"", ""buy_9th_pre_req_pre"": ""0"", ""buy_10th_pre_bid"": ""+10500"", ""buy_10th_pre_req"": ""3194"", ""buy_10th_pre_req_pre"": ""0"", ""tot_sel_req_jub_pre"": ""0"", ""tot_sel_req"": ""1194"", ""tot_buy_req"": ""5929"", ""tot_buy_req_jub_pre"": ""0"", ""ovt_sel_req_pre"": ""0"", ""ovt_sel_req"": ""0"", ""ovt_buy_req"": ""0"", ""ovt_buy_req_pre"": ""0"", ""return_code"": 0, ""return_msg"": ""정상적으로 처리되었습니다""}"
2026-06-10,scan_candidate,005950,,0,main_scan,11900,,11900,11890,11900,11900,-0.42016806722689076,0.08403361344537816,,,,,,"{""bid_req_base_tm"": ""111154"", ""sel_10th_pre_req_pre"": ""0"", ""sel_10th_pre_req"": ""2"", ""sel_10th_pre_bid"": ""+12090"", ""sel_9th_pre_req_pre"": ""0"", ""sel_9th_pre_req"": ""66"", ""sel_9th_pre_bid"": ""+12020"", ""sel_8th_pre_req_pre"": ""0"", ""sel_8th_pre_req"": ""91"", ""sel_8th_pre_bid"": ""+12010"", ""sel_7th_pre_req_pre"": ""0"", ""sel_7th_pre_req"": ""200"", ""sel_7th_pre_bid"": ""+12000"", ""sel_6th_pre_req_pre"": ""0"", ""sel_6th_pre_req"": ""100"", ""sel_6th_pre_bid"": ""+11980"", ""sel_5th_pre_req_pre"": ""0"", ""sel_5th_pre_req"": ""226"", ""sel_5th_pre_bid"": ""+11970"", ""sel_4th_pre_req_pre"": ""0"", ""sel_4th_pre_req"": ""77"", ""sel_4th_pre_bid"": ""+11940"", ""sel_3th_pre_req_pre"": ""0"", ""sel_3th_pre_req"": ""117"", ""sel_3th_pre_bid"": ""+11920"", ""sel_2th_pre_req_pre"": ""0"", ""sel_2th_pre_req"": ""52"", ""sel_2th_pre_bid"": ""+11910"", ""sel_1th_pre_req_pre"": ""--19"", ""sel_fpr_req"": ""3"", ""sel_fpr_bid"": ""+11900"", ""buy_fpr_bid"": ""+11890"", ""buy_fpr_req"": ""4"", ""buy_1th_pre_req_pre"": ""--19"", ""buy_2th_pre_bid"": ""+11870"", ""buy_2th_pre_req"": ""59"", ""buy_2th_pre_req_pre"": ""0"", ""buy_3th_pre_bid"": ""+11860"", ""buy_3th_pre_req"": ""112"", ""buy_3th_pre_req_pre"": ""0"", ""buy_4th_pre_bid"": ""+11850"", ""buy_4th_pre_req"": ""44"", ""buy_4th_pre_req_pre"": ""0"", ""buy_5th_pre_bid"": ""+11830"", ""buy_5th_pre_req"": ""13"", ""buy_5th_pre_req_pre"": ""0"", ""buy_6th_pre_bid"": ""+11820"", ""buy_6th_pre_req"": ""78"", ""buy_6th_pre_req_pre"": ""0"", ""buy_7th_pre_bid"": ""+11810"", ""buy_7th_pre_req"": ""179"", ""buy_7th_pre_req_pre"": ""0"", ""buy_8th_pre_bid"": ""+11800"", ""buy_8th_pre_req"": ""1778"", ""buy_8th_pre_req_pre"": ""0"", ""buy_9th_pre_bid"": ""+11790"", ""buy_9th_pre_req"": ""35"", ""buy_9th_pre_req_pre"": ""0"", ""buy_10th_pre_bid"": ""+11780"", ""buy_10th_pre_req"": ""28"", ""buy_10th_pre_req_pre"": ""0"", ""tot_sel_req_jub_pre"": ""--19"", ""tot_sel_req"": ""934"", ""tot_buy_req"": ""2330"", ""tot_buy_req_jub_pre"": ""--19"", ""ovt_sel_req_pre"": ""0"", ""ovt_sel_req"": ""0"", ""ovt_buy_req"": ""0"", ""ovt_buy_req_pre"": ""0"", ""return_code"": 0, ""return_msg"": ""정상적으로 처리되었습니다""}"
2026-06-10,watchlist,014680,,0,filtered_candidate_recheck,259500,,259500,259000,259500,261000,0.3853564547206166,0.1926782273603083,,,,,,"{""bid_req_base_tm"": ""111338"", ""sel_10th_pre_req_pre"": ""0"", ""sel_10th_pre_req"": ""83"", ""sel_10th_pre_bid"": ""+264000"", ""sel_9th_pre_req_pre"": ""0"", ""sel_9th_pre_req"": ""13"", ""sel_9th_pre_bid"": ""+263500"", ""sel_8th_pre_req_pre"": ""0"", ""sel_8th_pre_req"": ""4"", ""sel_8th_pre_bid"": ""+263000"", ""sel_7th_pre_req_pre"": ""0"", ""sel_7th_pre_req"": ""4"", ""sel_7th_pre_bid"": ""+262500"", ""sel_6th_pre_req_pre"": ""0"", ""sel_6th_pre_req"": ""2"", ""sel_6th_pre_bid"": ""+262000"", ""sel_5th_pre_req_pre"": ""0"", ""sel_5th_pre_req"": ""3"", ""sel_5th_pre_bid"": ""+261500"", ""sel_4th_pre_req_pre"": ""0"", ""sel_4th_pre_req"": ""18"", ""sel_4th_pre_bid"": ""+261000"", ""sel_3th_pre_req_pre"": ""0"", ""sel_3th_pre_req"": ""30"", ""sel_3th_pre_bid"": ""+260500"", ""sel_2th_pre_req_pre"": ""+2"", ""sel_2th_pre_req"": ""17"", ""sel_2th_pre_bid"": ""+260000"", ""sel_1th_pre_req_pre"": ""0"", ""sel_fpr_req"": ""208"", ""sel_fpr_bid"": ""+259500"", ""buy_fpr_bid"": ""+259000"", ""buy_fpr_req"": ""283"", ""buy_1th_pre_req_pre"": ""0"", ""buy_2th_pre_bid"": ""+258500"", ""buy_2th_pre_req"": ""151"", ""buy_2th_pre_req_pre"": ""0"", ""buy_3th_pre_bid"": ""+258000"", ""buy_3th_pre_req"": ""120"", ""buy_3th_pre_req_pre"": ""0"", ""buy_4th_pre_bid"": ""+257500"", ""buy_4th_pre_req"": ""155"", ""buy_4th_pre_req_pre"": ""0"", ""buy_5th_pre_bid"": ""+257000"", ""buy_5th_pre_req"": ""141"", ""buy_5th_pre_req_pre"": ""0"", ""buy_6th_pre_bid"": ""+256500"", ""buy_6th_pre_req"": ""3"", ""buy_6th_pre_req_pre"": ""0"", ""buy_7th_pre_bid"": ""+256000"", ""buy_7th_pre_req"": ""45"", ""buy_7th_pre_req_pre"": ""0"", ""buy_8th_pre_bid"": ""+255500"", ""buy_8th_pre_req"": ""79"", ""buy_8th_pre_req_pre"": ""0"", ""buy_9th_pre_bid"": ""+255000"", ""buy_9th_pre_req"": ""3"", ""buy_9th_pre_req_pre"": ""0"", ""buy_10th_pre_bid"": ""+254500"", ""buy_10th_pre_req"": ""23"", ""buy_10th_pre_req_pre"": ""0"", ""tot_sel_req_jub_pre"": ""+2"", ""tot_sel_req"": ""382"", ""tot_buy_req"": ""1003"", ""tot_buy_req_jub_pre"": ""0"", ""ovt_sel_req_pre"": ""0"", ""ovt_sel_req"": ""0"", ""ovt_buy_req"": ""0"", ""ovt_buy_req_pre"": ""0"", ""return_code"": 0, ""return_msg"": ""정상적으로 처리되었습니다""}"
2026-06-10,watchlist,035420,,1,filtered_candidate_recheck,233500,,233500,233000,233500,234500,0.21413276231263384,0.21413276231263384,,,,,,"{""bid_req_base_tm"": ""111344"", ""sel_10th_pre_req_pre"": ""0"", ""sel_10th_pre_req"": ""4194"", ""sel_10th_pre_bid"": ""-238000"", ""sel_9th_pre_req_pre"": ""0"", ""sel_9th_pre_req"": ""3261"", ""sel_9th_pre_bid"": ""-237500"", ""sel_8th_pre_req_pre"": ""0"", ""sel_8th_pre_req"": ""1734"", ""sel_8th_pre_bid"": ""-237000"", ""sel_7th_pre_req_pre"": ""0"", ""sel_7th_pre_req"": ""4635"", ""sel_7th_pre_bid"": ""-236500"", ""sel_6th_pre_req_pre"": ""0"", ""sel_6th_pre_req"": ""3709"", ""sel_6th_pre_bid"": ""-236000"", ""sel_5th_pre_req_pre"": ""0"", ""sel_5th_pre_req"": ""2146"", ""sel_5th_pre_bid"": ""-235500"", ""sel_4th_pre_req_pre"": ""0"", ""sel_4th_pre_req"": ""2512"", ""sel_4th_pre_bid"": ""-235000"", ""sel_3th_pre_req_pre"": ""0"", ""sel_3th_pre_req"": ""1895"", ""sel_3th_pre_bid"": ""-234500"", ""sel_2th_pre_req_pre"": ""+927"", ""sel_2th_pre_req"": ""1760"", ""sel_2th_pre_bid"": ""-234000"", ""sel_1th_pre_req_pre"": ""+13"", ""sel_fpr_req"": ""1763"", ""sel_fpr_bid"": ""-233500"", ""buy_fpr_bid"": ""-233000"", ""buy_fpr_req"": ""2357"", ""buy_1th_pre_req_pre"": ""+1"", ""buy_2th_pre_bid"": ""-232500"", ""buy_2th_pre_req"": ""11784"", ""buy_2th_pre_req_pre"": ""0"", ""buy_3th_pre_bid"": ""-232000"", ""buy_3th_pre_req"": ""12170"", ""buy_3th_pre_req_pre"": ""0"", ""buy_4th_pre_bid"": ""-231500"", ""buy_4th_pre_req"": ""12121"", ""buy_4th_pre_req_pre"": ""0"", ""buy_5th_pre_bid"": ""-231000"", ""buy_5th_pre_req"": ""11504"", ""buy_5th_pre_req_pre"": ""0"", ""buy_6th_pre_bid"": ""-230500"", ""buy_6th_pre_req"": ""19003"", ""buy_6th_pre_req_pre"": ""0"", ""buy_7th_pre_bid"": ""-230000"", ""buy_7th_pre_req"": ""70906"", ""buy_7th_pre_req_pre"": ""0"", ""buy_8th_pre_bid"": ""-229500"", ""buy_8th_pre_req"": ""4914"", ""buy_8th_pre_req_pre"": ""0"", ""buy_9th_pre_bid"": ""-229000"", ""buy_9th_pre_req"": ""7359"", ""buy_9th_pre_req_pre"": ""0"", ""buy_10th_pre_bid"": ""-228500"", ""buy_10th_pre_req"": ""9192"", ""buy_10th_pre_req_pre"": ""0"", ""tot_sel_req_jub_pre"": ""+940"", ""tot_sel_req"": ""27609"", ""tot_buy_req"": ""161310"", ""tot_buy_req_jub_pre"": ""+1"", ""ovt_sel_req_pre"": ""0"", ""ovt_sel_req"": ""0"", ""ovt_buy_req"": ""0"", ""ovt_buy_req_pre"": ""0"", ""return_code"": 0, ""return_msg"": ""정상적으로 처리되었습니다""}"
2026-06-10,watchlist,036570,,0,filtered_candidate_recheck,257500,,257500,257000,257500,258000,0.0,0.1941747572815534,,,,,,"{""bid_req_base_tm"": ""111344"", ""sel_10th_pre_req_pre"": ""0"", ""sel_10th_pre_req"": ""17"", ""sel_10th_pre_bid"": ""-262500"", ""sel_9th_pre_req_pre"": ""0"", ""sel_9th_pre_req"": ""66"", ""sel_9th_pre_bid"": ""-262000"", ""sel_8th_pre_req_pre"": ""0"", ""sel_8th_pre_req"": ""26"", ""sel_8th_pre_bid"": ""-261500"", ""sel_7th_pre_req_pre"": ""0"", ""sel_7th_pre_req"": ""63"", ""sel_7th_pre_bid"": ""-261000"", ""sel_6th_pre_req_pre"": ""0"", ""sel_6th_pre_req"": ""1"", ""sel_6th_pre_bid"": ""-260500"", ""sel_5th_pre_req_pre"": ""0"", ""sel_5th_pre_req"": ""120"", ""sel_5th_pre_bid"": ""-260000"", ""sel_4th_pre_req_pre"": ""0"", ""sel_4th_pre_req"": ""1062"", ""sel_4th_pre_bid"": ""-259500"", ""sel_3th_pre_req_pre"": ""0"", ""sel_3th_pre_req"": ""129"", ""sel_3th_pre_bid"": ""-259000"", ""sel_2th_pre_req_pre"": ""0"", ""sel_2th_pre_req"": ""58"", ""sel_2th_pre_bid"": ""-258500"", ""sel_1th_pre_req_pre"": ""0"", ""sel_fpr_req"": ""4"", ""sel_fpr_bid"": ""-257500"", ""buy_fpr_bid"": ""-257000"", ""buy_fpr_req"": ""117"", ""buy_1th_pre_req_pre"": ""+1"", ""buy_2th_pre_bid"": ""-256500"", ""buy_2th_pre_req"": ""122"", ""buy_2th_pre_req_pre"": ""0"", ""buy_3th_pre_bid"": ""-256000"", ""buy_3th_pre_req"": ""204"", ""buy_3th_pre_req_pre"": ""0"", ""buy_4th_pre_bid"": ""-255500"", ""buy_4th_pre_req"": ""195"", ""buy_4th_pre_req_pre"": ""0"", ""buy_5th_pre_bid"": ""-255000"", ""buy_5th_pre_req"": ""305"", ""buy_5th_pre_req_pre"": ""0"", ""buy_6th_pre_bid"": ""-254500"", ""buy_6th_pre_req"": ""363"", ""buy_6th_pre_req_pre"": ""0"", ""buy_7th_pre_bid"": ""-254000"", ""buy_7th_pre_req"": ""360"", ""buy_7th_pre_req_pre"": ""0"", ""buy_8th_pre_bid"": ""-253500"", ""buy_8th_pre_req"": ""426"", ""buy_8th_pre_req_pre"": ""0"", ""buy_9th_pre_bid"": ""-253000"", ""buy_9th_pre_req"": ""737"", ""buy_9th_pre_req_pre"": ""0"", ""buy_10th_pre_bid"": ""-252500"", ""buy_10th_pre_req"": ""213"", ""buy_10th_pre_req_pre"": ""0"", ""tot_sel_req_jub_pre"": ""0"", ""tot_sel_req"": ""1546"", ""tot_buy_req"": ""3042"", ""tot_buy_req_jub_pre"": ""+1"", ""ovt_sel_req_pre"": ""0"", ""ovt_sel_req"": ""0"", ""ovt_buy_req"": ""0"", ""ovt_buy_req_pre"": ""0"", ""return_code"": 0, ""return_msg"": ""정상적으로 처리되었습니다""}"
2026-06-10,watchlist,005090,,1,filtered_candidate_recheck,52000,,52000,51900,52000,52200,0.19230769230769232,0.19230769230769232,,,,,,"{""bid_req_base_tm"": ""111341"", ""sel_10th_pre_req_pre"": ""0"", ""sel_10th_pre_req"": ""7"", ""sel_10th_pre_bid"": ""+52900"", ""sel_9th_pre_req_pre"": ""0"", ""sel_9th_pre_req"": ""20"", ""sel_9th_pre_bid"": ""+52800"", ""sel_8th_pre_req_pre"": ""0"", ""sel_8th_pre_req"": ""110"", ""sel_8th_pre_bid"": ""+52700"", ""sel_7th_pre_req_pre"": ""0"", ""sel_7th_pre_req"": ""16"", ""sel_7th_pre_bid"": ""+52600"", ""sel_6th_pre_req_pre"": ""0"", ""sel_6th_pre_req"": ""34"", ""sel_6th_pre_bid"": ""+52500"", ""sel_5th_pre_req_pre"": ""0"", ""sel_5th_pre_req"": ""24"", ""sel_5th_pre_bid"": ""+52400"", ""sel_4th_pre_req_pre"": ""0"", ""sel_4th_pre_req"": ""21"", ""sel_4th_pre_bid"": ""+52300"", ""sel_3th_pre_req_pre"": ""0"", ""sel_3th_pre_req"": ""24"", ""sel_3th_pre_bid"": ""+52200"", ""sel_2th_pre_req_pre"": ""+2"", ""sel_2th_pre_req"": ""41"", ""sel_2th_pre_bid"": ""+52100"", ""sel_1th_pre_req_pre"": ""0"", ""sel_fpr_req"": ""17"", ""sel_fpr_bid"": ""+52000"", ""buy_fpr_bid"": ""+51900"", ""buy_fpr_req"": ""23"", ""buy_1th_pre_req_pre"": ""0"", ""buy_2th_pre_bid"": ""+51800"", ""buy_2th_pre_req"": ""12"", ""buy_2th_pre_req_pre"": ""0"", ""buy_3th_pre_bid"": ""+51700"", ""buy_3th_pre_req"": ""139"", ""buy_3th_pre_req_pre"": ""0"", ""buy_4th_pre_bid"": ""+51600"", ""buy_4th_pre_req"": ""176"", ""buy_4th_pre_req_pre"": ""0"", ""buy_5th_pre_bid"": ""+51500"", ""buy_5th_pre_req"": ""164"", ""buy_5th_pre_req_pre"": ""0"", ""buy_6th_pre_bid"": ""+51400"", ""buy_6th_pre_req"": ""110"", ""buy_6th_pre_req_pre"": ""0"", ""buy_7th_pre_bid"": ""+51300"", ""buy_7th_pre_req"": ""219"", ""buy_7th_pre_req_pre"": ""0"", ""buy_8th_pre_bid"": ""+51200"", ""buy_8th_pre_req"": ""1424"", ""buy_8th_pre_req_pre"": ""0"", ""buy_9th_pre_bid"": ""+51100"", ""buy_9th_pre_req"": ""148"", ""buy_9th_pre_req_pre"": ""0"", ""buy_10th_pre_bid"": ""+51000"", ""buy_10th_pre_req"": ""428"", ""buy_10th_pre_req_pre"": ""0"", ""tot_sel_req_jub_pre"": ""+2"", ""tot_sel_req"": ""314"", ""tot_buy_req"": ""2843"", ""tot_buy_req_jub_pre"": ""0"", ""ovt_sel_req_pre"": ""0"", ""ovt_sel_req"": ""0"", ""ovt_buy_req"": ""0"", ""ovt_buy_req_pre"": ""0"", ""return_code"": 0, ""return_msg"": ""정상적으로 처리되었습니다""}"
2026-06-10,watchlist,066570,,0,filtered_candidate_recheck,230500,,230500,230000,230500,232000,0.43383947939262474,0.21691973969631237,,,,,,"{""bid_req_base_tm"": ""111344"", ""sel_10th_pre_req_pre"": ""0"", ""sel_10th_pre_req"": ""3642"", ""sel_10th_pre_bid"": ""-235000"", ""sel_9th_pre_req_pre"": ""0"", ""sel_9th_pre_req"": ""1985"", ""sel_9th_pre_bid"": ""-234500"", ""sel_8th_pre_req_pre"": ""0"", ""sel_8th_pre_req"": ""892"", ""sel_8th_pre_bid"": ""-234000"", ""sel_7th_pre_req_pre"": ""0"", ""sel_7th_pre_req"": ""557"", ""sel_7th_pre_bid"": ""-233500"", ""sel_6th_pre_req_pre"": ""0"", ""sel_6th_pre_req"": ""1449"", ""sel_6th_pre_bid"": ""-233000"", ""sel_5th_pre_req_pre"": ""0"", ""sel_5th_pre_req"": ""954"", ""sel_5th_pre_bid"": ""-232500"", ""sel_4th_pre_req_pre"": ""0"", ""sel_4th_pre_req"": ""1478"", ""sel_4th_pre_bid"": ""-232000"", ""sel_3th_pre_req_pre"": ""0"", ""sel_3th_pre_req"": ""1152"", ""sel_3th_pre_bid"": ""-231500"", ""sel_2th_pre_req_pre"": ""0"", ""sel_2th_pre_req"": ""3612"", ""sel_2th_pre_bid"": ""-231000"", ""sel_1th_pre_req_pre"": ""--2"", ""sel_fpr_req"": ""8936"", ""sel_fpr_bid"": ""-230500"", ""buy_fpr_bid"": ""-230000"", ""buy_fpr_req"": ""15784"", ""buy_1th_pre_req_pre"": ""0"", ""buy_2th_pre_bid"": ""-229500"", ""buy_2th_pre_req"": ""9915"", ""buy_2th_pre_req_pre"": ""--200"", ""buy_3th_pre_bid"": ""-229000"", ""buy_3th_pre_req"": ""8751"", ""buy_3th_pre_req_pre"": ""0"", ""buy_4th_pre_bid"": ""-228500"", ""buy_4th_pre_req"": ""8466"", ""buy_4th_pre_req_pre"": ""+200"", ""buy_5th_pre_bid"": ""-228000"", ""buy_5th_pre_req"": ""11340"", ""buy_5th_pre_req_pre"": ""0"", ""buy_6th_pre_bid"": ""-227500"", ""buy_6th_pre_req"": ""7614"", ""buy_6th_pre_req_pre"": ""+1"", ""buy_7th_pre_bid"": ""-227000"", ""buy_7th_pre_req"": ""55435"", ""buy_7th_pre_req_pre"": ""0"", ""buy_8th_pre_bid"": ""-226500"", ""buy_8th_pre_req"": ""2948"", ""buy_8th_pre_req_pre"": ""0"", ""buy_9th_pre_bid"": ""-226000"", ""buy_9th_pre_req"": ""4699"", ""buy_9th_pre_req_pre"": ""0"", ""buy_10th_pre_bid"": ""-225500"", ""buy_10th_pre_req"": ""5999"", ""buy_10th_pre_req_pre"": ""0"", ""tot_sel_req_jub_pre"": ""--2"", ""tot_sel_req"": ""24657"", ""tot_buy_req"": ""130951"", ""tot_buy_req_jub_pre"": ""+1"", ""ovt_sel_req_pre"": ""0"", ""ovt_sel_req"": ""0"", ""ovt_buy_req"": ""0"", ""ovt_buy_req_pre"": ""0"", ""return_code"": 0, ""return_msg"": ""정상적으로 처리되었습니다""}"
2026-06-10,watchlist,028670,,1,filtered_candidate_recheck,5010,,5010,5000,5010,5040,0.39920159680638717,0.19960079840319359,,,,,,"{""bid_req_base_tm"": ""111344"", ""sel_10th_pre_req_pre"": ""0"", ""sel_10th_pre_req"": ""2011"", ""sel_10th_pre_bid"": ""-5100"", ""sel_9th_pre_req_pre"": ""0"", ""sel_9th_pre_req"": ""1385"", ""sel_9th_pre_bid"": ""-5090"", ""sel_8th_pre_req_pre"": ""0"", ""sel_8th_pre_req"": ""1117"", ""sel_8th_pre_bid"": ""-5080"", ""sel_7th_pre_req_pre"": ""0"", ""sel_7th_pre_req"": ""401"", ""sel_7th_pre_bid"": ""-5070"", ""sel_6th_pre_req_pre"": ""0"", ""sel_6th_pre_req"": ""304"", ""sel_6th_pre_bid"": ""-5060"", ""sel_5th_pre_req_pre"": ""--45"", ""sel_5th_pre_req"": ""1126"", ""sel_5th_pre_bid"": ""-5050"", ""sel_4th_pre_req_pre"": ""0"", ""sel_4th_pre_req"": ""785"", ""sel_4th_pre_bid"": ""-5040"", ""sel_3th_pre_req_pre"": ""0"", ""sel_3th_pre_req"": ""1382"", ""sel_3th_pre_bid"": ""-5030"", ""sel_2th_pre_req_pre"": ""0"", ""sel_2th_pre_req"": ""11877"", ""sel_2th_pre_bid"": ""-5020"", ""sel_1th_pre_req_pre"": ""0"", ""sel_fpr_req"": ""2016"", ""sel_fpr_bid"": ""-5010"", ""buy_fpr_bid"": ""-5000"", ""buy_fpr_req"": ""18236"", ""buy_1th_pre_req_pre"": ""0"", ""buy_2th_pre_bid"": ""-4995"", ""buy_2th_pre_req"": ""7119"", ""buy_2th_pre_req_pre"": ""0"", ""buy_3th_pre_bid"": ""-4990"", ""buy_3th_pre_req"": ""6155"", ""buy_3th_pre_req_pre"": ""0"", ""buy_4th_pre_bid"": ""-4985"", ""buy_4th_pre_req"": ""1552"", ""buy_4th_pre_req_pre"": ""0"", ""buy_5th_pre_bid"": ""-4980"", ""buy_5th_pre_req"": ""7364"", ""buy_5th_pre_req_pre"": ""0"", ""buy_6th_pre_bid"": ""-4975"", ""buy_6th_pre_req"": ""416"", ""buy_6th_pre_req_pre"": ""0"", ""buy_7th_pre_bid"": ""-4970"", ""buy_7th_pre_req"": ""7763"", ""buy_7th_pre_req_pre"": ""0"", ""buy_8th_pre_bid"": ""-4965"", ""buy_8th_pre_req"": ""506"", ""buy_8th_pre_req_pre"": ""0"", ""buy_9th_pre_bid"": ""-4960"", ""buy_9th_pre_req"": ""2938"", ""buy_9th_pre_req_pre"": ""0"", ""buy_10th_pre_bid"": ""-4955"", ""buy_10th_pre_req"": ""2263"", ""buy_10th_pre_req_pre"": ""0"", ""tot_sel_req_jub_pre"": ""--45"", ""tot_sel_req"": ""22404"", ""tot_buy_req"": ""54312"", ""tot_buy_req_jub_pre"": ""0"", ""ovt_sel_req_pre"": ""0"", ""ovt_sel_req"": ""0"", ""ovt_buy_req"": ""0"", ""ovt_buy_req_pre"": ""0"", ""return_code"": 0, ""return_msg"": ""정상적으로 처리되었습니다""}"
2026-06-10,watchlist,004990,,0,filtered_candidate_recheck,25800,,25800,25750,25800,25750,-0.3875968992248062,0.1937984496124031,,,,,,"{""bid_req_base_tm"": ""111344"", ""sel_10th_pre_req_pre"": ""0"", ""sel_10th_pre_req"": ""135"", ""sel_10th_pre_bid"": ""+26250"", ""sel_9th_pre_req_pre"": ""0"", ""sel_9th_pre_req"": ""196"", ""sel_9th_pre_bid"": ""+26200"", ""sel_8th_pre_req_pre"": ""0"", ""sel_8th_pre_req"": ""3117"", ""sel_8th_pre_bid"": ""26150"", ""sel_7th_pre_req_pre"": ""0"", ""sel_7th_pre_req"": ""428"", ""sel_7th_pre_bid"": ""-26100"", ""sel_6th_pre_req_pre"": ""0"", ""sel_6th_pre_req"": ""264"", ""sel_6th_pre_bid"": ""-26050"", ""sel_5th_pre_req_pre"": ""0"", ""sel_5th_pre_req"": ""62"", ""sel_5th_pre_bid"": ""-26000"", ""sel_4th_pre_req_pre"": ""0"", ""sel_4th_pre_req"": ""34"", ""sel_4th_pre_bid"": ""-25950"", ""sel_3th_pre_req_pre"": ""0"", ""sel_3th_pre_req"": ""11"", ""sel_3th_pre_bid"": ""-25900"", ""sel_2th_pre_req_pre"": ""0"", ""sel_2th_pre_req"": ""120"", ""sel_2th_pre_bid"": ""-25850"", ""sel_1th_pre_req_pre"": ""--28"", ""sel_fpr_req"": ""5"", ""sel_fpr_bid"": ""-25800"", ""buy_fpr_bid"": ""-25750"", ""buy_fpr_req"": ""578"", ""buy_1th_pre_req_pre"": ""0"", ""buy_2th_pre_bid"": ""-25700"", ""buy_2th_pre_req"": ""158"", ""buy_2th_pre_req_pre"": ""0"", ""buy_3th_pre_bid"": ""-25650"", ""buy_3th_pre_req"": ""76"", ""buy_3th_pre_req_pre"": ""0"", ""buy_4th_pre_bid"": ""-25600"", ""buy_4th_pre_req"": ""295"", ""buy_4th_pre_req_pre"": ""0"", ""buy_5th_pre_bid"": ""-25550"", ""buy_5th_pre_req"": ""637"", ""buy_5th_pre_req_pre"": ""0"", ""buy_6th_pre_bid"": ""-25500"", ""buy_6th_pre_req"": ""993"", ""buy_6th_pre_req_pre"": ""0"", ""buy_7th_pre_bid"": ""-25450"", ""buy_7th_pre_req"": ""167"", ""buy_7th_pre_req_pre"": ""0"", ""buy_8th_pre_bid"": ""-25400"", ""buy_8th_pre_req"": ""650"", ""buy_8th_pre_req_pre"": ""0"", ""buy_9th_pre_bid"": ""-25350"", ""buy_9th_pre_req"": ""391"", ""buy_9th_pre_req_pre"": ""0"", ""buy_10th_pre_bid"": ""-25300"", ""buy_10th_pre_req"": ""406"", ""buy_10th_pre_req_pre"": ""0"", ""tot_sel_req_jub_pre"": ""--28"", ""tot_sel_req"": ""4372"", ""tot_buy_req"": ""4351"", ""tot_buy_req_jub_pre"": ""0"", ""ovt_sel_req_pre"": ""0"", ""ovt_sel_req"": ""0"", ""ovt_buy_req"": ""0"", ""ovt_buy_req_pre"": ""0"", ""return_code"": 0, ""return_msg"": ""정상적으로 처리되었습니다""}"
2026-06-10,watchlist,081660,,0,filtered_candidate_recheck,40400,,40400,40300,40400,40450,0.0,0.24752475247524752,,,,,,"{""bid_req_base_tm"": ""111344"", ""sel_10th_pre_req_pre"": ""0"", ""sel_10th_pre_req"": ""166"", ""sel_10th_pre_bid"": ""+40900"", ""sel_9th_pre_req_pre"": ""0"", ""sel_9th_pre_req"": ""136"", ""sel_9th_pre_bid"": ""+40800"", ""sel_8th_pre_req_pre"": ""0"", ""sel_8th_pre_req"": ""13"", ""sel_8th_pre_bid"": ""+40750"", ""sel_7th_pre_req_pre"": ""0"", ""sel_7th_pre_req"": ""70"", ""sel_7th_pre_bid"": ""+40700"", ""sel_6th_pre_req_pre"": ""0"", ""sel_6th_pre_req"": ""50"", ""sel_6th_pre_bid"": ""+40650"", ""sel_5th_pre_req_pre"": ""0"", ""sel_5th_pre_req"": ""75"", ""sel_5th_pre_bid"": ""+40600"", ""sel_4th_pre_req_pre"": ""0"", ""sel_4th_pre_req"": ""251"", ""sel_4th_pre_bid"": ""+40550"", ""sel_3th_pre_req_pre"": ""0"", ""sel_3th_pre_req"": ""260"", ""sel_3th_pre_bid"": ""+40500"", ""sel_2th_pre_req_pre"": ""0"", ""sel_2th_pre_req"": ""31"", ""sel_2th_pre_bid"": ""+40450"", ""sel_1th_pre_req_pre"": ""--11"", ""sel_fpr_req"": ""85"", ""sel_fpr_bid"": ""+40400"", ""buy_fpr_bid"": ""+40300"", ""buy_fpr_req"": ""587"", ""buy_1th_pre_req_pre"": ""0"", ""buy_2th_pre_bid"": ""+40200"", ""buy_2th_pre_req"": ""36"", ""buy_2th_pre_req_pre"": ""0"", ""buy_3th_pre_bid"": ""+40150"", ""buy_3th_pre_req"": ""70"", ""buy_3th_pre_req_pre"": ""0"", ""buy_4th_pre_bid"": ""+40100"", ""buy_4th_pre_req"": ""174"", ""buy_4th_pre_req_pre"": ""0"", ""buy_5th_pre_bid"": ""+40050"", ""buy_5th_pre_req"": ""294"", ""buy_5th_pre_req_pre"": ""0"", ""buy_6th_pre_bid"": ""+40000"", ""buy_6th_pre_req"": ""517"", ""buy_6th_pre_req_pre"": ""0"", ""buy_7th_pre_bid"": ""+39950"", ""buy_7th_pre_req"": ""500"", ""buy_7th_pre_req_pre"": ""0"", ""buy_8th_pre_bid"": ""+39900"", ""buy_8th_pre_req"": ""2"", ""buy_8th_pre_req_pre"": ""0"", ""buy_9th_pre_bid"": ""+39850"", ""buy_9th_pre_req"": ""1"", ""buy_9th_pre_req_pre"": ""0"", ""buy_10th_pre_bid"": ""+39800"", ""buy_10th_pre_req"": ""5"", ""buy_10th_pre_req_pre"": ""0"", ""tot_sel_req_jub_pre"": ""--11"", ""tot_sel_req"": ""1137"", ""tot_buy_req"": ""2186"", ""tot_buy_req_jub_pre"": ""0"", ""ovt_sel_req_pre"": ""0"", ""ovt_sel_req"": ""0"", ""ovt_buy_req"": ""0"", ""ovt_buy_req_pre"": ""0"", ""return_code"": 0, ""return_msg"": ""정상적으로 처리되었습니다""}"
2026-06-10,watchlist,008770,,0,filtered_candidate_recheck,55700,,55700,55500,55700,55500,-0.5385996409335727,0.3590664272890485,,,,,,"{""bid_req_base_tm"": ""111344"", ""sel_10th_pre_req_pre"": ""0"", ""sel_10th_pre_req"": ""130"", ""sel_10th_pre_bid"": ""+56600"", ""sel_9th_pre_req_pre"": ""0"", ""sel_9th_pre_req"": ""769"", ""sel_9th_pre_bid"": ""+56500"", ""sel_8th_pre_req_pre"": ""0"", ""sel_8th_pre_req"": ""110"", ""sel_8th_pre_bid"": ""+56400"", ""sel_7th_pre_req_pre"": ""0"", ""sel_7th_pre_req"": ""134"", ""sel_7th_pre_bid"": ""+56300"", ""sel_6th_pre_req_pre"": ""0"", ""sel_6th_pre_req"": ""133"", ""sel_6th_pre_bid"": ""+56200"", ""sel_5th_pre_req_pre"": ""--6"", ""sel_5th_pre_req"": ""616"", ""sel_5th_pre_bid"": ""+56100"", ""sel_4th_pre_req_pre"": ""0"", ""sel_4th_pre_req"": ""415"", ""sel_4th_pre_bid"": ""+56000"", ""sel_3th_pre_req_pre"": ""0"", ""sel_3th_pre_req"": ""214"", ""sel_3th_pre_bid"": ""+55900"", ""sel_2th_pre_req_pre"": ""0"", ""sel_2th_pre_req"": ""91"", ""sel_2th_pre_bid"": ""+55800"", ""sel_1th_pre_req_pre"": ""0"", ""sel_fpr_req"": ""87"", ""sel_fpr_bid"": ""+55700"", ""buy_fpr_bid"": ""+55500"", ""buy_fpr_req"": ""156"", ""buy_1th_pre_req_pre"": ""0"", ""buy_2th_pre_bid"": ""+55400"", ""buy_2th_pre_req"": ""45"", ""buy_2th_pre_req_pre"": ""0"", ""buy_3th_pre_bid"": ""+55300"", ""buy_3th_pre_req"": ""149"", ""buy_3th_pre_req_pre"": ""0"", ""buy_4th_pre_bid"": ""55200"", ""buy_4th_pre_req"": ""31"", ""buy_4th_pre_req_pre"": ""0"", ""buy_5th_pre_bid"": ""-55100"", ""buy_5th_pre_req"": ""152"", ""buy_5th_pre_req_pre"": ""0"", ""buy_6th_pre_bid"": ""-55000"", ""buy_6th_pre_req"": ""129"", ""buy_6th_pre_req_pre"": ""0"", ""buy_7th_pre_bid"": ""-54900"", ""buy_7th_pre_req"": ""59"", ""buy_7th_pre_req_pre"": ""0"", ""buy_8th_pre_bid"": ""-54800"", ""buy_8th_pre_req"": ""771"", ""buy_8th_pre_req_pre"": ""0"", ""buy_9th_pre_bid"": ""-54700"", ""buy_9th_pre_req"": ""470"", ""buy_9th_pre_req_pre"": ""0"", ""buy_10th_pre_bid"": ""-54600"", ""buy_10th_pre_req"": ""41"", ""buy_10th_pre_req_pre"": ""0"", ""tot_sel_req_jub_pre"": ""--6"", ""tot_sel_req"": ""2699"", ""tot_buy_req"": ""2003"", ""tot_buy_req_jub_pre"": ""0"", ""ovt_sel_req_pre"": ""0"", ""ovt_sel_req"": ""0"", ""ovt_buy_req"": ""0"", ""ovt_buy_req_pre"": ""0"", ""return_code"": 0, ""return_msg"": ""정상적으로 처리되었습니다""}"
2026-06-10,watchlist,012330,,0,filtered_candidate_recheck,574000,,574000,573000,574000,577000,0.34843205574912894,0.17421602787456447,,,,,,"{""bid_req_base_tm"": ""111345"", ""sel_10th_pre_req_pre"": ""0"", ""sel_10th_pre_req"": ""460"", ""sel_10th_pre_bid"": ""-583000"", ""sel_9th_pre_req_pre"": ""0"", ""sel_9th_pre_req"": ""150"", ""sel_9th_pre_bid"": ""-582000"", ""sel_8th_pre_req_pre"": ""0"", ""sel_8th_pre_req"": ""137"", ""sel_8th_pre_bid"": ""-581000"", ""sel_7th_pre_req_pre"": ""0"", ""sel_7th_pre_req"": ""69"", ""sel_7th_pre_bid"": ""-580000"", ""sel_6th_pre_req_pre"": ""0"", ""sel_6th_pre_req"": ""6"", ""sel_6th_pre_bid"": ""-579000"", ""sel_5th_pre_req_pre"": ""0"", ""sel_5th_pre_req"": ""124"", ""sel_5th_pre_bid"": ""-578000"", ""sel_4th_pre_req_pre"": ""0"", ""sel_4th_pre_req"": ""105"", ""sel_4th_pre_bid"": ""-577000"", ""sel_3th_pre_req_pre"": ""0"", ""sel_3th_pre_req"": ""36"", ""sel_3th_pre_bid"": ""-576000"", ""sel_2th_pre_req_pre"": ""0"", ""sel_2th_pre_req"": ""348"", ""sel_2th_pre_bid"": ""-575000"", ""sel_1th_pre_req_pre"": ""--1"", ""sel_fpr_req"": ""48"", ""sel_fpr_bid"": ""-574000"", ""buy_fpr_bid"": ""-573000"", ""buy_fpr_req"": ""403"", ""buy_1th_pre_req_pre"": ""0"", ""buy_2th_pre_bid"": ""-572000"", ""buy_2th_pre_req"": ""2236"", ""buy_2th_pre_req_pre"": ""0"", ""buy_3th_pre_bid"": ""-571000"", ""buy_3th_pre_req"": ""2468"", ""buy_3th_pre_req_pre"": ""0"", ""buy_4th_pre_bid"": ""-570000"", ""buy_4th_pre_req"": ""5689"", ""buy_4th_pre_req_pre"": ""0"", ""buy_5th_pre_bid"": ""-569000"", ""buy_5th_pre_req"": ""2923"", ""buy_5th_pre_req_pre"": ""0"", ""buy_6th_pre_bid"": ""-568000"", ""buy_6th_pre_req"": ""1005"", ""buy_6th_pre_req_pre"": ""0"", ""buy_7th_pre_bid"": ""-567000"", ""buy_7th_pre_req"": ""718"", ""buy_7th_pre_req_pre"": ""0"", ""buy_8th_pre_bid"": ""-566000"", ""buy_8th_pre_req"": ""1508"", ""buy_8th_pre_req_pre"": ""0"", ""buy_9th_pre_bid"": ""-565000"", ""buy_9th_pre_req"": ""1998"", ""buy_9th_pre_req_pre"": ""0"", ""buy_10th_pre_bid"": ""-564000"", ""buy_10th_pre_req"": ""537"", ""buy_10th_pre_req_pre"": ""0"", ""tot_sel_req_jub_pre"": ""--1"", ""tot_sel_req"": ""1483"", ""tot_buy_req"": ""19485"", ""tot_buy_req_jub_pre"": ""0"", ""ovt_sel_req_pre"": ""0"", ""ovt_sel_req"": ""0"", ""ovt_buy_req"": ""0"", ""ovt_buy_req_pre"": ""0"", ""return_code"": 0, ""return_msg"": ""정상적으로 처리되었습니다""}"
2026-06-10,watchlist,009155,,0,filtered_candidate_recheck,596000,,596000,595000,596000,602000,0.8389261744966443,0.16778523489932887,,,,,,"{""bid_req_base_tm"": ""111345"", ""sel_10th_pre_req_pre"": ""0"", ""sel_10th_pre_req"": ""40"", ""sel_10th_pre_bid"": ""-609000"", ""sel_9th_pre_req_pre"": ""0"", ""sel_9th_pre_req"": ""4"", ""sel_9th_pre_bid"": ""-605000"", ""sel_8th_pre_req_pre"": ""0"", ""sel_8th_pre_req"": ""39"", ""sel_8th_pre_bid"": ""-604000"", ""sel_7th_pre_req_pre"": ""0"", ""sel_7th_pre_req"": ""3"", ""sel_7th_pre_bid"": ""-603000"", ""sel_6th_pre_req_pre"": ""0"", ""sel_6th_pre_req"": ""53"", ""sel_6th_pre_bid"": ""-602000"", ""sel_5th_pre_req_pre"": ""0"", ""sel_5th_pre_req"": ""10"", ""sel_5th_pre_bid"": ""-601000"", ""sel_4th_pre_req_pre"": ""0"", ""sel_4th_pre_req"": ""13"", ""sel_4th_pre_bid"": ""-599000"", ""sel_3th_pre_req_pre"": ""0"", ""sel_3th_pre_req"": ""11"", ""sel_3th_pre_bid"": ""-598000"", ""sel_2th_pre_req_pre"": ""0"", ""sel_2th_pre_req"": ""5"", ""sel_2th_pre_bid"": ""-597000"", ""sel_1th_pre_req_pre"": ""--1"", ""sel_fpr_req"": ""13"", ""sel_fpr_bid"": ""-596000"", ""buy_fpr_bid"": ""-595000"", ""buy_fpr_req"": ""298"", ""buy_1th_pre_req_pre"": ""0"", ""buy_2th_pre_bid"": ""-594000"", ""buy_2th_pre_req"": ""55"", ""buy_2th_pre_req_pre"": ""0"", ""buy_3th_pre_bid"": ""-593000"", ""buy_3th_pre_req"": ""65"", ""buy_3th_pre_req_pre"": ""0"", ""buy_4th_pre_bid"": ""-592000"", ""buy_4th_pre_req"": ""33"", ""buy_4th_pre_req_pre"": ""0"", ""buy_5th_pre_bid"": ""-591000"", ""buy_5th_pre_req"": ""40"", ""buy_5th_pre_req_pre"": ""0"", ""buy_6th_pre_bid"": ""-590000"", ""buy_6th_pre_req"": ""339"", ""buy_6th_pre_req_pre"": ""0"", ""buy_7th_pre_bid"": ""-589000"", ""buy_7th_pre_req"": ""57"", ""buy_7th_pre_req_pre"": ""0"", ""buy_8th_pre_bid"": ""-588000"", ""buy_8th_pre_req"": ""75"", ""buy_8th_pre_req_pre"": ""0"", ""buy_9th_pre_bid"": ""-587000"", ""buy_9th_pre_req"": ""20"", ""buy_9th_pre_req_pre"": ""0"", ""buy_10th_pre_bid"": ""-586000"", ""buy_10th_pre_req"": ""30"", ""buy_10th_pre_req_pre"": ""0"", ""tot_sel_req_jub_pre"": ""--1"", ""tot_sel_req"": ""191"", ""tot_buy_req"": ""1012"", ""tot_buy_req_jub_pre"": ""0"", ""ovt_sel_req_pre"": ""0"", ""ovt_sel_req"": ""0"", ""ovt_buy_req"": ""0"", ""ovt_buy_req_pre"": ""0"", ""return_code"": 0, ""return_msg"": ""정상적으로 처리되었습니다""}"
2026-06-10,watchlist,181710,,1,filtered_candidate_recheck,40600,,40600,40550,40600,40650,0.0,0.12315270935960591,,,,,,"{""bid_req_base_tm"": ""111345"", ""sel_10th_pre_req_pre"": ""0"", ""sel_10th_pre_req"": ""13"", ""sel_10th_pre_bid"": ""-41150"", ""sel_9th_pre_req_pre"": ""0"", ""sel_9th_pre_req"": ""10"", ""sel_9th_pre_bid"": ""-41100"", ""sel_8th_pre_req_pre"": ""0"", ""sel_8th_pre_req"": ""70"", ""sel_8th_pre_bid"": ""-41050"", ""sel_7th_pre_req_pre"": ""0"", ""sel_7th_pre_req"": ""10"", ""sel_7th_pre_bid"": ""-41000"", ""sel_6th_pre_req_pre"": ""0"", ""sel_6th_pre_req"": ""50"", ""sel_6th_pre_bid"": ""-40950"", ""sel_5th_pre_req_pre"": ""0"", ""sel_5th_pre_req"": ""14"", ""sel_5th_pre_bid"": ""-40800"", ""sel_4th_pre_req_pre"": ""0"", ""sel_4th_pre_req"": ""378"", ""sel_4th_pre_bid"": ""-40750"", ""sel_3th_pre_req_pre"": ""0"", ""sel_3th_pre_req"": ""83"", ""sel_3th_pre_bid"": ""-40700"", ""sel_2th_pre_req_pre"": ""0"", ""sel_2th_pre_req"": ""38"", ""sel_2th_pre_bid"": ""-40650"", ""sel_1th_pre_req_pre"": ""+7"", ""sel_fpr_req"": ""182"", ""sel_fpr_bid"": ""-40600"", ""buy_fpr_bid"": ""-40550"", ""buy_fpr_req"": ""34"", ""buy_1th_pre_req_pre"": ""0"", ""buy_2th_pre_bid"": ""-40500"", ""buy_2th_pre_req"": ""75"", ""buy_2th_pre_req_pre"": ""0"", ""buy_3th_pre_bid"": ""-40450"", ""buy_3th_pre_req"": ""82"", ""buy_3th_pre_req_pre"": ""0"", ""buy_4th_pre_bid"": ""-40400"", ""buy_4th_pre_req"": ""104"", ""buy_4th_pre_req_pre"": ""0"", ""buy_5th_pre_bid"": ""-40350"", ""buy_5th_pre_req"": ""16"", ""buy_5th_pre_req_pre"": ""0"", ""buy_6th_pre_bid"": ""-40300"", ""buy_6th_pre_req"": ""10"", ""buy_6th_pre_req_pre"": ""0"", ""buy_7th_pre_bid"": ""-40250"", ""buy_7th_pre_req"": ""58"", ""buy_7th_pre_req_pre"": ""0"", ""buy_8th_pre_bid"": ""-40200"", ""buy_8th_pre_req"": ""111"", ""buy_8th_pre_req_pre"": ""0"", ""buy_9th_pre_bid"": ""-40150"", ""buy_9th_pre_req"": ""1222"", ""buy_9th_pre_req_pre"": ""0"", ""buy_10th_pre_bid"": ""-40100"", ""buy_10th_pre_req"": ""440"", ""buy_10th_pre_req_pre"": ""0"", ""tot_sel_req_jub_pre"": ""+7"", ""tot_sel_req"": ""848"", ""tot_buy_req"": ""2152"", ""tot_buy_req_jub_pre"": ""0"", ""ovt_sel_req_pre"": ""0"", ""ovt_sel_req"": ""0"", ""ovt_buy_req"": ""0"", ""ovt_buy_req_pre"": ""0"", ""return_code"": 0, ""return_msg"": ""정상적으로 처리되었습니다""}"
2026-06-10,watchlist,085620,,0,filtered_candidate_recheck,22500,,22500,22450,22500,22450,-0.4444444444444444,0.2222222222222222,,,,,,"{""bid_req_base_tm"": ""111345"", ""sel_10th_pre_req_pre"": ""0"", ""sel_10th_pre_req"": ""4416"", ""sel_10th_pre_bid"": ""-22950"", ""sel_9th_pre_req_pre"": ""0"", ""sel_9th_pre_req"": ""2173"", ""sel_9th_pre_bid"": ""-22900"", ""sel_8th_pre_req_pre"": ""0"", ""sel_8th_pre_req"": ""1892"", ""sel_8th_pre_bid"": ""-22850"", ""sel_7th_pre_req_pre"": ""0"", ""sel_7th_pre_req"": ""2500"", ""sel_7th_pre_bid"": ""-22800"", ""sel_6th_pre_req_pre"": ""0"", ""sel_6th_pre_req"": ""2156"", ""sel_6th_pre_bid"": ""-22750"", ""sel_5th_pre_req_pre"": ""0"", ""sel_5th_pre_req"": ""645"", ""sel_5th_pre_bid"": ""-22700"", ""sel_4th_pre_req_pre"": ""0"", ""sel_4th_pre_req"": ""548"", ""sel_4th_pre_bid"": ""-22650"", ""sel_3th_pre_req_pre"": ""0"", ""sel_3th_pre_req"": ""754"", ""sel_3th_pre_bid"": ""-22600"", ""sel_2th_pre_req_pre"": ""0"", ""sel_2th_pre_req"": ""648"", ""sel_2th_pre_bid"": ""-22550"", ""sel_1th_pre_req_pre"": ""0"", ""sel_fpr_req"": ""366"", ""sel_fpr_bid"": ""-22500"", ""buy_fpr_bid"": ""-22450"", ""buy_fpr_req"": ""567"", ""buy_1th_pre_req_pre"": ""0"", ""buy_2th_pre_bid"": ""-22400"", ""buy_2th_pre_req"": ""495"", ""buy_2th_pre_req_pre"": ""+1"", ""buy_3th_pre_bid"": ""-22350"", ""buy_3th_pre_req"": ""325"", ""buy_3th_pre_req_pre"": ""0"", ""buy_4th_pre_bid"": ""-22300"", ""buy_4th_pre_req"": ""467"", ""buy_4th_pre_req_pre"": ""0"", ""buy_5th_pre_bid"": ""-22250"", ""buy_5th_pre_req"": ""470"", ""buy_5th_pre_req_pre"": ""0"", ""buy_6th_pre_bid"": ""-22200"", ""buy_6th_pre_req"": ""1869"", ""buy_6th_pre_req_pre"": ""0"", ""buy_7th_pre_bid"": ""-22150"", ""buy_7th_pre_req"": ""3999"", ""buy_7th_pre_req_pre"": ""0"", ""buy_8th_pre_bid"": ""-22100"", ""buy_8th_pre_req"": ""564"", ""buy_8th_pre_req_pre"": ""0"", ""buy_9th_pre_bid"": ""-22050"", ""buy_9th_pre_req"": ""2253"", ""buy_9th_pre_req_pre"": ""0"", ""buy_10th_pre_bid"": ""-22000"", ""buy_10th_pre_req"": ""1966"", ""buy_10th_pre_req_pre"": ""0"", ""tot_sel_req_jub_pre"": ""0"", ""tot_sel_req"": ""16098"", ""tot_buy_req"": ""12975"", ""tot_buy_req_jub_pre"": ""+1"", ""ovt_sel_req_pre"": ""0"", ""ovt_sel_req"": ""0"", ""ovt_buy_req"": ""0"", ""ovt_buy_req_pre"": ""0"", ""return_code"": 0, ""return_msg"": ""정상적으로 처리되었습니다""}"
2026-06-10,watchlist,062040,,0,filtered_candidate_recheck,222000,,222000,221000,222000,223500,0.45045045045045046,0.45045045045045046,,,,,,"{""bid_req_base_tm"": ""111344"", ""sel_10th_pre_req_pre"": ""0"", ""sel_10th_pre_req"": ""75"", ""sel_10th_pre_bid"": ""+226500"", ""sel_9th_pre_req_pre"": ""0"", ""sel_9th_pre_req"": ""97"", ""sel_9th_pre_bid"": ""+226000"", ""sel_8th_pre_req_pre"": ""0"", ""sel_8th_pre_req"": ""2"", ""sel_8th_pre_bid"": ""+225500"", ""sel_7th_pre_req_pre"": ""0"", ""sel_7th_pre_req"": ""62"", ""sel_7th_pre_bid"": ""225000"", ""sel_6th_pre_req_pre"": ""0"", ""sel_6th_pre_req"": ""4"", ""sel_6th_pre_bid"": ""-224500"", ""sel_5th_pre_req_pre"": ""0"", ""sel_5th_pre_req"": ""11"", ""sel_5th_pre_bid"": ""-224000"", ""sel_4th_pre_req_pre"": ""0"", ""sel_4th_pre_req"": ""40"", ""sel_4th_pre_bid"": ""-223500"", ""sel_3th_pre_req_pre"": ""0"", ""sel_3th_pre_req"": ""68"", ""sel_3th_pre_bid"": ""-223000"", ""sel_2th_pre_req_pre"": ""0"", ""sel_2th_pre_req"": ""234"", ""sel_2th_pre_bid"": ""-222500"", ""sel_1th_pre_req_pre"": ""0"", ""sel_fpr_req"": ""286"", ""sel_fpr_bid"": ""-222000"", ""buy_fpr_bid"": ""-221000"", ""buy_fpr_req"": ""574"", ""buy_1th_pre_req_pre"": ""+1"", ""buy_2th_pre_bid"": ""-220500"", ""buy_2th_pre_req"": ""700"", ""buy_2th_pre_req_pre"": ""0"", ""buy_3th_pre_bid"": ""-220000"", ""buy_3th_pre_req"": ""573"", ""buy_3th_pre_req_pre"": ""0"", ""buy_4th_pre_bid"": ""-219500"", ""buy_4th_pre_req"": ""113"", ""buy_4th_pre_req_pre"": ""0"", ""buy_5th_pre_bid"": ""-219000"", ""buy_5th_pre_req"": ""297"", ""buy_5th_pre_req_pre"": ""0"", ""buy_6th_pre_bid"": ""-218500"", ""buy_6th_pre_req"": ""311"", ""buy_6th_pre_req_pre"": ""0"", ""buy_7th_pre_bid"": ""-218000"", ""buy_7th_pre_req"": ""378"", ""buy_7th_pre_req_pre"": ""0"", ""buy_8th_pre_bid"": ""-217500"", ""buy_8th_pre_req"": ""107"", ""buy_8th_pre_req_pre"": ""0"", ""buy_9th_pre_bid"": ""-217000"", ""buy_9th_pre_req"": ""331"", ""buy_9th_pre_req_pre"": ""0"", ""buy_10th_pre_bid"": ""-216500"", ""buy_10th_pre_req"": ""39"", ""buy_10th_pre_req_pre"": ""0"", ""tot_sel_req_jub_pre"": ""0"", ""tot_sel_req"": ""879"", ""tot_buy_req"": ""3423"", ""tot_buy_req_jub_pre"": ""+1"", ""ovt_sel_req_pre"": ""0"", ""ovt_sel_req"": ""0"", ""ovt_buy_req"": ""0"", ""ovt_buy_req_pre"": ""0"", ""return_code"": 0, ""return_msg"": ""정상적으로 처리되었습니다""}"
2026-06-10,watchlist,036460,,0,filtered_candidate_recheck,34450,,34450,34400,34450,34450,-0.14513788098693758,0.14513788098693758,,,,,,"{""bid_req_base_tm"": ""111343"", ""sel_10th_pre_req_pre"": ""0"", ""sel_10th_pre_req"": ""619"", ""sel_10th_pre_bid"": ""+34900"", ""sel_9th_pre_req_pre"": ""0"", ""sel_9th_pre_req"": ""533"", ""sel_9th_pre_bid"": ""+34850"", ""sel_8th_pre_req_pre"": ""0"", ""sel_8th_pre_req"": ""310"", ""sel_8th_pre_bid"": ""+34800"", ""sel_7th_pre_req_pre"": ""0"", ""sel_7th_pre_req"": ""578"", ""sel_7th_pre_bid"": ""+34750"", ""sel_6th_pre_req_pre"": ""0"", ""sel_6th_pre_req"": ""662"", ""sel_6th_pre_bid"": ""+34700"", ""sel_5th_pre_req_pre"": ""0"", ""sel_5th_pre_req"": ""513"", ""sel_5th_pre_bid"": ""+34650"", ""sel_4th_pre_req_pre"": ""0"", ""sel_4th_pre_req"": ""1040"", ""sel_4th_pre_bid"": ""+34600"", ""sel_3th_pre_req_pre"": ""0"", ""sel_3th_pre_req"": ""348"", ""sel_3th_pre_bid"": ""+34550"", ""sel_2th_pre_req_pre"": ""0"", ""sel_2th_pre_req"": ""737"", ""sel_2th_pre_bid"": ""+34500"", ""sel_1th_pre_req_pre"": ""0"", ""sel_fpr_req"": ""116"", ""sel_fpr_bid"": ""+34450"", ""buy_fpr_bid"": ""+34400"", ""buy_fpr_req"": ""276"", ""buy_1th_pre_req_pre"": ""+1"", ""buy_2th_pre_bid"": ""+34350"", ""buy_2th_pre_req"": ""134"", ""buy_2th_pre_req_pre"": ""0"", ""buy_3th_pre_bid"": ""+34300"", ""buy_3th_pre_req"": ""177"", ""buy_3th_pre_req_pre"": ""0"", ""buy_4th_pre_bid"": ""+34250"", ""buy_4th_pre_req"": ""771"", ""buy_4th_pre_req_pre"": ""0"", ""buy_5th_pre_bid"": ""+34200"", ""buy_5th_pre_req"": ""760"", ""buy_5th_pre_req_pre"": ""0"", ""buy_6th_pre_bid"": ""+34150"", ""buy_6th_pre_req"": ""594"", ""buy_6th_pre_req_pre"": ""0"", ""buy_7th_pre_bid"": ""+34100"", ""buy_7th_pre_req"": ""700"", ""buy_7th_pre_req_pre"": ""0"", ""buy_8th_pre_bid"": ""+34050"", ""buy_8th_pre_req"": ""1218"", ""buy_8th_pre_req_pre"": ""0"", ""buy_9th_pre_bid"": ""34000"", ""buy_9th_pre_req"": ""3356"", ""buy_9th_pre_req_pre"": ""0"", ""buy_10th_pre_bid"": ""-33950"", ""buy_10th_pre_req"": ""854"", ""buy_10th_pre_req_pre"": ""0"", ""tot_sel_req_jub_pre"": ""0"", ""tot_sel_req"": ""5456"", ""tot_buy_req"": ""8840"", ""tot_buy_req_jub_pre"": ""+1"", ""ovt_sel_req_pre"": ""0"", ""ovt_sel_req"": ""0"", ""ovt_buy_req"": ""0"", ""ovt_buy_req_pre"": ""0"", ""return_code"": 0, ""return_msg"": ""정상적으로 처리되었습니다""}"
2026-06-10,watchlist,066575,,0,filtered_candidate_recheck,78600,,78600,78500,78600,78900,0.2544529262086514,0.1272264631043257,,,,,,"{""bid_req_base_tm"": ""111345"", ""sel_10th_pre_req_pre"": ""0"", ""sel_10th_pre_req"": ""1"", ""sel_10th_pre_bid"": ""-79700"", ""sel_9th_pre_req_pre"": ""0"", ""sel_9th_pre_req"": ""5"", ""sel_9th_pre_bid"": ""-79600"", ""sel_8th_pre_req_pre"": ""0"", ""sel_8th_pre_req"": ""16"", ""sel_8th_pre_bid"": ""-79500"", ""sel_7th_pre_req_pre"": ""0"", ""sel_7th_pre_req"": ""1"", ""sel_7th_pre_bid"": ""-79300"", ""sel_6th_pre_req_pre"": ""0"", ""sel_6th_pre_req"": ""1"", ""sel_6th_pre_bid"": ""-79200"", ""sel_5th_pre_req_pre"": ""0"", ""sel_5th_pre_req"": ""296"", ""sel_5th_pre_bid"": ""-79000"", ""sel_4th_pre_req_pre"": ""0"", ""sel_4th_pre_req"": ""46"", ""sel_4th_pre_bid"": ""-78900"", ""sel_3th_pre_req_pre"": ""0"", ""sel_3th_pre_req"": ""12"", ""sel_3th_pre_bid"": ""-78800"", ""sel_2th_pre_req_pre"": ""0"", ""sel_2th_pre_req"": ""38"", ""sel_2th_pre_bid"": ""-78700"", ""sel_1th_pre_req_pre"": ""0"", ""sel_fpr_req"": ""180"", ""sel_fpr_bid"": ""-78600"", ""buy_fpr_bid"": ""-78500"", ""buy_fpr_req"": ""147"", ""buy_1th_pre_req_pre"": ""0"", ""buy_2th_pre_bid"": ""-78400"", ""buy_2th_pre_req"": ""185"", ""buy_2th_pre_req_pre"": ""0"", ""buy_3th_pre_bid"": ""-78300"", ""buy_3th_pre_req"": ""173"", ""buy_3th_pre_req_pre"": ""0"", ""buy_4th_pre_bid"": ""-78200"", ""buy_4th_pre_req"": ""276"", ""buy_4th_pre_req_pre"": ""0"", ""buy_5th_pre_bid"": ""-78100"", ""buy_5th_pre_req"": ""390"", ""buy_5th_pre_req_pre"": ""0"", ""buy_6th_pre_bid"": ""-78000"", ""buy_6th_pre_req"": ""1255"", ""buy_6th_pre_req_pre"": ""0"", ""buy_7th_pre_bid"": ""-77900"", ""buy_7th_pre_req"": ""854"", ""buy_7th_pre_req_pre"": ""0"", ""buy_8th_pre_bid"": ""-77800"", ""buy_8th_pre_req"": ""1324"", ""buy_8th_pre_req_pre"": ""0"", ""buy_9th_pre_bid"": ""-77700"", ""buy_9th_pre_req"": ""483"", ""buy_9th_pre_req_pre"": ""0"", ""buy_10th_pre_bid"": ""-77600"", ""buy_10th_pre_req"": ""211"", ""buy_10th_pre_req_pre"": ""0"", ""tot_sel_req_jub_pre"": ""0"", ""tot_sel_req"": ""596"", ""tot_buy_req"": ""5298"", ""tot_buy_req_jub_pre"": ""0"", ""ovt_sel_req_pre"": ""0"", ""ovt_sel_req"": ""0"", ""ovt_buy_req"": ""0"", ""ovt_buy_req_pre"": ""0"", ""return_code"": 0, ""return_msg"": ""정상적으로 처리되었습니다""}"
2026-06-10,watchlist,000810,,0,filtered_candidate_recheck,623000,,623000,622000,623000,627000,0.4815409309791332,0.16051364365971107,,,,,,"{""bid_req_base_tm"": ""111346"", ""sel_10th_pre_req_pre"": ""0"", ""sel_10th_pre_req"": ""3"", ""sel_10th_pre_bid"": ""-632000"", ""sel_9th_pre_req_pre"": ""0"", ""sel_9th_pre_req"": ""3"", ""sel_9th_pre_bid"": ""-631000"", ""sel_8th_pre_req_pre"": ""0"", ""sel_8th_pre_req"": ""49"", ""sel_8th_pre_bid"": ""-630000"", ""sel_7th_pre_req_pre"": ""0"", ""sel_7th_pre_req"": ""16"", ""sel_7th_pre_bid"": ""-629000"", ""sel_6th_pre_req_pre"": ""0"", ""sel_6th_pre_req"": ""21"", ""sel_6th_pre_bid"": ""-628000"", ""sel_5th_pre_req_pre"": ""0"", ""sel_5th_pre_req"": ""27"", ""sel_5th_pre_bid"": ""-627000"", ""sel_4th_pre_req_pre"": ""0"", ""sel_4th_pre_req"": ""23"", ""sel_4th_pre_bid"": ""-626000"", ""sel_3th_pre_req_pre"": ""0"", ""sel_3th_pre_req"": ""76"", ""sel_3th_pre_bid"": ""-625000"", ""sel_2th_pre_req_pre"": ""0"", ""sel_2th_pre_req"": ""13"", ""sel_2th_pre_bid"": ""-624000"", ""sel_1th_pre_req_pre"": ""0"", ""sel_fpr_req"": ""176"", ""sel_fpr_bid"": ""-623000"", ""buy_fpr_bid"": ""-622000"", ""buy_fpr_req"": ""428"", ""buy_1th_pre_req_pre"": ""0"", ""buy_2th_pre_bid"": ""-621000"", ""buy_2th_pre_req"": ""115"", ""buy_2th_pre_req_pre"": ""0"", ""buy_3th_pre_bid"": ""-620000"", ""buy_3th_pre_req"": ""82"", ""buy_3th_pre_req_pre"": ""0"", ""buy_4th_pre_bid"": ""-619000"", ""buy_4th_pre_req"": ""4"", ""buy_4th_pre_req_pre"": ""0"", ""buy_5th_pre_bid"": ""-618000"", ""buy_5th_pre_req"": ""14"", ""buy_5th_pre_req_pre"": ""0"", ""buy_6th_pre_bid"": ""-617000"", ""buy_6th_pre_req"": ""36"", ""buy_6th_pre_req_pre"": ""0"", ""buy_7th_pre_bid"": ""-616000"", ""buy_7th_pre_req"": ""20"", ""buy_7th_pre_req_pre"": ""0"", ""buy_8th_pre_bid"": ""-615000"", ""buy_8th_pre_req"": ""18"", ""buy_8th_pre_req_pre"": ""0"", ""buy_9th_pre_bid"": ""-614000"", ""buy_9th_pre_req"": ""94"", ""buy_9th_pre_req_pre"": ""0"", ""buy_10th_pre_bid"": ""-613000"", ""buy_10th_pre_req"": ""37"", ""buy_10th_pre_req_pre"": ""0"", ""tot_sel_req_jub_pre"": ""0"", ""tot_sel_req"": ""407"", ""tot_buy_req"": ""848"", ""tot_buy_req_jub_pre"": ""0"", ""ovt_sel_req_pre"": ""0"", ""ovt_sel_req"": ""0"", ""ovt_buy_req"": ""0"", ""ovt_buy_req_pre"": ""0"", ""return_code"": 0, ""return_msg"": ""정상적으로 처리되었습니다""}"
2026-06-10,watchlist,005930,,0,filtered_candidate_recheck,306000,,306000,305500,306000,307500,0.32679738562091504,0.16339869281045752,,,,,,"{""bid_req_base_tm"": ""111347"", ""sel_10th_pre_req_pre"": ""0"", ""sel_10th_pre_req"": ""19338"", ""sel_10th_pre_bid"": ""-310500"", ""sel_9th_pre_req_pre"": ""0"", ""sel_9th_pre_req"": ""25214"", ""sel_9th_pre_bid"": ""-310000"", ""sel_8th_pre_req_pre"": ""0"", ""sel_8th_pre_req"": ""19306"", ""sel_8th_pre_bid"": ""-309500"", ""sel_7th_pre_req_pre"": ""0"", ""sel_7th_pre_req"": ""13039"", ""sel_7th_pre_bid"": ""-309000"", ""sel_6th_pre_req_pre"": ""0"", ""sel_6th_pre_req"": ""13333"", ""sel_6th_pre_bid"": ""-308500"", ""sel_5th_pre_req_pre"": ""0"", ""sel_5th_pre_req"": ""15412"", ""sel_5th_pre_bid"": ""-308000"", ""sel_4th_pre_req_pre"": ""0"", ""sel_4th_pre_req"": ""9070"", ""sel_4th_pre_bid"": ""-307500"", ""sel_3th_pre_req_pre"": ""0"", ""sel_3th_pre_req"": ""15121"", ""sel_3th_pre_bid"": ""-307000"", ""sel_2th_pre_req_pre"": ""0"", ""sel_2th_pre_req"": ""28824"", ""sel_2th_pre_bid"": ""-306500"", ""sel_1th_pre_req_pre"": ""0"", ""sel_fpr_req"": ""48411"", ""sel_fpr_bid"": ""-306000"", ""buy_fpr_bid"": ""-305500"", ""buy_fpr_req"": ""81057"", ""buy_1th_pre_req_pre"": ""+2"", ""buy_2th_pre_bid"": ""-305000"", ""buy_2th_pre_req"": ""234021"", ""buy_2th_pre_req_pre"": ""0"", ""buy_3th_pre_bid"": ""-304500"", ""buy_3th_pre_req"": ""39751"", ""buy_3th_pre_req_pre"": ""0"", ""buy_4th_pre_bid"": ""-304000"", ""buy_4th_pre_req"": ""47778"", ""buy_4th_pre_req_pre"": ""0"", ""buy_5th_pre_bid"": ""-303500"", ""buy_5th_pre_req"": ""45539"", ""buy_5th_pre_req_pre"": ""0"", ""buy_6th_pre_bid"": ""-303000"", ""buy_6th_pre_req"": ""82127"", ""buy_6th_pre_req_pre"": ""0"", ""buy_7th_pre_bid"": ""-302500"", ""buy_7th_pre_req"": ""50261"", ""buy_7th_pre_req_pre"": ""0"", ""buy_8th_pre_bid"": ""-302000"", ""buy_8th_pre_req"": ""61712"", ""buy_8th_pre_req_pre"": ""0"", ""buy_9th_pre_bid"": ""-301500"", ""buy_9th_pre_req"": ""42485"", ""buy_9th_pre_req_pre"": ""0"", ""buy_10th_pre_bid"": ""-301000"", ""buy_10th_pre_req"": ""66952"", ""buy_10th_pre_req_pre"": ""0"", ""tot_sel_req_jub_pre"": ""0"", ""tot_sel_req"": ""207068"", ""tot_buy_req"": ""751683"", ""tot_buy_req_jub_pre"": ""+2"", ""ovt_sel_req_pre"": ""0"", ""ovt_sel_req"": ""0"", ""ovt_buy_req"": ""0"", ""ovt_buy_req_pre"": ""0"", ""return_code"": 0, ""return_msg"": ""정상적으로 처리되었습니다""}"
2026-06-10,watchlist,000370,,0,filtered_candidate_recheck,6500,,6500,6490,6500,6490,-0.3076923076923077,0.15384615384615385,,,,,,"{""bid_req_base_tm"": ""111344"", ""sel_10th_pre_req_pre"": ""0"", ""sel_10th_pre_req"": ""312"", ""sel_10th_pre_bid"": ""+6590"", ""sel_9th_pre_req_pre"": ""0"", ""sel_9th_pre_req"": ""112"", ""sel_9th_pre_bid"": ""+6580"", ""sel_8th_pre_req_pre"": ""0"", ""sel_8th_pre_req"": ""753"", ""sel_8th_pre_bid"": ""+6570"", ""sel_7th_pre_req_pre"": ""0"", ""sel_7th_pre_req"": ""4"", ""sel_7th_pre_bid"": ""+6560"", ""sel_6th_pre_req_pre"": ""0"", ""sel_6th_pre_req"": ""225"", ""sel_6th_pre_bid"": ""+6550"", ""sel_5th_pre_req_pre"": ""0"", ""sel_5th_pre_req"": ""17"", ""sel_5th_pre_bid"": ""+6540"", ""sel_4th_pre_req_pre"": ""0"", ""sel_4th_pre_req"": ""140"", ""sel_4th_pre_bid"": ""+6530"", ""sel_3th_pre_req_pre"": ""0"", ""sel_3th_pre_req"": ""609"", ""sel_3th_pre_bid"": ""+6520"", ""sel_2th_pre_req_pre"": ""0"", ""sel_2th_pre_req"": ""1321"", ""sel_2th_pre_bid"": ""+6510"", ""sel_1th_pre_req_pre"": ""--120"", ""sel_fpr_req"": ""4340"", ""sel_fpr_bid"": ""+6500"", ""buy_fpr_bid"": ""+6490"", ""buy_fpr_req"": ""2"", ""buy_1th_pre_req_pre"": ""0"", ""buy_2th_pre_bid"": ""+6480"", ""buy_2th_pre_req"": ""506"", ""buy_2th_pre_req_pre"": ""0"", ""buy_3th_pre_bid"": ""+6470"", ""buy_3th_pre_req"": ""702"", ""buy_3th_pre_req_pre"": ""0"", ""buy_4th_pre_bid"": ""+6460"", ""buy_4th_pre_req"": ""204"", ""buy_4th_pre_req_pre"": ""0"", ""buy_5th_pre_bid"": ""6450"", ""buy_5th_pre_req"": ""901"", ""buy_5th_pre_req_pre"": ""0"", ""buy_6th_pre_bid"": ""-6440"", ""buy_6th_pre_req"": ""203"", ""buy_6th_pre_req_pre"": ""0"", ""buy_7th_pre_bid"": ""-6430"", ""buy_7th_pre_req"": ""1608"", ""buy_7th_pre_req_pre"": ""0"", ""buy_8th_pre_bid"": ""-6420"", ""buy_8th_pre_req"": ""207"", ""buy_8th_pre_req_pre"": ""0"", ""buy_9th_pre_bid"": ""-6410"", ""buy_9th_pre_req"": ""1004"", ""buy_9th_pre_req_pre"": ""0"", ""buy_10th_pre_bid"": ""-6400"", ""buy_10th_pre_req"": ""4825"", ""buy_10th_pre_req_pre"": ""0"", ""tot_sel_req_jub_pre"": ""--120"", ""tot_sel_req"": ""7833"", ""tot_buy_req"": ""10162"", ""tot_buy_req_jub_pre"": ""0"", ""ovt_sel_req_pre"": ""0"", ""ovt_sel_req"": ""0"", ""ovt_buy_req"": ""0"", ""ovt_buy_req_pre"": ""0"", ""return_code"": 0, ""return_msg"": ""정상적으로 처리되었습니다""}"
2026-06-10,watchlist,064400,,0,filtered_candidate_recheck,95200,,95200,95100,95200,95400,0.10504201680672269,0.10504201680672269,,,,,,"{""bid_req_base_tm"": ""111347"", ""sel_10th_pre_req_pre"": ""0"", ""sel_10th_pre_req"": ""581"", ""sel_10th_pre_bid"": ""-96100"", ""sel_9th_pre_req_pre"": ""0"", ""sel_9th_pre_req"": ""943"", ""sel_9th_pre_bid"": ""-96000"", ""sel_8th_pre_req_pre"": ""0"", ""sel_8th_pre_req"": ""311"", ""sel_8th_pre_bid"": ""-95900"", ""sel_7th_pre_req_pre"": ""0"", ""sel_7th_pre_req"": ""954"", ""sel_7th_pre_bid"": ""-95800"", ""sel_6th_pre_req_pre"": ""0"", ""sel_6th_pre_req"": ""204"", ""sel_6th_pre_bid"": ""-95700"", ""sel_5th_pre_req_pre"": ""0"", ""sel_5th_pre_req"": ""724"", ""sel_5th_pre_bid"": ""-95600"", ""sel_4th_pre_req_pre"": ""0"", ""sel_4th_pre_req"": ""138"", ""sel_4th_pre_bid"": ""-95500"", ""sel_3th_pre_req_pre"": ""0"", ""sel_3th_pre_req"": ""179"", ""sel_3th_pre_bid"": ""-95400"", ""sel_2th_pre_req_pre"": ""0"", ""sel_2th_pre_req"": ""177"", ""sel_2th_pre_bid"": ""-95300"", ""sel_1th_pre_req_pre"": ""0"", ""sel_fpr_req"": ""129"", ""sel_fpr_bid"": ""-95200"", ""buy_fpr_bid"": ""-95100"", ""buy_fpr_req"": ""509"", ""buy_1th_pre_req_pre"": ""--14"", ""buy_2th_pre_bid"": ""-95000"", ""buy_2th_pre_req"": ""1505"", ""buy_2th_pre_req_pre"": ""0"", ""buy_3th_pre_bid"": ""-94900"", ""buy_3th_pre_req"": ""686"", ""buy_3th_pre_req_pre"": ""0"", ""buy_4th_pre_bid"": ""-94800"", ""buy_4th_pre_req"": ""1544"", ""buy_4th_pre_req_pre"": ""0"", ""buy_5th_pre_bid"": ""-94700"", ""buy_5th_pre_req"": ""780"", ""buy_5th_pre_req_pre"": ""0"", ""buy_6th_pre_bid"": ""-94600"", ""buy_6th_pre_req"": ""1114"", ""buy_6th_pre_req_pre"": ""0"", ""buy_7th_pre_bid"": ""-94500"", ""buy_7th_pre_req"": ""1685"", ""buy_7th_pre_req_pre"": ""0"", ""buy_8th_pre_bid"": ""-94400"", ""buy_8th_pre_req"": ""618"", ""buy_8th_pre_req_pre"": ""0"", ""buy_9th_pre_bid"": ""-94300"", ""buy_9th_pre_req"": ""888"", ""buy_9th_pre_req_pre"": ""0"", ""buy_10th_pre_bid"": ""-94200"", ""buy_10th_pre_req"": ""876"", ""buy_10th_pre_req_pre"": ""0"", ""tot_sel_req_jub_pre"": ""0"", ""tot_sel_req"": ""4340"", ""tot_buy_req"": ""10205"", ""tot_buy_req_jub_pre"": ""--14"", ""ovt_sel_req_pre"": ""0"", ""ovt_sel_req"": ""0"", ""ovt_buy_req"": ""0"", ""ovt_buy_req_pre"": ""0"", ""return_code"": 0, ""return_msg"": ""정상적으로 처리되었습니다""}"
2026-06-10,watchlist,009420,,0,filtered_candidate_recheck,50200,,50200,50100,50200,50500,0.398406374501992,0.199203187250996,,,,,,"{""bid_req_base_tm"": ""111346"", ""sel_10th_pre_req_pre"": ""0"", ""sel_10th_pre_req"": ""79"", ""sel_10th_pre_bid"": ""-51100"", ""sel_9th_pre_req_pre"": ""0"", ""sel_9th_pre_req"": ""163"", ""sel_9th_pre_bid"": ""-51000"", ""sel_8th_pre_req_pre"": ""0"", ""sel_8th_pre_req"": ""232"", ""sel_8th_pre_bid"": ""-50900"", ""sel_7th_pre_req_pre"": ""0"", ""sel_7th_pre_req"": ""57"", ""sel_7th_pre_bid"": ""-50800"", ""sel_6th_pre_req_pre"": ""0"", ""sel_6th_pre_req"": ""54"", ""sel_6th_pre_bid"": ""-50700"", ""sel_5th_pre_req_pre"": ""0"", ""sel_5th_pre_req"": ""6"", ""sel_5th_pre_bid"": ""-50600"", ""sel_4th_pre_req_pre"": ""0"", ""sel_4th_pre_req"": ""58"", ""sel_4th_pre_bid"": ""-50500"", ""sel_3th_pre_req_pre"": ""0"", ""sel_3th_pre_req"": ""40"", ""sel_3th_pre_bid"": ""-50400"", ""sel_2th_pre_req_pre"": ""0"", ""sel_2th_pre_req"": ""88"", ""sel_2th_pre_bid"": ""-50300"", ""sel_1th_pre_req_pre"": ""+1"", ""sel_fpr_req"": ""190"", ""sel_fpr_bid"": ""-50200"", ""buy_fpr_bid"": ""-50100"", ""buy_fpr_req"": ""396"", ""buy_1th_pre_req_pre"": ""0"", ""buy_2th_pre_bid"": ""-50000"", ""buy_2th_pre_req"": ""801"", ""buy_2th_pre_req_pre"": ""0"", ""buy_3th_pre_bid"": ""-49950"", ""buy_3th_pre_req"": ""362"", ""buy_3th_pre_req_pre"": ""0"", ""buy_4th_pre_bid"": ""-49900"", ""buy_4th_pre_req"": ""371"", ""buy_4th_pre_req_pre"": ""0"", ""buy_5th_pre_bid"": ""-49850"", ""buy_5th_pre_req"": ""459"", ""buy_5th_pre_req_pre"": ""0"", ""buy_6th_pre_bid"": ""-49800"", ""buy_6th_pre_req"": ""592"", ""buy_6th_pre_req_pre"": ""0"", ""buy_7th_pre_bid"": ""-49750"", ""buy_7th_pre_req"": ""850"", ""buy_7th_pre_req_pre"": ""0"", ""buy_8th_pre_bid"": ""-49700"", ""buy_8th_pre_req"": ""1234"", ""buy_8th_pre_req_pre"": ""0"", ""buy_9th_pre_bid"": ""-49650"", ""buy_9th_pre_req"": ""42"", ""buy_9th_pre_req_pre"": ""0"", ""buy_10th_pre_bid"": ""-49600"", ""buy_10th_pre_req"": ""897"", ""buy_10th_pre_req_pre"": ""0"", ""tot_sel_req_jub_pre"": ""+1"", ""tot_sel_req"": ""967"", ""tot_buy_req"": ""6004"", ""tot_buy_req_jub_pre"": ""0"", ""ovt_sel_req_pre"": ""0"", ""ovt_sel_req"": ""0"", ""ovt_buy_req"": ""0"", ""ovt_buy_req_pre"": ""0"", ""return_code"": 0, ""return_msg"": ""정상적으로 처리되었습니다""}"
2026-06-10,watchlist,383220,,0,filtered_candidate_recheck,76100,,76100,76000,76100,75800,-0.5256241787122208,0.1314060446780552,,,,,,"{""bid_req_base_tm"": ""111345"", ""sel_10th_pre_req_pre"": ""0"", ""sel_10th_pre_req"": ""22"", ""sel_10th_pre_bid"": ""+77000"", ""sel_9th_pre_req_pre"": ""0"", ""sel_9th_pre_req"": ""106"", ""sel_9th_pre_bid"": ""+76900"", ""sel_8th_pre_req_pre"": ""0"", ""sel_8th_pre_req"": ""11"", ""sel_8th_pre_bid"": ""+76800"", ""sel_7th_pre_req_pre"": ""0"", ""sel_7th_pre_req"": ""9"", ""sel_7th_pre_bid"": ""+76700"", ""sel_6th_pre_req_pre"": ""0"", ""sel_6th_pre_req"": ""32"", ""sel_6th_pre_bid"": ""+76600"", ""sel_5th_pre_req_pre"": ""0"", ""sel_5th_pre_req"": ""14"", ""sel_5th_pre_bid"": ""+76500"", ""sel_4th_pre_req_pre"": ""0"", ""sel_4th_pre_req"": ""12"", ""sel_4th_pre_bid"": ""+76400"", ""sel_3th_pre_req_pre"": ""0"", ""sel_3th_pre_req"": ""100"", ""sel_3th_pre_bid"": ""+76300"", ""sel_2th_pre_req_pre"": ""0"", ""sel_2th_pre_req"": ""14"", ""sel_2th_pre_bid"": ""+76200"", ""sel_1th_pre_req_pre"": ""+5"", ""sel_fpr_req"": ""23"", ""sel_fpr_bid"": ""+76100"", ""buy_fpr_bid"": ""+76000"", ""buy_fpr_req"": ""25"", ""buy_1th_pre_req_pre"": ""0"", ""buy_2th_pre_bid"": ""+75600"", ""buy_2th_pre_req"": ""2"", ""buy_2th_pre_req_pre"": ""0"", ""buy_3th_pre_bid"": ""+75500"", ""buy_3th_pre_req"": ""14"", ""buy_3th_pre_req_pre"": ""0"", ""buy_4th_pre_bid"": ""+75400"", ""buy_4th_pre_req"": ""21"", ""buy_4th_pre_req_pre"": ""0"", ""buy_5th_pre_bid"": ""+75300"", ""buy_5th_pre_req"": ""5"", ""buy_5th_pre_req_pre"": ""0"", ""buy_6th_pre_bid"": ""+75200"", ""buy_6th_pre_req"": ""10"", ""buy_6th_pre_req_pre"": ""0"", ""buy_7th_pre_bid"": ""+75100"", ""buy_7th_pre_req"": ""149"", ""buy_7th_pre_req_pre"": ""0"", ""buy_8th_pre_bid"": ""+75000"", ""buy_8th_pre_req"": ""1"", ""buy_8th_pre_req_pre"": ""0"", ""buy_9th_pre_bid"": ""+74900"", ""buy_9th_pre_req"": ""9"", ""buy_9th_pre_req_pre"": ""0"", ""buy_10th_pre_bid"": ""+74700"", ""buy_10th_pre_req"": ""110"", ""buy_10th_pre_req_pre"": ""0"", ""tot_sel_req_jub_pre"": ""+5"", ""tot_sel_req"": ""343"", ""tot_buy_req"": ""346"", ""tot_buy_req_jub_pre"": ""0"", ""ovt_sel_req_pre"": ""0"", ""ovt_sel_req"": ""0"", ""ovt_buy_req"": ""0"", ""ovt_buy_req_pre"": ""0"", ""return_code"": 0, ""return_msg"": ""정상적으로 처리되었습니다""}"
2026-06-10,watchlist,004170,,0,filtered_candidate_recheck,687000,,687000,686000,687000,683000,-0.727802037845706,0.1455604075691412,,,,,,"{""bid_req_base_tm"": ""111347"", ""sel_10th_pre_req_pre"": ""0"", ""sel_10th_pre_req"": ""5"", ""sel_10th_pre_bid"": ""+696000"", ""sel_9th_pre_req_pre"": ""0"", ""sel_9th_pre_req"": ""777"", ""sel_9th_pre_bid"": ""+695000"", ""sel_8th_pre_req_pre"": ""0"", ""sel_8th_pre_req"": ""86"", ""sel_8th_pre_bid"": ""+694000"", ""sel_7th_pre_req_pre"": ""0"", ""sel_7th_pre_req"": ""183"", ""sel_7th_pre_bid"": ""+693000"", ""sel_6th_pre_req_pre"": ""0"", ""sel_6th_pre_req"": ""145"", ""sel_6th_pre_bid"": ""+692000"", ""sel_5th_pre_req_pre"": ""0"", ""sel_5th_pre_req"": ""809"", ""sel_5th_pre_bid"": ""+691000"", ""sel_4th_pre_req_pre"": ""0"", ""sel_4th_pre_req"": ""409"", ""sel_4th_pre_bid"": ""+690000"", ""sel_3th_pre_req_pre"": ""0"", ""sel_3th_pre_req"": ""64"", ""sel_3th_pre_bid"": ""+689000"", ""sel_2th_pre_req_pre"": ""0"", ""sel_2th_pre_req"": ""47"", ""sel_2th_pre_bid"": ""+688000"", ""sel_1th_pre_req_pre"": ""0"", ""sel_fpr_req"": ""29"", ""sel_fpr_bid"": ""+687000"", ""buy_fpr_bid"": ""+686000"", ""buy_fpr_req"": ""6"", ""buy_1th_pre_req_pre"": ""+2"", ""buy_2th_pre_bid"": ""+685000"", ""buy_2th_pre_req"": ""3"", ""buy_2th_pre_req_pre"": ""0"", ""buy_3th_pre_bid"": ""+684000"", ""buy_3th_pre_req"": ""1"", ""buy_3th_pre_req_pre"": ""0"", ""buy_4th_pre_bid"": ""+683000"", ""buy_4th_pre_req"": ""41"", ""buy_4th_pre_req_pre"": ""0"", ""buy_5th_pre_bid"": ""+682000"", ""buy_5th_pre_req"": ""11"", ""buy_5th_pre_req_pre"": ""0"", ""buy_6th_pre_bid"": ""+681000"", ""buy_6th_pre_req"": ""16"", ""buy_6th_pre_req_pre"": ""0"", ""buy_7th_pre_bid"": ""+680000"", ""buy_7th_pre_req"": ""93"", ""buy_7th_pre_req_pre"": ""0"", ""buy_8th_pre_bid"": ""+679000"", ""buy_8th_pre_req"": ""4"", ""buy_8th_pre_req_pre"": ""0"", ""buy_9th_pre_bid"": ""+678000"", ""buy_9th_pre_req"": ""203"", ""buy_9th_pre_req_pre"": ""0"", ""buy_10th_pre_bid"": ""+677000"", ""buy_10th_pre_req"": ""42"", ""buy_10th_pre_req_pre"": ""0"", ""tot_sel_req_jub_pre"": ""0"", ""tot_sel_req"": ""2554"", ""tot_buy_req"": ""420"", ""tot_buy_req_jub_pre"": ""+2"", ""ovt_sel_req_pre"": ""0"", ""ovt_sel_req"": ""0"", ""ovt_buy_req"": ""0"", ""ovt_buy_req_pre"": ""0"", ""return_code"": 0, ""return_msg"": ""정상적으로 처리되었습니다""}"
2026-06-10,watchlist,018260,,1,filtered_candidate_recheck,231000,,231000,230500,231000,232500,0.4329004329004329,0.21645021645021645,,,,,,"{""bid_req_base_tm"": ""111348"", ""sel_10th_pre_req_pre"": ""0"", ""sel_10th_pre_req"": ""205"", ""sel_10th_pre_bid"": ""-235500"", ""sel_9th_pre_req_pre"": ""0"", ""sel_9th_pre_req"": ""135"", ""sel_9th_pre_bid"": ""-235000"", ""sel_8th_pre_req_pre"": ""0"", ""sel_8th_pre_req"": ""147"", ""sel_8th_pre_bid"": ""-234500"", ""sel_7th_pre_req_pre"": ""0"", ""sel_7th_pre_req"": ""226"", ""sel_7th_pre_bid"": ""-234000"", ""sel_6th_pre_req_pre"": ""0"", ""sel_6th_pre_req"": ""74"", ""sel_6th_pre_bid"": ""-233500"", ""sel_5th_pre_req_pre"": ""0"", ""sel_5th_pre_req"": ""238"", ""sel_5th_pre_bid"": ""-233000"", ""sel_4th_pre_req_pre"": ""0"", ""sel_4th_pre_req"": ""208"", ""sel_4th_pre_bid"": ""-232500"", ""sel_3th_pre_req_pre"": ""0"", ""sel_3th_pre_req"": ""99"", ""sel_3th_pre_bid"": ""-232000"", ""sel_2th_pre_req_pre"": ""0"", ""sel_2th_pre_req"": ""100"", ""sel_2th_pre_bid"": ""-231500"", ""sel_1th_pre_req_pre"": ""0"", ""sel_fpr_req"": ""1797"", ""sel_fpr_bid"": ""-231000"", ""buy_fpr_bid"": ""-230500"", ""buy_fpr_req"": ""1728"", ""buy_1th_pre_req_pre"": ""--2"", ""buy_2th_pre_bid"": ""-230000"", ""buy_2th_pre_req"": ""4209"", ""buy_2th_pre_req_pre"": ""+1"", ""buy_3th_pre_bid"": ""-229500"", ""buy_3th_pre_req"": ""853"", ""buy_3th_pre_req_pre"": ""0"", ""buy_4th_pre_bid"": ""-229000"", ""buy_4th_pre_req"": ""1450"", ""buy_4th_pre_req_pre"": ""0"", ""buy_5th_pre_bid"": ""-228500"", ""buy_5th_pre_req"": ""1033"", ""buy_5th_pre_req_pre"": ""0"", ""buy_6th_pre_bid"": ""-228000"", ""buy_6th_pre_req"": ""2670"", ""buy_6th_pre_req_pre"": ""0"", ""buy_7th_pre_bid"": ""-227500"", ""buy_7th_pre_req"": ""2163"", ""buy_7th_pre_req_pre"": ""0"", ""buy_8th_pre_bid"": ""-227000"", ""buy_8th_pre_req"": ""3032"", ""buy_8th_pre_req_pre"": ""0"", ""buy_9th_pre_bid"": ""-226500"", ""buy_9th_pre_req"": ""422"", ""buy_9th_pre_req_pre"": ""0"", ""buy_10th_pre_bid"": ""-226000"", ""buy_10th_pre_req"": ""1588"", ""buy_10th_pre_req_pre"": ""0"", ""tot_sel_req_jub_pre"": ""0"", ""tot_sel_req"": ""3229"", ""tot_buy_req"": ""19148"", ""tot_buy_req_jub_pre"": ""--1"", ""ovt_sel_req_pre"": ""0"", ""ovt_sel_req"": ""0"", ""ovt_buy_req"": ""0"", ""ovt_buy_req_pre"": ""0"", ""return_code"": 0, ""return_msg"": ""정상적으로 처리되었습니다""}"
2026-06-10,watchlist,161390,,1,filtered_candidate_recheck,71200,,71200,71100,71200,71400,0.1404494382022472,0.1404494382022472,,,,,,"{""bid_req_base_tm"": ""111347"", ""sel_10th_pre_req_pre"": ""0"", ""sel_10th_pre_req"": ""30"", ""sel_10th_pre_bid"": ""-72100"", ""sel_9th_pre_req_pre"": ""0"", ""sel_9th_pre_req"": ""153"", ""sel_9th_pre_bid"": ""-72000"", ""sel_8th_pre_req_pre"": ""0"", ""sel_8th_pre_req"": ""325"", ""sel_8th_pre_bid"": ""-71900"", ""sel_7th_pre_req_pre"": ""0"", ""sel_7th_pre_req"": ""131"", ""sel_7th_pre_bid"": ""-71800"", ""sel_6th_pre_req_pre"": ""0"", ""sel_6th_pre_req"": ""11"", ""sel_6th_pre_bid"": ""-71700"", ""sel_5th_pre_req_pre"": ""0"", ""sel_5th_pre_req"": ""17"", ""sel_5th_pre_bid"": ""-71600"", ""sel_4th_pre_req_pre"": ""0"", ""sel_4th_pre_req"": ""72"", ""sel_4th_pre_bid"": ""-71500"", ""sel_3th_pre_req_pre"": ""0"", ""sel_3th_pre_req"": ""71"", ""sel_3th_pre_bid"": ""-71400"", ""sel_2th_pre_req_pre"": ""0"", ""sel_2th_pre_req"": ""452"", ""sel_2th_pre_bid"": ""-71300"", ""sel_1th_pre_req_pre"": ""0"", ""sel_fpr_req"": ""1037"", ""sel_fpr_bid"": ""-71200"", ""buy_fpr_bid"": ""-71100"", ""buy_fpr_req"": ""973"", ""buy_1th_pre_req_pre"": ""+22"", ""buy_2th_pre_bid"": ""-71000"", ""buy_2th_pre_req"": ""281"", ""buy_2th_pre_req_pre"": ""0"", ""buy_3th_pre_bid"": ""-70900"", ""buy_3th_pre_req"": ""408"", ""buy_3th_pre_req_pre"": ""0"", ""buy_4th_pre_bid"": ""-70800"", ""buy_4th_pre_req"": ""836"", ""buy_4th_pre_req_pre"": ""0"", ""buy_5th_pre_bid"": ""-70700"", ""buy_5th_pre_req"": ""3"", ""buy_5th_pre_req_pre"": ""0"", ""buy_6th_pre_bid"": ""-70600"", ""buy_6th_pre_req"": ""3"", ""buy_6th_pre_req_pre"": ""0"", ""buy_7th_pre_bid"": ""-70500"", ""buy_7th_pre_req"": ""222"", ""buy_7th_pre_req_pre"": ""0"", ""buy_8th_pre_bid"": ""-70400"", ""buy_8th_pre_req"": ""3291"", ""buy_8th_pre_req_pre"": ""0"", ""buy_9th_pre_bid"": ""-70300"", ""buy_9th_pre_req"": ""253"", ""buy_9th_pre_req_pre"": ""0"", ""buy_10th_pre_bid"": ""-70200"", ""buy_10th_pre_req"": ""230"", ""buy_10th_pre_req_pre"": ""0"", ""tot_sel_req_jub_pre"": ""0"", ""tot_sel_req"": ""2299"", ""tot_buy_req"": ""6500"", ""tot_buy_req_jub_pre"": ""+22"", ""ovt_sel_req_pre"": ""0"", ""ovt_sel_req"": ""0"", ""ovt_buy_req"": ""0"", ""ovt_buy_req_pre"": ""0"", ""return_code"": 0, ""return_msg"": ""정상적으로 처리되었습니다""}"
2026-06-10,watchlist,078930,,0,filtered_candidate_recheck,73900,,73900,73800,73900,73500,-0.6765899864682002,0.13531799729364005,,,,,,"{""bid_req_base_tm"": ""111346"", ""sel_10th_pre_req_pre"": ""0"", ""sel_10th_pre_req"": ""4"", ""sel_10th_pre_bid"": ""+74800"", ""sel_9th_pre_req_pre"": ""0"", ""sel_9th_pre_req"": ""232"", ""sel_9th_pre_bid"": ""+74700"", ""sel_8th_pre_req_pre"": ""0"", ""sel_8th_pre_req"": ""104"", ""sel_8th_pre_bid"": ""+74600"", ""sel_7th_pre_req_pre"": ""0"", ""sel_7th_pre_req"": ""1047"", ""sel_7th_pre_bid"": ""+74500"", ""sel_6th_pre_req_pre"": ""0"", ""sel_6th_pre_req"": ""107"", ""sel_6th_pre_bid"": ""+74400"", ""sel_5th_pre_req_pre"": ""0"", ""sel_5th_pre_req"": ""113"", ""sel_5th_pre_bid"": ""+74300"", ""sel_4th_pre_req_pre"": ""0"", ""sel_4th_pre_req"": ""99"", ""sel_4th_pre_bid"": ""+74200"", ""sel_3th_pre_req_pre"": ""0"", ""sel_3th_pre_req"": ""12"", ""sel_3th_pre_bid"": ""+74100"", ""sel_2th_pre_req_pre"": ""0"", ""sel_2th_pre_req"": ""122"", ""sel_2th_pre_bid"": ""+74000"", ""sel_1th_pre_req_pre"": ""0"", ""sel_fpr_req"": ""879"", ""sel_fpr_bid"": ""+73900"", ""buy_fpr_bid"": ""73800"", ""buy_fpr_req"": ""917"", ""buy_1th_pre_req_pre"": ""0"", ""buy_2th_pre_bid"": ""-73700"", ""buy_2th_pre_req"": ""217"", ""buy_2th_pre_req_pre"": ""0"", ""buy_3th_pre_bid"": ""-73600"", ""buy_3th_pre_req"": ""1"", ""buy_3th_pre_req_pre"": ""0"", ""buy_4th_pre_bid"": ""-73400"", ""buy_4th_pre_req"": ""71"", ""buy_4th_pre_req_pre"": ""0"", ""buy_5th_pre_bid"": ""-73300"", ""buy_5th_pre_req"": ""30"", ""buy_5th_pre_req_pre"": ""0"", ""buy_6th_pre_bid"": ""-73200"", ""buy_6th_pre_req"": ""5"", ""buy_6th_pre_req_pre"": ""0"", ""buy_7th_pre_bid"": ""-73100"", ""buy_7th_pre_req"": ""150"", ""buy_7th_pre_req_pre"": ""0"", ""buy_8th_pre_bid"": ""-72900"", ""buy_8th_pre_req"": ""8"", ""buy_8th_pre_req_pre"": ""+2"", ""buy_9th_pre_bid"": ""-72700"", ""buy_9th_pre_req"": ""50"", ""buy_9th_pre_req_pre"": ""0"", ""buy_10th_pre_bid"": ""-72600"", ""buy_10th_pre_req"": ""50"", ""buy_10th_pre_req_pre"": ""0"", ""tot_sel_req_jub_pre"": ""0"", ""tot_sel_req"": ""2719"", ""tot_buy_req"": ""1499"", ""tot_buy_req_jub_pre"": ""+2"", ""ovt_sel_req_pre"": ""0"", ""ovt_sel_req"": ""0"", ""ovt_buy_req"": ""0"", ""ovt_buy_req_pre"": ""0"", ""return_code"": 0, ""return_msg"": ""정상적으로 처리되었습니다""}"
2026-06-10,watchlist,462870,,0,filtered_candidate_recheck,31250,,31250,31200,31250,31200,-0.32,0.16,,,,,,"{""bid_req_base_tm"": ""111347"", ""sel_10th_pre_req_pre"": ""0"", ""sel_10th_pre_req"": ""12"", ""sel_10th_pre_bid"": ""-31700"", ""sel_9th_pre_req_pre"": ""0"", ""sel_9th_pre_req"": ""51"", ""sel_9th_pre_bid"": ""-31650"", ""sel_8th_pre_req_pre"": ""0"", ""sel_8th_pre_req"": ""12"", ""sel_8th_pre_bid"": ""-31600"", ""sel_7th_pre_req_pre"": ""0"", ""sel_7th_pre_req"": ""12"", ""sel_7th_pre_bid"": ""-31550"", ""sel_6th_pre_req_pre"": ""0"", ""sel_6th_pre_req"": ""3"", ""sel_6th_pre_bid"": ""-31500"", ""sel_5th_pre_req_pre"": ""0"", ""sel_5th_pre_req"": ""33"", ""sel_5th_pre_bid"": ""-31450"", ""sel_4th_pre_req_pre"": ""0"", ""sel_4th_pre_req"": ""10"", ""sel_4th_pre_bid"": ""-31400"", ""sel_3th_pre_req_pre"": ""0"", ""sel_3th_pre_req"": ""13"", ""sel_3th_pre_bid"": ""-31350"", ""sel_2th_pre_req_pre"": ""0"", ""sel_2th_pre_req"": ""359"", ""sel_2th_pre_bid"": ""-31300"", ""sel_1th_pre_req_pre"": ""0"", ""sel_fpr_req"": ""142"", ""sel_fpr_bid"": ""-31250"", ""buy_fpr_bid"": ""-31200"", ""buy_fpr_req"": ""22"", ""buy_1th_pre_req_pre"": ""0"", ""buy_2th_pre_bid"": ""-31150"", ""buy_2th_pre_req"": ""15"", ""buy_2th_pre_req_pre"": ""0"", ""buy_3th_pre_bid"": ""-31050"", ""buy_3th_pre_req"": ""22"", ""buy_3th_pre_req_pre"": ""0"", ""buy_4th_pre_bid"": ""-31000"", ""buy_4th_pre_req"": ""300"", ""buy_4th_pre_req_pre"": ""0"", ""buy_5th_pre_bid"": ""-30950"", ""buy_5th_pre_req"": ""32"", ""buy_5th_pre_req_pre"": ""0"", ""buy_6th_pre_bid"": ""-30900"", ""buy_6th_pre_req"": ""142"", ""buy_6th_pre_req_pre"": ""0"", ""buy_7th_pre_bid"": ""-30850"", ""buy_7th_pre_req"": ""32"", ""buy_7th_pre_req_pre"": ""0"", ""buy_8th_pre_bid"": ""-30800"", ""buy_8th_pre_req"": ""76"", ""buy_8th_pre_req_pre"": ""0"", ""buy_9th_pre_bid"": ""-30750"", ""buy_9th_pre_req"": ""253"", ""buy_9th_pre_req_pre"": ""0"", ""buy_10th_pre_bid"": ""-30700"", ""buy_10th_pre_req"": ""197"", ""buy_10th_pre_req_pre"": ""0"", ""tot_sel_req_jub_pre"": ""0"", ""tot_sel_req"": ""647"", ""tot_buy_req"": ""1091"", ""tot_buy_req_jub_pre"": ""0"", ""ovt_sel_req_pre"": ""0"", ""ovt_sel_req"": ""0"", ""ovt_buy_req"": ""0"", ""ovt_buy_req_pre"": ""0"", ""return_code"": 0, ""return_msg"": ""정상적으로 처리되었습니다""}"
2026-06-10,watchlist,055550,,0,filtered_candidate_recheck,98800,,98800,98700,98800,98300,-0.6072874493927125,0.10121457489878542,,,,,,"{""bid_req_base_tm"": ""111348"", ""sel_10th_pre_req_pre"": ""0"", ""sel_10th_pre_req"": ""297"", ""sel_10th_pre_bid"": ""-99800"", ""sel_9th_pre_req_pre"": ""0"", ""sel_9th_pre_req"": ""921"", ""sel_9th_pre_bid"": ""-99700"", ""sel_8th_pre_req_pre"": ""0"", ""sel_8th_pre_req"": ""63"", ""sel_8th_pre_bid"": ""-99600"", ""sel_7th_pre_req_pre"": ""0"", ""sel_7th_pre_req"": ""162"", ""sel_7th_pre_bid"": ""-99500"", ""sel_6th_pre_req_pre"": ""0"", ""sel_6th_pre_req"": ""8"", ""sel_6th_pre_bid"": ""-99400"", ""sel_5th_pre_req_pre"": ""0"", ""sel_5th_pre_req"": ""165"", ""sel_5th_pre_bid"": ""-99300"", ""sel_4th_pre_req_pre"": ""0"", ""sel_4th_pre_req"": ""146"", ""sel_4th_pre_bid"": ""-99200"", ""sel_3th_pre_req_pre"": ""0"", ""sel_3th_pre_req"": ""765"", ""sel_3th_pre_bid"": ""-99000"", ""sel_2th_pre_req_pre"": ""+2"", ""sel_2th_pre_req"": ""351"", ""sel_2th_pre_bid"": ""-98900"", ""sel_1th_pre_req_pre"": ""+49"", ""sel_fpr_req"": ""12312"", ""sel_fpr_bid"": ""-98800"", ""buy_fpr_bid"": ""-98700"", ""buy_fpr_req"": ""431"", ""buy_1th_pre_req_pre"": ""0"", ""buy_2th_pre_bid"": ""-98600"", ""buy_2th_pre_req"": ""23"", ""buy_2th_pre_req_pre"": ""0"", ""buy_3th_pre_bid"": ""-98500"", ""buy_3th_pre_req"": ""175"", ""buy_3th_pre_req_pre"": ""0"", ""buy_4th_pre_bid"": ""-98400"", ""buy_4th_pre_req"": ""846"", ""buy_4th_pre_req_pre"": ""0"", ""buy_5th_pre_bid"": ""-98300"", ""buy_5th_pre_req"": ""669"", ""buy_5th_pre_req_pre"": ""0"", ""buy_6th_pre_bid"": ""-98200"", ""buy_6th_pre_req"": ""1402"", ""buy_6th_pre_req_pre"": ""0"", ""buy_7th_pre_bid"": ""-98100"", ""buy_7th_pre_req"": ""698"", ""buy_7th_pre_req_pre"": ""0"", ""buy_8th_pre_bid"": ""-98000"", ""buy_8th_pre_req"": ""1984"", ""buy_8th_pre_req_pre"": ""0"", ""buy_9th_pre_bid"": ""-97900"", ""buy_9th_pre_req"": ""283"", ""buy_9th_pre_req_pre"": ""0"", ""buy_10th_pre_bid"": ""-97800"", ""buy_10th_pre_req"": ""189"", ""buy_10th_pre_req_pre"": ""0"", ""tot_sel_req_jub_pre"": ""+51"", ""tot_sel_req"": ""15190"", ""tot_buy_req"": ""6700"", ""tot_buy_req_jub_pre"": ""0"", ""ovt_sel_req_pre"": ""0"", ""ovt_sel_req"": ""0"", ""ovt_buy_req"": ""0"", ""ovt_buy_req_pre"": ""0"", ""return_code"": 0, ""return_msg"": ""정상적으로 처리되었습니다""}"
2026-06-10,watchlist,192080,,1,filtered_candidate_recheck,71100,,71100,71000,71100,71500,0.42194092827004215,0.14064697609001406,,,,,,"{""bid_req_base_tm"": ""111345"", ""sel_10th_pre_req_pre"": ""0"", ""sel_10th_pre_req"": ""10"", ""sel_10th_pre_bid"": ""+72300"", ""sel_9th_pre_req_pre"": ""0"", ""sel_9th_pre_req"": ""10"", ""sel_9th_pre_bid"": ""+72200"", ""sel_8th_pre_req_pre"": ""0"", ""sel_8th_pre_req"": ""6"", ""sel_8th_pre_bid"": ""+72100"", ""sel_7th_pre_req_pre"": ""0"", ""sel_7th_pre_req"": ""5"", ""sel_7th_pre_bid"": ""72000"", ""sel_6th_pre_req_pre"": ""0"", ""sel_6th_pre_req"": ""5"", ""sel_6th_pre_bid"": ""-71800"", ""sel_5th_pre_req_pre"": ""0"", ""sel_5th_pre_req"": ""42"", ""sel_5th_pre_bid"": ""-71600"", ""sel_4th_pre_req_pre"": ""0"", ""sel_4th_pre_req"": ""28"", ""sel_4th_pre_bid"": ""-71500"", ""sel_3th_pre_req_pre"": ""0"", ""sel_3th_pre_req"": ""12"", ""sel_3th_pre_bid"": ""-71400"", ""sel_2th_pre_req_pre"": ""0"", ""sel_2th_pre_req"": ""1"", ""sel_2th_pre_bid"": ""-71200"", ""sel_1th_pre_req_pre"": ""+24"", ""sel_fpr_req"": ""25"", ""sel_fpr_bid"": ""-71100"", ""buy_fpr_bid"": ""-71000"", ""buy_fpr_req"": ""12"", ""buy_1th_pre_req_pre"": ""--6"", ""buy_2th_pre_bid"": ""-70900"", ""buy_2th_pre_req"": ""116"", ""buy_2th_pre_req_pre"": ""0"", ""buy_3th_pre_bid"": ""-70800"", ""buy_3th_pre_req"": ""106"", ""buy_3th_pre_req_pre"": ""0"", ""buy_4th_pre_bid"": ""-70700"", ""buy_4th_pre_req"": ""140"", ""buy_4th_pre_req_pre"": ""0"", ""buy_5th_pre_bid"": ""-70600"", ""buy_5th_pre_req"": ""100"", ""buy_5th_pre_req_pre"": ""0"", ""buy_6th_pre_bid"": ""-70500"", ""buy_6th_pre_req"": ""81"", ""buy_6th_pre_req_pre"": ""0"", ""buy_7th_pre_bid"": ""-70400"", ""buy_7th_pre_req"": ""182"", ""buy_7th_pre_req_pre"": ""0"", ""buy_8th_pre_bid"": ""-70300"", ""buy_8th_pre_req"": ""94"", ""buy_8th_pre_req_pre"": ""0"", ""buy_9th_pre_bid"": ""-70200"", ""buy_9th_pre_req"": ""22"", ""buy_9th_pre_req_pre"": ""0"", ""buy_10th_pre_bid"": ""-70100"", ""buy_10th_pre_req"": ""23"", ""buy_10th_pre_req_pre"": ""0"", ""tot_sel_req_jub_pre"": ""+24"", ""tot_sel_req"": ""144"", ""tot_buy_req"": ""876"", ""tot_buy_req_jub_pre"": ""--6"", ""ovt_sel_req_pre"": ""0"", ""ovt_sel_req"": ""0"", ""ovt_buy_req"": ""0"", ""ovt_buy_req_pre"": ""0"", ""return_code"": 0, ""return_msg"": ""정상적으로 처리되었습니다""}"
2026-06-10,watchlist,000430,,1,filtered_candidate_recheck,5600,,5600,5580,5600,5620,0.17857142857142858,0.35714285714285715,,,,,,"{""bid_req_base_tm"": ""111349"", ""sel_10th_pre_req_pre"": ""0"", ""sel_10th_pre_req"": ""50"", ""sel_10th_pre_bid"": ""-5690"", ""sel_9th_pre_req_pre"": ""0"", ""sel_9th_pre_req"": ""1006"", ""sel_9th_pre_bid"": ""-5680"", ""sel_8th_pre_req_pre"": ""0"", ""sel_8th_pre_req"": ""168"", ""sel_8th_pre_bid"": ""-5670"", ""sel_7th_pre_req_pre"": ""0"", ""sel_7th_pre_req"": ""124"", ""sel_7th_pre_bid"": ""-5660"", ""sel_6th_pre_req_pre"": ""0"", ""sel_6th_pre_req"": ""14"", ""sel_6th_pre_bid"": ""-5650"", ""sel_5th_pre_req_pre"": ""0"", ""sel_5th_pre_req"": ""1170"", ""sel_5th_pre_bid"": ""-5640"", ""sel_4th_pre_req_pre"": ""0"", ""sel_4th_pre_req"": ""240"", ""sel_4th_pre_bid"": ""-5630"", ""sel_3th_pre_req_pre"": ""0"", ""sel_3th_pre_req"": ""121"", ""sel_3th_pre_bid"": ""-5620"", ""sel_2th_pre_req_pre"": ""0"", ""sel_2th_pre_req"": ""704"", ""sel_2th_pre_bid"": ""-5610"", ""sel_1th_pre_req_pre"": ""0"", ""sel_fpr_req"": ""191"", ""sel_fpr_bid"": ""-5600"", ""buy_fpr_bid"": ""-5580"", ""buy_fpr_req"": ""1830"", ""buy_1th_pre_req_pre"": ""0"", ""buy_2th_pre_bid"": ""-5570"", ""buy_2th_pre_req"": ""1743"", ""buy_2th_pre_req_pre"": ""0"", ""buy_3th_pre_bid"": ""-5560"", ""buy_3th_pre_req"": ""3176"", ""buy_3th_pre_req_pre"": ""0"", ""buy_4th_pre_bid"": ""-5550"", ""buy_4th_pre_req"": ""5977"", ""buy_4th_pre_req_pre"": ""0"", ""buy_5th_pre_bid"": ""-5540"", ""buy_5th_pre_req"": ""234"", ""buy_5th_pre_req_pre"": ""0"", ""buy_6th_pre_bid"": ""-5530"", ""buy_6th_pre_req"": ""6110"", ""buy_6th_pre_req_pre"": ""0"", ""buy_7th_pre_bid"": ""-5520"", ""buy_7th_pre_req"": ""4040"", ""buy_7th_pre_req_pre"": ""0"", ""buy_8th_pre_bid"": ""-5510"", ""buy_8th_pre_req"": ""18882"", ""buy_8th_pre_req_pre"": ""0"", ""buy_9th_pre_bid"": ""-5500"", ""buy_9th_pre_req"": ""23352"", ""buy_9th_pre_req_pre"": ""0"", ""buy_10th_pre_bid"": ""-5490"", ""buy_10th_pre_req"": ""4470"", ""buy_10th_pre_req_pre"": ""0"", ""tot_sel_req_jub_pre"": ""+171"", ""tot_sel_req"": ""3788"", ""tot_buy_req"": ""69814"", ""tot_buy_req_jub_pre"": ""0"", ""ovt_sel_req_pre"": ""0"", ""ovt_sel_req"": ""0"", ""ovt_buy_req"": ""0"", ""ovt_buy_req_pre"": ""0"", ""return_code"": 0, ""return_msg"": ""정상적으로 처리되었습니다""}"
2026-06-10,watchlist,307950,,0,filtered_candidate_recheck,692000,,692000,691000,692000,695000,0.2890173410404624,0.1445086705202312,,,,,,"{""bid_req_base_tm"": ""111349"", ""sel_10th_pre_req_pre"": ""0"", ""sel_10th_pre_req"": ""2"", ""sel_10th_pre_bid"": ""+702000"", ""sel_9th_pre_req_pre"": ""0"", ""sel_9th_pre_req"": ""15"", ""sel_9th_pre_bid"": ""+701000"", ""sel_8th_pre_req_pre"": ""0"", ""sel_8th_pre_req"": ""50"", ""sel_8th_pre_bid"": ""+700000"", ""sel_7th_pre_req_pre"": ""0"", ""sel_7th_pre_req"": ""25"", ""sel_7th_pre_bid"": ""+699000"", ""sel_6th_pre_req_pre"": ""0"", ""sel_6th_pre_req"": ""4"", ""sel_6th_pre_bid"": ""+698000"", ""sel_5th_pre_req_pre"": ""0"", ""sel_5th_pre_req"": ""1"", ""sel_5th_pre_bid"": ""+696000"", ""sel_4th_pre_req_pre"": ""0"", ""sel_4th_pre_req"": ""40"", ""sel_4th_pre_bid"": ""+695000"", ""sel_3th_pre_req_pre"": ""0"", ""sel_3th_pre_req"": ""21"", ""sel_3th_pre_bid"": ""+694000"", ""sel_2th_pre_req_pre"": ""0"", ""sel_2th_pre_req"": ""45"", ""sel_2th_pre_bid"": ""+693000"", ""sel_1th_pre_req_pre"": ""0"", ""sel_fpr_req"": ""46"", ""sel_fpr_bid"": ""+692000"", ""buy_fpr_bid"": ""+691000"", ""buy_fpr_req"": ""173"", ""buy_1th_pre_req_pre"": ""0"", ""buy_2th_pre_bid"": ""+690000"", ""buy_2th_pre_req"": ""59"", ""buy_2th_pre_req_pre"": ""0"", ""buy_3th_pre_bid"": ""+689000"", ""buy_3th_pre_req"": ""218"", ""buy_3th_pre_req_pre"": ""0"", ""buy_4th_pre_bid"": ""+688000"", ""buy_4th_pre_req"": ""304"", ""buy_4th_pre_req_pre"": ""0"", ""buy_5th_pre_bid"": ""687000"", ""buy_5th_pre_req"": ""176"", ""buy_5th_pre_req_pre"": ""0"", ""buy_6th_pre_bid"": ""-686000"", ""buy_6th_pre_req"": ""94"", ""buy_6th_pre_req_pre"": ""+1"", ""buy_7th_pre_bid"": ""-685000"", ""buy_7th_pre_req"": ""149"", ""buy_7th_pre_req_pre"": ""0"", ""buy_8th_pre_bid"": ""-684000"", ""buy_8th_pre_req"": ""147"", ""buy_8th_pre_req_pre"": ""0"", ""buy_9th_pre_bid"": ""-683000"", ""buy_9th_pre_req"": ""189"", ""buy_9th_pre_req_pre"": ""0"", ""buy_10th_pre_bid"": ""-682000"", ""buy_10th_pre_req"": ""76"", ""buy_10th_pre_req_pre"": ""0"", ""tot_sel_req_jub_pre"": ""0"", ""tot_sel_req"": ""249"", ""tot_buy_req"": ""1585"", ""tot_buy_req_jub_pre"": ""+1"", ""ovt_sel_req_pre"": ""0"", ""ovt_sel_req"": ""0"", ""ovt_buy_req"": ""0"", ""ovt_buy_req_pre"": ""0"", ""return_code"": 0, ""return_msg"": ""정상적으로 처리되었습니다""}"
2026-06-10,watchlist,114090,,0,filtered_candidate_recheck,12110,,12110,12070,12110,12050,-0.9083402146985963,0.3303055326176713,,,,,,"{""bid_req_base_tm"": ""111348"", ""sel_10th_pre_req_pre"": ""0"", ""sel_10th_pre_req"": ""667"", ""sel_10th_pre_bid"": ""+12200"", ""sel_9th_pre_req_pre"": ""0"", ""sel_9th_pre_req"": ""359"", ""sel_9th_pre_bid"": ""+12190"", ""sel_8th_pre_req_pre"": ""0"", ""sel_8th_pre_req"": ""321"", ""sel_8th_pre_bid"": ""+12180"", ""sel_7th_pre_req_pre"": ""0"", ""sel_7th_pre_req"": ""32"", ""sel_7th_pre_bid"": ""+12170"", ""sel_6th_pre_req_pre"": ""0"", ""sel_6th_pre_req"": ""10"", ""sel_6th_pre_bid"": ""+12160"", ""sel_5th_pre_req_pre"": ""0"", ""sel_5th_pre_req"": ""1135"", ""sel_5th_pre_bid"": ""+12150"", ""sel_4th_pre_req_pre"": ""0"", ""sel_4th_pre_req"": ""142"", ""sel_4th_pre_bid"": ""+12140"", ""sel_3th_pre_req_pre"": ""+12"", ""sel_3th_pre_req"": ""420"", ""sel_3th_pre_bid"": ""+12130"", ""sel_2th_pre_req_pre"": ""0"", ""sel_2th_pre_req"": ""6"", ""sel_2th_pre_bid"": ""+12120"", ""sel_1th_pre_req_pre"": ""0"", ""sel_fpr_req"": ""128"", ""sel_fpr_bid"": ""+12110"", ""buy_fpr_bid"": ""+12070"", ""buy_fpr_req"": ""793"", ""buy_1th_pre_req_pre"": ""0"", ""buy_2th_pre_bid"": ""+12060"", ""buy_2th_pre_req"": ""195"", ""buy_2th_pre_req_pre"": ""0"", ""buy_3th_pre_bid"": ""+12040"", ""buy_3th_pre_req"": ""63"", ""buy_3th_pre_req_pre"": ""0"", ""buy_4th_pre_bid"": ""+12020"", ""buy_4th_pre_req"": ""70"", ""buy_4th_pre_req_pre"": ""0"", ""buy_5th_pre_bid"": ""+12010"", ""buy_5th_pre_req"": ""5"", ""buy_5th_pre_req_pre"": ""0"", ""buy_6th_pre_bid"": ""+12000"", ""buy_6th_pre_req"": ""772"", ""buy_6th_pre_req_pre"": ""0"", ""buy_7th_pre_bid"": ""+11990"", ""buy_7th_pre_req"": ""100"", ""buy_7th_pre_req_pre"": ""0"", ""buy_8th_pre_bid"": ""+11980"", ""buy_8th_pre_req"": ""189"", ""buy_8th_pre_req_pre"": ""0"", ""buy_9th_pre_bid"": ""+11970"", ""buy_9th_pre_req"": ""56"", ""buy_9th_pre_req_pre"": ""0"", ""buy_10th_pre_bid"": ""+11960"", ""buy_10th_pre_req"": ""56"", ""buy_10th_pre_req_pre"": ""0"", ""tot_sel_req_jub_pre"": ""+12"", ""tot_sel_req"": ""3220"", ""tot_buy_req"": ""2299"", ""tot_buy_req_jub_pre"": ""0"", ""ovt_sel_req_pre"": ""0"", ""ovt_sel_req"": ""0"", ""ovt_buy_req"": ""0"", ""ovt_buy_req_pre"": ""0"", ""return_code"": 0, ""return_msg"": ""정상적으로 처리되었습니다""}"
2026-06-10,watchlist,281820,,1,filtered_candidate_recheck,66900,,66900,66700,66900,67100,0.14947683109118087,0.29895366218236175,,,,,,"{""bid_req_base_tm"": ""111346"", ""sel_10th_pre_req_pre"": ""0"", ""sel_10th_pre_req"": ""10"", ""sel_10th_pre_bid"": ""+67800"", ""sel_9th_pre_req_pre"": ""0"", ""sel_9th_pre_req"": ""1"", ""sel_9th_pre_bid"": ""+67700"", ""sel_8th_pre_req_pre"": ""0"", ""sel_8th_pre_req"": ""8"", ""sel_8th_pre_bid"": ""+67600"", ""sel_7th_pre_req_pre"": ""0"", ""sel_7th_pre_req"": ""141"", ""sel_7th_pre_bid"": ""+67500"", ""sel_6th_pre_req_pre"": ""0"", ""sel_6th_pre_req"": ""50"", ""sel_6th_pre_bid"": ""+67400"", ""sel_5th_pre_req_pre"": ""0"", ""sel_5th_pre_req"": ""16"", ""sel_5th_pre_bid"": ""+67300"", ""sel_4th_pre_req_pre"": ""0"", ""sel_4th_pre_req"": ""48"", ""sel_4th_pre_bid"": ""+67200"", ""sel_3th_pre_req_pre"": ""0"", ""sel_3th_pre_req"": ""39"", ""sel_3th_pre_bid"": ""+67100"", ""sel_2th_pre_req_pre"": ""0"", ""sel_2th_pre_req"": ""32"", ""sel_2th_pre_bid"": ""+67000"", ""sel_1th_pre_req_pre"": ""0"", ""sel_fpr_req"": ""2"", ""sel_fpr_bid"": ""+66900"", ""buy_fpr_bid"": ""+66700"", ""buy_fpr_req"": ""11"", ""buy_1th_pre_req_pre"": ""+8"", ""buy_2th_pre_bid"": ""+66600"", ""buy_2th_pre_req"": ""46"", ""buy_2th_pre_req_pre"": ""0"", ""buy_3th_pre_bid"": ""+66500"", ""buy_3th_pre_req"": ""465"", ""buy_3th_pre_req_pre"": ""0"", ""buy_4th_pre_bid"": ""66400"", ""buy_4th_pre_req"": ""103"", ""buy_4th_pre_req_pre"": ""0"", ""buy_5th_pre_bid"": ""-66300"", ""buy_5th_pre_req"": ""9"", ""buy_5th_pre_req_pre"": ""0"", ""buy_6th_pre_bid"": ""-66200"", ""buy_6th_pre_req"": ""138"", ""buy_6th_pre_req_pre"": ""0"", ""buy_7th_pre_bid"": ""-66100"", ""buy_7th_pre_req"": ""35"", ""buy_7th_pre_req_pre"": ""0"", ""buy_8th_pre_bid"": ""-66000"", ""buy_8th_pre_req"": ""149"", ""buy_8th_pre_req_pre"": ""0"", ""buy_9th_pre_bid"": ""-65900"", ""buy_9th_pre_req"": ""1"", ""buy_9th_pre_req_pre"": ""0"", ""buy_10th_pre_bid"": ""-65800"", ""buy_10th_pre_req"": ""155"", ""buy_10th_pre_req_pre"": ""0"", ""tot_sel_req_jub_pre"": ""0"", ""tot_sel_req"": ""347"", ""tot_buy_req"": ""1112"", ""tot_buy_req_jub_pre"": ""+8"", ""ovt_sel_req_pre"": ""0"", ""ovt_sel_req"": ""0"", ""ovt_buy_req"": ""0"", ""ovt_buy_req_pre"": ""0"", ""return_code"": 0, ""return_msg"": ""정상적으로 처리되었습니다""}"
2026-06-10,watchlist,489790,,0,filtered_candidate_recheck,67300,,67300,67200,67300,67600,0.2971768202080238,0.1485884101040119,,,,,,"{""bid_req_base_tm"": ""111350"", ""sel_10th_pre_req_pre"": ""0"", ""sel_10th_pre_req"": ""4"", ""sel_10th_pre_bid"": ""+68200"", ""sel_9th_pre_req_pre"": ""0"", ""sel_9th_pre_req"": ""50"", ""sel_9th_pre_bid"": ""+68100"", ""sel_8th_pre_req_pre"": ""0"", ""sel_8th_pre_req"": ""21"", ""sel_8th_pre_bid"": ""+68000"", ""sel_7th_pre_req_pre"": ""0"", ""sel_7th_pre_req"": ""38"", ""sel_7th_pre_bid"": ""+67900"", ""sel_6th_pre_req_pre"": ""0"", ""sel_6th_pre_req"": ""351"", ""sel_6th_pre_bid"": ""+67800"", ""sel_5th_pre_req_pre"": ""0"", ""sel_5th_pre_req"": ""49"", ""sel_5th_pre_bid"": ""+67700"", ""sel_4th_pre_req_pre"": ""0"", ""sel_4th_pre_req"": ""8"", ""sel_4th_pre_bid"": ""+67600"", ""sel_3th_pre_req_pre"": ""0"", ""sel_3th_pre_req"": ""17"", ""sel_3th_pre_bid"": ""+67500"", ""sel_2th_pre_req_pre"": ""0"", ""sel_2th_pre_req"": ""70"", ""sel_2th_pre_bid"": ""+67400"", ""sel_1th_pre_req_pre"": ""0"", ""sel_fpr_req"": ""59"", ""sel_fpr_bid"": ""+67300"", ""buy_fpr_bid"": ""+67200"", ""buy_fpr_req"": ""4"", ""buy_1th_pre_req_pre"": ""0"", ""buy_2th_pre_bid"": ""+67100"", ""buy_2th_pre_req"": ""565"", ""buy_2th_pre_req_pre"": ""0"", ""buy_3th_pre_bid"": ""+67000"", ""buy_3th_pre_req"": ""530"", ""buy_3th_pre_req_pre"": ""0"", ""buy_4th_pre_bid"": ""+66900"", ""buy_4th_pre_req"": ""320"", ""buy_4th_pre_req_pre"": ""0"", ""buy_5th_pre_bid"": ""+66800"", ""buy_5th_pre_req"": ""25"", ""buy_5th_pre_req_pre"": ""0"", ""buy_6th_pre_bid"": ""+66700"", ""buy_6th_pre_req"": ""90"", ""buy_6th_pre_req_pre"": ""0"", ""buy_7th_pre_bid"": ""+66600"", ""buy_7th_pre_req"": ""140"", ""buy_7th_pre_req_pre"": ""0"", ""buy_8th_pre_bid"": ""66500"", ""buy_8th_pre_req"": ""735"", ""buy_8th_pre_req_pre"": ""+30"", ""buy_9th_pre_bid"": ""-66400"", ""buy_9th_pre_req"": ""51"", ""buy_9th_pre_req_pre"": ""0"", ""buy_10th_pre_bid"": ""-66300"", ""buy_10th_pre_req"": ""97"", ""buy_10th_pre_req_pre"": ""0"", ""tot_sel_req_jub_pre"": ""0"", ""tot_sel_req"": ""667"", ""tot_buy_req"": ""2557"", ""tot_buy_req_jub_pre"": ""+30"", ""ovt_sel_req_pre"": ""0"", ""ovt_sel_req"": ""0"", ""ovt_buy_req"": ""0"", ""ovt_buy_req_pre"": ""0"", ""return_code"": 0, ""return_msg"": ""정상적으로 처리되었습니다""}"
2026-06-10,watchlist,092200,,0,filtered_candidate_recheck,9460,,9460,9430,9460,9490,0.21141649048625794,0.3171247357293869,,,,,,"{""bid_req_base_tm"": ""111350"", ""sel_10th_pre_req_pre"": ""0"", ""sel_10th_pre_req"": ""5"", ""sel_10th_pre_bid"": ""-9570"", ""sel_9th_pre_req_pre"": ""0"", ""sel_9th_pre_req"": ""19"", ""sel_9th_pre_bid"": ""-9560"", ""sel_8th_pre_req_pre"": ""0"", ""sel_8th_pre_req"": ""317"", ""sel_8th_pre_bid"": ""-9550"", ""sel_7th_pre_req_pre"": ""0"", ""sel_7th_pre_req"": ""2"", ""sel_7th_pre_bid"": ""-9540"", ""sel_6th_pre_req_pre"": ""0"", ""sel_6th_pre_req"": ""93"", ""sel_6th_pre_bid"": ""-9530"", ""sel_5th_pre_req_pre"": ""0"", ""sel_5th_pre_req"": ""601"", ""sel_5th_pre_bid"": ""-9520"", ""sel_4th_pre_req_pre"": ""0"", ""sel_4th_pre_req"": ""784"", ""sel_4th_pre_bid"": ""-9500"", ""sel_3th_pre_req_pre"": ""0"", ""sel_3th_pre_req"": ""73"", ""sel_3th_pre_bid"": ""-9480"", ""sel_2th_pre_req_pre"": ""0"", ""sel_2th_pre_req"": ""695"", ""sel_2th_pre_bid"": ""-9470"", ""sel_1th_pre_req_pre"": ""0"", ""sel_fpr_req"": ""492"", ""sel_fpr_bid"": ""-9460"", ""buy_fpr_bid"": ""-9430"", ""buy_fpr_req"": ""382"", ""buy_1th_pre_req_pre"": ""+10"", ""buy_2th_pre_bid"": ""-9420"", ""buy_2th_pre_req"": ""255"", ""buy_2th_pre_req_pre"": ""0"", ""buy_3th_pre_bid"": ""-9410"", ""buy_3th_pre_req"": ""2525"", ""buy_3th_pre_req_pre"": ""0"", ""buy_4th_pre_bid"": ""-9400"", ""buy_4th_pre_req"": ""2722"", ""buy_4th_pre_req_pre"": ""0"", ""buy_5th_pre_bid"": ""-9390"", ""buy_5th_pre_req"": ""2347"", ""buy_5th_pre_req_pre"": ""0"", ""buy_6th_pre_bid"": ""-9380"", ""buy_6th_pre_req"": ""3464"", ""buy_6th_pre_req_pre"": ""0"", ""buy_7th_pre_bid"": ""-9370"", ""buy_7th_pre_req"": ""1361"", ""buy_7th_pre_req_pre"": ""0"", ""buy_8th_pre_bid"": ""-9360"", ""buy_8th_pre_req"": ""53"", ""buy_8th_pre_req_pre"": ""0"", ""buy_9th_pre_bid"": ""-9350"", ""buy_9th_pre_req"": ""217"", ""buy_9th_pre_req_pre"": ""0"", ""buy_10th_pre_bid"": ""-9340"", ""buy_10th_pre_req"": ""903"", ""buy_10th_pre_req_pre"": ""0"", ""tot_sel_req_jub_pre"": ""0"", ""tot_sel_req"": ""3081"", ""tot_buy_req"": ""14229"", ""tot_buy_req_jub_pre"": ""+10"", ""ovt_sel_req_pre"": ""0"", ""ovt_sel_req"": ""0"", ""ovt_buy_req"": ""0"", ""ovt_buy_req_pre"": ""0"", ""return_code"": 0, ""return_msg"": ""정상적으로 처리되었습니다""}"
2026-06-10,watchlist,175330,,0,filtered_candidate_recheck,25500,,25500,25450,25500,25550,0.0,0.19607843137254902,,,,,,"{""bid_req_base_tm"": ""111342"", ""sel_10th_pre_req_pre"": ""0"", ""sel_10th_pre_req"": ""142"", ""sel_10th_pre_bid"": ""+25950"", ""sel_9th_pre_req_pre"": ""0"", ""sel_9th_pre_req"": ""562"", ""sel_9th_pre_bid"": ""25900"", ""sel_8th_pre_req_pre"": ""0"", ""sel_8th_pre_req"": ""469"", ""sel_8th_pre_bid"": ""-25850"", ""sel_7th_pre_req_pre"": ""0"", ""sel_7th_pre_req"": ""522"", ""sel_7th_pre_bid"": ""-25800"", ""sel_6th_pre_req_pre"": ""0"", ""sel_6th_pre_req"": ""89"", ""sel_6th_pre_bid"": ""-25750"", ""sel_5th_pre_req_pre"": ""0"", ""sel_5th_pre_req"": ""104"", ""sel_5th_pre_bid"": ""-25700"", ""sel_4th_pre_req_pre"": ""0"", ""sel_4th_pre_req"": ""313"", ""sel_4th_pre_bid"": ""-25650"", ""sel_3th_pre_req_pre"": ""0"", ""sel_3th_pre_req"": ""513"", ""sel_3th_pre_bid"": ""-25600"", ""sel_2th_pre_req_pre"": ""0"", ""sel_2th_pre_req"": ""1498"", ""sel_2th_pre_bid"": ""-25550"", ""sel_1th_pre_req_pre"": ""0"", ""sel_fpr_req"": ""185"", ""sel_fpr_bid"": ""-25500"", ""buy_fpr_bid"": ""-25450"", ""buy_fpr_req"": ""1394"", ""buy_1th_pre_req_pre"": ""--5"", ""buy_2th_pre_bid"": ""-25400"", ""buy_2th_pre_req"": ""664"", ""buy_2th_pre_req_pre"": ""0"", ""buy_3th_pre_bid"": ""-25350"", ""buy_3th_pre_req"": ""436"", ""buy_3th_pre_req_pre"": ""0"", ""buy_4th_pre_bid"": ""-25300"", ""buy_4th_pre_req"": ""550"", ""buy_4th_pre_req_pre"": ""0"", ""buy_5th_pre_bid"": ""-25250"", ""buy_5th_pre_req"": ""505"", ""buy_5th_pre_req_pre"": ""0"", ""buy_6th_pre_bid"": ""-25200"", ""buy_6th_pre_req"": ""268"", ""buy_6th_pre_req_pre"": ""0"", ""buy_7th_pre_bid"": ""-25150"", ""buy_7th_pre_req"": ""768"", ""buy_7th_pre_req_pre"": ""0"", ""buy_8th_pre_bid"": ""-25100"", ""buy_8th_pre_req"": ""489"", ""buy_8th_pre_req_pre"": ""0"", ""buy_9th_pre_bid"": ""-25050"", ""buy_9th_pre_req"": ""597"", ""buy_9th_pre_req_pre"": ""0"", ""buy_10th_pre_bid"": ""-25000"", ""buy_10th_pre_req"": ""706"", ""buy_10th_pre_req_pre"": ""0"", ""tot_sel_req_jub_pre"": ""0"", ""tot_sel_req"": ""4397"", ""tot_buy_req"": ""6377"", ""tot_buy_req_jub_pre"": ""--5"", ""ovt_sel_req_pre"": ""0"", ""ovt_sel_req"": ""0"", ""ovt_buy_req"": ""0"", ""ovt_buy_req_pre"": ""0"", ""return_code"": 0, ""return_msg"": ""정상적으로 처리되었습니다""}"
2026-06-10,watchlist,069960,,0,filtered_candidate_recheck,174000,,174000,173800,174000,174500,0.0,0.11494252873563218,,,,,,"{""bid_req_base_tm"": ""111350"", ""sel_10th_pre_req_pre"": ""0"", ""sel_10th_pre_req"": ""16"", ""sel_10th_pre_bid"": ""+176000"", ""sel_9th_pre_req_pre"": ""0"", ""sel_9th_pre_req"": ""23"", ""sel_9th_pre_bid"": ""+175500"", ""sel_8th_pre_req_pre"": ""0"", ""sel_8th_pre_req"": ""2"", ""sel_8th_pre_bid"": ""+175400"", ""sel_7th_pre_req_pre"": ""0"", ""sel_7th_pre_req"": ""2"", ""sel_7th_pre_bid"": ""+175100"", ""sel_6th_pre_req_pre"": ""0"", ""sel_6th_pre_req"": ""11"", ""sel_6th_pre_bid"": ""+175000"", ""sel_5th_pre_req_pre"": ""0"", ""sel_5th_pre_req"": ""2"", ""sel_5th_pre_bid"": ""+174800"", ""sel_4th_pre_req_pre"": ""0"", ""sel_4th_pre_req"": ""44"", ""sel_4th_pre_bid"": ""+174300"", ""sel_3th_pre_req_pre"": ""0"", ""sel_3th_pre_req"": ""31"", ""sel_3th_pre_bid"": ""+174200"", ""sel_2th_pre_req_pre"": ""0"", ""sel_2th_pre_req"": ""7"", ""sel_2th_pre_bid"": ""+174100"", ""sel_1th_pre_req_pre"": ""0"", ""sel_fpr_req"": ""11"", ""sel_fpr_bid"": ""+174000"", ""buy_fpr_bid"": ""+173800"", ""buy_fpr_req"": ""18"", ""buy_1th_pre_req_pre"": ""+8"", ""buy_2th_pre_bid"": ""+173700"", ""buy_2th_pre_req"": ""96"", ""buy_2th_pre_req_pre"": ""0"", ""buy_3th_pre_bid"": ""+173600"", ""buy_3th_pre_req"": ""53"", ""buy_3th_pre_req_pre"": ""0"", ""buy_4th_pre_bid"": ""+173500"", ""buy_4th_pre_req"": ""5"", ""buy_4th_pre_req_pre"": ""0"", ""buy_5th_pre_bid"": ""+173400"", ""buy_5th_pre_req"": ""11"", ""buy_5th_pre_req_pre"": ""0"", ""buy_6th_pre_bid"": ""+173200"", ""buy_6th_pre_req"": ""64"", ""buy_6th_pre_req_pre"": ""0"", ""buy_7th_pre_bid"": ""+173100"", ""buy_7th_pre_req"": ""18"", ""buy_7th_pre_req_pre"": ""0"", ""buy_8th_pre_bid"": ""+173000"", ""buy_8th_pre_req"": ""14"", ""buy_8th_pre_req_pre"": ""0"", ""buy_9th_pre_bid"": ""+172800"", ""buy_9th_pre_req"": ""10"", ""buy_9th_pre_req_pre"": ""0"", ""buy_10th_pre_bid"": ""+172500"", ""buy_10th_pre_req"": ""2"", ""buy_10th_pre_req_pre"": ""0"", ""tot_sel_req_jub_pre"": ""0"", ""tot_sel_req"": ""149"", ""tot_buy_req"": ""291"", ""tot_buy_req_jub_pre"": ""+8"", ""ovt_sel_req_pre"": ""0"", ""ovt_sel_req"": ""0"", ""ovt_buy_req"": ""0"", ""ovt_buy_req_pre"": ""0"", ""return_code"": 0, ""return_msg"": ""정상적으로 처리되었습니다""}"
2026-06-10,watchlist,001450,,0,filtered_candidate_recheck,37750,,37750,37700,37750,37700,-0.26490066225165565,0.13245033112582782,,,,,,"{""bid_req_base_tm"": ""111348"", ""sel_10th_pre_req_pre"": ""0"", ""sel_10th_pre_req"": ""150"", ""sel_10th_pre_bid"": ""+38200"", ""sel_9th_pre_req_pre"": ""0"", ""sel_9th_pre_req"": ""36"", ""sel_9th_pre_bid"": ""+38150"", ""sel_8th_pre_req_pre"": ""0"", ""sel_8th_pre_req"": ""536"", ""sel_8th_pre_bid"": ""+38100"", ""sel_7th_pre_req_pre"": ""0"", ""sel_7th_pre_req"": ""163"", ""sel_7th_pre_bid"": ""+38050"", ""sel_6th_pre_req_pre"": ""0"", ""sel_6th_pre_req"": ""515"", ""sel_6th_pre_bid"": ""+38000"", ""sel_5th_pre_req_pre"": ""0"", ""sel_5th_pre_req"": ""33"", ""sel_5th_pre_bid"": ""+37950"", ""sel_4th_pre_req_pre"": ""0"", ""sel_4th_pre_req"": ""102"", ""sel_4th_pre_bid"": ""+37900"", ""sel_3th_pre_req_pre"": ""0"", ""sel_3th_pre_req"": ""546"", ""sel_3th_pre_bid"": ""+37850"", ""sel_2th_pre_req_pre"": ""0"", ""sel_2th_pre_req"": ""324"", ""sel_2th_pre_bid"": ""+37800"", ""sel_1th_pre_req_pre"": ""0"", ""sel_fpr_req"": ""616"", ""sel_fpr_bid"": ""+37750"", ""buy_fpr_bid"": ""+37700"", ""buy_fpr_req"": ""164"", ""buy_1th_pre_req_pre"": ""0"", ""buy_2th_pre_bid"": ""+37650"", ""buy_2th_pre_req"": ""406"", ""buy_2th_pre_req_pre"": ""0"", ""buy_3th_pre_bid"": ""+37600"", ""buy_3th_pre_req"": ""224"", ""buy_3th_pre_req_pre"": ""0"", ""buy_4th_pre_bid"": ""+37550"", ""buy_4th_pre_req"": ""133"", ""buy_4th_pre_req_pre"": ""0"", ""buy_5th_pre_bid"": ""+37500"", ""buy_5th_pre_req"": ""692"", ""buy_5th_pre_req_pre"": ""--2"", ""buy_6th_pre_bid"": ""+37450"", ""buy_6th_pre_req"": ""381"", ""buy_6th_pre_req_pre"": ""0"", ""buy_7th_pre_bid"": ""+37400"", ""buy_7th_pre_req"": ""193"", ""buy_7th_pre_req_pre"": ""0"", ""buy_8th_pre_bid"": ""+37350"", ""buy_8th_pre_req"": ""132"", ""buy_8th_pre_req_pre"": ""0"", ""buy_9th_pre_bid"": ""+37300"", ""buy_9th_pre_req"": ""442"", ""buy_9th_pre_req_pre"": ""0"", ""buy_10th_pre_bid"": ""+37250"", ""buy_10th_pre_req"": ""204"", ""buy_10th_pre_req_pre"": ""0"", ""tot_sel_req_jub_pre"": ""0"", ""tot_sel_req"": ""3021"", ""tot_buy_req"": ""2971"", ""tot_buy_req_jub_pre"": ""--2"", ""ovt_sel_req_pre"": ""0"", ""ovt_sel_req"": ""0"", ""ovt_buy_req"": ""0"", ""ovt_buy_req_pre"": ""0"", ""return_code"": 0, ""return_msg"": ""정상적으로 처리되었습니다""}"
2026-06-10,watchlist,011070,,0,filtered_candidate_recheck,1123000,,1123000,1122000,1123000,1126000,0.17809439002671415,0.08904719501335707,,,,,,"{""bid_req_base_tm"": ""111351"", ""sel_10th_pre_req_pre"": ""0"", ""sel_10th_pre_req"": ""46"", ""sel_10th_pre_bid"": ""-1132000"", ""sel_9th_pre_req_pre"": ""0"", ""sel_9th_pre_req"": ""7"", ""sel_9th_pre_bid"": ""-1131000"", ""sel_8th_pre_req_pre"": ""0"", ""sel_8th_pre_req"": ""94"", ""sel_8th_pre_bid"": ""-1130000"", ""sel_7th_pre_req_pre"": ""0"", ""sel_7th_pre_req"": ""8"", ""sel_7th_pre_bid"": ""-1129000"", ""sel_6th_pre_req_pre"": ""0"", ""sel_6th_pre_req"": ""12"", ""sel_6th_pre_bid"": ""-1128000"", ""sel_5th_pre_req_pre"": ""0"", ""sel_5th_pre_req"": ""29"", ""sel_5th_pre_bid"": ""-1127000"", ""sel_4th_pre_req_pre"": ""0"", ""sel_4th_pre_req"": ""1"", ""sel_4th_pre_bid"": ""-1126000"", ""sel_3th_pre_req_pre"": ""0"", ""sel_3th_pre_req"": ""16"", ""sel_3th_pre_bid"": ""-1125000"", ""sel_2th_pre_req_pre"": ""0"", ""sel_2th_pre_req"": ""5"", ""sel_2th_pre_bid"": ""-1124000"", ""sel_1th_pre_req_pre"": ""0"", ""sel_fpr_req"": ""19"", ""sel_fpr_bid"": ""-1123000"", ""buy_fpr_bid"": ""-1122000"", ""buy_fpr_req"": ""49"", ""buy_1th_pre_req_pre"": ""0"", ""buy_2th_pre_bid"": ""-1121000"", ""buy_2th_pre_req"": ""99"", ""buy_2th_pre_req_pre"": ""0"", ""buy_3th_pre_bid"": ""-1120000"", ""buy_3th_pre_req"": ""502"", ""buy_3th_pre_req_pre"": ""0"", ""buy_4th_pre_bid"": ""-1119000"", ""buy_4th_pre_req"": ""74"", ""buy_4th_pre_req_pre"": ""0"", ""buy_5th_pre_bid"": ""-1118000"", ""buy_5th_pre_req"": ""113"", ""buy_5th_pre_req_pre"": ""0"", ""buy_6th_pre_bid"": ""-1117000"", ""buy_6th_pre_req"": ""34"", ""buy_6th_pre_req_pre"": ""+5"", ""buy_7th_pre_bid"": ""-1116000"", ""buy_7th_pre_req"": ""9"", ""buy_7th_pre_req_pre"": ""0"", ""buy_8th_pre_bid"": ""-1115000"", ""buy_8th_pre_req"": ""13"", ""buy_8th_pre_req_pre"": ""0"", ""buy_9th_pre_bid"": ""-1114000"", ""buy_9th_pre_req"": ""52"", ""buy_9th_pre_req_pre"": ""0"", ""buy_10th_pre_bid"": ""-1113000"", ""buy_10th_pre_req"": ""63"", ""buy_10th_pre_req_pre"": ""0"", ""tot_sel_req_jub_pre"": ""0"", ""tot_sel_req"": ""237"", ""tot_buy_req"": ""1008"", ""tot_buy_req_jub_pre"": ""+5"", ""ovt_sel_req_pre"": ""0"", ""ovt_sel_req"": ""0"", ""ovt_buy_req"": ""0"", ""ovt_buy_req_pre"": ""0"", ""return_code"": 0, ""return_msg"": ""정상적으로 처리되었습니다""}"
2026-06-10,watchlist,088350,,0,filtered_candidate_recheck,4845,,4845,4840,4845,4860,0.20639834881320948,0.10319917440660474,,,,,,"{""bid_req_base_tm"": ""111351"", ""sel_10th_pre_req_pre"": ""0"", ""sel_10th_pre_req"": ""202"", ""sel_10th_pre_bid"": ""-4890"", ""sel_9th_pre_req_pre"": ""0"", ""sel_9th_pre_req"": ""2347"", ""sel_9th_pre_bid"": ""-4885"", ""sel_8th_pre_req_pre"": ""0"", ""sel_8th_pre_req"": ""203"", ""sel_8th_pre_bid"": ""-4880"", ""sel_7th_pre_req_pre"": ""0"", ""sel_7th_pre_req"": ""574"", ""sel_7th_pre_bid"": ""-4875"", ""sel_6th_pre_req_pre"": ""0"", ""sel_6th_pre_req"": ""8"", ""sel_6th_pre_bid"": ""-4870"", ""sel_5th_pre_req_pre"": ""0"", ""sel_5th_pre_req"": ""1868"", ""sel_5th_pre_bid"": ""-4865"", ""sel_4th_pre_req_pre"": ""0"", ""sel_4th_pre_req"": ""1657"", ""sel_4th_pre_bid"": ""-4860"", ""sel_3th_pre_req_pre"": ""0"", ""sel_3th_pre_req"": ""1690"", ""sel_3th_pre_bid"": ""-4855"", ""sel_2th_pre_req_pre"": ""0"", ""sel_2th_pre_req"": ""30"", ""sel_2th_pre_bid"": ""-4850"", ""sel_1th_pre_req_pre"": ""0"", ""sel_fpr_req"": ""815"", ""sel_fpr_bid"": ""-4845"", ""buy_fpr_bid"": ""-4840"", ""buy_fpr_req"": ""1439"", ""buy_1th_pre_req_pre"": ""--3818"", ""buy_2th_pre_bid"": ""-4835"", ""buy_2th_pre_req"": ""8201"", ""buy_2th_pre_req_pre"": ""0"", ""buy_3th_pre_bid"": ""-4830"", ""buy_3th_pre_req"": ""1215"", ""buy_3th_pre_req_pre"": ""0"", ""buy_4th_pre_bid"": ""-4825"", ""buy_4th_pre_req"": ""10968"", ""buy_4th_pre_req_pre"": ""0"", ""buy_5th_pre_bid"": ""-4820"", ""buy_5th_pre_req"": ""24916"", ""buy_5th_pre_req_pre"": ""0"", ""buy_6th_pre_bid"": ""-4815"", ""buy_6th_pre_req"": ""22303"", ""buy_6th_pre_req_pre"": ""0"", ""buy_7th_pre_bid"": ""-4810"", ""buy_7th_pre_req"": ""8401"", ""buy_7th_pre_req_pre"": ""0"", ""buy_8th_pre_bid"": ""-4805"", ""buy_8th_pre_req"": ""10546"", ""buy_8th_pre_req_pre"": ""0"", ""buy_9th_pre_bid"": ""-4800"", ""buy_9th_pre_req"": ""18331"", ""buy_9th_pre_req_pre"": ""0"", ""buy_10th_pre_bid"": ""-4795"", ""buy_10th_pre_req"": ""9713"", ""buy_10th_pre_req_pre"": ""0"", ""tot_sel_req_jub_pre"": ""0"", ""tot_sel_req"": ""9394"", ""tot_buy_req"": ""116033"", ""tot_buy_req_jub_pre"": ""--3818"", ""ovt_sel_req_pre"": ""0"", ""ovt_sel_req"": ""0"", ""ovt_buy_req"": ""0"", ""ovt_buy_req_pre"": ""0"", ""return_code"": 0, ""return_msg"": ""정상적으로 처리되었습니다""}"
2026-06-10,watchlist,195870,,0,filtered_candidate_recheck,75900,,75900,75400,75900,76000,0.0,0.6587615283267457,,,,,,"{""bid_req_base_tm"": ""111350"", ""sel_10th_pre_req_pre"": ""0"", ""sel_10th_pre_req"": ""1"", ""sel_10th_pre_bid"": ""+77300"", ""sel_9th_pre_req_pre"": ""0"", ""sel_9th_pre_req"": ""16"", ""sel_9th_pre_bid"": ""+77200"", ""sel_8th_pre_req_pre"": ""0"", ""sel_8th_pre_req"": ""300"", ""sel_8th_pre_bid"": ""+77100"", ""sel_7th_pre_req_pre"": ""0"", ""sel_7th_pre_req"": ""40"", ""sel_7th_pre_bid"": ""+76900"", ""sel_6th_pre_req_pre"": ""0"", ""sel_6th_pre_req"": ""11"", ""sel_6th_pre_bid"": ""+76800"", ""sel_5th_pre_req_pre"": ""0"", ""sel_5th_pre_req"": ""12"", ""sel_5th_pre_bid"": ""+76600"", ""sel_4th_pre_req_pre"": ""0"", ""sel_4th_pre_req"": ""24"", ""sel_4th_pre_bid"": ""+76500"", ""sel_3th_pre_req_pre"": ""0"", ""sel_3th_pre_req"": ""1"", ""sel_3th_pre_bid"": ""+76100"", ""sel_2th_pre_req_pre"": ""+1"", ""sel_2th_pre_req"": ""40"", ""sel_2th_pre_bid"": ""+76000"", ""sel_1th_pre_req_pre"": ""+7"", ""sel_fpr_req"": ""48"", ""sel_fpr_bid"": ""+75900"", ""buy_fpr_bid"": ""+75400"", ""buy_fpr_req"": ""36"", ""buy_1th_pre_req_pre"": ""0"", ""buy_2th_pre_bid"": ""+75300"", ""buy_2th_pre_req"": ""33"", ""buy_2th_pre_req_pre"": ""0"", ""buy_3th_pre_bid"": ""+75200"", ""buy_3th_pre_req"": ""75"", ""buy_3th_pre_req_pre"": ""0"", ""buy_4th_pre_bid"": ""+75100"", ""buy_4th_pre_req"": ""96"", ""buy_4th_pre_req_pre"": ""0"", ""buy_5th_pre_bid"": ""+75000"", ""buy_5th_pre_req"": ""69"", ""buy_5th_pre_req_pre"": ""0"", ""buy_6th_pre_bid"": ""+74900"", ""buy_6th_pre_req"": ""49"", ""buy_6th_pre_req_pre"": ""0"", ""buy_7th_pre_bid"": ""+74800"", ""buy_7th_pre_req"": ""76"", ""buy_7th_pre_req_pre"": ""0"", ""buy_8th_pre_bid"": ""+74700"", ""buy_8th_pre_req"": ""101"", ""buy_8th_pre_req_pre"": ""0"", ""buy_9th_pre_bid"": ""+74600"", ""buy_9th_pre_req"": ""23"", ""buy_9th_pre_req_pre"": ""0"", ""buy_10th_pre_bid"": ""+74500"", ""buy_10th_pre_req"": ""40"", ""buy_10th_pre_req_pre"": ""0"", ""tot_sel_req_jub_pre"": ""+8"", ""tot_sel_req"": ""493"", ""tot_buy_req"": ""598"", ""tot_buy_req_jub_pre"": ""0"", ""ovt_sel_req_pre"": ""0"", ""ovt_sel_req"": ""0"", ""ovt_buy_req"": ""0"", ""ovt_buy_req_pre"": ""0"", ""return_code"": 0, ""return_msg"": ""정상적으로 처리되었습니다""}"
2026-06-10,watchlist,042700,,0,filtered_candidate_recheck,280000,,280000,279500,280000,281000,0.17857142857142858,0.17857142857142858,,,,,,"{""bid_req_base_tm"": ""111352"", ""sel_10th_pre_req_pre"": ""--2"", ""sel_10th_pre_req"": ""199"", ""sel_10th_pre_bid"": ""+284500"", ""sel_9th_pre_req_pre"": ""+2"", ""sel_9th_pre_req"": ""150"", ""sel_9th_pre_bid"": ""+284000"", ""sel_8th_pre_req_pre"": ""0"", ""sel_8th_pre_req"": ""103"", ""sel_8th_pre_bid"": ""+283500"", ""sel_7th_pre_req_pre"": ""0"", ""sel_7th_pre_req"": ""347"", ""sel_7th_pre_bid"": ""+283000"", ""sel_6th_pre_req_pre"": ""0"", ""sel_6th_pre_req"": ""90"", ""sel_6th_pre_bid"": ""+282500"", ""sel_5th_pre_req_pre"": ""0"", ""sel_5th_pre_req"": ""126"", ""sel_5th_pre_bid"": ""+282000"", ""sel_4th_pre_req_pre"": ""0"", ""sel_4th_pre_req"": ""35"", ""sel_4th_pre_bid"": ""+281500"", ""sel_3th_pre_req_pre"": ""0"", ""sel_3th_pre_req"": ""295"", ""sel_3th_pre_bid"": ""+281000"", ""sel_2th_pre_req_pre"": ""0"", ""sel_2th_pre_req"": ""553"", ""sel_2th_pre_bid"": ""+280500"", ""sel_1th_pre_req_pre"": ""0"", ""sel_fpr_req"": ""152"", ""sel_fpr_bid"": ""+280000"", ""buy_fpr_bid"": ""+279500"", ""buy_fpr_req"": ""179"", ""buy_1th_pre_req_pre"": ""+1"", ""buy_2th_pre_bid"": ""+279000"", ""buy_2th_pre_req"": ""696"", ""buy_2th_pre_req_pre"": ""0"", ""buy_3th_pre_bid"": ""+278500"", ""buy_3th_pre_req"": ""532"", ""buy_3th_pre_req_pre"": ""0"", ""buy_4th_pre_bid"": ""+278000"", ""buy_4th_pre_req"": ""695"", ""buy_4th_pre_req_pre"": ""0"", ""buy_5th_pre_bid"": ""+277500"", ""buy_5th_pre_req"": ""254"", ""buy_5th_pre_req_pre"": ""0"", ""buy_6th_pre_bid"": ""+277000"", ""buy_6th_pre_req"": ""765"", ""buy_6th_pre_req_pre"": ""0"", ""buy_7th_pre_bid"": ""276500"", ""buy_7th_pre_req"": ""821"", ""buy_7th_pre_req_pre"": ""0"", ""buy_8th_pre_bid"": ""-276000"", ""buy_8th_pre_req"": ""382"", ""buy_8th_pre_req_pre"": ""0"", ""buy_9th_pre_bid"": ""-275500"", ""buy_9th_pre_req"": ""213"", ""buy_9th_pre_req_pre"": ""0"", ""buy_10th_pre_bid"": ""-275000"", ""buy_10th_pre_req"": ""1225"", ""buy_10th_pre_req_pre"": ""0"", ""tot_sel_req_jub_pre"": ""0"", ""tot_sel_req"": ""2050"", ""tot_buy_req"": ""5762"", ""tot_buy_req_jub_pre"": ""+1"", ""ovt_sel_req_pre"": ""0"", ""ovt_sel_req"": ""0"", ""ovt_buy_req"": ""0"", ""ovt_buy_req_pre"": ""0"", ""return_code"": 0, ""return_msg"": ""정상적으로 처리되었습니다""}"
2026-06-10,watchlist,003160,,0,filtered_candidate_recheck,28050,,28050,27900,28050,28050,-0.17825311942959002,0.53475935828877,,,,,,"{""bid_req_base_tm"": ""111349"", ""sel_10th_pre_req_pre"": ""0"", ""sel_10th_pre_req"": ""34"", ""sel_10th_pre_bid"": ""+28550"", ""sel_9th_pre_req_pre"": ""0"", ""sel_9th_pre_req"": ""6"", ""sel_9th_pre_bid"": ""+28500"", ""sel_8th_pre_req_pre"": ""0"", ""sel_8th_pre_req"": ""2070"", ""sel_8th_pre_bid"": ""+28400"", ""sel_7th_pre_req_pre"": ""0"", ""sel_7th_pre_req"": ""62"", ""sel_7th_pre_bid"": ""+28350"", ""sel_6th_pre_req_pre"": ""0"", ""sel_6th_pre_req"": ""203"", ""sel_6th_pre_bid"": ""+28300"", ""sel_5th_pre_req_pre"": ""0"", ""sel_5th_pre_req"": ""99"", ""sel_5th_pre_bid"": ""+28250"", ""sel_4th_pre_req_pre"": ""0"", ""sel_4th_pre_req"": ""112"", ""sel_4th_pre_bid"": ""+28200"", ""sel_3th_pre_req_pre"": ""0"", ""sel_3th_pre_req"": ""35"", ""sel_3th_pre_bid"": ""+28150"", ""sel_2th_pre_req_pre"": ""0"", ""sel_2th_pre_req"": ""98"", ""sel_2th_pre_bid"": ""+28100"", ""sel_1th_pre_req_pre"": ""+39"", ""sel_fpr_req"": ""78"", ""sel_fpr_bid"": ""28050"", ""buy_fpr_bid"": ""-27900"", ""buy_fpr_req"": ""361"", ""buy_1th_pre_req_pre"": ""0"", ""buy_2th_pre_bid"": ""-27850"", ""buy_2th_pre_req"": ""333"", ""buy_2th_pre_req_pre"": ""0"", ""buy_3th_pre_bid"": ""-27800"", ""buy_3th_pre_req"": ""366"", ""buy_3th_pre_req_pre"": ""0"", ""buy_4th_pre_bid"": ""-27750"", ""buy_4th_pre_req"": ""777"", ""buy_4th_pre_req_pre"": ""0"", ""buy_5th_pre_bid"": ""-27700"", ""buy_5th_pre_req"": ""188"", ""buy_5th_pre_req_pre"": ""0"", ""buy_6th_pre_bid"": ""-27650"", ""buy_6th_pre_req"": ""118"", ""buy_6th_pre_req_pre"": ""0"", ""buy_7th_pre_bid"": ""-27600"", ""buy_7th_pre_req"": ""283"", ""buy_7th_pre_req_pre"": ""0"", ""buy_8th_pre_bid"": ""-27550"", ""buy_8th_pre_req"": ""1329"", ""buy_8th_pre_req_pre"": ""0"", ""buy_9th_pre_bid"": ""-27500"", ""buy_9th_pre_req"": ""1160"", ""buy_9th_pre_req_pre"": ""0"", ""buy_10th_pre_bid"": ""-27450"", ""buy_10th_pre_req"": ""119"", ""buy_10th_pre_req_pre"": ""0"", ""tot_sel_req_jub_pre"": ""+39"", ""tot_sel_req"": ""2797"", ""tot_buy_req"": ""5034"", ""tot_buy_req_jub_pre"": ""0"", ""ovt_sel_req_pre"": ""0"", ""ovt_sel_req"": ""0"", ""ovt_buy_req"": ""0"", ""ovt_buy_req_pre"": ""0"", ""return_code"": 0, ""return_msg"": ""정상적으로 처리되었습니다""}"
2026-06-10,watchlist,005940,,1,filtered_candidate_recheck,30750,,30750,30700,30750,30950,0.4878048780487805,0.16260162601626016,,,,,,"{""bid_req_base_tm"": ""111352"", ""sel_10th_pre_req_pre"": ""0"", ""sel_10th_pre_req"": ""409"", ""sel_10th_pre_bid"": ""-31200"", ""sel_9th_pre_req_pre"": ""0"", ""sel_9th_pre_req"": ""15"", ""sel_9th_pre_bid"": ""-31150"", ""sel_8th_pre_req_pre"": ""0"", ""sel_8th_pre_req"": ""50"", ""sel_8th_pre_bid"": ""-31100"", ""sel_7th_pre_req_pre"": ""0"", ""sel_7th_pre_req"": ""110"", ""sel_7th_pre_bid"": ""-31050"", ""sel_6th_pre_req_pre"": ""0"", ""sel_6th_pre_req"": ""1"", ""sel_6th_pre_bid"": ""-31000"", ""sel_5th_pre_req_pre"": ""0"", ""sel_5th_pre_req"": ""212"", ""sel_5th_pre_bid"": ""-30950"", ""sel_4th_pre_req_pre"": ""0"", ""sel_4th_pre_req"": ""482"", ""sel_4th_pre_bid"": ""-30900"", ""sel_3th_pre_req_pre"": ""0"", ""sel_3th_pre_req"": ""641"", ""sel_3th_pre_bid"": ""-30850"", ""sel_2th_pre_req_pre"": ""0"", ""sel_2th_pre_req"": ""242"", ""sel_2th_pre_bid"": ""-30800"", ""sel_1th_pre_req_pre"": ""+50"", ""sel_fpr_req"": ""620"", ""sel_fpr_bid"": ""-30750"", ""buy_fpr_bid"": ""-30700"", ""buy_fpr_req"": ""4740"", ""buy_1th_pre_req_pre"": ""0"", ""buy_2th_pre_bid"": ""-30650"", ""buy_2th_pre_req"": ""226"", ""buy_2th_pre_req_pre"": ""0"", ""buy_3th_pre_bid"": ""-30600"", ""buy_3th_pre_req"": ""770"", ""buy_3th_pre_req_pre"": ""0"", ""buy_4th_pre_bid"": ""-30550"", ""buy_4th_pre_req"": ""399"", ""buy_4th_pre_req_pre"": ""0"", ""buy_5th_pre_bid"": ""-30500"", ""buy_5th_pre_req"": ""2224"", ""buy_5th_pre_req_pre"": ""0"", ""buy_6th_pre_bid"": ""-30450"", ""buy_6th_pre_req"": ""1426"", ""buy_6th_pre_req_pre"": ""0"", ""buy_7th_pre_bid"": ""-30400"", ""buy_7th_pre_req"": ""731"", ""buy_7th_pre_req_pre"": ""0"", ""buy_8th_pre_bid"": ""-30350"", ""buy_8th_pre_req"": ""829"", ""buy_8th_pre_req_pre"": ""0"", ""buy_9th_pre_bid"": ""-30300"", ""buy_9th_pre_req"": ""3017"", ""buy_9th_pre_req_pre"": ""0"", ""buy_10th_pre_bid"": ""-30250"", ""buy_10th_pre_req"": ""223"", ""buy_10th_pre_req_pre"": ""0"", ""tot_sel_req_jub_pre"": ""+50"", ""tot_sel_req"": ""2782"", ""tot_buy_req"": ""14585"", ""tot_buy_req_jub_pre"": ""0"", ""ovt_sel_req_pre"": ""0"", ""ovt_sel_req"": ""0"", ""ovt_buy_req"": ""0"", ""ovt_buy_req_pre"": ""0"", ""return_code"": 0, ""return_msg"": ""정상적으로 처리되었습니다""}"
2026-06-10,watchlist,120110,,0,filtered_candidate_recheck,70200,,70200,70100,70200,70600,0.4273504273504274,0.14245014245014245,,,,,,"{""bid_req_base_tm"": ""111351"", ""sel_10th_pre_req_pre"": ""0"", ""sel_10th_pre_req"": ""4"", ""sel_10th_pre_bid"": ""+71200"", ""sel_9th_pre_req_pre"": ""0"", ""sel_9th_pre_req"": ""10"", ""sel_9th_pre_bid"": ""+71100"", ""sel_8th_pre_req_pre"": ""0"", ""sel_8th_pre_req"": ""3"", ""sel_8th_pre_bid"": ""+71000"", ""sel_7th_pre_req_pre"": ""0"", ""sel_7th_pre_req"": ""175"", ""sel_7th_pre_bid"": ""+70800"", ""sel_6th_pre_req_pre"": ""0"", ""sel_6th_pre_req"": ""40"", ""sel_6th_pre_bid"": ""+70700"", ""sel_5th_pre_req_pre"": ""0"", ""sel_5th_pre_req"": ""61"", ""sel_5th_pre_bid"": ""+70600"", ""sel_4th_pre_req_pre"": ""0"", ""sel_4th_pre_req"": ""17"", ""sel_4th_pre_bid"": ""+70500"", ""sel_3th_pre_req_pre"": ""0"", ""sel_3th_pre_req"": ""10"", ""sel_3th_pre_bid"": ""+70400"", ""sel_2th_pre_req_pre"": ""0"", ""sel_2th_pre_req"": ""10"", ""sel_2th_pre_bid"": ""+70300"", ""sel_1th_pre_req_pre"": ""0"", ""sel_fpr_req"": ""50"", ""sel_fpr_bid"": ""+70200"", ""buy_fpr_bid"": ""+70100"", ""buy_fpr_req"": ""135"", ""buy_1th_pre_req_pre"": ""0"", ""buy_2th_pre_bid"": ""+70000"", ""buy_2th_pre_req"": ""395"", ""buy_2th_pre_req_pre"": ""0"", ""buy_3th_pre_bid"": ""+69900"", ""buy_3th_pre_req"": ""22"", ""buy_3th_pre_req_pre"": ""0"", ""buy_4th_pre_bid"": ""+69800"", ""buy_4th_pre_req"": ""317"", ""buy_4th_pre_req_pre"": ""0"", ""buy_5th_pre_bid"": ""+69700"", ""buy_5th_pre_req"": ""43"", ""buy_5th_pre_req_pre"": ""0"", ""buy_6th_pre_bid"": ""+69600"", ""buy_6th_pre_req"": ""38"", ""buy_6th_pre_req_pre"": ""0"", ""buy_7th_pre_bid"": ""+69500"", ""buy_7th_pre_req"": ""16"", ""buy_7th_pre_req_pre"": ""0"", ""buy_8th_pre_bid"": ""+69400"", ""buy_8th_pre_req"": ""103"", ""buy_8th_pre_req_pre"": ""0"", ""buy_9th_pre_bid"": ""+69300"", ""buy_9th_pre_req"": ""16"", ""buy_9th_pre_req_pre"": ""0"", ""buy_10th_pre_bid"": ""+69200"", ""buy_10th_pre_req"": ""420"", ""buy_10th_pre_req_pre"": ""0"", ""tot_sel_req_jub_pre"": ""0"", ""tot_sel_req"": ""380"", ""tot_buy_req"": ""1505"", ""tot_buy_req_jub_pre"": ""0"", ""ovt_sel_req_pre"": ""0"", ""ovt_sel_req"": ""0"", ""ovt_buy_req"": ""0"", ""ovt_buy_req_pre"": ""0"", ""return_code"": 0, ""return_msg"": ""정상적으로 처리되었습니다""}"
2026-06-10,watchlist,375500,,0,filtered_candidate_recheck,71100,,71100,71000,71100,71400,0.2812939521800281,0.14064697609001406,,,,,,"{""bid_req_base_tm"": ""111351"", ""sel_10th_pre_req_pre"": ""0"", ""sel_10th_pre_req"": ""274"", ""sel_10th_pre_bid"": ""+72000"", ""sel_9th_pre_req_pre"": ""0"", ""sel_9th_pre_req"": ""203"", ""sel_9th_pre_bid"": ""+71900"", ""sel_8th_pre_req_pre"": ""0"", ""sel_8th_pre_req"": ""202"", ""sel_8th_pre_bid"": ""+71800"", ""sel_7th_pre_req_pre"": ""0"", ""sel_7th_pre_req"": ""25"", ""sel_7th_pre_bid"": ""+71700"", ""sel_6th_pre_req_pre"": ""0"", ""sel_6th_pre_req"": ""76"", ""sel_6th_pre_bid"": ""+71600"", ""sel_5th_pre_req_pre"": ""0"", ""sel_5th_pre_req"": ""255"", ""sel_5th_pre_bid"": ""+71500"", ""sel_4th_pre_req_pre"": ""0"", ""sel_4th_pre_req"": ""21"", ""sel_4th_pre_bid"": ""+71400"", ""sel_3th_pre_req_pre"": ""0"", ""sel_3th_pre_req"": ""82"", ""sel_3th_pre_bid"": ""+71300"", ""sel_2th_pre_req_pre"": ""0"", ""sel_2th_pre_req"": ""184"", ""sel_2th_pre_bid"": ""+71200"", ""sel_1th_pre_req_pre"": ""+34"", ""sel_fpr_req"": ""53"", ""sel_fpr_bid"": ""+71100"", ""buy_fpr_bid"": ""+71000"", ""buy_fpr_req"": ""78"", ""buy_1th_pre_req_pre"": ""0"", ""buy_2th_pre_bid"": ""+70900"", ""buy_2th_pre_req"": ""763"", ""buy_2th_pre_req_pre"": ""0"", ""buy_3th_pre_bid"": ""+70800"", ""buy_3th_pre_req"": ""613"", ""buy_3th_pre_req_pre"": ""0"", ""buy_4th_pre_bid"": ""+70700"", ""buy_4th_pre_req"": ""2"", ""buy_4th_pre_req_pre"": ""0"", ""buy_5th_pre_bid"": ""+70600"", ""buy_5th_pre_req"": ""2"", ""buy_5th_pre_req_pre"": ""0"", ""buy_6th_pre_bid"": ""+70500"", ""buy_6th_pre_req"": ""104"", ""buy_6th_pre_req_pre"": ""0"", ""buy_7th_pre_bid"": ""+70400"", ""buy_7th_pre_req"": ""43"", ""buy_7th_pre_req_pre"": ""0"", ""buy_8th_pre_bid"": ""+70300"", ""buy_8th_pre_req"": ""42"", ""buy_8th_pre_req_pre"": ""0"", ""buy_9th_pre_bid"": ""+70200"", ""buy_9th_pre_req"": ""77"", ""buy_9th_pre_req_pre"": ""0"", ""buy_10th_pre_bid"": ""+70100"", ""buy_10th_pre_req"": ""146"", ""buy_10th_pre_req_pre"": ""0"", ""tot_sel_req_jub_pre"": ""+34"", ""tot_sel_req"": ""1375"", ""tot_buy_req"": ""1870"", ""tot_buy_req_jub_pre"": ""0"", ""ovt_sel_req_pre"": ""0"", ""ovt_sel_req"": ""0"", ""ovt_buy_req"": ""0"", ""ovt_buy_req_pre"": ""0"", ""return_code"": 0, ""return_msg"": ""정상적으로 처리되었습니다""}"
2026-06-10,scan_candidate,005930,,0,main_scan,305000,,305000,304500,305000,306000,0.16393442622950818,0.16393442622950818,,,,,,"{""bid_req_base_tm"": ""111620"", ""sel_10th_pre_req_pre"": ""0"", ""sel_10th_pre_req"": ""20388"", ""sel_10th_pre_bid"": ""-309500"", ""sel_9th_pre_req_pre"": ""0"", ""sel_9th_pre_req"": ""12923"", ""sel_9th_pre_bid"": ""-309000"", ""sel_8th_pre_req_pre"": ""0"", ""sel_8th_pre_req"": ""25590"", ""sel_8th_pre_bid"": ""-308500"", ""sel_7th_pre_req_pre"": ""0"", ""sel_7th_pre_req"": ""28565"", ""sel_7th_pre_bid"": ""-308000"", ""sel_6th_pre_req_pre"": ""0"", ""sel_6th_pre_req"": ""15722"", ""sel_6th_pre_bid"": ""-307500"", ""sel_5th_pre_req_pre"": ""0"", ""sel_5th_pre_req"": ""7310"", ""sel_5th_pre_bid"": ""-307000"", ""sel_4th_pre_req_pre"": ""0"", ""sel_4th_pre_req"": ""17764"", ""sel_4th_pre_bid"": ""-306500"", ""sel_3th_pre_req_pre"": ""0"", ""sel_3th_pre_req"": ""12956"", ""sel_3th_pre_bid"": ""-306000"", ""sel_2th_pre_req_pre"": ""0"", ""sel_2th_pre_req"": ""15694"", ""sel_2th_pre_bid"": ""-305500"", ""sel_1th_pre_req_pre"": ""--31"", ""sel_fpr_req"": ""18725"", ""sel_fpr_bid"": ""-305000"", ""buy_fpr_bid"": ""-304500"", ""buy_fpr_req"": ""16394"", ""buy_1th_pre_req_pre"": ""--158"", ""buy_2th_pre_bid"": ""-304000"", ""buy_2th_pre_req"": ""61227"", ""buy_2th_pre_req_pre"": ""--1"", ""buy_3th_pre_bid"": ""-303500"", ""buy_3th_pre_req"": ""43758"", ""buy_3th_pre_req_pre"": ""0"", ""buy_4th_pre_bid"": ""-303000"", ""buy_4th_pre_req"": ""83652"", ""buy_4th_pre_req_pre"": ""--1"", ""buy_5th_pre_bid"": ""-302500"", ""buy_5th_pre_req"": ""25294"", ""buy_5th_pre_req_pre"": ""0"", ""buy_6th_pre_bid"": ""-302000"", ""buy_6th_pre_req"": ""61970"", ""buy_6th_pre_req_pre"": ""+3"", ""buy_7th_pre_bid"": ""-301500"", ""buy_7th_pre_req"": ""48499"", ""buy_7th_pre_req_pre"": ""0"", ""buy_8th_pre_bid"": ""-301000"", ""buy_8th_pre_req"": ""73123"", ""buy_8th_pre_req_pre"": ""0"", ""buy_9th_pre_bid"": ""-300500"", ""buy_9th_pre_req"": ""97188"", ""buy_9th_pre_req_pre"": ""0"", ""buy_10th_pre_bid"": ""-300000"", ""buy_10th_pre_req"": ""287309"", ""buy_10th_pre_req_pre"": ""0"", ""tot_sel_req_jub_pre"": ""--31"", ""tot_sel_req"": ""175637"", ""tot_buy_req"": ""798414"", ""tot_buy_req_jub_pre"": ""--157"", ""ovt_sel_req_pre"": ""0"", ""ovt_sel_req"": ""0"", ""ovt_buy_req"": ""0"", ""ovt_buy_req_pre"": ""0"", ""return_code"": 0, ""return_msg"": ""정상적으로 처리되었습니다""}"
2026-06-10,scan_candidate,000660,,0,main_scan,2085000,,2085000,2084000,2085000,2088000,0.09592326139088729,0.047961630695443645,,,,,,"{""bid_req_base_tm"": ""111620"", ""sel_10th_pre_req_pre"": ""0"", ""sel_10th_pre_req"": ""241"", ""sel_10th_pre_bid"": ""-2094000"", ""sel_9th_pre_req_pre"": ""0"", ""sel_9th_pre_req"": ""90"", ""sel_9th_pre_bid"": ""-2093000"", ""sel_8th_pre_req_pre"": ""0"", ""sel_8th_pre_req"": ""254"", ""sel_8th_pre_bid"": ""-2092000"", ""sel_7th_pre_req_pre"": ""0"", ""sel_7th_pre_req"": ""309"", ""sel_7th_pre_bid"": ""-2091000"", ""sel_6th_pre_req_pre"": ""0"", ""sel_6th_pre_req"": ""218"", ""sel_6th_pre_bid"": ""-2090000"", ""sel_5th_pre_req_pre"": ""0"", ""sel_5th_pre_req"": ""254"", ""sel_5th_pre_bid"": ""-2089000"", ""sel_4th_pre_req_pre"": ""0"", ""sel_4th_pre_req"": ""717"", ""sel_4th_pre_bid"": ""-2088000"", ""sel_3th_pre_req_pre"": ""0"", ""sel_3th_pre_req"": ""733"", ""sel_3th_pre_bid"": ""-2087000"", ""sel_2th_pre_req_pre"": ""0"", ""sel_2th_pre_req"": ""486"", ""sel_2th_pre_bid"": ""-2086000"", ""sel_1th_pre_req_pre"": ""+1"", ""sel_fpr_req"": ""572"", ""sel_fpr_bid"": ""-2085000"", ""buy_fpr_bid"": ""-2084000"", ""buy_fpr_req"": ""332"", ""buy_1th_pre_req_pre"": ""0"", ""buy_2th_pre_bid"": ""-2083000"", ""buy_2th_pre_req"": ""1100"", ""buy_2th_pre_req_pre"": ""0"", ""buy_3th_pre_bid"": ""-2082000"", ""buy_3th_pre_req"": ""3047"", ""buy_3th_pre_req_pre"": ""0"", ""buy_4th_pre_bid"": ""-2081000"", ""buy_4th_pre_req"": ""4213"", ""buy_4th_pre_req_pre"": ""0"", ""buy_5th_pre_bid"": ""-2080000"", ""buy_5th_pre_req"": ""3757"", ""buy_5th_pre_req_pre"": ""+1"", ""buy_6th_pre_bid"": ""-2079000"", ""buy_6th_pre_req"": ""1133"", ""buy_6th_pre_req_pre"": ""0"", ""buy_7th_pre_bid"": ""-2078000"", ""buy_7th_pre_req"": ""471"", ""buy_7th_pre_req_pre"": ""0"", ""buy_8th_pre_bid"": ""-2077000"", ""buy_8th_pre_req"": ""660"", ""buy_8th_pre_req_pre"": ""+1"", ""buy_9th_pre_bid"": ""-2076000"", ""buy_9th_pre_req"": ""480"", ""buy_9th_pre_req_pre"": ""0"", ""buy_10th_pre_bid"": ""-2075000"", ""buy_10th_pre_req"": ""888"", ""buy_10th_pre_req_pre"": ""+1"", ""tot_sel_req_jub_pre"": ""+1"", ""tot_sel_req"": ""3874"", ""tot_buy_req"": ""16081"", ""tot_buy_req_jub_pre"": ""+3"", ""ovt_sel_req_pre"": ""0"", ""ovt_sel_req"": ""0"", ""ovt_buy_req"": ""0"", ""ovt_buy_req_pre"": ""0"", ""return_code"": 0, ""return_msg"": ""정상적으로 처리되었습니다""}"
2026-06-10,scan_candidate,402340,,0,main_scan,1206000,,1206000,1205000,1206000,1207000,0.0,0.08291873963515754,,,,,,"{""bid_req_base_tm"": ""111620"", ""sel_10th_pre_req_pre"": ""0"", ""sel_10th_pre_req"": ""40"", ""sel_10th_pre_bid"": ""-1215000"", ""sel_9th_pre_req_pre"": ""0"", ""sel_9th_pre_req"": ""40"", ""sel_9th_pre_bid"": ""-1214000"", ""sel_8th_pre_req_pre"": ""0"", ""sel_8th_pre_req"": ""35"", ""sel_8th_pre_bid"": ""-1213000"", ""sel_7th_pre_req_pre"": ""0"", ""sel_7th_pre_req"": ""3"", ""sel_7th_pre_bid"": ""-1212000"", ""sel_6th_pre_req_pre"": ""0"", ""sel_6th_pre_req"": ""146"", ""sel_6th_pre_bid"": ""-1211000"", ""sel_5th_pre_req_pre"": ""0"", ""sel_5th_pre_req"": ""45"", ""sel_5th_pre_bid"": ""-1210000"", ""sel_4th_pre_req_pre"": ""0"", ""sel_4th_pre_req"": ""24"", ""sel_4th_pre_bid"": ""-1209000"", ""sel_3th_pre_req_pre"": ""+1"", ""sel_3th_pre_req"": ""436"", ""sel_3th_pre_bid"": ""-1208000"", ""sel_2th_pre_req_pre"": ""0"", ""sel_2th_pre_req"": ""274"", ""sel_2th_pre_bid"": ""-1207000"", ""sel_1th_pre_req_pre"": ""0"", ""sel_fpr_req"": ""73"", ""sel_fpr_bid"": ""-1206000"", ""buy_fpr_bid"": ""-1205000"", ""buy_fpr_req"": ""61"", ""buy_1th_pre_req_pre"": ""0"", ""buy_2th_pre_bid"": ""-1204000"", ""buy_2th_pre_req"": ""126"", ""buy_2th_pre_req_pre"": ""0"", ""buy_3th_pre_bid"": ""-1203000"", ""buy_3th_pre_req"": ""194"", ""buy_3th_pre_req_pre"": ""0"", ""buy_4th_pre_bid"": ""-1202000"", ""buy_4th_pre_req"": ""204"", ""buy_4th_pre_req_pre"": ""0"", ""buy_5th_pre_bid"": ""-1201000"", ""buy_5th_pre_req"": ""438"", ""buy_5th_pre_req_pre"": ""0"", ""buy_6th_pre_bid"": ""-1200000"", ""buy_6th_pre_req"": ""648"", ""buy_6th_pre_req_pre"": ""0"", ""buy_7th_pre_bid"": ""-1199000"", ""buy_7th_pre_req"": ""129"", ""buy_7th_pre_req_pre"": ""0"", ""buy_8th_pre_bid"": ""-1198000"", ""buy_8th_pre_req"": ""92"", ""buy_8th_pre_req_pre"": ""0"", ""buy_9th_pre_bid"": ""-1197000"", ""buy_9th_pre_req"": ""70"", ""buy_9th_pre_req_pre"": ""0"", ""buy_10th_pre_bid"": ""-1196000"", ""buy_10th_pre_req"": ""56"", ""buy_10th_pre_req_pre"": ""0"", ""tot_sel_req_jub_pre"": ""+1"", ""tot_sel_req"": ""1116"", ""tot_buy_req"": ""2018"", ""tot_buy_req_jub_pre"": ""0"", ""ovt_sel_req_pre"": ""0"", ""ovt_sel_req"": ""0"", ""ovt_buy_req"": ""0"", ""ovt_buy_req_pre"": ""0"", ""return_code"": 0, ""return_msg"": ""정상적으로 처리되었습니다""}"
2026-06-10,scan_candidate,009150,,0,main_scan,1878000,,1878000,1877000,1878000,1882000,0.1597444089456869,0.05324813631522897,,,,,,"{""bid_req_base_tm"": ""111620"", ""sel_10th_pre_req_pre"": ""0"", ""sel_10th_pre_req"": ""15"", ""sel_10th_pre_bid"": ""-1888000"", ""sel_9th_pre_req_pre"": ""0"", ""sel_9th_pre_req"": ""6"", ""sel_9th_pre_bid"": ""-1887000"", ""sel_8th_pre_req_pre"": ""0"", ""sel_8th_pre_req"": ""22"", ""sel_8th_pre_bid"": ""-1886000"", ""sel_7th_pre_req_pre"": ""0"", ""sel_7th_pre_req"": ""13"", ""sel_7th_pre_bid"": ""-1885000"", ""sel_6th_pre_req_pre"": ""0"", ""sel_6th_pre_req"": ""8"", ""sel_6th_pre_bid"": ""-1883000"", ""sel_5th_pre_req_pre"": ""0"", ""sel_5th_pre_req"": ""42"", ""sel_5th_pre_bid"": ""-1882000"", ""sel_4th_pre_req_pre"": ""0"", ""sel_4th_pre_req"": ""31"", ""sel_4th_pre_bid"": ""-1881000"", ""sel_3th_pre_req_pre"": ""0"", ""sel_3th_pre_req"": ""20"", ""sel_3th_pre_bid"": ""-1880000"", ""sel_2th_pre_req_pre"": ""0"", ""sel_2th_pre_req"": ""1"", ""sel_2th_pre_bid"": ""-1879000"", ""sel_1th_pre_req_pre"": ""0"", ""sel_fpr_req"": ""13"", ""sel_fpr_bid"": ""-1878000"", ""buy_fpr_bid"": ""-1877000"", ""buy_fpr_req"": ""46"", ""buy_1th_pre_req_pre"": ""0"", ""buy_2th_pre_bid"": ""-1876000"", ""buy_2th_pre_req"": ""694"", ""buy_2th_pre_req_pre"": ""0"", ""buy_3th_pre_bid"": ""-1875000"", ""buy_3th_pre_req"": ""541"", ""buy_3th_pre_req_pre"": ""0"", ""buy_4th_pre_bid"": ""-1874000"", ""buy_4th_pre_req"": ""141"", ""buy_4th_pre_req_pre"": ""0"", ""buy_5th_pre_bid"": ""-1873000"", ""buy_5th_pre_req"": ""143"", ""buy_5th_pre_req_pre"": ""0"", ""buy_6th_pre_bid"": ""-1872000"", ""buy_6th_pre_req"": ""129"", ""buy_6th_pre_req_pre"": ""0"", ""buy_7th_pre_bid"": ""-1871000"", ""buy_7th_pre_req"": ""284"", ""buy_7th_pre_req_pre"": ""0"", ""buy_8th_pre_bid"": ""-1870000"", ""buy_8th_pre_req"": ""1215"", ""buy_8th_pre_req_pre"": ""0"", ""buy_9th_pre_bid"": ""-1869000"", ""buy_9th_pre_req"": ""154"", ""buy_9th_pre_req_pre"": ""0"", ""buy_10th_pre_bid"": ""-1868000"", ""buy_10th_pre_req"": ""195"", ""buy_10th_pre_req_pre"": ""0"", ""tot_sel_req_jub_pre"": ""0"", ""tot_sel_req"": ""171"", ""tot_buy_req"": ""3542"", ""tot_buy_req_jub_pre"": ""0"", ""ovt_sel_req_pre"": ""0"", ""ovt_sel_req"": ""0"", ""ovt_buy_req"": ""0"", ""ovt_buy_req_pre"": ""0"", ""return_code"": 0, ""return_msg"": ""정상적으로 처리되었습니다""}"
2026-06-10,scan_candidate,032830,,0,main_scan,369500,,369500,369000,369500,370500,0.13531799729364005,0.13531799729364005,,,,,,"{""bid_req_base_tm"": ""111619"", ""sel_10th_pre_req_pre"": ""0"", ""sel_10th_pre_req"": ""189"", ""sel_10th_pre_bid"": ""-374000"", ""sel_9th_pre_req_pre"": ""0"", ""sel_9th_pre_req"": ""5"", ""sel_9th_pre_bid"": ""-373500"", ""sel_8th_pre_req_pre"": ""0"", ""sel_8th_pre_req"": ""110"", ""sel_8th_pre_bid"": ""-373000"", ""sel_7th_pre_req_pre"": ""0"", ""sel_7th_pre_req"": ""70"", ""sel_7th_pre_bid"": ""-372500"", ""sel_6th_pre_req_pre"": ""0"", ""sel_6th_pre_req"": ""113"", ""sel_6th_pre_bid"": ""-372000"", ""sel_5th_pre_req_pre"": ""0"", ""sel_5th_pre_req"": ""174"", ""sel_5th_pre_bid"": ""-371500"", ""sel_4th_pre_req_pre"": ""0"", ""sel_4th_pre_req"": ""239"", ""sel_4th_pre_bid"": ""-371000"", ""sel_3th_pre_req_pre"": ""0"", ""sel_3th_pre_req"": ""312"", ""sel_3th_pre_bid"": ""-370500"", ""sel_2th_pre_req_pre"": ""0"", ""sel_2th_pre_req"": ""212"", ""sel_2th_pre_bid"": ""-370000"", ""sel_1th_pre_req_pre"": ""0"", ""sel_fpr_req"": ""58"", ""sel_fpr_bid"": ""-369500"", ""buy_fpr_bid"": ""-369000"", ""buy_fpr_req"": ""651"", ""buy_1th_pre_req_pre"": ""--2"", ""buy_2th_pre_bid"": ""-368500"", ""buy_2th_pre_req"": ""197"", ""buy_2th_pre_req_pre"": ""0"", ""buy_3th_pre_bid"": ""-368000"", ""buy_3th_pre_req"": ""414"", ""buy_3th_pre_req_pre"": ""0"", ""buy_4th_pre_bid"": ""-367500"", ""buy_4th_pre_req"": ""158"", ""buy_4th_pre_req_pre"": ""0"", ""buy_5th_pre_bid"": ""-367000"", ""buy_5th_pre_req"": ""287"", ""buy_5th_pre_req_pre"": ""0"", ""buy_6th_pre_bid"": ""-366500"", ""buy_6th_pre_req"": ""261"", ""buy_6th_pre_req_pre"": ""0"", ""buy_7th_pre_bid"": ""-366000"", ""buy_7th_pre_req"": ""600"", ""buy_7th_pre_req_pre"": ""0"", ""buy_8th_pre_bid"": ""-365500"", ""buy_8th_pre_req"": ""850"", ""buy_8th_pre_req_pre"": ""0"", ""buy_9th_pre_bid"": ""-365000"", ""buy_9th_pre_req"": ""1110"", ""buy_9th_pre_req_pre"": ""0"", ""buy_10th_pre_bid"": ""-364500"", ""buy_10th_pre_req"": ""69"", ""buy_10th_pre_req_pre"": ""0"", ""tot_sel_req_jub_pre"": ""0"", ""tot_sel_req"": ""1482"", ""tot_buy_req"": ""4597"", ""tot_buy_req_jub_pre"": ""--2"", ""ovt_sel_req_pre"": ""0"", ""ovt_sel_req"": ""0"", ""ovt_buy_req"": ""0"", ""ovt_buy_req_pre"": ""0"", ""return_code"": 0, ""return_msg"": ""정상적으로 처리되었습니다""}"
2026-06-10,scan_candidate,012330,,0,main_scan,573000,,573000,572000,573000,577000,0.5235602094240838,0.17452006980802792,,,,,,"{""bid_req_base_tm"": ""111621"", ""sel_10th_pre_req_pre"": ""0"", ""sel_10th_pre_req"": ""171"", ""sel_10th_pre_bid"": ""-582000"", ""sel_9th_pre_req_pre"": ""0"", ""sel_9th_pre_req"": ""137"", ""sel_9th_pre_bid"": ""-581000"", ""sel_8th_pre_req_pre"": ""0"", ""sel_8th_pre_req"": ""83"", ""sel_8th_pre_bid"": ""-580000"", ""sel_7th_pre_req_pre"": ""0"", ""sel_7th_pre_req"": ""14"", ""sel_7th_pre_bid"": ""-579000"", ""sel_6th_pre_req_pre"": ""0"", ""sel_6th_pre_req"": ""144"", ""sel_6th_pre_bid"": ""-578000"", ""sel_5th_pre_req_pre"": ""0"", ""sel_5th_pre_req"": ""100"", ""sel_5th_pre_bid"": ""-577000"", ""sel_4th_pre_req_pre"": ""0"", ""sel_4th_pre_req"": ""45"", ""sel_4th_pre_bid"": ""-576000"", ""sel_3th_pre_req_pre"": ""0"", ""sel_3th_pre_req"": ""176"", ""sel_3th_pre_bid"": ""-575000"", ""sel_2th_pre_req_pre"": ""0"", ""sel_2th_pre_req"": ""149"", ""sel_2th_pre_bid"": ""-574000"", ""sel_1th_pre_req_pre"": ""0"", ""sel_fpr_req"": ""187"", ""sel_fpr_bid"": ""-573000"", ""buy_fpr_bid"": ""-572000"", ""buy_fpr_req"": ""1790"", ""buy_1th_pre_req_pre"": ""0"", ""buy_2th_pre_bid"": ""-571000"", ""buy_2th_pre_req"": ""2545"", ""buy_2th_pre_req_pre"": ""0"", ""buy_3th_pre_bid"": ""-570000"", ""buy_3th_pre_req"": ""5794"", ""buy_3th_pre_req_pre"": ""--1"", ""buy_4th_pre_bid"": ""-569000"", ""buy_4th_pre_req"": ""2950"", ""buy_4th_pre_req_pre"": ""0"", ""buy_5th_pre_bid"": ""-568000"", ""buy_5th_pre_req"": ""1006"", ""buy_5th_pre_req_pre"": ""0"", ""buy_6th_pre_bid"": ""-567000"", ""buy_6th_pre_req"": ""749"", ""buy_6th_pre_req_pre"": ""0"", ""buy_7th_pre_bid"": ""-566000"", ""buy_7th_pre_req"": ""1508"", ""buy_7th_pre_req_pre"": ""0"", ""buy_8th_pre_bid"": ""-565000"", ""buy_8th_pre_req"": ""2048"", ""buy_8th_pre_req_pre"": ""0"", ""buy_9th_pre_bid"": ""-564000"", ""buy_9th_pre_req"": ""559"", ""buy_9th_pre_req_pre"": ""0"", ""buy_10th_pre_bid"": ""-563000"", ""buy_10th_pre_req"": ""2134"", ""buy_10th_pre_req_pre"": ""0"", ""tot_sel_req_jub_pre"": ""0"", ""tot_sel_req"": ""1206"", ""tot_buy_req"": ""21083"", ""tot_buy_req_jub_pre"": ""--1"", ""ovt_sel_req_pre"": ""0"", ""ovt_sel_req"": ""0"", ""ovt_buy_req"": ""0"", ""ovt_buy_req_pre"": ""0"", ""return_code"": 0, ""return_msg"": ""정상적으로 처리되었습니다""}"
2026-06-10,scan_candidate,055550,,0,main_scan,98800,,98800,98700,98800,99000,0.10121457489878542,0.10121457489878542,,,,,,"{""bid_req_base_tm"": ""111619"", ""sel_10th_pre_req_pre"": ""0"", ""sel_10th_pre_req"": ""297"", ""sel_10th_pre_bid"": ""-99800"", ""sel_9th_pre_req_pre"": ""0"", ""sel_9th_pre_req"": ""1023"", ""sel_9th_pre_bid"": ""-99700"", ""sel_8th_pre_req_pre"": ""0"", ""sel_8th_pre_req"": ""63"", ""sel_8th_pre_bid"": ""-99600"", ""sel_7th_pre_req_pre"": ""0"", ""sel_7th_pre_req"": ""72"", ""sel_7th_pre_bid"": ""-99500"", ""sel_6th_pre_req_pre"": ""0"", ""sel_6th_pre_req"": ""8"", ""sel_6th_pre_bid"": ""-99400"", ""sel_5th_pre_req_pre"": ""0"", ""sel_5th_pre_req"": ""237"", ""sel_5th_pre_bid"": ""-99300"", ""sel_4th_pre_req_pre"": ""0"", ""sel_4th_pre_req"": ""1"", ""sel_4th_pre_bid"": ""-99200"", ""sel_3th_pre_req_pre"": ""0"", ""sel_3th_pre_req"": ""808"", ""sel_3th_pre_bid"": ""-99000"", ""sel_2th_pre_req_pre"": ""0"", ""sel_2th_pre_req"": ""148"", ""sel_2th_pre_bid"": ""-98900"", ""sel_1th_pre_req_pre"": ""0"", ""sel_fpr_req"": ""356"", ""sel_fpr_bid"": ""-98800"", ""buy_fpr_bid"": ""-98700"", ""buy_fpr_req"": ""412"", ""buy_1th_pre_req_pre"": ""+11"", ""buy_2th_pre_bid"": ""-98600"", ""buy_2th_pre_req"": ""646"", ""buy_2th_pre_req_pre"": ""0"", ""buy_3th_pre_bid"": ""-98500"", ""buy_3th_pre_req"": ""714"", ""buy_3th_pre_req_pre"": ""0"", ""buy_4th_pre_bid"": ""-98400"", ""buy_4th_pre_req"": ""740"", ""buy_4th_pre_req_pre"": ""0"", ""buy_5th_pre_bid"": ""-98300"", ""buy_5th_pre_req"": ""774"", ""buy_5th_pre_req_pre"": ""0"", ""buy_6th_pre_bid"": ""-98200"", ""buy_6th_pre_req"": ""1502"", ""buy_6th_pre_req_pre"": ""0"", ""buy_7th_pre_bid"": ""-98100"", ""buy_7th_pre_req"": ""703"", ""buy_7th_pre_req_pre"": ""0"", ""buy_8th_pre_bid"": ""-98000"", ""buy_8th_pre_req"": ""1886"", ""buy_8th_pre_req_pre"": ""0"", ""buy_9th_pre_bid"": ""-97900"", ""buy_9th_pre_req"": ""284"", ""buy_9th_pre_req_pre"": ""0"", ""buy_10th_pre_bid"": ""-97800"", ""buy_10th_pre_req"": ""192"", ""buy_10th_pre_req_pre"": ""0"", ""tot_sel_req_jub_pre"": ""0"", ""tot_sel_req"": ""3013"", ""tot_buy_req"": ""7853"", ""tot_buy_req_jub_pre"": ""+11"", ""ovt_sel_req_pre"": ""0"", ""ovt_sel_req"": ""0"", ""ovt_buy_req"": ""0"", ""ovt_buy_req_pre"": ""0"", ""return_code"": 0, ""return_msg"": ""정상적으로 처리되었습니다""}"
2026-06-10,scan_candidate,034730,,0,main_scan,576000,,576000,575000,576000,576000,-0.1736111111111111,0.1736111111111111,,,,,,"{""bid_req_base_tm"": ""111621"", ""sel_10th_pre_req_pre"": ""0"", ""sel_10th_pre_req"": ""2"", ""sel_10th_pre_bid"": ""-585000"", ""sel_9th_pre_req_pre"": ""0"", ""sel_9th_pre_req"": ""4"", ""sel_9th_pre_bid"": ""-584000"", ""sel_8th_pre_req_pre"": ""0"", ""sel_8th_pre_req"": ""4"", ""sel_8th_pre_bid"": ""-583000"", ""sel_7th_pre_req_pre"": ""0"", ""sel_7th_pre_req"": ""4"", ""sel_7th_pre_bid"": ""-582000"", ""sel_6th_pre_req_pre"": ""0"", ""sel_6th_pre_req"": ""15"", ""sel_6th_pre_bid"": ""-581000"", ""sel_5th_pre_req_pre"": ""0"", ""sel_5th_pre_req"": ""13"", ""sel_5th_pre_bid"": ""-580000"", ""sel_4th_pre_req_pre"": ""0"", ""sel_4th_pre_req"": ""66"", ""sel_4th_pre_bid"": ""-579000"", ""sel_3th_pre_req_pre"": ""0"", ""sel_3th_pre_req"": ""91"", ""sel_3th_pre_bid"": ""-578000"", ""sel_2th_pre_req_pre"": ""0"", ""sel_2th_pre_req"": ""204"", ""sel_2th_pre_bid"": ""-577000"", ""sel_1th_pre_req_pre"": ""0"", ""sel_fpr_req"": ""160"", ""sel_fpr_bid"": ""-576000"", ""buy_fpr_bid"": ""-575000"", ""buy_fpr_req"": ""30"", ""buy_1th_pre_req_pre"": ""0"", ""buy_2th_pre_bid"": ""-574000"", ""buy_2th_pre_req"": ""18"", ""buy_2th_pre_req_pre"": ""0"", ""buy_3th_pre_bid"": ""-573000"", ""buy_3th_pre_req"": ""29"", ""buy_3th_pre_req_pre"": ""+1"", ""buy_4th_pre_bid"": ""-572000"", ""buy_4th_pre_req"": ""6"", ""buy_4th_pre_req_pre"": ""0"", ""buy_5th_pre_bid"": ""-571000"", ""buy_5th_pre_req"": ""18"", ""buy_5th_pre_req_pre"": ""0"", ""buy_6th_pre_bid"": ""-570000"", ""buy_6th_pre_req"": ""369"", ""buy_6th_pre_req_pre"": ""0"", ""buy_7th_pre_bid"": ""-569000"", ""buy_7th_pre_req"": ""86"", ""buy_7th_pre_req_pre"": ""0"", ""buy_8th_pre_bid"": ""-568000"", ""buy_8th_pre_req"": ""726"", ""buy_8th_pre_req_pre"": ""0"", ""buy_9th_pre_bid"": ""-567000"", ""buy_9th_pre_req"": ""306"", ""buy_9th_pre_req_pre"": ""0"", ""buy_10th_pre_bid"": ""-566000"", ""buy_10th_pre_req"": ""24"", ""buy_10th_pre_req_pre"": ""0"", ""tot_sel_req_jub_pre"": ""0"", ""tot_sel_req"": ""563"", ""tot_buy_req"": ""1612"", ""tot_buy_req_jub_pre"": ""+1"", ""ovt_sel_req_pre"": ""0"", ""ovt_sel_req"": ""0"", ""ovt_buy_req"": ""0"", ""ovt_buy_req_pre"": ""0"", ""return_code"": 0, ""return_msg"": ""정상적으로 처리되었습니다""}"
2026-06-10,scan_candidate,066570,,0,main_scan,229500,,229500,229000,229500,231000,0.4357298474945534,0.2178649237472767,,,,,,"{""bid_req_base_tm"": ""111621"", ""sel_10th_pre_req_pre"": ""0"", ""sel_10th_pre_req"": ""937"", ""sel_10th_pre_bid"": ""-234000"", ""sel_9th_pre_req_pre"": ""0"", ""sel_9th_pre_req"": ""4841"", ""sel_9th_pre_bid"": ""-233500"", ""sel_8th_pre_req_pre"": ""0"", ""sel_8th_pre_req"": ""1127"", ""sel_8th_pre_bid"": ""-233000"", ""sel_7th_pre_req_pre"": ""0"", ""sel_7th_pre_req"": ""857"", ""sel_7th_pre_bid"": ""-232500"", ""sel_6th_pre_req_pre"": ""0"", ""sel_6th_pre_req"": ""1041"", ""sel_6th_pre_bid"": ""-232000"", ""sel_5th_pre_req_pre"": ""0"", ""sel_5th_pre_req"": ""489"", ""sel_5th_pre_bid"": ""-231500"", ""sel_4th_pre_req_pre"": ""0"", ""sel_4th_pre_req"": ""1398"", ""sel_4th_pre_bid"": ""-231000"", ""sel_3th_pre_req_pre"": ""0"", ""sel_3th_pre_req"": ""3086"", ""sel_3th_pre_bid"": ""-230500"", ""sel_2th_pre_req_pre"": ""0"", ""sel_2th_pre_req"": ""4004"", ""sel_2th_pre_bid"": ""-230000"", ""sel_1th_pre_req_pre"": ""+3"", ""sel_fpr_req"": ""2134"", ""sel_fpr_bid"": ""-229500"", ""buy_fpr_bid"": ""-229000"", ""buy_fpr_req"": ""1573"", ""buy_1th_pre_req_pre"": ""--3"", ""buy_2th_pre_bid"": ""-228500"", ""buy_2th_pre_req"": ""8511"", ""buy_2th_pre_req_pre"": ""0"", ""buy_3th_pre_bid"": ""-228000"", ""buy_3th_pre_req"": ""12742"", ""buy_3th_pre_req_pre"": ""0"", ""buy_4th_pre_bid"": ""-227500"", ""buy_4th_pre_req"": ""6219"", ""buy_4th_pre_req_pre"": ""0"", ""buy_5th_pre_bid"": ""-227000"", ""buy_5th_pre_req"": ""55602"", ""buy_5th_pre_req_pre"": ""0"", ""buy_6th_pre_bid"": ""-226500"", ""buy_6th_pre_req"": ""3185"", ""buy_6th_pre_req_pre"": ""0"", ""buy_7th_pre_bid"": ""-226000"", ""buy_7th_pre_req"": ""4548"", ""buy_7th_pre_req_pre"": ""0"", ""buy_8th_pre_bid"": ""-225500"", ""buy_8th_pre_req"": ""3349"", ""buy_8th_pre_req_pre"": ""0"", ""buy_9th_pre_bid"": ""-225000"", ""buy_9th_pre_req"": ""9913"", ""buy_9th_pre_req_pre"": ""0"", ""buy_10th_pre_bid"": ""-224500"", ""buy_10th_pre_req"": ""1225"", ""buy_10th_pre_req_pre"": ""0"", ""tot_sel_req_jub_pre"": ""+3"", ""tot_sel_req"": ""19914"", ""tot_buy_req"": ""106867"", ""tot_buy_req_jub_pre"": ""--3"", ""ovt_sel_req_pre"": ""0"", ""ovt_sel_req"": ""0"", ""ovt_buy_req"": ""0"", ""ovt_buy_req_pre"": ""0"", ""return_code"": 0, ""return_msg"": ""정상적으로 처리되었습니다""}"
2026-06-10,scan_candidate,035420,,0,main_scan,232500,,232500,232000,232500,234000,0.43010752688172044,0.21505376344086022,,,,,,"{""bid_req_base_tm"": ""111622"", ""sel_10th_pre_req_pre"": ""0"", ""sel_10th_pre_req"": ""2411"", ""sel_10th_pre_bid"": ""-237000"", ""sel_9th_pre_req_pre"": ""0"", ""sel_9th_pre_req"": ""4446"", ""sel_9th_pre_bid"": ""-236500"", ""sel_8th_pre_req_pre"": ""0"", ""sel_8th_pre_req"": ""3555"", ""sel_8th_pre_bid"": ""-236000"", ""sel_7th_pre_req_pre"": ""0"", ""sel_7th_pre_req"": ""2294"", ""sel_7th_pre_bid"": ""-235500"", ""sel_6th_pre_req_pre"": ""0"", ""sel_6th_pre_req"": ""2440"", ""sel_6th_pre_bid"": ""-235000"", ""sel_5th_pre_req_pre"": ""0"", ""sel_5th_pre_req"": ""1590"", ""sel_5th_pre_bid"": ""-234500"", ""sel_4th_pre_req_pre"": ""0"", ""sel_4th_pre_req"": ""977"", ""sel_4th_pre_bid"": ""-234000"", ""sel_3th_pre_req_pre"": ""0"", ""sel_3th_pre_req"": ""970"", ""sel_3th_pre_bid"": ""-233500"", ""sel_2th_pre_req_pre"": ""0"", ""sel_2th_pre_req"": ""2190"", ""sel_2th_pre_bid"": ""-233000"", ""sel_1th_pre_req_pre"": ""0"", ""sel_fpr_req"": ""2515"", ""sel_fpr_bid"": ""-232500"", ""buy_fpr_bid"": ""-232000"", ""buy_fpr_req"": ""11264"", ""buy_1th_pre_req_pre"": ""+1"", ""buy_2th_pre_bid"": ""-231500"", ""buy_2th_pre_req"": ""13207"", ""buy_2th_pre_req_pre"": ""0"", ""buy_3th_pre_bid"": ""-231000"", ""buy_3th_pre_req"": ""12788"", ""buy_3th_pre_req_pre"": ""0"", ""buy_4th_pre_bid"": ""-230500"", ""buy_4th_pre_req"": ""20259"", ""buy_4th_pre_req_pre"": ""0"", ""buy_5th_pre_bid"": ""-230000"", ""buy_5th_pre_req"": ""70792"", ""buy_5th_pre_req_pre"": ""0"", ""buy_6th_pre_bid"": ""-229500"", ""buy_6th_pre_req"": ""5057"", ""buy_6th_pre_req_pre"": ""0"", ""buy_7th_pre_bid"": ""-229000"", ""buy_7th_pre_req"": ""7372"", ""buy_7th_pre_req_pre"": ""0"", ""buy_8th_pre_bid"": ""-228500"", ""buy_8th_pre_req"": ""9386"", ""buy_8th_pre_req_pre"": ""0"", ""buy_9th_pre_bid"": ""-228000"", ""buy_9th_pre_req"": ""5196"", ""buy_9th_pre_req_pre"": ""0"", ""buy_10th_pre_bid"": ""-227500"", ""buy_10th_pre_req"": ""1455"", ""buy_10th_pre_req_pre"": ""0"", ""tot_sel_req_jub_pre"": ""0"", ""tot_sel_req"": ""23388"", ""tot_buy_req"": ""156776"", ""tot_buy_req_jub_pre"": ""+1"", ""ovt_sel_req_pre"": ""0"", ""ovt_sel_req"": ""0"", ""ovt_buy_req"": ""0"", ""ovt_buy_req_pre"": ""0"", ""return_code"": 0, ""return_msg"": ""정상적으로 처리되었습니다""}"
2026-06-10,scan_candidate,086790,,0,main_scan,119200,,119200,119100,119200,119000,-0.587248322147651,0.08389261744966443,,,,,,"{""bid_req_base_tm"": ""111619"", ""sel_10th_pre_req_pre"": ""0"", ""sel_10th_pre_req"": ""293"", ""sel_10th_pre_bid"": ""+120100"", ""sel_9th_pre_req_pre"": ""0"", ""sel_9th_pre_req"": ""846"", ""sel_9th_pre_bid"": ""+120000"", ""sel_8th_pre_req_pre"": ""0"", ""sel_8th_pre_req"": ""626"", ""sel_8th_pre_bid"": ""+119900"", ""sel_7th_pre_req_pre"": ""0"", ""sel_7th_pre_req"": ""65"", ""sel_7th_pre_bid"": ""+119800"", ""sel_6th_pre_req_pre"": ""0"", ""sel_6th_pre_req"": ""195"", ""sel_6th_pre_bid"": ""+119700"", ""sel_5th_pre_req_pre"": ""0"", ""sel_5th_pre_req"": ""160"", ""sel_5th_pre_bid"": ""+119600"", ""sel_4th_pre_req_pre"": ""0"", ""sel_4th_pre_req"": ""418"", ""sel_4th_pre_bid"": ""+119500"", ""sel_3th_pre_req_pre"": ""0"", ""sel_3th_pre_req"": ""574"", ""sel_3th_pre_bid"": ""+119400"", ""sel_2th_pre_req_pre"": ""0"", ""sel_2th_pre_req"": ""14"", ""sel_2th_pre_bid"": ""+119300"", ""sel_1th_pre_req_pre"": ""--1"", ""sel_fpr_req"": ""1245"", ""sel_fpr_bid"": ""+119200"", ""buy_fpr_bid"": ""+119100"", ""buy_fpr_req"": ""27"", ""buy_1th_pre_req_pre"": ""0"", ""buy_2th_pre_bid"": ""119000"", ""buy_2th_pre_req"": ""207"", ""buy_2th_pre_req_pre"": ""0"", ""buy_3th_pre_bid"": ""-118900"", ""buy_3th_pre_req"": ""365"", ""buy_3th_pre_req_pre"": ""0"", ""buy_4th_pre_bid"": ""-118800"", ""buy_4th_pre_req"": ""333"", ""buy_4th_pre_req_pre"": ""0"", ""buy_5th_pre_bid"": ""-118700"", ""buy_5th_pre_req"": ""10"", ""buy_5th_pre_req_pre"": ""0"", ""buy_6th_pre_bid"": ""-118600"", ""buy_6th_pre_req"": ""15"", ""buy_6th_pre_req_pre"": ""0"", ""buy_7th_pre_bid"": ""-118500"", ""buy_7th_pre_req"": ""40"", ""buy_7th_pre_req_pre"": ""0"", ""buy_8th_pre_bid"": ""-118400"", ""buy_8th_pre_req"": ""663"", ""buy_8th_pre_req_pre"": ""0"", ""buy_9th_pre_bid"": ""-118300"", ""buy_9th_pre_req"": ""64"", ""buy_9th_pre_req_pre"": ""0"", ""buy_10th_pre_bid"": ""-118200"", ""buy_10th_pre_req"": ""1159"", ""buy_10th_pre_req_pre"": ""0"", ""tot_sel_req_jub_pre"": ""--1"", ""tot_sel_req"": ""4436"", ""tot_buy_req"": ""2883"", ""tot_buy_req_jub_pre"": ""0"", ""ovt_sel_req_pre"": ""0"", ""ovt_sel_req"": ""0"", ""ovt_buy_req"": ""0"", ""ovt_buy_req_pre"": ""0"", ""return_code"": 0, ""return_msg"": ""정상적으로 처리되었습니다""}"
2026-06-10,scan_candidate,000810,,0,main_scan,623000,,623000,622000,623000,626000,0.32102728731942215,0.16051364365971107,,,,,,"{""bid_req_base_tm"": ""111621"", ""sel_10th_pre_req_pre"": ""0"", ""sel_10th_pre_req"": ""3"", ""sel_10th_pre_bid"": ""-632000"", ""sel_9th_pre_req_pre"": ""0"", ""sel_9th_pre_req"": ""8"", ""sel_9th_pre_bid"": ""-631000"", ""sel_8th_pre_req_pre"": ""0"", ""sel_8th_pre_req"": ""48"", ""sel_8th_pre_bid"": ""-630000"", ""sel_7th_pre_req_pre"": ""0"", ""sel_7th_pre_req"": ""15"", ""sel_7th_pre_bid"": ""-629000"", ""sel_6th_pre_req_pre"": ""0"", ""sel_6th_pre_req"": ""21"", ""sel_6th_pre_bid"": ""-628000"", ""sel_5th_pre_req_pre"": ""0"", ""sel_5th_pre_req"": ""27"", ""sel_5th_pre_bid"": ""-627000"", ""sel_4th_pre_req_pre"": ""0"", ""sel_4th_pre_req"": ""23"", ""sel_4th_pre_bid"": ""-626000"", ""sel_3th_pre_req_pre"": ""0"", ""sel_3th_pre_req"": ""76"", ""sel_3th_pre_bid"": ""-625000"", ""sel_2th_pre_req_pre"": ""0"", ""sel_2th_pre_req"": ""21"", ""sel_2th_pre_bid"": ""-624000"", ""sel_1th_pre_req_pre"": ""0"", ""sel_fpr_req"": ""417"", ""sel_fpr_bid"": ""-623000"", ""buy_fpr_bid"": ""-622000"", ""buy_fpr_req"": ""504"", ""buy_1th_pre_req_pre"": ""--1"", ""buy_2th_pre_bid"": ""-621000"", ""buy_2th_pre_req"": ""106"", ""buy_2th_pre_req_pre"": ""0"", ""buy_3th_pre_bid"": ""-620000"", ""buy_3th_pre_req"": ""78"", ""buy_3th_pre_req_pre"": ""0"", ""buy_4th_pre_bid"": ""-619000"", ""buy_4th_pre_req"": ""4"", ""buy_4th_pre_req_pre"": ""0"", ""buy_5th_pre_bid"": ""-618000"", ""buy_5th_pre_req"": ""14"", ""buy_5th_pre_req_pre"": ""0"", ""buy_6th_pre_bid"": ""-617000"", ""buy_6th_pre_req"": ""36"", ""buy_6th_pre_req_pre"": ""0"", ""buy_7th_pre_bid"": ""-616000"", ""buy_7th_pre_req"": ""20"", ""buy_7th_pre_req_pre"": ""0"", ""buy_8th_pre_bid"": ""-615000"", ""buy_8th_pre_req"": ""18"", ""buy_8th_pre_req_pre"": ""0"", ""buy_9th_pre_bid"": ""-614000"", ""buy_9th_pre_req"": ""94"", ""buy_9th_pre_req_pre"": ""0"", ""buy_10th_pre_bid"": ""-613000"", ""buy_10th_pre_req"": ""37"", ""buy_10th_pre_req_pre"": ""0"", ""tot_sel_req_jub_pre"": ""0"", ""tot_sel_req"": ""659"", ""tot_buy_req"": ""911"", ""tot_buy_req_jub_pre"": ""--1"", ""ovt_sel_req_pre"": ""0"", ""ovt_sel_req"": ""0"", ""ovt_buy_req"": ""0"", ""ovt_buy_req_pre"": ""0"", ""return_code"": 0, ""return_msg"": ""정상적으로 처리되었습니다""}"
2026-06-10,scan_candidate,011070,,0,main_scan,1119000,,1119000,1118000,1119000,1122000,0.17873100983020554,0.08936550491510277,,,,,,"{""bid_req_base_tm"": ""111622"", ""sel_10th_pre_req_pre"": ""0"", ""sel_10th_pre_req"": ""18"", ""sel_10th_pre_bid"": ""-1129000"", ""sel_9th_pre_req_pre"": ""0"", ""sel_9th_pre_req"": ""16"", ""sel_9th_pre_bid"": ""-1128000"", ""sel_8th_pre_req_pre"": ""0"", ""sel_8th_pre_req"": ""14"", ""sel_8th_pre_bid"": ""-1127000"", ""sel_7th_pre_req_pre"": ""0"", ""sel_7th_pre_req"": ""31"", ""sel_7th_pre_bid"": ""-1126000"", ""sel_6th_pre_req_pre"": ""0"", ""sel_6th_pre_req"": ""42"", ""sel_6th_pre_bid"": ""-1125000"", ""sel_5th_pre_req_pre"": ""0"", ""sel_5th_pre_req"": ""1"", ""sel_5th_pre_bid"": ""-1124000"", ""sel_4th_pre_req_pre"": ""0"", ""sel_4th_pre_req"": ""269"", ""sel_4th_pre_bid"": ""-1123000"", ""sel_3th_pre_req_pre"": ""0"", ""sel_3th_pre_req"": ""19"", ""sel_3th_pre_bid"": ""-1122000"", ""sel_2th_pre_req_pre"": ""0"", ""sel_2th_pre_req"": ""32"", ""sel_2th_pre_bid"": ""-1121000"", ""sel_1th_pre_req_pre"": ""0"", ""sel_fpr_req"": ""72"", ""sel_fpr_bid"": ""-1119000"", ""buy_fpr_bid"": ""-1118000"", ""buy_fpr_req"": ""185"", ""buy_1th_pre_req_pre"": ""0"", ""buy_2th_pre_bid"": ""-1117000"", ""buy_2th_pre_req"": ""65"", ""buy_2th_pre_req_pre"": ""0"", ""buy_3th_pre_bid"": ""-1116000"", ""buy_3th_pre_req"": ""429"", ""buy_3th_pre_req_pre"": ""0"", ""buy_4th_pre_bid"": ""-1115000"", ""buy_4th_pre_req"": ""60"", ""buy_4th_pre_req_pre"": ""0"", ""buy_5th_pre_bid"": ""-1114000"", ""buy_5th_pre_req"": ""34"", ""buy_5th_pre_req_pre"": ""0"", ""buy_6th_pre_bid"": ""-1113000"", ""buy_6th_pre_req"": ""59"", ""buy_6th_pre_req_pre"": ""0"", ""buy_7th_pre_bid"": ""-1112000"", ""buy_7th_pre_req"": ""29"", ""buy_7th_pre_req_pre"": ""0"", ""buy_8th_pre_bid"": ""-1111000"", ""buy_8th_pre_req"": ""350"", ""buy_8th_pre_req_pre"": ""0"", ""buy_9th_pre_bid"": ""-1110000"", ""buy_9th_pre_req"": ""71"", ""buy_9th_pre_req_pre"": ""0"", ""buy_10th_pre_bid"": ""-1109000"", ""buy_10th_pre_req"": ""18"", ""buy_10th_pre_req_pre"": ""0"", ""tot_sel_req_jub_pre"": ""0"", ""tot_sel_req"": ""514"", ""tot_buy_req"": ""1300"", ""tot_buy_req_jub_pre"": ""0"", ""ovt_sel_req_pre"": ""0"", ""ovt_sel_req"": ""0"", ""ovt_buy_req"": ""0"", ""ovt_buy_req_pre"": ""0"", ""return_code"": 0, ""return_msg"": ""정상적으로 처리되었습니다""}"
2026-06-10,scan_candidate,042700,,0,main_scan,279500,,279500,279000,279500,281000,0.35778175313059035,0.17889087656529518,,,,,,"{""bid_req_base_tm"": ""111622"", ""sel_10th_pre_req_pre"": ""0"", ""sel_10th_pre_req"": ""215"", ""sel_10th_pre_bid"": ""+284000"", ""sel_9th_pre_req_pre"": ""0"", ""sel_9th_pre_req"": ""103"", ""sel_9th_pre_bid"": ""+283500"", ""sel_8th_pre_req_pre"": ""0"", ""sel_8th_pre_req"": ""215"", ""sel_8th_pre_bid"": ""+283000"", ""sel_7th_pre_req_pre"": ""0"", ""sel_7th_pre_req"": ""89"", ""sel_7th_pre_bid"": ""+282500"", ""sel_6th_pre_req_pre"": ""0"", ""sel_6th_pre_req"": ""101"", ""sel_6th_pre_bid"": ""+282000"", ""sel_5th_pre_req_pre"": ""0"", ""sel_5th_pre_req"": ""54"", ""sel_5th_pre_bid"": ""+281500"", ""sel_4th_pre_req_pre"": ""0"", ""sel_4th_pre_req"": ""43"", ""sel_4th_pre_bid"": ""+281000"", ""sel_3th_pre_req_pre"": ""0"", ""sel_3th_pre_req"": ""318"", ""sel_3th_pre_bid"": ""+280500"", ""sel_2th_pre_req_pre"": ""0"", ""sel_2th_pre_req"": ""404"", ""sel_2th_pre_bid"": ""+280000"", ""sel_1th_pre_req_pre"": ""+13"", ""sel_fpr_req"": ""212"", ""sel_fpr_bid"": ""+279500"", ""buy_fpr_bid"": ""+279000"", ""buy_fpr_req"": ""601"", ""buy_1th_pre_req_pre"": ""0"", ""buy_2th_pre_bid"": ""+278500"", ""buy_2th_pre_req"": ""577"", ""buy_2th_pre_req_pre"": ""0"", ""buy_3th_pre_bid"": ""+278000"", ""buy_3th_pre_req"": ""800"", ""buy_3th_pre_req_pre"": ""0"", ""buy_4th_pre_bid"": ""+277500"", ""buy_4th_pre_req"": ""282"", ""buy_4th_pre_req_pre"": ""0"", ""buy_5th_pre_bid"": ""+277000"", ""buy_5th_pre_req"": ""771"", ""buy_5th_pre_req_pre"": ""0"", ""buy_6th_pre_bid"": ""276500"", ""buy_6th_pre_req"": ""849"", ""buy_6th_pre_req_pre"": ""0"", ""buy_7th_pre_bid"": ""-276000"", ""buy_7th_pre_req"": ""463"", ""buy_7th_pre_req_pre"": ""0"", ""buy_8th_pre_bid"": ""-275500"", ""buy_8th_pre_req"": ""230"", ""buy_8th_pre_req_pre"": ""0"", ""buy_9th_pre_bid"": ""-275000"", ""buy_9th_pre_req"": ""1268"", ""buy_9th_pre_req_pre"": ""0"", ""buy_10th_pre_bid"": ""-274500"", ""buy_10th_pre_req"": ""159"", ""buy_10th_pre_req_pre"": ""0"", ""tot_sel_req_jub_pre"": ""+13"", ""tot_sel_req"": ""1754"", ""tot_buy_req"": ""6000"", ""tot_buy_req_jub_pre"": ""0"", ""ovt_sel_req_pre"": ""0"", ""ovt_sel_req"": ""0"", ""ovt_buy_req"": ""0"", ""ovt_buy_req_pre"": ""0"", ""return_code"": 0, ""return_msg"": ""정상적으로 처리되었습니다""}"
2026-06-10,scan_candidate,017670,,0,main_scan,106900,,106900,106800,106900,107000,-0.37418147801683815,0.09354536950420954,,,,,,"{""bid_req_base_tm"": ""111622"", ""sel_10th_pre_req_pre"": ""0"", ""sel_10th_pre_req"": ""123"", ""sel_10th_pre_bid"": ""-107900"", ""sel_9th_pre_req_pre"": ""0"", ""sel_9th_pre_req"": ""9"", ""sel_9th_pre_bid"": ""-107800"", ""sel_8th_pre_req_pre"": ""0"", ""sel_8th_pre_req"": ""51"", ""sel_8th_pre_bid"": ""-107600"", ""sel_7th_pre_req_pre"": ""0"", ""sel_7th_pre_req"": ""246"", ""sel_7th_pre_bid"": ""-107500"", ""sel_6th_pre_req_pre"": ""0"", ""sel_6th_pre_req"": ""60"", ""sel_6th_pre_bid"": ""-107400"", ""sel_5th_pre_req_pre"": ""0"", ""sel_5th_pre_req"": ""167"", ""sel_5th_pre_bid"": ""-107300"", ""sel_4th_pre_req_pre"": ""0"", ""sel_4th_pre_req"": ""42"", ""sel_4th_pre_bid"": ""-107200"", ""sel_3th_pre_req_pre"": ""0"", ""sel_3th_pre_req"": ""864"", ""sel_3th_pre_bid"": ""-107100"", ""sel_2th_pre_req_pre"": ""0"", ""sel_2th_pre_req"": ""566"", ""sel_2th_pre_bid"": ""-107000"", ""sel_1th_pre_req_pre"": ""--109"", ""sel_fpr_req"": ""207"", ""sel_fpr_bid"": ""-106900"", ""buy_fpr_bid"": ""-106800"", ""buy_fpr_req"": ""531"", ""buy_1th_pre_req_pre"": ""0"", ""buy_2th_pre_bid"": ""-106700"", ""buy_2th_pre_req"": ""768"", ""buy_2th_pre_req_pre"": ""0"", ""buy_3th_pre_bid"": ""-106600"", ""buy_3th_pre_req"": ""1596"", ""buy_3th_pre_req_pre"": ""0"", ""buy_4th_pre_bid"": ""-106500"", ""buy_4th_pre_req"": ""1526"", ""buy_4th_pre_req_pre"": ""0"", ""buy_5th_pre_bid"": ""-106400"", ""buy_5th_pre_req"": ""650"", ""buy_5th_pre_req_pre"": ""0"", ""buy_6th_pre_bid"": ""-106300"", ""buy_6th_pre_req"": ""584"", ""buy_6th_pre_req_pre"": ""0"", ""buy_7th_pre_bid"": ""-106200"", ""buy_7th_pre_req"": ""997"", ""buy_7th_pre_req_pre"": ""0"", ""buy_8th_pre_bid"": ""-106100"", ""buy_8th_pre_req"": ""1456"", ""buy_8th_pre_req_pre"": ""0"", ""buy_9th_pre_bid"": ""-106000"", ""buy_9th_pre_req"": ""3894"", ""buy_9th_pre_req_pre"": ""0"", ""buy_10th_pre_bid"": ""-105900"", ""buy_10th_pre_req"": ""817"", ""buy_10th_pre_req_pre"": ""0"", ""tot_sel_req_jub_pre"": ""--109"", ""tot_sel_req"": ""2335"", ""tot_buy_req"": ""12819"", ""tot_buy_req_jub_pre"": ""0"", ""ovt_sel_req_pre"": ""0"", ""ovt_sel_req"": ""0"", ""ovt_buy_req"": ""0"", ""ovt_buy_req_pre"": ""0"", ""return_code"": 0, ""return_msg"": ""정상적으로 처리되었습니다""}"
2026-06-10,scan_candidate,316140,,0,main_scan,29950,,29950,29900,29950,29900,-0.333889816360601,0.1669449081803005,,,,,,"{""bid_req_base_tm"": ""111622"", ""sel_10th_pre_req_pre"": ""0"", ""sel_10th_pre_req"": ""3192"", ""sel_10th_pre_bid"": ""+30400"", ""sel_9th_pre_req_pre"": ""0"", ""sel_9th_pre_req"": ""768"", ""sel_9th_pre_bid"": ""+30350"", ""sel_8th_pre_req_pre"": ""0"", ""sel_8th_pre_req"": ""2325"", ""sel_8th_pre_bid"": ""+30300"", ""sel_7th_pre_req_pre"": ""0"", ""sel_7th_pre_req"": ""1167"", ""sel_7th_pre_bid"": ""+30250"", ""sel_6th_pre_req_pre"": ""0"", ""sel_6th_pre_req"": ""7671"", ""sel_6th_pre_bid"": ""+30200"", ""sel_5th_pre_req_pre"": ""0"", ""sel_5th_pre_req"": ""953"", ""sel_5th_pre_bid"": ""+30150"", ""sel_4th_pre_req_pre"": ""0"", ""sel_4th_pre_req"": ""1568"", ""sel_4th_pre_bid"": ""+30100"", ""sel_3th_pre_req_pre"": ""0"", ""sel_3th_pre_req"": ""990"", ""sel_3th_pre_bid"": ""+30050"", ""sel_2th_pre_req_pre"": ""0"", ""sel_2th_pre_req"": ""1882"", ""sel_2th_pre_bid"": ""30000"", ""sel_1th_pre_req_pre"": ""0"", ""sel_fpr_req"": ""105"", ""sel_fpr_bid"": ""-29950"", ""buy_fpr_bid"": ""-29900"", ""buy_fpr_req"": ""6279"", ""buy_1th_pre_req_pre"": ""0"", ""buy_2th_pre_bid"": ""-29850"", ""buy_2th_pre_req"": ""1163"", ""buy_2th_pre_req_pre"": ""0"", ""buy_3th_pre_bid"": ""-29800"", ""buy_3th_pre_req"": ""3211"", ""buy_3th_pre_req_pre"": ""0"", ""buy_4th_pre_bid"": ""-29750"", ""buy_4th_pre_req"": ""1237"", ""buy_4th_pre_req_pre"": ""0"", ""buy_5th_pre_bid"": ""-29700"", ""buy_5th_pre_req"": ""948"", ""buy_5th_pre_req_pre"": ""0"", ""buy_6th_pre_bid"": ""-29650"", ""buy_6th_pre_req"": ""574"", ""buy_6th_pre_req_pre"": ""0"", ""buy_7th_pre_bid"": ""-29600"", ""buy_7th_pre_req"": ""1224"", ""buy_7th_pre_req_pre"": ""0"", ""buy_8th_pre_bid"": ""-29550"", ""buy_8th_pre_req"": ""758"", ""buy_8th_pre_req_pre"": ""0"", ""buy_9th_pre_bid"": ""-29500"", ""buy_9th_pre_req"": ""3687"", ""buy_9th_pre_req_pre"": ""0"", ""buy_10th_pre_bid"": ""-29450"", ""buy_10th_pre_req"": ""881"", ""buy_10th_pre_req_pre"": ""0"", ""tot_sel_req_jub_pre"": ""0"", ""tot_sel_req"": ""20621"", ""tot_buy_req"": ""19962"", ""tot_buy_req_jub_pre"": ""0"", ""ovt_sel_req_pre"": ""0"", ""ovt_sel_req"": ""0"", ""ovt_buy_req"": ""0"", ""ovt_buy_req_pre"": ""0"", ""return_code"": 0, ""return_msg"": ""정상적으로 처리되었습니다""}"
2026-06-10,scan_candidate,018260,,0,main_scan,230500,,230500,230000,230500,232500,0.6507592190889371,0.21691973969631237,,,,,,"{""bid_req_base_tm"": ""111621"", ""sel_10th_pre_req_pre"": ""0"", ""sel_10th_pre_req"": ""179"", ""sel_10th_pre_bid"": ""-235000"", ""sel_9th_pre_req_pre"": ""0"", ""sel_9th_pre_req"": ""147"", ""sel_9th_pre_bid"": ""-234500"", ""sel_8th_pre_req_pre"": ""0"", ""sel_8th_pre_req"": ""225"", ""sel_8th_pre_bid"": ""-234000"", ""sel_7th_pre_req_pre"": ""0"", ""sel_7th_pre_req"": ""83"", ""sel_7th_pre_bid"": ""-233500"", ""sel_6th_pre_req_pre"": ""0"", ""sel_6th_pre_req"": ""238"", ""sel_6th_pre_bid"": ""-233000"", ""sel_5th_pre_req_pre"": ""0"", ""sel_5th_pre_req"": ""203"", ""sel_5th_pre_bid"": ""-232500"", ""sel_4th_pre_req_pre"": ""0"", ""sel_4th_pre_req"": ""142"", ""sel_4th_pre_bid"": ""-232000"", ""sel_3th_pre_req_pre"": ""0"", ""sel_3th_pre_req"": ""98"", ""sel_3th_pre_bid"": ""-231500"", ""sel_2th_pre_req_pre"": ""0"", ""sel_2th_pre_req"": ""1111"", ""sel_2th_pre_bid"": ""-231000"", ""sel_1th_pre_req_pre"": ""0"", ""sel_fpr_req"": ""728"", ""sel_fpr_bid"": ""-230500"", ""buy_fpr_bid"": ""-230000"", ""buy_fpr_req"": ""3689"", ""buy_1th_pre_req_pre"": ""+1"", ""buy_2th_pre_bid"": ""-229500"", ""buy_2th_pre_req"": ""900"", ""buy_2th_pre_req_pre"": ""0"", ""buy_3th_pre_bid"": ""-229000"", ""buy_3th_pre_req"": ""1510"", ""buy_3th_pre_req_pre"": ""0"", ""buy_4th_pre_bid"": ""-228500"", ""buy_4th_pre_req"": ""984"", ""buy_4th_pre_req_pre"": ""0"", ""buy_5th_pre_bid"": ""-228000"", ""buy_5th_pre_req"": ""2690"", ""buy_5th_pre_req_pre"": ""0"", ""buy_6th_pre_bid"": ""-227500"", ""buy_6th_pre_req"": ""2243"", ""buy_6th_pre_req_pre"": ""0"", ""buy_7th_pre_bid"": ""-227000"", ""buy_7th_pre_req"": ""2150"", ""buy_7th_pre_req_pre"": ""0"", ""buy_8th_pre_bid"": ""-226500"", ""buy_8th_pre_req"": ""548"", ""buy_8th_pre_req_pre"": ""0"", ""buy_9th_pre_bid"": ""-226000"", ""buy_9th_pre_req"": ""1628"", ""buy_9th_pre_req_pre"": ""0"", ""buy_10th_pre_bid"": ""-225500"", ""buy_10th_pre_req"": ""2235"", ""buy_10th_pre_req_pre"": ""0"", ""tot_sel_req_jub_pre"": ""0"", ""tot_sel_req"": ""3154"", ""tot_buy_req"": ""18577"", ""tot_buy_req_jub_pre"": ""+1"", ""ovt_sel_req_pre"": ""0"", ""ovt_sel_req"": ""0"", ""ovt_buy_req"": ""0"", ""ovt_buy_req_pre"": ""0"", ""return_code"": 0, ""return_msg"": ""정상적으로 처리되었습니다""}"
2026-06-10,scan_candidate,033780,,0,main_scan,184300,,184300,184200,184300,183500,-0.705371676614216,0.05425935973955508,,,,,,"{""bid_req_base_tm"": ""111623"", ""sel_10th_pre_req_pre"": ""0"", ""sel_10th_pre_req"": ""13"", ""sel_10th_pre_bid"": ""+185200"", ""sel_9th_pre_req_pre"": ""0"", ""sel_9th_pre_req"": ""3"", ""sel_9th_pre_bid"": ""+185100"", ""sel_8th_pre_req_pre"": ""0"", ""sel_8th_pre_req"": ""1177"", ""sel_8th_pre_bid"": ""+185000"", ""sel_7th_pre_req_pre"": ""0"", ""sel_7th_pre_req"": ""58"", ""sel_7th_pre_bid"": ""+184900"", ""sel_6th_pre_req_pre"": ""0"", ""sel_6th_pre_req"": ""79"", ""sel_6th_pre_bid"": ""+184800"", ""sel_5th_pre_req_pre"": ""--54"", ""sel_5th_pre_req"": ""471"", ""sel_5th_pre_bid"": ""+184700"", ""sel_4th_pre_req_pre"": ""0"", ""sel_4th_pre_req"": ""158"", ""sel_4th_pre_bid"": ""+184600"", ""sel_3th_pre_req_pre"": ""0"", ""sel_3th_pre_req"": ""122"", ""sel_3th_pre_bid"": ""+184500"", ""sel_2th_pre_req_pre"": ""0"", ""sel_2th_pre_req"": ""376"", ""sel_2th_pre_bid"": ""+184400"", ""sel_1th_pre_req_pre"": ""0"", ""sel_fpr_req"": ""628"", ""sel_fpr_bid"": ""184300"", ""buy_fpr_bid"": ""-184200"", ""buy_fpr_req"": ""249"", ""buy_1th_pre_req_pre"": ""0"", ""buy_2th_pre_bid"": ""-184100"", ""buy_2th_pre_req"": ""117"", ""buy_2th_pre_req_pre"": ""0"", ""buy_3th_pre_bid"": ""-184000"", ""buy_3th_pre_req"": ""50"", ""buy_3th_pre_req_pre"": ""0"", ""buy_4th_pre_bid"": ""-183900"", ""buy_4th_pre_req"": ""48"", ""buy_4th_pre_req_pre"": ""0"", ""buy_5th_pre_bid"": ""-183800"", ""buy_5th_pre_req"": ""1"", ""buy_5th_pre_req_pre"": ""0"", ""buy_6th_pre_bid"": ""-183700"", ""buy_6th_pre_req"": ""5"", ""buy_6th_pre_req_pre"": ""0"", ""buy_7th_pre_bid"": ""-183600"", ""buy_7th_pre_req"": ""11"", ""buy_7th_pre_req_pre"": ""0"", ""buy_8th_pre_bid"": ""-183500"", ""buy_8th_pre_req"": ""20"", ""buy_8th_pre_req_pre"": ""0"", ""buy_9th_pre_bid"": ""-183400"", ""buy_9th_pre_req"": ""41"", ""buy_9th_pre_req_pre"": ""0"", ""buy_10th_pre_bid"": ""-183300"", ""buy_10th_pre_req"": ""86"", ""buy_10th_pre_req_pre"": ""0"", ""tot_sel_req_jub_pre"": ""--54"", ""tot_sel_req"": ""3085"", ""tot_buy_req"": ""628"", ""tot_buy_req_jub_pre"": ""0"", ""ovt_sel_req_pre"": ""0"", ""ovt_sel_req"": ""0"", ""ovt_buy_req"": ""0"", ""ovt_buy_req_pre"": ""0"", ""return_code"": 0, ""return_msg"": ""정상적으로 처리되었습니다""}"
2026-06-10,scan_candidate,307950,,0,main_scan,688000,,688000,687000,688000,690000,0.14534883720930233,0.14534883720930233,,,,,,"{""bid_req_base_tm"": ""111623"", ""sel_10th_pre_req_pre"": ""0"", ""sel_10th_pre_req"": ""4"", ""sel_10th_pre_bid"": ""+698000"", ""sel_9th_pre_req_pre"": ""0"", ""sel_9th_pre_req"": ""10"", ""sel_9th_pre_bid"": ""+697000"", ""sel_8th_pre_req_pre"": ""0"", ""sel_8th_pre_req"": ""1"", ""sel_8th_pre_bid"": ""+696000"", ""sel_7th_pre_req_pre"": ""0"", ""sel_7th_pre_req"": ""27"", ""sel_7th_pre_bid"": ""+695000"", ""sel_6th_pre_req_pre"": ""0"", ""sel_6th_pre_req"": ""22"", ""sel_6th_pre_bid"": ""+694000"", ""sel_5th_pre_req_pre"": ""0"", ""sel_5th_pre_req"": ""40"", ""sel_5th_pre_bid"": ""+693000"", ""sel_4th_pre_req_pre"": ""0"", ""sel_4th_pre_req"": ""36"", ""sel_4th_pre_bid"": ""+691000"", ""sel_3th_pre_req_pre"": ""0"", ""sel_3th_pre_req"": ""153"", ""sel_3th_pre_bid"": ""+690000"", ""sel_2th_pre_req_pre"": ""0"", ""sel_2th_pre_req"": ""104"", ""sel_2th_pre_bid"": ""+689000"", ""sel_1th_pre_req_pre"": ""0"", ""sel_fpr_req"": ""111"", ""sel_fpr_bid"": ""+688000"", ""buy_fpr_bid"": ""687000"", ""buy_fpr_req"": ""22"", ""buy_1th_pre_req_pre"": ""--2"", ""buy_2th_pre_bid"": ""-686000"", ""buy_2th_pre_req"": ""121"", ""buy_2th_pre_req_pre"": ""0"", ""buy_3th_pre_bid"": ""-685000"", ""buy_3th_pre_req"": ""166"", ""buy_3th_pre_req_pre"": ""0"", ""buy_4th_pre_bid"": ""-684000"", ""buy_4th_pre_req"": ""148"", ""buy_4th_pre_req_pre"": ""0"", ""buy_5th_pre_bid"": ""-683000"", ""buy_5th_pre_req"": ""182"", ""buy_5th_pre_req_pre"": ""0"", ""buy_6th_pre_bid"": ""-682000"", ""buy_6th_pre_req"": ""87"", ""buy_6th_pre_req_pre"": ""0"", ""buy_7th_pre_bid"": ""-681000"", ""buy_7th_pre_req"": ""164"", ""buy_7th_pre_req_pre"": ""0"", ""buy_8th_pre_bid"": ""-680000"", ""buy_8th_pre_req"": ""598"", ""buy_8th_pre_req_pre"": ""0"", ""buy_9th_pre_bid"": ""-679000"", ""buy_9th_pre_req"": ""48"", ""buy_9th_pre_req_pre"": ""0"", ""buy_10th_pre_bid"": ""-678000"", ""buy_10th_pre_req"": ""54"", ""buy_10th_pre_req_pre"": ""0"", ""tot_sel_req_jub_pre"": ""0"", ""tot_sel_req"": ""508"", ""tot_buy_req"": ""1590"", ""tot_buy_req_jub_pre"": ""--2"", ""ovt_sel_req_pre"": ""0"", ""ovt_sel_req"": ""0"", ""ovt_buy_req"": ""0"", ""ovt_buy_req_pre"": ""0"", ""return_code"": 0, ""return_msg"": ""정상적으로 처리되었습니다""}"
2026-06-10,scan_candidate,138040,,0,main_scan,109400,,109400,109300,109400,109000,-0.8226691042047531,0.09140767824497258,,,,,,"{""bid_req_base_tm"": ""111623"", ""sel_10th_pre_req_pre"": ""0"", ""sel_10th_pre_req"": ""1566"", ""sel_10th_pre_bid"": ""+110300"", ""sel_9th_pre_req_pre"": ""0"", ""sel_9th_pre_req"": ""526"", ""sel_9th_pre_bid"": ""+110200"", ""sel_8th_pre_req_pre"": ""0"", ""sel_8th_pre_req"": ""5082"", ""sel_8th_pre_bid"": ""+110100"", ""sel_7th_pre_req_pre"": ""0"", ""sel_7th_pre_req"": ""1015"", ""sel_7th_pre_bid"": ""+110000"", ""sel_6th_pre_req_pre"": ""0"", ""sel_6th_pre_req"": ""592"", ""sel_6th_pre_bid"": ""+109900"", ""sel_5th_pre_req_pre"": ""0"", ""sel_5th_pre_req"": ""534"", ""sel_5th_pre_bid"": ""+109800"", ""sel_4th_pre_req_pre"": ""0"", ""sel_4th_pre_req"": ""52"", ""sel_4th_pre_bid"": ""+109700"", ""sel_3th_pre_req_pre"": ""0"", ""sel_3th_pre_req"": ""311"", ""sel_3th_pre_bid"": ""+109600"", ""sel_2th_pre_req_pre"": ""0"", ""sel_2th_pre_req"": ""115"", ""sel_2th_pre_bid"": ""+109500"", ""sel_1th_pre_req_pre"": ""+1"", ""sel_fpr_req"": ""261"", ""sel_fpr_bid"": ""+109400"", ""buy_fpr_bid"": ""+109300"", ""buy_fpr_req"": ""220"", ""buy_1th_pre_req_pre"": ""0"", ""buy_2th_pre_bid"": ""+109200"", ""buy_2th_pre_req"": ""595"", ""buy_2th_pre_req_pre"": ""0"", ""buy_3th_pre_bid"": ""109100"", ""buy_3th_pre_req"": ""60"", ""buy_3th_pre_req_pre"": ""0"", ""buy_4th_pre_bid"": ""-108900"", ""buy_4th_pre_req"": ""13"", ""buy_4th_pre_req_pre"": ""0"", ""buy_5th_pre_bid"": ""-108800"", ""buy_5th_pre_req"": ""20"", ""buy_5th_pre_req_pre"": ""0"", ""buy_6th_pre_bid"": ""-108700"", ""buy_6th_pre_req"": ""54"", ""buy_6th_pre_req_pre"": ""0"", ""buy_7th_pre_bid"": ""-108600"", ""buy_7th_pre_req"": ""276"", ""buy_7th_pre_req_pre"": ""0"", ""buy_8th_pre_bid"": ""-108500"", ""buy_8th_pre_req"": ""286"", ""buy_8th_pre_req_pre"": ""0"", ""buy_9th_pre_bid"": ""-108400"", ""buy_9th_pre_req"": ""23"", ""buy_9th_pre_req_pre"": ""0"", ""buy_10th_pre_bid"": ""-108300"", ""buy_10th_pre_req"": ""3"", ""buy_10th_pre_req_pre"": ""0"", ""tot_sel_req_jub_pre"": ""+1"", ""tot_sel_req"": ""10054"", ""tot_buy_req"": ""1550"", ""tot_buy_req_jub_pre"": ""0"", ""ovt_sel_req_pre"": ""0"", ""ovt_sel_req"": ""0"", ""ovt_buy_req"": ""0"", ""ovt_buy_req_pre"": ""0"", ""return_code"": 0, ""return_msg"": ""정상적으로 처리되었습니다""}"
2026-06-10,scan_candidate,003550,,0,main_scan,109200,,109200,109100,109200,108500,-1.098901098901099,0.09157509157509157,,,,,,"{""bid_req_base_tm"": ""111623"", ""sel_10th_pre_req_pre"": ""0"", ""sel_10th_pre_req"": ""3"", ""sel_10th_pre_bid"": ""-110100"", ""sel_9th_pre_req_pre"": ""0"", ""sel_9th_pre_req"": ""140"", ""sel_9th_pre_bid"": ""-110000"", ""sel_8th_pre_req_pre"": ""0"", ""sel_8th_pre_req"": ""18"", ""sel_8th_pre_bid"": ""-109900"", ""sel_7th_pre_req_pre"": ""0"", ""sel_7th_pre_req"": ""147"", ""sel_7th_pre_bid"": ""-109800"", ""sel_6th_pre_req_pre"": ""0"", ""sel_6th_pre_req"": ""33"", ""sel_6th_pre_bid"": ""-109700"", ""sel_5th_pre_req_pre"": ""0"", ""sel_5th_pre_req"": ""336"", ""sel_5th_pre_bid"": ""-109600"", ""sel_4th_pre_req_pre"": ""0"", ""sel_4th_pre_req"": ""58"", ""sel_4th_pre_bid"": ""-109500"", ""sel_3th_pre_req_pre"": ""0"", ""sel_3th_pre_req"": ""218"", ""sel_3th_pre_bid"": ""-109400"", ""sel_2th_pre_req_pre"": ""0"", ""sel_2th_pre_req"": ""1"", ""sel_2th_pre_bid"": ""-109300"", ""sel_1th_pre_req_pre"": ""0"", ""sel_fpr_req"": ""126"", ""sel_fpr_bid"": ""-109200"", ""buy_fpr_bid"": ""-109100"", ""buy_fpr_req"": ""83"", ""buy_1th_pre_req_pre"": ""+14"", ""buy_2th_pre_bid"": ""-109000"", ""buy_2th_pre_req"": ""47"", ""buy_2th_pre_req_pre"": ""0"", ""buy_3th_pre_bid"": ""-108900"", ""buy_3th_pre_req"": ""31"", ""buy_3th_pre_req_pre"": ""0"", ""buy_4th_pre_bid"": ""-108800"", ""buy_4th_pre_req"": ""23"", ""buy_4th_pre_req_pre"": ""0"", ""buy_5th_pre_bid"": ""-108700"", ""buy_5th_pre_req"": ""11"", ""buy_5th_pre_req_pre"": ""0"", ""buy_6th_pre_bid"": ""-108600"", ""buy_6th_pre_req"": ""127"", ""buy_6th_pre_req_pre"": ""0"", ""buy_7th_pre_bid"": ""-108500"", ""buy_7th_pre_req"": ""76"", ""buy_7th_pre_req_pre"": ""0"", ""buy_8th_pre_bid"": ""-108400"", ""buy_8th_pre_req"": ""70"", ""buy_8th_pre_req_pre"": ""0"", ""buy_9th_pre_bid"": ""-108300"", ""buy_9th_pre_req"": ""127"", ""buy_9th_pre_req_pre"": ""0"", ""buy_10th_pre_bid"": ""-108200"", ""buy_10th_pre_req"": ""166"", ""buy_10th_pre_req_pre"": ""0"", ""tot_sel_req_jub_pre"": ""0"", ""tot_sel_req"": ""1080"", ""tot_buy_req"": ""761"", ""tot_buy_req_jub_pre"": ""+14"", ""ovt_sel_req_pre"": ""0"", ""ovt_sel_req"": ""0"", ""ovt_buy_req"": ""0"", ""ovt_buy_req_pre"": ""0"", ""return_code"": 0, ""return_msg"": ""정상적으로 처리되었습니다""}"
2026-06-10,scan_candidate,024110,,0,main_scan,21100,,21100,21050,21100,20850,-1.4218009478672986,0.23696682464454977,,,,,,"{""bid_req_base_tm"": ""111621"", ""sel_10th_pre_req_pre"": ""0"", ""sel_10th_pre_req"": ""3025"", ""sel_10th_pre_bid"": ""+21550"", ""sel_9th_pre_req_pre"": ""0"", ""sel_9th_pre_req"": ""46737"", ""sel_9th_pre_bid"": ""+21500"", ""sel_8th_pre_req_pre"": ""0"", ""sel_8th_pre_req"": ""4752"", ""sel_8th_pre_bid"": ""+21450"", ""sel_7th_pre_req_pre"": ""0"", ""sel_7th_pre_req"": ""10821"", ""sel_7th_pre_bid"": ""+21400"", ""sel_6th_pre_req_pre"": ""0"", ""sel_6th_pre_req"": ""5017"", ""sel_6th_pre_bid"": ""+21350"", ""sel_5th_pre_req_pre"": ""0"", ""sel_5th_pre_req"": ""13512"", ""sel_5th_pre_bid"": ""+21300"", ""sel_4th_pre_req_pre"": ""0"", ""sel_4th_pre_req"": ""8607"", ""sel_4th_pre_bid"": ""+21250"", ""sel_3th_pre_req_pre"": ""0"", ""sel_3th_pre_req"": ""19125"", ""sel_3th_pre_bid"": ""+21200"", ""sel_2th_pre_req_pre"": ""0"", ""sel_2th_pre_req"": ""23093"", ""sel_2th_pre_bid"": ""+21150"", ""sel_1th_pre_req_pre"": ""0"", ""sel_fpr_req"": ""2035"", ""sel_fpr_bid"": ""+21100"", ""buy_fpr_bid"": ""+21050"", ""buy_fpr_req"": ""158"", ""buy_1th_pre_req_pre"": ""0"", ""buy_2th_pre_bid"": ""+21000"", ""buy_2th_pre_req"": ""933"", ""buy_2th_pre_req_pre"": ""0"", ""buy_3th_pre_bid"": ""+20950"", ""buy_3th_pre_req"": ""2382"", ""buy_3th_pre_req_pre"": ""0"", ""buy_4th_pre_bid"": ""+20900"", ""buy_4th_pre_req"": ""2795"", ""buy_4th_pre_req_pre"": ""0"", ""buy_5th_pre_bid"": ""+20850"", ""buy_5th_pre_req"": ""3117"", ""buy_5th_pre_req_pre"": ""0"", ""buy_6th_pre_bid"": ""+20800"", ""buy_6th_pre_req"": ""2242"", ""buy_6th_pre_req_pre"": ""0"", ""buy_7th_pre_bid"": ""+20750"", ""buy_7th_pre_req"": ""1818"", ""buy_7th_pre_req_pre"": ""0"", ""buy_8th_pre_bid"": ""+20700"", ""buy_8th_pre_req"": ""2431"", ""buy_8th_pre_req_pre"": ""0"", ""buy_9th_pre_bid"": ""+20650"", ""buy_9th_pre_req"": ""2044"", ""buy_9th_pre_req_pre"": ""0"", ""buy_10th_pre_bid"": ""+20600"", ""buy_10th_pre_req"": ""3765"", ""buy_10th_pre_req_pre"": ""0"", ""tot_sel_req_jub_pre"": ""0"", ""tot_sel_req"": ""136724"", ""tot_buy_req"": ""21685"", ""tot_buy_req_jub_pre"": ""0"", ""ovt_sel_req_pre"": ""0"", ""ovt_sel_req"": ""0"", ""ovt_buy_req"": ""0"", ""ovt_buy_req_pre"": ""0"", ""return_code"": 0, ""return_msg"": ""정상적으로 처리되었습니다""}"
2026-06-10,scan_candidate,079550,,0,main_scan,768000,,768000,767000,768000,770000,0.13020833333333331,0.13020833333333331,,,,,,"{""bid_req_base_tm"": ""111624"", ""sel_10th_pre_req_pre"": ""0"", ""sel_10th_pre_req"": ""17"", ""sel_10th_pre_bid"": ""+779000"", ""sel_9th_pre_req_pre"": ""0"", ""sel_9th_pre_req"": ""32"", ""sel_9th_pre_bid"": ""+778000"", ""sel_8th_pre_req_pre"": ""0"", ""sel_8th_pre_req"": ""74"", ""sel_8th_pre_bid"": ""+777000"", ""sel_7th_pre_req_pre"": ""0"", ""sel_7th_pre_req"": ""192"", ""sel_7th_pre_bid"": ""+775000"", ""sel_6th_pre_req_pre"": ""0"", ""sel_6th_pre_req"": ""50"", ""sel_6th_pre_bid"": ""+774000"", ""sel_5th_pre_req_pre"": ""0"", ""sel_5th_pre_req"": ""16"", ""sel_5th_pre_bid"": ""+773000"", ""sel_4th_pre_req_pre"": ""0"", ""sel_4th_pre_req"": ""9"", ""sel_4th_pre_bid"": ""+772000"", ""sel_3th_pre_req_pre"": ""0"", ""sel_3th_pre_req"": ""290"", ""sel_3th_pre_bid"": ""+770000"", ""sel_2th_pre_req_pre"": ""0"", ""sel_2th_pre_req"": ""29"", ""sel_2th_pre_bid"": ""+769000"", ""sel_1th_pre_req_pre"": ""0"", ""sel_fpr_req"": ""24"", ""sel_fpr_bid"": ""+768000"", ""buy_fpr_bid"": ""+767000"", ""buy_fpr_req"": ""58"", ""buy_1th_pre_req_pre"": ""--48"", ""buy_2th_pre_bid"": ""+766000"", ""buy_2th_pre_req"": ""22"", ""buy_2th_pre_req_pre"": ""0"", ""buy_3th_pre_bid"": ""+765000"", ""buy_3th_pre_req"": ""230"", ""buy_3th_pre_req_pre"": ""0"", ""buy_4th_pre_bid"": ""+764000"", ""buy_4th_pre_req"": ""229"", ""buy_4th_pre_req_pre"": ""0"", ""buy_5th_pre_bid"": ""+763000"", ""buy_5th_pre_req"": ""57"", ""buy_5th_pre_req_pre"": ""0"", ""buy_6th_pre_bid"": ""+762000"", ""buy_6th_pre_req"": ""203"", ""buy_6th_pre_req_pre"": ""0"", ""buy_7th_pre_bid"": ""+761000"", ""buy_7th_pre_req"": ""81"", ""buy_7th_pre_req_pre"": ""0"", ""buy_8th_pre_bid"": ""+760000"", ""buy_8th_pre_req"": ""124"", ""buy_8th_pre_req_pre"": ""0"", ""buy_9th_pre_bid"": ""+759000"", ""buy_9th_pre_req"": ""11"", ""buy_9th_pre_req_pre"": ""0"", ""buy_10th_pre_bid"": ""+758000"", ""buy_10th_pre_req"": ""18"", ""buy_10th_pre_req_pre"": ""0"", ""tot_sel_req_jub_pre"": ""0"", ""tot_sel_req"": ""733"", ""tot_buy_req"": ""1033"", ""tot_buy_req_jub_pre"": ""--48"", ""ovt_sel_req_pre"": ""0"", ""ovt_sel_req"": ""0"", ""ovt_buy_req"": ""0"", ""ovt_buy_req_pre"": ""0"", ""return_code"": 0, ""return_msg"": ""정상적으로 처리되었습니다""}"
2026-06-10,scan_candidate,278470,,0,main_scan,417500,,417500,417000,417500,417500,-0.11976047904191617,0.11976047904191617,,,,,,"{""bid_req_base_tm"": ""111624"", ""sel_10th_pre_req_pre"": ""0"", ""sel_10th_pre_req"": ""554"", ""sel_10th_pre_bid"": ""+422500"", ""sel_9th_pre_req_pre"": ""0"", ""sel_9th_pre_req"": ""309"", ""sel_9th_pre_bid"": ""+422000"", ""sel_8th_pre_req_pre"": ""0"", ""sel_8th_pre_req"": ""147"", ""sel_8th_pre_bid"": ""+421500"", ""sel_7th_pre_req_pre"": ""0"", ""sel_7th_pre_req"": ""85"", ""sel_7th_pre_bid"": ""+421000"", ""sel_6th_pre_req_pre"": ""0"", ""sel_6th_pre_req"": ""96"", ""sel_6th_pre_bid"": ""+420500"", ""sel_5th_pre_req_pre"": ""0"", ""sel_5th_pre_req"": ""119"", ""sel_5th_pre_bid"": ""+420000"", ""sel_4th_pre_req_pre"": ""0"", ""sel_4th_pre_req"": ""5"", ""sel_4th_pre_bid"": ""+419500"", ""sel_3th_pre_req_pre"": ""0"", ""sel_3th_pre_req"": ""11"", ""sel_3th_pre_bid"": ""+419000"", ""sel_2th_pre_req_pre"": ""0"", ""sel_2th_pre_req"": ""127"", ""sel_2th_pre_bid"": ""+418500"", ""sel_1th_pre_req_pre"": ""0"", ""sel_fpr_req"": ""160"", ""sel_fpr_bid"": ""+417500"", ""buy_fpr_bid"": ""+417000"", ""buy_fpr_req"": ""116"", ""buy_1th_pre_req_pre"": ""0"", ""buy_2th_pre_bid"": ""+416500"", ""buy_2th_pre_req"": ""95"", ""buy_2th_pre_req_pre"": ""+1"", ""buy_3th_pre_bid"": ""+416000"", ""buy_3th_pre_req"": ""67"", ""buy_3th_pre_req_pre"": ""0"", ""buy_4th_pre_bid"": ""+415500"", ""buy_4th_pre_req"": ""162"", ""buy_4th_pre_req_pre"": ""0"", ""buy_5th_pre_bid"": ""+415000"", ""buy_5th_pre_req"": ""438"", ""buy_5th_pre_req_pre"": ""0"", ""buy_6th_pre_bid"": ""+414500"", ""buy_6th_pre_req"": ""302"", ""buy_6th_pre_req_pre"": ""0"", ""buy_7th_pre_bid"": ""+414000"", ""buy_7th_pre_req"": ""25"", ""buy_7th_pre_req_pre"": ""0"", ""buy_8th_pre_bid"": ""+413500"", ""buy_8th_pre_req"": ""123"", ""buy_8th_pre_req_pre"": ""0"", ""buy_9th_pre_bid"": ""+413000"", ""buy_9th_pre_req"": ""27"", ""buy_9th_pre_req_pre"": ""0"", ""buy_10th_pre_bid"": ""+412500"", ""buy_10th_pre_req"": ""9"", ""buy_10th_pre_req_pre"": ""0"", ""tot_sel_req_jub_pre"": ""0"", ""tot_sel_req"": ""1613"", ""tot_buy_req"": ""1364"", ""tot_buy_req_jub_pre"": ""+1"", ""ovt_sel_req_pre"": ""0"", ""ovt_sel_req"": ""0"", ""ovt_buy_req"": ""0"", ""ovt_buy_req_pre"": ""0"", ""return_code"": 0, ""return_msg"": ""정상적으로 처리되었습니다""}"
2026-06-10,scan_candidate,030200,,0,main_scan,54900,,54900,54800,54900,54800,-0.36429872495446264,0.18214936247723132,,,,,,"{""bid_req_base_tm"": ""111624"", ""sel_10th_pre_req_pre"": ""0"", ""sel_10th_pre_req"": ""1798"", ""sel_10th_pre_bid"": ""+55800"", ""sel_9th_pre_req_pre"": ""0"", ""sel_9th_pre_req"": ""1048"", ""sel_9th_pre_bid"": ""+55700"", ""sel_8th_pre_req_pre"": ""0"", ""sel_8th_pre_req"": ""790"", ""sel_8th_pre_bid"": ""+55600"", ""sel_7th_pre_req_pre"": ""0"", ""sel_7th_pre_req"": ""3267"", ""sel_7th_pre_bid"": ""+55500"", ""sel_6th_pre_req_pre"": ""0"", ""sel_6th_pre_req"": ""1360"", ""sel_6th_pre_bid"": ""+55400"", ""sel_5th_pre_req_pre"": ""0"", ""sel_5th_pre_req"": ""2259"", ""sel_5th_pre_bid"": ""+55300"", ""sel_4th_pre_req_pre"": ""0"", ""sel_4th_pre_req"": ""1138"", ""sel_4th_pre_bid"": ""+55200"", ""sel_3th_pre_req_pre"": ""0"", ""sel_3th_pre_req"": ""1257"", ""sel_3th_pre_bid"": ""+55100"", ""sel_2th_pre_req_pre"": ""0"", ""sel_2th_pre_req"": ""611"", ""sel_2th_pre_bid"": ""+55000"", ""sel_1th_pre_req_pre"": ""0"", ""sel_fpr_req"": ""574"", ""sel_fpr_bid"": ""+54900"", ""buy_fpr_bid"": ""+54800"", ""buy_fpr_req"": ""1111"", ""buy_1th_pre_req_pre"": ""--9"", ""buy_2th_pre_bid"": ""+54700"", ""buy_2th_pre_req"": ""265"", ""buy_2th_pre_req_pre"": ""0"", ""buy_3th_pre_bid"": ""+54600"", ""buy_3th_pre_req"": ""487"", ""buy_3th_pre_req_pre"": ""0"", ""buy_4th_pre_bid"": ""+54500"", ""buy_4th_pre_req"": ""1411"", ""buy_4th_pre_req_pre"": ""0"", ""buy_5th_pre_bid"": ""+54400"", ""buy_5th_pre_req"": ""450"", ""buy_5th_pre_req_pre"": ""0"", ""buy_6th_pre_bid"": ""+54300"", ""buy_6th_pre_req"": ""916"", ""buy_6th_pre_req_pre"": ""0"", ""buy_7th_pre_bid"": ""+54200"", ""buy_7th_pre_req"": ""1874"", ""buy_7th_pre_req_pre"": ""0"", ""buy_8th_pre_bid"": ""+54100"", ""buy_8th_pre_req"": ""478"", ""buy_8th_pre_req_pre"": ""0"", ""buy_9th_pre_bid"": ""+54000"", ""buy_9th_pre_req"": ""3506"", ""buy_9th_pre_req_pre"": ""0"", ""buy_10th_pre_bid"": ""+53900"", ""buy_10th_pre_req"": ""937"", ""buy_10th_pre_req_pre"": ""0"", ""tot_sel_req_jub_pre"": ""0"", ""tot_sel_req"": ""14102"", ""tot_buy_req"": ""11435"", ""tot_buy_req_jub_pre"": ""--9"", ""ovt_sel_req_pre"": ""0"", ""ovt_sel_req"": ""0"", ""ovt_buy_req"": ""0"", ""ovt_buy_req_pre"": ""0"", ""return_code"": 0, ""return_msg"": ""정상적으로 처리되었습니다""}"
2026-06-10,scan_candidate,010950,,0,main_scan,112300,,112300,112200,112300,111500,-1.157613535173642,0.08904719501335707,,,,,,"{""bid_req_base_tm"": ""111625"", ""sel_10th_pre_req_pre"": ""0"", ""sel_10th_pre_req"": ""26"", ""sel_10th_pre_bid"": ""+113200"", ""sel_9th_pre_req_pre"": ""0"", ""sel_9th_pre_req"": ""28"", ""sel_9th_pre_bid"": ""+113100"", ""sel_8th_pre_req_pre"": ""0"", ""sel_8th_pre_req"": ""591"", ""sel_8th_pre_bid"": ""+113000"", ""sel_7th_pre_req_pre"": ""0"", ""sel_7th_pre_req"": ""232"", ""sel_7th_pre_bid"": ""+112900"", ""sel_6th_pre_req_pre"": ""0"", ""sel_6th_pre_req"": ""1072"", ""sel_6th_pre_bid"": ""+112800"", ""sel_5th_pre_req_pre"": ""0"", ""sel_5th_pre_req"": ""599"", ""sel_5th_pre_bid"": ""+112700"", ""sel_4th_pre_req_pre"": ""0"", ""sel_4th_pre_req"": ""13"", ""sel_4th_pre_bid"": ""+112600"", ""sel_3th_pre_req_pre"": ""0"", ""sel_3th_pre_req"": ""529"", ""sel_3th_pre_bid"": ""+112500"", ""sel_2th_pre_req_pre"": ""0"", ""sel_2th_pre_req"": ""175"", ""sel_2th_pre_bid"": ""+112400"", ""sel_1th_pre_req_pre"": ""0"", ""sel_fpr_req"": ""65"", ""sel_fpr_bid"": ""+112300"", ""buy_fpr_bid"": ""+112200"", ""buy_fpr_req"": ""133"", ""buy_1th_pre_req_pre"": ""+4"", ""buy_2th_pre_bid"": ""+112100"", ""buy_2th_pre_req"": ""5"", ""buy_2th_pre_req_pre"": ""0"", ""buy_3th_pre_bid"": ""+111900"", ""buy_3th_pre_req"": ""489"", ""buy_3th_pre_req_pre"": ""0"", ""buy_4th_pre_bid"": ""+111800"", ""buy_4th_pre_req"": ""1"", ""buy_4th_pre_req_pre"": ""0"", ""buy_5th_pre_bid"": ""+111700"", ""buy_5th_pre_req"": ""150"", ""buy_5th_pre_req_pre"": ""0"", ""buy_6th_pre_bid"": ""+111600"", ""buy_6th_pre_req"": ""340"", ""buy_6th_pre_req_pre"": ""0"", ""buy_7th_pre_bid"": ""+111500"", ""buy_7th_pre_req"": ""1"", ""buy_7th_pre_req_pre"": ""0"", ""buy_8th_pre_bid"": ""+111400"", ""buy_8th_pre_req"": ""4"", ""buy_8th_pre_req_pre"": ""0"", ""buy_9th_pre_bid"": ""+111300"", ""buy_9th_pre_req"": ""22"", ""buy_9th_pre_req_pre"": ""0"", ""buy_10th_pre_bid"": ""+111100"", ""buy_10th_pre_req"": ""5"", ""buy_10th_pre_req_pre"": ""0"", ""tot_sel_req_jub_pre"": ""0"", ""tot_sel_req"": ""3330"", ""tot_buy_req"": ""1150"", ""tot_buy_req_jub_pre"": ""+4"", ""ovt_sel_req_pre"": ""0"", ""ovt_sel_req"": ""0"", ""ovt_buy_req"": ""0"", ""ovt_buy_req_pre"": ""0"", ""return_code"": 0, ""return_msg"": ""정상적으로 처리되었습니다""}"
2026-06-10,scan_candidate,323410,,0,main_scan,24600,,24600,24550,24600,24450,-0.8130081300813009,0.20325203252032523,,,,,,"{""bid_req_base_tm"": ""111622"", ""sel_10th_pre_req_pre"": ""0"", ""sel_10th_pre_req"": ""2494"", ""sel_10th_pre_bid"": ""+25050"", ""sel_9th_pre_req_pre"": ""0"", ""sel_9th_pre_req"": ""15181"", ""sel_9th_pre_bid"": ""+25000"", ""sel_8th_pre_req_pre"": ""0"", ""sel_8th_pre_req"": ""11309"", ""sel_8th_pre_bid"": ""+24950"", ""sel_7th_pre_req_pre"": ""0"", ""sel_7th_pre_req"": ""6325"", ""sel_7th_pre_bid"": ""+24900"", ""sel_6th_pre_req_pre"": ""0"", ""sel_6th_pre_req"": ""8200"", ""sel_6th_pre_bid"": ""+24850"", ""sel_5th_pre_req_pre"": ""0"", ""sel_5th_pre_req"": ""14419"", ""sel_5th_pre_bid"": ""+24800"", ""sel_4th_pre_req_pre"": ""0"", ""sel_4th_pre_req"": ""11867"", ""sel_4th_pre_bid"": ""+24750"", ""sel_3th_pre_req_pre"": ""0"", ""sel_3th_pre_req"": ""7794"", ""sel_3th_pre_bid"": ""+24700"", ""sel_2th_pre_req_pre"": ""0"", ""sel_2th_pre_req"": ""2898"", ""sel_2th_pre_bid"": ""+24650"", ""sel_1th_pre_req_pre"": ""0"", ""sel_fpr_req"": ""5587"", ""sel_fpr_bid"": ""+24600"", ""buy_fpr_bid"": ""+24550"", ""buy_fpr_req"": ""6374"", ""buy_1th_pre_req_pre"": ""0"", ""buy_2th_pre_bid"": ""+24500"", ""buy_2th_pre_req"": ""5652"", ""buy_2th_pre_req_pre"": ""+1000"", ""buy_3th_pre_bid"": ""+24450"", ""buy_3th_pre_req"": ""2366"", ""buy_3th_pre_req_pre"": ""0"", ""buy_4th_pre_bid"": ""24400"", ""buy_4th_pre_req"": ""6590"", ""buy_4th_pre_req_pre"": ""0"", ""buy_5th_pre_bid"": ""-24350"", ""buy_5th_pre_req"": ""2147"", ""buy_5th_pre_req_pre"": ""0"", ""buy_6th_pre_bid"": ""-24300"", ""buy_6th_pre_req"": ""1069"", ""buy_6th_pre_req_pre"": ""0"", ""buy_7th_pre_bid"": ""-24250"", ""buy_7th_pre_req"": ""1664"", ""buy_7th_pre_req_pre"": ""0"", ""buy_8th_pre_bid"": ""-24200"", ""buy_8th_pre_req"": ""851"", ""buy_8th_pre_req_pre"": ""0"", ""buy_9th_pre_bid"": ""-24150"", ""buy_9th_pre_req"": ""1288"", ""buy_9th_pre_req_pre"": ""0"", ""buy_10th_pre_bid"": ""-24100"", ""buy_10th_pre_req"": ""1094"", ""buy_10th_pre_req_pre"": ""0"", ""tot_sel_req_jub_pre"": ""0"", ""tot_sel_req"": ""86074"", ""tot_buy_req"": ""29095"", ""tot_buy_req_jub_pre"": ""+1000"", ""ovt_sel_req_pre"": ""0"", ""ovt_sel_req"": ""0"", ""ovt_buy_req"": ""0"", ""ovt_buy_req_pre"": ""0"", ""return_code"": 0, ""return_msg"": ""정상적으로 처리되었습니다""}"
2026-06-10,scan_candidate,005940,,0,main_scan,30700,,30700,30650,30700,30850,0.32573289902280134,0.16286644951140067,,,,,,"{""bid_req_base_tm"": ""111625"", ""sel_10th_pre_req_pre"": ""0"", ""sel_10th_pre_req"": ""15"", ""sel_10th_pre_bid"": ""-31150"", ""sel_9th_pre_req_pre"": ""0"", ""sel_9th_pre_req"": ""50"", ""sel_9th_pre_bid"": ""-31100"", ""sel_8th_pre_req_pre"": ""0"", ""sel_8th_pre_req"": ""110"", ""sel_8th_pre_bid"": ""-31050"", ""sel_7th_pre_req_pre"": ""0"", ""sel_7th_pre_req"": ""1"", ""sel_7th_pre_bid"": ""-31000"", ""sel_6th_pre_req_pre"": ""0"", ""sel_6th_pre_req"": ""212"", ""sel_6th_pre_bid"": ""-30950"", ""sel_5th_pre_req_pre"": ""0"", ""sel_5th_pre_req"": ""482"", ""sel_5th_pre_bid"": ""-30900"", ""sel_4th_pre_req_pre"": ""0"", ""sel_4th_pre_req"": ""496"", ""sel_4th_pre_bid"": ""-30850"", ""sel_3th_pre_req_pre"": ""0"", ""sel_3th_pre_req"": ""235"", ""sel_3th_pre_bid"": ""-30800"", ""sel_2th_pre_req_pre"": ""0"", ""sel_2th_pre_req"": ""143"", ""sel_2th_pre_bid"": ""-30750"", ""sel_1th_pre_req_pre"": ""0"", ""sel_fpr_req"": ""394"", ""sel_fpr_bid"": ""-30700"", ""buy_fpr_bid"": ""-30650"", ""buy_fpr_req"": ""1014"", ""buy_1th_pre_req_pre"": ""0"", ""buy_2th_pre_bid"": ""-30600"", ""buy_2th_pre_req"": ""938"", ""buy_2th_pre_req_pre"": ""0"", ""buy_3th_pre_bid"": ""-30550"", ""buy_3th_pre_req"": ""291"", ""buy_3th_pre_req_pre"": ""0"", ""buy_4th_pre_bid"": ""-30500"", ""buy_4th_pre_req"": ""2223"", ""buy_4th_pre_req_pre"": ""0"", ""buy_5th_pre_bid"": ""-30450"", ""buy_5th_pre_req"": ""1426"", ""buy_5th_pre_req_pre"": ""0"", ""buy_6th_pre_bid"": ""-30400"", ""buy_6th_pre_req"": ""741"", ""buy_6th_pre_req_pre"": ""+10"", ""buy_7th_pre_bid"": ""-30350"", ""buy_7th_pre_req"": ""829"", ""buy_7th_pre_req_pre"": ""0"", ""buy_8th_pre_bid"": ""-30300"", ""buy_8th_pre_req"": ""3017"", ""buy_8th_pre_req_pre"": ""0"", ""buy_9th_pre_bid"": ""-30250"", ""buy_9th_pre_req"": ""225"", ""buy_9th_pre_req_pre"": ""0"", ""buy_10th_pre_bid"": ""-30200"", ""buy_10th_pre_req"": ""1392"", ""buy_10th_pre_req_pre"": ""0"", ""tot_sel_req_jub_pre"": ""0"", ""tot_sel_req"": ""2138"", ""tot_buy_req"": ""12096"", ""tot_buy_req_jub_pre"": ""+10"", ""ovt_sel_req_pre"": ""0"", ""ovt_sel_req"": ""0"", ""ovt_buy_req"": ""0"", ""ovt_buy_req_pre"": ""0"", ""return_code"": 0, ""return_msg"": ""정상적으로 처리되었습니다""}"
2026-06-10,scan_candidate,064400,,0,main_scan,94800,,94800,94700,94800,95000,0.10548523206751054,0.10548523206751054,,,,,,"{""bid_req_base_tm"": ""111625"", ""sel_10th_pre_req_pre"": ""0"", ""sel_10th_pre_req"": ""231"", ""sel_10th_pre_bid"": ""-95700"", ""sel_9th_pre_req_pre"": ""0"", ""sel_9th_pre_req"": ""211"", ""sel_9th_pre_bid"": ""-95600"", ""sel_8th_pre_req_pre"": ""0"", ""sel_8th_pre_req"": ""163"", ""sel_8th_pre_bid"": ""-95500"", ""sel_7th_pre_req_pre"": ""0"", ""sel_7th_pre_req"": ""49"", ""sel_7th_pre_bid"": ""-95400"", ""sel_6th_pre_req_pre"": ""0"", ""sel_6th_pre_req"": ""37"", ""sel_6th_pre_bid"": ""-95300"", ""sel_5th_pre_req_pre"": ""0"", ""sel_5th_pre_req"": ""620"", ""sel_5th_pre_bid"": ""-95200"", ""sel_4th_pre_req_pre"": ""0"", ""sel_4th_pre_req"": ""136"", ""sel_4th_pre_bid"": ""-95100"", ""sel_3th_pre_req_pre"": ""0"", ""sel_3th_pre_req"": ""718"", ""sel_3th_pre_bid"": ""-95000"", ""sel_2th_pre_req_pre"": ""0"", ""sel_2th_pre_req"": ""260"", ""sel_2th_pre_bid"": ""-94900"", ""sel_1th_pre_req_pre"": ""0"", ""sel_fpr_req"": ""362"", ""sel_fpr_bid"": ""-94800"", ""buy_fpr_bid"": ""-94700"", ""buy_fpr_req"": ""121"", ""buy_1th_pre_req_pre"": ""--15"", ""buy_2th_pre_bid"": ""-94600"", ""buy_2th_pre_req"": ""462"", ""buy_2th_pre_req_pre"": ""0"", ""buy_3th_pre_bid"": ""-94500"", ""buy_3th_pre_req"": ""1539"", ""buy_3th_pre_req_pre"": ""0"", ""buy_4th_pre_bid"": ""-94400"", ""buy_4th_pre_req"": ""760"", ""buy_4th_pre_req_pre"": ""0"", ""buy_5th_pre_bid"": ""-94300"", ""buy_5th_pre_req"": ""1103"", ""buy_5th_pre_req_pre"": ""0"", ""buy_6th_pre_bid"": ""-94200"", ""buy_6th_pre_req"": ""1367"", ""buy_6th_pre_req_pre"": ""0"", ""buy_7th_pre_bid"": ""-94100"", ""buy_7th_pre_req"": ""2646"", ""buy_7th_pre_req_pre"": ""0"", ""buy_8th_pre_bid"": ""-94000"", ""buy_8th_pre_req"": ""3974"", ""buy_8th_pre_req_pre"": ""0"", ""buy_9th_pre_bid"": ""-93900"", ""buy_9th_pre_req"": ""811"", ""buy_9th_pre_req_pre"": ""0"", ""buy_10th_pre_bid"": ""-93800"", ""buy_10th_pre_req"": ""384"", ""buy_10th_pre_req_pre"": ""0"", ""tot_sel_req_jub_pre"": ""0"", ""tot_sel_req"": ""2787"", ""tot_buy_req"": ""13167"", ""tot_buy_req_jub_pre"": ""--15"", ""ovt_sel_req_pre"": ""0"", ""ovt_sel_req"": ""0"", ""ovt_buy_req"": ""0"", ""ovt_buy_req_pre"": ""0"", ""return_code"": 0, ""return_msg"": ""정상적으로 처리되었습니다""}"
2026-06-10,scan_candidate,003490,,0,main_scan,25550,,25550,25500,25550,25400,-0.7827788649706457,0.19569471624266144,,,,,,"{""bid_req_base_tm"": ""111625"", ""sel_10th_pre_req_pre"": ""0"", ""sel_10th_pre_req"": ""45212"", ""sel_10th_pre_bid"": ""+26000"", ""sel_9th_pre_req_pre"": ""0"", ""sel_9th_pre_req"": ""15496"", ""sel_9th_pre_bid"": ""+25950"", ""sel_8th_pre_req_pre"": ""+5"", ""sel_8th_pre_req"": ""17001"", ""sel_8th_pre_bid"": ""+25900"", ""sel_7th_pre_req_pre"": ""0"", ""sel_7th_pre_req"": ""17123"", ""sel_7th_pre_bid"": ""+25850"", ""sel_6th_pre_req_pre"": ""0"", ""sel_6th_pre_req"": ""50013"", ""sel_6th_pre_bid"": ""+25800"", ""sel_5th_pre_req_pre"": ""0"", ""sel_5th_pre_req"": ""9884"", ""sel_5th_pre_bid"": ""+25750"", ""sel_4th_pre_req_pre"": ""0"", ""sel_4th_pre_req"": ""4842"", ""sel_4th_pre_bid"": ""+25700"", ""sel_3th_pre_req_pre"": ""0"", ""sel_3th_pre_req"": ""4633"", ""sel_3th_pre_bid"": ""+25650"", ""sel_2th_pre_req_pre"": ""0"", ""sel_2th_pre_req"": ""294"", ""sel_2th_pre_bid"": ""+25600"", ""sel_1th_pre_req_pre"": ""0"", ""sel_fpr_req"": ""2315"", ""sel_fpr_bid"": ""+25550"", ""buy_fpr_bid"": ""+25500"", ""buy_fpr_req"": ""7611"", ""buy_1th_pre_req_pre"": ""0"", ""buy_2th_pre_bid"": ""+25450"", ""buy_2th_pre_req"": ""4598"", ""buy_2th_pre_req_pre"": ""0"", ""buy_3th_pre_bid"": ""+25400"", ""buy_3th_pre_req"": ""4093"", ""buy_3th_pre_req_pre"": ""0"", ""buy_4th_pre_bid"": ""+25350"", ""buy_4th_pre_req"": ""3460"", ""buy_4th_pre_req_pre"": ""0"", ""buy_5th_pre_bid"": ""+25300"", ""buy_5th_pre_req"": ""3663"", ""buy_5th_pre_req_pre"": ""0"", ""buy_6th_pre_bid"": ""+25250"", ""buy_6th_pre_req"": ""2760"", ""buy_6th_pre_req_pre"": ""0"", ""buy_7th_pre_bid"": ""+25200"", ""buy_7th_pre_req"": ""6389"", ""buy_7th_pre_req_pre"": ""0"", ""buy_8th_pre_bid"": ""+25150"", ""buy_8th_pre_req"": ""1952"", ""buy_8th_pre_req_pre"": ""0"", ""buy_9th_pre_bid"": ""+25100"", ""buy_9th_pre_req"": ""3058"", ""buy_9th_pre_req_pre"": ""0"", ""buy_10th_pre_bid"": ""+25050"", ""buy_10th_pre_req"": ""2188"", ""buy_10th_pre_req_pre"": ""0"", ""tot_sel_req_jub_pre"": ""+5"", ""tot_sel_req"": ""166813"", ""tot_buy_req"": ""39772"", ""tot_buy_req_jub_pre"": ""0"", ""ovt_sel_req_pre"": ""0"", ""ovt_sel_req"": ""0"", ""ovt_buy_req"": ""0"", ""ovt_buy_req_pre"": ""0"", ""return_code"": 0, ""return_msg"": ""정상적으로 처리되었습니다""}"
2026-06-10,scan_candidate,161390,,0,main_scan,71200,,71200,71100,71200,71400,0.1404494382022472,0.1404494382022472,,,,,,"{""bid_req_base_tm"": ""111626"", ""sel_10th_pre_req_pre"": ""0"", ""sel_10th_pre_req"": ""30"", ""sel_10th_pre_bid"": ""-72100"", ""sel_9th_pre_req_pre"": ""0"", ""sel_9th_pre_req"": ""153"", ""sel_9th_pre_bid"": ""-72000"", ""sel_8th_pre_req_pre"": ""0"", ""sel_8th_pre_req"": ""325"", ""sel_8th_pre_bid"": ""-71900"", ""sel_7th_pre_req_pre"": ""0"", ""sel_7th_pre_req"": ""130"", ""sel_7th_pre_bid"": ""-71800"", ""sel_6th_pre_req_pre"": ""0"", ""sel_6th_pre_req"": ""11"", ""sel_6th_pre_bid"": ""-71700"", ""sel_5th_pre_req_pre"": ""0"", ""sel_5th_pre_req"": ""18"", ""sel_5th_pre_bid"": ""-71600"", ""sel_4th_pre_req_pre"": ""0"", ""sel_4th_pre_req"": ""72"", ""sel_4th_pre_bid"": ""-71500"", ""sel_3th_pre_req_pre"": ""0"", ""sel_3th_pre_req"": ""70"", ""sel_3th_pre_bid"": ""-71400"", ""sel_2th_pre_req_pre"": ""0"", ""sel_2th_pre_req"": ""446"", ""sel_2th_pre_bid"": ""-71300"", ""sel_1th_pre_req_pre"": ""0"", ""sel_fpr_req"": ""1499"", ""sel_fpr_bid"": ""-71200"", ""buy_fpr_bid"": ""-71100"", ""buy_fpr_req"": ""1489"", ""buy_1th_pre_req_pre"": ""0"", ""buy_2th_pre_bid"": ""-71000"", ""buy_2th_pre_req"": ""333"", ""buy_2th_pre_req_pre"": ""0"", ""buy_3th_pre_bid"": ""-70900"", ""buy_3th_pre_req"": ""346"", ""buy_3th_pre_req_pre"": ""0"", ""buy_4th_pre_bid"": ""-70800"", ""buy_4th_pre_req"": ""683"", ""buy_4th_pre_req_pre"": ""0"", ""buy_5th_pre_bid"": ""-70700"", ""buy_5th_pre_req"": ""1"", ""buy_5th_pre_req_pre"": ""0"", ""buy_6th_pre_bid"": ""-70600"", ""buy_6th_pre_req"": ""103"", ""buy_6th_pre_req_pre"": ""0"", ""buy_7th_pre_bid"": ""-70500"", ""buy_7th_pre_req"": ""221"", ""buy_7th_pre_req_pre"": ""0"", ""buy_8th_pre_bid"": ""-70400"", ""buy_8th_pre_req"": ""3277"", ""buy_8th_pre_req_pre"": ""0"", ""buy_9th_pre_bid"": ""-70300"", ""buy_9th_pre_req"": ""253"", ""buy_9th_pre_req_pre"": ""0"", ""buy_10th_pre_bid"": ""-70200"", ""buy_10th_pre_req"": ""230"", ""buy_10th_pre_req_pre"": ""0"", ""tot_sel_req_jub_pre"": ""0"", ""tot_sel_req"": ""2754"", ""tot_buy_req"": ""6936"", ""tot_buy_req_jub_pre"": ""0"", ""ovt_sel_req_pre"": ""0"", ""ovt_sel_req"": ""0"", ""ovt_buy_req"": ""0"", ""ovt_buy_req_pre"": ""0"", ""return_code"": 0, ""return_msg"": ""정상적으로 처리되었습니다""}"
2026-06-10,scan_candidate,180640,,0,main_scan,118500,,118500,118000,118500,118500,-0.42194092827004215,0.42194092827004215,,,,,,"{""bid_req_base_tm"": ""111624"", ""sel_10th_pre_req_pre"": ""0"", ""sel_10th_pre_req"": ""142"", ""sel_10th_pre_bid"": ""+119800"", ""sel_9th_pre_req_pre"": ""0"", ""sel_9th_pre_req"": ""40"", ""sel_9th_pre_bid"": ""+119700"", ""sel_8th_pre_req_pre"": ""0"", ""sel_8th_pre_req"": ""12"", ""sel_8th_pre_bid"": ""+119600"", ""sel_7th_pre_req_pre"": ""0"", ""sel_7th_pre_req"": ""2"", ""sel_7th_pre_bid"": ""+119500"", ""sel_6th_pre_req_pre"": ""0"", ""sel_6th_pre_req"": ""13"", ""sel_6th_pre_bid"": ""+119400"", ""sel_5th_pre_req_pre"": ""0"", ""sel_5th_pre_req"": ""6"", ""sel_5th_pre_bid"": ""+119000"", ""sel_4th_pre_req_pre"": ""0"", ""sel_4th_pre_req"": ""2"", ""sel_4th_pre_bid"": ""+118900"", ""sel_3th_pre_req_pre"": ""0"", ""sel_3th_pre_req"": ""19"", ""sel_3th_pre_bid"": ""+118800"", ""sel_2th_pre_req_pre"": ""0"", ""sel_2th_pre_req"": ""77"", ""sel_2th_pre_bid"": ""+118700"", ""sel_1th_pre_req_pre"": ""+11"", ""sel_fpr_req"": ""47"", ""sel_fpr_bid"": ""+118500"", ""buy_fpr_bid"": ""+118000"", ""buy_fpr_req"": ""401"", ""buy_1th_pre_req_pre"": ""0"", ""buy_2th_pre_bid"": ""+117900"", ""buy_2th_pre_req"": ""54"", ""buy_2th_pre_req_pre"": ""0"", ""buy_3th_pre_bid"": ""+117800"", ""buy_3th_pre_req"": ""13"", ""buy_3th_pre_req_pre"": ""0"", ""buy_4th_pre_bid"": ""+117600"", ""buy_4th_pre_req"": ""2"", ""buy_4th_pre_req_pre"": ""0"", ""buy_5th_pre_bid"": ""+117500"", ""buy_5th_pre_req"": ""5"", ""buy_5th_pre_req_pre"": ""0"", ""buy_6th_pre_bid"": ""+117400"", ""buy_6th_pre_req"": ""80"", ""buy_6th_pre_req_pre"": ""0"", ""buy_7th_pre_bid"": ""+117300"", ""buy_7th_pre_req"": ""1"", ""buy_7th_pre_req_pre"": ""0"", ""buy_8th_pre_bid"": ""+117200"", ""buy_8th_pre_req"": ""5"", ""buy_8th_pre_req_pre"": ""0"", ""buy_9th_pre_bid"": ""+117100"", ""buy_9th_pre_req"": ""12"", ""buy_9th_pre_req_pre"": ""0"", ""buy_10th_pre_bid"": ""+117000"", ""buy_10th_pre_req"": ""11"", ""buy_10th_pre_req_pre"": ""0"", ""tot_sel_req_jub_pre"": ""+11"", ""tot_sel_req"": ""360"", ""tot_buy_req"": ""584"", ""tot_buy_req_jub_pre"": ""0"", ""ovt_sel_req_pre"": ""0"", ""ovt_sel_req"": ""0"", ""ovt_buy_req"": ""0"", ""ovt_buy_req_pre"": ""0"", ""return_code"": 0, ""return_msg"": ""정상적으로 처리되었습니다""}"
2026-06-10,scan_candidate,454910,,0,main_scan,108800,,108800,108700,108800,109000,-0.2757352941176471,0.09191176470588235,,,,,,"{""bid_req_base_tm"": ""111626"", ""sel_10th_pre_req_pre"": ""0"", ""sel_10th_pre_req"": ""158"", ""sel_10th_pre_bid"": ""-109800"", ""sel_9th_pre_req_pre"": ""0"", ""sel_9th_pre_req"": ""90"", ""sel_9th_pre_bid"": ""-109700"", ""sel_8th_pre_req_pre"": ""0"", ""sel_8th_pre_req"": ""51"", ""sel_8th_pre_bid"": ""-109600"", ""sel_7th_pre_req_pre"": ""0"", ""sel_7th_pre_req"": ""147"", ""sel_7th_pre_bid"": ""-109500"", ""sel_6th_pre_req_pre"": ""0"", ""sel_6th_pre_req"": ""95"", ""sel_6th_pre_bid"": ""-109400"", ""sel_5th_pre_req_pre"": ""0"", ""sel_5th_pre_req"": ""3"", ""sel_5th_pre_bid"": ""-109300"", ""sel_4th_pre_req_pre"": ""0"", ""sel_4th_pre_req"": ""214"", ""sel_4th_pre_bid"": ""-109100"", ""sel_3th_pre_req_pre"": ""0"", ""sel_3th_pre_req"": ""689"", ""sel_3th_pre_bid"": ""-109000"", ""sel_2th_pre_req_pre"": ""0"", ""sel_2th_pre_req"": ""704"", ""sel_2th_pre_bid"": ""-108900"", ""sel_1th_pre_req_pre"": ""0"", ""sel_fpr_req"": ""836"", ""sel_fpr_bid"": ""-108800"", ""buy_fpr_bid"": ""-108700"", ""buy_fpr_req"": ""867"", ""buy_1th_pre_req_pre"": ""+1"", ""buy_2th_pre_bid"": ""-108600"", ""buy_2th_pre_req"": ""607"", ""buy_2th_pre_req_pre"": ""+1"", ""buy_3th_pre_bid"": ""-108500"", ""buy_3th_pre_req"": ""2167"", ""buy_3th_pre_req_pre"": ""0"", ""buy_4th_pre_bid"": ""-108400"", ""buy_4th_pre_req"": ""756"", ""buy_4th_pre_req_pre"": ""0"", ""buy_5th_pre_bid"": ""-108300"", ""buy_5th_pre_req"": ""365"", ""buy_5th_pre_req_pre"": ""0"", ""buy_6th_pre_bid"": ""-108200"", ""buy_6th_pre_req"": ""690"", ""buy_6th_pre_req_pre"": ""0"", ""buy_7th_pre_bid"": ""-108100"", ""buy_7th_pre_req"": ""698"", ""buy_7th_pre_req_pre"": ""0"", ""buy_8th_pre_bid"": ""-108000"", ""buy_8th_pre_req"": ""2408"", ""buy_8th_pre_req_pre"": ""0"", ""buy_9th_pre_bid"": ""-107900"", ""buy_9th_pre_req"": ""188"", ""buy_9th_pre_req_pre"": ""0"", ""buy_10th_pre_bid"": ""-107800"", ""buy_10th_pre_req"": ""695"", ""buy_10th_pre_req_pre"": ""0"", ""tot_sel_req_jub_pre"": ""0"", ""tot_sel_req"": ""2987"", ""tot_buy_req"": ""9441"", ""tot_buy_req_jub_pre"": ""+2"", ""ovt_sel_req_pre"": ""0"", ""ovt_sel_req"": ""0"", ""ovt_buy_req"": ""0"", ""ovt_buy_req_pre"": ""0"", ""return_code"": 0, ""return_msg"": ""정상적으로 처리되었습니다""}"
2026-06-10,scan_candidate,353200,,0,main_scan,154600,,154600,154500,154600,154500,-0.38809831824062097,0.0646830530401035,,,,,,"{""bid_req_base_tm"": ""111626"", ""sel_10th_pre_req_pre"": ""0"", ""sel_10th_pre_req"": ""27"", ""sel_10th_pre_bid"": ""+155500"", ""sel_9th_pre_req_pre"": ""0"", ""sel_9th_pre_req"": ""2"", ""sel_9th_pre_bid"": ""+155400"", ""sel_8th_pre_req_pre"": ""0"", ""sel_8th_pre_req"": ""62"", ""sel_8th_pre_bid"": ""+155300"", ""sel_7th_pre_req_pre"": ""0"", ""sel_7th_pre_req"": ""32"", ""sel_7th_pre_bid"": ""+155200"", ""sel_6th_pre_req_pre"": ""0"", ""sel_6th_pre_req"": ""31"", ""sel_6th_pre_bid"": ""+155100"", ""sel_5th_pre_req_pre"": ""0"", ""sel_5th_pre_req"": ""216"", ""sel_5th_pre_bid"": ""+155000"", ""sel_4th_pre_req_pre"": ""--8"", ""sel_4th_pre_req"": ""176"", ""sel_4th_pre_bid"": ""+154900"", ""sel_3th_pre_req_pre"": ""0"", ""sel_3th_pre_req"": ""40"", ""sel_3th_pre_bid"": ""+154800"", ""sel_2th_pre_req_pre"": ""0"", ""sel_2th_pre_req"": ""122"", ""sel_2th_pre_bid"": ""+154700"", ""sel_1th_pre_req_pre"": ""0"", ""sel_fpr_req"": ""474"", ""sel_fpr_bid"": ""+154600"", ""buy_fpr_bid"": ""+154500"", ""buy_fpr_req"": ""1003"", ""buy_1th_pre_req_pre"": ""0"", ""buy_2th_pre_bid"": ""+154400"", ""buy_2th_pre_req"": ""25"", ""buy_2th_pre_req_pre"": ""0"", ""buy_3th_pre_bid"": ""+154300"", ""buy_3th_pre_req"": ""105"", ""buy_3th_pre_req_pre"": ""0"", ""buy_4th_pre_bid"": ""+154200"", ""buy_4th_pre_req"": ""62"", ""buy_4th_pre_req_pre"": ""0"", ""buy_5th_pre_bid"": ""+154100"", ""buy_5th_pre_req"": ""273"", ""buy_5th_pre_req_pre"": ""0"", ""buy_6th_pre_bid"": ""+154000"", ""buy_6th_pre_req"": ""550"", ""buy_6th_pre_req_pre"": ""0"", ""buy_7th_pre_bid"": ""+153900"", ""buy_7th_pre_req"": ""76"", ""buy_7th_pre_req_pre"": ""0"", ""buy_8th_pre_bid"": ""+153800"", ""buy_8th_pre_req"": ""1294"", ""buy_8th_pre_req_pre"": ""0"", ""buy_9th_pre_bid"": ""+153700"", ""buy_9th_pre_req"": ""14"", ""buy_9th_pre_req_pre"": ""0"", ""buy_10th_pre_bid"": ""+153600"", ""buy_10th_pre_req"": ""223"", ""buy_10th_pre_req_pre"": ""0"", ""tot_sel_req_jub_pre"": ""--8"", ""tot_sel_req"": ""1182"", ""tot_buy_req"": ""3625"", ""tot_buy_req_jub_pre"": ""0"", ""ovt_sel_req_pre"": ""0"", ""ovt_sel_req"": ""0"", ""ovt_buy_req"": ""0"", ""ovt_buy_req_pre"": ""0"", ""return_code"": 0, ""return_msg"": ""정상적으로 처리되었습니다""}"
2026-06-10,scan_candidate,034220,,0,main_scan,13080,,13080,13070,13080,13100,-0.22935779816513763,0.0764525993883792,,,,,,"{""bid_req_base_tm"": ""111626"", ""sel_10th_pre_req_pre"": ""0"", ""sel_10th_pre_req"": ""50"", ""sel_10th_pre_bid"": ""-13170"", ""sel_9th_pre_req_pre"": ""0"", ""sel_9th_pre_req"": ""436"", ""sel_9th_pre_bid"": ""-13160"", ""sel_8th_pre_req_pre"": ""0"", ""sel_8th_pre_req"": ""1522"", ""sel_8th_pre_bid"": ""-13150"", ""sel_7th_pre_req_pre"": ""0"", ""sel_7th_pre_req"": ""1676"", ""sel_7th_pre_bid"": ""-13140"", ""sel_6th_pre_req_pre"": ""0"", ""sel_6th_pre_req"": ""2662"", ""sel_6th_pre_bid"": ""-13130"", ""sel_5th_pre_req_pre"": ""0"", ""sel_5th_pre_req"": ""64"", ""sel_5th_pre_bid"": ""-13120"", ""sel_4th_pre_req_pre"": ""0"", ""sel_4th_pre_req"": ""1113"", ""sel_4th_pre_bid"": ""-13110"", ""sel_3th_pre_req_pre"": ""0"", ""sel_3th_pre_req"": ""262"", ""sel_3th_pre_bid"": ""-13100"", ""sel_2th_pre_req_pre"": ""0"", ""sel_2th_pre_req"": ""261"", ""sel_2th_pre_bid"": ""-13090"", ""sel_1th_pre_req_pre"": ""0"", ""sel_fpr_req"": ""1457"", ""sel_fpr_bid"": ""-13080"", ""buy_fpr_bid"": ""-13070"", ""buy_fpr_req"": ""3532"", ""buy_1th_pre_req_pre"": ""0"", ""buy_2th_pre_bid"": ""-13060"", ""buy_2th_pre_req"": ""9515"", ""buy_2th_pre_req_pre"": ""0"", ""buy_3th_pre_bid"": ""-13050"", ""buy_3th_pre_req"": ""22680"", ""buy_3th_pre_req_pre"": ""0"", ""buy_4th_pre_bid"": ""-13040"", ""buy_4th_pre_req"": ""6025"", ""buy_4th_pre_req_pre"": ""0"", ""buy_5th_pre_bid"": ""-13030"", ""buy_5th_pre_req"": ""6937"", ""buy_5th_pre_req_pre"": ""0"", ""buy_6th_pre_bid"": ""-13020"", ""buy_6th_pre_req"": ""24840"", ""buy_6th_pre_req_pre"": ""0"", ""buy_7th_pre_bid"": ""-13010"", ""buy_7th_pre_req"": ""24654"", ""buy_7th_pre_req_pre"": ""0"", ""buy_8th_pre_bid"": ""-13000"", ""buy_8th_pre_req"": ""92349"", ""buy_8th_pre_req_pre"": ""0"", ""buy_9th_pre_bid"": ""-12990"", ""buy_9th_pre_req"": ""11938"", ""buy_9th_pre_req_pre"": ""0"", ""buy_10th_pre_bid"": ""-12980"", ""buy_10th_pre_req"": ""15328"", ""buy_10th_pre_req_pre"": ""+1"", ""tot_sel_req_jub_pre"": ""0"", ""tot_sel_req"": ""9503"", ""tot_buy_req"": ""217798"", ""tot_buy_req_jub_pre"": ""+1"", ""ovt_sel_req_pre"": ""0"", ""ovt_sel_req"": ""0"", ""ovt_buy_req"": ""0"", ""ovt_buy_req_pre"": ""0"", ""return_code"": 0, ""return_msg"": ""정상적으로 처리되었습니다""}"
2026-06-10,scan_candidate,078930,,0,main_scan,73800,,73800,73700,73800,73600,-0.40650406504065045,0.13550135501355012,,,,,,"{""bid_req_base_tm"": ""111626"", ""sel_10th_pre_req_pre"": ""0"", ""sel_10th_pre_req"": ""232"", ""sel_10th_pre_bid"": ""+74700"", ""sel_9th_pre_req_pre"": ""0"", ""sel_9th_pre_req"": ""104"", ""sel_9th_pre_bid"": ""+74600"", ""sel_8th_pre_req_pre"": ""0"", ""sel_8th_pre_req"": ""1047"", ""sel_8th_pre_bid"": ""+74500"", ""sel_7th_pre_req_pre"": ""0"", ""sel_7th_pre_req"": ""107"", ""sel_7th_pre_bid"": ""+74400"", ""sel_6th_pre_req_pre"": ""0"", ""sel_6th_pre_req"": ""113"", ""sel_6th_pre_bid"": ""+74300"", ""sel_5th_pre_req_pre"": ""0"", ""sel_5th_pre_req"": ""57"", ""sel_5th_pre_bid"": ""+74200"", ""sel_4th_pre_req_pre"": ""0"", ""sel_4th_pre_req"": ""97"", ""sel_4th_pre_bid"": ""+74100"", ""sel_3th_pre_req_pre"": ""0"", ""sel_3th_pre_req"": ""95"", ""sel_3th_pre_bid"": ""+74000"", ""sel_2th_pre_req_pre"": ""0"", ""sel_2th_pre_req"": ""27"", ""sel_2th_pre_bid"": ""+73900"", ""sel_1th_pre_req_pre"": ""0"", ""sel_fpr_req"": ""288"", ""sel_fpr_bid"": ""73800"", ""buy_fpr_bid"": ""-73700"", ""buy_fpr_req"": ""462"", ""buy_1th_pre_req_pre"": ""0"", ""buy_2th_pre_bid"": ""-73600"", ""buy_2th_pre_req"": ""143"", ""buy_2th_pre_req_pre"": ""0"", ""buy_3th_pre_bid"": ""-73500"", ""buy_3th_pre_req"": ""112"", ""buy_3th_pre_req_pre"": ""0"", ""buy_4th_pre_bid"": ""-73400"", ""buy_4th_pre_req"": ""135"", ""buy_4th_pre_req_pre"": ""0"", ""buy_5th_pre_bid"": ""-73300"", ""buy_5th_pre_req"": ""30"", ""buy_5th_pre_req_pre"": ""0"", ""buy_6th_pre_bid"": ""-73200"", ""buy_6th_pre_req"": ""5"", ""buy_6th_pre_req_pre"": ""0"", ""buy_7th_pre_bid"": ""-73100"", ""buy_7th_pre_req"": ""152"", ""buy_7th_pre_req_pre"": ""0"", ""buy_8th_pre_bid"": ""-73000"", ""buy_8th_pre_req"": ""3"", ""buy_8th_pre_req_pre"": ""0"", ""buy_9th_pre_bid"": ""-72900"", ""buy_9th_pre_req"": ""8"", ""buy_9th_pre_req_pre"": ""0"", ""buy_10th_pre_bid"": ""-72700"", ""buy_10th_pre_req"": ""50"", ""buy_10th_pre_req_pre"": ""0"", ""tot_sel_req_jub_pre"": ""0"", ""tot_sel_req"": ""2167"", ""tot_buy_req"": ""1100"", ""tot_buy_req_jub_pre"": ""0"", ""ovt_sel_req_pre"": ""0"", ""ovt_sel_req"": ""0"", ""ovt_buy_req"": ""0"", ""ovt_buy_req_pre"": ""0"", ""return_code"": 0, ""return_msg"": ""정상적으로 처리되었습니다""}"
2026-06-10,scan_candidate,090430,,0,main_scan,112400,,112400,112200,112400,112500,-0.3558718861209964,0.1779359430604982,,,,,,"{""bid_req_base_tm"": ""111627"", ""sel_10th_pre_req_pre"": ""0"", ""sel_10th_pre_req"": ""151"", ""sel_10th_pre_bid"": ""+113300"", ""sel_9th_pre_req_pre"": ""0"", ""sel_9th_pre_req"": ""191"", ""sel_9th_pre_bid"": ""+113200"", ""sel_8th_pre_req_pre"": ""0"", ""sel_8th_pre_req"": ""15"", ""sel_8th_pre_bid"": ""+113100"", ""sel_7th_pre_req_pre"": ""0"", ""sel_7th_pre_req"": ""141"", ""sel_7th_pre_bid"": ""+113000"", ""sel_6th_pre_req_pre"": ""0"", ""sel_6th_pre_req"": ""5"", ""sel_6th_pre_bid"": ""+112900"", ""sel_5th_pre_req_pre"": ""0"", ""sel_5th_pre_req"": ""5"", ""sel_5th_pre_bid"": ""+112800"", ""sel_4th_pre_req_pre"": ""0"", ""sel_4th_pre_req"": ""4"", ""sel_4th_pre_bid"": ""+112700"", ""sel_3th_pre_req_pre"": ""0"", ""sel_3th_pre_req"": ""26"", ""sel_3th_pre_bid"": ""+112600"", ""sel_2th_pre_req_pre"": ""0"", ""sel_2th_pre_req"": ""59"", ""sel_2th_pre_bid"": ""+112500"", ""sel_1th_pre_req_pre"": ""+14"", ""sel_fpr_req"": ""38"", ""sel_fpr_bid"": ""+112400"", ""buy_fpr_bid"": ""+112200"", ""buy_fpr_req"": ""47"", ""buy_1th_pre_req_pre"": ""0"", ""buy_2th_pre_bid"": ""+112100"", ""buy_2th_pre_req"": ""101"", ""buy_2th_pre_req_pre"": ""0"", ""buy_3th_pre_bid"": ""112000"", ""buy_3th_pre_req"": ""277"", ""buy_3th_pre_req_pre"": ""0"", ""buy_4th_pre_bid"": ""-111900"", ""buy_4th_pre_req"": ""70"", ""buy_4th_pre_req_pre"": ""0"", ""buy_5th_pre_bid"": ""-111800"", ""buy_5th_pre_req"": ""44"", ""buy_5th_pre_req_pre"": ""0"", ""buy_6th_pre_bid"": ""-111700"", ""buy_6th_pre_req"": ""204"", ""buy_6th_pre_req_pre"": ""0"", ""buy_7th_pre_bid"": ""-111600"", ""buy_7th_pre_req"": ""55"", ""buy_7th_pre_req_pre"": ""0"", ""buy_8th_pre_bid"": ""-111500"", ""buy_8th_pre_req"": ""2138"", ""buy_8th_pre_req_pre"": ""0"", ""buy_9th_pre_bid"": ""-111400"", ""buy_9th_pre_req"": ""122"", ""buy_9th_pre_req_pre"": ""0"", ""buy_10th_pre_bid"": ""-111300"", ""buy_10th_pre_req"": ""32"", ""buy_10th_pre_req_pre"": ""0"", ""tot_sel_req_jub_pre"": ""+14"", ""tot_sel_req"": ""635"", ""tot_buy_req"": ""3090"", ""tot_buy_req_jub_pre"": ""0"", ""ovt_sel_req_pre"": ""0"", ""ovt_sel_req"": ""0"", ""ovt_buy_req"": ""0"", ""ovt_buy_req_pre"": ""0"", ""return_code"": 0, ""return_msg"": ""정상적으로 처리되었습니다""}"
2026-06-10,scan_candidate,004170,,0,main_scan,686000,,686000,685000,686000,683000,-0.5830903790087464,0.1457725947521866,,,,,,"{""bid_req_base_tm"": ""111627"", ""sel_10th_pre_req_pre"": ""0"", ""sel_10th_pre_req"": ""787"", ""sel_10th_pre_bid"": ""+695000"", ""sel_9th_pre_req_pre"": ""0"", ""sel_9th_pre_req"": ""86"", ""sel_9th_pre_bid"": ""+694000"", ""sel_8th_pre_req_pre"": ""0"", ""sel_8th_pre_req"": ""182"", ""sel_8th_pre_bid"": ""+693000"", ""sel_7th_pre_req_pre"": ""0"", ""sel_7th_pre_req"": ""40"", ""sel_7th_pre_bid"": ""+692000"", ""sel_6th_pre_req_pre"": ""0"", ""sel_6th_pre_req"": ""809"", ""sel_6th_pre_bid"": ""+691000"", ""sel_5th_pre_req_pre"": ""0"", ""sel_5th_pre_req"": ""380"", ""sel_5th_pre_bid"": ""+690000"", ""sel_4th_pre_req_pre"": ""0"", ""sel_4th_pre_req"": ""28"", ""sel_4th_pre_bid"": ""+689000"", ""sel_3th_pre_req_pre"": ""0"", ""sel_3th_pre_req"": ""43"", ""sel_3th_pre_bid"": ""+688000"", ""sel_2th_pre_req_pre"": ""0"", ""sel_2th_pre_req"": ""22"", ""sel_2th_pre_bid"": ""+687000"", ""sel_1th_pre_req_pre"": ""0"", ""sel_fpr_req"": ""4"", ""sel_fpr_bid"": ""+686000"", ""buy_fpr_bid"": ""+685000"", ""buy_fpr_req"": ""7"", ""buy_1th_pre_req_pre"": ""0"", ""buy_2th_pre_bid"": ""+683000"", ""buy_2th_pre_req"": ""58"", ""buy_2th_pre_req_pre"": ""0"", ""buy_3th_pre_bid"": ""+682000"", ""buy_3th_pre_req"": ""14"", ""buy_3th_pre_req_pre"": ""0"", ""buy_4th_pre_bid"": ""+681000"", ""buy_4th_pre_req"": ""24"", ""buy_4th_pre_req_pre"": ""0"", ""buy_5th_pre_bid"": ""+680000"", ""buy_5th_pre_req"": ""140"", ""buy_5th_pre_req_pre"": ""0"", ""buy_6th_pre_bid"": ""+679000"", ""buy_6th_pre_req"": ""33"", ""buy_6th_pre_req_pre"": ""0"", ""buy_7th_pre_bid"": ""+678000"", ""buy_7th_pre_req"": ""3"", ""buy_7th_pre_req_pre"": ""0"", ""buy_8th_pre_bid"": ""+677000"", ""buy_8th_pre_req"": ""45"", ""buy_8th_pre_req_pre"": ""0"", ""buy_9th_pre_bid"": ""+676000"", ""buy_9th_pre_req"": ""3"", ""buy_9th_pre_req_pre"": ""0"", ""buy_10th_pre_bid"": ""+675000"", ""buy_10th_pre_req"": ""509"", ""buy_10th_pre_req_pre"": ""0"", ""tot_sel_req_jub_pre"": ""0"", ""tot_sel_req"": ""2381"", ""tot_buy_req"": ""836"", ""tot_buy_req_jub_pre"": ""0"", ""ovt_sel_req_pre"": ""0"", ""ovt_sel_req"": ""0"", ""ovt_buy_req"": ""0"", ""ovt_buy_req_pre"": ""0"", ""return_code"": 0, ""return_msg"": ""정상적으로 처리되었습니다""}"
2026-06-10,scan_candidate,036570,,0,main_scan,257000,,257000,256500,257000,257500,0.0,0.19455252918287938,,,,,,"{""bid_req_base_tm"": ""111621"", ""sel_10th_pre_req_pre"": ""0"", ""sel_10th_pre_req"": ""26"", ""sel_10th_pre_bid"": ""-261500"", ""sel_9th_pre_req_pre"": ""0"", ""sel_9th_pre_req"": ""63"", ""sel_9th_pre_bid"": ""-261000"", ""sel_8th_pre_req_pre"": ""0"", ""sel_8th_pre_req"": ""1"", ""sel_8th_pre_bid"": ""-260500"", ""sel_7th_pre_req_pre"": ""0"", ""sel_7th_pre_req"": ""120"", ""sel_7th_pre_bid"": ""-260000"", ""sel_6th_pre_req_pre"": ""0"", ""sel_6th_pre_req"": ""50"", ""sel_6th_pre_bid"": ""-259500"", ""sel_5th_pre_req_pre"": ""0"", ""sel_5th_pre_req"": ""42"", ""sel_5th_pre_bid"": ""-259000"", ""sel_4th_pre_req_pre"": ""0"", ""sel_4th_pre_req"": ""8"", ""sel_4th_pre_bid"": ""-258500"", ""sel_3th_pre_req_pre"": ""0"", ""sel_3th_pre_req"": ""10"", ""sel_3th_pre_bid"": ""-258000"", ""sel_2th_pre_req_pre"": ""0"", ""sel_2th_pre_req"": ""1065"", ""sel_2th_pre_bid"": ""-257500"", ""sel_1th_pre_req_pre"": ""0"", ""sel_fpr_req"": ""155"", ""sel_fpr_bid"": ""-257000"", ""buy_fpr_bid"": ""-256500"", ""buy_fpr_req"": ""145"", ""buy_1th_pre_req_pre"": ""0"", ""buy_2th_pre_bid"": ""-256000"", ""buy_2th_pre_req"": ""248"", ""buy_2th_pre_req_pre"": ""0"", ""buy_3th_pre_bid"": ""-255500"", ""buy_3th_pre_req"": ""147"", ""buy_3th_pre_req_pre"": ""0"", ""buy_4th_pre_bid"": ""-255000"", ""buy_4th_pre_req"": ""304"", ""buy_4th_pre_req_pre"": ""0"", ""buy_5th_pre_bid"": ""-254500"", ""buy_5th_pre_req"": ""362"", ""buy_5th_pre_req_pre"": ""0"", ""buy_6th_pre_bid"": ""-254000"", ""buy_6th_pre_req"": ""360"", ""buy_6th_pre_req_pre"": ""0"", ""buy_7th_pre_bid"": ""-253500"", ""buy_7th_pre_req"": ""427"", ""buy_7th_pre_req_pre"": ""0"", ""buy_8th_pre_bid"": ""-253000"", ""buy_8th_pre_req"": ""738"", ""buy_8th_pre_req_pre"": ""0"", ""buy_9th_pre_bid"": ""-252500"", ""buy_9th_pre_req"": ""213"", ""buy_9th_pre_req_pre"": ""0"", ""buy_10th_pre_bid"": ""-252000"", ""buy_10th_pre_req"": ""95"", ""buy_10th_pre_req_pre"": ""0"", ""tot_sel_req_jub_pre"": ""0"", ""tot_sel_req"": ""1540"", ""tot_buy_req"": ""3039"", ""tot_buy_req_jub_pre"": ""0"", ""ovt_sel_req_pre"": ""0"", ""ovt_sel_req"": ""0"", ""ovt_buy_req"": ""0"", ""ovt_buy_req_pre"": ""0"", ""return_code"": 0, ""return_msg"": ""정상적으로 처리되었습니다""}"
2026-06-10,scan_candidate,271560,,0,main_scan,132800,,132800,132700,132800,133000,-0.2259036144578313,0.07530120481927711,,,,,,"{""bid_req_base_tm"": ""111626"", ""sel_10th_pre_req_pre"": ""0"", ""sel_10th_pre_req"": ""20"", ""sel_10th_pre_bid"": ""+133800"", ""sel_9th_pre_req_pre"": ""0"", ""sel_9th_pre_req"": ""101"", ""sel_9th_pre_bid"": ""+133700"", ""sel_8th_pre_req_pre"": ""0"", ""sel_8th_pre_req"": ""6"", ""sel_8th_pre_bid"": ""+133600"", ""sel_7th_pre_req_pre"": ""0"", ""sel_7th_pre_req"": ""4"", ""sel_7th_pre_bid"": ""+133500"", ""sel_6th_pre_req_pre"": ""0"", ""sel_6th_pre_req"": ""3"", ""sel_6th_pre_bid"": ""+133300"", ""sel_5th_pre_req_pre"": ""0"", ""sel_5th_pre_req"": ""28"", ""sel_5th_pre_bid"": ""+133200"", ""sel_4th_pre_req_pre"": ""0"", ""sel_4th_pre_req"": ""44"", ""sel_4th_pre_bid"": ""+133100"", ""sel_3th_pre_req_pre"": ""0"", ""sel_3th_pre_req"": ""10"", ""sel_3th_pre_bid"": ""+133000"", ""sel_2th_pre_req_pre"": ""0"", ""sel_2th_pre_req"": ""98"", ""sel_2th_pre_bid"": ""132900"", ""sel_1th_pre_req_pre"": ""0"", ""sel_fpr_req"": ""73"", ""sel_fpr_bid"": ""-132800"", ""buy_fpr_bid"": ""-132700"", ""buy_fpr_req"": ""56"", ""buy_1th_pre_req_pre"": ""+16"", ""buy_2th_pre_bid"": ""-132600"", ""buy_2th_pre_req"": ""1"", ""buy_2th_pre_req_pre"": ""0"", ""buy_3th_pre_bid"": ""-132500"", ""buy_3th_pre_req"": ""167"", ""buy_3th_pre_req_pre"": ""0"", ""buy_4th_pre_bid"": ""-132400"", ""buy_4th_pre_req"": ""148"", ""buy_4th_pre_req_pre"": ""0"", ""buy_5th_pre_bid"": ""-132300"", ""buy_5th_pre_req"": ""61"", ""buy_5th_pre_req_pre"": ""0"", ""buy_6th_pre_bid"": ""-132200"", ""buy_6th_pre_req"": ""59"", ""buy_6th_pre_req_pre"": ""0"", ""buy_7th_pre_bid"": ""-132000"", ""buy_7th_pre_req"": ""27"", ""buy_7th_pre_req_pre"": ""0"", ""buy_8th_pre_bid"": ""-131900"", ""buy_8th_pre_req"": ""1"", ""buy_8th_pre_req_pre"": ""0"", ""buy_9th_pre_bid"": ""-131800"", ""buy_9th_pre_req"": ""2"", ""buy_9th_pre_req_pre"": ""0"", ""buy_10th_pre_bid"": ""-131700"", ""buy_10th_pre_req"": ""35"", ""buy_10th_pre_req_pre"": ""0"", ""tot_sel_req_jub_pre"": ""0"", ""tot_sel_req"": ""387"", ""tot_buy_req"": ""557"", ""tot_buy_req_jub_pre"": ""+16"", ""ovt_sel_req_pre"": ""0"", ""ovt_sel_req"": ""0"", ""ovt_buy_req"": ""0"", ""ovt_buy_req_pre"": ""0"", ""return_code"": 0, ""return_msg"": ""정상적으로 처리되었습니다""}"
2026-06-10,scan_candidate,023530,,0,main_scan,193200,,193200,193100,193200,192500,-0.6211180124223602,0.051759834368530024,,,,,,"{""bid_req_base_tm"": ""111628"", ""sel_10th_pre_req_pre"": ""0"", ""sel_10th_pre_req"": ""10"", ""sel_10th_pre_bid"": ""+194300"", ""sel_9th_pre_req_pre"": ""0"", ""sel_9th_pre_req"": ""11"", ""sel_9th_pre_bid"": ""+194200"", ""sel_8th_pre_req_pre"": ""0"", ""sel_8th_pre_req"": ""10"", ""sel_8th_pre_bid"": ""+194100"", ""sel_7th_pre_req_pre"": ""0"", ""sel_7th_pre_req"": ""154"", ""sel_7th_pre_bid"": ""+194000"", ""sel_6th_pre_req_pre"": ""0"", ""sel_6th_pre_req"": ""4"", ""sel_6th_pre_bid"": ""+193900"", ""sel_5th_pre_req_pre"": ""0"", ""sel_5th_pre_req"": ""41"", ""sel_5th_pre_bid"": ""+193800"", ""sel_4th_pre_req_pre"": ""0"", ""sel_4th_pre_req"": ""14"", ""sel_4th_pre_bid"": ""+193600"", ""sel_3th_pre_req_pre"": ""0"", ""sel_3th_pre_req"": ""47"", ""sel_3th_pre_bid"": ""+193500"", ""sel_2th_pre_req_pre"": ""0"", ""sel_2th_pre_req"": ""45"", ""sel_2th_pre_bid"": ""+193300"", ""sel_1th_pre_req_pre"": ""0"", ""sel_fpr_req"": ""71"", ""sel_fpr_bid"": ""+193200"", ""buy_fpr_bid"": ""+193100"", ""buy_fpr_req"": ""26"", ""buy_1th_pre_req_pre"": ""--1"", ""buy_2th_pre_bid"": ""+193000"", ""buy_2th_pre_req"": ""31"", ""buy_2th_pre_req_pre"": ""+20"", ""buy_3th_pre_bid"": ""+192700"", ""buy_3th_pre_req"": ""6"", ""buy_3th_pre_req_pre"": ""--22"", ""buy_4th_pre_bid"": ""+192600"", ""buy_4th_pre_req"": ""22"", ""buy_4th_pre_req_pre"": ""0"", ""buy_5th_pre_bid"": ""+192500"", ""buy_5th_pre_req"": ""11"", ""buy_5th_pre_req_pre"": ""0"", ""buy_6th_pre_bid"": ""+192200"", ""buy_6th_pre_req"": ""5"", ""buy_6th_pre_req_pre"": ""0"", ""buy_7th_pre_bid"": ""+192000"", ""buy_7th_pre_req"": ""14"", ""buy_7th_pre_req_pre"": ""0"", ""buy_8th_pre_bid"": ""+191800"", ""buy_8th_pre_req"": ""1"", ""buy_8th_pre_req_pre"": ""0"", ""buy_9th_pre_bid"": ""+191600"", ""buy_9th_pre_req"": ""17"", ""buy_9th_pre_req_pre"": ""0"", ""buy_10th_pre_bid"": ""+191500"", ""buy_10th_pre_req"": ""4"", ""buy_10th_pre_req_pre"": ""0"", ""tot_sel_req_jub_pre"": ""0"", ""tot_sel_req"": ""407"", ""tot_buy_req"": ""137"", ""tot_buy_req_jub_pre"": ""--3"", ""ovt_sel_req_pre"": ""0"", ""ovt_sel_req"": ""0"", ""ovt_buy_req"": ""0"", ""ovt_buy_req_pre"": ""0"", ""return_code"": 0, ""return_msg"": ""정상적으로 처리되었습니다""}"
2026-06-10,scan_candidate,175330,,0,main_scan,25550,,25550,25500,25550,25650,0.19569471624266144,0.19569471624266144,,,,,,"{""bid_req_base_tm"": ""111625"", ""sel_10th_pre_req_pre"": ""0"", ""sel_10th_pre_req"": ""114"", ""sel_10th_pre_bid"": ""+26000"", ""sel_9th_pre_req_pre"": ""0"", ""sel_9th_pre_req"": ""142"", ""sel_9th_pre_bid"": ""+25950"", ""sel_8th_pre_req_pre"": ""0"", ""sel_8th_pre_req"": ""562"", ""sel_8th_pre_bid"": ""25900"", ""sel_7th_pre_req_pre"": ""0"", ""sel_7th_pre_req"": ""469"", ""sel_7th_pre_bid"": ""-25850"", ""sel_6th_pre_req_pre"": ""0"", ""sel_6th_pre_req"": ""522"", ""sel_6th_pre_bid"": ""-25800"", ""sel_5th_pre_req_pre"": ""0"", ""sel_5th_pre_req"": ""89"", ""sel_5th_pre_bid"": ""-25750"", ""sel_4th_pre_req_pre"": ""0"", ""sel_4th_pre_req"": ""104"", ""sel_4th_pre_bid"": ""-25700"", ""sel_3th_pre_req_pre"": ""0"", ""sel_3th_pre_req"": ""321"", ""sel_3th_pre_bid"": ""-25650"", ""sel_2th_pre_req_pre"": ""0"", ""sel_2th_pre_req"": ""539"", ""sel_2th_pre_bid"": ""-25600"", ""sel_1th_pre_req_pre"": ""+11"", ""sel_fpr_req"": ""523"", ""sel_fpr_bid"": ""-25550"", ""buy_fpr_bid"": ""-25500"", ""buy_fpr_req"": ""759"", ""buy_1th_pre_req_pre"": ""0"", ""buy_2th_pre_bid"": ""-25450"", ""buy_2th_pre_req"": ""1391"", ""buy_2th_pre_req_pre"": ""0"", ""buy_3th_pre_bid"": ""-25400"", ""buy_3th_pre_req"": ""530"", ""buy_3th_pre_req_pre"": ""0"", ""buy_4th_pre_bid"": ""-25350"", ""buy_4th_pre_req"": ""436"", ""buy_4th_pre_req_pre"": ""0"", ""buy_5th_pre_bid"": ""-25300"", ""buy_5th_pre_req"": ""361"", ""buy_5th_pre_req_pre"": ""0"", ""buy_6th_pre_bid"": ""-25250"", ""buy_6th_pre_req"": ""505"", ""buy_6th_pre_req_pre"": ""0"", ""buy_7th_pre_bid"": ""-25200"", ""buy_7th_pre_req"": ""268"", ""buy_7th_pre_req_pre"": ""0"", ""buy_8th_pre_bid"": ""-25150"", ""buy_8th_pre_req"": ""768"", ""buy_8th_pre_req_pre"": ""0"", ""buy_9th_pre_bid"": ""-25100"", ""buy_9th_pre_req"": ""489"", ""buy_9th_pre_req_pre"": ""0"", ""buy_10th_pre_bid"": ""-25050"", ""buy_10th_pre_req"": ""597"", ""buy_10th_pre_req_pre"": ""0"", ""tot_sel_req_jub_pre"": ""+11"", ""tot_sel_req"": ""3385"", ""tot_buy_req"": ""6104"", ""tot_buy_req_jub_pre"": ""0"", ""ovt_sel_req_pre"": ""0"", ""ovt_sel_req"": ""0"", ""ovt_buy_req"": ""0"", ""ovt_buy_req_pre"": ""0"", ""return_code"": 0, ""return_msg"": ""정상적으로 처리되었습니다""}"
2026-06-10,scan_candidate,088350,,0,main_scan,4835,,4835,4830,4835,4850,0.2068252326783868,0.1034126163391934,,,,,,"{""bid_req_base_tm"": ""111626"", ""sel_10th_pre_req_pre"": ""0"", ""sel_10th_pre_req"": ""503"", ""sel_10th_pre_bid"": ""-4880"", ""sel_9th_pre_req_pre"": ""0"", ""sel_9th_pre_req"": ""574"", ""sel_9th_pre_bid"": ""-4875"", ""sel_8th_pre_req_pre"": ""0"", ""sel_8th_pre_req"": ""697"", ""sel_8th_pre_bid"": ""-4870"", ""sel_7th_pre_req_pre"": ""0"", ""sel_7th_pre_req"": ""1868"", ""sel_7th_pre_bid"": ""-4865"", ""sel_6th_pre_req_pre"": ""0"", ""sel_6th_pre_req"": ""1657"", ""sel_6th_pre_bid"": ""-4860"", ""sel_5th_pre_req_pre"": ""0"", ""sel_5th_pre_req"": ""1000"", ""sel_5th_pre_bid"": ""-4855"", ""sel_4th_pre_req_pre"": ""0"", ""sel_4th_pre_req"": ""552"", ""sel_4th_pre_bid"": ""-4850"", ""sel_3th_pre_req_pre"": ""0"", ""sel_3th_pre_req"": ""275"", ""sel_3th_pre_bid"": ""-4845"", ""sel_2th_pre_req_pre"": ""0"", ""sel_2th_pre_req"": ""377"", ""sel_2th_pre_bid"": ""-4840"", ""sel_1th_pre_req_pre"": ""0"", ""sel_fpr_req"": ""286"", ""sel_fpr_bid"": ""-4835"", ""buy_fpr_bid"": ""-4830"", ""buy_fpr_req"": ""4434"", ""buy_1th_pre_req_pre"": ""0"", ""buy_2th_pre_bid"": ""-4825"", ""buy_2th_pre_req"": ""9374"", ""buy_2th_pre_req_pre"": ""0"", ""buy_3th_pre_bid"": ""-4820"", ""buy_3th_pre_req"": ""24351"", ""buy_3th_pre_req_pre"": ""0"", ""buy_4th_pre_bid"": ""-4815"", ""buy_4th_pre_req"": ""22344"", ""buy_4th_pre_req_pre"": ""0"", ""buy_5th_pre_bid"": ""-4810"", ""buy_5th_pre_req"": ""8401"", ""buy_5th_pre_req_pre"": ""0"", ""buy_6th_pre_bid"": ""-4805"", ""buy_6th_pre_req"": ""10551"", ""buy_6th_pre_req_pre"": ""0"", ""buy_7th_pre_bid"": ""-4800"", ""buy_7th_pre_req"": ""17952"", ""buy_7th_pre_req_pre"": ""0"", ""buy_8th_pre_bid"": ""-4795"", ""buy_8th_pre_req"": ""10023"", ""buy_8th_pre_req_pre"": ""0"", ""buy_9th_pre_bid"": ""-4790"", ""buy_9th_pre_req"": ""11523"", ""buy_9th_pre_req_pre"": ""0"", ""buy_10th_pre_bid"": ""-4785"", ""buy_10th_pre_req"": ""9188"", ""buy_10th_pre_req_pre"": ""0"", ""tot_sel_req_jub_pre"": ""0"", ""tot_sel_req"": ""7789"", ""tot_buy_req"": ""128141"", ""tot_buy_req_jub_pre"": ""0"", ""ovt_sel_req_pre"": ""0"", ""ovt_sel_req"": ""0"", ""ovt_buy_req"": ""0"", ""ovt_buy_req_pre"": ""0"", ""return_code"": 0, ""return_msg"": ""정상적으로 처리되었습니다""}"
2026-06-10,scan_candidate,069960,,0,main_scan,173300,,173300,173200,173300,174000,0.1154068090017311,0.05770340450086555,,,,,,"{""bid_req_base_tm"": ""111624"", ""sel_10th_pre_req_pre"": ""0"", ""sel_10th_pre_req"": ""10"", ""sel_10th_pre_bid"": ""+175400"", ""sel_9th_pre_req_pre"": ""0"", ""sel_9th_pre_req"": ""2"", ""sel_9th_pre_bid"": ""+175100"", ""sel_8th_pre_req_pre"": ""0"", ""sel_8th_pre_req"": ""11"", ""sel_8th_pre_bid"": ""+175000"", ""sel_7th_pre_req_pre"": ""0"", ""sel_7th_pre_req"": ""10"", ""sel_7th_pre_bid"": ""+174500"", ""sel_6th_pre_req_pre"": ""0"", ""sel_6th_pre_req"": ""9"", ""sel_6th_pre_bid"": ""+174200"", ""sel_5th_pre_req_pre"": ""0"", ""sel_5th_pre_req"": ""5"", ""sel_5th_pre_bid"": ""+174100"", ""sel_4th_pre_req_pre"": ""0"", ""sel_4th_pre_req"": ""6"", ""sel_4th_pre_bid"": ""+174000"", ""sel_3th_pre_req_pre"": ""0"", ""sel_3th_pre_req"": ""10"", ""sel_3th_pre_bid"": ""+173600"", ""sel_2th_pre_req_pre"": ""0"", ""sel_2th_pre_req"": ""1"", ""sel_2th_pre_bid"": ""+173500"", ""sel_1th_pre_req_pre"": ""+4"", ""sel_fpr_req"": ""73"", ""sel_fpr_bid"": ""+173300"", ""buy_fpr_bid"": ""+173200"", ""buy_fpr_req"": ""35"", ""buy_1th_pre_req_pre"": ""0"", ""buy_2th_pre_bid"": ""+173100"", ""buy_2th_pre_req"": ""68"", ""buy_2th_pre_req_pre"": ""0"", ""buy_3th_pre_bid"": ""+173000"", ""buy_3th_pre_req"": ""31"", ""buy_3th_pre_req_pre"": ""0"", ""buy_4th_pre_bid"": ""+172900"", ""buy_4th_pre_req"": ""1"", ""buy_4th_pre_req_pre"": ""0"", ""buy_5th_pre_bid"": ""+172800"", ""buy_5th_pre_req"": ""23"", ""buy_5th_pre_req_pre"": ""0"", ""buy_6th_pre_bid"": ""+172600"", ""buy_6th_pre_req"": ""143"", ""buy_6th_pre_req_pre"": ""0"", ""buy_7th_pre_bid"": ""+172500"", ""buy_7th_pre_req"": ""20"", ""buy_7th_pre_req_pre"": ""0"", ""buy_8th_pre_bid"": ""+172000"", ""buy_8th_pre_req"": ""5"", ""buy_8th_pre_req_pre"": ""0"", ""buy_9th_pre_bid"": ""+171900"", ""buy_9th_pre_req"": ""11"", ""buy_9th_pre_req_pre"": ""0"", ""buy_10th_pre_bid"": ""+171500"", ""buy_10th_pre_req"": ""13"", ""buy_10th_pre_req_pre"": ""0"", ""tot_sel_req_jub_pre"": ""+4"", ""tot_sel_req"": ""137"", ""tot_buy_req"": ""350"", ""tot_buy_req_jub_pre"": ""0"", ""ovt_sel_req_pre"": ""0"", ""ovt_sel_req"": ""0"", ""ovt_buy_req"": ""0"", ""ovt_buy_req_pre"": ""0"", ""return_code"": 0, ""return_msg"": ""정상적으로 처리되었습니다""}"
2026-06-10,scan_candidate,111770,,0,main_scan,79100,,79100,79000,79100,79100,-0.12642225031605564,0.12642225031605564,,,,,,"{""bid_req_base_tm"": ""111627"", ""sel_10th_pre_req_pre"": ""0"", ""sel_10th_pre_req"": ""6"", ""sel_10th_pre_bid"": ""+80300"", ""sel_9th_pre_req_pre"": ""0"", ""sel_9th_pre_req"": ""10"", ""sel_9th_pre_bid"": ""+80200"", ""sel_8th_pre_req_pre"": ""0"", ""sel_8th_pre_req"": ""98"", ""sel_8th_pre_bid"": ""+80000"", ""sel_7th_pre_req_pre"": ""0"", ""sel_7th_pre_req"": ""31"", ""sel_7th_pre_bid"": ""+79900"", ""sel_6th_pre_req_pre"": ""0"", ""sel_6th_pre_req"": ""13"", ""sel_6th_pre_bid"": ""+79800"", ""sel_5th_pre_req_pre"": ""0"", ""sel_5th_pre_req"": ""11"", ""sel_5th_pre_bid"": ""+79700"", ""sel_4th_pre_req_pre"": ""0"", ""sel_4th_pre_req"": ""15"", ""sel_4th_pre_bid"": ""+79600"", ""sel_3th_pre_req_pre"": ""0"", ""sel_3th_pre_req"": ""15"", ""sel_3th_pre_bid"": ""+79400"", ""sel_2th_pre_req_pre"": ""--52"", ""sel_2th_pre_req"": ""7"", ""sel_2th_pre_bid"": ""+79200"", ""sel_1th_pre_req_pre"": ""0"", ""sel_fpr_req"": ""40"", ""sel_fpr_bid"": ""+79100"", ""buy_fpr_bid"": ""+79000"", ""buy_fpr_req"": ""41"", ""buy_1th_pre_req_pre"": ""0"", ""buy_2th_pre_bid"": ""+78900"", ""buy_2th_pre_req"": ""2"", ""buy_2th_pre_req_pre"": ""0"", ""buy_3th_pre_bid"": ""+78800"", ""buy_3th_pre_req"": ""42"", ""buy_3th_pre_req_pre"": ""0"", ""buy_4th_pre_bid"": ""+78700"", ""buy_4th_pre_req"": ""39"", ""buy_4th_pre_req_pre"": ""0"", ""buy_5th_pre_bid"": ""+78500"", ""buy_5th_pre_req"": ""5"", ""buy_5th_pre_req_pre"": ""0"", ""buy_6th_pre_bid"": ""+78400"", ""buy_6th_pre_req"": ""4"", ""buy_6th_pre_req_pre"": ""0"", ""buy_7th_pre_bid"": ""+78300"", ""buy_7th_pre_req"": ""20"", ""buy_7th_pre_req_pre"": ""0"", ""buy_8th_pre_bid"": ""+78200"", ""buy_8th_pre_req"": ""1"", ""buy_8th_pre_req_pre"": ""0"", ""buy_9th_pre_bid"": ""78000"", ""buy_9th_pre_req"": ""70"", ""buy_9th_pre_req_pre"": ""0"", ""buy_10th_pre_bid"": ""-77900"", ""buy_10th_pre_req"": ""45"", ""buy_10th_pre_req_pre"": ""0"", ""tot_sel_req_jub_pre"": ""--52"", ""tot_sel_req"": ""246"", ""tot_buy_req"": ""269"", ""tot_buy_req_jub_pre"": ""0"", ""ovt_sel_req_pre"": ""0"", ""ovt_sel_req"": ""0"", ""ovt_buy_req"": ""0"", ""ovt_buy_req_pre"": ""0"", ""return_code"": 0, ""return_msg"": ""정상적으로 처리되었습니다""}"
2026-06-10,scan_candidate,085620,,0,main_scan,22500,,22500,22450,22500,22450,-0.4444444444444444,0.2222222222222222,,,,,,"{""bid_req_base_tm"": ""111629"", ""sel_10th_pre_req_pre"": ""0"", ""sel_10th_pre_req"": ""4423"", ""sel_10th_pre_bid"": ""-22950"", ""sel_9th_pre_req_pre"": ""0"", ""sel_9th_pre_req"": ""2173"", ""sel_9th_pre_bid"": ""-22900"", ""sel_8th_pre_req_pre"": ""0"", ""sel_8th_pre_req"": ""1892"", ""sel_8th_pre_bid"": ""-22850"", ""sel_7th_pre_req_pre"": ""0"", ""sel_7th_pre_req"": ""2200"", ""sel_7th_pre_bid"": ""-22800"", ""sel_6th_pre_req_pre"": ""0"", ""sel_6th_pre_req"": ""2105"", ""sel_6th_pre_bid"": ""-22750"", ""sel_5th_pre_req_pre"": ""0"", ""sel_5th_pre_req"": ""694"", ""sel_5th_pre_bid"": ""-22700"", ""sel_4th_pre_req_pre"": ""0"", ""sel_4th_pre_req"": ""515"", ""sel_4th_pre_bid"": ""-22650"", ""sel_3th_pre_req_pre"": ""0"", ""sel_3th_pre_req"": ""744"", ""sel_3th_pre_bid"": ""-22600"", ""sel_2th_pre_req_pre"": ""0"", ""sel_2th_pre_req"": ""518"", ""sel_2th_pre_bid"": ""-22550"", ""sel_1th_pre_req_pre"": ""0"", ""sel_fpr_req"": ""2024"", ""sel_fpr_bid"": ""-22500"", ""buy_fpr_bid"": ""-22450"", ""buy_fpr_req"": ""168"", ""buy_1th_pre_req_pre"": ""+10"", ""buy_2th_pre_bid"": ""-22400"", ""buy_2th_pre_req"": ""260"", ""buy_2th_pre_req_pre"": ""0"", ""buy_3th_pre_bid"": ""-22350"", ""buy_3th_pre_req"": ""857"", ""buy_3th_pre_req_pre"": ""0"", ""buy_4th_pre_bid"": ""-22300"", ""buy_4th_pre_req"": ""1260"", ""buy_4th_pre_req_pre"": ""0"", ""buy_5th_pre_bid"": ""-22250"", ""buy_5th_pre_req"": ""479"", ""buy_5th_pre_req_pre"": ""0"", ""buy_6th_pre_bid"": ""-22200"", ""buy_6th_pre_req"": ""2271"", ""buy_6th_pre_req_pre"": ""0"", ""buy_7th_pre_bid"": ""-22150"", ""buy_7th_pre_req"": ""3651"", ""buy_7th_pre_req_pre"": ""0"", ""buy_8th_pre_bid"": ""-22100"", ""buy_8th_pre_req"": ""812"", ""buy_8th_pre_req_pre"": ""0"", ""buy_9th_pre_bid"": ""-22050"", ""buy_9th_pre_req"": ""2248"", ""buy_9th_pre_req_pre"": ""0"", ""buy_10th_pre_bid"": ""-22000"", ""buy_10th_pre_req"": ""1976"", ""buy_10th_pre_req_pre"": ""0"", ""tot_sel_req_jub_pre"": ""0"", ""tot_sel_req"": ""17288"", ""tot_buy_req"": ""13982"", ""tot_buy_req_jub_pre"": ""+10"", ""ovt_sel_req_pre"": ""0"", ""ovt_sel_req"": ""0"", ""ovt_buy_req"": ""0"", ""ovt_buy_req_pre"": ""0"", ""return_code"": 0, ""return_msg"": ""정상적으로 처리되었습니다""}"
2026-06-10,scan_candidate,035250,,0,main_scan,15090,,15090,15080,15090,15050,-0.5964214711729622,0.06626905235255136,,,,,,"{""bid_req_base_tm"": ""111625"", ""sel_10th_pre_req_pre"": ""0"", ""sel_10th_pre_req"": ""542"", ""sel_10th_pre_bid"": ""+15180"", ""sel_9th_pre_req_pre"": ""0"", ""sel_9th_pre_req"": ""342"", ""sel_9th_pre_bid"": ""+15170"", ""sel_8th_pre_req_pre"": ""0"", ""sel_8th_pre_req"": ""120"", ""sel_8th_pre_bid"": ""+15160"", ""sel_7th_pre_req_pre"": ""--1"", ""sel_7th_pre_req"": ""24003"", ""sel_7th_pre_bid"": ""+15150"", ""sel_6th_pre_req_pre"": ""0"", ""sel_6th_pre_req"": ""707"", ""sel_6th_pre_bid"": ""+15140"", ""sel_5th_pre_req_pre"": ""0"", ""sel_5th_pre_req"": ""597"", ""sel_5th_pre_bid"": ""+15130"", ""sel_4th_pre_req_pre"": ""0"", ""sel_4th_pre_req"": ""507"", ""sel_4th_pre_bid"": ""+15120"", ""sel_3th_pre_req_pre"": ""0"", ""sel_3th_pre_req"": ""148"", ""sel_3th_pre_bid"": ""+15110"", ""sel_2th_pre_req_pre"": ""0"", ""sel_2th_pre_req"": ""275"", ""sel_2th_pre_bid"": ""+15100"", ""sel_1th_pre_req_pre"": ""0"", ""sel_fpr_req"": ""1339"", ""sel_fpr_bid"": ""+15090"", ""buy_fpr_bid"": ""+15080"", ""buy_fpr_req"": ""2424"", ""buy_1th_pre_req_pre"": ""0"", ""buy_2th_pre_bid"": ""+15070"", ""buy_2th_pre_req"": ""2781"", ""buy_2th_pre_req_pre"": ""0"", ""buy_3th_pre_bid"": ""+15060"", ""buy_3th_pre_req"": ""811"", ""buy_3th_pre_req_pre"": ""0"", ""buy_4th_pre_bid"": ""+15050"", ""buy_4th_pre_req"": ""319"", ""buy_4th_pre_req_pre"": ""0"", ""buy_5th_pre_bid"": ""+15040"", ""buy_5th_pre_req"": ""283"", ""buy_5th_pre_req_pre"": ""0"", ""buy_6th_pre_bid"": ""+15030"", ""buy_6th_pre_req"": ""67"", ""buy_6th_pre_req_pre"": ""0"", ""buy_7th_pre_bid"": ""+15020"", ""buy_7th_pre_req"": ""56"", ""buy_7th_pre_req_pre"": ""0"", ""buy_8th_pre_bid"": ""+15010"", ""buy_8th_pre_req"": ""233"", ""buy_8th_pre_req_pre"": ""0"", ""buy_9th_pre_bid"": ""+15000"", ""buy_9th_pre_req"": ""363"", ""buy_9th_pre_req_pre"": ""0"", ""buy_10th_pre_bid"": ""+14990"", ""buy_10th_pre_req"": ""125"", ""buy_10th_pre_req_pre"": ""0"", ""tot_sel_req_jub_pre"": ""--1"", ""tot_sel_req"": ""28580"", ""tot_buy_req"": ""7462"", ""tot_buy_req_jub_pre"": ""0"", ""ovt_sel_req_pre"": ""0"", ""ovt_sel_req"": ""0"", ""ovt_buy_req"": ""0"", ""ovt_buy_req_pre"": ""0"", ""return_code"": 0, ""return_msg"": ""정상적으로 처리되었습니다""}"
2026-06-10,scan_candidate,001450,,0,main_scan,37750,,37750,37700,37750,37800,0.0,0.13245033112582782,,,,,,"{""bid_req_base_tm"": ""111627"", ""sel_10th_pre_req_pre"": ""0"", ""sel_10th_pre_req"": ""151"", ""sel_10th_pre_bid"": ""+38200"", ""sel_9th_pre_req_pre"": ""0"", ""sel_9th_pre_req"": ""37"", ""sel_9th_pre_bid"": ""+38150"", ""sel_8th_pre_req_pre"": ""0"", ""sel_8th_pre_req"": ""536"", ""sel_8th_pre_bid"": ""+38100"", ""sel_7th_pre_req_pre"": ""0"", ""sel_7th_pre_req"": ""164"", ""sel_7th_pre_bid"": ""+38050"", ""sel_6th_pre_req_pre"": ""0"", ""sel_6th_pre_req"": ""566"", ""sel_6th_pre_bid"": ""+38000"", ""sel_5th_pre_req_pre"": ""0"", ""sel_5th_pre_req"": ""33"", ""sel_5th_pre_bid"": ""+37950"", ""sel_4th_pre_req_pre"": ""0"", ""sel_4th_pre_req"": ""111"", ""sel_4th_pre_bid"": ""+37900"", ""sel_3th_pre_req_pre"": ""0"", ""sel_3th_pre_req"": ""593"", ""sel_3th_pre_bid"": ""+37850"", ""sel_2th_pre_req_pre"": ""0"", ""sel_2th_pre_req"": ""260"", ""sel_2th_pre_bid"": ""+37800"", ""sel_1th_pre_req_pre"": ""+1"", ""sel_fpr_req"": ""77"", ""sel_fpr_bid"": ""+37750"", ""buy_fpr_bid"": ""+37700"", ""buy_fpr_req"": ""512"", ""buy_1th_pre_req_pre"": ""0"", ""buy_2th_pre_bid"": ""+37650"", ""buy_2th_pre_req"": ""534"", ""buy_2th_pre_req_pre"": ""0"", ""buy_3th_pre_bid"": ""+37600"", ""buy_3th_pre_req"": ""315"", ""buy_3th_pre_req_pre"": ""0"", ""buy_4th_pre_bid"": ""+37550"", ""buy_4th_pre_req"": ""575"", ""buy_4th_pre_req_pre"": ""0"", ""buy_5th_pre_bid"": ""+37500"", ""buy_5th_pre_req"": ""57"", ""buy_5th_pre_req_pre"": ""0"", ""buy_6th_pre_bid"": ""+37450"", ""buy_6th_pre_req"": ""381"", ""buy_6th_pre_req_pre"": ""0"", ""buy_7th_pre_bid"": ""+37400"", ""buy_7th_pre_req"": ""193"", ""buy_7th_pre_req_pre"": ""0"", ""buy_8th_pre_bid"": ""+37350"", ""buy_8th_pre_req"": ""132"", ""buy_8th_pre_req_pre"": ""0"", ""buy_9th_pre_bid"": ""+37300"", ""buy_9th_pre_req"": ""417"", ""buy_9th_pre_req_pre"": ""0"", ""buy_10th_pre_bid"": ""+37250"", ""buy_10th_pre_req"": ""209"", ""buy_10th_pre_req_pre"": ""0"", ""tot_sel_req_jub_pre"": ""+1"", ""tot_sel_req"": ""2528"", ""tot_buy_req"": ""3325"", ""tot_buy_req_jub_pre"": ""0"", ""ovt_sel_req_pre"": ""0"", ""ovt_sel_req"": ""0"", ""ovt_buy_req"": ""0"", ""ovt_buy_req_pre"": ""0"", ""return_code"": 0, ""return_msg"": ""정상적으로 처리되었습니다""}"
2026-06-10,scan_candidate,036460,,0,main_scan,34450,,34450,34400,34450,34450,-0.14513788098693758,0.14513788098693758,,,,,,"{""bid_req_base_tm"": ""111624"", ""sel_10th_pre_req_pre"": ""0"", ""sel_10th_pre_req"": ""619"", ""sel_10th_pre_bid"": ""+34900"", ""sel_9th_pre_req_pre"": ""0"", ""sel_9th_pre_req"": ""533"", ""sel_9th_pre_bid"": ""+34850"", ""sel_8th_pre_req_pre"": ""0"", ""sel_8th_pre_req"": ""310"", ""sel_8th_pre_bid"": ""+34800"", ""sel_7th_pre_req_pre"": ""0"", ""sel_7th_pre_req"": ""578"", ""sel_7th_pre_bid"": ""+34750"", ""sel_6th_pre_req_pre"": ""0"", ""sel_6th_pre_req"": ""662"", ""sel_6th_pre_bid"": ""+34700"", ""sel_5th_pre_req_pre"": ""0"", ""sel_5th_pre_req"": ""513"", ""sel_5th_pre_bid"": ""+34650"", ""sel_4th_pre_req_pre"": ""0"", ""sel_4th_pre_req"": ""1040"", ""sel_4th_pre_bid"": ""+34600"", ""sel_3th_pre_req_pre"": ""0"", ""sel_3th_pre_req"": ""331"", ""sel_3th_pre_bid"": ""+34550"", ""sel_2th_pre_req_pre"": ""0"", ""sel_2th_pre_req"": ""717"", ""sel_2th_pre_bid"": ""+34500"", ""sel_1th_pre_req_pre"": ""+1"", ""sel_fpr_req"": ""171"", ""sel_fpr_bid"": ""+34450"", ""buy_fpr_bid"": ""+34400"", ""buy_fpr_req"": ""214"", ""buy_1th_pre_req_pre"": ""0"", ""buy_2th_pre_bid"": ""+34350"", ""buy_2th_pre_req"": ""134"", ""buy_2th_pre_req_pre"": ""0"", ""buy_3th_pre_bid"": ""+34300"", ""buy_3th_pre_req"": ""186"", ""buy_3th_pre_req_pre"": ""0"", ""buy_4th_pre_bid"": ""+34250"", ""buy_4th_pre_req"": ""781"", ""buy_4th_pre_req_pre"": ""0"", ""buy_5th_pre_bid"": ""+34200"", ""buy_5th_pre_req"": ""760"", ""buy_5th_pre_req_pre"": ""0"", ""buy_6th_pre_bid"": ""+34150"", ""buy_6th_pre_req"": ""594"", ""buy_6th_pre_req_pre"": ""0"", ""buy_7th_pre_bid"": ""+34100"", ""buy_7th_pre_req"": ""700"", ""buy_7th_pre_req_pre"": ""0"", ""buy_8th_pre_bid"": ""+34050"", ""buy_8th_pre_req"": ""1118"", ""buy_8th_pre_req_pre"": ""0"", ""buy_9th_pre_bid"": ""34000"", ""buy_9th_pre_req"": ""3356"", ""buy_9th_pre_req_pre"": ""0"", ""buy_10th_pre_bid"": ""-33950"", ""buy_10th_pre_req"": ""854"", ""buy_10th_pre_req_pre"": ""0"", ""tot_sel_req_jub_pre"": ""+1"", ""tot_sel_req"": ""5474"", ""tot_buy_req"": ""8697"", ""tot_buy_req_jub_pre"": ""0"", ""ovt_sel_req_pre"": ""0"", ""ovt_sel_req"": ""0"", ""ovt_buy_req"": ""0"", ""ovt_buy_req_pre"": ""0"", ""return_code"": 0, ""return_msg"": ""정상적으로 처리되었습니다""}"
2026-06-10,scan_candidate,017800,,0,main_scan,76400,,76400,76300,76400,76500,0.0,0.13089005235602094,,,,,,"{""bid_req_base_tm"": ""111630"", ""sel_10th_pre_req_pre"": ""0"", ""sel_10th_pre_req"": ""27"", ""sel_10th_pre_bid"": ""+77400"", ""sel_9th_pre_req_pre"": ""0"", ""sel_9th_pre_req"": ""10"", ""sel_9th_pre_bid"": ""+77300"", ""sel_8th_pre_req_pre"": ""0"", ""sel_8th_pre_req"": ""110"", ""sel_8th_pre_bid"": ""+77200"", ""sel_7th_pre_req_pre"": ""0"", ""sel_7th_pre_req"": ""120"", ""sel_7th_pre_bid"": ""+77100"", ""sel_6th_pre_req_pre"": ""0"", ""sel_6th_pre_req"": ""24"", ""sel_6th_pre_bid"": ""+76900"", ""sel_5th_pre_req_pre"": ""0"", ""sel_5th_pre_req"": ""19"", ""sel_5th_pre_bid"": ""+76800"", ""sel_4th_pre_req_pre"": ""0"", ""sel_4th_pre_req"": ""31"", ""sel_4th_pre_bid"": ""76700"", ""sel_3th_pre_req_pre"": ""0"", ""sel_3th_pre_req"": ""55"", ""sel_3th_pre_bid"": ""-76600"", ""sel_2th_pre_req_pre"": ""0"", ""sel_2th_pre_req"": ""288"", ""sel_2th_pre_bid"": ""-76500"", ""sel_1th_pre_req_pre"": ""--2"", ""sel_fpr_req"": ""172"", ""sel_fpr_bid"": ""-76400"", ""buy_fpr_bid"": ""-76300"", ""buy_fpr_req"": ""142"", ""buy_1th_pre_req_pre"": ""0"", ""buy_2th_pre_bid"": ""-76200"", ""buy_2th_pre_req"": ""59"", ""buy_2th_pre_req_pre"": ""0"", ""buy_3th_pre_bid"": ""-76100"", ""buy_3th_pre_req"": ""33"", ""buy_3th_pre_req_pre"": ""0"", ""buy_4th_pre_bid"": ""-76000"", ""buy_4th_pre_req"": ""117"", ""buy_4th_pre_req_pre"": ""0"", ""buy_5th_pre_bid"": ""-75900"", ""buy_5th_pre_req"": ""111"", ""buy_5th_pre_req_pre"": ""0"", ""buy_6th_pre_bid"": ""-75800"", ""buy_6th_pre_req"": ""184"", ""buy_6th_pre_req_pre"": ""0"", ""buy_7th_pre_bid"": ""-75700"", ""buy_7th_pre_req"": ""59"", ""buy_7th_pre_req_pre"": ""0"", ""buy_8th_pre_bid"": ""-75600"", ""buy_8th_pre_req"": ""237"", ""buy_8th_pre_req_pre"": ""0"", ""buy_9th_pre_bid"": ""-75500"", ""buy_9th_pre_req"": ""173"", ""buy_9th_pre_req_pre"": ""0"", ""buy_10th_pre_bid"": ""-75400"", ""buy_10th_pre_req"": ""13"", ""buy_10th_pre_req_pre"": ""0"", ""tot_sel_req_jub_pre"": ""--2"", ""tot_sel_req"": ""856"", ""tot_buy_req"": ""1128"", ""tot_buy_req_jub_pre"": ""0"", ""ovt_sel_req_pre"": ""0"", ""ovt_sel_req"": ""0"", ""ovt_buy_req"": ""0"", ""ovt_buy_req_pre"": ""0"", ""return_code"": 0, ""return_msg"": ""정상적으로 처리되었습니다""}"
2026-06-10,scan_candidate,007810,,0,main_scan,120000,,120000,119600,120000,119500,-0.8333333333333334,0.33333333333333337,,,,,,"{""bid_req_base_tm"": ""111628"", ""sel_10th_pre_req_pre"": ""0"", ""sel_10th_pre_req"": ""7"", ""sel_10th_pre_bid"": ""+121100"", ""sel_9th_pre_req_pre"": ""0"", ""sel_9th_pre_req"": ""43"", ""sel_9th_pre_bid"": ""+121000"", ""sel_8th_pre_req_pre"": ""0"", ""sel_8th_pre_req"": ""252"", ""sel_8th_pre_bid"": ""+120800"", ""sel_7th_pre_req_pre"": ""0"", ""sel_7th_pre_req"": ""24"", ""sel_7th_pre_bid"": ""+120700"", ""sel_6th_pre_req_pre"": ""0"", ""sel_6th_pre_req"": ""2"", ""sel_6th_pre_bid"": ""+120600"", ""sel_5th_pre_req_pre"": ""0"", ""sel_5th_pre_req"": ""91"", ""sel_5th_pre_bid"": ""+120500"", ""sel_4th_pre_req_pre"": ""0"", ""sel_4th_pre_req"": ""434"", ""sel_4th_pre_bid"": ""120300"", ""sel_3th_pre_req_pre"": ""0"", ""sel_3th_pre_req"": ""8"", ""sel_3th_pre_bid"": ""-120200"", ""sel_2th_pre_req_pre"": ""0"", ""sel_2th_pre_req"": ""14"", ""sel_2th_pre_bid"": ""-120100"", ""sel_1th_pre_req_pre"": ""0"", ""sel_fpr_req"": ""49"", ""sel_fpr_bid"": ""-120000"", ""buy_fpr_bid"": ""-119600"", ""buy_fpr_req"": ""32"", ""buy_1th_pre_req_pre"": ""0"", ""buy_2th_pre_bid"": ""-119500"", ""buy_2th_pre_req"": ""25"", ""buy_2th_pre_req_pre"": ""+16"", ""buy_3th_pre_bid"": ""-119400"", ""buy_3th_pre_req"": ""9"", ""buy_3th_pre_req_pre"": ""0"", ""buy_4th_pre_bid"": ""-119300"", ""buy_4th_pre_req"": ""92"", ""buy_4th_pre_req_pre"": ""0"", ""buy_5th_pre_bid"": ""-119200"", ""buy_5th_pre_req"": ""118"", ""buy_5th_pre_req_pre"": ""0"", ""buy_6th_pre_bid"": ""-119100"", ""buy_6th_pre_req"": ""101"", ""buy_6th_pre_req_pre"": ""0"", ""buy_7th_pre_bid"": ""-119000"", ""buy_7th_pre_req"": ""466"", ""buy_7th_pre_req_pre"": ""0"", ""buy_8th_pre_bid"": ""-118900"", ""buy_8th_pre_req"": ""51"", ""buy_8th_pre_req_pre"": ""0"", ""buy_9th_pre_bid"": ""-118800"", ""buy_9th_pre_req"": ""143"", ""buy_9th_pre_req_pre"": ""0"", ""buy_10th_pre_bid"": ""-118700"", ""buy_10th_pre_req"": ""55"", ""buy_10th_pre_req_pre"": ""0"", ""tot_sel_req_jub_pre"": ""0"", ""tot_sel_req"": ""924"", ""tot_buy_req"": ""1092"", ""tot_buy_req_jub_pre"": ""+16"", ""ovt_sel_req_pre"": ""0"", ""ovt_sel_req"": ""0"", ""ovt_buy_req"": ""0"", ""ovt_buy_req_pre"": ""0"", ""return_code"": 0, ""return_msg"": ""정상적으로 처리되었습니다""}"
2026-06-10,scan_candidate,001740,,0,main_scan,14030,,14030,14020,14030,14050,-0.21382751247327159,0.07127583749109052,,,,,,"{""bid_req_base_tm"": ""111630"", ""sel_10th_pre_req_pre"": ""0"", ""sel_10th_pre_req"": ""813"", ""sel_10th_pre_bid"": ""-14130"", ""sel_9th_pre_req_pre"": ""0"", ""sel_9th_pre_req"": ""2"", ""sel_9th_pre_bid"": ""-14120"", ""sel_8th_pre_req_pre"": ""0"", ""sel_8th_pre_req"": ""4"", ""sel_8th_pre_bid"": ""-14110"", ""sel_7th_pre_req_pre"": ""0"", ""sel_7th_pre_req"": ""373"", ""sel_7th_pre_bid"": ""-14100"", ""sel_6th_pre_req_pre"": ""0"", ""sel_6th_pre_req"": ""5"", ""sel_6th_pre_bid"": ""-14090"", ""sel_5th_pre_req_pre"": ""0"", ""sel_5th_pre_req"": ""409"", ""sel_5th_pre_bid"": ""-14070"", ""sel_4th_pre_req_pre"": ""0"", ""sel_4th_pre_req"": ""77"", ""sel_4th_pre_bid"": ""-14060"", ""sel_3th_pre_req_pre"": ""0"", ""sel_3th_pre_req"": ""2085"", ""sel_3th_pre_bid"": ""-14050"", ""sel_2th_pre_req_pre"": ""0"", ""sel_2th_pre_req"": ""49"", ""sel_2th_pre_bid"": ""-14040"", ""sel_1th_pre_req_pre"": ""0"", ""sel_fpr_req"": ""190"", ""sel_fpr_bid"": ""-14030"", ""buy_fpr_bid"": ""-14020"", ""buy_fpr_req"": ""5177"", ""buy_1th_pre_req_pre"": ""--70"", ""buy_2th_pre_bid"": ""-14010"", ""buy_2th_pre_req"": ""8462"", ""buy_2th_pre_req_pre"": ""0"", ""buy_3th_pre_bid"": ""-14000"", ""buy_3th_pre_req"": ""73765"", ""buy_3th_pre_req_pre"": ""0"", ""buy_4th_pre_bid"": ""-13990"", ""buy_4th_pre_req"": ""4128"", ""buy_4th_pre_req_pre"": ""0"", ""buy_5th_pre_bid"": ""-13980"", ""buy_5th_pre_req"": ""11163"", ""buy_5th_pre_req_pre"": ""0"", ""buy_6th_pre_bid"": ""-13970"", ""buy_6th_pre_req"": ""6318"", ""buy_6th_pre_req_pre"": ""0"", ""buy_7th_pre_bid"": ""-13960"", ""buy_7th_pre_req"": ""5350"", ""buy_7th_pre_req_pre"": ""0"", ""buy_8th_pre_bid"": ""-13950"", ""buy_8th_pre_req"": ""9363"", ""buy_8th_pre_req_pre"": ""0"", ""buy_9th_pre_bid"": ""-13940"", ""buy_9th_pre_req"": ""4858"", ""buy_9th_pre_req_pre"": ""0"", ""buy_10th_pre_bid"": ""-13930"", ""buy_10th_pre_req"": ""2274"", ""buy_10th_pre_req_pre"": ""0"", ""tot_sel_req_jub_pre"": ""0"", ""tot_sel_req"": ""4007"", ""tot_buy_req"": ""130858"", ""tot_buy_req_jub_pre"": ""--70"", ""ovt_sel_req_pre"": ""0"", ""ovt_sel_req"": ""0"", ""ovt_buy_req"": ""0"", ""ovt_buy_req_pre"": ""0"", ""return_code"": 0, ""return_msg"": ""정상적으로 처리되었습니다""}"
2026-06-10,scan_candidate,383220,,0,main_scan,76200,,76200,76000,76200,76100,-0.26246719160104987,0.26246719160104987,,,,,,"{""bid_req_base_tm"": ""111630"", ""sel_10th_pre_req_pre"": ""0"", ""sel_10th_pre_req"": ""78"", ""sel_10th_pre_bid"": ""+77100"", ""sel_9th_pre_req_pre"": ""0"", ""sel_9th_pre_req"": ""22"", ""sel_9th_pre_bid"": ""+77000"", ""sel_8th_pre_req_pre"": ""0"", ""sel_8th_pre_req"": ""106"", ""sel_8th_pre_bid"": ""+76900"", ""sel_7th_pre_req_pre"": ""0"", ""sel_7th_pre_req"": ""11"", ""sel_7th_pre_bid"": ""+76800"", ""sel_6th_pre_req_pre"": ""0"", ""sel_6th_pre_req"": ""9"", ""sel_6th_pre_bid"": ""+76700"", ""sel_5th_pre_req_pre"": ""0"", ""sel_5th_pre_req"": ""32"", ""sel_5th_pre_bid"": ""+76600"", ""sel_4th_pre_req_pre"": ""0"", ""sel_4th_pre_req"": ""4"", ""sel_4th_pre_bid"": ""+76500"", ""sel_3th_pre_req_pre"": ""0"", ""sel_3th_pre_req"": ""12"", ""sel_3th_pre_bid"": ""+76400"", ""sel_2th_pre_req_pre"": ""0"", ""sel_2th_pre_req"": ""69"", ""sel_2th_pre_bid"": ""+76300"", ""sel_1th_pre_req_pre"": ""+5"", ""sel_fpr_req"": ""30"", ""sel_fpr_bid"": ""+76200"", ""buy_fpr_bid"": ""+76000"", ""buy_fpr_req"": ""21"", ""buy_1th_pre_req_pre"": ""0"", ""buy_2th_pre_bid"": ""+75900"", ""buy_2th_pre_req"": ""8"", ""buy_2th_pre_req_pre"": ""0"", ""buy_3th_pre_bid"": ""+75800"", ""buy_3th_pre_req"": ""25"", ""buy_3th_pre_req_pre"": ""0"", ""buy_4th_pre_bid"": ""+75700"", ""buy_4th_pre_req"": ""69"", ""buy_4th_pre_req_pre"": ""0"", ""buy_5th_pre_bid"": ""+75600"", ""buy_5th_pre_req"": ""37"", ""buy_5th_pre_req_pre"": ""0"", ""buy_6th_pre_bid"": ""+75500"", ""buy_6th_pre_req"": ""10"", ""buy_6th_pre_req_pre"": ""0"", ""buy_7th_pre_bid"": ""+75400"", ""buy_7th_pre_req"": ""23"", ""buy_7th_pre_req_pre"": ""0"", ""buy_8th_pre_bid"": ""+75300"", ""buy_8th_pre_req"": ""5"", ""buy_8th_pre_req_pre"": ""0"", ""buy_9th_pre_bid"": ""+75200"", ""buy_9th_pre_req"": ""10"", ""buy_9th_pre_req_pre"": ""0"", ""buy_10th_pre_bid"": ""+75100"", ""buy_10th_pre_req"": ""149"", ""buy_10th_pre_req_pre"": ""0"", ""tot_sel_req_jub_pre"": ""+5"", ""tot_sel_req"": ""373"", ""tot_buy_req"": ""357"", ""tot_buy_req_jub_pre"": ""0"", ""ovt_sel_req_pre"": ""0"", ""ovt_sel_req"": ""0"", ""ovt_buy_req"": ""0"", ""ovt_buy_req_pre"": ""0"", ""return_code"": 0, ""return_msg"": ""정상적으로 처리되었습니다""}"
2026-06-10,scan_candidate,014680,,0,main_scan,259000,,259000,258500,259000,260500,0.3861003861003861,0.19305019305019305,,,,,,"{""bid_req_base_tm"": ""111627"", ""sel_10th_pre_req_pre"": ""0"", ""sel_10th_pre_req"": ""13"", ""sel_10th_pre_bid"": ""+263500"", ""sel_9th_pre_req_pre"": ""0"", ""sel_9th_pre_req"": ""10"", ""sel_9th_pre_bid"": ""+263000"", ""sel_8th_pre_req_pre"": ""0"", ""sel_8th_pre_req"": ""4"", ""sel_8th_pre_bid"": ""+262500"", ""sel_7th_pre_req_pre"": ""0"", ""sel_7th_pre_req"": ""2"", ""sel_7th_pre_bid"": ""+262000"", ""sel_6th_pre_req_pre"": ""0"", ""sel_6th_pre_req"": ""3"", ""sel_6th_pre_bid"": ""+261500"", ""sel_5th_pre_req_pre"": ""0"", ""sel_5th_pre_req"": ""5"", ""sel_5th_pre_bid"": ""+261000"", ""sel_4th_pre_req_pre"": ""0"", ""sel_4th_pre_req"": ""27"", ""sel_4th_pre_bid"": ""+260500"", ""sel_3th_pre_req_pre"": ""0"", ""sel_3th_pre_req"": ""21"", ""sel_3th_pre_bid"": ""+260000"", ""sel_2th_pre_req_pre"": ""0"", ""sel_2th_pre_req"": ""30"", ""sel_2th_pre_bid"": ""+259500"", ""sel_1th_pre_req_pre"": ""0"", ""sel_fpr_req"": ""116"", ""sel_fpr_bid"": ""+259000"", ""buy_fpr_bid"": ""+258500"", ""buy_fpr_req"": ""172"", ""buy_1th_pre_req_pre"": ""+5"", ""buy_2th_pre_bid"": ""+258000"", ""buy_2th_pre_req"": ""141"", ""buy_2th_pre_req_pre"": ""0"", ""buy_3th_pre_bid"": ""+257500"", ""buy_3th_pre_req"": ""155"", ""buy_3th_pre_req_pre"": ""0"", ""buy_4th_pre_bid"": ""+257000"", ""buy_4th_pre_req"": ""166"", ""buy_4th_pre_req_pre"": ""0"", ""buy_5th_pre_bid"": ""+256500"", ""buy_5th_pre_req"": ""3"", ""buy_5th_pre_req_pre"": ""0"", ""buy_6th_pre_bid"": ""+256000"", ""buy_6th_pre_req"": ""45"", ""buy_6th_pre_req_pre"": ""0"", ""buy_7th_pre_bid"": ""+255500"", ""buy_7th_pre_req"": ""79"", ""buy_7th_pre_req_pre"": ""0"", ""buy_8th_pre_bid"": ""+255000"", ""buy_8th_pre_req"": ""3"", ""buy_8th_pre_req_pre"": ""0"", ""buy_9th_pre_bid"": ""+254500"", ""buy_9th_pre_req"": ""23"", ""buy_9th_pre_req_pre"": ""0"", ""buy_10th_pre_bid"": ""+254000"", ""buy_10th_pre_req"": ""15"", ""buy_10th_pre_req_pre"": ""0"", ""tot_sel_req_jub_pre"": ""0"", ""tot_sel_req"": ""231"", ""tot_buy_req"": ""802"", ""tot_buy_req_jub_pre"": ""+5"", ""ovt_sel_req_pre"": ""0"", ""ovt_sel_req"": ""0"", ""ovt_buy_req"": ""0"", ""ovt_buy_req_pre"": ""0"", ""return_code"": 0, ""return_msg"": ""정상적으로 처리되었습니다""}"
2026-06-10,scan_candidate,009420,,0,main_scan,50200,,50200,50100,50200,50500,0.398406374501992,0.199203187250996,,,,,,"{""bid_req_base_tm"": ""111629"", ""sel_10th_pre_req_pre"": ""0"", ""sel_10th_pre_req"": ""79"", ""sel_10th_pre_bid"": ""-51100"", ""sel_9th_pre_req_pre"": ""0"", ""sel_9th_pre_req"": ""163"", ""sel_9th_pre_bid"": ""-51000"", ""sel_8th_pre_req_pre"": ""0"", ""sel_8th_pre_req"": ""232"", ""sel_8th_pre_bid"": ""-50900"", ""sel_7th_pre_req_pre"": ""0"", ""sel_7th_pre_req"": ""18"", ""sel_7th_pre_bid"": ""-50800"", ""sel_6th_pre_req_pre"": ""0"", ""sel_6th_pre_req"": ""54"", ""sel_6th_pre_bid"": ""-50700"", ""sel_5th_pre_req_pre"": ""0"", ""sel_5th_pre_req"": ""20"", ""sel_5th_pre_bid"": ""-50600"", ""sel_4th_pre_req_pre"": ""0"", ""sel_4th_pre_req"": ""58"", ""sel_4th_pre_bid"": ""-50500"", ""sel_3th_pre_req_pre"": ""0"", ""sel_3th_pre_req"": ""40"", ""sel_3th_pre_bid"": ""-50400"", ""sel_2th_pre_req_pre"": ""0"", ""sel_2th_pre_req"": ""78"", ""sel_2th_pre_bid"": ""-50300"", ""sel_1th_pre_req_pre"": ""0"", ""sel_fpr_req"": ""200"", ""sel_fpr_bid"": ""-50200"", ""buy_fpr_bid"": ""-50100"", ""buy_fpr_req"": ""301"", ""buy_1th_pre_req_pre"": ""--30"", ""buy_2th_pre_bid"": ""-50000"", ""buy_2th_pre_req"": ""811"", ""buy_2th_pre_req_pre"": ""--25"", ""buy_3th_pre_bid"": ""-49950"", ""buy_3th_pre_req"": ""362"", ""buy_3th_pre_req_pre"": ""0"", ""buy_4th_pre_bid"": ""-49900"", ""buy_4th_pre_req"": ""371"", ""buy_4th_pre_req_pre"": ""0"", ""buy_5th_pre_bid"": ""-49850"", ""buy_5th_pre_req"": ""459"", ""buy_5th_pre_req_pre"": ""0"", ""buy_6th_pre_bid"": ""-49800"", ""buy_6th_pre_req"": ""592"", ""buy_6th_pre_req_pre"": ""0"", ""buy_7th_pre_bid"": ""-49750"", ""buy_7th_pre_req"": ""850"", ""buy_7th_pre_req_pre"": ""0"", ""buy_8th_pre_bid"": ""-49700"", ""buy_8th_pre_req"": ""1229"", ""buy_8th_pre_req_pre"": ""0"", ""buy_9th_pre_bid"": ""-49650"", ""buy_9th_pre_req"": ""247"", ""buy_9th_pre_req_pre"": ""0"", ""buy_10th_pre_bid"": ""-49600"", ""buy_10th_pre_req"": ""899"", ""buy_10th_pre_req_pre"": ""0"", ""tot_sel_req_jub_pre"": ""0"", ""tot_sel_req"": ""942"", ""tot_buy_req"": ""6121"", ""tot_buy_req_jub_pre"": ""--55"", ""ovt_sel_req_pre"": ""0"", ""ovt_sel_req"": ""0"", ""ovt_buy_req"": ""0"", ""ovt_buy_req_pre"": ""0"", ""return_code"": 0, ""return_msg"": ""정상적으로 처리되었습니다""}"
2026-06-10,scan_candidate,375500,,0,main_scan,70800,,70800,70600,70800,70900,0.0,0.2824858757062147,,,,,,"{""bid_req_base_tm"": ""111628"", ""sel_10th_pre_req_pre"": ""0"", ""sel_10th_pre_req"": ""25"", ""sel_10th_pre_bid"": ""+71700"", ""sel_9th_pre_req_pre"": ""0"", ""sel_9th_pre_req"": ""76"", ""sel_9th_pre_bid"": ""+71600"", ""sel_8th_pre_req_pre"": ""0"", ""sel_8th_pre_req"": ""255"", ""sel_8th_pre_bid"": ""+71500"", ""sel_7th_pre_req_pre"": ""0"", ""sel_7th_pre_req"": ""21"", ""sel_7th_pre_bid"": ""+71400"", ""sel_6th_pre_req_pre"": ""0"", ""sel_6th_pre_req"": ""10"", ""sel_6th_pre_bid"": ""+71300"", ""sel_5th_pre_req_pre"": ""0"", ""sel_5th_pre_req"": ""144"", ""sel_5th_pre_bid"": ""+71200"", ""sel_4th_pre_req_pre"": ""0"", ""sel_4th_pre_req"": ""43"", ""sel_4th_pre_bid"": ""+71100"", ""sel_3th_pre_req_pre"": ""0"", ""sel_3th_pre_req"": ""10"", ""sel_3th_pre_bid"": ""+71000"", ""sel_2th_pre_req_pre"": ""0"", ""sel_2th_pre_req"": ""102"", ""sel_2th_pre_bid"": ""+70900"", ""sel_1th_pre_req_pre"": ""0"", ""sel_fpr_req"": ""9"", ""sel_fpr_bid"": ""+70800"", ""buy_fpr_bid"": ""+70600"", ""buy_fpr_req"": ""146"", ""buy_1th_pre_req_pre"": ""--20"", ""buy_2th_pre_bid"": ""+70500"", ""buy_2th_pre_req"": ""166"", ""buy_2th_pre_req_pre"": ""0"", ""buy_3th_pre_bid"": ""+70400"", ""buy_3th_pre_req"": ""44"", ""buy_3th_pre_req_pre"": ""0"", ""buy_4th_pre_bid"": ""+70300"", ""buy_4th_pre_req"": ""87"", ""buy_4th_pre_req_pre"": ""0"", ""buy_5th_pre_bid"": ""+70200"", ""buy_5th_pre_req"": ""80"", ""buy_5th_pre_req_pre"": ""0"", ""buy_6th_pre_bid"": ""+70100"", ""buy_6th_pre_req"": ""487"", ""buy_6th_pre_req_pre"": ""0"", ""buy_7th_pre_bid"": ""+70000"", ""buy_7th_pre_req"": ""133"", ""buy_7th_pre_req_pre"": ""0"", ""buy_8th_pre_bid"": ""+69900"", ""buy_8th_pre_req"": ""86"", ""buy_8th_pre_req_pre"": ""0"", ""buy_9th_pre_bid"": ""+69800"", ""buy_9th_pre_req"": ""67"", ""buy_9th_pre_req_pre"": ""0"", ""buy_10th_pre_bid"": ""+69700"", ""buy_10th_pre_req"": ""17"", ""buy_10th_pre_req_pre"": ""0"", ""tot_sel_req_jub_pre"": ""0"", ""tot_sel_req"": ""695"", ""tot_buy_req"": ""1313"", ""tot_buy_req_jub_pre"": ""--20"", ""ovt_sel_req_pre"": ""0"", ""ovt_sel_req"": ""0"", ""ovt_buy_req"": ""0"", ""ovt_buy_req_pre"": ""0"", ""return_code"": 0, ""return_msg"": ""정상적으로 처리되었습니다""}"
2026-06-10,scan_candidate,004990,,0,main_scan,25900,,25900,25850,25900,25750,-0.7722007722007722,0.19305019305019305,,,,,,"{""bid_req_base_tm"": ""111618"", ""sel_10th_pre_req_pre"": ""0"", ""sel_10th_pre_req"": ""6"", ""sel_10th_pre_bid"": ""+26350"", ""sel_9th_pre_req_pre"": ""0"", ""sel_9th_pre_req"": ""142"", ""sel_9th_pre_bid"": ""+26300"", ""sel_8th_pre_req_pre"": ""0"", ""sel_8th_pre_req"": ""135"", ""sel_8th_pre_bid"": ""+26250"", ""sel_7th_pre_req_pre"": ""0"", ""sel_7th_pre_req"": ""168"", ""sel_7th_pre_bid"": ""+26200"", ""sel_6th_pre_req_pre"": ""0"", ""sel_6th_pre_req"": ""3090"", ""sel_6th_pre_bid"": ""26150"", ""sel_5th_pre_req_pre"": ""0"", ""sel_5th_pre_req"": ""428"", ""sel_5th_pre_bid"": ""-26100"", ""sel_4th_pre_req_pre"": ""0"", ""sel_4th_pre_req"": ""264"", ""sel_4th_pre_bid"": ""-26050"", ""sel_3th_pre_req_pre"": ""0"", ""sel_3th_pre_req"": ""63"", ""sel_3th_pre_bid"": ""-26000"", ""sel_2th_pre_req_pre"": ""0"", ""sel_2th_pre_req"": ""79"", ""sel_2th_pre_bid"": ""-25950"", ""sel_1th_pre_req_pre"": ""+18"", ""sel_fpr_req"": ""210"", ""sel_fpr_bid"": ""-25900"", ""buy_fpr_bid"": ""-25850"", ""buy_fpr_req"": ""189"", ""buy_1th_pre_req_pre"": ""0"", ""buy_2th_pre_bid"": ""-25800"", ""buy_2th_pre_req"": ""437"", ""buy_2th_pre_req_pre"": ""0"", ""buy_3th_pre_bid"": ""-25750"", ""buy_3th_pre_req"": ""382"", ""buy_3th_pre_req_pre"": ""0"", ""buy_4th_pre_bid"": ""-25700"", ""buy_4th_pre_req"": ""102"", ""buy_4th_pre_req_pre"": ""0"", ""buy_5th_pre_bid"": ""-25650"", ""buy_5th_pre_req"": ""76"", ""buy_5th_pre_req_pre"": ""0"", ""buy_6th_pre_bid"": ""-25600"", ""buy_6th_pre_req"": ""295"", ""buy_6th_pre_req_pre"": ""0"", ""buy_7th_pre_bid"": ""-25550"", ""buy_7th_pre_req"": ""637"", ""buy_7th_pre_req_pre"": ""0"", ""buy_8th_pre_bid"": ""-25500"", ""buy_8th_pre_req"": ""975"", ""buy_8th_pre_req_pre"": ""0"", ""buy_9th_pre_bid"": ""-25450"", ""buy_9th_pre_req"": ""167"", ""buy_9th_pre_req_pre"": ""0"", ""buy_10th_pre_bid"": ""-25400"", ""buy_10th_pre_req"": ""650"", ""buy_10th_pre_req_pre"": ""0"", ""tot_sel_req_jub_pre"": ""+18"", ""tot_sel_req"": ""4585"", ""tot_buy_req"": ""3910"", ""tot_buy_req_jub_pre"": ""0"", ""ovt_sel_req_pre"": ""0"", ""ovt_sel_req"": ""0"", ""ovt_buy_req"": ""0"", ""ovt_buy_req_pre"": ""0"", ""return_code"": 0, ""return_msg"": ""정상적으로 처리되었습니다""}"
2026-06-10,scan_candidate,483650,,0,main_scan,205500,,205500,205000,205500,204500,-0.7299270072992701,0.24330900243309003,,,,,,"{""bid_req_base_tm"": ""111631"", ""sel_10th_pre_req_pre"": ""0"", ""sel_10th_pre_req"": ""716"", ""sel_10th_pre_bid"": ""+210000"", ""sel_9th_pre_req_pre"": ""0"", ""sel_9th_pre_req"": ""715"", ""sel_9th_pre_bid"": ""+209500"", ""sel_8th_pre_req_pre"": ""0"", ""sel_8th_pre_req"": ""1435"", ""sel_8th_pre_bid"": ""+209000"", ""sel_7th_pre_req_pre"": ""0"", ""sel_7th_pre_req"": ""607"", ""sel_7th_pre_bid"": ""+208500"", ""sel_6th_pre_req_pre"": ""0"", ""sel_6th_pre_req"": ""448"", ""sel_6th_pre_bid"": ""+208000"", ""sel_5th_pre_req_pre"": ""0"", ""sel_5th_pre_req"": ""472"", ""sel_5th_pre_bid"": ""+207500"", ""sel_4th_pre_req_pre"": ""0"", ""sel_4th_pre_req"": ""273"", ""sel_4th_pre_bid"": ""+207000"", ""sel_3th_pre_req_pre"": ""0"", ""sel_3th_pre_req"": ""66"", ""sel_3th_pre_bid"": ""+206500"", ""sel_2th_pre_req_pre"": ""0"", ""sel_2th_pre_req"": ""105"", ""sel_2th_pre_bid"": ""+206000"", ""sel_1th_pre_req_pre"": ""0"", ""sel_fpr_req"": ""151"", ""sel_fpr_bid"": ""+205500"", ""buy_fpr_bid"": ""+205000"", ""buy_fpr_req"": ""571"", ""buy_1th_pre_req_pre"": ""0"", ""buy_2th_pre_bid"": ""+204500"", ""buy_2th_pre_req"": ""56"", ""buy_2th_pre_req_pre"": ""0"", ""buy_3th_pre_bid"": ""+204000"", ""buy_3th_pre_req"": ""1897"", ""buy_3th_pre_req_pre"": ""+11"", ""buy_4th_pre_bid"": ""+203500"", ""buy_4th_pre_req"": ""11"", ""buy_4th_pre_req_pre"": ""0"", ""buy_5th_pre_bid"": ""+203000"", ""buy_5th_pre_req"": ""55"", ""buy_5th_pre_req_pre"": ""0"", ""buy_6th_pre_bid"": ""+202500"", ""buy_6th_pre_req"": ""184"", ""buy_6th_pre_req_pre"": ""0"", ""buy_7th_pre_bid"": ""+202000"", ""buy_7th_pre_req"": ""45"", ""buy_7th_pre_req_pre"": ""0"", ""buy_8th_pre_bid"": ""+201500"", ""buy_8th_pre_req"": ""138"", ""buy_8th_pre_req_pre"": ""0"", ""buy_9th_pre_bid"": ""+201000"", ""buy_9th_pre_req"": ""280"", ""buy_9th_pre_req_pre"": ""0"", ""buy_10th_pre_bid"": ""+200500"", ""buy_10th_pre_req"": ""108"", ""buy_10th_pre_req_pre"": ""0"", ""tot_sel_req_jub_pre"": ""0"", ""tot_sel_req"": ""4988"", ""tot_buy_req"": ""3345"", ""tot_buy_req_jub_pre"": ""+11"", ""ovt_sel_req_pre"": ""0"", ""ovt_sel_req"": ""0"", ""ovt_buy_req"": ""0"", ""ovt_buy_req_pre"": ""0"", ""return_code"": 0, ""return_msg"": ""정상적으로 처리되었습니다""}"
2026-06-10,scan_candidate,003690,,0,main_scan,13280,,13280,13260,13280,13300,-0.2259036144578313,0.15060240963855423,,,,,,"{""bid_req_base_tm"": ""111621"", ""sel_10th_pre_req_pre"": ""0"", ""sel_10th_pre_req"": ""24"", ""sel_10th_pre_bid"": ""-13370"", ""sel_9th_pre_req_pre"": ""0"", ""sel_9th_pre_req"": ""148"", ""sel_9th_pre_bid"": ""-13360"", ""sel_8th_pre_req_pre"": ""0"", ""sel_8th_pre_req"": ""1"", ""sel_8th_pre_bid"": ""-13350"", ""sel_7th_pre_req_pre"": ""0"", ""sel_7th_pre_req"": ""1"", ""sel_7th_pre_bid"": ""-13340"", ""sel_6th_pre_req_pre"": ""0"", ""sel_6th_pre_req"": ""1"", ""sel_6th_pre_bid"": ""-13330"", ""sel_5th_pre_req_pre"": ""0"", ""sel_5th_pre_req"": ""1"", ""sel_5th_pre_bid"": ""-13320"", ""sel_4th_pre_req_pre"": ""0"", ""sel_4th_pre_req"": ""1"", ""sel_4th_pre_bid"": ""-13310"", ""sel_3th_pre_req_pre"": ""0"", ""sel_3th_pre_req"": ""389"", ""sel_3th_pre_bid"": ""-13300"", ""sel_2th_pre_req_pre"": ""0"", ""sel_2th_pre_req"": ""38"", ""sel_2th_pre_bid"": ""-13290"", ""sel_1th_pre_req_pre"": ""0"", ""sel_fpr_req"": ""74"", ""sel_fpr_bid"": ""-13280"", ""buy_fpr_bid"": ""-13260"", ""buy_fpr_req"": ""1"", ""buy_1th_pre_req_pre"": ""0"", ""buy_2th_pre_bid"": ""-13250"", ""buy_2th_pre_req"": ""159"", ""buy_2th_pre_req_pre"": ""0"", ""buy_3th_pre_bid"": ""-13240"", ""buy_3th_pre_req"": ""53"", ""buy_3th_pre_req_pre"": ""0"", ""buy_4th_pre_bid"": ""-13230"", ""buy_4th_pre_req"": ""575"", ""buy_4th_pre_req_pre"": ""0"", ""buy_5th_pre_bid"": ""-13220"", ""buy_5th_pre_req"": ""25"", ""buy_5th_pre_req_pre"": ""0"", ""buy_6th_pre_bid"": ""-13210"", ""buy_6th_pre_req"": ""711"", ""buy_6th_pre_req_pre"": ""0"", ""buy_7th_pre_bid"": ""-13200"", ""buy_7th_pre_req"": ""90"", ""buy_7th_pre_req_pre"": ""0"", ""buy_8th_pre_bid"": ""-13190"", ""buy_8th_pre_req"": ""50"", ""buy_8th_pre_req_pre"": ""0"", ""buy_9th_pre_bid"": ""-13180"", ""buy_9th_pre_req"": ""50"", ""buy_9th_pre_req_pre"": ""0"", ""buy_10th_pre_bid"": ""-13170"", ""buy_10th_pre_req"": ""80"", ""buy_10th_pre_req_pre"": ""0"", ""tot_sel_req_jub_pre"": ""0"", ""tot_sel_req"": ""678"", ""tot_buy_req"": ""1794"", ""tot_buy_req_jub_pre"": ""--51"", ""ovt_sel_req_pre"": ""0"", ""ovt_sel_req"": ""0"", ""ovt_buy_req"": ""0"", ""ovt_buy_req_pre"": ""0"", ""return_code"": 0, ""return_msg"": ""정상적으로 처리되었습니다""}"
2026-06-10,scan_candidate,279570,,0,main_scan,6120,,6120,6110,6120,6090,-0.6535947712418301,0.16339869281045752,,,,,,"{""bid_req_base_tm"": ""111632"", ""sel_10th_pre_req_pre"": ""0"", ""sel_10th_pre_req"": ""32167"", ""sel_10th_pre_bid"": ""+6210"", ""sel_9th_pre_req_pre"": ""0"", ""sel_9th_pre_req"": ""66625"", ""sel_9th_pre_bid"": ""+6200"", ""sel_8th_pre_req_pre"": ""0"", ""sel_8th_pre_req"": ""29954"", ""sel_8th_pre_bid"": ""+6190"", ""sel_7th_pre_req_pre"": ""0"", ""sel_7th_pre_req"": ""22310"", ""sel_7th_pre_bid"": ""+6180"", ""sel_6th_pre_req_pre"": ""0"", ""sel_6th_pre_req"": ""20932"", ""sel_6th_pre_bid"": ""+6170"", ""sel_5th_pre_req_pre"": ""0"", ""sel_5th_pre_req"": ""18021"", ""sel_5th_pre_bid"": ""+6160"", ""sel_4th_pre_req_pre"": ""0"", ""sel_4th_pre_req"": ""32637"", ""sel_4th_pre_bid"": ""+6150"", ""sel_3th_pre_req_pre"": ""0"", ""sel_3th_pre_req"": ""12129"", ""sel_3th_pre_bid"": ""+6140"", ""sel_2th_pre_req_pre"": ""+100"", ""sel_2th_pre_req"": ""3475"", ""sel_2th_pre_bid"": ""+6130"", ""sel_1th_pre_req_pre"": ""0"", ""sel_fpr_req"": ""2798"", ""sel_fpr_bid"": ""+6120"", ""buy_fpr_bid"": ""+6110"", ""buy_fpr_req"": ""681"", ""buy_1th_pre_req_pre"": ""0"", ""buy_2th_pre_bid"": ""+6100"", ""buy_2th_pre_req"": ""2543"", ""buy_2th_pre_req_pre"": ""0"", ""buy_3th_pre_bid"": ""+6090"", ""buy_3th_pre_req"": ""8143"", ""buy_3th_pre_req_pre"": ""0"", ""buy_4th_pre_bid"": ""+6080"", ""buy_4th_pre_req"": ""3660"", ""buy_4th_pre_req_pre"": ""0"", ""buy_5th_pre_bid"": ""+6070"", ""buy_5th_pre_req"": ""4208"", ""buy_5th_pre_req_pre"": ""0"", ""buy_6th_pre_bid"": ""+6060"", ""buy_6th_pre_req"": ""11782"", ""buy_6th_pre_req_pre"": ""0"", ""buy_7th_pre_bid"": ""+6050"", ""buy_7th_pre_req"": ""10092"", ""buy_7th_pre_req_pre"": ""0"", ""buy_8th_pre_bid"": ""+6040"", ""buy_8th_pre_req"": ""5347"", ""buy_8th_pre_req_pre"": ""0"", ""buy_9th_pre_bid"": ""+6030"", ""buy_9th_pre_req"": ""3788"", ""buy_9th_pre_req_pre"": ""0"", ""buy_10th_pre_bid"": ""+6020"", ""buy_10th_pre_req"": ""4776"", ""buy_10th_pre_req_pre"": ""0"", ""tot_sel_req_jub_pre"": ""+100"", ""tot_sel_req"": ""241048"", ""tot_buy_req"": ""55020"", ""tot_buy_req_jub_pre"": ""0"", ""ovt_sel_req_pre"": ""0"", ""ovt_sel_req"": ""0"", ""ovt_buy_req"": ""0"", ""ovt_buy_req_pre"": ""0"", ""return_code"": 0, ""return_msg"": ""정상적으로 처리되었습니다""}"
2026-06-10,scan_candidate,008770,,0,main_scan,55800,,55800,55700,55800,55500,-0.7168458781362007,0.17921146953405018,,,,,,"{""bid_req_base_tm"": ""111632"", ""sel_10th_pre_req_pre"": ""0"", ""sel_10th_pre_req"": ""34"", ""sel_10th_pre_bid"": ""+56700"", ""sel_9th_pre_req_pre"": ""0"", ""sel_9th_pre_req"": ""130"", ""sel_9th_pre_bid"": ""+56600"", ""sel_8th_pre_req_pre"": ""0"", ""sel_8th_pre_req"": ""931"", ""sel_8th_pre_bid"": ""+56500"", ""sel_7th_pre_req_pre"": ""0"", ""sel_7th_pre_req"": ""210"", ""sel_7th_pre_bid"": ""+56400"", ""sel_6th_pre_req_pre"": ""0"", ""sel_6th_pre_req"": ""134"", ""sel_6th_pre_bid"": ""+56300"", ""sel_5th_pre_req_pre"": ""0"", ""sel_5th_pre_req"": ""153"", ""sel_5th_pre_bid"": ""+56200"", ""sel_4th_pre_req_pre"": ""0"", ""sel_4th_pre_req"": ""618"", ""sel_4th_pre_bid"": ""+56100"", ""sel_3th_pre_req_pre"": ""0"", ""sel_3th_pre_req"": ""640"", ""sel_3th_pre_bid"": ""+56000"", ""sel_2th_pre_req_pre"": ""0"", ""sel_2th_pre_req"": ""257"", ""sel_2th_pre_bid"": ""+55900"", ""sel_1th_pre_req_pre"": ""0"", ""sel_fpr_req"": ""231"", ""sel_fpr_bid"": ""+55800"", ""buy_fpr_bid"": ""+55700"", ""buy_fpr_req"": ""138"", ""buy_1th_pre_req_pre"": ""0"", ""buy_2th_pre_bid"": ""+55600"", ""buy_2th_pre_req"": ""15"", ""buy_2th_pre_req_pre"": ""0"", ""buy_3th_pre_bid"": ""+55500"", ""buy_3th_pre_req"": ""90"", ""buy_3th_pre_req_pre"": ""0"", ""buy_4th_pre_bid"": ""+55400"", ""buy_4th_pre_req"": ""38"", ""buy_4th_pre_req_pre"": ""0"", ""buy_5th_pre_bid"": ""+55300"", ""buy_5th_pre_req"": ""72"", ""buy_5th_pre_req_pre"": ""0"", ""buy_6th_pre_bid"": ""55200"", ""buy_6th_pre_req"": ""20"", ""buy_6th_pre_req_pre"": ""0"", ""buy_7th_pre_bid"": ""-55100"", ""buy_7th_pre_req"": ""152"", ""buy_7th_pre_req_pre"": ""0"", ""buy_8th_pre_bid"": ""-55000"", ""buy_8th_pre_req"": ""429"", ""buy_8th_pre_req_pre"": ""0"", ""buy_9th_pre_bid"": ""-54900"", ""buy_9th_pre_req"": ""59"", ""buy_9th_pre_req_pre"": ""0"", ""buy_10th_pre_bid"": ""-54800"", ""buy_10th_pre_req"": ""771"", ""buy_10th_pre_req_pre"": ""0"", ""tot_sel_req_jub_pre"": ""0"", ""tot_sel_req"": ""3338"", ""tot_buy_req"": ""1784"", ""tot_buy_req_jub_pre"": ""0"", ""ovt_sel_req_pre"": ""0"", ""ovt_sel_req"": ""0"", ""ovt_buy_req"": ""0"", ""ovt_buy_req_pre"": ""0"", ""return_code"": 0, ""return_msg"": ""정상적으로 처리되었습니다""}"
2026-06-10,scan_candidate,081660,,0,main_scan,40400,,40400,40300,40400,40450,0.0,0.24752475247524752,,,,,,"{""bid_req_base_tm"": ""111632"", ""sel_10th_pre_req_pre"": ""0"", ""sel_10th_pre_req"": ""303"", ""sel_10th_pre_bid"": ""+40950"", ""sel_9th_pre_req_pre"": ""0"", ""sel_9th_pre_req"": ""176"", ""sel_9th_pre_bid"": ""+40900"", ""sel_8th_pre_req_pre"": ""0"", ""sel_8th_pre_req"": ""136"", ""sel_8th_pre_bid"": ""+40800"", ""sel_7th_pre_req_pre"": ""0"", ""sel_7th_pre_req"": ""13"", ""sel_7th_pre_bid"": ""+40750"", ""sel_6th_pre_req_pre"": ""0"", ""sel_6th_pre_req"": ""70"", ""sel_6th_pre_bid"": ""+40700"", ""sel_5th_pre_req_pre"": ""0"", ""sel_5th_pre_req"": ""75"", ""sel_5th_pre_bid"": ""+40600"", ""sel_4th_pre_req_pre"": ""0"", ""sel_4th_pre_req"": ""251"", ""sel_4th_pre_bid"": ""+40550"", ""sel_3th_pre_req_pre"": ""0"", ""sel_3th_pre_req"": ""360"", ""sel_3th_pre_bid"": ""+40500"", ""sel_2th_pre_req_pre"": ""0"", ""sel_2th_pre_req"": ""69"", ""sel_2th_pre_bid"": ""+40450"", ""sel_1th_pre_req_pre"": ""--2"", ""sel_fpr_req"": ""4"", ""sel_fpr_bid"": ""+40400"", ""buy_fpr_bid"": ""+40300"", ""buy_fpr_req"": ""533"", ""buy_1th_pre_req_pre"": ""0"", ""buy_2th_pre_bid"": ""+40200"", ""buy_2th_pre_req"": ""36"", ""buy_2th_pre_req_pre"": ""0"", ""buy_3th_pre_bid"": ""+40150"", ""buy_3th_pre_req"": ""70"", ""buy_3th_pre_req_pre"": ""0"", ""buy_4th_pre_bid"": ""+40100"", ""buy_4th_pre_req"": ""124"", ""buy_4th_pre_req_pre"": ""0"", ""buy_5th_pre_bid"": ""+40050"", ""buy_5th_pre_req"": ""294"", ""buy_5th_pre_req_pre"": ""0"", ""buy_6th_pre_bid"": ""+40000"", ""buy_6th_pre_req"": ""517"", ""buy_6th_pre_req_pre"": ""0"", ""buy_7th_pre_bid"": ""+39950"", ""buy_7th_pre_req"": ""500"", ""buy_7th_pre_req_pre"": ""0"", ""buy_8th_pre_bid"": ""+39900"", ""buy_8th_pre_req"": ""2"", ""buy_8th_pre_req_pre"": ""0"", ""buy_9th_pre_bid"": ""+39850"", ""buy_9th_pre_req"": ""1"", ""buy_9th_pre_req_pre"": ""0"", ""buy_10th_pre_bid"": ""+39800"", ""buy_10th_pre_req"": ""5"", ""buy_10th_pre_req_pre"": ""0"", ""tot_sel_req_jub_pre"": ""--2"", ""tot_sel_req"": ""1457"", ""tot_buy_req"": ""2082"", ""tot_buy_req_jub_pre"": ""0"", ""ovt_sel_req_pre"": ""0"", ""ovt_sel_req"": ""0"", ""ovt_buy_req"": ""0"", ""ovt_buy_req_pre"": ""0"", ""return_code"": 0, ""return_msg"": ""정상적으로 처리되었습니다""}"
2026-06-10,scan_candidate,462870,,0,main_scan,31300,,31300,31250,31300,31300,-0.1597444089456869,0.1597444089456869,,,,,,"{""bid_req_base_tm"": ""111631"", ""sel_10th_pre_req_pre"": ""0"", ""sel_10th_pre_req"": ""11"", ""sel_10th_pre_bid"": ""-31750"", ""sel_9th_pre_req_pre"": ""0"", ""sel_9th_pre_req"": ""12"", ""sel_9th_pre_bid"": ""-31700"", ""sel_8th_pre_req_pre"": ""0"", ""sel_8th_pre_req"": ""51"", ""sel_8th_pre_bid"": ""-31650"", ""sel_7th_pre_req_pre"": ""0"", ""sel_7th_pre_req"": ""12"", ""sel_7th_pre_bid"": ""-31600"", ""sel_6th_pre_req_pre"": ""0"", ""sel_6th_pre_req"": ""12"", ""sel_6th_pre_bid"": ""-31550"", ""sel_5th_pre_req_pre"": ""0"", ""sel_5th_pre_req"": ""2"", ""sel_5th_pre_bid"": ""-31500"", ""sel_4th_pre_req_pre"": ""0"", ""sel_4th_pre_req"": ""59"", ""sel_4th_pre_bid"": ""-31450"", ""sel_3th_pre_req_pre"": ""0"", ""sel_3th_pre_req"": ""36"", ""sel_3th_pre_bid"": ""-31400"", ""sel_2th_pre_req_pre"": ""0"", ""sel_2th_pre_req"": ""48"", ""sel_2th_pre_bid"": ""-31350"", ""sel_1th_pre_req_pre"": ""0"", ""sel_fpr_req"": ""296"", ""sel_fpr_bid"": ""-31300"", ""buy_fpr_bid"": ""-31250"", ""buy_fpr_req"": ""18"", ""buy_1th_pre_req_pre"": ""0"", ""buy_2th_pre_bid"": ""-31200"", ""buy_2th_pre_req"": ""28"", ""buy_2th_pre_req_pre"": ""--1"", ""buy_3th_pre_bid"": ""-31150"", ""buy_3th_pre_req"": ""10"", ""buy_3th_pre_req_pre"": ""0"", ""buy_4th_pre_bid"": ""-31100"", ""buy_4th_pre_req"": ""5"", ""buy_4th_pre_req_pre"": ""0"", ""buy_5th_pre_bid"": ""-31050"", ""buy_5th_pre_req"": ""33"", ""buy_5th_pre_req_pre"": ""0"", ""buy_6th_pre_bid"": ""-31000"", ""buy_6th_pre_req"": ""300"", ""buy_6th_pre_req_pre"": ""0"", ""buy_7th_pre_bid"": ""-30950"", ""buy_7th_pre_req"": ""32"", ""buy_7th_pre_req_pre"": ""0"", ""buy_8th_pre_bid"": ""-30900"", ""buy_8th_pre_req"": ""142"", ""buy_8th_pre_req_pre"": ""0"", ""buy_9th_pre_bid"": ""-30850"", ""buy_9th_pre_req"": ""32"", ""buy_9th_pre_req_pre"": ""0"", ""buy_10th_pre_bid"": ""-30800"", ""buy_10th_pre_req"": ""76"", ""buy_10th_pre_req_pre"": ""0"", ""tot_sel_req_jub_pre"": ""0"", ""tot_sel_req"": ""539"", ""tot_buy_req"": ""676"", ""tot_buy_req_jub_pre"": ""--1"", ""ovt_sel_req_pre"": ""0"", ""ovt_sel_req"": ""0"", ""ovt_buy_req"": ""0"", ""ovt_buy_req_pre"": ""0"", ""return_code"": 0, ""return_msg"": ""정상적으로 처리되었습니다""}"
2026-06-10,scan_candidate,120110,,0,main_scan,70200,,70200,70100,70200,70500,0.2849002849002849,0.14245014245014245,,,,,,"{""bid_req_base_tm"": ""111632"", ""sel_10th_pre_req_pre"": ""0"", ""sel_10th_pre_req"": ""4"", ""sel_10th_pre_bid"": ""+71200"", ""sel_9th_pre_req_pre"": ""0"", ""sel_9th_pre_req"": ""10"", ""sel_9th_pre_bid"": ""+71100"", ""sel_8th_pre_req_pre"": ""0"", ""sel_8th_pre_req"": ""4"", ""sel_8th_pre_bid"": ""+71000"", ""sel_7th_pre_req_pre"": ""0"", ""sel_7th_pre_req"": ""101"", ""sel_7th_pre_bid"": ""+70800"", ""sel_6th_pre_req_pre"": ""0"", ""sel_6th_pre_req"": ""20"", ""sel_6th_pre_bid"": ""+70700"", ""sel_5th_pre_req_pre"": ""0"", ""sel_5th_pre_req"": ""1"", ""sel_5th_pre_bid"": ""+70600"", ""sel_4th_pre_req_pre"": ""0"", ""sel_4th_pre_req"": ""152"", ""sel_4th_pre_bid"": ""+70500"", ""sel_3th_pre_req_pre"": ""0"", ""sel_3th_pre_req"": ""49"", ""sel_3th_pre_bid"": ""+70400"", ""sel_2th_pre_req_pre"": ""0"", ""sel_2th_pre_req"": ""192"", ""sel_2th_pre_bid"": ""+70300"", ""sel_1th_pre_req_pre"": ""--64"", ""sel_fpr_req"": ""46"", ""sel_fpr_bid"": ""+70200"", ""buy_fpr_bid"": ""+70100"", ""buy_fpr_req"": ""92"", ""buy_1th_pre_req_pre"": ""0"", ""buy_2th_pre_bid"": ""+70000"", ""buy_2th_pre_req"": ""159"", ""buy_2th_pre_req_pre"": ""0"", ""buy_3th_pre_bid"": ""+69900"", ""buy_3th_pre_req"": ""129"", ""buy_3th_pre_req_pre"": ""0"", ""buy_4th_pre_bid"": ""+69800"", ""buy_4th_pre_req"": ""274"", ""buy_4th_pre_req_pre"": ""0"", ""buy_5th_pre_bid"": ""+69700"", ""buy_5th_pre_req"": ""47"", ""buy_5th_pre_req_pre"": ""0"", ""buy_6th_pre_bid"": ""+69600"", ""buy_6th_pre_req"": ""36"", ""buy_6th_pre_req_pre"": ""0"", ""buy_7th_pre_bid"": ""+69500"", ""buy_7th_pre_req"": ""14"", ""buy_7th_pre_req_pre"": ""0"", ""buy_8th_pre_bid"": ""+69400"", ""buy_8th_pre_req"": ""103"", ""buy_8th_pre_req_pre"": ""0"", ""buy_9th_pre_bid"": ""+69300"", ""buy_9th_pre_req"": ""23"", ""buy_9th_pre_req_pre"": ""0"", ""buy_10th_pre_bid"": ""+69200"", ""buy_10th_pre_req"": ""420"", ""buy_10th_pre_req_pre"": ""0"", ""tot_sel_req_jub_pre"": ""--64"", ""tot_sel_req"": ""579"", ""tot_buy_req"": ""1297"", ""tot_buy_req_jub_pre"": ""0"", ""ovt_sel_req_pre"": ""0"", ""ovt_sel_req"": ""0"", ""ovt_buy_req"": ""0"", ""ovt_buy_req_pre"": ""0"", ""return_code"": 0, ""return_msg"": ""정상적으로 처리되었습니다""}"
2026-06-10,scan_candidate,009155,,0,main_scan,597000,,597000,596000,597000,602000,0.6700167504187605,0.16750418760469013,,,,,,"{""bid_req_base_tm"": ""111628"", ""sel_10th_pre_req_pre"": ""0"", ""sel_10th_pre_req"": ""12"", ""sel_10th_pre_bid"": ""-610000"", ""sel_9th_pre_req_pre"": ""0"", ""sel_9th_pre_req"": ""40"", ""sel_9th_pre_bid"": ""-609000"", ""sel_8th_pre_req_pre"": ""0"", ""sel_8th_pre_req"": ""34"", ""sel_8th_pre_bid"": ""-605000"", ""sel_7th_pre_req_pre"": ""0"", ""sel_7th_pre_req"": ""4"", ""sel_7th_pre_bid"": ""-604000"", ""sel_6th_pre_req_pre"": ""0"", ""sel_6th_pre_req"": ""3"", ""sel_6th_pre_bid"": ""-603000"", ""sel_5th_pre_req_pre"": ""0"", ""sel_5th_pre_req"": ""25"", ""sel_5th_pre_bid"": ""-602000"", ""sel_4th_pre_req_pre"": ""0"", ""sel_4th_pre_req"": ""10"", ""sel_4th_pre_bid"": ""-601000"", ""sel_3th_pre_req_pre"": ""0"", ""sel_3th_pre_req"": ""12"", ""sel_3th_pre_bid"": ""-599000"", ""sel_2th_pre_req_pre"": ""0"", ""sel_2th_pre_req"": ""7"", ""sel_2th_pre_bid"": ""-598000"", ""sel_1th_pre_req_pre"": ""0"", ""sel_fpr_req"": ""9"", ""sel_fpr_bid"": ""-597000"", ""buy_fpr_bid"": ""-596000"", ""buy_fpr_req"": ""33"", ""buy_1th_pre_req_pre"": ""0"", ""buy_2th_pre_bid"": ""-595000"", ""buy_2th_pre_req"": ""314"", ""buy_2th_pre_req_pre"": ""0"", ""buy_3th_pre_bid"": ""-594000"", ""buy_3th_pre_req"": ""90"", ""buy_3th_pre_req_pre"": ""0"", ""buy_4th_pre_bid"": ""-593000"", ""buy_4th_pre_req"": ""71"", ""buy_4th_pre_req_pre"": ""0"", ""buy_5th_pre_bid"": ""-592000"", ""buy_5th_pre_req"": ""66"", ""buy_5th_pre_req_pre"": ""0"", ""buy_6th_pre_bid"": ""-591000"", ""buy_6th_pre_req"": ""52"", ""buy_6th_pre_req_pre"": ""0"", ""buy_7th_pre_bid"": ""-590000"", ""buy_7th_pre_req"": ""373"", ""buy_7th_pre_req_pre"": ""0"", ""buy_8th_pre_bid"": ""-589000"", ""buy_8th_pre_req"": ""67"", ""buy_8th_pre_req_pre"": ""0"", ""buy_9th_pre_bid"": ""-588000"", ""buy_9th_pre_req"": ""86"", ""buy_9th_pre_req_pre"": ""0"", ""buy_10th_pre_bid"": ""-587000"", ""buy_10th_pre_req"": ""42"", ""buy_10th_pre_req_pre"": ""0"", ""tot_sel_req_jub_pre"": ""0"", ""tot_sel_req"": ""156"", ""tot_buy_req"": ""1194"", ""tot_buy_req_jub_pre"": ""0"", ""ovt_sel_req_pre"": ""0"", ""ovt_sel_req"": ""0"", ""ovt_buy_req"": ""0"", ""ovt_buy_req_pre"": ""0"", ""return_code"": 0, ""return_msg"": ""정상적으로 처리되었습니다""}"
2026-06-10,scan_candidate,017960,,0,main_scan,31250,,31250,31200,31250,31350,0.16,0.16,,,,,,"{""bid_req_base_tm"": ""111629"", ""sel_10th_pre_req_pre"": ""0"", ""sel_10th_pre_req"": ""73"", ""sel_10th_pre_bid"": ""+31750"", ""sel_9th_pre_req_pre"": ""0"", ""sel_9th_pre_req"": ""170"", ""sel_9th_pre_bid"": ""+31700"", ""sel_8th_pre_req_pre"": ""0"", ""sel_8th_pre_req"": ""403"", ""sel_8th_pre_bid"": ""+31600"", ""sel_7th_pre_req_pre"": ""0"", ""sel_7th_pre_req"": ""61"", ""sel_7th_pre_bid"": ""+31550"", ""sel_6th_pre_req_pre"": ""0"", ""sel_6th_pre_req"": ""251"", ""sel_6th_pre_bid"": ""+31500"", ""sel_5th_pre_req_pre"": ""0"", ""sel_5th_pre_req"": ""61"", ""sel_5th_pre_bid"": ""+31450"", ""sel_4th_pre_req_pre"": ""0"", ""sel_4th_pre_req"": ""64"", ""sel_4th_pre_bid"": ""+31400"", ""sel_3th_pre_req_pre"": ""0"", ""sel_3th_pre_req"": ""40"", ""sel_3th_pre_bid"": ""+31350"", ""sel_2th_pre_req_pre"": ""0"", ""sel_2th_pre_req"": ""80"", ""sel_2th_pre_bid"": ""+31300"", ""sel_1th_pre_req_pre"": ""+25"", ""sel_fpr_req"": ""117"", ""sel_fpr_bid"": ""+31250"", ""buy_fpr_bid"": ""+31200"", ""buy_fpr_req"": ""307"", ""buy_1th_pre_req_pre"": ""0"", ""buy_2th_pre_bid"": ""+31150"", ""buy_2th_pre_req"": ""223"", ""buy_2th_pre_req_pre"": ""0"", ""buy_3th_pre_bid"": ""+31100"", ""buy_3th_pre_req"": ""224"", ""buy_3th_pre_req_pre"": ""0"", ""buy_4th_pre_bid"": ""+31050"", ""buy_4th_pre_req"": ""245"", ""buy_4th_pre_req_pre"": ""0"", ""buy_5th_pre_bid"": ""+31000"", ""buy_5th_pre_req"": ""473"", ""buy_5th_pre_req_pre"": ""0"", ""buy_6th_pre_bid"": ""+30950"", ""buy_6th_pre_req"": ""534"", ""buy_6th_pre_req_pre"": ""0"", ""buy_7th_pre_bid"": ""+30900"", ""buy_7th_pre_req"": ""141"", ""buy_7th_pre_req_pre"": ""0"", ""buy_8th_pre_bid"": ""+30850"", ""buy_8th_pre_req"": ""82"", ""buy_8th_pre_req_pre"": ""0"", ""buy_9th_pre_bid"": ""+30800"", ""buy_9th_pre_req"": ""368"", ""buy_9th_pre_req_pre"": ""0"", ""buy_10th_pre_bid"": ""+30750"", ""buy_10th_pre_req"": ""321"", ""buy_10th_pre_req_pre"": ""0"", ""tot_sel_req_jub_pre"": ""+25"", ""tot_sel_req"": ""1320"", ""tot_buy_req"": ""2918"", ""tot_buy_req_jub_pre"": ""0"", ""ovt_sel_req_pre"": ""0"", ""ovt_sel_req"": ""0"", ""ovt_buy_req"": ""0"", ""ovt_buy_req_pre"": ""0"", ""return_code"": 0, ""return_msg"": ""정상적으로 처리되었습니다""}"
2026-06-10,scan_candidate,192080,,0,main_scan,71200,,71200,71100,71200,71700,0.5617977528089888,0.1404494382022472,,,,,,"{""bid_req_base_tm"": ""111632"", ""sel_10th_pre_req_pre"": ""0"", ""sel_10th_pre_req"": ""10"", ""sel_10th_pre_bid"": ""+72300"", ""sel_9th_pre_req_pre"": ""0"", ""sel_9th_pre_req"": ""10"", ""sel_9th_pre_bid"": ""+72200"", ""sel_8th_pre_req_pre"": ""0"", ""sel_8th_pre_req"": ""6"", ""sel_8th_pre_bid"": ""+72100"", ""sel_7th_pre_req_pre"": ""0"", ""sel_7th_pre_req"": ""5"", ""sel_7th_pre_bid"": ""72000"", ""sel_6th_pre_req_pre"": ""0"", ""sel_6th_pre_req"": ""5"", ""sel_6th_pre_bid"": ""-71800"", ""sel_5th_pre_req_pre"": ""0"", ""sel_5th_pre_req"": ""42"", ""sel_5th_pre_bid"": ""-71600"", ""sel_4th_pre_req_pre"": ""0"", ""sel_4th_pre_req"": ""28"", ""sel_4th_pre_bid"": ""-71500"", ""sel_3th_pre_req_pre"": ""0"", ""sel_3th_pre_req"": ""8"", ""sel_3th_pre_bid"": ""-71400"", ""sel_2th_pre_req_pre"": ""0"", ""sel_2th_pre_req"": ""14"", ""sel_2th_pre_bid"": ""-71300"", ""sel_1th_pre_req_pre"": ""+12"", ""sel_fpr_req"": ""24"", ""sel_fpr_bid"": ""-71200"", ""buy_fpr_bid"": ""-71100"", ""buy_fpr_req"": ""194"", ""buy_1th_pre_req_pre"": ""0"", ""buy_2th_pre_bid"": ""-71000"", ""buy_2th_pre_req"": ""43"", ""buy_2th_pre_req_pre"": ""0"", ""buy_3th_pre_bid"": ""-70900"", ""buy_3th_pre_req"": ""40"", ""buy_3th_pre_req_pre"": ""0"", ""buy_4th_pre_bid"": ""-70800"", ""buy_4th_pre_req"": ""92"", ""buy_4th_pre_req_pre"": ""0"", ""buy_5th_pre_bid"": ""-70700"", ""buy_5th_pre_req"": ""140"", ""buy_5th_pre_req_pre"": ""0"", ""buy_6th_pre_bid"": ""-70600"", ""buy_6th_pre_req"": ""100"", ""buy_6th_pre_req_pre"": ""0"", ""buy_7th_pre_bid"": ""-70500"", ""buy_7th_pre_req"": ""81"", ""buy_7th_pre_req_pre"": ""0"", ""buy_8th_pre_bid"": ""-70400"", ""buy_8th_pre_req"": ""182"", ""buy_8th_pre_req_pre"": ""0"", ""buy_9th_pre_bid"": ""-70300"", ""buy_9th_pre_req"": ""94"", ""buy_9th_pre_req_pre"": ""0"", ""buy_10th_pre_bid"": ""-70200"", ""buy_10th_pre_req"": ""22"", ""buy_10th_pre_req_pre"": ""0"", ""tot_sel_req_jub_pre"": ""+12"", ""tot_sel_req"": ""152"", ""tot_buy_req"": ""988"", ""tot_buy_req_jub_pre"": ""0"", ""ovt_sel_req_pre"": ""0"", ""ovt_sel_req"": ""0"", ""ovt_buy_req"": ""0"", ""ovt_buy_req_pre"": ""0"", ""return_code"": 0, ""return_msg"": ""정상적으로 처리되었습니다""}"
2026-06-10,scan_candidate,093370,,0,main_scan,16000,,16000,15990,16000,16000,-0.3125,0.0625,,,,,,"{""bid_req_base_tm"": ""111633"", ""sel_10th_pre_req_pre"": ""0"", ""sel_10th_pre_req"": ""5304"", ""sel_10th_pre_bid"": ""+16100"", ""sel_9th_pre_req_pre"": ""0"", ""sel_9th_pre_req"": ""561"", ""sel_9th_pre_bid"": ""+16090"", ""sel_8th_pre_req_pre"": ""0"", ""sel_8th_pre_req"": ""1005"", ""sel_8th_pre_bid"": ""+16080"", ""sel_7th_pre_req_pre"": ""0"", ""sel_7th_pre_req"": ""69"", ""sel_7th_pre_bid"": ""+16070"", ""sel_6th_pre_req_pre"": ""0"", ""sel_6th_pre_req"": ""24"", ""sel_6th_pre_bid"": ""+16060"", ""sel_5th_pre_req_pre"": ""0"", ""sel_5th_pre_req"": ""23"", ""sel_5th_pre_bid"": ""+16050"", ""sel_4th_pre_req_pre"": ""0"", ""sel_4th_pre_req"": ""2137"", ""sel_4th_pre_bid"": ""+16030"", ""sel_3th_pre_req_pre"": ""0"", ""sel_3th_pre_req"": ""1018"", ""sel_3th_pre_bid"": ""+16020"", ""sel_2th_pre_req_pre"": ""0"", ""sel_2th_pre_req"": ""333"", ""sel_2th_pre_bid"": ""+16010"", ""sel_1th_pre_req_pre"": ""+13"", ""sel_fpr_req"": ""389"", ""sel_fpr_bid"": ""+16000"", ""buy_fpr_bid"": ""+15990"", ""buy_fpr_req"": ""206"", ""buy_1th_pre_req_pre"": ""+35"", ""buy_2th_pre_bid"": ""+15980"", ""buy_2th_pre_req"": ""963"", ""buy_2th_pre_req_pre"": ""0"", ""buy_3th_pre_bid"": ""+15970"", ""buy_3th_pre_req"": ""771"", ""buy_3th_pre_req_pre"": ""0"", ""buy_4th_pre_bid"": ""+15960"", ""buy_4th_pre_req"": ""1586"", ""buy_4th_pre_req_pre"": ""0"", ""buy_5th_pre_bid"": ""+15950"", ""buy_5th_pre_req"": ""2611"", ""buy_5th_pre_req_pre"": ""0"", ""buy_6th_pre_bid"": ""+15940"", ""buy_6th_pre_req"": ""644"", ""buy_6th_pre_req_pre"": ""0"", ""buy_7th_pre_bid"": ""+15930"", ""buy_7th_pre_req"": ""1228"", ""buy_7th_pre_req_pre"": ""0"", ""buy_8th_pre_bid"": ""+15920"", ""buy_8th_pre_req"": ""5119"", ""buy_8th_pre_req_pre"": ""0"", ""buy_9th_pre_bid"": ""+15910"", ""buy_9th_pre_req"": ""1586"", ""buy_9th_pre_req_pre"": ""0"", ""buy_10th_pre_bid"": ""+15900"", ""buy_10th_pre_req"": ""3285"", ""buy_10th_pre_req_pre"": ""0"", ""tot_sel_req_jub_pre"": ""+13"", ""tot_sel_req"": ""10863"", ""tot_buy_req"": ""17999"", ""tot_buy_req_jub_pre"": ""+35"", ""ovt_sel_req_pre"": ""0"", ""ovt_sel_req"": ""0"", ""ovt_buy_req"": ""0"", ""ovt_buy_req_pre"": ""0"", ""return_code"": 0, ""return_msg"": ""정상적으로 처리되었습니다""}"
2026-06-10,scan_candidate,066575,,0,main_scan,78300,,78300,78100,78300,78700,0.38314176245210724,0.2554278416347382,,,,,,"{""bid_req_base_tm"": ""111631"", ""sel_10th_pre_req_pre"": ""0"", ""sel_10th_pre_req"": ""16"", ""sel_10th_pre_bid"": ""-79500"", ""sel_9th_pre_req_pre"": ""0"", ""sel_9th_pre_req"": ""201"", ""sel_9th_pre_bid"": ""-79300"", ""sel_8th_pre_req_pre"": ""0"", ""sel_8th_pre_req"": ""1"", ""sel_8th_pre_bid"": ""-79200"", ""sel_7th_pre_req_pre"": ""0"", ""sel_7th_pre_req"": ""309"", ""sel_7th_pre_bid"": ""-79000"", ""sel_6th_pre_req_pre"": ""0"", ""sel_6th_pre_req"": ""55"", ""sel_6th_pre_bid"": ""-78900"", ""sel_5th_pre_req_pre"": ""0"", ""sel_5th_pre_req"": ""7"", ""sel_5th_pre_bid"": ""-78800"", ""sel_4th_pre_req_pre"": ""0"", ""sel_4th_pre_req"": ""106"", ""sel_4th_pre_bid"": ""-78600"", ""sel_3th_pre_req_pre"": ""0"", ""sel_3th_pre_req"": ""103"", ""sel_3th_pre_bid"": ""-78500"", ""sel_2th_pre_req_pre"": ""0"", ""sel_2th_pre_req"": ""87"", ""sel_2th_pre_bid"": ""-78400"", ""sel_1th_pre_req_pre"": ""0"", ""sel_fpr_req"": ""233"", ""sel_fpr_bid"": ""-78300"", ""buy_fpr_bid"": ""-78100"", ""buy_fpr_req"": ""431"", ""buy_1th_pre_req_pre"": ""0"", ""buy_2th_pre_bid"": ""-78000"", ""buy_2th_pre_req"": ""1384"", ""buy_2th_pre_req_pre"": ""0"", ""buy_3th_pre_bid"": ""-77900"", ""buy_3th_pre_req"": ""932"", ""buy_3th_pre_req_pre"": ""0"", ""buy_4th_pre_bid"": ""-77800"", ""buy_4th_pre_req"": ""1379"", ""buy_4th_pre_req_pre"": ""0"", ""buy_5th_pre_bid"": ""-77700"", ""buy_5th_pre_req"": ""525"", ""buy_5th_pre_req_pre"": ""0"", ""buy_6th_pre_bid"": ""-77600"", ""buy_6th_pre_req"": ""217"", ""buy_6th_pre_req_pre"": ""0"", ""buy_7th_pre_bid"": ""-77500"", ""buy_7th_pre_req"": ""1092"", ""buy_7th_pre_req_pre"": ""0"", ""buy_8th_pre_bid"": ""-77400"", ""buy_8th_pre_req"": ""113"", ""buy_8th_pre_req_pre"": ""0"", ""buy_9th_pre_bid"": ""-77300"", ""buy_9th_pre_req"": ""137"", ""buy_9th_pre_req_pre"": ""0"", ""buy_10th_pre_bid"": ""-77200"", ""buy_10th_pre_req"": ""431"", ""buy_10th_pre_req_pre"": ""--1"", ""tot_sel_req_jub_pre"": ""0"", ""tot_sel_req"": ""1118"", ""tot_buy_req"": ""6641"", ""tot_buy_req_jub_pre"": ""--1"", ""ovt_sel_req_pre"": ""0"", ""ovt_sel_req"": ""0"", ""ovt_buy_req"": ""0"", ""ovt_buy_req_pre"": ""0"", ""return_code"": 0, ""return_msg"": ""정상적으로 처리되었습니다""}"
2026-06-10,scan_candidate,181710,,0,main_scan,40500,,40500,40400,40500,40600,0.12345679012345678,0.24691358024691357,,,,,,"{""bid_req_base_tm"": ""111632"", ""sel_10th_pre_req_pre"": ""0"", ""sel_10th_pre_req"": ""70"", ""sel_10th_pre_bid"": ""-41050"", ""sel_9th_pre_req_pre"": ""0"", ""sel_9th_pre_req"": ""60"", ""sel_9th_pre_bid"": ""-41000"", ""sel_8th_pre_req_pre"": ""0"", ""sel_8th_pre_req"": ""50"", ""sel_8th_pre_bid"": ""-40950"", ""sel_7th_pre_req_pre"": ""0"", ""sel_7th_pre_req"": ""5"", ""sel_7th_pre_bid"": ""-40800"", ""sel_6th_pre_req_pre"": ""0"", ""sel_6th_pre_req"": ""371"", ""sel_6th_pre_bid"": ""-40750"", ""sel_5th_pre_req_pre"": ""0"", ""sel_5th_pre_req"": ""77"", ""sel_5th_pre_bid"": ""-40700"", ""sel_4th_pre_req_pre"": ""0"", ""sel_4th_pre_req"": ""101"", ""sel_4th_pre_bid"": ""-40650"", ""sel_3th_pre_req_pre"": ""0"", ""sel_3th_pre_req"": ""25"", ""sel_3th_pre_bid"": ""-40600"", ""sel_2th_pre_req_pre"": ""0"", ""sel_2th_pre_req"": ""114"", ""sel_2th_pre_bid"": ""-40550"", ""sel_1th_pre_req_pre"": ""0"", ""sel_fpr_req"": ""1"", ""sel_fpr_bid"": ""-40500"", ""buy_fpr_bid"": ""-40400"", ""buy_fpr_req"": ""33"", ""buy_1th_pre_req_pre"": ""+24"", ""buy_2th_pre_bid"": ""-40350"", ""buy_2th_pre_req"": ""106"", ""buy_2th_pre_req_pre"": ""0"", ""buy_3th_pre_bid"": ""-40300"", ""buy_3th_pre_req"": ""114"", ""buy_3th_pre_req_pre"": ""0"", ""buy_4th_pre_bid"": ""-40250"", ""buy_4th_pre_req"": ""58"", ""buy_4th_pre_req_pre"": ""0"", ""buy_5th_pre_bid"": ""-40200"", ""buy_5th_pre_req"": ""101"", ""buy_5th_pre_req_pre"": ""0"", ""buy_6th_pre_bid"": ""-40150"", ""buy_6th_pre_req"": ""1222"", ""buy_6th_pre_req_pre"": ""0"", ""buy_7th_pre_bid"": ""-40100"", ""buy_7th_pre_req"": ""440"", ""buy_7th_pre_req_pre"": ""0"", ""buy_8th_pre_bid"": ""-40050"", ""buy_8th_pre_req"": ""27"", ""buy_8th_pre_req_pre"": ""0"", ""buy_9th_pre_bid"": ""-40000"", ""buy_9th_pre_req"": ""783"", ""buy_9th_pre_req_pre"": ""0"", ""buy_10th_pre_bid"": ""-39950"", ""buy_10th_pre_req"": ""546"", ""buy_10th_pre_req_pre"": ""0"", ""tot_sel_req_jub_pre"": ""0"", ""tot_sel_req"": ""874"", ""tot_buy_req"": ""3430"", ""tot_buy_req_jub_pre"": ""+24"", ""ovt_sel_req_pre"": ""0"", ""ovt_sel_req"": ""0"", ""ovt_buy_req"": ""0"", ""ovt_buy_req_pre"": ""0"", ""return_code"": 0, ""return_msg"": ""정상적으로 처리되었습니다""}"
2026-06-10,scan_candidate,034230,,0,main_scan,15340,,15340,15330,15340,15300,-0.5867014341590613,0.0651890482398957,,,,,,"{""bid_req_base_tm"": ""111633"", ""sel_10th_pre_req_pre"": ""0"", ""sel_10th_pre_req"": ""5"", ""sel_10th_pre_bid"": ""+15440"", ""sel_9th_pre_req_pre"": ""0"", ""sel_9th_pre_req"": ""3930"", ""sel_9th_pre_bid"": ""+15420"", ""sel_8th_pre_req_pre"": ""0"", ""sel_8th_pre_req"": ""10"", ""sel_8th_pre_bid"": ""+15410"", ""sel_7th_pre_req_pre"": ""0"", ""sel_7th_pre_req"": ""3336"", ""sel_7th_pre_bid"": ""+15400"", ""sel_6th_pre_req_pre"": ""0"", ""sel_6th_pre_req"": ""944"", ""sel_6th_pre_bid"": ""+15390"", ""sel_5th_pre_req_pre"": ""0"", ""sel_5th_pre_req"": ""392"", ""sel_5th_pre_bid"": ""+15380"", ""sel_4th_pre_req_pre"": ""0"", ""sel_4th_pre_req"": ""318"", ""sel_4th_pre_bid"": ""+15370"", ""sel_3th_pre_req_pre"": ""0"", ""sel_3th_pre_req"": ""1"", ""sel_3th_pre_bid"": ""+15360"", ""sel_2th_pre_req_pre"": ""0"", ""sel_2th_pre_req"": ""690"", ""sel_2th_pre_bid"": ""+15350"", ""sel_1th_pre_req_pre"": ""0"", ""sel_fpr_req"": ""49"", ""sel_fpr_bid"": ""+15340"", ""buy_fpr_bid"": ""+15330"", ""buy_fpr_req"": ""60"", ""buy_1th_pre_req_pre"": ""0"", ""buy_2th_pre_bid"": ""+15320"", ""buy_2th_pre_req"": ""52"", ""buy_2th_pre_req_pre"": ""0"", ""buy_3th_pre_bid"": ""+15310"", ""buy_3th_pre_req"": ""11"", ""buy_3th_pre_req_pre"": ""0"", ""buy_4th_pre_bid"": ""+15300"", ""buy_4th_pre_req"": ""108"", ""buy_4th_pre_req_pre"": ""+30"", ""buy_5th_pre_bid"": ""+15290"", ""buy_5th_pre_req"": ""100"", ""buy_5th_pre_req_pre"": ""0"", ""buy_6th_pre_bid"": ""+15280"", ""buy_6th_pre_req"": ""11"", ""buy_6th_pre_req_pre"": ""0"", ""buy_7th_pre_bid"": ""+15270"", ""buy_7th_pre_req"": ""3"", ""buy_7th_pre_req_pre"": ""0"", ""buy_8th_pre_bid"": ""+15260"", ""buy_8th_pre_req"": ""616"", ""buy_8th_pre_req_pre"": ""0"", ""buy_9th_pre_bid"": ""+15250"", ""buy_9th_pre_req"": ""615"", ""buy_9th_pre_req_pre"": ""0"", ""buy_10th_pre_bid"": ""+15240"", ""buy_10th_pre_req"": ""65"", ""buy_10th_pre_req_pre"": ""0"", ""tot_sel_req_jub_pre"": ""0"", ""tot_sel_req"": ""9675"", ""tot_buy_req"": ""1641"", ""tot_buy_req_jub_pre"": ""+30"", ""ovt_sel_req_pre"": ""0"", ""ovt_sel_req"": ""0"", ""ovt_buy_req"": ""0"", ""ovt_buy_req_pre"": ""0"", ""return_code"": 0, ""return_msg"": ""정상적으로 처리되었습니다""}"
2026-06-10,scan_candidate,281820,,0,main_scan,66800,,66800,66600,66800,67100,0.29940119760479045,0.29940119760479045,,,,,,"{""bid_req_base_tm"": ""111634"", ""sel_10th_pre_req_pre"": ""0"", ""sel_10th_pre_req"": ""1"", ""sel_10th_pre_bid"": ""+67700"", ""sel_9th_pre_req_pre"": ""0"", ""sel_9th_pre_req"": ""8"", ""sel_9th_pre_bid"": ""+67600"", ""sel_8th_pre_req_pre"": ""0"", ""sel_8th_pre_req"": ""141"", ""sel_8th_pre_bid"": ""+67500"", ""sel_7th_pre_req_pre"": ""0"", ""sel_7th_pre_req"": ""50"", ""sel_7th_pre_bid"": ""+67400"", ""sel_6th_pre_req_pre"": ""0"", ""sel_6th_pre_req"": ""11"", ""sel_6th_pre_bid"": ""+67300"", ""sel_5th_pre_req_pre"": ""0"", ""sel_5th_pre_req"": ""2"", ""sel_5th_pre_bid"": ""+67200"", ""sel_4th_pre_req_pre"": ""0"", ""sel_4th_pre_req"": ""40"", ""sel_4th_pre_bid"": ""+67100"", ""sel_3th_pre_req_pre"": ""0"", ""sel_3th_pre_req"": ""18"", ""sel_3th_pre_bid"": ""+67000"", ""sel_2th_pre_req_pre"": ""0"", ""sel_2th_pre_req"": ""1"", ""sel_2th_pre_bid"": ""+66900"", ""sel_1th_pre_req_pre"": ""0"", ""sel_fpr_req"": ""1"", ""sel_fpr_bid"": ""+66800"", ""buy_fpr_bid"": ""+66600"", ""buy_fpr_req"": ""119"", ""buy_1th_pre_req_pre"": ""0"", ""buy_2th_pre_bid"": ""+66500"", ""buy_2th_pre_req"": ""483"", ""buy_2th_pre_req_pre"": ""0"", ""buy_3th_pre_bid"": ""66400"", ""buy_3th_pre_req"": ""14"", ""buy_3th_pre_req_pre"": ""0"", ""buy_4th_pre_bid"": ""-66300"", ""buy_4th_pre_req"": ""9"", ""buy_4th_pre_req_pre"": ""0"", ""buy_5th_pre_bid"": ""-66200"", ""buy_5th_pre_req"": ""138"", ""buy_5th_pre_req_pre"": ""0"", ""buy_6th_pre_bid"": ""-66100"", ""buy_6th_pre_req"": ""85"", ""buy_6th_pre_req_pre"": ""--10"", ""buy_7th_pre_bid"": ""-66000"", ""buy_7th_pre_req"": ""132"", ""buy_7th_pre_req_pre"": ""0"", ""buy_8th_pre_bid"": ""-65900"", ""buy_8th_pre_req"": ""1"", ""buy_8th_pre_req_pre"": ""0"", ""buy_9th_pre_bid"": ""-65800"", ""buy_9th_pre_req"": ""155"", ""buy_9th_pre_req_pre"": ""0"", ""buy_10th_pre_bid"": ""-65700"", ""buy_10th_pre_req"": ""304"", ""buy_10th_pre_req_pre"": ""0"", ""tot_sel_req_jub_pre"": ""0"", ""tot_sel_req"": ""273"", ""tot_buy_req"": ""1440"", ""tot_buy_req_jub_pre"": ""--10"", ""ovt_sel_req_pre"": ""0"", ""ovt_sel_req"": ""0"", ""ovt_buy_req"": ""0"", ""ovt_buy_req_pre"": ""0"", ""return_code"": 0, ""return_msg"": ""정상적으로 처리되었습니다""}"
2026-06-10,scan_candidate,001820,,0,main_scan,115300,,115300,115200,115300,115500,-0.26019080659150046,0.08673026886383348,,,,,,"{""bid_req_base_tm"": ""111633"", ""sel_10th_pre_req_pre"": ""0"", ""sel_10th_pre_req"": ""64"", ""sel_10th_pre_bid"": ""-116600"", ""sel_9th_pre_req_pre"": ""0"", ""sel_9th_pre_req"": ""74"", ""sel_9th_pre_bid"": ""-116500"", ""sel_8th_pre_req_pre"": ""0"", ""sel_8th_pre_req"": ""5"", ""sel_8th_pre_bid"": ""-116300"", ""sel_7th_pre_req_pre"": ""0"", ""sel_7th_pre_req"": ""4"", ""sel_7th_pre_bid"": ""-116100"", ""sel_6th_pre_req_pre"": ""0"", ""sel_6th_pre_req"": ""50"", ""sel_6th_pre_bid"": ""-115900"", ""sel_5th_pre_req_pre"": ""0"", ""sel_5th_pre_req"": ""29"", ""sel_5th_pre_bid"": ""-115700"", ""sel_4th_pre_req_pre"": ""0"", ""sel_4th_pre_req"": ""2"", ""sel_4th_pre_bid"": ""-115600"", ""sel_3th_pre_req_pre"": ""0"", ""sel_3th_pre_req"": ""95"", ""sel_3th_pre_bid"": ""-115500"", ""sel_2th_pre_req_pre"": ""0"", ""sel_2th_pre_req"": ""180"", ""sel_2th_pre_bid"": ""-115400"", ""sel_1th_pre_req_pre"": ""0"", ""sel_fpr_req"": ""169"", ""sel_fpr_bid"": ""-115300"", ""buy_fpr_bid"": ""-115200"", ""buy_fpr_req"": ""181"", ""buy_1th_pre_req_pre"": ""0"", ""buy_2th_pre_bid"": ""-115100"", ""buy_2th_pre_req"": ""433"", ""buy_2th_pre_req_pre"": ""0"", ""buy_3th_pre_bid"": ""-115000"", ""buy_3th_pre_req"": ""1175"", ""buy_3th_pre_req_pre"": ""0"", ""buy_4th_pre_bid"": ""-114900"", ""buy_4th_pre_req"": ""312"", ""buy_4th_pre_req_pre"": ""0"", ""buy_5th_pre_bid"": ""-114800"", ""buy_5th_pre_req"": ""663"", ""buy_5th_pre_req_pre"": ""0"", ""buy_6th_pre_bid"": ""-114700"", ""buy_6th_pre_req"": ""1165"", ""buy_6th_pre_req_pre"": ""0"", ""buy_7th_pre_bid"": ""-114600"", ""buy_7th_pre_req"": ""123"", ""buy_7th_pre_req_pre"": ""0"", ""buy_8th_pre_bid"": ""-114500"", ""buy_8th_pre_req"": ""397"", ""buy_8th_pre_req_pre"": ""0"", ""buy_9th_pre_bid"": ""-114400"", ""buy_9th_pre_req"": ""106"", ""buy_9th_pre_req_pre"": ""0"", ""buy_10th_pre_bid"": ""-114300"", ""buy_10th_pre_req"": ""25"", ""buy_10th_pre_req_pre"": ""0"", ""tot_sel_req_jub_pre"": ""0"", ""tot_sel_req"": ""672"", ""tot_buy_req"": ""4580"", ""tot_buy_req_jub_pre"": ""0"", ""ovt_sel_req_pre"": ""0"", ""ovt_sel_req"": ""0"", ""ovt_buy_req"": ""0"", ""ovt_buy_req_pre"": ""0"", ""return_code"": 0, ""return_msg"": ""정상적으로 처리되었습니다""}"
2026-06-10,scan_candidate,000815,,0,main_scan,400500,,400500,399500,400500,399500,-0.37453183520599254,0.24968789013732834,,,,,,"{""bid_req_base_tm"": ""111633"", ""sel_10th_pre_req_pre"": ""0"", ""sel_10th_pre_req"": ""75"", ""sel_10th_pre_bid"": ""-405500"", ""sel_9th_pre_req_pre"": ""0"", ""sel_9th_pre_req"": ""61"", ""sel_9th_pre_bid"": ""-405000"", ""sel_8th_pre_req_pre"": ""0"", ""sel_8th_pre_req"": ""183"", ""sel_8th_pre_bid"": ""-404500"", ""sel_7th_pre_req_pre"": ""0"", ""sel_7th_pre_req"": ""99"", ""sel_7th_pre_bid"": ""-404000"", ""sel_6th_pre_req_pre"": ""0"", ""sel_6th_pre_req"": ""79"", ""sel_6th_pre_bid"": ""-403500"", ""sel_5th_pre_req_pre"": ""0"", ""sel_5th_pre_req"": ""93"", ""sel_5th_pre_bid"": ""-403000"", ""sel_4th_pre_req_pre"": ""0"", ""sel_4th_pre_req"": ""2"", ""sel_4th_pre_bid"": ""-402500"", ""sel_3th_pre_req_pre"": ""0"", ""sel_3th_pre_req"": ""231"", ""sel_3th_pre_bid"": ""-401500"", ""sel_2th_pre_req_pre"": ""0"", ""sel_2th_pre_req"": ""126"", ""sel_2th_pre_bid"": ""-401000"", ""sel_1th_pre_req_pre"": ""0"", ""sel_fpr_req"": ""28"", ""sel_fpr_bid"": ""-400500"", ""buy_fpr_bid"": ""-399500"", ""buy_fpr_req"": ""7"", ""buy_1th_pre_req_pre"": ""0"", ""buy_2th_pre_bid"": ""-399000"", ""buy_2th_pre_req"": ""47"", ""buy_2th_pre_req_pre"": ""0"", ""buy_3th_pre_bid"": ""-398500"", ""buy_3th_pre_req"": ""17"", ""buy_3th_pre_req_pre"": ""0"", ""buy_4th_pre_bid"": ""-398000"", ""buy_4th_pre_req"": ""62"", ""buy_4th_pre_req_pre"": ""0"", ""buy_5th_pre_bid"": ""-397500"", ""buy_5th_pre_req"": ""159"", ""buy_5th_pre_req_pre"": ""0"", ""buy_6th_pre_bid"": ""-397000"", ""buy_6th_pre_req"": ""88"", ""buy_6th_pre_req_pre"": ""0"", ""buy_7th_pre_bid"": ""-396500"", ""buy_7th_pre_req"": ""18"", ""buy_7th_pre_req_pre"": ""0"", ""buy_8th_pre_bid"": ""-396000"", ""buy_8th_pre_req"": ""45"", ""buy_8th_pre_req_pre"": ""0"", ""buy_9th_pre_bid"": ""-395500"", ""buy_9th_pre_req"": ""18"", ""buy_9th_pre_req_pre"": ""0"", ""buy_10th_pre_bid"": ""-395000"", ""buy_10th_pre_req"": ""117"", ""buy_10th_pre_req_pre"": ""0"", ""tot_sel_req_jub_pre"": ""0"", ""tot_sel_req"": ""977"", ""tot_buy_req"": ""578"", ""tot_buy_req_jub_pre"": ""0"", ""ovt_sel_req_pre"": ""0"", ""ovt_sel_req"": ""0"", ""ovt_buy_req"": ""0"", ""ovt_buy_req_pre"": ""0"", ""return_code"": 0, ""return_msg"": ""정상적으로 처리되었습니다""}"
2026-06-10,scan_candidate,499790,,0,main_scan,51500,,51500,51400,51500,51600,0.0,0.1941747572815534,,,,,,"{""bid_req_base_tm"": ""111635"", ""sel_10th_pre_req_pre"": ""0"", ""sel_10th_pre_req"": ""1788"", ""sel_10th_pre_bid"": ""+52400"", ""sel_9th_pre_req_pre"": ""0"", ""sel_9th_pre_req"": ""235"", ""sel_9th_pre_bid"": ""+52300"", ""sel_8th_pre_req_pre"": ""0"", ""sel_8th_pre_req"": ""232"", ""sel_8th_pre_bid"": ""+52200"", ""sel_7th_pre_req_pre"": ""0"", ""sel_7th_pre_req"": ""238"", ""sel_7th_pre_bid"": ""+52100"", ""sel_6th_pre_req_pre"": ""0"", ""sel_6th_pre_req"": ""360"", ""sel_6th_pre_bid"": ""+52000"", ""sel_5th_pre_req_pre"": ""0"", ""sel_5th_pre_req"": ""844"", ""sel_5th_pre_bid"": ""+51900"", ""sel_4th_pre_req_pre"": ""0"", ""sel_4th_pre_req"": ""33"", ""sel_4th_pre_bid"": ""+51800"", ""sel_3th_pre_req_pre"": ""0"", ""sel_3th_pre_req"": ""322"", ""sel_3th_pre_bid"": ""+51700"", ""sel_2th_pre_req_pre"": ""+1"", ""sel_2th_pre_req"": ""367"", ""sel_2th_pre_bid"": ""+51600"", ""sel_1th_pre_req_pre"": ""0"", ""sel_fpr_req"": ""39"", ""sel_fpr_bid"": ""+51500"", ""buy_fpr_bid"": ""+51400"", ""buy_fpr_req"": ""886"", ""buy_1th_pre_req_pre"": ""0"", ""buy_2th_pre_bid"": ""+51300"", ""buy_2th_pre_req"": ""160"", ""buy_2th_pre_req_pre"": ""0"", ""buy_3th_pre_bid"": ""+51200"", ""buy_3th_pre_req"": ""72"", ""buy_3th_pre_req_pre"": ""0"", ""buy_4th_pre_bid"": ""+51100"", ""buy_4th_pre_req"": ""1494"", ""buy_4th_pre_req_pre"": ""0"", ""buy_5th_pre_bid"": ""+51000"", ""buy_5th_pre_req"": ""25"", ""buy_5th_pre_req_pre"": ""0"", ""buy_6th_pre_bid"": ""+50900"", ""buy_6th_pre_req"": ""10"", ""buy_6th_pre_req_pre"": ""0"", ""buy_7th_pre_bid"": ""+50800"", ""buy_7th_pre_req"": ""3641"", ""buy_7th_pre_req_pre"": ""0"", ""buy_8th_pre_bid"": ""+50700"", ""buy_8th_pre_req"": ""16"", ""buy_8th_pre_req_pre"": ""0"", ""buy_9th_pre_bid"": ""+50600"", ""buy_9th_pre_req"": ""1"", ""buy_9th_pre_req_pre"": ""0"", ""buy_10th_pre_bid"": ""+50500"", ""buy_10th_pre_req"": ""19"", ""buy_10th_pre_req_pre"": ""0"", ""tot_sel_req_jub_pre"": ""+1"", ""tot_sel_req"": ""4458"", ""tot_buy_req"": ""6324"", ""tot_buy_req_jub_pre"": ""0"", ""ovt_sel_req_pre"": ""0"", ""ovt_sel_req"": ""0"", ""ovt_buy_req"": ""0"", ""ovt_buy_req_pre"": ""0"", ""return_code"": 0, ""return_msg"": ""정상적으로 처리되었습니다""}"
2026-06-10,scan_candidate,003160,,0,main_scan,28000,,28000,27950,28000,28000,-0.17857142857142858,0.17857142857142858,,,,,,"{""bid_req_base_tm"": ""111634"", ""sel_10th_pre_req_pre"": ""0"", ""sel_10th_pre_req"": ""6"", ""sel_10th_pre_bid"": ""+28500"", ""sel_9th_pre_req_pre"": ""0"", ""sel_9th_pre_req"": ""2070"", ""sel_9th_pre_bid"": ""+28400"", ""sel_8th_pre_req_pre"": ""0"", ""sel_8th_pre_req"": ""112"", ""sel_8th_pre_bid"": ""+28350"", ""sel_7th_pre_req_pre"": ""0"", ""sel_7th_pre_req"": ""203"", ""sel_7th_pre_bid"": ""+28300"", ""sel_6th_pre_req_pre"": ""0"", ""sel_6th_pre_req"": ""99"", ""sel_6th_pre_bid"": ""+28250"", ""sel_5th_pre_req_pre"": ""0"", ""sel_5th_pre_req"": ""112"", ""sel_5th_pre_bid"": ""+28200"", ""sel_4th_pre_req_pre"": ""0"", ""sel_4th_pre_req"": ""142"", ""sel_4th_pre_bid"": ""+28150"", ""sel_3th_pre_req_pre"": ""0"", ""sel_3th_pre_req"": ""30"", ""sel_3th_pre_bid"": ""+28100"", ""sel_2th_pre_req_pre"": ""0"", ""sel_2th_pre_req"": ""148"", ""sel_2th_pre_bid"": ""28050"", ""sel_1th_pre_req_pre"": ""0"", ""sel_fpr_req"": ""22"", ""sel_fpr_bid"": ""-28000"", ""buy_fpr_bid"": ""-27950"", ""buy_fpr_req"": ""99"", ""buy_1th_pre_req_pre"": ""--1"", ""buy_2th_pre_bid"": ""-27900"", ""buy_2th_pre_req"": ""123"", ""buy_2th_pre_req_pre"": ""0"", ""buy_3th_pre_bid"": ""-27850"", ""buy_3th_pre_req"": ""494"", ""buy_3th_pre_req_pre"": ""0"", ""buy_4th_pre_bid"": ""-27800"", ""buy_4th_pre_req"": ""314"", ""buy_4th_pre_req_pre"": ""0"", ""buy_5th_pre_bid"": ""-27750"", ""buy_5th_pre_req"": ""837"", ""buy_5th_pre_req_pre"": ""0"", ""buy_6th_pre_bid"": ""-27700"", ""buy_6th_pre_req"": ""188"", ""buy_6th_pre_req_pre"": ""0"", ""buy_7th_pre_bid"": ""-27650"", ""buy_7th_pre_req"": ""128"", ""buy_7th_pre_req_pre"": ""0"", ""buy_8th_pre_bid"": ""-27600"", ""buy_8th_pre_req"": ""283"", ""buy_8th_pre_req_pre"": ""0"", ""buy_9th_pre_bid"": ""-27550"", ""buy_9th_pre_req"": ""309"", ""buy_9th_pre_req_pre"": ""0"", ""buy_10th_pre_bid"": ""-27500"", ""buy_10th_pre_req"": ""1160"", ""buy_10th_pre_req_pre"": ""0"", ""tot_sel_req_jub_pre"": ""0"", ""tot_sel_req"": ""2944"", ""tot_buy_req"": ""3935"", ""tot_buy_req_jub_pre"": ""--1"", ""ovt_sel_req_pre"": ""0"", ""ovt_sel_req"": ""0"", ""ovt_buy_req"": ""0"", ""ovt_buy_req_pre"": ""0"", ""return_code"": 0, ""return_msg"": ""정상적으로 처리되었습니다""}"
2026-06-10,scan_candidate,000370,,0,main_scan,6520,,6520,6510,6520,6510,-0.3067484662576687,0.15337423312883436,,,,,,"{""bid_req_base_tm"": ""111633"", ""sel_10th_pre_req_pre"": ""0"", ""sel_10th_pre_req"": ""1003"", ""sel_10th_pre_bid"": ""+6610"", ""sel_9th_pre_req_pre"": ""0"", ""sel_9th_pre_req"": ""1523"", ""sel_9th_pre_bid"": ""+6600"", ""sel_8th_pre_req_pre"": ""0"", ""sel_8th_pre_req"": ""312"", ""sel_8th_pre_bid"": ""+6590"", ""sel_7th_pre_req_pre"": ""0"", ""sel_7th_pre_req"": ""112"", ""sel_7th_pre_bid"": ""+6580"", ""sel_6th_pre_req_pre"": ""0"", ""sel_6th_pre_req"": ""753"", ""sel_6th_pre_bid"": ""+6570"", ""sel_5th_pre_req_pre"": ""0"", ""sel_5th_pre_req"": ""104"", ""sel_5th_pre_bid"": ""+6560"", ""sel_4th_pre_req_pre"": ""0"", ""sel_4th_pre_req"": ""225"", ""sel_4th_pre_bid"": ""+6550"", ""sel_3th_pre_req_pre"": ""0"", ""sel_3th_pre_req"": ""17"", ""sel_3th_pre_bid"": ""+6540"", ""sel_2th_pre_req_pre"": ""0"", ""sel_2th_pre_req"": ""142"", ""sel_2th_pre_bid"": ""+6530"", ""sel_1th_pre_req_pre"": ""--46"", ""sel_fpr_req"": ""774"", ""sel_fpr_bid"": ""+6520"", ""buy_fpr_bid"": ""+6510"", ""buy_fpr_req"": ""3"", ""buy_1th_pre_req_pre"": ""0"", ""buy_2th_pre_bid"": ""+6500"", ""buy_2th_pre_req"": ""20"", ""buy_2th_pre_req_pre"": ""0"", ""buy_3th_pre_bid"": ""+6490"", ""buy_3th_pre_req"": ""110"", ""buy_3th_pre_req_pre"": ""0"", ""buy_4th_pre_bid"": ""+6480"", ""buy_4th_pre_req"": ""506"", ""buy_4th_pre_req_pre"": ""0"", ""buy_5th_pre_bid"": ""+6470"", ""buy_5th_pre_req"": ""702"", ""buy_5th_pre_req_pre"": ""0"", ""buy_6th_pre_bid"": ""+6460"", ""buy_6th_pre_req"": ""704"", ""buy_6th_pre_req_pre"": ""0"", ""buy_7th_pre_bid"": ""6450"", ""buy_7th_pre_req"": ""902"", ""buy_7th_pre_req_pre"": ""0"", ""buy_8th_pre_bid"": ""-6440"", ""buy_8th_pre_req"": ""213"", ""buy_8th_pre_req_pre"": ""0"", ""buy_9th_pre_bid"": ""-6430"", ""buy_9th_pre_req"": ""1608"", ""buy_9th_pre_req_pre"": ""0"", ""buy_10th_pre_bid"": ""-6420"", ""buy_10th_pre_req"": ""207"", ""buy_10th_pre_req_pre"": ""0"", ""tot_sel_req_jub_pre"": ""--46"", ""tot_sel_req"": ""4965"", ""tot_buy_req"": ""4975"", ""tot_buy_req_jub_pre"": ""0"", ""ovt_sel_req_pre"": ""0"", ""ovt_sel_req"": ""0"", ""ovt_buy_req"": ""0"", ""ovt_buy_req_pre"": ""0"", ""return_code"": 0, ""return_msg"": ""정상적으로 처리되었습니다""}"
2026-06-10,scan_candidate,114090,,0,main_scan,12090,,12090,12080,12090,12050,-0.7444168734491315,0.0827129859387924,,,,,,"{""bid_req_base_tm"": ""111632"", ""sel_10th_pre_req_pre"": ""0"", ""sel_10th_pre_req"": ""331"", ""sel_10th_pre_bid"": ""+12180"", ""sel_9th_pre_req_pre"": ""0"", ""sel_9th_pre_req"": ""32"", ""sel_9th_pre_bid"": ""+12170"", ""sel_8th_pre_req_pre"": ""0"", ""sel_8th_pre_req"": ""10"", ""sel_8th_pre_bid"": ""+12160"", ""sel_7th_pre_req_pre"": ""0"", ""sel_7th_pre_req"": ""1185"", ""sel_7th_pre_bid"": ""+12150"", ""sel_6th_pre_req_pre"": ""0"", ""sel_6th_pre_req"": ""437"", ""sel_6th_pre_bid"": ""+12140"", ""sel_5th_pre_req_pre"": ""0"", ""sel_5th_pre_req"": ""414"", ""sel_5th_pre_bid"": ""+12130"", ""sel_4th_pre_req_pre"": ""0"", ""sel_4th_pre_req"": ""106"", ""sel_4th_pre_bid"": ""+12120"", ""sel_3th_pre_req_pre"": ""0"", ""sel_3th_pre_req"": ""35"", ""sel_3th_pre_bid"": ""+12110"", ""sel_2th_pre_req_pre"": ""0"", ""sel_2th_pre_req"": ""300"", ""sel_2th_pre_bid"": ""+12100"", ""sel_1th_pre_req_pre"": ""0"", ""sel_fpr_req"": ""251"", ""sel_fpr_bid"": ""+12090"", ""buy_fpr_bid"": ""+12080"", ""buy_fpr_req"": ""49"", ""buy_1th_pre_req_pre"": ""--1"", ""buy_2th_pre_bid"": ""+12070"", ""buy_2th_pre_req"": ""349"", ""buy_2th_pre_req_pre"": ""+27"", ""buy_3th_pre_bid"": ""+12060"", ""buy_3th_pre_req"": ""195"", ""buy_3th_pre_req_pre"": ""0"", ""buy_4th_pre_bid"": ""+12050"", ""buy_4th_pre_req"": ""499"", ""buy_4th_pre_req_pre"": ""0"", ""buy_5th_pre_bid"": ""+12040"", ""buy_5th_pre_req"": ""63"", ""buy_5th_pre_req_pre"": ""0"", ""buy_6th_pre_bid"": ""+12020"", ""buy_6th_pre_req"": ""70"", ""buy_6th_pre_req_pre"": ""0"", ""buy_7th_pre_bid"": ""+12010"", ""buy_7th_pre_req"": ""5"", ""buy_7th_pre_req_pre"": ""0"", ""buy_8th_pre_bid"": ""+12000"", ""buy_8th_pre_req"": ""772"", ""buy_8th_pre_req_pre"": ""0"", ""buy_9th_pre_bid"": ""+11990"", ""buy_9th_pre_req"": ""100"", ""buy_9th_pre_req_pre"": ""0"", ""buy_10th_pre_bid"": ""+11980"", ""buy_10th_pre_req"": ""203"", ""buy_10th_pre_req_pre"": ""0"", ""tot_sel_req_jub_pre"": ""0"", ""tot_sel_req"": ""3101"", ""tot_buy_req"": ""2305"", ""tot_buy_req_jub_pre"": ""+26"", ""ovt_sel_req_pre"": ""0"", ""ovt_sel_req"": ""0"", ""ovt_buy_req"": ""0"", ""ovt_buy_req_pre"": ""0"", ""return_code"": 0, ""return_msg"": ""정상적으로 처리되었습니다""}"
2026-06-10,scan_candidate,005090,,0,main_scan,51800,,51800,51700,51800,52000,0.19305019305019305,0.19305019305019305,,,,,,"{""bid_req_base_tm"": ""111634"", ""sel_10th_pre_req_pre"": ""0"", ""sel_10th_pre_req"": ""114"", ""sel_10th_pre_bid"": ""+52700"", ""sel_9th_pre_req_pre"": ""0"", ""sel_9th_pre_req"": ""16"", ""sel_9th_pre_bid"": ""+52600"", ""sel_8th_pre_req_pre"": ""0"", ""sel_8th_pre_req"": ""34"", ""sel_8th_pre_bid"": ""+52500"", ""sel_7th_pre_req_pre"": ""0"", ""sel_7th_pre_req"": ""24"", ""sel_7th_pre_bid"": ""+52400"", ""sel_6th_pre_req_pre"": ""0"", ""sel_6th_pre_req"": ""21"", ""sel_6th_pre_bid"": ""+52300"", ""sel_5th_pre_req_pre"": ""0"", ""sel_5th_pre_req"": ""22"", ""sel_5th_pre_bid"": ""+52200"", ""sel_4th_pre_req_pre"": ""0"", ""sel_4th_pre_req"": ""30"", ""sel_4th_pre_bid"": ""+52100"", ""sel_3th_pre_req_pre"": ""0"", ""sel_3th_pre_req"": ""6"", ""sel_3th_pre_bid"": ""+52000"", ""sel_2th_pre_req_pre"": ""0"", ""sel_2th_pre_req"": ""41"", ""sel_2th_pre_bid"": ""+51900"", ""sel_1th_pre_req_pre"": ""0"", ""sel_fpr_req"": ""232"", ""sel_fpr_bid"": ""+51800"", ""buy_fpr_bid"": ""+51700"", ""buy_fpr_req"": ""25"", ""buy_1th_pre_req_pre"": ""0"", ""buy_2th_pre_bid"": ""+51600"", ""buy_2th_pre_req"": ""57"", ""buy_2th_pre_req_pre"": ""0"", ""buy_3th_pre_bid"": ""+51500"", ""buy_3th_pre_req"": ""254"", ""buy_3th_pre_req_pre"": ""0"", ""buy_4th_pre_bid"": ""+51400"", ""buy_4th_pre_req"": ""231"", ""buy_4th_pre_req_pre"": ""0"", ""buy_5th_pre_bid"": ""+51300"", ""buy_5th_pre_req"": ""120"", ""buy_5th_pre_req_pre"": ""0"", ""buy_6th_pre_bid"": ""+51200"", ""buy_6th_pre_req"": ""1425"", ""buy_6th_pre_req_pre"": ""0"", ""buy_7th_pre_bid"": ""+51100"", ""buy_7th_pre_req"": ""149"", ""buy_7th_pre_req_pre"": ""+1"", ""buy_8th_pre_bid"": ""+51000"", ""buy_8th_pre_req"": ""428"", ""buy_8th_pre_req_pre"": ""0"", ""buy_9th_pre_bid"": ""+50900"", ""buy_9th_pre_req"": ""224"", ""buy_9th_pre_req_pre"": ""0"", ""buy_10th_pre_bid"": ""+50800"", ""buy_10th_pre_req"": ""702"", ""buy_10th_pre_req_pre"": ""0"", ""tot_sel_req_jub_pre"": ""0"", ""tot_sel_req"": ""540"", ""tot_buy_req"": ""3615"", ""tot_buy_req_jub_pre"": ""+1"", ""ovt_sel_req_pre"": ""0"", ""ovt_sel_req"": ""0"", ""ovt_buy_req"": ""0"", ""ovt_buy_req_pre"": ""0"", ""return_code"": 0, ""return_msg"": ""정상적으로 처리되었습니다""}"
2026-06-10,scan_candidate,017900,,0,main_scan,9350,,9350,9320,9350,9360,0.0,0.32085561497326204,,,,,,"{""bid_req_base_tm"": ""111635"", ""sel_10th_pre_req_pre"": ""0"", ""sel_10th_pre_req"": ""234"", ""sel_10th_pre_bid"": ""+9440"", ""sel_9th_pre_req_pre"": ""0"", ""sel_9th_pre_req"": ""2085"", ""sel_9th_pre_bid"": ""+9430"", ""sel_8th_pre_req_pre"": ""0"", ""sel_8th_pre_req"": ""263"", ""sel_8th_pre_bid"": ""+9420"", ""sel_7th_pre_req_pre"": ""0"", ""sel_7th_pre_req"": ""467"", ""sel_7th_pre_bid"": ""+9410"", ""sel_6th_pre_req_pre"": ""0"", ""sel_6th_pre_req"": ""228"", ""sel_6th_pre_bid"": ""+9400"", ""sel_5th_pre_req_pre"": ""0"", ""sel_5th_pre_req"": ""873"", ""sel_5th_pre_bid"": ""+9390"", ""sel_4th_pre_req_pre"": ""--54"", ""sel_4th_pre_req"": ""204"", ""sel_4th_pre_bid"": ""+9380"", ""sel_3th_pre_req_pre"": ""--212"", ""sel_3th_pre_req"": ""119"", ""sel_3th_pre_bid"": ""+9370"", ""sel_2th_pre_req_pre"": ""0"", ""sel_2th_pre_req"": ""198"", ""sel_2th_pre_bid"": ""+9360"", ""sel_1th_pre_req_pre"": ""+198"", ""sel_fpr_req"": ""573"", ""sel_fpr_bid"": ""+9350"", ""buy_fpr_bid"": ""+9320"", ""buy_fpr_req"": ""265"", ""buy_1th_pre_req_pre"": ""--184"", ""buy_2th_pre_bid"": ""+9310"", ""buy_2th_pre_req"": ""752"", ""buy_2th_pre_req_pre"": ""0"", ""buy_3th_pre_bid"": ""+9300"", ""buy_3th_pre_req"": ""3049"", ""buy_3th_pre_req_pre"": ""0"", ""buy_4th_pre_bid"": ""+9290"", ""buy_4th_pre_req"": ""1128"", ""buy_4th_pre_req_pre"": ""0"", ""buy_5th_pre_bid"": ""+9280"", ""buy_5th_pre_req"": ""2401"", ""buy_5th_pre_req_pre"": ""0"", ""buy_6th_pre_bid"": ""+9270"", ""buy_6th_pre_req"": ""4459"", ""buy_6th_pre_req_pre"": ""0"", ""buy_7th_pre_bid"": ""+9260"", ""buy_7th_pre_req"": ""2929"", ""buy_7th_pre_req_pre"": ""0"", ""buy_8th_pre_bid"": ""+9250"", ""buy_8th_pre_req"": ""3270"", ""buy_8th_pre_req_pre"": ""0"", ""buy_9th_pre_bid"": ""+9240"", ""buy_9th_pre_req"": ""697"", ""buy_9th_pre_req_pre"": ""0"", ""buy_10th_pre_bid"": ""+9230"", ""buy_10th_pre_req"": ""646"", ""buy_10th_pre_req_pre"": ""0"", ""tot_sel_req_jub_pre"": ""--68"", ""tot_sel_req"": ""5244"", ""tot_buy_req"": ""19596"", ""tot_buy_req_jub_pre"": ""--184"", ""ovt_sel_req_pre"": ""0"", ""ovt_sel_req"": ""0"", ""ovt_buy_req"": ""0"", ""ovt_buy_req_pre"": ""0"", ""return_code"": 0, ""return_msg"": ""정상적으로 처리되었습니다""}"
2026-06-10,scan_candidate,004710,,0,main_scan,10850,,10850,10820,10850,10750,-1.3824884792626728,0.2764976958525346,,,,,,"{""bid_req_base_tm"": ""111633"", ""sel_10th_pre_req_pre"": ""0"", ""sel_10th_pre_req"": ""28"", ""sel_10th_pre_bid"": ""+11060"", ""sel_9th_pre_req_pre"": ""0"", ""sel_9th_pre_req"": ""42"", ""sel_9th_pre_bid"": ""+11050"", ""sel_8th_pre_req_pre"": ""0"", ""sel_8th_pre_req"": ""6"", ""sel_8th_pre_bid"": ""+11040"", ""sel_7th_pre_req_pre"": ""0"", ""sel_7th_pre_req"": ""5"", ""sel_7th_pre_bid"": ""+11030"", ""sel_6th_pre_req_pre"": ""0"", ""sel_6th_pre_req"": ""101"", ""sel_6th_pre_bid"": ""+11000"", ""sel_5th_pre_req_pre"": ""0"", ""sel_5th_pre_req"": ""1"", ""sel_5th_pre_bid"": ""+10940"", ""sel_4th_pre_req_pre"": ""0"", ""sel_4th_pre_req"": ""462"", ""sel_4th_pre_bid"": ""+10900"", ""sel_3th_pre_req_pre"": ""0"", ""sel_3th_pre_req"": ""3081"", ""sel_3th_pre_bid"": ""+10880"", ""sel_2th_pre_req_pre"": ""0"", ""sel_2th_pre_req"": ""1231"", ""sel_2th_pre_bid"": ""+10860"", ""sel_1th_pre_req_pre"": ""0"", ""sel_fpr_req"": ""97"", ""sel_fpr_bid"": ""+10850"", ""buy_fpr_bid"": ""+10820"", ""buy_fpr_req"": ""22"", ""buy_1th_pre_req_pre"": ""--4"", ""buy_2th_pre_bid"": ""+10790"", ""buy_2th_pre_req"": ""57"", ""buy_2th_pre_req_pre"": ""0"", ""buy_3th_pre_bid"": ""+10780"", ""buy_3th_pre_req"": ""93"", ""buy_3th_pre_req_pre"": ""0"", ""buy_4th_pre_bid"": ""+10770"", ""buy_4th_pre_req"": ""10"", ""buy_4th_pre_req_pre"": ""0"", ""buy_5th_pre_bid"": ""+10760"", ""buy_5th_pre_req"": ""647"", ""buy_5th_pre_req_pre"": ""0"", ""buy_6th_pre_bid"": ""+10750"", ""buy_6th_pre_req"": ""18"", ""buy_6th_pre_req_pre"": ""0"", ""buy_7th_pre_bid"": ""+10740"", ""buy_7th_pre_req"": ""946"", ""buy_7th_pre_req_pre"": ""0"", ""buy_8th_pre_bid"": ""+10730"", ""buy_8th_pre_req"": ""104"", ""buy_8th_pre_req_pre"": ""0"", ""buy_9th_pre_bid"": ""+10720"", ""buy_9th_pre_req"": ""215"", ""buy_9th_pre_req_pre"": ""0"", ""buy_10th_pre_bid"": ""+10710"", ""buy_10th_pre_req"": ""1"", ""buy_10th_pre_req_pre"": ""0"", ""tot_sel_req_jub_pre"": ""0"", ""tot_sel_req"": ""5054"", ""tot_buy_req"": ""2113"", ""tot_buy_req_jub_pre"": ""--4"", ""ovt_sel_req_pre"": ""0"", ""ovt_sel_req"": ""0"", ""ovt_buy_req"": ""0"", ""ovt_buy_req_pre"": ""0"", ""return_code"": 0, ""return_msg"": ""정상적으로 처리되었습니다""}"
2026-06-10,scan_candidate,006220,,0,main_scan,11810,,11810,11790,11810,11800,-0.5080440304826418,0.1693480101608806,,,,,,"{""bid_req_base_tm"": ""111636"", ""sel_10th_pre_req_pre"": ""0"", ""sel_10th_pre_req"": ""1324"", ""sel_10th_pre_bid"": ""+11900"", ""sel_9th_pre_req_pre"": ""0"", ""sel_9th_pre_req"": ""569"", ""sel_9th_pre_bid"": ""+11890"", ""sel_8th_pre_req_pre"": ""0"", ""sel_8th_pre_req"": ""434"", ""sel_8th_pre_bid"": ""+11880"", ""sel_7th_pre_req_pre"": ""0"", ""sel_7th_pre_req"": ""1534"", ""sel_7th_pre_bid"": ""+11870"", ""sel_6th_pre_req_pre"": ""0"", ""sel_6th_pre_req"": ""528"", ""sel_6th_pre_bid"": ""+11860"", ""sel_5th_pre_req_pre"": ""0"", ""sel_5th_pre_req"": ""469"", ""sel_5th_pre_bid"": ""+11850"", ""sel_4th_pre_req_pre"": ""0"", ""sel_4th_pre_req"": ""1084"", ""sel_4th_pre_bid"": ""+11840"", ""sel_3th_pre_req_pre"": ""0"", ""sel_3th_pre_req"": ""422"", ""sel_3th_pre_bid"": ""+11830"", ""sel_2th_pre_req_pre"": ""0"", ""sel_2th_pre_req"": ""92"", ""sel_2th_pre_bid"": ""+11820"", ""sel_1th_pre_req_pre"": ""0"", ""sel_fpr_req"": ""179"", ""sel_fpr_bid"": ""+11810"", ""buy_fpr_bid"": ""+11790"", ""buy_fpr_req"": ""220"", ""buy_1th_pre_req_pre"": ""0"", ""buy_2th_pre_bid"": ""+11760"", ""buy_2th_pre_req"": ""102"", ""buy_2th_pre_req_pre"": ""0"", ""buy_3th_pre_bid"": ""+11750"", ""buy_3th_pre_req"": ""192"", ""buy_3th_pre_req_pre"": ""+5"", ""buy_4th_pre_bid"": ""+11740"", ""buy_4th_pre_req"": ""1037"", ""buy_4th_pre_req_pre"": ""--5"", ""buy_5th_pre_bid"": ""+11730"", ""buy_5th_pre_req"": ""1301"", ""buy_5th_pre_req_pre"": ""0"", ""buy_6th_pre_bid"": ""+11720"", ""buy_6th_pre_req"": ""2181"", ""buy_6th_pre_req_pre"": ""0"", ""buy_7th_pre_bid"": ""+11710"", ""buy_7th_pre_req"": ""3403"", ""buy_7th_pre_req_pre"": ""0"", ""buy_8th_pre_bid"": ""+11700"", ""buy_8th_pre_req"": ""1735"", ""buy_8th_pre_req_pre"": ""0"", ""buy_9th_pre_bid"": ""+11690"", ""buy_9th_pre_req"": ""1126"", ""buy_9th_pre_req_pre"": ""0"", ""buy_10th_pre_bid"": ""+11680"", ""buy_10th_pre_req"": ""464"", ""buy_10th_pre_req_pre"": ""0"", ""tot_sel_req_jub_pre"": ""0"", ""tot_sel_req"": ""6635"", ""tot_buy_req"": ""11761"", ""tot_buy_req_jub_pre"": ""0"", ""ovt_sel_req_pre"": ""0"", ""ovt_sel_req"": ""0"", ""ovt_buy_req"": ""0"", ""ovt_buy_req_pre"": ""0"", ""return_code"": 0, ""return_msg"": ""정상적으로 처리되었습니다""}"
2026-06-10,scan_candidate,092200,,0,main_scan,9470,,9470,9460,9470,9500,0.21119324181626187,0.10559662090813093,,,,,,"{""bid_req_base_tm"": ""111636"", ""sel_10th_pre_req_pre"": ""0"", ""sel_10th_pre_req"": ""19"", ""sel_10th_pre_bid"": ""-9560"", ""sel_9th_pre_req_pre"": ""0"", ""sel_9th_pre_req"": ""532"", ""sel_9th_pre_bid"": ""-9550"", ""sel_8th_pre_req_pre"": ""0"", ""sel_8th_pre_req"": ""2"", ""sel_8th_pre_bid"": ""-9540"", ""sel_7th_pre_req_pre"": ""0"", ""sel_7th_pre_req"": ""76"", ""sel_7th_pre_bid"": ""-9530"", ""sel_6th_pre_req_pre"": ""0"", ""sel_6th_pre_req"": ""340"", ""sel_6th_pre_bid"": ""-9520"", ""sel_5th_pre_req_pre"": ""0"", ""sel_5th_pre_req"": ""3"", ""sel_5th_pre_bid"": ""-9510"", ""sel_4th_pre_req_pre"": ""0"", ""sel_4th_pre_req"": ""845"", ""sel_4th_pre_bid"": ""-9500"", ""sel_3th_pre_req_pre"": ""0"", ""sel_3th_pre_req"": ""3"", ""sel_3th_pre_bid"": ""-9490"", ""sel_2th_pre_req_pre"": ""0"", ""sel_2th_pre_req"": ""93"", ""sel_2th_pre_bid"": ""-9480"", ""sel_1th_pre_req_pre"": ""0"", ""sel_fpr_req"": ""412"", ""sel_fpr_bid"": ""-9470"", ""buy_fpr_bid"": ""-9460"", ""buy_fpr_req"": ""45"", ""buy_1th_pre_req_pre"": ""+1"", ""buy_2th_pre_bid"": ""-9450"", ""buy_2th_pre_req"": ""2060"", ""buy_2th_pre_req_pre"": ""+63"", ""buy_3th_pre_bid"": ""-9440"", ""buy_3th_pre_req"": ""2114"", ""buy_3th_pre_req_pre"": ""0"", ""buy_4th_pre_bid"": ""-9430"", ""buy_4th_pre_req"": ""1689"", ""buy_4th_pre_req_pre"": ""0"", ""buy_5th_pre_bid"": ""-9420"", ""buy_5th_pre_req"": ""2765"", ""buy_5th_pre_req_pre"": ""0"", ""buy_6th_pre_bid"": ""-9410"", ""buy_6th_pre_req"": ""3811"", ""buy_6th_pre_req_pre"": ""0"", ""buy_7th_pre_bid"": ""-9400"", ""buy_7th_pre_req"": ""3388"", ""buy_7th_pre_req_pre"": ""0"", ""buy_8th_pre_bid"": ""-9390"", ""buy_8th_pre_req"": ""2399"", ""buy_8th_pre_req_pre"": ""0"", ""buy_9th_pre_bid"": ""-9380"", ""buy_9th_pre_req"": ""3907"", ""buy_9th_pre_req_pre"": ""0"", ""buy_10th_pre_bid"": ""-9370"", ""buy_10th_pre_req"": ""1418"", ""buy_10th_pre_req_pre"": ""0"", ""tot_sel_req_jub_pre"": ""0"", ""tot_sel_req"": ""2325"", ""tot_buy_req"": ""23596"", ""tot_buy_req_jub_pre"": ""+64"", ""ovt_sel_req_pre"": ""0"", ""ovt_sel_req"": ""0"", ""ovt_buy_req"": ""0"", ""ovt_buy_req_pre"": ""0"", ""return_code"": 0, ""return_msg"": ""정상적으로 처리되었습니다""}"
2026-06-10,scan_candidate,000430,,0,main_scan,5610,,5610,5600,5610,5630,0.17825311942959002,0.17825311942959002,,,,,,"{""bid_req_base_tm"": ""111635"", ""sel_10th_pre_req_pre"": ""0"", ""sel_10th_pre_req"": ""2020"", ""sel_10th_pre_bid"": ""-5700"", ""sel_9th_pre_req_pre"": ""0"", ""sel_9th_pre_req"": ""1060"", ""sel_9th_pre_bid"": ""-5690"", ""sel_8th_pre_req_pre"": ""0"", ""sel_8th_pre_req"": ""1033"", ""sel_8th_pre_bid"": ""-5680"", ""sel_7th_pre_req_pre"": ""0"", ""sel_7th_pre_req"": ""187"", ""sel_7th_pre_bid"": ""-5670"", ""sel_6th_pre_req_pre"": ""0"", ""sel_6th_pre_req"": ""75"", ""sel_6th_pre_bid"": ""-5660"", ""sel_5th_pre_req_pre"": ""0"", ""sel_5th_pre_req"": ""231"", ""sel_5th_pre_bid"": ""-5650"", ""sel_4th_pre_req_pre"": ""0"", ""sel_4th_pre_req"": ""165"", ""sel_4th_pre_bid"": ""-5640"", ""sel_3th_pre_req_pre"": ""0"", ""sel_3th_pre_req"": ""783"", ""sel_3th_pre_bid"": ""-5630"", ""sel_2th_pre_req_pre"": ""0"", ""sel_2th_pre_req"": ""122"", ""sel_2th_pre_bid"": ""-5620"", ""sel_1th_pre_req_pre"": ""0"", ""sel_fpr_req"": ""4914"", ""sel_fpr_bid"": ""-5610"", ""buy_fpr_bid"": ""-5600"", ""buy_fpr_req"": ""125"", ""buy_1th_pre_req_pre"": ""0"", ""buy_2th_pre_bid"": ""-5590"", ""buy_2th_pre_req"": ""5554"", ""buy_2th_pre_req_pre"": ""+1"", ""buy_3th_pre_bid"": ""-5580"", ""buy_3th_pre_req"": ""2262"", ""buy_3th_pre_req_pre"": ""0"", ""buy_4th_pre_bid"": ""-5570"", ""buy_4th_pre_req"": ""2243"", ""buy_4th_pre_req_pre"": ""0"", ""buy_5th_pre_bid"": ""-5560"", ""buy_5th_pre_req"": ""2176"", ""buy_5th_pre_req_pre"": ""0"", ""buy_6th_pre_bid"": ""-5550"", ""buy_6th_pre_req"": ""6315"", ""buy_6th_pre_req_pre"": ""0"", ""buy_7th_pre_bid"": ""-5540"", ""buy_7th_pre_req"": ""4015"", ""buy_7th_pre_req_pre"": ""0"", ""buy_8th_pre_bid"": ""-5530"", ""buy_8th_pre_req"": ""6880"", ""buy_8th_pre_req_pre"": ""0"", ""buy_9th_pre_bid"": ""-5520"", ""buy_9th_pre_req"": ""10451"", ""buy_9th_pre_req_pre"": ""0"", ""buy_10th_pre_bid"": ""-5510"", ""buy_10th_pre_req"": ""12702"", ""buy_10th_pre_req_pre"": ""0"", ""tot_sel_req_jub_pre"": ""0"", ""tot_sel_req"": ""10590"", ""tot_buy_req"": ""52723"", ""tot_buy_req_jub_pre"": ""+1"", ""ovt_sel_req_pre"": ""0"", ""ovt_sel_req"": ""0"", ""ovt_buy_req"": ""0"", ""ovt_buy_req_pre"": ""0"", ""return_code"": 0, ""return_msg"": ""정상적으로 처리되었습니다""}"
2026-06-10,scan_candidate,010690,,0,main_scan,10600,,10600,10590,10600,10600,-0.4716981132075472,0.09433962264150944,,,,,,"{""bid_req_base_tm"": ""111636"", ""sel_10th_pre_req_pre"": ""0"", ""sel_10th_pre_req"": ""702"", ""sel_10th_pre_bid"": ""+10690"", ""sel_9th_pre_req_pre"": ""0"", ""sel_9th_pre_req"": ""15"", ""sel_9th_pre_bid"": ""+10680"", ""sel_8th_pre_req_pre"": ""0"", ""sel_8th_pre_req"": ""123"", ""sel_8th_pre_bid"": ""+10670"", ""sel_7th_pre_req_pre"": ""0"", ""sel_7th_pre_req"": ""30"", ""sel_7th_pre_bid"": ""+10660"", ""sel_6th_pre_req_pre"": ""0"", ""sel_6th_pre_req"": ""80"", ""sel_6th_pre_bid"": ""+10650"", ""sel_5th_pre_req_pre"": ""0"", ""sel_5th_pre_req"": ""55"", ""sel_5th_pre_bid"": ""+10640"", ""sel_4th_pre_req_pre"": ""0"", ""sel_4th_pre_req"": ""46"", ""sel_4th_pre_bid"": ""+10630"", ""sel_3th_pre_req_pre"": ""0"", ""sel_3th_pre_req"": ""3"", ""sel_3th_pre_bid"": ""+10620"", ""sel_2th_pre_req_pre"": ""0"", ""sel_2th_pre_req"": ""106"", ""sel_2th_pre_bid"": ""+10610"", ""sel_1th_pre_req_pre"": ""0"", ""sel_fpr_req"": ""2"", ""sel_fpr_bid"": ""+10600"", ""buy_fpr_bid"": ""+10590"", ""buy_fpr_req"": ""874"", ""buy_1th_pre_req_pre"": ""+1"", ""buy_2th_pre_bid"": ""+10580"", ""buy_2th_pre_req"": ""511"", ""buy_2th_pre_req_pre"": ""0"", ""buy_3th_pre_bid"": ""+10570"", ""buy_3th_pre_req"": ""431"", ""buy_3th_pre_req_pre"": ""0"", ""buy_4th_pre_bid"": ""+10560"", ""buy_4th_pre_req"": ""131"", ""buy_4th_pre_req_pre"": ""0"", ""buy_5th_pre_bid"": ""+10550"", ""buy_5th_pre_req"": ""175"", ""buy_5th_pre_req_pre"": ""0"", ""buy_6th_pre_bid"": ""+10540"", ""buy_6th_pre_req"": ""452"", ""buy_6th_pre_req_pre"": ""0"", ""buy_7th_pre_bid"": ""+10530"", ""buy_7th_pre_req"": ""345"", ""buy_7th_pre_req_pre"": ""0"", ""buy_8th_pre_bid"": ""+10520"", ""buy_8th_pre_req"": ""543"", ""buy_8th_pre_req_pre"": ""0"", ""buy_9th_pre_bid"": ""+10510"", ""buy_9th_pre_req"": ""763"", ""buy_9th_pre_req_pre"": ""0"", ""buy_10th_pre_bid"": ""+10500"", ""buy_10th_pre_req"": ""3095"", ""buy_10th_pre_req_pre"": ""0"", ""tot_sel_req_jub_pre"": ""0"", ""tot_sel_req"": ""1162"", ""tot_buy_req"": ""7320"", ""tot_buy_req_jub_pre"": ""+1"", ""ovt_sel_req_pre"": ""0"", ""ovt_sel_req"": ""0"", ""ovt_buy_req"": ""0"", ""ovt_buy_req_pre"": ""0"", ""return_code"": 0, ""return_msg"": ""정상적으로 처리되었습니다""}"
2026-06-10,scan_candidate,005950,,0,main_scan,11930,,11930,11880,11930,11850,-1.0896898575020955,0.4191114836546521,,,,,,"{""bid_req_base_tm"": ""111636"", ""sel_10th_pre_req_pre"": ""0"", ""sel_10th_pre_req"": ""15"", ""sel_10th_pre_bid"": ""+12100"", ""sel_9th_pre_req_pre"": ""0"", ""sel_9th_pre_req"": ""2"", ""sel_9th_pre_bid"": ""+12090"", ""sel_8th_pre_req_pre"": ""0"", ""sel_8th_pre_req"": ""100"", ""sel_8th_pre_bid"": ""+12050"", ""sel_7th_pre_req_pre"": ""0"", ""sel_7th_pre_req"": ""91"", ""sel_7th_pre_bid"": ""+12010"", ""sel_6th_pre_req_pre"": ""0"", ""sel_6th_pre_req"": ""200"", ""sel_6th_pre_bid"": ""+12000"", ""sel_5th_pre_req_pre"": ""0"", ""sel_5th_pre_req"": ""1"", ""sel_5th_pre_bid"": ""+11990"", ""sel_4th_pre_req_pre"": ""0"", ""sel_4th_pre_req"": ""226"", ""sel_4th_pre_bid"": ""+11970"", ""sel_3th_pre_req_pre"": ""0"", ""sel_3th_pre_req"": ""216"", ""sel_3th_pre_bid"": ""+11950"", ""sel_2th_pre_req_pre"": ""0"", ""sel_2th_pre_req"": ""456"", ""sel_2th_pre_bid"": ""+11940"", ""sel_1th_pre_req_pre"": ""0"", ""sel_fpr_req"": ""2438"", ""sel_fpr_bid"": ""+11930"", ""buy_fpr_bid"": ""+11880"", ""buy_fpr_req"": ""128"", ""buy_1th_pre_req_pre"": ""--100"", ""buy_2th_pre_bid"": ""+11870"", ""buy_2th_pre_req"": ""107"", ""buy_2th_pre_req_pre"": ""0"", ""buy_3th_pre_bid"": ""+11860"", ""buy_3th_pre_req"": ""117"", ""buy_3th_pre_req_pre"": ""0"", ""buy_4th_pre_bid"": ""+11850"", ""buy_4th_pre_req"": ""150"", ""buy_4th_pre_req_pre"": ""0"", ""buy_5th_pre_bid"": ""+11840"", ""buy_5th_pre_req"": ""14"", ""buy_5th_pre_req_pre"": ""0"", ""buy_6th_pre_bid"": ""+11820"", ""buy_6th_pre_req"": ""10"", ""buy_6th_pre_req_pre"": ""0"", ""buy_7th_pre_bid"": ""+11810"", ""buy_7th_pre_req"": ""178"", ""buy_7th_pre_req_pre"": ""0"", ""buy_8th_pre_bid"": ""+11800"", ""buy_8th_pre_req"": ""2257"", ""buy_8th_pre_req_pre"": ""0"", ""buy_9th_pre_bid"": ""+11790"", ""buy_9th_pre_req"": ""25"", ""buy_9th_pre_req_pre"": ""0"", ""buy_10th_pre_bid"": ""+11780"", ""buy_10th_pre_req"": ""28"", ""buy_10th_pre_req_pre"": ""0"", ""tot_sel_req_jub_pre"": ""0"", ""tot_sel_req"": ""3745"", ""tot_buy_req"": ""3014"", ""tot_buy_req_jub_pre"": ""--100"", ""ovt_sel_req_pre"": ""0"", ""ovt_sel_req"": ""0"", ""ovt_buy_req"": ""0"", ""ovt_buy_req_pre"": ""0"", ""return_code"": 0, ""return_msg"": ""정상적으로 처리되었습니다""}"
2026-06-10,watchlist,014680,,0,filtered_candidate_recheck,259000,,259000,258500,259000,260500,0.3861003861003861,0.19305019305019305,,,,,,"{""bid_req_base_tm"": ""111817"", ""sel_10th_pre_req_pre"": ""0"", ""sel_10th_pre_req"": ""13"", ""sel_10th_pre_bid"": ""+263500"", ""sel_9th_pre_req_pre"": ""0"", ""sel_9th_pre_req"": ""10"", ""sel_9th_pre_bid"": ""+263000"", ""sel_8th_pre_req_pre"": ""0"", ""sel_8th_pre_req"": ""4"", ""sel_8th_pre_bid"": ""+262500"", ""sel_7th_pre_req_pre"": ""0"", ""sel_7th_pre_req"": ""2"", ""sel_7th_pre_bid"": ""+262000"", ""sel_6th_pre_req_pre"": ""0"", ""sel_6th_pre_req"": ""3"", ""sel_6th_pre_bid"": ""+261500"", ""sel_5th_pre_req_pre"": ""0"", ""sel_5th_pre_req"": ""5"", ""sel_5th_pre_bid"": ""+261000"", ""sel_4th_pre_req_pre"": ""0"", ""sel_4th_pre_req"": ""25"", ""sel_4th_pre_bid"": ""+260500"", ""sel_3th_pre_req_pre"": ""0"", ""sel_3th_pre_req"": ""20"", ""sel_3th_pre_bid"": ""+260000"", ""sel_2th_pre_req_pre"": ""0"", ""sel_2th_pre_req"": ""24"", ""sel_2th_pre_bid"": ""+259500"", ""sel_1th_pre_req_pre"": ""0"", ""sel_fpr_req"": ""90"", ""sel_fpr_bid"": ""+259000"", ""buy_fpr_bid"": ""+258500"", ""buy_fpr_req"": ""168"", ""buy_1th_pre_req_pre"": ""+2"", ""buy_2th_pre_bid"": ""+258000"", ""buy_2th_pre_req"": ""142"", ""buy_2th_pre_req_pre"": ""--2"", ""buy_3th_pre_bid"": ""+257500"", ""buy_3th_pre_req"": ""155"", ""buy_3th_pre_req_pre"": ""0"", ""buy_4th_pre_bid"": ""+257000"", ""buy_4th_pre_req"": ""166"", ""buy_4th_pre_req_pre"": ""0"", ""buy_5th_pre_bid"": ""+256500"", ""buy_5th_pre_req"": ""3"", ""buy_5th_pre_req_pre"": ""0"", ""buy_6th_pre_bid"": ""+256000"", ""buy_6th_pre_req"": ""46"", ""buy_6th_pre_req_pre"": ""0"", ""buy_7th_pre_bid"": ""+255500"", ""buy_7th_pre_req"": ""78"", ""buy_7th_pre_req_pre"": ""0"", ""buy_8th_pre_bid"": ""+255000"", ""buy_8th_pre_req"": ""3"", ""buy_8th_pre_req_pre"": ""0"", ""buy_9th_pre_bid"": ""+254500"", ""buy_9th_pre_req"": ""23"", ""buy_9th_pre_req_pre"": ""0"", ""buy_10th_pre_bid"": ""+254000"", ""buy_10th_pre_req"": ""26"", ""buy_10th_pre_req_pre"": ""0"", ""tot_sel_req_jub_pre"": ""0"", ""tot_sel_req"": ""196"", ""tot_buy_req"": ""810"", ""tot_buy_req_jub_pre"": ""0"", ""ovt_sel_req_pre"": ""0"", ""ovt_sel_req"": ""0"", ""ovt_buy_req"": ""0"", ""ovt_buy_req_pre"": ""0"", ""return_code"": 0, ""return_msg"": ""정상적으로 처리되었습니다""}"
2026-06-10,watchlist,035420,,1,filtered_candidate_recheck,232500,,232500,232000,232500,234000,0.43010752688172044,0.21505376344086022,,,,,,"{""bid_req_base_tm"": ""111822"", ""sel_10th_pre_req_pre"": ""0"", ""sel_10th_pre_req"": ""2220"", ""sel_10th_pre_bid"": ""-237000"", ""sel_9th_pre_req_pre"": ""0"", ""sel_9th_pre_req"": ""4026"", ""sel_9th_pre_bid"": ""-236500"", ""sel_8th_pre_req_pre"": ""0"", ""sel_8th_pre_req"": ""3341"", ""sel_8th_pre_bid"": ""-236000"", ""sel_7th_pre_req_pre"": ""0"", ""sel_7th_pre_req"": ""1969"", ""sel_7th_pre_bid"": ""-235500"", ""sel_6th_pre_req_pre"": ""0"", ""sel_6th_pre_req"": ""2458"", ""sel_6th_pre_bid"": ""-235000"", ""sel_5th_pre_req_pre"": ""0"", ""sel_5th_pre_req"": ""1507"", ""sel_5th_pre_bid"": ""-234500"", ""sel_4th_pre_req_pre"": ""0"", ""sel_4th_pre_req"": ""1333"", ""sel_4th_pre_bid"": ""-234000"", ""sel_3th_pre_req_pre"": ""0"", ""sel_3th_pre_req"": ""1579"", ""sel_3th_pre_bid"": ""-233500"", ""sel_2th_pre_req_pre"": ""0"", ""sel_2th_pre_req"": ""4196"", ""sel_2th_pre_bid"": ""-233000"", ""sel_1th_pre_req_pre"": ""0"", ""sel_fpr_req"": ""3073"", ""sel_fpr_bid"": ""-232500"", ""buy_fpr_bid"": ""-232000"", ""buy_fpr_req"": ""2624"", ""buy_1th_pre_req_pre"": ""--1"", ""buy_2th_pre_bid"": ""-231500"", ""buy_2th_pre_req"": ""13005"", ""buy_2th_pre_req_pre"": ""0"", ""buy_3th_pre_bid"": ""-231000"", ""buy_3th_pre_req"": ""11501"", ""buy_3th_pre_req_pre"": ""0"", ""buy_4th_pre_bid"": ""-230500"", ""buy_4th_pre_req"": ""20178"", ""buy_4th_pre_req_pre"": ""--1"", ""buy_5th_pre_bid"": ""-230000"", ""buy_5th_pre_req"": ""69982"", ""buy_5th_pre_req_pre"": ""0"", ""buy_6th_pre_bid"": ""-229500"", ""buy_6th_pre_req"": ""5217"", ""buy_6th_pre_req_pre"": ""+4"", ""buy_7th_pre_bid"": ""-229000"", ""buy_7th_pre_req"": ""7515"", ""buy_7th_pre_req_pre"": ""0"", ""buy_8th_pre_bid"": ""-228500"", ""buy_8th_pre_req"": ""10924"", ""buy_8th_pre_req_pre"": ""0"", ""buy_9th_pre_bid"": ""-228000"", ""buy_9th_pre_req"": ""5504"", ""buy_9th_pre_req_pre"": ""0"", ""buy_10th_pre_bid"": ""-227500"", ""buy_10th_pre_req"": ""2164"", ""buy_10th_pre_req_pre"": ""0"", ""tot_sel_req_jub_pre"": ""0"", ""tot_sel_req"": ""25702"", ""tot_buy_req"": ""148614"", ""tot_buy_req_jub_pre"": ""+2"", ""ovt_sel_req_pre"": ""0"", ""ovt_sel_req"": ""0"", ""ovt_buy_req"": ""0"", ""ovt_buy_req_pre"": ""0"", ""return_code"": 0, ""return_msg"": ""정상적으로 처리되었습니다""}"
2026-06-10,watchlist,036570,,0,filtered_candidate_recheck,257500,,257500,257000,257500,258500,0.1941747572815534,0.1941747572815534,,,,,,"{""bid_req_base_tm"": ""111822"", ""sel_10th_pre_req_pre"": ""0"", ""sel_10th_pre_req"": ""63"", ""sel_10th_pre_bid"": ""-262000"", ""sel_9th_pre_req_pre"": ""0"", ""sel_9th_pre_req"": ""23"", ""sel_9th_pre_bid"": ""-261500"", ""sel_8th_pre_req_pre"": ""0"", ""sel_8th_pre_req"": ""63"", ""sel_8th_pre_bid"": ""-261000"", ""sel_7th_pre_req_pre"": ""0"", ""sel_7th_pre_req"": ""11"", ""sel_7th_pre_bid"": ""-260500"", ""sel_6th_pre_req_pre"": ""0"", ""sel_6th_pre_req"": ""120"", ""sel_6th_pre_bid"": ""-260000"", ""sel_5th_pre_req_pre"": ""0"", ""sel_5th_pre_req"": ""50"", ""sel_5th_pre_bid"": ""-259500"", ""sel_4th_pre_req_pre"": ""0"", ""sel_4th_pre_req"": ""42"", ""sel_4th_pre_bid"": ""-259000"", ""sel_3th_pre_req_pre"": ""0"", ""sel_3th_pre_req"": ""56"", ""sel_3th_pre_bid"": ""-258500"", ""sel_2th_pre_req_pre"": ""0"", ""sel_2th_pre_req"": ""21"", ""sel_2th_pre_bid"": ""-258000"", ""sel_1th_pre_req_pre"": ""0"", ""sel_fpr_req"": ""247"", ""sel_fpr_bid"": ""-257500"", ""buy_fpr_bid"": ""-257000"", ""buy_fpr_req"": ""195"", ""buy_1th_pre_req_pre"": ""+4"", ""buy_2th_pre_bid"": ""-256500"", ""buy_2th_pre_req"": ""129"", ""buy_2th_pre_req_pre"": ""0"", ""buy_3th_pre_bid"": ""-256000"", ""buy_3th_pre_req"": ""247"", ""buy_3th_pre_req_pre"": ""0"", ""buy_4th_pre_bid"": ""-255500"", ""buy_4th_pre_req"": ""183"", ""buy_4th_pre_req_pre"": ""0"", ""buy_5th_pre_bid"": ""-255000"", ""buy_5th_pre_req"": ""323"", ""buy_5th_pre_req_pre"": ""0"", ""buy_6th_pre_bid"": ""-254500"", ""buy_6th_pre_req"": ""353"", ""buy_6th_pre_req_pre"": ""0"", ""buy_7th_pre_bid"": ""-254000"", ""buy_7th_pre_req"": ""359"", ""buy_7th_pre_req_pre"": ""0"", ""buy_8th_pre_bid"": ""-253500"", ""buy_8th_pre_req"": ""427"", ""buy_8th_pre_req_pre"": ""0"", ""buy_9th_pre_bid"": ""-253000"", ""buy_9th_pre_req"": ""738"", ""buy_9th_pre_req_pre"": ""0"", ""buy_10th_pre_bid"": ""-252500"", ""buy_10th_pre_req"": ""214"", ""buy_10th_pre_req_pre"": ""0"", ""tot_sel_req_jub_pre"": ""0"", ""tot_sel_req"": ""696"", ""tot_buy_req"": ""3168"", ""tot_buy_req_jub_pre"": ""+4"", ""ovt_sel_req_pre"": ""0"", ""ovt_sel_req"": ""0"", ""ovt_buy_req"": ""0"", ""ovt_buy_req_pre"": ""0"", ""return_code"": 0, ""return_msg"": ""정상적으로 처리되었습니다""}"
2026-06-10,watchlist,005090,,0,filtered_candidate_recheck,51700,,51700,51600,51700,51900,0.19342359767891684,0.19342359767891684,,,,,,"{""bid_req_base_tm"": ""111810"", ""sel_10th_pre_req_pre"": ""0"", ""sel_10th_pre_req"": ""16"", ""sel_10th_pre_bid"": ""+52600"", ""sel_9th_pre_req_pre"": ""0"", ""sel_9th_pre_req"": ""26"", ""sel_9th_pre_bid"": ""+52500"", ""sel_8th_pre_req_pre"": ""0"", ""sel_8th_pre_req"": ""24"", ""sel_8th_pre_bid"": ""+52400"", ""sel_7th_pre_req_pre"": ""0"", ""sel_7th_pre_req"": ""21"", ""sel_7th_pre_bid"": ""+52300"", ""sel_6th_pre_req_pre"": ""0"", ""sel_6th_pre_req"": ""22"", ""sel_6th_pre_bid"": ""+52200"", ""sel_5th_pre_req_pre"": ""0"", ""sel_5th_pre_req"": ""30"", ""sel_5th_pre_bid"": ""+52100"", ""sel_4th_pre_req_pre"": ""0"", ""sel_4th_pre_req"": ""6"", ""sel_4th_pre_bid"": ""+52000"", ""sel_3th_pre_req_pre"": ""0"", ""sel_3th_pre_req"": ""1"", ""sel_3th_pre_bid"": ""+51900"", ""sel_2th_pre_req_pre"": ""0"", ""sel_2th_pre_req"": ""56"", ""sel_2th_pre_bid"": ""+51800"", ""sel_1th_pre_req_pre"": ""0"", ""sel_fpr_req"": ""222"", ""sel_fpr_bid"": ""+51700"", ""buy_fpr_bid"": ""+51600"", ""buy_fpr_req"": ""57"", ""buy_1th_pre_req_pre"": ""0"", ""buy_2th_pre_bid"": ""+51500"", ""buy_2th_pre_req"": ""215"", ""buy_2th_pre_req_pre"": ""0"", ""buy_3th_pre_bid"": ""+51400"", ""buy_3th_pre_req"": ""150"", ""buy_3th_pre_req_pre"": ""0"", ""buy_4th_pre_bid"": ""+51300"", ""buy_4th_pre_req"": ""242"", ""buy_4th_pre_req_pre"": ""0"", ""buy_5th_pre_bid"": ""+51200"", ""buy_5th_pre_req"": ""1425"", ""buy_5th_pre_req_pre"": ""0"", ""buy_6th_pre_bid"": ""+51100"", ""buy_6th_pre_req"": ""149"", ""buy_6th_pre_req_pre"": ""0"", ""buy_7th_pre_bid"": ""+51000"", ""buy_7th_pre_req"": ""429"", ""buy_7th_pre_req_pre"": ""0"", ""buy_8th_pre_bid"": ""+50900"", ""buy_8th_pre_req"": ""225"", ""buy_8th_pre_req_pre"": ""0"", ""buy_9th_pre_bid"": ""+50800"", ""buy_9th_pre_req"": ""702"", ""buy_9th_pre_req_pre"": ""0"", ""buy_10th_pre_bid"": ""+50700"", ""buy_10th_pre_req"": ""271"", ""buy_10th_pre_req_pre"": ""0"", ""tot_sel_req_jub_pre"": ""0"", ""tot_sel_req"": ""424"", ""tot_buy_req"": ""3865"", ""tot_buy_req_jub_pre"": ""0"", ""ovt_sel_req_pre"": ""0"", ""ovt_sel_req"": ""0"", ""ovt_buy_req"": ""0"", ""ovt_buy_req_pre"": ""0"", ""return_code"": 0, ""return_msg"": ""정상적으로 처리되었습니다""}"
2026-06-10,watchlist,066570,,0,filtered_candidate_recheck,231000,,231000,230500,231000,231500,0.0,0.21645021645021645,,,,,,"{""bid_req_base_tm"": ""111823"", ""sel_10th_pre_req_pre"": ""0"", ""sel_10th_pre_req"": ""2504"", ""sel_10th_pre_bid"": ""-235500"", ""sel_9th_pre_req_pre"": ""0"", ""sel_9th_pre_req"": ""3485"", ""sel_9th_pre_bid"": ""-235000"", ""sel_8th_pre_req_pre"": ""0"", ""sel_8th_pre_req"": ""1890"", ""sel_8th_pre_bid"": ""-234500"", ""sel_7th_pre_req_pre"": ""0"", ""sel_7th_pre_req"": ""841"", ""sel_7th_pre_bid"": ""-234000"", ""sel_6th_pre_req_pre"": ""0"", ""sel_6th_pre_req"": ""4050"", ""sel_6th_pre_bid"": ""-233500"", ""sel_5th_pre_req_pre"": ""0"", ""sel_5th_pre_req"": ""1940"", ""sel_5th_pre_bid"": ""-233000"", ""sel_4th_pre_req_pre"": ""0"", ""sel_4th_pre_req"": ""1141"", ""sel_4th_pre_bid"": ""-232500"", ""sel_3th_pre_req_pre"": ""0"", ""sel_3th_pre_req"": ""1487"", ""sel_3th_pre_bid"": ""-232000"", ""sel_2th_pre_req_pre"": ""0"", ""sel_2th_pre_req"": ""2016"", ""sel_2th_pre_bid"": ""-231500"", ""sel_1th_pre_req_pre"": ""0"", ""sel_fpr_req"": ""3076"", ""sel_fpr_bid"": ""-231000"", ""buy_fpr_bid"": ""-230500"", ""buy_fpr_req"": ""208"", ""buy_1th_pre_req_pre"": ""+1"", ""buy_2th_pre_bid"": ""-230000"", ""buy_2th_pre_req"": ""1890"", ""buy_2th_pre_req_pre"": ""+2"", ""buy_3th_pre_bid"": ""-229500"", ""buy_3th_pre_req"": ""2135"", ""buy_3th_pre_req_pre"": ""0"", ""buy_4th_pre_bid"": ""-229000"", ""buy_4th_pre_req"": ""2839"", ""buy_4th_pre_req_pre"": ""0"", ""buy_5th_pre_bid"": ""-228500"", ""buy_5th_pre_req"": ""8247"", ""buy_5th_pre_req_pre"": ""0"", ""buy_6th_pre_bid"": ""-228000"", ""buy_6th_pre_req"": ""13372"", ""buy_6th_pre_req_pre"": ""0"", ""buy_7th_pre_bid"": ""-227500"", ""buy_7th_pre_req"": ""6086"", ""buy_7th_pre_req_pre"": ""0"", ""buy_8th_pre_bid"": ""-227000"", ""buy_8th_pre_req"": ""55089"", ""buy_8th_pre_req_pre"": ""0"", ""buy_9th_pre_bid"": ""-226500"", ""buy_9th_pre_req"": ""4351"", ""buy_9th_pre_req_pre"": ""0"", ""buy_10th_pre_bid"": ""-226000"", ""buy_10th_pre_req"": ""4547"", ""buy_10th_pre_req_pre"": ""0"", ""tot_sel_req_jub_pre"": ""0"", ""tot_sel_req"": ""22430"", ""tot_buy_req"": ""98764"", ""tot_buy_req_jub_pre"": ""+3"", ""ovt_sel_req_pre"": ""0"", ""ovt_sel_req"": ""0"", ""ovt_buy_req"": ""0"", ""ovt_buy_req_pre"": ""0"", ""return_code"": 0, ""return_msg"": ""정상적으로 처리되었습니다""}"
2026-06-10,watchlist,028670,,1,filtered_candidate_recheck,4975,,4975,4970,4975,4980,0.0,0.10050251256281408,,,,,,"{""bid_req_base_tm"": ""111823"", ""sel_10th_pre_req_pre"": ""0"", ""sel_10th_pre_req"": ""637"", ""sel_10th_pre_bid"": ""-5040"", ""sel_9th_pre_req_pre"": ""0"", ""sel_9th_pre_req"": ""319"", ""sel_9th_pre_bid"": ""-5030"", ""sel_8th_pre_req_pre"": ""0"", ""sel_8th_pre_req"": ""5664"", ""sel_8th_pre_bid"": ""-5020"", ""sel_7th_pre_req_pre"": ""0"", ""sel_7th_pre_req"": ""58"", ""sel_7th_pre_bid"": ""-5010"", ""sel_6th_pre_req_pre"": ""0"", ""sel_6th_pre_req"": ""2004"", ""sel_6th_pre_bid"": ""-5000"", ""sel_5th_pre_req_pre"": ""0"", ""sel_5th_pre_req"": ""2163"", ""sel_5th_pre_bid"": ""-4995"", ""sel_4th_pre_req_pre"": ""0"", ""sel_4th_pre_req"": ""342"", ""sel_4th_pre_bid"": ""-4990"", ""sel_3th_pre_req_pre"": ""0"", ""sel_3th_pre_req"": ""506"", ""sel_3th_pre_bid"": ""-4985"", ""sel_2th_pre_req_pre"": ""0"", ""sel_2th_pre_req"": ""1429"", ""sel_2th_pre_bid"": ""-4980"", ""sel_1th_pre_req_pre"": ""0"", ""sel_fpr_req"": ""11721"", ""sel_fpr_bid"": ""-4975"", ""buy_fpr_bid"": ""-4970"", ""buy_fpr_req"": ""4331"", ""buy_1th_pre_req_pre"": ""--322"", ""buy_2th_pre_bid"": ""-4965"", ""buy_2th_pre_req"": ""2516"", ""buy_2th_pre_req_pre"": ""0"", ""buy_3th_pre_bid"": ""-4960"", ""buy_3th_pre_req"": ""2554"", ""buy_3th_pre_req_pre"": ""0"", ""buy_4th_pre_bid"": ""-4955"", ""buy_4th_pre_req"": ""2289"", ""buy_4th_pre_req_pre"": ""0"", ""buy_5th_pre_bid"": ""-4950"", ""buy_5th_pre_req"": ""9141"", ""buy_5th_pre_req_pre"": ""0"", ""buy_6th_pre_bid"": ""-4945"", ""buy_6th_pre_req"": ""147"", ""buy_6th_pre_req_pre"": ""0"", ""buy_7th_pre_bid"": ""-4940"", ""buy_7th_pre_req"": ""219"", ""buy_7th_pre_req_pre"": ""0"", ""buy_8th_pre_bid"": ""-4935"", ""buy_8th_pre_req"": ""2026"", ""buy_8th_pre_req_pre"": ""0"", ""buy_9th_pre_bid"": ""-4930"", ""buy_9th_pre_req"": ""1413"", ""buy_9th_pre_req_pre"": ""0"", ""buy_10th_pre_bid"": ""-4925"", ""buy_10th_pre_req"": ""38"", ""buy_10th_pre_req_pre"": ""0"", ""tot_sel_req_jub_pre"": ""0"", ""tot_sel_req"": ""24843"", ""tot_buy_req"": ""24674"", ""tot_buy_req_jub_pre"": ""--322"", ""ovt_sel_req_pre"": ""0"", ""ovt_sel_req"": ""0"", ""ovt_buy_req"": ""0"", ""ovt_buy_req_pre"": ""0"", ""return_code"": 0, ""return_msg"": ""정상적으로 처리되었습니다""}"
2026-06-10,watchlist,004990,,0,filtered_candidate_recheck,25800,,25800,25750,25800,25700,-0.5813953488372093,0.1937984496124031,,,,,,"{""bid_req_base_tm"": ""111822"", ""sel_10th_pre_req_pre"": ""0"", ""sel_10th_pre_req"": ""135"", ""sel_10th_pre_bid"": ""+26250"", ""sel_9th_pre_req_pre"": ""0"", ""sel_9th_pre_req"": ""168"", ""sel_9th_pre_bid"": ""+26200"", ""sel_8th_pre_req_pre"": ""0"", ""sel_8th_pre_req"": ""3090"", ""sel_8th_pre_bid"": ""26150"", ""sel_7th_pre_req_pre"": ""0"", ""sel_7th_pre_req"": ""428"", ""sel_7th_pre_bid"": ""-26100"", ""sel_6th_pre_req_pre"": ""0"", ""sel_6th_pre_req"": ""264"", ""sel_6th_pre_bid"": ""-26050"", ""sel_5th_pre_req_pre"": ""0"", ""sel_5th_pre_req"": ""67"", ""sel_5th_pre_bid"": ""-26000"", ""sel_4th_pre_req_pre"": ""0"", ""sel_4th_pre_req"": ""36"", ""sel_4th_pre_bid"": ""-25950"", ""sel_3th_pre_req_pre"": ""0"", ""sel_3th_pre_req"": ""127"", ""sel_3th_pre_bid"": ""-25900"", ""sel_2th_pre_req_pre"": ""0"", ""sel_2th_pre_req"": ""582"", ""sel_2th_pre_bid"": ""-25850"", ""sel_1th_pre_req_pre"": ""+38"", ""sel_fpr_req"": ""128"", ""sel_fpr_bid"": ""-25800"", ""buy_fpr_bid"": ""-25750"", ""buy_fpr_req"": ""193"", ""buy_1th_pre_req_pre"": ""--25"", ""buy_2th_pre_bid"": ""-25700"", ""buy_2th_pre_req"": ""129"", ""buy_2th_pre_req_pre"": ""0"", ""buy_3th_pre_bid"": ""-25650"", ""buy_3th_pre_req"": ""86"", ""buy_3th_pre_req_pre"": ""0"", ""buy_4th_pre_bid"": ""-25600"", ""buy_4th_pre_req"": ""295"", ""buy_4th_pre_req_pre"": ""0"", ""buy_5th_pre_bid"": ""-25550"", ""buy_5th_pre_req"": ""637"", ""buy_5th_pre_req_pre"": ""0"", ""buy_6th_pre_bid"": ""-25500"", ""buy_6th_pre_req"": ""975"", ""buy_6th_pre_req_pre"": ""0"", ""buy_7th_pre_bid"": ""-25450"", ""buy_7th_pre_req"": ""167"", ""buy_7th_pre_req_pre"": ""0"", ""buy_8th_pre_bid"": ""-25400"", ""buy_8th_pre_req"": ""650"", ""buy_8th_pre_req_pre"": ""0"", ""buy_9th_pre_bid"": ""-25350"", ""buy_9th_pre_req"": ""391"", ""buy_9th_pre_req_pre"": ""0"", ""buy_10th_pre_bid"": ""-25300"", ""buy_10th_pre_req"": ""406"", ""buy_10th_pre_req_pre"": ""0"", ""tot_sel_req_jub_pre"": ""+38"", ""tot_sel_req"": ""5025"", ""tot_buy_req"": ""3929"", ""tot_buy_req_jub_pre"": ""--25"", ""ovt_sel_req_pre"": ""0"", ""ovt_sel_req"": ""0"", ""ovt_buy_req"": ""0"", ""ovt_buy_req_pre"": ""0"", ""return_code"": 0, ""return_msg"": ""정상적으로 처리되었습니다""}"
2026-06-10,watchlist,081660,,0,filtered_candidate_recheck,40450,,40450,40300,40450,40450,-0.12360939431396785,0.3708281829419036,,,,,,"{""bid_req_base_tm"": ""111822"", ""sel_10th_pre_req_pre"": ""0"", ""sel_10th_pre_req"": ""362"", ""sel_10th_pre_bid"": ""+41000"", ""sel_9th_pre_req_pre"": ""0"", ""sel_9th_pre_req"": ""303"", ""sel_9th_pre_bid"": ""+40950"", ""sel_8th_pre_req_pre"": ""0"", ""sel_8th_pre_req"": ""176"", ""sel_8th_pre_bid"": ""+40900"", ""sel_7th_pre_req_pre"": ""0"", ""sel_7th_pre_req"": ""136"", ""sel_7th_pre_bid"": ""+40800"", ""sel_6th_pre_req_pre"": ""0"", ""sel_6th_pre_req"": ""13"", ""sel_6th_pre_bid"": ""+40750"", ""sel_5th_pre_req_pre"": ""0"", ""sel_5th_pre_req"": ""70"", ""sel_5th_pre_bid"": ""+40700"", ""sel_4th_pre_req_pre"": ""0"", ""sel_4th_pre_req"": ""75"", ""sel_4th_pre_bid"": ""+40600"", ""sel_3th_pre_req_pre"": ""0"", ""sel_3th_pre_req"": ""251"", ""sel_3th_pre_bid"": ""+40550"", ""sel_2th_pre_req_pre"": ""0"", ""sel_2th_pre_req"": ""384"", ""sel_2th_pre_bid"": ""+40500"", ""sel_1th_pre_req_pre"": ""--38"", ""sel_fpr_req"": ""36"", ""sel_fpr_bid"": ""+40450"", ""buy_fpr_bid"": ""+40300"", ""buy_fpr_req"": ""525"", ""buy_1th_pre_req_pre"": ""0"", ""buy_2th_pre_bid"": ""+40200"", ""buy_2th_pre_req"": ""36"", ""buy_2th_pre_req_pre"": ""0"", ""buy_3th_pre_bid"": ""+40150"", ""buy_3th_pre_req"": ""70"", ""buy_3th_pre_req_pre"": ""0"", ""buy_4th_pre_bid"": ""+40100"", ""buy_4th_pre_req"": ""124"", ""buy_4th_pre_req_pre"": ""0"", ""buy_5th_pre_bid"": ""+40050"", ""buy_5th_pre_req"": ""294"", ""buy_5th_pre_req_pre"": ""0"", ""buy_6th_pre_bid"": ""+40000"", ""buy_6th_pre_req"": ""517"", ""buy_6th_pre_req_pre"": ""0"", ""buy_7th_pre_bid"": ""+39950"", ""buy_7th_pre_req"": ""500"", ""buy_7th_pre_req_pre"": ""0"", ""buy_8th_pre_bid"": ""+39900"", ""buy_8th_pre_req"": ""2"", ""buy_8th_pre_req_pre"": ""0"", ""buy_9th_pre_bid"": ""+39850"", ""buy_9th_pre_req"": ""1"", ""buy_9th_pre_req_pre"": ""0"", ""buy_10th_pre_bid"": ""+39800"", ""buy_10th_pre_req"": ""5"", ""buy_10th_pre_req_pre"": ""0"", ""tot_sel_req_jub_pre"": ""--38"", ""tot_sel_req"": ""1806"", ""tot_buy_req"": ""2074"", ""tot_buy_req_jub_pre"": ""0"", ""ovt_sel_req_pre"": ""0"", ""ovt_sel_req"": ""0"", ""ovt_buy_req"": ""0"", ""ovt_buy_req_pre"": ""0"", ""return_code"": 0, ""return_msg"": ""정상적으로 처리되었습니다""}"
2026-06-10,watchlist,008770,,0,filtered_candidate_recheck,55800,,55800,55700,55800,55400,-0.8960573476702508,0.17921146953405018,,,,,,"{""bid_req_base_tm"": ""111823"", ""sel_10th_pre_req_pre"": ""0"", ""sel_10th_pre_req"": ""86"", ""sel_10th_pre_bid"": ""+56700"", ""sel_9th_pre_req_pre"": ""0"", ""sel_9th_pre_req"": ""130"", ""sel_9th_pre_bid"": ""+56600"", ""sel_8th_pre_req_pre"": ""0"", ""sel_8th_pre_req"": ""932"", ""sel_8th_pre_bid"": ""+56500"", ""sel_7th_pre_req_pre"": ""0"", ""sel_7th_pre_req"": ""359"", ""sel_7th_pre_bid"": ""+56400"", ""sel_6th_pre_req_pre"": ""0"", ""sel_6th_pre_req"": ""134"", ""sel_6th_pre_bid"": ""+56300"", ""sel_5th_pre_req_pre"": ""0"", ""sel_5th_pre_req"": ""153"", ""sel_5th_pre_bid"": ""+56200"", ""sel_4th_pre_req_pre"": ""0"", ""sel_4th_pre_req"": ""628"", ""sel_4th_pre_bid"": ""+56100"", ""sel_3th_pre_req_pre"": ""0"", ""sel_3th_pre_req"": ""593"", ""sel_3th_pre_bid"": ""+56000"", ""sel_2th_pre_req_pre"": ""0"", ""sel_2th_pre_req"": ""250"", ""sel_2th_pre_bid"": ""+55900"", ""sel_1th_pre_req_pre"": ""+66"", ""sel_fpr_req"": ""205"", ""sel_fpr_bid"": ""+55800"", ""buy_fpr_bid"": ""+55700"", ""buy_fpr_req"": ""84"", ""buy_1th_pre_req_pre"": ""0"", ""buy_2th_pre_bid"": ""+55600"", ""buy_2th_pre_req"": ""93"", ""buy_2th_pre_req_pre"": ""0"", ""buy_3th_pre_bid"": ""+55500"", ""buy_3th_pre_req"": ""133"", ""buy_3th_pre_req_pre"": ""0"", ""buy_4th_pre_bid"": ""+55400"", ""buy_4th_pre_req"": ""38"", ""buy_4th_pre_req_pre"": ""0"", ""buy_5th_pre_bid"": ""+55300"", ""buy_5th_pre_req"": ""72"", ""buy_5th_pre_req_pre"": ""0"", ""buy_6th_pre_bid"": ""55200"", ""buy_6th_pre_req"": ""48"", ""buy_6th_pre_req_pre"": ""0"", ""buy_7th_pre_bid"": ""-55100"", ""buy_7th_pre_req"": ""162"", ""buy_7th_pre_req_pre"": ""0"", ""buy_8th_pre_bid"": ""-55000"", ""buy_8th_pre_req"": ""429"", ""buy_8th_pre_req_pre"": ""0"", ""buy_9th_pre_bid"": ""-54900"", ""buy_9th_pre_req"": ""56"", ""buy_9th_pre_req_pre"": ""0"", ""buy_10th_pre_bid"": ""-54800"", ""buy_10th_pre_req"": ""168"", ""buy_10th_pre_req_pre"": ""0"", ""tot_sel_req_jub_pre"": ""+66"", ""tot_sel_req"": ""3470"", ""tot_buy_req"": ""1283"", ""tot_buy_req_jub_pre"": ""0"", ""ovt_sel_req_pre"": ""0"", ""ovt_sel_req"": ""0"", ""ovt_buy_req"": ""0"", ""ovt_buy_req_pre"": ""0"", ""return_code"": 0, ""return_msg"": ""정상적으로 처리되었습니다""}"
2026-06-10,watchlist,012330,,0,filtered_candidate_recheck,573000,,573000,572000,573000,576000,0.34904013961605584,0.17452006980802792,,,,,,"{""bid_req_base_tm"": ""111824"", ""sel_10th_pre_req_pre"": ""0"", ""sel_10th_pre_req"": ""171"", ""sel_10th_pre_bid"": ""-582000"", ""sel_9th_pre_req_pre"": ""0"", ""sel_9th_pre_req"": ""137"", ""sel_9th_pre_bid"": ""-581000"", ""sel_8th_pre_req_pre"": ""0"", ""sel_8th_pre_req"": ""189"", ""sel_8th_pre_bid"": ""-580000"", ""sel_7th_pre_req_pre"": ""0"", ""sel_7th_pre_req"": ""14"", ""sel_7th_pre_bid"": ""-579000"", ""sel_6th_pre_req_pre"": ""0"", ""sel_6th_pre_req"": ""128"", ""sel_6th_pre_bid"": ""-578000"", ""sel_5th_pre_req_pre"": ""0"", ""sel_5th_pre_req"": ""301"", ""sel_5th_pre_bid"": ""-577000"", ""sel_4th_pre_req_pre"": ""0"", ""sel_4th_pre_req"": ""82"", ""sel_4th_pre_bid"": ""-576000"", ""sel_3th_pre_req_pre"": ""0"", ""sel_3th_pre_req"": ""304"", ""sel_3th_pre_bid"": ""-575000"", ""sel_2th_pre_req_pre"": ""0"", ""sel_2th_pre_req"": ""525"", ""sel_2th_pre_bid"": ""-574000"", ""sel_1th_pre_req_pre"": ""0"", ""sel_fpr_req"": ""377"", ""sel_fpr_bid"": ""-573000"", ""buy_fpr_bid"": ""-572000"", ""buy_fpr_req"": ""798"", ""buy_1th_pre_req_pre"": ""0"", ""buy_2th_pre_bid"": ""-571000"", ""buy_2th_pre_req"": ""2540"", ""buy_2th_pre_req_pre"": ""0"", ""buy_3th_pre_bid"": ""-570000"", ""buy_3th_pre_req"": ""5811"", ""buy_3th_pre_req_pre"": ""0"", ""buy_4th_pre_bid"": ""-569000"", ""buy_4th_pre_req"": ""2983"", ""buy_4th_pre_req_pre"": ""0"", ""buy_5th_pre_bid"": ""-568000"", ""buy_5th_pre_req"": ""1025"", ""buy_5th_pre_req_pre"": ""0"", ""buy_6th_pre_bid"": ""-567000"", ""buy_6th_pre_req"": ""751"", ""buy_6th_pre_req_pre"": ""0"", ""buy_7th_pre_bid"": ""-566000"", ""buy_7th_pre_req"": ""1521"", ""buy_7th_pre_req_pre"": ""0"", ""buy_8th_pre_bid"": ""-565000"", ""buy_8th_pre_req"": ""2074"", ""buy_8th_pre_req_pre"": ""0"", ""buy_9th_pre_bid"": ""-564000"", ""buy_9th_pre_req"": ""552"", ""buy_9th_pre_req_pre"": ""0"", ""buy_10th_pre_bid"": ""-563000"", ""buy_10th_pre_req"": ""2136"", ""buy_10th_pre_req_pre"": ""0"", ""tot_sel_req_jub_pre"": ""0"", ""tot_sel_req"": ""2228"", ""tot_buy_req"": ""20191"", ""tot_buy_req_jub_pre"": ""0"", ""ovt_sel_req_pre"": ""0"", ""ovt_sel_req"": ""0"", ""ovt_buy_req"": ""0"", ""ovt_buy_req_pre"": ""0"", ""return_code"": 0, ""return_msg"": ""정상적으로 처리되었습니다""}"
2026-06-10,watchlist,009155,,0,filtered_candidate_recheck,597000,,597000,596000,597000,602000,0.6700167504187605,0.16750418760469013,,,,,,"{""bid_req_base_tm"": ""111824"", ""sel_10th_pre_req_pre"": ""0"", ""sel_10th_pre_req"": ""12"", ""sel_10th_pre_bid"": ""-610000"", ""sel_9th_pre_req_pre"": ""0"", ""sel_9th_pre_req"": ""40"", ""sel_9th_pre_bid"": ""-609000"", ""sel_8th_pre_req_pre"": ""0"", ""sel_8th_pre_req"": ""11"", ""sel_8th_pre_bid"": ""-608000"", ""sel_7th_pre_req_pre"": ""0"", ""sel_7th_pre_req"": ""34"", ""sel_7th_pre_bid"": ""-605000"", ""sel_6th_pre_req_pre"": ""0"", ""sel_6th_pre_req"": ""4"", ""sel_6th_pre_bid"": ""-604000"", ""sel_5th_pre_req_pre"": ""0"", ""sel_5th_pre_req"": ""3"", ""sel_5th_pre_bid"": ""-603000"", ""sel_4th_pre_req_pre"": ""0"", ""sel_4th_pre_req"": ""25"", ""sel_4th_pre_bid"": ""-602000"", ""sel_3th_pre_req_pre"": ""0"", ""sel_3th_pre_req"": ""10"", ""sel_3th_pre_bid"": ""-601000"", ""sel_2th_pre_req_pre"": ""0"", ""sel_2th_pre_req"": ""33"", ""sel_2th_pre_bid"": ""-599000"", ""sel_1th_pre_req_pre"": ""--1"", ""sel_fpr_req"": ""28"", ""sel_fpr_bid"": ""-597000"", ""buy_fpr_bid"": ""-596000"", ""buy_fpr_req"": ""39"", ""buy_1th_pre_req_pre"": ""0"", ""buy_2th_pre_bid"": ""-595000"", ""buy_2th_pre_req"": ""307"", ""buy_2th_pre_req_pre"": ""0"", ""buy_3th_pre_bid"": ""-594000"", ""buy_3th_pre_req"": ""89"", ""buy_3th_pre_req_pre"": ""0"", ""buy_4th_pre_bid"": ""-593000"", ""buy_4th_pre_req"": ""71"", ""buy_4th_pre_req_pre"": ""0"", ""buy_5th_pre_bid"": ""-592000"", ""buy_5th_pre_req"": ""35"", ""buy_5th_pre_req_pre"": ""0"", ""buy_6th_pre_bid"": ""-591000"", ""buy_6th_pre_req"": ""186"", ""buy_6th_pre_req_pre"": ""0"", ""buy_7th_pre_bid"": ""-590000"", ""buy_7th_pre_req"": ""403"", ""buy_7th_pre_req_pre"": ""0"", ""buy_8th_pre_bid"": ""-589000"", ""buy_8th_pre_req"": ""67"", ""buy_8th_pre_req_pre"": ""0"", ""buy_9th_pre_bid"": ""-588000"", ""buy_9th_pre_req"": ""86"", ""buy_9th_pre_req_pre"": ""0"", ""buy_10th_pre_bid"": ""-587000"", ""buy_10th_pre_req"": ""44"", ""buy_10th_pre_req_pre"": ""0"", ""tot_sel_req_jub_pre"": ""--1"", ""tot_sel_req"": ""200"", ""tot_buy_req"": ""1327"", ""tot_buy_req_jub_pre"": ""0"", ""ovt_sel_req_pre"": ""0"", ""ovt_sel_req"": ""0"", ""ovt_buy_req"": ""0"", ""ovt_buy_req_pre"": ""0"", ""return_code"": 0, ""return_msg"": ""정상적으로 처리되었습니다""}"
2026-06-10,watchlist,181710,,1,filtered_candidate_recheck,40500,,40500,40450,40500,40600,0.12345679012345678,0.12345679012345678,,,,,,"{""bid_req_base_tm"": ""111824"", ""sel_10th_pre_req_pre"": ""0"", ""sel_10th_pre_req"": ""70"", ""sel_10th_pre_bid"": ""-41050"", ""sel_9th_pre_req_pre"": ""0"", ""sel_9th_pre_req"": ""60"", ""sel_9th_pre_bid"": ""-41000"", ""sel_8th_pre_req_pre"": ""0"", ""sel_8th_pre_req"": ""50"", ""sel_8th_pre_bid"": ""-40950"", ""sel_7th_pre_req_pre"": ""0"", ""sel_7th_pre_req"": ""5"", ""sel_7th_pre_bid"": ""-40800"", ""sel_6th_pre_req_pre"": ""0"", ""sel_6th_pre_req"": ""371"", ""sel_6th_pre_bid"": ""-40750"", ""sel_5th_pre_req_pre"": ""0"", ""sel_5th_pre_req"": ""77"", ""sel_5th_pre_bid"": ""-40700"", ""sel_4th_pre_req_pre"": ""0"", ""sel_4th_pre_req"": ""100"", ""sel_4th_pre_bid"": ""-40650"", ""sel_3th_pre_req_pre"": ""0"", ""sel_3th_pre_req"": ""22"", ""sel_3th_pre_bid"": ""-40600"", ""sel_2th_pre_req_pre"": ""--1"", ""sel_2th_pre_req"": ""13"", ""sel_2th_pre_bid"": ""-40550"", ""sel_1th_pre_req_pre"": ""--1"", ""sel_fpr_req"": ""99"", ""sel_fpr_bid"": ""-40500"", ""buy_fpr_bid"": ""-40450"", ""buy_fpr_req"": ""143"", ""buy_1th_pre_req_pre"": ""0"", ""buy_2th_pre_bid"": ""-40400"", ""buy_2th_pre_req"": ""138"", ""buy_2th_pre_req_pre"": ""0"", ""buy_3th_pre_bid"": ""-40350"", ""buy_3th_pre_req"": ""101"", ""buy_3th_pre_req_pre"": ""0"", ""buy_4th_pre_bid"": ""-40300"", ""buy_4th_pre_req"": ""113"", ""buy_4th_pre_req_pre"": ""0"", ""buy_5th_pre_bid"": ""-40250"", ""buy_5th_pre_req"": ""157"", ""buy_5th_pre_req_pre"": ""0"", ""buy_6th_pre_bid"": ""-40200"", ""buy_6th_pre_req"": ""101"", ""buy_6th_pre_req_pre"": ""0"", ""buy_7th_pre_bid"": ""-40150"", ""buy_7th_pre_req"": ""1222"", ""buy_7th_pre_req_pre"": ""0"", ""buy_8th_pre_bid"": ""-40100"", ""buy_8th_pre_req"": ""441"", ""buy_8th_pre_req_pre"": ""0"", ""buy_9th_pre_bid"": ""-40050"", ""buy_9th_pre_req"": ""27"", ""buy_9th_pre_req_pre"": ""0"", ""buy_10th_pre_bid"": ""-40000"", ""buy_10th_pre_req"": ""659"", ""buy_10th_pre_req_pre"": ""0"", ""tot_sel_req_jub_pre"": ""--2"", ""tot_sel_req"": ""867"", ""tot_buy_req"": ""3102"", ""tot_buy_req_jub_pre"": ""0"", ""ovt_sel_req_pre"": ""0"", ""ovt_sel_req"": ""0"", ""ovt_buy_req"": ""0"", ""ovt_buy_req_pre"": ""0"", ""return_code"": 0, ""return_msg"": ""정상적으로 처리되었습니다""}"
2026-06-10,watchlist,085620,,0,filtered_candidate_recheck,22650,,22650,22600,22650,22500,-0.8830022075055187,0.22075055187637968,,,,,,"{""bid_req_base_tm"": ""111824"", ""sel_10th_pre_req_pre"": ""0"", ""sel_10th_pre_req"": ""299"", ""sel_10th_pre_bid"": ""-23100"", ""sel_9th_pre_req_pre"": ""0"", ""sel_9th_pre_req"": ""2639"", ""sel_9th_pre_bid"": ""-23050"", ""sel_8th_pre_req_pre"": ""0"", ""sel_8th_pre_req"": ""5141"", ""sel_8th_pre_bid"": ""-23000"", ""sel_7th_pre_req_pre"": ""0"", ""sel_7th_pre_req"": ""2519"", ""sel_7th_pre_bid"": ""-22950"", ""sel_6th_pre_req_pre"": ""0"", ""sel_6th_pre_req"": ""4376"", ""sel_6th_pre_bid"": ""-22900"", ""sel_5th_pre_req_pre"": ""0"", ""sel_5th_pre_req"": ""1892"", ""sel_5th_pre_bid"": ""-22850"", ""sel_4th_pre_req_pre"": ""0"", ""sel_4th_pre_req"": ""2100"", ""sel_4th_pre_bid"": ""-22800"", ""sel_3th_pre_req_pre"": ""0"", ""sel_3th_pre_req"": ""2160"", ""sel_3th_pre_bid"": ""-22750"", ""sel_2th_pre_req_pre"": ""0"", ""sel_2th_pre_req"": ""1051"", ""sel_2th_pre_bid"": ""-22700"", ""sel_1th_pre_req_pre"": ""0"", ""sel_fpr_req"": ""126"", ""sel_fpr_bid"": ""-22650"", ""buy_fpr_bid"": ""-22600"", ""buy_fpr_req"": ""631"", ""buy_1th_pre_req_pre"": ""+50"", ""buy_2th_pre_bid"": ""-22550"", ""buy_2th_pre_req"": ""120"", ""buy_2th_pre_req_pre"": ""0"", ""buy_3th_pre_bid"": ""-22500"", ""buy_3th_pre_req"": ""72"", ""buy_3th_pre_req_pre"": ""0"", ""buy_4th_pre_bid"": ""-22450"", ""buy_4th_pre_req"": ""261"", ""buy_4th_pre_req_pre"": ""0"", ""buy_5th_pre_bid"": ""-22400"", ""buy_5th_pre_req"": ""204"", ""buy_5th_pre_req_pre"": ""0"", ""buy_6th_pre_bid"": ""-22350"", ""buy_6th_pre_req"": ""613"", ""buy_6th_pre_req_pre"": ""0"", ""buy_7th_pre_bid"": ""-22300"", ""buy_7th_pre_req"": ""1082"", ""buy_7th_pre_req_pre"": ""0"", ""buy_8th_pre_bid"": ""-22250"", ""buy_8th_pre_req"": ""480"", ""buy_8th_pre_req_pre"": ""0"", ""buy_9th_pre_bid"": ""-22200"", ""buy_9th_pre_req"": ""2016"", ""buy_9th_pre_req_pre"": ""0"", ""buy_10th_pre_bid"": ""-22150"", ""buy_10th_pre_req"": ""3650"", ""buy_10th_pre_req_pre"": ""0"", ""tot_sel_req_jub_pre"": ""0"", ""tot_sel_req"": ""22303"", ""tot_buy_req"": ""9129"", ""tot_buy_req_jub_pre"": ""+50"", ""ovt_sel_req_pre"": ""0"", ""ovt_sel_req"": ""0"", ""ovt_buy_req"": ""0"", ""ovt_buy_req_pre"": ""0"", ""return_code"": 0, ""return_msg"": ""정상적으로 처리되었습니다""}"
2026-06-10,watchlist,062040,,0,filtered_candidate_recheck,221000,,221000,220500,221000,223000,0.6787330316742082,0.22624434389140274,,,,,,"{""bid_req_base_tm"": ""111824"", ""sel_10th_pre_req_pre"": ""0"", ""sel_10th_pre_req"": ""97"", ""sel_10th_pre_bid"": ""+226000"", ""sel_9th_pre_req_pre"": ""0"", ""sel_9th_pre_req"": ""8"", ""sel_9th_pre_bid"": ""+225500"", ""sel_8th_pre_req_pre"": ""0"", ""sel_8th_pre_req"": ""62"", ""sel_8th_pre_bid"": ""225000"", ""sel_7th_pre_req_pre"": ""0"", ""sel_7th_pre_req"": ""4"", ""sel_7th_pre_bid"": ""-224500"", ""sel_6th_pre_req_pre"": ""0"", ""sel_6th_pre_req"": ""2"", ""sel_6th_pre_bid"": ""-223500"", ""sel_5th_pre_req_pre"": ""0"", ""sel_5th_pre_req"": ""53"", ""sel_5th_pre_bid"": ""-223000"", ""sel_4th_pre_req_pre"": ""0"", ""sel_4th_pre_req"": ""88"", ""sel_4th_pre_bid"": ""-222500"", ""sel_3th_pre_req_pre"": ""0"", ""sel_3th_pre_req"": ""193"", ""sel_3th_pre_bid"": ""-222000"", ""sel_2th_pre_req_pre"": ""0"", ""sel_2th_pre_req"": ""319"", ""sel_2th_pre_bid"": ""-221500"", ""sel_1th_pre_req_pre"": ""0"", ""sel_fpr_req"": ""51"", ""sel_fpr_bid"": ""-221000"", ""buy_fpr_bid"": ""-220500"", ""buy_fpr_req"": ""128"", ""buy_1th_pre_req_pre"": ""+1"", ""buy_2th_pre_bid"": ""-220000"", ""buy_2th_pre_req"": ""805"", ""buy_2th_pre_req_pre"": ""0"", ""buy_3th_pre_bid"": ""-219500"", ""buy_3th_pre_req"": ""145"", ""buy_3th_pre_req_pre"": ""0"", ""buy_4th_pre_bid"": ""-219000"", ""buy_4th_pre_req"": ""234"", ""buy_4th_pre_req_pre"": ""0"", ""buy_5th_pre_bid"": ""-218500"", ""buy_5th_pre_req"": ""328"", ""buy_5th_pre_req_pre"": ""0"", ""buy_6th_pre_bid"": ""-218000"", ""buy_6th_pre_req"": ""569"", ""buy_6th_pre_req_pre"": ""0"", ""buy_7th_pre_bid"": ""-217500"", ""buy_7th_pre_req"": ""114"", ""buy_7th_pre_req_pre"": ""0"", ""buy_8th_pre_bid"": ""-217000"", ""buy_8th_pre_req"": ""339"", ""buy_8th_pre_req_pre"": ""0"", ""buy_9th_pre_bid"": ""-216500"", ""buy_9th_pre_req"": ""62"", ""buy_9th_pre_req_pre"": ""0"", ""buy_10th_pre_bid"": ""-216000"", ""buy_10th_pre_req"": ""75"", ""buy_10th_pre_req_pre"": ""0"", ""tot_sel_req_jub_pre"": ""0"", ""tot_sel_req"": ""877"", ""tot_buy_req"": ""2799"", ""tot_buy_req_jub_pre"": ""+1"", ""ovt_sel_req_pre"": ""0"", ""ovt_sel_req"": ""0"", ""ovt_buy_req"": ""0"", ""ovt_buy_req_pre"": ""0"", ""return_code"": 0, ""return_msg"": ""정상적으로 처리되었습니다""}"
2026-06-10,watchlist,036460,,0,filtered_candidate_recheck,34450,,34450,34300,34450,34450,-0.14513788098693758,0.43541364296081275,,,,,,"{""bid_req_base_tm"": ""111825"", ""sel_10th_pre_req_pre"": ""0"", ""sel_10th_pre_req"": ""619"", ""sel_10th_pre_bid"": ""+34900"", ""sel_9th_pre_req_pre"": ""0"", ""sel_9th_pre_req"": ""533"", ""sel_9th_pre_bid"": ""+34850"", ""sel_8th_pre_req_pre"": ""0"", ""sel_8th_pre_req"": ""310"", ""sel_8th_pre_bid"": ""+34800"", ""sel_7th_pre_req_pre"": ""0"", ""sel_7th_pre_req"": ""578"", ""sel_7th_pre_bid"": ""+34750"", ""sel_6th_pre_req_pre"": ""0"", ""sel_6th_pre_req"": ""662"", ""sel_6th_pre_bid"": ""+34700"", ""sel_5th_pre_req_pre"": ""0"", ""sel_5th_pre_req"": ""513"", ""sel_5th_pre_bid"": ""+34650"", ""sel_4th_pre_req_pre"": ""0"", ""sel_4th_pre_req"": ""1002"", ""sel_4th_pre_bid"": ""+34600"", ""sel_3th_pre_req_pre"": ""0"", ""sel_3th_pre_req"": ""331"", ""sel_3th_pre_bid"": ""+34550"", ""sel_2th_pre_req_pre"": ""0"", ""sel_2th_pre_req"": ""717"", ""sel_2th_pre_bid"": ""+34500"", ""sel_1th_pre_req_pre"": ""--9"", ""sel_fpr_req"": ""176"", ""sel_fpr_bid"": ""+34450"", ""buy_fpr_bid"": ""+34300"", ""buy_fpr_req"": ""2042"", ""buy_1th_pre_req_pre"": ""0"", ""buy_2th_pre_bid"": ""+34250"", ""buy_2th_pre_req"": ""603"", ""buy_2th_pre_req_pre"": ""0"", ""buy_3th_pre_bid"": ""+34200"", ""buy_3th_pre_req"": ""760"", ""buy_3th_pre_req_pre"": ""0"", ""buy_4th_pre_bid"": ""+34150"", ""buy_4th_pre_req"": ""594"", ""buy_4th_pre_req_pre"": ""0"", ""buy_5th_pre_bid"": ""+34100"", ""buy_5th_pre_req"": ""700"", ""buy_5th_pre_req_pre"": ""0"", ""buy_6th_pre_bid"": ""+34050"", ""buy_6th_pre_req"": ""1118"", ""buy_6th_pre_req_pre"": ""0"", ""buy_7th_pre_bid"": ""34000"", ""buy_7th_pre_req"": ""3351"", ""buy_7th_pre_req_pre"": ""0"", ""buy_8th_pre_bid"": ""-33950"", ""buy_8th_pre_req"": ""854"", ""buy_8th_pre_req_pre"": ""0"", ""buy_9th_pre_bid"": ""-33900"", ""buy_9th_pre_req"": ""869"", ""buy_9th_pre_req_pre"": ""0"", ""buy_10th_pre_bid"": ""-33850"", ""buy_10th_pre_req"": ""281"", ""buy_10th_pre_req_pre"": ""0"", ""tot_sel_req_jub_pre"": ""--9"", ""tot_sel_req"": ""5441"", ""tot_buy_req"": ""11172"", ""tot_buy_req_jub_pre"": ""0"", ""ovt_sel_req_pre"": ""0"", ""ovt_sel_req"": ""0"", ""ovt_buy_req"": ""0"", ""ovt_buy_req_pre"": ""0"", ""return_code"": 0, ""return_msg"": ""정상적으로 처리되었습니다""}"
2026-06-10,watchlist,066575,,0,filtered_candidate_recheck,78200,,78200,78100,78200,78600,0.3836317135549872,0.1278772378516624,,,,,,"{""bid_req_base_tm"": ""111824"", ""sel_10th_pre_req_pre"": ""0"", ""sel_10th_pre_req"": ""202"", ""sel_10th_pre_bid"": ""-79300"", ""sel_9th_pre_req_pre"": ""0"", ""sel_9th_pre_req"": ""1"", ""sel_9th_pre_bid"": ""-79200"", ""sel_8th_pre_req_pre"": ""0"", ""sel_8th_pre_req"": ""308"", ""sel_8th_pre_bid"": ""-79000"", ""sel_7th_pre_req_pre"": ""0"", ""sel_7th_pre_req"": ""49"", ""sel_7th_pre_bid"": ""-78900"", ""sel_6th_pre_req_pre"": ""0"", ""sel_6th_pre_req"": ""3"", ""sel_6th_pre_bid"": ""-78800"", ""sel_5th_pre_req_pre"": ""0"", ""sel_5th_pre_req"": ""100"", ""sel_5th_pre_bid"": ""-78600"", ""sel_4th_pre_req_pre"": ""0"", ""sel_4th_pre_req"": ""323"", ""sel_4th_pre_bid"": ""-78500"", ""sel_3th_pre_req_pre"": ""0"", ""sel_3th_pre_req"": ""81"", ""sel_3th_pre_bid"": ""-78400"", ""sel_2th_pre_req_pre"": ""0"", ""sel_2th_pre_req"": ""35"", ""sel_2th_pre_bid"": ""-78300"", ""sel_1th_pre_req_pre"": ""0"", ""sel_fpr_req"": ""3"", ""sel_fpr_bid"": ""-78200"", ""buy_fpr_bid"": ""-78100"", ""buy_fpr_req"": ""134"", ""buy_1th_pre_req_pre"": ""0"", ""buy_2th_pre_bid"": ""-78000"", ""buy_2th_pre_req"": ""697"", ""buy_2th_pre_req_pre"": ""0"", ""buy_3th_pre_bid"": ""-77900"", ""buy_3th_pre_req"": ""916"", ""buy_3th_pre_req_pre"": ""0"", ""buy_4th_pre_bid"": ""-77800"", ""buy_4th_pre_req"": ""1689"", ""buy_4th_pre_req_pre"": ""0"", ""buy_5th_pre_bid"": ""-77700"", ""buy_5th_pre_req"": ""541"", ""buy_5th_pre_req_pre"": ""0"", ""buy_6th_pre_bid"": ""-77600"", ""buy_6th_pre_req"": ""220"", ""buy_6th_pre_req_pre"": ""0"", ""buy_7th_pre_bid"": ""-77500"", ""buy_7th_pre_req"": ""1096"", ""buy_7th_pre_req_pre"": ""0"", ""buy_8th_pre_bid"": ""-77400"", ""buy_8th_pre_req"": ""123"", ""buy_8th_pre_req_pre"": ""0"", ""buy_9th_pre_bid"": ""-77300"", ""buy_9th_pre_req"": ""138"", ""buy_9th_pre_req_pre"": ""0"", ""buy_10th_pre_bid"": ""-77200"", ""buy_10th_pre_req"": ""437"", ""buy_10th_pre_req_pre"": ""0"", ""tot_sel_req_jub_pre"": ""0"", ""tot_sel_req"": ""1105"", ""tot_buy_req"": ""5991"", ""tot_buy_req_jub_pre"": ""0"", ""ovt_sel_req_pre"": ""0"", ""ovt_sel_req"": ""0"", ""ovt_buy_req"": ""0"", ""ovt_buy_req_pre"": ""0"", ""return_code"": 0, ""return_msg"": ""정상적으로 처리되었습니다""}"
2026-06-10,watchlist,000810,,0,filtered_candidate_recheck,624000,,624000,623000,624000,627000,0.3205128205128205,0.16025641025641024,,,,,,"{""bid_req_base_tm"": ""111825"", ""sel_10th_pre_req_pre"": ""0"", ""sel_10th_pre_req"": ""3"", ""sel_10th_pre_bid"": ""-633000"", ""sel_9th_pre_req_pre"": ""0"", ""sel_9th_pre_req"": ""3"", ""sel_9th_pre_bid"": ""-632000"", ""sel_8th_pre_req_pre"": ""0"", ""sel_8th_pre_req"": ""8"", ""sel_8th_pre_bid"": ""-631000"", ""sel_7th_pre_req_pre"": ""0"", ""sel_7th_pre_req"": ""48"", ""sel_7th_pre_bid"": ""-630000"", ""sel_6th_pre_req_pre"": ""0"", ""sel_6th_pre_req"": ""15"", ""sel_6th_pre_bid"": ""-629000"", ""sel_5th_pre_req_pre"": ""0"", ""sel_5th_pre_req"": ""21"", ""sel_5th_pre_bid"": ""-628000"", ""sel_4th_pre_req_pre"": ""0"", ""sel_4th_pre_req"": ""28"", ""sel_4th_pre_bid"": ""-627000"", ""sel_3th_pre_req_pre"": ""0"", ""sel_3th_pre_req"": ""23"", ""sel_3th_pre_bid"": ""-626000"", ""sel_2th_pre_req_pre"": ""--10"", ""sel_2th_pre_req"": ""107"", ""sel_2th_pre_bid"": ""-625000"", ""sel_1th_pre_req_pre"": ""+10"", ""sel_fpr_req"": ""59"", ""sel_fpr_bid"": ""-624000"", ""buy_fpr_bid"": ""-623000"", ""buy_fpr_req"": ""158"", ""buy_1th_pre_req_pre"": ""0"", ""buy_2th_pre_bid"": ""-622000"", ""buy_2th_pre_req"": ""540"", ""buy_2th_pre_req_pre"": ""--60"", ""buy_3th_pre_bid"": ""-621000"", ""buy_3th_pre_req"": ""99"", ""buy_3th_pre_req_pre"": ""0"", ""buy_4th_pre_bid"": ""-620000"", ""buy_4th_pre_req"": ""57"", ""buy_4th_pre_req_pre"": ""0"", ""buy_5th_pre_bid"": ""-619000"", ""buy_5th_pre_req"": ""4"", ""buy_5th_pre_req_pre"": ""0"", ""buy_6th_pre_bid"": ""-618000"", ""buy_6th_pre_req"": ""14"", ""buy_6th_pre_req_pre"": ""0"", ""buy_7th_pre_bid"": ""-617000"", ""buy_7th_pre_req"": ""36"", ""buy_7th_pre_req_pre"": ""0"", ""buy_8th_pre_bid"": ""-616000"", ""buy_8th_pre_req"": ""20"", ""buy_8th_pre_req_pre"": ""0"", ""buy_9th_pre_bid"": ""-615000"", ""buy_9th_pre_req"": ""18"", ""buy_9th_pre_req_pre"": ""0"", ""buy_10th_pre_bid"": ""-614000"", ""buy_10th_pre_req"": ""95"", ""buy_10th_pre_req_pre"": ""0"", ""tot_sel_req_jub_pre"": ""0"", ""tot_sel_req"": ""315"", ""tot_buy_req"": ""1041"", ""tot_buy_req_jub_pre"": ""--60"", ""ovt_sel_req_pre"": ""0"", ""ovt_sel_req"": ""0"", ""ovt_buy_req"": ""0"", ""ovt_buy_req_pre"": ""0"", ""return_code"": 0, ""return_msg"": ""정상적으로 처리되었습니다""}"
2026-06-10,watchlist,005930,,0,filtered_candidate_recheck,305500,,305500,305000,305500,306500,0.16366612111292964,0.16366612111292964,,,,,,"{""bid_req_base_tm"": ""111825"", ""sel_10th_pre_req_pre"": ""0"", ""sel_10th_pre_req"": ""27668"", ""sel_10th_pre_bid"": ""-310000"", ""sel_9th_pre_req_pre"": ""0"", ""sel_9th_pre_req"": ""19836"", ""sel_9th_pre_bid"": ""-309500"", ""sel_8th_pre_req_pre"": ""0"", ""sel_8th_pre_req"": ""13036"", ""sel_8th_pre_bid"": ""-309000"", ""sel_7th_pre_req_pre"": ""0"", ""sel_7th_pre_req"": ""25571"", ""sel_7th_pre_bid"": ""-308500"", ""sel_6th_pre_req_pre"": ""0"", ""sel_6th_pre_req"": ""28137"", ""sel_6th_pre_bid"": ""-308000"", ""sel_5th_pre_req_pre"": ""0"", ""sel_5th_pre_req"": ""16580"", ""sel_5th_pre_bid"": ""-307500"", ""sel_4th_pre_req_pre"": ""0"", ""sel_4th_pre_req"": ""8222"", ""sel_4th_pre_bid"": ""-307000"", ""sel_3th_pre_req_pre"": ""0"", ""sel_3th_pre_req"": ""18273"", ""sel_3th_pre_bid"": ""-306500"", ""sel_2th_pre_req_pre"": ""0"", ""sel_2th_pre_req"": ""21324"", ""sel_2th_pre_bid"": ""-306000"", ""sel_1th_pre_req_pre"": ""--1"", ""sel_fpr_req"": ""27455"", ""sel_fpr_bid"": ""-305500"", ""buy_fpr_bid"": ""-305000"", ""buy_fpr_req"": ""16202"", ""buy_1th_pre_req_pre"": ""--2010"", ""buy_2th_pre_bid"": ""-304500"", ""buy_2th_pre_req"": ""22254"", ""buy_2th_pre_req_pre"": ""+20"", ""buy_3th_pre_bid"": ""-304000"", ""buy_3th_pre_req"": ""61916"", ""buy_3th_pre_req_pre"": ""0"", ""buy_4th_pre_bid"": ""-303500"", ""buy_4th_pre_req"": ""45912"", ""buy_4th_pre_req_pre"": ""0"", ""buy_5th_pre_bid"": ""-303000"", ""buy_5th_pre_req"": ""83395"", ""buy_5th_pre_req_pre"": ""0"", ""buy_6th_pre_bid"": ""-302500"", ""buy_6th_pre_req"": ""28966"", ""buy_6th_pre_req_pre"": ""0"", ""buy_7th_pre_bid"": ""-302000"", ""buy_7th_pre_req"": ""63542"", ""buy_7th_pre_req_pre"": ""0"", ""buy_8th_pre_bid"": ""-301500"", ""buy_8th_pre_req"": ""49801"", ""buy_8th_pre_req_pre"": ""0"", ""buy_9th_pre_bid"": ""-301000"", ""buy_9th_pre_req"": ""77490"", ""buy_9th_pre_req_pre"": ""0"", ""buy_10th_pre_bid"": ""-300500"", ""buy_10th_pre_req"": ""96853"", ""buy_10th_pre_req_pre"": ""0"", ""tot_sel_req_jub_pre"": ""--1"", ""tot_sel_req"": ""206102"", ""tot_buy_req"": ""546331"", ""tot_buy_req_jub_pre"": ""--1990"", ""ovt_sel_req_pre"": ""0"", ""ovt_sel_req"": ""0"", ""ovt_buy_req"": ""0"", ""ovt_buy_req_pre"": ""0"", ""return_code"": 0, ""return_msg"": ""정상적으로 처리되었습니다""}"
2026-06-10,watchlist,000370,,0,filtered_candidate_recheck,6530,,6530,6520,6530,6520,-0.3062787136294028,0.1531393568147014,,,,,,"{""bid_req_base_tm"": ""111823"", ""sel_10th_pre_req_pre"": ""0"", ""sel_10th_pre_req"": ""940"", ""sel_10th_pre_bid"": ""+6620"", ""sel_9th_pre_req_pre"": ""0"", ""sel_9th_pre_req"": ""1003"", ""sel_9th_pre_bid"": ""+6610"", ""sel_8th_pre_req_pre"": ""0"", ""sel_8th_pre_req"": ""1523"", ""sel_8th_pre_bid"": ""+6600"", ""sel_7th_pre_req_pre"": ""0"", ""sel_7th_pre_req"": ""312"", ""sel_7th_pre_bid"": ""+6590"", ""sel_6th_pre_req_pre"": ""0"", ""sel_6th_pre_req"": ""112"", ""sel_6th_pre_bid"": ""+6580"", ""sel_5th_pre_req_pre"": ""0"", ""sel_5th_pre_req"": ""753"", ""sel_5th_pre_bid"": ""+6570"", ""sel_4th_pre_req_pre"": ""0"", ""sel_4th_pre_req"": ""104"", ""sel_4th_pre_bid"": ""+6560"", ""sel_3th_pre_req_pre"": ""0"", ""sel_3th_pre_req"": ""225"", ""sel_3th_pre_bid"": ""+6550"", ""sel_2th_pre_req_pre"": ""+2"", ""sel_2th_pre_req"": ""1019"", ""sel_2th_pre_bid"": ""+6540"", ""sel_1th_pre_req_pre"": ""0"", ""sel_fpr_req"": ""248"", ""sel_fpr_bid"": ""+6530"", ""buy_fpr_bid"": ""+6520"", ""buy_fpr_req"": ""371"", ""buy_1th_pre_req_pre"": ""0"", ""buy_2th_pre_bid"": ""+6500"", ""buy_2th_pre_req"": ""759"", ""buy_2th_pre_req_pre"": ""0"", ""buy_3th_pre_bid"": ""+6490"", ""buy_3th_pre_req"": ""620"", ""buy_3th_pre_req_pre"": ""0"", ""buy_4th_pre_bid"": ""+6480"", ""buy_4th_pre_req"": ""506"", ""buy_4th_pre_req_pre"": ""0"", ""buy_5th_pre_bid"": ""+6470"", ""buy_5th_pre_req"": ""702"", ""buy_5th_pre_req_pre"": ""0"", ""buy_6th_pre_bid"": ""+6460"", ""buy_6th_pre_req"": ""714"", ""buy_6th_pre_req_pre"": ""0"", ""buy_7th_pre_bid"": ""6450"", ""buy_7th_pre_req"": ""902"", ""buy_7th_pre_req_pre"": ""0"", ""buy_8th_pre_bid"": ""-6440"", ""buy_8th_pre_req"": ""213"", ""buy_8th_pre_req_pre"": ""0"", ""buy_9th_pre_bid"": ""-6430"", ""buy_9th_pre_req"": ""1608"", ""buy_9th_pre_req_pre"": ""0"", ""buy_10th_pre_bid"": ""-6420"", ""buy_10th_pre_req"": ""207"", ""buy_10th_pre_req_pre"": ""0"", ""tot_sel_req_jub_pre"": ""+2"", ""tot_sel_req"": ""6239"", ""tot_buy_req"": ""6602"", ""tot_buy_req_jub_pre"": ""0"", ""ovt_sel_req_pre"": ""0"", ""ovt_sel_req"": ""0"", ""ovt_buy_req"": ""0"", ""ovt_buy_req_pre"": ""0"", ""return_code"": 0, ""return_msg"": ""정상적으로 처리되었습니다""}"
2026-06-10,watchlist,064400,,0,filtered_candidate_recheck,95000,,95000,94900,95000,95100,0.0,0.10526315789473684,,,,,,"{""bid_req_base_tm"": ""111826"", ""sel_10th_pre_req_pre"": ""0"", ""sel_10th_pre_req"": ""401"", ""sel_10th_pre_bid"": ""-95900"", ""sel_9th_pre_req_pre"": ""0"", ""sel_9th_pre_req"": ""952"", ""sel_9th_pre_bid"": ""-95800"", ""sel_8th_pre_req_pre"": ""0"", ""sel_8th_pre_req"": ""231"", ""sel_8th_pre_bid"": ""-95700"", ""sel_7th_pre_req_pre"": ""0"", ""sel_7th_pre_req"": ""1211"", ""sel_7th_pre_bid"": ""-95600"", ""sel_6th_pre_req_pre"": ""0"", ""sel_6th_pre_req"": ""157"", ""sel_6th_pre_bid"": ""-95500"", ""sel_5th_pre_req_pre"": ""0"", ""sel_5th_pre_req"": ""37"", ""sel_5th_pre_bid"": ""-95400"", ""sel_4th_pre_req_pre"": ""0"", ""sel_4th_pre_req"": ""36"", ""sel_4th_pre_bid"": ""-95300"", ""sel_3th_pre_req_pre"": ""--1"", ""sel_3th_pre_req"": ""613"", ""sel_3th_pre_bid"": ""-95200"", ""sel_2th_pre_req_pre"": ""0"", ""sel_2th_pre_req"": ""320"", ""sel_2th_pre_bid"": ""-95100"", ""sel_1th_pre_req_pre"": ""0"", ""sel_fpr_req"": ""12"", ""sel_fpr_bid"": ""-95000"", ""buy_fpr_bid"": ""-94900"", ""buy_fpr_req"": ""76"", ""buy_1th_pre_req_pre"": ""+1"", ""buy_2th_pre_bid"": ""-94800"", ""buy_2th_pre_req"": ""440"", ""buy_2th_pre_req_pre"": ""0"", ""buy_3th_pre_bid"": ""-94700"", ""buy_3th_pre_req"": ""441"", ""buy_3th_pre_req_pre"": ""0"", ""buy_4th_pre_bid"": ""-94600"", ""buy_4th_pre_req"": ""863"", ""buy_4th_pre_req_pre"": ""0"", ""buy_5th_pre_bid"": ""-94500"", ""buy_5th_pre_req"": ""1647"", ""buy_5th_pre_req_pre"": ""0"", ""buy_6th_pre_bid"": ""-94400"", ""buy_6th_pre_req"": ""652"", ""buy_6th_pre_req_pre"": ""0"", ""buy_7th_pre_bid"": ""-94300"", ""buy_7th_pre_req"": ""1076"", ""buy_7th_pre_req_pre"": ""0"", ""buy_8th_pre_bid"": ""-94200"", ""buy_8th_pre_req"": ""1663"", ""buy_8th_pre_req_pre"": ""0"", ""buy_9th_pre_bid"": ""-94100"", ""buy_9th_pre_req"": ""2688"", ""buy_9th_pre_req_pre"": ""0"", ""buy_10th_pre_bid"": ""-94000"", ""buy_10th_pre_req"": ""4116"", ""buy_10th_pre_req_pre"": ""+1"", ""tot_sel_req_jub_pre"": ""--1"", ""tot_sel_req"": ""3970"", ""tot_buy_req"": ""13662"", ""tot_buy_req_jub_pre"": ""+2"", ""ovt_sel_req_pre"": ""0"", ""ovt_sel_req"": ""0"", ""ovt_buy_req"": ""0"", ""ovt_buy_req_pre"": ""0"", ""return_code"": 0, ""return_msg"": ""정상적으로 처리되었습니다""}"
2026-06-10,watchlist,009420,,1,filtered_candidate_recheck,50100,,50100,50000,50100,50400,0.39920159680638717,0.19960079840319359,,,,,,"{""bid_req_base_tm"": ""111825"", ""sel_10th_pre_req_pre"": ""0"", ""sel_10th_pre_req"": ""163"", ""sel_10th_pre_bid"": ""-51000"", ""sel_9th_pre_req_pre"": ""0"", ""sel_9th_pre_req"": ""232"", ""sel_9th_pre_bid"": ""-50900"", ""sel_8th_pre_req_pre"": ""0"", ""sel_8th_pre_req"": ""18"", ""sel_8th_pre_bid"": ""-50800"", ""sel_7th_pre_req_pre"": ""0"", ""sel_7th_pre_req"": ""54"", ""sel_7th_pre_bid"": ""-50700"", ""sel_6th_pre_req_pre"": ""0"", ""sel_6th_pre_req"": ""20"", ""sel_6th_pre_bid"": ""-50600"", ""sel_5th_pre_req_pre"": ""0"", ""sel_5th_pre_req"": ""58"", ""sel_5th_pre_bid"": ""-50500"", ""sel_4th_pre_req_pre"": ""0"", ""sel_4th_pre_req"": ""42"", ""sel_4th_pre_bid"": ""-50400"", ""sel_3th_pre_req_pre"": ""0"", ""sel_3th_pre_req"": ""551"", ""sel_3th_pre_bid"": ""-50300"", ""sel_2th_pre_req_pre"": ""--1"", ""sel_2th_pre_req"": ""38"", ""sel_2th_pre_bid"": ""-50200"", ""sel_1th_pre_req_pre"": ""0"", ""sel_fpr_req"": ""276"", ""sel_fpr_bid"": ""-50100"", ""buy_fpr_bid"": ""-50000"", ""buy_fpr_req"": ""1345"", ""buy_1th_pre_req_pre"": ""0"", ""buy_2th_pre_bid"": ""-49950"", ""buy_2th_pre_req"": ""368"", ""buy_2th_pre_req_pre"": ""0"", ""buy_3th_pre_bid"": ""-49900"", ""buy_3th_pre_req"": ""371"", ""buy_3th_pre_req_pre"": ""0"", ""buy_4th_pre_bid"": ""-49850"", ""buy_4th_pre_req"": ""459"", ""buy_4th_pre_req_pre"": ""0"", ""buy_5th_pre_bid"": ""-49800"", ""buy_5th_pre_req"": ""592"", ""buy_5th_pre_req_pre"": ""0"", ""buy_6th_pre_bid"": ""-49750"", ""buy_6th_pre_req"": ""450"", ""buy_6th_pre_req_pre"": ""0"", ""buy_7th_pre_bid"": ""-49700"", ""buy_7th_pre_req"": ""1229"", ""buy_7th_pre_req_pre"": ""0"", ""buy_8th_pre_bid"": ""-49650"", ""buy_8th_pre_req"": ""247"", ""buy_8th_pre_req_pre"": ""0"", ""buy_9th_pre_bid"": ""-49600"", ""buy_9th_pre_req"": ""899"", ""buy_9th_pre_req_pre"": ""0"", ""buy_10th_pre_bid"": ""-49550"", ""buy_10th_pre_req"": ""434"", ""buy_10th_pre_req_pre"": ""0"", ""tot_sel_req_jub_pre"": ""--1"", ""tot_sel_req"": ""1452"", ""tot_buy_req"": ""6394"", ""tot_buy_req_jub_pre"": ""0"", ""ovt_sel_req_pre"": ""0"", ""ovt_sel_req"": ""0"", ""ovt_buy_req"": ""0"", ""ovt_buy_req_pre"": ""0"", ""return_code"": 0, ""return_msg"": ""정상적으로 처리되었습니다""}"
2026-06-10,watchlist,383220,,0,filtered_candidate_recheck,76200,,76200,75900,76200,75800,-0.6561679790026247,0.39370078740157477,,,,,,"{""bid_req_base_tm"": ""111825"", ""sel_10th_pre_req_pre"": ""0"", ""sel_10th_pre_req"": ""78"", ""sel_10th_pre_bid"": ""+77100"", ""sel_9th_pre_req_pre"": ""0"", ""sel_9th_pre_req"": ""22"", ""sel_9th_pre_bid"": ""+77000"", ""sel_8th_pre_req_pre"": ""0"", ""sel_8th_pre_req"": ""106"", ""sel_8th_pre_bid"": ""+76900"", ""sel_7th_pre_req_pre"": ""0"", ""sel_7th_pre_req"": ""11"", ""sel_7th_pre_bid"": ""+76800"", ""sel_6th_pre_req_pre"": ""0"", ""sel_6th_pre_req"": ""9"", ""sel_6th_pre_bid"": ""+76700"", ""sel_5th_pre_req_pre"": ""0"", ""sel_5th_pre_req"": ""32"", ""sel_5th_pre_bid"": ""+76600"", ""sel_4th_pre_req_pre"": ""0"", ""sel_4th_pre_req"": ""4"", ""sel_4th_pre_bid"": ""+76500"", ""sel_3th_pre_req_pre"": ""0"", ""sel_3th_pre_req"": ""12"", ""sel_3th_pre_bid"": ""+76400"", ""sel_2th_pre_req_pre"": ""0"", ""sel_2th_pre_req"": ""35"", ""sel_2th_pre_bid"": ""+76300"", ""sel_1th_pre_req_pre"": ""0"", ""sel_fpr_req"": ""134"", ""sel_fpr_bid"": ""+76200"", ""buy_fpr_bid"": ""+75900"", ""buy_fpr_req"": ""52"", ""buy_1th_pre_req_pre"": ""0"", ""buy_2th_pre_bid"": ""+75700"", ""buy_2th_pre_req"": ""66"", ""buy_2th_pre_req_pre"": ""0"", ""buy_3th_pre_bid"": ""+75600"", ""buy_3th_pre_req"": ""10"", ""buy_3th_pre_req_pre"": ""0"", ""buy_4th_pre_bid"": ""+75500"", ""buy_4th_pre_req"": ""10"", ""buy_4th_pre_req_pre"": ""0"", ""buy_5th_pre_bid"": ""+75400"", ""buy_5th_pre_req"": ""23"", ""buy_5th_pre_req_pre"": ""0"", ""buy_6th_pre_bid"": ""+75300"", ""buy_6th_pre_req"": ""15"", ""buy_6th_pre_req_pre"": ""+10"", ""buy_7th_pre_bid"": ""+75200"", ""buy_7th_pre_req"": ""10"", ""buy_7th_pre_req_pre"": ""0"", ""buy_8th_pre_bid"": ""+75000"", ""buy_8th_pre_req"": ""1"", ""buy_8th_pre_req_pre"": ""0"", ""buy_9th_pre_bid"": ""+74900"", ""buy_9th_pre_req"": ""9"", ""buy_9th_pre_req_pre"": ""0"", ""buy_10th_pre_bid"": ""+74700"", ""buy_10th_pre_req"": ""114"", ""buy_10th_pre_req_pre"": ""0"", ""tot_sel_req_jub_pre"": ""0"", ""tot_sel_req"": ""443"", ""tot_buy_req"": ""310"", ""tot_buy_req_jub_pre"": ""+10"", ""ovt_sel_req_pre"": ""0"", ""ovt_sel_req"": ""0"", ""ovt_buy_req"": ""0"", ""ovt_buy_req_pre"": ""0"", ""return_code"": 0, ""return_msg"": ""정상적으로 처리되었습니다""}"
2026-06-10,watchlist,004170,,0,filtered_candidate_recheck,684000,,684000,683000,684000,682000,-0.43859649122807015,0.14619883040935672,,,,,,"{""bid_req_base_tm"": ""111825"", ""sel_10th_pre_req_pre"": ""0"", ""sel_10th_pre_req"": ""182"", ""sel_10th_pre_bid"": ""+693000"", ""sel_9th_pre_req_pre"": ""0"", ""sel_9th_pre_req"": ""41"", ""sel_9th_pre_bid"": ""+692000"", ""sel_8th_pre_req_pre"": ""0"", ""sel_8th_pre_req"": ""809"", ""sel_8th_pre_bid"": ""+691000"", ""sel_7th_pre_req_pre"": ""0"", ""sel_7th_pre_req"": ""381"", ""sel_7th_pre_bid"": ""+690000"", ""sel_6th_pre_req_pre"": ""0"", ""sel_6th_pre_req"": ""67"", ""sel_6th_pre_bid"": ""+689000"", ""sel_5th_pre_req_pre"": ""0"", ""sel_5th_pre_req"": ""25"", ""sel_5th_pre_bid"": ""+688000"", ""sel_4th_pre_req_pre"": ""0"", ""sel_4th_pre_req"": ""9"", ""sel_4th_pre_bid"": ""+687000"", ""sel_3th_pre_req_pre"": ""0"", ""sel_3th_pre_req"": ""11"", ""sel_3th_pre_bid"": ""+686000"", ""sel_2th_pre_req_pre"": ""0"", ""sel_2th_pre_req"": ""23"", ""sel_2th_pre_bid"": ""+685000"", ""sel_1th_pre_req_pre"": ""0"", ""sel_fpr_req"": ""33"", ""sel_fpr_bid"": ""+684000"", ""buy_fpr_bid"": ""+683000"", ""buy_fpr_req"": ""22"", ""buy_1th_pre_req_pre"": ""0"", ""buy_2th_pre_bid"": ""+682000"", ""buy_2th_pre_req"": ""110"", ""buy_2th_pre_req_pre"": ""0"", ""buy_3th_pre_bid"": ""+681000"", ""buy_3th_pre_req"": ""71"", ""buy_3th_pre_req_pre"": ""0"", ""buy_4th_pre_bid"": ""+680000"", ""buy_4th_pre_req"": ""174"", ""buy_4th_pre_req_pre"": ""--2"", ""buy_5th_pre_bid"": ""+679000"", ""buy_5th_pre_req"": ""33"", ""buy_5th_pre_req_pre"": ""0"", ""buy_6th_pre_bid"": ""+678000"", ""buy_6th_pre_req"": ""3"", ""buy_6th_pre_req_pre"": ""0"", ""buy_7th_pre_bid"": ""+677000"", ""buy_7th_pre_req"": ""48"", ""buy_7th_pre_req_pre"": ""0"", ""buy_8th_pre_bid"": ""+676000"", ""buy_8th_pre_req"": ""3"", ""buy_8th_pre_req_pre"": ""0"", ""buy_9th_pre_bid"": ""+675000"", ""buy_9th_pre_req"": ""509"", ""buy_9th_pre_req_pre"": ""0"", ""buy_10th_pre_bid"": ""+674000"", ""buy_10th_pre_req"": ""22"", ""buy_10th_pre_req_pre"": ""0"", ""tot_sel_req_jub_pre"": ""0"", ""tot_sel_req"": ""1581"", ""tot_buy_req"": ""995"", ""tot_buy_req_jub_pre"": ""--2"", ""ovt_sel_req_pre"": ""0"", ""ovt_sel_req"": ""0"", ""ovt_buy_req"": ""0"", ""ovt_buy_req_pre"": ""0"", ""return_code"": 0, ""return_msg"": ""정상적으로 처리되었습니다""}"
2026-06-10,watchlist,018260,,1,filtered_candidate_recheck,230500,,230500,230000,230500,232500,0.6507592190889371,0.21691973969631237,,,,,,"{""bid_req_base_tm"": ""111826"", ""sel_10th_pre_req_pre"": ""0"", ""sel_10th_pre_req"": ""180"", ""sel_10th_pre_bid"": ""-235000"", ""sel_9th_pre_req_pre"": ""0"", ""sel_9th_pre_req"": ""147"", ""sel_9th_pre_bid"": ""-234500"", ""sel_8th_pre_req_pre"": ""0"", ""sel_8th_pre_req"": ""226"", ""sel_8th_pre_bid"": ""-234000"", ""sel_7th_pre_req_pre"": ""0"", ""sel_7th_pre_req"": ""86"", ""sel_7th_pre_bid"": ""-233500"", ""sel_6th_pre_req_pre"": ""0"", ""sel_6th_pre_req"": ""236"", ""sel_6th_pre_bid"": ""-233000"", ""sel_5th_pre_req_pre"": ""0"", ""sel_5th_pre_req"": ""203"", ""sel_5th_pre_bid"": ""-232500"", ""sel_4th_pre_req_pre"": ""0"", ""sel_4th_pre_req"": ""136"", ""sel_4th_pre_bid"": ""-232000"", ""sel_3th_pre_req_pre"": ""0"", ""sel_3th_pre_req"": ""103"", ""sel_3th_pre_bid"": ""-231500"", ""sel_2th_pre_req_pre"": ""0"", ""sel_2th_pre_req"": ""1035"", ""sel_2th_pre_bid"": ""-231000"", ""sel_1th_pre_req_pre"": ""0"", ""sel_fpr_req"": ""506"", ""sel_fpr_bid"": ""-230500"", ""buy_fpr_bid"": ""-230000"", ""buy_fpr_req"": ""5957"", ""buy_1th_pre_req_pre"": ""0"", ""buy_2th_pre_bid"": ""-229500"", ""buy_2th_pre_req"": ""825"", ""buy_2th_pre_req_pre"": ""0"", ""buy_3th_pre_bid"": ""-229000"", ""buy_3th_pre_req"": ""1516"", ""buy_3th_pre_req_pre"": ""+2"", ""buy_4th_pre_bid"": ""-228500"", ""buy_4th_pre_req"": ""1006"", ""buy_4th_pre_req_pre"": ""0"", ""buy_5th_pre_bid"": ""-228000"", ""buy_5th_pre_req"": ""2037"", ""buy_5th_pre_req_pre"": ""0"", ""buy_6th_pre_bid"": ""-227500"", ""buy_6th_pre_req"": ""2351"", ""buy_6th_pre_req_pre"": ""0"", ""buy_7th_pre_bid"": ""-227000"", ""buy_7th_pre_req"": ""1956"", ""buy_7th_pre_req_pre"": ""0"", ""buy_8th_pre_bid"": ""-226500"", ""buy_8th_pre_req"": ""583"", ""buy_8th_pre_req_pre"": ""0"", ""buy_9th_pre_bid"": ""-226000"", ""buy_9th_pre_req"": ""1629"", ""buy_9th_pre_req_pre"": ""0"", ""buy_10th_pre_bid"": ""-225500"", ""buy_10th_pre_req"": ""2237"", ""buy_10th_pre_req_pre"": ""0"", ""tot_sel_req_jub_pre"": ""0"", ""tot_sel_req"": ""2858"", ""tot_buy_req"": ""20097"", ""tot_buy_req_jub_pre"": ""+2"", ""ovt_sel_req_pre"": ""0"", ""ovt_sel_req"": ""0"", ""ovt_buy_req"": ""0"", ""ovt_buy_req_pre"": ""0"", ""return_code"": 0, ""return_msg"": ""정상적으로 처리되었습니다""}"
2026-06-10,watchlist,161390,,0,filtered_candidate_recheck,71300,,71300,71200,71300,71600,0.2805049088359046,0.1402524544179523,,,,,,"{""bid_req_base_tm"": ""111825"", ""sel_10th_pre_req_pre"": ""0"", ""sel_10th_pre_req"": ""18"", ""sel_10th_pre_bid"": ""-72200"", ""sel_9th_pre_req_pre"": ""0"", ""sel_9th_pre_req"": ""30"", ""sel_9th_pre_bid"": ""-72100"", ""sel_8th_pre_req_pre"": ""0"", ""sel_8th_pre_req"": ""153"", ""sel_8th_pre_bid"": ""-72000"", ""sel_7th_pre_req_pre"": ""0"", ""sel_7th_pre_req"": ""325"", ""sel_7th_pre_bid"": ""-71900"", ""sel_6th_pre_req_pre"": ""0"", ""sel_6th_pre_req"": ""130"", ""sel_6th_pre_bid"": ""-71800"", ""sel_5th_pre_req_pre"": ""0"", ""sel_5th_pre_req"": ""11"", ""sel_5th_pre_bid"": ""-71700"", ""sel_4th_pre_req_pre"": ""0"", ""sel_4th_pre_req"": ""18"", ""sel_4th_pre_bid"": ""-71600"", ""sel_3th_pre_req_pre"": ""0"", ""sel_3th_pre_req"": ""84"", ""sel_3th_pre_bid"": ""-71500"", ""sel_2th_pre_req_pre"": ""0"", ""sel_2th_pre_req"": ""155"", ""sel_2th_pre_bid"": ""-71400"", ""sel_1th_pre_req_pre"": ""+53"", ""sel_fpr_req"": ""585"", ""sel_fpr_bid"": ""-71300"", ""buy_fpr_bid"": ""-71200"", ""buy_fpr_req"": ""694"", ""buy_1th_pre_req_pre"": ""0"", ""buy_2th_pre_bid"": ""-71100"", ""buy_2th_pre_req"": ""707"", ""buy_2th_pre_req_pre"": ""0"", ""buy_3th_pre_bid"": ""-71000"", ""buy_3th_pre_req"": ""332"", ""buy_3th_pre_req_pre"": ""0"", ""buy_4th_pre_bid"": ""-70900"", ""buy_4th_pre_req"": ""233"", ""buy_4th_pre_req_pre"": ""0"", ""buy_5th_pre_bid"": ""-70800"", ""buy_5th_pre_req"": ""682"", ""buy_5th_pre_req_pre"": ""0"", ""buy_6th_pre_bid"": ""-70700"", ""buy_6th_pre_req"": ""1"", ""buy_6th_pre_req_pre"": ""0"", ""buy_7th_pre_bid"": ""-70600"", ""buy_7th_pre_req"": ""103"", ""buy_7th_pre_req_pre"": ""0"", ""buy_8th_pre_bid"": ""-70500"", ""buy_8th_pre_req"": ""221"", ""buy_8th_pre_req_pre"": ""0"", ""buy_9th_pre_bid"": ""-70400"", ""buy_9th_pre_req"": ""3277"", ""buy_9th_pre_req_pre"": ""0"", ""buy_10th_pre_bid"": ""-70300"", ""buy_10th_pre_req"": ""253"", ""buy_10th_pre_req_pre"": ""0"", ""tot_sel_req_jub_pre"": ""+53"", ""tot_sel_req"": ""1509"", ""tot_buy_req"": ""6503"", ""tot_buy_req_jub_pre"": ""0"", ""ovt_sel_req_pre"": ""0"", ""ovt_sel_req"": ""0"", ""ovt_buy_req"": ""0"", ""ovt_buy_req_pre"": ""0"", ""return_code"": 0, ""return_msg"": ""정상적으로 처리되었습니다""}"
2026-06-10,watchlist,078930,,0,filtered_candidate_recheck,73900,,73900,73800,73900,74000,0.0,0.13531799729364005,,,,,,"{""bid_req_base_tm"": ""111819"", ""sel_10th_pre_req_pre"": ""0"", ""sel_10th_pre_req"": ""4"", ""sel_10th_pre_bid"": ""+74800"", ""sel_9th_pre_req_pre"": ""0"", ""sel_9th_pre_req"": ""232"", ""sel_9th_pre_bid"": ""+74700"", ""sel_8th_pre_req_pre"": ""0"", ""sel_8th_pre_req"": ""104"", ""sel_8th_pre_bid"": ""+74600"", ""sel_7th_pre_req_pre"": ""0"", ""sel_7th_pre_req"": ""385"", ""sel_7th_pre_bid"": ""+74500"", ""sel_6th_pre_req_pre"": ""0"", ""sel_6th_pre_req"": ""107"", ""sel_6th_pre_bid"": ""+74400"", ""sel_5th_pre_req_pre"": ""0"", ""sel_5th_pre_req"": ""113"", ""sel_5th_pre_bid"": ""+74300"", ""sel_4th_pre_req_pre"": ""0"", ""sel_4th_pre_req"": ""57"", ""sel_4th_pre_bid"": ""+74200"", ""sel_3th_pre_req_pre"": ""0"", ""sel_3th_pre_req"": ""97"", ""sel_3th_pre_bid"": ""+74100"", ""sel_2th_pre_req_pre"": ""0"", ""sel_2th_pre_req"": ""98"", ""sel_2th_pre_bid"": ""+74000"", ""sel_1th_pre_req_pre"": ""0"", ""sel_fpr_req"": ""1"", ""sel_fpr_bid"": ""+73900"", ""buy_fpr_bid"": ""73800"", ""buy_fpr_req"": ""387"", ""buy_1th_pre_req_pre"": ""0"", ""buy_2th_pre_bid"": ""-73700"", ""buy_2th_pre_req"": ""399"", ""buy_2th_pre_req_pre"": ""0"", ""buy_3th_pre_bid"": ""-73600"", ""buy_3th_pre_req"": ""143"", ""buy_3th_pre_req_pre"": ""0"", ""buy_4th_pre_bid"": ""-73500"", ""buy_4th_pre_req"": ""162"", ""buy_4th_pre_req_pre"": ""0"", ""buy_5th_pre_bid"": ""-73400"", ""buy_5th_pre_req"": ""80"", ""buy_5th_pre_req_pre"": ""0"", ""buy_6th_pre_bid"": ""-73300"", ""buy_6th_pre_req"": ""30"", ""buy_6th_pre_req_pre"": ""0"", ""buy_7th_pre_bid"": ""-73200"", ""buy_7th_pre_req"": ""5"", ""buy_7th_pre_req_pre"": ""0"", ""buy_8th_pre_bid"": ""-73100"", ""buy_8th_pre_req"": ""152"", ""buy_8th_pre_req_pre"": ""0"", ""buy_9th_pre_bid"": ""-73000"", ""buy_9th_pre_req"": ""4"", ""buy_9th_pre_req_pre"": ""+1"", ""buy_10th_pre_bid"": ""-72900"", ""buy_10th_pre_req"": ""8"", ""buy_10th_pre_req_pre"": ""0"", ""tot_sel_req_jub_pre"": ""0"", ""tot_sel_req"": ""1198"", ""tot_buy_req"": ""1370"", ""tot_buy_req_jub_pre"": ""+1"", ""ovt_sel_req_pre"": ""0"", ""ovt_sel_req"": ""0"", ""ovt_buy_req"": ""0"", ""ovt_buy_req_pre"": ""0"", ""return_code"": 0, ""return_msg"": ""정상적으로 처리되었습니다""}"
2026-06-10,watchlist,462870,,0,filtered_candidate_recheck,31250,,31250,31200,31250,31350,0.16,0.16,,,,,,"{""bid_req_base_tm"": ""111827"", ""sel_10th_pre_req_pre"": ""0"", ""sel_10th_pre_req"": ""12"", ""sel_10th_pre_bid"": ""-31700"", ""sel_9th_pre_req_pre"": ""0"", ""sel_9th_pre_req"": ""51"", ""sel_9th_pre_bid"": ""-31650"", ""sel_8th_pre_req_pre"": ""+30"", ""sel_8th_pre_req"": ""42"", ""sel_8th_pre_bid"": ""-31600"", ""sel_7th_pre_req_pre"": ""0"", ""sel_7th_pre_req"": ""12"", ""sel_7th_pre_bid"": ""-31550"", ""sel_6th_pre_req_pre"": ""0"", ""sel_6th_pre_req"": ""2"", ""sel_6th_pre_bid"": ""-31500"", ""sel_5th_pre_req_pre"": ""0"", ""sel_5th_pre_req"": ""34"", ""sel_5th_pre_bid"": ""-31450"", ""sel_4th_pre_req_pre"": ""0"", ""sel_4th_pre_req"": ""57"", ""sel_4th_pre_bid"": ""-31400"", ""sel_3th_pre_req_pre"": ""0"", ""sel_3th_pre_req"": ""49"", ""sel_3th_pre_bid"": ""-31350"", ""sel_2th_pre_req_pre"": ""0"", ""sel_2th_pre_req"": ""142"", ""sel_2th_pre_bid"": ""-31300"", ""sel_1th_pre_req_pre"": ""0"", ""sel_fpr_req"": ""49"", ""sel_fpr_bid"": ""-31250"", ""buy_fpr_bid"": ""-31200"", ""buy_fpr_req"": ""32"", ""buy_1th_pre_req_pre"": ""0"", ""buy_2th_pre_bid"": ""-31150"", ""buy_2th_pre_req"": ""40"", ""buy_2th_pre_req_pre"": ""0"", ""buy_3th_pre_bid"": ""-31100"", ""buy_3th_pre_req"": ""55"", ""buy_3th_pre_req_pre"": ""0"", ""buy_4th_pre_bid"": ""-31050"", ""buy_4th_pre_req"": ""93"", ""buy_4th_pre_req_pre"": ""0"", ""buy_5th_pre_bid"": ""-31000"", ""buy_5th_pre_req"": ""301"", ""buy_5th_pre_req_pre"": ""0"", ""buy_6th_pre_bid"": ""-30950"", ""buy_6th_pre_req"": ""42"", ""buy_6th_pre_req_pre"": ""0"", ""buy_7th_pre_bid"": ""-30900"", ""buy_7th_pre_req"": ""142"", ""buy_7th_pre_req_pre"": ""0"", ""buy_8th_pre_bid"": ""-30850"", ""buy_8th_pre_req"": ""32"", ""buy_8th_pre_req_pre"": ""0"", ""buy_9th_pre_bid"": ""-30800"", ""buy_9th_pre_req"": ""76"", ""buy_9th_pre_req_pre"": ""0"", ""buy_10th_pre_bid"": ""-30750"", ""buy_10th_pre_req"": ""252"", ""buy_10th_pre_req_pre"": ""0"", ""tot_sel_req_jub_pre"": ""+30"", ""tot_sel_req"": ""450"", ""tot_buy_req"": ""1065"", ""tot_buy_req_jub_pre"": ""0"", ""ovt_sel_req_pre"": ""0"", ""ovt_sel_req"": ""0"", ""ovt_buy_req"": ""0"", ""ovt_buy_req_pre"": ""0"", ""return_code"": 0, ""return_msg"": ""정상적으로 처리되었습니다""}"
2026-06-10,watchlist,055550,,0,filtered_candidate_recheck,98900,,98900,98800,98900,99000,0.0,0.10111223458038424,,,,,,"{""bid_req_base_tm"": ""111826"", ""sel_10th_pre_req_pre"": ""0"", ""sel_10th_pre_req"": ""300"", ""sel_10th_pre_bid"": ""-99800"", ""sel_9th_pre_req_pre"": ""0"", ""sel_9th_pre_req"": ""1027"", ""sel_9th_pre_bid"": ""-99700"", ""sel_8th_pre_req_pre"": ""0"", ""sel_8th_pre_req"": ""64"", ""sel_8th_pre_bid"": ""-99600"", ""sel_7th_pre_req_pre"": ""0"", ""sel_7th_pre_req"": ""72"", ""sel_7th_pre_bid"": ""-99500"", ""sel_6th_pre_req_pre"": ""0"", ""sel_6th_pre_req"": ""7"", ""sel_6th_pre_bid"": ""-99400"", ""sel_5th_pre_req_pre"": ""0"", ""sel_5th_pre_req"": ""236"", ""sel_5th_pre_bid"": ""-99300"", ""sel_4th_pre_req_pre"": ""0"", ""sel_4th_pre_req"": ""1"", ""sel_4th_pre_bid"": ""-99200"", ""sel_3th_pre_req_pre"": ""0"", ""sel_3th_pre_req"": ""94"", ""sel_3th_pre_bid"": ""-99100"", ""sel_2th_pre_req_pre"": ""0"", ""sel_2th_pre_req"": ""845"", ""sel_2th_pre_bid"": ""-99000"", ""sel_1th_pre_req_pre"": ""0"", ""sel_fpr_req"": ""464"", ""sel_fpr_bid"": ""-98900"", ""buy_fpr_bid"": ""-98800"", ""buy_fpr_req"": ""775"", ""buy_1th_pre_req_pre"": ""0"", ""buy_2th_pre_bid"": ""-98700"", ""buy_2th_pre_req"": ""811"", ""buy_2th_pre_req_pre"": ""0"", ""buy_3th_pre_bid"": ""-98600"", ""buy_3th_pre_req"": ""555"", ""buy_3th_pre_req_pre"": ""0"", ""buy_4th_pre_bid"": ""-98500"", ""buy_4th_pre_req"": ""306"", ""buy_4th_pre_req_pre"": ""0"", ""buy_5th_pre_bid"": ""-98400"", ""buy_5th_pre_req"": ""549"", ""buy_5th_pre_req_pre"": ""0"", ""buy_6th_pre_bid"": ""-98300"", ""buy_6th_pre_req"": ""675"", ""buy_6th_pre_req_pre"": ""0"", ""buy_7th_pre_bid"": ""-98200"", ""buy_7th_pre_req"": ""1502"", ""buy_7th_pre_req_pre"": ""0"", ""buy_8th_pre_bid"": ""-98100"", ""buy_8th_pre_req"": ""703"", ""buy_8th_pre_req_pre"": ""0"", ""buy_9th_pre_bid"": ""-98000"", ""buy_9th_pre_req"": ""1887"", ""buy_9th_pre_req_pre"": ""0"", ""buy_10th_pre_bid"": ""-97900"", ""buy_10th_pre_req"": ""284"", ""buy_10th_pre_req_pre"": ""0"", ""tot_sel_req_jub_pre"": ""0"", ""tot_sel_req"": ""3110"", ""tot_buy_req"": ""8047"", ""tot_buy_req_jub_pre"": ""0"", ""ovt_sel_req_pre"": ""0"", ""ovt_sel_req"": ""0"", ""ovt_buy_req"": ""0"", ""ovt_buy_req_pre"": ""0"", ""return_code"": 0, ""return_msg"": ""정상적으로 처리되었습니다""}"
2026-06-10,watchlist,192080,,1,filtered_candidate_recheck,71300,,71300,71200,71300,71800,0.5610098176718092,0.1402524544179523,,,,,,"{""bid_req_base_tm"": ""111826"", ""sel_10th_pre_req_pre"": ""0"", ""sel_10th_pre_req"": ""128"", ""sel_10th_pre_bid"": ""+72400"", ""sel_9th_pre_req_pre"": ""0"", ""sel_9th_pre_req"": ""10"", ""sel_9th_pre_bid"": ""+72300"", ""sel_8th_pre_req_pre"": ""0"", ""sel_8th_pre_req"": ""10"", ""sel_8th_pre_bid"": ""+72200"", ""sel_7th_pre_req_pre"": ""0"", ""sel_7th_pre_req"": ""6"", ""sel_7th_pre_bid"": ""+72100"", ""sel_6th_pre_req_pre"": ""0"", ""sel_6th_pre_req"": ""5"", ""sel_6th_pre_bid"": ""72000"", ""sel_5th_pre_req_pre"": ""0"", ""sel_5th_pre_req"": ""5"", ""sel_5th_pre_bid"": ""-71800"", ""sel_4th_pre_req_pre"": ""0"", ""sel_4th_pre_req"": ""42"", ""sel_4th_pre_bid"": ""-71600"", ""sel_3th_pre_req_pre"": ""0"", ""sel_3th_pre_req"": ""28"", ""sel_3th_pre_bid"": ""-71500"", ""sel_2th_pre_req_pre"": ""0"", ""sel_2th_pre_req"": ""8"", ""sel_2th_pre_bid"": ""-71400"", ""sel_1th_pre_req_pre"": ""0"", ""sel_fpr_req"": ""14"", ""sel_fpr_bid"": ""-71300"", ""buy_fpr_bid"": ""-71200"", ""buy_fpr_req"": ""380"", ""buy_1th_pre_req_pre"": ""+14"", ""buy_2th_pre_bid"": ""-71100"", ""buy_2th_pre_req"": ""44"", ""buy_2th_pre_req_pre"": ""0"", ""buy_3th_pre_bid"": ""-71000"", ""buy_3th_pre_req"": ""30"", ""buy_3th_pre_req_pre"": ""--14"", ""buy_4th_pre_bid"": ""-70900"", ""buy_4th_pre_req"": ""40"", ""buy_4th_pre_req_pre"": ""0"", ""buy_5th_pre_bid"": ""-70800"", ""buy_5th_pre_req"": ""92"", ""buy_5th_pre_req_pre"": ""0"", ""buy_6th_pre_bid"": ""-70700"", ""buy_6th_pre_req"": ""140"", ""buy_6th_pre_req_pre"": ""0"", ""buy_7th_pre_bid"": ""-70600"", ""buy_7th_pre_req"": ""100"", ""buy_7th_pre_req_pre"": ""0"", ""buy_8th_pre_bid"": ""-70500"", ""buy_8th_pre_req"": ""81"", ""buy_8th_pre_req_pre"": ""0"", ""buy_9th_pre_bid"": ""-70400"", ""buy_9th_pre_req"": ""182"", ""buy_9th_pre_req_pre"": ""0"", ""buy_10th_pre_bid"": ""-70300"", ""buy_10th_pre_req"": ""94"", ""buy_10th_pre_req_pre"": ""0"", ""tot_sel_req_jub_pre"": ""0"", ""tot_sel_req"": ""256"", ""tot_buy_req"": ""1183"", ""tot_buy_req_jub_pre"": ""0"", ""ovt_sel_req_pre"": ""0"", ""ovt_sel_req"": ""0"", ""ovt_buy_req"": ""0"", ""ovt_buy_req_pre"": ""0"", ""return_code"": 0, ""return_msg"": ""정상적으로 처리되었습니다""}"
2026-06-10,watchlist,000430,,1,filtered_candidate_recheck,5590,,5590,5580,5590,5610,0.17889087656529518,0.17889087656529518,,,,,,"{""bid_req_base_tm"": ""111825"", ""sel_10th_pre_req_pre"": ""0"", ""sel_10th_pre_req"": ""1033"", ""sel_10th_pre_bid"": ""-5680"", ""sel_9th_pre_req_pre"": ""0"", ""sel_9th_pre_req"": ""187"", ""sel_9th_pre_bid"": ""-5670"", ""sel_8th_pre_req_pre"": ""0"", ""sel_8th_pre_req"": ""125"", ""sel_8th_pre_bid"": ""-5660"", ""sel_7th_pre_req_pre"": ""0"", ""sel_7th_pre_req"": ""230"", ""sel_7th_pre_bid"": ""-5650"", ""sel_6th_pre_req_pre"": ""0"", ""sel_6th_pre_req"": ""165"", ""sel_6th_pre_bid"": ""-5640"", ""sel_5th_pre_req_pre"": ""0"", ""sel_5th_pre_req"": ""733"", ""sel_5th_pre_bid"": ""-5630"", ""sel_4th_pre_req_pre"": ""0"", ""sel_4th_pre_req"": ""1591"", ""sel_4th_pre_bid"": ""-5620"", ""sel_3th_pre_req_pre"": ""0"", ""sel_3th_pre_req"": ""4894"", ""sel_3th_pre_bid"": ""-5610"", ""sel_2th_pre_req_pre"": ""0"", ""sel_2th_pre_req"": ""359"", ""sel_2th_pre_bid"": ""-5600"", ""sel_1th_pre_req_pre"": ""0"", ""sel_fpr_req"": ""23"", ""sel_fpr_bid"": ""-5590"", ""buy_fpr_bid"": ""-5580"", ""buy_fpr_req"": ""1132"", ""buy_1th_pre_req_pre"": ""0"", ""buy_2th_pre_bid"": ""-5570"", ""buy_2th_pre_req"": ""2577"", ""buy_2th_pre_req_pre"": ""0"", ""buy_3th_pre_bid"": ""-5560"", ""buy_3th_pre_req"": ""3050"", ""buy_3th_pre_req_pre"": ""0"", ""buy_4th_pre_bid"": ""-5550"", ""buy_4th_pre_req"": ""7037"", ""buy_4th_pre_req_pre"": ""0"", ""buy_5th_pre_bid"": ""-5540"", ""buy_5th_pre_req"": ""3965"", ""buy_5th_pre_req_pre"": ""0"", ""buy_6th_pre_bid"": ""-5530"", ""buy_6th_pre_req"": ""6906"", ""buy_6th_pre_req_pre"": ""0"", ""buy_7th_pre_bid"": ""-5520"", ""buy_7th_pre_req"": ""10405"", ""buy_7th_pre_req_pre"": ""0"", ""buy_8th_pre_bid"": ""-5510"", ""buy_8th_pre_req"": ""11085"", ""buy_8th_pre_req_pre"": ""0"", ""buy_9th_pre_bid"": ""-5500"", ""buy_9th_pre_req"": ""26405"", ""buy_9th_pre_req_pre"": ""0"", ""buy_10th_pre_bid"": ""-5490"", ""buy_10th_pre_req"": ""7108"", ""buy_10th_pre_req_pre"": ""0"", ""tot_sel_req_jub_pre"": ""0"", ""tot_sel_req"": ""9340"", ""tot_buy_req"": ""79670"", ""tot_buy_req_jub_pre"": ""0"", ""ovt_sel_req_pre"": ""0"", ""ovt_sel_req"": ""0"", ""ovt_buy_req"": ""0"", ""ovt_buy_req_pre"": ""0"", ""return_code"": 0, ""return_msg"": ""정상적으로 처리되었습니다""}"
2026-06-10,watchlist,307950,,0,filtered_candidate_recheck,684000,,684000,683000,684000,684000,-0.14619883040935672,0.14619883040935672,,,,,,"{""bid_req_base_tm"": ""111828"", ""sel_10th_pre_req_pre"": ""0"", ""sel_10th_pre_req"": ""0"", ""sel_10th_pre_bid"": ""0"", ""sel_9th_pre_req_pre"": ""0"", ""sel_9th_pre_req"": ""0"", ""sel_9th_pre_bid"": ""0"", ""sel_8th_pre_req_pre"": ""0"", ""sel_8th_pre_req"": ""0"", ""sel_8th_pre_bid"": ""0"", ""sel_7th_pre_req_pre"": ""0"", ""sel_7th_pre_req"": ""0"", ""sel_7th_pre_bid"": ""0"", ""sel_6th_pre_req_pre"": ""0"", ""sel_6th_pre_req"": ""0"", ""sel_6th_pre_bid"": ""0"", ""sel_5th_pre_req_pre"": ""0"", ""sel_5th_pre_req"": ""0"", ""sel_5th_pre_bid"": ""0"", ""sel_4th_pre_req_pre"": ""0"", ""sel_4th_pre_req"": ""0"", ""sel_4th_pre_bid"": ""0"", ""sel_3th_pre_req_pre"": ""0"", ""sel_3th_pre_req"": ""56"", ""sel_3th_pre_bid"": ""-686000"", ""sel_2th_pre_req_pre"": ""0"", ""sel_2th_pre_req"": ""5"", ""sel_2th_pre_bid"": ""-685000"", ""sel_1th_pre_req_pre"": ""--1"", ""sel_fpr_req"": ""22"", ""sel_fpr_bid"": ""-684000"", ""buy_fpr_bid"": ""-683000"", ""buy_fpr_req"": ""253"", ""buy_1th_pre_req_pre"": ""0"", ""buy_2th_pre_bid"": ""-682000"", ""buy_2th_pre_req"": ""94"", ""buy_2th_pre_req_pre"": ""0"", ""buy_3th_pre_bid"": ""-681000"", ""buy_3th_pre_req"": ""160"", ""buy_3th_pre_req_pre"": ""0"", ""buy_4th_pre_bid"": ""0"", ""buy_4th_pre_req"": ""0"", ""buy_4th_pre_req_pre"": ""0"", ""buy_5th_pre_bid"": ""0"", ""buy_5th_pre_req"": ""0"", ""buy_5th_pre_req_pre"": ""0"", ""buy_6th_pre_bid"": ""0"", ""buy_6th_pre_req"": ""0"", ""buy_6th_pre_req_pre"": ""0"", ""buy_7th_pre_bid"": ""0"", ""buy_7th_pre_req"": ""0"", ""buy_7th_pre_req_pre"": ""0"", ""buy_8th_pre_bid"": ""0"", ""buy_8th_pre_req"": ""0"", ""buy_8th_pre_req_pre"": ""0"", ""buy_9th_pre_bid"": ""0"", ""buy_9th_pre_req"": ""0"", ""buy_9th_pre_req_pre"": ""0"", ""buy_10th_pre_bid"": ""0"", ""buy_10th_pre_req"": ""0"", ""buy_10th_pre_req_pre"": ""0"", ""tot_sel_req_jub_pre"": ""--1"", ""tot_sel_req"": ""83"", ""tot_buy_req"": ""507"", ""tot_buy_req_jub_pre"": ""0"", ""ovt_sel_req_pre"": ""0"", ""ovt_sel_req"": ""0"", ""ovt_buy_req"": ""0"", ""ovt_buy_req_pre"": ""0"", ""return_code"": 0, ""return_msg"": ""정상적으로 처리되었습니다""}"
2026-06-10,watchlist,114090,,0,filtered_candidate_recheck,12090,,12090,12070,12090,12050,-0.7444168734491315,0.1654259718775848,,,,,,"{""bid_req_base_tm"": ""111827"", ""sel_10th_pre_req_pre"": ""0"", ""sel_10th_pre_req"": ""331"", ""sel_10th_pre_bid"": ""+12180"", ""sel_9th_pre_req_pre"": ""0"", ""sel_9th_pre_req"": ""32"", ""sel_9th_pre_bid"": ""+12170"", ""sel_8th_pre_req_pre"": ""0"", ""sel_8th_pre_req"": ""10"", ""sel_8th_pre_bid"": ""+12160"", ""sel_7th_pre_req_pre"": ""0"", ""sel_7th_pre_req"": ""1185"", ""sel_7th_pre_bid"": ""+12150"", ""sel_6th_pre_req_pre"": ""0"", ""sel_6th_pre_req"": ""437"", ""sel_6th_pre_bid"": ""+12140"", ""sel_5th_pre_req_pre"": ""0"", ""sel_5th_pre_req"": ""414"", ""sel_5th_pre_bid"": ""+12130"", ""sel_4th_pre_req_pre"": ""0"", ""sel_4th_pre_req"": ""109"", ""sel_4th_pre_bid"": ""+12120"", ""sel_3th_pre_req_pre"": ""0"", ""sel_3th_pre_req"": ""6"", ""sel_3th_pre_bid"": ""+12110"", ""sel_2th_pre_req_pre"": ""0"", ""sel_2th_pre_req"": ""301"", ""sel_2th_pre_bid"": ""+12100"", ""sel_1th_pre_req_pre"": ""--10"", ""sel_fpr_req"": ""97"", ""sel_fpr_bid"": ""+12090"", ""buy_fpr_bid"": ""+12070"", ""buy_fpr_req"": ""381"", ""buy_1th_pre_req_pre"": ""0"", ""buy_2th_pre_bid"": ""+12060"", ""buy_2th_pre_req"": ""209"", ""buy_2th_pre_req_pre"": ""0"", ""buy_3th_pre_bid"": ""+12050"", ""buy_3th_pre_req"": ""520"", ""buy_3th_pre_req_pre"": ""0"", ""buy_4th_pre_bid"": ""+12040"", ""buy_4th_pre_req"": ""63"", ""buy_4th_pre_req_pre"": ""0"", ""buy_5th_pre_bid"": ""+12020"", ""buy_5th_pre_req"": ""65"", ""buy_5th_pre_req_pre"": ""0"", ""buy_6th_pre_bid"": ""+12010"", ""buy_6th_pre_req"": ""5"", ""buy_6th_pre_req_pre"": ""0"", ""buy_7th_pre_bid"": ""+12000"", ""buy_7th_pre_req"": ""596"", ""buy_7th_pre_req_pre"": ""0"", ""buy_8th_pre_bid"": ""+11990"", ""buy_8th_pre_req"": ""100"", ""buy_8th_pre_req_pre"": ""0"", ""buy_9th_pre_bid"": ""+11980"", ""buy_9th_pre_req"": ""203"", ""buy_9th_pre_req_pre"": ""0"", ""buy_10th_pre_bid"": ""+11970"", ""buy_10th_pre_req"": ""56"", ""buy_10th_pre_req_pre"": ""0"", ""tot_sel_req_jub_pre"": ""--10"", ""tot_sel_req"": ""2922"", ""tot_buy_req"": ""2198"", ""tot_buy_req_jub_pre"": ""0"", ""ovt_sel_req_pre"": ""0"", ""ovt_sel_req"": ""0"", ""ovt_buy_req"": ""0"", ""ovt_buy_req_pre"": ""0"", ""return_code"": 0, ""return_msg"": ""정상적으로 처리되었습니다""}"
2026-06-10,watchlist,281820,,1,filtered_candidate_recheck,66900,,66900,66600,66900,67200,0.29895366218236175,0.4484304932735426,,,,,,"{""bid_req_base_tm"": ""111827"", ""sel_10th_pre_req_pre"": ""0"", ""sel_10th_pre_req"": ""23"", ""sel_10th_pre_bid"": ""+68000"", ""sel_9th_pre_req_pre"": ""0"", ""sel_9th_pre_req"": ""34"", ""sel_9th_pre_bid"": ""+67900"", ""sel_8th_pre_req_pre"": ""0"", ""sel_8th_pre_req"": ""1"", ""sel_8th_pre_bid"": ""+67700"", ""sel_7th_pre_req_pre"": ""0"", ""sel_7th_pre_req"": ""141"", ""sel_7th_pre_bid"": ""+67500"", ""sel_6th_pre_req_pre"": ""0"", ""sel_6th_pre_req"": ""50"", ""sel_6th_pre_bid"": ""+67400"", ""sel_5th_pre_req_pre"": ""0"", ""sel_5th_pre_req"": ""11"", ""sel_5th_pre_bid"": ""+67300"", ""sel_4th_pre_req_pre"": ""0"", ""sel_4th_pre_req"": ""2"", ""sel_4th_pre_bid"": ""+67200"", ""sel_3th_pre_req_pre"": ""0"", ""sel_3th_pre_req"": ""33"", ""sel_3th_pre_bid"": ""+67100"", ""sel_2th_pre_req_pre"": ""0"", ""sel_2th_pre_req"": ""18"", ""sel_2th_pre_bid"": ""+67000"", ""sel_1th_pre_req_pre"": ""0"", ""sel_fpr_req"": ""13"", ""sel_fpr_bid"": ""+66900"", ""buy_fpr_bid"": ""+66600"", ""buy_fpr_req"": ""77"", ""buy_1th_pre_req_pre"": ""+63"", ""buy_2th_pre_bid"": ""+66500"", ""buy_2th_pre_req"": ""483"", ""buy_2th_pre_req_pre"": ""0"", ""buy_3th_pre_bid"": ""66400"", ""buy_3th_pre_req"": ""14"", ""buy_3th_pre_req_pre"": ""0"", ""buy_4th_pre_bid"": ""-66300"", ""buy_4th_pre_req"": ""9"", ""buy_4th_pre_req_pre"": ""0"", ""buy_5th_pre_bid"": ""-66200"", ""buy_5th_pre_req"": ""138"", ""buy_5th_pre_req_pre"": ""0"", ""buy_6th_pre_bid"": ""-66100"", ""buy_6th_pre_req"": ""85"", ""buy_6th_pre_req_pre"": ""0"", ""buy_7th_pre_bid"": ""-66000"", ""buy_7th_pre_req"": ""152"", ""buy_7th_pre_req_pre"": ""0"", ""buy_8th_pre_bid"": ""-65900"", ""buy_8th_pre_req"": ""1"", ""buy_8th_pre_req_pre"": ""0"", ""buy_9th_pre_bid"": ""-65800"", ""buy_9th_pre_req"": ""155"", ""buy_9th_pre_req_pre"": ""0"", ""buy_10th_pre_bid"": ""-65700"", ""buy_10th_pre_req"": ""304"", ""buy_10th_pre_req_pre"": ""0"", ""tot_sel_req_jub_pre"": ""0"", ""tot_sel_req"": ""326"", ""tot_buy_req"": ""1418"", ""tot_buy_req_jub_pre"": ""+63"", ""ovt_sel_req_pre"": ""0"", ""ovt_sel_req"": ""0"", ""ovt_buy_req"": ""0"", ""ovt_buy_req_pre"": ""0"", ""return_code"": 0, ""return_msg"": ""정상적으로 처리되었습니다""}"
2026-06-10,watchlist,489790,,0,filtered_candidate_recheck,67200,,67200,67000,67200,66900,-0.5952380952380952,0.2976190476190476,,,,,,"{""bid_req_base_tm"": ""111827"", ""sel_10th_pre_req_pre"": ""0"", ""sel_10th_pre_req"": ""50"", ""sel_10th_pre_bid"": ""+68100"", ""sel_9th_pre_req_pre"": ""0"", ""sel_9th_pre_req"": ""37"", ""sel_9th_pre_bid"": ""+68000"", ""sel_8th_pre_req_pre"": ""0"", ""sel_8th_pre_req"": ""36"", ""sel_8th_pre_bid"": ""+67900"", ""sel_7th_pre_req_pre"": ""0"", ""sel_7th_pre_req"": ""1351"", ""sel_7th_pre_bid"": ""+67800"", ""sel_6th_pre_req_pre"": ""0"", ""sel_6th_pre_req"": ""146"", ""sel_6th_pre_bid"": ""+67700"", ""sel_5th_pre_req_pre"": ""0"", ""sel_5th_pre_req"": ""55"", ""sel_5th_pre_bid"": ""+67600"", ""sel_4th_pre_req_pre"": ""0"", ""sel_4th_pre_req"": ""164"", ""sel_4th_pre_bid"": ""+67500"", ""sel_3th_pre_req_pre"": ""0"", ""sel_3th_pre_req"": ""99"", ""sel_3th_pre_bid"": ""+67400"", ""sel_2th_pre_req_pre"": ""0"", ""sel_2th_pre_req"": ""200"", ""sel_2th_pre_bid"": ""+67300"", ""sel_1th_pre_req_pre"": ""+33"", ""sel_fpr_req"": ""63"", ""sel_fpr_bid"": ""+67200"", ""buy_fpr_bid"": ""+67000"", ""buy_fpr_req"": ""14"", ""buy_1th_pre_req_pre"": ""--36"", ""buy_2th_pre_bid"": ""+66900"", ""buy_2th_pre_req"": ""72"", ""buy_2th_pre_req_pre"": ""0"", ""buy_3th_pre_bid"": ""+66800"", ""buy_3th_pre_req"": ""148"", ""buy_3th_pre_req_pre"": ""0"", ""buy_4th_pre_bid"": ""+66700"", ""buy_4th_pre_req"": ""20"", ""buy_4th_pre_req_pre"": ""0"", ""buy_5th_pre_bid"": ""+66600"", ""buy_5th_pre_req"": ""141"", ""buy_5th_pre_req_pre"": ""0"", ""buy_6th_pre_bid"": ""66500"", ""buy_6th_pre_req"": ""566"", ""buy_6th_pre_req_pre"": ""0"", ""buy_7th_pre_bid"": ""-66400"", ""buy_7th_pre_req"": ""57"", ""buy_7th_pre_req_pre"": ""0"", ""buy_8th_pre_bid"": ""-66300"", ""buy_8th_pre_req"": ""40"", ""buy_8th_pre_req_pre"": ""0"", ""buy_9th_pre_bid"": ""-66200"", ""buy_9th_pre_req"": ""221"", ""buy_9th_pre_req_pre"": ""0"", ""buy_10th_pre_bid"": ""-66100"", ""buy_10th_pre_req"": ""138"", ""buy_10th_pre_req_pre"": ""0"", ""tot_sel_req_jub_pre"": ""+33"", ""tot_sel_req"": ""2201"", ""tot_buy_req"": ""1417"", ""tot_buy_req_jub_pre"": ""--36"", ""ovt_sel_req_pre"": ""0"", ""ovt_sel_req"": ""0"", ""ovt_buy_req"": ""0"", ""ovt_buy_req_pre"": ""0"", ""return_code"": 0, ""return_msg"": ""정상적으로 처리되었습니다""}"
2026-06-10,watchlist,092200,,0,filtered_candidate_recheck,9560,,9560,9550,9560,9590,0.20920502092050208,0.10460251046025104,,,,,,"{""bid_req_base_tm"": ""111828"", ""sel_10th_pre_req_pre"": ""0"", ""sel_10th_pre_req"": ""165"", ""sel_10th_pre_bid"": ""-9650"", ""sel_9th_pre_req_pre"": ""0"", ""sel_9th_pre_req"": ""846"", ""sel_9th_pre_bid"": ""-9640"", ""sel_8th_pre_req_pre"": ""0"", ""sel_8th_pre_req"": ""105"", ""sel_8th_pre_bid"": ""-9630"", ""sel_7th_pre_req_pre"": ""0"", ""sel_7th_pre_req"": ""58"", ""sel_7th_pre_bid"": ""-9620"", ""sel_6th_pre_req_pre"": ""0"", ""sel_6th_pre_req"": ""43"", ""sel_6th_pre_bid"": ""-9610"", ""sel_5th_pre_req_pre"": ""0"", ""sel_5th_pre_req"": ""95"", ""sel_5th_pre_bid"": ""-9600"", ""sel_4th_pre_req_pre"": ""0"", ""sel_4th_pre_req"": ""118"", ""sel_4th_pre_bid"": ""-9590"", ""sel_3th_pre_req_pre"": ""0"", ""sel_3th_pre_req"": ""56"", ""sel_3th_pre_bid"": ""-9580"", ""sel_2th_pre_req_pre"": ""0"", ""sel_2th_pre_req"": ""29"", ""sel_2th_pre_bid"": ""-9570"", ""sel_1th_pre_req_pre"": ""0"", ""sel_fpr_req"": ""36"", ""sel_fpr_bid"": ""-9560"", ""buy_fpr_bid"": ""-9550"", ""buy_fpr_req"": ""442"", ""buy_1th_pre_req_pre"": ""0"", ""buy_2th_pre_bid"": ""-9540"", ""buy_2th_pre_req"": ""126"", ""buy_2th_pre_req_pre"": ""0"", ""buy_3th_pre_bid"": ""-9530"", ""buy_3th_pre_req"": ""9388"", ""buy_3th_pre_req_pre"": ""0"", ""buy_4th_pre_bid"": ""-9520"", ""buy_4th_pre_req"": ""52"", ""buy_4th_pre_req_pre"": ""0"", ""buy_5th_pre_bid"": ""-9510"", ""buy_5th_pre_req"": ""124"", ""buy_5th_pre_req_pre"": ""0"", ""buy_6th_pre_bid"": ""-9500"", ""buy_6th_pre_req"": ""613"", ""buy_6th_pre_req_pre"": ""0"", ""buy_7th_pre_bid"": ""-9490"", ""buy_7th_pre_req"": ""856"", ""buy_7th_pre_req_pre"": ""--6"", ""buy_8th_pre_bid"": ""-9480"", ""buy_8th_pre_req"": ""736"", ""buy_8th_pre_req_pre"": ""0"", ""buy_9th_pre_bid"": ""-9470"", ""buy_9th_pre_req"": ""767"", ""buy_9th_pre_req_pre"": ""0"", ""buy_10th_pre_bid"": ""-9460"", ""buy_10th_pre_req"": ""2123"", ""buy_10th_pre_req_pre"": ""0"", ""tot_sel_req_jub_pre"": ""0"", ""tot_sel_req"": ""1551"", ""tot_buy_req"": ""15227"", ""tot_buy_req_jub_pre"": ""--6"", ""ovt_sel_req_pre"": ""0"", ""ovt_sel_req"": ""0"", ""ovt_buy_req"": ""0"", ""ovt_buy_req_pre"": ""0"", ""return_code"": 0, ""return_msg"": ""정상적으로 처리되었습니다""}"
2026-06-10,watchlist,175330,,0,filtered_candidate_recheck,25550,,25550,25500,25550,25650,0.19569471624266144,0.19569471624266144,,,,,,"{""bid_req_base_tm"": ""111828"", ""sel_10th_pre_req_pre"": ""0"", ""sel_10th_pre_req"": ""114"", ""sel_10th_pre_bid"": ""+26000"", ""sel_9th_pre_req_pre"": ""0"", ""sel_9th_pre_req"": ""142"", ""sel_9th_pre_bid"": ""+25950"", ""sel_8th_pre_req_pre"": ""0"", ""sel_8th_pre_req"": ""562"", ""sel_8th_pre_bid"": ""25900"", ""sel_7th_pre_req_pre"": ""0"", ""sel_7th_pre_req"": ""469"", ""sel_7th_pre_bid"": ""-25850"", ""sel_6th_pre_req_pre"": ""0"", ""sel_6th_pre_req"": ""522"", ""sel_6th_pre_bid"": ""-25800"", ""sel_5th_pre_req_pre"": ""0"", ""sel_5th_pre_req"": ""89"", ""sel_5th_pre_bid"": ""-25750"", ""sel_4th_pre_req_pre"": ""0"", ""sel_4th_pre_req"": ""104"", ""sel_4th_pre_bid"": ""-25700"", ""sel_3th_pre_req_pre"": ""0"", ""sel_3th_pre_req"": ""321"", ""sel_3th_pre_bid"": ""-25650"", ""sel_2th_pre_req_pre"": ""0"", ""sel_2th_pre_req"": ""539"", ""sel_2th_pre_bid"": ""-25600"", ""sel_1th_pre_req_pre"": ""0"", ""sel_fpr_req"": ""1029"", ""sel_fpr_bid"": ""-25550"", ""buy_fpr_bid"": ""-25500"", ""buy_fpr_req"": ""1464"", ""buy_1th_pre_req_pre"": ""+13"", ""buy_2th_pre_bid"": ""-25450"", ""buy_2th_pre_req"": ""1391"", ""buy_2th_pre_req_pre"": ""0"", ""buy_3th_pre_bid"": ""-25400"", ""buy_3th_pre_req"": ""650"", ""buy_3th_pre_req_pre"": ""0"", ""buy_4th_pre_bid"": ""-25350"", ""buy_4th_pre_req"": ""436"", ""buy_4th_pre_req_pre"": ""0"", ""buy_5th_pre_bid"": ""-25300"", ""buy_5th_pre_req"": ""361"", ""buy_5th_pre_req_pre"": ""0"", ""buy_6th_pre_bid"": ""-25250"", ""buy_6th_pre_req"": ""505"", ""buy_6th_pre_req_pre"": ""0"", ""buy_7th_pre_bid"": ""-25200"", ""buy_7th_pre_req"": ""268"", ""buy_7th_pre_req_pre"": ""0"", ""buy_8th_pre_bid"": ""-25150"", ""buy_8th_pre_req"": ""768"", ""buy_8th_pre_req_pre"": ""0"", ""buy_9th_pre_bid"": ""-25100"", ""buy_9th_pre_req"": ""489"", ""buy_9th_pre_req_pre"": ""0"", ""buy_10th_pre_bid"": ""-25050"", ""buy_10th_pre_req"": ""597"", ""buy_10th_pre_req_pre"": ""0"", ""tot_sel_req_jub_pre"": ""0"", ""tot_sel_req"": ""3891"", ""tot_buy_req"": ""6929"", ""tot_buy_req_jub_pre"": ""+13"", ""ovt_sel_req_pre"": ""0"", ""ovt_sel_req"": ""0"", ""ovt_buy_req"": ""0"", ""ovt_buy_req_pre"": ""0"", ""return_code"": 0, ""return_msg"": ""정상적으로 처리되었습니다""}"
2026-06-10,watchlist,069960,,0,filtered_candidate_recheck,173900,,173900,173500,173900,173000,-0.8050603795284648,0.23001725129384704,,,,,,"{""bid_req_base_tm"": ""111829"", ""sel_10th_pre_req_pre"": ""0"", ""sel_10th_pre_req"": ""1"", ""sel_10th_pre_bid"": ""+174900"", ""sel_9th_pre_req_pre"": ""0"", ""sel_9th_pre_req"": ""2"", ""sel_9th_pre_bid"": ""+174800"", ""sel_8th_pre_req_pre"": ""0"", ""sel_8th_pre_req"": ""3"", ""sel_8th_pre_bid"": ""+174700"", ""sel_7th_pre_req_pre"": ""0"", ""sel_7th_pre_req"": ""3"", ""sel_7th_pre_bid"": ""+174600"", ""sel_6th_pre_req_pre"": ""0"", ""sel_6th_pre_req"": ""3"", ""sel_6th_pre_bid"": ""+174400"", ""sel_5th_pre_req_pre"": ""0"", ""sel_5th_pre_req"": ""3"", ""sel_5th_pre_bid"": ""+174300"", ""sel_4th_pre_req_pre"": ""0"", ""sel_4th_pre_req"": ""21"", ""sel_4th_pre_bid"": ""+174200"", ""sel_3th_pre_req_pre"": ""0"", ""sel_3th_pre_req"": ""82"", ""sel_3th_pre_bid"": ""+174100"", ""sel_2th_pre_req_pre"": ""0"", ""sel_2th_pre_req"": ""10"", ""sel_2th_pre_bid"": ""+174000"", ""sel_1th_pre_req_pre"": ""0"", ""sel_fpr_req"": ""35"", ""sel_fpr_bid"": ""+173900"", ""buy_fpr_bid"": ""+173500"", ""buy_fpr_req"": ""2"", ""buy_1th_pre_req_pre"": ""0"", ""buy_2th_pre_bid"": ""+173400"", ""buy_2th_pre_req"": ""123"", ""buy_2th_pre_req_pre"": ""0"", ""buy_3th_pre_bid"": ""+173300"", ""buy_3th_pre_req"": ""4"", ""buy_3th_pre_req_pre"": ""0"", ""buy_4th_pre_bid"": ""+173100"", ""buy_4th_pre_req"": ""6"", ""buy_4th_pre_req_pre"": ""0"", ""buy_5th_pre_bid"": ""+173000"", ""buy_5th_pre_req"": ""6"", ""buy_5th_pre_req_pre"": ""0"", ""buy_6th_pre_bid"": ""+172900"", ""buy_6th_pre_req"": ""1"", ""buy_6th_pre_req_pre"": ""0"", ""buy_7th_pre_bid"": ""+172500"", ""buy_7th_pre_req"": ""1"", ""buy_7th_pre_req_pre"": ""0"", ""buy_8th_pre_bid"": ""+172100"", ""buy_8th_pre_req"": ""1"", ""buy_8th_pre_req_pre"": ""0"", ""buy_9th_pre_bid"": ""+172000"", ""buy_9th_pre_req"": ""5"", ""buy_9th_pre_req_pre"": ""0"", ""buy_10th_pre_bid"": ""+171900"", ""buy_10th_pre_req"": ""11"", ""buy_10th_pre_req_pre"": ""0"", ""tot_sel_req_jub_pre"": ""0"", ""tot_sel_req"": ""163"", ""tot_buy_req"": ""160"", ""tot_buy_req_jub_pre"": ""+1"", ""ovt_sel_req_pre"": ""0"", ""ovt_sel_req"": ""0"", ""ovt_buy_req"": ""0"", ""ovt_buy_req_pre"": ""0"", ""return_code"": 0, ""return_msg"": ""정상적으로 처리되었습니다""}"
2026-06-10,watchlist,001450,,0,filtered_candidate_recheck,37750,,37750,37700,37750,37800,0.0,0.13245033112582782,,,,,,"{""bid_req_base_tm"": ""111827"", ""sel_10th_pre_req_pre"": ""0"", ""sel_10th_pre_req"": ""151"", ""sel_10th_pre_bid"": ""+38200"", ""sel_9th_pre_req_pre"": ""0"", ""sel_9th_pre_req"": ""137"", ""sel_9th_pre_bid"": ""+38150"", ""sel_8th_pre_req_pre"": ""0"", ""sel_8th_pre_req"": ""536"", ""sel_8th_pre_bid"": ""+38100"", ""sel_7th_pre_req_pre"": ""0"", ""sel_7th_pre_req"": ""164"", ""sel_7th_pre_bid"": ""+38050"", ""sel_6th_pre_req_pre"": ""0"", ""sel_6th_pre_req"": ""761"", ""sel_6th_pre_bid"": ""+38000"", ""sel_5th_pre_req_pre"": ""0"", ""sel_5th_pre_req"": ""147"", ""sel_5th_pre_bid"": ""+37950"", ""sel_4th_pre_req_pre"": ""0"", ""sel_4th_pre_req"": ""166"", ""sel_4th_pre_bid"": ""+37900"", ""sel_3th_pre_req_pre"": ""0"", ""sel_3th_pre_req"": ""681"", ""sel_3th_pre_bid"": ""+37850"", ""sel_2th_pre_req_pre"": ""0"", ""sel_2th_pre_req"": ""312"", ""sel_2th_pre_bid"": ""+37800"", ""sel_1th_pre_req_pre"": ""+45"", ""sel_fpr_req"": ""157"", ""sel_fpr_bid"": ""+37750"", ""buy_fpr_bid"": ""+37700"", ""buy_fpr_req"": ""1086"", ""buy_1th_pre_req_pre"": ""0"", ""buy_2th_pre_bid"": ""+37650"", ""buy_2th_pre_req"": ""518"", ""buy_2th_pre_req_pre"": ""0"", ""buy_3th_pre_bid"": ""+37600"", ""buy_3th_pre_req"": ""164"", ""buy_3th_pre_req_pre"": ""0"", ""buy_4th_pre_bid"": ""+37550"", ""buy_4th_pre_req"": ""575"", ""buy_4th_pre_req_pre"": ""0"", ""buy_5th_pre_bid"": ""+37500"", ""buy_5th_pre_req"": ""577"", ""buy_5th_pre_req_pre"": ""0"", ""buy_6th_pre_bid"": ""+37450"", ""buy_6th_pre_req"": ""382"", ""buy_6th_pre_req_pre"": ""0"", ""buy_7th_pre_bid"": ""+37400"", ""buy_7th_pre_req"": ""194"", ""buy_7th_pre_req_pre"": ""0"", ""buy_8th_pre_bid"": ""+37350"", ""buy_8th_pre_req"": ""132"", ""buy_8th_pre_req_pre"": ""0"", ""buy_9th_pre_bid"": ""+37300"", ""buy_9th_pre_req"": ""417"", ""buy_9th_pre_req_pre"": ""0"", ""buy_10th_pre_bid"": ""+37250"", ""buy_10th_pre_req"": ""209"", ""buy_10th_pre_req_pre"": ""0"", ""tot_sel_req_jub_pre"": ""+45"", ""tot_sel_req"": ""3212"", ""tot_buy_req"": ""4254"", ""tot_buy_req_jub_pre"": ""0"", ""ovt_sel_req_pre"": ""0"", ""ovt_sel_req"": ""0"", ""ovt_buy_req"": ""0"", ""ovt_buy_req_pre"": ""0"", ""return_code"": 0, ""return_msg"": ""정상적으로 처리되었습니다""}"
2026-06-10,watchlist,011070,,0,filtered_candidate_recheck,1125000,,1125000,1124000,1125000,1127000,0.08888888888888889,0.08888888888888889,,,,,,"{""bid_req_base_tm"": ""111830"", ""sel_10th_pre_req_pre"": ""0"", ""sel_10th_pre_req"": ""49"", ""sel_10th_pre_bid"": ""-1134000"", ""sel_9th_pre_req_pre"": ""0"", ""sel_9th_pre_req"": ""6"", ""sel_9th_pre_bid"": ""-1133000"", ""sel_8th_pre_req_pre"": ""0"", ""sel_8th_pre_req"": ""45"", ""sel_8th_pre_bid"": ""-1132000"", ""sel_7th_pre_req_pre"": ""0"", ""sel_7th_pre_req"": ""58"", ""sel_7th_pre_bid"": ""-1131000"", ""sel_6th_pre_req_pre"": ""0"", ""sel_6th_pre_req"": ""67"", ""sel_6th_pre_bid"": ""-1130000"", ""sel_5th_pre_req_pre"": ""0"", ""sel_5th_pre_req"": ""32"", ""sel_5th_pre_bid"": ""-1129000"", ""sel_4th_pre_req_pre"": ""0"", ""sel_4th_pre_req"": ""16"", ""sel_4th_pre_bid"": ""-1128000"", ""sel_3th_pre_req_pre"": ""0"", ""sel_3th_pre_req"": ""9"", ""sel_3th_pre_bid"": ""-1127000"", ""sel_2th_pre_req_pre"": ""0"", ""sel_2th_pre_req"": ""1"", ""sel_2th_pre_bid"": ""-1126000"", ""sel_1th_pre_req_pre"": ""0"", ""sel_fpr_req"": ""11"", ""sel_fpr_bid"": ""-1125000"", ""buy_fpr_bid"": ""-1124000"", ""buy_fpr_req"": ""3"", ""buy_1th_pre_req_pre"": ""0"", ""buy_2th_pre_bid"": ""-1123000"", ""buy_2th_pre_req"": ""59"", ""buy_2th_pre_req_pre"": ""0"", ""buy_3th_pre_bid"": ""-1122000"", ""buy_3th_pre_req"": ""79"", ""buy_3th_pre_req_pre"": ""0"", ""buy_4th_pre_bid"": ""-1121000"", ""buy_4th_pre_req"": ""32"", ""buy_4th_pre_req_pre"": ""0"", ""buy_5th_pre_bid"": ""-1120000"", ""buy_5th_pre_req"": ""416"", ""buy_5th_pre_req_pre"": ""0"", ""buy_6th_pre_bid"": ""-1119000"", ""buy_6th_pre_req"": ""26"", ""buy_6th_pre_req_pre"": ""0"", ""buy_7th_pre_bid"": ""-1118000"", ""buy_7th_pre_req"": ""104"", ""buy_7th_pre_req_pre"": ""0"", ""buy_8th_pre_bid"": ""-1117000"", ""buy_8th_pre_req"": ""33"", ""buy_8th_pre_req_pre"": ""0"", ""buy_9th_pre_bid"": ""-1116000"", ""buy_9th_pre_req"": ""26"", ""buy_9th_pre_req_pre"": ""0"", ""buy_10th_pre_bid"": ""-1115000"", ""buy_10th_pre_req"": ""47"", ""buy_10th_pre_req_pre"": ""0"", ""tot_sel_req_jub_pre"": ""--24"", ""tot_sel_req"": ""294"", ""tot_buy_req"": ""825"", ""tot_buy_req_jub_pre"": ""--21"", ""ovt_sel_req_pre"": ""0"", ""ovt_sel_req"": ""0"", ""ovt_buy_req"": ""0"", ""ovt_buy_req_pre"": ""0"", ""return_code"": 0, ""return_msg"": ""정상적으로 처리되었습니다""}"
2026-06-10,watchlist,088350,,0,filtered_candidate_recheck,4840,,4840,4835,4840,4850,0.10330578512396695,0.10330578512396695,,,,,,"{""bid_req_base_tm"": ""111830"", ""sel_10th_pre_req_pre"": ""0"", ""sel_10th_pre_req"": ""2347"", ""sel_10th_pre_bid"": ""-4885"", ""sel_9th_pre_req_pre"": ""0"", ""sel_9th_pre_req"": ""503"", ""sel_9th_pre_bid"": ""-4880"", ""sel_8th_pre_req_pre"": ""0"", ""sel_8th_pre_req"": ""574"", ""sel_8th_pre_bid"": ""-4875"", ""sel_7th_pre_req_pre"": ""0"", ""sel_7th_pre_req"": ""8"", ""sel_7th_pre_bid"": ""-4870"", ""sel_6th_pre_req_pre"": ""0"", ""sel_6th_pre_req"": ""1868"", ""sel_6th_pre_bid"": ""-4865"", ""sel_5th_pre_req_pre"": ""0"", ""sel_5th_pre_req"": ""1657"", ""sel_5th_pre_bid"": ""-4860"", ""sel_4th_pre_req_pre"": ""0"", ""sel_4th_pre_req"": ""1000"", ""sel_4th_pre_bid"": ""-4855"", ""sel_3th_pre_req_pre"": ""0"", ""sel_3th_pre_req"": ""562"", ""sel_3th_pre_bid"": ""-4850"", ""sel_2th_pre_req_pre"": ""0"", ""sel_2th_pre_req"": ""964"", ""sel_2th_pre_bid"": ""-4845"", ""sel_1th_pre_req_pre"": ""0"", ""sel_fpr_req"": ""377"", ""sel_fpr_bid"": ""-4840"", ""buy_fpr_bid"": ""-4835"", ""buy_fpr_req"": ""108"", ""buy_1th_pre_req_pre"": ""0"", ""buy_2th_pre_bid"": ""-4830"", ""buy_2th_pre_req"": ""155"", ""buy_2th_pre_req_pre"": ""0"", ""buy_3th_pre_bid"": ""-4825"", ""buy_3th_pre_req"": ""58"", ""buy_3th_pre_req_pre"": ""0"", ""buy_4th_pre_bid"": ""-4820"", ""buy_4th_pre_req"": ""10428"", ""buy_4th_pre_req_pre"": ""0"", ""buy_5th_pre_bid"": ""-4815"", ""buy_5th_pre_req"": ""26230"", ""buy_5th_pre_req_pre"": ""--9"", ""buy_6th_pre_bid"": ""-4810"", ""buy_6th_pre_req"": ""5771"", ""buy_6th_pre_req_pre"": ""0"", ""buy_7th_pre_bid"": ""-4805"", ""buy_7th_pre_req"": ""10828"", ""buy_7th_pre_req_pre"": ""0"", ""buy_8th_pre_bid"": ""-4800"", ""buy_8th_pre_req"": ""18218"", ""buy_8th_pre_req_pre"": ""0"", ""buy_9th_pre_bid"": ""-4795"", ""buy_9th_pre_req"": ""10073"", ""buy_9th_pre_req_pre"": ""0"", ""buy_10th_pre_bid"": ""-4790"", ""buy_10th_pre_req"": ""13575"", ""buy_10th_pre_req_pre"": ""0"", ""tot_sel_req_jub_pre"": ""0"", ""tot_sel_req"": ""9860"", ""tot_buy_req"": ""95444"", ""tot_buy_req_jub_pre"": ""--9"", ""ovt_sel_req_pre"": ""0"", ""ovt_sel_req"": ""0"", ""ovt_buy_req"": ""0"", ""ovt_buy_req_pre"": ""0"", ""return_code"": 0, ""return_msg"": ""정상적으로 처리되었습니다""}"
2026-06-10,watchlist,195870,,0,filtered_candidate_recheck,75800,,75800,75700,75800,76300,0.5277044854881267,0.13192612137203166,,,,,,"{""bid_req_base_tm"": ""111829"", ""sel_10th_pre_req_pre"": ""0"", ""sel_10th_pre_req"": ""40"", ""sel_10th_pre_bid"": ""+77000"", ""sel_9th_pre_req_pre"": ""0"", ""sel_9th_pre_req"": ""40"", ""sel_9th_pre_bid"": ""+76900"", ""sel_8th_pre_req_pre"": ""0"", ""sel_8th_pre_req"": ""30"", ""sel_8th_pre_bid"": ""+76800"", ""sel_7th_pre_req_pre"": ""0"", ""sel_7th_pre_req"": ""10"", ""sel_7th_pre_bid"": ""+76700"", ""sel_6th_pre_req_pre"": ""0"", ""sel_6th_pre_req"": ""302"", ""sel_6th_pre_bid"": ""+76600"", ""sel_5th_pre_req_pre"": ""0"", ""sel_5th_pre_req"": ""52"", ""sel_5th_pre_bid"": ""+76500"", ""sel_4th_pre_req_pre"": ""0"", ""sel_4th_pre_req"": ""1"", ""sel_4th_pre_bid"": ""+76100"", ""sel_3th_pre_req_pre"": ""0"", ""sel_3th_pre_req"": ""2"", ""sel_3th_pre_bid"": ""+76000"", ""sel_2th_pre_req_pre"": ""0"", ""sel_2th_pre_req"": ""1"", ""sel_2th_pre_bid"": ""+75900"", ""sel_1th_pre_req_pre"": ""0"", ""sel_fpr_req"": ""1"", ""sel_fpr_bid"": ""+75800"", ""buy_fpr_bid"": ""+75700"", ""buy_fpr_req"": ""172"", ""buy_1th_pre_req_pre"": ""0"", ""buy_2th_pre_bid"": ""+75600"", ""buy_2th_pre_req"": ""339"", ""buy_2th_pre_req_pre"": ""0"", ""buy_3th_pre_bid"": ""+75500"", ""buy_3th_pre_req"": ""10"", ""buy_3th_pre_req_pre"": ""0"", ""buy_4th_pre_bid"": ""+75400"", ""buy_4th_pre_req"": ""30"", ""buy_4th_pre_req_pre"": ""0"", ""buy_5th_pre_bid"": ""+75300"", ""buy_5th_pre_req"": ""54"", ""buy_5th_pre_req_pre"": ""0"", ""buy_6th_pre_bid"": ""+75200"", ""buy_6th_pre_req"": ""52"", ""buy_6th_pre_req_pre"": ""0"", ""buy_7th_pre_bid"": ""+75100"", ""buy_7th_pre_req"": ""93"", ""buy_7th_pre_req_pre"": ""0"", ""buy_8th_pre_bid"": ""+75000"", ""buy_8th_pre_req"": ""39"", ""buy_8th_pre_req_pre"": ""0"", ""buy_9th_pre_bid"": ""+74900"", ""buy_9th_pre_req"": ""33"", ""buy_9th_pre_req_pre"": ""0"", ""buy_10th_pre_bid"": ""+74800"", ""buy_10th_pre_req"": ""95"", ""buy_10th_pre_req_pre"": ""0"", ""tot_sel_req_jub_pre"": ""0"", ""tot_sel_req"": ""479"", ""tot_buy_req"": ""917"", ""tot_buy_req_jub_pre"": ""0"", ""ovt_sel_req_pre"": ""0"", ""ovt_sel_req"": ""0"", ""ovt_buy_req"": ""0"", ""ovt_buy_req_pre"": ""0"", ""return_code"": 0, ""return_msg"": ""정상적으로 처리되었습니다""}"
2026-06-10,watchlist,042700,,0,filtered_candidate_recheck,280500,,280500,280000,280500,281000,0.0,0.17825311942959002,,,,,,"{""bid_req_base_tm"": ""111829"", ""sel_10th_pre_req_pre"": ""+139"", ""sel_10th_pre_req"": ""675"", ""sel_10th_pre_bid"": ""+285000"", ""sel_9th_pre_req_pre"": ""0"", ""sel_9th_pre_req"": ""180"", ""sel_9th_pre_bid"": ""+284500"", ""sel_8th_pre_req_pre"": ""0"", ""sel_8th_pre_req"": ""215"", ""sel_8th_pre_bid"": ""+284000"", ""sel_7th_pre_req_pre"": ""0"", ""sel_7th_pre_req"": ""103"", ""sel_7th_pre_bid"": ""+283500"", ""sel_6th_pre_req_pre"": ""0"", ""sel_6th_pre_req"": ""217"", ""sel_6th_pre_bid"": ""+283000"", ""sel_5th_pre_req_pre"": ""0"", ""sel_5th_pre_req"": ""89"", ""sel_5th_pre_bid"": ""+282500"", ""sel_4th_pre_req_pre"": ""0"", ""sel_4th_pre_req"": ""101"", ""sel_4th_pre_bid"": ""+282000"", ""sel_3th_pre_req_pre"": ""0"", ""sel_3th_pre_req"": ""118"", ""sel_3th_pre_bid"": ""+281500"", ""sel_2th_pre_req_pre"": ""0"", ""sel_2th_pre_req"": ""525"", ""sel_2th_pre_bid"": ""+281000"", ""sel_1th_pre_req_pre"": ""0"", ""sel_fpr_req"": ""600"", ""sel_fpr_bid"": ""+280500"", ""buy_fpr_bid"": ""+280000"", ""buy_fpr_req"": ""185"", ""buy_1th_pre_req_pre"": ""0"", ""buy_2th_pre_bid"": ""+279500"", ""buy_2th_pre_req"": ""873"", ""buy_2th_pre_req_pre"": ""0"", ""buy_3th_pre_bid"": ""+279000"", ""buy_3th_pre_req"": ""222"", ""buy_3th_pre_req_pre"": ""0"", ""buy_4th_pre_bid"": ""+278500"", ""buy_4th_pre_req"": ""416"", ""buy_4th_pre_req_pre"": ""0"", ""buy_5th_pre_bid"": ""+278000"", ""buy_5th_pre_req"": ""831"", ""buy_5th_pre_req_pre"": ""0"", ""buy_6th_pre_bid"": ""+277500"", ""buy_6th_pre_req"": ""318"", ""buy_6th_pre_req_pre"": ""0"", ""buy_7th_pre_bid"": ""+277000"", ""buy_7th_pre_req"": ""762"", ""buy_7th_pre_req_pre"": ""0"", ""buy_8th_pre_bid"": ""276500"", ""buy_8th_pre_req"": ""850"", ""buy_8th_pre_req_pre"": ""0"", ""buy_9th_pre_bid"": ""-276000"", ""buy_9th_pre_req"": ""477"", ""buy_9th_pre_req_pre"": ""0"", ""buy_10th_pre_bid"": ""-275500"", ""buy_10th_pre_req"": ""214"", ""buy_10th_pre_req_pre"": ""0"", ""tot_sel_req_jub_pre"": ""+139"", ""tot_sel_req"": ""2823"", ""tot_buy_req"": ""5148"", ""tot_buy_req_jub_pre"": ""0"", ""ovt_sel_req_pre"": ""0"", ""ovt_sel_req"": ""0"", ""ovt_buy_req"": ""0"", ""ovt_buy_req_pre"": ""0"", ""return_code"": 0, ""return_msg"": ""정상적으로 처리되었습니다""}"
2026-06-10,watchlist,003160,,0,filtered_candidate_recheck,28050,,28050,27950,28050,28050,-0.17825311942959002,0.35650623885918004,,,,,,"{""bid_req_base_tm"": ""111830"", ""sel_10th_pre_req_pre"": ""0"", ""sel_10th_pre_req"": ""44"", ""sel_10th_pre_bid"": ""+28550"", ""sel_9th_pre_req_pre"": ""0"", ""sel_9th_pre_req"": ""6"", ""sel_9th_pre_bid"": ""+28500"", ""sel_8th_pre_req_pre"": ""0"", ""sel_8th_pre_req"": ""2070"", ""sel_8th_pre_bid"": ""+28400"", ""sel_7th_pre_req_pre"": ""0"", ""sel_7th_pre_req"": ""110"", ""sel_7th_pre_bid"": ""+28350"", ""sel_6th_pre_req_pre"": ""0"", ""sel_6th_pre_req"": ""203"", ""sel_6th_pre_bid"": ""+28300"", ""sel_5th_pre_req_pre"": ""0"", ""sel_5th_pre_req"": ""99"", ""sel_5th_pre_bid"": ""+28250"", ""sel_4th_pre_req_pre"": ""0"", ""sel_4th_pre_req"": ""112"", ""sel_4th_pre_bid"": ""+28200"", ""sel_3th_pre_req_pre"": ""0"", ""sel_3th_pre_req"": ""142"", ""sel_3th_pre_bid"": ""+28150"", ""sel_2th_pre_req_pre"": ""0"", ""sel_2th_pre_req"": ""214"", ""sel_2th_pre_bid"": ""+28100"", ""sel_1th_pre_req_pre"": ""--2"", ""sel_fpr_req"": ""141"", ""sel_fpr_bid"": ""28050"", ""buy_fpr_bid"": ""-27950"", ""buy_fpr_req"": ""172"", ""buy_1th_pre_req_pre"": ""0"", ""buy_2th_pre_bid"": ""-27900"", ""buy_2th_pre_req"": ""289"", ""buy_2th_pre_req_pre"": ""0"", ""buy_3th_pre_bid"": ""-27850"", ""buy_3th_pre_req"": ""495"", ""buy_3th_pre_req_pre"": ""0"", ""buy_4th_pre_bid"": ""-27800"", ""buy_4th_pre_req"": ""416"", ""buy_4th_pre_req_pre"": ""0"", ""buy_5th_pre_bid"": ""-27750"", ""buy_5th_pre_req"": ""828"", ""buy_5th_pre_req_pre"": ""0"", ""buy_6th_pre_bid"": ""-27700"", ""buy_6th_pre_req"": ""258"", ""buy_6th_pre_req_pre"": ""0"", ""buy_7th_pre_bid"": ""-27650"", ""buy_7th_pre_req"": ""123"", ""buy_7th_pre_req_pre"": ""0"", ""buy_8th_pre_bid"": ""-27600"", ""buy_8th_pre_req"": ""289"", ""buy_8th_pre_req_pre"": ""0"", ""buy_9th_pre_bid"": ""-27550"", ""buy_9th_pre_req"": ""309"", ""buy_9th_pre_req_pre"": ""0"", ""buy_10th_pre_bid"": ""-27500"", ""buy_10th_pre_req"": ""1160"", ""buy_10th_pre_req_pre"": ""0"", ""tot_sel_req_jub_pre"": ""--2"", ""tot_sel_req"": ""3141"", ""tot_buy_req"": ""4339"", ""tot_buy_req_jub_pre"": ""0"", ""ovt_sel_req_pre"": ""0"", ""ovt_sel_req"": ""0"", ""ovt_buy_req"": ""0"", ""ovt_buy_req_pre"": ""0"", ""return_code"": 0, ""return_msg"": ""정상적으로 처리되었습니다""}"
2026-06-10,watchlist,005940,,1,filtered_candidate_recheck,30750,,30750,30650,30750,30900,0.3252032520325203,0.3252032520325203,,,,,,"{""bid_req_base_tm"": ""111830"", ""sel_10th_pre_req_pre"": ""0"", ""sel_10th_pre_req"": ""409"", ""sel_10th_pre_bid"": ""-31200"", ""sel_9th_pre_req_pre"": ""--10"", ""sel_9th_pre_req"": ""5"", ""sel_9th_pre_bid"": ""-31150"", ""sel_8th_pre_req_pre"": ""0"", ""sel_8th_pre_req"": ""50"", ""sel_8th_pre_bid"": ""-31100"", ""sel_7th_pre_req_pre"": ""0"", ""sel_7th_pre_req"": ""110"", ""sel_7th_pre_bid"": ""-31050"", ""sel_6th_pre_req_pre"": ""0"", ""sel_6th_pre_req"": ""104"", ""sel_6th_pre_bid"": ""-31000"", ""sel_5th_pre_req_pre"": ""0"", ""sel_5th_pre_req"": ""212"", ""sel_5th_pre_bid"": ""-30950"", ""sel_4th_pre_req_pre"": ""0"", ""sel_4th_pre_req"": ""357"", ""sel_4th_pre_bid"": ""-30900"", ""sel_3th_pre_req_pre"": ""0"", ""sel_3th_pre_req"": ""496"", ""sel_3th_pre_bid"": ""-30850"", ""sel_2th_pre_req_pre"": ""0"", ""sel_2th_pre_req"": ""356"", ""sel_2th_pre_bid"": ""-30800"", ""sel_1th_pre_req_pre"": ""0"", ""sel_fpr_req"": ""223"", ""sel_fpr_bid"": ""-30750"", ""buy_fpr_bid"": ""-30650"", ""buy_fpr_req"": ""3071"", ""buy_1th_pre_req_pre"": ""0"", ""buy_2th_pre_bid"": ""-30600"", ""buy_2th_pre_req"": ""938"", ""buy_2th_pre_req_pre"": ""0"", ""buy_3th_pre_bid"": ""-30550"", ""buy_3th_pre_req"": ""291"", ""buy_3th_pre_req_pre"": ""0"", ""buy_4th_pre_bid"": ""-30500"", ""buy_4th_pre_req"": ""2223"", ""buy_4th_pre_req_pre"": ""0"", ""buy_5th_pre_bid"": ""-30450"", ""buy_5th_pre_req"": ""1426"", ""buy_5th_pre_req_pre"": ""0"", ""buy_6th_pre_bid"": ""-30400"", ""buy_6th_pre_req"": ""736"", ""buy_6th_pre_req_pre"": ""0"", ""buy_7th_pre_bid"": ""-30350"", ""buy_7th_pre_req"": ""829"", ""buy_7th_pre_req_pre"": ""0"", ""buy_8th_pre_bid"": ""-30300"", ""buy_8th_pre_req"": ""3018"", ""buy_8th_pre_req_pre"": ""0"", ""buy_9th_pre_bid"": ""-30250"", ""buy_9th_pre_req"": ""225"", ""buy_9th_pre_req_pre"": ""0"", ""buy_10th_pre_bid"": ""-30200"", ""buy_10th_pre_req"": ""1392"", ""buy_10th_pre_req_pre"": ""0"", ""tot_sel_req_jub_pre"": ""+379"", ""tot_sel_req"": ""2322"", ""tot_buy_req"": ""14149"", ""tot_buy_req_jub_pre"": ""0"", ""ovt_sel_req_pre"": ""0"", ""ovt_sel_req"": ""0"", ""ovt_buy_req"": ""0"", ""ovt_buy_req_pre"": ""0"", ""return_code"": 0, ""return_msg"": ""정상적으로 처리되었습니다""}"
2026-06-10,watchlist,120110,,0,filtered_candidate_recheck,70300,,70300,70200,70300,70500,0.1422475106685633,0.1422475106685633,,,,,,"{""bid_req_base_tm"": ""111830"", ""sel_10th_pre_req_pre"": ""0"", ""sel_10th_pre_req"": ""4"", ""sel_10th_pre_bid"": ""+71200"", ""sel_9th_pre_req_pre"": ""0"", ""sel_9th_pre_req"": ""10"", ""sel_9th_pre_bid"": ""+71100"", ""sel_8th_pre_req_pre"": ""0"", ""sel_8th_pre_req"": ""6"", ""sel_8th_pre_bid"": ""+71000"", ""sel_7th_pre_req_pre"": ""0"", ""sel_7th_pre_req"": ""2"", ""sel_7th_pre_bid"": ""+70900"", ""sel_6th_pre_req_pre"": ""0"", ""sel_6th_pre_req"": ""101"", ""sel_6th_pre_bid"": ""+70800"", ""sel_5th_pre_req_pre"": ""0"", ""sel_5th_pre_req"": ""20"", ""sel_5th_pre_bid"": ""+70700"", ""sel_4th_pre_req_pre"": ""0"", ""sel_4th_pre_req"": ""1"", ""sel_4th_pre_bid"": ""+70600"", ""sel_3th_pre_req_pre"": ""0"", ""sel_3th_pre_req"": ""118"", ""sel_3th_pre_bid"": ""+70500"", ""sel_2th_pre_req_pre"": ""--8"", ""sel_2th_pre_req"": ""178"", ""sel_2th_pre_bid"": ""+70400"", ""sel_1th_pre_req_pre"": ""+9"", ""sel_fpr_req"": ""97"", ""sel_fpr_bid"": ""+70300"", ""buy_fpr_bid"": ""+70200"", ""buy_fpr_req"": ""6"", ""buy_1th_pre_req_pre"": ""0"", ""buy_2th_pre_bid"": ""+70100"", ""buy_2th_pre_req"": ""17"", ""buy_2th_pre_req_pre"": ""0"", ""buy_3th_pre_bid"": ""+70000"", ""buy_3th_pre_req"": ""304"", ""buy_3th_pre_req_pre"": ""0"", ""buy_4th_pre_bid"": ""+69900"", ""buy_4th_pre_req"": ""103"", ""buy_4th_pre_req_pre"": ""0"", ""buy_5th_pre_bid"": ""+69800"", ""buy_5th_pre_req"": ""274"", ""buy_5th_pre_req_pre"": ""0"", ""buy_6th_pre_bid"": ""+69700"", ""buy_6th_pre_req"": ""47"", ""buy_6th_pre_req_pre"": ""0"", ""buy_7th_pre_bid"": ""+69600"", ""buy_7th_pre_req"": ""34"", ""buy_7th_pre_req_pre"": ""0"", ""buy_8th_pre_bid"": ""+69500"", ""buy_8th_pre_req"": ""35"", ""buy_8th_pre_req_pre"": ""0"", ""buy_9th_pre_bid"": ""+69400"", ""buy_9th_pre_req"": ""103"", ""buy_9th_pre_req_pre"": ""0"", ""buy_10th_pre_bid"": ""+69300"", ""buy_10th_pre_req"": ""23"", ""buy_10th_pre_req_pre"": ""0"", ""tot_sel_req_jub_pre"": ""+1"", ""tot_sel_req"": ""537"", ""tot_buy_req"": ""946"", ""tot_buy_req_jub_pre"": ""0"", ""ovt_sel_req_pre"": ""0"", ""ovt_sel_req"": ""0"", ""ovt_buy_req"": ""0"", ""ovt_buy_req_pre"": ""0"", ""return_code"": 0, ""return_msg"": ""정상적으로 처리되었습니다""}"
2026-06-10,watchlist,375500,,0,filtered_candidate_recheck,71400,,71400,71200,71400,71000,-0.700280112044818,0.2801120448179272,,,,,,"{""bid_req_base_tm"": ""111831"", ""sel_10th_pre_req_pre"": ""0"", ""sel_10th_pre_req"": ""730"", ""sel_10th_pre_bid"": ""+72300"", ""sel_9th_pre_req_pre"": ""0"", ""sel_9th_pre_req"": ""729"", ""sel_9th_pre_bid"": ""+72200"", ""sel_8th_pre_req_pre"": ""0"", ""sel_8th_pre_req"": ""426"", ""sel_8th_pre_bid"": ""+72100"", ""sel_7th_pre_req_pre"": ""0"", ""sel_7th_pre_req"": ""274"", ""sel_7th_pre_bid"": ""+72000"", ""sel_6th_pre_req_pre"": ""0"", ""sel_6th_pre_req"": ""203"", ""sel_6th_pre_bid"": ""+71900"", ""sel_5th_pre_req_pre"": ""0"", ""sel_5th_pre_req"": ""202"", ""sel_5th_pre_bid"": ""+71800"", ""sel_4th_pre_req_pre"": ""0"", ""sel_4th_pre_req"": ""25"", ""sel_4th_pre_bid"": ""+71700"", ""sel_3th_pre_req_pre"": ""0"", ""sel_3th_pre_req"": ""76"", ""sel_3th_pre_bid"": ""+71600"", ""sel_2th_pre_req_pre"": ""0"", ""sel_2th_pre_req"": ""255"", ""sel_2th_pre_bid"": ""+71500"", ""sel_1th_pre_req_pre"": ""+13"", ""sel_fpr_req"": ""98"", ""sel_fpr_bid"": ""+71400"", ""buy_fpr_bid"": ""+71200"", ""buy_fpr_req"": ""66"", ""buy_1th_pre_req_pre"": ""0"", ""buy_2th_pre_bid"": ""+71100"", ""buy_2th_pre_req"": ""107"", ""buy_2th_pre_req_pre"": ""0"", ""buy_3th_pre_bid"": ""+71000"", ""buy_3th_pre_req"": ""1"", ""buy_3th_pre_req_pre"": ""0"", ""buy_4th_pre_bid"": ""+70900"", ""buy_4th_pre_req"": ""101"", ""buy_4th_pre_req_pre"": ""0"", ""buy_5th_pre_bid"": ""+70800"", ""buy_5th_pre_req"": ""133"", ""buy_5th_pre_req_pre"": ""0"", ""buy_6th_pre_bid"": ""+70600"", ""buy_6th_pre_req"": ""2"", ""buy_6th_pre_req_pre"": ""0"", ""buy_7th_pre_bid"": ""+70500"", ""buy_7th_pre_req"": ""165"", ""buy_7th_pre_req_pre"": ""0"", ""buy_8th_pre_bid"": ""+70400"", ""buy_8th_pre_req"": ""44"", ""buy_8th_pre_req_pre"": ""0"", ""buy_9th_pre_bid"": ""+70300"", ""buy_9th_pre_req"": ""87"", ""buy_9th_pre_req_pre"": ""0"", ""buy_10th_pre_bid"": ""+70200"", ""buy_10th_pre_req"": ""84"", ""buy_10th_pre_req_pre"": ""0"", ""tot_sel_req_jub_pre"": ""+13"", ""tot_sel_req"": ""3018"", ""tot_buy_req"": ""790"", ""tot_buy_req_jub_pre"": ""0"", ""ovt_sel_req_pre"": ""0"", ""ovt_sel_req"": ""0"", ""ovt_buy_req"": ""0"", ""ovt_buy_req_pre"": ""0"", ""return_code"": 0, ""return_msg"": ""정상적으로 처리되었습니다""}"
2026-06-10,scan_candidate,005930,,0,main_scan,305000,,305000,304500,305000,306000,0.16393442622950818,0.16393442622950818,,,,,,"{""bid_req_base_tm"": ""112032"", ""sel_10th_pre_req_pre"": ""0"", ""sel_10th_pre_req"": ""20027"", ""sel_10th_pre_bid"": ""-309500"", ""sel_9th_pre_req_pre"": ""0"", ""sel_9th_pre_req"": ""13296"", ""sel_9th_pre_bid"": ""-309000"", ""sel_8th_pre_req_pre"": ""0"", ""sel_8th_pre_req"": ""25920"", ""sel_8th_pre_bid"": ""-308500"", ""sel_7th_pre_req_pre"": ""0"", ""sel_7th_pre_req"": ""27134"", ""sel_7th_pre_bid"": ""-308000"", ""sel_6th_pre_req_pre"": ""0"", ""sel_6th_pre_req"": ""16860"", ""sel_6th_pre_bid"": ""-307500"", ""sel_5th_pre_req_pre"": ""0"", ""sel_5th_pre_req"": ""7004"", ""sel_5th_pre_bid"": ""-307000"", ""sel_4th_pre_req_pre"": ""0"", ""sel_4th_pre_req"": ""18946"", ""sel_4th_pre_bid"": ""-306500"", ""sel_3th_pre_req_pre"": ""0"", ""sel_3th_pre_req"": ""19955"", ""sel_3th_pre_bid"": ""-306000"", ""sel_2th_pre_req_pre"": ""0"", ""sel_2th_pre_req"": ""14525"", ""sel_2th_pre_bid"": ""-305500"", ""sel_1th_pre_req_pre"": ""0"", ""sel_fpr_req"": ""7835"", ""sel_fpr_bid"": ""-305000"", ""buy_fpr_bid"": ""-304500"", ""buy_fpr_req"": ""33809"", ""buy_1th_pre_req_pre"": ""--41"", ""buy_2th_pre_bid"": ""-304000"", ""buy_2th_pre_req"": ""62781"", ""buy_2th_pre_req_pre"": ""0"", ""buy_3th_pre_bid"": ""-303500"", ""buy_3th_pre_req"": ""47230"", ""buy_3th_pre_req_pre"": ""0"", ""buy_4th_pre_bid"": ""-303000"", ""buy_4th_pre_req"": ""83635"", ""buy_4th_pre_req_pre"": ""0"", ""buy_5th_pre_bid"": ""-302500"", ""buy_5th_pre_req"": ""29550"", ""buy_5th_pre_req_pre"": ""0"", ""buy_6th_pre_bid"": ""-302000"", ""buy_6th_pre_req"": ""64084"", ""buy_6th_pre_req_pre"": ""--1"", ""buy_7th_pre_bid"": ""-301500"", ""buy_7th_pre_req"": ""51999"", ""buy_7th_pre_req_pre"": ""+1"", ""buy_8th_pre_bid"": ""-301000"", ""buy_8th_pre_req"": ""79975"", ""buy_8th_pre_req_pre"": ""0"", ""buy_9th_pre_bid"": ""-300500"", ""buy_9th_pre_req"": ""98757"", ""buy_9th_pre_req_pre"": ""0"", ""buy_10th_pre_bid"": ""-300000"", ""buy_10th_pre_req"": ""292063"", ""buy_10th_pre_req_pre"": ""--1"", ""tot_sel_req_jub_pre"": ""0"", ""tot_sel_req"": ""171502"", ""tot_buy_req"": ""843883"", ""tot_buy_req_jub_pre"": ""--42"", ""ovt_sel_req_pre"": ""0"", ""ovt_sel_req"": ""0"", ""ovt_buy_req"": ""0"", ""ovt_buy_req_pre"": ""0"", ""return_code"": 0, ""return_msg"": ""정상적으로 처리되었습니다""}"
2026-06-10,scan_candidate,000660,,0,main_scan,2092000,,2092000,2091000,2092000,2093000,0.0,0.04780114722753346,,,,,,"{""bid_req_base_tm"": ""112033"", ""sel_10th_pre_req_pre"": ""0"", ""sel_10th_pre_req"": ""139"", ""sel_10th_pre_bid"": ""-2101000"", ""sel_9th_pre_req_pre"": ""0"", ""sel_9th_pre_req"": ""763"", ""sel_9th_pre_bid"": ""-2100000"", ""sel_8th_pre_req_pre"": ""0"", ""sel_8th_pre_req"": ""827"", ""sel_8th_pre_bid"": ""-2099000"", ""sel_7th_pre_req_pre"": ""0"", ""sel_7th_pre_req"": ""217"", ""sel_7th_pre_bid"": ""-2098000"", ""sel_6th_pre_req_pre"": ""0"", ""sel_6th_pre_req"": ""376"", ""sel_6th_pre_bid"": ""-2097000"", ""sel_5th_pre_req_pre"": ""0"", ""sel_5th_pre_req"": ""405"", ""sel_5th_pre_bid"": ""-2096000"", ""sel_4th_pre_req_pre"": ""0"", ""sel_4th_pre_req"": ""170"", ""sel_4th_pre_bid"": ""-2095000"", ""sel_3th_pre_req_pre"": ""0"", ""sel_3th_pre_req"": ""165"", ""sel_3th_pre_bid"": ""-2094000"", ""sel_2th_pre_req_pre"": ""0"", ""sel_2th_pre_req"": ""332"", ""sel_2th_pre_bid"": ""-2093000"", ""sel_1th_pre_req_pre"": ""--3"", ""sel_fpr_req"": ""215"", ""sel_fpr_bid"": ""-2092000"", ""buy_fpr_bid"": ""-2091000"", ""buy_fpr_req"": ""82"", ""buy_1th_pre_req_pre"": ""0"", ""buy_2th_pre_bid"": ""-2090000"", ""buy_2th_pre_req"": ""2174"", ""buy_2th_pre_req_pre"": ""0"", ""buy_3th_pre_bid"": ""-2089000"", ""buy_3th_pre_req"": ""254"", ""buy_3th_pre_req_pre"": ""0"", ""buy_4th_pre_bid"": ""-2088000"", ""buy_4th_pre_req"": ""372"", ""buy_4th_pre_req_pre"": ""0"", ""buy_5th_pre_bid"": ""-2087000"", ""buy_5th_pre_req"": ""287"", ""buy_5th_pre_req_pre"": ""0"", ""buy_6th_pre_bid"": ""-2086000"", ""buy_6th_pre_req"": ""1236"", ""buy_6th_pre_req_pre"": ""0"", ""buy_7th_pre_bid"": ""-2085000"", ""buy_7th_pre_req"": ""249"", ""buy_7th_pre_req_pre"": ""0"", ""buy_8th_pre_bid"": ""-2084000"", ""buy_8th_pre_req"": ""157"", ""buy_8th_pre_req_pre"": ""0"", ""buy_9th_pre_bid"": ""-2083000"", ""buy_9th_pre_req"": ""448"", ""buy_9th_pre_req_pre"": ""0"", ""buy_10th_pre_bid"": ""-2082000"", ""buy_10th_pre_req"": ""291"", ""buy_10th_pre_req_pre"": ""0"", ""tot_sel_req_jub_pre"": ""--3"", ""tot_sel_req"": ""3609"", ""tot_buy_req"": ""5550"", ""tot_buy_req_jub_pre"": ""0"", ""ovt_sel_req_pre"": ""0"", ""ovt_sel_req"": ""0"", ""ovt_buy_req"": ""0"", ""ovt_buy_req_pre"": ""0"", ""return_code"": 0, ""return_msg"": ""정상적으로 처리되었습니다""}"
2026-06-10,scan_candidate,402340,,0,main_scan,1208000,,1208000,1207000,1208000,1208000,-0.08278145695364239,0.08278145695364239,,,,,,"{""bid_req_base_tm"": ""112033"", ""sel_10th_pre_req_pre"": ""0"", ""sel_10th_pre_req"": ""42"", ""sel_10th_pre_bid"": ""-1217000"", ""sel_9th_pre_req_pre"": ""0"", ""sel_9th_pre_req"": ""9"", ""sel_9th_pre_bid"": ""-1216000"", ""sel_8th_pre_req_pre"": ""0"", ""sel_8th_pre_req"": ""38"", ""sel_8th_pre_bid"": ""-1215000"", ""sel_7th_pre_req_pre"": ""0"", ""sel_7th_pre_req"": ""40"", ""sel_7th_pre_bid"": ""-1214000"", ""sel_6th_pre_req_pre"": ""0"", ""sel_6th_pre_req"": ""35"", ""sel_6th_pre_bid"": ""-1213000"", ""sel_5th_pre_req_pre"": ""0"", ""sel_5th_pre_req"": ""17"", ""sel_5th_pre_bid"": ""-1212000"", ""sel_4th_pre_req_pre"": ""0"", ""sel_4th_pre_req"": ""154"", ""sel_4th_pre_bid"": ""-1211000"", ""sel_3th_pre_req_pre"": ""0"", ""sel_3th_pre_req"": ""60"", ""sel_3th_pre_bid"": ""-1210000"", ""sel_2th_pre_req_pre"": ""0"", ""sel_2th_pre_req"": ""450"", ""sel_2th_pre_bid"": ""-1209000"", ""sel_1th_pre_req_pre"": ""0"", ""sel_fpr_req"": ""289"", ""sel_fpr_bid"": ""-1208000"", ""buy_fpr_bid"": ""-1207000"", ""buy_fpr_req"": ""5"", ""buy_1th_pre_req_pre"": ""0"", ""buy_2th_pre_bid"": ""-1206000"", ""buy_2th_pre_req"": ""2"", ""buy_2th_pre_req_pre"": ""0"", ""buy_3th_pre_bid"": ""-1205000"", ""buy_3th_pre_req"": ""46"", ""buy_3th_pre_req_pre"": ""+6"", ""buy_4th_pre_bid"": ""-1204000"", ""buy_4th_pre_req"": ""68"", ""buy_4th_pre_req_pre"": ""0"", ""buy_5th_pre_bid"": ""-1203000"", ""buy_5th_pre_req"": ""198"", ""buy_5th_pre_req_pre"": ""0"", ""buy_6th_pre_bid"": ""-1202000"", ""buy_6th_pre_req"": ""182"", ""buy_6th_pre_req_pre"": ""0"", ""buy_7th_pre_bid"": ""-1201000"", ""buy_7th_pre_req"": ""415"", ""buy_7th_pre_req_pre"": ""0"", ""buy_8th_pre_bid"": ""-1200000"", ""buy_8th_pre_req"": ""606"", ""buy_8th_pre_req_pre"": ""0"", ""buy_9th_pre_bid"": ""-1199000"", ""buy_9th_pre_req"": ""136"", ""buy_9th_pre_req_pre"": ""0"", ""buy_10th_pre_bid"": ""-1198000"", ""buy_10th_pre_req"": ""77"", ""buy_10th_pre_req_pre"": ""0"", ""tot_sel_req_jub_pre"": ""0"", ""tot_sel_req"": ""1134"", ""tot_buy_req"": ""1735"", ""tot_buy_req_jub_pre"": ""--78"", ""ovt_sel_req_pre"": ""0"", ""ovt_sel_req"": ""0"", ""ovt_buy_req"": ""0"", ""ovt_buy_req_pre"": ""0"", ""return_code"": 0, ""return_msg"": ""정상적으로 처리되었습니다""}"
2026-06-10,scan_candidate,009150,,0,main_scan,1877000,,1877000,1876000,1877000,1880000,0.10655301012253596,0.05327650506126798,,,,,,"{""bid_req_base_tm"": ""112033"", ""sel_10th_pre_req_pre"": ""0"", ""sel_10th_pre_req"": ""59"", ""sel_10th_pre_bid"": ""-1887000"", ""sel_9th_pre_req_pre"": ""0"", ""sel_9th_pre_req"": ""12"", ""sel_9th_pre_bid"": ""-1886000"", ""sel_8th_pre_req_pre"": ""0"", ""sel_8th_pre_req"": ""42"", ""sel_8th_pre_bid"": ""-1885000"", ""sel_7th_pre_req_pre"": ""0"", ""sel_7th_pre_req"": ""14"", ""sel_7th_pre_bid"": ""-1884000"", ""sel_6th_pre_req_pre"": ""0"", ""sel_6th_pre_req"": ""1"", ""sel_6th_pre_bid"": ""-1883000"", ""sel_5th_pre_req_pre"": ""0"", ""sel_5th_pre_req"": ""6"", ""sel_5th_pre_bid"": ""-1881000"", ""sel_4th_pre_req_pre"": ""0"", ""sel_4th_pre_req"": ""61"", ""sel_4th_pre_bid"": ""-1880000"", ""sel_3th_pre_req_pre"": ""0"", ""sel_3th_pre_req"": ""99"", ""sel_3th_pre_bid"": ""-1879000"", ""sel_2th_pre_req_pre"": ""0"", ""sel_2th_pre_req"": ""50"", ""sel_2th_pre_bid"": ""-1878000"", ""sel_1th_pre_req_pre"": ""--3"", ""sel_fpr_req"": ""272"", ""sel_fpr_bid"": ""-1877000"", ""buy_fpr_bid"": ""-1876000"", ""buy_fpr_req"": ""31"", ""buy_1th_pre_req_pre"": ""0"", ""buy_2th_pre_bid"": ""-1875000"", ""buy_2th_pre_req"": ""462"", ""buy_2th_pre_req_pre"": ""+1"", ""buy_3th_pre_bid"": ""-1874000"", ""buy_3th_pre_req"": ""422"", ""buy_3th_pre_req_pre"": ""0"", ""buy_4th_pre_bid"": ""-1873000"", ""buy_4th_pre_req"": ""260"", ""buy_4th_pre_req_pre"": ""0"", ""buy_5th_pre_bid"": ""-1872000"", ""buy_5th_pre_req"": ""151"", ""buy_5th_pre_req_pre"": ""0"", ""buy_6th_pre_bid"": ""-1871000"", ""buy_6th_pre_req"": ""352"", ""buy_6th_pre_req_pre"": ""0"", ""buy_7th_pre_bid"": ""-1870000"", ""buy_7th_pre_req"": ""1326"", ""buy_7th_pre_req_pre"": ""0"", ""buy_8th_pre_bid"": ""-1869000"", ""buy_8th_pre_req"": ""172"", ""buy_8th_pre_req_pre"": ""0"", ""buy_9th_pre_bid"": ""-1868000"", ""buy_9th_pre_req"": ""198"", ""buy_9th_pre_req_pre"": ""0"", ""buy_10th_pre_bid"": ""-1867000"", ""buy_10th_pre_req"": ""288"", ""buy_10th_pre_req_pre"": ""0"", ""tot_sel_req_jub_pre"": ""--3"", ""tot_sel_req"": ""616"", ""tot_buy_req"": ""3662"", ""tot_buy_req_jub_pre"": ""+1"", ""ovt_sel_req_pre"": ""0"", ""ovt_sel_req"": ""0"", ""ovt_buy_req"": ""0"", ""ovt_buy_req_pre"": ""0"", ""return_code"": 0, ""return_msg"": ""정상적으로 처리되었습니다""}"
2026-06-10,scan_candidate,032830,,0,main_scan,371000,,371000,370000,371000,371500,0.0,0.2695417789757413,,,,,,"{""bid_req_base_tm"": ""112032"", ""sel_10th_pre_req_pre"": ""0"", ""sel_10th_pre_req"": ""3"", ""sel_10th_pre_bid"": ""-375500"", ""sel_9th_pre_req_pre"": ""0"", ""sel_9th_pre_req"": ""72"", ""sel_9th_pre_bid"": ""-375000"", ""sel_8th_pre_req_pre"": ""0"", ""sel_8th_pre_req"": ""4"", ""sel_8th_pre_bid"": ""-374500"", ""sel_7th_pre_req_pre"": ""0"", ""sel_7th_pre_req"": ""189"", ""sel_7th_pre_bid"": ""-374000"", ""sel_6th_pre_req_pre"": ""0"", ""sel_6th_pre_req"": ""25"", ""sel_6th_pre_bid"": ""-373500"", ""sel_5th_pre_req_pre"": ""0"", ""sel_5th_pre_req"": ""120"", ""sel_5th_pre_bid"": ""-373000"", ""sel_4th_pre_req_pre"": ""0"", ""sel_4th_pre_req"": ""70"", ""sel_4th_pre_bid"": ""-372500"", ""sel_3th_pre_req_pre"": ""0"", ""sel_3th_pre_req"": ""73"", ""sel_3th_pre_bid"": ""-372000"", ""sel_2th_pre_req_pre"": ""0"", ""sel_2th_pre_req"": ""152"", ""sel_2th_pre_bid"": ""-371500"", ""sel_1th_pre_req_pre"": ""0"", ""sel_fpr_req"": ""406"", ""sel_fpr_bid"": ""-371000"", ""buy_fpr_bid"": ""-370000"", ""buy_fpr_req"": ""28"", ""buy_1th_pre_req_pre"": ""0"", ""buy_2th_pre_bid"": ""-369500"", ""buy_2th_pre_req"": ""117"", ""buy_2th_pre_req_pre"": ""0"", ""buy_3th_pre_bid"": ""-369000"", ""buy_3th_pre_req"": ""266"", ""buy_3th_pre_req_pre"": ""0"", ""buy_4th_pre_bid"": ""-368500"", ""buy_4th_pre_req"": ""150"", ""buy_4th_pre_req_pre"": ""0"", ""buy_5th_pre_bid"": ""-368000"", ""buy_5th_pre_req"": ""402"", ""buy_5th_pre_req_pre"": ""0"", ""buy_6th_pre_bid"": ""-367500"", ""buy_6th_pre_req"": ""159"", ""buy_6th_pre_req_pre"": ""0"", ""buy_7th_pre_bid"": ""-367000"", ""buy_7th_pre_req"": ""288"", ""buy_7th_pre_req_pre"": ""0"", ""buy_8th_pre_bid"": ""-366500"", ""buy_8th_pre_req"": ""124"", ""buy_8th_pre_req_pre"": ""+1"", ""buy_9th_pre_bid"": ""-366000"", ""buy_9th_pre_req"": ""606"", ""buy_9th_pre_req_pre"": ""0"", ""buy_10th_pre_bid"": ""-365500"", ""buy_10th_pre_req"": ""986"", ""buy_10th_pre_req_pre"": ""0"", ""tot_sel_req_jub_pre"": ""0"", ""tot_sel_req"": ""1114"", ""tot_buy_req"": ""3126"", ""tot_buy_req_jub_pre"": ""+1"", ""ovt_sel_req_pre"": ""0"", ""ovt_sel_req"": ""0"", ""ovt_buy_req"": ""0"", ""ovt_buy_req_pre"": ""0"", ""return_code"": 0, ""return_msg"": ""정상적으로 처리되었습니다""}"
2026-06-10,scan_candidate,012330,,0,main_scan,572000,,572000,571000,572000,575000,0.34965034965034963,0.17482517482517482,,,,,,"{""bid_req_base_tm"": ""112033"", ""sel_10th_pre_req_pre"": ""0"", ""sel_10th_pre_req"": ""137"", ""sel_10th_pre_bid"": ""-581000"", ""sel_9th_pre_req_pre"": ""0"", ""sel_9th_pre_req"": ""164"", ""sel_9th_pre_bid"": ""-580000"", ""sel_8th_pre_req_pre"": ""0"", ""sel_8th_pre_req"": ""14"", ""sel_8th_pre_bid"": ""-579000"", ""sel_7th_pre_req_pre"": ""0"", ""sel_7th_pre_req"": ""107"", ""sel_7th_pre_bid"": ""-578000"", ""sel_6th_pre_req_pre"": ""0"", ""sel_6th_pre_req"": ""268"", ""sel_6th_pre_bid"": ""-577000"", ""sel_5th_pre_req_pre"": ""0"", ""sel_5th_pre_req"": ""60"", ""sel_5th_pre_bid"": ""-576000"", ""sel_4th_pre_req_pre"": ""0"", ""sel_4th_pre_req"": ""324"", ""sel_4th_pre_bid"": ""-575000"", ""sel_3th_pre_req_pre"": ""0"", ""sel_3th_pre_req"": ""563"", ""sel_3th_pre_bid"": ""-574000"", ""sel_2th_pre_req_pre"": ""0"", ""sel_2th_pre_req"": ""246"", ""sel_2th_pre_bid"": ""-573000"", ""sel_1th_pre_req_pre"": ""0"", ""sel_fpr_req"": ""491"", ""sel_fpr_bid"": ""-572000"", ""buy_fpr_bid"": ""-571000"", ""buy_fpr_req"": ""2192"", ""buy_1th_pre_req_pre"": ""--5"", ""buy_2th_pre_bid"": ""-570000"", ""buy_2th_pre_req"": ""5743"", ""buy_2th_pre_req_pre"": ""0"", ""buy_3th_pre_bid"": ""-569000"", ""buy_3th_pre_req"": ""3220"", ""buy_3th_pre_req_pre"": ""0"", ""buy_4th_pre_bid"": ""-568000"", ""buy_4th_pre_req"": ""1096"", ""buy_4th_pre_req_pre"": ""0"", ""buy_5th_pre_bid"": ""-567000"", ""buy_5th_pre_req"": ""770"", ""buy_5th_pre_req_pre"": ""0"", ""buy_6th_pre_bid"": ""-566000"", ""buy_6th_pre_req"": ""1522"", ""buy_6th_pre_req_pre"": ""0"", ""buy_7th_pre_bid"": ""-565000"", ""buy_7th_pre_req"": ""2023"", ""buy_7th_pre_req_pre"": ""0"", ""buy_8th_pre_bid"": ""-564000"", ""buy_8th_pre_req"": ""559"", ""buy_8th_pre_req_pre"": ""0"", ""buy_9th_pre_bid"": ""-563000"", ""buy_9th_pre_req"": ""2142"", ""buy_9th_pre_req_pre"": ""0"", ""buy_10th_pre_bid"": ""-562000"", ""buy_10th_pre_req"": ""471"", ""buy_10th_pre_req_pre"": ""0"", ""tot_sel_req_jub_pre"": ""0"", ""tot_sel_req"": ""2374"", ""tot_buy_req"": ""19738"", ""tot_buy_req_jub_pre"": ""--5"", ""ovt_sel_req_pre"": ""0"", ""ovt_sel_req"": ""0"", ""ovt_buy_req"": ""0"", ""ovt_buy_req_pre"": ""0"", ""return_code"": 0, ""return_msg"": ""정상적으로 처리되었습니다""}"
2026-06-10,scan_candidate,055550,,0,main_scan,98700,,98700,98600,98700,99000,0.2026342451874367,0.10131712259371835,,,,,,"{""bid_req_base_tm"": ""112033"", ""sel_10th_pre_req_pre"": ""0"", ""sel_10th_pre_req"": ""64"", ""sel_10th_pre_bid"": ""-99600"", ""sel_9th_pre_req_pre"": ""0"", ""sel_9th_pre_req"": ""72"", ""sel_9th_pre_bid"": ""-99500"", ""sel_8th_pre_req_pre"": ""0"", ""sel_8th_pre_req"": ""6"", ""sel_8th_pre_bid"": ""-99400"", ""sel_7th_pre_req_pre"": ""0"", ""sel_7th_pre_req"": ""299"", ""sel_7th_pre_bid"": ""-99300"", ""sel_6th_pre_req_pre"": ""0"", ""sel_6th_pre_req"": ""1"", ""sel_6th_pre_bid"": ""-99200"", ""sel_5th_pre_req_pre"": ""0"", ""sel_5th_pre_req"": ""1"", ""sel_5th_pre_bid"": ""-99100"", ""sel_4th_pre_req_pre"": ""0"", ""sel_4th_pre_req"": ""11"", ""sel_4th_pre_bid"": ""-99000"", ""sel_3th_pre_req_pre"": ""0"", ""sel_3th_pre_req"": ""959"", ""sel_3th_pre_bid"": ""-98900"", ""sel_2th_pre_req_pre"": ""0"", ""sel_2th_pre_req"": ""291"", ""sel_2th_pre_bid"": ""-98800"", ""sel_1th_pre_req_pre"": ""+28"", ""sel_fpr_req"": ""431"", ""sel_fpr_bid"": ""-98700"", ""buy_fpr_bid"": ""-98600"", ""buy_fpr_req"": ""1263"", ""buy_1th_pre_req_pre"": ""0"", ""buy_2th_pre_bid"": ""-98500"", ""buy_2th_pre_req"": ""379"", ""buy_2th_pre_req_pre"": ""0"", ""buy_3th_pre_bid"": ""-98400"", ""buy_3th_pre_req"": ""710"", ""buy_3th_pre_req_pre"": ""0"", ""buy_4th_pre_bid"": ""-98300"", ""buy_4th_pre_req"": ""685"", ""buy_4th_pre_req_pre"": ""0"", ""buy_5th_pre_bid"": ""-98200"", ""buy_5th_pre_req"": ""1512"", ""buy_5th_pre_req_pre"": ""0"", ""buy_6th_pre_bid"": ""-98100"", ""buy_6th_pre_req"": ""713"", ""buy_6th_pre_req_pre"": ""0"", ""buy_7th_pre_bid"": ""-98000"", ""buy_7th_pre_req"": ""1935"", ""buy_7th_pre_req_pre"": ""0"", ""buy_8th_pre_bid"": ""-97900"", ""buy_8th_pre_req"": ""284"", ""buy_8th_pre_req_pre"": ""0"", ""buy_9th_pre_bid"": ""-97800"", ""buy_9th_pre_req"": ""193"", ""buy_9th_pre_req_pre"": ""0"", ""buy_10th_pre_bid"": ""-97700"", ""buy_10th_pre_req"": ""280"", ""buy_10th_pre_req_pre"": ""0"", ""tot_sel_req_jub_pre"": ""+28"", ""tot_sel_req"": ""2135"", ""tot_buy_req"": ""7954"", ""tot_buy_req_jub_pre"": ""0"", ""ovt_sel_req_pre"": ""0"", ""ovt_sel_req"": ""0"", ""ovt_buy_req"": ""0"", ""ovt_buy_req_pre"": ""0"", ""return_code"": 0, ""return_msg"": ""정상적으로 처리되었습니다""}"
2026-06-10,scan_candidate,034730,,0,main_scan,578000,,578000,577000,578000,579000,0.0,0.17301038062283738,,,,,,"{""bid_req_base_tm"": ""112033"", ""sel_10th_pre_req_pre"": ""0"", ""sel_10th_pre_req"": ""113"", ""sel_10th_pre_bid"": ""-587000"", ""sel_9th_pre_req_pre"": ""0"", ""sel_9th_pre_req"": ""2"", ""sel_9th_pre_bid"": ""-586000"", ""sel_8th_pre_req_pre"": ""0"", ""sel_8th_pre_req"": ""102"", ""sel_8th_pre_bid"": ""-585000"", ""sel_7th_pre_req_pre"": ""0"", ""sel_7th_pre_req"": ""4"", ""sel_7th_pre_bid"": ""-584000"", ""sel_6th_pre_req_pre"": ""0"", ""sel_6th_pre_req"": ""4"", ""sel_6th_pre_bid"": ""-583000"", ""sel_5th_pre_req_pre"": ""0"", ""sel_5th_pre_req"": ""3"", ""sel_5th_pre_bid"": ""-582000"", ""sel_4th_pre_req_pre"": ""0"", ""sel_4th_pre_req"": ""17"", ""sel_4th_pre_bid"": ""-581000"", ""sel_3th_pre_req_pre"": ""0"", ""sel_3th_pre_req"": ""49"", ""sel_3th_pre_bid"": ""-580000"", ""sel_2th_pre_req_pre"": ""0"", ""sel_2th_pre_req"": ""172"", ""sel_2th_pre_bid"": ""-579000"", ""sel_1th_pre_req_pre"": ""0"", ""sel_fpr_req"": ""107"", ""sel_fpr_bid"": ""-578000"", ""buy_fpr_bid"": ""-577000"", ""buy_fpr_req"": ""146"", ""buy_1th_pre_req_pre"": ""+8"", ""buy_2th_pre_bid"": ""-576000"", ""buy_2th_pre_req"": ""41"", ""buy_2th_pre_req_pre"": ""0"", ""buy_3th_pre_bid"": ""-575000"", ""buy_3th_pre_req"": ""26"", ""buy_3th_pre_req_pre"": ""0"", ""buy_4th_pre_bid"": ""-574000"", ""buy_4th_pre_req"": ""21"", ""buy_4th_pre_req_pre"": ""0"", ""buy_5th_pre_bid"": ""-573000"", ""buy_5th_pre_req"": ""18"", ""buy_5th_pre_req_pre"": ""0"", ""buy_6th_pre_bid"": ""-572000"", ""buy_6th_pre_req"": ""174"", ""buy_6th_pre_req_pre"": ""0"", ""buy_7th_pre_bid"": ""-571000"", ""buy_7th_pre_req"": ""347"", ""buy_7th_pre_req_pre"": ""0"", ""buy_8th_pre_bid"": ""-570000"", ""buy_8th_pre_req"": ""111"", ""buy_8th_pre_req_pre"": ""0"", ""buy_9th_pre_bid"": ""-569000"", ""buy_9th_pre_req"": ""88"", ""buy_9th_pre_req_pre"": ""0"", ""buy_10th_pre_bid"": ""-568000"", ""buy_10th_pre_req"": ""66"", ""buy_10th_pre_req_pre"": ""0"", ""tot_sel_req_jub_pre"": ""0"", ""tot_sel_req"": ""573"", ""tot_buy_req"": ""1038"", ""tot_buy_req_jub_pre"": ""+8"", ""ovt_sel_req_pre"": ""0"", ""ovt_sel_req"": ""0"", ""ovt_buy_req"": ""0"", ""ovt_buy_req_pre"": ""0"", ""return_code"": 0, ""return_msg"": ""정상적으로 처리되었습니다""}"
2026-06-10,scan_candidate,066570,,0,main_scan,230500,,230500,230000,230500,231500,0.21691973969631237,0.21691973969631237,,,,,,"{""bid_req_base_tm"": ""112034"", ""sel_10th_pre_req_pre"": ""0"", ""sel_10th_pre_req"": ""3717"", ""sel_10th_pre_bid"": ""-235000"", ""sel_9th_pre_req_pre"": ""0"", ""sel_9th_pre_req"": ""1297"", ""sel_9th_pre_bid"": ""-234500"", ""sel_8th_pre_req_pre"": ""0"", ""sel_8th_pre_req"": ""1273"", ""sel_8th_pre_bid"": ""-234000"", ""sel_7th_pre_req_pre"": ""0"", ""sel_7th_pre_req"": ""4040"", ""sel_7th_pre_bid"": ""-233500"", ""sel_6th_pre_req_pre"": ""0"", ""sel_6th_pre_req"": ""1994"", ""sel_6th_pre_bid"": ""-233000"", ""sel_5th_pre_req_pre"": ""0"", ""sel_5th_pre_req"": ""1171"", ""sel_5th_pre_bid"": ""-232500"", ""sel_4th_pre_req_pre"": ""0"", ""sel_4th_pre_req"": ""967"", ""sel_4th_pre_bid"": ""-232000"", ""sel_3th_pre_req_pre"": ""0"", ""sel_3th_pre_req"": ""2058"", ""sel_3th_pre_bid"": ""-231500"", ""sel_2th_pre_req_pre"": ""0"", ""sel_2th_pre_req"": ""2064"", ""sel_2th_pre_bid"": ""-231000"", ""sel_1th_pre_req_pre"": ""0"", ""sel_fpr_req"": ""5147"", ""sel_fpr_bid"": ""-230500"", ""buy_fpr_bid"": ""-230000"", ""buy_fpr_req"": ""1973"", ""buy_1th_pre_req_pre"": ""--26"", ""buy_2th_pre_bid"": ""-229500"", ""buy_2th_pre_req"": ""2690"", ""buy_2th_pre_req_pre"": ""0"", ""buy_3th_pre_bid"": ""-229000"", ""buy_3th_pre_req"": ""4595"", ""buy_3th_pre_req_pre"": ""0"", ""buy_4th_pre_bid"": ""-228500"", ""buy_4th_pre_req"": ""8604"", ""buy_4th_pre_req_pre"": ""0"", ""buy_5th_pre_bid"": ""-228000"", ""buy_5th_pre_req"": ""13350"", ""buy_5th_pre_req_pre"": ""0"", ""buy_6th_pre_bid"": ""-227500"", ""buy_6th_pre_req"": ""7464"", ""buy_6th_pre_req_pre"": ""0"", ""buy_7th_pre_bid"": ""-227000"", ""buy_7th_pre_req"": ""54856"", ""buy_7th_pre_req_pre"": ""0"", ""buy_8th_pre_bid"": ""-226500"", ""buy_8th_pre_req"": ""4265"", ""buy_8th_pre_req_pre"": ""0"", ""buy_9th_pre_bid"": ""-226000"", ""buy_9th_pre_req"": ""4390"", ""buy_9th_pre_req_pre"": ""0"", ""buy_10th_pre_bid"": ""-225500"", ""buy_10th_pre_req"": ""2912"", ""buy_10th_pre_req_pre"": ""0"", ""tot_sel_req_jub_pre"": ""0"", ""tot_sel_req"": ""23728"", ""tot_buy_req"": ""105099"", ""tot_buy_req_jub_pre"": ""--26"", ""ovt_sel_req_pre"": ""0"", ""ovt_sel_req"": ""0"", ""ovt_buy_req"": ""0"", ""ovt_buy_req_pre"": ""0"", ""return_code"": 0, ""return_msg"": ""정상적으로 처리되었습니다""}"
2026-06-10,scan_candidate,035420,,0,main_scan,232000,,232000,231500,232000,233500,0.43103448275862066,0.21551724137931033,,,,,,"{""bid_req_base_tm"": ""112034"", ""sel_10th_pre_req_pre"": ""0"", ""sel_10th_pre_req"": ""4074"", ""sel_10th_pre_bid"": ""-236500"", ""sel_9th_pre_req_pre"": ""0"", ""sel_9th_pre_req"": ""3136"", ""sel_9th_pre_bid"": ""-236000"", ""sel_8th_pre_req_pre"": ""0"", ""sel_8th_pre_req"": ""2343"", ""sel_8th_pre_bid"": ""-235500"", ""sel_7th_pre_req_pre"": ""0"", ""sel_7th_pre_req"": ""2428"", ""sel_7th_pre_bid"": ""-235000"", ""sel_6th_pre_req_pre"": ""0"", ""sel_6th_pre_req"": ""2051"", ""sel_6th_pre_bid"": ""-234500"", ""sel_5th_pre_req_pre"": ""0"", ""sel_5th_pre_req"": ""1764"", ""sel_5th_pre_bid"": ""-234000"", ""sel_4th_pre_req_pre"": ""0"", ""sel_4th_pre_req"": ""1126"", ""sel_4th_pre_bid"": ""-233500"", ""sel_3th_pre_req_pre"": ""0"", ""sel_3th_pre_req"": ""1811"", ""sel_3th_pre_bid"": ""-233000"", ""sel_2th_pre_req_pre"": ""0"", ""sel_2th_pre_req"": ""3843"", ""sel_2th_pre_bid"": ""-232500"", ""sel_1th_pre_req_pre"": ""0"", ""sel_fpr_req"": ""3803"", ""sel_fpr_bid"": ""-232000"", ""buy_fpr_bid"": ""-231500"", ""buy_fpr_req"": ""11500"", ""buy_1th_pre_req_pre"": ""--2"", ""buy_2th_pre_bid"": ""-231000"", ""buy_2th_pre_req"": ""13762"", ""buy_2th_pre_req_pre"": ""--25"", ""buy_3th_pre_bid"": ""-230500"", ""buy_3th_pre_req"": ""19560"", ""buy_3th_pre_req_pre"": ""+31"", ""buy_4th_pre_bid"": ""-230000"", ""buy_4th_pre_req"": ""70022"", ""buy_4th_pre_req_pre"": ""0"", ""buy_5th_pre_bid"": ""-229500"", ""buy_5th_pre_req"": ""4749"", ""buy_5th_pre_req_pre"": ""0"", ""buy_6th_pre_bid"": ""-229000"", ""buy_6th_pre_req"": ""7667"", ""buy_6th_pre_req_pre"": ""0"", ""buy_7th_pre_bid"": ""-228500"", ""buy_7th_pre_req"": ""10898"", ""buy_7th_pre_req_pre"": ""0"", ""buy_8th_pre_bid"": ""-228000"", ""buy_8th_pre_req"": ""6923"", ""buy_8th_pre_req_pre"": ""+20"", ""buy_9th_pre_bid"": ""-227500"", ""buy_9th_pre_req"": ""3262"", ""buy_9th_pre_req_pre"": ""0"", ""buy_10th_pre_bid"": ""-227000"", ""buy_10th_pre_req"": ""4284"", ""buy_10th_pre_req_pre"": ""0"", ""tot_sel_req_jub_pre"": ""0"", ""tot_sel_req"": ""26379"", ""tot_buy_req"": ""152627"", ""tot_buy_req_jub_pre"": ""+24"", ""ovt_sel_req_pre"": ""0"", ""ovt_sel_req"": ""0"", ""ovt_buy_req"": ""0"", ""ovt_buy_req_pre"": ""0"", ""return_code"": 0, ""return_msg"": ""정상적으로 처리되었습니다""}"
2026-06-10,scan_candidate,086790,,0,main_scan,119200,,119200,119100,119200,119000,-0.587248322147651,0.08389261744966443,,,,,,"{""bid_req_base_tm"": ""112032"", ""sel_10th_pre_req_pre"": ""0"", ""sel_10th_pre_req"": ""296"", ""sel_10th_pre_bid"": ""+120100"", ""sel_9th_pre_req_pre"": ""0"", ""sel_9th_pre_req"": ""863"", ""sel_9th_pre_bid"": ""+120000"", ""sel_8th_pre_req_pre"": ""0"", ""sel_8th_pre_req"": ""626"", ""sel_8th_pre_bid"": ""+119900"", ""sel_7th_pre_req_pre"": ""0"", ""sel_7th_pre_req"": ""65"", ""sel_7th_pre_bid"": ""+119800"", ""sel_6th_pre_req_pre"": ""0"", ""sel_6th_pre_req"": ""195"", ""sel_6th_pre_bid"": ""+119700"", ""sel_5th_pre_req_pre"": ""0"", ""sel_5th_pre_req"": ""160"", ""sel_5th_pre_bid"": ""+119600"", ""sel_4th_pre_req_pre"": ""0"", ""sel_4th_pre_req"": ""218"", ""sel_4th_pre_bid"": ""+119500"", ""sel_3th_pre_req_pre"": ""0"", ""sel_3th_pre_req"": ""203"", ""sel_3th_pre_bid"": ""+119400"", ""sel_2th_pre_req_pre"": ""+1"", ""sel_2th_pre_req"": ""589"", ""sel_2th_pre_bid"": ""+119300"", ""sel_1th_pre_req_pre"": ""0"", ""sel_fpr_req"": ""1398"", ""sel_fpr_bid"": ""+119200"", ""buy_fpr_bid"": ""+119100"", ""buy_fpr_req"": ""732"", ""buy_1th_pre_req_pre"": ""0"", ""buy_2th_pre_bid"": ""119000"", ""buy_2th_pre_req"": ""371"", ""buy_2th_pre_req_pre"": ""0"", ""buy_3th_pre_bid"": ""-118900"", ""buy_3th_pre_req"": ""365"", ""buy_3th_pre_req_pre"": ""0"", ""buy_4th_pre_bid"": ""-118800"", ""buy_4th_pre_req"": ""509"", ""buy_4th_pre_req_pre"": ""0"", ""buy_5th_pre_bid"": ""-118700"", ""buy_5th_pre_req"": ""10"", ""buy_5th_pre_req_pre"": ""0"", ""buy_6th_pre_bid"": ""-118600"", ""buy_6th_pre_req"": ""16"", ""buy_6th_pre_req_pre"": ""0"", ""buy_7th_pre_bid"": ""-118500"", ""buy_7th_pre_req"": ""40"", ""buy_7th_pre_req_pre"": ""0"", ""buy_8th_pre_bid"": ""-118400"", ""buy_8th_pre_req"": ""663"", ""buy_8th_pre_req_pre"": ""0"", ""buy_9th_pre_bid"": ""-118300"", ""buy_9th_pre_req"": ""64"", ""buy_9th_pre_req_pre"": ""0"", ""buy_10th_pre_bid"": ""-118200"", ""buy_10th_pre_req"": ""983"", ""buy_10th_pre_req_pre"": ""0"", ""tot_sel_req_jub_pre"": ""+1"", ""tot_sel_req"": ""4613"", ""tot_buy_req"": ""3753"", ""tot_buy_req_jub_pre"": ""0"", ""ovt_sel_req_pre"": ""0"", ""ovt_sel_req"": ""0"", ""ovt_buy_req"": ""0"", ""ovt_buy_req_pre"": ""0"", ""return_code"": 0, ""return_msg"": ""정상적으로 처리되었습니다""}"
2026-06-10,scan_candidate,000810,,0,main_scan,624000,,624000,623000,624000,627000,0.3205128205128205,0.16025641025641024,,,,,,"{""bid_req_base_tm"": ""112035"", ""sel_10th_pre_req_pre"": ""0"", ""sel_10th_pre_req"": ""3"", ""sel_10th_pre_bid"": ""-633000"", ""sel_9th_pre_req_pre"": ""0"", ""sel_9th_pre_req"": ""3"", ""sel_9th_pre_bid"": ""-632000"", ""sel_8th_pre_req_pre"": ""0"", ""sel_8th_pre_req"": ""8"", ""sel_8th_pre_bid"": ""-631000"", ""sel_7th_pre_req_pre"": ""0"", ""sel_7th_pre_req"": ""48"", ""sel_7th_pre_bid"": ""-630000"", ""sel_6th_pre_req_pre"": ""0"", ""sel_6th_pre_req"": ""15"", ""sel_6th_pre_bid"": ""-629000"", ""sel_5th_pre_req_pre"": ""0"", ""sel_5th_pre_req"": ""21"", ""sel_5th_pre_bid"": ""-628000"", ""sel_4th_pre_req_pre"": ""0"", ""sel_4th_pre_req"": ""27"", ""sel_4th_pre_bid"": ""-627000"", ""sel_3th_pre_req_pre"": ""0"", ""sel_3th_pre_req"": ""25"", ""sel_3th_pre_bid"": ""-626000"", ""sel_2th_pre_req_pre"": ""0"", ""sel_2th_pre_req"": ""102"", ""sel_2th_pre_bid"": ""-625000"", ""sel_1th_pre_req_pre"": ""0"", ""sel_fpr_req"": ""384"", ""sel_fpr_bid"": ""-624000"", ""buy_fpr_bid"": ""-623000"", ""buy_fpr_req"": ""592"", ""buy_1th_pre_req_pre"": ""--10"", ""buy_2th_pre_bid"": ""-622000"", ""buy_2th_pre_req"": ""34"", ""buy_2th_pre_req_pre"": ""0"", ""buy_3th_pre_bid"": ""-621000"", ""buy_3th_pre_req"": ""96"", ""buy_3th_pre_req_pre"": ""0"", ""buy_4th_pre_bid"": ""-620000"", ""buy_4th_pre_req"": ""67"", ""buy_4th_pre_req_pre"": ""0"", ""buy_5th_pre_bid"": ""-619000"", ""buy_5th_pre_req"": ""4"", ""buy_5th_pre_req_pre"": ""0"", ""buy_6th_pre_bid"": ""-618000"", ""buy_6th_pre_req"": ""14"", ""buy_6th_pre_req_pre"": ""0"", ""buy_7th_pre_bid"": ""-617000"", ""buy_7th_pre_req"": ""36"", ""buy_7th_pre_req_pre"": ""0"", ""buy_8th_pre_bid"": ""-616000"", ""buy_8th_pre_req"": ""22"", ""buy_8th_pre_req_pre"": ""0"", ""buy_9th_pre_bid"": ""-615000"", ""buy_9th_pre_req"": ""21"", ""buy_9th_pre_req_pre"": ""0"", ""buy_10th_pre_bid"": ""-614000"", ""buy_10th_pre_req"": ""95"", ""buy_10th_pre_req_pre"": ""0"", ""tot_sel_req_jub_pre"": ""0"", ""tot_sel_req"": ""636"", ""tot_buy_req"": ""981"", ""tot_buy_req_jub_pre"": ""--10"", ""ovt_sel_req_pre"": ""0"", ""ovt_sel_req"": ""0"", ""ovt_buy_req"": ""0"", ""ovt_buy_req_pre"": ""0"", ""return_code"": 0, ""return_msg"": ""정상적으로 처리되었습니다""}"
2026-06-10,scan_candidate,011070,,0,main_scan,1124000,,1124000,1123000,1124000,1126000,0.0889679715302491,0.0889679715302491,,,,,,"{""bid_req_base_tm"": ""112035"", ""sel_10th_pre_req_pre"": ""0"", ""sel_10th_pre_req"": ""7"", ""sel_10th_pre_bid"": ""-1133000"", ""sel_9th_pre_req_pre"": ""0"", ""sel_9th_pre_req"": ""40"", ""sel_9th_pre_bid"": ""-1132000"", ""sel_8th_pre_req_pre"": ""0"", ""sel_8th_pre_req"": ""56"", ""sel_8th_pre_bid"": ""-1131000"", ""sel_7th_pre_req_pre"": ""0"", ""sel_7th_pre_req"": ""77"", ""sel_7th_pre_bid"": ""-1130000"", ""sel_6th_pre_req_pre"": ""0"", ""sel_6th_pre_req"": ""51"", ""sel_6th_pre_bid"": ""-1129000"", ""sel_5th_pre_req_pre"": ""0"", ""sel_5th_pre_req"": ""27"", ""sel_5th_pre_bid"": ""-1128000"", ""sel_4th_pre_req_pre"": ""0"", ""sel_4th_pre_req"": ""66"", ""sel_4th_pre_bid"": ""-1127000"", ""sel_3th_pre_req_pre"": ""0"", ""sel_3th_pre_req"": ""17"", ""sel_3th_pre_bid"": ""-1126000"", ""sel_2th_pre_req_pre"": ""0"", ""sel_2th_pre_req"": ""63"", ""sel_2th_pre_bid"": ""-1125000"", ""sel_1th_pre_req_pre"": ""0"", ""sel_fpr_req"": ""15"", ""sel_fpr_bid"": ""-1124000"", ""buy_fpr_bid"": ""-1123000"", ""buy_fpr_req"": ""3"", ""buy_1th_pre_req_pre"": ""0"", ""buy_2th_pre_bid"": ""-1122000"", ""buy_2th_pre_req"": ""97"", ""buy_2th_pre_req_pre"": ""0"", ""buy_3th_pre_bid"": ""-1121000"", ""buy_3th_pre_req"": ""31"", ""buy_3th_pre_req_pre"": ""0"", ""buy_4th_pre_bid"": ""-1120000"", ""buy_4th_pre_req"": ""445"", ""buy_4th_pre_req_pre"": ""0"", ""buy_5th_pre_bid"": ""-1119000"", ""buy_5th_pre_req"": ""126"", ""buy_5th_pre_req_pre"": ""0"", ""buy_6th_pre_bid"": ""-1118000"", ""buy_6th_pre_req"": ""100"", ""buy_6th_pre_req_pre"": ""0"", ""buy_7th_pre_bid"": ""-1117000"", ""buy_7th_pre_req"": ""33"", ""buy_7th_pre_req_pre"": ""0"", ""buy_8th_pre_bid"": ""-1116000"", ""buy_8th_pre_req"": ""36"", ""buy_8th_pre_req_pre"": ""0"", ""buy_9th_pre_bid"": ""-1115000"", ""buy_9th_pre_req"": ""18"", ""buy_9th_pre_req_pre"": ""0"", ""buy_10th_pre_bid"": ""-1114000"", ""buy_10th_pre_req"": ""23"", ""buy_10th_pre_req_pre"": ""0"", ""tot_sel_req_jub_pre"": ""0"", ""tot_sel_req"": ""419"", ""tot_buy_req"": ""912"", ""tot_buy_req_jub_pre"": ""0"", ""ovt_sel_req_pre"": ""0"", ""ovt_sel_req"": ""0"", ""ovt_buy_req"": ""0"", ""ovt_buy_req_pre"": ""0"", ""return_code"": 0, ""return_msg"": ""정상적으로 처리되었습니다""}"
2026-06-10,scan_candidate,042700,,0,main_scan,280500,,280500,280000,280500,281000,0.0,0.17825311942959002,,,,,,"{""bid_req_base_tm"": ""112035"", ""sel_10th_pre_req_pre"": ""0"", ""sel_10th_pre_req"": ""552"", ""sel_10th_pre_bid"": ""+285000"", ""sel_9th_pre_req_pre"": ""0"", ""sel_9th_pre_req"": ""180"", ""sel_9th_pre_bid"": ""+284500"", ""sel_8th_pre_req_pre"": ""0"", ""sel_8th_pre_req"": ""215"", ""sel_8th_pre_bid"": ""+284000"", ""sel_7th_pre_req_pre"": ""0"", ""sel_7th_pre_req"": ""103"", ""sel_7th_pre_bid"": ""+283500"", ""sel_6th_pre_req_pre"": ""0"", ""sel_6th_pre_req"": ""223"", ""sel_6th_pre_bid"": ""+283000"", ""sel_5th_pre_req_pre"": ""0"", ""sel_5th_pre_req"": ""89"", ""sel_5th_pre_bid"": ""+282500"", ""sel_4th_pre_req_pre"": ""0"", ""sel_4th_pre_req"": ""101"", ""sel_4th_pre_bid"": ""+282000"", ""sel_3th_pre_req_pre"": ""0"", ""sel_3th_pre_req"": ""392"", ""sel_3th_pre_bid"": ""+281500"", ""sel_2th_pre_req_pre"": ""0"", ""sel_2th_pre_req"": ""501"", ""sel_2th_pre_bid"": ""+281000"", ""sel_1th_pre_req_pre"": ""+1"", ""sel_fpr_req"": ""349"", ""sel_fpr_bid"": ""+280500"", ""buy_fpr_bid"": ""+280000"", ""buy_fpr_req"": ""162"", ""buy_1th_pre_req_pre"": ""0"", ""buy_2th_pre_bid"": ""+279500"", ""buy_2th_pre_req"": ""851"", ""buy_2th_pre_req_pre"": ""--50"", ""buy_3th_pre_bid"": ""+279000"", ""buy_3th_pre_req"": ""224"", ""buy_3th_pre_req_pre"": ""+53"", ""buy_4th_pre_bid"": ""+278500"", ""buy_4th_pre_req"": ""351"", ""buy_4th_pre_req_pre"": ""0"", ""buy_5th_pre_bid"": ""+278000"", ""buy_5th_pre_req"": ""836"", ""buy_5th_pre_req_pre"": ""0"", ""buy_6th_pre_bid"": ""+277500"", ""buy_6th_pre_req"": ""331"", ""buy_6th_pre_req_pre"": ""0"", ""buy_7th_pre_bid"": ""+277000"", ""buy_7th_pre_req"": ""768"", ""buy_7th_pre_req_pre"": ""0"", ""buy_8th_pre_bid"": ""276500"", ""buy_8th_pre_req"": ""824"", ""buy_8th_pre_req_pre"": ""0"", ""buy_9th_pre_bid"": ""-276000"", ""buy_9th_pre_req"": ""472"", ""buy_9th_pre_req_pre"": ""0"", ""buy_10th_pre_bid"": ""-275500"", ""buy_10th_pre_req"": ""212"", ""buy_10th_pre_req_pre"": ""0"", ""tot_sel_req_jub_pre"": ""+1"", ""tot_sel_req"": ""2705"", ""tot_buy_req"": ""5031"", ""tot_buy_req_jub_pre"": ""+3"", ""ovt_sel_req_pre"": ""0"", ""ovt_sel_req"": ""0"", ""ovt_buy_req"": ""0"", ""ovt_buy_req_pre"": ""0"", ""return_code"": 0, ""return_msg"": ""정상적으로 처리되었습니다""}"
2026-06-10,scan_candidate,017670,,0,main_scan,106800,,106800,106700,106800,107000,-0.2808988764044944,0.09363295880149813,,,,,,"{""bid_req_base_tm"": ""112035"", ""sel_10th_pre_req_pre"": ""0"", ""sel_10th_pre_req"": ""12"", ""sel_10th_pre_bid"": ""-107800"", ""sel_9th_pre_req_pre"": ""0"", ""sel_9th_pre_req"": ""51"", ""sel_9th_pre_bid"": ""-107600"", ""sel_8th_pre_req_pre"": ""0"", ""sel_8th_pre_req"": ""778"", ""sel_8th_pre_bid"": ""-107500"", ""sel_7th_pre_req_pre"": ""0"", ""sel_7th_pre_req"": ""16"", ""sel_7th_pre_bid"": ""-107400"", ""sel_6th_pre_req_pre"": ""0"", ""sel_6th_pre_req"": ""11"", ""sel_6th_pre_bid"": ""-107300"", ""sel_5th_pre_req_pre"": ""0"", ""sel_5th_pre_req"": ""15"", ""sel_5th_pre_bid"": ""-107200"", ""sel_4th_pre_req_pre"": ""0"", ""sel_4th_pre_req"": ""128"", ""sel_4th_pre_bid"": ""-107100"", ""sel_3th_pre_req_pre"": ""0"", ""sel_3th_pre_req"": ""501"", ""sel_3th_pre_bid"": ""-107000"", ""sel_2th_pre_req_pre"": ""+100"", ""sel_2th_pre_req"": ""256"", ""sel_2th_pre_bid"": ""-106900"", ""sel_1th_pre_req_pre"": ""--100"", ""sel_fpr_req"": ""474"", ""sel_fpr_bid"": ""-106800"", ""buy_fpr_bid"": ""-106700"", ""buy_fpr_req"": ""826"", ""buy_1th_pre_req_pre"": ""0"", ""buy_2th_pre_bid"": ""-106600"", ""buy_2th_pre_req"": ""1674"", ""buy_2th_pre_req_pre"": ""0"", ""buy_3th_pre_bid"": ""-106500"", ""buy_3th_pre_req"": ""1521"", ""buy_3th_pre_req_pre"": ""0"", ""buy_4th_pre_bid"": ""-106400"", ""buy_4th_pre_req"": ""629"", ""buy_4th_pre_req_pre"": ""0"", ""buy_5th_pre_bid"": ""-106300"", ""buy_5th_pre_req"": ""428"", ""buy_5th_pre_req_pre"": ""0"", ""buy_6th_pre_bid"": ""-106200"", ""buy_6th_pre_req"": ""1017"", ""buy_6th_pre_req_pre"": ""0"", ""buy_7th_pre_bid"": ""-106100"", ""buy_7th_pre_req"": ""1489"", ""buy_7th_pre_req_pre"": ""+2"", ""buy_8th_pre_bid"": ""-106000"", ""buy_8th_pre_req"": ""3635"", ""buy_8th_pre_req_pre"": ""0"", ""buy_9th_pre_bid"": ""-105900"", ""buy_9th_pre_req"": ""921"", ""buy_9th_pre_req_pre"": ""0"", ""buy_10th_pre_bid"": ""-105800"", ""buy_10th_pre_req"": ""896"", ""buy_10th_pre_req_pre"": ""0"", ""tot_sel_req_jub_pre"": ""0"", ""tot_sel_req"": ""2242"", ""tot_buy_req"": ""13036"", ""tot_buy_req_jub_pre"": ""+2"", ""ovt_sel_req_pre"": ""0"", ""ovt_sel_req"": ""0"", ""ovt_buy_req"": ""0"", ""ovt_buy_req_pre"": ""0"", ""return_code"": 0, ""return_msg"": ""정상적으로 처리되었습니다""}"
2026-06-10,scan_candidate,316140,,0,main_scan,29950,,29950,29900,29950,29850,-0.5008347245409015,0.1669449081803005,,,,,,"{""bid_req_base_tm"": ""112035"", ""sel_10th_pre_req_pre"": ""0"", ""sel_10th_pre_req"": ""3192"", ""sel_10th_pre_bid"": ""+30400"", ""sel_9th_pre_req_pre"": ""0"", ""sel_9th_pre_req"": ""771"", ""sel_9th_pre_bid"": ""+30350"", ""sel_8th_pre_req_pre"": ""0"", ""sel_8th_pre_req"": ""2478"", ""sel_8th_pre_bid"": ""+30300"", ""sel_7th_pre_req_pre"": ""0"", ""sel_7th_pre_req"": ""1167"", ""sel_7th_pre_bid"": ""+30250"", ""sel_6th_pre_req_pre"": ""0"", ""sel_6th_pre_req"": ""7673"", ""sel_6th_pre_bid"": ""+30200"", ""sel_5th_pre_req_pre"": ""0"", ""sel_5th_pre_req"": ""890"", ""sel_5th_pre_bid"": ""+30150"", ""sel_4th_pre_req_pre"": ""0"", ""sel_4th_pre_req"": ""1820"", ""sel_4th_pre_bid"": ""+30100"", ""sel_3th_pre_req_pre"": ""0"", ""sel_3th_pre_req"": ""1771"", ""sel_3th_pre_bid"": ""+30050"", ""sel_2th_pre_req_pre"": ""0"", ""sel_2th_pre_req"": ""2729"", ""sel_2th_pre_bid"": ""30000"", ""sel_1th_pre_req_pre"": ""+9"", ""sel_fpr_req"": ""2901"", ""sel_fpr_bid"": ""-29950"", ""buy_fpr_bid"": ""-29900"", ""buy_fpr_req"": ""5612"", ""buy_1th_pre_req_pre"": ""0"", ""buy_2th_pre_bid"": ""-29850"", ""buy_2th_pre_req"": ""2410"", ""buy_2th_pre_req_pre"": ""0"", ""buy_3th_pre_bid"": ""-29800"", ""buy_3th_pre_req"": ""2972"", ""buy_3th_pre_req_pre"": ""0"", ""buy_4th_pre_bid"": ""-29750"", ""buy_4th_pre_req"": ""1180"", ""buy_4th_pre_req_pre"": ""0"", ""buy_5th_pre_bid"": ""-29700"", ""buy_5th_pre_req"": ""966"", ""buy_5th_pre_req_pre"": ""0"", ""buy_6th_pre_bid"": ""-29650"", ""buy_6th_pre_req"": ""707"", ""buy_6th_pre_req_pre"": ""0"", ""buy_7th_pre_bid"": ""-29600"", ""buy_7th_pre_req"": ""1034"", ""buy_7th_pre_req_pre"": ""0"", ""buy_8th_pre_bid"": ""-29550"", ""buy_8th_pre_req"": ""957"", ""buy_8th_pre_req_pre"": ""0"", ""buy_9th_pre_bid"": ""-29500"", ""buy_9th_pre_req"": ""4022"", ""buy_9th_pre_req_pre"": ""0"", ""buy_10th_pre_bid"": ""-29450"", ""buy_10th_pre_req"": ""782"", ""buy_10th_pre_req_pre"": ""0"", ""tot_sel_req_jub_pre"": ""+9"", ""tot_sel_req"": ""25392"", ""tot_buy_req"": ""20642"", ""tot_buy_req_jub_pre"": ""0"", ""ovt_sel_req_pre"": ""0"", ""ovt_sel_req"": ""0"", ""ovt_buy_req"": ""0"", ""ovt_buy_req_pre"": ""0"", ""return_code"": 0, ""return_msg"": ""정상적으로 처리되었습니다""}"
2026-06-10,scan_candidate,018260,,0,main_scan,231000,,231000,230500,231000,232500,0.4329004329004329,0.21645021645021645,,,,,,"{""bid_req_base_tm"": ""112035"", ""sel_10th_pre_req_pre"": ""0"", ""sel_10th_pre_req"": ""177"", ""sel_10th_pre_bid"": ""-235500"", ""sel_9th_pre_req_pre"": ""0"", ""sel_9th_pre_req"": ""330"", ""sel_9th_pre_bid"": ""-235000"", ""sel_8th_pre_req_pre"": ""0"", ""sel_8th_pre_req"": ""147"", ""sel_8th_pre_bid"": ""-234500"", ""sel_7th_pre_req_pre"": ""0"", ""sel_7th_pre_req"": ""227"", ""sel_7th_pre_bid"": ""-234000"", ""sel_6th_pre_req_pre"": ""0"", ""sel_6th_pre_req"": ""88"", ""sel_6th_pre_bid"": ""-233500"", ""sel_5th_pre_req_pre"": ""0"", ""sel_5th_pre_req"": ""108"", ""sel_5th_pre_bid"": ""-233000"", ""sel_4th_pre_req_pre"": ""0"", ""sel_4th_pre_req"": ""329"", ""sel_4th_pre_bid"": ""-232500"", ""sel_3th_pre_req_pre"": ""0"", ""sel_3th_pre_req"": ""140"", ""sel_3th_pre_bid"": ""-232000"", ""sel_2th_pre_req_pre"": ""0"", ""sel_2th_pre_req"": ""102"", ""sel_2th_pre_bid"": ""-231500"", ""sel_1th_pre_req_pre"": ""0"", ""sel_fpr_req"": ""1030"", ""sel_fpr_bid"": ""-231000"", ""buy_fpr_bid"": ""-230500"", ""buy_fpr_req"": ""526"", ""buy_1th_pre_req_pre"": ""+10"", ""buy_2th_pre_bid"": ""-230000"", ""buy_2th_pre_req"": ""5738"", ""buy_2th_pre_req_pre"": ""--10"", ""buy_3th_pre_bid"": ""-229500"", ""buy_3th_pre_req"": ""3794"", ""buy_3th_pre_req_pre"": ""0"", ""buy_4th_pre_bid"": ""-229000"", ""buy_4th_pre_req"": ""1529"", ""buy_4th_pre_req_pre"": ""0"", ""buy_5th_pre_bid"": ""-228500"", ""buy_5th_pre_req"": ""1025"", ""buy_5th_pre_req_pre"": ""0"", ""buy_6th_pre_bid"": ""-228000"", ""buy_6th_pre_req"": ""2051"", ""buy_6th_pre_req_pre"": ""0"", ""buy_7th_pre_bid"": ""-227500"", ""buy_7th_pre_req"": ""2367"", ""buy_7th_pre_req_pre"": ""0"", ""buy_8th_pre_bid"": ""-227000"", ""buy_8th_pre_req"": ""1970"", ""buy_8th_pre_req_pre"": ""0"", ""buy_9th_pre_bid"": ""-226500"", ""buy_9th_pre_req"": ""580"", ""buy_9th_pre_req_pre"": ""0"", ""buy_10th_pre_bid"": ""-226000"", ""buy_10th_pre_req"": ""1617"", ""buy_10th_pre_req_pre"": ""0"", ""tot_sel_req_jub_pre"": ""0"", ""tot_sel_req"": ""2678"", ""tot_buy_req"": ""21197"", ""tot_buy_req_jub_pre"": ""0"", ""ovt_sel_req_pre"": ""0"", ""ovt_sel_req"": ""0"", ""ovt_buy_req"": ""0"", ""ovt_buy_req_pre"": ""0"", ""return_code"": 0, ""return_msg"": ""정상적으로 처리되었습니다""}"
2026-06-10,scan_candidate,033780,,0,main_scan,184200,,184200,184100,184200,183500,-0.6514657980456027,0.05428881650380022,,,,,,"{""bid_req_base_tm"": ""112035"", ""sel_10th_pre_req_pre"": ""0"", ""sel_10th_pre_req"": ""4"", ""sel_10th_pre_bid"": ""+185100"", ""sel_9th_pre_req_pre"": ""0"", ""sel_9th_pre_req"": ""1177"", ""sel_9th_pre_bid"": ""+185000"", ""sel_8th_pre_req_pre"": ""0"", ""sel_8th_pre_req"": ""57"", ""sel_8th_pre_bid"": ""+184900"", ""sel_7th_pre_req_pre"": ""0"", ""sel_7th_pre_req"": ""79"", ""sel_7th_pre_bid"": ""+184800"", ""sel_6th_pre_req_pre"": ""0"", ""sel_6th_pre_req"": ""233"", ""sel_6th_pre_bid"": ""+184700"", ""sel_5th_pre_req_pre"": ""0"", ""sel_5th_pre_req"": ""98"", ""sel_5th_pre_bid"": ""+184600"", ""sel_4th_pre_req_pre"": ""0"", ""sel_4th_pre_req"": ""163"", ""sel_4th_pre_bid"": ""+184500"", ""sel_3th_pre_req_pre"": ""0"", ""sel_3th_pre_req"": ""29"", ""sel_3th_pre_bid"": ""+184400"", ""sel_2th_pre_req_pre"": ""--6"", ""sel_2th_pre_req"": ""352"", ""sel_2th_pre_bid"": ""184300"", ""sel_1th_pre_req_pre"": ""+7"", ""sel_fpr_req"": ""130"", ""sel_fpr_bid"": ""-184200"", ""buy_fpr_bid"": ""-184100"", ""buy_fpr_req"": ""220"", ""buy_1th_pre_req_pre"": ""0"", ""buy_2th_pre_bid"": ""-184000"", ""buy_2th_pre_req"": ""274"", ""buy_2th_pre_req_pre"": ""0"", ""buy_3th_pre_bid"": ""-183900"", ""buy_3th_pre_req"": ""52"", ""buy_3th_pre_req_pre"": ""0"", ""buy_4th_pre_bid"": ""-183800"", ""buy_4th_pre_req"": ""3"", ""buy_4th_pre_req_pre"": ""0"", ""buy_5th_pre_bid"": ""-183700"", ""buy_5th_pre_req"": ""5"", ""buy_5th_pre_req_pre"": ""0"", ""buy_6th_pre_bid"": ""-183600"", ""buy_6th_pre_req"": ""11"", ""buy_6th_pre_req_pre"": ""0"", ""buy_7th_pre_bid"": ""-183500"", ""buy_7th_pre_req"": ""20"", ""buy_7th_pre_req_pre"": ""0"", ""buy_8th_pre_bid"": ""-183400"", ""buy_8th_pre_req"": ""41"", ""buy_8th_pre_req_pre"": ""0"", ""buy_9th_pre_bid"": ""-183300"", ""buy_9th_pre_req"": ""136"", ""buy_9th_pre_req_pre"": ""0"", ""buy_10th_pre_bid"": ""-183200"", ""buy_10th_pre_req"": ""4"", ""buy_10th_pre_req_pre"": ""0"", ""tot_sel_req_jub_pre"": ""+1"", ""tot_sel_req"": ""2322"", ""tot_buy_req"": ""766"", ""tot_buy_req_jub_pre"": ""0"", ""ovt_sel_req_pre"": ""0"", ""ovt_sel_req"": ""0"", ""ovt_buy_req"": ""0"", ""ovt_buy_req_pre"": ""0"", ""return_code"": 0, ""return_msg"": ""정상적으로 처리되었습니다""}"
2026-06-10,scan_candidate,307950,,0,main_scan,690000,,690000,689000,690000,693000,0.2898550724637681,0.14492753623188406,,,,,,"{""bid_req_base_tm"": ""112036"", ""sel_10th_pre_req_pre"": ""0"", ""sel_10th_pre_req"": ""30"", ""sel_10th_pre_bid"": ""+699000"", ""sel_9th_pre_req_pre"": ""0"", ""sel_9th_pre_req"": ""24"", ""sel_9th_pre_bid"": ""+698000"", ""sel_8th_pre_req_pre"": ""0"", ""sel_8th_pre_req"": ""30"", ""sel_8th_pre_bid"": ""+697000"", ""sel_7th_pre_req_pre"": ""0"", ""sel_7th_pre_req"": ""6"", ""sel_7th_pre_bid"": ""+696000"", ""sel_6th_pre_req_pre"": ""0"", ""sel_6th_pre_req"": ""27"", ""sel_6th_pre_bid"": ""+695000"", ""sel_5th_pre_req_pre"": ""0"", ""sel_5th_pre_req"": ""3"", ""sel_5th_pre_bid"": ""+694000"", ""sel_4th_pre_req_pre"": ""0"", ""sel_4th_pre_req"": ""24"", ""sel_4th_pre_bid"": ""+693000"", ""sel_3th_pre_req_pre"": ""0"", ""sel_3th_pre_req"": ""9"", ""sel_3th_pre_bid"": ""+692000"", ""sel_2th_pre_req_pre"": ""0"", ""sel_2th_pre_req"": ""3"", ""sel_2th_pre_bid"": ""+691000"", ""sel_1th_pre_req_pre"": ""0"", ""sel_fpr_req"": ""57"", ""sel_fpr_bid"": ""+690000"", ""buy_fpr_bid"": ""+689000"", ""buy_fpr_req"": ""102"", ""buy_1th_pre_req_pre"": ""0"", ""buy_2th_pre_bid"": ""+688000"", ""buy_2th_pre_req"": ""96"", ""buy_2th_pre_req_pre"": ""0"", ""buy_3th_pre_bid"": ""687000"", ""buy_3th_pre_req"": ""54"", ""buy_3th_pre_req_pre"": ""0"", ""buy_4th_pre_bid"": ""-686000"", ""buy_4th_pre_req"": ""23"", ""buy_4th_pre_req_pre"": ""+5"", ""buy_5th_pre_bid"": ""-685000"", ""buy_5th_pre_req"": ""53"", ""buy_5th_pre_req_pre"": ""0"", ""buy_6th_pre_bid"": ""-684000"", ""buy_6th_pre_req"": ""27"", ""buy_6th_pre_req_pre"": ""0"", ""buy_7th_pre_bid"": ""-683000"", ""buy_7th_pre_req"": ""258"", ""buy_7th_pre_req_pre"": ""--5"", ""buy_8th_pre_bid"": ""-682000"", ""buy_8th_pre_req"": ""123"", ""buy_8th_pre_req_pre"": ""0"", ""buy_9th_pre_bid"": ""-681000"", ""buy_9th_pre_req"": ""172"", ""buy_9th_pre_req_pre"": ""0"", ""buy_10th_pre_bid"": ""-680000"", ""buy_10th_pre_req"": ""609"", ""buy_10th_pre_req_pre"": ""0"", ""tot_sel_req_jub_pre"": ""0"", ""tot_sel_req"": ""213"", ""tot_buy_req"": ""1517"", ""tot_buy_req_jub_pre"": ""0"", ""ovt_sel_req_pre"": ""0"", ""ovt_sel_req"": ""0"", ""ovt_buy_req"": ""0"", ""ovt_buy_req_pre"": ""0"", ""return_code"": 0, ""return_msg"": ""정상적으로 처리되었습니다""}"
2026-06-10,scan_candidate,138040,,0,main_scan,109500,,109500,109400,109500,109000,-0.91324200913242,0.091324200913242,,,,,,"{""bid_req_base_tm"": ""112035"", ""sel_10th_pre_req_pre"": ""0"", ""sel_10th_pre_req"": ""131"", ""sel_10th_pre_bid"": ""+110400"", ""sel_9th_pre_req_pre"": ""0"", ""sel_9th_pre_req"": ""1589"", ""sel_9th_pre_bid"": ""+110300"", ""sel_8th_pre_req_pre"": ""0"", ""sel_8th_pre_req"": ""526"", ""sel_8th_pre_bid"": ""+110200"", ""sel_7th_pre_req_pre"": ""0"", ""sel_7th_pre_req"": ""5082"", ""sel_7th_pre_bid"": ""+110100"", ""sel_6th_pre_req_pre"": ""0"", ""sel_6th_pre_req"": ""1023"", ""sel_6th_pre_bid"": ""+110000"", ""sel_5th_pre_req_pre"": ""0"", ""sel_5th_pre_req"": ""592"", ""sel_5th_pre_bid"": ""+109900"", ""sel_4th_pre_req_pre"": ""0"", ""sel_4th_pre_req"": ""507"", ""sel_4th_pre_bid"": ""+109800"", ""sel_3th_pre_req_pre"": ""0"", ""sel_3th_pre_req"": ""53"", ""sel_3th_pre_bid"": ""+109700"", ""sel_2th_pre_req_pre"": ""0"", ""sel_2th_pre_req"": ""82"", ""sel_2th_pre_bid"": ""+109600"", ""sel_1th_pre_req_pre"": ""+3"", ""sel_fpr_req"": ""142"", ""sel_fpr_bid"": ""+109500"", ""buy_fpr_bid"": ""+109400"", ""buy_fpr_req"": ""381"", ""buy_1th_pre_req_pre"": ""0"", ""buy_2th_pre_bid"": ""+109300"", ""buy_2th_pre_req"": ""158"", ""buy_2th_pre_req_pre"": ""0"", ""buy_3th_pre_bid"": ""+109200"", ""buy_3th_pre_req"": ""194"", ""buy_3th_pre_req_pre"": ""0"", ""buy_4th_pre_bid"": ""109100"", ""buy_4th_pre_req"": ""53"", ""buy_4th_pre_req_pre"": ""0"", ""buy_5th_pre_bid"": ""-108900"", ""buy_5th_pre_req"": ""13"", ""buy_5th_pre_req_pre"": ""0"", ""buy_6th_pre_bid"": ""-108800"", ""buy_6th_pre_req"": ""20"", ""buy_6th_pre_req_pre"": ""0"", ""buy_7th_pre_bid"": ""-108700"", ""buy_7th_pre_req"": ""54"", ""buy_7th_pre_req_pre"": ""0"", ""buy_8th_pre_bid"": ""-108600"", ""buy_8th_pre_req"": ""276"", ""buy_8th_pre_req_pre"": ""0"", ""buy_9th_pre_bid"": ""-108500"", ""buy_9th_pre_req"": ""286"", ""buy_9th_pre_req_pre"": ""0"", ""buy_10th_pre_bid"": ""-108400"", ""buy_10th_pre_req"": ""23"", ""buy_10th_pre_req_pre"": ""0"", ""tot_sel_req_jub_pre"": ""+3"", ""tot_sel_req"": ""9727"", ""tot_buy_req"": ""1458"", ""tot_buy_req_jub_pre"": ""0"", ""ovt_sel_req_pre"": ""0"", ""ovt_sel_req"": ""0"", ""ovt_buy_req"": ""0"", ""ovt_buy_req_pre"": ""0"", ""return_code"": 0, ""return_msg"": ""정상적으로 처리되었습니다""}"
2026-06-10,scan_candidate,003550,,0,main_scan,109400,,109400,109300,109400,108500,-1.2797074954296161,0.09140767824497258,,,,,,"{""bid_req_base_tm"": ""112036"", ""sel_10th_pre_req_pre"": ""0"", ""sel_10th_pre_req"": ""3"", ""sel_10th_pre_bid"": ""-110300"", ""sel_9th_pre_req_pre"": ""0"", ""sel_9th_pre_req"": ""56"", ""sel_9th_pre_bid"": ""-110200"", ""sel_8th_pre_req_pre"": ""0"", ""sel_8th_pre_req"": ""3"", ""sel_8th_pre_bid"": ""-110100"", ""sel_7th_pre_req_pre"": ""0"", ""sel_7th_pre_req"": ""155"", ""sel_7th_pre_bid"": ""-110000"", ""sel_6th_pre_req_pre"": ""0"", ""sel_6th_pre_req"": ""17"", ""sel_6th_pre_bid"": ""-109900"", ""sel_5th_pre_req_pre"": ""0"", ""sel_5th_pre_req"": ""1"", ""sel_5th_pre_bid"": ""-109800"", ""sel_4th_pre_req_pre"": ""0"", ""sel_4th_pre_req"": ""29"", ""sel_4th_pre_bid"": ""-109700"", ""sel_3th_pre_req_pre"": ""0"", ""sel_3th_pre_req"": ""294"", ""sel_3th_pre_bid"": ""-109600"", ""sel_2th_pre_req_pre"": ""0"", ""sel_2th_pre_req"": ""318"", ""sel_2th_pre_bid"": ""-109500"", ""sel_1th_pre_req_pre"": ""0"", ""sel_fpr_req"": ""507"", ""sel_fpr_bid"": ""-109400"", ""buy_fpr_bid"": ""-109300"", ""buy_fpr_req"": ""255"", ""buy_1th_pre_req_pre"": ""0"", ""buy_2th_pre_bid"": ""-109200"", ""buy_2th_pre_req"": ""30"", ""buy_2th_pre_req_pre"": ""0"", ""buy_3th_pre_bid"": ""-109100"", ""buy_3th_pre_req"": ""88"", ""buy_3th_pre_req_pre"": ""0"", ""buy_4th_pre_bid"": ""-109000"", ""buy_4th_pre_req"": ""83"", ""buy_4th_pre_req_pre"": ""0"", ""buy_5th_pre_bid"": ""-108900"", ""buy_5th_pre_req"": ""29"", ""buy_5th_pre_req_pre"": ""0"", ""buy_6th_pre_bid"": ""-108800"", ""buy_6th_pre_req"": ""24"", ""buy_6th_pre_req_pre"": ""0"", ""buy_7th_pre_bid"": ""-108700"", ""buy_7th_pre_req"": ""21"", ""buy_7th_pre_req_pre"": ""+10"", ""buy_8th_pre_bid"": ""-108600"", ""buy_8th_pre_req"": ""29"", ""buy_8th_pre_req_pre"": ""0"", ""buy_9th_pre_bid"": ""-108500"", ""buy_9th_pre_req"": ""74"", ""buy_9th_pre_req_pre"": ""0"", ""buy_10th_pre_bid"": ""-108400"", ""buy_10th_pre_req"": ""65"", ""buy_10th_pre_req_pre"": ""0"", ""tot_sel_req_jub_pre"": ""0"", ""tot_sel_req"": ""1383"", ""tot_buy_req"": ""698"", ""tot_buy_req_jub_pre"": ""+10"", ""ovt_sel_req_pre"": ""0"", ""ovt_sel_req"": ""0"", ""ovt_buy_req"": ""0"", ""ovt_buy_req_pre"": ""0"", ""return_code"": 0, ""return_msg"": ""정상적으로 처리되었습니다""}"
2026-06-10,scan_candidate,024110,,0,main_scan,21100,,21100,21050,21100,20850,-1.4218009478672986,0.23696682464454977,,,,,,"{""bid_req_base_tm"": ""112037"", ""sel_10th_pre_req_pre"": ""0"", ""sel_10th_pre_req"": ""3025"", ""sel_10th_pre_bid"": ""+21550"", ""sel_9th_pre_req_pre"": ""0"", ""sel_9th_pre_req"": ""46738"", ""sel_9th_pre_bid"": ""+21500"", ""sel_8th_pre_req_pre"": ""0"", ""sel_8th_pre_req"": ""5070"", ""sel_8th_pre_bid"": ""+21450"", ""sel_7th_pre_req_pre"": ""0"", ""sel_7th_pre_req"": ""10801"", ""sel_7th_pre_bid"": ""+21400"", ""sel_6th_pre_req_pre"": ""0"", ""sel_6th_pre_req"": ""5017"", ""sel_6th_pre_bid"": ""+21350"", ""sel_5th_pre_req_pre"": ""0"", ""sel_5th_pre_req"": ""12436"", ""sel_5th_pre_bid"": ""+21300"", ""sel_4th_pre_req_pre"": ""0"", ""sel_4th_pre_req"": ""8608"", ""sel_4th_pre_bid"": ""+21250"", ""sel_3th_pre_req_pre"": ""0"", ""sel_3th_pre_req"": ""19113"", ""sel_3th_pre_bid"": ""+21200"", ""sel_2th_pre_req_pre"": ""0"", ""sel_2th_pre_req"": ""24022"", ""sel_2th_pre_bid"": ""+21150"", ""sel_1th_pre_req_pre"": ""--10"", ""sel_fpr_req"": ""10521"", ""sel_fpr_bid"": ""+21100"", ""buy_fpr_bid"": ""+21050"", ""buy_fpr_req"": ""1350"", ""buy_1th_pre_req_pre"": ""--1"", ""buy_2th_pre_bid"": ""+21000"", ""buy_2th_pre_req"": ""679"", ""buy_2th_pre_req_pre"": ""--153"", ""buy_3th_pre_bid"": ""+20950"", ""buy_3th_pre_req"": ""2293"", ""buy_3th_pre_req_pre"": ""0"", ""buy_4th_pre_bid"": ""+20900"", ""buy_4th_pre_req"": ""2893"", ""buy_4th_pre_req_pre"": ""0"", ""buy_5th_pre_bid"": ""+20850"", ""buy_5th_pre_req"": ""3121"", ""buy_5th_pre_req_pre"": ""0"", ""buy_6th_pre_bid"": ""+20800"", ""buy_6th_pre_req"": ""2242"", ""buy_6th_pre_req_pre"": ""0"", ""buy_7th_pre_bid"": ""+20750"", ""buy_7th_pre_req"": ""1811"", ""buy_7th_pre_req_pre"": ""0"", ""buy_8th_pre_bid"": ""+20700"", ""buy_8th_pre_req"": ""2934"", ""buy_8th_pre_req_pre"": ""0"", ""buy_9th_pre_bid"": ""+20650"", ""buy_9th_pre_req"": ""2545"", ""buy_9th_pre_req_pre"": ""0"", ""buy_10th_pre_bid"": ""+20600"", ""buy_10th_pre_req"": ""3770"", ""buy_10th_pre_req_pre"": ""0"", ""tot_sel_req_jub_pre"": ""--10"", ""tot_sel_req"": ""145351"", ""tot_buy_req"": ""23638"", ""tot_buy_req_jub_pre"": ""--154"", ""ovt_sel_req_pre"": ""0"", ""ovt_sel_req"": ""0"", ""ovt_buy_req"": ""0"", ""ovt_buy_req_pre"": ""0"", ""return_code"": 0, ""return_msg"": ""정상적으로 처리되었습니다""}"
2026-06-10,scan_candidate,079550,,0,main_scan,769000,,769000,768000,769000,770000,0.0,0.13003901170351106,,,,,,"{""bid_req_base_tm"": ""112037"", ""sel_10th_pre_req_pre"": ""0"", ""sel_10th_pre_req"": ""17"", ""sel_10th_pre_bid"": ""+779000"", ""sel_9th_pre_req_pre"": ""0"", ""sel_9th_pre_req"": ""33"", ""sel_9th_pre_bid"": ""+778000"", ""sel_8th_pre_req_pre"": ""0"", ""sel_8th_pre_req"": ""74"", ""sel_8th_pre_bid"": ""+777000"", ""sel_7th_pre_req_pre"": ""0"", ""sel_7th_pre_req"": ""202"", ""sel_7th_pre_bid"": ""+775000"", ""sel_6th_pre_req_pre"": ""0"", ""sel_6th_pre_req"": ""50"", ""sel_6th_pre_bid"": ""+774000"", ""sel_5th_pre_req_pre"": ""0"", ""sel_5th_pre_req"": ""15"", ""sel_5th_pre_bid"": ""+773000"", ""sel_4th_pre_req_pre"": ""0"", ""sel_4th_pre_req"": ""9"", ""sel_4th_pre_bid"": ""+772000"", ""sel_3th_pre_req_pre"": ""0"", ""sel_3th_pre_req"": ""10"", ""sel_3th_pre_bid"": ""+771000"", ""sel_2th_pre_req_pre"": ""0"", ""sel_2th_pre_req"": ""311"", ""sel_2th_pre_bid"": ""+770000"", ""sel_1th_pre_req_pre"": ""+12"", ""sel_fpr_req"": ""132"", ""sel_fpr_bid"": ""+769000"", ""buy_fpr_bid"": ""+768000"", ""buy_fpr_req"": ""172"", ""buy_1th_pre_req_pre"": ""0"", ""buy_2th_pre_bid"": ""+767000"", ""buy_2th_pre_req"": ""172"", ""buy_2th_pre_req_pre"": ""0"", ""buy_3th_pre_bid"": ""+766000"", ""buy_3th_pre_req"": ""222"", ""buy_3th_pre_req_pre"": ""0"", ""buy_4th_pre_bid"": ""+765000"", ""buy_4th_pre_req"": ""77"", ""buy_4th_pre_req_pre"": ""0"", ""buy_5th_pre_bid"": ""+764000"", ""buy_5th_pre_req"": ""32"", ""buy_5th_pre_req_pre"": ""0"", ""buy_6th_pre_bid"": ""+763000"", ""buy_6th_pre_req"": ""57"", ""buy_6th_pre_req_pre"": ""0"", ""buy_7th_pre_bid"": ""+762000"", ""buy_7th_pre_req"": ""68"", ""buy_7th_pre_req_pre"": ""0"", ""buy_8th_pre_bid"": ""+761000"", ""buy_8th_pre_req"": ""81"", ""buy_8th_pre_req_pre"": ""0"", ""buy_9th_pre_bid"": ""+760000"", ""buy_9th_pre_req"": ""125"", ""buy_9th_pre_req_pre"": ""0"", ""buy_10th_pre_bid"": ""+759000"", ""buy_10th_pre_req"": ""12"", ""buy_10th_pre_req_pre"": ""0"", ""tot_sel_req_jub_pre"": ""+12"", ""tot_sel_req"": ""853"", ""tot_buy_req"": ""1018"", ""tot_buy_req_jub_pre"": ""0"", ""ovt_sel_req_pre"": ""0"", ""ovt_sel_req"": ""0"", ""ovt_buy_req"": ""0"", ""ovt_buy_req_pre"": ""0"", ""return_code"": 0, ""return_msg"": ""정상적으로 처리되었습니다""}"
2026-06-10,scan_candidate,278470,,0,main_scan,418000,,418000,417500,418000,417000,-0.3588516746411483,0.11961722488038277,,,,,,"{""bid_req_base_tm"": ""112037"", ""sel_10th_pre_req_pre"": ""0"", ""sel_10th_pre_req"": ""519"", ""sel_10th_pre_bid"": ""+422500"", ""sel_9th_pre_req_pre"": ""0"", ""sel_9th_pre_req"": ""1131"", ""sel_9th_pre_bid"": ""+422000"", ""sel_8th_pre_req_pre"": ""0"", ""sel_8th_pre_req"": ""167"", ""sel_8th_pre_bid"": ""+421500"", ""sel_7th_pre_req_pre"": ""0"", ""sel_7th_pre_req"": ""87"", ""sel_7th_pre_bid"": ""+421000"", ""sel_6th_pre_req_pre"": ""0"", ""sel_6th_pre_req"": ""52"", ""sel_6th_pre_bid"": ""+420500"", ""sel_5th_pre_req_pre"": ""0"", ""sel_5th_pre_req"": ""237"", ""sel_5th_pre_bid"": ""+420000"", ""sel_4th_pre_req_pre"": ""0"", ""sel_4th_pre_req"": ""45"", ""sel_4th_pre_bid"": ""+419500"", ""sel_3th_pre_req_pre"": ""0"", ""sel_3th_pre_req"": ""84"", ""sel_3th_pre_bid"": ""+419000"", ""sel_2th_pre_req_pre"": ""0"", ""sel_2th_pre_req"": ""32"", ""sel_2th_pre_bid"": ""+418500"", ""sel_1th_pre_req_pre"": ""0"", ""sel_fpr_req"": ""9"", ""sel_fpr_bid"": ""+418000"", ""buy_fpr_bid"": ""+417500"", ""buy_fpr_req"": ""67"", ""buy_1th_pre_req_pre"": ""0"", ""buy_2th_pre_bid"": ""+417000"", ""buy_2th_pre_req"": ""5"", ""buy_2th_pre_req_pre"": ""0"", ""buy_3th_pre_bid"": ""+416000"", ""buy_3th_pre_req"": ""129"", ""buy_3th_pre_req_pre"": ""0"", ""buy_4th_pre_bid"": ""+415500"", ""buy_4th_pre_req"": ""190"", ""buy_4th_pre_req_pre"": ""0"", ""buy_5th_pre_bid"": ""+415000"", ""buy_5th_pre_req"": ""492"", ""buy_5th_pre_req_pre"": ""0"", ""buy_6th_pre_bid"": ""+414500"", ""buy_6th_pre_req"": ""247"", ""buy_6th_pre_req_pre"": ""0"", ""buy_7th_pre_bid"": ""+414000"", ""buy_7th_pre_req"": ""34"", ""buy_7th_pre_req_pre"": ""0"", ""buy_8th_pre_bid"": ""+413500"", ""buy_8th_pre_req"": ""123"", ""buy_8th_pre_req_pre"": ""0"", ""buy_9th_pre_bid"": ""+413000"", ""buy_9th_pre_req"": ""57"", ""buy_9th_pre_req_pre"": ""0"", ""buy_10th_pre_bid"": ""+412500"", ""buy_10th_pre_req"": ""11"", ""buy_10th_pre_req_pre"": ""0"", ""tot_sel_req_jub_pre"": ""0"", ""tot_sel_req"": ""2363"", ""tot_buy_req"": ""1355"", ""tot_buy_req_jub_pre"": ""0"", ""ovt_sel_req_pre"": ""0"", ""ovt_sel_req"": ""0"", ""ovt_buy_req"": ""0"", ""ovt_buy_req_pre"": ""0"", ""return_code"": 0, ""return_msg"": ""정상적으로 처리되었습니다""}"
2026-06-10,scan_candidate,030200,,0,main_scan,54900,,54900,54800,54900,54700,-0.546448087431694,0.18214936247723132,,,,,,"{""bid_req_base_tm"": ""112037"", ""sel_10th_pre_req_pre"": ""0"", ""sel_10th_pre_req"": ""1808"", ""sel_10th_pre_bid"": ""+55800"", ""sel_9th_pre_req_pre"": ""0"", ""sel_9th_pre_req"": ""1048"", ""sel_9th_pre_bid"": ""+55700"", ""sel_8th_pre_req_pre"": ""0"", ""sel_8th_pre_req"": ""690"", ""sel_8th_pre_bid"": ""+55600"", ""sel_7th_pre_req_pre"": ""0"", ""sel_7th_pre_req"": ""3269"", ""sel_7th_pre_bid"": ""+55500"", ""sel_6th_pre_req_pre"": ""0"", ""sel_6th_pre_req"": ""1360"", ""sel_6th_pre_bid"": ""+55400"", ""sel_5th_pre_req_pre"": ""0"", ""sel_5th_pre_req"": ""2269"", ""sel_5th_pre_bid"": ""+55300"", ""sel_4th_pre_req_pre"": ""+2"", ""sel_4th_pre_req"": ""1150"", ""sel_4th_pre_bid"": ""+55200"", ""sel_3th_pre_req_pre"": ""0"", ""sel_3th_pre_req"": ""1242"", ""sel_3th_pre_bid"": ""+55100"", ""sel_2th_pre_req_pre"": ""0"", ""sel_2th_pre_req"": ""798"", ""sel_2th_pre_bid"": ""+55000"", ""sel_1th_pre_req_pre"": ""0"", ""sel_fpr_req"": ""941"", ""sel_fpr_bid"": ""+54900"", ""buy_fpr_bid"": ""+54800"", ""buy_fpr_req"": ""1039"", ""buy_1th_pre_req_pre"": ""0"", ""buy_2th_pre_bid"": ""+54700"", ""buy_2th_pre_req"": ""250"", ""buy_2th_pre_req_pre"": ""0"", ""buy_3th_pre_bid"": ""+54600"", ""buy_3th_pre_req"": ""487"", ""buy_3th_pre_req_pre"": ""0"", ""buy_4th_pre_bid"": ""+54500"", ""buy_4th_pre_req"": ""841"", ""buy_4th_pre_req_pre"": ""0"", ""buy_5th_pre_bid"": ""+54400"", ""buy_5th_pre_req"": ""450"", ""buy_5th_pre_req_pre"": ""0"", ""buy_6th_pre_bid"": ""+54300"", ""buy_6th_pre_req"": ""916"", ""buy_6th_pre_req_pre"": ""0"", ""buy_7th_pre_bid"": ""+54200"", ""buy_7th_pre_req"": ""1874"", ""buy_7th_pre_req_pre"": ""0"", ""buy_8th_pre_bid"": ""+54100"", ""buy_8th_pre_req"": ""472"", ""buy_8th_pre_req_pre"": ""0"", ""buy_9th_pre_bid"": ""+54000"", ""buy_9th_pre_req"": ""3506"", ""buy_9th_pre_req_pre"": ""0"", ""buy_10th_pre_bid"": ""+53900"", ""buy_10th_pre_req"": ""937"", ""buy_10th_pre_req_pre"": ""0"", ""tot_sel_req_jub_pre"": ""+2"", ""tot_sel_req"": ""14575"", ""tot_buy_req"": ""10772"", ""tot_buy_req_jub_pre"": ""0"", ""ovt_sel_req_pre"": ""0"", ""ovt_sel_req"": ""0"", ""ovt_buy_req"": ""0"", ""ovt_buy_req_pre"": ""0"", ""return_code"": 0, ""return_msg"": ""정상적으로 처리되었습니다""}"
2026-06-10,scan_candidate,010950,,0,main_scan,112300,,112300,112200,112300,111500,-1.157613535173642,0.08904719501335707,,,,,,"{""bid_req_base_tm"": ""112037"", ""sel_10th_pre_req_pre"": ""0"", ""sel_10th_pre_req"": ""26"", ""sel_10th_pre_bid"": ""+113200"", ""sel_9th_pre_req_pre"": ""0"", ""sel_9th_pre_req"": ""28"", ""sel_9th_pre_bid"": ""+113100"", ""sel_8th_pre_req_pre"": ""0"", ""sel_8th_pre_req"": ""591"", ""sel_8th_pre_bid"": ""+113000"", ""sel_7th_pre_req_pre"": ""0"", ""sel_7th_pre_req"": ""132"", ""sel_7th_pre_bid"": ""+112900"", ""sel_6th_pre_req_pre"": ""0"", ""sel_6th_pre_req"": ""1072"", ""sel_6th_pre_bid"": ""+112800"", ""sel_5th_pre_req_pre"": ""0"", ""sel_5th_pre_req"": ""18"", ""sel_5th_pre_bid"": ""+112700"", ""sel_4th_pre_req_pre"": ""0"", ""sel_4th_pre_req"": ""564"", ""sel_4th_pre_bid"": ""+112600"", ""sel_3th_pre_req_pre"": ""0"", ""sel_3th_pre_req"": ""375"", ""sel_3th_pre_bid"": ""+112500"", ""sel_2th_pre_req_pre"": ""0"", ""sel_2th_pre_req"": ""251"", ""sel_2th_pre_bid"": ""+112400"", ""sel_1th_pre_req_pre"": ""0"", ""sel_fpr_req"": ""45"", ""sel_fpr_bid"": ""+112300"", ""buy_fpr_bid"": ""+112200"", ""buy_fpr_req"": ""62"", ""buy_1th_pre_req_pre"": ""0"", ""buy_2th_pre_bid"": ""+112100"", ""buy_2th_pre_req"": ""100"", ""buy_2th_pre_req_pre"": ""0"", ""buy_3th_pre_bid"": ""+112000"", ""buy_3th_pre_req"": ""384"", ""buy_3th_pre_req_pre"": ""0"", ""buy_4th_pre_bid"": ""+111900"", ""buy_4th_pre_req"": ""316"", ""buy_4th_pre_req_pre"": ""0"", ""buy_5th_pre_bid"": ""+111800"", ""buy_5th_pre_req"": ""105"", ""buy_5th_pre_req_pre"": ""0"", ""buy_6th_pre_bid"": ""+111700"", ""buy_6th_pre_req"": ""150"", ""buy_6th_pre_req_pre"": ""0"", ""buy_7th_pre_bid"": ""+111600"", ""buy_7th_pre_req"": ""40"", ""buy_7th_pre_req_pre"": ""0"", ""buy_8th_pre_bid"": ""+111500"", ""buy_8th_pre_req"": ""1"", ""buy_8th_pre_req_pre"": ""0"", ""buy_9th_pre_bid"": ""+111400"", ""buy_9th_pre_req"": ""4"", ""buy_9th_pre_req_pre"": ""0"", ""buy_10th_pre_bid"": ""+111300"", ""buy_10th_pre_req"": ""22"", ""buy_10th_pre_req_pre"": ""0"", ""tot_sel_req_jub_pre"": ""0"", ""tot_sel_req"": ""3102"", ""tot_buy_req"": ""1184"", ""tot_buy_req_jub_pre"": ""0"", ""ovt_sel_req_pre"": ""0"", ""ovt_sel_req"": ""0"", ""ovt_buy_req"": ""0"", ""ovt_buy_req_pre"": ""0"", ""return_code"": 0, ""return_msg"": ""정상적으로 처리되었습니다""}"
2026-06-10,scan_candidate,323410,,0,main_scan,24600,,24600,24550,24600,24450,-0.8130081300813009,0.20325203252032523,,,,,,"{""bid_req_base_tm"": ""112037"", ""sel_10th_pre_req_pre"": ""0"", ""sel_10th_pre_req"": ""2496"", ""sel_10th_pre_bid"": ""+25050"", ""sel_9th_pre_req_pre"": ""0"", ""sel_9th_pre_req"": ""15240"", ""sel_9th_pre_bid"": ""+25000"", ""sel_8th_pre_req_pre"": ""0"", ""sel_8th_pre_req"": ""11290"", ""sel_8th_pre_bid"": ""+24950"", ""sel_7th_pre_req_pre"": ""0"", ""sel_7th_pre_req"": ""6325"", ""sel_7th_pre_bid"": ""+24900"", ""sel_6th_pre_req_pre"": ""0"", ""sel_6th_pre_req"": ""8200"", ""sel_6th_pre_bid"": ""+24850"", ""sel_5th_pre_req_pre"": ""0"", ""sel_5th_pre_req"": ""14388"", ""sel_5th_pre_bid"": ""+24800"", ""sel_4th_pre_req_pre"": ""0"", ""sel_4th_pre_req"": ""11757"", ""sel_4th_pre_bid"": ""+24750"", ""sel_3th_pre_req_pre"": ""0"", ""sel_3th_pre_req"": ""7796"", ""sel_3th_pre_bid"": ""+24700"", ""sel_2th_pre_req_pre"": ""0"", ""sel_2th_pre_req"": ""3088"", ""sel_2th_pre_bid"": ""+24650"", ""sel_1th_pre_req_pre"": ""0"", ""sel_fpr_req"": ""5195"", ""sel_fpr_bid"": ""+24600"", ""buy_fpr_bid"": ""+24550"", ""buy_fpr_req"": ""9405"", ""buy_1th_pre_req_pre"": ""0"", ""buy_2th_pre_bid"": ""+24500"", ""buy_2th_pre_req"": ""5047"", ""buy_2th_pre_req_pre"": ""0"", ""buy_3th_pre_bid"": ""+24450"", ""buy_3th_pre_req"": ""2002"", ""buy_3th_pre_req_pre"": ""0"", ""buy_4th_pre_bid"": ""24400"", ""buy_4th_pre_req"": ""6699"", ""buy_4th_pre_req_pre"": ""0"", ""buy_5th_pre_bid"": ""-24350"", ""buy_5th_pre_req"": ""2057"", ""buy_5th_pre_req_pre"": ""0"", ""buy_6th_pre_bid"": ""-24300"", ""buy_6th_pre_req"": ""1079"", ""buy_6th_pre_req_pre"": ""0"", ""buy_7th_pre_bid"": ""-24250"", ""buy_7th_pre_req"": ""1664"", ""buy_7th_pre_req_pre"": ""0"", ""buy_8th_pre_bid"": ""-24200"", ""buy_8th_pre_req"": ""851"", ""buy_8th_pre_req_pre"": ""0"", ""buy_9th_pre_bid"": ""-24150"", ""buy_9th_pre_req"": ""1288"", ""buy_9th_pre_req_pre"": ""0"", ""buy_10th_pre_bid"": ""-24100"", ""buy_10th_pre_req"": ""1099"", ""buy_10th_pre_req_pre"": ""0"", ""tot_sel_req_jub_pre"": ""0"", ""tot_sel_req"": ""85775"", ""tot_buy_req"": ""31191"", ""tot_buy_req_jub_pre"": ""0"", ""ovt_sel_req_pre"": ""0"", ""ovt_sel_req"": ""0"", ""ovt_buy_req"": ""0"", ""ovt_buy_req_pre"": ""0"", ""return_code"": 0, ""return_msg"": ""정상적으로 처리되었습니다""}"
2026-06-10,scan_candidate,005940,,0,main_scan,30700,,30700,30650,30700,30900,0.4885993485342019,0.16286644951140067,,,,,,"{""bid_req_base_tm"": ""112038"", ""sel_10th_pre_req_pre"": ""0"", ""sel_10th_pre_req"": ""5"", ""sel_10th_pre_bid"": ""-31150"", ""sel_9th_pre_req_pre"": ""0"", ""sel_9th_pre_req"": ""50"", ""sel_9th_pre_bid"": ""-31100"", ""sel_8th_pre_req_pre"": ""0"", ""sel_8th_pre_req"": ""110"", ""sel_8th_pre_bid"": ""-31050"", ""sel_7th_pre_req_pre"": ""0"", ""sel_7th_pre_req"": ""1"", ""sel_7th_pre_bid"": ""-31000"", ""sel_6th_pre_req_pre"": ""0"", ""sel_6th_pre_req"": ""212"", ""sel_6th_pre_bid"": ""-30950"", ""sel_5th_pre_req_pre"": ""0"", ""sel_5th_pre_req"": ""357"", ""sel_5th_pre_bid"": ""-30900"", ""sel_4th_pre_req_pre"": ""0"", ""sel_4th_pre_req"": ""496"", ""sel_4th_pre_bid"": ""-30850"", ""sel_3th_pre_req_pre"": ""0"", ""sel_3th_pre_req"": ""879"", ""sel_3th_pre_bid"": ""-30800"", ""sel_2th_pre_req_pre"": ""0"", ""sel_2th_pre_req"": ""170"", ""sel_2th_pre_bid"": ""-30750"", ""sel_1th_pre_req_pre"": ""0"", ""sel_fpr_req"": ""739"", ""sel_fpr_bid"": ""-30700"", ""buy_fpr_bid"": ""-30650"", ""buy_fpr_req"": ""3827"", ""buy_1th_pre_req_pre"": ""0"", ""buy_2th_pre_bid"": ""-30600"", ""buy_2th_pre_req"": ""566"", ""buy_2th_pre_req_pre"": ""0"", ""buy_3th_pre_bid"": ""-30550"", ""buy_3th_pre_req"": ""691"", ""buy_3th_pre_req_pre"": ""+400"", ""buy_4th_pre_bid"": ""-30500"", ""buy_4th_pre_req"": ""2223"", ""buy_4th_pre_req_pre"": ""--400"", ""buy_5th_pre_bid"": ""-30450"", ""buy_5th_pre_req"": ""1426"", ""buy_5th_pre_req_pre"": ""0"", ""buy_6th_pre_bid"": ""-30400"", ""buy_6th_pre_req"": ""1236"", ""buy_6th_pre_req_pre"": ""0"", ""buy_7th_pre_bid"": ""-30350"", ""buy_7th_pre_req"": ""829"", ""buy_7th_pre_req_pre"": ""0"", ""buy_8th_pre_bid"": ""-30300"", ""buy_8th_pre_req"": ""3018"", ""buy_8th_pre_req_pre"": ""0"", ""buy_9th_pre_bid"": ""-30250"", ""buy_9th_pre_req"": ""225"", ""buy_9th_pre_req_pre"": ""0"", ""buy_10th_pre_bid"": ""-30200"", ""buy_10th_pre_req"": ""1392"", ""buy_10th_pre_req_pre"": ""0"", ""tot_sel_req_jub_pre"": ""0"", ""tot_sel_req"": ""3019"", ""tot_buy_req"": ""15433"", ""tot_buy_req_jub_pre"": ""0"", ""ovt_sel_req_pre"": ""0"", ""ovt_sel_req"": ""0"", ""ovt_buy_req"": ""0"", ""ovt_buy_req_pre"": ""0"", ""return_code"": 0, ""return_msg"": ""정상적으로 처리되었습니다""}"
2026-06-10,scan_candidate,064400,,0,main_scan,94700,,94700,94600,94700,94300,-0.5279831045406547,0.10559662090813093,,,,,,"{""bid_req_base_tm"": ""112038"", ""sel_10th_pre_req_pre"": ""0"", ""sel_10th_pre_req"": ""1211"", ""sel_10th_pre_bid"": ""-95600"", ""sel_9th_pre_req_pre"": ""0"", ""sel_9th_pre_req"": ""317"", ""sel_9th_pre_bid"": ""-95500"", ""sel_8th_pre_req_pre"": ""0"", ""sel_8th_pre_req"": ""37"", ""sel_8th_pre_bid"": ""-95400"", ""sel_7th_pre_req_pre"": ""0"", ""sel_7th_pre_req"": ""401"", ""sel_7th_pre_bid"": ""-95300"", ""sel_6th_pre_req_pre"": ""0"", ""sel_6th_pre_req"": ""157"", ""sel_6th_pre_bid"": ""-95200"", ""sel_5th_pre_req_pre"": ""0"", ""sel_5th_pre_req"": ""315"", ""sel_5th_pre_bid"": ""-95100"", ""sel_4th_pre_req_pre"": ""0"", ""sel_4th_pre_req"": ""160"", ""sel_4th_pre_bid"": ""-95000"", ""sel_3th_pre_req_pre"": ""0"", ""sel_3th_pre_req"": ""29916"", ""sel_3th_pre_bid"": ""-94900"", ""sel_2th_pre_req_pre"": ""0"", ""sel_2th_pre_req"": ""416"", ""sel_2th_pre_bid"": ""-94800"", ""sel_1th_pre_req_pre"": ""0"", ""sel_fpr_req"": ""90"", ""sel_fpr_bid"": ""-94700"", ""buy_fpr_bid"": ""-94600"", ""buy_fpr_req"": ""513"", ""buy_1th_pre_req_pre"": ""0"", ""buy_2th_pre_bid"": ""-94500"", ""buy_2th_pre_req"": ""2005"", ""buy_2th_pre_req_pre"": ""0"", ""buy_3th_pre_bid"": ""-94400"", ""buy_3th_pre_req"": ""661"", ""buy_3th_pre_req_pre"": ""0"", ""buy_4th_pre_bid"": ""-94300"", ""buy_4th_pre_req"": ""973"", ""buy_4th_pre_req_pre"": ""0"", ""buy_5th_pre_bid"": ""-94200"", ""buy_5th_pre_req"": ""1034"", ""buy_5th_pre_req_pre"": ""0"", ""buy_6th_pre_bid"": ""-94100"", ""buy_6th_pre_req"": ""2795"", ""buy_6th_pre_req_pre"": ""0"", ""buy_7th_pre_bid"": ""-94000"", ""buy_7th_pre_req"": ""4362"", ""buy_7th_pre_req_pre"": ""0"", ""buy_8th_pre_bid"": ""-93900"", ""buy_8th_pre_req"": ""403"", ""buy_8th_pre_req_pre"": ""0"", ""buy_9th_pre_bid"": ""-93800"", ""buy_9th_pre_req"": ""922"", ""buy_9th_pre_req_pre"": ""0"", ""buy_10th_pre_bid"": ""-93700"", ""buy_10th_pre_req"": ""576"", ""buy_10th_pre_req_pre"": ""0"", ""tot_sel_req_jub_pre"": ""0"", ""tot_sel_req"": ""33020"", ""tot_buy_req"": ""14244"", ""tot_buy_req_jub_pre"": ""0"", ""ovt_sel_req_pre"": ""0"", ""ovt_sel_req"": ""0"", ""ovt_buy_req"": ""0"", ""ovt_buy_req_pre"": ""0"", ""return_code"": 0, ""return_msg"": ""정상적으로 처리되었습니다""}"
2026-06-10,scan_candidate,003490,,0,main_scan,25500,,25500,25450,25500,25400,-0.5882352941176471,0.19607843137254902,,,,,,"{""bid_req_base_tm"": ""112038"", ""sel_10th_pre_req_pre"": ""0"", ""sel_10th_pre_req"": ""15428"", ""sel_10th_pre_bid"": ""+25950"", ""sel_9th_pre_req_pre"": ""0"", ""sel_9th_pre_req"": ""17104"", ""sel_9th_pre_bid"": ""+25900"", ""sel_8th_pre_req_pre"": ""0"", ""sel_8th_pre_req"": ""17148"", ""sel_8th_pre_bid"": ""+25850"", ""sel_7th_pre_req_pre"": ""0"", ""sel_7th_pre_req"": ""49112"", ""sel_7th_pre_bid"": ""+25800"", ""sel_6th_pre_req_pre"": ""0"", ""sel_6th_pre_req"": ""15886"", ""sel_6th_pre_bid"": ""+25750"", ""sel_5th_pre_req_pre"": ""0"", ""sel_5th_pre_req"": ""4793"", ""sel_5th_pre_bid"": ""+25700"", ""sel_4th_pre_req_pre"": ""0"", ""sel_4th_pre_req"": ""3662"", ""sel_4th_pre_bid"": ""+25650"", ""sel_3th_pre_req_pre"": ""0"", ""sel_3th_pre_req"": ""5133"", ""sel_3th_pre_bid"": ""+25600"", ""sel_2th_pre_req_pre"": ""0"", ""sel_2th_pre_req"": ""543"", ""sel_2th_pre_bid"": ""+25550"", ""sel_1th_pre_req_pre"": ""+33"", ""sel_fpr_req"": ""1051"", ""sel_fpr_bid"": ""+25500"", ""buy_fpr_bid"": ""+25450"", ""buy_fpr_req"": ""2384"", ""buy_1th_pre_req_pre"": ""0"", ""buy_2th_pre_bid"": ""+25400"", ""buy_2th_pre_req"": ""3641"", ""buy_2th_pre_req_pre"": ""0"", ""buy_3th_pre_bid"": ""+25350"", ""buy_3th_pre_req"": ""3832"", ""buy_3th_pre_req_pre"": ""0"", ""buy_4th_pre_bid"": ""+25300"", ""buy_4th_pre_req"": ""4151"", ""buy_4th_pre_req_pre"": ""0"", ""buy_5th_pre_bid"": ""+25250"", ""buy_5th_pre_req"": ""3793"", ""buy_5th_pre_req_pre"": ""0"", ""buy_6th_pre_bid"": ""+25200"", ""buy_6th_pre_req"": ""6089"", ""buy_6th_pre_req_pre"": ""0"", ""buy_7th_pre_bid"": ""+25150"", ""buy_7th_pre_req"": ""1953"", ""buy_7th_pre_req_pre"": ""0"", ""buy_8th_pre_bid"": ""+25100"", ""buy_8th_pre_req"": ""3058"", ""buy_8th_pre_req_pre"": ""0"", ""buy_9th_pre_bid"": ""+25050"", ""buy_9th_pre_req"": ""2188"", ""buy_9th_pre_req_pre"": ""0"", ""buy_10th_pre_bid"": ""+25000"", ""buy_10th_pre_req"": ""3702"", ""buy_10th_pre_req_pre"": ""0"", ""tot_sel_req_jub_pre"": ""+33"", ""tot_sel_req"": ""129860"", ""tot_buy_req"": ""34791"", ""tot_buy_req_jub_pre"": ""0"", ""ovt_sel_req_pre"": ""0"", ""ovt_sel_req"": ""0"", ""ovt_buy_req"": ""0"", ""ovt_buy_req_pre"": ""0"", ""return_code"": 0, ""return_msg"": ""정상적으로 처리되었습니다""}"
2026-06-10,scan_candidate,161390,,0,main_scan,71300,,71300,71200,71300,71600,0.2805049088359046,0.1402524544179523,,,,,,"{""bid_req_base_tm"": ""112037"", ""sel_10th_pre_req_pre"": ""0"", ""sel_10th_pre_req"": ""18"", ""sel_10th_pre_bid"": ""-72200"", ""sel_9th_pre_req_pre"": ""0"", ""sel_9th_pre_req"": ""30"", ""sel_9th_pre_bid"": ""-72100"", ""sel_8th_pre_req_pre"": ""0"", ""sel_8th_pre_req"": ""153"", ""sel_8th_pre_bid"": ""-72000"", ""sel_7th_pre_req_pre"": ""0"", ""sel_7th_pre_req"": ""325"", ""sel_7th_pre_bid"": ""-71900"", ""sel_6th_pre_req_pre"": ""0"", ""sel_6th_pre_req"": ""130"", ""sel_6th_pre_bid"": ""-71800"", ""sel_5th_pre_req_pre"": ""0"", ""sel_5th_pre_req"": ""11"", ""sel_5th_pre_bid"": ""-71700"", ""sel_4th_pre_req_pre"": ""0"", ""sel_4th_pre_req"": ""18"", ""sel_4th_pre_bid"": ""-71600"", ""sel_3th_pre_req_pre"": ""0"", ""sel_3th_pre_req"": ""84"", ""sel_3th_pre_bid"": ""-71500"", ""sel_2th_pre_req_pre"": ""0"", ""sel_2th_pre_req"": ""162"", ""sel_2th_pre_bid"": ""-71400"", ""sel_1th_pre_req_pre"": ""--24"", ""sel_fpr_req"": ""1012"", ""sel_fpr_bid"": ""-71300"", ""buy_fpr_bid"": ""-71200"", ""buy_fpr_req"": ""1502"", ""buy_1th_pre_req_pre"": ""+4"", ""buy_2th_pre_bid"": ""-71100"", ""buy_2th_pre_req"": ""691"", ""buy_2th_pre_req_pre"": ""0"", ""buy_3th_pre_bid"": ""-71000"", ""buy_3th_pre_req"": ""333"", ""buy_3th_pre_req_pre"": ""0"", ""buy_4th_pre_bid"": ""-70900"", ""buy_4th_pre_req"": ""333"", ""buy_4th_pre_req_pre"": ""0"", ""buy_5th_pre_bid"": ""-70800"", ""buy_5th_pre_req"": ""684"", ""buy_5th_pre_req_pre"": ""0"", ""buy_6th_pre_bid"": ""-70700"", ""buy_6th_pre_req"": ""1"", ""buy_6th_pre_req_pre"": ""0"", ""buy_7th_pre_bid"": ""-70600"", ""buy_7th_pre_req"": ""103"", ""buy_7th_pre_req_pre"": ""0"", ""buy_8th_pre_bid"": ""-70500"", ""buy_8th_pre_req"": ""221"", ""buy_8th_pre_req_pre"": ""0"", ""buy_9th_pre_bid"": ""-70400"", ""buy_9th_pre_req"": ""278"", ""buy_9th_pre_req_pre"": ""0"", ""buy_10th_pre_bid"": ""-70300"", ""buy_10th_pre_req"": ""254"", ""buy_10th_pre_req_pre"": ""0"", ""tot_sel_req_jub_pre"": ""--24"", ""tot_sel_req"": ""1943"", ""tot_buy_req"": ""4400"", ""tot_buy_req_jub_pre"": ""+4"", ""ovt_sel_req_pre"": ""0"", ""ovt_sel_req"": ""0"", ""ovt_buy_req"": ""0"", ""ovt_buy_req_pre"": ""0"", ""return_code"": 0, ""return_msg"": ""정상적으로 처리되었습니다""}"
2026-06-10,scan_candidate,180640,,0,main_scan,117300,,117300,116800,117300,117500,-0.2557544757033248,0.4262574595055414,,,,,,"{""bid_req_base_tm"": ""112038"", ""sel_10th_pre_req_pre"": ""0"", ""sel_10th_pre_req"": ""1"", ""sel_10th_pre_bid"": ""+118500"", ""sel_9th_pre_req_pre"": ""0"", ""sel_9th_pre_req"": ""2"", ""sel_9th_pre_bid"": ""+118400"", ""sel_8th_pre_req_pre"": ""0"", ""sel_8th_pre_req"": ""9"", ""sel_8th_pre_bid"": ""+118100"", ""sel_7th_pre_req_pre"": ""0"", ""sel_7th_pre_req"": ""2"", ""sel_7th_pre_bid"": ""+118000"", ""sel_6th_pre_req_pre"": ""0"", ""sel_6th_pre_req"": ""3"", ""sel_6th_pre_bid"": ""+117900"", ""sel_5th_pre_req_pre"": ""0"", ""sel_5th_pre_req"": ""37"", ""sel_5th_pre_bid"": ""+117800"", ""sel_4th_pre_req_pre"": ""0"", ""sel_4th_pre_req"": ""11"", ""sel_4th_pre_bid"": ""+117700"", ""sel_3th_pre_req_pre"": ""0"", ""sel_3th_pre_req"": ""18"", ""sel_3th_pre_bid"": ""+117600"", ""sel_2th_pre_req_pre"": ""0"", ""sel_2th_pre_req"": ""17"", ""sel_2th_pre_bid"": ""+117500"", ""sel_1th_pre_req_pre"": ""+12"", ""sel_fpr_req"": ""44"", ""sel_fpr_bid"": ""+117300"", ""buy_fpr_bid"": ""+116800"", ""buy_fpr_req"": ""11"", ""buy_1th_pre_req_pre"": ""0"", ""buy_2th_pre_bid"": ""+116700"", ""buy_2th_pre_req"": ""304"", ""buy_2th_pre_req_pre"": ""0"", ""buy_3th_pre_bid"": ""+116600"", ""buy_3th_pre_req"": ""1"", ""buy_3th_pre_req_pre"": ""0"", ""buy_4th_pre_bid"": ""+116500"", ""buy_4th_pre_req"": ""40"", ""buy_4th_pre_req_pre"": ""0"", ""buy_5th_pre_bid"": ""+116300"", ""buy_5th_pre_req"": ""11"", ""buy_5th_pre_req_pre"": ""0"", ""buy_6th_pre_bid"": ""+116100"", ""buy_6th_pre_req"": ""1"", ""buy_6th_pre_req_pre"": ""0"", ""buy_7th_pre_bid"": ""+116000"", ""buy_7th_pre_req"": ""31"", ""buy_7th_pre_req_pre"": ""0"", ""buy_8th_pre_bid"": ""+115800"", ""buy_8th_pre_req"": ""1"", ""buy_8th_pre_req_pre"": ""0"", ""buy_9th_pre_bid"": ""+115700"", ""buy_9th_pre_req"": ""1"", ""buy_9th_pre_req_pre"": ""0"", ""buy_10th_pre_bid"": ""+115500"", ""buy_10th_pre_req"": ""68"", ""buy_10th_pre_req_pre"": ""0"", ""tot_sel_req_jub_pre"": ""+12"", ""tot_sel_req"": ""144"", ""tot_buy_req"": ""469"", ""tot_buy_req_jub_pre"": ""0"", ""ovt_sel_req_pre"": ""0"", ""ovt_sel_req"": ""0"", ""ovt_buy_req"": ""0"", ""ovt_buy_req_pre"": ""0"", ""return_code"": 0, ""return_msg"": ""정상적으로 처리되었습니다""}"
2026-06-10,scan_candidate,454910,,0,main_scan,109100,,109100,109000,109100,109000,-0.5499541704857929,0.09165902841429881,,,,,,"{""bid_req_base_tm"": ""112039"", ""sel_10th_pre_req_pre"": ""0"", ""sel_10th_pre_req"": ""2483"", ""sel_10th_pre_bid"": ""-110000"", ""sel_9th_pre_req_pre"": ""0"", ""sel_9th_pre_req"": ""217"", ""sel_9th_pre_bid"": ""-109900"", ""sel_8th_pre_req_pre"": ""0"", ""sel_8th_pre_req"": ""158"", ""sel_8th_pre_bid"": ""-109800"", ""sel_7th_pre_req_pre"": ""--1"", ""sel_7th_pre_req"": ""73"", ""sel_7th_pre_bid"": ""-109700"", ""sel_6th_pre_req_pre"": ""0"", ""sel_6th_pre_req"": ""187"", ""sel_6th_pre_bid"": ""-109600"", ""sel_5th_pre_req_pre"": ""0"", ""sel_5th_pre_req"": ""188"", ""sel_5th_pre_bid"": ""-109500"", ""sel_4th_pre_req_pre"": ""0"", ""sel_4th_pre_req"": ""219"", ""sel_4th_pre_bid"": ""-109400"", ""sel_3th_pre_req_pre"": ""0"", ""sel_3th_pre_req"": ""371"", ""sel_3th_pre_bid"": ""-109300"", ""sel_2th_pre_req_pre"": ""0"", ""sel_2th_pre_req"": ""248"", ""sel_2th_pre_bid"": ""-109200"", ""sel_1th_pre_req_pre"": ""0"", ""sel_fpr_req"": ""1072"", ""sel_fpr_bid"": ""-109100"", ""buy_fpr_bid"": ""-109000"", ""buy_fpr_req"": ""273"", ""buy_1th_pre_req_pre"": ""0"", ""buy_2th_pre_bid"": ""-108900"", ""buy_2th_pre_req"": ""277"", ""buy_2th_pre_req_pre"": ""0"", ""buy_3th_pre_bid"": ""-108800"", ""buy_3th_pre_req"": ""821"", ""buy_3th_pre_req_pre"": ""0"", ""buy_4th_pre_bid"": ""-108700"", ""buy_4th_pre_req"": ""1259"", ""buy_4th_pre_req_pre"": ""0"", ""buy_5th_pre_bid"": ""-108600"", ""buy_5th_pre_req"": ""699"", ""buy_5th_pre_req_pre"": ""0"", ""buy_6th_pre_bid"": ""-108500"", ""buy_6th_pre_req"": ""2395"", ""buy_6th_pre_req_pre"": ""0"", ""buy_7th_pre_bid"": ""-108400"", ""buy_7th_pre_req"": ""730"", ""buy_7th_pre_req_pre"": ""0"", ""buy_8th_pre_bid"": ""-108300"", ""buy_8th_pre_req"": ""412"", ""buy_8th_pre_req_pre"": ""0"", ""buy_9th_pre_bid"": ""-108200"", ""buy_9th_pre_req"": ""738"", ""buy_9th_pre_req_pre"": ""0"", ""buy_10th_pre_bid"": ""-108100"", ""buy_10th_pre_req"": ""758"", ""buy_10th_pre_req_pre"": ""0"", ""tot_sel_req_jub_pre"": ""--1"", ""tot_sel_req"": ""5216"", ""tot_buy_req"": ""8362"", ""tot_buy_req_jub_pre"": ""0"", ""ovt_sel_req_pre"": ""0"", ""ovt_sel_req"": ""0"", ""ovt_buy_req"": ""0"", ""ovt_buy_req_pre"": ""0"", ""return_code"": 0, ""return_msg"": ""정상적으로 처리되었습니다""}"
2026-06-10,scan_candidate,353200,,0,main_scan,154900,,154900,154800,154900,155000,-0.25823111684958033,0.06455777921239508,,,,,,"{""bid_req_base_tm"": ""112039"", ""sel_10th_pre_req_pre"": ""0"", ""sel_10th_pre_req"": ""39"", ""sel_10th_pre_bid"": ""+155800"", ""sel_9th_pre_req_pre"": ""0"", ""sel_9th_pre_req"": ""27"", ""sel_9th_pre_bid"": ""+155700"", ""sel_8th_pre_req_pre"": ""0"", ""sel_8th_pre_req"": ""6"", ""sel_8th_pre_bid"": ""+155600"", ""sel_7th_pre_req_pre"": ""0"", ""sel_7th_pre_req"": ""80"", ""sel_7th_pre_bid"": ""+155500"", ""sel_6th_pre_req_pre"": ""0"", ""sel_6th_pre_req"": ""22"", ""sel_6th_pre_bid"": ""+155400"", ""sel_5th_pre_req_pre"": ""0"", ""sel_5th_pre_req"": ""18"", ""sel_5th_pre_bid"": ""+155300"", ""sel_4th_pre_req_pre"": ""0"", ""sel_4th_pre_req"": ""55"", ""sel_4th_pre_bid"": ""+155200"", ""sel_3th_pre_req_pre"": ""0"", ""sel_3th_pre_req"": ""80"", ""sel_3th_pre_bid"": ""+155100"", ""sel_2th_pre_req_pre"": ""0"", ""sel_2th_pre_req"": ""69"", ""sel_2th_pre_bid"": ""+155000"", ""sel_1th_pre_req_pre"": ""--40"", ""sel_fpr_req"": ""137"", ""sel_fpr_bid"": ""+154900"", ""buy_fpr_bid"": ""+154800"", ""buy_fpr_req"": ""44"", ""buy_1th_pre_req_pre"": ""0"", ""buy_2th_pre_bid"": ""+154700"", ""buy_2th_pre_req"": ""138"", ""buy_2th_pre_req_pre"": ""0"", ""buy_3th_pre_bid"": ""+154600"", ""buy_3th_pre_req"": ""239"", ""buy_3th_pre_req_pre"": ""0"", ""buy_4th_pre_bid"": ""+154500"", ""buy_4th_pre_req"": ""440"", ""buy_4th_pre_req_pre"": ""0"", ""buy_5th_pre_bid"": ""+154400"", ""buy_5th_pre_req"": ""196"", ""buy_5th_pre_req_pre"": ""0"", ""buy_6th_pre_bid"": ""+154300"", ""buy_6th_pre_req"": ""83"", ""buy_6th_pre_req_pre"": ""0"", ""buy_7th_pre_bid"": ""+154200"", ""buy_7th_pre_req"": ""108"", ""buy_7th_pre_req_pre"": ""0"", ""buy_8th_pre_bid"": ""+154100"", ""buy_8th_pre_req"": ""1094"", ""buy_8th_pre_req_pre"": ""0"", ""buy_9th_pre_bid"": ""+154000"", ""buy_9th_pre_req"": ""554"", ""buy_9th_pre_req_pre"": ""0"", ""buy_10th_pre_bid"": ""+153900"", ""buy_10th_pre_req"": ""98"", ""buy_10th_pre_req_pre"": ""0"", ""tot_sel_req_jub_pre"": ""--40"", ""tot_sel_req"": ""533"", ""tot_buy_req"": ""2994"", ""tot_buy_req_jub_pre"": ""0"", ""ovt_sel_req_pre"": ""0"", ""ovt_sel_req"": ""0"", ""ovt_buy_req"": ""0"", ""ovt_buy_req_pre"": ""0"", ""return_code"": 0, ""return_msg"": ""정상적으로 처리되었습니다""}"
2026-06-10,scan_candidate,034220,,0,main_scan,13080,,13080,13070,13080,13100,-0.22935779816513763,0.0764525993883792,,,,,,"{""bid_req_base_tm"": ""112039"", ""sel_10th_pre_req_pre"": ""0"", ""sel_10th_pre_req"": ""335"", ""sel_10th_pre_bid"": ""-13180"", ""sel_9th_pre_req_pre"": ""0"", ""sel_9th_pre_req"": ""436"", ""sel_9th_pre_bid"": ""-13160"", ""sel_8th_pre_req_pre"": ""0"", ""sel_8th_pre_req"": ""361"", ""sel_8th_pre_bid"": ""-13150"", ""sel_7th_pre_req_pre"": ""0"", ""sel_7th_pre_req"": ""1697"", ""sel_7th_pre_bid"": ""-13140"", ""sel_6th_pre_req_pre"": ""0"", ""sel_6th_pre_req"": ""598"", ""sel_6th_pre_bid"": ""-13130"", ""sel_5th_pre_req_pre"": ""0"", ""sel_5th_pre_req"": ""19"", ""sel_5th_pre_bid"": ""-13120"", ""sel_4th_pre_req_pre"": ""0"", ""sel_4th_pre_req"": ""1355"", ""sel_4th_pre_bid"": ""-13110"", ""sel_3th_pre_req_pre"": ""--500"", ""sel_3th_pre_req"": ""2729"", ""sel_3th_pre_bid"": ""-13100"", ""sel_2th_pre_req_pre"": ""+500"", ""sel_2th_pre_req"": ""1524"", ""sel_2th_pre_bid"": ""-13090"", ""sel_1th_pre_req_pre"": ""0"", ""sel_fpr_req"": ""4803"", ""sel_fpr_bid"": ""-13080"", ""buy_fpr_bid"": ""-13070"", ""buy_fpr_req"": ""9146"", ""buy_1th_pre_req_pre"": ""0"", ""buy_2th_pre_bid"": ""-13060"", ""buy_2th_pre_req"": ""12742"", ""buy_2th_pre_req_pre"": ""0"", ""buy_3th_pre_bid"": ""-13050"", ""buy_3th_pre_req"": ""20936"", ""buy_3th_pre_req_pre"": ""0"", ""buy_4th_pre_bid"": ""-13040"", ""buy_4th_pre_req"": ""7435"", ""buy_4th_pre_req_pre"": ""0"", ""buy_5th_pre_bid"": ""-13030"", ""buy_5th_pre_req"": ""9087"", ""buy_5th_pre_req_pre"": ""0"", ""buy_6th_pre_bid"": ""-13020"", ""buy_6th_pre_req"": ""25338"", ""buy_6th_pre_req_pre"": ""0"", ""buy_7th_pre_bid"": ""-13010"", ""buy_7th_pre_req"": ""23410"", ""buy_7th_pre_req_pre"": ""0"", ""buy_8th_pre_bid"": ""-13000"", ""buy_8th_pre_req"": ""93310"", ""buy_8th_pre_req_pre"": ""0"", ""buy_9th_pre_bid"": ""-12990"", ""buy_9th_pre_req"": ""18274"", ""buy_9th_pre_req_pre"": ""0"", ""buy_10th_pre_bid"": ""-12980"", ""buy_10th_pre_req"": ""15420"", ""buy_10th_pre_req_pre"": ""0"", ""tot_sel_req_jub_pre"": ""0"", ""tot_sel_req"": ""13857"", ""tot_buy_req"": ""235098"", ""tot_buy_req_jub_pre"": ""0"", ""ovt_sel_req_pre"": ""0"", ""ovt_sel_req"": ""0"", ""ovt_buy_req"": ""0"", ""ovt_buy_req_pre"": ""0"", ""return_code"": 0, ""return_msg"": ""정상적으로 처리되었습니다""}"
2026-06-10,scan_candidate,078930,,0,main_scan,74000,,74000,73900,74000,73900,-0.2702702702702703,0.13513513513513514,,,,,,"{""bid_req_base_tm"": ""112039"", ""sel_10th_pre_req_pre"": ""+19"", ""sel_10th_pre_req"": ""82"", ""sel_10th_pre_bid"": ""+74900"", ""sel_9th_pre_req_pre"": ""0"", ""sel_9th_pre_req"": ""4"", ""sel_9th_pre_bid"": ""+74800"", ""sel_8th_pre_req_pre"": ""0"", ""sel_8th_pre_req"": ""232"", ""sel_8th_pre_bid"": ""+74700"", ""sel_7th_pre_req_pre"": ""0"", ""sel_7th_pre_req"": ""104"", ""sel_7th_pre_bid"": ""+74600"", ""sel_6th_pre_req_pre"": ""0"", ""sel_6th_pre_req"": ""385"", ""sel_6th_pre_bid"": ""+74500"", ""sel_5th_pre_req_pre"": ""0"", ""sel_5th_pre_req"": ""107"", ""sel_5th_pre_bid"": ""+74400"", ""sel_4th_pre_req_pre"": ""0"", ""sel_4th_pre_req"": ""164"", ""sel_4th_pre_bid"": ""+74300"", ""sel_3th_pre_req_pre"": ""0"", ""sel_3th_pre_req"": ""57"", ""sel_3th_pre_bid"": ""+74200"", ""sel_2th_pre_req_pre"": ""0"", ""sel_2th_pre_req"": ""122"", ""sel_2th_pre_bid"": ""+74100"", ""sel_1th_pre_req_pre"": ""0"", ""sel_fpr_req"": ""233"", ""sel_fpr_bid"": ""+74000"", ""buy_fpr_bid"": ""+73900"", ""buy_fpr_req"": ""145"", ""buy_1th_pre_req_pre"": ""0"", ""buy_2th_pre_bid"": ""73800"", ""buy_2th_pre_req"": ""420"", ""buy_2th_pre_req_pre"": ""0"", ""buy_3th_pre_bid"": ""-73700"", ""buy_3th_pre_req"": ""359"", ""buy_3th_pre_req_pre"": ""0"", ""buy_4th_pre_bid"": ""-73600"", ""buy_4th_pre_req"": ""143"", ""buy_4th_pre_req_pre"": ""0"", ""buy_5th_pre_bid"": ""-73500"", ""buy_5th_pre_req"": ""124"", ""buy_5th_pre_req_pre"": ""0"", ""buy_6th_pre_bid"": ""-73400"", ""buy_6th_pre_req"": ""80"", ""buy_6th_pre_req_pre"": ""0"", ""buy_7th_pre_bid"": ""-73300"", ""buy_7th_pre_req"": ""30"", ""buy_7th_pre_req_pre"": ""0"", ""buy_8th_pre_bid"": ""-73100"", ""buy_8th_pre_req"": ""152"", ""buy_8th_pre_req_pre"": ""0"", ""buy_9th_pre_bid"": ""-73000"", ""buy_9th_pre_req"": ""4"", ""buy_9th_pre_req_pre"": ""0"", ""buy_10th_pre_bid"": ""-72900"", ""buy_10th_pre_req"": ""8"", ""buy_10th_pre_req_pre"": ""0"", ""tot_sel_req_jub_pre"": ""+19"", ""tot_sel_req"": ""1490"", ""tot_buy_req"": ""1465"", ""tot_buy_req_jub_pre"": ""0"", ""ovt_sel_req_pre"": ""0"", ""ovt_sel_req"": ""0"", ""ovt_buy_req"": ""0"", ""ovt_buy_req_pre"": ""0"", ""return_code"": 0, ""return_msg"": ""정상적으로 처리되었습니다""}"
2026-06-10,scan_candidate,090430,,0,main_scan,112300,,112300,112200,112300,112500,-0.26714158504007124,0.08904719501335707,,,,,,"{""bid_req_base_tm"": ""112038"", ""sel_10th_pre_req_pre"": ""0"", ""sel_10th_pre_req"": ""91"", ""sel_10th_pre_bid"": ""+113200"", ""sel_9th_pre_req_pre"": ""0"", ""sel_9th_pre_req"": ""15"", ""sel_9th_pre_bid"": ""+113100"", ""sel_8th_pre_req_pre"": ""0"", ""sel_8th_pre_req"": ""142"", ""sel_8th_pre_bid"": ""+113000"", ""sel_7th_pre_req_pre"": ""0"", ""sel_7th_pre_req"": ""5"", ""sel_7th_pre_bid"": ""+112900"", ""sel_6th_pre_req_pre"": ""0"", ""sel_6th_pre_req"": ""5"", ""sel_6th_pre_bid"": ""+112800"", ""sel_5th_pre_req_pre"": ""0"", ""sel_5th_pre_req"": ""4"", ""sel_5th_pre_bid"": ""+112700"", ""sel_4th_pre_req_pre"": ""0"", ""sel_4th_pre_req"": ""26"", ""sel_4th_pre_bid"": ""+112600"", ""sel_3th_pre_req_pre"": ""0"", ""sel_3th_pre_req"": ""70"", ""sel_3th_pre_bid"": ""+112500"", ""sel_2th_pre_req_pre"": ""0"", ""sel_2th_pre_req"": ""65"", ""sel_2th_pre_bid"": ""+112400"", ""sel_1th_pre_req_pre"": ""0"", ""sel_fpr_req"": ""177"", ""sel_fpr_bid"": ""+112300"", ""buy_fpr_bid"": ""+112200"", ""buy_fpr_req"": ""360"", ""buy_1th_pre_req_pre"": ""0"", ""buy_2th_pre_bid"": ""+112100"", ""buy_2th_pre_req"": ""153"", ""buy_2th_pre_req_pre"": ""+1"", ""buy_3th_pre_bid"": ""112000"", ""buy_3th_pre_req"": ""223"", ""buy_3th_pre_req_pre"": ""0"", ""buy_4th_pre_bid"": ""-111900"", ""buy_4th_pre_req"": ""165"", ""buy_4th_pre_req_pre"": ""0"", ""buy_5th_pre_bid"": ""-111800"", ""buy_5th_pre_req"": ""44"", ""buy_5th_pre_req_pre"": ""0"", ""buy_6th_pre_bid"": ""-111700"", ""buy_6th_pre_req"": ""204"", ""buy_6th_pre_req_pre"": ""0"", ""buy_7th_pre_bid"": ""-111600"", ""buy_7th_pre_req"": ""56"", ""buy_7th_pre_req_pre"": ""0"", ""buy_8th_pre_bid"": ""-111500"", ""buy_8th_pre_req"": ""2138"", ""buy_8th_pre_req_pre"": ""0"", ""buy_9th_pre_bid"": ""-111400"", ""buy_9th_pre_req"": ""122"", ""buy_9th_pre_req_pre"": ""0"", ""buy_10th_pre_bid"": ""-111300"", ""buy_10th_pre_req"": ""32"", ""buy_10th_pre_req_pre"": ""0"", ""tot_sel_req_jub_pre"": ""0"", ""tot_sel_req"": ""600"", ""tot_buy_req"": ""3497"", ""tot_buy_req_jub_pre"": ""+1"", ""ovt_sel_req_pre"": ""0"", ""ovt_sel_req"": ""0"", ""ovt_buy_req"": ""0"", ""ovt_buy_req_pre"": ""0"", ""return_code"": 0, ""return_msg"": ""정상적으로 처리되었습니다""}"
2026-06-10,scan_candidate,004170,,0,main_scan,676000,,676000,675000,676000,679000,0.2958579881656805,0.14792899408284024,,,,,,"{""bid_req_base_tm"": ""112040"", ""sel_10th_pre_req_pre"": ""0"", ""sel_10th_pre_req"": ""171"", ""sel_10th_pre_bid"": ""+688000"", ""sel_9th_pre_req_pre"": ""0"", ""sel_9th_pre_req"": ""1"", ""sel_9th_pre_bid"": ""+686000"", ""sel_8th_pre_req_pre"": ""0"", ""sel_8th_pre_req"": ""2"", ""sel_8th_pre_bid"": ""+685000"", ""sel_7th_pre_req_pre"": ""0"", ""sel_7th_pre_req"": ""14"", ""sel_7th_pre_bid"": ""+683000"", ""sel_6th_pre_req_pre"": ""0"", ""sel_6th_pre_req"": ""120"", ""sel_6th_pre_bid"": ""+681000"", ""sel_5th_pre_req_pre"": ""0"", ""sel_5th_pre_req"": ""50"", ""sel_5th_pre_bid"": ""+680000"", ""sel_4th_pre_req_pre"": ""0"", ""sel_4th_pre_req"": ""13"", ""sel_4th_pre_bid"": ""+679000"", ""sel_3th_pre_req_pre"": ""0"", ""sel_3th_pre_req"": ""18"", ""sel_3th_pre_bid"": ""+678000"", ""sel_2th_pre_req_pre"": ""0"", ""sel_2th_pre_req"": ""74"", ""sel_2th_pre_bid"": ""+677000"", ""sel_1th_pre_req_pre"": ""0"", ""sel_fpr_req"": ""13"", ""sel_fpr_bid"": ""+676000"", ""buy_fpr_bid"": ""+675000"", ""buy_fpr_req"": ""11"", ""buy_1th_pre_req_pre"": ""--3"", ""buy_2th_pre_bid"": ""+674000"", ""buy_2th_pre_req"": ""11"", ""buy_2th_pre_req_pre"": ""0"", ""buy_3th_pre_bid"": ""+673000"", ""buy_3th_pre_req"": ""13"", ""buy_3th_pre_req_pre"": ""0"", ""buy_4th_pre_bid"": ""+672000"", ""buy_4th_pre_req"": ""25"", ""buy_4th_pre_req_pre"": ""0"", ""buy_5th_pre_bid"": ""+671000"", ""buy_5th_pre_req"": ""28"", ""buy_5th_pre_req_pre"": ""0"", ""buy_6th_pre_bid"": ""+670000"", ""buy_6th_pre_req"": ""580"", ""buy_6th_pre_req_pre"": ""0"", ""buy_7th_pre_bid"": ""+669000"", ""buy_7th_pre_req"": ""113"", ""buy_7th_pre_req_pre"": ""0"", ""buy_8th_pre_bid"": ""+668000"", ""buy_8th_pre_req"": ""11"", ""buy_8th_pre_req_pre"": ""0"", ""buy_9th_pre_bid"": ""+667000"", ""buy_9th_pre_req"": ""811"", ""buy_9th_pre_req_pre"": ""0"", ""buy_10th_pre_bid"": ""+666000"", ""buy_10th_pre_req"": ""9"", ""buy_10th_pre_req_pre"": ""0"", ""tot_sel_req_jub_pre"": ""0"", ""tot_sel_req"": ""476"", ""tot_buy_req"": ""1612"", ""tot_buy_req_jub_pre"": ""--3"", ""ovt_sel_req_pre"": ""0"", ""ovt_sel_req"": ""0"", ""ovt_buy_req"": ""0"", ""ovt_buy_req_pre"": ""0"", ""return_code"": 0, ""return_msg"": ""정상적으로 처리되었습니다""}"
2026-06-10,scan_candidate,036570,,0,main_scan,257500,,257500,257000,257500,258500,0.1941747572815534,0.1941747572815534,,,,,,"{""bid_req_base_tm"": ""112040"", ""sel_10th_pre_req_pre"": ""0"", ""sel_10th_pre_req"": ""63"", ""sel_10th_pre_bid"": ""-262000"", ""sel_9th_pre_req_pre"": ""0"", ""sel_9th_pre_req"": ""23"", ""sel_9th_pre_bid"": ""-261500"", ""sel_8th_pre_req_pre"": ""0"", ""sel_8th_pre_req"": ""71"", ""sel_8th_pre_bid"": ""-261000"", ""sel_7th_pre_req_pre"": ""0"", ""sel_7th_pre_req"": ""16"", ""sel_7th_pre_bid"": ""-260500"", ""sel_6th_pre_req_pre"": ""0"", ""sel_6th_pre_req"": ""120"", ""sel_6th_pre_bid"": ""-260000"", ""sel_5th_pre_req_pre"": ""0"", ""sel_5th_pre_req"": ""64"", ""sel_5th_pre_bid"": ""-259500"", ""sel_4th_pre_req_pre"": ""0"", ""sel_4th_pre_req"": ""42"", ""sel_4th_pre_bid"": ""-259000"", ""sel_3th_pre_req_pre"": ""0"", ""sel_3th_pre_req"": ""13"", ""sel_3th_pre_bid"": ""-258500"", ""sel_2th_pre_req_pre"": ""0"", ""sel_2th_pre_req"": ""114"", ""sel_2th_pre_bid"": ""-258000"", ""sel_1th_pre_req_pre"": ""0"", ""sel_fpr_req"": ""193"", ""sel_fpr_bid"": ""-257500"", ""buy_fpr_bid"": ""-257000"", ""buy_fpr_req"": ""92"", ""buy_1th_pre_req_pre"": ""+2"", ""buy_2th_pre_bid"": ""-256500"", ""buy_2th_pre_req"": ""150"", ""buy_2th_pre_req_pre"": ""0"", ""buy_3th_pre_bid"": ""-256000"", ""buy_3th_pre_req"": ""257"", ""buy_3th_pre_req_pre"": ""0"", ""buy_4th_pre_bid"": ""-255500"", ""buy_4th_pre_req"": ""135"", ""buy_4th_pre_req_pre"": ""0"", ""buy_5th_pre_bid"": ""-255000"", ""buy_5th_pre_req"": ""329"", ""buy_5th_pre_req_pre"": ""0"", ""buy_6th_pre_bid"": ""-254500"", ""buy_6th_pre_req"": ""353"", ""buy_6th_pre_req_pre"": ""0"", ""buy_7th_pre_bid"": ""-254000"", ""buy_7th_pre_req"": ""362"", ""buy_7th_pre_req_pre"": ""0"", ""buy_8th_pre_bid"": ""-253500"", ""buy_8th_pre_req"": ""422"", ""buy_8th_pre_req_pre"": ""0"", ""buy_9th_pre_bid"": ""-253000"", ""buy_9th_pre_req"": ""733"", ""buy_9th_pre_req_pre"": ""0"", ""buy_10th_pre_bid"": ""-252500"", ""buy_10th_pre_req"": ""209"", ""buy_10th_pre_req_pre"": ""0"", ""tot_sel_req_jub_pre"": ""0"", ""tot_sel_req"": ""719"", ""tot_buy_req"": ""3042"", ""tot_buy_req_jub_pre"": ""+2"", ""ovt_sel_req_pre"": ""0"", ""ovt_sel_req"": ""0"", ""ovt_buy_req"": ""0"", ""ovt_buy_req_pre"": ""0"", ""return_code"": 0, ""return_msg"": ""정상적으로 처리되었습니다""}"
2026-06-10,scan_candidate,271560,,0,main_scan,132800,,132800,132700,132800,132500,-0.6024096385542169,0.07530120481927711,,,,,,"{""bid_req_base_tm"": ""112036"", ""sel_10th_pre_req_pre"": ""0"", ""sel_10th_pre_req"": ""20"", ""sel_10th_pre_bid"": ""+133800"", ""sel_9th_pre_req_pre"": ""0"", ""sel_9th_pre_req"": ""101"", ""sel_9th_pre_bid"": ""+133700"", ""sel_8th_pre_req_pre"": ""0"", ""sel_8th_pre_req"": ""6"", ""sel_8th_pre_bid"": ""+133600"", ""sel_7th_pre_req_pre"": ""0"", ""sel_7th_pre_req"": ""4"", ""sel_7th_pre_bid"": ""+133500"", ""sel_6th_pre_req_pre"": ""0"", ""sel_6th_pre_req"": ""3"", ""sel_6th_pre_bid"": ""+133300"", ""sel_5th_pre_req_pre"": ""0"", ""sel_5th_pre_req"": ""28"", ""sel_5th_pre_bid"": ""+133200"", ""sel_4th_pre_req_pre"": ""0"", ""sel_4th_pre_req"": ""44"", ""sel_4th_pre_bid"": ""+133100"", ""sel_3th_pre_req_pre"": ""0"", ""sel_3th_pre_req"": ""11"", ""sel_3th_pre_bid"": ""+133000"", ""sel_2th_pre_req_pre"": ""0"", ""sel_2th_pre_req"": ""94"", ""sel_2th_pre_bid"": ""132900"", ""sel_1th_pre_req_pre"": ""0"", ""sel_fpr_req"": ""225"", ""sel_fpr_bid"": ""-132800"", ""buy_fpr_bid"": ""-132700"", ""buy_fpr_req"": ""77"", ""buy_1th_pre_req_pre"": ""+4"", ""buy_2th_pre_bid"": ""-132600"", ""buy_2th_pre_req"": ""1"", ""buy_2th_pre_req_pre"": ""0"", ""buy_3th_pre_bid"": ""-132500"", ""buy_3th_pre_req"": ""90"", ""buy_3th_pre_req_pre"": ""0"", ""buy_4th_pre_bid"": ""-132400"", ""buy_4th_pre_req"": ""148"", ""buy_4th_pre_req_pre"": ""0"", ""buy_5th_pre_bid"": ""-132300"", ""buy_5th_pre_req"": ""61"", ""buy_5th_pre_req_pre"": ""0"", ""buy_6th_pre_bid"": ""-132200"", ""buy_6th_pre_req"": ""59"", ""buy_6th_pre_req_pre"": ""0"", ""buy_7th_pre_bid"": ""-132000"", ""buy_7th_pre_req"": ""27"", ""buy_7th_pre_req_pre"": ""0"", ""buy_8th_pre_bid"": ""-131900"", ""buy_8th_pre_req"": ""1"", ""buy_8th_pre_req_pre"": ""0"", ""buy_9th_pre_bid"": ""-131800"", ""buy_9th_pre_req"": ""2"", ""buy_9th_pre_req_pre"": ""0"", ""buy_10th_pre_bid"": ""-131700"", ""buy_10th_pre_req"": ""21"", ""buy_10th_pre_req_pre"": ""0"", ""tot_sel_req_jub_pre"": ""0"", ""tot_sel_req"": ""536"", ""tot_buy_req"": ""487"", ""tot_buy_req_jub_pre"": ""+4"", ""ovt_sel_req_pre"": ""0"", ""ovt_sel_req"": ""0"", ""ovt_buy_req"": ""0"", ""ovt_buy_req_pre"": ""0"", ""return_code"": 0, ""return_msg"": ""정상적으로 처리되었습니다""}"
2026-06-10,scan_candidate,023530,,0,main_scan,192700,,192700,192200,192700,192500,-0.3632589517384536,0.2594706798131811,,,,,,"{""bid_req_base_tm"": ""112040"", ""sel_10th_pre_req_pre"": ""0"", ""sel_10th_pre_req"": ""12"", ""sel_10th_pre_bid"": ""+194200"", ""sel_9th_pre_req_pre"": ""0"", ""sel_9th_pre_req"": ""10"", ""sel_9th_pre_bid"": ""+194100"", ""sel_8th_pre_req_pre"": ""0"", ""sel_8th_pre_req"": ""900"", ""sel_8th_pre_bid"": ""+194000"", ""sel_7th_pre_req_pre"": ""0"", ""sel_7th_pre_req"": ""6"", ""sel_7th_pre_bid"": ""+193900"", ""sel_6th_pre_req_pre"": ""0"", ""sel_6th_pre_req"": ""1"", ""sel_6th_pre_bid"": ""+193700"", ""sel_5th_pre_req_pre"": ""0"", ""sel_5th_pre_req"": ""1"", ""sel_5th_pre_bid"": ""+193600"", ""sel_4th_pre_req_pre"": ""0"", ""sel_4th_pre_req"": ""59"", ""sel_4th_pre_bid"": ""+193500"", ""sel_3th_pre_req_pre"": ""0"", ""sel_3th_pre_req"": ""5"", ""sel_3th_pre_bid"": ""+193000"", ""sel_2th_pre_req_pre"": ""0"", ""sel_2th_pre_req"": ""22"", ""sel_2th_pre_bid"": ""+192800"", ""sel_1th_pre_req_pre"": ""0"", ""sel_fpr_req"": ""2"", ""sel_fpr_bid"": ""+192700"", ""buy_fpr_bid"": ""+192200"", ""buy_fpr_req"": ""81"", ""buy_1th_pre_req_pre"": ""0"", ""buy_2th_pre_bid"": ""+192100"", ""buy_2th_pre_req"": ""8"", ""buy_2th_pre_req_pre"": ""0"", ""buy_3th_pre_bid"": ""+192000"", ""buy_3th_pre_req"": ""15"", ""buy_3th_pre_req_pre"": ""0"", ""buy_4th_pre_bid"": ""+191900"", ""buy_4th_pre_req"": ""11"", ""buy_4th_pre_req_pre"": ""0"", ""buy_5th_pre_bid"": ""+191800"", ""buy_5th_pre_req"": ""5"", ""buy_5th_pre_req_pre"": ""0"", ""buy_6th_pre_bid"": ""+191600"", ""buy_6th_pre_req"": ""17"", ""buy_6th_pre_req_pre"": ""0"", ""buy_7th_pre_bid"": ""+191500"", ""buy_7th_pre_req"": ""4"", ""buy_7th_pre_req_pre"": ""0"", ""buy_8th_pre_bid"": ""+191400"", ""buy_8th_pre_req"": ""5"", ""buy_8th_pre_req_pre"": ""0"", ""buy_9th_pre_bid"": ""+191200"", ""buy_9th_pre_req"": ""10"", ""buy_9th_pre_req_pre"": ""0"", ""buy_10th_pre_bid"": ""+191100"", ""buy_10th_pre_req"": ""25"", ""buy_10th_pre_req_pre"": ""0"", ""tot_sel_req_jub_pre"": ""--8"", ""tot_sel_req"": ""1018"", ""tot_buy_req"": ""181"", ""tot_buy_req_jub_pre"": ""0"", ""ovt_sel_req_pre"": ""0"", ""ovt_sel_req"": ""0"", ""ovt_buy_req"": ""0"", ""ovt_buy_req_pre"": ""0"", ""return_code"": 0, ""return_msg"": ""정상적으로 처리되었습니다""}"
2026-06-10,scan_candidate,175330,,0,main_scan,25550,,25550,25500,25550,25600,0.0,0.19569471624266144,,,,,,"{""bid_req_base_tm"": ""112040"", ""sel_10th_pre_req_pre"": ""0"", ""sel_10th_pre_req"": ""114"", ""sel_10th_pre_bid"": ""+26000"", ""sel_9th_pre_req_pre"": ""0"", ""sel_9th_pre_req"": ""142"", ""sel_9th_pre_bid"": ""+25950"", ""sel_8th_pre_req_pre"": ""0"", ""sel_8th_pre_req"": ""562"", ""sel_8th_pre_bid"": ""25900"", ""sel_7th_pre_req_pre"": ""0"", ""sel_7th_pre_req"": ""469"", ""sel_7th_pre_bid"": ""-25850"", ""sel_6th_pre_req_pre"": ""0"", ""sel_6th_pre_req"": ""522"", ""sel_6th_pre_bid"": ""-25800"", ""sel_5th_pre_req_pre"": ""0"", ""sel_5th_pre_req"": ""139"", ""sel_5th_pre_bid"": ""-25750"", ""sel_4th_pre_req_pre"": ""0"", ""sel_4th_pre_req"": ""104"", ""sel_4th_pre_bid"": ""-25700"", ""sel_3th_pre_req_pre"": ""0"", ""sel_3th_pre_req"": ""321"", ""sel_3th_pre_bid"": ""-25650"", ""sel_2th_pre_req_pre"": ""0"", ""sel_2th_pre_req"": ""539"", ""sel_2th_pre_bid"": ""-25600"", ""sel_1th_pre_req_pre"": ""+8"", ""sel_fpr_req"": ""2456"", ""sel_fpr_bid"": ""-25550"", ""buy_fpr_bid"": ""-25500"", ""buy_fpr_req"": ""2413"", ""buy_1th_pre_req_pre"": ""0"", ""buy_2th_pre_bid"": ""-25450"", ""buy_2th_pre_req"": ""1391"", ""buy_2th_pre_req_pre"": ""0"", ""buy_3th_pre_bid"": ""-25400"", ""buy_3th_pre_req"": ""408"", ""buy_3th_pre_req_pre"": ""0"", ""buy_4th_pre_bid"": ""-25350"", ""buy_4th_pre_req"": ""281"", ""buy_4th_pre_req_pre"": ""0"", ""buy_5th_pre_bid"": ""-25300"", ""buy_5th_pre_req"": ""361"", ""buy_5th_pre_req_pre"": ""0"", ""buy_6th_pre_bid"": ""-25250"", ""buy_6th_pre_req"": ""505"", ""buy_6th_pre_req_pre"": ""0"", ""buy_7th_pre_bid"": ""-25200"", ""buy_7th_pre_req"": ""268"", ""buy_7th_pre_req_pre"": ""0"", ""buy_8th_pre_bid"": ""-25150"", ""buy_8th_pre_req"": ""768"", ""buy_8th_pre_req_pre"": ""0"", ""buy_9th_pre_bid"": ""-25100"", ""buy_9th_pre_req"": ""490"", ""buy_9th_pre_req_pre"": ""0"", ""buy_10th_pre_bid"": ""-25050"", ""buy_10th_pre_req"": ""597"", ""buy_10th_pre_req_pre"": ""0"", ""tot_sel_req_jub_pre"": ""+8"", ""tot_sel_req"": ""5368"", ""tot_buy_req"": ""7482"", ""tot_buy_req_jub_pre"": ""0"", ""ovt_sel_req_pre"": ""0"", ""ovt_sel_req"": ""0"", ""ovt_buy_req"": ""0"", ""ovt_buy_req_pre"": ""0"", ""return_code"": 0, ""return_msg"": ""정상적으로 처리되었습니다""}"
2026-06-10,scan_candidate,088350,,0,main_scan,4840,,4840,4835,4840,4855,0.2066115702479339,0.10330578512396695,,,,,,"{""bid_req_base_tm"": ""112036"", ""sel_10th_pre_req_pre"": ""0"", ""sel_10th_pre_req"": ""2347"", ""sel_10th_pre_bid"": ""-4885"", ""sel_9th_pre_req_pre"": ""0"", ""sel_9th_pre_req"": ""503"", ""sel_9th_pre_bid"": ""-4880"", ""sel_8th_pre_req_pre"": ""0"", ""sel_8th_pre_req"": ""574"", ""sel_8th_pre_bid"": ""-4875"", ""sel_7th_pre_req_pre"": ""0"", ""sel_7th_pre_req"": ""8"", ""sel_7th_pre_bid"": ""-4870"", ""sel_6th_pre_req_pre"": ""0"", ""sel_6th_pre_req"": ""1868"", ""sel_6th_pre_bid"": ""-4865"", ""sel_5th_pre_req_pre"": ""0"", ""sel_5th_pre_req"": ""1657"", ""sel_5th_pre_bid"": ""-4860"", ""sel_4th_pre_req_pre"": ""0"", ""sel_4th_pre_req"": ""1000"", ""sel_4th_pre_bid"": ""-4855"", ""sel_3th_pre_req_pre"": ""0"", ""sel_3th_pre_req"": ""562"", ""sel_3th_pre_bid"": ""-4850"", ""sel_2th_pre_req_pre"": ""0"", ""sel_2th_pre_req"": ""991"", ""sel_2th_pre_bid"": ""-4845"", ""sel_1th_pre_req_pre"": ""+24"", ""sel_fpr_req"": ""112"", ""sel_fpr_bid"": ""-4840"", ""buy_fpr_bid"": ""-4835"", ""buy_fpr_req"": ""6766"", ""buy_1th_pre_req_pre"": ""0"", ""buy_2th_pre_bid"": ""-4830"", ""buy_2th_pre_req"": ""1470"", ""buy_2th_pre_req_pre"": ""0"", ""buy_3th_pre_bid"": ""-4825"", ""buy_3th_pre_req"": ""2247"", ""buy_3th_pre_req_pre"": ""0"", ""buy_4th_pre_bid"": ""-4820"", ""buy_4th_pre_req"": ""2662"", ""buy_4th_pre_req_pre"": ""0"", ""buy_5th_pre_bid"": ""-4815"", ""buy_5th_pre_req"": ""26754"", ""buy_5th_pre_req_pre"": ""0"", ""buy_6th_pre_bid"": ""-4810"", ""buy_6th_pre_req"": ""5724"", ""buy_6th_pre_req_pre"": ""0"", ""buy_7th_pre_bid"": ""-4805"", ""buy_7th_pre_req"": ""10828"", ""buy_7th_pre_req_pre"": ""0"", ""buy_8th_pre_bid"": ""-4800"", ""buy_8th_pre_req"": ""17878"", ""buy_8th_pre_req_pre"": ""0"", ""buy_9th_pre_bid"": ""-4795"", ""buy_9th_pre_req"": ""11073"", ""buy_9th_pre_req_pre"": ""0"", ""buy_10th_pre_bid"": ""-4790"", ""buy_10th_pre_req"": ""14574"", ""buy_10th_pre_req_pre"": ""0"", ""tot_sel_req_jub_pre"": ""+24"", ""tot_sel_req"": ""9622"", ""tot_buy_req"": ""99976"", ""tot_buy_req_jub_pre"": ""0"", ""ovt_sel_req_pre"": ""0"", ""ovt_sel_req"": ""0"", ""ovt_buy_req"": ""0"", ""ovt_buy_req_pre"": ""0"", ""return_code"": 0, ""return_msg"": ""정상적으로 처리되었습니다""}"
2026-06-10,scan_candidate,069960,,0,main_scan,173000,,173000,172900,173000,173000,-0.2890173410404624,0.05780346820809249,,,,,,"{""bid_req_base_tm"": ""112041"", ""sel_10th_pre_req_pre"": ""0"", ""sel_10th_pre_req"": ""21"", ""sel_10th_pre_bid"": ""+174100"", ""sel_9th_pre_req_pre"": ""0"", ""sel_9th_pre_req"": ""20"", ""sel_9th_pre_bid"": ""+174000"", ""sel_8th_pre_req_pre"": ""0"", ""sel_8th_pre_req"": ""9"", ""sel_8th_pre_bid"": ""+173900"", ""sel_7th_pre_req_pre"": ""0"", ""sel_7th_pre_req"": ""4"", ""sel_7th_pre_bid"": ""+173800"", ""sel_6th_pre_req_pre"": ""0"", ""sel_6th_pre_req"": ""20"", ""sel_6th_pre_bid"": ""+173600"", ""sel_5th_pre_req_pre"": ""0"", ""sel_5th_pre_req"": ""19"", ""sel_5th_pre_bid"": ""+173500"", ""sel_4th_pre_req_pre"": ""0"", ""sel_4th_pre_req"": ""12"", ""sel_4th_pre_bid"": ""+173400"", ""sel_3th_pre_req_pre"": ""0"", ""sel_3th_pre_req"": ""6"", ""sel_3th_pre_bid"": ""+173300"", ""sel_2th_pre_req_pre"": ""0"", ""sel_2th_pre_req"": ""39"", ""sel_2th_pre_bid"": ""+173100"", ""sel_1th_pre_req_pre"": ""0"", ""sel_fpr_req"": ""18"", ""sel_fpr_bid"": ""+173000"", ""buy_fpr_bid"": ""+172900"", ""buy_fpr_req"": ""98"", ""buy_1th_pre_req_pre"": ""+1"", ""buy_2th_pre_bid"": ""+172700"", ""buy_2th_pre_req"": ""156"", ""buy_2th_pre_req_pre"": ""+2"", ""buy_3th_pre_bid"": ""+172500"", ""buy_3th_pre_req"": ""6"", ""buy_3th_pre_req_pre"": ""0"", ""buy_4th_pre_bid"": ""+172400"", ""buy_4th_pre_req"": ""188"", ""buy_4th_pre_req_pre"": ""0"", ""buy_5th_pre_bid"": ""+172300"", ""buy_5th_pre_req"": ""30"", ""buy_5th_pre_req_pre"": ""--2"", ""buy_6th_pre_bid"": ""+172200"", ""buy_6th_pre_req"": ""1"", ""buy_6th_pre_req_pre"": ""0"", ""buy_7th_pre_bid"": ""+172100"", ""buy_7th_pre_req"": ""1"", ""buy_7th_pre_req_pre"": ""0"", ""buy_8th_pre_bid"": ""+172000"", ""buy_8th_pre_req"": ""36"", ""buy_8th_pre_req_pre"": ""0"", ""buy_9th_pre_bid"": ""+171900"", ""buy_9th_pre_req"": ""1"", ""buy_9th_pre_req_pre"": ""0"", ""buy_10th_pre_bid"": ""+171800"", ""buy_10th_pre_req"": ""1"", ""buy_10th_pre_req_pre"": ""0"", ""tot_sel_req_jub_pre"": ""0"", ""tot_sel_req"": ""168"", ""tot_buy_req"": ""518"", ""tot_buy_req_jub_pre"": ""+1"", ""ovt_sel_req_pre"": ""0"", ""ovt_sel_req"": ""0"", ""ovt_buy_req"": ""0"", ""ovt_buy_req_pre"": ""0"", ""return_code"": 0, ""return_msg"": ""정상적으로 처리되었습니다""}"
2026-06-10,scan_candidate,111770,,0,main_scan,78900,,78900,78800,78900,78800,-0.25348542458808615,0.12674271229404308,,,,,,"{""bid_req_base_tm"": ""112037"", ""sel_10th_pre_req_pre"": ""0"", ""sel_10th_pre_req"": ""98"", ""sel_10th_pre_bid"": ""+80000"", ""sel_9th_pre_req_pre"": ""0"", ""sel_9th_pre_req"": ""31"", ""sel_9th_pre_bid"": ""+79900"", ""sel_8th_pre_req_pre"": ""0"", ""sel_8th_pre_req"": ""13"", ""sel_8th_pre_bid"": ""+79800"", ""sel_7th_pre_req_pre"": ""0"", ""sel_7th_pre_req"": ""11"", ""sel_7th_pre_bid"": ""+79700"", ""sel_6th_pre_req_pre"": ""0"", ""sel_6th_pre_req"": ""15"", ""sel_6th_pre_bid"": ""+79600"", ""sel_5th_pre_req_pre"": ""0"", ""sel_5th_pre_req"": ""2"", ""sel_5th_pre_bid"": ""+79400"", ""sel_4th_pre_req_pre"": ""0"", ""sel_4th_pre_req"": ""5"", ""sel_4th_pre_bid"": ""+79200"", ""sel_3th_pre_req_pre"": ""0"", ""sel_3th_pre_req"": ""17"", ""sel_3th_pre_bid"": ""+79100"", ""sel_2th_pre_req_pre"": ""0"", ""sel_2th_pre_req"": ""24"", ""sel_2th_pre_bid"": ""+79000"", ""sel_1th_pre_req_pre"": ""0"", ""sel_fpr_req"": ""86"", ""sel_fpr_bid"": ""+78900"", ""buy_fpr_bid"": ""+78800"", ""buy_fpr_req"": ""83"", ""buy_1th_pre_req_pre"": ""--2"", ""buy_2th_pre_bid"": ""+78700"", ""buy_2th_pre_req"": ""39"", ""buy_2th_pre_req_pre"": ""0"", ""buy_3th_pre_bid"": ""+78500"", ""buy_3th_pre_req"": ""6"", ""buy_3th_pre_req_pre"": ""0"", ""buy_4th_pre_bid"": ""+78400"", ""buy_4th_pre_req"": ""4"", ""buy_4th_pre_req_pre"": ""0"", ""buy_5th_pre_bid"": ""+78300"", ""buy_5th_pre_req"": ""20"", ""buy_5th_pre_req_pre"": ""0"", ""buy_6th_pre_bid"": ""+78200"", ""buy_6th_pre_req"": ""1"", ""buy_6th_pre_req_pre"": ""0"", ""buy_7th_pre_bid"": ""78000"", ""buy_7th_pre_req"": ""70"", ""buy_7th_pre_req_pre"": ""0"", ""buy_8th_pre_bid"": ""-77900"", ""buy_8th_pre_req"": ""45"", ""buy_8th_pre_req_pre"": ""0"", ""buy_9th_pre_bid"": ""-77800"", ""buy_9th_pre_req"": ""7"", ""buy_9th_pre_req_pre"": ""0"", ""buy_10th_pre_bid"": ""-77700"", ""buy_10th_pre_req"": ""19"", ""buy_10th_pre_req_pre"": ""0"", ""tot_sel_req_jub_pre"": ""0"", ""tot_sel_req"": ""302"", ""tot_buy_req"": ""294"", ""tot_buy_req_jub_pre"": ""--2"", ""ovt_sel_req_pre"": ""0"", ""ovt_sel_req"": ""0"", ""ovt_buy_req"": ""0"", ""ovt_buy_req_pre"": ""0"", ""return_code"": 0, ""return_msg"": ""정상적으로 처리되었습니다""}"
2026-06-10,scan_candidate,085620,,0,main_scan,22600,,22600,22550,22600,22500,-0.6637168141592921,0.22123893805309736,,,,,,"{""bid_req_base_tm"": ""112041"", ""sel_10th_pre_req_pre"": ""0"", ""sel_10th_pre_req"": ""2642"", ""sel_10th_pre_bid"": ""-23050"", ""sel_9th_pre_req_pre"": ""0"", ""sel_9th_pre_req"": ""5141"", ""sel_9th_pre_bid"": ""-23000"", ""sel_8th_pre_req_pre"": ""0"", ""sel_8th_pre_req"": ""2519"", ""sel_8th_pre_bid"": ""-22950"", ""sel_7th_pre_req_pre"": ""0"", ""sel_7th_pre_req"": ""4376"", ""sel_7th_pre_bid"": ""-22900"", ""sel_6th_pre_req_pre"": ""0"", ""sel_6th_pre_req"": ""1942"", ""sel_6th_pre_bid"": ""-22850"", ""sel_5th_pre_req_pre"": ""0"", ""sel_5th_pre_req"": ""2110"", ""sel_5th_pre_bid"": ""-22800"", ""sel_4th_pre_req_pre"": ""0"", ""sel_4th_pre_req"": ""2166"", ""sel_4th_pre_bid"": ""-22750"", ""sel_3th_pre_req_pre"": ""0"", ""sel_3th_pre_req"": ""1136"", ""sel_3th_pre_bid"": ""-22700"", ""sel_2th_pre_req_pre"": ""0"", ""sel_2th_pre_req"": ""1205"", ""sel_2th_pre_bid"": ""-22650"", ""sel_1th_pre_req_pre"": ""--1"", ""sel_fpr_req"": ""4"", ""sel_fpr_bid"": ""-22600"", ""buy_fpr_bid"": ""-22550"", ""buy_fpr_req"": ""567"", ""buy_1th_pre_req_pre"": ""0"", ""buy_2th_pre_bid"": ""-22500"", ""buy_2th_pre_req"": ""678"", ""buy_2th_pre_req_pre"": ""0"", ""buy_3th_pre_bid"": ""-22450"", ""buy_3th_pre_req"": ""1176"", ""buy_3th_pre_req_pre"": ""0"", ""buy_4th_pre_bid"": ""-22400"", ""buy_4th_pre_req"": ""422"", ""buy_4th_pre_req_pre"": ""0"", ""buy_5th_pre_bid"": ""-22350"", ""buy_5th_pre_req"": ""687"", ""buy_5th_pre_req_pre"": ""0"", ""buy_6th_pre_bid"": ""-22300"", ""buy_6th_pre_req"": ""418"", ""buy_6th_pre_req_pre"": ""0"", ""buy_7th_pre_bid"": ""-22250"", ""buy_7th_pre_req"": ""603"", ""buy_7th_pre_req_pre"": ""0"", ""buy_8th_pre_bid"": ""-22200"", ""buy_8th_pre_req"": ""2005"", ""buy_8th_pre_req_pre"": ""0"", ""buy_9th_pre_bid"": ""-22150"", ""buy_9th_pre_req"": ""3654"", ""buy_9th_pre_req_pre"": ""0"", ""buy_10th_pre_bid"": ""-22100"", ""buy_10th_pre_req"": ""582"", ""buy_10th_pre_req_pre"": ""0"", ""tot_sel_req_jub_pre"": ""--1"", ""tot_sel_req"": ""23241"", ""tot_buy_req"": ""10792"", ""tot_buy_req_jub_pre"": ""0"", ""ovt_sel_req_pre"": ""0"", ""ovt_sel_req"": ""0"", ""ovt_buy_req"": ""0"", ""ovt_buy_req_pre"": ""0"", ""return_code"": 0, ""return_msg"": ""정상적으로 처리되었습니다""}"
2026-06-10,scan_candidate,035250,,0,main_scan,15090,,15090,15080,15090,15050,-0.5964214711729622,0.06626905235255136,,,,,,"{""bid_req_base_tm"": ""112041"", ""sel_10th_pre_req_pre"": ""0"", ""sel_10th_pre_req"": ""542"", ""sel_10th_pre_bid"": ""+15180"", ""sel_9th_pre_req_pre"": ""0"", ""sel_9th_pre_req"": ""342"", ""sel_9th_pre_bid"": ""+15170"", ""sel_8th_pre_req_pre"": ""0"", ""sel_8th_pre_req"": ""120"", ""sel_8th_pre_bid"": ""+15160"", ""sel_7th_pre_req_pre"": ""0"", ""sel_7th_pre_req"": ""24004"", ""sel_7th_pre_bid"": ""+15150"", ""sel_6th_pre_req_pre"": ""0"", ""sel_6th_pre_req"": ""708"", ""sel_6th_pre_bid"": ""+15140"", ""sel_5th_pre_req_pre"": ""0"", ""sel_5th_pre_req"": ""697"", ""sel_5th_pre_bid"": ""+15130"", ""sel_4th_pre_req_pre"": ""0"", ""sel_4th_pre_req"": ""507"", ""sel_4th_pre_bid"": ""+15120"", ""sel_3th_pre_req_pre"": ""0"", ""sel_3th_pre_req"": ""156"", ""sel_3th_pre_bid"": ""+15110"", ""sel_2th_pre_req_pre"": ""0"", ""sel_2th_pre_req"": ""1090"", ""sel_2th_pre_bid"": ""+15100"", ""sel_1th_pre_req_pre"": ""0"", ""sel_fpr_req"": ""467"", ""sel_fpr_bid"": ""+15090"", ""buy_fpr_bid"": ""+15080"", ""buy_fpr_req"": ""39"", ""buy_1th_pre_req_pre"": ""0"", ""buy_2th_pre_bid"": ""+15070"", ""buy_2th_pre_req"": ""3102"", ""buy_2th_pre_req_pre"": ""--529"", ""buy_3th_pre_bid"": ""+15060"", ""buy_3th_pre_req"": ""1287"", ""buy_3th_pre_req_pre"": ""0"", ""buy_4th_pre_bid"": ""+15050"", ""buy_4th_pre_req"": ""398"", ""buy_4th_pre_req_pre"": ""0"", ""buy_5th_pre_bid"": ""+15040"", ""buy_5th_pre_req"": ""36"", ""buy_5th_pre_req_pre"": ""0"", ""buy_6th_pre_bid"": ""+15030"", ""buy_6th_pre_req"": ""34"", ""buy_6th_pre_req_pre"": ""0"", ""buy_7th_pre_bid"": ""+15020"", ""buy_7th_pre_req"": ""23"", ""buy_7th_pre_req_pre"": ""0"", ""buy_8th_pre_bid"": ""+15010"", ""buy_8th_pre_req"": ""200"", ""buy_8th_pre_req_pre"": ""0"", ""buy_9th_pre_bid"": ""+15000"", ""buy_9th_pre_req"": ""330"", ""buy_9th_pre_req_pre"": ""0"", ""buy_10th_pre_bid"": ""+14990"", ""buy_10th_pre_req"": ""192"", ""buy_10th_pre_req_pre"": ""0"", ""tot_sel_req_jub_pre"": ""0"", ""tot_sel_req"": ""28633"", ""tot_buy_req"": ""5641"", ""tot_buy_req_jub_pre"": ""--529"", ""ovt_sel_req_pre"": ""0"", ""ovt_sel_req"": ""0"", ""ovt_buy_req"": ""0"", ""ovt_buy_req_pre"": ""0"", ""return_code"": 0, ""return_msg"": ""정상적으로 처리되었습니다""}"
2026-06-10,scan_candidate,001450,,0,main_scan,37700,,37700,37650,37700,37650,-0.2652519893899204,0.1326259946949602,,,,,,"{""bid_req_base_tm"": ""112041"", ""sel_10th_pre_req_pre"": ""0"", ""sel_10th_pre_req"": ""137"", ""sel_10th_pre_bid"": ""+38150"", ""sel_9th_pre_req_pre"": ""0"", ""sel_9th_pre_req"": ""536"", ""sel_9th_pre_bid"": ""+38100"", ""sel_8th_pre_req_pre"": ""0"", ""sel_8th_pre_req"": ""164"", ""sel_8th_pre_bid"": ""+38050"", ""sel_7th_pre_req_pre"": ""0"", ""sel_7th_pre_req"": ""787"", ""sel_7th_pre_bid"": ""+38000"", ""sel_6th_pre_req_pre"": ""0"", ""sel_6th_pre_req"": ""38"", ""sel_6th_pre_bid"": ""+37950"", ""sel_5th_pre_req_pre"": ""0"", ""sel_5th_pre_req"": ""117"", ""sel_5th_pre_bid"": ""+37900"", ""sel_4th_pre_req_pre"": ""0"", ""sel_4th_pre_req"": ""728"", ""sel_4th_pre_bid"": ""+37850"", ""sel_3th_pre_req_pre"": ""0"", ""sel_3th_pre_req"": ""513"", ""sel_3th_pre_bid"": ""+37800"", ""sel_2th_pre_req_pre"": ""0"", ""sel_2th_pre_req"": ""221"", ""sel_2th_pre_bid"": ""+37750"", ""sel_1th_pre_req_pre"": ""+33"", ""sel_fpr_req"": ""231"", ""sel_fpr_bid"": ""+37700"", ""buy_fpr_bid"": ""+37650"", ""buy_fpr_req"": ""270"", ""buy_1th_pre_req_pre"": ""0"", ""buy_2th_pre_bid"": ""+37600"", ""buy_2th_pre_req"": ""374"", ""buy_2th_pre_req_pre"": ""0"", ""buy_3th_pre_bid"": ""+37550"", ""buy_3th_pre_req"": ""533"", ""buy_3th_pre_req_pre"": ""0"", ""buy_4th_pre_bid"": ""+37500"", ""buy_4th_pre_req"": ""577"", ""buy_4th_pre_req_pre"": ""0"", ""buy_5th_pre_bid"": ""+37450"", ""buy_5th_pre_req"": ""382"", ""buy_5th_pre_req_pre"": ""0"", ""buy_6th_pre_bid"": ""+37400"", ""buy_6th_pre_req"": ""194"", ""buy_6th_pre_req_pre"": ""0"", ""buy_7th_pre_bid"": ""+37350"", ""buy_7th_pre_req"": ""132"", ""buy_7th_pre_req_pre"": ""0"", ""buy_8th_pre_bid"": ""+37300"", ""buy_8th_pre_req"": ""418"", ""buy_8th_pre_req_pre"": ""0"", ""buy_9th_pre_bid"": ""+37250"", ""buy_9th_pre_req"": ""209"", ""buy_9th_pre_req_pre"": ""0"", ""buy_10th_pre_bid"": ""+37200"", ""buy_10th_pre_req"": ""489"", ""buy_10th_pre_req_pre"": ""0"", ""tot_sel_req_jub_pre"": ""+33"", ""tot_sel_req"": ""3472"", ""tot_buy_req"": ""3578"", ""tot_buy_req_jub_pre"": ""0"", ""ovt_sel_req_pre"": ""0"", ""ovt_sel_req"": ""0"", ""ovt_buy_req"": ""0"", ""ovt_buy_req_pre"": ""0"", ""return_code"": 0, ""return_msg"": ""정상적으로 처리되었습니다""}"
2026-06-10,scan_candidate,036460,,0,main_scan,34450,,34450,34400,34450,34450,-0.14513788098693758,0.14513788098693758,,,,,,"{""bid_req_base_tm"": ""112036"", ""sel_10th_pre_req_pre"": ""0"", ""sel_10th_pre_req"": ""619"", ""sel_10th_pre_bid"": ""+34900"", ""sel_9th_pre_req_pre"": ""0"", ""sel_9th_pre_req"": ""533"", ""sel_9th_pre_bid"": ""+34850"", ""sel_8th_pre_req_pre"": ""0"", ""sel_8th_pre_req"": ""310"", ""sel_8th_pre_bid"": ""+34800"", ""sel_7th_pre_req_pre"": ""0"", ""sel_7th_pre_req"": ""578"", ""sel_7th_pre_bid"": ""+34750"", ""sel_6th_pre_req_pre"": ""0"", ""sel_6th_pre_req"": ""662"", ""sel_6th_pre_bid"": ""+34700"", ""sel_5th_pre_req_pre"": ""0"", ""sel_5th_pre_req"": ""518"", ""sel_5th_pre_bid"": ""+34650"", ""sel_4th_pre_req_pre"": ""0"", ""sel_4th_pre_req"": ""1002"", ""sel_4th_pre_bid"": ""+34600"", ""sel_3th_pre_req_pre"": ""0"", ""sel_3th_pre_req"": ""298"", ""sel_3th_pre_bid"": ""+34550"", ""sel_2th_pre_req_pre"": ""0"", ""sel_2th_pre_req"": ""1176"", ""sel_2th_pre_bid"": ""+34500"", ""sel_1th_pre_req_pre"": ""+26"", ""sel_fpr_req"": ""99"", ""sel_fpr_bid"": ""+34450"", ""buy_fpr_bid"": ""+34400"", ""buy_fpr_req"": ""26"", ""buy_1th_pre_req_pre"": ""0"", ""buy_2th_pre_bid"": ""+34350"", ""buy_2th_pre_req"": ""329"", ""buy_2th_pre_req_pre"": ""0"", ""buy_3th_pre_bid"": ""+34300"", ""buy_3th_pre_req"": ""1891"", ""buy_3th_pre_req_pre"": ""0"", ""buy_4th_pre_bid"": ""+34250"", ""buy_4th_pre_req"": ""593"", ""buy_4th_pre_req_pre"": ""0"", ""buy_5th_pre_bid"": ""+34200"", ""buy_5th_pre_req"": ""760"", ""buy_5th_pre_req_pre"": ""0"", ""buy_6th_pre_bid"": ""+34150"", ""buy_6th_pre_req"": ""594"", ""buy_6th_pre_req_pre"": ""0"", ""buy_7th_pre_bid"": ""+34100"", ""buy_7th_pre_req"": ""700"", ""buy_7th_pre_req_pre"": ""0"", ""buy_8th_pre_bid"": ""+34050"", ""buy_8th_pre_req"": ""1118"", ""buy_8th_pre_req_pre"": ""0"", ""buy_9th_pre_bid"": ""34000"", ""buy_9th_pre_req"": ""3339"", ""buy_9th_pre_req_pre"": ""0"", ""buy_10th_pre_bid"": ""-33950"", ""buy_10th_pre_req"": ""854"", ""buy_10th_pre_req_pre"": ""0"", ""tot_sel_req_jub_pre"": ""+26"", ""tot_sel_req"": ""5795"", ""tot_buy_req"": ""10204"", ""tot_buy_req_jub_pre"": ""0"", ""ovt_sel_req_pre"": ""0"", ""ovt_sel_req"": ""0"", ""ovt_buy_req"": ""0"", ""ovt_buy_req_pre"": ""0"", ""return_code"": 0, ""return_msg"": ""정상적으로 처리되었습니다""}"
2026-06-10,scan_candidate,007810,,0,main_scan,119400,,119400,119200,119400,119500,-0.33500837520938026,0.16750418760469013,,,,,,"{""bid_req_base_tm"": ""112041"", ""sel_10th_pre_req_pre"": ""0"", ""sel_10th_pre_req"": ""252"", ""sel_10th_pre_bid"": ""+120800"", ""sel_9th_pre_req_pre"": ""0"", ""sel_9th_pre_req"": ""25"", ""sel_9th_pre_bid"": ""+120700"", ""sel_8th_pre_req_pre"": ""0"", ""sel_8th_pre_req"": ""2"", ""sel_8th_pre_bid"": ""+120600"", ""sel_7th_pre_req_pre"": ""0"", ""sel_7th_pre_req"": ""12"", ""sel_7th_pre_bid"": ""+120500"", ""sel_6th_pre_req_pre"": ""0"", ""sel_6th_pre_req"": ""434"", ""sel_6th_pre_bid"": ""120300"", ""sel_5th_pre_req_pre"": ""0"", ""sel_5th_pre_req"": ""21"", ""sel_5th_pre_bid"": ""-120200"", ""sel_4th_pre_req_pre"": ""0"", ""sel_4th_pre_req"": ""69"", ""sel_4th_pre_bid"": ""-119700"", ""sel_3th_pre_req_pre"": ""0"", ""sel_3th_pre_req"": ""66"", ""sel_3th_pre_bid"": ""-119600"", ""sel_2th_pre_req_pre"": ""0"", ""sel_2th_pre_req"": ""72"", ""sel_2th_pre_bid"": ""-119500"", ""sel_1th_pre_req_pre"": ""0"", ""sel_fpr_req"": ""55"", ""sel_fpr_bid"": ""-119400"", ""buy_fpr_bid"": ""-119200"", ""buy_fpr_req"": ""22"", ""buy_1th_pre_req_pre"": ""+1"", ""buy_2th_pre_bid"": ""-119100"", ""buy_2th_pre_req"": ""170"", ""buy_2th_pre_req_pre"": ""0"", ""buy_3th_pre_bid"": ""-119000"", ""buy_3th_pre_req"": ""465"", ""buy_3th_pre_req_pre"": ""0"", ""buy_4th_pre_bid"": ""-118900"", ""buy_4th_pre_req"": ""56"", ""buy_4th_pre_req_pre"": ""0"", ""buy_5th_pre_bid"": ""-118800"", ""buy_5th_pre_req"": ""144"", ""buy_5th_pre_req_pre"": ""0"", ""buy_6th_pre_bid"": ""-118700"", ""buy_6th_pre_req"": ""55"", ""buy_6th_pre_req_pre"": ""0"", ""buy_7th_pre_bid"": ""-118600"", ""buy_7th_pre_req"": ""69"", ""buy_7th_pre_req_pre"": ""0"", ""buy_8th_pre_bid"": ""-118500"", ""buy_8th_pre_req"": ""180"", ""buy_8th_pre_req_pre"": ""0"", ""buy_9th_pre_bid"": ""-118400"", ""buy_9th_pre_req"": ""11"", ""buy_9th_pre_req_pre"": ""0"", ""buy_10th_pre_bid"": ""-118300"", ""buy_10th_pre_req"": ""92"", ""buy_10th_pre_req_pre"": ""0"", ""tot_sel_req_jub_pre"": ""0"", ""tot_sel_req"": ""1008"", ""tot_buy_req"": ""1264"", ""tot_buy_req_jub_pre"": ""+1"", ""ovt_sel_req_pre"": ""0"", ""ovt_sel_req"": ""0"", ""ovt_buy_req"": ""0"", ""ovt_buy_req_pre"": ""0"", ""return_code"": 0, ""return_msg"": ""정상적으로 처리되었습니다""}"
2026-06-10,scan_candidate,001740,,0,main_scan,13890,,13890,13880,13890,13900,-0.28797696184305255,0.07199424046076314,,,,,,"{""bid_req_base_tm"": ""112042"", ""sel_10th_pre_req_pre"": ""0"", ""sel_10th_pre_req"": ""1196"", ""sel_10th_pre_bid"": ""-13980"", ""sel_9th_pre_req_pre"": ""0"", ""sel_9th_pre_req"": ""205"", ""sel_9th_pre_bid"": ""-13970"", ""sel_8th_pre_req_pre"": ""0"", ""sel_8th_pre_req"": ""572"", ""sel_8th_pre_bid"": ""-13960"", ""sel_7th_pre_req_pre"": ""0"", ""sel_7th_pre_req"": ""1085"", ""sel_7th_pre_bid"": ""-13950"", ""sel_6th_pre_req_pre"": ""0"", ""sel_6th_pre_req"": ""10"", ""sel_6th_pre_bid"": ""-13940"", ""sel_5th_pre_req_pre"": ""0"", ""sel_5th_pre_req"": ""3"", ""sel_5th_pre_bid"": ""-13930"", ""sel_4th_pre_req_pre"": ""0"", ""sel_4th_pre_req"": ""1799"", ""sel_4th_pre_bid"": ""-13920"", ""sel_3th_pre_req_pre"": ""0"", ""sel_3th_pre_req"": ""15"", ""sel_3th_pre_bid"": ""-13910"", ""sel_2th_pre_req_pre"": ""0"", ""sel_2th_pre_req"": ""1378"", ""sel_2th_pre_bid"": ""-13900"", ""sel_1th_pre_req_pre"": ""--463"", ""sel_fpr_req"": ""1066"", ""sel_fpr_bid"": ""-13890"", ""buy_fpr_bid"": ""-13880"", ""buy_fpr_req"": ""2439"", ""buy_1th_pre_req_pre"": ""0"", ""buy_2th_pre_bid"": ""-13870"", ""buy_2th_pre_req"": ""6975"", ""buy_2th_pre_req_pre"": ""0"", ""buy_3th_pre_bid"": ""-13860"", ""buy_3th_pre_req"": ""6430"", ""buy_3th_pre_req_pre"": ""0"", ""buy_4th_pre_bid"": ""-13850"", ""buy_4th_pre_req"": ""9939"", ""buy_4th_pre_req_pre"": ""0"", ""buy_5th_pre_bid"": ""-13840"", ""buy_5th_pre_req"": ""6491"", ""buy_5th_pre_req_pre"": ""0"", ""buy_6th_pre_bid"": ""-13830"", ""buy_6th_pre_req"": ""2280"", ""buy_6th_pre_req_pre"": ""0"", ""buy_7th_pre_bid"": ""-13820"", ""buy_7th_pre_req"": ""5645"", ""buy_7th_pre_req_pre"": ""0"", ""buy_8th_pre_bid"": ""-13810"", ""buy_8th_pre_req"": ""9526"", ""buy_8th_pre_req_pre"": ""0"", ""buy_9th_pre_bid"": ""-13800"", ""buy_9th_pre_req"": ""17723"", ""buy_9th_pre_req_pre"": ""0"", ""buy_10th_pre_bid"": ""-13790"", ""buy_10th_pre_req"": ""3491"", ""buy_10th_pre_req_pre"": ""0"", ""tot_sel_req_jub_pre"": ""--463"", ""tot_sel_req"": ""7329"", ""tot_buy_req"": ""70939"", ""tot_buy_req_jub_pre"": ""0"", ""ovt_sel_req_pre"": ""0"", ""ovt_sel_req"": ""0"", ""ovt_buy_req"": ""0"", ""ovt_buy_req_pre"": ""0"", ""return_code"": 0, ""return_msg"": ""정상적으로 처리되었습니다""}"
2026-06-10,scan_candidate,383220,,0,main_scan,76100,,76100,75800,76100,75600,-0.7884362680683311,0.39421813403416556,,,,,,"{""bid_req_base_tm"": ""112041"", ""sel_10th_pre_req_pre"": ""0"", ""sel_10th_pre_req"": ""22"", ""sel_10th_pre_bid"": ""+77000"", ""sel_9th_pre_req_pre"": ""0"", ""sel_9th_pre_req"": ""106"", ""sel_9th_pre_bid"": ""+76900"", ""sel_8th_pre_req_pre"": ""0"", ""sel_8th_pre_req"": ""12"", ""sel_8th_pre_bid"": ""+76800"", ""sel_7th_pre_req_pre"": ""0"", ""sel_7th_pre_req"": ""9"", ""sel_7th_pre_bid"": ""+76700"", ""sel_6th_pre_req_pre"": ""0"", ""sel_6th_pre_req"": ""32"", ""sel_6th_pre_bid"": ""+76600"", ""sel_5th_pre_req_pre"": ""0"", ""sel_5th_pre_req"": ""4"", ""sel_5th_pre_bid"": ""+76500"", ""sel_4th_pre_req_pre"": ""0"", ""sel_4th_pre_req"": ""12"", ""sel_4th_pre_bid"": ""+76400"", ""sel_3th_pre_req_pre"": ""0"", ""sel_3th_pre_req"": ""25"", ""sel_3th_pre_bid"": ""+76300"", ""sel_2th_pre_req_pre"": ""0"", ""sel_2th_pre_req"": ""75"", ""sel_2th_pre_bid"": ""+76200"", ""sel_1th_pre_req_pre"": ""+5"", ""sel_fpr_req"": ""55"", ""sel_fpr_bid"": ""+76100"", ""buy_fpr_bid"": ""+75800"", ""buy_fpr_req"": ""14"", ""buy_1th_pre_req_pre"": ""0"", ""buy_2th_pre_bid"": ""+75600"", ""buy_2th_pre_req"": ""1"", ""buy_2th_pre_req_pre"": ""0"", ""buy_3th_pre_bid"": ""+75500"", ""buy_3th_pre_req"": ""3"", ""buy_3th_pre_req_pre"": ""0"", ""buy_4th_pre_bid"": ""+75400"", ""buy_4th_pre_req"": ""34"", ""buy_4th_pre_req_pre"": ""0"", ""buy_5th_pre_bid"": ""+75300"", ""buy_5th_pre_req"": ""15"", ""buy_5th_pre_req_pre"": ""0"", ""buy_6th_pre_bid"": ""+75200"", ""buy_6th_pre_req"": ""10"", ""buy_6th_pre_req_pre"": ""0"", ""buy_7th_pre_bid"": ""+75100"", ""buy_7th_pre_req"": ""1"", ""buy_7th_pre_req_pre"": ""0"", ""buy_8th_pre_bid"": ""+75000"", ""buy_8th_pre_req"": ""1"", ""buy_8th_pre_req_pre"": ""0"", ""buy_9th_pre_bid"": ""+74900"", ""buy_9th_pre_req"": ""9"", ""buy_9th_pre_req_pre"": ""0"", ""buy_10th_pre_bid"": ""+74700"", ""buy_10th_pre_req"": ""114"", ""buy_10th_pre_req_pre"": ""0"", ""tot_sel_req_jub_pre"": ""+5"", ""tot_sel_req"": ""352"", ""tot_buy_req"": ""202"", ""tot_buy_req_jub_pre"": ""0"", ""ovt_sel_req_pre"": ""0"", ""ovt_sel_req"": ""0"", ""ovt_buy_req"": ""0"", ""ovt_buy_req_pre"": ""0"", ""return_code"": 0, ""return_msg"": ""정상적으로 처리되었습니다""}"
2026-06-10,scan_candidate,014680,,0,main_scan,258000,,258000,257500,258000,259500,0.3875968992248062,0.1937984496124031,,,,,,"{""bid_req_base_tm"": ""112041"", ""sel_10th_pre_req_pre"": ""0"", ""sel_10th_pre_req"": ""4"", ""sel_10th_pre_bid"": ""+262500"", ""sel_9th_pre_req_pre"": ""0"", ""sel_9th_pre_req"": ""2"", ""sel_9th_pre_bid"": ""+262000"", ""sel_8th_pre_req_pre"": ""0"", ""sel_8th_pre_req"": ""3"", ""sel_8th_pre_bid"": ""+261500"", ""sel_7th_pre_req_pre"": ""0"", ""sel_7th_pre_req"": ""5"", ""sel_7th_pre_bid"": ""+261000"", ""sel_6th_pre_req_pre"": ""0"", ""sel_6th_pre_req"": ""12"", ""sel_6th_pre_bid"": ""+260500"", ""sel_5th_pre_req_pre"": ""0"", ""sel_5th_pre_req"": ""8"", ""sel_5th_pre_bid"": ""+260000"", ""sel_4th_pre_req_pre"": ""0"", ""sel_4th_pre_req"": ""23"", ""sel_4th_pre_bid"": ""+259500"", ""sel_3th_pre_req_pre"": ""0"", ""sel_3th_pre_req"": ""63"", ""sel_3th_pre_bid"": ""+259000"", ""sel_2th_pre_req_pre"": ""0"", ""sel_2th_pre_req"": ""34"", ""sel_2th_pre_bid"": ""+258500"", ""sel_1th_pre_req_pre"": ""0"", ""sel_fpr_req"": ""80"", ""sel_fpr_bid"": ""+258000"", ""buy_fpr_bid"": ""+257500"", ""buy_fpr_req"": ""140"", ""buy_1th_pre_req_pre"": ""--1"", ""buy_2th_pre_bid"": ""+257000"", ""buy_2th_pre_req"": ""171"", ""buy_2th_pre_req_pre"": ""0"", ""buy_3th_pre_bid"": ""+256500"", ""buy_3th_pre_req"": ""3"", ""buy_3th_pre_req_pre"": ""0"", ""buy_4th_pre_bid"": ""+256000"", ""buy_4th_pre_req"": ""54"", ""buy_4th_pre_req_pre"": ""0"", ""buy_5th_pre_bid"": ""+255500"", ""buy_5th_pre_req"": ""92"", ""buy_5th_pre_req_pre"": ""0"", ""buy_6th_pre_bid"": ""+255000"", ""buy_6th_pre_req"": ""3"", ""buy_6th_pre_req_pre"": ""0"", ""buy_7th_pre_bid"": ""+254500"", ""buy_7th_pre_req"": ""23"", ""buy_7th_pre_req_pre"": ""0"", ""buy_8th_pre_bid"": ""+254000"", ""buy_8th_pre_req"": ""26"", ""buy_8th_pre_req_pre"": ""0"", ""buy_9th_pre_bid"": ""+253500"", ""buy_9th_pre_req"": ""101"", ""buy_9th_pre_req_pre"": ""0"", ""buy_10th_pre_bid"": ""+253000"", ""buy_10th_pre_req"": ""111"", ""buy_10th_pre_req_pre"": ""0"", ""tot_sel_req_jub_pre"": ""0"", ""tot_sel_req"": ""234"", ""tot_buy_req"": ""724"", ""tot_buy_req_jub_pre"": ""--1"", ""ovt_sel_req_pre"": ""0"", ""ovt_sel_req"": ""0"", ""ovt_buy_req"": ""0"", ""ovt_buy_req_pre"": ""0"", ""return_code"": 0, ""return_msg"": ""정상적으로 처리되었습니다""}"
2026-06-10,scan_candidate,009420,,0,main_scan,49900,,49900,49850,49900,50200,0.4008016032064128,0.1002004008016032,,,,,,"{""bid_req_base_tm"": ""112043"", ""sel_10th_pre_req_pre"": ""0"", ""sel_10th_pre_req"": ""54"", ""sel_10th_pre_bid"": ""-50700"", ""sel_9th_pre_req_pre"": ""0"", ""sel_9th_pre_req"": ""20"", ""sel_9th_pre_bid"": ""-50600"", ""sel_8th_pre_req_pre"": ""0"", ""sel_8th_pre_req"": ""58"", ""sel_8th_pre_bid"": ""-50500"", ""sel_7th_pre_req_pre"": ""0"", ""sel_7th_pre_req"": ""3"", ""sel_7th_pre_bid"": ""-50400"", ""sel_6th_pre_req_pre"": ""0"", ""sel_6th_pre_req"": ""2"", ""sel_6th_pre_bid"": ""-50300"", ""sel_5th_pre_req_pre"": ""0"", ""sel_5th_pre_req"": ""22"", ""sel_5th_pre_bid"": ""-50200"", ""sel_4th_pre_req_pre"": ""0"", ""sel_4th_pre_req"": ""127"", ""sel_4th_pre_bid"": ""-50100"", ""sel_3th_pre_req_pre"": ""0"", ""sel_3th_pre_req"": ""81"", ""sel_3th_pre_bid"": ""-50000"", ""sel_2th_pre_req_pre"": ""+1"", ""sel_2th_pre_req"": ""253"", ""sel_2th_pre_bid"": ""-49950"", ""sel_1th_pre_req_pre"": ""+2"", ""sel_fpr_req"": ""207"", ""sel_fpr_bid"": ""-49900"", ""buy_fpr_bid"": ""-49850"", ""buy_fpr_req"": ""463"", ""buy_1th_pre_req_pre"": ""0"", ""buy_2th_pre_bid"": ""-49800"", ""buy_2th_pre_req"": ""602"", ""buy_2th_pre_req_pre"": ""0"", ""buy_3th_pre_bid"": ""-49750"", ""buy_3th_pre_req"": ""450"", ""buy_3th_pre_req_pre"": ""0"", ""buy_4th_pre_bid"": ""-49700"", ""buy_4th_pre_req"": ""1229"", ""buy_4th_pre_req_pre"": ""0"", ""buy_5th_pre_bid"": ""-49650"", ""buy_5th_pre_req"": ""247"", ""buy_5th_pre_req_pre"": ""0"", ""buy_6th_pre_bid"": ""-49600"", ""buy_6th_pre_req"": ""899"", ""buy_6th_pre_req_pre"": ""0"", ""buy_7th_pre_bid"": ""-49550"", ""buy_7th_pre_req"": ""444"", ""buy_7th_pre_req_pre"": ""0"", ""buy_8th_pre_bid"": ""-49500"", ""buy_8th_pre_req"": ""2105"", ""buy_8th_pre_req_pre"": ""0"", ""buy_9th_pre_bid"": ""-49450"", ""buy_9th_pre_req"": ""166"", ""buy_9th_pre_req_pre"": ""0"", ""buy_10th_pre_bid"": ""-49400"", ""buy_10th_pre_req"": ""81"", ""buy_10th_pre_req_pre"": ""0"", ""tot_sel_req_jub_pre"": ""+3"", ""tot_sel_req"": ""827"", ""tot_buy_req"": ""6686"", ""tot_buy_req_jub_pre"": ""0"", ""ovt_sel_req_pre"": ""0"", ""ovt_sel_req"": ""0"", ""ovt_buy_req"": ""0"", ""ovt_buy_req_pre"": ""0"", ""return_code"": 0, ""return_msg"": ""정상적으로 처리되었습니다""}"
2026-06-10,scan_candidate,375500,,0,main_scan,71100,,71100,71000,71100,71000,-0.2812939521800281,0.14064697609001406,,,,,,"{""bid_req_base_tm"": ""112042"", ""sel_10th_pre_req_pre"": ""0"", ""sel_10th_pre_req"": ""275"", ""sel_10th_pre_bid"": ""+72000"", ""sel_9th_pre_req_pre"": ""0"", ""sel_9th_pre_req"": ""203"", ""sel_9th_pre_bid"": ""+71900"", ""sel_8th_pre_req_pre"": ""0"", ""sel_8th_pre_req"": ""202"", ""sel_8th_pre_bid"": ""+71800"", ""sel_7th_pre_req_pre"": ""0"", ""sel_7th_pre_req"": ""225"", ""sel_7th_pre_bid"": ""+71700"", ""sel_6th_pre_req_pre"": ""0"", ""sel_6th_pre_req"": ""276"", ""sel_6th_pre_bid"": ""+71600"", ""sel_5th_pre_req_pre"": ""0"", ""sel_5th_pre_req"": ""255"", ""sel_5th_pre_bid"": ""+71500"", ""sel_4th_pre_req_pre"": ""0"", ""sel_4th_pre_req"": ""27"", ""sel_4th_pre_bid"": ""+71400"", ""sel_3th_pre_req_pre"": ""0"", ""sel_3th_pre_req"": ""25"", ""sel_3th_pre_bid"": ""+71300"", ""sel_2th_pre_req_pre"": ""0"", ""sel_2th_pre_req"": ""108"", ""sel_2th_pre_bid"": ""+71200"", ""sel_1th_pre_req_pre"": ""--3"", ""sel_fpr_req"": ""1"", ""sel_fpr_bid"": ""+71100"", ""buy_fpr_bid"": ""+71000"", ""buy_fpr_req"": ""88"", ""buy_1th_pre_req_pre"": ""0"", ""buy_2th_pre_bid"": ""+70900"", ""buy_2th_pre_req"": ""209"", ""buy_2th_pre_req_pre"": ""0"", ""buy_3th_pre_bid"": ""+70800"", ""buy_3th_pre_req"": ""18"", ""buy_3th_pre_req_pre"": ""0"", ""buy_4th_pre_bid"": ""+70700"", ""buy_4th_pre_req"": ""3"", ""buy_4th_pre_req_pre"": ""0"", ""buy_5th_pre_bid"": ""+70600"", ""buy_5th_pre_req"": ""32"", ""buy_5th_pre_req_pre"": ""0"", ""buy_6th_pre_bid"": ""+70500"", ""buy_6th_pre_req"": ""166"", ""buy_6th_pre_req_pre"": ""0"", ""buy_7th_pre_bid"": ""+70400"", ""buy_7th_pre_req"": ""45"", ""buy_7th_pre_req_pre"": ""0"", ""buy_8th_pre_bid"": ""+70300"", ""buy_8th_pre_req"": ""88"", ""buy_8th_pre_req_pre"": ""0"", ""buy_9th_pre_bid"": ""+70200"", ""buy_9th_pre_req"": ""85"", ""buy_9th_pre_req_pre"": ""0"", ""buy_10th_pre_bid"": ""+70100"", ""buy_10th_pre_req"": ""498"", ""buy_10th_pre_req_pre"": ""0"", ""tot_sel_req_jub_pre"": ""--3"", ""tot_sel_req"": ""1597"", ""tot_buy_req"": ""1232"", ""tot_buy_req_jub_pre"": ""0"", ""ovt_sel_req_pre"": ""0"", ""ovt_sel_req"": ""0"", ""ovt_buy_req"": ""0"", ""ovt_buy_req_pre"": ""0"", ""return_code"": 0, ""return_msg"": ""정상적으로 처리되었습니다""}"
2026-06-10,scan_candidate,004990,,0,main_scan,25750,,25750,25700,25750,25700,-0.3883495145631068,0.1941747572815534,,,,,,"{""bid_req_base_tm"": ""112040"", ""sel_10th_pre_req_pre"": ""0"", ""sel_10th_pre_req"": ""135"", ""sel_10th_pre_bid"": ""+26250"", ""sel_9th_pre_req_pre"": ""0"", ""sel_9th_pre_req"": ""168"", ""sel_9th_pre_bid"": ""+26200"", ""sel_8th_pre_req_pre"": ""0"", ""sel_8th_pre_req"": ""3089"", ""sel_8th_pre_bid"": ""26150"", ""sel_7th_pre_req_pre"": ""0"", ""sel_7th_pre_req"": ""428"", ""sel_7th_pre_bid"": ""-26100"", ""sel_6th_pre_req_pre"": ""0"", ""sel_6th_pre_req"": ""264"", ""sel_6th_pre_bid"": ""-26050"", ""sel_5th_pre_req_pre"": ""0"", ""sel_5th_pre_req"": ""72"", ""sel_5th_pre_bid"": ""-26000"", ""sel_4th_pre_req_pre"": ""0"", ""sel_4th_pre_req"": ""36"", ""sel_4th_pre_bid"": ""-25950"", ""sel_3th_pre_req_pre"": ""0"", ""sel_3th_pre_req"": ""68"", ""sel_3th_pre_bid"": ""-25900"", ""sel_2th_pre_req_pre"": ""0"", ""sel_2th_pre_req"": ""230"", ""sel_2th_pre_bid"": ""-25800"", ""sel_1th_pre_req_pre"": ""0"", ""sel_fpr_req"": ""358"", ""sel_fpr_bid"": ""-25750"", ""buy_fpr_bid"": ""-25700"", ""buy_fpr_req"": ""225"", ""buy_1th_pre_req_pre"": ""0"", ""buy_2th_pre_bid"": ""-25650"", ""buy_2th_pre_req"": ""91"", ""buy_2th_pre_req_pre"": ""0"", ""buy_3th_pre_bid"": ""-25600"", ""buy_3th_pre_req"": ""295"", ""buy_3th_pre_req_pre"": ""0"", ""buy_4th_pre_bid"": ""-25550"", ""buy_4th_pre_req"": ""637"", ""buy_4th_pre_req_pre"": ""0"", ""buy_5th_pre_bid"": ""-25500"", ""buy_5th_pre_req"": ""975"", ""buy_5th_pre_req_pre"": ""0"", ""buy_6th_pre_bid"": ""-25450"", ""buy_6th_pre_req"": ""167"", ""buy_6th_pre_req_pre"": ""0"", ""buy_7th_pre_bid"": ""-25400"", ""buy_7th_pre_req"": ""650"", ""buy_7th_pre_req_pre"": ""0"", ""buy_8th_pre_bid"": ""-25350"", ""buy_8th_pre_req"": ""391"", ""buy_8th_pre_req_pre"": ""0"", ""buy_9th_pre_bid"": ""-25300"", ""buy_9th_pre_req"": ""427"", ""buy_9th_pre_req_pre"": ""0"", ""buy_10th_pre_bid"": ""-25250"", ""buy_10th_pre_req"": ""819"", ""buy_10th_pre_req_pre"": ""0"", ""tot_sel_req_jub_pre"": ""0"", ""tot_sel_req"": ""4848"", ""tot_buy_req"": ""4677"", ""tot_buy_req_jub_pre"": ""0"", ""ovt_sel_req_pre"": ""0"", ""ovt_sel_req"": ""0"", ""ovt_buy_req"": ""0"", ""ovt_buy_req_pre"": ""0"", ""return_code"": 0, ""return_msg"": ""정상적으로 처리되었습니다""}"
2026-06-10,scan_candidate,483650,,0,main_scan,206000,,206000,205500,206000,207000,0.24271844660194172,0.24271844660194172,,,,,,"{""bid_req_base_tm"": ""112042"", ""sel_10th_pre_req_pre"": ""0"", ""sel_10th_pre_req"": ""84"", ""sel_10th_pre_bid"": ""+210500"", ""sel_9th_pre_req_pre"": ""0"", ""sel_9th_pre_req"": ""724"", ""sel_9th_pre_bid"": ""+210000"", ""sel_8th_pre_req_pre"": ""0"", ""sel_8th_pre_req"": ""721"", ""sel_8th_pre_bid"": ""+209500"", ""sel_7th_pre_req_pre"": ""0"", ""sel_7th_pre_req"": ""1467"", ""sel_7th_pre_bid"": ""+209000"", ""sel_6th_pre_req_pre"": ""0"", ""sel_6th_pre_req"": ""616"", ""sel_6th_pre_bid"": ""+208500"", ""sel_5th_pre_req_pre"": ""0"", ""sel_5th_pre_req"": ""449"", ""sel_5th_pre_bid"": ""+208000"", ""sel_4th_pre_req_pre"": ""0"", ""sel_4th_pre_req"": ""475"", ""sel_4th_pre_bid"": ""+207500"", ""sel_3th_pre_req_pre"": ""0"", ""sel_3th_pre_req"": ""274"", ""sel_3th_pre_bid"": ""+207000"", ""sel_2th_pre_req_pre"": ""0"", ""sel_2th_pre_req"": ""288"", ""sel_2th_pre_bid"": ""+206500"", ""sel_1th_pre_req_pre"": ""--8"", ""sel_fpr_req"": ""262"", ""sel_fpr_bid"": ""+206000"", ""buy_fpr_bid"": ""+205500"", ""buy_fpr_req"": ""395"", ""buy_1th_pre_req_pre"": ""0"", ""buy_2th_pre_bid"": ""+205000"", ""buy_2th_pre_req"": ""196"", ""buy_2th_pre_req_pre"": ""0"", ""buy_3th_pre_bid"": ""+204500"", ""buy_3th_pre_req"": ""287"", ""buy_3th_pre_req_pre"": ""0"", ""buy_4th_pre_bid"": ""+204000"", ""buy_4th_pre_req"": ""5217"", ""buy_4th_pre_req_pre"": ""0"", ""buy_5th_pre_bid"": ""+203500"", ""buy_5th_pre_req"": ""16"", ""buy_5th_pre_req_pre"": ""0"", ""buy_6th_pre_bid"": ""+203000"", ""buy_6th_pre_req"": ""37"", ""buy_6th_pre_req_pre"": ""0"", ""buy_7th_pre_bid"": ""+202500"", ""buy_7th_pre_req"": ""43"", ""buy_7th_pre_req_pre"": ""0"", ""buy_8th_pre_bid"": ""+202000"", ""buy_8th_pre_req"": ""49"", ""buy_8th_pre_req_pre"": ""0"", ""buy_9th_pre_bid"": ""+201500"", ""buy_9th_pre_req"": ""138"", ""buy_9th_pre_req_pre"": ""0"", ""buy_10th_pre_bid"": ""+201000"", ""buy_10th_pre_req"": ""283"", ""buy_10th_pre_req_pre"": ""0"", ""tot_sel_req_jub_pre"": ""--8"", ""tot_sel_req"": ""5360"", ""tot_buy_req"": ""6661"", ""tot_buy_req_jub_pre"": ""0"", ""ovt_sel_req_pre"": ""0"", ""ovt_sel_req"": ""0"", ""ovt_buy_req"": ""0"", ""ovt_buy_req_pre"": ""0"", ""return_code"": 0, ""return_msg"": ""정상적으로 처리되었습니다""}"
2026-06-10,scan_candidate,003690,,0,main_scan,13250,,13250,13240,13250,13250,-0.37735849056603776,0.07547169811320754,,,,,,"{""bid_req_base_tm"": ""112043"", ""sel_10th_pre_req_pre"": ""0"", ""sel_10th_pre_req"": ""148"", ""sel_10th_pre_bid"": ""-13360"", ""sel_9th_pre_req_pre"": ""0"", ""sel_9th_pre_req"": ""51"", ""sel_9th_pre_bid"": ""-13350"", ""sel_8th_pre_req_pre"": ""0"", ""sel_8th_pre_req"": ""1"", ""sel_8th_pre_bid"": ""-13340"", ""sel_7th_pre_req_pre"": ""0"", ""sel_7th_pre_req"": ""1"", ""sel_7th_pre_bid"": ""-13330"", ""sel_6th_pre_req_pre"": ""0"", ""sel_6th_pre_req"": ""1"", ""sel_6th_pre_bid"": ""-13320"", ""sel_5th_pre_req_pre"": ""0"", ""sel_5th_pre_req"": ""1"", ""sel_5th_pre_bid"": ""-13310"", ""sel_4th_pre_req_pre"": ""0"", ""sel_4th_pre_req"": ""1424"", ""sel_4th_pre_bid"": ""-13300"", ""sel_3th_pre_req_pre"": ""0"", ""sel_3th_pre_req"": ""12"", ""sel_3th_pre_bid"": ""-13270"", ""sel_2th_pre_req_pre"": ""0"", ""sel_2th_pre_req"": ""65"", ""sel_2th_pre_bid"": ""-13260"", ""sel_1th_pre_req_pre"": ""+5"", ""sel_fpr_req"": ""27"", ""sel_fpr_bid"": ""-13250"", ""buy_fpr_bid"": ""-13240"", ""buy_fpr_req"": ""431"", ""buy_1th_pre_req_pre"": ""0"", ""buy_2th_pre_bid"": ""-13230"", ""buy_2th_pre_req"": ""752"", ""buy_2th_pre_req_pre"": ""0"", ""buy_3th_pre_bid"": ""-13210"", ""buy_3th_pre_req"": ""283"", ""buy_3th_pre_req_pre"": ""0"", ""buy_4th_pre_bid"": ""-13190"", ""buy_4th_pre_req"": ""80"", ""buy_4th_pre_req_pre"": ""0"", ""buy_5th_pre_bid"": ""-13180"", ""buy_5th_pre_req"": ""50"", ""buy_5th_pre_req_pre"": ""0"", ""buy_6th_pre_bid"": ""-13170"", ""buy_6th_pre_req"": ""80"", ""buy_6th_pre_req_pre"": ""0"", ""buy_7th_pre_bid"": ""-13160"", ""buy_7th_pre_req"": ""82"", ""buy_7th_pre_req_pre"": ""0"", ""buy_8th_pre_bid"": ""-13150"", ""buy_8th_pre_req"": ""103"", ""buy_8th_pre_req_pre"": ""0"", ""buy_9th_pre_bid"": ""-13140"", ""buy_9th_pre_req"": ""51"", ""buy_9th_pre_req_pre"": ""0"", ""buy_10th_pre_bid"": ""-13130"", ""buy_10th_pre_req"": ""351"", ""buy_10th_pre_req_pre"": ""0"", ""tot_sel_req_jub_pre"": ""+5"", ""tot_sel_req"": ""1731"", ""tot_buy_req"": ""2263"", ""tot_buy_req_jub_pre"": ""0"", ""ovt_sel_req_pre"": ""0"", ""ovt_sel_req"": ""0"", ""ovt_buy_req"": ""0"", ""ovt_buy_req_pre"": ""0"", ""return_code"": 0, ""return_msg"": ""정상적으로 처리되었습니다""}"
2026-06-10,scan_candidate,279570,,0,main_scan,6130,,6130,6120,6130,6090,-0.8156606851549755,0.1631321370309951,,,,,,"{""bid_req_base_tm"": ""112044"", ""sel_10th_pre_req_pre"": ""0"", ""sel_10th_pre_req"": ""6220"", ""sel_10th_pre_bid"": ""+6220"", ""sel_9th_pre_req_pre"": ""0"", ""sel_9th_pre_req"": ""32512"", ""sel_9th_pre_bid"": ""+6210"", ""sel_8th_pre_req_pre"": ""0"", ""sel_8th_pre_req"": ""66711"", ""sel_8th_pre_bid"": ""+6200"", ""sel_7th_pre_req_pre"": ""0"", ""sel_7th_pre_req"": ""26120"", ""sel_7th_pre_bid"": ""+6190"", ""sel_6th_pre_req_pre"": ""0"", ""sel_6th_pre_req"": ""23217"", ""sel_6th_pre_bid"": ""+6180"", ""sel_5th_pre_req_pre"": ""0"", ""sel_5th_pre_req"": ""11727"", ""sel_5th_pre_bid"": ""+6170"", ""sel_4th_pre_req_pre"": ""0"", ""sel_4th_pre_req"": ""16969"", ""sel_4th_pre_bid"": ""+6160"", ""sel_3th_pre_req_pre"": ""0"", ""sel_3th_pre_req"": ""38570"", ""sel_3th_pre_bid"": ""+6150"", ""sel_2th_pre_req_pre"": ""0"", ""sel_2th_pre_req"": ""15642"", ""sel_2th_pre_bid"": ""+6140"", ""sel_1th_pre_req_pre"": ""+35"", ""sel_fpr_req"": ""8660"", ""sel_fpr_bid"": ""+6130"", ""buy_fpr_bid"": ""+6120"", ""buy_fpr_req"": ""2997"", ""buy_1th_pre_req_pre"": ""0"", ""buy_2th_pre_bid"": ""+6110"", ""buy_2th_pre_req"": ""3169"", ""buy_2th_pre_req_pre"": ""0"", ""buy_3th_pre_bid"": ""+6100"", ""buy_3th_pre_req"": ""12715"", ""buy_3th_pre_req_pre"": ""0"", ""buy_4th_pre_bid"": ""+6090"", ""buy_4th_pre_req"": ""6766"", ""buy_4th_pre_req_pre"": ""0"", ""buy_5th_pre_bid"": ""+6080"", ""buy_5th_pre_req"": ""5221"", ""buy_5th_pre_req_pre"": ""0"", ""buy_6th_pre_bid"": ""+6070"", ""buy_6th_pre_req"": ""7031"", ""buy_6th_pre_req_pre"": ""0"", ""buy_7th_pre_bid"": ""+6060"", ""buy_7th_pre_req"": ""13622"", ""buy_7th_pre_req_pre"": ""0"", ""buy_8th_pre_bid"": ""+6050"", ""buy_8th_pre_req"": ""10489"", ""buy_8th_pre_req_pre"": ""0"", ""buy_9th_pre_bid"": ""+6040"", ""buy_9th_pre_req"": ""5632"", ""buy_9th_pre_req_pre"": ""0"", ""buy_10th_pre_bid"": ""+6030"", ""buy_10th_pre_req"": ""3145"", ""buy_10th_pre_req_pre"": ""0"", ""tot_sel_req_jub_pre"": ""+35"", ""tot_sel_req"": ""246348"", ""tot_buy_req"": ""70787"", ""tot_buy_req_jub_pre"": ""0"", ""ovt_sel_req_pre"": ""0"", ""ovt_sel_req"": ""0"", ""ovt_buy_req"": ""0"", ""ovt_buy_req_pre"": ""0"", ""return_code"": 0, ""return_msg"": ""정상적으로 처리되었습니다""}"
2026-06-10,scan_candidate,008770,,0,main_scan,56300,,56300,56200,56300,55900,-0.8880994671403196,0.17761989342806395,,,,,,"{""bid_req_base_tm"": ""112044"", ""sel_10th_pre_req_pre"": ""0"", ""sel_10th_pre_req"": ""124"", ""sel_10th_pre_bid"": ""+57200"", ""sel_9th_pre_req_pre"": ""0"", ""sel_9th_pre_req"": ""36"", ""sel_9th_pre_bid"": ""+57100"", ""sel_8th_pre_req_pre"": ""0"", ""sel_8th_pre_req"": ""373"", ""sel_8th_pre_bid"": ""+57000"", ""sel_7th_pre_req_pre"": ""0"", ""sel_7th_pre_req"": ""465"", ""sel_7th_pre_bid"": ""+56900"", ""sel_6th_pre_req_pre"": ""0"", ""sel_6th_pre_req"": ""144"", ""sel_6th_pre_bid"": ""+56800"", ""sel_5th_pre_req_pre"": ""0"", ""sel_5th_pre_req"": ""88"", ""sel_5th_pre_bid"": ""+56700"", ""sel_4th_pre_req_pre"": ""0"", ""sel_4th_pre_req"": ""129"", ""sel_4th_pre_bid"": ""+56600"", ""sel_3th_pre_req_pre"": ""0"", ""sel_3th_pre_req"": ""967"", ""sel_3th_pre_bid"": ""+56500"", ""sel_2th_pre_req_pre"": ""0"", ""sel_2th_pre_req"": ""3"", ""sel_2th_pre_bid"": ""+56400"", ""sel_1th_pre_req_pre"": ""0"", ""sel_fpr_req"": ""106"", ""sel_fpr_bid"": ""+56300"", ""buy_fpr_bid"": ""+56200"", ""buy_fpr_req"": ""122"", ""buy_1th_pre_req_pre"": ""+6"", ""buy_2th_pre_bid"": ""+56100"", ""buy_2th_pre_req"": ""26"", ""buy_2th_pre_req_pre"": ""0"", ""buy_3th_pre_bid"": ""+56000"", ""buy_3th_pre_req"": ""15"", ""buy_3th_pre_req_pre"": ""0"", ""buy_4th_pre_bid"": ""+55900"", ""buy_4th_pre_req"": ""38"", ""buy_4th_pre_req_pre"": ""0"", ""buy_5th_pre_bid"": ""+55800"", ""buy_5th_pre_req"": ""75"", ""buy_5th_pre_req_pre"": ""0"", ""buy_6th_pre_bid"": ""+55700"", ""buy_6th_pre_req"": ""70"", ""buy_6th_pre_req_pre"": ""0"", ""buy_7th_pre_bid"": ""+55600"", ""buy_7th_pre_req"": ""293"", ""buy_7th_pre_req_pre"": ""0"", ""buy_8th_pre_bid"": ""+55500"", ""buy_8th_pre_req"": ""190"", ""buy_8th_pre_req_pre"": ""0"", ""buy_9th_pre_bid"": ""+55400"", ""buy_9th_pre_req"": ""48"", ""buy_9th_pre_req_pre"": ""0"", ""buy_10th_pre_bid"": ""+55300"", ""buy_10th_pre_req"": ""72"", ""buy_10th_pre_req_pre"": ""0"", ""tot_sel_req_jub_pre"": ""0"", ""tot_sel_req"": ""2435"", ""tot_buy_req"": ""949"", ""tot_buy_req_jub_pre"": ""+6"", ""ovt_sel_req_pre"": ""0"", ""ovt_sel_req"": ""0"", ""ovt_buy_req"": ""0"", ""ovt_buy_req_pre"": ""0"", ""return_code"": 0, ""return_msg"": ""정상적으로 처리되었습니다""}"
2026-06-10,scan_candidate,081660,,0,main_scan,40450,,40450,40300,40450,40450,-0.12360939431396785,0.3708281829419036,,,,,,"{""bid_req_base_tm"": ""112043"", ""sel_10th_pre_req_pre"": ""0"", ""sel_10th_pre_req"": ""362"", ""sel_10th_pre_bid"": ""+41000"", ""sel_9th_pre_req_pre"": ""0"", ""sel_9th_pre_req"": ""303"", ""sel_9th_pre_bid"": ""+40950"", ""sel_8th_pre_req_pre"": ""0"", ""sel_8th_pre_req"": ""176"", ""sel_8th_pre_bid"": ""+40900"", ""sel_7th_pre_req_pre"": ""0"", ""sel_7th_pre_req"": ""136"", ""sel_7th_pre_bid"": ""+40800"", ""sel_6th_pre_req_pre"": ""0"", ""sel_6th_pre_req"": ""13"", ""sel_6th_pre_bid"": ""+40750"", ""sel_5th_pre_req_pre"": ""0"", ""sel_5th_pre_req"": ""70"", ""sel_5th_pre_bid"": ""+40700"", ""sel_4th_pre_req_pre"": ""0"", ""sel_4th_pre_req"": ""75"", ""sel_4th_pre_bid"": ""+40600"", ""sel_3th_pre_req_pre"": ""0"", ""sel_3th_pre_req"": ""251"", ""sel_3th_pre_bid"": ""+40550"", ""sel_2th_pre_req_pre"": ""0"", ""sel_2th_pre_req"": ""434"", ""sel_2th_pre_bid"": ""+40500"", ""sel_1th_pre_req_pre"": ""+2"", ""sel_fpr_req"": ""41"", ""sel_fpr_bid"": ""+40450"", ""buy_fpr_bid"": ""+40300"", ""buy_fpr_req"": ""489"", ""buy_1th_pre_req_pre"": ""0"", ""buy_2th_pre_bid"": ""+40200"", ""buy_2th_pre_req"": ""36"", ""buy_2th_pre_req_pre"": ""0"", ""buy_3th_pre_bid"": ""+40150"", ""buy_3th_pre_req"": ""42"", ""buy_3th_pre_req_pre"": ""0"", ""buy_4th_pre_bid"": ""+40100"", ""buy_4th_pre_req"": ""75"", ""buy_4th_pre_req_pre"": ""0"", ""buy_5th_pre_bid"": ""+40050"", ""buy_5th_pre_req"": ""294"", ""buy_5th_pre_req_pre"": ""0"", ""buy_6th_pre_bid"": ""+40000"", ""buy_6th_pre_req"": ""517"", ""buy_6th_pre_req_pre"": ""0"", ""buy_7th_pre_bid"": ""+39950"", ""buy_7th_pre_req"": ""500"", ""buy_7th_pre_req_pre"": ""0"", ""buy_8th_pre_bid"": ""+39900"", ""buy_8th_pre_req"": ""2"", ""buy_8th_pre_req_pre"": ""0"", ""buy_9th_pre_bid"": ""+39850"", ""buy_9th_pre_req"": ""1"", ""buy_9th_pre_req_pre"": ""0"", ""buy_10th_pre_bid"": ""+39800"", ""buy_10th_pre_req"": ""5"", ""buy_10th_pre_req_pre"": ""0"", ""tot_sel_req_jub_pre"": ""+2"", ""tot_sel_req"": ""1861"", ""tot_buy_req"": ""1961"", ""tot_buy_req_jub_pre"": ""0"", ""ovt_sel_req_pre"": ""0"", ""ovt_sel_req"": ""0"", ""ovt_buy_req"": ""0"", ""ovt_buy_req_pre"": ""0"", ""return_code"": 0, ""return_msg"": ""정상적으로 처리되었습니다""}"
2026-06-10,scan_candidate,462870,,0,main_scan,31350,,31350,31300,31350,31250,-0.4784688995215311,0.1594896331738437,,,,,,"{""bid_req_base_tm"": ""112045"", ""sel_10th_pre_req_pre"": ""0"", ""sel_10th_pre_req"": ""12"", ""sel_10th_pre_bid"": ""-31800"", ""sel_9th_pre_req_pre"": ""0"", ""sel_9th_pre_req"": ""21"", ""sel_9th_pre_bid"": ""-31750"", ""sel_8th_pre_req_pre"": ""0"", ""sel_8th_pre_req"": ""644"", ""sel_8th_pre_bid"": ""-31700"", ""sel_7th_pre_req_pre"": ""0"", ""sel_7th_pre_req"": ""51"", ""sel_7th_pre_bid"": ""-31650"", ""sel_6th_pre_req_pre"": ""0"", ""sel_6th_pre_req"": ""42"", ""sel_6th_pre_bid"": ""-31600"", ""sel_5th_pre_req_pre"": ""0"", ""sel_5th_pre_req"": ""12"", ""sel_5th_pre_bid"": ""-31550"", ""sel_4th_pre_req_pre"": ""0"", ""sel_4th_pre_req"": ""2"", ""sel_4th_pre_bid"": ""-31500"", ""sel_3th_pre_req_pre"": ""0"", ""sel_3th_pre_req"": ""34"", ""sel_3th_pre_bid"": ""-31450"", ""sel_2th_pre_req_pre"": ""0"", ""sel_2th_pre_req"": ""57"", ""sel_2th_pre_bid"": ""-31400"", ""sel_1th_pre_req_pre"": ""--1"", ""sel_fpr_req"": ""79"", ""sel_fpr_bid"": ""-31350"", ""buy_fpr_bid"": ""-31300"", ""buy_fpr_req"": ""32"", ""buy_1th_pre_req_pre"": ""0"", ""buy_2th_pre_bid"": ""-31250"", ""buy_2th_pre_req"": ""44"", ""buy_2th_pre_req_pre"": ""0"", ""buy_3th_pre_bid"": ""-31200"", ""buy_3th_pre_req"": ""29"", ""buy_3th_pre_req_pre"": ""0"", ""buy_4th_pre_bid"": ""-31150"", ""buy_4th_pre_req"": ""40"", ""buy_4th_pre_req_pre"": ""0"", ""buy_5th_pre_bid"": ""-31100"", ""buy_5th_pre_req"": ""71"", ""buy_5th_pre_req_pre"": ""0"", ""buy_6th_pre_bid"": ""-31050"", ""buy_6th_pre_req"": ""73"", ""buy_6th_pre_req_pre"": ""0"", ""buy_7th_pre_bid"": ""-31000"", ""buy_7th_pre_req"": ""312"", ""buy_7th_pre_req_pre"": ""0"", ""buy_8th_pre_bid"": ""-30950"", ""buy_8th_pre_req"": ""42"", ""buy_8th_pre_req_pre"": ""0"", ""buy_9th_pre_bid"": ""-30900"", ""buy_9th_pre_req"": ""152"", ""buy_9th_pre_req_pre"": ""0"", ""buy_10th_pre_bid"": ""-30850"", ""buy_10th_pre_req"": ""32"", ""buy_10th_pre_req_pre"": ""0"", ""tot_sel_req_jub_pre"": ""--1"", ""tot_sel_req"": ""954"", ""tot_buy_req"": ""827"", ""tot_buy_req_jub_pre"": ""0"", ""ovt_sel_req_pre"": ""0"", ""ovt_sel_req"": ""0"", ""ovt_buy_req"": ""0"", ""ovt_buy_req_pre"": ""0"", ""return_code"": 0, ""return_msg"": ""정상적으로 처리되었습니다""}"
2026-06-10,scan_candidate,120110,,0,main_scan,70300,,70300,70100,70300,70500,0.1422475106685633,0.2844950213371266,,,,,,"{""bid_req_base_tm"": ""112045"", ""sel_10th_pre_req_pre"": ""0"", ""sel_10th_pre_req"": ""4"", ""sel_10th_pre_bid"": ""+71200"", ""sel_9th_pre_req_pre"": ""0"", ""sel_9th_pre_req"": ""10"", ""sel_9th_pre_bid"": ""+71100"", ""sel_8th_pre_req_pre"": ""0"", ""sel_8th_pre_req"": ""46"", ""sel_8th_pre_bid"": ""+71000"", ""sel_7th_pre_req_pre"": ""0"", ""sel_7th_pre_req"": ""42"", ""sel_7th_pre_bid"": ""+70900"", ""sel_6th_pre_req_pre"": ""0"", ""sel_6th_pre_req"": ""101"", ""sel_6th_pre_bid"": ""+70800"", ""sel_5th_pre_req_pre"": ""0"", ""sel_5th_pre_req"": ""60"", ""sel_5th_pre_bid"": ""+70700"", ""sel_4th_pre_req_pre"": ""0"", ""sel_4th_pre_req"": ""41"", ""sel_4th_pre_bid"": ""+70600"", ""sel_3th_pre_req_pre"": ""0"", ""sel_3th_pre_req"": ""118"", ""sel_3th_pre_bid"": ""+70500"", ""sel_2th_pre_req_pre"": ""0"", ""sel_2th_pre_req"": ""56"", ""sel_2th_pre_bid"": ""+70400"", ""sel_1th_pre_req_pre"": ""0"", ""sel_fpr_req"": ""212"", ""sel_fpr_bid"": ""+70300"", ""buy_fpr_bid"": ""+70100"", ""buy_fpr_req"": ""245"", ""buy_1th_pre_req_pre"": ""+10"", ""buy_2th_pre_bid"": ""+70000"", ""buy_2th_pre_req"": ""187"", ""buy_2th_pre_req_pre"": ""0"", ""buy_3th_pre_bid"": ""+69900"", ""buy_3th_pre_req"": ""167"", ""buy_3th_pre_req_pre"": ""0"", ""buy_4th_pre_bid"": ""+69800"", ""buy_4th_pre_req"": ""261"", ""buy_4th_pre_req_pre"": ""0"", ""buy_5th_pre_bid"": ""+69700"", ""buy_5th_pre_req"": ""47"", ""buy_5th_pre_req_pre"": ""0"", ""buy_6th_pre_bid"": ""+69600"", ""buy_6th_pre_req"": ""34"", ""buy_6th_pre_req_pre"": ""0"", ""buy_7th_pre_bid"": ""+69500"", ""buy_7th_pre_req"": ""35"", ""buy_7th_pre_req_pre"": ""0"", ""buy_8th_pre_bid"": ""+69400"", ""buy_8th_pre_req"": ""103"", ""buy_8th_pre_req_pre"": ""0"", ""buy_9th_pre_bid"": ""+69300"", ""buy_9th_pre_req"": ""523"", ""buy_9th_pre_req_pre"": ""0"", ""buy_10th_pre_bid"": ""+69200"", ""buy_10th_pre_req"": ""430"", ""buy_10th_pre_req_pre"": ""0"", ""tot_sel_req_jub_pre"": ""0"", ""tot_sel_req"": ""690"", ""tot_buy_req"": ""2032"", ""tot_buy_req_jub_pre"": ""+10"", ""ovt_sel_req_pre"": ""0"", ""ovt_sel_req"": ""0"", ""ovt_buy_req"": ""0"", ""ovt_buy_req_pre"": ""0"", ""return_code"": 0, ""return_msg"": ""정상적으로 처리되었습니다""}"
2026-06-10,scan_candidate,009155,,0,main_scan,597000,,597000,596000,597000,601000,0.5025125628140703,0.16750418760469013,,,,,,"{""bid_req_base_tm"": ""112044"", ""sel_10th_pre_req_pre"": ""0"", ""sel_10th_pre_req"": ""11"", ""sel_10th_pre_bid"": ""-608000"", ""sel_9th_pre_req_pre"": ""0"", ""sel_9th_pre_req"": ""1"", ""sel_9th_pre_bid"": ""-607000"", ""sel_8th_pre_req_pre"": ""0"", ""sel_8th_pre_req"": ""34"", ""sel_8th_pre_bid"": ""-605000"", ""sel_7th_pre_req_pre"": ""0"", ""sel_7th_pre_req"": ""5"", ""sel_7th_pre_bid"": ""-604000"", ""sel_6th_pre_req_pre"": ""0"", ""sel_6th_pre_req"": ""3"", ""sel_6th_pre_bid"": ""-603000"", ""sel_5th_pre_req_pre"": ""0"", ""sel_5th_pre_req"": ""27"", ""sel_5th_pre_bid"": ""-602000"", ""sel_4th_pre_req_pre"": ""0"", ""sel_4th_pre_req"": ""2"", ""sel_4th_pre_bid"": ""-601000"", ""sel_3th_pre_req_pre"": ""0"", ""sel_3th_pre_req"": ""10"", ""sel_3th_pre_bid"": ""-600000"", ""sel_2th_pre_req_pre"": ""0"", ""sel_2th_pre_req"": ""41"", ""sel_2th_pre_bid"": ""-599000"", ""sel_1th_pre_req_pre"": ""0"", ""sel_fpr_req"": ""204"", ""sel_fpr_bid"": ""-597000"", ""buy_fpr_bid"": ""-596000"", ""buy_fpr_req"": ""96"", ""buy_1th_pre_req_pre"": ""+1"", ""buy_2th_pre_bid"": ""-595000"", ""buy_2th_pre_req"": ""329"", ""buy_2th_pre_req_pre"": ""0"", ""buy_3th_pre_bid"": ""-594000"", ""buy_3th_pre_req"": ""85"", ""buy_3th_pre_req_pre"": ""0"", ""buy_4th_pre_bid"": ""-593000"", ""buy_4th_pre_req"": ""104"", ""buy_4th_pre_req_pre"": ""0"", ""buy_5th_pre_bid"": ""-592000"", ""buy_5th_pre_req"": ""38"", ""buy_5th_pre_req_pre"": ""0"", ""buy_6th_pre_bid"": ""-591000"", ""buy_6th_pre_req"": ""192"", ""buy_6th_pre_req_pre"": ""0"", ""buy_7th_pre_bid"": ""-590000"", ""buy_7th_pre_req"": ""415"", ""buy_7th_pre_req_pre"": ""0"", ""buy_8th_pre_bid"": ""-589000"", ""buy_8th_pre_req"": ""71"", ""buy_8th_pre_req_pre"": ""0"", ""buy_9th_pre_bid"": ""-588000"", ""buy_9th_pre_req"": ""87"", ""buy_9th_pre_req_pre"": ""0"", ""buy_10th_pre_bid"": ""-587000"", ""buy_10th_pre_req"": ""46"", ""buy_10th_pre_req_pre"": ""0"", ""tot_sel_req_jub_pre"": ""0"", ""tot_sel_req"": ""338"", ""tot_buy_req"": ""1463"", ""tot_buy_req_jub_pre"": ""+1"", ""ovt_sel_req_pre"": ""0"", ""ovt_sel_req"": ""0"", ""ovt_buy_req"": ""0"", ""ovt_buy_req_pre"": ""0"", ""return_code"": 0, ""return_msg"": ""정상적으로 처리되었습니다""}"
2026-06-10,scan_candidate,192080,,0,main_scan,71400,,71400,71300,71400,71800,0.42016806722689076,0.1400560224089636,,,,,,"{""bid_req_base_tm"": ""112031"", ""sel_10th_pre_req_pre"": ""0"", ""sel_10th_pre_req"": ""161"", ""sel_10th_pre_bid"": ""+72500"", ""sel_9th_pre_req_pre"": ""0"", ""sel_9th_pre_req"": ""128"", ""sel_9th_pre_bid"": ""+72400"", ""sel_8th_pre_req_pre"": ""0"", ""sel_8th_pre_req"": ""10"", ""sel_8th_pre_bid"": ""+72300"", ""sel_7th_pre_req_pre"": ""0"", ""sel_7th_pre_req"": ""10"", ""sel_7th_pre_bid"": ""+72200"", ""sel_6th_pre_req_pre"": ""0"", ""sel_6th_pre_req"": ""6"", ""sel_6th_pre_bid"": ""+72100"", ""sel_5th_pre_req_pre"": ""0"", ""sel_5th_pre_req"": ""5"", ""sel_5th_pre_bid"": ""72000"", ""sel_4th_pre_req_pre"": ""0"", ""sel_4th_pre_req"": ""5"", ""sel_4th_pre_bid"": ""-71800"", ""sel_3th_pre_req_pre"": ""0"", ""sel_3th_pre_req"": ""42"", ""sel_3th_pre_bid"": ""-71600"", ""sel_2th_pre_req_pre"": ""0"", ""sel_2th_pre_req"": ""37"", ""sel_2th_pre_bid"": ""-71500"", ""sel_1th_pre_req_pre"": ""0"", ""sel_fpr_req"": ""3"", ""sel_fpr_bid"": ""-71400"", ""buy_fpr_bid"": ""-71300"", ""buy_fpr_req"": ""331"", ""buy_1th_pre_req_pre"": ""--6"", ""buy_2th_pre_bid"": ""-71200"", ""buy_2th_pre_req"": ""71"", ""buy_2th_pre_req_pre"": ""0"", ""buy_3th_pre_bid"": ""-71100"", ""buy_3th_pre_req"": ""24"", ""buy_3th_pre_req_pre"": ""0"", ""buy_4th_pre_bid"": ""-71000"", ""buy_4th_pre_req"": ""30"", ""buy_4th_pre_req_pre"": ""0"", ""buy_5th_pre_bid"": ""-70900"", ""buy_5th_pre_req"": ""40"", ""buy_5th_pre_req_pre"": ""0"", ""buy_6th_pre_bid"": ""-70800"", ""buy_6th_pre_req"": ""92"", ""buy_6th_pre_req_pre"": ""0"", ""buy_7th_pre_bid"": ""-70700"", ""buy_7th_pre_req"": ""140"", ""buy_7th_pre_req_pre"": ""0"", ""buy_8th_pre_bid"": ""-70600"", ""buy_8th_pre_req"": ""100"", ""buy_8th_pre_req_pre"": ""0"", ""buy_9th_pre_bid"": ""-70500"", ""buy_9th_pre_req"": ""81"", ""buy_9th_pre_req_pre"": ""0"", ""buy_10th_pre_bid"": ""-70400"", ""buy_10th_pre_req"": ""182"", ""buy_10th_pre_req_pre"": ""0"", ""tot_sel_req_jub_pre"": ""0"", ""tot_sel_req"": ""407"", ""tot_buy_req"": ""1091"", ""tot_buy_req_jub_pre"": ""--6"", ""ovt_sel_req_pre"": ""0"", ""ovt_sel_req"": ""0"", ""ovt_buy_req"": ""0"", ""ovt_buy_req_pre"": ""0"", ""return_code"": 0, ""return_msg"": ""정상적으로 처리되었습니다""}"
2026-06-10,scan_candidate,093370,,0,main_scan,16100,,16100,16090,16100,16050,-0.6211180124223602,0.062111801242236024,,,,,,"{""bid_req_base_tm"": ""112045"", ""sel_10th_pre_req_pre"": ""0"", ""sel_10th_pre_req"": ""6093"", ""sel_10th_pre_bid"": ""+16190"", ""sel_9th_pre_req_pre"": ""0"", ""sel_9th_pre_req"": ""6172"", ""sel_9th_pre_bid"": ""+16180"", ""sel_8th_pre_req_pre"": ""0"", ""sel_8th_pre_req"": ""5618"", ""sel_8th_pre_bid"": ""+16170"", ""sel_7th_pre_req_pre"": ""0"", ""sel_7th_pre_req"": ""2401"", ""sel_7th_pre_bid"": ""+16160"", ""sel_6th_pre_req_pre"": ""0"", ""sel_6th_pre_req"": ""3291"", ""sel_6th_pre_bid"": ""+16150"", ""sel_5th_pre_req_pre"": ""0"", ""sel_5th_pre_req"": ""7147"", ""sel_5th_pre_bid"": ""+16140"", ""sel_4th_pre_req_pre"": ""0"", ""sel_4th_pre_req"": ""1930"", ""sel_4th_pre_bid"": ""+16130"", ""sel_3th_pre_req_pre"": ""0"", ""sel_3th_pre_req"": ""2060"", ""sel_3th_pre_bid"": ""+16120"", ""sel_2th_pre_req_pre"": ""0"", ""sel_2th_pre_req"": ""1267"", ""sel_2th_pre_bid"": ""+16110"", ""sel_1th_pre_req_pre"": ""0"", ""sel_fpr_req"": ""1595"", ""sel_fpr_bid"": ""+16100"", ""buy_fpr_bid"": ""+16090"", ""buy_fpr_req"": ""3520"", ""buy_1th_pre_req_pre"": ""0"", ""buy_2th_pre_bid"": ""+16080"", ""buy_2th_pre_req"": ""5103"", ""buy_2th_pre_req_pre"": ""0"", ""buy_3th_pre_bid"": ""+16070"", ""buy_3th_pre_req"": ""3305"", ""buy_3th_pre_req_pre"": ""0"", ""buy_4th_pre_bid"": ""+16060"", ""buy_4th_pre_req"": ""93"", ""buy_4th_pre_req_pre"": ""0"", ""buy_5th_pre_bid"": ""+16050"", ""buy_5th_pre_req"": ""678"", ""buy_5th_pre_req_pre"": ""0"", ""buy_6th_pre_bid"": ""+16040"", ""buy_6th_pre_req"": ""125"", ""buy_6th_pre_req_pre"": ""0"", ""buy_7th_pre_bid"": ""+16030"", ""buy_7th_pre_req"": ""500"", ""buy_7th_pre_req_pre"": ""0"", ""buy_8th_pre_bid"": ""+16020"", ""buy_8th_pre_req"": ""299"", ""buy_8th_pre_req_pre"": ""0"", ""buy_9th_pre_bid"": ""+16010"", ""buy_9th_pre_req"": ""1146"", ""buy_9th_pre_req_pre"": ""0"", ""buy_10th_pre_bid"": ""+16000"", ""buy_10th_pre_req"": ""6174"", ""buy_10th_pre_req_pre"": ""0"", ""tot_sel_req_jub_pre"": ""0"", ""tot_sel_req"": ""37574"", ""tot_buy_req"": ""20943"", ""tot_buy_req_jub_pre"": ""0"", ""ovt_sel_req_pre"": ""0"", ""ovt_sel_req"": ""0"", ""ovt_buy_req"": ""0"", ""ovt_buy_req_pre"": ""0"", ""return_code"": 0, ""return_msg"": ""정상적으로 처리되었습니다""}"
2026-06-10,scan_candidate,066575,,0,main_scan,78600,,78600,78400,78600,78800,0.1272264631043257,0.2544529262086514,,,,,,"{""bid_req_base_tm"": ""112045"", ""sel_10th_pre_req_pre"": ""0"", ""sel_10th_pre_req"": ""9"", ""sel_10th_pre_bid"": ""-79700"", ""sel_9th_pre_req_pre"": ""0"", ""sel_9th_pre_req"": ""1"", ""sel_9th_pre_bid"": ""-79600"", ""sel_8th_pre_req_pre"": ""0"", ""sel_8th_pre_req"": ""6"", ""sel_8th_pre_bid"": ""-79500"", ""sel_7th_pre_req_pre"": ""0"", ""sel_7th_pre_req"": ""202"", ""sel_7th_pre_bid"": ""-79300"", ""sel_6th_pre_req_pre"": ""0"", ""sel_6th_pre_req"": ""1"", ""sel_6th_pre_bid"": ""-79200"", ""sel_5th_pre_req_pre"": ""0"", ""sel_5th_pre_req"": ""326"", ""sel_5th_pre_bid"": ""-79000"", ""sel_4th_pre_req_pre"": ""0"", ""sel_4th_pre_req"": ""49"", ""sel_4th_pre_bid"": ""-78900"", ""sel_3th_pre_req_pre"": ""0"", ""sel_3th_pre_req"": ""12"", ""sel_3th_pre_bid"": ""-78800"", ""sel_2th_pre_req_pre"": ""0"", ""sel_2th_pre_req"": ""760"", ""sel_2th_pre_bid"": ""-78700"", ""sel_1th_pre_req_pre"": ""0"", ""sel_fpr_req"": ""6"", ""sel_fpr_bid"": ""-78600"", ""buy_fpr_bid"": ""-78400"", ""buy_fpr_req"": ""15"", ""buy_1th_pre_req_pre"": ""0"", ""buy_2th_pre_bid"": ""-78300"", ""buy_2th_pre_req"": ""94"", ""buy_2th_pre_req_pre"": ""0"", ""buy_3th_pre_bid"": ""-78200"", ""buy_3th_pre_req"": ""140"", ""buy_3th_pre_req_pre"": ""+26"", ""buy_4th_pre_bid"": ""-78100"", ""buy_4th_pre_req"": ""111"", ""buy_4th_pre_req_pre"": ""0"", ""buy_5th_pre_bid"": ""-78000"", ""buy_5th_pre_req"": ""738"", ""buy_5th_pre_req_pre"": ""0"", ""buy_6th_pre_bid"": ""-77900"", ""buy_6th_pre_req"": ""845"", ""buy_6th_pre_req_pre"": ""0"", ""buy_7th_pre_bid"": ""-77800"", ""buy_7th_pre_req"": ""1433"", ""buy_7th_pre_req_pre"": ""0"", ""buy_8th_pre_bid"": ""-77700"", ""buy_8th_pre_req"": ""531"", ""buy_8th_pre_req_pre"": ""0"", ""buy_9th_pre_bid"": ""-77600"", ""buy_9th_pre_req"": ""268"", ""buy_9th_pre_req_pre"": ""0"", ""buy_10th_pre_bid"": ""-77500"", ""buy_10th_pre_req"": ""1166"", ""buy_10th_pre_req_pre"": ""0"", ""tot_sel_req_jub_pre"": ""0"", ""tot_sel_req"": ""1372"", ""tot_buy_req"": ""5341"", ""tot_buy_req_jub_pre"": ""+26"", ""ovt_sel_req_pre"": ""0"", ""ovt_sel_req"": ""0"", ""ovt_buy_req"": ""0"", ""ovt_buy_req_pre"": ""0"", ""return_code"": 0, ""return_msg"": ""정상적으로 처리되었습니다""}"
2026-06-10,scan_candidate,181710,,0,main_scan,40400,,40400,40350,40400,40650,0.49504950495049505,0.12376237623762376,,,,,,"{""bid_req_base_tm"": ""112045"", ""sel_10th_pre_req_pre"": ""0"", ""sel_10th_pre_req"": ""13"", ""sel_10th_pre_bid"": ""-41150"", ""sel_9th_pre_req_pre"": ""0"", ""sel_9th_pre_req"": ""10"", ""sel_9th_pre_bid"": ""-41100"", ""sel_8th_pre_req_pre"": ""0"", ""sel_8th_pre_req"": ""70"", ""sel_8th_pre_bid"": ""-41050"", ""sel_7th_pre_req_pre"": ""0"", ""sel_7th_pre_req"": ""60"", ""sel_7th_pre_bid"": ""-41000"", ""sel_6th_pre_req_pre"": ""0"", ""sel_6th_pre_req"": ""50"", ""sel_6th_pre_bid"": ""-40950"", ""sel_5th_pre_req_pre"": ""0"", ""sel_5th_pre_req"": ""24"", ""sel_5th_pre_bid"": ""-40750"", ""sel_4th_pre_req_pre"": ""0"", ""sel_4th_pre_req"": ""4"", ""sel_4th_pre_bid"": ""-40600"", ""sel_3th_pre_req_pre"": ""0"", ""sel_3th_pre_req"": ""415"", ""sel_3th_pre_bid"": ""-40500"", ""sel_2th_pre_req_pre"": ""0"", ""sel_2th_pre_req"": ""359"", ""sel_2th_pre_bid"": ""-40450"", ""sel_1th_pre_req_pre"": ""+50"", ""sel_fpr_req"": ""63"", ""sel_fpr_bid"": ""-40400"", ""buy_fpr_bid"": ""-40350"", ""buy_fpr_req"": ""72"", ""buy_1th_pre_req_pre"": ""0"", ""buy_2th_pre_bid"": ""-40300"", ""buy_2th_pre_req"": ""41"", ""buy_2th_pre_req_pre"": ""0"", ""buy_3th_pre_bid"": ""-40250"", ""buy_3th_pre_req"": ""283"", ""buy_3th_pre_req_pre"": ""0"", ""buy_4th_pre_bid"": ""-40200"", ""buy_4th_pre_req"": ""165"", ""buy_4th_pre_req_pre"": ""+14"", ""buy_5th_pre_bid"": ""-40150"", ""buy_5th_pre_req"": ""1222"", ""buy_5th_pre_req_pre"": ""0"", ""buy_6th_pre_bid"": ""-40100"", ""buy_6th_pre_req"": ""443"", ""buy_6th_pre_req_pre"": ""0"", ""buy_7th_pre_bid"": ""-40050"", ""buy_7th_pre_req"": ""127"", ""buy_7th_pre_req_pre"": ""0"", ""buy_8th_pre_bid"": ""-40000"", ""buy_8th_pre_req"": ""678"", ""buy_8th_pre_req_pre"": ""0"", ""buy_9th_pre_bid"": ""-39950"", ""buy_9th_pre_req"": ""546"", ""buy_9th_pre_req_pre"": ""0"", ""buy_10th_pre_bid"": ""-39900"", ""buy_10th_pre_req"": ""413"", ""buy_10th_pre_req_pre"": ""0"", ""tot_sel_req_jub_pre"": ""+50"", ""tot_sel_req"": ""1068"", ""tot_buy_req"": ""3990"", ""tot_buy_req_jub_pre"": ""+14"", ""ovt_sel_req_pre"": ""0"", ""ovt_sel_req"": ""0"", ""ovt_buy_req"": ""0"", ""ovt_buy_req_pre"": ""0"", ""return_code"": 0, ""return_msg"": ""정상적으로 처리되었습니다""}"
2026-06-10,scan_candidate,034230,,0,main_scan,15370,,15370,15360,15370,15300,-0.7807417046193884,0.06506180871828238,,,,,,"{""bid_req_base_tm"": ""112044"", ""sel_10th_pre_req_pre"": ""0"", ""sel_10th_pre_req"": ""1101"", ""sel_10th_pre_bid"": ""+15470"", ""sel_9th_pre_req_pre"": ""0"", ""sel_9th_pre_req"": ""110"", ""sel_9th_pre_bid"": ""+15460"", ""sel_8th_pre_req_pre"": ""0"", ""sel_8th_pre_req"": ""282"", ""sel_8th_pre_bid"": ""+15450"", ""sel_7th_pre_req_pre"": ""0"", ""sel_7th_pre_req"": ""6"", ""sel_7th_pre_bid"": ""+15440"", ""sel_6th_pre_req_pre"": ""0"", ""sel_6th_pre_req"": ""3930"", ""sel_6th_pre_bid"": ""+15420"", ""sel_5th_pre_req_pre"": ""0"", ""sel_5th_pre_req"": ""15"", ""sel_5th_pre_bid"": ""+15410"", ""sel_4th_pre_req_pre"": ""0"", ""sel_4th_pre_req"": ""5336"", ""sel_4th_pre_bid"": ""+15400"", ""sel_3th_pre_req_pre"": ""0"", ""sel_3th_pre_req"": ""1489"", ""sel_3th_pre_bid"": ""+15390"", ""sel_2th_pre_req_pre"": ""+4"", ""sel_2th_pre_req"": ""555"", ""sel_2th_pre_bid"": ""+15380"", ""sel_1th_pre_req_pre"": ""+17"", ""sel_fpr_req"": ""300"", ""sel_fpr_bid"": ""+15370"", ""buy_fpr_bid"": ""+15360"", ""buy_fpr_req"": ""29"", ""buy_1th_pre_req_pre"": ""0"", ""buy_2th_pre_bid"": ""+15350"", ""buy_2th_pre_req"": ""31"", ""buy_2th_pre_req_pre"": ""0"", ""buy_3th_pre_bid"": ""+15340"", ""buy_3th_pre_req"": ""1"", ""buy_3th_pre_req_pre"": ""0"", ""buy_4th_pre_bid"": ""+15330"", ""buy_4th_pre_req"": ""99"", ""buy_4th_pre_req_pre"": ""0"", ""buy_5th_pre_bid"": ""+15320"", ""buy_5th_pre_req"": ""124"", ""buy_5th_pre_req_pre"": ""0"", ""buy_6th_pre_bid"": ""+15310"", ""buy_6th_pre_req"": ""366"", ""buy_6th_pre_req_pre"": ""0"", ""buy_7th_pre_bid"": ""+15300"", ""buy_7th_pre_req"": ""108"", ""buy_7th_pre_req_pre"": ""0"", ""buy_8th_pre_bid"": ""+15290"", ""buy_8th_pre_req"": ""100"", ""buy_8th_pre_req_pre"": ""0"", ""buy_9th_pre_bid"": ""+15280"", ""buy_9th_pre_req"": ""11"", ""buy_9th_pre_req_pre"": ""0"", ""buy_10th_pre_bid"": ""+15270"", ""buy_10th_pre_req"": ""80"", ""buy_10th_pre_req_pre"": ""0"", ""tot_sel_req_jub_pre"": ""+21"", ""tot_sel_req"": ""13124"", ""tot_buy_req"": ""949"", ""tot_buy_req_jub_pre"": ""0"", ""ovt_sel_req_pre"": ""0"", ""ovt_sel_req"": ""0"", ""ovt_buy_req"": ""0"", ""ovt_buy_req_pre"": ""0"", ""return_code"": 0, ""return_msg"": ""정상적으로 처리되었습니다""}"
2026-06-10,scan_candidate,281820,,0,main_scan,66800,,66800,66700,66800,67200,0.4491017964071856,0.14970059880239522,,,,,,"{""bid_req_base_tm"": ""112044"", ""sel_10th_pre_req_pre"": ""0"", ""sel_10th_pre_req"": ""34"", ""sel_10th_pre_bid"": ""+67900"", ""sel_9th_pre_req_pre"": ""0"", ""sel_9th_pre_req"": ""1"", ""sel_9th_pre_bid"": ""+67700"", ""sel_8th_pre_req_pre"": ""0"", ""sel_8th_pre_req"": ""141"", ""sel_8th_pre_bid"": ""+67500"", ""sel_7th_pre_req_pre"": ""0"", ""sel_7th_pre_req"": ""50"", ""sel_7th_pre_bid"": ""+67400"", ""sel_6th_pre_req_pre"": ""0"", ""sel_6th_pre_req"": ""11"", ""sel_6th_pre_bid"": ""+67300"", ""sel_5th_pre_req_pre"": ""0"", ""sel_5th_pre_req"": ""2"", ""sel_5th_pre_bid"": ""+67200"", ""sel_4th_pre_req_pre"": ""0"", ""sel_4th_pre_req"": ""33"", ""sel_4th_pre_bid"": ""+67100"", ""sel_3th_pre_req_pre"": ""0"", ""sel_3th_pre_req"": ""19"", ""sel_3th_pre_bid"": ""+67000"", ""sel_2th_pre_req_pre"": ""0"", ""sel_2th_pre_req"": ""1"", ""sel_2th_pre_bid"": ""+66900"", ""sel_1th_pre_req_pre"": ""--1"", ""sel_fpr_req"": ""23"", ""sel_fpr_bid"": ""+66800"", ""buy_fpr_bid"": ""+66700"", ""buy_fpr_req"": ""40"", ""buy_1th_pre_req_pre"": ""0"", ""buy_2th_pre_bid"": ""+66600"", ""buy_2th_pre_req"": ""25"", ""buy_2th_pre_req_pre"": ""0"", ""buy_3th_pre_bid"": ""+66500"", ""buy_3th_pre_req"": ""465"", ""buy_3th_pre_req_pre"": ""0"", ""buy_4th_pre_bid"": ""66400"", ""buy_4th_pre_req"": ""14"", ""buy_4th_pre_req_pre"": ""0"", ""buy_5th_pre_bid"": ""-66300"", ""buy_5th_pre_req"": ""9"", ""buy_5th_pre_req_pre"": ""0"", ""buy_6th_pre_bid"": ""-66200"", ""buy_6th_pre_req"": ""138"", ""buy_6th_pre_req_pre"": ""0"", ""buy_7th_pre_bid"": ""-66100"", ""buy_7th_pre_req"": ""65"", ""buy_7th_pre_req_pre"": ""0"", ""buy_8th_pre_bid"": ""-66000"", ""buy_8th_pre_req"": ""163"", ""buy_8th_pre_req_pre"": ""0"", ""buy_9th_pre_bid"": ""-65900"", ""buy_9th_pre_req"": ""1"", ""buy_9th_pre_req_pre"": ""0"", ""buy_10th_pre_bid"": ""-65800"", ""buy_10th_pre_req"": ""155"", ""buy_10th_pre_req_pre"": ""0"", ""tot_sel_req_jub_pre"": ""--1"", ""tot_sel_req"": ""315"", ""tot_buy_req"": ""1075"", ""tot_buy_req_jub_pre"": ""0"", ""ovt_sel_req_pre"": ""0"", ""ovt_sel_req"": ""0"", ""ovt_buy_req"": ""0"", ""ovt_buy_req_pre"": ""0"", ""return_code"": 0, ""return_msg"": ""정상적으로 처리되었습니다""}"
2026-06-10,scan_candidate,001820,,0,main_scan,115300,,115300,115200,115300,115500,-0.26019080659150046,0.08673026886383348,,,,,,"{""bid_req_base_tm"": ""112046"", ""sel_10th_pre_req_pre"": ""0"", ""sel_10th_pre_req"": ""61"", ""sel_10th_pre_bid"": ""-116600"", ""sel_9th_pre_req_pre"": ""0"", ""sel_9th_pre_req"": ""84"", ""sel_9th_pre_bid"": ""-116500"", ""sel_8th_pre_req_pre"": ""0"", ""sel_8th_pre_req"": ""43"", ""sel_8th_pre_bid"": ""-116400"", ""sel_7th_pre_req_pre"": ""0"", ""sel_7th_pre_req"": ""6"", ""sel_7th_pre_bid"": ""-116300"", ""sel_6th_pre_req_pre"": ""0"", ""sel_6th_pre_req"": ""6"", ""sel_6th_pre_bid"": ""-116100"", ""sel_5th_pre_req_pre"": ""0"", ""sel_5th_pre_req"": ""1"", ""sel_5th_pre_bid"": ""-116000"", ""sel_4th_pre_req_pre"": ""0"", ""sel_4th_pre_req"": ""16"", ""sel_4th_pre_bid"": ""-115700"", ""sel_3th_pre_req_pre"": ""0"", ""sel_3th_pre_req"": ""55"", ""sel_3th_pre_bid"": ""-115600"", ""sel_2th_pre_req_pre"": ""0"", ""sel_2th_pre_req"": ""191"", ""sel_2th_pre_bid"": ""-115500"", ""sel_1th_pre_req_pre"": ""0"", ""sel_fpr_req"": ""1"", ""sel_fpr_bid"": ""-115300"", ""buy_fpr_bid"": ""-115200"", ""buy_fpr_req"": ""240"", ""buy_1th_pre_req_pre"": ""0"", ""buy_2th_pre_bid"": ""-115100"", ""buy_2th_pre_req"": ""312"", ""buy_2th_pre_req_pre"": ""0"", ""buy_3th_pre_bid"": ""-115000"", ""buy_3th_pre_req"": ""1199"", ""buy_3th_pre_req_pre"": ""0"", ""buy_4th_pre_bid"": ""-114900"", ""buy_4th_pre_req"": ""314"", ""buy_4th_pre_req_pre"": ""0"", ""buy_5th_pre_bid"": ""-114800"", ""buy_5th_pre_req"": ""670"", ""buy_5th_pre_req_pre"": ""0"", ""buy_6th_pre_bid"": ""-114700"", ""buy_6th_pre_req"": ""1321"", ""buy_6th_pre_req_pre"": ""0"", ""buy_7th_pre_bid"": ""-114600"", ""buy_7th_pre_req"": ""28"", ""buy_7th_pre_req_pre"": ""0"", ""buy_8th_pre_bid"": ""-114500"", ""buy_8th_pre_req"": ""452"", ""buy_8th_pre_req_pre"": ""0"", ""buy_9th_pre_bid"": ""-114400"", ""buy_9th_pre_req"": ""105"", ""buy_9th_pre_req_pre"": ""0"", ""buy_10th_pre_bid"": ""-114300"", ""buy_10th_pre_req"": ""70"", ""buy_10th_pre_req_pre"": ""0"", ""tot_sel_req_jub_pre"": ""+25"", ""tot_sel_req"": ""464"", ""tot_buy_req"": ""4711"", ""tot_buy_req_jub_pre"": ""0"", ""ovt_sel_req_pre"": ""0"", ""ovt_sel_req"": ""0"", ""ovt_buy_req"": ""0"", ""ovt_buy_req_pre"": ""0"", ""return_code"": 0, ""return_msg"": ""정상적으로 처리되었습니다""}"
2026-06-10,scan_candidate,000815,,0,main_scan,400000,,400000,399500,400000,399500,-0.25,0.125,,,,,,"{""bid_req_base_tm"": ""112046"", ""sel_10th_pre_req_pre"": ""0"", ""sel_10th_pre_req"": ""61"", ""sel_10th_pre_bid"": ""-405000"", ""sel_9th_pre_req_pre"": ""0"", ""sel_9th_pre_req"": ""190"", ""sel_9th_pre_bid"": ""-404500"", ""sel_8th_pre_req_pre"": ""0"", ""sel_8th_pre_req"": ""99"", ""sel_8th_pre_bid"": ""-404000"", ""sel_7th_pre_req_pre"": ""0"", ""sel_7th_pre_req"": ""79"", ""sel_7th_pre_bid"": ""-403500"", ""sel_6th_pre_req_pre"": ""0"", ""sel_6th_pre_req"": ""93"", ""sel_6th_pre_bid"": ""-403000"", ""sel_5th_pre_req_pre"": ""0"", ""sel_5th_pre_req"": ""2"", ""sel_5th_pre_bid"": ""-402500"", ""sel_4th_pre_req_pre"": ""+1"", ""sel_4th_pre_req"": ""269"", ""sel_4th_pre_bid"": ""-401500"", ""sel_3th_pre_req_pre"": ""0"", ""sel_3th_pre_req"": ""126"", ""sel_3th_pre_bid"": ""-401000"", ""sel_2th_pre_req_pre"": ""0"", ""sel_2th_pre_req"": ""10"", ""sel_2th_pre_bid"": ""-400500"", ""sel_1th_pre_req_pre"": ""0"", ""sel_fpr_req"": ""72"", ""sel_fpr_bid"": ""-400000"", ""buy_fpr_bid"": ""-399500"", ""buy_fpr_req"": ""9"", ""buy_1th_pre_req_pre"": ""0"", ""buy_2th_pre_bid"": ""-399000"", ""buy_2th_pre_req"": ""151"", ""buy_2th_pre_req_pre"": ""0"", ""buy_3th_pre_bid"": ""-398500"", ""buy_3th_pre_req"": ""17"", ""buy_3th_pre_req_pre"": ""0"", ""buy_4th_pre_bid"": ""-398000"", ""buy_4th_pre_req"": ""61"", ""buy_4th_pre_req_pre"": ""0"", ""buy_5th_pre_bid"": ""-397500"", ""buy_5th_pre_req"": ""159"", ""buy_5th_pre_req_pre"": ""0"", ""buy_6th_pre_bid"": ""-397000"", ""buy_6th_pre_req"": ""88"", ""buy_6th_pre_req_pre"": ""0"", ""buy_7th_pre_bid"": ""-396500"", ""buy_7th_pre_req"": ""17"", ""buy_7th_pre_req_pre"": ""0"", ""buy_8th_pre_bid"": ""-396000"", ""buy_8th_pre_req"": ""45"", ""buy_8th_pre_req_pre"": ""0"", ""buy_9th_pre_bid"": ""-395500"", ""buy_9th_pre_req"": ""18"", ""buy_9th_pre_req_pre"": ""0"", ""buy_10th_pre_bid"": ""-395000"", ""buy_10th_pre_req"": ""118"", ""buy_10th_pre_req_pre"": ""0"", ""tot_sel_req_jub_pre"": ""+1"", ""tot_sel_req"": ""1001"", ""tot_buy_req"": ""683"", ""tot_buy_req_jub_pre"": ""0"", ""ovt_sel_req_pre"": ""0"", ""ovt_sel_req"": ""0"", ""ovt_buy_req"": ""0"", ""ovt_buy_req_pre"": ""0"", ""return_code"": 0, ""return_msg"": ""정상적으로 처리되었습니다""}"
2026-06-10,scan_candidate,499790,,0,main_scan,51500,,51500,51400,51500,51600,0.0,0.1941747572815534,,,,,,"{""bid_req_base_tm"": ""112046"", ""sel_10th_pre_req_pre"": ""0"", ""sel_10th_pre_req"": ""1888"", ""sel_10th_pre_bid"": ""+52400"", ""sel_9th_pre_req_pre"": ""0"", ""sel_9th_pre_req"": ""364"", ""sel_9th_pre_bid"": ""+52300"", ""sel_8th_pre_req_pre"": ""0"", ""sel_8th_pre_req"": ""252"", ""sel_8th_pre_bid"": ""+52200"", ""sel_7th_pre_req_pre"": ""0"", ""sel_7th_pre_req"": ""238"", ""sel_7th_pre_bid"": ""+52100"", ""sel_6th_pre_req_pre"": ""0"", ""sel_6th_pre_req"": ""674"", ""sel_6th_pre_bid"": ""+52000"", ""sel_5th_pre_req_pre"": ""0"", ""sel_5th_pre_req"": ""195"", ""sel_5th_pre_bid"": ""+51900"", ""sel_4th_pre_req_pre"": ""0"", ""sel_4th_pre_req"": ""585"", ""sel_4th_pre_bid"": ""+51800"", ""sel_3th_pre_req_pre"": ""0"", ""sel_3th_pre_req"": ""366"", ""sel_3th_pre_bid"": ""+51700"", ""sel_2th_pre_req_pre"": ""0"", ""sel_2th_pre_req"": ""348"", ""sel_2th_pre_bid"": ""+51600"", ""sel_1th_pre_req_pre"": ""0"", ""sel_fpr_req"": ""16"", ""sel_fpr_bid"": ""+51500"", ""buy_fpr_bid"": ""+51400"", ""buy_fpr_req"": ""176"", ""buy_1th_pre_req_pre"": ""0"", ""buy_2th_pre_bid"": ""+51300"", ""buy_2th_pre_req"": ""99"", ""buy_2th_pre_req_pre"": ""0"", ""buy_3th_pre_bid"": ""+51200"", ""buy_3th_pre_req"": ""143"", ""buy_3th_pre_req_pre"": ""0"", ""buy_4th_pre_bid"": ""+51100"", ""buy_4th_pre_req"": ""1495"", ""buy_4th_pre_req_pre"": ""0"", ""buy_5th_pre_bid"": ""+51000"", ""buy_5th_pre_req"": ""17"", ""buy_5th_pre_req_pre"": ""0"", ""buy_6th_pre_bid"": ""+50900"", ""buy_6th_pre_req"": ""42"", ""buy_6th_pre_req_pre"": ""0"", ""buy_7th_pre_bid"": ""+50800"", ""buy_7th_pre_req"": ""3645"", ""buy_7th_pre_req_pre"": ""0"", ""buy_8th_pre_bid"": ""+50700"", ""buy_8th_pre_req"": ""16"", ""buy_8th_pre_req_pre"": ""0"", ""buy_9th_pre_bid"": ""+50600"", ""buy_9th_pre_req"": ""1"", ""buy_9th_pre_req_pre"": ""0"", ""buy_10th_pre_bid"": ""+50500"", ""buy_10th_pre_req"": ""38"", ""buy_10th_pre_req_pre"": ""0"", ""tot_sel_req_jub_pre"": ""0"", ""tot_sel_req"": ""4926"", ""tot_buy_req"": ""5672"", ""tot_buy_req_jub_pre"": ""0"", ""ovt_sel_req_pre"": ""0"", ""ovt_sel_req"": ""0"", ""ovt_buy_req"": ""0"", ""ovt_buy_req_pre"": ""0"", ""return_code"": 0, ""return_msg"": ""정상적으로 처리되었습니다""}"
2026-06-10,scan_candidate,003160,,0,main_scan,28050,,28050,27900,28050,28000,-0.35650623885918004,0.53475935828877,,,,,,"{""bid_req_base_tm"": ""112047"", ""sel_10th_pre_req_pre"": ""0"", ""sel_10th_pre_req"": ""44"", ""sel_10th_pre_bid"": ""+28550"", ""sel_9th_pre_req_pre"": ""0"", ""sel_9th_pre_req"": ""6"", ""sel_9th_pre_bid"": ""+28500"", ""sel_8th_pre_req_pre"": ""0"", ""sel_8th_pre_req"": ""2070"", ""sel_8th_pre_bid"": ""+28400"", ""sel_7th_pre_req_pre"": ""0"", ""sel_7th_pre_req"": ""111"", ""sel_7th_pre_bid"": ""+28350"", ""sel_6th_pre_req_pre"": ""0"", ""sel_6th_pre_req"": ""203"", ""sel_6th_pre_bid"": ""+28300"", ""sel_5th_pre_req_pre"": ""0"", ""sel_5th_pre_req"": ""100"", ""sel_5th_pre_bid"": ""+28250"", ""sel_4th_pre_req_pre"": ""0"", ""sel_4th_pre_req"": ""112"", ""sel_4th_pre_bid"": ""+28200"", ""sel_3th_pre_req_pre"": ""0"", ""sel_3th_pre_req"": ""133"", ""sel_3th_pre_bid"": ""+28150"", ""sel_2th_pre_req_pre"": ""0"", ""sel_2th_pre_req"": ""83"", ""sel_2th_pre_bid"": ""+28100"", ""sel_1th_pre_req_pre"": ""--5"", ""sel_fpr_req"": ""177"", ""sel_fpr_bid"": ""28050"", ""buy_fpr_bid"": ""-27900"", ""buy_fpr_req"": ""163"", ""buy_1th_pre_req_pre"": ""0"", ""buy_2th_pre_bid"": ""-27850"", ""buy_2th_pre_req"": ""497"", ""buy_2th_pre_req_pre"": ""0"", ""buy_3th_pre_bid"": ""-27800"", ""buy_3th_pre_req"": ""418"", ""buy_3th_pre_req_pre"": ""0"", ""buy_4th_pre_bid"": ""-27750"", ""buy_4th_pre_req"": ""978"", ""buy_4th_pre_req_pre"": ""0"", ""buy_5th_pre_bid"": ""-27700"", ""buy_5th_pre_req"": ""168"", ""buy_5th_pre_req_pre"": ""0"", ""buy_6th_pre_bid"": ""-27650"", ""buy_6th_pre_req"": ""128"", ""buy_6th_pre_req_pre"": ""0"", ""buy_7th_pre_bid"": ""-27600"", ""buy_7th_pre_req"": ""299"", ""buy_7th_pre_req_pre"": ""0"", ""buy_8th_pre_bid"": ""-27550"", ""buy_8th_pre_req"": ""309"", ""buy_8th_pre_req_pre"": ""0"", ""buy_9th_pre_bid"": ""-27500"", ""buy_9th_pre_req"": ""1160"", ""buy_9th_pre_req_pre"": ""0"", ""buy_10th_pre_bid"": ""-27450"", ""buy_10th_pre_req"": ""119"", ""buy_10th_pre_req_pre"": ""0"", ""tot_sel_req_jub_pre"": ""--5"", ""tot_sel_req"": ""3039"", ""tot_buy_req"": ""4239"", ""tot_buy_req_jub_pre"": ""0"", ""ovt_sel_req_pre"": ""0"", ""ovt_sel_req"": ""0"", ""ovt_buy_req"": ""0"", ""ovt_buy_req_pre"": ""0"", ""return_code"": 0, ""return_msg"": ""정상적으로 처리되었습니다""}"
2026-06-10,scan_candidate,000370,,0,main_scan,6530,,6530,6520,6530,6520,-0.3062787136294028,0.1531393568147014,,,,,,"{""bid_req_base_tm"": ""112044"", ""sel_10th_pre_req_pre"": ""0"", ""sel_10th_pre_req"": ""940"", ""sel_10th_pre_bid"": ""+6620"", ""sel_9th_pre_req_pre"": ""0"", ""sel_9th_pre_req"": ""1003"", ""sel_9th_pre_bid"": ""+6610"", ""sel_8th_pre_req_pre"": ""0"", ""sel_8th_pre_req"": ""1523"", ""sel_8th_pre_bid"": ""+6600"", ""sel_7th_pre_req_pre"": ""0"", ""sel_7th_pre_req"": ""312"", ""sel_7th_pre_bid"": ""+6590"", ""sel_6th_pre_req_pre"": ""0"", ""sel_6th_pre_req"": ""112"", ""sel_6th_pre_bid"": ""+6580"", ""sel_5th_pre_req_pre"": ""0"", ""sel_5th_pre_req"": ""753"", ""sel_5th_pre_bid"": ""+6570"", ""sel_4th_pre_req_pre"": ""0"", ""sel_4th_pre_req"": ""104"", ""sel_4th_pre_bid"": ""+6560"", ""sel_3th_pre_req_pre"": ""0"", ""sel_3th_pre_req"": ""175"", ""sel_3th_pre_bid"": ""+6550"", ""sel_2th_pre_req_pre"": ""0"", ""sel_2th_pre_req"": ""1063"", ""sel_2th_pre_bid"": ""+6540"", ""sel_1th_pre_req_pre"": ""0"", ""sel_fpr_req"": ""159"", ""sel_fpr_bid"": ""+6530"", ""buy_fpr_bid"": ""+6520"", ""buy_fpr_req"": ""66"", ""buy_1th_pre_req_pre"": ""0"", ""buy_2th_pre_bid"": ""+6510"", ""buy_2th_pre_req"": ""30"", ""buy_2th_pre_req_pre"": ""0"", ""buy_3th_pre_bid"": ""+6500"", ""buy_3th_pre_req"": ""763"", ""buy_3th_pre_req_pre"": ""+2"", ""buy_4th_pre_bid"": ""+6490"", ""buy_4th_pre_req"": ""622"", ""buy_4th_pre_req_pre"": ""0"", ""buy_5th_pre_bid"": ""+6480"", ""buy_5th_pre_req"": ""509"", ""buy_5th_pre_req_pre"": ""0"", ""buy_6th_pre_bid"": ""+6470"", ""buy_6th_pre_req"": ""704"", ""buy_6th_pre_req_pre"": ""0"", ""buy_7th_pre_bid"": ""+6460"", ""buy_7th_pre_req"": ""717"", ""buy_7th_pre_req_pre"": ""0"", ""buy_8th_pre_bid"": ""6450"", ""buy_8th_pre_req"": ""901"", ""buy_8th_pre_req_pre"": ""0"", ""buy_9th_pre_bid"": ""-6440"", ""buy_9th_pre_req"": ""213"", ""buy_9th_pre_req_pre"": ""0"", ""buy_10th_pre_bid"": ""-6430"", ""buy_10th_pre_req"": ""1608"", ""buy_10th_pre_req_pre"": ""0"", ""tot_sel_req_jub_pre"": ""0"", ""tot_sel_req"": ""6144"", ""tot_buy_req"": ""6133"", ""tot_buy_req_jub_pre"": ""+2"", ""ovt_sel_req_pre"": ""0"", ""ovt_sel_req"": ""0"", ""ovt_buy_req"": ""0"", ""ovt_buy_req_pre"": ""0"", ""return_code"": 0, ""return_msg"": ""정상적으로 처리되었습니다""}"
2026-06-10,scan_candidate,114090,,0,main_scan,12100,,12100,12090,12100,12050,-0.8264462809917356,0.08264462809917356,,,,,,"{""bid_req_base_tm"": ""112046"", ""sel_10th_pre_req_pre"": ""0"", ""sel_10th_pre_req"": ""359"", ""sel_10th_pre_bid"": ""+12190"", ""sel_9th_pre_req_pre"": ""0"", ""sel_9th_pre_req"": ""331"", ""sel_9th_pre_bid"": ""+12180"", ""sel_8th_pre_req_pre"": ""0"", ""sel_8th_pre_req"": ""32"", ""sel_8th_pre_bid"": ""+12170"", ""sel_7th_pre_req_pre"": ""0"", ""sel_7th_pre_req"": ""10"", ""sel_7th_pre_bid"": ""+12160"", ""sel_6th_pre_req_pre"": ""0"", ""sel_6th_pre_req"": ""1185"", ""sel_6th_pre_bid"": ""+12150"", ""sel_5th_pre_req_pre"": ""0"", ""sel_5th_pre_req"": ""437"", ""sel_5th_pre_bid"": ""+12140"", ""sel_4th_pre_req_pre"": ""0"", ""sel_4th_pre_req"": ""414"", ""sel_4th_pre_bid"": ""+12130"", ""sel_3th_pre_req_pre"": ""0"", ""sel_3th_pre_req"": ""109"", ""sel_3th_pre_bid"": ""+12120"", ""sel_2th_pre_req_pre"": ""0"", ""sel_2th_pre_req"": ""18"", ""sel_2th_pre_bid"": ""+12110"", ""sel_1th_pre_req_pre"": ""0"", ""sel_fpr_req"": ""218"", ""sel_fpr_bid"": ""+12100"", ""buy_fpr_bid"": ""+12090"", ""buy_fpr_req"": ""199"", ""buy_1th_pre_req_pre"": ""+165"", ""buy_2th_pre_bid"": ""+12080"", ""buy_2th_pre_req"": ""205"", ""buy_2th_pre_req_pre"": ""0"", ""buy_3th_pre_bid"": ""+12070"", ""buy_3th_pre_req"": ""581"", ""buy_3th_pre_req_pre"": ""0"", ""buy_4th_pre_bid"": ""+12060"", ""buy_4th_pre_req"": ""535"", ""buy_4th_pre_req_pre"": ""0"", ""buy_5th_pre_bid"": ""+12050"", ""buy_5th_pre_req"": ""20"", ""buy_5th_pre_req_pre"": ""0"", ""buy_6th_pre_bid"": ""+12040"", ""buy_6th_pre_req"": ""63"", ""buy_6th_pre_req_pre"": ""0"", ""buy_7th_pre_bid"": ""+12020"", ""buy_7th_pre_req"": ""20"", ""buy_7th_pre_req_pre"": ""0"", ""buy_8th_pre_bid"": ""+12010"", ""buy_8th_pre_req"": ""205"", ""buy_8th_pre_req_pre"": ""0"", ""buy_9th_pre_bid"": ""+12000"", ""buy_9th_pre_req"": ""418"", ""buy_9th_pre_req_pre"": ""0"", ""buy_10th_pre_bid"": ""+11990"", ""buy_10th_pre_req"": ""100"", ""buy_10th_pre_req_pre"": ""0"", ""tot_sel_req_jub_pre"": ""0"", ""tot_sel_req"": ""3113"", ""tot_buy_req"": ""2346"", ""tot_buy_req_jub_pre"": ""+165"", ""ovt_sel_req_pre"": ""0"", ""ovt_sel_req"": ""0"", ""ovt_buy_req"": ""0"", ""ovt_buy_req_pre"": ""0"", ""return_code"": 0, ""return_msg"": ""정상적으로 처리되었습니다""}"
2026-06-10,scan_candidate,005090,,0,main_scan,51600,,51600,51500,51600,52000,0.5813953488372093,0.1937984496124031,,,,,,"{""bid_req_base_tm"": ""112010"", ""sel_10th_pre_req_pre"": ""0"", ""sel_10th_pre_req"": ""16"", ""sel_10th_pre_bid"": ""+52600"", ""sel_9th_pre_req_pre"": ""0"", ""sel_9th_pre_req"": ""24"", ""sel_9th_pre_bid"": ""+52400"", ""sel_8th_pre_req_pre"": ""0"", ""sel_8th_pre_req"": ""21"", ""sel_8th_pre_bid"": ""+52300"", ""sel_7th_pre_req_pre"": ""0"", ""sel_7th_pre_req"": ""22"", ""sel_7th_pre_bid"": ""+52200"", ""sel_6th_pre_req_pre"": ""0"", ""sel_6th_pre_req"": ""30"", ""sel_6th_pre_bid"": ""+52100"", ""sel_5th_pre_req_pre"": ""0"", ""sel_5th_pre_req"": ""6"", ""sel_5th_pre_bid"": ""+52000"", ""sel_4th_pre_req_pre"": ""0"", ""sel_4th_pre_req"": ""1"", ""sel_4th_pre_bid"": ""+51900"", ""sel_3th_pre_req_pre"": ""0"", ""sel_3th_pre_req"": ""9"", ""sel_3th_pre_bid"": ""+51800"", ""sel_2th_pre_req_pre"": ""0"", ""sel_2th_pre_req"": ""62"", ""sel_2th_pre_bid"": ""+51700"", ""sel_1th_pre_req_pre"": ""0"", ""sel_fpr_req"": ""39"", ""sel_fpr_bid"": ""+51600"", ""buy_fpr_bid"": ""+51500"", ""buy_fpr_req"": ""232"", ""buy_1th_pre_req_pre"": ""+2"", ""buy_2th_pre_bid"": ""+51400"", ""buy_2th_pre_req"": ""111"", ""buy_2th_pre_req_pre"": ""0"", ""buy_3th_pre_bid"": ""+51300"", ""buy_3th_pre_req"": ""108"", ""buy_3th_pre_req_pre"": ""0"", ""buy_4th_pre_bid"": ""+51200"", ""buy_4th_pre_req"": ""1547"", ""buy_4th_pre_req_pre"": ""0"", ""buy_5th_pre_bid"": ""+51100"", ""buy_5th_pre_req"": ""149"", ""buy_5th_pre_req_pre"": ""0"", ""buy_6th_pre_bid"": ""+51000"", ""buy_6th_pre_req"": ""429"", ""buy_6th_pre_req_pre"": ""0"", ""buy_7th_pre_bid"": ""+50900"", ""buy_7th_pre_req"": ""225"", ""buy_7th_pre_req_pre"": ""0"", ""buy_8th_pre_bid"": ""+50800"", ""buy_8th_pre_req"": ""702"", ""buy_8th_pre_req_pre"": ""0"", ""buy_9th_pre_bid"": ""+50700"", ""buy_9th_pre_req"": ""271"", ""buy_9th_pre_req_pre"": ""0"", ""buy_10th_pre_bid"": ""+50600"", ""buy_10th_pre_req"": ""157"", ""buy_10th_pre_req_pre"": ""0"", ""tot_sel_req_jub_pre"": ""0"", ""tot_sel_req"": ""230"", ""tot_buy_req"": ""3931"", ""tot_buy_req_jub_pre"": ""+2"", ""ovt_sel_req_pre"": ""0"", ""ovt_sel_req"": ""0"", ""ovt_buy_req"": ""0"", ""ovt_buy_req_pre"": ""0"", ""return_code"": 0, ""return_msg"": ""정상적으로 처리되었습니다""}"
2026-06-10,scan_candidate,017900,,0,main_scan,9150,,9150,9120,9150,9160,0.0,0.32786885245901637,,,,,,"{""bid_req_base_tm"": ""112048"", ""sel_10th_pre_req_pre"": ""0"", ""sel_10th_pre_req"": ""1"", ""sel_10th_pre_bid"": ""+9250"", ""sel_9th_pre_req_pre"": ""0"", ""sel_9th_pre_req"": ""97"", ""sel_9th_pre_bid"": ""+9240"", ""sel_8th_pre_req_pre"": ""0"", ""sel_8th_pre_req"": ""347"", ""sel_8th_pre_bid"": ""+9230"", ""sel_7th_pre_req_pre"": ""0"", ""sel_7th_pre_req"": ""84"", ""sel_7th_pre_bid"": ""+9210"", ""sel_6th_pre_req_pre"": ""0"", ""sel_6th_pre_req"": ""374"", ""sel_6th_pre_bid"": ""+9200"", ""sel_5th_pre_req_pre"": ""0"", ""sel_5th_pre_req"": ""3000"", ""sel_5th_pre_bid"": ""9190"", ""sel_4th_pre_req_pre"": ""0"", ""sel_4th_pre_req"": ""390"", ""sel_4th_pre_bid"": ""-9180"", ""sel_3th_pre_req_pre"": ""0"", ""sel_3th_pre_req"": ""58"", ""sel_3th_pre_bid"": ""-9170"", ""sel_2th_pre_req_pre"": ""0"", ""sel_2th_pre_req"": ""544"", ""sel_2th_pre_bid"": ""-9160"", ""sel_1th_pre_req_pre"": ""0"", ""sel_fpr_req"": ""158"", ""sel_fpr_bid"": ""-9150"", ""buy_fpr_bid"": ""-9120"", ""buy_fpr_req"": ""700"", ""buy_1th_pre_req_pre"": ""0"", ""buy_2th_pre_bid"": ""-9110"", ""buy_2th_pre_req"": ""1209"", ""buy_2th_pre_req_pre"": ""0"", ""buy_3th_pre_bid"": ""-9100"", ""buy_3th_pre_req"": ""2362"", ""buy_3th_pre_req_pre"": ""0"", ""buy_4th_pre_bid"": ""-9090"", ""buy_4th_pre_req"": ""342"", ""buy_4th_pre_req_pre"": ""0"", ""buy_5th_pre_bid"": ""-9080"", ""buy_5th_pre_req"": ""2720"", ""buy_5th_pre_req_pre"": ""--143"", ""buy_6th_pre_bid"": ""-9070"", ""buy_6th_pre_req"": ""2032"", ""buy_6th_pre_req_pre"": ""0"", ""buy_7th_pre_bid"": ""-9060"", ""buy_7th_pre_req"": ""1221"", ""buy_7th_pre_req_pre"": ""0"", ""buy_8th_pre_bid"": ""-9050"", ""buy_8th_pre_req"": ""569"", ""buy_8th_pre_req_pre"": ""0"", ""buy_9th_pre_bid"": ""-9040"", ""buy_9th_pre_req"": ""942"", ""buy_9th_pre_req_pre"": ""0"", ""buy_10th_pre_bid"": ""-9030"", ""buy_10th_pre_req"": ""732"", ""buy_10th_pre_req_pre"": ""0"", ""tot_sel_req_jub_pre"": ""0"", ""tot_sel_req"": ""5053"", ""tot_buy_req"": ""12829"", ""tot_buy_req_jub_pre"": ""--143"", ""ovt_sel_req_pre"": ""0"", ""ovt_sel_req"": ""0"", ""ovt_buy_req"": ""0"", ""ovt_buy_req_pre"": ""0"", ""return_code"": 0, ""return_msg"": ""정상적으로 처리되었습니다""}"
2026-06-10,scan_candidate,004710,,0,main_scan,10880,,10880,10830,10880,10950,0.1838235294117647,0.4595588235294118,,,,,,"{""bid_req_base_tm"": ""112046"", ""sel_10th_pre_req_pre"": ""0"", ""sel_10th_pre_req"": ""13"", ""sel_10th_pre_bid"": ""+11080"", ""sel_9th_pre_req_pre"": ""0"", ""sel_9th_pre_req"": ""3"", ""sel_9th_pre_bid"": ""+11070"", ""sel_8th_pre_req_pre"": ""0"", ""sel_8th_pre_req"": ""28"", ""sel_8th_pre_bid"": ""+11060"", ""sel_7th_pre_req_pre"": ""0"", ""sel_7th_pre_req"": ""42"", ""sel_7th_pre_bid"": ""+11050"", ""sel_6th_pre_req_pre"": ""0"", ""sel_6th_pre_req"": ""6"", ""sel_6th_pre_bid"": ""+11040"", ""sel_5th_pre_req_pre"": ""0"", ""sel_5th_pre_req"": ""5"", ""sel_5th_pre_bid"": ""+11030"", ""sel_4th_pre_req_pre"": ""0"", ""sel_4th_pre_req"": ""1"", ""sel_4th_pre_bid"": ""+11000"", ""sel_3th_pre_req_pre"": ""0"", ""sel_3th_pre_req"": ""71"", ""sel_3th_pre_bid"": ""+10900"", ""sel_2th_pre_req_pre"": ""0"", ""sel_2th_pre_req"": ""44"", ""sel_2th_pre_bid"": ""+10890"", ""sel_1th_pre_req_pre"": ""0"", ""sel_fpr_req"": ""70"", ""sel_fpr_bid"": ""+10880"", ""buy_fpr_bid"": ""+10830"", ""buy_fpr_req"": ""13"", ""buy_1th_pre_req_pre"": ""0"", ""buy_2th_pre_bid"": ""+10820"", ""buy_2th_pre_req"": ""480"", ""buy_2th_pre_req_pre"": ""0"", ""buy_3th_pre_bid"": ""+10810"", ""buy_3th_pre_req"": ""5"", ""buy_3th_pre_req_pre"": ""0"", ""buy_4th_pre_bid"": ""+10800"", ""buy_4th_pre_req"": ""67"", ""buy_4th_pre_req_pre"": ""0"", ""buy_5th_pre_bid"": ""+10790"", ""buy_5th_pre_req"": ""1"", ""buy_5th_pre_req_pre"": ""0"", ""buy_6th_pre_bid"": ""+10780"", ""buy_6th_pre_req"": ""7"", ""buy_6th_pre_req_pre"": ""0"", ""buy_7th_pre_bid"": ""+10770"", ""buy_7th_pre_req"": ""271"", ""buy_7th_pre_req_pre"": ""+50"", ""buy_8th_pre_bid"": ""+10760"", ""buy_8th_pre_req"": ""652"", ""buy_8th_pre_req_pre"": ""0"", ""buy_9th_pre_bid"": ""+10750"", ""buy_9th_pre_req"": ""13"", ""buy_9th_pre_req_pre"": ""0"", ""buy_10th_pre_bid"": ""+10740"", ""buy_10th_pre_req"": ""946"", ""buy_10th_pre_req_pre"": ""0"", ""tot_sel_req_jub_pre"": ""0"", ""tot_sel_req"": ""283"", ""tot_buy_req"": ""2455"", ""tot_buy_req_jub_pre"": ""+50"", ""ovt_sel_req_pre"": ""0"", ""ovt_sel_req"": ""0"", ""ovt_buy_req"": ""0"", ""ovt_buy_req_pre"": ""0"", ""return_code"": 0, ""return_msg"": ""정상적으로 처리되었습니다""}"
2026-06-10,scan_candidate,006220,,0,main_scan,11680,,11680,11650,11680,11650,-0.684931506849315,0.2568493150684931,,,,,,"{""bid_req_base_tm"": ""112048"", ""sel_10th_pre_req_pre"": ""0"", ""sel_10th_pre_req"": ""486"", ""sel_10th_pre_bid"": ""+11780"", ""sel_9th_pre_req_pre"": ""0"", ""sel_9th_pre_req"": ""509"", ""sel_9th_pre_bid"": ""+11770"", ""sel_8th_pre_req_pre"": ""0"", ""sel_8th_pre_req"": ""133"", ""sel_8th_pre_bid"": ""+11760"", ""sel_7th_pre_req_pre"": ""0"", ""sel_7th_pre_req"": ""89"", ""sel_7th_pre_bid"": ""+11750"", ""sel_6th_pre_req_pre"": ""0"", ""sel_6th_pre_req"": ""21"", ""sel_6th_pre_bid"": ""+11730"", ""sel_5th_pre_req_pre"": ""0"", ""sel_5th_pre_req"": ""1"", ""sel_5th_pre_bid"": ""+11720"", ""sel_4th_pre_req_pre"": ""0"", ""sel_4th_pre_req"": ""1"", ""sel_4th_pre_bid"": ""+11710"", ""sel_3th_pre_req_pre"": ""0"", ""sel_3th_pre_req"": ""729"", ""sel_3th_pre_bid"": ""+11700"", ""sel_2th_pre_req_pre"": ""0"", ""sel_2th_pre_req"": ""13"", ""sel_2th_pre_bid"": ""+11690"", ""sel_1th_pre_req_pre"": ""0"", ""sel_fpr_req"": ""120"", ""sel_fpr_bid"": ""+11680"", ""buy_fpr_bid"": ""+11650"", ""buy_fpr_req"": ""57"", ""buy_1th_pre_req_pre"": ""+30"", ""buy_2th_pre_bid"": ""+11640"", ""buy_2th_pre_req"": ""308"", ""buy_2th_pre_req_pre"": ""0"", ""buy_3th_pre_bid"": ""+11630"", ""buy_3th_pre_req"": ""429"", ""buy_3th_pre_req_pre"": ""0"", ""buy_4th_pre_bid"": ""+11620"", ""buy_4th_pre_req"": ""376"", ""buy_4th_pre_req_pre"": ""0"", ""buy_5th_pre_bid"": ""+11610"", ""buy_5th_pre_req"": ""342"", ""buy_5th_pre_req_pre"": ""0"", ""buy_6th_pre_bid"": ""+11600"", ""buy_6th_pre_req"": ""373"", ""buy_6th_pre_req_pre"": ""0"", ""buy_7th_pre_bid"": ""+11590"", ""buy_7th_pre_req"": ""1371"", ""buy_7th_pre_req_pre"": ""0"", ""buy_8th_pre_bid"": ""+11580"", ""buy_8th_pre_req"": ""831"", ""buy_8th_pre_req_pre"": ""0"", ""buy_9th_pre_bid"": ""+11570"", ""buy_9th_pre_req"": ""646"", ""buy_9th_pre_req_pre"": ""0"", ""buy_10th_pre_bid"": ""+11560"", ""buy_10th_pre_req"": ""1627"", ""buy_10th_pre_req_pre"": ""0"", ""tot_sel_req_jub_pre"": ""0"", ""tot_sel_req"": ""2102"", ""tot_buy_req"": ""6360"", ""tot_buy_req_jub_pre"": ""+30"", ""ovt_sel_req_pre"": ""0"", ""ovt_sel_req"": ""0"", ""ovt_buy_req"": ""0"", ""ovt_buy_req_pre"": ""0"", ""return_code"": 0, ""return_msg"": ""정상적으로 처리되었습니다""}"
2026-06-10,scan_candidate,092200,,0,main_scan,9480,,9480,9470,9480,9500,0.10548523206751054,0.10548523206751054,,,,,,"{""bid_req_base_tm"": ""112048"", ""sel_10th_pre_req_pre"": ""0"", ""sel_10th_pre_req"": ""31"", ""sel_10th_pre_bid"": ""-9570"", ""sel_9th_pre_req_pre"": ""0"", ""sel_9th_pre_req"": ""266"", ""sel_9th_pre_bid"": ""-9560"", ""sel_8th_pre_req_pre"": ""0"", ""sel_8th_pre_req"": ""136"", ""sel_8th_pre_bid"": ""-9550"", ""sel_7th_pre_req_pre"": ""0"", ""sel_7th_pre_req"": ""600"", ""sel_7th_pre_bid"": ""-9540"", ""sel_6th_pre_req_pre"": ""0"", ""sel_6th_pre_req"": ""30"", ""sel_6th_pre_bid"": ""-9530"", ""sel_5th_pre_req_pre"": ""0"", ""sel_5th_pre_req"": ""347"", ""sel_5th_pre_bid"": ""-9520"", ""sel_4th_pre_req_pre"": ""0"", ""sel_4th_pre_req"": ""17"", ""sel_4th_pre_bid"": ""-9510"", ""sel_3th_pre_req_pre"": ""0"", ""sel_3th_pre_req"": ""3488"", ""sel_3th_pre_bid"": ""-9500"", ""sel_2th_pre_req_pre"": ""0"", ""sel_2th_pre_req"": ""585"", ""sel_2th_pre_bid"": ""-9490"", ""sel_1th_pre_req_pre"": ""0"", ""sel_fpr_req"": ""142"", ""sel_fpr_bid"": ""-9480"", ""buy_fpr_bid"": ""-9470"", ""buy_fpr_req"": ""748"", ""buy_1th_pre_req_pre"": ""0"", ""buy_2th_pre_bid"": ""-9460"", ""buy_2th_pre_req"": ""2235"", ""buy_2th_pre_req_pre"": ""0"", ""buy_3th_pre_bid"": ""-9450"", ""buy_3th_pre_req"": ""2293"", ""buy_3th_pre_req_pre"": ""0"", ""buy_4th_pre_bid"": ""-9440"", ""buy_4th_pre_req"": ""4233"", ""buy_4th_pre_req_pre"": ""0"", ""buy_5th_pre_bid"": ""-9430"", ""buy_5th_pre_req"": ""3271"", ""buy_5th_pre_req_pre"": ""0"", ""buy_6th_pre_bid"": ""-9420"", ""buy_6th_pre_req"": ""2084"", ""buy_6th_pre_req_pre"": ""0"", ""buy_7th_pre_bid"": ""-9410"", ""buy_7th_pre_req"": ""4829"", ""buy_7th_pre_req_pre"": ""0"", ""buy_8th_pre_bid"": ""-9400"", ""buy_8th_pre_req"": ""4930"", ""buy_8th_pre_req_pre"": ""--50"", ""buy_9th_pre_bid"": ""-9390"", ""buy_9th_pre_req"": ""2589"", ""buy_9th_pre_req_pre"": ""0"", ""buy_10th_pre_bid"": ""-9380"", ""buy_10th_pre_req"": ""3655"", ""buy_10th_pre_req_pre"": ""0"", ""tot_sel_req_jub_pre"": ""0"", ""tot_sel_req"": ""5642"", ""tot_buy_req"": ""30867"", ""tot_buy_req_jub_pre"": ""--50"", ""ovt_sel_req_pre"": ""0"", ""ovt_sel_req"": ""0"", ""ovt_buy_req"": ""0"", ""ovt_buy_req_pre"": ""0"", ""return_code"": 0, ""return_msg"": ""정상적으로 처리되었습니다""}"
2026-06-10,scan_candidate,000430,,0,main_scan,5600,,5600,5590,5600,5620,0.17857142857142858,0.17857142857142858,,,,,,"{""bid_req_base_tm"": ""112049"", ""sel_10th_pre_req_pre"": ""0"", ""sel_10th_pre_req"": ""1097"", ""sel_10th_pre_bid"": ""-5690"", ""sel_9th_pre_req_pre"": ""0"", ""sel_9th_pre_req"": ""1037"", ""sel_9th_pre_bid"": ""-5680"", ""sel_8th_pre_req_pre"": ""0"", ""sel_8th_pre_req"": ""287"", ""sel_8th_pre_bid"": ""-5670"", ""sel_7th_pre_req_pre"": ""0"", ""sel_7th_pre_req"": ""125"", ""sel_7th_pre_bid"": ""-5660"", ""sel_6th_pre_req_pre"": ""0"", ""sel_6th_pre_req"": ""10"", ""sel_6th_pre_bid"": ""-5650"", ""sel_5th_pre_req_pre"": ""0"", ""sel_5th_pre_req"": ""165"", ""sel_5th_pre_bid"": ""-5640"", ""sel_4th_pre_req_pre"": ""0"", ""sel_4th_pre_req"": ""63"", ""sel_4th_pre_bid"": ""-5630"", ""sel_3th_pre_req_pre"": ""0"", ""sel_3th_pre_req"": ""12"", ""sel_3th_pre_bid"": ""-5620"", ""sel_2th_pre_req_pre"": ""0"", ""sel_2th_pre_req"": ""1"", ""sel_2th_pre_bid"": ""-5610"", ""sel_1th_pre_req_pre"": ""0"", ""sel_fpr_req"": ""6573"", ""sel_fpr_bid"": ""-5600"", ""buy_fpr_bid"": ""-5590"", ""buy_fpr_req"": ""459"", ""buy_1th_pre_req_pre"": ""--28"", ""buy_2th_pre_bid"": ""-5580"", ""buy_2th_pre_req"": ""1254"", ""buy_2th_pre_req_pre"": ""0"", ""buy_3th_pre_bid"": ""-5570"", ""buy_3th_pre_req"": ""4413"", ""buy_3th_pre_req_pre"": ""0"", ""buy_4th_pre_bid"": ""-5560"", ""buy_4th_pre_req"": ""3287"", ""buy_4th_pre_req_pre"": ""0"", ""buy_5th_pre_bid"": ""-5550"", ""buy_5th_pre_req"": ""5997"", ""buy_5th_pre_req_pre"": ""0"", ""buy_6th_pre_bid"": ""-5540"", ""buy_6th_pre_req"": ""4294"", ""buy_6th_pre_req_pre"": ""0"", ""buy_7th_pre_bid"": ""-5530"", ""buy_7th_pre_req"": ""7433"", ""buy_7th_pre_req_pre"": ""0"", ""buy_8th_pre_bid"": ""-5520"", ""buy_8th_pre_req"": ""10846"", ""buy_8th_pre_req_pre"": ""0"", ""buy_9th_pre_bid"": ""-5510"", ""buy_9th_pre_req"": ""10677"", ""buy_9th_pre_req_pre"": ""0"", ""buy_10th_pre_bid"": ""-5500"", ""buy_10th_pre_req"": ""29329"", ""buy_10th_pre_req_pre"": ""0"", ""tot_sel_req_jub_pre"": ""0"", ""tot_sel_req"": ""9370"", ""tot_buy_req"": ""77989"", ""tot_buy_req_jub_pre"": ""--28"", ""ovt_sel_req_pre"": ""0"", ""ovt_sel_req"": ""0"", ""ovt_buy_req"": ""0"", ""ovt_buy_req_pre"": ""0"", ""return_code"": 0, ""return_msg"": ""정상적으로 처리되었습니다""}"
2026-06-10,scan_candidate,010690,,0,main_scan,10580,,10580,10570,10580,10600,-0.28355387523629494,0.0945179584120983,,,,,,"{""bid_req_base_tm"": ""112047"", ""sel_10th_pre_req_pre"": ""0"", ""sel_10th_pre_req"": ""87"", ""sel_10th_pre_bid"": ""+10670"", ""sel_9th_pre_req_pre"": ""0"", ""sel_9th_pre_req"": ""102"", ""sel_9th_pre_bid"": ""+10660"", ""sel_8th_pre_req_pre"": ""0"", ""sel_8th_pre_req"": ""124"", ""sel_8th_pre_bid"": ""+10650"", ""sel_7th_pre_req_pre"": ""0"", ""sel_7th_pre_req"": ""20"", ""sel_7th_pre_bid"": ""+10640"", ""sel_6th_pre_req_pre"": ""0"", ""sel_6th_pre_req"": ""88"", ""sel_6th_pre_bid"": ""+10630"", ""sel_5th_pre_req_pre"": ""0"", ""sel_5th_pre_req"": ""10"", ""sel_5th_pre_bid"": ""+10620"", ""sel_4th_pre_req_pre"": ""0"", ""sel_4th_pre_req"": ""20"", ""sel_4th_pre_bid"": ""+10610"", ""sel_3th_pre_req_pre"": ""0"", ""sel_3th_pre_req"": ""42"", ""sel_3th_pre_bid"": ""+10600"", ""sel_2th_pre_req_pre"": ""0"", ""sel_2th_pre_req"": ""10"", ""sel_2th_pre_bid"": ""+10590"", ""sel_1th_pre_req_pre"": ""+580"", ""sel_fpr_req"": ""601"", ""sel_fpr_bid"": ""+10580"", ""buy_fpr_bid"": ""+10570"", ""buy_fpr_req"": ""223"", ""buy_1th_pre_req_pre"": ""0"", ""buy_2th_pre_bid"": ""+10560"", ""buy_2th_pre_req"": ""50"", ""buy_2th_pre_req_pre"": ""0"", ""buy_3th_pre_bid"": ""+10550"", ""buy_3th_pre_req"": ""403"", ""buy_3th_pre_req_pre"": ""0"", ""buy_4th_pre_bid"": ""+10540"", ""buy_4th_pre_req"": ""372"", ""buy_4th_pre_req_pre"": ""0"", ""buy_5th_pre_bid"": ""+10530"", ""buy_5th_pre_req"": ""204"", ""buy_5th_pre_req_pre"": ""0"", ""buy_6th_pre_bid"": ""+10520"", ""buy_6th_pre_req"": ""543"", ""buy_6th_pre_req_pre"": ""0"", ""buy_7th_pre_bid"": ""+10510"", ""buy_7th_pre_req"": ""863"", ""buy_7th_pre_req_pre"": ""0"", ""buy_8th_pre_bid"": ""+10500"", ""buy_8th_pre_req"": ""3095"", ""buy_8th_pre_req_pre"": ""0"", ""buy_9th_pre_bid"": ""+10490"", ""buy_9th_pre_req"": ""118"", ""buy_9th_pre_req_pre"": ""0"", ""buy_10th_pre_bid"": ""+10480"", ""buy_10th_pre_req"": ""371"", ""buy_10th_pre_req_pre"": ""0"", ""tot_sel_req_jub_pre"": ""+580"", ""tot_sel_req"": ""1104"", ""tot_buy_req"": ""6242"", ""tot_buy_req_jub_pre"": ""0"", ""ovt_sel_req_pre"": ""0"", ""ovt_sel_req"": ""0"", ""ovt_buy_req"": ""0"", ""ovt_buy_req_pre"": ""0"", ""return_code"": 0, ""return_msg"": ""정상적으로 처리되었습니다""}"
2026-06-10,scan_candidate,005950,,0,main_scan,11900,,11900,11890,11900,11900,-0.42016806722689076,0.08403361344537816,,,,,,"{""bid_req_base_tm"": ""112049"", ""sel_10th_pre_req_pre"": ""0"", ""sel_10th_pre_req"": ""100"", ""sel_10th_pre_bid"": ""+12050"", ""sel_9th_pre_req_pre"": ""0"", ""sel_9th_pre_req"": ""91"", ""sel_9th_pre_bid"": ""+12010"", ""sel_8th_pre_req_pre"": ""0"", ""sel_8th_pre_req"": ""200"", ""sel_8th_pre_bid"": ""+12000"", ""sel_7th_pre_req_pre"": ""0"", ""sel_7th_pre_req"": ""1"", ""sel_7th_pre_bid"": ""+11990"", ""sel_6th_pre_req_pre"": ""0"", ""sel_6th_pre_req"": ""226"", ""sel_6th_pre_bid"": ""+11970"", ""sel_5th_pre_req_pre"": ""0"", ""sel_5th_pre_req"": ""178"", ""sel_5th_pre_bid"": ""+11940"", ""sel_4th_pre_req_pre"": ""0"", ""sel_4th_pre_req"": ""463"", ""sel_4th_pre_bid"": ""+11930"", ""sel_3th_pre_req_pre"": ""0"", ""sel_3th_pre_req"": ""59"", ""sel_3th_pre_bid"": ""+11920"", ""sel_2th_pre_req_pre"": ""0"", ""sel_2th_pre_req"": ""84"", ""sel_2th_pre_bid"": ""+11910"", ""sel_1th_pre_req_pre"": ""0"", ""sel_fpr_req"": ""13"", ""sel_fpr_bid"": ""+11900"", ""buy_fpr_bid"": ""+11890"", ""buy_fpr_req"": ""9"", ""buy_1th_pre_req_pre"": ""0"", ""buy_2th_pre_bid"": ""+11850"", ""buy_2th_pre_req"": ""113"", ""buy_2th_pre_req_pre"": ""0"", ""buy_3th_pre_bid"": ""+11840"", ""buy_3th_pre_req"": ""276"", ""buy_3th_pre_req_pre"": ""+72"", ""buy_4th_pre_bid"": ""+11830"", ""buy_4th_pre_req"": ""189"", ""buy_4th_pre_req_pre"": ""0"", ""buy_5th_pre_bid"": ""+11820"", ""buy_5th_pre_req"": ""205"", ""buy_5th_pre_req_pre"": ""0"", ""buy_6th_pre_bid"": ""+11810"", ""buy_6th_pre_req"": ""572"", ""buy_6th_pre_req_pre"": ""0"", ""buy_7th_pre_bid"": ""+11800"", ""buy_7th_pre_req"": ""1935"", ""buy_7th_pre_req_pre"": ""0"", ""buy_8th_pre_bid"": ""+11790"", ""buy_8th_pre_req"": ""30"", ""buy_8th_pre_req_pre"": ""0"", ""buy_9th_pre_bid"": ""+11780"", ""buy_9th_pre_req"": ""33"", ""buy_9th_pre_req_pre"": ""0"", ""buy_10th_pre_bid"": ""+11770"", ""buy_10th_pre_req"": ""5"", ""buy_10th_pre_req_pre"": ""0"", ""tot_sel_req_jub_pre"": ""0"", ""tot_sel_req"": ""1415"", ""tot_buy_req"": ""3367"", ""tot_buy_req_jub_pre"": ""+72"", ""ovt_sel_req_pre"": ""0"", ""ovt_sel_req"": ""0"", ""ovt_buy_req"": ""0"", ""ovt_buy_req_pre"": ""0"", ""return_code"": 0, ""return_msg"": ""정상적으로 처리되었습니다""}"
2026-06-10,watchlist,014680,,0,filtered_candidate_recheck,257500,,257500,257000,257500,258500,0.1941747572815534,0.1941747572815534,,,,,,"{""bid_req_base_tm"": ""112234"", ""sel_10th_pre_req_pre"": ""0"", ""sel_10th_pre_req"": ""2"", ""sel_10th_pre_bid"": ""+262000"", ""sel_9th_pre_req_pre"": ""0"", ""sel_9th_pre_req"": ""3"", ""sel_9th_pre_bid"": ""+261500"", ""sel_8th_pre_req_pre"": ""0"", ""sel_8th_pre_req"": ""5"", ""sel_8th_pre_bid"": ""+261000"", ""sel_7th_pre_req_pre"": ""0"", ""sel_7th_pre_req"": ""12"", ""sel_7th_pre_bid"": ""+260500"", ""sel_6th_pre_req_pre"": ""0"", ""sel_6th_pre_req"": ""3"", ""sel_6th_pre_bid"": ""+260000"", ""sel_5th_pre_req_pre"": ""--6"", ""sel_5th_pre_req"": ""17"", ""sel_5th_pre_bid"": ""+259500"", ""sel_4th_pre_req_pre"": ""0"", ""sel_4th_pre_req"": ""68"", ""sel_4th_pre_bid"": ""+259000"", ""sel_3th_pre_req_pre"": ""0"", ""sel_3th_pre_req"": ""13"", ""sel_3th_pre_bid"": ""+258500"", ""sel_2th_pre_req_pre"": ""0"", ""sel_2th_pre_req"": ""83"", ""sel_2th_pre_bid"": ""+258000"", ""sel_1th_pre_req_pre"": ""0"", ""sel_fpr_req"": ""55"", ""sel_fpr_bid"": ""+257500"", ""buy_fpr_bid"": ""+257000"", ""buy_fpr_req"": ""165"", ""buy_1th_pre_req_pre"": ""0"", ""buy_2th_pre_bid"": ""+256500"", ""buy_2th_pre_req"": ""5"", ""buy_2th_pre_req_pre"": ""0"", ""buy_3th_pre_bid"": ""+256000"", ""buy_3th_pre_req"": ""54"", ""buy_3th_pre_req_pre"": ""0"", ""buy_4th_pre_bid"": ""+255500"", ""buy_4th_pre_req"": ""90"", ""buy_4th_pre_req_pre"": ""0"", ""buy_5th_pre_bid"": ""+255000"", ""buy_5th_pre_req"": ""3"", ""buy_5th_pre_req_pre"": ""0"", ""buy_6th_pre_bid"": ""+254500"", ""buy_6th_pre_req"": ""23"", ""buy_6th_pre_req_pre"": ""0"", ""buy_7th_pre_bid"": ""+254000"", ""buy_7th_pre_req"": ""28"", ""buy_7th_pre_req_pre"": ""0"", ""buy_8th_pre_bid"": ""+253500"", ""buy_8th_pre_req"": ""102"", ""buy_8th_pre_req_pre"": ""0"", ""buy_9th_pre_bid"": ""+253000"", ""buy_9th_pre_req"": ""111"", ""buy_9th_pre_req_pre"": ""0"", ""buy_10th_pre_bid"": ""+252500"", ""buy_10th_pre_req"": ""157"", ""buy_10th_pre_req_pre"": ""0"", ""tot_sel_req_jub_pre"": ""--6"", ""tot_sel_req"": ""261"", ""tot_buy_req"": ""738"", ""tot_buy_req_jub_pre"": ""0"", ""ovt_sel_req_pre"": ""0"", ""ovt_sel_req"": ""0"", ""ovt_buy_req"": ""0"", ""ovt_buy_req_pre"": ""0"", ""return_code"": 0, ""return_msg"": ""정상적으로 처리되었습니다""}"
2026-06-10,watchlist,035420,,1,filtered_candidate_recheck,232000,,232000,231500,232000,233500,0.43103448275862066,0.21551724137931033,,,,,,"{""bid_req_base_tm"": ""112234"", ""sel_10th_pre_req_pre"": ""0"", ""sel_10th_pre_req"": ""4070"", ""sel_10th_pre_bid"": ""-236500"", ""sel_9th_pre_req_pre"": ""0"", ""sel_9th_pre_req"": ""3135"", ""sel_9th_pre_bid"": ""-236000"", ""sel_8th_pre_req_pre"": ""0"", ""sel_8th_pre_req"": ""2357"", ""sel_8th_pre_bid"": ""-235500"", ""sel_7th_pre_req_pre"": ""0"", ""sel_7th_pre_req"": ""2652"", ""sel_7th_pre_bid"": ""-235000"", ""sel_6th_pre_req_pre"": ""0"", ""sel_6th_pre_req"": ""1955"", ""sel_6th_pre_bid"": ""-234500"", ""sel_5th_pre_req_pre"": ""0"", ""sel_5th_pre_req"": ""1438"", ""sel_5th_pre_bid"": ""-234000"", ""sel_4th_pre_req_pre"": ""0"", ""sel_4th_pre_req"": ""1106"", ""sel_4th_pre_bid"": ""-233500"", ""sel_3th_pre_req_pre"": ""0"", ""sel_3th_pre_req"": ""1636"", ""sel_3th_pre_bid"": ""-233000"", ""sel_2th_pre_req_pre"": ""0"", ""sel_2th_pre_req"": ""3736"", ""sel_2th_pre_bid"": ""-232500"", ""sel_1th_pre_req_pre"": ""+1"", ""sel_fpr_req"": ""3585"", ""sel_fpr_bid"": ""-232000"", ""buy_fpr_bid"": ""-231500"", ""buy_fpr_req"": ""9617"", ""buy_1th_pre_req_pre"": ""--5"", ""buy_2th_pre_bid"": ""-231000"", ""buy_2th_pre_req"": ""15565"", ""buy_2th_pre_req_pre"": ""0"", ""buy_3th_pre_bid"": ""-230500"", ""buy_3th_pre_req"": ""20380"", ""buy_3th_pre_req_pre"": ""+1"", ""buy_4th_pre_bid"": ""-230000"", ""buy_4th_pre_req"": ""70551"", ""buy_4th_pre_req_pre"": ""+1"", ""buy_5th_pre_bid"": ""-229500"", ""buy_5th_pre_req"": ""4969"", ""buy_5th_pre_req_pre"": ""0"", ""buy_6th_pre_bid"": ""-229000"", ""buy_6th_pre_req"": ""7848"", ""buy_6th_pre_req_pre"": ""0"", ""buy_7th_pre_bid"": ""-228500"", ""buy_7th_pre_req"": ""10844"", ""buy_7th_pre_req_pre"": ""0"", ""buy_8th_pre_bid"": ""-228000"", ""buy_8th_pre_req"": ""6840"", ""buy_8th_pre_req_pre"": ""0"", ""buy_9th_pre_bid"": ""-227500"", ""buy_9th_pre_req"": ""3364"", ""buy_9th_pre_req_pre"": ""0"", ""buy_10th_pre_bid"": ""-227000"", ""buy_10th_pre_req"": ""4542"", ""buy_10th_pre_req_pre"": ""0"", ""tot_sel_req_jub_pre"": ""+1"", ""tot_sel_req"": ""25670"", ""tot_buy_req"": ""154520"", ""tot_buy_req_jub_pre"": ""--3"", ""ovt_sel_req_pre"": ""0"", ""ovt_sel_req"": ""0"", ""ovt_buy_req"": ""0"", ""ovt_buy_req_pre"": ""0"", ""return_code"": 0, ""return_msg"": ""정상적으로 처리되었습니다""}"
2026-06-10,watchlist,036570,,0,filtered_candidate_recheck,257000,,257000,256500,257000,258000,0.19455252918287938,0.19455252918287938,,,,,,"{""bid_req_base_tm"": ""112234"", ""sel_10th_pre_req_pre"": ""0"", ""sel_10th_pre_req"": ""423"", ""sel_10th_pre_bid"": ""-261500"", ""sel_9th_pre_req_pre"": ""0"", ""sel_9th_pre_req"": ""73"", ""sel_9th_pre_bid"": ""-261000"", ""sel_8th_pre_req_pre"": ""0"", ""sel_8th_pre_req"": ""15"", ""sel_8th_pre_bid"": ""-260500"", ""sel_7th_pre_req_pre"": ""0"", ""sel_7th_pre_req"": ""120"", ""sel_7th_pre_bid"": ""-260000"", ""sel_6th_pre_req_pre"": ""0"", ""sel_6th_pre_req"": ""61"", ""sel_6th_pre_bid"": ""-259500"", ""sel_5th_pre_req_pre"": ""0"", ""sel_5th_pre_req"": ""42"", ""sel_5th_pre_bid"": ""-259000"", ""sel_4th_pre_req_pre"": ""0"", ""sel_4th_pre_req"": ""13"", ""sel_4th_pre_bid"": ""-258500"", ""sel_3th_pre_req_pre"": ""0"", ""sel_3th_pre_req"": ""28"", ""sel_3th_pre_bid"": ""-258000"", ""sel_2th_pre_req_pre"": ""0"", ""sel_2th_pre_req"": ""242"", ""sel_2th_pre_bid"": ""-257500"", ""sel_1th_pre_req_pre"": ""0"", ""sel_fpr_req"": ""106"", ""sel_fpr_bid"": ""-257000"", ""buy_fpr_bid"": ""-256500"", ""buy_fpr_req"": ""108"", ""buy_1th_pre_req_pre"": ""0"", ""buy_2th_pre_bid"": ""-256000"", ""buy_2th_pre_req"": ""257"", ""buy_2th_pre_req_pre"": ""0"", ""buy_3th_pre_bid"": ""-255500"", ""buy_3th_pre_req"": ""141"", ""buy_3th_pre_req_pre"": ""0"", ""buy_4th_pre_bid"": ""-255000"", ""buy_4th_pre_req"": ""329"", ""buy_4th_pre_req_pre"": ""0"", ""buy_5th_pre_bid"": ""-254500"", ""buy_5th_pre_req"": ""352"", ""buy_5th_pre_req_pre"": ""0"", ""buy_6th_pre_bid"": ""-254000"", ""buy_6th_pre_req"": ""362"", ""buy_6th_pre_req_pre"": ""0"", ""buy_7th_pre_bid"": ""-253500"", ""buy_7th_pre_req"": ""422"", ""buy_7th_pre_req_pre"": ""0"", ""buy_8th_pre_bid"": ""-253000"", ""buy_8th_pre_req"": ""733"", ""buy_8th_pre_req_pre"": ""0"", ""buy_9th_pre_bid"": ""-252500"", ""buy_9th_pre_req"": ""209"", ""buy_9th_pre_req_pre"": ""0"", ""buy_10th_pre_bid"": ""-252000"", ""buy_10th_pre_req"": ""91"", ""buy_10th_pre_req_pre"": ""0"", ""tot_sel_req_jub_pre"": ""0"", ""tot_sel_req"": ""1123"", ""tot_buy_req"": ""3004"", ""tot_buy_req_jub_pre"": ""0"", ""ovt_sel_req_pre"": ""0"", ""ovt_sel_req"": ""0"", ""ovt_buy_req"": ""0"", ""ovt_buy_req_pre"": ""0"", ""return_code"": 0, ""return_msg"": ""정상적으로 처리되었습니다""}"
2026-06-10,watchlist,005090,,1,filtered_candidate_recheck,51700,,51700,51600,51700,52100,0.5802707930367506,0.19342359767891684,,,,,,"{""bid_req_base_tm"": ""112222"", ""sel_10th_pre_req_pre"": ""0"", ""sel_10th_pre_req"": ""114"", ""sel_10th_pre_bid"": ""+52700"", ""sel_9th_pre_req_pre"": ""0"", ""sel_9th_pre_req"": ""16"", ""sel_9th_pre_bid"": ""+52600"", ""sel_8th_pre_req_pre"": ""0"", ""sel_8th_pre_req"": ""25"", ""sel_8th_pre_bid"": ""+52400"", ""sel_7th_pre_req_pre"": ""0"", ""sel_7th_pre_req"": ""21"", ""sel_7th_pre_bid"": ""+52300"", ""sel_6th_pre_req_pre"": ""0"", ""sel_6th_pre_req"": ""22"", ""sel_6th_pre_bid"": ""+52200"", ""sel_5th_pre_req_pre"": ""0"", ""sel_5th_pre_req"": ""29"", ""sel_5th_pre_bid"": ""+52100"", ""sel_4th_pre_req_pre"": ""0"", ""sel_4th_pre_req"": ""6"", ""sel_4th_pre_bid"": ""+52000"", ""sel_3th_pre_req_pre"": ""0"", ""sel_3th_pre_req"": ""3"", ""sel_3th_pre_bid"": ""+51900"", ""sel_2th_pre_req_pre"": ""0"", ""sel_2th_pre_req"": ""48"", ""sel_2th_pre_bid"": ""+51800"", ""sel_1th_pre_req_pre"": ""0"", ""sel_fpr_req"": ""42"", ""sel_fpr_bid"": ""+51700"", ""buy_fpr_bid"": ""+51600"", ""buy_fpr_req"": ""523"", ""buy_1th_pre_req_pre"": ""+500"", ""buy_2th_pre_bid"": ""+51500"", ""buy_2th_pre_req"": ""249"", ""buy_2th_pre_req_pre"": ""0"", ""buy_3th_pre_bid"": ""+51400"", ""buy_3th_pre_req"": ""152"", ""buy_3th_pre_req_pre"": ""0"", ""buy_4th_pre_bid"": ""+51300"", ""buy_4th_pre_req"": ""190"", ""buy_4th_pre_req_pre"": ""0"", ""buy_5th_pre_bid"": ""+51200"", ""buy_5th_pre_req"": ""1425"", ""buy_5th_pre_req_pre"": ""0"", ""buy_6th_pre_bid"": ""+51100"", ""buy_6th_pre_req"": ""149"", ""buy_6th_pre_req_pre"": ""0"", ""buy_7th_pre_bid"": ""+51000"", ""buy_7th_pre_req"": ""429"", ""buy_7th_pre_req_pre"": ""0"", ""buy_8th_pre_bid"": ""+50900"", ""buy_8th_pre_req"": ""225"", ""buy_8th_pre_req_pre"": ""0"", ""buy_9th_pre_bid"": ""+50800"", ""buy_9th_pre_req"": ""202"", ""buy_9th_pre_req_pre"": ""0"", ""buy_10th_pre_bid"": ""+50700"", ""buy_10th_pre_req"": ""271"", ""buy_10th_pre_req_pre"": ""0"", ""tot_sel_req_jub_pre"": ""0"", ""tot_sel_req"": ""326"", ""tot_buy_req"": ""3815"", ""tot_buy_req_jub_pre"": ""+500"", ""ovt_sel_req_pre"": ""0"", ""ovt_sel_req"": ""0"", ""ovt_buy_req"": ""0"", ""ovt_buy_req_pre"": ""0"", ""return_code"": 0, ""return_msg"": ""정상적으로 처리되었습니다""}"
2026-06-10,watchlist,066570,,0,filtered_candidate_recheck,230000,,230000,229500,230000,231000,0.21739130434782608,0.21739130434782608,,,,,,"{""bid_req_base_tm"": ""112235"", ""sel_10th_pre_req_pre"": ""0"", ""sel_10th_pre_req"": ""1372"", ""sel_10th_pre_bid"": ""-234500"", ""sel_9th_pre_req_pre"": ""0"", ""sel_9th_pre_req"": ""1240"", ""sel_9th_pre_bid"": ""-234000"", ""sel_8th_pre_req_pre"": ""0"", ""sel_8th_pre_req"": ""4029"", ""sel_8th_pre_bid"": ""-233500"", ""sel_7th_pre_req_pre"": ""0"", ""sel_7th_pre_req"": ""1982"", ""sel_7th_pre_bid"": ""-233000"", ""sel_6th_pre_req_pre"": ""0"", ""sel_6th_pre_req"": ""1219"", ""sel_6th_pre_bid"": ""-232500"", ""sel_5th_pre_req_pre"": ""0"", ""sel_5th_pre_req"": ""1292"", ""sel_5th_pre_bid"": ""-232000"", ""sel_4th_pre_req_pre"": ""0"", ""sel_4th_pre_req"": ""1616"", ""sel_4th_pre_bid"": ""-231500"", ""sel_3th_pre_req_pre"": ""0"", ""sel_3th_pre_req"": ""2168"", ""sel_3th_pre_bid"": ""-231000"", ""sel_2th_pre_req_pre"": ""0"", ""sel_2th_pre_req"": ""1957"", ""sel_2th_pre_bid"": ""-230500"", ""sel_1th_pre_req_pre"": ""0"", ""sel_fpr_req"": ""6967"", ""sel_fpr_bid"": ""-230000"", ""buy_fpr_bid"": ""-229500"", ""buy_fpr_req"": ""641"", ""buy_1th_pre_req_pre"": ""0"", ""buy_2th_pre_bid"": ""-229000"", ""buy_2th_pre_req"": ""4777"", ""buy_2th_pre_req_pre"": ""+1"", ""buy_3th_pre_bid"": ""-228500"", ""buy_3th_pre_req"": ""8673"", ""buy_3th_pre_req_pre"": ""0"", ""buy_4th_pre_bid"": ""-228000"", ""buy_4th_pre_req"": ""13574"", ""buy_4th_pre_req_pre"": ""0"", ""buy_5th_pre_bid"": ""-227500"", ""buy_5th_pre_req"": ""7251"", ""buy_5th_pre_req_pre"": ""0"", ""buy_6th_pre_bid"": ""-227000"", ""buy_6th_pre_req"": ""54792"", ""buy_6th_pre_req_pre"": ""0"", ""buy_7th_pre_bid"": ""-226500"", ""buy_7th_pre_req"": ""4160"", ""buy_7th_pre_req_pre"": ""0"", ""buy_8th_pre_bid"": ""-226000"", ""buy_8th_pre_req"": ""4349"", ""buy_8th_pre_req_pre"": ""0"", ""buy_9th_pre_bid"": ""-225500"", ""buy_9th_pre_req"": ""2927"", ""buy_9th_pre_req_pre"": ""0"", ""buy_10th_pre_bid"": ""-225000"", ""buy_10th_pre_req"": ""10072"", ""buy_10th_pre_req_pre"": ""0"", ""tot_sel_req_jub_pre"": ""0"", ""tot_sel_req"": ""23842"", ""tot_buy_req"": ""111216"", ""tot_buy_req_jub_pre"": ""+1"", ""ovt_sel_req_pre"": ""0"", ""ovt_sel_req"": ""0"", ""ovt_buy_req"": ""0"", ""ovt_buy_req_pre"": ""0"", ""return_code"": 0, ""return_msg"": ""정상적으로 처리되었습니다""}"
2026-06-10,watchlist,028670,,1,filtered_candidate_recheck,5030,,5030,5020,5030,5000,-0.7952286282306162,0.19880715705765406,,,,,,"{""bid_req_base_tm"": ""112235"", ""sel_10th_pre_req_pre"": ""0"", ""sel_10th_pre_req"": ""3049"", ""sel_10th_pre_bid"": ""-5120"", ""sel_9th_pre_req_pre"": ""0"", ""sel_9th_pre_req"": ""301"", ""sel_9th_pre_bid"": ""-5110"", ""sel_8th_pre_req_pre"": ""0"", ""sel_8th_pre_req"": ""2011"", ""sel_8th_pre_bid"": ""-5100"", ""sel_7th_pre_req_pre"": ""0"", ""sel_7th_pre_req"": ""1385"", ""sel_7th_pre_bid"": ""-5090"", ""sel_6th_pre_req_pre"": ""0"", ""sel_6th_pre_req"": ""1117"", ""sel_6th_pre_bid"": ""-5080"", ""sel_5th_pre_req_pre"": ""0"", ""sel_5th_pre_req"": ""401"", ""sel_5th_pre_bid"": ""-5070"", ""sel_4th_pre_req_pre"": ""0"", ""sel_4th_pre_req"": ""1244"", ""sel_4th_pre_bid"": ""-5060"", ""sel_3th_pre_req_pre"": ""0"", ""sel_3th_pre_req"": ""6548"", ""sel_3th_pre_bid"": ""-5050"", ""sel_2th_pre_req_pre"": ""0"", ""sel_2th_pre_req"": ""636"", ""sel_2th_pre_bid"": ""-5040"", ""sel_1th_pre_req_pre"": ""0"", ""sel_fpr_req"": ""1501"", ""sel_fpr_bid"": ""-5030"", ""buy_fpr_bid"": ""-5020"", ""buy_fpr_req"": ""1005"", ""buy_1th_pre_req_pre"": ""0"", ""buy_2th_pre_bid"": ""-5010"", ""buy_2th_pre_req"": ""897"", ""buy_2th_pre_req_pre"": ""0"", ""buy_3th_pre_bid"": ""-5000"", ""buy_3th_pre_req"": ""2030"", ""buy_3th_pre_req_pre"": ""0"", ""buy_4th_pre_bid"": ""-4995"", ""buy_4th_pre_req"": ""317"", ""buy_4th_pre_req_pre"": ""0"", ""buy_5th_pre_bid"": ""-4990"", ""buy_5th_pre_req"": ""121"", ""buy_5th_pre_req_pre"": ""0"", ""buy_6th_pre_bid"": ""-4985"", ""buy_6th_pre_req"": ""1"", ""buy_6th_pre_req_pre"": ""0"", ""buy_7th_pre_bid"": ""-4980"", ""buy_7th_pre_req"": ""261"", ""buy_7th_pre_req_pre"": ""0"", ""buy_8th_pre_bid"": ""-4975"", ""buy_8th_pre_req"": ""1001"", ""buy_8th_pre_req_pre"": ""0"", ""buy_9th_pre_bid"": ""-4970"", ""buy_9th_pre_req"": ""1457"", ""buy_9th_pre_req_pre"": ""0"", ""buy_10th_pre_bid"": ""-4965"", ""buy_10th_pre_req"": ""483"", ""buy_10th_pre_req_pre"": ""0"", ""tot_sel_req_jub_pre"": ""0"", ""tot_sel_req"": ""18193"", ""tot_buy_req"": ""7573"", ""tot_buy_req_jub_pre"": ""0"", ""ovt_sel_req_pre"": ""0"", ""ovt_sel_req"": ""0"", ""ovt_buy_req"": ""0"", ""ovt_buy_req_pre"": ""0"", ""return_code"": 0, ""return_msg"": ""정상적으로 처리되었습니다""}"
2026-06-10,watchlist,004990,,0,filtered_candidate_recheck,25750,,25750,25700,25750,25700,-0.3883495145631068,0.1941747572815534,,,,,,"{""bid_req_base_tm"": ""112230"", ""sel_10th_pre_req_pre"": ""0"", ""sel_10th_pre_req"": ""135"", ""sel_10th_pre_bid"": ""+26250"", ""sel_9th_pre_req_pre"": ""0"", ""sel_9th_pre_req"": ""168"", ""sel_9th_pre_bid"": ""+26200"", ""sel_8th_pre_req_pre"": ""0"", ""sel_8th_pre_req"": ""3089"", ""sel_8th_pre_bid"": ""26150"", ""sel_7th_pre_req_pre"": ""0"", ""sel_7th_pre_req"": ""428"", ""sel_7th_pre_bid"": ""-26100"", ""sel_6th_pre_req_pre"": ""0"", ""sel_6th_pre_req"": ""264"", ""sel_6th_pre_bid"": ""-26050"", ""sel_5th_pre_req_pre"": ""0"", ""sel_5th_pre_req"": ""122"", ""sel_5th_pre_bid"": ""-26000"", ""sel_4th_pre_req_pre"": ""0"", ""sel_4th_pre_req"": ""36"", ""sel_4th_pre_bid"": ""-25950"", ""sel_3th_pre_req_pre"": ""0"", ""sel_3th_pre_req"": ""68"", ""sel_3th_pre_bid"": ""-25900"", ""sel_2th_pre_req_pre"": ""0"", ""sel_2th_pre_req"": ""230"", ""sel_2th_pre_bid"": ""-25800"", ""sel_1th_pre_req_pre"": ""+42"", ""sel_fpr_req"": ""503"", ""sel_fpr_bid"": ""-25750"", ""buy_fpr_bid"": ""-25700"", ""buy_fpr_req"": ""196"", ""buy_1th_pre_req_pre"": ""0"", ""buy_2th_pre_bid"": ""-25650"", ""buy_2th_pre_req"": ""92"", ""buy_2th_pre_req_pre"": ""0"", ""buy_3th_pre_bid"": ""-25600"", ""buy_3th_pre_req"": ""296"", ""buy_3th_pre_req_pre"": ""0"", ""buy_4th_pre_bid"": ""-25550"", ""buy_4th_pre_req"": ""637"", ""buy_4th_pre_req_pre"": ""0"", ""buy_5th_pre_bid"": ""-25500"", ""buy_5th_pre_req"": ""975"", ""buy_5th_pre_req_pre"": ""0"", ""buy_6th_pre_bid"": ""-25450"", ""buy_6th_pre_req"": ""167"", ""buy_6th_pre_req_pre"": ""0"", ""buy_7th_pre_bid"": ""-25400"", ""buy_7th_pre_req"": ""650"", ""buy_7th_pre_req_pre"": ""0"", ""buy_8th_pre_bid"": ""-25350"", ""buy_8th_pre_req"": ""391"", ""buy_8th_pre_req_pre"": ""0"", ""buy_9th_pre_bid"": ""-25300"", ""buy_9th_pre_req"": ""428"", ""buy_9th_pre_req_pre"": ""0"", ""buy_10th_pre_bid"": ""-25250"", ""buy_10th_pre_req"": ""819"", ""buy_10th_pre_req_pre"": ""0"", ""tot_sel_req_jub_pre"": ""+42"", ""tot_sel_req"": ""5043"", ""tot_buy_req"": ""4651"", ""tot_buy_req_jub_pre"": ""0"", ""ovt_sel_req_pre"": ""0"", ""ovt_sel_req"": ""0"", ""ovt_buy_req"": ""0"", ""ovt_buy_req_pre"": ""0"", ""return_code"": 0, ""return_msg"": ""정상적으로 처리되었습니다""}"
2026-06-10,watchlist,081660,,0,filtered_candidate_recheck,40450,,40450,40300,40450,40400,-0.2472187886279357,0.3708281829419036,,,,,,"{""bid_req_base_tm"": ""112232"", ""sel_10th_pre_req_pre"": ""0"", ""sel_10th_pre_req"": ""362"", ""sel_10th_pre_bid"": ""+41000"", ""sel_9th_pre_req_pre"": ""0"", ""sel_9th_pre_req"": ""303"", ""sel_9th_pre_bid"": ""+40950"", ""sel_8th_pre_req_pre"": ""0"", ""sel_8th_pre_req"": ""176"", ""sel_8th_pre_bid"": ""+40900"", ""sel_7th_pre_req_pre"": ""0"", ""sel_7th_pre_req"": ""136"", ""sel_7th_pre_bid"": ""+40800"", ""sel_6th_pre_req_pre"": ""0"", ""sel_6th_pre_req"": ""13"", ""sel_6th_pre_bid"": ""+40750"", ""sel_5th_pre_req_pre"": ""0"", ""sel_5th_pre_req"": ""70"", ""sel_5th_pre_bid"": ""+40700"", ""sel_4th_pre_req_pre"": ""0"", ""sel_4th_pre_req"": ""75"", ""sel_4th_pre_bid"": ""+40600"", ""sel_3th_pre_req_pre"": ""0"", ""sel_3th_pre_req"": ""251"", ""sel_3th_pre_bid"": ""+40550"", ""sel_2th_pre_req_pre"": ""0"", ""sel_2th_pre_req"": ""409"", ""sel_2th_pre_bid"": ""+40500"", ""sel_1th_pre_req_pre"": ""+48"", ""sel_fpr_req"": ""283"", ""sel_fpr_bid"": ""+40450"", ""buy_fpr_bid"": ""+40300"", ""buy_fpr_req"": ""531"", ""buy_1th_pre_req_pre"": ""0"", ""buy_2th_pre_bid"": ""+40200"", ""buy_2th_pre_req"": ""36"", ""buy_2th_pre_req_pre"": ""0"", ""buy_3th_pre_bid"": ""+40150"", ""buy_3th_pre_req"": ""42"", ""buy_3th_pre_req_pre"": ""0"", ""buy_4th_pre_bid"": ""+40100"", ""buy_4th_pre_req"": ""110"", ""buy_4th_pre_req_pre"": ""0"", ""buy_5th_pre_bid"": ""+40050"", ""buy_5th_pre_req"": ""294"", ""buy_5th_pre_req_pre"": ""0"", ""buy_6th_pre_bid"": ""+40000"", ""buy_6th_pre_req"": ""517"", ""buy_6th_pre_req_pre"": ""0"", ""buy_7th_pre_bid"": ""+39950"", ""buy_7th_pre_req"": ""500"", ""buy_7th_pre_req_pre"": ""0"", ""buy_8th_pre_bid"": ""+39900"", ""buy_8th_pre_req"": ""2"", ""buy_8th_pre_req_pre"": ""0"", ""buy_9th_pre_bid"": ""+39850"", ""buy_9th_pre_req"": ""1"", ""buy_9th_pre_req_pre"": ""0"", ""buy_10th_pre_bid"": ""+39800"", ""buy_10th_pre_req"": ""5"", ""buy_10th_pre_req_pre"": ""0"", ""tot_sel_req_jub_pre"": ""+48"", ""tot_sel_req"": ""2078"", ""tot_buy_req"": ""2038"", ""tot_buy_req_jub_pre"": ""0"", ""ovt_sel_req_pre"": ""0"", ""ovt_sel_req"": ""0"", ""ovt_buy_req"": ""0"", ""ovt_buy_req_pre"": ""0"", ""return_code"": 0, ""return_msg"": ""정상적으로 처리되었습니다""}"
2026-06-10,watchlist,008770,,0,filtered_candidate_recheck,56300,,56300,56200,56300,55900,-0.8880994671403196,0.17761989342806395,,,,,,"{""bid_req_base_tm"": ""112235"", ""sel_10th_pre_req_pre"": ""0"", ""sel_10th_pre_req"": ""155"", ""sel_10th_pre_bid"": ""+57200"", ""sel_9th_pre_req_pre"": ""0"", ""sel_9th_pre_req"": ""36"", ""sel_9th_pre_bid"": ""+57100"", ""sel_8th_pre_req_pre"": ""0"", ""sel_8th_pre_req"": ""437"", ""sel_8th_pre_bid"": ""+57000"", ""sel_7th_pre_req_pre"": ""0"", ""sel_7th_pre_req"": ""526"", ""sel_7th_pre_bid"": ""+56900"", ""sel_6th_pre_req_pre"": ""0"", ""sel_6th_pre_req"": ""309"", ""sel_6th_pre_bid"": ""+56800"", ""sel_5th_pre_req_pre"": ""0"", ""sel_5th_pre_req"": ""166"", ""sel_5th_pre_bid"": ""+56700"", ""sel_4th_pre_req_pre"": ""0"", ""sel_4th_pre_req"": ""132"", ""sel_4th_pre_bid"": ""+56600"", ""sel_3th_pre_req_pre"": ""0"", ""sel_3th_pre_req"": ""950"", ""sel_3th_pre_bid"": ""+56500"", ""sel_2th_pre_req_pre"": ""0"", ""sel_2th_pre_req"": ""358"", ""sel_2th_pre_bid"": ""+56400"", ""sel_1th_pre_req_pre"": ""0"", ""sel_fpr_req"": ""231"", ""sel_fpr_bid"": ""+56300"", ""buy_fpr_bid"": ""+56200"", ""buy_fpr_req"": ""345"", ""buy_1th_pre_req_pre"": ""0"", ""buy_2th_pre_bid"": ""+56100"", ""buy_2th_pre_req"": ""304"", ""buy_2th_pre_req_pre"": ""0"", ""buy_3th_pre_bid"": ""+56000"", ""buy_3th_pre_req"": ""73"", ""buy_3th_pre_req_pre"": ""0"", ""buy_4th_pre_bid"": ""+55900"", ""buy_4th_pre_req"": ""11"", ""buy_4th_pre_req_pre"": ""0"", ""buy_5th_pre_bid"": ""+55800"", ""buy_5th_pre_req"": ""1"", ""buy_5th_pre_req_pre"": ""0"", ""buy_6th_pre_bid"": ""+55700"", ""buy_6th_pre_req"": ""50"", ""buy_6th_pre_req_pre"": ""0"", ""buy_7th_pre_bid"": ""+55600"", ""buy_7th_pre_req"": ""258"", ""buy_7th_pre_req_pre"": ""0"", ""buy_8th_pre_bid"": ""+55500"", ""buy_8th_pre_req"": ""141"", ""buy_8th_pre_req_pre"": ""0"", ""buy_9th_pre_bid"": ""+55400"", ""buy_9th_pre_req"": ""48"", ""buy_9th_pre_req_pre"": ""0"", ""buy_10th_pre_bid"": ""+55300"", ""buy_10th_pre_req"": ""72"", ""buy_10th_pre_req_pre"": ""0"", ""tot_sel_req_jub_pre"": ""0"", ""tot_sel_req"": ""3300"", ""tot_buy_req"": ""1303"", ""tot_buy_req_jub_pre"": ""0"", ""ovt_sel_req_pre"": ""0"", ""ovt_sel_req"": ""0"", ""ovt_buy_req"": ""0"", ""ovt_buy_req_pre"": ""0"", ""return_code"": 0, ""return_msg"": ""정상적으로 처리되었습니다""}"
2026-06-10,watchlist,012330,,0,filtered_candidate_recheck,572000,,572000,571000,572000,576000,0.5244755244755245,0.17482517482517482,,,,,,"{""bid_req_base_tm"": ""112236"", ""sel_10th_pre_req_pre"": ""0"", ""sel_10th_pre_req"": ""137"", ""sel_10th_pre_bid"": ""-581000"", ""sel_9th_pre_req_pre"": ""0"", ""sel_9th_pre_req"": ""164"", ""sel_9th_pre_bid"": ""-580000"", ""sel_8th_pre_req_pre"": ""0"", ""sel_8th_pre_req"": ""14"", ""sel_8th_pre_bid"": ""-579000"", ""sel_7th_pre_req_pre"": ""0"", ""sel_7th_pre_req"": ""8"", ""sel_7th_pre_bid"": ""-578000"", ""sel_6th_pre_req_pre"": ""0"", ""sel_6th_pre_req"": ""268"", ""sel_6th_pre_bid"": ""-577000"", ""sel_5th_pre_req_pre"": ""0"", ""sel_5th_pre_req"": ""60"", ""sel_5th_pre_bid"": ""-576000"", ""sel_4th_pre_req_pre"": ""0"", ""sel_4th_pre_req"": ""333"", ""sel_4th_pre_bid"": ""-575000"", ""sel_3th_pre_req_pre"": ""0"", ""sel_3th_pre_req"": ""630"", ""sel_3th_pre_bid"": ""-574000"", ""sel_2th_pre_req_pre"": ""0"", ""sel_2th_pre_req"": ""255"", ""sel_2th_pre_bid"": ""-573000"", ""sel_1th_pre_req_pre"": ""0"", ""sel_fpr_req"": ""84"", ""sel_fpr_bid"": ""-572000"", ""buy_fpr_bid"": ""-571000"", ""buy_fpr_req"": ""2122"", ""buy_1th_pre_req_pre"": ""--10"", ""buy_2th_pre_bid"": ""-570000"", ""buy_2th_pre_req"": ""5702"", ""buy_2th_pre_req_pre"": ""0"", ""buy_3th_pre_bid"": ""-569000"", ""buy_3th_pre_req"": ""3377"", ""buy_3th_pre_req_pre"": ""0"", ""buy_4th_pre_bid"": ""-568000"", ""buy_4th_pre_req"": ""1144"", ""buy_4th_pre_req_pre"": ""0"", ""buy_5th_pre_bid"": ""-567000"", ""buy_5th_pre_req"": ""799"", ""buy_5th_pre_req_pre"": ""0"", ""buy_6th_pre_bid"": ""-566000"", ""buy_6th_pre_req"": ""1522"", ""buy_6th_pre_req_pre"": ""0"", ""buy_7th_pre_bid"": ""-565000"", ""buy_7th_pre_req"": ""1873"", ""buy_7th_pre_req_pre"": ""0"", ""buy_8th_pre_bid"": ""-564000"", ""buy_8th_pre_req"": ""623"", ""buy_8th_pre_req_pre"": ""0"", ""buy_9th_pre_bid"": ""-563000"", ""buy_9th_pre_req"": ""2132"", ""buy_9th_pre_req_pre"": ""0"", ""buy_10th_pre_bid"": ""-562000"", ""buy_10th_pre_req"": ""496"", ""buy_10th_pre_req_pre"": ""0"", ""tot_sel_req_jub_pre"": ""0"", ""tot_sel_req"": ""1953"", ""tot_buy_req"": ""19790"", ""tot_buy_req_jub_pre"": ""--10"", ""ovt_sel_req_pre"": ""0"", ""ovt_sel_req"": ""0"", ""ovt_buy_req"": ""0"", ""ovt_buy_req_pre"": ""0"", ""return_code"": 0, ""return_msg"": ""정상적으로 처리되었습니다""}"
2026-06-10,watchlist,009155,,0,filtered_candidate_recheck,597000,,597000,596000,597000,602000,0.6700167504187605,0.16750418760469013,,,,,,"{""bid_req_base_tm"": ""112236"", ""sel_10th_pre_req_pre"": ""0"", ""sel_10th_pre_req"": ""40"", ""sel_10th_pre_bid"": ""-609000"", ""sel_9th_pre_req_pre"": ""0"", ""sel_9th_pre_req"": ""11"", ""sel_9th_pre_bid"": ""-608000"", ""sel_8th_pre_req_pre"": ""0"", ""sel_8th_pre_req"": ""1"", ""sel_8th_pre_bid"": ""-607000"", ""sel_7th_pre_req_pre"": ""0"", ""sel_7th_pre_req"": ""34"", ""sel_7th_pre_bid"": ""-605000"", ""sel_6th_pre_req_pre"": ""0"", ""sel_6th_pre_req"": ""5"", ""sel_6th_pre_bid"": ""-604000"", ""sel_5th_pre_req_pre"": ""0"", ""sel_5th_pre_req"": ""3"", ""sel_5th_pre_bid"": ""-603000"", ""sel_4th_pre_req_pre"": ""0"", ""sel_4th_pre_req"": ""27"", ""sel_4th_pre_bid"": ""-602000"", ""sel_3th_pre_req_pre"": ""0"", ""sel_3th_pre_req"": ""10"", ""sel_3th_pre_bid"": ""-600000"", ""sel_2th_pre_req_pre"": ""0"", ""sel_2th_pre_req"": ""43"", ""sel_2th_pre_bid"": ""-599000"", ""sel_1th_pre_req_pre"": ""--1"", ""sel_fpr_req"": ""161"", ""sel_fpr_bid"": ""-597000"", ""buy_fpr_bid"": ""-596000"", ""buy_fpr_req"": ""158"", ""buy_1th_pre_req_pre"": ""0"", ""buy_2th_pre_bid"": ""-595000"", ""buy_2th_pre_req"": ""355"", ""buy_2th_pre_req_pre"": ""0"", ""buy_3th_pre_bid"": ""-594000"", ""buy_3th_pre_req"": ""84"", ""buy_3th_pre_req_pre"": ""0"", ""buy_4th_pre_bid"": ""-593000"", ""buy_4th_pre_req"": ""104"", ""buy_4th_pre_req_pre"": ""0"", ""buy_5th_pre_bid"": ""-592000"", ""buy_5th_pre_req"": ""40"", ""buy_5th_pre_req_pre"": ""0"", ""buy_6th_pre_bid"": ""-591000"", ""buy_6th_pre_req"": ""194"", ""buy_6th_pre_req_pre"": ""0"", ""buy_7th_pre_bid"": ""-590000"", ""buy_7th_pre_req"": ""426"", ""buy_7th_pre_req_pre"": ""0"", ""buy_8th_pre_bid"": ""-589000"", ""buy_8th_pre_req"": ""72"", ""buy_8th_pre_req_pre"": ""0"", ""buy_9th_pre_bid"": ""-588000"", ""buy_9th_pre_req"": ""87"", ""buy_9th_pre_req_pre"": ""0"", ""buy_10th_pre_bid"": ""-587000"", ""buy_10th_pre_req"": ""52"", ""buy_10th_pre_req_pre"": ""0"", ""tot_sel_req_jub_pre"": ""--1"", ""tot_sel_req"": ""335"", ""tot_buy_req"": ""1572"", ""tot_buy_req_jub_pre"": ""0"", ""ovt_sel_req_pre"": ""0"", ""ovt_sel_req"": ""0"", ""ovt_buy_req"": ""0"", ""ovt_buy_req_pre"": ""0"", ""return_code"": 0, ""return_msg"": ""정상적으로 처리되었습니다""}"
2026-06-10,watchlist,181710,,1,filtered_candidate_recheck,40450,,40450,40400,40450,40650,0.3708281829419036,0.12360939431396785,,,,,,"{""bid_req_base_tm"": ""112235"", ""sel_10th_pre_req_pre"": ""0"", ""sel_10th_pre_req"": ""13"", ""sel_10th_pre_bid"": ""-41150"", ""sel_9th_pre_req_pre"": ""0"", ""sel_9th_pre_req"": ""10"", ""sel_9th_pre_bid"": ""-41100"", ""sel_8th_pre_req_pre"": ""0"", ""sel_8th_pre_req"": ""10"", ""sel_8th_pre_bid"": ""-41050"", ""sel_7th_pre_req_pre"": ""0"", ""sel_7th_pre_req"": ""60"", ""sel_7th_pre_bid"": ""-41000"", ""sel_6th_pre_req_pre"": ""0"", ""sel_6th_pre_req"": ""50"", ""sel_6th_pre_bid"": ""-40950"", ""sel_5th_pre_req_pre"": ""0"", ""sel_5th_pre_req"": ""95"", ""sel_5th_pre_bid"": ""-40800"", ""sel_4th_pre_req_pre"": ""0"", ""sel_4th_pre_req"": ""24"", ""sel_4th_pre_bid"": ""-40750"", ""sel_3th_pre_req_pre"": ""0"", ""sel_3th_pre_req"": ""4"", ""sel_3th_pre_bid"": ""-40600"", ""sel_2th_pre_req_pre"": ""0"", ""sel_2th_pre_req"": ""389"", ""sel_2th_pre_bid"": ""-40500"", ""sel_1th_pre_req_pre"": ""0"", ""sel_fpr_req"": ""351"", ""sel_fpr_bid"": ""-40450"", ""buy_fpr_bid"": ""-40400"", ""buy_fpr_req"": ""160"", ""buy_1th_pre_req_pre"": ""0"", ""buy_2th_pre_bid"": ""-40350"", ""buy_2th_pre_req"": ""99"", ""buy_2th_pre_req_pre"": ""0"", ""buy_3th_pre_bid"": ""-40300"", ""buy_3th_pre_req"": ""95"", ""buy_3th_pre_req_pre"": ""0"", ""buy_4th_pre_bid"": ""-40250"", ""buy_4th_pre_req"": ""294"", ""buy_4th_pre_req_pre"": ""0"", ""buy_5th_pre_bid"": ""-40200"", ""buy_5th_pre_req"": ""201"", ""buy_5th_pre_req_pre"": ""0"", ""buy_6th_pre_bid"": ""-40150"", ""buy_6th_pre_req"": ""1212"", ""buy_6th_pre_req_pre"": ""0"", ""buy_7th_pre_bid"": ""-40100"", ""buy_7th_pre_req"": ""443"", ""buy_7th_pre_req_pre"": ""0"", ""buy_8th_pre_bid"": ""-40050"", ""buy_8th_pre_req"": ""133"", ""buy_8th_pre_req_pre"": ""0"", ""buy_9th_pre_bid"": ""-40000"", ""buy_9th_pre_req"": ""679"", ""buy_9th_pre_req_pre"": ""0"", ""buy_10th_pre_bid"": ""-39950"", ""buy_10th_pre_req"": ""546"", ""buy_10th_pre_req_pre"": ""0"", ""tot_sel_req_jub_pre"": ""0"", ""tot_sel_req"": ""1006"", ""tot_buy_req"": ""3862"", ""tot_buy_req_jub_pre"": ""0"", ""ovt_sel_req_pre"": ""0"", ""ovt_sel_req"": ""0"", ""ovt_buy_req"": ""0"", ""ovt_buy_req_pre"": ""0"", ""return_code"": 0, ""return_msg"": ""정상적으로 처리되었습니다""}"
2026-06-10,watchlist,085620,,0,filtered_candidate_recheck,22550,,22550,22500,22550,22450,-0.6651884700665188,0.22172949002217296,,,,,,"{""bid_req_base_tm"": ""112236"", ""sel_10th_pre_req_pre"": ""0"", ""sel_10th_pre_req"": ""5141"", ""sel_10th_pre_bid"": ""-23000"", ""sel_9th_pre_req_pre"": ""0"", ""sel_9th_pre_req"": ""2538"", ""sel_9th_pre_bid"": ""-22950"", ""sel_8th_pre_req_pre"": ""0"", ""sel_8th_pre_req"": ""4374"", ""sel_8th_pre_bid"": ""-22900"", ""sel_7th_pre_req_pre"": ""0"", ""sel_7th_pre_req"": ""1945"", ""sel_7th_pre_bid"": ""-22850"", ""sel_6th_pre_req_pre"": ""0"", ""sel_6th_pre_req"": ""2110"", ""sel_6th_pre_bid"": ""-22800"", ""sel_5th_pre_req_pre"": ""0"", ""sel_5th_pre_req"": ""2114"", ""sel_5th_pre_bid"": ""-22750"", ""sel_4th_pre_req_pre"": ""0"", ""sel_4th_pre_req"": ""1482"", ""sel_4th_pre_bid"": ""-22700"", ""sel_3th_pre_req_pre"": ""0"", ""sel_3th_pre_req"": ""1026"", ""sel_3th_pre_bid"": ""-22650"", ""sel_2th_pre_req_pre"": ""0"", ""sel_2th_pre_req"": ""1030"", ""sel_2th_pre_bid"": ""-22600"", ""sel_1th_pre_req_pre"": ""0"", ""sel_fpr_req"": ""514"", ""sel_fpr_bid"": ""-22550"", ""buy_fpr_bid"": ""-22500"", ""buy_fpr_req"": ""837"", ""buy_1th_pre_req_pre"": ""+10"", ""buy_2th_pre_bid"": ""-22450"", ""buy_2th_pre_req"": ""70"", ""buy_2th_pre_req_pre"": ""0"", ""buy_3th_pre_bid"": ""-22400"", ""buy_3th_pre_req"": ""422"", ""buy_3th_pre_req_pre"": ""0"", ""buy_4th_pre_bid"": ""-22350"", ""buy_4th_pre_req"": ""687"", ""buy_4th_pre_req_pre"": ""0"", ""buy_5th_pre_bid"": ""-22300"", ""buy_5th_pre_req"": ""413"", ""buy_5th_pre_req_pre"": ""0"", ""buy_6th_pre_bid"": ""-22250"", ""buy_6th_pre_req"": ""690"", ""buy_6th_pre_req_pre"": ""0"", ""buy_7th_pre_bid"": ""-22200"", ""buy_7th_pre_req"": ""1419"", ""buy_7th_pre_req_pre"": ""0"", ""buy_8th_pre_bid"": ""-22150"", ""buy_8th_pre_req"": ""3654"", ""buy_8th_pre_req_pre"": ""0"", ""buy_9th_pre_bid"": ""-22100"", ""buy_9th_pre_req"": ""694"", ""buy_9th_pre_req_pre"": ""0"", ""buy_10th_pre_bid"": ""-22050"", ""buy_10th_pre_req"": ""2251"", ""buy_10th_pre_req_pre"": ""0"", ""tot_sel_req_jub_pre"": ""0"", ""tot_sel_req"": ""22274"", ""tot_buy_req"": ""11137"", ""tot_buy_req_jub_pre"": ""+10"", ""ovt_sel_req_pre"": ""0"", ""ovt_sel_req"": ""0"", ""ovt_buy_req"": ""0"", ""ovt_buy_req_pre"": ""0"", ""return_code"": 0, ""return_msg"": ""정상적으로 처리되었습니다""}"
2026-06-10,watchlist,062040,,0,filtered_candidate_recheck,221000,,221000,220500,221000,222500,0.4524886877828055,0.22624434389140274,,,,,,"{""bid_req_base_tm"": ""112235"", ""sel_10th_pre_req_pre"": ""0"", ""sel_10th_pre_req"": ""8"", ""sel_10th_pre_bid"": ""+225500"", ""sel_9th_pre_req_pre"": ""0"", ""sel_9th_pre_req"": ""70"", ""sel_9th_pre_bid"": ""225000"", ""sel_8th_pre_req_pre"": ""0"", ""sel_8th_pre_req"": ""4"", ""sel_8th_pre_bid"": ""-224500"", ""sel_7th_pre_req_pre"": ""0"", ""sel_7th_pre_req"": ""1"", ""sel_7th_pre_bid"": ""-224000"", ""sel_6th_pre_req_pre"": ""0"", ""sel_6th_pre_req"": ""2"", ""sel_6th_pre_bid"": ""-223500"", ""sel_5th_pre_req_pre"": ""0"", ""sel_5th_pre_req"": ""57"", ""sel_5th_pre_bid"": ""-223000"", ""sel_4th_pre_req_pre"": ""0"", ""sel_4th_pre_req"": ""87"", ""sel_4th_pre_bid"": ""-222500"", ""sel_3th_pre_req_pre"": ""0"", ""sel_3th_pre_req"": ""198"", ""sel_3th_pre_bid"": ""-222000"", ""sel_2th_pre_req_pre"": ""0"", ""sel_2th_pre_req"": ""310"", ""sel_2th_pre_bid"": ""-221500"", ""sel_1th_pre_req_pre"": ""0"", ""sel_fpr_req"": ""252"", ""sel_fpr_bid"": ""-221000"", ""buy_fpr_bid"": ""-220500"", ""buy_fpr_req"": ""267"", ""buy_1th_pre_req_pre"": ""--10"", ""buy_2th_pre_bid"": ""-220000"", ""buy_2th_pre_req"": ""2703"", ""buy_2th_pre_req_pre"": ""0"", ""buy_3th_pre_bid"": ""-219500"", ""buy_3th_pre_req"": ""186"", ""buy_3th_pre_req_pre"": ""0"", ""buy_4th_pre_bid"": ""-219000"", ""buy_4th_pre_req"": ""294"", ""buy_4th_pre_req_pre"": ""0"", ""buy_5th_pre_bid"": ""-218500"", ""buy_5th_pre_req"": ""390"", ""buy_5th_pre_req_pre"": ""0"", ""buy_6th_pre_bid"": ""-218000"", ""buy_6th_pre_req"": ""564"", ""buy_6th_pre_req_pre"": ""0"", ""buy_7th_pre_bid"": ""-217500"", ""buy_7th_pre_req"": ""112"", ""buy_7th_pre_req_pre"": ""0"", ""buy_8th_pre_bid"": ""-217000"", ""buy_8th_pre_req"": ""340"", ""buy_8th_pre_req_pre"": ""0"", ""buy_9th_pre_bid"": ""-216500"", ""buy_9th_pre_req"": ""240"", ""buy_9th_pre_req_pre"": ""0"", ""buy_10th_pre_bid"": ""-216000"", ""buy_10th_pre_req"": ""109"", ""buy_10th_pre_req_pre"": ""0"", ""tot_sel_req_jub_pre"": ""0"", ""tot_sel_req"": ""989"", ""tot_buy_req"": ""5205"", ""tot_buy_req_jub_pre"": ""--10"", ""ovt_sel_req_pre"": ""0"", ""ovt_sel_req"": ""0"", ""ovt_buy_req"": ""0"", ""ovt_buy_req_pre"": ""0"", ""return_code"": 0, ""return_msg"": ""정상적으로 처리되었습니다""}"
2026-06-10,watchlist,036460,,0,filtered_candidate_recheck,34600,,34600,34450,34600,34500,-0.4335260115606936,0.4335260115606936,,,,,,"{""bid_req_base_tm"": ""112234"", ""sel_10th_pre_req_pre"": ""0"", ""sel_10th_pre_req"": ""74"", ""sel_10th_pre_bid"": ""+35050"", ""sel_9th_pre_req_pre"": ""0"", ""sel_9th_pre_req"": ""4270"", ""sel_9th_pre_bid"": ""+35000"", ""sel_8th_pre_req_pre"": ""0"", ""sel_8th_pre_req"": ""148"", ""sel_8th_pre_bid"": ""+34950"", ""sel_7th_pre_req_pre"": ""0"", ""sel_7th_pre_req"": ""619"", ""sel_7th_pre_bid"": ""+34900"", ""sel_6th_pre_req_pre"": ""0"", ""sel_6th_pre_req"": ""533"", ""sel_6th_pre_bid"": ""+34850"", ""sel_5th_pre_req_pre"": ""0"", ""sel_5th_pre_req"": ""310"", ""sel_5th_pre_bid"": ""+34800"", ""sel_4th_pre_req_pre"": ""0"", ""sel_4th_pre_req"": ""578"", ""sel_4th_pre_bid"": ""+34750"", ""sel_3th_pre_req_pre"": ""0"", ""sel_3th_pre_req"": ""662"", ""sel_3th_pre_bid"": ""+34700"", ""sel_2th_pre_req_pre"": ""0"", ""sel_2th_pre_req"": ""518"", ""sel_2th_pre_bid"": ""+34650"", ""sel_1th_pre_req_pre"": ""0"", ""sel_fpr_req"": ""1052"", ""sel_fpr_bid"": ""+34600"", ""buy_fpr_bid"": ""+34450"", ""buy_fpr_req"": ""786"", ""buy_1th_pre_req_pre"": ""+209"", ""buy_2th_pre_bid"": ""+34400"", ""buy_2th_pre_req"": ""596"", ""buy_2th_pre_req_pre"": ""0"", ""buy_3th_pre_bid"": ""+34350"", ""buy_3th_pre_req"": ""228"", ""buy_3th_pre_req_pre"": ""0"", ""buy_4th_pre_bid"": ""+34300"", ""buy_4th_pre_req"": ""1888"", ""buy_4th_pre_req_pre"": ""0"", ""buy_5th_pre_bid"": ""+34250"", ""buy_5th_pre_req"": ""601"", ""buy_5th_pre_req_pre"": ""0"", ""buy_6th_pre_bid"": ""+34200"", ""buy_6th_pre_req"": ""760"", ""buy_6th_pre_req_pre"": ""0"", ""buy_7th_pre_bid"": ""+34150"", ""buy_7th_pre_req"": ""594"", ""buy_7th_pre_req_pre"": ""0"", ""buy_8th_pre_bid"": ""+34100"", ""buy_8th_pre_req"": ""700"", ""buy_8th_pre_req_pre"": ""0"", ""buy_9th_pre_bid"": ""+34050"", ""buy_9th_pre_req"": ""1168"", ""buy_9th_pre_req_pre"": ""0"", ""buy_10th_pre_bid"": ""34000"", ""buy_10th_pre_req"": ""3339"", ""buy_10th_pre_req_pre"": ""0"", ""tot_sel_req_jub_pre"": ""0"", ""tot_sel_req"": ""8764"", ""tot_buy_req"": ""10660"", ""tot_buy_req_jub_pre"": ""+209"", ""ovt_sel_req_pre"": ""0"", ""ovt_sel_req"": ""0"", ""ovt_buy_req"": ""0"", ""ovt_buy_req_pre"": ""0"", ""return_code"": 0, ""return_msg"": ""정상적으로 처리되었습니다""}"
2026-06-10,watchlist,066575,,0,filtered_candidate_recheck,78200,,78200,78100,78200,78500,0.2557544757033248,0.1278772378516624,,,,,,"{""bid_req_base_tm"": ""112237"", ""sel_10th_pre_req_pre"": ""0"", ""sel_10th_pre_req"": ""50"", ""sel_10th_pre_bid"": ""-79100"", ""sel_9th_pre_req_pre"": ""0"", ""sel_9th_pre_req"": ""322"", ""sel_9th_pre_bid"": ""-79000"", ""sel_8th_pre_req_pre"": ""0"", ""sel_8th_pre_req"": ""49"", ""sel_8th_pre_bid"": ""-78900"", ""sel_7th_pre_req_pre"": ""0"", ""sel_7th_pre_req"": ""103"", ""sel_7th_pre_bid"": ""-78800"", ""sel_6th_pre_req_pre"": ""0"", ""sel_6th_pre_req"": ""22"", ""sel_6th_pre_bid"": ""-78700"", ""sel_5th_pre_req_pre"": ""0"", ""sel_5th_pre_req"": ""208"", ""sel_5th_pre_bid"": ""-78600"", ""sel_4th_pre_req_pre"": ""0"", ""sel_4th_pre_req"": ""328"", ""sel_4th_pre_bid"": ""-78500"", ""sel_3th_pre_req_pre"": ""0"", ""sel_3th_pre_req"": ""29"", ""sel_3th_pre_bid"": ""-78400"", ""sel_2th_pre_req_pre"": ""0"", ""sel_2th_pre_req"": ""133"", ""sel_2th_pre_bid"": ""-78300"", ""sel_1th_pre_req_pre"": ""+39"", ""sel_fpr_req"": ""166"", ""sel_fpr_bid"": ""-78200"", ""buy_fpr_bid"": ""-78100"", ""buy_fpr_req"": ""112"", ""buy_1th_pre_req_pre"": ""0"", ""buy_2th_pre_bid"": ""-78000"", ""buy_2th_pre_req"": ""741"", ""buy_2th_pre_req_pre"": ""0"", ""buy_3th_pre_bid"": ""-77900"", ""buy_3th_pre_req"": ""877"", ""buy_3th_pre_req_pre"": ""0"", ""buy_4th_pre_bid"": ""-77800"", ""buy_4th_pre_req"": ""1577"", ""buy_4th_pre_req_pre"": ""0"", ""buy_5th_pre_bid"": ""-77700"", ""buy_5th_pre_req"": ""532"", ""buy_5th_pre_req_pre"": ""0"", ""buy_6th_pre_bid"": ""-77600"", ""buy_6th_pre_req"": ""266"", ""buy_6th_pre_req_pre"": ""0"", ""buy_7th_pre_bid"": ""-77500"", ""buy_7th_pre_req"": ""1114"", ""buy_7th_pre_req_pre"": ""0"", ""buy_8th_pre_bid"": ""-77400"", ""buy_8th_pre_req"": ""128"", ""buy_8th_pre_req_pre"": ""0"", ""buy_9th_pre_bid"": ""-77300"", ""buy_9th_pre_req"": ""140"", ""buy_9th_pre_req_pre"": ""0"", ""buy_10th_pre_bid"": ""-77200"", ""buy_10th_pre_req"": ""438"", ""buy_10th_pre_req_pre"": ""0"", ""tot_sel_req_jub_pre"": ""+39"", ""tot_sel_req"": ""1410"", ""tot_buy_req"": ""5925"", ""tot_buy_req_jub_pre"": ""0"", ""ovt_sel_req_pre"": ""0"", ""ovt_sel_req"": ""0"", ""ovt_buy_req"": ""0"", ""ovt_buy_req_pre"": ""0"", ""return_code"": 0, ""return_msg"": ""정상적으로 처리되었습니다""}"
2026-06-10,watchlist,000810,,0,filtered_candidate_recheck,623000,,623000,622000,623000,618000,-0.9630818619582664,0.16051364365971107,,,,,,"{""bid_req_base_tm"": ""112237"", ""sel_10th_pre_req_pre"": ""0"", ""sel_10th_pre_req"": ""3"", ""sel_10th_pre_bid"": ""-632000"", ""sel_9th_pre_req_pre"": ""0"", ""sel_9th_pre_req"": ""8"", ""sel_9th_pre_bid"": ""-631000"", ""sel_8th_pre_req_pre"": ""0"", ""sel_8th_pre_req"": ""49"", ""sel_8th_pre_bid"": ""-630000"", ""sel_7th_pre_req_pre"": ""0"", ""sel_7th_pre_req"": ""15"", ""sel_7th_pre_bid"": ""-629000"", ""sel_6th_pre_req_pre"": ""0"", ""sel_6th_pre_req"": ""8"", ""sel_6th_pre_bid"": ""-628000"", ""sel_5th_pre_req_pre"": ""0"", ""sel_5th_pre_req"": ""27"", ""sel_5th_pre_bid"": ""-627000"", ""sel_4th_pre_req_pre"": ""0"", ""sel_4th_pre_req"": ""26"", ""sel_4th_pre_bid"": ""-626000"", ""sel_3th_pre_req_pre"": ""0"", ""sel_3th_pre_req"": ""106"", ""sel_3th_pre_bid"": ""-625000"", ""sel_2th_pre_req_pre"": ""0"", ""sel_2th_pre_req"": ""228"", ""sel_2th_pre_bid"": ""-624000"", ""sel_1th_pre_req_pre"": ""0"", ""sel_fpr_req"": ""457"", ""sel_fpr_bid"": ""-623000"", ""buy_fpr_bid"": ""-622000"", ""buy_fpr_req"": ""17"", ""buy_1th_pre_req_pre"": ""0"", ""buy_2th_pre_bid"": ""-621000"", ""buy_2th_pre_req"": ""79"", ""buy_2th_pre_req_pre"": ""0"", ""buy_3th_pre_bid"": ""-620000"", ""buy_3th_pre_req"": ""67"", ""buy_3th_pre_req_pre"": ""0"", ""buy_4th_pre_bid"": ""-619000"", ""buy_4th_pre_req"": ""4"", ""buy_4th_pre_req_pre"": ""0"", ""buy_5th_pre_bid"": ""-618000"", ""buy_5th_pre_req"": ""14"", ""buy_5th_pre_req_pre"": ""0"", ""buy_6th_pre_bid"": ""-617000"", ""buy_6th_pre_req"": ""36"", ""buy_6th_pre_req_pre"": ""0"", ""buy_7th_pre_bid"": ""-616000"", ""buy_7th_pre_req"": ""22"", ""buy_7th_pre_req_pre"": ""0"", ""buy_8th_pre_bid"": ""-615000"", ""buy_8th_pre_req"": ""21"", ""buy_8th_pre_req_pre"": ""0"", ""buy_9th_pre_bid"": ""-614000"", ""buy_9th_pre_req"": ""96"", ""buy_9th_pre_req_pre"": ""0"", ""buy_10th_pre_bid"": ""-613000"", ""buy_10th_pre_req"": ""39"", ""buy_10th_pre_req_pre"": ""0"", ""tot_sel_req_jub_pre"": ""0"", ""tot_sel_req"": ""927"", ""tot_buy_req"": ""395"", ""tot_buy_req_jub_pre"": ""0"", ""ovt_sel_req_pre"": ""0"", ""ovt_sel_req"": ""0"", ""ovt_buy_req"": ""0"", ""ovt_buy_req_pre"": ""0"", ""return_code"": 0, ""return_msg"": ""정상적으로 처리되었습니다""}"
2026-06-10,watchlist,005930,,0,filtered_candidate_recheck,305000,,305000,304500,305000,306000,0.16393442622950818,0.16393442622950818,,,,,,"{""bid_req_base_tm"": ""112237"", ""sel_10th_pre_req_pre"": ""0"", ""sel_10th_pre_req"": ""20322"", ""sel_10th_pre_bid"": ""-309500"", ""sel_9th_pre_req_pre"": ""0"", ""sel_9th_pre_req"": ""14282"", ""sel_9th_pre_bid"": ""-309000"", ""sel_8th_pre_req_pre"": ""0"", ""sel_8th_pre_req"": ""25596"", ""sel_8th_pre_bid"": ""-308500"", ""sel_7th_pre_req_pre"": ""0"", ""sel_7th_pre_req"": ""27319"", ""sel_7th_pre_bid"": ""-308000"", ""sel_6th_pre_req_pre"": ""0"", ""sel_6th_pre_req"": ""16877"", ""sel_6th_pre_bid"": ""-307500"", ""sel_5th_pre_req_pre"": ""0"", ""sel_5th_pre_req"": ""7098"", ""sel_5th_pre_bid"": ""-307000"", ""sel_4th_pre_req_pre"": ""0"", ""sel_4th_pre_req"": ""17007"", ""sel_4th_pre_bid"": ""-306500"", ""sel_3th_pre_req_pre"": ""0"", ""sel_3th_pre_req"": ""20618"", ""sel_3th_pre_bid"": ""-306000"", ""sel_2th_pre_req_pre"": ""0"", ""sel_2th_pre_req"": ""18453"", ""sel_2th_pre_bid"": ""-305500"", ""sel_1th_pre_req_pre"": ""0"", ""sel_fpr_req"": ""27053"", ""sel_fpr_bid"": ""-305000"", ""buy_fpr_bid"": ""-304500"", ""buy_fpr_req"": ""22604"", ""buy_1th_pre_req_pre"": ""--7"", ""buy_2th_pre_bid"": ""-304000"", ""buy_2th_pre_req"": ""64518"", ""buy_2th_pre_req_pre"": ""+1"", ""buy_3th_pre_bid"": ""-303500"", ""buy_3th_pre_req"": ""56850"", ""buy_3th_pre_req_pre"": ""0"", ""buy_4th_pre_bid"": ""-303000"", ""buy_4th_pre_req"": ""86826"", ""buy_4th_pre_req_pre"": ""0"", ""buy_5th_pre_bid"": ""-302500"", ""buy_5th_pre_req"": ""29376"", ""buy_5th_pre_req_pre"": ""+1"", ""buy_6th_pre_bid"": ""-302000"", ""buy_6th_pre_req"": ""63829"", ""buy_6th_pre_req_pre"": ""0"", ""buy_7th_pre_bid"": ""-301500"", ""buy_7th_pre_req"": ""53331"", ""buy_7th_pre_req_pre"": ""0"", ""buy_8th_pre_bid"": ""-301000"", ""buy_8th_pre_req"": ""82940"", ""buy_8th_pre_req_pre"": ""--2"", ""buy_9th_pre_bid"": ""-300500"", ""buy_9th_pre_req"": ""101239"", ""buy_9th_pre_req_pre"": ""+3"", ""buy_10th_pre_bid"": ""-300000"", ""buy_10th_pre_req"": ""305687"", ""buy_10th_pre_req_pre"": ""+5"", ""tot_sel_req_jub_pre"": ""0"", ""tot_sel_req"": ""194625"", ""tot_buy_req"": ""867200"", ""tot_buy_req_jub_pre"": ""+1"", ""ovt_sel_req_pre"": ""0"", ""ovt_sel_req"": ""0"", ""ovt_buy_req"": ""0"", ""ovt_buy_req_pre"": ""0"", ""return_code"": 0, ""return_msg"": ""정상적으로 처리되었습니다""}"
2026-06-10,watchlist,000370,,0,filtered_candidate_recheck,6540,,6540,6520,6540,6520,-0.45871559633027525,0.3058103975535168,,,,,,"{""bid_req_base_tm"": ""112235"", ""sel_10th_pre_req_pre"": ""0"", ""sel_10th_pre_req"": ""1041"", ""sel_10th_pre_bid"": ""+6630"", ""sel_9th_pre_req_pre"": ""0"", ""sel_9th_pre_req"": ""940"", ""sel_9th_pre_bid"": ""+6620"", ""sel_8th_pre_req_pre"": ""0"", ""sel_8th_pre_req"": ""1003"", ""sel_8th_pre_bid"": ""+6610"", ""sel_7th_pre_req_pre"": ""0"", ""sel_7th_pre_req"": ""1523"", ""sel_7th_pre_bid"": ""+6600"", ""sel_6th_pre_req_pre"": ""0"", ""sel_6th_pre_req"": ""312"", ""sel_6th_pre_bid"": ""+6590"", ""sel_5th_pre_req_pre"": ""0"", ""sel_5th_pre_req"": ""112"", ""sel_5th_pre_bid"": ""+6580"", ""sel_4th_pre_req_pre"": ""0"", ""sel_4th_pre_req"": ""753"", ""sel_4th_pre_bid"": ""+6570"", ""sel_3th_pre_req_pre"": ""0"", ""sel_3th_pre_req"": ""104"", ""sel_3th_pre_bid"": ""+6560"", ""sel_2th_pre_req_pre"": ""0"", ""sel_2th_pre_req"": ""175"", ""sel_2th_pre_bid"": ""+6550"", ""sel_1th_pre_req_pre"": ""+388"", ""sel_fpr_req"": ""2186"", ""sel_fpr_bid"": ""+6540"", ""buy_fpr_bid"": ""+6520"", ""buy_fpr_req"": ""66"", ""buy_1th_pre_req_pre"": ""0"", ""buy_2th_pre_bid"": ""+6510"", ""buy_2th_pre_req"": ""30"", ""buy_2th_pre_req_pre"": ""0"", ""buy_3th_pre_bid"": ""+6500"", ""buy_3th_pre_req"": ""763"", ""buy_3th_pre_req_pre"": ""0"", ""buy_4th_pre_bid"": ""+6490"", ""buy_4th_pre_req"": ""624"", ""buy_4th_pre_req_pre"": ""0"", ""buy_5th_pre_bid"": ""+6480"", ""buy_5th_pre_req"": ""436"", ""buy_5th_pre_req_pre"": ""0"", ""buy_6th_pre_bid"": ""+6470"", ""buy_6th_pre_req"": ""704"", ""buy_6th_pre_req_pre"": ""0"", ""buy_7th_pre_bid"": ""+6460"", ""buy_7th_pre_req"": ""719"", ""buy_7th_pre_req_pre"": ""0"", ""buy_8th_pre_bid"": ""6450"", ""buy_8th_pre_req"": ""903"", ""buy_8th_pre_req_pre"": ""0"", ""buy_9th_pre_bid"": ""-6440"", ""buy_9th_pre_req"": ""213"", ""buy_9th_pre_req_pre"": ""0"", ""buy_10th_pre_bid"": ""-6430"", ""buy_10th_pre_req"": ""1608"", ""buy_10th_pre_req_pre"": ""0"", ""tot_sel_req_jub_pre"": ""+388"", ""tot_sel_req"": ""8149"", ""tot_buy_req"": ""6066"", ""tot_buy_req_jub_pre"": ""0"", ""ovt_sel_req_pre"": ""0"", ""ovt_sel_req"": ""0"", ""ovt_buy_req"": ""0"", ""ovt_buy_req_pre"": ""0"", ""return_code"": 0, ""return_msg"": ""정상적으로 처리되었습니다""}"
2026-06-10,watchlist,064400,,0,filtered_candidate_recheck,94900,,94900,94800,94900,95000,0.0,0.10537407797681769,,,,,,"{""bid_req_base_tm"": ""112237"", ""sel_10th_pre_req_pre"": ""0"", ""sel_10th_pre_req"": ""952"", ""sel_10th_pre_bid"": ""-95800"", ""sel_9th_pre_req_pre"": ""0"", ""sel_9th_pre_req"": ""376"", ""sel_9th_pre_bid"": ""-95700"", ""sel_8th_pre_req_pre"": ""0"", ""sel_8th_pre_req"": ""1212"", ""sel_8th_pre_bid"": ""-95600"", ""sel_7th_pre_req_pre"": ""0"", ""sel_7th_pre_req"": ""317"", ""sel_7th_pre_bid"": ""-95500"", ""sel_6th_pre_req_pre"": ""0"", ""sel_6th_pre_req"": ""42"", ""sel_6th_pre_bid"": ""-95400"", ""sel_5th_pre_req_pre"": ""0"", ""sel_5th_pre_req"": ""401"", ""sel_5th_pre_bid"": ""-95300"", ""sel_4th_pre_req_pre"": ""0"", ""sel_4th_pre_req"": ""108"", ""sel_4th_pre_bid"": ""-95200"", ""sel_3th_pre_req_pre"": ""0"", ""sel_3th_pre_req"": ""330"", ""sel_3th_pre_bid"": ""-95100"", ""sel_2th_pre_req_pre"": ""0"", ""sel_2th_pre_req"": ""367"", ""sel_2th_pre_bid"": ""-95000"", ""sel_1th_pre_req_pre"": ""0"", ""sel_fpr_req"": ""700"", ""sel_fpr_bid"": ""-94900"", ""buy_fpr_bid"": ""-94800"", ""buy_fpr_req"": ""25"", ""buy_1th_pre_req_pre"": ""+4"", ""buy_2th_pre_bid"": ""-94700"", ""buy_2th_pre_req"": ""108"", ""buy_2th_pre_req_pre"": ""0"", ""buy_3th_pre_bid"": ""-94600"", ""buy_3th_pre_req"": ""857"", ""buy_3th_pre_req_pre"": ""0"", ""buy_4th_pre_bid"": ""-94500"", ""buy_4th_pre_req"": ""2677"", ""buy_4th_pre_req_pre"": ""0"", ""buy_5th_pre_bid"": ""-94400"", ""buy_5th_pre_req"": ""662"", ""buy_5th_pre_req_pre"": ""0"", ""buy_6th_pre_bid"": ""-94300"", ""buy_6th_pre_req"": ""870"", ""buy_6th_pre_req_pre"": ""0"", ""buy_7th_pre_bid"": ""-94200"", ""buy_7th_pre_req"": ""1512"", ""buy_7th_pre_req_pre"": ""0"", ""buy_8th_pre_bid"": ""-94100"", ""buy_8th_pre_req"": ""2864"", ""buy_8th_pre_req_pre"": ""0"", ""buy_9th_pre_bid"": ""-94000"", ""buy_9th_pre_req"": ""4437"", ""buy_9th_pre_req_pre"": ""0"", ""buy_10th_pre_bid"": ""-93900"", ""buy_10th_pre_req"": ""267"", ""buy_10th_pre_req_pre"": ""0"", ""tot_sel_req_jub_pre"": ""0"", ""tot_sel_req"": ""4805"", ""tot_buy_req"": ""14279"", ""tot_buy_req_jub_pre"": ""+4"", ""ovt_sel_req_pre"": ""0"", ""ovt_sel_req"": ""0"", ""ovt_buy_req"": ""0"", ""ovt_buy_req_pre"": ""0"", ""return_code"": 0, ""return_msg"": ""정상적으로 처리되었습니다""}"
2026-06-10,watchlist,009420,,1,filtered_candidate_recheck,49950,,49950,49900,49950,50300,0.5005005005005005,0.10010010010010009,,,,,,"{""bid_req_base_tm"": ""112237"", ""sel_10th_pre_req_pre"": ""0"", ""sel_10th_pre_req"": ""18"", ""sel_10th_pre_bid"": ""-50800"", ""sel_9th_pre_req_pre"": ""0"", ""sel_9th_pre_req"": ""59"", ""sel_9th_pre_bid"": ""-50700"", ""sel_8th_pre_req_pre"": ""0"", ""sel_8th_pre_req"": ""20"", ""sel_8th_pre_bid"": ""-50600"", ""sel_7th_pre_req_pre"": ""0"", ""sel_7th_pre_req"": ""58"", ""sel_7th_pre_bid"": ""-50500"", ""sel_6th_pre_req_pre"": ""0"", ""sel_6th_pre_req"": ""8"", ""sel_6th_pre_bid"": ""-50400"", ""sel_5th_pre_req_pre"": ""0"", ""sel_5th_pre_req"": ""2"", ""sel_5th_pre_bid"": ""-50300"", ""sel_4th_pre_req_pre"": ""0"", ""sel_4th_pre_req"": ""22"", ""sel_4th_pre_bid"": ""-50200"", ""sel_3th_pre_req_pre"": ""0"", ""sel_3th_pre_req"": ""91"", ""sel_3th_pre_bid"": ""-50100"", ""sel_2th_pre_req_pre"": ""0"", ""sel_2th_pre_req"": ""98"", ""sel_2th_pre_bid"": ""-50000"", ""sel_1th_pre_req_pre"": ""+24"", ""sel_fpr_req"": ""158"", ""sel_fpr_bid"": ""-49950"", ""buy_fpr_bid"": ""-49900"", ""buy_fpr_req"": ""250"", ""buy_1th_pre_req_pre"": ""0"", ""buy_2th_pre_bid"": ""-49850"", ""buy_2th_pre_req"": ""271"", ""buy_2th_pre_req_pre"": ""0"", ""buy_3th_pre_bid"": ""-49800"", ""buy_3th_pre_req"": ""602"", ""buy_3th_pre_req_pre"": ""0"", ""buy_4th_pre_bid"": ""-49750"", ""buy_4th_pre_req"": ""352"", ""buy_4th_pre_req_pre"": ""0"", ""buy_5th_pre_bid"": ""-49700"", ""buy_5th_pre_req"": ""1230"", ""buy_5th_pre_req_pre"": ""0"", ""buy_6th_pre_bid"": ""-49650"", ""buy_6th_pre_req"": ""247"", ""buy_6th_pre_req_pre"": ""0"", ""buy_7th_pre_bid"": ""-49600"", ""buy_7th_pre_req"": ""900"", ""buy_7th_pre_req_pre"": ""0"", ""buy_8th_pre_bid"": ""-49550"", ""buy_8th_pre_req"": ""444"", ""buy_8th_pre_req_pre"": ""0"", ""buy_9th_pre_bid"": ""-49500"", ""buy_9th_pre_req"": ""2105"", ""buy_9th_pre_req_pre"": ""0"", ""buy_10th_pre_bid"": ""-49450"", ""buy_10th_pre_req"": ""166"", ""buy_10th_pre_req_pre"": ""0"", ""tot_sel_req_jub_pre"": ""+24"", ""tot_sel_req"": ""534"", ""tot_buy_req"": ""6567"", ""tot_buy_req_jub_pre"": ""0"", ""ovt_sel_req_pre"": ""0"", ""ovt_sel_req"": ""0"", ""ovt_buy_req"": ""0"", ""ovt_buy_req_pre"": ""0"", ""return_code"": 0, ""return_msg"": ""정상적으로 처리되었습니다""}"
2026-06-10,watchlist,383220,,0,filtered_candidate_recheck,76000,,76000,75900,76000,75600,-0.6578947368421052,0.13157894736842105,,,,,,"{""bid_req_base_tm"": ""112237"", ""sel_10th_pre_req_pre"": ""0"", ""sel_10th_pre_req"": ""106"", ""sel_10th_pre_bid"": ""+76900"", ""sel_9th_pre_req_pre"": ""0"", ""sel_9th_pre_req"": ""12"", ""sel_9th_pre_bid"": ""+76800"", ""sel_8th_pre_req_pre"": ""0"", ""sel_8th_pre_req"": ""9"", ""sel_8th_pre_bid"": ""+76700"", ""sel_7th_pre_req_pre"": ""0"", ""sel_7th_pre_req"": ""32"", ""sel_7th_pre_bid"": ""+76600"", ""sel_6th_pre_req_pre"": ""0"", ""sel_6th_pre_req"": ""56"", ""sel_6th_pre_bid"": ""+76500"", ""sel_5th_pre_req_pre"": ""0"", ""sel_5th_pre_req"": ""12"", ""sel_5th_pre_bid"": ""+76400"", ""sel_4th_pre_req_pre"": ""0"", ""sel_4th_pre_req"": ""25"", ""sel_4th_pre_bid"": ""+76300"", ""sel_3th_pre_req_pre"": ""0"", ""sel_3th_pre_req"": ""213"", ""sel_3th_pre_bid"": ""+76200"", ""sel_2th_pre_req_pre"": ""0"", ""sel_2th_pre_req"": ""5"", ""sel_2th_pre_bid"": ""+76100"", ""sel_1th_pre_req_pre"": ""0"", ""sel_fpr_req"": ""18"", ""sel_fpr_bid"": ""+76000"", ""buy_fpr_bid"": ""+75900"", ""buy_fpr_req"": ""21"", ""buy_1th_pre_req_pre"": ""+3"", ""buy_2th_pre_bid"": ""+75800"", ""buy_2th_pre_req"": ""24"", ""buy_2th_pre_req_pre"": ""0"", ""buy_3th_pre_bid"": ""+75700"", ""buy_3th_pre_req"": ""2"", ""buy_3th_pre_req_pre"": ""0"", ""buy_4th_pre_bid"": ""+75600"", ""buy_4th_pre_req"": ""6"", ""buy_4th_pre_req_pre"": ""0"", ""buy_5th_pre_bid"": ""+75500"", ""buy_5th_pre_req"": ""13"", ""buy_5th_pre_req_pre"": ""0"", ""buy_6th_pre_bid"": ""+75400"", ""buy_6th_pre_req"": ""34"", ""buy_6th_pre_req_pre"": ""0"", ""buy_7th_pre_bid"": ""+75300"", ""buy_7th_pre_req"": ""15"", ""buy_7th_pre_req_pre"": ""0"", ""buy_8th_pre_bid"": ""+75200"", ""buy_8th_pre_req"": ""10"", ""buy_8th_pre_req_pre"": ""0"", ""buy_9th_pre_bid"": ""+75100"", ""buy_9th_pre_req"": ""1"", ""buy_9th_pre_req_pre"": ""0"", ""buy_10th_pre_bid"": ""+75000"", ""buy_10th_pre_req"": ""1"", ""buy_10th_pre_req_pre"": ""0"", ""tot_sel_req_jub_pre"": ""0"", ""tot_sel_req"": ""488"", ""tot_buy_req"": ""127"", ""tot_buy_req_jub_pre"": ""+3"", ""ovt_sel_req_pre"": ""0"", ""ovt_sel_req"": ""0"", ""ovt_buy_req"": ""0"", ""ovt_buy_req_pre"": ""0"", ""return_code"": 0, ""return_msg"": ""정상적으로 처리되었습니다""}"
2026-06-10,watchlist,004170,,0,filtered_candidate_recheck,683000,,683000,681000,683000,680000,-0.5856515373352855,0.29282576866764276,,,,,,"{""bid_req_base_tm"": ""112238"", ""sel_10th_pre_req_pre"": ""0"", ""sel_10th_pre_req"": ""41"", ""sel_10th_pre_bid"": ""+692000"", ""sel_9th_pre_req_pre"": ""0"", ""sel_9th_pre_req"": ""814"", ""sel_9th_pre_bid"": ""+691000"", ""sel_8th_pre_req_pre"": ""0"", ""sel_8th_pre_req"": ""387"", ""sel_8th_pre_bid"": ""+690000"", ""sel_7th_pre_req_pre"": ""0"", ""sel_7th_pre_req"": ""189"", ""sel_7th_pre_bid"": ""+689000"", ""sel_6th_pre_req_pre"": ""0"", ""sel_6th_pre_req"": ""49"", ""sel_6th_pre_bid"": ""+688000"", ""sel_5th_pre_req_pre"": ""0"", ""sel_5th_pre_req"": ""10"", ""sel_5th_pre_bid"": ""+687000"", ""sel_4th_pre_req_pre"": ""0"", ""sel_4th_pre_req"": ""7"", ""sel_4th_pre_bid"": ""+686000"", ""sel_3th_pre_req_pre"": ""0"", ""sel_3th_pre_req"": ""14"", ""sel_3th_pre_bid"": ""+685000"", ""sel_2th_pre_req_pre"": ""+9"", ""sel_2th_pre_req"": ""10"", ""sel_2th_pre_bid"": ""+684000"", ""sel_1th_pre_req_pre"": ""0"", ""sel_fpr_req"": ""23"", ""sel_fpr_bid"": ""+683000"", ""buy_fpr_bid"": ""+681000"", ""buy_fpr_req"": ""80"", ""buy_1th_pre_req_pre"": ""0"", ""buy_2th_pre_bid"": ""+680000"", ""buy_2th_pre_req"": ""11"", ""buy_2th_pre_req_pre"": ""0"", ""buy_3th_pre_bid"": ""+679000"", ""buy_3th_pre_req"": ""4"", ""buy_3th_pre_req_pre"": ""0"", ""buy_4th_pre_bid"": ""+676000"", ""buy_4th_pre_req"": ""9"", ""buy_4th_pre_req_pre"": ""0"", ""buy_5th_pre_bid"": ""+675000"", ""buy_5th_pre_req"": ""3"", ""buy_5th_pre_req_pre"": ""0"", ""buy_6th_pre_bid"": ""+674000"", ""buy_6th_pre_req"": ""3"", ""buy_6th_pre_req_pre"": ""0"", ""buy_7th_pre_bid"": ""+673000"", ""buy_7th_pre_req"": ""10"", ""buy_7th_pre_req_pre"": ""0"", ""buy_8th_pre_bid"": ""+672000"", ""buy_8th_pre_req"": ""23"", ""buy_8th_pre_req_pre"": ""0"", ""buy_9th_pre_bid"": ""+671000"", ""buy_9th_pre_req"": ""27"", ""buy_9th_pre_req_pre"": ""0"", ""buy_10th_pre_bid"": ""+670000"", ""buy_10th_pre_req"": ""655"", ""buy_10th_pre_req_pre"": ""0"", ""tot_sel_req_jub_pre"": ""+9"", ""tot_sel_req"": ""1544"", ""tot_buy_req"": ""825"", ""tot_buy_req_jub_pre"": ""0"", ""ovt_sel_req_pre"": ""0"", ""ovt_sel_req"": ""0"", ""ovt_buy_req"": ""0"", ""ovt_buy_req_pre"": ""0"", ""return_code"": 0, ""return_msg"": ""정상적으로 처리되었습니다""}"
2026-06-10,watchlist,018260,,1,filtered_candidate_recheck,231000,,231000,230500,231000,232500,0.4329004329004329,0.21645021645021645,,,,,,"{""bid_req_base_tm"": ""112238"", ""sel_10th_pre_req_pre"": ""0"", ""sel_10th_pre_req"": ""191"", ""sel_10th_pre_bid"": ""-235500"", ""sel_9th_pre_req_pre"": ""0"", ""sel_9th_pre_req"": ""334"", ""sel_9th_pre_bid"": ""-235000"", ""sel_8th_pre_req_pre"": ""0"", ""sel_8th_pre_req"": ""151"", ""sel_8th_pre_bid"": ""-234500"", ""sel_7th_pre_req_pre"": ""0"", ""sel_7th_pre_req"": ""228"", ""sel_7th_pre_bid"": ""-234000"", ""sel_6th_pre_req_pre"": ""0"", ""sel_6th_pre_req"": ""69"", ""sel_6th_pre_bid"": ""-233500"", ""sel_5th_pre_req_pre"": ""0"", ""sel_5th_pre_req"": ""108"", ""sel_5th_pre_bid"": ""-233000"", ""sel_4th_pre_req_pre"": ""0"", ""sel_4th_pre_req"": ""317"", ""sel_4th_pre_bid"": ""-232500"", ""sel_3th_pre_req_pre"": ""0"", ""sel_3th_pre_req"": ""185"", ""sel_3th_pre_bid"": ""-232000"", ""sel_2th_pre_req_pre"": ""0"", ""sel_2th_pre_req"": ""66"", ""sel_2th_pre_bid"": ""-231500"", ""sel_1th_pre_req_pre"": ""0"", ""sel_fpr_req"": ""141"", ""sel_fpr_bid"": ""-231000"", ""buy_fpr_bid"": ""-230500"", ""buy_fpr_req"": ""773"", ""buy_1th_pre_req_pre"": ""+3"", ""buy_2th_pre_bid"": ""-230000"", ""buy_2th_pre_req"": ""5692"", ""buy_2th_pre_req_pre"": ""0"", ""buy_3th_pre_bid"": ""-229500"", ""buy_3th_pre_req"": ""3773"", ""buy_3th_pre_req_pre"": ""0"", ""buy_4th_pre_bid"": ""-229000"", ""buy_4th_pre_req"": ""1521"", ""buy_4th_pre_req_pre"": ""0"", ""buy_5th_pre_bid"": ""-228500"", ""buy_5th_pre_req"": ""974"", ""buy_5th_pre_req_pre"": ""0"", ""buy_6th_pre_bid"": ""-228000"", ""buy_6th_pre_req"": ""2017"", ""buy_6th_pre_req_pre"": ""0"", ""buy_7th_pre_bid"": ""-227500"", ""buy_7th_pre_req"": ""2348"", ""buy_7th_pre_req_pre"": ""0"", ""buy_8th_pre_bid"": ""-227000"", ""buy_8th_pre_req"": ""1975"", ""buy_8th_pre_req_pre"": ""0"", ""buy_9th_pre_bid"": ""-226500"", ""buy_9th_pre_req"": ""580"", ""buy_9th_pre_req_pre"": ""0"", ""buy_10th_pre_bid"": ""-226000"", ""buy_10th_pre_req"": ""1768"", ""buy_10th_pre_req_pre"": ""0"", ""tot_sel_req_jub_pre"": ""0"", ""tot_sel_req"": ""1790"", ""tot_buy_req"": ""21421"", ""tot_buy_req_jub_pre"": ""+3"", ""ovt_sel_req_pre"": ""0"", ""ovt_sel_req"": ""0"", ""ovt_buy_req"": ""0"", ""ovt_buy_req_pre"": ""0"", ""return_code"": 0, ""return_msg"": ""정상적으로 처리되었습니다""}"
2026-06-10,watchlist,161390,,0,filtered_candidate_recheck,71300,,71300,71200,71300,71600,0.2805049088359046,0.1402524544179523,,,,,,"{""bid_req_base_tm"": ""112239"", ""sel_10th_pre_req_pre"": ""0"", ""sel_10th_pre_req"": ""18"", ""sel_10th_pre_bid"": ""-72200"", ""sel_9th_pre_req_pre"": ""0"", ""sel_9th_pre_req"": ""30"", ""sel_9th_pre_bid"": ""-72100"", ""sel_8th_pre_req_pre"": ""0"", ""sel_8th_pre_req"": ""153"", ""sel_8th_pre_bid"": ""-72000"", ""sel_7th_pre_req_pre"": ""0"", ""sel_7th_pre_req"": ""325"", ""sel_7th_pre_bid"": ""-71900"", ""sel_6th_pre_req_pre"": ""0"", ""sel_6th_pre_req"": ""130"", ""sel_6th_pre_bid"": ""-71800"", ""sel_5th_pre_req_pre"": ""0"", ""sel_5th_pre_req"": ""11"", ""sel_5th_pre_bid"": ""-71700"", ""sel_4th_pre_req_pre"": ""0"", ""sel_4th_pre_req"": ""18"", ""sel_4th_pre_bid"": ""-71600"", ""sel_3th_pre_req_pre"": ""0"", ""sel_3th_pre_req"": ""120"", ""sel_3th_pre_bid"": ""-71500"", ""sel_2th_pre_req_pre"": ""0"", ""sel_2th_pre_req"": ""165"", ""sel_2th_pre_bid"": ""-71400"", ""sel_1th_pre_req_pre"": ""0"", ""sel_fpr_req"": ""1453"", ""sel_fpr_bid"": ""-71300"", ""buy_fpr_bid"": ""-71200"", ""buy_fpr_req"": ""1454"", ""buy_1th_pre_req_pre"": ""--1"", ""buy_2th_pre_bid"": ""-71100"", ""buy_2th_pre_req"": ""715"", ""buy_2th_pre_req_pre"": ""0"", ""buy_3th_pre_bid"": ""-71000"", ""buy_3th_pre_req"": ""333"", ""buy_3th_pre_req_pre"": ""0"", ""buy_4th_pre_bid"": ""-70900"", ""buy_4th_pre_req"": ""333"", ""buy_4th_pre_req_pre"": ""0"", ""buy_5th_pre_bid"": ""-70800"", ""buy_5th_pre_req"": ""682"", ""buy_5th_pre_req_pre"": ""0"", ""buy_6th_pre_bid"": ""-70700"", ""buy_6th_pre_req"": ""1"", ""buy_6th_pre_req_pre"": ""0"", ""buy_7th_pre_bid"": ""-70600"", ""buy_7th_pre_req"": ""103"", ""buy_7th_pre_req_pre"": ""0"", ""buy_8th_pre_bid"": ""-70500"", ""buy_8th_pre_req"": ""361"", ""buy_8th_pre_req_pre"": ""0"", ""buy_9th_pre_bid"": ""-70400"", ""buy_9th_pre_req"": ""278"", ""buy_9th_pre_req_pre"": ""0"", ""buy_10th_pre_bid"": ""-70300"", ""buy_10th_pre_req"": ""254"", ""buy_10th_pre_req_pre"": ""0"", ""tot_sel_req_jub_pre"": ""0"", ""tot_sel_req"": ""2423"", ""tot_buy_req"": ""4514"", ""tot_buy_req_jub_pre"": ""--1"", ""ovt_sel_req_pre"": ""0"", ""ovt_sel_req"": ""0"", ""ovt_buy_req"": ""0"", ""ovt_buy_req_pre"": ""0"", ""return_code"": 0, ""return_msg"": ""정상적으로 처리되었습니다""}"
2026-06-10,watchlist,078930,,0,filtered_candidate_recheck,74000,,74000,73900,74000,74100,0.0,0.13513513513513514,,,,,,"{""bid_req_base_tm"": ""112239"", ""sel_10th_pre_req_pre"": ""0"", ""sel_10th_pre_req"": ""82"", ""sel_10th_pre_bid"": ""+74900"", ""sel_9th_pre_req_pre"": ""0"", ""sel_9th_pre_req"": ""4"", ""sel_9th_pre_bid"": ""+74800"", ""sel_8th_pre_req_pre"": ""0"", ""sel_8th_pre_req"": ""232"", ""sel_8th_pre_bid"": ""+74700"", ""sel_7th_pre_req_pre"": ""0"", ""sel_7th_pre_req"": ""104"", ""sel_7th_pre_bid"": ""+74600"", ""sel_6th_pre_req_pre"": ""0"", ""sel_6th_pre_req"": ""385"", ""sel_6th_pre_bid"": ""+74500"", ""sel_5th_pre_req_pre"": ""0"", ""sel_5th_pre_req"": ""107"", ""sel_5th_pre_bid"": ""+74400"", ""sel_4th_pre_req_pre"": ""0"", ""sel_4th_pre_req"": ""170"", ""sel_4th_pre_bid"": ""+74300"", ""sel_3th_pre_req_pre"": ""0"", ""sel_3th_pre_req"": ""57"", ""sel_3th_pre_bid"": ""+74200"", ""sel_2th_pre_req_pre"": ""0"", ""sel_2th_pre_req"": ""102"", ""sel_2th_pre_bid"": ""+74100"", ""sel_1th_pre_req_pre"": ""--1"", ""sel_fpr_req"": ""114"", ""sel_fpr_bid"": ""+74000"", ""buy_fpr_bid"": ""+73900"", ""buy_fpr_req"": ""192"", ""buy_1th_pre_req_pre"": ""--5"", ""buy_2th_pre_bid"": ""73800"", ""buy_2th_pre_req"": ""466"", ""buy_2th_pre_req_pre"": ""0"", ""buy_3th_pre_bid"": ""-73700"", ""buy_3th_pre_req"": ""345"", ""buy_3th_pre_req_pre"": ""0"", ""buy_4th_pre_bid"": ""-73600"", ""buy_4th_pre_req"": ""143"", ""buy_4th_pre_req_pre"": ""0"", ""buy_5th_pre_bid"": ""-73500"", ""buy_5th_pre_req"": ""124"", ""buy_5th_pre_req_pre"": ""0"", ""buy_6th_pre_bid"": ""-73400"", ""buy_6th_pre_req"": ""80"", ""buy_6th_pre_req_pre"": ""0"", ""buy_7th_pre_bid"": ""-73300"", ""buy_7th_pre_req"": ""30"", ""buy_7th_pre_req_pre"": ""0"", ""buy_8th_pre_bid"": ""-73200"", ""buy_8th_pre_req"": ""137"", ""buy_8th_pre_req_pre"": ""0"", ""buy_9th_pre_bid"": ""-73100"", ""buy_9th_pre_req"": ""152"", ""buy_9th_pre_req_pre"": ""0"", ""buy_10th_pre_bid"": ""-73000"", ""buy_10th_pre_req"": ""4"", ""buy_10th_pre_req_pre"": ""0"", ""tot_sel_req_jub_pre"": ""--1"", ""tot_sel_req"": ""1357"", ""tot_buy_req"": ""1673"", ""tot_buy_req_jub_pre"": ""--5"", ""ovt_sel_req_pre"": ""0"", ""ovt_sel_req"": ""0"", ""ovt_buy_req"": ""0"", ""ovt_buy_req_pre"": ""0"", ""return_code"": 0, ""return_msg"": ""정상적으로 처리되었습니다""}"
2026-06-10,watchlist,462870,,0,filtered_candidate_recheck,31350,,31350,31300,31350,31250,-0.4784688995215311,0.1594896331738437,,,,,,"{""bid_req_base_tm"": ""112239"", ""sel_10th_pre_req_pre"": ""0"", ""sel_10th_pre_req"": ""12"", ""sel_10th_pre_bid"": ""-31800"", ""sel_9th_pre_req_pre"": ""0"", ""sel_9th_pre_req"": ""21"", ""sel_9th_pre_bid"": ""-31750"", ""sel_8th_pre_req_pre"": ""0"", ""sel_8th_pre_req"": ""644"", ""sel_8th_pre_bid"": ""-31700"", ""sel_7th_pre_req_pre"": ""0"", ""sel_7th_pre_req"": ""51"", ""sel_7th_pre_bid"": ""-31650"", ""sel_6th_pre_req_pre"": ""0"", ""sel_6th_pre_req"": ""42"", ""sel_6th_pre_bid"": ""-31600"", ""sel_5th_pre_req_pre"": ""0"", ""sel_5th_pre_req"": ""11"", ""sel_5th_pre_bid"": ""-31550"", ""sel_4th_pre_req_pre"": ""0"", ""sel_4th_pre_req"": ""2"", ""sel_4th_pre_bid"": ""-31500"", ""sel_3th_pre_req_pre"": ""0"", ""sel_3th_pre_req"": ""34"", ""sel_3th_pre_bid"": ""-31450"", ""sel_2th_pre_req_pre"": ""0"", ""sel_2th_pre_req"": ""58"", ""sel_2th_pre_bid"": ""-31400"", ""sel_1th_pre_req_pre"": ""--6"", ""sel_fpr_req"": ""167"", ""sel_fpr_bid"": ""-31350"", ""buy_fpr_bid"": ""-31300"", ""buy_fpr_req"": ""9"", ""buy_1th_pre_req_pre"": ""0"", ""buy_2th_pre_bid"": ""-31250"", ""buy_2th_pre_req"": ""45"", ""buy_2th_pre_req_pre"": ""0"", ""buy_3th_pre_bid"": ""-31200"", ""buy_3th_pre_req"": ""18"", ""buy_3th_pre_req_pre"": ""0"", ""buy_4th_pre_bid"": ""-31150"", ""buy_4th_pre_req"": ""40"", ""buy_4th_pre_req_pre"": ""0"", ""buy_5th_pre_bid"": ""-31100"", ""buy_5th_pre_req"": ""56"", ""buy_5th_pre_req_pre"": ""0"", ""buy_6th_pre_bid"": ""-31050"", ""buy_6th_pre_req"": ""73"", ""buy_6th_pre_req_pre"": ""0"", ""buy_7th_pre_bid"": ""-31000"", ""buy_7th_pre_req"": ""412"", ""buy_7th_pre_req_pre"": ""0"", ""buy_8th_pre_bid"": ""-30950"", ""buy_8th_pre_req"": ""42"", ""buy_8th_pre_req_pre"": ""0"", ""buy_9th_pre_bid"": ""-30900"", ""buy_9th_pre_req"": ""152"", ""buy_9th_pre_req_pre"": ""0"", ""buy_10th_pre_bid"": ""-30850"", ""buy_10th_pre_req"": ""32"", ""buy_10th_pre_req_pre"": ""0"", ""tot_sel_req_jub_pre"": ""--6"", ""tot_sel_req"": ""1042"", ""tot_buy_req"": ""879"", ""tot_buy_req_jub_pre"": ""0"", ""ovt_sel_req_pre"": ""0"", ""ovt_sel_req"": ""0"", ""ovt_buy_req"": ""0"", ""ovt_buy_req_pre"": ""0"", ""return_code"": 0, ""return_msg"": ""정상적으로 처리되었습니다""}"
2026-06-10,watchlist,055550,,0,filtered_candidate_recheck,98600,,98600,98500,98600,98100,-0.6085192697768762,0.10141987829614604,,,,,,"{""bid_req_base_tm"": ""112239"", ""sel_10th_pre_req_pre"": ""0"", ""sel_10th_pre_req"": ""846"", ""sel_10th_pre_bid"": ""-99700"", ""sel_9th_pre_req_pre"": ""0"", ""sel_9th_pre_req"": ""64"", ""sel_9th_pre_bid"": ""-99600"", ""sel_8th_pre_req_pre"": ""0"", ""sel_8th_pre_req"": ""72"", ""sel_8th_pre_bid"": ""-99500"", ""sel_7th_pre_req_pre"": ""0"", ""sel_7th_pre_req"": ""6"", ""sel_7th_pre_bid"": ""-99400"", ""sel_6th_pre_req_pre"": ""0"", ""sel_6th_pre_req"": ""299"", ""sel_6th_pre_bid"": ""-99300"", ""sel_5th_pre_req_pre"": ""0"", ""sel_5th_pre_req"": ""1"", ""sel_5th_pre_bid"": ""-99200"", ""sel_4th_pre_req_pre"": ""0"", ""sel_4th_pre_req"": ""171"", ""sel_4th_pre_bid"": ""-98900"", ""sel_3th_pre_req_pre"": ""0"", ""sel_3th_pre_req"": ""1269"", ""sel_3th_pre_bid"": ""-98800"", ""sel_2th_pre_req_pre"": ""0"", ""sel_2th_pre_req"": ""6053"", ""sel_2th_pre_bid"": ""-98700"", ""sel_1th_pre_req_pre"": ""0"", ""sel_fpr_req"": ""5359"", ""sel_fpr_bid"": ""-98600"", ""buy_fpr_bid"": ""-98500"", ""buy_fpr_req"": ""473"", ""buy_1th_pre_req_pre"": ""--3"", ""buy_2th_pre_bid"": ""-98400"", ""buy_2th_pre_req"": ""542"", ""buy_2th_pre_req_pre"": ""0"", ""buy_3th_pre_bid"": ""-98300"", ""buy_3th_pre_req"": ""706"", ""buy_3th_pre_req_pre"": ""0"", ""buy_4th_pre_bid"": ""-98200"", ""buy_4th_pre_req"": ""1512"", ""buy_4th_pre_req_pre"": ""0"", ""buy_5th_pre_bid"": ""-98100"", ""buy_5th_pre_req"": ""716"", ""buy_5th_pre_req_pre"": ""0"", ""buy_6th_pre_bid"": ""-98000"", ""buy_6th_pre_req"": ""1979"", ""buy_6th_pre_req_pre"": ""0"", ""buy_7th_pre_bid"": ""-97900"", ""buy_7th_pre_req"": ""285"", ""buy_7th_pre_req_pre"": ""0"", ""buy_8th_pre_bid"": ""-97800"", ""buy_8th_pre_req"": ""198"", ""buy_8th_pre_req_pre"": ""0"", ""buy_9th_pre_bid"": ""-97700"", ""buy_9th_pre_req"": ""281"", ""buy_9th_pre_req_pre"": ""0"", ""buy_10th_pre_bid"": ""-97600"", ""buy_10th_pre_req"": ""209"", ""buy_10th_pre_req_pre"": ""0"", ""tot_sel_req_jub_pre"": ""0"", ""tot_sel_req"": ""14140"", ""tot_buy_req"": ""6901"", ""tot_buy_req_jub_pre"": ""--3"", ""ovt_sel_req_pre"": ""0"", ""ovt_sel_req"": ""0"", ""ovt_buy_req"": ""0"", ""ovt_buy_req_pre"": ""0"", ""return_code"": 0, ""return_msg"": ""정상적으로 처리되었습니다""}"
2026-06-10,watchlist,192080,,1,filtered_candidate_recheck,71500,,71500,71400,71500,71700,0.13986013986013987,0.13986013986013987,,,,,,"{""bid_req_base_tm"": ""112239"", ""sel_10th_pre_req_pre"": ""0"", ""sel_10th_pre_req"": ""59"", ""sel_10th_pre_bid"": ""+72700"", ""sel_9th_pre_req_pre"": ""0"", ""sel_9th_pre_req"": ""182"", ""sel_9th_pre_bid"": ""+72600"", ""sel_8th_pre_req_pre"": ""0"", ""sel_8th_pre_req"": ""11"", ""sel_8th_pre_bid"": ""+72500"", ""sel_7th_pre_req_pre"": ""0"", ""sel_7th_pre_req"": ""128"", ""sel_7th_pre_bid"": ""+72400"", ""sel_6th_pre_req_pre"": ""0"", ""sel_6th_pre_req"": ""10"", ""sel_6th_pre_bid"": ""+72300"", ""sel_5th_pre_req_pre"": ""0"", ""sel_5th_pre_req"": ""10"", ""sel_5th_pre_bid"": ""+72200"", ""sel_4th_pre_req_pre"": ""0"", ""sel_4th_pre_req"": ""6"", ""sel_4th_pre_bid"": ""+72100"", ""sel_3th_pre_req_pre"": ""0"", ""sel_3th_pre_req"": ""155"", ""sel_3th_pre_bid"": ""72000"", ""sel_2th_pre_req_pre"": ""0"", ""sel_2th_pre_req"": ""36"", ""sel_2th_pre_bid"": ""-71600"", ""sel_1th_pre_req_pre"": ""0"", ""sel_fpr_req"": ""37"", ""sel_fpr_bid"": ""-71500"", ""buy_fpr_bid"": ""-71400"", ""buy_fpr_req"": ""236"", ""buy_1th_pre_req_pre"": ""0"", ""buy_2th_pre_bid"": ""-71300"", ""buy_2th_pre_req"": ""48"", ""buy_2th_pre_req_pre"": ""0"", ""buy_3th_pre_bid"": ""-71200"", ""buy_3th_pre_req"": ""51"", ""buy_3th_pre_req_pre"": ""0"", ""buy_4th_pre_bid"": ""-71100"", ""buy_4th_pre_req"": ""24"", ""buy_4th_pre_req_pre"": ""0"", ""buy_5th_pre_bid"": ""-71000"", ""buy_5th_pre_req"": ""29"", ""buy_5th_pre_req_pre"": ""0"", ""buy_6th_pre_bid"": ""-70900"", ""buy_6th_pre_req"": ""40"", ""buy_6th_pre_req_pre"": ""0"", ""buy_7th_pre_bid"": ""-70800"", ""buy_7th_pre_req"": ""92"", ""buy_7th_pre_req_pre"": ""0"", ""buy_8th_pre_bid"": ""-70700"", ""buy_8th_pre_req"": ""140"", ""buy_8th_pre_req_pre"": ""0"", ""buy_9th_pre_bid"": ""-70600"", ""buy_9th_pre_req"": ""100"", ""buy_9th_pre_req_pre"": ""0"", ""buy_10th_pre_bid"": ""-70500"", ""buy_10th_pre_req"": ""81"", ""buy_10th_pre_req_pre"": ""0"", ""tot_sel_req_jub_pre"": ""0"", ""tot_sel_req"": ""634"", ""tot_buy_req"": ""841"", ""tot_buy_req_jub_pre"": ""0"", ""ovt_sel_req_pre"": ""0"", ""ovt_sel_req"": ""0"", ""ovt_buy_req"": ""0"", ""ovt_buy_req_pre"": ""0"", ""return_code"": 0, ""return_msg"": ""정상적으로 처리되었습니다""}"
2026-06-10,watchlist,000430,,1,filtered_candidate_recheck,5590,,5590,5580,5590,5610,0.17889087656529518,0.17889087656529518,,,,,,"{""bid_req_base_tm"": ""112238"", ""sel_10th_pre_req_pre"": ""0"", ""sel_10th_pre_req"": ""1237"", ""sel_10th_pre_bid"": ""-5680"", ""sel_9th_pre_req_pre"": ""0"", ""sel_9th_pre_req"": ""287"", ""sel_9th_pre_bid"": ""-5670"", ""sel_8th_pre_req_pre"": ""0"", ""sel_8th_pre_req"": ""125"", ""sel_8th_pre_bid"": ""-5660"", ""sel_7th_pre_req_pre"": ""0"", ""sel_7th_pre_req"": ""10"", ""sel_7th_pre_bid"": ""-5650"", ""sel_6th_pre_req_pre"": ""0"", ""sel_6th_pre_req"": ""165"", ""sel_6th_pre_bid"": ""-5640"", ""sel_5th_pre_req_pre"": ""0"", ""sel_5th_pre_req"": ""2374"", ""sel_5th_pre_bid"": ""-5630"", ""sel_4th_pre_req_pre"": ""0"", ""sel_4th_pre_req"": ""12"", ""sel_4th_pre_bid"": ""-5620"", ""sel_3th_pre_req_pre"": ""0"", ""sel_3th_pre_req"": ""70"", ""sel_3th_pre_bid"": ""-5610"", ""sel_2th_pre_req_pre"": ""0"", ""sel_2th_pre_req"": ""1646"", ""sel_2th_pre_bid"": ""-5600"", ""sel_1th_pre_req_pre"": ""0"", ""sel_fpr_req"": ""5412"", ""sel_fpr_bid"": ""-5590"", ""buy_fpr_bid"": ""-5580"", ""buy_fpr_req"": ""888"", ""buy_1th_pre_req_pre"": ""--34"", ""buy_2th_pre_bid"": ""-5570"", ""buy_2th_pre_req"": ""3596"", ""buy_2th_pre_req_pre"": ""0"", ""buy_3th_pre_bid"": ""-5560"", ""buy_3th_pre_req"": ""4100"", ""buy_3th_pre_req_pre"": ""0"", ""buy_4th_pre_bid"": ""-5550"", ""buy_4th_pre_req"": ""6968"", ""buy_4th_pre_req_pre"": ""0"", ""buy_5th_pre_bid"": ""-5540"", ""buy_5th_pre_req"": ""5367"", ""buy_5th_pre_req_pre"": ""0"", ""buy_6th_pre_bid"": ""-5530"", ""buy_6th_pre_req"": ""7455"", ""buy_6th_pre_req_pre"": ""0"", ""buy_7th_pre_bid"": ""-5520"", ""buy_7th_pre_req"": ""10851"", ""buy_7th_pre_req_pre"": ""0"", ""buy_8th_pre_bid"": ""-5510"", ""buy_8th_pre_req"": ""10192"", ""buy_8th_pre_req_pre"": ""0"", ""buy_9th_pre_bid"": ""-5500"", ""buy_9th_pre_req"": ""30064"", ""buy_9th_pre_req_pre"": ""0"", ""buy_10th_pre_bid"": ""-5490"", ""buy_10th_pre_req"": ""8876"", ""buy_10th_pre_req_pre"": ""0"", ""tot_sel_req_jub_pre"": ""0"", ""tot_sel_req"": ""11338"", ""tot_buy_req"": ""88357"", ""tot_buy_req_jub_pre"": ""--34"", ""ovt_sel_req_pre"": ""0"", ""ovt_sel_req"": ""0"", ""ovt_buy_req"": ""0"", ""ovt_buy_req_pre"": ""0"", ""return_code"": 0, ""return_msg"": ""정상적으로 처리되었습니다""}"
2026-06-10,watchlist,307950,,0,filtered_candidate_recheck,689000,,689000,688000,689000,691000,0.14513788098693758,0.14513788098693758,,,,,,"{""bid_req_base_tm"": ""112240"", ""sel_10th_pre_req_pre"": ""0"", ""sel_10th_pre_req"": ""45"", ""sel_10th_pre_bid"": ""+698000"", ""sel_9th_pre_req_pre"": ""0"", ""sel_9th_pre_req"": ""32"", ""sel_9th_pre_bid"": ""+697000"", ""sel_8th_pre_req_pre"": ""0"", ""sel_8th_pre_req"": ""8"", ""sel_8th_pre_bid"": ""+696000"", ""sel_7th_pre_req_pre"": ""0"", ""sel_7th_pre_req"": ""28"", ""sel_7th_pre_bid"": ""+695000"", ""sel_6th_pre_req_pre"": ""0"", ""sel_6th_pre_req"": ""6"", ""sel_6th_pre_bid"": ""+694000"", ""sel_5th_pre_req_pre"": ""0"", ""sel_5th_pre_req"": ""23"", ""sel_5th_pre_bid"": ""+693000"", ""sel_4th_pre_req_pre"": ""0"", ""sel_4th_pre_req"": ""20"", ""sel_4th_pre_bid"": ""+692000"", ""sel_3th_pre_req_pre"": ""0"", ""sel_3th_pre_req"": ""22"", ""sel_3th_pre_bid"": ""+691000"", ""sel_2th_pre_req_pre"": ""0"", ""sel_2th_pre_req"": ""57"", ""sel_2th_pre_bid"": ""+690000"", ""sel_1th_pre_req_pre"": ""0"", ""sel_fpr_req"": ""10"", ""sel_fpr_bid"": ""+689000"", ""buy_fpr_bid"": ""+688000"", ""buy_fpr_req"": ""74"", ""buy_1th_pre_req_pre"": ""0"", ""buy_2th_pre_bid"": ""687000"", ""buy_2th_pre_req"": ""31"", ""buy_2th_pre_req_pre"": ""0"", ""buy_3th_pre_bid"": ""-686000"", ""buy_3th_pre_req"": ""32"", ""buy_3th_pre_req_pre"": ""0"", ""buy_4th_pre_bid"": ""-685000"", ""buy_4th_pre_req"": ""133"", ""buy_4th_pre_req_pre"": ""0"", ""buy_5th_pre_bid"": ""-684000"", ""buy_5th_pre_req"": ""39"", ""buy_5th_pre_req_pre"": ""0"", ""buy_6th_pre_bid"": ""-683000"", ""buy_6th_pre_req"": ""279"", ""buy_6th_pre_req_pre"": ""0"", ""buy_7th_pre_bid"": ""-682000"", ""buy_7th_pre_req"": ""147"", ""buy_7th_pre_req_pre"": ""0"", ""buy_8th_pre_bid"": ""-681000"", ""buy_8th_pre_req"": ""175"", ""buy_8th_pre_req_pre"": ""0"", ""buy_9th_pre_bid"": ""-680000"", ""buy_9th_pre_req"": ""610"", ""buy_9th_pre_req_pre"": ""0"", ""buy_10th_pre_bid"": ""-679000"", ""buy_10th_pre_req"": ""58"", ""buy_10th_pre_req_pre"": ""0"", ""tot_sel_req_jub_pre"": ""0"", ""tot_sel_req"": ""251"", ""tot_buy_req"": ""1578"", ""tot_buy_req_jub_pre"": ""0"", ""ovt_sel_req_pre"": ""0"", ""ovt_sel_req"": ""0"", ""ovt_buy_req"": ""0"", ""ovt_buy_req_pre"": ""0"", ""return_code"": 0, ""return_msg"": ""정상적으로 처리되었습니다""}"
2026-06-10,watchlist,114090,,0,filtered_candidate_recheck,12100,,12100,12090,12100,12050,-0.8264462809917356,0.08264462809917356,,,,,,"{""bid_req_base_tm"": ""112240"", ""sel_10th_pre_req_pre"": ""0"", ""sel_10th_pre_req"": ""667"", ""sel_10th_pre_bid"": ""+12200"", ""sel_9th_pre_req_pre"": ""0"", ""sel_9th_pre_req"": ""359"", ""sel_9th_pre_bid"": ""+12190"", ""sel_8th_pre_req_pre"": ""0"", ""sel_8th_pre_req"": ""331"", ""sel_8th_pre_bid"": ""+12180"", ""sel_7th_pre_req_pre"": ""0"", ""sel_7th_pre_req"": ""1711"", ""sel_7th_pre_bid"": ""+12170"", ""sel_6th_pre_req_pre"": ""0"", ""sel_6th_pre_req"": ""10"", ""sel_6th_pre_bid"": ""+12160"", ""sel_5th_pre_req_pre"": ""0"", ""sel_5th_pre_req"": ""1185"", ""sel_5th_pre_bid"": ""+12150"", ""sel_4th_pre_req_pre"": ""0"", ""sel_4th_pre_req"": ""437"", ""sel_4th_pre_bid"": ""+12140"", ""sel_3th_pre_req_pre"": ""0"", ""sel_3th_pre_req"": ""414"", ""sel_3th_pre_bid"": ""+12130"", ""sel_2th_pre_req_pre"": ""0"", ""sel_2th_pre_req"": ""86"", ""sel_2th_pre_bid"": ""+12120"", ""sel_1th_pre_req_pre"": ""0"", ""sel_fpr_req"": ""2"", ""sel_fpr_bid"": ""+12100"", ""buy_fpr_bid"": ""+12090"", ""buy_fpr_req"": ""11"", ""buy_1th_pre_req_pre"": ""--1"", ""buy_2th_pre_bid"": ""+12080"", ""buy_2th_pre_req"": ""71"", ""buy_2th_pre_req_pre"": ""0"", ""buy_3th_pre_bid"": ""+12070"", ""buy_3th_pre_req"": ""174"", ""buy_3th_pre_req_pre"": ""0"", ""buy_4th_pre_bid"": ""+12060"", ""buy_4th_pre_req"": ""523"", ""buy_4th_pre_req_pre"": ""0"", ""buy_5th_pre_bid"": ""+12040"", ""buy_5th_pre_req"": ""63"", ""buy_5th_pre_req_pre"": ""0"", ""buy_6th_pre_bid"": ""+12020"", ""buy_6th_pre_req"": ""20"", ""buy_6th_pre_req_pre"": ""0"", ""buy_7th_pre_bid"": ""+12010"", ""buy_7th_pre_req"": ""205"", ""buy_7th_pre_req_pre"": ""0"", ""buy_8th_pre_bid"": ""+12000"", ""buy_8th_pre_req"": ""418"", ""buy_8th_pre_req_pre"": ""0"", ""buy_9th_pre_bid"": ""+11990"", ""buy_9th_pre_req"": ""100"", ""buy_9th_pre_req_pre"": ""0"", ""buy_10th_pre_bid"": ""+11980"", ""buy_10th_pre_req"": ""203"", ""buy_10th_pre_req_pre"": ""0"", ""tot_sel_req_jub_pre"": ""0"", ""tot_sel_req"": ""5202"", ""tot_buy_req"": ""1788"", ""tot_buy_req_jub_pre"": ""--1"", ""ovt_sel_req_pre"": ""0"", ""ovt_sel_req"": ""0"", ""ovt_buy_req"": ""0"", ""ovt_buy_req_pre"": ""0"", ""return_code"": 0, ""return_msg"": ""정상적으로 처리되었습니다""}"
2026-06-10,watchlist,281820,,1,filtered_candidate_recheck,66700,,66700,66600,66700,67200,0.5997001499250375,0.14992503748125938,,,,,,"{""bid_req_base_tm"": ""112239"", ""sel_10th_pre_req_pre"": ""0"", ""sel_10th_pre_req"": ""39"", ""sel_10th_pre_bid"": ""+67900"", ""sel_9th_pre_req_pre"": ""0"", ""sel_9th_pre_req"": ""1"", ""sel_9th_pre_bid"": ""+67700"", ""sel_8th_pre_req_pre"": ""0"", ""sel_8th_pre_req"": ""141"", ""sel_8th_pre_bid"": ""+67500"", ""sel_7th_pre_req_pre"": ""0"", ""sel_7th_pre_req"": ""50"", ""sel_7th_pre_bid"": ""+67400"", ""sel_6th_pre_req_pre"": ""0"", ""sel_6th_pre_req"": ""11"", ""sel_6th_pre_bid"": ""+67300"", ""sel_5th_pre_req_pre"": ""0"", ""sel_5th_pre_req"": ""2"", ""sel_5th_pre_bid"": ""+67200"", ""sel_4th_pre_req_pre"": ""+1"", ""sel_4th_pre_req"": ""34"", ""sel_4th_pre_bid"": ""+67100"", ""sel_3th_pre_req_pre"": ""0"", ""sel_3th_pre_req"": ""19"", ""sel_3th_pre_bid"": ""+67000"", ""sel_2th_pre_req_pre"": ""0"", ""sel_2th_pre_req"": ""37"", ""sel_2th_pre_bid"": ""+66800"", ""sel_1th_pre_req_pre"": ""0"", ""sel_fpr_req"": ""85"", ""sel_fpr_bid"": ""+66700"", ""buy_fpr_bid"": ""+66600"", ""buy_fpr_req"": ""163"", ""buy_1th_pre_req_pre"": ""0"", ""buy_2th_pre_bid"": ""+66500"", ""buy_2th_pre_req"": ""426"", ""buy_2th_pre_req_pre"": ""0"", ""buy_3th_pre_bid"": ""66400"", ""buy_3th_pre_req"": ""173"", ""buy_3th_pre_req_pre"": ""0"", ""buy_4th_pre_bid"": ""-66300"", ""buy_4th_pre_req"": ""9"", ""buy_4th_pre_req_pre"": ""0"", ""buy_5th_pre_bid"": ""-66200"", ""buy_5th_pre_req"": ""138"", ""buy_5th_pre_req_pre"": ""0"", ""buy_6th_pre_bid"": ""-66100"", ""buy_6th_pre_req"": ""66"", ""buy_6th_pre_req_pre"": ""0"", ""buy_7th_pre_bid"": ""-66000"", ""buy_7th_pre_req"": ""164"", ""buy_7th_pre_req_pre"": ""0"", ""buy_8th_pre_bid"": ""-65900"", ""buy_8th_pre_req"": ""1"", ""buy_8th_pre_req_pre"": ""0"", ""buy_9th_pre_bid"": ""-65800"", ""buy_9th_pre_req"": ""155"", ""buy_9th_pre_req_pre"": ""0"", ""buy_10th_pre_bid"": ""-65700"", ""buy_10th_pre_req"": ""304"", ""buy_10th_pre_req_pre"": ""0"", ""tot_sel_req_jub_pre"": ""+1"", ""tot_sel_req"": ""419"", ""tot_buy_req"": ""1599"", ""tot_buy_req_jub_pre"": ""0"", ""ovt_sel_req_pre"": ""0"", ""ovt_sel_req"": ""0"", ""ovt_buy_req"": ""0"", ""ovt_buy_req_pre"": ""0"", ""return_code"": 0, ""return_msg"": ""정상적으로 처리되었습니다""}"
2026-06-10,watchlist,489790,,0,filtered_candidate_recheck,67100,,67100,67000,67100,66900,-0.44709388971684055,0.14903129657228018,,,,,,"{""bid_req_base_tm"": ""112239"", ""sel_10th_pre_req_pre"": ""0"", ""sel_10th_pre_req"": ""25"", ""sel_10th_pre_bid"": ""+68200"", ""sel_9th_pre_req_pre"": ""0"", ""sel_9th_pre_req"": ""38"", ""sel_9th_pre_bid"": ""+68000"", ""sel_8th_pre_req_pre"": ""0"", ""sel_8th_pre_req"": ""36"", ""sel_8th_pre_bid"": ""+67900"", ""sel_7th_pre_req_pre"": ""0"", ""sel_7th_pre_req"": ""1351"", ""sel_7th_pre_bid"": ""+67800"", ""sel_6th_pre_req_pre"": ""0"", ""sel_6th_pre_req"": ""146"", ""sel_6th_pre_bid"": ""+67700"", ""sel_5th_pre_req_pre"": ""0"", ""sel_5th_pre_req"": ""128"", ""sel_5th_pre_bid"": ""+67500"", ""sel_4th_pre_req_pre"": ""0"", ""sel_4th_pre_req"": ""18"", ""sel_4th_pre_bid"": ""+67400"", ""sel_3th_pre_req_pre"": ""0"", ""sel_3th_pre_req"": ""112"", ""sel_3th_pre_bid"": ""+67300"", ""sel_2th_pre_req_pre"": ""0"", ""sel_2th_pre_req"": ""408"", ""sel_2th_pre_bid"": ""+67200"", ""sel_1th_pre_req_pre"": ""0"", ""sel_fpr_req"": ""1"", ""sel_fpr_bid"": ""+67100"", ""buy_fpr_bid"": ""+67000"", ""buy_fpr_req"": ""112"", ""buy_1th_pre_req_pre"": ""--14"", ""buy_2th_pre_bid"": ""+66900"", ""buy_2th_pre_req"": ""83"", ""buy_2th_pre_req_pre"": ""0"", ""buy_3th_pre_bid"": ""+66800"", ""buy_3th_pre_req"": ""51"", ""buy_3th_pre_req_pre"": ""0"", ""buy_4th_pre_bid"": ""+66700"", ""buy_4th_pre_req"": ""59"", ""buy_4th_pre_req_pre"": ""0"", ""buy_5th_pre_bid"": ""+66600"", ""buy_5th_pre_req"": ""153"", ""buy_5th_pre_req_pre"": ""0"", ""buy_6th_pre_bid"": ""66500"", ""buy_6th_pre_req"": ""483"", ""buy_6th_pre_req_pre"": ""0"", ""buy_7th_pre_bid"": ""-66400"", ""buy_7th_pre_req"": ""78"", ""buy_7th_pre_req_pre"": ""0"", ""buy_8th_pre_bid"": ""-66300"", ""buy_8th_pre_req"": ""48"", ""buy_8th_pre_req_pre"": ""0"", ""buy_9th_pre_bid"": ""-66200"", ""buy_9th_pre_req"": ""124"", ""buy_9th_pre_req_pre"": ""0"", ""buy_10th_pre_bid"": ""-66100"", ""buy_10th_pre_req"": ""152"", ""buy_10th_pre_req_pre"": ""0"", ""tot_sel_req_jub_pre"": ""0"", ""tot_sel_req"": ""2263"", ""tot_buy_req"": ""1343"", ""tot_buy_req_jub_pre"": ""--14"", ""ovt_sel_req_pre"": ""0"", ""ovt_sel_req"": ""0"", ""ovt_buy_req"": ""0"", ""ovt_buy_req_pre"": ""0"", ""return_code"": 0, ""return_msg"": ""정상적으로 처리되었습니다""}"
2026-06-10,watchlist,092200,,0,filtered_candidate_recheck,9450,,9450,9440,9450,9490,0.31746031746031744,0.10582010582010583,,,,,,"{""bid_req_base_tm"": ""112241"", ""sel_10th_pre_req_pre"": ""0"", ""sel_10th_pre_req"": ""136"", ""sel_10th_pre_bid"": ""-9550"", ""sel_9th_pre_req_pre"": ""0"", ""sel_9th_pre_req"": ""130"", ""sel_9th_pre_bid"": ""-9530"", ""sel_8th_pre_req_pre"": ""0"", ""sel_8th_pre_req"": ""1321"", ""sel_8th_pre_bid"": ""-9520"", ""sel_7th_pre_req_pre"": ""0"", ""sel_7th_pre_req"": ""110"", ""sel_7th_pre_bid"": ""-9510"", ""sel_6th_pre_req_pre"": ""0"", ""sel_6th_pre_req"": ""239"", ""sel_6th_pre_bid"": ""-9500"", ""sel_5th_pre_req_pre"": ""0"", ""sel_5th_pre_req"": ""120"", ""sel_5th_pre_bid"": ""-9490"", ""sel_4th_pre_req_pre"": ""0"", ""sel_4th_pre_req"": ""150"", ""sel_4th_pre_bid"": ""-9480"", ""sel_3th_pre_req_pre"": ""--358"", ""sel_3th_pre_req"": ""14"", ""sel_3th_pre_bid"": ""-9470"", ""sel_2th_pre_req_pre"": ""0"", ""sel_2th_pre_req"": ""641"", ""sel_2th_pre_bid"": ""-9460"", ""sel_1th_pre_req_pre"": ""0"", ""sel_fpr_req"": ""97"", ""sel_fpr_bid"": ""-9450"", ""buy_fpr_bid"": ""-9440"", ""buy_fpr_req"": ""3771"", ""buy_1th_pre_req_pre"": ""0"", ""buy_2th_pre_bid"": ""-9430"", ""buy_2th_pre_req"": ""2731"", ""buy_2th_pre_req_pre"": ""0"", ""buy_3th_pre_bid"": ""-9420"", ""buy_3th_pre_req"": ""2393"", ""buy_3th_pre_req_pre"": ""0"", ""buy_4th_pre_bid"": ""-9410"", ""buy_4th_pre_req"": ""5010"", ""buy_4th_pre_req_pre"": ""0"", ""buy_5th_pre_bid"": ""-9400"", ""buy_5th_pre_req"": ""8459"", ""buy_5th_pre_req_pre"": ""0"", ""buy_6th_pre_bid"": ""-9390"", ""buy_6th_pre_req"": ""2480"", ""buy_6th_pre_req_pre"": ""0"", ""buy_7th_pre_bid"": ""-9380"", ""buy_7th_pre_req"": ""3766"", ""buy_7th_pre_req_pre"": ""0"", ""buy_8th_pre_bid"": ""-9370"", ""buy_8th_pre_req"": ""1401"", ""buy_8th_pre_req_pre"": ""0"", ""buy_9th_pre_bid"": ""-9360"", ""buy_9th_pre_req"": ""724"", ""buy_9th_pre_req_pre"": ""0"", ""buy_10th_pre_bid"": ""-9350"", ""buy_10th_pre_req"": ""714"", ""buy_10th_pre_req_pre"": ""0"", ""tot_sel_req_jub_pre"": ""--358"", ""tot_sel_req"": ""2958"", ""tot_buy_req"": ""31449"", ""tot_buy_req_jub_pre"": ""0"", ""ovt_sel_req_pre"": ""0"", ""ovt_sel_req"": ""0"", ""ovt_buy_req"": ""0"", ""ovt_buy_req_pre"": ""0"", ""return_code"": 0, ""return_msg"": ""정상적으로 처리되었습니다""}"
2026-06-10,watchlist,175330,,0,filtered_candidate_recheck,25500,,25500,25450,25500,25450,-0.39215686274509803,0.19607843137254902,,,,,,"{""bid_req_base_tm"": ""112240"", ""sel_10th_pre_req_pre"": ""0"", ""sel_10th_pre_req"": ""142"", ""sel_10th_pre_bid"": ""+25950"", ""sel_9th_pre_req_pre"": ""0"", ""sel_9th_pre_req"": ""562"", ""sel_9th_pre_bid"": ""25900"", ""sel_8th_pre_req_pre"": ""0"", ""sel_8th_pre_req"": ""469"", ""sel_8th_pre_bid"": ""-25850"", ""sel_7th_pre_req_pre"": ""0"", ""sel_7th_pre_req"": ""562"", ""sel_7th_pre_bid"": ""-25800"", ""sel_6th_pre_req_pre"": ""0"", ""sel_6th_pre_req"": ""139"", ""sel_6th_pre_bid"": ""-25750"", ""sel_5th_pre_req_pre"": ""0"", ""sel_5th_pre_req"": ""104"", ""sel_5th_pre_bid"": ""-25700"", ""sel_4th_pre_req_pre"": ""0"", ""sel_4th_pre_req"": ""321"", ""sel_4th_pre_bid"": ""-25650"", ""sel_3th_pre_req_pre"": ""0"", ""sel_3th_pre_req"": ""522"", ""sel_3th_pre_bid"": ""-25600"", ""sel_2th_pre_req_pre"": ""0"", ""sel_2th_pre_req"": ""1565"", ""sel_2th_pre_bid"": ""-25550"", ""sel_1th_pre_req_pre"": ""+6"", ""sel_fpr_req"": ""1918"", ""sel_fpr_bid"": ""-25500"", ""buy_fpr_bid"": ""-25450"", ""buy_fpr_req"": ""1528"", ""buy_1th_pre_req_pre"": ""0"", ""buy_2th_pre_bid"": ""-25400"", ""buy_2th_pre_req"": ""418"", ""buy_2th_pre_req_pre"": ""0"", ""buy_3th_pre_bid"": ""-25350"", ""buy_3th_pre_req"": ""281"", ""buy_3th_pre_req_pre"": ""0"", ""buy_4th_pre_bid"": ""-25300"", ""buy_4th_pre_req"": ""361"", ""buy_4th_pre_req_pre"": ""0"", ""buy_5th_pre_bid"": ""-25250"", ""buy_5th_pre_req"": ""505"", ""buy_5th_pre_req_pre"": ""0"", ""buy_6th_pre_bid"": ""-25200"", ""buy_6th_pre_req"": ""268"", ""buy_6th_pre_req_pre"": ""0"", ""buy_7th_pre_bid"": ""-25150"", ""buy_7th_pre_req"": ""768"", ""buy_7th_pre_req_pre"": ""0"", ""buy_8th_pre_bid"": ""-25100"", ""buy_8th_pre_req"": ""490"", ""buy_8th_pre_req_pre"": ""0"", ""buy_9th_pre_bid"": ""-25050"", ""buy_9th_pre_req"": ""597"", ""buy_9th_pre_req_pre"": ""0"", ""buy_10th_pre_bid"": ""-25000"", ""buy_10th_pre_req"": ""706"", ""buy_10th_pre_req_pre"": ""0"", ""tot_sel_req_jub_pre"": ""+6"", ""tot_sel_req"": ""6304"", ""tot_buy_req"": ""5922"", ""tot_buy_req_jub_pre"": ""0"", ""ovt_sel_req_pre"": ""0"", ""ovt_sel_req"": ""0"", ""ovt_buy_req"": ""0"", ""ovt_buy_req_pre"": ""0"", ""return_code"": 0, ""return_msg"": ""정상적으로 처리되었습니다""}"
2026-06-10,watchlist,069960,,0,filtered_candidate_recheck,175500,,175500,175200,175500,174500,-0.8547008547008548,0.17094017094017094,,,,,,"{""bid_req_base_tm"": ""112240"", ""sel_10th_pre_req_pre"": ""0"", ""sel_10th_pre_req"": ""400"", ""sel_10th_pre_bid"": ""+176400"", ""sel_9th_pre_req_pre"": ""0"", ""sel_9th_pre_req"": ""147"", ""sel_9th_pre_bid"": ""+176300"", ""sel_8th_pre_req_pre"": ""0"", ""sel_8th_pre_req"": ""11"", ""sel_8th_pre_bid"": ""+176200"", ""sel_7th_pre_req_pre"": ""0"", ""sel_7th_pre_req"": ""54"", ""sel_7th_pre_bid"": ""+176100"", ""sel_6th_pre_req_pre"": ""0"", ""sel_6th_pre_req"": ""207"", ""sel_6th_pre_bid"": ""+176000"", ""sel_5th_pre_req_pre"": ""0"", ""sel_5th_pre_req"": ""7"", ""sel_5th_pre_bid"": ""+175900"", ""sel_4th_pre_req_pre"": ""0"", ""sel_4th_pre_req"": ""100"", ""sel_4th_pre_bid"": ""+175800"", ""sel_3th_pre_req_pre"": ""0"", ""sel_3th_pre_req"": ""100"", ""sel_3th_pre_bid"": ""+175700"", ""sel_2th_pre_req_pre"": ""0"", ""sel_2th_pre_req"": ""12"", ""sel_2th_pre_bid"": ""+175600"", ""sel_1th_pre_req_pre"": ""0"", ""sel_fpr_req"": ""25"", ""sel_fpr_bid"": ""+175500"", ""buy_fpr_bid"": ""+175200"", ""buy_fpr_req"": ""221"", ""buy_1th_pre_req_pre"": ""0"", ""buy_2th_pre_bid"": ""+175100"", ""buy_2th_pre_req"": ""13"", ""buy_2th_pre_req_pre"": ""0"", ""buy_3th_pre_bid"": ""+175000"", ""buy_3th_pre_req"": ""3"", ""buy_3th_pre_req_pre"": ""0"", ""buy_4th_pre_bid"": ""+174900"", ""buy_4th_pre_req"": ""9"", ""buy_4th_pre_req_pre"": ""0"", ""buy_5th_pre_bid"": ""+174800"", ""buy_5th_pre_req"": ""9"", ""buy_5th_pre_req_pre"": ""0"", ""buy_6th_pre_bid"": ""+174700"", ""buy_6th_pre_req"": ""1"", ""buy_6th_pre_req_pre"": ""0"", ""buy_7th_pre_bid"": ""+174600"", ""buy_7th_pre_req"": ""2"", ""buy_7th_pre_req_pre"": ""0"", ""buy_8th_pre_bid"": ""+174500"", ""buy_8th_pre_req"": ""80"", ""buy_8th_pre_req_pre"": ""--1"", ""buy_9th_pre_bid"": ""+174000"", ""buy_9th_pre_req"": ""1"", ""buy_9th_pre_req_pre"": ""0"", ""buy_10th_pre_bid"": ""+173900"", ""buy_10th_pre_req"": ""2"", ""buy_10th_pre_req_pre"": ""0"", ""tot_sel_req_jub_pre"": ""0"", ""tot_sel_req"": ""1063"", ""tot_buy_req"": ""341"", ""tot_buy_req_jub_pre"": ""--1"", ""ovt_sel_req_pre"": ""0"", ""ovt_sel_req"": ""0"", ""ovt_buy_req"": ""0"", ""ovt_buy_req_pre"": ""0"", ""return_code"": 0, ""return_msg"": ""정상적으로 처리되었습니다""}"
2026-06-10,watchlist,001450,,0,filtered_candidate_recheck,37600,,37600,37550,37600,37650,0.0,0.13297872340425532,,,,,,"{""bid_req_base_tm"": ""112241"", ""sel_10th_pre_req_pre"": ""0"", ""sel_10th_pre_req"": ""164"", ""sel_10th_pre_bid"": ""+38050"", ""sel_9th_pre_req_pre"": ""0"", ""sel_9th_pre_req"": ""787"", ""sel_9th_pre_bid"": ""+38000"", ""sel_8th_pre_req_pre"": ""0"", ""sel_8th_pre_req"": ""38"", ""sel_8th_pre_bid"": ""+37950"", ""sel_7th_pre_req_pre"": ""0"", ""sel_7th_pre_req"": ""115"", ""sel_7th_pre_bid"": ""+37900"", ""sel_6th_pre_req_pre"": ""0"", ""sel_6th_pre_req"": ""742"", ""sel_6th_pre_bid"": ""+37850"", ""sel_5th_pre_req_pre"": ""0"", ""sel_5th_pre_req"": ""463"", ""sel_5th_pre_bid"": ""+37800"", ""sel_4th_pre_req_pre"": ""0"", ""sel_4th_pre_req"": ""133"", ""sel_4th_pre_bid"": ""+37750"", ""sel_3th_pre_req_pre"": ""0"", ""sel_3th_pre_req"": ""61"", ""sel_3th_pre_bid"": ""+37700"", ""sel_2th_pre_req_pre"": ""0"", ""sel_2th_pre_req"": ""186"", ""sel_2th_pre_bid"": ""+37650"", ""sel_1th_pre_req_pre"": ""0"", ""sel_fpr_req"": ""152"", ""sel_fpr_bid"": ""+37600"", ""buy_fpr_bid"": ""+37550"", ""buy_fpr_req"": ""848"", ""buy_1th_pre_req_pre"": ""+45"", ""buy_2th_pre_bid"": ""+37500"", ""buy_2th_pre_req"": ""634"", ""buy_2th_pre_req_pre"": ""0"", ""buy_3th_pre_bid"": ""+37450"", ""buy_3th_pre_req"": ""381"", ""buy_3th_pre_req_pre"": ""0"", ""buy_4th_pre_bid"": ""+37400"", ""buy_4th_pre_req"": ""220"", ""buy_4th_pre_req_pre"": ""0"", ""buy_5th_pre_bid"": ""+37350"", ""buy_5th_pre_req"": ""183"", ""buy_5th_pre_req_pre"": ""0"", ""buy_6th_pre_bid"": ""+37300"", ""buy_6th_pre_req"": ""417"", ""buy_6th_pre_req_pre"": ""0"", ""buy_7th_pre_bid"": ""+37250"", ""buy_7th_pre_req"": ""209"", ""buy_7th_pre_req_pre"": ""0"", ""buy_8th_pre_bid"": ""+37200"", ""buy_8th_pre_req"": ""488"", ""buy_8th_pre_req_pre"": ""0"", ""buy_9th_pre_bid"": ""+37150"", ""buy_9th_pre_req"": ""46"", ""buy_9th_pre_req_pre"": ""0"", ""buy_10th_pre_bid"": ""+37100"", ""buy_10th_pre_req"": ""682"", ""buy_10th_pre_req_pre"": ""0"", ""tot_sel_req_jub_pre"": ""0"", ""tot_sel_req"": ""2841"", ""tot_buy_req"": ""4108"", ""tot_buy_req_jub_pre"": ""+45"", ""ovt_sel_req_pre"": ""0"", ""ovt_sel_req"": ""0"", ""ovt_buy_req"": ""0"", ""ovt_buy_req_pre"": ""0"", ""return_code"": 0, ""return_msg"": ""정상적으로 처리되었습니다""}"
2026-06-10,watchlist,011070,,0,filtered_candidate_recheck,1121000,,1121000,1120000,1121000,1124000,0.17841213202497772,0.08920606601248886,,,,,,"{""bid_req_base_tm"": ""112241"", ""sel_10th_pre_req_pre"": ""0"", ""sel_10th_pre_req"": ""109"", ""sel_10th_pre_bid"": ""-1130000"", ""sel_9th_pre_req_pre"": ""0"", ""sel_9th_pre_req"": ""53"", ""sel_9th_pre_bid"": ""-1129000"", ""sel_8th_pre_req_pre"": ""0"", ""sel_8th_pre_req"": ""27"", ""sel_8th_pre_bid"": ""-1128000"", ""sel_7th_pre_req_pre"": ""0"", ""sel_7th_pre_req"": ""42"", ""sel_7th_pre_bid"": ""-1127000"", ""sel_6th_pre_req_pre"": ""0"", ""sel_6th_pre_req"": ""85"", ""sel_6th_pre_bid"": ""-1126000"", ""sel_5th_pre_req_pre"": ""0"", ""sel_5th_pre_req"": ""50"", ""sel_5th_pre_bid"": ""-1125000"", ""sel_4th_pre_req_pre"": ""0"", ""sel_4th_pre_req"": ""6"", ""sel_4th_pre_bid"": ""-1124000"", ""sel_3th_pre_req_pre"": ""0"", ""sel_3th_pre_req"": ""53"", ""sel_3th_pre_bid"": ""-1123000"", ""sel_2th_pre_req_pre"": ""0"", ""sel_2th_pre_req"": ""1"", ""sel_2th_pre_bid"": ""-1122000"", ""sel_1th_pre_req_pre"": ""0"", ""sel_fpr_req"": ""62"", ""sel_fpr_bid"": ""-1121000"", ""buy_fpr_bid"": ""-1120000"", ""buy_fpr_req"": ""69"", ""buy_1th_pre_req_pre"": ""--2"", ""buy_2th_pre_bid"": ""-1119000"", ""buy_2th_pre_req"": ""216"", ""buy_2th_pre_req_pre"": ""0"", ""buy_3th_pre_bid"": ""-1118000"", ""buy_3th_pre_req"": ""360"", ""buy_3th_pre_req_pre"": ""0"", ""buy_4th_pre_bid"": ""-1117000"", ""buy_4th_pre_req"": ""54"", ""buy_4th_pre_req_pre"": ""0"", ""buy_5th_pre_bid"": ""-1116000"", ""buy_5th_pre_req"": ""40"", ""buy_5th_pre_req_pre"": ""0"", ""buy_6th_pre_bid"": ""-1115000"", ""buy_6th_pre_req"": ""27"", ""buy_6th_pre_req_pre"": ""0"", ""buy_7th_pre_bid"": ""-1114000"", ""buy_7th_pre_req"": ""24"", ""buy_7th_pre_req_pre"": ""0"", ""buy_8th_pre_bid"": ""-1113000"", ""buy_8th_pre_req"": ""56"", ""buy_8th_pre_req_pre"": ""0"", ""buy_9th_pre_bid"": ""-1112000"", ""buy_9th_pre_req"": ""41"", ""buy_9th_pre_req_pre"": ""0"", ""buy_10th_pre_bid"": ""-1111000"", ""buy_10th_pre_req"": ""112"", ""buy_10th_pre_req_pre"": ""0"", ""tot_sel_req_jub_pre"": ""0"", ""tot_sel_req"": ""488"", ""tot_buy_req"": ""999"", ""tot_buy_req_jub_pre"": ""--2"", ""ovt_sel_req_pre"": ""0"", ""ovt_sel_req"": ""0"", ""ovt_buy_req"": ""0"", ""ovt_buy_req_pre"": ""0"", ""return_code"": 0, ""return_msg"": ""정상적으로 처리되었습니다""}"
2026-06-10,watchlist,088350,,0,filtered_candidate_recheck,4840,,4840,4835,4840,4855,0.2066115702479339,0.10330578512396695,,,,,,"{""bid_req_base_tm"": ""112242"", ""sel_10th_pre_req_pre"": ""0"", ""sel_10th_pre_req"": ""3753"", ""sel_10th_pre_bid"": ""-4890"", ""sel_9th_pre_req_pre"": ""0"", ""sel_9th_pre_req"": ""2347"", ""sel_9th_pre_bid"": ""-4885"", ""sel_8th_pre_req_pre"": ""0"", ""sel_8th_pre_req"": ""503"", ""sel_8th_pre_bid"": ""-4880"", ""sel_7th_pre_req_pre"": ""0"", ""sel_7th_pre_req"": ""574"", ""sel_7th_pre_bid"": ""-4875"", ""sel_6th_pre_req_pre"": ""0"", ""sel_6th_pre_req"": ""108"", ""sel_6th_pre_bid"": ""-4870"", ""sel_5th_pre_req_pre"": ""0"", ""sel_5th_pre_req"": ""1968"", ""sel_5th_pre_bid"": ""-4865"", ""sel_4th_pre_req_pre"": ""0"", ""sel_4th_pre_req"": ""1758"", ""sel_4th_pre_bid"": ""-4860"", ""sel_3th_pre_req_pre"": ""0"", ""sel_3th_pre_req"": ""1639"", ""sel_3th_pre_bid"": ""-4855"", ""sel_2th_pre_req_pre"": ""0"", ""sel_2th_pre_req"": ""180"", ""sel_2th_pre_bid"": ""-4850"", ""sel_1th_pre_req_pre"": ""0"", ""sel_fpr_req"": ""294"", ""sel_fpr_bid"": ""-4840"", ""buy_fpr_bid"": ""-4835"", ""buy_fpr_req"": ""7292"", ""buy_1th_pre_req_pre"": ""0"", ""buy_2th_pre_bid"": ""-4830"", ""buy_2th_pre_req"": ""2241"", ""buy_2th_pre_req_pre"": ""0"", ""buy_3th_pre_bid"": ""-4825"", ""buy_3th_pre_req"": ""2268"", ""buy_3th_pre_req_pre"": ""0"", ""buy_4th_pre_bid"": ""-4820"", ""buy_4th_pre_req"": ""2393"", ""buy_4th_pre_req_pre"": ""0"", ""buy_5th_pre_bid"": ""-4815"", ""buy_5th_pre_req"": ""26754"", ""buy_5th_pre_req_pre"": ""0"", ""buy_6th_pre_bid"": ""-4810"", ""buy_6th_pre_req"": ""7472"", ""buy_6th_pre_req_pre"": ""0"", ""buy_7th_pre_bid"": ""-4805"", ""buy_7th_pre_req"": ""10829"", ""buy_7th_pre_req_pre"": ""0"", ""buy_8th_pre_bid"": ""-4800"", ""buy_8th_pre_req"": ""17878"", ""buy_8th_pre_req_pre"": ""0"", ""buy_9th_pre_bid"": ""-4795"", ""buy_9th_pre_req"": ""11074"", ""buy_9th_pre_req_pre"": ""0"", ""buy_10th_pre_bid"": ""-4790"", ""buy_10th_pre_req"": ""14574"", ""buy_10th_pre_req_pre"": ""0"", ""tot_sel_req_jub_pre"": ""0"", ""tot_sel_req"": ""13124"", ""tot_buy_req"": ""102775"", ""tot_buy_req_jub_pre"": ""0"", ""ovt_sel_req_pre"": ""0"", ""ovt_sel_req"": ""0"", ""ovt_buy_req"": ""0"", ""ovt_buy_req_pre"": ""0"", ""return_code"": 0, ""return_msg"": ""정상적으로 처리되었습니다""}"
2026-06-10,watchlist,195870,,0,filtered_candidate_recheck,75700,,75700,75400,75700,75800,0.0,0.3963011889035667,,,,,,"{""bid_req_base_tm"": ""112240"", ""sel_10th_pre_req_pre"": ""0"", ""sel_10th_pre_req"": ""300"", ""sel_10th_pre_bid"": ""+77100"", ""sel_9th_pre_req_pre"": ""0"", ""sel_9th_pre_req"": ""40"", ""sel_9th_pre_bid"": ""+77000"", ""sel_8th_pre_req_pre"": ""0"", ""sel_8th_pre_req"": ""20"", ""sel_8th_pre_bid"": ""+76900"", ""sel_7th_pre_req_pre"": ""0"", ""sel_7th_pre_req"": ""65"", ""sel_7th_pre_bid"": ""+76800"", ""sel_6th_pre_req_pre"": ""0"", ""sel_6th_pre_req"": ""10"", ""sel_6th_pre_bid"": ""+76700"", ""sel_5th_pre_req_pre"": ""0"", ""sel_5th_pre_req"": ""302"", ""sel_5th_pre_bid"": ""+76600"", ""sel_4th_pre_req_pre"": ""0"", ""sel_4th_pre_req"": ""49"", ""sel_4th_pre_bid"": ""+76500"", ""sel_3th_pre_req_pre"": ""0"", ""sel_3th_pre_req"": ""11"", ""sel_3th_pre_bid"": ""+76400"", ""sel_2th_pre_req_pre"": ""0"", ""sel_2th_pre_req"": ""1"", ""sel_2th_pre_bid"": ""+76000"", ""sel_1th_pre_req_pre"": ""0"", ""sel_fpr_req"": ""15"", ""sel_fpr_bid"": ""+75700"", ""buy_fpr_bid"": ""+75400"", ""buy_fpr_req"": ""35"", ""buy_1th_pre_req_pre"": ""--1"", ""buy_2th_pre_bid"": ""+75300"", ""buy_2th_pre_req"": ""83"", ""buy_2th_pre_req_pre"": ""0"", ""buy_3th_pre_bid"": ""+75200"", ""buy_3th_pre_req"": ""52"", ""buy_3th_pre_req_pre"": ""0"", ""buy_4th_pre_bid"": ""+75100"", ""buy_4th_pre_req"": ""93"", ""buy_4th_pre_req_pre"": ""0"", ""buy_5th_pre_bid"": ""+75000"", ""buy_5th_pre_req"": ""30"", ""buy_5th_pre_req_pre"": ""0"", ""buy_6th_pre_bid"": ""+74900"", ""buy_6th_pre_req"": ""53"", ""buy_6th_pre_req_pre"": ""0"", ""buy_7th_pre_bid"": ""+74800"", ""buy_7th_pre_req"": ""151"", ""buy_7th_pre_req_pre"": ""0"", ""buy_8th_pre_bid"": ""+74700"", ""buy_8th_pre_req"": ""1"", ""buy_8th_pre_req_pre"": ""0"", ""buy_9th_pre_bid"": ""+74600"", ""buy_9th_pre_req"": ""24"", ""buy_9th_pre_req_pre"": ""0"", ""buy_10th_pre_bid"": ""+74500"", ""buy_10th_pre_req"": ""40"", ""buy_10th_pre_req_pre"": ""0"", ""tot_sel_req_jub_pre"": ""0"", ""tot_sel_req"": ""813"", ""tot_buy_req"": ""562"", ""tot_buy_req_jub_pre"": ""--1"", ""ovt_sel_req_pre"": ""0"", ""ovt_sel_req"": ""0"", ""ovt_buy_req"": ""0"", ""ovt_buy_req_pre"": ""0"", ""return_code"": 0, ""return_msg"": ""정상적으로 처리되었습니다""}"
2026-06-10,watchlist,042700,,0,filtered_candidate_recheck,280500,,280500,280000,280500,281000,0.0,0.17825311942959002,,,,,,"{""bid_req_base_tm"": ""112242"", ""sel_10th_pre_req_pre"": ""0"", ""sel_10th_pre_req"": ""579"", ""sel_10th_pre_bid"": ""+285000"", ""sel_9th_pre_req_pre"": ""0"", ""sel_9th_pre_req"": ""260"", ""sel_9th_pre_bid"": ""+284500"", ""sel_8th_pre_req_pre"": ""0"", ""sel_8th_pre_req"": ""225"", ""sel_8th_pre_bid"": ""+284000"", ""sel_7th_pre_req_pre"": ""0"", ""sel_7th_pre_req"": ""110"", ""sel_7th_pre_bid"": ""+283500"", ""sel_6th_pre_req_pre"": ""0"", ""sel_6th_pre_req"": ""232"", ""sel_6th_pre_bid"": ""+283000"", ""sel_5th_pre_req_pre"": ""0"", ""sel_5th_pre_req"": ""99"", ""sel_5th_pre_bid"": ""+282500"", ""sel_4th_pre_req_pre"": ""0"", ""sel_4th_pre_req"": ""130"", ""sel_4th_pre_bid"": ""+282000"", ""sel_3th_pre_req_pre"": ""0"", ""sel_3th_pre_req"": ""397"", ""sel_3th_pre_bid"": ""+281500"", ""sel_2th_pre_req_pre"": ""0"", ""sel_2th_pre_req"": ""444"", ""sel_2th_pre_bid"": ""+281000"", ""sel_1th_pre_req_pre"": ""0"", ""sel_fpr_req"": ""127"", ""sel_fpr_bid"": ""+280500"", ""buy_fpr_bid"": ""+280000"", ""buy_fpr_req"": ""135"", ""buy_1th_pre_req_pre"": ""+1"", ""buy_2th_pre_bid"": ""+279500"", ""buy_2th_pre_req"": ""903"", ""buy_2th_pre_req_pre"": ""0"", ""buy_3th_pre_bid"": ""+279000"", ""buy_3th_pre_req"": ""206"", ""buy_3th_pre_req_pre"": ""0"", ""buy_4th_pre_bid"": ""+278500"", ""buy_4th_pre_req"": ""324"", ""buy_4th_pre_req_pre"": ""0"", ""buy_5th_pre_bid"": ""+278000"", ""buy_5th_pre_req"": ""778"", ""buy_5th_pre_req_pre"": ""0"", ""buy_6th_pre_bid"": ""+277500"", ""buy_6th_pre_req"": ""301"", ""buy_6th_pre_req_pre"": ""0"", ""buy_7th_pre_bid"": ""+277000"", ""buy_7th_pre_req"": ""735"", ""buy_7th_pre_req_pre"": ""0"", ""buy_8th_pre_bid"": ""276500"", ""buy_8th_pre_req"": ""822"", ""buy_8th_pre_req_pre"": ""0"", ""buy_9th_pre_bid"": ""-276000"", ""buy_9th_pre_req"": ""473"", ""buy_9th_pre_req_pre"": ""0"", ""buy_10th_pre_bid"": ""-275500"", ""buy_10th_pre_req"": ""216"", ""buy_10th_pre_req_pre"": ""0"", ""tot_sel_req_jub_pre"": ""0"", ""tot_sel_req"": ""2603"", ""tot_buy_req"": ""4893"", ""tot_buy_req_jub_pre"": ""+1"", ""ovt_sel_req_pre"": ""0"", ""ovt_sel_req"": ""0"", ""ovt_buy_req"": ""0"", ""ovt_buy_req_pre"": ""0"", ""return_code"": 0, ""return_msg"": ""정상적으로 처리되었습니다""}"
2026-06-10,watchlist,003160,,0,filtered_candidate_recheck,27950,,27950,27800,27950,27950,-0.17889087656529518,0.5366726296958855,,,,,,"{""bid_req_base_tm"": ""112240"", ""sel_10th_pre_req_pre"": ""0"", ""sel_10th_pre_req"": ""2070"", ""sel_10th_pre_bid"": ""+28400"", ""sel_9th_pre_req_pre"": ""0"", ""sel_9th_pre_req"": ""211"", ""sel_9th_pre_bid"": ""+28350"", ""sel_8th_pre_req_pre"": ""0"", ""sel_8th_pre_req"": ""203"", ""sel_8th_pre_bid"": ""+28300"", ""sel_7th_pre_req_pre"": ""0"", ""sel_7th_pre_req"": ""101"", ""sel_7th_pre_bid"": ""+28250"", ""sel_6th_pre_req_pre"": ""0"", ""sel_6th_pre_req"": ""111"", ""sel_6th_pre_bid"": ""+28200"", ""sel_5th_pre_req_pre"": ""0"", ""sel_5th_pre_req"": ""133"", ""sel_5th_pre_bid"": ""+28150"", ""sel_4th_pre_req_pre"": ""0"", ""sel_4th_pre_req"": ""82"", ""sel_4th_pre_bid"": ""+28100"", ""sel_3th_pre_req_pre"": ""0"", ""sel_3th_pre_req"": ""59"", ""sel_3th_pre_bid"": ""28050"", ""sel_2th_pre_req_pre"": ""0"", ""sel_2th_pre_req"": ""42"", ""sel_2th_pre_bid"": ""-28000"", ""sel_1th_pre_req_pre"": ""0"", ""sel_fpr_req"": ""1"", ""sel_fpr_bid"": ""-27950"", ""buy_fpr_bid"": ""-27800"", ""buy_fpr_req"": ""195"", ""buy_1th_pre_req_pre"": ""0"", ""buy_2th_pre_bid"": ""-27750"", ""buy_2th_pre_req"": ""822"", ""buy_2th_pre_req_pre"": ""0"", ""buy_3th_pre_bid"": ""-27700"", ""buy_3th_pre_req"": ""189"", ""buy_3th_pre_req_pre"": ""0"", ""buy_4th_pre_bid"": ""-27650"", ""buy_4th_pre_req"": ""128"", ""buy_4th_pre_req_pre"": ""0"", ""buy_5th_pre_bid"": ""-27600"", ""buy_5th_pre_req"": ""299"", ""buy_5th_pre_req_pre"": ""0"", ""buy_6th_pre_bid"": ""-27550"", ""buy_6th_pre_req"": ""319"", ""buy_6th_pre_req_pre"": ""0"", ""buy_7th_pre_bid"": ""-27500"", ""buy_7th_pre_req"": ""1150"", ""buy_7th_pre_req_pre"": ""0"", ""buy_8th_pre_bid"": ""-27450"", ""buy_8th_pre_req"": ""119"", ""buy_8th_pre_req_pre"": ""0"", ""buy_9th_pre_bid"": ""-27400"", ""buy_9th_pre_req"": ""1299"", ""buy_9th_pre_req_pre"": ""0"", ""buy_10th_pre_bid"": ""-27350"", ""buy_10th_pre_req"": ""68"", ""buy_10th_pre_req_pre"": ""0"", ""tot_sel_req_jub_pre"": ""0"", ""tot_sel_req"": ""3013"", ""tot_buy_req"": ""4588"", ""tot_buy_req_jub_pre"": ""+31"", ""ovt_sel_req_pre"": ""0"", ""ovt_sel_req"": ""0"", ""ovt_buy_req"": ""0"", ""ovt_buy_req_pre"": ""0"", ""return_code"": 0, ""return_msg"": ""정상적으로 처리되었습니다""}"
2026-06-10,watchlist,005940,,1,filtered_candidate_recheck,30700,,30700,30650,30700,30900,0.4885993485342019,0.16286644951140067,,,,,,"{""bid_req_base_tm"": ""112242"", ""sel_10th_pre_req_pre"": ""0"", ""sel_10th_pre_req"": ""5"", ""sel_10th_pre_bid"": ""-31150"", ""sel_9th_pre_req_pre"": ""0"", ""sel_9th_pre_req"": ""50"", ""sel_9th_pre_bid"": ""-31100"", ""sel_8th_pre_req_pre"": ""0"", ""sel_8th_pre_req"": ""110"", ""sel_8th_pre_bid"": ""-31050"", ""sel_7th_pre_req_pre"": ""0"", ""sel_7th_pre_req"": ""1"", ""sel_7th_pre_bid"": ""-31000"", ""sel_6th_pre_req_pre"": ""0"", ""sel_6th_pre_req"": ""212"", ""sel_6th_pre_bid"": ""-30950"", ""sel_5th_pre_req_pre"": ""0"", ""sel_5th_pre_req"": ""357"", ""sel_5th_pre_bid"": ""-30900"", ""sel_4th_pre_req_pre"": ""0"", ""sel_4th_pre_req"": ""496"", ""sel_4th_pre_bid"": ""-30850"", ""sel_3th_pre_req_pre"": ""0"", ""sel_3th_pre_req"": ""879"", ""sel_3th_pre_bid"": ""-30800"", ""sel_2th_pre_req_pre"": ""0"", ""sel_2th_pre_req"": ""173"", ""sel_2th_pre_bid"": ""-30750"", ""sel_1th_pre_req_pre"": ""0"", ""sel_fpr_req"": ""1623"", ""sel_fpr_bid"": ""-30700"", ""buy_fpr_bid"": ""-30650"", ""buy_fpr_req"": ""4934"", ""buy_1th_pre_req_pre"": ""+1"", ""buy_2th_pre_bid"": ""-30600"", ""buy_2th_pre_req"": ""457"", ""buy_2th_pre_req_pre"": ""0"", ""buy_3th_pre_bid"": ""-30550"", ""buy_3th_pre_req"": ""697"", ""buy_3th_pre_req_pre"": ""0"", ""buy_4th_pre_bid"": ""-30500"", ""buy_4th_pre_req"": ""2226"", ""buy_4th_pre_req_pre"": ""0"", ""buy_5th_pre_bid"": ""-30450"", ""buy_5th_pre_req"": ""1566"", ""buy_5th_pre_req_pre"": ""0"", ""buy_6th_pre_bid"": ""-30400"", ""buy_6th_pre_req"": ""1238"", ""buy_6th_pre_req_pre"": ""0"", ""buy_7th_pre_bid"": ""-30350"", ""buy_7th_pre_req"": ""832"", ""buy_7th_pre_req_pre"": ""0"", ""buy_8th_pre_bid"": ""-30300"", ""buy_8th_pre_req"": ""3018"", ""buy_8th_pre_req_pre"": ""0"", ""buy_9th_pre_bid"": ""-30250"", ""buy_9th_pre_req"": ""225"", ""buy_9th_pre_req_pre"": ""0"", ""buy_10th_pre_bid"": ""-30200"", ""buy_10th_pre_req"": ""1392"", ""buy_10th_pre_req_pre"": ""0"", ""tot_sel_req_jub_pre"": ""0"", ""tot_sel_req"": ""3906"", ""tot_buy_req"": ""16585"", ""tot_buy_req_jub_pre"": ""+1"", ""ovt_sel_req_pre"": ""0"", ""ovt_sel_req"": ""0"", ""ovt_buy_req"": ""0"", ""ovt_buy_req_pre"": ""0"", ""return_code"": 0, ""return_msg"": ""정상적으로 처리되었습니다""}"
2026-06-10,watchlist,120110,,0,filtered_candidate_recheck,70300,,70300,70200,70300,70500,0.1422475106685633,0.1422475106685633,,,,,,"{""bid_req_base_tm"": ""112241"", ""sel_10th_pre_req_pre"": ""0"", ""sel_10th_pre_req"": ""4"", ""sel_10th_pre_bid"": ""+71200"", ""sel_9th_pre_req_pre"": ""0"", ""sel_9th_pre_req"": ""10"", ""sel_9th_pre_bid"": ""+71100"", ""sel_8th_pre_req_pre"": ""0"", ""sel_8th_pre_req"": ""46"", ""sel_8th_pre_bid"": ""+71000"", ""sel_7th_pre_req_pre"": ""0"", ""sel_7th_pre_req"": ""42"", ""sel_7th_pre_bid"": ""+70900"", ""sel_6th_pre_req_pre"": ""0"", ""sel_6th_pre_req"": ""101"", ""sel_6th_pre_bid"": ""+70800"", ""sel_5th_pre_req_pre"": ""0"", ""sel_5th_pre_req"": ""60"", ""sel_5th_pre_bid"": ""+70700"", ""sel_4th_pre_req_pre"": ""0"", ""sel_4th_pre_req"": ""40"", ""sel_4th_pre_bid"": ""+70600"", ""sel_3th_pre_req_pre"": ""0"", ""sel_3th_pre_req"": ""118"", ""sel_3th_pre_bid"": ""+70500"", ""sel_2th_pre_req_pre"": ""0"", ""sel_2th_pre_req"": ""56"", ""sel_2th_pre_bid"": ""+70400"", ""sel_1th_pre_req_pre"": ""0"", ""sel_fpr_req"": ""151"", ""sel_fpr_bid"": ""+70300"", ""buy_fpr_bid"": ""+70200"", ""buy_fpr_req"": ""190"", ""buy_1th_pre_req_pre"": ""0"", ""buy_2th_pre_bid"": ""+70100"", ""buy_2th_pre_req"": ""40"", ""buy_2th_pre_req_pre"": ""0"", ""buy_3th_pre_bid"": ""+70000"", ""buy_3th_pre_req"": ""220"", ""buy_3th_pre_req_pre"": ""+100"", ""buy_4th_pre_bid"": ""+69900"", ""buy_4th_pre_req"": ""135"", ""buy_4th_pre_req_pre"": ""0"", ""buy_5th_pre_bid"": ""+69800"", ""buy_5th_pre_req"": ""261"", ""buy_5th_pre_req_pre"": ""0"", ""buy_6th_pre_bid"": ""+69700"", ""buy_6th_pre_req"": ""47"", ""buy_6th_pre_req_pre"": ""0"", ""buy_7th_pre_bid"": ""+69600"", ""buy_7th_pre_req"": ""34"", ""buy_7th_pre_req_pre"": ""0"", ""buy_8th_pre_bid"": ""+69500"", ""buy_8th_pre_req"": ""18"", ""buy_8th_pre_req_pre"": ""0"", ""buy_9th_pre_bid"": ""+69400"", ""buy_9th_pre_req"": ""104"", ""buy_9th_pre_req_pre"": ""0"", ""buy_10th_pre_bid"": ""+69300"", ""buy_10th_pre_req"": ""523"", ""buy_10th_pre_req_pre"": ""0"", ""tot_sel_req_jub_pre"": ""0"", ""tot_sel_req"": ""628"", ""tot_buy_req"": ""1572"", ""tot_buy_req_jub_pre"": ""+100"", ""ovt_sel_req_pre"": ""0"", ""ovt_sel_req"": ""0"", ""ovt_buy_req"": ""0"", ""ovt_buy_req_pre"": ""0"", ""return_code"": 0, ""return_msg"": ""정상적으로 처리되었습니다""}"
2026-06-10,watchlist,375500,,0,filtered_candidate_recheck,71200,,71200,71100,71200,70900,-0.5617977528089888,0.1404494382022472,,,,,,"{""bid_req_base_tm"": ""112242"", ""sel_10th_pre_req_pre"": ""0"", ""sel_10th_pre_req"": ""427"", ""sel_10th_pre_bid"": ""+72100"", ""sel_9th_pre_req_pre"": ""0"", ""sel_9th_pre_req"": ""275"", ""sel_9th_pre_bid"": ""+72000"", ""sel_8th_pre_req_pre"": ""0"", ""sel_8th_pre_req"": ""203"", ""sel_8th_pre_bid"": ""+71900"", ""sel_7th_pre_req_pre"": ""0"", ""sel_7th_pre_req"": ""202"", ""sel_7th_pre_bid"": ""+71800"", ""sel_6th_pre_req_pre"": ""0"", ""sel_6th_pre_req"": ""225"", ""sel_6th_pre_bid"": ""+71700"", ""sel_5th_pre_req_pre"": ""0"", ""sel_5th_pre_req"": ""281"", ""sel_5th_pre_bid"": ""+71600"", ""sel_4th_pre_req_pre"": ""0"", ""sel_4th_pre_req"": ""255"", ""sel_4th_pre_bid"": ""+71500"", ""sel_3th_pre_req_pre"": ""0"", ""sel_3th_pre_req"": ""62"", ""sel_3th_pre_bid"": ""+71400"", ""sel_2th_pre_req_pre"": ""0"", ""sel_2th_pre_req"": ""142"", ""sel_2th_pre_bid"": ""+71300"", ""sel_1th_pre_req_pre"": ""0"", ""sel_fpr_req"": ""111"", ""sel_fpr_bid"": ""+71200"", ""buy_fpr_bid"": ""+71100"", ""buy_fpr_req"": ""117"", ""buy_1th_pre_req_pre"": ""0"", ""buy_2th_pre_bid"": ""+71000"", ""buy_2th_pre_req"": ""278"", ""buy_2th_pre_req_pre"": ""0"", ""buy_3th_pre_bid"": ""+70900"", ""buy_3th_pre_req"": ""99"", ""buy_3th_pre_req_pre"": ""0"", ""buy_4th_pre_bid"": ""+70800"", ""buy_4th_pre_req"": ""18"", ""buy_4th_pre_req_pre"": ""0"", ""buy_5th_pre_bid"": ""+70700"", ""buy_5th_pre_req"": ""3"", ""buy_5th_pre_req_pre"": ""0"", ""buy_6th_pre_bid"": ""+70600"", ""buy_6th_pre_req"": ""32"", ""buy_6th_pre_req_pre"": ""0"", ""buy_7th_pre_bid"": ""+70500"", ""buy_7th_pre_req"": ""166"", ""buy_7th_pre_req_pre"": ""0"", ""buy_8th_pre_bid"": ""+70400"", ""buy_8th_pre_req"": ""45"", ""buy_8th_pre_req_pre"": ""0"", ""buy_9th_pre_bid"": ""+70300"", ""buy_9th_pre_req"": ""88"", ""buy_9th_pre_req_pre"": ""0"", ""buy_10th_pre_bid"": ""+70200"", ""buy_10th_pre_req"": ""85"", ""buy_10th_pre_req_pre"": ""0"", ""tot_sel_req_jub_pre"": ""0"", ""tot_sel_req"": ""2183"", ""tot_buy_req"": ""931"", ""tot_buy_req_jub_pre"": ""0"", ""ovt_sel_req_pre"": ""0"", ""ovt_sel_req"": ""0"", ""ovt_buy_req"": ""0"", ""ovt_buy_req_pre"": ""0"", ""return_code"": 0, ""return_msg"": ""정상적으로 처리되었습니다""}"
2026-06-10,scan_candidate,005930,,0,main_scan,304500,,304500,304000,304500,305500,0.16420361247947454,0.16420361247947454,,,,,,"{""bid_req_base_tm"": ""112442"", ""sel_10th_pre_req_pre"": ""--2"", ""sel_10th_pre_req"": ""14490"", ""sel_10th_pre_bid"": ""-309000"", ""sel_9th_pre_req_pre"": ""0"", ""sel_9th_pre_req"": ""25098"", ""sel_9th_pre_bid"": ""-308500"", ""sel_8th_pre_req_pre"": ""0"", ""sel_8th_pre_req"": ""27231"", ""sel_8th_pre_bid"": ""-308000"", ""sel_7th_pre_req_pre"": ""0"", ""sel_7th_pre_req"": ""17077"", ""sel_7th_pre_bid"": ""-307500"", ""sel_6th_pre_req_pre"": ""0"", ""sel_6th_pre_req"": ""8310"", ""sel_6th_pre_bid"": ""-307000"", ""sel_5th_pre_req_pre"": ""0"", ""sel_5th_pre_req"": ""14106"", ""sel_5th_pre_bid"": ""-306500"", ""sel_4th_pre_req_pre"": ""0"", ""sel_4th_pre_req"": ""16040"", ""sel_4th_pre_bid"": ""-306000"", ""sel_3th_pre_req_pre"": ""0"", ""sel_3th_pre_req"": ""8302"", ""sel_3th_pre_bid"": ""-305500"", ""sel_2th_pre_req_pre"": ""0"", ""sel_2th_pre_req"": ""14831"", ""sel_2th_pre_bid"": ""-305000"", ""sel_1th_pre_req_pre"": ""--1"", ""sel_fpr_req"": ""17306"", ""sel_fpr_bid"": ""-304500"", ""buy_fpr_bid"": ""-304000"", ""buy_fpr_req"": ""25638"", ""buy_1th_pre_req_pre"": ""+2"", ""buy_2th_pre_bid"": ""-303500"", ""buy_2th_pre_req"": ""43540"", ""buy_2th_pre_req_pre"": ""0"", ""buy_3th_pre_bid"": ""-303000"", ""buy_3th_pre_req"": ""88743"", ""buy_3th_pre_req_pre"": ""0"", ""buy_4th_pre_bid"": ""-302500"", ""buy_4th_pre_req"": ""35017"", ""buy_4th_pre_req_pre"": ""0"", ""buy_5th_pre_bid"": ""-302000"", ""buy_5th_pre_req"": ""64602"", ""buy_5th_pre_req_pre"": ""0"", ""buy_6th_pre_bid"": ""-301500"", ""buy_6th_pre_req"": ""52951"", ""buy_6th_pre_req_pre"": ""0"", ""buy_7th_pre_bid"": ""-301000"", ""buy_7th_pre_req"": ""86395"", ""buy_7th_pre_req_pre"": ""+4"", ""buy_8th_pre_bid"": ""-300500"", ""buy_8th_pre_req"": ""131747"", ""buy_8th_pre_req_pre"": ""0"", ""buy_9th_pre_bid"": ""-300000"", ""buy_9th_pre_req"": ""305690"", ""buy_9th_pre_req_pre"": ""0"", ""buy_10th_pre_bid"": ""-299500"", ""buy_10th_pre_req"": ""31828"", ""buy_10th_pre_req_pre"": ""+5"", ""tot_sel_req_jub_pre"": ""--3"", ""tot_sel_req"": ""162791"", ""tot_buy_req"": ""866151"", ""tot_buy_req_jub_pre"": ""+11"", ""ovt_sel_req_pre"": ""0"", ""ovt_sel_req"": ""0"", ""ovt_buy_req"": ""0"", ""ovt_buy_req_pre"": ""0"", ""return_code"": 0, ""return_msg"": ""정상적으로 처리되었습니다""}"
2026-06-10,scan_candidate,000660,,0,main_scan,2085000,,2085000,2084000,2085000,2088000,0.09592326139088729,0.047961630695443645,,,,,,"{""bid_req_base_tm"": ""112442"", ""sel_10th_pre_req_pre"": ""0"", ""sel_10th_pre_req"": ""65"", ""sel_10th_pre_bid"": ""-2094000"", ""sel_9th_pre_req_pre"": ""0"", ""sel_9th_pre_req"": ""234"", ""sel_9th_pre_bid"": ""-2093000"", ""sel_8th_pre_req_pre"": ""0"", ""sel_8th_pre_req"": ""71"", ""sel_8th_pre_bid"": ""-2092000"", ""sel_7th_pre_req_pre"": ""0"", ""sel_7th_pre_req"": ""61"", ""sel_7th_pre_bid"": ""-2091000"", ""sel_6th_pre_req_pre"": ""0"", ""sel_6th_pre_req"": ""263"", ""sel_6th_pre_bid"": ""-2090000"", ""sel_5th_pre_req_pre"": ""0"", ""sel_5th_pre_req"": ""90"", ""sel_5th_pre_bid"": ""-2089000"", ""sel_4th_pre_req_pre"": ""0"", ""sel_4th_pre_req"": ""250"", ""sel_4th_pre_bid"": ""-2088000"", ""sel_3th_pre_req_pre"": ""0"", ""sel_3th_pre_req"": ""142"", ""sel_3th_pre_bid"": ""-2087000"", ""sel_2th_pre_req_pre"": ""0"", ""sel_2th_pre_req"": ""226"", ""sel_2th_pre_bid"": ""-2086000"", ""sel_1th_pre_req_pre"": ""--1"", ""sel_fpr_req"": ""105"", ""sel_fpr_bid"": ""-2085000"", ""buy_fpr_bid"": ""-2084000"", ""buy_fpr_req"": ""466"", ""buy_1th_pre_req_pre"": ""0"", ""buy_2th_pre_bid"": ""-2083000"", ""buy_2th_pre_req"": ""1671"", ""buy_2th_pre_req_pre"": ""0"", ""buy_3th_pre_bid"": ""-2082000"", ""buy_3th_pre_req"": ""1132"", ""buy_3th_pre_req_pre"": ""0"", ""buy_4th_pre_bid"": ""-2081000"", ""buy_4th_pre_req"": ""3643"", ""buy_4th_pre_req_pre"": ""0"", ""buy_5th_pre_bid"": ""-2080000"", ""buy_5th_pre_req"": ""4462"", ""buy_5th_pre_req_pre"": ""0"", ""buy_6th_pre_bid"": ""-2079000"", ""buy_6th_pre_req"": ""441"", ""buy_6th_pre_req_pre"": ""0"", ""buy_7th_pre_bid"": ""-2078000"", ""buy_7th_pre_req"": ""1363"", ""buy_7th_pre_req_pre"": ""0"", ""buy_8th_pre_bid"": ""-2077000"", ""buy_8th_pre_req"": ""1128"", ""buy_8th_pre_req_pre"": ""0"", ""buy_9th_pre_bid"": ""-2076000"", ""buy_9th_pre_req"": ""583"", ""buy_9th_pre_req_pre"": ""0"", ""buy_10th_pre_bid"": ""-2075000"", ""buy_10th_pre_req"": ""1592"", ""buy_10th_pre_req_pre"": ""0"", ""tot_sel_req_jub_pre"": ""--1"", ""tot_sel_req"": ""1507"", ""tot_buy_req"": ""16481"", ""tot_buy_req_jub_pre"": ""0"", ""ovt_sel_req_pre"": ""0"", ""ovt_sel_req"": ""0"", ""ovt_buy_req"": ""0"", ""ovt_buy_req_pre"": ""0"", ""return_code"": 0, ""return_msg"": ""정상적으로 처리되었습니다""}"
2026-06-10,scan_candidate,402340,,0,main_scan,1207000,,1207000,1206000,1207000,1208000,0.0,0.08285004142502071,,,,,,"{""bid_req_base_tm"": ""112442"", ""sel_10th_pre_req_pre"": ""0"", ""sel_10th_pre_req"": ""9"", ""sel_10th_pre_bid"": ""-1216000"", ""sel_9th_pre_req_pre"": ""0"", ""sel_9th_pre_req"": ""38"", ""sel_9th_pre_bid"": ""-1215000"", ""sel_8th_pre_req_pre"": ""0"", ""sel_8th_pre_req"": ""40"", ""sel_8th_pre_bid"": ""-1214000"", ""sel_7th_pre_req_pre"": ""0"", ""sel_7th_pre_req"": ""38"", ""sel_7th_pre_bid"": ""-1213000"", ""sel_6th_pre_req_pre"": ""0"", ""sel_6th_pre_req"": ""6"", ""sel_6th_pre_bid"": ""-1212000"", ""sel_5th_pre_req_pre"": ""0"", ""sel_5th_pre_req"": ""89"", ""sel_5th_pre_bid"": ""-1211000"", ""sel_4th_pre_req_pre"": ""0"", ""sel_4th_pre_req"": ""1"", ""sel_4th_pre_bid"": ""-1210000"", ""sel_3th_pre_req_pre"": ""0"", ""sel_3th_pre_req"": ""502"", ""sel_3th_pre_bid"": ""-1209000"", ""sel_2th_pre_req_pre"": ""0"", ""sel_2th_pre_req"": ""329"", ""sel_2th_pre_bid"": ""-1208000"", ""sel_1th_pre_req_pre"": ""+1"", ""sel_fpr_req"": ""70"", ""sel_fpr_bid"": ""-1207000"", ""buy_fpr_bid"": ""-1206000"", ""buy_fpr_req"": ""212"", ""buy_1th_pre_req_pre"": ""--39"", ""buy_2th_pre_bid"": ""-1205000"", ""buy_2th_pre_req"": ""63"", ""buy_2th_pre_req_pre"": ""0"", ""buy_3th_pre_bid"": ""-1204000"", ""buy_3th_pre_req"": ""108"", ""buy_3th_pre_req_pre"": ""0"", ""buy_4th_pre_bid"": ""-1203000"", ""buy_4th_pre_req"": ""221"", ""buy_4th_pre_req_pre"": ""0"", ""buy_5th_pre_bid"": ""-1202000"", ""buy_5th_pre_req"": ""187"", ""buy_5th_pre_req_pre"": ""0"", ""buy_6th_pre_bid"": ""-1201000"", ""buy_6th_pre_req"": ""488"", ""buy_6th_pre_req_pre"": ""0"", ""buy_7th_pre_bid"": ""-1200000"", ""buy_7th_pre_req"": ""1598"", ""buy_7th_pre_req_pre"": ""0"", ""buy_8th_pre_bid"": ""-1199000"", ""buy_8th_pre_req"": ""140"", ""buy_8th_pre_req_pre"": ""0"", ""buy_9th_pre_bid"": ""-1198000"", ""buy_9th_pre_req"": ""79"", ""buy_9th_pre_req_pre"": ""0"", ""buy_10th_pre_bid"": ""-1197000"", ""buy_10th_pre_req"": ""139"", ""buy_10th_pre_req_pre"": ""0"", ""tot_sel_req_jub_pre"": ""+1"", ""tot_sel_req"": ""1122"", ""tot_buy_req"": ""3235"", ""tot_buy_req_jub_pre"": ""--39"", ""ovt_sel_req_pre"": ""0"", ""ovt_sel_req"": ""0"", ""ovt_buy_req"": ""0"", ""ovt_buy_req_pre"": ""0"", ""return_code"": 0, ""return_msg"": ""정상적으로 처리되었습니다""}"
2026-06-10,scan_candidate,009150,,0,main_scan,1874000,,1874000,1873000,1874000,1878000,0.16008537886872998,0.05336179295624333,,,,,,"{""bid_req_base_tm"": ""112442"", ""sel_10th_pre_req_pre"": ""0"", ""sel_10th_pre_req"": ""14"", ""sel_10th_pre_bid"": ""-1884000"", ""sel_9th_pre_req_pre"": ""+1"", ""sel_9th_pre_req"": ""2"", ""sel_9th_pre_bid"": ""-1883000"", ""sel_8th_pre_req_pre"": ""0"", ""sel_8th_pre_req"": ""1"", ""sel_8th_pre_bid"": ""-1882000"", ""sel_7th_pre_req_pre"": ""--2"", ""sel_7th_pre_req"": ""53"", ""sel_7th_pre_bid"": ""-1880000"", ""sel_6th_pre_req_pre"": ""0"", ""sel_6th_pre_req"": ""5"", ""sel_6th_pre_bid"": ""-1879000"", ""sel_5th_pre_req_pre"": ""0"", ""sel_5th_pre_req"": ""60"", ""sel_5th_pre_bid"": ""-1878000"", ""sel_4th_pre_req_pre"": ""0"", ""sel_4th_pre_req"": ""145"", ""sel_4th_pre_bid"": ""-1877000"", ""sel_3th_pre_req_pre"": ""0"", ""sel_3th_pre_req"": ""101"", ""sel_3th_pre_bid"": ""-1876000"", ""sel_2th_pre_req_pre"": ""0"", ""sel_2th_pre_req"": ""22"", ""sel_2th_pre_bid"": ""-1875000"", ""sel_1th_pre_req_pre"": ""+20"", ""sel_fpr_req"": ""41"", ""sel_fpr_bid"": ""-1874000"", ""buy_fpr_bid"": ""-1873000"", ""buy_fpr_req"": ""394"", ""buy_1th_pre_req_pre"": ""--2"", ""buy_2th_pre_bid"": ""-1872000"", ""buy_2th_pre_req"": ""115"", ""buy_2th_pre_req_pre"": ""0"", ""buy_3th_pre_bid"": ""-1871000"", ""buy_3th_pre_req"": ""553"", ""buy_3th_pre_req_pre"": ""0"", ""buy_4th_pre_bid"": ""-1870000"", ""buy_4th_pre_req"": ""1673"", ""buy_4th_pre_req_pre"": ""0"", ""buy_5th_pre_bid"": ""-1869000"", ""buy_5th_pre_req"": ""164"", ""buy_5th_pre_req_pre"": ""0"", ""buy_6th_pre_bid"": ""-1868000"", ""buy_6th_pre_req"": ""180"", ""buy_6th_pre_req_pre"": ""0"", ""buy_7th_pre_bid"": ""-1867000"", ""buy_7th_pre_req"": ""230"", ""buy_7th_pre_req_pre"": ""0"", ""buy_8th_pre_bid"": ""-1866000"", ""buy_8th_pre_req"": ""188"", ""buy_8th_pre_req_pre"": ""0"", ""buy_9th_pre_bid"": ""-1865000"", ""buy_9th_pre_req"": ""537"", ""buy_9th_pre_req_pre"": ""0"", ""buy_10th_pre_bid"": ""-1864000"", ""buy_10th_pre_req"": ""111"", ""buy_10th_pre_req_pre"": ""0"", ""tot_sel_req_jub_pre"": ""+19"", ""tot_sel_req"": ""444"", ""tot_buy_req"": ""4145"", ""tot_buy_req_jub_pre"": ""--2"", ""ovt_sel_req_pre"": ""0"", ""ovt_sel_req"": ""0"", ""ovt_buy_req"": ""0"", ""ovt_buy_req_pre"": ""0"", ""return_code"": 0, ""return_msg"": ""정상적으로 처리되었습니다""}"
2026-06-10,scan_candidate,032830,,0,main_scan,370000,,370000,369500,370000,370000,-0.13513513513513514,0.13513513513513514,,,,,,"{""bid_req_base_tm"": ""112442"", ""sel_10th_pre_req_pre"": ""0"", ""sel_10th_pre_req"": ""105"", ""sel_10th_pre_bid"": ""-374500"", ""sel_9th_pre_req_pre"": ""0"", ""sel_9th_pre_req"": ""189"", ""sel_9th_pre_bid"": ""-374000"", ""sel_8th_pre_req_pre"": ""0"", ""sel_8th_pre_req"": ""18"", ""sel_8th_pre_bid"": ""-373500"", ""sel_7th_pre_req_pre"": ""0"", ""sel_7th_pre_req"": ""119"", ""sel_7th_pre_bid"": ""-373000"", ""sel_6th_pre_req_pre"": ""0"", ""sel_6th_pre_req"": ""68"", ""sel_6th_pre_bid"": ""-372500"", ""sel_5th_pre_req_pre"": ""0"", ""sel_5th_pre_req"": ""73"", ""sel_5th_pre_bid"": ""-372000"", ""sel_4th_pre_req_pre"": ""0"", ""sel_4th_pre_req"": ""253"", ""sel_4th_pre_bid"": ""-371500"", ""sel_3th_pre_req_pre"": ""0"", ""sel_3th_pre_req"": ""326"", ""sel_3th_pre_bid"": ""-371000"", ""sel_2th_pre_req_pre"": ""0"", ""sel_2th_pre_req"": ""170"", ""sel_2th_pre_bid"": ""-370500"", ""sel_1th_pre_req_pre"": ""0"", ""sel_fpr_req"": ""348"", ""sel_fpr_bid"": ""-370000"", ""buy_fpr_bid"": ""-369500"", ""buy_fpr_req"": ""214"", ""buy_1th_pre_req_pre"": ""+3"", ""buy_2th_pre_bid"": ""-369000"", ""buy_2th_pre_req"": ""238"", ""buy_2th_pre_req_pre"": ""0"", ""buy_3th_pre_bid"": ""-368500"", ""buy_3th_pre_req"": ""160"", ""buy_3th_pre_req_pre"": ""0"", ""buy_4th_pre_bid"": ""-368000"", ""buy_4th_pre_req"": ""409"", ""buy_4th_pre_req_pre"": ""0"", ""buy_5th_pre_bid"": ""-367500"", ""buy_5th_pre_req"": ""159"", ""buy_5th_pre_req_pre"": ""0"", ""buy_6th_pre_bid"": ""-367000"", ""buy_6th_pre_req"": ""289"", ""buy_6th_pre_req_pre"": ""0"", ""buy_7th_pre_bid"": ""-366500"", ""buy_7th_pre_req"": ""124"", ""buy_7th_pre_req_pre"": ""0"", ""buy_8th_pre_bid"": ""-366000"", ""buy_8th_pre_req"": ""610"", ""buy_8th_pre_req_pre"": ""0"", ""buy_9th_pre_bid"": ""-365500"", ""buy_9th_pre_req"": ""853"", ""buy_9th_pre_req_pre"": ""0"", ""buy_10th_pre_bid"": ""-365000"", ""buy_10th_pre_req"": ""1127"", ""buy_10th_pre_req_pre"": ""0"", ""tot_sel_req_jub_pre"": ""0"", ""tot_sel_req"": ""1669"", ""tot_buy_req"": ""4183"", ""tot_buy_req_jub_pre"": ""+3"", ""ovt_sel_req_pre"": ""0"", ""ovt_sel_req"": ""0"", ""ovt_buy_req"": ""0"", ""ovt_buy_req_pre"": ""0"", ""return_code"": 0, ""return_msg"": ""정상적으로 처리되었습니다""}"
2026-06-10,scan_candidate,012330,,0,main_scan,571000,,571000,570000,571000,575000,0.5253940455341506,0.17513134851138354,,,,,,"{""bid_req_base_tm"": ""112443"", ""sel_10th_pre_req_pre"": ""0"", ""sel_10th_pre_req"": ""165"", ""sel_10th_pre_bid"": ""-580000"", ""sel_9th_pre_req_pre"": ""0"", ""sel_9th_pre_req"": ""34"", ""sel_9th_pre_bid"": ""-579000"", ""sel_8th_pre_req_pre"": ""0"", ""sel_8th_pre_req"": ""12"", ""sel_8th_pre_bid"": ""-578000"", ""sel_7th_pre_req_pre"": ""0"", ""sel_7th_pre_req"": ""232"", ""sel_7th_pre_bid"": ""-577000"", ""sel_6th_pre_req_pre"": ""0"", ""sel_6th_pre_req"": ""40"", ""sel_6th_pre_bid"": ""-576000"", ""sel_5th_pre_req_pre"": ""0"", ""sel_5th_pre_req"": ""344"", ""sel_5th_pre_bid"": ""-575000"", ""sel_4th_pre_req_pre"": ""0"", ""sel_4th_pre_req"": ""567"", ""sel_4th_pre_bid"": ""-574000"", ""sel_3th_pre_req_pre"": ""0"", ""sel_3th_pre_req"": ""92"", ""sel_3th_pre_bid"": ""-573000"", ""sel_2th_pre_req_pre"": ""0"", ""sel_2th_pre_req"": ""450"", ""sel_2th_pre_bid"": ""-572000"", ""sel_1th_pre_req_pre"": ""0"", ""sel_fpr_req"": ""251"", ""sel_fpr_bid"": ""-571000"", ""buy_fpr_bid"": ""-570000"", ""buy_fpr_req"": ""5041"", ""buy_1th_pre_req_pre"": ""+3"", ""buy_2th_pre_bid"": ""-569000"", ""buy_2th_pre_req"": ""3368"", ""buy_2th_pre_req_pre"": ""0"", ""buy_3th_pre_bid"": ""-568000"", ""buy_3th_pre_req"": ""1384"", ""buy_3th_pre_req_pre"": ""0"", ""buy_4th_pre_bid"": ""-567000"", ""buy_4th_pre_req"": ""812"", ""buy_4th_pre_req_pre"": ""0"", ""buy_5th_pre_bid"": ""-566000"", ""buy_5th_pre_req"": ""1522"", ""buy_5th_pre_req_pre"": ""0"", ""buy_6th_pre_bid"": ""-565000"", ""buy_6th_pre_req"": ""1906"", ""buy_6th_pre_req_pre"": ""0"", ""buy_7th_pre_bid"": ""-564000"", ""buy_7th_pre_req"": ""586"", ""buy_7th_pre_req_pre"": ""0"", ""buy_8th_pre_bid"": ""-563000"", ""buy_8th_pre_req"": ""2159"", ""buy_8th_pre_req_pre"": ""0"", ""buy_9th_pre_bid"": ""-562000"", ""buy_9th_pre_req"": ""529"", ""buy_9th_pre_req_pre"": ""0"", ""buy_10th_pre_bid"": ""-561000"", ""buy_10th_pre_req"": ""991"", ""buy_10th_pre_req_pre"": ""0"", ""tot_sel_req_jub_pre"": ""0"", ""tot_sel_req"": ""2187"", ""tot_buy_req"": ""18298"", ""tot_buy_req_jub_pre"": ""+3"", ""ovt_sel_req_pre"": ""0"", ""ovt_sel_req"": ""0"", ""ovt_buy_req"": ""0"", ""ovt_buy_req_pre"": ""0"", ""return_code"": 0, ""return_msg"": ""정상적으로 처리되었습니다""}"
2026-06-10,scan_candidate,055550,,0,main_scan,98600,,98600,98500,98600,98900,0.2028397565922921,0.10141987829614604,,,,,,"{""bid_req_base_tm"": ""112443"", ""sel_10th_pre_req_pre"": ""0"", ""sel_10th_pre_req"": ""846"", ""sel_10th_pre_bid"": ""-99700"", ""sel_9th_pre_req_pre"": ""0"", ""sel_9th_pre_req"": ""74"", ""sel_9th_pre_bid"": ""-99600"", ""sel_8th_pre_req_pre"": ""0"", ""sel_8th_pre_req"": ""77"", ""sel_8th_pre_bid"": ""-99500"", ""sel_7th_pre_req_pre"": ""0"", ""sel_7th_pre_req"": ""11"", ""sel_7th_pre_bid"": ""-99400"", ""sel_6th_pre_req_pre"": ""0"", ""sel_6th_pre_req"": ""81"", ""sel_6th_pre_bid"": ""-99300"", ""sel_5th_pre_req_pre"": ""0"", ""sel_5th_pre_req"": ""7"", ""sel_5th_pre_bid"": ""-99200"", ""sel_4th_pre_req_pre"": ""+1"", ""sel_4th_pre_req"": ""813"", ""sel_4th_pre_bid"": ""-98900"", ""sel_3th_pre_req_pre"": ""0"", ""sel_3th_pre_req"": ""124"", ""sel_3th_pre_bid"": ""-98800"", ""sel_2th_pre_req_pre"": ""0"", ""sel_2th_pre_req"": ""721"", ""sel_2th_pre_bid"": ""-98700"", ""sel_1th_pre_req_pre"": ""0"", ""sel_fpr_req"": ""3"", ""sel_fpr_bid"": ""-98600"", ""buy_fpr_bid"": ""-98500"", ""buy_fpr_req"": ""1423"", ""buy_1th_pre_req_pre"": ""0"", ""buy_2th_pre_bid"": ""-98400"", ""buy_2th_pre_req"": ""416"", ""buy_2th_pre_req_pre"": ""0"", ""buy_3th_pre_bid"": ""-98300"", ""buy_3th_pre_req"": ""815"", ""buy_3th_pre_req_pre"": ""0"", ""buy_4th_pre_bid"": ""-98200"", ""buy_4th_pre_req"": ""1532"", ""buy_4th_pre_req_pre"": ""0"", ""buy_5th_pre_bid"": ""-98100"", ""buy_5th_pre_req"": ""718"", ""buy_5th_pre_req_pre"": ""0"", ""buy_6th_pre_bid"": ""-98000"", ""buy_6th_pre_req"": ""1972"", ""buy_6th_pre_req_pre"": ""0"", ""buy_7th_pre_bid"": ""-97900"", ""buy_7th_pre_req"": ""286"", ""buy_7th_pre_req_pre"": ""0"", ""buy_8th_pre_bid"": ""-97800"", ""buy_8th_pre_req"": ""215"", ""buy_8th_pre_req_pre"": ""0"", ""buy_9th_pre_bid"": ""-97700"", ""buy_9th_pre_req"": ""281"", ""buy_9th_pre_req_pre"": ""0"", ""buy_10th_pre_bid"": ""-97600"", ""buy_10th_pre_req"": ""208"", ""buy_10th_pre_req_pre"": ""0"", ""tot_sel_req_jub_pre"": ""+1"", ""tot_sel_req"": ""2757"", ""tot_buy_req"": ""7866"", ""tot_buy_req_jub_pre"": ""0"", ""ovt_sel_req_pre"": ""0"", ""ovt_sel_req"": ""0"", ""ovt_buy_req"": ""0"", ""ovt_buy_req_pre"": ""0"", ""return_code"": 0, ""return_msg"": ""정상적으로 처리되었습니다""}"
2026-06-10,scan_candidate,034730,,0,main_scan,576000,,576000,575000,576000,577000,0.0,0.1736111111111111,,,,,,"{""bid_req_base_tm"": ""112443"", ""sel_10th_pre_req_pre"": ""0"", ""sel_10th_pre_req"": ""2"", ""sel_10th_pre_bid"": ""-586000"", ""sel_9th_pre_req_pre"": ""0"", ""sel_9th_pre_req"": ""102"", ""sel_9th_pre_bid"": ""-585000"", ""sel_8th_pre_req_pre"": ""0"", ""sel_8th_pre_req"": ""4"", ""sel_8th_pre_bid"": ""-584000"", ""sel_7th_pre_req_pre"": ""0"", ""sel_7th_pre_req"": ""104"", ""sel_7th_pre_bid"": ""-583000"", ""sel_6th_pre_req_pre"": ""0"", ""sel_6th_pre_req"": ""14"", ""sel_6th_pre_bid"": ""-582000"", ""sel_5th_pre_req_pre"": ""0"", ""sel_5th_pre_req"": ""17"", ""sel_5th_pre_bid"": ""-581000"", ""sel_4th_pre_req_pre"": ""0"", ""sel_4th_pre_req"": ""61"", ""sel_4th_pre_bid"": ""-580000"", ""sel_3th_pre_req_pre"": ""0"", ""sel_3th_pre_req"": ""63"", ""sel_3th_pre_bid"": ""-579000"", ""sel_2th_pre_req_pre"": ""0"", ""sel_2th_pre_req"": ""208"", ""sel_2th_pre_bid"": ""-578000"", ""sel_1th_pre_req_pre"": ""0"", ""sel_fpr_req"": ""129"", ""sel_fpr_bid"": ""-576000"", ""buy_fpr_bid"": ""-575000"", ""buy_fpr_req"": ""147"", ""buy_1th_pre_req_pre"": ""--4"", ""buy_2th_pre_bid"": ""-574000"", ""buy_2th_pre_req"": ""24"", ""buy_2th_pre_req_pre"": ""0"", ""buy_3th_pre_bid"": ""-573000"", ""buy_3th_pre_req"": ""34"", ""buy_3th_pre_req_pre"": ""0"", ""buy_4th_pre_bid"": ""-572000"", ""buy_4th_pre_req"": ""35"", ""buy_4th_pre_req_pre"": ""0"", ""buy_5th_pre_bid"": ""-571000"", ""buy_5th_pre_req"": ""35"", ""buy_5th_pre_req_pre"": ""0"", ""buy_6th_pre_bid"": ""-570000"", ""buy_6th_pre_req"": ""76"", ""buy_6th_pre_req_pre"": ""0"", ""buy_7th_pre_bid"": ""-569000"", ""buy_7th_pre_req"": ""90"", ""buy_7th_pre_req_pre"": ""0"", ""buy_8th_pre_bid"": ""-568000"", ""buy_8th_pre_req"": ""361"", ""buy_8th_pre_req_pre"": ""0"", ""buy_9th_pre_bid"": ""-567000"", ""buy_9th_pre_req"": ""329"", ""buy_9th_pre_req_pre"": ""0"", ""buy_10th_pre_bid"": ""-566000"", ""buy_10th_pre_req"": ""36"", ""buy_10th_pre_req_pre"": ""0"", ""tot_sel_req_jub_pre"": ""0"", ""tot_sel_req"": ""704"", ""tot_buy_req"": ""1167"", ""tot_buy_req_jub_pre"": ""--4"", ""ovt_sel_req_pre"": ""0"", ""ovt_sel_req"": ""0"", ""ovt_buy_req"": ""0"", ""ovt_buy_req_pre"": ""0"", ""return_code"": 0, ""return_msg"": ""정상적으로 처리되었습니다""}"
2026-06-10,scan_candidate,066570,,0,main_scan,229000,,229000,228500,229000,230500,0.43668122270742354,0.21834061135371177,,,,,,"{""bid_req_base_tm"": ""112443"", ""sel_10th_pre_req_pre"": ""0"", ""sel_10th_pre_req"": ""4041"", ""sel_10th_pre_bid"": ""-233500"", ""sel_9th_pre_req_pre"": ""0"", ""sel_9th_pre_req"": ""2523"", ""sel_9th_pre_bid"": ""-233000"", ""sel_8th_pre_req_pre"": ""0"", ""sel_8th_pre_req"": ""1293"", ""sel_8th_pre_bid"": ""-232500"", ""sel_7th_pre_req_pre"": ""0"", ""sel_7th_pre_req"": ""1289"", ""sel_7th_pre_bid"": ""-232000"", ""sel_6th_pre_req_pre"": ""0"", ""sel_6th_pre_req"": ""1213"", ""sel_6th_pre_bid"": ""-231500"", ""sel_5th_pre_req_pre"": ""0"", ""sel_5th_pre_req"": ""1305"", ""sel_5th_pre_bid"": ""-231000"", ""sel_4th_pre_req_pre"": ""0"", ""sel_4th_pre_req"": ""1172"", ""sel_4th_pre_bid"": ""-230500"", ""sel_3th_pre_req_pre"": ""0"", ""sel_3th_pre_req"": ""1988"", ""sel_3th_pre_bid"": ""-230000"", ""sel_2th_pre_req_pre"": ""0"", ""sel_2th_pre_req"": ""1552"", ""sel_2th_pre_bid"": ""-229500"", ""sel_1th_pre_req_pre"": ""0"", ""sel_fpr_req"": ""3552"", ""sel_fpr_bid"": ""-229000"", ""buy_fpr_bid"": ""-228500"", ""buy_fpr_req"": ""7025"", ""buy_1th_pre_req_pre"": ""0"", ""buy_2th_pre_bid"": ""-228000"", ""buy_2th_pre_req"": ""13809"", ""buy_2th_pre_req_pre"": ""--10"", ""buy_3th_pre_bid"": ""-227500"", ""buy_3th_pre_req"": ""6408"", ""buy_3th_pre_req_pre"": ""0"", ""buy_4th_pre_bid"": ""-227000"", ""buy_4th_pre_req"": ""55050"", ""buy_4th_pre_req_pre"": ""0"", ""buy_5th_pre_bid"": ""-226500"", ""buy_5th_pre_req"": ""3916"", ""buy_5th_pre_req_pre"": ""0"", ""buy_6th_pre_bid"": ""-226000"", ""buy_6th_pre_req"": ""4255"", ""buy_6th_pre_req_pre"": ""0"", ""buy_7th_pre_bid"": ""-225500"", ""buy_7th_pre_req"": ""3112"", ""buy_7th_pre_req_pre"": ""0"", ""buy_8th_pre_bid"": ""-225000"", ""buy_8th_pre_req"": ""10981"", ""buy_8th_pre_req_pre"": ""+10"", ""buy_9th_pre_bid"": ""-224500"", ""buy_9th_pre_req"": ""1610"", ""buy_9th_pre_req_pre"": ""0"", ""buy_10th_pre_bid"": ""-224000"", ""buy_10th_pre_req"": ""3503"", ""buy_10th_pre_req_pre"": ""0"", ""tot_sel_req_jub_pre"": ""0"", ""tot_sel_req"": ""19928"", ""tot_buy_req"": ""109669"", ""tot_buy_req_jub_pre"": ""0"", ""ovt_sel_req_pre"": ""0"", ""ovt_sel_req"": ""0"", ""ovt_buy_req"": ""0"", ""ovt_buy_req_pre"": ""0"", ""return_code"": 0, ""return_msg"": ""정상적으로 처리되었습니다""}"
2026-06-10,scan_candidate,035420,,0,main_scan,231500,,231500,231000,231500,233000,0.4319654427645789,0.21598272138228944,,,,,,"{""bid_req_base_tm"": ""112444"", ""sel_10th_pre_req_pre"": ""0"", ""sel_10th_pre_req"": ""3336"", ""sel_10th_pre_bid"": ""-236000"", ""sel_9th_pre_req_pre"": ""0"", ""sel_9th_pre_req"": ""2359"", ""sel_9th_pre_bid"": ""-235500"", ""sel_8th_pre_req_pre"": ""0"", ""sel_8th_pre_req"": ""2026"", ""sel_8th_pre_bid"": ""-235000"", ""sel_7th_pre_req_pre"": ""0"", ""sel_7th_pre_req"": ""1818"", ""sel_7th_pre_bid"": ""-234500"", ""sel_6th_pre_req_pre"": ""0"", ""sel_6th_pre_req"": ""1231"", ""sel_6th_pre_bid"": ""-234000"", ""sel_5th_pre_req_pre"": ""0"", ""sel_5th_pre_req"": ""1509"", ""sel_5th_pre_bid"": ""-233500"", ""sel_4th_pre_req_pre"": ""0"", ""sel_4th_pre_req"": ""2606"", ""sel_4th_pre_bid"": ""-233000"", ""sel_3th_pre_req_pre"": ""0"", ""sel_3th_pre_req"": ""1466"", ""sel_3th_pre_bid"": ""-232500"", ""sel_2th_pre_req_pre"": ""--134"", ""sel_2th_pre_req"": ""2209"", ""sel_2th_pre_bid"": ""-232000"", ""sel_1th_pre_req_pre"": ""0"", ""sel_fpr_req"": ""3030"", ""sel_fpr_bid"": ""-231500"", ""buy_fpr_bid"": ""-231000"", ""buy_fpr_req"": ""95"", ""buy_1th_pre_req_pre"": ""0"", ""buy_2th_pre_bid"": ""-230500"", ""buy_2th_pre_req"": ""23044"", ""buy_2th_pre_req_pre"": ""--2"", ""buy_3th_pre_bid"": ""-230000"", ""buy_3th_pre_req"": ""70200"", ""buy_3th_pre_req_pre"": ""0"", ""buy_4th_pre_bid"": ""-229500"", ""buy_4th_pre_req"": ""5737"", ""buy_4th_pre_req_pre"": ""0"", ""buy_5th_pre_bid"": ""-229000"", ""buy_5th_pre_req"": ""8440"", ""buy_5th_pre_req_pre"": ""0"", ""buy_6th_pre_bid"": ""-228500"", ""buy_6th_pre_req"": ""11076"", ""buy_6th_pre_req_pre"": ""0"", ""buy_7th_pre_bid"": ""-228000"", ""buy_7th_pre_req"": ""7013"", ""buy_7th_pre_req_pre"": ""0"", ""buy_8th_pre_bid"": ""-227500"", ""buy_8th_pre_req"": ""3647"", ""buy_8th_pre_req_pre"": ""0"", ""buy_9th_pre_bid"": ""-227000"", ""buy_9th_pre_req"": ""5179"", ""buy_9th_pre_req_pre"": ""+1"", ""buy_10th_pre_bid"": ""-226500"", ""buy_10th_pre_req"": ""8003"", ""buy_10th_pre_req_pre"": ""0"", ""tot_sel_req_jub_pre"": ""--134"", ""tot_sel_req"": ""21590"", ""tot_buy_req"": ""142434"", ""tot_buy_req_jub_pre"": ""--1"", ""ovt_sel_req_pre"": ""0"", ""ovt_sel_req"": ""0"", ""ovt_buy_req"": ""0"", ""ovt_buy_req_pre"": ""0"", ""return_code"": 0, ""return_msg"": ""정상적으로 처리되었습니다""}"
2026-06-10,scan_candidate,086790,,0,main_scan,118800,,118800,118700,118800,119000,-0.25252525252525254,0.08417508417508417,,,,,,"{""bid_req_base_tm"": ""112444"", ""sel_10th_pre_req_pre"": ""0"", ""sel_10th_pre_req"": ""197"", ""sel_10th_pre_bid"": ""+119700"", ""sel_9th_pre_req_pre"": ""0"", ""sel_9th_pre_req"": ""160"", ""sel_9th_pre_bid"": ""+119600"", ""sel_8th_pre_req_pre"": ""0"", ""sel_8th_pre_req"": ""218"", ""sel_8th_pre_bid"": ""+119500"", ""sel_7th_pre_req_pre"": ""0"", ""sel_7th_pre_req"": ""3"", ""sel_7th_pre_bid"": ""+119400"", ""sel_6th_pre_req_pre"": ""0"", ""sel_6th_pre_req"": ""30"", ""sel_6th_pre_bid"": ""+119300"", ""sel_5th_pre_req_pre"": ""0"", ""sel_5th_pre_req"": ""231"", ""sel_5th_pre_bid"": ""+119200"", ""sel_4th_pre_req_pre"": ""0"", ""sel_4th_pre_req"": ""565"", ""sel_4th_pre_bid"": ""+119100"", ""sel_3th_pre_req_pre"": ""0"", ""sel_3th_pre_req"": ""30"", ""sel_3th_pre_bid"": ""119000"", ""sel_2th_pre_req_pre"": ""0"", ""sel_2th_pre_req"": ""1"", ""sel_2th_pre_bid"": ""-118900"", ""sel_1th_pre_req_pre"": ""+82"", ""sel_fpr_req"": ""383"", ""sel_fpr_bid"": ""-118800"", ""buy_fpr_bid"": ""-118700"", ""buy_fpr_req"": ""9"", ""buy_1th_pre_req_pre"": ""0"", ""buy_2th_pre_bid"": ""-118600"", ""buy_2th_pre_req"": ""1410"", ""buy_2th_pre_req_pre"": ""0"", ""buy_3th_pre_bid"": ""-118500"", ""buy_3th_pre_req"": ""312"", ""buy_3th_pre_req_pre"": ""0"", ""buy_4th_pre_bid"": ""-118400"", ""buy_4th_pre_req"": ""663"", ""buy_4th_pre_req_pre"": ""0"", ""buy_5th_pre_bid"": ""-118300"", ""buy_5th_pre_req"": ""64"", ""buy_5th_pre_req_pre"": ""0"", ""buy_6th_pre_bid"": ""-118200"", ""buy_6th_pre_req"": ""983"", ""buy_6th_pre_req_pre"": ""0"", ""buy_7th_pre_bid"": ""-118100"", ""buy_7th_pre_req"": ""68"", ""buy_7th_pre_req_pre"": ""0"", ""buy_8th_pre_bid"": ""-118000"", ""buy_8th_pre_req"": ""349"", ""buy_8th_pre_req_pre"": ""0"", ""buy_9th_pre_bid"": ""-117900"", ""buy_9th_pre_req"": ""14"", ""buy_9th_pre_req_pre"": ""0"", ""buy_10th_pre_bid"": ""-117800"", ""buy_10th_pre_req"": ""579"", ""buy_10th_pre_req_pre"": ""0"", ""tot_sel_req_jub_pre"": ""+82"", ""tot_sel_req"": ""1818"", ""tot_buy_req"": ""4451"", ""tot_buy_req_jub_pre"": ""0"", ""ovt_sel_req_pre"": ""0"", ""ovt_sel_req"": ""0"", ""ovt_buy_req"": ""0"", ""ovt_buy_req_pre"": ""0"", ""return_code"": 0, ""return_msg"": ""정상적으로 처리되었습니다""}"
2026-06-10,scan_candidate,000810,,0,main_scan,622000,,622000,621000,622000,618000,-0.8038585209003215,0.1607717041800643,,,,,,"{""bid_req_base_tm"": ""112443"", ""sel_10th_pre_req_pre"": ""0"", ""sel_10th_pre_req"": ""8"", ""sel_10th_pre_bid"": ""-631000"", ""sel_9th_pre_req_pre"": ""0"", ""sel_9th_pre_req"": ""48"", ""sel_9th_pre_bid"": ""-630000"", ""sel_8th_pre_req_pre"": ""0"", ""sel_8th_pre_req"": ""15"", ""sel_8th_pre_bid"": ""-629000"", ""sel_7th_pre_req_pre"": ""0"", ""sel_7th_pre_req"": ""7"", ""sel_7th_pre_bid"": ""-628000"", ""sel_6th_pre_req_pre"": ""0"", ""sel_6th_pre_req"": ""27"", ""sel_6th_pre_bid"": ""-627000"", ""sel_5th_pre_req_pre"": ""0"", ""sel_5th_pre_req"": ""24"", ""sel_5th_pre_bid"": ""-626000"", ""sel_4th_pre_req_pre"": ""0"", ""sel_4th_pre_req"": ""81"", ""sel_4th_pre_bid"": ""-625000"", ""sel_3th_pre_req_pre"": ""0"", ""sel_3th_pre_req"": ""124"", ""sel_3th_pre_bid"": ""-624000"", ""sel_2th_pre_req_pre"": ""0"", ""sel_2th_pre_req"": ""109"", ""sel_2th_pre_bid"": ""-623000"", ""sel_1th_pre_req_pre"": ""0"", ""sel_fpr_req"": ""299"", ""sel_fpr_bid"": ""-622000"", ""buy_fpr_bid"": ""-621000"", ""buy_fpr_req"": ""191"", ""buy_1th_pre_req_pre"": ""--1"", ""buy_2th_pre_bid"": ""-620000"", ""buy_2th_pre_req"": ""88"", ""buy_2th_pre_req_pre"": ""0"", ""buy_3th_pre_bid"": ""-619000"", ""buy_3th_pre_req"": ""4"", ""buy_3th_pre_req_pre"": ""0"", ""buy_4th_pre_bid"": ""-618000"", ""buy_4th_pre_req"": ""14"", ""buy_4th_pre_req_pre"": ""0"", ""buy_5th_pre_bid"": ""-617000"", ""buy_5th_pre_req"": ""36"", ""buy_5th_pre_req_pre"": ""0"", ""buy_6th_pre_bid"": ""-616000"", ""buy_6th_pre_req"": ""22"", ""buy_6th_pre_req_pre"": ""0"", ""buy_7th_pre_bid"": ""-615000"", ""buy_7th_pre_req"": ""21"", ""buy_7th_pre_req_pre"": ""0"", ""buy_8th_pre_bid"": ""-614000"", ""buy_8th_pre_req"": ""95"", ""buy_8th_pre_req_pre"": ""0"", ""buy_9th_pre_bid"": ""-613000"", ""buy_9th_pre_req"": ""39"", ""buy_9th_pre_req_pre"": ""0"", ""buy_10th_pre_bid"": ""-612000"", ""buy_10th_pre_req"": ""37"", ""buy_10th_pre_req_pre"": ""0"", ""tot_sel_req_jub_pre"": ""0"", ""tot_sel_req"": ""742"", ""tot_buy_req"": ""547"", ""tot_buy_req_jub_pre"": ""--1"", ""ovt_sel_req_pre"": ""0"", ""ovt_sel_req"": ""0"", ""ovt_buy_req"": ""0"", ""ovt_buy_req_pre"": ""0"", ""return_code"": 0, ""return_msg"": ""정상적으로 처리되었습니다""}"
2026-06-10,scan_candidate,011070,,0,main_scan,1122000,,1122000,1120000,1122000,1125000,0.17825311942959002,0.17825311942959002,,,,,,"{""bid_req_base_tm"": ""112444"", ""sel_10th_pre_req_pre"": ""0"", ""sel_10th_pre_req"": ""56"", ""sel_10th_pre_bid"": ""-1131000"", ""sel_9th_pre_req_pre"": ""0"", ""sel_9th_pre_req"": ""107"", ""sel_9th_pre_bid"": ""-1130000"", ""sel_8th_pre_req_pre"": ""0"", ""sel_8th_pre_req"": ""55"", ""sel_8th_pre_bid"": ""-1129000"", ""sel_7th_pre_req_pre"": ""0"", ""sel_7th_pre_req"": ""18"", ""sel_7th_pre_bid"": ""-1128000"", ""sel_6th_pre_req_pre"": ""0"", ""sel_6th_pre_req"": ""14"", ""sel_6th_pre_bid"": ""-1127000"", ""sel_5th_pre_req_pre"": ""0"", ""sel_5th_pre_req"": ""87"", ""sel_5th_pre_bid"": ""-1126000"", ""sel_4th_pre_req_pre"": ""0"", ""sel_4th_pre_req"": ""57"", ""sel_4th_pre_bid"": ""-1125000"", ""sel_3th_pre_req_pre"": ""0"", ""sel_3th_pre_req"": ""9"", ""sel_3th_pre_bid"": ""-1124000"", ""sel_2th_pre_req_pre"": ""0"", ""sel_2th_pre_req"": ""17"", ""sel_2th_pre_bid"": ""-1123000"", ""sel_1th_pre_req_pre"": ""--5"", ""sel_fpr_req"": ""11"", ""sel_fpr_bid"": ""-1122000"", ""buy_fpr_bid"": ""-1120000"", ""buy_fpr_req"": ""80"", ""buy_1th_pre_req_pre"": ""0"", ""buy_2th_pre_bid"": ""-1119000"", ""buy_2th_pre_req"": ""473"", ""buy_2th_pre_req_pre"": ""0"", ""buy_3th_pre_bid"": ""-1118000"", ""buy_3th_pre_req"": ""31"", ""buy_3th_pre_req_pre"": ""0"", ""buy_4th_pre_bid"": ""-1117000"", ""buy_4th_pre_req"": ""85"", ""buy_4th_pre_req_pre"": ""0"", ""buy_5th_pre_bid"": ""-1116000"", ""buy_5th_pre_req"": ""1"", ""buy_5th_pre_req_pre"": ""0"", ""buy_6th_pre_bid"": ""-1115000"", ""buy_6th_pre_req"": ""17"", ""buy_6th_pre_req_pre"": ""0"", ""buy_7th_pre_bid"": ""-1114000"", ""buy_7th_pre_req"": ""18"", ""buy_7th_pre_req_pre"": ""0"", ""buy_8th_pre_bid"": ""-1113000"", ""buy_8th_pre_req"": ""48"", ""buy_8th_pre_req_pre"": ""0"", ""buy_9th_pre_bid"": ""-1112000"", ""buy_9th_pre_req"": ""38"", ""buy_9th_pre_req_pre"": ""0"", ""buy_10th_pre_bid"": ""-1111000"", ""buy_10th_pre_req"": ""107"", ""buy_10th_pre_req_pre"": ""0"", ""tot_sel_req_jub_pre"": ""+50"", ""tot_sel_req"": ""431"", ""tot_buy_req"": ""898"", ""tot_buy_req_jub_pre"": ""0"", ""ovt_sel_req_pre"": ""0"", ""ovt_sel_req"": ""0"", ""ovt_buy_req"": ""0"", ""ovt_buy_req_pre"": ""0"", ""return_code"": 0, ""return_msg"": ""정상적으로 처리되었습니다""}"
2026-06-10,scan_candidate,042700,,0,main_scan,280500,,280500,280000,280500,281000,0.0,0.17825311942959002,,,,,,"{""bid_req_base_tm"": ""112444"", ""sel_10th_pre_req_pre"": ""0"", ""sel_10th_pre_req"": ""575"", ""sel_10th_pre_bid"": ""+285000"", ""sel_9th_pre_req_pre"": ""0"", ""sel_9th_pre_req"": ""260"", ""sel_9th_pre_bid"": ""+284500"", ""sel_8th_pre_req_pre"": ""0"", ""sel_8th_pre_req"": ""367"", ""sel_8th_pre_bid"": ""+284000"", ""sel_7th_pre_req_pre"": ""0"", ""sel_7th_pre_req"": ""110"", ""sel_7th_pre_bid"": ""+283500"", ""sel_6th_pre_req_pre"": ""0"", ""sel_6th_pre_req"": ""232"", ""sel_6th_pre_bid"": ""+283000"", ""sel_5th_pre_req_pre"": ""0"", ""sel_5th_pre_req"": ""99"", ""sel_5th_pre_bid"": ""+282500"", ""sel_4th_pre_req_pre"": ""0"", ""sel_4th_pre_req"": ""148"", ""sel_4th_pre_bid"": ""+282000"", ""sel_3th_pre_req_pre"": ""0"", ""sel_3th_pre_req"": ""68"", ""sel_3th_pre_bid"": ""+281500"", ""sel_2th_pre_req_pre"": ""0"", ""sel_2th_pre_req"": ""368"", ""sel_2th_pre_bid"": ""+281000"", ""sel_1th_pre_req_pre"": ""0"", ""sel_fpr_req"": ""580"", ""sel_fpr_bid"": ""+280500"", ""buy_fpr_bid"": ""+280000"", ""buy_fpr_req"": ""94"", ""buy_1th_pre_req_pre"": ""0"", ""buy_2th_pre_bid"": ""+279500"", ""buy_2th_pre_req"": ""42"", ""buy_2th_pre_req_pre"": ""0"", ""buy_3th_pre_bid"": ""+279000"", ""buy_3th_pre_req"": ""371"", ""buy_3th_pre_req_pre"": ""+33"", ""buy_4th_pre_bid"": ""+278500"", ""buy_4th_pre_req"": ""454"", ""buy_4th_pre_req_pre"": ""0"", ""buy_5th_pre_bid"": ""+278000"", ""buy_5th_pre_req"": ""876"", ""buy_5th_pre_req_pre"": ""0"", ""buy_6th_pre_bid"": ""+277500"", ""buy_6th_pre_req"": ""360"", ""buy_6th_pre_req_pre"": ""0"", ""buy_7th_pre_bid"": ""+277000"", ""buy_7th_pre_req"": ""778"", ""buy_7th_pre_req_pre"": ""0"", ""buy_8th_pre_bid"": ""276500"", ""buy_8th_pre_req"": ""823"", ""buy_8th_pre_req_pre"": ""0"", ""buy_9th_pre_bid"": ""-276000"", ""buy_9th_pre_req"": ""473"", ""buy_9th_pre_req_pre"": ""0"", ""buy_10th_pre_bid"": ""-275500"", ""buy_10th_pre_req"": ""219"", ""buy_10th_pre_req_pre"": ""0"", ""tot_sel_req_jub_pre"": ""0"", ""tot_sel_req"": ""2807"", ""tot_buy_req"": ""4490"", ""tot_buy_req_jub_pre"": ""+33"", ""ovt_sel_req_pre"": ""0"", ""ovt_sel_req"": ""0"", ""ovt_buy_req"": ""0"", ""ovt_buy_req_pre"": ""0"", ""return_code"": 0, ""return_msg"": ""정상적으로 처리되었습니다""}"
2026-06-10,scan_candidate,017670,,0,main_scan,106300,,106300,106200,106300,106500,-0.28222013170272814,0.09407337723424271,,,,,,"{""bid_req_base_tm"": ""112445"", ""sel_10th_pre_req_pre"": ""0"", ""sel_10th_pre_req"": ""45"", ""sel_10th_pre_bid"": ""-107200"", ""sel_9th_pre_req_pre"": ""0"", ""sel_9th_pre_req"": ""25"", ""sel_9th_pre_bid"": ""-107100"", ""sel_8th_pre_req_pre"": ""0"", ""sel_8th_pre_req"": ""79"", ""sel_8th_pre_bid"": ""-107000"", ""sel_7th_pre_req_pre"": ""0"", ""sel_7th_pre_req"": ""14"", ""sel_7th_pre_bid"": ""-106900"", ""sel_6th_pre_req_pre"": ""0"", ""sel_6th_pre_req"": ""176"", ""sel_6th_pre_bid"": ""-106800"", ""sel_5th_pre_req_pre"": ""0"", ""sel_5th_pre_req"": ""341"", ""sel_5th_pre_bid"": ""-106700"", ""sel_4th_pre_req_pre"": ""0"", ""sel_4th_pre_req"": ""311"", ""sel_4th_pre_bid"": ""-106600"", ""sel_3th_pre_req_pre"": ""0"", ""sel_3th_pre_req"": ""494"", ""sel_3th_pre_bid"": ""-106500"", ""sel_2th_pre_req_pre"": ""0"", ""sel_2th_pre_req"": ""693"", ""sel_2th_pre_bid"": ""-106400"", ""sel_1th_pre_req_pre"": ""--1"", ""sel_fpr_req"": ""151"", ""sel_fpr_bid"": ""-106300"", ""buy_fpr_bid"": ""-106200"", ""buy_fpr_req"": ""270"", ""buy_1th_pre_req_pre"": ""0"", ""buy_2th_pre_bid"": ""-106100"", ""buy_2th_pre_req"": ""1963"", ""buy_2th_pre_req_pre"": ""0"", ""buy_3th_pre_bid"": ""-106000"", ""buy_3th_pre_req"": ""4273"", ""buy_3th_pre_req_pre"": ""0"", ""buy_4th_pre_bid"": ""-105900"", ""buy_4th_pre_req"": ""822"", ""buy_4th_pre_req_pre"": ""0"", ""buy_5th_pre_bid"": ""-105800"", ""buy_5th_pre_req"": ""913"", ""buy_5th_pre_req_pre"": ""0"", ""buy_6th_pre_bid"": ""-105700"", ""buy_6th_pre_req"": ""950"", ""buy_6th_pre_req_pre"": ""0"", ""buy_7th_pre_bid"": ""-105600"", ""buy_7th_pre_req"": ""846"", ""buy_7th_pre_req_pre"": ""0"", ""buy_8th_pre_bid"": ""-105500"", ""buy_8th_pre_req"": ""2615"", ""buy_8th_pre_req_pre"": ""+1"", ""buy_9th_pre_bid"": ""-105400"", ""buy_9th_pre_req"": ""352"", ""buy_9th_pre_req_pre"": ""0"", ""buy_10th_pre_bid"": ""-105300"", ""buy_10th_pre_req"": ""297"", ""buy_10th_pre_req_pre"": ""0"", ""tot_sel_req_jub_pre"": ""--1"", ""tot_sel_req"": ""2329"", ""tot_buy_req"": ""13301"", ""tot_buy_req_jub_pre"": ""+1"", ""ovt_sel_req_pre"": ""0"", ""ovt_sel_req"": ""0"", ""ovt_buy_req"": ""0"", ""ovt_buy_req_pre"": ""0"", ""return_code"": 0, ""return_msg"": ""정상적으로 처리되었습니다""}"
2026-06-10,scan_candidate,316140,,0,main_scan,29900,,29900,29850,29900,29800,-0.5016722408026756,0.16722408026755853,,,,,,"{""bid_req_base_tm"": ""112441"", ""sel_10th_pre_req_pre"": ""0"", ""sel_10th_pre_req"": ""771"", ""sel_10th_pre_bid"": ""+30350"", ""sel_9th_pre_req_pre"": ""0"", ""sel_9th_pre_req"": ""2475"", ""sel_9th_pre_bid"": ""+30300"", ""sel_8th_pre_req_pre"": ""0"", ""sel_8th_pre_req"": ""1172"", ""sel_8th_pre_bid"": ""+30250"", ""sel_7th_pre_req_pre"": ""0"", ""sel_7th_pre_req"": ""6166"", ""sel_7th_pre_bid"": ""+30200"", ""sel_6th_pre_req_pre"": ""0"", ""sel_6th_pre_req"": ""890"", ""sel_6th_pre_bid"": ""+30150"", ""sel_5th_pre_req_pre"": ""0"", ""sel_5th_pre_req"": ""1522"", ""sel_5th_pre_bid"": ""+30100"", ""sel_4th_pre_req_pre"": ""0"", ""sel_4th_pre_req"": ""1063"", ""sel_4th_pre_bid"": ""+30050"", ""sel_3th_pre_req_pre"": ""--6"", ""sel_3th_pre_req"": ""2278"", ""sel_3th_pre_bid"": ""30000"", ""sel_2th_pre_req_pre"": ""--9"", ""sel_2th_pre_req"": ""1511"", ""sel_2th_pre_bid"": ""-29950"", ""sel_1th_pre_req_pre"": ""--6"", ""sel_fpr_req"": ""5845"", ""sel_fpr_bid"": ""-29900"", ""buy_fpr_bid"": ""-29850"", ""buy_fpr_req"": ""2546"", ""buy_1th_pre_req_pre"": ""0"", ""buy_2th_pre_bid"": ""-29800"", ""buy_2th_pre_req"": ""2304"", ""buy_2th_pre_req_pre"": ""0"", ""buy_3th_pre_bid"": ""-29750"", ""buy_3th_pre_req"": ""1182"", ""buy_3th_pre_req_pre"": ""0"", ""buy_4th_pre_bid"": ""-29700"", ""buy_4th_pre_req"": ""1968"", ""buy_4th_pre_req_pre"": ""0"", ""buy_5th_pre_bid"": ""-29650"", ""buy_5th_pre_req"": ""708"", ""buy_5th_pre_req_pre"": ""0"", ""buy_6th_pre_bid"": ""-29600"", ""buy_6th_pre_req"": ""1116"", ""buy_6th_pre_req_pre"": ""0"", ""buy_7th_pre_bid"": ""-29550"", ""buy_7th_pre_req"": ""1161"", ""buy_7th_pre_req_pre"": ""0"", ""buy_8th_pre_bid"": ""-29500"", ""buy_8th_pre_req"": ""4022"", ""buy_8th_pre_req_pre"": ""0"", ""buy_9th_pre_bid"": ""-29450"", ""buy_9th_pre_req"": ""889"", ""buy_9th_pre_req_pre"": ""0"", ""buy_10th_pre_bid"": ""-29400"", ""buy_10th_pre_req"": ""1534"", ""buy_10th_pre_req_pre"": ""0"", ""tot_sel_req_jub_pre"": ""--21"", ""tot_sel_req"": ""23693"", ""tot_buy_req"": ""17430"", ""tot_buy_req_jub_pre"": ""0"", ""ovt_sel_req_pre"": ""0"", ""ovt_sel_req"": ""0"", ""ovt_buy_req"": ""0"", ""ovt_buy_req_pre"": ""0"", ""return_code"": 0, ""return_msg"": ""정상적으로 처리되었습니다""}"
2026-06-10,scan_candidate,018260,,0,main_scan,231000,,231000,230500,231000,232500,0.4329004329004329,0.21645021645021645,,,,,,"{""bid_req_base_tm"": ""112445"", ""sel_10th_pre_req_pre"": ""0"", ""sel_10th_pre_req"": ""201"", ""sel_10th_pre_bid"": ""-235500"", ""sel_9th_pre_req_pre"": ""0"", ""sel_9th_pre_req"": ""335"", ""sel_9th_pre_bid"": ""-235000"", ""sel_8th_pre_req_pre"": ""0"", ""sel_8th_pre_req"": ""151"", ""sel_8th_pre_bid"": ""-234500"", ""sel_7th_pre_req_pre"": ""0"", ""sel_7th_pre_req"": ""178"", ""sel_7th_pre_bid"": ""-234000"", ""sel_6th_pre_req_pre"": ""0"", ""sel_6th_pre_req"": ""78"", ""sel_6th_pre_bid"": ""-233500"", ""sel_5th_pre_req_pre"": ""0"", ""sel_5th_pre_req"": ""156"", ""sel_5th_pre_bid"": ""-233000"", ""sel_4th_pre_req_pre"": ""0"", ""sel_4th_pre_req"": ""312"", ""sel_4th_pre_bid"": ""-232500"", ""sel_3th_pre_req_pre"": ""0"", ""sel_3th_pre_req"": ""169"", ""sel_3th_pre_bid"": ""-232000"", ""sel_2th_pre_req_pre"": ""0"", ""sel_2th_pre_req"": ""180"", ""sel_2th_pre_bid"": ""-231500"", ""sel_1th_pre_req_pre"": ""+65"", ""sel_fpr_req"": ""641"", ""sel_fpr_bid"": ""-231000"", ""buy_fpr_bid"": ""-230500"", ""buy_fpr_req"": ""1199"", ""buy_1th_pre_req_pre"": ""0"", ""buy_2th_pre_bid"": ""-230000"", ""buy_2th_pre_req"": ""5651"", ""buy_2th_pre_req_pre"": ""0"", ""buy_3th_pre_bid"": ""-229500"", ""buy_3th_pre_req"": ""3733"", ""buy_3th_pre_req_pre"": ""0"", ""buy_4th_pre_bid"": ""-229000"", ""buy_4th_pre_req"": ""1454"", ""buy_4th_pre_req_pre"": ""0"", ""buy_5th_pre_bid"": ""-228500"", ""buy_5th_pre_req"": ""758"", ""buy_5th_pre_req_pre"": ""0"", ""buy_6th_pre_bid"": ""-228000"", ""buy_6th_pre_req"": ""2131"", ""buy_6th_pre_req_pre"": ""0"", ""buy_7th_pre_bid"": ""-227500"", ""buy_7th_pre_req"": ""2034"", ""buy_7th_pre_req_pre"": ""0"", ""buy_8th_pre_bid"": ""-227000"", ""buy_8th_pre_req"": ""1980"", ""buy_8th_pre_req_pre"": ""0"", ""buy_9th_pre_bid"": ""-226500"", ""buy_9th_pre_req"": ""582"", ""buy_9th_pre_req_pre"": ""0"", ""buy_10th_pre_bid"": ""-226000"", ""buy_10th_pre_req"": ""1778"", ""buy_10th_pre_req_pre"": ""0"", ""tot_sel_req_jub_pre"": ""+65"", ""tot_sel_req"": ""2401"", ""tot_buy_req"": ""21300"", ""tot_buy_req_jub_pre"": ""0"", ""ovt_sel_req_pre"": ""0"", ""ovt_sel_req"": ""0"", ""ovt_buy_req"": ""0"", ""ovt_buy_req_pre"": ""0"", ""return_code"": 0, ""return_msg"": ""정상적으로 처리되었습니다""}"
2026-06-10,scan_candidate,033780,,0,main_scan,184100,,184100,184000,184100,183500,-0.5975013579576317,0.05431830526887561,,,,,,"{""bid_req_base_tm"": ""112444"", ""sel_10th_pre_req_pre"": ""0"", ""sel_10th_pre_req"": ""1178"", ""sel_10th_pre_bid"": ""+185000"", ""sel_9th_pre_req_pre"": ""0"", ""sel_9th_pre_req"": ""56"", ""sel_9th_pre_bid"": ""+184900"", ""sel_8th_pre_req_pre"": ""0"", ""sel_8th_pre_req"": ""79"", ""sel_8th_pre_bid"": ""+184800"", ""sel_7th_pre_req_pre"": ""0"", ""sel_7th_pre_req"": ""231"", ""sel_7th_pre_bid"": ""+184700"", ""sel_6th_pre_req_pre"": ""0"", ""sel_6th_pre_req"": ""84"", ""sel_6th_pre_bid"": ""+184600"", ""sel_5th_pre_req_pre"": ""0"", ""sel_5th_pre_req"": ""159"", ""sel_5th_pre_bid"": ""+184500"", ""sel_4th_pre_req_pre"": ""0"", ""sel_4th_pre_req"": ""29"", ""sel_4th_pre_bid"": ""+184400"", ""sel_3th_pre_req_pre"": ""0"", ""sel_3th_pre_req"": ""170"", ""sel_3th_pre_bid"": ""184300"", ""sel_2th_pre_req_pre"": ""0"", ""sel_2th_pre_req"": ""260"", ""sel_2th_pre_bid"": ""-184200"", ""sel_1th_pre_req_pre"": ""0"", ""sel_fpr_req"": ""1392"", ""sel_fpr_bid"": ""-184100"", ""buy_fpr_bid"": ""-184000"", ""buy_fpr_req"": ""536"", ""buy_1th_pre_req_pre"": ""--2"", ""buy_2th_pre_bid"": ""-183900"", ""buy_2th_pre_req"": ""120"", ""buy_2th_pre_req_pre"": ""0"", ""buy_3th_pre_bid"": ""-183800"", ""buy_3th_pre_req"": ""3"", ""buy_3th_pre_req_pre"": ""0"", ""buy_4th_pre_bid"": ""-183700"", ""buy_4th_pre_req"": ""5"", ""buy_4th_pre_req_pre"": ""0"", ""buy_5th_pre_bid"": ""-183600"", ""buy_5th_pre_req"": ""12"", ""buy_5th_pre_req_pre"": ""0"", ""buy_6th_pre_bid"": ""-183500"", ""buy_6th_pre_req"": ""20"", ""buy_6th_pre_req_pre"": ""0"", ""buy_7th_pre_bid"": ""-183400"", ""buy_7th_pre_req"": ""11"", ""buy_7th_pre_req_pre"": ""0"", ""buy_8th_pre_bid"": ""-183300"", ""buy_8th_pre_req"": ""132"", ""buy_8th_pre_req_pre"": ""0"", ""buy_9th_pre_bid"": ""-183200"", ""buy_9th_pre_req"": ""2"", ""buy_9th_pre_req_pre"": ""0"", ""buy_10th_pre_bid"": ""-183100"", ""buy_10th_pre_req"": ""69"", ""buy_10th_pre_req_pre"": ""0"", ""tot_sel_req_jub_pre"": ""0"", ""tot_sel_req"": ""3638"", ""tot_buy_req"": ""910"", ""tot_buy_req_jub_pre"": ""--2"", ""ovt_sel_req_pre"": ""0"", ""ovt_sel_req"": ""0"", ""ovt_buy_req"": ""0"", ""ovt_buy_req_pre"": ""0"", ""return_code"": 0, ""return_msg"": ""정상적으로 처리되었습니다""}"
2026-06-10,scan_candidate,307950,,0,main_scan,688000,,688000,687000,688000,691000,0.29069767441860467,0.14534883720930233,,,,,,"{""bid_req_base_tm"": ""112445"", ""sel_10th_pre_req_pre"": ""0"", ""sel_10th_pre_req"": ""32"", ""sel_10th_pre_bid"": ""+697000"", ""sel_9th_pre_req_pre"": ""0"", ""sel_9th_pre_req"": ""11"", ""sel_9th_pre_bid"": ""+696000"", ""sel_8th_pre_req_pre"": ""0"", ""sel_8th_pre_req"": ""23"", ""sel_8th_pre_bid"": ""+695000"", ""sel_7th_pre_req_pre"": ""0"", ""sel_7th_pre_req"": ""6"", ""sel_7th_pre_bid"": ""+694000"", ""sel_6th_pre_req_pre"": ""0"", ""sel_6th_pre_req"": ""24"", ""sel_6th_pre_bid"": ""+693000"", ""sel_5th_pre_req_pre"": ""0"", ""sel_5th_pre_req"": ""18"", ""sel_5th_pre_bid"": ""+692000"", ""sel_4th_pre_req_pre"": ""0"", ""sel_4th_pre_req"": ""19"", ""sel_4th_pre_bid"": ""+691000"", ""sel_3th_pre_req_pre"": ""0"", ""sel_3th_pre_req"": ""40"", ""sel_3th_pre_bid"": ""+690000"", ""sel_2th_pre_req_pre"": ""0"", ""sel_2th_pre_req"": ""41"", ""sel_2th_pre_bid"": ""+689000"", ""sel_1th_pre_req_pre"": ""0"", ""sel_fpr_req"": ""2"", ""sel_fpr_bid"": ""+688000"", ""buy_fpr_bid"": ""687000"", ""buy_fpr_req"": ""43"", ""buy_1th_pre_req_pre"": ""+1"", ""buy_2th_pre_bid"": ""-686000"", ""buy_2th_pre_req"": ""247"", ""buy_2th_pre_req_pre"": ""0"", ""buy_3th_pre_bid"": ""-685000"", ""buy_3th_pre_req"": ""157"", ""buy_3th_pre_req_pre"": ""0"", ""buy_4th_pre_bid"": ""-684000"", ""buy_4th_pre_req"": ""53"", ""buy_4th_pre_req_pre"": ""0"", ""buy_5th_pre_bid"": ""-683000"", ""buy_5th_pre_req"": ""279"", ""buy_5th_pre_req_pre"": ""0"", ""buy_6th_pre_bid"": ""-682000"", ""buy_6th_pre_req"": ""232"", ""buy_6th_pre_req_pre"": ""0"", ""buy_7th_pre_bid"": ""-681000"", ""buy_7th_pre_req"": ""201"", ""buy_7th_pre_req_pre"": ""0"", ""buy_8th_pre_bid"": ""-680000"", ""buy_8th_pre_req"": ""651"", ""buy_8th_pre_req_pre"": ""0"", ""buy_9th_pre_bid"": ""-679000"", ""buy_9th_pre_req"": ""114"", ""buy_9th_pre_req_pre"": ""0"", ""buy_10th_pre_bid"": ""-678000"", ""buy_10th_pre_req"": ""78"", ""buy_10th_pre_req_pre"": ""0"", ""tot_sel_req_jub_pre"": ""0"", ""tot_sel_req"": ""216"", ""tot_buy_req"": ""2055"", ""tot_buy_req_jub_pre"": ""+1"", ""ovt_sel_req_pre"": ""0"", ""ovt_sel_req"": ""0"", ""ovt_buy_req"": ""0"", ""ovt_buy_req_pre"": ""0"", ""return_code"": 0, ""return_msg"": ""정상적으로 처리되었습니다""}"
2026-06-10,scan_candidate,138040,,0,main_scan,109300,,109300,109200,109300,109000,-0.7319304666056725,0.09149130832570906,,,,,,"{""bid_req_base_tm"": ""112438"", ""sel_10th_pre_req_pre"": ""0"", ""sel_10th_pre_req"": ""132"", ""sel_10th_pre_bid"": ""+110400"", ""sel_9th_pre_req_pre"": ""0"", ""sel_9th_pre_req"": ""1589"", ""sel_9th_pre_bid"": ""+110300"", ""sel_8th_pre_req_pre"": ""0"", ""sel_8th_pre_req"": ""526"", ""sel_8th_pre_bid"": ""+110200"", ""sel_7th_pre_req_pre"": ""0"", ""sel_7th_pre_req"": ""5083"", ""sel_7th_pre_bid"": ""+110100"", ""sel_6th_pre_req_pre"": ""0"", ""sel_6th_pre_req"": ""1030"", ""sel_6th_pre_bid"": ""+110000"", ""sel_5th_pre_req_pre"": ""0"", ""sel_5th_pre_req"": ""592"", ""sel_5th_pre_bid"": ""+109900"", ""sel_4th_pre_req_pre"": ""0"", ""sel_4th_pre_req"": ""557"", ""sel_4th_pre_bid"": ""+109800"", ""sel_3th_pre_req_pre"": ""0"", ""sel_3th_pre_req"": ""162"", ""sel_3th_pre_bid"": ""+109700"", ""sel_2th_pre_req_pre"": ""0"", ""sel_2th_pre_req"": ""13"", ""sel_2th_pre_bid"": ""+109600"", ""sel_1th_pre_req_pre"": ""0"", ""sel_fpr_req"": ""46"", ""sel_fpr_bid"": ""+109300"", ""buy_fpr_bid"": ""+109200"", ""buy_fpr_req"": ""573"", ""buy_1th_pre_req_pre"": ""0"", ""buy_2th_pre_bid"": ""109100"", ""buy_2th_pre_req"": ""81"", ""buy_2th_pre_req_pre"": ""0"", ""buy_3th_pre_bid"": ""-108900"", ""buy_3th_pre_req"": ""13"", ""buy_3th_pre_req_pre"": ""0"", ""buy_4th_pre_bid"": ""-108800"", ""buy_4th_pre_req"": ""20"", ""buy_4th_pre_req_pre"": ""0"", ""buy_5th_pre_bid"": ""-108700"", ""buy_5th_pre_req"": ""54"", ""buy_5th_pre_req_pre"": ""0"", ""buy_6th_pre_bid"": ""-108600"", ""buy_6th_pre_req"": ""276"", ""buy_6th_pre_req_pre"": ""0"", ""buy_7th_pre_bid"": ""-108500"", ""buy_7th_pre_req"": ""286"", ""buy_7th_pre_req_pre"": ""0"", ""buy_8th_pre_bid"": ""-108400"", ""buy_8th_pre_req"": ""23"", ""buy_8th_pre_req_pre"": ""0"", ""buy_9th_pre_bid"": ""-108300"", ""buy_9th_pre_req"": ""3"", ""buy_9th_pre_req_pre"": ""0"", ""buy_10th_pre_bid"": ""-108200"", ""buy_10th_pre_req"": ""3"", ""buy_10th_pre_req_pre"": ""0"", ""tot_sel_req_jub_pre"": ""0"", ""tot_sel_req"": ""9730"", ""tot_buy_req"": ""1332"", ""tot_buy_req_jub_pre"": ""0"", ""ovt_sel_req_pre"": ""0"", ""ovt_sel_req"": ""0"", ""ovt_buy_req"": ""0"", ""ovt_buy_req_pre"": ""0"", ""return_code"": 0, ""return_msg"": ""정상적으로 처리되었습니다""}"
2026-06-10,scan_candidate,003550,,0,main_scan,109300,,109300,109200,109300,109500,-0.2744739249771272,0.09149130832570906,,,,,,"{""bid_req_base_tm"": ""112444"", ""sel_10th_pre_req_pre"": ""0"", ""sel_10th_pre_req"": ""2"", ""sel_10th_pre_bid"": ""-110300"", ""sel_9th_pre_req_pre"": ""0"", ""sel_9th_pre_req"": ""64"", ""sel_9th_pre_bid"": ""-110200"", ""sel_8th_pre_req_pre"": ""0"", ""sel_8th_pre_req"": ""3"", ""sel_8th_pre_bid"": ""-110100"", ""sel_7th_pre_req_pre"": ""0"", ""sel_7th_pre_req"": ""175"", ""sel_7th_pre_bid"": ""-110000"", ""sel_6th_pre_req_pre"": ""0"", ""sel_6th_pre_req"": ""17"", ""sel_6th_pre_bid"": ""-109900"", ""sel_5th_pre_req_pre"": ""0"", ""sel_5th_pre_req"": ""9"", ""sel_5th_pre_bid"": ""-109700"", ""sel_4th_pre_req_pre"": ""0"", ""sel_4th_pre_req"": ""1"", ""sel_4th_pre_bid"": ""-109600"", ""sel_3th_pre_req_pre"": ""0"", ""sel_3th_pre_req"": ""130"", ""sel_3th_pre_bid"": ""-109500"", ""sel_2th_pre_req_pre"": ""0"", ""sel_2th_pre_req"": ""135"", ""sel_2th_pre_bid"": ""-109400"", ""sel_1th_pre_req_pre"": ""0"", ""sel_fpr_req"": ""215"", ""sel_fpr_bid"": ""-109300"", ""buy_fpr_bid"": ""-109200"", ""buy_fpr_req"": ""116"", ""buy_1th_pre_req_pre"": ""0"", ""buy_2th_pre_bid"": ""-109100"", ""buy_2th_pre_req"": ""649"", ""buy_2th_pre_req_pre"": ""0"", ""buy_3th_pre_bid"": ""-109000"", ""buy_3th_pre_req"": ""32"", ""buy_3th_pre_req_pre"": ""0"", ""buy_4th_pre_bid"": ""-108900"", ""buy_4th_pre_req"": ""22"", ""buy_4th_pre_req_pre"": ""0"", ""buy_5th_pre_bid"": ""-108800"", ""buy_5th_pre_req"": ""31"", ""buy_5th_pre_req_pre"": ""0"", ""buy_6th_pre_bid"": ""-108700"", ""buy_6th_pre_req"": ""26"", ""buy_6th_pre_req_pre"": ""0"", ""buy_7th_pre_bid"": ""-108600"", ""buy_7th_pre_req"": ""29"", ""buy_7th_pre_req_pre"": ""0"", ""buy_8th_pre_bid"": ""-108500"", ""buy_8th_pre_req"": ""76"", ""buy_8th_pre_req_pre"": ""0"", ""buy_9th_pre_bid"": ""-108400"", ""buy_9th_pre_req"": ""65"", ""buy_9th_pre_req_pre"": ""0"", ""buy_10th_pre_bid"": ""-108300"", ""buy_10th_pre_req"": ""128"", ""buy_10th_pre_req_pre"": ""0"", ""tot_sel_req_jub_pre"": ""--146"", ""tot_sel_req"": ""751"", ""tot_buy_req"": ""1174"", ""tot_buy_req_jub_pre"": ""0"", ""ovt_sel_req_pre"": ""0"", ""ovt_sel_req"": ""0"", ""ovt_buy_req"": ""0"", ""ovt_buy_req_pre"": ""0"", ""return_code"": 0, ""return_msg"": ""정상적으로 처리되었습니다""}"
2026-06-10,scan_candidate,024110,,0,main_scan,21050,,21050,21000,21050,20850,-1.187648456057007,0.23752969121140144,,,,,,"{""bid_req_base_tm"": ""112446"", ""sel_10th_pre_req_pre"": ""0"", ""sel_10th_pre_req"": ""46536"", ""sel_10th_pre_bid"": ""+21500"", ""sel_9th_pre_req_pre"": ""0"", ""sel_9th_pre_req"": ""4572"", ""sel_9th_pre_bid"": ""+21450"", ""sel_8th_pre_req_pre"": ""0"", ""sel_8th_pre_req"": ""10859"", ""sel_8th_pre_bid"": ""+21400"", ""sel_7th_pre_req_pre"": ""0"", ""sel_7th_pre_req"": ""5017"", ""sel_7th_pre_bid"": ""+21350"", ""sel_6th_pre_req_pre"": ""0"", ""sel_6th_pre_req"": ""12236"", ""sel_6th_pre_bid"": ""+21300"", ""sel_5th_pre_req_pre"": ""0"", ""sel_5th_pre_req"": ""8628"", ""sel_5th_pre_bid"": ""+21250"", ""sel_4th_pre_req_pre"": ""0"", ""sel_4th_pre_req"": ""19136"", ""sel_4th_pre_bid"": ""+21200"", ""sel_3th_pre_req_pre"": ""0"", ""sel_3th_pre_req"": ""23949"", ""sel_3th_pre_bid"": ""+21150"", ""sel_2th_pre_req_pre"": ""0"", ""sel_2th_pre_req"": ""10519"", ""sel_2th_pre_bid"": ""+21100"", ""sel_1th_pre_req_pre"": ""--1"", ""sel_fpr_req"": ""1562"", ""sel_fpr_bid"": ""+21050"", ""buy_fpr_bid"": ""+21000"", ""buy_fpr_req"": ""822"", ""buy_1th_pre_req_pre"": ""0"", ""buy_2th_pre_bid"": ""+20950"", ""buy_2th_pre_req"": ""3607"", ""buy_2th_pre_req_pre"": ""0"", ""buy_3th_pre_bid"": ""+20900"", ""buy_3th_pre_req"": ""3089"", ""buy_3th_pre_req_pre"": ""0"", ""buy_4th_pre_bid"": ""+20850"", ""buy_4th_pre_req"": ""3121"", ""buy_4th_pre_req_pre"": ""0"", ""buy_5th_pre_bid"": ""+20800"", ""buy_5th_pre_req"": ""2292"", ""buy_5th_pre_req_pre"": ""0"", ""buy_6th_pre_bid"": ""+20750"", ""buy_6th_pre_req"": ""1823"", ""buy_6th_pre_req_pre"": ""0"", ""buy_7th_pre_bid"": ""+20700"", ""buy_7th_pre_req"": ""2934"", ""buy_7th_pre_req_pre"": ""0"", ""buy_8th_pre_bid"": ""+20650"", ""buy_8th_pre_req"": ""2547"", ""buy_8th_pre_req_pre"": ""0"", ""buy_9th_pre_bid"": ""+20600"", ""buy_9th_pre_req"": ""3871"", ""buy_9th_pre_req_pre"": ""0"", ""buy_10th_pre_bid"": ""20550"", ""buy_10th_pre_req"": ""2193"", ""buy_10th_pre_req_pre"": ""0"", ""tot_sel_req_jub_pre"": ""--1"", ""tot_sel_req"": ""143014"", ""tot_buy_req"": ""26299"", ""tot_buy_req_jub_pre"": ""0"", ""ovt_sel_req_pre"": ""0"", ""ovt_sel_req"": ""0"", ""ovt_buy_req"": ""0"", ""ovt_buy_req_pre"": ""0"", ""return_code"": 0, ""return_msg"": ""정상적으로 처리되었습니다""}"
2026-06-10,scan_candidate,079550,,0,main_scan,766000,,766000,765000,766000,765000,-0.26109660574412535,0.13054830287206268,,,,,,"{""bid_req_base_tm"": ""112446"", ""sel_10th_pre_req_pre"": ""0"", ""sel_10th_pre_req"": ""11"", ""sel_10th_pre_bid"": ""+776000"", ""sel_9th_pre_req_pre"": ""0"", ""sel_9th_pre_req"": ""203"", ""sel_9th_pre_bid"": ""+775000"", ""sel_8th_pre_req_pre"": ""0"", ""sel_8th_pre_req"": ""105"", ""sel_8th_pre_bid"": ""+774000"", ""sel_7th_pre_req_pre"": ""0"", ""sel_7th_pre_req"": ""280"", ""sel_7th_pre_bid"": ""+773000"", ""sel_6th_pre_req_pre"": ""0"", ""sel_6th_pre_req"": ""3"", ""sel_6th_pre_bid"": ""+772000"", ""sel_5th_pre_req_pre"": ""0"", ""sel_5th_pre_req"": ""386"", ""sel_5th_pre_bid"": ""+770000"", ""sel_4th_pre_req_pre"": ""0"", ""sel_4th_pre_req"": ""75"", ""sel_4th_pre_bid"": ""+769000"", ""sel_3th_pre_req_pre"": ""0"", ""sel_3th_pre_req"": ""26"", ""sel_3th_pre_bid"": ""+768000"", ""sel_2th_pre_req_pre"": ""0"", ""sel_2th_pre_req"": ""22"", ""sel_2th_pre_bid"": ""+767000"", ""sel_1th_pre_req_pre"": ""0"", ""sel_fpr_req"": ""18"", ""sel_fpr_bid"": ""+766000"", ""buy_fpr_bid"": ""+765000"", ""buy_fpr_req"": ""70"", ""buy_1th_pre_req_pre"": ""+5"", ""buy_2th_pre_bid"": ""+764000"", ""buy_2th_pre_req"": ""35"", ""buy_2th_pre_req_pre"": ""0"", ""buy_3th_pre_bid"": ""+763000"", ""buy_3th_pre_req"": ""204"", ""buy_3th_pre_req_pre"": ""0"", ""buy_4th_pre_bid"": ""+762000"", ""buy_4th_pre_req"": ""267"", ""buy_4th_pre_req_pre"": ""0"", ""buy_5th_pre_bid"": ""+761000"", ""buy_5th_pre_req"": ""80"", ""buy_5th_pre_req_pre"": ""0"", ""buy_6th_pre_bid"": ""+760000"", ""buy_6th_pre_req"": ""114"", ""buy_6th_pre_req_pre"": ""0"", ""buy_7th_pre_bid"": ""+759000"", ""buy_7th_pre_req"": ""12"", ""buy_7th_pre_req_pre"": ""0"", ""buy_8th_pre_bid"": ""+758000"", ""buy_8th_pre_req"": ""19"", ""buy_8th_pre_req_pre"": ""0"", ""buy_9th_pre_bid"": ""+757000"", ""buy_9th_pre_req"": ""73"", ""buy_9th_pre_req_pre"": ""0"", ""buy_10th_pre_bid"": ""+756000"", ""buy_10th_pre_req"": ""217"", ""buy_10th_pre_req_pre"": ""0"", ""tot_sel_req_jub_pre"": ""0"", ""tot_sel_req"": ""1129"", ""tot_buy_req"": ""1091"", ""tot_buy_req_jub_pre"": ""+5"", ""ovt_sel_req_pre"": ""0"", ""ovt_sel_req"": ""0"", ""ovt_buy_req"": ""0"", ""ovt_buy_req_pre"": ""0"", ""return_code"": 0, ""return_msg"": ""정상적으로 처리되었습니다""}"
2026-06-10,scan_candidate,278470,,0,main_scan,417000,,417000,416500,417000,418000,0.1199040767386091,0.1199040767386091,,,,,,"{""bid_req_base_tm"": ""112446"", ""sel_10th_pre_req_pre"": ""0"", ""sel_10th_pre_req"": ""168"", ""sel_10th_pre_bid"": ""+421500"", ""sel_9th_pre_req_pre"": ""0"", ""sel_9th_pre_req"": ""38"", ""sel_9th_pre_bid"": ""+421000"", ""sel_8th_pre_req_pre"": ""0"", ""sel_8th_pre_req"": ""52"", ""sel_8th_pre_bid"": ""+420500"", ""sel_7th_pre_req_pre"": ""0"", ""sel_7th_pre_req"": ""244"", ""sel_7th_pre_bid"": ""+420000"", ""sel_6th_pre_req_pre"": ""0"", ""sel_6th_pre_req"": ""65"", ""sel_6th_pre_bid"": ""+419500"", ""sel_5th_pre_req_pre"": ""0"", ""sel_5th_pre_req"": ""96"", ""sel_5th_pre_bid"": ""+419000"", ""sel_4th_pre_req_pre"": ""0"", ""sel_4th_pre_req"": ""59"", ""sel_4th_pre_bid"": ""+418500"", ""sel_3th_pre_req_pre"": ""0"", ""sel_3th_pre_req"": ""71"", ""sel_3th_pre_bid"": ""+418000"", ""sel_2th_pre_req_pre"": ""0"", ""sel_2th_pre_req"": ""44"", ""sel_2th_pre_bid"": ""+417500"", ""sel_1th_pre_req_pre"": ""0"", ""sel_fpr_req"": ""10"", ""sel_fpr_bid"": ""+417000"", ""buy_fpr_bid"": ""+416500"", ""buy_fpr_req"": ""130"", ""buy_1th_pre_req_pre"": ""--1"", ""buy_2th_pre_bid"": ""+416000"", ""buy_2th_pre_req"": ""228"", ""buy_2th_pre_req_pre"": ""0"", ""buy_3th_pre_bid"": ""+415500"", ""buy_3th_pre_req"": ""196"", ""buy_3th_pre_req_pre"": ""0"", ""buy_4th_pre_bid"": ""+415000"", ""buy_4th_pre_req"": ""432"", ""buy_4th_pre_req_pre"": ""0"", ""buy_5th_pre_bid"": ""+414500"", ""buy_5th_pre_req"": ""302"", ""buy_5th_pre_req_pre"": ""0"", ""buy_6th_pre_bid"": ""+414000"", ""buy_6th_pre_req"": ""37"", ""buy_6th_pre_req_pre"": ""0"", ""buy_7th_pre_bid"": ""+413500"", ""buy_7th_pre_req"": ""123"", ""buy_7th_pre_req_pre"": ""0"", ""buy_8th_pre_bid"": ""+413000"", ""buy_8th_pre_req"": ""357"", ""buy_8th_pre_req_pre"": ""0"", ""buy_9th_pre_bid"": ""+412500"", ""buy_9th_pre_req"": ""15"", ""buy_9th_pre_req_pre"": ""0"", ""buy_10th_pre_bid"": ""+412000"", ""buy_10th_pre_req"": ""281"", ""buy_10th_pre_req_pre"": ""0"", ""tot_sel_req_jub_pre"": ""0"", ""tot_sel_req"": ""847"", ""tot_buy_req"": ""2101"", ""tot_buy_req_jub_pre"": ""--1"", ""ovt_sel_req_pre"": ""0"", ""ovt_sel_req"": ""0"", ""ovt_buy_req"": ""0"", ""ovt_buy_req_pre"": ""0"", ""return_code"": 0, ""return_msg"": ""정상적으로 처리되었습니다""}"
2026-06-10,scan_candidate,030200,,0,main_scan,54700,,54700,54600,54700,54700,-0.18281535648994515,0.18281535648994515,,,,,,"{""bid_req_base_tm"": ""112446"", ""sel_10th_pre_req_pre"": ""0"", ""sel_10th_pre_req"": ""690"", ""sel_10th_pre_bid"": ""+55600"", ""sel_9th_pre_req_pre"": ""0"", ""sel_9th_pre_req"": ""3250"", ""sel_9th_pre_bid"": ""+55500"", ""sel_8th_pre_req_pre"": ""0"", ""sel_8th_pre_req"": ""1359"", ""sel_8th_pre_bid"": ""+55400"", ""sel_7th_pre_req_pre"": ""0"", ""sel_7th_pre_req"": ""2279"", ""sel_7th_pre_bid"": ""+55300"", ""sel_6th_pre_req_pre"": ""0"", ""sel_6th_pre_req"": ""1141"", ""sel_6th_pre_bid"": ""+55200"", ""sel_5th_pre_req_pre"": ""0"", ""sel_5th_pre_req"": ""1254"", ""sel_5th_pre_bid"": ""+55100"", ""sel_4th_pre_req_pre"": ""0"", ""sel_4th_pre_req"": ""859"", ""sel_4th_pre_bid"": ""+55000"", ""sel_3th_pre_req_pre"": ""0"", ""sel_3th_pre_req"": ""234"", ""sel_3th_pre_bid"": ""+54900"", ""sel_2th_pre_req_pre"": ""0"", ""sel_2th_pre_req"": ""11"", ""sel_2th_pre_bid"": ""+54800"", ""sel_1th_pre_req_pre"": ""0"", ""sel_fpr_req"": ""168"", ""sel_fpr_bid"": ""+54700"", ""buy_fpr_bid"": ""+54600"", ""buy_fpr_req"": ""84"", ""buy_1th_pre_req_pre"": ""0"", ""buy_2th_pre_bid"": ""+54500"", ""buy_2th_pre_req"": ""592"", ""buy_2th_pre_req_pre"": ""0"", ""buy_3th_pre_bid"": ""+54400"", ""buy_3th_pre_req"": ""1035"", ""buy_3th_pre_req_pre"": ""0"", ""buy_4th_pre_bid"": ""+54300"", ""buy_4th_pre_req"": ""917"", ""buy_4th_pre_req_pre"": ""0"", ""buy_5th_pre_bid"": ""+54200"", ""buy_5th_pre_req"": ""1874"", ""buy_5th_pre_req_pre"": ""0"", ""buy_6th_pre_bid"": ""+54100"", ""buy_6th_pre_req"": ""473"", ""buy_6th_pre_req_pre"": ""0"", ""buy_7th_pre_bid"": ""+54000"", ""buy_7th_pre_req"": ""3500"", ""buy_7th_pre_req_pre"": ""0"", ""buy_8th_pre_bid"": ""+53900"", ""buy_8th_pre_req"": ""937"", ""buy_8th_pre_req_pre"": ""0"", ""buy_9th_pre_bid"": ""53800"", ""buy_9th_pre_req"": ""3114"", ""buy_9th_pre_req_pre"": ""0"", ""buy_10th_pre_bid"": ""-53700"", ""buy_10th_pre_req"": ""907"", ""buy_10th_pre_req_pre"": ""0"", ""tot_sel_req_jub_pre"": ""+686"", ""tot_sel_req"": ""11245"", ""tot_buy_req"": ""13433"", ""tot_buy_req_jub_pre"": ""--338"", ""ovt_sel_req_pre"": ""0"", ""ovt_sel_req"": ""0"", ""ovt_buy_req"": ""0"", ""ovt_buy_req_pre"": ""0"", ""return_code"": 0, ""return_msg"": ""정상적으로 처리되었습니다""}"
2026-06-10,scan_candidate,010950,,0,main_scan,112400,,112400,112300,112400,112000,-0.800711743772242,0.0889679715302491,,,,,,"{""bid_req_base_tm"": ""112447"", ""sel_10th_pre_req_pre"": ""0"", ""sel_10th_pre_req"": ""19"", ""sel_10th_pre_bid"": ""+113300"", ""sel_9th_pre_req_pre"": ""0"", ""sel_9th_pre_req"": ""26"", ""sel_9th_pre_bid"": ""+113200"", ""sel_8th_pre_req_pre"": ""0"", ""sel_8th_pre_req"": ""28"", ""sel_8th_pre_bid"": ""+113100"", ""sel_7th_pre_req_pre"": ""0"", ""sel_7th_pre_req"": ""615"", ""sel_7th_pre_bid"": ""+113000"", ""sel_6th_pre_req_pre"": ""0"", ""sel_6th_pre_req"": ""132"", ""sel_6th_pre_bid"": ""+112900"", ""sel_5th_pre_req_pre"": ""0"", ""sel_5th_pre_req"": ""1072"", ""sel_5th_pre_bid"": ""+112800"", ""sel_4th_pre_req_pre"": ""0"", ""sel_4th_pre_req"": ""18"", ""sel_4th_pre_bid"": ""+112700"", ""sel_3th_pre_req_pre"": ""0"", ""sel_3th_pre_req"": ""11"", ""sel_3th_pre_bid"": ""+112600"", ""sel_2th_pre_req_pre"": ""+2"", ""sel_2th_pre_req"": ""378"", ""sel_2th_pre_bid"": ""+112500"", ""sel_1th_pre_req_pre"": ""0"", ""sel_fpr_req"": ""231"", ""sel_fpr_bid"": ""+112400"", ""buy_fpr_bid"": ""+112300"", ""buy_fpr_req"": ""25"", ""buy_1th_pre_req_pre"": ""--6"", ""buy_2th_pre_bid"": ""+112200"", ""buy_2th_pre_req"": ""37"", ""buy_2th_pre_req_pre"": ""--8"", ""buy_3th_pre_bid"": ""+112100"", ""buy_3th_pre_req"": ""36"", ""buy_3th_pre_req_pre"": ""0"", ""buy_4th_pre_bid"": ""+112000"", ""buy_4th_pre_req"": ""417"", ""buy_4th_pre_req_pre"": ""0"", ""buy_5th_pre_bid"": ""+111900"", ""buy_5th_pre_req"": ""305"", ""buy_5th_pre_req_pre"": ""0"", ""buy_6th_pre_bid"": ""+111800"", ""buy_6th_pre_req"": ""105"", ""buy_6th_pre_req_pre"": ""0"", ""buy_7th_pre_bid"": ""+111700"", ""buy_7th_pre_req"": ""150"", ""buy_7th_pre_req_pre"": ""0"", ""buy_8th_pre_bid"": ""+111600"", ""buy_8th_pre_req"": ""40"", ""buy_8th_pre_req_pre"": ""0"", ""buy_9th_pre_bid"": ""+111400"", ""buy_9th_pre_req"": ""4"", ""buy_9th_pre_req_pre"": ""0"", ""buy_10th_pre_bid"": ""+111300"", ""buy_10th_pre_req"": ""27"", ""buy_10th_pre_req_pre"": ""0"", ""tot_sel_req_jub_pre"": ""+2"", ""tot_sel_req"": ""2530"", ""tot_buy_req"": ""1146"", ""tot_buy_req_jub_pre"": ""--14"", ""ovt_sel_req_pre"": ""0"", ""ovt_sel_req"": ""0"", ""ovt_buy_req"": ""0"", ""ovt_buy_req_pre"": ""0"", ""return_code"": 0, ""return_msg"": ""정상적으로 처리되었습니다""}"
2026-06-10,scan_candidate,323410,,0,main_scan,24550,,24550,24500,24550,24350,-1.0183299389002036,0.20366598778004072,,,,,,"{""bid_req_base_tm"": ""112447"", ""sel_10th_pre_req_pre"": ""0"", ""sel_10th_pre_req"": ""15053"", ""sel_10th_pre_bid"": ""+25000"", ""sel_9th_pre_req_pre"": ""0"", ""sel_9th_pre_req"": ""11383"", ""sel_9th_pre_bid"": ""+24950"", ""sel_8th_pre_req_pre"": ""0"", ""sel_8th_pre_req"": ""6325"", ""sel_8th_pre_bid"": ""+24900"", ""sel_7th_pre_req_pre"": ""0"", ""sel_7th_pre_req"": ""8204"", ""sel_7th_pre_bid"": ""+24850"", ""sel_6th_pre_req_pre"": ""0"", ""sel_6th_pre_req"": ""14488"", ""sel_6th_pre_bid"": ""+24800"", ""sel_5th_pre_req_pre"": ""0"", ""sel_5th_pre_req"": ""11958"", ""sel_5th_pre_bid"": ""+24750"", ""sel_4th_pre_req_pre"": ""0"", ""sel_4th_pre_req"": ""7705"", ""sel_4th_pre_bid"": ""+24700"", ""sel_3th_pre_req_pre"": ""0"", ""sel_3th_pre_req"": ""3914"", ""sel_3th_pre_bid"": ""+24650"", ""sel_2th_pre_req_pre"": ""0"", ""sel_2th_pre_req"": ""4138"", ""sel_2th_pre_bid"": ""+24600"", ""sel_1th_pre_req_pre"": ""--70"", ""sel_fpr_req"": ""9034"", ""sel_fpr_bid"": ""+24550"", ""buy_fpr_bid"": ""+24500"", ""buy_fpr_req"": ""3544"", ""buy_1th_pre_req_pre"": ""0"", ""buy_2th_pre_bid"": ""+24450"", ""buy_2th_pre_req"": ""2114"", ""buy_2th_pre_req_pre"": ""0"", ""buy_3th_pre_bid"": ""24400"", ""buy_3th_pre_req"": ""7074"", ""buy_3th_pre_req_pre"": ""0"", ""buy_4th_pre_bid"": ""-24350"", ""buy_4th_pre_req"": ""2057"", ""buy_4th_pre_req_pre"": ""0"", ""buy_5th_pre_bid"": ""-24300"", ""buy_5th_pre_req"": ""1079"", ""buy_5th_pre_req_pre"": ""0"", ""buy_6th_pre_bid"": ""-24250"", ""buy_6th_pre_req"": ""1664"", ""buy_6th_pre_req_pre"": ""0"", ""buy_7th_pre_bid"": ""-24200"", ""buy_7th_pre_req"": ""851"", ""buy_7th_pre_req_pre"": ""0"", ""buy_8th_pre_bid"": ""-24150"", ""buy_8th_pre_req"": ""1288"", ""buy_8th_pre_req_pre"": ""0"", ""buy_9th_pre_bid"": ""-24100"", ""buy_9th_pre_req"": ""1099"", ""buy_9th_pre_req_pre"": ""0"", ""buy_10th_pre_bid"": ""-24050"", ""buy_10th_pre_req"": ""1535"", ""buy_10th_pre_req_pre"": ""0"", ""tot_sel_req_jub_pre"": ""--70"", ""tot_sel_req"": ""92202"", ""tot_buy_req"": ""22305"", ""tot_buy_req_jub_pre"": ""0"", ""ovt_sel_req_pre"": ""0"", ""ovt_sel_req"": ""0"", ""ovt_buy_req"": ""0"", ""ovt_buy_req_pre"": ""0"", ""return_code"": 0, ""return_msg"": ""정상적으로 처리되었습니다""}"
2026-06-10,scan_candidate,064400,,0,main_scan,94400,,94400,94300,94400,94700,0.211864406779661,0.1059322033898305,,,,,,"{""bid_req_base_tm"": ""112447"", ""sel_10th_pre_req_pre"": ""0"", ""sel_10th_pre_req"": ""401"", ""sel_10th_pre_bid"": ""-95300"", ""sel_9th_pre_req_pre"": ""0"", ""sel_9th_pre_req"": ""128"", ""sel_9th_pre_bid"": ""-95200"", ""sel_8th_pre_req_pre"": ""0"", ""sel_8th_pre_req"": ""382"", ""sel_8th_pre_bid"": ""-95100"", ""sel_7th_pre_req_pre"": ""0"", ""sel_7th_pre_req"": ""451"", ""sel_7th_pre_bid"": ""-95000"", ""sel_6th_pre_req_pre"": ""0"", ""sel_6th_pre_req"": ""5"", ""sel_6th_pre_bid"": ""-94900"", ""sel_5th_pre_req_pre"": ""0"", ""sel_5th_pre_req"": ""424"", ""sel_5th_pre_bid"": ""-94800"", ""sel_4th_pre_req_pre"": ""0"", ""sel_4th_pre_req"": ""43"", ""sel_4th_pre_bid"": ""-94700"", ""sel_3th_pre_req_pre"": ""0"", ""sel_3th_pre_req"": ""139"", ""sel_3th_pre_bid"": ""-94600"", ""sel_2th_pre_req_pre"": ""0"", ""sel_2th_pre_req"": ""92"", ""sel_2th_pre_bid"": ""-94500"", ""sel_1th_pre_req_pre"": ""0"", ""sel_fpr_req"": ""726"", ""sel_fpr_bid"": ""-94400"", ""buy_fpr_bid"": ""-94300"", ""buy_fpr_req"": ""510"", ""buy_1th_pre_req_pre"": ""0"", ""buy_2th_pre_bid"": ""-94200"", ""buy_2th_pre_req"": ""591"", ""buy_2th_pre_req_pre"": ""0"", ""buy_3th_pre_bid"": ""-94100"", ""buy_3th_pre_req"": ""2739"", ""buy_3th_pre_req_pre"": ""0"", ""buy_4th_pre_bid"": ""-94000"", ""buy_4th_pre_req"": ""4782"", ""buy_4th_pre_req_pre"": ""0"", ""buy_5th_pre_bid"": ""-93900"", ""buy_5th_pre_req"": ""558"", ""buy_5th_pre_req_pre"": ""0"", ""buy_6th_pre_bid"": ""-93800"", ""buy_6th_pre_req"": ""1455"", ""buy_6th_pre_req_pre"": ""0"", ""buy_7th_pre_bid"": ""-93700"", ""buy_7th_pre_req"": ""418"", ""buy_7th_pre_req_pre"": ""0"", ""buy_8th_pre_bid"": ""-93600"", ""buy_8th_pre_req"": ""1391"", ""buy_8th_pre_req_pre"": ""0"", ""buy_9th_pre_bid"": ""-93500"", ""buy_9th_pre_req"": ""2971"", ""buy_9th_pre_req_pre"": ""+10"", ""buy_10th_pre_bid"": ""-93400"", ""buy_10th_pre_req"": ""114"", ""buy_10th_pre_req_pre"": ""0"", ""tot_sel_req_jub_pre"": ""0"", ""tot_sel_req"": ""2791"", ""tot_buy_req"": ""15529"", ""tot_buy_req_jub_pre"": ""+10"", ""ovt_sel_req_pre"": ""0"", ""ovt_sel_req"": ""0"", ""ovt_buy_req"": ""0"", ""ovt_buy_req_pre"": ""0"", ""return_code"": 0, ""return_msg"": ""정상적으로 처리되었습니다""}"
2026-06-10,scan_candidate,003490,,0,main_scan,25500,,25500,25450,25500,25400,-0.5882352941176471,0.19607843137254902,,,,,,"{""bid_req_base_tm"": ""112446"", ""sel_10th_pre_req_pre"": ""0"", ""sel_10th_pre_req"": ""15428"", ""sel_10th_pre_bid"": ""+25950"", ""sel_9th_pre_req_pre"": ""0"", ""sel_9th_pre_req"": ""18470"", ""sel_9th_pre_bid"": ""+25900"", ""sel_8th_pre_req_pre"": ""0"", ""sel_8th_pre_req"": ""17190"", ""sel_8th_pre_bid"": ""+25850"", ""sel_7th_pre_req_pre"": ""0"", ""sel_7th_pre_req"": ""49122"", ""sel_7th_pre_bid"": ""+25800"", ""sel_6th_pre_req_pre"": ""0"", ""sel_6th_pre_req"": ""15947"", ""sel_6th_pre_bid"": ""+25750"", ""sel_5th_pre_req_pre"": ""0"", ""sel_5th_pre_req"": ""5040"", ""sel_5th_pre_bid"": ""+25700"", ""sel_4th_pre_req_pre"": ""0"", ""sel_4th_pre_req"": ""3662"", ""sel_4th_pre_bid"": ""+25650"", ""sel_3th_pre_req_pre"": ""0"", ""sel_3th_pre_req"": ""7133"", ""sel_3th_pre_bid"": ""+25600"", ""sel_2th_pre_req_pre"": ""0"", ""sel_2th_pre_req"": ""758"", ""sel_2th_pre_bid"": ""+25550"", ""sel_1th_pre_req_pre"": ""0"", ""sel_fpr_req"": ""2542"", ""sel_fpr_bid"": ""+25500"", ""buy_fpr_bid"": ""+25450"", ""buy_fpr_req"": ""4178"", ""buy_1th_pre_req_pre"": ""0"", ""buy_2th_pre_bid"": ""+25400"", ""buy_2th_pre_req"": ""9249"", ""buy_2th_pre_req_pre"": ""0"", ""buy_3th_pre_bid"": ""+25350"", ""buy_3th_pre_req"": ""3816"", ""buy_3th_pre_req_pre"": ""0"", ""buy_4th_pre_bid"": ""+25300"", ""buy_4th_pre_req"": ""3765"", ""buy_4th_pre_req_pre"": ""0"", ""buy_5th_pre_bid"": ""+25250"", ""buy_5th_pre_req"": ""3768"", ""buy_5th_pre_req_pre"": ""0"", ""buy_6th_pre_bid"": ""+25200"", ""buy_6th_pre_req"": ""6069"", ""buy_6th_pre_req_pre"": ""0"", ""buy_7th_pre_bid"": ""+25150"", ""buy_7th_pre_req"": ""1953"", ""buy_7th_pre_req_pre"": ""0"", ""buy_8th_pre_bid"": ""+25100"", ""buy_8th_pre_req"": ""3558"", ""buy_8th_pre_req_pre"": ""0"", ""buy_9th_pre_bid"": ""+25050"", ""buy_9th_pre_req"": ""2188"", ""buy_9th_pre_req_pre"": ""0"", ""buy_10th_pre_bid"": ""+25000"", ""buy_10th_pre_req"": ""3761"", ""buy_10th_pre_req_pre"": ""0"", ""tot_sel_req_jub_pre"": ""0"", ""tot_sel_req"": ""135292"", ""tot_buy_req"": ""42305"", ""tot_buy_req_jub_pre"": ""0"", ""ovt_sel_req_pre"": ""0"", ""ovt_sel_req"": ""0"", ""ovt_buy_req"": ""0"", ""ovt_buy_req_pre"": ""0"", ""return_code"": 0, ""return_msg"": ""정상적으로 처리되었습니다""}"
2026-06-10,scan_candidate,161390,,0,main_scan,71100,,71100,71000,71100,71000,-0.2812939521800281,0.14064697609001406,,,,,,"{""bid_req_base_tm"": ""112447"", ""sel_10th_pre_req_pre"": ""0"", ""sel_10th_pre_req"": ""153"", ""sel_10th_pre_bid"": ""-72000"", ""sel_9th_pre_req_pre"": ""0"", ""sel_9th_pre_req"": ""326"", ""sel_9th_pre_bid"": ""-71900"", ""sel_8th_pre_req_pre"": ""0"", ""sel_8th_pre_req"": ""130"", ""sel_8th_pre_bid"": ""-71800"", ""sel_7th_pre_req_pre"": ""0"", ""sel_7th_pre_req"": ""10"", ""sel_7th_pre_bid"": ""-71700"", ""sel_6th_pre_req_pre"": ""0"", ""sel_6th_pre_req"": ""3"", ""sel_6th_pre_bid"": ""-71600"", ""sel_5th_pre_req_pre"": ""0"", ""sel_5th_pre_req"": ""57"", ""sel_5th_pre_bid"": ""-71500"", ""sel_4th_pre_req_pre"": ""0"", ""sel_4th_pre_req"": ""112"", ""sel_4th_pre_bid"": ""-71400"", ""sel_3th_pre_req_pre"": ""0"", ""sel_3th_pre_req"": ""357"", ""sel_3th_pre_bid"": ""-71300"", ""sel_2th_pre_req_pre"": ""0"", ""sel_2th_pre_req"": ""844"", ""sel_2th_pre_bid"": ""-71200"", ""sel_1th_pre_req_pre"": ""0"", ""sel_fpr_req"": ""1894"", ""sel_fpr_bid"": ""-71100"", ""buy_fpr_bid"": ""-71000"", ""buy_fpr_req"": ""982"", ""buy_1th_pre_req_pre"": ""0"", ""buy_2th_pre_bid"": ""-70900"", ""buy_2th_pre_req"": ""513"", ""buy_2th_pre_req_pre"": ""+17"", ""buy_3th_pre_bid"": ""-70800"", ""buy_3th_pre_req"": ""832"", ""buy_3th_pre_req_pre"": ""0"", ""buy_4th_pre_bid"": ""-70700"", ""buy_4th_pre_req"": ""4"", ""buy_4th_pre_req_pre"": ""0"", ""buy_5th_pre_bid"": ""-70600"", ""buy_5th_pre_req"": ""106"", ""buy_5th_pre_req_pre"": ""0"", ""buy_6th_pre_bid"": ""-70500"", ""buy_6th_pre_req"": ""361"", ""buy_6th_pre_req_pre"": ""0"", ""buy_7th_pre_bid"": ""-70400"", ""buy_7th_pre_req"": ""278"", ""buy_7th_pre_req_pre"": ""0"", ""buy_8th_pre_bid"": ""-70300"", ""buy_8th_pre_req"": ""198"", ""buy_8th_pre_req_pre"": ""0"", ""buy_9th_pre_bid"": ""-70200"", ""buy_9th_pre_req"": ""230"", ""buy_9th_pre_req_pre"": ""0"", ""buy_10th_pre_bid"": ""-70100"", ""buy_10th_pre_req"": ""216"", ""buy_10th_pre_req_pre"": ""0"", ""tot_sel_req_jub_pre"": ""0"", ""tot_sel_req"": ""3886"", ""tot_buy_req"": ""3720"", ""tot_buy_req_jub_pre"": ""+17"", ""ovt_sel_req_pre"": ""0"", ""ovt_sel_req"": ""0"", ""ovt_buy_req"": ""0"", ""ovt_buy_req_pre"": ""0"", ""return_code"": 0, ""return_msg"": ""정상적으로 처리되었습니다""}"
2026-06-10,scan_candidate,180640,,0,main_scan,116800,,116800,116700,116800,117000,-0.2568493150684931,0.08561643835616438,,,,,,"{""bid_req_base_tm"": ""112448"", ""sel_10th_pre_req_pre"": ""0"", ""sel_10th_pre_req"": ""9"", ""sel_10th_pre_bid"": ""+118100"", ""sel_9th_pre_req_pre"": ""0"", ""sel_9th_pre_req"": ""2"", ""sel_9th_pre_bid"": ""+118000"", ""sel_8th_pre_req_pre"": ""0"", ""sel_8th_pre_req"": ""2"", ""sel_8th_pre_bid"": ""+117900"", ""sel_7th_pre_req_pre"": ""0"", ""sel_7th_pre_req"": ""12"", ""sel_7th_pre_bid"": ""+117800"", ""sel_6th_pre_req_pre"": ""0"", ""sel_6th_pre_req"": ""17"", ""sel_6th_pre_bid"": ""+117500"", ""sel_5th_pre_req_pre"": ""0"", ""sel_5th_pre_req"": ""21"", ""sel_5th_pre_bid"": ""+117300"", ""sel_4th_pre_req_pre"": ""--1"", ""sel_4th_pre_req"": ""36"", ""sel_4th_pre_bid"": ""+117200"", ""sel_3th_pre_req_pre"": ""0"", ""sel_3th_pre_req"": ""29"", ""sel_3th_pre_bid"": ""+117100"", ""sel_2th_pre_req_pre"": ""0"", ""sel_2th_pre_req"": ""4"", ""sel_2th_pre_bid"": ""+117000"", ""sel_1th_pre_req_pre"": ""0"", ""sel_fpr_req"": ""105"", ""sel_fpr_bid"": ""+116800"", ""buy_fpr_bid"": ""+116700"", ""buy_fpr_req"": ""199"", ""buy_1th_pre_req_pre"": ""0"", ""buy_2th_pre_bid"": ""+116600"", ""buy_2th_pre_req"": ""1"", ""buy_2th_pre_req_pre"": ""0"", ""buy_3th_pre_bid"": ""+116500"", ""buy_3th_pre_req"": ""41"", ""buy_3th_pre_req_pre"": ""0"", ""buy_4th_pre_bid"": ""+116300"", ""buy_4th_pre_req"": ""11"", ""buy_4th_pre_req_pre"": ""0"", ""buy_5th_pre_bid"": ""+116100"", ""buy_5th_pre_req"": ""13"", ""buy_5th_pre_req_pre"": ""0"", ""buy_6th_pre_bid"": ""+116000"", ""buy_6th_pre_req"": ""31"", ""buy_6th_pre_req_pre"": ""0"", ""buy_7th_pre_bid"": ""+115900"", ""buy_7th_pre_req"": ""1"", ""buy_7th_pre_req_pre"": ""0"", ""buy_8th_pre_bid"": ""+115800"", ""buy_8th_pre_req"": ""51"", ""buy_8th_pre_req_pre"": ""0"", ""buy_9th_pre_bid"": ""+115700"", ""buy_9th_pre_req"": ""1"", ""buy_9th_pre_req_pre"": ""0"", ""buy_10th_pre_bid"": ""+115500"", ""buy_10th_pre_req"": ""66"", ""buy_10th_pre_req_pre"": ""0"", ""tot_sel_req_jub_pre"": ""--1"", ""tot_sel_req"": ""237"", ""tot_buy_req"": ""415"", ""tot_buy_req_jub_pre"": ""0"", ""ovt_sel_req_pre"": ""0"", ""ovt_sel_req"": ""0"", ""ovt_buy_req"": ""0"", ""ovt_buy_req_pre"": ""0"", ""return_code"": 0, ""return_msg"": ""정상적으로 처리되었습니다""}"
2026-06-10,scan_candidate,454910,,0,main_scan,108800,,108800,108700,108800,109000,-0.2757352941176471,0.09191176470588235,,,,,,"{""bid_req_base_tm"": ""112448"", ""sel_10th_pre_req_pre"": ""0"", ""sel_10th_pre_req"": ""74"", ""sel_10th_pre_bid"": ""-109700"", ""sel_9th_pre_req_pre"": ""0"", ""sel_9th_pre_req"": ""362"", ""sel_9th_pre_bid"": ""-109600"", ""sel_8th_pre_req_pre"": ""0"", ""sel_8th_pre_req"": ""176"", ""sel_8th_pre_bid"": ""-109500"", ""sel_7th_pre_req_pre"": ""0"", ""sel_7th_pre_req"": ""135"", ""sel_7th_pre_bid"": ""-109400"", ""sel_6th_pre_req_pre"": ""0"", ""sel_6th_pre_req"": ""155"", ""sel_6th_pre_bid"": ""-109300"", ""sel_5th_pre_req_pre"": ""0"", ""sel_5th_pre_req"": ""241"", ""sel_5th_pre_bid"": ""-109200"", ""sel_4th_pre_req_pre"": ""--24"", ""sel_4th_pre_req"": ""147"", ""sel_4th_pre_bid"": ""-109100"", ""sel_3th_pre_req_pre"": ""0"", ""sel_3th_pre_req"": ""1043"", ""sel_3th_pre_bid"": ""-109000"", ""sel_2th_pre_req_pre"": ""0"", ""sel_2th_pre_req"": ""641"", ""sel_2th_pre_bid"": ""-108900"", ""sel_1th_pre_req_pre"": ""0"", ""sel_fpr_req"": ""729"", ""sel_fpr_bid"": ""-108800"", ""buy_fpr_bid"": ""-108700"", ""buy_fpr_req"": ""1343"", ""buy_1th_pre_req_pre"": ""0"", ""buy_2th_pre_bid"": ""-108600"", ""buy_2th_pre_req"": ""1096"", ""buy_2th_pre_req_pre"": ""0"", ""buy_3th_pre_bid"": ""-108500"", ""buy_3th_pre_req"": ""3412"", ""buy_3th_pre_req_pre"": ""0"", ""buy_4th_pre_bid"": ""-108400"", ""buy_4th_pre_req"": ""1077"", ""buy_4th_pre_req_pre"": ""0"", ""buy_5th_pre_bid"": ""-108300"", ""buy_5th_pre_req"": ""525"", ""buy_5th_pre_req_pre"": ""0"", ""buy_6th_pre_bid"": ""-108200"", ""buy_6th_pre_req"": ""692"", ""buy_6th_pre_req_pre"": ""0"", ""buy_7th_pre_bid"": ""-108100"", ""buy_7th_pre_req"": ""1028"", ""buy_7th_pre_req_pre"": ""0"", ""buy_8th_pre_bid"": ""-108000"", ""buy_8th_pre_req"": ""3277"", ""buy_8th_pre_req_pre"": ""0"", ""buy_9th_pre_bid"": ""-107900"", ""buy_9th_pre_req"": ""274"", ""buy_9th_pre_req_pre"": ""0"", ""buy_10th_pre_bid"": ""-107800"", ""buy_10th_pre_req"": ""742"", ""buy_10th_pre_req_pre"": ""0"", ""tot_sel_req_jub_pre"": ""--24"", ""tot_sel_req"": ""3703"", ""tot_buy_req"": ""13466"", ""tot_buy_req_jub_pre"": ""0"", ""ovt_sel_req_pre"": ""0"", ""ovt_sel_req"": ""0"", ""ovt_buy_req"": ""0"", ""ovt_buy_req_pre"": ""0"", ""return_code"": 0, ""return_msg"": ""정상적으로 처리되었습니다""}"
2026-06-10,scan_candidate,353200,,0,main_scan,154200,,154200,154100,154200,154500,-0.12970168612191957,0.06485084306095978,,,,,,"{""bid_req_base_tm"": ""112448"", ""sel_10th_pre_req_pre"": ""0"", ""sel_10th_pre_req"": ""5"", ""sel_10th_pre_bid"": ""+155200"", ""sel_9th_pre_req_pre"": ""0"", ""sel_9th_pre_req"": ""217"", ""sel_9th_pre_bid"": ""+155000"", ""sel_8th_pre_req_pre"": ""0"", ""sel_8th_pre_req"": ""94"", ""sel_8th_pre_bid"": ""+154900"", ""sel_7th_pre_req_pre"": ""0"", ""sel_7th_pre_req"": ""46"", ""sel_7th_pre_bid"": ""+154800"", ""sel_6th_pre_req_pre"": ""0"", ""sel_6th_pre_req"": ""5"", ""sel_6th_pre_bid"": ""+154700"", ""sel_5th_pre_req_pre"": ""0"", ""sel_5th_pre_req"": ""11"", ""sel_5th_pre_bid"": ""+154600"", ""sel_4th_pre_req_pre"": ""0"", ""sel_4th_pre_req"": ""64"", ""sel_4th_pre_bid"": ""+154500"", ""sel_3th_pre_req_pre"": ""0"", ""sel_3th_pre_req"": ""13"", ""sel_3th_pre_bid"": ""+154400"", ""sel_2th_pre_req_pre"": ""0"", ""sel_2th_pre_req"": ""29"", ""sel_2th_pre_bid"": ""+154300"", ""sel_1th_pre_req_pre"": ""+4"", ""sel_fpr_req"": ""415"", ""sel_fpr_bid"": ""+154200"", ""buy_fpr_bid"": ""+154100"", ""buy_fpr_req"": ""95"", ""buy_1th_pre_req_pre"": ""0"", ""buy_2th_pre_bid"": ""+154000"", ""buy_2th_pre_req"": ""105"", ""buy_2th_pre_req_pre"": ""0"", ""buy_3th_pre_bid"": ""+153900"", ""buy_3th_pre_req"": ""267"", ""buy_3th_pre_req_pre"": ""0"", ""buy_4th_pre_bid"": ""+153800"", ""buy_4th_pre_req"": ""1364"", ""buy_4th_pre_req_pre"": ""0"", ""buy_5th_pre_bid"": ""+153700"", ""buy_5th_pre_req"": ""545"", ""buy_5th_pre_req_pre"": ""0"", ""buy_6th_pre_bid"": ""+153600"", ""buy_6th_pre_req"": ""237"", ""buy_6th_pre_req_pre"": ""0"", ""buy_7th_pre_bid"": ""+153500"", ""buy_7th_pre_req"": ""940"", ""buy_7th_pre_req_pre"": ""0"", ""buy_8th_pre_bid"": ""+153400"", ""buy_8th_pre_req"": ""83"", ""buy_8th_pre_req_pre"": ""0"", ""buy_9th_pre_bid"": ""+153300"", ""buy_9th_pre_req"": ""22"", ""buy_9th_pre_req_pre"": ""0"", ""buy_10th_pre_bid"": ""+153200"", ""buy_10th_pre_req"": ""180"", ""buy_10th_pre_req_pre"": ""0"", ""tot_sel_req_jub_pre"": ""+4"", ""tot_sel_req"": ""899"", ""tot_buy_req"": ""3838"", ""tot_buy_req_jub_pre"": ""0"", ""ovt_sel_req_pre"": ""0"", ""ovt_sel_req"": ""0"", ""ovt_buy_req"": ""0"", ""ovt_buy_req_pre"": ""0"", ""return_code"": 0, ""return_msg"": ""정상적으로 처리되었습니다""}"
2026-06-10,scan_candidate,034220,,0,main_scan,13040,,13040,13030,13040,13050,-0.3067484662576687,0.07668711656441718,,,,,,"{""bid_req_base_tm"": ""112448"", ""sel_10th_pre_req_pre"": ""0"", ""sel_10th_pre_req"": ""405"", ""sel_10th_pre_bid"": ""-13130"", ""sel_9th_pre_req_pre"": ""0"", ""sel_9th_pre_req"": ""19"", ""sel_9th_pre_bid"": ""-13120"", ""sel_8th_pre_req_pre"": ""0"", ""sel_8th_pre_req"": ""1048"", ""sel_8th_pre_bid"": ""-13110"", ""sel_7th_pre_req_pre"": ""0"", ""sel_7th_pre_req"": ""1866"", ""sel_7th_pre_bid"": ""-13100"", ""sel_6th_pre_req_pre"": ""0"", ""sel_6th_pre_req"": ""332"", ""sel_6th_pre_bid"": ""-13090"", ""sel_5th_pre_req_pre"": ""0"", ""sel_5th_pre_req"": ""1154"", ""sel_5th_pre_bid"": ""-13080"", ""sel_4th_pre_req_pre"": ""0"", ""sel_4th_pre_req"": ""197"", ""sel_4th_pre_bid"": ""-13070"", ""sel_3th_pre_req_pre"": ""0"", ""sel_3th_pre_req"": ""586"", ""sel_3th_pre_bid"": ""-13060"", ""sel_2th_pre_req_pre"": ""0"", ""sel_2th_pre_req"": ""4170"", ""sel_2th_pre_bid"": ""-13050"", ""sel_1th_pre_req_pre"": ""--6"", ""sel_fpr_req"": ""4067"", ""sel_fpr_bid"": ""-13040"", ""buy_fpr_bid"": ""-13030"", ""buy_fpr_req"": ""7843"", ""buy_1th_pre_req_pre"": ""--10"", ""buy_2th_pre_bid"": ""-13020"", ""buy_2th_pre_req"": ""20768"", ""buy_2th_pre_req_pre"": ""0"", ""buy_3th_pre_bid"": ""-13010"", ""buy_3th_pre_req"": ""32756"", ""buy_3th_pre_req_pre"": ""0"", ""buy_4th_pre_bid"": ""-13000"", ""buy_4th_pre_req"": ""96474"", ""buy_4th_pre_req_pre"": ""0"", ""buy_5th_pre_bid"": ""-12990"", ""buy_5th_pre_req"": ""19043"", ""buy_5th_pre_req_pre"": ""0"", ""buy_6th_pre_bid"": ""-12980"", ""buy_6th_pre_req"": ""15770"", ""buy_6th_pre_req_pre"": ""0"", ""buy_7th_pre_bid"": ""-12970"", ""buy_7th_pre_req"": ""8667"", ""buy_7th_pre_req_pre"": ""0"", ""buy_8th_pre_bid"": ""-12960"", ""buy_8th_pre_req"": ""8889"", ""buy_8th_pre_req_pre"": ""0"", ""buy_9th_pre_bid"": ""-12950"", ""buy_9th_pre_req"": ""13358"", ""buy_9th_pre_req_pre"": ""0"", ""buy_10th_pre_bid"": ""-12940"", ""buy_10th_pre_req"": ""2489"", ""buy_10th_pre_req_pre"": ""0"", ""tot_sel_req_jub_pre"": ""--6"", ""tot_sel_req"": ""13844"", ""tot_buy_req"": ""226057"", ""tot_buy_req_jub_pre"": ""--10"", ""ovt_sel_req_pre"": ""0"", ""ovt_sel_req"": ""0"", ""ovt_buy_req"": ""0"", ""ovt_buy_req_pre"": ""0"", ""return_code"": 0, ""return_msg"": ""정상적으로 처리되었습니다""}"
2026-06-10,scan_candidate,078930,,0,main_scan,74000,,74000,73900,74000,73800,-0.40540540540540543,0.13513513513513514,,,,,,"{""bid_req_base_tm"": ""112449"", ""sel_10th_pre_req_pre"": ""0"", ""sel_10th_pre_req"": ""82"", ""sel_10th_pre_bid"": ""+74900"", ""sel_9th_pre_req_pre"": ""0"", ""sel_9th_pre_req"": ""4"", ""sel_9th_pre_bid"": ""+74800"", ""sel_8th_pre_req_pre"": ""0"", ""sel_8th_pre_req"": ""232"", ""sel_8th_pre_bid"": ""+74700"", ""sel_7th_pre_req_pre"": ""0"", ""sel_7th_pre_req"": ""104"", ""sel_7th_pre_bid"": ""+74600"", ""sel_6th_pre_req_pre"": ""0"", ""sel_6th_pre_req"": ""386"", ""sel_6th_pre_bid"": ""+74500"", ""sel_5th_pre_req_pre"": ""0"", ""sel_5th_pre_req"": ""107"", ""sel_5th_pre_bid"": ""+74400"", ""sel_4th_pre_req_pre"": ""0"", ""sel_4th_pre_req"": ""170"", ""sel_4th_pre_bid"": ""+74300"", ""sel_3th_pre_req_pre"": ""0"", ""sel_3th_pre_req"": ""57"", ""sel_3th_pre_bid"": ""+74200"", ""sel_2th_pre_req_pre"": ""0"", ""sel_2th_pre_req"": ""112"", ""sel_2th_pre_bid"": ""+74100"", ""sel_1th_pre_req_pre"": ""--13"", ""sel_fpr_req"": ""521"", ""sel_fpr_bid"": ""+74000"", ""buy_fpr_bid"": ""+73900"", ""buy_fpr_req"": ""257"", ""buy_1th_pre_req_pre"": ""--1"", ""buy_2th_pre_bid"": ""73800"", ""buy_2th_pre_req"": ""439"", ""buy_2th_pre_req_pre"": ""0"", ""buy_3th_pre_bid"": ""-73700"", ""buy_3th_pre_req"": ""338"", ""buy_3th_pre_req_pre"": ""0"", ""buy_4th_pre_bid"": ""-73600"", ""buy_4th_pre_req"": ""143"", ""buy_4th_pre_req_pre"": ""0"", ""buy_5th_pre_bid"": ""-73500"", ""buy_5th_pre_req"": ""124"", ""buy_5th_pre_req_pre"": ""0"", ""buy_6th_pre_bid"": ""-73400"", ""buy_6th_pre_req"": ""21"", ""buy_6th_pre_req_pre"": ""0"", ""buy_7th_pre_bid"": ""-73300"", ""buy_7th_pre_req"": ""30"", ""buy_7th_pre_req_pre"": ""0"", ""buy_8th_pre_bid"": ""-73200"", ""buy_8th_pre_req"": ""137"", ""buy_8th_pre_req_pre"": ""0"", ""buy_9th_pre_bid"": ""-73100"", ""buy_9th_pre_req"": ""152"", ""buy_9th_pre_req_pre"": ""0"", ""buy_10th_pre_bid"": ""-73000"", ""buy_10th_pre_req"": ""4"", ""buy_10th_pre_req_pre"": ""0"", ""tot_sel_req_jub_pre"": ""--13"", ""tot_sel_req"": ""1775"", ""tot_buy_req"": ""1645"", ""tot_buy_req_jub_pre"": ""--1"", ""ovt_sel_req_pre"": ""0"", ""ovt_sel_req"": ""0"", ""ovt_buy_req"": ""0"", ""ovt_buy_req_pre"": ""0"", ""return_code"": 0, ""return_msg"": ""정상적으로 처리되었습니다""}"
2026-06-10,scan_candidate,090430,,0,main_scan,112100,,112100,112000,112100,112000,-0.535236396074933,0.08920606601248886,,,,,,"{""bid_req_base_tm"": ""112449"", ""sel_10th_pre_req_pre"": ""0"", ""sel_10th_pre_req"": ""18"", ""sel_10th_pre_bid"": ""+113100"", ""sel_9th_pre_req_pre"": ""0"", ""sel_9th_pre_req"": ""166"", ""sel_9th_pre_bid"": ""+113000"", ""sel_8th_pre_req_pre"": ""0"", ""sel_8th_pre_req"": ""7"", ""sel_8th_pre_bid"": ""+112900"", ""sel_7th_pre_req_pre"": ""0"", ""sel_7th_pre_req"": ""5"", ""sel_7th_pre_bid"": ""+112800"", ""sel_6th_pre_req_pre"": ""0"", ""sel_6th_pre_req"": ""4"", ""sel_6th_pre_bid"": ""+112700"", ""sel_5th_pre_req_pre"": ""0"", ""sel_5th_pre_req"": ""69"", ""sel_5th_pre_bid"": ""+112500"", ""sel_4th_pre_req_pre"": ""0"", ""sel_4th_pre_req"": ""34"", ""sel_4th_pre_bid"": ""+112400"", ""sel_3th_pre_req_pre"": ""0"", ""sel_3th_pre_req"": ""102"", ""sel_3th_pre_bid"": ""+112300"", ""sel_2th_pre_req_pre"": ""0"", ""sel_2th_pre_req"": ""145"", ""sel_2th_pre_bid"": ""+112200"", ""sel_1th_pre_req_pre"": ""--16"", ""sel_fpr_req"": ""158"", ""sel_fpr_bid"": ""+112100"", ""buy_fpr_bid"": ""112000"", ""buy_fpr_req"": ""117"", ""buy_1th_pre_req_pre"": ""0"", ""buy_2th_pre_bid"": ""-111900"", ""buy_2th_pre_req"": ""172"", ""buy_2th_pre_req_pre"": ""0"", ""buy_3th_pre_bid"": ""-111800"", ""buy_3th_pre_req"": ""95"", ""buy_3th_pre_req_pre"": ""0"", ""buy_4th_pre_bid"": ""-111700"", ""buy_4th_pre_req"": ""204"", ""buy_4th_pre_req_pre"": ""0"", ""buy_5th_pre_bid"": ""-111600"", ""buy_5th_pre_req"": ""56"", ""buy_5th_pre_req_pre"": ""0"", ""buy_6th_pre_bid"": ""-111500"", ""buy_6th_pre_req"": ""2212"", ""buy_6th_pre_req_pre"": ""0"", ""buy_7th_pre_bid"": ""-111400"", ""buy_7th_pre_req"": ""122"", ""buy_7th_pre_req_pre"": ""0"", ""buy_8th_pre_bid"": ""-111300"", ""buy_8th_pre_req"": ""32"", ""buy_8th_pre_req_pre"": ""0"", ""buy_9th_pre_bid"": ""-111200"", ""buy_9th_pre_req"": ""13"", ""buy_9th_pre_req_pre"": ""0"", ""buy_10th_pre_bid"": ""-111100"", ""buy_10th_pre_req"": ""20"", ""buy_10th_pre_req_pre"": ""0"", ""tot_sel_req_jub_pre"": ""--16"", ""tot_sel_req"": ""708"", ""tot_buy_req"": ""3043"", ""tot_buy_req_jub_pre"": ""0"", ""ovt_sel_req_pre"": ""0"", ""ovt_sel_req"": ""0"", ""ovt_buy_req"": ""0"", ""ovt_buy_req_pre"": ""0"", ""return_code"": 0, ""return_msg"": ""정상적으로 처리되었습니다""}"
2026-06-10,scan_candidate,004170,,0,main_scan,677000,,677000,676000,677000,678000,0.0,0.14771048744460857,,,,,,"{""bid_req_base_tm"": ""112449"", ""sel_10th_pre_req_pre"": ""0"", ""sel_10th_pre_req"": ""5"", ""sel_10th_pre_bid"": ""+686000"", ""sel_9th_pre_req_pre"": ""0"", ""sel_9th_pre_req"": ""7"", ""sel_9th_pre_bid"": ""+685000"", ""sel_8th_pre_req_pre"": ""0"", ""sel_8th_pre_req"": ""4"", ""sel_8th_pre_bid"": ""+684000"", ""sel_7th_pre_req_pre"": ""0"", ""sel_7th_pre_req"": ""5"", ""sel_7th_pre_bid"": ""+683000"", ""sel_6th_pre_req_pre"": ""0"", ""sel_6th_pre_req"": ""6"", ""sel_6th_pre_bid"": ""+682000"", ""sel_5th_pre_req_pre"": ""0"", ""sel_5th_pre_req"": ""4"", ""sel_5th_pre_bid"": ""+681000"", ""sel_4th_pre_req_pre"": ""0"", ""sel_4th_pre_req"": ""116"", ""sel_4th_pre_bid"": ""+680000"", ""sel_3th_pre_req_pre"": ""0"", ""sel_3th_pre_req"": ""30"", ""sel_3th_pre_bid"": ""+679000"", ""sel_2th_pre_req_pre"": ""0"", ""sel_2th_pre_req"": ""30"", ""sel_2th_pre_bid"": ""+678000"", ""sel_1th_pre_req_pre"": ""0"", ""sel_fpr_req"": ""39"", ""sel_fpr_bid"": ""+677000"", ""buy_fpr_bid"": ""+676000"", ""buy_fpr_req"": ""10"", ""buy_1th_pre_req_pre"": ""--4"", ""buy_2th_pre_bid"": ""+675000"", ""buy_2th_pre_req"": ""5"", ""buy_2th_pre_req_pre"": ""0"", ""buy_3th_pre_bid"": ""+673000"", ""buy_3th_pre_req"": ""13"", ""buy_3th_pre_req_pre"": ""0"", ""buy_4th_pre_bid"": ""+672000"", ""buy_4th_pre_req"": ""38"", ""buy_4th_pre_req_pre"": ""0"", ""buy_5th_pre_bid"": ""+671000"", ""buy_5th_pre_req"": ""26"", ""buy_5th_pre_req_pre"": ""0"", ""buy_6th_pre_bid"": ""+670000"", ""buy_6th_pre_req"": ""655"", ""buy_6th_pre_req_pre"": ""0"", ""buy_7th_pre_bid"": ""+669000"", ""buy_7th_pre_req"": ""134"", ""buy_7th_pre_req_pre"": ""0"", ""buy_8th_pre_bid"": ""+668000"", ""buy_8th_pre_req"": ""11"", ""buy_8th_pre_req_pre"": ""0"", ""buy_9th_pre_bid"": ""+667000"", ""buy_9th_pre_req"": ""820"", ""buy_9th_pre_req_pre"": ""0"", ""buy_10th_pre_bid"": ""+666000"", ""buy_10th_pre_req"": ""10"", ""buy_10th_pre_req_pre"": ""0"", ""tot_sel_req_jub_pre"": ""0"", ""tot_sel_req"": ""246"", ""tot_buy_req"": ""1722"", ""tot_buy_req_jub_pre"": ""--4"", ""ovt_sel_req_pre"": ""0"", ""ovt_sel_req"": ""0"", ""ovt_buy_req"": ""0"", ""ovt_buy_req_pre"": ""0"", ""return_code"": 0, ""return_msg"": ""정상적으로 처리되었습니다""}"
2026-06-10,scan_candidate,036570,,0,main_scan,257000,,257000,256500,257000,258000,0.19455252918287938,0.19455252918287938,,,,,,"{""bid_req_base_tm"": ""112448"", ""sel_10th_pre_req_pre"": ""0"", ""sel_10th_pre_req"": ""423"", ""sel_10th_pre_bid"": ""-261500"", ""sel_9th_pre_req_pre"": ""0"", ""sel_9th_pre_req"": ""72"", ""sel_9th_pre_bid"": ""-261000"", ""sel_8th_pre_req_pre"": ""0"", ""sel_8th_pre_req"": ""15"", ""sel_8th_pre_bid"": ""-260500"", ""sel_7th_pre_req_pre"": ""0"", ""sel_7th_pre_req"": ""120"", ""sel_7th_pre_bid"": ""-260000"", ""sel_6th_pre_req_pre"": ""0"", ""sel_6th_pre_req"": ""61"", ""sel_6th_pre_bid"": ""-259500"", ""sel_5th_pre_req_pre"": ""0"", ""sel_5th_pre_req"": ""42"", ""sel_5th_pre_bid"": ""-259000"", ""sel_4th_pre_req_pre"": ""0"", ""sel_4th_pre_req"": ""13"", ""sel_4th_pre_bid"": ""-258500"", ""sel_3th_pre_req_pre"": ""0"", ""sel_3th_pre_req"": ""27"", ""sel_3th_pre_bid"": ""-258000"", ""sel_2th_pre_req_pre"": ""0"", ""sel_2th_pre_req"": ""233"", ""sel_2th_pre_bid"": ""-257500"", ""sel_1th_pre_req_pre"": ""0"", ""sel_fpr_req"": ""170"", ""sel_fpr_bid"": ""-257000"", ""buy_fpr_bid"": ""-256500"", ""buy_fpr_req"": ""207"", ""buy_1th_pre_req_pre"": ""--1"", ""buy_2th_pre_bid"": ""-256000"", ""buy_2th_pre_req"": ""263"", ""buy_2th_pre_req_pre"": ""0"", ""buy_3th_pre_bid"": ""-255500"", ""buy_3th_pre_req"": ""151"", ""buy_3th_pre_req_pre"": ""0"", ""buy_4th_pre_bid"": ""-255000"", ""buy_4th_pre_req"": ""328"", ""buy_4th_pre_req_pre"": ""0"", ""buy_5th_pre_bid"": ""-254500"", ""buy_5th_pre_req"": ""353"", ""buy_5th_pre_req_pre"": ""0"", ""buy_6th_pre_bid"": ""-254000"", ""buy_6th_pre_req"": ""361"", ""buy_6th_pre_req_pre"": ""0"", ""buy_7th_pre_bid"": ""-253500"", ""buy_7th_pre_req"": ""427"", ""buy_7th_pre_req_pre"": ""0"", ""buy_8th_pre_bid"": ""-253000"", ""buy_8th_pre_req"": ""733"", ""buy_8th_pre_req_pre"": ""0"", ""buy_9th_pre_bid"": ""-252500"", ""buy_9th_pre_req"": ""209"", ""buy_9th_pre_req_pre"": ""0"", ""buy_10th_pre_bid"": ""-252000"", ""buy_10th_pre_req"": ""91"", ""buy_10th_pre_req_pre"": ""0"", ""tot_sel_req_jub_pre"": ""0"", ""tot_sel_req"": ""1176"", ""tot_buy_req"": ""3123"", ""tot_buy_req_jub_pre"": ""--1"", ""ovt_sel_req_pre"": ""0"", ""ovt_sel_req"": ""0"", ""ovt_buy_req"": ""0"", ""ovt_buy_req_pre"": ""0"", ""return_code"": 0, ""return_msg"": ""정상적으로 처리되었습니다""}"
2026-06-10,scan_candidate,271560,,0,main_scan,132600,,132600,132500,132600,132500,-0.4524886877828055,0.07541478129713425,,,,,,"{""bid_req_base_tm"": ""112446"", ""sel_10th_pre_req_pre"": ""0"", ""sel_10th_pre_req"": ""6"", ""sel_10th_pre_bid"": ""+133600"", ""sel_9th_pre_req_pre"": ""0"", ""sel_9th_pre_req"": ""4"", ""sel_9th_pre_bid"": ""+133500"", ""sel_8th_pre_req_pre"": ""0"", ""sel_8th_pre_req"": ""3"", ""sel_8th_pre_bid"": ""+133300"", ""sel_7th_pre_req_pre"": ""0"", ""sel_7th_pre_req"": ""28"", ""sel_7th_pre_bid"": ""+133200"", ""sel_6th_pre_req_pre"": ""0"", ""sel_6th_pre_req"": ""44"", ""sel_6th_pre_bid"": ""+133100"", ""sel_5th_pre_req_pre"": ""0"", ""sel_5th_pre_req"": ""11"", ""sel_5th_pre_bid"": ""+133000"", ""sel_4th_pre_req_pre"": ""0"", ""sel_4th_pre_req"": ""83"", ""sel_4th_pre_bid"": ""132900"", ""sel_3th_pre_req_pre"": ""0"", ""sel_3th_pre_req"": ""74"", ""sel_3th_pre_bid"": ""-132800"", ""sel_2th_pre_req_pre"": ""0"", ""sel_2th_pre_req"": ""104"", ""sel_2th_pre_bid"": ""-132700"", ""sel_1th_pre_req_pre"": ""0"", ""sel_fpr_req"": ""437"", ""sel_fpr_bid"": ""-132600"", ""buy_fpr_bid"": ""-132500"", ""buy_fpr_req"": ""103"", ""buy_1th_pre_req_pre"": ""+23"", ""buy_2th_pre_bid"": ""-132400"", ""buy_2th_pre_req"": ""148"", ""buy_2th_pre_req_pre"": ""0"", ""buy_3th_pre_bid"": ""-132300"", ""buy_3th_pre_req"": ""61"", ""buy_3th_pre_req_pre"": ""0"", ""buy_4th_pre_bid"": ""-132200"", ""buy_4th_pre_req"": ""29"", ""buy_4th_pre_req_pre"": ""0"", ""buy_5th_pre_bid"": ""-132100"", ""buy_5th_pre_req"": ""1"", ""buy_5th_pre_req_pre"": ""0"", ""buy_6th_pre_bid"": ""-132000"", ""buy_6th_pre_req"": ""27"", ""buy_6th_pre_req_pre"": ""0"", ""buy_7th_pre_bid"": ""-131900"", ""buy_7th_pre_req"": ""1"", ""buy_7th_pre_req_pre"": ""0"", ""buy_8th_pre_bid"": ""-131800"", ""buy_8th_pre_req"": ""2"", ""buy_8th_pre_req_pre"": ""0"", ""buy_9th_pre_bid"": ""-131600"", ""buy_9th_pre_req"": ""2"", ""buy_9th_pre_req_pre"": ""0"", ""buy_10th_pre_bid"": ""-131500"", ""buy_10th_pre_req"": ""480"", ""buy_10th_pre_req_pre"": ""0"", ""tot_sel_req_jub_pre"": ""0"", ""tot_sel_req"": ""794"", ""tot_buy_req"": ""854"", ""tot_buy_req_jub_pre"": ""+23"", ""ovt_sel_req_pre"": ""0"", ""ovt_sel_req"": ""0"", ""ovt_buy_req"": ""0"", ""ovt_buy_req_pre"": ""0"", ""return_code"": 0, ""return_msg"": ""정상적으로 처리되었습니다""}"
2026-06-10,scan_candidate,023530,,0,main_scan,193200,,193200,192600,193200,192500,-0.6211180124223602,0.3105590062111801,,,,,,"{""bid_req_base_tm"": ""112448"", ""sel_10th_pre_req_pre"": ""0"", ""sel_10th_pre_req"": ""10"", ""sel_10th_pre_bid"": ""+194300"", ""sel_9th_pre_req_pre"": ""--1"", ""sel_9th_pre_req"": ""12"", ""sel_9th_pre_bid"": ""+194200"", ""sel_8th_pre_req_pre"": ""0"", ""sel_8th_pre_req"": ""10"", ""sel_8th_pre_bid"": ""+194100"", ""sel_7th_pre_req_pre"": ""0"", ""sel_7th_pre_req"": ""900"", ""sel_7th_pre_bid"": ""+194000"", ""sel_6th_pre_req_pre"": ""0"", ""sel_6th_pre_req"": ""5"", ""sel_6th_pre_bid"": ""+193900"", ""sel_5th_pre_req_pre"": ""0"", ""sel_5th_pre_req"": ""1"", ""sel_5th_pre_bid"": ""+193800"", ""sel_4th_pre_req_pre"": ""0"", ""sel_4th_pre_req"": ""1"", ""sel_4th_pre_bid"": ""+193700"", ""sel_3th_pre_req_pre"": ""0"", ""sel_3th_pre_req"": ""2"", ""sel_3th_pre_bid"": ""+193600"", ""sel_2th_pre_req_pre"": ""0"", ""sel_2th_pre_req"": ""49"", ""sel_2th_pre_bid"": ""+193500"", ""sel_1th_pre_req_pre"": ""0"", ""sel_fpr_req"": ""30"", ""sel_fpr_bid"": ""+193200"", ""buy_fpr_bid"": ""+192600"", ""buy_fpr_req"": ""17"", ""buy_1th_pre_req_pre"": ""0"", ""buy_2th_pre_bid"": ""+192400"", ""buy_2th_pre_req"": ""18"", ""buy_2th_pre_req_pre"": ""0"", ""buy_3th_pre_bid"": ""+192300"", ""buy_3th_pre_req"": ""7"", ""buy_3th_pre_req_pre"": ""0"", ""buy_4th_pre_bid"": ""+192200"", ""buy_4th_pre_req"": ""48"", ""buy_4th_pre_req_pre"": ""0"", ""buy_5th_pre_bid"": ""+192100"", ""buy_5th_pre_req"": ""8"", ""buy_5th_pre_req_pre"": ""0"", ""buy_6th_pre_bid"": ""+191600"", ""buy_6th_pre_req"": ""15"", ""buy_6th_pre_req_pre"": ""0"", ""buy_7th_pre_bid"": ""+191500"", ""buy_7th_pre_req"": ""4"", ""buy_7th_pre_req_pre"": ""0"", ""buy_8th_pre_bid"": ""+191400"", ""buy_8th_pre_req"": ""5"", ""buy_8th_pre_req_pre"": ""0"", ""buy_9th_pre_bid"": ""+191200"", ""buy_9th_pre_req"": ""10"", ""buy_9th_pre_req_pre"": ""0"", ""buy_10th_pre_bid"": ""+191100"", ""buy_10th_pre_req"": ""25"", ""buy_10th_pre_req_pre"": ""0"", ""tot_sel_req_jub_pre"": ""--1"", ""tot_sel_req"": ""1020"", ""tot_buy_req"": ""157"", ""tot_buy_req_jub_pre"": ""0"", ""ovt_sel_req_pre"": ""0"", ""ovt_sel_req"": ""0"", ""ovt_buy_req"": ""0"", ""ovt_buy_req_pre"": ""0"", ""return_code"": 0, ""return_msg"": ""정상적으로 처리되었습니다""}"
2026-06-10,scan_candidate,175330,,0,main_scan,25450,,25450,25400,25450,25400,-0.3929273084479371,0.19646365422396855,,,,,,"{""bid_req_base_tm"": ""112449"", ""sel_10th_pre_req_pre"": ""0"", ""sel_10th_pre_req"": ""562"", ""sel_10th_pre_bid"": ""25900"", ""sel_9th_pre_req_pre"": ""0"", ""sel_9th_pre_req"": ""469"", ""sel_9th_pre_bid"": ""-25850"", ""sel_8th_pre_req_pre"": ""0"", ""sel_8th_pre_req"": ""562"", ""sel_8th_pre_bid"": ""-25800"", ""sel_7th_pre_req_pre"": ""0"", ""sel_7th_pre_req"": ""100"", ""sel_7th_pre_bid"": ""-25750"", ""sel_6th_pre_req_pre"": ""--20"", ""sel_6th_pre_req"": ""84"", ""sel_6th_pre_bid"": ""-25700"", ""sel_5th_pre_req_pre"": ""0"", ""sel_5th_pre_req"": ""176"", ""sel_5th_pre_bid"": ""-25650"", ""sel_4th_pre_req_pre"": ""+20"", ""sel_4th_pre_req"": ""536"", ""sel_4th_pre_bid"": ""-25600"", ""sel_3th_pre_req_pre"": ""0"", ""sel_3th_pre_req"": ""1651"", ""sel_3th_pre_bid"": ""-25550"", ""sel_2th_pre_req_pre"": ""0"", ""sel_2th_pre_req"": ""491"", ""sel_2th_pre_bid"": ""-25500"", ""sel_1th_pre_req_pre"": ""0"", ""sel_fpr_req"": ""835"", ""sel_fpr_bid"": ""-25450"", ""buy_fpr_bid"": ""-25400"", ""buy_fpr_req"": ""947"", ""buy_1th_pre_req_pre"": ""0"", ""buy_2th_pre_bid"": ""-25350"", ""buy_2th_pre_req"": ""395"", ""buy_2th_pre_req_pre"": ""0"", ""buy_3th_pre_bid"": ""-25300"", ""buy_3th_pre_req"": ""369"", ""buy_3th_pre_req_pre"": ""0"", ""buy_4th_pre_bid"": ""-25250"", ""buy_4th_pre_req"": ""489"", ""buy_4th_pre_req_pre"": ""+4"", ""buy_5th_pre_bid"": ""-25200"", ""buy_5th_pre_req"": ""268"", ""buy_5th_pre_req_pre"": ""0"", ""buy_6th_pre_bid"": ""-25150"", ""buy_6th_pre_req"": ""838"", ""buy_6th_pre_req_pre"": ""0"", ""buy_7th_pre_bid"": ""-25100"", ""buy_7th_pre_req"": ""490"", ""buy_7th_pre_req_pre"": ""0"", ""buy_8th_pre_bid"": ""-25050"", ""buy_8th_pre_req"": ""597"", ""buy_8th_pre_req_pre"": ""0"", ""buy_9th_pre_bid"": ""-25000"", ""buy_9th_pre_req"": ""706"", ""buy_9th_pre_req_pre"": ""0"", ""buy_10th_pre_bid"": ""-24950"", ""buy_10th_pre_req"": ""238"", ""buy_10th_pre_req_pre"": ""0"", ""tot_sel_req_jub_pre"": ""0"", ""tot_sel_req"": ""5466"", ""tot_buy_req"": ""5337"", ""tot_buy_req_jub_pre"": ""+4"", ""ovt_sel_req_pre"": ""0"", ""ovt_sel_req"": ""0"", ""ovt_buy_req"": ""0"", ""ovt_buy_req_pre"": ""0"", ""return_code"": 0, ""return_msg"": ""정상적으로 처리되었습니다""}"
2026-06-10,scan_candidate,088350,,0,main_scan,4830,,4830,4825,4830,4850,0.3105590062111801,0.10351966873706005,,,,,,"{""bid_req_base_tm"": ""112450"", ""sel_10th_pre_req_pre"": ""0"", ""sel_10th_pre_req"": ""2347"", ""sel_10th_pre_bid"": ""-4885"", ""sel_9th_pre_req_pre"": ""0"", ""sel_9th_pre_req"": ""503"", ""sel_9th_pre_bid"": ""-4880"", ""sel_8th_pre_req_pre"": ""0"", ""sel_8th_pre_req"": ""574"", ""sel_8th_pre_bid"": ""-4875"", ""sel_7th_pre_req_pre"": ""0"", ""sel_7th_pre_req"": ""114"", ""sel_7th_pre_bid"": ""-4870"", ""sel_6th_pre_req_pre"": ""0"", ""sel_6th_pre_req"": ""2068"", ""sel_6th_pre_bid"": ""-4865"", ""sel_5th_pre_req_pre"": ""0"", ""sel_5th_pre_req"": ""1757"", ""sel_5th_pre_bid"": ""-4860"", ""sel_4th_pre_req_pre"": ""0"", ""sel_4th_pre_req"": ""1532"", ""sel_4th_pre_bid"": ""-4855"", ""sel_3th_pre_req_pre"": ""0"", ""sel_3th_pre_req"": ""441"", ""sel_3th_pre_bid"": ""-4850"", ""sel_2th_pre_req_pre"": ""0"", ""sel_2th_pre_req"": ""2757"", ""sel_2th_pre_bid"": ""-4835"", ""sel_1th_pre_req_pre"": ""0"", ""sel_fpr_req"": ""4487"", ""sel_fpr_bid"": ""-4830"", ""buy_fpr_bid"": ""-4825"", ""buy_fpr_req"": ""2682"", ""buy_1th_pre_req_pre"": ""+1"", ""buy_2th_pre_bid"": ""-4820"", ""buy_2th_pre_req"": ""3611"", ""buy_2th_pre_req_pre"": ""0"", ""buy_3th_pre_bid"": ""-4815"", ""buy_3th_pre_req"": ""27066"", ""buy_3th_pre_req_pre"": ""0"", ""buy_4th_pre_bid"": ""-4810"", ""buy_4th_pre_req"": ""7384"", ""buy_4th_pre_req_pre"": ""0"", ""buy_5th_pre_bid"": ""-4805"", ""buy_5th_pre_req"": ""10830"", ""buy_5th_pre_req_pre"": ""0"", ""buy_6th_pre_bid"": ""-4800"", ""buy_6th_pre_req"": ""18102"", ""buy_6th_pre_req_pre"": ""0"", ""buy_7th_pre_bid"": ""-4795"", ""buy_7th_pre_req"": ""11130"", ""buy_7th_pre_req_pre"": ""0"", ""buy_8th_pre_bid"": ""-4790"", ""buy_8th_pre_req"": ""13577"", ""buy_8th_pre_req_pre"": ""0"", ""buy_9th_pre_bid"": ""-4785"", ""buy_9th_pre_req"": ""9239"", ""buy_9th_pre_req_pre"": ""0"", ""buy_10th_pre_bid"": ""-4780"", ""buy_10th_pre_req"": ""11190"", ""buy_10th_pre_req_pre"": ""0"", ""tot_sel_req_jub_pre"": ""0"", ""tot_sel_req"": ""16580"", ""tot_buy_req"": ""114811"", ""tot_buy_req_jub_pre"": ""+1"", ""ovt_sel_req_pre"": ""0"", ""ovt_sel_req"": ""0"", ""ovt_buy_req"": ""0"", ""ovt_buy_req_pre"": ""0"", ""return_code"": 0, ""return_msg"": ""정상적으로 처리되었습니다""}"
2026-06-10,scan_candidate,069960,,0,main_scan,174900,,174900,174800,174900,173500,-1.0863350485991996,0.05717552887364208,,,,,,"{""bid_req_base_tm"": ""112449"", ""sel_10th_pre_req_pre"": ""0"", ""sel_10th_pre_req"": ""103"", ""sel_10th_pre_bid"": ""+175800"", ""sel_9th_pre_req_pre"": ""0"", ""sel_9th_pre_req"": ""20"", ""sel_9th_pre_bid"": ""+175700"", ""sel_8th_pre_req_pre"": ""0"", ""sel_8th_pre_req"": ""5"", ""sel_8th_pre_bid"": ""+175600"", ""sel_7th_pre_req_pre"": ""0"", ""sel_7th_pre_req"": ""26"", ""sel_7th_pre_bid"": ""+175500"", ""sel_6th_pre_req_pre"": ""0"", ""sel_6th_pre_req"": ""31"", ""sel_6th_pre_bid"": ""+175400"", ""sel_5th_pre_req_pre"": ""0"", ""sel_5th_pre_req"": ""76"", ""sel_5th_pre_bid"": ""+175300"", ""sel_4th_pre_req_pre"": ""0"", ""sel_4th_pre_req"": ""38"", ""sel_4th_pre_bid"": ""+175200"", ""sel_3th_pre_req_pre"": ""0"", ""sel_3th_pre_req"": ""62"", ""sel_3th_pre_bid"": ""+175100"", ""sel_2th_pre_req_pre"": ""0"", ""sel_2th_pre_req"": ""76"", ""sel_2th_pre_bid"": ""+175000"", ""sel_1th_pre_req_pre"": ""0"", ""sel_fpr_req"": ""26"", ""sel_fpr_bid"": ""+174900"", ""buy_fpr_bid"": ""+174800"", ""buy_fpr_req"": ""30"", ""buy_1th_pre_req_pre"": ""--1"", ""buy_2th_pre_bid"": ""+174700"", ""buy_2th_pre_req"": ""30"", ""buy_2th_pre_req_pre"": ""0"", ""buy_3th_pre_bid"": ""+174500"", ""buy_3th_pre_req"": ""30"", ""buy_3th_pre_req_pre"": ""0"", ""buy_4th_pre_bid"": ""+174100"", ""buy_4th_pre_req"": ""6"", ""buy_4th_pre_req_pre"": ""0"", ""buy_5th_pre_bid"": ""+174000"", ""buy_5th_pre_req"": ""1"", ""buy_5th_pre_req_pre"": ""0"", ""buy_6th_pre_bid"": ""+173900"", ""buy_6th_pre_req"": ""2"", ""buy_6th_pre_req_pre"": ""0"", ""buy_7th_pre_bid"": ""+173500"", ""buy_7th_pre_req"": ""1"", ""buy_7th_pre_req_pre"": ""0"", ""buy_8th_pre_bid"": ""+173300"", ""buy_8th_pre_req"": ""14"", ""buy_8th_pre_req_pre"": ""0"", ""buy_9th_pre_bid"": ""+173100"", ""buy_9th_pre_req"": ""34"", ""buy_9th_pre_req_pre"": ""0"", ""buy_10th_pre_bid"": ""+172700"", ""buy_10th_pre_req"": ""2"", ""buy_10th_pre_req_pre"": ""0"", ""tot_sel_req_jub_pre"": ""0"", ""tot_sel_req"": ""463"", ""tot_buy_req"": ""150"", ""tot_buy_req_jub_pre"": ""--1"", ""ovt_sel_req_pre"": ""0"", ""ovt_sel_req"": ""0"", ""ovt_buy_req"": ""0"", ""ovt_buy_req_pre"": ""0"", ""return_code"": 0, ""return_msg"": ""정상적으로 처리되었습니다""}"
2026-06-10,scan_candidate,111770,,0,main_scan,78900,,78900,78700,78900,78800,-0.25348542458808615,0.25348542458808615,,,,,,"{""bid_req_base_tm"": ""112449"", ""sel_10th_pre_req_pre"": ""0"", ""sel_10th_pre_req"": ""98"", ""sel_10th_pre_bid"": ""+80000"", ""sel_9th_pre_req_pre"": ""0"", ""sel_9th_pre_req"": ""31"", ""sel_9th_pre_bid"": ""+79900"", ""sel_8th_pre_req_pre"": ""0"", ""sel_8th_pre_req"": ""13"", ""sel_8th_pre_bid"": ""+79800"", ""sel_7th_pre_req_pre"": ""0"", ""sel_7th_pre_req"": ""11"", ""sel_7th_pre_bid"": ""+79700"", ""sel_6th_pre_req_pre"": ""0"", ""sel_6th_pre_req"": ""15"", ""sel_6th_pre_bid"": ""+79600"", ""sel_5th_pre_req_pre"": ""0"", ""sel_5th_pre_req"": ""20"", ""sel_5th_pre_bid"": ""+79400"", ""sel_4th_pre_req_pre"": ""0"", ""sel_4th_pre_req"": ""7"", ""sel_4th_pre_bid"": ""+79200"", ""sel_3th_pre_req_pre"": ""0"", ""sel_3th_pre_req"": ""8"", ""sel_3th_pre_bid"": ""+79100"", ""sel_2th_pre_req_pre"": ""0"", ""sel_2th_pre_req"": ""5"", ""sel_2th_pre_bid"": ""+79000"", ""sel_1th_pre_req_pre"": ""--9"", ""sel_fpr_req"": ""64"", ""sel_fpr_bid"": ""+78900"", ""buy_fpr_bid"": ""+78700"", ""buy_fpr_req"": ""112"", ""buy_1th_pre_req_pre"": ""0"", ""buy_2th_pre_bid"": ""+78500"", ""buy_2th_pre_req"": ""6"", ""buy_2th_pre_req_pre"": ""0"", ""buy_3th_pre_bid"": ""+78400"", ""buy_3th_pre_req"": ""5"", ""buy_3th_pre_req_pre"": ""0"", ""buy_4th_pre_bid"": ""+78300"", ""buy_4th_pre_req"": ""20"", ""buy_4th_pre_req_pre"": ""0"", ""buy_5th_pre_bid"": ""+78200"", ""buy_5th_pre_req"": ""1"", ""buy_5th_pre_req_pre"": ""0"", ""buy_6th_pre_bid"": ""78000"", ""buy_6th_pre_req"": ""70"", ""buy_6th_pre_req_pre"": ""0"", ""buy_7th_pre_bid"": ""-77900"", ""buy_7th_pre_req"": ""45"", ""buy_7th_pre_req_pre"": ""0"", ""buy_8th_pre_bid"": ""-77800"", ""buy_8th_pre_req"": ""7"", ""buy_8th_pre_req_pre"": ""0"", ""buy_9th_pre_bid"": ""-77700"", ""buy_9th_pre_req"": ""19"", ""buy_9th_pre_req_pre"": ""0"", ""buy_10th_pre_bid"": ""-77500"", ""buy_10th_pre_req"": ""1"", ""buy_10th_pre_req_pre"": ""0"", ""tot_sel_req_jub_pre"": ""--9"", ""tot_sel_req"": ""272"", ""tot_buy_req"": ""286"", ""tot_buy_req_jub_pre"": ""0"", ""ovt_sel_req_pre"": ""0"", ""ovt_sel_req"": ""0"", ""ovt_buy_req"": ""0"", ""ovt_buy_req_pre"": ""0"", ""return_code"": 0, ""return_msg"": ""정상적으로 처리되었습니다""}"
2026-06-10,scan_candidate,085620,,0,main_scan,22750,,22750,22700,22750,22550,-1.098901098901099,0.21978021978021978,,,,,,"{""bid_req_base_tm"": ""112450"", ""sel_10th_pre_req_pre"": ""0"", ""sel_10th_pre_req"": ""514"", ""sel_10th_pre_bid"": ""-23200"", ""sel_9th_pre_req_pre"": ""0"", ""sel_9th_pre_req"": ""173"", ""sel_9th_pre_bid"": ""-23150"", ""sel_8th_pre_req_pre"": ""0"", ""sel_8th_pre_req"": ""495"", ""sel_8th_pre_bid"": ""-23100"", ""sel_7th_pre_req_pre"": ""0"", ""sel_7th_pre_req"": ""250"", ""sel_7th_pre_bid"": ""-23050"", ""sel_6th_pre_req_pre"": ""0"", ""sel_6th_pre_req"": ""4796"", ""sel_6th_pre_bid"": ""-23000"", ""sel_5th_pre_req_pre"": ""0"", ""sel_5th_pre_req"": ""2540"", ""sel_5th_pre_bid"": ""-22950"", ""sel_4th_pre_req_pre"": ""0"", ""sel_4th_pre_req"": ""4374"", ""sel_4th_pre_bid"": ""-22900"", ""sel_3th_pre_req_pre"": ""0"", ""sel_3th_pre_req"": ""1945"", ""sel_3th_pre_bid"": ""-22850"", ""sel_2th_pre_req_pre"": ""0"", ""sel_2th_pre_req"": ""2069"", ""sel_2th_pre_bid"": ""-22800"", ""sel_1th_pre_req_pre"": ""0"", ""sel_fpr_req"": ""1047"", ""sel_fpr_bid"": ""-22750"", ""buy_fpr_bid"": ""-22700"", ""buy_fpr_req"": ""44"", ""buy_1th_pre_req_pre"": ""0"", ""buy_2th_pre_bid"": ""-22650"", ""buy_2th_pre_req"": ""302"", ""buy_2th_pre_req_pre"": ""0"", ""buy_3th_pre_bid"": ""-22600"", ""buy_3th_pre_req"": ""275"", ""buy_3th_pre_req_pre"": ""0"", ""buy_4th_pre_bid"": ""-22550"", ""buy_4th_pre_req"": ""240"", ""buy_4th_pre_req_pre"": ""0"", ""buy_5th_pre_bid"": ""-22500"", ""buy_5th_pre_req"": ""778"", ""buy_5th_pre_req_pre"": ""0"", ""buy_6th_pre_bid"": ""-22450"", ""buy_6th_pre_req"": ""519"", ""buy_6th_pre_req_pre"": ""0"", ""buy_7th_pre_bid"": ""-22400"", ""buy_7th_pre_req"": ""400"", ""buy_7th_pre_req_pre"": ""0"", ""buy_8th_pre_bid"": ""-22350"", ""buy_8th_pre_req"": ""708"", ""buy_8th_pre_req_pre"": ""0"", ""buy_9th_pre_bid"": ""-22300"", ""buy_9th_pre_req"": ""1009"", ""buy_9th_pre_req_pre"": ""0"", ""buy_10th_pre_bid"": ""-22250"", ""buy_10th_pre_req"": ""883"", ""buy_10th_pre_req_pre"": ""0"", ""tot_sel_req_jub_pre"": ""0"", ""tot_sel_req"": ""18203"", ""tot_buy_req"": ""5158"", ""tot_buy_req_jub_pre"": ""0"", ""ovt_sel_req_pre"": ""0"", ""ovt_sel_req"": ""0"", ""ovt_buy_req"": ""0"", ""ovt_buy_req_pre"": ""0"", ""return_code"": 0, ""return_msg"": ""정상적으로 처리되었습니다""}"
2026-06-10,scan_candidate,035250,,0,main_scan,15070,,15070,15060,15070,15050,-0.46449900464499,0.06635700066357,,,,,,"{""bid_req_base_tm"": ""112450"", ""sel_10th_pre_req_pre"": ""0"", ""sel_10th_pre_req"": ""120"", ""sel_10th_pre_bid"": ""+15160"", ""sel_9th_pre_req_pre"": ""0"", ""sel_9th_pre_req"": ""24003"", ""sel_9th_pre_bid"": ""+15150"", ""sel_8th_pre_req_pre"": ""0"", ""sel_8th_pre_req"": ""808"", ""sel_8th_pre_bid"": ""+15140"", ""sel_7th_pre_req_pre"": ""0"", ""sel_7th_pre_req"": ""598"", ""sel_7th_pre_bid"": ""+15130"", ""sel_6th_pre_req_pre"": ""0"", ""sel_6th_pre_req"": ""507"", ""sel_6th_pre_bid"": ""+15120"", ""sel_5th_pre_req_pre"": ""0"", ""sel_5th_pre_req"": ""154"", ""sel_5th_pre_bid"": ""+15110"", ""sel_4th_pre_req_pre"": ""0"", ""sel_4th_pre_req"": ""1091"", ""sel_4th_pre_bid"": ""+15100"", ""sel_3th_pre_req_pre"": ""--6"", ""sel_3th_pre_req"": ""897"", ""sel_3th_pre_bid"": ""+15090"", ""sel_2th_pre_req_pre"": ""+4"", ""sel_2th_pre_req"": ""625"", ""sel_2th_pre_bid"": ""+15080"", ""sel_1th_pre_req_pre"": ""0"", ""sel_fpr_req"": ""525"", ""sel_fpr_bid"": ""+15070"", ""buy_fpr_bid"": ""+15060"", ""buy_fpr_req"": ""1452"", ""buy_1th_pre_req_pre"": ""0"", ""buy_2th_pre_bid"": ""+15050"", ""buy_2th_pre_req"": ""1590"", ""buy_2th_pre_req_pre"": ""0"", ""buy_3th_pre_bid"": ""+15040"", ""buy_3th_pre_req"": ""751"", ""buy_3th_pre_req_pre"": ""0"", ""buy_4th_pre_bid"": ""+15030"", ""buy_4th_pre_req"": ""84"", ""buy_4th_pre_req_pre"": ""0"", ""buy_5th_pre_bid"": ""+15020"", ""buy_5th_pre_req"": ""237"", ""buy_5th_pre_req_pre"": ""0"", ""buy_6th_pre_bid"": ""+15010"", ""buy_6th_pre_req"": ""200"", ""buy_6th_pre_req_pre"": ""0"", ""buy_7th_pre_bid"": ""+15000"", ""buy_7th_pre_req"": ""330"", ""buy_7th_pre_req_pre"": ""0"", ""buy_8th_pre_bid"": ""+14990"", ""buy_8th_pre_req"": ""132"", ""buy_8th_pre_req_pre"": ""0"", ""buy_9th_pre_bid"": ""+14980"", ""buy_9th_pre_req"": ""117"", ""buy_9th_pre_req_pre"": ""0"", ""buy_10th_pre_bid"": ""+14970"", ""buy_10th_pre_req"": ""127"", ""buy_10th_pre_req_pre"": ""0"", ""tot_sel_req_jub_pre"": ""--2"", ""tot_sel_req"": ""29328"", ""tot_buy_req"": ""5020"", ""tot_buy_req_jub_pre"": ""0"", ""ovt_sel_req_pre"": ""0"", ""ovt_sel_req"": ""0"", ""ovt_buy_req"": ""0"", ""ovt_buy_req_pre"": ""0"", ""return_code"": 0, ""return_msg"": ""정상적으로 처리되었습니다""}"
2026-06-10,scan_candidate,001450,,0,main_scan,37500,,37500,37450,37500,37600,0.13333333333333333,0.13333333333333333,,,,,,"{""bid_req_base_tm"": ""112451"", ""sel_10th_pre_req_pre"": ""0"", ""sel_10th_pre_req"": ""38"", ""sel_10th_pre_bid"": ""+37950"", ""sel_9th_pre_req_pre"": ""0"", ""sel_9th_pre_req"": ""112"", ""sel_9th_pre_bid"": ""+37900"", ""sel_8th_pre_req_pre"": ""0"", ""sel_8th_pre_req"": ""449"", ""sel_8th_pre_bid"": ""+37850"", ""sel_7th_pre_req_pre"": ""0"", ""sel_7th_pre_req"": ""173"", ""sel_7th_pre_bid"": ""+37800"", ""sel_6th_pre_req_pre"": ""0"", ""sel_6th_pre_req"": ""103"", ""sel_6th_pre_bid"": ""+37750"", ""sel_5th_pre_req_pre"": ""0"", ""sel_5th_pre_req"": ""61"", ""sel_5th_pre_bid"": ""+37700"", ""sel_4th_pre_req_pre"": ""0"", ""sel_4th_pre_req"": ""11"", ""sel_4th_pre_bid"": ""+37650"", ""sel_3th_pre_req_pre"": ""0"", ""sel_3th_pre_req"": ""32"", ""sel_3th_pre_bid"": ""+37600"", ""sel_2th_pre_req_pre"": ""0"", ""sel_2th_pre_req"": ""3"", ""sel_2th_pre_bid"": ""+37550"", ""sel_1th_pre_req_pre"": ""0"", ""sel_fpr_req"": ""261"", ""sel_fpr_bid"": ""+37500"", ""buy_fpr_bid"": ""+37450"", ""buy_fpr_req"": ""674"", ""buy_1th_pre_req_pre"": ""0"", ""buy_2th_pre_bid"": ""+37400"", ""buy_2th_pre_req"": ""273"", ""buy_2th_pre_req_pre"": ""0"", ""buy_3th_pre_bid"": ""+37350"", ""buy_3th_pre_req"": ""184"", ""buy_3th_pre_req_pre"": ""0"", ""buy_4th_pre_bid"": ""+37300"", ""buy_4th_pre_req"": ""418"", ""buy_4th_pre_req_pre"": ""0"", ""buy_5th_pre_bid"": ""+37250"", ""buy_5th_pre_req"": ""209"", ""buy_5th_pre_req_pre"": ""0"", ""buy_6th_pre_bid"": ""+37200"", ""buy_6th_pre_req"": ""488"", ""buy_6th_pre_req_pre"": ""0"", ""buy_7th_pre_bid"": ""+37150"", ""buy_7th_pre_req"": ""73"", ""buy_7th_pre_req_pre"": ""+24"", ""buy_8th_pre_bid"": ""+37100"", ""buy_8th_pre_req"": ""686"", ""buy_8th_pre_req_pre"": ""0"", ""buy_9th_pre_bid"": ""+37050"", ""buy_9th_pre_req"": ""2825"", ""buy_9th_pre_req_pre"": ""0"", ""buy_10th_pre_bid"": ""+37000"", ""buy_10th_pre_req"": ""741"", ""buy_10th_pre_req_pre"": ""0"", ""tot_sel_req_jub_pre"": ""0"", ""tot_sel_req"": ""1243"", ""tot_buy_req"": ""6571"", ""tot_buy_req_jub_pre"": ""+24"", ""ovt_sel_req_pre"": ""0"", ""ovt_sel_req"": ""0"", ""ovt_buy_req"": ""0"", ""ovt_buy_req_pre"": ""0"", ""return_code"": 0, ""return_msg"": ""정상적으로 처리되었습니다""}"
2026-06-10,scan_candidate,036460,,0,main_scan,34550,,34550,34500,34550,34500,-0.2894356005788712,0.1447178002894356,,,,,,"{""bid_req_base_tm"": ""112447"", ""sel_10th_pre_req_pre"": ""0"", ""sel_10th_pre_req"": ""4276"", ""sel_10th_pre_bid"": ""+35000"", ""sel_9th_pre_req_pre"": ""0"", ""sel_9th_pre_req"": ""68"", ""sel_9th_pre_bid"": ""+34950"", ""sel_8th_pre_req_pre"": ""0"", ""sel_8th_pre_req"": ""619"", ""sel_8th_pre_bid"": ""+34900"", ""sel_7th_pre_req_pre"": ""0"", ""sel_7th_pre_req"": ""533"", ""sel_7th_pre_bid"": ""+34850"", ""sel_6th_pre_req_pre"": ""0"", ""sel_6th_pre_req"": ""110"", ""sel_6th_pre_bid"": ""+34800"", ""sel_5th_pre_req_pre"": ""0"", ""sel_5th_pre_req"": ""578"", ""sel_5th_pre_bid"": ""+34750"", ""sel_4th_pre_req_pre"": ""0"", ""sel_4th_pre_req"": ""679"", ""sel_4th_pre_bid"": ""+34700"", ""sel_3th_pre_req_pre"": ""0"", ""sel_3th_pre_req"": ""540"", ""sel_3th_pre_bid"": ""+34650"", ""sel_2th_pre_req_pre"": ""0"", ""sel_2th_pre_req"": ""997"", ""sel_2th_pre_bid"": ""+34600"", ""sel_1th_pre_req_pre"": ""0"", ""sel_fpr_req"": ""528"", ""sel_fpr_bid"": ""+34550"", ""buy_fpr_bid"": ""+34500"", ""buy_fpr_req"": ""776"", ""buy_1th_pre_req_pre"": ""+10"", ""buy_2th_pre_bid"": ""+34450"", ""buy_2th_pre_req"": ""503"", ""buy_2th_pre_req_pre"": ""0"", ""buy_3th_pre_bid"": ""+34400"", ""buy_3th_pre_req"": ""523"", ""buy_3th_pre_req_pre"": ""0"", ""buy_4th_pre_bid"": ""+34350"", ""buy_4th_pre_req"": ""229"", ""buy_4th_pre_req_pre"": ""0"", ""buy_5th_pre_bid"": ""+34300"", ""buy_5th_pre_req"": ""1882"", ""buy_5th_pre_req_pre"": ""0"", ""buy_6th_pre_bid"": ""+34250"", ""buy_6th_pre_req"": ""601"", ""buy_6th_pre_req_pre"": ""0"", ""buy_7th_pre_bid"": ""+34200"", ""buy_7th_pre_req"": ""761"", ""buy_7th_pre_req_pre"": ""0"", ""buy_8th_pre_bid"": ""+34150"", ""buy_8th_pre_req"": ""594"", ""buy_8th_pre_req_pre"": ""0"", ""buy_9th_pre_bid"": ""+34100"", ""buy_9th_pre_req"": ""700"", ""buy_9th_pre_req_pre"": ""0"", ""buy_10th_pre_bid"": ""+34050"", ""buy_10th_pre_req"": ""1168"", ""buy_10th_pre_req_pre"": ""0"", ""tot_sel_req_jub_pre"": ""0"", ""tot_sel_req"": ""8928"", ""tot_buy_req"": ""7737"", ""tot_buy_req_jub_pre"": ""+10"", ""ovt_sel_req_pre"": ""0"", ""ovt_sel_req"": ""0"", ""ovt_buy_req"": ""0"", ""ovt_buy_req_pre"": ""0"", ""return_code"": 0, ""return_msg"": ""정상적으로 처리되었습니다""}"
2026-06-10,scan_candidate,007810,,0,main_scan,118700,,118700,118500,118700,118500,-0.5897219882055602,0.16849199663016007,,,,,,"{""bid_req_base_tm"": ""112451"", ""sel_10th_pre_req_pre"": ""0"", ""sel_10th_pre_req"": ""2"", ""sel_10th_pre_bid"": ""+120600"", ""sel_9th_pre_req_pre"": ""0"", ""sel_9th_pre_req"": ""19"", ""sel_9th_pre_bid"": ""+120500"", ""sel_8th_pre_req_pre"": ""0"", ""sel_8th_pre_req"": ""434"", ""sel_8th_pre_bid"": ""120300"", ""sel_7th_pre_req_pre"": ""0"", ""sel_7th_pre_req"": ""112"", ""sel_7th_pre_bid"": ""-120200"", ""sel_6th_pre_req_pre"": ""0"", ""sel_6th_pre_req"": ""9"", ""sel_6th_pre_bid"": ""-120000"", ""sel_5th_pre_req_pre"": ""0"", ""sel_5th_pre_req"": ""120"", ""sel_5th_pre_bid"": ""-119500"", ""sel_4th_pre_req_pre"": ""0"", ""sel_4th_pre_req"": ""33"", ""sel_4th_pre_bid"": ""-119200"", ""sel_3th_pre_req_pre"": ""0"", ""sel_3th_pre_req"": ""8"", ""sel_3th_pre_bid"": ""-119100"", ""sel_2th_pre_req_pre"": ""0"", ""sel_2th_pre_req"": ""12"", ""sel_2th_pre_bid"": ""-119000"", ""sel_1th_pre_req_pre"": ""+1"", ""sel_fpr_req"": ""26"", ""sel_fpr_bid"": ""-118700"", ""buy_fpr_bid"": ""-118500"", ""buy_fpr_req"": ""64"", ""buy_1th_pre_req_pre"": ""0"", ""buy_2th_pre_bid"": ""-118400"", ""buy_2th_pre_req"": ""19"", ""buy_2th_pre_req_pre"": ""0"", ""buy_3th_pre_bid"": ""-118300"", ""buy_3th_pre_req"": ""35"", ""buy_3th_pre_req_pre"": ""0"", ""buy_4th_pre_bid"": ""-118200"", ""buy_4th_pre_req"": ""48"", ""buy_4th_pre_req_pre"": ""0"", ""buy_5th_pre_bid"": ""-118100"", ""buy_5th_pre_req"": ""90"", ""buy_5th_pre_req_pre"": ""0"", ""buy_6th_pre_bid"": ""-118000"", ""buy_6th_pre_req"": ""60"", ""buy_6th_pre_req_pre"": ""0"", ""buy_7th_pre_bid"": ""-117900"", ""buy_7th_pre_req"": ""19"", ""buy_7th_pre_req_pre"": ""0"", ""buy_8th_pre_bid"": ""-117800"", ""buy_8th_pre_req"": ""32"", ""buy_8th_pre_req_pre"": ""0"", ""buy_9th_pre_bid"": ""-117700"", ""buy_9th_pre_req"": ""222"", ""buy_9th_pre_req_pre"": ""0"", ""buy_10th_pre_bid"": ""-117600"", ""buy_10th_pre_req"": ""7"", ""buy_10th_pre_req_pre"": ""0"", ""tot_sel_req_jub_pre"": ""+1"", ""tot_sel_req"": ""775"", ""tot_buy_req"": ""596"", ""tot_buy_req_jub_pre"": ""0"", ""ovt_sel_req_pre"": ""0"", ""ovt_sel_req"": ""0"", ""ovt_buy_req"": ""0"", ""ovt_buy_req_pre"": ""0"", ""return_code"": 0, ""return_msg"": ""정상적으로 처리되었습니다""}"
2026-06-10,scan_candidate,001740,,0,main_scan,13940,,13940,13910,13940,13950,-0.2869440459110474,0.2152080344332855,,,,,,"{""bid_req_base_tm"": ""112452"", ""sel_10th_pre_req_pre"": ""0"", ""sel_10th_pre_req"": ""550"", ""sel_10th_pre_bid"": ""-14030"", ""sel_9th_pre_req_pre"": ""0"", ""sel_9th_pre_req"": ""1419"", ""sel_9th_pre_bid"": ""-14020"", ""sel_8th_pre_req_pre"": ""0"", ""sel_8th_pre_req"": ""568"", ""sel_8th_pre_bid"": ""-14010"", ""sel_7th_pre_req_pre"": ""0"", ""sel_7th_pre_req"": ""233"", ""sel_7th_pre_bid"": ""-14000"", ""sel_6th_pre_req_pre"": ""0"", ""sel_6th_pre_req"": ""1153"", ""sel_6th_pre_bid"": ""-13990"", ""sel_5th_pre_req_pre"": ""0"", ""sel_5th_pre_req"": ""622"", ""sel_5th_pre_bid"": ""-13980"", ""sel_4th_pre_req_pre"": ""0"", ""sel_4th_pre_req"": ""324"", ""sel_4th_pre_bid"": ""-13970"", ""sel_3th_pre_req_pre"": ""0"", ""sel_3th_pre_req"": ""760"", ""sel_3th_pre_bid"": ""-13960"", ""sel_2th_pre_req_pre"": ""0"", ""sel_2th_pre_req"": ""40"", ""sel_2th_pre_bid"": ""-13950"", ""sel_1th_pre_req_pre"": ""+249"", ""sel_fpr_req"": ""1106"", ""sel_fpr_bid"": ""-13940"", ""buy_fpr_bid"": ""-13910"", ""buy_fpr_req"": ""633"", ""buy_1th_pre_req_pre"": ""--158"", ""buy_2th_pre_bid"": ""-13900"", ""buy_2th_pre_req"": ""4104"", ""buy_2th_pre_req_pre"": ""0"", ""buy_3th_pre_bid"": ""-13890"", ""buy_3th_pre_req"": ""4625"", ""buy_3th_pre_req_pre"": ""+148"", ""buy_4th_pre_bid"": ""-13880"", ""buy_4th_pre_req"": ""11622"", ""buy_4th_pre_req_pre"": ""0"", ""buy_5th_pre_bid"": ""-13870"", ""buy_5th_pre_req"": ""6739"", ""buy_5th_pre_req_pre"": ""0"", ""buy_6th_pre_bid"": ""-13860"", ""buy_6th_pre_req"": ""8997"", ""buy_6th_pre_req_pre"": ""0"", ""buy_7th_pre_bid"": ""-13850"", ""buy_7th_pre_req"": ""11197"", ""buy_7th_pre_req_pre"": ""0"", ""buy_8th_pre_bid"": ""-13840"", ""buy_8th_pre_req"": ""2359"", ""buy_8th_pre_req_pre"": ""0"", ""buy_9th_pre_bid"": ""-13830"", ""buy_9th_pre_req"": ""1891"", ""buy_9th_pre_req_pre"": ""0"", ""buy_10th_pre_bid"": ""-13820"", ""buy_10th_pre_req"": ""4232"", ""buy_10th_pre_req_pre"": ""0"", ""tot_sel_req_jub_pre"": ""+249"", ""tot_sel_req"": ""6775"", ""tot_buy_req"": ""56399"", ""tot_buy_req_jub_pre"": ""+6035"", ""ovt_sel_req_pre"": ""0"", ""ovt_sel_req"": ""0"", ""ovt_buy_req"": ""0"", ""ovt_buy_req_pre"": ""0"", ""return_code"": 0, ""return_msg"": ""정상적으로 처리되었습니다""}"
2026-06-10,scan_candidate,383220,,0,main_scan,76100,,76100,75700,76100,75600,-0.7884362680683311,0.5256241787122208,,,,,,"{""bid_req_base_tm"": ""112452"", ""sel_10th_pre_req_pre"": ""0"", ""sel_10th_pre_req"": ""22"", ""sel_10th_pre_bid"": ""+77000"", ""sel_9th_pre_req_pre"": ""0"", ""sel_9th_pre_req"": ""106"", ""sel_9th_pre_bid"": ""+76900"", ""sel_8th_pre_req_pre"": ""0"", ""sel_8th_pre_req"": ""12"", ""sel_8th_pre_bid"": ""+76800"", ""sel_7th_pre_req_pre"": ""0"", ""sel_7th_pre_req"": ""9"", ""sel_7th_pre_bid"": ""+76700"", ""sel_6th_pre_req_pre"": ""0"", ""sel_6th_pre_req"": ""32"", ""sel_6th_pre_bid"": ""+76600"", ""sel_5th_pre_req_pre"": ""0"", ""sel_5th_pre_req"": ""56"", ""sel_5th_pre_bid"": ""+76500"", ""sel_4th_pre_req_pre"": ""0"", ""sel_4th_pre_req"": ""12"", ""sel_4th_pre_bid"": ""+76400"", ""sel_3th_pre_req_pre"": ""0"", ""sel_3th_pre_req"": ""17"", ""sel_3th_pre_bid"": ""+76300"", ""sel_2th_pre_req_pre"": ""0"", ""sel_2th_pre_req"": ""184"", ""sel_2th_pre_bid"": ""+76200"", ""sel_1th_pre_req_pre"": ""+1"", ""sel_fpr_req"": ""46"", ""sel_fpr_bid"": ""+76100"", ""buy_fpr_bid"": ""+75700"", ""buy_fpr_req"": ""22"", ""buy_1th_pre_req_pre"": ""0"", ""buy_2th_pre_bid"": ""+75600"", ""buy_2th_pre_req"": ""6"", ""buy_2th_pre_req_pre"": ""0"", ""buy_3th_pre_bid"": ""+75500"", ""buy_3th_pre_req"": ""72"", ""buy_3th_pre_req_pre"": ""0"", ""buy_4th_pre_bid"": ""+75400"", ""buy_4th_pre_req"": ""20"", ""buy_4th_pre_req_pre"": ""0"", ""buy_5th_pre_bid"": ""+75300"", ""buy_5th_pre_req"": ""15"", ""buy_5th_pre_req_pre"": ""0"", ""buy_6th_pre_bid"": ""+75200"", ""buy_6th_pre_req"": ""10"", ""buy_6th_pre_req_pre"": ""0"", ""buy_7th_pre_bid"": ""+75100"", ""buy_7th_pre_req"": ""1"", ""buy_7th_pre_req_pre"": ""0"", ""buy_8th_pre_bid"": ""+75000"", ""buy_8th_pre_req"": ""1"", ""buy_8th_pre_req_pre"": ""0"", ""buy_9th_pre_bid"": ""+74900"", ""buy_9th_pre_req"": ""9"", ""buy_9th_pre_req_pre"": ""0"", ""buy_10th_pre_bid"": ""+74700"", ""buy_10th_pre_req"": ""114"", ""buy_10th_pre_req_pre"": ""0"", ""tot_sel_req_jub_pre"": ""+1"", ""tot_sel_req"": ""496"", ""tot_buy_req"": ""270"", ""tot_buy_req_jub_pre"": ""0"", ""ovt_sel_req_pre"": ""0"", ""ovt_sel_req"": ""0"", ""ovt_buy_req"": ""0"", ""ovt_buy_req_pre"": ""0"", ""return_code"": 0, ""return_msg"": ""정상적으로 처리되었습니다""}"
2026-06-10,scan_candidate,014680,,0,main_scan,256500,,256500,256000,256500,257000,0.0,0.1949317738791423,,,,,,"{""bid_req_base_tm"": ""112452"", ""sel_10th_pre_req_pre"": ""0"", ""sel_10th_pre_req"": ""5"", ""sel_10th_pre_bid"": ""+261000"", ""sel_9th_pre_req_pre"": ""0"", ""sel_9th_pre_req"": ""12"", ""sel_9th_pre_bid"": ""+260500"", ""sel_8th_pre_req_pre"": ""0"", ""sel_8th_pre_req"": ""2"", ""sel_8th_pre_bid"": ""+260000"", ""sel_7th_pre_req_pre"": ""0"", ""sel_7th_pre_req"": ""12"", ""sel_7th_pre_bid"": ""+259500"", ""sel_6th_pre_req_pre"": ""0"", ""sel_6th_pre_req"": ""57"", ""sel_6th_pre_bid"": ""+259000"", ""sel_5th_pre_req_pre"": ""0"", ""sel_5th_pre_req"": ""2"", ""sel_5th_pre_bid"": ""+258500"", ""sel_4th_pre_req_pre"": ""0"", ""sel_4th_pre_req"": ""10"", ""sel_4th_pre_bid"": ""+258000"", ""sel_3th_pre_req_pre"": ""0"", ""sel_3th_pre_req"": ""20"", ""sel_3th_pre_bid"": ""+257500"", ""sel_2th_pre_req_pre"": ""0"", ""sel_2th_pre_req"": ""17"", ""sel_2th_pre_bid"": ""+257000"", ""sel_1th_pre_req_pre"": ""+2"", ""sel_fpr_req"": ""64"", ""sel_fpr_bid"": ""+256500"", ""buy_fpr_bid"": ""+256000"", ""buy_fpr_req"": ""28"", ""buy_1th_pre_req_pre"": ""0"", ""buy_2th_pre_bid"": ""+255500"", ""buy_2th_pre_req"": ""102"", ""buy_2th_pre_req_pre"": ""0"", ""buy_3th_pre_bid"": ""+255000"", ""buy_3th_pre_req"": ""3"", ""buy_3th_pre_req_pre"": ""0"", ""buy_4th_pre_bid"": ""+254500"", ""buy_4th_pre_req"": ""27"", ""buy_4th_pre_req_pre"": ""0"", ""buy_5th_pre_bid"": ""+254000"", ""buy_5th_pre_req"": ""33"", ""buy_5th_pre_req_pre"": ""0"", ""buy_6th_pre_bid"": ""+253500"", ""buy_6th_pre_req"": ""101"", ""buy_6th_pre_req_pre"": ""0"", ""buy_7th_pre_bid"": ""+253000"", ""buy_7th_pre_req"": ""115"", ""buy_7th_pre_req_pre"": ""0"", ""buy_8th_pre_bid"": ""+252500"", ""buy_8th_pre_req"": ""202"", ""buy_8th_pre_req_pre"": ""0"", ""buy_9th_pre_bid"": ""+252000"", ""buy_9th_pre_req"": ""1"", ""buy_9th_pre_req_pre"": ""0"", ""buy_10th_pre_bid"": ""+251500"", ""buy_10th_pre_req"": ""2"", ""buy_10th_pre_req_pre"": ""0"", ""tot_sel_req_jub_pre"": ""+2"", ""tot_sel_req"": ""201"", ""tot_buy_req"": ""614"", ""tot_buy_req_jub_pre"": ""0"", ""ovt_sel_req_pre"": ""0"", ""ovt_sel_req"": ""0"", ""ovt_buy_req"": ""0"", ""ovt_buy_req_pre"": ""0"", ""return_code"": 0, ""return_msg"": ""정상적으로 처리되었습니다""}"
2026-06-10,scan_candidate,028670,,0,main_scan,5030,,5030,5020,5030,5040,0.0,0.19880715705765406,,,,,,"{""bid_req_base_tm"": ""112450"", ""sel_10th_pre_req_pre"": ""0"", ""sel_10th_pre_req"": ""3049"", ""sel_10th_pre_bid"": ""-5120"", ""sel_9th_pre_req_pre"": ""0"", ""sel_9th_pre_req"": ""301"", ""sel_9th_pre_bid"": ""-5110"", ""sel_8th_pre_req_pre"": ""0"", ""sel_8th_pre_req"": ""2011"", ""sel_8th_pre_bid"": ""-5100"", ""sel_7th_pre_req_pre"": ""0"", ""sel_7th_pre_req"": ""1385"", ""sel_7th_pre_bid"": ""-5090"", ""sel_6th_pre_req_pre"": ""0"", ""sel_6th_pre_req"": ""1117"", ""sel_6th_pre_bid"": ""-5080"", ""sel_5th_pre_req_pre"": ""0"", ""sel_5th_pre_req"": ""401"", ""sel_5th_pre_bid"": ""-5070"", ""sel_4th_pre_req_pre"": ""0"", ""sel_4th_pre_req"": ""364"", ""sel_4th_pre_bid"": ""-5060"", ""sel_3th_pre_req_pre"": ""0"", ""sel_3th_pre_req"": ""233"", ""sel_3th_pre_bid"": ""-5050"", ""sel_2th_pre_req_pre"": ""0"", ""sel_2th_pre_req"": ""1770"", ""sel_2th_pre_bid"": ""-5040"", ""sel_1th_pre_req_pre"": ""+155"", ""sel_fpr_req"": ""2608"", ""sel_fpr_bid"": ""-5030"", ""buy_fpr_bid"": ""-5020"", ""buy_fpr_req"": ""654"", ""buy_1th_pre_req_pre"": ""0"", ""buy_2th_pre_bid"": ""-5010"", ""buy_2th_pre_req"": ""1562"", ""buy_2th_pre_req_pre"": ""0"", ""buy_3th_pre_bid"": ""-5000"", ""buy_3th_pre_req"": ""3040"", ""buy_3th_pre_req_pre"": ""0"", ""buy_4th_pre_bid"": ""-4995"", ""buy_4th_pre_req"": ""319"", ""buy_4th_pre_req_pre"": ""0"", ""buy_5th_pre_bid"": ""-4990"", ""buy_5th_pre_req"": ""125"", ""buy_5th_pre_req_pre"": ""0"", ""buy_6th_pre_bid"": ""-4985"", ""buy_6th_pre_req"": ""13"", ""buy_6th_pre_req_pre"": ""0"", ""buy_7th_pre_bid"": ""-4980"", ""buy_7th_pre_req"": ""1387"", ""buy_7th_pre_req_pre"": ""0"", ""buy_8th_pre_bid"": ""-4975"", ""buy_8th_pre_req"": ""1005"", ""buy_8th_pre_req_pre"": ""0"", ""buy_9th_pre_bid"": ""-4970"", ""buy_9th_pre_req"": ""2326"", ""buy_9th_pre_req_pre"": ""0"", ""buy_10th_pre_bid"": ""-4965"", ""buy_10th_pre_req"": ""448"", ""buy_10th_pre_req_pre"": ""0"", ""tot_sel_req_jub_pre"": ""+155"", ""tot_sel_req"": ""13239"", ""tot_buy_req"": ""10879"", ""tot_buy_req_jub_pre"": ""0"", ""ovt_sel_req_pre"": ""0"", ""ovt_sel_req"": ""0"", ""ovt_buy_req"": ""0"", ""ovt_buy_req_pre"": ""0"", ""return_code"": 0, ""return_msg"": ""정상적으로 처리되었습니다""}"
2026-06-10,scan_candidate,009420,,0,main_scan,49750,,49750,49700,49750,50100,0.5025125628140703,0.10050251256281408,,,,,,"{""bid_req_base_tm"": ""112452"", ""sel_10th_pre_req_pre"": ""0"", ""sel_10th_pre_req"": ""20"", ""sel_10th_pre_bid"": ""-50600"", ""sel_9th_pre_req_pre"": ""0"", ""sel_9th_pre_req"": ""58"", ""sel_9th_pre_bid"": ""-50500"", ""sel_8th_pre_req_pre"": ""0"", ""sel_8th_pre_req"": ""8"", ""sel_8th_pre_bid"": ""-50400"", ""sel_7th_pre_req_pre"": ""0"", ""sel_7th_pre_req"": ""2"", ""sel_7th_pre_bid"": ""-50300"", ""sel_6th_pre_req_pre"": ""0"", ""sel_6th_pre_req"": ""45"", ""sel_6th_pre_bid"": ""-50100"", ""sel_5th_pre_req_pre"": ""0"", ""sel_5th_pre_req"": ""30"", ""sel_5th_pre_bid"": ""-50000"", ""sel_4th_pre_req_pre"": ""0"", ""sel_4th_pre_req"": ""30"", ""sel_4th_pre_bid"": ""-49950"", ""sel_3th_pre_req_pre"": ""0"", ""sel_3th_pre_req"": ""51"", ""sel_3th_pre_bid"": ""-49900"", ""sel_2th_pre_req_pre"": ""--4"", ""sel_2th_pre_req"": ""413"", ""sel_2th_pre_bid"": ""-49850"", ""sel_1th_pre_req_pre"": ""0"", ""sel_fpr_req"": ""283"", ""sel_fpr_bid"": ""-49750"", ""buy_fpr_bid"": ""-49700"", ""buy_fpr_req"": ""1213"", ""buy_1th_pre_req_pre"": ""0"", ""buy_2th_pre_bid"": ""-49650"", ""buy_2th_pre_req"": ""257"", ""buy_2th_pre_req_pre"": ""0"", ""buy_3th_pre_bid"": ""-49600"", ""buy_3th_pre_req"": ""899"", ""buy_3th_pre_req_pre"": ""0"", ""buy_4th_pre_bid"": ""-49550"", ""buy_4th_pre_req"": ""494"", ""buy_4th_pre_req_pre"": ""0"", ""buy_5th_pre_bid"": ""-49500"", ""buy_5th_pre_req"": ""2129"", ""buy_5th_pre_req_pre"": ""0"", ""buy_6th_pre_bid"": ""-49450"", ""buy_6th_pre_req"": ""166"", ""buy_6th_pre_req_pre"": ""0"", ""buy_7th_pre_bid"": ""-49400"", ""buy_7th_pre_req"": ""82"", ""buy_7th_pre_req_pre"": ""0"", ""buy_8th_pre_bid"": ""-49350"", ""buy_8th_pre_req"": ""32"", ""buy_8th_pre_req_pre"": ""0"", ""buy_9th_pre_bid"": ""-49300"", ""buy_9th_pre_req"": ""57"", ""buy_9th_pre_req_pre"": ""0"", ""buy_10th_pre_bid"": ""-49250"", ""buy_10th_pre_req"": ""6"", ""buy_10th_pre_req_pre"": ""0"", ""tot_sel_req_jub_pre"": ""+219"", ""tot_sel_req"": ""940"", ""tot_buy_req"": ""5335"", ""tot_buy_req_jub_pre"": ""--661"", ""ovt_sel_req_pre"": ""0"", ""ovt_sel_req"": ""0"", ""ovt_buy_req"": ""0"", ""ovt_buy_req_pre"": ""0"", ""return_code"": 0, ""return_msg"": ""정상적으로 처리되었습니다""}"
2026-06-10,scan_candidate,375500,,0,main_scan,70800,,70800,70700,70800,70700,-0.2824858757062147,0.14124293785310735,,,,,,"{""bid_req_base_tm"": ""112451"", ""sel_10th_pre_req_pre"": ""0"", ""sel_10th_pre_req"": ""202"", ""sel_10th_pre_bid"": ""+71800"", ""sel_9th_pre_req_pre"": ""0"", ""sel_9th_pre_req"": ""225"", ""sel_9th_pre_bid"": ""+71700"", ""sel_8th_pre_req_pre"": ""0"", ""sel_8th_pre_req"": ""281"", ""sel_8th_pre_bid"": ""+71600"", ""sel_7th_pre_req_pre"": ""0"", ""sel_7th_pre_req"": ""755"", ""sel_7th_pre_bid"": ""+71500"", ""sel_6th_pre_req_pre"": ""0"", ""sel_6th_pre_req"": ""562"", ""sel_6th_pre_bid"": ""+71400"", ""sel_5th_pre_req_pre"": ""0"", ""sel_5th_pre_req"": ""19"", ""sel_5th_pre_bid"": ""+71300"", ""sel_4th_pre_req_pre"": ""0"", ""sel_4th_pre_req"": ""68"", ""sel_4th_pre_bid"": ""+71200"", ""sel_3th_pre_req_pre"": ""0"", ""sel_3th_pre_req"": ""53"", ""sel_3th_pre_bid"": ""+71100"", ""sel_2th_pre_req_pre"": ""0"", ""sel_2th_pre_req"": ""40"", ""sel_2th_pre_bid"": ""+70900"", ""sel_1th_pre_req_pre"": ""--1"", ""sel_fpr_req"": ""136"", ""sel_fpr_bid"": ""+70800"", ""buy_fpr_bid"": ""+70700"", ""buy_fpr_req"": ""728"", ""buy_1th_pre_req_pre"": ""0"", ""buy_2th_pre_bid"": ""+70600"", ""buy_2th_pre_req"": ""33"", ""buy_2th_pre_req_pre"": ""0"", ""buy_3th_pre_bid"": ""+70500"", ""buy_3th_pre_req"": ""167"", ""buy_3th_pre_req_pre"": ""0"", ""buy_4th_pre_bid"": ""+70400"", ""buy_4th_pre_req"": ""46"", ""buy_4th_pre_req_pre"": ""0"", ""buy_5th_pre_bid"": ""+70300"", ""buy_5th_pre_req"": ""88"", ""buy_5th_pre_req_pre"": ""0"", ""buy_6th_pre_bid"": ""+70200"", ""buy_6th_pre_req"": ""86"", ""buy_6th_pre_req_pre"": ""0"", ""buy_7th_pre_bid"": ""+70100"", ""buy_7th_pre_req"": ""499"", ""buy_7th_pre_req_pre"": ""0"", ""buy_8th_pre_bid"": ""+70000"", ""buy_8th_pre_req"": ""129"", ""buy_8th_pre_req_pre"": ""0"", ""buy_9th_pre_bid"": ""+69900"", ""buy_9th_pre_req"": ""86"", ""buy_9th_pre_req_pre"": ""0"", ""buy_10th_pre_bid"": ""+69800"", ""buy_10th_pre_req"": ""67"", ""buy_10th_pre_req_pre"": ""0"", ""tot_sel_req_jub_pre"": ""--1"", ""tot_sel_req"": ""2341"", ""tot_buy_req"": ""1929"", ""tot_buy_req_jub_pre"": ""0"", ""ovt_sel_req_pre"": ""0"", ""ovt_sel_req"": ""0"", ""ovt_buy_req"": ""0"", ""ovt_buy_req_pre"": ""0"", ""return_code"": 0, ""return_msg"": ""정상적으로 처리되었습니다""}"
2026-06-10,scan_candidate,004990,,0,main_scan,25700,,25700,25650,25700,25750,0.0,0.19455252918287938,,,,,,"{""bid_req_base_tm"": ""112443"", ""sel_10th_pre_req_pre"": ""0"", ""sel_10th_pre_req"": ""142"", ""sel_10th_pre_bid"": ""+26300"", ""sel_9th_pre_req_pre"": ""0"", ""sel_9th_pre_req"": ""135"", ""sel_9th_pre_bid"": ""+26250"", ""sel_8th_pre_req_pre"": ""0"", ""sel_8th_pre_req"": ""168"", ""sel_8th_pre_bid"": ""+26200"", ""sel_7th_pre_req_pre"": ""0"", ""sel_7th_pre_req"": ""3089"", ""sel_7th_pre_bid"": ""26150"", ""sel_6th_pre_req_pre"": ""0"", ""sel_6th_pre_req"": ""428"", ""sel_6th_pre_bid"": ""-26100"", ""sel_5th_pre_req_pre"": ""0"", ""sel_5th_pre_req"": ""264"", ""sel_5th_pre_bid"": ""-26050"", ""sel_4th_pre_req_pre"": ""0"", ""sel_4th_pre_req"": ""117"", ""sel_4th_pre_bid"": ""-26000"", ""sel_3th_pre_req_pre"": ""0"", ""sel_3th_pre_req"": ""83"", ""sel_3th_pre_bid"": ""-25800"", ""sel_2th_pre_req_pre"": ""0"", ""sel_2th_pre_req"": ""33"", ""sel_2th_pre_bid"": ""-25750"", ""sel_1th_pre_req_pre"": ""0"", ""sel_fpr_req"": ""731"", ""sel_fpr_bid"": ""-25700"", ""buy_fpr_bid"": ""-25650"", ""buy_fpr_req"": ""144"", ""buy_1th_pre_req_pre"": ""0"", ""buy_2th_pre_bid"": ""-25600"", ""buy_2th_pre_req"": ""328"", ""buy_2th_pre_req_pre"": ""0"", ""buy_3th_pre_bid"": ""-25550"", ""buy_3th_pre_req"": ""440"", ""buy_3th_pre_req_pre"": ""0"", ""buy_4th_pre_bid"": ""-25500"", ""buy_4th_pre_req"": ""975"", ""buy_4th_pre_req_pre"": ""0"", ""buy_5th_pre_bid"": ""-25450"", ""buy_5th_pre_req"": ""207"", ""buy_5th_pre_req_pre"": ""0"", ""buy_6th_pre_bid"": ""-25400"", ""buy_6th_pre_req"": ""652"", ""buy_6th_pre_req_pre"": ""+1"", ""buy_7th_pre_bid"": ""-25350"", ""buy_7th_pre_req"": ""430"", ""buy_7th_pre_req_pre"": ""0"", ""buy_8th_pre_bid"": ""-25300"", ""buy_8th_pre_req"": ""428"", ""buy_8th_pre_req_pre"": ""0"", ""buy_9th_pre_bid"": ""-25250"", ""buy_9th_pre_req"": ""819"", ""buy_9th_pre_req_pre"": ""0"", ""buy_10th_pre_bid"": ""-25200"", ""buy_10th_pre_req"": ""739"", ""buy_10th_pre_req_pre"": ""0"", ""tot_sel_req_jub_pre"": ""0"", ""tot_sel_req"": ""5190"", ""tot_buy_req"": ""5162"", ""tot_buy_req_jub_pre"": ""+1"", ""ovt_sel_req_pre"": ""0"", ""ovt_sel_req"": ""0"", ""ovt_buy_req"": ""0"", ""ovt_buy_req_pre"": ""0"", ""return_code"": 0, ""return_msg"": ""정상적으로 처리되었습니다""}"
2026-06-10,scan_candidate,483650,,0,main_scan,205000,,205000,204500,205000,206500,0.4878048780487805,0.24390243902439024,,,,,,"{""bid_req_base_tm"": ""112453"", ""sel_10th_pre_req_pre"": ""0"", ""sel_10th_pre_req"": ""706"", ""sel_10th_pre_bid"": ""+209500"", ""sel_9th_pre_req_pre"": ""0"", ""sel_9th_pre_req"": ""1467"", ""sel_9th_pre_bid"": ""+209000"", ""sel_8th_pre_req_pre"": ""0"", ""sel_8th_pre_req"": ""592"", ""sel_8th_pre_bid"": ""+208500"", ""sel_7th_pre_req_pre"": ""0"", ""sel_7th_pre_req"": ""449"", ""sel_7th_pre_bid"": ""+208000"", ""sel_6th_pre_req_pre"": ""0"", ""sel_6th_pre_req"": ""476"", ""sel_6th_pre_bid"": ""+207500"", ""sel_5th_pre_req_pre"": ""0"", ""sel_5th_pre_req"": ""280"", ""sel_5th_pre_bid"": ""+207000"", ""sel_4th_pre_req_pre"": ""0"", ""sel_4th_pre_req"": ""249"", ""sel_4th_pre_bid"": ""+206500"", ""sel_3th_pre_req_pre"": ""0"", ""sel_3th_pre_req"": ""222"", ""sel_3th_pre_bid"": ""+206000"", ""sel_2th_pre_req_pre"": ""0"", ""sel_2th_pre_req"": ""191"", ""sel_2th_pre_bid"": ""+205500"", ""sel_1th_pre_req_pre"": ""--15"", ""sel_fpr_req"": ""43"", ""sel_fpr_bid"": ""+205000"", ""buy_fpr_bid"": ""+204500"", ""buy_fpr_req"": ""110"", ""buy_1th_pre_req_pre"": ""+2"", ""buy_2th_pre_bid"": ""+204000"", ""buy_2th_pre_req"": ""5440"", ""buy_2th_pre_req_pre"": ""0"", ""buy_3th_pre_bid"": ""+203500"", ""buy_3th_pre_req"": ""16"", ""buy_3th_pre_req_pre"": ""0"", ""buy_4th_pre_bid"": ""+203000"", ""buy_4th_pre_req"": ""39"", ""buy_4th_pre_req_pre"": ""0"", ""buy_5th_pre_bid"": ""+202500"", ""buy_5th_pre_req"": ""43"", ""buy_5th_pre_req_pre"": ""0"", ""buy_6th_pre_bid"": ""+202000"", ""buy_6th_pre_req"": ""49"", ""buy_6th_pre_req_pre"": ""0"", ""buy_7th_pre_bid"": ""+201500"", ""buy_7th_pre_req"": ""140"", ""buy_7th_pre_req_pre"": ""0"", ""buy_8th_pre_bid"": ""+201000"", ""buy_8th_pre_req"": ""283"", ""buy_8th_pre_req_pre"": ""0"", ""buy_9th_pre_bid"": ""+200500"", ""buy_9th_pre_req"": ""109"", ""buy_9th_pre_req_pre"": ""0"", ""buy_10th_pre_bid"": ""+200000"", ""buy_10th_pre_req"": ""397"", ""buy_10th_pre_req_pre"": ""0"", ""tot_sel_req_jub_pre"": ""--15"", ""tot_sel_req"": ""4675"", ""tot_buy_req"": ""6626"", ""tot_buy_req_jub_pre"": ""+2"", ""ovt_sel_req_pre"": ""0"", ""ovt_sel_req"": ""0"", ""ovt_buy_req"": ""0"", ""ovt_buy_req_pre"": ""0"", ""return_code"": 0, ""return_msg"": ""정상적으로 처리되었습니다""}"
2026-06-10,scan_candidate,003690,,0,main_scan,13260,,13260,13240,13260,13200,-0.8295625942684767,0.1508295625942685,,,,,,"{""bid_req_base_tm"": ""112448"", ""sel_10th_pre_req_pre"": ""0"", ""sel_10th_pre_req"": ""24"", ""sel_10th_pre_bid"": ""-13370"", ""sel_9th_pre_req_pre"": ""0"", ""sel_9th_pre_req"": ""148"", ""sel_9th_pre_bid"": ""-13360"", ""sel_8th_pre_req_pre"": ""0"", ""sel_8th_pre_req"": ""51"", ""sel_8th_pre_bid"": ""-13350"", ""sel_7th_pre_req_pre"": ""0"", ""sel_7th_pre_req"": ""1"", ""sel_7th_pre_bid"": ""-13340"", ""sel_6th_pre_req_pre"": ""0"", ""sel_6th_pre_req"": ""1"", ""sel_6th_pre_bid"": ""-13330"", ""sel_5th_pre_req_pre"": ""0"", ""sel_5th_pre_req"": ""1"", ""sel_5th_pre_bid"": ""-13320"", ""sel_4th_pre_req_pre"": ""0"", ""sel_4th_pre_req"": ""1"", ""sel_4th_pre_bid"": ""-13310"", ""sel_3th_pre_req_pre"": ""0"", ""sel_3th_pre_req"": ""1429"", ""sel_3th_pre_bid"": ""-13300"", ""sel_2th_pre_req_pre"": ""--47"", ""sel_2th_pre_req"": ""22"", ""sel_2th_pre_bid"": ""-13290"", ""sel_1th_pre_req_pre"": ""+43"", ""sel_fpr_req"": ""50"", ""sel_fpr_bid"": ""-13260"", ""buy_fpr_bid"": ""-13240"", ""buy_fpr_req"": ""414"", ""buy_1th_pre_req_pre"": ""0"", ""buy_2th_pre_bid"": ""-13230"", ""buy_2th_pre_req"": ""190"", ""buy_2th_pre_req_pre"": ""0"", ""buy_3th_pre_bid"": ""-13220"", ""buy_3th_pre_req"": ""1"", ""buy_3th_pre_req_pre"": ""0"", ""buy_4th_pre_bid"": ""-13210"", ""buy_4th_pre_req"": ""194"", ""buy_4th_pre_req_pre"": ""0"", ""buy_5th_pre_bid"": ""-13190"", ""buy_5th_pre_req"": ""80"", ""buy_5th_pre_req_pre"": ""0"", ""buy_6th_pre_bid"": ""-13180"", ""buy_6th_pre_req"": ""50"", ""buy_6th_pre_req_pre"": ""0"", ""buy_7th_pre_bid"": ""-13170"", ""buy_7th_pre_req"": ""80"", ""buy_7th_pre_req_pre"": ""0"", ""buy_8th_pre_bid"": ""-13160"", ""buy_8th_pre_req"": ""82"", ""buy_8th_pre_req_pre"": ""0"", ""buy_9th_pre_bid"": ""-13150"", ""buy_9th_pre_req"": ""103"", ""buy_9th_pre_req_pre"": ""0"", ""buy_10th_pre_bid"": ""-13140"", ""buy_10th_pre_req"": ""51"", ""buy_10th_pre_req_pre"": ""0"", ""tot_sel_req_jub_pre"": ""--4"", ""tot_sel_req"": ""1728"", ""tot_buy_req"": ""1245"", ""tot_buy_req_jub_pre"": ""0"", ""ovt_sel_req_pre"": ""0"", ""ovt_sel_req"": ""0"", ""ovt_buy_req"": ""0"", ""ovt_buy_req_pre"": ""0"", ""return_code"": 0, ""return_msg"": ""정상적으로 처리되었습니다""}"
2026-06-10,scan_candidate,279570,,0,main_scan,6130,,6130,6120,6130,6100,-0.6525285481239804,0.1631321370309951,,,,,,"{""bid_req_base_tm"": ""112453"", ""sel_10th_pre_req_pre"": ""0"", ""sel_10th_pre_req"": ""8656"", ""sel_10th_pre_bid"": ""+6220"", ""sel_9th_pre_req_pre"": ""0"", ""sel_9th_pre_req"": ""32366"", ""sel_9th_pre_bid"": ""+6210"", ""sel_8th_pre_req_pre"": ""0"", ""sel_8th_pre_req"": ""76742"", ""sel_8th_pre_bid"": ""+6200"", ""sel_7th_pre_req_pre"": ""0"", ""sel_7th_pre_req"": ""29635"", ""sel_7th_pre_bid"": ""+6190"", ""sel_6th_pre_req_pre"": ""0"", ""sel_6th_pre_req"": ""23172"", ""sel_6th_pre_bid"": ""+6180"", ""sel_5th_pre_req_pre"": ""0"", ""sel_5th_pre_req"": ""13163"", ""sel_5th_pre_bid"": ""+6170"", ""sel_4th_pre_req_pre"": ""0"", ""sel_4th_pre_req"": ""20363"", ""sel_4th_pre_bid"": ""+6160"", ""sel_3th_pre_req_pre"": ""0"", ""sel_3th_pre_req"": ""42296"", ""sel_3th_pre_bid"": ""+6150"", ""sel_2th_pre_req_pre"": ""0"", ""sel_2th_pre_req"": ""17184"", ""sel_2th_pre_bid"": ""+6140"", ""sel_1th_pre_req_pre"": ""+1"", ""sel_fpr_req"": ""8337"", ""sel_fpr_bid"": ""+6130"", ""buy_fpr_bid"": ""+6120"", ""buy_fpr_req"": ""7621"", ""buy_1th_pre_req_pre"": ""0"", ""buy_2th_pre_bid"": ""+6110"", ""buy_2th_pre_req"": ""5168"", ""buy_2th_pre_req_pre"": ""0"", ""buy_3th_pre_bid"": ""+6100"", ""buy_3th_pre_req"": ""16287"", ""buy_3th_pre_req_pre"": ""0"", ""buy_4th_pre_bid"": ""+6090"", ""buy_4th_pre_req"": ""6500"", ""buy_4th_pre_req_pre"": ""0"", ""buy_5th_pre_bid"": ""+6080"", ""buy_5th_pre_req"": ""5563"", ""buy_5th_pre_req_pre"": ""0"", ""buy_6th_pre_bid"": ""+6070"", ""buy_6th_pre_req"": ""8428"", ""buy_6th_pre_req_pre"": ""0"", ""buy_7th_pre_bid"": ""+6060"", ""buy_7th_pre_req"": ""13693"", ""buy_7th_pre_req_pre"": ""0"", ""buy_8th_pre_bid"": ""+6050"", ""buy_8th_pre_req"": ""5482"", ""buy_8th_pre_req_pre"": ""0"", ""buy_9th_pre_bid"": ""+6040"", ""buy_9th_pre_req"": ""5193"", ""buy_9th_pre_req_pre"": ""0"", ""buy_10th_pre_bid"": ""+6030"", ""buy_10th_pre_req"": ""21595"", ""buy_10th_pre_req_pre"": ""0"", ""tot_sel_req_jub_pre"": ""+1"", ""tot_sel_req"": ""271914"", ""tot_buy_req"": ""95530"", ""tot_buy_req_jub_pre"": ""0"", ""ovt_sel_req_pre"": ""0"", ""ovt_sel_req"": ""0"", ""ovt_buy_req"": ""0"", ""ovt_buy_req_pre"": ""0"", ""return_code"": 0, ""return_msg"": ""정상적으로 처리되었습니다""}"
2026-06-10,scan_candidate,008770,,0,main_scan,56200,,56200,56000,56200,55800,-0.8896797153024912,0.3558718861209964,,,,,,"{""bid_req_base_tm"": ""112454"", ""sel_10th_pre_req_pre"": ""0"", ""sel_10th_pre_req"": ""36"", ""sel_10th_pre_bid"": ""+57100"", ""sel_9th_pre_req_pre"": ""0"", ""sel_9th_pre_req"": ""452"", ""sel_9th_pre_bid"": ""+57000"", ""sel_8th_pre_req_pre"": ""0"", ""sel_8th_pre_req"": ""715"", ""sel_8th_pre_bid"": ""+56900"", ""sel_7th_pre_req_pre"": ""0"", ""sel_7th_pre_req"": ""361"", ""sel_7th_pre_bid"": ""+56800"", ""sel_6th_pre_req_pre"": ""0"", ""sel_6th_pre_req"": ""200"", ""sel_6th_pre_bid"": ""+56700"", ""sel_5th_pre_req_pre"": ""0"", ""sel_5th_pre_req"": ""133"", ""sel_5th_pre_bid"": ""+56600"", ""sel_4th_pre_req_pre"": ""0"", ""sel_4th_pre_req"": ""1029"", ""sel_4th_pre_bid"": ""+56500"", ""sel_3th_pre_req_pre"": ""0"", ""sel_3th_pre_req"": ""247"", ""sel_3th_pre_bid"": ""+56400"", ""sel_2th_pre_req_pre"": ""0"", ""sel_2th_pre_req"": ""297"", ""sel_2th_pre_bid"": ""+56300"", ""sel_1th_pre_req_pre"": ""0"", ""sel_fpr_req"": ""61"", ""sel_fpr_bid"": ""+56200"", ""buy_fpr_bid"": ""+56000"", ""buy_fpr_req"": ""183"", ""buy_1th_pre_req_pre"": ""+65"", ""buy_2th_pre_bid"": ""+55900"", ""buy_2th_pre_req"": ""116"", ""buy_2th_pre_req_pre"": ""0"", ""buy_3th_pre_bid"": ""+55800"", ""buy_3th_pre_req"": ""25"", ""buy_3th_pre_req_pre"": ""0"", ""buy_4th_pre_bid"": ""+55700"", ""buy_4th_pre_req"": ""67"", ""buy_4th_pre_req_pre"": ""0"", ""buy_5th_pre_bid"": ""+55600"", ""buy_5th_pre_req"": ""280"", ""buy_5th_pre_req_pre"": ""0"", ""buy_6th_pre_bid"": ""+55500"", ""buy_6th_pre_req"": ""123"", ""buy_6th_pre_req_pre"": ""0"", ""buy_7th_pre_bid"": ""+55400"", ""buy_7th_pre_req"": ""48"", ""buy_7th_pre_req_pre"": ""0"", ""buy_8th_pre_bid"": ""+55300"", ""buy_8th_pre_req"": ""72"", ""buy_8th_pre_req_pre"": ""0"", ""buy_9th_pre_bid"": ""55200"", ""buy_9th_pre_req"": ""48"", ""buy_9th_pre_req_pre"": ""0"", ""buy_10th_pre_bid"": ""-55100"", ""buy_10th_pre_req"": ""163"", ""buy_10th_pre_req_pre"": ""0"", ""tot_sel_req_jub_pre"": ""0"", ""tot_sel_req"": ""3531"", ""tot_buy_req"": ""1125"", ""tot_buy_req_jub_pre"": ""+65"", ""ovt_sel_req_pre"": ""0"", ""ovt_sel_req"": ""0"", ""ovt_buy_req"": ""0"", ""ovt_buy_req_pre"": ""0"", ""return_code"": 0, ""return_msg"": ""정상적으로 처리되었습니다""}"
2026-06-10,scan_candidate,081660,,0,main_scan,40300,,40300,40200,40300,40350,0.0,0.24813895781637718,,,,,,"{""bid_req_base_tm"": ""112452"", ""sel_10th_pre_req_pre"": ""0"", ""sel_10th_pre_req"": ""136"", ""sel_10th_pre_bid"": ""+40800"", ""sel_9th_pre_req_pre"": ""0"", ""sel_9th_pre_req"": ""23"", ""sel_9th_pre_bid"": ""+40750"", ""sel_8th_pre_req_pre"": ""0"", ""sel_8th_pre_req"": ""70"", ""sel_8th_pre_bid"": ""+40700"", ""sel_7th_pre_req_pre"": ""0"", ""sel_7th_pre_req"": ""75"", ""sel_7th_pre_bid"": ""+40600"", ""sel_6th_pre_req_pre"": ""0"", ""sel_6th_pre_req"": ""251"", ""sel_6th_pre_bid"": ""+40550"", ""sel_5th_pre_req_pre"": ""0"", ""sel_5th_pre_req"": ""360"", ""sel_5th_pre_bid"": ""+40500"", ""sel_4th_pre_req_pre"": ""0"", ""sel_4th_pre_req"": ""118"", ""sel_4th_pre_bid"": ""+40450"", ""sel_3th_pre_req_pre"": ""0"", ""sel_3th_pre_req"": ""65"", ""sel_3th_pre_bid"": ""+40400"", ""sel_2th_pre_req_pre"": ""+43"", ""sel_2th_pre_req"": ""191"", ""sel_2th_pre_bid"": ""+40350"", ""sel_1th_pre_req_pre"": ""0"", ""sel_fpr_req"": ""162"", ""sel_fpr_bid"": ""+40300"", ""buy_fpr_bid"": ""+40200"", ""buy_fpr_req"": ""343"", ""buy_1th_pre_req_pre"": ""0"", ""buy_2th_pre_bid"": ""+40150"", ""buy_2th_pre_req"": ""42"", ""buy_2th_pre_req_pre"": ""0"", ""buy_3th_pre_bid"": ""+40100"", ""buy_3th_pre_req"": ""110"", ""buy_3th_pre_req_pre"": ""0"", ""buy_4th_pre_bid"": ""+40050"", ""buy_4th_pre_req"": ""294"", ""buy_4th_pre_req_pre"": ""0"", ""buy_5th_pre_bid"": ""+40000"", ""buy_5th_pre_req"": ""509"", ""buy_5th_pre_req_pre"": ""0"", ""buy_6th_pre_bid"": ""+39950"", ""buy_6th_pre_req"": ""500"", ""buy_6th_pre_req_pre"": ""0"", ""buy_7th_pre_bid"": ""+39900"", ""buy_7th_pre_req"": ""2"", ""buy_7th_pre_req_pre"": ""0"", ""buy_8th_pre_bid"": ""+39850"", ""buy_8th_pre_req"": ""1"", ""buy_8th_pre_req_pre"": ""0"", ""buy_9th_pre_bid"": ""+39800"", ""buy_9th_pre_req"": ""5"", ""buy_9th_pre_req_pre"": ""0"", ""buy_10th_pre_bid"": ""39700"", ""buy_10th_pre_req"": ""7"", ""buy_10th_pre_req_pre"": ""0"", ""tot_sel_req_jub_pre"": ""+43"", ""tot_sel_req"": ""1451"", ""tot_buy_req"": ""1813"", ""tot_buy_req_jub_pre"": ""0"", ""ovt_sel_req_pre"": ""0"", ""ovt_sel_req"": ""0"", ""ovt_buy_req"": ""0"", ""ovt_buy_req_pre"": ""0"", ""return_code"": 0, ""return_msg"": ""정상적으로 처리되었습니다""}"
2026-06-10,scan_candidate,462870,,0,main_scan,31200,,31200,31150,31200,31300,0.16025641025641024,0.16025641025641024,,,,,,"{""bid_req_base_tm"": ""112453"", ""sel_10th_pre_req_pre"": ""0"", ""sel_10th_pre_req"": ""51"", ""sel_10th_pre_bid"": ""-31650"", ""sel_9th_pre_req_pre"": ""0"", ""sel_9th_pre_req"": ""42"", ""sel_9th_pre_bid"": ""-31600"", ""sel_8th_pre_req_pre"": ""0"", ""sel_8th_pre_req"": ""11"", ""sel_8th_pre_bid"": ""-31550"", ""sel_7th_pre_req_pre"": ""0"", ""sel_7th_pre_req"": ""2"", ""sel_7th_pre_bid"": ""-31500"", ""sel_6th_pre_req_pre"": ""0"", ""sel_6th_pre_req"": ""33"", ""sel_6th_pre_bid"": ""-31450"", ""sel_5th_pre_req_pre"": ""0"", ""sel_5th_pre_req"": ""31"", ""sel_5th_pre_bid"": ""-31400"", ""sel_4th_pre_req_pre"": ""0"", ""sel_4th_pre_req"": ""76"", ""sel_4th_pre_bid"": ""-31350"", ""sel_3th_pre_req_pre"": ""0"", ""sel_3th_pre_req"": ""9"", ""sel_3th_pre_bid"": ""-31300"", ""sel_2th_pre_req_pre"": ""0"", ""sel_2th_pre_req"": ""88"", ""sel_2th_pre_bid"": ""-31250"", ""sel_1th_pre_req_pre"": ""+2"", ""sel_fpr_req"": ""209"", ""sel_fpr_bid"": ""-31200"", ""buy_fpr_bid"": ""-31150"", ""buy_fpr_req"": ""28"", ""buy_1th_pre_req_pre"": ""0"", ""buy_2th_pre_bid"": ""-31100"", ""buy_2th_pre_req"": ""61"", ""buy_2th_pre_req_pre"": ""0"", ""buy_3th_pre_bid"": ""-31050"", ""buy_3th_pre_req"": ""72"", ""buy_3th_pre_req_pre"": ""0"", ""buy_4th_pre_bid"": ""-31000"", ""buy_4th_pre_req"": ""413"", ""buy_4th_pre_req_pre"": ""0"", ""buy_5th_pre_bid"": ""-30950"", ""buy_5th_pre_req"": ""29"", ""buy_5th_pre_req_pre"": ""0"", ""buy_6th_pre_bid"": ""-30900"", ""buy_6th_pre_req"": ""150"", ""buy_6th_pre_req_pre"": ""0"", ""buy_7th_pre_bid"": ""-30850"", ""buy_7th_pre_req"": ""33"", ""buy_7th_pre_req_pre"": ""0"", ""buy_8th_pre_bid"": ""-30800"", ""buy_8th_pre_req"": ""121"", ""buy_8th_pre_req_pre"": ""0"", ""buy_9th_pre_bid"": ""-30750"", ""buy_9th_pre_req"": ""254"", ""buy_9th_pre_req_pre"": ""0"", ""buy_10th_pre_bid"": ""-30700"", ""buy_10th_pre_req"": ""217"", ""buy_10th_pre_req_pre"": ""0"", ""tot_sel_req_jub_pre"": ""+2"", ""tot_sel_req"": ""552"", ""tot_buy_req"": ""1378"", ""tot_buy_req_jub_pre"": ""0"", ""ovt_sel_req_pre"": ""0"", ""ovt_sel_req"": ""0"", ""ovt_buy_req"": ""0"", ""ovt_buy_req_pre"": ""0"", ""return_code"": 0, ""return_msg"": ""정상적으로 처리되었습니다""}"
2026-06-10,scan_candidate,120110,,0,main_scan,70100,,70100,70000,70100,70200,0.0,0.14265335235378032,,,,,,"{""bid_req_base_tm"": ""112453"", ""sel_10th_pre_req_pre"": ""0"", ""sel_10th_pre_req"": ""6"", ""sel_10th_pre_bid"": ""+71000"", ""sel_9th_pre_req_pre"": ""0"", ""sel_9th_pre_req"": ""2"", ""sel_9th_pre_bid"": ""+70900"", ""sel_8th_pre_req_pre"": ""0"", ""sel_8th_pre_req"": ""1"", ""sel_8th_pre_bid"": ""+70800"", ""sel_7th_pre_req_pre"": ""0"", ""sel_7th_pre_req"": ""20"", ""sel_7th_pre_bid"": ""+70700"", ""sel_6th_pre_req_pre"": ""0"", ""sel_6th_pre_req"": ""40"", ""sel_6th_pre_bid"": ""+70600"", ""sel_5th_pre_req_pre"": ""0"", ""sel_5th_pre_req"": ""102"", ""sel_5th_pre_bid"": ""+70500"", ""sel_4th_pre_req_pre"": ""0"", ""sel_4th_pre_req"": ""46"", ""sel_4th_pre_bid"": ""+70400"", ""sel_3th_pre_req_pre"": ""0"", ""sel_3th_pre_req"": ""153"", ""sel_3th_pre_bid"": ""+70300"", ""sel_2th_pre_req_pre"": ""0"", ""sel_2th_pre_req"": ""67"", ""sel_2th_pre_bid"": ""+70200"", ""sel_1th_pre_req_pre"": ""--64"", ""sel_fpr_req"": ""75"", ""sel_fpr_bid"": ""+70100"", ""buy_fpr_bid"": ""+70000"", ""buy_fpr_req"": ""96"", ""buy_1th_pre_req_pre"": ""0"", ""buy_2th_pre_bid"": ""+69900"", ""buy_2th_pre_req"": ""45"", ""buy_2th_pre_req_pre"": ""0"", ""buy_3th_pre_bid"": ""+69800"", ""buy_3th_pre_req"": ""147"", ""buy_3th_pre_req_pre"": ""0"", ""buy_4th_pre_bid"": ""+69700"", ""buy_4th_pre_req"": ""115"", ""buy_4th_pre_req_pre"": ""0"", ""buy_5th_pre_bid"": ""+69600"", ""buy_5th_pre_req"": ""34"", ""buy_5th_pre_req_pre"": ""0"", ""buy_6th_pre_bid"": ""+69500"", ""buy_6th_pre_req"": ""23"", ""buy_6th_pre_req_pre"": ""0"", ""buy_7th_pre_bid"": ""+69400"", ""buy_7th_pre_req"": ""103"", ""buy_7th_pre_req_pre"": ""0"", ""buy_8th_pre_bid"": ""+69300"", ""buy_8th_pre_req"": ""24"", ""buy_8th_pre_req_pre"": ""0"", ""buy_9th_pre_bid"": ""+69200"", ""buy_9th_pre_req"": ""430"", ""buy_9th_pre_req_pre"": ""0"", ""buy_10th_pre_bid"": ""+69100"", ""buy_10th_pre_req"": ""49"", ""buy_10th_pre_req_pre"": ""0"", ""tot_sel_req_jub_pre"": ""--64"", ""tot_sel_req"": ""512"", ""tot_buy_req"": ""1066"", ""tot_buy_req_jub_pre"": ""0"", ""ovt_sel_req_pre"": ""0"", ""ovt_sel_req"": ""0"", ""ovt_buy_req"": ""0"", ""ovt_buy_req_pre"": ""0"", ""return_code"": 0, ""return_msg"": ""정상적으로 처리되었습니다""}"
2026-06-10,scan_candidate,009155,,0,main_scan,594000,,594000,593000,594000,598000,0.5050505050505051,0.16835016835016833,,,,,,"{""bid_req_base_tm"": ""112454"", ""sel_10th_pre_req_pre"": ""0"", ""sel_10th_pre_req"": ""1"", ""sel_10th_pre_bid"": ""-607000"", ""sel_9th_pre_req_pre"": ""0"", ""sel_9th_pre_req"": ""34"", ""sel_9th_pre_bid"": ""-605000"", ""sel_8th_pre_req_pre"": ""0"", ""sel_8th_pre_req"": ""4"", ""sel_8th_pre_bid"": ""-604000"", ""sel_7th_pre_req_pre"": ""0"", ""sel_7th_pre_req"": ""3"", ""sel_7th_pre_bid"": ""-603000"", ""sel_6th_pre_req_pre"": ""0"", ""sel_6th_pre_req"": ""28"", ""sel_6th_pre_bid"": ""-602000"", ""sel_5th_pre_req_pre"": ""0"", ""sel_5th_pre_req"": ""10"", ""sel_5th_pre_bid"": ""-600000"", ""sel_4th_pre_req_pre"": ""0"", ""sel_4th_pre_req"": ""19"", ""sel_4th_pre_bid"": ""-599000"", ""sel_3th_pre_req_pre"": ""0"", ""sel_3th_pre_req"": ""120"", ""sel_3th_pre_bid"": ""-597000"", ""sel_2th_pre_req_pre"": ""0"", ""sel_2th_pre_req"": ""20"", ""sel_2th_pre_bid"": ""-595000"", ""sel_1th_pre_req_pre"": ""--3"", ""sel_fpr_req"": ""80"", ""sel_fpr_bid"": ""-594000"", ""buy_fpr_bid"": ""-593000"", ""buy_fpr_req"": ""43"", ""buy_1th_pre_req_pre"": ""0"", ""buy_2th_pre_bid"": ""-592000"", ""buy_2th_pre_req"": ""55"", ""buy_2th_pre_req_pre"": ""0"", ""buy_3th_pre_bid"": ""-591000"", ""buy_3th_pre_req"": ""201"", ""buy_3th_pre_req_pre"": ""0"", ""buy_4th_pre_bid"": ""-590000"", ""buy_4th_pre_req"": ""435"", ""buy_4th_pre_req_pre"": ""0"", ""buy_5th_pre_bid"": ""-589000"", ""buy_5th_pre_req"": ""73"", ""buy_5th_pre_req_pre"": ""0"", ""buy_6th_pre_bid"": ""-588000"", ""buy_6th_pre_req"": ""89"", ""buy_6th_pre_req_pre"": ""0"", ""buy_7th_pre_bid"": ""-587000"", ""buy_7th_pre_req"": ""51"", ""buy_7th_pre_req_pre"": ""0"", ""buy_8th_pre_bid"": ""-586000"", ""buy_8th_pre_req"": ""59"", ""buy_8th_pre_req_pre"": ""0"", ""buy_9th_pre_bid"": ""-585000"", ""buy_9th_pre_req"": ""101"", ""buy_9th_pre_req_pre"": ""0"", ""buy_10th_pre_bid"": ""-584000"", ""buy_10th_pre_req"": ""14"", ""buy_10th_pre_req_pre"": ""0"", ""tot_sel_req_jub_pre"": ""--3"", ""tot_sel_req"": ""319"", ""tot_buy_req"": ""1121"", ""tot_buy_req_jub_pre"": ""0"", ""ovt_sel_req_pre"": ""0"", ""ovt_sel_req"": ""0"", ""ovt_buy_req"": ""0"", ""ovt_buy_req_pre"": ""0"", ""return_code"": 0, ""return_msg"": ""정상적으로 처리되었습니다""}"
2026-06-10,scan_candidate,192080,,0,main_scan,71500,,71500,71300,71500,71500,-0.13986013986013987,0.27972027972027974,,,,,,"{""bid_req_base_tm"": ""112448"", ""sel_10th_pre_req_pre"": ""0"", ""sel_10th_pre_req"": ""59"", ""sel_10th_pre_bid"": ""+72700"", ""sel_9th_pre_req_pre"": ""0"", ""sel_9th_pre_req"": ""182"", ""sel_9th_pre_bid"": ""+72600"", ""sel_8th_pre_req_pre"": ""0"", ""sel_8th_pre_req"": ""11"", ""sel_8th_pre_bid"": ""+72500"", ""sel_7th_pre_req_pre"": ""0"", ""sel_7th_pre_req"": ""128"", ""sel_7th_pre_bid"": ""+72400"", ""sel_6th_pre_req_pre"": ""0"", ""sel_6th_pre_req"": ""10"", ""sel_6th_pre_bid"": ""+72300"", ""sel_5th_pre_req_pre"": ""0"", ""sel_5th_pre_req"": ""10"", ""sel_5th_pre_bid"": ""+72200"", ""sel_4th_pre_req_pre"": ""0"", ""sel_4th_pre_req"": ""6"", ""sel_4th_pre_bid"": ""+72100"", ""sel_3th_pre_req_pre"": ""0"", ""sel_3th_pre_req"": ""155"", ""sel_3th_pre_bid"": ""72000"", ""sel_2th_pre_req_pre"": ""0"", ""sel_2th_pre_req"": ""37"", ""sel_2th_pre_bid"": ""-71600"", ""sel_1th_pre_req_pre"": ""--11"", ""sel_fpr_req"": ""30"", ""sel_fpr_bid"": ""-71500"", ""buy_fpr_bid"": ""-71300"", ""buy_fpr_req"": ""26"", ""buy_1th_pre_req_pre"": ""0"", ""buy_2th_pre_bid"": ""-71200"", ""buy_2th_pre_req"": ""56"", ""buy_2th_pre_req_pre"": ""0"", ""buy_3th_pre_bid"": ""-71100"", ""buy_3th_pre_req"": ""12"", ""buy_3th_pre_req_pre"": ""0"", ""buy_4th_pre_bid"": ""-71000"", ""buy_4th_pre_req"": ""29"", ""buy_4th_pre_req_pre"": ""0"", ""buy_5th_pre_bid"": ""-70900"", ""buy_5th_pre_req"": ""40"", ""buy_5th_pre_req_pre"": ""0"", ""buy_6th_pre_bid"": ""-70800"", ""buy_6th_pre_req"": ""92"", ""buy_6th_pre_req_pre"": ""0"", ""buy_7th_pre_bid"": ""-70700"", ""buy_7th_pre_req"": ""140"", ""buy_7th_pre_req_pre"": ""0"", ""buy_8th_pre_bid"": ""-70600"", ""buy_8th_pre_req"": ""100"", ""buy_8th_pre_req_pre"": ""0"", ""buy_9th_pre_bid"": ""-70500"", ""buy_9th_pre_req"": ""81"", ""buy_9th_pre_req_pre"": ""0"", ""buy_10th_pre_bid"": ""-70400"", ""buy_10th_pre_req"": ""182"", ""buy_10th_pre_req_pre"": ""0"", ""tot_sel_req_jub_pre"": ""+44"", ""tot_sel_req"": ""628"", ""tot_buy_req"": ""758"", ""tot_buy_req_jub_pre"": ""0"", ""ovt_sel_req_pre"": ""0"", ""ovt_sel_req"": ""0"", ""ovt_buy_req"": ""0"", ""ovt_buy_req_pre"": ""0"", ""return_code"": 0, ""return_msg"": ""정상적으로 처리되었습니다""}"
2026-06-10,scan_candidate,093370,,0,main_scan,16360,,16360,16350,16360,16350,-0.36674816625916873,0.061124694376528114,,,,,,"{""bid_req_base_tm"": ""112455"", ""sel_10th_pre_req_pre"": ""0"", ""sel_10th_pre_req"": ""6673"", ""sel_10th_pre_bid"": ""+16450"", ""sel_9th_pre_req_pre"": ""0"", ""sel_9th_pre_req"": ""4234"", ""sel_9th_pre_bid"": ""+16440"", ""sel_8th_pre_req_pre"": ""0"", ""sel_8th_pre_req"": ""2884"", ""sel_8th_pre_bid"": ""+16430"", ""sel_7th_pre_req_pre"": ""0"", ""sel_7th_pre_req"": ""3720"", ""sel_7th_pre_bid"": ""+16420"", ""sel_6th_pre_req_pre"": ""0"", ""sel_6th_pre_req"": ""3226"", ""sel_6th_pre_bid"": ""+16410"", ""sel_5th_pre_req_pre"": ""--54"", ""sel_5th_pre_req"": ""7046"", ""sel_5th_pre_bid"": ""+16400"", ""sel_4th_pre_req_pre"": ""+54"", ""sel_4th_pre_req"": ""532"", ""sel_4th_pre_bid"": ""+16390"", ""sel_3th_pre_req_pre"": ""0"", ""sel_3th_pre_req"": ""1283"", ""sel_3th_pre_bid"": ""+16380"", ""sel_2th_pre_req_pre"": ""+61"", ""sel_2th_pre_req"": ""944"", ""sel_2th_pre_bid"": ""+16370"", ""sel_1th_pre_req_pre"": ""0"", ""sel_fpr_req"": ""33"", ""sel_fpr_bid"": ""+16360"", ""buy_fpr_bid"": ""+16350"", ""buy_fpr_req"": ""10"", ""buy_1th_pre_req_pre"": ""+4"", ""buy_2th_pre_bid"": ""+16340"", ""buy_2th_pre_req"": ""1566"", ""buy_2th_pre_req_pre"": ""0"", ""buy_3th_pre_bid"": ""+16330"", ""buy_3th_pre_req"": ""1095"", ""buy_3th_pre_req_pre"": ""+10"", ""buy_4th_pre_bid"": ""+16320"", ""buy_4th_pre_req"": ""737"", ""buy_4th_pre_req_pre"": ""0"", ""buy_5th_pre_bid"": ""+16310"", ""buy_5th_pre_req"": ""681"", ""buy_5th_pre_req_pre"": ""0"", ""buy_6th_pre_bid"": ""+16300"", ""buy_6th_pre_req"": ""9580"", ""buy_6th_pre_req_pre"": ""0"", ""buy_7th_pre_bid"": ""+16290"", ""buy_7th_pre_req"": ""371"", ""buy_7th_pre_req_pre"": ""0"", ""buy_8th_pre_bid"": ""+16280"", ""buy_8th_pre_req"": ""5965"", ""buy_8th_pre_req_pre"": ""0"", ""buy_9th_pre_bid"": ""+16270"", ""buy_9th_pre_req"": ""464"", ""buy_9th_pre_req_pre"": ""0"", ""buy_10th_pre_bid"": ""+16260"", ""buy_10th_pre_req"": ""965"", ""buy_10th_pre_req_pre"": ""0"", ""tot_sel_req_jub_pre"": ""+61"", ""tot_sel_req"": ""30575"", ""tot_buy_req"": ""21434"", ""tot_buy_req_jub_pre"": ""+14"", ""ovt_sel_req_pre"": ""0"", ""ovt_sel_req"": ""0"", ""ovt_buy_req"": ""0"", ""ovt_buy_req_pre"": ""0"", ""return_code"": 0, ""return_msg"": ""정상적으로 처리되었습니다""}"
2026-06-10,scan_candidate,066575,,0,main_scan,78200,,78200,78100,78200,78400,0.1278772378516624,0.1278772378516624,,,,,,"{""bid_req_base_tm"": ""112455"", ""sel_10th_pre_req_pre"": ""0"", ""sel_10th_pre_req"": ""50"", ""sel_10th_pre_bid"": ""-79100"", ""sel_9th_pre_req_pre"": ""0"", ""sel_9th_pre_req"": ""352"", ""sel_9th_pre_bid"": ""-79000"", ""sel_8th_pre_req_pre"": ""0"", ""sel_8th_pre_req"": ""49"", ""sel_8th_pre_bid"": ""-78900"", ""sel_7th_pre_req_pre"": ""0"", ""sel_7th_pre_req"": ""104"", ""sel_7th_pre_bid"": ""-78800"", ""sel_6th_pre_req_pre"": ""0"", ""sel_6th_pre_req"": ""12"", ""sel_6th_pre_bid"": ""-78700"", ""sel_5th_pre_req_pre"": ""0"", ""sel_5th_pre_req"": ""4"", ""sel_5th_pre_bid"": ""-78600"", ""sel_4th_pre_req_pre"": ""0"", ""sel_4th_pre_req"": ""329"", ""sel_4th_pre_bid"": ""-78500"", ""sel_3th_pre_req_pre"": ""0"", ""sel_3th_pre_req"": ""28"", ""sel_3th_pre_bid"": ""-78400"", ""sel_2th_pre_req_pre"": ""0"", ""sel_2th_pre_req"": ""344"", ""sel_2th_pre_bid"": ""-78300"", ""sel_1th_pre_req_pre"": ""0"", ""sel_fpr_req"": ""941"", ""sel_fpr_bid"": ""-78200"", ""buy_fpr_bid"": ""-78100"", ""buy_fpr_req"": ""87"", ""buy_1th_pre_req_pre"": ""0"", ""buy_2th_pre_bid"": ""-78000"", ""buy_2th_pre_req"": ""1237"", ""buy_2th_pre_req_pre"": ""0"", ""buy_3th_pre_bid"": ""-77900"", ""buy_3th_pre_req"": ""879"", ""buy_3th_pre_req_pre"": ""0"", ""buy_4th_pre_bid"": ""-77800"", ""buy_4th_pre_req"": ""1592"", ""buy_4th_pre_req_pre"": ""+26"", ""buy_5th_pre_bid"": ""-77700"", ""buy_5th_pre_req"": ""619"", ""buy_5th_pre_req_pre"": ""0"", ""buy_6th_pre_bid"": ""-77600"", ""buy_6th_pre_req"": ""230"", ""buy_6th_pre_req_pre"": ""0"", ""buy_7th_pre_bid"": ""-77500"", ""buy_7th_pre_req"": ""1125"", ""buy_7th_pre_req_pre"": ""0"", ""buy_8th_pre_bid"": ""-77400"", ""buy_8th_pre_req"": ""130"", ""buy_8th_pre_req_pre"": ""0"", ""buy_9th_pre_bid"": ""-77300"", ""buy_9th_pre_req"": ""155"", ""buy_9th_pre_req_pre"": ""0"", ""buy_10th_pre_bid"": ""-77200"", ""buy_10th_pre_req"": ""439"", ""buy_10th_pre_req_pre"": ""0"", ""tot_sel_req_jub_pre"": ""0"", ""tot_sel_req"": ""2213"", ""tot_buy_req"": ""6493"", ""tot_buy_req_jub_pre"": ""+26"", ""ovt_sel_req_pre"": ""0"", ""ovt_sel_req"": ""0"", ""ovt_buy_req"": ""0"", ""ovt_buy_req_pre"": ""0"", ""return_code"": 0, ""return_msg"": ""정상적으로 처리되었습니다""}"
2026-06-10,scan_candidate,181710,,0,main_scan,40500,,40500,40450,40500,40650,0.24691358024691357,0.12345679012345678,,,,,,"{""bid_req_base_tm"": ""112455"", ""sel_10th_pre_req_pre"": ""0"", ""sel_10th_pre_req"": ""13"", ""sel_10th_pre_bid"": ""-41150"", ""sel_9th_pre_req_pre"": ""0"", ""sel_9th_pre_req"": ""10"", ""sel_9th_pre_bid"": ""-41100"", ""sel_8th_pre_req_pre"": ""0"", ""sel_8th_pre_req"": ""10"", ""sel_8th_pre_bid"": ""-41050"", ""sel_7th_pre_req_pre"": ""+1"", ""sel_7th_pre_req"": ""289"", ""sel_7th_pre_bid"": ""-41000"", ""sel_6th_pre_req_pre"": ""0"", ""sel_6th_pre_req"": ""50"", ""sel_6th_pre_bid"": ""-40950"", ""sel_5th_pre_req_pre"": ""0"", ""sel_5th_pre_req"": ""8"", ""sel_5th_pre_bid"": ""-40900"", ""sel_4th_pre_req_pre"": ""0"", ""sel_4th_pre_req"": ""24"", ""sel_4th_pre_bid"": ""-40750"", ""sel_3th_pre_req_pre"": ""0"", ""sel_3th_pre_req"": ""4"", ""sel_3th_pre_bid"": ""-40600"", ""sel_2th_pre_req_pre"": ""0"", ""sel_2th_pre_req"": ""4"", ""sel_2th_pre_bid"": ""-40550"", ""sel_1th_pre_req_pre"": ""0"", ""sel_fpr_req"": ""527"", ""sel_fpr_bid"": ""-40500"", ""buy_fpr_bid"": ""-40450"", ""buy_fpr_req"": ""9"", ""buy_1th_pre_req_pre"": ""0"", ""buy_2th_pre_bid"": ""-40400"", ""buy_2th_pre_req"": ""151"", ""buy_2th_pre_req_pre"": ""0"", ""buy_3th_pre_bid"": ""-40350"", ""buy_3th_pre_req"": ""285"", ""buy_3th_pre_req_pre"": ""0"", ""buy_4th_pre_bid"": ""-40300"", ""buy_4th_pre_req"": ""122"", ""buy_4th_pre_req_pre"": ""0"", ""buy_5th_pre_bid"": ""-40250"", ""buy_5th_pre_req"": ""165"", ""buy_5th_pre_req_pre"": ""0"", ""buy_6th_pre_bid"": ""-40200"", ""buy_6th_pre_req"": ""231"", ""buy_6th_pre_req_pre"": ""0"", ""buy_7th_pre_bid"": ""-40150"", ""buy_7th_pre_req"": ""1212"", ""buy_7th_pre_req_pre"": ""0"", ""buy_8th_pre_bid"": ""-40100"", ""buy_8th_pre_req"": ""423"", ""buy_8th_pre_req_pre"": ""0"", ""buy_9th_pre_bid"": ""-40050"", ""buy_9th_pre_req"": ""133"", ""buy_9th_pre_req_pre"": ""0"", ""buy_10th_pre_bid"": ""-40000"", ""buy_10th_pre_req"": ""679"", ""buy_10th_pre_req_pre"": ""0"", ""tot_sel_req_jub_pre"": ""+1"", ""tot_sel_req"": ""939"", ""tot_buy_req"": ""3410"", ""tot_buy_req_jub_pre"": ""0"", ""ovt_sel_req_pre"": ""0"", ""ovt_sel_req"": ""0"", ""ovt_buy_req"": ""0"", ""ovt_buy_req_pre"": ""0"", ""return_code"": 0, ""return_msg"": ""정상적으로 처리되었습니다""}"
2026-06-10,scan_candidate,034230,,0,main_scan,15350,,15350,15330,15350,15300,-0.6514657980456027,0.13029315960912052,,,,,,"{""bid_req_base_tm"": ""112455"", ""sel_10th_pre_req_pre"": ""0"", ""sel_10th_pre_req"": ""206"", ""sel_10th_pre_bid"": ""+15450"", ""sel_9th_pre_req_pre"": ""0"", ""sel_9th_pre_req"": ""8"", ""sel_9th_pre_bid"": ""+15440"", ""sel_8th_pre_req_pre"": ""0"", ""sel_8th_pre_req"": ""2"", ""sel_8th_pre_bid"": ""+15430"", ""sel_7th_pre_req_pre"": ""0"", ""sel_7th_pre_req"": ""3931"", ""sel_7th_pre_bid"": ""+15420"", ""sel_6th_pre_req_pre"": ""0"", ""sel_6th_pre_req"": ""15"", ""sel_6th_pre_bid"": ""+15410"", ""sel_5th_pre_req_pre"": ""0"", ""sel_5th_pre_req"": ""5357"", ""sel_5th_pre_bid"": ""+15400"", ""sel_4th_pre_req_pre"": ""0"", ""sel_4th_pre_req"": ""2401"", ""sel_4th_pre_bid"": ""+15390"", ""sel_3th_pre_req_pre"": ""0"", ""sel_3th_pre_req"": ""1888"", ""sel_3th_pre_bid"": ""+15380"", ""sel_2th_pre_req_pre"": ""0"", ""sel_2th_pre_req"": ""232"", ""sel_2th_pre_bid"": ""+15360"", ""sel_1th_pre_req_pre"": ""0"", ""sel_fpr_req"": ""64"", ""sel_fpr_bid"": ""+15350"", ""buy_fpr_bid"": ""+15330"", ""buy_fpr_req"": ""108"", ""buy_1th_pre_req_pre"": ""0"", ""buy_2th_pre_bid"": ""+15320"", ""buy_2th_pre_req"": ""281"", ""buy_2th_pre_req_pre"": ""0"", ""buy_3th_pre_bid"": ""+15310"", ""buy_3th_pre_req"": ""376"", ""buy_3th_pre_req_pre"": ""0"", ""buy_4th_pre_bid"": ""+15300"", ""buy_4th_pre_req"": ""118"", ""buy_4th_pre_req_pre"": ""0"", ""buy_5th_pre_bid"": ""+15290"", ""buy_5th_pre_req"": ""120"", ""buy_5th_pre_req_pre"": ""0"", ""buy_6th_pre_bid"": ""+15280"", ""buy_6th_pre_req"": ""23"", ""buy_6th_pre_req_pre"": ""0"", ""buy_7th_pre_bid"": ""+15270"", ""buy_7th_pre_req"": ""90"", ""buy_7th_pre_req_pre"": ""0"", ""buy_8th_pre_bid"": ""+15260"", ""buy_8th_pre_req"": ""26"", ""buy_8th_pre_req_pre"": ""0"", ""buy_9th_pre_bid"": ""+15250"", ""buy_9th_pre_req"": ""615"", ""buy_9th_pre_req_pre"": ""0"", ""buy_10th_pre_bid"": ""+15240"", ""buy_10th_pre_req"": ""65"", ""buy_10th_pre_req_pre"": ""0"", ""tot_sel_req_jub_pre"": ""0"", ""tot_sel_req"": ""14104"", ""tot_buy_req"": ""1822"", ""tot_buy_req_jub_pre"": ""0"", ""ovt_sel_req_pre"": ""0"", ""ovt_sel_req"": ""0"", ""ovt_buy_req"": ""0"", ""ovt_buy_req_pre"": ""0"", ""return_code"": 0, ""return_msg"": ""정상적으로 처리되었습니다""}"
2026-06-10,scan_candidate,281820,,0,main_scan,66000,,66000,65800,66000,65900,-0.30303030303030304,0.30303030303030304,,,,,,"{""bid_req_base_tm"": ""112455"", ""sel_10th_pre_req_pre"": ""0"", ""sel_10th_pre_req"": ""2"", ""sel_10th_pre_bid"": ""+66900"", ""sel_9th_pre_req_pre"": ""0"", ""sel_9th_pre_req"": ""36"", ""sel_9th_pre_bid"": ""+66800"", ""sel_8th_pre_req_pre"": ""0"", ""sel_8th_pre_req"": ""2"", ""sel_8th_pre_bid"": ""+66700"", ""sel_7th_pre_req_pre"": ""0"", ""sel_7th_pre_req"": ""1001"", ""sel_7th_pre_bid"": ""+66600"", ""sel_6th_pre_req_pre"": ""0"", ""sel_6th_pre_req"": ""18"", ""sel_6th_pre_bid"": ""+66500"", ""sel_5th_pre_req_pre"": ""0"", ""sel_5th_pre_req"": ""35"", ""sel_5th_pre_bid"": ""66400"", ""sel_4th_pre_req_pre"": ""0"", ""sel_4th_pre_req"": ""4"", ""sel_4th_pre_bid"": ""-66300"", ""sel_3th_pre_req_pre"": ""0"", ""sel_3th_pre_req"": ""210"", ""sel_3th_pre_bid"": ""-66200"", ""sel_2th_pre_req_pre"": ""--15"", ""sel_2th_pre_req"": ""177"", ""sel_2th_pre_bid"": ""-66100"", ""sel_1th_pre_req_pre"": ""+15"", ""sel_fpr_req"": ""90"", ""sel_fpr_bid"": ""-66000"", ""buy_fpr_bid"": ""-65800"", ""buy_fpr_req"": ""191"", ""buy_1th_pre_req_pre"": ""0"", ""buy_2th_pre_bid"": ""-65700"", ""buy_2th_pre_req"": ""335"", ""buy_2th_pre_req_pre"": ""0"", ""buy_3th_pre_bid"": ""-65600"", ""buy_3th_pre_req"": ""141"", ""buy_3th_pre_req_pre"": ""0"", ""buy_4th_pre_bid"": ""-65500"", ""buy_4th_pre_req"": ""203"", ""buy_4th_pre_req_pre"": ""0"", ""buy_5th_pre_bid"": ""-65400"", ""buy_5th_pre_req"": ""66"", ""buy_5th_pre_req_pre"": ""0"", ""buy_6th_pre_bid"": ""-65300"", ""buy_6th_pre_req"": ""4"", ""buy_6th_pre_req_pre"": ""0"", ""buy_7th_pre_bid"": ""-65200"", ""buy_7th_pre_req"": ""54"", ""buy_7th_pre_req_pre"": ""0"", ""buy_8th_pre_bid"": ""-65100"", ""buy_8th_pre_req"": ""170"", ""buy_8th_pre_req_pre"": ""0"", ""buy_9th_pre_bid"": ""-65000"", ""buy_9th_pre_req"": ""582"", ""buy_9th_pre_req_pre"": ""0"", ""buy_10th_pre_bid"": ""-64900"", ""buy_10th_pre_req"": ""9"", ""buy_10th_pre_req_pre"": ""0"", ""tot_sel_req_jub_pre"": ""0"", ""tot_sel_req"": ""1575"", ""tot_buy_req"": ""1755"", ""tot_buy_req_jub_pre"": ""0"", ""ovt_sel_req_pre"": ""0"", ""ovt_sel_req"": ""0"", ""ovt_buy_req"": ""0"", ""ovt_buy_req_pre"": ""0"", ""return_code"": 0, ""return_msg"": ""정상적으로 처리되었습니다""}"
2026-06-10,scan_candidate,001820,,0,main_scan,115200,,115200,115100,115200,115500,-0.1736111111111111,0.08680555555555555,,,,,,"{""bid_req_base_tm"": ""112456"", ""sel_10th_pre_req_pre"": ""0"", ""sel_10th_pre_req"": ""88"", ""sel_10th_pre_bid"": ""-116500"", ""sel_9th_pre_req_pre"": ""0"", ""sel_9th_pre_req"": ""25"", ""sel_9th_pre_bid"": ""-116300"", ""sel_8th_pre_req_pre"": ""0"", ""sel_8th_pre_req"": ""6"", ""sel_8th_pre_bid"": ""-116100"", ""sel_7th_pre_req_pre"": ""0"", ""sel_7th_pre_req"": ""9"", ""sel_7th_pre_bid"": ""-116000"", ""sel_6th_pre_req_pre"": ""0"", ""sel_6th_pre_req"": ""7"", ""sel_6th_pre_bid"": ""-115700"", ""sel_5th_pre_req_pre"": ""0"", ""sel_5th_pre_req"": ""60"", ""sel_5th_pre_bid"": ""-115600"", ""sel_4th_pre_req_pre"": ""0"", ""sel_4th_pre_req"": ""72"", ""sel_4th_pre_bid"": ""-115500"", ""sel_3th_pre_req_pre"": ""0"", ""sel_3th_pre_req"": ""221"", ""sel_3th_pre_bid"": ""-115400"", ""sel_2th_pre_req_pre"": ""0"", ""sel_2th_pre_req"": ""2"", ""sel_2th_pre_bid"": ""-115300"", ""sel_1th_pre_req_pre"": ""0"", ""sel_fpr_req"": ""30"", ""sel_fpr_bid"": ""-115200"", ""buy_fpr_bid"": ""-115100"", ""buy_fpr_req"": ""140"", ""buy_1th_pre_req_pre"": ""0"", ""buy_2th_pre_bid"": ""-115000"", ""buy_2th_pre_req"": ""1295"", ""buy_2th_pre_req_pre"": ""0"", ""buy_3th_pre_bid"": ""-114900"", ""buy_3th_pre_req"": ""374"", ""buy_3th_pre_req_pre"": ""0"", ""buy_4th_pre_bid"": ""-114800"", ""buy_4th_pre_req"": ""657"", ""buy_4th_pre_req_pre"": ""0"", ""buy_5th_pre_bid"": ""-114700"", ""buy_5th_pre_req"": ""175"", ""buy_5th_pre_req_pre"": ""0"", ""buy_6th_pre_bid"": ""-114600"", ""buy_6th_pre_req"": ""29"", ""buy_6th_pre_req_pre"": ""0"", ""buy_7th_pre_bid"": ""-114500"", ""buy_7th_pre_req"": ""388"", ""buy_7th_pre_req_pre"": ""0"", ""buy_8th_pre_bid"": ""-114400"", ""buy_8th_pre_req"": ""108"", ""buy_8th_pre_req_pre"": ""0"", ""buy_9th_pre_bid"": ""-114300"", ""buy_9th_pre_req"": ""85"", ""buy_9th_pre_req_pre"": ""0"", ""buy_10th_pre_bid"": ""-114200"", ""buy_10th_pre_req"": ""147"", ""buy_10th_pre_req_pre"": ""0"", ""tot_sel_req_jub_pre"": ""--36"", ""tot_sel_req"": ""520"", ""tot_buy_req"": ""3398"", ""tot_buy_req_jub_pre"": ""0"", ""ovt_sel_req_pre"": ""0"", ""ovt_sel_req"": ""0"", ""ovt_buy_req"": ""0"", ""ovt_buy_req_pre"": ""0"", ""return_code"": 0, ""return_msg"": ""정상적으로 처리되었습니다""}"
2026-06-10,scan_candidate,000815,,0,main_scan,400500,,400500,399000,400500,399000,-0.4993757802746567,0.37453183520599254,,,,,,"{""bid_req_base_tm"": ""112450"", ""sel_10th_pre_req_pre"": ""0"", ""sel_10th_pre_req"": ""75"", ""sel_10th_pre_bid"": ""-405500"", ""sel_9th_pre_req_pre"": ""0"", ""sel_9th_pre_req"": ""61"", ""sel_9th_pre_bid"": ""-405000"", ""sel_8th_pre_req_pre"": ""0"", ""sel_8th_pre_req"": ""203"", ""sel_8th_pre_bid"": ""-404500"", ""sel_7th_pre_req_pre"": ""0"", ""sel_7th_pre_req"": ""99"", ""sel_7th_pre_bid"": ""-404000"", ""sel_6th_pre_req_pre"": ""0"", ""sel_6th_pre_req"": ""79"", ""sel_6th_pre_bid"": ""-403500"", ""sel_5th_pre_req_pre"": ""0"", ""sel_5th_pre_req"": ""93"", ""sel_5th_pre_bid"": ""-403000"", ""sel_4th_pre_req_pre"": ""0"", ""sel_4th_pre_req"": ""2"", ""sel_4th_pre_bid"": ""-402500"", ""sel_3th_pre_req_pre"": ""0"", ""sel_3th_pre_req"": ""287"", ""sel_3th_pre_bid"": ""-401500"", ""sel_2th_pre_req_pre"": ""0"", ""sel_2th_pre_req"": ""105"", ""sel_2th_pre_bid"": ""-401000"", ""sel_1th_pre_req_pre"": ""0"", ""sel_fpr_req"": ""7"", ""sel_fpr_bid"": ""-400500"", ""buy_fpr_bid"": ""-399000"", ""buy_fpr_req"": ""126"", ""buy_1th_pre_req_pre"": ""0"", ""buy_2th_pre_bid"": ""-398500"", ""buy_2th_pre_req"": ""17"", ""buy_2th_pre_req_pre"": ""0"", ""buy_3th_pre_bid"": ""-398000"", ""buy_3th_pre_req"": ""61"", ""buy_3th_pre_req_pre"": ""0"", ""buy_4th_pre_bid"": ""-397500"", ""buy_4th_pre_req"": ""161"", ""buy_4th_pre_req_pre"": ""0"", ""buy_5th_pre_bid"": ""-397000"", ""buy_5th_pre_req"": ""89"", ""buy_5th_pre_req_pre"": ""0"", ""buy_6th_pre_bid"": ""-396500"", ""buy_6th_pre_req"": ""17"", ""buy_6th_pre_req_pre"": ""0"", ""buy_7th_pre_bid"": ""-396000"", ""buy_7th_pre_req"": ""45"", ""buy_7th_pre_req_pre"": ""0"", ""buy_8th_pre_bid"": ""-395500"", ""buy_8th_pre_req"": ""18"", ""buy_8th_pre_req_pre"": ""0"", ""buy_9th_pre_bid"": ""-395000"", ""buy_9th_pre_req"": ""61"", ""buy_9th_pre_req_pre"": ""0"", ""buy_10th_pre_bid"": ""-394500"", ""buy_10th_pre_req"": ""18"", ""buy_10th_pre_req_pre"": ""0"", ""tot_sel_req_jub_pre"": ""--46"", ""tot_sel_req"": ""1011"", ""tot_buy_req"": ""613"", ""tot_buy_req_jub_pre"": ""0"", ""ovt_sel_req_pre"": ""0"", ""ovt_sel_req"": ""0"", ""ovt_buy_req"": ""0"", ""ovt_buy_req_pre"": ""0"", ""return_code"": 0, ""return_msg"": ""정상적으로 처리되었습니다""}"
2026-06-10,scan_candidate,499790,,0,main_scan,51300,,51300,51200,51300,51500,0.1949317738791423,0.1949317738791423,,,,,,"{""bid_req_base_tm"": ""112456"", ""sel_10th_pre_req_pre"": ""0"", ""sel_10th_pre_req"": ""253"", ""sel_10th_pre_bid"": ""+52200"", ""sel_9th_pre_req_pre"": ""0"", ""sel_9th_pre_req"": ""239"", ""sel_9th_pre_bid"": ""+52100"", ""sel_8th_pre_req_pre"": ""0"", ""sel_8th_pre_req"": ""697"", ""sel_8th_pre_bid"": ""+52000"", ""sel_7th_pre_req_pre"": ""0"", ""sel_7th_pre_req"": ""226"", ""sel_7th_pre_bid"": ""+51900"", ""sel_6th_pre_req_pre"": ""0"", ""sel_6th_pre_req"": ""585"", ""sel_6th_pre_bid"": ""+51800"", ""sel_5th_pre_req_pre"": ""0"", ""sel_5th_pre_req"": ""370"", ""sel_5th_pre_bid"": ""+51700"", ""sel_4th_pre_req_pre"": ""0"", ""sel_4th_pre_req"": ""336"", ""sel_4th_pre_bid"": ""+51600"", ""sel_3th_pre_req_pre"": ""0"", ""sel_3th_pre_req"": ""272"", ""sel_3th_pre_bid"": ""+51500"", ""sel_2th_pre_req_pre"": ""+204"", ""sel_2th_pre_req"": ""260"", ""sel_2th_pre_bid"": ""+51400"", ""sel_1th_pre_req_pre"": ""0"", ""sel_fpr_req"": ""57"", ""sel_fpr_bid"": ""+51300"", ""buy_fpr_bid"": ""+51200"", ""buy_fpr_req"": ""134"", ""buy_1th_pre_req_pre"": ""0"", ""buy_2th_pre_bid"": ""+51100"", ""buy_2th_pre_req"": ""1633"", ""buy_2th_pre_req_pre"": ""0"", ""buy_3th_pre_bid"": ""+51000"", ""buy_3th_pre_req"": ""19"", ""buy_3th_pre_req_pre"": ""0"", ""buy_4th_pre_bid"": ""+50900"", ""buy_4th_pre_req"": ""251"", ""buy_4th_pre_req_pre"": ""0"", ""buy_5th_pre_bid"": ""+50800"", ""buy_5th_pre_req"": ""3655"", ""buy_5th_pre_req_pre"": ""0"", ""buy_6th_pre_bid"": ""+50700"", ""buy_6th_pre_req"": ""16"", ""buy_6th_pre_req_pre"": ""0"", ""buy_7th_pre_bid"": ""+50600"", ""buy_7th_pre_req"": ""1"", ""buy_7th_pre_req_pre"": ""0"", ""buy_8th_pre_bid"": ""+50500"", ""buy_8th_pre_req"": ""38"", ""buy_8th_pre_req_pre"": ""0"", ""buy_9th_pre_bid"": ""+50400"", ""buy_9th_pre_req"": ""5"", ""buy_9th_pre_req_pre"": ""0"", ""buy_10th_pre_bid"": ""+50300"", ""buy_10th_pre_req"": ""52"", ""buy_10th_pre_req_pre"": ""0"", ""tot_sel_req_jub_pre"": ""+204"", ""tot_sel_req"": ""3295"", ""tot_buy_req"": ""5804"", ""tot_buy_req_jub_pre"": ""0"", ""ovt_sel_req_pre"": ""0"", ""ovt_sel_req"": ""0"", ""ovt_buy_req"": ""0"", ""ovt_buy_req_pre"": ""0"", ""return_code"": 0, ""return_msg"": ""정상적으로 처리되었습니다""}"
2026-06-10,scan_candidate,003160,,0,main_scan,27850,,27850,27800,27850,27950,0.17953321364452424,0.17953321364452424,,,,,,"{""bid_req_base_tm"": ""112454"", ""sel_10th_pre_req_pre"": ""0"", ""sel_10th_pre_req"": ""211"", ""sel_10th_pre_bid"": ""+28350"", ""sel_9th_pre_req_pre"": ""0"", ""sel_9th_pre_req"": ""303"", ""sel_9th_pre_bid"": ""+28300"", ""sel_8th_pre_req_pre"": ""0"", ""sel_8th_pre_req"": ""101"", ""sel_8th_pre_bid"": ""+28250"", ""sel_7th_pre_req_pre"": ""0"", ""sel_7th_pre_req"": ""111"", ""sel_7th_pre_bid"": ""+28200"", ""sel_6th_pre_req_pre"": ""0"", ""sel_6th_pre_req"": ""133"", ""sel_6th_pre_bid"": ""+28150"", ""sel_5th_pre_req_pre"": ""0"", ""sel_5th_pre_req"": ""121"", ""sel_5th_pre_bid"": ""+28100"", ""sel_4th_pre_req_pre"": ""0"", ""sel_4th_pre_req"": ""60"", ""sel_4th_pre_bid"": ""28050"", ""sel_3th_pre_req_pre"": ""0"", ""sel_3th_pre_req"": ""53"", ""sel_3th_pre_bid"": ""-28000"", ""sel_2th_pre_req_pre"": ""0"", ""sel_2th_pre_req"": ""101"", ""sel_2th_pre_bid"": ""-27900"", ""sel_1th_pre_req_pre"": ""0"", ""sel_fpr_req"": ""135"", ""sel_fpr_bid"": ""-27850"", ""buy_fpr_bid"": ""-27800"", ""buy_fpr_req"": ""1"", ""buy_1th_pre_req_pre"": ""0"", ""buy_2th_pre_bid"": ""-27750"", ""buy_2th_pre_req"": ""412"", ""buy_2th_pre_req_pre"": ""0"", ""buy_3th_pre_bid"": ""-27700"", ""buy_3th_pre_req"": ""332"", ""buy_3th_pre_req_pre"": ""0"", ""buy_4th_pre_bid"": ""-27650"", ""buy_4th_pre_req"": ""127"", ""buy_4th_pre_req_pre"": ""0"", ""buy_5th_pre_bid"": ""-27600"", ""buy_5th_pre_req"": ""461"", ""buy_5th_pre_req_pre"": ""0"", ""buy_6th_pre_bid"": ""-27550"", ""buy_6th_pre_req"": ""289"", ""buy_6th_pre_req_pre"": ""0"", ""buy_7th_pre_bid"": ""-27500"", ""buy_7th_pre_req"": ""1050"", ""buy_7th_pre_req_pre"": ""0"", ""buy_8th_pre_bid"": ""-27450"", ""buy_8th_pre_req"": ""144"", ""buy_8th_pre_req_pre"": ""0"", ""buy_9th_pre_bid"": ""-27400"", ""buy_9th_pre_req"": ""319"", ""buy_9th_pre_req_pre"": ""0"", ""buy_10th_pre_bid"": ""-27350"", ""buy_10th_pre_req"": ""69"", ""buy_10th_pre_req_pre"": ""0"", ""tot_sel_req_jub_pre"": ""0"", ""tot_sel_req"": ""1329"", ""tot_buy_req"": ""3204"", ""tot_buy_req_jub_pre"": ""0"", ""ovt_sel_req_pre"": ""0"", ""ovt_sel_req"": ""0"", ""ovt_buy_req"": ""0"", ""ovt_buy_req_pre"": ""0"", ""return_code"": 0, ""return_msg"": ""정상적으로 처리되었습니다""}"
2026-06-10,scan_candidate,000370,,0,main_scan,6500,,6500,6490,6500,6500,-0.15384615384615385,0.15384615384615385,,,,,,"{""bid_req_base_tm"": ""112449"", ""sel_10th_pre_req_pre"": ""0"", ""sel_10th_pre_req"": ""1523"", ""sel_10th_pre_bid"": ""+6600"", ""sel_9th_pre_req_pre"": ""0"", ""sel_9th_pre_req"": ""312"", ""sel_9th_pre_bid"": ""+6590"", ""sel_8th_pre_req_pre"": ""0"", ""sel_8th_pre_req"": ""112"", ""sel_8th_pre_bid"": ""+6580"", ""sel_7th_pre_req_pre"": ""0"", ""sel_7th_pre_req"": ""753"", ""sel_7th_pre_bid"": ""+6570"", ""sel_6th_pre_req_pre"": ""0"", ""sel_6th_pre_req"": ""104"", ""sel_6th_pre_bid"": ""+6560"", ""sel_5th_pre_req_pre"": ""0"", ""sel_5th_pre_req"": ""175"", ""sel_5th_pre_bid"": ""+6550"", ""sel_4th_pre_req_pre"": ""0"", ""sel_4th_pre_req"": ""1372"", ""sel_4th_pre_bid"": ""+6540"", ""sel_3th_pre_req_pre"": ""0"", ""sel_3th_pre_req"": ""26"", ""sel_3th_pre_bid"": ""+6520"", ""sel_2th_pre_req_pre"": ""0"", ""sel_2th_pre_req"": ""445"", ""sel_2th_pre_bid"": ""+6510"", ""sel_1th_pre_req_pre"": ""0"", ""sel_fpr_req"": ""926"", ""sel_fpr_bid"": ""+6500"", ""buy_fpr_bid"": ""+6490"", ""buy_fpr_req"": ""155"", ""buy_1th_pre_req_pre"": ""0"", ""buy_2th_pre_bid"": ""+6480"", ""buy_2th_pre_req"": ""50"", ""buy_2th_pre_req_pre"": ""0"", ""buy_3th_pre_bid"": ""+6470"", ""buy_3th_pre_req"": ""702"", ""buy_3th_pre_req_pre"": ""0"", ""buy_4th_pre_bid"": ""+6460"", ""buy_4th_pre_req"": ""214"", ""buy_4th_pre_req_pre"": ""--2"", ""buy_5th_pre_bid"": ""6450"", ""buy_5th_pre_req"": ""903"", ""buy_5th_pre_req_pre"": ""0"", ""buy_6th_pre_bid"": ""-6440"", ""buy_6th_pre_req"": ""713"", ""buy_6th_pre_req_pre"": ""0"", ""buy_7th_pre_bid"": ""-6430"", ""buy_7th_pre_req"": ""1610"", ""buy_7th_pre_req_pre"": ""+2"", ""buy_8th_pre_bid"": ""-6420"", ""buy_8th_pre_req"": ""210"", ""buy_8th_pre_req_pre"": ""0"", ""buy_9th_pre_bid"": ""-6410"", ""buy_9th_pre_req"": ""1008"", ""buy_9th_pre_req_pre"": ""0"", ""buy_10th_pre_bid"": ""-6400"", ""buy_10th_pre_req"": ""4828"", ""buy_10th_pre_req_pre"": ""0"", ""tot_sel_req_jub_pre"": ""0"", ""tot_sel_req"": ""5748"", ""tot_buy_req"": ""10393"", ""tot_buy_req_jub_pre"": ""0"", ""ovt_sel_req_pre"": ""0"", ""ovt_sel_req"": ""0"", ""ovt_buy_req"": ""0"", ""ovt_buy_req_pre"": ""0"", ""return_code"": 0, ""return_msg"": ""정상적으로 처리되었습니다""}"
2026-06-10,scan_candidate,114090,,0,main_scan,12090,,12090,12080,12090,12050,-0.7444168734491315,0.0827129859387924,,,,,,"{""bid_req_base_tm"": ""112456"", ""sel_10th_pre_req_pre"": ""0"", ""sel_10th_pre_req"": ""667"", ""sel_10th_pre_bid"": ""+12200"", ""sel_9th_pre_req_pre"": ""0"", ""sel_9th_pre_req"": ""359"", ""sel_9th_pre_bid"": ""+12190"", ""sel_8th_pre_req_pre"": ""0"", ""sel_8th_pre_req"": ""331"", ""sel_8th_pre_bid"": ""+12180"", ""sel_7th_pre_req_pre"": ""0"", ""sel_7th_pre_req"": ""1711"", ""sel_7th_pre_bid"": ""+12170"", ""sel_6th_pre_req_pre"": ""0"", ""sel_6th_pre_req"": ""10"", ""sel_6th_pre_bid"": ""+12160"", ""sel_5th_pre_req_pre"": ""0"", ""sel_5th_pre_req"": ""1185"", ""sel_5th_pre_bid"": ""+12150"", ""sel_4th_pre_req_pre"": ""0"", ""sel_4th_pre_req"": ""443"", ""sel_4th_pre_bid"": ""+12140"", ""sel_3th_pre_req_pre"": ""0"", ""sel_3th_pre_req"": ""420"", ""sel_3th_pre_bid"": ""+12130"", ""sel_2th_pre_req_pre"": ""0"", ""sel_2th_pre_req"": ""1123"", ""sel_2th_pre_bid"": ""+12120"", ""sel_1th_pre_req_pre"": ""0"", ""sel_fpr_req"": ""451"", ""sel_fpr_bid"": ""+12090"", ""buy_fpr_bid"": ""+12080"", ""buy_fpr_req"": ""205"", ""buy_1th_pre_req_pre"": ""--333"", ""buy_2th_pre_bid"": ""+12070"", ""buy_2th_pre_req"": ""225"", ""buy_2th_pre_req_pre"": ""0"", ""buy_3th_pre_bid"": ""+12060"", ""buy_3th_pre_req"": ""198"", ""buy_3th_pre_req_pre"": ""0"", ""buy_4th_pre_bid"": ""+12050"", ""buy_4th_pre_req"": ""499"", ""buy_4th_pre_req_pre"": ""+333"", ""buy_5th_pre_bid"": ""+12040"", ""buy_5th_pre_req"": ""63"", ""buy_5th_pre_req_pre"": ""0"", ""buy_6th_pre_bid"": ""+12020"", ""buy_6th_pre_req"": ""20"", ""buy_6th_pre_req_pre"": ""0"", ""buy_7th_pre_bid"": ""+12010"", ""buy_7th_pre_req"": ""205"", ""buy_7th_pre_req_pre"": ""0"", ""buy_8th_pre_bid"": ""+12000"", ""buy_8th_pre_req"": ""418"", ""buy_8th_pre_req_pre"": ""0"", ""buy_9th_pre_bid"": ""+11990"", ""buy_9th_pre_req"": ""100"", ""buy_9th_pre_req_pre"": ""0"", ""buy_10th_pre_bid"": ""+11980"", ""buy_10th_pre_req"": ""203"", ""buy_10th_pre_req_pre"": ""0"", ""tot_sel_req_jub_pre"": ""0"", ""tot_sel_req"": ""6700"", ""tot_buy_req"": ""2136"", ""tot_buy_req_jub_pre"": ""0"", ""ovt_sel_req_pre"": ""0"", ""ovt_sel_req"": ""0"", ""ovt_buy_req"": ""0"", ""ovt_buy_req_pre"": ""0"", ""return_code"": 0, ""return_msg"": ""정상적으로 처리되었습니다""}"
2026-06-10,scan_candidate,005090,,0,main_scan,51600,,51600,51500,51600,52000,0.5813953488372093,0.1937984496124031,,,,,,"{""bid_req_base_tm"": ""112427"", ""sel_10th_pre_req_pre"": ""0"", ""sel_10th_pre_req"": ""16"", ""sel_10th_pre_bid"": ""+52600"", ""sel_9th_pre_req_pre"": ""0"", ""sel_9th_pre_req"": ""25"", ""sel_9th_pre_bid"": ""+52400"", ""sel_8th_pre_req_pre"": ""0"", ""sel_8th_pre_req"": ""21"", ""sel_8th_pre_bid"": ""+52300"", ""sel_7th_pre_req_pre"": ""0"", ""sel_7th_pre_req"": ""22"", ""sel_7th_pre_bid"": ""+52200"", ""sel_6th_pre_req_pre"": ""0"", ""sel_6th_pre_req"": ""29"", ""sel_6th_pre_bid"": ""+52100"", ""sel_5th_pre_req_pre"": ""0"", ""sel_5th_pre_req"": ""6"", ""sel_5th_pre_bid"": ""+52000"", ""sel_4th_pre_req_pre"": ""0"", ""sel_4th_pre_req"": ""3"", ""sel_4th_pre_bid"": ""+51900"", ""sel_3th_pre_req_pre"": ""0"", ""sel_3th_pre_req"": ""8"", ""sel_3th_pre_bid"": ""+51800"", ""sel_2th_pre_req_pre"": ""0"", ""sel_2th_pre_req"": ""95"", ""sel_2th_pre_bid"": ""+51700"", ""sel_1th_pre_req_pre"": ""0"", ""sel_fpr_req"": ""51"", ""sel_fpr_bid"": ""+51600"", ""buy_fpr_bid"": ""+51500"", ""buy_fpr_req"": ""246"", ""buy_1th_pre_req_pre"": ""0"", ""buy_2th_pre_bid"": ""+51400"", ""buy_2th_pre_req"": ""113"", ""buy_2th_pre_req_pre"": ""0"", ""buy_3th_pre_bid"": ""+51300"", ""buy_3th_pre_req"": ""108"", ""buy_3th_pre_req_pre"": ""0"", ""buy_4th_pre_bid"": ""+51200"", ""buy_4th_pre_req"": ""1547"", ""buy_4th_pre_req_pre"": ""0"", ""buy_5th_pre_bid"": ""+51100"", ""buy_5th_pre_req"": ""149"", ""buy_5th_pre_req_pre"": ""0"", ""buy_6th_pre_bid"": ""+51000"", ""buy_6th_pre_req"": ""429"", ""buy_6th_pre_req_pre"": ""0"", ""buy_7th_pre_bid"": ""+50900"", ""buy_7th_pre_req"": ""225"", ""buy_7th_pre_req_pre"": ""0"", ""buy_8th_pre_bid"": ""+50800"", ""buy_8th_pre_req"": ""202"", ""buy_8th_pre_req_pre"": ""0"", ""buy_9th_pre_bid"": ""+50700"", ""buy_9th_pre_req"": ""271"", ""buy_9th_pre_req_pre"": ""0"", ""buy_10th_pre_bid"": ""+50600"", ""buy_10th_pre_req"": ""157"", ""buy_10th_pre_req_pre"": ""0"", ""tot_sel_req_jub_pre"": ""0"", ""tot_sel_req"": ""276"", ""tot_buy_req"": ""3447"", ""tot_buy_req_jub_pre"": ""0"", ""ovt_sel_req_pre"": ""0"", ""ovt_sel_req"": ""0"", ""ovt_buy_req"": ""0"", ""ovt_buy_req_pre"": ""0"", ""return_code"": 0, ""return_msg"": ""정상적으로 처리되었습니다""}"
2026-06-10,scan_candidate,017900,,0,main_scan,9260,,9260,9240,9260,9250,-0.21598272138228944,0.21598272138228944,,,,,,"{""bid_req_base_tm"": ""112457"", ""sel_10th_pre_req_pre"": ""0"", ""sel_10th_pre_req"": ""2497"", ""sel_10th_pre_bid"": ""+9350"", ""sel_9th_pre_req_pre"": ""0"", ""sel_9th_pre_req"": ""301"", ""sel_9th_pre_bid"": ""+9340"", ""sel_8th_pre_req_pre"": ""0"", ""sel_8th_pre_req"": ""644"", ""sel_8th_pre_bid"": ""+9330"", ""sel_7th_pre_req_pre"": ""0"", ""sel_7th_pre_req"": ""1401"", ""sel_7th_pre_bid"": ""+9320"", ""sel_6th_pre_req_pre"": ""0"", ""sel_6th_pre_req"": ""2"", ""sel_6th_pre_bid"": ""+9310"", ""sel_5th_pre_req_pre"": ""0"", ""sel_5th_pre_req"": ""651"", ""sel_5th_pre_bid"": ""+9300"", ""sel_4th_pre_req_pre"": ""0"", ""sel_4th_pre_req"": ""144"", ""sel_4th_pre_bid"": ""+9290"", ""sel_3th_pre_req_pre"": ""0"", ""sel_3th_pre_req"": ""6510"", ""sel_3th_pre_bid"": ""+9280"", ""sel_2th_pre_req_pre"": ""0"", ""sel_2th_pre_req"": ""1044"", ""sel_2th_pre_bid"": ""+9270"", ""sel_1th_pre_req_pre"": ""0"", ""sel_fpr_req"": ""347"", ""sel_fpr_bid"": ""+9260"", ""buy_fpr_bid"": ""+9240"", ""buy_fpr_req"": ""648"", ""buy_1th_pre_req_pre"": ""0"", ""buy_2th_pre_bid"": ""+9230"", ""buy_2th_pre_req"": ""1167"", ""buy_2th_pre_req_pre"": ""0"", ""buy_3th_pre_bid"": ""+9220"", ""buy_3th_pre_req"": ""20"", ""buy_3th_pre_req_pre"": ""0"", ""buy_4th_pre_bid"": ""+9210"", ""buy_4th_pre_req"": ""3101"", ""buy_4th_pre_req_pre"": ""0"", ""buy_5th_pre_bid"": ""+9200"", ""buy_5th_pre_req"": ""501"", ""buy_5th_pre_req_pre"": ""0"", ""buy_6th_pre_bid"": ""9190"", ""buy_6th_pre_req"": ""2736"", ""buy_6th_pre_req_pre"": ""0"", ""buy_7th_pre_bid"": ""-9180"", ""buy_7th_pre_req"": ""1661"", ""buy_7th_pre_req_pre"": ""0"", ""buy_8th_pre_bid"": ""-9170"", ""buy_8th_pre_req"": ""1559"", ""buy_8th_pre_req_pre"": ""0"", ""buy_9th_pre_bid"": ""-9160"", ""buy_9th_pre_req"": ""567"", ""buy_9th_pre_req_pre"": ""0"", ""buy_10th_pre_bid"": ""-9150"", ""buy_10th_pre_req"": ""1464"", ""buy_10th_pre_req_pre"": ""0"", ""tot_sel_req_jub_pre"": ""0"", ""tot_sel_req"": ""13541"", ""tot_buy_req"": ""13424"", ""tot_buy_req_jub_pre"": ""0"", ""ovt_sel_req_pre"": ""0"", ""ovt_sel_req"": ""0"", ""ovt_buy_req"": ""0"", ""ovt_buy_req_pre"": ""0"", ""return_code"": 0, ""return_msg"": ""정상적으로 처리되었습니다""}"
2026-06-10,scan_candidate,004710,,0,main_scan,10820,,10820,10750,10820,10800,-0.6469500924214419,0.6469500924214419,,,,,,"{""bid_req_base_tm"": ""112457"", ""sel_10th_pre_req_pre"": ""0"", ""sel_10th_pre_req"": ""42"", ""sel_10th_pre_bid"": ""+11050"", ""sel_9th_pre_req_pre"": ""0"", ""sel_9th_pre_req"": ""6"", ""sel_9th_pre_bid"": ""+11040"", ""sel_8th_pre_req_pre"": ""0"", ""sel_8th_pre_req"": ""1005"", ""sel_8th_pre_bid"": ""+11030"", ""sel_7th_pre_req_pre"": ""0"", ""sel_7th_pre_req"": ""1001"", ""sel_7th_pre_bid"": ""+11000"", ""sel_6th_pre_req_pre"": ""0"", ""sel_6th_pre_req"": ""71"", ""sel_6th_pre_bid"": ""+10900"", ""sel_5th_pre_req_pre"": ""0"", ""sel_5th_pre_req"": ""20"", ""sel_5th_pre_bid"": ""+10880"", ""sel_4th_pre_req_pre"": ""0"", ""sel_4th_pre_req"": ""10"", ""sel_4th_pre_bid"": ""+10850"", ""sel_3th_pre_req_pre"": ""0"", ""sel_3th_pre_req"": ""10"", ""sel_3th_pre_bid"": ""+10840"", ""sel_2th_pre_req_pre"": ""0"", ""sel_2th_pre_req"": ""10"", ""sel_2th_pre_bid"": ""+10830"", ""sel_1th_pre_req_pre"": ""0"", ""sel_fpr_req"": ""24"", ""sel_fpr_bid"": ""+10820"", ""buy_fpr_bid"": ""+10750"", ""buy_fpr_req"": ""56"", ""buy_1th_pre_req_pre"": ""+1"", ""buy_2th_pre_bid"": ""+10740"", ""buy_2th_pre_req"": ""946"", ""buy_2th_pre_req_pre"": ""0"", ""buy_3th_pre_bid"": ""+10730"", ""buy_3th_pre_req"": ""204"", ""buy_3th_pre_req_pre"": ""0"", ""buy_4th_pre_bid"": ""+10720"", ""buy_4th_pre_req"": ""215"", ""buy_4th_pre_req_pre"": ""0"", ""buy_5th_pre_bid"": ""+10710"", ""buy_5th_pre_req"": ""1"", ""buy_5th_pre_req_pre"": ""0"", ""buy_6th_pre_bid"": ""+10700"", ""buy_6th_pre_req"": ""366"", ""buy_6th_pre_req_pre"": ""0"", ""buy_7th_pre_bid"": ""+10690"", ""buy_7th_pre_req"": ""12"", ""buy_7th_pre_req_pre"": ""0"", ""buy_8th_pre_bid"": ""+10680"", ""buy_8th_pre_req"": ""36"", ""buy_8th_pre_req_pre"": ""0"", ""buy_9th_pre_bid"": ""+10670"", ""buy_9th_pre_req"": ""3"", ""buy_9th_pre_req_pre"": ""0"", ""buy_10th_pre_bid"": ""+10660"", ""buy_10th_pre_req"": ""29"", ""buy_10th_pre_req_pre"": ""0"", ""tot_sel_req_jub_pre"": ""0"", ""tot_sel_req"": ""2199"", ""tot_buy_req"": ""1868"", ""tot_buy_req_jub_pre"": ""+1"", ""ovt_sel_req_pre"": ""0"", ""ovt_sel_req"": ""0"", ""ovt_buy_req"": ""0"", ""ovt_buy_req_pre"": ""0"", ""return_code"": 0, ""return_msg"": ""정상적으로 처리되었습니다""}"
2026-06-10,scan_candidate,006220,,0,main_scan,11790,,11790,11720,11790,11700,-1.1874469889737065,0.5937234944868532,,,,,,"{""bid_req_base_tm"": ""112458"", ""sel_10th_pre_req_pre"": ""0"", ""sel_10th_pre_req"": ""485"", ""sel_10th_pre_bid"": ""+11880"", ""sel_9th_pre_req_pre"": ""0"", ""sel_9th_pre_req"": ""3593"", ""sel_9th_pre_bid"": ""+11870"", ""sel_8th_pre_req_pre"": ""0"", ""sel_8th_pre_req"": ""859"", ""sel_8th_pre_bid"": ""+11860"", ""sel_7th_pre_req_pre"": ""0"", ""sel_7th_pre_req"": ""2366"", ""sel_7th_pre_bid"": ""+11850"", ""sel_6th_pre_req_pre"": ""0"", ""sel_6th_pre_req"": ""1125"", ""sel_6th_pre_bid"": ""+11840"", ""sel_5th_pre_req_pre"": ""0"", ""sel_5th_pre_req"": ""767"", ""sel_5th_pre_bid"": ""+11830"", ""sel_4th_pre_req_pre"": ""0"", ""sel_4th_pre_req"": ""126"", ""sel_4th_pre_bid"": ""+11820"", ""sel_3th_pre_req_pre"": ""0"", ""sel_3th_pre_req"": ""451"", ""sel_3th_pre_bid"": ""+11810"", ""sel_2th_pre_req_pre"": ""0"", ""sel_2th_pre_req"": ""80"", ""sel_2th_pre_bid"": ""+11800"", ""sel_1th_pre_req_pre"": ""0"", ""sel_fpr_req"": ""127"", ""sel_fpr_bid"": ""+11790"", ""buy_fpr_bid"": ""+11720"", ""buy_fpr_req"": ""252"", ""buy_1th_pre_req_pre"": ""+9"", ""buy_2th_pre_bid"": ""+11710"", ""buy_2th_pre_req"": ""149"", ""buy_2th_pre_req_pre"": ""0"", ""buy_3th_pre_bid"": ""+11700"", ""buy_3th_pre_req"": ""443"", ""buy_3th_pre_req_pre"": ""0"", ""buy_4th_pre_bid"": ""+11690"", ""buy_4th_pre_req"": ""42"", ""buy_4th_pre_req_pre"": ""0"", ""buy_5th_pre_bid"": ""+11680"", ""buy_5th_pre_req"": ""17"", ""buy_5th_pre_req_pre"": ""0"", ""buy_6th_pre_bid"": ""+11670"", ""buy_6th_pre_req"": ""272"", ""buy_6th_pre_req_pre"": ""0"", ""buy_7th_pre_bid"": ""+11660"", ""buy_7th_pre_req"": ""169"", ""buy_7th_pre_req_pre"": ""0"", ""buy_8th_pre_bid"": ""+11650"", ""buy_8th_pre_req"": ""417"", ""buy_8th_pre_req_pre"": ""0"", ""buy_9th_pre_bid"": ""+11640"", ""buy_9th_pre_req"": ""314"", ""buy_9th_pre_req_pre"": ""0"", ""buy_10th_pre_bid"": ""+11630"", ""buy_10th_pre_req"": ""23"", ""buy_10th_pre_req_pre"": ""0"", ""tot_sel_req_jub_pre"": ""0"", ""tot_sel_req"": ""9979"", ""tot_buy_req"": ""2098"", ""tot_buy_req_jub_pre"": ""+9"", ""ovt_sel_req_pre"": ""0"", ""ovt_sel_req"": ""0"", ""ovt_buy_req"": ""0"", ""ovt_buy_req_pre"": ""0"", ""return_code"": 0, ""return_msg"": ""정상적으로 처리되었습니다""}"
2026-06-10,scan_candidate,092200,,0,main_scan,9420,,9420,9410,9420,9460,0.3184713375796179,0.10615711252653928,,,,,,"{""bid_req_base_tm"": ""112458"", ""sel_10th_pre_req_pre"": ""0"", ""sel_10th_pre_req"": ""1284"", ""sel_10th_pre_bid"": ""-9520"", ""sel_9th_pre_req_pre"": ""0"", ""sel_9th_pre_req"": ""110"", ""sel_9th_pre_bid"": ""-9510"", ""sel_8th_pre_req_pre"": ""0"", ""sel_8th_pre_req"": ""145"", ""sel_8th_pre_bid"": ""-9500"", ""sel_7th_pre_req_pre"": ""0"", ""sel_7th_pre_req"": ""110"", ""sel_7th_pre_bid"": ""-9490"", ""sel_6th_pre_req_pre"": ""0"", ""sel_6th_pre_req"": ""2"", ""sel_6th_pre_bid"": ""-9470"", ""sel_5th_pre_req_pre"": ""0"", ""sel_5th_pre_req"": ""51"", ""sel_5th_pre_bid"": ""-9460"", ""sel_4th_pre_req_pre"": ""0"", ""sel_4th_pre_req"": ""151"", ""sel_4th_pre_bid"": ""-9450"", ""sel_3th_pre_req_pre"": ""0"", ""sel_3th_pre_req"": ""509"", ""sel_3th_pre_bid"": ""-9440"", ""sel_2th_pre_req_pre"": ""0"", ""sel_2th_pre_req"": ""1015"", ""sel_2th_pre_bid"": ""-9430"", ""sel_1th_pre_req_pre"": ""0"", ""sel_fpr_req"": ""105"", ""sel_fpr_bid"": ""-9420"", ""buy_fpr_bid"": ""-9410"", ""buy_fpr_req"": ""4977"", ""buy_1th_pre_req_pre"": ""0"", ""buy_2th_pre_bid"": ""-9400"", ""buy_2th_pre_req"": ""8856"", ""buy_2th_pre_req_pre"": ""0"", ""buy_3th_pre_bid"": ""-9390"", ""buy_3th_pre_req"": ""2482"", ""buy_3th_pre_req_pre"": ""0"", ""buy_4th_pre_bid"": ""-9380"", ""buy_4th_pre_req"": ""3827"", ""buy_4th_pre_req_pre"": ""0"", ""buy_5th_pre_bid"": ""-9370"", ""buy_5th_pre_req"": ""1353"", ""buy_5th_pre_req_pre"": ""0"", ""buy_6th_pre_bid"": ""-9360"", ""buy_6th_pre_req"": ""724"", ""buy_6th_pre_req_pre"": ""0"", ""buy_7th_pre_bid"": ""-9350"", ""buy_7th_pre_req"": ""716"", ""buy_7th_pre_req_pre"": ""0"", ""buy_8th_pre_bid"": ""-9340"", ""buy_8th_pre_req"": ""927"", ""buy_8th_pre_req_pre"": ""0"", ""buy_9th_pre_bid"": ""-9330"", ""buy_9th_pre_req"": ""1363"", ""buy_9th_pre_req_pre"": ""0"", ""buy_10th_pre_bid"": ""-9320"", ""buy_10th_pre_req"": ""501"", ""buy_10th_pre_req_pre"": ""0"", ""tot_sel_req_jub_pre"": ""+75"", ""tot_sel_req"": ""3482"", ""tot_buy_req"": ""25726"", ""tot_buy_req_jub_pre"": ""0"", ""ovt_sel_req_pre"": ""0"", ""ovt_sel_req"": ""0"", ""ovt_buy_req"": ""0"", ""ovt_buy_req_pre"": ""0"", ""return_code"": 0, ""return_msg"": ""정상적으로 처리되었습니다""}"
2026-06-10,scan_candidate,000430,,0,main_scan,5560,,5560,5550,5560,5590,0.3597122302158274,0.1798561151079137,,,,,,"{""bid_req_base_tm"": ""112458"", ""sel_10th_pre_req_pre"": ""0"", ""sel_10th_pre_req"": ""126"", ""sel_10th_pre_bid"": ""-5660"", ""sel_9th_pre_req_pre"": ""0"", ""sel_9th_pre_req"": ""10"", ""sel_9th_pre_bid"": ""-5650"", ""sel_8th_pre_req_pre"": ""0"", ""sel_8th_pre_req"": ""165"", ""sel_8th_pre_bid"": ""-5640"", ""sel_7th_pre_req_pre"": ""0"", ""sel_7th_pre_req"": ""62"", ""sel_7th_pre_bid"": ""-5630"", ""sel_6th_pre_req_pre"": ""0"", ""sel_6th_pre_req"": ""29"", ""sel_6th_pre_bid"": ""-5620"", ""sel_5th_pre_req_pre"": ""0"", ""sel_5th_pre_req"": ""1538"", ""sel_5th_pre_bid"": ""-5600"", ""sel_4th_pre_req_pre"": ""0"", ""sel_4th_pre_req"": ""5324"", ""sel_4th_pre_bid"": ""-5590"", ""sel_3th_pre_req_pre"": ""0"", ""sel_3th_pre_req"": ""422"", ""sel_3th_pre_bid"": ""-5580"", ""sel_2th_pre_req_pre"": ""0"", ""sel_2th_pre_req"": ""1450"", ""sel_2th_pre_bid"": ""-5570"", ""sel_1th_pre_req_pre"": ""--121"", ""sel_fpr_req"": ""5941"", ""sel_fpr_bid"": ""-5560"", ""buy_fpr_bid"": ""-5550"", ""buy_fpr_req"": ""50"", ""buy_1th_pre_req_pre"": ""--121"", ""buy_2th_pre_bid"": ""-5540"", ""buy_2th_pre_req"": ""3241"", ""buy_2th_pre_req_pre"": ""0"", ""buy_3th_pre_bid"": ""-5530"", ""buy_3th_pre_req"": ""7851"", ""buy_3th_pre_req_pre"": ""0"", ""buy_4th_pre_bid"": ""-5520"", ""buy_4th_pre_req"": ""11547"", ""buy_4th_pre_req_pre"": ""0"", ""buy_5th_pre_bid"": ""-5510"", ""buy_5th_pre_req"": ""10372"", ""buy_5th_pre_req_pre"": ""0"", ""buy_6th_pre_bid"": ""-5500"", ""buy_6th_pre_req"": ""33043"", ""buy_6th_pre_req_pre"": ""0"", ""buy_7th_pre_bid"": ""-5490"", ""buy_7th_pre_req"": ""9869"", ""buy_7th_pre_req_pre"": ""0"", ""buy_8th_pre_bid"": ""-5480"", ""buy_8th_pre_req"": ""992"", ""buy_8th_pre_req_pre"": ""0"", ""buy_9th_pre_bid"": ""-5470"", ""buy_9th_pre_req"": ""753"", ""buy_9th_pre_req_pre"": ""0"", ""buy_10th_pre_bid"": ""-5460"", ""buy_10th_pre_req"": ""1971"", ""buy_10th_pre_req_pre"": ""0"", ""tot_sel_req_jub_pre"": ""--121"", ""tot_sel_req"": ""15067"", ""tot_buy_req"": ""79689"", ""tot_buy_req_jub_pre"": ""--121"", ""ovt_sel_req_pre"": ""0"", ""ovt_sel_req"": ""0"", ""ovt_buy_req"": ""0"", ""ovt_buy_req_pre"": ""0"", ""return_code"": 0, ""return_msg"": ""정상적으로 처리되었습니다""}"
2026-06-10,scan_candidate,010690,,0,main_scan,10490,,10490,10440,10490,10500,-0.3813155386081983,0.47664442326024786,,,,,,"{""bid_req_base_tm"": ""112458"", ""sel_10th_pre_req_pre"": ""0"", ""sel_10th_pre_req"": ""2"", ""sel_10th_pre_bid"": ""+10580"", ""sel_9th_pre_req_pre"": ""0"", ""sel_9th_pre_req"": ""2"", ""sel_9th_pre_bid"": ""+10570"", ""sel_8th_pre_req_pre"": ""0"", ""sel_8th_pre_req"": ""274"", ""sel_8th_pre_bid"": ""+10560"", ""sel_7th_pre_req_pre"": ""0"", ""sel_7th_pre_req"": ""8"", ""sel_7th_pre_bid"": ""+10550"", ""sel_6th_pre_req_pre"": ""0"", ""sel_6th_pre_req"": ""8"", ""sel_6th_pre_bid"": ""+10540"", ""sel_5th_pre_req_pre"": ""0"", ""sel_5th_pre_req"": ""10"", ""sel_5th_pre_bid"": ""+10530"", ""sel_4th_pre_req_pre"": ""0"", ""sel_4th_pre_req"": ""17"", ""sel_4th_pre_bid"": ""+10520"", ""sel_3th_pre_req_pre"": ""0"", ""sel_3th_pre_req"": ""505"", ""sel_3th_pre_bid"": ""+10510"", ""sel_2th_pre_req_pre"": ""0"", ""sel_2th_pre_req"": ""54"", ""sel_2th_pre_bid"": ""+10500"", ""sel_1th_pre_req_pre"": ""0"", ""sel_fpr_req"": ""46"", ""sel_fpr_bid"": ""+10490"", ""buy_fpr_bid"": ""+10440"", ""buy_fpr_req"": ""64"", ""buy_1th_pre_req_pre"": ""+30"", ""buy_2th_pre_bid"": ""+10430"", ""buy_2th_pre_req"": ""180"", ""buy_2th_pre_req_pre"": ""0"", ""buy_3th_pre_bid"": ""+10420"", ""buy_3th_pre_req"": ""1271"", ""buy_3th_pre_req_pre"": ""0"", ""buy_4th_pre_bid"": ""+10410"", ""buy_4th_pre_req"": ""469"", ""buy_4th_pre_req_pre"": ""0"", ""buy_5th_pre_bid"": ""+10400"", ""buy_5th_pre_req"": ""306"", ""buy_5th_pre_req_pre"": ""0"", ""buy_6th_pre_bid"": ""+10390"", ""buy_6th_pre_req"": ""66"", ""buy_6th_pre_req_pre"": ""0"", ""buy_7th_pre_bid"": ""+10380"", ""buy_7th_pre_req"": ""913"", ""buy_7th_pre_req_pre"": ""0"", ""buy_8th_pre_bid"": ""+10370"", ""buy_8th_pre_req"": ""33"", ""buy_8th_pre_req_pre"": ""0"", ""buy_9th_pre_bid"": ""+10360"", ""buy_9th_pre_req"": ""6"", ""buy_9th_pre_req_pre"": ""0"", ""buy_10th_pre_bid"": ""+10350"", ""buy_10th_pre_req"": ""263"", ""buy_10th_pre_req_pre"": ""0"", ""tot_sel_req_jub_pre"": ""0"", ""tot_sel_req"": ""926"", ""tot_buy_req"": ""3571"", ""tot_buy_req_jub_pre"": ""+30"", ""ovt_sel_req_pre"": ""0"", ""ovt_sel_req"": ""0"", ""ovt_buy_req"": ""0"", ""ovt_buy_req_pre"": ""0"", ""return_code"": 0, ""return_msg"": ""정상적으로 처리되었습니다""}"
2026-06-10,scan_candidate,005950,,0,main_scan,11840,,11840,11810,11840,11850,-0.33783783783783783,0.2533783783783784,,,,,,"{""bid_req_base_tm"": ""112458"", ""sel_10th_pre_req_pre"": ""0"", ""sel_10th_pre_req"": ""1"", ""sel_10th_pre_bid"": ""+11990"", ""sel_9th_pre_req_pre"": ""0"", ""sel_9th_pre_req"": ""226"", ""sel_9th_pre_bid"": ""+11970"", ""sel_8th_pre_req_pre"": ""0"", ""sel_8th_pre_req"": ""178"", ""sel_8th_pre_bid"": ""+11940"", ""sel_7th_pre_req_pre"": ""0"", ""sel_7th_pre_req"": ""222"", ""sel_7th_pre_bid"": ""+11930"", ""sel_6th_pre_req_pre"": ""0"", ""sel_6th_pre_req"": ""49"", ""sel_6th_pre_bid"": ""+11920"", ""sel_5th_pre_req_pre"": ""0"", ""sel_5th_pre_req"": ""72"", ""sel_5th_pre_bid"": ""+11910"", ""sel_4th_pre_req_pre"": ""0"", ""sel_4th_pre_req"": ""8"", ""sel_4th_pre_bid"": ""+11870"", ""sel_3th_pre_req_pre"": ""0"", ""sel_3th_pre_req"": ""106"", ""sel_3th_pre_bid"": ""+11860"", ""sel_2th_pre_req_pre"": ""0"", ""sel_2th_pre_req"": ""244"", ""sel_2th_pre_bid"": ""+11850"", ""sel_1th_pre_req_pre"": ""0"", ""sel_fpr_req"": ""804"", ""sel_fpr_bid"": ""+11840"", ""buy_fpr_bid"": ""+11810"", ""buy_fpr_req"": ""87"", ""buy_1th_pre_req_pre"": ""--3"", ""buy_2th_pre_bid"": ""+11800"", ""buy_2th_pre_req"": ""1599"", ""buy_2th_pre_req_pre"": ""0"", ""buy_3th_pre_bid"": ""+11790"", ""buy_3th_pre_req"": ""30"", ""buy_3th_pre_req_pre"": ""0"", ""buy_4th_pre_bid"": ""+11780"", ""buy_4th_pre_req"": ""5"", ""buy_4th_pre_req_pre"": ""0"", ""buy_5th_pre_bid"": ""+11770"", ""buy_5th_pre_req"": ""5"", ""buy_5th_pre_req_pre"": ""0"", ""buy_6th_pre_bid"": ""+11760"", ""buy_6th_pre_req"": ""95"", ""buy_6th_pre_req_pre"": ""0"", ""buy_7th_pre_bid"": ""+11750"", ""buy_7th_pre_req"": ""245"", ""buy_7th_pre_req_pre"": ""0"", ""buy_8th_pre_bid"": ""+11740"", ""buy_8th_pre_req"": ""13"", ""buy_8th_pre_req_pre"": ""0"", ""buy_9th_pre_bid"": ""+11730"", ""buy_9th_pre_req"": ""8"", ""buy_9th_pre_req_pre"": ""0"", ""buy_10th_pre_bid"": ""+11720"", ""buy_10th_pre_req"": ""115"", ""buy_10th_pre_req_pre"": ""0"", ""tot_sel_req_jub_pre"": ""0"", ""tot_sel_req"": ""1910"", ""tot_buy_req"": ""2202"", ""tot_buy_req_jub_pre"": ""--3"", ""ovt_sel_req_pre"": ""0"", ""ovt_sel_req"": ""0"", ""ovt_buy_req"": ""0"", ""ovt_buy_req_pre"": ""0"", ""return_code"": 0, ""return_msg"": ""정상적으로 처리되었습니다""}"
2026-06-10,watchlist,014680,,0,filtered_candidate_recheck,259500,,259500,258000,259500,260500,0.1926782273603083,0.5780346820809248,,,,,,"{""bid_req_base_tm"": ""112645"", ""sel_10th_pre_req_pre"": ""0"", ""sel_10th_pre_req"": ""86"", ""sel_10th_pre_bid"": ""+264000"", ""sel_9th_pre_req_pre"": ""0"", ""sel_9th_pre_req"": ""13"", ""sel_9th_pre_bid"": ""+263500"", ""sel_8th_pre_req_pre"": ""0"", ""sel_8th_pre_req"": ""10"", ""sel_8th_pre_bid"": ""+263000"", ""sel_7th_pre_req_pre"": ""0"", ""sel_7th_pre_req"": ""4"", ""sel_7th_pre_bid"": ""+262500"", ""sel_6th_pre_req_pre"": ""0"", ""sel_6th_pre_req"": ""2"", ""sel_6th_pre_bid"": ""+262000"", ""sel_5th_pre_req_pre"": ""0"", ""sel_5th_pre_req"": ""2"", ""sel_5th_pre_bid"": ""+261500"", ""sel_4th_pre_req_pre"": ""0"", ""sel_4th_pre_req"": ""5"", ""sel_4th_pre_bid"": ""+261000"", ""sel_3th_pre_req_pre"": ""0"", ""sel_3th_pre_req"": ""12"", ""sel_3th_pre_bid"": ""+260500"", ""sel_2th_pre_req_pre"": ""0"", ""sel_2th_pre_req"": ""7"", ""sel_2th_pre_bid"": ""+260000"", ""sel_1th_pre_req_pre"": ""+1"", ""sel_fpr_req"": ""18"", ""sel_fpr_bid"": ""+259500"", ""buy_fpr_bid"": ""+258000"", ""buy_fpr_req"": ""3"", ""buy_1th_pre_req_pre"": ""0"", ""buy_2th_pre_bid"": ""+257500"", ""buy_2th_pre_req"": ""64"", ""buy_2th_pre_req_pre"": ""0"", ""buy_3th_pre_bid"": ""+257000"", ""buy_3th_pre_req"": ""211"", ""buy_3th_pre_req_pre"": ""0"", ""buy_4th_pre_bid"": ""+256500"", ""buy_4th_pre_req"": ""221"", ""buy_4th_pre_req_pre"": ""0"", ""buy_5th_pre_bid"": ""+256000"", ""buy_5th_pre_req"": ""258"", ""buy_5th_pre_req_pre"": ""0"", ""buy_6th_pre_bid"": ""+255500"", ""buy_6th_pre_req"": ""329"", ""buy_6th_pre_req_pre"": ""0"", ""buy_7th_pre_bid"": ""+255000"", ""buy_7th_pre_req"": ""504"", ""buy_7th_pre_req_pre"": ""0"", ""buy_8th_pre_bid"": ""+254500"", ""buy_8th_pre_req"": ""523"", ""buy_8th_pre_req_pre"": ""0"", ""buy_9th_pre_bid"": ""+254000"", ""buy_9th_pre_req"": ""528"", ""buy_9th_pre_req_pre"": ""0"", ""buy_10th_pre_bid"": ""+253500"", ""buy_10th_pre_req"": ""101"", ""buy_10th_pre_req_pre"": ""0"", ""tot_sel_req_jub_pre"": ""+1"", ""tot_sel_req"": ""159"", ""tot_buy_req"": ""2742"", ""tot_buy_req_jub_pre"": ""0"", ""ovt_sel_req_pre"": ""0"", ""ovt_sel_req"": ""0"", ""ovt_buy_req"": ""0"", ""ovt_buy_req_pre"": ""0"", ""return_code"": 0, ""return_msg"": ""정상적으로 처리되었습니다""}"
2026-06-10,watchlist,035420,,1,filtered_candidate_recheck,231500,,231500,231000,231500,233000,0.4319654427645789,0.21598272138228944,,,,,,"{""bid_req_base_tm"": ""112645"", ""sel_10th_pre_req_pre"": ""0"", ""sel_10th_pre_req"": ""3323"", ""sel_10th_pre_bid"": ""-236000"", ""sel_9th_pre_req_pre"": ""0"", ""sel_9th_pre_req"": ""2405"", ""sel_9th_pre_bid"": ""-235500"", ""sel_8th_pre_req_pre"": ""0"", ""sel_8th_pre_req"": ""1973"", ""sel_8th_pre_bid"": ""-235000"", ""sel_7th_pre_req_pre"": ""0"", ""sel_7th_pre_req"": ""1891"", ""sel_7th_pre_bid"": ""-234500"", ""sel_6th_pre_req_pre"": ""0"", ""sel_6th_pre_req"": ""1902"", ""sel_6th_pre_bid"": ""-234000"", ""sel_5th_pre_req_pre"": ""0"", ""sel_5th_pre_req"": ""1508"", ""sel_5th_pre_bid"": ""-233500"", ""sel_4th_pre_req_pre"": ""0"", ""sel_4th_pre_req"": ""3146"", ""sel_4th_pre_bid"": ""-233000"", ""sel_3th_pre_req_pre"": ""0"", ""sel_3th_pre_req"": ""1397"", ""sel_3th_pre_bid"": ""-232500"", ""sel_2th_pre_req_pre"": ""0"", ""sel_2th_pre_req"": ""2436"", ""sel_2th_pre_bid"": ""-232000"", ""sel_1th_pre_req_pre"": ""0"", ""sel_fpr_req"": ""3662"", ""sel_fpr_bid"": ""-231500"", ""buy_fpr_bid"": ""-231000"", ""buy_fpr_req"": ""3646"", ""buy_1th_pre_req_pre"": ""+8"", ""buy_2th_pre_bid"": ""-230500"", ""buy_2th_pre_req"": ""22265"", ""buy_2th_pre_req_pre"": ""0"", ""buy_3th_pre_bid"": ""-230000"", ""buy_3th_pre_req"": ""69505"", ""buy_3th_pre_req_pre"": ""0"", ""buy_4th_pre_bid"": ""-229500"", ""buy_4th_pre_req"": ""7185"", ""buy_4th_pre_req_pre"": ""0"", ""buy_5th_pre_bid"": ""-229000"", ""buy_5th_pre_req"": ""8461"", ""buy_5th_pre_req_pre"": ""0"", ""buy_6th_pre_bid"": ""-228500"", ""buy_6th_pre_req"": ""9469"", ""buy_6th_pre_req_pre"": ""0"", ""buy_7th_pre_bid"": ""-228000"", ""buy_7th_pre_req"": ""8668"", ""buy_7th_pre_req_pre"": ""0"", ""buy_8th_pre_bid"": ""-227500"", ""buy_8th_pre_req"": ""3960"", ""buy_8th_pre_req_pre"": ""0"", ""buy_9th_pre_bid"": ""-227000"", ""buy_9th_pre_req"": ""6460"", ""buy_9th_pre_req_pre"": ""0"", ""buy_10th_pre_bid"": ""-226500"", ""buy_10th_pre_req"": ""8839"", ""buy_10th_pre_req_pre"": ""0"", ""tot_sel_req_jub_pre"": ""0"", ""tot_sel_req"": ""23643"", ""tot_buy_req"": ""148458"", ""tot_buy_req_jub_pre"": ""+8"", ""ovt_sel_req_pre"": ""0"", ""ovt_sel_req"": ""0"", ""ovt_buy_req"": ""0"", ""ovt_buy_req_pre"": ""0"", ""return_code"": 0, ""return_msg"": ""정상적으로 처리되었습니다""}"
2026-06-10,watchlist,036570,,0,filtered_candidate_recheck,256000,,256000,255500,256000,257500,0.390625,0.1953125,,,,,,"{""bid_req_base_tm"": ""112645"", ""sel_10th_pre_req_pre"": ""0"", ""sel_10th_pre_req"": ""15"", ""sel_10th_pre_bid"": ""-260500"", ""sel_9th_pre_req_pre"": ""0"", ""sel_9th_pre_req"": ""120"", ""sel_9th_pre_bid"": ""-260000"", ""sel_8th_pre_req_pre"": ""0"", ""sel_8th_pre_req"": ""61"", ""sel_8th_pre_bid"": ""-259500"", ""sel_7th_pre_req_pre"": ""0"", ""sel_7th_pre_req"": ""12"", ""sel_7th_pre_bid"": ""-259000"", ""sel_6th_pre_req_pre"": ""0"", ""sel_6th_pre_req"": ""13"", ""sel_6th_pre_bid"": ""-258500"", ""sel_5th_pre_req_pre"": ""0"", ""sel_5th_pre_req"": ""10"", ""sel_5th_pre_bid"": ""-258000"", ""sel_4th_pre_req_pre"": ""0"", ""sel_4th_pre_req"": ""144"", ""sel_4th_pre_bid"": ""-257500"", ""sel_3th_pre_req_pre"": ""0"", ""sel_3th_pre_req"": ""56"", ""sel_3th_pre_bid"": ""-257000"", ""sel_2th_pre_req_pre"": ""0"", ""sel_2th_pre_req"": ""117"", ""sel_2th_pre_bid"": ""-256500"", ""sel_1th_pre_req_pre"": ""+2"", ""sel_fpr_req"": ""120"", ""sel_fpr_bid"": ""-256000"", ""buy_fpr_bid"": ""-255500"", ""buy_fpr_req"": ""306"", ""buy_1th_pre_req_pre"": ""0"", ""buy_2th_pre_bid"": ""-255000"", ""buy_2th_pre_req"": ""334"", ""buy_2th_pre_req_pre"": ""0"", ""buy_3th_pre_bid"": ""-254500"", ""buy_3th_pre_req"": ""316"", ""buy_3th_pre_req_pre"": ""0"", ""buy_4th_pre_bid"": ""-254000"", ""buy_4th_pre_req"": ""376"", ""buy_4th_pre_req_pre"": ""0"", ""buy_5th_pre_bid"": ""-253500"", ""buy_5th_pre_req"": ""423"", ""buy_5th_pre_req_pre"": ""0"", ""buy_6th_pre_bid"": ""-253000"", ""buy_6th_pre_req"": ""732"", ""buy_6th_pre_req_pre"": ""0"", ""buy_7th_pre_bid"": ""-252500"", ""buy_7th_pre_req"": ""209"", ""buy_7th_pre_req_pre"": ""0"", ""buy_8th_pre_bid"": ""-252000"", ""buy_8th_pre_req"": ""116"", ""buy_8th_pre_req_pre"": ""0"", ""buy_9th_pre_bid"": ""-251500"", ""buy_9th_pre_req"": ""222"", ""buy_9th_pre_req_pre"": ""0"", ""buy_10th_pre_bid"": ""-251000"", ""buy_10th_pre_req"": ""129"", ""buy_10th_pre_req_pre"": ""0"", ""tot_sel_req_jub_pre"": ""+2"", ""tot_sel_req"": ""668"", ""tot_buy_req"": ""3163"", ""tot_buy_req_jub_pre"": ""0"", ""ovt_sel_req_pre"": ""0"", ""ovt_sel_req"": ""0"", ""ovt_buy_req"": ""0"", ""ovt_buy_req_pre"": ""0"", ""return_code"": 0, ""return_msg"": ""정상적으로 처리되었습니다""}"
2026-06-10,watchlist,005090,,1,filtered_candidate_recheck,51500,,51500,51400,51500,51800,0.3883495145631068,0.1941747572815534,,,,,,"{""bid_req_base_tm"": ""112644"", ""sel_10th_pre_req_pre"": ""0"", ""sel_10th_pre_req"": ""1"", ""sel_10th_pre_bid"": ""+52400"", ""sel_9th_pre_req_pre"": ""0"", ""sel_9th_pre_req"": ""21"", ""sel_9th_pre_bid"": ""+52300"", ""sel_8th_pre_req_pre"": ""0"", ""sel_8th_pre_req"": ""22"", ""sel_8th_pre_bid"": ""+52200"", ""sel_7th_pre_req_pre"": ""0"", ""sel_7th_pre_req"": ""29"", ""sel_7th_pre_bid"": ""+52100"", ""sel_6th_pre_req_pre"": ""0"", ""sel_6th_pre_req"": ""6"", ""sel_6th_pre_bid"": ""+52000"", ""sel_5th_pre_req_pre"": ""0"", ""sel_5th_pre_req"": ""3"", ""sel_5th_pre_bid"": ""+51900"", ""sel_4th_pre_req_pre"": ""0"", ""sel_4th_pre_req"": ""8"", ""sel_4th_pre_bid"": ""+51800"", ""sel_3th_pre_req_pre"": ""0"", ""sel_3th_pre_req"": ""45"", ""sel_3th_pre_bid"": ""+51700"", ""sel_2th_pre_req_pre"": ""0"", ""sel_2th_pre_req"": ""84"", ""sel_2th_pre_bid"": ""+51600"", ""sel_1th_pre_req_pre"": ""0"", ""sel_fpr_req"": ""31"", ""sel_fpr_bid"": ""+51500"", ""buy_fpr_bid"": ""+51400"", ""buy_fpr_req"": ""98"", ""buy_1th_pre_req_pre"": ""+23"", ""buy_2th_pre_bid"": ""+51300"", ""buy_2th_pre_req"": ""69"", ""buy_2th_pre_req_pre"": ""0"", ""buy_3th_pre_bid"": ""+51200"", ""buy_3th_pre_req"": ""134"", ""buy_3th_pre_req_pre"": ""0"", ""buy_4th_pre_bid"": ""+51100"", ""buy_4th_pre_req"": ""271"", ""buy_4th_pre_req_pre"": ""0"", ""buy_5th_pre_bid"": ""+51000"", ""buy_5th_pre_req"": ""429"", ""buy_5th_pre_req_pre"": ""0"", ""buy_6th_pre_bid"": ""+50900"", ""buy_6th_pre_req"": ""225"", ""buy_6th_pre_req_pre"": ""0"", ""buy_7th_pre_bid"": ""+50800"", ""buy_7th_pre_req"": ""202"", ""buy_7th_pre_req_pre"": ""0"", ""buy_8th_pre_bid"": ""+50700"", ""buy_8th_pre_req"": ""271"", ""buy_8th_pre_req_pre"": ""0"", ""buy_9th_pre_bid"": ""+50600"", ""buy_9th_pre_req"": ""157"", ""buy_9th_pre_req_pre"": ""0"", ""buy_10th_pre_bid"": ""50500"", ""buy_10th_pre_req"": ""557"", ""buy_10th_pre_req_pre"": ""0"", ""tot_sel_req_jub_pre"": ""0"", ""tot_sel_req"": ""250"", ""tot_buy_req"": ""2413"", ""tot_buy_req_jub_pre"": ""+23"", ""ovt_sel_req_pre"": ""0"", ""ovt_sel_req"": ""0"", ""ovt_buy_req"": ""0"", ""ovt_buy_req_pre"": ""0"", ""return_code"": 0, ""return_msg"": ""정상적으로 처리되었습니다""}"
2026-06-10,watchlist,066570,,0,filtered_candidate_recheck,229000,,229000,228500,229000,230000,0.21834061135371177,0.21834061135371177,,,,,,"{""bid_req_base_tm"": ""112646"", ""sel_10th_pre_req_pre"": ""0"", ""sel_10th_pre_req"": ""4080"", ""sel_10th_pre_bid"": ""-233500"", ""sel_9th_pre_req_pre"": ""0"", ""sel_9th_pre_req"": ""2501"", ""sel_9th_pre_bid"": ""-233000"", ""sel_8th_pre_req_pre"": ""0"", ""sel_8th_pre_req"": ""1293"", ""sel_8th_pre_bid"": ""-232500"", ""sel_7th_pre_req_pre"": ""0"", ""sel_7th_pre_req"": ""1170"", ""sel_7th_pre_bid"": ""-232000"", ""sel_6th_pre_req_pre"": ""0"", ""sel_6th_pre_req"": ""1234"", ""sel_6th_pre_bid"": ""-231500"", ""sel_5th_pre_req_pre"": ""0"", ""sel_5th_pre_req"": ""2857"", ""sel_5th_pre_bid"": ""-231000"", ""sel_4th_pre_req_pre"": ""0"", ""sel_4th_pre_req"": ""777"", ""sel_4th_pre_bid"": ""-230500"", ""sel_3th_pre_req_pre"": ""0"", ""sel_3th_pre_req"": ""3450"", ""sel_3th_pre_bid"": ""-230000"", ""sel_2th_pre_req_pre"": ""0"", ""sel_2th_pre_req"": ""861"", ""sel_2th_pre_bid"": ""-229500"", ""sel_1th_pre_req_pre"": ""0"", ""sel_fpr_req"": ""4542"", ""sel_fpr_bid"": ""-229000"", ""buy_fpr_bid"": ""-228500"", ""buy_fpr_req"": ""408"", ""buy_1th_pre_req_pre"": ""--4"", ""buy_2th_pre_bid"": ""-228000"", ""buy_2th_pre_req"": ""8229"", ""buy_2th_pre_req_pre"": ""+7"", ""buy_3th_pre_bid"": ""-227500"", ""buy_3th_pre_req"": ""7166"", ""buy_3th_pre_req_pre"": ""0"", ""buy_4th_pre_bid"": ""-227000"", ""buy_4th_pre_req"": ""54984"", ""buy_4th_pre_req_pre"": ""0"", ""buy_5th_pre_bid"": ""-226500"", ""buy_5th_pre_req"": ""2988"", ""buy_5th_pre_req_pre"": ""0"", ""buy_6th_pre_bid"": ""-226000"", ""buy_6th_pre_req"": ""4421"", ""buy_6th_pre_req_pre"": ""0"", ""buy_7th_pre_bid"": ""-225500"", ""buy_7th_pre_req"": ""3153"", ""buy_7th_pre_req_pre"": ""0"", ""buy_8th_pre_bid"": ""-225000"", ""buy_8th_pre_req"": ""14219"", ""buy_8th_pre_req_pre"": ""--5"", ""buy_9th_pre_bid"": ""-224500"", ""buy_9th_pre_req"": ""1700"", ""buy_9th_pre_req_pre"": ""0"", ""buy_10th_pre_bid"": ""-224000"", ""buy_10th_pre_req"": ""3506"", ""buy_10th_pre_req_pre"": ""0"", ""tot_sel_req_jub_pre"": ""0"", ""tot_sel_req"": ""22765"", ""tot_buy_req"": ""100774"", ""tot_buy_req_jub_pre"": ""--2"", ""ovt_sel_req_pre"": ""0"", ""ovt_sel_req"": ""0"", ""ovt_buy_req"": ""0"", ""ovt_buy_req_pre"": ""0"", ""return_code"": 0, ""return_msg"": ""정상적으로 처리되었습니다""}"
2026-06-10,watchlist,028670,,1,filtered_candidate_recheck,5030,,5030,5010,5030,5040,0.0,0.3976143141153081,,,,,,"{""bid_req_base_tm"": ""112646"", ""sel_10th_pre_req_pre"": ""0"", ""sel_10th_pre_req"": ""3050"", ""sel_10th_pre_bid"": ""-5120"", ""sel_9th_pre_req_pre"": ""0"", ""sel_9th_pre_req"": ""301"", ""sel_9th_pre_bid"": ""-5110"", ""sel_8th_pre_req_pre"": ""0"", ""sel_8th_pre_req"": ""1011"", ""sel_8th_pre_bid"": ""-5100"", ""sel_7th_pre_req_pre"": ""0"", ""sel_7th_pre_req"": ""1835"", ""sel_7th_pre_bid"": ""-5090"", ""sel_6th_pre_req_pre"": ""0"", ""sel_6th_pre_req"": ""1617"", ""sel_6th_pre_bid"": ""-5080"", ""sel_5th_pre_req_pre"": ""0"", ""sel_5th_pre_req"": ""781"", ""sel_5th_pre_bid"": ""-5070"", ""sel_4th_pre_req_pre"": ""0"", ""sel_4th_pre_req"": ""304"", ""sel_4th_pre_bid"": ""-5060"", ""sel_3th_pre_req_pre"": ""0"", ""sel_3th_pre_req"": ""483"", ""sel_3th_pre_bid"": ""-5050"", ""sel_2th_pre_req_pre"": ""0"", ""sel_2th_pre_req"": ""1888"", ""sel_2th_pre_bid"": ""-5040"", ""sel_1th_pre_req_pre"": ""0"", ""sel_fpr_req"": ""4606"", ""sel_fpr_bid"": ""-5030"", ""buy_fpr_bid"": ""-5010"", ""buy_fpr_req"": ""527"", ""buy_1th_pre_req_pre"": ""0"", ""buy_2th_pre_bid"": ""-5000"", ""buy_2th_pre_req"": ""6455"", ""buy_2th_pre_req_pre"": ""+64"", ""buy_3th_pre_bid"": ""-4995"", ""buy_3th_pre_req"": ""1320"", ""buy_3th_pre_req_pre"": ""0"", ""buy_4th_pre_bid"": ""-4990"", ""buy_4th_pre_req"": ""125"", ""buy_4th_pre_req_pre"": ""0"", ""buy_5th_pre_bid"": ""-4985"", ""buy_5th_pre_req"": ""23"", ""buy_5th_pre_req_pre"": ""0"", ""buy_6th_pre_bid"": ""-4980"", ""buy_6th_pre_req"": ""1387"", ""buy_6th_pre_req_pre"": ""0"", ""buy_7th_pre_bid"": ""-4975"", ""buy_7th_pre_req"": ""1006"", ""buy_7th_pre_req_pre"": ""0"", ""buy_8th_pre_bid"": ""-4970"", ""buy_8th_pre_req"": ""1319"", ""buy_8th_pre_req_pre"": ""0"", ""buy_9th_pre_bid"": ""-4965"", ""buy_9th_pre_req"": ""548"", ""buy_9th_pre_req_pre"": ""0"", ""buy_10th_pre_bid"": ""-4960"", ""buy_10th_pre_req"": ""2789"", ""buy_10th_pre_req_pre"": ""0"", ""tot_sel_req_jub_pre"": ""0"", ""tot_sel_req"": ""15876"", ""tot_buy_req"": ""15499"", ""tot_buy_req_jub_pre"": ""+64"", ""ovt_sel_req_pre"": ""0"", ""ovt_sel_req"": ""0"", ""ovt_buy_req"": ""0"", ""ovt_buy_req_pre"": ""0"", ""return_code"": 0, ""return_msg"": ""정상적으로 처리되었습니다""}"
2026-06-10,watchlist,004990,,0,filtered_candidate_recheck,25650,,25650,25600,25650,25700,0.0,0.1949317738791423,,,,,,"{""bid_req_base_tm"": ""112645"", ""sel_10th_pre_req_pre"": ""0"", ""sel_10th_pre_req"": ""168"", ""sel_10th_pre_bid"": ""+26200"", ""sel_9th_pre_req_pre"": ""0"", ""sel_9th_pre_req"": ""3089"", ""sel_9th_pre_bid"": ""26150"", ""sel_8th_pre_req_pre"": ""0"", ""sel_8th_pre_req"": ""428"", ""sel_8th_pre_bid"": ""-26100"", ""sel_7th_pre_req_pre"": ""0"", ""sel_7th_pre_req"": ""55"", ""sel_7th_pre_bid"": ""-26050"", ""sel_6th_pre_req_pre"": ""0"", ""sel_6th_pre_req"": ""117"", ""sel_6th_pre_bid"": ""-26000"", ""sel_5th_pre_req_pre"": ""0"", ""sel_5th_pre_req"": ""209"", ""sel_5th_pre_bid"": ""-25950"", ""sel_4th_pre_req_pre"": ""0"", ""sel_4th_pre_req"": ""83"", ""sel_4th_pre_bid"": ""-25800"", ""sel_3th_pre_req_pre"": ""0"", ""sel_3th_pre_req"": ""6"", ""sel_3th_pre_bid"": ""-25750"", ""sel_2th_pre_req_pre"": ""--9"", ""sel_2th_pre_req"": ""203"", ""sel_2th_pre_bid"": ""-25700"", ""sel_1th_pre_req_pre"": ""+10"", ""sel_fpr_req"": ""478"", ""sel_fpr_bid"": ""-25650"", ""buy_fpr_bid"": ""-25600"", ""buy_fpr_req"": ""456"", ""buy_1th_pre_req_pre"": ""0"", ""buy_2th_pre_bid"": ""-25550"", ""buy_2th_pre_req"": ""481"", ""buy_2th_pre_req_pre"": ""0"", ""buy_3th_pre_bid"": ""-25500"", ""buy_3th_pre_req"": ""975"", ""buy_3th_pre_req_pre"": ""0"", ""buy_4th_pre_bid"": ""-25450"", ""buy_4th_pre_req"": ""187"", ""buy_4th_pre_req_pre"": ""0"", ""buy_5th_pre_bid"": ""-25400"", ""buy_5th_pre_req"": ""652"", ""buy_5th_pre_req_pre"": ""0"", ""buy_6th_pre_bid"": ""-25350"", ""buy_6th_pre_req"": ""430"", ""buy_6th_pre_req_pre"": ""0"", ""buy_7th_pre_bid"": ""-25300"", ""buy_7th_pre_req"": ""428"", ""buy_7th_pre_req_pre"": ""0"", ""buy_8th_pre_bid"": ""-25250"", ""buy_8th_pre_req"": ""819"", ""buy_8th_pre_req_pre"": ""0"", ""buy_9th_pre_bid"": ""-25200"", ""buy_9th_pre_req"": ""739"", ""buy_9th_pre_req_pre"": ""0"", ""buy_10th_pre_bid"": ""-25150"", ""buy_10th_pre_req"": ""1573"", ""buy_10th_pre_req_pre"": ""0"", ""tot_sel_req_jub_pre"": ""+1"", ""tot_sel_req"": ""4836"", ""tot_buy_req"": ""6740"", ""tot_buy_req_jub_pre"": ""0"", ""ovt_sel_req_pre"": ""0"", ""ovt_sel_req"": ""0"", ""ovt_buy_req"": ""0"", ""ovt_buy_req_pre"": ""0"", ""return_code"": 0, ""return_msg"": ""정상적으로 처리되었습니다""}"
2026-06-10,watchlist,081660,,0,filtered_candidate_recheck,40300,,40300,40200,40300,40400,0.12406947890818859,0.24813895781637718,,,,,,"{""bid_req_base_tm"": ""112646"", ""sel_10th_pre_req_pre"": ""0"", ""sel_10th_pre_req"": ""136"", ""sel_10th_pre_bid"": ""+40800"", ""sel_9th_pre_req_pre"": ""0"", ""sel_9th_pre_req"": ""23"", ""sel_9th_pre_bid"": ""+40750"", ""sel_8th_pre_req_pre"": ""0"", ""sel_8th_pre_req"": ""70"", ""sel_8th_pre_bid"": ""+40700"", ""sel_7th_pre_req_pre"": ""0"", ""sel_7th_pre_req"": ""75"", ""sel_7th_pre_bid"": ""+40600"", ""sel_6th_pre_req_pre"": ""0"", ""sel_6th_pre_req"": ""251"", ""sel_6th_pre_bid"": ""+40550"", ""sel_5th_pre_req_pre"": ""0"", ""sel_5th_pre_req"": ""360"", ""sel_5th_pre_bid"": ""+40500"", ""sel_4th_pre_req_pre"": ""0"", ""sel_4th_pre_req"": ""118"", ""sel_4th_pre_bid"": ""+40450"", ""sel_3th_pre_req_pre"": ""0"", ""sel_3th_pre_req"": ""65"", ""sel_3th_pre_bid"": ""+40400"", ""sel_2th_pre_req_pre"": ""0"", ""sel_2th_pre_req"": ""91"", ""sel_2th_pre_bid"": ""+40350"", ""sel_1th_pre_req_pre"": ""0"", ""sel_fpr_req"": ""207"", ""sel_fpr_bid"": ""+40300"", ""buy_fpr_bid"": ""+40200"", ""buy_fpr_req"": ""457"", ""buy_1th_pre_req_pre"": ""0"", ""buy_2th_pre_bid"": ""+40150"", ""buy_2th_pre_req"": ""42"", ""buy_2th_pre_req_pre"": ""0"", ""buy_3th_pre_bid"": ""+40100"", ""buy_3th_pre_req"": ""110"", ""buy_3th_pre_req_pre"": ""0"", ""buy_4th_pre_bid"": ""+40050"", ""buy_4th_pre_req"": ""218"", ""buy_4th_pre_req_pre"": ""0"", ""buy_5th_pre_bid"": ""+40000"", ""buy_5th_pre_req"": ""700"", ""buy_5th_pre_req_pre"": ""0"", ""buy_6th_pre_bid"": ""+39950"", ""buy_6th_pre_req"": ""500"", ""buy_6th_pre_req_pre"": ""0"", ""buy_7th_pre_bid"": ""+39900"", ""buy_7th_pre_req"": ""2"", ""buy_7th_pre_req_pre"": ""0"", ""buy_8th_pre_bid"": ""+39850"", ""buy_8th_pre_req"": ""1"", ""buy_8th_pre_req_pre"": ""0"", ""buy_9th_pre_bid"": ""+39800"", ""buy_9th_pre_req"": ""5"", ""buy_9th_pre_req_pre"": ""0"", ""buy_10th_pre_bid"": ""39700"", ""buy_10th_pre_req"": ""7"", ""buy_10th_pre_req_pre"": ""0"", ""tot_sel_req_jub_pre"": ""0"", ""tot_sel_req"": ""1396"", ""tot_buy_req"": ""2042"", ""tot_buy_req_jub_pre"": ""0"", ""ovt_sel_req_pre"": ""0"", ""ovt_sel_req"": ""0"", ""ovt_buy_req"": ""0"", ""ovt_buy_req_pre"": ""0"", ""return_code"": 0, ""return_msg"": ""정상적으로 처리되었습니다""}"
2026-06-10,watchlist,008770,,0,filtered_candidate_recheck,56000,,56000,55900,56000,55700,-0.7142857142857143,0.17857142857142858,,,,,,"{""bid_req_base_tm"": ""112646"", ""sel_10th_pre_req_pre"": ""0"", ""sel_10th_pre_req"": ""715"", ""sel_10th_pre_bid"": ""+56900"", ""sel_9th_pre_req_pre"": ""0"", ""sel_9th_pre_req"": ""429"", ""sel_9th_pre_bid"": ""+56800"", ""sel_8th_pre_req_pre"": ""0"", ""sel_8th_pre_req"": ""175"", ""sel_8th_pre_bid"": ""+56700"", ""sel_7th_pre_req_pre"": ""0"", ""sel_7th_pre_req"": ""139"", ""sel_7th_pre_bid"": ""+56600"", ""sel_6th_pre_req_pre"": ""0"", ""sel_6th_pre_req"": ""1026"", ""sel_6th_pre_bid"": ""+56500"", ""sel_5th_pre_req_pre"": ""0"", ""sel_5th_pre_req"": ""656"", ""sel_5th_pre_bid"": ""+56400"", ""sel_4th_pre_req_pre"": ""0"", ""sel_4th_pre_req"": ""254"", ""sel_4th_pre_bid"": ""+56300"", ""sel_3th_pre_req_pre"": ""0"", ""sel_3th_pre_req"": ""116"", ""sel_3th_pre_bid"": ""+56200"", ""sel_2th_pre_req_pre"": ""0"", ""sel_2th_pre_req"": ""123"", ""sel_2th_pre_bid"": ""+56100"", ""sel_1th_pre_req_pre"": ""0"", ""sel_fpr_req"": ""136"", ""sel_fpr_bid"": ""+56000"", ""buy_fpr_bid"": ""+55900"", ""buy_fpr_req"": ""275"", ""buy_1th_pre_req_pre"": ""--1"", ""buy_2th_pre_bid"": ""+55800"", ""buy_2th_pre_req"": ""55"", ""buy_2th_pre_req_pre"": ""0"", ""buy_3th_pre_bid"": ""+55700"", ""buy_3th_pre_req"": ""67"", ""buy_3th_pre_req_pre"": ""0"", ""buy_4th_pre_bid"": ""+55600"", ""buy_4th_pre_req"": ""66"", ""buy_4th_pre_req_pre"": ""0"", ""buy_5th_pre_bid"": ""+55500"", ""buy_5th_pre_req"": ""133"", ""buy_5th_pre_req_pre"": ""0"", ""buy_6th_pre_bid"": ""+55400"", ""buy_6th_pre_req"": ""50"", ""buy_6th_pre_req_pre"": ""0"", ""buy_7th_pre_bid"": ""+55300"", ""buy_7th_pre_req"": ""363"", ""buy_7th_pre_req_pre"": ""0"", ""buy_8th_pre_bid"": ""55200"", ""buy_8th_pre_req"": ""58"", ""buy_8th_pre_req_pre"": ""0"", ""buy_9th_pre_bid"": ""-55100"", ""buy_9th_pre_req"": ""164"", ""buy_9th_pre_req_pre"": ""0"", ""buy_10th_pre_bid"": ""-55000"", ""buy_10th_pre_req"": ""531"", ""buy_10th_pre_req_pre"": ""0"", ""tot_sel_req_jub_pre"": ""0"", ""tot_sel_req"": ""3769"", ""tot_buy_req"": ""1762"", ""tot_buy_req_jub_pre"": ""--1"", ""ovt_sel_req_pre"": ""0"", ""ovt_sel_req"": ""0"", ""ovt_buy_req"": ""0"", ""ovt_buy_req_pre"": ""0"", ""return_code"": 0, ""return_msg"": ""정상적으로 처리되었습니다""}"
2026-06-10,watchlist,012330,,0,filtered_candidate_recheck,570000,,570000,569000,570000,574000,0.5263157894736842,0.17543859649122806,,,,,,"{""bid_req_base_tm"": ""112647"", ""sel_10th_pre_req_pre"": ""0"", ""sel_10th_pre_req"": ""43"", ""sel_10th_pre_bid"": ""-579000"", ""sel_9th_pre_req_pre"": ""0"", ""sel_9th_pre_req"": ""25"", ""sel_9th_pre_bid"": ""-578000"", ""sel_8th_pre_req_pre"": ""0"", ""sel_8th_pre_req"": ""235"", ""sel_8th_pre_bid"": ""-577000"", ""sel_7th_pre_req_pre"": ""0"", ""sel_7th_pre_req"": ""40"", ""sel_7th_pre_bid"": ""-576000"", ""sel_6th_pre_req_pre"": ""0"", ""sel_6th_pre_req"": ""348"", ""sel_6th_pre_bid"": ""-575000"", ""sel_5th_pre_req_pre"": ""0"", ""sel_5th_pre_req"": ""543"", ""sel_5th_pre_bid"": ""-574000"", ""sel_4th_pre_req_pre"": ""0"", ""sel_4th_pre_req"": ""92"", ""sel_4th_pre_bid"": ""-573000"", ""sel_3th_pre_req_pre"": ""0"", ""sel_3th_pre_req"": ""112"", ""sel_3th_pre_bid"": ""-572000"", ""sel_2th_pre_req_pre"": ""--1"", ""sel_2th_pre_req"": ""381"", ""sel_2th_pre_bid"": ""-571000"", ""sel_1th_pre_req_pre"": ""0"", ""sel_fpr_req"": ""201"", ""sel_fpr_bid"": ""-570000"", ""buy_fpr_bid"": ""-569000"", ""buy_fpr_req"": ""3232"", ""buy_1th_pre_req_pre"": ""0"", ""buy_2th_pre_bid"": ""-568000"", ""buy_2th_pre_req"": ""1731"", ""buy_2th_pre_req_pre"": ""0"", ""buy_3th_pre_bid"": ""-567000"", ""buy_3th_pre_req"": ""1077"", ""buy_3th_pre_req_pre"": ""0"", ""buy_4th_pre_bid"": ""-566000"", ""buy_4th_pre_req"": ""1562"", ""buy_4th_pre_req_pre"": ""0"", ""buy_5th_pre_bid"": ""-565000"", ""buy_5th_pre_req"": ""1962"", ""buy_5th_pre_req_pre"": ""0"", ""buy_6th_pre_bid"": ""-564000"", ""buy_6th_pre_req"": ""616"", ""buy_6th_pre_req_pre"": ""0"", ""buy_7th_pre_bid"": ""-563000"", ""buy_7th_pre_req"": ""2160"", ""buy_7th_pre_req_pre"": ""0"", ""buy_8th_pre_bid"": ""-562000"", ""buy_8th_pre_req"": ""715"", ""buy_8th_pre_req_pre"": ""0"", ""buy_9th_pre_bid"": ""-561000"", ""buy_9th_pre_req"": ""1085"", ""buy_9th_pre_req_pre"": ""0"", ""buy_10th_pre_bid"": ""-560000"", ""buy_10th_pre_req"": ""3015"", ""buy_10th_pre_req_pre"": ""0"", ""tot_sel_req_jub_pre"": ""+49"", ""tot_sel_req"": ""2020"", ""tot_buy_req"": ""17155"", ""tot_buy_req_jub_pre"": ""+1222"", ""ovt_sel_req_pre"": ""0"", ""ovt_sel_req"": ""0"", ""ovt_buy_req"": ""0"", ""ovt_buy_req_pre"": ""0"", ""return_code"": 0, ""return_msg"": ""정상적으로 처리되었습니다""}"
2026-06-10,watchlist,009155,,0,filtered_candidate_recheck,594000,,594000,593000,594000,599000,0.6734006734006733,0.16835016835016833,,,,,,"{""bid_req_base_tm"": ""112646"", ""sel_10th_pre_req_pre"": ""0"", ""sel_10th_pre_req"": ""1"", ""sel_10th_pre_bid"": ""-607000"", ""sel_9th_pre_req_pre"": ""0"", ""sel_9th_pre_req"": ""39"", ""sel_9th_pre_bid"": ""-605000"", ""sel_8th_pre_req_pre"": ""0"", ""sel_8th_pre_req"": ""4"", ""sel_8th_pre_bid"": ""-604000"", ""sel_7th_pre_req_pre"": ""0"", ""sel_7th_pre_req"": ""3"", ""sel_7th_pre_bid"": ""-603000"", ""sel_6th_pre_req_pre"": ""0"", ""sel_6th_pre_req"": ""28"", ""sel_6th_pre_bid"": ""-602000"", ""sel_5th_pre_req_pre"": ""0"", ""sel_5th_pre_req"": ""10"", ""sel_5th_pre_bid"": ""-600000"", ""sel_4th_pre_req_pre"": ""0"", ""sel_4th_pre_req"": ""19"", ""sel_4th_pre_bid"": ""-599000"", ""sel_3th_pre_req_pre"": ""0"", ""sel_3th_pre_req"": ""120"", ""sel_3th_pre_bid"": ""-597000"", ""sel_2th_pre_req_pre"": ""0"", ""sel_2th_pre_req"": ""20"", ""sel_2th_pre_bid"": ""-595000"", ""sel_1th_pre_req_pre"": ""0"", ""sel_fpr_req"": ""55"", ""sel_fpr_bid"": ""-594000"", ""buy_fpr_bid"": ""-593000"", ""buy_fpr_req"": ""45"", ""buy_1th_pre_req_pre"": ""--2"", ""buy_2th_pre_bid"": ""-592000"", ""buy_2th_pre_req"": ""73"", ""buy_2th_pre_req_pre"": ""0"", ""buy_3th_pre_bid"": ""-591000"", ""buy_3th_pre_req"": ""210"", ""buy_3th_pre_req_pre"": ""0"", ""buy_4th_pre_bid"": ""-590000"", ""buy_4th_pre_req"": ""433"", ""buy_4th_pre_req_pre"": ""0"", ""buy_5th_pre_bid"": ""-589000"", ""buy_5th_pre_req"": ""78"", ""buy_5th_pre_req_pre"": ""0"", ""buy_6th_pre_bid"": ""-588000"", ""buy_6th_pre_req"": ""92"", ""buy_6th_pre_req_pre"": ""+1"", ""buy_7th_pre_bid"": ""-587000"", ""buy_7th_pre_req"": ""48"", ""buy_7th_pre_req_pre"": ""0"", ""buy_8th_pre_bid"": ""-586000"", ""buy_8th_pre_req"": ""59"", ""buy_8th_pre_req_pre"": ""0"", ""buy_9th_pre_bid"": ""-585000"", ""buy_9th_pre_req"": ""113"", ""buy_9th_pre_req_pre"": ""0"", ""buy_10th_pre_bid"": ""-584000"", ""buy_10th_pre_req"": ""16"", ""buy_10th_pre_req_pre"": ""0"", ""tot_sel_req_jub_pre"": ""0"", ""tot_sel_req"": ""299"", ""tot_buy_req"": ""1167"", ""tot_buy_req_jub_pre"": ""--1"", ""ovt_sel_req_pre"": ""0"", ""ovt_sel_req"": ""0"", ""ovt_buy_req"": ""0"", ""ovt_buy_req_pre"": ""0"", ""return_code"": 0, ""return_msg"": ""정상적으로 처리되었습니다""}"
2026-06-10,watchlist,181710,,1,filtered_candidate_recheck,40400,,40400,40350,40400,40600,0.3712871287128713,0.12376237623762376,,,,,,"{""bid_req_base_tm"": ""112641"", ""sel_10th_pre_req_pre"": ""0"", ""sel_10th_pre_req"": ""10"", ""sel_10th_pre_bid"": ""-41100"", ""sel_9th_pre_req_pre"": ""0"", ""sel_9th_pre_req"": ""10"", ""sel_9th_pre_bid"": ""-41050"", ""sel_8th_pre_req_pre"": ""0"", ""sel_8th_pre_req"": ""288"", ""sel_8th_pre_bid"": ""-41000"", ""sel_7th_pre_req_pre"": ""0"", ""sel_7th_pre_req"": ""50"", ""sel_7th_pre_bid"": ""-40950"", ""sel_6th_pre_req_pre"": ""0"", ""sel_6th_pre_req"": ""8"", ""sel_6th_pre_bid"": ""-40900"", ""sel_5th_pre_req_pre"": ""0"", ""sel_5th_pre_req"": ""24"", ""sel_5th_pre_bid"": ""-40750"", ""sel_4th_pre_req_pre"": ""0"", ""sel_4th_pre_req"": ""4"", ""sel_4th_pre_bid"": ""-40600"", ""sel_3th_pre_req_pre"": ""0"", ""sel_3th_pre_req"": ""267"", ""sel_3th_pre_bid"": ""-40500"", ""sel_2th_pre_req_pre"": ""0"", ""sel_2th_pre_req"": ""44"", ""sel_2th_pre_bid"": ""-40450"", ""sel_1th_pre_req_pre"": ""--23"", ""sel_fpr_req"": ""404"", ""sel_fpr_bid"": ""-40400"", ""buy_fpr_bid"": ""-40350"", ""buy_fpr_req"": ""10"", ""buy_1th_pre_req_pre"": ""0"", ""buy_2th_pre_bid"": ""-40300"", ""buy_2th_pre_req"": ""3"", ""buy_2th_pre_req_pre"": ""0"", ""buy_3th_pre_bid"": ""-40250"", ""buy_3th_pre_req"": ""123"", ""buy_3th_pre_req_pre"": ""0"", ""buy_4th_pre_bid"": ""-40200"", ""buy_4th_pre_req"": ""234"", ""buy_4th_pre_req_pre"": ""0"", ""buy_5th_pre_bid"": ""-40150"", ""buy_5th_pre_req"": ""1212"", ""buy_5th_pre_req_pre"": ""0"", ""buy_6th_pre_bid"": ""-40100"", ""buy_6th_pre_req"": ""423"", ""buy_6th_pre_req_pre"": ""0"", ""buy_7th_pre_bid"": ""-40050"", ""buy_7th_pre_req"": ""133"", ""buy_7th_pre_req_pre"": ""0"", ""buy_8th_pre_bid"": ""-40000"", ""buy_8th_pre_req"": ""679"", ""buy_8th_pre_req_pre"": ""0"", ""buy_9th_pre_bid"": ""-39950"", ""buy_9th_pre_req"": ""546"", ""buy_9th_pre_req_pre"": ""0"", ""buy_10th_pre_bid"": ""-39900"", ""buy_10th_pre_req"": ""413"", ""buy_10th_pre_req_pre"": ""0"", ""tot_sel_req_jub_pre"": ""--23"", ""tot_sel_req"": ""1109"", ""tot_buy_req"": ""3776"", ""tot_buy_req_jub_pre"": ""0"", ""ovt_sel_req_pre"": ""0"", ""ovt_sel_req"": ""0"", ""ovt_buy_req"": ""0"", ""ovt_buy_req_pre"": ""0"", ""return_code"": 0, ""return_msg"": ""정상적으로 처리되었습니다""}"
2026-06-10,watchlist,085620,,0,filtered_candidate_recheck,22900,,22900,22850,22900,22750,-0.8733624454148471,0.21834061135371177,,,,,,"{""bid_req_base_tm"": ""112647"", ""sel_10th_pre_req_pre"": ""0"", ""sel_10th_pre_req"": ""1035"", ""sel_10th_pre_bid"": ""-23350"", ""sel_9th_pre_req_pre"": ""0"", ""sel_9th_pre_req"": ""1148"", ""sel_9th_pre_bid"": ""-23300"", ""sel_8th_pre_req_pre"": ""0"", ""sel_8th_pre_req"": ""716"", ""sel_8th_pre_bid"": ""-23250"", ""sel_7th_pre_req_pre"": ""0"", ""sel_7th_pre_req"": ""1196"", ""sel_7th_pre_bid"": ""-23200"", ""sel_6th_pre_req_pre"": ""0"", ""sel_6th_pre_req"": ""1256"", ""sel_6th_pre_bid"": ""-23150"", ""sel_5th_pre_req_pre"": ""0"", ""sel_5th_pre_req"": ""1334"", ""sel_5th_pre_bid"": ""-23100"", ""sel_4th_pre_req_pre"": ""0"", ""sel_4th_pre_req"": ""7"", ""sel_4th_pre_bid"": ""-23050"", ""sel_3th_pre_req_pre"": ""0"", ""sel_3th_pre_req"": ""2302"", ""sel_3th_pre_bid"": ""-23000"", ""sel_2th_pre_req_pre"": ""0"", ""sel_2th_pre_req"": ""908"", ""sel_2th_pre_bid"": ""-22950"", ""sel_1th_pre_req_pre"": ""0"", ""sel_fpr_req"": ""421"", ""sel_fpr_bid"": ""-22900"", ""buy_fpr_bid"": ""-22850"", ""buy_fpr_req"": ""489"", ""buy_1th_pre_req_pre"": ""0"", ""buy_2th_pre_bid"": ""-22800"", ""buy_2th_pre_req"": ""106"", ""buy_2th_pre_req_pre"": ""0"", ""buy_3th_pre_bid"": ""-22750"", ""buy_3th_pre_req"": ""293"", ""buy_3th_pre_req_pre"": ""0"", ""buy_4th_pre_bid"": ""-22700"", ""buy_4th_pre_req"": ""156"", ""buy_4th_pre_req_pre"": ""+2"", ""buy_5th_pre_bid"": ""-22650"", ""buy_5th_pre_req"": ""326"", ""buy_5th_pre_req_pre"": ""0"", ""buy_6th_pre_bid"": ""-22600"", ""buy_6th_pre_req"": ""970"", ""buy_6th_pre_req_pre"": ""0"", ""buy_7th_pre_bid"": ""-22550"", ""buy_7th_pre_req"": ""688"", ""buy_7th_pre_req_pre"": ""0"", ""buy_8th_pre_bid"": ""-22500"", ""buy_8th_pre_req"": ""1239"", ""buy_8th_pre_req_pre"": ""0"", ""buy_9th_pre_bid"": ""-22450"", ""buy_9th_pre_req"": ""417"", ""buy_9th_pre_req_pre"": ""0"", ""buy_10th_pre_bid"": ""-22400"", ""buy_10th_pre_req"": ""446"", ""buy_10th_pre_req_pre"": ""0"", ""tot_sel_req_jub_pre"": ""0"", ""tot_sel_req"": ""10323"", ""tot_buy_req"": ""5130"", ""tot_buy_req_jub_pre"": ""+2"", ""ovt_sel_req_pre"": ""0"", ""ovt_sel_req"": ""0"", ""ovt_buy_req"": ""0"", ""ovt_buy_req_pre"": ""0"", ""return_code"": 0, ""return_msg"": ""정상적으로 처리되었습니다""}"
2026-06-10,watchlist,062040,,0,filtered_candidate_recheck,220500,,220500,220000,220500,222500,0.6802721088435374,0.22675736961451248,,,,,,"{""bid_req_base_tm"": ""112647"", ""sel_10th_pre_req_pre"": ""0"", ""sel_10th_pre_req"": ""70"", ""sel_10th_pre_bid"": ""225000"", ""sel_9th_pre_req_pre"": ""0"", ""sel_9th_pre_req"": ""5"", ""sel_9th_pre_bid"": ""-224500"", ""sel_8th_pre_req_pre"": ""0"", ""sel_8th_pre_req"": ""2"", ""sel_8th_pre_bid"": ""-224000"", ""sel_7th_pre_req_pre"": ""0"", ""sel_7th_pre_req"": ""2"", ""sel_7th_pre_bid"": ""-223500"", ""sel_6th_pre_req_pre"": ""0"", ""sel_6th_pre_req"": ""60"", ""sel_6th_pre_bid"": ""-223000"", ""sel_5th_pre_req_pre"": ""0"", ""sel_5th_pre_req"": ""87"", ""sel_5th_pre_bid"": ""-222500"", ""sel_4th_pre_req_pre"": ""0"", ""sel_4th_pre_req"": ""198"", ""sel_4th_pre_bid"": ""-222000"", ""sel_3th_pre_req_pre"": ""0"", ""sel_3th_pre_req"": ""200"", ""sel_3th_pre_bid"": ""-221500"", ""sel_2th_pre_req_pre"": ""0"", ""sel_2th_pre_req"": ""199"", ""sel_2th_pre_bid"": ""-221000"", ""sel_1th_pre_req_pre"": ""0"", ""sel_fpr_req"": ""264"", ""sel_fpr_bid"": ""-220500"", ""buy_fpr_bid"": ""-220000"", ""buy_fpr_req"": ""2180"", ""buy_1th_pre_req_pre"": ""0"", ""buy_2th_pre_bid"": ""-219500"", ""buy_2th_pre_req"": ""171"", ""buy_2th_pre_req_pre"": ""0"", ""buy_3th_pre_bid"": ""-219000"", ""buy_3th_pre_req"": ""339"", ""buy_3th_pre_req_pre"": ""0"", ""buy_4th_pre_bid"": ""-218500"", ""buy_4th_pre_req"": ""394"", ""buy_4th_pre_req_pre"": ""0"", ""buy_5th_pre_bid"": ""-218000"", ""buy_5th_pre_req"": ""555"", ""buy_5th_pre_req_pre"": ""0"", ""buy_6th_pre_bid"": ""-217500"", ""buy_6th_pre_req"": ""115"", ""buy_6th_pre_req_pre"": ""0"", ""buy_7th_pre_bid"": ""-217000"", ""buy_7th_pre_req"": ""340"", ""buy_7th_pre_req_pre"": ""0"", ""buy_8th_pre_bid"": ""-216500"", ""buy_8th_pre_req"": ""290"", ""buy_8th_pre_req_pre"": ""0"", ""buy_9th_pre_bid"": ""-216000"", ""buy_9th_pre_req"": ""150"", ""buy_9th_pre_req_pre"": ""0"", ""buy_10th_pre_bid"": ""-215500"", ""buy_10th_pre_req"": ""167"", ""buy_10th_pre_req_pre"": ""0"", ""tot_sel_req_jub_pre"": ""0"", ""tot_sel_req"": ""1087"", ""tot_buy_req"": ""4701"", ""tot_buy_req_jub_pre"": ""0"", ""ovt_sel_req_pre"": ""0"", ""ovt_sel_req"": ""0"", ""ovt_buy_req"": ""0"", ""ovt_buy_req_pre"": ""0"", ""return_code"": 0, ""return_msg"": ""정상적으로 처리되었습니다""}"
2026-06-10,watchlist,036460,,0,filtered_candidate_recheck,34550,,34550,34500,34550,34500,-0.2894356005788712,0.1447178002894356,,,,,,"{""bid_req_base_tm"": ""112643"", ""sel_10th_pre_req_pre"": ""0"", ""sel_10th_pre_req"": ""4277"", ""sel_10th_pre_bid"": ""+35000"", ""sel_9th_pre_req_pre"": ""0"", ""sel_9th_pre_req"": ""68"", ""sel_9th_pre_bid"": ""+34950"", ""sel_8th_pre_req_pre"": ""0"", ""sel_8th_pre_req"": ""619"", ""sel_8th_pre_bid"": ""+34900"", ""sel_7th_pre_req_pre"": ""0"", ""sel_7th_pre_req"": ""533"", ""sel_7th_pre_bid"": ""+34850"", ""sel_6th_pre_req_pre"": ""0"", ""sel_6th_pre_req"": ""110"", ""sel_6th_pre_bid"": ""+34800"", ""sel_5th_pre_req_pre"": ""0"", ""sel_5th_pre_req"": ""578"", ""sel_5th_pre_bid"": ""+34750"", ""sel_4th_pre_req_pre"": ""0"", ""sel_4th_pre_req"": ""662"", ""sel_4th_pre_bid"": ""+34700"", ""sel_3th_pre_req_pre"": ""0"", ""sel_3th_pre_req"": ""556"", ""sel_3th_pre_bid"": ""+34650"", ""sel_2th_pre_req_pre"": ""0"", ""sel_2th_pre_req"": ""997"", ""sel_2th_pre_bid"": ""+34600"", ""sel_1th_pre_req_pre"": ""0"", ""sel_fpr_req"": ""402"", ""sel_fpr_bid"": ""+34550"", ""buy_fpr_bid"": ""+34500"", ""buy_fpr_req"": ""645"", ""buy_1th_pre_req_pre"": ""--1"", ""buy_2th_pre_bid"": ""+34450"", ""buy_2th_pre_req"": ""500"", ""buy_2th_pre_req_pre"": ""0"", ""buy_3th_pre_bid"": ""+34400"", ""buy_3th_pre_req"": ""523"", ""buy_3th_pre_req_pre"": ""0"", ""buy_4th_pre_bid"": ""+34350"", ""buy_4th_pre_req"": ""329"", ""buy_4th_pre_req_pre"": ""0"", ""buy_5th_pre_bid"": ""+34300"", ""buy_5th_pre_req"": ""1882"", ""buy_5th_pre_req_pre"": ""0"", ""buy_6th_pre_bid"": ""+34250"", ""buy_6th_pre_req"": ""601"", ""buy_6th_pre_req_pre"": ""0"", ""buy_7th_pre_bid"": ""+34200"", ""buy_7th_pre_req"": ""761"", ""buy_7th_pre_req_pre"": ""0"", ""buy_8th_pre_bid"": ""+34150"", ""buy_8th_pre_req"": ""594"", ""buy_8th_pre_req_pre"": ""0"", ""buy_9th_pre_bid"": ""+34100"", ""buy_9th_pre_req"": ""700"", ""buy_9th_pre_req_pre"": ""0"", ""buy_10th_pre_bid"": ""+34050"", ""buy_10th_pre_req"": ""1168"", ""buy_10th_pre_req_pre"": ""0"", ""tot_sel_req_jub_pre"": ""0"", ""tot_sel_req"": ""8802"", ""tot_buy_req"": ""7703"", ""tot_buy_req_jub_pre"": ""--1"", ""ovt_sel_req_pre"": ""0"", ""ovt_sel_req"": ""0"", ""ovt_buy_req"": ""0"", ""ovt_buy_req_pre"": ""0"", ""return_code"": 0, ""return_msg"": ""정상적으로 처리되었습니다""}"
2026-06-10,watchlist,066575,,0,filtered_candidate_recheck,78100,,78100,78000,78100,78400,0.2560819462227913,0.12804097311139565,,,,,,"{""bid_req_base_tm"": ""112647"", ""sel_10th_pre_req_pre"": ""0"", ""sel_10th_pre_req"": ""352"", ""sel_10th_pre_bid"": ""-79000"", ""sel_9th_pre_req_pre"": ""0"", ""sel_9th_pre_req"": ""49"", ""sel_9th_pre_bid"": ""-78900"", ""sel_8th_pre_req_pre"": ""0"", ""sel_8th_pre_req"": ""104"", ""sel_8th_pre_bid"": ""-78800"", ""sel_7th_pre_req_pre"": ""0"", ""sel_7th_pre_req"": ""12"", ""sel_7th_pre_bid"": ""-78700"", ""sel_6th_pre_req_pre"": ""0"", ""sel_6th_pre_req"": ""4"", ""sel_6th_pre_bid"": ""-78600"", ""sel_5th_pre_req_pre"": ""0"", ""sel_5th_pre_req"": ""305"", ""sel_5th_pre_bid"": ""-78500"", ""sel_4th_pre_req_pre"": ""0"", ""sel_4th_pre_req"": ""80"", ""sel_4th_pre_bid"": ""-78400"", ""sel_3th_pre_req_pre"": ""0"", ""sel_3th_pre_req"": ""284"", ""sel_3th_pre_bid"": ""-78300"", ""sel_2th_pre_req_pre"": ""0"", ""sel_2th_pre_req"": ""1069"", ""sel_2th_pre_bid"": ""-78200"", ""sel_1th_pre_req_pre"": ""0"", ""sel_fpr_req"": ""571"", ""sel_fpr_bid"": ""-78100"", ""buy_fpr_bid"": ""-78000"", ""buy_fpr_req"": ""790"", ""buy_1th_pre_req_pre"": ""0"", ""buy_2th_pre_bid"": ""-77900"", ""buy_2th_pre_req"": ""916"", ""buy_2th_pre_req_pre"": ""0"", ""buy_3th_pre_bid"": ""-77800"", ""buy_3th_pre_req"": ""1502"", ""buy_3th_pre_req_pre"": ""0"", ""buy_4th_pre_bid"": ""-77700"", ""buy_4th_pre_req"": ""766"", ""buy_4th_pre_req_pre"": ""--1"", ""buy_5th_pre_bid"": ""-77600"", ""buy_5th_pre_req"": ""228"", ""buy_5th_pre_req_pre"": ""0"", ""buy_6th_pre_bid"": ""-77500"", ""buy_6th_pre_req"": ""1132"", ""buy_6th_pre_req_pre"": ""0"", ""buy_7th_pre_bid"": ""-77400"", ""buy_7th_pre_req"": ""130"", ""buy_7th_pre_req_pre"": ""0"", ""buy_8th_pre_bid"": ""-77300"", ""buy_8th_pre_req"": ""155"", ""buy_8th_pre_req_pre"": ""0"", ""buy_9th_pre_bid"": ""-77200"", ""buy_9th_pre_req"": ""439"", ""buy_9th_pre_req_pre"": ""0"", ""buy_10th_pre_bid"": ""-77100"", ""buy_10th_pre_req"": ""204"", ""buy_10th_pre_req_pre"": ""+1"", ""tot_sel_req_jub_pre"": ""0"", ""tot_sel_req"": ""2830"", ""tot_buy_req"": ""6262"", ""tot_buy_req_jub_pre"": ""0"", ""ovt_sel_req_pre"": ""0"", ""ovt_sel_req"": ""0"", ""ovt_buy_req"": ""0"", ""ovt_buy_req_pre"": ""0"", ""return_code"": 0, ""return_msg"": ""정상적으로 처리되었습니다""}"
2026-06-10,watchlist,000810,,0,filtered_candidate_recheck,622000,,622000,621000,622000,618000,-0.8038585209003215,0.1607717041800643,,,,,,"{""bid_req_base_tm"": ""112648"", ""sel_10th_pre_req_pre"": ""0"", ""sel_10th_pre_req"": ""8"", ""sel_10th_pre_bid"": ""-631000"", ""sel_9th_pre_req_pre"": ""0"", ""sel_9th_pre_req"": ""48"", ""sel_9th_pre_bid"": ""-630000"", ""sel_8th_pre_req_pre"": ""0"", ""sel_8th_pre_req"": ""15"", ""sel_8th_pre_bid"": ""-629000"", ""sel_7th_pre_req_pre"": ""0"", ""sel_7th_pre_req"": ""7"", ""sel_7th_pre_bid"": ""-628000"", ""sel_6th_pre_req_pre"": ""0"", ""sel_6th_pre_req"": ""27"", ""sel_6th_pre_bid"": ""-627000"", ""sel_5th_pre_req_pre"": ""0"", ""sel_5th_pre_req"": ""24"", ""sel_5th_pre_bid"": ""-626000"", ""sel_4th_pre_req_pre"": ""0"", ""sel_4th_pre_req"": ""81"", ""sel_4th_pre_bid"": ""-625000"", ""sel_3th_pre_req_pre"": ""0"", ""sel_3th_pre_req"": ""125"", ""sel_3th_pre_bid"": ""-624000"", ""sel_2th_pre_req_pre"": ""0"", ""sel_2th_pre_req"": ""126"", ""sel_2th_pre_bid"": ""-623000"", ""sel_1th_pre_req_pre"": ""0"", ""sel_fpr_req"": ""343"", ""sel_fpr_bid"": ""-622000"", ""buy_fpr_bid"": ""-621000"", ""buy_fpr_req"": ""282"", ""buy_1th_pre_req_pre"": ""--3"", ""buy_2th_pre_bid"": ""-620000"", ""buy_2th_pre_req"": ""88"", ""buy_2th_pre_req_pre"": ""0"", ""buy_3th_pre_bid"": ""-619000"", ""buy_3th_pre_req"": ""4"", ""buy_3th_pre_req_pre"": ""0"", ""buy_4th_pre_bid"": ""-618000"", ""buy_4th_pre_req"": ""14"", ""buy_4th_pre_req_pre"": ""0"", ""buy_5th_pre_bid"": ""-617000"", ""buy_5th_pre_req"": ""36"", ""buy_5th_pre_req_pre"": ""0"", ""buy_6th_pre_bid"": ""-616000"", ""buy_6th_pre_req"": ""20"", ""buy_6th_pre_req_pre"": ""0"", ""buy_7th_pre_bid"": ""-615000"", ""buy_7th_pre_req"": ""21"", ""buy_7th_pre_req_pre"": ""0"", ""buy_8th_pre_bid"": ""-614000"", ""buy_8th_pre_req"": ""95"", ""buy_8th_pre_req_pre"": ""0"", ""buy_9th_pre_bid"": ""-613000"", ""buy_9th_pre_req"": ""39"", ""buy_9th_pre_req_pre"": ""0"", ""buy_10th_pre_bid"": ""-612000"", ""buy_10th_pre_req"": ""37"", ""buy_10th_pre_req_pre"": ""0"", ""tot_sel_req_jub_pre"": ""0"", ""tot_sel_req"": ""804"", ""tot_buy_req"": ""636"", ""tot_buy_req_jub_pre"": ""--3"", ""ovt_sel_req_pre"": ""0"", ""ovt_sel_req"": ""0"", ""ovt_buy_req"": ""0"", ""ovt_buy_req_pre"": ""0"", ""return_code"": 0, ""return_msg"": ""정상적으로 처리되었습니다""}"
2026-06-10,watchlist,005930,,0,filtered_candidate_recheck,304000,,304000,303500,304000,305500,0.3289473684210526,0.1644736842105263,,,,,,"{""bid_req_base_tm"": ""112649"", ""sel_10th_pre_req_pre"": ""0"", ""sel_10th_pre_req"": ""25438"", ""sel_10th_pre_bid"": ""-308500"", ""sel_9th_pre_req_pre"": ""0"", ""sel_9th_pre_req"": ""26994"", ""sel_9th_pre_bid"": ""-308000"", ""sel_8th_pre_req_pre"": ""0"", ""sel_8th_pre_req"": ""17051"", ""sel_8th_pre_bid"": ""-307500"", ""sel_7th_pre_req_pre"": ""0"", ""sel_7th_pre_req"": ""5945"", ""sel_7th_pre_bid"": ""-307000"", ""sel_6th_pre_req_pre"": ""0"", ""sel_6th_pre_req"": ""13422"", ""sel_6th_pre_bid"": ""-306500"", ""sel_5th_pre_req_pre"": ""0"", ""sel_5th_pre_req"": ""13421"", ""sel_5th_pre_bid"": ""-306000"", ""sel_4th_pre_req_pre"": ""0"", ""sel_4th_pre_req"": ""21156"", ""sel_4th_pre_bid"": ""-305500"", ""sel_3th_pre_req_pre"": ""0"", ""sel_3th_pre_req"": ""12628"", ""sel_3th_pre_bid"": ""-305000"", ""sel_2th_pre_req_pre"": ""0"", ""sel_2th_pre_req"": ""8246"", ""sel_2th_pre_bid"": ""-304500"", ""sel_1th_pre_req_pre"": ""0"", ""sel_fpr_req"": ""10778"", ""sel_fpr_bid"": ""-304000"", ""buy_fpr_bid"": ""-303500"", ""buy_fpr_req"": ""51599"", ""buy_1th_pre_req_pre"": ""0"", ""buy_2th_pre_bid"": ""-303000"", ""buy_2th_pre_req"": ""96666"", ""buy_2th_pre_req_pre"": ""0"", ""buy_3th_pre_bid"": ""-302500"", ""buy_3th_pre_req"": ""33750"", ""buy_3th_pre_req_pre"": ""0"", ""buy_4th_pre_bid"": ""-302000"", ""buy_4th_pre_req"": ""64836"", ""buy_4th_pre_req_pre"": ""+1"", ""buy_5th_pre_bid"": ""-301500"", ""buy_5th_pre_req"": ""52920"", ""buy_5th_pre_req_pre"": ""0"", ""buy_6th_pre_bid"": ""-301000"", ""buy_6th_pre_req"": ""91382"", ""buy_6th_pre_req_pre"": ""+2"", ""buy_7th_pre_bid"": ""-300500"", ""buy_7th_pre_req"": ""135910"", ""buy_7th_pre_req_pre"": ""0"", ""buy_8th_pre_bid"": ""-300000"", ""buy_8th_pre_req"": ""309206"", ""buy_8th_pre_req_pre"": ""0"", ""buy_9th_pre_bid"": ""-299500"", ""buy_9th_pre_req"": ""37749"", ""buy_9th_pre_req_pre"": ""0"", ""buy_10th_pre_bid"": ""-299000"", ""buy_10th_pre_req"": ""49431"", ""buy_10th_pre_req_pre"": ""0"", ""tot_sel_req_jub_pre"": ""0"", ""tot_sel_req"": ""155079"", ""tot_buy_req"": ""923449"", ""tot_buy_req_jub_pre"": ""+3"", ""ovt_sel_req_pre"": ""0"", ""ovt_sel_req"": ""0"", ""ovt_buy_req"": ""0"", ""ovt_buy_req_pre"": ""0"", ""return_code"": 0, ""return_msg"": ""정상적으로 처리되었습니다""}"
2026-06-10,watchlist,000370,,0,filtered_candidate_recheck,6490,,6490,6480,6490,6500,0.0,0.15408320493066258,,,,,,"{""bid_req_base_tm"": ""112635"", ""sel_10th_pre_req_pre"": ""0"", ""sel_10th_pre_req"": ""312"", ""sel_10th_pre_bid"": ""+6590"", ""sel_9th_pre_req_pre"": ""0"", ""sel_9th_pre_req"": ""112"", ""sel_9th_pre_bid"": ""+6580"", ""sel_8th_pre_req_pre"": ""0"", ""sel_8th_pre_req"": ""753"", ""sel_8th_pre_bid"": ""+6570"", ""sel_7th_pre_req_pre"": ""0"", ""sel_7th_pre_req"": ""104"", ""sel_7th_pre_bid"": ""+6560"", ""sel_6th_pre_req_pre"": ""0"", ""sel_6th_pre_req"": ""175"", ""sel_6th_pre_bid"": ""+6550"", ""sel_5th_pre_req_pre"": ""0"", ""sel_5th_pre_req"": ""1607"", ""sel_5th_pre_bid"": ""+6540"", ""sel_4th_pre_req_pre"": ""0"", ""sel_4th_pre_req"": ""26"", ""sel_4th_pre_bid"": ""+6520"", ""sel_3th_pre_req_pre"": ""0"", ""sel_3th_pre_req"": ""846"", ""sel_3th_pre_bid"": ""+6510"", ""sel_2th_pre_req_pre"": ""0"", ""sel_2th_pre_req"": ""1660"", ""sel_2th_pre_bid"": ""+6500"", ""sel_1th_pre_req_pre"": ""0"", ""sel_fpr_req"": ""23"", ""sel_fpr_bid"": ""+6490"", ""buy_fpr_bid"": ""+6480"", ""buy_fpr_req"": ""648"", ""buy_1th_pre_req_pre"": ""0"", ""buy_2th_pre_bid"": ""+6470"", ""buy_2th_pre_req"": ""624"", ""buy_2th_pre_req_pre"": ""0"", ""buy_3th_pre_bid"": ""+6460"", ""buy_3th_pre_req"": ""245"", ""buy_3th_pre_req_pre"": ""0"", ""buy_4th_pre_bid"": ""6450"", ""buy_4th_pre_req"": ""901"", ""buy_4th_pre_req_pre"": ""0"", ""buy_5th_pre_bid"": ""-6440"", ""buy_5th_pre_req"": ""213"", ""buy_5th_pre_req_pre"": ""0"", ""buy_6th_pre_bid"": ""-6430"", ""buy_6th_pre_req"": ""1610"", ""buy_6th_pre_req_pre"": ""0"", ""buy_7th_pre_bid"": ""-6420"", ""buy_7th_pre_req"": ""210"", ""buy_7th_pre_req_pre"": ""0"", ""buy_8th_pre_bid"": ""-6410"", ""buy_8th_pre_req"": ""1539"", ""buy_8th_pre_req_pre"": ""0"", ""buy_9th_pre_bid"": ""-6400"", ""buy_9th_pre_req"": ""4828"", ""buy_9th_pre_req_pre"": ""0"", ""buy_10th_pre_bid"": ""-6390"", ""buy_10th_pre_req"": ""670"", ""buy_10th_pre_req_pre"": ""0"", ""tot_sel_req_jub_pre"": ""0"", ""tot_sel_req"": ""5618"", ""tot_buy_req"": ""11488"", ""tot_buy_req_jub_pre"": ""0"", ""ovt_sel_req_pre"": ""0"", ""ovt_sel_req"": ""0"", ""ovt_buy_req"": ""0"", ""ovt_buy_req_pre"": ""0"", ""return_code"": 0, ""return_msg"": ""정상적으로 처리되었습니다""}"
2026-06-10,watchlist,064400,,0,filtered_candidate_recheck,94300,,94300,94200,94300,94600,0.2120890774125133,0.10604453870625664,,,,,,"{""bid_req_base_tm"": ""112648"", ""sel_10th_pre_req_pre"": ""0"", ""sel_10th_pre_req"": ""128"", ""sel_10th_pre_bid"": ""-95200"", ""sel_9th_pre_req_pre"": ""0"", ""sel_9th_pre_req"": ""175"", ""sel_9th_pre_bid"": ""-95100"", ""sel_8th_pre_req_pre"": ""0"", ""sel_8th_pre_req"": ""361"", ""sel_8th_pre_bid"": ""-95000"", ""sel_7th_pre_req_pre"": ""0"", ""sel_7th_pre_req"": ""7"", ""sel_7th_pre_bid"": ""-94900"", ""sel_6th_pre_req_pre"": ""0"", ""sel_6th_pre_req"": ""4"", ""sel_6th_pre_bid"": ""-94800"", ""sel_5th_pre_req_pre"": ""0"", ""sel_5th_pre_req"": ""40"", ""sel_5th_pre_bid"": ""-94700"", ""sel_4th_pre_req_pre"": ""0"", ""sel_4th_pre_req"": ""33"", ""sel_4th_pre_bid"": ""-94600"", ""sel_3th_pre_req_pre"": ""0"", ""sel_3th_pre_req"": ""454"", ""sel_3th_pre_bid"": ""-94500"", ""sel_2th_pre_req_pre"": ""0"", ""sel_2th_pre_req"": ""817"", ""sel_2th_pre_bid"": ""-94400"", ""sel_1th_pre_req_pre"": ""0"", ""sel_fpr_req"": ""1611"", ""sel_fpr_bid"": ""-94300"", ""buy_fpr_bid"": ""-94200"", ""buy_fpr_req"": ""1249"", ""buy_1th_pre_req_pre"": ""--20"", ""buy_2th_pre_bid"": ""-94100"", ""buy_2th_pre_req"": ""2279"", ""buy_2th_pre_req_pre"": ""0"", ""buy_3th_pre_bid"": ""-94000"", ""buy_3th_pre_req"": ""5355"", ""buy_3th_pre_req_pre"": ""0"", ""buy_4th_pre_bid"": ""-93900"", ""buy_4th_pre_req"": ""638"", ""buy_4th_pre_req_pre"": ""0"", ""buy_5th_pre_bid"": ""-93800"", ""buy_5th_pre_req"": ""2035"", ""buy_5th_pre_req_pre"": ""0"", ""buy_6th_pre_bid"": ""-93700"", ""buy_6th_pre_req"": ""751"", ""buy_6th_pre_req_pre"": ""0"", ""buy_7th_pre_bid"": ""-93600"", ""buy_7th_pre_req"": ""1390"", ""buy_7th_pre_req_pre"": ""0"", ""buy_8th_pre_bid"": ""-93500"", ""buy_8th_pre_req"": ""3120"", ""buy_8th_pre_req_pre"": ""0"", ""buy_9th_pre_bid"": ""-93400"", ""buy_9th_pre_req"": ""150"", ""buy_9th_pre_req_pre"": ""0"", ""buy_10th_pre_bid"": ""-93300"", ""buy_10th_pre_req"": ""543"", ""buy_10th_pre_req_pre"": ""0"", ""tot_sel_req_jub_pre"": ""0"", ""tot_sel_req"": ""3630"", ""tot_buy_req"": ""17510"", ""tot_buy_req_jub_pre"": ""--20"", ""ovt_sel_req_pre"": ""0"", ""ovt_sel_req"": ""0"", ""ovt_buy_req"": ""0"", ""ovt_buy_req_pre"": ""0"", ""return_code"": 0, ""return_msg"": ""정상적으로 처리되었습니다""}"
2026-06-10,watchlist,009420,,1,filtered_candidate_recheck,49600,,49600,49550,49600,50000,0.6048387096774194,0.10080645161290322,,,,,,"{""bid_req_base_tm"": ""112649"", ""sel_10th_pre_req_pre"": ""0"", ""sel_10th_pre_req"": ""101"", ""sel_10th_pre_bid"": ""-50500"", ""sel_9th_pre_req_pre"": ""0"", ""sel_9th_pre_req"": ""8"", ""sel_9th_pre_bid"": ""-50400"", ""sel_8th_pre_req_pre"": ""0"", ""sel_8th_pre_req"": ""7"", ""sel_8th_pre_bid"": ""-50300"", ""sel_7th_pre_req_pre"": ""0"", ""sel_7th_pre_req"": ""14"", ""sel_7th_pre_bid"": ""-50100"", ""sel_6th_pre_req_pre"": ""0"", ""sel_6th_pre_req"": ""192"", ""sel_6th_pre_bid"": ""-49850"", ""sel_5th_pre_req_pre"": ""0"", ""sel_5th_pre_req"": ""48"", ""sel_5th_pre_bid"": ""-49800"", ""sel_4th_pre_req_pre"": ""0"", ""sel_4th_pre_req"": ""222"", ""sel_4th_pre_bid"": ""-49750"", ""sel_3th_pre_req_pre"": ""0"", ""sel_3th_pre_req"": ""18"", ""sel_3th_pre_bid"": ""-49700"", ""sel_2th_pre_req_pre"": ""0"", ""sel_2th_pre_req"": ""20"", ""sel_2th_pre_bid"": ""-49650"", ""sel_1th_pre_req_pre"": ""0"", ""sel_fpr_req"": ""320"", ""sel_fpr_bid"": ""-49600"", ""buy_fpr_bid"": ""-49550"", ""buy_fpr_req"": ""180"", ""buy_1th_pre_req_pre"": ""+5"", ""buy_2th_pre_bid"": ""-49500"", ""buy_2th_pre_req"": ""1950"", ""buy_2th_pre_req_pre"": ""0"", ""buy_3th_pre_bid"": ""-49450"", ""buy_3th_pre_req"": ""168"", ""buy_3th_pre_req_pre"": ""0"", ""buy_4th_pre_bid"": ""-49400"", ""buy_4th_pre_req"": ""187"", ""buy_4th_pre_req_pre"": ""0"", ""buy_5th_pre_bid"": ""-49350"", ""buy_5th_pre_req"": ""32"", ""buy_5th_pre_req_pre"": ""0"", ""buy_6th_pre_bid"": ""-49300"", ""buy_6th_pre_req"": ""57"", ""buy_6th_pre_req_pre"": ""0"", ""buy_7th_pre_bid"": ""-49250"", ""buy_7th_pre_req"": ""7"", ""buy_7th_pre_req_pre"": ""0"", ""buy_8th_pre_bid"": ""-49200"", ""buy_8th_pre_req"": ""35"", ""buy_8th_pre_req_pre"": ""0"", ""buy_9th_pre_bid"": ""-49150"", ""buy_9th_pre_req"": ""13"", ""buy_9th_pre_req_pre"": ""0"", ""buy_10th_pre_bid"": ""-49100"", ""buy_10th_pre_req"": ""93"", ""buy_10th_pre_req_pre"": ""0"", ""tot_sel_req_jub_pre"": ""0"", ""tot_sel_req"": ""950"", ""tot_buy_req"": ""2722"", ""tot_buy_req_jub_pre"": ""+5"", ""ovt_sel_req_pre"": ""0"", ""ovt_sel_req"": ""0"", ""ovt_buy_req"": ""0"", ""ovt_buy_req_pre"": ""0"", ""return_code"": 0, ""return_msg"": ""정상적으로 처리되었습니다""}"
2026-06-10,watchlist,383220,,0,filtered_candidate_recheck,75900,,75900,75500,75900,75500,-0.6587615283267457,0.5270092226613966,,,,,,"{""bid_req_base_tm"": ""112642"", ""sel_10th_pre_req_pre"": ""0"", ""sel_10th_pre_req"": ""13"", ""sel_10th_pre_bid"": ""+76800"", ""sel_9th_pre_req_pre"": ""0"", ""sel_9th_pre_req"": ""9"", ""sel_9th_pre_bid"": ""+76700"", ""sel_8th_pre_req_pre"": ""0"", ""sel_8th_pre_req"": ""31"", ""sel_8th_pre_bid"": ""+76600"", ""sel_7th_pre_req_pre"": ""0"", ""sel_7th_pre_req"": ""56"", ""sel_7th_pre_bid"": ""+76500"", ""sel_6th_pre_req_pre"": ""0"", ""sel_6th_pre_req"": ""10"", ""sel_6th_pre_bid"": ""+76400"", ""sel_5th_pre_req_pre"": ""0"", ""sel_5th_pre_req"": ""17"", ""sel_5th_pre_bid"": ""+76300"", ""sel_4th_pre_req_pre"": ""0"", ""sel_4th_pre_req"": ""168"", ""sel_4th_pre_bid"": ""+76200"", ""sel_3th_pre_req_pre"": ""0"", ""sel_3th_pre_req"": ""13"", ""sel_3th_pre_bid"": ""+76100"", ""sel_2th_pre_req_pre"": ""0"", ""sel_2th_pre_req"": ""18"", ""sel_2th_pre_bid"": ""+76000"", ""sel_1th_pre_req_pre"": ""--15"", ""sel_fpr_req"": ""51"", ""sel_fpr_bid"": ""+75900"", ""buy_fpr_bid"": ""+75500"", ""buy_fpr_req"": ""83"", ""buy_1th_pre_req_pre"": ""--15"", ""buy_2th_pre_bid"": ""+75400"", ""buy_2th_pre_req"": ""20"", ""buy_2th_pre_req_pre"": ""0"", ""buy_3th_pre_bid"": ""+75300"", ""buy_3th_pre_req"": ""15"", ""buy_3th_pre_req_pre"": ""0"", ""buy_4th_pre_bid"": ""+75200"", ""buy_4th_pre_req"": ""10"", ""buy_4th_pre_req_pre"": ""0"", ""buy_5th_pre_bid"": ""+75000"", ""buy_5th_pre_req"": ""1"", ""buy_5th_pre_req_pre"": ""0"", ""buy_6th_pre_bid"": ""+74900"", ""buy_6th_pre_req"": ""19"", ""buy_6th_pre_req_pre"": ""0"", ""buy_7th_pre_bid"": ""+74700"", ""buy_7th_pre_req"": ""114"", ""buy_7th_pre_req_pre"": ""0"", ""buy_8th_pre_bid"": ""74600"", ""buy_8th_pre_req"": ""20"", ""buy_8th_pre_req_pre"": ""0"", ""buy_9th_pre_bid"": ""-74500"", ""buy_9th_pre_req"": ""27"", ""buy_9th_pre_req_pre"": ""0"", ""buy_10th_pre_bid"": ""-74400"", ""buy_10th_pre_req"": ""40"", ""buy_10th_pre_req_pre"": ""0"", ""tot_sel_req_jub_pre"": ""--15"", ""tot_sel_req"": ""386"", ""tot_buy_req"": ""349"", ""tot_buy_req_jub_pre"": ""--15"", ""ovt_sel_req_pre"": ""0"", ""ovt_sel_req"": ""0"", ""ovt_buy_req"": ""0"", ""ovt_buy_req_pre"": ""0"", ""return_code"": 0, ""return_msg"": ""정상적으로 처리되었습니다""}"
2026-06-10,watchlist,004170,,0,filtered_candidate_recheck,679000,,679000,678000,679000,679000,-0.14727540500736377,0.14727540500736377,,,,,,"{""bid_req_base_tm"": ""112648"", ""sel_10th_pre_req_pre"": ""0"", ""sel_10th_pre_req"": ""2"", ""sel_10th_pre_bid"": ""+688000"", ""sel_9th_pre_req_pre"": ""0"", ""sel_9th_pre_req"": ""22"", ""sel_9th_pre_bid"": ""+687000"", ""sel_8th_pre_req_pre"": ""0"", ""sel_8th_pre_req"": ""51"", ""sel_8th_pre_bid"": ""+686000"", ""sel_7th_pre_req_pre"": ""0"", ""sel_7th_pre_req"": ""13"", ""sel_7th_pre_bid"": ""+685000"", ""sel_6th_pre_req_pre"": ""0"", ""sel_6th_pre_req"": ""10"", ""sel_6th_pre_bid"": ""+684000"", ""sel_5th_pre_req_pre"": ""0"", ""sel_5th_pre_req"": ""9"", ""sel_5th_pre_bid"": ""+683000"", ""sel_4th_pre_req_pre"": ""0"", ""sel_4th_pre_req"": ""6"", ""sel_4th_pre_bid"": ""+682000"", ""sel_3th_pre_req_pre"": ""0"", ""sel_3th_pre_req"": ""15"", ""sel_3th_pre_bid"": ""+681000"", ""sel_2th_pre_req_pre"": ""0"", ""sel_2th_pre_req"": ""170"", ""sel_2th_pre_bid"": ""+680000"", ""sel_1th_pre_req_pre"": ""+1"", ""sel_fpr_req"": ""26"", ""sel_fpr_bid"": ""+679000"", ""buy_fpr_bid"": ""+678000"", ""buy_fpr_req"": ""43"", ""buy_1th_pre_req_pre"": ""0"", ""buy_2th_pre_bid"": ""+677000"", ""buy_2th_pre_req"": ""11"", ""buy_2th_pre_req_pre"": ""0"", ""buy_3th_pre_bid"": ""+675000"", ""buy_3th_pre_req"": ""14"", ""buy_3th_pre_req_pre"": ""0"", ""buy_4th_pre_bid"": ""+674000"", ""buy_4th_pre_req"": ""36"", ""buy_4th_pre_req_pre"": ""0"", ""buy_5th_pre_bid"": ""+673000"", ""buy_5th_pre_req"": ""105"", ""buy_5th_pre_req_pre"": ""0"", ""buy_6th_pre_bid"": ""+672000"", ""buy_6th_pre_req"": ""12"", ""buy_6th_pre_req_pre"": ""0"", ""buy_7th_pre_bid"": ""+671000"", ""buy_7th_pre_req"": ""38"", ""buy_7th_pre_req_pre"": ""0"", ""buy_8th_pre_bid"": ""+670000"", ""buy_8th_pre_req"": ""648"", ""buy_8th_pre_req_pre"": ""0"", ""buy_9th_pre_bid"": ""+669000"", ""buy_9th_pre_req"": ""134"", ""buy_9th_pre_req_pre"": ""0"", ""buy_10th_pre_bid"": ""+668000"", ""buy_10th_pre_req"": ""11"", ""buy_10th_pre_req_pre"": ""0"", ""tot_sel_req_jub_pre"": ""+1"", ""tot_sel_req"": ""324"", ""tot_buy_req"": ""1052"", ""tot_buy_req_jub_pre"": ""0"", ""ovt_sel_req_pre"": ""0"", ""ovt_sel_req"": ""0"", ""ovt_buy_req"": ""0"", ""ovt_buy_req_pre"": ""0"", ""return_code"": 0, ""return_msg"": ""정상적으로 처리되었습니다""}"
2026-06-10,watchlist,018260,,1,filtered_candidate_recheck,231000,,231000,230500,231000,232500,0.4329004329004329,0.21645021645021645,,,,,,"{""bid_req_base_tm"": ""112648"", ""sel_10th_pre_req_pre"": ""0"", ""sel_10th_pre_req"": ""202"", ""sel_10th_pre_bid"": ""-235500"", ""sel_9th_pre_req_pre"": ""0"", ""sel_9th_pre_req"": ""335"", ""sel_9th_pre_bid"": ""-235000"", ""sel_8th_pre_req_pre"": ""0"", ""sel_8th_pre_req"": ""151"", ""sel_8th_pre_bid"": ""-234500"", ""sel_7th_pre_req_pre"": ""0"", ""sel_7th_pre_req"": ""178"", ""sel_7th_pre_bid"": ""-234000"", ""sel_6th_pre_req_pre"": ""0"", ""sel_6th_pre_req"": ""120"", ""sel_6th_pre_bid"": ""-233500"", ""sel_5th_pre_req_pre"": ""0"", ""sel_5th_pre_req"": ""286"", ""sel_5th_pre_bid"": ""-233000"", ""sel_4th_pre_req_pre"": ""0"", ""sel_4th_pre_req"": ""312"", ""sel_4th_pre_bid"": ""-232500"", ""sel_3th_pre_req_pre"": ""0"", ""sel_3th_pre_req"": ""230"", ""sel_3th_pre_bid"": ""-232000"", ""sel_2th_pre_req_pre"": ""0"", ""sel_2th_pre_req"": ""156"", ""sel_2th_pre_bid"": ""-231500"", ""sel_1th_pre_req_pre"": ""0"", ""sel_fpr_req"": ""639"", ""sel_fpr_bid"": ""-231000"", ""buy_fpr_bid"": ""-230500"", ""buy_fpr_req"": ""815"", ""buy_1th_pre_req_pre"": ""--1"", ""buy_2th_pre_bid"": ""-230000"", ""buy_2th_pre_req"": ""5624"", ""buy_2th_pre_req_pre"": ""0"", ""buy_3th_pre_bid"": ""-229500"", ""buy_3th_pre_req"": ""3687"", ""buy_3th_pre_req_pre"": ""0"", ""buy_4th_pre_bid"": ""-229000"", ""buy_4th_pre_req"": ""1458"", ""buy_4th_pre_req_pre"": ""0"", ""buy_5th_pre_bid"": ""-228500"", ""buy_5th_pre_req"": ""720"", ""buy_5th_pre_req_pre"": ""0"", ""buy_6th_pre_bid"": ""-228000"", ""buy_6th_pre_req"": ""2140"", ""buy_6th_pre_req_pre"": ""0"", ""buy_7th_pre_bid"": ""-227500"", ""buy_7th_pre_req"": ""1825"", ""buy_7th_pre_req_pre"": ""0"", ""buy_8th_pre_bid"": ""-227000"", ""buy_8th_pre_req"": ""2001"", ""buy_8th_pre_req_pre"": ""0"", ""buy_9th_pre_bid"": ""-226500"", ""buy_9th_pre_req"": ""582"", ""buy_9th_pre_req_pre"": ""0"", ""buy_10th_pre_bid"": ""-226000"", ""buy_10th_pre_req"": ""1765"", ""buy_10th_pre_req_pre"": ""0"", ""tot_sel_req_jub_pre"": ""0"", ""tot_sel_req"": ""2609"", ""tot_buy_req"": ""20617"", ""tot_buy_req_jub_pre"": ""--1"", ""ovt_sel_req_pre"": ""0"", ""ovt_sel_req"": ""0"", ""ovt_buy_req"": ""0"", ""ovt_buy_req_pre"": ""0"", ""return_code"": 0, ""return_msg"": ""정상적으로 처리되었습니다""}"
2026-06-10,watchlist,161390,,0,filtered_candidate_recheck,70900,,70900,70800,70900,70500,-0.7052186177715092,0.14104372355430184,,,,,,"{""bid_req_base_tm"": ""112650"", ""sel_10th_pre_req_pre"": ""0"", ""sel_10th_pre_req"": ""130"", ""sel_10th_pre_bid"": ""-71800"", ""sel_9th_pre_req_pre"": ""0"", ""sel_9th_pre_req"": ""10"", ""sel_9th_pre_bid"": ""-71700"", ""sel_8th_pre_req_pre"": ""0"", ""sel_8th_pre_req"": ""3"", ""sel_8th_pre_bid"": ""-71600"", ""sel_7th_pre_req_pre"": ""0"", ""sel_7th_pre_req"": ""57"", ""sel_7th_pre_bid"": ""-71500"", ""sel_6th_pre_req_pre"": ""0"", ""sel_6th_pre_req"": ""92"", ""sel_6th_pre_bid"": ""-71400"", ""sel_5th_pre_req_pre"": ""0"", ""sel_5th_pre_req"": ""163"", ""sel_5th_pre_bid"": ""-71300"", ""sel_4th_pre_req_pre"": ""0"", ""sel_4th_pre_req"": ""477"", ""sel_4th_pre_bid"": ""-71200"", ""sel_3th_pre_req_pre"": ""--74"", ""sel_3th_pre_req"": ""1153"", ""sel_3th_pre_bid"": ""-71100"", ""sel_2th_pre_req_pre"": ""0"", ""sel_2th_pre_req"": ""1062"", ""sel_2th_pre_bid"": ""-71000"", ""sel_1th_pre_req_pre"": ""0"", ""sel_fpr_req"": ""2567"", ""sel_fpr_bid"": ""-70900"", ""buy_fpr_bid"": ""-70800"", ""buy_fpr_req"": ""1788"", ""buy_1th_pre_req_pre"": ""0"", ""buy_2th_pre_bid"": ""-70700"", ""buy_2th_pre_req"": ""65"", ""buy_2th_pre_req_pre"": ""0"", ""buy_3th_pre_bid"": ""-70600"", ""buy_3th_pre_req"": ""106"", ""buy_3th_pre_req_pre"": ""0"", ""buy_4th_pre_bid"": ""-70500"", ""buy_4th_pre_req"": ""362"", ""buy_4th_pre_req_pre"": ""0"", ""buy_5th_pre_bid"": ""-70400"", ""buy_5th_pre_req"": ""279"", ""buy_5th_pre_req_pre"": ""0"", ""buy_6th_pre_bid"": ""-70300"", ""buy_6th_pre_req"": ""198"", ""buy_6th_pre_req_pre"": ""0"", ""buy_7th_pre_bid"": ""-70200"", ""buy_7th_pre_req"": ""229"", ""buy_7th_pre_req_pre"": ""0"", ""buy_8th_pre_bid"": ""-70100"", ""buy_8th_pre_req"": ""216"", ""buy_8th_pre_req_pre"": ""0"", ""buy_9th_pre_bid"": ""-70000"", ""buy_9th_pre_req"": ""376"", ""buy_9th_pre_req_pre"": ""0"", ""buy_10th_pre_bid"": ""-69900"", ""buy_10th_pre_req"": ""135"", ""buy_10th_pre_req_pre"": ""0"", ""tot_sel_req_jub_pre"": ""--74"", ""tot_sel_req"": ""5714"", ""tot_buy_req"": ""3754"", ""tot_buy_req_jub_pre"": ""0"", ""ovt_sel_req_pre"": ""0"", ""ovt_sel_req"": ""0"", ""ovt_buy_req"": ""0"", ""ovt_buy_req_pre"": ""0"", ""return_code"": 0, ""return_msg"": ""정상적으로 처리되었습니다""}"
2026-06-10,watchlist,078930,,0,filtered_candidate_recheck,74000,,74000,73900,74000,73700,-0.5405405405405406,0.13513513513513514,,,,,,"{""bid_req_base_tm"": ""112650"", ""sel_10th_pre_req_pre"": ""0"", ""sel_10th_pre_req"": ""82"", ""sel_10th_pre_bid"": ""+74900"", ""sel_9th_pre_req_pre"": ""0"", ""sel_9th_pre_req"": ""4"", ""sel_9th_pre_bid"": ""+74800"", ""sel_8th_pre_req_pre"": ""0"", ""sel_8th_pre_req"": ""234"", ""sel_8th_pre_bid"": ""+74700"", ""sel_7th_pre_req_pre"": ""0"", ""sel_7th_pre_req"": ""104"", ""sel_7th_pre_bid"": ""+74600"", ""sel_6th_pre_req_pre"": ""0"", ""sel_6th_pre_req"": ""386"", ""sel_6th_pre_bid"": ""+74500"", ""sel_5th_pre_req_pre"": ""0"", ""sel_5th_pre_req"": ""107"", ""sel_5th_pre_bid"": ""+74400"", ""sel_4th_pre_req_pre"": ""0"", ""sel_4th_pre_req"": ""170"", ""sel_4th_pre_bid"": ""+74300"", ""sel_3th_pre_req_pre"": ""0"", ""sel_3th_pre_req"": ""57"", ""sel_3th_pre_bid"": ""+74200"", ""sel_2th_pre_req_pre"": ""0"", ""sel_2th_pre_req"": ""108"", ""sel_2th_pre_bid"": ""+74100"", ""sel_1th_pre_req_pre"": ""0"", ""sel_fpr_req"": ""637"", ""sel_fpr_bid"": ""+74000"", ""buy_fpr_bid"": ""+73900"", ""buy_fpr_req"": ""12"", ""buy_1th_pre_req_pre"": ""0"", ""buy_2th_pre_bid"": ""73800"", ""buy_2th_pre_req"": ""412"", ""buy_2th_pre_req_pre"": ""+10"", ""buy_3th_pre_bid"": ""-73700"", ""buy_3th_pre_req"": ""338"", ""buy_3th_pre_req_pre"": ""0"", ""buy_4th_pre_bid"": ""-73600"", ""buy_4th_pre_req"": ""143"", ""buy_4th_pre_req_pre"": ""0"", ""buy_5th_pre_bid"": ""-73500"", ""buy_5th_pre_req"": ""40"", ""buy_5th_pre_req_pre"": ""0"", ""buy_6th_pre_bid"": ""-73400"", ""buy_6th_pre_req"": ""71"", ""buy_6th_pre_req_pre"": ""0"", ""buy_7th_pre_bid"": ""-73300"", ""buy_7th_pre_req"": ""30"", ""buy_7th_pre_req_pre"": ""0"", ""buy_8th_pre_bid"": ""-73200"", ""buy_8th_pre_req"": ""137"", ""buy_8th_pre_req_pre"": ""0"", ""buy_9th_pre_bid"": ""-73100"", ""buy_9th_pre_req"": ""152"", ""buy_9th_pre_req_pre"": ""0"", ""buy_10th_pre_bid"": ""-73000"", ""buy_10th_pre_req"": ""3"", ""buy_10th_pre_req_pre"": ""0"", ""tot_sel_req_jub_pre"": ""0"", ""tot_sel_req"": ""1889"", ""tot_buy_req"": ""1338"", ""tot_buy_req_jub_pre"": ""+10"", ""ovt_sel_req_pre"": ""0"", ""ovt_sel_req"": ""0"", ""ovt_buy_req"": ""0"", ""ovt_buy_req_pre"": ""0"", ""return_code"": 0, ""return_msg"": ""정상적으로 처리되었습니다""}"
2026-06-10,watchlist,462870,,0,filtered_candidate_recheck,31100,,31100,31000,31100,31200,0.1607717041800643,0.3215434083601286,,,,,,"{""bid_req_base_tm"": ""112650"", ""sel_10th_pre_req_pre"": ""0"", ""sel_10th_pre_req"": ""42"", ""sel_10th_pre_bid"": ""-31600"", ""sel_9th_pre_req_pre"": ""0"", ""sel_9th_pre_req"": ""11"", ""sel_9th_pre_bid"": ""-31550"", ""sel_8th_pre_req_pre"": ""0"", ""sel_8th_pre_req"": ""2"", ""sel_8th_pre_bid"": ""-31500"", ""sel_7th_pre_req_pre"": ""0"", ""sel_7th_pre_req"": ""33"", ""sel_7th_pre_bid"": ""-31450"", ""sel_6th_pre_req_pre"": ""0"", ""sel_6th_pre_req"": ""22"", ""sel_6th_pre_bid"": ""-31400"", ""sel_5th_pre_req_pre"": ""0"", ""sel_5th_pre_req"": ""9"", ""sel_5th_pre_bid"": ""-31300"", ""sel_4th_pre_req_pre"": ""0"", ""sel_4th_pre_req"": ""60"", ""sel_4th_pre_bid"": ""-31250"", ""sel_3th_pre_req_pre"": ""0"", ""sel_3th_pre_req"": ""113"", ""sel_3th_pre_bid"": ""-31200"", ""sel_2th_pre_req_pre"": ""0"", ""sel_2th_pre_req"": ""181"", ""sel_2th_pre_bid"": ""-31150"", ""sel_1th_pre_req_pre"": ""0"", ""sel_fpr_req"": ""122"", ""sel_fpr_bid"": ""-31100"", ""buy_fpr_bid"": ""-31000"", ""buy_fpr_req"": ""413"", ""buy_1th_pre_req_pre"": ""0"", ""buy_2th_pre_bid"": ""-30950"", ""buy_2th_pre_req"": ""29"", ""buy_2th_pre_req_pre"": ""0"", ""buy_3th_pre_bid"": ""-30900"", ""buy_3th_pre_req"": ""150"", ""buy_3th_pre_req_pre"": ""0"", ""buy_4th_pre_bid"": ""-30850"", ""buy_4th_pre_req"": ""33"", ""buy_4th_pre_req_pre"": ""0"", ""buy_5th_pre_bid"": ""-30800"", ""buy_5th_pre_req"": ""121"", ""buy_5th_pre_req_pre"": ""0"", ""buy_6th_pre_bid"": ""-30750"", ""buy_6th_pre_req"": ""254"", ""buy_6th_pre_req_pre"": ""0"", ""buy_7th_pre_bid"": ""-30700"", ""buy_7th_pre_req"": ""217"", ""buy_7th_pre_req_pre"": ""0"", ""buy_8th_pre_bid"": ""-30650"", ""buy_8th_pre_req"": ""149"", ""buy_8th_pre_req_pre"": ""0"", ""buy_9th_pre_bid"": ""-30600"", ""buy_9th_pre_req"": ""99"", ""buy_9th_pre_req_pre"": ""0"", ""buy_10th_pre_bid"": ""-30550"", ""buy_10th_pre_req"": ""434"", ""buy_10th_pre_req_pre"": ""0"", ""tot_sel_req_jub_pre"": ""0"", ""tot_sel_req"": ""595"", ""tot_buy_req"": ""1899"", ""tot_buy_req_jub_pre"": ""+424"", ""ovt_sel_req_pre"": ""0"", ""ovt_sel_req"": ""0"", ""ovt_buy_req"": ""0"", ""ovt_buy_req_pre"": ""0"", ""return_code"": 0, ""return_msg"": ""정상적으로 처리되었습니다""}"
2026-06-10,watchlist,055550,,0,filtered_candidate_recheck,98600,,98600,98500,98600,98900,0.2028397565922921,0.10141987829614604,,,,,,"{""bid_req_base_tm"": ""112650"", ""sel_10th_pre_req_pre"": ""0"", ""sel_10th_pre_req"": ""851"", ""sel_10th_pre_bid"": ""-99700"", ""sel_9th_pre_req_pre"": ""0"", ""sel_9th_pre_req"": ""285"", ""sel_9th_pre_bid"": ""-99600"", ""sel_8th_pre_req_pre"": ""0"", ""sel_8th_pre_req"": ""77"", ""sel_8th_pre_bid"": ""-99500"", ""sel_7th_pre_req_pre"": ""0"", ""sel_7th_pre_req"": ""11"", ""sel_7th_pre_bid"": ""-99400"", ""sel_6th_pre_req_pre"": ""0"", ""sel_6th_pre_req"": ""210"", ""sel_6th_pre_bid"": ""-99300"", ""sel_5th_pre_req_pre"": ""0"", ""sel_5th_pre_req"": ""6"", ""sel_5th_pre_bid"": ""-99200"", ""sel_4th_pre_req_pre"": ""0"", ""sel_4th_pre_req"": ""166"", ""sel_4th_pre_bid"": ""-98900"", ""sel_3th_pre_req_pre"": ""0"", ""sel_3th_pre_req"": ""865"", ""sel_3th_pre_bid"": ""-98800"", ""sel_2th_pre_req_pre"": ""0"", ""sel_2th_pre_req"": ""227"", ""sel_2th_pre_bid"": ""-98700"", ""sel_1th_pre_req_pre"": ""0"", ""sel_fpr_req"": ""684"", ""sel_fpr_bid"": ""-98600"", ""buy_fpr_bid"": ""-98500"", ""buy_fpr_req"": ""1051"", ""buy_1th_pre_req_pre"": ""--13"", ""buy_2th_pre_bid"": ""-98400"", ""buy_2th_pre_req"": ""455"", ""buy_2th_pre_req_pre"": ""0"", ""buy_3th_pre_bid"": ""-98300"", ""buy_3th_pre_req"": ""863"", ""buy_3th_pre_req_pre"": ""0"", ""buy_4th_pre_bid"": ""-98200"", ""buy_4th_pre_req"": ""1542"", ""buy_4th_pre_req_pre"": ""0"", ""buy_5th_pre_bid"": ""-98100"", ""buy_5th_pre_req"": ""929"", ""buy_5th_pre_req_pre"": ""0"", ""buy_6th_pre_bid"": ""-98000"", ""buy_6th_pre_req"": ""1979"", ""buy_6th_pre_req_pre"": ""0"", ""buy_7th_pre_bid"": ""-97900"", ""buy_7th_pre_req"": ""286"", ""buy_7th_pre_req_pre"": ""0"", ""buy_8th_pre_bid"": ""-97800"", ""buy_8th_pre_req"": ""216"", ""buy_8th_pre_req_pre"": ""0"", ""buy_9th_pre_bid"": ""-97700"", ""buy_9th_pre_req"": ""292"", ""buy_9th_pre_req_pre"": ""0"", ""buy_10th_pre_bid"": ""-97600"", ""buy_10th_pre_req"": ""206"", ""buy_10th_pre_req_pre"": ""0"", ""tot_sel_req_jub_pre"": ""0"", ""tot_sel_req"": ""3382"", ""tot_buy_req"": ""7819"", ""tot_buy_req_jub_pre"": ""--13"", ""ovt_sel_req_pre"": ""0"", ""ovt_sel_req"": ""0"", ""ovt_buy_req"": ""0"", ""ovt_buy_req_pre"": ""0"", ""return_code"": 0, ""return_msg"": ""정상적으로 처리되었습니다""}"
2026-06-10,watchlist,192080,,1,filtered_candidate_recheck,71500,,71500,71400,71500,71600,0.0,0.13986013986013987,,,,,,"{""bid_req_base_tm"": ""112647"", ""sel_10th_pre_req_pre"": ""0"", ""sel_10th_pre_req"": ""59"", ""sel_10th_pre_bid"": ""+72700"", ""sel_9th_pre_req_pre"": ""0"", ""sel_9th_pre_req"": ""182"", ""sel_9th_pre_bid"": ""+72600"", ""sel_8th_pre_req_pre"": ""0"", ""sel_8th_pre_req"": ""11"", ""sel_8th_pre_bid"": ""+72500"", ""sel_7th_pre_req_pre"": ""0"", ""sel_7th_pre_req"": ""128"", ""sel_7th_pre_bid"": ""+72400"", ""sel_6th_pre_req_pre"": ""0"", ""sel_6th_pre_req"": ""10"", ""sel_6th_pre_bid"": ""+72300"", ""sel_5th_pre_req_pre"": ""0"", ""sel_5th_pre_req"": ""10"", ""sel_5th_pre_bid"": ""+72200"", ""sel_4th_pre_req_pre"": ""0"", ""sel_4th_pre_req"": ""6"", ""sel_4th_pre_bid"": ""+72100"", ""sel_3th_pre_req_pre"": ""0"", ""sel_3th_pre_req"": ""155"", ""sel_3th_pre_bid"": ""72000"", ""sel_2th_pre_req_pre"": ""0"", ""sel_2th_pre_req"": ""37"", ""sel_2th_pre_bid"": ""-71600"", ""sel_1th_pre_req_pre"": ""0"", ""sel_fpr_req"": ""30"", ""sel_fpr_bid"": ""-71500"", ""buy_fpr_bid"": ""-71400"", ""buy_fpr_req"": ""58"", ""buy_1th_pre_req_pre"": ""--1"", ""buy_2th_pre_bid"": ""-71300"", ""buy_2th_pre_req"": ""56"", ""buy_2th_pre_req_pre"": ""0"", ""buy_3th_pre_bid"": ""-71200"", ""buy_3th_pre_req"": ""47"", ""buy_3th_pre_req_pre"": ""0"", ""buy_4th_pre_bid"": ""-71100"", ""buy_4th_pre_req"": ""1"", ""buy_4th_pre_req_pre"": ""0"", ""buy_5th_pre_bid"": ""-71000"", ""buy_5th_pre_req"": ""29"", ""buy_5th_pre_req_pre"": ""0"", ""buy_6th_pre_bid"": ""-70900"", ""buy_6th_pre_req"": ""49"", ""buy_6th_pre_req_pre"": ""0"", ""buy_7th_pre_bid"": ""-70800"", ""buy_7th_pre_req"": ""83"", ""buy_7th_pre_req_pre"": ""0"", ""buy_8th_pre_bid"": ""-70700"", ""buy_8th_pre_req"": ""140"", ""buy_8th_pre_req_pre"": ""0"", ""buy_9th_pre_bid"": ""-70600"", ""buy_9th_pre_req"": ""100"", ""buy_9th_pre_req_pre"": ""0"", ""buy_10th_pre_bid"": ""-70500"", ""buy_10th_pre_req"": ""82"", ""buy_10th_pre_req_pre"": ""0"", ""tot_sel_req_jub_pre"": ""0"", ""tot_sel_req"": ""628"", ""tot_buy_req"": ""645"", ""tot_buy_req_jub_pre"": ""--1"", ""ovt_sel_req_pre"": ""0"", ""ovt_sel_req"": ""0"", ""ovt_buy_req"": ""0"", ""ovt_buy_req_pre"": ""0"", ""return_code"": 0, ""return_msg"": ""정상적으로 처리되었습니다""}"
2026-06-10,watchlist,000430,,1,filtered_candidate_recheck,5550,,5550,5530,5550,5580,0.36036036036036034,0.36036036036036034,,,,,,"{""bid_req_base_tm"": ""112651"", ""sel_10th_pre_req_pre"": ""0"", ""sel_10th_pre_req"": ""258"", ""sel_10th_pre_bid"": ""-5640"", ""sel_9th_pre_req_pre"": ""0"", ""sel_9th_pre_req"": ""79"", ""sel_9th_pre_bid"": ""-5630"", ""sel_8th_pre_req_pre"": ""0"", ""sel_8th_pre_req"": ""12"", ""sel_8th_pre_bid"": ""-5620"", ""sel_7th_pre_req_pre"": ""0"", ""sel_7th_pre_req"": ""37"", ""sel_7th_pre_bid"": ""-5610"", ""sel_6th_pre_req_pre"": ""0"", ""sel_6th_pre_req"": ""63"", ""sel_6th_pre_bid"": ""-5600"", ""sel_5th_pre_req_pre"": ""0"", ""sel_5th_pre_req"": ""5249"", ""sel_5th_pre_bid"": ""-5590"", ""sel_4th_pre_req_pre"": ""0"", ""sel_4th_pre_req"": ""433"", ""sel_4th_pre_bid"": ""-5580"", ""sel_3th_pre_req_pre"": ""0"", ""sel_3th_pre_req"": ""1460"", ""sel_3th_pre_bid"": ""-5570"", ""sel_2th_pre_req_pre"": ""0"", ""sel_2th_pre_req"": ""408"", ""sel_2th_pre_bid"": ""-5560"", ""sel_1th_pre_req_pre"": ""0"", ""sel_fpr_req"": ""223"", ""sel_fpr_bid"": ""-5550"", ""buy_fpr_bid"": ""-5530"", ""buy_fpr_req"": ""6567"", ""buy_1th_pre_req_pre"": ""0"", ""buy_2th_pre_bid"": ""-5520"", ""buy_2th_pre_req"": ""9960"", ""buy_2th_pre_req_pre"": ""0"", ""buy_3th_pre_bid"": ""-5510"", ""buy_3th_pre_req"": ""11614"", ""buy_3th_pre_req_pre"": ""0"", ""buy_4th_pre_bid"": ""-5500"", ""buy_4th_pre_req"": ""30810"", ""buy_4th_pre_req_pre"": ""+12"", ""buy_5th_pre_bid"": ""-5490"", ""buy_5th_pre_req"": ""16595"", ""buy_5th_pre_req_pre"": ""0"", ""buy_6th_pre_bid"": ""-5480"", ""buy_6th_pre_req"": ""1002"", ""buy_6th_pre_req_pre"": ""0"", ""buy_7th_pre_bid"": ""-5470"", ""buy_7th_pre_req"": ""3177"", ""buy_7th_pre_req_pre"": ""0"", ""buy_8th_pre_bid"": ""-5460"", ""buy_8th_pre_req"": ""2017"", ""buy_8th_pre_req_pre"": ""0"", ""buy_9th_pre_bid"": ""-5450"", ""buy_9th_pre_req"": ""2534"", ""buy_9th_pre_req_pre"": ""0"", ""buy_10th_pre_bid"": ""-5440"", ""buy_10th_pre_req"": ""605"", ""buy_10th_pre_req_pre"": ""0"", ""tot_sel_req_jub_pre"": ""0"", ""tot_sel_req"": ""8222"", ""tot_buy_req"": ""84881"", ""tot_buy_req_jub_pre"": ""+12"", ""ovt_sel_req_pre"": ""0"", ""ovt_sel_req"": ""0"", ""ovt_buy_req"": ""0"", ""ovt_buy_req_pre"": ""0"", ""return_code"": 0, ""return_msg"": ""정상적으로 처리되었습니다""}"
2026-06-10,watchlist,307950,,0,filtered_candidate_recheck,688000,,688000,687000,688000,691000,0.29069767441860467,0.14534883720930233,,,,,,"{""bid_req_base_tm"": ""112651"", ""sel_10th_pre_req_pre"": ""0"", ""sel_10th_pre_req"": ""33"", ""sel_10th_pre_bid"": ""+697000"", ""sel_9th_pre_req_pre"": ""0"", ""sel_9th_pre_req"": ""11"", ""sel_9th_pre_bid"": ""+696000"", ""sel_8th_pre_req_pre"": ""0"", ""sel_8th_pre_req"": ""3"", ""sel_8th_pre_bid"": ""+695000"", ""sel_7th_pre_req_pre"": ""0"", ""sel_7th_pre_req"": ""6"", ""sel_7th_pre_bid"": ""+694000"", ""sel_6th_pre_req_pre"": ""0"", ""sel_6th_pre_req"": ""24"", ""sel_6th_pre_bid"": ""+693000"", ""sel_5th_pre_req_pre"": ""0"", ""sel_5th_pre_req"": ""2"", ""sel_5th_pre_bid"": ""+692000"", ""sel_4th_pre_req_pre"": ""0"", ""sel_4th_pre_req"": ""2"", ""sel_4th_pre_bid"": ""+691000"", ""sel_3th_pre_req_pre"": ""0"", ""sel_3th_pre_req"": ""32"", ""sel_3th_pre_bid"": ""+690000"", ""sel_2th_pre_req_pre"": ""0"", ""sel_2th_pre_req"": ""43"", ""sel_2th_pre_bid"": ""+689000"", ""sel_1th_pre_req_pre"": ""+10"", ""sel_fpr_req"": ""29"", ""sel_fpr_bid"": ""+688000"", ""buy_fpr_bid"": ""687000"", ""buy_fpr_req"": ""178"", ""buy_1th_pre_req_pre"": ""0"", ""buy_2th_pre_bid"": ""-686000"", ""buy_2th_pre_req"": ""43"", ""buy_2th_pre_req_pre"": ""0"", ""buy_3th_pre_bid"": ""-685000"", ""buy_3th_pre_req"": ""49"", ""buy_3th_pre_req_pre"": ""0"", ""buy_4th_pre_bid"": ""-684000"", ""buy_4th_pre_req"": ""84"", ""buy_4th_pre_req_pre"": ""0"", ""buy_5th_pre_bid"": ""-683000"", ""buy_5th_pre_req"": ""185"", ""buy_5th_pre_req_pre"": ""0"", ""buy_6th_pre_bid"": ""-682000"", ""buy_6th_pre_req"": ""118"", ""buy_6th_pre_req_pre"": ""0"", ""buy_7th_pre_bid"": ""-681000"", ""buy_7th_pre_req"": ""210"", ""buy_7th_pre_req_pre"": ""0"", ""buy_8th_pre_bid"": ""-680000"", ""buy_8th_pre_req"": ""663"", ""buy_8th_pre_req_pre"": ""0"", ""buy_9th_pre_bid"": ""-679000"", ""buy_9th_pre_req"": ""115"", ""buy_9th_pre_req_pre"": ""0"", ""buy_10th_pre_bid"": ""-678000"", ""buy_10th_pre_req"": ""109"", ""buy_10th_pre_req_pre"": ""0"", ""tot_sel_req_jub_pre"": ""+10"", ""tot_sel_req"": ""185"", ""tot_buy_req"": ""1754"", ""tot_buy_req_jub_pre"": ""0"", ""ovt_sel_req_pre"": ""0"", ""ovt_sel_req"": ""0"", ""ovt_buy_req"": ""0"", ""ovt_buy_req_pre"": ""0"", ""return_code"": 0, ""return_msg"": ""정상적으로 처리되었습니다""}"
2026-06-10,watchlist,114090,,0,filtered_candidate_recheck,12090,,12090,12080,12090,12050,-0.7444168734491315,0.0827129859387924,,,,,,"{""bid_req_base_tm"": ""112650"", ""sel_10th_pre_req_pre"": ""0"", ""sel_10th_pre_req"": ""667"", ""sel_10th_pre_bid"": ""+12200"", ""sel_9th_pre_req_pre"": ""0"", ""sel_9th_pre_req"": ""359"", ""sel_9th_pre_bid"": ""+12190"", ""sel_8th_pre_req_pre"": ""0"", ""sel_8th_pre_req"": ""331"", ""sel_8th_pre_bid"": ""+12180"", ""sel_7th_pre_req_pre"": ""0"", ""sel_7th_pre_req"": ""1711"", ""sel_7th_pre_bid"": ""+12170"", ""sel_6th_pre_req_pre"": ""0"", ""sel_6th_pre_req"": ""1010"", ""sel_6th_pre_bid"": ""+12160"", ""sel_5th_pre_req_pre"": ""0"", ""sel_5th_pre_req"": ""1133"", ""sel_5th_pre_bid"": ""+12150"", ""sel_4th_pre_req_pre"": ""0"", ""sel_4th_pre_req"": ""443"", ""sel_4th_pre_bid"": ""+12140"", ""sel_3th_pre_req_pre"": ""0"", ""sel_3th_pre_req"": ""420"", ""sel_3th_pre_bid"": ""+12130"", ""sel_2th_pre_req_pre"": ""0"", ""sel_2th_pre_req"": ""1124"", ""sel_2th_pre_bid"": ""+12120"", ""sel_1th_pre_req_pre"": ""0"", ""sel_fpr_req"": ""407"", ""sel_fpr_bid"": ""+12090"", ""buy_fpr_bid"": ""+12080"", ""buy_fpr_req"": ""40"", ""buy_1th_pre_req_pre"": ""--9"", ""buy_2th_pre_bid"": ""+12070"", ""buy_2th_pre_req"": ""243"", ""buy_2th_pre_req_pre"": ""0"", ""buy_3th_pre_bid"": ""+12060"", ""buy_3th_pre_req"": ""198"", ""buy_3th_pre_req_pre"": ""0"", ""buy_4th_pre_bid"": ""+12050"", ""buy_4th_pre_req"": ""499"", ""buy_4th_pre_req_pre"": ""0"", ""buy_5th_pre_bid"": ""+12040"", ""buy_5th_pre_req"": ""63"", ""buy_5th_pre_req_pre"": ""0"", ""buy_6th_pre_bid"": ""+12020"", ""buy_6th_pre_req"": ""20"", ""buy_6th_pre_req_pre"": ""0"", ""buy_7th_pre_bid"": ""+12010"", ""buy_7th_pre_req"": ""205"", ""buy_7th_pre_req_pre"": ""0"", ""buy_8th_pre_bid"": ""+12000"", ""buy_8th_pre_req"": ""618"", ""buy_8th_pre_req_pre"": ""0"", ""buy_9th_pre_bid"": ""+11990"", ""buy_9th_pre_req"": ""100"", ""buy_9th_pre_req_pre"": ""0"", ""buy_10th_pre_bid"": ""+11980"", ""buy_10th_pre_req"": ""203"", ""buy_10th_pre_req_pre"": ""0"", ""tot_sel_req_jub_pre"": ""0"", ""tot_sel_req"": ""7605"", ""tot_buy_req"": ""2189"", ""tot_buy_req_jub_pre"": ""--9"", ""ovt_sel_req_pre"": ""0"", ""ovt_sel_req"": ""0"", ""ovt_buy_req"": ""0"", ""ovt_buy_req_pre"": ""0"", ""return_code"": 0, ""return_msg"": ""정상적으로 처리되었습니다""}"
2026-06-10,watchlist,281820,,1,filtered_candidate_recheck,65900,,65900,65800,65900,65900,-0.15174506828528073,0.15174506828528073,,,,,,"{""bid_req_base_tm"": ""112650"", ""sel_10th_pre_req_pre"": ""0"", ""sel_10th_pre_req"": ""2"", ""sel_10th_pre_bid"": ""+66900"", ""sel_9th_pre_req_pre"": ""0"", ""sel_9th_pre_req"": ""2"", ""sel_9th_pre_bid"": ""+66700"", ""sel_8th_pre_req_pre"": ""0"", ""sel_8th_pre_req"": ""1000"", ""sel_8th_pre_bid"": ""+66600"", ""sel_7th_pre_req_pre"": ""0"", ""sel_7th_pre_req"": ""18"", ""sel_7th_pre_bid"": ""+66500"", ""sel_6th_pre_req_pre"": ""0"", ""sel_6th_pre_req"": ""35"", ""sel_6th_pre_bid"": ""66400"", ""sel_5th_pre_req_pre"": ""0"", ""sel_5th_pre_req"": ""3"", ""sel_5th_pre_bid"": ""-66300"", ""sel_4th_pre_req_pre"": ""0"", ""sel_4th_pre_req"": ""210"", ""sel_4th_pre_bid"": ""-66200"", ""sel_3th_pre_req_pre"": ""0"", ""sel_3th_pre_req"": ""3"", ""sel_3th_pre_bid"": ""-66100"", ""sel_2th_pre_req_pre"": ""0"", ""sel_2th_pre_req"": ""23"", ""sel_2th_pre_bid"": ""-66000"", ""sel_1th_pre_req_pre"": ""--20"", ""sel_fpr_req"": ""172"", ""sel_fpr_bid"": ""-65900"", ""buy_fpr_bid"": ""-65800"", ""buy_fpr_req"": ""37"", ""buy_1th_pre_req_pre"": ""0"", ""buy_2th_pre_bid"": ""-65700"", ""buy_2th_pre_req"": ""144"", ""buy_2th_pre_req_pre"": ""0"", ""buy_3th_pre_bid"": ""-65600"", ""buy_3th_pre_req"": ""140"", ""buy_3th_pre_req_pre"": ""0"", ""buy_4th_pre_bid"": ""-65500"", ""buy_4th_pre_req"": ""203"", ""buy_4th_pre_req_pre"": ""0"", ""buy_5th_pre_bid"": ""-65400"", ""buy_5th_pre_req"": ""66"", ""buy_5th_pre_req_pre"": ""0"", ""buy_6th_pre_bid"": ""-65300"", ""buy_6th_pre_req"": ""4"", ""buy_6th_pre_req_pre"": ""0"", ""buy_7th_pre_bid"": ""-65200"", ""buy_7th_pre_req"": ""56"", ""buy_7th_pre_req_pre"": ""0"", ""buy_8th_pre_bid"": ""-65100"", ""buy_8th_pre_req"": ""170"", ""buy_8th_pre_req_pre"": ""0"", ""buy_9th_pre_bid"": ""-65000"", ""buy_9th_pre_req"": ""583"", ""buy_9th_pre_req_pre"": ""0"", ""buy_10th_pre_bid"": ""-64900"", ""buy_10th_pre_req"": ""139"", ""buy_10th_pre_req_pre"": ""0"", ""tot_sel_req_jub_pre"": ""--20"", ""tot_sel_req"": ""1468"", ""tot_buy_req"": ""1542"", ""tot_buy_req_jub_pre"": ""0"", ""ovt_sel_req_pre"": ""0"", ""ovt_sel_req"": ""0"", ""ovt_buy_req"": ""0"", ""ovt_buy_req_pre"": ""0"", ""return_code"": 0, ""return_msg"": ""정상적으로 처리되었습니다""}"
2026-06-10,watchlist,489790,,0,filtered_candidate_recheck,66700,,66700,66600,66700,66900,0.14992503748125938,0.14992503748125938,,,,,,"{""bid_req_base_tm"": ""112652"", ""sel_10th_pre_req_pre"": ""0"", ""sel_10th_pre_req"": ""146"", ""sel_10th_pre_bid"": ""+67700"", ""sel_9th_pre_req_pre"": ""0"", ""sel_9th_pre_req"": ""128"", ""sel_9th_pre_bid"": ""+67500"", ""sel_8th_pre_req_pre"": ""0"", ""sel_8th_pre_req"": ""17"", ""sel_8th_pre_bid"": ""+67400"", ""sel_7th_pre_req_pre"": ""0"", ""sel_7th_pre_req"": ""10"", ""sel_7th_pre_bid"": ""+67300"", ""sel_6th_pre_req_pre"": ""0"", ""sel_6th_pre_req"": ""397"", ""sel_6th_pre_bid"": ""+67200"", ""sel_5th_pre_req_pre"": ""0"", ""sel_5th_pre_req"": ""8"", ""sel_5th_pre_bid"": ""+67100"", ""sel_4th_pre_req_pre"": ""0"", ""sel_4th_pre_req"": ""43"", ""sel_4th_pre_bid"": ""+67000"", ""sel_3th_pre_req_pre"": ""0"", ""sel_3th_pre_req"": ""7"", ""sel_3th_pre_bid"": ""+66900"", ""sel_2th_pre_req_pre"": ""--27"", ""sel_2th_pre_req"": ""71"", ""sel_2th_pre_bid"": ""+66800"", ""sel_1th_pre_req_pre"": ""0"", ""sel_fpr_req"": ""27"", ""sel_fpr_bid"": ""+66700"", ""buy_fpr_bid"": ""+66600"", ""buy_fpr_req"": ""194"", ""buy_1th_pre_req_pre"": ""0"", ""buy_2th_pre_bid"": ""66500"", ""buy_2th_pre_req"": ""381"", ""buy_2th_pre_req_pre"": ""0"", ""buy_3th_pre_bid"": ""-66400"", ""buy_3th_pre_req"": ""85"", ""buy_3th_pre_req_pre"": ""--10"", ""buy_4th_pre_bid"": ""-66300"", ""buy_4th_pre_req"": ""58"", ""buy_4th_pre_req_pre"": ""0"", ""buy_5th_pre_bid"": ""-66200"", ""buy_5th_pre_req"": ""235"", ""buy_5th_pre_req_pre"": ""0"", ""buy_6th_pre_bid"": ""-66100"", ""buy_6th_pre_req"": ""335"", ""buy_6th_pre_req_pre"": ""0"", ""buy_7th_pre_bid"": ""-66000"", ""buy_7th_pre_req"": ""716"", ""buy_7th_pre_req_pre"": ""0"", ""buy_8th_pre_bid"": ""-65900"", ""buy_8th_pre_req"": ""59"", ""buy_8th_pre_req_pre"": ""0"", ""buy_9th_pre_bid"": ""-65800"", ""buy_9th_pre_req"": ""207"", ""buy_9th_pre_req_pre"": ""0"", ""buy_10th_pre_bid"": ""-65700"", ""buy_10th_pre_req"": ""51"", ""buy_10th_pre_req_pre"": ""0"", ""tot_sel_req_jub_pre"": ""--1351"", ""tot_sel_req"": ""854"", ""tot_buy_req"": ""2321"", ""tot_buy_req_jub_pre"": ""--10"", ""ovt_sel_req_pre"": ""0"", ""ovt_sel_req"": ""0"", ""ovt_buy_req"": ""0"", ""ovt_buy_req_pre"": ""0"", ""return_code"": 0, ""return_msg"": ""정상적으로 처리되었습니다""}"
2026-06-10,watchlist,092200,,1,filtered_candidate_recheck,9400,,9400,9390,9400,9400,-0.10638297872340426,0.10638297872340426,,,,,,"{""bid_req_base_tm"": ""112652"", ""sel_10th_pre_req_pre"": ""0"", ""sel_10th_pre_req"": ""0"", ""sel_10th_pre_bid"": ""0"", ""sel_9th_pre_req_pre"": ""0"", ""sel_9th_pre_req"": ""0"", ""sel_9th_pre_bid"": ""0"", ""sel_8th_pre_req_pre"": ""0"", ""sel_8th_pre_req"": ""0"", ""sel_8th_pre_bid"": ""0"", ""sel_7th_pre_req_pre"": ""0"", ""sel_7th_pre_req"": ""0"", ""sel_7th_pre_bid"": ""0"", ""sel_6th_pre_req_pre"": ""0"", ""sel_6th_pre_req"": ""0"", ""sel_6th_pre_bid"": ""0"", ""sel_5th_pre_req_pre"": ""0"", ""sel_5th_pre_req"": ""0"", ""sel_5th_pre_bid"": ""0"", ""sel_4th_pre_req_pre"": ""0"", ""sel_4th_pre_req"": ""0"", ""sel_4th_pre_bid"": ""0"", ""sel_3th_pre_req_pre"": ""0"", ""sel_3th_pre_req"": ""461"", ""sel_3th_pre_bid"": ""-9420"", ""sel_2th_pre_req_pre"": ""--1003"", ""sel_2th_pre_req"": ""534"", ""sel_2th_pre_bid"": ""-9410"", ""sel_1th_pre_req_pre"": ""0"", ""sel_fpr_req"": ""926"", ""sel_fpr_bid"": ""-9400"", ""buy_fpr_bid"": ""-9390"", ""buy_fpr_req"": ""21"", ""buy_1th_pre_req_pre"": ""0"", ""buy_2th_pre_bid"": ""-9380"", ""buy_2th_pre_req"": ""4178"", ""buy_2th_pre_req_pre"": ""0"", ""buy_3th_pre_bid"": ""-9370"", ""buy_3th_pre_req"": ""354"", ""buy_3th_pre_req_pre"": ""0"", ""buy_4th_pre_bid"": ""0"", ""buy_4th_pre_req"": ""0"", ""buy_4th_pre_req_pre"": ""0"", ""buy_5th_pre_bid"": ""0"", ""buy_5th_pre_req"": ""0"", ""buy_5th_pre_req_pre"": ""0"", ""buy_6th_pre_bid"": ""0"", ""buy_6th_pre_req"": ""0"", ""buy_6th_pre_req_pre"": ""0"", ""buy_7th_pre_bid"": ""0"", ""buy_7th_pre_req"": ""0"", ""buy_7th_pre_req_pre"": ""0"", ""buy_8th_pre_bid"": ""0"", ""buy_8th_pre_req"": ""0"", ""buy_8th_pre_req_pre"": ""0"", ""buy_9th_pre_bid"": ""0"", ""buy_9th_pre_req"": ""0"", ""buy_9th_pre_req_pre"": ""0"", ""buy_10th_pre_bid"": ""0"", ""buy_10th_pre_req"": ""0"", ""buy_10th_pre_req_pre"": ""0"", ""tot_sel_req_jub_pre"": ""--1003"", ""tot_sel_req"": ""1921"", ""tot_buy_req"": ""4553"", ""tot_buy_req_jub_pre"": ""0"", ""ovt_sel_req_pre"": ""0"", ""ovt_sel_req"": ""0"", ""ovt_buy_req"": ""0"", ""ovt_buy_req_pre"": ""0"", ""return_code"": 0, ""return_msg"": ""정상적으로 처리되었습니다""}"
2026-06-10,watchlist,175330,,0,filtered_candidate_recheck,25450,,25450,25400,25450,25400,-0.3929273084479371,0.19646365422396855,,,,,,"{""bid_req_base_tm"": ""112651"", ""sel_10th_pre_req_pre"": ""0"", ""sel_10th_pre_req"": ""562"", ""sel_10th_pre_bid"": ""25900"", ""sel_9th_pre_req_pre"": ""0"", ""sel_9th_pre_req"": ""469"", ""sel_9th_pre_bid"": ""-25850"", ""sel_8th_pre_req_pre"": ""0"", ""sel_8th_pre_req"": ""562"", ""sel_8th_pre_bid"": ""-25800"", ""sel_7th_pre_req_pre"": ""0"", ""sel_7th_pre_req"": ""100"", ""sel_7th_pre_bid"": ""-25750"", ""sel_6th_pre_req_pre"": ""0"", ""sel_6th_pre_req"": ""84"", ""sel_6th_pre_bid"": ""-25700"", ""sel_5th_pre_req_pre"": ""0"", ""sel_5th_pre_req"": ""176"", ""sel_5th_pre_bid"": ""-25650"", ""sel_4th_pre_req_pre"": ""0"", ""sel_4th_pre_req"": ""453"", ""sel_4th_pre_bid"": ""-25600"", ""sel_3th_pre_req_pre"": ""0"", ""sel_3th_pre_req"": ""1249"", ""sel_3th_pre_bid"": ""-25550"", ""sel_2th_pre_req_pre"": ""0"", ""sel_2th_pre_req"": ""705"", ""sel_2th_pre_bid"": ""-25500"", ""sel_1th_pre_req_pre"": ""0"", ""sel_fpr_req"": ""1560"", ""sel_fpr_bid"": ""-25450"", ""buy_fpr_bid"": ""-25400"", ""buy_fpr_req"": ""1473"", ""buy_1th_pre_req_pre"": ""0"", ""buy_2th_pre_bid"": ""-25350"", ""buy_2th_pre_req"": ""596"", ""buy_2th_pre_req_pre"": ""0"", ""buy_3th_pre_bid"": ""-25300"", ""buy_3th_pre_req"": ""370"", ""buy_3th_pre_req_pre"": ""0"", ""buy_4th_pre_bid"": ""-25250"", ""buy_4th_pre_req"": ""489"", ""buy_4th_pre_req_pre"": ""0"", ""buy_5th_pre_bid"": ""-25200"", ""buy_5th_pre_req"": ""269"", ""buy_5th_pre_req_pre"": ""0"", ""buy_6th_pre_bid"": ""-25150"", ""buy_6th_pre_req"": ""838"", ""buy_6th_pre_req_pre"": ""0"", ""buy_7th_pre_bid"": ""-25100"", ""buy_7th_pre_req"": ""490"", ""buy_7th_pre_req_pre"": ""0"", ""buy_8th_pre_bid"": ""-25050"", ""buy_8th_pre_req"": ""606"", ""buy_8th_pre_req_pre"": ""0"", ""buy_9th_pre_bid"": ""-25000"", ""buy_9th_pre_req"": ""706"", ""buy_9th_pre_req_pre"": ""0"", ""buy_10th_pre_bid"": ""-24950"", ""buy_10th_pre_req"": ""288"", ""buy_10th_pre_req_pre"": ""0"", ""tot_sel_req_jub_pre"": ""0"", ""tot_sel_req"": ""5920"", ""tot_buy_req"": ""6125"", ""tot_buy_req_jub_pre"": ""0"", ""ovt_sel_req_pre"": ""0"", ""ovt_sel_req"": ""0"", ""ovt_buy_req"": ""0"", ""ovt_buy_req_pre"": ""0"", ""return_code"": 0, ""return_msg"": ""정상적으로 처리되었습니다""}"
2026-06-10,watchlist,069960,,0,filtered_candidate_recheck,174600,,174600,174500,174600,173500,-0.9163802978235969,0.057273768613974804,,,,,,"{""bid_req_base_tm"": ""112652"", ""sel_10th_pre_req_pre"": ""0"", ""sel_10th_pre_req"": ""103"", ""sel_10th_pre_bid"": ""+175800"", ""sel_9th_pre_req_pre"": ""0"", ""sel_9th_pre_req"": ""2"", ""sel_9th_pre_bid"": ""+175700"", ""sel_8th_pre_req_pre"": ""0"", ""sel_8th_pre_req"": ""1"", ""sel_8th_pre_bid"": ""+175500"", ""sel_7th_pre_req_pre"": ""0"", ""sel_7th_pre_req"": ""31"", ""sel_7th_pre_bid"": ""+175400"", ""sel_6th_pre_req_pre"": ""0"", ""sel_6th_pre_req"": ""67"", ""sel_6th_pre_bid"": ""+175300"", ""sel_5th_pre_req_pre"": ""0"", ""sel_5th_pre_req"": ""83"", ""sel_5th_pre_bid"": ""+175200"", ""sel_4th_pre_req_pre"": ""0"", ""sel_4th_pre_req"": ""101"", ""sel_4th_pre_bid"": ""+175100"", ""sel_3th_pre_req_pre"": ""0"", ""sel_3th_pre_req"": ""37"", ""sel_3th_pre_bid"": ""+175000"", ""sel_2th_pre_req_pre"": ""0"", ""sel_2th_pre_req"": ""11"", ""sel_2th_pre_bid"": ""+174700"", ""sel_1th_pre_req_pre"": ""+1"", ""sel_fpr_req"": ""30"", ""sel_fpr_bid"": ""+174600"", ""buy_fpr_bid"": ""+174500"", ""buy_fpr_req"": ""64"", ""buy_1th_pre_req_pre"": ""0"", ""buy_2th_pre_bid"": ""+174400"", ""buy_2th_pre_req"": ""33"", ""buy_2th_pre_req_pre"": ""0"", ""buy_3th_pre_bid"": ""+174100"", ""buy_3th_pre_req"": ""6"", ""buy_3th_pre_req_pre"": ""0"", ""buy_4th_pre_bid"": ""+174000"", ""buy_4th_pre_req"": ""1"", ""buy_4th_pre_req_pre"": ""0"", ""buy_5th_pre_bid"": ""+173900"", ""buy_5th_pre_req"": ""2"", ""buy_5th_pre_req_pre"": ""0"", ""buy_6th_pre_bid"": ""+173300"", ""buy_6th_pre_req"": ""13"", ""buy_6th_pre_req_pre"": ""0"", ""buy_7th_pre_bid"": ""+173100"", ""buy_7th_pre_req"": ""33"", ""buy_7th_pre_req_pre"": ""0"", ""buy_8th_pre_bid"": ""+173000"", ""buy_8th_pre_req"": ""10"", ""buy_8th_pre_req_pre"": ""0"", ""buy_9th_pre_bid"": ""+172700"", ""buy_9th_pre_req"": ""2"", ""buy_9th_pre_req_pre"": ""0"", ""buy_10th_pre_bid"": ""+172600"", ""buy_10th_pre_req"": ""10"", ""buy_10th_pre_req_pre"": ""0"", ""tot_sel_req_jub_pre"": ""+1"", ""tot_sel_req"": ""466"", ""tot_buy_req"": ""174"", ""tot_buy_req_jub_pre"": ""0"", ""ovt_sel_req_pre"": ""0"", ""ovt_sel_req"": ""0"", ""ovt_buy_req"": ""0"", ""ovt_buy_req_pre"": ""0"", ""return_code"": 0, ""return_msg"": ""정상적으로 처리되었습니다""}"
2026-06-10,watchlist,001450,,0,filtered_candidate_recheck,37600,,37600,37450,37600,37550,-0.26595744680851063,0.39893617021276595,,,,,,"{""bid_req_base_tm"": ""112652"", ""sel_10th_pre_req_pre"": ""0"", ""sel_10th_pre_req"": ""164"", ""sel_10th_pre_bid"": ""+38050"", ""sel_9th_pre_req_pre"": ""0"", ""sel_9th_pre_req"": ""787"", ""sel_9th_pre_bid"": ""+38000"", ""sel_8th_pre_req_pre"": ""0"", ""sel_8th_pre_req"": ""40"", ""sel_8th_pre_bid"": ""+37950"", ""sel_7th_pre_req_pre"": ""0"", ""sel_7th_pre_req"": ""112"", ""sel_7th_pre_bid"": ""+37900"", ""sel_6th_pre_req_pre"": ""0"", ""sel_6th_pre_req"": ""449"", ""sel_6th_pre_bid"": ""+37850"", ""sel_5th_pre_req_pre"": ""0"", ""sel_5th_pre_req"": ""622"", ""sel_5th_pre_bid"": ""+37800"", ""sel_4th_pre_req_pre"": ""0"", ""sel_4th_pre_req"": ""201"", ""sel_4th_pre_bid"": ""+37750"", ""sel_3th_pre_req_pre"": ""0"", ""sel_3th_pre_req"": ""104"", ""sel_3th_pre_bid"": ""+37700"", ""sel_2th_pre_req_pre"": ""0"", ""sel_2th_pre_req"": ""486"", ""sel_2th_pre_bid"": ""+37650"", ""sel_1th_pre_req_pre"": ""+100"", ""sel_fpr_req"": ""311"", ""sel_fpr_bid"": ""+37600"", ""buy_fpr_bid"": ""+37450"", ""buy_fpr_req"": ""660"", ""buy_1th_pre_req_pre"": ""0"", ""buy_2th_pre_bid"": ""+37400"", ""buy_2th_pre_req"": ""440"", ""buy_2th_pre_req_pre"": ""0"", ""buy_3th_pre_bid"": ""+37350"", ""buy_3th_pre_req"": ""184"", ""buy_3th_pre_req_pre"": ""0"", ""buy_4th_pre_bid"": ""+37300"", ""buy_4th_pre_req"": ""917"", ""buy_4th_pre_req_pre"": ""0"", ""buy_5th_pre_bid"": ""+37250"", ""buy_5th_pre_req"": ""209"", ""buy_5th_pre_req_pre"": ""0"", ""buy_6th_pre_bid"": ""+37200"", ""buy_6th_pre_req"": ""488"", ""buy_6th_pre_req_pre"": ""0"", ""buy_7th_pre_bid"": ""+37150"", ""buy_7th_pre_req"": ""73"", ""buy_7th_pre_req_pre"": ""0"", ""buy_8th_pre_bid"": ""+37100"", ""buy_8th_pre_req"": ""686"", ""buy_8th_pre_req_pre"": ""0"", ""buy_9th_pre_bid"": ""+37050"", ""buy_9th_pre_req"": ""2824"", ""buy_9th_pre_req_pre"": ""0"", ""buy_10th_pre_bid"": ""+37000"", ""buy_10th_pre_req"": ""741"", ""buy_10th_pre_req_pre"": ""0"", ""tot_sel_req_jub_pre"": ""+100"", ""tot_sel_req"": ""3276"", ""tot_buy_req"": ""7222"", ""tot_buy_req_jub_pre"": ""0"", ""ovt_sel_req_pre"": ""0"", ""ovt_sel_req"": ""0"", ""ovt_buy_req"": ""0"", ""ovt_buy_req_pre"": ""0"", ""return_code"": 0, ""return_msg"": ""정상적으로 처리되었습니다""}"
2026-06-10,watchlist,011070,,0,filtered_candidate_recheck,1119000,,1119000,1118000,1119000,1122000,0.17873100983020554,0.08936550491510277,,,,,,"{""bid_req_base_tm"": ""112652"", ""sel_10th_pre_req_pre"": ""0"", ""sel_10th_pre_req"": ""28"", ""sel_10th_pre_bid"": ""-1128000"", ""sel_9th_pre_req_pre"": ""+1"", ""sel_9th_pre_req"": ""16"", ""sel_9th_pre_bid"": ""-1127000"", ""sel_8th_pre_req_pre"": ""0"", ""sel_8th_pre_req"": ""78"", ""sel_8th_pre_bid"": ""-1126000"", ""sel_7th_pre_req_pre"": ""0"", ""sel_7th_pre_req"": ""79"", ""sel_7th_pre_bid"": ""-1125000"", ""sel_6th_pre_req_pre"": ""0"", ""sel_6th_pre_req"": ""50"", ""sel_6th_pre_bid"": ""-1124000"", ""sel_5th_pre_req_pre"": ""0"", ""sel_5th_pre_req"": ""39"", ""sel_5th_pre_bid"": ""-1123000"", ""sel_4th_pre_req_pre"": ""0"", ""sel_4th_pre_req"": ""42"", ""sel_4th_pre_bid"": ""-1122000"", ""sel_3th_pre_req_pre"": ""0"", ""sel_3th_pre_req"": ""9"", ""sel_3th_pre_bid"": ""-1121000"", ""sel_2th_pre_req_pre"": ""0"", ""sel_2th_pre_req"": ""16"", ""sel_2th_pre_bid"": ""-1120000"", ""sel_1th_pre_req_pre"": ""0"", ""sel_fpr_req"": ""16"", ""sel_fpr_bid"": ""-1119000"", ""buy_fpr_bid"": ""-1118000"", ""buy_fpr_req"": ""37"", ""buy_1th_pre_req_pre"": ""0"", ""buy_2th_pre_bid"": ""-1117000"", ""buy_2th_pre_req"": ""246"", ""buy_2th_pre_req_pre"": ""0"", ""buy_3th_pre_bid"": ""-1116000"", ""buy_3th_pre_req"": ""353"", ""buy_3th_pre_req_pre"": ""0"", ""buy_4th_pre_bid"": ""-1115000"", ""buy_4th_pre_req"": ""54"", ""buy_4th_pre_req_pre"": ""0"", ""buy_5th_pre_bid"": ""-1114000"", ""buy_5th_pre_req"": ""106"", ""buy_5th_pre_req_pre"": ""0"", ""buy_6th_pre_bid"": ""-1113000"", ""buy_6th_pre_req"": ""49"", ""buy_6th_pre_req_pre"": ""0"", ""buy_7th_pre_bid"": ""-1112000"", ""buy_7th_pre_req"": ""41"", ""buy_7th_pre_req_pre"": ""0"", ""buy_8th_pre_bid"": ""-1111000"", ""buy_8th_pre_req"": ""113"", ""buy_8th_pre_req_pre"": ""0"", ""buy_9th_pre_bid"": ""-1110000"", ""buy_9th_pre_req"": ""101"", ""buy_9th_pre_req_pre"": ""0"", ""buy_10th_pre_bid"": ""-1109000"", ""buy_10th_pre_req"": ""14"", ""buy_10th_pre_req_pre"": ""0"", ""tot_sel_req_jub_pre"": ""+1"", ""tot_sel_req"": ""373"", ""tot_buy_req"": ""1114"", ""tot_buy_req_jub_pre"": ""0"", ""ovt_sel_req_pre"": ""0"", ""ovt_sel_req"": ""0"", ""ovt_buy_req"": ""0"", ""ovt_buy_req_pre"": ""0"", ""return_code"": 0, ""return_msg"": ""정상적으로 처리되었습니다""}"
2026-06-10,watchlist,088350,,0,filtered_candidate_recheck,4830,,4830,4825,4830,4850,0.3105590062111801,0.10351966873706005,,,,,,"{""bid_req_base_tm"": ""112652"", ""sel_10th_pre_req_pre"": ""0"", ""sel_10th_pre_req"": ""2349"", ""sel_10th_pre_bid"": ""-4885"", ""sel_9th_pre_req_pre"": ""0"", ""sel_9th_pre_req"": ""503"", ""sel_9th_pre_bid"": ""-4880"", ""sel_8th_pre_req_pre"": ""0"", ""sel_8th_pre_req"": ""574"", ""sel_8th_pre_bid"": ""-4875"", ""sel_7th_pre_req_pre"": ""0"", ""sel_7th_pre_req"": ""114"", ""sel_7th_pre_bid"": ""-4870"", ""sel_6th_pre_req_pre"": ""0"", ""sel_6th_pre_req"": ""2070"", ""sel_6th_pre_bid"": ""-4865"", ""sel_5th_pre_req_pre"": ""0"", ""sel_5th_pre_req"": ""1757"", ""sel_5th_pre_bid"": ""-4860"", ""sel_4th_pre_req_pre"": ""0"", ""sel_4th_pre_req"": ""1532"", ""sel_4th_pre_bid"": ""-4855"", ""sel_3th_pre_req_pre"": ""0"", ""sel_3th_pre_req"": ""441"", ""sel_3th_pre_bid"": ""-4850"", ""sel_2th_pre_req_pre"": ""0"", ""sel_2th_pre_req"": ""2757"", ""sel_2th_pre_bid"": ""-4835"", ""sel_1th_pre_req_pre"": ""+100"", ""sel_fpr_req"": ""15121"", ""sel_fpr_bid"": ""-4830"", ""buy_fpr_bid"": ""-4825"", ""buy_fpr_req"": ""4482"", ""buy_1th_pre_req_pre"": ""0"", ""buy_2th_pre_bid"": ""-4820"", ""buy_2th_pre_req"": ""3740"", ""buy_2th_pre_req_pre"": ""0"", ""buy_3th_pre_bid"": ""-4815"", ""buy_3th_pre_req"": ""26767"", ""buy_3th_pre_req_pre"": ""0"", ""buy_4th_pre_bid"": ""-4810"", ""buy_4th_pre_req"": ""6297"", ""buy_4th_pre_req_pre"": ""0"", ""buy_5th_pre_bid"": ""-4805"", ""buy_5th_pre_req"": ""11544"", ""buy_5th_pre_req_pre"": ""0"", ""buy_6th_pre_bid"": ""-4800"", ""buy_6th_pre_req"": ""17987"", ""buy_6th_pre_req_pre"": ""0"", ""buy_7th_pre_bid"": ""-4795"", ""buy_7th_pre_req"": ""11140"", ""buy_7th_pre_req_pre"": ""0"", ""buy_8th_pre_bid"": ""-4790"", ""buy_8th_pre_req"": ""13623"", ""buy_8th_pre_req_pre"": ""0"", ""buy_9th_pre_bid"": ""-4785"", ""buy_9th_pre_req"": ""9259"", ""buy_9th_pre_req_pre"": ""0"", ""buy_10th_pre_bid"": ""-4780"", ""buy_10th_pre_req"": ""11221"", ""buy_10th_pre_req_pre"": ""0"", ""tot_sel_req_jub_pre"": ""+100"", ""tot_sel_req"": ""27218"", ""tot_buy_req"": ""116060"", ""tot_buy_req_jub_pre"": ""0"", ""ovt_sel_req_pre"": ""0"", ""ovt_sel_req"": ""0"", ""ovt_buy_req"": ""0"", ""ovt_buy_req_pre"": ""0"", ""return_code"": 0, ""return_msg"": ""정상적으로 처리되었습니다""}"
2026-06-10,watchlist,195870,,0,filtered_candidate_recheck,76000,,76000,75800,76000,75900,-0.2631578947368421,0.2631578947368421,,,,,,"{""bid_req_base_tm"": ""112652"", ""sel_10th_pre_req_pre"": ""0"", ""sel_10th_pre_req"": ""15"", ""sel_10th_pre_bid"": ""+77000"", ""sel_9th_pre_req_pre"": ""0"", ""sel_9th_pre_req"": ""20"", ""sel_9th_pre_bid"": ""+76900"", ""sel_8th_pre_req_pre"": ""0"", ""sel_8th_pre_req"": ""55"", ""sel_8th_pre_bid"": ""+76800"", ""sel_7th_pre_req_pre"": ""0"", ""sel_7th_pre_req"": ""10"", ""sel_7th_pre_bid"": ""+76700"", ""sel_6th_pre_req_pre"": ""0"", ""sel_6th_pre_req"": ""303"", ""sel_6th_pre_bid"": ""+76600"", ""sel_5th_pre_req_pre"": ""0"", ""sel_5th_pre_req"": ""49"", ""sel_5th_pre_bid"": ""+76500"", ""sel_4th_pre_req_pre"": ""0"", ""sel_4th_pre_req"": ""19"", ""sel_4th_pre_bid"": ""+76300"", ""sel_3th_pre_req_pre"": ""0"", ""sel_3th_pre_req"": ""101"", ""sel_3th_pre_bid"": ""+76200"", ""sel_2th_pre_req_pre"": ""0"", ""sel_2th_pre_req"": ""35"", ""sel_2th_pre_bid"": ""+76100"", ""sel_1th_pre_req_pre"": ""0"", ""sel_fpr_req"": ""52"", ""sel_fpr_bid"": ""+76000"", ""buy_fpr_bid"": ""+75800"", ""buy_fpr_req"": ""2"", ""buy_1th_pre_req_pre"": ""0"", ""buy_2th_pre_bid"": ""+75700"", ""buy_2th_pre_req"": ""26"", ""buy_2th_pre_req_pre"": ""0"", ""buy_3th_pre_bid"": ""+75600"", ""buy_3th_pre_req"": ""15"", ""buy_3th_pre_req_pre"": ""0"", ""buy_4th_pre_bid"": ""+75500"", ""buy_4th_pre_req"": ""51"", ""buy_4th_pre_req_pre"": ""0"", ""buy_5th_pre_bid"": ""+75400"", ""buy_5th_pre_req"": ""152"", ""buy_5th_pre_req_pre"": ""0"", ""buy_6th_pre_bid"": ""+75300"", ""buy_6th_pre_req"": ""77"", ""buy_6th_pre_req_pre"": ""0"", ""buy_7th_pre_bid"": ""+75200"", ""buy_7th_pre_req"": ""68"", ""buy_7th_pre_req_pre"": ""0"", ""buy_8th_pre_bid"": ""+75100"", ""buy_8th_pre_req"": ""109"", ""buy_8th_pre_req_pre"": ""0"", ""buy_9th_pre_bid"": ""+75000"", ""buy_9th_pre_req"": ""111"", ""buy_9th_pre_req_pre"": ""0"", ""buy_10th_pre_bid"": ""+74900"", ""buy_10th_pre_req"": ""53"", ""buy_10th_pre_req_pre"": ""0"", ""tot_sel_req_jub_pre"": ""0"", ""tot_sel_req"": ""659"", ""tot_buy_req"": ""664"", ""tot_buy_req_jub_pre"": ""0"", ""ovt_sel_req_pre"": ""0"", ""ovt_sel_req"": ""0"", ""ovt_buy_req"": ""0"", ""ovt_buy_req_pre"": ""0"", ""return_code"": 0, ""return_msg"": ""정상적으로 처리되었습니다""}"
2026-06-10,watchlist,042700,,0,filtered_candidate_recheck,280000,,280000,279500,280000,280500,0.0,0.17857142857142858,,,,,,"{""bid_req_base_tm"": ""112653"", ""sel_10th_pre_req_pre"": ""0"", ""sel_10th_pre_req"": ""260"", ""sel_10th_pre_bid"": ""+284500"", ""sel_9th_pre_req_pre"": ""0"", ""sel_9th_pre_req"": ""407"", ""sel_9th_pre_bid"": ""+284000"", ""sel_8th_pre_req_pre"": ""0"", ""sel_8th_pre_req"": ""110"", ""sel_8th_pre_bid"": ""+283500"", ""sel_7th_pre_req_pre"": ""0"", ""sel_7th_pre_req"": ""232"", ""sel_7th_pre_bid"": ""+283000"", ""sel_6th_pre_req_pre"": ""0"", ""sel_6th_pre_req"": ""99"", ""sel_6th_pre_bid"": ""+282500"", ""sel_5th_pre_req_pre"": ""0"", ""sel_5th_pre_req"": ""148"", ""sel_5th_pre_bid"": ""+282000"", ""sel_4th_pre_req_pre"": ""0"", ""sel_4th_pre_req"": ""77"", ""sel_4th_pre_bid"": ""+281500"", ""sel_3th_pre_req_pre"": ""0"", ""sel_3th_pre_req"": ""111"", ""sel_3th_pre_bid"": ""+281000"", ""sel_2th_pre_req_pre"": ""0"", ""sel_2th_pre_req"": ""359"", ""sel_2th_pre_bid"": ""+280500"", ""sel_1th_pre_req_pre"": ""0"", ""sel_fpr_req"": ""1806"", ""sel_fpr_bid"": ""+280000"", ""buy_fpr_bid"": ""+279500"", ""buy_fpr_req"": ""28"", ""buy_1th_pre_req_pre"": ""--1"", ""buy_2th_pre_bid"": ""+279000"", ""buy_2th_pre_req"": ""266"", ""buy_2th_pre_req_pre"": ""0"", ""buy_3th_pre_bid"": ""+278500"", ""buy_3th_pre_req"": ""529"", ""buy_3th_pre_req_pre"": ""0"", ""buy_4th_pre_bid"": ""+278000"", ""buy_4th_pre_req"": ""834"", ""buy_4th_pre_req_pre"": ""0"", ""buy_5th_pre_bid"": ""+277500"", ""buy_5th_pre_req"": ""385"", ""buy_5th_pre_req_pre"": ""0"", ""buy_6th_pre_bid"": ""+277000"", ""buy_6th_pre_req"": ""829"", ""buy_6th_pre_req_pre"": ""0"", ""buy_7th_pre_bid"": ""276500"", ""buy_7th_pre_req"": ""821"", ""buy_7th_pre_req_pre"": ""0"", ""buy_8th_pre_bid"": ""-276000"", ""buy_8th_pre_req"": ""474"", ""buy_8th_pre_req_pre"": ""0"", ""buy_9th_pre_bid"": ""-275500"", ""buy_9th_pre_req"": ""245"", ""buy_9th_pre_req_pre"": ""0"", ""buy_10th_pre_bid"": ""-275000"", ""buy_10th_pre_req"": ""1182"", ""buy_10th_pre_req_pre"": ""0"", ""tot_sel_req_jub_pre"": ""0"", ""tot_sel_req"": ""3609"", ""tot_buy_req"": ""5593"", ""tot_buy_req_jub_pre"": ""--1"", ""ovt_sel_req_pre"": ""0"", ""ovt_sel_req"": ""0"", ""ovt_buy_req"": ""0"", ""ovt_buy_req_pre"": ""0"", ""return_code"": 0, ""return_msg"": ""정상적으로 처리되었습니다""}"
2026-06-10,watchlist,003160,,0,filtered_candidate_recheck,27850,,27850,27700,27850,27950,0.17953321364452424,0.5385996409335727,,,,,,"{""bid_req_base_tm"": ""112651"", ""sel_10th_pre_req_pre"": ""0"", ""sel_10th_pre_req"": ""211"", ""sel_10th_pre_bid"": ""+28350"", ""sel_9th_pre_req_pre"": ""0"", ""sel_9th_pre_req"": ""203"", ""sel_9th_pre_bid"": ""+28300"", ""sel_8th_pre_req_pre"": ""0"", ""sel_8th_pre_req"": ""101"", ""sel_8th_pre_bid"": ""+28250"", ""sel_7th_pre_req_pre"": ""0"", ""sel_7th_pre_req"": ""111"", ""sel_7th_pre_bid"": ""+28200"", ""sel_6th_pre_req_pre"": ""0"", ""sel_6th_pre_req"": ""103"", ""sel_6th_pre_bid"": ""+28150"", ""sel_5th_pre_req_pre"": ""0"", ""sel_5th_pre_req"": ""122"", ""sel_5th_pre_bid"": ""+28100"", ""sel_4th_pre_req_pre"": ""0"", ""sel_4th_pre_req"": ""59"", ""sel_4th_pre_bid"": ""28050"", ""sel_3th_pre_req_pre"": ""0"", ""sel_3th_pre_req"": ""53"", ""sel_3th_pre_bid"": ""-28000"", ""sel_2th_pre_req_pre"": ""0"", ""sel_2th_pre_req"": ""101"", ""sel_2th_pre_bid"": ""-27900"", ""sel_1th_pre_req_pre"": ""0"", ""sel_fpr_req"": ""29"", ""sel_fpr_bid"": ""-27850"", ""buy_fpr_bid"": ""-27700"", ""buy_fpr_req"": ""117"", ""buy_1th_pre_req_pre"": ""0"", ""buy_2th_pre_bid"": ""-27650"", ""buy_2th_pre_req"": ""447"", ""buy_2th_pre_req_pre"": ""0"", ""buy_3th_pre_bid"": ""-27600"", ""buy_3th_pre_req"": ""905"", ""buy_3th_pre_req_pre"": ""0"", ""buy_4th_pre_bid"": ""-27550"", ""buy_4th_pre_req"": ""300"", ""buy_4th_pre_req_pre"": ""0"", ""buy_5th_pre_bid"": ""-27500"", ""buy_5th_pre_req"": ""1049"", ""buy_5th_pre_req_pre"": ""0"", ""buy_6th_pre_bid"": ""-27450"", ""buy_6th_pre_req"": ""139"", ""buy_6th_pre_req_pre"": ""0"", ""buy_7th_pre_bid"": ""-27400"", ""buy_7th_pre_req"": ""420"", ""buy_7th_pre_req_pre"": ""0"", ""buy_8th_pre_bid"": ""-27350"", ""buy_8th_pre_req"": ""80"", ""buy_8th_pre_req_pre"": ""0"", ""buy_9th_pre_bid"": ""-27300"", ""buy_9th_pre_req"": ""249"", ""buy_9th_pre_req_pre"": ""0"", ""buy_10th_pre_bid"": ""-27250"", ""buy_10th_pre_req"": ""177"", ""buy_10th_pre_req_pre"": ""+2"", ""tot_sel_req_jub_pre"": ""0"", ""tot_sel_req"": ""1093"", ""tot_buy_req"": ""3883"", ""tot_buy_req_jub_pre"": ""+2"", ""ovt_sel_req_pre"": ""0"", ""ovt_sel_req"": ""0"", ""ovt_buy_req"": ""0"", ""ovt_buy_req_pre"": ""0"", ""return_code"": 0, ""return_msg"": ""정상적으로 처리되었습니다""}"
2026-06-10,watchlist,005940,,1,filtered_candidate_recheck,30700,,30700,30650,30700,30800,0.16286644951140067,0.16286644951140067,,,,,,"{""bid_req_base_tm"": ""112654"", ""sel_10th_pre_req_pre"": ""0"", ""sel_10th_pre_req"": ""5"", ""sel_10th_pre_bid"": ""-31150"", ""sel_9th_pre_req_pre"": ""0"", ""sel_9th_pre_req"": ""50"", ""sel_9th_pre_bid"": ""-31100"", ""sel_8th_pre_req_pre"": ""0"", ""sel_8th_pre_req"": ""110"", ""sel_8th_pre_bid"": ""-31050"", ""sel_7th_pre_req_pre"": ""0"", ""sel_7th_pre_req"": ""281"", ""sel_7th_pre_bid"": ""-31000"", ""sel_6th_pre_req_pre"": ""0"", ""sel_6th_pre_req"": ""212"", ""sel_6th_pre_bid"": ""-30950"", ""sel_5th_pre_req_pre"": ""0"", ""sel_5th_pre_req"": ""357"", ""sel_5th_pre_bid"": ""-30900"", ""sel_4th_pre_req_pre"": ""0"", ""sel_4th_pre_req"": ""496"", ""sel_4th_pre_bid"": ""-30850"", ""sel_3th_pre_req_pre"": ""0"", ""sel_3th_pre_req"": ""779"", ""sel_3th_pre_bid"": ""-30800"", ""sel_2th_pre_req_pre"": ""0"", ""sel_2th_pre_req"": ""558"", ""sel_2th_pre_bid"": ""-30750"", ""sel_1th_pre_req_pre"": ""0"", ""sel_fpr_req"": ""3425"", ""sel_fpr_bid"": ""-30700"", ""buy_fpr_bid"": ""-30650"", ""buy_fpr_req"": ""5012"", ""buy_1th_pre_req_pre"": ""0"", ""buy_2th_pre_bid"": ""-30600"", ""buy_2th_pre_req"": ""523"", ""buy_2th_pre_req_pre"": ""0"", ""buy_3th_pre_bid"": ""-30550"", ""buy_3th_pre_req"": ""683"", ""buy_3th_pre_req_pre"": ""0"", ""buy_4th_pre_bid"": ""-30500"", ""buy_4th_pre_req"": ""1205"", ""buy_4th_pre_req_pre"": ""0"", ""buy_5th_pre_bid"": ""-30450"", ""buy_5th_pre_req"": ""1569"", ""buy_5th_pre_req_pre"": ""0"", ""buy_6th_pre_bid"": ""-30400"", ""buy_6th_pre_req"": ""1284"", ""buy_6th_pre_req_pre"": ""0"", ""buy_7th_pre_bid"": ""-30350"", ""buy_7th_pre_req"": ""546"", ""buy_7th_pre_req_pre"": ""0"", ""buy_8th_pre_bid"": ""-30300"", ""buy_8th_pre_req"": ""3024"", ""buy_8th_pre_req_pre"": ""0"", ""buy_9th_pre_bid"": ""-30250"", ""buy_9th_pre_req"": ""229"", ""buy_9th_pre_req_pre"": ""0"", ""buy_10th_pre_bid"": ""-30200"", ""buy_10th_pre_req"": ""1498"", ""buy_10th_pre_req_pre"": ""0"", ""tot_sel_req_jub_pre"": ""0"", ""tot_sel_req"": ""6273"", ""tot_buy_req"": ""15573"", ""tot_buy_req_jub_pre"": ""0"", ""ovt_sel_req_pre"": ""0"", ""ovt_sel_req"": ""0"", ""ovt_buy_req"": ""0"", ""ovt_buy_req_pre"": ""0"", ""return_code"": 0, ""return_msg"": ""정상적으로 처리되었습니다""}"
2026-06-10,watchlist,120110,,0,filtered_candidate_recheck,70100,,70100,70000,70100,70100,-0.14265335235378032,0.14265335235378032,,,,,,"{""bid_req_base_tm"": ""112654"", ""sel_10th_pre_req_pre"": ""0"", ""sel_10th_pre_req"": ""6"", ""sel_10th_pre_bid"": ""+71000"", ""sel_9th_pre_req_pre"": ""0"", ""sel_9th_pre_req"": ""2"", ""sel_9th_pre_bid"": ""+70900"", ""sel_8th_pre_req_pre"": ""0"", ""sel_8th_pre_req"": ""1"", ""sel_8th_pre_bid"": ""+70800"", ""sel_7th_pre_req_pre"": ""0"", ""sel_7th_pre_req"": ""20"", ""sel_7th_pre_bid"": ""+70700"", ""sel_6th_pre_req_pre"": ""0"", ""sel_6th_pre_req"": ""40"", ""sel_6th_pre_bid"": ""+70600"", ""sel_5th_pre_req_pre"": ""0"", ""sel_5th_pre_req"": ""102"", ""sel_5th_pre_bid"": ""+70500"", ""sel_4th_pre_req_pre"": ""0"", ""sel_4th_pre_req"": ""46"", ""sel_4th_pre_bid"": ""+70400"", ""sel_3th_pre_req_pre"": ""0"", ""sel_3th_pre_req"": ""153"", ""sel_3th_pre_bid"": ""+70300"", ""sel_2th_pre_req_pre"": ""0"", ""sel_2th_pre_req"": ""201"", ""sel_2th_pre_bid"": ""+70200"", ""sel_1th_pre_req_pre"": ""0"", ""sel_fpr_req"": ""182"", ""sel_fpr_bid"": ""+70100"", ""buy_fpr_bid"": ""+70000"", ""buy_fpr_req"": ""18"", ""buy_1th_pre_req_pre"": ""0"", ""buy_2th_pre_bid"": ""+69900"", ""buy_2th_pre_req"": ""48"", ""buy_2th_pre_req_pre"": ""0"", ""buy_3th_pre_bid"": ""+69800"", ""buy_3th_pre_req"": ""151"", ""buy_3th_pre_req_pre"": ""0"", ""buy_4th_pre_bid"": ""+69700"", ""buy_4th_pre_req"": ""115"", ""buy_4th_pre_req_pre"": ""0"", ""buy_5th_pre_bid"": ""+69600"", ""buy_5th_pre_req"": ""34"", ""buy_5th_pre_req_pre"": ""0"", ""buy_6th_pre_bid"": ""+69500"", ""buy_6th_pre_req"": ""23"", ""buy_6th_pre_req_pre"": ""0"", ""buy_7th_pre_bid"": ""+69400"", ""buy_7th_pre_req"": ""103"", ""buy_7th_pre_req_pre"": ""0"", ""buy_8th_pre_bid"": ""+69300"", ""buy_8th_pre_req"": ""23"", ""buy_8th_pre_req_pre"": ""0"", ""buy_9th_pre_bid"": ""+69200"", ""buy_9th_pre_req"": ""430"", ""buy_9th_pre_req_pre"": ""0"", ""buy_10th_pre_bid"": ""+69100"", ""buy_10th_pre_req"": ""49"", ""buy_10th_pre_req_pre"": ""0"", ""tot_sel_req_jub_pre"": ""0"", ""tot_sel_req"": ""753"", ""tot_buy_req"": ""994"", ""tot_buy_req_jub_pre"": ""0"", ""ovt_sel_req_pre"": ""0"", ""ovt_sel_req"": ""0"", ""ovt_buy_req"": ""0"", ""ovt_buy_req_pre"": ""0"", ""return_code"": 0, ""return_msg"": ""정상적으로 처리되었습니다""}"
2026-06-10,watchlist,375500,,0,filtered_candidate_recheck,70600,,70600,70500,70600,70500,-0.28328611898017,0.141643059490085,,,,,,"{""bid_req_base_tm"": ""112654"", ""sel_10th_pre_req_pre"": ""0"", ""sel_10th_pre_req"": ""755"", ""sel_10th_pre_bid"": ""+71500"", ""sel_9th_pre_req_pre"": ""0"", ""sel_9th_pre_req"": ""562"", ""sel_9th_pre_bid"": ""+71400"", ""sel_8th_pre_req_pre"": ""0"", ""sel_8th_pre_req"": ""19"", ""sel_8th_pre_bid"": ""+71300"", ""sel_7th_pre_req_pre"": ""0"", ""sel_7th_pre_req"": ""68"", ""sel_7th_pre_bid"": ""+71200"", ""sel_6th_pre_req_pre"": ""0"", ""sel_6th_pre_req"": ""12"", ""sel_6th_pre_bid"": ""+71100"", ""sel_5th_pre_req_pre"": ""0"", ""sel_5th_pre_req"": ""10"", ""sel_5th_pre_bid"": ""+71000"", ""sel_4th_pre_req_pre"": ""0"", ""sel_4th_pre_req"": ""1"", ""sel_4th_pre_bid"": ""+70900"", ""sel_3th_pre_req_pre"": ""0"", ""sel_3th_pre_req"": ""168"", ""sel_3th_pre_bid"": ""+70800"", ""sel_2th_pre_req_pre"": ""--53"", ""sel_2th_pre_req"": ""94"", ""sel_2th_pre_bid"": ""+70700"", ""sel_1th_pre_req_pre"": ""--10"", ""sel_fpr_req"": ""44"", ""sel_fpr_bid"": ""+70600"", ""buy_fpr_bid"": ""+70500"", ""buy_fpr_req"": ""181"", ""buy_1th_pre_req_pre"": ""+1"", ""buy_2th_pre_bid"": ""+70400"", ""buy_2th_pre_req"": ""48"", ""buy_2th_pre_req_pre"": ""0"", ""buy_3th_pre_bid"": ""+70300"", ""buy_3th_pre_req"": ""88"", ""buy_3th_pre_req_pre"": ""0"", ""buy_4th_pre_bid"": ""+70200"", ""buy_4th_pre_req"": ""86"", ""buy_4th_pre_req_pre"": ""0"", ""buy_5th_pre_bid"": ""+70100"", ""buy_5th_pre_req"": ""499"", ""buy_5th_pre_req_pre"": ""0"", ""buy_6th_pre_bid"": ""+70000"", ""buy_6th_pre_req"": ""129"", ""buy_6th_pre_req_pre"": ""0"", ""buy_7th_pre_bid"": ""+69900"", ""buy_7th_pre_req"": ""86"", ""buy_7th_pre_req_pre"": ""0"", ""buy_8th_pre_bid"": ""+69800"", ""buy_8th_pre_req"": ""197"", ""buy_8th_pre_req_pre"": ""0"", ""buy_9th_pre_bid"": ""+69700"", ""buy_9th_pre_req"": ""17"", ""buy_9th_pre_req_pre"": ""0"", ""buy_10th_pre_bid"": ""69600"", ""buy_10th_pre_req"": ""22"", ""buy_10th_pre_req_pre"": ""0"", ""tot_sel_req_jub_pre"": ""--63"", ""tot_sel_req"": ""1733"", ""tot_buy_req"": ""1353"", ""tot_buy_req_jub_pre"": ""+1"", ""ovt_sel_req_pre"": ""0"", ""ovt_sel_req"": ""0"", ""ovt_buy_req"": ""0"", ""ovt_buy_req_pre"": ""0"", ""return_code"": 0, ""return_msg"": ""정상적으로 처리되었습니다""}"
2026-06-10,watchlist,483650,,0,filtered_candidate_recheck,205000,,205000,204500,205000,206500,0.4878048780487805,0.24390243902439024,,,,,,"{""bid_req_base_tm"": ""112654"", ""sel_10th_pre_req_pre"": ""0"", ""sel_10th_pre_req"": ""736"", ""sel_10th_pre_bid"": ""+209500"", ""sel_9th_pre_req_pre"": ""0"", ""sel_9th_pre_req"": ""1467"", ""sel_9th_pre_bid"": ""+209000"", ""sel_8th_pre_req_pre"": ""0"", ""sel_8th_pre_req"": ""592"", ""sel_8th_pre_bid"": ""+208500"", ""sel_7th_pre_req_pre"": ""0"", ""sel_7th_pre_req"": ""449"", ""sel_7th_pre_bid"": ""+208000"", ""sel_6th_pre_req_pre"": ""0"", ""sel_6th_pre_req"": ""445"", ""sel_6th_pre_bid"": ""+207500"", ""sel_5th_pre_req_pre"": ""0"", ""sel_5th_pre_req"": ""285"", ""sel_5th_pre_bid"": ""+207000"", ""sel_4th_pre_req_pre"": ""0"", ""sel_4th_pre_req"": ""249"", ""sel_4th_pre_bid"": ""+206500"", ""sel_3th_pre_req_pre"": ""0"", ""sel_3th_pre_req"": ""185"", ""sel_3th_pre_bid"": ""+206000"", ""sel_2th_pre_req_pre"": ""0"", ""sel_2th_pre_req"": ""191"", ""sel_2th_pre_bid"": ""+205500"", ""sel_1th_pre_req_pre"": ""0"", ""sel_fpr_req"": ""74"", ""sel_fpr_bid"": ""+205000"", ""buy_fpr_bid"": ""+204500"", ""buy_fpr_req"": ""427"", ""buy_1th_pre_req_pre"": ""+36"", ""buy_2th_pre_bid"": ""+204000"", ""buy_2th_pre_req"": ""5418"", ""buy_2th_pre_req_pre"": ""0"", ""buy_3th_pre_bid"": ""+203500"", ""buy_3th_pre_req"": ""16"", ""buy_3th_pre_req_pre"": ""0"", ""buy_4th_pre_bid"": ""+203000"", ""buy_4th_pre_req"": ""40"", ""buy_4th_pre_req_pre"": ""0"", ""buy_5th_pre_bid"": ""+202500"", ""buy_5th_pre_req"": ""64"", ""buy_5th_pre_req_pre"": ""0"", ""buy_6th_pre_bid"": ""+202000"", ""buy_6th_pre_req"": ""45"", ""buy_6th_pre_req_pre"": ""0"", ""buy_7th_pre_bid"": ""+201500"", ""buy_7th_pre_req"": ""136"", ""buy_7th_pre_req_pre"": ""0"", ""buy_8th_pre_bid"": ""+201000"", ""buy_8th_pre_req"": ""282"", ""buy_8th_pre_req_pre"": ""0"", ""buy_9th_pre_bid"": ""+200500"", ""buy_9th_pre_req"": ""103"", ""buy_9th_pre_req_pre"": ""0"", ""buy_10th_pre_bid"": ""+200000"", ""buy_10th_pre_req"": ""398"", ""buy_10th_pre_req_pre"": ""0"", ""tot_sel_req_jub_pre"": ""0"", ""tot_sel_req"": ""4673"", ""tot_buy_req"": ""6929"", ""tot_buy_req_jub_pre"": ""+36"", ""ovt_sel_req_pre"": ""0"", ""ovt_sel_req"": ""0"", ""ovt_buy_req"": ""0"", ""ovt_buy_req_pre"": ""0"", ""return_code"": 0, ""return_msg"": ""정상적으로 처리되었습니다""}"
2026-06-10,scan_candidate,005930,,0,main_scan,304500,,304500,304000,304500,305500,0.16420361247947454,0.16420361247947454,,,,,,"{""bid_req_base_tm"": ""112857"", ""sel_10th_pre_req_pre"": ""0"", ""sel_10th_pre_req"": ""17842"", ""sel_10th_pre_bid"": ""-309000"", ""sel_9th_pre_req_pre"": ""0"", ""sel_9th_pre_req"": ""25102"", ""sel_9th_pre_bid"": ""-308500"", ""sel_8th_pre_req_pre"": ""0"", ""sel_8th_pre_req"": ""26194"", ""sel_8th_pre_bid"": ""-308000"", ""sel_7th_pre_req_pre"": ""0"", ""sel_7th_pre_req"": ""17566"", ""sel_7th_pre_bid"": ""-307500"", ""sel_6th_pre_req_pre"": ""0"", ""sel_6th_pre_req"": ""8893"", ""sel_6th_pre_bid"": ""-307000"", ""sel_5th_pre_req_pre"": ""0"", ""sel_5th_pre_req"": ""13862"", ""sel_5th_pre_bid"": ""-306500"", ""sel_4th_pre_req_pre"": ""0"", ""sel_4th_pre_req"": ""15752"", ""sel_4th_pre_bid"": ""-306000"", ""sel_3th_pre_req_pre"": ""0"", ""sel_3th_pre_req"": ""11273"", ""sel_3th_pre_bid"": ""-305500"", ""sel_2th_pre_req_pre"": ""+218"", ""sel_2th_pre_req"": ""14468"", ""sel_2th_pre_bid"": ""-305000"", ""sel_1th_pre_req_pre"": ""--2"", ""sel_fpr_req"": ""9160"", ""sel_fpr_bid"": ""-304500"", ""buy_fpr_bid"": ""-304000"", ""buy_fpr_req"": ""16416"", ""buy_1th_pre_req_pre"": ""+5"", ""buy_2th_pre_bid"": ""-303500"", ""buy_2th_pre_req"": ""28093"", ""buy_2th_pre_req_pre"": ""0"", ""buy_3th_pre_bid"": ""-303000"", ""buy_3th_pre_req"": ""88606"", ""buy_3th_pre_req_pre"": ""0"", ""buy_4th_pre_bid"": ""-302500"", ""buy_4th_pre_req"": ""31879"", ""buy_4th_pre_req_pre"": ""0"", ""buy_5th_pre_bid"": ""-302000"", ""buy_5th_pre_req"": ""64294"", ""buy_5th_pre_req_pre"": ""--5"", ""buy_6th_pre_bid"": ""-301500"", ""buy_6th_pre_req"": ""52028"", ""buy_6th_pre_req_pre"": ""0"", ""buy_7th_pre_bid"": ""-301000"", ""buy_7th_pre_req"": ""93278"", ""buy_7th_pre_req_pre"": ""+4"", ""buy_8th_pre_bid"": ""-300500"", ""buy_8th_pre_req"": ""132547"", ""buy_8th_pre_req_pre"": ""+1"", ""buy_9th_pre_bid"": ""-300000"", ""buy_9th_pre_req"": ""316983"", ""buy_9th_pre_req_pre"": ""0"", ""buy_10th_pre_bid"": ""-299500"", ""buy_10th_pre_req"": ""37389"", ""buy_10th_pre_req_pre"": ""0"", ""tot_sel_req_jub_pre"": ""+216"", ""tot_sel_req"": ""160112"", ""tot_buy_req"": ""861513"", ""tot_buy_req_jub_pre"": ""+5"", ""ovt_sel_req_pre"": ""0"", ""ovt_sel_req"": ""0"", ""ovt_buy_req"": ""0"", ""ovt_buy_req_pre"": ""0"", ""return_code"": 0, ""return_msg"": ""정상적으로 처리되었습니다""}"
2026-06-10,scan_candidate,000660,,0,main_scan,2088000,,2088000,2087000,2088000,2090000,0.047892720306513405,0.047892720306513405,,,,,,"{""bid_req_base_tm"": ""112857"", ""sel_10th_pre_req_pre"": ""0"", ""sel_10th_pre_req"": ""444"", ""sel_10th_pre_bid"": ""-2097000"", ""sel_9th_pre_req_pre"": ""0"", ""sel_9th_pre_req"": ""137"", ""sel_9th_pre_bid"": ""-2096000"", ""sel_8th_pre_req_pre"": ""0"", ""sel_8th_pre_req"": ""87"", ""sel_8th_pre_bid"": ""-2095000"", ""sel_7th_pre_req_pre"": ""0"", ""sel_7th_pre_req"": ""14"", ""sel_7th_pre_bid"": ""-2094000"", ""sel_6th_pre_req_pre"": ""+13"", ""sel_6th_pre_req"": ""74"", ""sel_6th_pre_bid"": ""-2093000"", ""sel_5th_pre_req_pre"": ""0"", ""sel_5th_pre_req"": ""102"", ""sel_5th_pre_bid"": ""-2092000"", ""sel_4th_pre_req_pre"": ""0"", ""sel_4th_pre_req"": ""86"", ""sel_4th_pre_bid"": ""-2091000"", ""sel_3th_pre_req_pre"": ""0"", ""sel_3th_pre_req"": ""271"", ""sel_3th_pre_bid"": ""-2090000"", ""sel_2th_pre_req_pre"": ""0"", ""sel_2th_pre_req"": ""292"", ""sel_2th_pre_bid"": ""-2089000"", ""sel_1th_pre_req_pre"": ""0"", ""sel_fpr_req"": ""348"", ""sel_fpr_bid"": ""-2088000"", ""buy_fpr_bid"": ""-2087000"", ""buy_fpr_req"": ""241"", ""buy_1th_pre_req_pre"": ""0"", ""buy_2th_pre_bid"": ""-2086000"", ""buy_2th_pre_req"": ""72"", ""buy_2th_pre_req_pre"": ""0"", ""buy_3th_pre_bid"": ""-2085000"", ""buy_3th_pre_req"": ""1245"", ""buy_3th_pre_req_pre"": ""0"", ""buy_4th_pre_bid"": ""-2084000"", ""buy_4th_pre_req"": ""505"", ""buy_4th_pre_req_pre"": ""0"", ""buy_5th_pre_bid"": ""-2083000"", ""buy_5th_pre_req"": ""150"", ""buy_5th_pre_req_pre"": ""0"", ""buy_6th_pre_bid"": ""-2082000"", ""buy_6th_pre_req"": ""64"", ""buy_6th_pre_req_pre"": ""0"", ""buy_7th_pre_bid"": ""-2081000"", ""buy_7th_pre_req"": ""67"", ""buy_7th_pre_req_pre"": ""0"", ""buy_8th_pre_bid"": ""-2080000"", ""buy_8th_pre_req"": ""297"", ""buy_8th_pre_req_pre"": ""+1"", ""buy_9th_pre_bid"": ""-2079000"", ""buy_9th_pre_req"": ""153"", ""buy_9th_pre_req_pre"": ""0"", ""buy_10th_pre_bid"": ""-2078000"", ""buy_10th_pre_req"": ""99"", ""buy_10th_pre_req_pre"": ""0"", ""tot_sel_req_jub_pre"": ""+13"", ""tot_sel_req"": ""1855"", ""tot_buy_req"": ""2893"", ""tot_buy_req_jub_pre"": ""+1"", ""ovt_sel_req_pre"": ""0"", ""ovt_sel_req"": ""0"", ""ovt_buy_req"": ""0"", ""ovt_buy_req_pre"": ""0"", ""return_code"": 0, ""return_msg"": ""정상적으로 처리되었습니다""}"
2026-06-10,scan_candidate,402340,,0,main_scan,1211000,,1211000,1210000,1211000,1210000,-0.16515276630883566,0.08257638315441783,,,,,,"{""bid_req_base_tm"": ""112857"", ""sel_10th_pre_req_pre"": ""0"", ""sel_10th_pre_req"": ""215"", ""sel_10th_pre_bid"": ""-1220000"", ""sel_9th_pre_req_pre"": ""0"", ""sel_9th_pre_req"": ""8"", ""sel_9th_pre_bid"": ""-1219000"", ""sel_8th_pre_req_pre"": ""0"", ""sel_8th_pre_req"": ""81"", ""sel_8th_pre_bid"": ""-1218000"", ""sel_7th_pre_req_pre"": ""0"", ""sel_7th_pre_req"": ""42"", ""sel_7th_pre_bid"": ""-1217000"", ""sel_6th_pre_req_pre"": ""0"", ""sel_6th_pre_req"": ""9"", ""sel_6th_pre_bid"": ""-1216000"", ""sel_5th_pre_req_pre"": ""0"", ""sel_5th_pre_req"": ""38"", ""sel_5th_pre_bid"": ""-1215000"", ""sel_4th_pre_req_pre"": ""0"", ""sel_4th_pre_req"": ""40"", ""sel_4th_pre_bid"": ""-1214000"", ""sel_3th_pre_req_pre"": ""0"", ""sel_3th_pre_req"": ""66"", ""sel_3th_pre_bid"": ""-1213000"", ""sel_2th_pre_req_pre"": ""0"", ""sel_2th_pre_req"": ""500"", ""sel_2th_pre_bid"": ""-1212000"", ""sel_1th_pre_req_pre"": ""0"", ""sel_fpr_req"": ""286"", ""sel_fpr_bid"": ""-1211000"", ""buy_fpr_bid"": ""-1210000"", ""buy_fpr_req"": ""50"", ""buy_1th_pre_req_pre"": ""0"", ""buy_2th_pre_bid"": ""-1209000"", ""buy_2th_pre_req"": ""86"", ""buy_2th_pre_req_pre"": ""0"", ""buy_3th_pre_bid"": ""-1208000"", ""buy_3th_pre_req"": ""28"", ""buy_3th_pre_req_pre"": ""0"", ""buy_4th_pre_bid"": ""-1207000"", ""buy_4th_pre_req"": ""5"", ""buy_4th_pre_req_pre"": ""0"", ""buy_5th_pre_bid"": ""-1206000"", ""buy_5th_pre_req"": ""5"", ""buy_5th_pre_req_pre"": ""0"", ""buy_6th_pre_bid"": ""-1205000"", ""buy_6th_pre_req"": ""4"", ""buy_6th_pre_req_pre"": ""0"", ""buy_7th_pre_bid"": ""-1204000"", ""buy_7th_pre_req"": ""40"", ""buy_7th_pre_req_pre"": ""0"", ""buy_8th_pre_bid"": ""-1203000"", ""buy_8th_pre_req"": ""181"", ""buy_8th_pre_req_pre"": ""0"", ""buy_9th_pre_bid"": ""-1202000"", ""buy_9th_pre_req"": ""190"", ""buy_9th_pre_req_pre"": ""0"", ""buy_10th_pre_bid"": ""-1201000"", ""buy_10th_pre_req"": ""474"", ""buy_10th_pre_req_pre"": ""0"", ""tot_sel_req_jub_pre"": ""0"", ""tot_sel_req"": ""1285"", ""tot_buy_req"": ""1063"", ""tot_buy_req_jub_pre"": ""0"", ""ovt_sel_req_pre"": ""0"", ""ovt_sel_req"": ""0"", ""ovt_buy_req"": ""0"", ""ovt_buy_req_pre"": ""0"", ""return_code"": 0, ""return_msg"": ""정상적으로 처리되었습니다""}"
2026-06-10,scan_candidate,009150,,0,main_scan,1881000,,1881000,1880000,1881000,1883000,0.053163211057947905,0.053163211057947905,,,,,,"{""bid_req_base_tm"": ""112857"", ""sel_10th_pre_req_pre"": ""0"", ""sel_10th_pre_req"": ""58"", ""sel_10th_pre_bid"": ""-1890000"", ""sel_9th_pre_req_pre"": ""0"", ""sel_9th_pre_req"": ""23"", ""sel_9th_pre_bid"": ""-1889000"", ""sel_8th_pre_req_pre"": ""0"", ""sel_8th_pre_req"": ""11"", ""sel_8th_pre_bid"": ""-1888000"", ""sel_7th_pre_req_pre"": ""0"", ""sel_7th_pre_req"": ""17"", ""sel_7th_pre_bid"": ""-1887000"", ""sel_6th_pre_req_pre"": ""0"", ""sel_6th_pre_req"": ""19"", ""sel_6th_pre_bid"": ""-1886000"", ""sel_5th_pre_req_pre"": ""0"", ""sel_5th_pre_req"": ""75"", ""sel_5th_pre_bid"": ""-1885000"", ""sel_4th_pre_req_pre"": ""0"", ""sel_4th_pre_req"": ""109"", ""sel_4th_pre_bid"": ""-1884000"", ""sel_3th_pre_req_pre"": ""0"", ""sel_3th_pre_req"": ""199"", ""sel_3th_pre_bid"": ""-1883000"", ""sel_2th_pre_req_pre"": ""0"", ""sel_2th_pre_req"": ""71"", ""sel_2th_pre_bid"": ""-1882000"", ""sel_1th_pre_req_pre"": ""0"", ""sel_fpr_req"": ""29"", ""sel_fpr_bid"": ""-1881000"", ""buy_fpr_bid"": ""-1880000"", ""buy_fpr_req"": ""100"", ""buy_1th_pre_req_pre"": ""0"", ""buy_2th_pre_bid"": ""-1879000"", ""buy_2th_pre_req"": ""330"", ""buy_2th_pre_req_pre"": ""0"", ""buy_3th_pre_bid"": ""-1878000"", ""buy_3th_pre_req"": ""106"", ""buy_3th_pre_req_pre"": ""0"", ""buy_4th_pre_bid"": ""-1877000"", ""buy_4th_pre_req"": ""21"", ""buy_4th_pre_req_pre"": ""0"", ""buy_5th_pre_bid"": ""-1876000"", ""buy_5th_pre_req"": ""61"", ""buy_5th_pre_req_pre"": ""0"", ""buy_6th_pre_bid"": ""-1875000"", ""buy_6th_pre_req"": ""28"", ""buy_6th_pre_req_pre"": ""0"", ""buy_7th_pre_bid"": ""-1874000"", ""buy_7th_pre_req"": ""9"", ""buy_7th_pre_req_pre"": ""0"", ""buy_8th_pre_bid"": ""-1873000"", ""buy_8th_pre_req"": ""17"", ""buy_8th_pre_req_pre"": ""0"", ""buy_9th_pre_bid"": ""-1872000"", ""buy_9th_pre_req"": ""8"", ""buy_9th_pre_req_pre"": ""0"", ""buy_10th_pre_bid"": ""-1871000"", ""buy_10th_pre_req"": ""131"", ""buy_10th_pre_req_pre"": ""0"", ""tot_sel_req_jub_pre"": ""0"", ""tot_sel_req"": ""611"", ""tot_buy_req"": ""811"", ""tot_buy_req_jub_pre"": ""0"", ""ovt_sel_req_pre"": ""0"", ""ovt_sel_req"": ""0"", ""ovt_buy_req"": ""0"", ""ovt_buy_req_pre"": ""0"", ""return_code"": 0, ""return_msg"": ""정상적으로 처리되었습니다""}"
2026-06-10,scan_candidate,032830,,0,main_scan,371000,,371000,370000,371000,371000,-0.13477088948787064,0.2695417789757413,,,,,,"{""bid_req_base_tm"": ""112857"", ""sel_10th_pre_req_pre"": ""0"", ""sel_10th_pre_req"": ""4"", ""sel_10th_pre_bid"": ""-375500"", ""sel_9th_pre_req_pre"": ""0"", ""sel_9th_pre_req"": ""178"", ""sel_9th_pre_bid"": ""-375000"", ""sel_8th_pre_req_pre"": ""0"", ""sel_8th_pre_req"": ""110"", ""sel_8th_pre_bid"": ""-374500"", ""sel_7th_pre_req_pre"": ""0"", ""sel_7th_pre_req"": ""189"", ""sel_7th_pre_bid"": ""-374000"", ""sel_6th_pre_req_pre"": ""0"", ""sel_6th_pre_req"": ""26"", ""sel_6th_pre_bid"": ""-373500"", ""sel_5th_pre_req_pre"": ""0"", ""sel_5th_pre_req"": ""119"", ""sel_5th_pre_bid"": ""-373000"", ""sel_4th_pre_req_pre"": ""0"", ""sel_4th_pre_req"": ""63"", ""sel_4th_pre_bid"": ""-372500"", ""sel_3th_pre_req_pre"": ""0"", ""sel_3th_pre_req"": ""59"", ""sel_3th_pre_bid"": ""-372000"", ""sel_2th_pre_req_pre"": ""0"", ""sel_2th_pre_req"": ""1"", ""sel_2th_pre_bid"": ""-371500"", ""sel_1th_pre_req_pre"": ""0"", ""sel_fpr_req"": ""163"", ""sel_fpr_bid"": ""-371000"", ""buy_fpr_bid"": ""-370000"", ""buy_fpr_req"": ""90"", ""buy_1th_pre_req_pre"": ""--1"", ""buy_2th_pre_bid"": ""-369500"", ""buy_2th_pre_req"": ""19"", ""buy_2th_pre_req_pre"": ""0"", ""buy_3th_pre_bid"": ""-369000"", ""buy_3th_pre_req"": ""81"", ""buy_3th_pre_req_pre"": ""0"", ""buy_4th_pre_bid"": ""-368500"", ""buy_4th_pre_req"": ""80"", ""buy_4th_pre_req_pre"": ""0"", ""buy_5th_pre_bid"": ""-368000"", ""buy_5th_pre_req"": ""408"", ""buy_5th_pre_req_pre"": ""0"", ""buy_6th_pre_bid"": ""-367500"", ""buy_6th_pre_req"": ""159"", ""buy_6th_pre_req_pre"": ""0"", ""buy_7th_pre_bid"": ""-367000"", ""buy_7th_pre_req"": ""289"", ""buy_7th_pre_req_pre"": ""0"", ""buy_8th_pre_bid"": ""-366500"", ""buy_8th_pre_req"": ""127"", ""buy_8th_pre_req_pre"": ""0"", ""buy_9th_pre_bid"": ""-366000"", ""buy_9th_pre_req"": ""609"", ""buy_9th_pre_req_pre"": ""0"", ""buy_10th_pre_bid"": ""-365500"", ""buy_10th_pre_req"": ""650"", ""buy_10th_pre_req_pre"": ""0"", ""tot_sel_req_jub_pre"": ""0"", ""tot_sel_req"": ""912"", ""tot_buy_req"": ""2512"", ""tot_buy_req_jub_pre"": ""--1"", ""ovt_sel_req_pre"": ""0"", ""ovt_sel_req"": ""0"", ""ovt_buy_req"": ""0"", ""ovt_buy_req_pre"": ""0"", ""return_code"": 0, ""return_msg"": ""정상적으로 처리되었습니다""}"
2026-06-10,scan_candidate,012330,,0,main_scan,573000,,573000,572000,573000,575000,0.17452006980802792,0.17452006980802792,,,,,,"{""bid_req_base_tm"": ""112858"", ""sel_10th_pre_req_pre"": ""0"", ""sel_10th_pre_req"": ""203"", ""sel_10th_pre_bid"": ""-582000"", ""sel_9th_pre_req_pre"": ""0"", ""sel_9th_pre_req"": ""137"", ""sel_9th_pre_bid"": ""-581000"", ""sel_8th_pre_req_pre"": ""0"", ""sel_8th_pre_req"": ""760"", ""sel_8th_pre_bid"": ""-580000"", ""sel_7th_pre_req_pre"": ""0"", ""sel_7th_pre_req"": ""66"", ""sel_7th_pre_bid"": ""-579000"", ""sel_6th_pre_req_pre"": ""0"", ""sel_6th_pre_req"": ""26"", ""sel_6th_pre_bid"": ""-578000"", ""sel_5th_pre_req_pre"": ""0"", ""sel_5th_pre_req"": ""235"", ""sel_5th_pre_bid"": ""-577000"", ""sel_4th_pre_req_pre"": ""0"", ""sel_4th_pre_req"": ""40"", ""sel_4th_pre_bid"": ""-576000"", ""sel_3th_pre_req_pre"": ""0"", ""sel_3th_pre_req"": ""350"", ""sel_3th_pre_bid"": ""-575000"", ""sel_2th_pre_req_pre"": ""0"", ""sel_2th_pre_req"": ""820"", ""sel_2th_pre_bid"": ""-574000"", ""sel_1th_pre_req_pre"": ""0"", ""sel_fpr_req"": ""171"", ""sel_fpr_bid"": ""-573000"", ""buy_fpr_bid"": ""-572000"", ""buy_fpr_req"": ""47"", ""buy_1th_pre_req_pre"": ""0"", ""buy_2th_pre_bid"": ""-571000"", ""buy_2th_pre_req"": ""373"", ""buy_2th_pre_req_pre"": ""0"", ""buy_3th_pre_bid"": ""-570000"", ""buy_3th_pre_req"": ""387"", ""buy_3th_pre_req_pre"": ""0"", ""buy_4th_pre_bid"": ""-569000"", ""buy_4th_pre_req"": ""923"", ""buy_4th_pre_req_pre"": ""+1"", ""buy_5th_pre_bid"": ""-568000"", ""buy_5th_pre_req"": ""1231"", ""buy_5th_pre_req_pre"": ""+1"", ""buy_6th_pre_bid"": ""-567000"", ""buy_6th_pre_req"": ""1015"", ""buy_6th_pre_req_pre"": ""0"", ""buy_7th_pre_bid"": ""-566000"", ""buy_7th_pre_req"": ""1565"", ""buy_7th_pre_req_pre"": ""0"", ""buy_8th_pre_bid"": ""-565000"", ""buy_8th_pre_req"": ""1996"", ""buy_8th_pre_req_pre"": ""0"", ""buy_9th_pre_bid"": ""-564000"", ""buy_9th_pre_req"": ""531"", ""buy_9th_pre_req_pre"": ""0"", ""buy_10th_pre_bid"": ""-563000"", ""buy_10th_pre_req"": ""2165"", ""buy_10th_pre_req_pre"": ""0"", ""tot_sel_req_jub_pre"": ""0"", ""tot_sel_req"": ""2808"", ""tot_buy_req"": ""10233"", ""tot_buy_req_jub_pre"": ""+2"", ""ovt_sel_req_pre"": ""0"", ""ovt_sel_req"": ""0"", ""ovt_buy_req"": ""0"", ""ovt_buy_req_pre"": ""0"", ""return_code"": 0, ""return_msg"": ""정상적으로 처리되었습니다""}"
2026-06-10,scan_candidate,055550,,0,main_scan,98600,,98600,98500,98600,98900,0.2028397565922921,0.10141987829614604,,,,,,"{""bid_req_base_tm"": ""112857"", ""sel_10th_pre_req_pre"": ""0"", ""sel_10th_pre_req"": ""851"", ""sel_10th_pre_bid"": ""-99700"", ""sel_9th_pre_req_pre"": ""0"", ""sel_9th_pre_req"": ""315"", ""sel_9th_pre_bid"": ""-99600"", ""sel_8th_pre_req_pre"": ""0"", ""sel_8th_pre_req"": ""78"", ""sel_8th_pre_bid"": ""-99500"", ""sel_7th_pre_req_pre"": ""0"", ""sel_7th_pre_req"": ""11"", ""sel_7th_pre_bid"": ""-99400"", ""sel_6th_pre_req_pre"": ""0"", ""sel_6th_pre_req"": ""279"", ""sel_6th_pre_bid"": ""-99300"", ""sel_5th_pre_req_pre"": ""0"", ""sel_5th_pre_req"": ""269"", ""sel_5th_pre_bid"": ""-99200"", ""sel_4th_pre_req_pre"": ""0"", ""sel_4th_pre_req"": ""107"", ""sel_4th_pre_bid"": ""-98900"", ""sel_3th_pre_req_pre"": ""0"", ""sel_3th_pre_req"": ""838"", ""sel_3th_pre_bid"": ""-98800"", ""sel_2th_pre_req_pre"": ""0"", ""sel_2th_pre_req"": ""91"", ""sel_2th_pre_bid"": ""-98700"", ""sel_1th_pre_req_pre"": ""0"", ""sel_fpr_req"": ""389"", ""sel_fpr_bid"": ""-98600"", ""buy_fpr_bid"": ""-98500"", ""buy_fpr_req"": ""353"", ""buy_1th_pre_req_pre"": ""0"", ""buy_2th_pre_bid"": ""-98400"", ""buy_2th_pre_req"": ""358"", ""buy_2th_pre_req_pre"": ""0"", ""buy_3th_pre_bid"": ""-98300"", ""buy_3th_pre_req"": ""924"", ""buy_3th_pre_req_pre"": ""0"", ""buy_4th_pre_bid"": ""-98200"", ""buy_4th_pre_req"": ""1742"", ""buy_4th_pre_req_pre"": ""0"", ""buy_5th_pre_bid"": ""-98100"", ""buy_5th_pre_req"": ""917"", ""buy_5th_pre_req_pre"": ""0"", ""buy_6th_pre_bid"": ""-98000"", ""buy_6th_pre_req"": ""1988"", ""buy_6th_pre_req_pre"": ""0"", ""buy_7th_pre_bid"": ""-97900"", ""buy_7th_pre_req"": ""287"", ""buy_7th_pre_req_pre"": ""0"", ""buy_8th_pre_bid"": ""-97800"", ""buy_8th_pre_req"": ""216"", ""buy_8th_pre_req_pre"": ""0"", ""buy_9th_pre_bid"": ""-97700"", ""buy_9th_pre_req"": ""293"", ""buy_9th_pre_req_pre"": ""0"", ""buy_10th_pre_bid"": ""-97600"", ""buy_10th_pre_req"": ""209"", ""buy_10th_pre_req_pre"": ""0"", ""tot_sel_req_jub_pre"": ""0"", ""tot_sel_req"": ""3228"", ""tot_buy_req"": ""7287"", ""tot_buy_req_jub_pre"": ""0"", ""ovt_sel_req_pre"": ""0"", ""ovt_sel_req"": ""0"", ""ovt_buy_req"": ""0"", ""ovt_buy_req_pre"": ""0"", ""return_code"": 0, ""return_msg"": ""정상적으로 처리되었습니다""}"
2026-06-10,scan_candidate,034730,,0,main_scan,576000,,576000,575000,576000,576000,-0.1736111111111111,0.1736111111111111,,,,,,"{""bid_req_base_tm"": ""112857"", ""sel_10th_pre_req_pre"": ""0"", ""sel_10th_pre_req"": ""102"", ""sel_10th_pre_bid"": ""-585000"", ""sel_9th_pre_req_pre"": ""0"", ""sel_9th_pre_req"": ""4"", ""sel_9th_pre_bid"": ""-584000"", ""sel_8th_pre_req_pre"": ""0"", ""sel_8th_pre_req"": ""104"", ""sel_8th_pre_bid"": ""-583000"", ""sel_7th_pre_req_pre"": ""0"", ""sel_7th_pre_req"": ""23"", ""sel_7th_pre_bid"": ""-582000"", ""sel_6th_pre_req_pre"": ""0"", ""sel_6th_pre_req"": ""17"", ""sel_6th_pre_bid"": ""-581000"", ""sel_5th_pre_req_pre"": ""0"", ""sel_5th_pre_req"": ""61"", ""sel_5th_pre_bid"": ""-580000"", ""sel_4th_pre_req_pre"": ""0"", ""sel_4th_pre_req"": ""56"", ""sel_4th_pre_bid"": ""-579000"", ""sel_3th_pre_req_pre"": ""0"", ""sel_3th_pre_req"": ""205"", ""sel_3th_pre_bid"": ""-578000"", ""sel_2th_pre_req_pre"": ""0"", ""sel_2th_pre_req"": ""1"", ""sel_2th_pre_bid"": ""-577000"", ""sel_1th_pre_req_pre"": ""--5"", ""sel_fpr_req"": ""140"", ""sel_fpr_bid"": ""-576000"", ""buy_fpr_bid"": ""-575000"", ""buy_fpr_req"": ""181"", ""buy_1th_pre_req_pre"": ""0"", ""buy_2th_pre_bid"": ""-574000"", ""buy_2th_pre_req"": ""33"", ""buy_2th_pre_req_pre"": ""0"", ""buy_3th_pre_bid"": ""-573000"", ""buy_3th_pre_req"": ""34"", ""buy_3th_pre_req_pre"": ""0"", ""buy_4th_pre_bid"": ""-572000"", ""buy_4th_pre_req"": ""35"", ""buy_4th_pre_req_pre"": ""0"", ""buy_5th_pre_bid"": ""-571000"", ""buy_5th_pre_req"": ""37"", ""buy_5th_pre_req_pre"": ""0"", ""buy_6th_pre_bid"": ""-570000"", ""buy_6th_pre_req"": ""76"", ""buy_6th_pre_req_pre"": ""0"", ""buy_7th_pre_bid"": ""-569000"", ""buy_7th_pre_req"": ""89"", ""buy_7th_pre_req_pre"": ""0"", ""buy_8th_pre_bid"": ""-568000"", ""buy_8th_pre_req"": ""83"", ""buy_8th_pre_req_pre"": ""0"", ""buy_9th_pre_bid"": ""-567000"", ""buy_9th_pre_req"": ""296"", ""buy_9th_pre_req_pre"": ""0"", ""buy_10th_pre_bid"": ""-566000"", ""buy_10th_pre_req"": ""45"", ""buy_10th_pre_req_pre"": ""0"", ""tot_sel_req_jub_pre"": ""--5"", ""tot_sel_req"": ""713"", ""tot_buy_req"": ""909"", ""tot_buy_req_jub_pre"": ""0"", ""ovt_sel_req_pre"": ""0"", ""ovt_sel_req"": ""0"", ""ovt_buy_req"": ""0"", ""ovt_buy_req_pre"": ""0"", ""return_code"": 0, ""return_msg"": ""정상적으로 처리되었습니다""}"
2026-06-10,scan_candidate,066570,,0,main_scan,229500,,229500,229000,229500,230500,0.2178649237472767,0.2178649237472767,,,,,,"{""bid_req_base_tm"": ""112858"", ""sel_10th_pre_req_pre"": ""0"", ""sel_10th_pre_req"": ""1168"", ""sel_10th_pre_bid"": ""-234000"", ""sel_9th_pre_req_pre"": ""0"", ""sel_9th_pre_req"": ""4080"", ""sel_9th_pre_bid"": ""-233500"", ""sel_8th_pre_req_pre"": ""0"", ""sel_8th_pre_req"": ""2507"", ""sel_8th_pre_bid"": ""-233000"", ""sel_7th_pre_req_pre"": ""0"", ""sel_7th_pre_req"": ""1294"", ""sel_7th_pre_bid"": ""-232500"", ""sel_6th_pre_req_pre"": ""0"", ""sel_6th_pre_req"": ""1210"", ""sel_6th_pre_bid"": ""-232000"", ""sel_5th_pre_req_pre"": ""0"", ""sel_5th_pre_req"": ""1166"", ""sel_5th_pre_bid"": ""-231500"", ""sel_4th_pre_req_pre"": ""0"", ""sel_4th_pre_req"": ""3082"", ""sel_4th_pre_bid"": ""-231000"", ""sel_3th_pre_req_pre"": ""0"", ""sel_3th_pre_req"": ""867"", ""sel_3th_pre_bid"": ""-230500"", ""sel_2th_pre_req_pre"": ""+13"", ""sel_2th_pre_req"": ""4849"", ""sel_2th_pre_bid"": ""-230000"", ""sel_1th_pre_req_pre"": ""--8"", ""sel_fpr_req"": ""95"", ""sel_fpr_bid"": ""-229500"", ""buy_fpr_bid"": ""-229000"", ""buy_fpr_req"": ""2240"", ""buy_1th_pre_req_pre"": ""0"", ""buy_2th_pre_bid"": ""-228500"", ""buy_2th_pre_req"": ""3428"", ""buy_2th_pre_req_pre"": ""0"", ""buy_3th_pre_bid"": ""-228000"", ""buy_3th_pre_req"": ""8796"", ""buy_3th_pre_req_pre"": ""0"", ""buy_4th_pre_bid"": ""-227500"", ""buy_4th_pre_req"": ""7981"", ""buy_4th_pre_req_pre"": ""0"", ""buy_5th_pre_bid"": ""-227000"", ""buy_5th_pre_req"": ""54850"", ""buy_5th_pre_req_pre"": ""0"", ""buy_6th_pre_bid"": ""-226500"", ""buy_6th_pre_req"": ""3140"", ""buy_6th_pre_req_pre"": ""0"", ""buy_7th_pre_bid"": ""-226000"", ""buy_7th_pre_req"": ""4892"", ""buy_7th_pre_req_pre"": ""0"", ""buy_8th_pre_bid"": ""-225500"", ""buy_8th_pre_req"": ""3419"", ""buy_8th_pre_req_pre"": ""+40"", ""buy_9th_pre_bid"": ""-225000"", ""buy_9th_pre_req"": ""14834"", ""buy_9th_pre_req_pre"": ""0"", ""buy_10th_pre_bid"": ""-224500"", ""buy_10th_pre_req"": ""1756"", ""buy_10th_pre_req_pre"": ""0"", ""tot_sel_req_jub_pre"": ""+5"", ""tot_sel_req"": ""20318"", ""tot_buy_req"": ""105336"", ""tot_buy_req_jub_pre"": ""+40"", ""ovt_sel_req_pre"": ""0"", ""ovt_sel_req"": ""0"", ""ovt_buy_req"": ""0"", ""ovt_buy_req_pre"": ""0"", ""return_code"": 0, ""return_msg"": ""정상적으로 처리되었습니다""}"
2026-06-10,scan_candidate,035420,,0,main_scan,232000,,232000,231500,232000,233500,0.43103448275862066,0.21551724137931033,,,,,,"{""bid_req_base_tm"": ""112859"", ""sel_10th_pre_req_pre"": ""0"", ""sel_10th_pre_req"": ""4129"", ""sel_10th_pre_bid"": ""-236500"", ""sel_9th_pre_req_pre"": ""0"", ""sel_9th_pre_req"": ""3371"", ""sel_9th_pre_bid"": ""-236000"", ""sel_8th_pre_req_pre"": ""0"", ""sel_8th_pre_req"": ""2609"", ""sel_8th_pre_bid"": ""-235500"", ""sel_7th_pre_req_pre"": ""0"", ""sel_7th_pre_req"": ""2547"", ""sel_7th_pre_bid"": ""-235000"", ""sel_6th_pre_req_pre"": ""0"", ""sel_6th_pre_req"": ""1735"", ""sel_6th_pre_bid"": ""-234500"", ""sel_5th_pre_req_pre"": ""0"", ""sel_5th_pre_req"": ""1587"", ""sel_5th_pre_bid"": ""-234000"", ""sel_4th_pre_req_pre"": ""0"", ""sel_4th_pre_req"": ""1533"", ""sel_4th_pre_bid"": ""-233500"", ""sel_3th_pre_req_pre"": ""0"", ""sel_3th_pre_req"": ""2885"", ""sel_3th_pre_bid"": ""-233000"", ""sel_2th_pre_req_pre"": ""0"", ""sel_2th_pre_req"": ""1846"", ""sel_2th_pre_bid"": ""-232500"", ""sel_1th_pre_req_pre"": ""0"", ""sel_fpr_req"": ""2701"", ""sel_fpr_bid"": ""-232000"", ""buy_fpr_bid"": ""-231500"", ""buy_fpr_req"": ""3012"", ""buy_1th_pre_req_pre"": ""--8"", ""buy_2th_pre_bid"": ""-231000"", ""buy_2th_pre_req"": ""5559"", ""buy_2th_pre_req_pre"": ""0"", ""buy_3th_pre_bid"": ""-230500"", ""buy_3th_pre_req"": ""20792"", ""buy_3th_pre_req_pre"": ""0"", ""buy_4th_pre_bid"": ""-230000"", ""buy_4th_pre_req"": ""69555"", ""buy_4th_pre_req_pre"": ""--20"", ""buy_5th_pre_bid"": ""-229500"", ""buy_5th_pre_req"": ""6667"", ""buy_5th_pre_req_pre"": ""0"", ""buy_6th_pre_bid"": ""-229000"", ""buy_6th_pre_req"": ""8940"", ""buy_6th_pre_req_pre"": ""0"", ""buy_7th_pre_bid"": ""-228500"", ""buy_7th_pre_req"": ""9175"", ""buy_7th_pre_req_pre"": ""0"", ""buy_8th_pre_bid"": ""-228000"", ""buy_8th_pre_req"": ""8830"", ""buy_8th_pre_req_pre"": ""0"", ""buy_9th_pre_bid"": ""-227500"", ""buy_9th_pre_req"": ""4083"", ""buy_9th_pre_req_pre"": ""0"", ""buy_10th_pre_bid"": ""-227000"", ""buy_10th_pre_req"": ""6739"", ""buy_10th_pre_req_pre"": ""0"", ""tot_sel_req_jub_pre"": ""0"", ""tot_sel_req"": ""24943"", ""tot_buy_req"": ""143352"", ""tot_buy_req_jub_pre"": ""--28"", ""ovt_sel_req_pre"": ""0"", ""ovt_sel_req"": ""0"", ""ovt_buy_req"": ""0"", ""ovt_buy_req_pre"": ""0"", ""return_code"": 0, ""return_msg"": ""정상적으로 처리되었습니다""}"
2026-06-10,scan_candidate,086790,,0,main_scan,118700,,118700,118600,118700,118500,-0.5897219882055602,0.08424599831508003,,,,,,"{""bid_req_base_tm"": ""112859"", ""sel_10th_pre_req_pre"": ""0"", ""sel_10th_pre_req"": ""387"", ""sel_10th_pre_bid"": ""+119700"", ""sel_9th_pre_req_pre"": ""0"", ""sel_9th_pre_req"": ""160"", ""sel_9th_pre_bid"": ""+119600"", ""sel_8th_pre_req_pre"": ""0"", ""sel_8th_pre_req"": ""228"", ""sel_8th_pre_bid"": ""+119500"", ""sel_7th_pre_req_pre"": ""0"", ""sel_7th_pre_req"": ""24"", ""sel_7th_pre_bid"": ""+119400"", ""sel_6th_pre_req_pre"": ""0"", ""sel_6th_pre_req"": ""40"", ""sel_6th_pre_bid"": ""+119300"", ""sel_5th_pre_req_pre"": ""0"", ""sel_5th_pre_req"": ""33"", ""sel_5th_pre_bid"": ""+119200"", ""sel_4th_pre_req_pre"": ""0"", ""sel_4th_pre_req"": ""214"", ""sel_4th_pre_bid"": ""119000"", ""sel_3th_pre_req_pre"": ""0"", ""sel_3th_pre_req"": ""767"", ""sel_3th_pre_bid"": ""-118900"", ""sel_2th_pre_req_pre"": ""0"", ""sel_2th_pre_req"": ""2"", ""sel_2th_pre_bid"": ""-118800"", ""sel_1th_pre_req_pre"": ""+3"", ""sel_fpr_req"": ""336"", ""sel_fpr_bid"": ""-118700"", ""buy_fpr_bid"": ""-118600"", ""buy_fpr_req"": ""347"", ""buy_1th_pre_req_pre"": ""0"", ""buy_2th_pre_bid"": ""-118500"", ""buy_2th_pre_req"": ""20"", ""buy_2th_pre_req_pre"": ""0"", ""buy_3th_pre_bid"": ""-118400"", ""buy_3th_pre_req"": ""521"", ""buy_3th_pre_req_pre"": ""0"", ""buy_4th_pre_bid"": ""-118300"", ""buy_4th_pre_req"": ""274"", ""buy_4th_pre_req_pre"": ""0"", ""buy_5th_pre_bid"": ""-118200"", ""buy_5th_pre_req"": ""970"", ""buy_5th_pre_req_pre"": ""0"", ""buy_6th_pre_bid"": ""-118100"", ""buy_6th_pre_req"": ""118"", ""buy_6th_pre_req_pre"": ""0"", ""buy_7th_pre_bid"": ""-118000"", ""buy_7th_pre_req"": ""337"", ""buy_7th_pre_req_pre"": ""0"", ""buy_8th_pre_bid"": ""-117900"", ""buy_8th_pre_req"": ""14"", ""buy_8th_pre_req_pre"": ""0"", ""buy_9th_pre_bid"": ""-117800"", ""buy_9th_pre_req"": ""580"", ""buy_9th_pre_req_pre"": ""0"", ""buy_10th_pre_bid"": ""-117700"", ""buy_10th_pre_req"": ""113"", ""buy_10th_pre_req_pre"": ""0"", ""tot_sel_req_jub_pre"": ""+3"", ""tot_sel_req"": ""2191"", ""tot_buy_req"": ""3294"", ""tot_buy_req_jub_pre"": ""0"", ""ovt_sel_req_pre"": ""0"", ""ovt_sel_req"": ""0"", ""ovt_buy_req"": ""0"", ""ovt_buy_req_pre"": ""0"", ""return_code"": 0, ""return_msg"": ""정상적으로 처리되었습니다""}"
2026-06-10,scan_candidate,000810,,0,main_scan,625000,,625000,623000,625000,627000,0.16,0.32,,,,,,"{""bid_req_base_tm"": ""112858"", ""sel_10th_pre_req_pre"": ""0"", ""sel_10th_pre_req"": ""15"", ""sel_10th_pre_bid"": ""-634000"", ""sel_9th_pre_req_pre"": ""0"", ""sel_9th_pre_req"": ""28"", ""sel_9th_pre_bid"": ""-633000"", ""sel_8th_pre_req_pre"": ""0"", ""sel_8th_pre_req"": ""3"", ""sel_8th_pre_bid"": ""-632000"", ""sel_7th_pre_req_pre"": ""0"", ""sel_7th_pre_req"": ""8"", ""sel_7th_pre_bid"": ""-631000"", ""sel_6th_pre_req_pre"": ""0"", ""sel_6th_pre_req"": ""48"", ""sel_6th_pre_bid"": ""-630000"", ""sel_5th_pre_req_pre"": ""0"", ""sel_5th_pre_req"": ""15"", ""sel_5th_pre_bid"": ""-629000"", ""sel_4th_pre_req_pre"": ""0"", ""sel_4th_pre_req"": ""8"", ""sel_4th_pre_bid"": ""-628000"", ""sel_3th_pre_req_pre"": ""0"", ""sel_3th_pre_req"": ""27"", ""sel_3th_pre_bid"": ""-627000"", ""sel_2th_pre_req_pre"": ""0"", ""sel_2th_pre_req"": ""50"", ""sel_2th_pre_bid"": ""-626000"", ""sel_1th_pre_req_pre"": ""0"", ""sel_fpr_req"": ""152"", ""sel_fpr_bid"": ""-625000"", ""buy_fpr_bid"": ""-623000"", ""buy_fpr_req"": ""233"", ""buy_1th_pre_req_pre"": ""0"", ""buy_2th_pre_bid"": ""-622000"", ""buy_2th_pre_req"": ""72"", ""buy_2th_pre_req_pre"": ""0"", ""buy_3th_pre_bid"": ""-621000"", ""buy_3th_pre_req"": ""97"", ""buy_3th_pre_req_pre"": ""--14"", ""buy_4th_pre_bid"": ""-620000"", ""buy_4th_pre_req"": ""92"", ""buy_4th_pre_req_pre"": ""+14"", ""buy_5th_pre_bid"": ""-619000"", ""buy_5th_pre_req"": ""4"", ""buy_5th_pre_req_pre"": ""0"", ""buy_6th_pre_bid"": ""-618000"", ""buy_6th_pre_req"": ""14"", ""buy_6th_pre_req_pre"": ""0"", ""buy_7th_pre_bid"": ""-617000"", ""buy_7th_pre_req"": ""36"", ""buy_7th_pre_req_pre"": ""0"", ""buy_8th_pre_bid"": ""-616000"", ""buy_8th_pre_req"": ""20"", ""buy_8th_pre_req_pre"": ""0"", ""buy_9th_pre_bid"": ""-615000"", ""buy_9th_pre_req"": ""21"", ""buy_9th_pre_req_pre"": ""0"", ""buy_10th_pre_bid"": ""-614000"", ""buy_10th_pre_req"": ""95"", ""buy_10th_pre_req_pre"": ""0"", ""tot_sel_req_jub_pre"": ""0"", ""tot_sel_req"": ""354"", ""tot_buy_req"": ""684"", ""tot_buy_req_jub_pre"": ""0"", ""ovt_sel_req_pre"": ""0"", ""ovt_sel_req"": ""0"", ""ovt_buy_req"": ""0"", ""ovt_buy_req_pre"": ""0"", ""return_code"": 0, ""return_msg"": ""정상적으로 처리되었습니다""}"
2026-06-10,scan_candidate,011070,,0,main_scan,1126000,,1126000,1125000,1126000,1129000,0.17761989342806395,0.08880994671403197,,,,,,"{""bid_req_base_tm"": ""112859"", ""sel_10th_pre_req_pre"": ""0"", ""sel_10th_pre_req"": ""22"", ""sel_10th_pre_bid"": ""-1135000"", ""sel_9th_pre_req_pre"": ""0"", ""sel_9th_pre_req"": ""61"", ""sel_9th_pre_bid"": ""-1134000"", ""sel_8th_pre_req_pre"": ""0"", ""sel_8th_pre_req"": ""9"", ""sel_8th_pre_bid"": ""-1133000"", ""sel_7th_pre_req_pre"": ""0"", ""sel_7th_pre_req"": ""15"", ""sel_7th_pre_bid"": ""-1132000"", ""sel_6th_pre_req_pre"": ""0"", ""sel_6th_pre_req"": ""56"", ""sel_6th_pre_bid"": ""-1131000"", ""sel_5th_pre_req_pre"": ""0"", ""sel_5th_pre_req"": ""96"", ""sel_5th_pre_bid"": ""-1130000"", ""sel_4th_pre_req_pre"": ""0"", ""sel_4th_pre_req"": ""61"", ""sel_4th_pre_bid"": ""-1129000"", ""sel_3th_pre_req_pre"": ""0"", ""sel_3th_pre_req"": ""28"", ""sel_3th_pre_bid"": ""-1128000"", ""sel_2th_pre_req_pre"": ""0"", ""sel_2th_pre_req"": ""14"", ""sel_2th_pre_bid"": ""-1127000"", ""sel_1th_pre_req_pre"": ""0"", ""sel_fpr_req"": ""23"", ""sel_fpr_bid"": ""-1126000"", ""buy_fpr_bid"": ""-1125000"", ""buy_fpr_req"": ""45"", ""buy_1th_pre_req_pre"": ""+15"", ""buy_2th_pre_bid"": ""-1124000"", ""buy_2th_pre_req"": ""415"", ""buy_2th_pre_req_pre"": ""0"", ""buy_3th_pre_bid"": ""-1123000"", ""buy_3th_pre_req"": ""26"", ""buy_3th_pre_req_pre"": ""0"", ""buy_4th_pre_bid"": ""-1122000"", ""buy_4th_pre_req"": ""16"", ""buy_4th_pre_req_pre"": ""0"", ""buy_5th_pre_bid"": ""-1120000"", ""buy_5th_pre_req"": ""19"", ""buy_5th_pre_req_pre"": ""0"", ""buy_6th_pre_bid"": ""-1119000"", ""buy_6th_pre_req"": ""5"", ""buy_6th_pre_req_pre"": ""0"", ""buy_7th_pre_bid"": ""-1118000"", ""buy_7th_pre_req"": ""13"", ""buy_7th_pre_req_pre"": ""0"", ""buy_8th_pre_bid"": ""-1117000"", ""buy_8th_pre_req"": ""117"", ""buy_8th_pre_req_pre"": ""0"", ""buy_9th_pre_bid"": ""-1116000"", ""buy_9th_pre_req"": ""55"", ""buy_9th_pre_req_pre"": ""0"", ""buy_10th_pre_bid"": ""-1115000"", ""buy_10th_pre_req"": ""40"", ""buy_10th_pre_req_pre"": ""0"", ""tot_sel_req_jub_pre"": ""0"", ""tot_sel_req"": ""385"", ""tot_buy_req"": ""751"", ""tot_buy_req_jub_pre"": ""+15"", ""ovt_sel_req_pre"": ""0"", ""ovt_sel_req"": ""0"", ""ovt_buy_req"": ""0"", ""ovt_buy_req_pre"": ""0"", ""return_code"": 0, ""return_msg"": ""정상적으로 처리되었습니다""}"
2026-06-10,scan_candidate,042700,,0,main_scan,280500,,280500,280000,280500,280500,-0.17825311942959002,0.17825311942959002,,,,,,"{""bid_req_base_tm"": ""112858"", ""sel_10th_pre_req_pre"": ""0"", ""sel_10th_pre_req"": ""528"", ""sel_10th_pre_bid"": ""+285000"", ""sel_9th_pre_req_pre"": ""0"", ""sel_9th_pre_req"": ""260"", ""sel_9th_pre_bid"": ""+284500"", ""sel_8th_pre_req_pre"": ""0"", ""sel_8th_pre_req"": ""452"", ""sel_8th_pre_bid"": ""+284000"", ""sel_7th_pre_req_pre"": ""0"", ""sel_7th_pre_req"": ""110"", ""sel_7th_pre_bid"": ""+283500"", ""sel_6th_pre_req_pre"": ""0"", ""sel_6th_pre_req"": ""232"", ""sel_6th_pre_bid"": ""+283000"", ""sel_5th_pre_req_pre"": ""0"", ""sel_5th_pre_req"": ""99"", ""sel_5th_pre_bid"": ""+282500"", ""sel_4th_pre_req_pre"": ""0"", ""sel_4th_pre_req"": ""191"", ""sel_4th_pre_bid"": ""+282000"", ""sel_3th_pre_req_pre"": ""0"", ""sel_3th_pre_req"": ""350"", ""sel_3th_pre_bid"": ""+281500"", ""sel_2th_pre_req_pre"": ""0"", ""sel_2th_pre_req"": ""688"", ""sel_2th_pre_bid"": ""+281000"", ""sel_1th_pre_req_pre"": ""0"", ""sel_fpr_req"": ""1290"", ""sel_fpr_bid"": ""+280500"", ""buy_fpr_bid"": ""+280000"", ""buy_fpr_req"": ""260"", ""buy_1th_pre_req_pre"": ""+14"", ""buy_2th_pre_bid"": ""+279500"", ""buy_2th_pre_req"": ""178"", ""buy_2th_pre_req_pre"": ""0"", ""buy_3th_pre_bid"": ""+279000"", ""buy_3th_pre_req"": ""106"", ""buy_3th_pre_req_pre"": ""0"", ""buy_4th_pre_bid"": ""+278500"", ""buy_4th_pre_req"": ""386"", ""buy_4th_pre_req_pre"": ""0"", ""buy_5th_pre_bid"": ""+278000"", ""buy_5th_pre_req"": ""866"", ""buy_5th_pre_req_pre"": ""0"", ""buy_6th_pre_bid"": ""+277500"", ""buy_6th_pre_req"": ""390"", ""buy_6th_pre_req_pre"": ""0"", ""buy_7th_pre_bid"": ""+277000"", ""buy_7th_pre_req"": ""826"", ""buy_7th_pre_req_pre"": ""0"", ""buy_8th_pre_bid"": ""276500"", ""buy_8th_pre_req"": ""831"", ""buy_8th_pre_req_pre"": ""0"", ""buy_9th_pre_bid"": ""-276000"", ""buy_9th_pre_req"": ""461"", ""buy_9th_pre_req_pre"": ""0"", ""buy_10th_pre_bid"": ""-275500"", ""buy_10th_pre_req"": ""233"", ""buy_10th_pre_req_pre"": ""0"", ""tot_sel_req_jub_pre"": ""0"", ""tot_sel_req"": ""4200"", ""tot_buy_req"": ""4537"", ""tot_buy_req_jub_pre"": ""+14"", ""ovt_sel_req_pre"": ""0"", ""ovt_sel_req"": ""0"", ""ovt_buy_req"": ""0"", ""ovt_buy_req_pre"": ""0"", ""return_code"": 0, ""return_msg"": ""정상적으로 처리되었습니다""}"
2026-06-10,scan_candidate,017670,,0,main_scan,106300,,106300,106200,106300,106500,-0.28222013170272814,0.09407337723424271,,,,,,"{""bid_req_base_tm"": ""112859"", ""sel_10th_pre_req_pre"": ""0"", ""sel_10th_pre_req"": ""31"", ""sel_10th_pre_bid"": ""-107200"", ""sel_9th_pre_req_pre"": ""0"", ""sel_9th_pre_req"": ""16"", ""sel_9th_pre_bid"": ""-107100"", ""sel_8th_pre_req_pre"": ""0"", ""sel_8th_pre_req"": ""81"", ""sel_8th_pre_bid"": ""-107000"", ""sel_7th_pre_req_pre"": ""0"", ""sel_7th_pre_req"": ""4"", ""sel_7th_pre_bid"": ""-106900"", ""sel_6th_pre_req_pre"": ""0"", ""sel_6th_pre_req"": ""32"", ""sel_6th_pre_bid"": ""-106800"", ""sel_5th_pre_req_pre"": ""0"", ""sel_5th_pre_req"": ""101"", ""sel_5th_pre_bid"": ""-106700"", ""sel_4th_pre_req_pre"": ""0"", ""sel_4th_pre_req"": ""31"", ""sel_4th_pre_bid"": ""-106600"", ""sel_3th_pre_req_pre"": ""0"", ""sel_3th_pre_req"": ""3"", ""sel_3th_pre_bid"": ""-106500"", ""sel_2th_pre_req_pre"": ""0"", ""sel_2th_pre_req"": ""644"", ""sel_2th_pre_bid"": ""-106400"", ""sel_1th_pre_req_pre"": ""+453"", ""sel_fpr_req"": ""485"", ""sel_fpr_bid"": ""-106300"", ""buy_fpr_bid"": ""-106200"", ""buy_fpr_req"": ""487"", ""buy_1th_pre_req_pre"": ""0"", ""buy_2th_pre_bid"": ""-106100"", ""buy_2th_pre_req"": ""492"", ""buy_2th_pre_req_pre"": ""0"", ""buy_3th_pre_bid"": ""-106000"", ""buy_3th_pre_req"": ""392"", ""buy_3th_pre_req_pre"": ""0"", ""buy_4th_pre_bid"": ""-105900"", ""buy_4th_pre_req"": ""275"", ""buy_4th_pre_req_pre"": ""0"", ""buy_5th_pre_bid"": ""-105800"", ""buy_5th_pre_req"": ""699"", ""buy_5th_pre_req_pre"": ""0"", ""buy_6th_pre_bid"": ""-105700"", ""buy_6th_pre_req"": ""770"", ""buy_6th_pre_req_pre"": ""0"", ""buy_7th_pre_bid"": ""-105600"", ""buy_7th_pre_req"": ""1058"", ""buy_7th_pre_req_pre"": ""0"", ""buy_8th_pre_bid"": ""-105500"", ""buy_8th_pre_req"": ""2693"", ""buy_8th_pre_req_pre"": ""0"", ""buy_9th_pre_bid"": ""-105400"", ""buy_9th_pre_req"": ""647"", ""buy_9th_pre_req_pre"": ""0"", ""buy_10th_pre_bid"": ""-105300"", ""buy_10th_pre_req"": ""348"", ""buy_10th_pre_req_pre"": ""0"", ""tot_sel_req_jub_pre"": ""+453"", ""tot_sel_req"": ""1428"", ""tot_buy_req"": ""7861"", ""tot_buy_req_jub_pre"": ""0"", ""ovt_sel_req_pre"": ""0"", ""ovt_sel_req"": ""0"", ""ovt_buy_req"": ""0"", ""ovt_buy_req_pre"": ""0"", ""return_code"": 0, ""return_msg"": ""정상적으로 처리되었습니다""}"
2026-06-10,scan_candidate,018260,,0,main_scan,231500,,231500,231000,231500,233000,0.4319654427645789,0.21598272138228944,,,,,,"{""bid_req_base_tm"": ""112900"", ""sel_10th_pre_req_pre"": ""0"", ""sel_10th_pre_req"": ""121"", ""sel_10th_pre_bid"": ""-236000"", ""sel_9th_pre_req_pre"": ""0"", ""sel_9th_pre_req"": ""222"", ""sel_9th_pre_bid"": ""-235500"", ""sel_8th_pre_req_pre"": ""0"", ""sel_8th_pre_req"": ""335"", ""sel_8th_pre_bid"": ""-235000"", ""sel_7th_pre_req_pre"": ""0"", ""sel_7th_pre_req"": ""151"", ""sel_7th_pre_bid"": ""-234500"", ""sel_6th_pre_req_pre"": ""0"", ""sel_6th_pre_req"": ""178"", ""sel_6th_pre_bid"": ""-234000"", ""sel_5th_pre_req_pre"": ""0"", ""sel_5th_pre_req"": ""78"", ""sel_5th_pre_bid"": ""-233500"", ""sel_4th_pre_req_pre"": ""0"", ""sel_4th_pre_req"": ""276"", ""sel_4th_pre_bid"": ""-233000"", ""sel_3th_pre_req_pre"": ""0"", ""sel_3th_pre_req"": ""312"", ""sel_3th_pre_bid"": ""-232500"", ""sel_2th_pre_req_pre"": ""0"", ""sel_2th_pre_req"": ""231"", ""sel_2th_pre_bid"": ""-232000"", ""sel_1th_pre_req_pre"": ""0"", ""sel_fpr_req"": ""274"", ""sel_fpr_bid"": ""-231500"", ""buy_fpr_bid"": ""-231000"", ""buy_fpr_req"": ""114"", ""buy_1th_pre_req_pre"": ""0"", ""buy_2th_pre_bid"": ""-230500"", ""buy_2th_pre_req"": ""3705"", ""buy_2th_pre_req_pre"": ""0"", ""buy_3th_pre_bid"": ""-230000"", ""buy_3th_pre_req"": ""5593"", ""buy_3th_pre_req_pre"": ""0"", ""buy_4th_pre_bid"": ""-229500"", ""buy_4th_pre_req"": ""3692"", ""buy_4th_pre_req_pre"": ""0"", ""buy_5th_pre_bid"": ""-229000"", ""buy_5th_pre_req"": ""1433"", ""buy_5th_pre_req_pre"": ""0"", ""buy_6th_pre_bid"": ""-228500"", ""buy_6th_pre_req"": ""725"", ""buy_6th_pre_req_pre"": ""0"", ""buy_7th_pre_bid"": ""-228000"", ""buy_7th_pre_req"": ""2135"", ""buy_7th_pre_req_pre"": ""0"", ""buy_8th_pre_bid"": ""-227500"", ""buy_8th_pre_req"": ""1815"", ""buy_8th_pre_req_pre"": ""0"", ""buy_9th_pre_bid"": ""-227000"", ""buy_9th_pre_req"": ""2022"", ""buy_9th_pre_req_pre"": ""0"", ""buy_10th_pre_bid"": ""-226500"", ""buy_10th_pre_req"": ""546"", ""buy_10th_pre_req_pre"": ""0"", ""tot_sel_req_jub_pre"": ""0"", ""tot_sel_req"": ""2178"", ""tot_buy_req"": ""21780"", ""tot_buy_req_jub_pre"": ""0"", ""ovt_sel_req_pre"": ""0"", ""ovt_sel_req"": ""0"", ""ovt_buy_req"": ""0"", ""ovt_buy_req_pre"": ""0"", ""return_code"": 0, ""return_msg"": ""정상적으로 처리되었습니다""}"
2026-06-10,scan_candidate,033780,,0,main_scan,184100,,184100,184000,184100,183500,-0.5975013579576317,0.05431830526887561,,,,,,"{""bid_req_base_tm"": ""112859"", ""sel_10th_pre_req_pre"": ""0"", ""sel_10th_pre_req"": ""1176"", ""sel_10th_pre_bid"": ""+185000"", ""sel_9th_pre_req_pre"": ""0"", ""sel_9th_pre_req"": ""56"", ""sel_9th_pre_bid"": ""+184900"", ""sel_8th_pre_req_pre"": ""0"", ""sel_8th_pre_req"": ""79"", ""sel_8th_pre_bid"": ""+184800"", ""sel_7th_pre_req_pre"": ""0"", ""sel_7th_pre_req"": ""227"", ""sel_7th_pre_bid"": ""+184700"", ""sel_6th_pre_req_pre"": ""0"", ""sel_6th_pre_req"": ""84"", ""sel_6th_pre_bid"": ""+184600"", ""sel_5th_pre_req_pre"": ""0"", ""sel_5th_pre_req"": ""158"", ""sel_5th_pre_bid"": ""+184500"", ""sel_4th_pre_req_pre"": ""0"", ""sel_4th_pre_req"": ""29"", ""sel_4th_pre_bid"": ""+184400"", ""sel_3th_pre_req_pre"": ""0"", ""sel_3th_pre_req"": ""167"", ""sel_3th_pre_bid"": ""184300"", ""sel_2th_pre_req_pre"": ""0"", ""sel_2th_pre_req"": ""270"", ""sel_2th_pre_bid"": ""-184200"", ""sel_1th_pre_req_pre"": ""0"", ""sel_fpr_req"": ""2039"", ""sel_fpr_bid"": ""-184100"", ""buy_fpr_bid"": ""-184000"", ""buy_fpr_req"": ""89"", ""buy_1th_pre_req_pre"": ""+8"", ""buy_2th_pre_bid"": ""-183900"", ""buy_2th_pre_req"": ""55"", ""buy_2th_pre_req_pre"": ""0"", ""buy_3th_pre_bid"": ""-183800"", ""buy_3th_pre_req"": ""3"", ""buy_3th_pre_req_pre"": ""0"", ""buy_4th_pre_bid"": ""-183700"", ""buy_4th_pre_req"": ""5"", ""buy_4th_pre_req_pre"": ""0"", ""buy_5th_pre_bid"": ""-183600"", ""buy_5th_pre_req"": ""12"", ""buy_5th_pre_req_pre"": ""0"", ""buy_6th_pre_bid"": ""-183500"", ""buy_6th_pre_req"": ""20"", ""buy_6th_pre_req_pre"": ""0"", ""buy_7th_pre_bid"": ""-183400"", ""buy_7th_pre_req"": ""11"", ""buy_7th_pre_req_pre"": ""0"", ""buy_8th_pre_bid"": ""-183300"", ""buy_8th_pre_req"": ""112"", ""buy_8th_pre_req_pre"": ""0"", ""buy_9th_pre_bid"": ""-183200"", ""buy_9th_pre_req"": ""12"", ""buy_9th_pre_req_pre"": ""0"", ""buy_10th_pre_bid"": ""-183100"", ""buy_10th_pre_req"": ""69"", ""buy_10th_pre_req_pre"": ""0"", ""tot_sel_req_jub_pre"": ""0"", ""tot_sel_req"": ""4285"", ""tot_buy_req"": ""388"", ""tot_buy_req_jub_pre"": ""+8"", ""ovt_sel_req_pre"": ""0"", ""ovt_sel_req"": ""0"", ""ovt_buy_req"": ""0"", ""ovt_buy_req_pre"": ""0"", ""return_code"": 0, ""return_msg"": ""정상적으로 처리되었습니다""}"
2026-06-10,scan_candidate,307950,,0,main_scan,693000,,693000,692000,693000,693000,-0.1443001443001443,0.1443001443001443,,,,,,"{""bid_req_base_tm"": ""112900"", ""sel_10th_pre_req_pre"": ""0"", ""sel_10th_pre_req"": ""11"", ""sel_10th_pre_bid"": ""+702000"", ""sel_9th_pre_req_pre"": ""0"", ""sel_9th_pre_req"": ""15"", ""sel_9th_pre_bid"": ""+701000"", ""sel_8th_pre_req_pre"": ""0"", ""sel_8th_pre_req"": ""33"", ""sel_8th_pre_bid"": ""+700000"", ""sel_7th_pre_req_pre"": ""0"", ""sel_7th_pre_req"": ""33"", ""sel_7th_pre_bid"": ""+699000"", ""sel_6th_pre_req_pre"": ""0"", ""sel_6th_pre_req"": ""46"", ""sel_6th_pre_bid"": ""+698000"", ""sel_5th_pre_req_pre"": ""0"", ""sel_5th_pre_req"": ""97"", ""sel_5th_pre_bid"": ""+697000"", ""sel_4th_pre_req_pre"": ""0"", ""sel_4th_pre_req"": ""26"", ""sel_4th_pre_bid"": ""+696000"", ""sel_3th_pre_req_pre"": ""0"", ""sel_3th_pre_req"": ""16"", ""sel_3th_pre_bid"": ""+695000"", ""sel_2th_pre_req_pre"": ""0"", ""sel_2th_pre_req"": ""11"", ""sel_2th_pre_bid"": ""+694000"", ""sel_1th_pre_req_pre"": ""0"", ""sel_fpr_req"": ""25"", ""sel_fpr_bid"": ""+693000"", ""buy_fpr_bid"": ""+692000"", ""buy_fpr_req"": ""18"", ""buy_1th_pre_req_pre"": ""+1"", ""buy_2th_pre_bid"": ""+691000"", ""buy_2th_pre_req"": ""9"", ""buy_2th_pre_req_pre"": ""0"", ""buy_3th_pre_bid"": ""+690000"", ""buy_3th_pre_req"": ""23"", ""buy_3th_pre_req_pre"": ""0"", ""buy_4th_pre_bid"": ""+689000"", ""buy_4th_pre_req"": ""16"", ""buy_4th_pre_req_pre"": ""0"", ""buy_5th_pre_bid"": ""+688000"", ""buy_5th_pre_req"": ""36"", ""buy_5th_pre_req_pre"": ""0"", ""buy_6th_pre_bid"": ""687000"", ""buy_6th_pre_req"": ""138"", ""buy_6th_pre_req_pre"": ""0"", ""buy_7th_pre_bid"": ""-686000"", ""buy_7th_pre_req"": ""29"", ""buy_7th_pre_req_pre"": ""0"", ""buy_8th_pre_bid"": ""-685000"", ""buy_8th_pre_req"": ""61"", ""buy_8th_pre_req_pre"": ""0"", ""buy_9th_pre_bid"": ""-684000"", ""buy_9th_pre_req"": ""54"", ""buy_9th_pre_req_pre"": ""0"", ""buy_10th_pre_bid"": ""-683000"", ""buy_10th_pre_req"": ""186"", ""buy_10th_pre_req_pre"": ""0"", ""tot_sel_req_jub_pre"": ""0"", ""tot_sel_req"": ""313"", ""tot_buy_req"": ""570"", ""tot_buy_req_jub_pre"": ""+1"", ""ovt_sel_req_pre"": ""0"", ""ovt_sel_req"": ""0"", ""ovt_buy_req"": ""0"", ""ovt_buy_req_pre"": ""0"", ""return_code"": 0, ""return_msg"": ""정상적으로 처리되었습니다""}"
2026-06-10,scan_candidate,138040,,0,main_scan,109400,,109400,109300,109400,109000,-0.8226691042047531,0.09140767824497258,,,,,,"{""bid_req_base_tm"": ""112856"", ""sel_10th_pre_req_pre"": ""0"", ""sel_10th_pre_req"": ""1589"", ""sel_10th_pre_bid"": ""+110300"", ""sel_9th_pre_req_pre"": ""0"", ""sel_9th_pre_req"": ""576"", ""sel_9th_pre_bid"": ""+110200"", ""sel_8th_pre_req_pre"": ""0"", ""sel_8th_pre_req"": ""5084"", ""sel_8th_pre_bid"": ""+110100"", ""sel_7th_pre_req_pre"": ""0"", ""sel_7th_pre_req"": ""1030"", ""sel_7th_pre_bid"": ""+110000"", ""sel_6th_pre_req_pre"": ""0"", ""sel_6th_pre_req"": ""842"", ""sel_6th_pre_bid"": ""+109900"", ""sel_5th_pre_req_pre"": ""0"", ""sel_5th_pre_req"": ""558"", ""sel_5th_pre_bid"": ""+109800"", ""sel_4th_pre_req_pre"": ""0"", ""sel_4th_pre_req"": ""124"", ""sel_4th_pre_bid"": ""+109700"", ""sel_3th_pre_req_pre"": ""0"", ""sel_3th_pre_req"": ""220"", ""sel_3th_pre_bid"": ""+109600"", ""sel_2th_pre_req_pre"": ""+1"", ""sel_2th_pre_req"": ""103"", ""sel_2th_pre_bid"": ""+109500"", ""sel_1th_pre_req_pre"": ""0"", ""sel_fpr_req"": ""49"", ""sel_fpr_bid"": ""+109400"", ""buy_fpr_bid"": ""+109300"", ""buy_fpr_req"": ""178"", ""buy_1th_pre_req_pre"": ""0"", ""buy_2th_pre_bid"": ""+109200"", ""buy_2th_pre_req"": ""184"", ""buy_2th_pre_req_pre"": ""0"", ""buy_3th_pre_bid"": ""109100"", ""buy_3th_pre_req"": ""344"", ""buy_3th_pre_req_pre"": ""0"", ""buy_4th_pre_bid"": ""-109000"", ""buy_4th_pre_req"": ""3"", ""buy_4th_pre_req_pre"": ""0"", ""buy_5th_pre_bid"": ""-108900"", ""buy_5th_pre_req"": ""13"", ""buy_5th_pre_req_pre"": ""0"", ""buy_6th_pre_bid"": ""-108800"", ""buy_6th_pre_req"": ""20"", ""buy_6th_pre_req_pre"": ""0"", ""buy_7th_pre_bid"": ""-108700"", ""buy_7th_pre_req"": ""54"", ""buy_7th_pre_req_pre"": ""0"", ""buy_8th_pre_bid"": ""-108600"", ""buy_8th_pre_req"": ""276"", ""buy_8th_pre_req_pre"": ""0"", ""buy_9th_pre_bid"": ""-108500"", ""buy_9th_pre_req"": ""296"", ""buy_9th_pre_req_pre"": ""0"", ""buy_10th_pre_bid"": ""-108400"", ""buy_10th_pre_req"": ""23"", ""buy_10th_pre_req_pre"": ""0"", ""tot_sel_req_jub_pre"": ""+1"", ""tot_sel_req"": ""10175"", ""tot_buy_req"": ""1391"", ""tot_buy_req_jub_pre"": ""0"", ""ovt_sel_req_pre"": ""0"", ""ovt_sel_req"": ""0"", ""ovt_buy_req"": ""0"", ""ovt_buy_req_pre"": ""0"", ""return_code"": 0, ""return_msg"": ""정상적으로 처리되었습니다""}"
2026-06-10,scan_candidate,003550,,0,main_scan,109300,,109300,109200,109300,109000,-0.7319304666056725,0.09149130832570906,,,,,,"{""bid_req_base_tm"": ""112900"", ""sel_10th_pre_req_pre"": ""0"", ""sel_10th_pre_req"": ""2"", ""sel_10th_pre_bid"": ""-110300"", ""sel_9th_pre_req_pre"": ""0"", ""sel_9th_pre_req"": ""55"", ""sel_9th_pre_bid"": ""-110200"", ""sel_8th_pre_req_pre"": ""0"", ""sel_8th_pre_req"": ""2"", ""sel_8th_pre_bid"": ""-110100"", ""sel_7th_pre_req_pre"": ""0"", ""sel_7th_pre_req"": ""183"", ""sel_7th_pre_bid"": ""-110000"", ""sel_6th_pre_req_pre"": ""0"", ""sel_6th_pre_req"": ""17"", ""sel_6th_pre_bid"": ""-109900"", ""sel_5th_pre_req_pre"": ""0"", ""sel_5th_pre_req"": ""9"", ""sel_5th_pre_bid"": ""-109700"", ""sel_4th_pre_req_pre"": ""0"", ""sel_4th_pre_req"": ""2"", ""sel_4th_pre_bid"": ""-109600"", ""sel_3th_pre_req_pre"": ""0"", ""sel_3th_pre_req"": ""116"", ""sel_3th_pre_bid"": ""-109500"", ""sel_2th_pre_req_pre"": ""0"", ""sel_2th_pre_req"": ""81"", ""sel_2th_pre_bid"": ""-109400"", ""sel_1th_pre_req_pre"": ""0"", ""sel_fpr_req"": ""178"", ""sel_fpr_bid"": ""-109300"", ""buy_fpr_bid"": ""-109200"", ""buy_fpr_req"": ""70"", ""buy_1th_pre_req_pre"": ""0"", ""buy_2th_pre_bid"": ""-109100"", ""buy_2th_pre_req"": ""25"", ""buy_2th_pre_req_pre"": ""0"", ""buy_3th_pre_bid"": ""-109000"", ""buy_3th_pre_req"": ""1"", ""buy_3th_pre_req_pre"": ""0"", ""buy_4th_pre_bid"": ""-108900"", ""buy_4th_pre_req"": ""481"", ""buy_4th_pre_req_pre"": ""0"", ""buy_5th_pre_bid"": ""-108800"", ""buy_5th_pre_req"": ""1"", ""buy_5th_pre_req_pre"": ""0"", ""buy_6th_pre_bid"": ""-108700"", ""buy_6th_pre_req"": ""45"", ""buy_6th_pre_req_pre"": ""0"", ""buy_7th_pre_bid"": ""-108600"", ""buy_7th_pre_req"": ""46"", ""buy_7th_pre_req_pre"": ""0"", ""buy_8th_pre_bid"": ""-108500"", ""buy_8th_pre_req"": ""95"", ""buy_8th_pre_req_pre"": ""0"", ""buy_9th_pre_bid"": ""-108400"", ""buy_9th_pre_req"": ""267"", ""buy_9th_pre_req_pre"": ""+200"", ""buy_10th_pre_bid"": ""-108300"", ""buy_10th_pre_req"": ""128"", ""buy_10th_pre_req_pre"": ""0"", ""tot_sel_req_jub_pre"": ""0"", ""tot_sel_req"": ""645"", ""tot_buy_req"": ""1159"", ""tot_buy_req_jub_pre"": ""+200"", ""ovt_sel_req_pre"": ""0"", ""ovt_sel_req"": ""0"", ""ovt_buy_req"": ""0"", ""ovt_buy_req_pre"": ""0"", ""return_code"": 0, ""return_msg"": ""정상적으로 처리되었습니다""}"
2026-06-10,scan_candidate,024110,,0,main_scan,21050,,21050,21000,21050,20850,-1.187648456057007,0.23752969121140144,,,,,,"{""bid_req_base_tm"": ""112901"", ""sel_10th_pre_req_pre"": ""0"", ""sel_10th_pre_req"": ""47185"", ""sel_10th_pre_bid"": ""+21500"", ""sel_9th_pre_req_pre"": ""0"", ""sel_9th_pre_req"": ""4855"", ""sel_9th_pre_bid"": ""+21450"", ""sel_8th_pre_req_pre"": ""0"", ""sel_8th_pre_req"": ""11060"", ""sel_8th_pre_bid"": ""+21400"", ""sel_7th_pre_req_pre"": ""0"", ""sel_7th_pre_req"": ""5271"", ""sel_7th_pre_bid"": ""+21350"", ""sel_6th_pre_req_pre"": ""0"", ""sel_6th_pre_req"": ""12237"", ""sel_6th_pre_bid"": ""+21300"", ""sel_5th_pre_req_pre"": ""0"", ""sel_5th_pre_req"": ""9802"", ""sel_5th_pre_bid"": ""+21250"", ""sel_4th_pre_req_pre"": ""0"", ""sel_4th_pre_req"": ""19937"", ""sel_4th_pre_bid"": ""+21200"", ""sel_3th_pre_req_pre"": ""0"", ""sel_3th_pre_req"": ""22686"", ""sel_3th_pre_bid"": ""+21150"", ""sel_2th_pre_req_pre"": ""0"", ""sel_2th_pre_req"": ""16018"", ""sel_2th_pre_bid"": ""+21100"", ""sel_1th_pre_req_pre"": ""0"", ""sel_fpr_req"": ""4527"", ""sel_fpr_bid"": ""+21050"", ""buy_fpr_bid"": ""+21000"", ""buy_fpr_req"": ""4761"", ""buy_1th_pre_req_pre"": ""+105"", ""buy_2th_pre_bid"": ""+20950"", ""buy_2th_pre_req"": ""3783"", ""buy_2th_pre_req_pre"": ""0"", ""buy_3th_pre_bid"": ""+20900"", ""buy_3th_pre_req"": ""2992"", ""buy_3th_pre_req_pre"": ""0"", ""buy_4th_pre_bid"": ""+20850"", ""buy_4th_pre_req"": ""3116"", ""buy_4th_pre_req_pre"": ""0"", ""buy_5th_pre_bid"": ""+20800"", ""buy_5th_pre_req"": ""2195"", ""buy_5th_pre_req_pre"": ""0"", ""buy_6th_pre_bid"": ""+20750"", ""buy_6th_pre_req"": ""1835"", ""buy_6th_pre_req_pre"": ""0"", ""buy_7th_pre_bid"": ""+20700"", ""buy_7th_pre_req"": ""2938"", ""buy_7th_pre_req_pre"": ""0"", ""buy_8th_pre_bid"": ""+20650"", ""buy_8th_pre_req"": ""2592"", ""buy_8th_pre_req_pre"": ""0"", ""buy_9th_pre_bid"": ""+20600"", ""buy_9th_pre_req"": ""3883"", ""buy_9th_pre_req_pre"": ""0"", ""buy_10th_pre_bid"": ""20550"", ""buy_10th_pre_req"": ""2194"", ""buy_10th_pre_req_pre"": ""0"", ""tot_sel_req_jub_pre"": ""0"", ""tot_sel_req"": ""153578"", ""tot_buy_req"": ""30289"", ""tot_buy_req_jub_pre"": ""+105"", ""ovt_sel_req_pre"": ""0"", ""ovt_sel_req"": ""0"", ""ovt_buy_req"": ""0"", ""ovt_buy_req_pre"": ""0"", ""return_code"": 0, ""return_msg"": ""정상적으로 처리되었습니다""}"
2026-06-10,scan_candidate,079550,,0,main_scan,768000,,768000,766000,768000,766000,-0.390625,0.26041666666666663,,,,,,"{""bid_req_base_tm"": ""112901"", ""sel_10th_pre_req_pre"": ""0"", ""sel_10th_pre_req"": ""41"", ""sel_10th_pre_bid"": ""+778000"", ""sel_9th_pre_req_pre"": ""0"", ""sel_9th_pre_req"": ""77"", ""sel_9th_pre_bid"": ""+777000"", ""sel_8th_pre_req_pre"": ""0"", ""sel_8th_pre_req"": ""1"", ""sel_8th_pre_bid"": ""+776000"", ""sel_7th_pre_req_pre"": ""0"", ""sel_7th_pre_req"": ""139"", ""sel_7th_pre_bid"": ""+775000"", ""sel_6th_pre_req_pre"": ""0"", ""sel_6th_pre_req"": ""55"", ""sel_6th_pre_bid"": ""+774000"", ""sel_5th_pre_req_pre"": ""0"", ""sel_5th_pre_req"": ""290"", ""sel_5th_pre_bid"": ""+773000"", ""sel_4th_pre_req_pre"": ""0"", ""sel_4th_pre_req"": ""3"", ""sel_4th_pre_bid"": ""+772000"", ""sel_3th_pre_req_pre"": ""0"", ""sel_3th_pre_req"": ""390"", ""sel_3th_pre_bid"": ""+770000"", ""sel_2th_pre_req_pre"": ""0"", ""sel_2th_pre_req"": ""85"", ""sel_2th_pre_bid"": ""+769000"", ""sel_1th_pre_req_pre"": ""--5"", ""sel_fpr_req"": ""3"", ""sel_fpr_bid"": ""+768000"", ""buy_fpr_bid"": ""+766000"", ""buy_fpr_req"": ""59"", ""buy_1th_pre_req_pre"": ""0"", ""buy_2th_pre_bid"": ""+765000"", ""buy_2th_pre_req"": ""160"", ""buy_2th_pre_req_pre"": ""0"", ""buy_3th_pre_bid"": ""+764000"", ""buy_3th_pre_req"": ""247"", ""buy_3th_pre_req_pre"": ""0"", ""buy_4th_pre_bid"": ""+763000"", ""buy_4th_pre_req"": ""42"", ""buy_4th_pre_req_pre"": ""0"", ""buy_5th_pre_bid"": ""+762000"", ""buy_5th_pre_req"": ""76"", ""buy_5th_pre_req_pre"": ""0"", ""buy_6th_pre_bid"": ""+761000"", ""buy_6th_pre_req"": ""80"", ""buy_6th_pre_req_pre"": ""0"", ""buy_7th_pre_bid"": ""+760000"", ""buy_7th_pre_req"": ""103"", ""buy_7th_pre_req_pre"": ""0"", ""buy_8th_pre_bid"": ""+759000"", ""buy_8th_pre_req"": ""12"", ""buy_8th_pre_req_pre"": ""0"", ""buy_9th_pre_bid"": ""+758000"", ""buy_9th_pre_req"": ""18"", ""buy_9th_pre_req_pre"": ""0"", ""buy_10th_pre_bid"": ""+757000"", ""buy_10th_pre_req"": ""74"", ""buy_10th_pre_req_pre"": ""0"", ""tot_sel_req_jub_pre"": ""--5"", ""tot_sel_req"": ""1084"", ""tot_buy_req"": ""871"", ""tot_buy_req_jub_pre"": ""0"", ""ovt_sel_req_pre"": ""0"", ""ovt_sel_req"": ""0"", ""ovt_buy_req"": ""0"", ""ovt_buy_req_pre"": ""0"", ""return_code"": 0, ""return_msg"": ""정상적으로 처리되었습니다""}"
2026-06-10,scan_candidate,278470,,0,main_scan,416500,,416500,416000,416500,417000,0.0,0.12004801920768307,,,,,,"{""bid_req_base_tm"": ""112901"", ""sel_10th_pre_req_pre"": ""0"", ""sel_10th_pre_req"": ""40"", ""sel_10th_pre_bid"": ""+421000"", ""sel_9th_pre_req_pre"": ""0"", ""sel_9th_pre_req"": ""51"", ""sel_9th_pre_bid"": ""+420500"", ""sel_8th_pre_req_pre"": ""0"", ""sel_8th_pre_req"": ""369"", ""sel_8th_pre_bid"": ""+420000"", ""sel_7th_pre_req_pre"": ""0"", ""sel_7th_pre_req"": ""81"", ""sel_7th_pre_bid"": ""+419500"", ""sel_6th_pre_req_pre"": ""0"", ""sel_6th_pre_req"": ""79"", ""sel_6th_pre_bid"": ""+419000"", ""sel_5th_pre_req_pre"": ""0"", ""sel_5th_pre_req"": ""19"", ""sel_5th_pre_bid"": ""+418500"", ""sel_4th_pre_req_pre"": ""0"", ""sel_4th_pre_req"": ""122"", ""sel_4th_pre_bid"": ""+418000"", ""sel_3th_pre_req_pre"": ""0"", ""sel_3th_pre_req"": ""54"", ""sel_3th_pre_bid"": ""+417500"", ""sel_2th_pre_req_pre"": ""0"", ""sel_2th_pre_req"": ""39"", ""sel_2th_pre_bid"": ""+417000"", ""sel_1th_pre_req_pre"": ""0"", ""sel_fpr_req"": ""46"", ""sel_fpr_bid"": ""+416500"", ""buy_fpr_bid"": ""+416000"", ""buy_fpr_req"": ""6"", ""buy_1th_pre_req_pre"": ""--1"", ""buy_2th_pre_bid"": ""+415500"", ""buy_2th_pre_req"": ""108"", ""buy_2th_pre_req_pre"": ""0"", ""buy_3th_pre_bid"": ""+415000"", ""buy_3th_pre_req"": ""296"", ""buy_3th_pre_req_pre"": ""0"", ""buy_4th_pre_bid"": ""+414500"", ""buy_4th_pre_req"": ""261"", ""buy_4th_pre_req_pre"": ""0"", ""buy_5th_pre_bid"": ""+414000"", ""buy_5th_pre_req"": ""37"", ""buy_5th_pre_req_pre"": ""0"", ""buy_6th_pre_bid"": ""+413500"", ""buy_6th_pre_req"": ""182"", ""buy_6th_pre_req_pre"": ""0"", ""buy_7th_pre_bid"": ""+413000"", ""buy_7th_pre_req"": ""357"", ""buy_7th_pre_req_pre"": ""0"", ""buy_8th_pre_bid"": ""+412500"", ""buy_8th_pre_req"": ""21"", ""buy_8th_pre_req_pre"": ""0"", ""buy_9th_pre_bid"": ""+412000"", ""buy_9th_pre_req"": ""281"", ""buy_9th_pre_req_pre"": ""0"", ""buy_10th_pre_bid"": ""+411500"", ""buy_10th_pre_req"": ""66"", ""buy_10th_pre_req_pre"": ""0"", ""tot_sel_req_jub_pre"": ""0"", ""tot_sel_req"": ""900"", ""tot_buy_req"": ""1615"", ""tot_buy_req_jub_pre"": ""--1"", ""ovt_sel_req_pre"": ""0"", ""ovt_sel_req"": ""0"", ""ovt_buy_req"": ""0"", ""ovt_buy_req_pre"": ""0"", ""return_code"": 0, ""return_msg"": ""정상적으로 처리되었습니다""}"
2026-06-10,scan_candidate,030200,,0,main_scan,54700,,54700,54600,54700,54700,-0.18281535648994515,0.18281535648994515,,,,,,"{""bid_req_base_tm"": ""112901"", ""sel_10th_pre_req_pre"": ""0"", ""sel_10th_pre_req"": ""715"", ""sel_10th_pre_bid"": ""+55600"", ""sel_9th_pre_req_pre"": ""0"", ""sel_9th_pre_req"": ""3250"", ""sel_9th_pre_bid"": ""+55500"", ""sel_8th_pre_req_pre"": ""0"", ""sel_8th_pre_req"": ""1359"", ""sel_8th_pre_bid"": ""+55400"", ""sel_7th_pre_req_pre"": ""0"", ""sel_7th_pre_req"": ""1999"", ""sel_7th_pre_bid"": ""+55300"", ""sel_6th_pre_req_pre"": ""0"", ""sel_6th_pre_req"": ""1141"", ""sel_6th_pre_bid"": ""+55200"", ""sel_5th_pre_req_pre"": ""0"", ""sel_5th_pre_req"": ""1230"", ""sel_5th_pre_bid"": ""+55100"", ""sel_4th_pre_req_pre"": ""0"", ""sel_4th_pre_req"": ""1728"", ""sel_4th_pre_bid"": ""+55000"", ""sel_3th_pre_req_pre"": ""0"", ""sel_3th_pre_req"": ""165"", ""sel_3th_pre_bid"": ""+54900"", ""sel_2th_pre_req_pre"": ""0"", ""sel_2th_pre_req"": ""6"", ""sel_2th_pre_bid"": ""+54800"", ""sel_1th_pre_req_pre"": ""+1"", ""sel_fpr_req"": ""60"", ""sel_fpr_bid"": ""+54700"", ""buy_fpr_bid"": ""+54600"", ""buy_fpr_req"": ""275"", ""buy_1th_pre_req_pre"": ""0"", ""buy_2th_pre_bid"": ""+54500"", ""buy_2th_pre_req"": ""1658"", ""buy_2th_pre_req_pre"": ""0"", ""buy_3th_pre_bid"": ""+54400"", ""buy_3th_pre_req"": ""450"", ""buy_3th_pre_req_pre"": ""0"", ""buy_4th_pre_bid"": ""+54300"", ""buy_4th_pre_req"": ""515"", ""buy_4th_pre_req_pre"": ""0"", ""buy_5th_pre_bid"": ""+54200"", ""buy_5th_pre_req"": ""1874"", ""buy_5th_pre_req_pre"": ""0"", ""buy_6th_pre_bid"": ""+54100"", ""buy_6th_pre_req"": ""672"", ""buy_6th_pre_req_pre"": ""0"", ""buy_7th_pre_bid"": ""+54000"", ""buy_7th_pre_req"": ""3529"", ""buy_7th_pre_req_pre"": ""0"", ""buy_8th_pre_bid"": ""+53900"", ""buy_8th_pre_req"": ""937"", ""buy_8th_pre_req_pre"": ""0"", ""buy_9th_pre_bid"": ""53800"", ""buy_9th_pre_req"": ""3144"", ""buy_9th_pre_req_pre"": ""0"", ""buy_10th_pre_bid"": ""-53700"", ""buy_10th_pre_req"": ""907"", ""buy_10th_pre_req_pre"": ""0"", ""tot_sel_req_jub_pre"": ""+1"", ""tot_sel_req"": ""11653"", ""tot_buy_req"": ""13961"", ""tot_buy_req_jub_pre"": ""0"", ""ovt_sel_req_pre"": ""0"", ""ovt_sel_req"": ""0"", ""ovt_buy_req"": ""0"", ""ovt_buy_req_pre"": ""0"", ""return_code"": 0, ""return_msg"": ""정상적으로 처리되었습니다""}"
2026-06-10,scan_candidate,010950,,0,main_scan,111900,,111900,111800,111900,111000,-1.2511170688114388,0.08936550491510277,,,,,,"{""bid_req_base_tm"": ""112900"", ""sel_10th_pre_req_pre"": ""0"", ""sel_10th_pre_req"": ""132"", ""sel_10th_pre_bid"": ""+112900"", ""sel_9th_pre_req_pre"": ""0"", ""sel_9th_pre_req"": ""1072"", ""sel_9th_pre_bid"": ""+112800"", ""sel_8th_pre_req_pre"": ""0"", ""sel_8th_pre_req"": ""28"", ""sel_8th_pre_bid"": ""+112700"", ""sel_7th_pre_req_pre"": ""0"", ""sel_7th_pre_req"": ""12"", ""sel_7th_pre_bid"": ""+112600"", ""sel_6th_pre_req_pre"": ""0"", ""sel_6th_pre_req"": ""377"", ""sel_6th_pre_bid"": ""+112500"", ""sel_5th_pre_req_pre"": ""0"", ""sel_5th_pre_req"": ""223"", ""sel_5th_pre_bid"": ""+112400"", ""sel_4th_pre_req_pre"": ""0"", ""sel_4th_pre_req"": ""101"", ""sel_4th_pre_bid"": ""+112300"", ""sel_3th_pre_req_pre"": ""0"", ""sel_3th_pre_req"": ""15"", ""sel_3th_pre_bid"": ""+112200"", ""sel_2th_pre_req_pre"": ""0"", ""sel_2th_pre_req"": ""21"", ""sel_2th_pre_bid"": ""+112000"", ""sel_1th_pre_req_pre"": ""0"", ""sel_fpr_req"": ""138"", ""sel_fpr_bid"": ""+111900"", ""buy_fpr_bid"": ""+111800"", ""buy_fpr_req"": ""63"", ""buy_1th_pre_req_pre"": ""--4"", ""buy_2th_pre_bid"": ""+111700"", ""buy_2th_pre_req"": ""203"", ""buy_2th_pre_req_pre"": ""0"", ""buy_3th_pre_bid"": ""+111600"", ""buy_3th_pre_req"": ""56"", ""buy_3th_pre_req_pre"": ""0"", ""buy_4th_pre_bid"": ""+111500"", ""buy_4th_pre_req"": ""11"", ""buy_4th_pre_req_pre"": ""0"", ""buy_5th_pre_bid"": ""+111400"", ""buy_5th_pre_req"": ""104"", ""buy_5th_pre_req_pre"": ""0"", ""buy_6th_pre_bid"": ""+111300"", ""buy_6th_pre_req"": ""23"", ""buy_6th_pre_req_pre"": ""0"", ""buy_7th_pre_bid"": ""+111100"", ""buy_7th_pre_req"": ""5"", ""buy_7th_pre_req_pre"": ""0"", ""buy_8th_pre_bid"": ""110900"", ""buy_8th_pre_req"": ""191"", ""buy_8th_pre_req_pre"": ""0"", ""buy_9th_pre_bid"": ""-110400"", ""buy_9th_pre_req"": ""2"", ""buy_9th_pre_req_pre"": ""0"", ""buy_10th_pre_bid"": ""-110200"", ""buy_10th_pre_req"": ""166"", ""buy_10th_pre_req_pre"": ""0"", ""tot_sel_req_jub_pre"": ""0"", ""tot_sel_req"": ""2119"", ""tot_buy_req"": ""824"", ""tot_buy_req_jub_pre"": ""--4"", ""ovt_sel_req_pre"": ""0"", ""ovt_sel_req"": ""0"", ""ovt_buy_req"": ""0"", ""ovt_buy_req_pre"": ""0"", ""return_code"": 0, ""return_msg"": ""정상적으로 처리되었습니다""}"
2026-06-10,scan_candidate,323410,,0,main_scan,24600,,24600,24550,24600,24400,-1.0162601626016259,0.20325203252032523,,,,,,"{""bid_req_base_tm"": ""112900"", ""sel_10th_pre_req_pre"": ""0"", ""sel_10th_pre_req"": ""2493"", ""sel_10th_pre_bid"": ""+25050"", ""sel_9th_pre_req_pre"": ""0"", ""sel_9th_pre_req"": ""15978"", ""sel_9th_pre_bid"": ""+25000"", ""sel_8th_pre_req_pre"": ""0"", ""sel_8th_pre_req"": ""11394"", ""sel_8th_pre_bid"": ""+24950"", ""sel_7th_pre_req_pre"": ""0"", ""sel_7th_pre_req"": ""6425"", ""sel_7th_pre_bid"": ""+24900"", ""sel_6th_pre_req_pre"": ""0"", ""sel_6th_pre_req"": ""8200"", ""sel_6th_pre_bid"": ""+24850"", ""sel_5th_pre_req_pre"": ""0"", ""sel_5th_pre_req"": ""14321"", ""sel_5th_pre_bid"": ""+24800"", ""sel_4th_pre_req_pre"": ""0"", ""sel_4th_pre_req"": ""5391"", ""sel_4th_pre_bid"": ""+24750"", ""sel_3th_pre_req_pre"": ""0"", ""sel_3th_pre_req"": ""7395"", ""sel_3th_pre_bid"": ""+24700"", ""sel_2th_pre_req_pre"": ""0"", ""sel_2th_pre_req"": ""4843"", ""sel_2th_pre_bid"": ""+24650"", ""sel_1th_pre_req_pre"": ""0"", ""sel_fpr_req"": ""3131"", ""sel_fpr_bid"": ""+24600"", ""buy_fpr_bid"": ""+24550"", ""buy_fpr_req"": ""730"", ""buy_1th_pre_req_pre"": ""--189"", ""buy_2th_pre_bid"": ""+24500"", ""buy_2th_pre_req"": ""1830"", ""buy_2th_pre_req_pre"": ""0"", ""buy_3th_pre_bid"": ""+24450"", ""buy_3th_pre_req"": ""643"", ""buy_3th_pre_req_pre"": ""0"", ""buy_4th_pre_bid"": ""24400"", ""buy_4th_pre_req"": ""5377"", ""buy_4th_pre_req_pre"": ""0"", ""buy_5th_pre_bid"": ""-24350"", ""buy_5th_pre_req"": ""2057"", ""buy_5th_pre_req_pre"": ""0"", ""buy_6th_pre_bid"": ""-24300"", ""buy_6th_pre_req"": ""978"", ""buy_6th_pre_req_pre"": ""0"", ""buy_7th_pre_bid"": ""-24250"", ""buy_7th_pre_req"": ""1664"", ""buy_7th_pre_req_pre"": ""0"", ""buy_8th_pre_bid"": ""-24200"", ""buy_8th_pre_req"": ""751"", ""buy_8th_pre_req_pre"": ""0"", ""buy_9th_pre_bid"": ""-24150"", ""buy_9th_pre_req"": ""1288"", ""buy_9th_pre_req_pre"": ""0"", ""buy_10th_pre_bid"": ""-24100"", ""buy_10th_pre_req"": ""3307"", ""buy_10th_pre_req_pre"": ""0"", ""tot_sel_req_jub_pre"": ""0"", ""tot_sel_req"": ""79571"", ""tot_buy_req"": ""18625"", ""tot_buy_req_jub_pre"": ""--189"", ""ovt_sel_req_pre"": ""0"", ""ovt_sel_req"": ""0"", ""ovt_buy_req"": ""0"", ""ovt_buy_req_pre"": ""0"", ""return_code"": 0, ""return_msg"": ""정상적으로 처리되었습니다""}"
2026-06-10,scan_candidate,064400,,0,main_scan,94800,,94800,94600,94800,94800,-0.10548523206751054,0.21097046413502107,,,,,,"{""bid_req_base_tm"": ""112902"", ""sel_10th_pre_req_pre"": ""0"", ""sel_10th_pre_req"": ""364"", ""sel_10th_pre_bid"": ""-95700"", ""sel_9th_pre_req_pre"": ""0"", ""sel_9th_pre_req"": ""1014"", ""sel_9th_pre_bid"": ""-95600"", ""sel_8th_pre_req_pre"": ""0"", ""sel_8th_pre_req"": ""313"", ""sel_8th_pre_bid"": ""-95500"", ""sel_7th_pre_req_pre"": ""0"", ""sel_7th_pre_req"": ""53"", ""sel_7th_pre_bid"": ""-95400"", ""sel_6th_pre_req_pre"": ""0"", ""sel_6th_pre_req"": ""402"", ""sel_6th_pre_bid"": ""-95300"", ""sel_5th_pre_req_pre"": ""0"", ""sel_5th_pre_req"": ""135"", ""sel_5th_pre_bid"": ""-95200"", ""sel_4th_pre_req_pre"": ""0"", ""sel_4th_pre_req"": ""166"", ""sel_4th_pre_bid"": ""-95100"", ""sel_3th_pre_req_pre"": ""0"", ""sel_3th_pre_req"": ""240"", ""sel_3th_pre_bid"": ""-95000"", ""sel_2th_pre_req_pre"": ""0"", ""sel_2th_pre_req"": ""62"", ""sel_2th_pre_bid"": ""-94900"", ""sel_1th_pre_req_pre"": ""0"", ""sel_fpr_req"": ""305"", ""sel_fpr_bid"": ""-94800"", ""buy_fpr_bid"": ""-94600"", ""buy_fpr_req"": ""56"", ""buy_1th_pre_req_pre"": ""0"", ""buy_2th_pre_bid"": ""-94500"", ""buy_2th_pre_req"": ""205"", ""buy_2th_pre_req_pre"": ""0"", ""buy_3th_pre_bid"": ""-94400"", ""buy_3th_pre_req"": ""219"", ""buy_3th_pre_req_pre"": ""0"", ""buy_4th_pre_bid"": ""-94300"", ""buy_4th_pre_req"": ""551"", ""buy_4th_pre_req_pre"": ""0"", ""buy_5th_pre_bid"": ""-94200"", ""buy_5th_pre_req"": ""123"", ""buy_5th_pre_req_pre"": ""0"", ""buy_6th_pre_bid"": ""-94100"", ""buy_6th_pre_req"": ""1474"", ""buy_6th_pre_req_pre"": ""0"", ""buy_7th_pre_bid"": ""-94000"", ""buy_7th_pre_req"": ""5257"", ""buy_7th_pre_req_pre"": ""0"", ""buy_8th_pre_bid"": ""-93900"", ""buy_8th_pre_req"": ""836"", ""buy_8th_pre_req_pre"": ""0"", ""buy_9th_pre_bid"": ""-93800"", ""buy_9th_pre_req"": ""1816"", ""buy_9th_pre_req_pre"": ""0"", ""buy_10th_pre_bid"": ""-93700"", ""buy_10th_pre_req"": ""883"", ""buy_10th_pre_req_pre"": ""0"", ""tot_sel_req_jub_pre"": ""0"", ""tot_sel_req"": ""3054"", ""tot_buy_req"": ""11420"", ""tot_buy_req_jub_pre"": ""0"", ""ovt_sel_req_pre"": ""0"", ""ovt_sel_req"": ""0"", ""ovt_buy_req"": ""0"", ""ovt_buy_req_pre"": ""0"", ""return_code"": 0, ""return_msg"": ""정상적으로 처리되었습니다""}"
2026-06-10,scan_candidate,003490,,0,main_scan,25500,,25500,25450,25500,25400,-0.5882352941176471,0.19607843137254902,,,,,,"{""bid_req_base_tm"": ""112902"", ""sel_10th_pre_req_pre"": ""0"", ""sel_10th_pre_req"": ""15393"", ""sel_10th_pre_bid"": ""+25950"", ""sel_9th_pre_req_pre"": ""0"", ""sel_9th_pre_req"": ""18761"", ""sel_9th_pre_bid"": ""+25900"", ""sel_8th_pre_req_pre"": ""0"", ""sel_8th_pre_req"": ""17243"", ""sel_8th_pre_bid"": ""+25850"", ""sel_7th_pre_req_pre"": ""0"", ""sel_7th_pre_req"": ""49156"", ""sel_7th_pre_bid"": ""+25800"", ""sel_6th_pre_req_pre"": ""0"", ""sel_6th_pre_req"": ""12157"", ""sel_6th_pre_bid"": ""+25750"", ""sel_5th_pre_req_pre"": ""0"", ""sel_5th_pre_req"": ""5205"", ""sel_5th_pre_bid"": ""+25700"", ""sel_4th_pre_req_pre"": ""0"", ""sel_4th_pre_req"": ""4576"", ""sel_4th_pre_bid"": ""+25650"", ""sel_3th_pre_req_pre"": ""0"", ""sel_3th_pre_req"": ""2283"", ""sel_3th_pre_bid"": ""+25600"", ""sel_2th_pre_req_pre"": ""0"", ""sel_2th_pre_req"": ""1820"", ""sel_2th_pre_bid"": ""+25550"", ""sel_1th_pre_req_pre"": ""0"", ""sel_fpr_req"": ""1059"", ""sel_fpr_bid"": ""+25500"", ""buy_fpr_bid"": ""+25450"", ""buy_fpr_req"": ""3183"", ""buy_1th_pre_req_pre"": ""+68"", ""buy_2th_pre_bid"": ""+25400"", ""buy_2th_pre_req"": ""6696"", ""buy_2th_pre_req_pre"": ""0"", ""buy_3th_pre_bid"": ""+25350"", ""buy_3th_pre_req"": ""4489"", ""buy_3th_pre_req_pre"": ""0"", ""buy_4th_pre_bid"": ""+25300"", ""buy_4th_pre_req"": ""3769"", ""buy_4th_pre_req_pre"": ""0"", ""buy_5th_pre_bid"": ""+25250"", ""buy_5th_pre_req"": ""3775"", ""buy_5th_pre_req_pre"": ""0"", ""buy_6th_pre_bid"": ""+25200"", ""buy_6th_pre_req"": ""3606"", ""buy_6th_pre_req_pre"": ""0"", ""buy_7th_pre_bid"": ""+25150"", ""buy_7th_pre_req"": ""4320"", ""buy_7th_pre_req_pre"": ""0"", ""buy_8th_pre_bid"": ""+25100"", ""buy_8th_pre_req"": ""3659"", ""buy_8th_pre_req_pre"": ""0"", ""buy_9th_pre_bid"": ""+25050"", ""buy_9th_pre_req"": ""2188"", ""buy_9th_pre_req_pre"": ""0"", ""buy_10th_pre_bid"": ""+25000"", ""buy_10th_pre_req"": ""4837"", ""buy_10th_pre_req_pre"": ""0"", ""tot_sel_req_jub_pre"": ""0"", ""tot_sel_req"": ""127653"", ""tot_buy_req"": ""40522"", ""tot_buy_req_jub_pre"": ""+68"", ""ovt_sel_req_pre"": ""0"", ""ovt_sel_req"": ""0"", ""ovt_buy_req"": ""0"", ""ovt_buy_req_pre"": ""0"", ""return_code"": 0, ""return_msg"": ""정상적으로 처리되었습니다""}"
2026-06-10,scan_candidate,161390,,0,main_scan,70900,,70900,70800,70900,70900,-0.14104372355430184,0.14104372355430184,,,,,,"{""bid_req_base_tm"": ""112859"", ""sel_10th_pre_req_pre"": ""0"", ""sel_10th_pre_req"": ""130"", ""sel_10th_pre_bid"": ""-71800"", ""sel_9th_pre_req_pre"": ""0"", ""sel_9th_pre_req"": ""10"", ""sel_9th_pre_bid"": ""-71700"", ""sel_8th_pre_req_pre"": ""0"", ""sel_8th_pre_req"": ""3"", ""sel_8th_pre_bid"": ""-71600"", ""sel_7th_pre_req_pre"": ""0"", ""sel_7th_pre_req"": ""57"", ""sel_7th_pre_bid"": ""-71500"", ""sel_6th_pre_req_pre"": ""0"", ""sel_6th_pre_req"": ""33"", ""sel_6th_pre_bid"": ""-71400"", ""sel_5th_pre_req_pre"": ""0"", ""sel_5th_pre_req"": ""62"", ""sel_5th_pre_bid"": ""-71300"", ""sel_4th_pre_req_pre"": ""0"", ""sel_4th_pre_req"": ""271"", ""sel_4th_pre_bid"": ""-71200"", ""sel_3th_pre_req_pre"": ""0"", ""sel_3th_pre_req"": ""632"", ""sel_3th_pre_bid"": ""-71100"", ""sel_2th_pre_req_pre"": ""0"", ""sel_2th_pre_req"": ""1072"", ""sel_2th_pre_bid"": ""-71000"", ""sel_1th_pre_req_pre"": ""0"", ""sel_fpr_req"": ""1778"", ""sel_fpr_bid"": ""-70900"", ""buy_fpr_bid"": ""-70800"", ""buy_fpr_req"": ""2411"", ""buy_1th_pre_req_pre"": ""0"", ""buy_2th_pre_bid"": ""-70700"", ""buy_2th_pre_req"": ""248"", ""buy_2th_pre_req_pre"": ""0"", ""buy_3th_pre_bid"": ""-70600"", ""buy_3th_pre_req"": ""130"", ""buy_3th_pre_req_pre"": ""0"", ""buy_4th_pre_bid"": ""-70500"", ""buy_4th_pre_req"": ""361"", ""buy_4th_pre_req_pre"": ""0"", ""buy_5th_pre_bid"": ""-70400"", ""buy_5th_pre_req"": ""279"", ""buy_5th_pre_req_pre"": ""0"", ""buy_6th_pre_bid"": ""-70300"", ""buy_6th_pre_req"": ""142"", ""buy_6th_pre_req_pre"": ""0"", ""buy_7th_pre_bid"": ""-70200"", ""buy_7th_pre_req"": ""229"", ""buy_7th_pre_req_pre"": ""0"", ""buy_8th_pre_bid"": ""-70100"", ""buy_8th_pre_req"": ""216"", ""buy_8th_pre_req_pre"": ""0"", ""buy_9th_pre_bid"": ""-70000"", ""buy_9th_pre_req"": ""376"", ""buy_9th_pre_req_pre"": ""0"", ""buy_10th_pre_bid"": ""-69900"", ""buy_10th_pre_req"": ""135"", ""buy_10th_pre_req_pre"": ""0"", ""tot_sel_req_jub_pre"": ""0"", ""tot_sel_req"": ""4048"", ""tot_buy_req"": ""4527"", ""tot_buy_req_jub_pre"": ""0"", ""ovt_sel_req_pre"": ""0"", ""ovt_sel_req"": ""0"", ""ovt_buy_req"": ""0"", ""ovt_buy_req_pre"": ""0"", ""return_code"": 0, ""return_msg"": ""정상적으로 처리되었습니다""}"
2026-06-10,scan_candidate,180640,,0,main_scan,116900,,116900,116800,116900,117000,-0.3421727972626176,0.0855431993156544,,,,,,"{""bid_req_base_tm"": ""112902"", ""sel_10th_pre_req_pre"": ""0"", ""sel_10th_pre_req"": ""4"", ""sel_10th_pre_bid"": ""+118700"", ""sel_9th_pre_req_pre"": ""0"", ""sel_9th_pre_req"": ""9"", ""sel_9th_pre_bid"": ""+118100"", ""sel_8th_pre_req_pre"": ""0"", ""sel_8th_pre_req"": ""2"", ""sel_8th_pre_bid"": ""+118000"", ""sel_7th_pre_req_pre"": ""0"", ""sel_7th_pre_req"": ""2"", ""sel_7th_pre_bid"": ""+117900"", ""sel_6th_pre_req_pre"": ""0"", ""sel_6th_pre_req"": ""17"", ""sel_6th_pre_bid"": ""+117500"", ""sel_5th_pre_req_pre"": ""0"", ""sel_5th_pre_req"": ""20"", ""sel_5th_pre_bid"": ""+117300"", ""sel_4th_pre_req_pre"": ""0"", ""sel_4th_pre_req"": ""36"", ""sel_4th_pre_bid"": ""+117200"", ""sel_3th_pre_req_pre"": ""0"", ""sel_3th_pre_req"": ""19"", ""sel_3th_pre_bid"": ""+117100"", ""sel_2th_pre_req_pre"": ""0"", ""sel_2th_pre_req"": ""2"", ""sel_2th_pre_bid"": ""+117000"", ""sel_1th_pre_req_pre"": ""0"", ""sel_fpr_req"": ""22"", ""sel_fpr_bid"": ""+116900"", ""buy_fpr_bid"": ""+116800"", ""buy_fpr_req"": ""22"", ""buy_1th_pre_req_pre"": ""+7"", ""buy_2th_pre_bid"": ""+116700"", ""buy_2th_pre_req"": ""12"", ""buy_2th_pre_req_pre"": ""0"", ""buy_3th_pre_bid"": ""+116500"", ""buy_3th_pre_req"": ""52"", ""buy_3th_pre_req_pre"": ""0"", ""buy_4th_pre_bid"": ""+116300"", ""buy_4th_pre_req"": ""14"", ""buy_4th_pre_req_pre"": ""0"", ""buy_5th_pre_bid"": ""+116200"", ""buy_5th_pre_req"": ""23"", ""buy_5th_pre_req_pre"": ""0"", ""buy_6th_pre_bid"": ""+116100"", ""buy_6th_pre_req"": ""13"", ""buy_6th_pre_req_pre"": ""0"", ""buy_7th_pre_bid"": ""+116000"", ""buy_7th_pre_req"": ""62"", ""buy_7th_pre_req_pre"": ""0"", ""buy_8th_pre_bid"": ""+115900"", ""buy_8th_pre_req"": ""11"", ""buy_8th_pre_req_pre"": ""0"", ""buy_9th_pre_bid"": ""+115800"", ""buy_9th_pre_req"": ""51"", ""buy_9th_pre_req_pre"": ""0"", ""buy_10th_pre_bid"": ""+115700"", ""buy_10th_pre_req"": ""1"", ""buy_10th_pre_req_pre"": ""0"", ""tot_sel_req_jub_pre"": ""0"", ""tot_sel_req"": ""133"", ""tot_buy_req"": ""261"", ""tot_buy_req_jub_pre"": ""+7"", ""ovt_sel_req_pre"": ""0"", ""ovt_sel_req"": ""0"", ""ovt_buy_req"": ""0"", ""ovt_buy_req_pre"": ""0"", ""return_code"": 0, ""return_msg"": ""정상적으로 처리되었습니다""}"
2026-06-10,scan_candidate,454910,,0,main_scan,109100,,109100,109000,109100,109000,-0.5499541704857929,0.09165902841429881,,,,,,"{""bid_req_base_tm"": ""112903"", ""sel_10th_pre_req_pre"": ""0"", ""sel_10th_pre_req"": ""2581"", ""sel_10th_pre_bid"": ""-110000"", ""sel_9th_pre_req_pre"": ""0"", ""sel_9th_pre_req"": ""216"", ""sel_9th_pre_bid"": ""-109900"", ""sel_8th_pre_req_pre"": ""0"", ""sel_8th_pre_req"": ""150"", ""sel_8th_pre_bid"": ""-109800"", ""sel_7th_pre_req_pre"": ""0"", ""sel_7th_pre_req"": ""73"", ""sel_7th_pre_bid"": ""-109700"", ""sel_6th_pre_req_pre"": ""0"", ""sel_6th_pre_req"": ""362"", ""sel_6th_pre_bid"": ""-109600"", ""sel_5th_pre_req_pre"": ""0"", ""sel_5th_pre_req"": ""195"", ""sel_5th_pre_bid"": ""-109500"", ""sel_4th_pre_req_pre"": ""0"", ""sel_4th_pre_req"": ""85"", ""sel_4th_pre_bid"": ""-109400"", ""sel_3th_pre_req_pre"": ""0"", ""sel_3th_pre_req"": ""139"", ""sel_3th_pre_bid"": ""-109300"", ""sel_2th_pre_req_pre"": ""0"", ""sel_2th_pre_req"": ""184"", ""sel_2th_pre_bid"": ""-109200"", ""sel_1th_pre_req_pre"": ""0"", ""sel_fpr_req"": ""242"", ""sel_fpr_bid"": ""-109100"", ""buy_fpr_bid"": ""-109000"", ""buy_fpr_req"": ""64"", ""buy_1th_pre_req_pre"": ""--30"", ""buy_2th_pre_bid"": ""-108900"", ""buy_2th_pre_req"": ""463"", ""buy_2th_pre_req_pre"": ""0"", ""buy_3th_pre_bid"": ""-108800"", ""buy_3th_pre_req"": ""123"", ""buy_3th_pre_req_pre"": ""0"", ""buy_4th_pre_bid"": ""-108700"", ""buy_4th_pre_req"": ""322"", ""buy_4th_pre_req_pre"": ""0"", ""buy_5th_pre_bid"": ""-108600"", ""buy_5th_pre_req"": ""434"", ""buy_5th_pre_req_pre"": ""0"", ""buy_6th_pre_bid"": ""-108500"", ""buy_6th_pre_req"": ""3432"", ""buy_6th_pre_req_pre"": ""0"", ""buy_7th_pre_bid"": ""-108400"", ""buy_7th_pre_req"": ""934"", ""buy_7th_pre_req_pre"": ""0"", ""buy_8th_pre_bid"": ""-108300"", ""buy_8th_pre_req"": ""875"", ""buy_8th_pre_req_pre"": ""0"", ""buy_9th_pre_bid"": ""-108200"", ""buy_9th_pre_req"": ""830"", ""buy_9th_pre_req_pre"": ""0"", ""buy_10th_pre_bid"": ""-108100"", ""buy_10th_pre_req"": ""1169"", ""buy_10th_pre_req_pre"": ""0"", ""tot_sel_req_jub_pre"": ""0"", ""tot_sel_req"": ""4227"", ""tot_buy_req"": ""8646"", ""tot_buy_req_jub_pre"": ""--30"", ""ovt_sel_req_pre"": ""0"", ""ovt_sel_req"": ""0"", ""ovt_buy_req"": ""0"", ""ovt_buy_req_pre"": ""0"", ""return_code"": 0, ""return_msg"": ""정상적으로 처리되었습니다""}"
2026-06-10,scan_candidate,353200,,0,main_scan,154400,,154400,154300,154400,154500,-0.2590673575129534,0.06476683937823835,,,,,,"{""bid_req_base_tm"": ""112903"", ""sel_10th_pre_req_pre"": ""0"", ""sel_10th_pre_req"": ""1"", ""sel_10th_pre_bid"": ""+155400"", ""sel_9th_pre_req_pre"": ""0"", ""sel_9th_pre_req"": ""3"", ""sel_9th_pre_bid"": ""+155300"", ""sel_8th_pre_req_pre"": ""0"", ""sel_8th_pre_req"": ""6"", ""sel_8th_pre_bid"": ""+155200"", ""sel_7th_pre_req_pre"": ""0"", ""sel_7th_pre_req"": ""25"", ""sel_7th_pre_bid"": ""+155100"", ""sel_6th_pre_req_pre"": ""0"", ""sel_6th_pre_req"": ""24"", ""sel_6th_pre_bid"": ""+155000"", ""sel_5th_pre_req_pre"": ""0"", ""sel_5th_pre_req"": ""47"", ""sel_5th_pre_bid"": ""+154900"", ""sel_4th_pre_req_pre"": ""0"", ""sel_4th_pre_req"": ""36"", ""sel_4th_pre_bid"": ""+154800"", ""sel_3th_pre_req_pre"": ""0"", ""sel_3th_pre_req"": ""5"", ""sel_3th_pre_bid"": ""+154600"", ""sel_2th_pre_req_pre"": ""0"", ""sel_2th_pre_req"": ""4"", ""sel_2th_pre_bid"": ""+154500"", ""sel_1th_pre_req_pre"": ""0"", ""sel_fpr_req"": ""1"", ""sel_fpr_bid"": ""+154400"", ""buy_fpr_bid"": ""+154300"", ""buy_fpr_req"": ""128"", ""buy_1th_pre_req_pre"": ""0"", ""buy_2th_pre_bid"": ""+154200"", ""buy_2th_pre_req"": ""21"", ""buy_2th_pre_req_pre"": ""+1"", ""buy_3th_pre_bid"": ""+154100"", ""buy_3th_pre_req"": ""173"", ""buy_3th_pre_req_pre"": ""0"", ""buy_4th_pre_bid"": ""+154000"", ""buy_4th_pre_req"": ""79"", ""buy_4th_pre_req_pre"": ""0"", ""buy_5th_pre_bid"": ""+153900"", ""buy_5th_pre_req"": ""453"", ""buy_5th_pre_req_pre"": ""0"", ""buy_6th_pre_bid"": ""+153800"", ""buy_6th_pre_req"": ""1328"", ""buy_6th_pre_req_pre"": ""0"", ""buy_7th_pre_bid"": ""+153700"", ""buy_7th_pre_req"": ""36"", ""buy_7th_pre_req_pre"": ""0"", ""buy_8th_pre_bid"": ""+153600"", ""buy_8th_pre_req"": ""339"", ""buy_8th_pre_req_pre"": ""0"", ""buy_9th_pre_bid"": ""+153500"", ""buy_9th_pre_req"": ""914"", ""buy_9th_pre_req_pre"": ""0"", ""buy_10th_pre_bid"": ""+153400"", ""buy_10th_pre_req"": ""115"", ""buy_10th_pre_req_pre"": ""0"", ""tot_sel_req_jub_pre"": ""0"", ""tot_sel_req"": ""152"", ""tot_buy_req"": ""3586"", ""tot_buy_req_jub_pre"": ""+1"", ""ovt_sel_req_pre"": ""0"", ""ovt_sel_req"": ""0"", ""ovt_buy_req"": ""0"", ""ovt_buy_req_pre"": ""0"", ""return_code"": 0, ""return_msg"": ""정상적으로 처리되었습니다""}"
2026-06-10,scan_candidate,034220,,0,main_scan,13040,,13040,13030,13040,13050,-0.3067484662576687,0.07668711656441718,,,,,,"{""bid_req_base_tm"": ""112903"", ""sel_10th_pre_req_pre"": ""0"", ""sel_10th_pre_req"": ""1697"", ""sel_10th_pre_bid"": ""-13140"", ""sel_9th_pre_req_pre"": ""0"", ""sel_9th_pre_req"": ""418"", ""sel_9th_pre_bid"": ""-13130"", ""sel_8th_pre_req_pre"": ""0"", ""sel_8th_pre_req"": ""19"", ""sel_8th_pre_bid"": ""-13120"", ""sel_7th_pre_req_pre"": ""0"", ""sel_7th_pre_req"": ""984"", ""sel_7th_pre_bid"": ""-13110"", ""sel_6th_pre_req_pre"": ""0"", ""sel_6th_pre_req"": ""988"", ""sel_6th_pre_bid"": ""-13100"", ""sel_5th_pre_req_pre"": ""0"", ""sel_5th_pre_req"": ""100"", ""sel_5th_pre_bid"": ""-13090"", ""sel_4th_pre_req_pre"": ""0"", ""sel_4th_pre_req"": ""418"", ""sel_4th_pre_bid"": ""-13080"", ""sel_3th_pre_req_pre"": ""0"", ""sel_3th_pre_req"": ""529"", ""sel_3th_pre_bid"": ""-13060"", ""sel_2th_pre_req_pre"": ""0"", ""sel_2th_pre_req"": ""1352"", ""sel_2th_pre_bid"": ""-13050"", ""sel_1th_pre_req_pre"": ""0"", ""sel_fpr_req"": ""446"", ""sel_fpr_bid"": ""-13040"", ""buy_fpr_bid"": ""-13030"", ""buy_fpr_req"": ""513"", ""buy_1th_pre_req_pre"": ""0"", ""buy_2th_pre_bid"": ""-13020"", ""buy_2th_pre_req"": ""1637"", ""buy_2th_pre_req_pre"": ""0"", ""buy_3th_pre_bid"": ""-13010"", ""buy_3th_pre_req"": ""24557"", ""buy_3th_pre_req_pre"": ""0"", ""buy_4th_pre_bid"": ""-13000"", ""buy_4th_pre_req"": ""100611"", ""buy_4th_pre_req_pre"": ""0"", ""buy_5th_pre_bid"": ""-12990"", ""buy_5th_pre_req"": ""18249"", ""buy_5th_pre_req_pre"": ""0"", ""buy_6th_pre_bid"": ""-12980"", ""buy_6th_pre_req"": ""18021"", ""buy_6th_pre_req_pre"": ""0"", ""buy_7th_pre_bid"": ""-12970"", ""buy_7th_pre_req"": ""8753"", ""buy_7th_pre_req_pre"": ""0"", ""buy_8th_pre_bid"": ""-12960"", ""buy_8th_pre_req"": ""9806"", ""buy_8th_pre_req_pre"": ""0"", ""buy_9th_pre_bid"": ""-12950"", ""buy_9th_pre_req"": ""14385"", ""buy_9th_pre_req_pre"": ""0"", ""buy_10th_pre_bid"": ""-12940"", ""buy_10th_pre_req"": ""3437"", ""buy_10th_pre_req_pre"": ""0"", ""tot_sel_req_jub_pre"": ""0"", ""tot_sel_req"": ""6951"", ""tot_buy_req"": ""199969"", ""tot_buy_req_jub_pre"": ""0"", ""ovt_sel_req_pre"": ""0"", ""ovt_sel_req"": ""0"", ""ovt_buy_req"": ""0"", ""ovt_buy_req_pre"": ""0"", ""return_code"": 0, ""return_msg"": ""정상적으로 처리되었습니다""}"
2026-06-10,scan_candidate,078930,,0,main_scan,73900,,73900,73800,73900,73700,-0.40595399188092013,0.13531799729364005,,,,,,"{""bid_req_base_tm"": ""112903"", ""sel_10th_pre_req_pre"": ""0"", ""sel_10th_pre_req"": ""24"", ""sel_10th_pre_bid"": ""+74800"", ""sel_9th_pre_req_pre"": ""0"", ""sel_9th_pre_req"": ""234"", ""sel_9th_pre_bid"": ""+74700"", ""sel_8th_pre_req_pre"": ""0"", ""sel_8th_pre_req"": ""104"", ""sel_8th_pre_bid"": ""+74600"", ""sel_7th_pre_req_pre"": ""0"", ""sel_7th_pre_req"": ""386"", ""sel_7th_pre_bid"": ""+74500"", ""sel_6th_pre_req_pre"": ""0"", ""sel_6th_pre_req"": ""107"", ""sel_6th_pre_bid"": ""+74400"", ""sel_5th_pre_req_pre"": ""0"", ""sel_5th_pre_req"": ""113"", ""sel_5th_pre_bid"": ""+74300"", ""sel_4th_pre_req_pre"": ""0"", ""sel_4th_pre_req"": ""57"", ""sel_4th_pre_bid"": ""+74200"", ""sel_3th_pre_req_pre"": ""0"", ""sel_3th_pre_req"": ""102"", ""sel_3th_pre_bid"": ""+74100"", ""sel_2th_pre_req_pre"": ""0"", ""sel_2th_pre_req"": ""97"", ""sel_2th_pre_bid"": ""+74000"", ""sel_1th_pre_req_pre"": ""0"", ""sel_fpr_req"": ""459"", ""sel_fpr_bid"": ""+73900"", ""buy_fpr_bid"": ""73800"", ""buy_fpr_req"": ""493"", ""buy_1th_pre_req_pre"": ""+17"", ""buy_2th_pre_bid"": ""-73700"", ""buy_2th_pre_req"": ""303"", ""buy_2th_pre_req_pre"": ""0"", ""buy_3th_pre_bid"": ""-73600"", ""buy_3th_pre_req"": ""143"", ""buy_3th_pre_req_pre"": ""0"", ""buy_4th_pre_bid"": ""-73500"", ""buy_4th_pre_req"": ""90"", ""buy_4th_pre_req_pre"": ""0"", ""buy_5th_pre_bid"": ""-73400"", ""buy_5th_pre_req"": ""21"", ""buy_5th_pre_req_pre"": ""0"", ""buy_6th_pre_bid"": ""-73300"", ""buy_6th_pre_req"": ""30"", ""buy_6th_pre_req_pre"": ""0"", ""buy_7th_pre_bid"": ""-73200"", ""buy_7th_pre_req"": ""137"", ""buy_7th_pre_req_pre"": ""0"", ""buy_8th_pre_bid"": ""-73100"", ""buy_8th_pre_req"": ""152"", ""buy_8th_pre_req_pre"": ""0"", ""buy_9th_pre_bid"": ""-73000"", ""buy_9th_pre_req"": ""3"", ""buy_9th_pre_req_pre"": ""0"", ""buy_10th_pre_bid"": ""-72900"", ""buy_10th_pre_req"": ""8"", ""buy_10th_pre_req_pre"": ""0"", ""tot_sel_req_jub_pre"": ""0"", ""tot_sel_req"": ""1683"", ""tot_buy_req"": ""1380"", ""tot_buy_req_jub_pre"": ""+17"", ""ovt_sel_req_pre"": ""0"", ""ovt_sel_req"": ""0"", ""ovt_buy_req"": ""0"", ""ovt_buy_req_pre"": ""0"", ""return_code"": 0, ""return_msg"": ""정상적으로 처리되었습니다""}"
2026-06-10,scan_candidate,090430,,0,main_scan,112000,,112000,111900,112000,112000,-0.4464285714285714,0.08928571428571429,,,,,,"{""bid_req_base_tm"": ""112903"", ""sel_10th_pre_req_pre"": ""0"", ""sel_10th_pre_req"": ""166"", ""sel_10th_pre_bid"": ""+113000"", ""sel_9th_pre_req_pre"": ""0"", ""sel_9th_pre_req"": ""80"", ""sel_9th_pre_bid"": ""+112900"", ""sel_8th_pre_req_pre"": ""0"", ""sel_8th_pre_req"": ""5"", ""sel_8th_pre_bid"": ""+112800"", ""sel_7th_pre_req_pre"": ""0"", ""sel_7th_pre_req"": ""5"", ""sel_7th_pre_bid"": ""+112700"", ""sel_6th_pre_req_pre"": ""0"", ""sel_6th_pre_req"": ""10"", ""sel_6th_pre_bid"": ""+112500"", ""sel_5th_pre_req_pre"": ""0"", ""sel_5th_pre_req"": ""30"", ""sel_5th_pre_bid"": ""+112400"", ""sel_4th_pre_req_pre"": ""0"", ""sel_4th_pre_req"": ""100"", ""sel_4th_pre_bid"": ""+112300"", ""sel_3th_pre_req_pre"": ""0"", ""sel_3th_pre_req"": ""28"", ""sel_3th_pre_bid"": ""+112200"", ""sel_2th_pre_req_pre"": ""0"", ""sel_2th_pre_req"": ""69"", ""sel_2th_pre_bid"": ""+112100"", ""sel_1th_pre_req_pre"": ""0"", ""sel_fpr_req"": ""357"", ""sel_fpr_bid"": ""112000"", ""buy_fpr_bid"": ""-111900"", ""buy_fpr_req"": ""208"", ""buy_1th_pre_req_pre"": ""0"", ""buy_2th_pre_bid"": ""-111800"", ""buy_2th_pre_req"": ""140"", ""buy_2th_pre_req_pre"": ""+52"", ""buy_3th_pre_bid"": ""-111700"", ""buy_3th_pre_req"": ""286"", ""buy_3th_pre_req_pre"": ""0"", ""buy_4th_pre_bid"": ""-111600"", ""buy_4th_pre_req"": ""45"", ""buy_4th_pre_req_pre"": ""0"", ""buy_5th_pre_bid"": ""-111500"", ""buy_5th_pre_req"": ""3058"", ""buy_5th_pre_req_pre"": ""0"", ""buy_6th_pre_bid"": ""-111400"", ""buy_6th_pre_req"": ""122"", ""buy_6th_pre_req_pre"": ""0"", ""buy_7th_pre_bid"": ""-111300"", ""buy_7th_pre_req"": ""32"", ""buy_7th_pre_req_pre"": ""0"", ""buy_8th_pre_bid"": ""-111200"", ""buy_8th_pre_req"": ""13"", ""buy_8th_pre_req_pre"": ""0"", ""buy_9th_pre_bid"": ""-111100"", ""buy_9th_pre_req"": ""21"", ""buy_9th_pre_req_pre"": ""0"", ""buy_10th_pre_bid"": ""-111000"", ""buy_10th_pre_req"": ""189"", ""buy_10th_pre_req_pre"": ""0"", ""tot_sel_req_jub_pre"": ""0"", ""tot_sel_req"": ""850"", ""tot_buy_req"": ""4114"", ""tot_buy_req_jub_pre"": ""+52"", ""ovt_sel_req_pre"": ""0"", ""ovt_sel_req"": ""0"", ""ovt_buy_req"": ""0"", ""ovt_buy_req_pre"": ""0"", ""return_code"": 0, ""return_msg"": ""정상적으로 처리되었습니다""}"
2026-06-10,scan_candidate,004170,,0,main_scan,679000,,679000,678000,679000,679000,-0.14727540500736377,0.14727540500736377,,,,,,"{""bid_req_base_tm"": ""112903"", ""sel_10th_pre_req_pre"": ""0"", ""sel_10th_pre_req"": ""2"", ""sel_10th_pre_bid"": ""+688000"", ""sel_9th_pre_req_pre"": ""0"", ""sel_9th_pre_req"": ""22"", ""sel_9th_pre_bid"": ""+687000"", ""sel_8th_pre_req_pre"": ""0"", ""sel_8th_pre_req"": ""51"", ""sel_8th_pre_bid"": ""+686000"", ""sel_7th_pre_req_pre"": ""0"", ""sel_7th_pre_req"": ""13"", ""sel_7th_pre_bid"": ""+685000"", ""sel_6th_pre_req_pre"": ""0"", ""sel_6th_pre_req"": ""9"", ""sel_6th_pre_bid"": ""+684000"", ""sel_5th_pre_req_pre"": ""0"", ""sel_5th_pre_req"": ""9"", ""sel_5th_pre_bid"": ""+683000"", ""sel_4th_pre_req_pre"": ""0"", ""sel_4th_pre_req"": ""7"", ""sel_4th_pre_bid"": ""+682000"", ""sel_3th_pre_req_pre"": ""0"", ""sel_3th_pre_req"": ""14"", ""sel_3th_pre_bid"": ""+681000"", ""sel_2th_pre_req_pre"": ""0"", ""sel_2th_pre_req"": ""157"", ""sel_2th_pre_bid"": ""+680000"", ""sel_1th_pre_req_pre"": ""0"", ""sel_fpr_req"": ""18"", ""sel_fpr_bid"": ""+679000"", ""buy_fpr_bid"": ""+678000"", ""buy_fpr_req"": ""37"", ""buy_1th_pre_req_pre"": ""0"", ""buy_2th_pre_bid"": ""+677000"", ""buy_2th_pre_req"": ""20"", ""buy_2th_pre_req_pre"": ""0"", ""buy_3th_pre_bid"": ""+676000"", ""buy_3th_pre_req"": ""6"", ""buy_3th_pre_req_pre"": ""0"", ""buy_4th_pre_bid"": ""+675000"", ""buy_4th_pre_req"": ""9"", ""buy_4th_pre_req_pre"": ""--1"", ""buy_5th_pre_bid"": ""+674000"", ""buy_5th_pre_req"": ""36"", ""buy_5th_pre_req_pre"": ""0"", ""buy_6th_pre_bid"": ""+673000"", ""buy_6th_pre_req"": ""102"", ""buy_6th_pre_req_pre"": ""0"", ""buy_7th_pre_bid"": ""+672000"", ""buy_7th_pre_req"": ""12"", ""buy_7th_pre_req_pre"": ""0"", ""buy_8th_pre_bid"": ""+671000"", ""buy_8th_pre_req"": ""38"", ""buy_8th_pre_req_pre"": ""0"", ""buy_9th_pre_bid"": ""+670000"", ""buy_9th_pre_req"": ""646"", ""buy_9th_pre_req_pre"": ""0"", ""buy_10th_pre_bid"": ""+669000"", ""buy_10th_pre_req"": ""138"", ""buy_10th_pre_req_pre"": ""0"", ""tot_sel_req_jub_pre"": ""0"", ""tot_sel_req"": ""302"", ""tot_buy_req"": ""1044"", ""tot_buy_req_jub_pre"": ""--1"", ""ovt_sel_req_pre"": ""0"", ""ovt_sel_req"": ""0"", ""ovt_buy_req"": ""0"", ""ovt_buy_req_pre"": ""0"", ""return_code"": 0, ""return_msg"": ""정상적으로 처리되었습니다""}"
2026-06-10,scan_candidate,036570,,0,main_scan,256500,,256500,256000,256500,258000,0.3898635477582846,0.1949317738791423,,,,,,"{""bid_req_base_tm"": ""112904"", ""sel_10th_pre_req_pre"": ""0"", ""sel_10th_pre_req"": ""423"", ""sel_10th_pre_bid"": ""-261500"", ""sel_9th_pre_req_pre"": ""0"", ""sel_9th_pre_req"": ""77"", ""sel_9th_pre_bid"": ""-261000"", ""sel_8th_pre_req_pre"": ""0"", ""sel_8th_pre_req"": ""15"", ""sel_8th_pre_bid"": ""-260500"", ""sel_7th_pre_req_pre"": ""0"", ""sel_7th_pre_req"": ""120"", ""sel_7th_pre_bid"": ""-260000"", ""sel_6th_pre_req_pre"": ""0"", ""sel_6th_pre_req"": ""61"", ""sel_6th_pre_bid"": ""-259500"", ""sel_5th_pre_req_pre"": ""0"", ""sel_5th_pre_req"": ""12"", ""sel_5th_pre_bid"": ""-259000"", ""sel_4th_pre_req_pre"": ""0"", ""sel_4th_pre_req"": ""13"", ""sel_4th_pre_bid"": ""-258500"", ""sel_3th_pre_req_pre"": ""0"", ""sel_3th_pre_req"": ""67"", ""sel_3th_pre_bid"": ""-257500"", ""sel_2th_pre_req_pre"": ""0"", ""sel_2th_pre_req"": ""55"", ""sel_2th_pre_bid"": ""-257000"", ""sel_1th_pre_req_pre"": ""0"", ""sel_fpr_req"": ""35"", ""sel_fpr_bid"": ""-256500"", ""buy_fpr_bid"": ""-256000"", ""buy_fpr_req"": ""114"", ""buy_1th_pre_req_pre"": ""--4"", ""buy_2th_pre_bid"": ""-255500"", ""buy_2th_pre_req"": ""175"", ""buy_2th_pre_req_pre"": ""0"", ""buy_3th_pre_bid"": ""-255000"", ""buy_3th_pre_req"": ""360"", ""buy_3th_pre_req_pre"": ""0"", ""buy_4th_pre_bid"": ""-254500"", ""buy_4th_pre_req"": ""430"", ""buy_4th_pre_req_pre"": ""0"", ""buy_5th_pre_bid"": ""-254000"", ""buy_5th_pre_req"": ""341"", ""buy_5th_pre_req_pre"": ""0"", ""buy_6th_pre_bid"": ""-253500"", ""buy_6th_pre_req"": ""423"", ""buy_6th_pre_req_pre"": ""0"", ""buy_7th_pre_bid"": ""-253000"", ""buy_7th_pre_req"": ""732"", ""buy_7th_pre_req_pre"": ""0"", ""buy_8th_pre_bid"": ""-252500"", ""buy_8th_pre_req"": ""217"", ""buy_8th_pre_req_pre"": ""0"", ""buy_9th_pre_bid"": ""-252000"", ""buy_9th_pre_req"": ""126"", ""buy_9th_pre_req_pre"": ""0"", ""buy_10th_pre_bid"": ""-251500"", ""buy_10th_pre_req"": ""222"", ""buy_10th_pre_req_pre"": ""0"", ""tot_sel_req_jub_pre"": ""0"", ""tot_sel_req"": ""878"", ""tot_buy_req"": ""3140"", ""tot_buy_req_jub_pre"": ""--4"", ""ovt_sel_req_pre"": ""0"", ""ovt_sel_req"": ""0"", ""ovt_buy_req"": ""0"", ""ovt_buy_req_pre"": ""0"", ""return_code"": 0, ""return_msg"": ""정상적으로 처리되었습니다""}"
2026-06-10,scan_candidate,271560,,0,main_scan,132400,,132400,131900,132400,132500,-0.3021148036253776,0.3776435045317221,,,,,,"{""bid_req_base_tm"": ""112901"", ""sel_10th_pre_req_pre"": ""0"", ""sel_10th_pre_req"": ""4"", ""sel_10th_pre_bid"": ""+133500"", ""sel_9th_pre_req_pre"": ""0"", ""sel_9th_pre_req"": ""3"", ""sel_9th_pre_bid"": ""+133300"", ""sel_8th_pre_req_pre"": ""0"", ""sel_8th_pre_req"": ""28"", ""sel_8th_pre_bid"": ""+133200"", ""sel_7th_pre_req_pre"": ""0"", ""sel_7th_pre_req"": ""11"", ""sel_7th_pre_bid"": ""+133000"", ""sel_6th_pre_req_pre"": ""0"", ""sel_6th_pre_req"": ""15"", ""sel_6th_pre_bid"": ""132900"", ""sel_5th_pre_req_pre"": ""0"", ""sel_5th_pre_req"": ""10"", ""sel_5th_pre_bid"": ""-132800"", ""sel_4th_pre_req_pre"": ""0"", ""sel_4th_pre_req"": ""9"", ""sel_4th_pre_bid"": ""-132700"", ""sel_3th_pre_req_pre"": ""0"", ""sel_3th_pre_req"": ""14"", ""sel_3th_pre_bid"": ""-132600"", ""sel_2th_pre_req_pre"": ""0"", ""sel_2th_pre_req"": ""44"", ""sel_2th_pre_bid"": ""-132500"", ""sel_1th_pre_req_pre"": ""+20"", ""sel_fpr_req"": ""82"", ""sel_fpr_bid"": ""-132400"", ""buy_fpr_bid"": ""-131900"", ""buy_fpr_req"": ""427"", ""buy_1th_pre_req_pre"": ""0"", ""buy_2th_pre_bid"": ""-131800"", ""buy_2th_pre_req"": ""14"", ""buy_2th_pre_req_pre"": ""0"", ""buy_3th_pre_bid"": ""-131700"", ""buy_3th_pre_req"": ""33"", ""buy_3th_pre_req_pre"": ""0"", ""buy_4th_pre_bid"": ""-131600"", ""buy_4th_pre_req"": ""1"", ""buy_4th_pre_req_pre"": ""0"", ""buy_5th_pre_bid"": ""-131500"", ""buy_5th_pre_req"": ""530"", ""buy_5th_pre_req_pre"": ""0"", ""buy_6th_pre_bid"": ""-131400"", ""buy_6th_pre_req"": ""1"", ""buy_6th_pre_req_pre"": ""0"", ""buy_7th_pre_bid"": ""-131300"", ""buy_7th_pre_req"": ""1"", ""buy_7th_pre_req_pre"": ""0"", ""buy_8th_pre_bid"": ""-131200"", ""buy_8th_pre_req"": ""100"", ""buy_8th_pre_req_pre"": ""0"", ""buy_9th_pre_bid"": ""-131100"", ""buy_9th_pre_req"": ""20"", ""buy_9th_pre_req_pre"": ""0"", ""buy_10th_pre_bid"": ""-131000"", ""buy_10th_pre_req"": ""88"", ""buy_10th_pre_req_pre"": ""0"", ""tot_sel_req_jub_pre"": ""+20"", ""tot_sel_req"": ""220"", ""tot_buy_req"": ""1215"", ""tot_buy_req_jub_pre"": ""0"", ""ovt_sel_req_pre"": ""0"", ""ovt_sel_req"": ""0"", ""ovt_buy_req"": ""0"", ""ovt_buy_req_pre"": ""0"", ""return_code"": 0, ""return_msg"": ""정상적으로 처리되었습니다""}"
2026-06-10,scan_candidate,023530,,0,main_scan,193100,,193100,192800,193100,192500,-0.5696530295183843,0.15535991714137753,,,,,,"{""bid_req_base_tm"": ""112903"", ""sel_10th_pre_req_pre"": ""0"", ""sel_10th_pre_req"": ""10"", ""sel_10th_pre_bid"": ""+194300"", ""sel_9th_pre_req_pre"": ""0"", ""sel_9th_pre_req"": ""12"", ""sel_9th_pre_bid"": ""+194200"", ""sel_8th_pre_req_pre"": ""0"", ""sel_8th_pre_req"": ""10"", ""sel_8th_pre_bid"": ""+194100"", ""sel_7th_pre_req_pre"": ""0"", ""sel_7th_pre_req"": ""900"", ""sel_7th_pre_bid"": ""+194000"", ""sel_6th_pre_req_pre"": ""0"", ""sel_6th_pre_req"": ""20"", ""sel_6th_pre_bid"": ""+193900"", ""sel_5th_pre_req_pre"": ""0"", ""sel_5th_pre_req"": ""6"", ""sel_5th_pre_bid"": ""+193800"", ""sel_4th_pre_req_pre"": ""0"", ""sel_4th_pre_req"": ""1"", ""sel_4th_pre_bid"": ""+193700"", ""sel_3th_pre_req_pre"": ""0"", ""sel_3th_pre_req"": ""2"", ""sel_3th_pre_bid"": ""+193600"", ""sel_2th_pre_req_pre"": ""0"", ""sel_2th_pre_req"": ""11"", ""sel_2th_pre_bid"": ""+193500"", ""sel_1th_pre_req_pre"": ""+1"", ""sel_fpr_req"": ""10"", ""sel_fpr_bid"": ""+193100"", ""buy_fpr_bid"": ""+192800"", ""buy_fpr_req"": ""19"", ""buy_1th_pre_req_pre"": ""0"", ""buy_2th_pre_bid"": ""+192700"", ""buy_2th_pre_req"": ""19"", ""buy_2th_pre_req_pre"": ""0"", ""buy_3th_pre_bid"": ""+192600"", ""buy_3th_pre_req"": ""5"", ""buy_3th_pre_req_pre"": ""0"", ""buy_4th_pre_bid"": ""+192500"", ""buy_4th_pre_req"": ""16"", ""buy_4th_pre_req_pre"": ""0"", ""buy_5th_pre_bid"": ""+192400"", ""buy_5th_pre_req"": ""38"", ""buy_5th_pre_req_pre"": ""0"", ""buy_6th_pre_bid"": ""+192300"", ""buy_6th_pre_req"": ""11"", ""buy_6th_pre_req_pre"": ""0"", ""buy_7th_pre_bid"": ""+192200"", ""buy_7th_pre_req"": ""16"", ""buy_7th_pre_req_pre"": ""0"", ""buy_8th_pre_bid"": ""+191700"", ""buy_8th_pre_req"": ""5"", ""buy_8th_pre_req_pre"": ""0"", ""buy_9th_pre_bid"": ""+191600"", ""buy_9th_pre_req"": ""15"", ""buy_9th_pre_req_pre"": ""0"", ""buy_10th_pre_bid"": ""+191500"", ""buy_10th_pre_req"": ""4"", ""buy_10th_pre_req_pre"": ""0"", ""tot_sel_req_jub_pre"": ""+1"", ""tot_sel_req"": ""982"", ""tot_buy_req"": ""148"", ""tot_buy_req_jub_pre"": ""0"", ""ovt_sel_req_pre"": ""0"", ""ovt_sel_req"": ""0"", ""ovt_buy_req"": ""0"", ""ovt_buy_req_pre"": ""0"", ""return_code"": 0, ""return_msg"": ""정상적으로 처리되었습니다""}"
2026-06-10,scan_candidate,175330,,0,main_scan,25450,,25450,25400,25450,25500,0.0,0.19646365422396855,,,,,,"{""bid_req_base_tm"": ""112902"", ""sel_10th_pre_req_pre"": ""0"", ""sel_10th_pre_req"": ""562"", ""sel_10th_pre_bid"": ""25900"", ""sel_9th_pre_req_pre"": ""0"", ""sel_9th_pre_req"": ""469"", ""sel_9th_pre_bid"": ""-25850"", ""sel_8th_pre_req_pre"": ""0"", ""sel_8th_pre_req"": ""42"", ""sel_8th_pre_bid"": ""-25800"", ""sel_7th_pre_req_pre"": ""0"", ""sel_7th_pre_req"": ""100"", ""sel_7th_pre_bid"": ""-25750"", ""sel_6th_pre_req_pre"": ""0"", ""sel_6th_pre_req"": ""84"", ""sel_6th_pre_bid"": ""-25700"", ""sel_5th_pre_req_pre"": ""0"", ""sel_5th_pre_req"": ""176"", ""sel_5th_pre_bid"": ""-25650"", ""sel_4th_pre_req_pre"": ""0"", ""sel_4th_pre_req"": ""450"", ""sel_4th_pre_bid"": ""-25600"", ""sel_3th_pre_req_pre"": ""0"", ""sel_3th_pre_req"": ""1078"", ""sel_3th_pre_bid"": ""-25550"", ""sel_2th_pre_req_pre"": ""0"", ""sel_2th_pre_req"": ""642"", ""sel_2th_pre_bid"": ""-25500"", ""sel_1th_pre_req_pre"": ""0"", ""sel_fpr_req"": ""1725"", ""sel_fpr_bid"": ""-25450"", ""buy_fpr_bid"": ""-25400"", ""buy_fpr_req"": ""2623"", ""buy_1th_pre_req_pre"": ""0"", ""buy_2th_pre_bid"": ""-25350"", ""buy_2th_pre_req"": ""596"", ""buy_2th_pre_req_pre"": ""0"", ""buy_3th_pre_bid"": ""-25300"", ""buy_3th_pre_req"": ""370"", ""buy_3th_pre_req_pre"": ""0"", ""buy_4th_pre_bid"": ""-25250"", ""buy_4th_pre_req"": ""489"", ""buy_4th_pre_req_pre"": ""0"", ""buy_5th_pre_bid"": ""-25200"", ""buy_5th_pre_req"": ""269"", ""buy_5th_pre_req_pre"": ""0"", ""buy_6th_pre_bid"": ""-25150"", ""buy_6th_pre_req"": ""838"", ""buy_6th_pre_req_pre"": ""0"", ""buy_7th_pre_bid"": ""-25100"", ""buy_7th_pre_req"": ""490"", ""buy_7th_pre_req_pre"": ""0"", ""buy_8th_pre_bid"": ""-25050"", ""buy_8th_pre_req"": ""606"", ""buy_8th_pre_req_pre"": ""0"", ""buy_9th_pre_bid"": ""-25000"", ""buy_9th_pre_req"": ""708"", ""buy_9th_pre_req_pre"": ""0"", ""buy_10th_pre_bid"": ""-24950"", ""buy_10th_pre_req"": ""288"", ""buy_10th_pre_req_pre"": ""0"", ""tot_sel_req_jub_pre"": ""0"", ""tot_sel_req"": ""5328"", ""tot_buy_req"": ""7277"", ""tot_buy_req_jub_pre"": ""0"", ""ovt_sel_req_pre"": ""0"", ""ovt_sel_req"": ""0"", ""ovt_buy_req"": ""0"", ""ovt_buy_req_pre"": ""0"", ""return_code"": 0, ""return_msg"": ""정상적으로 처리되었습니다""}"
2026-06-10,scan_candidate,088350,,0,main_scan,4835,,4835,4830,4835,4850,0.2068252326783868,0.1034126163391934,,,,,,"{""bid_req_base_tm"": ""112903"", ""sel_10th_pre_req_pre"": ""0"", ""sel_10th_pre_req"": ""2349"", ""sel_10th_pre_bid"": ""-4885"", ""sel_9th_pre_req_pre"": ""0"", ""sel_9th_pre_req"": ""503"", ""sel_9th_pre_bid"": ""-4880"", ""sel_8th_pre_req_pre"": ""0"", ""sel_8th_pre_req"": ""574"", ""sel_8th_pre_bid"": ""-4875"", ""sel_7th_pre_req_pre"": ""0"", ""sel_7th_pre_req"": ""114"", ""sel_7th_pre_bid"": ""-4870"", ""sel_6th_pre_req_pre"": ""0"", ""sel_6th_pre_req"": ""1970"", ""sel_6th_pre_bid"": ""-4865"", ""sel_5th_pre_req_pre"": ""0"", ""sel_5th_pre_req"": ""1757"", ""sel_5th_pre_bid"": ""-4860"", ""sel_4th_pre_req_pre"": ""0"", ""sel_4th_pre_req"": ""1532"", ""sel_4th_pre_bid"": ""-4855"", ""sel_3th_pre_req_pre"": ""0"", ""sel_3th_pre_req"": ""3951"", ""sel_3th_pre_bid"": ""-4850"", ""sel_2th_pre_req_pre"": ""0"", ""sel_2th_pre_req"": ""5001"", ""sel_2th_pre_bid"": ""-4840"", ""sel_1th_pre_req_pre"": ""--197"", ""sel_fpr_req"": ""562"", ""sel_fpr_bid"": ""-4835"", ""buy_fpr_bid"": ""-4830"", ""buy_fpr_req"": ""332"", ""buy_1th_pre_req_pre"": ""0"", ""buy_2th_pre_bid"": ""-4825"", ""buy_2th_pre_req"": ""1067"", ""buy_2th_pre_req_pre"": ""0"", ""buy_3th_pre_bid"": ""-4820"", ""buy_3th_pre_req"": ""4219"", ""buy_3th_pre_req_pre"": ""0"", ""buy_4th_pre_bid"": ""-4815"", ""buy_4th_pre_req"": ""26852"", ""buy_4th_pre_req_pre"": ""0"", ""buy_5th_pre_bid"": ""-4810"", ""buy_5th_pre_req"": ""6358"", ""buy_5th_pre_req_pre"": ""0"", ""buy_6th_pre_bid"": ""-4805"", ""buy_6th_pre_req"": ""11584"", ""buy_6th_pre_req_pre"": ""0"", ""buy_7th_pre_bid"": ""-4800"", ""buy_7th_pre_req"": ""18085"", ""buy_7th_pre_req_pre"": ""0"", ""buy_8th_pre_bid"": ""-4795"", ""buy_8th_pre_req"": ""13240"", ""buy_8th_pre_req_pre"": ""0"", ""buy_9th_pre_bid"": ""-4790"", ""buy_9th_pre_req"": ""17625"", ""buy_9th_pre_req_pre"": ""0"", ""buy_10th_pre_bid"": ""-4785"", ""buy_10th_pre_req"": ""9259"", ""buy_10th_pre_req_pre"": ""0"", ""tot_sel_req_jub_pre"": ""--197"", ""tot_sel_req"": ""18313"", ""tot_buy_req"": ""108621"", ""tot_buy_req_jub_pre"": ""0"", ""ovt_sel_req_pre"": ""0"", ""ovt_sel_req"": ""0"", ""ovt_buy_req"": ""0"", ""ovt_buy_req_pre"": ""0"", ""return_code"": 0, ""return_msg"": ""정상적으로 처리되었습니다""}"
2026-06-10,scan_candidate,069960,,0,main_scan,173900,,173900,173800,173900,173000,-0.8050603795284648,0.05750431282346176,,,,,,"{""bid_req_base_tm"": ""112905"", ""sel_10th_pre_req_pre"": ""0"", ""sel_10th_pre_req"": ""64"", ""sel_10th_pre_bid"": ""+175300"", ""sel_9th_pre_req_pre"": ""0"", ""sel_9th_pre_req"": ""12"", ""sel_9th_pre_bid"": ""+175200"", ""sel_8th_pre_req_pre"": ""0"", ""sel_8th_pre_req"": ""37"", ""sel_8th_pre_bid"": ""+175000"", ""sel_7th_pre_req_pre"": ""0"", ""sel_7th_pre_req"": ""2"", ""sel_7th_pre_bid"": ""+174600"", ""sel_6th_pre_req_pre"": ""0"", ""sel_6th_pre_req"": ""33"", ""sel_6th_pre_bid"": ""+174500"", ""sel_5th_pre_req_pre"": ""0"", ""sel_5th_pre_req"": ""2"", ""sel_5th_pre_bid"": ""+174400"", ""sel_4th_pre_req_pre"": ""0"", ""sel_4th_pre_req"": ""600"", ""sel_4th_pre_bid"": ""+174300"", ""sel_3th_pre_req_pre"": ""0"", ""sel_3th_pre_req"": ""45"", ""sel_3th_pre_bid"": ""+174100"", ""sel_2th_pre_req_pre"": ""0"", ""sel_2th_pre_req"": ""147"", ""sel_2th_pre_bid"": ""+174000"", ""sel_1th_pre_req_pre"": ""0"", ""sel_fpr_req"": ""44"", ""sel_fpr_bid"": ""+173900"", ""buy_fpr_bid"": ""+173800"", ""buy_fpr_req"": ""1"", ""buy_1th_pre_req_pre"": ""0"", ""buy_2th_pre_bid"": ""+173700"", ""buy_2th_pre_req"": ""66"", ""buy_2th_pre_req_pre"": ""0"", ""buy_3th_pre_bid"": ""+173400"", ""buy_3th_pre_req"": ""1"", ""buy_3th_pre_req_pre"": ""0"", ""buy_4th_pre_bid"": ""+173300"", ""buy_4th_pre_req"": ""13"", ""buy_4th_pre_req_pre"": ""0"", ""buy_5th_pre_bid"": ""+173200"", ""buy_5th_pre_req"": ""6"", ""buy_5th_pre_req_pre"": ""0"", ""buy_6th_pre_bid"": ""+173100"", ""buy_6th_pre_req"": ""34"", ""buy_6th_pre_req_pre"": ""0"", ""buy_7th_pre_bid"": ""+173000"", ""buy_7th_pre_req"": ""41"", ""buy_7th_pre_req_pre"": ""+31"", ""buy_8th_pre_bid"": ""+172700"", ""buy_8th_pre_req"": ""2"", ""buy_8th_pre_req_pre"": ""0"", ""buy_9th_pre_bid"": ""+172600"", ""buy_9th_pre_req"": ""10"", ""buy_9th_pre_req_pre"": ""0"", ""buy_10th_pre_bid"": ""+172500"", ""buy_10th_pre_req"": ""13"", ""buy_10th_pre_req_pre"": ""0"", ""tot_sel_req_jub_pre"": ""0"", ""tot_sel_req"": ""986"", ""tot_buy_req"": ""187"", ""tot_buy_req_jub_pre"": ""+31"", ""ovt_sel_req_pre"": ""0"", ""ovt_sel_req"": ""0"", ""ovt_buy_req"": ""0"", ""ovt_buy_req_pre"": ""0"", ""return_code"": 0, ""return_msg"": ""정상적으로 처리되었습니다""}"
2026-06-10,scan_candidate,111770,,0,main_scan,78900,,78900,78800,78900,79100,0.12674271229404308,0.12674271229404308,,,,,,"{""bid_req_base_tm"": ""112904"", ""sel_10th_pre_req_pre"": ""0"", ""sel_10th_pre_req"": ""6"", ""sel_10th_pre_bid"": ""+80300"", ""sel_9th_pre_req_pre"": ""0"", ""sel_9th_pre_req"": ""10"", ""sel_9th_pre_bid"": ""+80200"", ""sel_8th_pre_req_pre"": ""0"", ""sel_8th_pre_req"": ""98"", ""sel_8th_pre_bid"": ""+80000"", ""sel_7th_pre_req_pre"": ""0"", ""sel_7th_pre_req"": ""31"", ""sel_7th_pre_bid"": ""+79900"", ""sel_6th_pre_req_pre"": ""0"", ""sel_6th_pre_req"": ""13"", ""sel_6th_pre_bid"": ""+79800"", ""sel_5th_pre_req_pre"": ""0"", ""sel_5th_pre_req"": ""11"", ""sel_5th_pre_bid"": ""+79700"", ""sel_4th_pre_req_pre"": ""0"", ""sel_4th_pre_req"": ""15"", ""sel_4th_pre_bid"": ""+79600"", ""sel_3th_pre_req_pre"": ""0"", ""sel_3th_pre_req"": ""20"", ""sel_3th_pre_bid"": ""+79400"", ""sel_2th_pre_req_pre"": ""0"", ""sel_2th_pre_req"": ""2"", ""sel_2th_pre_bid"": ""+79100"", ""sel_1th_pre_req_pre"": ""0"", ""sel_fpr_req"": ""29"", ""sel_fpr_bid"": ""+78900"", ""buy_fpr_bid"": ""+78800"", ""buy_fpr_req"": ""78"", ""buy_1th_pre_req_pre"": ""+2"", ""buy_2th_pre_bid"": ""+78700"", ""buy_2th_pre_req"": ""19"", ""buy_2th_pre_req_pre"": ""0"", ""buy_3th_pre_bid"": ""+78600"", ""buy_3th_pre_req"": ""4"", ""buy_3th_pre_req_pre"": ""0"", ""buy_4th_pre_bid"": ""+78500"", ""buy_4th_pre_req"": ""6"", ""buy_4th_pre_req_pre"": ""0"", ""buy_5th_pre_bid"": ""+78400"", ""buy_5th_pre_req"": ""4"", ""buy_5th_pre_req_pre"": ""0"", ""buy_6th_pre_bid"": ""+78300"", ""buy_6th_pre_req"": ""20"", ""buy_6th_pre_req_pre"": ""0"", ""buy_7th_pre_bid"": ""+78200"", ""buy_7th_pre_req"": ""1"", ""buy_7th_pre_req_pre"": ""0"", ""buy_8th_pre_bid"": ""78000"", ""buy_8th_pre_req"": ""70"", ""buy_8th_pre_req_pre"": ""0"", ""buy_9th_pre_bid"": ""-77900"", ""buy_9th_pre_req"": ""45"", ""buy_9th_pre_req_pre"": ""0"", ""buy_10th_pre_bid"": ""-77800"", ""buy_10th_pre_req"": ""7"", ""buy_10th_pre_req_pre"": ""0"", ""tot_sel_req_jub_pre"": ""0"", ""tot_sel_req"": ""235"", ""tot_buy_req"": ""254"", ""tot_buy_req_jub_pre"": ""+2"", ""ovt_sel_req_pre"": ""0"", ""ovt_sel_req"": ""0"", ""ovt_buy_req"": ""0"", ""ovt_buy_req_pre"": ""0"", ""return_code"": 0, ""return_msg"": ""정상적으로 처리되었습니다""}"
2026-06-10,scan_candidate,085620,,0,main_scan,22700,,22700,22650,22700,22700,-0.22026431718061676,0.22026431718061676,,,,,,"{""bid_req_base_tm"": ""112905"", ""sel_10th_pre_req_pre"": ""+600"", ""sel_10th_pre_req"": ""1586"", ""sel_10th_pre_bid"": ""-23150"", ""sel_9th_pre_req_pre"": ""0"", ""sel_9th_pre_req"": ""1153"", ""sel_9th_pre_bid"": ""-23100"", ""sel_8th_pre_req_pre"": ""0"", ""sel_8th_pre_req"": ""165"", ""sel_8th_pre_bid"": ""-23050"", ""sel_7th_pre_req_pre"": ""0"", ""sel_7th_pre_req"": ""1914"", ""sel_7th_pre_bid"": ""-23000"", ""sel_6th_pre_req_pre"": ""0"", ""sel_6th_pre_req"": ""530"", ""sel_6th_pre_bid"": ""-22950"", ""sel_5th_pre_req_pre"": ""0"", ""sel_5th_pre_req"": ""680"", ""sel_5th_pre_bid"": ""-22900"", ""sel_4th_pre_req_pre"": ""0"", ""sel_4th_pre_req"": ""1104"", ""sel_4th_pre_bid"": ""-22850"", ""sel_3th_pre_req_pre"": ""0"", ""sel_3th_pre_req"": ""99"", ""sel_3th_pre_bid"": ""-22800"", ""sel_2th_pre_req_pre"": ""0"", ""sel_2th_pre_req"": ""368"", ""sel_2th_pre_bid"": ""-22750"", ""sel_1th_pre_req_pre"": ""0"", ""sel_fpr_req"": ""277"", ""sel_fpr_bid"": ""-22700"", ""buy_fpr_bid"": ""-22650"", ""buy_fpr_req"": ""92"", ""buy_1th_pre_req_pre"": ""0"", ""buy_2th_pre_bid"": ""-22600"", ""buy_2th_pre_req"": ""1299"", ""buy_2th_pre_req_pre"": ""0"", ""buy_3th_pre_bid"": ""-22550"", ""buy_3th_pre_req"": ""960"", ""buy_3th_pre_req_pre"": ""0"", ""buy_4th_pre_bid"": ""-22500"", ""buy_4th_pre_req"": ""1952"", ""buy_4th_pre_req_pre"": ""0"", ""buy_5th_pre_bid"": ""-22450"", ""buy_5th_pre_req"": ""513"", ""buy_5th_pre_req_pre"": ""0"", ""buy_6th_pre_bid"": ""-22400"", ""buy_6th_pre_req"": ""972"", ""buy_6th_pre_req_pre"": ""0"", ""buy_7th_pre_bid"": ""-22350"", ""buy_7th_pre_req"": ""1513"", ""buy_7th_pre_req_pre"": ""0"", ""buy_8th_pre_bid"": ""-22300"", ""buy_8th_pre_req"": ""368"", ""buy_8th_pre_req_pre"": ""0"", ""buy_9th_pre_bid"": ""-22250"", ""buy_9th_pre_req"": ""843"", ""buy_9th_pre_req_pre"": ""0"", ""buy_10th_pre_bid"": ""-22200"", ""buy_10th_pre_req"": ""1468"", ""buy_10th_pre_req_pre"": ""0"", ""tot_sel_req_jub_pre"": ""+600"", ""tot_sel_req"": ""7876"", ""tot_buy_req"": ""9980"", ""tot_buy_req_jub_pre"": ""0"", ""ovt_sel_req_pre"": ""0"", ""ovt_sel_req"": ""0"", ""ovt_buy_req"": ""0"", ""ovt_buy_req_pre"": ""0"", ""return_code"": 0, ""return_msg"": ""정상적으로 처리되었습니다""}"
2026-06-10,scan_candidate,035250,,0,main_scan,15070,,15070,15060,15070,15050,-0.46449900464499,0.06635700066357,,,,,,"{""bid_req_base_tm"": ""112902"", ""sel_10th_pre_req_pre"": ""0"", ""sel_10th_pre_req"": ""121"", ""sel_10th_pre_bid"": ""+15160"", ""sel_9th_pre_req_pre"": ""0"", ""sel_9th_pre_req"": ""14002"", ""sel_9th_pre_bid"": ""+15150"", ""sel_8th_pre_req_pre"": ""0"", ""sel_8th_pre_req"": ""755"", ""sel_8th_pre_bid"": ""+15140"", ""sel_7th_pre_req_pre"": ""0"", ""sel_7th_pre_req"": ""10601"", ""sel_7th_pre_bid"": ""+15130"", ""sel_6th_pre_req_pre"": ""0"", ""sel_6th_pre_req"": ""512"", ""sel_6th_pre_bid"": ""+15120"", ""sel_5th_pre_req_pre"": ""0"", ""sel_5th_pre_req"": ""55"", ""sel_5th_pre_bid"": ""+15110"", ""sel_4th_pre_req_pre"": ""0"", ""sel_4th_pre_req"": ""1760"", ""sel_4th_pre_bid"": ""+15100"", ""sel_3th_pre_req_pre"": ""0"", ""sel_3th_pre_req"": ""140"", ""sel_3th_pre_bid"": ""+15090"", ""sel_2th_pre_req_pre"": ""0"", ""sel_2th_pre_req"": ""206"", ""sel_2th_pre_bid"": ""+15080"", ""sel_1th_pre_req_pre"": ""0"", ""sel_fpr_req"": ""1914"", ""sel_fpr_bid"": ""+15070"", ""buy_fpr_bid"": ""+15060"", ""buy_fpr_req"": ""499"", ""buy_1th_pre_req_pre"": ""0"", ""buy_2th_pre_bid"": ""+15050"", ""buy_2th_pre_req"": ""2516"", ""buy_2th_pre_req_pre"": ""0"", ""buy_3th_pre_bid"": ""+15040"", ""buy_3th_pre_req"": ""823"", ""buy_3th_pre_req_pre"": ""0"", ""buy_4th_pre_bid"": ""+15030"", ""buy_4th_pre_req"": ""151"", ""buy_4th_pre_req_pre"": ""0"", ""buy_5th_pre_bid"": ""+15020"", ""buy_5th_pre_req"": ""237"", ""buy_5th_pre_req_pre"": ""0"", ""buy_6th_pre_bid"": ""+15010"", ""buy_6th_pre_req"": ""200"", ""buy_6th_pre_req_pre"": ""0"", ""buy_7th_pre_bid"": ""+15000"", ""buy_7th_pre_req"": ""331"", ""buy_7th_pre_req_pre"": ""0"", ""buy_8th_pre_bid"": ""+14990"", ""buy_8th_pre_req"": ""133"", ""buy_8th_pre_req_pre"": ""0"", ""buy_9th_pre_bid"": ""+14980"", ""buy_9th_pre_req"": ""117"", ""buy_9th_pre_req_pre"": ""0"", ""buy_10th_pre_bid"": ""+14970"", ""buy_10th_pre_req"": ""94"", ""buy_10th_pre_req_pre"": ""0"", ""tot_sel_req_jub_pre"": ""0"", ""tot_sel_req"": ""30066"", ""tot_buy_req"": ""5101"", ""tot_buy_req_jub_pre"": ""0"", ""ovt_sel_req_pre"": ""0"", ""ovt_sel_req"": ""0"", ""ovt_buy_req"": ""0"", ""ovt_buy_req_pre"": ""0"", ""return_code"": 0, ""return_msg"": ""정상적으로 처리되었습니다""}"
2026-06-10,scan_candidate,001450,,0,main_scan,37500,,37500,37400,37500,37550,0.0,0.26666666666666666,,,,,,"{""bid_req_base_tm"": ""112905"", ""sel_10th_pre_req_pre"": ""0"", ""sel_10th_pre_req"": ""40"", ""sel_10th_pre_bid"": ""+37950"", ""sel_9th_pre_req_pre"": ""0"", ""sel_9th_pre_req"": ""222"", ""sel_9th_pre_bid"": ""+37900"", ""sel_8th_pre_req_pre"": ""0"", ""sel_8th_pre_req"": ""449"", ""sel_8th_pre_bid"": ""+37850"", ""sel_7th_pre_req_pre"": ""0"", ""sel_7th_pre_req"": ""501"", ""sel_7th_pre_bid"": ""+37800"", ""sel_6th_pre_req_pre"": ""0"", ""sel_6th_pre_req"": ""654"", ""sel_6th_pre_bid"": ""+37750"", ""sel_5th_pre_req_pre"": ""0"", ""sel_5th_pre_req"": ""61"", ""sel_5th_pre_bid"": ""+37700"", ""sel_4th_pre_req_pre"": ""0"", ""sel_4th_pre_req"": ""1"", ""sel_4th_pre_bid"": ""+37650"", ""sel_3th_pre_req_pre"": ""0"", ""sel_3th_pre_req"": ""103"", ""sel_3th_pre_bid"": ""+37600"", ""sel_2th_pre_req_pre"": ""0"", ""sel_2th_pre_req"": ""4"", ""sel_2th_pre_bid"": ""+37550"", ""sel_1th_pre_req_pre"": ""0"", ""sel_fpr_req"": ""172"", ""sel_fpr_bid"": ""+37500"", ""buy_fpr_bid"": ""+37400"", ""buy_fpr_req"": ""277"", ""buy_1th_pre_req_pre"": ""--21"", ""buy_2th_pre_bid"": ""+37350"", ""buy_2th_pre_req"": ""640"", ""buy_2th_pre_req_pre"": ""0"", ""buy_3th_pre_bid"": ""+37300"", ""buy_3th_pre_req"": ""768"", ""buy_3th_pre_req_pre"": ""0"", ""buy_4th_pre_bid"": ""+37250"", ""buy_4th_pre_req"": ""209"", ""buy_4th_pre_req_pre"": ""0"", ""buy_5th_pre_bid"": ""+37200"", ""buy_5th_pre_req"": ""488"", ""buy_5th_pre_req_pre"": ""0"", ""buy_6th_pre_bid"": ""+37150"", ""buy_6th_pre_req"": ""73"", ""buy_6th_pre_req_pre"": ""0"", ""buy_7th_pre_bid"": ""+37100"", ""buy_7th_pre_req"": ""690"", ""buy_7th_pre_req_pre"": ""0"", ""buy_8th_pre_bid"": ""+37050"", ""buy_8th_pre_req"": ""2824"", ""buy_8th_pre_req_pre"": ""0"", ""buy_9th_pre_bid"": ""+37000"", ""buy_9th_pre_req"": ""741"", ""buy_9th_pre_req_pre"": ""0"", ""buy_10th_pre_bid"": ""+36950"", ""buy_10th_pre_req"": ""137"", ""buy_10th_pre_req_pre"": ""0"", ""tot_sel_req_jub_pre"": ""0"", ""tot_sel_req"": ""2207"", ""tot_buy_req"": ""6847"", ""tot_buy_req_jub_pre"": ""--21"", ""ovt_sel_req_pre"": ""0"", ""ovt_sel_req"": ""0"", ""ovt_buy_req"": ""0"", ""ovt_buy_req_pre"": ""0"", ""return_code"": 0, ""return_msg"": ""정상적으로 처리되었습니다""}"
2026-06-10,scan_candidate,036460,,0,main_scan,34600,,34600,34550,34600,34550,-0.2890173410404624,0.1445086705202312,,,,,,"{""bid_req_base_tm"": ""112902"", ""sel_10th_pre_req_pre"": ""0"", ""sel_10th_pre_req"": ""74"", ""sel_10th_pre_bid"": ""+35050"", ""sel_9th_pre_req_pre"": ""0"", ""sel_9th_pre_req"": ""4476"", ""sel_9th_pre_bid"": ""+35000"", ""sel_8th_pre_req_pre"": ""0"", ""sel_8th_pre_req"": ""70"", ""sel_8th_pre_bid"": ""+34950"", ""sel_7th_pre_req_pre"": ""0"", ""sel_7th_pre_req"": ""619"", ""sel_7th_pre_bid"": ""+34900"", ""sel_6th_pre_req_pre"": ""0"", ""sel_6th_pre_req"": ""533"", ""sel_6th_pre_bid"": ""+34850"", ""sel_5th_pre_req_pre"": ""0"", ""sel_5th_pre_req"": ""112"", ""sel_5th_pre_bid"": ""+34800"", ""sel_4th_pre_req_pre"": ""0"", ""sel_4th_pre_req"": ""578"", ""sel_4th_pre_bid"": ""+34750"", ""sel_3th_pre_req_pre"": ""0"", ""sel_3th_pre_req"": ""662"", ""sel_3th_pre_bid"": ""+34700"", ""sel_2th_pre_req_pre"": ""0"", ""sel_2th_pre_req"": ""550"", ""sel_2th_pre_bid"": ""+34650"", ""sel_1th_pre_req_pre"": ""0"", ""sel_fpr_req"": ""767"", ""sel_fpr_bid"": ""+34600"", ""buy_fpr_bid"": ""+34550"", ""buy_fpr_req"": ""1154"", ""buy_1th_pre_req_pre"": ""+15"", ""buy_2th_pre_bid"": ""+34500"", ""buy_2th_pre_req"": ""278"", ""buy_2th_pre_req_pre"": ""0"", ""buy_3th_pre_bid"": ""+34450"", ""buy_3th_pre_req"": ""500"", ""buy_3th_pre_req_pre"": ""0"", ""buy_4th_pre_bid"": ""+34400"", ""buy_4th_pre_req"": ""523"", ""buy_4th_pre_req_pre"": ""0"", ""buy_5th_pre_bid"": ""+34350"", ""buy_5th_pre_req"": ""318"", ""buy_5th_pre_req_pre"": ""0"", ""buy_6th_pre_bid"": ""+34300"", ""buy_6th_pre_req"": ""1882"", ""buy_6th_pre_req_pre"": ""0"", ""buy_7th_pre_bid"": ""+34250"", ""buy_7th_pre_req"": ""601"", ""buy_7th_pre_req_pre"": ""0"", ""buy_8th_pre_bid"": ""+34200"", ""buy_8th_pre_req"": ""761"", ""buy_8th_pre_req_pre"": ""0"", ""buy_9th_pre_bid"": ""+34150"", ""buy_9th_pre_req"": ""594"", ""buy_9th_pre_req_pre"": ""0"", ""buy_10th_pre_bid"": ""+34100"", ""buy_10th_pre_req"": ""700"", ""buy_10th_pre_req_pre"": ""0"", ""tot_sel_req_jub_pre"": ""0"", ""tot_sel_req"": ""8441"", ""tot_buy_req"": ""7311"", ""tot_buy_req_jub_pre"": ""+15"", ""ovt_sel_req_pre"": ""0"", ""ovt_sel_req"": ""0"", ""ovt_buy_req"": ""0"", ""ovt_buy_req_pre"": ""0"", ""return_code"": 0, ""return_msg"": ""정상적으로 처리되었습니다""}"
2026-06-10,scan_candidate,007810,,0,main_scan,118600,,118600,118400,118600,118500,-0.5059021922428331,0.16863406408094433,,,,,,"{""bid_req_base_tm"": ""112906"", ""sel_10th_pre_req_pre"": ""0"", ""sel_10th_pre_req"": ""434"", ""sel_10th_pre_bid"": ""120300"", ""sel_9th_pre_req_pre"": ""0"", ""sel_9th_pre_req"": ""113"", ""sel_9th_pre_bid"": ""-120200"", ""sel_8th_pre_req_pre"": ""0"", ""sel_8th_pre_req"": ""4"", ""sel_8th_pre_bid"": ""-120100"", ""sel_7th_pre_req_pre"": ""0"", ""sel_7th_pre_req"": ""23"", ""sel_7th_pre_bid"": ""-120000"", ""sel_6th_pre_req_pre"": ""0"", ""sel_6th_pre_req"": ""47"", ""sel_6th_pre_bid"": ""-119600"", ""sel_5th_pre_req_pre"": ""0"", ""sel_5th_pre_req"": ""35"", ""sel_5th_pre_bid"": ""-119200"", ""sel_4th_pre_req_pre"": ""0"", ""sel_4th_pre_req"": ""14"", ""sel_4th_pre_bid"": ""-119100"", ""sel_3th_pre_req_pre"": ""0"", ""sel_3th_pre_req"": ""29"", ""sel_3th_pre_bid"": ""-119000"", ""sel_2th_pre_req_pre"": ""0"", ""sel_2th_pre_req"": ""68"", ""sel_2th_pre_bid"": ""-118700"", ""sel_1th_pre_req_pre"": ""+1"", ""sel_fpr_req"": ""33"", ""sel_fpr_bid"": ""-118600"", ""buy_fpr_bid"": ""-118400"", ""buy_fpr_req"": ""69"", ""buy_1th_pre_req_pre"": ""0"", ""buy_2th_pre_bid"": ""-118300"", ""buy_2th_pre_req"": ""82"", ""buy_2th_pre_req_pre"": ""0"", ""buy_3th_pre_bid"": ""-118200"", ""buy_3th_pre_req"": ""76"", ""buy_3th_pre_req_pre"": ""0"", ""buy_4th_pre_bid"": ""-118100"", ""buy_4th_pre_req"": ""90"", ""buy_4th_pre_req_pre"": ""0"", ""buy_5th_pre_bid"": ""-118000"", ""buy_5th_pre_req"": ""60"", ""buy_5th_pre_req_pre"": ""0"", ""buy_6th_pre_bid"": ""-117900"", ""buy_6th_pre_req"": ""98"", ""buy_6th_pre_req_pre"": ""0"", ""buy_7th_pre_bid"": ""-117800"", ""buy_7th_pre_req"": ""32"", ""buy_7th_pre_req_pre"": ""0"", ""buy_8th_pre_bid"": ""-117700"", ""buy_8th_pre_req"": ""163"", ""buy_8th_pre_req_pre"": ""0"", ""buy_9th_pre_bid"": ""-117600"", ""buy_9th_pre_req"": ""9"", ""buy_9th_pre_req_pre"": ""0"", ""buy_10th_pre_bid"": ""-117500"", ""buy_10th_pre_req"": ""30"", ""buy_10th_pre_req_pre"": ""0"", ""tot_sel_req_jub_pre"": ""+1"", ""tot_sel_req"": ""800"", ""tot_buy_req"": ""709"", ""tot_buy_req_jub_pre"": ""0"", ""ovt_sel_req_pre"": ""0"", ""ovt_sel_req"": ""0"", ""ovt_buy_req"": ""0"", ""ovt_buy_req_pre"": ""0"", ""return_code"": 0, ""return_msg"": ""정상적으로 처리되었습니다""}"
2026-06-10,scan_candidate,001740,,0,main_scan,13900,,13900,13890,13900,13900,-0.3597122302158274,0.07194244604316546,,,,,,"{""bid_req_base_tm"": ""112906"", ""sel_10th_pre_req_pre"": ""0"", ""sel_10th_pre_req"": ""1355"", ""sel_10th_pre_bid"": ""-13990"", ""sel_9th_pre_req_pre"": ""0"", ""sel_9th_pre_req"": ""512"", ""sel_9th_pre_bid"": ""-13980"", ""sel_8th_pre_req_pre"": ""0"", ""sel_8th_pre_req"": ""242"", ""sel_8th_pre_bid"": ""-13970"", ""sel_7th_pre_req_pre"": ""0"", ""sel_7th_pre_req"": ""264"", ""sel_7th_pre_bid"": ""-13960"", ""sel_6th_pre_req_pre"": ""0"", ""sel_6th_pre_req"": ""432"", ""sel_6th_pre_bid"": ""-13950"", ""sel_5th_pre_req_pre"": ""0"", ""sel_5th_pre_req"": ""1011"", ""sel_5th_pre_bid"": ""-13940"", ""sel_4th_pre_req_pre"": ""0"", ""sel_4th_pre_req"": ""1243"", ""sel_4th_pre_bid"": ""-13930"", ""sel_3th_pre_req_pre"": ""0"", ""sel_3th_pre_req"": ""508"", ""sel_3th_pre_bid"": ""-13920"", ""sel_2th_pre_req_pre"": ""0"", ""sel_2th_pre_req"": ""340"", ""sel_2th_pre_bid"": ""-13910"", ""sel_1th_pre_req_pre"": ""--100"", ""sel_fpr_req"": ""596"", ""sel_fpr_bid"": ""-13900"", ""buy_fpr_bid"": ""-13890"", ""buy_fpr_req"": ""500"", ""buy_1th_pre_req_pre"": ""0"", ""buy_2th_pre_bid"": ""-13880"", ""buy_2th_pre_req"": ""479"", ""buy_2th_pre_req_pre"": ""0"", ""buy_3th_pre_bid"": ""-13870"", ""buy_3th_pre_req"": ""928"", ""buy_3th_pre_req_pre"": ""0"", ""buy_4th_pre_bid"": ""-13860"", ""buy_4th_pre_req"": ""2073"", ""buy_4th_pre_req_pre"": ""0"", ""buy_5th_pre_bid"": ""-13850"", ""buy_5th_pre_req"": ""464"", ""buy_5th_pre_req_pre"": ""0"", ""buy_6th_pre_bid"": ""-13840"", ""buy_6th_pre_req"": ""1697"", ""buy_6th_pre_req_pre"": ""0"", ""buy_7th_pre_bid"": ""-13830"", ""buy_7th_pre_req"": ""1600"", ""buy_7th_pre_req_pre"": ""0"", ""buy_8th_pre_bid"": ""-13820"", ""buy_8th_pre_req"": ""3154"", ""buy_8th_pre_req_pre"": ""0"", ""buy_9th_pre_bid"": ""-13810"", ""buy_9th_pre_req"": ""10033"", ""buy_9th_pre_req_pre"": ""0"", ""buy_10th_pre_bid"": ""-13800"", ""buy_10th_pre_req"": ""19229"", ""buy_10th_pre_req_pre"": ""+133"", ""tot_sel_req_jub_pre"": ""--100"", ""tot_sel_req"": ""6503"", ""tot_buy_req"": ""40157"", ""tot_buy_req_jub_pre"": ""+133"", ""ovt_sel_req_pre"": ""0"", ""ovt_sel_req"": ""0"", ""ovt_buy_req"": ""0"", ""ovt_buy_req_pre"": ""0"", ""return_code"": 0, ""return_msg"": ""정상적으로 처리되었습니다""}"
2026-06-10,scan_candidate,383220,,0,main_scan,75900,,75900,75700,75900,75600,-0.5270092226613966,0.2635046113306983,,,,,,"{""bid_req_base_tm"": ""112903"", ""sel_10th_pre_req_pre"": ""0"", ""sel_10th_pre_req"": ""13"", ""sel_10th_pre_bid"": ""+76800"", ""sel_9th_pre_req_pre"": ""0"", ""sel_9th_pre_req"": ""9"", ""sel_9th_pre_bid"": ""+76700"", ""sel_8th_pre_req_pre"": ""0"", ""sel_8th_pre_req"": ""31"", ""sel_8th_pre_bid"": ""+76600"", ""sel_7th_pre_req_pre"": ""0"", ""sel_7th_pre_req"": ""56"", ""sel_7th_pre_bid"": ""+76500"", ""sel_6th_pre_req_pre"": ""0"", ""sel_6th_pre_req"": ""10"", ""sel_6th_pre_bid"": ""+76400"", ""sel_5th_pre_req_pre"": ""0"", ""sel_5th_pre_req"": ""17"", ""sel_5th_pre_bid"": ""+76300"", ""sel_4th_pre_req_pre"": ""0"", ""sel_4th_pre_req"": ""129"", ""sel_4th_pre_bid"": ""+76200"", ""sel_3th_pre_req_pre"": ""0"", ""sel_3th_pre_req"": ""13"", ""sel_3th_pre_bid"": ""+76100"", ""sel_2th_pre_req_pre"": ""0"", ""sel_2th_pre_req"": ""17"", ""sel_2th_pre_bid"": ""+76000"", ""sel_1th_pre_req_pre"": ""+7"", ""sel_fpr_req"": ""31"", ""sel_fpr_bid"": ""+75900"", ""buy_fpr_bid"": ""+75700"", ""buy_fpr_req"": ""43"", ""buy_1th_pre_req_pre"": ""0"", ""buy_2th_pre_bid"": ""+75500"", ""buy_2th_pre_req"": ""61"", ""buy_2th_pre_req_pre"": ""0"", ""buy_3th_pre_bid"": ""+75400"", ""buy_3th_pre_req"": ""46"", ""buy_3th_pre_req_pre"": ""0"", ""buy_4th_pre_bid"": ""+75300"", ""buy_4th_pre_req"": ""16"", ""buy_4th_pre_req_pre"": ""0"", ""buy_5th_pre_bid"": ""+75200"", ""buy_5th_pre_req"": ""10"", ""buy_5th_pre_req_pre"": ""0"", ""buy_6th_pre_bid"": ""+75000"", ""buy_6th_pre_req"": ""1"", ""buy_6th_pre_req_pre"": ""0"", ""buy_7th_pre_bid"": ""+74900"", ""buy_7th_pre_req"": ""20"", ""buy_7th_pre_req_pre"": ""0"", ""buy_8th_pre_bid"": ""+74700"", ""buy_8th_pre_req"": ""109"", ""buy_8th_pre_req_pre"": ""0"", ""buy_9th_pre_bid"": ""74600"", ""buy_9th_pre_req"": ""20"", ""buy_9th_pre_req_pre"": ""0"", ""buy_10th_pre_bid"": ""-74500"", ""buy_10th_pre_req"": ""27"", ""buy_10th_pre_req_pre"": ""0"", ""tot_sel_req_jub_pre"": ""+7"", ""tot_sel_req"": ""326"", ""tot_buy_req"": ""353"", ""tot_buy_req_jub_pre"": ""0"", ""ovt_sel_req_pre"": ""0"", ""ovt_sel_req"": ""0"", ""ovt_buy_req"": ""0"", ""ovt_buy_req_pre"": ""0"", ""return_code"": 0, ""return_msg"": ""정상적으로 처리되었습니다""}"
2026-06-10,scan_candidate,014680,,0,main_scan,260500,,260500,260000,260500,262000,0.3838771593090211,0.19193857965451055,,,,,,"{""bid_req_base_tm"": ""112904"", ""sel_10th_pre_req_pre"": ""0"", ""sel_10th_pre_req"": ""40"", ""sel_10th_pre_bid"": ""+265000"", ""sel_9th_pre_req_pre"": ""0"", ""sel_9th_pre_req"": ""3"", ""sel_9th_pre_bid"": ""+264500"", ""sel_8th_pre_req_pre"": ""0"", ""sel_8th_pre_req"": ""86"", ""sel_8th_pre_bid"": ""+264000"", ""sel_7th_pre_req_pre"": ""0"", ""sel_7th_pre_req"": ""13"", ""sel_7th_pre_bid"": ""+263500"", ""sel_6th_pre_req_pre"": ""0"", ""sel_6th_pre_req"": ""10"", ""sel_6th_pre_bid"": ""+263000"", ""sel_5th_pre_req_pre"": ""0"", ""sel_5th_pre_req"": ""4"", ""sel_5th_pre_bid"": ""+262500"", ""sel_4th_pre_req_pre"": ""0"", ""sel_4th_pre_req"": ""2"", ""sel_4th_pre_bid"": ""+262000"", ""sel_3th_pre_req_pre"": ""0"", ""sel_3th_pre_req"": ""2"", ""sel_3th_pre_bid"": ""+261500"", ""sel_2th_pre_req_pre"": ""0"", ""sel_2th_pre_req"": ""21"", ""sel_2th_pre_bid"": ""+261000"", ""sel_1th_pre_req_pre"": ""+2"", ""sel_fpr_req"": ""31"", ""sel_fpr_bid"": ""+260500"", ""buy_fpr_bid"": ""+260000"", ""buy_fpr_req"": ""4"", ""buy_1th_pre_req_pre"": ""0"", ""buy_2th_pre_bid"": ""+259500"", ""buy_2th_pre_req"": ""260"", ""buy_2th_pre_req_pre"": ""0"", ""buy_3th_pre_bid"": ""+259000"", ""buy_3th_pre_req"": ""239"", ""buy_3th_pre_req_pre"": ""0"", ""buy_4th_pre_bid"": ""+258500"", ""buy_4th_pre_req"": ""239"", ""buy_4th_pre_req_pre"": ""0"", ""buy_5th_pre_bid"": ""+258000"", ""buy_5th_pre_req"": ""236"", ""buy_5th_pre_req_pre"": ""0"", ""buy_6th_pre_bid"": ""+257500"", ""buy_6th_pre_req"": ""202"", ""buy_6th_pre_req_pre"": ""0"", ""buy_7th_pre_bid"": ""+257000"", ""buy_7th_pre_req"": ""205"", ""buy_7th_pre_req_pre"": ""0"", ""buy_8th_pre_bid"": ""+256500"", ""buy_8th_pre_req"": ""208"", ""buy_8th_pre_req_pre"": ""0"", ""buy_9th_pre_bid"": ""+256000"", ""buy_9th_pre_req"": ""203"", ""buy_9th_pre_req_pre"": ""0"", ""buy_10th_pre_bid"": ""+255500"", ""buy_10th_pre_req"": ""279"", ""buy_10th_pre_req_pre"": ""0"", ""tot_sel_req_jub_pre"": ""+2"", ""tot_sel_req"": ""212"", ""tot_buy_req"": ""2075"", ""tot_buy_req_jub_pre"": ""0"", ""ovt_sel_req_pre"": ""0"", ""ovt_sel_req"": ""0"", ""ovt_buy_req"": ""0"", ""ovt_buy_req_pre"": ""0"", ""return_code"": 0, ""return_msg"": ""정상적으로 처리되었습니다""}"
2026-06-10,scan_candidate,028670,,0,main_scan,5050,,5050,5040,5050,5050,-0.19801980198019803,0.19801980198019803,,,,,,"{""bid_req_base_tm"": ""112907"", ""sel_10th_pre_req_pre"": ""0"", ""sel_10th_pre_req"": ""1411"", ""sel_10th_pre_bid"": ""-5140"", ""sel_9th_pre_req_pre"": ""0"", ""sel_9th_pre_req"": ""3189"", ""sel_9th_pre_bid"": ""-5130"", ""sel_8th_pre_req_pre"": ""0"", ""sel_8th_pre_req"": ""3050"", ""sel_8th_pre_bid"": ""-5120"", ""sel_7th_pre_req_pre"": ""0"", ""sel_7th_pre_req"": ""301"", ""sel_7th_pre_bid"": ""-5110"", ""sel_6th_pre_req_pre"": ""0"", ""sel_6th_pre_req"": ""1011"", ""sel_6th_pre_bid"": ""-5100"", ""sel_5th_pre_req_pre"": ""0"", ""sel_5th_pre_req"": ""1935"", ""sel_5th_pre_bid"": ""-5090"", ""sel_4th_pre_req_pre"": ""0"", ""sel_4th_pre_req"": ""1617"", ""sel_4th_pre_bid"": ""-5080"", ""sel_3th_pre_req_pre"": ""0"", ""sel_3th_pre_req"": ""1085"", ""sel_3th_pre_bid"": ""-5070"", ""sel_2th_pre_req_pre"": ""0"", ""sel_2th_pre_req"": ""3929"", ""sel_2th_pre_bid"": ""-5060"", ""sel_1th_pre_req_pre"": ""0"", ""sel_fpr_req"": ""683"", ""sel_fpr_bid"": ""-5050"", ""buy_fpr_bid"": ""-5040"", ""buy_fpr_req"": ""259"", ""buy_1th_pre_req_pre"": ""+5"", ""buy_2th_pre_bid"": ""-5030"", ""buy_2th_pre_req"": ""455"", ""buy_2th_pre_req_pre"": ""0"", ""buy_3th_pre_bid"": ""-5020"", ""buy_3th_pre_req"": ""835"", ""buy_3th_pre_req_pre"": ""0"", ""buy_4th_pre_bid"": ""-5010"", ""buy_4th_pre_req"": ""2125"", ""buy_4th_pre_req_pre"": ""0"", ""buy_5th_pre_bid"": ""-5000"", ""buy_5th_pre_req"": ""7390"", ""buy_5th_pre_req_pre"": ""0"", ""buy_6th_pre_bid"": ""-4995"", ""buy_6th_pre_req"": ""1110"", ""buy_6th_pre_req_pre"": ""0"", ""buy_7th_pre_bid"": ""-4990"", ""buy_7th_pre_req"": ""125"", ""buy_7th_pre_req_pre"": ""0"", ""buy_8th_pre_bid"": ""-4985"", ""buy_8th_pre_req"": ""23"", ""buy_8th_pre_req_pre"": ""0"", ""buy_9th_pre_bid"": ""-4980"", ""buy_9th_pre_req"": ""1691"", ""buy_9th_pre_req_pre"": ""0"", ""buy_10th_pre_bid"": ""-4975"", ""buy_10th_pre_req"": ""1006"", ""buy_10th_pre_req_pre"": ""0"", ""tot_sel_req_jub_pre"": ""0"", ""tot_sel_req"": ""18211"", ""tot_buy_req"": ""15019"", ""tot_buy_req_jub_pre"": ""+5"", ""ovt_sel_req_pre"": ""0"", ""ovt_sel_req"": ""0"", ""ovt_buy_req"": ""0"", ""ovt_buy_req_pre"": ""0"", ""return_code"": 0, ""return_msg"": ""정상적으로 처리되었습니다""}"
2026-06-10,scan_candidate,009420,,0,main_scan,49750,,49750,49650,49750,50100,0.5025125628140703,0.20100502512562815,,,,,,"{""bid_req_base_tm"": ""112906"", ""sel_10th_pre_req_pre"": ""0"", ""sel_10th_pre_req"": ""18"", ""sel_10th_pre_bid"": ""-50800"", ""sel_9th_pre_req_pre"": ""0"", ""sel_9th_pre_req"": ""61"", ""sel_9th_pre_bid"": ""-50700"", ""sel_8th_pre_req_pre"": ""0"", ""sel_8th_pre_req"": ""23"", ""sel_8th_pre_bid"": ""-50600"", ""sel_7th_pre_req_pre"": ""0"", ""sel_7th_pre_req"": ""105"", ""sel_7th_pre_bid"": ""-50500"", ""sel_6th_pre_req_pre"": ""0"", ""sel_6th_pre_req"": ""208"", ""sel_6th_pre_bid"": ""-50400"", ""sel_5th_pre_req_pre"": ""0"", ""sel_5th_pre_req"": ""7"", ""sel_5th_pre_bid"": ""-50300"", ""sel_4th_pre_req_pre"": ""0"", ""sel_4th_pre_req"": ""14"", ""sel_4th_pre_bid"": ""-50100"", ""sel_3th_pre_req_pre"": ""0"", ""sel_3th_pre_req"": ""196"", ""sel_3th_pre_bid"": ""-49850"", ""sel_2th_pre_req_pre"": ""+7"", ""sel_2th_pre_req"": ""55"", ""sel_2th_pre_bid"": ""-49800"", ""sel_1th_pre_req_pre"": ""0"", ""sel_fpr_req"": ""235"", ""sel_fpr_bid"": ""-49750"", ""buy_fpr_bid"": ""-49650"", ""buy_fpr_req"": ""153"", ""buy_1th_pre_req_pre"": ""0"", ""buy_2th_pre_bid"": ""-49600"", ""buy_2th_pre_req"": ""78"", ""buy_2th_pre_req_pre"": ""0"", ""buy_3th_pre_bid"": ""-49550"", ""buy_3th_pre_req"": ""362"", ""buy_3th_pre_req_pre"": ""0"", ""buy_4th_pre_bid"": ""-49500"", ""buy_4th_pre_req"": ""1957"", ""buy_4th_pre_req_pre"": ""0"", ""buy_5th_pre_bid"": ""-49450"", ""buy_5th_pre_req"": ""171"", ""buy_5th_pre_req_pre"": ""0"", ""buy_6th_pre_bid"": ""-49400"", ""buy_6th_pre_req"": ""189"", ""buy_6th_pre_req_pre"": ""0"", ""buy_7th_pre_bid"": ""-49350"", ""buy_7th_pre_req"": ""46"", ""buy_7th_pre_req_pre"": ""0"", ""buy_8th_pre_bid"": ""-49300"", ""buy_8th_pre_req"": ""58"", ""buy_8th_pre_req_pre"": ""0"", ""buy_9th_pre_bid"": ""-49250"", ""buy_9th_pre_req"": ""17"", ""buy_9th_pre_req_pre"": ""0"", ""buy_10th_pre_bid"": ""-49200"", ""buy_10th_pre_req"": ""70"", ""buy_10th_pre_req_pre"": ""0"", ""tot_sel_req_jub_pre"": ""+7"", ""tot_sel_req"": ""922"", ""tot_buy_req"": ""3101"", ""tot_buy_req_jub_pre"": ""0"", ""ovt_sel_req_pre"": ""0"", ""ovt_sel_req"": ""0"", ""ovt_buy_req"": ""0"", ""ovt_buy_req_pre"": ""0"", ""return_code"": 0, ""return_msg"": ""정상적으로 처리되었습니다""}"
2026-06-10,scan_candidate,375500,,0,main_scan,70900,,70900,70600,70900,70600,-0.5641748942172073,0.4231311706629055,,,,,,"{""bid_req_base_tm"": ""112905"", ""sel_10th_pre_req_pre"": ""0"", ""sel_10th_pre_req"": ""202"", ""sel_10th_pre_bid"": ""+71800"", ""sel_9th_pre_req_pre"": ""0"", ""sel_9th_pre_req"": ""225"", ""sel_9th_pre_bid"": ""+71700"", ""sel_8th_pre_req_pre"": ""0"", ""sel_8th_pre_req"": ""281"", ""sel_8th_pre_bid"": ""+71600"", ""sel_7th_pre_req_pre"": ""0"", ""sel_7th_pre_req"": ""755"", ""sel_7th_pre_bid"": ""+71500"", ""sel_6th_pre_req_pre"": ""0"", ""sel_6th_pre_req"": ""562"", ""sel_6th_pre_bid"": ""+71400"", ""sel_5th_pre_req_pre"": ""0"", ""sel_5th_pre_req"": ""89"", ""sel_5th_pre_bid"": ""+71300"", ""sel_4th_pre_req_pre"": ""0"", ""sel_4th_pre_req"": ""97"", ""sel_4th_pre_bid"": ""+71200"", ""sel_3th_pre_req_pre"": ""0"", ""sel_3th_pre_req"": ""212"", ""sel_3th_pre_bid"": ""+71100"", ""sel_2th_pre_req_pre"": ""0"", ""sel_2th_pre_req"": ""55"", ""sel_2th_pre_bid"": ""+71000"", ""sel_1th_pre_req_pre"": ""+3"", ""sel_fpr_req"": ""142"", ""sel_fpr_bid"": ""+70900"", ""buy_fpr_bid"": ""+70600"", ""buy_fpr_req"": ""29"", ""buy_1th_pre_req_pre"": ""0"", ""buy_2th_pre_bid"": ""+70500"", ""buy_2th_pre_req"": ""491"", ""buy_2th_pre_req_pre"": ""0"", ""buy_3th_pre_bid"": ""+70400"", ""buy_3th_pre_req"": ""190"", ""buy_3th_pre_req_pre"": ""0"", ""buy_4th_pre_bid"": ""+70300"", ""buy_4th_pre_req"": ""94"", ""buy_4th_pre_req_pre"": ""0"", ""buy_5th_pre_bid"": ""+70200"", ""buy_5th_pre_req"": ""87"", ""buy_5th_pre_req_pre"": ""0"", ""buy_6th_pre_bid"": ""+70100"", ""buy_6th_pre_req"": ""499"", ""buy_6th_pre_req_pre"": ""0"", ""buy_7th_pre_bid"": ""+70000"", ""buy_7th_pre_req"": ""130"", ""buy_7th_pre_req_pre"": ""0"", ""buy_8th_pre_bid"": ""+69900"", ""buy_8th_pre_req"": ""86"", ""buy_8th_pre_req_pre"": ""0"", ""buy_9th_pre_bid"": ""+69800"", ""buy_9th_pre_req"": ""197"", ""buy_9th_pre_req_pre"": ""0"", ""buy_10th_pre_bid"": ""+69700"", ""buy_10th_pre_req"": ""17"", ""buy_10th_pre_req_pre"": ""0"", ""tot_sel_req_jub_pre"": ""+3"", ""tot_sel_req"": ""2620"", ""tot_buy_req"": ""1820"", ""tot_buy_req_jub_pre"": ""0"", ""ovt_sel_req_pre"": ""0"", ""ovt_sel_req"": ""0"", ""ovt_buy_req"": ""0"", ""ovt_buy_req_pre"": ""0"", ""return_code"": 0, ""return_msg"": ""정상적으로 처리되었습니다""}"
2026-06-10,scan_candidate,004990,,0,main_scan,25650,,25650,25600,25650,25700,0.0,0.1949317738791423,,,,,,"{""bid_req_base_tm"": ""112901"", ""sel_10th_pre_req_pre"": ""0"", ""sel_10th_pre_req"": ""3091"", ""sel_10th_pre_bid"": ""26150"", ""sel_9th_pre_req_pre"": ""0"", ""sel_9th_pre_req"": ""429"", ""sel_9th_pre_bid"": ""-26100"", ""sel_8th_pre_req_pre"": ""0"", ""sel_8th_pre_req"": ""56"", ""sel_8th_pre_bid"": ""-26050"", ""sel_7th_pre_req_pre"": ""0"", ""sel_7th_pre_req"": ""118"", ""sel_7th_pre_bid"": ""-26000"", ""sel_6th_pre_req_pre"": ""0"", ""sel_6th_pre_req"": ""210"", ""sel_6th_pre_bid"": ""-25950"", ""sel_5th_pre_req_pre"": ""0"", ""sel_5th_pre_req"": ""2"", ""sel_5th_pre_bid"": ""-25850"", ""sel_4th_pre_req_pre"": ""0"", ""sel_4th_pre_req"": ""84"", ""sel_4th_pre_bid"": ""-25800"", ""sel_3th_pre_req_pre"": ""0"", ""sel_3th_pre_req"": ""7"", ""sel_3th_pre_bid"": ""-25750"", ""sel_2th_pre_req_pre"": ""0"", ""sel_2th_pre_req"": ""242"", ""sel_2th_pre_bid"": ""-25700"", ""sel_1th_pre_req_pre"": ""--25"", ""sel_fpr_req"": ""150"", ""sel_fpr_bid"": ""-25650"", ""buy_fpr_bid"": ""-25600"", ""buy_fpr_req"": ""442"", ""buy_1th_pre_req_pre"": ""0"", ""buy_2th_pre_bid"": ""-25550"", ""buy_2th_pre_req"": ""483"", ""buy_2th_pre_req_pre"": ""0"", ""buy_3th_pre_bid"": ""-25500"", ""buy_3th_pre_req"": ""975"", ""buy_3th_pre_req_pre"": ""0"", ""buy_4th_pre_bid"": ""-25450"", ""buy_4th_pre_req"": ""197"", ""buy_4th_pre_req_pre"": ""0"", ""buy_5th_pre_bid"": ""-25400"", ""buy_5th_pre_req"": ""663"", ""buy_5th_pre_req_pre"": ""0"", ""buy_6th_pre_bid"": ""-25350"", ""buy_6th_pre_req"": ""440"", ""buy_6th_pre_req_pre"": ""0"", ""buy_7th_pre_bid"": ""-25300"", ""buy_7th_pre_req"": ""430"", ""buy_7th_pre_req_pre"": ""0"", ""buy_8th_pre_bid"": ""-25250"", ""buy_8th_pre_req"": ""819"", ""buy_8th_pre_req_pre"": ""0"", ""buy_9th_pre_bid"": ""-25200"", ""buy_9th_pre_req"": ""742"", ""buy_9th_pre_req_pre"": ""0"", ""buy_10th_pre_bid"": ""-25150"", ""buy_10th_pre_req"": ""1573"", ""buy_10th_pre_req_pre"": ""0"", ""tot_sel_req_jub_pre"": ""--25"", ""tot_sel_req"": ""4389"", ""tot_buy_req"": ""6764"", ""tot_buy_req_jub_pre"": ""0"", ""ovt_sel_req_pre"": ""0"", ""ovt_sel_req"": ""0"", ""ovt_buy_req"": ""0"", ""ovt_buy_req_pre"": ""0"", ""return_code"": 0, ""return_msg"": ""정상적으로 처리되었습니다""}"
2026-06-10,scan_candidate,483650,,0,main_scan,205500,,205500,204500,205500,207000,0.48661800486618007,0.48661800486618007,,,,,,"{""bid_req_base_tm"": ""112906"", ""sel_10th_pre_req_pre"": ""0"", ""sel_10th_pre_req"": ""720"", ""sel_10th_pre_bid"": ""+210000"", ""sel_9th_pre_req_pre"": ""0"", ""sel_9th_pre_req"": ""758"", ""sel_9th_pre_bid"": ""+209500"", ""sel_8th_pre_req_pre"": ""0"", ""sel_8th_pre_req"": ""1467"", ""sel_8th_pre_bid"": ""+209000"", ""sel_7th_pre_req_pre"": ""0"", ""sel_7th_pre_req"": ""897"", ""sel_7th_pre_bid"": ""+208500"", ""sel_6th_pre_req_pre"": ""0"", ""sel_6th_pre_req"": ""799"", ""sel_6th_pre_bid"": ""+208000"", ""sel_5th_pre_req_pre"": ""0"", ""sel_5th_pre_req"": ""100"", ""sel_5th_pre_bid"": ""+207500"", ""sel_4th_pre_req_pre"": ""0"", ""sel_4th_pre_req"": ""151"", ""sel_4th_pre_bid"": ""+207000"", ""sel_3th_pre_req_pre"": ""0"", ""sel_3th_pre_req"": ""245"", ""sel_3th_pre_bid"": ""+206500"", ""sel_2th_pre_req_pre"": ""0"", ""sel_2th_pre_req"": ""190"", ""sel_2th_pre_bid"": ""+206000"", ""sel_1th_pre_req_pre"": ""0"", ""sel_fpr_req"": ""172"", ""sel_fpr_bid"": ""+205500"", ""buy_fpr_bid"": ""+204500"", ""buy_fpr_req"": ""237"", ""buy_1th_pre_req_pre"": ""+2"", ""buy_2th_pre_bid"": ""+204000"", ""buy_2th_pre_req"": ""5504"", ""buy_2th_pre_req_pre"": ""0"", ""buy_3th_pre_bid"": ""+203500"", ""buy_3th_pre_req"": ""30"", ""buy_3th_pre_req_pre"": ""0"", ""buy_4th_pre_bid"": ""+203000"", ""buy_4th_pre_req"": ""40"", ""buy_4th_pre_req_pre"": ""0"", ""buy_5th_pre_bid"": ""+202500"", ""buy_5th_pre_req"": ""37"", ""buy_5th_pre_req_pre"": ""0"", ""buy_6th_pre_bid"": ""+202000"", ""buy_6th_pre_req"": ""40"", ""buy_6th_pre_req_pre"": ""0"", ""buy_7th_pre_bid"": ""+201500"", ""buy_7th_pre_req"": ""136"", ""buy_7th_pre_req_pre"": ""0"", ""buy_8th_pre_bid"": ""+201000"", ""buy_8th_pre_req"": ""323"", ""buy_8th_pre_req_pre"": ""0"", ""buy_9th_pre_bid"": ""+200500"", ""buy_9th_pre_req"": ""101"", ""buy_9th_pre_req_pre"": ""0"", ""buy_10th_pre_bid"": ""+200000"", ""buy_10th_pre_req"": ""397"", ""buy_10th_pre_req_pre"": ""0"", ""tot_sel_req_jub_pre"": ""0"", ""tot_sel_req"": ""5499"", ""tot_buy_req"": ""6845"", ""tot_buy_req_jub_pre"": ""+2"", ""ovt_sel_req_pre"": ""0"", ""ovt_sel_req"": ""0"", ""ovt_buy_req"": ""0"", ""ovt_buy_req_pre"": ""0"", ""return_code"": 0, ""return_msg"": ""정상적으로 처리되었습니다""}"
2026-06-10,scan_candidate,003690,,0,main_scan,13260,,13260,13250,13260,13200,-0.8295625942684767,0.07541478129713425,,,,,,"{""bid_req_base_tm"": ""112907"", ""sel_10th_pre_req_pre"": ""0"", ""sel_10th_pre_req"": ""24"", ""sel_10th_pre_bid"": ""-13370"", ""sel_9th_pre_req_pre"": ""0"", ""sel_9th_pre_req"": ""148"", ""sel_9th_pre_bid"": ""-13360"", ""sel_8th_pre_req_pre"": ""0"", ""sel_8th_pre_req"": ""51"", ""sel_8th_pre_bid"": ""-13350"", ""sel_7th_pre_req_pre"": ""0"", ""sel_7th_pre_req"": ""1"", ""sel_7th_pre_bid"": ""-13340"", ""sel_6th_pre_req_pre"": ""0"", ""sel_6th_pre_req"": ""1"", ""sel_6th_pre_bid"": ""-13330"", ""sel_5th_pre_req_pre"": ""0"", ""sel_5th_pre_req"": ""1"", ""sel_5th_pre_bid"": ""-13320"", ""sel_4th_pre_req_pre"": ""0"", ""sel_4th_pre_req"": ""1"", ""sel_4th_pre_bid"": ""-13310"", ""sel_3th_pre_req_pre"": ""0"", ""sel_3th_pre_req"": ""1022"", ""sel_3th_pre_bid"": ""-13300"", ""sel_2th_pre_req_pre"": ""0"", ""sel_2th_pre_req"": ""20"", ""sel_2th_pre_bid"": ""-13290"", ""sel_1th_pre_req_pre"": ""+43"", ""sel_fpr_req"": ""353"", ""sel_fpr_bid"": ""-13260"", ""buy_fpr_bid"": ""-13250"", ""buy_fpr_req"": ""580"", ""buy_1th_pre_req_pre"": ""0"", ""buy_2th_pre_bid"": ""-13240"", ""buy_2th_pre_req"": ""13"", ""buy_2th_pre_req_pre"": ""0"", ""buy_3th_pre_bid"": ""-13230"", ""buy_3th_pre_req"": ""44"", ""buy_3th_pre_req_pre"": ""0"", ""buy_4th_pre_bid"": ""-13220"", ""buy_4th_pre_req"": ""7"", ""buy_4th_pre_req_pre"": ""0"", ""buy_5th_pre_bid"": ""-13210"", ""buy_5th_pre_req"": ""199"", ""buy_5th_pre_req_pre"": ""0"", ""buy_6th_pre_bid"": ""-13190"", ""buy_6th_pre_req"": ""60"", ""buy_6th_pre_req_pre"": ""0"", ""buy_7th_pre_bid"": ""-13180"", ""buy_7th_pre_req"": ""50"", ""buy_7th_pre_req_pre"": ""0"", ""buy_8th_pre_bid"": ""-13170"", ""buy_8th_pre_req"": ""100"", ""buy_8th_pre_req_pre"": ""0"", ""buy_9th_pre_bid"": ""-13160"", ""buy_9th_pre_req"": ""82"", ""buy_9th_pre_req_pre"": ""0"", ""buy_10th_pre_bid"": ""-13150"", ""buy_10th_pre_req"": ""103"", ""buy_10th_pre_req_pre"": ""0"", ""tot_sel_req_jub_pre"": ""+43"", ""tot_sel_req"": ""1622"", ""tot_buy_req"": ""1238"", ""tot_buy_req_jub_pre"": ""0"", ""ovt_sel_req_pre"": ""0"", ""ovt_sel_req"": ""0"", ""ovt_buy_req"": ""0"", ""ovt_buy_req_pre"": ""0"", ""return_code"": 0, ""return_msg"": ""정상적으로 처리되었습니다""}"
2026-06-10,scan_candidate,279570,,0,main_scan,6140,,6140,6130,6140,6110,-0.6514657980456027,0.16286644951140067,,,,,,"{""bid_req_base_tm"": ""112908"", ""sel_10th_pre_req_pre"": ""0"", ""sel_10th_pre_req"": ""15235"", ""sel_10th_pre_bid"": ""+6230"", ""sel_9th_pre_req_pre"": ""0"", ""sel_9th_pre_req"": ""11230"", ""sel_9th_pre_bid"": ""+6220"", ""sel_8th_pre_req_pre"": ""0"", ""sel_8th_pre_req"": ""32291"", ""sel_8th_pre_bid"": ""+6210"", ""sel_7th_pre_req_pre"": ""+10"", ""sel_7th_pre_req"": ""77704"", ""sel_7th_pre_bid"": ""+6200"", ""sel_6th_pre_req_pre"": ""0"", ""sel_6th_pre_req"": ""29765"", ""sel_6th_pre_bid"": ""+6190"", ""sel_5th_pre_req_pre"": ""0"", ""sel_5th_pre_req"": ""16648"", ""sel_5th_pre_bid"": ""+6180"", ""sel_4th_pre_req_pre"": ""0"", ""sel_4th_pre_req"": ""13710"", ""sel_4th_pre_bid"": ""+6170"", ""sel_3th_pre_req_pre"": ""0"", ""sel_3th_pre_req"": ""19640"", ""sel_3th_pre_bid"": ""+6160"", ""sel_2th_pre_req_pre"": ""0"", ""sel_2th_pre_req"": ""42488"", ""sel_2th_pre_bid"": ""+6150"", ""sel_1th_pre_req_pre"": ""0"", ""sel_fpr_req"": ""8034"", ""sel_fpr_bid"": ""+6140"", ""buy_fpr_bid"": ""+6130"", ""buy_fpr_req"": ""5192"", ""buy_1th_pre_req_pre"": ""0"", ""buy_2th_pre_bid"": ""+6120"", ""buy_2th_pre_req"": ""21284"", ""buy_2th_pre_req_pre"": ""0"", ""buy_3th_pre_bid"": ""+6110"", ""buy_3th_pre_req"": ""5069"", ""buy_3th_pre_req_pre"": ""0"", ""buy_4th_pre_bid"": ""+6100"", ""buy_4th_pre_req"": ""14655"", ""buy_4th_pre_req_pre"": ""0"", ""buy_5th_pre_bid"": ""+6090"", ""buy_5th_pre_req"": ""6785"", ""buy_5th_pre_req_pre"": ""0"", ""buy_6th_pre_bid"": ""+6080"", ""buy_6th_pre_req"": ""6064"", ""buy_6th_pre_req_pre"": ""0"", ""buy_7th_pre_bid"": ""+6070"", ""buy_7th_pre_req"": ""7957"", ""buy_7th_pre_req_pre"": ""0"", ""buy_8th_pre_bid"": ""+6060"", ""buy_8th_pre_req"": ""13946"", ""buy_8th_pre_req_pre"": ""0"", ""buy_9th_pre_bid"": ""+6050"", ""buy_9th_pre_req"": ""5134"", ""buy_9th_pre_req_pre"": ""0"", ""buy_10th_pre_bid"": ""+6040"", ""buy_10th_pre_req"": ""5289"", ""buy_10th_pre_req_pre"": ""0"", ""tot_sel_req_jub_pre"": ""+10"", ""tot_sel_req"": ""266745"", ""tot_buy_req"": ""91375"", ""tot_buy_req_jub_pre"": ""0"", ""ovt_sel_req_pre"": ""0"", ""ovt_sel_req"": ""0"", ""ovt_buy_req"": ""0"", ""ovt_buy_req_pre"": ""0"", ""return_code"": 0, ""return_msg"": ""정상적으로 처리되었습니다""}"
2026-06-10,scan_candidate,008770,,0,main_scan,56000,,56000,55900,56000,55700,-0.7142857142857143,0.17857142857142858,,,,,,"{""bid_req_base_tm"": ""112903"", ""sel_10th_pre_req_pre"": ""0"", ""sel_10th_pre_req"": ""726"", ""sel_10th_pre_bid"": ""+56900"", ""sel_9th_pre_req_pre"": ""0"", ""sel_9th_pre_req"": ""429"", ""sel_9th_pre_bid"": ""+56800"", ""sel_8th_pre_req_pre"": ""0"", ""sel_8th_pre_req"": ""176"", ""sel_8th_pre_bid"": ""+56700"", ""sel_7th_pre_req_pre"": ""0"", ""sel_7th_pre_req"": ""139"", ""sel_7th_pre_bid"": ""+56600"", ""sel_6th_pre_req_pre"": ""0"", ""sel_6th_pre_req"": ""1037"", ""sel_6th_pre_bid"": ""+56500"", ""sel_5th_pre_req_pre"": ""0"", ""sel_5th_pre_req"": ""758"", ""sel_5th_pre_bid"": ""+56400"", ""sel_4th_pre_req_pre"": ""0"", ""sel_4th_pre_req"": ""256"", ""sel_4th_pre_bid"": ""+56300"", ""sel_3th_pre_req_pre"": ""0"", ""sel_3th_pre_req"": ""95"", ""sel_3th_pre_bid"": ""+56200"", ""sel_2th_pre_req_pre"": ""0"", ""sel_2th_pre_req"": ""102"", ""sel_2th_pre_bid"": ""+56100"", ""sel_1th_pre_req_pre"": ""--2"", ""sel_fpr_req"": ""280"", ""sel_fpr_bid"": ""+56000"", ""buy_fpr_bid"": ""+55900"", ""buy_fpr_req"": ""400"", ""buy_1th_pre_req_pre"": ""0"", ""buy_2th_pre_bid"": ""+55800"", ""buy_2th_pre_req"": ""60"", ""buy_2th_pre_req_pre"": ""0"", ""buy_3th_pre_bid"": ""+55700"", ""buy_3th_pre_req"": ""85"", ""buy_3th_pre_req_pre"": ""0"", ""buy_4th_pre_bid"": ""+55600"", ""buy_4th_pre_req"": ""78"", ""buy_4th_pre_req_pre"": ""0"", ""buy_5th_pre_bid"": ""+55500"", ""buy_5th_pre_req"": ""133"", ""buy_5th_pre_req_pre"": ""0"", ""buy_6th_pre_bid"": ""+55400"", ""buy_6th_pre_req"": ""50"", ""buy_6th_pre_req_pre"": ""0"", ""buy_7th_pre_bid"": ""+55300"", ""buy_7th_pre_req"": ""363"", ""buy_7th_pre_req_pre"": ""0"", ""buy_8th_pre_bid"": ""55200"", ""buy_8th_pre_req"": ""44"", ""buy_8th_pre_req_pre"": ""0"", ""buy_9th_pre_bid"": ""-55100"", ""buy_9th_pre_req"": ""264"", ""buy_9th_pre_req_pre"": ""0"", ""buy_10th_pre_bid"": ""-55000"", ""buy_10th_pre_req"": ""531"", ""buy_10th_pre_req_pre"": ""0"", ""tot_sel_req_jub_pre"": ""--2"", ""tot_sel_req"": ""3998"", ""tot_buy_req"": ""2008"", ""tot_buy_req_jub_pre"": ""0"", ""ovt_sel_req_pre"": ""0"", ""ovt_sel_req"": ""0"", ""ovt_buy_req"": ""0"", ""ovt_buy_req_pre"": ""0"", ""return_code"": 0, ""return_msg"": ""정상적으로 처리되었습니다""}"
2026-06-10,scan_candidate,081660,,0,main_scan,40350,,40350,40300,40350,40450,0.12391573729863693,0.12391573729863693,,,,,,"{""bid_req_base_tm"": ""112909"", ""sel_10th_pre_req_pre"": ""0"", ""sel_10th_pre_req"": ""176"", ""sel_10th_pre_bid"": ""+40900"", ""sel_9th_pre_req_pre"": ""0"", ""sel_9th_pre_req"": ""136"", ""sel_9th_pre_bid"": ""+40800"", ""sel_8th_pre_req_pre"": ""0"", ""sel_8th_pre_req"": ""23"", ""sel_8th_pre_bid"": ""+40750"", ""sel_7th_pre_req_pre"": ""0"", ""sel_7th_pre_req"": ""70"", ""sel_7th_pre_bid"": ""+40700"", ""sel_6th_pre_req_pre"": ""0"", ""sel_6th_pre_req"": ""75"", ""sel_6th_pre_bid"": ""+40600"", ""sel_5th_pre_req_pre"": ""0"", ""sel_5th_pre_req"": ""251"", ""sel_5th_pre_bid"": ""+40550"", ""sel_4th_pre_req_pre"": ""0"", ""sel_4th_pre_req"": ""360"", ""sel_4th_pre_bid"": ""+40500"", ""sel_3th_pre_req_pre"": ""0"", ""sel_3th_pre_req"": ""86"", ""sel_3th_pre_bid"": ""+40450"", ""sel_2th_pre_req_pre"": ""0"", ""sel_2th_pre_req"": ""4"", ""sel_2th_pre_bid"": ""+40400"", ""sel_1th_pre_req_pre"": ""0"", ""sel_fpr_req"": ""4"", ""sel_fpr_bid"": ""+40350"", ""buy_fpr_bid"": ""+40300"", ""buy_fpr_req"": ""126"", ""buy_1th_pre_req_pre"": ""+91"", ""buy_2th_pre_bid"": ""+40250"", ""buy_2th_pre_req"": ""250"", ""buy_2th_pre_req_pre"": ""--91"", ""buy_3th_pre_bid"": ""+40200"", ""buy_3th_pre_req"": ""121"", ""buy_3th_pre_req_pre"": ""0"", ""buy_4th_pre_bid"": ""+40150"", ""buy_4th_pre_req"": ""72"", ""buy_4th_pre_req_pre"": ""0"", ""buy_5th_pre_bid"": ""+40100"", ""buy_5th_pre_req"": ""113"", ""buy_5th_pre_req_pre"": ""0"", ""buy_6th_pre_bid"": ""+40050"", ""buy_6th_pre_req"": ""100"", ""buy_6th_pre_req_pre"": ""0"", ""buy_7th_pre_bid"": ""+40000"", ""buy_7th_pre_req"": ""509"", ""buy_7th_pre_req_pre"": ""0"", ""buy_8th_pre_bid"": ""+39950"", ""buy_8th_pre_req"": ""500"", ""buy_8th_pre_req_pre"": ""0"", ""buy_9th_pre_bid"": ""+39900"", ""buy_9th_pre_req"": ""2"", ""buy_9th_pre_req_pre"": ""0"", ""buy_10th_pre_bid"": ""+39850"", ""buy_10th_pre_req"": ""1"", ""buy_10th_pre_req_pre"": ""0"", ""tot_sel_req_jub_pre"": ""0"", ""tot_sel_req"": ""1185"", ""tot_buy_req"": ""1794"", ""tot_buy_req_jub_pre"": ""0"", ""ovt_sel_req_pre"": ""0"", ""ovt_sel_req"": ""0"", ""ovt_buy_req"": ""0"", ""ovt_buy_req_pre"": ""0"", ""return_code"": 0, ""return_msg"": ""정상적으로 처리되었습니다""}"
2026-06-10,scan_candidate,462870,,0,main_scan,31150,,31150,31100,31150,31200,0.0,0.16051364365971107,,,,,,"{""bid_req_base_tm"": ""112908"", ""sel_10th_pre_req_pre"": ""0"", ""sel_10th_pre_req"": ""218"", ""sel_10th_pre_bid"": ""-31600"", ""sel_9th_pre_req_pre"": ""0"", ""sel_9th_pre_req"": ""11"", ""sel_9th_pre_bid"": ""-31550"", ""sel_8th_pre_req_pre"": ""0"", ""sel_8th_pre_req"": ""2"", ""sel_8th_pre_bid"": ""-31500"", ""sel_7th_pre_req_pre"": ""0"", ""sel_7th_pre_req"": ""33"", ""sel_7th_pre_bid"": ""-31450"", ""sel_6th_pre_req_pre"": ""0"", ""sel_6th_pre_req"": ""41"", ""sel_6th_pre_bid"": ""-31400"", ""sel_5th_pre_req_pre"": ""0"", ""sel_5th_pre_req"": ""57"", ""sel_5th_pre_bid"": ""-31350"", ""sel_4th_pre_req_pre"": ""0"", ""sel_4th_pre_req"": ""57"", ""sel_4th_pre_bid"": ""-31300"", ""sel_3th_pre_req_pre"": ""0"", ""sel_3th_pre_req"": ""90"", ""sel_3th_pre_bid"": ""-31250"", ""sel_2th_pre_req_pre"": ""0"", ""sel_2th_pre_req"": ""59"", ""sel_2th_pre_bid"": ""-31200"", ""sel_1th_pre_req_pre"": ""--2"", ""sel_fpr_req"": ""38"", ""sel_fpr_bid"": ""-31150"", ""buy_fpr_bid"": ""-31100"", ""buy_fpr_req"": ""45"", ""buy_1th_pre_req_pre"": ""0"", ""buy_2th_pre_bid"": ""-31050"", ""buy_2th_pre_req"": ""93"", ""buy_2th_pre_req_pre"": ""0"", ""buy_3th_pre_bid"": ""-31000"", ""buy_3th_pre_req"": ""187"", ""buy_3th_pre_req_pre"": ""0"", ""buy_4th_pre_bid"": ""-30950"", ""buy_4th_pre_req"": ""29"", ""buy_4th_pre_req_pre"": ""0"", ""buy_5th_pre_bid"": ""-30900"", ""buy_5th_pre_req"": ""150"", ""buy_5th_pre_req_pre"": ""0"", ""buy_6th_pre_bid"": ""-30850"", ""buy_6th_pre_req"": ""34"", ""buy_6th_pre_req_pre"": ""0"", ""buy_7th_pre_bid"": ""-30800"", ""buy_7th_pre_req"": ""121"", ""buy_7th_pre_req_pre"": ""0"", ""buy_8th_pre_bid"": ""-30750"", ""buy_8th_pre_req"": ""254"", ""buy_8th_pre_req_pre"": ""0"", ""buy_9th_pre_bid"": ""-30700"", ""buy_9th_pre_req"": ""217"", ""buy_9th_pre_req_pre"": ""0"", ""buy_10th_pre_bid"": ""-30650"", ""buy_10th_pre_req"": ""149"", ""buy_10th_pre_req_pre"": ""0"", ""tot_sel_req_jub_pre"": ""--2"", ""tot_sel_req"": ""606"", ""tot_buy_req"": ""1279"", ""tot_buy_req_jub_pre"": ""0"", ""ovt_sel_req_pre"": ""0"", ""ovt_sel_req"": ""0"", ""ovt_buy_req"": ""0"", ""ovt_buy_req_pre"": ""0"", ""return_code"": 0, ""return_msg"": ""정상적으로 처리되었습니다""}"
2026-06-10,scan_candidate,120110,,0,main_scan,70200,,70200,70000,70200,70500,0.2849002849002849,0.2849002849002849,,,,,,"{""bid_req_base_tm"": ""112907"", ""sel_10th_pre_req_pre"": ""0"", ""sel_10th_pre_req"": ""12"", ""sel_10th_pre_bid"": ""+71100"", ""sel_9th_pre_req_pre"": ""0"", ""sel_9th_pre_req"": ""6"", ""sel_9th_pre_bid"": ""+71000"", ""sel_8th_pre_req_pre"": ""0"", ""sel_8th_pre_req"": ""2"", ""sel_8th_pre_bid"": ""+70900"", ""sel_7th_pre_req_pre"": ""0"", ""sel_7th_pre_req"": ""1"", ""sel_7th_pre_bid"": ""+70800"", ""sel_6th_pre_req_pre"": ""0"", ""sel_6th_pre_req"": ""20"", ""sel_6th_pre_bid"": ""+70700"", ""sel_5th_pre_req_pre"": ""0"", ""sel_5th_pre_req"": ""40"", ""sel_5th_pre_bid"": ""+70600"", ""sel_4th_pre_req_pre"": ""0"", ""sel_4th_pre_req"": ""102"", ""sel_4th_pre_bid"": ""+70500"", ""sel_3th_pre_req_pre"": ""0"", ""sel_3th_pre_req"": ""46"", ""sel_3th_pre_bid"": ""+70400"", ""sel_2th_pre_req_pre"": ""0"", ""sel_2th_pre_req"": ""128"", ""sel_2th_pre_bid"": ""+70300"", ""sel_1th_pre_req_pre"": ""--10"", ""sel_fpr_req"": ""139"", ""sel_fpr_bid"": ""+70200"", ""buy_fpr_bid"": ""+70000"", ""buy_fpr_req"": ""608"", ""buy_1th_pre_req_pre"": ""0"", ""buy_2th_pre_bid"": ""+69900"", ""buy_2th_pre_req"": ""57"", ""buy_2th_pre_req_pre"": ""0"", ""buy_3th_pre_bid"": ""+69800"", ""buy_3th_pre_req"": ""94"", ""buy_3th_pre_req_pre"": ""0"", ""buy_4th_pre_bid"": ""+69700"", ""buy_4th_pre_req"": ""104"", ""buy_4th_pre_req_pre"": ""0"", ""buy_5th_pre_bid"": ""+69600"", ""buy_5th_pre_req"": ""44"", ""buy_5th_pre_req_pre"": ""0"", ""buy_6th_pre_bid"": ""+69500"", ""buy_6th_pre_req"": ""33"", ""buy_6th_pre_req_pre"": ""0"", ""buy_7th_pre_bid"": ""+69400"", ""buy_7th_pre_req"": ""103"", ""buy_7th_pre_req_pre"": ""0"", ""buy_8th_pre_bid"": ""+69300"", ""buy_8th_pre_req"": ""33"", ""buy_8th_pre_req_pre"": ""0"", ""buy_9th_pre_bid"": ""+69200"", ""buy_9th_pre_req"": ""430"", ""buy_9th_pre_req_pre"": ""0"", ""buy_10th_pre_bid"": ""+69100"", ""buy_10th_pre_req"": ""49"", ""buy_10th_pre_req_pre"": ""0"", ""tot_sel_req_jub_pre"": ""--10"", ""tot_sel_req"": ""496"", ""tot_buy_req"": ""1555"", ""tot_buy_req_jub_pre"": ""0"", ""ovt_sel_req_pre"": ""0"", ""ovt_sel_req"": ""0"", ""ovt_buy_req"": ""0"", ""ovt_buy_req_pre"": ""0"", ""return_code"": 0, ""return_msg"": ""정상적으로 처리되었습니다""}"
2026-06-10,scan_candidate,009155,,0,main_scan,594000,,594000,592000,594000,598000,0.5050505050505051,0.33670033670033667,,,,,,"{""bid_req_base_tm"": ""112907"", ""sel_10th_pre_req_pre"": ""0"", ""sel_10th_pre_req"": ""39"", ""sel_10th_pre_bid"": ""-605000"", ""sel_9th_pre_req_pre"": ""0"", ""sel_9th_pre_req"": ""4"", ""sel_9th_pre_bid"": ""-604000"", ""sel_8th_pre_req_pre"": ""0"", ""sel_8th_pre_req"": ""27"", ""sel_8th_pre_bid"": ""-602000"", ""sel_7th_pre_req_pre"": ""0"", ""sel_7th_pre_req"": ""1"", ""sel_7th_pre_bid"": ""-601000"", ""sel_6th_pre_req_pre"": ""0"", ""sel_6th_pre_req"": ""10"", ""sel_6th_pre_bid"": ""-600000"", ""sel_5th_pre_req_pre"": ""0"", ""sel_5th_pre_req"": ""19"", ""sel_5th_pre_bid"": ""-599000"", ""sel_4th_pre_req_pre"": ""0"", ""sel_4th_pre_req"": ""120"", ""sel_4th_pre_bid"": ""-597000"", ""sel_3th_pre_req_pre"": ""0"", ""sel_3th_pre_req"": ""2"", ""sel_3th_pre_bid"": ""-596000"", ""sel_2th_pre_req_pre"": ""0"", ""sel_2th_pre_req"": ""14"", ""sel_2th_pre_bid"": ""-595000"", ""sel_1th_pre_req_pre"": ""0"", ""sel_fpr_req"": ""1"", ""sel_fpr_bid"": ""-594000"", ""buy_fpr_bid"": ""-592000"", ""buy_fpr_req"": ""31"", ""buy_1th_pre_req_pre"": ""--2"", ""buy_2th_pre_bid"": ""-591000"", ""buy_2th_pre_req"": ""262"", ""buy_2th_pre_req_pre"": ""0"", ""buy_3th_pre_bid"": ""-590000"", ""buy_3th_pre_req"": ""462"", ""buy_3th_pre_req_pre"": ""0"", ""buy_4th_pre_bid"": ""-589000"", ""buy_4th_pre_req"": ""75"", ""buy_4th_pre_req_pre"": ""0"", ""buy_5th_pre_bid"": ""-588000"", ""buy_5th_pre_req"": ""102"", ""buy_5th_pre_req_pre"": ""0"", ""buy_6th_pre_bid"": ""-587000"", ""buy_6th_pre_req"": ""49"", ""buy_6th_pre_req_pre"": ""0"", ""buy_7th_pre_bid"": ""-586000"", ""buy_7th_pre_req"": ""60"", ""buy_7th_pre_req_pre"": ""0"", ""buy_8th_pre_bid"": ""-585000"", ""buy_8th_pre_req"": ""132"", ""buy_8th_pre_req_pre"": ""0"", ""buy_9th_pre_bid"": ""-584000"", ""buy_9th_pre_req"": ""13"", ""buy_9th_pre_req_pre"": ""0"", ""buy_10th_pre_bid"": ""-583000"", ""buy_10th_pre_req"": ""29"", ""buy_10th_pre_req_pre"": ""0"", ""tot_sel_req_jub_pre"": ""0"", ""tot_sel_req"": ""237"", ""tot_buy_req"": ""1215"", ""tot_buy_req_jub_pre"": ""--2"", ""ovt_sel_req_pre"": ""0"", ""ovt_sel_req"": ""0"", ""ovt_buy_req"": ""0"", ""ovt_buy_req_pre"": ""0"", ""return_code"": 0, ""return_msg"": ""정상적으로 처리되었습니다""}"
2026-06-10,scan_candidate,192080,,0,main_scan,71600,,71600,71500,71600,71600,-0.13966480446927373,0.13966480446927373,,,,,,"{""bid_req_base_tm"": ""112908"", ""sel_10th_pre_req_pre"": ""0"", ""sel_10th_pre_req"": ""60"", ""sel_10th_pre_bid"": ""+72800"", ""sel_9th_pre_req_pre"": ""0"", ""sel_9th_pre_req"": ""59"", ""sel_9th_pre_bid"": ""+72700"", ""sel_8th_pre_req_pre"": ""0"", ""sel_8th_pre_req"": ""182"", ""sel_8th_pre_bid"": ""+72600"", ""sel_7th_pre_req_pre"": ""0"", ""sel_7th_pre_req"": ""11"", ""sel_7th_pre_bid"": ""+72500"", ""sel_6th_pre_req_pre"": ""0"", ""sel_6th_pre_req"": ""128"", ""sel_6th_pre_bid"": ""+72400"", ""sel_5th_pre_req_pre"": ""0"", ""sel_5th_pre_req"": ""10"", ""sel_5th_pre_bid"": ""+72300"", ""sel_4th_pre_req_pre"": ""0"", ""sel_4th_pre_req"": ""10"", ""sel_4th_pre_bid"": ""+72200"", ""sel_3th_pre_req_pre"": ""0"", ""sel_3th_pre_req"": ""6"", ""sel_3th_pre_bid"": ""+72100"", ""sel_2th_pre_req_pre"": ""0"", ""sel_2th_pre_req"": ""155"", ""sel_2th_pre_bid"": ""72000"", ""sel_1th_pre_req_pre"": ""0"", ""sel_fpr_req"": ""34"", ""sel_fpr_bid"": ""-71600"", ""buy_fpr_bid"": ""-71500"", ""buy_fpr_req"": ""29"", ""buy_1th_pre_req_pre"": ""--1"", ""buy_2th_pre_bid"": ""-71400"", ""buy_2th_pre_req"": ""24"", ""buy_2th_pre_req_pre"": ""0"", ""buy_3th_pre_bid"": ""-71300"", ""buy_3th_pre_req"": ""5"", ""buy_3th_pre_req_pre"": ""0"", ""buy_4th_pre_bid"": ""-71200"", ""buy_4th_pre_req"": ""58"", ""buy_4th_pre_req_pre"": ""0"", ""buy_5th_pre_bid"": ""-71100"", ""buy_5th_pre_req"": ""1"", ""buy_5th_pre_req_pre"": ""0"", ""buy_6th_pre_bid"": ""-71000"", ""buy_6th_pre_req"": ""29"", ""buy_6th_pre_req_pre"": ""0"", ""buy_7th_pre_bid"": ""-70900"", ""buy_7th_pre_req"": ""49"", ""buy_7th_pre_req_pre"": ""0"", ""buy_8th_pre_bid"": ""-70800"", ""buy_8th_pre_req"": ""82"", ""buy_8th_pre_req_pre"": ""0"", ""buy_9th_pre_bid"": ""-70700"", ""buy_9th_pre_req"": ""140"", ""buy_9th_pre_req_pre"": ""0"", ""buy_10th_pre_bid"": ""-70600"", ""buy_10th_pre_req"": ""100"", ""buy_10th_pre_req_pre"": ""0"", ""tot_sel_req_jub_pre"": ""0"", ""tot_sel_req"": ""655"", ""tot_buy_req"": ""517"", ""tot_buy_req_jub_pre"": ""--1"", ""ovt_sel_req_pre"": ""0"", ""ovt_sel_req"": ""0"", ""ovt_buy_req"": ""0"", ""ovt_buy_req_pre"": ""0"", ""return_code"": 0, ""return_msg"": ""정상적으로 처리되었습니다""}"
2026-06-10,scan_candidate,093370,,0,main_scan,16340,,16340,16330,16340,16300,-0.550795593635251,0.06119951040391676,,,,,,"{""bid_req_base_tm"": ""112910"", ""sel_10th_pre_req_pre"": ""+30"", ""sel_10th_pre_req"": ""3422"", ""sel_10th_pre_bid"": ""+16430"", ""sel_9th_pre_req_pre"": ""0"", ""sel_9th_pre_req"": ""5031"", ""sel_9th_pre_bid"": ""+16420"", ""sel_8th_pre_req_pre"": ""0"", ""sel_8th_pre_req"": ""5888"", ""sel_8th_pre_bid"": ""+16410"", ""sel_7th_pre_req_pre"": ""0"", ""sel_7th_pre_req"": ""9051"", ""sel_7th_pre_bid"": ""+16400"", ""sel_6th_pre_req_pre"": ""0"", ""sel_6th_pre_req"": ""6039"", ""sel_6th_pre_bid"": ""+16390"", ""sel_5th_pre_req_pre"": ""0"", ""sel_5th_pre_req"": ""1274"", ""sel_5th_pre_bid"": ""+16380"", ""sel_4th_pre_req_pre"": ""0"", ""sel_4th_pre_req"": ""765"", ""sel_4th_pre_bid"": ""+16370"", ""sel_3th_pre_req_pre"": ""0"", ""sel_3th_pre_req"": ""1536"", ""sel_3th_pre_bid"": ""+16360"", ""sel_2th_pre_req_pre"": ""0"", ""sel_2th_pre_req"": ""1490"", ""sel_2th_pre_bid"": ""+16350"", ""sel_1th_pre_req_pre"": ""+324"", ""sel_fpr_req"": ""424"", ""sel_fpr_bid"": ""+16340"", ""buy_fpr_bid"": ""+16330"", ""buy_fpr_req"": ""38"", ""buy_1th_pre_req_pre"": ""+20"", ""buy_2th_pre_bid"": ""+16320"", ""buy_2th_pre_req"": ""1949"", ""buy_2th_pre_req_pre"": ""0"", ""buy_3th_pre_bid"": ""+16310"", ""buy_3th_pre_req"": ""337"", ""buy_3th_pre_req_pre"": ""0"", ""buy_4th_pre_bid"": ""+16300"", ""buy_4th_pre_req"": ""1728"", ""buy_4th_pre_req_pre"": ""0"", ""buy_5th_pre_bid"": ""+16290"", ""buy_5th_pre_req"": ""1211"", ""buy_5th_pre_req_pre"": ""0"", ""buy_6th_pre_bid"": ""+16280"", ""buy_6th_pre_req"": ""1646"", ""buy_6th_pre_req_pre"": ""0"", ""buy_7th_pre_bid"": ""+16270"", ""buy_7th_pre_req"": ""2100"", ""buy_7th_pre_req_pre"": ""0"", ""buy_8th_pre_bid"": ""+16260"", ""buy_8th_pre_req"": ""866"", ""buy_8th_pre_req_pre"": ""0"", ""buy_9th_pre_bid"": ""+16250"", ""buy_9th_pre_req"": ""2549"", ""buy_9th_pre_req_pre"": ""0"", ""buy_10th_pre_bid"": ""+16240"", ""buy_10th_pre_req"": ""1295"", ""buy_10th_pre_req_pre"": ""0"", ""tot_sel_req_jub_pre"": ""+354"", ""tot_sel_req"": ""34920"", ""tot_buy_req"": ""13719"", ""tot_buy_req_jub_pre"": ""+20"", ""ovt_sel_req_pre"": ""0"", ""ovt_sel_req"": ""0"", ""ovt_buy_req"": ""0"", ""ovt_buy_req_pre"": ""0"", ""return_code"": 0, ""return_msg"": ""정상적으로 처리되었습니다""}"
2026-06-10,scan_candidate,066575,,0,main_scan,78100,,78100,78000,78100,78400,0.2560819462227913,0.12804097311139565,,,,,,"{""bid_req_base_tm"": ""112909"", ""sel_10th_pre_req_pre"": ""0"", ""sel_10th_pre_req"": ""114"", ""sel_10th_pre_bid"": ""-79000"", ""sel_9th_pre_req_pre"": ""0"", ""sel_9th_pre_req"": ""49"", ""sel_9th_pre_bid"": ""-78900"", ""sel_8th_pre_req_pre"": ""0"", ""sel_8th_pre_req"": ""106"", ""sel_8th_pre_bid"": ""-78800"", ""sel_7th_pre_req_pre"": ""0"", ""sel_7th_pre_req"": ""12"", ""sel_7th_pre_bid"": ""-78700"", ""sel_6th_pre_req_pre"": ""0"", ""sel_6th_pre_req"": ""4"", ""sel_6th_pre_bid"": ""-78600"", ""sel_5th_pre_req_pre"": ""0"", ""sel_5th_pre_req"": ""4"", ""sel_5th_pre_bid"": ""-78500"", ""sel_4th_pre_req_pre"": ""0"", ""sel_4th_pre_req"": ""73"", ""sel_4th_pre_bid"": ""-78400"", ""sel_3th_pre_req_pre"": ""0"", ""sel_3th_pre_req"": ""254"", ""sel_3th_pre_bid"": ""-78300"", ""sel_2th_pre_req_pre"": ""0"", ""sel_2th_pre_req"": ""62"", ""sel_2th_pre_bid"": ""-78200"", ""sel_1th_pre_req_pre"": ""0"", ""sel_fpr_req"": ""55"", ""sel_fpr_bid"": ""-78100"", ""buy_fpr_bid"": ""-78000"", ""buy_fpr_req"": ""19"", ""buy_1th_pre_req_pre"": ""+1"", ""buy_2th_pre_bid"": ""-77900"", ""buy_2th_pre_req"": ""242"", ""buy_2th_pre_req_pre"": ""0"", ""buy_3th_pre_bid"": ""-77800"", ""buy_3th_pre_req"": ""1976"", ""buy_3th_pre_req_pre"": ""0"", ""buy_4th_pre_bid"": ""-77700"", ""buy_4th_pre_req"": ""898"", ""buy_4th_pre_req_pre"": ""0"", ""buy_5th_pre_bid"": ""-77600"", ""buy_5th_pre_req"": ""235"", ""buy_5th_pre_req_pre"": ""0"", ""buy_6th_pre_bid"": ""-77500"", ""buy_6th_pre_req"": ""1103"", ""buy_6th_pre_req_pre"": ""0"", ""buy_7th_pre_bid"": ""-77400"", ""buy_7th_pre_req"": ""135"", ""buy_7th_pre_req_pre"": ""0"", ""buy_8th_pre_bid"": ""-77300"", ""buy_8th_pre_req"": ""155"", ""buy_8th_pre_req_pre"": ""0"", ""buy_9th_pre_bid"": ""-77200"", ""buy_9th_pre_req"": ""441"", ""buy_9th_pre_req_pre"": ""0"", ""buy_10th_pre_bid"": ""-77100"", ""buy_10th_pre_req"": ""203"", ""buy_10th_pre_req_pre"": ""0"", ""tot_sel_req_jub_pre"": ""0"", ""tot_sel_req"": ""733"", ""tot_buy_req"": ""5407"", ""tot_buy_req_jub_pre"": ""+1"", ""ovt_sel_req_pre"": ""0"", ""ovt_sel_req"": ""0"", ""ovt_buy_req"": ""0"", ""ovt_buy_req_pre"": ""0"", ""return_code"": 0, ""return_msg"": ""정상적으로 처리되었습니다""}"
2026-06-10,scan_candidate,181710,,0,main_scan,40450,,40450,40400,40450,40650,0.3708281829419036,0.12360939431396785,,,,,,"{""bid_req_base_tm"": ""112907"", ""sel_10th_pre_req_pre"": ""0"", ""sel_10th_pre_req"": ""13"", ""sel_10th_pre_bid"": ""-41150"", ""sel_9th_pre_req_pre"": ""0"", ""sel_9th_pre_req"": ""10"", ""sel_9th_pre_bid"": ""-41100"", ""sel_8th_pre_req_pre"": ""0"", ""sel_8th_pre_req"": ""10"", ""sel_8th_pre_bid"": ""-41050"", ""sel_7th_pre_req_pre"": ""0"", ""sel_7th_pre_req"": ""289"", ""sel_7th_pre_bid"": ""-41000"", ""sel_6th_pre_req_pre"": ""0"", ""sel_6th_pre_req"": ""50"", ""sel_6th_pre_bid"": ""-40950"", ""sel_5th_pre_req_pre"": ""0"", ""sel_5th_pre_req"": ""8"", ""sel_5th_pre_bid"": ""-40900"", ""sel_4th_pre_req_pre"": ""0"", ""sel_4th_pre_req"": ""24"", ""sel_4th_pre_bid"": ""-40750"", ""sel_3th_pre_req_pre"": ""0"", ""sel_3th_pre_req"": ""4"", ""sel_3th_pre_bid"": ""-40600"", ""sel_2th_pre_req_pre"": ""+1"", ""sel_2th_pre_req"": ""280"", ""sel_2th_pre_bid"": ""-40500"", ""sel_1th_pre_req_pre"": ""0"", ""sel_fpr_req"": ""20"", ""sel_fpr_bid"": ""-40450"", ""buy_fpr_bid"": ""-40400"", ""buy_fpr_req"": ""3"", ""buy_1th_pre_req_pre"": ""0"", ""buy_2th_pre_bid"": ""-40350"", ""buy_2th_pre_req"": ""20"", ""buy_2th_pre_req_pre"": ""0"", ""buy_3th_pre_bid"": ""-40300"", ""buy_3th_pre_req"": ""81"", ""buy_3th_pre_req_pre"": ""0"", ""buy_4th_pre_bid"": ""-40250"", ""buy_4th_pre_req"": ""144"", ""buy_4th_pre_req_pre"": ""0"", ""buy_5th_pre_bid"": ""-40200"", ""buy_5th_pre_req"": ""136"", ""buy_5th_pre_req_pre"": ""0"", ""buy_6th_pre_bid"": ""-40150"", ""buy_6th_pre_req"": ""1212"", ""buy_6th_pre_req_pre"": ""0"", ""buy_7th_pre_bid"": ""-40100"", ""buy_7th_pre_req"": ""423"", ""buy_7th_pre_req_pre"": ""0"", ""buy_8th_pre_bid"": ""-40050"", ""buy_8th_pre_req"": ""133"", ""buy_8th_pre_req_pre"": ""0"", ""buy_9th_pre_bid"": ""-40000"", ""buy_9th_pre_req"": ""689"", ""buy_9th_pre_req_pre"": ""0"", ""buy_10th_pre_bid"": ""-39950"", ""buy_10th_pre_req"": ""546"", ""buy_10th_pre_req_pre"": ""0"", ""tot_sel_req_jub_pre"": ""+1"", ""tot_sel_req"": ""708"", ""tot_buy_req"": ""3387"", ""tot_buy_req_jub_pre"": ""0"", ""ovt_sel_req_pre"": ""0"", ""ovt_sel_req"": ""0"", ""ovt_buy_req"": ""0"", ""ovt_buy_req_pre"": ""0"", ""return_code"": 0, ""return_msg"": ""정상적으로 처리되었습니다""}"
2026-06-10,scan_candidate,034230,,0,main_scan,15300,,15300,15290,15300,15250,-0.6535947712418301,0.065359477124183,,,,,,"{""bid_req_base_tm"": ""112910"", ""sel_10th_pre_req_pre"": ""0"", ""sel_10th_pre_req"": ""2389"", ""sel_10th_pre_bid"": ""+15390"", ""sel_9th_pre_req_pre"": ""0"", ""sel_9th_pre_req"": ""1317"", ""sel_9th_pre_bid"": ""+15380"", ""sel_8th_pre_req_pre"": ""0"", ""sel_8th_pre_req"": ""640"", ""sel_8th_pre_bid"": ""+15370"", ""sel_7th_pre_req_pre"": ""0"", ""sel_7th_pre_req"": ""2080"", ""sel_7th_pre_bid"": ""+15360"", ""sel_6th_pre_req_pre"": ""0"", ""sel_6th_pre_req"": ""100"", ""sel_6th_pre_bid"": ""+15350"", ""sel_5th_pre_req_pre"": ""0"", ""sel_5th_pre_req"": ""286"", ""sel_5th_pre_bid"": ""+15340"", ""sel_4th_pre_req_pre"": ""0"", ""sel_4th_pre_req"": ""11"", ""sel_4th_pre_bid"": ""+15330"", ""sel_3th_pre_req_pre"": ""0"", ""sel_3th_pre_req"": ""481"", ""sel_3th_pre_bid"": ""+15320"", ""sel_2th_pre_req_pre"": ""0"", ""sel_2th_pre_req"": ""375"", ""sel_2th_pre_bid"": ""+15310"", ""sel_1th_pre_req_pre"": ""0"", ""sel_fpr_req"": ""379"", ""sel_fpr_bid"": ""+15300"", ""buy_fpr_bid"": ""+15290"", ""buy_fpr_req"": ""15"", ""buy_1th_pre_req_pre"": ""--5"", ""buy_2th_pre_bid"": ""+15280"", ""buy_2th_pre_req"": ""99"", ""buy_2th_pre_req_pre"": ""0"", ""buy_3th_pre_bid"": ""+15270"", ""buy_3th_pre_req"": ""81"", ""buy_3th_pre_req_pre"": ""0"", ""buy_4th_pre_bid"": ""+15260"", ""buy_4th_pre_req"": ""16"", ""buy_4th_pre_req_pre"": ""0"", ""buy_5th_pre_bid"": ""+15250"", ""buy_5th_pre_req"": ""615"", ""buy_5th_pre_req_pre"": ""0"", ""buy_6th_pre_bid"": ""+15240"", ""buy_6th_pre_req"": ""65"", ""buy_6th_pre_req_pre"": ""0"", ""buy_7th_pre_bid"": ""+15230"", ""buy_7th_pre_req"": ""79"", ""buy_7th_pre_req_pre"": ""0"", ""buy_8th_pre_bid"": ""+15220"", ""buy_8th_pre_req"": ""1"", ""buy_8th_pre_req_pre"": ""0"", ""buy_9th_pre_bid"": ""+15210"", ""buy_9th_pre_req"": ""1"", ""buy_9th_pre_req_pre"": ""0"", ""buy_10th_pre_bid"": ""+15200"", ""buy_10th_pre_req"": ""263"", ""buy_10th_pre_req_pre"": ""0"", ""tot_sel_req_jub_pre"": ""0"", ""tot_sel_req"": ""8058"", ""tot_buy_req"": ""1235"", ""tot_buy_req_jub_pre"": ""--5"", ""ovt_sel_req_pre"": ""0"", ""ovt_sel_req"": ""0"", ""ovt_buy_req"": ""0"", ""ovt_buy_req_pre"": ""0"", ""return_code"": 0, ""return_msg"": ""정상적으로 처리되었습니다""}"
2026-06-10,scan_candidate,281820,,0,main_scan,66300,,66300,65900,66300,66700,0.4524886877828055,0.603318250377074,,,,,,"{""bid_req_base_tm"": ""112903"", ""sel_10th_pre_req_pre"": ""0"", ""sel_10th_pre_req"": ""1"", ""sel_10th_pre_bid"": ""+67700"", ""sel_9th_pre_req_pre"": ""0"", ""sel_9th_pre_req"": ""141"", ""sel_9th_pre_bid"": ""+67500"", ""sel_8th_pre_req_pre"": ""0"", ""sel_8th_pre_req"": ""10"", ""sel_8th_pre_bid"": ""+67300"", ""sel_7th_pre_req_pre"": ""0"", ""sel_7th_pre_req"": ""2"", ""sel_7th_pre_bid"": ""+67200"", ""sel_6th_pre_req_pre"": ""0"", ""sel_6th_pre_req"": ""2"", ""sel_6th_pre_bid"": ""+67100"", ""sel_5th_pre_req_pre"": ""0"", ""sel_5th_pre_req"": ""2"", ""sel_5th_pre_bid"": ""+66900"", ""sel_4th_pre_req_pre"": ""0"", ""sel_4th_pre_req"": ""2"", ""sel_4th_pre_bid"": ""+66700"", ""sel_3th_pre_req_pre"": ""0"", ""sel_3th_pre_req"": ""16"", ""sel_3th_pre_bid"": ""+66500"", ""sel_2th_pre_req_pre"": ""0"", ""sel_2th_pre_req"": ""35"", ""sel_2th_pre_bid"": ""66400"", ""sel_1th_pre_req_pre"": ""0"", ""sel_fpr_req"": ""84"", ""sel_fpr_bid"": ""-66300"", ""buy_fpr_bid"": ""-65900"", ""buy_fpr_req"": ""30"", ""buy_1th_pre_req_pre"": ""0"", ""buy_2th_pre_bid"": ""-65800"", ""buy_2th_pre_req"": ""136"", ""buy_2th_pre_req_pre"": ""0"", ""buy_3th_pre_bid"": ""-65700"", ""buy_3th_pre_req"": ""139"", ""buy_3th_pre_req_pre"": ""0"", ""buy_4th_pre_bid"": ""-65600"", ""buy_4th_pre_req"": ""108"", ""buy_4th_pre_req_pre"": ""0"", ""buy_5th_pre_bid"": ""-65500"", ""buy_5th_pre_req"": ""103"", ""buy_5th_pre_req_pre"": ""0"", ""buy_6th_pre_bid"": ""-65400"", ""buy_6th_pre_req"": ""66"", ""buy_6th_pre_req_pre"": ""0"", ""buy_7th_pre_bid"": ""-65300"", ""buy_7th_pre_req"": ""6"", ""buy_7th_pre_req_pre"": ""0"", ""buy_8th_pre_bid"": ""-65200"", ""buy_8th_pre_req"": ""60"", ""buy_8th_pre_req_pre"": ""0"", ""buy_9th_pre_bid"": ""-65100"", ""buy_9th_pre_req"": ""90"", ""buy_9th_pre_req_pre"": ""0"", ""buy_10th_pre_bid"": ""-65000"", ""buy_10th_pre_req"": ""753"", ""buy_10th_pre_req_pre"": ""0"", ""tot_sel_req_jub_pre"": ""0"", ""tot_sel_req"": ""295"", ""tot_buy_req"": ""1491"", ""tot_buy_req_jub_pre"": ""0"", ""ovt_sel_req_pre"": ""0"", ""ovt_sel_req"": ""0"", ""ovt_buy_req"": ""0"", ""ovt_buy_req_pre"": ""0"", ""return_code"": 0, ""return_msg"": ""정상적으로 처리되었습니다""}"
2026-06-10,scan_candidate,001820,,0,main_scan,114700,,114700,114500,114700,114500,-0.6102877070619006,0.17436791630340018,,,,,,"{""bid_req_base_tm"": ""112911"", ""sel_10th_pre_req_pre"": ""0"", ""sel_10th_pre_req"": ""11"", ""sel_10th_pre_bid"": ""-115700"", ""sel_9th_pre_req_pre"": ""0"", ""sel_9th_pre_req"": ""5"", ""sel_9th_pre_bid"": ""-115600"", ""sel_8th_pre_req_pre"": ""0"", ""sel_8th_pre_req"": ""150"", ""sel_8th_pre_bid"": ""-115500"", ""sel_7th_pre_req_pre"": ""0"", ""sel_7th_pre_req"": ""207"", ""sel_7th_pre_bid"": ""-115400"", ""sel_6th_pre_req_pre"": ""0"", ""sel_6th_pre_req"": ""10"", ""sel_6th_pre_bid"": ""-115300"", ""sel_5th_pre_req_pre"": ""0"", ""sel_5th_pre_req"": ""93"", ""sel_5th_pre_bid"": ""-115200"", ""sel_4th_pre_req_pre"": ""0"", ""sel_4th_pre_req"": ""15"", ""sel_4th_pre_bid"": ""-115100"", ""sel_3th_pre_req_pre"": ""0"", ""sel_3th_pre_req"": ""50"", ""sel_3th_pre_bid"": ""-115000"", ""sel_2th_pre_req_pre"": ""0"", ""sel_2th_pre_req"": ""238"", ""sel_2th_pre_bid"": ""-114900"", ""sel_1th_pre_req_pre"": ""0"", ""sel_fpr_req"": ""83"", ""sel_fpr_bid"": ""-114700"", ""buy_fpr_bid"": ""-114500"", ""buy_fpr_req"": ""66"", ""buy_1th_pre_req_pre"": ""0"", ""buy_2th_pre_bid"": ""-114400"", ""buy_2th_pre_req"": ""150"", ""buy_2th_pre_req_pre"": ""0"", ""buy_3th_pre_bid"": ""-114300"", ""buy_3th_pre_req"": ""43"", ""buy_3th_pre_req_pre"": ""0"", ""buy_4th_pre_bid"": ""-114200"", ""buy_4th_pre_req"": ""141"", ""buy_4th_pre_req_pre"": ""0"", ""buy_5th_pre_bid"": ""-114100"", ""buy_5th_pre_req"": ""293"", ""buy_5th_pre_req_pre"": ""0"", ""buy_6th_pre_bid"": ""-114000"", ""buy_6th_pre_req"": ""871"", ""buy_6th_pre_req_pre"": ""0"", ""buy_7th_pre_bid"": ""-113900"", ""buy_7th_pre_req"": ""93"", ""buy_7th_pre_req_pre"": ""0"", ""buy_8th_pre_bid"": ""-113800"", ""buy_8th_pre_req"": ""142"", ""buy_8th_pre_req_pre"": ""0"", ""buy_9th_pre_bid"": ""-113700"", ""buy_9th_pre_req"": ""388"", ""buy_9th_pre_req_pre"": ""0"", ""buy_10th_pre_bid"": ""-113600"", ""buy_10th_pre_req"": ""227"", ""buy_10th_pre_req_pre"": ""0"", ""tot_sel_req_jub_pre"": ""--21"", ""tot_sel_req"": ""862"", ""tot_buy_req"": ""2414"", ""tot_buy_req_jub_pre"": ""0"", ""ovt_sel_req_pre"": ""0"", ""ovt_sel_req"": ""0"", ""ovt_buy_req"": ""0"", ""ovt_buy_req_pre"": ""0"", ""return_code"": 0, ""return_msg"": ""정상적으로 처리되었습니다""}"
2026-06-10,scan_candidate,000815,,0,main_scan,399500,,399500,399000,399500,399000,-0.2503128911138924,0.1251564455569462,,,,,,"{""bid_req_base_tm"": ""112848"", ""sel_10th_pre_req_pre"": ""0"", ""sel_10th_pre_req"": ""209"", ""sel_10th_pre_bid"": ""-404500"", ""sel_9th_pre_req_pre"": ""0"", ""sel_9th_pre_req"": ""99"", ""sel_9th_pre_bid"": ""-404000"", ""sel_8th_pre_req_pre"": ""0"", ""sel_8th_pre_req"": ""79"", ""sel_8th_pre_bid"": ""-403500"", ""sel_7th_pre_req_pre"": ""0"", ""sel_7th_pre_req"": ""93"", ""sel_7th_pre_bid"": ""-403000"", ""sel_6th_pre_req_pre"": ""0"", ""sel_6th_pre_req"": ""2"", ""sel_6th_pre_bid"": ""-402500"", ""sel_5th_pre_req_pre"": ""0"", ""sel_5th_pre_req"": ""304"", ""sel_5th_pre_bid"": ""-401500"", ""sel_4th_pre_req_pre"": ""0"", ""sel_4th_pre_req"": ""107"", ""sel_4th_pre_bid"": ""-401000"", ""sel_3th_pre_req_pre"": ""0"", ""sel_3th_pre_req"": ""9"", ""sel_3th_pre_bid"": ""-400500"", ""sel_2th_pre_req_pre"": ""0"", ""sel_2th_pre_req"": ""1"", ""sel_2th_pre_bid"": ""-400000"", ""sel_1th_pre_req_pre"": ""+2"", ""sel_fpr_req"": ""4"", ""sel_fpr_bid"": ""-399500"", ""buy_fpr_bid"": ""-399000"", ""buy_fpr_req"": ""176"", ""buy_1th_pre_req_pre"": ""0"", ""buy_2th_pre_bid"": ""-398500"", ""buy_2th_pre_req"": ""17"", ""buy_2th_pre_req_pre"": ""0"", ""buy_3th_pre_bid"": ""-398000"", ""buy_3th_pre_req"": ""60"", ""buy_3th_pre_req_pre"": ""0"", ""buy_4th_pre_bid"": ""-397500"", ""buy_4th_pre_req"": ""161"", ""buy_4th_pre_req_pre"": ""0"", ""buy_5th_pre_bid"": ""-397000"", ""buy_5th_pre_req"": ""89"", ""buy_5th_pre_req_pre"": ""0"", ""buy_6th_pre_bid"": ""-396500"", ""buy_6th_pre_req"": ""17"", ""buy_6th_pre_req_pre"": ""0"", ""buy_7th_pre_bid"": ""-396000"", ""buy_7th_pre_req"": ""45"", ""buy_7th_pre_req_pre"": ""0"", ""buy_8th_pre_bid"": ""-395500"", ""buy_8th_pre_req"": ""18"", ""buy_8th_pre_req_pre"": ""0"", ""buy_9th_pre_bid"": ""-395000"", ""buy_9th_pre_req"": ""61"", ""buy_9th_pre_req_pre"": ""0"", ""buy_10th_pre_bid"": ""-394500"", ""buy_10th_pre_req"": ""18"", ""buy_10th_pre_req_pre"": ""0"", ""tot_sel_req_jub_pre"": ""+2"", ""tot_sel_req"": ""907"", ""tot_buy_req"": ""662"", ""tot_buy_req_jub_pre"": ""0"", ""ovt_sel_req_pre"": ""0"", ""ovt_sel_req"": ""0"", ""ovt_buy_req"": ""0"", ""ovt_buy_req_pre"": ""0"", ""return_code"": 0, ""return_msg"": ""정상적으로 처리되었습니다""}"
2026-06-10,scan_candidate,499790,,0,main_scan,50700,,50700,50500,50700,50500,-0.591715976331361,0.39447731755424065,,,,,,"{""bid_req_base_tm"": ""112903"", ""sel_10th_pre_req_pre"": ""0"", ""sel_10th_pre_req"": ""1112"", ""sel_10th_pre_bid"": ""+51600"", ""sel_9th_pre_req_pre"": ""0"", ""sel_9th_pre_req"": ""195"", ""sel_9th_pre_bid"": ""+51500"", ""sel_8th_pre_req_pre"": ""0"", ""sel_8th_pre_req"": ""301"", ""sel_8th_pre_bid"": ""+51400"", ""sel_7th_pre_req_pre"": ""0"", ""sel_7th_pre_req"": ""1"", ""sel_7th_pre_bid"": ""+51300"", ""sel_6th_pre_req_pre"": ""0"", ""sel_6th_pre_req"": ""1188"", ""sel_6th_pre_bid"": ""+51200"", ""sel_5th_pre_req_pre"": ""0"", ""sel_5th_pre_req"": ""54"", ""sel_5th_pre_bid"": ""+51100"", ""sel_4th_pre_req_pre"": ""0"", ""sel_4th_pre_req"": ""44"", ""sel_4th_pre_bid"": ""+51000"", ""sel_3th_pre_req_pre"": ""0"", ""sel_3th_pre_req"": ""2"", ""sel_3th_pre_bid"": ""+50900"", ""sel_2th_pre_req_pre"": ""0"", ""sel_2th_pre_req"": ""40"", ""sel_2th_pre_bid"": ""+50800"", ""sel_1th_pre_req_pre"": ""0"", ""sel_fpr_req"": ""49"", ""sel_fpr_bid"": ""+50700"", ""buy_fpr_bid"": ""+50500"", ""buy_fpr_req"": ""599"", ""buy_1th_pre_req_pre"": ""0"", ""buy_2th_pre_bid"": ""+50400"", ""buy_2th_pre_req"": ""85"", ""buy_2th_pre_req_pre"": ""0"", ""buy_3th_pre_bid"": ""+50300"", ""buy_3th_pre_req"": ""21"", ""buy_3th_pre_req_pre"": ""0"", ""buy_4th_pre_bid"": ""+50200"", ""buy_4th_pre_req"": ""30"", ""buy_4th_pre_req_pre"": ""0"", ""buy_5th_pre_bid"": ""+50100"", ""buy_5th_pre_req"": ""278"", ""buy_5th_pre_req_pre"": ""0"", ""buy_6th_pre_bid"": ""+50000"", ""buy_6th_pre_req"": ""11"", ""buy_6th_pre_req_pre"": ""0"", ""buy_7th_pre_bid"": ""+49950"", ""buy_7th_pre_req"": ""8"", ""buy_7th_pre_req_pre"": ""0"", ""buy_8th_pre_bid"": ""+49900"", ""buy_8th_pre_req"": ""124"", ""buy_8th_pre_req_pre"": ""0"", ""buy_9th_pre_bid"": ""+49850"", ""buy_9th_pre_req"": ""61"", ""buy_9th_pre_req_pre"": ""0"", ""buy_10th_pre_bid"": ""+49800"", ""buy_10th_pre_req"": ""9"", ""buy_10th_pre_req_pre"": ""0"", ""tot_sel_req_jub_pre"": ""0"", ""tot_sel_req"": ""2986"", ""tot_buy_req"": ""1226"", ""tot_buy_req_jub_pre"": ""0"", ""ovt_sel_req_pre"": ""0"", ""ovt_sel_req"": ""0"", ""ovt_buy_req"": ""0"", ""ovt_buy_req_pre"": ""0"", ""return_code"": 0, ""return_msg"": ""정상적으로 처리되었습니다""}"
2026-06-10,scan_candidate,003160,,0,main_scan,28000,,28000,27900,28000,28000,-0.17857142857142858,0.35714285714285715,,,,,,"{""bid_req_base_tm"": ""112911"", ""sel_10th_pre_req_pre"": ""0"", ""sel_10th_pre_req"": ""21"", ""sel_10th_pre_bid"": ""+28500"", ""sel_9th_pre_req_pre"": ""0"", ""sel_9th_pre_req"": ""2070"", ""sel_9th_pre_bid"": ""+28400"", ""sel_8th_pre_req_pre"": ""0"", ""sel_8th_pre_req"": ""211"", ""sel_8th_pre_bid"": ""+28350"", ""sel_7th_pre_req_pre"": ""0"", ""sel_7th_pre_req"": ""203"", ""sel_7th_pre_bid"": ""+28300"", ""sel_6th_pre_req_pre"": ""0"", ""sel_6th_pre_req"": ""101"", ""sel_6th_pre_bid"": ""+28250"", ""sel_5th_pre_req_pre"": ""0"", ""sel_5th_pre_req"": ""111"", ""sel_5th_pre_bid"": ""+28200"", ""sel_4th_pre_req_pre"": ""0"", ""sel_4th_pre_req"": ""103"", ""sel_4th_pre_bid"": ""+28150"", ""sel_3th_pre_req_pre"": ""0"", ""sel_3th_pre_req"": ""122"", ""sel_3th_pre_bid"": ""+28100"", ""sel_2th_pre_req_pre"": ""0"", ""sel_2th_pre_req"": ""80"", ""sel_2th_pre_bid"": ""28050"", ""sel_1th_pre_req_pre"": ""0"", ""sel_fpr_req"": ""39"", ""sel_fpr_bid"": ""-28000"", ""buy_fpr_bid"": ""-27900"", ""buy_fpr_req"": ""344"", ""buy_1th_pre_req_pre"": ""+11"", ""buy_2th_pre_bid"": ""-27850"", ""buy_2th_pre_req"": ""2"", ""buy_2th_pre_req_pre"": ""0"", ""buy_3th_pre_bid"": ""-27800"", ""buy_3th_pre_req"": ""453"", ""buy_3th_pre_req_pre"": ""0"", ""buy_4th_pre_bid"": ""-27750"", ""buy_4th_pre_req"": ""2"", ""buy_4th_pre_req_pre"": ""0"", ""buy_5th_pre_bid"": ""-27700"", ""buy_5th_pre_req"": ""152"", ""buy_5th_pre_req_pre"": ""0"", ""buy_6th_pre_bid"": ""-27650"", ""buy_6th_pre_req"": ""326"", ""buy_6th_pre_req_pre"": ""0"", ""buy_7th_pre_bid"": ""-27600"", ""buy_7th_pre_req"": ""608"", ""buy_7th_pre_req_pre"": ""0"", ""buy_8th_pre_bid"": ""-27550"", ""buy_8th_pre_req"": ""300"", ""buy_8th_pre_req_pre"": ""0"", ""buy_9th_pre_bid"": ""-27500"", ""buy_9th_pre_req"": ""1049"", ""buy_9th_pre_req_pre"": ""0"", ""buy_10th_pre_bid"": ""-27450"", ""buy_10th_pre_req"": ""139"", ""buy_10th_pre_req_pre"": ""0"", ""tot_sel_req_jub_pre"": ""0"", ""tot_sel_req"": ""3061"", ""tot_buy_req"": ""3375"", ""tot_buy_req_jub_pre"": ""+11"", ""ovt_sel_req_pre"": ""0"", ""ovt_sel_req"": ""0"", ""ovt_buy_req"": ""0"", ""ovt_buy_req_pre"": ""0"", ""return_code"": 0, ""return_msg"": ""정상적으로 처리되었습니다""}"
2026-06-10,scan_candidate,000370,,0,main_scan,6510,,6510,6490,6510,6510,-0.15360983102918588,0.30721966205837176,,,,,,"{""bid_req_base_tm"": ""112911"", ""sel_10th_pre_req_pre"": ""0"", ""sel_10th_pre_req"": ""1003"", ""sel_10th_pre_bid"": ""+6610"", ""sel_9th_pre_req_pre"": ""0"", ""sel_9th_pre_req"": ""1523"", ""sel_9th_pre_bid"": ""+6600"", ""sel_8th_pre_req_pre"": ""0"", ""sel_8th_pre_req"": ""312"", ""sel_8th_pre_bid"": ""+6590"", ""sel_7th_pre_req_pre"": ""0"", ""sel_7th_pre_req"": ""112"", ""sel_7th_pre_bid"": ""+6580"", ""sel_6th_pre_req_pre"": ""0"", ""sel_6th_pre_req"": ""753"", ""sel_6th_pre_bid"": ""+6570"", ""sel_5th_pre_req_pre"": ""0"", ""sel_5th_pre_req"": ""104"", ""sel_5th_pre_bid"": ""+6560"", ""sel_4th_pre_req_pre"": ""0"", ""sel_4th_pre_req"": ""175"", ""sel_4th_pre_bid"": ""+6550"", ""sel_3th_pre_req_pre"": ""0"", ""sel_3th_pre_req"": ""1027"", ""sel_3th_pre_bid"": ""+6540"", ""sel_2th_pre_req_pre"": ""0"", ""sel_2th_pre_req"": ""26"", ""sel_2th_pre_bid"": ""+6520"", ""sel_1th_pre_req_pre"": ""0"", ""sel_fpr_req"": ""909"", ""sel_fpr_bid"": ""+6510"", ""buy_fpr_bid"": ""+6490"", ""buy_fpr_req"": ""124"", ""buy_1th_pre_req_pre"": ""0"", ""buy_2th_pre_bid"": ""+6480"", ""buy_2th_pre_req"": ""646"", ""buy_2th_pre_req_pre"": ""0"", ""buy_3th_pre_bid"": ""+6470"", ""buy_3th_pre_req"": ""624"", ""buy_3th_pre_req_pre"": ""0"", ""buy_4th_pre_bid"": ""+6460"", ""buy_4th_pre_req"": ""645"", ""buy_4th_pre_req_pre"": ""0"", ""buy_5th_pre_bid"": ""6450"", ""buy_5th_pre_req"": ""901"", ""buy_5th_pre_req_pre"": ""0"", ""buy_6th_pre_bid"": ""-6440"", ""buy_6th_pre_req"": ""213"", ""buy_6th_pre_req_pre"": ""0"", ""buy_7th_pre_bid"": ""-6430"", ""buy_7th_pre_req"": ""1610"", ""buy_7th_pre_req_pre"": ""0"", ""buy_8th_pre_bid"": ""-6420"", ""buy_8th_pre_req"": ""210"", ""buy_8th_pre_req_pre"": ""0"", ""buy_9th_pre_bid"": ""-6410"", ""buy_9th_pre_req"": ""1539"", ""buy_9th_pre_req_pre"": ""0"", ""buy_10th_pre_bid"": ""-6400"", ""buy_10th_pre_req"": ""4828"", ""buy_10th_pre_req_pre"": ""0"", ""tot_sel_req_jub_pre"": ""--431"", ""tot_sel_req"": ""5944"", ""tot_buy_req"": ""11340"", ""tot_buy_req_jub_pre"": ""0"", ""ovt_sel_req_pre"": ""0"", ""ovt_sel_req"": ""0"", ""ovt_buy_req"": ""0"", ""ovt_buy_req_pre"": ""0"", ""return_code"": 0, ""return_msg"": ""정상적으로 처리되었습니다""}"
2026-06-10,scan_candidate,114090,,0,main_scan,12100,,12100,12090,12100,12050,-0.8264462809917356,0.08264462809917356,,,,,,"{""bid_req_base_tm"": ""112911"", ""sel_10th_pre_req_pre"": ""0"", ""sel_10th_pre_req"": ""60"", ""sel_10th_pre_bid"": ""+12210"", ""sel_9th_pre_req_pre"": ""0"", ""sel_9th_pre_req"": ""567"", ""sel_9th_pre_bid"": ""+12200"", ""sel_8th_pre_req_pre"": ""0"", ""sel_8th_pre_req"": ""359"", ""sel_8th_pre_bid"": ""+12190"", ""sel_7th_pre_req_pre"": ""0"", ""sel_7th_pre_req"": ""331"", ""sel_7th_pre_bid"": ""+12180"", ""sel_6th_pre_req_pre"": ""0"", ""sel_6th_pre_req"": ""1711"", ""sel_6th_pre_bid"": ""+12170"", ""sel_5th_pre_req_pre"": ""0"", ""sel_5th_pre_req"": ""1010"", ""sel_5th_pre_bid"": ""+12160"", ""sel_4th_pre_req_pre"": ""0"", ""sel_4th_pre_req"": ""1135"", ""sel_4th_pre_bid"": ""+12150"", ""sel_3th_pre_req_pre"": ""0"", ""sel_3th_pre_req"": ""443"", ""sel_3th_pre_bid"": ""+12140"", ""sel_2th_pre_req_pre"": ""0"", ""sel_2th_pre_req"": ""357"", ""sel_2th_pre_bid"": ""+12130"", ""sel_1th_pre_req_pre"": ""0"", ""sel_fpr_req"": ""126"", ""sel_fpr_bid"": ""+12100"", ""buy_fpr_bid"": ""+12090"", ""buy_fpr_req"": ""315"", ""buy_1th_pre_req_pre"": ""+2"", ""buy_2th_pre_bid"": ""+12080"", ""buy_2th_pre_req"": ""235"", ""buy_2th_pre_req_pre"": ""0"", ""buy_3th_pre_bid"": ""+12070"", ""buy_3th_pre_req"": ""191"", ""buy_3th_pre_req_pre"": ""0"", ""buy_4th_pre_bid"": ""+12060"", ""buy_4th_pre_req"": ""512"", ""buy_4th_pre_req_pre"": ""0"", ""buy_5th_pre_bid"": ""+12020"", ""buy_5th_pre_req"": ""20"", ""buy_5th_pre_req_pre"": ""0"", ""buy_6th_pre_bid"": ""+12010"", ""buy_6th_pre_req"": ""205"", ""buy_6th_pre_req_pre"": ""0"", ""buy_7th_pre_bid"": ""+12000"", ""buy_7th_pre_req"": ""570"", ""buy_7th_pre_req_pre"": ""0"", ""buy_8th_pre_bid"": ""+11990"", ""buy_8th_pre_req"": ""100"", ""buy_8th_pre_req_pre"": ""0"", ""buy_9th_pre_bid"": ""+11980"", ""buy_9th_pre_req"": ""203"", ""buy_9th_pre_req_pre"": ""0"", ""buy_10th_pre_bid"": ""+11970"", ""buy_10th_pre_req"": ""56"", ""buy_10th_pre_req_pre"": ""0"", ""tot_sel_req_jub_pre"": ""0"", ""tot_sel_req"": ""6099"", ""tot_buy_req"": ""2407"", ""tot_buy_req_jub_pre"": ""+2"", ""ovt_sel_req_pre"": ""0"", ""ovt_sel_req"": ""0"", ""ovt_buy_req"": ""0"", ""ovt_buy_req_pre"": ""0"", ""return_code"": 0, ""return_msg"": ""정상적으로 처리되었습니다""}"
2026-06-10,scan_candidate,005090,,0,main_scan,51600,,51600,51400,51600,51800,0.1937984496124031,0.3875968992248062,,,,,,"{""bid_req_base_tm"": ""112908"", ""sel_10th_pre_req_pre"": ""0"", ""sel_10th_pre_req"": ""40"", ""sel_10th_pre_bid"": ""+52500"", ""sel_9th_pre_req_pre"": ""0"", ""sel_9th_pre_req"": ""2"", ""sel_9th_pre_bid"": ""+52400"", ""sel_8th_pre_req_pre"": ""0"", ""sel_8th_pre_req"": ""21"", ""sel_8th_pre_bid"": ""+52300"", ""sel_7th_pre_req_pre"": ""0"", ""sel_7th_pre_req"": ""22"", ""sel_7th_pre_bid"": ""+52200"", ""sel_6th_pre_req_pre"": ""0"", ""sel_6th_pre_req"": ""29"", ""sel_6th_pre_bid"": ""+52100"", ""sel_5th_pre_req_pre"": ""0"", ""sel_5th_pre_req"": ""9"", ""sel_5th_pre_bid"": ""+52000"", ""sel_4th_pre_req_pre"": ""0"", ""sel_4th_pre_req"": ""3"", ""sel_4th_pre_bid"": ""+51900"", ""sel_3th_pre_req_pre"": ""0"", ""sel_3th_pre_req"": ""8"", ""sel_3th_pre_bid"": ""+51800"", ""sel_2th_pre_req_pre"": ""+2"", ""sel_2th_pre_req"": ""83"", ""sel_2th_pre_bid"": ""+51700"", ""sel_1th_pre_req_pre"": ""0"", ""sel_fpr_req"": ""31"", ""sel_fpr_bid"": ""+51600"", ""buy_fpr_bid"": ""+51400"", ""buy_fpr_req"": ""105"", ""buy_1th_pre_req_pre"": ""0"", ""buy_2th_pre_bid"": ""+51300"", ""buy_2th_pre_req"": ""112"", ""buy_2th_pre_req_pre"": ""0"", ""buy_3th_pre_bid"": ""+51200"", ""buy_3th_pre_req"": ""216"", ""buy_3th_pre_req_pre"": ""0"", ""buy_4th_pre_bid"": ""+51100"", ""buy_4th_pre_req"": ""192"", ""buy_4th_pre_req_pre"": ""0"", ""buy_5th_pre_bid"": ""+51000"", ""buy_5th_pre_req"": ""323"", ""buy_5th_pre_req_pre"": ""0"", ""buy_6th_pre_bid"": ""+50900"", ""buy_6th_pre_req"": ""224"", ""buy_6th_pre_req_pre"": ""0"", ""buy_7th_pre_bid"": ""+50800"", ""buy_7th_pre_req"": ""202"", ""buy_7th_pre_req_pre"": ""0"", ""buy_8th_pre_bid"": ""+50700"", ""buy_8th_pre_req"": ""271"", ""buy_8th_pre_req_pre"": ""0"", ""buy_9th_pre_bid"": ""+50600"", ""buy_9th_pre_req"": ""157"", ""buy_9th_pre_req_pre"": ""0"", ""buy_10th_pre_bid"": ""50500"", ""buy_10th_pre_req"": ""559"", ""buy_10th_pre_req_pre"": ""0"", ""tot_sel_req_jub_pre"": ""+2"", ""tot_sel_req"": ""248"", ""tot_buy_req"": ""2361"", ""tot_buy_req_jub_pre"": ""0"", ""ovt_sel_req_pre"": ""0"", ""ovt_sel_req"": ""0"", ""ovt_buy_req"": ""0"", ""ovt_buy_req_pre"": ""0"", ""return_code"": 0, ""return_msg"": ""정상적으로 처리되었습니다""}"
2026-06-10,scan_candidate,017900,,0,main_scan,9240,,9240,9220,9240,9240,-0.10822510822510822,0.21645021645021645,,,,,,"{""bid_req_base_tm"": ""112912"", ""sel_10th_pre_req_pre"": ""0"", ""sel_10th_pre_req"": ""679"", ""sel_10th_pre_bid"": ""+9330"", ""sel_9th_pre_req_pre"": ""0"", ""sel_9th_pre_req"": ""630"", ""sel_9th_pre_bid"": ""+9320"", ""sel_8th_pre_req_pre"": ""0"", ""sel_8th_pre_req"": ""234"", ""sel_8th_pre_bid"": ""+9310"", ""sel_7th_pre_req_pre"": ""0"", ""sel_7th_pre_req"": ""1059"", ""sel_7th_pre_bid"": ""+9300"", ""sel_6th_pre_req_pre"": ""0"", ""sel_6th_pre_req"": ""202"", ""sel_6th_pre_bid"": ""+9290"", ""sel_5th_pre_req_pre"": ""0"", ""sel_5th_pre_req"": ""599"", ""sel_5th_pre_bid"": ""+9280"", ""sel_4th_pre_req_pre"": ""0"", ""sel_4th_pre_req"": ""1269"", ""sel_4th_pre_bid"": ""+9270"", ""sel_3th_pre_req_pre"": ""0"", ""sel_3th_pre_req"": ""1192"", ""sel_3th_pre_bid"": ""+9260"", ""sel_2th_pre_req_pre"": ""0"", ""sel_2th_pre_req"": ""1319"", ""sel_2th_pre_bid"": ""+9250"", ""sel_1th_pre_req_pre"": ""0"", ""sel_fpr_req"": ""314"", ""sel_fpr_bid"": ""+9240"", ""buy_fpr_bid"": ""+9220"", ""buy_fpr_req"": ""1181"", ""buy_1th_pre_req_pre"": ""0"", ""buy_2th_pre_bid"": ""+9210"", ""buy_2th_pre_req"": ""482"", ""buy_2th_pre_req_pre"": ""+20"", ""buy_3th_pre_bid"": ""+9200"", ""buy_3th_pre_req"": ""783"", ""buy_3th_pre_req_pre"": ""0"", ""buy_4th_pre_bid"": ""9190"", ""buy_4th_pre_req"": ""397"", ""buy_4th_pre_req_pre"": ""0"", ""buy_5th_pre_bid"": ""-9180"", ""buy_5th_pre_req"": ""1274"", ""buy_5th_pre_req_pre"": ""0"", ""buy_6th_pre_bid"": ""-9170"", ""buy_6th_pre_req"": ""1737"", ""buy_6th_pre_req_pre"": ""0"", ""buy_7th_pre_bid"": ""-9160"", ""buy_7th_pre_req"": ""1434"", ""buy_7th_pre_req_pre"": ""0"", ""buy_8th_pre_bid"": ""-9150"", ""buy_8th_pre_req"": ""2109"", ""buy_8th_pre_req_pre"": ""0"", ""buy_9th_pre_bid"": ""-9140"", ""buy_9th_pre_req"": ""1113"", ""buy_9th_pre_req_pre"": ""0"", ""buy_10th_pre_bid"": ""-9130"", ""buy_10th_pre_req"": ""1020"", ""buy_10th_pre_req_pre"": ""0"", ""tot_sel_req_jub_pre"": ""0"", ""tot_sel_req"": ""7497"", ""tot_buy_req"": ""11530"", ""tot_buy_req_jub_pre"": ""+20"", ""ovt_sel_req_pre"": ""0"", ""ovt_sel_req"": ""0"", ""ovt_buy_req"": ""0"", ""ovt_buy_req_pre"": ""0"", ""return_code"": 0, ""return_msg"": ""정상적으로 처리되었습니다""}"
2026-06-10,scan_candidate,004710,,0,main_scan,10790,,10790,10750,10790,10800,-0.3707136237256719,0.3707136237256719,,,,,,"{""bid_req_base_tm"": ""112859"", ""sel_10th_pre_req_pre"": ""0"", ""sel_10th_pre_req"": ""1198"", ""sel_10th_pre_bid"": ""+11010"", ""sel_9th_pre_req_pre"": ""0"", ""sel_9th_pre_req"": ""1011"", ""sel_9th_pre_bid"": ""+11000"", ""sel_8th_pre_req_pre"": ""0"", ""sel_8th_pre_req"": ""2"", ""sel_8th_pre_bid"": ""+10990"", ""sel_7th_pre_req_pre"": ""0"", ""sel_7th_pre_req"": ""70"", ""sel_7th_pre_bid"": ""+10900"", ""sel_6th_pre_req_pre"": ""0"", ""sel_6th_pre_req"": ""20"", ""sel_6th_pre_bid"": ""+10880"", ""sel_5th_pre_req_pre"": ""0"", ""sel_5th_pre_req"": ""10"", ""sel_5th_pre_bid"": ""+10850"", ""sel_4th_pre_req_pre"": ""0"", ""sel_4th_pre_req"": ""10"", ""sel_4th_pre_bid"": ""+10840"", ""sel_3th_pre_req_pre"": ""0"", ""sel_3th_pre_req"": ""7"", ""sel_3th_pre_bid"": ""+10820"", ""sel_2th_pre_req_pre"": ""0"", ""sel_2th_pre_req"": ""80"", ""sel_2th_pre_bid"": ""+10800"", ""sel_1th_pre_req_pre"": ""0"", ""sel_fpr_req"": ""6"", ""sel_fpr_bid"": ""+10790"", ""buy_fpr_bid"": ""+10750"", ""buy_fpr_req"": ""1"", ""buy_1th_pre_req_pre"": ""--2"", ""buy_2th_pre_bid"": ""+10740"", ""buy_2th_pre_req"": ""24"", ""buy_2th_pre_req_pre"": ""0"", ""buy_3th_pre_bid"": ""+10730"", ""buy_3th_pre_req"": ""189"", ""buy_3th_pre_req_pre"": ""0"", ""buy_4th_pre_bid"": ""+10720"", ""buy_4th_pre_req"": ""222"", ""buy_4th_pre_req_pre"": ""0"", ""buy_5th_pre_bid"": ""+10710"", ""buy_5th_pre_req"": ""56"", ""buy_5th_pre_req_pre"": ""0"", ""buy_6th_pre_bid"": ""+10700"", ""buy_6th_pre_req"": ""681"", ""buy_6th_pre_req_pre"": ""0"", ""buy_7th_pre_bid"": ""+10690"", ""buy_7th_pre_req"": ""12"", ""buy_7th_pre_req_pre"": ""0"", ""buy_8th_pre_bid"": ""+10680"", ""buy_8th_pre_req"": ""42"", ""buy_8th_pre_req_pre"": ""0"", ""buy_9th_pre_bid"": ""+10670"", ""buy_9th_pre_req"": ""3"", ""buy_9th_pre_req_pre"": ""0"", ""buy_10th_pre_bid"": ""+10660"", ""buy_10th_pre_req"": ""10"", ""buy_10th_pre_req_pre"": ""0"", ""tot_sel_req_jub_pre"": ""0"", ""tot_sel_req"": ""2414"", ""tot_buy_req"": ""1240"", ""tot_buy_req_jub_pre"": ""--2"", ""ovt_sel_req_pre"": ""0"", ""ovt_sel_req"": ""0"", ""ovt_buy_req"": ""0"", ""ovt_buy_req_pre"": ""0"", ""return_code"": 0, ""return_msg"": ""정상적으로 처리되었습니다""}"
2026-06-10,scan_candidate,006220,,0,main_scan,11990,,11990,11930,11990,11950,-0.7506255212677231,0.5004170141784821,,,,,,"{""bid_req_base_tm"": ""112913"", ""sel_10th_pre_req_pre"": ""0"", ""sel_10th_pre_req"": ""2687"", ""sel_10th_pre_bid"": ""+12110"", ""sel_9th_pre_req_pre"": ""0"", ""sel_9th_pre_req"": ""3032"", ""sel_9th_pre_bid"": ""+12100"", ""sel_8th_pre_req_pre"": ""0"", ""sel_8th_pre_req"": ""2"", ""sel_8th_pre_bid"": ""+12090"", ""sel_7th_pre_req_pre"": ""0"", ""sel_7th_pre_req"": ""6"", ""sel_7th_pre_bid"": ""+12080"", ""sel_6th_pre_req_pre"": ""0"", ""sel_6th_pre_req"": ""609"", ""sel_6th_pre_bid"": ""+12070"", ""sel_5th_pre_req_pre"": ""0"", ""sel_5th_pre_req"": ""34"", ""sel_5th_pre_bid"": ""+12040"", ""sel_4th_pre_req_pre"": ""0"", ""sel_4th_pre_req"": ""55"", ""sel_4th_pre_bid"": ""+12030"", ""sel_3th_pre_req_pre"": ""0"", ""sel_3th_pre_req"": ""1030"", ""sel_3th_pre_bid"": ""+12020"", ""sel_2th_pre_req_pre"": ""0"", ""sel_2th_pre_req"": ""2141"", ""sel_2th_pre_bid"": ""+12000"", ""sel_1th_pre_req_pre"": ""0"", ""sel_fpr_req"": ""120"", ""sel_fpr_bid"": ""+11990"", ""buy_fpr_bid"": ""+11930"", ""buy_fpr_req"": ""475"", ""buy_1th_pre_req_pre"": ""--1"", ""buy_2th_pre_bid"": ""+11920"", ""buy_2th_pre_req"": ""821"", ""buy_2th_pre_req_pre"": ""0"", ""buy_3th_pre_bid"": ""+11910"", ""buy_3th_pre_req"": ""1214"", ""buy_3th_pre_req_pre"": ""0"", ""buy_4th_pre_bid"": ""+11900"", ""buy_4th_pre_req"": ""1560"", ""buy_4th_pre_req_pre"": ""0"", ""buy_5th_pre_bid"": ""+11890"", ""buy_5th_pre_req"": ""499"", ""buy_5th_pre_req_pre"": ""0"", ""buy_6th_pre_bid"": ""+11880"", ""buy_6th_pre_req"": ""2046"", ""buy_6th_pre_req_pre"": ""0"", ""buy_7th_pre_bid"": ""+11870"", ""buy_7th_pre_req"": ""215"", ""buy_7th_pre_req_pre"": ""0"", ""buy_8th_pre_bid"": ""+11860"", ""buy_8th_pre_req"": ""1135"", ""buy_8th_pre_req_pre"": ""0"", ""buy_9th_pre_bid"": ""+11850"", ""buy_9th_pre_req"": ""680"", ""buy_9th_pre_req_pre"": ""0"", ""buy_10th_pre_bid"": ""+11840"", ""buy_10th_pre_req"": ""99"", ""buy_10th_pre_req_pre"": ""0"", ""tot_sel_req_jub_pre"": ""0"", ""tot_sel_req"": ""9716"", ""tot_buy_req"": ""8744"", ""tot_buy_req_jub_pre"": ""--1"", ""ovt_sel_req_pre"": ""0"", ""ovt_sel_req"": ""0"", ""ovt_buy_req"": ""0"", ""ovt_buy_req_pre"": ""0"", ""return_code"": 0, ""return_msg"": ""정상적으로 처리되었습니다""}"
2026-06-10,scan_candidate,092200,,0,main_scan,9390,,9390,9380,9390,9400,0.0,0.10649627263045794,,,,,,"{""bid_req_base_tm"": ""112912"", ""sel_10th_pre_req_pre"": ""0"", ""sel_10th_pre_req"": ""150"", ""sel_10th_pre_bid"": ""-9480"", ""sel_9th_pre_req_pre"": ""0"", ""sel_9th_pre_req"": ""1"", ""sel_9th_pre_bid"": ""-9470"", ""sel_8th_pre_req_pre"": ""0"", ""sel_8th_pre_req"": ""50"", ""sel_8th_pre_bid"": ""-9460"", ""sel_7th_pre_req_pre"": ""0"", ""sel_7th_pre_req"": ""152"", ""sel_7th_pre_bid"": ""-9450"", ""sel_6th_pre_req_pre"": ""0"", ""sel_6th_pre_req"": ""190"", ""sel_6th_pre_bid"": ""-9440"", ""sel_5th_pre_req_pre"": ""0"", ""sel_5th_pre_req"": ""2"", ""sel_5th_pre_bid"": ""-9430"", ""sel_4th_pre_req_pre"": ""0"", ""sel_4th_pre_req"": ""106"", ""sel_4th_pre_bid"": ""-9420"", ""sel_3th_pre_req_pre"": ""0"", ""sel_3th_pre_req"": ""348"", ""sel_3th_pre_bid"": ""-9410"", ""sel_2th_pre_req_pre"": ""0"", ""sel_2th_pre_req"": ""3570"", ""sel_2th_pre_bid"": ""-9400"", ""sel_1th_pre_req_pre"": ""--14"", ""sel_fpr_req"": ""593"", ""sel_fpr_bid"": ""-9390"", ""buy_fpr_bid"": ""-9380"", ""buy_fpr_req"": ""783"", ""buy_1th_pre_req_pre"": ""0"", ""buy_2th_pre_bid"": ""-9370"", ""buy_2th_pre_req"": ""571"", ""buy_2th_pre_req_pre"": ""0"", ""buy_3th_pre_bid"": ""-9360"", ""buy_3th_pre_req"": ""839"", ""buy_3th_pre_req_pre"": ""0"", ""buy_4th_pre_bid"": ""-9350"", ""buy_4th_pre_req"": ""641"", ""buy_4th_pre_req_pre"": ""0"", ""buy_5th_pre_bid"": ""-9340"", ""buy_5th_pre_req"": ""927"", ""buy_5th_pre_req_pre"": ""0"", ""buy_6th_pre_bid"": ""-9330"", ""buy_6th_pre_req"": ""1351"", ""buy_6th_pre_req_pre"": ""0"", ""buy_7th_pre_bid"": ""-9320"", ""buy_7th_pre_req"": ""580"", ""buy_7th_pre_req_pre"": ""0"", ""buy_8th_pre_bid"": ""-9310"", ""buy_8th_pre_req"": ""2943"", ""buy_8th_pre_req_pre"": ""0"", ""buy_9th_pre_bid"": ""-9300"", ""buy_9th_pre_req"": ""1712"", ""buy_9th_pre_req_pre"": ""0"", ""buy_10th_pre_bid"": ""-9290"", ""buy_10th_pre_req"": ""392"", ""buy_10th_pre_req_pre"": ""0"", ""tot_sel_req_jub_pre"": ""--14"", ""tot_sel_req"": ""5162"", ""tot_buy_req"": ""10739"", ""tot_buy_req_jub_pre"": ""0"", ""ovt_sel_req_pre"": ""0"", ""ovt_sel_req"": ""0"", ""ovt_buy_req"": ""0"", ""ovt_buy_req_pre"": ""0"", ""return_code"": 0, ""return_msg"": ""정상적으로 처리되었습니다""}"
2026-06-10,scan_candidate,000430,,0,main_scan,5580,,5580,5570,5580,5600,0.17921146953405018,0.17921146953405018,,,,,,"{""bid_req_base_tm"": ""112912"", ""sel_10th_pre_req_pre"": ""0"", ""sel_10th_pre_req"": ""270"", ""sel_10th_pre_bid"": ""-5670"", ""sel_9th_pre_req_pre"": ""0"", ""sel_9th_pre_req"": ""171"", ""sel_9th_pre_bid"": ""-5660"", ""sel_8th_pre_req_pre"": ""0"", ""sel_8th_pre_req"": ""5050"", ""sel_8th_pre_bid"": ""-5650"", ""sel_7th_pre_req_pre"": ""0"", ""sel_7th_pre_req"": ""318"", ""sel_7th_pre_bid"": ""-5640"", ""sel_6th_pre_req_pre"": ""0"", ""sel_6th_pre_req"": ""140"", ""sel_6th_pre_bid"": ""-5630"", ""sel_5th_pre_req_pre"": ""0"", ""sel_5th_pre_req"": ""32"", ""sel_5th_pre_bid"": ""-5620"", ""sel_4th_pre_req_pre"": ""0"", ""sel_4th_pre_req"": ""37"", ""sel_4th_pre_bid"": ""-5610"", ""sel_3th_pre_req_pre"": ""0"", ""sel_3th_pre_req"": ""66"", ""sel_3th_pre_bid"": ""-5600"", ""sel_2th_pre_req_pre"": ""0"", ""sel_2th_pre_req"": ""5200"", ""sel_2th_pre_bid"": ""-5590"", ""sel_1th_pre_req_pre"": ""0"", ""sel_fpr_req"": ""37"", ""sel_fpr_bid"": ""-5580"", ""buy_fpr_bid"": ""-5570"", ""buy_fpr_req"": ""1802"", ""buy_1th_pre_req_pre"": ""0"", ""buy_2th_pre_bid"": ""-5560"", ""buy_2th_pre_req"": ""2526"", ""buy_2th_pre_req_pre"": ""0"", ""buy_3th_pre_bid"": ""-5550"", ""buy_3th_pre_req"": ""2171"", ""buy_3th_pre_req_pre"": ""+90"", ""buy_4th_pre_bid"": ""-5540"", ""buy_4th_pre_req"": ""3418"", ""buy_4th_pre_req_pre"": ""0"", ""buy_5th_pre_bid"": ""-5530"", ""buy_5th_pre_req"": ""3631"", ""buy_5th_pre_req_pre"": ""0"", ""buy_6th_pre_bid"": ""-5520"", ""buy_6th_pre_req"": ""9414"", ""buy_6th_pre_req_pre"": ""0"", ""buy_7th_pre_bid"": ""-5510"", ""buy_7th_pre_req"": ""7663"", ""buy_7th_pre_req_pre"": ""0"", ""buy_8th_pre_bid"": ""-5500"", ""buy_8th_pre_req"": ""31448"", ""buy_8th_pre_req_pre"": ""0"", ""buy_9th_pre_bid"": ""-5490"", ""buy_9th_pre_req"": ""16439"", ""buy_9th_pre_req_pre"": ""0"", ""buy_10th_pre_bid"": ""-5480"", ""buy_10th_pre_req"": ""3620"", ""buy_10th_pre_req_pre"": ""0"", ""tot_sel_req_jub_pre"": ""0"", ""tot_sel_req"": ""11321"", ""tot_buy_req"": ""82132"", ""tot_buy_req_jub_pre"": ""+90"", ""ovt_sel_req_pre"": ""0"", ""ovt_sel_req"": ""0"", ""ovt_buy_req"": ""0"", ""ovt_buy_req_pre"": ""0"", ""return_code"": 0, ""return_msg"": ""정상적으로 처리되었습니다""}"
2026-06-10,scan_candidate,010690,,0,main_scan,10460,,10460,10420,10460,10450,-0.5736137667304015,0.3824091778202677,,,,,,"{""bid_req_base_tm"": ""112912"", ""sel_10th_pre_req_pre"": ""0"", ""sel_10th_pre_req"": ""59"", ""sel_10th_pre_bid"": ""+10550"", ""sel_9th_pre_req_pre"": ""0"", ""sel_9th_pre_req"": ""8"", ""sel_9th_pre_bid"": ""+10540"", ""sel_8th_pre_req_pre"": ""0"", ""sel_8th_pre_req"": ""11"", ""sel_8th_pre_bid"": ""+10530"", ""sel_7th_pre_req_pre"": ""0"", ""sel_7th_pre_req"": ""10"", ""sel_7th_pre_bid"": ""+10520"", ""sel_6th_pre_req_pre"": ""0"", ""sel_6th_pre_req"": ""504"", ""sel_6th_pre_bid"": ""+10510"", ""sel_5th_pre_req_pre"": ""0"", ""sel_5th_pre_req"": ""113"", ""sel_5th_pre_bid"": ""+10500"", ""sel_4th_pre_req_pre"": ""0"", ""sel_4th_pre_req"": ""50"", ""sel_4th_pre_bid"": ""+10490"", ""sel_3th_pre_req_pre"": ""0"", ""sel_3th_pre_req"": ""96"", ""sel_3th_pre_bid"": ""+10480"", ""sel_2th_pre_req_pre"": ""0"", ""sel_2th_pre_req"": ""194"", ""sel_2th_pre_bid"": ""+10470"", ""sel_1th_pre_req_pre"": ""0"", ""sel_fpr_req"": ""37"", ""sel_fpr_bid"": ""+10460"", ""buy_fpr_bid"": ""+10420"", ""buy_fpr_req"": ""704"", ""buy_1th_pre_req_pre"": ""--2"", ""buy_2th_pre_bid"": ""+10410"", ""buy_2th_pre_req"": ""275"", ""buy_2th_pre_req_pre"": ""0"", ""buy_3th_pre_bid"": ""+10400"", ""buy_3th_pre_req"": ""1352"", ""buy_3th_pre_req_pre"": ""0"", ""buy_4th_pre_bid"": ""+10390"", ""buy_4th_pre_req"": ""219"", ""buy_4th_pre_req_pre"": ""0"", ""buy_5th_pre_bid"": ""+10380"", ""buy_5th_pre_req"": ""259"", ""buy_5th_pre_req_pre"": ""0"", ""buy_6th_pre_bid"": ""+10370"", ""buy_6th_pre_req"": ""163"", ""buy_6th_pre_req_pre"": ""0"", ""buy_7th_pre_bid"": ""+10360"", ""buy_7th_pre_req"": ""316"", ""buy_7th_pre_req_pre"": ""0"", ""buy_8th_pre_bid"": ""+10350"", ""buy_8th_pre_req"": ""833"", ""buy_8th_pre_req_pre"": ""0"", ""buy_9th_pre_bid"": ""+10340"", ""buy_9th_pre_req"": ""52"", ""buy_9th_pre_req_pre"": ""0"", ""buy_10th_pre_bid"": ""+10330"", ""buy_10th_pre_req"": ""600"", ""buy_10th_pre_req_pre"": ""0"", ""tot_sel_req_jub_pre"": ""--237"", ""tot_sel_req"": ""1082"", ""tot_buy_req"": ""4773"", ""tot_buy_req_jub_pre"": ""+570"", ""ovt_sel_req_pre"": ""0"", ""ovt_sel_req"": ""0"", ""ovt_buy_req"": ""0"", ""ovt_buy_req_pre"": ""0"", ""return_code"": 0, ""return_msg"": ""정상적으로 처리되었습니다""}"
2026-06-10,scan_candidate,005950,,0,main_scan,11840,,11840,11810,11840,11900,0.08445945945945946,0.2533783783783784,,,,,,"{""bid_req_base_tm"": ""112913"", ""sel_10th_pre_req_pre"": ""0"", ""sel_10th_pre_req"": ""2"", ""sel_10th_pre_bid"": ""+12090"", ""sel_9th_pre_req_pre"": ""0"", ""sel_9th_pre_req"": ""1"", ""sel_9th_pre_bid"": ""+12060"", ""sel_8th_pre_req_pre"": ""0"", ""sel_8th_pre_req"": ""91"", ""sel_8th_pre_bid"": ""+12010"", ""sel_7th_pre_req_pre"": ""0"", ""sel_7th_pre_req"": ""51"", ""sel_7th_pre_bid"": ""+11990"", ""sel_6th_pre_req_pre"": ""0"", ""sel_6th_pre_req"": ""226"", ""sel_6th_pre_bid"": ""+11970"", ""sel_5th_pre_req_pre"": ""0"", ""sel_5th_pre_req"": ""178"", ""sel_5th_pre_bid"": ""+11940"", ""sel_4th_pre_req_pre"": ""0"", ""sel_4th_pre_req"": ""49"", ""sel_4th_pre_bid"": ""+11920"", ""sel_3th_pre_req_pre"": ""0"", ""sel_3th_pre_req"": ""8"", ""sel_3th_pre_bid"": ""+11870"", ""sel_2th_pre_req_pre"": ""0"", ""sel_2th_pre_req"": ""183"", ""sel_2th_pre_bid"": ""+11850"", ""sel_1th_pre_req_pre"": ""0"", ""sel_fpr_req"": ""151"", ""sel_fpr_bid"": ""+11840"", ""buy_fpr_bid"": ""+11810"", ""buy_fpr_req"": ""272"", ""buy_1th_pre_req_pre"": ""0"", ""buy_2th_pre_bid"": ""+11800"", ""buy_2th_pre_req"": ""639"", ""buy_2th_pre_req_pre"": ""0"", ""buy_3th_pre_bid"": ""+11790"", ""buy_3th_pre_req"": ""82"", ""buy_3th_pre_req_pre"": ""0"", ""buy_4th_pre_bid"": ""+11780"", ""buy_4th_pre_req"": ""469"", ""buy_4th_pre_req_pre"": ""0"", ""buy_5th_pre_bid"": ""+11770"", ""buy_5th_pre_req"": ""182"", ""buy_5th_pre_req_pre"": ""0"", ""buy_6th_pre_bid"": ""+11760"", ""buy_6th_pre_req"": ""14"", ""buy_6th_pre_req_pre"": ""0"", ""buy_7th_pre_bid"": ""+11750"", ""buy_7th_pre_req"": ""445"", ""buy_7th_pre_req_pre"": ""0"", ""buy_8th_pre_bid"": ""+11740"", ""buy_8th_pre_req"": ""717"", ""buy_8th_pre_req_pre"": ""0"", ""buy_9th_pre_bid"": ""+11730"", ""buy_9th_pre_req"": ""808"", ""buy_9th_pre_req_pre"": ""0"", ""buy_10th_pre_bid"": ""+11720"", ""buy_10th_pre_req"": ""615"", ""buy_10th_pre_req_pre"": ""0"", ""tot_sel_req_jub_pre"": ""--94"", ""tot_sel_req"": ""940"", ""tot_buy_req"": ""4243"", ""tot_buy_req_jub_pre"": ""+609"", ""ovt_sel_req_pre"": ""0"", ""ovt_sel_req"": ""0"", ""ovt_buy_req"": ""0"", ""ovt_buy_req_pre"": ""0"", ""return_code"": 0, ""return_msg"": ""정상적으로 처리되었습니다""}"
2026-06-10,watchlist,014680,,0,filtered_candidate_recheck,261000,,261000,260000,261000,262500,0.38314176245210724,0.38314176245210724,,,,,,"{""bid_req_base_tm"": ""113016"", ""sel_10th_pre_req_pre"": ""0"", ""sel_10th_pre_req"": ""24"", ""sel_10th_pre_bid"": ""+265500"", ""sel_9th_pre_req_pre"": ""0"", ""sel_9th_pre_req"": ""40"", ""sel_9th_pre_bid"": ""+265000"", ""sel_8th_pre_req_pre"": ""0"", ""sel_8th_pre_req"": ""3"", ""sel_8th_pre_bid"": ""+264500"", ""sel_7th_pre_req_pre"": ""0"", ""sel_7th_pre_req"": ""86"", ""sel_7th_pre_bid"": ""+264000"", ""sel_6th_pre_req_pre"": ""0"", ""sel_6th_pre_req"": ""13"", ""sel_6th_pre_bid"": ""+263500"", ""sel_5th_pre_req_pre"": ""0"", ""sel_5th_pre_req"": ""10"", ""sel_5th_pre_bid"": ""+263000"", ""sel_4th_pre_req_pre"": ""0"", ""sel_4th_pre_req"": ""4"", ""sel_4th_pre_bid"": ""+262500"", ""sel_3th_pre_req_pre"": ""0"", ""sel_3th_pre_req"": ""2"", ""sel_3th_pre_bid"": ""+262000"", ""sel_2th_pre_req_pre"": ""0"", ""sel_2th_pre_req"": ""2"", ""sel_2th_pre_bid"": ""+261500"", ""sel_1th_pre_req_pre"": ""0"", ""sel_fpr_req"": ""11"", ""sel_fpr_bid"": ""+261000"", ""buy_fpr_bid"": ""+260000"", ""buy_fpr_req"": ""38"", ""buy_1th_pre_req_pre"": ""0"", ""buy_2th_pre_bid"": ""+259500"", ""buy_2th_pre_req"": ""287"", ""buy_2th_pre_req_pre"": ""0"", ""buy_3th_pre_bid"": ""+259000"", ""buy_3th_pre_req"": ""261"", ""buy_3th_pre_req_pre"": ""0"", ""buy_4th_pre_bid"": ""+258500"", ""buy_4th_pre_req"": ""239"", ""buy_4th_pre_req_pre"": ""0"", ""buy_5th_pre_bid"": ""+258000"", ""buy_5th_pre_req"": ""201"", ""buy_5th_pre_req_pre"": ""--35"", ""buy_6th_pre_bid"": ""+257500"", ""buy_6th_pre_req"": ""202"", ""buy_6th_pre_req_pre"": ""0"", ""buy_7th_pre_bid"": ""+257000"", ""buy_7th_pre_req"": ""205"", ""buy_7th_pre_req_pre"": ""0"", ""buy_8th_pre_bid"": ""+256500"", ""buy_8th_pre_req"": ""202"", ""buy_8th_pre_req_pre"": ""0"", ""buy_9th_pre_bid"": ""+256000"", ""buy_9th_pre_req"": ""203"", ""buy_9th_pre_req_pre"": ""0"", ""buy_10th_pre_bid"": ""+255500"", ""buy_10th_pre_req"": ""279"", ""buy_10th_pre_req_pre"": ""0"", ""tot_sel_req_jub_pre"": ""0"", ""tot_sel_req"": ""195"", ""tot_buy_req"": ""2117"", ""tot_buy_req_jub_pre"": ""--35"", ""ovt_sel_req_pre"": ""0"", ""ovt_sel_req"": ""0"", ""ovt_buy_req"": ""0"", ""ovt_buy_req_pre"": ""0"", ""return_code"": 0, ""return_msg"": ""정상적으로 처리되었습니다""}"
2026-06-10,watchlist,035420,,1,filtered_candidate_recheck,233000,,233000,232500,233000,234000,0.2145922746781116,0.2145922746781116,,,,,,"{""bid_req_base_tm"": ""113017"", ""sel_10th_pre_req_pre"": ""0"", ""sel_10th_pre_req"": ""3151"", ""sel_10th_pre_bid"": ""-237500"", ""sel_9th_pre_req_pre"": ""0"", ""sel_9th_pre_req"": ""1803"", ""sel_9th_pre_bid"": ""-237000"", ""sel_8th_pre_req_pre"": ""0"", ""sel_8th_pre_req"": ""4130"", ""sel_8th_pre_bid"": ""-236500"", ""sel_7th_pre_req_pre"": ""0"", ""sel_7th_pre_req"": ""3419"", ""sel_7th_pre_bid"": ""-236000"", ""sel_6th_pre_req_pre"": ""0"", ""sel_6th_pre_req"": ""2043"", ""sel_6th_pre_bid"": ""-235500"", ""sel_5th_pre_req_pre"": ""0"", ""sel_5th_pre_req"": ""2094"", ""sel_5th_pre_bid"": ""-235000"", ""sel_4th_pre_req_pre"": ""0"", ""sel_4th_pre_req"": ""1701"", ""sel_4th_pre_bid"": ""-234500"", ""sel_3th_pre_req_pre"": ""0"", ""sel_3th_pre_req"": ""1715"", ""sel_3th_pre_bid"": ""-234000"", ""sel_2th_pre_req_pre"": ""0"", ""sel_2th_pre_req"": ""2152"", ""sel_2th_pre_bid"": ""-233500"", ""sel_1th_pre_req_pre"": ""0"", ""sel_fpr_req"": ""4444"", ""sel_fpr_bid"": ""-233000"", ""buy_fpr_bid"": ""-232500"", ""buy_fpr_req"": ""850"", ""buy_1th_pre_req_pre"": ""+5"", ""buy_2th_pre_bid"": ""-232000"", ""buy_2th_pre_req"": ""5411"", ""buy_2th_pre_req_pre"": ""0"", ""buy_3th_pre_bid"": ""-231500"", ""buy_3th_pre_req"": ""1671"", ""buy_3th_pre_req_pre"": ""0"", ""buy_4th_pre_bid"": ""-231000"", ""buy_4th_pre_req"": ""5020"", ""buy_4th_pre_req_pre"": ""0"", ""buy_5th_pre_bid"": ""-230500"", ""buy_5th_pre_req"": ""20240"", ""buy_5th_pre_req_pre"": ""0"", ""buy_6th_pre_bid"": ""-230000"", ""buy_6th_pre_req"": ""68901"", ""buy_6th_pre_req_pre"": ""0"", ""buy_7th_pre_bid"": ""-229500"", ""buy_7th_pre_req"": ""6709"", ""buy_7th_pre_req_pre"": ""0"", ""buy_8th_pre_bid"": ""-229000"", ""buy_8th_pre_req"": ""12824"", ""buy_8th_pre_req_pre"": ""0"", ""buy_9th_pre_bid"": ""-228500"", ""buy_9th_pre_req"": ""9125"", ""buy_9th_pre_req_pre"": ""0"", ""buy_10th_pre_bid"": ""-228000"", ""buy_10th_pre_req"": ""13700"", ""buy_10th_pre_req_pre"": ""0"", ""tot_sel_req_jub_pre"": ""0"", ""tot_sel_req"": ""26652"", ""tot_buy_req"": ""144451"", ""tot_buy_req_jub_pre"": ""+5"", ""ovt_sel_req_pre"": ""0"", ""ovt_sel_req"": ""0"", ""ovt_buy_req"": ""0"", ""ovt_buy_req_pre"": ""0"", ""return_code"": 0, ""return_msg"": ""정상적으로 처리되었습니다""}"
2026-06-10,watchlist,036570,,0,filtered_candidate_recheck,257000,,257000,256500,257000,258000,0.19455252918287938,0.19455252918287938,,,,,,"{""bid_req_base_tm"": ""113014"", ""sel_10th_pre_req_pre"": ""0"", ""sel_10th_pre_req"": ""423"", ""sel_10th_pre_bid"": ""-261500"", ""sel_9th_pre_req_pre"": ""0"", ""sel_9th_pre_req"": ""78"", ""sel_9th_pre_bid"": ""-261000"", ""sel_8th_pre_req_pre"": ""0"", ""sel_8th_pre_req"": ""15"", ""sel_8th_pre_bid"": ""-260500"", ""sel_7th_pre_req_pre"": ""0"", ""sel_7th_pre_req"": ""120"", ""sel_7th_pre_bid"": ""-260000"", ""sel_6th_pre_req_pre"": ""0"", ""sel_6th_pre_req"": ""62"", ""sel_6th_pre_bid"": ""-259500"", ""sel_5th_pre_req_pre"": ""0"", ""sel_5th_pre_req"": ""12"", ""sel_5th_pre_bid"": ""-259000"", ""sel_4th_pre_req_pre"": ""0"", ""sel_4th_pre_req"": ""13"", ""sel_4th_pre_bid"": ""-258500"", ""sel_3th_pre_req_pre"": ""0"", ""sel_3th_pre_req"": ""48"", ""sel_3th_pre_bid"": ""-258000"", ""sel_2th_pre_req_pre"": ""0"", ""sel_2th_pre_req"": ""10"", ""sel_2th_pre_bid"": ""-257500"", ""sel_1th_pre_req_pre"": ""0"", ""sel_fpr_req"": ""53"", ""sel_fpr_bid"": ""-257000"", ""buy_fpr_bid"": ""-256500"", ""buy_fpr_req"": ""129"", ""buy_1th_pre_req_pre"": ""+4"", ""buy_2th_pre_bid"": ""-256000"", ""buy_2th_pre_req"": ""123"", ""buy_2th_pre_req_pre"": ""0"", ""buy_3th_pre_bid"": ""-255500"", ""buy_3th_pre_req"": ""123"", ""buy_3th_pre_req_pre"": ""0"", ""buy_4th_pre_bid"": ""-255000"", ""buy_4th_pre_req"": ""361"", ""buy_4th_pre_req_pre"": ""0"", ""buy_5th_pre_bid"": ""-254500"", ""buy_5th_pre_req"": ""430"", ""buy_5th_pre_req_pre"": ""0"", ""buy_6th_pre_bid"": ""-254000"", ""buy_6th_pre_req"": ""341"", ""buy_6th_pre_req_pre"": ""0"", ""buy_7th_pre_bid"": ""-253500"", ""buy_7th_pre_req"": ""423"", ""buy_7th_pre_req_pre"": ""0"", ""buy_8th_pre_bid"": ""-253000"", ""buy_8th_pre_req"": ""732"", ""buy_8th_pre_req_pre"": ""0"", ""buy_9th_pre_bid"": ""-252500"", ""buy_9th_pre_req"": ""217"", ""buy_9th_pre_req_pre"": ""0"", ""buy_10th_pre_bid"": ""-252000"", ""buy_10th_pre_req"": ""126"", ""buy_10th_pre_req_pre"": ""0"", ""tot_sel_req_jub_pre"": ""0"", ""tot_sel_req"": ""834"", ""tot_buy_req"": ""3005"", ""tot_buy_req_jub_pre"": ""+4"", ""ovt_sel_req_pre"": ""0"", ""ovt_sel_req"": ""0"", ""ovt_buy_req"": ""0"", ""ovt_buy_req_pre"": ""0"", ""return_code"": 0, ""return_msg"": ""정상적으로 처리되었습니다""}"
2026-06-10,watchlist,005090,,1,filtered_candidate_recheck,51600,,51600,51500,51600,51800,0.1937984496124031,0.1937984496124031,,,,,,"{""bid_req_base_tm"": ""113009"", ""sel_10th_pre_req_pre"": ""0"", ""sel_10th_pre_req"": ""41"", ""sel_10th_pre_bid"": ""+52500"", ""sel_9th_pre_req_pre"": ""0"", ""sel_9th_pre_req"": ""2"", ""sel_9th_pre_bid"": ""+52400"", ""sel_8th_pre_req_pre"": ""0"", ""sel_8th_pre_req"": ""21"", ""sel_8th_pre_bid"": ""+52300"", ""sel_7th_pre_req_pre"": ""0"", ""sel_7th_pre_req"": ""22"", ""sel_7th_pre_bid"": ""+52200"", ""sel_6th_pre_req_pre"": ""0"", ""sel_6th_pre_req"": ""29"", ""sel_6th_pre_bid"": ""+52100"", ""sel_5th_pre_req_pre"": ""0"", ""sel_5th_pre_req"": ""9"", ""sel_5th_pre_bid"": ""+52000"", ""sel_4th_pre_req_pre"": ""0"", ""sel_4th_pre_req"": ""3"", ""sel_4th_pre_bid"": ""+51900"", ""sel_3th_pre_req_pre"": ""0"", ""sel_3th_pre_req"": ""8"", ""sel_3th_pre_bid"": ""+51800"", ""sel_2th_pre_req_pre"": ""0"", ""sel_2th_pre_req"": ""81"", ""sel_2th_pre_bid"": ""+51700"", ""sel_1th_pre_req_pre"": ""0"", ""sel_fpr_req"": ""28"", ""sel_fpr_bid"": ""+51600"", ""buy_fpr_bid"": ""+51500"", ""buy_fpr_req"": ""3"", ""buy_1th_pre_req_pre"": ""0"", ""buy_2th_pre_bid"": ""+51400"", ""buy_2th_pre_req"": ""114"", ""buy_2th_pre_req_pre"": ""--1"", ""buy_3th_pre_bid"": ""+51300"", ""buy_3th_pre_req"": ""112"", ""buy_3th_pre_req_pre"": ""0"", ""buy_4th_pre_bid"": ""+51200"", ""buy_4th_pre_req"": ""216"", ""buy_4th_pre_req_pre"": ""0"", ""buy_5th_pre_bid"": ""+51100"", ""buy_5th_pre_req"": ""192"", ""buy_5th_pre_req_pre"": ""0"", ""buy_6th_pre_bid"": ""+51000"", ""buy_6th_pre_req"": ""329"", ""buy_6th_pre_req_pre"": ""0"", ""buy_7th_pre_bid"": ""+50900"", ""buy_7th_pre_req"": ""224"", ""buy_7th_pre_req_pre"": ""0"", ""buy_8th_pre_bid"": ""+50800"", ""buy_8th_pre_req"": ""202"", ""buy_8th_pre_req_pre"": ""0"", ""buy_9th_pre_bid"": ""+50700"", ""buy_9th_pre_req"": ""271"", ""buy_9th_pre_req_pre"": ""0"", ""buy_10th_pre_bid"": ""+50600"", ""buy_10th_pre_req"": ""157"", ""buy_10th_pre_req_pre"": ""0"", ""tot_sel_req_jub_pre"": ""0"", ""tot_sel_req"": ""244"", ""tot_buy_req"": ""1820"", ""tot_buy_req_jub_pre"": ""--557"", ""ovt_sel_req_pre"": ""0"", ""ovt_sel_req"": ""0"", ""ovt_buy_req"": ""0"", ""ovt_buy_req_pre"": ""0"", ""return_code"": 0, ""return_msg"": ""정상적으로 처리되었습니다""}"
2026-06-10,watchlist,066570,,0,filtered_candidate_recheck,230000,,230000,229500,230000,231000,0.21739130434782608,0.21739130434782608,,,,,,"{""bid_req_base_tm"": ""113018"", ""sel_10th_pre_req_pre"": ""0"", ""sel_10th_pre_req"": ""1370"", ""sel_10th_pre_bid"": ""-234500"", ""sel_9th_pre_req_pre"": ""0"", ""sel_9th_pre_req"": ""1194"", ""sel_9th_pre_bid"": ""-234000"", ""sel_8th_pre_req_pre"": ""0"", ""sel_8th_pre_req"": ""4063"", ""sel_8th_pre_bid"": ""-233500"", ""sel_7th_pre_req_pre"": ""0"", ""sel_7th_pre_req"": ""2512"", ""sel_7th_pre_bid"": ""-233000"", ""sel_6th_pre_req_pre"": ""0"", ""sel_6th_pre_req"": ""1257"", ""sel_6th_pre_bid"": ""-232500"", ""sel_5th_pre_req_pre"": ""0"", ""sel_5th_pre_req"": ""1215"", ""sel_5th_pre_bid"": ""-232000"", ""sel_4th_pre_req_pre"": ""0"", ""sel_4th_pre_req"": ""1167"", ""sel_4th_pre_bid"": ""-231500"", ""sel_3th_pre_req_pre"": ""0"", ""sel_3th_pre_req"": ""3074"", ""sel_3th_pre_bid"": ""-231000"", ""sel_2th_pre_req_pre"": ""0"", ""sel_2th_pre_req"": ""2690"", ""sel_2th_pre_bid"": ""-230500"", ""sel_1th_pre_req_pre"": ""0"", ""sel_fpr_req"": ""2958"", ""sel_fpr_bid"": ""-230000"", ""buy_fpr_bid"": ""-229500"", ""buy_fpr_req"": ""896"", ""buy_1th_pre_req_pre"": ""0"", ""buy_2th_pre_bid"": ""-229000"", ""buy_2th_pre_req"": ""9309"", ""buy_2th_pre_req_pre"": ""+39"", ""buy_3th_pre_bid"": ""-228500"", ""buy_3th_pre_req"": ""3150"", ""buy_3th_pre_req_pre"": ""0"", ""buy_4th_pre_bid"": ""-228000"", ""buy_4th_pre_req"": ""9112"", ""buy_4th_pre_req_pre"": ""0"", ""buy_5th_pre_bid"": ""-227500"", ""buy_5th_pre_req"": ""7658"", ""buy_5th_pre_req_pre"": ""0"", ""buy_6th_pre_bid"": ""-227000"", ""buy_6th_pre_req"": ""54988"", ""buy_6th_pre_req_pre"": ""0"", ""buy_7th_pre_bid"": ""-226500"", ""buy_7th_pre_req"": ""3132"", ""buy_7th_pre_req_pre"": ""0"", ""buy_8th_pre_bid"": ""-226000"", ""buy_8th_pre_req"": ""4973"", ""buy_8th_pre_req_pre"": ""0"", ""buy_9th_pre_bid"": ""-225500"", ""buy_9th_pre_req"": ""3300"", ""buy_9th_pre_req_pre"": ""0"", ""buy_10th_pre_bid"": ""-225000"", ""buy_10th_pre_req"": ""14861"", ""buy_10th_pre_req_pre"": ""0"", ""tot_sel_req_jub_pre"": ""0"", ""tot_sel_req"": ""21500"", ""tot_buy_req"": ""111379"", ""tot_buy_req_jub_pre"": ""+39"", ""ovt_sel_req_pre"": ""0"", ""ovt_sel_req"": ""0"", ""ovt_buy_req"": ""0"", ""ovt_buy_req_pre"": ""0"", ""return_code"": 0, ""return_msg"": ""정상적으로 처리되었습니다""}"
2026-06-10,watchlist,028670,,1,filtered_candidate_recheck,5070,,5070,5060,5070,5060,-0.39447731755424065,0.19723865877712032,,,,,,"{""bid_req_base_tm"": ""113018"", ""sel_10th_pre_req_pre"": ""0"", ""sel_10th_pre_req"": ""2656"", ""sel_10th_pre_bid"": ""-5160"", ""sel_9th_pre_req_pre"": ""0"", ""sel_9th_pre_req"": ""3854"", ""sel_9th_pre_bid"": ""-5150"", ""sel_8th_pre_req_pre"": ""0"", ""sel_8th_pre_req"": ""1511"", ""sel_8th_pre_bid"": ""-5140"", ""sel_7th_pre_req_pre"": ""0"", ""sel_7th_pre_req"": ""3289"", ""sel_7th_pre_bid"": ""-5130"", ""sel_6th_pre_req_pre"": ""0"", ""sel_6th_pre_req"": ""3150"", ""sel_6th_pre_bid"": ""-5120"", ""sel_5th_pre_req_pre"": ""0"", ""sel_5th_pre_req"": ""1786"", ""sel_5th_pre_bid"": ""-5110"", ""sel_4th_pre_req_pre"": ""0"", ""sel_4th_pre_req"": ""1011"", ""sel_4th_pre_bid"": ""-5100"", ""sel_3th_pre_req_pre"": ""0"", ""sel_3th_pre_req"": ""1935"", ""sel_3th_pre_bid"": ""-5090"", ""sel_2th_pre_req_pre"": ""0"", ""sel_2th_pre_req"": ""1953"", ""sel_2th_pre_bid"": ""-5080"", ""sel_1th_pre_req_pre"": ""0"", ""sel_fpr_req"": ""1155"", ""sel_fpr_bid"": ""-5070"", ""buy_fpr_bid"": ""-5060"", ""buy_fpr_req"": ""249"", ""buy_1th_pre_req_pre"": ""0"", ""buy_2th_pre_bid"": ""-5040"", ""buy_2th_pre_req"": ""133"", ""buy_2th_pre_req_pre"": ""0"", ""buy_3th_pre_bid"": ""-5030"", ""buy_3th_pre_req"": ""668"", ""buy_3th_pre_req_pre"": ""0"", ""buy_4th_pre_bid"": ""-5020"", ""buy_4th_pre_req"": ""839"", ""buy_4th_pre_req_pre"": ""0"", ""buy_5th_pre_bid"": ""-5010"", ""buy_5th_pre_req"": ""2145"", ""buy_5th_pre_req_pre"": ""0"", ""buy_6th_pre_bid"": ""-5000"", ""buy_6th_pre_req"": ""8113"", ""buy_6th_pre_req_pre"": ""+47"", ""buy_7th_pre_bid"": ""-4995"", ""buy_7th_pre_req"": ""1161"", ""buy_7th_pre_req_pre"": ""0"", ""buy_8th_pre_bid"": ""-4990"", ""buy_8th_pre_req"": ""195"", ""buy_8th_pre_req_pre"": ""0"", ""buy_9th_pre_bid"": ""-4985"", ""buy_9th_pre_req"": ""79"", ""buy_9th_pre_req_pre"": ""0"", ""buy_10th_pre_bid"": ""-4980"", ""buy_10th_pre_req"": ""1691"", ""buy_10th_pre_req_pre"": ""0"", ""tot_sel_req_jub_pre"": ""0"", ""tot_sel_req"": ""22300"", ""tot_buy_req"": ""15273"", ""tot_buy_req_jub_pre"": ""+47"", ""ovt_sel_req_pre"": ""0"", ""ovt_sel_req"": ""0"", ""ovt_buy_req"": ""0"", ""ovt_buy_req_pre"": ""0"", ""return_code"": 0, ""return_msg"": ""정상적으로 처리되었습니다""}"
2026-06-10,watchlist,004990,,0,filtered_candidate_recheck,25650,,25650,25600,25650,25700,0.0,0.1949317738791423,,,,,,"{""bid_req_base_tm"": ""113017"", ""sel_10th_pre_req_pre"": ""0"", ""sel_10th_pre_req"": ""3091"", ""sel_10th_pre_bid"": ""26150"", ""sel_9th_pre_req_pre"": ""0"", ""sel_9th_pre_req"": ""429"", ""sel_9th_pre_bid"": ""-26100"", ""sel_8th_pre_req_pre"": ""0"", ""sel_8th_pre_req"": ""56"", ""sel_8th_pre_bid"": ""-26050"", ""sel_7th_pre_req_pre"": ""0"", ""sel_7th_pre_req"": ""118"", ""sel_7th_pre_bid"": ""-26000"", ""sel_6th_pre_req_pre"": ""0"", ""sel_6th_pre_req"": ""210"", ""sel_6th_pre_bid"": ""-25950"", ""sel_5th_pre_req_pre"": ""0"", ""sel_5th_pre_req"": ""2"", ""sel_5th_pre_bid"": ""-25850"", ""sel_4th_pre_req_pre"": ""0"", ""sel_4th_pre_req"": ""84"", ""sel_4th_pre_bid"": ""-25800"", ""sel_3th_pre_req_pre"": ""0"", ""sel_3th_pre_req"": ""5"", ""sel_3th_pre_bid"": ""-25750"", ""sel_2th_pre_req_pre"": ""0"", ""sel_2th_pre_req"": ""204"", ""sel_2th_pre_bid"": ""-25700"", ""sel_1th_pre_req_pre"": ""--4"", ""sel_fpr_req"": ""5"", ""sel_fpr_bid"": ""-25650"", ""buy_fpr_bid"": ""-25600"", ""buy_fpr_req"": ""486"", ""buy_1th_pre_req_pre"": ""0"", ""buy_2th_pre_bid"": ""-25550"", ""buy_2th_pre_req"": ""483"", ""buy_2th_pre_req_pre"": ""0"", ""buy_3th_pre_bid"": ""-25500"", ""buy_3th_pre_req"": ""975"", ""buy_3th_pre_req_pre"": ""0"", ""buy_4th_pre_bid"": ""-25450"", ""buy_4th_pre_req"": ""697"", ""buy_4th_pre_req_pre"": ""0"", ""buy_5th_pre_bid"": ""-25400"", ""buy_5th_pre_req"": ""663"", ""buy_5th_pre_req_pre"": ""0"", ""buy_6th_pre_bid"": ""-25350"", ""buy_6th_pre_req"": ""440"", ""buy_6th_pre_req_pre"": ""0"", ""buy_7th_pre_bid"": ""-25300"", ""buy_7th_pre_req"": ""430"", ""buy_7th_pre_req_pre"": ""0"", ""buy_8th_pre_bid"": ""-25250"", ""buy_8th_pre_req"": ""819"", ""buy_8th_pre_req_pre"": ""0"", ""buy_9th_pre_bid"": ""-25200"", ""buy_9th_pre_req"": ""757"", ""buy_9th_pre_req_pre"": ""0"", ""buy_10th_pre_bid"": ""-25150"", ""buy_10th_pre_req"": ""1573"", ""buy_10th_pre_req_pre"": ""0"", ""tot_sel_req_jub_pre"": ""--4"", ""tot_sel_req"": ""4204"", ""tot_buy_req"": ""7323"", ""tot_buy_req_jub_pre"": ""0"", ""ovt_sel_req_pre"": ""0"", ""ovt_sel_req"": ""0"", ""ovt_buy_req"": ""0"", ""ovt_buy_req_pre"": ""0"", ""return_code"": 0, ""return_msg"": ""정상적으로 처리되었습니다""}"
2026-06-10,watchlist,081660,,0,filtered_candidate_recheck,40550,,40550,40450,40550,40550,-0.12330456226880394,0.2466091245376079,,,,,,"{""bid_req_base_tm"": ""113017"", ""sel_10th_pre_req_pre"": ""0"", ""sel_10th_pre_req"": ""5"", ""sel_10th_pre_bid"": ""+41100"", ""sel_9th_pre_req_pre"": ""0"", ""sel_9th_pre_req"": ""3"", ""sel_9th_pre_bid"": ""+41050"", ""sel_8th_pre_req_pre"": ""0"", ""sel_8th_pre_req"": ""362"", ""sel_8th_pre_bid"": ""+41000"", ""sel_7th_pre_req_pre"": ""0"", ""sel_7th_pre_req"": ""303"", ""sel_7th_pre_bid"": ""+40950"", ""sel_6th_pre_req_pre"": ""0"", ""sel_6th_pre_req"": ""176"", ""sel_6th_pre_bid"": ""+40900"", ""sel_5th_pre_req_pre"": ""0"", ""sel_5th_pre_req"": ""136"", ""sel_5th_pre_bid"": ""+40800"", ""sel_4th_pre_req_pre"": ""0"", ""sel_4th_pre_req"": ""23"", ""sel_4th_pre_bid"": ""+40750"", ""sel_3th_pre_req_pre"": ""0"", ""sel_3th_pre_req"": ""70"", ""sel_3th_pre_bid"": ""+40700"", ""sel_2th_pre_req_pre"": ""0"", ""sel_2th_pre_req"": ""108"", ""sel_2th_pre_bid"": ""+40600"", ""sel_1th_pre_req_pre"": ""0"", ""sel_fpr_req"": ""8"", ""sel_fpr_bid"": ""+40550"", ""buy_fpr_bid"": ""+40450"", ""buy_fpr_req"": ""7"", ""buy_1th_pre_req_pre"": ""0"", ""buy_2th_pre_bid"": ""+40400"", ""buy_2th_pre_req"": ""296"", ""buy_2th_pre_req_pre"": ""0"", ""buy_3th_pre_bid"": ""+40350"", ""buy_3th_pre_req"": ""82"", ""buy_3th_pre_req_pre"": ""--8"", ""buy_4th_pre_bid"": ""+40300"", ""buy_4th_pre_req"": ""63"", ""buy_4th_pre_req_pre"": ""0"", ""buy_5th_pre_bid"": ""+40250"", ""buy_5th_pre_req"": ""90"", ""buy_5th_pre_req_pre"": ""0"", ""buy_6th_pre_bid"": ""+40200"", ""buy_6th_pre_req"": ""88"", ""buy_6th_pre_req_pre"": ""0"", ""buy_7th_pre_bid"": ""+40100"", ""buy_7th_pre_req"": ""75"", ""buy_7th_pre_req_pre"": ""0"", ""buy_8th_pre_bid"": ""+40050"", ""buy_8th_pre_req"": ""100"", ""buy_8th_pre_req_pre"": ""0"", ""buy_9th_pre_bid"": ""+40000"", ""buy_9th_pre_req"": ""509"", ""buy_9th_pre_req_pre"": ""0"", ""buy_10th_pre_bid"": ""+39950"", ""buy_10th_pre_req"": ""500"", ""buy_10th_pre_req_pre"": ""0"", ""tot_sel_req_jub_pre"": ""0"", ""tot_sel_req"": ""1194"", ""tot_buy_req"": ""1810"", ""tot_buy_req_jub_pre"": ""--8"", ""ovt_sel_req_pre"": ""0"", ""ovt_sel_req"": ""0"", ""ovt_buy_req"": ""0"", ""ovt_buy_req_pre"": ""0"", ""return_code"": 0, ""return_msg"": ""정상적으로 처리되었습니다""}"
2026-06-10,watchlist,008770,,0,filtered_candidate_recheck,56000,,56000,55900,56000,55700,-0.7142857142857143,0.17857142857142858,,,,,,"{""bid_req_base_tm"": ""113018"", ""sel_10th_pre_req_pre"": ""0"", ""sel_10th_pre_req"": ""716"", ""sel_10th_pre_bid"": ""+56900"", ""sel_9th_pre_req_pre"": ""0"", ""sel_9th_pre_req"": ""441"", ""sel_9th_pre_bid"": ""+56800"", ""sel_8th_pre_req_pre"": ""0"", ""sel_8th_pre_req"": ""196"", ""sel_8th_pre_bid"": ""+56700"", ""sel_7th_pre_req_pre"": ""0"", ""sel_7th_pre_req"": ""139"", ""sel_7th_pre_bid"": ""+56600"", ""sel_6th_pre_req_pre"": ""0"", ""sel_6th_pre_req"": ""1047"", ""sel_6th_pre_bid"": ""+56500"", ""sel_5th_pre_req_pre"": ""0"", ""sel_5th_pre_req"": ""768"", ""sel_5th_pre_bid"": ""+56400"", ""sel_4th_pre_req_pre"": ""0"", ""sel_4th_pre_req"": ""256"", ""sel_4th_pre_bid"": ""+56300"", ""sel_3th_pre_req_pre"": ""0"", ""sel_3th_pre_req"": ""51"", ""sel_3th_pre_bid"": ""+56200"", ""sel_2th_pre_req_pre"": ""0"", ""sel_2th_pre_req"": ""147"", ""sel_2th_pre_bid"": ""+56100"", ""sel_1th_pre_req_pre"": ""0"", ""sel_fpr_req"": ""462"", ""sel_fpr_bid"": ""+56000"", ""buy_fpr_bid"": ""+55900"", ""buy_fpr_req"": ""417"", ""buy_1th_pre_req_pre"": ""--20"", ""buy_2th_pre_bid"": ""+55800"", ""buy_2th_pre_req"": ""60"", ""buy_2th_pre_req_pre"": ""0"", ""buy_3th_pre_bid"": ""+55700"", ""buy_3th_pre_req"": ""58"", ""buy_3th_pre_req_pre"": ""0"", ""buy_4th_pre_bid"": ""+55600"", ""buy_4th_pre_req"": ""78"", ""buy_4th_pre_req_pre"": ""0"", ""buy_5th_pre_bid"": ""+55500"", ""buy_5th_pre_req"": ""133"", ""buy_5th_pre_req_pre"": ""0"", ""buy_6th_pre_bid"": ""+55400"", ""buy_6th_pre_req"": ""49"", ""buy_6th_pre_req_pre"": ""0"", ""buy_7th_pre_bid"": ""+55300"", ""buy_7th_pre_req"": ""363"", ""buy_7th_pre_req_pre"": ""0"", ""buy_8th_pre_bid"": ""55200"", ""buy_8th_pre_req"": ""44"", ""buy_8th_pre_req_pre"": ""0"", ""buy_9th_pre_bid"": ""-55100"", ""buy_9th_pre_req"": ""264"", ""buy_9th_pre_req_pre"": ""0"", ""buy_10th_pre_bid"": ""-55000"", ""buy_10th_pre_req"": ""531"", ""buy_10th_pre_req_pre"": ""0"", ""tot_sel_req_jub_pre"": ""0"", ""tot_sel_req"": ""4223"", ""tot_buy_req"": ""1997"", ""tot_buy_req_jub_pre"": ""--20"", ""ovt_sel_req_pre"": ""0"", ""ovt_sel_req"": ""0"", ""ovt_buy_req"": ""0"", ""ovt_buy_req_pre"": ""0"", ""return_code"": 0, ""return_msg"": ""정상적으로 처리되었습니다""}"
2026-06-10,watchlist,012330,,0,filtered_candidate_recheck,575000,,575000,574000,575000,576000,0.0,0.17391304347826086,,,,,,"{""bid_req_base_tm"": ""113018"", ""sel_10th_pre_req_pre"": ""0"", ""sel_10th_pre_req"": ""184"", ""sel_10th_pre_bid"": ""-584000"", ""sel_9th_pre_req_pre"": ""0"", ""sel_9th_pre_req"": ""96"", ""sel_9th_pre_bid"": ""-583000"", ""sel_8th_pre_req_pre"": ""0"", ""sel_8th_pre_req"": ""169"", ""sel_8th_pre_bid"": ""-582000"", ""sel_7th_pre_req_pre"": ""0"", ""sel_7th_pre_req"": ""137"", ""sel_7th_pre_bid"": ""-581000"", ""sel_6th_pre_req_pre"": ""0"", ""sel_6th_pre_req"": ""760"", ""sel_6th_pre_bid"": ""-580000"", ""sel_5th_pre_req_pre"": ""0"", ""sel_5th_pre_req"": ""74"", ""sel_5th_pre_bid"": ""-579000"", ""sel_4th_pre_req_pre"": ""0"", ""sel_4th_pre_req"": ""26"", ""sel_4th_pre_bid"": ""-578000"", ""sel_3th_pre_req_pre"": ""0"", ""sel_3th_pre_req"": ""235"", ""sel_3th_pre_bid"": ""-577000"", ""sel_2th_pre_req_pre"": ""0"", ""sel_2th_pre_req"": ""485"", ""sel_2th_pre_bid"": ""-576000"", ""sel_1th_pre_req_pre"": ""0"", ""sel_fpr_req"": ""71"", ""sel_fpr_bid"": ""-575000"", ""buy_fpr_bid"": ""-574000"", ""buy_fpr_req"": ""7"", ""buy_1th_pre_req_pre"": ""+3"", ""buy_2th_pre_bid"": ""-573000"", ""buy_2th_pre_req"": ""229"", ""buy_2th_pre_req_pre"": ""0"", ""buy_3th_pre_bid"": ""-572000"", ""buy_3th_pre_req"": ""340"", ""buy_3th_pre_req_pre"": ""0"", ""buy_4th_pre_bid"": ""-571000"", ""buy_4th_pre_req"": ""71"", ""buy_4th_pre_req_pre"": ""0"", ""buy_5th_pre_bid"": ""-570000"", ""buy_5th_pre_req"": ""270"", ""buy_5th_pre_req_pre"": ""0"", ""buy_6th_pre_bid"": ""-569000"", ""buy_6th_pre_req"": ""1217"", ""buy_6th_pre_req_pre"": ""0"", ""buy_7th_pre_bid"": ""-568000"", ""buy_7th_pre_req"": ""1235"", ""buy_7th_pre_req_pre"": ""0"", ""buy_8th_pre_bid"": ""-567000"", ""buy_8th_pre_req"": ""895"", ""buy_8th_pre_req_pre"": ""0"", ""buy_9th_pre_bid"": ""-566000"", ""buy_9th_pre_req"": ""1574"", ""buy_9th_pre_req_pre"": ""0"", ""buy_10th_pre_bid"": ""-565000"", ""buy_10th_pre_req"": ""2039"", ""buy_10th_pre_req_pre"": ""0"", ""tot_sel_req_jub_pre"": ""0"", ""tot_sel_req"": ""2237"", ""tot_buy_req"": ""7877"", ""tot_buy_req_jub_pre"": ""+3"", ""ovt_sel_req_pre"": ""0"", ""ovt_sel_req"": ""0"", ""ovt_buy_req"": ""0"", ""ovt_buy_req_pre"": ""0"", ""return_code"": 0, ""return_msg"": ""정상적으로 처리되었습니다""}"
2026-06-10,watchlist,009155,,0,filtered_candidate_recheck,599000,,599000,596000,599000,601000,0.1669449081803005,0.5008347245409015,,,,,,"{""bid_req_base_tm"": ""113018"", ""sel_10th_pre_req_pre"": ""0"", ""sel_10th_pre_req"": ""39"", ""sel_10th_pre_bid"": ""-611000"", ""sel_9th_pre_req_pre"": ""0"", ""sel_9th_pre_req"": ""57"", ""sel_9th_pre_bid"": ""-610000"", ""sel_8th_pre_req_pre"": ""0"", ""sel_8th_pre_req"": ""40"", ""sel_8th_pre_bid"": ""-609000"", ""sel_7th_pre_req_pre"": ""0"", ""sel_7th_pre_req"": ""1"", ""sel_7th_pre_bid"": ""-607000"", ""sel_6th_pre_req_pre"": ""0"", ""sel_6th_pre_req"": ""39"", ""sel_6th_pre_bid"": ""-605000"", ""sel_5th_pre_req_pre"": ""0"", ""sel_5th_pre_req"": ""4"", ""sel_5th_pre_bid"": ""-604000"", ""sel_4th_pre_req_pre"": ""0"", ""sel_4th_pre_req"": ""27"", ""sel_4th_pre_bid"": ""-602000"", ""sel_3th_pre_req_pre"": ""0"", ""sel_3th_pre_req"": ""1"", ""sel_3th_pre_bid"": ""-601000"", ""sel_2th_pre_req_pre"": ""0"", ""sel_2th_pre_req"": ""10"", ""sel_2th_pre_bid"": ""-600000"", ""sel_1th_pre_req_pre"": ""0"", ""sel_fpr_req"": ""20"", ""sel_fpr_bid"": ""-599000"", ""buy_fpr_bid"": ""-596000"", ""buy_fpr_req"": ""48"", ""buy_1th_pre_req_pre"": ""0"", ""buy_2th_pre_bid"": ""-595000"", ""buy_2th_pre_req"": ""1"", ""buy_2th_pre_req_pre"": ""0"", ""buy_3th_pre_bid"": ""-593000"", ""buy_3th_pre_req"": ""49"", ""buy_3th_pre_req_pre"": ""0"", ""buy_4th_pre_bid"": ""-592000"", ""buy_4th_pre_req"": ""87"", ""buy_4th_pre_req_pre"": ""0"", ""buy_5th_pre_bid"": ""-591000"", ""buy_5th_pre_req"": ""293"", ""buy_5th_pre_req_pre"": ""+39"", ""buy_6th_pre_bid"": ""-590000"", ""buy_6th_pre_req"": ""490"", ""buy_6th_pre_req_pre"": ""0"", ""buy_7th_pre_bid"": ""-589000"", ""buy_7th_pre_req"": ""75"", ""buy_7th_pre_req_pre"": ""0"", ""buy_8th_pre_bid"": ""-588000"", ""buy_8th_pre_req"": ""92"", ""buy_8th_pre_req_pre"": ""0"", ""buy_9th_pre_bid"": ""-587000"", ""buy_9th_pre_req"": ""50"", ""buy_9th_pre_req_pre"": ""0"", ""buy_10th_pre_bid"": ""-586000"", ""buy_10th_pre_req"": ""57"", ""buy_10th_pre_req_pre"": ""0"", ""tot_sel_req_jub_pre"": ""0"", ""tot_sel_req"": ""238"", ""tot_buy_req"": ""1242"", ""tot_buy_req_jub_pre"": ""+39"", ""ovt_sel_req_pre"": ""0"", ""ovt_sel_req"": ""0"", ""ovt_buy_req"": ""0"", ""ovt_buy_req_pre"": ""0"", ""return_code"": 0, ""return_msg"": ""정상적으로 처리되었습니다""}"
2026-06-10,watchlist,181710,,1,filtered_candidate_recheck,40450,,40450,40400,40450,40650,0.3708281829419036,0.12360939431396785,,,,,,"{""bid_req_base_tm"": ""113018"", ""sel_10th_pre_req_pre"": ""0"", ""sel_10th_pre_req"": ""13"", ""sel_10th_pre_bid"": ""-41150"", ""sel_9th_pre_req_pre"": ""0"", ""sel_9th_pre_req"": ""10"", ""sel_9th_pre_bid"": ""-41100"", ""sel_8th_pre_req_pre"": ""0"", ""sel_8th_pre_req"": ""10"", ""sel_8th_pre_bid"": ""-41050"", ""sel_7th_pre_req_pre"": ""0"", ""sel_7th_pre_req"": ""288"", ""sel_7th_pre_bid"": ""-41000"", ""sel_6th_pre_req_pre"": ""0"", ""sel_6th_pre_req"": ""50"", ""sel_6th_pre_bid"": ""-40950"", ""sel_5th_pre_req_pre"": ""0"", ""sel_5th_pre_req"": ""8"", ""sel_5th_pre_bid"": ""-40900"", ""sel_4th_pre_req_pre"": ""0"", ""sel_4th_pre_req"": ""24"", ""sel_4th_pre_bid"": ""-40750"", ""sel_3th_pre_req_pre"": ""0"", ""sel_3th_pre_req"": ""4"", ""sel_3th_pre_bid"": ""-40600"", ""sel_2th_pre_req_pre"": ""0"", ""sel_2th_pre_req"": ""269"", ""sel_2th_pre_bid"": ""-40500"", ""sel_1th_pre_req_pre"": ""0"", ""sel_fpr_req"": ""362"", ""sel_fpr_bid"": ""-40450"", ""buy_fpr_bid"": ""-40400"", ""buy_fpr_req"": ""69"", ""buy_1th_pre_req_pre"": ""0"", ""buy_2th_pre_bid"": ""-40350"", ""buy_2th_pre_req"": ""6"", ""buy_2th_pre_req_pre"": ""0"", ""buy_3th_pre_bid"": ""-40300"", ""buy_3th_pre_req"": ""58"", ""buy_3th_pre_req_pre"": ""0"", ""buy_4th_pre_bid"": ""-40250"", ""buy_4th_pre_req"": ""110"", ""buy_4th_pre_req_pre"": ""0"", ""buy_5th_pre_bid"": ""-40200"", ""buy_5th_pre_req"": ""137"", ""buy_5th_pre_req_pre"": ""+1"", ""buy_6th_pre_bid"": ""-40150"", ""buy_6th_pre_req"": ""1212"", ""buy_6th_pre_req_pre"": ""--6"", ""buy_7th_pre_bid"": ""-40100"", ""buy_7th_pre_req"": ""423"", ""buy_7th_pre_req_pre"": ""0"", ""buy_8th_pre_bid"": ""-40050"", ""buy_8th_pre_req"": ""133"", ""buy_8th_pre_req_pre"": ""0"", ""buy_9th_pre_bid"": ""-40000"", ""buy_9th_pre_req"": ""689"", ""buy_9th_pre_req_pre"": ""0"", ""buy_10th_pre_bid"": ""-39950"", ""buy_10th_pre_req"": ""546"", ""buy_10th_pre_req_pre"": ""0"", ""tot_sel_req_jub_pre"": ""0"", ""tot_sel_req"": ""1038"", ""tot_buy_req"": ""3383"", ""tot_buy_req_jub_pre"": ""--5"", ""ovt_sel_req_pre"": ""0"", ""ovt_sel_req"": ""0"", ""ovt_buy_req"": ""0"", ""ovt_buy_req_pre"": ""0"", ""return_code"": 0, ""return_msg"": ""정상적으로 처리되었습니다""}"
2026-06-10,watchlist,085620,,0,filtered_candidate_recheck,22600,,22600,22500,22600,22600,-0.22123893805309736,0.4424778761061947,,,,,,"{""bid_req_base_tm"": ""113019"", ""sel_10th_pre_req_pre"": ""0"", ""sel_10th_pre_req"": ""673"", ""sel_10th_pre_bid"": ""-23050"", ""sel_9th_pre_req_pre"": ""0"", ""sel_9th_pre_req"": ""1864"", ""sel_9th_pre_bid"": ""-23000"", ""sel_8th_pre_req_pre"": ""0"", ""sel_8th_pre_req"": ""1297"", ""sel_8th_pre_bid"": ""-22950"", ""sel_7th_pre_req_pre"": ""0"", ""sel_7th_pre_req"": ""705"", ""sel_7th_pre_bid"": ""-22900"", ""sel_6th_pre_req_pre"": ""0"", ""sel_6th_pre_req"": ""1105"", ""sel_6th_pre_bid"": ""-22850"", ""sel_5th_pre_req_pre"": ""0"", ""sel_5th_pre_req"": ""173"", ""sel_5th_pre_bid"": ""-22800"", ""sel_4th_pre_req_pre"": ""0"", ""sel_4th_pre_req"": ""25"", ""sel_4th_pre_bid"": ""-22750"", ""sel_3th_pre_req_pre"": ""0"", ""sel_3th_pre_req"": ""102"", ""sel_3th_pre_bid"": ""-22700"", ""sel_2th_pre_req_pre"": ""0"", ""sel_2th_pre_req"": ""146"", ""sel_2th_pre_bid"": ""-22650"", ""sel_1th_pre_req_pre"": ""0"", ""sel_fpr_req"": ""55"", ""sel_fpr_bid"": ""-22600"", ""buy_fpr_bid"": ""-22500"", ""buy_fpr_req"": ""208"", ""buy_1th_pre_req_pre"": ""0"", ""buy_2th_pre_bid"": ""-22450"", ""buy_2th_pre_req"": ""777"", ""buy_2th_pre_req_pre"": ""0"", ""buy_3th_pre_bid"": ""-22400"", ""buy_3th_pre_req"": ""984"", ""buy_3th_pre_req_pre"": ""0"", ""buy_4th_pre_bid"": ""-22350"", ""buy_4th_pre_req"": ""1104"", ""buy_4th_pre_req_pre"": ""0"", ""buy_5th_pre_bid"": ""-22300"", ""buy_5th_pre_req"": ""560"", ""buy_5th_pre_req_pre"": ""0"", ""buy_6th_pre_bid"": ""-22250"", ""buy_6th_pre_req"": ""1835"", ""buy_6th_pre_req_pre"": ""0"", ""buy_7th_pre_bid"": ""-22200"", ""buy_7th_pre_req"": ""1516"", ""buy_7th_pre_req_pre"": ""0"", ""buy_8th_pre_bid"": ""-22150"", ""buy_8th_pre_req"": ""440"", ""buy_8th_pre_req_pre"": ""0"", ""buy_9th_pre_bid"": ""-22100"", ""buy_9th_pre_req"": ""686"", ""buy_9th_pre_req_pre"": ""0"", ""buy_10th_pre_bid"": ""-22050"", ""buy_10th_pre_req"": ""2299"", ""buy_10th_pre_req_pre"": ""0"", ""tot_sel_req_jub_pre"": ""0"", ""tot_sel_req"": ""6145"", ""tot_buy_req"": ""10409"", ""tot_buy_req_jub_pre"": ""--1936"", ""ovt_sel_req_pre"": ""0"", ""ovt_sel_req"": ""0"", ""ovt_buy_req"": ""0"", ""ovt_buy_req_pre"": ""0"", ""return_code"": 0, ""return_msg"": ""정상적으로 처리되었습니다""}"
2026-06-10,watchlist,062040,,0,filtered_candidate_recheck,221500,,221500,221000,221500,223000,0.4514672686230248,0.2257336343115124,,,,,,"{""bid_req_base_tm"": ""113018"", ""sel_10th_pre_req_pre"": ""0"", ""sel_10th_pre_req"": ""11"", ""sel_10th_pre_bid"": ""+226000"", ""sel_9th_pre_req_pre"": ""0"", ""sel_9th_pre_req"": ""8"", ""sel_9th_pre_bid"": ""+225500"", ""sel_8th_pre_req_pre"": ""0"", ""sel_8th_pre_req"": ""70"", ""sel_8th_pre_bid"": ""225000"", ""sel_7th_pre_req_pre"": ""0"", ""sel_7th_pre_req"": ""5"", ""sel_7th_pre_bid"": ""-224500"", ""sel_6th_pre_req_pre"": ""0"", ""sel_6th_pre_req"": ""2"", ""sel_6th_pre_bid"": ""-224000"", ""sel_5th_pre_req_pre"": ""0"", ""sel_5th_pre_req"": ""2"", ""sel_5th_pre_bid"": ""-223500"", ""sel_4th_pre_req_pre"": ""0"", ""sel_4th_pre_req"": ""146"", ""sel_4th_pre_bid"": ""-223000"", ""sel_3th_pre_req_pre"": ""0"", ""sel_3th_pre_req"": ""51"", ""sel_3th_pre_bid"": ""-222500"", ""sel_2th_pre_req_pre"": ""0"", ""sel_2th_pre_req"": ""198"", ""sel_2th_pre_bid"": ""-222000"", ""sel_1th_pre_req_pre"": ""0"", ""sel_fpr_req"": ""491"", ""sel_fpr_bid"": ""-221500"", ""buy_fpr_bid"": ""-221000"", ""buy_fpr_req"": ""369"", ""buy_1th_pre_req_pre"": ""0"", ""buy_2th_pre_bid"": ""-220500"", ""buy_2th_pre_req"": ""129"", ""buy_2th_pre_req_pre"": ""+5"", ""buy_3th_pre_bid"": ""-220000"", ""buy_3th_pre_req"": ""1569"", ""buy_3th_pre_req_pre"": ""0"", ""buy_4th_pre_bid"": ""-219500"", ""buy_4th_pre_req"": ""175"", ""buy_4th_pre_req_pre"": ""0"", ""buy_5th_pre_bid"": ""-219000"", ""buy_5th_pre_req"": ""346"", ""buy_5th_pre_req_pre"": ""0"", ""buy_6th_pre_bid"": ""-218500"", ""buy_6th_pre_req"": ""334"", ""buy_6th_pre_req_pre"": ""0"", ""buy_7th_pre_bid"": ""-218000"", ""buy_7th_pre_req"": ""610"", ""buy_7th_pre_req_pre"": ""0"", ""buy_8th_pre_bid"": ""-217500"", ""buy_8th_pre_req"": ""69"", ""buy_8th_pre_req_pre"": ""0"", ""buy_9th_pre_bid"": ""-217000"", ""buy_9th_pre_req"": ""339"", ""buy_9th_pre_req_pre"": ""0"", ""buy_10th_pre_bid"": ""-216500"", ""buy_10th_pre_req"": ""286"", ""buy_10th_pre_req_pre"": ""0"", ""tot_sel_req_jub_pre"": ""0"", ""tot_sel_req"": ""984"", ""tot_buy_req"": ""4226"", ""tot_buy_req_jub_pre"": ""+5"", ""ovt_sel_req_pre"": ""0"", ""ovt_sel_req"": ""0"", ""ovt_buy_req"": ""0"", ""ovt_buy_req_pre"": ""0"", ""return_code"": 0, ""return_msg"": ""정상적으로 처리되었습니다""}"
2026-06-10,watchlist,036460,,0,filtered_candidate_recheck,34650,,34650,34600,34650,34550,-0.4329004329004329,0.1443001443001443,,,,,,"{""bid_req_base_tm"": ""113018"", ""sel_10th_pre_req_pre"": ""0"", ""sel_10th_pre_req"": ""723"", ""sel_10th_pre_bid"": ""+35100"", ""sel_9th_pre_req_pre"": ""0"", ""sel_9th_pre_req"": ""74"", ""sel_9th_pre_bid"": ""+35050"", ""sel_8th_pre_req_pre"": ""0"", ""sel_8th_pre_req"": ""4276"", ""sel_8th_pre_bid"": ""+35000"", ""sel_7th_pre_req_pre"": ""0"", ""sel_7th_pre_req"": ""80"", ""sel_7th_pre_bid"": ""+34950"", ""sel_6th_pre_req_pre"": ""0"", ""sel_6th_pre_req"": ""619"", ""sel_6th_pre_bid"": ""+34900"", ""sel_5th_pre_req_pre"": ""0"", ""sel_5th_pre_req"": ""533"", ""sel_5th_pre_bid"": ""+34850"", ""sel_4th_pre_req_pre"": ""0"", ""sel_4th_pre_req"": ""112"", ""sel_4th_pre_bid"": ""+34800"", ""sel_3th_pre_req_pre"": ""0"", ""sel_3th_pre_req"": ""578"", ""sel_3th_pre_bid"": ""+34750"", ""sel_2th_pre_req_pre"": ""0"", ""sel_2th_pre_req"": ""731"", ""sel_2th_pre_bid"": ""+34700"", ""sel_1th_pre_req_pre"": ""--34"", ""sel_fpr_req"": ""981"", ""sel_fpr_bid"": ""+34650"", ""buy_fpr_bid"": ""+34600"", ""buy_fpr_req"": ""65"", ""buy_1th_pre_req_pre"": ""0"", ""buy_2th_pre_bid"": ""+34500"", ""buy_2th_pre_req"": ""11"", ""buy_2th_pre_req_pre"": ""0"", ""buy_3th_pre_bid"": ""+34450"", ""buy_3th_pre_req"": ""451"", ""buy_3th_pre_req_pre"": ""0"", ""buy_4th_pre_bid"": ""+34400"", ""buy_4th_pre_req"": ""513"", ""buy_4th_pre_req_pre"": ""0"", ""buy_5th_pre_bid"": ""+34350"", ""buy_5th_pre_req"": ""318"", ""buy_5th_pre_req_pre"": ""0"", ""buy_6th_pre_bid"": ""+34300"", ""buy_6th_pre_req"": ""1882"", ""buy_6th_pre_req_pre"": ""0"", ""buy_7th_pre_bid"": ""+34250"", ""buy_7th_pre_req"": ""601"", ""buy_7th_pre_req_pre"": ""0"", ""buy_8th_pre_bid"": ""+34200"", ""buy_8th_pre_req"": ""761"", ""buy_8th_pre_req_pre"": ""0"", ""buy_9th_pre_bid"": ""+34150"", ""buy_9th_pre_req"": ""594"", ""buy_9th_pre_req_pre"": ""0"", ""buy_10th_pre_bid"": ""+34100"", ""buy_10th_pre_req"": ""700"", ""buy_10th_pre_req_pre"": ""0"", ""tot_sel_req_jub_pre"": ""--34"", ""tot_sel_req"": ""8707"", ""tot_buy_req"": ""5896"", ""tot_buy_req_jub_pre"": ""0"", ""ovt_sel_req_pre"": ""0"", ""ovt_sel_req"": ""0"", ""ovt_buy_req"": ""0"", ""ovt_buy_req_pre"": ""0"", ""return_code"": 0, ""return_msg"": ""정상적으로 처리되었습니다""}"
2026-06-10,watchlist,066575,,0,filtered_candidate_recheck,78400,,78400,78300,78400,78600,0.12755102040816327,0.12755102040816327,,,,,,"{""bid_req_base_tm"": ""113020"", ""sel_10th_pre_req_pre"": ""0"", ""sel_10th_pre_req"": ""202"", ""sel_10th_pre_bid"": ""-79300"", ""sel_9th_pre_req_pre"": ""0"", ""sel_9th_pre_req"": ""1"", ""sel_9th_pre_bid"": ""-79200"", ""sel_8th_pre_req_pre"": ""0"", ""sel_8th_pre_req"": ""60"", ""sel_8th_pre_bid"": ""-79100"", ""sel_7th_pre_req_pre"": ""0"", ""sel_7th_pre_req"": ""114"", ""sel_7th_pre_bid"": ""-79000"", ""sel_6th_pre_req_pre"": ""0"", ""sel_6th_pre_req"": ""49"", ""sel_6th_pre_bid"": ""-78900"", ""sel_5th_pre_req_pre"": ""0"", ""sel_5th_pre_req"": ""105"", ""sel_5th_pre_bid"": ""-78800"", ""sel_4th_pre_req_pre"": ""0"", ""sel_4th_pre_req"": ""12"", ""sel_4th_pre_bid"": ""-78700"", ""sel_3th_pre_req_pre"": ""0"", ""sel_3th_pre_req"": ""3"", ""sel_3th_pre_bid"": ""-78600"", ""sel_2th_pre_req_pre"": ""0"", ""sel_2th_pre_req"": ""50"", ""sel_2th_pre_bid"": ""-78500"", ""sel_1th_pre_req_pre"": ""0"", ""sel_fpr_req"": ""30"", ""sel_fpr_bid"": ""-78400"", ""buy_fpr_bid"": ""-78300"", ""buy_fpr_req"": ""47"", ""buy_1th_pre_req_pre"": ""0"", ""buy_2th_pre_bid"": ""-78200"", ""buy_2th_pre_req"": ""269"", ""buy_2th_pre_req_pre"": ""0"", ""buy_3th_pre_bid"": ""-78100"", ""buy_3th_pre_req"": ""38"", ""buy_3th_pre_req_pre"": ""0"", ""buy_4th_pre_bid"": ""-78000"", ""buy_4th_pre_req"": ""158"", ""buy_4th_pre_req_pre"": ""0"", ""buy_5th_pre_bid"": ""-77900"", ""buy_5th_pre_req"": ""190"", ""buy_5th_pre_req_pre"": ""+3"", ""buy_6th_pre_bid"": ""-77800"", ""buy_6th_pre_req"": ""1171"", ""buy_6th_pre_req_pre"": ""0"", ""buy_7th_pre_bid"": ""-77700"", ""buy_7th_pre_req"": ""644"", ""buy_7th_pre_req_pre"": ""0"", ""buy_8th_pre_bid"": ""-77600"", ""buy_8th_pre_req"": ""241"", ""buy_8th_pre_req_pre"": ""0"", ""buy_9th_pre_bid"": ""-77500"", ""buy_9th_pre_req"": ""1108"", ""buy_9th_pre_req_pre"": ""0"", ""buy_10th_pre_bid"": ""-77400"", ""buy_10th_pre_req"": ""837"", ""buy_10th_pre_req_pre"": ""0"", ""tot_sel_req_jub_pre"": ""0"", ""tot_sel_req"": ""626"", ""tot_buy_req"": ""4703"", ""tot_buy_req_jub_pre"": ""+3"", ""ovt_sel_req_pre"": ""0"", ""ovt_sel_req"": ""0"", ""ovt_buy_req"": ""0"", ""ovt_buy_req_pre"": ""0"", ""return_code"": 0, ""return_msg"": ""정상적으로 처리되었습니다""}"
2026-06-10,watchlist,000810,,0,filtered_candidate_recheck,623000,,623000,622000,623000,623000,-0.16051364365971107,0.16051364365971107,,,,,,"{""bid_req_base_tm"": ""113020"", ""sel_10th_pre_req_pre"": ""0"", ""sel_10th_pre_req"": ""3"", ""sel_10th_pre_bid"": ""-632000"", ""sel_9th_pre_req_pre"": ""0"", ""sel_9th_pre_req"": ""8"", ""sel_9th_pre_bid"": ""-631000"", ""sel_8th_pre_req_pre"": ""0"", ""sel_8th_pre_req"": ""48"", ""sel_8th_pre_bid"": ""-630000"", ""sel_7th_pre_req_pre"": ""0"", ""sel_7th_pre_req"": ""15"", ""sel_7th_pre_bid"": ""-629000"", ""sel_6th_pre_req_pre"": ""0"", ""sel_6th_pre_req"": ""7"", ""sel_6th_pre_bid"": ""-628000"", ""sel_5th_pre_req_pre"": ""0"", ""sel_5th_pre_req"": ""27"", ""sel_5th_pre_bid"": ""-627000"", ""sel_4th_pre_req_pre"": ""0"", ""sel_4th_pre_req"": ""24"", ""sel_4th_pre_bid"": ""-626000"", ""sel_3th_pre_req_pre"": ""0"", ""sel_3th_pre_req"": ""86"", ""sel_3th_pre_bid"": ""-625000"", ""sel_2th_pre_req_pre"": ""0"", ""sel_2th_pre_req"": ""94"", ""sel_2th_pre_bid"": ""-624000"", ""sel_1th_pre_req_pre"": ""0"", ""sel_fpr_req"": ""83"", ""sel_fpr_bid"": ""-623000"", ""buy_fpr_bid"": ""-622000"", ""buy_fpr_req"": ""45"", ""buy_1th_pre_req_pre"": ""+2"", ""buy_2th_pre_bid"": ""-621000"", ""buy_2th_pre_req"": ""99"", ""buy_2th_pre_req_pre"": ""0"", ""buy_3th_pre_bid"": ""-620000"", ""buy_3th_pre_req"": ""79"", ""buy_3th_pre_req_pre"": ""0"", ""buy_4th_pre_bid"": ""-619000"", ""buy_4th_pre_req"": ""4"", ""buy_4th_pre_req_pre"": ""0"", ""buy_5th_pre_bid"": ""-618000"", ""buy_5th_pre_req"": ""14"", ""buy_5th_pre_req_pre"": ""0"", ""buy_6th_pre_bid"": ""-617000"", ""buy_6th_pre_req"": ""36"", ""buy_6th_pre_req_pre"": ""0"", ""buy_7th_pre_bid"": ""-616000"", ""buy_7th_pre_req"": ""20"", ""buy_7th_pre_req_pre"": ""0"", ""buy_8th_pre_bid"": ""-615000"", ""buy_8th_pre_req"": ""21"", ""buy_8th_pre_req_pre"": ""0"", ""buy_9th_pre_bid"": ""-614000"", ""buy_9th_pre_req"": ""95"", ""buy_9th_pre_req_pre"": ""0"", ""buy_10th_pre_bid"": ""-613000"", ""buy_10th_pre_req"": ""44"", ""buy_10th_pre_req_pre"": ""0"", ""tot_sel_req_jub_pre"": ""0"", ""tot_sel_req"": ""395"", ""tot_buy_req"": ""457"", ""tot_buy_req_jub_pre"": ""+2"", ""ovt_sel_req_pre"": ""0"", ""ovt_sel_req"": ""0"", ""ovt_buy_req"": ""0"", ""ovt_buy_req_pre"": ""0"", ""return_code"": 0, ""return_msg"": ""정상적으로 처리되었습니다""}"
2026-06-10,watchlist,005930,,0,filtered_candidate_recheck,305500,,305500,305000,305500,306000,0.0,0.16366612111292964,,,,,,"{""bid_req_base_tm"": ""113020"", ""sel_10th_pre_req_pre"": ""0"", ""sel_10th_pre_req"": ""20778"", ""sel_10th_pre_bid"": ""-310000"", ""sel_9th_pre_req_pre"": ""0"", ""sel_9th_pre_req"": ""21282"", ""sel_9th_pre_bid"": ""-309500"", ""sel_8th_pre_req_pre"": ""0"", ""sel_8th_pre_req"": ""17857"", ""sel_8th_pre_bid"": ""-309000"", ""sel_7th_pre_req_pre"": ""0"", ""sel_7th_pre_req"": ""25196"", ""sel_7th_pre_bid"": ""-308500"", ""sel_6th_pre_req_pre"": ""0"", ""sel_6th_pre_req"": ""26554"", ""sel_6th_pre_bid"": ""-308000"", ""sel_5th_pre_req_pre"": ""--37"", ""sel_5th_pre_req"": ""17871"", ""sel_5th_pre_bid"": ""-307500"", ""sel_4th_pre_req_pre"": ""+37"", ""sel_4th_pre_req"": ""12137"", ""sel_4th_pre_bid"": ""-307000"", ""sel_3th_pre_req_pre"": ""+20"", ""sel_3th_pre_req"": ""20362"", ""sel_3th_pre_bid"": ""-306500"", ""sel_2th_pre_req_pre"": ""0"", ""sel_2th_pre_req"": ""23722"", ""sel_2th_pre_bid"": ""-306000"", ""sel_1th_pre_req_pre"": ""--69"", ""sel_fpr_req"": ""22221"", ""sel_fpr_bid"": ""-305500"", ""buy_fpr_bid"": ""-305000"", ""buy_fpr_req"": ""25223"", ""buy_1th_pre_req_pre"": ""+1"", ""buy_2th_pre_bid"": ""-304500"", ""buy_2th_pre_req"": ""16339"", ""buy_2th_pre_req_pre"": ""0"", ""buy_3th_pre_bid"": ""-304000"", ""buy_3th_pre_req"": ""6825"", ""buy_3th_pre_req_pre"": ""0"", ""buy_4th_pre_bid"": ""-303500"", ""buy_4th_pre_req"": ""15621"", ""buy_4th_pre_req_pre"": ""+3"", ""buy_5th_pre_bid"": ""-303000"", ""buy_5th_pre_req"": ""90033"", ""buy_5th_pre_req_pre"": ""0"", ""buy_6th_pre_bid"": ""-302500"", ""buy_6th_pre_req"": ""42747"", ""buy_6th_pre_req_pre"": ""0"", ""buy_7th_pre_bid"": ""-302000"", ""buy_7th_pre_req"": ""64991"", ""buy_7th_pre_req_pre"": ""--100"", ""buy_8th_pre_bid"": ""-301500"", ""buy_8th_pre_req"": ""51909"", ""buy_8th_pre_req_pre"": ""0"", ""buy_9th_pre_bid"": ""-301000"", ""buy_9th_pre_req"": ""92949"", ""buy_9th_pre_req_pre"": ""+101"", ""buy_10th_pre_bid"": ""-300500"", ""buy_10th_pre_req"": ""132548"", ""buy_10th_pre_req_pre"": ""0"", ""tot_sel_req_jub_pre"": ""--49"", ""tot_sel_req"": ""207980"", ""tot_buy_req"": ""539185"", ""tot_buy_req_jub_pre"": ""+5"", ""ovt_sel_req_pre"": ""0"", ""ovt_sel_req"": ""0"", ""ovt_buy_req"": ""0"", ""ovt_buy_req_pre"": ""0"", ""return_code"": 0, ""return_msg"": ""정상적으로 처리되었습니다""}"
2026-06-10,watchlist,000370,,0,filtered_candidate_recheck,6500,,6500,6490,6500,6500,-0.15384615384615385,0.15384615384615385,,,,,,"{""bid_req_base_tm"": ""113020"", ""sel_10th_pre_req_pre"": ""0"", ""sel_10th_pre_req"": ""1523"", ""sel_10th_pre_bid"": ""+6600"", ""sel_9th_pre_req_pre"": ""0"", ""sel_9th_pre_req"": ""312"", ""sel_9th_pre_bid"": ""+6590"", ""sel_8th_pre_req_pre"": ""0"", ""sel_8th_pre_req"": ""112"", ""sel_8th_pre_bid"": ""+6580"", ""sel_7th_pre_req_pre"": ""0"", ""sel_7th_pre_req"": ""753"", ""sel_7th_pre_bid"": ""+6570"", ""sel_6th_pre_req_pre"": ""0"", ""sel_6th_pre_req"": ""104"", ""sel_6th_pre_bid"": ""+6560"", ""sel_5th_pre_req_pre"": ""0"", ""sel_5th_pre_req"": ""175"", ""sel_5th_pre_bid"": ""+6550"", ""sel_4th_pre_req_pre"": ""0"", ""sel_4th_pre_req"": ""1027"", ""sel_4th_pre_bid"": ""+6540"", ""sel_3th_pre_req_pre"": ""0"", ""sel_3th_pre_req"": ""28"", ""sel_3th_pre_bid"": ""+6520"", ""sel_2th_pre_req_pre"": ""0"", ""sel_2th_pre_req"": ""787"", ""sel_2th_pre_bid"": ""+6510"", ""sel_1th_pre_req_pre"": ""0"", ""sel_fpr_req"": ""1038"", ""sel_fpr_bid"": ""+6500"", ""buy_fpr_bid"": ""+6490"", ""buy_fpr_req"": ""399"", ""buy_1th_pre_req_pre"": ""0"", ""buy_2th_pre_bid"": ""+6480"", ""buy_2th_pre_req"": ""631"", ""buy_2th_pre_req_pre"": ""0"", ""buy_3th_pre_bid"": ""+6470"", ""buy_3th_pre_req"": ""624"", ""buy_3th_pre_req_pre"": ""0"", ""buy_4th_pre_bid"": ""+6460"", ""buy_4th_pre_req"": ""645"", ""buy_4th_pre_req_pre"": ""0"", ""buy_5th_pre_bid"": ""6450"", ""buy_5th_pre_req"": ""901"", ""buy_5th_pre_req_pre"": ""0"", ""buy_6th_pre_bid"": ""-6440"", ""buy_6th_pre_req"": ""213"", ""buy_6th_pre_req_pre"": ""0"", ""buy_7th_pre_bid"": ""-6430"", ""buy_7th_pre_req"": ""1620"", ""buy_7th_pre_req_pre"": ""0"", ""buy_8th_pre_bid"": ""-6420"", ""buy_8th_pre_req"": ""220"", ""buy_8th_pre_req_pre"": ""0"", ""buy_9th_pre_bid"": ""-6410"", ""buy_9th_pre_req"": ""1539"", ""buy_9th_pre_req_pre"": ""0"", ""buy_10th_pre_bid"": ""-6400"", ""buy_10th_pre_req"": ""5388"", ""buy_10th_pre_req_pre"": ""0"", ""tot_sel_req_jub_pre"": ""0"", ""tot_sel_req"": ""5859"", ""tot_buy_req"": ""12180"", ""tot_buy_req_jub_pre"": ""0"", ""ovt_sel_req_pre"": ""0"", ""ovt_sel_req"": ""0"", ""ovt_buy_req"": ""0"", ""ovt_buy_req_pre"": ""0"", ""return_code"": 0, ""return_msg"": ""정상적으로 처리되었습니다""}"
2026-06-10,watchlist,064400,,0,filtered_candidate_recheck,95200,,95200,94900,95200,95100,-0.21008403361344538,0.31512605042016806,,,,,,"{""bid_req_base_tm"": ""113021"", ""sel_10th_pre_req_pre"": ""0"", ""sel_10th_pre_req"": ""95"", ""sel_10th_pre_bid"": ""-96100"", ""sel_9th_pre_req_pre"": ""0"", ""sel_9th_pre_req"": ""593"", ""sel_9th_pre_bid"": ""-96000"", ""sel_8th_pre_req_pre"": ""0"", ""sel_8th_pre_req"": ""205"", ""sel_8th_pre_bid"": ""-95900"", ""sel_7th_pre_req_pre"": ""0"", ""sel_7th_pre_req"": ""897"", ""sel_7th_pre_bid"": ""-95800"", ""sel_6th_pre_req_pre"": ""0"", ""sel_6th_pre_req"": ""368"", ""sel_6th_pre_bid"": ""-95700"", ""sel_5th_pre_req_pre"": ""0"", ""sel_5th_pre_req"": ""1018"", ""sel_5th_pre_bid"": ""-95600"", ""sel_4th_pre_req_pre"": ""0"", ""sel_4th_pre_req"": ""323"", ""sel_4th_pre_bid"": ""-95500"", ""sel_3th_pre_req_pre"": ""0"", ""sel_3th_pre_req"": ""104"", ""sel_3th_pre_bid"": ""-95400"", ""sel_2th_pre_req_pre"": ""0"", ""sel_2th_pre_req"": ""515"", ""sel_2th_pre_bid"": ""-95300"", ""sel_1th_pre_req_pre"": ""0"", ""sel_fpr_req"": ""145"", ""sel_fpr_bid"": ""-95200"", ""buy_fpr_bid"": ""-94900"", ""buy_fpr_req"": ""420"", ""buy_1th_pre_req_pre"": ""+8"", ""buy_2th_pre_bid"": ""-94800"", ""buy_2th_pre_req"": ""122"", ""buy_2th_pre_req_pre"": ""0"", ""buy_3th_pre_bid"": ""-94700"", ""buy_3th_pre_req"": ""189"", ""buy_3th_pre_req_pre"": ""0"", ""buy_4th_pre_bid"": ""-94600"", ""buy_4th_pre_req"": ""305"", ""buy_4th_pre_req_pre"": ""0"", ""buy_5th_pre_bid"": ""-94500"", ""buy_5th_pre_req"": ""249"", ""buy_5th_pre_req_pre"": ""0"", ""buy_6th_pre_bid"": ""-94400"", ""buy_6th_pre_req"": ""217"", ""buy_6th_pre_req_pre"": ""0"", ""buy_7th_pre_bid"": ""-94300"", ""buy_7th_pre_req"": ""624"", ""buy_7th_pre_req_pre"": ""0"", ""buy_8th_pre_bid"": ""-94200"", ""buy_8th_pre_req"": ""415"", ""buy_8th_pre_req_pre"": ""0"", ""buy_9th_pre_bid"": ""-94100"", ""buy_9th_pre_req"": ""1774"", ""buy_9th_pre_req_pre"": ""0"", ""buy_10th_pre_bid"": ""-94000"", ""buy_10th_pre_req"": ""5270"", ""buy_10th_pre_req_pre"": ""0"", ""tot_sel_req_jub_pre"": ""0"", ""tot_sel_req"": ""4263"", ""tot_buy_req"": ""9585"", ""tot_buy_req_jub_pre"": ""+8"", ""ovt_sel_req_pre"": ""0"", ""ovt_sel_req"": ""0"", ""ovt_buy_req"": ""0"", ""ovt_buy_req_pre"": ""0"", ""return_code"": 0, ""return_msg"": ""정상적으로 처리되었습니다""}"
2026-06-10,watchlist,009420,,1,filtered_candidate_recheck,49900,,49900,49850,49900,50200,0.4008016032064128,0.1002004008016032,,,,,,"{""bid_req_base_tm"": ""113021"", ""sel_10th_pre_req_pre"": ""0"", ""sel_10th_pre_req"": ""233"", ""sel_10th_pre_bid"": ""-50900"", ""sel_9th_pre_req_pre"": ""0"", ""sel_9th_pre_req"": ""18"", ""sel_9th_pre_bid"": ""-50800"", ""sel_8th_pre_req_pre"": ""0"", ""sel_8th_pre_req"": ""61"", ""sel_8th_pre_bid"": ""-50700"", ""sel_7th_pre_req_pre"": ""0"", ""sel_7th_pre_req"": ""23"", ""sel_7th_pre_bid"": ""-50600"", ""sel_6th_pre_req_pre"": ""0"", ""sel_6th_pre_req"": ""105"", ""sel_6th_pre_bid"": ""-50500"", ""sel_5th_pre_req_pre"": ""0"", ""sel_5th_pre_req"": ""210"", ""sel_5th_pre_bid"": ""-50400"", ""sel_4th_pre_req_pre"": ""0"", ""sel_4th_pre_req"": ""7"", ""sel_4th_pre_bid"": ""-50300"", ""sel_3th_pre_req_pre"": ""0"", ""sel_3th_pre_req"": ""70"", ""sel_3th_pre_bid"": ""-50100"", ""sel_2th_pre_req_pre"": ""0"", ""sel_2th_pre_req"": ""12"", ""sel_2th_pre_bid"": ""-49950"", ""sel_1th_pre_req_pre"": ""+34"", ""sel_fpr_req"": ""71"", ""sel_fpr_bid"": ""-49900"", ""buy_fpr_bid"": ""-49850"", ""buy_fpr_req"": ""13"", ""buy_1th_pre_req_pre"": ""0"", ""buy_2th_pre_bid"": ""-49800"", ""buy_2th_pre_req"": ""1"", ""buy_2th_pre_req_pre"": ""0"", ""buy_3th_pre_bid"": ""-49750"", ""buy_3th_pre_req"": ""81"", ""buy_3th_pre_req_pre"": ""0"", ""buy_4th_pre_bid"": ""-49700"", ""buy_4th_pre_req"": ""102"", ""buy_4th_pre_req_pre"": ""0"", ""buy_5th_pre_bid"": ""-49650"", ""buy_5th_pre_req"": ""52"", ""buy_5th_pre_req_pre"": ""0"", ""buy_6th_pre_bid"": ""-49600"", ""buy_6th_pre_req"": ""54"", ""buy_6th_pre_req_pre"": ""0"", ""buy_7th_pre_bid"": ""-49550"", ""buy_7th_pre_req"": ""139"", ""buy_7th_pre_req_pre"": ""0"", ""buy_8th_pre_bid"": ""-49500"", ""buy_8th_pre_req"": ""1792"", ""buy_8th_pre_req_pre"": ""0"", ""buy_9th_pre_bid"": ""-49450"", ""buy_9th_pre_req"": ""171"", ""buy_9th_pre_req_pre"": ""0"", ""buy_10th_pre_bid"": ""-49400"", ""buy_10th_pre_req"": ""99"", ""buy_10th_pre_req_pre"": ""0"", ""tot_sel_req_jub_pre"": ""+34"", ""tot_sel_req"": ""810"", ""tot_buy_req"": ""2504"", ""tot_buy_req_jub_pre"": ""0"", ""ovt_sel_req_pre"": ""0"", ""ovt_sel_req"": ""0"", ""ovt_buy_req"": ""0"", ""ovt_buy_req_pre"": ""0"", ""return_code"": 0, ""return_msg"": ""정상적으로 처리되었습니다""}"
2026-06-10,watchlist,383220,,0,filtered_candidate_recheck,75900,,75900,75700,75900,75700,-0.3952569169960474,0.2635046113306983,,,,,,"{""bid_req_base_tm"": ""113021"", ""sel_10th_pre_req_pre"": ""0"", ""sel_10th_pre_req"": ""13"", ""sel_10th_pre_bid"": ""+76800"", ""sel_9th_pre_req_pre"": ""0"", ""sel_9th_pre_req"": ""9"", ""sel_9th_pre_bid"": ""+76700"", ""sel_8th_pre_req_pre"": ""0"", ""sel_8th_pre_req"": ""31"", ""sel_8th_pre_bid"": ""+76600"", ""sel_7th_pre_req_pre"": ""0"", ""sel_7th_pre_req"": ""56"", ""sel_7th_pre_bid"": ""+76500"", ""sel_6th_pre_req_pre"": ""0"", ""sel_6th_pre_req"": ""10"", ""sel_6th_pre_bid"": ""+76400"", ""sel_5th_pre_req_pre"": ""0"", ""sel_5th_pre_req"": ""17"", ""sel_5th_pre_bid"": ""+76300"", ""sel_4th_pre_req_pre"": ""0"", ""sel_4th_pre_req"": ""129"", ""sel_4th_pre_bid"": ""+76200"", ""sel_3th_pre_req_pre"": ""0"", ""sel_3th_pre_req"": ""14"", ""sel_3th_pre_bid"": ""+76100"", ""sel_2th_pre_req_pre"": ""0"", ""sel_2th_pre_req"": ""5"", ""sel_2th_pre_bid"": ""+76000"", ""sel_1th_pre_req_pre"": ""+1"", ""sel_fpr_req"": ""17"", ""sel_fpr_bid"": ""+75900"", ""buy_fpr_bid"": ""+75700"", ""buy_fpr_req"": ""49"", ""buy_1th_pre_req_pre"": ""0"", ""buy_2th_pre_bid"": ""+75600"", ""buy_2th_pre_req"": ""5"", ""buy_2th_pre_req_pre"": ""0"", ""buy_3th_pre_bid"": ""+75500"", ""buy_3th_pre_req"": ""56"", ""buy_3th_pre_req_pre"": ""0"", ""buy_4th_pre_bid"": ""+75400"", ""buy_4th_pre_req"": ""25"", ""buy_4th_pre_req_pre"": ""0"", ""buy_5th_pre_bid"": ""+75300"", ""buy_5th_pre_req"": ""16"", ""buy_5th_pre_req_pre"": ""0"", ""buy_6th_pre_bid"": ""+75200"", ""buy_6th_pre_req"": ""10"", ""buy_6th_pre_req_pre"": ""0"", ""buy_7th_pre_bid"": ""+75000"", ""buy_7th_pre_req"": ""1"", ""buy_7th_pre_req_pre"": ""0"", ""buy_8th_pre_bid"": ""+74900"", ""buy_8th_pre_req"": ""20"", ""buy_8th_pre_req_pre"": ""0"", ""buy_9th_pre_bid"": ""+74700"", ""buy_9th_pre_req"": ""109"", ""buy_9th_pre_req_pre"": ""0"", ""buy_10th_pre_bid"": ""74600"", ""buy_10th_pre_req"": ""20"", ""buy_10th_pre_req_pre"": ""0"", ""tot_sel_req_jub_pre"": ""+1"", ""tot_sel_req"": ""301"", ""tot_buy_req"": ""311"", ""tot_buy_req_jub_pre"": ""0"", ""ovt_sel_req_pre"": ""0"", ""ovt_sel_req"": ""0"", ""ovt_buy_req"": ""0"", ""ovt_buy_req_pre"": ""0"", ""return_code"": 0, ""return_msg"": ""정상적으로 처리되었습니다""}"
2026-06-10,watchlist,004170,,0,filtered_candidate_recheck,678000,,678000,677000,678000,678000,-0.14749262536873156,0.14749262536873156,,,,,,"{""bid_req_base_tm"": ""113021"", ""sel_10th_pre_req_pre"": ""0"", ""sel_10th_pre_req"": ""22"", ""sel_10th_pre_bid"": ""+687000"", ""sel_9th_pre_req_pre"": ""0"", ""sel_9th_pre_req"": ""51"", ""sel_9th_pre_bid"": ""+686000"", ""sel_8th_pre_req_pre"": ""0"", ""sel_8th_pre_req"": ""13"", ""sel_8th_pre_bid"": ""+685000"", ""sel_7th_pre_req_pre"": ""0"", ""sel_7th_pre_req"": ""8"", ""sel_7th_pre_bid"": ""+684000"", ""sel_6th_pre_req_pre"": ""0"", ""sel_6th_pre_req"": ""10"", ""sel_6th_pre_bid"": ""+683000"", ""sel_5th_pre_req_pre"": ""0"", ""sel_5th_pre_req"": ""7"", ""sel_5th_pre_bid"": ""+682000"", ""sel_4th_pre_req_pre"": ""0"", ""sel_4th_pre_req"": ""26"", ""sel_4th_pre_bid"": ""+681000"", ""sel_3th_pre_req_pre"": ""0"", ""sel_3th_pre_req"": ""147"", ""sel_3th_pre_bid"": ""+680000"", ""sel_2th_pre_req_pre"": ""0"", ""sel_2th_pre_req"": ""88"", ""sel_2th_pre_bid"": ""+679000"", ""sel_1th_pre_req_pre"": ""--3"", ""sel_fpr_req"": ""7"", ""sel_fpr_bid"": ""+678000"", ""buy_fpr_bid"": ""+677000"", ""buy_fpr_req"": ""14"", ""buy_1th_pre_req_pre"": ""0"", ""buy_2th_pre_bid"": ""+676000"", ""buy_2th_pre_req"": ""6"", ""buy_2th_pre_req_pre"": ""0"", ""buy_3th_pre_bid"": ""+675000"", ""buy_3th_pre_req"": ""10"", ""buy_3th_pre_req_pre"": ""0"", ""buy_4th_pre_bid"": ""+674000"", ""buy_4th_pre_req"": ""38"", ""buy_4th_pre_req_pre"": ""0"", ""buy_5th_pre_bid"": ""+673000"", ""buy_5th_pre_req"": ""102"", ""buy_5th_pre_req_pre"": ""0"", ""buy_6th_pre_bid"": ""+672000"", ""buy_6th_pre_req"": ""13"", ""buy_6th_pre_req_pre"": ""0"", ""buy_7th_pre_bid"": ""+671000"", ""buy_7th_pre_req"": ""38"", ""buy_7th_pre_req_pre"": ""0"", ""buy_8th_pre_bid"": ""+670000"", ""buy_8th_pre_req"": ""636"", ""buy_8th_pre_req_pre"": ""0"", ""buy_9th_pre_bid"": ""+669000"", ""buy_9th_pre_req"": ""137"", ""buy_9th_pre_req_pre"": ""0"", ""buy_10th_pre_bid"": ""+668000"", ""buy_10th_pre_req"": ""20"", ""buy_10th_pre_req_pre"": ""0"", ""tot_sel_req_jub_pre"": ""--3"", ""tot_sel_req"": ""379"", ""tot_buy_req"": ""1014"", ""tot_buy_req_jub_pre"": ""0"", ""ovt_sel_req_pre"": ""0"", ""ovt_sel_req"": ""0"", ""ovt_buy_req"": ""0"", ""ovt_buy_req_pre"": ""0"", ""return_code"": 0, ""return_msg"": ""정상적으로 처리되었습니다""}"
2026-06-10,watchlist,018260,,1,filtered_candidate_recheck,232500,,232500,232000,232500,233500,0.21505376344086022,0.21505376344086022,,,,,,"{""bid_req_base_tm"": ""113021"", ""sel_10th_pre_req_pre"": ""0"", ""sel_10th_pre_req"": ""859"", ""sel_10th_pre_bid"": ""-237000"", ""sel_9th_pre_req_pre"": ""0"", ""sel_9th_pre_req"": ""275"", ""sel_9th_pre_bid"": ""-236500"", ""sel_8th_pre_req_pre"": ""0"", ""sel_8th_pre_req"": ""99"", ""sel_8th_pre_bid"": ""-236000"", ""sel_7th_pre_req_pre"": ""0"", ""sel_7th_pre_req"": ""222"", ""sel_7th_pre_bid"": ""-235500"", ""sel_6th_pre_req_pre"": ""0"", ""sel_6th_pre_req"": ""296"", ""sel_6th_pre_bid"": ""-235000"", ""sel_5th_pre_req_pre"": ""0"", ""sel_5th_pre_req"": ""152"", ""sel_5th_pre_bid"": ""-234500"", ""sel_4th_pre_req_pre"": ""0"", ""sel_4th_pre_req"": ""178"", ""sel_4th_pre_bid"": ""-234000"", ""sel_3th_pre_req_pre"": ""0"", ""sel_3th_pre_req"": ""91"", ""sel_3th_pre_bid"": ""-233500"", ""sel_2th_pre_req_pre"": ""+7"", ""sel_2th_pre_req"": ""326"", ""sel_2th_pre_bid"": ""-233000"", ""sel_1th_pre_req_pre"": ""0"", ""sel_fpr_req"": ""305"", ""sel_fpr_bid"": ""-232500"", ""buy_fpr_bid"": ""-232000"", ""buy_fpr_req"": ""213"", ""buy_1th_pre_req_pre"": ""0"", ""buy_2th_pre_bid"": ""-231500"", ""buy_2th_pre_req"": ""201"", ""buy_2th_pre_req_pre"": ""0"", ""buy_3th_pre_bid"": ""-231000"", ""buy_3th_pre_req"": ""316"", ""buy_3th_pre_req_pre"": ""0"", ""buy_4th_pre_bid"": ""-230500"", ""buy_4th_pre_req"": ""3688"", ""buy_4th_pre_req_pre"": ""0"", ""buy_5th_pre_bid"": ""-230000"", ""buy_5th_pre_req"": ""5576"", ""buy_5th_pre_req_pre"": ""0"", ""buy_6th_pre_bid"": ""-229500"", ""buy_6th_pre_req"": ""3680"", ""buy_6th_pre_req_pre"": ""0"", ""buy_7th_pre_bid"": ""-229000"", ""buy_7th_pre_req"": ""1429"", ""buy_7th_pre_req_pre"": ""0"", ""buy_8th_pre_bid"": ""-228500"", ""buy_8th_pre_req"": ""1097"", ""buy_8th_pre_req_pre"": ""0"", ""buy_9th_pre_bid"": ""-228000"", ""buy_9th_pre_req"": ""2140"", ""buy_9th_pre_req_pre"": ""0"", ""buy_10th_pre_bid"": ""-227500"", ""buy_10th_pre_req"": ""1811"", ""buy_10th_pre_req_pre"": ""0"", ""tot_sel_req_jub_pre"": ""+7"", ""tot_sel_req"": ""2803"", ""tot_buy_req"": ""20151"", ""tot_buy_req_jub_pre"": ""0"", ""ovt_sel_req_pre"": ""0"", ""ovt_sel_req"": ""0"", ""ovt_buy_req"": ""0"", ""ovt_buy_req_pre"": ""0"", ""return_code"": 0, ""return_msg"": ""정상적으로 처리되었습니다""}"
2026-06-10,watchlist,161390,,0,filtered_candidate_recheck,70900,,70900,70800,70900,71000,0.0,0.14104372355430184,,,,,,"{""bid_req_base_tm"": ""113022"", ""sel_10th_pre_req_pre"": ""0"", ""sel_10th_pre_req"": ""130"", ""sel_10th_pre_bid"": ""-71800"", ""sel_9th_pre_req_pre"": ""0"", ""sel_9th_pre_req"": ""10"", ""sel_9th_pre_bid"": ""-71700"", ""sel_8th_pre_req_pre"": ""0"", ""sel_8th_pre_req"": ""3"", ""sel_8th_pre_bid"": ""-71600"", ""sel_7th_pre_req_pre"": ""0"", ""sel_7th_pre_req"": ""57"", ""sel_7th_pre_bid"": ""-71500"", ""sel_6th_pre_req_pre"": ""0"", ""sel_6th_pre_req"": ""32"", ""sel_6th_pre_bid"": ""-71400"", ""sel_5th_pre_req_pre"": ""0"", ""sel_5th_pre_req"": ""57"", ""sel_5th_pre_bid"": ""-71300"", ""sel_4th_pre_req_pre"": ""0"", ""sel_4th_pre_req"": ""272"", ""sel_4th_pre_bid"": ""-71200"", ""sel_3th_pre_req_pre"": ""0"", ""sel_3th_pre_req"": ""630"", ""sel_3th_pre_bid"": ""-71100"", ""sel_2th_pre_req_pre"": ""0"", ""sel_2th_pre_req"": ""1003"", ""sel_2th_pre_bid"": ""-71000"", ""sel_1th_pre_req_pre"": ""0"", ""sel_fpr_req"": ""2032"", ""sel_fpr_bid"": ""-70900"", ""buy_fpr_bid"": ""-70800"", ""buy_fpr_req"": ""2963"", ""buy_1th_pre_req_pre"": ""--3"", ""buy_2th_pre_bid"": ""-70700"", ""buy_2th_pre_req"": ""267"", ""buy_2th_pre_req_pre"": ""0"", ""buy_3th_pre_bid"": ""-70600"", ""buy_3th_pre_req"": ""130"", ""buy_3th_pre_req_pre"": ""0"", ""buy_4th_pre_bid"": ""-70500"", ""buy_4th_pre_req"": ""361"", ""buy_4th_pre_req_pre"": ""0"", ""buy_5th_pre_bid"": ""-70400"", ""buy_5th_pre_req"": ""279"", ""buy_5th_pre_req_pre"": ""0"", ""buy_6th_pre_bid"": ""-70300"", ""buy_6th_pre_req"": ""142"", ""buy_6th_pre_req_pre"": ""0"", ""buy_7th_pre_bid"": ""-70200"", ""buy_7th_pre_req"": ""229"", ""buy_7th_pre_req_pre"": ""0"", ""buy_8th_pre_bid"": ""-70100"", ""buy_8th_pre_req"": ""216"", ""buy_8th_pre_req_pre"": ""0"", ""buy_9th_pre_bid"": ""-70000"", ""buy_9th_pre_req"": ""376"", ""buy_9th_pre_req_pre"": ""0"", ""buy_10th_pre_bid"": ""-69900"", ""buy_10th_pre_req"": ""135"", ""buy_10th_pre_req_pre"": ""0"", ""tot_sel_req_jub_pre"": ""0"", ""tot_sel_req"": ""4226"", ""tot_buy_req"": ""5098"", ""tot_buy_req_jub_pre"": ""--3"", ""ovt_sel_req_pre"": ""0"", ""ovt_sel_req"": ""0"", ""ovt_buy_req"": ""0"", ""ovt_buy_req_pre"": ""0"", ""return_code"": 0, ""return_msg"": ""정상적으로 처리되었습니다""}"
2026-06-10,watchlist,078930,,0,filtered_candidate_recheck,74000,,74000,73900,74000,73800,-0.40540540540540543,0.13513513513513514,,,,,,"{""bid_req_base_tm"": ""113019"", ""sel_10th_pre_req_pre"": ""0"", ""sel_10th_pre_req"": ""82"", ""sel_10th_pre_bid"": ""+74900"", ""sel_9th_pre_req_pre"": ""0"", ""sel_9th_pre_req"": ""24"", ""sel_9th_pre_bid"": ""+74800"", ""sel_8th_pre_req_pre"": ""0"", ""sel_8th_pre_req"": ""234"", ""sel_8th_pre_bid"": ""+74700"", ""sel_7th_pre_req_pre"": ""0"", ""sel_7th_pre_req"": ""104"", ""sel_7th_pre_bid"": ""+74600"", ""sel_6th_pre_req_pre"": ""0"", ""sel_6th_pre_req"": ""386"", ""sel_6th_pre_bid"": ""+74500"", ""sel_5th_pre_req_pre"": ""0"", ""sel_5th_pre_req"": ""107"", ""sel_5th_pre_bid"": ""+74400"", ""sel_4th_pre_req_pre"": ""0"", ""sel_4th_pre_req"": ""113"", ""sel_4th_pre_bid"": ""+74300"", ""sel_3th_pre_req_pre"": ""0"", ""sel_3th_pre_req"": ""40"", ""sel_3th_pre_bid"": ""+74200"", ""sel_2th_pre_req_pre"": ""0"", ""sel_2th_pre_req"": ""102"", ""sel_2th_pre_bid"": ""+74100"", ""sel_1th_pre_req_pre"": ""0"", ""sel_fpr_req"": ""58"", ""sel_fpr_bid"": ""+74000"", ""buy_fpr_bid"": ""+73900"", ""buy_fpr_req"": ""92"", ""buy_1th_pre_req_pre"": ""--2"", ""buy_2th_pre_bid"": ""73800"", ""buy_2th_pre_req"": ""30"", ""buy_2th_pre_req_pre"": ""0"", ""buy_3th_pre_bid"": ""-73700"", ""buy_3th_pre_req"": ""366"", ""buy_3th_pre_req_pre"": ""0"", ""buy_4th_pre_bid"": ""-73600"", ""buy_4th_pre_req"": ""166"", ""buy_4th_pre_req_pre"": ""0"", ""buy_5th_pre_bid"": ""-73500"", ""buy_5th_pre_req"": ""90"", ""buy_5th_pre_req_pre"": ""0"", ""buy_6th_pre_bid"": ""-73400"", ""buy_6th_pre_req"": ""21"", ""buy_6th_pre_req_pre"": ""0"", ""buy_7th_pre_bid"": ""-73300"", ""buy_7th_pre_req"": ""30"", ""buy_7th_pre_req_pre"": ""0"", ""buy_8th_pre_bid"": ""-73200"", ""buy_8th_pre_req"": ""137"", ""buy_8th_pre_req_pre"": ""0"", ""buy_9th_pre_bid"": ""-73100"", ""buy_9th_pre_req"": ""152"", ""buy_9th_pre_req_pre"": ""0"", ""buy_10th_pre_bid"": ""-73000"", ""buy_10th_pre_req"": ""3"", ""buy_10th_pre_req_pre"": ""0"", ""tot_sel_req_jub_pre"": ""0"", ""tot_sel_req"": ""1250"", ""tot_buy_req"": ""1087"", ""tot_buy_req_jub_pre"": ""--2"", ""ovt_sel_req_pre"": ""0"", ""ovt_sel_req"": ""0"", ""ovt_buy_req"": ""0"", ""ovt_buy_req_pre"": ""0"", ""return_code"": 0, ""return_msg"": ""정상적으로 처리되었습니다""}"
2026-06-10,watchlist,462870,,0,filtered_candidate_recheck,31250,,31250,31200,31250,31200,-0.32,0.16,,,,,,"{""bid_req_base_tm"": ""113021"", ""sel_10th_pre_req_pre"": ""0"", ""sel_10th_pre_req"": ""12"", ""sel_10th_pre_bid"": ""-31800"", ""sel_9th_pre_req_pre"": ""0"", ""sel_9th_pre_req"": ""21"", ""sel_9th_pre_bid"": ""-31750"", ""sel_8th_pre_req_pre"": ""0"", ""sel_8th_pre_req"": ""12"", ""sel_8th_pre_bid"": ""-31700"", ""sel_7th_pre_req_pre"": ""0"", ""sel_7th_pre_req"": ""683"", ""sel_7th_pre_bid"": ""-31650"", ""sel_6th_pre_req_pre"": ""0"", ""sel_6th_pre_req"": ""218"", ""sel_6th_pre_bid"": ""-31600"", ""sel_5th_pre_req_pre"": ""0"", ""sel_5th_pre_req"": ""11"", ""sel_5th_pre_bid"": ""-31550"", ""sel_4th_pre_req_pre"": ""0"", ""sel_4th_pre_req"": ""2"", ""sel_4th_pre_bid"": ""-31500"", ""sel_3th_pre_req_pre"": ""0"", ""sel_3th_pre_req"": ""33"", ""sel_3th_pre_bid"": ""-31450"", ""sel_2th_pre_req_pre"": ""0"", ""sel_2th_pre_req"": ""41"", ""sel_2th_pre_bid"": ""-31400"", ""sel_1th_pre_req_pre"": ""+32"", ""sel_fpr_req"": ""51"", ""sel_fpr_bid"": ""-31250"", ""buy_fpr_bid"": ""-31200"", ""buy_fpr_req"": ""16"", ""buy_1th_pre_req_pre"": ""0"", ""buy_2th_pre_bid"": ""-31150"", ""buy_2th_pre_req"": ""34"", ""buy_2th_pre_req_pre"": ""0"", ""buy_3th_pre_bid"": ""-31100"", ""buy_3th_pre_req"": ""47"", ""buy_3th_pre_req_pre"": ""0"", ""buy_4th_pre_bid"": ""-31050"", ""buy_4th_pre_req"": ""61"", ""buy_4th_pre_req_pre"": ""0"", ""buy_5th_pre_bid"": ""-31000"", ""buy_5th_pre_req"": ""187"", ""buy_5th_pre_req_pre"": ""0"", ""buy_6th_pre_bid"": ""-30950"", ""buy_6th_pre_req"": ""29"", ""buy_6th_pre_req_pre"": ""0"", ""buy_7th_pre_bid"": ""-30900"", ""buy_7th_pre_req"": ""151"", ""buy_7th_pre_req_pre"": ""0"", ""buy_8th_pre_bid"": ""-30850"", ""buy_8th_pre_req"": ""34"", ""buy_8th_pre_req_pre"": ""0"", ""buy_9th_pre_bid"": ""-30800"", ""buy_9th_pre_req"": ""122"", ""buy_9th_pre_req_pre"": ""0"", ""buy_10th_pre_bid"": ""-30750"", ""buy_10th_pre_req"": ""254"", ""buy_10th_pre_req_pre"": ""0"", ""tot_sel_req_jub_pre"": ""+32"", ""tot_sel_req"": ""1084"", ""tot_buy_req"": ""935"", ""tot_buy_req_jub_pre"": ""0"", ""ovt_sel_req_pre"": ""0"", ""ovt_sel_req"": ""0"", ""ovt_buy_req"": ""0"", ""ovt_buy_req_pre"": ""0"", ""return_code"": 0, ""return_msg"": ""정상적으로 처리되었습니다""}"
2026-06-10,watchlist,055550,,0,filtered_candidate_recheck,98600,,98600,98500,98600,98900,0.2028397565922921,0.10141987829614604,,,,,,"{""bid_req_base_tm"": ""113022"", ""sel_10th_pre_req_pre"": ""0"", ""sel_10th_pre_req"": ""851"", ""sel_10th_pre_bid"": ""-99700"", ""sel_9th_pre_req_pre"": ""0"", ""sel_9th_pre_req"": ""313"", ""sel_9th_pre_bid"": ""-99600"", ""sel_8th_pre_req_pre"": ""0"", ""sel_8th_pre_req"": ""77"", ""sel_8th_pre_bid"": ""-99500"", ""sel_7th_pre_req_pre"": ""0"", ""sel_7th_pre_req"": ""11"", ""sel_7th_pre_bid"": ""-99400"", ""sel_6th_pre_req_pre"": ""0"", ""sel_6th_pre_req"": ""280"", ""sel_6th_pre_bid"": ""-99300"", ""sel_5th_pre_req_pre"": ""0"", ""sel_5th_pre_req"": ""269"", ""sel_5th_pre_bid"": ""-99200"", ""sel_4th_pre_req_pre"": ""0"", ""sel_4th_pre_req"": ""910"", ""sel_4th_pre_bid"": ""-98900"", ""sel_3th_pre_req_pre"": ""0"", ""sel_3th_pre_req"": ""30"", ""sel_3th_pre_bid"": ""-98800"", ""sel_2th_pre_req_pre"": ""--1"", ""sel_2th_pre_req"": ""167"", ""sel_2th_pre_bid"": ""-98700"", ""sel_1th_pre_req_pre"": ""0"", ""sel_fpr_req"": ""375"", ""sel_fpr_bid"": ""-98600"", ""buy_fpr_bid"": ""-98500"", ""buy_fpr_req"": ""248"", ""buy_1th_pre_req_pre"": ""0"", ""buy_2th_pre_bid"": ""-98400"", ""buy_2th_pre_req"": ""304"", ""buy_2th_pre_req_pre"": ""0"", ""buy_3th_pre_bid"": ""-98300"", ""buy_3th_pre_req"": ""1940"", ""buy_3th_pre_req_pre"": ""0"", ""buy_4th_pre_bid"": ""-98200"", ""buy_4th_pre_req"": ""1756"", ""buy_4th_pre_req_pre"": ""0"", ""buy_5th_pre_bid"": ""-98100"", ""buy_5th_pre_req"": ""917"", ""buy_5th_pre_req_pre"": ""0"", ""buy_6th_pre_bid"": ""-98000"", ""buy_6th_pre_req"": ""1980"", ""buy_6th_pre_req_pre"": ""0"", ""buy_7th_pre_bid"": ""-97900"", ""buy_7th_pre_req"": ""287"", ""buy_7th_pre_req_pre"": ""0"", ""buy_8th_pre_bid"": ""-97800"", ""buy_8th_pre_req"": ""217"", ""buy_8th_pre_req_pre"": ""0"", ""buy_9th_pre_bid"": ""-97700"", ""buy_9th_pre_req"": ""292"", ""buy_9th_pre_req_pre"": ""0"", ""buy_10th_pre_bid"": ""-97600"", ""buy_10th_pre_req"": ""211"", ""buy_10th_pre_req_pre"": ""0"", ""tot_sel_req_jub_pre"": ""--1"", ""tot_sel_req"": ""3283"", ""tot_buy_req"": ""8152"", ""tot_buy_req_jub_pre"": ""0"", ""ovt_sel_req_pre"": ""0"", ""ovt_sel_req"": ""0"", ""ovt_buy_req"": ""0"", ""ovt_buy_req_pre"": ""0"", ""return_code"": 0, ""return_msg"": ""정상적으로 처리되었습니다""}"
2026-06-10,watchlist,192080,,1,filtered_candidate_recheck,71600,,71600,71500,71600,71600,-0.13966480446927373,0.13966480446927373,,,,,,"{""bid_req_base_tm"": ""113022"", ""sel_10th_pre_req_pre"": ""0"", ""sel_10th_pre_req"": ""182"", ""sel_10th_pre_bid"": ""+72600"", ""sel_9th_pre_req_pre"": ""0"", ""sel_9th_pre_req"": ""11"", ""sel_9th_pre_bid"": ""+72500"", ""sel_8th_pre_req_pre"": ""0"", ""sel_8th_pre_req"": ""128"", ""sel_8th_pre_bid"": ""+72400"", ""sel_7th_pre_req_pre"": ""0"", ""sel_7th_pre_req"": ""10"", ""sel_7th_pre_bid"": ""+72300"", ""sel_6th_pre_req_pre"": ""0"", ""sel_6th_pre_req"": ""10"", ""sel_6th_pre_bid"": ""+72200"", ""sel_5th_pre_req_pre"": ""0"", ""sel_5th_pre_req"": ""6"", ""sel_5th_pre_bid"": ""+72100"", ""sel_4th_pre_req_pre"": ""0"", ""sel_4th_pre_req"": ""156"", ""sel_4th_pre_bid"": ""72000"", ""sel_3th_pre_req_pre"": ""0"", ""sel_3th_pre_req"": ""25"", ""sel_3th_pre_bid"": ""-71900"", ""sel_2th_pre_req_pre"": ""0"", ""sel_2th_pre_req"": ""1"", ""sel_2th_pre_bid"": ""-71700"", ""sel_1th_pre_req_pre"": ""--1"", ""sel_fpr_req"": ""46"", ""sel_fpr_bid"": ""-71600"", ""buy_fpr_bid"": ""-71500"", ""buy_fpr_req"": ""34"", ""buy_1th_pre_req_pre"": ""0"", ""buy_2th_pre_bid"": ""-71400"", ""buy_2th_pre_req"": ""34"", ""buy_2th_pre_req_pre"": ""0"", ""buy_3th_pre_bid"": ""-71300"", ""buy_3th_pre_req"": ""5"", ""buy_3th_pre_req_pre"": ""0"", ""buy_4th_pre_bid"": ""-71200"", ""buy_4th_pre_req"": ""53"", ""buy_4th_pre_req_pre"": ""0"", ""buy_5th_pre_bid"": ""-71100"", ""buy_5th_pre_req"": ""1"", ""buy_5th_pre_req_pre"": ""0"", ""buy_6th_pre_bid"": ""-71000"", ""buy_6th_pre_req"": ""29"", ""buy_6th_pre_req_pre"": ""0"", ""buy_7th_pre_bid"": ""-70900"", ""buy_7th_pre_req"": ""49"", ""buy_7th_pre_req_pre"": ""0"", ""buy_8th_pre_bid"": ""-70800"", ""buy_8th_pre_req"": ""82"", ""buy_8th_pre_req_pre"": ""0"", ""buy_9th_pre_bid"": ""-70700"", ""buy_9th_pre_req"": ""140"", ""buy_9th_pre_req_pre"": ""0"", ""buy_10th_pre_bid"": ""-70600"", ""buy_10th_pre_req"": ""100"", ""buy_10th_pre_req_pre"": ""0"", ""tot_sel_req_jub_pre"": ""--1"", ""tot_sel_req"": ""575"", ""tot_buy_req"": ""527"", ""tot_buy_req_jub_pre"": ""0"", ""ovt_sel_req_pre"": ""0"", ""ovt_sel_req"": ""0"", ""ovt_buy_req"": ""0"", ""ovt_buy_req_pre"": ""0"", ""return_code"": 0, ""return_msg"": ""정상적으로 처리되었습니다""}"
2026-06-10,watchlist,000430,,1,filtered_candidate_recheck,5600,,5600,5590,5600,5620,0.17857142857142858,0.17857142857142858,,,,,,"{""bid_req_base_tm"": ""113022"", ""sel_10th_pre_req_pre"": ""0"", ""sel_10th_pre_req"": ""1081"", ""sel_10th_pre_bid"": ""-5690"", ""sel_9th_pre_req_pre"": ""0"", ""sel_9th_pre_req"": ""1237"", ""sel_9th_pre_bid"": ""-5680"", ""sel_8th_pre_req_pre"": ""0"", ""sel_8th_pre_req"": ""270"", ""sel_8th_pre_bid"": ""-5670"", ""sel_7th_pre_req_pre"": ""0"", ""sel_7th_pre_req"": ""171"", ""sel_7th_pre_bid"": ""-5660"", ""sel_6th_pre_req_pre"": ""0"", ""sel_6th_pre_req"": ""5055"", ""sel_6th_pre_bid"": ""-5650"", ""sel_5th_pre_req_pre"": ""0"", ""sel_5th_pre_req"": ""322"", ""sel_5th_pre_bid"": ""-5640"", ""sel_4th_pre_req_pre"": ""0"", ""sel_4th_pre_req"": ""140"", ""sel_4th_pre_bid"": ""-5630"", ""sel_3th_pre_req_pre"": ""0"", ""sel_3th_pre_req"": ""32"", ""sel_3th_pre_bid"": ""-5620"", ""sel_2th_pre_req_pre"": ""0"", ""sel_2th_pre_req"": ""37"", ""sel_2th_pre_bid"": ""-5610"", ""sel_1th_pre_req_pre"": ""+200"", ""sel_fpr_req"": ""674"", ""sel_fpr_bid"": ""-5600"", ""buy_fpr_bid"": ""-5590"", ""buy_fpr_req"": ""505"", ""buy_1th_pre_req_pre"": ""0"", ""buy_2th_pre_bid"": ""-5580"", ""buy_2th_pre_req"": ""3451"", ""buy_2th_pre_req_pre"": ""0"", ""buy_3th_pre_bid"": ""-5570"", ""buy_3th_pre_req"": ""2267"", ""buy_3th_pre_req_pre"": ""0"", ""buy_4th_pre_bid"": ""-5560"", ""buy_4th_pre_req"": ""3153"", ""buy_4th_pre_req_pre"": ""0"", ""buy_5th_pre_bid"": ""-5550"", ""buy_5th_pre_req"": ""594"", ""buy_5th_pre_req_pre"": ""0"", ""buy_6th_pre_bid"": ""-5540"", ""buy_6th_pre_req"": ""2695"", ""buy_6th_pre_req_pre"": ""0"", ""buy_7th_pre_bid"": ""-5530"", ""buy_7th_pre_req"": ""7423"", ""buy_7th_pre_req_pre"": ""0"", ""buy_8th_pre_bid"": ""-5520"", ""buy_8th_pre_req"": ""9680"", ""buy_8th_pre_req_pre"": ""0"", ""buy_9th_pre_bid"": ""-5510"", ""buy_9th_pre_req"": ""8803"", ""buy_9th_pre_req_pre"": ""0"", ""buy_10th_pre_bid"": ""-5500"", ""buy_10th_pre_req"": ""31526"", ""buy_10th_pre_req_pre"": ""0"", ""tot_sel_req_jub_pre"": ""+200"", ""tot_sel_req"": ""9019"", ""tot_buy_req"": ""70097"", ""tot_buy_req_jub_pre"": ""0"", ""ovt_sel_req_pre"": ""0"", ""ovt_sel_req"": ""0"", ""ovt_buy_req"": ""0"", ""ovt_buy_req_pre"": ""0"", ""return_code"": 0, ""return_msg"": ""정상적으로 처리되었습니다""}"
2026-06-10,watchlist,307950,,0,filtered_candidate_recheck,696000,,696000,695000,696000,697000,0.0,0.14367816091954022,,,,,,"{""bid_req_base_tm"": ""113023"", ""sel_10th_pre_req_pre"": ""0"", ""sel_10th_pre_req"": ""20"", ""sel_10th_pre_bid"": ""+705000"", ""sel_9th_pre_req_pre"": ""0"", ""sel_9th_pre_req"": ""9"", ""sel_9th_pre_bid"": ""+704000"", ""sel_8th_pre_req_pre"": ""0"", ""sel_8th_pre_req"": ""11"", ""sel_8th_pre_bid"": ""+703000"", ""sel_7th_pre_req_pre"": ""0"", ""sel_7th_pre_req"": ""11"", ""sel_7th_pre_bid"": ""+702000"", ""sel_6th_pre_req_pre"": ""0"", ""sel_6th_pre_req"": ""15"", ""sel_6th_pre_bid"": ""+701000"", ""sel_5th_pre_req_pre"": ""0"", ""sel_5th_pre_req"": ""49"", ""sel_5th_pre_bid"": ""+700000"", ""sel_4th_pre_req_pre"": ""0"", ""sel_4th_pre_req"": ""33"", ""sel_4th_pre_bid"": ""+699000"", ""sel_3th_pre_req_pre"": ""0"", ""sel_3th_pre_req"": ""46"", ""sel_3th_pre_bid"": ""+698000"", ""sel_2th_pre_req_pre"": ""0"", ""sel_2th_pre_req"": ""87"", ""sel_2th_pre_bid"": ""+697000"", ""sel_1th_pre_req_pre"": ""0"", ""sel_fpr_req"": ""23"", ""sel_fpr_bid"": ""+696000"", ""buy_fpr_bid"": ""+695000"", ""buy_fpr_req"": ""9"", ""buy_1th_pre_req_pre"": ""--1"", ""buy_2th_pre_bid"": ""+694000"", ""buy_2th_pre_req"": ""45"", ""buy_2th_pre_req_pre"": ""0"", ""buy_3th_pre_bid"": ""+693000"", ""buy_3th_pre_req"": ""14"", ""buy_3th_pre_req_pre"": ""0"", ""buy_4th_pre_bid"": ""+692000"", ""buy_4th_pre_req"": ""51"", ""buy_4th_pre_req_pre"": ""0"", ""buy_5th_pre_bid"": ""+691000"", ""buy_5th_pre_req"": ""153"", ""buy_5th_pre_req_pre"": ""0"", ""buy_6th_pre_bid"": ""+690000"", ""buy_6th_pre_req"": ""10"", ""buy_6th_pre_req_pre"": ""0"", ""buy_7th_pre_bid"": ""+689000"", ""buy_7th_pre_req"": ""28"", ""buy_7th_pre_req_pre"": ""0"", ""buy_8th_pre_bid"": ""+688000"", ""buy_8th_pre_req"": ""63"", ""buy_8th_pre_req_pre"": ""0"", ""buy_9th_pre_bid"": ""687000"", ""buy_9th_pre_req"": ""178"", ""buy_9th_pre_req_pre"": ""0"", ""buy_10th_pre_bid"": ""-686000"", ""buy_10th_pre_req"": ""14"", ""buy_10th_pre_req_pre"": ""0"", ""tot_sel_req_jub_pre"": ""0"", ""tot_sel_req"": ""304"", ""tot_buy_req"": ""565"", ""tot_buy_req_jub_pre"": ""--1"", ""ovt_sel_req_pre"": ""0"", ""ovt_sel_req"": ""0"", ""ovt_buy_req"": ""0"", ""ovt_buy_req_pre"": ""0"", ""return_code"": 0, ""return_msg"": ""정상적으로 처리되었습니다""}"
2026-06-10,watchlist,114090,,0,filtered_candidate_recheck,12100,,12100,12090,12100,12050,-0.8264462809917356,0.08264462809917356,,,,,,"{""bid_req_base_tm"": ""113023"", ""sel_10th_pre_req_pre"": ""0"", ""sel_10th_pre_req"": ""567"", ""sel_10th_pre_bid"": ""+12200"", ""sel_9th_pre_req_pre"": ""0"", ""sel_9th_pre_req"": ""359"", ""sel_9th_pre_bid"": ""+12190"", ""sel_8th_pre_req_pre"": ""0"", ""sel_8th_pre_req"": ""331"", ""sel_8th_pre_bid"": ""+12180"", ""sel_7th_pre_req_pre"": ""0"", ""sel_7th_pre_req"": ""1711"", ""sel_7th_pre_bid"": ""+12170"", ""sel_6th_pre_req_pre"": ""0"", ""sel_6th_pre_req"": ""1010"", ""sel_6th_pre_bid"": ""+12160"", ""sel_5th_pre_req_pre"": ""0"", ""sel_5th_pre_req"": ""1135"", ""sel_5th_pre_bid"": ""+12150"", ""sel_4th_pre_req_pre"": ""0"", ""sel_4th_pre_req"": ""443"", ""sel_4th_pre_bid"": ""+12140"", ""sel_3th_pre_req_pre"": ""0"", ""sel_3th_pre_req"": ""357"", ""sel_3th_pre_bid"": ""+12130"", ""sel_2th_pre_req_pre"": ""0"", ""sel_2th_pre_req"": ""12"", ""sel_2th_pre_bid"": ""+12110"", ""sel_1th_pre_req_pre"": ""0"", ""sel_fpr_req"": ""906"", ""sel_fpr_bid"": ""+12100"", ""buy_fpr_bid"": ""+12090"", ""buy_fpr_req"": ""12"", ""buy_1th_pre_req_pre"": ""0"", ""buy_2th_pre_bid"": ""+12080"", ""buy_2th_pre_req"": ""267"", ""buy_2th_pre_req_pre"": ""0"", ""buy_3th_pre_bid"": ""+12070"", ""buy_3th_pre_req"": ""191"", ""buy_3th_pre_req_pre"": ""0"", ""buy_4th_pre_bid"": ""+12060"", ""buy_4th_pre_req"": ""512"", ""buy_4th_pre_req_pre"": ""0"", ""buy_5th_pre_bid"": ""+12020"", ""buy_5th_pre_req"": ""20"", ""buy_5th_pre_req_pre"": ""0"", ""buy_6th_pre_bid"": ""+12010"", ""buy_6th_pre_req"": ""205"", ""buy_6th_pre_req_pre"": ""0"", ""buy_7th_pre_bid"": ""+12000"", ""buy_7th_pre_req"": ""570"", ""buy_7th_pre_req_pre"": ""0"", ""buy_8th_pre_bid"": ""+11990"", ""buy_8th_pre_req"": ""100"", ""buy_8th_pre_req_pre"": ""0"", ""buy_9th_pre_bid"": ""+11980"", ""buy_9th_pre_req"": ""203"", ""buy_9th_pre_req_pre"": ""0"", ""buy_10th_pre_bid"": ""+11970"", ""buy_10th_pre_req"": ""56"", ""buy_10th_pre_req_pre"": ""0"", ""tot_sel_req_jub_pre"": ""0"", ""tot_sel_req"": ""6831"", ""tot_buy_req"": ""2136"", ""tot_buy_req_jub_pre"": ""--48"", ""ovt_sel_req_pre"": ""0"", ""ovt_sel_req"": ""0"", ""ovt_buy_req"": ""0"", ""ovt_buy_req_pre"": ""0"", ""return_code"": 0, ""return_msg"": ""정상적으로 처리되었습니다""}"
2026-06-10,watchlist,281820,,1,filtered_candidate_recheck,66200,,66200,66100,66200,66500,0.3021148036253776,0.1510574018126888,,,,,,"{""bid_req_base_tm"": ""113017"", ""sel_10th_pre_req_pre"": ""0"", ""sel_10th_pre_req"": ""141"", ""sel_10th_pre_bid"": ""+67500"", ""sel_9th_pre_req_pre"": ""0"", ""sel_9th_pre_req"": ""10"", ""sel_9th_pre_bid"": ""+67300"", ""sel_8th_pre_req_pre"": ""0"", ""sel_8th_pre_req"": ""2"", ""sel_8th_pre_bid"": ""+67200"", ""sel_7th_pre_req_pre"": ""0"", ""sel_7th_pre_req"": ""7"", ""sel_7th_pre_bid"": ""+67100"", ""sel_6th_pre_req_pre"": ""0"", ""sel_6th_pre_req"": ""2"", ""sel_6th_pre_bid"": ""+66900"", ""sel_5th_pre_req_pre"": ""0"", ""sel_5th_pre_req"": ""2"", ""sel_5th_pre_bid"": ""+66700"", ""sel_4th_pre_req_pre"": ""0"", ""sel_4th_pre_req"": ""1"", ""sel_4th_pre_bid"": ""+66600"", ""sel_3th_pre_req_pre"": ""0"", ""sel_3th_pre_req"": ""35"", ""sel_3th_pre_bid"": ""66400"", ""sel_2th_pre_req_pre"": ""0"", ""sel_2th_pre_req"": ""84"", ""sel_2th_pre_bid"": ""-66300"", ""sel_1th_pre_req_pre"": ""0"", ""sel_fpr_req"": ""71"", ""sel_fpr_bid"": ""-66200"", ""buy_fpr_bid"": ""-66100"", ""buy_fpr_req"": ""10"", ""buy_1th_pre_req_pre"": ""0"", ""buy_2th_pre_bid"": ""-65900"", ""buy_2th_pre_req"": ""10"", ""buy_2th_pre_req_pre"": ""0"", ""buy_3th_pre_bid"": ""-65800"", ""buy_3th_pre_req"": ""136"", ""buy_3th_pre_req_pre"": ""0"", ""buy_4th_pre_bid"": ""-65700"", ""buy_4th_pre_req"": ""139"", ""buy_4th_pre_req_pre"": ""0"", ""buy_5th_pre_bid"": ""-65600"", ""buy_5th_pre_req"": ""108"", ""buy_5th_pre_req_pre"": ""0"", ""buy_6th_pre_bid"": ""-65500"", ""buy_6th_pre_req"": ""103"", ""buy_6th_pre_req_pre"": ""0"", ""buy_7th_pre_bid"": ""-65400"", ""buy_7th_pre_req"": ""66"", ""buy_7th_pre_req_pre"": ""0"", ""buy_8th_pre_bid"": ""-65300"", ""buy_8th_pre_req"": ""6"", ""buy_8th_pre_req_pre"": ""0"", ""buy_9th_pre_bid"": ""-65200"", ""buy_9th_pre_req"": ""70"", ""buy_9th_pre_req_pre"": ""0"", ""buy_10th_pre_bid"": ""-65100"", ""buy_10th_pre_req"": ""90"", ""buy_10th_pre_req_pre"": ""0"", ""tot_sel_req_jub_pre"": ""0"", ""tot_sel_req"": ""355"", ""tot_buy_req"": ""738"", ""tot_buy_req_jub_pre"": ""0"", ""ovt_sel_req_pre"": ""0"", ""ovt_sel_req"": ""0"", ""ovt_buy_req"": ""0"", ""ovt_buy_req_pre"": ""0"", ""return_code"": 0, ""return_msg"": ""정상적으로 처리되었습니다""}"
2026-06-10,watchlist,489790,,0,filtered_candidate_recheck,67100,,67100,67000,67100,66900,-0.44709388971684055,0.14903129657228018,,,,,,"{""bid_req_base_tm"": ""113023"", ""sel_10th_pre_req_pre"": ""0"", ""sel_10th_pre_req"": ""25"", ""sel_10th_pre_bid"": ""+68200"", ""sel_9th_pre_req_pre"": ""0"", ""sel_9th_pre_req"": ""1"", ""sel_9th_pre_bid"": ""+68100"", ""sel_8th_pre_req_pre"": ""0"", ""sel_8th_pre_req"": ""38"", ""sel_8th_pre_bid"": ""+68000"", ""sel_7th_pre_req_pre"": ""0"", ""sel_7th_pre_req"": ""119"", ""sel_7th_pre_bid"": ""+67900"", ""sel_6th_pre_req_pre"": ""0"", ""sel_6th_pre_req"": ""1351"", ""sel_6th_pre_bid"": ""+67800"", ""sel_5th_pre_req_pre"": ""0"", ""sel_5th_pre_req"": ""146"", ""sel_5th_pre_bid"": ""+67700"", ""sel_4th_pre_req_pre"": ""0"", ""sel_4th_pre_req"": ""128"", ""sel_4th_pre_bid"": ""+67500"", ""sel_3th_pre_req_pre"": ""0"", ""sel_3th_pre_req"": ""316"", ""sel_3th_pre_bid"": ""+67400"", ""sel_2th_pre_req_pre"": ""0"", ""sel_2th_pre_req"": ""392"", ""sel_2th_pre_bid"": ""+67200"", ""sel_1th_pre_req_pre"": ""0"", ""sel_fpr_req"": ""20"", ""sel_fpr_bid"": ""+67100"", ""buy_fpr_bid"": ""+67000"", ""buy_fpr_req"": ""133"", ""buy_1th_pre_req_pre"": ""0"", ""buy_2th_pre_bid"": ""+66900"", ""buy_2th_pre_req"": ""80"", ""buy_2th_pre_req_pre"": ""0"", ""buy_3th_pre_bid"": ""+66800"", ""buy_3th_pre_req"": ""161"", ""buy_3th_pre_req_pre"": ""--1"", ""buy_4th_pre_bid"": ""+66700"", ""buy_4th_pre_req"": ""297"", ""buy_4th_pre_req_pre"": ""0"", ""buy_5th_pre_bid"": ""+66600"", ""buy_5th_pre_req"": ""12"", ""buy_5th_pre_req_pre"": ""0"", ""buy_6th_pre_bid"": ""66500"", ""buy_6th_pre_req"": ""124"", ""buy_6th_pre_req_pre"": ""0"", ""buy_7th_pre_bid"": ""-66400"", ""buy_7th_pre_req"": ""86"", ""buy_7th_pre_req_pre"": ""0"", ""buy_8th_pre_bid"": ""-66300"", ""buy_8th_pre_req"": ""143"", ""buy_8th_pre_req_pre"": ""0"", ""buy_9th_pre_bid"": ""-66200"", ""buy_9th_pre_req"": ""225"", ""buy_9th_pre_req_pre"": ""0"", ""buy_10th_pre_bid"": ""-66100"", ""buy_10th_pre_req"": ""326"", ""buy_10th_pre_req_pre"": ""0"", ""tot_sel_req_jub_pre"": ""0"", ""tot_sel_req"": ""2536"", ""tot_buy_req"": ""1587"", ""tot_buy_req_jub_pre"": ""--1"", ""ovt_sel_req_pre"": ""0"", ""ovt_sel_req"": ""0"", ""ovt_buy_req"": ""0"", ""ovt_buy_req_pre"": ""0"", ""return_code"": 0, ""return_msg"": ""정상적으로 처리되었습니다""}"
2026-06-10,watchlist,092200,,0,filtered_candidate_recheck,9460,,9460,9450,9460,9470,0.0,0.10570824524312897,,,,,,"{""bid_req_base_tm"": ""113024"", ""sel_10th_pre_req_pre"": ""0"", ""sel_10th_pre_req"": ""126"", ""sel_10th_pre_bid"": ""-9560"", ""sel_9th_pre_req_pre"": ""0"", ""sel_9th_pre_req"": ""146"", ""sel_9th_pre_bid"": ""-9550"", ""sel_8th_pre_req_pre"": ""0"", ""sel_8th_pre_req"": ""30"", ""sel_8th_pre_bid"": ""-9530"", ""sel_7th_pre_req_pre"": ""0"", ""sel_7th_pre_req"": ""1000"", ""sel_7th_pre_bid"": ""-9520"", ""sel_6th_pre_req_pre"": ""0"", ""sel_6th_pre_req"": ""120"", ""sel_6th_pre_bid"": ""-9510"", ""sel_5th_pre_req_pre"": ""0"", ""sel_5th_pre_req"": ""114"", ""sel_5th_pre_bid"": ""-9500"", ""sel_4th_pre_req_pre"": ""0"", ""sel_4th_pre_req"": ""410"", ""sel_4th_pre_bid"": ""-9490"", ""sel_3th_pre_req_pre"": ""0"", ""sel_3th_pre_req"": ""150"", ""sel_3th_pre_bid"": ""-9480"", ""sel_2th_pre_req_pre"": ""0"", ""sel_2th_pre_req"": ""1"", ""sel_2th_pre_bid"": ""-9470"", ""sel_1th_pre_req_pre"": ""--50"", ""sel_fpr_req"": ""48"", ""sel_fpr_bid"": ""-9460"", ""buy_fpr_bid"": ""-9450"", ""buy_fpr_req"": ""938"", ""buy_1th_pre_req_pre"": ""0"", ""buy_2th_pre_bid"": ""-9440"", ""buy_2th_pre_req"": ""303"", ""buy_2th_pre_req_pre"": ""0"", ""buy_3th_pre_bid"": ""-9430"", ""buy_3th_pre_req"": ""10"", ""buy_3th_pre_req_pre"": ""0"", ""buy_4th_pre_bid"": ""-9420"", ""buy_4th_pre_req"": ""10"", ""buy_4th_pre_req_pre"": ""0"", ""buy_5th_pre_bid"": ""-9410"", ""buy_5th_pre_req"": ""55"", ""buy_5th_pre_req_pre"": ""0"", ""buy_6th_pre_bid"": ""-9400"", ""buy_6th_pre_req"": ""105"", ""buy_6th_pre_req_pre"": ""0"", ""buy_7th_pre_bid"": ""-9390"", ""buy_7th_pre_req"": ""313"", ""buy_7th_pre_req_pre"": ""0"", ""buy_8th_pre_bid"": ""-9380"", ""buy_8th_pre_req"": ""662"", ""buy_8th_pre_req_pre"": ""0"", ""buy_9th_pre_bid"": ""-9370"", ""buy_9th_pre_req"": ""641"", ""buy_9th_pre_req_pre"": ""0"", ""buy_10th_pre_bid"": ""-9360"", ""buy_10th_pre_req"": ""871"", ""buy_10th_pre_req_pre"": ""0"", ""tot_sel_req_jub_pre"": ""--50"", ""tot_sel_req"": ""2145"", ""tot_buy_req"": ""3908"", ""tot_buy_req_jub_pre"": ""0"", ""ovt_sel_req_pre"": ""0"", ""ovt_sel_req"": ""0"", ""ovt_buy_req"": ""0"", ""ovt_buy_req_pre"": ""0"", ""return_code"": 0, ""return_msg"": ""정상적으로 처리되었습니다""}"
2026-06-10,watchlist,175330,,0,filtered_candidate_recheck,25500,,25500,25450,25500,25650,0.39215686274509803,0.19607843137254902,,,,,,"{""bid_req_base_tm"": ""113023"", ""sel_10th_pre_req_pre"": ""0"", ""sel_10th_pre_req"": ""142"", ""sel_10th_pre_bid"": ""+25950"", ""sel_9th_pre_req_pre"": ""0"", ""sel_9th_pre_req"": ""562"", ""sel_9th_pre_bid"": ""25900"", ""sel_8th_pre_req_pre"": ""0"", ""sel_8th_pre_req"": ""469"", ""sel_8th_pre_bid"": ""-25850"", ""sel_7th_pre_req_pre"": ""0"", ""sel_7th_pre_req"": ""42"", ""sel_7th_pre_bid"": ""-25800"", ""sel_6th_pre_req_pre"": ""0"", ""sel_6th_pre_req"": ""100"", ""sel_6th_pre_bid"": ""-25750"", ""sel_5th_pre_req_pre"": ""0"", ""sel_5th_pre_req"": ""84"", ""sel_5th_pre_bid"": ""-25700"", ""sel_4th_pre_req_pre"": ""0"", ""sel_4th_pre_req"": ""176"", ""sel_4th_pre_bid"": ""-25650"", ""sel_3th_pre_req_pre"": ""0"", ""sel_3th_pre_req"": ""480"", ""sel_3th_pre_bid"": ""-25600"", ""sel_2th_pre_req_pre"": ""0"", ""sel_2th_pre_req"": ""777"", ""sel_2th_pre_bid"": ""-25550"", ""sel_1th_pre_req_pre"": ""0"", ""sel_fpr_req"": ""68"", ""sel_fpr_bid"": ""-25500"", ""buy_fpr_bid"": ""-25450"", ""buy_fpr_req"": ""916"", ""buy_1th_pre_req_pre"": ""--1"", ""buy_2th_pre_bid"": ""-25400"", ""buy_2th_pre_req"": ""2835"", ""buy_2th_pre_req_pre"": ""0"", ""buy_3th_pre_bid"": ""-25350"", ""buy_3th_pre_req"": ""425"", ""buy_3th_pre_req_pre"": ""0"", ""buy_4th_pre_bid"": ""-25300"", ""buy_4th_pre_req"": ""370"", ""buy_4th_pre_req_pre"": ""0"", ""buy_5th_pre_bid"": ""-25250"", ""buy_5th_pre_req"": ""489"", ""buy_5th_pre_req_pre"": ""0"", ""buy_6th_pre_bid"": ""-25200"", ""buy_6th_pre_req"": ""379"", ""buy_6th_pre_req_pre"": ""0"", ""buy_7th_pre_bid"": ""-25150"", ""buy_7th_pre_req"": ""838"", ""buy_7th_pre_req_pre"": ""0"", ""buy_8th_pre_bid"": ""-25100"", ""buy_8th_pre_req"": ""490"", ""buy_8th_pre_req_pre"": ""0"", ""buy_9th_pre_bid"": ""-25050"", ""buy_9th_pre_req"": ""606"", ""buy_9th_pre_req_pre"": ""0"", ""buy_10th_pre_bid"": ""-25000"", ""buy_10th_pre_req"": ""708"", ""buy_10th_pre_req_pre"": ""0"", ""tot_sel_req_jub_pre"": ""0"", ""tot_sel_req"": ""2900"", ""tot_buy_req"": ""8056"", ""tot_buy_req_jub_pre"": ""--1"", ""ovt_sel_req_pre"": ""0"", ""ovt_sel_req"": ""0"", ""ovt_buy_req"": ""0"", ""ovt_buy_req_pre"": ""0"", ""return_code"": 0, ""return_msg"": ""정상적으로 처리되었습니다""}"
2026-06-10,watchlist,069960,,0,filtered_candidate_recheck,173900,,173900,173800,173900,173500,-0.5175388154111558,0.05750431282346176,,,,,,"{""bid_req_base_tm"": ""113024"", ""sel_10th_pre_req_pre"": ""0"", ""sel_10th_pre_req"": ""3"", ""sel_10th_pre_bid"": ""+175700"", ""sel_9th_pre_req_pre"": ""0"", ""sel_9th_pre_req"": ""31"", ""sel_9th_pre_bid"": ""+175400"", ""sel_8th_pre_req_pre"": ""0"", ""sel_8th_pre_req"": ""64"", ""sel_8th_pre_bid"": ""+175300"", ""sel_7th_pre_req_pre"": ""0"", ""sel_7th_pre_req"": ""12"", ""sel_7th_pre_bid"": ""+175200"", ""sel_6th_pre_req_pre"": ""0"", ""sel_6th_pre_req"": ""37"", ""sel_6th_pre_bid"": ""+175000"", ""sel_5th_pre_req_pre"": ""0"", ""sel_5th_pre_req"": ""32"", ""sel_5th_pre_bid"": ""+174500"", ""sel_4th_pre_req_pre"": ""0"", ""sel_4th_pre_req"": ""2"", ""sel_4th_pre_bid"": ""+174400"", ""sel_3th_pre_req_pre"": ""0"", ""sel_3th_pre_req"": ""45"", ""sel_3th_pre_bid"": ""+174100"", ""sel_2th_pre_req_pre"": ""0"", ""sel_2th_pre_req"": ""109"", ""sel_2th_pre_bid"": ""+174000"", ""sel_1th_pre_req_pre"": ""+18"", ""sel_fpr_req"": ""56"", ""sel_fpr_bid"": ""+173900"", ""buy_fpr_bid"": ""+173800"", ""buy_fpr_req"": ""73"", ""buy_1th_pre_req_pre"": ""0"", ""buy_2th_pre_bid"": ""+173700"", ""buy_2th_pre_req"": ""34"", ""buy_2th_pre_req_pre"": ""0"", ""buy_3th_pre_bid"": ""+173600"", ""buy_3th_pre_req"": ""1"", ""buy_3th_pre_req_pre"": ""0"", ""buy_4th_pre_bid"": ""+173300"", ""buy_4th_pre_req"": ""5"", ""buy_4th_pre_req_pre"": ""0"", ""buy_5th_pre_bid"": ""+173200"", ""buy_5th_pre_req"": ""124"", ""buy_5th_pre_req_pre"": ""0"", ""buy_6th_pre_bid"": ""+173100"", ""buy_6th_pre_req"": ""34"", ""buy_6th_pre_req_pre"": ""0"", ""buy_7th_pre_bid"": ""+173000"", ""buy_7th_pre_req"": ""41"", ""buy_7th_pre_req_pre"": ""0"", ""buy_8th_pre_bid"": ""+172700"", ""buy_8th_pre_req"": ""2"", ""buy_8th_pre_req_pre"": ""0"", ""buy_9th_pre_bid"": ""+172600"", ""buy_9th_pre_req"": ""10"", ""buy_9th_pre_req_pre"": ""0"", ""buy_10th_pre_bid"": ""+172500"", ""buy_10th_pre_req"": ""13"", ""buy_10th_pre_req_pre"": ""0"", ""tot_sel_req_jub_pre"": ""+18"", ""tot_sel_req"": ""391"", ""tot_buy_req"": ""337"", ""tot_buy_req_jub_pre"": ""0"", ""ovt_sel_req_pre"": ""0"", ""ovt_sel_req"": ""0"", ""ovt_buy_req"": ""0"", ""ovt_buy_req_pre"": ""0"", ""return_code"": 0, ""return_msg"": ""정상적으로 처리되었습니다""}"
2026-06-10,watchlist,001450,,0,filtered_candidate_recheck,37550,,37550,37500,37550,37550,-0.13315579227696406,0.13315579227696406,,,,,,"{""bid_req_base_tm"": ""113022"", ""sel_10th_pre_req_pre"": ""0"", ""sel_10th_pre_req"": ""165"", ""sel_10th_pre_bid"": ""+38050"", ""sel_9th_pre_req_pre"": ""0"", ""sel_9th_pre_req"": ""772"", ""sel_9th_pre_bid"": ""+38000"", ""sel_8th_pre_req_pre"": ""0"", ""sel_8th_pre_req"": ""40"", ""sel_8th_pre_bid"": ""+37950"", ""sel_7th_pre_req_pre"": ""0"", ""sel_7th_pre_req"": ""222"", ""sel_7th_pre_bid"": ""+37900"", ""sel_6th_pre_req_pre"": ""0"", ""sel_6th_pre_req"": ""449"", ""sel_6th_pre_bid"": ""+37850"", ""sel_5th_pre_req_pre"": ""0"", ""sel_5th_pre_req"": ""501"", ""sel_5th_pre_bid"": ""+37800"", ""sel_4th_pre_req_pre"": ""0"", ""sel_4th_pre_req"": ""644"", ""sel_4th_pre_bid"": ""+37750"", ""sel_3th_pre_req_pre"": ""0"", ""sel_3th_pre_req"": ""71"", ""sel_3th_pre_bid"": ""+37700"", ""sel_2th_pre_req_pre"": ""0"", ""sel_2th_pre_req"": ""108"", ""sel_2th_pre_bid"": ""+37600"", ""sel_1th_pre_req_pre"": ""+12"", ""sel_fpr_req"": ""51"", ""sel_fpr_bid"": ""+37550"", ""buy_fpr_bid"": ""+37500"", ""buy_fpr_req"": ""3"", ""buy_1th_pre_req_pre"": ""0"", ""buy_2th_pre_bid"": ""+37450"", ""buy_2th_pre_req"": ""248"", ""buy_2th_pre_req_pre"": ""0"", ""buy_3th_pre_bid"": ""+37400"", ""buy_3th_pre_req"": ""187"", ""buy_3th_pre_req_pre"": ""0"", ""buy_4th_pre_bid"": ""+37350"", ""buy_4th_pre_req"": ""766"", ""buy_4th_pre_req_pre"": ""0"", ""buy_5th_pre_bid"": ""+37300"", ""buy_5th_pre_req"": ""666"", ""buy_5th_pre_req_pre"": ""0"", ""buy_6th_pre_bid"": ""+37250"", ""buy_6th_pre_req"": ""209"", ""buy_6th_pre_req_pre"": ""0"", ""buy_7th_pre_bid"": ""+37200"", ""buy_7th_pre_req"": ""488"", ""buy_7th_pre_req_pre"": ""0"", ""buy_8th_pre_bid"": ""+37150"", ""buy_8th_pre_req"": ""73"", ""buy_8th_pre_req_pre"": ""0"", ""buy_9th_pre_bid"": ""+37100"", ""buy_9th_pre_req"": ""690"", ""buy_9th_pre_req_pre"": ""0"", ""buy_10th_pre_bid"": ""+37050"", ""buy_10th_pre_req"": ""2824"", ""buy_10th_pre_req_pre"": ""0"", ""tot_sel_req_jub_pre"": ""+12"", ""tot_sel_req"": ""3023"", ""tot_buy_req"": ""6154"", ""tot_buy_req_jub_pre"": ""0"", ""ovt_sel_req_pre"": ""0"", ""ovt_sel_req"": ""0"", ""ovt_buy_req"": ""0"", ""ovt_buy_req_pre"": ""0"", ""return_code"": 0, ""return_msg"": ""정상적으로 처리되었습니다""}"
2026-06-10,watchlist,011070,,0,filtered_candidate_recheck,1137000,,1137000,1136000,1137000,1134000,-0.3518029903254178,0.08795074758135445,,,,,,"{""bid_req_base_tm"": ""113025"", ""sel_10th_pre_req_pre"": ""0"", ""sel_10th_pre_req"": ""33"", ""sel_10th_pre_bid"": ""+1146000"", ""sel_9th_pre_req_pre"": ""0"", ""sel_9th_pre_req"": ""41"", ""sel_9th_pre_bid"": ""+1145000"", ""sel_8th_pre_req_pre"": ""0"", ""sel_8th_pre_req"": ""15"", ""sel_8th_pre_bid"": ""+1144000"", ""sel_7th_pre_req_pre"": ""0"", ""sel_7th_pre_req"": ""61"", ""sel_7th_pre_bid"": ""+1143000"", ""sel_6th_pre_req_pre"": ""0"", ""sel_6th_pre_req"": ""206"", ""sel_6th_pre_bid"": ""+1142000"", ""sel_5th_pre_req_pre"": ""0"", ""sel_5th_pre_req"": ""56"", ""sel_5th_pre_bid"": ""+1141000"", ""sel_4th_pre_req_pre"": ""0"", ""sel_4th_pre_req"": ""210"", ""sel_4th_pre_bid"": ""+1140000"", ""sel_3th_pre_req_pre"": ""0"", ""sel_3th_pre_req"": ""121"", ""sel_3th_pre_bid"": ""+1139000"", ""sel_2th_pre_req_pre"": ""0"", ""sel_2th_pre_req"": ""74"", ""sel_2th_pre_bid"": ""+1138000"", ""sel_1th_pre_req_pre"": ""+10"", ""sel_fpr_req"": ""20"", ""sel_fpr_bid"": ""1137000"", ""buy_fpr_bid"": ""-1136000"", ""buy_fpr_req"": ""10"", ""buy_1th_pre_req_pre"": ""0"", ""buy_2th_pre_bid"": ""-1135000"", ""buy_2th_pre_req"": ""89"", ""buy_2th_pre_req_pre"": ""0"", ""buy_3th_pre_bid"": ""-1134000"", ""buy_3th_pre_req"": ""51"", ""buy_3th_pre_req_pre"": ""0"", ""buy_4th_pre_bid"": ""-1133000"", ""buy_4th_pre_req"": ""387"", ""buy_4th_pre_req_pre"": ""0"", ""buy_5th_pre_bid"": ""-1132000"", ""buy_5th_pre_req"": ""90"", ""buy_5th_pre_req_pre"": ""+24"", ""buy_6th_pre_bid"": ""-1131000"", ""buy_6th_pre_req"": ""1"", ""buy_6th_pre_req_pre"": ""0"", ""buy_7th_pre_bid"": ""-1129000"", ""buy_7th_pre_req"": ""11"", ""buy_7th_pre_req_pre"": ""0"", ""buy_8th_pre_bid"": ""-1128000"", ""buy_8th_pre_req"": ""13"", ""buy_8th_pre_req_pre"": ""0"", ""buy_9th_pre_bid"": ""-1127000"", ""buy_9th_pre_req"": ""8"", ""buy_9th_pre_req_pre"": ""0"", ""buy_10th_pre_bid"": ""-1126000"", ""buy_10th_pre_req"": ""1"", ""buy_10th_pre_req_pre"": ""0"", ""tot_sel_req_jub_pre"": ""+10"", ""tot_sel_req"": ""837"", ""tot_buy_req"": ""661"", ""tot_buy_req_jub_pre"": ""+24"", ""ovt_sel_req_pre"": ""0"", ""ovt_sel_req"": ""0"", ""ovt_buy_req"": ""0"", ""ovt_buy_req_pre"": ""0"", ""return_code"": 0, ""return_msg"": ""정상적으로 처리되었습니다""}"
2026-06-10,watchlist,088350,,0,filtered_candidate_recheck,4840,,4840,4835,4840,4850,0.10330578512396695,0.10330578512396695,,,,,,"{""bid_req_base_tm"": ""113024"", ""sel_10th_pre_req_pre"": ""0"", ""sel_10th_pre_req"": ""3753"", ""sel_10th_pre_bid"": ""-4890"", ""sel_9th_pre_req_pre"": ""0"", ""sel_9th_pre_req"": ""2349"", ""sel_9th_pre_bid"": ""-4885"", ""sel_8th_pre_req_pre"": ""0"", ""sel_8th_pre_req"": ""503"", ""sel_8th_pre_bid"": ""-4880"", ""sel_7th_pre_req_pre"": ""0"", ""sel_7th_pre_req"": ""574"", ""sel_7th_pre_bid"": ""-4875"", ""sel_6th_pre_req_pre"": ""0"", ""sel_6th_pre_req"": ""114"", ""sel_6th_pre_bid"": ""-4870"", ""sel_5th_pre_req_pre"": ""0"", ""sel_5th_pre_req"": ""1970"", ""sel_5th_pre_bid"": ""-4865"", ""sel_4th_pre_req_pre"": ""0"", ""sel_4th_pre_req"": ""1757"", ""sel_4th_pre_bid"": ""-4860"", ""sel_3th_pre_req_pre"": ""0"", ""sel_3th_pre_req"": ""1532"", ""sel_3th_pre_bid"": ""-4855"", ""sel_2th_pre_req_pre"": ""0"", ""sel_2th_pre_req"": ""3951"", ""sel_2th_pre_bid"": ""-4850"", ""sel_1th_pre_req_pre"": ""0"", ""sel_fpr_req"": ""2773"", ""sel_fpr_bid"": ""-4840"", ""buy_fpr_bid"": ""-4835"", ""buy_fpr_req"": ""277"", ""buy_1th_pre_req_pre"": ""0"", ""buy_2th_pre_bid"": ""-4830"", ""buy_2th_pre_req"": ""3068"", ""buy_2th_pre_req_pre"": ""0"", ""buy_3th_pre_bid"": ""-4825"", ""buy_3th_pre_req"": ""1098"", ""buy_3th_pre_req_pre"": ""0"", ""buy_4th_pre_bid"": ""-4820"", ""buy_4th_pre_req"": ""5625"", ""buy_4th_pre_req_pre"": ""0"", ""buy_5th_pre_bid"": ""-4815"", ""buy_5th_pre_req"": ""26845"", ""buy_5th_pre_req_pre"": ""0"", ""buy_6th_pre_bid"": ""-4810"", ""buy_6th_pre_req"": ""6360"", ""buy_6th_pre_req_pre"": ""0"", ""buy_7th_pre_bid"": ""-4805"", ""buy_7th_pre_req"": ""11590"", ""buy_7th_pre_req_pre"": ""0"", ""buy_8th_pre_bid"": ""-4800"", ""buy_8th_pre_req"": ""19066"", ""buy_8th_pre_req_pre"": ""0"", ""buy_9th_pre_bid"": ""-4795"", ""buy_9th_pre_req"": ""13240"", ""buy_9th_pre_req_pre"": ""0"", ""buy_10th_pre_bid"": ""-4790"", ""buy_10th_pre_req"": ""16344"", ""buy_10th_pre_req_pre"": ""--2002"", ""tot_sel_req_jub_pre"": ""0"", ""tot_sel_req"": ""19276"", ""tot_buy_req"": ""103513"", ""tot_buy_req_jub_pre"": ""--2002"", ""ovt_sel_req_pre"": ""0"", ""ovt_sel_req"": ""0"", ""ovt_buy_req"": ""0"", ""ovt_buy_req_pre"": ""0"", ""return_code"": 0, ""return_msg"": ""정상적으로 처리되었습니다""}"
2026-06-10,watchlist,195870,,0,filtered_candidate_recheck,76500,,76500,76000,76500,76200,-0.522875816993464,0.6535947712418301,,,,,,"{""bid_req_base_tm"": ""113025"", ""sel_10th_pre_req_pre"": ""0"", ""sel_10th_pre_req"": ""2"", ""sel_10th_pre_bid"": ""+77400"", ""sel_9th_pre_req_pre"": ""0"", ""sel_9th_pre_req"": ""12"", ""sel_9th_pre_bid"": ""+77300"", ""sel_8th_pre_req_pre"": ""0"", ""sel_8th_pre_req"": ""16"", ""sel_8th_pre_bid"": ""+77200"", ""sel_7th_pre_req_pre"": ""0"", ""sel_7th_pre_req"": ""300"", ""sel_7th_pre_bid"": ""+77100"", ""sel_6th_pre_req_pre"": ""0"", ""sel_6th_pre_req"": ""55"", ""sel_6th_pre_bid"": ""+77000"", ""sel_5th_pre_req_pre"": ""0"", ""sel_5th_pre_req"": ""20"", ""sel_5th_pre_bid"": ""+76900"", ""sel_4th_pre_req_pre"": ""0"", ""sel_4th_pre_req"": ""55"", ""sel_4th_pre_bid"": ""+76800"", ""sel_3th_pre_req_pre"": ""0"", ""sel_3th_pre_req"": ""10"", ""sel_3th_pre_bid"": ""+76700"", ""sel_2th_pre_req_pre"": ""--6"", ""sel_2th_pre_req"": ""59"", ""sel_2th_pre_bid"": ""+76600"", ""sel_1th_pre_req_pre"": ""+9"", ""sel_fpr_req"": ""13"", ""sel_fpr_bid"": ""+76500"", ""buy_fpr_bid"": ""+76000"", ""buy_fpr_req"": ""27"", ""buy_1th_pre_req_pre"": ""0"", ""buy_2th_pre_bid"": ""+75900"", ""buy_2th_pre_req"": ""18"", ""buy_2th_pre_req_pre"": ""0"", ""buy_3th_pre_bid"": ""+75800"", ""buy_3th_pre_req"": ""122"", ""buy_3th_pre_req_pre"": ""0"", ""buy_4th_pre_bid"": ""+75700"", ""buy_4th_pre_req"": ""17"", ""buy_4th_pre_req_pre"": ""0"", ""buy_5th_pre_bid"": ""+75600"", ""buy_5th_pre_req"": ""16"", ""buy_5th_pre_req_pre"": ""0"", ""buy_6th_pre_bid"": ""+75500"", ""buy_6th_pre_req"": ""101"", ""buy_6th_pre_req_pre"": ""0"", ""buy_7th_pre_bid"": ""+75400"", ""buy_7th_pre_req"": ""152"", ""buy_7th_pre_req_pre"": ""0"", ""buy_8th_pre_bid"": ""+75300"", ""buy_8th_pre_req"": ""19"", ""buy_8th_pre_req_pre"": ""0"", ""buy_9th_pre_bid"": ""+75200"", ""buy_9th_pre_req"": ""62"", ""buy_9th_pre_req_pre"": ""0"", ""buy_10th_pre_bid"": ""+75100"", ""buy_10th_pre_req"": ""93"", ""buy_10th_pre_req_pre"": ""0"", ""tot_sel_req_jub_pre"": ""+3"", ""tot_sel_req"": ""542"", ""tot_buy_req"": ""627"", ""tot_buy_req_jub_pre"": ""0"", ""ovt_sel_req_pre"": ""0"", ""ovt_sel_req"": ""0"", ""ovt_buy_req"": ""0"", ""ovt_buy_req_pre"": ""0"", ""return_code"": 0, ""return_msg"": ""정상적으로 처리되었습니다""}"
2026-06-10,watchlist,042700,,0,filtered_candidate_recheck,281500,,281500,281000,281500,281500,-0.17761989342806395,0.17761989342806395,,,,,,"{""bid_req_base_tm"": ""113025"", ""sel_10th_pre_req_pre"": ""0"", ""sel_10th_pre_req"": ""193"", ""sel_10th_pre_bid"": ""+286000"", ""sel_9th_pre_req_pre"": ""0"", ""sel_9th_pre_req"": ""501"", ""sel_9th_pre_bid"": ""+285500"", ""sel_8th_pre_req_pre"": ""0"", ""sel_8th_pre_req"": ""528"", ""sel_8th_pre_bid"": ""+285000"", ""sel_7th_pre_req_pre"": ""0"", ""sel_7th_pre_req"": ""260"", ""sel_7th_pre_bid"": ""+284500"", ""sel_6th_pre_req_pre"": ""0"", ""sel_6th_pre_req"": ""445"", ""sel_6th_pre_bid"": ""+284000"", ""sel_5th_pre_req_pre"": ""0"", ""sel_5th_pre_req"": ""110"", ""sel_5th_pre_bid"": ""+283500"", ""sel_4th_pre_req_pre"": ""0"", ""sel_4th_pre_req"": ""247"", ""sel_4th_pre_bid"": ""+283000"", ""sel_3th_pre_req_pre"": ""0"", ""sel_3th_pre_req"": ""128"", ""sel_3th_pre_bid"": ""+282500"", ""sel_2th_pre_req_pre"": ""0"", ""sel_2th_pre_req"": ""450"", ""sel_2th_pre_bid"": ""+282000"", ""sel_1th_pre_req_pre"": ""--30"", ""sel_fpr_req"": ""190"", ""sel_fpr_bid"": ""+281500"", ""buy_fpr_bid"": ""+281000"", ""buy_fpr_req"": ""81"", ""buy_1th_pre_req_pre"": ""0"", ""buy_2th_pre_bid"": ""+280500"", ""buy_2th_pre_req"": ""178"", ""buy_2th_pre_req_pre"": ""0"", ""buy_3th_pre_bid"": ""+280000"", ""buy_3th_pre_req"": ""467"", ""buy_3th_pre_req_pre"": ""0"", ""buy_4th_pre_bid"": ""+279500"", ""buy_4th_pre_req"": ""37"", ""buy_4th_pre_req_pre"": ""0"", ""buy_5th_pre_bid"": ""+279000"", ""buy_5th_pre_req"": ""150"", ""buy_5th_pre_req_pre"": ""0"", ""buy_6th_pre_bid"": ""+278500"", ""buy_6th_pre_req"": ""445"", ""buy_6th_pre_req_pre"": ""0"", ""buy_7th_pre_bid"": ""+278000"", ""buy_7th_pre_req"": ""924"", ""buy_7th_pre_req_pre"": ""0"", ""buy_8th_pre_bid"": ""+277500"", ""buy_8th_pre_req"": ""417"", ""buy_8th_pre_req_pre"": ""0"", ""buy_9th_pre_bid"": ""+277000"", ""buy_9th_pre_req"": ""831"", ""buy_9th_pre_req_pre"": ""0"", ""buy_10th_pre_bid"": ""276500"", ""buy_10th_pre_req"": ""862"", ""buy_10th_pre_req_pre"": ""0"", ""tot_sel_req_jub_pre"": ""--30"", ""tot_sel_req"": ""3052"", ""tot_buy_req"": ""4392"", ""tot_buy_req_jub_pre"": ""0"", ""ovt_sel_req_pre"": ""0"", ""ovt_sel_req"": ""0"", ""ovt_buy_req"": ""0"", ""ovt_buy_req_pre"": ""0"", ""return_code"": 0, ""return_msg"": ""정상적으로 처리되었습니다""}"
2026-06-10,watchlist,003160,,0,filtered_candidate_recheck,28050,,28050,28000,28050,27950,-0.53475935828877,0.17825311942959002,,,,,,"{""bid_req_base_tm"": ""113023"", ""sel_10th_pre_req_pre"": ""0"", ""sel_10th_pre_req"": ""44"", ""sel_10th_pre_bid"": ""+28550"", ""sel_9th_pre_req_pre"": ""0"", ""sel_9th_pre_req"": ""21"", ""sel_9th_pre_bid"": ""+28500"", ""sel_8th_pre_req_pre"": ""0"", ""sel_8th_pre_req"": ""2070"", ""sel_8th_pre_bid"": ""+28400"", ""sel_7th_pre_req_pre"": ""0"", ""sel_7th_pre_req"": ""211"", ""sel_7th_pre_bid"": ""+28350"", ""sel_6th_pre_req_pre"": ""0"", ""sel_6th_pre_req"": ""203"", ""sel_6th_pre_bid"": ""+28300"", ""sel_5th_pre_req_pre"": ""0"", ""sel_5th_pre_req"": ""101"", ""sel_5th_pre_bid"": ""+28250"", ""sel_4th_pre_req_pre"": ""0"", ""sel_4th_pre_req"": ""111"", ""sel_4th_pre_bid"": ""+28200"", ""sel_3th_pre_req_pre"": ""0"", ""sel_3th_pre_req"": ""103"", ""sel_3th_pre_bid"": ""+28150"", ""sel_2th_pre_req_pre"": ""0"", ""sel_2th_pre_req"": ""85"", ""sel_2th_pre_bid"": ""+28100"", ""sel_1th_pre_req_pre"": ""0"", ""sel_fpr_req"": ""86"", ""sel_fpr_bid"": ""28050"", ""buy_fpr_bid"": ""-28000"", ""buy_fpr_req"": ""1"", ""buy_1th_pre_req_pre"": ""0"", ""buy_2th_pre_bid"": ""-27950"", ""buy_2th_pre_req"": ""326"", ""buy_2th_pre_req_pre"": ""0"", ""buy_3th_pre_bid"": ""-27900"", ""buy_3th_pre_req"": ""2"", ""buy_3th_pre_req_pre"": ""0"", ""buy_4th_pre_bid"": ""-27850"", ""buy_4th_pre_req"": ""3"", ""buy_4th_pre_req_pre"": ""0"", ""buy_5th_pre_bid"": ""-27800"", ""buy_5th_pre_req"": ""325"", ""buy_5th_pre_req_pre"": ""0"", ""buy_6th_pre_bid"": ""-27750"", ""buy_6th_pre_req"": ""10"", ""buy_6th_pre_req_pre"": ""0"", ""buy_7th_pre_bid"": ""-27700"", ""buy_7th_pre_req"": ""152"", ""buy_7th_pre_req_pre"": ""0"", ""buy_8th_pre_bid"": ""-27650"", ""buy_8th_pre_req"": ""326"", ""buy_8th_pre_req_pre"": ""0"", ""buy_9th_pre_bid"": ""-27600"", ""buy_9th_pre_req"": ""609"", ""buy_9th_pre_req_pre"": ""0"", ""buy_10th_pre_bid"": ""-27550"", ""buy_10th_pre_req"": ""300"", ""buy_10th_pre_req_pre"": ""0"", ""tot_sel_req_jub_pre"": ""0"", ""tot_sel_req"": ""3035"", ""tot_buy_req"": ""2054"", ""tot_buy_req_jub_pre"": ""0"", ""ovt_sel_req_pre"": ""0"", ""ovt_sel_req"": ""0"", ""ovt_buy_req"": ""0"", ""ovt_buy_req_pre"": ""0"", ""return_code"": 0, ""return_msg"": ""정상적으로 처리되었습니다""}"
2026-06-10,watchlist,005940,,1,filtered_candidate_recheck,30800,,30800,30700,30800,30950,0.3246753246753247,0.3246753246753247,,,,,,"{""bid_req_base_tm"": ""113024"", ""sel_10th_pre_req_pre"": ""0"", ""sel_10th_pre_req"": ""458"", ""sel_10th_pre_bid"": ""31250"", ""sel_9th_pre_req_pre"": ""0"", ""sel_9th_pre_req"": ""411"", ""sel_9th_pre_bid"": ""-31200"", ""sel_8th_pre_req_pre"": ""0"", ""sel_8th_pre_req"": ""5"", ""sel_8th_pre_bid"": ""-31150"", ""sel_7th_pre_req_pre"": ""0"", ""sel_7th_pre_req"": ""50"", ""sel_7th_pre_bid"": ""-31100"", ""sel_6th_pre_req_pre"": ""0"", ""sel_6th_pre_req"": ""110"", ""sel_6th_pre_bid"": ""-31050"", ""sel_5th_pre_req_pre"": ""0"", ""sel_5th_pre_req"": ""281"", ""sel_5th_pre_bid"": ""-31000"", ""sel_4th_pre_req_pre"": ""0"", ""sel_4th_pre_req"": ""212"", ""sel_4th_pre_bid"": ""-30950"", ""sel_3th_pre_req_pre"": ""0"", ""sel_3th_pre_req"": ""414"", ""sel_3th_pre_bid"": ""-30900"", ""sel_2th_pre_req_pre"": ""0"", ""sel_2th_pre_req"": ""55"", ""sel_2th_pre_bid"": ""-30850"", ""sel_1th_pre_req_pre"": ""0"", ""sel_fpr_req"": ""219"", ""sel_fpr_bid"": ""-30800"", ""buy_fpr_bid"": ""-30700"", ""buy_fpr_req"": ""2157"", ""buy_1th_pre_req_pre"": ""0"", ""buy_2th_pre_bid"": ""-30650"", ""buy_2th_pre_req"": ""4667"", ""buy_2th_pre_req_pre"": ""0"", ""buy_3th_pre_bid"": ""-30600"", ""buy_3th_pre_req"": ""446"", ""buy_3th_pre_req_pre"": ""0"", ""buy_4th_pre_bid"": ""-30550"", ""buy_4th_pre_req"": ""373"", ""buy_4th_pre_req_pre"": ""0"", ""buy_5th_pre_bid"": ""-30500"", ""buy_5th_pre_req"": ""1205"", ""buy_5th_pre_req_pre"": ""0"", ""buy_6th_pre_bid"": ""-30450"", ""buy_6th_pre_req"": ""1569"", ""buy_6th_pre_req_pre"": ""0"", ""buy_7th_pre_bid"": ""-30400"", ""buy_7th_pre_req"": ""791"", ""buy_7th_pre_req_pre"": ""0"", ""buy_8th_pre_bid"": ""-30350"", ""buy_8th_pre_req"": ""546"", ""buy_8th_pre_req_pre"": ""0"", ""buy_9th_pre_bid"": ""-30300"", ""buy_9th_pre_req"": ""3025"", ""buy_9th_pre_req_pre"": ""0"", ""buy_10th_pre_bid"": ""-30250"", ""buy_10th_pre_req"": ""231"", ""buy_10th_pre_req_pre"": ""0"", ""tot_sel_req_jub_pre"": ""0"", ""tot_sel_req"": ""2215"", ""tot_buy_req"": ""15010"", ""tot_buy_req_jub_pre"": ""+156"", ""ovt_sel_req_pre"": ""0"", ""ovt_sel_req"": ""0"", ""ovt_buy_req"": ""0"", ""ovt_buy_req_pre"": ""0"", ""return_code"": 0, ""return_msg"": ""정상적으로 처리되었습니다""}"
2026-06-10,watchlist,120110,,0,filtered_candidate_recheck,70300,,70300,70200,70300,70600,0.2844950213371266,0.1422475106685633,,,,,,"{""bid_req_base_tm"": ""113024"", ""sel_10th_pre_req_pre"": ""0"", ""sel_10th_pre_req"": ""4"", ""sel_10th_pre_bid"": ""+71200"", ""sel_9th_pre_req_pre"": ""0"", ""sel_9th_pre_req"": ""12"", ""sel_9th_pre_bid"": ""+71100"", ""sel_8th_pre_req_pre"": ""0"", ""sel_8th_pre_req"": ""16"", ""sel_8th_pre_bid"": ""+71000"", ""sel_7th_pre_req_pre"": ""0"", ""sel_7th_pre_req"": ""2"", ""sel_7th_pre_bid"": ""+70900"", ""sel_6th_pre_req_pre"": ""0"", ""sel_6th_pre_req"": ""1"", ""sel_6th_pre_bid"": ""+70800"", ""sel_5th_pre_req_pre"": ""0"", ""sel_5th_pre_req"": ""20"", ""sel_5th_pre_bid"": ""+70700"", ""sel_4th_pre_req_pre"": ""0"", ""sel_4th_pre_req"": ""40"", ""sel_4th_pre_bid"": ""+70600"", ""sel_3th_pre_req_pre"": ""0"", ""sel_3th_pre_req"": ""102"", ""sel_3th_pre_bid"": ""+70500"", ""sel_2th_pre_req_pre"": ""0"", ""sel_2th_pre_req"": ""73"", ""sel_2th_pre_bid"": ""+70400"", ""sel_1th_pre_req_pre"": ""--29"", ""sel_fpr_req"": ""31"", ""sel_fpr_bid"": ""+70300"", ""buy_fpr_bid"": ""+70200"", ""buy_fpr_req"": ""219"", ""buy_1th_pre_req_pre"": ""0"", ""buy_2th_pre_bid"": ""+70000"", ""buy_2th_pre_req"": ""176"", ""buy_2th_pre_req_pre"": ""0"", ""buy_3th_pre_bid"": ""+69900"", ""buy_3th_pre_req"": ""57"", ""buy_3th_pre_req_pre"": ""0"", ""buy_4th_pre_bid"": ""+69700"", ""buy_4th_pre_req"": ""100"", ""buy_4th_pre_req_pre"": ""0"", ""buy_5th_pre_bid"": ""+69600"", ""buy_5th_pre_req"": ""41"", ""buy_5th_pre_req_pre"": ""0"", ""buy_6th_pre_bid"": ""+69500"", ""buy_6th_pre_req"": ""33"", ""buy_6th_pre_req_pre"": ""0"", ""buy_7th_pre_bid"": ""+69400"", ""buy_7th_pre_req"": ""103"", ""buy_7th_pre_req_pre"": ""0"", ""buy_8th_pre_bid"": ""+69300"", ""buy_8th_pre_req"": ""33"", ""buy_8th_pre_req_pre"": ""0"", ""buy_9th_pre_bid"": ""+69200"", ""buy_9th_pre_req"": ""430"", ""buy_9th_pre_req_pre"": ""0"", ""buy_10th_pre_bid"": ""+69100"", ""buy_10th_pre_req"": ""91"", ""buy_10th_pre_req_pre"": ""0"", ""tot_sel_req_jub_pre"": ""--29"", ""tot_sel_req"": ""301"", ""tot_buy_req"": ""1283"", ""tot_buy_req_jub_pre"": ""0"", ""ovt_sel_req_pre"": ""0"", ""ovt_sel_req"": ""0"", ""ovt_buy_req"": ""0"", ""ovt_buy_req_pre"": ""0"", ""return_code"": 0, ""return_msg"": ""정상적으로 처리되었습니다""}"
2026-06-10,watchlist,375500,,0,filtered_candidate_recheck,71000,,71000,70900,71000,70700,-0.5633802816901409,0.14084507042253522,,,,,,"{""bid_req_base_tm"": ""113025"", ""sel_10th_pre_req_pre"": ""0"", ""sel_10th_pre_req"": ""203"", ""sel_10th_pre_bid"": ""+71900"", ""sel_9th_pre_req_pre"": ""0"", ""sel_9th_pre_req"": ""202"", ""sel_9th_pre_bid"": ""+71800"", ""sel_8th_pre_req_pre"": ""0"", ""sel_8th_pre_req"": ""225"", ""sel_8th_pre_bid"": ""+71700"", ""sel_7th_pre_req_pre"": ""0"", ""sel_7th_pre_req"": ""281"", ""sel_7th_pre_bid"": ""+71600"", ""sel_6th_pre_req_pre"": ""0"", ""sel_6th_pre_req"": ""755"", ""sel_6th_pre_bid"": ""+71500"", ""sel_5th_pre_req_pre"": ""0"", ""sel_5th_pre_req"": ""562"", ""sel_5th_pre_bid"": ""+71400"", ""sel_4th_pre_req_pre"": ""0"", ""sel_4th_pre_req"": ""90"", ""sel_4th_pre_bid"": ""+71300"", ""sel_3th_pre_req_pre"": ""0"", ""sel_3th_pre_req"": ""97"", ""sel_3th_pre_bid"": ""+71200"", ""sel_2th_pre_req_pre"": ""0"", ""sel_2th_pre_req"": ""212"", ""sel_2th_pre_bid"": ""+71100"", ""sel_1th_pre_req_pre"": ""0"", ""sel_fpr_req"": ""80"", ""sel_fpr_bid"": ""+71000"", ""buy_fpr_bid"": ""+70900"", ""buy_fpr_req"": ""166"", ""buy_1th_pre_req_pre"": ""+14"", ""buy_2th_pre_bid"": ""+70700"", ""buy_2th_pre_req"": ""5"", ""buy_2th_pre_req_pre"": ""0"", ""buy_3th_pre_bid"": ""+70600"", ""buy_3th_pre_req"": ""127"", ""buy_3th_pre_req_pre"": ""0"", ""buy_4th_pre_bid"": ""+70500"", ""buy_4th_pre_req"": ""491"", ""buy_4th_pre_req_pre"": ""0"", ""buy_5th_pre_bid"": ""+70400"", ""buy_5th_pre_req"": ""190"", ""buy_5th_pre_req_pre"": ""0"", ""buy_6th_pre_bid"": ""+70300"", ""buy_6th_pre_req"": ""94"", ""buy_6th_pre_req_pre"": ""0"", ""buy_7th_pre_bid"": ""+70200"", ""buy_7th_pre_req"": ""92"", ""buy_7th_pre_req_pre"": ""0"", ""buy_8th_pre_bid"": ""+70100"", ""buy_8th_pre_req"": ""499"", ""buy_8th_pre_req_pre"": ""0"", ""buy_9th_pre_bid"": ""+70000"", ""buy_9th_pre_req"": ""130"", ""buy_9th_pre_req_pre"": ""0"", ""buy_10th_pre_bid"": ""+69900"", ""buy_10th_pre_req"": ""86"", ""buy_10th_pre_req_pre"": ""0"", ""tot_sel_req_jub_pre"": ""0"", ""tot_sel_req"": ""2707"", ""tot_buy_req"": ""1880"", ""tot_buy_req_jub_pre"": ""+14"", ""ovt_sel_req_pre"": ""0"", ""ovt_sel_req"": ""0"", ""ovt_buy_req"": ""0"", ""ovt_buy_req_pre"": ""0"", ""return_code"": 0, ""return_msg"": ""정상적으로 처리되었습니다""}"
2026-06-10,watchlist,483650,,0,filtered_candidate_recheck,205500,,205500,205000,205500,207000,0.48661800486618007,0.24330900243309003,,,,,,"{""bid_req_base_tm"": ""113026"", ""sel_10th_pre_req_pre"": ""0"", ""sel_10th_pre_req"": ""723"", ""sel_10th_pre_bid"": ""+210000"", ""sel_9th_pre_req_pre"": ""0"", ""sel_9th_pre_req"": ""758"", ""sel_9th_pre_bid"": ""+209500"", ""sel_8th_pre_req_pre"": ""0"", ""sel_8th_pre_req"": ""1467"", ""sel_8th_pre_bid"": ""+209000"", ""sel_7th_pre_req_pre"": ""0"", ""sel_7th_pre_req"": ""897"", ""sel_7th_pre_bid"": ""+208500"", ""sel_6th_pre_req_pre"": ""0"", ""sel_6th_pre_req"": ""563"", ""sel_6th_pre_bid"": ""+208000"", ""sel_5th_pre_req_pre"": ""0"", ""sel_5th_pre_req"": ""100"", ""sel_5th_pre_bid"": ""+207500"", ""sel_4th_pre_req_pre"": ""0"", ""sel_4th_pre_req"": ""152"", ""sel_4th_pre_bid"": ""+207000"", ""sel_3th_pre_req_pre"": ""0"", ""sel_3th_pre_req"": ""245"", ""sel_3th_pre_bid"": ""+206500"", ""sel_2th_pre_req_pre"": ""0"", ""sel_2th_pre_req"": ""99"", ""sel_2th_pre_bid"": ""+206000"", ""sel_1th_pre_req_pre"": ""0"", ""sel_fpr_req"": ""175"", ""sel_fpr_bid"": ""+205500"", ""buy_fpr_bid"": ""+205000"", ""buy_fpr_req"": ""370"", ""buy_1th_pre_req_pre"": ""0"", ""buy_2th_pre_bid"": ""+204500"", ""buy_2th_pre_req"": ""200"", ""buy_2th_pre_req_pre"": ""+61"", ""buy_3th_pre_bid"": ""+204000"", ""buy_3th_pre_req"": ""5177"", ""buy_3th_pre_req_pre"": ""0"", ""buy_4th_pre_bid"": ""+203500"", ""buy_4th_pre_req"": ""30"", ""buy_4th_pre_req_pre"": ""0"", ""buy_5th_pre_bid"": ""+203000"", ""buy_5th_pre_req"": ""50"", ""buy_5th_pre_req_pre"": ""0"", ""buy_6th_pre_bid"": ""+202500"", ""buy_6th_pre_req"": ""44"", ""buy_6th_pre_req_pre"": ""0"", ""buy_7th_pre_bid"": ""+202000"", ""buy_7th_pre_req"": ""48"", ""buy_7th_pre_req_pre"": ""0"", ""buy_8th_pre_bid"": ""+201500"", ""buy_8th_pre_req"": ""126"", ""buy_8th_pre_req_pre"": ""0"", ""buy_9th_pre_bid"": ""+201000"", ""buy_9th_pre_req"": ""323"", ""buy_9th_pre_req_pre"": ""0"", ""buy_10th_pre_bid"": ""+200500"", ""buy_10th_pre_req"": ""101"", ""buy_10th_pre_req_pre"": ""0"", ""tot_sel_req_jub_pre"": ""0"", ""tot_sel_req"": ""5179"", ""tot_buy_req"": ""6469"", ""tot_buy_req_jub_pre"": ""+61"", ""ovt_sel_req_pre"": ""0"", ""ovt_sel_req"": ""0"", ""ovt_buy_req"": ""0"", ""ovt_buy_req_pre"": ""0"", ""return_code"": 0, ""return_msg"": ""정상적으로 처리되었습니다""}"
2026-06-10,scan_candidate,005930,,0,main_scan,304500,,304500,304000,304500,305500,0.16420361247947454,0.16420361247947454,,,,,,"{""bid_req_base_tm"": ""113229"", ""sel_10th_pre_req_pre"": ""0"", ""sel_10th_pre_req"": ""15241"", ""sel_10th_pre_bid"": ""-309000"", ""sel_9th_pre_req_pre"": ""0"", ""sel_9th_pre_req"": ""25386"", ""sel_9th_pre_bid"": ""-308500"", ""sel_8th_pre_req_pre"": ""0"", ""sel_8th_pre_req"": ""27400"", ""sel_8th_pre_bid"": ""-308000"", ""sel_7th_pre_req_pre"": ""0"", ""sel_7th_pre_req"": ""19839"", ""sel_7th_pre_bid"": ""-307500"", ""sel_6th_pre_req_pre"": ""0"", ""sel_6th_pre_req"": ""10570"", ""sel_6th_pre_bid"": ""-307000"", ""sel_5th_pre_req_pre"": ""0"", ""sel_5th_pre_req"": ""13993"", ""sel_5th_pre_bid"": ""-306500"", ""sel_4th_pre_req_pre"": ""0"", ""sel_4th_pre_req"": ""18438"", ""sel_4th_pre_bid"": ""-306000"", ""sel_3th_pre_req_pre"": ""0"", ""sel_3th_pre_req"": ""12566"", ""sel_3th_pre_bid"": ""-305500"", ""sel_2th_pre_req_pre"": ""--111"", ""sel_2th_pre_req"": ""17219"", ""sel_2th_pre_bid"": ""-305000"", ""sel_1th_pre_req_pre"": ""+347"", ""sel_fpr_req"": ""15711"", ""sel_fpr_bid"": ""-304500"", ""buy_fpr_bid"": ""-304000"", ""buy_fpr_req"": ""9724"", ""buy_1th_pre_req_pre"": ""+311"", ""buy_2th_pre_bid"": ""-303500"", ""buy_2th_pre_req"": ""34683"", ""buy_2th_pre_req_pre"": ""+64"", ""buy_3th_pre_bid"": ""-303000"", ""buy_3th_pre_req"": ""108979"", ""buy_3th_pre_req_pre"": ""0"", ""buy_4th_pre_bid"": ""-302500"", ""buy_4th_pre_req"": ""44799"", ""buy_4th_pre_req_pre"": ""0"", ""buy_5th_pre_bid"": ""-302000"", ""buy_5th_pre_req"": ""64722"", ""buy_5th_pre_req_pre"": ""0"", ""buy_6th_pre_bid"": ""-301500"", ""buy_6th_pre_req"": ""50841"", ""buy_6th_pre_req_pre"": ""0"", ""buy_7th_pre_bid"": ""-301000"", ""buy_7th_pre_req"": ""94046"", ""buy_7th_pre_req_pre"": ""0"", ""buy_8th_pre_bid"": ""-300500"", ""buy_8th_pre_req"": ""131852"", ""buy_8th_pre_req_pre"": ""0"", ""buy_9th_pre_bid"": ""-300000"", ""buy_9th_pre_req"": ""325103"", ""buy_9th_pre_req_pre"": ""0"", ""buy_10th_pre_bid"": ""-299500"", ""buy_10th_pre_req"": ""37966"", ""buy_10th_pre_req_pre"": ""0"", ""tot_sel_req_jub_pre"": ""+236"", ""tot_sel_req"": ""176363"", ""tot_buy_req"": ""902715"", ""tot_buy_req_jub_pre"": ""+375"", ""ovt_sel_req_pre"": ""0"", ""ovt_sel_req"": ""0"", ""ovt_buy_req"": ""0"", ""ovt_buy_req_pre"": ""0"", ""return_code"": 0, ""return_msg"": ""정상적으로 처리되었습니다""}"
2026-06-10,scan_candidate,000660,,0,main_scan,2087000,,2087000,2086000,2087000,2090000,0.09583133684714902,0.04791566842357451,,,,,,"{""bid_req_base_tm"": ""113229"", ""sel_10th_pre_req_pre"": ""0"", ""sel_10th_pre_req"": ""430"", ""sel_10th_pre_bid"": ""-2096000"", ""sel_9th_pre_req_pre"": ""0"", ""sel_9th_pre_req"": ""302"", ""sel_9th_pre_bid"": ""-2095000"", ""sel_8th_pre_req_pre"": ""0"", ""sel_8th_pre_req"": ""103"", ""sel_8th_pre_bid"": ""-2094000"", ""sel_7th_pre_req_pre"": ""0"", ""sel_7th_pre_req"": ""259"", ""sel_7th_pre_bid"": ""-2093000"", ""sel_6th_pre_req_pre"": ""0"", ""sel_6th_pre_req"": ""63"", ""sel_6th_pre_bid"": ""-2092000"", ""sel_5th_pre_req_pre"": ""0"", ""sel_5th_pre_req"": ""73"", ""sel_5th_pre_bid"": ""-2091000"", ""sel_4th_pre_req_pre"": ""0"", ""sel_4th_pre_req"": ""207"", ""sel_4th_pre_bid"": ""-2090000"", ""sel_3th_pre_req_pre"": ""0"", ""sel_3th_pre_req"": ""85"", ""sel_3th_pre_bid"": ""-2089000"", ""sel_2th_pre_req_pre"": ""0"", ""sel_2th_pre_req"": ""318"", ""sel_2th_pre_bid"": ""-2088000"", ""sel_1th_pre_req_pre"": ""--2"", ""sel_fpr_req"": ""271"", ""sel_fpr_bid"": ""-2087000"", ""buy_fpr_bid"": ""-2086000"", ""buy_fpr_req"": ""285"", ""buy_1th_pre_req_pre"": ""0"", ""buy_2th_pre_bid"": ""-2085000"", ""buy_2th_pre_req"": ""2959"", ""buy_2th_pre_req_pre"": ""0"", ""buy_3th_pre_bid"": ""-2084000"", ""buy_3th_pre_req"": ""1429"", ""buy_3th_pre_req_pre"": ""0"", ""buy_4th_pre_bid"": ""-2083000"", ""buy_4th_pre_req"": ""415"", ""buy_4th_pre_req_pre"": ""0"", ""buy_5th_pre_bid"": ""-2082000"", ""buy_5th_pre_req"": ""165"", ""buy_5th_pre_req_pre"": ""0"", ""buy_6th_pre_bid"": ""-2081000"", ""buy_6th_pre_req"": ""108"", ""buy_6th_pre_req_pre"": ""0"", ""buy_7th_pre_bid"": ""-2080000"", ""buy_7th_pre_req"": ""577"", ""buy_7th_pre_req_pre"": ""0"", ""buy_8th_pre_bid"": ""-2079000"", ""buy_8th_pre_req"": ""180"", ""buy_8th_pre_req_pre"": ""0"", ""buy_9th_pre_bid"": ""-2078000"", ""buy_9th_pre_req"": ""121"", ""buy_9th_pre_req_pre"": ""0"", ""buy_10th_pre_bid"": ""-2077000"", ""buy_10th_pre_req"": ""244"", ""buy_10th_pre_req_pre"": ""0"", ""tot_sel_req_jub_pre"": ""--2"", ""tot_sel_req"": ""2111"", ""tot_buy_req"": ""6483"", ""tot_buy_req_jub_pre"": ""0"", ""ovt_sel_req_pre"": ""0"", ""ovt_sel_req"": ""0"", ""ovt_buy_req"": ""0"", ""ovt_buy_req_pre"": ""0"", ""return_code"": 0, ""return_msg"": ""정상적으로 처리되었습니다""}"
2026-06-10,scan_candidate,402340,,0,main_scan,1213000,,1213000,1212000,1213000,1208000,-0.49464138499587795,0.08244023083264633,,,,,,"{""bid_req_base_tm"": ""113230"", ""sel_10th_pre_req_pre"": ""0"", ""sel_10th_pre_req"": ""119"", ""sel_10th_pre_bid"": ""-1222000"", ""sel_9th_pre_req_pre"": ""0"", ""sel_9th_pre_req"": ""37"", ""sel_9th_pre_bid"": ""-1221000"", ""sel_8th_pre_req_pre"": ""0"", ""sel_8th_pre_req"": ""201"", ""sel_8th_pre_bid"": ""-1220000"", ""sel_7th_pre_req_pre"": ""0"", ""sel_7th_pre_req"": ""27"", ""sel_7th_pre_bid"": ""-1219000"", ""sel_6th_pre_req_pre"": ""0"", ""sel_6th_pre_req"": ""75"", ""sel_6th_pre_bid"": ""-1218000"", ""sel_5th_pre_req_pre"": ""0"", ""sel_5th_pre_req"": ""62"", ""sel_5th_pre_bid"": ""-1217000"", ""sel_4th_pre_req_pre"": ""0"", ""sel_4th_pre_req"": ""2"", ""sel_4th_pre_bid"": ""-1216000"", ""sel_3th_pre_req_pre"": ""0"", ""sel_3th_pre_req"": ""433"", ""sel_3th_pre_bid"": ""-1215000"", ""sel_2th_pre_req_pre"": ""0"", ""sel_2th_pre_req"": ""459"", ""sel_2th_pre_bid"": ""-1214000"", ""sel_1th_pre_req_pre"": ""+1"", ""sel_fpr_req"": ""139"", ""sel_fpr_bid"": ""-1213000"", ""buy_fpr_bid"": ""-1212000"", ""buy_fpr_req"": ""117"", ""buy_1th_pre_req_pre"": ""--1"", ""buy_2th_pre_bid"": ""-1211000"", ""buy_2th_pre_req"": ""27"", ""buy_2th_pre_req_pre"": ""0"", ""buy_3th_pre_bid"": ""-1210000"", ""buy_3th_pre_req"": ""4"", ""buy_3th_pre_req_pre"": ""0"", ""buy_4th_pre_bid"": ""-1209000"", ""buy_4th_pre_req"": ""6"", ""buy_4th_pre_req_pre"": ""0"", ""buy_5th_pre_bid"": ""-1208000"", ""buy_5th_pre_req"": ""3"", ""buy_5th_pre_req_pre"": ""0"", ""buy_6th_pre_bid"": ""-1207000"", ""buy_6th_pre_req"": ""6"", ""buy_6th_pre_req_pre"": ""0"", ""buy_7th_pre_bid"": ""-1206000"", ""buy_7th_pre_req"": ""1"", ""buy_7th_pre_req_pre"": ""0"", ""buy_8th_pre_bid"": ""-1205000"", ""buy_8th_pre_req"": ""45"", ""buy_8th_pre_req_pre"": ""0"", ""buy_9th_pre_bid"": ""-1204000"", ""buy_9th_pre_req"": ""43"", ""buy_9th_pre_req_pre"": ""0"", ""buy_10th_pre_bid"": ""-1203000"", ""buy_10th_pre_req"": ""93"", ""buy_10th_pre_req_pre"": ""0"", ""tot_sel_req_jub_pre"": ""+1"", ""tot_sel_req"": ""1554"", ""tot_buy_req"": ""345"", ""tot_buy_req_jub_pre"": ""--1"", ""ovt_sel_req_pre"": ""0"", ""ovt_sel_req"": ""0"", ""ovt_buy_req"": ""0"", ""ovt_buy_req_pre"": ""0"", ""return_code"": 0, ""return_msg"": ""정상적으로 처리되었습니다""}"
2026-06-10,scan_candidate,009150,,0,main_scan,1879000,,1879000,1878000,1879000,1881000,0.05321979776476849,0.05321979776476849,,,,,,"{""bid_req_base_tm"": ""113230"", ""sel_10th_pre_req_pre"": ""0"", ""sel_10th_pre_req"": ""53"", ""sel_10th_pre_bid"": ""-1888000"", ""sel_9th_pre_req_pre"": ""0"", ""sel_9th_pre_req"": ""22"", ""sel_9th_pre_bid"": ""-1887000"", ""sel_8th_pre_req_pre"": ""0"", ""sel_8th_pre_req"": ""1"", ""sel_8th_pre_bid"": ""-1886000"", ""sel_7th_pre_req_pre"": ""0"", ""sel_7th_pre_req"": ""51"", ""sel_7th_pre_bid"": ""-1885000"", ""sel_6th_pre_req_pre"": ""0"", ""sel_6th_pre_req"": ""21"", ""sel_6th_pre_bid"": ""-1884000"", ""sel_5th_pre_req_pre"": ""0"", ""sel_5th_pre_req"": ""85"", ""sel_5th_pre_bid"": ""-1883000"", ""sel_4th_pre_req_pre"": ""0"", ""sel_4th_pre_req"": ""119"", ""sel_4th_pre_bid"": ""-1882000"", ""sel_3th_pre_req_pre"": ""0"", ""sel_3th_pre_req"": ""114"", ""sel_3th_pre_bid"": ""-1881000"", ""sel_2th_pre_req_pre"": ""0"", ""sel_2th_pre_req"": ""124"", ""sel_2th_pre_bid"": ""-1880000"", ""sel_1th_pre_req_pre"": ""+1"", ""sel_fpr_req"": ""16"", ""sel_fpr_bid"": ""-1879000"", ""buy_fpr_bid"": ""-1878000"", ""buy_fpr_req"": ""32"", ""buy_1th_pre_req_pre"": ""0"", ""buy_2th_pre_bid"": ""-1877000"", ""buy_2th_pre_req"": ""400"", ""buy_2th_pre_req_pre"": ""0"", ""buy_3th_pre_bid"": ""-1876000"", ""buy_3th_pre_req"": ""172"", ""buy_3th_pre_req_pre"": ""0"", ""buy_4th_pre_bid"": ""-1875000"", ""buy_4th_pre_req"": ""24"", ""buy_4th_pre_req_pre"": ""0"", ""buy_5th_pre_bid"": ""-1874000"", ""buy_5th_pre_req"": ""17"", ""buy_5th_pre_req_pre"": ""0"", ""buy_6th_pre_bid"": ""-1873000"", ""buy_6th_pre_req"": ""78"", ""buy_6th_pre_req_pre"": ""0"", ""buy_7th_pre_bid"": ""-1872000"", ""buy_7th_pre_req"": ""27"", ""buy_7th_pre_req_pre"": ""0"", ""buy_8th_pre_bid"": ""-1871000"", ""buy_8th_pre_req"": ""139"", ""buy_8th_pre_req_pre"": ""0"", ""buy_9th_pre_bid"": ""-1870000"", ""buy_9th_pre_req"": ""907"", ""buy_9th_pre_req_pre"": ""0"", ""buy_10th_pre_bid"": ""-1869000"", ""buy_10th_pre_req"": ""182"", ""buy_10th_pre_req_pre"": ""0"", ""tot_sel_req_jub_pre"": ""+1"", ""tot_sel_req"": ""606"", ""tot_buy_req"": ""1978"", ""tot_buy_req_jub_pre"": ""0"", ""ovt_sel_req_pre"": ""0"", ""ovt_sel_req"": ""0"", ""ovt_buy_req"": ""0"", ""ovt_buy_req_pre"": ""0"", ""return_code"": 0, ""return_msg"": ""정상적으로 처리되었습니다""}"
2026-06-10,scan_candidate,032830,,0,main_scan,371000,,371000,370500,371000,371000,-0.13477088948787064,0.13477088948787064,,,,,,"{""bid_req_base_tm"": ""113230"", ""sel_10th_pre_req_pre"": ""0"", ""sel_10th_pre_req"": ""2"", ""sel_10th_pre_bid"": ""-375500"", ""sel_9th_pre_req_pre"": ""0"", ""sel_9th_pre_req"": ""172"", ""sel_9th_pre_bid"": ""-375000"", ""sel_8th_pre_req_pre"": ""0"", ""sel_8th_pre_req"": ""108"", ""sel_8th_pre_bid"": ""-374500"", ""sel_7th_pre_req_pre"": ""0"", ""sel_7th_pre_req"": ""189"", ""sel_7th_pre_bid"": ""-374000"", ""sel_6th_pre_req_pre"": ""0"", ""sel_6th_pre_req"": ""26"", ""sel_6th_pre_bid"": ""-373500"", ""sel_5th_pre_req_pre"": ""0"", ""sel_5th_pre_req"": ""119"", ""sel_5th_pre_bid"": ""-373000"", ""sel_4th_pre_req_pre"": ""0"", ""sel_4th_pre_req"": ""68"", ""sel_4th_pre_bid"": ""-372500"", ""sel_3th_pre_req_pre"": ""0"", ""sel_3th_pre_req"": ""262"", ""sel_3th_pre_bid"": ""-372000"", ""sel_2th_pre_req_pre"": ""0"", ""sel_2th_pre_req"": ""403"", ""sel_2th_pre_bid"": ""-371500"", ""sel_1th_pre_req_pre"": ""+3"", ""sel_fpr_req"": ""183"", ""sel_fpr_bid"": ""-371000"", ""buy_fpr_bid"": ""-370500"", ""buy_fpr_req"": ""89"", ""buy_1th_pre_req_pre"": ""0"", ""buy_2th_pre_bid"": ""-370000"", ""buy_2th_pre_req"": ""66"", ""buy_2th_pre_req_pre"": ""0"", ""buy_3th_pre_bid"": ""-369500"", ""buy_3th_pre_req"": ""23"", ""buy_3th_pre_req_pre"": ""0"", ""buy_4th_pre_bid"": ""-369000"", ""buy_4th_pre_req"": ""129"", ""buy_4th_pre_req_pre"": ""0"", ""buy_5th_pre_bid"": ""-368500"", ""buy_5th_pre_req"": ""154"", ""buy_5th_pre_req_pre"": ""0"", ""buy_6th_pre_bid"": ""-368000"", ""buy_6th_pre_req"": ""413"", ""buy_6th_pre_req_pre"": ""0"", ""buy_7th_pre_bid"": ""-367500"", ""buy_7th_pre_req"": ""304"", ""buy_7th_pre_req_pre"": ""0"", ""buy_8th_pre_bid"": ""-367000"", ""buy_8th_pre_req"": ""308"", ""buy_8th_pre_req_pre"": ""0"", ""buy_9th_pre_bid"": ""-366500"", ""buy_9th_pre_req"": ""131"", ""buy_9th_pre_req_pre"": ""0"", ""buy_10th_pre_bid"": ""-366000"", ""buy_10th_pre_req"": ""591"", ""buy_10th_pre_req_pre"": ""0"", ""tot_sel_req_jub_pre"": ""+3"", ""tot_sel_req"": ""1532"", ""tot_buy_req"": ""2208"", ""tot_buy_req_jub_pre"": ""0"", ""ovt_sel_req_pre"": ""0"", ""ovt_sel_req"": ""0"", ""ovt_buy_req"": ""0"", ""ovt_buy_req_pre"": ""0"", ""return_code"": 0, ""return_msg"": ""정상적으로 처리되었습니다""}"
2026-06-10,scan_candidate,012330,,0,main_scan,573000,,573000,572000,573000,575000,0.17452006980802792,0.17452006980802792,,,,,,"{""bid_req_base_tm"": ""113230"", ""sel_10th_pre_req_pre"": ""0"", ""sel_10th_pre_req"": ""172"", ""sel_10th_pre_bid"": ""-582000"", ""sel_9th_pre_req_pre"": ""0"", ""sel_9th_pre_req"": ""140"", ""sel_9th_pre_bid"": ""-581000"", ""sel_8th_pre_req_pre"": ""0"", ""sel_8th_pre_req"": ""760"", ""sel_8th_pre_bid"": ""-580000"", ""sel_7th_pre_req_pre"": ""0"", ""sel_7th_pre_req"": ""214"", ""sel_7th_pre_bid"": ""-579000"", ""sel_6th_pre_req_pre"": ""0"", ""sel_6th_pre_req"": ""28"", ""sel_6th_pre_bid"": ""-578000"", ""sel_5th_pre_req_pre"": ""0"", ""sel_5th_pre_req"": ""237"", ""sel_5th_pre_bid"": ""-577000"", ""sel_4th_pre_req_pre"": ""0"", ""sel_4th_pre_req"": ""26"", ""sel_4th_pre_bid"": ""-576000"", ""sel_3th_pre_req_pre"": ""0"", ""sel_3th_pre_req"": ""71"", ""sel_3th_pre_bid"": ""-575000"", ""sel_2th_pre_req_pre"": ""0"", ""sel_2th_pre_req"": ""39"", ""sel_2th_pre_bid"": ""-574000"", ""sel_1th_pre_req_pre"": ""--2"", ""sel_fpr_req"": ""479"", ""sel_fpr_bid"": ""-573000"", ""buy_fpr_bid"": ""-572000"", ""buy_fpr_req"": ""50"", ""buy_1th_pre_req_pre"": ""--1"", ""buy_2th_pre_bid"": ""-571000"", ""buy_2th_pre_req"": ""107"", ""buy_2th_pre_req_pre"": ""+5"", ""buy_3th_pre_bid"": ""-570000"", ""buy_3th_pre_req"": ""768"", ""buy_3th_pre_req_pre"": ""--15"", ""buy_4th_pre_bid"": ""-569000"", ""buy_4th_pre_req"": ""3039"", ""buy_4th_pre_req_pre"": ""0"", ""buy_5th_pre_bid"": ""-568000"", ""buy_5th_pre_req"": ""1267"", ""buy_5th_pre_req_pre"": ""0"", ""buy_6th_pre_bid"": ""-567000"", ""buy_6th_pre_req"": ""924"", ""buy_6th_pre_req_pre"": ""0"", ""buy_7th_pre_bid"": ""-566000"", ""buy_7th_pre_req"": ""1560"", ""buy_7th_pre_req_pre"": ""0"", ""buy_8th_pre_bid"": ""-565000"", ""buy_8th_pre_req"": ""2085"", ""buy_8th_pre_req_pre"": ""0"", ""buy_9th_pre_bid"": ""-564000"", ""buy_9th_pre_req"": ""754"", ""buy_9th_pre_req_pre"": ""0"", ""buy_10th_pre_bid"": ""-563000"", ""buy_10th_pre_req"": ""2176"", ""buy_10th_pre_req_pre"": ""0"", ""tot_sel_req_jub_pre"": ""--2"", ""tot_sel_req"": ""2166"", ""tot_buy_req"": ""12730"", ""tot_buy_req_jub_pre"": ""--11"", ""ovt_sel_req_pre"": ""0"", ""ovt_sel_req"": ""0"", ""ovt_buy_req"": ""0"", ""ovt_buy_req_pre"": ""0"", ""return_code"": 0, ""return_msg"": ""정상적으로 처리되었습니다""}"
2026-06-10,scan_candidate,055550,,0,main_scan,98400,,98400,98300,98400,97900,-0.6097560975609756,0.10162601626016261,,,,,,"{""bid_req_base_tm"": ""113229"", ""sel_10th_pre_req_pre"": ""0"", ""sel_10th_pre_req"": ""11"", ""sel_10th_pre_bid"": ""-99400"", ""sel_9th_pre_req_pre"": ""0"", ""sel_9th_pre_req"": ""279"", ""sel_9th_pre_bid"": ""-99300"", ""sel_8th_pre_req_pre"": ""0"", ""sel_8th_pre_req"": ""269"", ""sel_8th_pre_bid"": ""-99200"", ""sel_7th_pre_req_pre"": ""0"", ""sel_7th_pre_req"": ""5"", ""sel_7th_pre_bid"": ""-99100"", ""sel_6th_pre_req_pre"": ""0"", ""sel_6th_pre_req"": ""76"", ""sel_6th_pre_bid"": ""-98900"", ""sel_5th_pre_req_pre"": ""0"", ""sel_5th_pre_req"": ""30"", ""sel_5th_pre_bid"": ""-98800"", ""sel_4th_pre_req_pre"": ""0"", ""sel_4th_pre_req"": ""73"", ""sel_4th_pre_bid"": ""-98700"", ""sel_3th_pre_req_pre"": ""0"", ""sel_3th_pre_req"": ""908"", ""sel_3th_pre_bid"": ""-98600"", ""sel_2th_pre_req_pre"": ""0"", ""sel_2th_pre_req"": ""6735"", ""sel_2th_pre_bid"": ""-98500"", ""sel_1th_pre_req_pre"": ""0"", ""sel_fpr_req"": ""3776"", ""sel_fpr_bid"": ""-98400"", ""buy_fpr_bid"": ""-98300"", ""buy_fpr_req"": ""1423"", ""buy_1th_pre_req_pre"": ""+1"", ""buy_2th_pre_bid"": ""-98200"", ""buy_2th_pre_req"": ""1909"", ""buy_2th_pre_req_pre"": ""0"", ""buy_3th_pre_bid"": ""-98100"", ""buy_3th_pre_req"": ""914"", ""buy_3th_pre_req_pre"": ""0"", ""buy_4th_pre_bid"": ""-98000"", ""buy_4th_pre_req"": ""1980"", ""buy_4th_pre_req_pre"": ""0"", ""buy_5th_pre_bid"": ""-97900"", ""buy_5th_pre_req"": ""285"", ""buy_5th_pre_req_pre"": ""0"", ""buy_6th_pre_bid"": ""-97800"", ""buy_6th_pre_req"": ""216"", ""buy_6th_pre_req_pre"": ""0"", ""buy_7th_pre_bid"": ""-97700"", ""buy_7th_pre_req"": ""299"", ""buy_7th_pre_req_pre"": ""0"", ""buy_8th_pre_bid"": ""-97600"", ""buy_8th_pre_req"": ""221"", ""buy_8th_pre_req_pre"": ""0"", ""buy_9th_pre_bid"": ""-97500"", ""buy_9th_pre_req"": ""811"", ""buy_9th_pre_req_pre"": ""0"", ""buy_10th_pre_bid"": ""-97400"", ""buy_10th_pre_req"": ""114"", ""buy_10th_pre_req_pre"": ""0"", ""tot_sel_req_jub_pre"": ""0"", ""tot_sel_req"": ""12162"", ""tot_buy_req"": ""8172"", ""tot_buy_req_jub_pre"": ""+1"", ""ovt_sel_req_pre"": ""0"", ""ovt_sel_req"": ""0"", ""ovt_buy_req"": ""0"", ""ovt_buy_req_pre"": ""0"", ""return_code"": 0, ""return_msg"": ""정상적으로 처리되었습니다""}"
2026-06-10,scan_candidate,034730,,0,main_scan,577000,,577000,576000,577000,576000,-0.34662045060658575,0.17331022530329288,,,,,,"{""bid_req_base_tm"": ""113231"", ""sel_10th_pre_req_pre"": ""0"", ""sel_10th_pre_req"": ""2"", ""sel_10th_pre_bid"": ""-586000"", ""sel_9th_pre_req_pre"": ""0"", ""sel_9th_pre_req"": ""102"", ""sel_9th_pre_bid"": ""-585000"", ""sel_8th_pre_req_pre"": ""0"", ""sel_8th_pre_req"": ""14"", ""sel_8th_pre_bid"": ""-584000"", ""sel_7th_pre_req_pre"": ""0"", ""sel_7th_pre_req"": ""104"", ""sel_7th_pre_bid"": ""-583000"", ""sel_6th_pre_req_pre"": ""0"", ""sel_6th_pre_req"": ""23"", ""sel_6th_pre_bid"": ""-582000"", ""sel_5th_pre_req_pre"": ""0"", ""sel_5th_pre_req"": ""17"", ""sel_5th_pre_bid"": ""-581000"", ""sel_4th_pre_req_pre"": ""0"", ""sel_4th_pre_req"": ""61"", ""sel_4th_pre_bid"": ""-580000"", ""sel_3th_pre_req_pre"": ""0"", ""sel_3th_pre_req"": ""46"", ""sel_3th_pre_bid"": ""-579000"", ""sel_2th_pre_req_pre"": ""0"", ""sel_2th_pre_req"": ""50"", ""sel_2th_pre_bid"": ""-578000"", ""sel_1th_pre_req_pre"": ""0"", ""sel_fpr_req"": ""452"", ""sel_fpr_bid"": ""-577000"", ""buy_fpr_bid"": ""-576000"", ""buy_fpr_req"": ""102"", ""buy_1th_pre_req_pre"": ""+6"", ""buy_2th_pre_bid"": ""-575000"", ""buy_2th_pre_req"": ""23"", ""buy_2th_pre_req_pre"": ""0"", ""buy_3th_pre_bid"": ""-574000"", ""buy_3th_pre_req"": ""44"", ""buy_3th_pre_req_pre"": ""0"", ""buy_4th_pre_bid"": ""-573000"", ""buy_4th_pre_req"": ""23"", ""buy_4th_pre_req_pre"": ""0"", ""buy_5th_pre_bid"": ""-572000"", ""buy_5th_pre_req"": ""35"", ""buy_5th_pre_req_pre"": ""0"", ""buy_6th_pre_bid"": ""-571000"", ""buy_6th_pre_req"": ""37"", ""buy_6th_pre_req_pre"": ""0"", ""buy_7th_pre_bid"": ""-570000"", ""buy_7th_pre_req"": ""75"", ""buy_7th_pre_req_pre"": ""0"", ""buy_8th_pre_bid"": ""-569000"", ""buy_8th_pre_req"": ""88"", ""buy_8th_pre_req_pre"": ""0"", ""buy_9th_pre_bid"": ""-568000"", ""buy_9th_pre_req"": ""87"", ""buy_9th_pre_req_pre"": ""0"", ""buy_10th_pre_bid"": ""-567000"", ""buy_10th_pre_req"": ""298"", ""buy_10th_pre_req_pre"": ""0"", ""tot_sel_req_jub_pre"": ""0"", ""tot_sel_req"": ""871"", ""tot_buy_req"": ""812"", ""tot_buy_req_jub_pre"": ""+6"", ""ovt_sel_req_pre"": ""0"", ""ovt_sel_req"": ""0"", ""ovt_buy_req"": ""0"", ""ovt_buy_req_pre"": ""0"", ""return_code"": 0, ""return_msg"": ""정상적으로 처리되었습니다""}"
2026-06-10,scan_candidate,066570,,0,main_scan,229500,,229500,229000,229500,230500,0.2178649237472767,0.2178649237472767,,,,,,"{""bid_req_base_tm"": ""113231"", ""sel_10th_pre_req_pre"": ""0"", ""sel_10th_pre_req"": ""1433"", ""sel_10th_pre_bid"": ""-234000"", ""sel_9th_pre_req_pre"": ""0"", ""sel_9th_pre_req"": ""4057"", ""sel_9th_pre_bid"": ""-233500"", ""sel_8th_pre_req_pre"": ""0"", ""sel_8th_pre_req"": ""2645"", ""sel_8th_pre_bid"": ""-233000"", ""sel_7th_pre_req_pre"": ""0"", ""sel_7th_pre_req"": ""1532"", ""sel_7th_pre_bid"": ""-232500"", ""sel_6th_pre_req_pre"": ""0"", ""sel_6th_pre_req"": ""1264"", ""sel_6th_pre_bid"": ""-232000"", ""sel_5th_pre_req_pre"": ""0"", ""sel_5th_pre_req"": ""713"", ""sel_5th_pre_bid"": ""-231500"", ""sel_4th_pre_req_pre"": ""0"", ""sel_4th_pre_req"": ""3437"", ""sel_4th_pre_bid"": ""-231000"", ""sel_3th_pre_req_pre"": ""0"", ""sel_3th_pre_req"": ""1630"", ""sel_3th_pre_bid"": ""-230500"", ""sel_2th_pre_req_pre"": ""0"", ""sel_2th_pre_req"": ""3943"", ""sel_2th_pre_bid"": ""-230000"", ""sel_1th_pre_req_pre"": ""0"", ""sel_fpr_req"": ""3694"", ""sel_fpr_bid"": ""-229500"", ""buy_fpr_bid"": ""-229000"", ""buy_fpr_req"": ""5668"", ""buy_1th_pre_req_pre"": ""0"", ""buy_2th_pre_bid"": ""-228500"", ""buy_2th_pre_req"": ""2745"", ""buy_2th_pre_req_pre"": ""0"", ""buy_3th_pre_bid"": ""-228000"", ""buy_3th_pre_req"": ""9215"", ""buy_3th_pre_req_pre"": ""0"", ""buy_4th_pre_bid"": ""-227500"", ""buy_4th_pre_req"": ""7938"", ""buy_4th_pre_req_pre"": ""0"", ""buy_5th_pre_bid"": ""-227000"", ""buy_5th_pre_req"": ""54986"", ""buy_5th_pre_req_pre"": ""--1"", ""buy_6th_pre_bid"": ""-226500"", ""buy_6th_pre_req"": ""3310"", ""buy_6th_pre_req_pre"": ""0"", ""buy_7th_pre_bid"": ""-226000"", ""buy_7th_pre_req"": ""4942"", ""buy_7th_pre_req_pre"": ""0"", ""buy_8th_pre_bid"": ""-225500"", ""buy_8th_pre_req"": ""3831"", ""buy_8th_pre_req_pre"": ""0"", ""buy_9th_pre_bid"": ""-225000"", ""buy_9th_pre_req"": ""13890"", ""buy_9th_pre_req_pre"": ""+1"", ""buy_10th_pre_bid"": ""-224500"", ""buy_10th_pre_req"": ""1880"", ""buy_10th_pre_req_pre"": ""0"", ""tot_sel_req_jub_pre"": ""0"", ""tot_sel_req"": ""24348"", ""tot_buy_req"": ""108405"", ""tot_buy_req_jub_pre"": ""0"", ""ovt_sel_req_pre"": ""0"", ""ovt_sel_req"": ""0"", ""ovt_buy_req"": ""0"", ""ovt_buy_req_pre"": ""0"", ""return_code"": 0, ""return_msg"": ""정상적으로 처리되었습니다""}"
2026-06-10,scan_candidate,035420,,0,main_scan,232500,,232500,232000,232500,234000,0.43010752688172044,0.21505376344086022,,,,,,"{""bid_req_base_tm"": ""113231"", ""sel_10th_pre_req_pre"": ""0"", ""sel_10th_pre_req"": ""1822"", ""sel_10th_pre_bid"": ""-237000"", ""sel_9th_pre_req_pre"": ""0"", ""sel_9th_pre_req"": ""4174"", ""sel_9th_pre_bid"": ""-236500"", ""sel_8th_pre_req_pre"": ""0"", ""sel_8th_pre_req"": ""3420"", ""sel_8th_pre_bid"": ""-236000"", ""sel_7th_pre_req_pre"": ""0"", ""sel_7th_pre_req"": ""2085"", ""sel_7th_pre_bid"": ""-235500"", ""sel_6th_pre_req_pre"": ""0"", ""sel_6th_pre_req"": ""2100"", ""sel_6th_pre_bid"": ""-235000"", ""sel_5th_pre_req_pre"": ""0"", ""sel_5th_pre_req"": ""1781"", ""sel_5th_pre_bid"": ""-234500"", ""sel_4th_pre_req_pre"": ""0"", ""sel_4th_pre_req"": ""1608"", ""sel_4th_pre_bid"": ""-234000"", ""sel_3th_pre_req_pre"": ""0"", ""sel_3th_pre_req"": ""1654"", ""sel_3th_pre_bid"": ""-233500"", ""sel_2th_pre_req_pre"": ""0"", ""sel_2th_pre_req"": ""2344"", ""sel_2th_pre_bid"": ""-233000"", ""sel_1th_pre_req_pre"": ""+95"", ""sel_fpr_req"": ""3492"", ""sel_fpr_bid"": ""-232500"", ""buy_fpr_bid"": ""-232000"", ""buy_fpr_req"": ""2783"", ""buy_1th_pre_req_pre"": ""+60"", ""buy_2th_pre_bid"": ""-231500"", ""buy_2th_pre_req"": ""7251"", ""buy_2th_pre_req_pre"": ""0"", ""buy_3th_pre_bid"": ""-231000"", ""buy_3th_pre_req"": ""23056"", ""buy_3th_pre_req_pre"": ""0"", ""buy_4th_pre_bid"": ""-230500"", ""buy_4th_pre_req"": ""20003"", ""buy_4th_pre_req_pre"": ""0"", ""buy_5th_pre_bid"": ""-230000"", ""buy_5th_pre_req"": ""69036"", ""buy_5th_pre_req_pre"": ""0"", ""buy_6th_pre_bid"": ""-229500"", ""buy_6th_pre_req"": ""6746"", ""buy_6th_pre_req_pre"": ""0"", ""buy_7th_pre_bid"": ""-229000"", ""buy_7th_pre_req"": ""8703"", ""buy_7th_pre_req_pre"": ""0"", ""buy_8th_pre_bid"": ""-228500"", ""buy_8th_pre_req"": ""9073"", ""buy_8th_pre_req_pre"": ""0"", ""buy_9th_pre_bid"": ""-228000"", ""buy_9th_pre_req"": ""9133"", ""buy_9th_pre_req_pre"": ""0"", ""buy_10th_pre_bid"": ""-227500"", ""buy_10th_pre_req"": ""5060"", ""buy_10th_pre_req_pre"": ""0"", ""tot_sel_req_jub_pre"": ""+95"", ""tot_sel_req"": ""24480"", ""tot_buy_req"": ""160844"", ""tot_buy_req_jub_pre"": ""+60"", ""ovt_sel_req_pre"": ""0"", ""ovt_sel_req"": ""0"", ""ovt_buy_req"": ""0"", ""ovt_buy_req_pre"": ""0"", ""return_code"": 0, ""return_msg"": ""정상적으로 처리되었습니다""}"
2026-06-10,scan_candidate,086790,,0,main_scan,118500,,118500,118400,118500,118500,-0.42194092827004215,0.08438818565400844,,,,,,"{""bid_req_base_tm"": ""113231"", ""sel_10th_pre_req_pre"": ""0"", ""sel_10th_pre_req"": ""24"", ""sel_10th_pre_bid"": ""+119400"", ""sel_9th_pre_req_pre"": ""0"", ""sel_9th_pre_req"": ""30"", ""sel_9th_pre_bid"": ""+119300"", ""sel_8th_pre_req_pre"": ""0"", ""sel_8th_pre_req"": ""33"", ""sel_8th_pre_bid"": ""+119200"", ""sel_7th_pre_req_pre"": ""0"", ""sel_7th_pre_req"": ""11"", ""sel_7th_pre_bid"": ""+119100"", ""sel_6th_pre_req_pre"": ""0"", ""sel_6th_pre_req"": ""14"", ""sel_6th_pre_bid"": ""119000"", ""sel_5th_pre_req_pre"": ""0"", ""sel_5th_pre_req"": ""200"", ""sel_5th_pre_bid"": ""-118900"", ""sel_4th_pre_req_pre"": ""0"", ""sel_4th_pre_req"": ""665"", ""sel_4th_pre_bid"": ""-118800"", ""sel_3th_pre_req_pre"": ""0"", ""sel_3th_pre_req"": ""15"", ""sel_3th_pre_bid"": ""-118700"", ""sel_2th_pre_req_pre"": ""0"", ""sel_2th_pre_req"": ""412"", ""sel_2th_pre_bid"": ""-118600"", ""sel_1th_pre_req_pre"": ""+4"", ""sel_fpr_req"": ""174"", ""sel_fpr_bid"": ""-118500"", ""buy_fpr_bid"": ""-118400"", ""buy_fpr_req"": ""580"", ""buy_1th_pre_req_pre"": ""0"", ""buy_2th_pre_bid"": ""-118300"", ""buy_2th_pre_req"": ""318"", ""buy_2th_pre_req_pre"": ""+44"", ""buy_3th_pre_bid"": ""-118200"", ""buy_3th_pre_req"": ""970"", ""buy_3th_pre_req_pre"": ""0"", ""buy_4th_pre_bid"": ""-118100"", ""buy_4th_pre_req"": ""158"", ""buy_4th_pre_req_pre"": ""0"", ""buy_5th_pre_bid"": ""-118000"", ""buy_5th_pre_req"": ""337"", ""buy_5th_pre_req_pre"": ""0"", ""buy_6th_pre_bid"": ""-117900"", ""buy_6th_pre_req"": ""52"", ""buy_6th_pre_req_pre"": ""0"", ""buy_7th_pre_bid"": ""-117800"", ""buy_7th_pre_req"": ""560"", ""buy_7th_pre_req_pre"": ""0"", ""buy_8th_pre_bid"": ""-117700"", ""buy_8th_pre_req"": ""151"", ""buy_8th_pre_req_pre"": ""0"", ""buy_9th_pre_bid"": ""-117600"", ""buy_9th_pre_req"": ""100"", ""buy_9th_pre_req_pre"": ""0"", ""buy_10th_pre_bid"": ""-117500"", ""buy_10th_pre_req"": ""617"", ""buy_10th_pre_req_pre"": ""0"", ""tot_sel_req_jub_pre"": ""+4"", ""tot_sel_req"": ""1578"", ""tot_buy_req"": ""3843"", ""tot_buy_req_jub_pre"": ""+44"", ""ovt_sel_req_pre"": ""0"", ""ovt_sel_req"": ""0"", ""ovt_buy_req"": ""0"", ""ovt_buy_req_pre"": ""0"", ""return_code"": 0, ""return_msg"": ""정상적으로 처리되었습니다""}"
2026-06-10,scan_candidate,000810,,0,main_scan,623000,,623000,622000,623000,623000,-0.16051364365971107,0.16051364365971107,,,,,,"{""bid_req_base_tm"": ""113230"", ""sel_10th_pre_req_pre"": ""0"", ""sel_10th_pre_req"": ""4"", ""sel_10th_pre_bid"": ""-632000"", ""sel_9th_pre_req_pre"": ""0"", ""sel_9th_pre_req"": ""58"", ""sel_9th_pre_bid"": ""-631000"", ""sel_8th_pre_req_pre"": ""0"", ""sel_8th_pre_req"": ""48"", ""sel_8th_pre_bid"": ""-630000"", ""sel_7th_pre_req_pre"": ""0"", ""sel_7th_pre_req"": ""15"", ""sel_7th_pre_bid"": ""-629000"", ""sel_6th_pre_req_pre"": ""0"", ""sel_6th_pre_req"": ""7"", ""sel_6th_pre_bid"": ""-628000"", ""sel_5th_pre_req_pre"": ""0"", ""sel_5th_pre_req"": ""27"", ""sel_5th_pre_bid"": ""-627000"", ""sel_4th_pre_req_pre"": ""0"", ""sel_4th_pre_req"": ""24"", ""sel_4th_pre_bid"": ""-626000"", ""sel_3th_pre_req_pre"": ""0"", ""sel_3th_pre_req"": ""87"", ""sel_3th_pre_bid"": ""-625000"", ""sel_2th_pre_req_pre"": ""0"", ""sel_2th_pre_req"": ""97"", ""sel_2th_pre_bid"": ""-624000"", ""sel_1th_pre_req_pre"": ""+1"", ""sel_fpr_req"": ""262"", ""sel_fpr_bid"": ""-623000"", ""buy_fpr_bid"": ""-622000"", ""buy_fpr_req"": ""260"", ""buy_1th_pre_req_pre"": ""0"", ""buy_2th_pre_bid"": ""-621000"", ""buy_2th_pre_req"": ""25"", ""buy_2th_pre_req_pre"": ""0"", ""buy_3th_pre_bid"": ""-620000"", ""buy_3th_pre_req"": ""80"", ""buy_3th_pre_req_pre"": ""0"", ""buy_4th_pre_bid"": ""-619000"", ""buy_4th_pre_req"": ""18"", ""buy_4th_pre_req_pre"": ""0"", ""buy_5th_pre_bid"": ""-618000"", ""buy_5th_pre_req"": ""14"", ""buy_5th_pre_req_pre"": ""0"", ""buy_6th_pre_bid"": ""-617000"", ""buy_6th_pre_req"": ""36"", ""buy_6th_pre_req_pre"": ""0"", ""buy_7th_pre_bid"": ""-616000"", ""buy_7th_pre_req"": ""121"", ""buy_7th_pre_req_pre"": ""0"", ""buy_8th_pre_bid"": ""-615000"", ""buy_8th_pre_req"": ""21"", ""buy_8th_pre_req_pre"": ""0"", ""buy_9th_pre_bid"": ""-614000"", ""buy_9th_pre_req"": ""96"", ""buy_9th_pre_req_pre"": ""0"", ""buy_10th_pre_bid"": ""-613000"", ""buy_10th_pre_req"": ""44"", ""buy_10th_pre_req_pre"": ""0"", ""tot_sel_req_jub_pre"": ""+1"", ""tot_sel_req"": ""629"", ""tot_buy_req"": ""715"", ""tot_buy_req_jub_pre"": ""0"", ""ovt_sel_req_pre"": ""0"", ""ovt_sel_req"": ""0"", ""ovt_buy_req"": ""0"", ""ovt_buy_req_pre"": ""0"", ""return_code"": 0, ""return_msg"": ""정상적으로 처리되었습니다""}"
2026-06-10,scan_candidate,011070,,0,main_scan,1127000,,1127000,1126000,1127000,1130000,0.1774622892635315,0.08873114463176575,,,,,,"{""bid_req_base_tm"": ""113231"", ""sel_10th_pre_req_pre"": ""0"", ""sel_10th_pre_req"": ""56"", ""sel_10th_pre_bid"": ""1137000"", ""sel_9th_pre_req_pre"": ""0"", ""sel_9th_pre_req"": ""18"", ""sel_9th_pre_bid"": ""-1136000"", ""sel_8th_pre_req_pre"": ""0"", ""sel_8th_pre_req"": ""27"", ""sel_8th_pre_bid"": ""-1135000"", ""sel_7th_pre_req_pre"": ""0"", ""sel_7th_pre_req"": ""2"", ""sel_7th_pre_bid"": ""-1133000"", ""sel_6th_pre_req_pre"": ""0"", ""sel_6th_pre_req"": ""4"", ""sel_6th_pre_bid"": ""-1132000"", ""sel_5th_pre_req_pre"": ""0"", ""sel_5th_pre_req"": ""1"", ""sel_5th_pre_bid"": ""-1131000"", ""sel_4th_pre_req_pre"": ""0"", ""sel_4th_pre_req"": ""28"", ""sel_4th_pre_bid"": ""-1130000"", ""sel_3th_pre_req_pre"": ""0"", ""sel_3th_pre_req"": ""2"", ""sel_3th_pre_bid"": ""-1129000"", ""sel_2th_pre_req_pre"": ""0"", ""sel_2th_pre_req"": ""1"", ""sel_2th_pre_bid"": ""-1128000"", ""sel_1th_pre_req_pre"": ""0"", ""sel_fpr_req"": ""38"", ""sel_fpr_bid"": ""-1127000"", ""buy_fpr_bid"": ""-1126000"", ""buy_fpr_req"": ""35"", ""buy_1th_pre_req_pre"": ""0"", ""buy_2th_pre_bid"": ""-1125000"", ""buy_2th_pre_req"": ""86"", ""buy_2th_pre_req_pre"": ""+4"", ""buy_3th_pre_bid"": ""-1124000"", ""buy_3th_pre_req"": ""353"", ""buy_3th_pre_req_pre"": ""0"", ""buy_4th_pre_bid"": ""-1123000"", ""buy_4th_pre_req"": ""29"", ""buy_4th_pre_req_pre"": ""0"", ""buy_5th_pre_bid"": ""-1122000"", ""buy_5th_pre_req"": ""12"", ""buy_5th_pre_req_pre"": ""0"", ""buy_6th_pre_bid"": ""-1121000"", ""buy_6th_pre_req"": ""19"", ""buy_6th_pre_req_pre"": ""0"", ""buy_7th_pre_bid"": ""-1120000"", ""buy_7th_pre_req"": ""28"", ""buy_7th_pre_req_pre"": ""0"", ""buy_8th_pre_bid"": ""-1119000"", ""buy_8th_pre_req"": ""15"", ""buy_8th_pre_req_pre"": ""0"", ""buy_9th_pre_bid"": ""-1118000"", ""buy_9th_pre_req"": ""25"", ""buy_9th_pre_req_pre"": ""0"", ""buy_10th_pre_bid"": ""-1117000"", ""buy_10th_pre_req"": ""130"", ""buy_10th_pre_req_pre"": ""0"", ""tot_sel_req_jub_pre"": ""0"", ""tot_sel_req"": ""177"", ""tot_buy_req"": ""732"", ""tot_buy_req_jub_pre"": ""+4"", ""ovt_sel_req_pre"": ""0"", ""ovt_sel_req"": ""0"", ""ovt_buy_req"": ""0"", ""ovt_buy_req_pre"": ""0"", ""return_code"": 0, ""return_msg"": ""정상적으로 처리되었습니다""}"
2026-06-10,scan_candidate,042700,,0,main_scan,280500,,280500,280000,280500,281000,0.0,0.17825311942959002,,,,,,"{""bid_req_base_tm"": ""113232"", ""sel_10th_pre_req_pre"": ""0"", ""sel_10th_pre_req"": ""530"", ""sel_10th_pre_bid"": ""+285000"", ""sel_9th_pre_req_pre"": ""0"", ""sel_9th_pre_req"": ""263"", ""sel_9th_pre_bid"": ""+284500"", ""sel_8th_pre_req_pre"": ""0"", ""sel_8th_pre_req"": ""400"", ""sel_8th_pre_bid"": ""+284000"", ""sel_7th_pre_req_pre"": ""0"", ""sel_7th_pre_req"": ""113"", ""sel_7th_pre_bid"": ""+283500"", ""sel_6th_pre_req_pre"": ""0"", ""sel_6th_pre_req"": ""249"", ""sel_6th_pre_bid"": ""+283000"", ""sel_5th_pre_req_pre"": ""0"", ""sel_5th_pre_req"": ""105"", ""sel_5th_pre_bid"": ""+282500"", ""sel_4th_pre_req_pre"": ""0"", ""sel_4th_pre_req"": ""157"", ""sel_4th_pre_bid"": ""+282000"", ""sel_3th_pre_req_pre"": ""--254"", ""sel_3th_pre_req"": ""70"", ""sel_3th_pre_bid"": ""+281500"", ""sel_2th_pre_req_pre"": ""--33"", ""sel_2th_pre_req"": ""390"", ""sel_2th_pre_bid"": ""+281000"", ""sel_1th_pre_req_pre"": ""0"", ""sel_fpr_req"": ""590"", ""sel_fpr_bid"": ""+280500"", ""buy_fpr_bid"": ""+280000"", ""buy_fpr_req"": ""250"", ""buy_1th_pre_req_pre"": ""0"", ""buy_2th_pre_bid"": ""+279500"", ""buy_2th_pre_req"": ""55"", ""buy_2th_pre_req_pre"": ""--150"", ""buy_3th_pre_bid"": ""+279000"", ""buy_3th_pre_req"": ""418"", ""buy_3th_pre_req_pre"": ""+150"", ""buy_4th_pre_bid"": ""+278500"", ""buy_4th_pre_req"": ""452"", ""buy_4th_pre_req_pre"": ""0"", ""buy_5th_pre_bid"": ""+278000"", ""buy_5th_pre_req"": ""856"", ""buy_5th_pre_req_pre"": ""0"", ""buy_6th_pre_bid"": ""+277500"", ""buy_6th_pre_req"": ""403"", ""buy_6th_pre_req_pre"": ""0"", ""buy_7th_pre_bid"": ""+277000"", ""buy_7th_pre_req"": ""841"", ""buy_7th_pre_req_pre"": ""0"", ""buy_8th_pre_bid"": ""276500"", ""buy_8th_pre_req"": ""858"", ""buy_8th_pre_req_pre"": ""0"", ""buy_9th_pre_bid"": ""-276000"", ""buy_9th_pre_req"": ""1982"", ""buy_9th_pre_req_pre"": ""0"", ""buy_10th_pre_bid"": ""-275500"", ""buy_10th_pre_req"": ""227"", ""buy_10th_pre_req_pre"": ""0"", ""tot_sel_req_jub_pre"": ""--142"", ""tot_sel_req"": ""2867"", ""tot_buy_req"": ""6342"", ""tot_buy_req_jub_pre"": ""--171"", ""ovt_sel_req_pre"": ""0"", ""ovt_sel_req"": ""0"", ""ovt_buy_req"": ""0"", ""ovt_buy_req_pre"": ""0"", ""return_code"": 0, ""return_msg"": ""정상적으로 처리되었습니다""}"
2026-06-10,scan_candidate,017670,,0,main_scan,106300,,106300,106200,106300,106500,-0.28222013170272814,0.09407337723424271,,,,,,"{""bid_req_base_tm"": ""113232"", ""sel_10th_pre_req_pre"": ""0"", ""sel_10th_pre_req"": ""69"", ""sel_10th_pre_bid"": ""-107200"", ""sel_9th_pre_req_pre"": ""0"", ""sel_9th_pre_req"": ""16"", ""sel_9th_pre_bid"": ""-107100"", ""sel_8th_pre_req_pre"": ""0"", ""sel_8th_pre_req"": ""101"", ""sel_8th_pre_bid"": ""-107000"", ""sel_7th_pre_req_pre"": ""0"", ""sel_7th_pre_req"": ""115"", ""sel_7th_pre_bid"": ""-106900"", ""sel_6th_pre_req_pre"": ""0"", ""sel_6th_pre_req"": ""21"", ""sel_6th_pre_bid"": ""-106800"", ""sel_5th_pre_req_pre"": ""0"", ""sel_5th_pre_req"": ""1"", ""sel_5th_pre_bid"": ""-106700"", ""sel_4th_pre_req_pre"": ""0"", ""sel_4th_pre_req"": ""136"", ""sel_4th_pre_bid"": ""-106600"", ""sel_3th_pre_req_pre"": ""0"", ""sel_3th_pre_req"": ""211"", ""sel_3th_pre_bid"": ""-106500"", ""sel_2th_pre_req_pre"": ""0"", ""sel_2th_pre_req"": ""325"", ""sel_2th_pre_bid"": ""-106400"", ""sel_1th_pre_req_pre"": ""0"", ""sel_fpr_req"": ""186"", ""sel_fpr_bid"": ""-106300"", ""buy_fpr_bid"": ""-106200"", ""buy_fpr_req"": ""565"", ""buy_1th_pre_req_pre"": ""0"", ""buy_2th_pre_bid"": ""-106100"", ""buy_2th_pre_req"": ""445"", ""buy_2th_pre_req_pre"": ""0"", ""buy_3th_pre_bid"": ""-106000"", ""buy_3th_pre_req"": ""433"", ""buy_3th_pre_req_pre"": ""0"", ""buy_4th_pre_bid"": ""-105900"", ""buy_4th_pre_req"": ""448"", ""buy_4th_pre_req_pre"": ""0"", ""buy_5th_pre_bid"": ""-105800"", ""buy_5th_pre_req"": ""725"", ""buy_5th_pre_req_pre"": ""0"", ""buy_6th_pre_bid"": ""-105700"", ""buy_6th_pre_req"": ""815"", ""buy_6th_pre_req_pre"": ""0"", ""buy_7th_pre_bid"": ""-105600"", ""buy_7th_pre_req"": ""1059"", ""buy_7th_pre_req_pre"": ""0"", ""buy_8th_pre_bid"": ""-105500"", ""buy_8th_pre_req"": ""2699"", ""buy_8th_pre_req_pre"": ""0"", ""buy_9th_pre_bid"": ""-105400"", ""buy_9th_pre_req"": ""431"", ""buy_9th_pre_req_pre"": ""0"", ""buy_10th_pre_bid"": ""-105300"", ""buy_10th_pre_req"": ""356"", ""buy_10th_pre_req_pre"": ""0"", ""tot_sel_req_jub_pre"": ""0"", ""tot_sel_req"": ""1181"", ""tot_buy_req"": ""7976"", ""tot_buy_req_jub_pre"": ""0"", ""ovt_sel_req_pre"": ""0"", ""ovt_sel_req"": ""0"", ""ovt_buy_req"": ""0"", ""ovt_buy_req_pre"": ""0"", ""return_code"": 0, ""return_msg"": ""정상적으로 처리되었습니다""}"
2026-06-10,scan_candidate,316140,,0,main_scan,29950,,29950,29900,29950,29850,-0.5008347245409015,0.1669449081803005,,,,,,"{""bid_req_base_tm"": ""113232"", ""sel_10th_pre_req_pre"": ""0"", ""sel_10th_pre_req"": ""3192"", ""sel_10th_pre_bid"": ""+30400"", ""sel_9th_pre_req_pre"": ""0"", ""sel_9th_pre_req"": ""771"", ""sel_9th_pre_bid"": ""+30350"", ""sel_8th_pre_req_pre"": ""0"", ""sel_8th_pre_req"": ""2475"", ""sel_8th_pre_bid"": ""+30300"", ""sel_7th_pre_req_pre"": ""0"", ""sel_7th_pre_req"": ""1172"", ""sel_7th_pre_bid"": ""+30250"", ""sel_6th_pre_req_pre"": ""0"", ""sel_6th_pre_req"": ""6166"", ""sel_6th_pre_bid"": ""+30200"", ""sel_5th_pre_req_pre"": ""0"", ""sel_5th_pre_req"": ""1003"", ""sel_5th_pre_bid"": ""+30150"", ""sel_4th_pre_req_pre"": ""0"", ""sel_4th_pre_req"": ""2252"", ""sel_4th_pre_bid"": ""+30100"", ""sel_3th_pre_req_pre"": ""0"", ""sel_3th_pre_req"": ""777"", ""sel_3th_pre_bid"": ""+30050"", ""sel_2th_pre_req_pre"": ""0"", ""sel_2th_pre_req"": ""1952"", ""sel_2th_pre_bid"": ""30000"", ""sel_1th_pre_req_pre"": ""0"", ""sel_fpr_req"": ""3021"", ""sel_fpr_bid"": ""-29950"", ""buy_fpr_bid"": ""-29900"", ""buy_fpr_req"": ""1488"", ""buy_1th_pre_req_pre"": ""+8"", ""buy_2th_pre_bid"": ""-29850"", ""buy_2th_pre_req"": ""1216"", ""buy_2th_pre_req_pre"": ""0"", ""buy_3th_pre_bid"": ""-29800"", ""buy_3th_pre_req"": ""2904"", ""buy_3th_pre_req_pre"": ""0"", ""buy_4th_pre_bid"": ""-29750"", ""buy_4th_pre_req"": ""1538"", ""buy_4th_pre_req_pre"": ""0"", ""buy_5th_pre_bid"": ""-29700"", ""buy_5th_pre_req"": ""2058"", ""buy_5th_pre_req_pre"": ""0"", ""buy_6th_pre_bid"": ""-29650"", ""buy_6th_pre_req"": ""728"", ""buy_6th_pre_req_pre"": ""0"", ""buy_7th_pre_bid"": ""-29600"", ""buy_7th_pre_req"": ""3129"", ""buy_7th_pre_req_pre"": ""0"", ""buy_8th_pre_bid"": ""-29550"", ""buy_8th_pre_req"": ""1131"", ""buy_8th_pre_req_pre"": ""0"", ""buy_9th_pre_bid"": ""-29500"", ""buy_9th_pre_req"": ""2180"", ""buy_9th_pre_req_pre"": ""0"", ""buy_10th_pre_bid"": ""-29450"", ""buy_10th_pre_req"": ""889"", ""buy_10th_pre_req_pre"": ""0"", ""tot_sel_req_jub_pre"": ""0"", ""tot_sel_req"": ""22781"", ""tot_buy_req"": ""17261"", ""tot_buy_req_jub_pre"": ""+8"", ""ovt_sel_req_pre"": ""0"", ""ovt_sel_req"": ""0"", ""ovt_buy_req"": ""0"", ""ovt_buy_req_pre"": ""0"", ""return_code"": 0, ""return_msg"": ""정상적으로 처리되었습니다""}"
2026-06-10,scan_candidate,018260,,0,main_scan,231500,,231500,231000,231500,233000,0.4319654427645789,0.21598272138228944,,,,,,"{""bid_req_base_tm"": ""113232"", ""sel_10th_pre_req_pre"": ""0"", ""sel_10th_pre_req"": ""87"", ""sel_10th_pre_bid"": ""-236000"", ""sel_9th_pre_req_pre"": ""0"", ""sel_9th_pre_req"": ""217"", ""sel_9th_pre_bid"": ""-235500"", ""sel_8th_pre_req_pre"": ""0"", ""sel_8th_pre_req"": ""313"", ""sel_8th_pre_bid"": ""-235000"", ""sel_7th_pre_req_pre"": ""0"", ""sel_7th_pre_req"": ""168"", ""sel_7th_pre_bid"": ""-234500"", ""sel_6th_pre_req_pre"": ""0"", ""sel_6th_pre_req"": ""143"", ""sel_6th_pre_bid"": ""-234000"", ""sel_5th_pre_req_pre"": ""0"", ""sel_5th_pre_req"": ""195"", ""sel_5th_pre_bid"": ""-233500"", ""sel_4th_pre_req_pre"": ""0"", ""sel_4th_pre_req"": ""137"", ""sel_4th_pre_bid"": ""-233000"", ""sel_3th_pre_req_pre"": ""0"", ""sel_3th_pre_req"": ""98"", ""sel_3th_pre_bid"": ""-232500"", ""sel_2th_pre_req_pre"": ""0"", ""sel_2th_pre_req"": ""169"", ""sel_2th_pre_bid"": ""-232000"", ""sel_1th_pre_req_pre"": ""0"", ""sel_fpr_req"": ""92"", ""sel_fpr_bid"": ""-231500"", ""buy_fpr_bid"": ""-231000"", ""buy_fpr_req"": ""450"", ""buy_1th_pre_req_pre"": ""0"", ""buy_2th_pre_bid"": ""-230500"", ""buy_2th_pre_req"": ""3613"", ""buy_2th_pre_req_pre"": ""0"", ""buy_3th_pre_bid"": ""-230000"", ""buy_3th_pre_req"": ""5528"", ""buy_3th_pre_req_pre"": ""0"", ""buy_4th_pre_bid"": ""-229500"", ""buy_4th_pre_req"": ""3690"", ""buy_4th_pre_req_pre"": ""0"", ""buy_5th_pre_bid"": ""-229000"", ""buy_5th_pre_req"": ""1429"", ""buy_5th_pre_req_pre"": ""0"", ""buy_6th_pre_bid"": ""-228500"", ""buy_6th_pre_req"": ""1095"", ""buy_6th_pre_req_pre"": ""0"", ""buy_7th_pre_bid"": ""-228000"", ""buy_7th_pre_req"": ""2137"", ""buy_7th_pre_req_pre"": ""0"", ""buy_8th_pre_bid"": ""-227500"", ""buy_8th_pre_req"": ""1733"", ""buy_8th_pre_req_pre"": ""0"", ""buy_9th_pre_bid"": ""-227000"", ""buy_9th_pre_req"": ""2031"", ""buy_9th_pre_req_pre"": ""0"", ""buy_10th_pre_bid"": ""-226500"", ""buy_10th_pre_req"": ""544"", ""buy_10th_pre_req_pre"": ""0"", ""tot_sel_req_jub_pre"": ""0"", ""tot_sel_req"": ""1619"", ""tot_buy_req"": ""22250"", ""tot_buy_req_jub_pre"": ""0"", ""ovt_sel_req_pre"": ""0"", ""ovt_sel_req"": ""0"", ""ovt_buy_req"": ""0"", ""ovt_buy_req_pre"": ""0"", ""return_code"": 0, ""return_msg"": ""정상적으로 처리되었습니다""}"
2026-06-10,scan_candidate,033780,,0,main_scan,184100,,184100,184000,184100,183500,-0.5975013579576317,0.05431830526887561,,,,,,"{""bid_req_base_tm"": ""113232"", ""sel_10th_pre_req_pre"": ""0"", ""sel_10th_pre_req"": ""4"", ""sel_10th_pre_bid"": ""+185100"", ""sel_9th_pre_req_pre"": ""0"", ""sel_9th_pre_req"": ""1179"", ""sel_9th_pre_bid"": ""+185000"", ""sel_8th_pre_req_pre"": ""0"", ""sel_8th_pre_req"": ""55"", ""sel_8th_pre_bid"": ""+184900"", ""sel_7th_pre_req_pre"": ""0"", ""sel_7th_pre_req"": ""79"", ""sel_7th_pre_bid"": ""+184800"", ""sel_6th_pre_req_pre"": ""0"", ""sel_6th_pre_req"": ""226"", ""sel_6th_pre_bid"": ""+184700"", ""sel_5th_pre_req_pre"": ""0"", ""sel_5th_pre_req"": ""84"", ""sel_5th_pre_bid"": ""+184600"", ""sel_4th_pre_req_pre"": ""0"", ""sel_4th_pre_req"": ""158"", ""sel_4th_pre_bid"": ""+184500"", ""sel_3th_pre_req_pre"": ""0"", ""sel_3th_pre_req"": ""166"", ""sel_3th_pre_bid"": ""184300"", ""sel_2th_pre_req_pre"": ""0"", ""sel_2th_pre_req"": ""123"", ""sel_2th_pre_bid"": ""-184200"", ""sel_1th_pre_req_pre"": ""+1"", ""sel_fpr_req"": ""376"", ""sel_fpr_bid"": ""-184100"", ""buy_fpr_bid"": ""-184000"", ""buy_fpr_req"": ""281"", ""buy_1th_pre_req_pre"": ""0"", ""buy_2th_pre_bid"": ""-183900"", ""buy_2th_pre_req"": ""182"", ""buy_2th_pre_req_pre"": ""0"", ""buy_3th_pre_bid"": ""-183800"", ""buy_3th_pre_req"": ""73"", ""buy_3th_pre_req_pre"": ""0"", ""buy_4th_pre_bid"": ""-183700"", ""buy_4th_pre_req"": ""15"", ""buy_4th_pre_req_pre"": ""0"", ""buy_5th_pre_bid"": ""-183600"", ""buy_5th_pre_req"": ""12"", ""buy_5th_pre_req_pre"": ""0"", ""buy_6th_pre_bid"": ""-183500"", ""buy_6th_pre_req"": ""20"", ""buy_6th_pre_req_pre"": ""0"", ""buy_7th_pre_bid"": ""-183400"", ""buy_7th_pre_req"": ""11"", ""buy_7th_pre_req_pre"": ""0"", ""buy_8th_pre_bid"": ""-183300"", ""buy_8th_pre_req"": ""112"", ""buy_8th_pre_req_pre"": ""0"", ""buy_9th_pre_bid"": ""-183200"", ""buy_9th_pre_req"": ""12"", ""buy_9th_pre_req_pre"": ""0"", ""buy_10th_pre_bid"": ""-183100"", ""buy_10th_pre_req"": ""71"", ""buy_10th_pre_req_pre"": ""0"", ""tot_sel_req_jub_pre"": ""+1"", ""tot_sel_req"": ""2450"", ""tot_buy_req"": ""789"", ""tot_buy_req_jub_pre"": ""0"", ""ovt_sel_req_pre"": ""0"", ""ovt_sel_req"": ""0"", ""ovt_buy_req"": ""0"", ""ovt_buy_req_pre"": ""0"", ""return_code"": 0, ""return_msg"": ""정상적으로 처리되었습니다""}"
2026-06-10,scan_candidate,307950,,0,main_scan,697000,,697000,694000,697000,695000,-0.430416068866571,0.430416068866571,,,,,,"{""bid_req_base_tm"": ""113233"", ""sel_10th_pre_req_pre"": ""0"", ""sel_10th_pre_req"": ""13"", ""sel_10th_pre_bid"": ""+706000"", ""sel_9th_pre_req_pre"": ""0"", ""sel_9th_pre_req"": ""226"", ""sel_9th_pre_bid"": ""+705000"", ""sel_8th_pre_req_pre"": ""0"", ""sel_8th_pre_req"": ""17"", ""sel_8th_pre_bid"": ""+704000"", ""sel_7th_pre_req_pre"": ""0"", ""sel_7th_pre_req"": ""26"", ""sel_7th_pre_bid"": ""+703000"", ""sel_6th_pre_req_pre"": ""0"", ""sel_6th_pre_req"": ""11"", ""sel_6th_pre_bid"": ""+702000"", ""sel_5th_pre_req_pre"": ""0"", ""sel_5th_pre_req"": ""17"", ""sel_5th_pre_bid"": ""+701000"", ""sel_4th_pre_req_pre"": ""0"", ""sel_4th_pre_req"": ""48"", ""sel_4th_pre_bid"": ""+700000"", ""sel_3th_pre_req_pre"": ""0"", ""sel_3th_pre_req"": ""48"", ""sel_3th_pre_bid"": ""+699000"", ""sel_2th_pre_req_pre"": ""0"", ""sel_2th_pre_req"": ""38"", ""sel_2th_pre_bid"": ""+698000"", ""sel_1th_pre_req_pre"": ""0"", ""sel_fpr_req"": ""19"", ""sel_fpr_bid"": ""+697000"", ""buy_fpr_bid"": ""+694000"", ""buy_fpr_req"": ""19"", ""buy_1th_pre_req_pre"": ""0"", ""buy_2th_pre_bid"": ""+693000"", ""buy_2th_pre_req"": ""37"", ""buy_2th_pre_req_pre"": ""0"", ""buy_3th_pre_bid"": ""+692000"", ""buy_3th_pre_req"": ""55"", ""buy_3th_pre_req_pre"": ""0"", ""buy_4th_pre_bid"": ""+691000"", ""buy_4th_pre_req"": ""6"", ""buy_4th_pre_req_pre"": ""0"", ""buy_5th_pre_bid"": ""+690000"", ""buy_5th_pre_req"": ""19"", ""buy_5th_pre_req_pre"": ""0"", ""buy_6th_pre_bid"": ""+689000"", ""buy_6th_pre_req"": ""28"", ""buy_6th_pre_req_pre"": ""0"", ""buy_7th_pre_bid"": ""+688000"", ""buy_7th_pre_req"": ""65"", ""buy_7th_pre_req_pre"": ""0"", ""buy_8th_pre_bid"": ""687000"", ""buy_8th_pre_req"": ""189"", ""buy_8th_pre_req_pre"": ""0"", ""buy_9th_pre_bid"": ""-686000"", ""buy_9th_pre_req"": ""16"", ""buy_9th_pre_req_pre"": ""0"", ""buy_10th_pre_bid"": ""-685000"", ""buy_10th_pre_req"": ""281"", ""buy_10th_pre_req_pre"": ""0"", ""tot_sel_req_jub_pre"": ""0"", ""tot_sel_req"": ""463"", ""tot_buy_req"": ""715"", ""tot_buy_req_jub_pre"": ""0"", ""ovt_sel_req_pre"": ""0"", ""ovt_sel_req"": ""0"", ""ovt_buy_req"": ""0"", ""ovt_buy_req_pre"": ""0"", ""return_code"": 0, ""return_msg"": ""정상적으로 처리되었습니다""}"
2026-06-10,scan_candidate,138040,,0,main_scan,109400,,109400,109300,109400,109000,-0.8226691042047531,0.09140767824497258,,,,,,"{""bid_req_base_tm"": ""113232"", ""sel_10th_pre_req_pre"": ""0"", ""sel_10th_pre_req"": ""1589"", ""sel_10th_pre_bid"": ""+110300"", ""sel_9th_pre_req_pre"": ""0"", ""sel_9th_pre_req"": ""574"", ""sel_9th_pre_bid"": ""+110200"", ""sel_8th_pre_req_pre"": ""0"", ""sel_8th_pre_req"": ""5083"", ""sel_8th_pre_bid"": ""+110100"", ""sel_7th_pre_req_pre"": ""0"", ""sel_7th_pre_req"": ""1030"", ""sel_7th_pre_bid"": ""+110000"", ""sel_6th_pre_req_pre"": ""0"", ""sel_6th_pre_req"": ""842"", ""sel_6th_pre_bid"": ""+109900"", ""sel_5th_pre_req_pre"": ""0"", ""sel_5th_pre_req"": ""557"", ""sel_5th_pre_bid"": ""+109800"", ""sel_4th_pre_req_pre"": ""0"", ""sel_4th_pre_req"": ""144"", ""sel_4th_pre_bid"": ""+109700"", ""sel_3th_pre_req_pre"": ""0"", ""sel_3th_pre_req"": ""229"", ""sel_3th_pre_bid"": ""+109600"", ""sel_2th_pre_req_pre"": ""0"", ""sel_2th_pre_req"": ""49"", ""sel_2th_pre_bid"": ""+109500"", ""sel_1th_pre_req_pre"": ""--1"", ""sel_fpr_req"": ""41"", ""sel_fpr_bid"": ""+109400"", ""buy_fpr_bid"": ""+109300"", ""buy_fpr_req"": ""372"", ""buy_1th_pre_req_pre"": ""0"", ""buy_2th_pre_bid"": ""+109200"", ""buy_2th_pre_req"": ""65"", ""buy_2th_pre_req_pre"": ""0"", ""buy_3th_pre_bid"": ""109100"", ""buy_3th_pre_req"": ""216"", ""buy_3th_pre_req_pre"": ""0"", ""buy_4th_pre_bid"": ""-109000"", ""buy_4th_pre_req"": ""2"", ""buy_4th_pre_req_pre"": ""0"", ""buy_5th_pre_bid"": ""-108900"", ""buy_5th_pre_req"": ""13"", ""buy_5th_pre_req_pre"": ""0"", ""buy_6th_pre_bid"": ""-108800"", ""buy_6th_pre_req"": ""20"", ""buy_6th_pre_req_pre"": ""0"", ""buy_7th_pre_bid"": ""-108700"", ""buy_7th_pre_req"": ""54"", ""buy_7th_pre_req_pre"": ""0"", ""buy_8th_pre_bid"": ""-108600"", ""buy_8th_pre_req"": ""276"", ""buy_8th_pre_req_pre"": ""0"", ""buy_9th_pre_bid"": ""-108500"", ""buy_9th_pre_req"": ""301"", ""buy_9th_pre_req_pre"": ""0"", ""buy_10th_pre_bid"": ""-108400"", ""buy_10th_pre_req"": ""23"", ""buy_10th_pre_req_pre"": ""0"", ""tot_sel_req_jub_pre"": ""--1"", ""tot_sel_req"": ""10138"", ""tot_buy_req"": ""1342"", ""tot_buy_req_jub_pre"": ""0"", ""ovt_sel_req_pre"": ""0"", ""ovt_sel_req"": ""0"", ""ovt_buy_req"": ""0"", ""ovt_buy_req_pre"": ""0"", ""return_code"": 0, ""return_msg"": ""정상적으로 처리되었습니다""}"
2026-06-10,scan_candidate,003550,,0,main_scan,109600,,109600,109500,109600,109500,-0.5474452554744526,0.09124087591240876,,,,,,"{""bid_req_base_tm"": ""113233"", ""sel_10th_pre_req_pre"": ""0"", ""sel_10th_pre_req"": ""53"", ""sel_10th_pre_bid"": ""-110500"", ""sel_9th_pre_req_pre"": ""0"", ""sel_9th_pre_req"": ""20"", ""sel_9th_pre_bid"": ""-110400"", ""sel_8th_pre_req_pre"": ""0"", ""sel_8th_pre_req"": ""105"", ""sel_8th_pre_bid"": ""-110300"", ""sel_7th_pre_req_pre"": ""0"", ""sel_7th_pre_req"": ""55"", ""sel_7th_pre_bid"": ""-110200"", ""sel_6th_pre_req_pre"": ""0"", ""sel_6th_pre_req"": ""277"", ""sel_6th_pre_bid"": ""-110100"", ""sel_5th_pre_req_pre"": ""0"", ""sel_5th_pre_req"": ""231"", ""sel_5th_pre_bid"": ""-110000"", ""sel_4th_pre_req_pre"": ""0"", ""sel_4th_pre_req"": ""15"", ""sel_4th_pre_bid"": ""-109900"", ""sel_3th_pre_req_pre"": ""0"", ""sel_3th_pre_req"": ""12"", ""sel_3th_pre_bid"": ""-109800"", ""sel_2th_pre_req_pre"": ""0"", ""sel_2th_pre_req"": ""142"", ""sel_2th_pre_bid"": ""-109700"", ""sel_1th_pre_req_pre"": ""--16"", ""sel_fpr_req"": ""125"", ""sel_fpr_bid"": ""-109600"", ""buy_fpr_bid"": ""-109500"", ""buy_fpr_req"": ""246"", ""buy_1th_pre_req_pre"": ""0"", ""buy_2th_pre_bid"": ""-109400"", ""buy_2th_pre_req"": ""781"", ""buy_2th_pre_req_pre"": ""0"", ""buy_3th_pre_bid"": ""-109300"", ""buy_3th_pre_req"": ""63"", ""buy_3th_pre_req_pre"": ""0"", ""buy_4th_pre_bid"": ""-109200"", ""buy_4th_pre_req"": ""27"", ""buy_4th_pre_req_pre"": ""0"", ""buy_5th_pre_bid"": ""-109100"", ""buy_5th_pre_req"": ""20"", ""buy_5th_pre_req_pre"": ""0"", ""buy_6th_pre_bid"": ""-109000"", ""buy_6th_pre_req"": ""9"", ""buy_6th_pre_req_pre"": ""0"", ""buy_7th_pre_bid"": ""-108800"", ""buy_7th_pre_req"": ""1"", ""buy_7th_pre_req_pre"": ""0"", ""buy_8th_pre_bid"": ""-108700"", ""buy_8th_pre_req"": ""1"", ""buy_8th_pre_req_pre"": ""0"", ""buy_9th_pre_bid"": ""-108600"", ""buy_9th_pre_req"": ""30"", ""buy_9th_pre_req_pre"": ""0"", ""buy_10th_pre_bid"": ""-108500"", ""buy_10th_pre_req"": ""105"", ""buy_10th_pre_req_pre"": ""0"", ""tot_sel_req_jub_pre"": ""--16"", ""tot_sel_req"": ""1035"", ""tot_buy_req"": ""1283"", ""tot_buy_req_jub_pre"": ""0"", ""ovt_sel_req_pre"": ""0"", ""ovt_sel_req"": ""0"", ""ovt_buy_req"": ""0"", ""ovt_buy_req_pre"": ""0"", ""return_code"": 0, ""return_msg"": ""정상적으로 처리되었습니다""}"
2026-06-10,scan_candidate,024110,,0,main_scan,21050,,21050,21000,21050,20850,-1.187648456057007,0.23752969121140144,,,,,,"{""bid_req_base_tm"": ""113233"", ""sel_10th_pre_req_pre"": ""0"", ""sel_10th_pre_req"": ""47185"", ""sel_10th_pre_bid"": ""+21500"", ""sel_9th_pre_req_pre"": ""0"", ""sel_9th_pre_req"": ""4855"", ""sel_9th_pre_bid"": ""+21450"", ""sel_8th_pre_req_pre"": ""0"", ""sel_8th_pre_req"": ""11061"", ""sel_8th_pre_bid"": ""+21400"", ""sel_7th_pre_req_pre"": ""0"", ""sel_7th_pre_req"": ""5271"", ""sel_7th_pre_bid"": ""+21350"", ""sel_6th_pre_req_pre"": ""0"", ""sel_6th_pre_req"": ""12237"", ""sel_6th_pre_bid"": ""+21300"", ""sel_5th_pre_req_pre"": ""0"", ""sel_5th_pre_req"": ""12594"", ""sel_5th_pre_bid"": ""+21250"", ""sel_4th_pre_req_pre"": ""0"", ""sel_4th_pre_req"": ""20618"", ""sel_4th_pre_bid"": ""+21200"", ""sel_3th_pre_req_pre"": ""0"", ""sel_3th_pre_req"": ""23565"", ""sel_3th_pre_bid"": ""+21150"", ""sel_2th_pre_req_pre"": ""0"", ""sel_2th_pre_req"": ""15047"", ""sel_2th_pre_bid"": ""+21100"", ""sel_1th_pre_req_pre"": ""--29"", ""sel_fpr_req"": ""4411"", ""sel_fpr_bid"": ""+21050"", ""buy_fpr_bid"": ""+21000"", ""buy_fpr_req"": ""5079"", ""buy_1th_pre_req_pre"": ""0"", ""buy_2th_pre_bid"": ""+20950"", ""buy_2th_pre_req"": ""3782"", ""buy_2th_pre_req_pre"": ""0"", ""buy_3th_pre_bid"": ""+20900"", ""buy_3th_pre_req"": ""3002"", ""buy_3th_pre_req_pre"": ""0"", ""buy_4th_pre_bid"": ""+20850"", ""buy_4th_pre_req"": ""3271"", ""buy_4th_pre_req_pre"": ""0"", ""buy_5th_pre_bid"": ""+20800"", ""buy_5th_pre_req"": ""2195"", ""buy_5th_pre_req_pre"": ""0"", ""buy_6th_pre_bid"": ""+20750"", ""buy_6th_pre_req"": ""1643"", ""buy_6th_pre_req_pre"": ""0"", ""buy_7th_pre_bid"": ""+20700"", ""buy_7th_pre_req"": ""2939"", ""buy_7th_pre_req_pre"": ""0"", ""buy_8th_pre_bid"": ""+20650"", ""buy_8th_pre_req"": ""2593"", ""buy_8th_pre_req_pre"": ""0"", ""buy_9th_pre_bid"": ""+20600"", ""buy_9th_pre_req"": ""3763"", ""buy_9th_pre_req_pre"": ""0"", ""buy_10th_pre_bid"": ""20550"", ""buy_10th_pre_req"": ""2196"", ""buy_10th_pre_req_pre"": ""0"", ""tot_sel_req_jub_pre"": ""--29"", ""tot_sel_req"": ""156844"", ""tot_buy_req"": ""30463"", ""tot_buy_req_jub_pre"": ""0"", ""ovt_sel_req_pre"": ""0"", ""ovt_sel_req"": ""0"", ""ovt_buy_req"": ""0"", ""ovt_buy_req_pre"": ""0"", ""return_code"": 0, ""return_msg"": ""정상적으로 처리되었습니다""}"
2026-06-10,scan_candidate,079550,,0,main_scan,768000,,768000,767000,768000,765000,-0.5208333333333333,0.13020833333333331,,,,,,"{""bid_req_base_tm"": ""113234"", ""sel_10th_pre_req_pre"": ""0"", ""sel_10th_pre_req"": ""78"", ""sel_10th_pre_bid"": ""+777000"", ""sel_9th_pre_req_pre"": ""0"", ""sel_9th_pre_req"": ""1"", ""sel_9th_pre_bid"": ""+776000"", ""sel_8th_pre_req_pre"": ""0"", ""sel_8th_pre_req"": ""139"", ""sel_8th_pre_bid"": ""+775000"", ""sel_7th_pre_req_pre"": ""0"", ""sel_7th_pre_req"": ""57"", ""sel_7th_pre_bid"": ""+774000"", ""sel_6th_pre_req_pre"": ""0"", ""sel_6th_pre_req"": ""290"", ""sel_6th_pre_bid"": ""+773000"", ""sel_5th_pre_req_pre"": ""0"", ""sel_5th_pre_req"": ""3"", ""sel_5th_pre_bid"": ""+772000"", ""sel_4th_pre_req_pre"": ""0"", ""sel_4th_pre_req"": ""9"", ""sel_4th_pre_bid"": ""+771000"", ""sel_3th_pre_req_pre"": ""0"", ""sel_3th_pre_req"": ""384"", ""sel_3th_pre_bid"": ""+770000"", ""sel_2th_pre_req_pre"": ""0"", ""sel_2th_pre_req"": ""15"", ""sel_2th_pre_bid"": ""+769000"", ""sel_1th_pre_req_pre"": ""0"", ""sel_fpr_req"": ""196"", ""sel_fpr_bid"": ""+768000"", ""buy_fpr_bid"": ""+767000"", ""buy_fpr_req"": ""5"", ""buy_1th_pre_req_pre"": ""--4"", ""buy_2th_pre_bid"": ""+765000"", ""buy_2th_pre_req"": ""28"", ""buy_2th_pre_req_pre"": ""0"", ""buy_3th_pre_bid"": ""+764000"", ""buy_3th_pre_req"": ""239"", ""buy_3th_pre_req_pre"": ""0"", ""buy_4th_pre_bid"": ""+763000"", ""buy_4th_pre_req"": ""44"", ""buy_4th_pre_req_pre"": ""0"", ""buy_5th_pre_bid"": ""+762000"", ""buy_5th_pre_req"": ""67"", ""buy_5th_pre_req_pre"": ""0"", ""buy_6th_pre_bid"": ""+761000"", ""buy_6th_pre_req"": ""88"", ""buy_6th_pre_req_pre"": ""0"", ""buy_7th_pre_bid"": ""+760000"", ""buy_7th_pre_req"": ""107"", ""buy_7th_pre_req_pre"": ""0"", ""buy_8th_pre_bid"": ""+759000"", ""buy_8th_pre_req"": ""15"", ""buy_8th_pre_req_pre"": ""0"", ""buy_9th_pre_bid"": ""+758000"", ""buy_9th_pre_req"": ""19"", ""buy_9th_pre_req_pre"": ""0"", ""buy_10th_pre_bid"": ""+757000"", ""buy_10th_pre_req"": ""74"", ""buy_10th_pre_req_pre"": ""0"", ""tot_sel_req_jub_pre"": ""0"", ""tot_sel_req"": ""1172"", ""tot_buy_req"": ""686"", ""tot_buy_req_jub_pre"": ""--4"", ""ovt_sel_req_pre"": ""0"", ""ovt_sel_req"": ""0"", ""ovt_buy_req"": ""0"", ""ovt_buy_req_pre"": ""0"", ""return_code"": 0, ""return_msg"": ""정상적으로 처리되었습니다""}"
2026-06-10,scan_candidate,278470,,0,main_scan,416000,,416000,415000,416000,416500,0.0,0.2403846153846154,,,,,,"{""bid_req_base_tm"": ""113234"", ""sel_10th_pre_req_pre"": ""0"", ""sel_10th_pre_req"": ""51"", ""sel_10th_pre_bid"": ""+420500"", ""sel_9th_pre_req_pre"": ""0"", ""sel_9th_pre_req"": ""378"", ""sel_9th_pre_bid"": ""+420000"", ""sel_8th_pre_req_pre"": ""0"", ""sel_8th_pre_req"": ""90"", ""sel_8th_pre_bid"": ""+419500"", ""sel_7th_pre_req_pre"": ""0"", ""sel_7th_pre_req"": ""79"", ""sel_7th_pre_bid"": ""+419000"", ""sel_6th_pre_req_pre"": ""0"", ""sel_6th_pre_req"": ""19"", ""sel_6th_pre_bid"": ""+418500"", ""sel_5th_pre_req_pre"": ""0"", ""sel_5th_pre_req"": ""122"", ""sel_5th_pre_bid"": ""+418000"", ""sel_4th_pre_req_pre"": ""0"", ""sel_4th_pre_req"": ""95"", ""sel_4th_pre_bid"": ""+417500"", ""sel_3th_pre_req_pre"": ""0"", ""sel_3th_pre_req"": ""18"", ""sel_3th_pre_bid"": ""+417000"", ""sel_2th_pre_req_pre"": ""0"", ""sel_2th_pre_req"": ""9"", ""sel_2th_pre_bid"": ""+416500"", ""sel_1th_pre_req_pre"": ""0"", ""sel_fpr_req"": ""16"", ""sel_fpr_bid"": ""+416000"", ""buy_fpr_bid"": ""+415000"", ""buy_fpr_req"": ""116"", ""buy_1th_pre_req_pre"": ""+15"", ""buy_2th_pre_bid"": ""+414500"", ""buy_2th_pre_req"": ""250"", ""buy_2th_pre_req_pre"": ""0"", ""buy_3th_pre_bid"": ""+414000"", ""buy_3th_pre_req"": ""47"", ""buy_3th_pre_req_pre"": ""0"", ""buy_4th_pre_bid"": ""+413500"", ""buy_4th_pre_req"": ""123"", ""buy_4th_pre_req_pre"": ""0"", ""buy_5th_pre_bid"": ""+413000"", ""buy_5th_pre_req"": ""357"", ""buy_5th_pre_req_pre"": ""0"", ""buy_6th_pre_bid"": ""+412500"", ""buy_6th_pre_req"": ""21"", ""buy_6th_pre_req_pre"": ""0"", ""buy_7th_pre_bid"": ""+412000"", ""buy_7th_pre_req"": ""337"", ""buy_7th_pre_req_pre"": ""0"", ""buy_8th_pre_bid"": ""+411500"", ""buy_8th_pre_req"": ""66"", ""buy_8th_pre_req_pre"": ""0"", ""buy_9th_pre_bid"": ""+411000"", ""buy_9th_pre_req"": ""69"", ""buy_9th_pre_req_pre"": ""0"", ""buy_10th_pre_bid"": ""+410500"", ""buy_10th_pre_req"": ""69"", ""buy_10th_pre_req_pre"": ""0"", ""tot_sel_req_jub_pre"": ""0"", ""tot_sel_req"": ""877"", ""tot_buy_req"": ""1455"", ""tot_buy_req_jub_pre"": ""+80"", ""ovt_sel_req_pre"": ""0"", ""ovt_sel_req"": ""0"", ""ovt_buy_req"": ""0"", ""ovt_buy_req_pre"": ""0"", ""return_code"": 0, ""return_msg"": ""정상적으로 처리되었습니다""}"
2026-06-10,scan_candidate,030200,,0,main_scan,54800,,54800,54700,54800,54700,-0.36496350364963503,0.18248175182481752,,,,,,"{""bid_req_base_tm"": ""113233"", ""sel_10th_pre_req_pre"": ""0"", ""sel_10th_pre_req"": ""1049"", ""sel_10th_pre_bid"": ""+55700"", ""sel_9th_pre_req_pre"": ""0"", ""sel_9th_pre_req"": ""725"", ""sel_9th_pre_bid"": ""+55600"", ""sel_8th_pre_req_pre"": ""0"", ""sel_8th_pre_req"": ""3251"", ""sel_8th_pre_bid"": ""+55500"", ""sel_7th_pre_req_pre"": ""0"", ""sel_7th_pre_req"": ""1360"", ""sel_7th_pre_bid"": ""+55400"", ""sel_6th_pre_req_pre"": ""0"", ""sel_6th_pre_req"": ""2000"", ""sel_6th_pre_bid"": ""+55300"", ""sel_5th_pre_req_pre"": ""0"", ""sel_5th_pre_req"": ""1138"", ""sel_5th_pre_bid"": ""+55200"", ""sel_4th_pre_req_pre"": ""0"", ""sel_4th_pre_req"": ""1230"", ""sel_4th_pre_bid"": ""+55100"", ""sel_3th_pre_req_pre"": ""0"", ""sel_3th_pre_req"": ""1573"", ""sel_3th_pre_bid"": ""+55000"", ""sel_2th_pre_req_pre"": ""0"", ""sel_2th_pre_req"": ""407"", ""sel_2th_pre_bid"": ""+54900"", ""sel_1th_pre_req_pre"": ""0"", ""sel_fpr_req"": ""329"", ""sel_fpr_bid"": ""+54800"", ""buy_fpr_bid"": ""+54700"", ""buy_fpr_req"": ""420"", ""buy_1th_pre_req_pre"": ""0"", ""buy_2th_pre_bid"": ""+54600"", ""buy_2th_pre_req"": ""640"", ""buy_2th_pre_req_pre"": ""0"", ""buy_3th_pre_bid"": ""+54500"", ""buy_3th_pre_req"": ""1343"", ""buy_3th_pre_req_pre"": ""0"", ""buy_4th_pre_bid"": ""+54400"", ""buy_4th_pre_req"": ""932"", ""buy_4th_pre_req_pre"": ""0"", ""buy_5th_pre_bid"": ""+54300"", ""buy_5th_pre_req"": ""515"", ""buy_5th_pre_req_pre"": ""0"", ""buy_6th_pre_bid"": ""+54200"", ""buy_6th_pre_req"": ""1874"", ""buy_6th_pre_req_pre"": ""0"", ""buy_7th_pre_bid"": ""+54100"", ""buy_7th_pre_req"": ""792"", ""buy_7th_pre_req_pre"": ""0"", ""buy_8th_pre_bid"": ""+54000"", ""buy_8th_pre_req"": ""3529"", ""buy_8th_pre_req_pre"": ""0"", ""buy_9th_pre_bid"": ""+53900"", ""buy_9th_pre_req"": ""937"", ""buy_9th_pre_req_pre"": ""0"", ""buy_10th_pre_bid"": ""53800"", ""buy_10th_pre_req"": ""3158"", ""buy_10th_pre_req_pre"": ""0"", ""tot_sel_req_jub_pre"": ""0"", ""tot_sel_req"": ""13062"", ""tot_buy_req"": ""14140"", ""tot_buy_req_jub_pre"": ""0"", ""ovt_sel_req_pre"": ""0"", ""ovt_sel_req"": ""0"", ""ovt_buy_req"": ""0"", ""ovt_buy_req_pre"": ""0"", ""return_code"": 0, ""return_msg"": ""정상적으로 처리되었습니다""}"
2026-06-10,scan_candidate,010950,,0,main_scan,112200,,112200,112100,112200,111500,-1.06951871657754,0.08912655971479501,,,,,,"{""bid_req_base_tm"": ""113234"", ""sel_10th_pre_req_pre"": ""0"", ""sel_10th_pre_req"": ""28"", ""sel_10th_pre_bid"": ""+113100"", ""sel_9th_pre_req_pre"": ""0"", ""sel_9th_pre_req"": ""639"", ""sel_9th_pre_bid"": ""+113000"", ""sel_8th_pre_req_pre"": ""0"", ""sel_8th_pre_req"": ""132"", ""sel_8th_pre_bid"": ""+112900"", ""sel_7th_pre_req_pre"": ""0"", ""sel_7th_pre_req"": ""1072"", ""sel_7th_pre_bid"": ""+112800"", ""sel_6th_pre_req_pre"": ""0"", ""sel_6th_pre_req"": ""129"", ""sel_6th_pre_bid"": ""+112700"", ""sel_5th_pre_req_pre"": ""0"", ""sel_5th_pre_req"": ""12"", ""sel_5th_pre_bid"": ""+112600"", ""sel_4th_pre_req_pre"": ""0"", ""sel_4th_pre_req"": ""412"", ""sel_4th_pre_bid"": ""+112500"", ""sel_3th_pre_req_pre"": ""0"", ""sel_3th_pre_req"": ""243"", ""sel_3th_pre_bid"": ""+112400"", ""sel_2th_pre_req_pre"": ""0"", ""sel_2th_pre_req"": ""106"", ""sel_2th_pre_bid"": ""+112300"", ""sel_1th_pre_req_pre"": ""+1"", ""sel_fpr_req"": ""39"", ""sel_fpr_bid"": ""+112200"", ""buy_fpr_bid"": ""+112100"", ""buy_fpr_req"": ""72"", ""buy_1th_pre_req_pre"": ""0"", ""buy_2th_pre_bid"": ""+112000"", ""buy_2th_pre_req"": ""11"", ""buy_2th_pre_req_pre"": ""0"", ""buy_3th_pre_bid"": ""+111800"", ""buy_3th_pre_req"": ""34"", ""buy_3th_pre_req_pre"": ""0"", ""buy_4th_pre_bid"": ""+111700"", ""buy_4th_pre_req"": ""137"", ""buy_4th_pre_req_pre"": ""0"", ""buy_5th_pre_bid"": ""+111600"", ""buy_5th_pre_req"": ""40"", ""buy_5th_pre_req_pre"": ""0"", ""buy_6th_pre_bid"": ""+111500"", ""buy_6th_pre_req"": ""129"", ""buy_6th_pre_req_pre"": ""0"", ""buy_7th_pre_bid"": ""+111400"", ""buy_7th_pre_req"": ""4"", ""buy_7th_pre_req_pre"": ""0"", ""buy_8th_pre_bid"": ""+111300"", ""buy_8th_pre_req"": ""23"", ""buy_8th_pre_req_pre"": ""0"", ""buy_9th_pre_bid"": ""+111100"", ""buy_9th_pre_req"": ""105"", ""buy_9th_pre_req_pre"": ""0"", ""buy_10th_pre_bid"": ""+111000"", ""buy_10th_pre_req"": ""7"", ""buy_10th_pre_req_pre"": ""0"", ""tot_sel_req_jub_pre"": ""+1"", ""tot_sel_req"": ""2812"", ""tot_buy_req"": ""562"", ""tot_buy_req_jub_pre"": ""0"", ""ovt_sel_req_pre"": ""0"", ""ovt_sel_req"": ""0"", ""ovt_buy_req"": ""0"", ""ovt_buy_req_pre"": ""0"", ""return_code"": 0, ""return_msg"": ""정상적으로 처리되었습니다""}"
2026-06-10,scan_candidate,323410,,0,main_scan,24600,,24600,24550,24600,24400,-1.0162601626016259,0.20325203252032523,,,,,,"{""bid_req_base_tm"": ""113233"", ""sel_10th_pre_req_pre"": ""0"", ""sel_10th_pre_req"": ""2494"", ""sel_10th_pre_bid"": ""+25050"", ""sel_9th_pre_req_pre"": ""0"", ""sel_9th_pre_req"": ""15210"", ""sel_9th_pre_bid"": ""+25000"", ""sel_8th_pre_req_pre"": ""0"", ""sel_8th_pre_req"": ""11337"", ""sel_8th_pre_bid"": ""+24950"", ""sel_7th_pre_req_pre"": ""0"", ""sel_7th_pre_req"": ""6116"", ""sel_7th_pre_bid"": ""+24900"", ""sel_6th_pre_req_pre"": ""0"", ""sel_6th_pre_req"": ""8200"", ""sel_6th_pre_bid"": ""+24850"", ""sel_5th_pre_req_pre"": ""0"", ""sel_5th_pre_req"": ""13703"", ""sel_5th_pre_bid"": ""+24800"", ""sel_4th_pre_req_pre"": ""0"", ""sel_4th_pre_req"": ""5771"", ""sel_4th_pre_bid"": ""+24750"", ""sel_3th_pre_req_pre"": ""0"", ""sel_3th_pre_req"": ""7455"", ""sel_3th_pre_bid"": ""+24700"", ""sel_2th_pre_req_pre"": ""+3"", ""sel_2th_pre_req"": ""4252"", ""sel_2th_pre_bid"": ""+24650"", ""sel_1th_pre_req_pre"": ""--3"", ""sel_fpr_req"": ""4058"", ""sel_fpr_bid"": ""+24600"", ""buy_fpr_bid"": ""+24550"", ""buy_fpr_req"": ""66"", ""buy_1th_pre_req_pre"": ""0"", ""buy_2th_pre_bid"": ""+24500"", ""buy_2th_pre_req"": ""1968"", ""buy_2th_pre_req_pre"": ""0"", ""buy_3th_pre_bid"": ""+24450"", ""buy_3th_pre_req"": ""1769"", ""buy_3th_pre_req_pre"": ""0"", ""buy_4th_pre_bid"": ""24400"", ""buy_4th_pre_req"": ""5648"", ""buy_4th_pre_req_pre"": ""0"", ""buy_5th_pre_bid"": ""-24350"", ""buy_5th_pre_req"": ""2057"", ""buy_5th_pre_req_pre"": ""0"", ""buy_6th_pre_bid"": ""-24300"", ""buy_6th_pre_req"": ""978"", ""buy_6th_pre_req_pre"": ""0"", ""buy_7th_pre_bid"": ""-24250"", ""buy_7th_pre_req"": ""1664"", ""buy_7th_pre_req_pre"": ""0"", ""buy_8th_pre_bid"": ""-24200"", ""buy_8th_pre_req"": ""895"", ""buy_8th_pre_req_pre"": ""0"", ""buy_9th_pre_bid"": ""-24150"", ""buy_9th_pre_req"": ""1288"", ""buy_9th_pre_req_pre"": ""0"", ""buy_10th_pre_bid"": ""-24100"", ""buy_10th_pre_req"": ""3303"", ""buy_10th_pre_req_pre"": ""0"", ""tot_sel_req_jub_pre"": ""0"", ""tot_sel_req"": ""78596"", ""tot_buy_req"": ""19636"", ""tot_buy_req_jub_pre"": ""0"", ""ovt_sel_req_pre"": ""0"", ""ovt_sel_req"": ""0"", ""ovt_buy_req"": ""0"", ""ovt_buy_req_pre"": ""0"", ""return_code"": 0, ""return_msg"": ""정상적으로 처리되었습니다""}"
2026-06-10,scan_candidate,064400,,0,main_scan,94600,,94600,94500,94600,94700,0.0,0.10570824524312897,,,,,,"{""bid_req_base_tm"": ""113235"", ""sel_10th_pre_req_pre"": ""0"", ""sel_10th_pre_req"": ""586"", ""sel_10th_pre_bid"": ""-95500"", ""sel_9th_pre_req_pre"": ""0"", ""sel_9th_pre_req"": ""406"", ""sel_9th_pre_bid"": ""-95400"", ""sel_8th_pre_req_pre"": ""0"", ""sel_8th_pre_req"": ""243"", ""sel_8th_pre_bid"": ""-95300"", ""sel_7th_pre_req_pre"": ""0"", ""sel_7th_pre_req"": ""170"", ""sel_7th_pre_bid"": ""-95200"", ""sel_6th_pre_req_pre"": ""0"", ""sel_6th_pre_req"": ""98"", ""sel_6th_pre_bid"": ""-95100"", ""sel_5th_pre_req_pre"": ""0"", ""sel_5th_pre_req"": ""83"", ""sel_5th_pre_bid"": ""-95000"", ""sel_4th_pre_req_pre"": ""0"", ""sel_4th_pre_req"": ""35"", ""sel_4th_pre_bid"": ""-94900"", ""sel_3th_pre_req_pre"": ""0"", ""sel_3th_pre_req"": ""25"", ""sel_3th_pre_bid"": ""-94800"", ""sel_2th_pre_req_pre"": ""0"", ""sel_2th_pre_req"": ""161"", ""sel_2th_pre_bid"": ""-94700"", ""sel_1th_pre_req_pre"": ""+1"", ""sel_fpr_req"": ""188"", ""sel_fpr_bid"": ""-94600"", ""buy_fpr_bid"": ""-94500"", ""buy_fpr_req"": ""10"", ""buy_1th_pre_req_pre"": ""0"", ""buy_2th_pre_bid"": ""-94400"", ""buy_2th_pre_req"": ""235"", ""buy_2th_pre_req_pre"": ""0"", ""buy_3th_pre_bid"": ""-94300"", ""buy_3th_pre_req"": ""3"", ""buy_3th_pre_req_pre"": ""0"", ""buy_4th_pre_bid"": ""-94200"", ""buy_4th_pre_req"": ""186"", ""buy_4th_pre_req_pre"": ""0"", ""buy_5th_pre_bid"": ""-94100"", ""buy_5th_pre_req"": ""456"", ""buy_5th_pre_req_pre"": ""0"", ""buy_6th_pre_bid"": ""-94000"", ""buy_6th_pre_req"": ""5013"", ""buy_6th_pre_req_pre"": ""0"", ""buy_7th_pre_bid"": ""-93900"", ""buy_7th_pre_req"": ""866"", ""buy_7th_pre_req_pre"": ""0"", ""buy_8th_pre_bid"": ""-93800"", ""buy_8th_pre_req"": ""1800"", ""buy_8th_pre_req_pre"": ""0"", ""buy_9th_pre_bid"": ""-93700"", ""buy_9th_pre_req"": ""1018"", ""buy_9th_pre_req_pre"": ""0"", ""buy_10th_pre_bid"": ""-93600"", ""buy_10th_pre_req"": ""402"", ""buy_10th_pre_req_pre"": ""0"", ""tot_sel_req_jub_pre"": ""+1"", ""tot_sel_req"": ""1995"", ""tot_buy_req"": ""9989"", ""tot_buy_req_jub_pre"": ""0"", ""ovt_sel_req_pre"": ""0"", ""ovt_sel_req"": ""0"", ""ovt_buy_req"": ""0"", ""ovt_buy_req_pre"": ""0"", ""return_code"": 0, ""return_msg"": ""정상적으로 처리되었습니다""}"
2026-06-10,scan_candidate,003490,,0,main_scan,25500,,25500,25450,25500,25400,-0.5882352941176471,0.19607843137254902,,,,,,"{""bid_req_base_tm"": ""113232"", ""sel_10th_pre_req_pre"": ""0"", ""sel_10th_pre_req"": ""15398"", ""sel_10th_pre_bid"": ""+25950"", ""sel_9th_pre_req_pre"": ""0"", ""sel_9th_pre_req"": ""19072"", ""sel_9th_pre_bid"": ""+25900"", ""sel_8th_pre_req_pre"": ""0"", ""sel_8th_pre_req"": ""17796"", ""sel_8th_pre_bid"": ""+25850"", ""sel_7th_pre_req_pre"": ""0"", ""sel_7th_pre_req"": ""49056"", ""sel_7th_pre_bid"": ""+25800"", ""sel_6th_pre_req_pre"": ""0"", ""sel_6th_pre_req"": ""12156"", ""sel_6th_pre_bid"": ""+25750"", ""sel_5th_pre_req_pre"": ""0"", ""sel_5th_pre_req"": ""6306"", ""sel_5th_pre_bid"": ""+25700"", ""sel_4th_pre_req_pre"": ""--35"", ""sel_4th_pre_req"": ""3791"", ""sel_4th_pre_bid"": ""+25650"", ""sel_3th_pre_req_pre"": ""0"", ""sel_3th_pre_req"": ""3184"", ""sel_3th_pre_bid"": ""+25600"", ""sel_2th_pre_req_pre"": ""--265"", ""sel_2th_pre_req"": ""4019"", ""sel_2th_pre_bid"": ""+25550"", ""sel_1th_pre_req_pre"": ""+300"", ""sel_fpr_req"": ""421"", ""sel_fpr_bid"": ""+25500"", ""buy_fpr_bid"": ""+25450"", ""buy_fpr_req"": ""2520"", ""buy_1th_pre_req_pre"": ""0"", ""buy_2th_pre_bid"": ""+25400"", ""buy_2th_pre_req"": ""5366"", ""buy_2th_pre_req_pre"": ""0"", ""buy_3th_pre_bid"": ""+25350"", ""buy_3th_pre_req"": ""3819"", ""buy_3th_pre_req_pre"": ""0"", ""buy_4th_pre_bid"": ""+25300"", ""buy_4th_pre_req"": ""4269"", ""buy_4th_pre_req_pre"": ""0"", ""buy_5th_pre_bid"": ""+25250"", ""buy_5th_pre_req"": ""3775"", ""buy_5th_pre_req_pre"": ""0"", ""buy_6th_pre_bid"": ""+25200"", ""buy_6th_pre_req"": ""5975"", ""buy_6th_pre_req_pre"": ""0"", ""buy_7th_pre_bid"": ""+25150"", ""buy_7th_pre_req"": ""1954"", ""buy_7th_pre_req_pre"": ""0"", ""buy_8th_pre_bid"": ""+25100"", ""buy_8th_pre_req"": ""3159"", ""buy_8th_pre_req_pre"": ""0"", ""buy_9th_pre_bid"": ""+25050"", ""buy_9th_pre_req"": ""2188"", ""buy_9th_pre_req_pre"": ""0"", ""buy_10th_pre_bid"": ""+25000"", ""buy_10th_pre_req"": ""4837"", ""buy_10th_pre_req_pre"": ""0"", ""tot_sel_req_jub_pre"": ""0"", ""tot_sel_req"": ""131199"", ""tot_buy_req"": ""37862"", ""tot_buy_req_jub_pre"": ""0"", ""ovt_sel_req_pre"": ""0"", ""ovt_sel_req"": ""0"", ""ovt_buy_req"": ""0"", ""ovt_buy_req_pre"": ""0"", ""return_code"": 0, ""return_msg"": ""정상적으로 처리되었습니다""}"
2026-06-10,scan_candidate,161390,,0,main_scan,70900,,70900,70800,70900,70900,-0.14104372355430184,0.14104372355430184,,,,,,"{""bid_req_base_tm"": ""113234"", ""sel_10th_pre_req_pre"": ""0"", ""sel_10th_pre_req"": ""133"", ""sel_10th_pre_bid"": ""-71800"", ""sel_9th_pre_req_pre"": ""0"", ""sel_9th_pre_req"": ""10"", ""sel_9th_pre_bid"": ""-71700"", ""sel_8th_pre_req_pre"": ""0"", ""sel_8th_pre_req"": ""3"", ""sel_8th_pre_bid"": ""-71600"", ""sel_7th_pre_req_pre"": ""0"", ""sel_7th_pre_req"": ""57"", ""sel_7th_pre_bid"": ""-71500"", ""sel_6th_pre_req_pre"": ""0"", ""sel_6th_pre_req"": ""32"", ""sel_6th_pre_bid"": ""-71400"", ""sel_5th_pre_req_pre"": ""0"", ""sel_5th_pre_req"": ""54"", ""sel_5th_pre_bid"": ""-71300"", ""sel_4th_pre_req_pre"": ""0"", ""sel_4th_pre_req"": ""270"", ""sel_4th_pre_bid"": ""-71200"", ""sel_3th_pre_req_pre"": ""0"", ""sel_3th_pre_req"": ""702"", ""sel_3th_pre_bid"": ""-71100"", ""sel_2th_pre_req_pre"": ""0"", ""sel_2th_pre_req"": ""984"", ""sel_2th_pre_bid"": ""-71000"", ""sel_1th_pre_req_pre"": ""+52"", ""sel_fpr_req"": ""2349"", ""sel_fpr_bid"": ""-70900"", ""buy_fpr_bid"": ""-70800"", ""buy_fpr_req"": ""3092"", ""buy_1th_pre_req_pre"": ""0"", ""buy_2th_pre_bid"": ""-70700"", ""buy_2th_pre_req"": ""273"", ""buy_2th_pre_req_pre"": ""0"", ""buy_3th_pre_bid"": ""-70600"", ""buy_3th_pre_req"": ""140"", ""buy_3th_pre_req_pre"": ""0"", ""buy_4th_pre_bid"": ""-70500"", ""buy_4th_pre_req"": ""361"", ""buy_4th_pre_req_pre"": ""0"", ""buy_5th_pre_bid"": ""-70400"", ""buy_5th_pre_req"": ""279"", ""buy_5th_pre_req_pre"": ""0"", ""buy_6th_pre_bid"": ""-70300"", ""buy_6th_pre_req"": ""142"", ""buy_6th_pre_req_pre"": ""0"", ""buy_7th_pre_bid"": ""-70200"", ""buy_7th_pre_req"": ""229"", ""buy_7th_pre_req_pre"": ""0"", ""buy_8th_pre_bid"": ""-70100"", ""buy_8th_pre_req"": ""216"", ""buy_8th_pre_req_pre"": ""0"", ""buy_9th_pre_bid"": ""-70000"", ""buy_9th_pre_req"": ""376"", ""buy_9th_pre_req_pre"": ""0"", ""buy_10th_pre_bid"": ""-69900"", ""buy_10th_pre_req"": ""135"", ""buy_10th_pre_req_pre"": ""0"", ""tot_sel_req_jub_pre"": ""+52"", ""tot_sel_req"": ""4594"", ""tot_buy_req"": ""5243"", ""tot_buy_req_jub_pre"": ""0"", ""ovt_sel_req_pre"": ""0"", ""ovt_sel_req"": ""0"", ""ovt_buy_req"": ""0"", ""ovt_buy_req_pre"": ""0"", ""return_code"": 0, ""return_msg"": ""정상적으로 처리되었습니다""}"
2026-06-10,scan_candidate,000880,,0,main_scan,119400,,119400,119200,119400,119500,-0.33500837520938026,0.16750418760469013,,,,,,"{""bid_req_base_tm"": ""113235"", ""sel_10th_pre_req_pre"": ""0"", ""sel_10th_pre_req"": ""1"", ""sel_10th_pre_bid"": ""+120500"", ""sel_9th_pre_req_pre"": ""0"", ""sel_9th_pre_req"": ""29"", ""sel_9th_pre_bid"": ""+120300"", ""sel_8th_pre_req_pre"": ""0"", ""sel_8th_pre_req"": ""79"", ""sel_8th_pre_bid"": ""+120200"", ""sel_7th_pre_req_pre"": ""0"", ""sel_7th_pre_req"": ""66"", ""sel_7th_pre_bid"": ""+120000"", ""sel_6th_pre_req_pre"": ""0"", ""sel_6th_pre_req"": ""113"", ""sel_6th_pre_bid"": ""+119900"", ""sel_5th_pre_req_pre"": ""0"", ""sel_5th_pre_req"": ""35"", ""sel_5th_pre_bid"": ""+119800"", ""sel_4th_pre_req_pre"": ""0"", ""sel_4th_pre_req"": ""68"", ""sel_4th_pre_bid"": ""+119700"", ""sel_3th_pre_req_pre"": ""0"", ""sel_3th_pre_req"": ""65"", ""sel_3th_pre_bid"": ""+119600"", ""sel_2th_pre_req_pre"": ""0"", ""sel_2th_pre_req"": ""174"", ""sel_2th_pre_bid"": ""+119500"", ""sel_1th_pre_req_pre"": ""+2"", ""sel_fpr_req"": ""5"", ""sel_fpr_bid"": ""+119400"", ""buy_fpr_bid"": ""+119200"", ""buy_fpr_req"": ""43"", ""buy_1th_pre_req_pre"": ""0"", ""buy_2th_pre_bid"": ""+119100"", ""buy_2th_pre_req"": ""88"", ""buy_2th_pre_req_pre"": ""0"", ""buy_3th_pre_bid"": ""+118700"", ""buy_3th_pre_req"": ""46"", ""buy_3th_pre_req_pre"": ""0"", ""buy_4th_pre_bid"": ""+118600"", ""buy_4th_pre_req"": ""101"", ""buy_4th_pre_req_pre"": ""0"", ""buy_5th_pre_bid"": ""+118500"", ""buy_5th_pre_req"": ""771"", ""buy_5th_pre_req_pre"": ""0"", ""buy_6th_pre_bid"": ""+118300"", ""buy_6th_pre_req"": ""96"", ""buy_6th_pre_req_pre"": ""0"", ""buy_7th_pre_bid"": ""+118200"", ""buy_7th_pre_req"": ""20"", ""buy_7th_pre_req_pre"": ""0"", ""buy_8th_pre_bid"": ""+118100"", ""buy_8th_pre_req"": ""5"", ""buy_8th_pre_req_pre"": ""0"", ""buy_9th_pre_bid"": ""+118000"", ""buy_9th_pre_req"": ""19"", ""buy_9th_pre_req_pre"": ""0"", ""buy_10th_pre_bid"": ""+117900"", ""buy_10th_pre_req"": ""14"", ""buy_10th_pre_req_pre"": ""0"", ""tot_sel_req_jub_pre"": ""+2"", ""tot_sel_req"": ""635"", ""tot_buy_req"": ""1203"", ""tot_buy_req_jub_pre"": ""0"", ""ovt_sel_req_pre"": ""0"", ""ovt_sel_req"": ""0"", ""ovt_buy_req"": ""0"", ""ovt_buy_req_pre"": ""0"", ""return_code"": 0, ""return_msg"": ""정상적으로 처리되었습니다""}"
2026-06-10,scan_candidate,180640,,0,main_scan,117000,,117000,116700,117000,117000,-0.4273504273504274,0.2564102564102564,,,,,,"{""bid_req_base_tm"": ""113234"", ""sel_10th_pre_req_pre"": ""0"", ""sel_10th_pre_req"": ""11"", ""sel_10th_pre_bid"": ""+118900"", ""sel_9th_pre_req_pre"": ""0"", ""sel_9th_pre_req"": ""4"", ""sel_9th_pre_bid"": ""+118700"", ""sel_8th_pre_req_pre"": ""0"", ""sel_8th_pre_req"": ""9"", ""sel_8th_pre_bid"": ""+118100"", ""sel_7th_pre_req_pre"": ""0"", ""sel_7th_pre_req"": ""2"", ""sel_7th_pre_bid"": ""+118000"", ""sel_6th_pre_req_pre"": ""0"", ""sel_6th_pre_req"": ""2"", ""sel_6th_pre_bid"": ""+117900"", ""sel_5th_pre_req_pre"": ""0"", ""sel_5th_pre_req"": ""17"", ""sel_5th_pre_bid"": ""+117500"", ""sel_4th_pre_req_pre"": ""0"", ""sel_4th_pre_req"": ""20"", ""sel_4th_pre_bid"": ""+117300"", ""sel_3th_pre_req_pre"": ""0"", ""sel_3th_pre_req"": ""34"", ""sel_3th_pre_bid"": ""+117200"", ""sel_2th_pre_req_pre"": ""0"", ""sel_2th_pre_req"": ""10"", ""sel_2th_pre_bid"": ""+117100"", ""sel_1th_pre_req_pre"": ""0"", ""sel_fpr_req"": ""12"", ""sel_fpr_bid"": ""+117000"", ""buy_fpr_bid"": ""+116700"", ""buy_fpr_req"": ""13"", ""buy_1th_pre_req_pre"": ""0"", ""buy_2th_pre_bid"": ""+116600"", ""buy_2th_pre_req"": ""9"", ""buy_2th_pre_req_pre"": ""0"", ""buy_3th_pre_bid"": ""+116500"", ""buy_3th_pre_req"": ""2"", ""buy_3th_pre_req_pre"": ""0"", ""buy_4th_pre_bid"": ""+116400"", ""buy_4th_pre_req"": ""2"", ""buy_4th_pre_req_pre"": ""0"", ""buy_5th_pre_bid"": ""+116300"", ""buy_5th_pre_req"": ""2"", ""buy_5th_pre_req_pre"": ""0"", ""buy_6th_pre_bid"": ""+116200"", ""buy_6th_pre_req"": ""3"", ""buy_6th_pre_req_pre"": ""--11"", ""buy_7th_pre_bid"": ""+116100"", ""buy_7th_pre_req"": ""12"", ""buy_7th_pre_req_pre"": ""--11"", ""buy_8th_pre_bid"": ""+116000"", ""buy_8th_pre_req"": ""62"", ""buy_8th_pre_req_pre"": ""0"", ""buy_9th_pre_bid"": ""+115900"", ""buy_9th_pre_req"": ""11"", ""buy_9th_pre_req_pre"": ""0"", ""buy_10th_pre_bid"": ""+115800"", ""buy_10th_pre_req"": ""51"", ""buy_10th_pre_req_pre"": ""0"", ""tot_sel_req_jub_pre"": ""0"", ""tot_sel_req"": ""121"", ""tot_buy_req"": ""167"", ""tot_buy_req_jub_pre"": ""--22"", ""ovt_sel_req_pre"": ""0"", ""ovt_sel_req"": ""0"", ""ovt_buy_req"": ""0"", ""ovt_buy_req_pre"": ""0"", ""return_code"": 0, ""return_msg"": ""정상적으로 처리되었습니다""}"
2026-06-10,scan_candidate,454910,,0,main_scan,109100,,109100,109000,109100,109000,-0.5499541704857929,0.09165902841429881,,,,,,"{""bid_req_base_tm"": ""113235"", ""sel_10th_pre_req_pre"": ""0"", ""sel_10th_pre_req"": ""2590"", ""sel_10th_pre_bid"": ""-110000"", ""sel_9th_pre_req_pre"": ""0"", ""sel_9th_pre_req"": ""253"", ""sel_9th_pre_bid"": ""-109900"", ""sel_8th_pre_req_pre"": ""0"", ""sel_8th_pre_req"": ""156"", ""sel_8th_pre_bid"": ""-109800"", ""sel_7th_pre_req_pre"": ""0"", ""sel_7th_pre_req"": ""74"", ""sel_7th_pre_bid"": ""-109700"", ""sel_6th_pre_req_pre"": ""0"", ""sel_6th_pre_req"": ""59"", ""sel_6th_pre_bid"": ""-109600"", ""sel_5th_pre_req_pre"": ""0"", ""sel_5th_pre_req"": ""187"", ""sel_5th_pre_bid"": ""-109500"", ""sel_4th_pre_req_pre"": ""0"", ""sel_4th_pre_req"": ""135"", ""sel_4th_pre_bid"": ""-109400"", ""sel_3th_pre_req_pre"": ""0"", ""sel_3th_pre_req"": ""189"", ""sel_3th_pre_bid"": ""-109300"", ""sel_2th_pre_req_pre"": ""0"", ""sel_2th_pre_req"": ""331"", ""sel_2th_pre_bid"": ""-109200"", ""sel_1th_pre_req_pre"": ""0"", ""sel_fpr_req"": ""56"", ""sel_fpr_bid"": ""-109100"", ""buy_fpr_bid"": ""-109000"", ""buy_fpr_req"": ""267"", ""buy_1th_pre_req_pre"": ""+1"", ""buy_2th_pre_bid"": ""-108900"", ""buy_2th_pre_req"": ""87"", ""buy_2th_pre_req_pre"": ""0"", ""buy_3th_pre_bid"": ""-108800"", ""buy_3th_pre_req"": ""297"", ""buy_3th_pre_req_pre"": ""0"", ""buy_4th_pre_bid"": ""-108700"", ""buy_4th_pre_req"": ""732"", ""buy_4th_pre_req_pre"": ""0"", ""buy_5th_pre_bid"": ""-108600"", ""buy_5th_pre_req"": ""910"", ""buy_5th_pre_req_pre"": ""0"", ""buy_6th_pre_bid"": ""-108500"", ""buy_6th_pre_req"": ""3705"", ""buy_6th_pre_req_pre"": ""+1"", ""buy_7th_pre_bid"": ""-108400"", ""buy_7th_pre_req"": ""916"", ""buy_7th_pre_req_pre"": ""0"", ""buy_8th_pre_bid"": ""-108300"", ""buy_8th_pre_req"": ""639"", ""buy_8th_pre_req_pre"": ""0"", ""buy_9th_pre_bid"": ""-108200"", ""buy_9th_pre_req"": ""839"", ""buy_9th_pre_req_pre"": ""0"", ""buy_10th_pre_bid"": ""-108100"", ""buy_10th_pre_req"": ""1206"", ""buy_10th_pre_req_pre"": ""0"", ""tot_sel_req_jub_pre"": ""0"", ""tot_sel_req"": ""4030"", ""tot_buy_req"": ""9598"", ""tot_buy_req_jub_pre"": ""+2"", ""ovt_sel_req_pre"": ""0"", ""ovt_sel_req"": ""0"", ""ovt_buy_req"": ""0"", ""ovt_buy_req_pre"": ""0"", ""return_code"": 0, ""return_msg"": ""정상적으로 처리되었습니다""}"
2026-06-10,scan_candidate,353200,,0,main_scan,154300,,154300,154200,154300,154500,-0.19442644199611148,0.06480881399870382,,,,,,"{""bid_req_base_tm"": ""113236"", ""sel_10th_pre_req_pre"": ""0"", ""sel_10th_pre_req"": ""1"", ""sel_10th_pre_bid"": ""+155400"", ""sel_9th_pre_req_pre"": ""0"", ""sel_9th_pre_req"": ""4"", ""sel_9th_pre_bid"": ""+155300"", ""sel_8th_pre_req_pre"": ""0"", ""sel_8th_pre_req"": ""52"", ""sel_8th_pre_bid"": ""+155200"", ""sel_7th_pre_req_pre"": ""0"", ""sel_7th_pre_req"": ""1"", ""sel_7th_pre_bid"": ""+155100"", ""sel_6th_pre_req_pre"": ""0"", ""sel_6th_pre_req"": ""18"", ""sel_6th_pre_bid"": ""+155000"", ""sel_5th_pre_req_pre"": ""0"", ""sel_5th_pre_req"": ""18"", ""sel_5th_pre_bid"": ""+154900"", ""sel_4th_pre_req_pre"": ""0"", ""sel_4th_pre_req"": ""56"", ""sel_4th_pre_bid"": ""+154800"", ""sel_3th_pre_req_pre"": ""0"", ""sel_3th_pre_req"": ""527"", ""sel_3th_pre_bid"": ""+154600"", ""sel_2th_pre_req_pre"": ""0"", ""sel_2th_pre_req"": ""40"", ""sel_2th_pre_bid"": ""+154400"", ""sel_1th_pre_req_pre"": ""0"", ""sel_fpr_req"": ""62"", ""sel_fpr_bid"": ""+154300"", ""buy_fpr_bid"": ""+154200"", ""buy_fpr_req"": ""6"", ""buy_1th_pre_req_pre"": ""0"", ""buy_2th_pre_bid"": ""+154100"", ""buy_2th_pre_req"": ""193"", ""buy_2th_pre_req_pre"": ""+1"", ""buy_3th_pre_bid"": ""+154000"", ""buy_3th_pre_req"": ""279"", ""buy_3th_pre_req_pre"": ""0"", ""buy_4th_pre_bid"": ""+153900"", ""buy_4th_pre_req"": ""154"", ""buy_4th_pre_req_pre"": ""0"", ""buy_5th_pre_bid"": ""+153800"", ""buy_5th_pre_req"": ""1107"", ""buy_5th_pre_req_pre"": ""0"", ""buy_6th_pre_bid"": ""+153700"", ""buy_6th_pre_req"": ""39"", ""buy_6th_pre_req_pre"": ""0"", ""buy_7th_pre_bid"": ""+153600"", ""buy_7th_pre_req"": ""337"", ""buy_7th_pre_req_pre"": ""0"", ""buy_8th_pre_bid"": ""+153500"", ""buy_8th_pre_req"": ""881"", ""buy_8th_pre_req_pre"": ""0"", ""buy_9th_pre_bid"": ""+153400"", ""buy_9th_pre_req"": ""114"", ""buy_9th_pre_req_pre"": ""0"", ""buy_10th_pre_bid"": ""+153300"", ""buy_10th_pre_req"": ""227"", ""buy_10th_pre_req_pre"": ""0"", ""tot_sel_req_jub_pre"": ""0"", ""tot_sel_req"": ""779"", ""tot_buy_req"": ""3337"", ""tot_buy_req_jub_pre"": ""+1"", ""ovt_sel_req_pre"": ""0"", ""ovt_sel_req"": ""0"", ""ovt_buy_req"": ""0"", ""ovt_buy_req_pre"": ""0"", ""return_code"": 0, ""return_msg"": ""정상적으로 처리되었습니다""}"
2026-06-10,scan_candidate,326030,,0,main_scan,88000,,88000,87900,88000,88300,0.22727272727272727,0.11363636363636363,,,,,,"{""bid_req_base_tm"": ""113236"", ""sel_10th_pre_req_pre"": ""0"", ""sel_10th_pre_req"": ""55"", ""sel_10th_pre_bid"": ""-89000"", ""sel_9th_pre_req_pre"": ""0"", ""sel_9th_pre_req"": ""31"", ""sel_9th_pre_bid"": ""-88900"", ""sel_8th_pre_req_pre"": ""0"", ""sel_8th_pre_req"": ""100"", ""sel_8th_pre_bid"": ""-88800"", ""sel_7th_pre_req_pre"": ""0"", ""sel_7th_pre_req"": ""38"", ""sel_7th_pre_bid"": ""-88700"", ""sel_6th_pre_req_pre"": ""0"", ""sel_6th_pre_req"": ""45"", ""sel_6th_pre_bid"": ""-88600"", ""sel_5th_pre_req_pre"": ""0"", ""sel_5th_pre_req"": ""70"", ""sel_5th_pre_bid"": ""-88500"", ""sel_4th_pre_req_pre"": ""0"", ""sel_4th_pre_req"": ""27"", ""sel_4th_pre_bid"": ""-88300"", ""sel_3th_pre_req_pre"": ""0"", ""sel_3th_pre_req"": ""44"", ""sel_3th_pre_bid"": ""-88200"", ""sel_2th_pre_req_pre"": ""0"", ""sel_2th_pre_req"": ""53"", ""sel_2th_pre_bid"": ""-88100"", ""sel_1th_pre_req_pre"": ""0"", ""sel_fpr_req"": ""1"", ""sel_fpr_bid"": ""-88000"", ""buy_fpr_bid"": ""-87900"", ""buy_fpr_req"": ""156"", ""buy_1th_pre_req_pre"": ""--40"", ""buy_2th_pre_bid"": ""-87800"", ""buy_2th_pre_req"": ""82"", ""buy_2th_pre_req_pre"": ""--33"", ""buy_3th_pre_bid"": ""-87700"", ""buy_3th_pre_req"": ""101"", ""buy_3th_pre_req_pre"": ""0"", ""buy_4th_pre_bid"": ""-87600"", ""buy_4th_pre_req"": ""189"", ""buy_4th_pre_req_pre"": ""0"", ""buy_5th_pre_bid"": ""-87500"", ""buy_5th_pre_req"": ""433"", ""buy_5th_pre_req_pre"": ""0"", ""buy_6th_pre_bid"": ""-87400"", ""buy_6th_pre_req"": ""201"", ""buy_6th_pre_req_pre"": ""0"", ""buy_7th_pre_bid"": ""-87300"", ""buy_7th_pre_req"": ""487"", ""buy_7th_pre_req_pre"": ""0"", ""buy_8th_pre_bid"": ""-87200"", ""buy_8th_pre_req"": ""285"", ""buy_8th_pre_req_pre"": ""0"", ""buy_9th_pre_bid"": ""-87100"", ""buy_9th_pre_req"": ""508"", ""buy_9th_pre_req_pre"": ""0"", ""buy_10th_pre_bid"": ""-87000"", ""buy_10th_pre_req"": ""1235"", ""buy_10th_pre_req_pre"": ""0"", ""tot_sel_req_jub_pre"": ""0"", ""tot_sel_req"": ""464"", ""tot_buy_req"": ""3677"", ""tot_buy_req_jub_pre"": ""--73"", ""ovt_sel_req_pre"": ""0"", ""ovt_sel_req"": ""0"", ""ovt_buy_req"": ""0"", ""ovt_buy_req_pre"": ""0"", ""return_code"": 0, ""return_msg"": ""정상적으로 처리되었습니다""}"
2026-06-10,scan_candidate,034220,,0,main_scan,13040,,13040,13030,13040,13050,-0.3067484662576687,0.07668711656441718,,,,,,"{""bid_req_base_tm"": ""113235"", ""sel_10th_pre_req_pre"": ""0"", ""sel_10th_pre_req"": ""428"", ""sel_10th_pre_bid"": ""-13130"", ""sel_9th_pre_req_pre"": ""0"", ""sel_9th_pre_req"": ""30"", ""sel_9th_pre_bid"": ""-13120"", ""sel_8th_pre_req_pre"": ""0"", ""sel_8th_pre_req"": ""984"", ""sel_8th_pre_bid"": ""-13110"", ""sel_7th_pre_req_pre"": ""0"", ""sel_7th_pre_req"": ""1066"", ""sel_7th_pre_bid"": ""-13100"", ""sel_6th_pre_req_pre"": ""0"", ""sel_6th_pre_req"": ""134"", ""sel_6th_pre_bid"": ""-13090"", ""sel_5th_pre_req_pre"": ""0"", ""sel_5th_pre_req"": ""584"", ""sel_5th_pre_bid"": ""-13080"", ""sel_4th_pre_req_pre"": ""0"", ""sel_4th_pre_req"": ""560"", ""sel_4th_pre_bid"": ""-13070"", ""sel_3th_pre_req_pre"": ""0"", ""sel_3th_pre_req"": ""232"", ""sel_3th_pre_bid"": ""-13060"", ""sel_2th_pre_req_pre"": ""0"", ""sel_2th_pre_req"": ""1204"", ""sel_2th_pre_bid"": ""-13050"", ""sel_1th_pre_req_pre"": ""0"", ""sel_fpr_req"": ""258"", ""sel_fpr_bid"": ""-13040"", ""buy_fpr_bid"": ""-13030"", ""buy_fpr_req"": ""4907"", ""buy_1th_pre_req_pre"": ""0"", ""buy_2th_pre_bid"": ""-13020"", ""buy_2th_pre_req"": ""15349"", ""buy_2th_pre_req_pre"": ""0"", ""buy_3th_pre_bid"": ""-13010"", ""buy_3th_pre_req"": ""17299"", ""buy_3th_pre_req_pre"": ""0"", ""buy_4th_pre_bid"": ""-13000"", ""buy_4th_pre_req"": ""101262"", ""buy_4th_pre_req_pre"": ""+10"", ""buy_5th_pre_bid"": ""-12990"", ""buy_5th_pre_req"": ""17408"", ""buy_5th_pre_req_pre"": ""0"", ""buy_6th_pre_bid"": ""-12980"", ""buy_6th_pre_req"": ""19596"", ""buy_6th_pre_req_pre"": ""0"", ""buy_7th_pre_bid"": ""-12970"", ""buy_7th_pre_req"": ""9322"", ""buy_7th_pre_req_pre"": ""0"", ""buy_8th_pre_bid"": ""-12960"", ""buy_8th_pre_req"": ""9949"", ""buy_8th_pre_req_pre"": ""0"", ""buy_9th_pre_bid"": ""-12950"", ""buy_9th_pre_req"": ""12273"", ""buy_9th_pre_req_pre"": ""0"", ""buy_10th_pre_bid"": ""-12940"", ""buy_10th_pre_req"": ""3602"", ""buy_10th_pre_req_pre"": ""0"", ""tot_sel_req_jub_pre"": ""0"", ""tot_sel_req"": ""5480"", ""tot_buy_req"": ""210967"", ""tot_buy_req_jub_pre"": ""+10"", ""ovt_sel_req_pre"": ""0"", ""ovt_sel_req"": ""0"", ""ovt_buy_req"": ""0"", ""ovt_buy_req_pre"": ""0"", ""return_code"": 0, ""return_msg"": ""정상적으로 처리되었습니다""}"
2026-06-10,scan_candidate,078930,,0,main_scan,73900,,73900,73800,73900,73400,-0.8119079837618403,0.13531799729364005,,,,,,"{""bid_req_base_tm"": ""113235"", ""sel_10th_pre_req_pre"": ""0"", ""sel_10th_pre_req"": ""24"", ""sel_10th_pre_bid"": ""+74800"", ""sel_9th_pre_req_pre"": ""0"", ""sel_9th_pre_req"": ""234"", ""sel_9th_pre_bid"": ""+74700"", ""sel_8th_pre_req_pre"": ""0"", ""sel_8th_pre_req"": ""104"", ""sel_8th_pre_bid"": ""+74600"", ""sel_7th_pre_req_pre"": ""0"", ""sel_7th_pre_req"": ""386"", ""sel_7th_pre_bid"": ""+74500"", ""sel_6th_pre_req_pre"": ""0"", ""sel_6th_pre_req"": ""107"", ""sel_6th_pre_bid"": ""+74400"", ""sel_5th_pre_req_pre"": ""0"", ""sel_5th_pre_req"": ""113"", ""sel_5th_pre_bid"": ""+74300"", ""sel_4th_pre_req_pre"": ""0"", ""sel_4th_pre_req"": ""40"", ""sel_4th_pre_bid"": ""+74200"", ""sel_3th_pre_req_pre"": ""0"", ""sel_3th_pre_req"": ""17"", ""sel_3th_pre_bid"": ""+74100"", ""sel_2th_pre_req_pre"": ""0"", ""sel_2th_pre_req"": ""37"", ""sel_2th_pre_bid"": ""+74000"", ""sel_1th_pre_req_pre"": ""0"", ""sel_fpr_req"": ""1134"", ""sel_fpr_bid"": ""+73900"", ""buy_fpr_bid"": ""73800"", ""buy_fpr_req"": ""221"", ""buy_1th_pre_req_pre"": ""0"", ""buy_2th_pre_bid"": ""-73700"", ""buy_2th_pre_req"": ""352"", ""buy_2th_pre_req_pre"": ""0"", ""buy_3th_pre_bid"": ""-73600"", ""buy_3th_pre_req"": ""143"", ""buy_3th_pre_req_pre"": ""0"", ""buy_4th_pre_bid"": ""-73500"", ""buy_4th_pre_req"": ""90"", ""buy_4th_pre_req_pre"": ""+50"", ""buy_5th_pre_bid"": ""-73400"", ""buy_5th_pre_req"": ""21"", ""buy_5th_pre_req_pre"": ""--50"", ""buy_6th_pre_bid"": ""-73300"", ""buy_6th_pre_req"": ""30"", ""buy_6th_pre_req_pre"": ""0"", ""buy_7th_pre_bid"": ""-73200"", ""buy_7th_pre_req"": ""137"", ""buy_7th_pre_req_pre"": ""0"", ""buy_8th_pre_bid"": ""-73100"", ""buy_8th_pre_req"": ""152"", ""buy_8th_pre_req_pre"": ""0"", ""buy_9th_pre_bid"": ""-73000"", ""buy_9th_pre_req"": ""4"", ""buy_9th_pre_req_pre"": ""0"", ""buy_10th_pre_bid"": ""-72900"", ""buy_10th_pre_req"": ""8"", ""buy_10th_pre_req_pre"": ""0"", ""tot_sel_req_jub_pre"": ""0"", ""tot_sel_req"": ""2196"", ""tot_buy_req"": ""1158"", ""tot_buy_req_jub_pre"": ""0"", ""ovt_sel_req_pre"": ""0"", ""ovt_sel_req"": ""0"", ""ovt_buy_req"": ""0"", ""ovt_buy_req_pre"": ""0"", ""return_code"": 0, ""return_msg"": ""정상적으로 처리되었습니다""}"
2026-06-10,scan_candidate,090430,,0,main_scan,112100,,112100,112000,112100,112000,-0.535236396074933,0.08920606601248886,,,,,,"{""bid_req_base_tm"": ""113237"", ""sel_10th_pre_req_pre"": ""0"", ""sel_10th_pre_req"": ""167"", ""sel_10th_pre_bid"": ""+113000"", ""sel_9th_pre_req_pre"": ""0"", ""sel_9th_pre_req"": ""80"", ""sel_9th_pre_bid"": ""+112900"", ""sel_8th_pre_req_pre"": ""0"", ""sel_8th_pre_req"": ""5"", ""sel_8th_pre_bid"": ""+112800"", ""sel_7th_pre_req_pre"": ""0"", ""sel_7th_pre_req"": ""5"", ""sel_7th_pre_bid"": ""+112700"", ""sel_6th_pre_req_pre"": ""0"", ""sel_6th_pre_req"": ""5"", ""sel_6th_pre_bid"": ""+112600"", ""sel_5th_pre_req_pre"": ""0"", ""sel_5th_pre_req"": ""12"", ""sel_5th_pre_bid"": ""+112500"", ""sel_4th_pre_req_pre"": ""0"", ""sel_4th_pre_req"": ""30"", ""sel_4th_pre_bid"": ""+112400"", ""sel_3th_pre_req_pre"": ""0"", ""sel_3th_pre_req"": ""191"", ""sel_3th_pre_bid"": ""+112300"", ""sel_2th_pre_req_pre"": ""+18"", ""sel_2th_pre_req"": ""123"", ""sel_2th_pre_bid"": ""+112200"", ""sel_1th_pre_req_pre"": ""0"", ""sel_fpr_req"": ""79"", ""sel_fpr_bid"": ""+112100"", ""buy_fpr_bid"": ""112000"", ""buy_fpr_req"": ""155"", ""buy_1th_pre_req_pre"": ""0"", ""buy_2th_pre_bid"": ""-111900"", ""buy_2th_pre_req"": ""52"", ""buy_2th_pre_req_pre"": ""0"", ""buy_3th_pre_bid"": ""-111800"", ""buy_3th_pre_req"": ""136"", ""buy_3th_pre_req_pre"": ""0"", ""buy_4th_pre_bid"": ""-111700"", ""buy_4th_pre_req"": ""311"", ""buy_4th_pre_req_pre"": ""0"", ""buy_5th_pre_bid"": ""-111600"", ""buy_5th_pre_req"": ""46"", ""buy_5th_pre_req_pre"": ""0"", ""buy_6th_pre_bid"": ""-111500"", ""buy_6th_pre_req"": ""2215"", ""buy_6th_pre_req_pre"": ""0"", ""buy_7th_pre_bid"": ""-111400"", ""buy_7th_pre_req"": ""122"", ""buy_7th_pre_req_pre"": ""0"", ""buy_8th_pre_bid"": ""-111300"", ""buy_8th_pre_req"": ""32"", ""buy_8th_pre_req_pre"": ""0"", ""buy_9th_pre_bid"": ""-111200"", ""buy_9th_pre_req"": ""13"", ""buy_9th_pre_req_pre"": ""0"", ""buy_10th_pre_bid"": ""-111100"", ""buy_10th_pre_req"": ""21"", ""buy_10th_pre_req_pre"": ""0"", ""tot_sel_req_jub_pre"": ""+18"", ""tot_sel_req"": ""697"", ""tot_buy_req"": ""3103"", ""tot_buy_req_jub_pre"": ""0"", ""ovt_sel_req_pre"": ""0"", ""ovt_sel_req"": ""0"", ""ovt_buy_req"": ""0"", ""ovt_buy_req_pre"": ""0"", ""return_code"": 0, ""return_msg"": ""정상적으로 처리되었습니다""}"
2026-06-10,scan_candidate,004170,,0,main_scan,680000,,680000,677000,680000,679000,-0.29411764705882354,0.4411764705882353,,,,,,"{""bid_req_base_tm"": ""113236"", ""sel_10th_pre_req_pre"": ""0"", ""sel_10th_pre_req"": ""196"", ""sel_10th_pre_bid"": ""+689000"", ""sel_9th_pre_req_pre"": ""0"", ""sel_9th_pre_req"": ""52"", ""sel_9th_pre_bid"": ""+688000"", ""sel_8th_pre_req_pre"": ""0"", ""sel_8th_pre_req"": ""3"", ""sel_8th_pre_bid"": ""+687000"", ""sel_7th_pre_req_pre"": ""0"", ""sel_7th_pre_req"": ""51"", ""sel_7th_pre_bid"": ""+686000"", ""sel_6th_pre_req_pre"": ""0"", ""sel_6th_pre_req"": ""63"", ""sel_6th_pre_bid"": ""+685000"", ""sel_5th_pre_req_pre"": ""+1"", ""sel_5th_pre_req"": ""23"", ""sel_5th_pre_bid"": ""+684000"", ""sel_4th_pre_req_pre"": ""0"", ""sel_4th_pre_req"": ""22"", ""sel_4th_pre_bid"": ""+683000"", ""sel_3th_pre_req_pre"": ""0"", ""sel_3th_pre_req"": ""11"", ""sel_3th_pre_bid"": ""+682000"", ""sel_2th_pre_req_pre"": ""0"", ""sel_2th_pre_req"": ""24"", ""sel_2th_pre_bid"": ""+681000"", ""sel_1th_pre_req_pre"": ""0"", ""sel_fpr_req"": ""59"", ""sel_fpr_bid"": ""+680000"", ""buy_fpr_bid"": ""+677000"", ""buy_fpr_req"": ""13"", ""buy_1th_pre_req_pre"": ""0"", ""buy_2th_pre_bid"": ""+676000"", ""buy_2th_pre_req"": ""25"", ""buy_2th_pre_req_pre"": ""0"", ""buy_3th_pre_bid"": ""+675000"", ""buy_3th_pre_req"": ""11"", ""buy_3th_pre_req_pre"": ""0"", ""buy_4th_pre_bid"": ""+674000"", ""buy_4th_pre_req"": ""17"", ""buy_4th_pre_req_pre"": ""0"", ""buy_5th_pre_bid"": ""+673000"", ""buy_5th_pre_req"": ""102"", ""buy_5th_pre_req_pre"": ""0"", ""buy_6th_pre_bid"": ""+672000"", ""buy_6th_pre_req"": ""13"", ""buy_6th_pre_req_pre"": ""0"", ""buy_7th_pre_bid"": ""+671000"", ""buy_7th_pre_req"": ""25"", ""buy_7th_pre_req_pre"": ""0"", ""buy_8th_pre_bid"": ""+670000"", ""buy_8th_pre_req"": ""636"", ""buy_8th_pre_req_pre"": ""0"", ""buy_9th_pre_bid"": ""+669000"", ""buy_9th_pre_req"": ""120"", ""buy_9th_pre_req_pre"": ""0"", ""buy_10th_pre_bid"": ""+668000"", ""buy_10th_pre_req"": ""11"", ""buy_10th_pre_req_pre"": ""0"", ""tot_sel_req_jub_pre"": ""+1"", ""tot_sel_req"": ""504"", ""tot_buy_req"": ""973"", ""tot_buy_req_jub_pre"": ""0"", ""ovt_sel_req_pre"": ""0"", ""ovt_sel_req"": ""0"", ""ovt_buy_req"": ""0"", ""ovt_buy_req_pre"": ""0"", ""return_code"": 0, ""return_msg"": ""정상적으로 처리되었습니다""}"
2026-06-10,scan_candidate,036570,,0,main_scan,256500,,256500,256000,256500,258000,0.3898635477582846,0.1949317738791423,,,,,,"{""bid_req_base_tm"": ""113237"", ""sel_10th_pre_req_pre"": ""0"", ""sel_10th_pre_req"": ""78"", ""sel_10th_pre_bid"": ""-261000"", ""sel_9th_pre_req_pre"": ""0"", ""sel_9th_pre_req"": ""15"", ""sel_9th_pre_bid"": ""-260500"", ""sel_8th_pre_req_pre"": ""0"", ""sel_8th_pre_req"": ""46"", ""sel_8th_pre_bid"": ""-260000"", ""sel_7th_pre_req_pre"": ""0"", ""sel_7th_pre_req"": ""62"", ""sel_7th_pre_bid"": ""-259500"", ""sel_6th_pre_req_pre"": ""0"", ""sel_6th_pre_req"": ""12"", ""sel_6th_pre_bid"": ""-259000"", ""sel_5th_pre_req_pre"": ""0"", ""sel_5th_pre_req"": ""13"", ""sel_5th_pre_bid"": ""-258500"", ""sel_4th_pre_req_pre"": ""0"", ""sel_4th_pre_req"": ""11"", ""sel_4th_pre_bid"": ""-258000"", ""sel_3th_pre_req_pre"": ""0"", ""sel_3th_pre_req"": ""8"", ""sel_3th_pre_bid"": ""-257500"", ""sel_2th_pre_req_pre"": ""0"", ""sel_2th_pre_req"": ""100"", ""sel_2th_pre_bid"": ""-257000"", ""sel_1th_pre_req_pre"": ""0"", ""sel_fpr_req"": ""138"", ""sel_fpr_bid"": ""-256500"", ""buy_fpr_bid"": ""-256000"", ""buy_fpr_req"": ""97"", ""buy_1th_pre_req_pre"": ""--1"", ""buy_2th_pre_bid"": ""-255500"", ""buy_2th_pre_req"": ""169"", ""buy_2th_pre_req_pre"": ""0"", ""buy_3th_pre_bid"": ""-255000"", ""buy_3th_pre_req"": ""356"", ""buy_3th_pre_req_pre"": ""0"", ""buy_4th_pre_bid"": ""-254500"", ""buy_4th_pre_req"": ""391"", ""buy_4th_pre_req_pre"": ""0"", ""buy_5th_pre_bid"": ""-254000"", ""buy_5th_pre_req"": ""347"", ""buy_5th_pre_req_pre"": ""0"", ""buy_6th_pre_bid"": ""-253500"", ""buy_6th_pre_req"": ""428"", ""buy_6th_pre_req_pre"": ""0"", ""buy_7th_pre_bid"": ""-253000"", ""buy_7th_pre_req"": ""732"", ""buy_7th_pre_req_pre"": ""0"", ""buy_8th_pre_bid"": ""-252500"", ""buy_8th_pre_req"": ""217"", ""buy_8th_pre_req_pre"": ""0"", ""buy_9th_pre_bid"": ""-252000"", ""buy_9th_pre_req"": ""220"", ""buy_9th_pre_req_pre"": ""0"", ""buy_10th_pre_bid"": ""-251500"", ""buy_10th_pre_req"": ""223"", ""buy_10th_pre_req_pre"": ""0"", ""tot_sel_req_jub_pre"": ""0"", ""tot_sel_req"": ""483"", ""tot_buy_req"": ""3180"", ""tot_buy_req_jub_pre"": ""--1"", ""ovt_sel_req_pre"": ""0"", ""ovt_sel_req"": ""0"", ""ovt_buy_req"": ""0"", ""ovt_buy_req_pre"": ""0"", ""return_code"": 0, ""return_msg"": ""정상적으로 처리되었습니다""}"
2026-06-10,scan_candidate,271560,,0,main_scan,132300,,132300,132200,132300,132000,-0.6046863189720333,0.07558578987150416,,,,,,"{""bid_req_base_tm"": ""113236"", ""sel_10th_pre_req_pre"": ""0"", ""sel_10th_pre_req"": ""3"", ""sel_10th_pre_bid"": ""+133300"", ""sel_9th_pre_req_pre"": ""0"", ""sel_9th_pre_req"": ""28"", ""sel_9th_pre_bid"": ""+133200"", ""sel_8th_pre_req_pre"": ""0"", ""sel_8th_pre_req"": ""46"", ""sel_8th_pre_bid"": ""+133000"", ""sel_7th_pre_req_pre"": ""0"", ""sel_7th_pre_req"": ""15"", ""sel_7th_pre_bid"": ""132900"", ""sel_6th_pre_req_pre"": ""0"", ""sel_6th_pre_req"": ""10"", ""sel_6th_pre_bid"": ""-132800"", ""sel_5th_pre_req_pre"": ""0"", ""sel_5th_pre_req"": ""9"", ""sel_5th_pre_bid"": ""-132700"", ""sel_4th_pre_req_pre"": ""0"", ""sel_4th_pre_req"": ""11"", ""sel_4th_pre_bid"": ""-132600"", ""sel_3th_pre_req_pre"": ""0"", ""sel_3th_pre_req"": ""77"", ""sel_3th_pre_bid"": ""-132500"", ""sel_2th_pre_req_pre"": ""0"", ""sel_2th_pre_req"": ""133"", ""sel_2th_pre_bid"": ""-132400"", ""sel_1th_pre_req_pre"": ""0"", ""sel_fpr_req"": ""82"", ""sel_fpr_bid"": ""-132300"", ""buy_fpr_bid"": ""-132200"", ""buy_fpr_req"": ""183"", ""buy_1th_pre_req_pre"": ""--10"", ""buy_2th_pre_bid"": ""-132100"", ""buy_2th_pre_req"": ""51"", ""buy_2th_pre_req_pre"": ""0"", ""buy_3th_pre_bid"": ""-132000"", ""buy_3th_pre_req"": ""13"", ""buy_3th_pre_req_pre"": ""0"", ""buy_4th_pre_bid"": ""-131900"", ""buy_4th_pre_req"": ""143"", ""buy_4th_pre_req_pre"": ""0"", ""buy_5th_pre_bid"": ""-131800"", ""buy_5th_pre_req"": ""10"", ""buy_5th_pre_req_pre"": ""0"", ""buy_6th_pre_bid"": ""-131600"", ""buy_6th_pre_req"": ""1"", ""buy_6th_pre_req_pre"": ""0"", ""buy_7th_pre_bid"": ""-131500"", ""buy_7th_pre_req"": ""473"", ""buy_7th_pre_req_pre"": ""0"", ""buy_8th_pre_bid"": ""-131400"", ""buy_8th_pre_req"": ""1"", ""buy_8th_pre_req_pre"": ""0"", ""buy_9th_pre_bid"": ""-131300"", ""buy_9th_pre_req"": ""1"", ""buy_9th_pre_req_pre"": ""0"", ""buy_10th_pre_bid"": ""-131200"", ""buy_10th_pre_req"": ""136"", ""buy_10th_pre_req_pre"": ""0"", ""tot_sel_req_jub_pre"": ""0"", ""tot_sel_req"": ""414"", ""tot_buy_req"": ""1012"", ""tot_buy_req_jub_pre"": ""--10"", ""ovt_sel_req_pre"": ""0"", ""ovt_sel_req"": ""0"", ""ovt_buy_req"": ""0"", ""ovt_buy_req_pre"": ""0"", ""return_code"": 0, ""return_msg"": ""정상적으로 처리되었습니다""}"
2026-06-10,scan_candidate,023530,,0,main_scan,192500,,192500,192400,192500,192000,-0.5194805194805194,0.05194805194805195,,,,,,"{""bid_req_base_tm"": ""113237"", ""sel_10th_pre_req_pre"": ""0"", ""sel_10th_pre_req"": ""20"", ""sel_10th_pre_bid"": ""+193900"", ""sel_9th_pre_req_pre"": ""0"", ""sel_9th_pre_req"": ""1"", ""sel_9th_pre_bid"": ""+193800"", ""sel_8th_pre_req_pre"": ""0"", ""sel_8th_pre_req"": ""1"", ""sel_8th_pre_bid"": ""+193700"", ""sel_7th_pre_req_pre"": ""0"", ""sel_7th_pre_req"": ""24"", ""sel_7th_pre_bid"": ""+193500"", ""sel_6th_pre_req_pre"": ""0"", ""sel_6th_pre_req"": ""6"", ""sel_6th_pre_bid"": ""+193300"", ""sel_5th_pre_req_pre"": ""0"", ""sel_5th_pre_req"": ""37"", ""sel_5th_pre_bid"": ""+193200"", ""sel_4th_pre_req_pre"": ""0"", ""sel_4th_pre_req"": ""6"", ""sel_4th_pre_bid"": ""+192900"", ""sel_3th_pre_req_pre"": ""--21"", ""sel_3th_pre_req"": ""1"", ""sel_3th_pre_bid"": ""+192700"", ""sel_2th_pre_req_pre"": ""+21"", ""sel_2th_pre_req"": ""27"", ""sel_2th_pre_bid"": ""+192600"", ""sel_1th_pre_req_pre"": ""0"", ""sel_fpr_req"": ""10"", ""sel_fpr_bid"": ""+192500"", ""buy_fpr_bid"": ""+192400"", ""buy_fpr_req"": ""8"", ""buy_1th_pre_req_pre"": ""0"", ""buy_2th_pre_bid"": ""+192300"", ""buy_2th_pre_req"": ""13"", ""buy_2th_pre_req_pre"": ""0"", ""buy_3th_pre_bid"": ""+192200"", ""buy_3th_pre_req"": ""16"", ""buy_3th_pre_req_pre"": ""0"", ""buy_4th_pre_bid"": ""+191900"", ""buy_4th_pre_req"": ""4"", ""buy_4th_pre_req_pre"": ""0"", ""buy_5th_pre_bid"": ""+191600"", ""buy_5th_pre_req"": ""15"", ""buy_5th_pre_req_pre"": ""0"", ""buy_6th_pre_bid"": ""+191500"", ""buy_6th_pre_req"": ""4"", ""buy_6th_pre_req_pre"": ""0"", ""buy_7th_pre_bid"": ""+191400"", ""buy_7th_pre_req"": ""5"", ""buy_7th_pre_req_pre"": ""0"", ""buy_8th_pre_bid"": ""+191200"", ""buy_8th_pre_req"": ""10"", ""buy_8th_pre_req_pre"": ""0"", ""buy_9th_pre_bid"": ""+191100"", ""buy_9th_pre_req"": ""15"", ""buy_9th_pre_req_pre"": ""0"", ""buy_10th_pre_bid"": ""+191000"", ""buy_10th_pre_req"": ""23"", ""buy_10th_pre_req_pre"": ""0"", ""tot_sel_req_jub_pre"": ""0"", ""tot_sel_req"": ""133"", ""tot_buy_req"": ""113"", ""tot_buy_req_jub_pre"": ""0"", ""ovt_sel_req_pre"": ""0"", ""ovt_sel_req"": ""0"", ""ovt_buy_req"": ""0"", ""ovt_buy_req_pre"": ""0"", ""return_code"": 0, ""return_msg"": ""정상적으로 처리되었습니다""}"
2026-06-10,scan_candidate,175330,,0,main_scan,25500,,25500,25450,25500,25650,0.39215686274509803,0.19607843137254902,,,,,,"{""bid_req_base_tm"": ""113229"", ""sel_10th_pre_req_pre"": ""0"", ""sel_10th_pre_req"": ""143"", ""sel_10th_pre_bid"": ""+25950"", ""sel_9th_pre_req_pre"": ""0"", ""sel_9th_pre_req"": ""563"", ""sel_9th_pre_bid"": ""25900"", ""sel_8th_pre_req_pre"": ""0"", ""sel_8th_pre_req"": ""470"", ""sel_8th_pre_bid"": ""-25850"", ""sel_7th_pre_req_pre"": ""0"", ""sel_7th_pre_req"": ""43"", ""sel_7th_pre_bid"": ""-25800"", ""sel_6th_pre_req_pre"": ""0"", ""sel_6th_pre_req"": ""101"", ""sel_6th_pre_bid"": ""-25750"", ""sel_5th_pre_req_pre"": ""0"", ""sel_5th_pre_req"": ""85"", ""sel_5th_pre_bid"": ""-25700"", ""sel_4th_pre_req_pre"": ""0"", ""sel_4th_pre_req"": ""177"", ""sel_4th_pre_bid"": ""-25650"", ""sel_3th_pre_req_pre"": ""0"", ""sel_3th_pre_req"": ""481"", ""sel_3th_pre_bid"": ""-25600"", ""sel_2th_pre_req_pre"": ""0"", ""sel_2th_pre_req"": ""778"", ""sel_2th_pre_bid"": ""-25550"", ""sel_1th_pre_req_pre"": ""0"", ""sel_fpr_req"": ""1480"", ""sel_fpr_bid"": ""-25500"", ""buy_fpr_bid"": ""-25450"", ""buy_fpr_req"": ""1417"", ""buy_1th_pre_req_pre"": ""+31"", ""buy_2th_pre_bid"": ""-25400"", ""buy_2th_pre_req"": ""2761"", ""buy_2th_pre_req_pre"": ""0"", ""buy_3th_pre_bid"": ""-25350"", ""buy_3th_pre_req"": ""420"", ""buy_3th_pre_req_pre"": ""0"", ""buy_4th_pre_bid"": ""-25300"", ""buy_4th_pre_req"": ""370"", ""buy_4th_pre_req_pre"": ""0"", ""buy_5th_pre_bid"": ""-25250"", ""buy_5th_pre_req"": ""489"", ""buy_5th_pre_req_pre"": ""0"", ""buy_6th_pre_bid"": ""-25200"", ""buy_6th_pre_req"": ""380"", ""buy_6th_pre_req_pre"": ""0"", ""buy_7th_pre_bid"": ""-25150"", ""buy_7th_pre_req"": ""839"", ""buy_7th_pre_req_pre"": ""0"", ""buy_8th_pre_bid"": ""-25100"", ""buy_8th_pre_req"": ""541"", ""buy_8th_pre_req_pre"": ""0"", ""buy_9th_pre_bid"": ""-25050"", ""buy_9th_pre_req"": ""618"", ""buy_9th_pre_req_pre"": ""0"", ""buy_10th_pre_bid"": ""-25000"", ""buy_10th_pre_req"": ""708"", ""buy_10th_pre_req_pre"": ""0"", ""tot_sel_req_jub_pre"": ""0"", ""tot_sel_req"": ""4321"", ""tot_buy_req"": ""8543"", ""tot_buy_req_jub_pre"": ""+31"", ""ovt_sel_req_pre"": ""0"", ""ovt_sel_req"": ""0"", ""ovt_buy_req"": ""0"", ""ovt_buy_req_pre"": ""0"", ""return_code"": 0, ""return_msg"": ""정상적으로 처리되었습니다""}"
2026-06-10,scan_candidate,088350,,0,main_scan,4840,,4840,4835,4840,4850,0.10330578512396695,0.10330578512396695,,,,,,"{""bid_req_base_tm"": ""113238"", ""sel_10th_pre_req_pre"": ""0"", ""sel_10th_pre_req"": ""2349"", ""sel_10th_pre_bid"": ""-4885"", ""sel_9th_pre_req_pre"": ""0"", ""sel_9th_pre_req"": ""504"", ""sel_9th_pre_bid"": ""-4880"", ""sel_8th_pre_req_pre"": ""0"", ""sel_8th_pre_req"": ""574"", ""sel_8th_pre_bid"": ""-4875"", ""sel_7th_pre_req_pre"": ""0"", ""sel_7th_pre_req"": ""114"", ""sel_7th_pre_bid"": ""-4870"", ""sel_6th_pre_req_pre"": ""0"", ""sel_6th_pre_req"": ""1970"", ""sel_6th_pre_bid"": ""-4865"", ""sel_5th_pre_req_pre"": ""0"", ""sel_5th_pre_req"": ""1757"", ""sel_5th_pre_bid"": ""-4860"", ""sel_4th_pre_req_pre"": ""0"", ""sel_4th_pre_req"": ""876"", ""sel_4th_pre_bid"": ""-4855"", ""sel_3th_pre_req_pre"": ""0"", ""sel_3th_pre_req"": ""3771"", ""sel_3th_pre_bid"": ""-4850"", ""sel_2th_pre_req_pre"": ""0"", ""sel_2th_pre_req"": ""147"", ""sel_2th_pre_bid"": ""-4845"", ""sel_1th_pre_req_pre"": ""0"", ""sel_fpr_req"": ""964"", ""sel_fpr_bid"": ""-4840"", ""buy_fpr_bid"": ""-4835"", ""buy_fpr_req"": ""2900"", ""buy_1th_pre_req_pre"": ""0"", ""buy_2th_pre_bid"": ""-4830"", ""buy_2th_pre_req"": ""2093"", ""buy_2th_pre_req_pre"": ""0"", ""buy_3th_pre_bid"": ""-4825"", ""buy_3th_pre_req"": ""897"", ""buy_3th_pre_req_pre"": ""0"", ""buy_4th_pre_bid"": ""-4820"", ""buy_4th_pre_req"": ""5023"", ""buy_4th_pre_req_pre"": ""0"", ""buy_5th_pre_bid"": ""-4815"", ""buy_5th_pre_req"": ""26896"", ""buy_5th_pre_req_pre"": ""0"", ""buy_6th_pre_bid"": ""-4810"", ""buy_6th_pre_req"": ""6410"", ""buy_6th_pre_req_pre"": ""0"", ""buy_7th_pre_bid"": ""-4805"", ""buy_7th_pre_req"": ""11640"", ""buy_7th_pre_req_pre"": ""0"", ""buy_8th_pre_bid"": ""-4800"", ""buy_8th_pre_req"": ""18951"", ""buy_8th_pre_req_pre"": ""+1"", ""buy_9th_pre_bid"": ""-4795"", ""buy_9th_pre_req"": ""13239"", ""buy_9th_pre_req_pre"": ""0"", ""buy_10th_pre_bid"": ""-4790"", ""buy_10th_pre_req"": ""16344"", ""buy_10th_pre_req_pre"": ""0"", ""tot_sel_req_jub_pre"": ""0"", ""tot_sel_req"": ""13026"", ""tot_buy_req"": ""104393"", ""tot_buy_req_jub_pre"": ""+1"", ""ovt_sel_req_pre"": ""0"", ""ovt_sel_req"": ""0"", ""ovt_buy_req"": ""0"", ""ovt_buy_req_pre"": ""0"", ""return_code"": 0, ""return_msg"": ""정상적으로 처리되었습니다""}"
2026-06-10,scan_candidate,069960,,0,main_scan,173600,,173600,173300,173600,173000,-0.6336405529953917,0.1728110599078341,,,,,,"{""bid_req_base_tm"": ""113237"", ""sel_10th_pre_req_pre"": ""0"", ""sel_10th_pre_req"": ""1"", ""sel_10th_pre_bid"": ""+174600"", ""sel_9th_pre_req_pre"": ""0"", ""sel_9th_pre_req"": ""12"", ""sel_9th_pre_bid"": ""+174500"", ""sel_8th_pre_req_pre"": ""0"", ""sel_8th_pre_req"": ""30"", ""sel_8th_pre_bid"": ""+174300"", ""sel_7th_pre_req_pre"": ""0"", ""sel_7th_pre_req"": ""39"", ""sel_7th_pre_bid"": ""+174200"", ""sel_6th_pre_req_pre"": ""0"", ""sel_6th_pre_req"": ""24"", ""sel_6th_pre_bid"": ""+174100"", ""sel_5th_pre_req_pre"": ""0"", ""sel_5th_pre_req"": ""4"", ""sel_5th_pre_bid"": ""+174000"", ""sel_4th_pre_req_pre"": ""0"", ""sel_4th_pre_req"": ""103"", ""sel_4th_pre_bid"": ""+173900"", ""sel_3th_pre_req_pre"": ""0"", ""sel_3th_pre_req"": ""29"", ""sel_3th_pre_bid"": ""+173800"", ""sel_2th_pre_req_pre"": ""0"", ""sel_2th_pre_req"": ""65"", ""sel_2th_pre_bid"": ""+173700"", ""sel_1th_pre_req_pre"": ""0"", ""sel_fpr_req"": ""20"", ""sel_fpr_bid"": ""+173600"", ""buy_fpr_bid"": ""+173300"", ""buy_fpr_req"": ""13"", ""buy_1th_pre_req_pre"": ""+4"", ""buy_2th_pre_bid"": ""+173200"", ""buy_2th_pre_req"": ""124"", ""buy_2th_pre_req_pre"": ""0"", ""buy_3th_pre_bid"": ""+173100"", ""buy_3th_pre_req"": ""33"", ""buy_3th_pre_req_pre"": ""0"", ""buy_4th_pre_bid"": ""+173000"", ""buy_4th_pre_req"": ""41"", ""buy_4th_pre_req_pre"": ""0"", ""buy_5th_pre_bid"": ""+172700"", ""buy_5th_pre_req"": ""2"", ""buy_5th_pre_req_pre"": ""0"", ""buy_6th_pre_bid"": ""+172600"", ""buy_6th_pre_req"": ""10"", ""buy_6th_pre_req_pre"": ""0"", ""buy_7th_pre_bid"": ""+172500"", ""buy_7th_pre_req"": ""12"", ""buy_7th_pre_req_pre"": ""0"", ""buy_8th_pre_bid"": ""+172200"", ""buy_8th_pre_req"": ""8"", ""buy_8th_pre_req_pre"": ""0"", ""buy_9th_pre_bid"": ""+172100"", ""buy_9th_pre_req"": ""1"", ""buy_9th_pre_req_pre"": ""0"", ""buy_10th_pre_bid"": ""+172000"", ""buy_10th_pre_req"": ""1"", ""buy_10th_pre_req_pre"": ""0"", ""tot_sel_req_jub_pre"": ""0"", ""tot_sel_req"": ""327"", ""tot_buy_req"": ""245"", ""tot_buy_req_jub_pre"": ""+4"", ""ovt_sel_req_pre"": ""0"", ""ovt_sel_req"": ""0"", ""ovt_buy_req"": ""0"", ""ovt_buy_req_pre"": ""0"", ""return_code"": 0, ""return_msg"": ""정상적으로 처리되었습니다""}"
2026-06-10,scan_candidate,111770,,0,main_scan,78800,,78800,78700,78800,78500,-0.5076142131979695,0.12690355329949238,,,,,,"{""bid_req_base_tm"": ""113234"", ""sel_10th_pre_req_pre"": ""0"", ""sel_10th_pre_req"": ""13"", ""sel_10th_pre_bid"": ""+79800"", ""sel_9th_pre_req_pre"": ""0"", ""sel_9th_pre_req"": ""11"", ""sel_9th_pre_bid"": ""+79700"", ""sel_8th_pre_req_pre"": ""0"", ""sel_8th_pre_req"": ""10"", ""sel_8th_pre_bid"": ""+79500"", ""sel_7th_pre_req_pre"": ""0"", ""sel_7th_pre_req"": ""30"", ""sel_7th_pre_bid"": ""+79400"", ""sel_6th_pre_req_pre"": ""0"", ""sel_6th_pre_req"": ""50"", ""sel_6th_pre_bid"": ""+79300"", ""sel_5th_pre_req_pre"": ""0"", ""sel_5th_pre_req"": ""50"", ""sel_5th_pre_bid"": ""+79200"", ""sel_4th_pre_req_pre"": ""0"", ""sel_4th_pre_req"": ""87"", ""sel_4th_pre_bid"": ""+79100"", ""sel_3th_pre_req_pre"": ""0"", ""sel_3th_pre_req"": ""69"", ""sel_3th_pre_bid"": ""+79000"", ""sel_2th_pre_req_pre"": ""0"", ""sel_2th_pre_req"": ""38"", ""sel_2th_pre_bid"": ""+78900"", ""sel_1th_pre_req_pre"": ""0"", ""sel_fpr_req"": ""82"", ""sel_fpr_bid"": ""+78800"", ""buy_fpr_bid"": ""+78700"", ""buy_fpr_req"": ""136"", ""buy_1th_pre_req_pre"": ""+1"", ""buy_2th_pre_bid"": ""+78600"", ""buy_2th_pre_req"": ""58"", ""buy_2th_pre_req_pre"": ""0"", ""buy_3th_pre_bid"": ""+78500"", ""buy_3th_pre_req"": ""7"", ""buy_3th_pre_req_pre"": ""0"", ""buy_4th_pre_bid"": ""+78400"", ""buy_4th_pre_req"": ""4"", ""buy_4th_pre_req_pre"": ""0"", ""buy_5th_pre_bid"": ""+78300"", ""buy_5th_pre_req"": ""20"", ""buy_5th_pre_req_pre"": ""0"", ""buy_6th_pre_bid"": ""+78200"", ""buy_6th_pre_req"": ""1"", ""buy_6th_pre_req_pre"": ""0"", ""buy_7th_pre_bid"": ""78000"", ""buy_7th_pre_req"": ""70"", ""buy_7th_pre_req_pre"": ""0"", ""buy_8th_pre_bid"": ""-77900"", ""buy_8th_pre_req"": ""45"", ""buy_8th_pre_req_pre"": ""0"", ""buy_9th_pre_bid"": ""-77800"", ""buy_9th_pre_req"": ""7"", ""buy_9th_pre_req_pre"": ""0"", ""buy_10th_pre_bid"": ""-77700"", ""buy_10th_pre_req"": ""19"", ""buy_10th_pre_req_pre"": ""0"", ""tot_sel_req_jub_pre"": ""0"", ""tot_sel_req"": ""440"", ""tot_buy_req"": ""367"", ""tot_buy_req_jub_pre"": ""+1"", ""ovt_sel_req_pre"": ""0"", ""ovt_sel_req"": ""0"", ""ovt_buy_req"": ""0"", ""ovt_buy_req_pre"": ""0"", ""return_code"": 0, ""return_msg"": ""정상적으로 처리되었습니다""}"
2026-06-10,scan_candidate,085620,,0,main_scan,22650,,22650,22600,22650,22650,-0.22075055187637968,0.22075055187637968,,,,,,"{""bid_req_base_tm"": ""113237"", ""sel_10th_pre_req_pre"": ""0"", ""sel_10th_pre_req"": ""566"", ""sel_10th_pre_bid"": ""-23100"", ""sel_9th_pre_req_pre"": ""0"", ""sel_9th_pre_req"": ""674"", ""sel_9th_pre_bid"": ""-23050"", ""sel_8th_pre_req_pre"": ""0"", ""sel_8th_pre_req"": ""3098"", ""sel_8th_pre_bid"": ""-23000"", ""sel_7th_pre_req_pre"": ""0"", ""sel_7th_pre_req"": ""1285"", ""sel_7th_pre_bid"": ""-22950"", ""sel_6th_pre_req_pre"": ""0"", ""sel_6th_pre_req"": ""675"", ""sel_6th_pre_bid"": ""-22900"", ""sel_5th_pre_req_pre"": ""0"", ""sel_5th_pre_req"": ""439"", ""sel_5th_pre_bid"": ""-22850"", ""sel_4th_pre_req_pre"": ""0"", ""sel_4th_pre_req"": ""173"", ""sel_4th_pre_bid"": ""-22800"", ""sel_3th_pre_req_pre"": ""0"", ""sel_3th_pre_req"": ""36"", ""sel_3th_pre_bid"": ""-22750"", ""sel_2th_pre_req_pre"": ""0"", ""sel_2th_pre_req"": ""119"", ""sel_2th_pre_bid"": ""-22700"", ""sel_1th_pre_req_pre"": ""0"", ""sel_fpr_req"": ""165"", ""sel_fpr_bid"": ""-22650"", ""buy_fpr_bid"": ""-22600"", ""buy_fpr_req"": ""659"", ""buy_1th_pre_req_pre"": ""0"", ""buy_2th_pre_bid"": ""-22550"", ""buy_2th_pre_req"": ""1363"", ""buy_2th_pre_req_pre"": ""0"", ""buy_3th_pre_bid"": ""-22500"", ""buy_3th_pre_req"": ""498"", ""buy_3th_pre_req_pre"": ""0"", ""buy_4th_pre_bid"": ""-22450"", ""buy_4th_pre_req"": ""731"", ""buy_4th_pre_req_pre"": ""0"", ""buy_5th_pre_bid"": ""-22400"", ""buy_5th_pre_req"": ""373"", ""buy_5th_pre_req_pre"": ""--1"", ""buy_6th_pre_bid"": ""-22350"", ""buy_6th_pre_req"": ""492"", ""buy_6th_pre_req_pre"": ""0"", ""buy_7th_pre_bid"": ""-22300"", ""buy_7th_pre_req"": ""1517"", ""buy_7th_pre_req_pre"": ""0"", ""buy_8th_pre_bid"": ""-22250"", ""buy_8th_pre_req"": ""1882"", ""buy_8th_pre_req_pre"": ""0"", ""buy_9th_pre_bid"": ""-22200"", ""buy_9th_pre_req"": ""1474"", ""buy_9th_pre_req_pre"": ""0"", ""buy_10th_pre_bid"": ""-22150"", ""buy_10th_pre_req"": ""492"", ""buy_10th_pre_req_pre"": ""0"", ""tot_sel_req_jub_pre"": ""0"", ""tot_sel_req"": ""7230"", ""tot_buy_req"": ""9481"", ""tot_buy_req_jub_pre"": ""--1"", ""ovt_sel_req_pre"": ""0"", ""ovt_sel_req"": ""0"", ""ovt_buy_req"": ""0"", ""ovt_buy_req_pre"": ""0"", ""return_code"": 0, ""return_msg"": ""정상적으로 처리되었습니다""}"
2026-06-10,scan_candidate,035250,,0,main_scan,15050,,15050,15040,15050,15000,-0.6644518272425249,0.0664451827242525,,,,,,"{""bid_req_base_tm"": ""113238"", ""sel_10th_pre_req_pre"": ""0"", ""sel_10th_pre_req"": ""755"", ""sel_10th_pre_bid"": ""+15140"", ""sel_9th_pre_req_pre"": ""0"", ""sel_9th_pre_req"": ""10601"", ""sel_9th_pre_bid"": ""+15130"", ""sel_8th_pre_req_pre"": ""0"", ""sel_8th_pre_req"": ""562"", ""sel_8th_pre_bid"": ""+15120"", ""sel_7th_pre_req_pre"": ""0"", ""sel_7th_pre_req"": ""55"", ""sel_7th_pre_bid"": ""+15110"", ""sel_6th_pre_req_pre"": ""0"", ""sel_6th_pre_req"": ""1760"", ""sel_6th_pre_bid"": ""+15100"", ""sel_5th_pre_req_pre"": ""0"", ""sel_5th_pre_req"": ""4"", ""sel_5th_pre_bid"": ""+15090"", ""sel_4th_pre_req_pre"": ""0"", ""sel_4th_pre_req"": ""138"", ""sel_4th_pre_bid"": ""+15080"", ""sel_3th_pre_req_pre"": ""0"", ""sel_3th_pre_req"": ""174"", ""sel_3th_pre_bid"": ""+15070"", ""sel_2th_pre_req_pre"": ""--4"", ""sel_2th_pre_req"": ""205"", ""sel_2th_pre_bid"": ""+15060"", ""sel_1th_pre_req_pre"": ""+4"", ""sel_fpr_req"": ""267"", ""sel_fpr_bid"": ""+15050"", ""buy_fpr_bid"": ""+15040"", ""buy_fpr_req"": ""156"", ""buy_1th_pre_req_pre"": ""+84"", ""buy_2th_pre_bid"": ""+15030"", ""buy_2th_pre_req"": ""645"", ""buy_2th_pre_req_pre"": ""0"", ""buy_3th_pre_bid"": ""+15020"", ""buy_3th_pre_req"": ""288"", ""buy_3th_pre_req_pre"": ""0"", ""buy_4th_pre_bid"": ""+15010"", ""buy_4th_pre_req"": ""414"", ""buy_4th_pre_req_pre"": ""0"", ""buy_5th_pre_bid"": ""+15000"", ""buy_5th_pre_req"": ""198"", ""buy_5th_pre_req_pre"": ""0"", ""buy_6th_pre_bid"": ""+14990"", ""buy_6th_pre_req"": ""133"", ""buy_6th_pre_req_pre"": ""0"", ""buy_7th_pre_bid"": ""+14980"", ""buy_7th_pre_req"": ""117"", ""buy_7th_pre_req_pre"": ""0"", ""buy_8th_pre_bid"": ""+14970"", ""buy_8th_pre_req"": ""94"", ""buy_8th_pre_req_pre"": ""0"", ""buy_9th_pre_bid"": ""+14960"", ""buy_9th_pre_req"": ""52"", ""buy_9th_pre_req_pre"": ""0"", ""buy_10th_pre_bid"": ""+14950"", ""buy_10th_pre_req"": ""123"", ""buy_10th_pre_req_pre"": ""0"", ""tot_sel_req_jub_pre"": ""0"", ""tot_sel_req"": ""14521"", ""tot_buy_req"": ""2220"", ""tot_buy_req_jub_pre"": ""+84"", ""ovt_sel_req_pre"": ""0"", ""ovt_sel_req"": ""0"", ""ovt_buy_req"": ""0"", ""ovt_buy_req_pre"": ""0"", ""return_code"": 0, ""return_msg"": ""정상적으로 처리되었습니다""}"
2026-06-10,scan_candidate,001450,,0,main_scan,37550,,37550,37450,37550,37550,-0.13315579227696406,0.2663115845539281,,,,,,"{""bid_req_base_tm"": ""113239"", ""sel_10th_pre_req_pre"": ""0"", ""sel_10th_pre_req"": ""166"", ""sel_10th_pre_bid"": ""+38050"", ""sel_9th_pre_req_pre"": ""0"", ""sel_9th_pre_req"": ""555"", ""sel_9th_pre_bid"": ""+38000"", ""sel_8th_pre_req_pre"": ""0"", ""sel_8th_pre_req"": ""141"", ""sel_8th_pre_bid"": ""+37950"", ""sel_7th_pre_req_pre"": ""0"", ""sel_7th_pre_req"": ""223"", ""sel_7th_pre_bid"": ""+37900"", ""sel_6th_pre_req_pre"": ""0"", ""sel_6th_pre_req"": ""449"", ""sel_6th_pre_bid"": ""+37850"", ""sel_5th_pre_req_pre"": ""0"", ""sel_5th_pre_req"": ""501"", ""sel_5th_pre_bid"": ""+37800"", ""sel_4th_pre_req_pre"": ""0"", ""sel_4th_pre_req"": ""645"", ""sel_4th_pre_bid"": ""+37750"", ""sel_3th_pre_req_pre"": ""0"", ""sel_3th_pre_req"": ""104"", ""sel_3th_pre_bid"": ""+37700"", ""sel_2th_pre_req_pre"": ""0"", ""sel_2th_pre_req"": ""140"", ""sel_2th_pre_bid"": ""+37600"", ""sel_1th_pre_req_pre"": ""0"", ""sel_fpr_req"": ""244"", ""sel_fpr_bid"": ""+37550"", ""buy_fpr_bid"": ""+37450"", ""buy_fpr_req"": ""1"", ""buy_1th_pre_req_pre"": ""0"", ""buy_2th_pre_bid"": ""+37400"", ""buy_2th_pre_req"": ""478"", ""buy_2th_pre_req_pre"": ""0"", ""buy_3th_pre_bid"": ""+37350"", ""buy_3th_pre_req"": ""796"", ""buy_3th_pre_req_pre"": ""0"", ""buy_4th_pre_bid"": ""+37300"", ""buy_4th_pre_req"": ""622"", ""buy_4th_pre_req_pre"": ""0"", ""buy_5th_pre_bid"": ""+37250"", ""buy_5th_pre_req"": ""209"", ""buy_5th_pre_req_pre"": ""0"", ""buy_6th_pre_bid"": ""+37200"", ""buy_6th_pre_req"": ""491"", ""buy_6th_pre_req_pre"": ""0"", ""buy_7th_pre_bid"": ""+37150"", ""buy_7th_pre_req"": ""93"", ""buy_7th_pre_req_pre"": ""0"", ""buy_8th_pre_bid"": ""+37100"", ""buy_8th_pre_req"": ""670"", ""buy_8th_pre_req_pre"": ""0"", ""buy_9th_pre_bid"": ""+37050"", ""buy_9th_pre_req"": ""2824"", ""buy_9th_pre_req_pre"": ""0"", ""buy_10th_pre_bid"": ""+37000"", ""buy_10th_pre_req"": ""741"", ""buy_10th_pre_req_pre"": ""0"", ""tot_sel_req_jub_pre"": ""0"", ""tot_sel_req"": ""3168"", ""tot_buy_req"": ""6925"", ""tot_buy_req_jub_pre"": ""--136"", ""ovt_sel_req_pre"": ""0"", ""ovt_sel_req"": ""0"", ""ovt_buy_req"": ""0"", ""ovt_buy_req_pre"": ""0"", ""return_code"": 0, ""return_msg"": ""정상적으로 처리되었습니다""}"
2026-06-10,scan_candidate,036460,,0,main_scan,34600,,34600,34500,34600,34500,-0.4335260115606936,0.2890173410404624,,,,,,"{""bid_req_base_tm"": ""113238"", ""sel_10th_pre_req_pre"": ""0"", ""sel_10th_pre_req"": ""76"", ""sel_10th_pre_bid"": ""+35050"", ""sel_9th_pre_req_pre"": ""+1"", ""sel_9th_pre_req"": ""4277"", ""sel_9th_pre_bid"": ""+35000"", ""sel_8th_pre_req_pre"": ""0"", ""sel_8th_pre_req"": ""80"", ""sel_8th_pre_bid"": ""+34950"", ""sel_7th_pre_req_pre"": ""0"", ""sel_7th_pre_req"": ""619"", ""sel_7th_pre_bid"": ""+34900"", ""sel_6th_pre_req_pre"": ""0"", ""sel_6th_pre_req"": ""534"", ""sel_6th_pre_bid"": ""+34850"", ""sel_5th_pre_req_pre"": ""0"", ""sel_5th_pre_req"": ""112"", ""sel_5th_pre_bid"": ""+34800"", ""sel_4th_pre_req_pre"": ""0"", ""sel_4th_pre_req"": ""578"", ""sel_4th_pre_bid"": ""+34750"", ""sel_3th_pre_req_pre"": ""0"", ""sel_3th_pre_req"": ""732"", ""sel_3th_pre_bid"": ""+34700"", ""sel_2th_pre_req_pre"": ""0"", ""sel_2th_pre_req"": ""461"", ""sel_2th_pre_bid"": ""+34650"", ""sel_1th_pre_req_pre"": ""0"", ""sel_fpr_req"": ""225"", ""sel_fpr_bid"": ""+34600"", ""buy_fpr_bid"": ""+34500"", ""buy_fpr_req"": ""205"", ""buy_1th_pre_req_pre"": ""+20"", ""buy_2th_pre_bid"": ""+34450"", ""buy_2th_pre_req"": ""459"", ""buy_2th_pre_req_pre"": ""0"", ""buy_3th_pre_bid"": ""+34400"", ""buy_3th_pre_req"": ""505"", ""buy_3th_pre_req_pre"": ""0"", ""buy_4th_pre_bid"": ""+34350"", ""buy_4th_pre_req"": ""310"", ""buy_4th_pre_req_pre"": ""0"", ""buy_5th_pre_bid"": ""+34300"", ""buy_5th_pre_req"": ""1847"", ""buy_5th_pre_req_pre"": ""0"", ""buy_6th_pre_bid"": ""+34250"", ""buy_6th_pre_req"": ""593"", ""buy_6th_pre_req_pre"": ""0"", ""buy_7th_pre_bid"": ""+34200"", ""buy_7th_pre_req"": ""761"", ""buy_7th_pre_req_pre"": ""0"", ""buy_8th_pre_bid"": ""+34150"", ""buy_8th_pre_req"": ""594"", ""buy_8th_pre_req_pre"": ""0"", ""buy_9th_pre_bid"": ""+34100"", ""buy_9th_pre_req"": ""700"", ""buy_9th_pre_req_pre"": ""0"", ""buy_10th_pre_bid"": ""+34050"", ""buy_10th_pre_req"": ""1168"", ""buy_10th_pre_req_pre"": ""0"", ""tot_sel_req_jub_pre"": ""+1"", ""tot_sel_req"": ""7694"", ""tot_buy_req"": ""7142"", ""tot_buy_req_jub_pre"": ""+20"", ""ovt_sel_req_pre"": ""0"", ""ovt_sel_req"": ""0"", ""ovt_buy_req"": ""0"", ""ovt_buy_req_pre"": ""0"", ""return_code"": 0, ""return_msg"": ""정상적으로 처리되었습니다""}"
2026-06-10,scan_candidate,007810,,0,main_scan,119300,,119300,118800,119300,119000,-0.6705783738474435,0.4191114836546521,,,,,,"{""bid_req_base_tm"": ""113239"", ""sel_10th_pre_req_pre"": ""0"", ""sel_10th_pre_req"": ""25"", ""sel_10th_pre_bid"": ""+120700"", ""sel_9th_pre_req_pre"": ""0"", ""sel_9th_pre_req"": ""2"", ""sel_9th_pre_bid"": ""+120600"", ""sel_8th_pre_req_pre"": ""0"", ""sel_8th_pre_req"": ""59"", ""sel_8th_pre_bid"": ""+120500"", ""sel_7th_pre_req_pre"": ""0"", ""sel_7th_pre_req"": ""434"", ""sel_7th_pre_bid"": ""120300"", ""sel_6th_pre_req_pre"": ""0"", ""sel_6th_pre_req"": ""112"", ""sel_6th_pre_bid"": ""-120200"", ""sel_5th_pre_req_pre"": ""0"", ""sel_5th_pre_req"": ""4"", ""sel_5th_pre_bid"": ""-120100"", ""sel_4th_pre_req_pre"": ""0"", ""sel_4th_pre_req"": ""4"", ""sel_4th_pre_bid"": ""-120000"", ""sel_3th_pre_req_pre"": ""0"", ""sel_3th_pre_req"": ""16"", ""sel_3th_pre_bid"": ""-119900"", ""sel_2th_pre_req_pre"": ""0"", ""sel_2th_pre_req"": ""13"", ""sel_2th_pre_bid"": ""-119600"", ""sel_1th_pre_req_pre"": ""+13"", ""sel_fpr_req"": ""119"", ""sel_fpr_bid"": ""-119300"", ""buy_fpr_bid"": ""-118800"", ""buy_fpr_req"": ""71"", ""buy_1th_pre_req_pre"": ""0"", ""buy_2th_pre_bid"": ""-118700"", ""buy_2th_pre_req"": ""129"", ""buy_2th_pre_req_pre"": ""0"", ""buy_3th_pre_bid"": ""-118600"", ""buy_3th_pre_req"": ""59"", ""buy_3th_pre_req_pre"": ""0"", ""buy_4th_pre_bid"": ""-118500"", ""buy_4th_pre_req"": ""105"", ""buy_4th_pre_req_pre"": ""0"", ""buy_5th_pre_bid"": ""-118400"", ""buy_5th_pre_req"": ""26"", ""buy_5th_pre_req_pre"": ""0"", ""buy_6th_pre_bid"": ""-118300"", ""buy_6th_pre_req"": ""54"", ""buy_6th_pre_req_pre"": ""0"", ""buy_7th_pre_bid"": ""-118200"", ""buy_7th_pre_req"": ""77"", ""buy_7th_pre_req_pre"": ""0"", ""buy_8th_pre_bid"": ""-118100"", ""buy_8th_pre_req"": ""89"", ""buy_8th_pre_req_pre"": ""0"", ""buy_9th_pre_bid"": ""-118000"", ""buy_9th_pre_req"": ""63"", ""buy_9th_pre_req_pre"": ""0"", ""buy_10th_pre_bid"": ""-117900"", ""buy_10th_pre_req"": ""102"", ""buy_10th_pre_req_pre"": ""0"", ""tot_sel_req_jub_pre"": ""+13"", ""tot_sel_req"": ""788"", ""tot_buy_req"": ""775"", ""tot_buy_req_jub_pre"": ""0"", ""ovt_sel_req_pre"": ""0"", ""ovt_sel_req"": ""0"", ""ovt_buy_req"": ""0"", ""ovt_buy_req_pre"": ""0"", ""return_code"": 0, ""return_msg"": ""정상적으로 처리되었습니다""}"
2026-06-10,scan_candidate,001740,,0,main_scan,13900,,13900,13880,13900,13900,-0.3597122302158274,0.14388489208633093,,,,,,"{""bid_req_base_tm"": ""113239"", ""sel_10th_pre_req_pre"": ""0"", ""sel_10th_pre_req"": ""758"", ""sel_10th_pre_bid"": ""-13990"", ""sel_9th_pre_req_pre"": ""0"", ""sel_9th_pre_req"": ""260"", ""sel_9th_pre_bid"": ""-13980"", ""sel_8th_pre_req_pre"": ""0"", ""sel_8th_pre_req"": ""698"", ""sel_8th_pre_bid"": ""-13970"", ""sel_7th_pre_req_pre"": ""0"", ""sel_7th_pre_req"": ""346"", ""sel_7th_pre_bid"": ""-13960"", ""sel_6th_pre_req_pre"": ""0"", ""sel_6th_pre_req"": ""332"", ""sel_6th_pre_bid"": ""-13950"", ""sel_5th_pre_req_pre"": ""0"", ""sel_5th_pre_req"": ""1040"", ""sel_5th_pre_bid"": ""-13940"", ""sel_4th_pre_req_pre"": ""0"", ""sel_4th_pre_req"": ""812"", ""sel_4th_pre_bid"": ""-13930"", ""sel_3th_pre_req_pre"": ""0"", ""sel_3th_pre_req"": ""202"", ""sel_3th_pre_bid"": ""-13920"", ""sel_2th_pre_req_pre"": ""0"", ""sel_2th_pre_req"": ""78"", ""sel_2th_pre_bid"": ""-13910"", ""sel_1th_pre_req_pre"": ""0"", ""sel_fpr_req"": ""2553"", ""sel_fpr_bid"": ""-13900"", ""buy_fpr_bid"": ""-13880"", ""buy_fpr_req"": ""6075"", ""buy_1th_pre_req_pre"": ""0"", ""buy_2th_pre_bid"": ""-13870"", ""buy_2th_pre_req"": ""820"", ""buy_2th_pre_req_pre"": ""0"", ""buy_3th_pre_bid"": ""-13860"", ""buy_3th_pre_req"": ""5291"", ""buy_3th_pre_req_pre"": ""0"", ""buy_4th_pre_bid"": ""-13850"", ""buy_4th_pre_req"": ""3592"", ""buy_4th_pre_req_pre"": ""0"", ""buy_5th_pre_bid"": ""-13840"", ""buy_5th_pre_req"": ""2255"", ""buy_5th_pre_req_pre"": ""0"", ""buy_6th_pre_bid"": ""-13830"", ""buy_6th_pre_req"": ""4541"", ""buy_6th_pre_req_pre"": ""0"", ""buy_7th_pre_bid"": ""-13820"", ""buy_7th_pre_req"": ""4043"", ""buy_7th_pre_req_pre"": ""0"", ""buy_8th_pre_bid"": ""-13810"", ""buy_8th_pre_req"": ""9068"", ""buy_8th_pre_req_pre"": ""0"", ""buy_9th_pre_bid"": ""-13800"", ""buy_9th_pre_req"": ""16306"", ""buy_9th_pre_req_pre"": ""0"", ""buy_10th_pre_bid"": ""-13790"", ""buy_10th_pre_req"": ""4165"", ""buy_10th_pre_req_pre"": ""0"", ""tot_sel_req_jub_pre"": ""0"", ""tot_sel_req"": ""7079"", ""tot_buy_req"": ""56156"", ""tot_buy_req_jub_pre"": ""0"", ""ovt_sel_req_pre"": ""0"", ""ovt_sel_req"": ""0"", ""ovt_buy_req"": ""0"", ""ovt_buy_req_pre"": ""0"", ""return_code"": 0, ""return_msg"": ""정상적으로 처리되었습니다""}"
2026-06-10,scan_candidate,383220,,0,main_scan,75900,,75900,75600,75900,75600,-0.5270092226613966,0.3952569169960474,,,,,,"{""bid_req_base_tm"": ""113239"", ""sel_10th_pre_req_pre"": ""0"", ""sel_10th_pre_req"": ""13"", ""sel_10th_pre_bid"": ""+76800"", ""sel_9th_pre_req_pre"": ""0"", ""sel_9th_pre_req"": ""9"", ""sel_9th_pre_bid"": ""+76700"", ""sel_8th_pre_req_pre"": ""0"", ""sel_8th_pre_req"": ""31"", ""sel_8th_pre_bid"": ""+76600"", ""sel_7th_pre_req_pre"": ""0"", ""sel_7th_pre_req"": ""56"", ""sel_7th_pre_bid"": ""+76500"", ""sel_6th_pre_req_pre"": ""0"", ""sel_6th_pre_req"": ""10"", ""sel_6th_pre_bid"": ""+76400"", ""sel_5th_pre_req_pre"": ""0"", ""sel_5th_pre_req"": ""17"", ""sel_5th_pre_bid"": ""+76300"", ""sel_4th_pre_req_pre"": ""0"", ""sel_4th_pre_req"": ""129"", ""sel_4th_pre_bid"": ""+76200"", ""sel_3th_pre_req_pre"": ""0"", ""sel_3th_pre_req"": ""2"", ""sel_3th_pre_bid"": ""+76100"", ""sel_2th_pre_req_pre"": ""0"", ""sel_2th_pre_req"": ""9"", ""sel_2th_pre_bid"": ""+76000"", ""sel_1th_pre_req_pre"": ""--17"", ""sel_fpr_req"": ""30"", ""sel_fpr_bid"": ""+75900"", ""buy_fpr_bid"": ""+75600"", ""buy_fpr_req"": ""30"", ""buy_1th_pre_req_pre"": ""0"", ""buy_2th_pre_bid"": ""+75500"", ""buy_2th_pre_req"": ""57"", ""buy_2th_pre_req_pre"": ""0"", ""buy_3th_pre_bid"": ""+75400"", ""buy_3th_pre_req"": ""25"", ""buy_3th_pre_req_pre"": ""0"", ""buy_4th_pre_bid"": ""+75300"", ""buy_4th_pre_req"": ""16"", ""buy_4th_pre_req_pre"": ""0"", ""buy_5th_pre_bid"": ""+75200"", ""buy_5th_pre_req"": ""10"", ""buy_5th_pre_req_pre"": ""0"", ""buy_6th_pre_bid"": ""+75000"", ""buy_6th_pre_req"": ""1"", ""buy_6th_pre_req_pre"": ""0"", ""buy_7th_pre_bid"": ""+74900"", ""buy_7th_pre_req"": ""20"", ""buy_7th_pre_req_pre"": ""0"", ""buy_8th_pre_bid"": ""+74700"", ""buy_8th_pre_req"": ""103"", ""buy_8th_pre_req_pre"": ""0"", ""buy_9th_pre_bid"": ""74600"", ""buy_9th_pre_req"": ""20"", ""buy_9th_pre_req_pre"": ""0"", ""buy_10th_pre_bid"": ""-74500"", ""buy_10th_pre_req"": ""27"", ""buy_10th_pre_req_pre"": ""0"", ""tot_sel_req_jub_pre"": ""--17"", ""tot_sel_req"": ""306"", ""tot_buy_req"": ""309"", ""tot_buy_req_jub_pre"": ""0"", ""ovt_sel_req_pre"": ""0"", ""ovt_sel_req"": ""0"", ""ovt_buy_req"": ""0"", ""ovt_buy_req_pre"": ""0"", ""return_code"": 0, ""return_msg"": ""정상적으로 처리되었습니다""}"
2026-06-10,scan_candidate,014680,,0,main_scan,261000,,261000,260000,261000,262500,0.38314176245210724,0.38314176245210724,,,,,,"{""bid_req_base_tm"": ""113232"", ""sel_10th_pre_req_pre"": ""0"", ""sel_10th_pre_req"": ""25"", ""sel_10th_pre_bid"": ""+265500"", ""sel_9th_pre_req_pre"": ""0"", ""sel_9th_pre_req"": ""40"", ""sel_9th_pre_bid"": ""+265000"", ""sel_8th_pre_req_pre"": ""0"", ""sel_8th_pre_req"": ""3"", ""sel_8th_pre_bid"": ""+264500"", ""sel_7th_pre_req_pre"": ""0"", ""sel_7th_pre_req"": ""86"", ""sel_7th_pre_bid"": ""+264000"", ""sel_6th_pre_req_pre"": ""0"", ""sel_6th_pre_req"": ""13"", ""sel_6th_pre_bid"": ""+263500"", ""sel_5th_pre_req_pre"": ""0"", ""sel_5th_pre_req"": ""10"", ""sel_5th_pre_bid"": ""+263000"", ""sel_4th_pre_req_pre"": ""0"", ""sel_4th_pre_req"": ""5"", ""sel_4th_pre_bid"": ""+262500"", ""sel_3th_pre_req_pre"": ""0"", ""sel_3th_pre_req"": ""22"", ""sel_3th_pre_bid"": ""+262000"", ""sel_2th_pre_req_pre"": ""0"", ""sel_2th_pre_req"": ""17"", ""sel_2th_pre_bid"": ""+261500"", ""sel_1th_pre_req_pre"": ""+3"", ""sel_fpr_req"": ""37"", ""sel_fpr_bid"": ""+261000"", ""buy_fpr_bid"": ""+260000"", ""buy_fpr_req"": ""42"", ""buy_1th_pre_req_pre"": ""0"", ""buy_2th_pre_bid"": ""+259500"", ""buy_2th_pre_req"": ""266"", ""buy_2th_pre_req_pre"": ""0"", ""buy_3th_pre_bid"": ""+259000"", ""buy_3th_pre_req"": ""254"", ""buy_3th_pre_req_pre"": ""0"", ""buy_4th_pre_bid"": ""+258500"", ""buy_4th_pre_req"": ""237"", ""buy_4th_pre_req_pre"": ""0"", ""buy_5th_pre_bid"": ""+258000"", ""buy_5th_pre_req"": ""201"", ""buy_5th_pre_req_pre"": ""0"", ""buy_6th_pre_bid"": ""+257500"", ""buy_6th_pre_req"": ""202"", ""buy_6th_pre_req_pre"": ""0"", ""buy_7th_pre_bid"": ""+257000"", ""buy_7th_pre_req"": ""205"", ""buy_7th_pre_req_pre"": ""0"", ""buy_8th_pre_bid"": ""+256500"", ""buy_8th_pre_req"": ""202"", ""buy_8th_pre_req_pre"": ""0"", ""buy_9th_pre_bid"": ""+256000"", ""buy_9th_pre_req"": ""203"", ""buy_9th_pre_req_pre"": ""0"", ""buy_10th_pre_bid"": ""+255500"", ""buy_10th_pre_req"": ""279"", ""buy_10th_pre_req_pre"": ""0"", ""tot_sel_req_jub_pre"": ""+3"", ""tot_sel_req"": ""258"", ""tot_buy_req"": ""2091"", ""tot_buy_req_jub_pre"": ""0"", ""ovt_sel_req_pre"": ""0"", ""ovt_sel_req"": ""0"", ""ovt_buy_req"": ""0"", ""ovt_buy_req_pre"": ""0"", ""return_code"": 0, ""return_msg"": ""정상적으로 처리되었습니다""}"
2026-06-10,scan_candidate,028670,,0,main_scan,5060,,5060,5050,5060,5060,-0.1976284584980237,0.1976284584980237,,,,,,"{""bid_req_base_tm"": ""113239"", ""sel_10th_pre_req_pre"": ""0"", ""sel_10th_pre_req"": ""3854"", ""sel_10th_pre_bid"": ""-5150"", ""sel_9th_pre_req_pre"": ""0"", ""sel_9th_pre_req"": ""1511"", ""sel_9th_pre_bid"": ""-5140"", ""sel_8th_pre_req_pre"": ""0"", ""sel_8th_pre_req"": ""3289"", ""sel_8th_pre_bid"": ""-5130"", ""sel_7th_pre_req_pre"": ""0"", ""sel_7th_pre_req"": ""3149"", ""sel_7th_pre_bid"": ""-5120"", ""sel_6th_pre_req_pre"": ""0"", ""sel_6th_pre_req"": ""1786"", ""sel_6th_pre_bid"": ""-5110"", ""sel_5th_pre_req_pre"": ""0"", ""sel_5th_pre_req"": ""1011"", ""sel_5th_pre_bid"": ""-5100"", ""sel_4th_pre_req_pre"": ""0"", ""sel_4th_pre_req"": ""1936"", ""sel_4th_pre_bid"": ""-5090"", ""sel_3th_pre_req_pre"": ""0"", ""sel_3th_pre_req"": ""1617"", ""sel_3th_pre_bid"": ""-5080"", ""sel_2th_pre_req_pre"": ""0"", ""sel_2th_pre_req"": ""2502"", ""sel_2th_pre_bid"": ""-5070"", ""sel_1th_pre_req_pre"": ""0"", ""sel_fpr_req"": ""2579"", ""sel_fpr_bid"": ""-5060"", ""buy_fpr_bid"": ""-5050"", ""buy_fpr_req"": ""1696"", ""buy_1th_pre_req_pre"": ""--1485"", ""buy_2th_pre_bid"": ""-5040"", ""buy_2th_pre_req"": ""1792"", ""buy_2th_pre_req_pre"": ""0"", ""buy_3th_pre_bid"": ""-5030"", ""buy_3th_pre_req"": ""2469"", ""buy_3th_pre_req_pre"": ""0"", ""buy_4th_pre_bid"": ""-5020"", ""buy_4th_pre_req"": ""839"", ""buy_4th_pre_req_pre"": ""0"", ""buy_5th_pre_bid"": ""-5010"", ""buy_5th_pre_req"": ""1396"", ""buy_5th_pre_req_pre"": ""0"", ""buy_6th_pre_bid"": ""-5000"", ""buy_6th_pre_req"": ""8189"", ""buy_6th_pre_req_pre"": ""0"", ""buy_7th_pre_bid"": ""-4995"", ""buy_7th_pre_req"": ""1161"", ""buy_7th_pre_req_pre"": ""0"", ""buy_8th_pre_bid"": ""-4990"", ""buy_8th_pre_req"": ""256"", ""buy_8th_pre_req_pre"": ""0"", ""buy_9th_pre_bid"": ""-4985"", ""buy_9th_pre_req"": ""79"", ""buy_9th_pre_req_pre"": ""0"", ""buy_10th_pre_bid"": ""-4980"", ""buy_10th_pre_req"": ""1690"", ""buy_10th_pre_req_pre"": ""0"", ""tot_sel_req_jub_pre"": ""0"", ""tot_sel_req"": ""23234"", ""tot_buy_req"": ""19567"", ""tot_buy_req_jub_pre"": ""--1485"", ""ovt_sel_req_pre"": ""0"", ""ovt_sel_req"": ""0"", ""ovt_buy_req"": ""0"", ""ovt_buy_req_pre"": ""0"", ""return_code"": 0, ""return_msg"": ""정상적으로 처리되었습니다""}"
2026-06-10,scan_candidate,009420,,0,main_scan,49750,,49750,49700,49750,50000,0.3015075376884422,0.10050251256281408,,,,,,"{""bid_req_base_tm"": ""113240"", ""sel_10th_pre_req_pre"": ""0"", ""sel_10th_pre_req"": ""106"", ""sel_10th_pre_bid"": ""-50500"", ""sel_9th_pre_req_pre"": ""0"", ""sel_9th_pre_req"": ""210"", ""sel_9th_pre_bid"": ""-50400"", ""sel_8th_pre_req_pre"": ""0"", ""sel_8th_pre_req"": ""7"", ""sel_8th_pre_bid"": ""-50300"", ""sel_7th_pre_req_pre"": ""0"", ""sel_7th_pre_req"": ""14"", ""sel_7th_pre_bid"": ""-50100"", ""sel_6th_pre_req_pre"": ""0"", ""sel_6th_pre_req"": ""3"", ""sel_6th_pre_bid"": ""-50000"", ""sel_5th_pre_req_pre"": ""0"", ""sel_5th_pre_req"": ""6"", ""sel_5th_pre_bid"": ""-49950"", ""sel_4th_pre_req_pre"": ""0"", ""sel_4th_pre_req"": ""101"", ""sel_4th_pre_bid"": ""-49900"", ""sel_3th_pre_req_pre"": ""0"", ""sel_3th_pre_req"": ""47"", ""sel_3th_pre_bid"": ""-49850"", ""sel_2th_pre_req_pre"": ""0"", ""sel_2th_pre_req"": ""25"", ""sel_2th_pre_bid"": ""-49800"", ""sel_1th_pre_req_pre"": ""0"", ""sel_fpr_req"": ""71"", ""sel_fpr_bid"": ""-49750"", ""buy_fpr_bid"": ""-49700"", ""buy_fpr_req"": ""19"", ""buy_1th_pre_req_pre"": ""+2"", ""buy_2th_pre_bid"": ""-49650"", ""buy_2th_pre_req"": ""35"", ""buy_2th_pre_req_pre"": ""0"", ""buy_3th_pre_bid"": ""-49600"", ""buy_3th_pre_req"": ""57"", ""buy_3th_pre_req_pre"": ""0"", ""buy_4th_pre_bid"": ""-49550"", ""buy_4th_pre_req"": ""154"", ""buy_4th_pre_req_pre"": ""0"", ""buy_5th_pre_bid"": ""-49500"", ""buy_5th_pre_req"": ""1780"", ""buy_5th_pre_req_pre"": ""0"", ""buy_6th_pre_bid"": ""-49450"", ""buy_6th_pre_req"": ""171"", ""buy_6th_pre_req_pre"": ""0"", ""buy_7th_pre_bid"": ""-49400"", ""buy_7th_pre_req"": ""99"", ""buy_7th_pre_req_pre"": ""0"", ""buy_8th_pre_bid"": ""-49350"", ""buy_8th_pre_req"": ""46"", ""buy_8th_pre_req_pre"": ""0"", ""buy_9th_pre_bid"": ""-49300"", ""buy_9th_pre_req"": ""98"", ""buy_9th_pre_req_pre"": ""0"", ""buy_10th_pre_bid"": ""-49250"", ""buy_10th_pre_req"": ""12"", ""buy_10th_pre_req_pre"": ""0"", ""tot_sel_req_jub_pre"": ""0"", ""tot_sel_req"": ""590"", ""tot_buy_req"": ""2471"", ""tot_buy_req_jub_pre"": ""+2"", ""ovt_sel_req_pre"": ""0"", ""ovt_sel_req"": ""0"", ""ovt_buy_req"": ""0"", ""ovt_buy_req_pre"": ""0"", ""return_code"": 0, ""return_msg"": ""정상적으로 처리되었습니다""}"
2026-06-10,scan_candidate,375500,,0,main_scan,70800,,70800,70700,70800,70600,-0.423728813559322,0.14124293785310735,,,,,,"{""bid_req_base_tm"": ""113239"", ""sel_10th_pre_req_pre"": ""0"", ""sel_10th_pre_req"": ""225"", ""sel_10th_pre_bid"": ""+71700"", ""sel_9th_pre_req_pre"": ""0"", ""sel_9th_pre_req"": ""281"", ""sel_9th_pre_bid"": ""+71600"", ""sel_8th_pre_req_pre"": ""0"", ""sel_8th_pre_req"": ""755"", ""sel_8th_pre_bid"": ""+71500"", ""sel_7th_pre_req_pre"": ""0"", ""sel_7th_pre_req"": ""562"", ""sel_7th_pre_bid"": ""+71400"", ""sel_6th_pre_req_pre"": ""0"", ""sel_6th_pre_req"": ""90"", ""sel_6th_pre_bid"": ""+71300"", ""sel_5th_pre_req_pre"": ""0"", ""sel_5th_pre_req"": ""97"", ""sel_5th_pre_bid"": ""+71200"", ""sel_4th_pre_req_pre"": ""0"", ""sel_4th_pre_req"": ""212"", ""sel_4th_pre_bid"": ""+71100"", ""sel_3th_pre_req_pre"": ""0"", ""sel_3th_pre_req"": ""25"", ""sel_3th_pre_bid"": ""+71000"", ""sel_2th_pre_req_pre"": ""0"", ""sel_2th_pre_req"": ""135"", ""sel_2th_pre_bid"": ""+70900"", ""sel_1th_pre_req_pre"": ""--3"", ""sel_fpr_req"": ""18"", ""sel_fpr_bid"": ""+70800"", ""buy_fpr_bid"": ""+70700"", ""buy_fpr_req"": ""117"", ""buy_1th_pre_req_pre"": ""0"", ""buy_2th_pre_bid"": ""+70600"", ""buy_2th_pre_req"": ""138"", ""buy_2th_pre_req_pre"": ""0"", ""buy_3th_pre_bid"": ""+70500"", ""buy_3th_pre_req"": ""491"", ""buy_3th_pre_req_pre"": ""0"", ""buy_4th_pre_bid"": ""+70400"", ""buy_4th_pre_req"": ""190"", ""buy_4th_pre_req_pre"": ""0"", ""buy_5th_pre_bid"": ""+70300"", ""buy_5th_pre_req"": ""94"", ""buy_5th_pre_req_pre"": ""0"", ""buy_6th_pre_bid"": ""+70200"", ""buy_6th_pre_req"": ""87"", ""buy_6th_pre_req_pre"": ""0"", ""buy_7th_pre_bid"": ""+70100"", ""buy_7th_pre_req"": ""158"", ""buy_7th_pre_req_pre"": ""0"", ""buy_8th_pre_bid"": ""+70000"", ""buy_8th_pre_req"": ""130"", ""buy_8th_pre_req_pre"": ""0"", ""buy_9th_pre_bid"": ""+69900"", ""buy_9th_pre_req"": ""35"", ""buy_9th_pre_req_pre"": ""0"", ""buy_10th_pre_bid"": ""+69800"", ""buy_10th_pre_req"": ""197"", ""buy_10th_pre_req_pre"": ""0"", ""tot_sel_req_jub_pre"": ""--3"", ""tot_sel_req"": ""2400"", ""tot_buy_req"": ""1637"", ""tot_buy_req_jub_pre"": ""0"", ""ovt_sel_req_pre"": ""0"", ""ovt_sel_req"": ""0"", ""ovt_buy_req"": ""0"", ""ovt_buy_req_pre"": ""0"", ""return_code"": 0, ""return_msg"": ""정상적으로 처리되었습니다""}"
2026-06-10,scan_candidate,004990,,0,main_scan,25700,,25700,25650,25700,25700,-0.19455252918287938,0.19455252918287938,,,,,,"{""bid_req_base_tm"": ""113235"", ""sel_10th_pre_req_pre"": ""0"", ""sel_10th_pre_req"": ""168"", ""sel_10th_pre_bid"": ""+26200"", ""sel_9th_pre_req_pre"": ""0"", ""sel_9th_pre_req"": ""3090"", ""sel_9th_pre_bid"": ""26150"", ""sel_8th_pre_req_pre"": ""0"", ""sel_8th_pre_req"": ""429"", ""sel_8th_pre_bid"": ""-26100"", ""sel_7th_pre_req_pre"": ""0"", ""sel_7th_pre_req"": ""56"", ""sel_7th_pre_bid"": ""-26050"", ""sel_6th_pre_req_pre"": ""+80"", ""sel_6th_pre_req"": ""197"", ""sel_6th_pre_bid"": ""-26000"", ""sel_5th_pre_req_pre"": ""0"", ""sel_5th_pre_req"": ""210"", ""sel_5th_pre_bid"": ""-25950"", ""sel_4th_pre_req_pre"": ""0"", ""sel_4th_pre_req"": ""2"", ""sel_4th_pre_bid"": ""-25850"", ""sel_3th_pre_req_pre"": ""0"", ""sel_3th_pre_req"": ""84"", ""sel_3th_pre_bid"": ""-25800"", ""sel_2th_pre_req_pre"": ""0"", ""sel_2th_pre_req"": ""2"", ""sel_2th_pre_bid"": ""-25750"", ""sel_1th_pre_req_pre"": ""0"", ""sel_fpr_req"": ""217"", ""sel_fpr_bid"": ""-25700"", ""buy_fpr_bid"": ""-25650"", ""buy_fpr_req"": ""5"", ""buy_1th_pre_req_pre"": ""0"", ""buy_2th_pre_bid"": ""-25600"", ""buy_2th_pre_req"": ""432"", ""buy_2th_pre_req_pre"": ""0"", ""buy_3th_pre_bid"": ""-25550"", ""buy_3th_pre_req"": ""462"", ""buy_3th_pre_req_pre"": ""0"", ""buy_4th_pre_bid"": ""-25500"", ""buy_4th_pre_req"": ""978"", ""buy_4th_pre_req_pre"": ""0"", ""buy_5th_pre_bid"": ""-25450"", ""buy_5th_pre_req"": ""647"", ""buy_5th_pre_req_pre"": ""0"", ""buy_6th_pre_bid"": ""-25400"", ""buy_6th_pre_req"": ""663"", ""buy_6th_pre_req_pre"": ""0"", ""buy_7th_pre_bid"": ""-25350"", ""buy_7th_pre_req"": ""440"", ""buy_7th_pre_req_pre"": ""0"", ""buy_8th_pre_bid"": ""-25300"", ""buy_8th_pre_req"": ""480"", ""buy_8th_pre_req_pre"": ""0"", ""buy_9th_pre_bid"": ""-25250"", ""buy_9th_pre_req"": ""819"", ""buy_9th_pre_req_pre"": ""0"", ""buy_10th_pre_bid"": ""-25200"", ""buy_10th_pre_req"": ""757"", ""buy_10th_pre_req_pre"": ""0"", ""tot_sel_req_jub_pre"": ""+80"", ""tot_sel_req"": ""4455"", ""tot_buy_req"": ""5683"", ""tot_buy_req_jub_pre"": ""0"", ""ovt_sel_req_pre"": ""0"", ""ovt_sel_req"": ""0"", ""ovt_buy_req"": ""0"", ""ovt_buy_req_pre"": ""0"", ""return_code"": 0, ""return_msg"": ""정상적으로 처리되었습니다""}"
2026-06-10,scan_candidate,483650,,0,main_scan,205500,,205500,205000,205500,207000,0.48661800486618007,0.24330900243309003,,,,,,"{""bid_req_base_tm"": ""113239"", ""sel_10th_pre_req_pre"": ""0"", ""sel_10th_pre_req"": ""724"", ""sel_10th_pre_bid"": ""+210000"", ""sel_9th_pre_req_pre"": ""0"", ""sel_9th_pre_req"": ""761"", ""sel_9th_pre_bid"": ""+209500"", ""sel_8th_pre_req_pre"": ""0"", ""sel_8th_pre_req"": ""1467"", ""sel_8th_pre_bid"": ""+209000"", ""sel_7th_pre_req_pre"": ""0"", ""sel_7th_pre_req"": ""900"", ""sel_7th_pre_bid"": ""+208500"", ""sel_6th_pre_req_pre"": ""0"", ""sel_6th_pre_req"": ""563"", ""sel_6th_pre_bid"": ""+208000"", ""sel_5th_pre_req_pre"": ""0"", ""sel_5th_pre_req"": ""118"", ""sel_5th_pre_bid"": ""+207500"", ""sel_4th_pre_req_pre"": ""+1"", ""sel_4th_pre_req"": ""157"", ""sel_4th_pre_bid"": ""+207000"", ""sel_3th_pre_req_pre"": ""0"", ""sel_3th_pre_req"": ""275"", ""sel_3th_pre_bid"": ""+206500"", ""sel_2th_pre_req_pre"": ""0"", ""sel_2th_pre_req"": ""336"", ""sel_2th_pre_bid"": ""+206000"", ""sel_1th_pre_req_pre"": ""0"", ""sel_fpr_req"": ""2"", ""sel_fpr_bid"": ""+205500"", ""buy_fpr_bid"": ""+205000"", ""buy_fpr_req"": ""178"", ""buy_1th_pre_req_pre"": ""0"", ""buy_2th_pre_bid"": ""+204500"", ""buy_2th_pre_req"": ""231"", ""buy_2th_pre_req_pre"": ""0"", ""buy_3th_pre_bid"": ""+204000"", ""buy_3th_pre_req"": ""5479"", ""buy_3th_pre_req_pre"": ""0"", ""buy_4th_pre_bid"": ""+203500"", ""buy_4th_pre_req"": ""22"", ""buy_4th_pre_req_pre"": ""0"", ""buy_5th_pre_bid"": ""+203000"", ""buy_5th_pre_req"": ""58"", ""buy_5th_pre_req_pre"": ""0"", ""buy_6th_pre_bid"": ""+202500"", ""buy_6th_pre_req"": ""44"", ""buy_6th_pre_req_pre"": ""0"", ""buy_7th_pre_bid"": ""+202000"", ""buy_7th_pre_req"": ""48"", ""buy_7th_pre_req_pre"": ""0"", ""buy_8th_pre_bid"": ""+201500"", ""buy_8th_pre_req"": ""126"", ""buy_8th_pre_req_pre"": ""0"", ""buy_9th_pre_bid"": ""+201000"", ""buy_9th_pre_req"": ""325"", ""buy_9th_pre_req_pre"": ""0"", ""buy_10th_pre_bid"": ""+200500"", ""buy_10th_pre_req"": ""101"", ""buy_10th_pre_req_pre"": ""0"", ""tot_sel_req_jub_pre"": ""+1"", ""tot_sel_req"": ""5303"", ""tot_buy_req"": ""6612"", ""tot_buy_req_jub_pre"": ""0"", ""ovt_sel_req_pre"": ""0"", ""ovt_sel_req"": ""0"", ""ovt_buy_req"": ""0"", ""ovt_buy_req_pre"": ""0"", ""return_code"": 0, ""return_msg"": ""정상적으로 처리되었습니다""}"
2026-06-10,scan_candidate,003690,,0,main_scan,13250,,13250,13230,13250,13200,-0.7547169811320755,0.1509433962264151,,,,,,"{""bid_req_base_tm"": ""113231"", ""sel_10th_pre_req_pre"": ""0"", ""sel_10th_pre_req"": ""148"", ""sel_10th_pre_bid"": ""-13360"", ""sel_9th_pre_req_pre"": ""0"", ""sel_9th_pre_req"": ""51"", ""sel_9th_pre_bid"": ""-13350"", ""sel_8th_pre_req_pre"": ""0"", ""sel_8th_pre_req"": ""1"", ""sel_8th_pre_bid"": ""-13340"", ""sel_7th_pre_req_pre"": ""0"", ""sel_7th_pre_req"": ""1"", ""sel_7th_pre_bid"": ""-13330"", ""sel_6th_pre_req_pre"": ""0"", ""sel_6th_pre_req"": ""1"", ""sel_6th_pre_bid"": ""-13320"", ""sel_5th_pre_req_pre"": ""0"", ""sel_5th_pre_req"": ""1"", ""sel_5th_pre_bid"": ""-13310"", ""sel_4th_pre_req_pre"": ""0"", ""sel_4th_pre_req"": ""1018"", ""sel_4th_pre_bid"": ""-13300"", ""sel_3th_pre_req_pre"": ""0"", ""sel_3th_pre_req"": ""21"", ""sel_3th_pre_bid"": ""-13290"", ""sel_2th_pre_req_pre"": ""--45"", ""sel_2th_pre_req"": ""293"", ""sel_2th_pre_bid"": ""-13260"", ""sel_1th_pre_req_pre"": ""+42"", ""sel_fpr_req"": ""99"", ""sel_fpr_bid"": ""-13250"", ""buy_fpr_bid"": ""-13230"", ""buy_fpr_req"": ""192"", ""buy_1th_pre_req_pre"": ""0"", ""buy_2th_pre_bid"": ""-13220"", ""buy_2th_pre_req"": ""10"", ""buy_2th_pre_req_pre"": ""0"", ""buy_3th_pre_bid"": ""-13210"", ""buy_3th_pre_req"": ""250"", ""buy_3th_pre_req_pre"": ""0"", ""buy_4th_pre_bid"": ""-13190"", ""buy_4th_pre_req"": ""60"", ""buy_4th_pre_req_pre"": ""0"", ""buy_5th_pre_bid"": ""-13180"", ""buy_5th_pre_req"": ""50"", ""buy_5th_pre_req_pre"": ""0"", ""buy_6th_pre_bid"": ""-13170"", ""buy_6th_pre_req"": ""100"", ""buy_6th_pre_req_pre"": ""0"", ""buy_7th_pre_bid"": ""-13160"", ""buy_7th_pre_req"": ""82"", ""buy_7th_pre_req_pre"": ""0"", ""buy_8th_pre_bid"": ""-13150"", ""buy_8th_pre_req"": ""103"", ""buy_8th_pre_req_pre"": ""0"", ""buy_9th_pre_bid"": ""-13140"", ""buy_9th_pre_req"": ""51"", ""buy_9th_pre_req_pre"": ""0"", ""buy_10th_pre_bid"": ""-13130"", ""buy_10th_pre_req"": ""355"", ""buy_10th_pre_req_pre"": ""0"", ""tot_sel_req_jub_pre"": ""--3"", ""tot_sel_req"": ""1634"", ""tot_buy_req"": ""1253"", ""tot_buy_req_jub_pre"": ""0"", ""ovt_sel_req_pre"": ""0"", ""ovt_sel_req"": ""0"", ""ovt_buy_req"": ""0"", ""ovt_buy_req_pre"": ""0"", ""return_code"": 0, ""return_msg"": ""정상적으로 처리되었습니다""}"
2026-06-10,scan_candidate,279570,,0,main_scan,6140,,6140,6130,6140,6110,-0.6514657980456027,0.16286644951140067,,,,,,"{""bid_req_base_tm"": ""113241"", ""sel_10th_pre_req_pre"": ""0"", ""sel_10th_pre_req"": ""13299"", ""sel_10th_pre_bid"": ""+6230"", ""sel_9th_pre_req_pre"": ""0"", ""sel_9th_pre_req"": ""11226"", ""sel_9th_pre_bid"": ""+6220"", ""sel_8th_pre_req_pre"": ""0"", ""sel_8th_pre_req"": ""18892"", ""sel_8th_pre_bid"": ""+6210"", ""sel_7th_pre_req_pre"": ""0"", ""sel_7th_pre_req"": ""79549"", ""sel_7th_pre_bid"": ""+6200"", ""sel_6th_pre_req_pre"": ""0"", ""sel_6th_pre_req"": ""31902"", ""sel_6th_pre_bid"": ""+6190"", ""sel_5th_pre_req_pre"": ""0"", ""sel_5th_pre_req"": ""17280"", ""sel_5th_pre_bid"": ""+6180"", ""sel_4th_pre_req_pre"": ""0"", ""sel_4th_pre_req"": ""15328"", ""sel_4th_pre_bid"": ""+6170"", ""sel_3th_pre_req_pre"": ""0"", ""sel_3th_pre_req"": ""20196"", ""sel_3th_pre_bid"": ""+6160"", ""sel_2th_pre_req_pre"": ""0"", ""sel_2th_pre_req"": ""44341"", ""sel_2th_pre_bid"": ""+6150"", ""sel_1th_pre_req_pre"": ""+5"", ""sel_fpr_req"": ""12"", ""sel_fpr_bid"": ""+6140"", ""buy_fpr_bid"": ""+6130"", ""buy_fpr_req"": ""9080"", ""buy_1th_pre_req_pre"": ""0"", ""buy_2th_pre_bid"": ""+6120"", ""buy_2th_pre_req"": ""6850"", ""buy_2th_pre_req_pre"": ""0"", ""buy_3th_pre_bid"": ""+6110"", ""buy_3th_pre_req"": ""8532"", ""buy_3th_pre_req_pre"": ""0"", ""buy_4th_pre_bid"": ""+6100"", ""buy_4th_pre_req"": ""14955"", ""buy_4th_pre_req_pre"": ""0"", ""buy_5th_pre_bid"": ""+6090"", ""buy_5th_pre_req"": ""5585"", ""buy_5th_pre_req_pre"": ""0"", ""buy_6th_pre_bid"": ""+6080"", ""buy_6th_pre_req"": ""5882"", ""buy_6th_pre_req_pre"": ""0"", ""buy_7th_pre_bid"": ""+6070"", ""buy_7th_pre_req"": ""8122"", ""buy_7th_pre_req_pre"": ""0"", ""buy_8th_pre_bid"": ""+6060"", ""buy_8th_pre_req"": ""12362"", ""buy_8th_pre_req_pre"": ""0"", ""buy_9th_pre_bid"": ""+6050"", ""buy_9th_pre_req"": ""3982"", ""buy_9th_pre_req_pre"": ""0"", ""buy_10th_pre_bid"": ""+6040"", ""buy_10th_pre_req"": ""4881"", ""buy_10th_pre_req_pre"": ""0"", ""tot_sel_req_jub_pre"": ""+5"", ""tot_sel_req"": ""252025"", ""tot_buy_req"": ""80231"", ""tot_buy_req_jub_pre"": ""0"", ""ovt_sel_req_pre"": ""0"", ""ovt_sel_req"": ""0"", ""ovt_buy_req"": ""0"", ""ovt_buy_req_pre"": ""0"", ""return_code"": 0, ""return_msg"": ""정상적으로 처리되었습니다""}"
2026-06-10,scan_candidate,008770,,0,main_scan,56100,,56100,56000,56100,55700,-0.8912655971479502,0.17825311942959002,,,,,,"{""bid_req_base_tm"": ""113241"", ""sel_10th_pre_req_pre"": ""0"", ""sel_10th_pre_req"": ""518"", ""sel_10th_pre_bid"": ""+57000"", ""sel_9th_pre_req_pre"": ""0"", ""sel_9th_pre_req"": ""716"", ""sel_9th_pre_bid"": ""+56900"", ""sel_8th_pre_req_pre"": ""--58"", ""sel_8th_pre_req"": ""382"", ""sel_8th_pre_bid"": ""+56800"", ""sel_7th_pre_req_pre"": ""0"", ""sel_7th_pre_req"": ""254"", ""sel_7th_pre_bid"": ""+56700"", ""sel_6th_pre_req_pre"": ""0"", ""sel_6th_pre_req"": ""144"", ""sel_6th_pre_bid"": ""+56600"", ""sel_5th_pre_req_pre"": ""0"", ""sel_5th_pre_req"": ""1048"", ""sel_5th_pre_bid"": ""+56500"", ""sel_4th_pre_req_pre"": ""0"", ""sel_4th_pre_req"": ""688"", ""sel_4th_pre_bid"": ""+56400"", ""sel_3th_pre_req_pre"": ""0"", ""sel_3th_pre_req"": ""286"", ""sel_3th_pre_bid"": ""+56300"", ""sel_2th_pre_req_pre"": ""0"", ""sel_2th_pre_req"": ""281"", ""sel_2th_pre_bid"": ""+56200"", ""sel_1th_pre_req_pre"": ""0"", ""sel_fpr_req"": ""494"", ""sel_fpr_bid"": ""+56100"", ""buy_fpr_bid"": ""+56000"", ""buy_fpr_req"": ""1"", ""buy_1th_pre_req_pre"": ""0"", ""buy_2th_pre_bid"": ""+55900"", ""buy_2th_pre_req"": ""149"", ""buy_2th_pre_req_pre"": ""0"", ""buy_3th_pre_bid"": ""+55800"", ""buy_3th_pre_req"": ""67"", ""buy_3th_pre_req_pre"": ""0"", ""buy_4th_pre_bid"": ""+55700"", ""buy_4th_pre_req"": ""57"", ""buy_4th_pre_req_pre"": ""0"", ""buy_5th_pre_bid"": ""+55600"", ""buy_5th_pre_req"": ""86"", ""buy_5th_pre_req_pre"": ""0"", ""buy_6th_pre_bid"": ""+55500"", ""buy_6th_pre_req"": ""133"", ""buy_6th_pre_req_pre"": ""0"", ""buy_7th_pre_bid"": ""+55400"", ""buy_7th_pre_req"": ""51"", ""buy_7th_pre_req_pre"": ""0"", ""buy_8th_pre_bid"": ""+55300"", ""buy_8th_pre_req"": ""363"", ""buy_8th_pre_req_pre"": ""0"", ""buy_9th_pre_bid"": ""55200"", ""buy_9th_pre_req"": ""44"", ""buy_9th_pre_req_pre"": ""0"", ""buy_10th_pre_bid"": ""-55100"", ""buy_10th_pre_req"": ""264"", ""buy_10th_pre_req_pre"": ""0"", ""tot_sel_req_jub_pre"": ""--58"", ""tot_sel_req"": ""4811"", ""tot_buy_req"": ""1215"", ""tot_buy_req_jub_pre"": ""0"", ""ovt_sel_req_pre"": ""0"", ""ovt_sel_req"": ""0"", ""ovt_buy_req"": ""0"", ""ovt_buy_req_pre"": ""0"", ""return_code"": 0, ""return_msg"": ""정상적으로 처리되었습니다""}"
2026-06-10,scan_candidate,081660,,0,main_scan,40600,,40600,40500,40600,40550,-0.24630541871921183,0.24630541871921183,,,,,,"{""bid_req_base_tm"": ""113239"", ""sel_10th_pre_req_pre"": ""0"", ""sel_10th_pre_req"": ""5"", ""sel_10th_pre_bid"": ""+41100"", ""sel_9th_pre_req_pre"": ""0"", ""sel_9th_pre_req"": ""3"", ""sel_9th_pre_bid"": ""+41050"", ""sel_8th_pre_req_pre"": ""0"", ""sel_8th_pre_req"": ""362"", ""sel_8th_pre_bid"": ""+41000"", ""sel_7th_pre_req_pre"": ""0"", ""sel_7th_pre_req"": ""303"", ""sel_7th_pre_bid"": ""+40950"", ""sel_6th_pre_req_pre"": ""0"", ""sel_6th_pre_req"": ""166"", ""sel_6th_pre_bid"": ""+40900"", ""sel_5th_pre_req_pre"": ""0"", ""sel_5th_pre_req"": ""136"", ""sel_5th_pre_bid"": ""+40800"", ""sel_4th_pre_req_pre"": ""0"", ""sel_4th_pre_req"": ""23"", ""sel_4th_pre_bid"": ""+40750"", ""sel_3th_pre_req_pre"": ""0"", ""sel_3th_pre_req"": ""70"", ""sel_3th_pre_bid"": ""+40700"", ""sel_2th_pre_req_pre"": ""0"", ""sel_2th_pre_req"": ""10"", ""sel_2th_pre_bid"": ""+40650"", ""sel_1th_pre_req_pre"": ""--11"", ""sel_fpr_req"": ""57"", ""sel_fpr_bid"": ""+40600"", ""buy_fpr_bid"": ""+40500"", ""buy_fpr_req"": ""297"", ""buy_1th_pre_req_pre"": ""0"", ""buy_2th_pre_bid"": ""+40400"", ""buy_2th_pre_req"": ""101"", ""buy_2th_pre_req_pre"": ""0"", ""buy_3th_pre_bid"": ""+40350"", ""buy_3th_pre_req"": ""82"", ""buy_3th_pre_req_pre"": ""0"", ""buy_4th_pre_bid"": ""+40300"", ""buy_4th_pre_req"": ""63"", ""buy_4th_pre_req_pre"": ""0"", ""buy_5th_pre_bid"": ""+40250"", ""buy_5th_pre_req"": ""141"", ""buy_5th_pre_req_pre"": ""0"", ""buy_6th_pre_bid"": ""+40200"", ""buy_6th_pre_req"": ""3"", ""buy_6th_pre_req_pre"": ""0"", ""buy_7th_pre_bid"": ""+40150"", ""buy_7th_pre_req"": ""50"", ""buy_7th_pre_req_pre"": ""0"", ""buy_8th_pre_bid"": ""+40100"", ""buy_8th_pre_req"": ""75"", ""buy_8th_pre_req_pre"": ""0"", ""buy_9th_pre_bid"": ""+40050"", ""buy_9th_pre_req"": ""100"", ""buy_9th_pre_req_pre"": ""0"", ""buy_10th_pre_bid"": ""+40000"", ""buy_10th_pre_req"": ""509"", ""buy_10th_pre_req_pre"": ""0"", ""tot_sel_req_jub_pre"": ""--11"", ""tot_sel_req"": ""1135"", ""tot_buy_req"": ""1421"", ""tot_buy_req_jub_pre"": ""0"", ""ovt_sel_req_pre"": ""0"", ""ovt_sel_req"": ""0"", ""ovt_buy_req"": ""0"", ""ovt_buy_req_pre"": ""0"", ""return_code"": 0, ""return_msg"": ""정상적으로 처리되었습니다""}"
2026-06-10,scan_candidate,462870,,0,main_scan,31350,,31350,31200,31350,31200,-0.6379585326953748,0.4784688995215311,,,,,,"{""bid_req_base_tm"": ""113241"", ""sel_10th_pre_req_pre"": ""0"", ""sel_10th_pre_req"": ""12"", ""sel_10th_pre_bid"": ""-31800"", ""sel_9th_pre_req_pre"": ""0"", ""sel_9th_pre_req"": ""21"", ""sel_9th_pre_bid"": ""-31750"", ""sel_8th_pre_req_pre"": ""0"", ""sel_8th_pre_req"": ""12"", ""sel_8th_pre_bid"": ""-31700"", ""sel_7th_pre_req_pre"": ""0"", ""sel_7th_pre_req"": ""683"", ""sel_7th_pre_bid"": ""-31650"", ""sel_6th_pre_req_pre"": ""0"", ""sel_6th_pre_req"": ""218"", ""sel_6th_pre_bid"": ""-31600"", ""sel_5th_pre_req_pre"": ""0"", ""sel_5th_pre_req"": ""11"", ""sel_5th_pre_bid"": ""-31550"", ""sel_4th_pre_req_pre"": ""0"", ""sel_4th_pre_req"": ""119"", ""sel_4th_pre_bid"": ""-31500"", ""sel_3th_pre_req_pre"": ""0"", ""sel_3th_pre_req"": ""123"", ""sel_3th_pre_bid"": ""-31450"", ""sel_2th_pre_req_pre"": ""0"", ""sel_2th_pre_req"": ""308"", ""sel_2th_pre_bid"": ""-31400"", ""sel_1th_pre_req_pre"": ""0"", ""sel_fpr_req"": ""24"", ""sel_fpr_bid"": ""-31350"", ""buy_fpr_bid"": ""-31200"", ""buy_fpr_req"": ""14"", ""buy_1th_pre_req_pre"": ""0"", ""buy_2th_pre_bid"": ""-31150"", ""buy_2th_pre_req"": ""34"", ""buy_2th_pre_req_pre"": ""0"", ""buy_3th_pre_bid"": ""-31100"", ""buy_3th_pre_req"": ""49"", ""buy_3th_pre_req_pre"": ""0"", ""buy_4th_pre_bid"": ""-31050"", ""buy_4th_pre_req"": ""61"", ""buy_4th_pre_req_pre"": ""0"", ""buy_5th_pre_bid"": ""-31000"", ""buy_5th_pre_req"": ""192"", ""buy_5th_pre_req_pre"": ""0"", ""buy_6th_pre_bid"": ""-30950"", ""buy_6th_pre_req"": ""29"", ""buy_6th_pre_req_pre"": ""0"", ""buy_7th_pre_bid"": ""-30900"", ""buy_7th_pre_req"": ""66"", ""buy_7th_pre_req_pre"": ""0"", ""buy_8th_pre_bid"": ""-30850"", ""buy_8th_pre_req"": ""34"", ""buy_8th_pre_req_pre"": ""0"", ""buy_9th_pre_bid"": ""-30800"", ""buy_9th_pre_req"": ""132"", ""buy_9th_pre_req_pre"": ""0"", ""buy_10th_pre_bid"": ""-30750"", ""buy_10th_pre_req"": ""254"", ""buy_10th_pre_req_pre"": ""0"", ""tot_sel_req_jub_pre"": ""0"", ""tot_sel_req"": ""1531"", ""tot_buy_req"": ""865"", ""tot_buy_req_jub_pre"": ""+242"", ""ovt_sel_req_pre"": ""0"", ""ovt_sel_req"": ""0"", ""ovt_buy_req"": ""0"", ""ovt_buy_req_pre"": ""0"", ""return_code"": 0, ""return_msg"": ""정상적으로 처리되었습니다""}"
2026-06-10,scan_candidate,120110,,0,main_scan,70100,,70100,70000,70100,70100,-0.14265335235378032,0.14265335235378032,,,,,,"{""bid_req_base_tm"": ""113242"", ""sel_10th_pre_req_pre"": ""0"", ""sel_10th_pre_req"": ""12"", ""sel_10th_pre_bid"": ""+71100"", ""sel_9th_pre_req_pre"": ""0"", ""sel_9th_pre_req"": ""116"", ""sel_9th_pre_bid"": ""+71000"", ""sel_8th_pre_req_pre"": ""0"", ""sel_8th_pre_req"": ""5"", ""sel_8th_pre_bid"": ""+70900"", ""sel_7th_pre_req_pre"": ""0"", ""sel_7th_pre_req"": ""4"", ""sel_7th_pre_bid"": ""+70800"", ""sel_6th_pre_req_pre"": ""0"", ""sel_6th_pre_req"": ""20"", ""sel_6th_pre_bid"": ""+70700"", ""sel_5th_pre_req_pre"": ""0"", ""sel_5th_pre_req"": ""522"", ""sel_5th_pre_bid"": ""+70600"", ""sel_4th_pre_req_pre"": ""0"", ""sel_4th_pre_req"": ""43"", ""sel_4th_pre_bid"": ""+70500"", ""sel_3th_pre_req_pre"": ""0"", ""sel_3th_pre_req"": ""109"", ""sel_3th_pre_bid"": ""+70400"", ""sel_2th_pre_req_pre"": ""+28"", ""sel_2th_pre_req"": ""269"", ""sel_2th_pre_bid"": ""+70200"", ""sel_1th_pre_req_pre"": ""0"", ""sel_fpr_req"": ""17"", ""sel_fpr_bid"": ""+70100"", ""buy_fpr_bid"": ""+70000"", ""buy_fpr_req"": ""359"", ""buy_1th_pre_req_pre"": ""0"", ""buy_2th_pre_bid"": ""+69900"", ""buy_2th_pre_req"": ""88"", ""buy_2th_pre_req_pre"": ""0"", ""buy_3th_pre_bid"": ""+69800"", ""buy_3th_pre_req"": ""45"", ""buy_3th_pre_req_pre"": ""0"", ""buy_4th_pre_bid"": ""+69700"", ""buy_4th_pre_req"": ""100"", ""buy_4th_pre_req_pre"": ""0"", ""buy_5th_pre_bid"": ""+69600"", ""buy_5th_pre_req"": ""42"", ""buy_5th_pre_req_pre"": ""0"", ""buy_6th_pre_bid"": ""+69500"", ""buy_6th_pre_req"": ""33"", ""buy_6th_pre_req_pre"": ""0"", ""buy_7th_pre_bid"": ""+69400"", ""buy_7th_pre_req"": ""103"", ""buy_7th_pre_req_pre"": ""0"", ""buy_8th_pre_bid"": ""+69300"", ""buy_8th_pre_req"": ""30"", ""buy_8th_pre_req_pre"": ""0"", ""buy_9th_pre_bid"": ""+69200"", ""buy_9th_pre_req"": ""431"", ""buy_9th_pre_req_pre"": ""0"", ""buy_10th_pre_bid"": ""+69100"", ""buy_10th_pre_req"": ""91"", ""buy_10th_pre_req_pre"": ""0"", ""tot_sel_req_jub_pre"": ""+28"", ""tot_sel_req"": ""1117"", ""tot_buy_req"": ""1322"", ""tot_buy_req_jub_pre"": ""0"", ""ovt_sel_req_pre"": ""0"", ""ovt_sel_req"": ""0"", ""ovt_buy_req"": ""0"", ""ovt_buy_req_pre"": ""0"", ""return_code"": 0, ""return_msg"": ""정상적으로 처리되었습니다""}"
2026-06-10,scan_candidate,009155,,0,main_scan,597000,,597000,593000,597000,600000,0.33500837520938026,0.6700167504187605,,,,,,"{""bid_req_base_tm"": ""113242"", ""sel_10th_pre_req_pre"": ""0"", ""sel_10th_pre_req"": ""57"", ""sel_10th_pre_bid"": ""-610000"", ""sel_9th_pre_req_pre"": ""0"", ""sel_9th_pre_req"": ""40"", ""sel_9th_pre_bid"": ""-609000"", ""sel_8th_pre_req_pre"": ""0"", ""sel_8th_pre_req"": ""1"", ""sel_8th_pre_bid"": ""-607000"", ""sel_7th_pre_req_pre"": ""0"", ""sel_7th_pre_req"": ""44"", ""sel_7th_pre_bid"": ""-605000"", ""sel_6th_pre_req_pre"": ""0"", ""sel_6th_pre_req"": ""4"", ""sel_6th_pre_bid"": ""-604000"", ""sel_5th_pre_req_pre"": ""0"", ""sel_5th_pre_req"": ""27"", ""sel_5th_pre_bid"": ""-602000"", ""sel_4th_pre_req_pre"": ""0"", ""sel_4th_pre_req"": ""3"", ""sel_4th_pre_bid"": ""-601000"", ""sel_3th_pre_req_pre"": ""0"", ""sel_3th_pre_req"": ""10"", ""sel_3th_pre_bid"": ""-600000"", ""sel_2th_pre_req_pre"": ""0"", ""sel_2th_pre_req"": ""18"", ""sel_2th_pre_bid"": ""-599000"", ""sel_1th_pre_req_pre"": ""0"", ""sel_fpr_req"": ""16"", ""sel_fpr_bid"": ""-597000"", ""buy_fpr_bid"": ""-593000"", ""buy_fpr_req"": ""55"", ""buy_1th_pre_req_pre"": ""+6"", ""buy_2th_pre_bid"": ""-592000"", ""buy_2th_pre_req"": ""105"", ""buy_2th_pre_req_pre"": ""0"", ""buy_3th_pre_bid"": ""-591000"", ""buy_3th_pre_req"": ""261"", ""buy_3th_pre_req_pre"": ""0"", ""buy_4th_pre_bid"": ""-590000"", ""buy_4th_pre_req"": ""517"", ""buy_4th_pre_req_pre"": ""0"", ""buy_5th_pre_bid"": ""-589000"", ""buy_5th_pre_req"": ""81"", ""buy_5th_pre_req_pre"": ""0"", ""buy_6th_pre_bid"": ""-588000"", ""buy_6th_pre_req"": ""94"", ""buy_6th_pre_req_pre"": ""0"", ""buy_7th_pre_bid"": ""-587000"", ""buy_7th_pre_req"": ""50"", ""buy_7th_pre_req_pre"": ""0"", ""buy_8th_pre_bid"": ""-586000"", ""buy_8th_pre_req"": ""57"", ""buy_8th_pre_req_pre"": ""0"", ""buy_9th_pre_bid"": ""-585000"", ""buy_9th_pre_req"": ""140"", ""buy_9th_pre_req_pre"": ""0"", ""buy_10th_pre_bid"": ""-584000"", ""buy_10th_pre_req"": ""12"", ""buy_10th_pre_req_pre"": ""0"", ""tot_sel_req_jub_pre"": ""0"", ""tot_sel_req"": ""220"", ""tot_buy_req"": ""1372"", ""tot_buy_req_jub_pre"": ""+6"", ""ovt_sel_req_pre"": ""0"", ""ovt_sel_req"": ""0"", ""ovt_buy_req"": ""0"", ""ovt_buy_req_pre"": ""0"", ""return_code"": 0, ""return_msg"": ""정상적으로 처리되었습니다""}"
2026-06-10,scan_candidate,192080,,0,main_scan,71400,,71400,71300,71400,71500,0.0,0.1400560224089636,,,,,,"{""bid_req_base_tm"": ""113239"", ""sel_10th_pre_req_pre"": ""0"", ""sel_10th_pre_req"": ""11"", ""sel_10th_pre_bid"": ""+72500"", ""sel_9th_pre_req_pre"": ""0"", ""sel_9th_pre_req"": ""128"", ""sel_9th_pre_bid"": ""+72400"", ""sel_8th_pre_req_pre"": ""0"", ""sel_8th_pre_req"": ""10"", ""sel_8th_pre_bid"": ""+72300"", ""sel_7th_pre_req_pre"": ""0"", ""sel_7th_pre_req"": ""10"", ""sel_7th_pre_bid"": ""+72200"", ""sel_6th_pre_req_pre"": ""0"", ""sel_6th_pre_req"": ""6"", ""sel_6th_pre_bid"": ""+72100"", ""sel_5th_pre_req_pre"": ""0"", ""sel_5th_pre_req"": ""156"", ""sel_5th_pre_bid"": ""72000"", ""sel_4th_pre_req_pre"": ""0"", ""sel_4th_pre_req"": ""18"", ""sel_4th_pre_bid"": ""-71900"", ""sel_3th_pre_req_pre"": ""0"", ""sel_3th_pre_req"": ""14"", ""sel_3th_pre_bid"": ""-71600"", ""sel_2th_pre_req_pre"": ""0"", ""sel_2th_pre_req"": ""9"", ""sel_2th_pre_bid"": ""-71500"", ""sel_1th_pre_req_pre"": ""0"", ""sel_fpr_req"": ""35"", ""sel_fpr_bid"": ""-71400"", ""buy_fpr_bid"": ""-71300"", ""buy_fpr_req"": ""27"", ""buy_1th_pre_req_pre"": ""--1"", ""buy_2th_pre_bid"": ""-71200"", ""buy_2th_pre_req"": ""53"", ""buy_2th_pre_req_pre"": ""0"", ""buy_3th_pre_bid"": ""-71000"", ""buy_3th_pre_req"": ""29"", ""buy_3th_pre_req_pre"": ""0"", ""buy_4th_pre_bid"": ""-70900"", ""buy_4th_pre_req"": ""49"", ""buy_4th_pre_req_pre"": ""0"", ""buy_5th_pre_bid"": ""-70800"", ""buy_5th_pre_req"": ""82"", ""buy_5th_pre_req_pre"": ""0"", ""buy_6th_pre_bid"": ""-70700"", ""buy_6th_pre_req"": ""140"", ""buy_6th_pre_req_pre"": ""0"", ""buy_7th_pre_bid"": ""-70600"", ""buy_7th_pre_req"": ""100"", ""buy_7th_pre_req_pre"": ""0"", ""buy_8th_pre_bid"": ""-70500"", ""buy_8th_pre_req"": ""97"", ""buy_8th_pre_req_pre"": ""0"", ""buy_9th_pre_bid"": ""-70400"", ""buy_9th_pre_req"": ""182"", ""buy_9th_pre_req_pre"": ""0"", ""buy_10th_pre_bid"": ""-70300"", ""buy_10th_pre_req"": ""94"", ""buy_10th_pre_req_pre"": ""0"", ""tot_sel_req_jub_pre"": ""0"", ""tot_sel_req"": ""397"", ""tot_buy_req"": ""853"", ""tot_buy_req_jub_pre"": ""--1"", ""ovt_sel_req_pre"": ""0"", ""ovt_sel_req"": ""0"", ""ovt_buy_req"": ""0"", ""ovt_buy_req_pre"": ""0"", ""return_code"": 0, ""return_msg"": ""정상적으로 처리되었습니다""}"
2026-06-10,scan_candidate,093370,,0,main_scan,16410,,16410,16400,16410,16350,-0.6703229737964655,0.06093845216331505,,,,,,"{""bid_req_base_tm"": ""113243"", ""sel_10th_pre_req_pre"": ""0"", ""sel_10th_pre_req"": ""48745"", ""sel_10th_pre_bid"": ""+16500"", ""sel_9th_pre_req_pre"": ""0"", ""sel_9th_pre_req"": ""11608"", ""sel_9th_pre_bid"": ""+16490"", ""sel_8th_pre_req_pre"": ""0"", ""sel_8th_pre_req"": ""5660"", ""sel_8th_pre_bid"": ""+16480"", ""sel_7th_pre_req_pre"": ""0"", ""sel_7th_pre_req"": ""2323"", ""sel_7th_pre_bid"": ""+16470"", ""sel_6th_pre_req_pre"": ""0"", ""sel_6th_pre_req"": ""3836"", ""sel_6th_pre_bid"": ""+16460"", ""sel_5th_pre_req_pre"": ""0"", ""sel_5th_pre_req"": ""5364"", ""sel_5th_pre_bid"": ""+16450"", ""sel_4th_pre_req_pre"": ""0"", ""sel_4th_pre_req"": ""1264"", ""sel_4th_pre_bid"": ""+16440"", ""sel_3th_pre_req_pre"": ""+12"", ""sel_3th_pre_req"": ""72"", ""sel_3th_pre_bid"": ""+16430"", ""sel_2th_pre_req_pre"": ""--80"", ""sel_2th_pre_req"": ""1081"", ""sel_2th_pre_bid"": ""+16420"", ""sel_1th_pre_req_pre"": ""0"", ""sel_fpr_req"": ""1980"", ""sel_fpr_bid"": ""+16410"", ""buy_fpr_bid"": ""+16400"", ""buy_fpr_req"": ""454"", ""buy_1th_pre_req_pre"": ""--86"", ""buy_2th_pre_bid"": ""+16390"", ""buy_2th_pre_req"": ""2035"", ""buy_2th_pre_req_pre"": ""0"", ""buy_3th_pre_bid"": ""+16380"", ""buy_3th_pre_req"": ""2587"", ""buy_3th_pre_req_pre"": ""+20"", ""buy_4th_pre_bid"": ""+16370"", ""buy_4th_pre_req"": ""3576"", ""buy_4th_pre_req_pre"": ""0"", ""buy_5th_pre_bid"": ""+16360"", ""buy_5th_pre_req"": ""2959"", ""buy_5th_pre_req_pre"": ""0"", ""buy_6th_pre_bid"": ""+16350"", ""buy_6th_pre_req"": ""4743"", ""buy_6th_pre_req_pre"": ""0"", ""buy_7th_pre_bid"": ""+16340"", ""buy_7th_pre_req"": ""1264"", ""buy_7th_pre_req_pre"": ""0"", ""buy_8th_pre_bid"": ""+16330"", ""buy_8th_pre_req"": ""645"", ""buy_8th_pre_req_pre"": ""0"", ""buy_9th_pre_bid"": ""+16320"", ""buy_9th_pre_req"": ""1184"", ""buy_9th_pre_req_pre"": ""0"", ""buy_10th_pre_bid"": ""+16310"", ""buy_10th_pre_req"": ""952"", ""buy_10th_pre_req_pre"": ""0"", ""tot_sel_req_jub_pre"": ""--68"", ""tot_sel_req"": ""81933"", ""tot_buy_req"": ""20399"", ""tot_buy_req_jub_pre"": ""--66"", ""ovt_sel_req_pre"": ""0"", ""ovt_sel_req"": ""0"", ""ovt_buy_req"": ""0"", ""ovt_buy_req_pre"": ""0"", ""return_code"": 0, ""return_msg"": ""정상적으로 처리되었습니다""}"
2026-06-10,scan_candidate,066575,,0,main_scan,78300,,78300,78200,78300,77900,-0.6385696040868455,0.1277139208173691,,,,,,"{""bid_req_base_tm"": ""113243"", ""sel_10th_pre_req_pre"": ""0"", ""sel_10th_pre_req"": ""51"", ""sel_10th_pre_bid"": ""-79200"", ""sel_9th_pre_req_pre"": ""0"", ""sel_9th_pre_req"": ""60"", ""sel_9th_pre_bid"": ""-79100"", ""sel_8th_pre_req_pre"": ""0"", ""sel_8th_pre_req"": ""113"", ""sel_8th_pre_bid"": ""-79000"", ""sel_7th_pre_req_pre"": ""0"", ""sel_7th_pre_req"": ""39"", ""sel_7th_pre_bid"": ""-78900"", ""sel_6th_pre_req_pre"": ""0"", ""sel_6th_pre_req"": ""106"", ""sel_6th_pre_bid"": ""-78800"", ""sel_5th_pre_req_pre"": ""0"", ""sel_5th_pre_req"": ""19"", ""sel_5th_pre_bid"": ""-78700"", ""sel_4th_pre_req_pre"": ""0"", ""sel_4th_pre_req"": ""29"", ""sel_4th_pre_bid"": ""-78600"", ""sel_3th_pre_req_pre"": ""0"", ""sel_3th_pre_req"": ""5094"", ""sel_3th_pre_bid"": ""-78500"", ""sel_2th_pre_req_pre"": ""0"", ""sel_2th_pre_req"": ""72"", ""sel_2th_pre_bid"": ""-78400"", ""sel_1th_pre_req_pre"": ""--1"", ""sel_fpr_req"": ""63"", ""sel_fpr_bid"": ""-78300"", ""buy_fpr_bid"": ""-78200"", ""buy_fpr_req"": ""59"", ""buy_1th_pre_req_pre"": ""0"", ""buy_2th_pre_bid"": ""-78100"", ""buy_2th_pre_req"": ""115"", ""buy_2th_pre_req_pre"": ""0"", ""buy_3th_pre_bid"": ""-78000"", ""buy_3th_pre_req"": ""215"", ""buy_3th_pre_req_pre"": ""0"", ""buy_4th_pre_bid"": ""-77900"", ""buy_4th_pre_req"": ""375"", ""buy_4th_pre_req_pre"": ""0"", ""buy_5th_pre_bid"": ""-77800"", ""buy_5th_pre_req"": ""1064"", ""buy_5th_pre_req_pre"": ""0"", ""buy_6th_pre_bid"": ""-77700"", ""buy_6th_pre_req"": ""645"", ""buy_6th_pre_req_pre"": ""0"", ""buy_7th_pre_bid"": ""-77600"", ""buy_7th_pre_req"": ""342"", ""buy_7th_pre_req_pre"": ""0"", ""buy_8th_pre_bid"": ""-77500"", ""buy_8th_pre_req"": ""1124"", ""buy_8th_pre_req_pre"": ""0"", ""buy_9th_pre_bid"": ""-77400"", ""buy_9th_pre_req"": ""839"", ""buy_9th_pre_req_pre"": ""0"", ""buy_10th_pre_bid"": ""-77300"", ""buy_10th_pre_req"": ""161"", ""buy_10th_pre_req_pre"": ""0"", ""tot_sel_req_jub_pre"": ""--1"", ""tot_sel_req"": ""5646"", ""tot_buy_req"": ""4939"", ""tot_buy_req_jub_pre"": ""0"", ""ovt_sel_req_pre"": ""0"", ""ovt_sel_req"": ""0"", ""ovt_buy_req"": ""0"", ""ovt_buy_req_pre"": ""0"", ""return_code"": 0, ""return_msg"": ""정상적으로 처리되었습니다""}"
2026-06-10,scan_candidate,181710,,0,main_scan,40350,,40350,40250,40350,40500,0.24783147459727387,0.24783147459727387,,,,,,"{""bid_req_base_tm"": ""113242"", ""sel_10th_pre_req_pre"": ""0"", ""sel_10th_pre_req"": ""10"", ""sel_10th_pre_bid"": ""-41050"", ""sel_9th_pre_req_pre"": ""0"", ""sel_9th_pre_req"": ""288"", ""sel_9th_pre_bid"": ""-41000"", ""sel_8th_pre_req_pre"": ""0"", ""sel_8th_pre_req"": ""50"", ""sel_8th_pre_bid"": ""-40950"", ""sel_7th_pre_req_pre"": ""0"", ""sel_7th_pre_req"": ""8"", ""sel_7th_pre_bid"": ""-40900"", ""sel_6th_pre_req_pre"": ""0"", ""sel_6th_pre_req"": ""24"", ""sel_6th_pre_bid"": ""-40750"", ""sel_5th_pre_req_pre"": ""0"", ""sel_5th_pre_req"": ""4"", ""sel_5th_pre_bid"": ""-40600"", ""sel_4th_pre_req_pre"": ""0"", ""sel_4th_pre_req"": ""248"", ""sel_4th_pre_bid"": ""-40500"", ""sel_3th_pre_req_pre"": ""0"", ""sel_3th_pre_req"": ""1014"", ""sel_3th_pre_bid"": ""-40450"", ""sel_2th_pre_req_pre"": ""0"", ""sel_2th_pre_req"": ""467"", ""sel_2th_pre_bid"": ""-40400"", ""sel_1th_pre_req_pre"": ""0"", ""sel_fpr_req"": ""72"", ""sel_fpr_bid"": ""-40350"", ""buy_fpr_bid"": ""-40250"", ""buy_fpr_req"": ""56"", ""buy_1th_pre_req_pre"": ""+1"", ""buy_2th_pre_bid"": ""-40200"", ""buy_2th_pre_req"": ""162"", ""buy_2th_pre_req_pre"": ""0"", ""buy_3th_pre_bid"": ""-40150"", ""buy_3th_pre_req"": ""1343"", ""buy_3th_pre_req_pre"": ""0"", ""buy_4th_pre_bid"": ""-40100"", ""buy_4th_pre_req"": ""423"", ""buy_4th_pre_req_pre"": ""0"", ""buy_5th_pre_bid"": ""-40050"", ""buy_5th_pre_req"": ""134"", ""buy_5th_pre_req_pre"": ""0"", ""buy_6th_pre_bid"": ""-40000"", ""buy_6th_pre_req"": ""693"", ""buy_6th_pre_req_pre"": ""0"", ""buy_7th_pre_bid"": ""-39950"", ""buy_7th_pre_req"": ""546"", ""buy_7th_pre_req_pre"": ""0"", ""buy_8th_pre_bid"": ""-39900"", ""buy_8th_pre_req"": ""413"", ""buy_8th_pre_req_pre"": ""0"", ""buy_9th_pre_bid"": ""-39850"", ""buy_9th_pre_req"": ""521"", ""buy_9th_pre_req_pre"": ""0"", ""buy_10th_pre_bid"": ""-39800"", ""buy_10th_pre_req"": ""449"", ""buy_10th_pre_req_pre"": ""0"", ""tot_sel_req_jub_pre"": ""0"", ""tot_sel_req"": ""2185"", ""tot_buy_req"": ""4740"", ""tot_buy_req_jub_pre"": ""+1"", ""ovt_sel_req_pre"": ""0"", ""ovt_sel_req"": ""0"", ""ovt_buy_req"": ""0"", ""ovt_buy_req_pre"": ""0"", ""return_code"": 0, ""return_msg"": ""정상적으로 처리되었습니다""}"
2026-06-10,scan_candidate,034230,,0,main_scan,15250,,15250,15240,15250,15250,-0.32786885245901637,0.06557377049180328,,,,,,"{""bid_req_base_tm"": ""113242"", ""sel_10th_pre_req_pre"": ""0"", ""sel_10th_pre_req"": ""1980"", ""sel_10th_pre_bid"": ""+15360"", ""sel_9th_pre_req_pre"": ""0"", ""sel_9th_pre_req"": ""100"", ""sel_9th_pre_bid"": ""+15350"", ""sel_8th_pre_req_pre"": ""0"", ""sel_8th_pre_req"": ""16"", ""sel_8th_pre_bid"": ""+15320"", ""sel_7th_pre_req_pre"": ""0"", ""sel_7th_pre_req"": ""319"", ""sel_7th_pre_bid"": ""+15310"", ""sel_6th_pre_req_pre"": ""0"", ""sel_6th_pre_req"": ""94"", ""sel_6th_pre_bid"": ""+15300"", ""sel_5th_pre_req_pre"": ""0"", ""sel_5th_pre_req"": ""200"", ""sel_5th_pre_bid"": ""+15290"", ""sel_4th_pre_req_pre"": ""0"", ""sel_4th_pre_req"": ""206"", ""sel_4th_pre_bid"": ""+15280"", ""sel_3th_pre_req_pre"": ""0"", ""sel_3th_pre_req"": ""251"", ""sel_3th_pre_bid"": ""+15270"", ""sel_2th_pre_req_pre"": ""0"", ""sel_2th_pre_req"": ""403"", ""sel_2th_pre_bid"": ""+15260"", ""sel_1th_pre_req_pre"": ""--1"", ""sel_fpr_req"": ""3"", ""sel_fpr_bid"": ""+15250"", ""buy_fpr_bid"": ""+15240"", ""buy_fpr_req"": ""64"", ""buy_1th_pre_req_pre"": ""0"", ""buy_2th_pre_bid"": ""+15230"", ""buy_2th_pre_req"": ""301"", ""buy_2th_pre_req_pre"": ""0"", ""buy_3th_pre_bid"": ""+15220"", ""buy_3th_pre_req"": ""4"", ""buy_3th_pre_req_pre"": ""0"", ""buy_4th_pre_bid"": ""+15210"", ""buy_4th_pre_req"": ""118"", ""buy_4th_pre_req_pre"": ""0"", ""buy_5th_pre_bid"": ""+15200"", ""buy_5th_pre_req"": ""265"", ""buy_5th_pre_req_pre"": ""0"", ""buy_6th_pre_bid"": ""+15190"", ""buy_6th_pre_req"": ""1000"", ""buy_6th_pre_req_pre"": ""0"", ""buy_7th_pre_bid"": ""+15180"", ""buy_7th_pre_req"": ""1"", ""buy_7th_pre_req_pre"": ""0"", ""buy_8th_pre_bid"": ""+15160"", ""buy_8th_pre_req"": ""2"", ""buy_8th_pre_req_pre"": ""0"", ""buy_9th_pre_bid"": ""+15150"", ""buy_9th_pre_req"": ""108"", ""buy_9th_pre_req_pre"": ""0"", ""buy_10th_pre_bid"": ""+15140"", ""buy_10th_pre_req"": ""31"", ""buy_10th_pre_req_pre"": ""0"", ""tot_sel_req_jub_pre"": ""--1"", ""tot_sel_req"": ""3572"", ""tot_buy_req"": ""1894"", ""tot_buy_req_jub_pre"": ""0"", ""ovt_sel_req_pre"": ""0"", ""ovt_sel_req"": ""0"", ""ovt_buy_req"": ""0"", ""ovt_buy_req_pre"": ""0"", ""return_code"": 0, ""return_msg"": ""정상적으로 처리되었습니다""}"
2026-06-10,scan_candidate,281820,,0,main_scan,66000,,66000,65800,66000,66500,0.6060606060606061,0.30303030303030304,,,,,,"{""bid_req_base_tm"": ""113238"", ""sel_10th_pre_req_pre"": ""0"", ""sel_10th_pre_req"": ""10"", ""sel_10th_pre_bid"": ""+67300"", ""sel_9th_pre_req_pre"": ""0"", ""sel_9th_pre_req"": ""2"", ""sel_9th_pre_bid"": ""+67200"", ""sel_8th_pre_req_pre"": ""0"", ""sel_8th_pre_req"": ""7"", ""sel_8th_pre_bid"": ""+67100"", ""sel_7th_pre_req_pre"": ""0"", ""sel_7th_pre_req"": ""2"", ""sel_7th_pre_bid"": ""+66900"", ""sel_6th_pre_req_pre"": ""0"", ""sel_6th_pre_req"": ""26"", ""sel_6th_pre_bid"": ""+66800"", ""sel_5th_pre_req_pre"": ""0"", ""sel_5th_pre_req"": ""2"", ""sel_5th_pre_bid"": ""+66700"", ""sel_4th_pre_req_pre"": ""0"", ""sel_4th_pre_req"": ""35"", ""sel_4th_pre_bid"": ""66400"", ""sel_3th_pre_req_pre"": ""0"", ""sel_3th_pre_req"": ""26"", ""sel_3th_pre_bid"": ""-66300"", ""sel_2th_pre_req_pre"": ""0"", ""sel_2th_pre_req"": ""9"", ""sel_2th_pre_bid"": ""-66100"", ""sel_1th_pre_req_pre"": ""0"", ""sel_fpr_req"": ""38"", ""sel_fpr_bid"": ""-66000"", ""buy_fpr_bid"": ""-65800"", ""buy_fpr_req"": ""46"", ""buy_1th_pre_req_pre"": ""+24"", ""buy_2th_pre_bid"": ""-65700"", ""buy_2th_pre_req"": ""140"", ""buy_2th_pre_req_pre"": ""0"", ""buy_3th_pre_bid"": ""-65600"", ""buy_3th_pre_req"": ""104"", ""buy_3th_pre_req_pre"": ""0"", ""buy_4th_pre_bid"": ""-65500"", ""buy_4th_pre_req"": ""103"", ""buy_4th_pre_req_pre"": ""0"", ""buy_5th_pre_bid"": ""-65400"", ""buy_5th_pre_req"": ""66"", ""buy_5th_pre_req_pre"": ""0"", ""buy_6th_pre_bid"": ""-65300"", ""buy_6th_pre_req"": ""6"", ""buy_6th_pre_req_pre"": ""0"", ""buy_7th_pre_bid"": ""-65200"", ""buy_7th_pre_req"": ""67"", ""buy_7th_pre_req_pre"": ""0"", ""buy_8th_pre_bid"": ""-65100"", ""buy_8th_pre_req"": ""142"", ""buy_8th_pre_req_pre"": ""0"", ""buy_9th_pre_bid"": ""-65000"", ""buy_9th_pre_req"": ""851"", ""buy_9th_pre_req_pre"": ""0"", ""buy_10th_pre_bid"": ""-64900"", ""buy_10th_pre_req"": ""139"", ""buy_10th_pre_req_pre"": ""0"", ""tot_sel_req_jub_pre"": ""0"", ""tot_sel_req"": ""157"", ""tot_buy_req"": ""1664"", ""tot_buy_req_jub_pre"": ""+24"", ""ovt_sel_req_pre"": ""0"", ""ovt_sel_req"": ""0"", ""ovt_buy_req"": ""0"", ""ovt_buy_req_pre"": ""0"", ""return_code"": 0, ""return_msg"": ""정상적으로 처리되었습니다""}"
2026-06-10,scan_candidate,195870,,0,main_scan,75500,,75500,75300,75500,75400,-0.26490066225165565,0.26490066225165565,,,,,,"{""bid_req_base_tm"": ""113243"", ""sel_10th_pre_req_pre"": ""0"", ""sel_10th_pre_req"": ""16"", ""sel_10th_pre_bid"": ""+76500"", ""sel_9th_pre_req_pre"": ""0"", ""sel_9th_pre_req"": ""21"", ""sel_9th_pre_bid"": ""+76400"", ""sel_8th_pre_req_pre"": ""0"", ""sel_8th_pre_req"": ""12"", ""sel_8th_pre_bid"": ""+76300"", ""sel_7th_pre_req_pre"": ""0"", ""sel_7th_pre_req"": ""10"", ""sel_7th_pre_bid"": ""+76200"", ""sel_6th_pre_req_pre"": ""0"", ""sel_6th_pre_req"": ""13"", ""sel_6th_pre_bid"": ""+76100"", ""sel_5th_pre_req_pre"": ""0"", ""sel_5th_pre_req"": ""200"", ""sel_5th_pre_bid"": ""+76000"", ""sel_4th_pre_req_pre"": ""0"", ""sel_4th_pre_req"": ""10"", ""sel_4th_pre_bid"": ""+75900"", ""sel_3th_pre_req_pre"": ""0"", ""sel_3th_pre_req"": ""40"", ""sel_3th_pre_bid"": ""+75800"", ""sel_2th_pre_req_pre"": ""0"", ""sel_2th_pre_req"": ""87"", ""sel_2th_pre_bid"": ""+75700"", ""sel_1th_pre_req_pre"": ""--5"", ""sel_fpr_req"": ""113"", ""sel_fpr_bid"": ""+75500"", ""buy_fpr_bid"": ""+75300"", ""buy_fpr_req"": ""4"", ""buy_1th_pre_req_pre"": ""0"", ""buy_2th_pre_bid"": ""+75200"", ""buy_2th_pre_req"": ""53"", ""buy_2th_pre_req_pre"": ""0"", ""buy_3th_pre_bid"": ""+75100"", ""buy_3th_pre_req"": ""93"", ""buy_3th_pre_req_pre"": ""0"", ""buy_4th_pre_bid"": ""+75000"", ""buy_4th_pre_req"": ""85"", ""buy_4th_pre_req_pre"": ""0"", ""buy_5th_pre_bid"": ""+74900"", ""buy_5th_pre_req"": ""43"", ""buy_5th_pre_req_pre"": ""0"", ""buy_6th_pre_bid"": ""+74800"", ""buy_6th_pre_req"": ""134"", ""buy_6th_pre_req_pre"": ""0"", ""buy_7th_pre_bid"": ""+74700"", ""buy_7th_pre_req"": ""4"", ""buy_7th_pre_req_pre"": ""0"", ""buy_8th_pre_bid"": ""+74600"", ""buy_8th_pre_req"": ""29"", ""buy_8th_pre_req_pre"": ""0"", ""buy_9th_pre_bid"": ""+74500"", ""buy_9th_pre_req"": ""47"", ""buy_9th_pre_req_pre"": ""0"", ""buy_10th_pre_bid"": ""+74400"", ""buy_10th_pre_req"": ""24"", ""buy_10th_pre_req_pre"": ""0"", ""tot_sel_req_jub_pre"": ""--5"", ""tot_sel_req"": ""522"", ""tot_buy_req"": ""516"", ""tot_buy_req_jub_pre"": ""0"", ""ovt_sel_req_pre"": ""0"", ""ovt_sel_req"": ""0"", ""ovt_buy_req"": ""0"", ""ovt_buy_req_pre"": ""0"", ""return_code"": 0, ""return_msg"": ""정상적으로 처리되었습니다""}"
2026-06-10,scan_candidate,001820,,0,main_scan,115000,,115000,114900,115000,115000,-0.43478260869565216,0.08695652173913043,,,,,,"{""bid_req_base_tm"": ""113244"", ""sel_10th_pre_req_pre"": ""--2"", ""sel_10th_pre_req"": ""9"", ""sel_10th_pre_bid"": ""-116200"", ""sel_9th_pre_req_pre"": ""0"", ""sel_9th_pre_req"": ""4"", ""sel_9th_pre_bid"": ""-116100"", ""sel_8th_pre_req_pre"": ""0"", ""sel_8th_pre_req"": ""44"", ""sel_8th_pre_bid"": ""-116000"", ""sel_7th_pre_req_pre"": ""0"", ""sel_7th_pre_req"": ""18"", ""sel_7th_pre_bid"": ""-115700"", ""sel_6th_pre_req_pre"": ""0"", ""sel_6th_pre_req"": ""35"", ""sel_6th_pre_bid"": ""-115600"", ""sel_5th_pre_req_pre"": ""0"", ""sel_5th_pre_req"": ""64"", ""sel_5th_pre_bid"": ""-115500"", ""sel_4th_pre_req_pre"": ""0"", ""sel_4th_pre_req"": ""24"", ""sel_4th_pre_bid"": ""-115400"", ""sel_3th_pre_req_pre"": ""0"", ""sel_3th_pre_req"": ""1"", ""sel_3th_pre_bid"": ""-115300"", ""sel_2th_pre_req_pre"": ""0"", ""sel_2th_pre_req"": ""24"", ""sel_2th_pre_bid"": ""-115100"", ""sel_1th_pre_req_pre"": ""0"", ""sel_fpr_req"": ""141"", ""sel_fpr_bid"": ""-115000"", ""buy_fpr_bid"": ""-114900"", ""buy_fpr_req"": ""3"", ""buy_1th_pre_req_pre"": ""--2"", ""buy_2th_pre_bid"": ""-114800"", ""buy_2th_pre_req"": ""35"", ""buy_2th_pre_req_pre"": ""0"", ""buy_3th_pre_bid"": ""-114700"", ""buy_3th_pre_req"": ""471"", ""buy_3th_pre_req_pre"": ""0"", ""buy_4th_pre_bid"": ""-114600"", ""buy_4th_pre_req"": ""116"", ""buy_4th_pre_req_pre"": ""0"", ""buy_5th_pre_bid"": ""-114500"", ""buy_5th_pre_req"": ""133"", ""buy_5th_pre_req_pre"": ""0"", ""buy_6th_pre_bid"": ""-114400"", ""buy_6th_pre_req"": ""44"", ""buy_6th_pre_req_pre"": ""0"", ""buy_7th_pre_bid"": ""-114300"", ""buy_7th_pre_req"": ""63"", ""buy_7th_pre_req_pre"": ""0"", ""buy_8th_pre_bid"": ""-114200"", ""buy_8th_pre_req"": ""107"", ""buy_8th_pre_req_pre"": ""0"", ""buy_9th_pre_bid"": ""-114100"", ""buy_9th_pre_req"": ""291"", ""buy_9th_pre_req_pre"": ""0"", ""buy_10th_pre_bid"": ""-114000"", ""buy_10th_pre_req"": ""857"", ""buy_10th_pre_req_pre"": ""0"", ""tot_sel_req_jub_pre"": ""--2"", ""tot_sel_req"": ""364"", ""tot_buy_req"": ""2120"", ""tot_buy_req_jub_pre"": ""--2"", ""ovt_sel_req_pre"": ""0"", ""ovt_sel_req"": ""0"", ""ovt_buy_req"": ""0"", ""ovt_buy_req_pre"": ""0"", ""return_code"": 0, ""return_msg"": ""정상적으로 처리되었습니다""}"
2026-06-10,scan_candidate,000815,,0,main_scan,399500,,399500,399000,399500,399500,-0.1251564455569462,0.1251564455569462,,,,,,"{""bid_req_base_tm"": ""113239"", ""sel_10th_pre_req_pre"": ""0"", ""sel_10th_pre_req"": ""215"", ""sel_10th_pre_bid"": ""-404500"", ""sel_9th_pre_req_pre"": ""0"", ""sel_9th_pre_req"": ""99"", ""sel_9th_pre_bid"": ""-404000"", ""sel_8th_pre_req_pre"": ""0"", ""sel_8th_pre_req"": ""79"", ""sel_8th_pre_bid"": ""-403500"", ""sel_7th_pre_req_pre"": ""0"", ""sel_7th_pre_req"": ""93"", ""sel_7th_pre_bid"": ""-403000"", ""sel_6th_pre_req_pre"": ""0"", ""sel_6th_pre_req"": ""2"", ""sel_6th_pre_bid"": ""-402500"", ""sel_5th_pre_req_pre"": ""0"", ""sel_5th_pre_req"": ""322"", ""sel_5th_pre_bid"": ""-401500"", ""sel_4th_pre_req_pre"": ""0"", ""sel_4th_pre_req"": ""106"", ""sel_4th_pre_bid"": ""-401000"", ""sel_3th_pre_req_pre"": ""0"", ""sel_3th_pre_req"": ""17"", ""sel_3th_pre_bid"": ""-400500"", ""sel_2th_pre_req_pre"": ""0"", ""sel_2th_pre_req"": ""3"", ""sel_2th_pre_bid"": ""-400000"", ""sel_1th_pre_req_pre"": ""0"", ""sel_fpr_req"": ""10"", ""sel_fpr_bid"": ""-399500"", ""buy_fpr_bid"": ""-399000"", ""buy_fpr_req"": ""281"", ""buy_1th_pre_req_pre"": ""+10"", ""buy_2th_pre_bid"": ""-398500"", ""buy_2th_pre_req"": ""17"", ""buy_2th_pre_req_pre"": ""0"", ""buy_3th_pre_bid"": ""-398000"", ""buy_3th_pre_req"": ""61"", ""buy_3th_pre_req_pre"": ""0"", ""buy_4th_pre_bid"": ""-397500"", ""buy_4th_pre_req"": ""161"", ""buy_4th_pre_req_pre"": ""0"", ""buy_5th_pre_bid"": ""-397000"", ""buy_5th_pre_req"": ""103"", ""buy_5th_pre_req_pre"": ""0"", ""buy_6th_pre_bid"": ""-396500"", ""buy_6th_pre_req"": ""17"", ""buy_6th_pre_req_pre"": ""0"", ""buy_7th_pre_bid"": ""-396000"", ""buy_7th_pre_req"": ""45"", ""buy_7th_pre_req_pre"": ""0"", ""buy_8th_pre_bid"": ""-395500"", ""buy_8th_pre_req"": ""18"", ""buy_8th_pre_req_pre"": ""0"", ""buy_9th_pre_bid"": ""-395000"", ""buy_9th_pre_req"": ""61"", ""buy_9th_pre_req_pre"": ""0"", ""buy_10th_pre_bid"": ""-394500"", ""buy_10th_pre_req"": ""18"", ""buy_10th_pre_req_pre"": ""0"", ""tot_sel_req_jub_pre"": ""0"", ""tot_sel_req"": ""946"", ""tot_buy_req"": ""782"", ""tot_buy_req_jub_pre"": ""+10"", ""ovt_sel_req_pre"": ""0"", ""ovt_sel_req"": ""0"", ""ovt_buy_req"": ""0"", ""ovt_buy_req_pre"": ""0"", ""return_code"": 0, ""return_msg"": ""정상적으로 처리되었습니다""}"
2026-06-10,scan_candidate,499790,,0,main_scan,50800,,50800,50700,50800,50700,-0.39370078740157477,0.19685039370078738,,,,,,"{""bid_req_base_tm"": ""113244"", ""sel_10th_pre_req_pre"": ""0"", ""sel_10th_pre_req"": ""396"", ""sel_10th_pre_bid"": ""+51700"", ""sel_9th_pre_req_pre"": ""0"", ""sel_9th_pre_req"": ""1130"", ""sel_9th_pre_bid"": ""+51600"", ""sel_8th_pre_req_pre"": ""0"", ""sel_8th_pre_req"": ""221"", ""sel_8th_pre_bid"": ""+51500"", ""sel_7th_pre_req_pre"": ""0"", ""sel_7th_pre_req"": ""301"", ""sel_7th_pre_bid"": ""+51400"", ""sel_6th_pre_req_pre"": ""0"", ""sel_6th_pre_req"": ""1"", ""sel_6th_pre_bid"": ""+51300"", ""sel_5th_pre_req_pre"": ""0"", ""sel_5th_pre_req"": ""1179"", ""sel_5th_pre_bid"": ""+51200"", ""sel_4th_pre_req_pre"": ""0"", ""sel_4th_pre_req"": ""57"", ""sel_4th_pre_bid"": ""+51100"", ""sel_3th_pre_req_pre"": ""0"", ""sel_3th_pre_req"": ""21"", ""sel_3th_pre_bid"": ""+51000"", ""sel_2th_pre_req_pre"": ""0"", ""sel_2th_pre_req"": ""70"", ""sel_2th_pre_bid"": ""+50900"", ""sel_1th_pre_req_pre"": ""+59"", ""sel_fpr_req"": ""69"", ""sel_fpr_bid"": ""+50800"", ""buy_fpr_bid"": ""+50700"", ""buy_fpr_req"": ""9"", ""buy_1th_pre_req_pre"": ""0"", ""buy_2th_pre_bid"": ""+50600"", ""buy_2th_pre_req"": ""39"", ""buy_2th_pre_req_pre"": ""0"", ""buy_3th_pre_bid"": ""+50500"", ""buy_3th_pre_req"": ""599"", ""buy_3th_pre_req_pre"": ""0"", ""buy_4th_pre_bid"": ""+50400"", ""buy_4th_pre_req"": ""73"", ""buy_4th_pre_req_pre"": ""0"", ""buy_5th_pre_bid"": ""+50300"", ""buy_5th_pre_req"": ""21"", ""buy_5th_pre_req_pre"": ""0"", ""buy_6th_pre_bid"": ""+50200"", ""buy_6th_pre_req"": ""31"", ""buy_6th_pre_req_pre"": ""0"", ""buy_7th_pre_bid"": ""+50100"", ""buy_7th_pre_req"": ""278"", ""buy_7th_pre_req_pre"": ""0"", ""buy_8th_pre_bid"": ""+50000"", ""buy_8th_pre_req"": ""12"", ""buy_8th_pre_req_pre"": ""0"", ""buy_9th_pre_bid"": ""+49950"", ""buy_9th_pre_req"": ""1183"", ""buy_9th_pre_req_pre"": ""0"", ""buy_10th_pre_bid"": ""+49900"", ""buy_10th_pre_req"": ""124"", ""buy_10th_pre_req_pre"": ""0"", ""tot_sel_req_jub_pre"": ""+59"", ""tot_sel_req"": ""3445"", ""tot_buy_req"": ""2369"", ""tot_buy_req_jub_pre"": ""0"", ""ovt_sel_req_pre"": ""0"", ""ovt_sel_req"": ""0"", ""ovt_buy_req"": ""0"", ""ovt_buy_req_pre"": ""0"", ""return_code"": 0, ""return_msg"": ""정상적으로 처리되었습니다""}"
2026-06-10,scan_candidate,003160,,0,main_scan,27900,,27900,27850,27900,27950,0.0,0.17921146953405018,,,,,,"{""bid_req_base_tm"": ""113243"", ""sel_10th_pre_req_pre"": ""0"", ""sel_10th_pre_req"": ""161"", ""sel_10th_pre_bid"": ""+28350"", ""sel_9th_pre_req_pre"": ""0"", ""sel_9th_pre_req"": ""203"", ""sel_9th_pre_bid"": ""+28300"", ""sel_8th_pre_req_pre"": ""0"", ""sel_8th_pre_req"": ""101"", ""sel_8th_pre_bid"": ""+28250"", ""sel_7th_pre_req_pre"": ""0"", ""sel_7th_pre_req"": ""111"", ""sel_7th_pre_bid"": ""+28200"", ""sel_6th_pre_req_pre"": ""0"", ""sel_6th_pre_req"": ""103"", ""sel_6th_pre_bid"": ""+28150"", ""sel_5th_pre_req_pre"": ""0"", ""sel_5th_pre_req"": ""55"", ""sel_5th_pre_bid"": ""+28100"", ""sel_4th_pre_req_pre"": ""0"", ""sel_4th_pre_req"": ""58"", ""sel_4th_pre_bid"": ""28050"", ""sel_3th_pre_req_pre"": ""0"", ""sel_3th_pre_req"": ""299"", ""sel_3th_pre_bid"": ""-28000"", ""sel_2th_pre_req_pre"": ""0"", ""sel_2th_pre_req"": ""2"", ""sel_2th_pre_bid"": ""-27950"", ""sel_1th_pre_req_pre"": ""+38"", ""sel_fpr_req"": ""43"", ""sel_fpr_bid"": ""-27900"", ""buy_fpr_bid"": ""-27850"", ""buy_fpr_req"": ""80"", ""buy_1th_pre_req_pre"": ""0"", ""buy_2th_pre_bid"": ""-27800"", ""buy_2th_pre_req"": ""325"", ""buy_2th_pre_req_pre"": ""0"", ""buy_3th_pre_bid"": ""-27750"", ""buy_3th_pre_req"": ""62"", ""buy_3th_pre_req_pre"": ""0"", ""buy_4th_pre_bid"": ""-27700"", ""buy_4th_pre_req"": ""152"", ""buy_4th_pre_req_pre"": ""0"", ""buy_5th_pre_bid"": ""-27650"", ""buy_5th_pre_req"": ""300"", ""buy_5th_pre_req_pre"": ""0"", ""buy_6th_pre_bid"": ""-27600"", ""buy_6th_pre_req"": ""619"", ""buy_6th_pre_req_pre"": ""0"", ""buy_7th_pre_bid"": ""-27550"", ""buy_7th_pre_req"": ""300"", ""buy_7th_pre_req_pre"": ""0"", ""buy_8th_pre_bid"": ""-27500"", ""buy_8th_pre_req"": ""958"", ""buy_8th_pre_req_pre"": ""0"", ""buy_9th_pre_bid"": ""-27450"", ""buy_9th_pre_req"": ""249"", ""buy_9th_pre_req_pre"": ""0"", ""buy_10th_pre_bid"": ""-27400"", ""buy_10th_pre_req"": ""420"", ""buy_10th_pre_req_pre"": ""0"", ""tot_sel_req_jub_pre"": ""+38"", ""tot_sel_req"": ""1136"", ""tot_buy_req"": ""3465"", ""tot_buy_req_jub_pre"": ""0"", ""ovt_sel_req_pre"": ""0"", ""ovt_sel_req"": ""0"", ""ovt_buy_req"": ""0"", ""ovt_buy_req_pre"": ""0"", ""return_code"": 0, ""return_msg"": ""정상적으로 처리되었습니다""}"
2026-06-10,scan_candidate,000370,,0,main_scan,6500,,6500,6490,6500,6500,-0.15384615384615385,0.15384615384615385,,,,,,"{""bid_req_base_tm"": ""113242"", ""sel_10th_pre_req_pre"": ""0"", ""sel_10th_pre_req"": ""1525"", ""sel_10th_pre_bid"": ""+6600"", ""sel_9th_pre_req_pre"": ""0"", ""sel_9th_pre_req"": ""312"", ""sel_9th_pre_bid"": ""+6590"", ""sel_8th_pre_req_pre"": ""0"", ""sel_8th_pre_req"": ""112"", ""sel_8th_pre_bid"": ""+6580"", ""sel_7th_pre_req_pre"": ""0"", ""sel_7th_pre_req"": ""753"", ""sel_7th_pre_bid"": ""+6570"", ""sel_6th_pre_req_pre"": ""0"", ""sel_6th_pre_req"": ""104"", ""sel_6th_pre_bid"": ""+6560"", ""sel_5th_pre_req_pre"": ""0"", ""sel_5th_pre_req"": ""175"", ""sel_5th_pre_bid"": ""+6550"", ""sel_4th_pre_req_pre"": ""0"", ""sel_4th_pre_req"": ""1027"", ""sel_4th_pre_bid"": ""+6540"", ""sel_3th_pre_req_pre"": ""0"", ""sel_3th_pre_req"": ""26"", ""sel_3th_pre_bid"": ""+6520"", ""sel_2th_pre_req_pre"": ""0"", ""sel_2th_pre_req"": ""787"", ""sel_2th_pre_bid"": ""+6510"", ""sel_1th_pre_req_pre"": ""--2"", ""sel_fpr_req"": ""1562"", ""sel_fpr_bid"": ""+6500"", ""buy_fpr_bid"": ""+6490"", ""buy_fpr_req"": ""176"", ""buy_1th_pre_req_pre"": ""--2"", ""buy_2th_pre_bid"": ""+6480"", ""buy_2th_pre_req"": ""641"", ""buy_2th_pre_req_pre"": ""0"", ""buy_3th_pre_bid"": ""+6470"", ""buy_3th_pre_req"": ""624"", ""buy_3th_pre_req_pre"": ""0"", ""buy_4th_pre_bid"": ""+6460"", ""buy_4th_pre_req"": ""645"", ""buy_4th_pre_req_pre"": ""0"", ""buy_5th_pre_bid"": ""6450"", ""buy_5th_pre_req"": ""901"", ""buy_5th_pre_req_pre"": ""0"", ""buy_6th_pre_bid"": ""-6440"", ""buy_6th_pre_req"": ""213"", ""buy_6th_pre_req_pre"": ""0"", ""buy_7th_pre_bid"": ""-6430"", ""buy_7th_pre_req"": ""1620"", ""buy_7th_pre_req_pre"": ""0"", ""buy_8th_pre_bid"": ""-6420"", ""buy_8th_pre_req"": ""570"", ""buy_8th_pre_req_pre"": ""0"", ""buy_9th_pre_bid"": ""-6410"", ""buy_9th_pre_req"": ""1539"", ""buy_9th_pre_req_pre"": ""0"", ""buy_10th_pre_bid"": ""-6400"", ""buy_10th_pre_req"": ""5388"", ""buy_10th_pre_req_pre"": ""0"", ""tot_sel_req_jub_pre"": ""--2"", ""tot_sel_req"": ""6383"", ""tot_buy_req"": ""12317"", ""tot_buy_req_jub_pre"": ""--2"", ""ovt_sel_req_pre"": ""0"", ""ovt_sel_req"": ""0"", ""ovt_buy_req"": ""0"", ""ovt_buy_req_pre"": ""0"", ""return_code"": 0, ""return_msg"": ""정상적으로 처리되었습니다""}"
2026-06-10,scan_candidate,114090,,0,main_scan,12090,,12090,12080,12090,12000,-1.1579818031430935,0.0827129859387924,,,,,,"{""bid_req_base_tm"": ""113241"", ""sel_10th_pre_req_pre"": ""0"", ""sel_10th_pre_req"": ""331"", ""sel_10th_pre_bid"": ""+12180"", ""sel_9th_pre_req_pre"": ""0"", ""sel_9th_pre_req"": ""1711"", ""sel_9th_pre_bid"": ""+12170"", ""sel_8th_pre_req_pre"": ""0"", ""sel_8th_pre_req"": ""1010"", ""sel_8th_pre_bid"": ""+12160"", ""sel_7th_pre_req_pre"": ""0"", ""sel_7th_pre_req"": ""1133"", ""sel_7th_pre_bid"": ""+12150"", ""sel_6th_pre_req_pre"": ""0"", ""sel_6th_pre_req"": ""1432"", ""sel_6th_pre_bid"": ""+12140"", ""sel_5th_pre_req_pre"": ""0"", ""sel_5th_pre_req"": ""353"", ""sel_5th_pre_bid"": ""+12130"", ""sel_4th_pre_req_pre"": ""0"", ""sel_4th_pre_req"": ""11"", ""sel_4th_pre_bid"": ""+12120"", ""sel_3th_pre_req_pre"": ""0"", ""sel_3th_pre_req"": ""8"", ""sel_3th_pre_bid"": ""+12110"", ""sel_2th_pre_req_pre"": ""0"", ""sel_2th_pre_req"": ""2628"", ""sel_2th_pre_bid"": ""+12100"", ""sel_1th_pre_req_pre"": ""0"", ""sel_fpr_req"": ""106"", ""sel_fpr_bid"": ""+12090"", ""buy_fpr_bid"": ""+12080"", ""buy_fpr_req"": ""433"", ""buy_1th_pre_req_pre"": ""--1"", ""buy_2th_pre_bid"": ""+12070"", ""buy_2th_pre_req"": ""18"", ""buy_2th_pre_req_pre"": ""0"", ""buy_3th_pre_bid"": ""+12060"", ""buy_3th_pre_req"": ""186"", ""buy_3th_pre_req_pre"": ""0"", ""buy_4th_pre_bid"": ""+12050"", ""buy_4th_pre_req"": ""499"", ""buy_4th_pre_req_pre"": ""0"", ""buy_5th_pre_bid"": ""+12020"", ""buy_5th_pre_req"": ""20"", ""buy_5th_pre_req_pre"": ""0"", ""buy_6th_pre_bid"": ""+12010"", ""buy_6th_pre_req"": ""205"", ""buy_6th_pre_req_pre"": ""0"", ""buy_7th_pre_bid"": ""+12000"", ""buy_7th_pre_req"": ""570"", ""buy_7th_pre_req_pre"": ""0"", ""buy_8th_pre_bid"": ""+11990"", ""buy_8th_pre_req"": ""100"", ""buy_8th_pre_req_pre"": ""0"", ""buy_9th_pre_bid"": ""+11980"", ""buy_9th_pre_req"": ""203"", ""buy_9th_pre_req_pre"": ""0"", ""buy_10th_pre_bid"": ""+11970"", ""buy_10th_pre_req"": ""56"", ""buy_10th_pre_req_pre"": ""0"", ""tot_sel_req_jub_pre"": ""0"", ""tot_sel_req"": ""8723"", ""tot_buy_req"": ""2290"", ""tot_buy_req_jub_pre"": ""--1"", ""ovt_sel_req_pre"": ""0"", ""ovt_sel_req"": ""0"", ""ovt_buy_req"": ""0"", ""ovt_buy_req_pre"": ""0"", ""return_code"": 0, ""return_msg"": ""정상적으로 처리되었습니다""}"
2026-06-10,scan_candidate,005090,,0,main_scan,51700,,51700,51600,51700,51900,0.19342359767891684,0.19342359767891684,,,,,,"{""bid_req_base_tm"": ""113238"", ""sel_10th_pre_req_pre"": ""0"", ""sel_10th_pre_req"": ""16"", ""sel_10th_pre_bid"": ""+52600"", ""sel_9th_pre_req_pre"": ""0"", ""sel_9th_pre_req"": ""41"", ""sel_9th_pre_bid"": ""+52500"", ""sel_8th_pre_req_pre"": ""0"", ""sel_8th_pre_req"": ""2"", ""sel_8th_pre_bid"": ""+52400"", ""sel_7th_pre_req_pre"": ""0"", ""sel_7th_pre_req"": ""31"", ""sel_7th_pre_bid"": ""+52300"", ""sel_6th_pre_req_pre"": ""0"", ""sel_6th_pre_req"": ""22"", ""sel_6th_pre_bid"": ""+52200"", ""sel_5th_pre_req_pre"": ""0"", ""sel_5th_pre_req"": ""29"", ""sel_5th_pre_bid"": ""+52100"", ""sel_4th_pre_req_pre"": ""0"", ""sel_4th_pre_req"": ""9"", ""sel_4th_pre_bid"": ""+52000"", ""sel_3th_pre_req_pre"": ""0"", ""sel_3th_pre_req"": ""2"", ""sel_3th_pre_bid"": ""+51900"", ""sel_2th_pre_req_pre"": ""0"", ""sel_2th_pre_req"": ""47"", ""sel_2th_pre_bid"": ""+51800"", ""sel_1th_pre_req_pre"": ""+6"", ""sel_fpr_req"": ""41"", ""sel_fpr_bid"": ""+51700"", ""buy_fpr_bid"": ""+51600"", ""buy_fpr_req"": ""9"", ""buy_1th_pre_req_pre"": ""0"", ""buy_2th_pre_bid"": ""+51500"", ""buy_2th_pre_req"": ""26"", ""buy_2th_pre_req_pre"": ""0"", ""buy_3th_pre_bid"": ""+51400"", ""buy_3th_pre_req"": ""130"", ""buy_3th_pre_req_pre"": ""0"", ""buy_4th_pre_bid"": ""+51300"", ""buy_4th_pre_req"": ""194"", ""buy_4th_pre_req_pre"": ""0"", ""buy_5th_pre_bid"": ""+51200"", ""buy_5th_pre_req"": ""1394"", ""buy_5th_pre_req_pre"": ""0"", ""buy_6th_pre_bid"": ""+51100"", ""buy_6th_pre_req"": ""192"", ""buy_6th_pre_req_pre"": ""0"", ""buy_7th_pre_bid"": ""+51000"", ""buy_7th_pre_req"": ""329"", ""buy_7th_pre_req_pre"": ""0"", ""buy_8th_pre_bid"": ""+50900"", ""buy_8th_pre_req"": ""224"", ""buy_8th_pre_req_pre"": ""0"", ""buy_9th_pre_bid"": ""+50800"", ""buy_9th_pre_req"": ""202"", ""buy_9th_pre_req_pre"": ""0"", ""buy_10th_pre_bid"": ""+50700"", ""buy_10th_pre_req"": ""271"", ""buy_10th_pre_req_pre"": ""0"", ""tot_sel_req_jub_pre"": ""+6"", ""tot_sel_req"": ""240"", ""tot_buy_req"": ""2971"", ""tot_buy_req_jub_pre"": ""0"", ""ovt_sel_req_pre"": ""0"", ""ovt_sel_req"": ""0"", ""ovt_buy_req"": ""0"", ""ovt_buy_req_pre"": ""0"", ""return_code"": 0, ""return_msg"": ""정상적으로 처리되었습니다""}"
2026-06-10,scan_candidate,017900,,0,main_scan,9240,,9240,9210,9240,9230,-0.21645021645021645,0.3246753246753247,,,,,,"{""bid_req_base_tm"": ""113245"", ""sel_10th_pre_req_pre"": ""0"", ""sel_10th_pre_req"": ""59"", ""sel_10th_pre_bid"": ""+9330"", ""sel_9th_pre_req_pre"": ""0"", ""sel_9th_pre_req"": ""306"", ""sel_9th_pre_bid"": ""+9320"", ""sel_8th_pre_req_pre"": ""0"", ""sel_8th_pre_req"": ""216"", ""sel_8th_pre_bid"": ""+9310"", ""sel_7th_pre_req_pre"": ""0"", ""sel_7th_pre_req"": ""867"", ""sel_7th_pre_bid"": ""+9300"", ""sel_6th_pre_req_pre"": ""0"", ""sel_6th_pre_req"": ""202"", ""sel_6th_pre_bid"": ""+9290"", ""sel_5th_pre_req_pre"": ""0"", ""sel_5th_pre_req"": ""299"", ""sel_5th_pre_bid"": ""+9280"", ""sel_4th_pre_req_pre"": ""0"", ""sel_4th_pre_req"": ""1644"", ""sel_4th_pre_bid"": ""+9270"", ""sel_3th_pre_req_pre"": ""0"", ""sel_3th_pre_req"": ""2041"", ""sel_3th_pre_bid"": ""+9260"", ""sel_2th_pre_req_pre"": ""0"", ""sel_2th_pre_req"": ""2051"", ""sel_2th_pre_bid"": ""+9250"", ""sel_1th_pre_req_pre"": ""--2"", ""sel_fpr_req"": ""1098"", ""sel_fpr_bid"": ""+9240"", ""buy_fpr_bid"": ""+9210"", ""buy_fpr_req"": ""169"", ""buy_1th_pre_req_pre"": ""0"", ""buy_2th_pre_bid"": ""9190"", ""buy_2th_pre_req"": ""12"", ""buy_2th_pre_req_pre"": ""0"", ""buy_3th_pre_bid"": ""-9180"", ""buy_3th_pre_req"": ""260"", ""buy_3th_pre_req_pre"": ""0"", ""buy_4th_pre_bid"": ""-9170"", ""buy_4th_pre_req"": ""2083"", ""buy_4th_pre_req_pre"": ""0"", ""buy_5th_pre_bid"": ""-9160"", ""buy_5th_pre_req"": ""1041"", ""buy_5th_pre_req_pre"": ""0"", ""buy_6th_pre_bid"": ""-9150"", ""buy_6th_pre_req"": ""1397"", ""buy_6th_pre_req_pre"": ""0"", ""buy_7th_pre_bid"": ""-9140"", ""buy_7th_pre_req"": ""3249"", ""buy_7th_pre_req_pre"": ""0"", ""buy_8th_pre_bid"": ""-9130"", ""buy_8th_pre_req"": ""2396"", ""buy_8th_pre_req_pre"": ""0"", ""buy_9th_pre_bid"": ""-9120"", ""buy_9th_pre_req"": ""837"", ""buy_9th_pre_req_pre"": ""0"", ""buy_10th_pre_bid"": ""-9110"", ""buy_10th_pre_req"": ""277"", ""buy_10th_pre_req_pre"": ""0"", ""tot_sel_req_jub_pre"": ""--2"", ""tot_sel_req"": ""8783"", ""tot_buy_req"": ""11721"", ""tot_buy_req_jub_pre"": ""0"", ""ovt_sel_req_pre"": ""0"", ""ovt_sel_req"": ""0"", ""ovt_buy_req"": ""0"", ""ovt_buy_req_pre"": ""0"", ""return_code"": 0, ""return_msg"": ""정상적으로 처리되었습니다""}"
2026-06-10,scan_candidate,004710,,0,main_scan,10810,,10810,10800,10810,10850,-0.09250693802035154,0.09250693802035154,,,,,,"{""bid_req_base_tm"": ""113242"", ""sel_10th_pre_req_pre"": ""0"", ""sel_10th_pre_req"": ""28"", ""sel_10th_pre_bid"": ""+11060"", ""sel_9th_pre_req_pre"": ""0"", ""sel_9th_pre_req"": ""6"", ""sel_9th_pre_bid"": ""+11040"", ""sel_8th_pre_req_pre"": ""0"", ""sel_8th_pre_req"": ""5"", ""sel_8th_pre_bid"": ""+11030"", ""sel_7th_pre_req_pre"": ""0"", ""sel_7th_pre_req"": ""1198"", ""sel_7th_pre_bid"": ""+11010"", ""sel_6th_pre_req_pre"": ""0"", ""sel_6th_pre_req"": ""11"", ""sel_6th_pre_bid"": ""+11000"", ""sel_5th_pre_req_pre"": ""0"", ""sel_5th_pre_req"": ""2"", ""sel_5th_pre_bid"": ""+10990"", ""sel_4th_pre_req_pre"": ""0"", ""sel_4th_pre_req"": ""70"", ""sel_4th_pre_bid"": ""+10900"", ""sel_3th_pre_req_pre"": ""0"", ""sel_3th_pre_req"": ""20"", ""sel_3th_pre_bid"": ""+10880"", ""sel_2th_pre_req_pre"": ""0"", ""sel_2th_pre_req"": ""20"", ""sel_2th_pre_bid"": ""+10850"", ""sel_1th_pre_req_pre"": ""0"", ""sel_fpr_req"": ""2"", ""sel_fpr_bid"": ""+10810"", ""buy_fpr_bid"": ""+10800"", ""buy_fpr_req"": ""6"", ""buy_1th_pre_req_pre"": ""+1"", ""buy_2th_pre_bid"": ""+10770"", ""buy_2th_pre_req"": ""59"", ""buy_2th_pre_req_pre"": ""0"", ""buy_3th_pre_bid"": ""+10760"", ""buy_3th_pre_req"": ""36"", ""buy_3th_pre_req_pre"": ""0"", ""buy_4th_pre_bid"": ""+10750"", ""buy_4th_pre_req"": ""261"", ""buy_4th_pre_req_pre"": ""0"", ""buy_5th_pre_bid"": ""+10720"", ""buy_5th_pre_req"": ""141"", ""buy_5th_pre_req_pre"": ""0"", ""buy_6th_pre_bid"": ""+10710"", ""buy_6th_pre_req"": ""88"", ""buy_6th_pre_req_pre"": ""0"", ""buy_7th_pre_bid"": ""+10700"", ""buy_7th_pre_req"": ""857"", ""buy_7th_pre_req_pre"": ""0"", ""buy_8th_pre_bid"": ""+10690"", ""buy_8th_pre_req"": ""12"", ""buy_8th_pre_req_pre"": ""0"", ""buy_9th_pre_bid"": ""+10680"", ""buy_9th_pre_req"": ""42"", ""buy_9th_pre_req_pre"": ""0"", ""buy_10th_pre_bid"": ""+10670"", ""buy_10th_pre_req"": ""3"", ""buy_10th_pre_req_pre"": ""0"", ""tot_sel_req_jub_pre"": ""0"", ""tot_sel_req"": ""1362"", ""tot_buy_req"": ""1505"", ""tot_buy_req_jub_pre"": ""+1"", ""ovt_sel_req_pre"": ""0"", ""ovt_sel_req"": ""0"", ""ovt_buy_req"": ""0"", ""ovt_buy_req_pre"": ""0"", ""return_code"": 0, ""return_msg"": ""정상적으로 처리되었습니다""}"
2026-06-10,scan_candidate,006220,,0,main_scan,11930,,11930,11920,11930,11850,-1.0896898575020955,0.08382229673093043,,,,,,"{""bid_req_base_tm"": ""113246"", ""sel_10th_pre_req_pre"": ""0"", ""sel_10th_pre_req"": ""15"", ""sel_10th_pre_bid"": ""+12020"", ""sel_9th_pre_req_pre"": ""0"", ""sel_9th_pre_req"": ""686"", ""sel_9th_pre_bid"": ""+12010"", ""sel_8th_pre_req_pre"": ""0"", ""sel_8th_pre_req"": ""1762"", ""sel_8th_pre_bid"": ""+12000"", ""sel_7th_pre_req_pre"": ""0"", ""sel_7th_pre_req"": ""5147"", ""sel_7th_pre_bid"": ""+11990"", ""sel_6th_pre_req_pre"": ""0"", ""sel_6th_pre_req"": ""3597"", ""sel_6th_pre_bid"": ""+11980"", ""sel_5th_pre_req_pre"": ""0"", ""sel_5th_pre_req"": ""1896"", ""sel_5th_pre_bid"": ""+11970"", ""sel_4th_pre_req_pre"": ""0"", ""sel_4th_pre_req"": ""2614"", ""sel_4th_pre_bid"": ""+11960"", ""sel_3th_pre_req_pre"": ""0"", ""sel_3th_pre_req"": ""1182"", ""sel_3th_pre_bid"": ""+11950"", ""sel_2th_pre_req_pre"": ""0"", ""sel_2th_pre_req"": ""79"", ""sel_2th_pre_bid"": ""+11940"", ""sel_1th_pre_req_pre"": ""+177"", ""sel_fpr_req"": ""259"", ""sel_fpr_bid"": ""+11930"", ""buy_fpr_bid"": ""+11920"", ""buy_fpr_req"": ""385"", ""buy_1th_pre_req_pre"": ""0"", ""buy_2th_pre_bid"": ""+11900"", ""buy_2th_pre_req"": ""170"", ""buy_2th_pre_req_pre"": ""0"", ""buy_3th_pre_bid"": ""+11890"", ""buy_3th_pre_req"": ""111"", ""buy_3th_pre_req_pre"": ""0"", ""buy_4th_pre_bid"": ""+11880"", ""buy_4th_pre_req"": ""196"", ""buy_4th_pre_req_pre"": ""0"", ""buy_5th_pre_bid"": ""+11870"", ""buy_5th_pre_req"": ""159"", ""buy_5th_pre_req_pre"": ""0"", ""buy_6th_pre_bid"": ""+11860"", ""buy_6th_pre_req"": ""973"", ""buy_6th_pre_req_pre"": ""0"", ""buy_7th_pre_bid"": ""+11850"", ""buy_7th_pre_req"": ""1604"", ""buy_7th_pre_req_pre"": ""0"", ""buy_8th_pre_bid"": ""+11830"", ""buy_8th_pre_req"": ""437"", ""buy_8th_pre_req_pre"": ""0"", ""buy_9th_pre_bid"": ""+11820"", ""buy_9th_pre_req"": ""11"", ""buy_9th_pre_req_pre"": ""0"", ""buy_10th_pre_bid"": ""+11810"", ""buy_10th_pre_req"": ""310"", ""buy_10th_pre_req_pre"": ""0"", ""tot_sel_req_jub_pre"": ""+177"", ""tot_sel_req"": ""17237"", ""tot_buy_req"": ""4356"", ""tot_buy_req_jub_pre"": ""0"", ""ovt_sel_req_pre"": ""0"", ""ovt_sel_req"": ""0"", ""ovt_buy_req"": ""0"", ""ovt_buy_req_pre"": ""0"", ""return_code"": 0, ""return_msg"": ""정상적으로 처리되었습니다""}"
2026-06-10,scan_candidate,092200,,0,main_scan,9510,,9510,9500,9510,9520,0.0,0.10515247108307045,,,,,,"{""bid_req_base_tm"": ""113245"", ""sel_10th_pre_req_pre"": ""0"", ""sel_10th_pre_req"": ""213"", ""sel_10th_pre_bid"": ""-9600"", ""sel_9th_pre_req_pre"": ""0"", ""sel_9th_pre_req"": ""157"", ""sel_9th_pre_bid"": ""-9590"", ""sel_8th_pre_req_pre"": ""0"", ""sel_8th_pre_req"": ""142"", ""sel_8th_pre_bid"": ""-9580"", ""sel_7th_pre_req_pre"": ""0"", ""sel_7th_pre_req"": ""332"", ""sel_7th_pre_bid"": ""-9570"", ""sel_6th_pre_req_pre"": ""0"", ""sel_6th_pre_req"": ""131"", ""sel_6th_pre_bid"": ""-9560"", ""sel_5th_pre_req_pre"": ""0"", ""sel_5th_pre_req"": ""649"", ""sel_5th_pre_bid"": ""-9550"", ""sel_4th_pre_req_pre"": ""0"", ""sel_4th_pre_req"": ""69"", ""sel_4th_pre_bid"": ""-9540"", ""sel_3th_pre_req_pre"": ""0"", ""sel_3th_pre_req"": ""18"", ""sel_3th_pre_bid"": ""-9530"", ""sel_2th_pre_req_pre"": ""0"", ""sel_2th_pre_req"": ""1131"", ""sel_2th_pre_bid"": ""-9520"", ""sel_1th_pre_req_pre"": ""0"", ""sel_fpr_req"": ""128"", ""sel_fpr_bid"": ""-9510"", ""buy_fpr_bid"": ""-9500"", ""buy_fpr_req"": ""3"", ""buy_1th_pre_req_pre"": ""0"", ""buy_2th_pre_bid"": ""-9490"", ""buy_2th_pre_req"": ""121"", ""buy_2th_pre_req_pre"": ""0"", ""buy_3th_pre_bid"": ""-9480"", ""buy_3th_pre_req"": ""1739"", ""buy_3th_pre_req_pre"": ""0"", ""buy_4th_pre_bid"": ""-9470"", ""buy_4th_pre_req"": ""2"", ""buy_4th_pre_req_pre"": ""0"", ""buy_5th_pre_bid"": ""-9460"", ""buy_5th_pre_req"": ""542"", ""buy_5th_pre_req_pre"": ""0"", ""buy_6th_pre_bid"": ""-9450"", ""buy_6th_pre_req"": ""2939"", ""buy_6th_pre_req_pre"": ""0"", ""buy_7th_pre_bid"": ""-9440"", ""buy_7th_pre_req"": ""39"", ""buy_7th_pre_req_pre"": ""0"", ""buy_8th_pre_bid"": ""-9430"", ""buy_8th_pre_req"": ""1275"", ""buy_8th_pre_req_pre"": ""0"", ""buy_9th_pre_bid"": ""-9420"", ""buy_9th_pre_req"": ""536"", ""buy_9th_pre_req_pre"": ""0"", ""buy_10th_pre_bid"": ""-9410"", ""buy_10th_pre_req"": ""57"", ""buy_10th_pre_req_pre"": ""0"", ""tot_sel_req_jub_pre"": ""0"", ""tot_sel_req"": ""2970"", ""tot_buy_req"": ""7253"", ""tot_buy_req_jub_pre"": ""0"", ""ovt_sel_req_pre"": ""0"", ""ovt_sel_req"": ""0"", ""ovt_buy_req"": ""0"", ""ovt_buy_req_pre"": ""0"", ""return_code"": 0, ""return_msg"": ""정상적으로 처리되었습니다""}"
2026-06-10,scan_candidate,000430,,0,main_scan,5650,,5650,5620,5650,5630,-0.5309734513274336,0.5309734513274336,,,,,,"{""bid_req_base_tm"": ""113245"", ""sel_10th_pre_req_pre"": ""0"", ""sel_10th_pre_req"": ""1190"", ""sel_10th_pre_bid"": ""-5740"", ""sel_9th_pre_req_pre"": ""0"", ""sel_9th_pre_req"": ""3688"", ""sel_9th_pre_bid"": ""-5730"", ""sel_8th_pre_req_pre"": ""0"", ""sel_8th_pre_req"": ""14"", ""sel_8th_pre_bid"": ""-5720"", ""sel_7th_pre_req_pre"": ""0"", ""sel_7th_pre_req"": ""303"", ""sel_7th_pre_bid"": ""-5710"", ""sel_6th_pre_req_pre"": ""0"", ""sel_6th_pre_req"": ""2554"", ""sel_6th_pre_bid"": ""-5700"", ""sel_5th_pre_req_pre"": ""0"", ""sel_5th_pre_req"": ""1081"", ""sel_5th_pre_bid"": ""-5690"", ""sel_4th_pre_req_pre"": ""0"", ""sel_4th_pre_req"": ""1538"", ""sel_4th_pre_bid"": ""-5680"", ""sel_3th_pre_req_pre"": ""0"", ""sel_3th_pre_req"": ""1281"", ""sel_3th_pre_bid"": ""-5670"", ""sel_2th_pre_req_pre"": ""0"", ""sel_2th_pre_req"": ""170"", ""sel_2th_pre_bid"": ""-5660"", ""sel_1th_pre_req_pre"": ""0"", ""sel_fpr_req"": ""5822"", ""sel_fpr_bid"": ""-5650"", ""buy_fpr_bid"": ""-5620"", ""buy_fpr_req"": ""691"", ""buy_1th_pre_req_pre"": ""0"", ""buy_2th_pre_bid"": ""-5610"", ""buy_2th_pre_req"": ""2142"", ""buy_2th_pre_req_pre"": ""0"", ""buy_3th_pre_bid"": ""-5600"", ""buy_3th_pre_req"": ""2609"", ""buy_3th_pre_req_pre"": ""0"", ""buy_4th_pre_bid"": ""-5590"", ""buy_4th_pre_req"": ""467"", ""buy_4th_pre_req_pre"": ""0"", ""buy_5th_pre_bid"": ""-5580"", ""buy_5th_pre_req"": ""2120"", ""buy_5th_pre_req_pre"": ""0"", ""buy_6th_pre_bid"": ""-5570"", ""buy_6th_pre_req"": ""1140"", ""buy_6th_pre_req_pre"": ""0"", ""buy_7th_pre_bid"": ""-5560"", ""buy_7th_pre_req"": ""2469"", ""buy_7th_pre_req_pre"": ""0"", ""buy_8th_pre_bid"": ""-5550"", ""buy_8th_pre_req"": ""602"", ""buy_8th_pre_req_pre"": ""0"", ""buy_9th_pre_bid"": ""-5540"", ""buy_9th_pre_req"": ""1392"", ""buy_9th_pre_req_pre"": ""0"", ""buy_10th_pre_bid"": ""-5530"", ""buy_10th_pre_req"": ""5394"", ""buy_10th_pre_req_pre"": ""0"", ""tot_sel_req_jub_pre"": ""0"", ""tot_sel_req"": ""17641"", ""tot_buy_req"": ""19026"", ""tot_buy_req_jub_pre"": ""0"", ""ovt_sel_req_pre"": ""0"", ""ovt_sel_req"": ""0"", ""ovt_buy_req"": ""0"", ""ovt_buy_req_pre"": ""0"", ""return_code"": 0, ""return_msg"": ""정상적으로 처리되었습니다""}"
2026-06-10,scan_candidate,010690,,0,main_scan,10460,,10460,10440,10460,10450,-0.5736137667304015,0.19120458891013384,,,,,,"{""bid_req_base_tm"": ""113246"", ""sel_10th_pre_req_pre"": ""0"", ""sel_10th_pre_req"": ""4"", ""sel_10th_pre_bid"": ""+10560"", ""sel_9th_pre_req_pre"": ""0"", ""sel_9th_pre_req"": ""59"", ""sel_9th_pre_bid"": ""+10550"", ""sel_8th_pre_req_pre"": ""0"", ""sel_8th_pre_req"": ""9"", ""sel_8th_pre_bid"": ""+10540"", ""sel_7th_pre_req_pre"": ""0"", ""sel_7th_pre_req"": ""12"", ""sel_7th_pre_bid"": ""+10530"", ""sel_6th_pre_req_pre"": ""0"", ""sel_6th_pre_req"": ""11"", ""sel_6th_pre_bid"": ""+10520"", ""sel_5th_pre_req_pre"": ""0"", ""sel_5th_pre_req"": ""515"", ""sel_5th_pre_bid"": ""+10510"", ""sel_4th_pre_req_pre"": ""0"", ""sel_4th_pre_req"": ""305"", ""sel_4th_pre_bid"": ""+10500"", ""sel_3th_pre_req_pre"": ""0"", ""sel_3th_pre_req"": ""120"", ""sel_3th_pre_bid"": ""+10490"", ""sel_2th_pre_req_pre"": ""0"", ""sel_2th_pre_req"": ""130"", ""sel_2th_pre_bid"": ""+10480"", ""sel_1th_pre_req_pre"": ""0"", ""sel_fpr_req"": ""87"", ""sel_fpr_bid"": ""+10460"", ""buy_fpr_bid"": ""+10440"", ""buy_fpr_req"": ""17"", ""buy_1th_pre_req_pre"": ""+2"", ""buy_2th_pre_bid"": ""+10430"", ""buy_2th_pre_req"": ""281"", ""buy_2th_pre_req_pre"": ""0"", ""buy_3th_pre_bid"": ""+10420"", ""buy_3th_pre_req"": ""703"", ""buy_3th_pre_req_pre"": ""0"", ""buy_4th_pre_bid"": ""+10410"", ""buy_4th_pre_req"": ""275"", ""buy_4th_pre_req_pre"": ""0"", ""buy_5th_pre_bid"": ""+10400"", ""buy_5th_pre_req"": ""841"", ""buy_5th_pre_req_pre"": ""0"", ""buy_6th_pre_bid"": ""+10390"", ""buy_6th_pre_req"": ""210"", ""buy_6th_pre_req_pre"": ""0"", ""buy_7th_pre_bid"": ""+10380"", ""buy_7th_pre_req"": ""278"", ""buy_7th_pre_req_pre"": ""0"", ""buy_8th_pre_bid"": ""+10370"", ""buy_8th_pre_req"": ""163"", ""buy_8th_pre_req_pre"": ""0"", ""buy_9th_pre_bid"": ""+10360"", ""buy_9th_pre_req"": ""316"", ""buy_9th_pre_req_pre"": ""0"", ""buy_10th_pre_bid"": ""+10350"", ""buy_10th_pre_req"": ""733"", ""buy_10th_pre_req_pre"": ""0"", ""tot_sel_req_jub_pre"": ""0"", ""tot_sel_req"": ""1252"", ""tot_buy_req"": ""3817"", ""tot_buy_req_jub_pre"": ""+2"", ""ovt_sel_req_pre"": ""0"", ""ovt_sel_req"": ""0"", ""ovt_buy_req"": ""0"", ""ovt_buy_req_pre"": ""0"", ""return_code"": 0, ""return_msg"": ""정상적으로 처리되었습니다""}"
2026-06-10,scan_candidate,005950,,0,main_scan,11940,,11940,11930,11940,11950,-0.33500837520938026,0.08375209380234507,,,,,,"{""bid_req_base_tm"": ""113247"", ""sel_10th_pre_req_pre"": ""0"", ""sel_10th_pre_req"": ""25"", ""sel_10th_pre_bid"": ""+12140"", ""sel_9th_pre_req_pre"": ""0"", ""sel_9th_pre_req"": ""3"", ""sel_9th_pre_bid"": ""+12130"", ""sel_8th_pre_req_pre"": ""0"", ""sel_8th_pre_req"": ""236"", ""sel_8th_pre_bid"": ""+12100"", ""sel_7th_pre_req_pre"": ""0"", ""sel_7th_pre_req"": ""2"", ""sel_7th_pre_bid"": ""+12090"", ""sel_6th_pre_req_pre"": ""0"", ""sel_6th_pre_req"": ""12"", ""sel_6th_pre_bid"": ""+12060"", ""sel_5th_pre_req_pre"": ""0"", ""sel_5th_pre_req"": ""91"", ""sel_5th_pre_bid"": ""+12010"", ""sel_4th_pre_req_pre"": ""0"", ""sel_4th_pre_req"": ""51"", ""sel_4th_pre_bid"": ""+11990"", ""sel_3th_pre_req_pre"": ""0"", ""sel_3th_pre_req"": ""237"", ""sel_3th_pre_bid"": ""+11970"", ""sel_2th_pre_req_pre"": ""0"", ""sel_2th_pre_req"": ""2"", ""sel_2th_pre_bid"": ""+11950"", ""sel_1th_pre_req_pre"": ""0"", ""sel_fpr_req"": ""27"", ""sel_fpr_bid"": ""+11940"", ""buy_fpr_bid"": ""+11930"", ""buy_fpr_req"": ""46"", ""buy_1th_pre_req_pre"": ""0"", ""buy_2th_pre_bid"": ""+11870"", ""buy_2th_pre_req"": ""92"", ""buy_2th_pre_req_pre"": ""0"", ""buy_3th_pre_bid"": ""+11860"", ""buy_3th_pre_req"": ""101"", ""buy_3th_pre_req_pre"": ""0"", ""buy_4th_pre_bid"": ""+11850"", ""buy_4th_pre_req"": ""179"", ""buy_4th_pre_req_pre"": ""0"", ""buy_5th_pre_bid"": ""+11840"", ""buy_5th_pre_req"": ""1081"", ""buy_5th_pre_req_pre"": ""0"", ""buy_6th_pre_bid"": ""+11830"", ""buy_6th_pre_req"": ""667"", ""buy_6th_pre_req_pre"": ""0"", ""buy_7th_pre_bid"": ""+11820"", ""buy_7th_pre_req"": ""157"", ""buy_7th_pre_req_pre"": ""0"", ""buy_8th_pre_bid"": ""+11810"", ""buy_8th_pre_req"": ""205"", ""buy_8th_pre_req_pre"": ""0"", ""buy_9th_pre_bid"": ""+11800"", ""buy_9th_pre_req"": ""841"", ""buy_9th_pre_req_pre"": ""0"", ""buy_10th_pre_bid"": ""+11780"", ""buy_10th_pre_req"": ""469"", ""buy_10th_pre_req_pre"": ""0"", ""tot_sel_req_jub_pre"": ""--31"", ""tot_sel_req"": ""686"", ""tot_buy_req"": ""3838"", ""tot_buy_req_jub_pre"": ""--166"", ""ovt_sel_req_pre"": ""0"", ""ovt_sel_req"": ""0"", ""ovt_buy_req"": ""0"", ""ovt_buy_req_pre"": ""0"", ""return_code"": 0, ""return_msg"": ""정상적으로 처리되었습니다""}"
2026-06-10,watchlist,014680,,0,filtered_candidate_recheck,260000,,260000,259500,260000,262000,0.576923076923077,0.19230769230769232,,,,,,"{""bid_req_base_tm"": ""113432"", ""sel_10th_pre_req_pre"": ""0"", ""sel_10th_pre_req"": ""13"", ""sel_10th_pre_bid"": ""+264500"", ""sel_9th_pre_req_pre"": ""0"", ""sel_9th_pre_req"": ""86"", ""sel_9th_pre_bid"": ""+264000"", ""sel_8th_pre_req_pre"": ""0"", ""sel_8th_pre_req"": ""13"", ""sel_8th_pre_bid"": ""+263500"", ""sel_7th_pre_req_pre"": ""0"", ""sel_7th_pre_req"": ""10"", ""sel_7th_pre_bid"": ""+263000"", ""sel_6th_pre_req_pre"": ""0"", ""sel_6th_pre_req"": ""5"", ""sel_6th_pre_bid"": ""+262500"", ""sel_5th_pre_req_pre"": ""0"", ""sel_5th_pre_req"": ""2"", ""sel_5th_pre_bid"": ""+262000"", ""sel_4th_pre_req_pre"": ""0"", ""sel_4th_pre_req"": ""14"", ""sel_4th_pre_bid"": ""+261500"", ""sel_3th_pre_req_pre"": ""0"", ""sel_3th_pre_req"": ""16"", ""sel_3th_pre_bid"": ""+261000"", ""sel_2th_pre_req_pre"": ""0"", ""sel_2th_pre_req"": ""23"", ""sel_2th_pre_bid"": ""+260500"", ""sel_1th_pre_req_pre"": ""--1"", ""sel_fpr_req"": ""55"", ""sel_fpr_bid"": ""+260000"", ""buy_fpr_bid"": ""+259500"", ""buy_fpr_req"": ""302"", ""buy_1th_pre_req_pre"": ""--1"", ""buy_2th_pre_bid"": ""+259000"", ""buy_2th_pre_req"": ""257"", ""buy_2th_pre_req_pre"": ""0"", ""buy_3th_pre_bid"": ""+258500"", ""buy_3th_pre_req"": ""237"", ""buy_3th_pre_req_pre"": ""0"", ""buy_4th_pre_bid"": ""+258000"", ""buy_4th_pre_req"": ""236"", ""buy_4th_pre_req_pre"": ""0"", ""buy_5th_pre_bid"": ""+257500"", ""buy_5th_pre_req"": ""202"", ""buy_5th_pre_req_pre"": ""0"", ""buy_6th_pre_bid"": ""+257000"", ""buy_6th_pre_req"": ""205"", ""buy_6th_pre_req_pre"": ""0"", ""buy_7th_pre_bid"": ""+256500"", ""buy_7th_pre_req"": ""207"", ""buy_7th_pre_req_pre"": ""0"", ""buy_8th_pre_bid"": ""+256000"", ""buy_8th_pre_req"": ""203"", ""buy_8th_pre_req_pre"": ""0"", ""buy_9th_pre_bid"": ""+255500"", ""buy_9th_pre_req"": ""279"", ""buy_9th_pre_req_pre"": ""0"", ""buy_10th_pre_bid"": ""+255000"", ""buy_10th_pre_req"": ""505"", ""buy_10th_pre_req_pre"": ""0"", ""tot_sel_req_jub_pre"": ""--1"", ""tot_sel_req"": ""237"", ""tot_buy_req"": ""2633"", ""tot_buy_req_jub_pre"": ""--1"", ""ovt_sel_req_pre"": ""0"", ""ovt_sel_req"": ""0"", ""ovt_buy_req"": ""0"", ""ovt_buy_req_pre"": ""0"", ""return_code"": 0, ""return_msg"": ""정상적으로 처리되었습니다""}"
2026-06-10,watchlist,035420,,1,filtered_candidate_recheck,232000,,232000,231500,232000,233500,0.43103448275862066,0.21551724137931033,,,,,,"{""bid_req_base_tm"": ""113433"", ""sel_10th_pre_req_pre"": ""0"", ""sel_10th_pre_req"": ""4171"", ""sel_10th_pre_bid"": ""-236500"", ""sel_9th_pre_req_pre"": ""0"", ""sel_9th_pre_req"": ""3545"", ""sel_9th_pre_bid"": ""-236000"", ""sel_8th_pre_req_pre"": ""0"", ""sel_8th_pre_req"": ""2151"", ""sel_8th_pre_bid"": ""-235500"", ""sel_7th_pre_req_pre"": ""0"", ""sel_7th_pre_req"": ""2124"", ""sel_7th_pre_bid"": ""-235000"", ""sel_6th_pre_req_pre"": ""0"", ""sel_6th_pre_req"": ""1741"", ""sel_6th_pre_bid"": ""-234500"", ""sel_5th_pre_req_pre"": ""0"", ""sel_5th_pre_req"": ""1593"", ""sel_5th_pre_bid"": ""-234000"", ""sel_4th_pre_req_pre"": ""0"", ""sel_4th_pre_req"": ""1715"", ""sel_4th_pre_bid"": ""-233500"", ""sel_3th_pre_req_pre"": ""0"", ""sel_3th_pre_req"": ""1564"", ""sel_3th_pre_bid"": ""-233000"", ""sel_2th_pre_req_pre"": ""0"", ""sel_2th_pre_req"": ""1158"", ""sel_2th_pre_bid"": ""-232500"", ""sel_1th_pre_req_pre"": ""0"", ""sel_fpr_req"": ""5817"", ""sel_fpr_bid"": ""-232000"", ""buy_fpr_bid"": ""-231500"", ""buy_fpr_req"": ""1080"", ""buy_1th_pre_req_pre"": ""+23"", ""buy_2th_pre_bid"": ""-231000"", ""buy_2th_pre_req"": ""6298"", ""buy_2th_pre_req_pre"": ""0"", ""buy_3th_pre_bid"": ""-230500"", ""buy_3th_pre_req"": ""22192"", ""buy_3th_pre_req_pre"": ""0"", ""buy_4th_pre_bid"": ""-230000"", ""buy_4th_pre_req"": ""68665"", ""buy_4th_pre_req_pre"": ""0"", ""buy_5th_pre_bid"": ""-229500"", ""buy_5th_pre_req"": ""7109"", ""buy_5th_pre_req_pre"": ""0"", ""buy_6th_pre_bid"": ""-229000"", ""buy_6th_pre_req"": ""8906"", ""buy_6th_pre_req_pre"": ""0"", ""buy_7th_pre_bid"": ""-228500"", ""buy_7th_pre_req"": ""9081"", ""buy_7th_pre_req_pre"": ""+10"", ""buy_8th_pre_bid"": ""-228000"", ""buy_8th_pre_req"": ""9131"", ""buy_8th_pre_req_pre"": ""0"", ""buy_9th_pre_bid"": ""-227500"", ""buy_9th_pre_req"": ""5066"", ""buy_9th_pre_req_pre"": ""0"", ""buy_10th_pre_bid"": ""-227000"", ""buy_10th_pre_req"": ""6367"", ""buy_10th_pre_req_pre"": ""0"", ""tot_sel_req_jub_pre"": ""0"", ""tot_sel_req"": ""25579"", ""tot_buy_req"": ""143895"", ""tot_buy_req_jub_pre"": ""+33"", ""ovt_sel_req_pre"": ""0"", ""ovt_sel_req"": ""0"", ""ovt_buy_req"": ""0"", ""ovt_buy_req_pre"": ""0"", ""return_code"": 0, ""return_msg"": ""정상적으로 처리되었습니다""}"
2026-06-10,watchlist,036570,,0,filtered_candidate_recheck,256000,,256000,255500,256000,257500,0.390625,0.1953125,,,,,,"{""bid_req_base_tm"": ""113428"", ""sel_10th_pre_req_pre"": ""0"", ""sel_10th_pre_req"": ""20"", ""sel_10th_pre_bid"": ""-260500"", ""sel_9th_pre_req_pre"": ""0"", ""sel_9th_pre_req"": ""46"", ""sel_9th_pre_bid"": ""-260000"", ""sel_8th_pre_req_pre"": ""0"", ""sel_8th_pre_req"": ""76"", ""sel_8th_pre_bid"": ""-259500"", ""sel_7th_pre_req_pre"": ""0"", ""sel_7th_pre_req"": ""12"", ""sel_7th_pre_bid"": ""-259000"", ""sel_6th_pre_req_pre"": ""0"", ""sel_6th_pre_req"": ""13"", ""sel_6th_pre_bid"": ""-258500"", ""sel_5th_pre_req_pre"": ""0"", ""sel_5th_pre_req"": ""11"", ""sel_5th_pre_bid"": ""-258000"", ""sel_4th_pre_req_pre"": ""0"", ""sel_4th_pre_req"": ""8"", ""sel_4th_pre_bid"": ""-257500"", ""sel_3th_pre_req_pre"": ""0"", ""sel_3th_pre_req"": ""99"", ""sel_3th_pre_bid"": ""-257000"", ""sel_2th_pre_req_pre"": ""0"", ""sel_2th_pre_req"": ""93"", ""sel_2th_pre_bid"": ""-256500"", ""sel_1th_pre_req_pre"": ""0"", ""sel_fpr_req"": ""52"", ""sel_fpr_bid"": ""-256000"", ""buy_fpr_bid"": ""-255500"", ""buy_fpr_req"": ""83"", ""buy_1th_pre_req_pre"": ""0"", ""buy_2th_pre_bid"": ""-255000"", ""buy_2th_pre_req"": ""313"", ""buy_2th_pre_req_pre"": ""0"", ""buy_3th_pre_bid"": ""-254500"", ""buy_3th_pre_req"": ""387"", ""buy_3th_pre_req_pre"": ""0"", ""buy_4th_pre_bid"": ""-254000"", ""buy_4th_pre_req"": ""349"", ""buy_4th_pre_req_pre"": ""0"", ""buy_5th_pre_bid"": ""-253500"", ""buy_5th_pre_req"": ""431"", ""buy_5th_pre_req_pre"": ""+1"", ""buy_6th_pre_bid"": ""-253000"", ""buy_6th_pre_req"": ""738"", ""buy_6th_pre_req_pre"": ""0"", ""buy_7th_pre_bid"": ""-252500"", ""buy_7th_pre_req"": ""267"", ""buy_7th_pre_req_pre"": ""0"", ""buy_8th_pre_bid"": ""-252000"", ""buy_8th_pre_req"": ""221"", ""buy_8th_pre_req_pre"": ""0"", ""buy_9th_pre_bid"": ""-251500"", ""buy_9th_pre_req"": ""224"", ""buy_9th_pre_req_pre"": ""0"", ""buy_10th_pre_bid"": ""-251000"", ""buy_10th_pre_req"": ""141"", ""buy_10th_pre_req_pre"": ""0"", ""tot_sel_req_jub_pre"": ""0"", ""tot_sel_req"": ""430"", ""tot_buy_req"": ""3154"", ""tot_buy_req_jub_pre"": ""+1"", ""ovt_sel_req_pre"": ""0"", ""ovt_sel_req"": ""0"", ""ovt_buy_req"": ""0"", ""ovt_buy_req_pre"": ""0"", ""return_code"": 0, ""return_msg"": ""정상적으로 처리되었습니다""}"
2026-06-10,watchlist,005090,,1,filtered_candidate_recheck,51700,,51700,51600,51700,51900,0.19342359767891684,0.19342359767891684,,,,,,"{""bid_req_base_tm"": ""113429"", ""sel_10th_pre_req_pre"": ""0"", ""sel_10th_pre_req"": ""16"", ""sel_10th_pre_bid"": ""+52600"", ""sel_9th_pre_req_pre"": ""0"", ""sel_9th_pre_req"": ""1"", ""sel_9th_pre_bid"": ""+52500"", ""sel_8th_pre_req_pre"": ""0"", ""sel_8th_pre_req"": ""2"", ""sel_8th_pre_bid"": ""+52400"", ""sel_7th_pre_req_pre"": ""0"", ""sel_7th_pre_req"": ""31"", ""sel_7th_pre_bid"": ""+52300"", ""sel_6th_pre_req_pre"": ""0"", ""sel_6th_pre_req"": ""22"", ""sel_6th_pre_bid"": ""+52200"", ""sel_5th_pre_req_pre"": ""0"", ""sel_5th_pre_req"": ""29"", ""sel_5th_pre_bid"": ""+52100"", ""sel_4th_pre_req_pre"": ""0"", ""sel_4th_pre_req"": ""10"", ""sel_4th_pre_bid"": ""+52000"", ""sel_3th_pre_req_pre"": ""0"", ""sel_3th_pre_req"": ""2"", ""sel_3th_pre_bid"": ""+51900"", ""sel_2th_pre_req_pre"": ""0"", ""sel_2th_pre_req"": ""49"", ""sel_2th_pre_bid"": ""+51800"", ""sel_1th_pre_req_pre"": ""0"", ""sel_fpr_req"": ""26"", ""sel_fpr_bid"": ""+51700"", ""buy_fpr_bid"": ""+51600"", ""buy_fpr_req"": ""5"", ""buy_1th_pre_req_pre"": ""0"", ""buy_2th_pre_bid"": ""+51500"", ""buy_2th_pre_req"": ""27"", ""buy_2th_pre_req_pre"": ""0"", ""buy_3th_pre_bid"": ""+51400"", ""buy_3th_pre_req"": ""115"", ""buy_3th_pre_req_pre"": ""0"", ""buy_4th_pre_bid"": ""+51300"", ""buy_4th_pre_req"": ""194"", ""buy_4th_pre_req_pre"": ""0"", ""buy_5th_pre_bid"": ""+51200"", ""buy_5th_pre_req"": ""1394"", ""buy_5th_pre_req_pre"": ""0"", ""buy_6th_pre_bid"": ""+51100"", ""buy_6th_pre_req"": ""148"", ""buy_6th_pre_req_pre"": ""0"", ""buy_7th_pre_bid"": ""+51000"", ""buy_7th_pre_req"": ""329"", ""buy_7th_pre_req_pre"": ""0"", ""buy_8th_pre_bid"": ""+50900"", ""buy_8th_pre_req"": ""224"", ""buy_8th_pre_req_pre"": ""0"", ""buy_9th_pre_bid"": ""+50800"", ""buy_9th_pre_req"": ""202"", ""buy_9th_pre_req_pre"": ""0"", ""buy_10th_pre_bid"": ""+50700"", ""buy_10th_pre_req"": ""271"", ""buy_10th_pre_req_pre"": ""0"", ""tot_sel_req_jub_pre"": ""0"", ""tot_sel_req"": ""188"", ""tot_buy_req"": ""2909"", ""tot_buy_req_jub_pre"": ""0"", ""ovt_sel_req_pre"": ""0"", ""ovt_sel_req"": ""0"", ""ovt_buy_req"": ""0"", ""ovt_buy_req_pre"": ""0"", ""return_code"": 0, ""return_msg"": ""정상적으로 처리되었습니다""}"
2026-06-10,watchlist,066570,,0,filtered_candidate_recheck,229000,,229000,228500,229000,230000,0.21834061135371177,0.21834061135371177,,,,,,"{""bid_req_base_tm"": ""113433"", ""sel_10th_pre_req_pre"": ""0"", ""sel_10th_pre_req"": ""4057"", ""sel_10th_pre_bid"": ""-233500"", ""sel_9th_pre_req_pre"": ""0"", ""sel_9th_pre_req"": ""2646"", ""sel_9th_pre_bid"": ""-233000"", ""sel_8th_pre_req_pre"": ""0"", ""sel_8th_pre_req"": ""1539"", ""sel_8th_pre_bid"": ""-232500"", ""sel_7th_pre_req_pre"": ""0"", ""sel_7th_pre_req"": ""1223"", ""sel_7th_pre_bid"": ""-232000"", ""sel_6th_pre_req_pre"": ""0"", ""sel_6th_pre_req"": ""875"", ""sel_6th_pre_bid"": ""-231500"", ""sel_5th_pre_req_pre"": ""0"", ""sel_5th_pre_req"": ""2664"", ""sel_5th_pre_bid"": ""-231000"", ""sel_4th_pre_req_pre"": ""0"", ""sel_4th_pre_req"": ""2362"", ""sel_4th_pre_bid"": ""-230500"", ""sel_3th_pre_req_pre"": ""0"", ""sel_3th_pre_req"": ""3614"", ""sel_3th_pre_bid"": ""-230000"", ""sel_2th_pre_req_pre"": ""0"", ""sel_2th_pre_req"": ""1899"", ""sel_2th_pre_bid"": ""-229500"", ""sel_1th_pre_req_pre"": ""--10"", ""sel_fpr_req"": ""3998"", ""sel_fpr_bid"": ""-229000"", ""buy_fpr_bid"": ""-228500"", ""buy_fpr_req"": ""2583"", ""buy_1th_pre_req_pre"": ""0"", ""buy_2th_pre_bid"": ""-228000"", ""buy_2th_pre_req"": ""10587"", ""buy_2th_pre_req_pre"": ""0"", ""buy_3th_pre_bid"": ""-227500"", ""buy_3th_pre_req"": ""8082"", ""buy_3th_pre_req_pre"": ""0"", ""buy_4th_pre_bid"": ""-227000"", ""buy_4th_pre_req"": ""54787"", ""buy_4th_pre_req_pre"": ""0"", ""buy_5th_pre_bid"": ""-226500"", ""buy_5th_pre_req"": ""3457"", ""buy_5th_pre_req_pre"": ""0"", ""buy_6th_pre_bid"": ""-226000"", ""buy_6th_pre_req"": ""4896"", ""buy_6th_pre_req_pre"": ""0"", ""buy_7th_pre_bid"": ""-225500"", ""buy_7th_pre_req"": ""4100"", ""buy_7th_pre_req_pre"": ""0"", ""buy_8th_pre_bid"": ""-225000"", ""buy_8th_pre_req"": ""14155"", ""buy_8th_pre_req_pre"": ""0"", ""buy_9th_pre_bid"": ""-224500"", ""buy_9th_pre_req"": ""2001"", ""buy_9th_pre_req_pre"": ""0"", ""buy_10th_pre_bid"": ""-224000"", ""buy_10th_pre_req"": ""3693"", ""buy_10th_pre_req_pre"": ""0"", ""tot_sel_req_jub_pre"": ""--10"", ""tot_sel_req"": ""24877"", ""tot_buy_req"": ""108341"", ""tot_buy_req_jub_pre"": ""0"", ""ovt_sel_req_pre"": ""0"", ""ovt_sel_req"": ""0"", ""ovt_buy_req"": ""0"", ""ovt_buy_req_pre"": ""0"", ""return_code"": 0, ""return_msg"": ""정상적으로 처리되었습니다""}"
2026-06-10,watchlist,028670,,1,filtered_candidate_recheck,5070,,5070,5060,5070,5060,-0.39447731755424065,0.19723865877712032,,,,,,"{""bid_req_base_tm"": ""113433"", ""sel_10th_pre_req_pre"": ""0"", ""sel_10th_pre_req"": ""2657"", ""sel_10th_pre_bid"": ""-5160"", ""sel_9th_pre_req_pre"": ""0"", ""sel_9th_pre_req"": ""3854"", ""sel_9th_pre_bid"": ""-5150"", ""sel_8th_pre_req_pre"": ""0"", ""sel_8th_pre_req"": ""1511"", ""sel_8th_pre_bid"": ""-5140"", ""sel_7th_pre_req_pre"": ""0"", ""sel_7th_pre_req"": ""3289"", ""sel_7th_pre_bid"": ""-5130"", ""sel_6th_pre_req_pre"": ""0"", ""sel_6th_pre_req"": ""3150"", ""sel_6th_pre_bid"": ""-5120"", ""sel_5th_pre_req_pre"": ""0"", ""sel_5th_pre_req"": ""1786"", ""sel_5th_pre_bid"": ""-5110"", ""sel_4th_pre_req_pre"": ""0"", ""sel_4th_pre_req"": ""3011"", ""sel_4th_pre_bid"": ""-5100"", ""sel_3th_pre_req_pre"": ""0"", ""sel_3th_pre_req"": ""1936"", ""sel_3th_pre_bid"": ""-5090"", ""sel_2th_pre_req_pre"": ""0"", ""sel_2th_pre_req"": ""1626"", ""sel_2th_pre_bid"": ""-5080"", ""sel_1th_pre_req_pre"": ""--334"", ""sel_fpr_req"": ""1332"", ""sel_fpr_bid"": ""-5070"", ""buy_fpr_bid"": ""-5060"", ""buy_fpr_req"": ""411"", ""buy_1th_pre_req_pre"": ""0"", ""buy_2th_pre_bid"": ""-5050"", ""buy_2th_pre_req"": ""3618"", ""buy_2th_pre_req_pre"": ""0"", ""buy_3th_pre_bid"": ""-5040"", ""buy_3th_pre_req"": ""1241"", ""buy_3th_pre_req_pre"": ""0"", ""buy_4th_pre_bid"": ""-5030"", ""buy_4th_pre_req"": ""2469"", ""buy_4th_pre_req_pre"": ""0"", ""buy_5th_pre_bid"": ""-5020"", ""buy_5th_pre_req"": ""839"", ""buy_5th_pre_req_pre"": ""0"", ""buy_6th_pre_bid"": ""-5010"", ""buy_6th_pre_req"": ""1349"", ""buy_6th_pre_req_pre"": ""0"", ""buy_7th_pre_bid"": ""-5000"", ""buy_7th_pre_req"": ""9071"", ""buy_7th_pre_req_pre"": ""0"", ""buy_8th_pre_bid"": ""-4995"", ""buy_8th_pre_req"": ""1161"", ""buy_8th_pre_req_pre"": ""0"", ""buy_9th_pre_bid"": ""-4990"", ""buy_9th_pre_req"": ""256"", ""buy_9th_pre_req_pre"": ""0"", ""buy_10th_pre_bid"": ""-4985"", ""buy_10th_pre_req"": ""79"", ""buy_10th_pre_req_pre"": ""0"", ""tot_sel_req_jub_pre"": ""--334"", ""tot_sel_req"": ""24152"", ""tot_buy_req"": ""20494"", ""tot_buy_req_jub_pre"": ""0"", ""ovt_sel_req_pre"": ""0"", ""ovt_sel_req"": ""0"", ""ovt_buy_req"": ""0"", ""ovt_buy_req_pre"": ""0"", ""return_code"": 0, ""return_msg"": ""정상적으로 처리되었습니다""}"
2026-06-10,watchlist,004990,,0,filtered_candidate_recheck,25700,,25700,25650,25700,25700,-0.19455252918287938,0.19455252918287938,,,,,,"{""bid_req_base_tm"": ""113429"", ""sel_10th_pre_req_pre"": ""0"", ""sel_10th_pre_req"": ""168"", ""sel_10th_pre_bid"": ""+26200"", ""sel_9th_pre_req_pre"": ""0"", ""sel_9th_pre_req"": ""3090"", ""sel_9th_pre_bid"": ""26150"", ""sel_8th_pre_req_pre"": ""0"", ""sel_8th_pre_req"": ""429"", ""sel_8th_pre_bid"": ""-26100"", ""sel_7th_pre_req_pre"": ""0"", ""sel_7th_pre_req"": ""56"", ""sel_7th_pre_bid"": ""-26050"", ""sel_6th_pre_req_pre"": ""0"", ""sel_6th_pre_req"": ""197"", ""sel_6th_pre_bid"": ""-26000"", ""sel_5th_pre_req_pre"": ""0"", ""sel_5th_pre_req"": ""210"", ""sel_5th_pre_bid"": ""-25950"", ""sel_4th_pre_req_pre"": ""0"", ""sel_4th_pre_req"": ""2"", ""sel_4th_pre_bid"": ""-25850"", ""sel_3th_pre_req_pre"": ""0"", ""sel_3th_pre_req"": ""84"", ""sel_3th_pre_bid"": ""-25800"", ""sel_2th_pre_req_pre"": ""0"", ""sel_2th_pre_req"": ""3"", ""sel_2th_pre_bid"": ""-25750"", ""sel_1th_pre_req_pre"": ""+5"", ""sel_fpr_req"": ""346"", ""sel_fpr_bid"": ""-25700"", ""buy_fpr_bid"": ""-25650"", ""buy_fpr_req"": ""534"", ""buy_1th_pre_req_pre"": ""0"", ""buy_2th_pre_bid"": ""-25600"", ""buy_2th_pre_req"": ""254"", ""buy_2th_pre_req_pre"": ""0"", ""buy_3th_pre_bid"": ""-25550"", ""buy_3th_pre_req"": ""463"", ""buy_3th_pre_req_pre"": ""0"", ""buy_4th_pre_bid"": ""-25500"", ""buy_4th_pre_req"": ""1023"", ""buy_4th_pre_req_pre"": ""0"", ""buy_5th_pre_bid"": ""-25450"", ""buy_5th_pre_req"": ""647"", ""buy_5th_pre_req_pre"": ""0"", ""buy_6th_pre_bid"": ""-25400"", ""buy_6th_pre_req"": ""663"", ""buy_6th_pre_req_pre"": ""0"", ""buy_7th_pre_bid"": ""-25350"", ""buy_7th_pre_req"": ""441"", ""buy_7th_pre_req_pre"": ""0"", ""buy_8th_pre_bid"": ""-25300"", ""buy_8th_pre_req"": ""480"", ""buy_8th_pre_req_pre"": ""0"", ""buy_9th_pre_bid"": ""-25250"", ""buy_9th_pre_req"": ""819"", ""buy_9th_pre_req_pre"": ""0"", ""buy_10th_pre_bid"": ""-25200"", ""buy_10th_pre_req"": ""757"", ""buy_10th_pre_req_pre"": ""0"", ""tot_sel_req_jub_pre"": ""+5"", ""tot_sel_req"": ""4585"", ""tot_buy_req"": ""6081"", ""tot_buy_req_jub_pre"": ""0"", ""ovt_sel_req_pre"": ""0"", ""ovt_sel_req"": ""0"", ""ovt_buy_req"": ""0"", ""ovt_buy_req_pre"": ""0"", ""return_code"": 0, ""return_msg"": ""정상적으로 처리되었습니다""}"
2026-06-10,watchlist,081660,,0,filtered_candidate_recheck,40600,,40600,40400,40600,40500,-0.3694581280788177,0.49261083743842365,,,,,,"{""bid_req_base_tm"": ""113433"", ""sel_10th_pre_req_pre"": ""0"", ""sel_10th_pre_req"": ""5"", ""sel_10th_pre_bid"": ""+41100"", ""sel_9th_pre_req_pre"": ""0"", ""sel_9th_pre_req"": ""3"", ""sel_9th_pre_bid"": ""+41050"", ""sel_8th_pre_req_pre"": ""0"", ""sel_8th_pre_req"": ""362"", ""sel_8th_pre_bid"": ""+41000"", ""sel_7th_pre_req_pre"": ""0"", ""sel_7th_pre_req"": ""303"", ""sel_7th_pre_bid"": ""+40950"", ""sel_6th_pre_req_pre"": ""0"", ""sel_6th_pre_req"": ""166"", ""sel_6th_pre_bid"": ""+40900"", ""sel_5th_pre_req_pre"": ""0"", ""sel_5th_pre_req"": ""136"", ""sel_5th_pre_bid"": ""+40800"", ""sel_4th_pre_req_pre"": ""0"", ""sel_4th_pre_req"": ""273"", ""sel_4th_pre_bid"": ""+40750"", ""sel_3th_pre_req_pre"": ""+177"", ""sel_3th_pre_req"": ""209"", ""sel_3th_pre_bid"": ""+40700"", ""sel_2th_pre_req_pre"": ""0"", ""sel_2th_pre_req"": ""73"", ""sel_2th_pre_bid"": ""+40650"", ""sel_1th_pre_req_pre"": ""0"", ""sel_fpr_req"": ""53"", ""sel_fpr_bid"": ""+40600"", ""buy_fpr_bid"": ""+40400"", ""buy_fpr_req"": ""270"", ""buy_1th_pre_req_pre"": ""0"", ""buy_2th_pre_bid"": ""+40250"", ""buy_2th_pre_req"": ""50"", ""buy_2th_pre_req_pre"": ""0"", ""buy_3th_pre_bid"": ""+40200"", ""buy_3th_pre_req"": ""221"", ""buy_3th_pre_req_pre"": ""0"", ""buy_4th_pre_bid"": ""+40150"", ""buy_4th_pre_req"": ""442"", ""buy_4th_pre_req_pre"": ""0"", ""buy_5th_pre_bid"": ""+40050"", ""buy_5th_pre_req"": ""73"", ""buy_5th_pre_req_pre"": ""0"", ""buy_6th_pre_bid"": ""+40000"", ""buy_6th_pre_req"": ""509"", ""buy_6th_pre_req_pre"": ""0"", ""buy_7th_pre_bid"": ""+39950"", ""buy_7th_pre_req"": ""500"", ""buy_7th_pre_req_pre"": ""0"", ""buy_8th_pre_bid"": ""+39900"", ""buy_8th_pre_req"": ""7"", ""buy_8th_pre_req_pre"": ""0"", ""buy_9th_pre_bid"": ""+39850"", ""buy_9th_pre_req"": ""1"", ""buy_9th_pre_req_pre"": ""0"", ""buy_10th_pre_bid"": ""+39800"", ""buy_10th_pre_req"": ""5"", ""buy_10th_pre_req_pre"": ""0"", ""tot_sel_req_jub_pre"": ""+177"", ""tot_sel_req"": ""1583"", ""tot_buy_req"": ""2078"", ""tot_buy_req_jub_pre"": ""0"", ""ovt_sel_req_pre"": ""0"", ""ovt_sel_req"": ""0"", ""ovt_buy_req"": ""0"", ""ovt_buy_req_pre"": ""0"", ""return_code"": 0, ""return_msg"": ""정상적으로 처리되었습니다""}"
2026-06-10,watchlist,008770,,0,filtered_candidate_recheck,55900,,55900,55800,55900,55600,-0.7155635062611807,0.17889087656529518,,,,,,"{""bid_req_base_tm"": ""113430"", ""sel_10th_pre_req_pre"": ""0"", ""sel_10th_pre_req"": ""417"", ""sel_10th_pre_bid"": ""+56800"", ""sel_9th_pre_req_pre"": ""0"", ""sel_9th_pre_req"": ""255"", ""sel_9th_pre_bid"": ""+56700"", ""sel_8th_pre_req_pre"": ""0"", ""sel_8th_pre_req"": ""144"", ""sel_8th_pre_bid"": ""+56600"", ""sel_7th_pre_req_pre"": ""0"", ""sel_7th_pre_req"": ""1027"", ""sel_7th_pre_bid"": ""+56500"", ""sel_6th_pre_req_pre"": ""0"", ""sel_6th_pre_req"": ""260"", ""sel_6th_pre_bid"": ""+56400"", ""sel_5th_pre_req_pre"": ""0"", ""sel_5th_pre_req"": ""264"", ""sel_5th_pre_bid"": ""+56300"", ""sel_4th_pre_req_pre"": ""0"", ""sel_4th_pre_req"": ""451"", ""sel_4th_pre_bid"": ""+56200"", ""sel_3th_pre_req_pre"": ""0"", ""sel_3th_pre_req"": ""550"", ""sel_3th_pre_bid"": ""+56100"", ""sel_2th_pre_req_pre"": ""--8"", ""sel_2th_pre_req"": ""277"", ""sel_2th_pre_bid"": ""+56000"", ""sel_1th_pre_req_pre"": ""+7"", ""sel_fpr_req"": ""181"", ""sel_fpr_bid"": ""+55900"", ""buy_fpr_bid"": ""+55800"", ""buy_fpr_req"": ""185"", ""buy_1th_pre_req_pre"": ""0"", ""buy_2th_pre_bid"": ""+55700"", ""buy_2th_pre_req"": ""57"", ""buy_2th_pre_req_pre"": ""0"", ""buy_3th_pre_bid"": ""+55600"", ""buy_3th_pre_req"": ""89"", ""buy_3th_pre_req_pre"": ""0"", ""buy_4th_pre_bid"": ""+55500"", ""buy_4th_pre_req"": ""134"", ""buy_4th_pre_req_pre"": ""0"", ""buy_5th_pre_bid"": ""+55400"", ""buy_5th_pre_req"": ""52"", ""buy_5th_pre_req_pre"": ""0"", ""buy_6th_pre_bid"": ""+55300"", ""buy_6th_pre_req"": ""363"", ""buy_6th_pre_req_pre"": ""0"", ""buy_7th_pre_bid"": ""55200"", ""buy_7th_pre_req"": ""46"", ""buy_7th_pre_req_pre"": ""0"", ""buy_8th_pre_bid"": ""-55100"", ""buy_8th_pre_req"": ""265"", ""buy_8th_pre_req_pre"": ""0"", ""buy_9th_pre_bid"": ""-55000"", ""buy_9th_pre_req"": ""466"", ""buy_9th_pre_req_pre"": ""0"", ""buy_10th_pre_bid"": ""-54900"", ""buy_10th_pre_req"": ""200"", ""buy_10th_pre_req_pre"": ""0"", ""tot_sel_req_jub_pre"": ""--1"", ""tot_sel_req"": ""3826"", ""tot_buy_req"": ""1857"", ""tot_buy_req_jub_pre"": ""0"", ""ovt_sel_req_pre"": ""0"", ""ovt_sel_req"": ""0"", ""ovt_buy_req"": ""0"", ""ovt_buy_req_pre"": ""0"", ""return_code"": 0, ""return_msg"": ""정상적으로 처리되었습니다""}"
2026-06-10,watchlist,012330,,0,filtered_candidate_recheck,572000,,572000,571000,572000,575000,0.34965034965034963,0.17482517482517482,,,,,,"{""bid_req_base_tm"": ""113434"", ""sel_10th_pre_req_pre"": ""0"", ""sel_10th_pre_req"": ""140"", ""sel_10th_pre_bid"": ""-581000"", ""sel_9th_pre_req_pre"": ""0"", ""sel_9th_pre_req"": ""760"", ""sel_9th_pre_bid"": ""-580000"", ""sel_8th_pre_req_pre"": ""0"", ""sel_8th_pre_req"": ""222"", ""sel_8th_pre_bid"": ""-579000"", ""sel_7th_pre_req_pre"": ""0"", ""sel_7th_pre_req"": ""28"", ""sel_7th_pre_bid"": ""-578000"", ""sel_6th_pre_req_pre"": ""0"", ""sel_6th_pre_req"": ""237"", ""sel_6th_pre_bid"": ""-577000"", ""sel_5th_pre_req_pre"": ""0"", ""sel_5th_pre_req"": ""93"", ""sel_5th_pre_bid"": ""-576000"", ""sel_4th_pre_req_pre"": ""0"", ""sel_4th_pre_req"": ""159"", ""sel_4th_pre_bid"": ""-575000"", ""sel_3th_pre_req_pre"": ""0"", ""sel_3th_pre_req"": ""49"", ""sel_3th_pre_bid"": ""-574000"", ""sel_2th_pre_req_pre"": ""0"", ""sel_2th_pre_req"": ""233"", ""sel_2th_pre_bid"": ""-573000"", ""sel_1th_pre_req_pre"": ""0"", ""sel_fpr_req"": ""179"", ""sel_fpr_bid"": ""-572000"", ""buy_fpr_bid"": ""-571000"", ""buy_fpr_req"": ""185"", ""buy_1th_pre_req_pre"": ""0"", ""buy_2th_pre_bid"": ""-570000"", ""buy_2th_pre_req"": ""1223"", ""buy_2th_pre_req_pre"": ""0"", ""buy_3th_pre_bid"": ""-569000"", ""buy_3th_pre_req"": ""2834"", ""buy_3th_pre_req_pre"": ""0"", ""buy_4th_pre_bid"": ""-568000"", ""buy_4th_pre_req"": ""1313"", ""buy_4th_pre_req_pre"": ""0"", ""buy_5th_pre_bid"": ""-567000"", ""buy_5th_pre_req"": ""981"", ""buy_5th_pre_req_pre"": ""0"", ""buy_6th_pre_bid"": ""-566000"", ""buy_6th_pre_req"": ""1544"", ""buy_6th_pre_req_pre"": ""0"", ""buy_7th_pre_bid"": ""-565000"", ""buy_7th_pre_req"": ""2073"", ""buy_7th_pre_req_pre"": ""0"", ""buy_8th_pre_bid"": ""-564000"", ""buy_8th_pre_req"": ""752"", ""buy_8th_pre_req_pre"": ""0"", ""buy_9th_pre_bid"": ""-563000"", ""buy_9th_pre_req"": ""2177"", ""buy_9th_pre_req_pre"": ""0"", ""buy_10th_pre_bid"": ""-562000"", ""buy_10th_pre_req"": ""1062"", ""buy_10th_pre_req_pre"": ""0"", ""tot_sel_req_jub_pre"": ""0"", ""tot_sel_req"": ""2100"", ""tot_buy_req"": ""14144"", ""tot_buy_req_jub_pre"": ""0"", ""ovt_sel_req_pre"": ""0"", ""ovt_sel_req"": ""0"", ""ovt_buy_req"": ""0"", ""ovt_buy_req_pre"": ""0"", ""return_code"": 0, ""return_msg"": ""정상적으로 처리되었습니다""}"
2026-06-10,watchlist,009155,,0,filtered_candidate_recheck,596000,,596000,595000,596000,600000,0.5033557046979865,0.16778523489932887,,,,,,"{""bid_req_base_tm"": ""113434"", ""sel_10th_pre_req_pre"": ""0"", ""sel_10th_pre_req"": ""57"", ""sel_10th_pre_bid"": ""-610000"", ""sel_9th_pre_req_pre"": ""0"", ""sel_9th_pre_req"": ""40"", ""sel_9th_pre_bid"": ""-609000"", ""sel_8th_pre_req_pre"": ""0"", ""sel_8th_pre_req"": ""1"", ""sel_8th_pre_bid"": ""-607000"", ""sel_7th_pre_req_pre"": ""0"", ""sel_7th_pre_req"": ""44"", ""sel_7th_pre_bid"": ""-605000"", ""sel_6th_pre_req_pre"": ""0"", ""sel_6th_pre_req"": ""4"", ""sel_6th_pre_bid"": ""-604000"", ""sel_5th_pre_req_pre"": ""0"", ""sel_5th_pre_req"": ""30"", ""sel_5th_pre_bid"": ""-602000"", ""sel_4th_pre_req_pre"": ""0"", ""sel_4th_pre_req"": ""1"", ""sel_4th_pre_bid"": ""-601000"", ""sel_3th_pre_req_pre"": ""0"", ""sel_3th_pre_req"": ""19"", ""sel_3th_pre_bid"": ""-600000"", ""sel_2th_pre_req_pre"": ""0"", ""sel_2th_pre_req"": ""66"", ""sel_2th_pre_bid"": ""-599000"", ""sel_1th_pre_req_pre"": ""--9"", ""sel_fpr_req"": ""2"", ""sel_fpr_bid"": ""-596000"", ""buy_fpr_bid"": ""-595000"", ""buy_fpr_req"": ""13"", ""buy_1th_pre_req_pre"": ""0"", ""buy_2th_pre_bid"": ""-594000"", ""buy_2th_pre_req"": ""14"", ""buy_2th_pre_req_pre"": ""0"", ""buy_3th_pre_bid"": ""-593000"", ""buy_3th_pre_req"": ""51"", ""buy_3th_pre_req_pre"": ""0"", ""buy_4th_pre_bid"": ""-592000"", ""buy_4th_pre_req"": ""104"", ""buy_4th_pre_req_pre"": ""0"", ""buy_5th_pre_bid"": ""-591000"", ""buy_5th_pre_req"": ""268"", ""buy_5th_pre_req_pre"": ""0"", ""buy_6th_pre_bid"": ""-590000"", ""buy_6th_pre_req"": ""540"", ""buy_6th_pre_req_pre"": ""0"", ""buy_7th_pre_bid"": ""-589000"", ""buy_7th_pre_req"": ""81"", ""buy_7th_pre_req_pre"": ""0"", ""buy_8th_pre_bid"": ""-588000"", ""buy_8th_pre_req"": ""112"", ""buy_8th_pre_req_pre"": ""0"", ""buy_9th_pre_bid"": ""-587000"", ""buy_9th_pre_req"": ""51"", ""buy_9th_pre_req_pre"": ""0"", ""buy_10th_pre_bid"": ""-586000"", ""buy_10th_pre_req"": ""59"", ""buy_10th_pre_req_pre"": ""0"", ""tot_sel_req_jub_pre"": ""--9"", ""tot_sel_req"": ""264"", ""tot_buy_req"": ""1293"", ""tot_buy_req_jub_pre"": ""0"", ""ovt_sel_req_pre"": ""0"", ""ovt_sel_req"": ""0"", ""ovt_buy_req"": ""0"", ""ovt_buy_req_pre"": ""0"", ""return_code"": 0, ""return_msg"": ""정상적으로 처리되었습니다""}"
2026-06-10,watchlist,181710,,1,filtered_candidate_recheck,40300,,40300,40250,40300,40550,0.49627791563275436,0.12406947890818859,,,,,,"{""bid_req_base_tm"": ""113434"", ""sel_10th_pre_req_pre"": ""0"", ""sel_10th_pre_req"": ""288"", ""sel_10th_pre_bid"": ""-41000"", ""sel_9th_pre_req_pre"": ""0"", ""sel_9th_pre_req"": ""50"", ""sel_9th_pre_bid"": ""-40950"", ""sel_8th_pre_req_pre"": ""0"", ""sel_8th_pre_req"": ""8"", ""sel_8th_pre_bid"": ""-40900"", ""sel_7th_pre_req_pre"": ""0"", ""sel_7th_pre_req"": ""24"", ""sel_7th_pre_bid"": ""-40750"", ""sel_6th_pre_req_pre"": ""0"", ""sel_6th_pre_req"": ""4"", ""sel_6th_pre_bid"": ""-40600"", ""sel_5th_pre_req_pre"": ""0"", ""sel_5th_pre_req"": ""245"", ""sel_5th_pre_bid"": ""-40500"", ""sel_4th_pre_req_pre"": ""0"", ""sel_4th_pre_req"": ""984"", ""sel_4th_pre_bid"": ""-40450"", ""sel_3th_pre_req_pre"": ""0"", ""sel_3th_pre_req"": ""57"", ""sel_3th_pre_bid"": ""-40400"", ""sel_2th_pre_req_pre"": ""0"", ""sel_2th_pre_req"": ""64"", ""sel_2th_pre_bid"": ""-40350"", ""sel_1th_pre_req_pre"": ""0"", ""sel_fpr_req"": ""46"", ""sel_fpr_bid"": ""-40300"", ""buy_fpr_bid"": ""-40250"", ""buy_fpr_req"": ""579"", ""buy_1th_pre_req_pre"": ""--8"", ""buy_2th_pre_bid"": ""-40200"", ""buy_2th_pre_req"": ""161"", ""buy_2th_pre_req_pre"": ""0"", ""buy_3th_pre_bid"": ""-40150"", ""buy_3th_pre_req"": ""1270"", ""buy_3th_pre_req_pre"": ""0"", ""buy_4th_pre_bid"": ""-40100"", ""buy_4th_pre_req"": ""503"", ""buy_4th_pre_req_pre"": ""0"", ""buy_5th_pre_bid"": ""-40050"", ""buy_5th_pre_req"": ""133"", ""buy_5th_pre_req_pre"": ""0"", ""buy_6th_pre_bid"": ""-40000"", ""buy_6th_pre_req"": ""703"", ""buy_6th_pre_req_pre"": ""0"", ""buy_7th_pre_bid"": ""-39950"", ""buy_7th_pre_req"": ""546"", ""buy_7th_pre_req_pre"": ""0"", ""buy_8th_pre_bid"": ""-39900"", ""buy_8th_pre_req"": ""413"", ""buy_8th_pre_req_pre"": ""0"", ""buy_9th_pre_bid"": ""-39850"", ""buy_9th_pre_req"": ""521"", ""buy_9th_pre_req_pre"": ""0"", ""buy_10th_pre_bid"": ""-39800"", ""buy_10th_pre_req"": ""449"", ""buy_10th_pre_req_pre"": ""0"", ""tot_sel_req_jub_pre"": ""0"", ""tot_sel_req"": ""1770"", ""tot_buy_req"": ""5278"", ""tot_buy_req_jub_pre"": ""--8"", ""ovt_sel_req_pre"": ""0"", ""ovt_sel_req"": ""0"", ""ovt_buy_req"": ""0"", ""ovt_buy_req_pre"": ""0"", ""return_code"": 0, ""return_msg"": ""정상적으로 처리되었습니다""}"
2026-06-10,watchlist,085620,,0,filtered_candidate_recheck,22650,,22650,22600,22650,22650,-0.22075055187637968,0.22075055187637968,,,,,,"{""bid_req_base_tm"": ""113435"", ""sel_10th_pre_req_pre"": ""0"", ""sel_10th_pre_req"": ""601"", ""sel_10th_pre_bid"": ""-23100"", ""sel_9th_pre_req_pre"": ""0"", ""sel_9th_pre_req"": ""682"", ""sel_9th_pre_bid"": ""-23050"", ""sel_8th_pre_req_pre"": ""0"", ""sel_8th_pre_req"": ""2320"", ""sel_8th_pre_bid"": ""-23000"", ""sel_7th_pre_req_pre"": ""0"", ""sel_7th_pre_req"": ""1285"", ""sel_7th_pre_bid"": ""-22950"", ""sel_6th_pre_req_pre"": ""0"", ""sel_6th_pre_req"": ""968"", ""sel_6th_pre_bid"": ""-22900"", ""sel_5th_pre_req_pre"": ""0"", ""sel_5th_pre_req"": ""848"", ""sel_5th_pre_bid"": ""-22850"", ""sel_4th_pre_req_pre"": ""0"", ""sel_4th_pre_req"": ""329"", ""sel_4th_pre_bid"": ""-22800"", ""sel_3th_pre_req_pre"": ""0"", ""sel_3th_pre_req"": ""306"", ""sel_3th_pre_bid"": ""-22750"", ""sel_2th_pre_req_pre"": ""0"", ""sel_2th_pre_req"": ""2"", ""sel_2th_pre_bid"": ""-22700"", ""sel_1th_pre_req_pre"": ""--226"", ""sel_fpr_req"": ""41"", ""sel_fpr_bid"": ""-22650"", ""buy_fpr_bid"": ""-22600"", ""buy_fpr_req"": ""758"", ""buy_1th_pre_req_pre"": ""+10"", ""buy_2th_pre_bid"": ""-22550"", ""buy_2th_pre_req"": ""1324"", ""buy_2th_pre_req_pre"": ""0"", ""buy_3th_pre_bid"": ""-22500"", ""buy_3th_pre_req"": ""655"", ""buy_3th_pre_req_pre"": ""0"", ""buy_4th_pre_bid"": ""-22450"", ""buy_4th_pre_req"": ""270"", ""buy_4th_pre_req_pre"": ""0"", ""buy_5th_pre_bid"": ""-22400"", ""buy_5th_pre_req"": ""1648"", ""buy_5th_pre_req_pre"": ""0"", ""buy_6th_pre_bid"": ""-22350"", ""buy_6th_pre_req"": ""490"", ""buy_6th_pre_req_pre"": ""0"", ""buy_7th_pre_bid"": ""-22300"", ""buy_7th_pre_req"": ""1397"", ""buy_7th_pre_req_pre"": ""0"", ""buy_8th_pre_bid"": ""-22250"", ""buy_8th_pre_req"": ""1864"", ""buy_8th_pre_req_pre"": ""0"", ""buy_9th_pre_bid"": ""-22200"", ""buy_9th_pre_req"": ""1458"", ""buy_9th_pre_req_pre"": ""0"", ""buy_10th_pre_bid"": ""-22150"", ""buy_10th_pre_req"": ""511"", ""buy_10th_pre_req_pre"": ""0"", ""tot_sel_req_jub_pre"": ""--226"", ""tot_sel_req"": ""7382"", ""tot_buy_req"": ""10375"", ""tot_buy_req_jub_pre"": ""+10"", ""ovt_sel_req_pre"": ""0"", ""ovt_sel_req"": ""0"", ""ovt_buy_req"": ""0"", ""ovt_buy_req_pre"": ""0"", ""return_code"": 0, ""return_msg"": ""정상적으로 처리되었습니다""}"
2026-06-10,watchlist,062040,,0,filtered_candidate_recheck,222000,,222000,221500,222000,223000,0.22522522522522523,0.22522522522522523,,,,,,"{""bid_req_base_tm"": ""113434"", ""sel_10th_pre_req_pre"": ""0"", ""sel_10th_pre_req"": ""65"", ""sel_10th_pre_bid"": ""+226500"", ""sel_9th_pre_req_pre"": ""0"", ""sel_9th_pre_req"": ""12"", ""sel_9th_pre_bid"": ""+226000"", ""sel_8th_pre_req_pre"": ""0"", ""sel_8th_pre_req"": ""19"", ""sel_8th_pre_bid"": ""+225500"", ""sel_7th_pre_req_pre"": ""0"", ""sel_7th_pre_req"": ""70"", ""sel_7th_pre_bid"": ""225000"", ""sel_6th_pre_req_pre"": ""0"", ""sel_6th_pre_req"": ""6"", ""sel_6th_pre_bid"": ""-224500"", ""sel_5th_pre_req_pre"": ""0"", ""sel_5th_pre_req"": ""12"", ""sel_5th_pre_bid"": ""-224000"", ""sel_4th_pre_req_pre"": ""0"", ""sel_4th_pre_req"": ""3"", ""sel_4th_pre_bid"": ""-223500"", ""sel_3th_pre_req_pre"": ""0"", ""sel_3th_pre_req"": ""146"", ""sel_3th_pre_bid"": ""-223000"", ""sel_2th_pre_req_pre"": ""0"", ""sel_2th_pre_req"": ""66"", ""sel_2th_pre_bid"": ""-222500"", ""sel_1th_pre_req_pre"": ""0"", ""sel_fpr_req"": ""403"", ""sel_fpr_bid"": ""-222000"", ""buy_fpr_bid"": ""-221500"", ""buy_fpr_req"": ""4"", ""buy_1th_pre_req_pre"": ""0"", ""buy_2th_pre_bid"": ""-221000"", ""buy_2th_pre_req"": ""340"", ""buy_2th_pre_req_pre"": ""0"", ""buy_3th_pre_bid"": ""-220500"", ""buy_3th_pre_req"": ""203"", ""buy_3th_pre_req_pre"": ""0"", ""buy_4th_pre_bid"": ""-220000"", ""buy_4th_pre_req"": ""1568"", ""buy_4th_pre_req_pre"": ""0"", ""buy_5th_pre_bid"": ""-219500"", ""buy_5th_pre_req"": ""161"", ""buy_5th_pre_req_pre"": ""0"", ""buy_6th_pre_bid"": ""-219000"", ""buy_6th_pre_req"": ""451"", ""buy_6th_pre_req_pre"": ""0"", ""buy_7th_pre_bid"": ""-218500"", ""buy_7th_pre_req"": ""320"", ""buy_7th_pre_req_pre"": ""0"", ""buy_8th_pre_bid"": ""-218000"", ""buy_8th_pre_req"": ""502"", ""buy_8th_pre_req_pre"": ""0"", ""buy_9th_pre_bid"": ""-217500"", ""buy_9th_pre_req"": ""225"", ""buy_9th_pre_req_pre"": ""0"", ""buy_10th_pre_bid"": ""-217000"", ""buy_10th_pre_req"": ""450"", ""buy_10th_pre_req_pre"": ""0"", ""tot_sel_req_jub_pre"": ""0"", ""tot_sel_req"": ""802"", ""tot_buy_req"": ""4224"", ""tot_buy_req_jub_pre"": ""0"", ""ovt_sel_req_pre"": ""0"", ""ovt_sel_req"": ""0"", ""ovt_buy_req"": ""0"", ""ovt_buy_req_pre"": ""0"", ""return_code"": 0, ""return_msg"": ""정상적으로 처리되었습니다""}"
2026-06-10,watchlist,036460,,0,filtered_candidate_recheck,34550,,34550,34500,34550,34500,-0.2894356005788712,0.1447178002894356,,,,,,"{""bid_req_base_tm"": ""113429"", ""sel_10th_pre_req_pre"": ""0"", ""sel_10th_pre_req"": ""4283"", ""sel_10th_pre_bid"": ""+35000"", ""sel_9th_pre_req_pre"": ""0"", ""sel_9th_pre_req"": ""80"", ""sel_9th_pre_bid"": ""+34950"", ""sel_8th_pre_req_pre"": ""0"", ""sel_8th_pre_req"": ""619"", ""sel_8th_pre_bid"": ""+34900"", ""sel_7th_pre_req_pre"": ""0"", ""sel_7th_pre_req"": ""534"", ""sel_7th_pre_bid"": ""+34850"", ""sel_6th_pre_req_pre"": ""0"", ""sel_6th_pre_req"": ""112"", ""sel_6th_pre_bid"": ""+34800"", ""sel_5th_pre_req_pre"": ""0"", ""sel_5th_pre_req"": ""578"", ""sel_5th_pre_bid"": ""+34750"", ""sel_4th_pre_req_pre"": ""0"", ""sel_4th_pre_req"": ""732"", ""sel_4th_pre_bid"": ""+34700"", ""sel_3th_pre_req_pre"": ""0"", ""sel_3th_pre_req"": ""461"", ""sel_3th_pre_bid"": ""+34650"", ""sel_2th_pre_req_pre"": ""0"", ""sel_2th_pre_req"": ""502"", ""sel_2th_pre_bid"": ""+34600"", ""sel_1th_pre_req_pre"": ""+10"", ""sel_fpr_req"": ""34"", ""sel_fpr_bid"": ""+34550"", ""buy_fpr_bid"": ""+34500"", ""buy_fpr_req"": ""114"", ""buy_1th_pre_req_pre"": ""0"", ""buy_2th_pre_bid"": ""+34450"", ""buy_2th_pre_req"": ""346"", ""buy_2th_pre_req_pre"": ""0"", ""buy_3th_pre_bid"": ""+34400"", ""buy_3th_pre_req"": ""505"", ""buy_3th_pre_req_pre"": ""0"", ""buy_4th_pre_bid"": ""+34350"", ""buy_4th_pre_req"": ""276"", ""buy_4th_pre_req_pre"": ""0"", ""buy_5th_pre_bid"": ""+34300"", ""buy_5th_pre_req"": ""1847"", ""buy_5th_pre_req_pre"": ""0"", ""buy_6th_pre_bid"": ""+34250"", ""buy_6th_pre_req"": ""593"", ""buy_6th_pre_req_pre"": ""0"", ""buy_7th_pre_bid"": ""+34200"", ""buy_7th_pre_req"": ""761"", ""buy_7th_pre_req_pre"": ""0"", ""buy_8th_pre_bid"": ""+34150"", ""buy_8th_pre_req"": ""594"", ""buy_8th_pre_req_pre"": ""0"", ""buy_9th_pre_bid"": ""+34100"", ""buy_9th_pre_req"": ""700"", ""buy_9th_pre_req_pre"": ""0"", ""buy_10th_pre_bid"": ""+34050"", ""buy_10th_pre_req"": ""1168"", ""buy_10th_pre_req_pre"": ""0"", ""tot_sel_req_jub_pre"": ""+10"", ""tot_sel_req"": ""7935"", ""tot_buy_req"": ""6904"", ""tot_buy_req_jub_pre"": ""0"", ""ovt_sel_req_pre"": ""0"", ""ovt_sel_req"": ""0"", ""ovt_buy_req"": ""0"", ""ovt_buy_req_pre"": ""0"", ""return_code"": 0, ""return_msg"": ""정상적으로 처리되었습니다""}"
2026-06-10,watchlist,066575,,0,filtered_candidate_recheck,78100,,78100,78000,78100,77900,-0.3841229193341869,0.12804097311139565,,,,,,"{""bid_req_base_tm"": ""113432"", ""sel_10th_pre_req_pre"": ""0"", ""sel_10th_pre_req"": ""113"", ""sel_10th_pre_bid"": ""-79000"", ""sel_9th_pre_req_pre"": ""0"", ""sel_9th_pre_req"": ""39"", ""sel_9th_pre_bid"": ""-78900"", ""sel_8th_pre_req_pre"": ""0"", ""sel_8th_pre_req"": ""206"", ""sel_8th_pre_bid"": ""-78800"", ""sel_7th_pre_req_pre"": ""0"", ""sel_7th_pre_req"": ""15"", ""sel_7th_pre_bid"": ""-78700"", ""sel_6th_pre_req_pre"": ""0"", ""sel_6th_pre_req"": ""2"", ""sel_6th_pre_bid"": ""-78600"", ""sel_5th_pre_req_pre"": ""0"", ""sel_5th_pre_req"": ""5011"", ""sel_5th_pre_bid"": ""-78500"", ""sel_4th_pre_req_pre"": ""0"", ""sel_4th_pre_req"": ""74"", ""sel_4th_pre_bid"": ""-78400"", ""sel_3th_pre_req_pre"": ""0"", ""sel_3th_pre_req"": ""405"", ""sel_3th_pre_bid"": ""-78300"", ""sel_2th_pre_req_pre"": ""0"", ""sel_2th_pre_req"": ""10"", ""sel_2th_pre_bid"": ""-78200"", ""sel_1th_pre_req_pre"": ""0"", ""sel_fpr_req"": ""24"", ""sel_fpr_bid"": ""-78100"", ""buy_fpr_bid"": ""-78000"", ""buy_fpr_req"": ""118"", ""buy_1th_pre_req_pre"": ""0"", ""buy_2th_pre_bid"": ""-77900"", ""buy_2th_pre_req"": ""443"", ""buy_2th_pre_req_pre"": ""0"", ""buy_3th_pre_bid"": ""-77800"", ""buy_3th_pre_req"": ""1096"", ""buy_3th_pre_req_pre"": ""0"", ""buy_4th_pre_bid"": ""-77700"", ""buy_4th_pre_req"": ""730"", ""buy_4th_pre_req_pre"": ""0"", ""buy_5th_pre_bid"": ""-77600"", ""buy_5th_pre_req"": ""343"", ""buy_5th_pre_req_pre"": ""0"", ""buy_6th_pre_bid"": ""-77500"", ""buy_6th_pre_req"": ""1138"", ""buy_6th_pre_req_pre"": ""0"", ""buy_7th_pre_bid"": ""-77400"", ""buy_7th_pre_req"": ""839"", ""buy_7th_pre_req_pre"": ""0"", ""buy_8th_pre_bid"": ""-77300"", ""buy_8th_pre_req"": ""164"", ""buy_8th_pre_req_pre"": ""0"", ""buy_9th_pre_bid"": ""-77200"", ""buy_9th_pre_req"": ""451"", ""buy_9th_pre_req_pre"": ""0"", ""buy_10th_pre_bid"": ""-77100"", ""buy_10th_pre_req"": ""206"", ""buy_10th_pre_req_pre"": ""0"", ""tot_sel_req_jub_pre"": ""0"", ""tot_sel_req"": ""5899"", ""tot_buy_req"": ""5528"", ""tot_buy_req_jub_pre"": ""0"", ""ovt_sel_req_pre"": ""0"", ""ovt_sel_req"": ""0"", ""ovt_buy_req"": ""0"", ""ovt_buy_req_pre"": ""0"", ""return_code"": 0, ""return_msg"": ""정상적으로 처리되었습니다""}"
2026-06-10,watchlist,000810,,0,filtered_candidate_recheck,624000,,624000,623000,624000,627000,0.3205128205128205,0.16025641025641024,,,,,,"{""bid_req_base_tm"": ""113435"", ""sel_10th_pre_req_pre"": ""0"", ""sel_10th_pre_req"": ""28"", ""sel_10th_pre_bid"": ""-633000"", ""sel_9th_pre_req_pre"": ""0"", ""sel_9th_pre_req"": ""3"", ""sel_9th_pre_bid"": ""-632000"", ""sel_8th_pre_req_pre"": ""0"", ""sel_8th_pre_req"": ""58"", ""sel_8th_pre_bid"": ""-631000"", ""sel_7th_pre_req_pre"": ""0"", ""sel_7th_pre_req"": ""48"", ""sel_7th_pre_bid"": ""-630000"", ""sel_6th_pre_req_pre"": ""0"", ""sel_6th_pre_req"": ""15"", ""sel_6th_pre_bid"": ""-629000"", ""sel_5th_pre_req_pre"": ""0"", ""sel_5th_pre_req"": ""7"", ""sel_5th_pre_bid"": ""-628000"", ""sel_4th_pre_req_pre"": ""0"", ""sel_4th_pre_req"": ""27"", ""sel_4th_pre_bid"": ""-627000"", ""sel_3th_pre_req_pre"": ""0"", ""sel_3th_pre_req"": ""24"", ""sel_3th_pre_bid"": ""-626000"", ""sel_2th_pre_req_pre"": ""0"", ""sel_2th_pre_req"": ""131"", ""sel_2th_pre_bid"": ""-625000"", ""sel_1th_pre_req_pre"": ""+1"", ""sel_fpr_req"": ""85"", ""sel_fpr_bid"": ""-624000"", ""buy_fpr_bid"": ""-623000"", ""buy_fpr_req"": ""63"", ""buy_1th_pre_req_pre"": ""0"", ""buy_2th_pre_bid"": ""-622000"", ""buy_2th_pre_req"": ""383"", ""buy_2th_pre_req_pre"": ""0"", ""buy_3th_pre_bid"": ""-621000"", ""buy_3th_pre_req"": ""26"", ""buy_3th_pre_req_pre"": ""0"", ""buy_4th_pre_bid"": ""-620000"", ""buy_4th_pre_req"": ""79"", ""buy_4th_pre_req_pre"": ""0"", ""buy_5th_pre_bid"": ""-619000"", ""buy_5th_pre_req"": ""18"", ""buy_5th_pre_req_pre"": ""0"", ""buy_6th_pre_bid"": ""-618000"", ""buy_6th_pre_req"": ""14"", ""buy_6th_pre_req_pre"": ""0"", ""buy_7th_pre_bid"": ""-617000"", ""buy_7th_pre_req"": ""36"", ""buy_7th_pre_req_pre"": ""0"", ""buy_8th_pre_bid"": ""-616000"", ""buy_8th_pre_req"": ""121"", ""buy_8th_pre_req_pre"": ""0"", ""buy_9th_pre_bid"": ""-615000"", ""buy_9th_pre_req"": ""21"", ""buy_9th_pre_req_pre"": ""0"", ""buy_10th_pre_bid"": ""-614000"", ""buy_10th_pre_req"": ""104"", ""buy_10th_pre_req_pre"": ""0"", ""tot_sel_req_jub_pre"": ""+1"", ""tot_sel_req"": ""426"", ""tot_buy_req"": ""865"", ""tot_buy_req_jub_pre"": ""0"", ""ovt_sel_req_pre"": ""0"", ""ovt_sel_req"": ""0"", ""ovt_buy_req"": ""0"", ""ovt_buy_req_pre"": ""0"", ""return_code"": 0, ""return_msg"": ""정상적으로 처리되었습니다""}"
2026-06-10,watchlist,005930,,0,filtered_candidate_recheck,304500,,304500,304000,304500,305500,0.16420361247947454,0.16420361247947454,,,,,,"{""bid_req_base_tm"": ""113436"", ""sel_10th_pre_req_pre"": ""0"", ""sel_10th_pre_req"": ""15644"", ""sel_10th_pre_bid"": ""-309000"", ""sel_9th_pre_req_pre"": ""0"", ""sel_9th_pre_req"": ""25343"", ""sel_9th_pre_bid"": ""-308500"", ""sel_8th_pre_req_pre"": ""0"", ""sel_8th_pre_req"": ""27884"", ""sel_8th_pre_bid"": ""-308000"", ""sel_7th_pre_req_pre"": ""0"", ""sel_7th_pre_req"": ""19538"", ""sel_7th_pre_bid"": ""-307500"", ""sel_6th_pre_req_pre"": ""0"", ""sel_6th_pre_req"": ""11219"", ""sel_6th_pre_bid"": ""-307000"", ""sel_5th_pre_req_pre"": ""0"", ""sel_5th_pre_req"": ""12928"", ""sel_5th_pre_bid"": ""-306500"", ""sel_4th_pre_req_pre"": ""0"", ""sel_4th_pre_req"": ""12877"", ""sel_4th_pre_bid"": ""-306000"", ""sel_3th_pre_req_pre"": ""0"", ""sel_3th_pre_req"": ""5709"", ""sel_3th_pre_bid"": ""-305500"", ""sel_2th_pre_req_pre"": ""0"", ""sel_2th_pre_req"": ""5619"", ""sel_2th_pre_bid"": ""-305000"", ""sel_1th_pre_req_pre"": ""0"", ""sel_fpr_req"": ""23498"", ""sel_fpr_bid"": ""-304500"", ""buy_fpr_bid"": ""-304000"", ""buy_fpr_req"": ""3595"", ""buy_1th_pre_req_pre"": ""--43"", ""buy_2th_pre_bid"": ""-303500"", ""buy_2th_pre_req"": ""22469"", ""buy_2th_pre_req_pre"": ""+21"", ""buy_3th_pre_bid"": ""-303000"", ""buy_3th_pre_req"": ""102628"", ""buy_3th_pre_req_pre"": ""--5"", ""buy_4th_pre_bid"": ""-302500"", ""buy_4th_pre_req"": ""47364"", ""buy_4th_pre_req_pre"": ""0"", ""buy_5th_pre_bid"": ""-302000"", ""buy_5th_pre_req"": ""65776"", ""buy_5th_pre_req_pre"": ""0"", ""buy_6th_pre_bid"": ""-301500"", ""buy_6th_pre_req"": ""51502"", ""buy_6th_pre_req_pre"": ""0"", ""buy_7th_pre_bid"": ""-301000"", ""buy_7th_pre_req"": ""94668"", ""buy_7th_pre_req_pre"": ""+5"", ""buy_8th_pre_bid"": ""-300500"", ""buy_8th_pre_req"": ""135728"", ""buy_8th_pre_req_pre"": ""0"", ""buy_9th_pre_bid"": ""-300000"", ""buy_9th_pre_req"": ""326629"", ""buy_9th_pre_req_pre"": ""+10"", ""buy_10th_pre_bid"": ""-299500"", ""buy_10th_pre_req"": ""38776"", ""buy_10th_pre_req_pre"": ""0"", ""tot_sel_req_jub_pre"": ""0"", ""tot_sel_req"": ""160259"", ""tot_buy_req"": ""889135"", ""tot_buy_req_jub_pre"": ""--12"", ""ovt_sel_req_pre"": ""0"", ""ovt_sel_req"": ""0"", ""ovt_buy_req"": ""0"", ""ovt_buy_req_pre"": ""0"", ""return_code"": 0, ""return_msg"": ""정상적으로 처리되었습니다""}"
2026-06-10,watchlist,000370,,0,filtered_candidate_recheck,6500,,6500,6490,6500,6500,-0.15384615384615385,0.15384615384615385,,,,,,"{""bid_req_base_tm"": ""113429"", ""sel_10th_pre_req_pre"": ""0"", ""sel_10th_pre_req"": ""1525"", ""sel_10th_pre_bid"": ""+6600"", ""sel_9th_pre_req_pre"": ""0"", ""sel_9th_pre_req"": ""312"", ""sel_9th_pre_bid"": ""+6590"", ""sel_8th_pre_req_pre"": ""0"", ""sel_8th_pre_req"": ""112"", ""sel_8th_pre_bid"": ""+6580"", ""sel_7th_pre_req_pre"": ""0"", ""sel_7th_pre_req"": ""753"", ""sel_7th_pre_bid"": ""+6570"", ""sel_6th_pre_req_pre"": ""0"", ""sel_6th_pre_req"": ""104"", ""sel_6th_pre_bid"": ""+6560"", ""sel_5th_pre_req_pre"": ""0"", ""sel_5th_pre_req"": ""175"", ""sel_5th_pre_bid"": ""+6550"", ""sel_4th_pre_req_pre"": ""0"", ""sel_4th_pre_req"": ""1027"", ""sel_4th_pre_bid"": ""+6540"", ""sel_3th_pre_req_pre"": ""0"", ""sel_3th_pre_req"": ""26"", ""sel_3th_pre_bid"": ""+6520"", ""sel_2th_pre_req_pre"": ""0"", ""sel_2th_pre_req"": ""787"", ""sel_2th_pre_bid"": ""+6510"", ""sel_1th_pre_req_pre"": ""0"", ""sel_fpr_req"": ""1137"", ""sel_fpr_bid"": ""+6500"", ""buy_fpr_bid"": ""+6490"", ""buy_fpr_req"": ""71"", ""buy_1th_pre_req_pre"": ""0"", ""buy_2th_pre_bid"": ""+6480"", ""buy_2th_pre_req"": ""641"", ""buy_2th_pre_req_pre"": ""0"", ""buy_3th_pre_bid"": ""+6470"", ""buy_3th_pre_req"": ""624"", ""buy_3th_pre_req_pre"": ""0"", ""buy_4th_pre_bid"": ""+6460"", ""buy_4th_pre_req"": ""645"", ""buy_4th_pre_req_pre"": ""0"", ""buy_5th_pre_bid"": ""6450"", ""buy_5th_pre_req"": ""901"", ""buy_5th_pre_req_pre"": ""0"", ""buy_6th_pre_bid"": ""-6440"", ""buy_6th_pre_req"": ""213"", ""buy_6th_pre_req_pre"": ""0"", ""buy_7th_pre_bid"": ""-6430"", ""buy_7th_pre_req"": ""1620"", ""buy_7th_pre_req_pre"": ""0"", ""buy_8th_pre_bid"": ""-6420"", ""buy_8th_pre_req"": ""220"", ""buy_8th_pre_req_pre"": ""0"", ""buy_9th_pre_bid"": ""-6410"", ""buy_9th_pre_req"": ""1539"", ""buy_9th_pre_req_pre"": ""0"", ""buy_10th_pre_bid"": ""-6400"", ""buy_10th_pre_req"": ""5388"", ""buy_10th_pre_req_pre"": ""0"", ""tot_sel_req_jub_pre"": ""0"", ""tot_sel_req"": ""5958"", ""tot_buy_req"": ""11862"", ""tot_buy_req_jub_pre"": ""0"", ""ovt_sel_req_pre"": ""0"", ""ovt_sel_req"": ""0"", ""ovt_buy_req"": ""0"", ""ovt_buy_req_pre"": ""0"", ""return_code"": 0, ""return_msg"": ""정상적으로 처리되었습니다""}"
2026-06-10,watchlist,064400,,0,filtered_candidate_recheck,94600,,94600,94500,94600,94700,0.0,0.10570824524312897,,,,,,"{""bid_req_base_tm"": ""113436"", ""sel_10th_pre_req_pre"": ""0"", ""sel_10th_pre_req"": ""595"", ""sel_10th_pre_bid"": ""-95500"", ""sel_9th_pre_req_pre"": ""0"", ""sel_9th_pre_req"": ""234"", ""sel_9th_pre_bid"": ""-95400"", ""sel_8th_pre_req_pre"": ""0"", ""sel_8th_pre_req"": ""242"", ""sel_8th_pre_bid"": ""-95300"", ""sel_7th_pre_req_pre"": ""0"", ""sel_7th_pre_req"": ""168"", ""sel_7th_pre_bid"": ""-95200"", ""sel_6th_pre_req_pre"": ""0"", ""sel_6th_pre_req"": ""63"", ""sel_6th_pre_bid"": ""-95100"", ""sel_5th_pre_req_pre"": ""0"", ""sel_5th_pre_req"": ""60"", ""sel_5th_pre_bid"": ""-95000"", ""sel_4th_pre_req_pre"": ""0"", ""sel_4th_pre_req"": ""40"", ""sel_4th_pre_bid"": ""-94900"", ""sel_3th_pre_req_pre"": ""0"", ""sel_3th_pre_req"": ""5"", ""sel_3th_pre_bid"": ""-94800"", ""sel_2th_pre_req_pre"": ""0"", ""sel_2th_pre_req"": ""21"", ""sel_2th_pre_bid"": ""-94700"", ""sel_1th_pre_req_pre"": ""0"", ""sel_fpr_req"": ""365"", ""sel_fpr_bid"": ""-94600"", ""buy_fpr_bid"": ""-94500"", ""buy_fpr_req"": ""231"", ""buy_1th_pre_req_pre"": ""0"", ""buy_2th_pre_bid"": ""-94400"", ""buy_2th_pre_req"": ""177"", ""buy_2th_pre_req_pre"": ""0"", ""buy_3th_pre_bid"": ""-94300"", ""buy_3th_pre_req"": ""343"", ""buy_3th_pre_req_pre"": ""0"", ""buy_4th_pre_bid"": ""-94200"", ""buy_4th_pre_req"": ""327"", ""buy_4th_pre_req_pre"": ""0"", ""buy_5th_pre_bid"": ""-94100"", ""buy_5th_pre_req"": ""694"", ""buy_5th_pre_req_pre"": ""0"", ""buy_6th_pre_bid"": ""-94000"", ""buy_6th_pre_req"": ""5362"", ""buy_6th_pre_req_pre"": ""0"", ""buy_7th_pre_bid"": ""-93900"", ""buy_7th_pre_req"": ""937"", ""buy_7th_pre_req_pre"": ""+5"", ""buy_8th_pre_bid"": ""-93800"", ""buy_8th_pre_req"": ""1528"", ""buy_8th_pre_req_pre"": ""0"", ""buy_9th_pre_bid"": ""-93700"", ""buy_9th_pre_req"": ""1780"", ""buy_9th_pre_req_pre"": ""0"", ""buy_10th_pre_bid"": ""-93600"", ""buy_10th_pre_req"": ""5746"", ""buy_10th_pre_req_pre"": ""0"", ""tot_sel_req_jub_pre"": ""0"", ""tot_sel_req"": ""1793"", ""tot_buy_req"": ""17125"", ""tot_buy_req_jub_pre"": ""+5"", ""ovt_sel_req_pre"": ""0"", ""ovt_sel_req"": ""0"", ""ovt_buy_req"": ""0"", ""ovt_buy_req_pre"": ""0"", ""return_code"": 0, ""return_msg"": ""정상적으로 처리되었습니다""}"
2026-06-10,watchlist,009420,,1,filtered_candidate_recheck,49900,,49900,49850,49900,50200,0.4008016032064128,0.1002004008016032,,,,,,"{""bid_req_base_tm"": ""113436"", ""sel_10th_pre_req_pre"": ""0"", ""sel_10th_pre_req"": ""18"", ""sel_10th_pre_bid"": ""-50800"", ""sel_9th_pre_req_pre"": ""0"", ""sel_9th_pre_req"": ""61"", ""sel_9th_pre_bid"": ""-50700"", ""sel_8th_pre_req_pre"": ""0"", ""sel_8th_pre_req"": ""23"", ""sel_8th_pre_bid"": ""-50600"", ""sel_7th_pre_req_pre"": ""0"", ""sel_7th_pre_req"": ""106"", ""sel_7th_pre_bid"": ""-50500"", ""sel_6th_pre_req_pre"": ""0"", ""sel_6th_pre_req"": ""211"", ""sel_6th_pre_bid"": ""-50400"", ""sel_5th_pre_req_pre"": ""0"", ""sel_5th_pre_req"": ""7"", ""sel_5th_pre_bid"": ""-50300"", ""sel_4th_pre_req_pre"": ""0"", ""sel_4th_pre_req"": ""14"", ""sel_4th_pre_bid"": ""-50100"", ""sel_3th_pre_req_pre"": ""0"", ""sel_3th_pre_req"": ""3"", ""sel_3th_pre_bid"": ""-50000"", ""sel_2th_pre_req_pre"": ""0"", ""sel_2th_pre_req"": ""8"", ""sel_2th_pre_bid"": ""-49950"", ""sel_1th_pre_req_pre"": ""0"", ""sel_fpr_req"": ""51"", ""sel_fpr_bid"": ""-49900"", ""buy_fpr_bid"": ""-49850"", ""buy_fpr_req"": ""8"", ""buy_1th_pre_req_pre"": ""0"", ""buy_2th_pre_bid"": ""-49800"", ""buy_2th_pre_req"": ""450"", ""buy_2th_pre_req_pre"": ""0"", ""buy_3th_pre_bid"": ""-49750"", ""buy_3th_pre_req"": ""477"", ""buy_3th_pre_req_pre"": ""0"", ""buy_4th_pre_bid"": ""-49700"", ""buy_4th_pre_req"": ""40"", ""buy_4th_pre_req_pre"": ""--2"", ""buy_5th_pre_bid"": ""-49650"", ""buy_5th_pre_req"": ""39"", ""buy_5th_pre_req_pre"": ""0"", ""buy_6th_pre_bid"": ""-49600"", ""buy_6th_pre_req"": ""55"", ""buy_6th_pre_req_pre"": ""0"", ""buy_7th_pre_bid"": ""-49550"", ""buy_7th_pre_req"": ""174"", ""buy_7th_pre_req_pre"": ""0"", ""buy_8th_pre_bid"": ""-49500"", ""buy_8th_pre_req"": ""1962"", ""buy_8th_pre_req_pre"": ""0"", ""buy_9th_pre_bid"": ""-49450"", ""buy_9th_pre_req"": ""171"", ""buy_9th_pre_req_pre"": ""0"", ""buy_10th_pre_bid"": ""-49400"", ""buy_10th_pre_req"": ""144"", ""buy_10th_pre_req_pre"": ""0"", ""tot_sel_req_jub_pre"": ""0"", ""tot_sel_req"": ""502"", ""tot_buy_req"": ""3520"", ""tot_buy_req_jub_pre"": ""--2"", ""ovt_sel_req_pre"": ""0"", ""ovt_sel_req"": ""0"", ""ovt_buy_req"": ""0"", ""ovt_buy_req_pre"": ""0"", ""return_code"": 0, ""return_msg"": ""정상적으로 처리되었습니다""}"
2026-06-10,watchlist,383220,,0,filtered_candidate_recheck,75900,,75900,75600,75900,75600,-0.5270092226613966,0.3952569169960474,,,,,,"{""bid_req_base_tm"": ""113436"", ""sel_10th_pre_req_pre"": ""0"", ""sel_10th_pre_req"": ""30"", ""sel_10th_pre_bid"": ""+76800"", ""sel_9th_pre_req_pre"": ""0"", ""sel_9th_pre_req"": ""9"", ""sel_9th_pre_bid"": ""+76700"", ""sel_8th_pre_req_pre"": ""0"", ""sel_8th_pre_req"": ""31"", ""sel_8th_pre_bid"": ""+76600"", ""sel_7th_pre_req_pre"": ""0"", ""sel_7th_pre_req"": ""56"", ""sel_7th_pre_bid"": ""+76500"", ""sel_6th_pre_req_pre"": ""0"", ""sel_6th_pre_req"": ""10"", ""sel_6th_pre_bid"": ""+76400"", ""sel_5th_pre_req_pre"": ""0"", ""sel_5th_pre_req"": ""17"", ""sel_5th_pre_bid"": ""+76300"", ""sel_4th_pre_req_pre"": ""0"", ""sel_4th_pre_req"": ""129"", ""sel_4th_pre_bid"": ""+76200"", ""sel_3th_pre_req_pre"": ""0"", ""sel_3th_pre_req"": ""2"", ""sel_3th_pre_bid"": ""+76100"", ""sel_2th_pre_req_pre"": ""0"", ""sel_2th_pre_req"": ""6"", ""sel_2th_pre_bid"": ""+76000"", ""sel_1th_pre_req_pre"": ""--20"", ""sel_fpr_req"": ""33"", ""sel_fpr_bid"": ""+75900"", ""buy_fpr_bid"": ""+75600"", ""buy_fpr_req"": ""12"", ""buy_1th_pre_req_pre"": ""--36"", ""buy_2th_pre_bid"": ""+75500"", ""buy_2th_pre_req"": ""53"", ""buy_2th_pre_req_pre"": ""0"", ""buy_3th_pre_bid"": ""+75400"", ""buy_3th_pre_req"": ""24"", ""buy_3th_pre_req_pre"": ""0"", ""buy_4th_pre_bid"": ""+75300"", ""buy_4th_pre_req"": ""26"", ""buy_4th_pre_req_pre"": ""0"", ""buy_5th_pre_bid"": ""+75200"", ""buy_5th_pre_req"": ""10"", ""buy_5th_pre_req_pre"": ""0"", ""buy_6th_pre_bid"": ""+75000"", ""buy_6th_pre_req"": ""1"", ""buy_6th_pre_req_pre"": ""0"", ""buy_7th_pre_bid"": ""+74900"", ""buy_7th_pre_req"": ""10"", ""buy_7th_pre_req_pre"": ""0"", ""buy_8th_pre_bid"": ""+74700"", ""buy_8th_pre_req"": ""103"", ""buy_8th_pre_req_pre"": ""0"", ""buy_9th_pre_bid"": ""74600"", ""buy_9th_pre_req"": ""20"", ""buy_9th_pre_req_pre"": ""0"", ""buy_10th_pre_bid"": ""-74500"", ""buy_10th_pre_req"": ""27"", ""buy_10th_pre_req_pre"": ""0"", ""tot_sel_req_jub_pre"": ""+3"", ""tot_sel_req"": ""323"", ""tot_buy_req"": ""286"", ""tot_buy_req_jub_pre"": ""--36"", ""ovt_sel_req_pre"": ""0"", ""ovt_sel_req"": ""0"", ""ovt_buy_req"": ""0"", ""ovt_buy_req_pre"": ""0"", ""return_code"": 0, ""return_msg"": ""정상적으로 처리되었습니다""}"
2026-06-10,watchlist,004170,,0,filtered_candidate_recheck,679000,,679000,678000,679000,679000,-0.14727540500736377,0.14727540500736377,,,,,,"{""bid_req_base_tm"": ""113437"", ""sel_10th_pre_req_pre"": ""0"", ""sel_10th_pre_req"": ""52"", ""sel_10th_pre_bid"": ""+688000"", ""sel_9th_pre_req_pre"": ""0"", ""sel_9th_pre_req"": ""3"", ""sel_9th_pre_bid"": ""+687000"", ""sel_8th_pre_req_pre"": ""0"", ""sel_8th_pre_req"": ""51"", ""sel_8th_pre_bid"": ""+686000"", ""sel_7th_pre_req_pre"": ""0"", ""sel_7th_pre_req"": ""63"", ""sel_7th_pre_bid"": ""+685000"", ""sel_6th_pre_req_pre"": ""0"", ""sel_6th_pre_req"": ""10"", ""sel_6th_pre_bid"": ""+684000"", ""sel_5th_pre_req_pre"": ""0"", ""sel_5th_pre_req"": ""14"", ""sel_5th_pre_bid"": ""+683000"", ""sel_4th_pre_req_pre"": ""0"", ""sel_4th_pre_req"": ""2"", ""sel_4th_pre_bid"": ""+682000"", ""sel_3th_pre_req_pre"": ""+10"", ""sel_3th_pre_req"": ""13"", ""sel_3th_pre_bid"": ""+681000"", ""sel_2th_pre_req_pre"": ""0"", ""sel_2th_pre_req"": ""33"", ""sel_2th_pre_bid"": ""+680000"", ""sel_1th_pre_req_pre"": ""0"", ""sel_fpr_req"": ""28"", ""sel_fpr_bid"": ""+679000"", ""buy_fpr_bid"": ""+678000"", ""buy_fpr_req"": ""31"", ""buy_1th_pre_req_pre"": ""0"", ""buy_2th_pre_bid"": ""+677000"", ""buy_2th_pre_req"": ""4"", ""buy_2th_pre_req_pre"": ""0"", ""buy_3th_pre_bid"": ""+676000"", ""buy_3th_pre_req"": ""5"", ""buy_3th_pre_req_pre"": ""0"", ""buy_4th_pre_bid"": ""+675000"", ""buy_4th_pre_req"": ""22"", ""buy_4th_pre_req_pre"": ""0"", ""buy_5th_pre_bid"": ""+674000"", ""buy_5th_pre_req"": ""17"", ""buy_5th_pre_req_pre"": ""0"", ""buy_6th_pre_bid"": ""+673000"", ""buy_6th_pre_req"": ""102"", ""buy_6th_pre_req_pre"": ""0"", ""buy_7th_pre_bid"": ""+672000"", ""buy_7th_pre_req"": ""13"", ""buy_7th_pre_req_pre"": ""0"", ""buy_8th_pre_bid"": ""+671000"", ""buy_8th_pre_req"": ""45"", ""buy_8th_pre_req_pre"": ""0"", ""buy_9th_pre_bid"": ""+670000"", ""buy_9th_pre_req"": ""632"", ""buy_9th_pre_req_pre"": ""0"", ""buy_10th_pre_bid"": ""+669000"", ""buy_10th_pre_req"": ""120"", ""buy_10th_pre_req_pre"": ""0"", ""tot_sel_req_jub_pre"": ""+10"", ""tot_sel_req"": ""269"", ""tot_buy_req"": ""991"", ""tot_buy_req_jub_pre"": ""0"", ""ovt_sel_req_pre"": ""0"", ""ovt_sel_req"": ""0"", ""ovt_buy_req"": ""0"", ""ovt_buy_req_pre"": ""0"", ""return_code"": 0, ""return_msg"": ""정상적으로 처리되었습니다""}"
2026-06-10,watchlist,018260,,1,filtered_candidate_recheck,231500,,231500,231000,231500,233000,0.4319654427645789,0.21598272138228944,,,,,,"{""bid_req_base_tm"": ""113436"", ""sel_10th_pre_req_pre"": ""0"", ""sel_10th_pre_req"": ""88"", ""sel_10th_pre_bid"": ""-236000"", ""sel_9th_pre_req_pre"": ""0"", ""sel_9th_pre_req"": ""217"", ""sel_9th_pre_bid"": ""-235500"", ""sel_8th_pre_req_pre"": ""0"", ""sel_8th_pre_req"": ""298"", ""sel_8th_pre_bid"": ""-235000"", ""sel_7th_pre_req_pre"": ""0"", ""sel_7th_pre_req"": ""168"", ""sel_7th_pre_bid"": ""-234500"", ""sel_6th_pre_req_pre"": ""0"", ""sel_6th_pre_req"": ""144"", ""sel_6th_pre_bid"": ""-234000"", ""sel_5th_pre_req_pre"": ""0"", ""sel_5th_pre_req"": ""192"", ""sel_5th_pre_bid"": ""-233500"", ""sel_4th_pre_req_pre"": ""0"", ""sel_4th_pre_req"": ""191"", ""sel_4th_pre_bid"": ""-233000"", ""sel_3th_pre_req_pre"": ""0"", ""sel_3th_pre_req"": ""131"", ""sel_3th_pre_bid"": ""-232500"", ""sel_2th_pre_req_pre"": ""0"", ""sel_2th_pre_req"": ""223"", ""sel_2th_pre_bid"": ""-232000"", ""sel_1th_pre_req_pre"": ""+114"", ""sel_fpr_req"": ""295"", ""sel_fpr_bid"": ""-231500"", ""buy_fpr_bid"": ""-231000"", ""buy_fpr_req"": ""500"", ""buy_1th_pre_req_pre"": ""0"", ""buy_2th_pre_bid"": ""-230500"", ""buy_2th_pre_req"": ""3646"", ""buy_2th_pre_req_pre"": ""0"", ""buy_3th_pre_bid"": ""-230000"", ""buy_3th_pre_req"": ""5521"", ""buy_3th_pre_req_pre"": ""0"", ""buy_4th_pre_bid"": ""-229500"", ""buy_4th_pre_req"": ""3690"", ""buy_4th_pre_req_pre"": ""0"", ""buy_5th_pre_bid"": ""-229000"", ""buy_5th_pre_req"": ""1435"", ""buy_5th_pre_req_pre"": ""0"", ""buy_6th_pre_bid"": ""-228500"", ""buy_6th_pre_req"": ""1098"", ""buy_6th_pre_req_pre"": ""0"", ""buy_7th_pre_bid"": ""-228000"", ""buy_7th_pre_req"": ""2130"", ""buy_7th_pre_req_pre"": ""0"", ""buy_8th_pre_bid"": ""-227500"", ""buy_8th_pre_req"": ""1737"", ""buy_8th_pre_req_pre"": ""0"", ""buy_9th_pre_bid"": ""-227000"", ""buy_9th_pre_req"": ""2062"", ""buy_9th_pre_req_pre"": ""0"", ""buy_10th_pre_bid"": ""-226500"", ""buy_10th_pre_req"": ""514"", ""buy_10th_pre_req_pre"": ""0"", ""tot_sel_req_jub_pre"": ""+114"", ""tot_sel_req"": ""1947"", ""tot_buy_req"": ""22333"", ""tot_buy_req_jub_pre"": ""0"", ""ovt_sel_req_pre"": ""0"", ""ovt_sel_req"": ""0"", ""ovt_buy_req"": ""0"", ""ovt_buy_req_pre"": ""0"", ""return_code"": 0, ""return_msg"": ""정상적으로 처리되었습니다""}"
2026-06-10,watchlist,161390,,0,filtered_candidate_recheck,70900,,70900,70800,70900,71100,0.14104372355430184,0.14104372355430184,,,,,,"{""bid_req_base_tm"": ""113435"", ""sel_10th_pre_req_pre"": ""0"", ""sel_10th_pre_req"": ""133"", ""sel_10th_pre_bid"": ""-71800"", ""sel_9th_pre_req_pre"": ""0"", ""sel_9th_pre_req"": ""10"", ""sel_9th_pre_bid"": ""-71700"", ""sel_8th_pre_req_pre"": ""0"", ""sel_8th_pre_req"": ""3"", ""sel_8th_pre_bid"": ""-71600"", ""sel_7th_pre_req_pre"": ""0"", ""sel_7th_pre_req"": ""57"", ""sel_7th_pre_bid"": ""-71500"", ""sel_6th_pre_req_pre"": ""0"", ""sel_6th_pre_req"": ""32"", ""sel_6th_pre_bid"": ""-71400"", ""sel_5th_pre_req_pre"": ""0"", ""sel_5th_pre_req"": ""53"", ""sel_5th_pre_bid"": ""-71300"", ""sel_4th_pre_req_pre"": ""0"", ""sel_4th_pre_req"": ""270"", ""sel_4th_pre_bid"": ""-71200"", ""sel_3th_pre_req_pre"": ""0"", ""sel_3th_pre_req"": ""698"", ""sel_3th_pre_bid"": ""-71100"", ""sel_2th_pre_req_pre"": ""0"", ""sel_2th_pre_req"": ""1279"", ""sel_2th_pre_bid"": ""-71000"", ""sel_1th_pre_req_pre"": ""0"", ""sel_fpr_req"": ""1128"", ""sel_fpr_bid"": ""-70900"", ""buy_fpr_bid"": ""-70800"", ""buy_fpr_req"": ""2870"", ""buy_1th_pre_req_pre"": ""+3"", ""buy_2th_pre_bid"": ""-70700"", ""buy_2th_pre_req"": ""318"", ""buy_2th_pre_req_pre"": ""0"", ""buy_3th_pre_bid"": ""-70600"", ""buy_3th_pre_req"": ""140"", ""buy_3th_pre_req_pre"": ""0"", ""buy_4th_pre_bid"": ""-70500"", ""buy_4th_pre_req"": ""361"", ""buy_4th_pre_req_pre"": ""0"", ""buy_5th_pre_bid"": ""-70400"", ""buy_5th_pre_req"": ""279"", ""buy_5th_pre_req_pre"": ""0"", ""buy_6th_pre_bid"": ""-70300"", ""buy_6th_pre_req"": ""142"", ""buy_6th_pre_req_pre"": ""0"", ""buy_7th_pre_bid"": ""-70200"", ""buy_7th_pre_req"": ""229"", ""buy_7th_pre_req_pre"": ""0"", ""buy_8th_pre_bid"": ""-70100"", ""buy_8th_pre_req"": ""217"", ""buy_8th_pre_req_pre"": ""0"", ""buy_9th_pre_bid"": ""-70000"", ""buy_9th_pre_req"": ""377"", ""buy_9th_pre_req_pre"": ""0"", ""buy_10th_pre_bid"": ""-69900"", ""buy_10th_pre_req"": ""135"", ""buy_10th_pre_req_pre"": ""0"", ""tot_sel_req_jub_pre"": ""0"", ""tot_sel_req"": ""3663"", ""tot_buy_req"": ""5068"", ""tot_buy_req_jub_pre"": ""+3"", ""ovt_sel_req_pre"": ""0"", ""ovt_sel_req"": ""0"", ""ovt_buy_req"": ""0"", ""ovt_buy_req_pre"": ""0"", ""return_code"": 0, ""return_msg"": ""정상적으로 처리되었습니다""}"
2026-06-10,watchlist,078930,,0,filtered_candidate_recheck,73900,,73900,73800,73900,73400,-0.8119079837618403,0.13531799729364005,,,,,,"{""bid_req_base_tm"": ""113437"", ""sel_10th_pre_req_pre"": ""0"", ""sel_10th_pre_req"": ""24"", ""sel_10th_pre_bid"": ""+74800"", ""sel_9th_pre_req_pre"": ""0"", ""sel_9th_pre_req"": ""234"", ""sel_9th_pre_bid"": ""+74700"", ""sel_8th_pre_req_pre"": ""0"", ""sel_8th_pre_req"": ""104"", ""sel_8th_pre_bid"": ""+74600"", ""sel_7th_pre_req_pre"": ""0"", ""sel_7th_pre_req"": ""386"", ""sel_7th_pre_bid"": ""+74500"", ""sel_6th_pre_req_pre"": ""0"", ""sel_6th_pre_req"": ""107"", ""sel_6th_pre_bid"": ""+74400"", ""sel_5th_pre_req_pre"": ""0"", ""sel_5th_pre_req"": ""113"", ""sel_5th_pre_bid"": ""+74300"", ""sel_4th_pre_req_pre"": ""0"", ""sel_4th_pre_req"": ""40"", ""sel_4th_pre_bid"": ""+74200"", ""sel_3th_pre_req_pre"": ""0"", ""sel_3th_pre_req"": ""17"", ""sel_3th_pre_bid"": ""+74100"", ""sel_2th_pre_req_pre"": ""0"", ""sel_2th_pre_req"": ""62"", ""sel_2th_pre_bid"": ""+74000"", ""sel_1th_pre_req_pre"": ""0"", ""sel_fpr_req"": ""1151"", ""sel_fpr_bid"": ""+73900"", ""buy_fpr_bid"": ""73800"", ""buy_fpr_req"": ""74"", ""buy_1th_pre_req_pre"": ""0"", ""buy_2th_pre_bid"": ""-73700"", ""buy_2th_pre_req"": ""357"", ""buy_2th_pre_req_pre"": ""0"", ""buy_3th_pre_bid"": ""-73600"", ""buy_3th_pre_req"": ""143"", ""buy_3th_pre_req_pre"": ""0"", ""buy_4th_pre_bid"": ""-73500"", ""buy_4th_pre_req"": ""40"", ""buy_4th_pre_req_pre"": ""0"", ""buy_5th_pre_bid"": ""-73400"", ""buy_5th_pre_req"": ""71"", ""buy_5th_pre_req_pre"": ""0"", ""buy_6th_pre_bid"": ""-73300"", ""buy_6th_pre_req"": ""30"", ""buy_6th_pre_req_pre"": ""0"", ""buy_7th_pre_bid"": ""-73200"", ""buy_7th_pre_req"": ""137"", ""buy_7th_pre_req_pre"": ""0"", ""buy_8th_pre_bid"": ""-73100"", ""buy_8th_pre_req"": ""62"", ""buy_8th_pre_req_pre"": ""0"", ""buy_9th_pre_bid"": ""-73000"", ""buy_9th_pre_req"": ""4"", ""buy_9th_pre_req_pre"": ""0"", ""buy_10th_pre_bid"": ""-72900"", ""buy_10th_pre_req"": ""8"", ""buy_10th_pre_req_pre"": ""0"", ""tot_sel_req_jub_pre"": ""0"", ""tot_sel_req"": ""2238"", ""tot_buy_req"": ""926"", ""tot_buy_req_jub_pre"": ""0"", ""ovt_sel_req_pre"": ""0"", ""ovt_sel_req"": ""0"", ""ovt_buy_req"": ""0"", ""ovt_buy_req_pre"": ""0"", ""return_code"": 0, ""return_msg"": ""정상적으로 처리되었습니다""}"
2026-06-10,watchlist,462870,,0,filtered_candidate_recheck,31350,,31350,31300,31350,31200,-0.6379585326953748,0.1594896331738437,,,,,,"{""bid_req_base_tm"": ""113437"", ""sel_10th_pre_req_pre"": ""0"", ""sel_10th_pre_req"": ""12"", ""sel_10th_pre_bid"": ""-31800"", ""sel_9th_pre_req_pre"": ""0"", ""sel_9th_pre_req"": ""21"", ""sel_9th_pre_bid"": ""-31750"", ""sel_8th_pre_req_pre"": ""0"", ""sel_8th_pre_req"": ""12"", ""sel_8th_pre_bid"": ""-31700"", ""sel_7th_pre_req_pre"": ""0"", ""sel_7th_pre_req"": ""683"", ""sel_7th_pre_bid"": ""-31650"", ""sel_6th_pre_req_pre"": ""0"", ""sel_6th_pre_req"": ""218"", ""sel_6th_pre_bid"": ""-31600"", ""sel_5th_pre_req_pre"": ""0"", ""sel_5th_pre_req"": ""11"", ""sel_5th_pre_bid"": ""-31550"", ""sel_4th_pre_req_pre"": ""0"", ""sel_4th_pre_req"": ""121"", ""sel_4th_pre_bid"": ""-31500"", ""sel_3th_pre_req_pre"": ""0"", ""sel_3th_pre_req"": ""118"", ""sel_3th_pre_bid"": ""-31450"", ""sel_2th_pre_req_pre"": ""0"", ""sel_2th_pre_req"": ""52"", ""sel_2th_pre_bid"": ""-31400"", ""sel_1th_pre_req_pre"": ""0"", ""sel_fpr_req"": ""80"", ""sel_fpr_bid"": ""-31350"", ""buy_fpr_bid"": ""-31300"", ""buy_fpr_req"": ""2"", ""buy_1th_pre_req_pre"": ""+1"", ""buy_2th_pre_bid"": ""-31250"", ""buy_2th_pre_req"": ""44"", ""buy_2th_pre_req_pre"": ""0"", ""buy_3th_pre_bid"": ""-31200"", ""buy_3th_pre_req"": ""24"", ""buy_3th_pre_req_pre"": ""0"", ""buy_4th_pre_bid"": ""-31150"", ""buy_4th_pre_req"": ""43"", ""buy_4th_pre_req_pre"": ""0"", ""buy_5th_pre_bid"": ""-31100"", ""buy_5th_pre_req"": ""49"", ""buy_5th_pre_req_pre"": ""0"", ""buy_6th_pre_bid"": ""-31050"", ""buy_6th_pre_req"": ""61"", ""buy_6th_pre_req_pre"": ""0"", ""buy_7th_pre_bid"": ""-31000"", ""buy_7th_pre_req"": ""192"", ""buy_7th_pre_req_pre"": ""0"", ""buy_8th_pre_bid"": ""-30950"", ""buy_8th_pre_req"": ""29"", ""buy_8th_pre_req_pre"": ""0"", ""buy_9th_pre_bid"": ""-30900"", ""buy_9th_pre_req"": ""65"", ""buy_9th_pre_req_pre"": ""0"", ""buy_10th_pre_bid"": ""-30850"", ""buy_10th_pre_req"": ""34"", ""buy_10th_pre_req_pre"": ""0"", ""tot_sel_req_jub_pre"": ""0"", ""tot_sel_req"": ""1328"", ""tot_buy_req"": ""543"", ""tot_buy_req_jub_pre"": ""+1"", ""ovt_sel_req_pre"": ""0"", ""ovt_sel_req"": ""0"", ""ovt_buy_req"": ""0"", ""ovt_buy_req_pre"": ""0"", ""return_code"": 0, ""return_msg"": ""정상적으로 처리되었습니다""}"
2026-06-10,watchlist,055550,,0,filtered_candidate_recheck,98300,,98300,98200,98300,97800,-0.6103763987792472,0.10172939979654119,,,,,,"{""bid_req_base_tm"": ""113437"", ""sel_10th_pre_req_pre"": ""0"", ""sel_10th_pre_req"": ""81"", ""sel_10th_pre_bid"": ""-99300"", ""sel_9th_pre_req_pre"": ""0"", ""sel_9th_pre_req"": ""218"", ""sel_9th_pre_bid"": ""-99200"", ""sel_8th_pre_req_pre"": ""0"", ""sel_8th_pre_req"": ""10"", ""sel_8th_pre_bid"": ""-99100"", ""sel_7th_pre_req_pre"": ""0"", ""sel_7th_pre_req"": ""5"", ""sel_7th_pre_bid"": ""-99000"", ""sel_6th_pre_req_pre"": ""0"", ""sel_6th_pre_req"": ""131"", ""sel_6th_pre_bid"": ""-98800"", ""sel_5th_pre_req_pre"": ""0"", ""sel_5th_pre_req"": ""35"", ""sel_5th_pre_bid"": ""-98700"", ""sel_4th_pre_req_pre"": ""0"", ""sel_4th_pre_req"": ""55"", ""sel_4th_pre_bid"": ""-98600"", ""sel_3th_pre_req_pre"": ""0"", ""sel_3th_pre_req"": ""878"", ""sel_3th_pre_bid"": ""-98500"", ""sel_2th_pre_req_pre"": ""--1"", ""sel_2th_pre_req"": ""3754"", ""sel_2th_pre_bid"": ""-98400"", ""sel_1th_pre_req_pre"": ""0"", ""sel_fpr_req"": ""8488"", ""sel_fpr_bid"": ""-98300"", ""buy_fpr_bid"": ""-98200"", ""buy_fpr_req"": ""2573"", ""buy_1th_pre_req_pre"": ""0"", ""buy_2th_pre_bid"": ""-98100"", ""buy_2th_pre_req"": ""1311"", ""buy_2th_pre_req_pre"": ""0"", ""buy_3th_pre_bid"": ""-98000"", ""buy_3th_pre_req"": ""2079"", ""buy_3th_pre_req_pre"": ""0"", ""buy_4th_pre_bid"": ""-97900"", ""buy_4th_pre_req"": ""283"", ""buy_4th_pre_req_pre"": ""0"", ""buy_5th_pre_bid"": ""-97800"", ""buy_5th_pre_req"": ""217"", ""buy_5th_pre_req_pre"": ""0"", ""buy_6th_pre_bid"": ""-97700"", ""buy_6th_pre_req"": ""300"", ""buy_6th_pre_req_pre"": ""0"", ""buy_7th_pre_bid"": ""-97600"", ""buy_7th_pre_req"": ""275"", ""buy_7th_pre_req_pre"": ""0"", ""buy_8th_pre_bid"": ""-97500"", ""buy_8th_pre_req"": ""811"", ""buy_8th_pre_req_pre"": ""0"", ""buy_9th_pre_bid"": ""-97400"", ""buy_9th_pre_req"": ""124"", ""buy_9th_pre_req_pre"": ""0"", ""buy_10th_pre_bid"": ""-97300"", ""buy_10th_pre_req"": ""48"", ""buy_10th_pre_req_pre"": ""0"", ""tot_sel_req_jub_pre"": ""--1"", ""tot_sel_req"": ""13655"", ""tot_buy_req"": ""8021"", ""tot_buy_req_jub_pre"": ""0"", ""ovt_sel_req_pre"": ""0"", ""ovt_sel_req"": ""0"", ""ovt_buy_req"": ""0"", ""ovt_buy_req_pre"": ""0"", ""return_code"": 0, ""return_msg"": ""정상적으로 처리되었습니다""}"
2026-06-10,watchlist,192080,,1,filtered_candidate_recheck,71500,,71500,71400,71500,71500,-0.13986013986013987,0.13986013986013987,,,,,,"{""bid_req_base_tm"": ""113436"", ""sel_10th_pre_req_pre"": ""0"", ""sel_10th_pre_req"": ""182"", ""sel_10th_pre_bid"": ""+72600"", ""sel_9th_pre_req_pre"": ""0"", ""sel_9th_pre_req"": ""11"", ""sel_9th_pre_bid"": ""+72500"", ""sel_8th_pre_req_pre"": ""0"", ""sel_8th_pre_req"": ""128"", ""sel_8th_pre_bid"": ""+72400"", ""sel_7th_pre_req_pre"": ""0"", ""sel_7th_pre_req"": ""10"", ""sel_7th_pre_bid"": ""+72300"", ""sel_6th_pre_req_pre"": ""0"", ""sel_6th_pre_req"": ""10"", ""sel_6th_pre_bid"": ""+72200"", ""sel_5th_pre_req_pre"": ""0"", ""sel_5th_pre_req"": ""6"", ""sel_5th_pre_bid"": ""+72100"", ""sel_4th_pre_req_pre"": ""0"", ""sel_4th_pre_req"": ""155"", ""sel_4th_pre_bid"": ""72000"", ""sel_3th_pre_req_pre"": ""0"", ""sel_3th_pre_req"": ""19"", ""sel_3th_pre_bid"": ""-71900"", ""sel_2th_pre_req_pre"": ""0"", ""sel_2th_pre_req"": ""32"", ""sel_2th_pre_bid"": ""-71600"", ""sel_1th_pre_req_pre"": ""0"", ""sel_fpr_req"": ""43"", ""sel_fpr_bid"": ""-71500"", ""buy_fpr_bid"": ""-71400"", ""buy_fpr_req"": ""19"", ""buy_1th_pre_req_pre"": ""0"", ""buy_2th_pre_bid"": ""-71300"", ""buy_2th_pre_req"": ""21"", ""buy_2th_pre_req_pre"": ""0"", ""buy_3th_pre_bid"": ""-71200"", ""buy_3th_pre_req"": ""46"", ""buy_3th_pre_req_pre"": ""0"", ""buy_4th_pre_bid"": ""-71100"", ""buy_4th_pre_req"": ""10"", ""buy_4th_pre_req_pre"": ""0"", ""buy_5th_pre_bid"": ""-71000"", ""buy_5th_pre_req"": ""29"", ""buy_5th_pre_req_pre"": ""0"", ""buy_6th_pre_bid"": ""-70900"", ""buy_6th_pre_req"": ""64"", ""buy_6th_pre_req_pre"": ""0"", ""buy_7th_pre_bid"": ""-70800"", ""buy_7th_pre_req"": ""82"", ""buy_7th_pre_req_pre"": ""0"", ""buy_8th_pre_bid"": ""-70700"", ""buy_8th_pre_req"": ""140"", ""buy_8th_pre_req_pre"": ""0"", ""buy_9th_pre_bid"": ""-70600"", ""buy_9th_pre_req"": ""100"", ""buy_9th_pre_req_pre"": ""0"", ""buy_10th_pre_bid"": ""-70500"", ""buy_10th_pre_req"": ""97"", ""buy_10th_pre_req_pre"": ""0"", ""tot_sel_req_jub_pre"": ""0"", ""tot_sel_req"": ""596"", ""tot_buy_req"": ""608"", ""tot_buy_req_jub_pre"": ""0"", ""ovt_sel_req_pre"": ""0"", ""ovt_sel_req"": ""0"", ""ovt_buy_req"": ""0"", ""ovt_buy_req_pre"": ""0"", ""return_code"": 0, ""return_msg"": ""정상적으로 처리되었습니다""}"
2026-06-10,watchlist,000430,,1,filtered_candidate_recheck,5620,,5620,5610,5620,5620,-0.1779359430604982,0.1779359430604982,,,,,,"{""bid_req_base_tm"": ""113437"", ""sel_10th_pre_req_pre"": ""0"", ""sel_10th_pre_req"": ""303"", ""sel_10th_pre_bid"": ""-5710"", ""sel_9th_pre_req_pre"": ""0"", ""sel_9th_pre_req"": ""10360"", ""sel_9th_pre_bid"": ""-5700"", ""sel_8th_pre_req_pre"": ""0"", ""sel_8th_pre_req"": ""1082"", ""sel_8th_pre_bid"": ""-5690"", ""sel_7th_pre_req_pre"": ""0"", ""sel_7th_pre_req"": ""1537"", ""sel_7th_pre_bid"": ""-5680"", ""sel_6th_pre_req_pre"": ""0"", ""sel_6th_pre_req"": ""1281"", ""sel_6th_pre_bid"": ""-5670"", ""sel_5th_pre_req_pre"": ""0"", ""sel_5th_pre_req"": ""109"", ""sel_5th_pre_bid"": ""-5660"", ""sel_4th_pre_req_pre"": ""0"", ""sel_4th_pre_req"": ""5770"", ""sel_4th_pre_bid"": ""-5650"", ""sel_3th_pre_req_pre"": ""0"", ""sel_3th_pre_req"": ""3008"", ""sel_3th_pre_bid"": ""-5640"", ""sel_2th_pre_req_pre"": ""0"", ""sel_2th_pre_req"": ""315"", ""sel_2th_pre_bid"": ""-5630"", ""sel_1th_pre_req_pre"": ""0"", ""sel_fpr_req"": ""51"", ""sel_fpr_bid"": ""-5620"", ""buy_fpr_bid"": ""-5610"", ""buy_fpr_req"": ""1779"", ""buy_1th_pre_req_pre"": ""0"", ""buy_2th_pre_bid"": ""-5600"", ""buy_2th_pre_req"": ""3316"", ""buy_2th_pre_req_pre"": ""0"", ""buy_3th_pre_bid"": ""-5590"", ""buy_3th_pre_req"": ""2213"", ""buy_3th_pre_req_pre"": ""0"", ""buy_4th_pre_bid"": ""-5580"", ""buy_4th_pre_req"": ""1687"", ""buy_4th_pre_req_pre"": ""0"", ""buy_5th_pre_bid"": ""-5570"", ""buy_5th_pre_req"": ""772"", ""buy_5th_pre_req_pre"": ""0"", ""buy_6th_pre_bid"": ""-5560"", ""buy_6th_pre_req"": ""2640"", ""buy_6th_pre_req_pre"": ""0"", ""buy_7th_pre_bid"": ""-5550"", ""buy_7th_pre_req"": ""1161"", ""buy_7th_pre_req_pre"": ""0"", ""buy_8th_pre_bid"": ""-5540"", ""buy_8th_pre_req"": ""2386"", ""buy_8th_pre_req_pre"": ""0"", ""buy_9th_pre_bid"": ""-5530"", ""buy_9th_pre_req"": ""9512"", ""buy_9th_pre_req_pre"": ""0"", ""buy_10th_pre_bid"": ""-5520"", ""buy_10th_pre_req"": ""3513"", ""buy_10th_pre_req_pre"": ""0"", ""tot_sel_req_jub_pre"": ""0"", ""tot_sel_req"": ""23816"", ""tot_buy_req"": ""28979"", ""tot_buy_req_jub_pre"": ""0"", ""ovt_sel_req_pre"": ""0"", ""ovt_sel_req"": ""0"", ""ovt_buy_req"": ""0"", ""ovt_buy_req_pre"": ""0"", ""return_code"": 0, ""return_msg"": ""정상적으로 처리되었습니다""}"
2026-06-10,watchlist,307950,,0,filtered_candidate_recheck,695000,,695000,694000,695000,696000,0.0,0.14388489208633093,,,,,,"{""bid_req_base_tm"": ""113438"", ""sel_10th_pre_req_pre"": ""0"", ""sel_10th_pre_req"": ""18"", ""sel_10th_pre_bid"": ""+704000"", ""sel_9th_pre_req_pre"": ""0"", ""sel_9th_pre_req"": ""26"", ""sel_9th_pre_bid"": ""+703000"", ""sel_8th_pre_req_pre"": ""0"", ""sel_8th_pre_req"": ""11"", ""sel_8th_pre_bid"": ""+702000"", ""sel_7th_pre_req_pre"": ""0"", ""sel_7th_pre_req"": ""17"", ""sel_7th_pre_bid"": ""+701000"", ""sel_6th_pre_req_pre"": ""0"", ""sel_6th_pre_req"": ""41"", ""sel_6th_pre_bid"": ""+700000"", ""sel_5th_pre_req_pre"": ""0"", ""sel_5th_pre_req"": ""58"", ""sel_5th_pre_bid"": ""+699000"", ""sel_4th_pre_req_pre"": ""0"", ""sel_4th_pre_req"": ""40"", ""sel_4th_pre_bid"": ""+698000"", ""sel_3th_pre_req_pre"": ""0"", ""sel_3th_pre_req"": ""23"", ""sel_3th_pre_bid"": ""+697000"", ""sel_2th_pre_req_pre"": ""0"", ""sel_2th_pre_req"": ""4"", ""sel_2th_pre_bid"": ""+696000"", ""sel_1th_pre_req_pre"": ""0"", ""sel_fpr_req"": ""28"", ""sel_fpr_bid"": ""+695000"", ""buy_fpr_bid"": ""+694000"", ""buy_fpr_req"": ""7"", ""buy_1th_pre_req_pre"": ""0"", ""buy_2th_pre_bid"": ""+693000"", ""buy_2th_pre_req"": ""85"", ""buy_2th_pre_req_pre"": ""0"", ""buy_3th_pre_bid"": ""+692000"", ""buy_3th_pre_req"": ""55"", ""buy_3th_pre_req_pre"": ""0"", ""buy_4th_pre_bid"": ""+691000"", ""buy_4th_pre_req"": ""23"", ""buy_4th_pre_req_pre"": ""0"", ""buy_5th_pre_bid"": ""+690000"", ""buy_5th_pre_req"": ""28"", ""buy_5th_pre_req_pre"": ""0"", ""buy_6th_pre_bid"": ""+689000"", ""buy_6th_pre_req"": ""45"", ""buy_6th_pre_req_pre"": ""0"", ""buy_7th_pre_bid"": ""+688000"", ""buy_7th_pre_req"": ""89"", ""buy_7th_pre_req_pre"": ""+3"", ""buy_8th_pre_bid"": ""687000"", ""buy_8th_pre_req"": ""184"", ""buy_8th_pre_req_pre"": ""0"", ""buy_9th_pre_bid"": ""-686000"", ""buy_9th_pre_req"": ""130"", ""buy_9th_pre_req_pre"": ""0"", ""buy_10th_pre_bid"": ""-685000"", ""buy_10th_pre_req"": ""345"", ""buy_10th_pre_req_pre"": ""0"", ""tot_sel_req_jub_pre"": ""0"", ""tot_sel_req"": ""266"", ""tot_buy_req"": ""991"", ""tot_buy_req_jub_pre"": ""+3"", ""ovt_sel_req_pre"": ""0"", ""ovt_sel_req"": ""0"", ""ovt_buy_req"": ""0"", ""ovt_buy_req_pre"": ""0"", ""return_code"": 0, ""return_msg"": ""정상적으로 처리되었습니다""}"
2026-06-10,watchlist,114090,,0,filtered_candidate_recheck,12090,,12090,12070,12090,12000,-1.1579818031430935,0.1654259718775848,,,,,,"{""bid_req_base_tm"": ""113437"", ""sel_10th_pre_req_pre"": ""0"", ""sel_10th_pre_req"": ""331"", ""sel_10th_pre_bid"": ""+12180"", ""sel_9th_pre_req_pre"": ""0"", ""sel_9th_pre_req"": ""1711"", ""sel_9th_pre_bid"": ""+12170"", ""sel_8th_pre_req_pre"": ""0"", ""sel_8th_pre_req"": ""1010"", ""sel_8th_pre_bid"": ""+12160"", ""sel_7th_pre_req_pre"": ""0"", ""sel_7th_pre_req"": ""597"", ""sel_7th_pre_bid"": ""+12150"", ""sel_6th_pre_req_pre"": ""0"", ""sel_6th_pre_req"": ""1432"", ""sel_6th_pre_bid"": ""+12140"", ""sel_5th_pre_req_pre"": ""0"", ""sel_5th_pre_req"": ""353"", ""sel_5th_pre_bid"": ""+12130"", ""sel_4th_pre_req_pre"": ""0"", ""sel_4th_pre_req"": ""11"", ""sel_4th_pre_bid"": ""+12120"", ""sel_3th_pre_req_pre"": ""0"", ""sel_3th_pre_req"": ""383"", ""sel_3th_pre_bid"": ""+12110"", ""sel_2th_pre_req_pre"": ""--8"", ""sel_2th_pre_req"": ""2597"", ""sel_2th_pre_bid"": ""+12100"", ""sel_1th_pre_req_pre"": ""0"", ""sel_fpr_req"": ""968"", ""sel_fpr_bid"": ""+12090"", ""buy_fpr_bid"": ""+12070"", ""buy_fpr_req"": ""284"", ""buy_1th_pre_req_pre"": ""0"", ""buy_2th_pre_bid"": ""+12060"", ""buy_2th_pre_req"": ""177"", ""buy_2th_pre_req_pre"": ""0"", ""buy_3th_pre_bid"": ""+12050"", ""buy_3th_pre_req"": ""500"", ""buy_3th_pre_req_pre"": ""0"", ""buy_4th_pre_bid"": ""+12020"", ""buy_4th_pre_req"": ""20"", ""buy_4th_pre_req_pre"": ""0"", ""buy_5th_pre_bid"": ""+12010"", ""buy_5th_pre_req"": ""205"", ""buy_5th_pre_req_pre"": ""0"", ""buy_6th_pre_bid"": ""+12000"", ""buy_6th_pre_req"": ""570"", ""buy_6th_pre_req_pre"": ""0"", ""buy_7th_pre_bid"": ""+11990"", ""buy_7th_pre_req"": ""100"", ""buy_7th_pre_req_pre"": ""0"", ""buy_8th_pre_bid"": ""+11980"", ""buy_8th_pre_req"": ""203"", ""buy_8th_pre_req_pre"": ""0"", ""buy_9th_pre_bid"": ""+11970"", ""buy_9th_pre_req"": ""56"", ""buy_9th_pre_req_pre"": ""0"", ""buy_10th_pre_bid"": ""+11960"", ""buy_10th_pre_req"": ""60"", ""buy_10th_pre_req_pre"": ""0"", ""tot_sel_req_jub_pre"": ""--8"", ""tot_sel_req"": ""9393"", ""tot_buy_req"": ""2175"", ""tot_buy_req_jub_pre"": ""0"", ""ovt_sel_req_pre"": ""0"", ""ovt_sel_req"": ""0"", ""ovt_buy_req"": ""0"", ""ovt_buy_req_pre"": ""0"", ""return_code"": 0, ""return_msg"": ""정상적으로 처리되었습니다""}"
2026-06-10,watchlist,281820,,1,filtered_candidate_recheck,65800,,65800,65700,65800,66400,0.7598784194528876,0.1519756838905775,,,,,,"{""bid_req_base_tm"": ""113438"", ""sel_10th_pre_req_pre"": ""0"", ""sel_10th_pre_req"": ""2"", ""sel_10th_pre_bid"": ""+67200"", ""sel_9th_pre_req_pre"": ""0"", ""sel_9th_pre_req"": ""7"", ""sel_9th_pre_bid"": ""+67100"", ""sel_8th_pre_req_pre"": ""0"", ""sel_8th_pre_req"": ""2"", ""sel_8th_pre_bid"": ""+66900"", ""sel_7th_pre_req_pre"": ""0"", ""sel_7th_pre_req"": ""26"", ""sel_7th_pre_bid"": ""+66800"", ""sel_6th_pre_req_pre"": ""0"", ""sel_6th_pre_req"": ""2"", ""sel_6th_pre_bid"": ""+66700"", ""sel_5th_pre_req_pre"": ""0"", ""sel_5th_pre_req"": ""35"", ""sel_5th_pre_bid"": ""66400"", ""sel_4th_pre_req_pre"": ""0"", ""sel_4th_pre_req"": ""1"", ""sel_4th_pre_bid"": ""-66100"", ""sel_3th_pre_req_pre"": ""0"", ""sel_3th_pre_req"": ""1"", ""sel_3th_pre_bid"": ""-66000"", ""sel_2th_pre_req_pre"": ""0"", ""sel_2th_pre_req"": ""9"", ""sel_2th_pre_bid"": ""-65900"", ""sel_1th_pre_req_pre"": ""--1"", ""sel_fpr_req"": ""144"", ""sel_fpr_bid"": ""-65800"", ""buy_fpr_bid"": ""-65700"", ""buy_fpr_req"": ""149"", ""buy_1th_pre_req_pre"": ""0"", ""buy_2th_pre_bid"": ""-65600"", ""buy_2th_pre_req"": ""105"", ""buy_2th_pre_req_pre"": ""0"", ""buy_3th_pre_bid"": ""-65500"", ""buy_3th_pre_req"": ""153"", ""buy_3th_pre_req_pre"": ""0"", ""buy_4th_pre_bid"": ""-65400"", ""buy_4th_pre_req"": ""71"", ""buy_4th_pre_req_pre"": ""0"", ""buy_5th_pre_bid"": ""-65300"", ""buy_5th_pre_req"": ""7"", ""buy_5th_pre_req_pre"": ""0"", ""buy_6th_pre_bid"": ""-65200"", ""buy_6th_pre_req"": ""68"", ""buy_6th_pre_req_pre"": ""0"", ""buy_7th_pre_bid"": ""-65100"", ""buy_7th_pre_req"": ""142"", ""buy_7th_pre_req_pre"": ""0"", ""buy_8th_pre_bid"": ""-65000"", ""buy_8th_pre_req"": ""891"", ""buy_8th_pre_req_pre"": ""0"", ""buy_9th_pre_bid"": ""-64900"", ""buy_9th_pre_req"": ""139"", ""buy_9th_pre_req_pre"": ""0"", ""buy_10th_pre_bid"": ""-64800"", ""buy_10th_pre_req"": ""28"", ""buy_10th_pre_req_pre"": ""0"", ""tot_sel_req_jub_pre"": ""--1"", ""tot_sel_req"": ""229"", ""tot_buy_req"": ""1753"", ""tot_buy_req_jub_pre"": ""0"", ""ovt_sel_req_pre"": ""0"", ""ovt_sel_req"": ""0"", ""ovt_buy_req"": ""0"", ""ovt_buy_req_pre"": ""0"", ""return_code"": 0, ""return_msg"": ""정상적으로 처리되었습니다""}"
2026-06-10,watchlist,489790,,0,filtered_candidate_recheck,66900,,66900,66800,66900,67000,0.0,0.14947683109118087,,,,,,"{""bid_req_base_tm"": ""113439"", ""sel_10th_pre_req_pre"": ""0"", ""sel_10th_pre_req"": ""38"", ""sel_10th_pre_bid"": ""+68000"", ""sel_9th_pre_req_pre"": ""0"", ""sel_9th_pre_req"": ""119"", ""sel_9th_pre_bid"": ""+67900"", ""sel_8th_pre_req_pre"": ""0"", ""sel_8th_pre_req"": ""1352"", ""sel_8th_pre_bid"": ""+67800"", ""sel_7th_pre_req_pre"": ""0"", ""sel_7th_pre_req"": ""146"", ""sel_7th_pre_bid"": ""+67700"", ""sel_6th_pre_req_pre"": ""0"", ""sel_6th_pre_req"": ""496"", ""sel_6th_pre_bid"": ""+67500"", ""sel_5th_pre_req_pre"": ""0"", ""sel_5th_pre_req"": ""16"", ""sel_5th_pre_bid"": ""+67400"", ""sel_4th_pre_req_pre"": ""0"", ""sel_4th_pre_req"": ""2"", ""sel_4th_pre_bid"": ""+67300"", ""sel_3th_pre_req_pre"": ""0"", ""sel_3th_pre_req"": ""36"", ""sel_3th_pre_bid"": ""+67200"", ""sel_2th_pre_req_pre"": ""0"", ""sel_2th_pre_req"": ""29"", ""sel_2th_pre_bid"": ""+67000"", ""sel_1th_pre_req_pre"": ""+1"", ""sel_fpr_req"": ""12"", ""sel_fpr_bid"": ""+66900"", ""buy_fpr_bid"": ""+66800"", ""buy_fpr_req"": ""339"", ""buy_1th_pre_req_pre"": ""0"", ""buy_2th_pre_bid"": ""+66700"", ""buy_2th_pre_req"": ""106"", ""buy_2th_pre_req_pre"": ""0"", ""buy_3th_pre_bid"": ""+66600"", ""buy_3th_pre_req"": ""34"", ""buy_3th_pre_req_pre"": ""0"", ""buy_4th_pre_bid"": ""66500"", ""buy_4th_pre_req"": ""138"", ""buy_4th_pre_req_pre"": ""0"", ""buy_5th_pre_bid"": ""-66400"", ""buy_5th_pre_req"": ""142"", ""buy_5th_pre_req_pre"": ""0"", ""buy_6th_pre_bid"": ""-66300"", ""buy_6th_pre_req"": ""102"", ""buy_6th_pre_req_pre"": ""0"", ""buy_7th_pre_bid"": ""-66200"", ""buy_7th_pre_req"": ""96"", ""buy_7th_pre_req_pre"": ""0"", ""buy_8th_pre_bid"": ""-66100"", ""buy_8th_pre_req"": ""536"", ""buy_8th_pre_req_pre"": ""0"", ""buy_9th_pre_bid"": ""-66000"", ""buy_9th_pre_req"": ""835"", ""buy_9th_pre_req_pre"": ""0"", ""buy_10th_pre_bid"": ""-65900"", ""buy_10th_pre_req"": ""98"", ""buy_10th_pre_req_pre"": ""0"", ""tot_sel_req_jub_pre"": ""+1"", ""tot_sel_req"": ""2246"", ""tot_buy_req"": ""2426"", ""tot_buy_req_jub_pre"": ""0"", ""ovt_sel_req_pre"": ""0"", ""ovt_sel_req"": ""0"", ""ovt_buy_req"": ""0"", ""ovt_buy_req_pre"": ""0"", ""return_code"": 0, ""return_msg"": ""정상적으로 처리되었습니다""}"
2026-06-10,watchlist,092200,,0,filtered_candidate_recheck,9480,,9480,9470,9480,9510,0.21097046413502107,0.10548523206751054,,,,,,"{""bid_req_base_tm"": ""113439"", ""sel_10th_pre_req_pre"": ""0"", ""sel_10th_pre_req"": ""482"", ""sel_10th_pre_bid"": ""-9570"", ""sel_9th_pre_req_pre"": ""0"", ""sel_9th_pre_req"": ""281"", ""sel_9th_pre_bid"": ""-9560"", ""sel_8th_pre_req_pre"": ""0"", ""sel_8th_pre_req"": ""249"", ""sel_8th_pre_bid"": ""-9550"", ""sel_7th_pre_req_pre"": ""0"", ""sel_7th_pre_req"": ""65"", ""sel_7th_pre_bid"": ""-9540"", ""sel_6th_pre_req_pre"": ""0"", ""sel_6th_pre_req"": ""16"", ""sel_6th_pre_bid"": ""-9530"", ""sel_5th_pre_req_pre"": ""0"", ""sel_5th_pre_req"": ""265"", ""sel_5th_pre_bid"": ""-9520"", ""sel_4th_pre_req_pre"": ""0"", ""sel_4th_pre_req"": ""21"", ""sel_4th_pre_bid"": ""-9510"", ""sel_3th_pre_req_pre"": ""0"", ""sel_3th_pre_req"": ""728"", ""sel_3th_pre_bid"": ""-9500"", ""sel_2th_pre_req_pre"": ""0"", ""sel_2th_pre_req"": ""189"", ""sel_2th_pre_bid"": ""-9490"", ""sel_1th_pre_req_pre"": ""0"", ""sel_fpr_req"": ""324"", ""sel_fpr_bid"": ""-9480"", ""buy_fpr_bid"": ""-9470"", ""buy_fpr_req"": ""564"", ""buy_1th_pre_req_pre"": ""0"", ""buy_2th_pre_bid"": ""-9460"", ""buy_2th_pre_req"": ""686"", ""buy_2th_pre_req_pre"": ""0"", ""buy_3th_pre_bid"": ""-9450"", ""buy_3th_pre_req"": ""3083"", ""buy_3th_pre_req_pre"": ""0"", ""buy_4th_pre_bid"": ""-9440"", ""buy_4th_pre_req"": ""1373"", ""buy_4th_pre_req_pre"": ""0"", ""buy_5th_pre_bid"": ""-9430"", ""buy_5th_pre_req"": ""1284"", ""buy_5th_pre_req_pre"": ""0"", ""buy_6th_pre_bid"": ""-9420"", ""buy_6th_pre_req"": ""539"", ""buy_6th_pre_req_pre"": ""0"", ""buy_7th_pre_bid"": ""-9410"", ""buy_7th_pre_req"": ""331"", ""buy_7th_pre_req_pre"": ""0"", ""buy_8th_pre_bid"": ""-9400"", ""buy_8th_pre_req"": ""1266"", ""buy_8th_pre_req_pre"": ""+106"", ""buy_9th_pre_bid"": ""-9390"", ""buy_9th_pre_req"": ""1464"", ""buy_9th_pre_req_pre"": ""0"", ""buy_10th_pre_bid"": ""-9380"", ""buy_10th_pre_req"": ""816"", ""buy_10th_pre_req_pre"": ""0"", ""tot_sel_req_jub_pre"": ""0"", ""tot_sel_req"": ""2620"", ""tot_buy_req"": ""11406"", ""tot_buy_req_jub_pre"": ""+106"", ""ovt_sel_req_pre"": ""0"", ""ovt_sel_req"": ""0"", ""ovt_buy_req"": ""0"", ""ovt_buy_req_pre"": ""0"", ""return_code"": 0, ""return_msg"": ""정상적으로 처리되었습니다""}"
2026-06-10,watchlist,175330,,1,filtered_candidate_recheck,25500,,25500,25450,25500,25650,0.39215686274509803,0.19607843137254902,,,,,,"{""bid_req_base_tm"": ""113439"", ""sel_10th_pre_req_pre"": ""0"", ""sel_10th_pre_req"": ""143"", ""sel_10th_pre_bid"": ""+25950"", ""sel_9th_pre_req_pre"": ""0"", ""sel_9th_pre_req"": ""563"", ""sel_9th_pre_bid"": ""25900"", ""sel_8th_pre_req_pre"": ""0"", ""sel_8th_pre_req"": ""470"", ""sel_8th_pre_bid"": ""-25850"", ""sel_7th_pre_req_pre"": ""0"", ""sel_7th_pre_req"": ""43"", ""sel_7th_pre_bid"": ""-25800"", ""sel_6th_pre_req_pre"": ""0"", ""sel_6th_pre_req"": ""101"", ""sel_6th_pre_bid"": ""-25750"", ""sel_5th_pre_req_pre"": ""0"", ""sel_5th_pre_req"": ""85"", ""sel_5th_pre_bid"": ""-25700"", ""sel_4th_pre_req_pre"": ""0"", ""sel_4th_pre_req"": ""177"", ""sel_4th_pre_bid"": ""-25650"", ""sel_3th_pre_req_pre"": ""0"", ""sel_3th_pre_req"": ""483"", ""sel_3th_pre_bid"": ""-25600"", ""sel_2th_pre_req_pre"": ""0"", ""sel_2th_pre_req"": ""780"", ""sel_2th_pre_bid"": ""-25550"", ""sel_1th_pre_req_pre"": ""0"", ""sel_fpr_req"": ""1904"", ""sel_fpr_bid"": ""-25500"", ""buy_fpr_bid"": ""-25450"", ""buy_fpr_req"": ""2301"", ""buy_1th_pre_req_pre"": ""--1"", ""buy_2th_pre_bid"": ""-25400"", ""buy_2th_pre_req"": ""2671"", ""buy_2th_pre_req_pre"": ""0"", ""buy_3th_pre_bid"": ""-25350"", ""buy_3th_pre_req"": ""420"", ""buy_3th_pre_req_pre"": ""0"", ""buy_4th_pre_bid"": ""-25300"", ""buy_4th_pre_req"": ""371"", ""buy_4th_pre_req_pre"": ""0"", ""buy_5th_pre_bid"": ""-25250"", ""buy_5th_pre_req"": ""489"", ""buy_5th_pre_req_pre"": ""0"", ""buy_6th_pre_bid"": ""-25200"", ""buy_6th_pre_req"": ""380"", ""buy_6th_pre_req_pre"": ""0"", ""buy_7th_pre_bid"": ""-25150"", ""buy_7th_pre_req"": ""839"", ""buy_7th_pre_req_pre"": ""0"", ""buy_8th_pre_bid"": ""-25100"", ""buy_8th_pre_req"": ""541"", ""buy_8th_pre_req_pre"": ""0"", ""buy_9th_pre_bid"": ""-25050"", ""buy_9th_pre_req"": ""618"", ""buy_9th_pre_req_pre"": ""0"", ""buy_10th_pre_bid"": ""-25000"", ""buy_10th_pre_req"": ""708"", ""buy_10th_pre_req_pre"": ""0"", ""tot_sel_req_jub_pre"": ""0"", ""tot_sel_req"": ""4749"", ""tot_buy_req"": ""9338"", ""tot_buy_req_jub_pre"": ""--1"", ""ovt_sel_req_pre"": ""0"", ""ovt_sel_req"": ""0"", ""ovt_buy_req"": ""0"", ""ovt_buy_req_pre"": ""0"", ""return_code"": 0, ""return_msg"": ""정상적으로 처리되었습니다""}"
2026-06-10,watchlist,069960,,0,filtered_candidate_recheck,173700,,173700,173400,173700,173500,-0.40299366724237184,0.17271157167530224,,,,,,"{""bid_req_base_tm"": ""113439"", ""sel_10th_pre_req_pre"": ""0"", ""sel_10th_pre_req"": ""5"", ""sel_10th_pre_bid"": ""+174800"", ""sel_9th_pre_req_pre"": ""0"", ""sel_9th_pre_req"": ""1"", ""sel_9th_pre_bid"": ""+174600"", ""sel_8th_pre_req_pre"": ""0"", ""sel_8th_pre_req"": ""12"", ""sel_8th_pre_bid"": ""+174500"", ""sel_7th_pre_req_pre"": ""0"", ""sel_7th_pre_req"": ""30"", ""sel_7th_pre_bid"": ""+174300"", ""sel_6th_pre_req_pre"": ""0"", ""sel_6th_pre_req"": ""42"", ""sel_6th_pre_bid"": ""+174200"", ""sel_5th_pre_req_pre"": ""0"", ""sel_5th_pre_req"": ""16"", ""sel_5th_pre_bid"": ""+174100"", ""sel_4th_pre_req_pre"": ""0"", ""sel_4th_pre_req"": ""37"", ""sel_4th_pre_bid"": ""+174000"", ""sel_3th_pre_req_pre"": ""0"", ""sel_3th_pre_req"": ""22"", ""sel_3th_pre_bid"": ""+173900"", ""sel_2th_pre_req_pre"": ""0"", ""sel_2th_pre_req"": ""19"", ""sel_2th_pre_bid"": ""+173800"", ""sel_1th_pre_req_pre"": ""0"", ""sel_fpr_req"": ""17"", ""sel_fpr_bid"": ""+173700"", ""buy_fpr_bid"": ""+173400"", ""buy_fpr_req"": ""23"", ""buy_1th_pre_req_pre"": ""--1"", ""buy_2th_pre_bid"": ""+173300"", ""buy_2th_pre_req"": ""36"", ""buy_2th_pre_req_pre"": ""0"", ""buy_3th_pre_bid"": ""+173200"", ""buy_3th_pre_req"": ""124"", ""buy_3th_pre_req_pre"": ""0"", ""buy_4th_pre_bid"": ""+173100"", ""buy_4th_pre_req"": ""33"", ""buy_4th_pre_req_pre"": ""0"", ""buy_5th_pre_bid"": ""+173000"", ""buy_5th_pre_req"": ""41"", ""buy_5th_pre_req_pre"": ""0"", ""buy_6th_pre_bid"": ""+172700"", ""buy_6th_pre_req"": ""2"", ""buy_6th_pre_req_pre"": ""0"", ""buy_7th_pre_bid"": ""+172600"", ""buy_7th_pre_req"": ""10"", ""buy_7th_pre_req_pre"": ""0"", ""buy_8th_pre_bid"": ""+172500"", ""buy_8th_pre_req"": ""12"", ""buy_8th_pre_req_pre"": ""0"", ""buy_9th_pre_bid"": ""+172200"", ""buy_9th_pre_req"": ""7"", ""buy_9th_pre_req_pre"": ""0"", ""buy_10th_pre_bid"": ""+172100"", ""buy_10th_pre_req"": ""1"", ""buy_10th_pre_req_pre"": ""0"", ""tot_sel_req_jub_pre"": ""0"", ""tot_sel_req"": ""201"", ""tot_buy_req"": ""289"", ""tot_buy_req_jub_pre"": ""--1"", ""ovt_sel_req_pre"": ""0"", ""ovt_sel_req"": ""0"", ""ovt_buy_req"": ""0"", ""ovt_buy_req_pre"": ""0"", ""return_code"": 0, ""return_msg"": ""정상적으로 처리되었습니다""}"
2026-06-10,watchlist,001450,,0,filtered_candidate_recheck,37600,,37600,37500,37600,37600,-0.13297872340425532,0.26595744680851063,,,,,,"{""bid_req_base_tm"": ""113437"", ""sel_10th_pre_req_pre"": ""0"", ""sel_10th_pre_req"": ""203"", ""sel_10th_pre_bid"": ""+38050"", ""sel_9th_pre_req_pre"": ""0"", ""sel_9th_pre_req"": ""565"", ""sel_9th_pre_bid"": ""+38000"", ""sel_8th_pre_req_pre"": ""0"", ""sel_8th_pre_req"": ""141"", ""sel_8th_pre_bid"": ""+37950"", ""sel_7th_pre_req_pre"": ""0"", ""sel_7th_pre_req"": ""223"", ""sel_7th_pre_bid"": ""+37900"", ""sel_6th_pre_req_pre"": ""0"", ""sel_6th_pre_req"": ""449"", ""sel_6th_pre_bid"": ""+37850"", ""sel_5th_pre_req_pre"": ""0"", ""sel_5th_pre_req"": ""501"", ""sel_5th_pre_bid"": ""+37800"", ""sel_4th_pre_req_pre"": ""0"", ""sel_4th_pre_req"": ""645"", ""sel_4th_pre_bid"": ""+37750"", ""sel_3th_pre_req_pre"": ""0"", ""sel_3th_pre_req"": ""97"", ""sel_3th_pre_bid"": ""+37700"", ""sel_2th_pre_req_pre"": ""--11"", ""sel_2th_pre_req"": ""140"", ""sel_2th_pre_bid"": ""+37650"", ""sel_1th_pre_req_pre"": ""0"", ""sel_fpr_req"": ""393"", ""sel_fpr_bid"": ""+37600"", ""buy_fpr_bid"": ""+37500"", ""buy_fpr_req"": ""166"", ""buy_1th_pre_req_pre"": ""0"", ""buy_2th_pre_bid"": ""+37450"", ""buy_2th_pre_req"": ""812"", ""buy_2th_pre_req_pre"": ""0"", ""buy_3th_pre_bid"": ""+37400"", ""buy_3th_pre_req"": ""390"", ""buy_3th_pre_req_pre"": ""0"", ""buy_4th_pre_bid"": ""+37350"", ""buy_4th_pre_req"": ""598"", ""buy_4th_pre_req_pre"": ""0"", ""buy_5th_pre_bid"": ""+37300"", ""buy_5th_pre_req"": ""384"", ""buy_5th_pre_req_pre"": ""0"", ""buy_6th_pre_bid"": ""+37250"", ""buy_6th_pre_req"": ""213"", ""buy_6th_pre_req_pre"": ""0"", ""buy_7th_pre_bid"": ""+37200"", ""buy_7th_pre_req"": ""491"", ""buy_7th_pre_req_pre"": ""0"", ""buy_8th_pre_bid"": ""+37150"", ""buy_8th_pre_req"": ""542"", ""buy_8th_pre_req_pre"": ""0"", ""buy_9th_pre_bid"": ""+37100"", ""buy_9th_pre_req"": ""670"", ""buy_9th_pre_req_pre"": ""0"", ""buy_10th_pre_bid"": ""+37050"", ""buy_10th_pre_req"": ""2824"", ""buy_10th_pre_req_pre"": ""0"", ""tot_sel_req_jub_pre"": ""--11"", ""tot_sel_req"": ""3357"", ""tot_buy_req"": ""7090"", ""tot_buy_req_jub_pre"": ""0"", ""ovt_sel_req_pre"": ""0"", ""ovt_sel_req"": ""0"", ""ovt_buy_req"": ""0"", ""ovt_buy_req_pre"": ""0"", ""return_code"": 0, ""return_msg"": ""정상적으로 처리되었습니다""}"
2026-06-10,watchlist,011070,,0,filtered_candidate_recheck,1125000,,1125000,1124000,1125000,1129000,0.26666666666666666,0.08888888888888889,,,,,,"{""bid_req_base_tm"": ""113440"", ""sel_10th_pre_req_pre"": ""0"", ""sel_10th_pre_req"": ""28"", ""sel_10th_pre_bid"": ""-1135000"", ""sel_9th_pre_req_pre"": ""0"", ""sel_9th_pre_req"": ""20"", ""sel_9th_pre_bid"": ""-1134000"", ""sel_8th_pre_req_pre"": ""0"", ""sel_8th_pre_req"": ""8"", ""sel_8th_pre_bid"": ""-1133000"", ""sel_7th_pre_req_pre"": ""0"", ""sel_7th_pre_req"": ""17"", ""sel_7th_pre_bid"": ""-1132000"", ""sel_6th_pre_req_pre"": ""0"", ""sel_6th_pre_req"": ""38"", ""sel_6th_pre_bid"": ""-1131000"", ""sel_5th_pre_req_pre"": ""0"", ""sel_5th_pre_req"": ""11"", ""sel_5th_pre_bid"": ""-1130000"", ""sel_4th_pre_req_pre"": ""0"", ""sel_4th_pre_req"": ""8"", ""sel_4th_pre_bid"": ""-1129000"", ""sel_3th_pre_req_pre"": ""0"", ""sel_3th_pre_req"": ""2"", ""sel_3th_pre_bid"": ""-1127000"", ""sel_2th_pre_req_pre"": ""0"", ""sel_2th_pre_req"": ""30"", ""sel_2th_pre_bid"": ""-1126000"", ""sel_1th_pre_req_pre"": ""0"", ""sel_fpr_req"": ""12"", ""sel_fpr_bid"": ""-1125000"", ""buy_fpr_bid"": ""-1124000"", ""buy_fpr_req"": ""66"", ""buy_1th_pre_req_pre"": ""0"", ""buy_2th_pre_bid"": ""-1123000"", ""buy_2th_pre_req"": ""411"", ""buy_2th_pre_req_pre"": ""0"", ""buy_3th_pre_bid"": ""-1122000"", ""buy_3th_pre_req"": ""20"", ""buy_3th_pre_req_pre"": ""0"", ""buy_4th_pre_bid"": ""-1121000"", ""buy_4th_pre_req"": ""11"", ""buy_4th_pre_req_pre"": ""0"", ""buy_5th_pre_bid"": ""-1120000"", ""buy_5th_pre_req"": ""34"", ""buy_5th_pre_req_pre"": ""0"", ""buy_6th_pre_bid"": ""-1119000"", ""buy_6th_pre_req"": ""25"", ""buy_6th_pre_req_pre"": ""0"", ""buy_7th_pre_bid"": ""-1118000"", ""buy_7th_pre_req"": ""37"", ""buy_7th_pre_req_pre"": ""0"", ""buy_8th_pre_bid"": ""-1117000"", ""buy_8th_pre_req"": ""157"", ""buy_8th_pre_req_pre"": ""0"", ""buy_9th_pre_bid"": ""-1116000"", ""buy_9th_pre_req"": ""100"", ""buy_9th_pre_req_pre"": ""0"", ""buy_10th_pre_bid"": ""-1115000"", ""buy_10th_pre_req"": ""132"", ""buy_10th_pre_req_pre"": ""0"", ""tot_sel_req_jub_pre"": ""0"", ""tot_sel_req"": ""174"", ""tot_buy_req"": ""993"", ""tot_buy_req_jub_pre"": ""0"", ""ovt_sel_req_pre"": ""0"", ""ovt_sel_req"": ""0"", ""ovt_buy_req"": ""0"", ""ovt_buy_req_pre"": ""0"", ""return_code"": 0, ""return_msg"": ""정상적으로 처리되었습니다""}"
2026-06-10,watchlist,088350,,0,filtered_candidate_recheck,4845,,4845,4840,4845,4855,0.10319917440660474,0.10319917440660474,,,,,,"{""bid_req_base_tm"": ""113439"", ""sel_10th_pre_req_pre"": ""0"", ""sel_10th_pre_req"": ""3753"", ""sel_10th_pre_bid"": ""-4890"", ""sel_9th_pre_req_pre"": ""0"", ""sel_9th_pre_req"": ""2349"", ""sel_9th_pre_bid"": ""-4885"", ""sel_8th_pre_req_pre"": ""0"", ""sel_8th_pre_req"": ""504"", ""sel_8th_pre_bid"": ""-4880"", ""sel_7th_pre_req_pre"": ""0"", ""sel_7th_pre_req"": ""574"", ""sel_7th_pre_bid"": ""-4875"", ""sel_6th_pre_req_pre"": ""0"", ""sel_6th_pre_req"": ""114"", ""sel_6th_pre_bid"": ""-4870"", ""sel_5th_pre_req_pre"": ""0"", ""sel_5th_pre_req"": ""1970"", ""sel_5th_pre_bid"": ""-4865"", ""sel_4th_pre_req_pre"": ""0"", ""sel_4th_pre_req"": ""1757"", ""sel_4th_pre_bid"": ""-4860"", ""sel_3th_pre_req_pre"": ""0"", ""sel_3th_pre_req"": ""876"", ""sel_3th_pre_bid"": ""-4855"", ""sel_2th_pre_req_pre"": ""0"", ""sel_2th_pre_req"": ""3771"", ""sel_2th_pre_bid"": ""-4850"", ""sel_1th_pre_req_pre"": ""0"", ""sel_fpr_req"": ""161"", ""sel_fpr_bid"": ""-4845"", ""buy_fpr_bid"": ""-4840"", ""buy_fpr_req"": ""3"", ""buy_1th_pre_req_pre"": ""+1"", ""buy_2th_pre_bid"": ""-4835"", ""buy_2th_pre_req"": ""3134"", ""buy_2th_pre_req_pre"": ""0"", ""buy_3th_pre_bid"": ""-4830"", ""buy_3th_pre_req"": ""3200"", ""buy_3th_pre_req_pre"": ""0"", ""buy_4th_pre_bid"": ""-4825"", ""buy_4th_pre_req"": ""3900"", ""buy_4th_pre_req_pre"": ""0"", ""buy_5th_pre_bid"": ""-4820"", ""buy_5th_pre_req"": ""6771"", ""buy_5th_pre_req_pre"": ""0"", ""buy_6th_pre_bid"": ""-4815"", ""buy_6th_pre_req"": ""26896"", ""buy_6th_pre_req_pre"": ""0"", ""buy_7th_pre_bid"": ""-4810"", ""buy_7th_pre_req"": ""10460"", ""buy_7th_pre_req_pre"": ""0"", ""buy_8th_pre_bid"": ""-4805"", ""buy_8th_pre_req"": ""13638"", ""buy_8th_pre_req_pre"": ""0"", ""buy_9th_pre_bid"": ""-4800"", ""buy_9th_pre_req"": ""18957"", ""buy_9th_pre_req_pre"": ""0"", ""buy_10th_pre_bid"": ""-4795"", ""buy_10th_pre_req"": ""13257"", ""buy_10th_pre_req_pre"": ""0"", ""tot_sel_req_jub_pre"": ""0"", ""tot_sel_req"": ""15829"", ""tot_buy_req"": ""100216"", ""tot_buy_req_jub_pre"": ""+1"", ""ovt_sel_req_pre"": ""0"", ""ovt_sel_req"": ""0"", ""ovt_buy_req"": ""0"", ""ovt_buy_req_pre"": ""0"", ""return_code"": 0, ""return_msg"": ""정상적으로 처리되었습니다""}"
2026-06-10,watchlist,195870,,0,filtered_candidate_recheck,75500,,75500,75200,75500,75600,0.0,0.3973509933774834,,,,,,"{""bid_req_base_tm"": ""113439"", ""sel_10th_pre_req_pre"": ""0"", ""sel_10th_pre_req"": ""25"", ""sel_10th_pre_bid"": ""+76400"", ""sel_9th_pre_req_pre"": ""0"", ""sel_9th_pre_req"": ""14"", ""sel_9th_pre_bid"": ""+76300"", ""sel_8th_pre_req_pre"": ""0"", ""sel_8th_pre_req"": ""70"", ""sel_8th_pre_bid"": ""+76200"", ""sel_7th_pre_req_pre"": ""0"", ""sel_7th_pre_req"": ""25"", ""sel_7th_pre_bid"": ""+76100"", ""sel_6th_pre_req_pre"": ""0"", ""sel_6th_pre_req"": ""20"", ""sel_6th_pre_bid"": ""+76000"", ""sel_5th_pre_req_pre"": ""0"", ""sel_5th_pre_req"": ""10"", ""sel_5th_pre_bid"": ""+75900"", ""sel_4th_pre_req_pre"": ""0"", ""sel_4th_pre_req"": ""11"", ""sel_4th_pre_bid"": ""+75800"", ""sel_3th_pre_req_pre"": ""0"", ""sel_3th_pre_req"": ""57"", ""sel_3th_pre_bid"": ""+75700"", ""sel_2th_pre_req_pre"": ""0"", ""sel_2th_pre_req"": ""48"", ""sel_2th_pre_bid"": ""+75600"", ""sel_1th_pre_req_pre"": ""0"", ""sel_fpr_req"": ""40"", ""sel_fpr_bid"": ""+75500"", ""buy_fpr_bid"": ""+75200"", ""buy_fpr_req"": ""58"", ""buy_1th_pre_req_pre"": ""0"", ""buy_2th_pre_bid"": ""+75100"", ""buy_2th_pre_req"": ""83"", ""buy_2th_pre_req_pre"": ""0"", ""buy_3th_pre_bid"": ""+75000"", ""buy_3th_pre_req"": ""112"", ""buy_3th_pre_req_pre"": ""0"", ""buy_4th_pre_bid"": ""+74900"", ""buy_4th_pre_req"": ""56"", ""buy_4th_pre_req_pre"": ""0"", ""buy_5th_pre_bid"": ""+74800"", ""buy_5th_pre_req"": ""134"", ""buy_5th_pre_req_pre"": ""0"", ""buy_6th_pre_bid"": ""+74700"", ""buy_6th_pre_req"": ""4"", ""buy_6th_pre_req_pre"": ""0"", ""buy_7th_pre_bid"": ""+74600"", ""buy_7th_pre_req"": ""29"", ""buy_7th_pre_req_pre"": ""0"", ""buy_8th_pre_bid"": ""+74500"", ""buy_8th_pre_req"": ""47"", ""buy_8th_pre_req_pre"": ""0"", ""buy_9th_pre_bid"": ""+74400"", ""buy_9th_pre_req"": ""24"", ""buy_9th_pre_req_pre"": ""0"", ""buy_10th_pre_bid"": ""+74300"", ""buy_10th_pre_req"": ""31"", ""buy_10th_pre_req_pre"": ""0"", ""tot_sel_req_jub_pre"": ""0"", ""tot_sel_req"": ""320"", ""tot_buy_req"": ""578"", ""tot_buy_req_jub_pre"": ""+29"", ""ovt_sel_req_pre"": ""0"", ""ovt_sel_req"": ""0"", ""ovt_buy_req"": ""0"", ""ovt_buy_req_pre"": ""0"", ""return_code"": 0, ""return_msg"": ""정상적으로 처리되었습니다""}"
2026-06-10,watchlist,042700,,0,filtered_candidate_recheck,280000,,280000,279500,280000,281000,0.17857142857142858,0.17857142857142858,,,,,,"{""bid_req_base_tm"": ""113441"", ""sel_10th_pre_req_pre"": ""0"", ""sel_10th_pre_req"": ""263"", ""sel_10th_pre_bid"": ""+284500"", ""sel_9th_pre_req_pre"": ""0"", ""sel_9th_pre_req"": ""269"", ""sel_9th_pre_bid"": ""+284000"", ""sel_8th_pre_req_pre"": ""0"", ""sel_8th_pre_req"": ""114"", ""sel_8th_pre_bid"": ""+283500"", ""sel_7th_pre_req_pre"": ""0"", ""sel_7th_pre_req"": ""252"", ""sel_7th_pre_bid"": ""+283000"", ""sel_6th_pre_req_pre"": ""0"", ""sel_6th_pre_req"": ""102"", ""sel_6th_pre_bid"": ""+282500"", ""sel_5th_pre_req_pre"": ""0"", ""sel_5th_pre_req"": ""284"", ""sel_5th_pre_bid"": ""+282000"", ""sel_4th_pre_req_pre"": ""0"", ""sel_4th_pre_req"": ""76"", ""sel_4th_pre_bid"": ""+281500"", ""sel_3th_pre_req_pre"": ""0"", ""sel_3th_pre_req"": ""21"", ""sel_3th_pre_bid"": ""+281000"", ""sel_2th_pre_req_pre"": ""--11"", ""sel_2th_pre_req"": ""419"", ""sel_2th_pre_bid"": ""+280500"", ""sel_1th_pre_req_pre"": ""+11"", ""sel_fpr_req"": ""443"", ""sel_fpr_bid"": ""+280000"", ""buy_fpr_bid"": ""+279500"", ""buy_fpr_req"": ""102"", ""buy_1th_pre_req_pre"": ""0"", ""buy_2th_pre_bid"": ""+279000"", ""buy_2th_pre_req"": ""353"", ""buy_2th_pre_req_pre"": ""0"", ""buy_3th_pre_bid"": ""+278500"", ""buy_3th_pre_req"": ""623"", ""buy_3th_pre_req_pre"": ""0"", ""buy_4th_pre_bid"": ""+278000"", ""buy_4th_pre_req"": ""923"", ""buy_4th_pre_req_pre"": ""0"", ""buy_5th_pre_bid"": ""+277500"", ""buy_5th_pre_req"": ""409"", ""buy_5th_pre_req_pre"": ""0"", ""buy_6th_pre_bid"": ""+277000"", ""buy_6th_pre_req"": ""843"", ""buy_6th_pre_req_pre"": ""0"", ""buy_7th_pre_bid"": ""276500"", ""buy_7th_pre_req"": ""865"", ""buy_7th_pre_req_pre"": ""0"", ""buy_8th_pre_bid"": ""-276000"", ""buy_8th_pre_req"": ""1941"", ""buy_8th_pre_req_pre"": ""0"", ""buy_9th_pre_bid"": ""-275500"", ""buy_9th_pre_req"": ""245"", ""buy_9th_pre_req_pre"": ""0"", ""buy_10th_pre_bid"": ""-275000"", ""buy_10th_pre_req"": ""1273"", ""buy_10th_pre_req_pre"": ""+5"", ""tot_sel_req_jub_pre"": ""0"", ""tot_sel_req"": ""2243"", ""tot_buy_req"": ""7577"", ""tot_buy_req_jub_pre"": ""+5"", ""ovt_sel_req_pre"": ""0"", ""ovt_sel_req"": ""0"", ""ovt_buy_req"": ""0"", ""ovt_buy_req_pre"": ""0"", ""return_code"": 0, ""return_msg"": ""정상적으로 처리되었습니다""}"
2026-06-10,watchlist,003160,,0,filtered_candidate_recheck,27900,,27900,27850,27900,27900,-0.17921146953405018,0.17921146953405018,,,,,,"{""bid_req_base_tm"": ""113439"", ""sel_10th_pre_req_pre"": ""0"", ""sel_10th_pre_req"": ""2070"", ""sel_10th_pre_bid"": ""+28400"", ""sel_9th_pre_req_pre"": ""0"", ""sel_9th_pre_req"": ""161"", ""sel_9th_pre_bid"": ""+28350"", ""sel_8th_pre_req_pre"": ""0"", ""sel_8th_pre_req"": ""200"", ""sel_8th_pre_bid"": ""+28300"", ""sel_7th_pre_req_pre"": ""0"", ""sel_7th_pre_req"": ""101"", ""sel_7th_pre_bid"": ""+28250"", ""sel_6th_pre_req_pre"": ""0"", ""sel_6th_pre_req"": ""111"", ""sel_6th_pre_bid"": ""+28200"", ""sel_5th_pre_req_pre"": ""0"", ""sel_5th_pre_req"": ""103"", ""sel_5th_pre_bid"": ""+28150"", ""sel_4th_pre_req_pre"": ""0"", ""sel_4th_pre_req"": ""50"", ""sel_4th_pre_bid"": ""+28100"", ""sel_3th_pre_req_pre"": ""0"", ""sel_3th_pre_req"": ""58"", ""sel_3th_pre_bid"": ""28050"", ""sel_2th_pre_req_pre"": ""0"", ""sel_2th_pre_req"": ""756"", ""sel_2th_pre_bid"": ""-28000"", ""sel_1th_pre_req_pre"": ""0"", ""sel_fpr_req"": ""10"", ""sel_fpr_bid"": ""-27900"", ""buy_fpr_bid"": ""-27850"", ""buy_fpr_req"": ""93"", ""buy_1th_pre_req_pre"": ""0"", ""buy_2th_pre_bid"": ""-27800"", ""buy_2th_pre_req"": ""255"", ""buy_2th_pre_req_pre"": ""+25"", ""buy_3th_pre_bid"": ""-27750"", ""buy_3th_pre_req"": ""62"", ""buy_3th_pre_req_pre"": ""0"", ""buy_4th_pre_bid"": ""-27700"", ""buy_4th_pre_req"": ""137"", ""buy_4th_pre_req_pre"": ""0"", ""buy_5th_pre_bid"": ""-27650"", ""buy_5th_pre_req"": ""387"", ""buy_5th_pre_req_pre"": ""0"", ""buy_6th_pre_bid"": ""-27600"", ""buy_6th_pre_req"": ""613"", ""buy_6th_pre_req_pre"": ""0"", ""buy_7th_pre_bid"": ""-27550"", ""buy_7th_pre_req"": ""300"", ""buy_7th_pre_req_pre"": ""0"", ""buy_8th_pre_bid"": ""-27500"", ""buy_8th_pre_req"": ""958"", ""buy_8th_pre_req_pre"": ""0"", ""buy_9th_pre_bid"": ""-27450"", ""buy_9th_pre_req"": ""249"", ""buy_9th_pre_req_pre"": ""0"", ""buy_10th_pre_bid"": ""-27400"", ""buy_10th_pre_req"": ""425"", ""buy_10th_pre_req_pre"": ""0"", ""tot_sel_req_jub_pre"": ""0"", ""tot_sel_req"": ""3620"", ""tot_buy_req"": ""3479"", ""tot_buy_req_jub_pre"": ""+25"", ""ovt_sel_req_pre"": ""0"", ""ovt_sel_req"": ""0"", ""ovt_buy_req"": ""0"", ""ovt_buy_req_pre"": ""0"", ""return_code"": 0, ""return_msg"": ""정상적으로 처리되었습니다""}"
2026-06-10,watchlist,005940,,1,filtered_candidate_recheck,30800,,30800,30650,30800,30950,0.3246753246753247,0.487012987012987,,,,,,"{""bid_req_base_tm"": ""113441"", ""sel_10th_pre_req_pre"": ""0"", ""sel_10th_pre_req"": ""460"", ""sel_10th_pre_bid"": ""31250"", ""sel_9th_pre_req_pre"": ""0"", ""sel_9th_pre_req"": ""409"", ""sel_9th_pre_bid"": ""-31200"", ""sel_8th_pre_req_pre"": ""0"", ""sel_8th_pre_req"": ""56"", ""sel_8th_pre_bid"": ""-31150"", ""sel_7th_pre_req_pre"": ""0"", ""sel_7th_pre_req"": ""51"", ""sel_7th_pre_bid"": ""-31100"", ""sel_6th_pre_req_pre"": ""0"", ""sel_6th_pre_req"": ""111"", ""sel_6th_pre_bid"": ""-31050"", ""sel_5th_pre_req_pre"": ""0"", ""sel_5th_pre_req"": ""291"", ""sel_5th_pre_bid"": ""-31000"", ""sel_4th_pre_req_pre"": ""0"", ""sel_4th_pre_req"": ""212"", ""sel_4th_pre_bid"": ""-30950"", ""sel_3th_pre_req_pre"": ""0"", ""sel_3th_pre_req"": ""317"", ""sel_3th_pre_bid"": ""-30900"", ""sel_2th_pre_req_pre"": ""0"", ""sel_2th_pre_req"": ""200"", ""sel_2th_pre_bid"": ""-30850"", ""sel_1th_pre_req_pre"": ""0"", ""sel_fpr_req"": ""94"", ""sel_fpr_bid"": ""-30800"", ""buy_fpr_bid"": ""-30650"", ""buy_fpr_req"": ""4612"", ""buy_1th_pre_req_pre"": ""+396"", ""buy_2th_pre_bid"": ""-30600"", ""buy_2th_pre_req"": ""378"", ""buy_2th_pre_req_pre"": ""0"", ""buy_3th_pre_bid"": ""-30550"", ""buy_3th_pre_req"": ""433"", ""buy_3th_pre_req_pre"": ""0"", ""buy_4th_pre_bid"": ""-30500"", ""buy_4th_pre_req"": ""1211"", ""buy_4th_pre_req_pre"": ""0"", ""buy_5th_pre_bid"": ""-30450"", ""buy_5th_pre_req"": ""1569"", ""buy_5th_pre_req_pre"": ""0"", ""buy_6th_pre_bid"": ""-30400"", ""buy_6th_pre_req"": ""790"", ""buy_6th_pre_req_pre"": ""0"", ""buy_7th_pre_bid"": ""-30350"", ""buy_7th_pre_req"": ""546"", ""buy_7th_pre_req_pre"": ""0"", ""buy_8th_pre_bid"": ""-30300"", ""buy_8th_pre_req"": ""3054"", ""buy_8th_pre_req_pre"": ""0"", ""buy_9th_pre_bid"": ""-30250"", ""buy_9th_pre_req"": ""232"", ""buy_9th_pre_req_pre"": ""0"", ""buy_10th_pre_bid"": ""-30200"", ""buy_10th_pre_req"": ""1499"", ""buy_10th_pre_req_pre"": ""0"", ""tot_sel_req_jub_pre"": ""0"", ""tot_sel_req"": ""2201"", ""tot_buy_req"": ""14324"", ""tot_buy_req_jub_pre"": ""+1499"", ""ovt_sel_req_pre"": ""0"", ""ovt_sel_req"": ""0"", ""ovt_buy_req"": ""0"", ""ovt_buy_req_pre"": ""0"", ""return_code"": 0, ""return_msg"": ""정상적으로 처리되었습니다""}"
2026-06-10,watchlist,120110,,0,filtered_candidate_recheck,70300,,70300,70200,70300,70500,0.1422475106685633,0.1422475106685633,,,,,,"{""bid_req_base_tm"": ""113440"", ""sel_10th_pre_req_pre"": ""0"", ""sel_10th_pre_req"": ""6"", ""sel_10th_pre_bid"": ""+71200"", ""sel_9th_pre_req_pre"": ""0"", ""sel_9th_pre_req"": ""12"", ""sel_9th_pre_bid"": ""+71100"", ""sel_8th_pre_req_pre"": ""0"", ""sel_8th_pre_req"": ""116"", ""sel_8th_pre_bid"": ""+71000"", ""sel_7th_pre_req_pre"": ""0"", ""sel_7th_pre_req"": ""5"", ""sel_7th_pre_bid"": ""+70900"", ""sel_6th_pre_req_pre"": ""0"", ""sel_6th_pre_req"": ""4"", ""sel_6th_pre_bid"": ""+70800"", ""sel_5th_pre_req_pre"": ""0"", ""sel_5th_pre_req"": ""20"", ""sel_5th_pre_bid"": ""+70700"", ""sel_4th_pre_req_pre"": ""0"", ""sel_4th_pre_req"": ""40"", ""sel_4th_pre_bid"": ""+70600"", ""sel_3th_pre_req_pre"": ""0"", ""sel_3th_pre_req"": ""43"", ""sel_3th_pre_bid"": ""+70500"", ""sel_2th_pre_req_pre"": ""0"", ""sel_2th_pre_req"": ""109"", ""sel_2th_pre_bid"": ""+70400"", ""sel_1th_pre_req_pre"": ""0"", ""sel_fpr_req"": ""256"", ""sel_fpr_bid"": ""+70300"", ""buy_fpr_bid"": ""+70200"", ""buy_fpr_req"": ""31"", ""buy_1th_pre_req_pre"": ""+8"", ""buy_2th_pre_bid"": ""+70100"", ""buy_2th_pre_req"": ""92"", ""buy_2th_pre_req_pre"": ""--10"", ""buy_3th_pre_bid"": ""+70000"", ""buy_3th_pre_req"": ""462"", ""buy_3th_pre_req_pre"": ""0"", ""buy_4th_pre_bid"": ""+69900"", ""buy_4th_pre_req"": ""135"", ""buy_4th_pre_req_pre"": ""0"", ""buy_5th_pre_bid"": ""+69700"", ""buy_5th_pre_req"": ""106"", ""buy_5th_pre_req_pre"": ""0"", ""buy_6th_pre_bid"": ""+69600"", ""buy_6th_pre_req"": ""32"", ""buy_6th_pre_req_pre"": ""0"", ""buy_7th_pre_bid"": ""+69500"", ""buy_7th_pre_req"": ""23"", ""buy_7th_pre_req_pre"": ""0"", ""buy_8th_pre_bid"": ""+69400"", ""buy_8th_pre_req"": ""103"", ""buy_8th_pre_req_pre"": ""0"", ""buy_9th_pre_bid"": ""+69300"", ""buy_9th_pre_req"": ""20"", ""buy_9th_pre_req_pre"": ""0"", ""buy_10th_pre_bid"": ""+69200"", ""buy_10th_pre_req"": ""431"", ""buy_10th_pre_req_pre"": ""0"", ""tot_sel_req_jub_pre"": ""0"", ""tot_sel_req"": ""611"", ""tot_buy_req"": ""1435"", ""tot_buy_req_jub_pre"": ""--2"", ""ovt_sel_req_pre"": ""0"", ""ovt_sel_req"": ""0"", ""ovt_buy_req"": ""0"", ""ovt_buy_req_pre"": ""0"", ""return_code"": 0, ""return_msg"": ""정상적으로 처리되었습니다""}"
2026-06-10,watchlist,375500,,0,filtered_candidate_recheck,70900,,70900,70800,70900,70700,-0.4231311706629055,0.14104372355430184,,,,,,"{""bid_req_base_tm"": ""113441"", ""sel_10th_pre_req_pre"": ""0"", ""sel_10th_pre_req"": ""202"", ""sel_10th_pre_bid"": ""+71800"", ""sel_9th_pre_req_pre"": ""0"", ""sel_9th_pre_req"": ""225"", ""sel_9th_pre_bid"": ""+71700"", ""sel_8th_pre_req_pre"": ""0"", ""sel_8th_pre_req"": ""281"", ""sel_8th_pre_bid"": ""+71600"", ""sel_7th_pre_req_pre"": ""0"", ""sel_7th_pre_req"": ""755"", ""sel_7th_pre_bid"": ""+71500"", ""sel_6th_pre_req_pre"": ""0"", ""sel_6th_pre_req"": ""562"", ""sel_6th_pre_bid"": ""+71400"", ""sel_5th_pre_req_pre"": ""0"", ""sel_5th_pre_req"": ""90"", ""sel_5th_pre_bid"": ""+71300"", ""sel_4th_pre_req_pre"": ""0"", ""sel_4th_pre_req"": ""97"", ""sel_4th_pre_bid"": ""+71200"", ""sel_3th_pre_req_pre"": ""0"", ""sel_3th_pre_req"": ""212"", ""sel_3th_pre_bid"": ""+71100"", ""sel_2th_pre_req_pre"": ""--14"", ""sel_2th_pre_req"": ""135"", ""sel_2th_pre_bid"": ""+71000"", ""sel_1th_pre_req_pre"": ""--29"", ""sel_fpr_req"": ""46"", ""sel_fpr_bid"": ""+70900"", ""buy_fpr_bid"": ""+70800"", ""buy_fpr_req"": ""293"", ""buy_1th_pre_req_pre"": ""0"", ""buy_2th_pre_bid"": ""+70700"", ""buy_2th_pre_req"": ""214"", ""buy_2th_pre_req_pre"": ""0"", ""buy_3th_pre_bid"": ""+70600"", ""buy_3th_pre_req"": ""138"", ""buy_3th_pre_req_pre"": ""0"", ""buy_4th_pre_bid"": ""+70500"", ""buy_4th_pre_req"": ""491"", ""buy_4th_pre_req_pre"": ""0"", ""buy_5th_pre_bid"": ""+70400"", ""buy_5th_pre_req"": ""179"", ""buy_5th_pre_req_pre"": ""0"", ""buy_6th_pre_bid"": ""+70300"", ""buy_6th_pre_req"": ""189"", ""buy_6th_pre_req_pre"": ""0"", ""buy_7th_pre_bid"": ""+70200"", ""buy_7th_pre_req"": ""87"", ""buy_7th_pre_req_pre"": ""0"", ""buy_8th_pre_bid"": ""+70100"", ""buy_8th_pre_req"": ""158"", ""buy_8th_pre_req_pre"": ""0"", ""buy_9th_pre_bid"": ""+70000"", ""buy_9th_pre_req"": ""134"", ""buy_9th_pre_req_pre"": ""0"", ""buy_10th_pre_bid"": ""+69900"", ""buy_10th_pre_req"": ""35"", ""buy_10th_pre_req_pre"": ""0"", ""tot_sel_req_jub_pre"": ""--43"", ""tot_sel_req"": ""2605"", ""tot_buy_req"": ""1918"", ""tot_buy_req_jub_pre"": ""0"", ""ovt_sel_req_pre"": ""0"", ""ovt_sel_req"": ""0"", ""ovt_buy_req"": ""0"", ""ovt_buy_req_pre"": ""0"", ""return_code"": 0, ""return_msg"": ""정상적으로 처리되었습니다""}"
2026-06-10,watchlist,483650,,0,filtered_candidate_recheck,205500,,205500,205000,205500,207000,0.48661800486618007,0.24330900243309003,,,,,,"{""bid_req_base_tm"": ""113441"", ""sel_10th_pre_req_pre"": ""0"", ""sel_10th_pre_req"": ""724"", ""sel_10th_pre_bid"": ""+210000"", ""sel_9th_pre_req_pre"": ""0"", ""sel_9th_pre_req"": ""760"", ""sel_9th_pre_bid"": ""+209500"", ""sel_8th_pre_req_pre"": ""0"", ""sel_8th_pre_req"": ""1467"", ""sel_8th_pre_bid"": ""+209000"", ""sel_7th_pre_req_pre"": ""0"", ""sel_7th_pre_req"": ""902"", ""sel_7th_pre_bid"": ""+208500"", ""sel_6th_pre_req_pre"": ""0"", ""sel_6th_pre_req"": ""568"", ""sel_6th_pre_bid"": ""+208000"", ""sel_5th_pre_req_pre"": ""0"", ""sel_5th_pre_req"": ""119"", ""sel_5th_pre_bid"": ""+207500"", ""sel_4th_pre_req_pre"": ""0"", ""sel_4th_pre_req"": ""171"", ""sel_4th_pre_bid"": ""+207000"", ""sel_3th_pre_req_pre"": ""0"", ""sel_3th_pre_req"": ""264"", ""sel_3th_pre_bid"": ""+206500"", ""sel_2th_pre_req_pre"": ""0"", ""sel_2th_pre_req"": ""359"", ""sel_2th_pre_bid"": ""+206000"", ""sel_1th_pre_req_pre"": ""0"", ""sel_fpr_req"": ""90"", ""sel_fpr_bid"": ""+205500"", ""buy_fpr_bid"": ""+205000"", ""buy_fpr_req"": ""398"", ""buy_1th_pre_req_pre"": ""--1"", ""buy_2th_pre_bid"": ""+204500"", ""buy_2th_pre_req"": ""193"", ""buy_2th_pre_req_pre"": ""0"", ""buy_3th_pre_bid"": ""+204000"", ""buy_3th_pre_req"": ""5477"", ""buy_3th_pre_req_pre"": ""0"", ""buy_4th_pre_bid"": ""+203500"", ""buy_4th_pre_req"": ""20"", ""buy_4th_pre_req_pre"": ""0"", ""buy_5th_pre_bid"": ""+203000"", ""buy_5th_pre_req"": ""58"", ""buy_5th_pre_req_pre"": ""0"", ""buy_6th_pre_bid"": ""+202500"", ""buy_6th_pre_req"": ""44"", ""buy_6th_pre_req_pre"": ""0"", ""buy_7th_pre_bid"": ""+202000"", ""buy_7th_pre_req"": ""45"", ""buy_7th_pre_req_pre"": ""0"", ""buy_8th_pre_bid"": ""+201500"", ""buy_8th_pre_req"": ""126"", ""buy_8th_pre_req_pre"": ""0"", ""buy_9th_pre_bid"": ""+201000"", ""buy_9th_pre_req"": ""328"", ""buy_9th_pre_req_pre"": ""0"", ""buy_10th_pre_bid"": ""+200500"", ""buy_10th_pre_req"": ""101"", ""buy_10th_pre_req_pre"": ""0"", ""tot_sel_req_jub_pre"": ""0"", ""tot_sel_req"": ""5424"", ""tot_buy_req"": ""6790"", ""tot_buy_req_jub_pre"": ""--1"", ""ovt_sel_req_pre"": ""0"", ""ovt_sel_req"": ""0"", ""ovt_buy_req"": ""0"", ""ovt_buy_req_pre"": ""0"", ""return_code"": 0, ""return_msg"": ""정상적으로 처리되었습니다""}"
2026-06-10,scan_candidate,005930,,0,main_scan,304500,,304500,304000,304500,305500,0.16420361247947454,0.16420361247947454,,,,,,"{""bid_req_base_tm"": ""113645"", ""sel_10th_pre_req_pre"": ""0"", ""sel_10th_pre_req"": ""16192"", ""sel_10th_pre_bid"": ""-309000"", ""sel_9th_pre_req_pre"": ""0"", ""sel_9th_pre_req"": ""25498"", ""sel_9th_pre_bid"": ""-308500"", ""sel_8th_pre_req_pre"": ""0"", ""sel_8th_pre_req"": ""29199"", ""sel_8th_pre_bid"": ""-308000"", ""sel_7th_pre_req_pre"": ""0"", ""sel_7th_pre_req"": ""19475"", ""sel_7th_pre_bid"": ""-307500"", ""sel_6th_pre_req_pre"": ""0"", ""sel_6th_pre_req"": ""10767"", ""sel_6th_pre_bid"": ""-307000"", ""sel_5th_pre_req_pre"": ""0"", ""sel_5th_pre_req"": ""12737"", ""sel_5th_pre_bid"": ""-306500"", ""sel_4th_pre_req_pre"": ""0"", ""sel_4th_pre_req"": ""12202"", ""sel_4th_pre_bid"": ""-306000"", ""sel_3th_pre_req_pre"": ""0"", ""sel_3th_pre_req"": ""4129"", ""sel_3th_pre_bid"": ""-305500"", ""sel_2th_pre_req_pre"": ""0"", ""sel_2th_pre_req"": ""3738"", ""sel_2th_pre_bid"": ""-305000"", ""sel_1th_pre_req_pre"": ""0"", ""sel_fpr_req"": ""24890"", ""sel_fpr_bid"": ""-304500"", ""buy_fpr_bid"": ""-304000"", ""buy_fpr_req"": ""9487"", ""buy_1th_pre_req_pre"": ""0"", ""buy_2th_pre_bid"": ""-303500"", ""buy_2th_pre_req"": ""25116"", ""buy_2th_pre_req_pre"": ""0"", ""buy_3th_pre_bid"": ""-303000"", ""buy_3th_pre_req"": ""103988"", ""buy_3th_pre_req_pre"": ""0"", ""buy_4th_pre_bid"": ""-302500"", ""buy_4th_pre_req"": ""47461"", ""buy_4th_pre_req_pre"": ""0"", ""buy_5th_pre_bid"": ""-302000"", ""buy_5th_pre_req"": ""65178"", ""buy_5th_pre_req_pre"": ""0"", ""buy_6th_pre_bid"": ""-301500"", ""buy_6th_pre_req"": ""48350"", ""buy_6th_pre_req_pre"": ""0"", ""buy_7th_pre_bid"": ""-301000"", ""buy_7th_pre_req"": ""94652"", ""buy_7th_pre_req_pre"": ""0"", ""buy_8th_pre_bid"": ""-300500"", ""buy_8th_pre_req"": ""134953"", ""buy_8th_pre_req_pre"": ""0"", ""buy_9th_pre_bid"": ""-300000"", ""buy_9th_pre_req"": ""326806"", ""buy_9th_pre_req_pre"": ""0"", ""buy_10th_pre_bid"": ""-299500"", ""buy_10th_pre_req"": ""41702"", ""buy_10th_pre_req_pre"": ""+11"", ""tot_sel_req_jub_pre"": ""0"", ""tot_sel_req"": ""158827"", ""tot_buy_req"": ""897693"", ""tot_buy_req_jub_pre"": ""+11"", ""ovt_sel_req_pre"": ""0"", ""ovt_sel_req"": ""0"", ""ovt_buy_req"": ""0"", ""ovt_buy_req_pre"": ""0"", ""return_code"": 0, ""return_msg"": ""정상적으로 처리되었습니다""}"
2026-06-10,scan_candidate,000660,,0,main_scan,2079000,,2079000,2078000,2079000,2082000,0.0962000962000962,0.0481000481000481,,,,,,"{""bid_req_base_tm"": ""113645"", ""sel_10th_pre_req_pre"": ""0"", ""sel_10th_pre_req"": ""56"", ""sel_10th_pre_bid"": ""-2088000"", ""sel_9th_pre_req_pre"": ""0"", ""sel_9th_pre_req"": ""44"", ""sel_9th_pre_bid"": ""-2087000"", ""sel_8th_pre_req_pre"": ""0"", ""sel_8th_pre_req"": ""3"", ""sel_8th_pre_bid"": ""-2086000"", ""sel_7th_pre_req_pre"": ""0"", ""sel_7th_pre_req"": ""62"", ""sel_7th_pre_bid"": ""-2085000"", ""sel_6th_pre_req_pre"": ""0"", ""sel_6th_pre_req"": ""59"", ""sel_6th_pre_bid"": ""-2084000"", ""sel_5th_pre_req_pre"": ""0"", ""sel_5th_pre_req"": ""77"", ""sel_5th_pre_bid"": ""-2083000"", ""sel_4th_pre_req_pre"": ""0"", ""sel_4th_pre_req"": ""344"", ""sel_4th_pre_bid"": ""-2082000"", ""sel_3th_pre_req_pre"": ""0"", ""sel_3th_pre_req"": ""172"", ""sel_3th_pre_bid"": ""-2081000"", ""sel_2th_pre_req_pre"": ""0"", ""sel_2th_pre_req"": ""168"", ""sel_2th_pre_bid"": ""-2080000"", ""sel_1th_pre_req_pre"": ""--1"", ""sel_fpr_req"": ""174"", ""sel_fpr_bid"": ""-2079000"", ""buy_fpr_bid"": ""-2078000"", ""buy_fpr_req"": ""342"", ""buy_1th_pre_req_pre"": ""+2"", ""buy_2th_pre_bid"": ""-2077000"", ""buy_2th_pre_req"": ""1687"", ""buy_2th_pre_req_pre"": ""0"", ""buy_3th_pre_bid"": ""-2076000"", ""buy_3th_pre_req"": ""535"", ""buy_3th_pre_req_pre"": ""--1"", ""buy_4th_pre_bid"": ""-2075000"", ""buy_4th_pre_req"": ""730"", ""buy_4th_pre_req_pre"": ""0"", ""buy_5th_pre_bid"": ""-2074000"", ""buy_5th_pre_req"": ""173"", ""buy_5th_pre_req_pre"": ""0"", ""buy_6th_pre_bid"": ""-2073000"", ""buy_6th_pre_req"": ""574"", ""buy_6th_pre_req_pre"": ""0"", ""buy_7th_pre_bid"": ""-2072000"", ""buy_7th_pre_req"": ""908"", ""buy_7th_pre_req_pre"": ""0"", ""buy_8th_pre_bid"": ""-2071000"", ""buy_8th_pre_req"": ""2073"", ""buy_8th_pre_req_pre"": ""0"", ""buy_9th_pre_bid"": ""-2070000"", ""buy_9th_pre_req"": ""5521"", ""buy_9th_pre_req_pre"": ""0"", ""buy_10th_pre_bid"": ""-2069000"", ""buy_10th_pre_req"": ""741"", ""buy_10th_pre_req_pre"": ""0"", ""tot_sel_req_jub_pre"": ""--1"", ""tot_sel_req"": ""1159"", ""tot_buy_req"": ""13284"", ""tot_buy_req_jub_pre"": ""+1"", ""ovt_sel_req_pre"": ""0"", ""ovt_sel_req"": ""0"", ""ovt_buy_req"": ""0"", ""ovt_buy_req_pre"": ""0"", ""return_code"": 0, ""return_msg"": ""정상적으로 처리되었습니다""}"
2026-06-10,scan_candidate,402340,,0,main_scan,1214000,,1214000,1213000,1214000,1213000,-0.16474464579901155,0.08237232289950577,,,,,,"{""bid_req_base_tm"": ""113645"", ""sel_10th_pre_req_pre"": ""0"", ""sel_10th_pre_req"": ""10"", ""sel_10th_pre_bid"": ""-1223000"", ""sel_9th_pre_req_pre"": ""0"", ""sel_9th_pre_req"": ""116"", ""sel_9th_pre_bid"": ""-1222000"", ""sel_8th_pre_req_pre"": ""0"", ""sel_8th_pre_req"": ""38"", ""sel_8th_pre_bid"": ""-1221000"", ""sel_7th_pre_req_pre"": ""0"", ""sel_7th_pre_req"": ""299"", ""sel_7th_pre_bid"": ""-1220000"", ""sel_6th_pre_req_pre"": ""0"", ""sel_6th_pre_req"": ""30"", ""sel_6th_pre_bid"": ""-1219000"", ""sel_5th_pre_req_pre"": ""0"", ""sel_5th_pre_req"": ""74"", ""sel_5th_pre_bid"": ""-1218000"", ""sel_4th_pre_req_pre"": ""0"", ""sel_4th_pre_req"": ""28"", ""sel_4th_pre_bid"": ""-1217000"", ""sel_3th_pre_req_pre"": ""0"", ""sel_3th_pre_req"": ""447"", ""sel_3th_pre_bid"": ""-1216000"", ""sel_2th_pre_req_pre"": ""0"", ""sel_2th_pre_req"": ""36"", ""sel_2th_pre_bid"": ""-1215000"", ""sel_1th_pre_req_pre"": ""0"", ""sel_fpr_req"": ""134"", ""sel_fpr_bid"": ""-1214000"", ""buy_fpr_bid"": ""-1213000"", ""buy_fpr_req"": ""507"", ""buy_1th_pre_req_pre"": ""+6"", ""buy_2th_pre_bid"": ""-1212000"", ""buy_2th_pre_req"": ""337"", ""buy_2th_pre_req_pre"": ""0"", ""buy_3th_pre_bid"": ""-1211000"", ""buy_3th_pre_req"": ""232"", ""buy_3th_pre_req_pre"": ""0"", ""buy_4th_pre_bid"": ""-1210000"", ""buy_4th_pre_req"": ""1"", ""buy_4th_pre_req_pre"": ""0"", ""buy_5th_pre_bid"": ""-1209000"", ""buy_5th_pre_req"": ""10"", ""buy_5th_pre_req_pre"": ""0"", ""buy_6th_pre_bid"": ""-1208000"", ""buy_6th_pre_req"": ""1"", ""buy_6th_pre_req_pre"": ""0"", ""buy_7th_pre_bid"": ""-1207000"", ""buy_7th_pre_req"": ""9"", ""buy_7th_pre_req_pre"": ""0"", ""buy_8th_pre_bid"": ""-1206000"", ""buy_8th_pre_req"": ""14"", ""buy_8th_pre_req_pre"": ""0"", ""buy_9th_pre_bid"": ""-1205000"", ""buy_9th_pre_req"": ""37"", ""buy_9th_pre_req_pre"": ""0"", ""buy_10th_pre_bid"": ""-1204000"", ""buy_10th_pre_req"": ""23"", ""buy_10th_pre_req_pre"": ""0"", ""tot_sel_req_jub_pre"": ""0"", ""tot_sel_req"": ""1212"", ""tot_buy_req"": ""1171"", ""tot_buy_req_jub_pre"": ""+6"", ""ovt_sel_req_pre"": ""0"", ""ovt_sel_req"": ""0"", ""ovt_buy_req"": ""0"", ""ovt_buy_req_pre"": ""0"", ""return_code"": 0, ""return_msg"": ""정상적으로 처리되었습니다""}"
2026-06-10,scan_candidate,009150,,0,main_scan,1878000,,1878000,1877000,1878000,1879000,0.0,0.05324813631522897,,,,,,"{""bid_req_base_tm"": ""113645"", ""sel_10th_pre_req_pre"": ""0"", ""sel_10th_pre_req"": ""37"", ""sel_10th_pre_bid"": ""-1888000"", ""sel_9th_pre_req_pre"": ""0"", ""sel_9th_pre_req"": ""97"", ""sel_9th_pre_bid"": ""-1887000"", ""sel_8th_pre_req_pre"": ""0"", ""sel_8th_pre_req"": ""11"", ""sel_8th_pre_bid"": ""-1886000"", ""sel_7th_pre_req_pre"": ""0"", ""sel_7th_pre_req"": ""114"", ""sel_7th_pre_bid"": ""-1885000"", ""sel_6th_pre_req_pre"": ""0"", ""sel_6th_pre_req"": ""1"", ""sel_6th_pre_bid"": ""-1884000"", ""sel_5th_pre_req_pre"": ""0"", ""sel_5th_pre_req"": ""2"", ""sel_5th_pre_bid"": ""-1882000"", ""sel_4th_pre_req_pre"": ""0"", ""sel_4th_pre_req"": ""63"", ""sel_4th_pre_bid"": ""-1881000"", ""sel_3th_pre_req_pre"": ""0"", ""sel_3th_pre_req"": ""75"", ""sel_3th_pre_bid"": ""-1880000"", ""sel_2th_pre_req_pre"": ""0"", ""sel_2th_pre_req"": ""569"", ""sel_2th_pre_bid"": ""-1879000"", ""sel_1th_pre_req_pre"": ""0"", ""sel_fpr_req"": ""55"", ""sel_fpr_bid"": ""-1878000"", ""buy_fpr_bid"": ""-1877000"", ""buy_fpr_req"": ""22"", ""buy_1th_pre_req_pre"": ""+1"", ""buy_2th_pre_bid"": ""-1876000"", ""buy_2th_pre_req"": ""166"", ""buy_2th_pre_req_pre"": ""--1"", ""buy_3th_pre_bid"": ""-1875000"", ""buy_3th_pre_req"": ""268"", ""buy_3th_pre_req_pre"": ""0"", ""buy_4th_pre_bid"": ""-1874000"", ""buy_4th_pre_req"": ""34"", ""buy_4th_pre_req_pre"": ""0"", ""buy_5th_pre_bid"": ""-1873000"", ""buy_5th_pre_req"": ""29"", ""buy_5th_pre_req_pre"": ""0"", ""buy_6th_pre_bid"": ""-1872000"", ""buy_6th_pre_req"": ""84"", ""buy_6th_pre_req_pre"": ""0"", ""buy_7th_pre_bid"": ""-1871000"", ""buy_7th_pre_req"": ""331"", ""buy_7th_pre_req_pre"": ""0"", ""buy_8th_pre_bid"": ""-1870000"", ""buy_8th_pre_req"": ""1245"", ""buy_8th_pre_req_pre"": ""0"", ""buy_9th_pre_bid"": ""-1869000"", ""buy_9th_pre_req"": ""251"", ""buy_9th_pre_req_pre"": ""0"", ""buy_10th_pre_bid"": ""-1868000"", ""buy_10th_pre_req"": ""214"", ""buy_10th_pre_req_pre"": ""0"", ""tot_sel_req_jub_pre"": ""0"", ""tot_sel_req"": ""1024"", ""tot_buy_req"": ""2644"", ""tot_buy_req_jub_pre"": ""0"", ""ovt_sel_req_pre"": ""0"", ""ovt_sel_req"": ""0"", ""ovt_buy_req"": ""0"", ""ovt_buy_req_pre"": ""0"", ""return_code"": 0, ""return_msg"": ""정상적으로 처리되었습니다""}"
2026-06-10,scan_candidate,032830,,0,main_scan,370500,,370500,370000,370500,370500,-0.1349527665317139,0.1349527665317139,,,,,,"{""bid_req_base_tm"": ""113645"", ""sel_10th_pre_req_pre"": ""0"", ""sel_10th_pre_req"": ""172"", ""sel_10th_pre_bid"": ""-375000"", ""sel_9th_pre_req_pre"": ""0"", ""sel_9th_pre_req"": ""109"", ""sel_9th_pre_bid"": ""-374500"", ""sel_8th_pre_req_pre"": ""0"", ""sel_8th_pre_req"": ""189"", ""sel_8th_pre_bid"": ""-374000"", ""sel_7th_pre_req_pre"": ""0"", ""sel_7th_pre_req"": ""26"", ""sel_7th_pre_bid"": ""-373500"", ""sel_6th_pre_req_pre"": ""0"", ""sel_6th_pre_req"": ""119"", ""sel_6th_pre_bid"": ""-373000"", ""sel_5th_pre_req_pre"": ""0"", ""sel_5th_pre_req"": ""64"", ""sel_5th_pre_bid"": ""-372500"", ""sel_4th_pre_req_pre"": ""0"", ""sel_4th_pre_req"": ""359"", ""sel_4th_pre_bid"": ""-372000"", ""sel_3th_pre_req_pre"": ""0"", ""sel_3th_pre_req"": ""304"", ""sel_3th_pre_bid"": ""-371500"", ""sel_2th_pre_req_pre"": ""0"", ""sel_2th_pre_req"": ""433"", ""sel_2th_pre_bid"": ""-371000"", ""sel_1th_pre_req_pre"": ""0"", ""sel_fpr_req"": ""51"", ""sel_fpr_bid"": ""-370500"", ""buy_fpr_bid"": ""-370000"", ""buy_fpr_req"": ""285"", ""buy_1th_pre_req_pre"": ""+5"", ""buy_2th_pre_bid"": ""-369500"", ""buy_2th_pre_req"": ""126"", ""buy_2th_pre_req_pre"": ""0"", ""buy_3th_pre_bid"": ""-369000"", ""buy_3th_pre_req"": ""137"", ""buy_3th_pre_req_pre"": ""0"", ""buy_4th_pre_bid"": ""-368500"", ""buy_4th_pre_req"": ""142"", ""buy_4th_pre_req_pre"": ""0"", ""buy_5th_pre_bid"": ""-368000"", ""buy_5th_pre_req"": ""414"", ""buy_5th_pre_req_pre"": ""0"", ""buy_6th_pre_bid"": ""-367500"", ""buy_6th_pre_req"": ""304"", ""buy_6th_pre_req_pre"": ""0"", ""buy_7th_pre_bid"": ""-367000"", ""buy_7th_pre_req"": ""308"", ""buy_7th_pre_req_pre"": ""0"", ""buy_8th_pre_bid"": ""-366500"", ""buy_8th_pre_req"": ""131"", ""buy_8th_pre_req_pre"": ""0"", ""buy_9th_pre_bid"": ""-366000"", ""buy_9th_pre_req"": ""491"", ""buy_9th_pre_req_pre"": ""0"", ""buy_10th_pre_bid"": ""-365500"", ""buy_10th_pre_req"": ""636"", ""buy_10th_pre_req_pre"": ""0"", ""tot_sel_req_jub_pre"": ""0"", ""tot_sel_req"": ""1826"", ""tot_buy_req"": ""2974"", ""tot_buy_req_jub_pre"": ""+5"", ""ovt_sel_req_pre"": ""0"", ""ovt_sel_req"": ""0"", ""ovt_buy_req"": ""0"", ""ovt_buy_req_pre"": ""0"", ""return_code"": 0, ""return_msg"": ""정상적으로 처리되었습니다""}"
2026-06-10,scan_candidate,012330,,0,main_scan,571000,,571000,570000,571000,574000,0.3502626970227671,0.17513134851138354,,,,,,"{""bid_req_base_tm"": ""113645"", ""sel_10th_pre_req_pre"": ""0"", ""sel_10th_pre_req"": ""755"", ""sel_10th_pre_bid"": ""-580000"", ""sel_9th_pre_req_pre"": ""0"", ""sel_9th_pre_req"": ""278"", ""sel_9th_pre_bid"": ""-579000"", ""sel_8th_pre_req_pre"": ""0"", ""sel_8th_pre_req"": ""30"", ""sel_8th_pre_bid"": ""-578000"", ""sel_7th_pre_req_pre"": ""0"", ""sel_7th_pre_req"": ""295"", ""sel_7th_pre_bid"": ""-577000"", ""sel_6th_pre_req_pre"": ""0"", ""sel_6th_pre_req"": ""40"", ""sel_6th_pre_bid"": ""-576000"", ""sel_5th_pre_req_pre"": ""0"", ""sel_5th_pre_req"": ""141"", ""sel_5th_pre_bid"": ""-575000"", ""sel_4th_pre_req_pre"": ""0"", ""sel_4th_pre_req"": ""51"", ""sel_4th_pre_bid"": ""-574000"", ""sel_3th_pre_req_pre"": ""0"", ""sel_3th_pre_req"": ""103"", ""sel_3th_pre_bid"": ""-573000"", ""sel_2th_pre_req_pre"": ""0"", ""sel_2th_pre_req"": ""71"", ""sel_2th_pre_bid"": ""-572000"", ""sel_1th_pre_req_pre"": ""--3"", ""sel_fpr_req"": ""26"", ""sel_fpr_bid"": ""-571000"", ""buy_fpr_bid"": ""-570000"", ""buy_fpr_req"": ""1205"", ""buy_1th_pre_req_pre"": ""0"", ""buy_2th_pre_bid"": ""-569000"", ""buy_2th_pre_req"": ""2918"", ""buy_2th_pre_req_pre"": ""0"", ""buy_3th_pre_bid"": ""-568000"", ""buy_3th_pre_req"": ""1322"", ""buy_3th_pre_req_pre"": ""0"", ""buy_4th_pre_bid"": ""-567000"", ""buy_4th_pre_req"": ""979"", ""buy_4th_pre_req_pre"": ""0"", ""buy_5th_pre_bid"": ""-566000"", ""buy_5th_pre_req"": ""1544"", ""buy_5th_pre_req_pre"": ""0"", ""buy_6th_pre_bid"": ""-565000"", ""buy_6th_pre_req"": ""2112"", ""buy_6th_pre_req_pre"": ""0"", ""buy_7th_pre_bid"": ""-564000"", ""buy_7th_pre_req"": ""811"", ""buy_7th_pre_req_pre"": ""0"", ""buy_8th_pre_bid"": ""-563000"", ""buy_8th_pre_req"": ""2171"", ""buy_8th_pre_req_pre"": ""0"", ""buy_9th_pre_bid"": ""-562000"", ""buy_9th_pre_req"": ""1063"", ""buy_9th_pre_req_pre"": ""0"", ""buy_10th_pre_bid"": ""-561000"", ""buy_10th_pre_req"": ""1401"", ""buy_10th_pre_req_pre"": ""0"", ""tot_sel_req_jub_pre"": ""--3"", ""tot_sel_req"": ""1790"", ""tot_buy_req"": ""15526"", ""tot_buy_req_jub_pre"": ""0"", ""ovt_sel_req_pre"": ""0"", ""ovt_sel_req"": ""0"", ""ovt_buy_req"": ""0"", ""ovt_buy_req_pre"": ""0"", ""return_code"": 0, ""return_msg"": ""정상적으로 처리되었습니다""}"
2026-06-10,scan_candidate,055550,,0,main_scan,98100,,98100,98000,98100,97600,-0.6116207951070336,0.10193679918450561,,,,,,"{""bid_req_base_tm"": ""113645"", ""sel_10th_pre_req_pre"": ""0"", ""sel_10th_pre_req"": ""10"", ""sel_10th_pre_bid"": ""-99100"", ""sel_9th_pre_req_pre"": ""0"", ""sel_9th_pre_req"": ""5"", ""sel_9th_pre_bid"": ""-99000"", ""sel_8th_pre_req_pre"": ""0"", ""sel_8th_pre_req"": ""1"", ""sel_8th_pre_bid"": ""-98900"", ""sel_7th_pre_req_pre"": ""0"", ""sel_7th_pre_req"": ""101"", ""sel_7th_pre_bid"": ""-98800"", ""sel_6th_pre_req_pre"": ""0"", ""sel_6th_pre_req"": ""54"", ""sel_6th_pre_bid"": ""-98600"", ""sel_5th_pre_req_pre"": ""0"", ""sel_5th_pre_req"": ""78"", ""sel_5th_pre_bid"": ""-98500"", ""sel_4th_pre_req_pre"": ""0"", ""sel_4th_pre_req"": ""1469"", ""sel_4th_pre_bid"": ""-98400"", ""sel_3th_pre_req_pre"": ""0"", ""sel_3th_pre_req"": ""241"", ""sel_3th_pre_bid"": ""-98300"", ""sel_2th_pre_req_pre"": ""0"", ""sel_2th_pre_req"": ""3750"", ""sel_2th_pre_bid"": ""-98200"", ""sel_1th_pre_req_pre"": ""+77"", ""sel_fpr_req"": ""7256"", ""sel_fpr_bid"": ""-98100"", ""buy_fpr_bid"": ""-98000"", ""buy_fpr_req"": ""2118"", ""buy_1th_pre_req_pre"": ""0"", ""buy_2th_pre_bid"": ""-97900"", ""buy_2th_pre_req"": ""499"", ""buy_2th_pre_req_pre"": ""0"", ""buy_3th_pre_bid"": ""-97800"", ""buy_3th_pre_req"": ""220"", ""buy_3th_pre_req_pre"": ""0"", ""buy_4th_pre_bid"": ""-97700"", ""buy_4th_pre_req"": ""410"", ""buy_4th_pre_req_pre"": ""0"", ""buy_5th_pre_bid"": ""-97600"", ""buy_5th_pre_req"": ""388"", ""buy_5th_pre_req_pre"": ""0"", ""buy_6th_pre_bid"": ""-97500"", ""buy_6th_pre_req"": ""889"", ""buy_6th_pre_req_pre"": ""0"", ""buy_7th_pre_bid"": ""-97400"", ""buy_7th_pre_req"": ""123"", ""buy_7th_pre_req_pre"": ""0"", ""buy_8th_pre_bid"": ""-97300"", ""buy_8th_pre_req"": ""156"", ""buy_8th_pre_req_pre"": ""0"", ""buy_9th_pre_bid"": ""-97200"", ""buy_9th_pre_req"": ""177"", ""buy_9th_pre_req_pre"": ""0"", ""buy_10th_pre_bid"": ""-97100"", ""buy_10th_pre_req"": ""1868"", ""buy_10th_pre_req_pre"": ""0"", ""tot_sel_req_jub_pre"": ""+77"", ""tot_sel_req"": ""12965"", ""tot_buy_req"": ""6848"", ""tot_buy_req_jub_pre"": ""0"", ""ovt_sel_req_pre"": ""0"", ""ovt_sel_req"": ""0"", ""ovt_buy_req"": ""0"", ""ovt_buy_req_pre"": ""0"", ""return_code"": 0, ""return_msg"": ""정상적으로 처리되었습니다""}"
2026-06-10,scan_candidate,034730,,0,main_scan,575000,,575000,574000,575000,575000,-0.17391304347826086,0.17391304347826086,,,,,,"{""bid_req_base_tm"": ""113645"", ""sel_10th_pre_req_pre"": ""0"", ""sel_10th_pre_req"": ""14"", ""sel_10th_pre_bid"": ""-584000"", ""sel_9th_pre_req_pre"": ""0"", ""sel_9th_pre_req"": ""104"", ""sel_9th_pre_bid"": ""-583000"", ""sel_8th_pre_req_pre"": ""0"", ""sel_8th_pre_req"": ""23"", ""sel_8th_pre_bid"": ""-582000"", ""sel_7th_pre_req_pre"": ""0"", ""sel_7th_pre_req"": ""17"", ""sel_7th_pre_bid"": ""-581000"", ""sel_6th_pre_req_pre"": ""0"", ""sel_6th_pre_req"": ""74"", ""sel_6th_pre_bid"": ""-580000"", ""sel_5th_pre_req_pre"": ""0"", ""sel_5th_pre_req"": ""3"", ""sel_5th_pre_bid"": ""-579000"", ""sel_4th_pre_req_pre"": ""0"", ""sel_4th_pre_req"": ""4"", ""sel_4th_pre_bid"": ""-578000"", ""sel_3th_pre_req_pre"": ""0"", ""sel_3th_pre_req"": ""55"", ""sel_3th_pre_bid"": ""-577000"", ""sel_2th_pre_req_pre"": ""0"", ""sel_2th_pre_req"": ""240"", ""sel_2th_pre_bid"": ""-576000"", ""sel_1th_pre_req_pre"": ""0"", ""sel_fpr_req"": ""107"", ""sel_fpr_bid"": ""-575000"", ""buy_fpr_bid"": ""-574000"", ""buy_fpr_req"": ""45"", ""buy_1th_pre_req_pre"": ""0"", ""buy_2th_pre_bid"": ""-573000"", ""buy_2th_pre_req"": ""2"", ""buy_2th_pre_req_pre"": ""0"", ""buy_3th_pre_bid"": ""-572000"", ""buy_3th_pre_req"": ""24"", ""buy_3th_pre_req_pre"": ""+1"", ""buy_4th_pre_bid"": ""-571000"", ""buy_4th_pre_req"": ""43"", ""buy_4th_pre_req_pre"": ""0"", ""buy_5th_pre_bid"": ""-570000"", ""buy_5th_pre_req"": ""58"", ""buy_5th_pre_req_pre"": ""0"", ""buy_6th_pre_bid"": ""-569000"", ""buy_6th_pre_req"": ""67"", ""buy_6th_pre_req_pre"": ""0"", ""buy_7th_pre_bid"": ""-568000"", ""buy_7th_pre_req"": ""90"", ""buy_7th_pre_req_pre"": ""0"", ""buy_8th_pre_bid"": ""-567000"", ""buy_8th_pre_req"": ""296"", ""buy_8th_pre_req_pre"": ""0"", ""buy_9th_pre_bid"": ""-566000"", ""buy_9th_pre_req"": ""43"", ""buy_9th_pre_req_pre"": ""0"", ""buy_10th_pre_bid"": ""-565000"", ""buy_10th_pre_req"": ""66"", ""buy_10th_pre_req_pre"": ""0"", ""tot_sel_req_jub_pre"": ""0"", ""tot_sel_req"": ""641"", ""tot_buy_req"": ""734"", ""tot_buy_req_jub_pre"": ""+1"", ""ovt_sel_req_pre"": ""0"", ""ovt_sel_req"": ""0"", ""ovt_buy_req"": ""0"", ""ovt_buy_req_pre"": ""0"", ""return_code"": 0, ""return_msg"": ""정상적으로 처리되었습니다""}"
2026-06-10,scan_candidate,066570,,0,main_scan,228500,,228500,228000,228500,230000,0.437636761487965,0.2188183807439825,,,,,,"{""bid_req_base_tm"": ""113646"", ""sel_10th_pre_req_pre"": ""0"", ""sel_10th_pre_req"": ""2646"", ""sel_10th_pre_bid"": ""-233000"", ""sel_9th_pre_req_pre"": ""0"", ""sel_9th_pre_req"": ""1535"", ""sel_9th_pre_bid"": ""-232500"", ""sel_8th_pre_req_pre"": ""0"", ""sel_8th_pre_req"": ""1276"", ""sel_8th_pre_bid"": ""-232000"", ""sel_7th_pre_req_pre"": ""0"", ""sel_7th_pre_req"": ""882"", ""sel_7th_pre_bid"": ""-231500"", ""sel_6th_pre_req_pre"": ""0"", ""sel_6th_pre_req"": ""2974"", ""sel_6th_pre_bid"": ""-231000"", ""sel_5th_pre_req_pre"": ""0"", ""sel_5th_pre_req"": ""1668"", ""sel_5th_pre_bid"": ""-230500"", ""sel_4th_pre_req_pre"": ""0"", ""sel_4th_pre_req"": ""3976"", ""sel_4th_pre_bid"": ""-230000"", ""sel_3th_pre_req_pre"": ""0"", ""sel_3th_pre_req"": ""1073"", ""sel_3th_pre_bid"": ""-229500"", ""sel_2th_pre_req_pre"": ""0"", ""sel_2th_pre_req"": ""2727"", ""sel_2th_pre_bid"": ""-229000"", ""sel_1th_pre_req_pre"": ""0"", ""sel_fpr_req"": ""1617"", ""sel_fpr_bid"": ""-228500"", ""buy_fpr_bid"": ""-228000"", ""buy_fpr_req"": ""8870"", ""buy_1th_pre_req_pre"": ""0"", ""buy_2th_pre_bid"": ""-227500"", ""buy_2th_pre_req"": ""9010"", ""buy_2th_pre_req_pre"": ""+14"", ""buy_3th_pre_bid"": ""-227000"", ""buy_3th_pre_req"": ""54874"", ""buy_3th_pre_req_pre"": ""0"", ""buy_4th_pre_bid"": ""-226500"", ""buy_4th_pre_req"": ""3303"", ""buy_4th_pre_req_pre"": ""0"", ""buy_5th_pre_bid"": ""-226000"", ""buy_5th_pre_req"": ""5012"", ""buy_5th_pre_req_pre"": ""0"", ""buy_6th_pre_bid"": ""-225500"", ""buy_6th_pre_req"": ""4423"", ""buy_6th_pre_req_pre"": ""0"", ""buy_7th_pre_bid"": ""-225000"", ""buy_7th_pre_req"": ""14438"", ""buy_7th_pre_req_pre"": ""+10"", ""buy_8th_pre_bid"": ""-224500"", ""buy_8th_pre_req"": ""2293"", ""buy_8th_pre_req_pre"": ""0"", ""buy_9th_pre_bid"": ""-224000"", ""buy_9th_pre_req"": ""3740"", ""buy_9th_pre_req_pre"": ""0"", ""buy_10th_pre_bid"": ""-223500"", ""buy_10th_pre_req"": ""2208"", ""buy_10th_pre_req_pre"": ""0"", ""tot_sel_req_jub_pre"": ""0"", ""tot_sel_req"": ""20374"", ""tot_buy_req"": ""108171"", ""tot_buy_req_jub_pre"": ""+24"", ""ovt_sel_req_pre"": ""0"", ""ovt_sel_req"": ""0"", ""ovt_buy_req"": ""0"", ""ovt_buy_req_pre"": ""0"", ""return_code"": 0, ""return_msg"": ""정상적으로 처리되었습니다""}"
2026-06-10,scan_candidate,035420,,0,main_scan,232000,,232000,231500,232000,233500,0.43103448275862066,0.21551724137931033,,,,,,"{""bid_req_base_tm"": ""113646"", ""sel_10th_pre_req_pre"": ""0"", ""sel_10th_pre_req"": ""4213"", ""sel_10th_pre_bid"": ""-236500"", ""sel_9th_pre_req_pre"": ""0"", ""sel_9th_pre_req"": ""3678"", ""sel_9th_pre_bid"": ""-236000"", ""sel_8th_pre_req_pre"": ""0"", ""sel_8th_pre_req"": ""2151"", ""sel_8th_pre_bid"": ""-235500"", ""sel_7th_pre_req_pre"": ""0"", ""sel_7th_pre_req"": ""2117"", ""sel_7th_pre_bid"": ""-235000"", ""sel_6th_pre_req_pre"": ""0"", ""sel_6th_pre_req"": ""1887"", ""sel_6th_pre_bid"": ""-234500"", ""sel_5th_pre_req_pre"": ""0"", ""sel_5th_pre_req"": ""1592"", ""sel_5th_pre_bid"": ""-234000"", ""sel_4th_pre_req_pre"": ""0"", ""sel_4th_pre_req"": ""1541"", ""sel_4th_pre_bid"": ""-233500"", ""sel_3th_pre_req_pre"": ""0"", ""sel_3th_pre_req"": ""1595"", ""sel_3th_pre_bid"": ""-233000"", ""sel_2th_pre_req_pre"": ""0"", ""sel_2th_pre_req"": ""984"", ""sel_2th_pre_bid"": ""-232500"", ""sel_1th_pre_req_pre"": ""0"", ""sel_fpr_req"": ""4547"", ""sel_fpr_bid"": ""-232000"", ""buy_fpr_bid"": ""-231500"", ""buy_fpr_req"": ""1058"", ""buy_1th_pre_req_pre"": ""0"", ""buy_2th_pre_bid"": ""-231000"", ""buy_2th_pre_req"": ""8112"", ""buy_2th_pre_req_pre"": ""0"", ""buy_3th_pre_bid"": ""-230500"", ""buy_3th_pre_req"": ""21663"", ""buy_3th_pre_req_pre"": ""0"", ""buy_4th_pre_bid"": ""-230000"", ""buy_4th_pre_req"": ""68719"", ""buy_4th_pre_req_pre"": ""0"", ""buy_5th_pre_bid"": ""-229500"", ""buy_5th_pre_req"": ""6655"", ""buy_5th_pre_req_pre"": ""0"", ""buy_6th_pre_bid"": ""-229000"", ""buy_6th_pre_req"": ""9177"", ""buy_6th_pre_req_pre"": ""0"", ""buy_7th_pre_bid"": ""-228500"", ""buy_7th_pre_req"": ""9633"", ""buy_7th_pre_req_pre"": ""0"", ""buy_8th_pre_bid"": ""-228000"", ""buy_8th_pre_req"": ""9220"", ""buy_8th_pre_req_pre"": ""--3"", ""buy_9th_pre_bid"": ""-227500"", ""buy_9th_pre_req"": ""4417"", ""buy_9th_pre_req_pre"": ""0"", ""buy_10th_pre_bid"": ""-227000"", ""buy_10th_pre_req"": ""5831"", ""buy_10th_pre_req_pre"": ""0"", ""tot_sel_req_jub_pre"": ""0"", ""tot_sel_req"": ""24305"", ""tot_buy_req"": ""144485"", ""tot_buy_req_jub_pre"": ""--3"", ""ovt_sel_req_pre"": ""0"", ""ovt_sel_req"": ""0"", ""ovt_buy_req"": ""0"", ""ovt_buy_req_pre"": ""0"", ""return_code"": 0, ""return_msg"": ""정상적으로 처리되었습니다""}"
2026-06-10,scan_candidate,086790,,0,main_scan,118400,,118400,118300,118400,118500,-0.33783783783783783,0.08445945945945946,,,,,,"{""bid_req_base_tm"": ""113646"", ""sel_10th_pre_req_pre"": ""0"", ""sel_10th_pre_req"": ""1"", ""sel_10th_pre_bid"": ""+119400"", ""sel_9th_pre_req_pre"": ""0"", ""sel_9th_pre_req"": ""32"", ""sel_9th_pre_bid"": ""+119300"", ""sel_8th_pre_req_pre"": ""0"", ""sel_8th_pre_req"": ""63"", ""sel_8th_pre_bid"": ""+119200"", ""sel_7th_pre_req_pre"": ""0"", ""sel_7th_pre_req"": ""7"", ""sel_7th_pre_bid"": ""+119100"", ""sel_6th_pre_req_pre"": ""0"", ""sel_6th_pre_req"": ""14"", ""sel_6th_pre_bid"": ""119000"", ""sel_5th_pre_req_pre"": ""0"", ""sel_5th_pre_req"": ""201"", ""sel_5th_pre_bid"": ""-118800"", ""sel_4th_pre_req_pre"": ""0"", ""sel_4th_pre_req"": ""564"", ""sel_4th_pre_bid"": ""-118700"", ""sel_3th_pre_req_pre"": ""0"", ""sel_3th_pre_req"": ""73"", ""sel_3th_pre_bid"": ""-118600"", ""sel_2th_pre_req_pre"": ""0"", ""sel_2th_pre_req"": ""5"", ""sel_2th_pre_bid"": ""-118500"", ""sel_1th_pre_req_pre"": ""--9"", ""sel_fpr_req"": ""1193"", ""sel_fpr_bid"": ""-118400"", ""buy_fpr_bid"": ""-118300"", ""buy_fpr_req"": ""619"", ""buy_1th_pre_req_pre"": ""0"", ""buy_2th_pre_bid"": ""-118200"", ""buy_2th_pre_req"": ""1388"", ""buy_2th_pre_req_pre"": ""0"", ""buy_3th_pre_bid"": ""-118100"", ""buy_3th_pre_req"": ""157"", ""buy_3th_pre_req_pre"": ""0"", ""buy_4th_pre_bid"": ""-118000"", ""buy_4th_pre_req"": ""391"", ""buy_4th_pre_req_pre"": ""0"", ""buy_5th_pre_bid"": ""-117900"", ""buy_5th_pre_req"": ""52"", ""buy_5th_pre_req_pre"": ""0"", ""buy_6th_pre_bid"": ""-117800"", ""buy_6th_pre_req"": ""559"", ""buy_6th_pre_req_pre"": ""0"", ""buy_7th_pre_bid"": ""-117700"", ""buy_7th_pre_req"": ""147"", ""buy_7th_pre_req_pre"": ""0"", ""buy_8th_pre_bid"": ""-117600"", ""buy_8th_pre_req"": ""100"", ""buy_8th_pre_req_pre"": ""0"", ""buy_9th_pre_bid"": ""-117500"", ""buy_9th_pre_req"": ""622"", ""buy_9th_pre_req_pre"": ""0"", ""buy_10th_pre_bid"": ""-117400"", ""buy_10th_pre_req"": ""73"", ""buy_10th_pre_req_pre"": ""0"", ""tot_sel_req_jub_pre"": ""--9"", ""tot_sel_req"": ""2153"", ""tot_buy_req"": ""4108"", ""tot_buy_req_jub_pre"": ""0"", ""ovt_sel_req_pre"": ""0"", ""ovt_sel_req"": ""0"", ""ovt_buy_req"": ""0"", ""ovt_buy_req_pre"": ""0"", ""return_code"": 0, ""return_msg"": ""정상적으로 처리되었습니다""}"
2026-06-10,scan_candidate,000810,,0,main_scan,623000,,623000,622000,623000,623000,-0.16051364365971107,0.16051364365971107,,,,,,"{""bid_req_base_tm"": ""113647"", ""sel_10th_pre_req_pre"": ""0"", ""sel_10th_pre_req"": ""3"", ""sel_10th_pre_bid"": ""-632000"", ""sel_9th_pre_req_pre"": ""0"", ""sel_9th_pre_req"": ""58"", ""sel_9th_pre_bid"": ""-631000"", ""sel_8th_pre_req_pre"": ""0"", ""sel_8th_pre_req"": ""48"", ""sel_8th_pre_bid"": ""-630000"", ""sel_7th_pre_req_pre"": ""0"", ""sel_7th_pre_req"": ""15"", ""sel_7th_pre_bid"": ""-629000"", ""sel_6th_pre_req_pre"": ""0"", ""sel_6th_pre_req"": ""7"", ""sel_6th_pre_bid"": ""-628000"", ""sel_5th_pre_req_pre"": ""0"", ""sel_5th_pre_req"": ""28"", ""sel_5th_pre_bid"": ""-627000"", ""sel_4th_pre_req_pre"": ""0"", ""sel_4th_pre_req"": ""26"", ""sel_4th_pre_bid"": ""-626000"", ""sel_3th_pre_req_pre"": ""0"", ""sel_3th_pre_req"": ""106"", ""sel_3th_pre_bid"": ""-625000"", ""sel_2th_pre_req_pre"": ""0"", ""sel_2th_pre_req"": ""99"", ""sel_2th_pre_bid"": ""-624000"", ""sel_1th_pre_req_pre"": ""0"", ""sel_fpr_req"": ""213"", ""sel_fpr_bid"": ""-623000"", ""buy_fpr_bid"": ""-622000"", ""buy_fpr_req"": ""192"", ""buy_1th_pre_req_pre"": ""--1"", ""buy_2th_pre_bid"": ""-621000"", ""buy_2th_pre_req"": ""40"", ""buy_2th_pre_req_pre"": ""0"", ""buy_3th_pre_bid"": ""-620000"", ""buy_3th_pre_req"": ""80"", ""buy_3th_pre_req_pre"": ""0"", ""buy_4th_pre_bid"": ""-619000"", ""buy_4th_pre_req"": ""18"", ""buy_4th_pre_req_pre"": ""0"", ""buy_5th_pre_bid"": ""-618000"", ""buy_5th_pre_req"": ""14"", ""buy_5th_pre_req_pre"": ""0"", ""buy_6th_pre_bid"": ""-617000"", ""buy_6th_pre_req"": ""36"", ""buy_6th_pre_req_pre"": ""0"", ""buy_7th_pre_bid"": ""-616000"", ""buy_7th_pre_req"": ""190"", ""buy_7th_pre_req_pre"": ""0"", ""buy_8th_pre_bid"": ""-615000"", ""buy_8th_pre_req"": ""21"", ""buy_8th_pre_req_pre"": ""0"", ""buy_9th_pre_bid"": ""-614000"", ""buy_9th_pre_req"": ""134"", ""buy_9th_pre_req_pre"": ""0"", ""buy_10th_pre_bid"": ""-613000"", ""buy_10th_pre_req"": ""44"", ""buy_10th_pre_req_pre"": ""0"", ""tot_sel_req_jub_pre"": ""0"", ""tot_sel_req"": ""603"", ""tot_buy_req"": ""769"", ""tot_buy_req_jub_pre"": ""--1"", ""ovt_sel_req_pre"": ""0"", ""ovt_sel_req"": ""0"", ""ovt_buy_req"": ""0"", ""ovt_buy_req_pre"": ""0"", ""return_code"": 0, ""return_msg"": ""정상적으로 처리되었습니다""}"
2026-06-10,scan_candidate,011070,,0,main_scan,1126000,,1126000,1125000,1126000,1129000,0.17761989342806395,0.08880994671403197,,,,,,"{""bid_req_base_tm"": ""113646"", ""sel_10th_pre_req_pre"": ""0"", ""sel_10th_pre_req"": ""5"", ""sel_10th_pre_bid"": ""-1135000"", ""sel_9th_pre_req_pre"": ""0"", ""sel_9th_pre_req"": ""23"", ""sel_9th_pre_bid"": ""-1134000"", ""sel_8th_pre_req_pre"": ""0"", ""sel_8th_pre_req"": ""7"", ""sel_8th_pre_bid"": ""-1133000"", ""sel_7th_pre_req_pre"": ""0"", ""sel_7th_pre_req"": ""17"", ""sel_7th_pre_bid"": ""-1132000"", ""sel_6th_pre_req_pre"": ""0"", ""sel_6th_pre_req"": ""23"", ""sel_6th_pre_bid"": ""-1131000"", ""sel_5th_pre_req_pre"": ""0"", ""sel_5th_pre_req"": ""12"", ""sel_5th_pre_bid"": ""-1130000"", ""sel_4th_pre_req_pre"": ""0"", ""sel_4th_pre_req"": ""11"", ""sel_4th_pre_bid"": ""-1129000"", ""sel_3th_pre_req_pre"": ""0"", ""sel_3th_pre_req"": ""4"", ""sel_3th_pre_bid"": ""-1128000"", ""sel_2th_pre_req_pre"": ""0"", ""sel_2th_pre_req"": ""1"", ""sel_2th_pre_bid"": ""-1127000"", ""sel_1th_pre_req_pre"": ""0"", ""sel_fpr_req"": ""52"", ""sel_fpr_bid"": ""-1126000"", ""buy_fpr_bid"": ""-1125000"", ""buy_fpr_req"": ""30"", ""buy_1th_pre_req_pre"": ""--9"", ""buy_2th_pre_bid"": ""-1124000"", ""buy_2th_pre_req"": ""66"", ""buy_2th_pre_req_pre"": ""0"", ""buy_3th_pre_bid"": ""-1123000"", ""buy_3th_pre_req"": ""126"", ""buy_3th_pre_req_pre"": ""0"", ""buy_4th_pre_bid"": ""-1122000"", ""buy_4th_pre_req"": ""361"", ""buy_4th_pre_req_pre"": ""0"", ""buy_5th_pre_bid"": ""-1121000"", ""buy_5th_pre_req"": ""97"", ""buy_5th_pre_req_pre"": ""0"", ""buy_6th_pre_bid"": ""-1120000"", ""buy_6th_pre_req"": ""25"", ""buy_6th_pre_req_pre"": ""0"", ""buy_7th_pre_bid"": ""-1119000"", ""buy_7th_pre_req"": ""30"", ""buy_7th_pre_req_pre"": ""0"", ""buy_8th_pre_bid"": ""-1118000"", ""buy_8th_pre_req"": ""41"", ""buy_8th_pre_req_pre"": ""0"", ""buy_9th_pre_bid"": ""-1117000"", ""buy_9th_pre_req"": ""159"", ""buy_9th_pre_req_pre"": ""0"", ""buy_10th_pre_bid"": ""-1116000"", ""buy_10th_pre_req"": ""108"", ""buy_10th_pre_req_pre"": ""0"", ""tot_sel_req_jub_pre"": ""0"", ""tot_sel_req"": ""155"", ""tot_buy_req"": ""1043"", ""tot_buy_req_jub_pre"": ""--9"", ""ovt_sel_req_pre"": ""0"", ""ovt_sel_req"": ""0"", ""ovt_buy_req"": ""0"", ""ovt_buy_req_pre"": ""0"", ""return_code"": 0, ""return_msg"": ""정상적으로 처리되었습니다""}"
2026-06-10,scan_candidate,042700,,0,main_scan,279500,,279500,279000,279500,281000,0.35778175313059035,0.17889087656529518,,,,,,"{""bid_req_base_tm"": ""113647"", ""sel_10th_pre_req_pre"": ""0"", ""sel_10th_pre_req"": ""277"", ""sel_10th_pre_bid"": ""+284000"", ""sel_9th_pre_req_pre"": ""0"", ""sel_9th_pre_req"": ""114"", ""sel_9th_pre_bid"": ""+283500"", ""sel_8th_pre_req_pre"": ""0"", ""sel_8th_pre_req"": ""248"", ""sel_8th_pre_bid"": ""+283000"", ""sel_7th_pre_req_pre"": ""0"", ""sel_7th_pre_req"": ""102"", ""sel_7th_pre_bid"": ""+282500"", ""sel_6th_pre_req_pre"": ""0"", ""sel_6th_pre_req"": ""167"", ""sel_6th_pre_bid"": ""+282000"", ""sel_5th_pre_req_pre"": ""0"", ""sel_5th_pre_req"": ""64"", ""sel_5th_pre_bid"": ""+281500"", ""sel_4th_pre_req_pre"": ""0"", ""sel_4th_pre_req"": ""157"", ""sel_4th_pre_bid"": ""+281000"", ""sel_3th_pre_req_pre"": ""0"", ""sel_3th_pre_req"": ""327"", ""sel_3th_pre_bid"": ""+280500"", ""sel_2th_pre_req_pre"": ""0"", ""sel_2th_pre_req"": ""261"", ""sel_2th_pre_bid"": ""+280000"", ""sel_1th_pre_req_pre"": ""0"", ""sel_fpr_req"": ""319"", ""sel_fpr_bid"": ""+279500"", ""buy_fpr_bid"": ""+279000"", ""buy_fpr_req"": ""569"", ""buy_1th_pre_req_pre"": ""0"", ""buy_2th_pre_bid"": ""+278500"", ""buy_2th_pre_req"": ""656"", ""buy_2th_pre_req_pre"": ""0"", ""buy_3th_pre_bid"": ""+278000"", ""buy_3th_pre_req"": ""955"", ""buy_3th_pre_req_pre"": ""0"", ""buy_4th_pre_bid"": ""+277500"", ""buy_4th_pre_req"": ""410"", ""buy_4th_pre_req_pre"": ""0"", ""buy_5th_pre_bid"": ""+277000"", ""buy_5th_pre_req"": ""842"", ""buy_5th_pre_req_pre"": ""0"", ""buy_6th_pre_bid"": ""276500"", ""buy_6th_pre_req"": ""823"", ""buy_6th_pre_req_pre"": ""0"", ""buy_7th_pre_bid"": ""-276000"", ""buy_7th_pre_req"": ""1946"", ""buy_7th_pre_req_pre"": ""0"", ""buy_8th_pre_bid"": ""-275500"", ""buy_8th_pre_req"": ""249"", ""buy_8th_pre_req_pre"": ""0"", ""buy_9th_pre_bid"": ""-275000"", ""buy_9th_pre_req"": ""1234"", ""buy_9th_pre_req_pre"": ""0"", ""buy_10th_pre_bid"": ""-274500"", ""buy_10th_pre_req"": ""188"", ""buy_10th_pre_req_pre"": ""0"", ""tot_sel_req_jub_pre"": ""0"", ""tot_sel_req"": ""2036"", ""tot_buy_req"": ""7872"", ""tot_buy_req_jub_pre"": ""0"", ""ovt_sel_req_pre"": ""0"", ""ovt_sel_req"": ""0"", ""ovt_buy_req"": ""0"", ""ovt_buy_req_pre"": ""0"", ""return_code"": 0, ""return_msg"": ""정상적으로 처리되었습니다""}"
2026-06-10,scan_candidate,017670,,0,main_scan,106100,,106100,106000,106100,106000,-0.5655042412818096,0.0942507068803016,,,,,,"{""bid_req_base_tm"": ""113647"", ""sel_10th_pre_req_pre"": ""0"", ""sel_10th_pre_req"": ""104"", ""sel_10th_pre_bid"": ""-107000"", ""sel_9th_pre_req_pre"": ""0"", ""sel_9th_pre_req"": ""113"", ""sel_9th_pre_bid"": ""-106900"", ""sel_8th_pre_req_pre"": ""0"", ""sel_8th_pre_req"": ""119"", ""sel_8th_pre_bid"": ""-106800"", ""sel_7th_pre_req_pre"": ""0"", ""sel_7th_pre_req"": ""1"", ""sel_7th_pre_bid"": ""-106700"", ""sel_6th_pre_req_pre"": ""0"", ""sel_6th_pre_req"": ""54"", ""sel_6th_pre_bid"": ""-106600"", ""sel_5th_pre_req_pre"": ""0"", ""sel_5th_pre_req"": ""90"", ""sel_5th_pre_bid"": ""-106500"", ""sel_4th_pre_req_pre"": ""0"", ""sel_4th_pre_req"": ""197"", ""sel_4th_pre_bid"": ""-106400"", ""sel_3th_pre_req_pre"": ""0"", ""sel_3th_pre_req"": ""272"", ""sel_3th_pre_bid"": ""-106300"", ""sel_2th_pre_req_pre"": ""0"", ""sel_2th_pre_req"": ""664"", ""sel_2th_pre_bid"": ""-106200"", ""sel_1th_pre_req_pre"": ""0"", ""sel_fpr_req"": ""385"", ""sel_fpr_bid"": ""-106100"", ""buy_fpr_bid"": ""-106000"", ""buy_fpr_req"": ""589"", ""buy_1th_pre_req_pre"": ""0"", ""buy_2th_pre_bid"": ""-105900"", ""buy_2th_pre_req"": ""1098"", ""buy_2th_pre_req_pre"": ""0"", ""buy_3th_pre_bid"": ""-105800"", ""buy_3th_pre_req"": ""681"", ""buy_3th_pre_req_pre"": ""0"", ""buy_4th_pre_bid"": ""-105700"", ""buy_4th_pre_req"": ""846"", ""buy_4th_pre_req_pre"": ""0"", ""buy_5th_pre_bid"": ""-105600"", ""buy_5th_pre_req"": ""1214"", ""buy_5th_pre_req_pre"": ""0"", ""buy_6th_pre_bid"": ""-105500"", ""buy_6th_pre_req"": ""2705"", ""buy_6th_pre_req_pre"": ""0"", ""buy_7th_pre_bid"": ""-105400"", ""buy_7th_pre_req"": ""435"", ""buy_7th_pre_req_pre"": ""0"", ""buy_8th_pre_bid"": ""-105300"", ""buy_8th_pre_req"": ""609"", ""buy_8th_pre_req_pre"": ""0"", ""buy_9th_pre_bid"": ""-105200"", ""buy_9th_pre_req"": ""1315"", ""buy_9th_pre_req_pre"": ""0"", ""buy_10th_pre_bid"": ""-105100"", ""buy_10th_pre_req"": ""3152"", ""buy_10th_pre_req_pre"": ""0"", ""tot_sel_req_jub_pre"": ""0"", ""tot_sel_req"": ""1999"", ""tot_buy_req"": ""12644"", ""tot_buy_req_jub_pre"": ""0"", ""ovt_sel_req_pre"": ""0"", ""ovt_sel_req"": ""0"", ""ovt_buy_req"": ""0"", ""ovt_buy_req_pre"": ""0"", ""return_code"": 0, ""return_msg"": ""정상적으로 처리되었습니다""}"
2026-06-10,scan_candidate,018260,,0,main_scan,231500,,231500,231000,231500,233000,0.4319654427645789,0.21598272138228944,,,,,,"{""bid_req_base_tm"": ""113647"", ""sel_10th_pre_req_pre"": ""0"", ""sel_10th_pre_req"": ""88"", ""sel_10th_pre_bid"": ""-236000"", ""sel_9th_pre_req_pre"": ""0"", ""sel_9th_pre_req"": ""217"", ""sel_9th_pre_bid"": ""-235500"", ""sel_8th_pre_req_pre"": ""0"", ""sel_8th_pre_req"": ""299"", ""sel_8th_pre_bid"": ""-235000"", ""sel_7th_pre_req_pre"": ""0"", ""sel_7th_pre_req"": ""168"", ""sel_7th_pre_bid"": ""-234500"", ""sel_6th_pre_req_pre"": ""0"", ""sel_6th_pre_req"": ""143"", ""sel_6th_pre_bid"": ""-234000"", ""sel_5th_pre_req_pre"": ""0"", ""sel_5th_pre_req"": ""190"", ""sel_5th_pre_bid"": ""-233500"", ""sel_4th_pre_req_pre"": ""0"", ""sel_4th_pre_req"": ""94"", ""sel_4th_pre_bid"": ""-233000"", ""sel_3th_pre_req_pre"": ""0"", ""sel_3th_pre_req"": ""141"", ""sel_3th_pre_bid"": ""-232500"", ""sel_2th_pre_req_pre"": ""0"", ""sel_2th_pre_req"": ""55"", ""sel_2th_pre_bid"": ""-232000"", ""sel_1th_pre_req_pre"": ""+1"", ""sel_fpr_req"": ""147"", ""sel_fpr_bid"": ""-231500"", ""buy_fpr_bid"": ""-231000"", ""buy_fpr_req"": ""148"", ""buy_1th_pre_req_pre"": ""0"", ""buy_2th_pre_bid"": ""-230500"", ""buy_2th_pre_req"": ""3226"", ""buy_2th_pre_req_pre"": ""0"", ""buy_3th_pre_bid"": ""-230000"", ""buy_3th_pre_req"": ""5523"", ""buy_3th_pre_req_pre"": ""0"", ""buy_4th_pre_bid"": ""-229500"", ""buy_4th_pre_req"": ""3689"", ""buy_4th_pre_req_pre"": ""0"", ""buy_5th_pre_bid"": ""-229000"", ""buy_5th_pre_req"": ""1133"", ""buy_5th_pre_req_pre"": ""0"", ""buy_6th_pre_bid"": ""-228500"", ""buy_6th_pre_req"": ""1097"", ""buy_6th_pre_req_pre"": ""0"", ""buy_7th_pre_bid"": ""-228000"", ""buy_7th_pre_req"": ""1984"", ""buy_7th_pre_req_pre"": ""0"", ""buy_8th_pre_bid"": ""-227500"", ""buy_8th_pre_req"": ""1739"", ""buy_8th_pre_req_pre"": ""0"", ""buy_9th_pre_bid"": ""-227000"", ""buy_9th_pre_req"": ""1683"", ""buy_9th_pre_req_pre"": ""0"", ""buy_10th_pre_bid"": ""-226500"", ""buy_10th_pre_req"": ""518"", ""buy_10th_pre_req_pre"": ""0"", ""tot_sel_req_jub_pre"": ""+1"", ""tot_sel_req"": ""1542"", ""tot_buy_req"": ""20740"", ""tot_buy_req_jub_pre"": ""0"", ""ovt_sel_req_pre"": ""0"", ""ovt_sel_req"": ""0"", ""ovt_buy_req"": ""0"", ""ovt_buy_req_pre"": ""0"", ""return_code"": 0, ""return_msg"": ""정상적으로 처리되었습니다""}"
2026-06-10,scan_candidate,033780,,0,main_scan,184100,,184100,183900,184100,183500,-0.5975013579576317,0.10863661053775121,,,,,,"{""bid_req_base_tm"": ""113647"", ""sel_10th_pre_req_pre"": ""0"", ""sel_10th_pre_req"": ""4"", ""sel_10th_pre_bid"": ""+185100"", ""sel_9th_pre_req_pre"": ""0"", ""sel_9th_pre_req"": ""1183"", ""sel_9th_pre_bid"": ""+185000"", ""sel_8th_pre_req_pre"": ""0"", ""sel_8th_pre_req"": ""55"", ""sel_8th_pre_bid"": ""+184900"", ""sel_7th_pre_req_pre"": ""0"", ""sel_7th_pre_req"": ""78"", ""sel_7th_pre_bid"": ""+184800"", ""sel_6th_pre_req_pre"": ""0"", ""sel_6th_pre_req"": ""226"", ""sel_6th_pre_bid"": ""+184700"", ""sel_5th_pre_req_pre"": ""0"", ""sel_5th_pre_req"": ""84"", ""sel_5th_pre_bid"": ""+184600"", ""sel_4th_pre_req_pre"": ""0"", ""sel_4th_pre_req"": ""157"", ""sel_4th_pre_bid"": ""+184500"", ""sel_3th_pre_req_pre"": ""0"", ""sel_3th_pre_req"": ""175"", ""sel_3th_pre_bid"": ""184300"", ""sel_2th_pre_req_pre"": ""0"", ""sel_2th_pre_req"": ""136"", ""sel_2th_pre_bid"": ""-184200"", ""sel_1th_pre_req_pre"": ""0"", ""sel_fpr_req"": ""592"", ""sel_fpr_bid"": ""-184100"", ""buy_fpr_bid"": ""-183900"", ""buy_fpr_req"": ""124"", ""buy_1th_pre_req_pre"": ""+2"", ""buy_2th_pre_bid"": ""-183800"", ""buy_2th_pre_req"": ""279"", ""buy_2th_pre_req_pre"": ""0"", ""buy_3th_pre_bid"": ""-183700"", ""buy_3th_pre_req"": ""60"", ""buy_3th_pre_req_pre"": ""0"", ""buy_4th_pre_bid"": ""-183600"", ""buy_4th_pre_req"": ""12"", ""buy_4th_pre_req_pre"": ""0"", ""buy_5th_pre_bid"": ""-183500"", ""buy_5th_pre_req"": ""23"", ""buy_5th_pre_req_pre"": ""0"", ""buy_6th_pre_bid"": ""-183400"", ""buy_6th_pre_req"": ""11"", ""buy_6th_pre_req_pre"": ""0"", ""buy_7th_pre_bid"": ""-183300"", ""buy_7th_pre_req"": ""112"", ""buy_7th_pre_req_pre"": ""0"", ""buy_8th_pre_bid"": ""-183200"", ""buy_8th_pre_req"": ""12"", ""buy_8th_pre_req_pre"": ""0"", ""buy_9th_pre_bid"": ""-183100"", ""buy_9th_pre_req"": ""71"", ""buy_9th_pre_req_pre"": ""0"", ""buy_10th_pre_bid"": ""-183000"", ""buy_10th_pre_req"": ""218"", ""buy_10th_pre_req_pre"": ""0"", ""tot_sel_req_jub_pre"": ""0"", ""tot_sel_req"": ""2690"", ""tot_buy_req"": ""922"", ""tot_buy_req_jub_pre"": ""+2"", ""ovt_sel_req_pre"": ""0"", ""ovt_sel_req"": ""0"", ""ovt_buy_req"": ""0"", ""ovt_buy_req_pre"": ""0"", ""return_code"": 0, ""return_msg"": ""정상적으로 처리되었습니다""}"
2026-06-10,scan_candidate,307950,,0,main_scan,693000,,693000,691000,693000,693000,-0.1443001443001443,0.2886002886002886,,,,,,"{""bid_req_base_tm"": ""113646"", ""sel_10th_pre_req_pre"": ""0"", ""sel_10th_pre_req"": ""211"", ""sel_10th_pre_bid"": ""+702000"", ""sel_9th_pre_req_pre"": ""0"", ""sel_9th_pre_req"": ""18"", ""sel_9th_pre_bid"": ""+701000"", ""sel_8th_pre_req_pre"": ""0"", ""sel_8th_pre_req"": ""106"", ""sel_8th_pre_bid"": ""+700000"", ""sel_7th_pre_req_pre"": ""0"", ""sel_7th_pre_req"": ""394"", ""sel_7th_pre_bid"": ""+699000"", ""sel_6th_pre_req_pre"": ""0"", ""sel_6th_pre_req"": ""32"", ""sel_6th_pre_bid"": ""+698000"", ""sel_5th_pre_req_pre"": ""0"", ""sel_5th_pre_req"": ""17"", ""sel_5th_pre_bid"": ""+697000"", ""sel_4th_pre_req_pre"": ""0"", ""sel_4th_pre_req"": ""4"", ""sel_4th_pre_bid"": ""+696000"", ""sel_3th_pre_req_pre"": ""0"", ""sel_3th_pre_req"": ""17"", ""sel_3th_pre_bid"": ""+695000"", ""sel_2th_pre_req_pre"": ""0"", ""sel_2th_pre_req"": ""19"", ""sel_2th_pre_bid"": ""+694000"", ""sel_1th_pre_req_pre"": ""0"", ""sel_fpr_req"": ""12"", ""sel_fpr_bid"": ""+693000"", ""buy_fpr_bid"": ""+691000"", ""buy_fpr_req"": ""18"", ""buy_1th_pre_req_pre"": ""--14"", ""buy_2th_pre_bid"": ""+690000"", ""buy_2th_pre_req"": ""87"", ""buy_2th_pre_req_pre"": ""0"", ""buy_3th_pre_bid"": ""+689000"", ""buy_3th_pre_req"": ""48"", ""buy_3th_pre_req_pre"": ""0"", ""buy_4th_pre_bid"": ""+688000"", ""buy_4th_pre_req"": ""113"", ""buy_4th_pre_req_pre"": ""0"", ""buy_5th_pre_bid"": ""687000"", ""buy_5th_pre_req"": ""188"", ""buy_5th_pre_req_pre"": ""0"", ""buy_6th_pre_bid"": ""-686000"", ""buy_6th_pre_req"": ""134"", ""buy_6th_pre_req_pre"": ""0"", ""buy_7th_pre_bid"": ""-685000"", ""buy_7th_pre_req"": ""346"", ""buy_7th_pre_req_pre"": ""0"", ""buy_8th_pre_bid"": ""-684000"", ""buy_8th_pre_req"": ""377"", ""buy_8th_pre_req_pre"": ""0"", ""buy_9th_pre_bid"": ""-683000"", ""buy_9th_pre_req"": ""193"", ""buy_9th_pre_req_pre"": ""0"", ""buy_10th_pre_bid"": ""-682000"", ""buy_10th_pre_req"": ""158"", ""buy_10th_pre_req_pre"": ""0"", ""tot_sel_req_jub_pre"": ""0"", ""tot_sel_req"": ""830"", ""tot_buy_req"": ""1662"", ""tot_buy_req_jub_pre"": ""--14"", ""ovt_sel_req_pre"": ""0"", ""ovt_sel_req"": ""0"", ""ovt_buy_req"": ""0"", ""ovt_buy_req_pre"": ""0"", ""return_code"": 0, ""return_msg"": ""정상적으로 처리되었습니다""}"
2026-06-10,scan_candidate,138040,,0,main_scan,109300,,109300,109200,109300,109000,-0.7319304666056725,0.09149130832570906,,,,,,"{""bid_req_base_tm"": ""113647"", ""sel_10th_pre_req_pre"": ""0"", ""sel_10th_pre_req"": ""574"", ""sel_10th_pre_bid"": ""+110200"", ""sel_9th_pre_req_pre"": ""0"", ""sel_9th_pre_req"": ""5082"", ""sel_9th_pre_bid"": ""+110100"", ""sel_8th_pre_req_pre"": ""0"", ""sel_8th_pre_req"": ""1031"", ""sel_8th_pre_bid"": ""+110000"", ""sel_7th_pre_req_pre"": ""0"", ""sel_7th_pre_req"": ""842"", ""sel_7th_pre_bid"": ""+109900"", ""sel_6th_pre_req_pre"": ""0"", ""sel_6th_pre_req"": ""557"", ""sel_6th_pre_bid"": ""+109800"", ""sel_5th_pre_req_pre"": ""0"", ""sel_5th_pre_req"": ""115"", ""sel_5th_pre_bid"": ""+109700"", ""sel_4th_pre_req_pre"": ""0"", ""sel_4th_pre_req"": ""168"", ""sel_4th_pre_bid"": ""+109600"", ""sel_3th_pre_req_pre"": ""0"", ""sel_3th_pre_req"": ""74"", ""sel_3th_pre_bid"": ""+109500"", ""sel_2th_pre_req_pre"": ""0"", ""sel_2th_pre_req"": ""123"", ""sel_2th_pre_bid"": ""+109400"", ""sel_1th_pre_req_pre"": ""--75"", ""sel_fpr_req"": ""87"", ""sel_fpr_bid"": ""+109300"", ""buy_fpr_bid"": ""+109200"", ""buy_fpr_req"": ""444"", ""buy_1th_pre_req_pre"": ""--3"", ""buy_2th_pre_bid"": ""109100"", ""buy_2th_pre_req"": ""297"", ""buy_2th_pre_req_pre"": ""0"", ""buy_3th_pre_bid"": ""-109000"", ""buy_3th_pre_req"": ""2"", ""buy_3th_pre_req_pre"": ""0"", ""buy_4th_pre_bid"": ""-108900"", ""buy_4th_pre_req"": ""16"", ""buy_4th_pre_req_pre"": ""0"", ""buy_5th_pre_bid"": ""-108800"", ""buy_5th_pre_req"": ""20"", ""buy_5th_pre_req_pre"": ""0"", ""buy_6th_pre_bid"": ""-108700"", ""buy_6th_pre_req"": ""54"", ""buy_6th_pre_req_pre"": ""0"", ""buy_7th_pre_bid"": ""-108600"", ""buy_7th_pre_req"": ""276"", ""buy_7th_pre_req_pre"": ""0"", ""buy_8th_pre_bid"": ""-108500"", ""buy_8th_pre_req"": ""301"", ""buy_8th_pre_req_pre"": ""0"", ""buy_9th_pre_bid"": ""-108400"", ""buy_9th_pre_req"": ""23"", ""buy_9th_pre_req_pre"": ""0"", ""buy_10th_pre_bid"": ""-108300"", ""buy_10th_pre_req"": ""5"", ""buy_10th_pre_req_pre"": ""0"", ""tot_sel_req_jub_pre"": ""--75"", ""tot_sel_req"": ""8653"", ""tot_buy_req"": ""1438"", ""tot_buy_req_jub_pre"": ""--3"", ""ovt_sel_req_pre"": ""0"", ""ovt_sel_req"": ""0"", ""ovt_buy_req"": ""0"", ""ovt_buy_req_pre"": ""0"", ""return_code"": 0, ""return_msg"": ""정상적으로 처리되었습니다""}"
2026-06-10,scan_candidate,003550,,0,main_scan,109300,,109300,109200,109300,109000,-0.7319304666056725,0.09149130832570906,,,,,,"{""bid_req_base_tm"": ""113647"", ""sel_10th_pre_req_pre"": ""0"", ""sel_10th_pre_req"": ""8"", ""sel_10th_pre_bid"": ""-110300"", ""sel_9th_pre_req_pre"": ""0"", ""sel_9th_pre_req"": ""65"", ""sel_9th_pre_bid"": ""-110200"", ""sel_8th_pre_req_pre"": ""0"", ""sel_8th_pre_req"": ""6"", ""sel_8th_pre_bid"": ""-110100"", ""sel_7th_pre_req_pre"": ""0"", ""sel_7th_pre_req"": ""219"", ""sel_7th_pre_bid"": ""-110000"", ""sel_6th_pre_req_pre"": ""0"", ""sel_6th_pre_req"": ""16"", ""sel_6th_pre_bid"": ""-109900"", ""sel_5th_pre_req_pre"": ""0"", ""sel_5th_pre_req"": ""1"", ""sel_5th_pre_bid"": ""-109800"", ""sel_4th_pre_req_pre"": ""0"", ""sel_4th_pre_req"": ""130"", ""sel_4th_pre_bid"": ""-109700"", ""sel_3th_pre_req_pre"": ""0"", ""sel_3th_pre_req"": ""11"", ""sel_3th_pre_bid"": ""-109500"", ""sel_2th_pre_req_pre"": ""0"", ""sel_2th_pre_req"": ""114"", ""sel_2th_pre_bid"": ""-109400"", ""sel_1th_pre_req_pre"": ""0"", ""sel_fpr_req"": ""321"", ""sel_fpr_bid"": ""-109300"", ""buy_fpr_bid"": ""-109200"", ""buy_fpr_req"": ""143"", ""buy_1th_pre_req_pre"": ""0"", ""buy_2th_pre_bid"": ""-109100"", ""buy_2th_pre_req"": ""104"", ""buy_2th_pre_req_pre"": ""0"", ""buy_3th_pre_bid"": ""-109000"", ""buy_3th_pre_req"": ""23"", ""buy_3th_pre_req_pre"": ""0"", ""buy_4th_pre_bid"": ""-108900"", ""buy_4th_pre_req"": ""3"", ""buy_4th_pre_req_pre"": ""0"", ""buy_5th_pre_bid"": ""-108800"", ""buy_5th_pre_req"": ""7"", ""buy_5th_pre_req_pre"": ""0"", ""buy_6th_pre_bid"": ""-108700"", ""buy_6th_pre_req"": ""6"", ""buy_6th_pre_req_pre"": ""0"", ""buy_7th_pre_bid"": ""-108600"", ""buy_7th_pre_req"": ""31"", ""buy_7th_pre_req_pre"": ""0"", ""buy_8th_pre_bid"": ""-108500"", ""buy_8th_pre_req"": ""108"", ""buy_8th_pre_req_pre"": ""0"", ""buy_9th_pre_bid"": ""-108400"", ""buy_9th_pre_req"": ""68"", ""buy_9th_pre_req_pre"": ""0"", ""buy_10th_pre_bid"": ""-108300"", ""buy_10th_pre_req"": ""329"", ""buy_10th_pre_req_pre"": ""0"", ""tot_sel_req_jub_pre"": ""0"", ""tot_sel_req"": ""891"", ""tot_buy_req"": ""822"", ""tot_buy_req_jub_pre"": ""0"", ""ovt_sel_req_pre"": ""0"", ""ovt_sel_req"": ""0"", ""ovt_buy_req"": ""0"", ""ovt_buy_req_pre"": ""0"", ""return_code"": 0, ""return_msg"": ""정상적으로 처리되었습니다""}"
2026-06-10,scan_candidate,024110,,0,main_scan,21000,,21000,20950,21000,20800,-1.1904761904761905,0.2380952380952381,,,,,,"{""bid_req_base_tm"": ""113646"", ""sel_10th_pre_req_pre"": ""0"", ""sel_10th_pre_req"": ""4855"", ""sel_10th_pre_bid"": ""+21450"", ""sel_9th_pre_req_pre"": ""0"", ""sel_9th_pre_req"": ""11051"", ""sel_9th_pre_bid"": ""+21400"", ""sel_8th_pre_req_pre"": ""0"", ""sel_8th_pre_req"": ""5261"", ""sel_8th_pre_bid"": ""+21350"", ""sel_7th_pre_req_pre"": ""0"", ""sel_7th_pre_req"": ""12361"", ""sel_7th_pre_bid"": ""+21300"", ""sel_6th_pre_req_pre"": ""0"", ""sel_6th_pre_req"": ""12584"", ""sel_6th_pre_bid"": ""+21250"", ""sel_5th_pre_req_pre"": ""0"", ""sel_5th_pre_req"": ""20608"", ""sel_5th_pre_bid"": ""+21200"", ""sel_4th_pre_req_pre"": ""0"", ""sel_4th_pre_req"": ""23819"", ""sel_4th_pre_bid"": ""+21150"", ""sel_3th_pre_req_pre"": ""0"", ""sel_3th_pre_req"": ""16009"", ""sel_3th_pre_bid"": ""+21100"", ""sel_2th_pre_req_pre"": ""0"", ""sel_2th_pre_req"": ""5670"", ""sel_2th_pre_bid"": ""+21050"", ""sel_1th_pre_req_pre"": ""+80"", ""sel_fpr_req"": ""6370"", ""sel_fpr_bid"": ""+21000"", ""buy_fpr_bid"": ""+20950"", ""buy_fpr_req"": ""2891"", ""buy_1th_pre_req_pre"": ""0"", ""buy_2th_pre_bid"": ""+20900"", ""buy_2th_pre_req"": ""5354"", ""buy_2th_pre_req_pre"": ""0"", ""buy_3th_pre_bid"": ""+20850"", ""buy_3th_pre_req"": ""3271"", ""buy_3th_pre_req_pre"": ""0"", ""buy_4th_pre_bid"": ""+20800"", ""buy_4th_pre_req"": ""2195"", ""buy_4th_pre_req_pre"": ""0"", ""buy_5th_pre_bid"": ""+20750"", ""buy_5th_pre_req"": ""1643"", ""buy_5th_pre_req_pre"": ""0"", ""buy_6th_pre_bid"": ""+20700"", ""buy_6th_pre_req"": ""2939"", ""buy_6th_pre_req_pre"": ""0"", ""buy_7th_pre_bid"": ""+20650"", ""buy_7th_pre_req"": ""2601"", ""buy_7th_pre_req_pre"": ""0"", ""buy_8th_pre_bid"": ""+20600"", ""buy_8th_pre_req"": ""2779"", ""buy_8th_pre_req_pre"": ""0"", ""buy_9th_pre_bid"": ""20550"", ""buy_9th_pre_req"": ""2196"", ""buy_9th_pre_req_pre"": ""0"", ""buy_10th_pre_bid"": ""-20500"", ""buy_10th_pre_req"": ""3411"", ""buy_10th_pre_req_pre"": ""0"", ""tot_sel_req_jub_pre"": ""+80"", ""tot_sel_req"": ""118588"", ""tot_buy_req"": ""29280"", ""tot_buy_req_jub_pre"": ""0"", ""ovt_sel_req_pre"": ""0"", ""ovt_sel_req"": ""0"", ""ovt_buy_req"": ""0"", ""ovt_buy_req_pre"": ""0"", ""return_code"": 0, ""return_msg"": ""정상적으로 처리되었습니다""}"
2026-06-10,scan_candidate,079550,,0,main_scan,768000,,768000,767000,768000,766000,-0.390625,0.13020833333333331,,,,,,"{""bid_req_base_tm"": ""113648"", ""sel_10th_pre_req_pre"": ""0"", ""sel_10th_pre_req"": ""78"", ""sel_10th_pre_bid"": ""+777000"", ""sel_9th_pre_req_pre"": ""0"", ""sel_9th_pre_req"": ""9"", ""sel_9th_pre_bid"": ""+776000"", ""sel_8th_pre_req_pre"": ""0"", ""sel_8th_pre_req"": ""139"", ""sel_8th_pre_bid"": ""+775000"", ""sel_7th_pre_req_pre"": ""0"", ""sel_7th_pre_req"": ""58"", ""sel_7th_pre_bid"": ""+774000"", ""sel_6th_pre_req_pre"": ""0"", ""sel_6th_pre_req"": ""290"", ""sel_6th_pre_bid"": ""+773000"", ""sel_5th_pre_req_pre"": ""0"", ""sel_5th_pre_req"": ""3"", ""sel_5th_pre_bid"": ""+772000"", ""sel_4th_pre_req_pre"": ""0"", ""sel_4th_pre_req"": ""7"", ""sel_4th_pre_bid"": ""+771000"", ""sel_3th_pre_req_pre"": ""0"", ""sel_3th_pre_req"": ""417"", ""sel_3th_pre_bid"": ""+770000"", ""sel_2th_pre_req_pre"": ""0"", ""sel_2th_pre_req"": ""25"", ""sel_2th_pre_bid"": ""+769000"", ""sel_1th_pre_req_pre"": ""0"", ""sel_fpr_req"": ""21"", ""sel_fpr_bid"": ""+768000"", ""buy_fpr_bid"": ""+767000"", ""buy_fpr_req"": ""35"", ""buy_1th_pre_req_pre"": ""0"", ""buy_2th_pre_bid"": ""+766000"", ""buy_2th_pre_req"": ""23"", ""buy_2th_pre_req_pre"": ""0"", ""buy_3th_pre_bid"": ""+765000"", ""buy_3th_pre_req"": ""117"", ""buy_3th_pre_req_pre"": ""0"", ""buy_4th_pre_bid"": ""+764000"", ""buy_4th_pre_req"": ""239"", ""buy_4th_pre_req_pre"": ""0"", ""buy_5th_pre_bid"": ""+763000"", ""buy_5th_pre_req"": ""51"", ""buy_5th_pre_req_pre"": ""0"", ""buy_6th_pre_bid"": ""+762000"", ""buy_6th_pre_req"": ""71"", ""buy_6th_pre_req_pre"": ""0"", ""buy_7th_pre_bid"": ""+761000"", ""buy_7th_pre_req"": ""95"", ""buy_7th_pre_req_pre"": ""0"", ""buy_8th_pre_bid"": ""+760000"", ""buy_8th_pre_req"": ""115"", ""buy_8th_pre_req_pre"": ""0"", ""buy_9th_pre_bid"": ""+759000"", ""buy_9th_pre_req"": ""18"", ""buy_9th_pre_req_pre"": ""0"", ""buy_10th_pre_bid"": ""+758000"", ""buy_10th_pre_req"": ""23"", ""buy_10th_pre_req_pre"": ""0"", ""tot_sel_req_jub_pre"": ""0"", ""tot_sel_req"": ""1047"", ""tot_buy_req"": ""787"", ""tot_buy_req_jub_pre"": ""0"", ""ovt_sel_req_pre"": ""0"", ""ovt_sel_req"": ""0"", ""ovt_buy_req"": ""0"", ""ovt_buy_req_pre"": ""0"", ""return_code"": 0, ""return_msg"": ""정상적으로 처리되었습니다""}"
2026-06-10,scan_candidate,278470,,0,main_scan,417000,,417000,416500,417000,416500,-0.2398081534772182,0.1199040767386091,,,,,,"{""bid_req_base_tm"": ""113648"", ""sel_10th_pre_req_pre"": ""0"", ""sel_10th_pre_req"": ""202"", ""sel_10th_pre_bid"": ""+421500"", ""sel_9th_pre_req_pre"": ""0"", ""sel_9th_pre_req"": ""93"", ""sel_9th_pre_bid"": ""+421000"", ""sel_8th_pre_req_pre"": ""0"", ""sel_8th_pre_req"": ""66"", ""sel_8th_pre_bid"": ""+420500"", ""sel_7th_pre_req_pre"": ""0"", ""sel_7th_pre_req"": ""416"", ""sel_7th_pre_bid"": ""+420000"", ""sel_6th_pre_req_pre"": ""0"", ""sel_6th_pre_req"": ""91"", ""sel_6th_pre_bid"": ""+419500"", ""sel_5th_pre_req_pre"": ""0"", ""sel_5th_pre_req"": ""79"", ""sel_5th_pre_bid"": ""+419000"", ""sel_4th_pre_req_pre"": ""0"", ""sel_4th_pre_req"": ""33"", ""sel_4th_pre_bid"": ""+418500"", ""sel_3th_pre_req_pre"": ""0"", ""sel_3th_pre_req"": ""134"", ""sel_3th_pre_bid"": ""+418000"", ""sel_2th_pre_req_pre"": ""0"", ""sel_2th_pre_req"": ""117"", ""sel_2th_pre_bid"": ""+417500"", ""sel_1th_pre_req_pre"": ""+4"", ""sel_fpr_req"": ""46"", ""sel_fpr_bid"": ""+417000"", ""buy_fpr_bid"": ""+416500"", ""buy_fpr_req"": ""121"", ""buy_1th_pre_req_pre"": ""0"", ""buy_2th_pre_bid"": ""+416000"", ""buy_2th_pre_req"": ""81"", ""buy_2th_pre_req_pre"": ""0"", ""buy_3th_pre_bid"": ""+415500"", ""buy_3th_pre_req"": ""21"", ""buy_3th_pre_req_pre"": ""0"", ""buy_4th_pre_bid"": ""+415000"", ""buy_4th_pre_req"": ""29"", ""buy_4th_pre_req_pre"": ""0"", ""buy_5th_pre_bid"": ""+414500"", ""buy_5th_pre_req"": ""247"", ""buy_5th_pre_req_pre"": ""0"", ""buy_6th_pre_bid"": ""+414000"", ""buy_6th_pre_req"": ""37"", ""buy_6th_pre_req_pre"": ""0"", ""buy_7th_pre_bid"": ""+413500"", ""buy_7th_pre_req"": ""183"", ""buy_7th_pre_req_pre"": ""0"", ""buy_8th_pre_bid"": ""+413000"", ""buy_8th_pre_req"": ""357"", ""buy_8th_pre_req_pre"": ""0"", ""buy_9th_pre_bid"": ""+412500"", ""buy_9th_pre_req"": ""21"", ""buy_9th_pre_req_pre"": ""0"", ""buy_10th_pre_bid"": ""+412000"", ""buy_10th_pre_req"": ""282"", ""buy_10th_pre_req_pre"": ""0"", ""tot_sel_req_jub_pre"": ""+4"", ""tot_sel_req"": ""1277"", ""tot_buy_req"": ""1379"", ""tot_buy_req_jub_pre"": ""0"", ""ovt_sel_req_pre"": ""0"", ""ovt_sel_req"": ""0"", ""ovt_buy_req"": ""0"", ""ovt_buy_req_pre"": ""0"", ""return_code"": 0, ""return_msg"": ""정상적으로 처리되었습니다""}"
2026-06-10,scan_candidate,030200,,0,main_scan,54700,,54700,54600,54700,54700,-0.18281535648994515,0.18281535648994515,,,,,,"{""bid_req_base_tm"": ""113648"", ""sel_10th_pre_req_pre"": ""0"", ""sel_10th_pre_req"": ""1225"", ""sel_10th_pre_bid"": ""+55600"", ""sel_9th_pre_req_pre"": ""0"", ""sel_9th_pre_req"": ""3251"", ""sel_9th_pre_bid"": ""+55500"", ""sel_8th_pre_req_pre"": ""0"", ""sel_8th_pre_req"": ""1360"", ""sel_8th_pre_bid"": ""+55400"", ""sel_7th_pre_req_pre"": ""0"", ""sel_7th_pre_req"": ""2008"", ""sel_7th_pre_bid"": ""+55300"", ""sel_6th_pre_req_pre"": ""0"", ""sel_6th_pre_req"": ""1149"", ""sel_6th_pre_bid"": ""+55200"", ""sel_5th_pre_req_pre"": ""0"", ""sel_5th_pre_req"": ""1230"", ""sel_5th_pre_bid"": ""+55100"", ""sel_4th_pre_req_pre"": ""0"", ""sel_4th_pre_req"": ""1103"", ""sel_4th_pre_bid"": ""+55000"", ""sel_3th_pre_req_pre"": ""0"", ""sel_3th_pre_req"": ""514"", ""sel_3th_pre_bid"": ""+54900"", ""sel_2th_pre_req_pre"": ""0"", ""sel_2th_pre_req"": ""412"", ""sel_2th_pre_bid"": ""+54800"", ""sel_1th_pre_req_pre"": ""0"", ""sel_fpr_req"": ""56"", ""sel_fpr_bid"": ""+54700"", ""buy_fpr_bid"": ""+54600"", ""buy_fpr_req"": ""718"", ""buy_1th_pre_req_pre"": ""+52"", ""buy_2th_pre_bid"": ""+54500"", ""buy_2th_pre_req"": ""1343"", ""buy_2th_pre_req_pre"": ""0"", ""buy_3th_pre_bid"": ""+54400"", ""buy_3th_pre_req"": ""932"", ""buy_3th_pre_req_pre"": ""0"", ""buy_4th_pre_bid"": ""+54300"", ""buy_4th_pre_req"": ""515"", ""buy_4th_pre_req_pre"": ""0"", ""buy_5th_pre_bid"": ""+54200"", ""buy_5th_pre_req"": ""1874"", ""buy_5th_pre_req_pre"": ""0"", ""buy_6th_pre_bid"": ""+54100"", ""buy_6th_pre_req"": ""792"", ""buy_6th_pre_req_pre"": ""0"", ""buy_7th_pre_bid"": ""+54000"", ""buy_7th_pre_req"": ""3592"", ""buy_7th_pre_req_pre"": ""0"", ""buy_8th_pre_bid"": ""+53900"", ""buy_8th_pre_req"": ""947"", ""buy_8th_pre_req_pre"": ""0"", ""buy_9th_pre_bid"": ""53800"", ""buy_9th_pre_req"": ""3159"", ""buy_9th_pre_req_pre"": ""0"", ""buy_10th_pre_bid"": ""-53700"", ""buy_10th_pre_req"": ""907"", ""buy_10th_pre_req_pre"": ""0"", ""tot_sel_req_jub_pre"": ""0"", ""tot_sel_req"": ""12308"", ""tot_buy_req"": ""14779"", ""tot_buy_req_jub_pre"": ""+52"", ""ovt_sel_req_pre"": ""0"", ""ovt_sel_req"": ""0"", ""ovt_buy_req"": ""0"", ""ovt_buy_req_pre"": ""0"", ""return_code"": 0, ""return_msg"": ""정상적으로 처리되었습니다""}"
2026-06-10,scan_candidate,010950,,0,main_scan,111900,,111900,111800,111900,111000,-1.2511170688114388,0.08936550491510277,,,,,,"{""bid_req_base_tm"": ""113649"", ""sel_10th_pre_req_pre"": ""0"", ""sel_10th_pre_req"": ""1072"", ""sel_10th_pre_bid"": ""+112800"", ""sel_9th_pre_req_pre"": ""0"", ""sel_9th_pre_req"": ""128"", ""sel_9th_pre_bid"": ""+112700"", ""sel_8th_pre_req_pre"": ""0"", ""sel_8th_pre_req"": ""13"", ""sel_8th_pre_bid"": ""+112600"", ""sel_7th_pre_req_pre"": ""0"", ""sel_7th_pre_req"": ""450"", ""sel_7th_pre_bid"": ""+112500"", ""sel_6th_pre_req_pre"": ""0"", ""sel_6th_pre_req"": ""213"", ""sel_6th_pre_bid"": ""+112400"", ""sel_5th_pre_req_pre"": ""0"", ""sel_5th_pre_req"": ""139"", ""sel_5th_pre_bid"": ""+112300"", ""sel_4th_pre_req_pre"": ""0"", ""sel_4th_pre_req"": ""103"", ""sel_4th_pre_bid"": ""+112200"", ""sel_3th_pre_req_pre"": ""0"", ""sel_3th_pre_req"": ""76"", ""sel_3th_pre_bid"": ""+112100"", ""sel_2th_pre_req_pre"": ""+1"", ""sel_2th_pre_req"": ""2"", ""sel_2th_pre_bid"": ""+112000"", ""sel_1th_pre_req_pre"": ""0"", ""sel_fpr_req"": ""50"", ""sel_fpr_bid"": ""+111900"", ""buy_fpr_bid"": ""+111800"", ""buy_fpr_req"": ""136"", ""buy_1th_pre_req_pre"": ""0"", ""buy_2th_pre_bid"": ""+111700"", ""buy_2th_pre_req"": ""203"", ""buy_2th_pre_req_pre"": ""0"", ""buy_3th_pre_bid"": ""+111600"", ""buy_3th_pre_req"": ""40"", ""buy_3th_pre_req_pre"": ""0"", ""buy_4th_pre_bid"": ""+111500"", ""buy_4th_pre_req"": ""29"", ""buy_4th_pre_req_pre"": ""0"", ""buy_5th_pre_bid"": ""+111400"", ""buy_5th_pre_req"": ""4"", ""buy_5th_pre_req_pre"": ""0"", ""buy_6th_pre_bid"": ""+111300"", ""buy_6th_pre_req"": ""123"", ""buy_6th_pre_req_pre"": ""0"", ""buy_7th_pre_bid"": ""+111100"", ""buy_7th_pre_req"": ""125"", ""buy_7th_pre_req_pre"": ""0"", ""buy_8th_pre_bid"": ""+111000"", ""buy_8th_pre_req"": ""8"", ""buy_8th_pre_req_pre"": ""0"", ""buy_9th_pre_bid"": ""110900"", ""buy_9th_pre_req"": ""191"", ""buy_9th_pre_req_pre"": ""0"", ""buy_10th_pre_bid"": ""-110400"", ""buy_10th_pre_req"": ""2"", ""buy_10th_pre_req_pre"": ""0"", ""tot_sel_req_jub_pre"": ""+1"", ""tot_sel_req"": ""2246"", ""tot_buy_req"": ""861"", ""tot_buy_req_jub_pre"": ""0"", ""ovt_sel_req_pre"": ""0"", ""ovt_sel_req"": ""0"", ""ovt_buy_req"": ""0"", ""ovt_buy_req_pre"": ""0"", ""return_code"": 0, ""return_msg"": ""정상적으로 처리되었습니다""}"
2026-06-10,scan_candidate,323410,,0,main_scan,24550,,24550,24500,24550,24400,-0.8146639511201629,0.20366598778004072,,,,,,"{""bid_req_base_tm"": ""113649"", ""sel_10th_pre_req_pre"": ""0"", ""sel_10th_pre_req"": ""15262"", ""sel_10th_pre_bid"": ""+25000"", ""sel_9th_pre_req_pre"": ""0"", ""sel_9th_pre_req"": ""7677"", ""sel_9th_pre_bid"": ""+24950"", ""sel_8th_pre_req_pre"": ""0"", ""sel_8th_pre_req"": ""5891"", ""sel_8th_pre_bid"": ""+24900"", ""sel_7th_pre_req_pre"": ""0"", ""sel_7th_pre_req"": ""8200"", ""sel_7th_pre_bid"": ""+24850"", ""sel_6th_pre_req_pre"": ""0"", ""sel_6th_pre_req"": ""14435"", ""sel_6th_pre_bid"": ""+24800"", ""sel_5th_pre_req_pre"": ""0"", ""sel_5th_pre_req"": ""5802"", ""sel_5th_pre_bid"": ""+24750"", ""sel_4th_pre_req_pre"": ""0"", ""sel_4th_pre_req"": ""7477"", ""sel_4th_pre_bid"": ""+24700"", ""sel_3th_pre_req_pre"": ""0"", ""sel_3th_pre_req"": ""4317"", ""sel_3th_pre_bid"": ""+24650"", ""sel_2th_pre_req_pre"": ""0"", ""sel_2th_pre_req"": ""3299"", ""sel_2th_pre_bid"": ""+24600"", ""sel_1th_pre_req_pre"": ""0"", ""sel_fpr_req"": ""2032"", ""sel_fpr_bid"": ""+24550"", ""buy_fpr_bid"": ""+24500"", ""buy_fpr_req"": ""6540"", ""buy_1th_pre_req_pre"": ""0"", ""buy_2th_pre_bid"": ""+24450"", ""buy_2th_pre_req"": ""3622"", ""buy_2th_pre_req_pre"": ""0"", ""buy_3th_pre_bid"": ""24400"", ""buy_3th_pre_req"": ""5547"", ""buy_3th_pre_req_pre"": ""0"", ""buy_4th_pre_bid"": ""-24350"", ""buy_4th_pre_req"": ""2061"", ""buy_4th_pre_req_pre"": ""0"", ""buy_5th_pre_bid"": ""-24300"", ""buy_5th_pre_req"": ""971"", ""buy_5th_pre_req_pre"": ""0"", ""buy_6th_pre_bid"": ""-24250"", ""buy_6th_pre_req"": ""1668"", ""buy_6th_pre_req_pre"": ""0"", ""buy_7th_pre_bid"": ""-24200"", ""buy_7th_pre_req"": ""895"", ""buy_7th_pre_req_pre"": ""0"", ""buy_8th_pre_bid"": ""-24150"", ""buy_8th_pre_req"": ""1288"", ""buy_8th_pre_req_pre"": ""0"", ""buy_9th_pre_bid"": ""-24100"", ""buy_9th_pre_req"": ""3307"", ""buy_9th_pre_req_pre"": ""0"", ""buy_10th_pre_bid"": ""-24050"", ""buy_10th_pre_req"": ""1331"", ""buy_10th_pre_req_pre"": ""0"", ""tot_sel_req_jub_pre"": ""0"", ""tot_sel_req"": ""74392"", ""tot_buy_req"": ""27230"", ""tot_buy_req_jub_pre"": ""0"", ""ovt_sel_req_pre"": ""0"", ""ovt_sel_req"": ""0"", ""ovt_buy_req"": ""0"", ""ovt_buy_req_pre"": ""0"", ""return_code"": 0, ""return_msg"": ""정상적으로 처리되었습니다""}"
2026-06-10,scan_candidate,005940,,0,main_scan,30800,,30800,30750,30800,30950,0.3246753246753247,0.16233766233766234,,,,,,"{""bid_req_base_tm"": ""113648"", ""sel_10th_pre_req_pre"": ""0"", ""sel_10th_pre_req"": ""445"", ""sel_10th_pre_bid"": ""31250"", ""sel_9th_pre_req_pre"": ""0"", ""sel_9th_pre_req"": ""414"", ""sel_9th_pre_bid"": ""-31200"", ""sel_8th_pre_req_pre"": ""0"", ""sel_8th_pre_req"": ""61"", ""sel_8th_pre_bid"": ""-31150"", ""sel_7th_pre_req_pre"": ""0"", ""sel_7th_pre_req"": ""51"", ""sel_7th_pre_bid"": ""-31100"", ""sel_6th_pre_req_pre"": ""0"", ""sel_6th_pre_req"": ""111"", ""sel_6th_pre_bid"": ""-31050"", ""sel_5th_pre_req_pre"": ""0"", ""sel_5th_pre_req"": ""291"", ""sel_5th_pre_bid"": ""-31000"", ""sel_4th_pre_req_pre"": ""0"", ""sel_4th_pre_req"": ""212"", ""sel_4th_pre_bid"": ""-30950"", ""sel_3th_pre_req_pre"": ""0"", ""sel_3th_pre_req"": ""437"", ""sel_3th_pre_bid"": ""-30900"", ""sel_2th_pre_req_pre"": ""0"", ""sel_2th_pre_req"": ""129"", ""sel_2th_pre_bid"": ""-30850"", ""sel_1th_pre_req_pre"": ""0"", ""sel_fpr_req"": ""10"", ""sel_fpr_bid"": ""-30800"", ""buy_fpr_bid"": ""-30750"", ""buy_fpr_req"": ""955"", ""buy_1th_pre_req_pre"": ""0"", ""buy_2th_pre_bid"": ""-30700"", ""buy_2th_pre_req"": ""926"", ""buy_2th_pre_req_pre"": ""0"", ""buy_3th_pre_bid"": ""-30650"", ""buy_3th_pre_req"": ""3731"", ""buy_3th_pre_req_pre"": ""0"", ""buy_4th_pre_bid"": ""-30600"", ""buy_4th_pre_req"": ""427"", ""buy_4th_pre_req_pre"": ""0"", ""buy_5th_pre_bid"": ""-30550"", ""buy_5th_pre_req"": ""433"", ""buy_5th_pre_req_pre"": ""0"", ""buy_6th_pre_bid"": ""-30500"", ""buy_6th_pre_req"": ""1211"", ""buy_6th_pre_req_pre"": ""0"", ""buy_7th_pre_bid"": ""-30450"", ""buy_7th_pre_req"": ""1569"", ""buy_7th_pre_req_pre"": ""0"", ""buy_8th_pre_bid"": ""-30400"", ""buy_8th_pre_req"": ""790"", ""buy_8th_pre_req_pre"": ""0"", ""buy_9th_pre_bid"": ""-30350"", ""buy_9th_pre_req"": ""1046"", ""buy_9th_pre_req_pre"": ""0"", ""buy_10th_pre_bid"": ""-30300"", ""buy_10th_pre_req"": ""3114"", ""buy_10th_pre_req_pre"": ""0"", ""tot_sel_req_jub_pre"": ""0"", ""tot_sel_req"": ""2161"", ""tot_buy_req"": ""14202"", ""tot_buy_req_jub_pre"": ""0"", ""ovt_sel_req_pre"": ""0"", ""ovt_sel_req"": ""0"", ""ovt_buy_req"": ""0"", ""ovt_buy_req_pre"": ""0"", ""return_code"": 0, ""return_msg"": ""정상적으로 처리되었습니다""}"
2026-06-10,scan_candidate,064400,,0,main_scan,94500,,94500,94400,94500,94700,0.10582010582010583,0.10582010582010583,,,,,,"{""bid_req_base_tm"": ""113650"", ""sel_10th_pre_req_pre"": ""0"", ""sel_10th_pre_req"": ""276"", ""sel_10th_pre_bid"": ""-95400"", ""sel_9th_pre_req_pre"": ""0"", ""sel_9th_pre_req"": ""245"", ""sel_9th_pre_bid"": ""-95300"", ""sel_8th_pre_req_pre"": ""0"", ""sel_8th_pre_req"": ""55"", ""sel_8th_pre_bid"": ""-95200"", ""sel_7th_pre_req_pre"": ""0"", ""sel_7th_pre_req"": ""64"", ""sel_7th_pre_bid"": ""-95100"", ""sel_6th_pre_req_pre"": ""0"", ""sel_6th_pre_req"": ""77"", ""sel_6th_pre_bid"": ""-95000"", ""sel_5th_pre_req_pre"": ""0"", ""sel_5th_pre_req"": ""38"", ""sel_5th_pre_bid"": ""-94900"", ""sel_4th_pre_req_pre"": ""0"", ""sel_4th_pre_req"": ""305"", ""sel_4th_pre_bid"": ""-94800"", ""sel_3th_pre_req_pre"": ""0"", ""sel_3th_pre_req"": ""72"", ""sel_3th_pre_bid"": ""-94700"", ""sel_2th_pre_req_pre"": ""0"", ""sel_2th_pre_req"": ""311"", ""sel_2th_pre_bid"": ""-94600"", ""sel_1th_pre_req_pre"": ""0"", ""sel_fpr_req"": ""221"", ""sel_fpr_bid"": ""-94500"", ""buy_fpr_bid"": ""-94400"", ""buy_fpr_req"": ""50"", ""buy_1th_pre_req_pre"": ""0"", ""buy_2th_pre_bid"": ""-94300"", ""buy_2th_pre_req"": ""236"", ""buy_2th_pre_req_pre"": ""0"", ""buy_3th_pre_bid"": ""-94200"", ""buy_3th_pre_req"": ""486"", ""buy_3th_pre_req_pre"": ""0"", ""buy_4th_pre_bid"": ""-94100"", ""buy_4th_pre_req"": ""1213"", ""buy_4th_pre_req_pre"": ""0"", ""buy_5th_pre_bid"": ""-94000"", ""buy_5th_pre_req"": ""5378"", ""buy_5th_pre_req_pre"": ""0"", ""buy_6th_pre_bid"": ""-93900"", ""buy_6th_pre_req"": ""1037"", ""buy_6th_pre_req_pre"": ""0"", ""buy_7th_pre_bid"": ""-93800"", ""buy_7th_pre_req"": ""1546"", ""buy_7th_pre_req_pre"": ""+2"", ""buy_8th_pre_bid"": ""-93700"", ""buy_8th_pre_req"": ""1800"", ""buy_8th_pre_req_pre"": ""0"", ""buy_9th_pre_bid"": ""-93600"", ""buy_9th_pre_req"": ""5800"", ""buy_9th_pre_req_pre"": ""0"", ""buy_10th_pre_bid"": ""-93500"", ""buy_10th_pre_req"": ""3130"", ""buy_10th_pre_req_pre"": ""0"", ""tot_sel_req_jub_pre"": ""0"", ""tot_sel_req"": ""1664"", ""tot_buy_req"": ""20676"", ""tot_buy_req_jub_pre"": ""+2"", ""ovt_sel_req_pre"": ""0"", ""ovt_sel_req"": ""0"", ""ovt_buy_req"": ""0"", ""ovt_buy_req_pre"": ""0"", ""return_code"": 0, ""return_msg"": ""정상적으로 처리되었습니다""}"
2026-06-10,scan_candidate,443060,,0,main_scan,227500,,227500,226500,227500,225500,-1.098901098901099,0.43956043956043955,,,,,,"{""bid_req_base_tm"": ""113650"", ""sel_10th_pre_req_pre"": ""0"", ""sel_10th_pre_req"": ""324"", ""sel_10th_pre_bid"": ""+232000"", ""sel_9th_pre_req_pre"": ""0"", ""sel_9th_pre_req"": ""26"", ""sel_9th_pre_bid"": ""+231500"", ""sel_8th_pre_req_pre"": ""0"", ""sel_8th_pre_req"": ""36"", ""sel_8th_pre_bid"": ""+231000"", ""sel_7th_pre_req_pre"": ""0"", ""sel_7th_pre_req"": ""22"", ""sel_7th_pre_bid"": ""+230500"", ""sel_6th_pre_req_pre"": ""0"", ""sel_6th_pre_req"": ""561"", ""sel_6th_pre_bid"": ""+230000"", ""sel_5th_pre_req_pre"": ""0"", ""sel_5th_pre_req"": ""1261"", ""sel_5th_pre_bid"": ""+229500"", ""sel_4th_pre_req_pre"": ""0"", ""sel_4th_pre_req"": ""516"", ""sel_4th_pre_bid"": ""+229000"", ""sel_3th_pre_req_pre"": ""0"", ""sel_3th_pre_req"": ""243"", ""sel_3th_pre_bid"": ""+228500"", ""sel_2th_pre_req_pre"": ""0"", ""sel_2th_pre_req"": ""75"", ""sel_2th_pre_bid"": ""+228000"", ""sel_1th_pre_req_pre"": ""0"", ""sel_fpr_req"": ""181"", ""sel_fpr_bid"": ""+227500"", ""buy_fpr_bid"": ""+226500"", ""buy_fpr_req"": ""239"", ""buy_1th_pre_req_pre"": ""+1"", ""buy_2th_pre_bid"": ""+226000"", ""buy_2th_pre_req"": ""41"", ""buy_2th_pre_req_pre"": ""0"", ""buy_3th_pre_bid"": ""+225500"", ""buy_3th_pre_req"": ""5"", ""buy_3th_pre_req_pre"": ""0"", ""buy_4th_pre_bid"": ""+225000"", ""buy_4th_pre_req"": ""35"", ""buy_4th_pre_req_pre"": ""0"", ""buy_5th_pre_bid"": ""+224500"", ""buy_5th_pre_req"": ""12"", ""buy_5th_pre_req_pre"": ""0"", ""buy_6th_pre_bid"": ""+224000"", ""buy_6th_pre_req"": ""15"", ""buy_6th_pre_req_pre"": ""0"", ""buy_7th_pre_bid"": ""+223500"", ""buy_7th_pre_req"": ""7"", ""buy_7th_pre_req_pre"": ""0"", ""buy_8th_pre_bid"": ""+223000"", ""buy_8th_pre_req"": ""32"", ""buy_8th_pre_req_pre"": ""0"", ""buy_9th_pre_bid"": ""+222500"", ""buy_9th_pre_req"": ""32"", ""buy_9th_pre_req_pre"": ""0"", ""buy_10th_pre_bid"": ""+222000"", ""buy_10th_pre_req"": ""139"", ""buy_10th_pre_req_pre"": ""0"", ""tot_sel_req_jub_pre"": ""0"", ""tot_sel_req"": ""3245"", ""tot_buy_req"": ""557"", ""tot_buy_req_jub_pre"": ""+1"", ""ovt_sel_req_pre"": ""0"", ""ovt_sel_req"": ""0"", ""ovt_buy_req"": ""0"", ""ovt_buy_req_pre"": ""0"", ""return_code"": 0, ""return_msg"": ""정상적으로 처리되었습니다""}"
2026-06-10,scan_candidate,003490,,0,main_scan,25450,,25450,25400,25450,25350,-0.5893909626719057,0.19646365422396855,,,,,,"{""bid_req_base_tm"": ""113648"", ""sel_10th_pre_req_pre"": ""0"", ""sel_10th_pre_req"": ""20661"", ""sel_10th_pre_bid"": ""+25900"", ""sel_9th_pre_req_pre"": ""0"", ""sel_9th_pre_req"": ""17843"", ""sel_9th_pre_bid"": ""+25850"", ""sel_8th_pre_req_pre"": ""0"", ""sel_8th_pre_req"": ""49059"", ""sel_8th_pre_bid"": ""+25800"", ""sel_7th_pre_req_pre"": ""0"", ""sel_7th_pre_req"": ""12703"", ""sel_7th_pre_bid"": ""+25750"", ""sel_6th_pre_req_pre"": ""0"", ""sel_6th_pre_req"": ""6552"", ""sel_6th_pre_bid"": ""+25700"", ""sel_5th_pre_req_pre"": ""0"", ""sel_5th_pre_req"": ""5135"", ""sel_5th_pre_bid"": ""+25650"", ""sel_4th_pre_req_pre"": ""0"", ""sel_4th_pre_req"": ""3233"", ""sel_4th_pre_bid"": ""+25600"", ""sel_3th_pre_req_pre"": ""+1"", ""sel_3th_pre_req"": ""3863"", ""sel_3th_pre_bid"": ""+25550"", ""sel_2th_pre_req_pre"": ""0"", ""sel_2th_pre_req"": ""544"", ""sel_2th_pre_bid"": ""+25500"", ""sel_1th_pre_req_pre"": ""0"", ""sel_fpr_req"": ""220"", ""sel_fpr_bid"": ""+25450"", ""buy_fpr_bid"": ""+25400"", ""buy_fpr_req"": ""6106"", ""buy_1th_pre_req_pre"": ""0"", ""buy_2th_pre_bid"": ""+25350"", ""buy_2th_pre_req"": ""2946"", ""buy_2th_pre_req_pre"": ""0"", ""buy_3th_pre_bid"": ""+25300"", ""buy_3th_pre_req"": ""3729"", ""buy_3th_pre_req_pre"": ""0"", ""buy_4th_pre_bid"": ""+25250"", ""buy_4th_pre_req"": ""3776"", ""buy_4th_pre_req_pre"": ""0"", ""buy_5th_pre_bid"": ""+25200"", ""buy_5th_pre_req"": ""6057"", ""buy_5th_pre_req_pre"": ""0"", ""buy_6th_pre_bid"": ""+25150"", ""buy_6th_pre_req"": ""1954"", ""buy_6th_pre_req_pre"": ""0"", ""buy_7th_pre_bid"": ""+25100"", ""buy_7th_pre_req"": ""3698"", ""buy_7th_pre_req_pre"": ""0"", ""buy_8th_pre_bid"": ""+25050"", ""buy_8th_pre_req"": ""2188"", ""buy_8th_pre_req_pre"": ""0"", ""buy_9th_pre_bid"": ""+25000"", ""buy_9th_pre_req"": ""4836"", ""buy_9th_pre_req_pre"": ""0"", ""buy_10th_pre_bid"": ""+24950"", ""buy_10th_pre_req"": ""1384"", ""buy_10th_pre_req_pre"": ""0"", ""tot_sel_req_jub_pre"": ""+1"", ""tot_sel_req"": ""119813"", ""tot_buy_req"": ""36674"", ""tot_buy_req_jub_pre"": ""0"", ""ovt_sel_req_pre"": ""0"", ""ovt_sel_req"": ""0"", ""ovt_buy_req"": ""0"", ""ovt_buy_req_pre"": ""0"", ""return_code"": 0, ""return_msg"": ""정상적으로 처리되었습니다""}"
2026-06-10,scan_candidate,161390,,0,main_scan,70900,,70900,70800,70900,71200,0.2820874471086037,0.14104372355430184,,,,,,"{""bid_req_base_tm"": ""113649"", ""sel_10th_pre_req_pre"": ""0"", ""sel_10th_pre_req"": ""133"", ""sel_10th_pre_bid"": ""-71800"", ""sel_9th_pre_req_pre"": ""0"", ""sel_9th_pre_req"": ""10"", ""sel_9th_pre_bid"": ""-71700"", ""sel_8th_pre_req_pre"": ""0"", ""sel_8th_pre_req"": ""3"", ""sel_8th_pre_bid"": ""-71600"", ""sel_7th_pre_req_pre"": ""0"", ""sel_7th_pre_req"": ""57"", ""sel_7th_pre_bid"": ""-71500"", ""sel_6th_pre_req_pre"": ""0"", ""sel_6th_pre_req"": ""32"", ""sel_6th_pre_bid"": ""-71400"", ""sel_5th_pre_req_pre"": ""0"", ""sel_5th_pre_req"": ""52"", ""sel_5th_pre_bid"": ""-71300"", ""sel_4th_pre_req_pre"": ""0"", ""sel_4th_pre_req"": ""270"", ""sel_4th_pre_bid"": ""-71200"", ""sel_3th_pre_req_pre"": ""0"", ""sel_3th_pre_req"": ""699"", ""sel_3th_pre_bid"": ""-71100"", ""sel_2th_pre_req_pre"": ""0"", ""sel_2th_pre_req"": ""1083"", ""sel_2th_pre_bid"": ""-71000"", ""sel_1th_pre_req_pre"": ""0"", ""sel_fpr_req"": ""1395"", ""sel_fpr_bid"": ""-70900"", ""buy_fpr_bid"": ""-70800"", ""buy_fpr_req"": ""3346"", ""buy_1th_pre_req_pre"": ""+88"", ""buy_2th_pre_bid"": ""-70700"", ""buy_2th_pre_req"": ""384"", ""buy_2th_pre_req_pre"": ""0"", ""buy_3th_pre_bid"": ""-70600"", ""buy_3th_pre_req"": ""140"", ""buy_3th_pre_req_pre"": ""0"", ""buy_4th_pre_bid"": ""-70500"", ""buy_4th_pre_req"": ""362"", ""buy_4th_pre_req_pre"": ""0"", ""buy_5th_pre_bid"": ""-70400"", ""buy_5th_pre_req"": ""294"", ""buy_5th_pre_req_pre"": ""0"", ""buy_6th_pre_bid"": ""-70300"", ""buy_6th_pre_req"": ""142"", ""buy_6th_pre_req_pre"": ""0"", ""buy_7th_pre_bid"": ""-70200"", ""buy_7th_pre_req"": ""229"", ""buy_7th_pre_req_pre"": ""0"", ""buy_8th_pre_bid"": ""-70100"", ""buy_8th_pre_req"": ""216"", ""buy_8th_pre_req_pre"": ""0"", ""buy_9th_pre_bid"": ""-70000"", ""buy_9th_pre_req"": ""362"", ""buy_9th_pre_req_pre"": ""0"", ""buy_10th_pre_bid"": ""-69900"", ""buy_10th_pre_req"": ""137"", ""buy_10th_pre_req_pre"": ""0"", ""tot_sel_req_jub_pre"": ""0"", ""tot_sel_req"": ""3734"", ""tot_buy_req"": ""5612"", ""tot_buy_req_jub_pre"": ""+88"", ""ovt_sel_req_pre"": ""0"", ""ovt_sel_req"": ""0"", ""ovt_buy_req"": ""0"", ""ovt_buy_req_pre"": ""0"", ""return_code"": 0, ""return_msg"": ""정상적으로 처리되었습니다""}"
2026-06-10,scan_candidate,180640,,0,main_scan,116900,,116900,116400,116900,117000,-0.3421727972626176,0.42771599657827203,,,,,,"{""bid_req_base_tm"": ""113650"", ""sel_10th_pre_req_pre"": ""0"", ""sel_10th_pre_req"": ""11"", ""sel_10th_pre_bid"": ""+118900"", ""sel_9th_pre_req_pre"": ""0"", ""sel_9th_pre_req"": ""4"", ""sel_9th_pre_bid"": ""+118700"", ""sel_8th_pre_req_pre"": ""0"", ""sel_8th_pre_req"": ""9"", ""sel_8th_pre_bid"": ""+118100"", ""sel_7th_pre_req_pre"": ""0"", ""sel_7th_pre_req"": ""2"", ""sel_7th_pre_bid"": ""+117900"", ""sel_6th_pre_req_pre"": ""0"", ""sel_6th_pre_req"": ""17"", ""sel_6th_pre_bid"": ""+117500"", ""sel_5th_pre_req_pre"": ""0"", ""sel_5th_pre_req"": ""20"", ""sel_5th_pre_bid"": ""+117300"", ""sel_4th_pre_req_pre"": ""0"", ""sel_4th_pre_req"": ""34"", ""sel_4th_pre_bid"": ""+117200"", ""sel_3th_pre_req_pre"": ""0"", ""sel_3th_pre_req"": ""10"", ""sel_3th_pre_bid"": ""+117100"", ""sel_2th_pre_req_pre"": ""0"", ""sel_2th_pre_req"": ""21"", ""sel_2th_pre_bid"": ""+117000"", ""sel_1th_pre_req_pre"": ""0"", ""sel_fpr_req"": ""107"", ""sel_fpr_bid"": ""+116900"", ""buy_fpr_bid"": ""+116400"", ""buy_fpr_req"": ""9"", ""buy_1th_pre_req_pre"": ""0"", ""buy_2th_pre_bid"": ""+116300"", ""buy_2th_pre_req"": ""53"", ""buy_2th_pre_req_pre"": ""0"", ""buy_3th_pre_bid"": ""+116100"", ""buy_3th_pre_req"": ""1"", ""buy_3th_pre_req_pre"": ""0"", ""buy_4th_pre_bid"": ""+116000"", ""buy_4th_pre_req"": ""135"", ""buy_4th_pre_req_pre"": ""0"", ""buy_5th_pre_bid"": ""+115900"", ""buy_5th_pre_req"": ""10"", ""buy_5th_pre_req_pre"": ""--1"", ""buy_6th_pre_bid"": ""+115800"", ""buy_6th_pre_req"": ""51"", ""buy_6th_pre_req_pre"": ""0"", ""buy_7th_pre_bid"": ""+115700"", ""buy_7th_pre_req"": ""3"", ""buy_7th_pre_req_pre"": ""0"", ""buy_8th_pre_bid"": ""+115600"", ""buy_8th_pre_req"": ""30"", ""buy_8th_pre_req_pre"": ""0"", ""buy_9th_pre_bid"": ""+115500"", ""buy_9th_pre_req"": ""67"", ""buy_9th_pre_req_pre"": ""0"", ""buy_10th_pre_bid"": ""+115400"", ""buy_10th_pre_req"": ""6"", ""buy_10th_pre_req_pre"": ""0"", ""tot_sel_req_jub_pre"": ""0"", ""tot_sel_req"": ""235"", ""tot_buy_req"": ""365"", ""tot_buy_req_jub_pre"": ""--83"", ""ovt_sel_req_pre"": ""0"", ""ovt_sel_req"": ""0"", ""ovt_buy_req"": ""0"", ""ovt_buy_req_pre"": ""0"", ""return_code"": 0, ""return_msg"": ""정상적으로 처리되었습니다""}"
2026-06-10,scan_candidate,454910,,0,main_scan,109000,,109000,108900,109000,109000,-0.45871559633027525,0.09174311926605505,,,,,,"{""bid_req_base_tm"": ""113651"", ""sel_10th_pre_req_pre"": ""0"", ""sel_10th_pre_req"": ""127"", ""sel_10th_pre_bid"": ""-109900"", ""sel_9th_pre_req_pre"": ""0"", ""sel_9th_pre_req"": ""156"", ""sel_9th_pre_bid"": ""-109800"", ""sel_8th_pre_req_pre"": ""0"", ""sel_8th_pre_req"": ""75"", ""sel_8th_pre_bid"": ""-109700"", ""sel_7th_pre_req_pre"": ""0"", ""sel_7th_pre_req"": ""70"", ""sel_7th_pre_bid"": ""-109600"", ""sel_6th_pre_req_pre"": ""0"", ""sel_6th_pre_req"": ""203"", ""sel_6th_pre_bid"": ""-109500"", ""sel_5th_pre_req_pre"": ""0"", ""sel_5th_pre_req"": ""95"", ""sel_5th_pre_bid"": ""-109400"", ""sel_4th_pre_req_pre"": ""0"", ""sel_4th_pre_req"": ""116"", ""sel_4th_pre_bid"": ""-109300"", ""sel_3th_pre_req_pre"": ""0"", ""sel_3th_pre_req"": ""113"", ""sel_3th_pre_bid"": ""-109200"", ""sel_2th_pre_req_pre"": ""0"", ""sel_2th_pre_req"": ""76"", ""sel_2th_pre_bid"": ""-109100"", ""sel_1th_pre_req_pre"": ""0"", ""sel_fpr_req"": ""64"", ""sel_fpr_bid"": ""-109000"", ""buy_fpr_bid"": ""-108900"", ""buy_fpr_req"": ""103"", ""buy_1th_pre_req_pre"": ""+3"", ""buy_2th_pre_bid"": ""-108800"", ""buy_2th_pre_req"": ""724"", ""buy_2th_pre_req_pre"": ""0"", ""buy_3th_pre_bid"": ""-108700"", ""buy_3th_pre_req"": ""974"", ""buy_3th_pre_req_pre"": ""0"", ""buy_4th_pre_bid"": ""-108600"", ""buy_4th_pre_req"": ""1214"", ""buy_4th_pre_req_pre"": ""0"", ""buy_5th_pre_bid"": ""-108500"", ""buy_5th_pre_req"": ""3720"", ""buy_5th_pre_req_pre"": ""0"", ""buy_6th_pre_bid"": ""-108400"", ""buy_6th_pre_req"": ""1063"", ""buy_6th_pre_req_pre"": ""0"", ""buy_7th_pre_bid"": ""-108300"", ""buy_7th_pre_req"": ""643"", ""buy_7th_pre_req_pre"": ""0"", ""buy_8th_pre_bid"": ""-108200"", ""buy_8th_pre_req"": ""951"", ""buy_8th_pre_req_pre"": ""0"", ""buy_9th_pre_bid"": ""-108100"", ""buy_9th_pre_req"": ""1308"", ""buy_9th_pre_req_pre"": ""0"", ""buy_10th_pre_bid"": ""-108000"", ""buy_10th_pre_req"": ""3798"", ""buy_10th_pre_req_pre"": ""0"", ""tot_sel_req_jub_pre"": ""0"", ""tot_sel_req"": ""1095"", ""tot_buy_req"": ""14498"", ""tot_buy_req_jub_pre"": ""+3"", ""ovt_sel_req_pre"": ""0"", ""ovt_sel_req"": ""0"", ""ovt_buy_req"": ""0"", ""ovt_buy_req_pre"": ""0"", ""return_code"": 0, ""return_msg"": ""정상적으로 처리되었습니다""}"
2026-06-10,scan_candidate,353200,,0,main_scan,154100,,154100,154000,154100,154500,-0.06489292667099286,0.06489292667099286,,,,,,"{""bid_req_base_tm"": ""113650"", ""sel_10th_pre_req_pre"": ""0"", ""sel_10th_pre_req"": ""52"", ""sel_10th_pre_bid"": ""+155200"", ""sel_9th_pre_req_pre"": ""0"", ""sel_9th_pre_req"": ""9"", ""sel_9th_pre_bid"": ""+155100"", ""sel_8th_pre_req_pre"": ""0"", ""sel_8th_pre_req"": ""41"", ""sel_8th_pre_bid"": ""+155000"", ""sel_7th_pre_req_pre"": ""0"", ""sel_7th_pre_req"": ""18"", ""sel_7th_pre_bid"": ""+154900"", ""sel_6th_pre_req_pre"": ""0"", ""sel_6th_pre_req"": ""50"", ""sel_6th_pre_bid"": ""+154800"", ""sel_5th_pre_req_pre"": ""0"", ""sel_5th_pre_req"": ""417"", ""sel_5th_pre_bid"": ""+154600"", ""sel_4th_pre_req_pre"": ""0"", ""sel_4th_pre_req"": ""31"", ""sel_4th_pre_bid"": ""+154500"", ""sel_3th_pre_req_pre"": ""0"", ""sel_3th_pre_req"": ""138"", ""sel_3th_pre_bid"": ""+154300"", ""sel_2th_pre_req_pre"": ""0"", ""sel_2th_pre_req"": ""7"", ""sel_2th_pre_bid"": ""+154200"", ""sel_1th_pre_req_pre"": ""--1"", ""sel_fpr_req"": ""71"", ""sel_fpr_bid"": ""+154100"", ""buy_fpr_bid"": ""+154000"", ""buy_fpr_req"": ""4"", ""buy_1th_pre_req_pre"": ""0"", ""buy_2th_pre_bid"": ""+153900"", ""buy_2th_pre_req"": ""74"", ""buy_2th_pre_req_pre"": ""0"", ""buy_3th_pre_bid"": ""+153800"", ""buy_3th_pre_req"": ""1337"", ""buy_3th_pre_req_pre"": ""0"", ""buy_4th_pre_bid"": ""+153700"", ""buy_4th_pre_req"": ""122"", ""buy_4th_pre_req_pre"": ""0"", ""buy_5th_pre_bid"": ""+153600"", ""buy_5th_pre_req"": ""603"", ""buy_5th_pre_req_pre"": ""0"", ""buy_6th_pre_bid"": ""+153500"", ""buy_6th_pre_req"": ""891"", ""buy_6th_pre_req_pre"": ""0"", ""buy_7th_pre_bid"": ""+153400"", ""buy_7th_pre_req"": ""113"", ""buy_7th_pre_req_pre"": ""0"", ""buy_8th_pre_bid"": ""+153300"", ""buy_8th_pre_req"": ""227"", ""buy_8th_pre_req_pre"": ""0"", ""buy_9th_pre_bid"": ""+153200"", ""buy_9th_pre_req"": ""170"", ""buy_9th_pre_req_pre"": ""0"", ""buy_10th_pre_bid"": ""+153100"", ""buy_10th_pre_req"": ""204"", ""buy_10th_pre_req_pre"": ""0"", ""tot_sel_req_jub_pre"": ""--1"", ""tot_sel_req"": ""834"", ""tot_buy_req"": ""3745"", ""tot_buy_req_jub_pre"": ""0"", ""ovt_sel_req_pre"": ""0"", ""ovt_sel_req"": ""0"", ""ovt_buy_req"": ""0"", ""ovt_buy_req_pre"": ""0"", ""return_code"": 0, ""return_msg"": ""정상적으로 처리되었습니다""}"
2026-06-10,scan_candidate,034220,,0,main_scan,13040,,13040,13030,13040,13050,-0.3067484662576687,0.07668711656441718,,,,,,"{""bid_req_base_tm"": ""113651"", ""sel_10th_pre_req_pre"": ""0"", ""sel_10th_pre_req"": ""128"", ""sel_10th_pre_bid"": ""-13130"", ""sel_9th_pre_req_pre"": ""0"", ""sel_9th_pre_req"": ""21"", ""sel_9th_pre_bid"": ""-13120"", ""sel_8th_pre_req_pre"": ""0"", ""sel_8th_pre_req"": ""989"", ""sel_8th_pre_bid"": ""-13110"", ""sel_7th_pre_req_pre"": ""0"", ""sel_7th_pre_req"": ""1110"", ""sel_7th_pre_bid"": ""-13100"", ""sel_6th_pre_req_pre"": ""0"", ""sel_6th_pre_req"": ""279"", ""sel_6th_pre_bid"": ""-13090"", ""sel_5th_pre_req_pre"": ""0"", ""sel_5th_pre_req"": ""325"", ""sel_5th_pre_bid"": ""-13080"", ""sel_4th_pre_req_pre"": ""0"", ""sel_4th_pre_req"": ""265"", ""sel_4th_pre_bid"": ""-13070"", ""sel_3th_pre_req_pre"": ""0"", ""sel_3th_pre_req"": ""30"", ""sel_3th_pre_bid"": ""-13060"", ""sel_2th_pre_req_pre"": ""0"", ""sel_2th_pre_req"": ""319"", ""sel_2th_pre_bid"": ""-13050"", ""sel_1th_pre_req_pre"": ""0"", ""sel_fpr_req"": ""775"", ""sel_fpr_bid"": ""-13040"", ""buy_fpr_bid"": ""-13030"", ""buy_fpr_req"": ""4210"", ""buy_1th_pre_req_pre"": ""+1"", ""buy_2th_pre_bid"": ""-13020"", ""buy_2th_pre_req"": ""5643"", ""buy_2th_pre_req_pre"": ""0"", ""buy_3th_pre_bid"": ""-13010"", ""buy_3th_pre_req"": ""31273"", ""buy_3th_pre_req_pre"": ""0"", ""buy_4th_pre_bid"": ""-13000"", ""buy_4th_pre_req"": ""103410"", ""buy_4th_pre_req_pre"": ""0"", ""buy_5th_pre_bid"": ""-12990"", ""buy_5th_pre_req"": ""17639"", ""buy_5th_pre_req_pre"": ""0"", ""buy_6th_pre_bid"": ""-12980"", ""buy_6th_pre_req"": ""20241"", ""buy_6th_pre_req_pre"": ""0"", ""buy_7th_pre_bid"": ""-12970"", ""buy_7th_pre_req"": ""9545"", ""buy_7th_pre_req_pre"": ""0"", ""buy_8th_pre_bid"": ""-12960"", ""buy_8th_pre_req"": ""10030"", ""buy_8th_pre_req_pre"": ""0"", ""buy_9th_pre_bid"": ""-12950"", ""buy_9th_pre_req"": ""12503"", ""buy_9th_pre_req_pre"": ""0"", ""buy_10th_pre_bid"": ""-12940"", ""buy_10th_pre_req"": ""3790"", ""buy_10th_pre_req_pre"": ""0"", ""tot_sel_req_jub_pre"": ""0"", ""tot_sel_req"": ""4241"", ""tot_buy_req"": ""218284"", ""tot_buy_req_jub_pre"": ""+1"", ""ovt_sel_req_pre"": ""0"", ""ovt_sel_req"": ""0"", ""ovt_buy_req"": ""0"", ""ovt_buy_req_pre"": ""0"", ""return_code"": 0, ""return_msg"": ""정상적으로 처리되었습니다""}"
2026-06-10,scan_candidate,078930,,0,main_scan,73900,,73900,73800,73900,73400,-0.8119079837618403,0.13531799729364005,,,,,,"{""bid_req_base_tm"": ""113649"", ""sel_10th_pre_req_pre"": ""0"", ""sel_10th_pre_req"": ""24"", ""sel_10th_pre_bid"": ""+74800"", ""sel_9th_pre_req_pre"": ""0"", ""sel_9th_pre_req"": ""234"", ""sel_9th_pre_bid"": ""+74700"", ""sel_8th_pre_req_pre"": ""0"", ""sel_8th_pre_req"": ""104"", ""sel_8th_pre_bid"": ""+74600"", ""sel_7th_pre_req_pre"": ""0"", ""sel_7th_pre_req"": ""386"", ""sel_7th_pre_bid"": ""+74500"", ""sel_6th_pre_req_pre"": ""0"", ""sel_6th_pre_req"": ""107"", ""sel_6th_pre_bid"": ""+74400"", ""sel_5th_pre_req_pre"": ""0"", ""sel_5th_pre_req"": ""113"", ""sel_5th_pre_bid"": ""+74300"", ""sel_4th_pre_req_pre"": ""0"", ""sel_4th_pre_req"": ""40"", ""sel_4th_pre_bid"": ""+74200"", ""sel_3th_pre_req_pre"": ""0"", ""sel_3th_pre_req"": ""17"", ""sel_3th_pre_bid"": ""+74100"", ""sel_2th_pre_req_pre"": ""0"", ""sel_2th_pre_req"": ""42"", ""sel_2th_pre_bid"": ""+74000"", ""sel_1th_pre_req_pre"": ""0"", ""sel_fpr_req"": ""1281"", ""sel_fpr_bid"": ""+73900"", ""buy_fpr_bid"": ""73800"", ""buy_fpr_req"": ""201"", ""buy_1th_pre_req_pre"": ""0"", ""buy_2th_pre_bid"": ""-73700"", ""buy_2th_pre_req"": ""357"", ""buy_2th_pre_req_pre"": ""0"", ""buy_3th_pre_bid"": ""-73600"", ""buy_3th_pre_req"": ""143"", ""buy_3th_pre_req_pre"": ""0"", ""buy_4th_pre_bid"": ""-73500"", ""buy_4th_pre_req"": ""45"", ""buy_4th_pre_req_pre"": ""+5"", ""buy_5th_pre_bid"": ""-73400"", ""buy_5th_pre_req"": ""71"", ""buy_5th_pre_req_pre"": ""0"", ""buy_6th_pre_bid"": ""-73300"", ""buy_6th_pre_req"": ""30"", ""buy_6th_pre_req_pre"": ""0"", ""buy_7th_pre_bid"": ""-73200"", ""buy_7th_pre_req"": ""137"", ""buy_7th_pre_req_pre"": ""0"", ""buy_8th_pre_bid"": ""-73100"", ""buy_8th_pre_req"": ""62"", ""buy_8th_pre_req_pre"": ""0"", ""buy_9th_pre_bid"": ""-73000"", ""buy_9th_pre_req"": ""4"", ""buy_9th_pre_req_pre"": ""0"", ""buy_10th_pre_bid"": ""-72900"", ""buy_10th_pre_req"": ""9"", ""buy_10th_pre_req_pre"": ""0"", ""tot_sel_req_jub_pre"": ""0"", ""tot_sel_req"": ""2348"", ""tot_buy_req"": ""1059"", ""tot_buy_req_jub_pre"": ""+5"", ""ovt_sel_req_pre"": ""0"", ""ovt_sel_req"": ""0"", ""ovt_buy_req"": ""0"", ""ovt_buy_req_pre"": ""0"", ""return_code"": 0, ""return_msg"": ""정상적으로 처리되었습니다""}"
2026-06-10,scan_candidate,090430,,0,main_scan,112100,,112100,112000,112100,112000,-0.535236396074933,0.08920606601248886,,,,,,"{""bid_req_base_tm"": ""113649"", ""sel_10th_pre_req_pre"": ""0"", ""sel_10th_pre_req"": ""303"", ""sel_10th_pre_bid"": ""+113000"", ""sel_9th_pre_req_pre"": ""0"", ""sel_9th_pre_req"": ""80"", ""sel_9th_pre_bid"": ""+112900"", ""sel_8th_pre_req_pre"": ""0"", ""sel_8th_pre_req"": ""5"", ""sel_8th_pre_bid"": ""+112800"", ""sel_7th_pre_req_pre"": ""0"", ""sel_7th_pre_req"": ""5"", ""sel_7th_pre_bid"": ""+112700"", ""sel_6th_pre_req_pre"": ""0"", ""sel_6th_pre_req"": ""5"", ""sel_6th_pre_bid"": ""+112600"", ""sel_5th_pre_req_pre"": ""0"", ""sel_5th_pre_req"": ""11"", ""sel_5th_pre_bid"": ""+112500"", ""sel_4th_pre_req_pre"": ""0"", ""sel_4th_pre_req"": ""29"", ""sel_4th_pre_bid"": ""+112400"", ""sel_3th_pre_req_pre"": ""0"", ""sel_3th_pre_req"": ""188"", ""sel_3th_pre_bid"": ""+112300"", ""sel_2th_pre_req_pre"": ""0"", ""sel_2th_pre_req"": ""74"", ""sel_2th_pre_bid"": ""+112200"", ""sel_1th_pre_req_pre"": ""0"", ""sel_fpr_req"": ""128"", ""sel_fpr_bid"": ""+112100"", ""buy_fpr_bid"": ""112000"", ""buy_fpr_req"": ""270"", ""buy_1th_pre_req_pre"": ""--7"", ""buy_2th_pre_bid"": ""-111900"", ""buy_2th_pre_req"": ""154"", ""buy_2th_pre_req_pre"": ""0"", ""buy_3th_pre_bid"": ""-111800"", ""buy_3th_pre_req"": ""80"", ""buy_3th_pre_req_pre"": ""0"", ""buy_4th_pre_bid"": ""-111700"", ""buy_4th_pre_req"": ""204"", ""buy_4th_pre_req_pre"": ""0"", ""buy_5th_pre_bid"": ""-111600"", ""buy_5th_pre_req"": ""876"", ""buy_5th_pre_req_pre"": ""0"", ""buy_6th_pre_bid"": ""-111500"", ""buy_6th_pre_req"": ""2215"", ""buy_6th_pre_req_pre"": ""0"", ""buy_7th_pre_bid"": ""-111400"", ""buy_7th_pre_req"": ""122"", ""buy_7th_pre_req_pre"": ""0"", ""buy_8th_pre_bid"": ""-111300"", ""buy_8th_pre_req"": ""32"", ""buy_8th_pre_req_pre"": ""0"", ""buy_9th_pre_bid"": ""-111200"", ""buy_9th_pre_req"": ""13"", ""buy_9th_pre_req_pre"": ""0"", ""buy_10th_pre_bid"": ""-111100"", ""buy_10th_pre_req"": ""22"", ""buy_10th_pre_req_pre"": ""0"", ""tot_sel_req_jub_pre"": ""0"", ""tot_sel_req"": ""828"", ""tot_buy_req"": ""3988"", ""tot_buy_req_jub_pre"": ""--7"", ""ovt_sel_req_pre"": ""0"", ""ovt_sel_req"": ""0"", ""ovt_buy_req"": ""0"", ""ovt_buy_req_pre"": ""0"", ""return_code"": 0, ""return_msg"": ""정상적으로 처리되었습니다""}"
2026-06-10,scan_candidate,004170,,0,main_scan,680000,,680000,678000,680000,679000,-0.29411764705882354,0.29411764705882354,,,,,,"{""bid_req_base_tm"": ""113650"", ""sel_10th_pre_req_pre"": ""0"", ""sel_10th_pre_req"": ""209"", ""sel_10th_pre_bid"": ""+689000"", ""sel_9th_pre_req_pre"": ""0"", ""sel_9th_pre_req"": ""65"", ""sel_9th_pre_bid"": ""+688000"", ""sel_8th_pre_req_pre"": ""0"", ""sel_8th_pre_req"": ""4"", ""sel_8th_pre_bid"": ""+687000"", ""sel_7th_pre_req_pre"": ""0"", ""sel_7th_pre_req"": ""51"", ""sel_7th_pre_bid"": ""+686000"", ""sel_6th_pre_req_pre"": ""0"", ""sel_6th_pre_req"": ""63"", ""sel_6th_pre_bid"": ""+685000"", ""sel_5th_pre_req_pre"": ""0"", ""sel_5th_pre_req"": ""10"", ""sel_5th_pre_bid"": ""+684000"", ""sel_4th_pre_req_pre"": ""0"", ""sel_4th_pre_req"": ""24"", ""sel_4th_pre_bid"": ""+683000"", ""sel_3th_pre_req_pre"": ""0"", ""sel_3th_pre_req"": ""8"", ""sel_3th_pre_bid"": ""+682000"", ""sel_2th_pre_req_pre"": ""0"", ""sel_2th_pre_req"": ""35"", ""sel_2th_pre_bid"": ""+681000"", ""sel_1th_pre_req_pre"": ""0"", ""sel_fpr_req"": ""90"", ""sel_fpr_bid"": ""+680000"", ""buy_fpr_bid"": ""+678000"", ""buy_fpr_req"": ""11"", ""buy_1th_pre_req_pre"": ""+2"", ""buy_2th_pre_bid"": ""+677000"", ""buy_2th_pre_req"": ""7"", ""buy_2th_pre_req_pre"": ""0"", ""buy_3th_pre_bid"": ""+676000"", ""buy_3th_pre_req"": ""9"", ""buy_3th_pre_req_pre"": ""0"", ""buy_4th_pre_bid"": ""+675000"", ""buy_4th_pre_req"": ""21"", ""buy_4th_pre_req_pre"": ""0"", ""buy_5th_pre_bid"": ""+674000"", ""buy_5th_pre_req"": ""18"", ""buy_5th_pre_req_pre"": ""0"", ""buy_6th_pre_bid"": ""+673000"", ""buy_6th_pre_req"": ""102"", ""buy_6th_pre_req_pre"": ""0"", ""buy_7th_pre_bid"": ""+672000"", ""buy_7th_pre_req"": ""13"", ""buy_7th_pre_req_pre"": ""0"", ""buy_8th_pre_bid"": ""+671000"", ""buy_8th_pre_req"": ""45"", ""buy_8th_pre_req_pre"": ""0"", ""buy_9th_pre_bid"": ""+670000"", ""buy_9th_pre_req"": ""627"", ""buy_9th_pre_req_pre"": ""0"", ""buy_10th_pre_bid"": ""+669000"", ""buy_10th_pre_req"": ""121"", ""buy_10th_pre_req_pre"": ""0"", ""tot_sel_req_jub_pre"": ""0"", ""tot_sel_req"": ""559"", ""tot_buy_req"": ""974"", ""tot_buy_req_jub_pre"": ""+2"", ""ovt_sel_req_pre"": ""0"", ""ovt_sel_req"": ""0"", ""ovt_buy_req"": ""0"", ""ovt_buy_req_pre"": ""0"", ""return_code"": 0, ""return_msg"": ""정상적으로 처리되었습니다""}"
2026-06-10,scan_candidate,036570,,0,main_scan,256000,,256000,255500,256000,257000,0.1953125,0.1953125,,,,,,"{""bid_req_base_tm"": ""113651"", ""sel_10th_pre_req_pre"": ""0"", ""sel_10th_pre_req"": ""20"", ""sel_10th_pre_bid"": ""-260500"", ""sel_9th_pre_req_pre"": ""0"", ""sel_9th_pre_req"": ""73"", ""sel_9th_pre_bid"": ""-260000"", ""sel_8th_pre_req_pre"": ""0"", ""sel_8th_pre_req"": ""76"", ""sel_8th_pre_bid"": ""-259500"", ""sel_7th_pre_req_pre"": ""0"", ""sel_7th_pre_req"": ""12"", ""sel_7th_pre_bid"": ""-259000"", ""sel_6th_pre_req_pre"": ""0"", ""sel_6th_pre_req"": ""13"", ""sel_6th_pre_bid"": ""-258500"", ""sel_5th_pre_req_pre"": ""0"", ""sel_5th_pre_req"": ""11"", ""sel_5th_pre_bid"": ""-258000"", ""sel_4th_pre_req_pre"": ""0"", ""sel_4th_pre_req"": ""8"", ""sel_4th_pre_bid"": ""-257500"", ""sel_3th_pre_req_pre"": ""0"", ""sel_3th_pre_req"": ""99"", ""sel_3th_pre_bid"": ""-257000"", ""sel_2th_pre_req_pre"": ""0"", ""sel_2th_pre_req"": ""85"", ""sel_2th_pre_bid"": ""-256500"", ""sel_1th_pre_req_pre"": ""0"", ""sel_fpr_req"": ""53"", ""sel_fpr_bid"": ""-256000"", ""buy_fpr_bid"": ""-255500"", ""buy_fpr_req"": ""54"", ""buy_1th_pre_req_pre"": ""+5"", ""buy_2th_pre_bid"": ""-255000"", ""buy_2th_pre_req"": ""68"", ""buy_2th_pre_req_pre"": ""0"", ""buy_3th_pre_bid"": ""-254500"", ""buy_3th_pre_req"": ""308"", ""buy_3th_pre_req_pre"": ""0"", ""buy_4th_pre_bid"": ""-254000"", ""buy_4th_pre_req"": ""371"", ""buy_4th_pre_req_pre"": ""0"", ""buy_5th_pre_bid"": ""-253500"", ""buy_5th_pre_req"": ""581"", ""buy_5th_pre_req_pre"": ""0"", ""buy_6th_pre_bid"": ""-253000"", ""buy_6th_pre_req"": ""738"", ""buy_6th_pre_req_pre"": ""0"", ""buy_7th_pre_bid"": ""-252500"", ""buy_7th_pre_req"": ""268"", ""buy_7th_pre_req_pre"": ""0"", ""buy_8th_pre_bid"": ""-252000"", ""buy_8th_pre_req"": ""222"", ""buy_8th_pre_req_pre"": ""0"", ""buy_9th_pre_bid"": ""-251500"", ""buy_9th_pre_req"": ""224"", ""buy_9th_pre_req_pre"": ""0"", ""buy_10th_pre_bid"": ""-251000"", ""buy_10th_pre_req"": ""142"", ""buy_10th_pre_req_pre"": ""0"", ""tot_sel_req_jub_pre"": ""0"", ""tot_sel_req"": ""450"", ""tot_buy_req"": ""2976"", ""tot_buy_req_jub_pre"": ""+5"", ""ovt_sel_req_pre"": ""0"", ""ovt_sel_req"": ""0"", ""ovt_buy_req"": ""0"", ""ovt_buy_req_pre"": ""0"", ""return_code"": 0, ""return_msg"": ""정상적으로 처리되었습니다""}"
2026-06-10,scan_candidate,271560,,0,main_scan,132900,,132900,132800,132900,132500,-0.6772009029345373,0.07524454477050413,,,,,,"{""bid_req_base_tm"": ""113651"", ""sel_10th_pre_req_pre"": ""0"", ""sel_10th_pre_req"": ""256"", ""sel_10th_pre_bid"": ""+134000"", ""sel_9th_pre_req_pre"": ""0"", ""sel_9th_pre_req"": ""190"", ""sel_9th_pre_bid"": ""+133900"", ""sel_8th_pre_req_pre"": ""0"", ""sel_8th_pre_req"": ""20"", ""sel_8th_pre_bid"": ""+133800"", ""sel_7th_pre_req_pre"": ""0"", ""sel_7th_pre_req"": ""101"", ""sel_7th_pre_bid"": ""+133700"", ""sel_6th_pre_req_pre"": ""0"", ""sel_6th_pre_req"": ""6"", ""sel_6th_pre_bid"": ""+133600"", ""sel_5th_pre_req_pre"": ""0"", ""sel_5th_pre_req"": ""4"", ""sel_5th_pre_bid"": ""+133500"", ""sel_4th_pre_req_pre"": ""0"", ""sel_4th_pre_req"": ""3"", ""sel_4th_pre_bid"": ""+133300"", ""sel_3th_pre_req_pre"": ""0"", ""sel_3th_pre_req"": ""28"", ""sel_3th_pre_bid"": ""+133200"", ""sel_2th_pre_req_pre"": ""0"", ""sel_2th_pre_req"": ""72"", ""sel_2th_pre_bid"": ""+133000"", ""sel_1th_pre_req_pre"": ""--1"", ""sel_fpr_req"": ""63"", ""sel_fpr_bid"": ""132900"", ""buy_fpr_bid"": ""-132800"", ""buy_fpr_req"": ""103"", ""buy_1th_pre_req_pre"": ""0"", ""buy_2th_pre_bid"": ""-132700"", ""buy_2th_pre_req"": ""26"", ""buy_2th_pre_req_pre"": ""0"", ""buy_3th_pre_bid"": ""-132600"", ""buy_3th_pre_req"": ""66"", ""buy_3th_pre_req_pre"": ""0"", ""buy_4th_pre_bid"": ""-132500"", ""buy_4th_pre_req"": ""20"", ""buy_4th_pre_req_pre"": ""0"", ""buy_5th_pre_bid"": ""-132400"", ""buy_5th_pre_req"": ""12"", ""buy_5th_pre_req_pre"": ""0"", ""buy_6th_pre_bid"": ""-132300"", ""buy_6th_pre_req"": ""79"", ""buy_6th_pre_req_pre"": ""0"", ""buy_7th_pre_bid"": ""-132200"", ""buy_7th_pre_req"": ""80"", ""buy_7th_pre_req_pre"": ""0"", ""buy_8th_pre_bid"": ""-131800"", ""buy_8th_pre_req"": ""10"", ""buy_8th_pre_req_pre"": ""0"", ""buy_9th_pre_bid"": ""-131600"", ""buy_9th_pre_req"": ""1"", ""buy_9th_pre_req_pre"": ""0"", ""buy_10th_pre_bid"": ""-131500"", ""buy_10th_pre_req"": ""405"", ""buy_10th_pre_req_pre"": ""0"", ""tot_sel_req_jub_pre"": ""--1"", ""tot_sel_req"": ""743"", ""tot_buy_req"": ""802"", ""tot_buy_req_jub_pre"": ""0"", ""ovt_sel_req_pre"": ""0"", ""ovt_sel_req"": ""0"", ""ovt_buy_req"": ""0"", ""ovt_buy_req_pre"": ""0"", ""return_code"": 0, ""return_msg"": ""정상적으로 처리되었습니다""}"
2026-06-10,scan_candidate,023530,,0,main_scan,192600,,192600,192500,192600,192000,-0.5711318795430945,0.05192107995846314,,,,,,"{""bid_req_base_tm"": ""113649"", ""sel_10th_pre_req_pre"": ""0"", ""sel_10th_pre_req"": ""10"", ""sel_10th_pre_bid"": ""+194100"", ""sel_9th_pre_req_pre"": ""0"", ""sel_9th_pre_req"": ""777"", ""sel_9th_pre_bid"": ""+194000"", ""sel_8th_pre_req_pre"": ""0"", ""sel_8th_pre_req"": ""21"", ""sel_8th_pre_bid"": ""+193900"", ""sel_7th_pre_req_pre"": ""0"", ""sel_7th_pre_req"": ""7"", ""sel_7th_pre_bid"": ""+193800"", ""sel_6th_pre_req_pre"": ""0"", ""sel_6th_pre_req"": ""1"", ""sel_6th_pre_bid"": ""+193700"", ""sel_5th_pre_req_pre"": ""0"", ""sel_5th_pre_req"": ""157"", ""sel_5th_pre_bid"": ""+193500"", ""sel_4th_pre_req_pre"": ""0"", ""sel_4th_pre_req"": ""2"", ""sel_4th_pre_bid"": ""+192900"", ""sel_3th_pre_req_pre"": ""0"", ""sel_3th_pre_req"": ""2"", ""sel_3th_pre_bid"": ""+192800"", ""sel_2th_pre_req_pre"": ""0"", ""sel_2th_pre_req"": ""4"", ""sel_2th_pre_bid"": ""+192700"", ""sel_1th_pre_req_pre"": ""--1"", ""sel_fpr_req"": ""12"", ""sel_fpr_bid"": ""+192600"", ""buy_fpr_bid"": ""+192500"", ""buy_fpr_req"": ""21"", ""buy_1th_pre_req_pre"": ""0"", ""buy_2th_pre_bid"": ""+192400"", ""buy_2th_pre_req"": ""45"", ""buy_2th_pre_req_pre"": ""0"", ""buy_3th_pre_bid"": ""+192300"", ""buy_3th_pre_req"": ""15"", ""buy_3th_pre_req_pre"": ""0"", ""buy_4th_pre_bid"": ""+192200"", ""buy_4th_pre_req"": ""4"", ""buy_4th_pre_req_pre"": ""0"", ""buy_5th_pre_bid"": ""+192000"", ""buy_5th_pre_req"": ""1"", ""buy_5th_pre_req_pre"": ""0"", ""buy_6th_pre_bid"": ""+191900"", ""buy_6th_pre_req"": ""2"", ""buy_6th_pre_req_pre"": ""0"", ""buy_7th_pre_bid"": ""+191700"", ""buy_7th_pre_req"": ""6"", ""buy_7th_pre_req_pre"": ""0"", ""buy_8th_pre_bid"": ""+191600"", ""buy_8th_pre_req"": ""16"", ""buy_8th_pre_req_pre"": ""0"", ""buy_9th_pre_bid"": ""+191500"", ""buy_9th_pre_req"": ""12"", ""buy_9th_pre_req_pre"": ""0"", ""buy_10th_pre_bid"": ""+191400"", ""buy_10th_pre_req"": ""5"", ""buy_10th_pre_req_pre"": ""0"", ""tot_sel_req_jub_pre"": ""--1"", ""tot_sel_req"": ""993"", ""tot_buy_req"": ""127"", ""tot_buy_req_jub_pre"": ""0"", ""ovt_sel_req_pre"": ""0"", ""ovt_sel_req"": ""0"", ""ovt_buy_req"": ""0"", ""ovt_buy_req_pre"": ""0"", ""return_code"": 0, ""return_msg"": ""정상적으로 처리되었습니다""}"
2026-06-10,scan_candidate,175330,,0,main_scan,25500,,25500,25450,25500,25650,0.39215686274509803,0.19607843137254902,,,,,,"{""bid_req_base_tm"": ""113645"", ""sel_10th_pre_req_pre"": ""0"", ""sel_10th_pre_req"": ""143"", ""sel_10th_pre_bid"": ""+25950"", ""sel_9th_pre_req_pre"": ""0"", ""sel_9th_pre_req"": ""563"", ""sel_9th_pre_bid"": ""25900"", ""sel_8th_pre_req_pre"": ""0"", ""sel_8th_pre_req"": ""470"", ""sel_8th_pre_bid"": ""-25850"", ""sel_7th_pre_req_pre"": ""0"", ""sel_7th_pre_req"": ""43"", ""sel_7th_pre_bid"": ""-25800"", ""sel_6th_pre_req_pre"": ""0"", ""sel_6th_pre_req"": ""101"", ""sel_6th_pre_bid"": ""-25750"", ""sel_5th_pre_req_pre"": ""0"", ""sel_5th_pre_req"": ""85"", ""sel_5th_pre_bid"": ""-25700"", ""sel_4th_pre_req_pre"": ""0"", ""sel_4th_pre_req"": ""177"", ""sel_4th_pre_bid"": ""-25650"", ""sel_3th_pre_req_pre"": ""0"", ""sel_3th_pre_req"": ""483"", ""sel_3th_pre_bid"": ""-25600"", ""sel_2th_pre_req_pre"": ""0"", ""sel_2th_pre_req"": ""886"", ""sel_2th_pre_bid"": ""-25550"", ""sel_1th_pre_req_pre"": ""0"", ""sel_fpr_req"": ""2507"", ""sel_fpr_bid"": ""-25500"", ""buy_fpr_bid"": ""-25450"", ""buy_fpr_req"": ""2782"", ""buy_1th_pre_req_pre"": ""--3"", ""buy_2th_pre_bid"": ""-25400"", ""buy_2th_pre_req"": ""2679"", ""buy_2th_pre_req_pre"": ""0"", ""buy_3th_pre_bid"": ""-25350"", ""buy_3th_pre_req"": ""420"", ""buy_3th_pre_req_pre"": ""0"", ""buy_4th_pre_bid"": ""-25300"", ""buy_4th_pre_req"": ""362"", ""buy_4th_pre_req_pre"": ""0"", ""buy_5th_pre_bid"": ""-25250"", ""buy_5th_pre_req"": ""490"", ""buy_5th_pre_req_pre"": ""0"", ""buy_6th_pre_bid"": ""-25200"", ""buy_6th_pre_req"": ""380"", ""buy_6th_pre_req_pre"": ""0"", ""buy_7th_pre_bid"": ""-25150"", ""buy_7th_pre_req"": ""839"", ""buy_7th_pre_req_pre"": ""0"", ""buy_8th_pre_bid"": ""-25100"", ""buy_8th_pre_req"": ""541"", ""buy_8th_pre_req_pre"": ""0"", ""buy_9th_pre_bid"": ""-25050"", ""buy_9th_pre_req"": ""618"", ""buy_9th_pre_req_pre"": ""0"", ""buy_10th_pre_bid"": ""-25000"", ""buy_10th_pre_req"": ""708"", ""buy_10th_pre_req_pre"": ""0"", ""tot_sel_req_jub_pre"": ""0"", ""tot_sel_req"": ""5458"", ""tot_buy_req"": ""9819"", ""tot_buy_req_jub_pre"": ""--3"", ""ovt_sel_req_pre"": ""0"", ""ovt_sel_req"": ""0"", ""ovt_buy_req"": ""0"", ""ovt_buy_req_pre"": ""0"", ""return_code"": 0, ""return_msg"": ""정상적으로 처리되었습니다""}"
2026-06-10,scan_candidate,088350,,0,main_scan,4850,,4850,4835,4850,4855,0.0,0.30927835051546393,,,,,,"{""bid_req_base_tm"": ""113652"", ""sel_10th_pre_req_pre"": ""0"", ""sel_10th_pre_req"": ""1150"", ""sel_10th_pre_bid"": ""-4895"", ""sel_9th_pre_req_pre"": ""0"", ""sel_9th_pre_req"": ""3753"", ""sel_9th_pre_bid"": ""-4890"", ""sel_8th_pre_req_pre"": ""0"", ""sel_8th_pre_req"": ""2349"", ""sel_8th_pre_bid"": ""-4885"", ""sel_7th_pre_req_pre"": ""0"", ""sel_7th_pre_req"": ""504"", ""sel_7th_pre_bid"": ""-4880"", ""sel_6th_pre_req_pre"": ""0"", ""sel_6th_pre_req"": ""574"", ""sel_6th_pre_bid"": ""-4875"", ""sel_5th_pre_req_pre"": ""0"", ""sel_5th_pre_req"": ""114"", ""sel_5th_pre_bid"": ""-4870"", ""sel_4th_pre_req_pre"": ""0"", ""sel_4th_pre_req"": ""1970"", ""sel_4th_pre_bid"": ""-4865"", ""sel_3th_pre_req_pre"": ""0"", ""sel_3th_pre_req"": ""1757"", ""sel_3th_pre_bid"": ""-4860"", ""sel_2th_pre_req_pre"": ""0"", ""sel_2th_pre_req"": ""877"", ""sel_2th_pre_bid"": ""-4855"", ""sel_1th_pre_req_pre"": ""0"", ""sel_fpr_req"": ""3556"", ""sel_fpr_bid"": ""-4850"", ""buy_fpr_bid"": ""-4835"", ""buy_fpr_req"": ""1759"", ""buy_1th_pre_req_pre"": ""0"", ""buy_2th_pre_bid"": ""-4830"", ""buy_2th_pre_req"": ""4060"", ""buy_2th_pre_req_pre"": ""0"", ""buy_3th_pre_bid"": ""-4825"", ""buy_3th_pre_req"": ""3934"", ""buy_3th_pre_req_pre"": ""0"", ""buy_4th_pre_bid"": ""-4820"", ""buy_4th_pre_req"": ""7216"", ""buy_4th_pre_req_pre"": ""0"", ""buy_5th_pre_bid"": ""-4815"", ""buy_5th_pre_req"": ""26846"", ""buy_5th_pre_req_pre"": ""0"", ""buy_6th_pre_bid"": ""-4810"", ""buy_6th_pre_req"": ""10422"", ""buy_6th_pre_req_pre"": ""0"", ""buy_7th_pre_bid"": ""-4805"", ""buy_7th_pre_req"": ""13563"", ""buy_7th_pre_req_pre"": ""0"", ""buy_8th_pre_bid"": ""-4800"", ""buy_8th_pre_req"": ""19884"", ""buy_8th_pre_req_pre"": ""0"", ""buy_9th_pre_bid"": ""-4795"", ""buy_9th_pre_req"": ""13207"", ""buy_9th_pre_req_pre"": ""0"", ""buy_10th_pre_bid"": ""-4790"", ""buy_10th_pre_req"": ""16344"", ""buy_10th_pre_req_pre"": ""0"", ""tot_sel_req_jub_pre"": ""+1022"", ""tot_sel_req"": ""16604"", ""tot_buy_req"": ""117235"", ""tot_buy_req_jub_pre"": ""0"", ""ovt_sel_req_pre"": ""0"", ""ovt_sel_req"": ""0"", ""ovt_buy_req"": ""0"", ""ovt_buy_req_pre"": ""0"", ""return_code"": 0, ""return_msg"": ""정상적으로 처리되었습니다""}"
2026-06-10,scan_candidate,069960,,0,main_scan,174900,,174900,174600,174900,174500,-0.5145797598627788,0.17152658662092624,,,,,,"{""bid_req_base_tm"": ""113653"", ""sel_10th_pre_req_pre"": ""0"", ""sel_10th_pre_req"": ""126"", ""sel_10th_pre_bid"": ""+176000"", ""sel_9th_pre_req_pre"": ""0"", ""sel_9th_pre_req"": ""100"", ""sel_9th_pre_bid"": ""+175900"", ""sel_8th_pre_req_pre"": ""0"", ""sel_8th_pre_req"": ""119"", ""sel_8th_pre_bid"": ""+175800"", ""sel_7th_pre_req_pre"": ""0"", ""sel_7th_pre_req"": ""3"", ""sel_7th_pre_bid"": ""+175700"", ""sel_6th_pre_req_pre"": ""0"", ""sel_6th_pre_req"": ""31"", ""sel_6th_pre_bid"": ""+175400"", ""sel_5th_pre_req_pre"": ""0"", ""sel_5th_pre_req"": ""1"", ""sel_5th_pre_bid"": ""+175300"", ""sel_4th_pre_req_pre"": ""0"", ""sel_4th_pre_req"": ""5"", ""sel_4th_pre_bid"": ""+175200"", ""sel_3th_pre_req_pre"": ""0"", ""sel_3th_pre_req"": ""6"", ""sel_3th_pre_bid"": ""+175100"", ""sel_2th_pre_req_pre"": ""0"", ""sel_2th_pre_req"": ""17"", ""sel_2th_pre_bid"": ""+175000"", ""sel_1th_pre_req_pre"": ""0"", ""sel_fpr_req"": ""9"", ""sel_fpr_bid"": ""+174900"", ""buy_fpr_bid"": ""+174600"", ""buy_fpr_req"": ""32"", ""buy_1th_pre_req_pre"": ""+1"", ""buy_2th_pre_bid"": ""+174500"", ""buy_2th_pre_req"": ""32"", ""buy_2th_pre_req_pre"": ""0"", ""buy_3th_pre_bid"": ""+174400"", ""buy_3th_pre_req"": ""52"", ""buy_3th_pre_req_pre"": ""0"", ""buy_4th_pre_bid"": ""+174000"", ""buy_4th_pre_req"": ""6"", ""buy_4th_pre_req_pre"": ""0"", ""buy_5th_pre_bid"": ""+173900"", ""buy_5th_pre_req"": ""1"", ""buy_5th_pre_req_pre"": ""0"", ""buy_6th_pre_bid"": ""+173800"", ""buy_6th_pre_req"": ""51"", ""buy_6th_pre_req_pre"": ""0"", ""buy_7th_pre_bid"": ""+173600"", ""buy_7th_pre_req"": ""17"", ""buy_7th_pre_req_pre"": ""0"", ""buy_8th_pre_bid"": ""+173400"", ""buy_8th_pre_req"": ""6"", ""buy_8th_pre_req_pre"": ""0"", ""buy_9th_pre_bid"": ""+173300"", ""buy_9th_pre_req"": ""4"", ""buy_9th_pre_req_pre"": ""0"", ""buy_10th_pre_bid"": ""+173200"", ""buy_10th_pre_req"": ""123"", ""buy_10th_pre_req_pre"": ""0"", ""tot_sel_req_jub_pre"": ""0"", ""tot_sel_req"": ""417"", ""tot_buy_req"": ""324"", ""tot_buy_req_jub_pre"": ""+1"", ""ovt_sel_req_pre"": ""0"", ""ovt_sel_req"": ""0"", ""ovt_buy_req"": ""0"", ""ovt_buy_req_pre"": ""0"", ""return_code"": 0, ""return_msg"": ""정상적으로 처리되었습니다""}"
2026-06-10,scan_candidate,111770,,0,main_scan,78700,,78700,78600,78700,78300,-0.6353240152477764,0.12706480304955528,,,,,,"{""bid_req_base_tm"": ""113646"", ""sel_10th_pre_req_pre"": ""0"", ""sel_10th_pre_req"": ""11"", ""sel_10th_pre_bid"": ""+79700"", ""sel_9th_pre_req_pre"": ""0"", ""sel_9th_pre_req"": ""10"", ""sel_9th_pre_bid"": ""+79500"", ""sel_8th_pre_req_pre"": ""0"", ""sel_8th_pre_req"": ""23"", ""sel_8th_pre_bid"": ""+79400"", ""sel_7th_pre_req_pre"": ""0"", ""sel_7th_pre_req"": ""50"", ""sel_7th_pre_bid"": ""+79300"", ""sel_6th_pre_req_pre"": ""0"", ""sel_6th_pre_req"": ""50"", ""sel_6th_pre_bid"": ""+79200"", ""sel_5th_pre_req_pre"": ""0"", ""sel_5th_pre_req"": ""77"", ""sel_5th_pre_bid"": ""+79100"", ""sel_4th_pre_req_pre"": ""0"", ""sel_4th_pre_req"": ""60"", ""sel_4th_pre_bid"": ""+79000"", ""sel_3th_pre_req_pre"": ""0"", ""sel_3th_pre_req"": ""12"", ""sel_3th_pre_bid"": ""+78900"", ""sel_2th_pre_req_pre"": ""0"", ""sel_2th_pre_req"": ""57"", ""sel_2th_pre_bid"": ""+78800"", ""sel_1th_pre_req_pre"": ""0"", ""sel_fpr_req"": ""150"", ""sel_fpr_bid"": ""+78700"", ""buy_fpr_bid"": ""+78600"", ""buy_fpr_req"": ""138"", ""buy_1th_pre_req_pre"": ""0"", ""buy_2th_pre_bid"": ""+78500"", ""buy_2th_pre_req"": ""7"", ""buy_2th_pre_req_pre"": ""0"", ""buy_3th_pre_bid"": ""+78400"", ""buy_3th_pre_req"": ""2"", ""buy_3th_pre_req_pre"": ""0"", ""buy_4th_pre_bid"": ""+78300"", ""buy_4th_pre_req"": ""20"", ""buy_4th_pre_req_pre"": ""--5"", ""buy_5th_pre_bid"": ""+78200"", ""buy_5th_pre_req"": ""1"", ""buy_5th_pre_req_pre"": ""0"", ""buy_6th_pre_bid"": ""78000"", ""buy_6th_pre_req"": ""44"", ""buy_6th_pre_req_pre"": ""0"", ""buy_7th_pre_bid"": ""-77900"", ""buy_7th_pre_req"": ""45"", ""buy_7th_pre_req_pre"": ""0"", ""buy_8th_pre_bid"": ""-77800"", ""buy_8th_pre_req"": ""7"", ""buy_8th_pre_req_pre"": ""0"", ""buy_9th_pre_bid"": ""-77700"", ""buy_9th_pre_req"": ""19"", ""buy_9th_pre_req_pre"": ""0"", ""buy_10th_pre_bid"": ""-77500"", ""buy_10th_pre_req"": ""1"", ""buy_10th_pre_req_pre"": ""0"", ""tot_sel_req_jub_pre"": ""0"", ""tot_sel_req"": ""500"", ""tot_buy_req"": ""284"", ""tot_buy_req_jub_pre"": ""--5"", ""ovt_sel_req_pre"": ""0"", ""ovt_sel_req"": ""0"", ""ovt_buy_req"": ""0"", ""ovt_buy_req_pre"": ""0"", ""return_code"": 0, ""return_msg"": ""정상적으로 처리되었습니다""}"
2026-06-10,scan_candidate,085620,,0,main_scan,22550,,22550,22450,22550,22600,0.0,0.4434589800443459,,,,,,"{""bid_req_base_tm"": ""113653"", ""sel_10th_pre_req_pre"": ""0"", ""sel_10th_pre_req"": ""2320"", ""sel_10th_pre_bid"": ""-23000"", ""sel_9th_pre_req_pre"": ""0"", ""sel_9th_pre_req"": ""1417"", ""sel_9th_pre_bid"": ""-22950"", ""sel_8th_pre_req_pre"": ""0"", ""sel_8th_pre_req"": ""884"", ""sel_8th_pre_bid"": ""-22900"", ""sel_7th_pre_req_pre"": ""0"", ""sel_7th_pre_req"": ""469"", ""sel_7th_pre_bid"": ""-22850"", ""sel_6th_pre_req_pre"": ""0"", ""sel_6th_pre_req"": ""161"", ""sel_6th_pre_bid"": ""-22800"", ""sel_5th_pre_req_pre"": ""0"", ""sel_5th_pre_req"": ""30"", ""sel_5th_pre_bid"": ""-22750"", ""sel_4th_pre_req_pre"": ""0"", ""sel_4th_pre_req"": ""146"", ""sel_4th_pre_bid"": ""-22700"", ""sel_3th_pre_req_pre"": ""0"", ""sel_3th_pre_req"": ""29"", ""sel_3th_pre_bid"": ""-22650"", ""sel_2th_pre_req_pre"": ""0"", ""sel_2th_pre_req"": ""1"", ""sel_2th_pre_bid"": ""-22600"", ""sel_1th_pre_req_pre"": ""0"", ""sel_fpr_req"": ""472"", ""sel_fpr_bid"": ""-22550"", ""buy_fpr_bid"": ""-22450"", ""buy_fpr_req"": ""947"", ""buy_1th_pre_req_pre"": ""0"", ""buy_2th_pre_bid"": ""-22400"", ""buy_2th_pre_req"": ""646"", ""buy_2th_pre_req_pre"": ""0"", ""buy_3th_pre_bid"": ""-22350"", ""buy_3th_pre_req"": ""808"", ""buy_3th_pre_req_pre"": ""+219"", ""buy_4th_pre_bid"": ""-22300"", ""buy_4th_pre_req"": ""1396"", ""buy_4th_pre_req_pre"": ""0"", ""buy_5th_pre_bid"": ""-22250"", ""buy_5th_pre_req"": ""1849"", ""buy_5th_pre_req_pre"": ""0"", ""buy_6th_pre_bid"": ""-22200"", ""buy_6th_pre_req"": ""1460"", ""buy_6th_pre_req_pre"": ""0"", ""buy_7th_pre_bid"": ""-22150"", ""buy_7th_pre_req"": ""624"", ""buy_7th_pre_req_pre"": ""0"", ""buy_8th_pre_bid"": ""-22100"", ""buy_8th_pre_req"": ""1529"", ""buy_8th_pre_req_pre"": ""0"", ""buy_9th_pre_bid"": ""-22050"", ""buy_9th_pre_req"": ""2274"", ""buy_9th_pre_req_pre"": ""0"", ""buy_10th_pre_bid"": ""-22000"", ""buy_10th_pre_req"": ""2109"", ""buy_10th_pre_req_pre"": ""0"", ""tot_sel_req_jub_pre"": ""0"", ""tot_sel_req"": ""5929"", ""tot_buy_req"": ""13642"", ""tot_buy_req_jub_pre"": ""+219"", ""ovt_sel_req_pre"": ""0"", ""ovt_sel_req"": ""0"", ""ovt_buy_req"": ""0"", ""ovt_buy_req_pre"": ""0"", ""return_code"": 0, ""return_msg"": ""정상적으로 처리되었습니다""}"
2026-06-10,scan_candidate,035250,,0,main_scan,15050,,15050,15040,15050,15000,-0.6644518272425249,0.0664451827242525,,,,,,"{""bid_req_base_tm"": ""113653"", ""sel_10th_pre_req_pre"": ""0"", ""sel_10th_pre_req"": ""755"", ""sel_10th_pre_bid"": ""+15140"", ""sel_9th_pre_req_pre"": ""0"", ""sel_9th_pre_req"": ""10600"", ""sel_9th_pre_bid"": ""+15130"", ""sel_8th_pre_req_pre"": ""0"", ""sel_8th_pre_req"": ""582"", ""sel_8th_pre_bid"": ""+15120"", ""sel_7th_pre_req_pre"": ""0"", ""sel_7th_pre_req"": ""75"", ""sel_7th_pre_bid"": ""+15110"", ""sel_6th_pre_req_pre"": ""0"", ""sel_6th_pre_req"": ""1760"", ""sel_6th_pre_bid"": ""+15100"", ""sel_5th_pre_req_pre"": ""0"", ""sel_5th_pre_req"": ""4"", ""sel_5th_pre_bid"": ""+15090"", ""sel_4th_pre_req_pre"": ""0"", ""sel_4th_pre_req"": ""21"", ""sel_4th_pre_bid"": ""+15080"", ""sel_3th_pre_req_pre"": ""0"", ""sel_3th_pre_req"": ""128"", ""sel_3th_pre_bid"": ""+15070"", ""sel_2th_pre_req_pre"": ""0"", ""sel_2th_pre_req"": ""221"", ""sel_2th_pre_bid"": ""+15060"", ""sel_1th_pre_req_pre"": ""0"", ""sel_fpr_req"": ""35699"", ""sel_fpr_bid"": ""+15050"", ""buy_fpr_bid"": ""+15040"", ""buy_fpr_req"": ""1985"", ""buy_1th_pre_req_pre"": ""+273"", ""buy_2th_pre_bid"": ""+15030"", ""buy_2th_pre_req"": ""699"", ""buy_2th_pre_req_pre"": ""0"", ""buy_3th_pre_bid"": ""+15020"", ""buy_3th_pre_req"": ""145"", ""buy_3th_pre_req_pre"": ""0"", ""buy_4th_pre_bid"": ""+15010"", ""buy_4th_pre_req"": ""267"", ""buy_4th_pre_req_pre"": ""0"", ""buy_5th_pre_bid"": ""+15000"", ""buy_5th_pre_req"": ""239"", ""buy_5th_pre_req_pre"": ""0"", ""buy_6th_pre_bid"": ""+14990"", ""buy_6th_pre_req"": ""133"", ""buy_6th_pre_req_pre"": ""0"", ""buy_7th_pre_bid"": ""+14980"", ""buy_7th_pre_req"": ""117"", ""buy_7th_pre_req_pre"": ""0"", ""buy_8th_pre_bid"": ""+14970"", ""buy_8th_pre_req"": ""94"", ""buy_8th_pre_req_pre"": ""0"", ""buy_9th_pre_bid"": ""+14960"", ""buy_9th_pre_req"": ""52"", ""buy_9th_pre_req_pre"": ""0"", ""buy_10th_pre_bid"": ""+14950"", ""buy_10th_pre_req"": ""129"", ""buy_10th_pre_req_pre"": ""0"", ""tot_sel_req_jub_pre"": ""0"", ""tot_sel_req"": ""49845"", ""tot_buy_req"": ""3860"", ""tot_buy_req_jub_pre"": ""+273"", ""ovt_sel_req_pre"": ""0"", ""ovt_sel_req"": ""0"", ""ovt_buy_req"": ""0"", ""ovt_buy_req_pre"": ""0"", ""return_code"": 0, ""return_msg"": ""정상적으로 처리되었습니다""}"
2026-06-10,scan_candidate,001450,,0,main_scan,37500,,37500,37350,37500,37500,-0.13333333333333333,0.4,,,,,,"{""bid_req_base_tm"": ""113654"", ""sel_10th_pre_req_pre"": ""0"", ""sel_10th_pre_req"": ""141"", ""sel_10th_pre_bid"": ""+37950"", ""sel_9th_pre_req_pre"": ""0"", ""sel_9th_pre_req"": ""223"", ""sel_9th_pre_bid"": ""+37900"", ""sel_8th_pre_req_pre"": ""0"", ""sel_8th_pre_req"": ""459"", ""sel_8th_pre_bid"": ""+37850"", ""sel_7th_pre_req_pre"": ""0"", ""sel_7th_pre_req"": ""501"", ""sel_7th_pre_bid"": ""+37800"", ""sel_6th_pre_req_pre"": ""0"", ""sel_6th_pre_req"": ""645"", ""sel_6th_pre_bid"": ""+37750"", ""sel_5th_pre_req_pre"": ""0"", ""sel_5th_pre_req"": ""97"", ""sel_5th_pre_bid"": ""+37700"", ""sel_4th_pre_req_pre"": ""0"", ""sel_4th_pre_req"": ""97"", ""sel_4th_pre_bid"": ""+37650"", ""sel_3th_pre_req_pre"": ""0"", ""sel_3th_pre_req"": ""62"", ""sel_3th_pre_bid"": ""+37600"", ""sel_2th_pre_req_pre"": ""0"", ""sel_2th_pre_req"": ""28"", ""sel_2th_pre_bid"": ""+37550"", ""sel_1th_pre_req_pre"": ""0"", ""sel_fpr_req"": ""197"", ""sel_fpr_bid"": ""+37500"", ""buy_fpr_bid"": ""+37350"", ""buy_fpr_req"": ""623"", ""buy_1th_pre_req_pre"": ""0"", ""buy_2th_pre_bid"": ""+37300"", ""buy_2th_pre_req"": ""444"", ""buy_2th_pre_req_pre"": ""+1"", ""buy_3th_pre_bid"": ""+37250"", ""buy_3th_pre_req"": ""213"", ""buy_3th_pre_req_pre"": ""0"", ""buy_4th_pre_bid"": ""+37200"", ""buy_4th_pre_req"": ""491"", ""buy_4th_pre_req_pre"": ""0"", ""buy_5th_pre_bid"": ""+37150"", ""buy_5th_pre_req"": ""542"", ""buy_5th_pre_req_pre"": ""0"", ""buy_6th_pre_bid"": ""+37100"", ""buy_6th_pre_req"": ""670"", ""buy_6th_pre_req_pre"": ""0"", ""buy_7th_pre_bid"": ""+37050"", ""buy_7th_pre_req"": ""2824"", ""buy_7th_pre_req_pre"": ""0"", ""buy_8th_pre_bid"": ""+37000"", ""buy_8th_pre_req"": ""741"", ""buy_8th_pre_req_pre"": ""0"", ""buy_9th_pre_bid"": ""+36950"", ""buy_9th_pre_req"": ""137"", ""buy_9th_pre_req_pre"": ""0"", ""buy_10th_pre_bid"": ""36900"", ""buy_10th_pre_req"": ""1130"", ""buy_10th_pre_req_pre"": ""0"", ""tot_sel_req_jub_pre"": ""0"", ""tot_sel_req"": ""2450"", ""tot_buy_req"": ""7815"", ""tot_buy_req_jub_pre"": ""+1"", ""ovt_sel_req_pre"": ""0"", ""ovt_sel_req"": ""0"", ""ovt_buy_req"": ""0"", ""ovt_buy_req_pre"": ""0"", ""return_code"": 0, ""return_msg"": ""정상적으로 처리되었습니다""}"
2026-06-10,scan_candidate,036460,,0,main_scan,34600,,34600,34550,34600,34550,-0.2890173410404624,0.1445086705202312,,,,,,"{""bid_req_base_tm"": ""113649"", ""sel_10th_pre_req_pre"": ""0"", ""sel_10th_pre_req"": ""16"", ""sel_10th_pre_bid"": ""+35050"", ""sel_9th_pre_req_pre"": ""0"", ""sel_9th_pre_req"": ""4283"", ""sel_9th_pre_bid"": ""+35000"", ""sel_8th_pre_req_pre"": ""0"", ""sel_8th_pre_req"": ""80"", ""sel_8th_pre_bid"": ""+34950"", ""sel_7th_pre_req_pre"": ""0"", ""sel_7th_pre_req"": ""619"", ""sel_7th_pre_bid"": ""+34900"", ""sel_6th_pre_req_pre"": ""0"", ""sel_6th_pre_req"": ""534"", ""sel_6th_pre_bid"": ""+34850"", ""sel_5th_pre_req_pre"": ""0"", ""sel_5th_pre_req"": ""120"", ""sel_5th_pre_bid"": ""+34800"", ""sel_4th_pre_req_pre"": ""0"", ""sel_4th_pre_req"": ""578"", ""sel_4th_pre_bid"": ""+34750"", ""sel_3th_pre_req_pre"": ""0"", ""sel_3th_pre_req"": ""732"", ""sel_3th_pre_bid"": ""+34700"", ""sel_2th_pre_req_pre"": ""0"", ""sel_2th_pre_req"": ""361"", ""sel_2th_pre_bid"": ""+34650"", ""sel_1th_pre_req_pre"": ""0"", ""sel_fpr_req"": ""387"", ""sel_fpr_bid"": ""+34600"", ""buy_fpr_bid"": ""+34550"", ""buy_fpr_req"": ""189"", ""buy_1th_pre_req_pre"": ""0"", ""buy_2th_pre_bid"": ""+34500"", ""buy_2th_pre_req"": ""128"", ""buy_2th_pre_req_pre"": ""0"", ""buy_3th_pre_bid"": ""+34450"", ""buy_3th_pre_req"": ""346"", ""buy_3th_pre_req_pre"": ""0"", ""buy_4th_pre_bid"": ""+34400"", ""buy_4th_pre_req"": ""505"", ""buy_4th_pre_req_pre"": ""0"", ""buy_5th_pre_bid"": ""+34350"", ""buy_5th_pre_req"": ""129"", ""buy_5th_pre_req_pre"": ""0"", ""buy_6th_pre_bid"": ""+34300"", ""buy_6th_pre_req"": ""1847"", ""buy_6th_pre_req_pre"": ""0"", ""buy_7th_pre_bid"": ""+34250"", ""buy_7th_pre_req"": ""593"", ""buy_7th_pre_req_pre"": ""0"", ""buy_8th_pre_bid"": ""+34200"", ""buy_8th_pre_req"": ""761"", ""buy_8th_pre_req_pre"": ""0"", ""buy_9th_pre_bid"": ""+34150"", ""buy_9th_pre_req"": ""594"", ""buy_9th_pre_req_pre"": ""0"", ""buy_10th_pre_bid"": ""+34100"", ""buy_10th_pre_req"": ""700"", ""buy_10th_pre_req_pre"": ""0"", ""tot_sel_req_jub_pre"": ""0"", ""tot_sel_req"": ""7710"", ""tot_buy_req"": ""5792"", ""tot_buy_req_jub_pre"": ""0"", ""ovt_sel_req_pre"": ""0"", ""ovt_sel_req"": ""0"", ""ovt_buy_req"": ""0"", ""ovt_buy_req_pre"": ""0"", ""return_code"": 0, ""return_msg"": ""정상적으로 처리되었습니다""}"
2026-06-10,scan_candidate,007810,,0,main_scan,118400,,118400,118200,118400,118500,-0.33783783783783783,0.16891891891891891,,,,,,"{""bid_req_base_tm"": ""113654"", ""sel_10th_pre_req_pre"": ""0"", ""sel_10th_pre_req"": ""37"", ""sel_10th_pre_bid"": ""-119600"", ""sel_9th_pre_req_pre"": ""0"", ""sel_9th_pre_req"": ""27"", ""sel_9th_pre_bid"": ""-119300"", ""sel_8th_pre_req_pre"": ""0"", ""sel_8th_pre_req"": ""50"", ""sel_8th_pre_bid"": ""-119200"", ""sel_7th_pre_req_pre"": ""0"", ""sel_7th_pre_req"": ""50"", ""sel_7th_pre_bid"": ""-119000"", ""sel_6th_pre_req_pre"": ""0"", ""sel_6th_pre_req"": ""9"", ""sel_6th_pre_bid"": ""-118900"", ""sel_5th_pre_req_pre"": ""0"", ""sel_5th_pre_req"": ""6"", ""sel_5th_pre_bid"": ""-118800"", ""sel_4th_pre_req_pre"": ""0"", ""sel_4th_pre_req"": ""47"", ""sel_4th_pre_bid"": ""-118700"", ""sel_3th_pre_req_pre"": ""0"", ""sel_3th_pre_req"": ""20"", ""sel_3th_pre_bid"": ""-118600"", ""sel_2th_pre_req_pre"": ""0"", ""sel_2th_pre_req"": ""124"", ""sel_2th_pre_bid"": ""-118500"", ""sel_1th_pre_req_pre"": ""0"", ""sel_fpr_req"": ""68"", ""sel_fpr_bid"": ""-118400"", ""buy_fpr_bid"": ""-118200"", ""buy_fpr_req"": ""17"", ""buy_1th_pre_req_pre"": ""--1"", ""buy_2th_pre_bid"": ""-118100"", ""buy_2th_pre_req"": ""23"", ""buy_2th_pre_req_pre"": ""0"", ""buy_3th_pre_bid"": ""-118000"", ""buy_3th_pre_req"": ""90"", ""buy_3th_pre_req_pre"": ""0"", ""buy_4th_pre_bid"": ""-117900"", ""buy_4th_pre_req"": ""14"", ""buy_4th_pre_req_pre"": ""0"", ""buy_5th_pre_bid"": ""-117800"", ""buy_5th_pre_req"": ""40"", ""buy_5th_pre_req_pre"": ""0"", ""buy_6th_pre_bid"": ""-117700"", ""buy_6th_pre_req"": ""215"", ""buy_6th_pre_req_pre"": ""0"", ""buy_7th_pre_bid"": ""-117600"", ""buy_7th_pre_req"": ""12"", ""buy_7th_pre_req_pre"": ""0"", ""buy_8th_pre_bid"": ""-117500"", ""buy_8th_pre_req"": ""89"", ""buy_8th_pre_req_pre"": ""0"", ""buy_9th_pre_bid"": ""-117400"", ""buy_9th_pre_req"": ""105"", ""buy_9th_pre_req_pre"": ""0"", ""buy_10th_pre_bid"": ""-117300"", ""buy_10th_pre_req"": ""14"", ""buy_10th_pre_req_pre"": ""0"", ""tot_sel_req_jub_pre"": ""0"", ""tot_sel_req"": ""438"", ""tot_buy_req"": ""619"", ""tot_buy_req_jub_pre"": ""--1"", ""ovt_sel_req_pre"": ""0"", ""ovt_sel_req"": ""0"", ""ovt_buy_req"": ""0"", ""ovt_buy_req_pre"": ""0"", ""return_code"": 0, ""return_msg"": ""정상적으로 처리되었습니다""}"
2026-06-10,scan_candidate,001740,,0,main_scan,13760,,13760,13750,13760,13750,-0.436046511627907,0.07267441860465117,,,,,,"{""bid_req_base_tm"": ""113654"", ""sel_10th_pre_req_pre"": ""0"", ""sel_10th_pre_req"": ""11"", ""sel_10th_pre_bid"": ""-13850"", ""sel_9th_pre_req_pre"": ""0"", ""sel_9th_pre_req"": ""142"", ""sel_9th_pre_bid"": ""-13840"", ""sel_8th_pre_req_pre"": ""0"", ""sel_8th_pre_req"": ""708"", ""sel_8th_pre_bid"": ""-13830"", ""sel_7th_pre_req_pre"": ""0"", ""sel_7th_pre_req"": ""31"", ""sel_7th_pre_bid"": ""-13820"", ""sel_6th_pre_req_pre"": ""0"", ""sel_6th_pre_req"": ""8"", ""sel_6th_pre_bid"": ""-13810"", ""sel_5th_pre_req_pre"": ""0"", ""sel_5th_pre_req"": ""539"", ""sel_5th_pre_bid"": ""-13800"", ""sel_4th_pre_req_pre"": ""0"", ""sel_4th_pre_req"": ""1788"", ""sel_4th_pre_bid"": ""-13790"", ""sel_3th_pre_req_pre"": ""0"", ""sel_3th_pre_req"": ""1633"", ""sel_3th_pre_bid"": ""-13780"", ""sel_2th_pre_req_pre"": ""0"", ""sel_2th_pre_req"": ""3352"", ""sel_2th_pre_bid"": ""-13770"", ""sel_1th_pre_req_pre"": ""+98"", ""sel_fpr_req"": ""995"", ""sel_fpr_bid"": ""-13760"", ""buy_fpr_bid"": ""-13750"", ""buy_fpr_req"": ""6664"", ""buy_1th_pre_req_pre"": ""0"", ""buy_2th_pre_bid"": ""-13740"", ""buy_2th_pre_req"": ""3899"", ""buy_2th_pre_req_pre"": ""0"", ""buy_3th_pre_bid"": ""-13730"", ""buy_3th_pre_req"": ""6719"", ""buy_3th_pre_req_pre"": ""0"", ""buy_4th_pre_bid"": ""-13720"", ""buy_4th_pre_req"": ""6064"", ""buy_4th_pre_req_pre"": ""0"", ""buy_5th_pre_bid"": ""-13710"", ""buy_5th_pre_req"": ""7716"", ""buy_5th_pre_req_pre"": ""0"", ""buy_6th_pre_bid"": ""-13700"", ""buy_6th_pre_req"": ""33447"", ""buy_6th_pre_req_pre"": ""0"", ""buy_7th_pre_bid"": ""-13690"", ""buy_7th_pre_req"": ""2156"", ""buy_7th_pre_req_pre"": ""0"", ""buy_8th_pre_bid"": ""-13680"", ""buy_8th_pre_req"": ""4605"", ""buy_8th_pre_req_pre"": ""0"", ""buy_9th_pre_bid"": ""-13670"", ""buy_9th_pre_req"": ""2879"", ""buy_9th_pre_req_pre"": ""0"", ""buy_10th_pre_bid"": ""-13660"", ""buy_10th_pre_req"": ""1137"", ""buy_10th_pre_req_pre"": ""0"", ""tot_sel_req_jub_pre"": ""+98"", ""tot_sel_req"": ""9207"", ""tot_buy_req"": ""75286"", ""tot_buy_req_jub_pre"": ""0"", ""ovt_sel_req_pre"": ""0"", ""ovt_sel_req"": ""0"", ""ovt_buy_req"": ""0"", ""ovt_buy_req_pre"": ""0"", ""return_code"": 0, ""return_msg"": ""정상적으로 처리되었습니다""}"
2026-06-10,scan_candidate,383220,,0,main_scan,75800,,75800,75700,75800,75600,-0.395778364116095,0.13192612137203166,,,,,,"{""bid_req_base_tm"": ""113654"", ""sel_10th_pre_req_pre"": ""0"", ""sel_10th_pre_req"": ""22"", ""sel_10th_pre_bid"": ""+77000"", ""sel_9th_pre_req_pre"": ""0"", ""sel_9th_pre_req"": ""106"", ""sel_9th_pre_bid"": ""+76900"", ""sel_8th_pre_req_pre"": ""0"", ""sel_8th_pre_req"": ""30"", ""sel_8th_pre_bid"": ""+76800"", ""sel_7th_pre_req_pre"": ""0"", ""sel_7th_pre_req"": ""9"", ""sel_7th_pre_bid"": ""+76700"", ""sel_6th_pre_req_pre"": ""0"", ""sel_6th_pre_req"": ""31"", ""sel_6th_pre_bid"": ""+76600"", ""sel_5th_pre_req_pre"": ""0"", ""sel_5th_pre_req"": ""56"", ""sel_5th_pre_bid"": ""+76500"", ""sel_4th_pre_req_pre"": ""0"", ""sel_4th_pre_req"": ""10"", ""sel_4th_pre_bid"": ""+76400"", ""sel_3th_pre_req_pre"": ""0"", ""sel_3th_pre_req"": ""17"", ""sel_3th_pre_bid"": ""+76300"", ""sel_2th_pre_req_pre"": ""0"", ""sel_2th_pre_req"": ""135"", ""sel_2th_pre_bid"": ""+76200"", ""sel_1th_pre_req_pre"": ""+2"", ""sel_fpr_req"": ""42"", ""sel_fpr_bid"": ""+75800"", ""buy_fpr_bid"": ""+75700"", ""buy_fpr_req"": ""31"", ""buy_1th_pre_req_pre"": ""0"", ""buy_2th_pre_bid"": ""+75600"", ""buy_2th_pre_req"": ""12"", ""buy_2th_pre_req_pre"": ""0"", ""buy_3th_pre_bid"": ""+75500"", ""buy_3th_pre_req"": ""41"", ""buy_3th_pre_req_pre"": ""0"", ""buy_4th_pre_bid"": ""+75400"", ""buy_4th_pre_req"": ""25"", ""buy_4th_pre_req_pre"": ""0"", ""buy_5th_pre_bid"": ""+75300"", ""buy_5th_pre_req"": ""27"", ""buy_5th_pre_req_pre"": ""0"", ""buy_6th_pre_bid"": ""+75200"", ""buy_6th_pre_req"": ""10"", ""buy_6th_pre_req_pre"": ""0"", ""buy_7th_pre_bid"": ""+75000"", ""buy_7th_pre_req"": ""1"", ""buy_7th_pre_req_pre"": ""0"", ""buy_8th_pre_bid"": ""+74900"", ""buy_8th_pre_req"": ""10"", ""buy_8th_pre_req_pre"": ""0"", ""buy_9th_pre_bid"": ""+74700"", ""buy_9th_pre_req"": ""103"", ""buy_9th_pre_req_pre"": ""0"", ""buy_10th_pre_bid"": ""74600"", ""buy_10th_pre_req"": ""20"", ""buy_10th_pre_req_pre"": ""0"", ""tot_sel_req_jub_pre"": ""+2"", ""tot_sel_req"": ""458"", ""tot_buy_req"": ""280"", ""tot_buy_req_jub_pre"": ""0"", ""ovt_sel_req_pre"": ""0"", ""ovt_sel_req"": ""0"", ""ovt_buy_req"": ""0"", ""ovt_buy_req_pre"": ""0"", ""return_code"": 0, ""return_msg"": ""정상적으로 처리되었습니다""}"
2026-06-10,scan_candidate,014680,,0,main_scan,260000,,260000,259500,260000,262000,0.576923076923077,0.19230769230769232,,,,,,"{""bid_req_base_tm"": ""113651"", ""sel_10th_pre_req_pre"": ""0"", ""sel_10th_pre_req"": ""16"", ""sel_10th_pre_bid"": ""+264500"", ""sel_9th_pre_req_pre"": ""0"", ""sel_9th_pre_req"": ""86"", ""sel_9th_pre_bid"": ""+264000"", ""sel_8th_pre_req_pre"": ""0"", ""sel_8th_pre_req"": ""13"", ""sel_8th_pre_bid"": ""+263500"", ""sel_7th_pre_req_pre"": ""0"", ""sel_7th_pre_req"": ""10"", ""sel_7th_pre_bid"": ""+263000"", ""sel_6th_pre_req_pre"": ""0"", ""sel_6th_pre_req"": ""5"", ""sel_6th_pre_bid"": ""+262500"", ""sel_5th_pre_req_pre"": ""0"", ""sel_5th_pre_req"": ""2"", ""sel_5th_pre_bid"": ""+262000"", ""sel_4th_pre_req_pre"": ""0"", ""sel_4th_pre_req"": ""12"", ""sel_4th_pre_bid"": ""+261500"", ""sel_3th_pre_req_pre"": ""0"", ""sel_3th_pre_req"": ""22"", ""sel_3th_pre_bid"": ""+261000"", ""sel_2th_pre_req_pre"": ""--10"", ""sel_2th_pre_req"": ""9"", ""sel_2th_pre_bid"": ""+260500"", ""sel_1th_pre_req_pre"": ""+18"", ""sel_fpr_req"": ""57"", ""sel_fpr_bid"": ""+260000"", ""buy_fpr_bid"": ""+259500"", ""buy_fpr_req"": ""275"", ""buy_1th_pre_req_pre"": ""0"", ""buy_2th_pre_bid"": ""+259000"", ""buy_2th_pre_req"": ""266"", ""buy_2th_pre_req_pre"": ""0"", ""buy_3th_pre_bid"": ""+258500"", ""buy_3th_pre_req"": ""237"", ""buy_3th_pre_req_pre"": ""0"", ""buy_4th_pre_bid"": ""+258000"", ""buy_4th_pre_req"": ""236"", ""buy_4th_pre_req_pre"": ""0"", ""buy_5th_pre_bid"": ""+257500"", ""buy_5th_pre_req"": ""202"", ""buy_5th_pre_req_pre"": ""0"", ""buy_6th_pre_bid"": ""+257000"", ""buy_6th_pre_req"": ""203"", ""buy_6th_pre_req_pre"": ""0"", ""buy_7th_pre_bid"": ""+256500"", ""buy_7th_pre_req"": ""207"", ""buy_7th_pre_req_pre"": ""0"", ""buy_8th_pre_bid"": ""+256000"", ""buy_8th_pre_req"": ""203"", ""buy_8th_pre_req_pre"": ""0"", ""buy_9th_pre_bid"": ""+255500"", ""buy_9th_pre_req"": ""279"", ""buy_9th_pre_req_pre"": ""0"", ""buy_10th_pre_bid"": ""+255000"", ""buy_10th_pre_req"": ""505"", ""buy_10th_pre_req_pre"": ""0"", ""tot_sel_req_jub_pre"": ""+8"", ""tot_sel_req"": ""232"", ""tot_buy_req"": ""2613"", ""tot_buy_req_jub_pre"": ""0"", ""ovt_sel_req_pre"": ""0"", ""ovt_sel_req"": ""0"", ""ovt_buy_req"": ""0"", ""ovt_buy_req_pre"": ""0"", ""return_code"": 0, ""return_msg"": ""정상적으로 처리되었습니다""}"
2026-06-10,scan_candidate,028670,,0,main_scan,5070,,5070,5050,5070,5070,-0.19723865877712032,0.39447731755424065,,,,,,"{""bid_req_base_tm"": ""113655"", ""sel_10th_pre_req_pre"": ""0"", ""sel_10th_pre_req"": ""2657"", ""sel_10th_pre_bid"": ""-5160"", ""sel_9th_pre_req_pre"": ""0"", ""sel_9th_pre_req"": ""3854"", ""sel_9th_pre_bid"": ""-5150"", ""sel_8th_pre_req_pre"": ""0"", ""sel_8th_pre_req"": ""1511"", ""sel_8th_pre_bid"": ""-5140"", ""sel_7th_pre_req_pre"": ""0"", ""sel_7th_pre_req"": ""3289"", ""sel_7th_pre_bid"": ""-5130"", ""sel_6th_pre_req_pre"": ""--51"", ""sel_6th_pre_req"": ""3099"", ""sel_6th_pre_bid"": ""-5120"", ""sel_5th_pre_req_pre"": ""0"", ""sel_5th_pre_req"": ""1786"", ""sel_5th_pre_bid"": ""-5110"", ""sel_4th_pre_req_pre"": ""0"", ""sel_4th_pre_req"": ""3111"", ""sel_4th_pre_bid"": ""-5100"", ""sel_3th_pre_req_pre"": ""0"", ""sel_3th_pre_req"": ""1936"", ""sel_3th_pre_bid"": ""-5090"", ""sel_2th_pre_req_pre"": ""0"", ""sel_2th_pre_req"": ""1830"", ""sel_2th_pre_bid"": ""-5080"", ""sel_1th_pre_req_pre"": ""0"", ""sel_fpr_req"": ""1132"", ""sel_fpr_bid"": ""-5070"", ""buy_fpr_bid"": ""-5050"", ""buy_fpr_req"": ""3000"", ""buy_1th_pre_req_pre"": ""0"", ""buy_2th_pre_bid"": ""-5040"", ""buy_2th_pre_req"": ""1162"", ""buy_2th_pre_req_pre"": ""0"", ""buy_3th_pre_bid"": ""-5030"", ""buy_3th_pre_req"": ""2469"", ""buy_3th_pre_req_pre"": ""0"", ""buy_4th_pre_bid"": ""-5020"", ""buy_4th_pre_req"": ""839"", ""buy_4th_pre_req_pre"": ""0"", ""buy_5th_pre_bid"": ""-5010"", ""buy_5th_pre_req"": ""1404"", ""buy_5th_pre_req_pre"": ""0"", ""buy_6th_pre_bid"": ""-5000"", ""buy_6th_pre_req"": ""10289"", ""buy_6th_pre_req_pre"": ""0"", ""buy_7th_pre_bid"": ""-4995"", ""buy_7th_pre_req"": ""1181"", ""buy_7th_pre_req_pre"": ""0"", ""buy_8th_pre_bid"": ""-4990"", ""buy_8th_pre_req"": ""256"", ""buy_8th_pre_req_pre"": ""0"", ""buy_9th_pre_bid"": ""-4985"", ""buy_9th_pre_req"": ""79"", ""buy_9th_pre_req_pre"": ""0"", ""buy_10th_pre_bid"": ""-4980"", ""buy_10th_pre_req"": ""1694"", ""buy_10th_pre_req_pre"": ""0"", ""tot_sel_req_jub_pre"": ""--51"", ""tot_sel_req"": ""24205"", ""tot_buy_req"": ""22373"", ""tot_buy_req_jub_pre"": ""0"", ""ovt_sel_req_pre"": ""0"", ""ovt_sel_req"": ""0"", ""ovt_buy_req"": ""0"", ""ovt_buy_req_pre"": ""0"", ""return_code"": 0, ""return_msg"": ""정상적으로 처리되었습니다""}"
2026-06-10,scan_candidate,009420,,0,main_scan,49700,,49700,49650,49700,49950,0.4024144869215292,0.1006036217303823,,,,,,"{""bid_req_base_tm"": ""113655"", ""sel_10th_pre_req_pre"": ""0"", ""sel_10th_pre_req"": ""208"", ""sel_10th_pre_bid"": ""-50400"", ""sel_9th_pre_req_pre"": ""0"", ""sel_9th_pre_req"": ""7"", ""sel_9th_pre_bid"": ""-50300"", ""sel_8th_pre_req_pre"": ""0"", ""sel_8th_pre_req"": ""14"", ""sel_8th_pre_bid"": ""-50100"", ""sel_7th_pre_req_pre"": ""0"", ""sel_7th_pre_req"": ""9"", ""sel_7th_pre_bid"": ""-50000"", ""sel_6th_pre_req_pre"": ""0"", ""sel_6th_pre_req"": ""58"", ""sel_6th_pre_bid"": ""-49950"", ""sel_5th_pre_req_pre"": ""0"", ""sel_5th_pre_req"": ""2"", ""sel_5th_pre_bid"": ""-49900"", ""sel_4th_pre_req_pre"": ""0"", ""sel_4th_pre_req"": ""36"", ""sel_4th_pre_bid"": ""-49850"", ""sel_3th_pre_req_pre"": ""0"", ""sel_3th_pre_req"": ""197"", ""sel_3th_pre_bid"": ""-49800"", ""sel_2th_pre_req_pre"": ""0"", ""sel_2th_pre_req"": ""66"", ""sel_2th_pre_bid"": ""-49750"", ""sel_1th_pre_req_pre"": ""0"", ""sel_fpr_req"": ""73"", ""sel_fpr_bid"": ""-49700"", ""buy_fpr_bid"": ""-49650"", ""buy_fpr_req"": ""117"", ""buy_1th_pre_req_pre"": ""+10"", ""buy_2th_pre_bid"": ""-49600"", ""buy_2th_pre_req"": ""501"", ""buy_2th_pre_req_pre"": ""0"", ""buy_3th_pre_bid"": ""-49550"", ""buy_3th_pre_req"": ""15"", ""buy_3th_pre_req_pre"": ""0"", ""buy_4th_pre_bid"": ""-49500"", ""buy_4th_pre_req"": ""535"", ""buy_4th_pre_req_pre"": ""0"", ""buy_5th_pre_bid"": ""-49450"", ""buy_5th_pre_req"": ""171"", ""buy_5th_pre_req_pre"": ""0"", ""buy_6th_pre_bid"": ""-49400"", ""buy_6th_pre_req"": ""146"", ""buy_6th_pre_req_pre"": ""0"", ""buy_7th_pre_bid"": ""-49350"", ""buy_7th_pre_req"": ""46"", ""buy_7th_pre_req_pre"": ""0"", ""buy_8th_pre_bid"": ""-49300"", ""buy_8th_pre_req"": ""99"", ""buy_8th_pre_req_pre"": ""0"", ""buy_9th_pre_bid"": ""-49250"", ""buy_9th_pre_req"": ""13"", ""buy_9th_pre_req_pre"": ""0"", ""buy_10th_pre_bid"": ""-49200"", ""buy_10th_pre_req"": ""93"", ""buy_10th_pre_req_pre"": ""0"", ""tot_sel_req_jub_pre"": ""0"", ""tot_sel_req"": ""670"", ""tot_buy_req"": ""1736"", ""tot_buy_req_jub_pre"": ""+10"", ""ovt_sel_req_pre"": ""0"", ""ovt_sel_req"": ""0"", ""ovt_buy_req"": ""0"", ""ovt_buy_req_pre"": ""0"", ""return_code"": 0, ""return_msg"": ""정상적으로 처리되었습니다""}"
2026-06-10,scan_candidate,375500,,0,main_scan,71000,,71000,70800,71000,70700,-0.5633802816901409,0.28169014084507044,,,,,,"{""bid_req_base_tm"": ""113655"", ""sel_10th_pre_req_pre"": ""0"", ""sel_10th_pre_req"": ""203"", ""sel_10th_pre_bid"": ""+71900"", ""sel_9th_pre_req_pre"": ""0"", ""sel_9th_pre_req"": ""202"", ""sel_9th_pre_bid"": ""+71800"", ""sel_8th_pre_req_pre"": ""0"", ""sel_8th_pre_req"": ""225"", ""sel_8th_pre_bid"": ""+71700"", ""sel_7th_pre_req_pre"": ""0"", ""sel_7th_pre_req"": ""281"", ""sel_7th_pre_bid"": ""+71600"", ""sel_6th_pre_req_pre"": ""0"", ""sel_6th_pre_req"": ""745"", ""sel_6th_pre_bid"": ""+71500"", ""sel_5th_pre_req_pre"": ""0"", ""sel_5th_pre_req"": ""527"", ""sel_5th_pre_bid"": ""+71400"", ""sel_4th_pre_req_pre"": ""0"", ""sel_4th_pre_req"": ""90"", ""sel_4th_pre_bid"": ""+71300"", ""sel_3th_pre_req_pre"": ""0"", ""sel_3th_pre_req"": ""67"", ""sel_3th_pre_bid"": ""+71200"", ""sel_2th_pre_req_pre"": ""0"", ""sel_2th_pre_req"": ""212"", ""sel_2th_pre_bid"": ""+71100"", ""sel_1th_pre_req_pre"": ""+1"", ""sel_fpr_req"": ""189"", ""sel_fpr_bid"": ""+71000"", ""buy_fpr_bid"": ""+70800"", ""buy_fpr_req"": ""403"", ""buy_1th_pre_req_pre"": ""0"", ""buy_2th_pre_bid"": ""+70700"", ""buy_2th_pre_req"": ""199"", ""buy_2th_pre_req_pre"": ""0"", ""buy_3th_pre_bid"": ""+70600"", ""buy_3th_pre_req"": ""138"", ""buy_3th_pre_req_pre"": ""0"", ""buy_4th_pre_bid"": ""+70500"", ""buy_4th_pre_req"": ""491"", ""buy_4th_pre_req_pre"": ""0"", ""buy_5th_pre_bid"": ""+70400"", ""buy_5th_pre_req"": ""114"", ""buy_5th_pre_req_pre"": ""0"", ""buy_6th_pre_bid"": ""+70300"", ""buy_6th_pre_req"": ""189"", ""buy_6th_pre_req_pre"": ""0"", ""buy_7th_pre_bid"": ""+70200"", ""buy_7th_pre_req"": ""90"", ""buy_7th_pre_req_pre"": ""0"", ""buy_8th_pre_bid"": ""+70100"", ""buy_8th_pre_req"": ""194"", ""buy_8th_pre_req_pre"": ""0"", ""buy_9th_pre_bid"": ""+70000"", ""buy_9th_pre_req"": ""134"", ""buy_9th_pre_req_pre"": ""0"", ""buy_10th_pre_bid"": ""+69900"", ""buy_10th_pre_req"": ""39"", ""buy_10th_pre_req_pre"": ""0"", ""tot_sel_req_jub_pre"": ""+1"", ""tot_sel_req"": ""2741"", ""tot_buy_req"": ""1991"", ""tot_buy_req_jub_pre"": ""0"", ""ovt_sel_req_pre"": ""0"", ""ovt_sel_req"": ""0"", ""ovt_buy_req"": ""0"", ""ovt_buy_req_pre"": ""0"", ""return_code"": 0, ""return_msg"": ""정상적으로 처리되었습니다""}"
2026-06-10,scan_candidate,004990,,0,main_scan,25650,,25650,25600,25650,25700,0.0,0.1949317738791423,,,,,,"{""bid_req_base_tm"": ""113655"", ""sel_10th_pre_req_pre"": ""0"", ""sel_10th_pre_req"": ""3090"", ""sel_10th_pre_bid"": ""26150"", ""sel_9th_pre_req_pre"": ""0"", ""sel_9th_pre_req"": ""429"", ""sel_9th_pre_bid"": ""-26100"", ""sel_8th_pre_req_pre"": ""0"", ""sel_8th_pre_req"": ""56"", ""sel_8th_pre_bid"": ""-26050"", ""sel_7th_pre_req_pre"": ""0"", ""sel_7th_pre_req"": ""117"", ""sel_7th_pre_bid"": ""-26000"", ""sel_6th_pre_req_pre"": ""0"", ""sel_6th_pre_req"": ""210"", ""sel_6th_pre_bid"": ""-25950"", ""sel_5th_pre_req_pre"": ""0"", ""sel_5th_pre_req"": ""2"", ""sel_5th_pre_bid"": ""-25850"", ""sel_4th_pre_req_pre"": ""0"", ""sel_4th_pre_req"": ""84"", ""sel_4th_pre_bid"": ""-25800"", ""sel_3th_pre_req_pre"": ""0"", ""sel_3th_pre_req"": ""1"", ""sel_3th_pre_bid"": ""-25750"", ""sel_2th_pre_req_pre"": ""0"", ""sel_2th_pre_req"": ""401"", ""sel_2th_pre_bid"": ""-25700"", ""sel_1th_pre_req_pre"": ""0"", ""sel_fpr_req"": ""470"", ""sel_fpr_bid"": ""-25650"", ""buy_fpr_bid"": ""-25600"", ""buy_fpr_req"": ""418"", ""buy_1th_pre_req_pre"": ""--4"", ""buy_2th_pre_bid"": ""-25550"", ""buy_2th_pre_req"": ""505"", ""buy_2th_pre_req_pre"": ""0"", ""buy_3th_pre_bid"": ""-25500"", ""buy_3th_pre_req"": ""1024"", ""buy_3th_pre_req_pre"": ""0"", ""buy_4th_pre_bid"": ""-25450"", ""buy_4th_pre_req"": ""597"", ""buy_4th_pre_req_pre"": ""0"", ""buy_5th_pre_bid"": ""-25400"", ""buy_5th_pre_req"": ""663"", ""buy_5th_pre_req_pre"": ""0"", ""buy_6th_pre_bid"": ""-25350"", ""buy_6th_pre_req"": ""441"", ""buy_6th_pre_req_pre"": ""0"", ""buy_7th_pre_bid"": ""-25300"", ""buy_7th_pre_req"": ""480"", ""buy_7th_pre_req_pre"": ""0"", ""buy_8th_pre_bid"": ""-25250"", ""buy_8th_pre_req"": ""820"", ""buy_8th_pre_req_pre"": ""0"", ""buy_9th_pre_bid"": ""-25200"", ""buy_9th_pre_req"": ""807"", ""buy_9th_pre_req_pre"": ""0"", ""buy_10th_pre_bid"": ""-25150"", ""buy_10th_pre_req"": ""1575"", ""buy_10th_pre_req_pre"": ""0"", ""tot_sel_req_jub_pre"": ""0"", ""tot_sel_req"": ""4860"", ""tot_buy_req"": ""7330"", ""tot_buy_req_jub_pre"": ""--4"", ""ovt_sel_req_pre"": ""0"", ""ovt_sel_req"": ""0"", ""ovt_buy_req"": ""0"", ""ovt_buy_req_pre"": ""0"", ""return_code"": 0, ""return_msg"": ""정상적으로 처리되었습니다""}"
2026-06-10,scan_candidate,483650,,0,main_scan,205000,,205000,204500,205000,206500,0.4878048780487805,0.24390243902439024,,,,,,"{""bid_req_base_tm"": ""113655"", ""sel_10th_pre_req_pre"": ""0"", ""sel_10th_pre_req"": ""760"", ""sel_10th_pre_bid"": ""+209500"", ""sel_9th_pre_req_pre"": ""0"", ""sel_9th_pre_req"": ""1467"", ""sel_9th_pre_bid"": ""+209000"", ""sel_8th_pre_req_pre"": ""0"", ""sel_8th_pre_req"": ""912"", ""sel_8th_pre_bid"": ""+208500"", ""sel_7th_pre_req_pre"": ""0"", ""sel_7th_pre_req"": ""563"", ""sel_7th_pre_bid"": ""+208000"", ""sel_6th_pre_req_pre"": ""0"", ""sel_6th_pre_req"": ""116"", ""sel_6th_pre_bid"": ""+207500"", ""sel_5th_pre_req_pre"": ""0"", ""sel_5th_pre_req"": ""172"", ""sel_5th_pre_bid"": ""+207000"", ""sel_4th_pre_req_pre"": ""0"", ""sel_4th_pre_req"": ""272"", ""sel_4th_pre_bid"": ""+206500"", ""sel_3th_pre_req_pre"": ""0"", ""sel_3th_pre_req"": ""347"", ""sel_3th_pre_bid"": ""+206000"", ""sel_2th_pre_req_pre"": ""0"", ""sel_2th_pre_req"": ""222"", ""sel_2th_pre_bid"": ""+205500"", ""sel_1th_pre_req_pre"": ""--20"", ""sel_fpr_req"": ""88"", ""sel_fpr_bid"": ""+205000"", ""buy_fpr_bid"": ""+204500"", ""buy_fpr_req"": ""317"", ""buy_1th_pre_req_pre"": ""0"", ""buy_2th_pre_bid"": ""+204000"", ""buy_2th_pre_req"": ""5469"", ""buy_2th_pre_req_pre"": ""0"", ""buy_3th_pre_bid"": ""+203500"", ""buy_3th_pre_req"": ""20"", ""buy_3th_pre_req_pre"": ""0"", ""buy_4th_pre_bid"": ""+203000"", ""buy_4th_pre_req"": ""58"", ""buy_4th_pre_req_pre"": ""0"", ""buy_5th_pre_bid"": ""+202500"", ""buy_5th_pre_req"": ""44"", ""buy_5th_pre_req_pre"": ""0"", ""buy_6th_pre_bid"": ""+202000"", ""buy_6th_pre_req"": ""55"", ""buy_6th_pre_req_pre"": ""0"", ""buy_7th_pre_bid"": ""+201500"", ""buy_7th_pre_req"": ""136"", ""buy_7th_pre_req_pre"": ""0"", ""buy_8th_pre_bid"": ""+201000"", ""buy_8th_pre_req"": ""328"", ""buy_8th_pre_req_pre"": ""0"", ""buy_9th_pre_bid"": ""+200500"", ""buy_9th_pre_req"": ""101"", ""buy_9th_pre_req_pre"": ""0"", ""buy_10th_pre_bid"": ""+200000"", ""buy_10th_pre_req"": ""397"", ""buy_10th_pre_req_pre"": ""0"", ""tot_sel_req_jub_pre"": ""--20"", ""tot_sel_req"": ""4919"", ""tot_buy_req"": ""6925"", ""tot_buy_req_jub_pre"": ""0"", ""ovt_sel_req_pre"": ""0"", ""ovt_sel_req"": ""0"", ""ovt_buy_req"": ""0"", ""ovt_buy_req_pre"": ""0"", ""return_code"": 0, ""return_msg"": ""정상적으로 처리되었습니다""}"
2026-06-10,scan_candidate,003690,,0,main_scan,13230,,13230,13220,13230,13200,-0.6046863189720333,0.07558578987150416,,,,,,"{""bid_req_base_tm"": ""113655"", ""sel_10th_pre_req_pre"": ""0"", ""sel_10th_pre_req"": ""40"", ""sel_10th_pre_bid"": ""-13320"", ""sel_9th_pre_req_pre"": ""0"", ""sel_9th_pre_req"": ""1"", ""sel_9th_pre_bid"": ""-13310"", ""sel_8th_pre_req_pre"": ""0"", ""sel_8th_pre_req"": ""1018"", ""sel_8th_pre_bid"": ""-13300"", ""sel_7th_pre_req_pre"": ""--40"", ""sel_7th_pre_req"": ""6"", ""sel_7th_pre_bid"": ""-13290"", ""sel_6th_pre_req_pre"": ""0"", ""sel_6th_pre_req"": ""5"", ""sel_6th_pre_bid"": ""-13280"", ""sel_5th_pre_req_pre"": ""0"", ""sel_5th_pre_req"": ""1"", ""sel_5th_pre_bid"": ""-13270"", ""sel_4th_pre_req_pre"": ""0"", ""sel_4th_pre_req"": ""291"", ""sel_4th_pre_bid"": ""-13260"", ""sel_3th_pre_req_pre"": ""0"", ""sel_3th_pre_req"": ""229"", ""sel_3th_pre_bid"": ""-13250"", ""sel_2th_pre_req_pre"": ""0"", ""sel_2th_pre_req"": ""82"", ""sel_2th_pre_bid"": ""-13240"", ""sel_1th_pre_req_pre"": ""0"", ""sel_fpr_req"": ""122"", ""sel_fpr_bid"": ""-13230"", ""buy_fpr_bid"": ""-13220"", ""buy_fpr_req"": ""240"", ""buy_1th_pre_req_pre"": ""0"", ""buy_2th_pre_bid"": ""-13210"", ""buy_2th_pre_req"": ""333"", ""buy_2th_pre_req_pre"": ""0"", ""buy_3th_pre_bid"": ""-13190"", ""buy_3th_pre_req"": ""61"", ""buy_3th_pre_req_pre"": ""0"", ""buy_4th_pre_bid"": ""-13180"", ""buy_4th_pre_req"": ""50"", ""buy_4th_pre_req_pre"": ""0"", ""buy_5th_pre_bid"": ""-13170"", ""buy_5th_pre_req"": ""100"", ""buy_5th_pre_req_pre"": ""0"", ""buy_6th_pre_bid"": ""-13160"", ""buy_6th_pre_req"": ""82"", ""buy_6th_pre_req_pre"": ""0"", ""buy_7th_pre_bid"": ""-13150"", ""buy_7th_pre_req"": ""103"", ""buy_7th_pre_req_pre"": ""0"", ""buy_8th_pre_bid"": ""-13140"", ""buy_8th_pre_req"": ""51"", ""buy_8th_pre_req_pre"": ""0"", ""buy_9th_pre_bid"": ""-13130"", ""buy_9th_pre_req"": ""355"", ""buy_9th_pre_req_pre"": ""0"", ""buy_10th_pre_bid"": ""-13120"", ""buy_10th_pre_req"": ""56"", ""buy_10th_pre_req_pre"": ""0"", ""tot_sel_req_jub_pre"": ""--1"", ""tot_sel_req"": ""1795"", ""tot_buy_req"": ""1431"", ""tot_buy_req_jub_pre"": ""0"", ""ovt_sel_req_pre"": ""0"", ""ovt_sel_req"": ""0"", ""ovt_buy_req"": ""0"", ""ovt_buy_req_pre"": ""0"", ""return_code"": 0, ""return_msg"": ""정상적으로 처리되었습니다""}"
2026-06-10,scan_candidate,279570,,0,main_scan,6140,,6140,6130,6140,6110,-0.6514657980456027,0.16286644951140067,,,,,,"{""bid_req_base_tm"": ""113656"", ""sel_10th_pre_req_pre"": ""0"", ""sel_10th_pre_req"": ""13836"", ""sel_10th_pre_bid"": ""+6230"", ""sel_9th_pre_req_pre"": ""0"", ""sel_9th_pre_req"": ""11741"", ""sel_9th_pre_bid"": ""+6220"", ""sel_8th_pre_req_pre"": ""0"", ""sel_8th_pre_req"": ""18903"", ""sel_8th_pre_bid"": ""+6210"", ""sel_7th_pre_req_pre"": ""0"", ""sel_7th_pre_req"": ""81207"", ""sel_7th_pre_bid"": ""+6200"", ""sel_6th_pre_req_pre"": ""0"", ""sel_6th_pre_req"": ""30652"", ""sel_6th_pre_bid"": ""+6190"", ""sel_5th_pre_req_pre"": ""0"", ""sel_5th_pre_req"": ""16982"", ""sel_5th_pre_bid"": ""+6180"", ""sel_4th_pre_req_pre"": ""0"", ""sel_4th_pre_req"": ""14292"", ""sel_4th_pre_bid"": ""+6170"", ""sel_3th_pre_req_pre"": ""0"", ""sel_3th_pre_req"": ""20973"", ""sel_3th_pre_bid"": ""+6160"", ""sel_2th_pre_req_pre"": ""0"", ""sel_2th_pre_req"": ""42370"", ""sel_2th_pre_bid"": ""+6150"", ""sel_1th_pre_req_pre"": ""--3"", ""sel_fpr_req"": ""11069"", ""sel_fpr_bid"": ""+6140"", ""buy_fpr_bid"": ""+6130"", ""buy_fpr_req"": ""5696"", ""buy_1th_pre_req_pre"": ""0"", ""buy_2th_pre_bid"": ""+6120"", ""buy_2th_pre_req"": ""8142"", ""buy_2th_pre_req_pre"": ""0"", ""buy_3th_pre_bid"": ""+6110"", ""buy_3th_pre_req"": ""8744"", ""buy_3th_pre_req_pre"": ""0"", ""buy_4th_pre_bid"": ""+6100"", ""buy_4th_pre_req"": ""11450"", ""buy_4th_pre_req_pre"": ""0"", ""buy_5th_pre_bid"": ""+6090"", ""buy_5th_pre_req"": ""5260"", ""buy_5th_pre_req_pre"": ""0"", ""buy_6th_pre_bid"": ""+6080"", ""buy_6th_pre_req"": ""5885"", ""buy_6th_pre_req_pre"": ""0"", ""buy_7th_pre_bid"": ""+6070"", ""buy_7th_pre_req"": ""9064"", ""buy_7th_pre_req_pre"": ""0"", ""buy_8th_pre_bid"": ""+6060"", ""buy_8th_pre_req"": ""30454"", ""buy_8th_pre_req_pre"": ""0"", ""buy_9th_pre_bid"": ""+6050"", ""buy_9th_pre_req"": ""3475"", ""buy_9th_pre_req_pre"": ""0"", ""buy_10th_pre_bid"": ""+6040"", ""buy_10th_pre_req"": ""4901"", ""buy_10th_pre_req_pre"": ""0"", ""tot_sel_req_jub_pre"": ""--3"", ""tot_sel_req"": ""262025"", ""tot_buy_req"": ""93071"", ""tot_buy_req_jub_pre"": ""0"", ""ovt_sel_req_pre"": ""0"", ""ovt_sel_req"": ""0"", ""ovt_buy_req"": ""0"", ""ovt_buy_req_pre"": ""0"", ""return_code"": 0, ""return_msg"": ""정상적으로 처리되었습니다""}"
2026-06-10,scan_candidate,008770,,0,main_scan,56100,,56100,56000,56100,55700,-0.8912655971479502,0.17825311942959002,,,,,,"{""bid_req_base_tm"": ""113655"", ""sel_10th_pre_req_pre"": ""0"", ""sel_10th_pre_req"": ""843"", ""sel_10th_pre_bid"": ""+57000"", ""sel_9th_pre_req_pre"": ""0"", ""sel_9th_pre_req"": ""589"", ""sel_9th_pre_bid"": ""+56900"", ""sel_8th_pre_req_pre"": ""0"", ""sel_8th_pre_req"": ""815"", ""sel_8th_pre_bid"": ""+56800"", ""sel_7th_pre_req_pre"": ""0"", ""sel_7th_pre_req"": ""256"", ""sel_7th_pre_bid"": ""+56700"", ""sel_6th_pre_req_pre"": ""0"", ""sel_6th_pre_req"": ""144"", ""sel_6th_pre_bid"": ""+56600"", ""sel_5th_pre_req_pre"": ""0"", ""sel_5th_pre_req"": ""1057"", ""sel_5th_pre_bid"": ""+56500"", ""sel_4th_pre_req_pre"": ""0"", ""sel_4th_pre_req"": ""378"", ""sel_4th_pre_bid"": ""+56400"", ""sel_3th_pre_req_pre"": ""0"", ""sel_3th_pre_req"": ""1227"", ""sel_3th_pre_bid"": ""+56300"", ""sel_2th_pre_req_pre"": ""0"", ""sel_2th_pre_req"": ""31"", ""sel_2th_pre_bid"": ""+56200"", ""sel_1th_pre_req_pre"": ""+2"", ""sel_fpr_req"": ""577"", ""sel_fpr_bid"": ""+56100"", ""buy_fpr_bid"": ""+56000"", ""buy_fpr_req"": ""17"", ""buy_1th_pre_req_pre"": ""0"", ""buy_2th_pre_bid"": ""+55900"", ""buy_2th_pre_req"": ""243"", ""buy_2th_pre_req_pre"": ""0"", ""buy_3th_pre_bid"": ""+55800"", ""buy_3th_pre_req"": ""30"", ""buy_3th_pre_req_pre"": ""0"", ""buy_4th_pre_bid"": ""+55700"", ""buy_4th_pre_req"": ""77"", ""buy_4th_pre_req_pre"": ""0"", ""buy_5th_pre_bid"": ""+55600"", ""buy_5th_pre_req"": ""89"", ""buy_5th_pre_req_pre"": ""0"", ""buy_6th_pre_bid"": ""+55500"", ""buy_6th_pre_req"": ""134"", ""buy_6th_pre_req_pre"": ""0"", ""buy_7th_pre_bid"": ""+55400"", ""buy_7th_pre_req"": ""52"", ""buy_7th_pre_req_pre"": ""0"", ""buy_8th_pre_bid"": ""+55300"", ""buy_8th_pre_req"": ""363"", ""buy_8th_pre_req_pre"": ""0"", ""buy_9th_pre_bid"": ""55200"", ""buy_9th_pre_req"": ""46"", ""buy_9th_pre_req_pre"": ""0"", ""buy_10th_pre_bid"": ""-55100"", ""buy_10th_pre_req"": ""265"", ""buy_10th_pre_req_pre"": ""0"", ""tot_sel_req_jub_pre"": ""+2"", ""tot_sel_req"": ""5917"", ""tot_buy_req"": ""1316"", ""tot_buy_req_jub_pre"": ""0"", ""ovt_sel_req_pre"": ""0"", ""ovt_sel_req"": ""0"", ""ovt_buy_req"": ""0"", ""ovt_buy_req_pre"": ""0"", ""return_code"": 0, ""return_msg"": ""정상적으로 처리되었습니다""}"
2026-06-10,scan_candidate,081660,,0,main_scan,40550,,40550,40400,40550,40500,-0.2466091245376079,0.36991368680641185,,,,,,"{""bid_req_base_tm"": ""113654"", ""sel_10th_pre_req_pre"": ""0"", ""sel_10th_pre_req"": ""3"", ""sel_10th_pre_bid"": ""+41050"", ""sel_9th_pre_req_pre"": ""0"", ""sel_9th_pre_req"": ""362"", ""sel_9th_pre_bid"": ""+41000"", ""sel_8th_pre_req_pre"": ""0"", ""sel_8th_pre_req"": ""303"", ""sel_8th_pre_bid"": ""+40950"", ""sel_7th_pre_req_pre"": ""0"", ""sel_7th_pre_req"": ""166"", ""sel_7th_pre_bid"": ""+40900"", ""sel_6th_pre_req_pre"": ""+200"", ""sel_6th_pre_req"": ""336"", ""sel_6th_pre_bid"": ""+40800"", ""sel_5th_pre_req_pre"": ""0"", ""sel_5th_pre_req"": ""273"", ""sel_5th_pre_bid"": ""+40750"", ""sel_4th_pre_req_pre"": ""0"", ""sel_4th_pre_req"": ""159"", ""sel_4th_pre_bid"": ""+40700"", ""sel_3th_pre_req_pre"": ""0"", ""sel_3th_pre_req"": ""98"", ""sel_3th_pre_bid"": ""+40650"", ""sel_2th_pre_req_pre"": ""0"", ""sel_2th_pre_req"": ""104"", ""sel_2th_pre_bid"": ""+40600"", ""sel_1th_pre_req_pre"": ""0"", ""sel_fpr_req"": ""110"", ""sel_fpr_bid"": ""+40550"", ""buy_fpr_bid"": ""+40400"", ""buy_fpr_req"": ""308"", ""buy_1th_pre_req_pre"": ""0"", ""buy_2th_pre_bid"": ""+40350"", ""buy_2th_pre_req"": ""2"", ""buy_2th_pre_req_pre"": ""0"", ""buy_3th_pre_bid"": ""+40250"", ""buy_3th_pre_req"": ""51"", ""buy_3th_pre_req_pre"": ""0"", ""buy_4th_pre_bid"": ""+40150"", ""buy_4th_pre_req"": ""100"", ""buy_4th_pre_req_pre"": ""0"", ""buy_5th_pre_bid"": ""+40100"", ""buy_5th_pre_req"": ""200"", ""buy_5th_pre_req_pre"": ""0"", ""buy_6th_pre_bid"": ""+40050"", ""buy_6th_pre_req"": ""515"", ""buy_6th_pre_req_pre"": ""0"", ""buy_7th_pre_bid"": ""+40000"", ""buy_7th_pre_req"": ""509"", ""buy_7th_pre_req_pre"": ""0"", ""buy_8th_pre_bid"": ""+39950"", ""buy_8th_pre_req"": ""500"", ""buy_8th_pre_req_pre"": ""0"", ""buy_9th_pre_bid"": ""+39900"", ""buy_9th_pre_req"": ""7"", ""buy_9th_pre_req_pre"": ""0"", ""buy_10th_pre_bid"": ""+39850"", ""buy_10th_pre_req"": ""501"", ""buy_10th_pre_req_pre"": ""0"", ""tot_sel_req_jub_pre"": ""+200"", ""tot_sel_req"": ""1914"", ""tot_buy_req"": ""2693"", ""tot_buy_req_jub_pre"": ""0"", ""ovt_sel_req_pre"": ""0"", ""ovt_sel_req"": ""0"", ""ovt_buy_req"": ""0"", ""ovt_buy_req_pre"": ""0"", ""return_code"": 0, ""return_msg"": ""정상적으로 처리되었습니다""}"
2026-06-10,scan_candidate,462870,,0,main_scan,31350,,31350,31300,31350,31200,-0.6379585326953748,0.1594896331738437,,,,,,"{""bid_req_base_tm"": ""113657"", ""sel_10th_pre_req_pre"": ""0"", ""sel_10th_pre_req"": ""12"", ""sel_10th_pre_bid"": ""-31800"", ""sel_9th_pre_req_pre"": ""0"", ""sel_9th_pre_req"": ""21"", ""sel_9th_pre_bid"": ""-31750"", ""sel_8th_pre_req_pre"": ""0"", ""sel_8th_pre_req"": ""12"", ""sel_8th_pre_bid"": ""-31700"", ""sel_7th_pre_req_pre"": ""0"", ""sel_7th_pre_req"": ""683"", ""sel_7th_pre_bid"": ""-31650"", ""sel_6th_pre_req_pre"": ""0"", ""sel_6th_pre_req"": ""218"", ""sel_6th_pre_bid"": ""-31600"", ""sel_5th_pre_req_pre"": ""0"", ""sel_5th_pre_req"": ""11"", ""sel_5th_pre_bid"": ""-31550"", ""sel_4th_pre_req_pre"": ""0"", ""sel_4th_pre_req"": ""121"", ""sel_4th_pre_bid"": ""-31500"", ""sel_3th_pre_req_pre"": ""0"", ""sel_3th_pre_req"": ""118"", ""sel_3th_pre_bid"": ""-31450"", ""sel_2th_pre_req_pre"": ""0"", ""sel_2th_pre_req"": ""53"", ""sel_2th_pre_bid"": ""-31400"", ""sel_1th_pre_req_pre"": ""--5"", ""sel_fpr_req"": ""127"", ""sel_fpr_bid"": ""-31350"", ""buy_fpr_bid"": ""-31300"", ""buy_fpr_req"": ""9"", ""buy_1th_pre_req_pre"": ""0"", ""buy_2th_pre_bid"": ""-31250"", ""buy_2th_pre_req"": ""48"", ""buy_2th_pre_req_pre"": ""0"", ""buy_3th_pre_bid"": ""-31200"", ""buy_3th_pre_req"": ""24"", ""buy_3th_pre_req_pre"": ""0"", ""buy_4th_pre_bid"": ""-31150"", ""buy_4th_pre_req"": ""21"", ""buy_4th_pre_req_pre"": ""0"", ""buy_5th_pre_bid"": ""-31100"", ""buy_5th_pre_req"": ""51"", ""buy_5th_pre_req_pre"": ""0"", ""buy_6th_pre_bid"": ""-31050"", ""buy_6th_pre_req"": ""137"", ""buy_6th_pre_req_pre"": ""0"", ""buy_7th_pre_bid"": ""-31000"", ""buy_7th_pre_req"": ""191"", ""buy_7th_pre_req_pre"": ""0"", ""buy_8th_pre_bid"": ""-30950"", ""buy_8th_pre_req"": ""29"", ""buy_8th_pre_req_pre"": ""0"", ""buy_9th_pre_bid"": ""-30900"", ""buy_9th_pre_req"": ""63"", ""buy_9th_pre_req_pre"": ""0"", ""buy_10th_pre_bid"": ""-30850"", ""buy_10th_pre_req"": ""34"", ""buy_10th_pre_req_pre"": ""0"", ""tot_sel_req_jub_pre"": ""--5"", ""tot_sel_req"": ""1376"", ""tot_buy_req"": ""607"", ""tot_buy_req_jub_pre"": ""0"", ""ovt_sel_req_pre"": ""0"", ""ovt_sel_req"": ""0"", ""ovt_buy_req"": ""0"", ""ovt_buy_req_pre"": ""0"", ""return_code"": 0, ""return_msg"": ""정상적으로 처리되었습니다""}"
2026-06-10,scan_candidate,120110,,0,main_scan,70400,,70400,70300,70400,70700,0.2840909090909091,0.14204545454545456,,,,,,"{""bid_req_base_tm"": ""113656"", ""sel_10th_pre_req_pre"": ""0"", ""sel_10th_pre_req"": ""13"", ""sel_10th_pre_bid"": ""+71300"", ""sel_9th_pre_req_pre"": ""0"", ""sel_9th_pre_req"": ""6"", ""sel_9th_pre_bid"": ""+71200"", ""sel_8th_pre_req_pre"": ""0"", ""sel_8th_pre_req"": ""12"", ""sel_8th_pre_bid"": ""+71100"", ""sel_7th_pre_req_pre"": ""0"", ""sel_7th_pre_req"": ""116"", ""sel_7th_pre_bid"": ""+71000"", ""sel_6th_pre_req_pre"": ""0"", ""sel_6th_pre_req"": ""5"", ""sel_6th_pre_bid"": ""+70900"", ""sel_5th_pre_req_pre"": ""0"", ""sel_5th_pre_req"": ""4"", ""sel_5th_pre_bid"": ""+70800"", ""sel_4th_pre_req_pre"": ""0"", ""sel_4th_pre_req"": ""20"", ""sel_4th_pre_bid"": ""+70700"", ""sel_3th_pre_req_pre"": ""0"", ""sel_3th_pre_req"": ""40"", ""sel_3th_pre_bid"": ""+70600"", ""sel_2th_pre_req_pre"": ""+2"", ""sel_2th_pre_req"": ""28"", ""sel_2th_pre_bid"": ""+70500"", ""sel_1th_pre_req_pre"": ""0"", ""sel_fpr_req"": ""16"", ""sel_fpr_bid"": ""+70400"", ""buy_fpr_bid"": ""+70300"", ""buy_fpr_req"": ""112"", ""buy_1th_pre_req_pre"": ""0"", ""buy_2th_pre_bid"": ""+70200"", ""buy_2th_pre_req"": ""17"", ""buy_2th_pre_req_pre"": ""0"", ""buy_3th_pre_bid"": ""+70100"", ""buy_3th_pre_req"": ""141"", ""buy_3th_pre_req_pre"": ""0"", ""buy_4th_pre_bid"": ""+70000"", ""buy_4th_pre_req"": ""596"", ""buy_4th_pre_req_pre"": ""0"", ""buy_5th_pre_bid"": ""+69900"", ""buy_5th_pre_req"": ""75"", ""buy_5th_pre_req_pre"": ""0"", ""buy_6th_pre_bid"": ""+69700"", ""buy_6th_pre_req"": ""106"", ""buy_6th_pre_req_pre"": ""0"", ""buy_7th_pre_bid"": ""+69600"", ""buy_7th_pre_req"": ""22"", ""buy_7th_pre_req_pre"": ""0"", ""buy_8th_pre_bid"": ""+69500"", ""buy_8th_pre_req"": ""18"", ""buy_8th_pre_req_pre"": ""0"", ""buy_9th_pre_bid"": ""+69400"", ""buy_9th_pre_req"": ""103"", ""buy_9th_pre_req_pre"": ""0"", ""buy_10th_pre_bid"": ""+69300"", ""buy_10th_pre_req"": ""20"", ""buy_10th_pre_req_pre"": ""0"", ""tot_sel_req_jub_pre"": ""+2"", ""tot_sel_req"": ""260"", ""tot_buy_req"": ""1210"", ""tot_buy_req_jub_pre"": ""0"", ""ovt_sel_req_pre"": ""0"", ""ovt_sel_req"": ""0"", ""ovt_buy_req"": ""0"", ""ovt_buy_req_pre"": ""0"", ""return_code"": 0, ""return_msg"": ""정상적으로 처리되었습니다""}"
2026-06-10,scan_candidate,009155,,0,main_scan,596000,,596000,595000,596000,598000,0.16778523489932887,0.16778523489932887,,,,,,"{""bid_req_base_tm"": ""113657"", ""sel_10th_pre_req_pre"": ""0"", ""sel_10th_pre_req"": ""44"", ""sel_10th_pre_bid"": ""-605000"", ""sel_9th_pre_req_pre"": ""0"", ""sel_9th_pre_req"": ""4"", ""sel_9th_pre_bid"": ""-604000"", ""sel_8th_pre_req_pre"": ""0"", ""sel_8th_pre_req"": ""2"", ""sel_8th_pre_bid"": ""-603000"", ""sel_7th_pre_req_pre"": ""0"", ""sel_7th_pre_req"": ""28"", ""sel_7th_pre_bid"": ""-602000"", ""sel_6th_pre_req_pre"": ""0"", ""sel_6th_pre_req"": ""1"", ""sel_6th_pre_bid"": ""-601000"", ""sel_5th_pre_req_pre"": ""0"", ""sel_5th_pre_req"": ""9"", ""sel_5th_pre_bid"": ""-600000"", ""sel_4th_pre_req_pre"": ""0"", ""sel_4th_pre_req"": ""51"", ""sel_4th_pre_bid"": ""-599000"", ""sel_3th_pre_req_pre"": ""0"", ""sel_3th_pre_req"": ""6"", ""sel_3th_pre_bid"": ""-598000"", ""sel_2th_pre_req_pre"": ""0"", ""sel_2th_pre_req"": ""8"", ""sel_2th_pre_bid"": ""-597000"", ""sel_1th_pre_req_pre"": ""0"", ""sel_fpr_req"": ""32"", ""sel_fpr_bid"": ""-596000"", ""buy_fpr_bid"": ""-595000"", ""buy_fpr_req"": ""19"", ""buy_1th_pre_req_pre"": ""0"", ""buy_2th_pre_bid"": ""-594000"", ""buy_2th_pre_req"": ""21"", ""buy_2th_pre_req_pre"": ""+3"", ""buy_3th_pre_bid"": ""-593000"", ""buy_3th_pre_req"": ""57"", ""buy_3th_pre_req_pre"": ""0"", ""buy_4th_pre_bid"": ""-592000"", ""buy_4th_pre_req"": ""119"", ""buy_4th_pre_req_pre"": ""0"", ""buy_5th_pre_bid"": ""-591000"", ""buy_5th_pre_req"": ""279"", ""buy_5th_pre_req_pre"": ""0"", ""buy_6th_pre_bid"": ""-590000"", ""buy_6th_pre_req"": ""545"", ""buy_6th_pre_req_pre"": ""0"", ""buy_7th_pre_bid"": ""-589000"", ""buy_7th_pre_req"": ""82"", ""buy_7th_pre_req_pre"": ""0"", ""buy_8th_pre_bid"": ""-588000"", ""buy_8th_pre_req"": ""112"", ""buy_8th_pre_req_pre"": ""0"", ""buy_9th_pre_bid"": ""-587000"", ""buy_9th_pre_req"": ""53"", ""buy_9th_pre_req_pre"": ""0"", ""buy_10th_pre_bid"": ""-586000"", ""buy_10th_pre_req"": ""58"", ""buy_10th_pre_req_pre"": ""0"", ""tot_sel_req_jub_pre"": ""0"", ""tot_sel_req"": ""185"", ""tot_buy_req"": ""1345"", ""tot_buy_req_jub_pre"": ""+3"", ""ovt_sel_req_pre"": ""0"", ""ovt_sel_req"": ""0"", ""ovt_buy_req"": ""0"", ""ovt_buy_req_pre"": ""0"", ""return_code"": 0, ""return_msg"": ""정상적으로 처리되었습니다""}"
2026-06-10,scan_candidate,192080,,0,main_scan,71500,,71500,71400,71500,71600,0.0,0.13986013986013987,,,,,,"{""bid_req_base_tm"": ""113654"", ""sel_10th_pre_req_pre"": ""0"", ""sel_10th_pre_req"": ""11"", ""sel_10th_pre_bid"": ""+72500"", ""sel_9th_pre_req_pre"": ""0"", ""sel_9th_pre_req"": ""128"", ""sel_9th_pre_bid"": ""+72400"", ""sel_8th_pre_req_pre"": ""0"", ""sel_8th_pre_req"": ""10"", ""sel_8th_pre_bid"": ""+72300"", ""sel_7th_pre_req_pre"": ""0"", ""sel_7th_pre_req"": ""10"", ""sel_7th_pre_bid"": ""+72200"", ""sel_6th_pre_req_pre"": ""0"", ""sel_6th_pre_req"": ""6"", ""sel_6th_pre_bid"": ""+72100"", ""sel_5th_pre_req_pre"": ""0"", ""sel_5th_pre_req"": ""155"", ""sel_5th_pre_bid"": ""72000"", ""sel_4th_pre_req_pre"": ""0"", ""sel_4th_pre_req"": ""19"", ""sel_4th_pre_bid"": ""-71900"", ""sel_3th_pre_req_pre"": ""0"", ""sel_3th_pre_req"": ""4"", ""sel_3th_pre_bid"": ""-71800"", ""sel_2th_pre_req_pre"": ""0"", ""sel_2th_pre_req"": ""13"", ""sel_2th_pre_bid"": ""-71600"", ""sel_1th_pre_req_pre"": ""+1"", ""sel_fpr_req"": ""27"", ""sel_fpr_bid"": ""-71500"", ""buy_fpr_bid"": ""-71400"", ""buy_fpr_req"": ""40"", ""buy_1th_pre_req_pre"": ""0"", ""buy_2th_pre_bid"": ""-71300"", ""buy_2th_pre_req"": ""13"", ""buy_2th_pre_req_pre"": ""0"", ""buy_3th_pre_bid"": ""-71200"", ""buy_3th_pre_req"": ""29"", ""buy_3th_pre_req_pre"": ""0"", ""buy_4th_pre_bid"": ""-71100"", ""buy_4th_pre_req"": ""10"", ""buy_4th_pre_req_pre"": ""0"", ""buy_5th_pre_bid"": ""-71000"", ""buy_5th_pre_req"": ""29"", ""buy_5th_pre_req_pre"": ""0"", ""buy_6th_pre_bid"": ""-70900"", ""buy_6th_pre_req"": ""49"", ""buy_6th_pre_req_pre"": ""0"", ""buy_7th_pre_bid"": ""-70800"", ""buy_7th_pre_req"": ""82"", ""buy_7th_pre_req_pre"": ""0"", ""buy_8th_pre_bid"": ""-70700"", ""buy_8th_pre_req"": ""140"", ""buy_8th_pre_req_pre"": ""0"", ""buy_9th_pre_bid"": ""-70600"", ""buy_9th_pre_req"": ""100"", ""buy_9th_pre_req_pre"": ""0"", ""buy_10th_pre_bid"": ""-70500"", ""buy_10th_pre_req"": ""97"", ""buy_10th_pre_req_pre"": ""0"", ""tot_sel_req_jub_pre"": ""+1"", ""tot_sel_req"": ""383"", ""tot_buy_req"": ""589"", ""tot_buy_req_jub_pre"": ""0"", ""ovt_sel_req_pre"": ""0"", ""ovt_sel_req"": ""0"", ""ovt_buy_req"": ""0"", ""ovt_buy_req_pre"": ""0"", ""return_code"": 0, ""return_msg"": ""정상적으로 처리되었습니다""}"
2026-06-10,scan_candidate,093370,,0,main_scan,16370,,16370,16360,16370,16300,-0.7330482590103848,0.061087354917532075,,,,,,"{""bid_req_base_tm"": ""113658"", ""sel_10th_pre_req_pre"": ""0"", ""sel_10th_pre_req"": ""3882"", ""sel_10th_pre_bid"": ""+16460"", ""sel_9th_pre_req_pre"": ""0"", ""sel_9th_pre_req"": ""10798"", ""sel_9th_pre_bid"": ""+16450"", ""sel_8th_pre_req_pre"": ""0"", ""sel_8th_pre_req"": ""3614"", ""sel_8th_pre_bid"": ""+16440"", ""sel_7th_pre_req_pre"": ""0"", ""sel_7th_pre_req"": ""936"", ""sel_7th_pre_bid"": ""+16430"", ""sel_6th_pre_req_pre"": ""0"", ""sel_6th_pre_req"": ""10381"", ""sel_6th_pre_bid"": ""+16420"", ""sel_5th_pre_req_pre"": ""0"", ""sel_5th_pre_req"": ""535"", ""sel_5th_pre_bid"": ""+16410"", ""sel_4th_pre_req_pre"": ""0"", ""sel_4th_pre_req"": ""21521"", ""sel_4th_pre_bid"": ""+16400"", ""sel_3th_pre_req_pre"": ""0"", ""sel_3th_pre_req"": ""3692"", ""sel_3th_pre_bid"": ""+16390"", ""sel_2th_pre_req_pre"": ""0"", ""sel_2th_pre_req"": ""1220"", ""sel_2th_pre_bid"": ""+16380"", ""sel_1th_pre_req_pre"": ""+1"", ""sel_fpr_req"": ""268"", ""sel_fpr_bid"": ""+16370"", ""buy_fpr_bid"": ""+16360"", ""buy_fpr_req"": ""118"", ""buy_1th_pre_req_pre"": ""0"", ""buy_2th_pre_bid"": ""+16350"", ""buy_2th_pre_req"": ""1144"", ""buy_2th_pre_req_pre"": ""+200"", ""buy_3th_pre_bid"": ""+16340"", ""buy_3th_pre_req"": ""788"", ""buy_3th_pre_req_pre"": ""0"", ""buy_4th_pre_bid"": ""+16330"", ""buy_4th_pre_req"": ""1410"", ""buy_4th_pre_req_pre"": ""0"", ""buy_5th_pre_bid"": ""+16320"", ""buy_5th_pre_req"": ""624"", ""buy_5th_pre_req_pre"": ""0"", ""buy_6th_pre_bid"": ""+16310"", ""buy_6th_pre_req"": ""2759"", ""buy_6th_pre_req_pre"": ""0"", ""buy_7th_pre_bid"": ""+16300"", ""buy_7th_pre_req"": ""3665"", ""buy_7th_pre_req_pre"": ""0"", ""buy_8th_pre_bid"": ""+16290"", ""buy_8th_pre_req"": ""2653"", ""buy_8th_pre_req_pre"": ""0"", ""buy_9th_pre_bid"": ""+16280"", ""buy_9th_pre_req"": ""2574"", ""buy_9th_pre_req_pre"": ""0"", ""buy_10th_pre_bid"": ""+16270"", ""buy_10th_pre_req"": ""3502"", ""buy_10th_pre_req_pre"": ""0"", ""tot_sel_req_jub_pre"": ""+1"", ""tot_sel_req"": ""56847"", ""tot_buy_req"": ""19237"", ""tot_buy_req_jub_pre"": ""+200"", ""ovt_sel_req_pre"": ""0"", ""ovt_sel_req"": ""0"", ""ovt_buy_req"": ""0"", ""ovt_buy_req_pre"": ""0"", ""return_code"": 0, ""return_msg"": ""정상적으로 처리되었습니다""}"
2026-06-10,scan_candidate,066575,,0,main_scan,78000,,78000,77900,78000,77900,-0.2564102564102564,0.1282051282051282,,,,,,"{""bid_req_base_tm"": ""113657"", ""sel_10th_pre_req_pre"": ""0"", ""sel_10th_pre_req"": ""39"", ""sel_10th_pre_bid"": ""-78900"", ""sel_9th_pre_req_pre"": ""0"", ""sel_9th_pre_req"": ""205"", ""sel_9th_pre_bid"": ""-78800"", ""sel_8th_pre_req_pre"": ""0"", ""sel_8th_pre_req"": ""15"", ""sel_8th_pre_bid"": ""-78700"", ""sel_7th_pre_req_pre"": ""0"", ""sel_7th_pre_req"": ""1"", ""sel_7th_pre_bid"": ""-78600"", ""sel_6th_pre_req_pre"": ""0"", ""sel_6th_pre_req"": ""5061"", ""sel_6th_pre_bid"": ""-78500"", ""sel_5th_pre_req_pre"": ""0"", ""sel_5th_pre_req"": ""85"", ""sel_5th_pre_bid"": ""-78400"", ""sel_4th_pre_req_pre"": ""0"", ""sel_4th_pre_req"": ""402"", ""sel_4th_pre_bid"": ""-78300"", ""sel_3th_pre_req_pre"": ""0"", ""sel_3th_pre_req"": ""18"", ""sel_3th_pre_bid"": ""-78200"", ""sel_2th_pre_req_pre"": ""0"", ""sel_2th_pre_req"": ""133"", ""sel_2th_pre_bid"": ""-78100"", ""sel_1th_pre_req_pre"": ""0"", ""sel_fpr_req"": ""75"", ""sel_fpr_bid"": ""-78000"", ""buy_fpr_bid"": ""-77900"", ""buy_fpr_req"": ""660"", ""buy_1th_pre_req_pre"": ""+1"", ""buy_2th_pre_bid"": ""-77800"", ""buy_2th_pre_req"": ""1137"", ""buy_2th_pre_req_pre"": ""0"", ""buy_3th_pre_bid"": ""-77700"", ""buy_3th_pre_req"": ""661"", ""buy_3th_pre_req_pre"": ""0"", ""buy_4th_pre_bid"": ""-77600"", ""buy_4th_pre_req"": ""430"", ""buy_4th_pre_req_pre"": ""0"", ""buy_5th_pre_bid"": ""-77500"", ""buy_5th_pre_req"": ""1173"", ""buy_5th_pre_req_pre"": ""0"", ""buy_6th_pre_bid"": ""-77400"", ""buy_6th_pre_req"": ""839"", ""buy_6th_pre_req_pre"": ""0"", ""buy_7th_pre_bid"": ""-77300"", ""buy_7th_pre_req"": ""165"", ""buy_7th_pre_req_pre"": ""0"", ""buy_8th_pre_bid"": ""-77200"", ""buy_8th_pre_req"": ""453"", ""buy_8th_pre_req_pre"": ""0"", ""buy_9th_pre_bid"": ""-77100"", ""buy_9th_pre_req"": ""214"", ""buy_9th_pre_req_pre"": ""0"", ""buy_10th_pre_bid"": ""-77000"", ""buy_10th_pre_req"": ""1995"", ""buy_10th_pre_req_pre"": ""0"", ""tot_sel_req_jub_pre"": ""0"", ""tot_sel_req"": ""6034"", ""tot_buy_req"": ""7727"", ""tot_buy_req_jub_pre"": ""+1"", ""ovt_sel_req_pre"": ""0"", ""ovt_sel_req"": ""0"", ""ovt_buy_req"": ""0"", ""ovt_buy_req_pre"": ""0"", ""return_code"": 0, ""return_msg"": ""정상적으로 처리되었습니다""}"
2026-06-10,scan_candidate,181710,,0,main_scan,40350,,40350,40300,40350,40550,0.37174721189591076,0.12391573729863693,,,,,,"{""bid_req_base_tm"": ""113653"", ""sel_10th_pre_req_pre"": ""0"", ""sel_10th_pre_req"": ""10"", ""sel_10th_pre_bid"": ""-41050"", ""sel_9th_pre_req_pre"": ""0"", ""sel_9th_pre_req"": ""288"", ""sel_9th_pre_bid"": ""-41000"", ""sel_8th_pre_req_pre"": ""0"", ""sel_8th_pre_req"": ""50"", ""sel_8th_pre_bid"": ""-40950"", ""sel_7th_pre_req_pre"": ""0"", ""sel_7th_pre_req"": ""8"", ""sel_7th_pre_bid"": ""-40900"", ""sel_6th_pre_req_pre"": ""0"", ""sel_6th_pre_req"": ""24"", ""sel_6th_pre_bid"": ""-40750"", ""sel_5th_pre_req_pre"": ""0"", ""sel_5th_pre_req"": ""4"", ""sel_5th_pre_bid"": ""-40600"", ""sel_4th_pre_req_pre"": ""0"", ""sel_4th_pre_req"": ""245"", ""sel_4th_pre_bid"": ""-40500"", ""sel_3th_pre_req_pre"": ""0"", ""sel_3th_pre_req"": ""984"", ""sel_3th_pre_bid"": ""-40450"", ""sel_2th_pre_req_pre"": ""0"", ""sel_2th_pre_req"": ""48"", ""sel_2th_pre_bid"": ""-40400"", ""sel_1th_pre_req_pre"": ""0"", ""sel_fpr_req"": ""298"", ""sel_fpr_bid"": ""-40350"", ""buy_fpr_bid"": ""-40300"", ""buy_fpr_req"": ""2"", ""buy_1th_pre_req_pre"": ""--8"", ""buy_2th_pre_bid"": ""-40250"", ""buy_2th_pre_req"": ""97"", ""buy_2th_pre_req_pre"": ""0"", ""buy_3th_pre_bid"": ""-40200"", ""buy_3th_pre_req"": ""215"", ""buy_3th_pre_req_pre"": ""0"", ""buy_4th_pre_bid"": ""-40150"", ""buy_4th_pre_req"": ""1297"", ""buy_4th_pre_req_pre"": ""0"", ""buy_5th_pre_bid"": ""-40100"", ""buy_5th_pre_req"": ""424"", ""buy_5th_pre_req_pre"": ""0"", ""buy_6th_pre_bid"": ""-40050"", ""buy_6th_pre_req"": ""133"", ""buy_6th_pre_req_pre"": ""0"", ""buy_7th_pre_bid"": ""-40000"", ""buy_7th_pre_req"": ""3206"", ""buy_7th_pre_req_pre"": ""0"", ""buy_8th_pre_bid"": ""-39950"", ""buy_8th_pre_req"": ""546"", ""buy_8th_pre_req_pre"": ""0"", ""buy_9th_pre_bid"": ""-39900"", ""buy_9th_pre_req"": ""413"", ""buy_9th_pre_req_pre"": ""0"", ""buy_10th_pre_bid"": ""-39850"", ""buy_10th_pre_req"": ""521"", ""buy_10th_pre_req_pre"": ""0"", ""tot_sel_req_jub_pre"": ""0"", ""tot_sel_req"": ""1959"", ""tot_buy_req"": ""6854"", ""tot_buy_req_jub_pre"": ""--8"", ""ovt_sel_req_pre"": ""0"", ""ovt_sel_req"": ""0"", ""ovt_buy_req"": ""0"", ""ovt_buy_req_pre"": ""0"", ""return_code"": 0, ""return_msg"": ""정상적으로 처리되었습니다""}"
2026-06-10,scan_candidate,034230,,0,main_scan,15320,,15320,15310,15320,15300,-0.45691906005221933,0.06527415143603134,,,,,,"{""bid_req_base_tm"": ""113657"", ""sel_10th_pre_req_pre"": ""0"", ""sel_10th_pre_req"": ""3931"", ""sel_10th_pre_bid"": ""+15420"", ""sel_9th_pre_req_pre"": ""0"", ""sel_9th_pre_req"": ""115"", ""sel_9th_pre_bid"": ""+15410"", ""sel_8th_pre_req_pre"": ""0"", ""sel_8th_pre_req"": ""5357"", ""sel_8th_pre_bid"": ""+15400"", ""sel_7th_pre_req_pre"": ""0"", ""sel_7th_pre_req"": ""2389"", ""sel_7th_pre_bid"": ""+15390"", ""sel_6th_pre_req_pre"": ""0"", ""sel_6th_pre_req"": ""1317"", ""sel_6th_pre_bid"": ""+15380"", ""sel_5th_pre_req_pre"": ""0"", ""sel_5th_pre_req"": ""643"", ""sel_5th_pre_bid"": ""+15370"", ""sel_4th_pre_req_pre"": ""0"", ""sel_4th_pre_req"": ""815"", ""sel_4th_pre_bid"": ""+15360"", ""sel_3th_pre_req_pre"": ""0"", ""sel_3th_pre_req"": ""8"", ""sel_3th_pre_bid"": ""+15340"", ""sel_2th_pre_req_pre"": ""0"", ""sel_2th_pre_req"": ""9"", ""sel_2th_pre_bid"": ""+15330"", ""sel_1th_pre_req_pre"": ""0"", ""sel_fpr_req"": ""98"", ""sel_fpr_bid"": ""+15320"", ""buy_fpr_bid"": ""+15310"", ""buy_fpr_req"": ""3"", ""buy_1th_pre_req_pre"": ""--1"", ""buy_2th_pre_bid"": ""+15300"", ""buy_2th_pre_req"": ""3"", ""buy_2th_pre_req_pre"": ""0"", ""buy_3th_pre_bid"": ""+15290"", ""buy_3th_pre_req"": ""104"", ""buy_3th_pre_req_pre"": ""0"", ""buy_4th_pre_bid"": ""+15280"", ""buy_4th_pre_req"": ""3"", ""buy_4th_pre_req_pre"": ""0"", ""buy_5th_pre_bid"": ""+15270"", ""buy_5th_pre_req"": ""907"", ""buy_5th_pre_req_pre"": ""0"", ""buy_6th_pre_bid"": ""+15260"", ""buy_6th_pre_req"": ""31"", ""buy_6th_pre_req_pre"": ""0"", ""buy_7th_pre_bid"": ""+15250"", ""buy_7th_pre_req"": ""316"", ""buy_7th_pre_req_pre"": ""0"", ""buy_8th_pre_bid"": ""+15240"", ""buy_8th_pre_req"": ""561"", ""buy_8th_pre_req_pre"": ""0"", ""buy_9th_pre_bid"": ""+15230"", ""buy_9th_pre_req"": ""2"", ""buy_9th_pre_req_pre"": ""0"", ""buy_10th_pre_bid"": ""+15220"", ""buy_10th_pre_req"": ""528"", ""buy_10th_pre_req_pre"": ""0"", ""tot_sel_req_jub_pre"": ""0"", ""tot_sel_req"": ""14682"", ""tot_buy_req"": ""2458"", ""tot_buy_req_jub_pre"": ""--1"", ""ovt_sel_req_pre"": ""0"", ""ovt_sel_req"": ""0"", ""ovt_buy_req"": ""0"", ""ovt_buy_req_pre"": ""0"", ""return_code"": 0, ""return_msg"": ""정상적으로 처리되었습니다""}"
2026-06-10,scan_candidate,281820,,0,main_scan,66000,,66000,65800,66000,66500,0.6060606060606061,0.30303030303030304,,,,,,"{""bid_req_base_tm"": ""113657"", ""sel_10th_pre_req_pre"": ""0"", ""sel_10th_pre_req"": ""141"", ""sel_10th_pre_bid"": ""+67500"", ""sel_9th_pre_req_pre"": ""0"", ""sel_9th_pre_req"": ""10"", ""sel_9th_pre_bid"": ""+67300"", ""sel_8th_pre_req_pre"": ""0"", ""sel_8th_pre_req"": ""22"", ""sel_8th_pre_bid"": ""+67200"", ""sel_7th_pre_req_pre"": ""0"", ""sel_7th_pre_req"": ""7"", ""sel_7th_pre_bid"": ""+67100"", ""sel_6th_pre_req_pre"": ""0"", ""sel_6th_pre_req"": ""2"", ""sel_6th_pre_bid"": ""+66900"", ""sel_5th_pre_req_pre"": ""0"", ""sel_5th_pre_req"": ""26"", ""sel_5th_pre_bid"": ""+66800"", ""sel_4th_pre_req_pre"": ""0"", ""sel_4th_pre_req"": ""2"", ""sel_4th_pre_bid"": ""+66700"", ""sel_3th_pre_req_pre"": ""0"", ""sel_3th_pre_req"": ""35"", ""sel_3th_pre_bid"": ""66400"", ""sel_2th_pre_req_pre"": ""0"", ""sel_2th_pre_req"": ""1"", ""sel_2th_pre_bid"": ""-66100"", ""sel_1th_pre_req_pre"": ""0"", ""sel_fpr_req"": ""1"", ""sel_fpr_bid"": ""-66000"", ""buy_fpr_bid"": ""-65800"", ""buy_fpr_req"": ""54"", ""buy_1th_pre_req_pre"": ""0"", ""buy_2th_pre_bid"": ""-65700"", ""buy_2th_pre_req"": ""177"", ""buy_2th_pre_req_pre"": ""0"", ""buy_3th_pre_bid"": ""-65600"", ""buy_3th_pre_req"": ""108"", ""buy_3th_pre_req_pre"": ""0"", ""buy_4th_pre_bid"": ""-65500"", ""buy_4th_pre_req"": ""153"", ""buy_4th_pre_req_pre"": ""0"", ""buy_5th_pre_bid"": ""-65400"", ""buy_5th_pre_req"": ""71"", ""buy_5th_pre_req_pre"": ""0"", ""buy_6th_pre_bid"": ""-65300"", ""buy_6th_pre_req"": ""7"", ""buy_6th_pre_req_pre"": ""0"", ""buy_7th_pre_bid"": ""-65200"", ""buy_7th_pre_req"": ""68"", ""buy_7th_pre_req_pre"": ""0"", ""buy_8th_pre_bid"": ""-65100"", ""buy_8th_pre_req"": ""130"", ""buy_8th_pre_req_pre"": ""0"", ""buy_9th_pre_bid"": ""-65000"", ""buy_9th_pre_req"": ""991"", ""buy_9th_pre_req_pre"": ""0"", ""buy_10th_pre_bid"": ""-64900"", ""buy_10th_pre_req"": ""139"", ""buy_10th_pre_req_pre"": ""0"", ""tot_sel_req_jub_pre"": ""+91"", ""tot_sel_req"": ""247"", ""tot_buy_req"": ""1898"", ""tot_buy_req_jub_pre"": ""0"", ""ovt_sel_req_pre"": ""0"", ""ovt_sel_req"": ""0"", ""ovt_buy_req"": ""0"", ""ovt_buy_req_pre"": ""0"", ""return_code"": 0, ""return_msg"": ""정상적으로 처리되었습니다""}"
2026-06-10,scan_candidate,001820,,0,main_scan,114700,,114700,114600,114700,114500,-0.6102877070619006,0.08718395815170009,,,,,,"{""bid_req_base_tm"": ""113659"", ""sel_10th_pre_req_pre"": ""0"", ""sel_10th_pre_req"": ""18"", ""sel_10th_pre_bid"": ""-115700"", ""sel_9th_pre_req_pre"": ""0"", ""sel_9th_pre_req"": ""39"", ""sel_9th_pre_bid"": ""-115600"", ""sel_8th_pre_req_pre"": ""0"", ""sel_8th_pre_req"": ""50"", ""sel_8th_pre_bid"": ""-115500"", ""sel_7th_pre_req_pre"": ""0"", ""sel_7th_pre_req"": ""74"", ""sel_7th_pre_bid"": ""-115400"", ""sel_6th_pre_req_pre"": ""0"", ""sel_6th_pre_req"": ""165"", ""sel_6th_pre_bid"": ""-115300"", ""sel_5th_pre_req_pre"": ""0"", ""sel_5th_pre_req"": ""46"", ""sel_5th_pre_bid"": ""-115200"", ""sel_4th_pre_req_pre"": ""0"", ""sel_4th_pre_req"": ""25"", ""sel_4th_pre_bid"": ""-115000"", ""sel_3th_pre_req_pre"": ""0"", ""sel_3th_pre_req"": ""16"", ""sel_3th_pre_bid"": ""-114900"", ""sel_2th_pre_req_pre"": ""0"", ""sel_2th_pre_req"": ""1"", ""sel_2th_pre_bid"": ""-114800"", ""sel_1th_pre_req_pre"": ""--67"", ""sel_fpr_req"": ""85"", ""sel_fpr_bid"": ""-114700"", ""buy_fpr_bid"": ""-114600"", ""buy_fpr_req"": ""171"", ""buy_1th_pre_req_pre"": ""0"", ""buy_2th_pre_bid"": ""-114500"", ""buy_2th_pre_req"": ""98"", ""buy_2th_pre_req_pre"": ""0"", ""buy_3th_pre_bid"": ""-114400"", ""buy_3th_pre_req"": ""46"", ""buy_3th_pre_req_pre"": ""0"", ""buy_4th_pre_bid"": ""-114300"", ""buy_4th_pre_req"": ""70"", ""buy_4th_pre_req_pre"": ""0"", ""buy_5th_pre_bid"": ""-114200"", ""buy_5th_pre_req"": ""148"", ""buy_5th_pre_req_pre"": ""0"", ""buy_6th_pre_bid"": ""-114100"", ""buy_6th_pre_req"": ""637"", ""buy_6th_pre_req_pre"": ""0"", ""buy_7th_pre_bid"": ""-114000"", ""buy_7th_pre_req"": ""837"", ""buy_7th_pre_req_pre"": ""0"", ""buy_8th_pre_bid"": ""-113900"", ""buy_8th_pre_req"": ""116"", ""buy_8th_pre_req_pre"": ""0"", ""buy_9th_pre_bid"": ""-113800"", ""buy_9th_pre_req"": ""118"", ""buy_9th_pre_req_pre"": ""0"", ""buy_10th_pre_bid"": ""-113700"", ""buy_10th_pre_req"": ""392"", ""buy_10th_pre_req_pre"": ""0"", ""tot_sel_req_jub_pre"": ""--67"", ""tot_sel_req"": ""519"", ""tot_buy_req"": ""2633"", ""tot_buy_req_jub_pre"": ""0"", ""ovt_sel_req_pre"": ""0"", ""ovt_sel_req"": ""0"", ""ovt_buy_req"": ""0"", ""ovt_buy_req_pre"": ""0"", ""return_code"": 0, ""return_msg"": ""정상적으로 처리되었습니다""}"
2026-06-10,scan_candidate,000815,,0,main_scan,400500,,400500,399000,400500,398500,-0.6242197253433208,0.37453183520599254,,,,,,"{""bid_req_base_tm"": ""113658"", ""sel_10th_pre_req_pre"": ""0"", ""sel_10th_pre_req"": ""75"", ""sel_10th_pre_bid"": ""-405500"", ""sel_9th_pre_req_pre"": ""0"", ""sel_9th_pre_req"": ""62"", ""sel_9th_pre_bid"": ""-405000"", ""sel_8th_pre_req_pre"": ""0"", ""sel_8th_pre_req"": ""221"", ""sel_8th_pre_bid"": ""-404500"", ""sel_7th_pre_req_pre"": ""0"", ""sel_7th_pre_req"": ""99"", ""sel_7th_pre_bid"": ""-404000"", ""sel_6th_pre_req_pre"": ""0"", ""sel_6th_pre_req"": ""79"", ""sel_6th_pre_bid"": ""-403500"", ""sel_5th_pre_req_pre"": ""0"", ""sel_5th_pre_req"": ""93"", ""sel_5th_pre_bid"": ""-403000"", ""sel_4th_pre_req_pre"": ""0"", ""sel_4th_pre_req"": ""2"", ""sel_4th_pre_bid"": ""-402500"", ""sel_3th_pre_req_pre"": ""0"", ""sel_3th_pre_req"": ""341"", ""sel_3th_pre_bid"": ""-401500"", ""sel_2th_pre_req_pre"": ""0"", ""sel_2th_pre_req"": ""131"", ""sel_2th_pre_bid"": ""-401000"", ""sel_1th_pre_req_pre"": ""0"", ""sel_fpr_req"": ""93"", ""sel_fpr_bid"": ""-400500"", ""buy_fpr_bid"": ""-399000"", ""buy_fpr_req"": ""155"", ""buy_1th_pre_req_pre"": ""0"", ""buy_2th_pre_bid"": ""-398500"", ""buy_2th_pre_req"": ""16"", ""buy_2th_pre_req_pre"": ""0"", ""buy_3th_pre_bid"": ""-398000"", ""buy_3th_pre_req"": ""51"", ""buy_3th_pre_req_pre"": ""0"", ""buy_4th_pre_bid"": ""-397500"", ""buy_4th_pre_req"": ""161"", ""buy_4th_pre_req_pre"": ""0"", ""buy_5th_pre_bid"": ""-397000"", ""buy_5th_pre_req"": ""104"", ""buy_5th_pre_req_pre"": ""0"", ""buy_6th_pre_bid"": ""-396500"", ""buy_6th_pre_req"": ""17"", ""buy_6th_pre_req_pre"": ""0"", ""buy_7th_pre_bid"": ""-396000"", ""buy_7th_pre_req"": ""48"", ""buy_7th_pre_req_pre"": ""0"", ""buy_8th_pre_bid"": ""-395500"", ""buy_8th_pre_req"": ""18"", ""buy_8th_pre_req_pre"": ""0"", ""buy_9th_pre_bid"": ""-395000"", ""buy_9th_pre_req"": ""61"", ""buy_9th_pre_req_pre"": ""0"", ""buy_10th_pre_bid"": ""-394500"", ""buy_10th_pre_req"": ""18"", ""buy_10th_pre_req_pre"": ""0"", ""tot_sel_req_jub_pre"": ""0"", ""tot_sel_req"": ""1196"", ""tot_buy_req"": ""649"", ""tot_buy_req_jub_pre"": ""--70"", ""ovt_sel_req_pre"": ""0"", ""ovt_sel_req"": ""0"", ""ovt_buy_req"": ""0"", ""ovt_buy_req_pre"": ""0"", ""return_code"": 0, ""return_msg"": ""정상적으로 처리되었습니다""}"
2026-06-10,scan_candidate,499790,,0,main_scan,50700,,50700,50600,50700,50600,-0.39447731755424065,0.19723865877712032,,,,,,"{""bid_req_base_tm"": ""113657"", ""sel_10th_pre_req_pre"": ""0"", ""sel_10th_pre_req"": ""1137"", ""sel_10th_pre_bid"": ""+51600"", ""sel_9th_pre_req_pre"": ""0"", ""sel_9th_pre_req"": ""245"", ""sel_9th_pre_bid"": ""+51500"", ""sel_8th_pre_req_pre"": ""0"", ""sel_8th_pre_req"": ""313"", ""sel_8th_pre_bid"": ""+51400"", ""sel_7th_pre_req_pre"": ""0"", ""sel_7th_pre_req"": ""1"", ""sel_7th_pre_bid"": ""+51300"", ""sel_6th_pre_req_pre"": ""0"", ""sel_6th_pre_req"": ""1112"", ""sel_6th_pre_bid"": ""+51200"", ""sel_5th_pre_req_pre"": ""0"", ""sel_5th_pre_req"": ""81"", ""sel_5th_pre_bid"": ""+51100"", ""sel_4th_pre_req_pre"": ""0"", ""sel_4th_pre_req"": ""5"", ""sel_4th_pre_bid"": ""+51000"", ""sel_3th_pre_req_pre"": ""0"", ""sel_3th_pre_req"": ""54"", ""sel_3th_pre_bid"": ""+50900"", ""sel_2th_pre_req_pre"": ""0"", ""sel_2th_pre_req"": ""8"", ""sel_2th_pre_bid"": ""+50800"", ""sel_1th_pre_req_pre"": ""0"", ""sel_fpr_req"": ""100"", ""sel_fpr_bid"": ""+50700"", ""buy_fpr_bid"": ""+50600"", ""buy_fpr_req"": ""16"", ""buy_1th_pre_req_pre"": ""0"", ""buy_2th_pre_bid"": ""+50500"", ""buy_2th_pre_req"": ""25"", ""buy_2th_pre_req_pre"": ""0"", ""buy_3th_pre_bid"": ""+50400"", ""buy_3th_pre_req"": ""37"", ""buy_3th_pre_req_pre"": ""0"", ""buy_4th_pre_bid"": ""+50300"", ""buy_4th_pre_req"": ""21"", ""buy_4th_pre_req_pre"": ""0"", ""buy_5th_pre_bid"": ""+50200"", ""buy_5th_pre_req"": ""43"", ""buy_5th_pre_req_pre"": ""0"", ""buy_6th_pre_bid"": ""+50100"", ""buy_6th_pre_req"": ""278"", ""buy_6th_pre_req_pre"": ""0"", ""buy_7th_pre_bid"": ""+50000"", ""buy_7th_pre_req"": ""33"", ""buy_7th_pre_req_pre"": ""0"", ""buy_8th_pre_bid"": ""+49950"", ""buy_8th_pre_req"": ""1183"", ""buy_8th_pre_req_pre"": ""0"", ""buy_9th_pre_bid"": ""+49900"", ""buy_9th_pre_req"": ""125"", ""buy_9th_pre_req_pre"": ""0"", ""buy_10th_pre_bid"": ""+49850"", ""buy_10th_pre_req"": ""62"", ""buy_10th_pre_req_pre"": ""0"", ""tot_sel_req_jub_pre"": ""0"", ""tot_sel_req"": ""3056"", ""tot_buy_req"": ""1823"", ""tot_buy_req_jub_pre"": ""0"", ""ovt_sel_req_pre"": ""0"", ""ovt_sel_req"": ""0"", ""ovt_buy_req"": ""0"", ""ovt_buy_req_pre"": ""0"", ""return_code"": 0, ""return_msg"": ""정상적으로 처리되었습니다""}"
2026-06-10,scan_candidate,003160,,0,main_scan,27950,,27950,27900,27950,27900,-0.35778175313059035,0.17889087656529518,,,,,,"{""bid_req_base_tm"": ""113657"", ""sel_10th_pre_req_pre"": ""0"", ""sel_10th_pre_req"": ""2070"", ""sel_10th_pre_bid"": ""+28400"", ""sel_9th_pre_req_pre"": ""0"", ""sel_9th_pre_req"": ""161"", ""sel_9th_pre_bid"": ""+28350"", ""sel_8th_pre_req_pre"": ""0"", ""sel_8th_pre_req"": ""200"", ""sel_8th_pre_bid"": ""+28300"", ""sel_7th_pre_req_pre"": ""0"", ""sel_7th_pre_req"": ""101"", ""sel_7th_pre_bid"": ""+28250"", ""sel_6th_pre_req_pre"": ""0"", ""sel_6th_pre_req"": ""111"", ""sel_6th_pre_bid"": ""+28200"", ""sel_5th_pre_req_pre"": ""0"", ""sel_5th_pre_req"": ""103"", ""sel_5th_pre_bid"": ""+28150"", ""sel_4th_pre_req_pre"": ""0"", ""sel_4th_pre_req"": ""150"", ""sel_4th_pre_bid"": ""+28100"", ""sel_3th_pre_req_pre"": ""0"", ""sel_3th_pre_req"": ""58"", ""sel_3th_pre_bid"": ""28050"", ""sel_2th_pre_req_pre"": ""0"", ""sel_2th_pre_req"": ""357"", ""sel_2th_pre_bid"": ""-28000"", ""sel_1th_pre_req_pre"": ""0"", ""sel_fpr_req"": ""18"", ""sel_fpr_bid"": ""-27950"", ""buy_fpr_bid"": ""-27900"", ""buy_fpr_req"": ""103"", ""buy_1th_pre_req_pre"": ""--4"", ""buy_2th_pre_bid"": ""-27850"", ""buy_2th_pre_req"": ""112"", ""buy_2th_pre_req_pre"": ""0"", ""buy_3th_pre_bid"": ""-27800"", ""buy_3th_pre_req"": ""256"", ""buy_3th_pre_req_pre"": ""0"", ""buy_4th_pre_bid"": ""-27750"", ""buy_4th_pre_req"": ""76"", ""buy_4th_pre_req_pre"": ""0"", ""buy_5th_pre_bid"": ""-27700"", ""buy_5th_pre_req"": ""114"", ""buy_5th_pre_req_pre"": ""0"", ""buy_6th_pre_bid"": ""-27650"", ""buy_6th_pre_req"": ""387"", ""buy_6th_pre_req_pre"": ""0"", ""buy_7th_pre_bid"": ""-27600"", ""buy_7th_pre_req"": ""614"", ""buy_7th_pre_req_pre"": ""0"", ""buy_8th_pre_bid"": ""-27550"", ""buy_8th_pre_req"": ""300"", ""buy_8th_pre_req_pre"": ""0"", ""buy_9th_pre_bid"": ""-27500"", ""buy_9th_pre_req"": ""955"", ""buy_9th_pre_req_pre"": ""0"", ""buy_10th_pre_bid"": ""-27450"", ""buy_10th_pre_req"": ""249"", ""buy_10th_pre_req_pre"": ""0"", ""tot_sel_req_jub_pre"": ""0"", ""tot_sel_req"": ""3329"", ""tot_buy_req"": ""3166"", ""tot_buy_req_jub_pre"": ""--4"", ""ovt_sel_req_pre"": ""0"", ""ovt_sel_req"": ""0"", ""ovt_buy_req"": ""0"", ""ovt_buy_req_pre"": ""0"", ""return_code"": 0, ""return_msg"": ""정상적으로 처리되었습니다""}"
2026-06-10,scan_candidate,000370,,0,main_scan,6490,,6490,6480,6490,6510,0.15408320493066258,0.15408320493066258,,,,,,"{""bid_req_base_tm"": ""113659"", ""sel_10th_pre_req_pre"": ""0"", ""sel_10th_pre_req"": ""312"", ""sel_10th_pre_bid"": ""+6590"", ""sel_9th_pre_req_pre"": ""0"", ""sel_9th_pre_req"": ""112"", ""sel_9th_pre_bid"": ""+6580"", ""sel_8th_pre_req_pre"": ""0"", ""sel_8th_pre_req"": ""753"", ""sel_8th_pre_bid"": ""+6570"", ""sel_7th_pre_req_pre"": ""0"", ""sel_7th_pre_req"": ""104"", ""sel_7th_pre_bid"": ""+6560"", ""sel_6th_pre_req_pre"": ""0"", ""sel_6th_pre_req"": ""175"", ""sel_6th_pre_bid"": ""+6550"", ""sel_5th_pre_req_pre"": ""0"", ""sel_5th_pre_req"": ""1027"", ""sel_5th_pre_bid"": ""+6540"", ""sel_4th_pre_req_pre"": ""0"", ""sel_4th_pre_req"": ""46"", ""sel_4th_pre_bid"": ""+6520"", ""sel_3th_pre_req_pre"": ""0"", ""sel_3th_pre_req"": ""787"", ""sel_3th_pre_bid"": ""+6510"", ""sel_2th_pre_req_pre"": ""0"", ""sel_2th_pre_req"": ""1245"", ""sel_2th_pre_bid"": ""+6500"", ""sel_1th_pre_req_pre"": ""--119"", ""sel_fpr_req"": ""341"", ""sel_fpr_bid"": ""+6490"", ""buy_fpr_bid"": ""+6480"", ""buy_fpr_req"": ""936"", ""buy_1th_pre_req_pre"": ""0"", ""buy_2th_pre_bid"": ""+6470"", ""buy_2th_pre_req"": ""644"", ""buy_2th_pre_req_pre"": ""0"", ""buy_3th_pre_bid"": ""+6460"", ""buy_3th_pre_req"": ""645"", ""buy_3th_pre_req_pre"": ""0"", ""buy_4th_pre_bid"": ""6450"", ""buy_4th_pre_req"": ""901"", ""buy_4th_pre_req_pre"": ""0"", ""buy_5th_pre_bid"": ""-6440"", ""buy_5th_pre_req"": ""213"", ""buy_5th_pre_req_pre"": ""0"", ""buy_6th_pre_bid"": ""-6430"", ""buy_6th_pre_req"": ""1620"", ""buy_6th_pre_req_pre"": ""0"", ""buy_7th_pre_bid"": ""-6420"", ""buy_7th_pre_req"": ""250"", ""buy_7th_pre_req_pre"": ""0"", ""buy_8th_pre_bid"": ""-6410"", ""buy_8th_pre_req"": ""1440"", ""buy_8th_pre_req_pre"": ""0"", ""buy_9th_pre_bid"": ""-6400"", ""buy_9th_pre_req"": ""5388"", ""buy_9th_pre_req_pre"": ""0"", ""buy_10th_pre_bid"": ""-6390"", ""buy_10th_pre_req"": ""675"", ""buy_10th_pre_req_pre"": ""0"", ""tot_sel_req_jub_pre"": ""--119"", ""tot_sel_req"": ""4902"", ""tot_buy_req"": ""12712"", ""tot_buy_req_jub_pre"": ""0"", ""ovt_sel_req_pre"": ""0"", ""ovt_sel_req"": ""0"", ""ovt_buy_req"": ""0"", ""ovt_buy_req_pre"": ""0"", ""return_code"": 0, ""return_msg"": ""정상적으로 처리되었습니다""}"
2026-06-10,scan_candidate,114090,,0,main_scan,12130,,12130,12120,12130,12050,-1.0717230008244023,0.08244023083264633,,,,,,"{""bid_req_base_tm"": ""113657"", ""sel_10th_pre_req_pre"": ""0"", ""sel_10th_pre_req"": ""361"", ""sel_10th_pre_bid"": ""+12230"", ""sel_9th_pre_req_pre"": ""0"", ""sel_9th_pre_req"": ""1355"", ""sel_9th_pre_bid"": ""+12220"", ""sel_8th_pre_req_pre"": ""0"", ""sel_8th_pre_req"": ""210"", ""sel_8th_pre_bid"": ""+12210"", ""sel_7th_pre_req_pre"": ""+1"", ""sel_7th_pre_req"": ""568"", ""sel_7th_pre_bid"": ""+12200"", ""sel_6th_pre_req_pre"": ""0"", ""sel_6th_pre_req"": ""359"", ""sel_6th_pre_bid"": ""+12190"", ""sel_5th_pre_req_pre"": ""0"", ""sel_5th_pre_req"": ""331"", ""sel_5th_pre_bid"": ""+12180"", ""sel_4th_pre_req_pre"": ""0"", ""sel_4th_pre_req"": ""1711"", ""sel_4th_pre_bid"": ""+12170"", ""sel_3th_pre_req_pre"": ""0"", ""sel_3th_pre_req"": ""1011"", ""sel_3th_pre_bid"": ""+12160"", ""sel_2th_pre_req_pre"": ""0"", ""sel_2th_pre_req"": ""344"", ""sel_2th_pre_bid"": ""+12150"", ""sel_1th_pre_req_pre"": ""0"", ""sel_fpr_req"": ""230"", ""sel_fpr_bid"": ""+12130"", ""buy_fpr_bid"": ""+12120"", ""buy_fpr_req"": ""238"", ""buy_1th_pre_req_pre"": ""0"", ""buy_2th_pre_bid"": ""+12110"", ""buy_2th_pre_req"": ""1"", ""buy_2th_pre_req_pre"": ""0"", ""buy_3th_pre_bid"": ""+12100"", ""buy_3th_pre_req"": ""174"", ""buy_3th_pre_req_pre"": ""0"", ""buy_4th_pre_bid"": ""+12090"", ""buy_4th_pre_req"": ""498"", ""buy_4th_pre_req_pre"": ""0"", ""buy_5th_pre_bid"": ""+12080"", ""buy_5th_pre_req"": ""88"", ""buy_5th_pre_req_pre"": ""0"", ""buy_6th_pre_bid"": ""+12070"", ""buy_6th_pre_req"": ""297"", ""buy_6th_pre_req_pre"": ""0"", ""buy_7th_pre_bid"": ""+12060"", ""buy_7th_pre_req"": ""4"", ""buy_7th_pre_req_pre"": ""0"", ""buy_8th_pre_bid"": ""+12020"", ""buy_8th_pre_req"": ""20"", ""buy_8th_pre_req_pre"": ""0"", ""buy_9th_pre_bid"": ""+12010"", ""buy_9th_pre_req"": ""205"", ""buy_9th_pre_req_pre"": ""0"", ""buy_10th_pre_bid"": ""+12000"", ""buy_10th_pre_req"": ""570"", ""buy_10th_pre_req_pre"": ""0"", ""tot_sel_req_jub_pre"": ""+1"", ""tot_sel_req"": ""6480"", ""tot_buy_req"": ""2095"", ""tot_buy_req_jub_pre"": ""0"", ""ovt_sel_req_pre"": ""0"", ""ovt_sel_req"": ""0"", ""ovt_buy_req"": ""0"", ""ovt_buy_req_pre"": ""0"", ""return_code"": 0, ""return_msg"": ""정상적으로 처리되었습니다""}"
2026-06-10,scan_candidate,005090,,0,main_scan,51700,,51700,51500,51700,52000,0.3868471953578337,0.3868471953578337,,,,,,"{""bid_req_base_tm"": ""113657"", ""sel_10th_pre_req_pre"": ""0"", ""sel_10th_pre_req"": ""16"", ""sel_10th_pre_bid"": ""+52600"", ""sel_9th_pre_req_pre"": ""0"", ""sel_9th_pre_req"": ""1"", ""sel_9th_pre_bid"": ""+52500"", ""sel_8th_pre_req_pre"": ""0"", ""sel_8th_pre_req"": ""2"", ""sel_8th_pre_bid"": ""+52400"", ""sel_7th_pre_req_pre"": ""0"", ""sel_7th_pre_req"": ""31"", ""sel_7th_pre_bid"": ""+52300"", ""sel_6th_pre_req_pre"": ""0"", ""sel_6th_pre_req"": ""22"", ""sel_6th_pre_bid"": ""+52200"", ""sel_5th_pre_req_pre"": ""0"", ""sel_5th_pre_req"": ""29"", ""sel_5th_pre_bid"": ""+52100"", ""sel_4th_pre_req_pre"": ""0"", ""sel_4th_pre_req"": ""10"", ""sel_4th_pre_bid"": ""+52000"", ""sel_3th_pre_req_pre"": ""0"", ""sel_3th_pre_req"": ""2"", ""sel_3th_pre_bid"": ""+51900"", ""sel_2th_pre_req_pre"": ""0"", ""sel_2th_pre_req"": ""49"", ""sel_2th_pre_bid"": ""+51800"", ""sel_1th_pre_req_pre"": ""--8"", ""sel_fpr_req"": ""17"", ""sel_fpr_bid"": ""+51700"", ""buy_fpr_bid"": ""+51500"", ""buy_fpr_req"": ""56"", ""buy_1th_pre_req_pre"": ""0"", ""buy_2th_pre_bid"": ""+51400"", ""buy_2th_pre_req"": ""187"", ""buy_2th_pre_req_pre"": ""0"", ""buy_3th_pre_bid"": ""+51300"", ""buy_3th_pre_req"": ""194"", ""buy_3th_pre_req_pre"": ""0"", ""buy_4th_pre_bid"": ""+51200"", ""buy_4th_pre_req"": ""1394"", ""buy_4th_pre_req_pre"": ""0"", ""buy_5th_pre_bid"": ""+51100"", ""buy_5th_pre_req"": ""148"", ""buy_5th_pre_req_pre"": ""0"", ""buy_6th_pre_bid"": ""+51000"", ""buy_6th_pre_req"": ""334"", ""buy_6th_pre_req_pre"": ""0"", ""buy_7th_pre_bid"": ""+50900"", ""buy_7th_pre_req"": ""224"", ""buy_7th_pre_req_pre"": ""0"", ""buy_8th_pre_bid"": ""+50800"", ""buy_8th_pre_req"": ""202"", ""buy_8th_pre_req_pre"": ""0"", ""buy_9th_pre_bid"": ""+50700"", ""buy_9th_pre_req"": ""271"", ""buy_9th_pre_req_pre"": ""0"", ""buy_10th_pre_bid"": ""+50600"", ""buy_10th_pre_req"": ""157"", ""buy_10th_pre_req_pre"": ""0"", ""tot_sel_req_jub_pre"": ""--8"", ""tot_sel_req"": ""179"", ""tot_buy_req"": ""3167"", ""tot_buy_req_jub_pre"": ""0"", ""ovt_sel_req_pre"": ""0"", ""ovt_sel_req"": ""0"", ""ovt_buy_req"": ""0"", ""ovt_buy_req_pre"": ""0"", ""return_code"": 0, ""return_msg"": ""정상적으로 처리되었습니다""}"
2026-06-10,scan_candidate,017900,,0,main_scan,9210,,9210,9200,9210,9170,-0.5428881650380022,0.10857763300760044,,,,,,"{""bid_req_base_tm"": ""113658"", ""sel_10th_pre_req_pre"": ""0"", ""sel_10th_pre_req"": ""1374"", ""sel_10th_pre_bid"": ""+9300"", ""sel_9th_pre_req_pre"": ""0"", ""sel_9th_pre_req"": ""204"", ""sel_9th_pre_bid"": ""+9290"", ""sel_8th_pre_req_pre"": ""0"", ""sel_8th_pre_req"": ""301"", ""sel_8th_pre_bid"": ""+9280"", ""sel_7th_pre_req_pre"": ""0"", ""sel_7th_pre_req"": ""1644"", ""sel_7th_pre_bid"": ""+9270"", ""sel_6th_pre_req_pre"": ""0"", ""sel_6th_pre_req"": ""1941"", ""sel_6th_pre_bid"": ""+9260"", ""sel_5th_pre_req_pre"": ""0"", ""sel_5th_pre_req"": ""2072"", ""sel_5th_pre_bid"": ""+9250"", ""sel_4th_pre_req_pre"": ""0"", ""sel_4th_pre_req"": ""7431"", ""sel_4th_pre_bid"": ""+9240"", ""sel_3th_pre_req_pre"": ""0"", ""sel_3th_pre_req"": ""143"", ""sel_3th_pre_bid"": ""+9230"", ""sel_2th_pre_req_pre"": ""0"", ""sel_2th_pre_req"": ""287"", ""sel_2th_pre_bid"": ""+9220"", ""sel_1th_pre_req_pre"": ""0"", ""sel_fpr_req"": ""220"", ""sel_fpr_bid"": ""+9210"", ""buy_fpr_bid"": ""+9200"", ""buy_fpr_req"": ""307"", ""buy_1th_pre_req_pre"": ""0"", ""buy_2th_pre_bid"": ""9190"", ""buy_2th_pre_req"": ""220"", ""buy_2th_pre_req_pre"": ""+100"", ""buy_3th_pre_bid"": ""-9180"", ""buy_3th_pre_req"": ""739"", ""buy_3th_pre_req_pre"": ""0"", ""buy_4th_pre_bid"": ""-9170"", ""buy_4th_pre_req"": ""1021"", ""buy_4th_pre_req_pre"": ""0"", ""buy_5th_pre_bid"": ""-9160"", ""buy_5th_pre_req"": ""551"", ""buy_5th_pre_req_pre"": ""0"", ""buy_6th_pre_bid"": ""-9150"", ""buy_6th_pre_req"": ""508"", ""buy_6th_pre_req_pre"": ""0"", ""buy_7th_pre_bid"": ""-9140"", ""buy_7th_pre_req"": ""2730"", ""buy_7th_pre_req_pre"": ""0"", ""buy_8th_pre_bid"": ""-9130"", ""buy_8th_pre_req"": ""552"", ""buy_8th_pre_req_pre"": ""0"", ""buy_9th_pre_bid"": ""-9120"", ""buy_9th_pre_req"": ""837"", ""buy_9th_pre_req_pre"": ""0"", ""buy_10th_pre_bid"": ""-9110"", ""buy_10th_pre_req"": ""373"", ""buy_10th_pre_req_pre"": ""0"", ""tot_sel_req_jub_pre"": ""0"", ""tot_sel_req"": ""15617"", ""tot_buy_req"": ""7838"", ""tot_buy_req_jub_pre"": ""+100"", ""ovt_sel_req_pre"": ""0"", ""ovt_sel_req"": ""0"", ""ovt_buy_req"": ""0"", ""ovt_buy_req_pre"": ""0"", ""return_code"": 0, ""return_msg"": ""정상적으로 처리되었습니다""}"
2026-06-10,scan_candidate,006220,,0,main_scan,12010,,12010,11990,12010,12000,-0.4995836802664446,0.16652789342214822,,,,,,"{""bid_req_base_tm"": ""113700"", ""sel_10th_pre_req_pre"": ""0"", ""sel_10th_pre_req"": ""421"", ""sel_10th_pre_bid"": ""+12110"", ""sel_9th_pre_req_pre"": ""0"", ""sel_9th_pre_req"": ""2317"", ""sel_9th_pre_bid"": ""+12100"", ""sel_8th_pre_req_pre"": ""0"", ""sel_8th_pre_req"": ""635"", ""sel_8th_pre_bid"": ""+12090"", ""sel_7th_pre_req_pre"": ""0"", ""sel_7th_pre_req"": ""297"", ""sel_7th_pre_bid"": ""+12080"", ""sel_6th_pre_req_pre"": ""0"", ""sel_6th_pre_req"": ""27"", ""sel_6th_pre_bid"": ""+12070"", ""sel_5th_pre_req_pre"": ""0"", ""sel_5th_pre_req"": ""1"", ""sel_5th_pre_bid"": ""+12060"", ""sel_4th_pre_req_pre"": ""0"", ""sel_4th_pre_req"": ""843"", ""sel_4th_pre_bid"": ""+12050"", ""sel_3th_pre_req_pre"": ""0"", ""sel_3th_pre_req"": ""431"", ""sel_3th_pre_bid"": ""+12030"", ""sel_2th_pre_req_pre"": ""0"", ""sel_2th_pre_req"": ""241"", ""sel_2th_pre_bid"": ""+12020"", ""sel_1th_pre_req_pre"": ""0"", ""sel_fpr_req"": ""159"", ""sel_fpr_bid"": ""+12010"", ""buy_fpr_bid"": ""+11990"", ""buy_fpr_req"": ""770"", ""buy_1th_pre_req_pre"": ""0"", ""buy_2th_pre_bid"": ""+11980"", ""buy_2th_pre_req"": ""133"", ""buy_2th_pre_req_pre"": ""0"", ""buy_3th_pre_bid"": ""+11970"", ""buy_3th_pre_req"": ""4286"", ""buy_3th_pre_req_pre"": ""0"", ""buy_4th_pre_bid"": ""+11960"", ""buy_4th_pre_req"": ""523"", ""buy_4th_pre_req_pre"": ""0"", ""buy_5th_pre_bid"": ""+11950"", ""buy_5th_pre_req"": ""845"", ""buy_5th_pre_req_pre"": ""0"", ""buy_6th_pre_bid"": ""+11940"", ""buy_6th_pre_req"": ""1126"", ""buy_6th_pre_req_pre"": ""0"", ""buy_7th_pre_bid"": ""+11930"", ""buy_7th_pre_req"": ""1552"", ""buy_7th_pre_req_pre"": ""0"", ""buy_8th_pre_bid"": ""+11920"", ""buy_8th_pre_req"": ""1478"", ""buy_8th_pre_req_pre"": ""0"", ""buy_9th_pre_bid"": ""+11910"", ""buy_9th_pre_req"": ""259"", ""buy_9th_pre_req_pre"": ""0"", ""buy_10th_pre_bid"": ""+11900"", ""buy_10th_pre_req"": ""1257"", ""buy_10th_pre_req_pre"": ""0"", ""tot_sel_req_jub_pre"": ""--101"", ""tot_sel_req"": ""5372"", ""tot_buy_req"": ""12229"", ""tot_buy_req_jub_pre"": ""0"", ""ovt_sel_req_pre"": ""0"", ""ovt_sel_req"": ""0"", ""ovt_buy_req"": ""0"", ""ovt_buy_req_pre"": ""0"", ""return_code"": 0, ""return_msg"": ""정상적으로 처리되었습니다""}"
2026-06-10,scan_candidate,092200,,0,main_scan,9430,,9430,9420,9430,9470,0.3181336161187699,0.10604453870625664,,,,,,"{""bid_req_base_tm"": ""113701"", ""sel_10th_pre_req_pre"": ""0"", ""sel_10th_pre_req"": ""166"", ""sel_10th_pre_bid"": ""-9550"", ""sel_9th_pre_req_pre"": ""0"", ""sel_9th_pre_req"": ""65"", ""sel_9th_pre_bid"": ""-9540"", ""sel_8th_pre_req_pre"": ""0"", ""sel_8th_pre_req"": ""16"", ""sel_8th_pre_bid"": ""-9530"", ""sel_7th_pre_req_pre"": ""0"", ""sel_7th_pre_req"": ""265"", ""sel_7th_pre_bid"": ""-9520"", ""sel_6th_pre_req_pre"": ""0"", ""sel_6th_pre_req"": ""220"", ""sel_6th_pre_bid"": ""-9510"", ""sel_5th_pre_req_pre"": ""0"", ""sel_5th_pre_req"": ""835"", ""sel_5th_pre_bid"": ""-9500"", ""sel_4th_pre_req_pre"": ""0"", ""sel_4th_pre_req"": ""2"", ""sel_4th_pre_bid"": ""-9460"", ""sel_3th_pre_req_pre"": ""0"", ""sel_3th_pre_req"": ""257"", ""sel_3th_pre_bid"": ""-9450"", ""sel_2th_pre_req_pre"": ""0"", ""sel_2th_pre_req"": ""1089"", ""sel_2th_pre_bid"": ""-9440"", ""sel_1th_pre_req_pre"": ""+1"", ""sel_fpr_req"": ""107"", ""sel_fpr_bid"": ""-9430"", ""buy_fpr_bid"": ""-9420"", ""buy_fpr_req"": ""341"", ""buy_1th_pre_req_pre"": ""0"", ""buy_2th_pre_bid"": ""-9410"", ""buy_2th_pre_req"": ""423"", ""buy_2th_pre_req_pre"": ""0"", ""buy_3th_pre_bid"": ""-9400"", ""buy_3th_pre_req"": ""2573"", ""buy_3th_pre_req_pre"": ""0"", ""buy_4th_pre_bid"": ""-9390"", ""buy_4th_pre_req"": ""2466"", ""buy_4th_pre_req_pre"": ""0"", ""buy_5th_pre_bid"": ""-9380"", ""buy_5th_pre_req"": ""628"", ""buy_5th_pre_req_pre"": ""0"", ""buy_6th_pre_bid"": ""-9370"", ""buy_6th_pre_req"": ""676"", ""buy_6th_pre_req_pre"": ""0"", ""buy_7th_pre_bid"": ""-9360"", ""buy_7th_pre_req"": ""835"", ""buy_7th_pre_req_pre"": ""0"", ""buy_8th_pre_bid"": ""-9350"", ""buy_8th_pre_req"": ""1100"", ""buy_8th_pre_req_pre"": ""0"", ""buy_9th_pre_bid"": ""-9340"", ""buy_9th_pre_req"": ""947"", ""buy_9th_pre_req_pre"": ""0"", ""buy_10th_pre_bid"": ""-9330"", ""buy_10th_pre_req"": ""1353"", ""buy_10th_pre_req_pre"": ""0"", ""tot_sel_req_jub_pre"": ""+1"", ""tot_sel_req"": ""3022"", ""tot_buy_req"": ""11342"", ""tot_buy_req_jub_pre"": ""0"", ""ovt_sel_req_pre"": ""0"", ""ovt_sel_req"": ""0"", ""ovt_buy_req"": ""0"", ""ovt_buy_req_pre"": ""0"", ""return_code"": 0, ""return_msg"": ""정상적으로 처리되었습니다""}"
2026-06-10,scan_candidate,000430,,0,main_scan,5610,,5610,5600,5610,5610,-0.17825311942959002,0.17825311942959002,,,,,,"{""bid_req_base_tm"": ""113701"", ""sel_10th_pre_req_pre"": ""0"", ""sel_10th_pre_req"": ""656"", ""sel_10th_pre_bid"": ""-5710"", ""sel_9th_pre_req_pre"": ""0"", ""sel_9th_pre_req"": ""10362"", ""sel_9th_pre_bid"": ""-5700"", ""sel_8th_pre_req_pre"": ""0"", ""sel_8th_pre_req"": ""1082"", ""sel_8th_pre_bid"": ""-5690"", ""sel_7th_pre_req_pre"": ""0"", ""sel_7th_pre_req"": ""1539"", ""sel_7th_pre_bid"": ""-5680"", ""sel_6th_pre_req_pre"": ""0"", ""sel_6th_pre_req"": ""1181"", ""sel_6th_pre_bid"": ""-5670"", ""sel_5th_pre_req_pre"": ""0"", ""sel_5th_pre_req"": ""209"", ""sel_5th_pre_bid"": ""-5660"", ""sel_4th_pre_req_pre"": ""0"", ""sel_4th_pre_req"": ""4834"", ""sel_4th_pre_bid"": ""-5650"", ""sel_3th_pre_req_pre"": ""0"", ""sel_3th_pre_req"": ""1254"", ""sel_3th_pre_bid"": ""-5630"", ""sel_2th_pre_req_pre"": ""0"", ""sel_2th_pre_req"": ""130"", ""sel_2th_pre_bid"": ""-5620"", ""sel_1th_pre_req_pre"": ""0"", ""sel_fpr_req"": ""641"", ""sel_fpr_bid"": ""-5610"", ""buy_fpr_bid"": ""-5600"", ""buy_fpr_req"": ""29"", ""buy_1th_pre_req_pre"": ""0"", ""buy_2th_pre_bid"": ""-5590"", ""buy_2th_pre_req"": ""432"", ""buy_2th_pre_req_pre"": ""0"", ""buy_3th_pre_bid"": ""-5580"", ""buy_3th_pre_req"": ""2015"", ""buy_3th_pre_req_pre"": ""0"", ""buy_4th_pre_bid"": ""-5570"", ""buy_4th_pre_req"": ""1035"", ""buy_4th_pre_req_pre"": ""0"", ""buy_5th_pre_bid"": ""-5560"", ""buy_5th_pre_req"": ""2640"", ""buy_5th_pre_req_pre"": ""0"", ""buy_6th_pre_bid"": ""-5550"", ""buy_6th_pre_req"": ""1172"", ""buy_6th_pre_req_pre"": ""0"", ""buy_7th_pre_bid"": ""-5540"", ""buy_7th_pre_req"": ""2365"", ""buy_7th_pre_req_pre"": ""0"", ""buy_8th_pre_bid"": ""-5530"", ""buy_8th_pre_req"": ""9331"", ""buy_8th_pre_req_pre"": ""0"", ""buy_9th_pre_bid"": ""-5520"", ""buy_9th_pre_req"": ""3553"", ""buy_9th_pre_req_pre"": ""0"", ""buy_10th_pre_bid"": ""-5510"", ""buy_10th_pre_req"": ""7815"", ""buy_10th_pre_req_pre"": ""0"", ""tot_sel_req_jub_pre"": ""+655"", ""tot_sel_req"": ""21888"", ""tot_buy_req"": ""30387"", ""tot_buy_req_jub_pre"": ""0"", ""ovt_sel_req_pre"": ""0"", ""ovt_sel_req"": ""0"", ""ovt_buy_req"": ""0"", ""ovt_buy_req_pre"": ""0"", ""return_code"": 0, ""return_msg"": ""정상적으로 처리되었습니다""}"
2026-06-10,scan_candidate,010690,,0,main_scan,10440,,10440,10430,10440,10450,-0.38314176245210724,0.09578544061302681,,,,,,"{""bid_req_base_tm"": ""113701"", ""sel_10th_pre_req_pre"": ""0"", ""sel_10th_pre_req"": ""59"", ""sel_10th_pre_bid"": ""+10550"", ""sel_9th_pre_req_pre"": ""0"", ""sel_9th_pre_req"": ""9"", ""sel_9th_pre_bid"": ""+10540"", ""sel_8th_pre_req_pre"": ""0"", ""sel_8th_pre_req"": ""12"", ""sel_8th_pre_bid"": ""+10530"", ""sel_7th_pre_req_pre"": ""0"", ""sel_7th_pre_req"": ""11"", ""sel_7th_pre_bid"": ""+10520"", ""sel_6th_pre_req_pre"": ""0"", ""sel_6th_pre_req"": ""515"", ""sel_6th_pre_bid"": ""+10510"", ""sel_5th_pre_req_pre"": ""0"", ""sel_5th_pre_req"": ""315"", ""sel_5th_pre_bid"": ""+10500"", ""sel_4th_pre_req_pre"": ""0"", ""sel_4th_pre_req"": ""50"", ""sel_4th_pre_bid"": ""+10490"", ""sel_3th_pre_req_pre"": ""0"", ""sel_3th_pre_req"": ""21"", ""sel_3th_pre_bid"": ""+10460"", ""sel_2th_pre_req_pre"": ""0"", ""sel_2th_pre_req"": ""6"", ""sel_2th_pre_bid"": ""+10450"", ""sel_1th_pre_req_pre"": ""0"", ""sel_fpr_req"": ""138"", ""sel_fpr_bid"": ""+10440"", ""buy_fpr_bid"": ""+10430"", ""buy_fpr_req"": ""2"", ""buy_1th_pre_req_pre"": ""0"", ""buy_2th_pre_bid"": ""+10420"", ""buy_2th_pre_req"": ""414"", ""buy_2th_pre_req_pre"": ""+30"", ""buy_3th_pre_bid"": ""+10410"", ""buy_3th_pre_req"": ""882"", ""buy_3th_pre_req_pre"": ""0"", ""buy_4th_pre_bid"": ""+10400"", ""buy_4th_pre_req"": ""1068"", ""buy_4th_pre_req_pre"": ""0"", ""buy_5th_pre_bid"": ""+10390"", ""buy_5th_pre_req"": ""207"", ""buy_5th_pre_req_pre"": ""0"", ""buy_6th_pre_bid"": ""+10380"", ""buy_6th_pre_req"": ""294"", ""buy_6th_pre_req_pre"": ""0"", ""buy_7th_pre_bid"": ""+10370"", ""buy_7th_pre_req"": ""163"", ""buy_7th_pre_req_pre"": ""0"", ""buy_8th_pre_bid"": ""+10360"", ""buy_8th_pre_req"": ""316"", ""buy_8th_pre_req_pre"": ""0"", ""buy_9th_pre_bid"": ""+10350"", ""buy_9th_pre_req"": ""173"", ""buy_9th_pre_req_pre"": ""0"", ""buy_10th_pre_bid"": ""+10340"", ""buy_10th_pre_req"": ""598"", ""buy_10th_pre_req_pre"": ""0"", ""tot_sel_req_jub_pre"": ""0"", ""tot_sel_req"": ""1136"", ""tot_buy_req"": ""4117"", ""tot_buy_req_jub_pre"": ""+30"", ""ovt_sel_req_pre"": ""0"", ""ovt_sel_req"": ""0"", ""ovt_buy_req"": ""0"", ""ovt_buy_req_pre"": ""0"", ""return_code"": 0, ""return_msg"": ""정상적으로 처리되었습니다""}"
2026-06-10,scan_candidate,005950,,0,main_scan,12050,,12050,12020,12050,12050,-0.4149377593360996,0.24896265560165973,,,,,,"{""bid_req_base_tm"": ""113659"", ""sel_10th_pre_req_pre"": ""0"", ""sel_10th_pre_req"": ""4"", ""sel_10th_pre_bid"": ""+12170"", ""sel_9th_pre_req_pre"": ""0"", ""sel_9th_pre_req"": ""2"", ""sel_9th_pre_bid"": ""+12160"", ""sel_8th_pre_req_pre"": ""0"", ""sel_8th_pre_req"": ""58"", ""sel_8th_pre_bid"": ""+12150"", ""sel_7th_pre_req_pre"": ""0"", ""sel_7th_pre_req"": ""25"", ""sel_7th_pre_bid"": ""+12140"", ""sel_6th_pre_req_pre"": ""0"", ""sel_6th_pre_req"": ""149"", ""sel_6th_pre_bid"": ""+12130"", ""sel_5th_pre_req_pre"": ""0"", ""sel_5th_pre_req"": ""236"", ""sel_5th_pre_bid"": ""+12100"", ""sel_4th_pre_req_pre"": ""0"", ""sel_4th_pre_req"": ""4"", ""sel_4th_pre_bid"": ""+12090"", ""sel_3th_pre_req_pre"": ""0"", ""sel_3th_pre_req"": ""5"", ""sel_3th_pre_bid"": ""+12080"", ""sel_2th_pre_req_pre"": ""0"", ""sel_2th_pre_req"": ""75"", ""sel_2th_pre_bid"": ""+12060"", ""sel_1th_pre_req_pre"": ""+70"", ""sel_fpr_req"": ""128"", ""sel_fpr_bid"": ""+12050"", ""buy_fpr_bid"": ""+12020"", ""buy_fpr_req"": ""73"", ""buy_1th_pre_req_pre"": ""0"", ""buy_2th_pre_bid"": ""+12000"", ""buy_2th_pre_req"": ""557"", ""buy_2th_pre_req_pre"": ""0"", ""buy_3th_pre_bid"": ""+11970"", ""buy_3th_pre_req"": ""19"", ""buy_3th_pre_req_pre"": ""0"", ""buy_4th_pre_bid"": ""+11960"", ""buy_4th_pre_req"": ""40"", ""buy_4th_pre_req_pre"": ""0"", ""buy_5th_pre_bid"": ""+11920"", ""buy_5th_pre_req"": ""126"", ""buy_5th_pre_req_pre"": ""0"", ""buy_6th_pre_bid"": ""+11910"", ""buy_6th_pre_req"": ""78"", ""buy_6th_pre_req_pre"": ""0"", ""buy_7th_pre_bid"": ""+11900"", ""buy_7th_pre_req"": ""1221"", ""buy_7th_pre_req_pre"": ""0"", ""buy_8th_pre_bid"": ""+11880"", ""buy_8th_pre_req"": ""40"", ""buy_8th_pre_req_pre"": ""0"", ""buy_9th_pre_bid"": ""+11860"", ""buy_9th_pre_req"": ""102"", ""buy_9th_pre_req_pre"": ""0"", ""buy_10th_pre_bid"": ""+11850"", ""buy_10th_pre_req"": ""195"", ""buy_10th_pre_req_pre"": ""0"", ""tot_sel_req_jub_pre"": ""+70"", ""tot_sel_req"": ""686"", ""tot_buy_req"": ""2451"", ""tot_buy_req_jub_pre"": ""0"", ""ovt_sel_req_pre"": ""0"", ""ovt_sel_req"": ""0"", ""ovt_buy_req"": ""0"", ""ovt_buy_req_pre"": ""0"", ""return_code"": 0, ""return_msg"": ""정상적으로 처리되었습니다""}"
2026-06-10,watchlist,014680,,0,filtered_candidate_recheck,259500,,259500,259000,259500,261500,0.5780346820809248,0.1926782273603083,,,,,,"{""bid_req_base_tm"": ""113847"", ""sel_10th_pre_req_pre"": ""0"", ""sel_10th_pre_req"": ""86"", ""sel_10th_pre_bid"": ""+264000"", ""sel_9th_pre_req_pre"": ""0"", ""sel_9th_pre_req"": ""13"", ""sel_9th_pre_bid"": ""+263500"", ""sel_8th_pre_req_pre"": ""0"", ""sel_8th_pre_req"": ""10"", ""sel_8th_pre_bid"": ""+263000"", ""sel_7th_pre_req_pre"": ""0"", ""sel_7th_pre_req"": ""5"", ""sel_7th_pre_bid"": ""+262500"", ""sel_6th_pre_req_pre"": ""0"", ""sel_6th_pre_req"": ""2"", ""sel_6th_pre_bid"": ""+262000"", ""sel_5th_pre_req_pre"": ""0"", ""sel_5th_pre_req"": ""3"", ""sel_5th_pre_bid"": ""+261500"", ""sel_4th_pre_req_pre"": ""0"", ""sel_4th_pre_req"": ""21"", ""sel_4th_pre_bid"": ""+261000"", ""sel_3th_pre_req_pre"": ""0"", ""sel_3th_pre_req"": ""16"", ""sel_3th_pre_bid"": ""+260500"", ""sel_2th_pre_req_pre"": ""0"", ""sel_2th_pre_req"": ""18"", ""sel_2th_pre_bid"": ""+260000"", ""sel_1th_pre_req_pre"": ""0"", ""sel_fpr_req"": ""105"", ""sel_fpr_bid"": ""+259500"", ""buy_fpr_bid"": ""+259000"", ""buy_fpr_req"": ""435"", ""buy_1th_pre_req_pre"": ""--1"", ""buy_2th_pre_bid"": ""+258500"", ""buy_2th_pre_req"": ""276"", ""buy_2th_pre_req_pre"": ""0"", ""buy_3th_pre_bid"": ""+258000"", ""buy_3th_pre_req"": ""236"", ""buy_3th_pre_req_pre"": ""0"", ""buy_4th_pre_bid"": ""+257500"", ""buy_4th_pre_req"": ""236"", ""buy_4th_pre_req_pre"": ""0"", ""buy_5th_pre_bid"": ""+257000"", ""buy_5th_pre_req"": ""203"", ""buy_5th_pre_req_pre"": ""0"", ""buy_6th_pre_bid"": ""+256500"", ""buy_6th_pre_req"": ""207"", ""buy_6th_pre_req_pre"": ""0"", ""buy_7th_pre_bid"": ""+256000"", ""buy_7th_pre_req"": ""203"", ""buy_7th_pre_req_pre"": ""0"", ""buy_8th_pre_bid"": ""+255500"", ""buy_8th_pre_req"": ""279"", ""buy_8th_pre_req_pre"": ""0"", ""buy_9th_pre_bid"": ""+255000"", ""buy_9th_pre_req"": ""506"", ""buy_9th_pre_req_pre"": ""0"", ""buy_10th_pre_bid"": ""+254500"", ""buy_10th_pre_req"": ""523"", ""buy_10th_pre_req_pre"": ""0"", ""tot_sel_req_jub_pre"": ""0"", ""tot_sel_req"": ""279"", ""tot_buy_req"": ""3104"", ""tot_buy_req_jub_pre"": ""--1"", ""ovt_sel_req_pre"": ""0"", ""ovt_sel_req"": ""0"", ""ovt_buy_req"": ""0"", ""ovt_buy_req_pre"": ""0"", ""return_code"": 0, ""return_msg"": ""정상적으로 처리되었습니다""}"
2026-06-10,watchlist,035420,,1,filtered_candidate_recheck,233000,,233000,232500,233000,234000,0.2145922746781116,0.2145922746781116,,,,,,"{""bid_req_base_tm"": ""113848"", ""sel_10th_pre_req_pre"": ""0"", ""sel_10th_pre_req"": ""1033"", ""sel_10th_pre_bid"": ""-237500"", ""sel_9th_pre_req_pre"": ""0"", ""sel_9th_pre_req"": ""2331"", ""sel_9th_pre_bid"": ""-237000"", ""sel_8th_pre_req_pre"": ""0"", ""sel_8th_pre_req"": ""4228"", ""sel_8th_pre_bid"": ""-236500"", ""sel_7th_pre_req_pre"": ""0"", ""sel_7th_pre_req"": ""3798"", ""sel_7th_pre_bid"": ""-236000"", ""sel_6th_pre_req_pre"": ""0"", ""sel_6th_pre_req"": ""2200"", ""sel_6th_pre_bid"": ""-235500"", ""sel_5th_pre_req_pre"": ""0"", ""sel_5th_pre_req"": ""2117"", ""sel_5th_pre_bid"": ""-235000"", ""sel_4th_pre_req_pre"": ""0"", ""sel_4th_pre_req"": ""1905"", ""sel_4th_pre_bid"": ""-234500"", ""sel_3th_pre_req_pre"": ""0"", ""sel_3th_pre_req"": ""1489"", ""sel_3th_pre_bid"": ""-234000"", ""sel_2th_pre_req_pre"": ""0"", ""sel_2th_pre_req"": ""2075"", ""sel_2th_pre_bid"": ""-233500"", ""sel_1th_pre_req_pre"": ""0"", ""sel_fpr_req"": ""2593"", ""sel_fpr_bid"": ""-233000"", ""buy_fpr_bid"": ""-232500"", ""buy_fpr_req"": ""1276"", ""buy_1th_pre_req_pre"": ""0"", ""buy_2th_pre_bid"": ""-232000"", ""buy_2th_pre_req"": ""1959"", ""buy_2th_pre_req_pre"": ""0"", ""buy_3th_pre_bid"": ""-231500"", ""buy_3th_pre_req"": ""1791"", ""buy_3th_pre_req_pre"": ""+3"", ""buy_4th_pre_bid"": ""-231000"", ""buy_4th_pre_req"": ""5808"", ""buy_4th_pre_req_pre"": ""0"", ""buy_5th_pre_bid"": ""-230500"", ""buy_5th_pre_req"": ""22479"", ""buy_5th_pre_req_pre"": ""0"", ""buy_6th_pre_bid"": ""-230000"", ""buy_6th_pre_req"": ""68027"", ""buy_6th_pre_req_pre"": ""0"", ""buy_7th_pre_bid"": ""-229500"", ""buy_7th_pre_req"": ""6902"", ""buy_7th_pre_req_pre"": ""0"", ""buy_8th_pre_bid"": ""-229000"", ""buy_8th_pre_req"": ""9268"", ""buy_8th_pre_req_pre"": ""0"", ""buy_9th_pre_bid"": ""-228500"", ""buy_9th_pre_req"": ""9030"", ""buy_9th_pre_req_pre"": ""0"", ""buy_10th_pre_bid"": ""-228000"", ""buy_10th_pre_req"": ""9326"", ""buy_10th_pre_req_pre"": ""0"", ""tot_sel_req_jub_pre"": ""0"", ""tot_sel_req"": ""23769"", ""tot_buy_req"": ""135866"", ""tot_buy_req_jub_pre"": ""+3"", ""ovt_sel_req_pre"": ""0"", ""ovt_sel_req"": ""0"", ""ovt_buy_req"": ""0"", ""ovt_buy_req_pre"": ""0"", ""return_code"": 0, ""return_msg"": ""정상적으로 처리되었습니다""}"
2026-06-10,watchlist,036570,,0,filtered_candidate_recheck,256500,,256500,256000,256500,257500,0.1949317738791423,0.1949317738791423,,,,,,"{""bid_req_base_tm"": ""113847"", ""sel_10th_pre_req_pre"": ""0"", ""sel_10th_pre_req"": ""78"", ""sel_10th_pre_bid"": ""-261000"", ""sel_9th_pre_req_pre"": ""0"", ""sel_9th_pre_req"": ""20"", ""sel_9th_pre_bid"": ""-260500"", ""sel_8th_pre_req_pre"": ""0"", ""sel_8th_pre_req"": ""73"", ""sel_8th_pre_bid"": ""-260000"", ""sel_7th_pre_req_pre"": ""0"", ""sel_7th_pre_req"": ""76"", ""sel_7th_pre_bid"": ""-259500"", ""sel_6th_pre_req_pre"": ""0"", ""sel_6th_pre_req"": ""12"", ""sel_6th_pre_bid"": ""-259000"", ""sel_5th_pre_req_pre"": ""0"", ""sel_5th_pre_req"": ""51"", ""sel_5th_pre_bid"": ""-258500"", ""sel_4th_pre_req_pre"": ""0"", ""sel_4th_pre_req"": ""11"", ""sel_4th_pre_bid"": ""-258000"", ""sel_3th_pre_req_pre"": ""0"", ""sel_3th_pre_req"": ""56"", ""sel_3th_pre_bid"": ""-257500"", ""sel_2th_pre_req_pre"": ""0"", ""sel_2th_pre_req"": ""21"", ""sel_2th_pre_bid"": ""-257000"", ""sel_1th_pre_req_pre"": ""0"", ""sel_fpr_req"": ""198"", ""sel_fpr_bid"": ""-256500"", ""buy_fpr_bid"": ""-256000"", ""buy_fpr_req"": ""57"", ""buy_1th_pre_req_pre"": ""0"", ""buy_2th_pre_bid"": ""-255500"", ""buy_2th_pre_req"": ""54"", ""buy_2th_pre_req_pre"": ""0"", ""buy_3th_pre_bid"": ""-255000"", ""buy_3th_pre_req"": ""104"", ""buy_3th_pre_req_pre"": ""0"", ""buy_4th_pre_bid"": ""-254500"", ""buy_4th_pre_req"": ""323"", ""buy_4th_pre_req_pre"": ""0"", ""buy_5th_pre_bid"": ""-254000"", ""buy_5th_pre_req"": ""372"", ""buy_5th_pre_req_pre"": ""0"", ""buy_6th_pre_bid"": ""-253500"", ""buy_6th_pre_req"": ""582"", ""buy_6th_pre_req_pre"": ""0"", ""buy_7th_pre_bid"": ""-253000"", ""buy_7th_pre_req"": ""733"", ""buy_7th_pre_req_pre"": ""0"", ""buy_8th_pre_bid"": ""-252500"", ""buy_8th_pre_req"": ""269"", ""buy_8th_pre_req_pre"": ""0"", ""buy_9th_pre_bid"": ""-252000"", ""buy_9th_pre_req"": ""222"", ""buy_9th_pre_req_pre"": ""0"", ""buy_10th_pre_bid"": ""-251500"", ""buy_10th_pre_req"": ""225"", ""buy_10th_pre_req_pre"": ""0"", ""tot_sel_req_jub_pre"": ""0"", ""tot_sel_req"": ""596"", ""tot_buy_req"": ""2941"", ""tot_buy_req_jub_pre"": ""0"", ""ovt_sel_req_pre"": ""0"", ""ovt_sel_req"": ""0"", ""ovt_buy_req"": ""0"", ""ovt_buy_req_pre"": ""0"", ""return_code"": 0, ""return_msg"": ""정상적으로 처리되었습니다""}"
2026-06-10,watchlist,005090,,1,filtered_candidate_recheck,51600,,51600,51300,51600,51700,0.0,0.5813953488372093,,,,,,"{""bid_req_base_tm"": ""113848"", ""sel_10th_pre_req_pre"": ""0"", ""sel_10th_pre_req"": ""11"", ""sel_10th_pre_bid"": ""+52600"", ""sel_9th_pre_req_pre"": ""0"", ""sel_9th_pre_req"": ""1"", ""sel_9th_pre_bid"": ""+52500"", ""sel_8th_pre_req_pre"": ""0"", ""sel_8th_pre_req"": ""2"", ""sel_8th_pre_bid"": ""+52400"", ""sel_7th_pre_req_pre"": ""0"", ""sel_7th_pre_req"": ""10"", ""sel_7th_pre_bid"": ""+52300"", ""sel_6th_pre_req_pre"": ""0"", ""sel_6th_pre_req"": ""1"", ""sel_6th_pre_bid"": ""+52200"", ""sel_5th_pre_req_pre"": ""0"", ""sel_5th_pre_req"": ""57"", ""sel_5th_pre_bid"": ""+52000"", ""sel_4th_pre_req_pre"": ""0"", ""sel_4th_pre_req"": ""2"", ""sel_4th_pre_bid"": ""+51900"", ""sel_3th_pre_req_pre"": ""0"", ""sel_3th_pre_req"": ""108"", ""sel_3th_pre_bid"": ""+51800"", ""sel_2th_pre_req_pre"": ""0"", ""sel_2th_pre_req"": ""55"", ""sel_2th_pre_bid"": ""+51700"", ""sel_1th_pre_req_pre"": ""0"", ""sel_fpr_req"": ""68"", ""sel_fpr_bid"": ""+51600"", ""buy_fpr_bid"": ""+51300"", ""buy_fpr_req"": ""39"", ""buy_1th_pre_req_pre"": ""0"", ""buy_2th_pre_bid"": ""+51200"", ""buy_2th_pre_req"": ""144"", ""buy_2th_pre_req_pre"": ""0"", ""buy_3th_pre_bid"": ""+50900"", ""buy_3th_pre_req"": ""219"", ""buy_3th_pre_req_pre"": ""0"", ""buy_4th_pre_bid"": ""+50800"", ""buy_4th_pre_req"": ""203"", ""buy_4th_pre_req_pre"": ""+1"", ""buy_5th_pre_bid"": ""+50700"", ""buy_5th_pre_req"": ""271"", ""buy_5th_pre_req_pre"": ""0"", ""buy_6th_pre_bid"": ""+50600"", ""buy_6th_pre_req"": ""157"", ""buy_6th_pre_req_pre"": ""0"", ""buy_7th_pre_bid"": ""50500"", ""buy_7th_pre_req"": ""410"", ""buy_7th_pre_req_pre"": ""0"", ""buy_8th_pre_bid"": ""-50400"", ""buy_8th_pre_req"": ""266"", ""buy_8th_pre_req_pre"": ""0"", ""buy_9th_pre_bid"": ""-50300"", ""buy_9th_pre_req"": ""571"", ""buy_9th_pre_req_pre"": ""0"", ""buy_10th_pre_bid"": ""-50200"", ""buy_10th_pre_req"": ""111"", ""buy_10th_pre_req_pre"": ""0"", ""tot_sel_req_jub_pre"": ""0"", ""tot_sel_req"": ""315"", ""tot_buy_req"": ""2391"", ""tot_buy_req_jub_pre"": ""+1"", ""ovt_sel_req_pre"": ""0"", ""ovt_sel_req"": ""0"", ""ovt_buy_req"": ""0"", ""ovt_buy_req_pre"": ""0"", ""return_code"": 0, ""return_msg"": ""정상적으로 처리되었습니다""}"
2026-06-10,watchlist,066570,,0,filtered_candidate_recheck,229000,,229000,228500,229000,230000,0.21834061135371177,0.21834061135371177,,,,,,"{""bid_req_base_tm"": ""113848"", ""sel_10th_pre_req_pre"": ""0"", ""sel_10th_pre_req"": ""4065"", ""sel_10th_pre_bid"": ""-233500"", ""sel_9th_pre_req_pre"": ""0"", ""sel_9th_pre_req"": ""2658"", ""sel_9th_pre_bid"": ""-233000"", ""sel_8th_pre_req_pre"": ""0"", ""sel_8th_pre_req"": ""1435"", ""sel_8th_pre_bid"": ""-232500"", ""sel_7th_pre_req_pre"": ""0"", ""sel_7th_pre_req"": ""1294"", ""sel_7th_pre_bid"": ""-232000"", ""sel_6th_pre_req_pre"": ""0"", ""sel_6th_pre_req"": ""1397"", ""sel_6th_pre_bid"": ""-231500"", ""sel_5th_pre_req_pre"": ""0"", ""sel_5th_pre_req"": ""2975"", ""sel_5th_pre_bid"": ""-231000"", ""sel_4th_pre_req_pre"": ""0"", ""sel_4th_pre_req"": ""1585"", ""sel_4th_pre_bid"": ""-230500"", ""sel_3th_pre_req_pre"": ""0"", ""sel_3th_pre_req"": ""3839"", ""sel_3th_pre_bid"": ""-230000"", ""sel_2th_pre_req_pre"": ""0"", ""sel_2th_pre_req"": ""2079"", ""sel_2th_pre_bid"": ""-229500"", ""sel_1th_pre_req_pre"": ""0"", ""sel_fpr_req"": ""1442"", ""sel_fpr_bid"": ""-229000"", ""buy_fpr_bid"": ""-228500"", ""buy_fpr_req"": ""3333"", ""buy_1th_pre_req_pre"": ""0"", ""buy_2th_pre_bid"": ""-228000"", ""buy_2th_pre_req"": ""10186"", ""buy_2th_pre_req_pre"": ""0"", ""buy_3th_pre_bid"": ""-227500"", ""buy_3th_pre_req"": ""9155"", ""buy_3th_pre_req_pre"": ""0"", ""buy_4th_pre_bid"": ""-227000"", ""buy_4th_pre_req"": ""54534"", ""buy_4th_pre_req_pre"": ""0"", ""buy_5th_pre_bid"": ""-226500"", ""buy_5th_pre_req"": ""3571"", ""buy_5th_pre_req_pre"": ""0"", ""buy_6th_pre_bid"": ""-226000"", ""buy_6th_pre_req"": ""4989"", ""buy_6th_pre_req_pre"": ""0"", ""buy_7th_pre_bid"": ""-225500"", ""buy_7th_pre_req"": ""4486"", ""buy_7th_pre_req_pre"": ""0"", ""buy_8th_pre_bid"": ""-225000"", ""buy_8th_pre_req"": ""14758"", ""buy_8th_pre_req_pre"": ""+22"", ""buy_9th_pre_bid"": ""-224500"", ""buy_9th_pre_req"": ""2373"", ""buy_9th_pre_req_pre"": ""0"", ""buy_10th_pre_bid"": ""-224000"", ""buy_10th_pre_req"": ""3749"", ""buy_10th_pre_req_pre"": ""0"", ""tot_sel_req_jub_pre"": ""0"", ""tot_sel_req"": ""22769"", ""tot_buy_req"": ""111134"", ""tot_buy_req_jub_pre"": ""+22"", ""ovt_sel_req_pre"": ""0"", ""ovt_sel_req"": ""0"", ""ovt_buy_req"": ""0"", ""ovt_buy_req_pre"": ""0"", ""return_code"": 0, ""return_msg"": ""정상적으로 처리되었습니다""}"
2026-06-10,watchlist,028670,,1,filtered_candidate_recheck,5070,,5070,5060,5070,5060,-0.39447731755424065,0.19723865877712032,,,,,,"{""bid_req_base_tm"": ""113847"", ""sel_10th_pre_req_pre"": ""0"", ""sel_10th_pre_req"": ""2657"", ""sel_10th_pre_bid"": ""-5160"", ""sel_9th_pre_req_pre"": ""0"", ""sel_9th_pre_req"": ""3310"", ""sel_9th_pre_bid"": ""-5150"", ""sel_8th_pre_req_pre"": ""0"", ""sel_8th_pre_req"": ""1511"", ""sel_8th_pre_bid"": ""-5140"", ""sel_7th_pre_req_pre"": ""0"", ""sel_7th_pre_req"": ""3289"", ""sel_7th_pre_bid"": ""-5130"", ""sel_6th_pre_req_pre"": ""0"", ""sel_6th_pre_req"": ""3099"", ""sel_6th_pre_bid"": ""-5120"", ""sel_5th_pre_req_pre"": ""0"", ""sel_5th_pre_req"": ""301"", ""sel_5th_pre_bid"": ""-5110"", ""sel_4th_pre_req_pre"": ""0"", ""sel_4th_pre_req"": ""9411"", ""sel_4th_pre_bid"": ""-5100"", ""sel_3th_pre_req_pre"": ""0"", ""sel_3th_pre_req"": ""1936"", ""sel_3th_pre_bid"": ""-5090"", ""sel_2th_pre_req_pre"": ""0"", ""sel_2th_pre_req"": ""2547"", ""sel_2th_pre_bid"": ""-5080"", ""sel_1th_pre_req_pre"": ""+28"", ""sel_fpr_req"": ""588"", ""sel_fpr_bid"": ""-5070"", ""buy_fpr_bid"": ""-5060"", ""buy_fpr_req"": ""1769"", ""buy_1th_pre_req_pre"": ""0"", ""buy_2th_pre_bid"": ""-5050"", ""buy_2th_pre_req"": ""3385"", ""buy_2th_pre_req_pre"": ""0"", ""buy_3th_pre_bid"": ""-5040"", ""buy_3th_pre_req"": ""1164"", ""buy_3th_pre_req_pre"": ""0"", ""buy_4th_pre_bid"": ""-5030"", ""buy_4th_pre_req"": ""2470"", ""buy_4th_pre_req_pre"": ""0"", ""buy_5th_pre_bid"": ""-5020"", ""buy_5th_pre_req"": ""841"", ""buy_5th_pre_req_pre"": ""0"", ""buy_6th_pre_bid"": ""-5010"", ""buy_6th_pre_req"": ""934"", ""buy_6th_pre_req_pre"": ""0"", ""buy_7th_pre_bid"": ""-5000"", ""buy_7th_pre_req"": ""11347"", ""buy_7th_pre_req_pre"": ""0"", ""buy_8th_pre_bid"": ""-4995"", ""buy_8th_pre_req"": ""1181"", ""buy_8th_pre_req_pre"": ""0"", ""buy_9th_pre_bid"": ""-4990"", ""buy_9th_pre_req"": ""256"", ""buy_9th_pre_req_pre"": ""0"", ""buy_10th_pre_bid"": ""-4985"", ""buy_10th_pre_req"": ""79"", ""buy_10th_pre_req_pre"": ""0"", ""tot_sel_req_jub_pre"": ""+28"", ""tot_sel_req"": ""28649"", ""tot_buy_req"": ""23426"", ""tot_buy_req_jub_pre"": ""0"", ""ovt_sel_req_pre"": ""0"", ""ovt_sel_req"": ""0"", ""ovt_buy_req"": ""0"", ""ovt_buy_req_pre"": ""0"", ""return_code"": 0, ""return_msg"": ""정상적으로 처리되었습니다""}"
2026-06-10,watchlist,004990,,0,filtered_candidate_recheck,25650,,25650,25600,25650,25650,-0.1949317738791423,0.1949317738791423,,,,,,"{""bid_req_base_tm"": ""113845"", ""sel_10th_pre_req_pre"": ""+1"", ""sel_10th_pre_req"": ""3091"", ""sel_10th_pre_bid"": ""26150"", ""sel_9th_pre_req_pre"": ""0"", ""sel_9th_pre_req"": ""429"", ""sel_9th_pre_bid"": ""-26100"", ""sel_8th_pre_req_pre"": ""0"", ""sel_8th_pre_req"": ""56"", ""sel_8th_pre_bid"": ""-26050"", ""sel_7th_pre_req_pre"": ""0"", ""sel_7th_pre_req"": ""117"", ""sel_7th_pre_bid"": ""-26000"", ""sel_6th_pre_req_pre"": ""0"", ""sel_6th_pre_req"": ""210"", ""sel_6th_pre_bid"": ""-25950"", ""sel_5th_pre_req_pre"": ""0"", ""sel_5th_pre_req"": ""2"", ""sel_5th_pre_bid"": ""-25850"", ""sel_4th_pre_req_pre"": ""0"", ""sel_4th_pre_req"": ""84"", ""sel_4th_pre_bid"": ""-25800"", ""sel_3th_pre_req_pre"": ""0"", ""sel_3th_pre_req"": ""1"", ""sel_3th_pre_bid"": ""-25750"", ""sel_2th_pre_req_pre"": ""0"", ""sel_2th_pre_req"": ""247"", ""sel_2th_pre_bid"": ""-25700"", ""sel_1th_pre_req_pre"": ""0"", ""sel_fpr_req"": ""888"", ""sel_fpr_bid"": ""-25650"", ""buy_fpr_bid"": ""-25600"", ""buy_fpr_req"": ""365"", ""buy_1th_pre_req_pre"": ""0"", ""buy_2th_pre_bid"": ""-25550"", ""buy_2th_pre_req"": ""509"", ""buy_2th_pre_req_pre"": ""0"", ""buy_3th_pre_bid"": ""-25500"", ""buy_3th_pre_req"": ""1024"", ""buy_3th_pre_req_pre"": ""0"", ""buy_4th_pre_bid"": ""-25450"", ""buy_4th_pre_req"": ""597"", ""buy_4th_pre_req_pre"": ""0"", ""buy_5th_pre_bid"": ""-25400"", ""buy_5th_pre_req"": ""663"", ""buy_5th_pre_req_pre"": ""0"", ""buy_6th_pre_bid"": ""-25350"", ""buy_6th_pre_req"": ""441"", ""buy_6th_pre_req_pre"": ""0"", ""buy_7th_pre_bid"": ""-25300"", ""buy_7th_pre_req"": ""480"", ""buy_7th_pre_req_pre"": ""0"", ""buy_8th_pre_bid"": ""-25250"", ""buy_8th_pre_req"": ""821"", ""buy_8th_pre_req_pre"": ""0"", ""buy_9th_pre_bid"": ""-25200"", ""buy_9th_pre_req"": ""807"", ""buy_9th_pre_req_pre"": ""0"", ""buy_10th_pre_bid"": ""-25150"", ""buy_10th_pre_req"": ""1575"", ""buy_10th_pre_req_pre"": ""0"", ""tot_sel_req_jub_pre"": ""+1"", ""tot_sel_req"": ""5125"", ""tot_buy_req"": ""7282"", ""tot_buy_req_jub_pre"": ""0"", ""ovt_sel_req_pre"": ""0"", ""ovt_sel_req"": ""0"", ""ovt_buy_req"": ""0"", ""ovt_buy_req_pre"": ""0"", ""return_code"": 0, ""return_msg"": ""정상적으로 처리되었습니다""}"
2026-06-10,watchlist,081660,,0,filtered_candidate_recheck,40550,,40550,40400,40550,40500,-0.2466091245376079,0.36991368680641185,,,,,,"{""bid_req_base_tm"": ""113843"", ""sel_10th_pre_req_pre"": ""0"", ""sel_10th_pre_req"": ""3"", ""sel_10th_pre_bid"": ""+41050"", ""sel_9th_pre_req_pre"": ""0"", ""sel_9th_pre_req"": ""362"", ""sel_9th_pre_bid"": ""+41000"", ""sel_8th_pre_req_pre"": ""0"", ""sel_8th_pre_req"": ""303"", ""sel_8th_pre_bid"": ""+40950"", ""sel_7th_pre_req_pre"": ""0"", ""sel_7th_pre_req"": ""166"", ""sel_7th_pre_bid"": ""+40900"", ""sel_6th_pre_req_pre"": ""0"", ""sel_6th_pre_req"": ""336"", ""sel_6th_pre_bid"": ""+40800"", ""sel_5th_pre_req_pre"": ""0"", ""sel_5th_pre_req"": ""273"", ""sel_5th_pre_bid"": ""+40750"", ""sel_4th_pre_req_pre"": ""0"", ""sel_4th_pre_req"": ""159"", ""sel_4th_pre_bid"": ""+40700"", ""sel_3th_pre_req_pre"": ""0"", ""sel_3th_pre_req"": ""190"", ""sel_3th_pre_bid"": ""+40650"", ""sel_2th_pre_req_pre"": ""0"", ""sel_2th_pre_req"": ""113"", ""sel_2th_pre_bid"": ""+40600"", ""sel_1th_pre_req_pre"": ""0"", ""sel_fpr_req"": ""226"", ""sel_fpr_bid"": ""+40550"", ""buy_fpr_bid"": ""+40400"", ""buy_fpr_req"": ""401"", ""buy_1th_pre_req_pre"": ""+10"", ""buy_2th_pre_bid"": ""+40350"", ""buy_2th_pre_req"": ""2"", ""buy_2th_pre_req_pre"": ""0"", ""buy_3th_pre_bid"": ""+40250"", ""buy_3th_pre_req"": ""51"", ""buy_3th_pre_req_pre"": ""0"", ""buy_4th_pre_bid"": ""+40200"", ""buy_4th_pre_req"": ""10"", ""buy_4th_pre_req_pre"": ""0"", ""buy_5th_pre_bid"": ""+40150"", ""buy_5th_pre_req"": ""183"", ""buy_5th_pre_req_pre"": ""0"", ""buy_6th_pre_bid"": ""+40100"", ""buy_6th_pre_req"": ""200"", ""buy_6th_pre_req_pre"": ""0"", ""buy_7th_pre_bid"": ""+40050"", ""buy_7th_pre_req"": ""515"", ""buy_7th_pre_req_pre"": ""0"", ""buy_8th_pre_bid"": ""+40000"", ""buy_8th_pre_req"": ""509"", ""buy_8th_pre_req_pre"": ""0"", ""buy_9th_pre_bid"": ""+39950"", ""buy_9th_pre_req"": ""500"", ""buy_9th_pre_req_pre"": ""0"", ""buy_10th_pre_bid"": ""+39900"", ""buy_10th_pre_req"": ""7"", ""buy_10th_pre_req_pre"": ""0"", ""tot_sel_req_jub_pre"": ""0"", ""tot_sel_req"": ""2131"", ""tot_buy_req"": ""2378"", ""tot_buy_req_jub_pre"": ""+10"", ""ovt_sel_req_pre"": ""0"", ""ovt_sel_req"": ""0"", ""ovt_buy_req"": ""0"", ""ovt_buy_req_pre"": ""0"", ""return_code"": 0, ""return_msg"": ""정상적으로 처리되었습니다""}"
2026-06-10,watchlist,008770,,0,filtered_candidate_recheck,56100,,56100,56000,56100,55700,-0.8912655971479502,0.17825311942959002,,,,,,"{""bid_req_base_tm"": ""113848"", ""sel_10th_pre_req_pre"": ""0"", ""sel_10th_pre_req"": ""894"", ""sel_10th_pre_bid"": ""+57000"", ""sel_9th_pre_req_pre"": ""0"", ""sel_9th_pre_req"": ""589"", ""sel_9th_pre_bid"": ""+56900"", ""sel_8th_pre_req_pre"": ""0"", ""sel_8th_pre_req"": ""307"", ""sel_8th_pre_bid"": ""+56800"", ""sel_7th_pre_req_pre"": ""--500"", ""sel_7th_pre_req"": ""252"", ""sel_7th_pre_bid"": ""+56700"", ""sel_6th_pre_req_pre"": ""0"", ""sel_6th_pre_req"": ""145"", ""sel_6th_pre_bid"": ""+56600"", ""sel_5th_pre_req_pre"": ""0"", ""sel_5th_pre_req"": ""1057"", ""sel_5th_pre_bid"": ""+56500"", ""sel_4th_pre_req_pre"": ""+500"", ""sel_4th_pre_req"": ""793"", ""sel_4th_pre_bid"": ""+56400"", ""sel_3th_pre_req_pre"": ""0"", ""sel_3th_pre_req"": ""253"", ""sel_3th_pre_bid"": ""+56300"", ""sel_2th_pre_req_pre"": ""0"", ""sel_2th_pre_req"": ""13"", ""sel_2th_pre_bid"": ""+56200"", ""sel_1th_pre_req_pre"": ""0"", ""sel_fpr_req"": ""653"", ""sel_fpr_bid"": ""+56100"", ""buy_fpr_bid"": ""+56000"", ""buy_fpr_req"": ""245"", ""buy_1th_pre_req_pre"": ""0"", ""buy_2th_pre_bid"": ""+55900"", ""buy_2th_pre_req"": ""311"", ""buy_2th_pre_req_pre"": ""0"", ""buy_3th_pre_bid"": ""+55800"", ""buy_3th_pre_req"": ""65"", ""buy_3th_pre_req_pre"": ""0"", ""buy_4th_pre_bid"": ""+55700"", ""buy_4th_pre_req"": ""111"", ""buy_4th_pre_req_pre"": ""0"", ""buy_5th_pre_bid"": ""+55600"", ""buy_5th_pre_req"": ""89"", ""buy_5th_pre_req_pre"": ""0"", ""buy_6th_pre_bid"": ""+55500"", ""buy_6th_pre_req"": ""134"", ""buy_6th_pre_req_pre"": ""0"", ""buy_7th_pre_bid"": ""+55400"", ""buy_7th_pre_req"": ""52"", ""buy_7th_pre_req_pre"": ""0"", ""buy_8th_pre_bid"": ""+55300"", ""buy_8th_pre_req"": ""363"", ""buy_8th_pre_req_pre"": ""0"", ""buy_9th_pre_bid"": ""55200"", ""buy_9th_pre_req"": ""47"", ""buy_9th_pre_req_pre"": ""0"", ""buy_10th_pre_bid"": ""-55100"", ""buy_10th_pre_req"": ""265"", ""buy_10th_pre_req_pre"": ""0"", ""tot_sel_req_jub_pre"": ""0"", ""tot_sel_req"": ""4956"", ""tot_buy_req"": ""1682"", ""tot_buy_req_jub_pre"": ""0"", ""ovt_sel_req_pre"": ""0"", ""ovt_sel_req"": ""0"", ""ovt_buy_req"": ""0"", ""ovt_buy_req_pre"": ""0"", ""return_code"": 0, ""return_msg"": ""정상적으로 처리되었습니다""}"
2026-06-10,watchlist,012330,,0,filtered_candidate_recheck,573000,,573000,572000,573000,576000,0.34904013961605584,0.17452006980802792,,,,,,"{""bid_req_base_tm"": ""113849"", ""sel_10th_pre_req_pre"": ""0"", ""sel_10th_pre_req"": ""169"", ""sel_10th_pre_bid"": ""-582000"", ""sel_9th_pre_req_pre"": ""0"", ""sel_9th_pre_req"": ""145"", ""sel_9th_pre_bid"": ""-581000"", ""sel_8th_pre_req_pre"": ""0"", ""sel_8th_pre_req"": ""754"", ""sel_8th_pre_bid"": ""-580000"", ""sel_7th_pre_req_pre"": ""0"", ""sel_7th_pre_req"": ""276"", ""sel_7th_pre_bid"": ""-579000"", ""sel_6th_pre_req_pre"": ""0"", ""sel_6th_pre_req"": ""31"", ""sel_6th_pre_bid"": ""-578000"", ""sel_5th_pre_req_pre"": ""0"", ""sel_5th_pre_req"": ""236"", ""sel_5th_pre_bid"": ""-577000"", ""sel_4th_pre_req_pre"": ""0"", ""sel_4th_pre_req"": ""37"", ""sel_4th_pre_bid"": ""-576000"", ""sel_3th_pre_req_pre"": ""0"", ""sel_3th_pre_req"": ""205"", ""sel_3th_pre_bid"": ""-575000"", ""sel_2th_pre_req_pre"": ""0"", ""sel_2th_pre_req"": ""26"", ""sel_2th_pre_bid"": ""-574000"", ""sel_1th_pre_req_pre"": ""0"", ""sel_fpr_req"": ""80"", ""sel_fpr_bid"": ""-573000"", ""buy_fpr_bid"": ""-572000"", ""buy_fpr_req"": ""789"", ""buy_1th_pre_req_pre"": ""--1"", ""buy_2th_pre_bid"": ""-571000"", ""buy_2th_pre_req"": ""325"", ""buy_2th_pre_req_pre"": ""0"", ""buy_3th_pre_bid"": ""-570000"", ""buy_3th_pre_req"": ""1015"", ""buy_3th_pre_req_pre"": ""0"", ""buy_4th_pre_bid"": ""-569000"", ""buy_4th_pre_req"": ""2508"", ""buy_4th_pre_req_pre"": ""0"", ""buy_5th_pre_bid"": ""-568000"", ""buy_5th_pre_req"": ""1347"", ""buy_5th_pre_req_pre"": ""0"", ""buy_6th_pre_bid"": ""-567000"", ""buy_6th_pre_req"": ""976"", ""buy_6th_pre_req_pre"": ""0"", ""buy_7th_pre_bid"": ""-566000"", ""buy_7th_pre_req"": ""1552"", ""buy_7th_pre_req_pre"": ""0"", ""buy_8th_pre_bid"": ""-565000"", ""buy_8th_pre_req"": ""2183"", ""buy_8th_pre_req_pre"": ""0"", ""buy_9th_pre_bid"": ""-564000"", ""buy_9th_pre_req"": ""770"", ""buy_9th_pre_req_pre"": ""0"", ""buy_10th_pre_bid"": ""-563000"", ""buy_10th_pre_req"": ""2170"", ""buy_10th_pre_req_pre"": ""0"", ""tot_sel_req_jub_pre"": ""0"", ""tot_sel_req"": ""1959"", ""tot_buy_req"": ""13635"", ""tot_buy_req_jub_pre"": ""--1"", ""ovt_sel_req_pre"": ""0"", ""ovt_sel_req"": ""0"", ""ovt_buy_req"": ""0"", ""ovt_buy_req_pre"": ""0"", ""return_code"": 0, ""return_msg"": ""정상적으로 처리되었습니다""}"
2026-06-10,watchlist,009155,,0,filtered_candidate_recheck,597000,,597000,596000,597000,599000,0.16750418760469013,0.16750418760469013,,,,,,"{""bid_req_base_tm"": ""113848"", ""sel_10th_pre_req_pre"": ""0"", ""sel_10th_pre_req"": ""5"", ""sel_10th_pre_bid"": ""-607000"", ""sel_9th_pre_req_pre"": ""0"", ""sel_9th_pre_req"": ""44"", ""sel_9th_pre_bid"": ""-605000"", ""sel_8th_pre_req_pre"": ""0"", ""sel_8th_pre_req"": ""4"", ""sel_8th_pre_bid"": ""-604000"", ""sel_7th_pre_req_pre"": ""0"", ""sel_7th_pre_req"": ""2"", ""sel_7th_pre_bid"": ""-603000"", ""sel_6th_pre_req_pre"": ""0"", ""sel_6th_pre_req"": ""28"", ""sel_6th_pre_bid"": ""-602000"", ""sel_5th_pre_req_pre"": ""0"", ""sel_5th_pre_req"": ""1"", ""sel_5th_pre_bid"": ""-601000"", ""sel_4th_pre_req_pre"": ""0"", ""sel_4th_pre_req"": ""9"", ""sel_4th_pre_bid"": ""-600000"", ""sel_3th_pre_req_pre"": ""0"", ""sel_3th_pre_req"": ""51"", ""sel_3th_pre_bid"": ""-599000"", ""sel_2th_pre_req_pre"": ""0"", ""sel_2th_pre_req"": ""6"", ""sel_2th_pre_bid"": ""-598000"", ""sel_1th_pre_req_pre"": ""0"", ""sel_fpr_req"": ""30"", ""sel_fpr_bid"": ""-597000"", ""buy_fpr_bid"": ""-596000"", ""buy_fpr_req"": ""12"", ""buy_1th_pre_req_pre"": ""+1"", ""buy_2th_pre_bid"": ""-595000"", ""buy_2th_pre_req"": ""33"", ""buy_2th_pre_req_pre"": ""0"", ""buy_3th_pre_bid"": ""-594000"", ""buy_3th_pre_req"": ""21"", ""buy_3th_pre_req_pre"": ""0"", ""buy_4th_pre_bid"": ""-593000"", ""buy_4th_pre_req"": ""86"", ""buy_4th_pre_req_pre"": ""0"", ""buy_5th_pre_bid"": ""-592000"", ""buy_5th_pre_req"": ""127"", ""buy_5th_pre_req_pre"": ""0"", ""buy_6th_pre_bid"": ""-591000"", ""buy_6th_pre_req"": ""285"", ""buy_6th_pre_req_pre"": ""0"", ""buy_7th_pre_bid"": ""-590000"", ""buy_7th_pre_req"": ""553"", ""buy_7th_pre_req_pre"": ""0"", ""buy_8th_pre_bid"": ""-589000"", ""buy_8th_pre_req"": ""82"", ""buy_8th_pre_req_pre"": ""0"", ""buy_9th_pre_bid"": ""-588000"", ""buy_9th_pre_req"": ""111"", ""buy_9th_pre_req_pre"": ""0"", ""buy_10th_pre_bid"": ""-587000"", ""buy_10th_pre_req"": ""51"", ""buy_10th_pre_req_pre"": ""0"", ""tot_sel_req_jub_pre"": ""0"", ""tot_sel_req"": ""180"", ""tot_buy_req"": ""1361"", ""tot_buy_req_jub_pre"": ""+1"", ""ovt_sel_req_pre"": ""0"", ""ovt_sel_req"": ""0"", ""ovt_buy_req"": ""0"", ""ovt_buy_req_pre"": ""0"", ""return_code"": 0, ""return_msg"": ""정상적으로 처리되었습니다""}"
2026-06-10,watchlist,181710,,1,filtered_candidate_recheck,40550,,40550,40500,40550,40800,0.4932182490752158,0.12330456226880394,,,,,,"{""bid_req_base_tm"": ""113847"", ""sel_10th_pre_req_pre"": ""0"", ""sel_10th_pre_req"": ""10"", ""sel_10th_pre_bid"": ""-41200"", ""sel_9th_pre_req_pre"": ""0"", ""sel_9th_pre_req"": ""13"", ""sel_9th_pre_bid"": ""-41150"", ""sel_8th_pre_req_pre"": ""0"", ""sel_8th_pre_req"": ""10"", ""sel_8th_pre_bid"": ""-41100"", ""sel_7th_pre_req_pre"": ""0"", ""sel_7th_pre_req"": ""10"", ""sel_7th_pre_bid"": ""-41050"", ""sel_6th_pre_req_pre"": ""0"", ""sel_6th_pre_req"": ""289"", ""sel_6th_pre_bid"": ""-41000"", ""sel_5th_pre_req_pre"": ""0"", ""sel_5th_pre_req"": ""50"", ""sel_5th_pre_bid"": ""-40950"", ""sel_4th_pre_req_pre"": ""0"", ""sel_4th_pre_req"": ""8"", ""sel_4th_pre_bid"": ""-40900"", ""sel_3th_pre_req_pre"": ""0"", ""sel_3th_pre_req"": ""24"", ""sel_3th_pre_bid"": ""-40750"", ""sel_2th_pre_req_pre"": ""+5"", ""sel_2th_pre_req"": ""11"", ""sel_2th_pre_bid"": ""-40600"", ""sel_1th_pre_req_pre"": ""0"", ""sel_fpr_req"": ""40"", ""sel_fpr_bid"": ""-40550"", ""buy_fpr_bid"": ""-40500"", ""buy_fpr_req"": ""52"", ""buy_1th_pre_req_pre"": ""0"", ""buy_2th_pre_bid"": ""-40450"", ""buy_2th_pre_req"": ""29"", ""buy_2th_pre_req_pre"": ""0"", ""buy_3th_pre_bid"": ""-40400"", ""buy_3th_pre_req"": ""524"", ""buy_3th_pre_req_pre"": ""0"", ""buy_4th_pre_bid"": ""-40350"", ""buy_4th_pre_req"": ""124"", ""buy_4th_pre_req_pre"": ""0"", ""buy_5th_pre_bid"": ""-40300"", ""buy_5th_pre_req"": ""31"", ""buy_5th_pre_req_pre"": ""0"", ""buy_6th_pre_bid"": ""-40250"", ""buy_6th_pre_req"": ""106"", ""buy_6th_pre_req_pre"": ""0"", ""buy_7th_pre_bid"": ""-40200"", ""buy_7th_pre_req"": ""187"", ""buy_7th_pre_req_pre"": ""0"", ""buy_8th_pre_bid"": ""-40150"", ""buy_8th_pre_req"": ""1212"", ""buy_8th_pre_req_pre"": ""0"", ""buy_9th_pre_bid"": ""-40100"", ""buy_9th_pre_req"": ""423"", ""buy_9th_pre_req_pre"": ""0"", ""buy_10th_pre_bid"": ""-40050"", ""buy_10th_pre_req"": ""133"", ""buy_10th_pre_req_pre"": ""0"", ""tot_sel_req_jub_pre"": ""+5"", ""tot_sel_req"": ""465"", ""tot_buy_req"": ""2821"", ""tot_buy_req_jub_pre"": ""0"", ""ovt_sel_req_pre"": ""0"", ""ovt_sel_req"": ""0"", ""ovt_buy_req"": ""0"", ""ovt_buy_req_pre"": ""0"", ""return_code"": 0, ""return_msg"": ""정상적으로 처리되었습니다""}"
2026-06-10,watchlist,085620,,0,filtered_candidate_recheck,22550,,22550,22500,22550,22600,0.0,0.22172949002217296,,,,,,"{""bid_req_base_tm"": ""113849"", ""sel_10th_pre_req_pre"": ""0"", ""sel_10th_pre_req"": ""2320"", ""sel_10th_pre_bid"": ""-23000"", ""sel_9th_pre_req_pre"": ""0"", ""sel_9th_pre_req"": ""1418"", ""sel_9th_pre_bid"": ""-22950"", ""sel_8th_pre_req_pre"": ""0"", ""sel_8th_pre_req"": ""884"", ""sel_8th_pre_bid"": ""-22900"", ""sel_7th_pre_req_pre"": ""0"", ""sel_7th_pre_req"": ""469"", ""sel_7th_pre_bid"": ""-22850"", ""sel_6th_pre_req_pre"": ""0"", ""sel_6th_pre_req"": ""161"", ""sel_6th_pre_bid"": ""-22800"", ""sel_5th_pre_req_pre"": ""0"", ""sel_5th_pre_req"": ""1245"", ""sel_5th_pre_bid"": ""-22750"", ""sel_4th_pre_req_pre"": ""0"", ""sel_4th_pre_req"": ""146"", ""sel_4th_pre_bid"": ""-22700"", ""sel_3th_pre_req_pre"": ""0"", ""sel_3th_pre_req"": ""70"", ""sel_3th_pre_bid"": ""-22650"", ""sel_2th_pre_req_pre"": ""0"", ""sel_2th_pre_req"": ""70"", ""sel_2th_pre_bid"": ""-22600"", ""sel_1th_pre_req_pre"": ""0"", ""sel_fpr_req"": ""150"", ""sel_fpr_bid"": ""-22550"", ""buy_fpr_bid"": ""-22500"", ""buy_fpr_req"": ""681"", ""buy_1th_pre_req_pre"": ""0"", ""buy_2th_pre_bid"": ""-22450"", ""buy_2th_pre_req"": ""1054"", ""buy_2th_pre_req_pre"": ""0"", ""buy_3th_pre_bid"": ""-22400"", ""buy_3th_pre_req"": ""1590"", ""buy_3th_pre_req_pre"": ""0"", ""buy_4th_pre_bid"": ""-22350"", ""buy_4th_pre_req"": ""1004"", ""buy_4th_pre_req_pre"": ""0"", ""buy_5th_pre_bid"": ""-22300"", ""buy_5th_pre_req"": ""1394"", ""buy_5th_pre_req_pre"": ""0"", ""buy_6th_pre_bid"": ""-22250"", ""buy_6th_pre_req"": ""1847"", ""buy_6th_pre_req_pre"": ""0"", ""buy_7th_pre_bid"": ""-22200"", ""buy_7th_pre_req"": ""1969"", ""buy_7th_pre_req_pre"": ""0"", ""buy_8th_pre_bid"": ""-22150"", ""buy_8th_pre_req"": ""624"", ""buy_8th_pre_req_pre"": ""0"", ""buy_9th_pre_bid"": ""-22100"", ""buy_9th_pre_req"": ""1745"", ""buy_9th_pre_req_pre"": ""0"", ""buy_10th_pre_bid"": ""-22050"", ""buy_10th_pre_req"": ""2267"", ""buy_10th_pre_req_pre"": ""0"", ""tot_sel_req_jub_pre"": ""0"", ""tot_sel_req"": ""6933"", ""tot_buy_req"": ""14175"", ""tot_buy_req_jub_pre"": ""0"", ""ovt_sel_req_pre"": ""0"", ""ovt_sel_req"": ""0"", ""ovt_buy_req"": ""0"", ""ovt_buy_req_pre"": ""0"", ""return_code"": 0, ""return_msg"": ""정상적으로 처리되었습니다""}"
2026-06-10,watchlist,062040,,0,filtered_candidate_recheck,221500,,221500,221000,221500,223000,0.4514672686230248,0.2257336343115124,,,,,,"{""bid_req_base_tm"": ""113850"", ""sel_10th_pre_req_pre"": ""0"", ""sel_10th_pre_req"": ""12"", ""sel_10th_pre_bid"": ""+226000"", ""sel_9th_pre_req_pre"": ""0"", ""sel_9th_pre_req"": ""169"", ""sel_9th_pre_bid"": ""+225500"", ""sel_8th_pre_req_pre"": ""0"", ""sel_8th_pre_req"": ""90"", ""sel_8th_pre_bid"": ""225000"", ""sel_7th_pre_req_pre"": ""0"", ""sel_7th_pre_req"": ""56"", ""sel_7th_pre_bid"": ""-224500"", ""sel_6th_pre_req_pre"": ""0"", ""sel_6th_pre_req"": ""12"", ""sel_6th_pre_bid"": ""-224000"", ""sel_5th_pre_req_pre"": ""0"", ""sel_5th_pre_req"": ""3"", ""sel_5th_pre_bid"": ""-223500"", ""sel_4th_pre_req_pre"": ""0"", ""sel_4th_pre_req"": ""128"", ""sel_4th_pre_bid"": ""-223000"", ""sel_3th_pre_req_pre"": ""0"", ""sel_3th_pre_req"": ""53"", ""sel_3th_pre_bid"": ""-222500"", ""sel_2th_pre_req_pre"": ""0"", ""sel_2th_pre_req"": ""280"", ""sel_2th_pre_bid"": ""-222000"", ""sel_1th_pre_req_pre"": ""0"", ""sel_fpr_req"": ""346"", ""sel_fpr_bid"": ""-221500"", ""buy_fpr_bid"": ""-221000"", ""buy_fpr_req"": ""173"", ""buy_1th_pre_req_pre"": ""--7"", ""buy_2th_pre_bid"": ""-220000"", ""buy_2th_pre_req"": ""1567"", ""buy_2th_pre_req_pre"": ""0"", ""buy_3th_pre_bid"": ""-219500"", ""buy_3th_pre_req"": ""127"", ""buy_3th_pre_req_pre"": ""0"", ""buy_4th_pre_bid"": ""-219000"", ""buy_4th_pre_req"": ""520"", ""buy_4th_pre_req_pre"": ""0"", ""buy_5th_pre_bid"": ""-218500"", ""buy_5th_pre_req"": ""329"", ""buy_5th_pre_req_pre"": ""0"", ""buy_6th_pre_bid"": ""-218000"", ""buy_6th_pre_req"": ""563"", ""buy_6th_pre_req_pre"": ""0"", ""buy_7th_pre_bid"": ""-217500"", ""buy_7th_pre_req"": ""225"", ""buy_7th_pre_req_pre"": ""0"", ""buy_8th_pre_bid"": ""-217000"", ""buy_8th_pre_req"": ""521"", ""buy_8th_pre_req_pre"": ""0"", ""buy_9th_pre_bid"": ""-216500"", ""buy_9th_pre_req"": ""288"", ""buy_9th_pre_req_pre"": ""0"", ""buy_10th_pre_bid"": ""-216000"", ""buy_10th_pre_req"": ""3165"", ""buy_10th_pre_req_pre"": ""0"", ""tot_sel_req_jub_pre"": ""0"", ""tot_sel_req"": ""1149"", ""tot_buy_req"": ""7478"", ""tot_buy_req_jub_pre"": ""--7"", ""ovt_sel_req_pre"": ""0"", ""ovt_sel_req"": ""0"", ""ovt_buy_req"": ""0"", ""ovt_buy_req_pre"": ""0"", ""return_code"": 0, ""return_msg"": ""정상적으로 처리되었습니다""}"
2026-06-10,watchlist,036460,,0,filtered_candidate_recheck,34600,,34600,34550,34600,34550,-0.2890173410404624,0.1445086705202312,,,,,,"{""bid_req_base_tm"": ""113845"", ""sel_10th_pre_req_pre"": ""0"", ""sel_10th_pre_req"": ""16"", ""sel_10th_pre_bid"": ""+35050"", ""sel_9th_pre_req_pre"": ""0"", ""sel_9th_pre_req"": ""4283"", ""sel_9th_pre_bid"": ""+35000"", ""sel_8th_pre_req_pre"": ""0"", ""sel_8th_pre_req"": ""80"", ""sel_8th_pre_bid"": ""+34950"", ""sel_7th_pre_req_pre"": ""0"", ""sel_7th_pre_req"": ""619"", ""sel_7th_pre_bid"": ""+34900"", ""sel_6th_pre_req_pre"": ""0"", ""sel_6th_pre_req"": ""534"", ""sel_6th_pre_bid"": ""+34850"", ""sel_5th_pre_req_pre"": ""0"", ""sel_5th_pre_req"": ""420"", ""sel_5th_pre_bid"": ""+34800"", ""sel_4th_pre_req_pre"": ""0"", ""sel_4th_pre_req"": ""578"", ""sel_4th_pre_bid"": ""+34750"", ""sel_3th_pre_req_pre"": ""0"", ""sel_3th_pre_req"": ""832"", ""sel_3th_pre_bid"": ""+34700"", ""sel_2th_pre_req_pre"": ""+1000"", ""sel_2th_pre_req"": ""1351"", ""sel_2th_pre_bid"": ""+34650"", ""sel_1th_pre_req_pre"": ""0"", ""sel_fpr_req"": ""545"", ""sel_fpr_bid"": ""+34600"", ""buy_fpr_bid"": ""+34550"", ""buy_fpr_req"": ""147"", ""buy_1th_pre_req_pre"": ""0"", ""buy_2th_pre_bid"": ""+34500"", ""buy_2th_pre_req"": ""128"", ""buy_2th_pre_req_pre"": ""0"", ""buy_3th_pre_bid"": ""+34450"", ""buy_3th_pre_req"": ""320"", ""buy_3th_pre_req_pre"": ""0"", ""buy_4th_pre_bid"": ""+34400"", ""buy_4th_pre_req"": ""510"", ""buy_4th_pre_req_pre"": ""0"", ""buy_5th_pre_bid"": ""+34350"", ""buy_5th_pre_req"": ""129"", ""buy_5th_pre_req_pre"": ""0"", ""buy_6th_pre_bid"": ""+34300"", ""buy_6th_pre_req"": ""1847"", ""buy_6th_pre_req_pre"": ""0"", ""buy_7th_pre_bid"": ""+34250"", ""buy_7th_pre_req"": ""593"", ""buy_7th_pre_req_pre"": ""0"", ""buy_8th_pre_bid"": ""+34200"", ""buy_8th_pre_req"": ""761"", ""buy_8th_pre_req_pre"": ""0"", ""buy_9th_pre_bid"": ""+34150"", ""buy_9th_pre_req"": ""594"", ""buy_9th_pre_req_pre"": ""0"", ""buy_10th_pre_bid"": ""+34100"", ""buy_10th_pre_req"": ""700"", ""buy_10th_pre_req_pre"": ""0"", ""tot_sel_req_jub_pre"": ""+1000"", ""tot_sel_req"": ""9258"", ""tot_buy_req"": ""5729"", ""tot_buy_req_jub_pre"": ""0"", ""ovt_sel_req_pre"": ""0"", ""ovt_sel_req"": ""0"", ""ovt_buy_req"": ""0"", ""ovt_buy_req_pre"": ""0"", ""return_code"": 0, ""return_msg"": ""정상적으로 처리되었습니다""}"
2026-06-10,watchlist,066575,,0,filtered_candidate_recheck,78200,,78200,78000,78200,78100,-0.2557544757033248,0.2557544757033248,,,,,,"{""bid_req_base_tm"": ""113849"", ""sel_10th_pre_req_pre"": ""0"", ""sel_10th_pre_req"": ""60"", ""sel_10th_pre_bid"": ""-79100"", ""sel_9th_pre_req_pre"": ""0"", ""sel_9th_pre_req"": ""113"", ""sel_9th_pre_bid"": ""-79000"", ""sel_8th_pre_req_pre"": ""0"", ""sel_8th_pre_req"": ""39"", ""sel_8th_pre_bid"": ""-78900"", ""sel_7th_pre_req_pre"": ""0"", ""sel_7th_pre_req"": ""206"", ""sel_7th_pre_bid"": ""-78800"", ""sel_6th_pre_req_pre"": ""0"", ""sel_6th_pre_req"": ""15"", ""sel_6th_pre_bid"": ""-78700"", ""sel_5th_pre_req_pre"": ""0"", ""sel_5th_pre_req"": ""1"", ""sel_5th_pre_bid"": ""-78600"", ""sel_4th_pre_req_pre"": ""0"", ""sel_4th_pre_req"": ""5088"", ""sel_4th_pre_bid"": ""-78500"", ""sel_3th_pre_req_pre"": ""0"", ""sel_3th_pre_req"": ""97"", ""sel_3th_pre_bid"": ""-78400"", ""sel_2th_pre_req_pre"": ""0"", ""sel_2th_pre_req"": ""275"", ""sel_2th_pre_bid"": ""-78300"", ""sel_1th_pre_req_pre"": ""0"", ""sel_fpr_req"": ""3"", ""sel_fpr_bid"": ""-78200"", ""buy_fpr_bid"": ""-78000"", ""buy_fpr_req"": ""46"", ""buy_1th_pre_req_pre"": ""+1"", ""buy_2th_pre_bid"": ""-77900"", ""buy_2th_pre_req"": ""1073"", ""buy_2th_pre_req_pre"": ""0"", ""buy_3th_pre_bid"": ""-77800"", ""buy_3th_pre_req"": ""1203"", ""buy_3th_pre_req_pre"": ""0"", ""buy_4th_pre_bid"": ""-77700"", ""buy_4th_pre_req"": ""698"", ""buy_4th_pre_req_pre"": ""0"", ""buy_5th_pre_bid"": ""-77600"", ""buy_5th_pre_req"": ""355"", ""buy_5th_pre_req_pre"": ""0"", ""buy_6th_pre_bid"": ""-77500"", ""buy_6th_pre_req"": ""1256"", ""buy_6th_pre_req_pre"": ""0"", ""buy_7th_pre_bid"": ""-77400"", ""buy_7th_pre_req"": ""839"", ""buy_7th_pre_req_pre"": ""0"", ""buy_8th_pre_bid"": ""-77300"", ""buy_8th_pre_req"": ""165"", ""buy_8th_pre_req_pre"": ""0"", ""buy_9th_pre_bid"": ""-77200"", ""buy_9th_pre_req"": ""456"", ""buy_9th_pre_req_pre"": ""0"", ""buy_10th_pre_bid"": ""-77100"", ""buy_10th_pre_req"": ""214"", ""buy_10th_pre_req_pre"": ""0"", ""tot_sel_req_jub_pre"": ""0"", ""tot_sel_req"": ""5897"", ""tot_buy_req"": ""6305"", ""tot_buy_req_jub_pre"": ""+1"", ""ovt_sel_req_pre"": ""0"", ""ovt_sel_req"": ""0"", ""ovt_buy_req"": ""0"", ""ovt_buy_req_pre"": ""0"", ""return_code"": 0, ""return_msg"": ""정상적으로 처리되었습니다""}"
2026-06-10,watchlist,000810,,0,filtered_candidate_recheck,623000,,623000,622000,623000,623000,-0.16051364365971107,0.16051364365971107,,,,,,"{""bid_req_base_tm"": ""113850"", ""sel_10th_pre_req_pre"": ""0"", ""sel_10th_pre_req"": ""3"", ""sel_10th_pre_bid"": ""-632000"", ""sel_9th_pre_req_pre"": ""0"", ""sel_9th_pre_req"": ""58"", ""sel_9th_pre_bid"": ""-631000"", ""sel_8th_pre_req_pre"": ""0"", ""sel_8th_pre_req"": ""47"", ""sel_8th_pre_bid"": ""-630000"", ""sel_7th_pre_req_pre"": ""0"", ""sel_7th_pre_req"": ""15"", ""sel_7th_pre_bid"": ""-629000"", ""sel_6th_pre_req_pre"": ""0"", ""sel_6th_pre_req"": ""7"", ""sel_6th_pre_bid"": ""-628000"", ""sel_5th_pre_req_pre"": ""0"", ""sel_5th_pre_req"": ""27"", ""sel_5th_pre_bid"": ""-627000"", ""sel_4th_pre_req_pre"": ""0"", ""sel_4th_pre_req"": ""24"", ""sel_4th_pre_bid"": ""-626000"", ""sel_3th_pre_req_pre"": ""0"", ""sel_3th_pre_req"": ""106"", ""sel_3th_pre_bid"": ""-625000"", ""sel_2th_pre_req_pre"": ""0"", ""sel_2th_pre_req"": ""118"", ""sel_2th_pre_bid"": ""-624000"", ""sel_1th_pre_req_pre"": ""+6"", ""sel_fpr_req"": ""367"", ""sel_fpr_bid"": ""-623000"", ""buy_fpr_bid"": ""-622000"", ""buy_fpr_req"": ""253"", ""buy_1th_pre_req_pre"": ""+13"", ""buy_2th_pre_bid"": ""-621000"", ""buy_2th_pre_req"": ""30"", ""buy_2th_pre_req_pre"": ""0"", ""buy_3th_pre_bid"": ""-620000"", ""buy_3th_pre_req"": ""80"", ""buy_3th_pre_req_pre"": ""0"", ""buy_4th_pre_bid"": ""-619000"", ""buy_4th_pre_req"": ""28"", ""buy_4th_pre_req_pre"": ""0"", ""buy_5th_pre_bid"": ""-618000"", ""buy_5th_pre_req"": ""14"", ""buy_5th_pre_req_pre"": ""0"", ""buy_6th_pre_bid"": ""-617000"", ""buy_6th_pre_req"": ""36"", ""buy_6th_pre_req_pre"": ""0"", ""buy_7th_pre_bid"": ""-616000"", ""buy_7th_pre_req"": ""190"", ""buy_7th_pre_req_pre"": ""0"", ""buy_8th_pre_bid"": ""-615000"", ""buy_8th_pre_req"": ""21"", ""buy_8th_pre_req_pre"": ""0"", ""buy_9th_pre_bid"": ""-614000"", ""buy_9th_pre_req"": ""134"", ""buy_9th_pre_req_pre"": ""0"", ""buy_10th_pre_bid"": ""-613000"", ""buy_10th_pre_req"": ""44"", ""buy_10th_pre_req_pre"": ""0"", ""tot_sel_req_jub_pre"": ""+6"", ""tot_sel_req"": ""772"", ""tot_buy_req"": ""830"", ""tot_buy_req_jub_pre"": ""+13"", ""ovt_sel_req_pre"": ""0"", ""ovt_sel_req"": ""0"", ""ovt_buy_req"": ""0"", ""ovt_buy_req_pre"": ""0"", ""return_code"": 0, ""return_msg"": ""정상적으로 처리되었습니다""}"
2026-06-10,watchlist,005930,,0,filtered_candidate_recheck,305000,,305000,304500,305000,305500,0.0,0.16393442622950818,,,,,,"{""bid_req_base_tm"": ""113851"", ""sel_10th_pre_req_pre"": ""0"", ""sel_10th_pre_req"": ""21073"", ""sel_10th_pre_bid"": ""-309500"", ""sel_9th_pre_req_pre"": ""0"", ""sel_9th_pre_req"": ""15907"", ""sel_9th_pre_bid"": ""-309000"", ""sel_8th_pre_req_pre"": ""0"", ""sel_8th_pre_req"": ""26486"", ""sel_8th_pre_bid"": ""-308500"", ""sel_7th_pre_req_pre"": ""0"", ""sel_7th_pre_req"": ""29409"", ""sel_7th_pre_bid"": ""-308000"", ""sel_6th_pre_req_pre"": ""0"", ""sel_6th_pre_req"": ""19565"", ""sel_6th_pre_bid"": ""-307500"", ""sel_5th_pre_req_pre"": ""0"", ""sel_5th_pre_req"": ""11883"", ""sel_5th_pre_bid"": ""-307000"", ""sel_4th_pre_req_pre"": ""0"", ""sel_4th_pre_req"": ""12887"", ""sel_4th_pre_bid"": ""-306500"", ""sel_3th_pre_req_pre"": ""0"", ""sel_3th_pre_req"": ""14608"", ""sel_3th_pre_bid"": ""-306000"", ""sel_2th_pre_req_pre"": ""0"", ""sel_2th_pre_req"": ""4506"", ""sel_2th_pre_bid"": ""-305500"", ""sel_1th_pre_req_pre"": ""0"", ""sel_fpr_req"": ""32564"", ""sel_fpr_bid"": ""-305000"", ""buy_fpr_bid"": ""-304500"", ""buy_fpr_req"": ""3554"", ""buy_1th_pre_req_pre"": ""+10"", ""buy_2th_pre_bid"": ""-304000"", ""buy_2th_pre_req"": ""13981"", ""buy_2th_pre_req_pre"": ""+1"", ""buy_3th_pre_bid"": ""-303500"", ""buy_3th_pre_req"": ""26935"", ""buy_3th_pre_req_pre"": ""+1"", ""buy_4th_pre_bid"": ""-303000"", ""buy_4th_pre_req"": ""99129"", ""buy_4th_pre_req_pre"": ""--1"", ""buy_5th_pre_bid"": ""-302500"", ""buy_5th_pre_req"": ""45183"", ""buy_5th_pre_req_pre"": ""0"", ""buy_6th_pre_bid"": ""-302000"", ""buy_6th_pre_req"": ""59972"", ""buy_6th_pre_req_pre"": ""0"", ""buy_7th_pre_bid"": ""-301500"", ""buy_7th_pre_req"": ""47477"", ""buy_7th_pre_req_pre"": ""0"", ""buy_8th_pre_bid"": ""-301000"", ""buy_8th_pre_req"": ""102191"", ""buy_8th_pre_req_pre"": ""0"", ""buy_9th_pre_bid"": ""-300500"", ""buy_9th_pre_req"": ""135970"", ""buy_9th_pre_req_pre"": ""0"", ""buy_10th_pre_bid"": ""-300000"", ""buy_10th_pre_req"": ""327535"", ""buy_10th_pre_req_pre"": ""0"", ""tot_sel_req_jub_pre"": ""0"", ""tot_sel_req"": ""188888"", ""tot_buy_req"": ""861927"", ""tot_buy_req_jub_pre"": ""+11"", ""ovt_sel_req_pre"": ""0"", ""ovt_sel_req"": ""0"", ""ovt_buy_req"": ""0"", ""ovt_buy_req_pre"": ""0"", ""return_code"": 0, ""return_msg"": ""정상적으로 처리되었습니다""}"
2026-06-10,watchlist,000370,,0,filtered_candidate_recheck,6490,,6490,6470,6490,6500,0.0,0.30816640986132515,,,,,,"{""bid_req_base_tm"": ""113850"", ""sel_10th_pre_req_pre"": ""0"", ""sel_10th_pre_req"": ""312"", ""sel_10th_pre_bid"": ""+6590"", ""sel_9th_pre_req_pre"": ""0"", ""sel_9th_pre_req"": ""112"", ""sel_9th_pre_bid"": ""+6580"", ""sel_8th_pre_req_pre"": ""0"", ""sel_8th_pre_req"": ""753"", ""sel_8th_pre_bid"": ""+6570"", ""sel_7th_pre_req_pre"": ""0"", ""sel_7th_pre_req"": ""104"", ""sel_7th_pre_bid"": ""+6560"", ""sel_6th_pre_req_pre"": ""0"", ""sel_6th_pre_req"": ""175"", ""sel_6th_pre_bid"": ""+6550"", ""sel_5th_pre_req_pre"": ""0"", ""sel_5th_pre_req"": ""1027"", ""sel_5th_pre_bid"": ""+6540"", ""sel_4th_pre_req_pre"": ""0"", ""sel_4th_pre_req"": ""46"", ""sel_4th_pre_bid"": ""+6520"", ""sel_3th_pre_req_pre"": ""0"", ""sel_3th_pre_req"": ""787"", ""sel_3th_pre_bid"": ""+6510"", ""sel_2th_pre_req_pre"": ""0"", ""sel_2th_pre_req"": ""1003"", ""sel_2th_pre_bid"": ""+6500"", ""sel_1th_pre_req_pre"": ""--2"", ""sel_fpr_req"": ""817"", ""sel_fpr_bid"": ""+6490"", ""buy_fpr_bid"": ""+6470"", ""buy_fpr_req"": ""794"", ""buy_1th_pre_req_pre"": ""0"", ""buy_2th_pre_bid"": ""+6460"", ""buy_2th_pre_req"": ""645"", ""buy_2th_pre_req_pre"": ""0"", ""buy_3th_pre_bid"": ""6450"", ""buy_3th_pre_req"": ""901"", ""buy_3th_pre_req_pre"": ""0"", ""buy_4th_pre_bid"": ""-6440"", ""buy_4th_pre_req"": ""213"", ""buy_4th_pre_req_pre"": ""0"", ""buy_5th_pre_bid"": ""-6430"", ""buy_5th_pre_req"": ""1620"", ""buy_5th_pre_req_pre"": ""0"", ""buy_6th_pre_bid"": ""-6420"", ""buy_6th_pre_req"": ""250"", ""buy_6th_pre_req_pre"": ""0"", ""buy_7th_pre_bid"": ""-6410"", ""buy_7th_pre_req"": ""1440"", ""buy_7th_pre_req_pre"": ""0"", ""buy_8th_pre_bid"": ""-6400"", ""buy_8th_pre_req"": ""5388"", ""buy_8th_pre_req_pre"": ""0"", ""buy_9th_pre_bid"": ""-6390"", ""buy_9th_pre_req"": ""675"", ""buy_9th_pre_req_pre"": ""0"", ""buy_10th_pre_bid"": ""-6380"", ""buy_10th_pre_req"": ""46"", ""buy_10th_pre_req_pre"": ""0"", ""tot_sel_req_jub_pre"": ""--2"", ""tot_sel_req"": ""5136"", ""tot_buy_req"": ""11972"", ""tot_buy_req_jub_pre"": ""0"", ""ovt_sel_req_pre"": ""0"", ""ovt_sel_req"": ""0"", ""ovt_buy_req"": ""0"", ""ovt_buy_req_pre"": ""0"", ""return_code"": 0, ""return_msg"": ""정상적으로 처리되었습니다""}"
2026-06-10,watchlist,064400,,0,filtered_candidate_recheck,94900,,94900,94800,94900,94900,-0.10537407797681769,0.10537407797681769,,,,,,"{""bid_req_base_tm"": ""113851"", ""sel_10th_pre_req_pre"": ""0"", ""sel_10th_pre_req"": ""978"", ""sel_10th_pre_bid"": ""-95800"", ""sel_9th_pre_req_pre"": ""0"", ""sel_9th_pre_req"": ""101"", ""sel_9th_pre_bid"": ""-95700"", ""sel_8th_pre_req_pre"": ""0"", ""sel_8th_pre_req"": ""1014"", ""sel_8th_pre_bid"": ""-95600"", ""sel_7th_pre_req_pre"": ""0"", ""sel_7th_pre_req"": ""502"", ""sel_7th_pre_bid"": ""-95500"", ""sel_6th_pre_req_pre"": ""0"", ""sel_6th_pre_req"": ""309"", ""sel_6th_pre_bid"": ""-95400"", ""sel_5th_pre_req_pre"": ""0"", ""sel_5th_pre_req"": ""245"", ""sel_5th_pre_bid"": ""-95300"", ""sel_4th_pre_req_pre"": ""0"", ""sel_4th_pre_req"": ""71"", ""sel_4th_pre_bid"": ""-95200"", ""sel_3th_pre_req_pre"": ""0"", ""sel_3th_pre_req"": ""69"", ""sel_3th_pre_bid"": ""-95100"", ""sel_2th_pre_req_pre"": ""0"", ""sel_2th_pre_req"": ""362"", ""sel_2th_pre_bid"": ""-95000"", ""sel_1th_pre_req_pre"": ""0"", ""sel_fpr_req"": ""51"", ""sel_fpr_bid"": ""-94900"", ""buy_fpr_bid"": ""-94800"", ""buy_fpr_req"": ""38"", ""buy_1th_pre_req_pre"": ""--4"", ""buy_2th_pre_bid"": ""-94700"", ""buy_2th_pre_req"": ""213"", ""buy_2th_pre_req_pre"": ""0"", ""buy_3th_pre_bid"": ""-94600"", ""buy_3th_pre_req"": ""298"", ""buy_3th_pre_req_pre"": ""0"", ""buy_4th_pre_bid"": ""-94500"", ""buy_4th_pre_req"": ""196"", ""buy_4th_pre_req_pre"": ""0"", ""buy_5th_pre_bid"": ""-94400"", ""buy_5th_pre_req"": ""244"", ""buy_5th_pre_req_pre"": ""0"", ""buy_6th_pre_bid"": ""-94300"", ""buy_6th_pre_req"": ""307"", ""buy_6th_pre_req_pre"": ""0"", ""buy_7th_pre_bid"": ""-94200"", ""buy_7th_pre_req"": ""1366"", ""buy_7th_pre_req_pre"": ""0"", ""buy_8th_pre_bid"": ""-94100"", ""buy_8th_pre_req"": ""1220"", ""buy_8th_pre_req_pre"": ""0"", ""buy_9th_pre_bid"": ""-94000"", ""buy_9th_pre_req"": ""6081"", ""buy_9th_pre_req_pre"": ""0"", ""buy_10th_pre_bid"": ""-93900"", ""buy_10th_pre_req"": ""1027"", ""buy_10th_pre_req_pre"": ""0"", ""tot_sel_req_jub_pre"": ""0"", ""tot_sel_req"": ""3702"", ""tot_buy_req"": ""10990"", ""tot_buy_req_jub_pre"": ""--4"", ""ovt_sel_req_pre"": ""0"", ""ovt_sel_req"": ""0"", ""ovt_buy_req"": ""0"", ""ovt_buy_req_pre"": ""0"", ""return_code"": 0, ""return_msg"": ""정상적으로 처리되었습니다""}"
2026-06-10,watchlist,009420,,1,filtered_candidate_recheck,49900,,49900,49850,49900,50200,0.4008016032064128,0.1002004008016032,,,,,,"{""bid_req_base_tm"": ""113851"", ""sel_10th_pre_req_pre"": ""0"", ""sel_10th_pre_req"": ""26"", ""sel_10th_pre_bid"": ""-50800"", ""sel_9th_pre_req_pre"": ""0"", ""sel_9th_pre_req"": ""68"", ""sel_9th_pre_bid"": ""-50700"", ""sel_8th_pre_req_pre"": ""0"", ""sel_8th_pre_req"": ""28"", ""sel_8th_pre_bid"": ""-50600"", ""sel_7th_pre_req_pre"": ""0"", ""sel_7th_pre_req"": ""118"", ""sel_7th_pre_bid"": ""-50500"", ""sel_6th_pre_req_pre"": ""0"", ""sel_6th_pre_req"": ""215"", ""sel_6th_pre_bid"": ""-50400"", ""sel_5th_pre_req_pre"": ""0"", ""sel_5th_pre_req"": ""12"", ""sel_5th_pre_bid"": ""-50300"", ""sel_4th_pre_req_pre"": ""0"", ""sel_4th_pre_req"": ""14"", ""sel_4th_pre_bid"": ""-50100"", ""sel_3th_pre_req_pre"": ""0"", ""sel_3th_pre_req"": ""27"", ""sel_3th_pre_bid"": ""-50000"", ""sel_2th_pre_req_pre"": ""0"", ""sel_2th_pre_req"": ""67"", ""sel_2th_pre_bid"": ""-49950"", ""sel_1th_pre_req_pre"": ""--23"", ""sel_fpr_req"": ""10"", ""sel_fpr_bid"": ""-49900"", ""buy_fpr_bid"": ""-49850"", ""buy_fpr_req"": ""506"", ""buy_1th_pre_req_pre"": ""0"", ""buy_2th_pre_bid"": ""-49800"", ""buy_2th_pre_req"": ""45"", ""buy_2th_pre_req_pre"": ""0"", ""buy_3th_pre_bid"": ""-49750"", ""buy_3th_pre_req"": ""21"", ""buy_3th_pre_req_pre"": ""0"", ""buy_4th_pre_bid"": ""-49700"", ""buy_4th_pre_req"": ""24"", ""buy_4th_pre_req_pre"": ""0"", ""buy_5th_pre_bid"": ""-49650"", ""buy_5th_pre_req"": ""54"", ""buy_5th_pre_req_pre"": ""0"", ""buy_6th_pre_bid"": ""-49600"", ""buy_6th_pre_req"": ""7"", ""buy_6th_pre_req_pre"": ""0"", ""buy_7th_pre_bid"": ""-49550"", ""buy_7th_pre_req"": ""12"", ""buy_7th_pre_req_pre"": ""0"", ""buy_8th_pre_bid"": ""-49500"", ""buy_8th_pre_req"": ""520"", ""buy_8th_pre_req_pre"": ""0"", ""buy_9th_pre_bid"": ""-49450"", ""buy_9th_pre_req"": ""171"", ""buy_9th_pre_req_pre"": ""0"", ""buy_10th_pre_bid"": ""-49400"", ""buy_10th_pre_req"": ""146"", ""buy_10th_pre_req_pre"": ""0"", ""tot_sel_req_jub_pre"": ""--23"", ""tot_sel_req"": ""585"", ""tot_buy_req"": ""1506"", ""tot_buy_req_jub_pre"": ""0"", ""ovt_sel_req_pre"": ""0"", ""ovt_sel_req"": ""0"", ""ovt_buy_req"": ""0"", ""ovt_buy_req_pre"": ""0"", ""return_code"": 0, ""return_msg"": ""정상적으로 처리되었습니다""}"
2026-06-10,watchlist,383220,,0,filtered_candidate_recheck,76100,,76100,76000,76100,75900,-0.39421813403416556,0.1314060446780552,,,,,,"{""bid_req_base_tm"": ""113851"", ""sel_10th_pre_req_pre"": ""0"", ""sel_10th_pre_req"": ""22"", ""sel_10th_pre_bid"": ""+77000"", ""sel_9th_pre_req_pre"": ""0"", ""sel_9th_pre_req"": ""106"", ""sel_9th_pre_bid"": ""+76900"", ""sel_8th_pre_req_pre"": ""0"", ""sel_8th_pre_req"": ""30"", ""sel_8th_pre_bid"": ""+76800"", ""sel_7th_pre_req_pre"": ""0"", ""sel_7th_pre_req"": ""9"", ""sel_7th_pre_bid"": ""+76700"", ""sel_6th_pre_req_pre"": ""0"", ""sel_6th_pre_req"": ""31"", ""sel_6th_pre_bid"": ""+76600"", ""sel_5th_pre_req_pre"": ""0"", ""sel_5th_pre_req"": ""56"", ""sel_5th_pre_bid"": ""+76500"", ""sel_4th_pre_req_pre"": ""0"", ""sel_4th_pre_req"": ""10"", ""sel_4th_pre_bid"": ""+76400"", ""sel_3th_pre_req_pre"": ""0"", ""sel_3th_pre_req"": ""21"", ""sel_3th_pre_bid"": ""+76300"", ""sel_2th_pre_req_pre"": ""0"", ""sel_2th_pre_req"": ""13"", ""sel_2th_pre_bid"": ""+76200"", ""sel_1th_pre_req_pre"": ""+1"", ""sel_fpr_req"": ""11"", ""sel_fpr_bid"": ""+76100"", ""buy_fpr_bid"": ""+76000"", ""buy_fpr_req"": ""1"", ""buy_1th_pre_req_pre"": ""0"", ""buy_2th_pre_bid"": ""+75900"", ""buy_2th_pre_req"": ""29"", ""buy_2th_pre_req_pre"": ""0"", ""buy_3th_pre_bid"": ""+75800"", ""buy_3th_pre_req"": ""23"", ""buy_3th_pre_req_pre"": ""0"", ""buy_4th_pre_bid"": ""+75700"", ""buy_4th_pre_req"": ""52"", ""buy_4th_pre_req_pre"": ""0"", ""buy_5th_pre_bid"": ""+75600"", ""buy_5th_pre_req"": ""54"", ""buy_5th_pre_req_pre"": ""0"", ""buy_6th_pre_bid"": ""+75500"", ""buy_6th_pre_req"": ""13"", ""buy_6th_pre_req_pre"": ""0"", ""buy_7th_pre_bid"": ""+75400"", ""buy_7th_pre_req"": ""29"", ""buy_7th_pre_req_pre"": ""0"", ""buy_8th_pre_bid"": ""+75300"", ""buy_8th_pre_req"": ""17"", ""buy_8th_pre_req_pre"": ""0"", ""buy_9th_pre_bid"": ""+75200"", ""buy_9th_pre_req"": ""10"", ""buy_9th_pre_req_pre"": ""0"", ""buy_10th_pre_bid"": ""+75000"", ""buy_10th_pre_req"": ""2"", ""buy_10th_pre_req_pre"": ""0"", ""tot_sel_req_jub_pre"": ""+1"", ""tot_sel_req"": ""309"", ""tot_buy_req"": ""230"", ""tot_buy_req_jub_pre"": ""0"", ""ovt_sel_req_pre"": ""0"", ""ovt_sel_req"": ""0"", ""ovt_buy_req"": ""0"", ""ovt_buy_req_pre"": ""0"", ""return_code"": 0, ""return_msg"": ""정상적으로 처리되었습니다""}"
2026-06-10,watchlist,004170,,0,filtered_candidate_recheck,682000,,682000,681000,682000,680000,-0.43988269794721413,0.1466275659824047,,,,,,"{""bid_req_base_tm"": ""113852"", ""sel_10th_pre_req_pre"": ""0"", ""sel_10th_pre_req"": ""814"", ""sel_10th_pre_bid"": ""+691000"", ""sel_9th_pre_req_pre"": ""0"", ""sel_9th_pre_req"": ""419"", ""sel_9th_pre_bid"": ""+690000"", ""sel_8th_pre_req_pre"": ""0"", ""sel_8th_pre_req"": ""209"", ""sel_8th_pre_bid"": ""+689000"", ""sel_7th_pre_req_pre"": ""0"", ""sel_7th_pre_req"": ""112"", ""sel_7th_pre_bid"": ""+688000"", ""sel_6th_pre_req_pre"": ""0"", ""sel_6th_pre_req"": ""5"", ""sel_6th_pre_bid"": ""+687000"", ""sel_5th_pre_req_pre"": ""0"", ""sel_5th_pre_req"": ""8"", ""sel_5th_pre_bid"": ""+686000"", ""sel_4th_pre_req_pre"": ""0"", ""sel_4th_pre_req"": ""63"", ""sel_4th_pre_bid"": ""+685000"", ""sel_3th_pre_req_pre"": ""0"", ""sel_3th_pre_req"": ""20"", ""sel_3th_pre_bid"": ""+684000"", ""sel_2th_pre_req_pre"": ""0"", ""sel_2th_pre_req"": ""70"", ""sel_2th_pre_bid"": ""+683000"", ""sel_1th_pre_req_pre"": ""+1"", ""sel_fpr_req"": ""58"", ""sel_fpr_bid"": ""+682000"", ""buy_fpr_bid"": ""+681000"", ""buy_fpr_req"": ""42"", ""buy_1th_pre_req_pre"": ""0"", ""buy_2th_pre_bid"": ""+680000"", ""buy_2th_pre_req"": ""8"", ""buy_2th_pre_req_pre"": ""0"", ""buy_3th_pre_bid"": ""+679000"", ""buy_3th_pre_req"": ""6"", ""buy_3th_pre_req_pre"": ""0"", ""buy_4th_pre_bid"": ""+676000"", ""buy_4th_pre_req"": ""5"", ""buy_4th_pre_req_pre"": ""0"", ""buy_5th_pre_bid"": ""+675000"", ""buy_5th_pre_req"": ""20"", ""buy_5th_pre_req_pre"": ""0"", ""buy_6th_pre_bid"": ""+674000"", ""buy_6th_pre_req"": ""25"", ""buy_6th_pre_req_pre"": ""0"", ""buy_7th_pre_bid"": ""+673000"", ""buy_7th_pre_req"": ""102"", ""buy_7th_pre_req_pre"": ""0"", ""buy_8th_pre_bid"": ""+672000"", ""buy_8th_pre_req"": ""11"", ""buy_8th_pre_req_pre"": ""0"", ""buy_9th_pre_bid"": ""+671000"", ""buy_9th_pre_req"": ""45"", ""buy_9th_pre_req_pre"": ""0"", ""buy_10th_pre_bid"": ""+670000"", ""buy_10th_pre_req"": ""575"", ""buy_10th_pre_req_pre"": ""0"", ""tot_sel_req_jub_pre"": ""+1"", ""tot_sel_req"": ""1778"", ""tot_buy_req"": ""839"", ""tot_buy_req_jub_pre"": ""0"", ""ovt_sel_req_pre"": ""0"", ""ovt_sel_req"": ""0"", ""ovt_buy_req"": ""0"", ""ovt_buy_req_pre"": ""0"", ""return_code"": 0, ""return_msg"": ""정상적으로 처리되었습니다""}"
2026-06-10,watchlist,018260,,1,filtered_candidate_recheck,232000,,232000,231500,232000,233500,0.43103448275862066,0.21551724137931033,,,,,,"{""bid_req_base_tm"": ""113852"", ""sel_10th_pre_req_pre"": ""0"", ""sel_10th_pre_req"": ""237"", ""sel_10th_pre_bid"": ""-236500"", ""sel_9th_pre_req_pre"": ""0"", ""sel_9th_pre_req"": ""88"", ""sel_9th_pre_bid"": ""-236000"", ""sel_8th_pre_req_pre"": ""0"", ""sel_8th_pre_req"": ""219"", ""sel_8th_pre_bid"": ""-235500"", ""sel_7th_pre_req_pre"": ""0"", ""sel_7th_pre_req"": ""299"", ""sel_7th_pre_bid"": ""-235000"", ""sel_6th_pre_req_pre"": ""0"", ""sel_6th_pre_req"": ""170"", ""sel_6th_pre_bid"": ""-234500"", ""sel_5th_pre_req_pre"": ""0"", ""sel_5th_pre_req"": ""143"", ""sel_5th_pre_bid"": ""-234000"", ""sel_4th_pre_req_pre"": ""0"", ""sel_4th_pre_req"": ""192"", ""sel_4th_pre_bid"": ""-233500"", ""sel_3th_pre_req_pre"": ""0"", ""sel_3th_pre_req"": ""98"", ""sel_3th_pre_bid"": ""-233000"", ""sel_2th_pre_req_pre"": ""0"", ""sel_2th_pre_req"": ""135"", ""sel_2th_pre_bid"": ""-232500"", ""sel_1th_pre_req_pre"": ""0"", ""sel_fpr_req"": ""127"", ""sel_fpr_bid"": ""-232000"", ""buy_fpr_bid"": ""-231500"", ""buy_fpr_req"": ""461"", ""buy_1th_pre_req_pre"": ""0"", ""buy_2th_pre_bid"": ""-231000"", ""buy_2th_pre_req"": ""1016"", ""buy_2th_pre_req_pre"": ""0"", ""buy_3th_pre_bid"": ""-230500"", ""buy_3th_pre_req"": ""3187"", ""buy_3th_pre_req_pre"": ""0"", ""buy_4th_pre_bid"": ""-230000"", ""buy_4th_pre_req"": ""5517"", ""buy_4th_pre_req_pre"": ""0"", ""buy_5th_pre_bid"": ""-229500"", ""buy_5th_pre_req"": ""3740"", ""buy_5th_pre_req_pre"": ""0"", ""buy_6th_pre_bid"": ""-229000"", ""buy_6th_pre_req"": ""1141"", ""buy_6th_pre_req_pre"": ""0"", ""buy_7th_pre_bid"": ""-228500"", ""buy_7th_pre_req"": ""1095"", ""buy_7th_pre_req_pre"": ""0"", ""buy_8th_pre_bid"": ""-228000"", ""buy_8th_pre_req"": ""1989"", ""buy_8th_pre_req_pre"": ""0"", ""buy_9th_pre_bid"": ""-227500"", ""buy_9th_pre_req"": ""1741"", ""buy_9th_pre_req_pre"": ""0"", ""buy_10th_pre_bid"": ""-227000"", ""buy_10th_pre_req"": ""1698"", ""buy_10th_pre_req_pre"": ""+10"", ""tot_sel_req_jub_pre"": ""0"", ""tot_sel_req"": ""1708"", ""tot_buy_req"": ""21585"", ""tot_buy_req_jub_pre"": ""+10"", ""ovt_sel_req_pre"": ""0"", ""ovt_sel_req"": ""0"", ""ovt_buy_req"": ""0"", ""ovt_buy_req_pre"": ""0"", ""return_code"": 0, ""return_msg"": ""정상적으로 처리되었습니다""}"
2026-06-10,watchlist,161390,,0,filtered_candidate_recheck,70900,,70900,70800,70900,71300,0.4231311706629055,0.14104372355430184,,,,,,"{""bid_req_base_tm"": ""113852"", ""sel_10th_pre_req_pre"": ""0"", ""sel_10th_pre_req"": ""133"", ""sel_10th_pre_bid"": ""-71800"", ""sel_9th_pre_req_pre"": ""0"", ""sel_9th_pre_req"": ""10"", ""sel_9th_pre_bid"": ""-71700"", ""sel_8th_pre_req_pre"": ""0"", ""sel_8th_pre_req"": ""3"", ""sel_8th_pre_bid"": ""-71600"", ""sel_7th_pre_req_pre"": ""0"", ""sel_7th_pre_req"": ""57"", ""sel_7th_pre_bid"": ""-71500"", ""sel_6th_pre_req_pre"": ""0"", ""sel_6th_pre_req"": ""32"", ""sel_6th_pre_bid"": ""-71400"", ""sel_5th_pre_req_pre"": ""0"", ""sel_5th_pre_req"": ""52"", ""sel_5th_pre_bid"": ""-71300"", ""sel_4th_pre_req_pre"": ""0"", ""sel_4th_pre_req"": ""270"", ""sel_4th_pre_bid"": ""-71200"", ""sel_3th_pre_req_pre"": ""0"", ""sel_3th_pre_req"": ""699"", ""sel_3th_pre_bid"": ""-71100"", ""sel_2th_pre_req_pre"": ""0"", ""sel_2th_pre_req"": ""1043"", ""sel_2th_pre_bid"": ""-71000"", ""sel_1th_pre_req_pre"": ""0"", ""sel_fpr_req"": ""1436"", ""sel_fpr_bid"": ""-70900"", ""buy_fpr_bid"": ""-70800"", ""buy_fpr_req"": ""4264"", ""buy_1th_pre_req_pre"": ""+2"", ""buy_2th_pre_bid"": ""-70700"", ""buy_2th_pre_req"": ""385"", ""buy_2th_pre_req_pre"": ""0"", ""buy_3th_pre_bid"": ""-70600"", ""buy_3th_pre_req"": ""140"", ""buy_3th_pre_req_pre"": ""0"", ""buy_4th_pre_bid"": ""-70500"", ""buy_4th_pre_req"": ""362"", ""buy_4th_pre_req_pre"": ""0"", ""buy_5th_pre_bid"": ""-70400"", ""buy_5th_pre_req"": ""293"", ""buy_5th_pre_req_pre"": ""0"", ""buy_6th_pre_bid"": ""-70300"", ""buy_6th_pre_req"": ""142"", ""buy_6th_pre_req_pre"": ""0"", ""buy_7th_pre_bid"": ""-70200"", ""buy_7th_pre_req"": ""229"", ""buy_7th_pre_req_pre"": ""0"", ""buy_8th_pre_bid"": ""-70100"", ""buy_8th_pre_req"": ""216"", ""buy_8th_pre_req_pre"": ""0"", ""buy_9th_pre_bid"": ""-70000"", ""buy_9th_pre_req"": ""363"", ""buy_9th_pre_req_pre"": ""0"", ""buy_10th_pre_bid"": ""-69900"", ""buy_10th_pre_req"": ""137"", ""buy_10th_pre_req_pre"": ""0"", ""tot_sel_req_jub_pre"": ""0"", ""tot_sel_req"": ""3735"", ""tot_buy_req"": ""6531"", ""tot_buy_req_jub_pre"": ""+2"", ""ovt_sel_req_pre"": ""0"", ""ovt_sel_req"": ""0"", ""ovt_buy_req"": ""0"", ""ovt_buy_req_pre"": ""0"", ""return_code"": 0, ""return_msg"": ""정상적으로 처리되었습니다""}"
2026-06-10,watchlist,078930,,0,filtered_candidate_recheck,73900,,73900,73800,73900,73400,-0.8119079837618403,0.13531799729364005,,,,,,"{""bid_req_base_tm"": ""113851"", ""sel_10th_pre_req_pre"": ""0"", ""sel_10th_pre_req"": ""24"", ""sel_10th_pre_bid"": ""+74800"", ""sel_9th_pre_req_pre"": ""0"", ""sel_9th_pre_req"": ""234"", ""sel_9th_pre_bid"": ""+74700"", ""sel_8th_pre_req_pre"": ""0"", ""sel_8th_pre_req"": ""104"", ""sel_8th_pre_bid"": ""+74600"", ""sel_7th_pre_req_pre"": ""0"", ""sel_7th_pre_req"": ""386"", ""sel_7th_pre_bid"": ""+74500"", ""sel_6th_pre_req_pre"": ""0"", ""sel_6th_pre_req"": ""107"", ""sel_6th_pre_bid"": ""+74400"", ""sel_5th_pre_req_pre"": ""0"", ""sel_5th_pre_req"": ""113"", ""sel_5th_pre_bid"": ""+74300"", ""sel_4th_pre_req_pre"": ""0"", ""sel_4th_pre_req"": ""40"", ""sel_4th_pre_bid"": ""+74200"", ""sel_3th_pre_req_pre"": ""0"", ""sel_3th_pre_req"": ""17"", ""sel_3th_pre_bid"": ""+74100"", ""sel_2th_pre_req_pre"": ""0"", ""sel_2th_pre_req"": ""35"", ""sel_2th_pre_bid"": ""+74000"", ""sel_1th_pre_req_pre"": ""--1"", ""sel_fpr_req"": ""1413"", ""sel_fpr_bid"": ""+73900"", ""buy_fpr_bid"": ""73800"", ""buy_fpr_req"": ""288"", ""buy_1th_pre_req_pre"": ""0"", ""buy_2th_pre_bid"": ""-73700"", ""buy_2th_pre_req"": ""376"", ""buy_2th_pre_req_pre"": ""0"", ""buy_3th_pre_bid"": ""-73600"", ""buy_3th_pre_req"": ""143"", ""buy_3th_pre_req_pre"": ""0"", ""buy_4th_pre_bid"": ""-73500"", ""buy_4th_pre_req"": ""45"", ""buy_4th_pre_req_pre"": ""0"", ""buy_5th_pre_bid"": ""-73400"", ""buy_5th_pre_req"": ""71"", ""buy_5th_pre_req_pre"": ""0"", ""buy_6th_pre_bid"": ""-73300"", ""buy_6th_pre_req"": ""30"", ""buy_6th_pre_req_pre"": ""0"", ""buy_7th_pre_bid"": ""-73200"", ""buy_7th_pre_req"": ""137"", ""buy_7th_pre_req_pre"": ""0"", ""buy_8th_pre_bid"": ""-73100"", ""buy_8th_pre_req"": ""62"", ""buy_8th_pre_req_pre"": ""0"", ""buy_9th_pre_bid"": ""-73000"", ""buy_9th_pre_req"": ""4"", ""buy_9th_pre_req_pre"": ""0"", ""buy_10th_pre_bid"": ""-72900"", ""buy_10th_pre_req"": ""9"", ""buy_10th_pre_req_pre"": ""0"", ""tot_sel_req_jub_pre"": ""--1"", ""tot_sel_req"": ""2473"", ""tot_buy_req"": ""1165"", ""tot_buy_req_jub_pre"": ""0"", ""ovt_sel_req_pre"": ""0"", ""ovt_sel_req"": ""0"", ""ovt_buy_req"": ""0"", ""ovt_buy_req_pre"": ""0"", ""return_code"": 0, ""return_msg"": ""정상적으로 처리되었습니다""}"
2026-06-10,watchlist,462870,,0,filtered_candidate_recheck,31400,,31400,31350,31400,31250,-0.6369426751592357,0.15923566878980894,,,,,,"{""bid_req_base_tm"": ""113852"", ""sel_10th_pre_req_pre"": ""0"", ""sel_10th_pre_req"": ""12"", ""sel_10th_pre_bid"": ""-31850"", ""sel_9th_pre_req_pre"": ""0"", ""sel_9th_pre_req"": ""12"", ""sel_9th_pre_bid"": ""-31800"", ""sel_8th_pre_req_pre"": ""0"", ""sel_8th_pre_req"": ""21"", ""sel_8th_pre_bid"": ""-31750"", ""sel_7th_pre_req_pre"": ""0"", ""sel_7th_pre_req"": ""12"", ""sel_7th_pre_bid"": ""-31700"", ""sel_6th_pre_req_pre"": ""0"", ""sel_6th_pre_req"": ""683"", ""sel_6th_pre_bid"": ""-31650"", ""sel_5th_pre_req_pre"": ""0"", ""sel_5th_pre_req"": ""218"", ""sel_5th_pre_bid"": ""-31600"", ""sel_4th_pre_req_pre"": ""0"", ""sel_4th_pre_req"": ""11"", ""sel_4th_pre_bid"": ""-31550"", ""sel_3th_pre_req_pre"": ""0"", ""sel_3th_pre_req"": ""119"", ""sel_3th_pre_bid"": ""-31500"", ""sel_2th_pre_req_pre"": ""0"", ""sel_2th_pre_req"": ""106"", ""sel_2th_pre_bid"": ""-31450"", ""sel_1th_pre_req_pre"": ""--1"", ""sel_fpr_req"": ""9"", ""sel_fpr_bid"": ""-31400"", ""buy_fpr_bid"": ""-31350"", ""buy_fpr_req"": ""71"", ""buy_1th_pre_req_pre"": ""0"", ""buy_2th_pre_bid"": ""-31300"", ""buy_2th_pre_req"": ""9"", ""buy_2th_pre_req_pre"": ""0"", ""buy_3th_pre_bid"": ""-31250"", ""buy_3th_pre_req"": ""47"", ""buy_3th_pre_req_pre"": ""0"", ""buy_4th_pre_bid"": ""-31200"", ""buy_4th_pre_req"": ""24"", ""buy_4th_pre_req_pre"": ""0"", ""buy_5th_pre_bid"": ""-31150"", ""buy_5th_pre_req"": ""21"", ""buy_5th_pre_req_pre"": ""0"", ""buy_6th_pre_bid"": ""-31100"", ""buy_6th_pre_req"": ""35"", ""buy_6th_pre_req_pre"": ""0"", ""buy_7th_pre_bid"": ""-31050"", ""buy_7th_pre_req"": ""137"", ""buy_7th_pre_req_pre"": ""0"", ""buy_8th_pre_bid"": ""-31000"", ""buy_8th_pre_req"": ""181"", ""buy_8th_pre_req_pre"": ""0"", ""buy_9th_pre_bid"": ""-30950"", ""buy_9th_pre_req"": ""29"", ""buy_9th_pre_req_pre"": ""0"", ""buy_10th_pre_bid"": ""-30900"", ""buy_10th_pre_req"": ""63"", ""buy_10th_pre_req_pre"": ""0"", ""tot_sel_req_jub_pre"": ""--1"", ""tot_sel_req"": ""1203"", ""tot_buy_req"": ""617"", ""tot_buy_req_jub_pre"": ""0"", ""ovt_sel_req_pre"": ""0"", ""ovt_sel_req"": ""0"", ""ovt_buy_req"": ""0"", ""ovt_buy_req_pre"": ""0"", ""return_code"": 0, ""return_msg"": ""정상적으로 처리되었습니다""}"
2026-06-10,watchlist,055550,,0,filtered_candidate_recheck,98300,,98300,98200,98300,98700,0.3051881993896236,0.10172939979654119,,,,,,"{""bid_req_base_tm"": ""113853"", ""sel_10th_pre_req_pre"": ""0"", ""sel_10th_pre_req"": ""81"", ""sel_10th_pre_bid"": ""-99300"", ""sel_9th_pre_req_pre"": ""0"", ""sel_9th_pre_req"": ""430"", ""sel_9th_pre_bid"": ""-99200"", ""sel_8th_pre_req_pre"": ""0"", ""sel_8th_pre_req"": ""23"", ""sel_8th_pre_bid"": ""-99100"", ""sel_7th_pre_req_pre"": ""0"", ""sel_7th_pre_req"": ""5"", ""sel_7th_pre_bid"": ""-99000"", ""sel_6th_pre_req_pre"": ""0"", ""sel_6th_pre_req"": ""1"", ""sel_6th_pre_bid"": ""-98900"", ""sel_5th_pre_req_pre"": ""0"", ""sel_5th_pre_req"": ""101"", ""sel_5th_pre_bid"": ""-98800"", ""sel_4th_pre_req_pre"": ""0"", ""sel_4th_pre_req"": ""10"", ""sel_4th_pre_bid"": ""-98600"", ""sel_3th_pre_req_pre"": ""+1"", ""sel_3th_pre_req"": ""901"", ""sel_3th_pre_bid"": ""-98500"", ""sel_2th_pre_req_pre"": ""0"", ""sel_2th_pre_req"": ""162"", ""sel_2th_pre_bid"": ""-98400"", ""sel_1th_pre_req_pre"": ""0"", ""sel_fpr_req"": ""66"", ""sel_fpr_bid"": ""-98300"", ""buy_fpr_bid"": ""-98200"", ""buy_fpr_req"": ""60"", ""buy_1th_pre_req_pre"": ""0"", ""buy_2th_pre_bid"": ""-98100"", ""buy_2th_pre_req"": ""2031"", ""buy_2th_pre_req_pre"": ""0"", ""buy_3th_pre_bid"": ""-98000"", ""buy_3th_pre_req"": ""1885"", ""buy_3th_pre_req_pre"": ""0"", ""buy_4th_pre_bid"": ""-97900"", ""buy_4th_pre_req"": ""431"", ""buy_4th_pre_req_pre"": ""0"", ""buy_5th_pre_bid"": ""-97800"", ""buy_5th_pre_req"": ""338"", ""buy_5th_pre_req_pre"": ""0"", ""buy_6th_pre_bid"": ""-97700"", ""buy_6th_pre_req"": ""446"", ""buy_6th_pre_req_pre"": ""0"", ""buy_7th_pre_bid"": ""-97600"", ""buy_7th_pre_req"": ""421"", ""buy_7th_pre_req_pre"": ""0"", ""buy_8th_pre_bid"": ""-97500"", ""buy_8th_pre_req"": ""889"", ""buy_8th_pre_req_pre"": ""0"", ""buy_9th_pre_bid"": ""-97400"", ""buy_9th_pre_req"": ""128"", ""buy_9th_pre_req_pre"": ""0"", ""buy_10th_pre_bid"": ""-97300"", ""buy_10th_pre_req"": ""107"", ""buy_10th_pre_req_pre"": ""0"", ""tot_sel_req_jub_pre"": ""+1"", ""tot_sel_req"": ""1780"", ""tot_buy_req"": ""6736"", ""tot_buy_req_jub_pre"": ""0"", ""ovt_sel_req_pre"": ""0"", ""ovt_sel_req"": ""0"", ""ovt_buy_req"": ""0"", ""ovt_buy_req_pre"": ""0"", ""return_code"": 0, ""return_msg"": ""정상적으로 처리되었습니다""}"
2026-06-10,watchlist,192080,,1,filtered_candidate_recheck,71600,,71600,71500,71600,71600,-0.13966480446927373,0.13966480446927373,,,,,,"{""bid_req_base_tm"": ""113853"", ""sel_10th_pre_req_pre"": ""0"", ""sel_10th_pre_req"": ""161"", ""sel_10th_pre_bid"": ""+72500"", ""sel_9th_pre_req_pre"": ""0"", ""sel_9th_pre_req"": ""128"", ""sel_9th_pre_bid"": ""+72400"", ""sel_8th_pre_req_pre"": ""0"", ""sel_8th_pre_req"": ""10"", ""sel_8th_pre_bid"": ""+72300"", ""sel_7th_pre_req_pre"": ""0"", ""sel_7th_pre_req"": ""10"", ""sel_7th_pre_bid"": ""+72200"", ""sel_6th_pre_req_pre"": ""0"", ""sel_6th_pre_req"": ""6"", ""sel_6th_pre_bid"": ""+72100"", ""sel_5th_pre_req_pre"": ""0"", ""sel_5th_pre_req"": ""5"", ""sel_5th_pre_bid"": ""72000"", ""sel_4th_pre_req_pre"": ""0"", ""sel_4th_pre_req"": ""19"", ""sel_4th_pre_bid"": ""-71900"", ""sel_3th_pre_req_pre"": ""0"", ""sel_3th_pre_req"": ""4"", ""sel_3th_pre_bid"": ""-71800"", ""sel_2th_pre_req_pre"": ""0"", ""sel_2th_pre_req"": ""1"", ""sel_2th_pre_bid"": ""-71700"", ""sel_1th_pre_req_pre"": ""0"", ""sel_fpr_req"": ""17"", ""sel_fpr_bid"": ""-71600"", ""buy_fpr_bid"": ""-71500"", ""buy_fpr_req"": ""63"", ""buy_1th_pre_req_pre"": ""--1"", ""buy_2th_pre_bid"": ""-71400"", ""buy_2th_pre_req"": ""7"", ""buy_2th_pre_req_pre"": ""0"", ""buy_3th_pre_bid"": ""-71300"", ""buy_3th_pre_req"": ""13"", ""buy_3th_pre_req_pre"": ""0"", ""buy_4th_pre_bid"": ""-71200"", ""buy_4th_pre_req"": ""29"", ""buy_4th_pre_req_pre"": ""0"", ""buy_5th_pre_bid"": ""-71100"", ""buy_5th_pre_req"": ""10"", ""buy_5th_pre_req_pre"": ""0"", ""buy_6th_pre_bid"": ""-71000"", ""buy_6th_pre_req"": ""29"", ""buy_6th_pre_req_pre"": ""0"", ""buy_7th_pre_bid"": ""-70900"", ""buy_7th_pre_req"": ""49"", ""buy_7th_pre_req_pre"": ""0"", ""buy_8th_pre_bid"": ""-70800"", ""buy_8th_pre_req"": ""82"", ""buy_8th_pre_req_pre"": ""0"", ""buy_9th_pre_bid"": ""-70700"", ""buy_9th_pre_req"": ""140"", ""buy_9th_pre_req_pre"": ""0"", ""buy_10th_pre_bid"": ""-70600"", ""buy_10th_pre_req"": ""100"", ""buy_10th_pre_req_pre"": ""0"", ""tot_sel_req_jub_pre"": ""0"", ""tot_sel_req"": ""361"", ""tot_buy_req"": ""522"", ""tot_buy_req_jub_pre"": ""--1"", ""ovt_sel_req_pre"": ""0"", ""ovt_sel_req"": ""0"", ""ovt_buy_req"": ""0"", ""ovt_buy_req_pre"": ""0"", ""return_code"": 0, ""return_msg"": ""정상적으로 처리되었습니다""}"
2026-06-10,watchlist,000430,,1,filtered_candidate_recheck,5610,,5610,5600,5610,5620,0.0,0.17825311942959002,,,,,,"{""bid_req_base_tm"": ""113849"", ""sel_10th_pre_req_pre"": ""0"", ""sel_10th_pre_req"": ""656"", ""sel_10th_pre_bid"": ""-5710"", ""sel_9th_pre_req_pre"": ""0"", ""sel_9th_pre_req"": ""2608"", ""sel_9th_pre_bid"": ""-5700"", ""sel_8th_pre_req_pre"": ""0"", ""sel_8th_pre_req"": ""1081"", ""sel_8th_pre_bid"": ""-5690"", ""sel_7th_pre_req_pre"": ""0"", ""sel_7th_pre_req"": ""1539"", ""sel_7th_pre_bid"": ""-5680"", ""sel_6th_pre_req_pre"": ""0"", ""sel_6th_pre_req"": ""1181"", ""sel_6th_pre_bid"": ""-5670"", ""sel_5th_pre_req_pre"": ""0"", ""sel_5th_pre_req"": ""209"", ""sel_5th_pre_bid"": ""-5660"", ""sel_4th_pre_req_pre"": ""0"", ""sel_4th_pre_req"": ""4835"", ""sel_4th_pre_bid"": ""-5650"", ""sel_3th_pre_req_pre"": ""0"", ""sel_3th_pre_req"": ""1254"", ""sel_3th_pre_bid"": ""-5630"", ""sel_2th_pre_req_pre"": ""0"", ""sel_2th_pre_req"": ""189"", ""sel_2th_pre_bid"": ""-5620"", ""sel_1th_pre_req_pre"": ""0"", ""sel_fpr_req"": ""774"", ""sel_fpr_bid"": ""-5610"", ""buy_fpr_bid"": ""-5600"", ""buy_fpr_req"": ""253"", ""buy_1th_pre_req_pre"": ""0"", ""buy_2th_pre_bid"": ""-5590"", ""buy_2th_pre_req"": ""525"", ""buy_2th_pre_req_pre"": ""0"", ""buy_3th_pre_bid"": ""-5580"", ""buy_3th_pre_req"": ""2015"", ""buy_3th_pre_req_pre"": ""0"", ""buy_4th_pre_bid"": ""-5570"", ""buy_4th_pre_req"": ""1125"", ""buy_4th_pre_req_pre"": ""0"", ""buy_5th_pre_bid"": ""-5560"", ""buy_5th_pre_req"": ""2739"", ""buy_5th_pre_req_pre"": ""0"", ""buy_6th_pre_bid"": ""-5550"", ""buy_6th_pre_req"": ""3262"", ""buy_6th_pre_req_pre"": ""0"", ""buy_7th_pre_bid"": ""-5540"", ""buy_7th_pre_req"": ""2455"", ""buy_7th_pre_req_pre"": ""0"", ""buy_8th_pre_bid"": ""-5530"", ""buy_8th_pre_req"": ""9333"", ""buy_8th_pre_req_pre"": ""0"", ""buy_9th_pre_bid"": ""-5520"", ""buy_9th_pre_req"": ""3553"", ""buy_9th_pre_req_pre"": ""0"", ""buy_10th_pre_bid"": ""-5510"", ""buy_10th_pre_req"": ""7823"", ""buy_10th_pre_req_pre"": ""0"", ""tot_sel_req_jub_pre"": ""0"", ""tot_sel_req"": ""14326"", ""tot_buy_req"": ""33083"", ""tot_buy_req_jub_pre"": ""0"", ""ovt_sel_req_pre"": ""0"", ""ovt_sel_req"": ""0"", ""ovt_buy_req"": ""0"", ""ovt_buy_req_pre"": ""0"", ""return_code"": 0, ""return_msg"": ""정상적으로 처리되었습니다""}"
2026-06-10,watchlist,307950,,0,filtered_candidate_recheck,696000,,696000,695000,696000,693000,-0.5747126436781609,0.14367816091954022,,,,,,"{""bid_req_base_tm"": ""113853"", ""sel_10th_pre_req_pre"": ""0"", ""sel_10th_pre_req"": ""227"", ""sel_10th_pre_bid"": ""+705000"", ""sel_9th_pre_req_pre"": ""0"", ""sel_9th_pre_req"": ""27"", ""sel_9th_pre_bid"": ""+704000"", ""sel_8th_pre_req_pre"": ""0"", ""sel_8th_pre_req"": ""29"", ""sel_8th_pre_bid"": ""+703000"", ""sel_7th_pre_req_pre"": ""0"", ""sel_7th_pre_req"": ""211"", ""sel_7th_pre_bid"": ""+702000"", ""sel_6th_pre_req_pre"": ""0"", ""sel_6th_pre_req"": ""217"", ""sel_6th_pre_bid"": ""+701000"", ""sel_5th_pre_req_pre"": ""0"", ""sel_5th_pre_req"": ""169"", ""sel_5th_pre_bid"": ""+700000"", ""sel_4th_pre_req_pre"": ""0"", ""sel_4th_pre_req"": ""389"", ""sel_4th_pre_bid"": ""+699000"", ""sel_3th_pre_req_pre"": ""0"", ""sel_3th_pre_req"": ""34"", ""sel_3th_pre_bid"": ""+698000"", ""sel_2th_pre_req_pre"": ""0"", ""sel_2th_pre_req"": ""14"", ""sel_2th_pre_bid"": ""+697000"", ""sel_1th_pre_req_pre"": ""0"", ""sel_fpr_req"": ""12"", ""sel_fpr_bid"": ""+696000"", ""buy_fpr_bid"": ""+695000"", ""buy_fpr_req"": ""21"", ""buy_1th_pre_req_pre"": ""+6"", ""buy_2th_pre_bid"": ""+694000"", ""buy_2th_pre_req"": ""22"", ""buy_2th_pre_req_pre"": ""0"", ""buy_3th_pre_bid"": ""+693000"", ""buy_3th_pre_req"": ""29"", ""buy_3th_pre_req_pre"": ""0"", ""buy_4th_pre_bid"": ""+692000"", ""buy_4th_pre_req"": ""36"", ""buy_4th_pre_req_pre"": ""--6"", ""buy_5th_pre_bid"": ""+691000"", ""buy_5th_pre_req"": ""45"", ""buy_5th_pre_req_pre"": ""0"", ""buy_6th_pre_bid"": ""+690000"", ""buy_6th_pre_req"": ""79"", ""buy_6th_pre_req_pre"": ""0"", ""buy_7th_pre_bid"": ""+689000"", ""buy_7th_pre_req"": ""48"", ""buy_7th_pre_req_pre"": ""0"", ""buy_8th_pre_bid"": ""+688000"", ""buy_8th_pre_req"": ""114"", ""buy_8th_pre_req_pre"": ""0"", ""buy_9th_pre_bid"": ""687000"", ""buy_9th_pre_req"": ""196"", ""buy_9th_pre_req_pre"": ""0"", ""buy_10th_pre_bid"": ""-686000"", ""buy_10th_pre_req"": ""133"", ""buy_10th_pre_req_pre"": ""0"", ""tot_sel_req_jub_pre"": ""0"", ""tot_sel_req"": ""1329"", ""tot_buy_req"": ""723"", ""tot_buy_req_jub_pre"": ""0"", ""ovt_sel_req_pre"": ""0"", ""ovt_sel_req"": ""0"", ""ovt_buy_req"": ""0"", ""ovt_buy_req_pre"": ""0"", ""return_code"": 0, ""return_msg"": ""정상적으로 처리되었습니다""}"
2026-06-10,watchlist,114090,,0,filtered_candidate_recheck,12160,,12160,12150,12160,12100,-0.9046052631578948,0.08223684210526315,,,,,,"{""bid_req_base_tm"": ""113853"", ""sel_10th_pre_req_pre"": ""0"", ""sel_10th_pre_req"": ""194"", ""sel_10th_pre_bid"": ""+12260"", ""sel_9th_pre_req_pre"": ""0"", ""sel_9th_pre_req"": ""2581"", ""sel_9th_pre_bid"": ""+12250"", ""sel_8th_pre_req_pre"": ""0"", ""sel_8th_pre_req"": ""1262"", ""sel_8th_pre_bid"": ""+12240"", ""sel_7th_pre_req_pre"": ""0"", ""sel_7th_pre_req"": ""361"", ""sel_7th_pre_bid"": ""+12230"", ""sel_6th_pre_req_pre"": ""0"", ""sel_6th_pre_req"": ""1355"", ""sel_6th_pre_bid"": ""+12220"", ""sel_5th_pre_req_pre"": ""0"", ""sel_5th_pre_req"": ""219"", ""sel_5th_pre_bid"": ""+12210"", ""sel_4th_pre_req_pre"": ""0"", ""sel_4th_pre_req"": ""590"", ""sel_4th_pre_bid"": ""+12200"", ""sel_3th_pre_req_pre"": ""0"", ""sel_3th_pre_req"": ""2105"", ""sel_3th_pre_bid"": ""+12190"", ""sel_2th_pre_req_pre"": ""0"", ""sel_2th_pre_req"": ""1"", ""sel_2th_pre_bid"": ""+12180"", ""sel_1th_pre_req_pre"": ""0"", ""sel_fpr_req"": ""1"", ""sel_fpr_bid"": ""+12160"", ""buy_fpr_bid"": ""+12150"", ""buy_fpr_req"": ""1118"", ""buy_1th_pre_req_pre"": ""0"", ""buy_2th_pre_bid"": ""+12140"", ""buy_2th_pre_req"": ""2"", ""buy_2th_pre_req_pre"": ""0"", ""buy_3th_pre_bid"": ""+12130"", ""buy_3th_pre_req"": ""174"", ""buy_3th_pre_req_pre"": ""--165"", ""buy_4th_pre_bid"": ""+12120"", ""buy_4th_pre_req"": ""166"", ""buy_4th_pre_req_pre"": ""0"", ""buy_5th_pre_bid"": ""+12110"", ""buy_5th_pre_req"": ""1"", ""buy_5th_pre_req_pre"": ""0"", ""buy_6th_pre_bid"": ""+12070"", ""buy_6th_pre_req"": ""285"", ""buy_6th_pre_req_pre"": ""0"", ""buy_7th_pre_bid"": ""+12020"", ""buy_7th_pre_req"": ""21"", ""buy_7th_pre_req_pre"": ""0"", ""buy_8th_pre_bid"": ""+12010"", ""buy_8th_pre_req"": ""205"", ""buy_8th_pre_req_pre"": ""0"", ""buy_9th_pre_bid"": ""+12000"", ""buy_9th_pre_req"": ""871"", ""buy_9th_pre_req_pre"": ""0"", ""buy_10th_pre_bid"": ""+11990"", ""buy_10th_pre_req"": ""100"", ""buy_10th_pre_req_pre"": ""0"", ""tot_sel_req_jub_pre"": ""+190"", ""tot_sel_req"": ""8669"", ""tot_buy_req"": ""2943"", ""tot_buy_req_jub_pre"": ""--165"", ""ovt_sel_req_pre"": ""0"", ""ovt_sel_req"": ""0"", ""ovt_buy_req"": ""0"", ""ovt_buy_req_pre"": ""0"", ""return_code"": 0, ""return_msg"": ""정상적으로 처리되었습니다""}"
2026-06-10,watchlist,281820,,1,filtered_candidate_recheck,65900,,65900,65800,65900,66500,0.7587253414264037,0.15174506828528073,,,,,,"{""bid_req_base_tm"": ""113851"", ""sel_10th_pre_req_pre"": ""0"", ""sel_10th_pre_req"": ""141"", ""sel_10th_pre_bid"": ""+67500"", ""sel_9th_pre_req_pre"": ""0"", ""sel_9th_pre_req"": ""10"", ""sel_9th_pre_bid"": ""+67300"", ""sel_8th_pre_req_pre"": ""0"", ""sel_8th_pre_req"": ""22"", ""sel_8th_pre_bid"": ""+67200"", ""sel_7th_pre_req_pre"": ""0"", ""sel_7th_pre_req"": ""7"", ""sel_7th_pre_bid"": ""+67100"", ""sel_6th_pre_req_pre"": ""0"", ""sel_6th_pre_req"": ""2"", ""sel_6th_pre_bid"": ""+66900"", ""sel_5th_pre_req_pre"": ""0"", ""sel_5th_pre_req"": ""26"", ""sel_5th_pre_bid"": ""+66800"", ""sel_4th_pre_req_pre"": ""0"", ""sel_4th_pre_req"": ""2"", ""sel_4th_pre_bid"": ""+66700"", ""sel_3th_pre_req_pre"": ""0"", ""sel_3th_pre_req"": ""35"", ""sel_3th_pre_bid"": ""66400"", ""sel_2th_pre_req_pre"": ""0"", ""sel_2th_pre_req"": ""6"", ""sel_2th_pre_bid"": ""-66000"", ""sel_1th_pre_req_pre"": ""0"", ""sel_fpr_req"": ""1"", ""sel_fpr_bid"": ""-65900"", ""buy_fpr_bid"": ""-65800"", ""buy_fpr_req"": ""53"", ""buy_1th_pre_req_pre"": ""+3"", ""buy_2th_pre_bid"": ""-65700"", ""buy_2th_pre_req"": ""177"", ""buy_2th_pre_req_pre"": ""0"", ""buy_3th_pre_bid"": ""-65600"", ""buy_3th_pre_req"": ""105"", ""buy_3th_pre_req_pre"": ""--3"", ""buy_4th_pre_bid"": ""-65500"", ""buy_4th_pre_req"": ""203"", ""buy_4th_pre_req_pre"": ""0"", ""buy_5th_pre_bid"": ""-65400"", ""buy_5th_pre_req"": ""71"", ""buy_5th_pre_req_pre"": ""0"", ""buy_6th_pre_bid"": ""-65300"", ""buy_6th_pre_req"": ""8"", ""buy_6th_pre_req_pre"": ""0"", ""buy_7th_pre_bid"": ""-65200"", ""buy_7th_pre_req"": ""69"", ""buy_7th_pre_req_pre"": ""0"", ""buy_8th_pre_bid"": ""-65100"", ""buy_8th_pre_req"": ""130"", ""buy_8th_pre_req_pre"": ""0"", ""buy_9th_pre_bid"": ""-65000"", ""buy_9th_pre_req"": ""991"", ""buy_9th_pre_req_pre"": ""0"", ""buy_10th_pre_bid"": ""-64900"", ""buy_10th_pre_req"": ""139"", ""buy_10th_pre_req_pre"": ""0"", ""tot_sel_req_jub_pre"": ""0"", ""tot_sel_req"": ""252"", ""tot_buy_req"": ""1946"", ""tot_buy_req_jub_pre"": ""0"", ""ovt_sel_req_pre"": ""0"", ""ovt_sel_req"": ""0"", ""ovt_buy_req"": ""0"", ""ovt_buy_req_pre"": ""0"", ""return_code"": 0, ""return_msg"": ""정상적으로 처리되었습니다""}"
2026-06-10,watchlist,489790,,0,filtered_candidate_recheck,67300,,67300,67100,67300,67000,-0.5943536404160475,0.2971768202080238,,,,,,"{""bid_req_base_tm"": ""113850"", ""sel_10th_pre_req_pre"": ""0"", ""sel_10th_pre_req"": ""10"", ""sel_10th_pre_bid"": ""+68300"", ""sel_9th_pre_req_pre"": ""0"", ""sel_9th_pre_req"": ""25"", ""sel_9th_pre_bid"": ""+68200"", ""sel_8th_pre_req_pre"": ""0"", ""sel_8th_pre_req"": ""1"", ""sel_8th_pre_bid"": ""+68100"", ""sel_7th_pre_req_pre"": ""0"", ""sel_7th_pre_req"": ""113"", ""sel_7th_pre_bid"": ""+68000"", ""sel_6th_pre_req_pre"": ""0"", ""sel_6th_pre_req"": ""119"", ""sel_6th_pre_bid"": ""+67900"", ""sel_5th_pre_req_pre"": ""0"", ""sel_5th_pre_req"": ""1002"", ""sel_5th_pre_bid"": ""+67800"", ""sel_4th_pre_req_pre"": ""0"", ""sel_4th_pre_req"": ""146"", ""sel_4th_pre_bid"": ""+67700"", ""sel_3th_pre_req_pre"": ""0"", ""sel_3th_pre_req"": ""496"", ""sel_3th_pre_bid"": ""+67500"", ""sel_2th_pre_req_pre"": ""0"", ""sel_2th_pre_req"": ""17"", ""sel_2th_pre_bid"": ""+67400"", ""sel_1th_pre_req_pre"": ""+4"", ""sel_fpr_req"": ""146"", ""sel_fpr_bid"": ""+67300"", ""buy_fpr_bid"": ""+67100"", ""buy_fpr_req"": ""39"", ""buy_1th_pre_req_pre"": ""--1"", ""buy_2th_pre_bid"": ""+67000"", ""buy_2th_pre_req"": ""63"", ""buy_2th_pre_req_pre"": ""0"", ""buy_3th_pre_bid"": ""+66900"", ""buy_3th_pre_req"": ""21"", ""buy_3th_pre_req_pre"": ""0"", ""buy_4th_pre_bid"": ""+66800"", ""buy_4th_pre_req"": ""219"", ""buy_4th_pre_req_pre"": ""0"", ""buy_5th_pre_bid"": ""+66700"", ""buy_5th_pre_req"": ""101"", ""buy_5th_pre_req_pre"": ""0"", ""buy_6th_pre_bid"": ""+66600"", ""buy_6th_pre_req"": ""42"", ""buy_6th_pre_req_pre"": ""0"", ""buy_7th_pre_bid"": ""66500"", ""buy_7th_pre_req"": ""162"", ""buy_7th_pre_req_pre"": ""0"", ""buy_8th_pre_bid"": ""-66400"", ""buy_8th_pre_req"": ""142"", ""buy_8th_pre_req_pre"": ""0"", ""buy_9th_pre_bid"": ""-66300"", ""buy_9th_pre_req"": ""113"", ""buy_9th_pre_req_pre"": ""0"", ""buy_10th_pre_bid"": ""-66200"", ""buy_10th_pre_req"": ""344"", ""buy_10th_pre_req_pre"": ""0"", ""tot_sel_req_jub_pre"": ""+4"", ""tot_sel_req"": ""2075"", ""tot_buy_req"": ""1246"", ""tot_buy_req_jub_pre"": ""--1"", ""ovt_sel_req_pre"": ""0"", ""ovt_sel_req"": ""0"", ""ovt_buy_req"": ""0"", ""ovt_buy_req_pre"": ""0"", ""return_code"": 0, ""return_msg"": ""정상적으로 처리되었습니다""}"
2026-06-10,watchlist,092200,,1,filtered_candidate_recheck,9420,,9420,9400,9420,9440,0.10615711252653928,0.21231422505307856,,,,,,"{""bid_req_base_tm"": ""113854"", ""sel_10th_pre_req_pre"": ""0"", ""sel_10th_pre_req"": ""16"", ""sel_10th_pre_bid"": ""-9530"", ""sel_9th_pre_req_pre"": ""0"", ""sel_9th_pre_req"": ""266"", ""sel_9th_pre_bid"": ""-9520"", ""sel_8th_pre_req_pre"": ""0"", ""sel_8th_pre_req"": ""220"", ""sel_8th_pre_bid"": ""-9510"", ""sel_7th_pre_req_pre"": ""0"", ""sel_7th_pre_req"": ""398"", ""sel_7th_pre_bid"": ""-9500"", ""sel_6th_pre_req_pre"": ""0"", ""sel_6th_pre_req"": ""150"", ""sel_6th_pre_bid"": ""-9490"", ""sel_5th_pre_req_pre"": ""0"", ""sel_5th_pre_req"": ""1"", ""sel_5th_pre_bid"": ""-9480"", ""sel_4th_pre_req_pre"": ""0"", ""sel_4th_pre_req"": ""4"", ""sel_4th_pre_bid"": ""-9460"", ""sel_3th_pre_req_pre"": ""0"", ""sel_3th_pre_req"": ""274"", ""sel_3th_pre_bid"": ""-9440"", ""sel_2th_pre_req_pre"": ""0"", ""sel_2th_pre_req"": ""3904"", ""sel_2th_pre_bid"": ""-9430"", ""sel_1th_pre_req_pre"": ""0"", ""sel_fpr_req"": ""166"", ""sel_fpr_bid"": ""-9420"", ""buy_fpr_bid"": ""-9400"", ""buy_fpr_req"": ""265"", ""buy_1th_pre_req_pre"": ""+155"", ""buy_2th_pre_bid"": ""-9390"", ""buy_2th_pre_req"": ""3060"", ""buy_2th_pre_req_pre"": ""0"", ""buy_3th_pre_bid"": ""-9380"", ""buy_3th_pre_req"": ""750"", ""buy_3th_pre_req_pre"": ""0"", ""buy_4th_pre_bid"": ""-9370"", ""buy_4th_pre_req"": ""776"", ""buy_4th_pre_req_pre"": ""0"", ""buy_5th_pre_bid"": ""-9360"", ""buy_5th_pre_req"": ""829"", ""buy_5th_pre_req_pre"": ""0"", ""buy_6th_pre_bid"": ""-9350"", ""buy_6th_pre_req"": ""1300"", ""buy_6th_pre_req_pre"": ""0"", ""buy_7th_pre_bid"": ""-9340"", ""buy_7th_pre_req"": ""953"", ""buy_7th_pre_req_pre"": ""0"", ""buy_8th_pre_bid"": ""-9330"", ""buy_8th_pre_req"": ""1353"", ""buy_8th_pre_req_pre"": ""0"", ""buy_9th_pre_bid"": ""-9320"", ""buy_9th_pre_req"": ""1039"", ""buy_9th_pre_req_pre"": ""0"", ""buy_10th_pre_bid"": ""-9310"", ""buy_10th_pre_req"": ""2992"", ""buy_10th_pre_req_pre"": ""0"", ""tot_sel_req_jub_pre"": ""0"", ""tot_sel_req"": ""5399"", ""tot_buy_req"": ""13317"", ""tot_buy_req_jub_pre"": ""+155"", ""ovt_sel_req_pre"": ""0"", ""ovt_sel_req"": ""0"", ""ovt_buy_req"": ""0"", ""ovt_buy_req_pre"": ""0"", ""return_code"": 0, ""return_msg"": ""정상적으로 처리되었습니다""}"
2026-06-10,watchlist,175330,,1,filtered_candidate_recheck,25500,,25500,25450,25500,25650,0.39215686274509803,0.19607843137254902,,,,,,"{""bid_req_base_tm"": ""113852"", ""sel_10th_pre_req_pre"": ""0"", ""sel_10th_pre_req"": ""143"", ""sel_10th_pre_bid"": ""+25950"", ""sel_9th_pre_req_pre"": ""0"", ""sel_9th_pre_req"": ""563"", ""sel_9th_pre_bid"": ""25900"", ""sel_8th_pre_req_pre"": ""0"", ""sel_8th_pre_req"": ""470"", ""sel_8th_pre_bid"": ""-25850"", ""sel_7th_pre_req_pre"": ""0"", ""sel_7th_pre_req"": ""43"", ""sel_7th_pre_bid"": ""-25800"", ""sel_6th_pre_req_pre"": ""0"", ""sel_6th_pre_req"": ""101"", ""sel_6th_pre_bid"": ""-25750"", ""sel_5th_pre_req_pre"": ""0"", ""sel_5th_pre_req"": ""85"", ""sel_5th_pre_bid"": ""-25700"", ""sel_4th_pre_req_pre"": ""0"", ""sel_4th_pre_req"": ""177"", ""sel_4th_pre_bid"": ""-25650"", ""sel_3th_pre_req_pre"": ""0"", ""sel_3th_pre_req"": ""483"", ""sel_3th_pre_bid"": ""-25600"", ""sel_2th_pre_req_pre"": ""0"", ""sel_2th_pre_req"": ""886"", ""sel_2th_pre_bid"": ""-25550"", ""sel_1th_pre_req_pre"": ""--7"", ""sel_fpr_req"": ""2916"", ""sel_fpr_bid"": ""-25500"", ""buy_fpr_bid"": ""-25450"", ""buy_fpr_req"": ""3249"", ""buy_1th_pre_req_pre"": ""0"", ""buy_2th_pre_bid"": ""-25400"", ""buy_2th_pre_req"": ""2679"", ""buy_2th_pre_req_pre"": ""0"", ""buy_3th_pre_bid"": ""-25350"", ""buy_3th_pre_req"": ""420"", ""buy_3th_pre_req_pre"": ""0"", ""buy_4th_pre_bid"": ""-25300"", ""buy_4th_pre_req"": ""362"", ""buy_4th_pre_req_pre"": ""0"", ""buy_5th_pre_bid"": ""-25250"", ""buy_5th_pre_req"": ""490"", ""buy_5th_pre_req_pre"": ""0"", ""buy_6th_pre_bid"": ""-25200"", ""buy_6th_pre_req"": ""380"", ""buy_6th_pre_req_pre"": ""0"", ""buy_7th_pre_bid"": ""-25150"", ""buy_7th_pre_req"": ""839"", ""buy_7th_pre_req_pre"": ""0"", ""buy_8th_pre_bid"": ""-25100"", ""buy_8th_pre_req"": ""541"", ""buy_8th_pre_req_pre"": ""0"", ""buy_9th_pre_bid"": ""-25050"", ""buy_9th_pre_req"": ""620"", ""buy_9th_pre_req_pre"": ""0"", ""buy_10th_pre_bid"": ""-25000"", ""buy_10th_pre_req"": ""708"", ""buy_10th_pre_req_pre"": ""0"", ""tot_sel_req_jub_pre"": ""--7"", ""tot_sel_req"": ""5867"", ""tot_buy_req"": ""10288"", ""tot_buy_req_jub_pre"": ""0"", ""ovt_sel_req_pre"": ""0"", ""ovt_sel_req"": ""0"", ""ovt_buy_req"": ""0"", ""ovt_buy_req_pre"": ""0"", ""return_code"": 0, ""return_msg"": ""정상적으로 처리되었습니다""}"
2026-06-10,watchlist,069960,,0,filtered_candidate_recheck,174900,,174900,174800,174900,174000,-0.8004574042309892,0.05717552887364208,,,,,,"{""bid_req_base_tm"": ""113854"", ""sel_10th_pre_req_pre"": ""0"", ""sel_10th_pre_req"": ""126"", ""sel_10th_pre_bid"": ""+176000"", ""sel_9th_pre_req_pre"": ""0"", ""sel_9th_pre_req"": ""100"", ""sel_9th_pre_bid"": ""+175900"", ""sel_8th_pre_req_pre"": ""0"", ""sel_8th_pre_req"": ""119"", ""sel_8th_pre_bid"": ""+175800"", ""sel_7th_pre_req_pre"": ""0"", ""sel_7th_pre_req"": ""13"", ""sel_7th_pre_bid"": ""+175700"", ""sel_6th_pre_req_pre"": ""0"", ""sel_6th_pre_req"": ""31"", ""sel_6th_pre_bid"": ""+175400"", ""sel_5th_pre_req_pre"": ""0"", ""sel_5th_pre_req"": ""1"", ""sel_5th_pre_bid"": ""+175300"", ""sel_4th_pre_req_pre"": ""0"", ""sel_4th_pre_req"": ""11"", ""sel_4th_pre_bid"": ""+175200"", ""sel_3th_pre_req_pre"": ""0"", ""sel_3th_pre_req"": ""1130"", ""sel_3th_pre_bid"": ""+175100"", ""sel_2th_pre_req_pre"": ""--3"", ""sel_2th_pre_req"": ""135"", ""sel_2th_pre_bid"": ""+175000"", ""sel_1th_pre_req_pre"": ""+3"", ""sel_fpr_req"": ""79"", ""sel_fpr_bid"": ""+174900"", ""buy_fpr_bid"": ""+174800"", ""buy_fpr_req"": ""27"", ""buy_1th_pre_req_pre"": ""0"", ""buy_2th_pre_bid"": ""+174700"", ""buy_2th_pre_req"": ""1"", ""buy_2th_pre_req_pre"": ""0"", ""buy_3th_pre_bid"": ""+174500"", ""buy_3th_pre_req"": ""51"", ""buy_3th_pre_req_pre"": ""0"", ""buy_4th_pre_bid"": ""+174200"", ""buy_4th_pre_req"": ""6"", ""buy_4th_pre_req_pre"": ""0"", ""buy_5th_pre_bid"": ""+173900"", ""buy_5th_pre_req"": ""1"", ""buy_5th_pre_req_pre"": ""0"", ""buy_6th_pre_bid"": ""+173600"", ""buy_6th_pre_req"": ""3"", ""buy_6th_pre_req_pre"": ""0"", ""buy_7th_pre_bid"": ""+173400"", ""buy_7th_pre_req"": ""6"", ""buy_7th_pre_req_pre"": ""0"", ""buy_8th_pre_bid"": ""+173300"", ""buy_8th_pre_req"": ""4"", ""buy_8th_pre_req_pre"": ""0"", ""buy_9th_pre_bid"": ""+173200"", ""buy_9th_pre_req"": ""1"", ""buy_9th_pre_req_pre"": ""0"", ""buy_10th_pre_bid"": ""+173100"", ""buy_10th_pre_req"": ""33"", ""buy_10th_pre_req_pre"": ""0"", ""tot_sel_req_jub_pre"": ""0"", ""tot_sel_req"": ""1745"", ""tot_buy_req"": ""133"", ""tot_buy_req_jub_pre"": ""0"", ""ovt_sel_req_pre"": ""0"", ""ovt_sel_req"": ""0"", ""ovt_buy_req"": ""0"", ""ovt_buy_req_pre"": ""0"", ""return_code"": 0, ""return_msg"": ""정상적으로 처리되었습니다""}"
2026-06-10,watchlist,001450,,0,filtered_candidate_recheck,37450,,37450,37350,37450,37450,-0.13351134846461948,0.26702269692923897,,,,,,"{""bid_req_base_tm"": ""113852"", ""sel_10th_pre_req_pre"": ""0"", ""sel_10th_pre_req"": ""224"", ""sel_10th_pre_bid"": ""+37900"", ""sel_9th_pre_req_pre"": ""0"", ""sel_9th_pre_req"": ""459"", ""sel_9th_pre_bid"": ""+37850"", ""sel_8th_pre_req_pre"": ""0"", ""sel_8th_pre_req"": ""502"", ""sel_8th_pre_bid"": ""+37800"", ""sel_7th_pre_req_pre"": ""0"", ""sel_7th_pre_req"": ""625"", ""sel_7th_pre_bid"": ""+37750"", ""sel_6th_pre_req_pre"": ""0"", ""sel_6th_pre_req"": ""97"", ""sel_6th_pre_bid"": ""+37700"", ""sel_5th_pre_req_pre"": ""0"", ""sel_5th_pre_req"": ""97"", ""sel_5th_pre_bid"": ""+37650"", ""sel_4th_pre_req_pre"": ""0"", ""sel_4th_pre_req"": ""63"", ""sel_4th_pre_bid"": ""+37600"", ""sel_3th_pre_req_pre"": ""0"", ""sel_3th_pre_req"": ""28"", ""sel_3th_pre_bid"": ""+37550"", ""sel_2th_pre_req_pre"": ""0"", ""sel_2th_pre_req"": ""123"", ""sel_2th_pre_bid"": ""+37500"", ""sel_1th_pre_req_pre"": ""--57"", ""sel_fpr_req"": ""80"", ""sel_fpr_bid"": ""+37450"", ""buy_fpr_bid"": ""+37350"", ""buy_fpr_req"": ""302"", ""buy_1th_pre_req_pre"": ""0"", ""buy_2th_pre_bid"": ""+37300"", ""buy_2th_pre_req"": ""3"", ""buy_2th_pre_req_pre"": ""0"", ""buy_3th_pre_bid"": ""+37250"", ""buy_3th_pre_req"": ""213"", ""buy_3th_pre_req_pre"": ""0"", ""buy_4th_pre_bid"": ""+37200"", ""buy_4th_pre_req"": ""491"", ""buy_4th_pre_req_pre"": ""0"", ""buy_5th_pre_bid"": ""+37150"", ""buy_5th_pre_req"": ""542"", ""buy_5th_pre_req_pre"": ""0"", ""buy_6th_pre_bid"": ""+37100"", ""buy_6th_pre_req"": ""670"", ""buy_6th_pre_req_pre"": ""0"", ""buy_7th_pre_bid"": ""+37050"", ""buy_7th_pre_req"": ""2827"", ""buy_7th_pre_req_pre"": ""0"", ""buy_8th_pre_bid"": ""+37000"", ""buy_8th_pre_req"": ""741"", ""buy_8th_pre_req_pre"": ""0"", ""buy_9th_pre_bid"": ""+36950"", ""buy_9th_pre_req"": ""137"", ""buy_9th_pre_req_pre"": ""0"", ""buy_10th_pre_bid"": ""36900"", ""buy_10th_pre_req"": ""1130"", ""buy_10th_pre_req_pre"": ""0"", ""tot_sel_req_jub_pre"": ""--57"", ""tot_sel_req"": ""2298"", ""tot_buy_req"": ""7056"", ""tot_buy_req_jub_pre"": ""0"", ""ovt_sel_req_pre"": ""0"", ""ovt_sel_req"": ""0"", ""ovt_buy_req"": ""0"", ""ovt_buy_req_pre"": ""0"", ""return_code"": 0, ""return_msg"": ""정상적으로 처리되었습니다""}"
2026-06-10,watchlist,011070,,0,filtered_candidate_recheck,1130000,,1130000,1129000,1130000,1132000,0.08849557522123894,0.08849557522123894,,,,,,"{""bid_req_base_tm"": ""113854"", ""sel_10th_pre_req_pre"": ""0"", ""sel_10th_pre_req"": ""138"", ""sel_10th_pre_bid"": ""+1139000"", ""sel_9th_pre_req_pre"": ""0"", ""sel_9th_pre_req"": ""96"", ""sel_9th_pre_bid"": ""+1138000"", ""sel_8th_pre_req_pre"": ""0"", ""sel_8th_pre_req"": ""106"", ""sel_8th_pre_bid"": ""1137000"", ""sel_7th_pre_req_pre"": ""0"", ""sel_7th_pre_req"": ""25"", ""sel_7th_pre_bid"": ""-1136000"", ""sel_6th_pre_req_pre"": ""0"", ""sel_6th_pre_req"": ""61"", ""sel_6th_pre_bid"": ""-1135000"", ""sel_5th_pre_req_pre"": ""0"", ""sel_5th_pre_req"": ""9"", ""sel_5th_pre_bid"": ""-1134000"", ""sel_4th_pre_req_pre"": ""0"", ""sel_4th_pre_req"": ""16"", ""sel_4th_pre_bid"": ""-1133000"", ""sel_3th_pre_req_pre"": ""0"", ""sel_3th_pre_req"": ""2"", ""sel_3th_pre_bid"": ""-1132000"", ""sel_2th_pre_req_pre"": ""0"", ""sel_2th_pre_req"": ""37"", ""sel_2th_pre_bid"": ""-1131000"", ""sel_1th_pre_req_pre"": ""--1"", ""sel_fpr_req"": ""20"", ""sel_fpr_bid"": ""-1130000"", ""buy_fpr_bid"": ""-1129000"", ""buy_fpr_req"": ""33"", ""buy_1th_pre_req_pre"": ""0"", ""buy_2th_pre_bid"": ""-1128000"", ""buy_2th_pre_req"": ""115"", ""buy_2th_pre_req_pre"": ""0"", ""buy_3th_pre_bid"": ""-1127000"", ""buy_3th_pre_req"": ""67"", ""buy_3th_pre_req_pre"": ""0"", ""buy_4th_pre_bid"": ""-1126000"", ""buy_4th_pre_req"": ""351"", ""buy_4th_pre_req_pre"": ""0"", ""buy_5th_pre_bid"": ""-1125000"", ""buy_5th_pre_req"": ""48"", ""buy_5th_pre_req_pre"": ""0"", ""buy_6th_pre_bid"": ""-1124000"", ""buy_6th_pre_req"": ""61"", ""buy_6th_pre_req_pre"": ""0"", ""buy_7th_pre_bid"": ""-1123000"", ""buy_7th_pre_req"": ""22"", ""buy_7th_pre_req_pre"": ""0"", ""buy_8th_pre_bid"": ""-1122000"", ""buy_8th_pre_req"": ""5"", ""buy_8th_pre_req_pre"": ""0"", ""buy_9th_pre_bid"": ""-1121000"", ""buy_9th_pre_req"": ""28"", ""buy_9th_pre_req_pre"": ""0"", ""buy_10th_pre_bid"": ""-1120000"", ""buy_10th_pre_req"": ""37"", ""buy_10th_pre_req_pre"": ""0"", ""tot_sel_req_jub_pre"": ""--1"", ""tot_sel_req"": ""510"", ""tot_buy_req"": ""767"", ""tot_buy_req_jub_pre"": ""0"", ""ovt_sel_req_pre"": ""0"", ""ovt_sel_req"": ""0"", ""ovt_buy_req"": ""0"", ""ovt_buy_req_pre"": ""0"", ""return_code"": 0, ""return_msg"": ""정상적으로 처리되었습니다""}"
2026-06-10,watchlist,088350,,0,filtered_candidate_recheck,4845,,4845,4835,4845,4850,0.0,0.20639834881320948,,,,,,"{""bid_req_base_tm"": ""113855"", ""sel_10th_pre_req_pre"": ""0"", ""sel_10th_pre_req"": ""3753"", ""sel_10th_pre_bid"": ""-4890"", ""sel_9th_pre_req_pre"": ""0"", ""sel_9th_pre_req"": ""2349"", ""sel_9th_pre_bid"": ""-4885"", ""sel_8th_pre_req_pre"": ""0"", ""sel_8th_pre_req"": ""504"", ""sel_8th_pre_bid"": ""-4880"", ""sel_7th_pre_req_pre"": ""0"", ""sel_7th_pre_req"": ""574"", ""sel_7th_pre_bid"": ""-4875"", ""sel_6th_pre_req_pre"": ""0"", ""sel_6th_pre_req"": ""114"", ""sel_6th_pre_bid"": ""-4870"", ""sel_5th_pre_req_pre"": ""0"", ""sel_5th_pre_req"": ""1970"", ""sel_5th_pre_bid"": ""-4865"", ""sel_4th_pre_req_pre"": ""0"", ""sel_4th_pre_req"": ""1757"", ""sel_4th_pre_bid"": ""-4860"", ""sel_3th_pre_req_pre"": ""0"", ""sel_3th_pre_req"": ""877"", ""sel_3th_pre_bid"": ""-4855"", ""sel_2th_pre_req_pre"": ""0"", ""sel_2th_pre_req"": ""3501"", ""sel_2th_pre_bid"": ""-4850"", ""sel_1th_pre_req_pre"": ""0"", ""sel_fpr_req"": ""2030"", ""sel_fpr_bid"": ""-4845"", ""buy_fpr_bid"": ""-4835"", ""buy_fpr_req"": ""12"", ""buy_1th_pre_req_pre"": ""0"", ""buy_2th_pre_bid"": ""-4830"", ""buy_2th_pre_req"": ""3644"", ""buy_2th_pre_req_pre"": ""0"", ""buy_3th_pre_bid"": ""-4825"", ""buy_3th_pre_req"": ""3989"", ""buy_3th_pre_req_pre"": ""--4"", ""buy_4th_pre_bid"": ""-4820"", ""buy_4th_pre_req"": ""7141"", ""buy_4th_pre_req_pre"": ""0"", ""buy_5th_pre_bid"": ""-4815"", ""buy_5th_pre_req"": ""26946"", ""buy_5th_pre_req_pre"": ""0"", ""buy_6th_pre_bid"": ""-4810"", ""buy_6th_pre_req"": ""10622"", ""buy_6th_pre_req_pre"": ""0"", ""buy_7th_pre_bid"": ""-4805"", ""buy_7th_pre_req"": ""13561"", ""buy_7th_pre_req_pre"": ""0"", ""buy_8th_pre_bid"": ""-4800"", ""buy_8th_pre_req"": ""19891"", ""buy_8th_pre_req_pre"": ""0"", ""buy_9th_pre_bid"": ""-4795"", ""buy_9th_pre_req"": ""13039"", ""buy_9th_pre_req_pre"": ""0"", ""buy_10th_pre_bid"": ""-4790"", ""buy_10th_pre_req"": ""16344"", ""buy_10th_pre_req_pre"": ""0"", ""tot_sel_req_jub_pre"": ""0"", ""tot_sel_req"": ""17429"", ""tot_buy_req"": ""115189"", ""tot_buy_req_jub_pre"": ""--4"", ""ovt_sel_req_pre"": ""0"", ""ovt_sel_req"": ""0"", ""ovt_buy_req"": ""0"", ""ovt_buy_req_pre"": ""0"", ""return_code"": 0, ""return_msg"": ""정상적으로 처리되었습니다""}"
2026-06-10,watchlist,195870,,0,filtered_candidate_recheck,75800,,75800,75600,75800,75900,0.0,0.2638522427440633,,,,,,"{""bid_req_base_tm"": ""113855"", ""sel_10th_pre_req_pre"": ""0"", ""sel_10th_pre_req"": ""20"", ""sel_10th_pre_bid"": ""+76900"", ""sel_9th_pre_req_pre"": ""0"", ""sel_9th_pre_req"": ""65"", ""sel_9th_pre_bid"": ""+76800"", ""sel_8th_pre_req_pre"": ""0"", ""sel_8th_pre_req"": ""10"", ""sel_8th_pre_bid"": ""+76700"", ""sel_7th_pre_req_pre"": ""0"", ""sel_7th_pre_req"": ""51"", ""sel_7th_pre_bid"": ""+76600"", ""sel_6th_pre_req_pre"": ""0"", ""sel_6th_pre_req"": ""4"", ""sel_6th_pre_bid"": ""+76400"", ""sel_5th_pre_req_pre"": ""0"", ""sel_5th_pre_req"": ""2"", ""sel_5th_pre_bid"": ""+76300"", ""sel_4th_pre_req_pre"": ""0"", ""sel_4th_pre_req"": ""7"", ""sel_4th_pre_bid"": ""+76100"", ""sel_3th_pre_req_pre"": ""0"", ""sel_3th_pre_req"": ""120"", ""sel_3th_pre_bid"": ""+76000"", ""sel_2th_pre_req_pre"": ""0"", ""sel_2th_pre_req"": ""86"", ""sel_2th_pre_bid"": ""+75900"", ""sel_1th_pre_req_pre"": ""0"", ""sel_fpr_req"": ""21"", ""sel_fpr_bid"": ""+75800"", ""buy_fpr_bid"": ""+75600"", ""buy_fpr_req"": ""12"", ""buy_1th_pre_req_pre"": ""0"", ""buy_2th_pre_bid"": ""+75500"", ""buy_2th_pre_req"": ""15"", ""buy_2th_pre_req_pre"": ""0"", ""buy_3th_pre_bid"": ""+75400"", ""buy_3th_pre_req"": ""41"", ""buy_3th_pre_req_pre"": ""0"", ""buy_4th_pre_bid"": ""+75300"", ""buy_4th_pre_req"": ""29"", ""buy_4th_pre_req_pre"": ""+15"", ""buy_5th_pre_bid"": ""+75200"", ""buy_5th_pre_req"": ""86"", ""buy_5th_pre_req_pre"": ""0"", ""buy_6th_pre_bid"": ""+75100"", ""buy_6th_pre_req"": ""83"", ""buy_6th_pre_req_pre"": ""0"", ""buy_7th_pre_bid"": ""+75000"", ""buy_7th_pre_req"": ""80"", ""buy_7th_pre_req_pre"": ""--15"", ""buy_8th_pre_bid"": ""+74900"", ""buy_8th_pre_req"": ""43"", ""buy_8th_pre_req_pre"": ""0"", ""buy_9th_pre_bid"": ""+74800"", ""buy_9th_pre_req"": ""134"", ""buy_9th_pre_req_pre"": ""0"", ""buy_10th_pre_bid"": ""+74700"", ""buy_10th_pre_req"": ""70"", ""buy_10th_pre_req_pre"": ""0"", ""tot_sel_req_jub_pre"": ""--34"", ""tot_sel_req"": ""386"", ""tot_buy_req"": ""593"", ""tot_buy_req_jub_pre"": ""0"", ""ovt_sel_req_pre"": ""0"", ""ovt_sel_req"": ""0"", ""ovt_buy_req"": ""0"", ""ovt_buy_req_pre"": ""0"", ""return_code"": 0, ""return_msg"": ""정상적으로 처리되었습니다""}"
2026-06-10,watchlist,042700,,0,filtered_candidate_recheck,279500,,279500,279000,279500,280500,0.17889087656529518,0.17889087656529518,,,,,,"{""bid_req_base_tm"": ""113853"", ""sel_10th_pre_req_pre"": ""0"", ""sel_10th_pre_req"": ""324"", ""sel_10th_pre_bid"": ""+284000"", ""sel_9th_pre_req_pre"": ""0"", ""sel_9th_pre_req"": ""114"", ""sel_9th_pre_bid"": ""+283500"", ""sel_8th_pre_req_pre"": ""0"", ""sel_8th_pre_req"": ""248"", ""sel_8th_pre_bid"": ""+283000"", ""sel_7th_pre_req_pre"": ""0"", ""sel_7th_pre_req"": ""102"", ""sel_7th_pre_bid"": ""+282500"", ""sel_6th_pre_req_pre"": ""0"", ""sel_6th_pre_req"": ""203"", ""sel_6th_pre_bid"": ""+282000"", ""sel_5th_pre_req_pre"": ""0"", ""sel_5th_pre_req"": ""33"", ""sel_5th_pre_bid"": ""+281500"", ""sel_4th_pre_req_pre"": ""0"", ""sel_4th_pre_req"": ""163"", ""sel_4th_pre_bid"": ""+281000"", ""sel_3th_pre_req_pre"": ""0"", ""sel_3th_pre_req"": ""302"", ""sel_3th_pre_bid"": ""+280500"", ""sel_2th_pre_req_pre"": ""0"", ""sel_2th_pre_req"": ""777"", ""sel_2th_pre_bid"": ""+280000"", ""sel_1th_pre_req_pre"": ""0"", ""sel_fpr_req"": ""198"", ""sel_fpr_bid"": ""+279500"", ""buy_fpr_bid"": ""+279000"", ""buy_fpr_req"": ""145"", ""buy_1th_pre_req_pre"": ""+8"", ""buy_2th_pre_bid"": ""+278500"", ""buy_2th_pre_req"": ""504"", ""buy_2th_pre_req_pre"": ""0"", ""buy_3th_pre_bid"": ""+278000"", ""buy_3th_pre_req"": ""946"", ""buy_3th_pre_req_pre"": ""0"", ""buy_4th_pre_bid"": ""+277500"", ""buy_4th_pre_req"": ""991"", ""buy_4th_pre_req_pre"": ""0"", ""buy_5th_pre_bid"": ""+277000"", ""buy_5th_pre_req"": ""835"", ""buy_5th_pre_req_pre"": ""0"", ""buy_6th_pre_bid"": ""276500"", ""buy_6th_pre_req"": ""873"", ""buy_6th_pre_req_pre"": ""0"", ""buy_7th_pre_bid"": ""-276000"", ""buy_7th_pre_req"": ""1946"", ""buy_7th_pre_req_pre"": ""0"", ""buy_8th_pre_bid"": ""-275500"", ""buy_8th_pre_req"": ""250"", ""buy_8th_pre_req_pre"": ""0"", ""buy_9th_pre_bid"": ""-275000"", ""buy_9th_pre_req"": ""1194"", ""buy_9th_pre_req_pre"": ""0"", ""buy_10th_pre_bid"": ""-274500"", ""buy_10th_pre_req"": ""192"", ""buy_10th_pre_req_pre"": ""0"", ""tot_sel_req_jub_pre"": ""0"", ""tot_sel_req"": ""2464"", ""tot_buy_req"": ""7876"", ""tot_buy_req_jub_pre"": ""+8"", ""ovt_sel_req_pre"": ""0"", ""ovt_sel_req"": ""0"", ""ovt_buy_req"": ""0"", ""ovt_buy_req_pre"": ""0"", ""return_code"": 0, ""return_msg"": ""정상적으로 처리되었습니다""}"
2026-06-10,watchlist,003160,,0,filtered_candidate_recheck,28000,,28000,27950,28000,27950,-0.35714285714285715,0.17857142857142858,,,,,,"{""bid_req_base_tm"": ""113855"", ""sel_10th_pre_req_pre"": ""0"", ""sel_10th_pre_req"": ""21"", ""sel_10th_pre_bid"": ""+28500"", ""sel_9th_pre_req_pre"": ""0"", ""sel_9th_pre_req"": ""2070"", ""sel_9th_pre_bid"": ""+28400"", ""sel_8th_pre_req_pre"": ""0"", ""sel_8th_pre_req"": ""161"", ""sel_8th_pre_bid"": ""+28350"", ""sel_7th_pre_req_pre"": ""0"", ""sel_7th_pre_req"": ""200"", ""sel_7th_pre_bid"": ""+28300"", ""sel_6th_pre_req_pre"": ""0"", ""sel_6th_pre_req"": ""101"", ""sel_6th_pre_bid"": ""+28250"", ""sel_5th_pre_req_pre"": ""0"", ""sel_5th_pre_req"": ""111"", ""sel_5th_pre_bid"": ""+28200"", ""sel_4th_pre_req_pre"": ""0"", ""sel_4th_pre_req"": ""103"", ""sel_4th_pre_bid"": ""+28150"", ""sel_3th_pre_req_pre"": ""0"", ""sel_3th_pre_req"": ""150"", ""sel_3th_pre_bid"": ""+28100"", ""sel_2th_pre_req_pre"": ""0"", ""sel_2th_pre_req"": ""58"", ""sel_2th_pre_bid"": ""28050"", ""sel_1th_pre_req_pre"": ""0"", ""sel_fpr_req"": ""339"", ""sel_fpr_bid"": ""-28000"", ""buy_fpr_bid"": ""-27950"", ""buy_fpr_req"": ""322"", ""buy_1th_pre_req_pre"": ""--3"", ""buy_2th_pre_bid"": ""-27900"", ""buy_2th_pre_req"": ""22"", ""buy_2th_pre_req_pre"": ""0"", ""buy_3th_pre_bid"": ""-27850"", ""buy_3th_pre_req"": ""94"", ""buy_3th_pre_req_pre"": ""0"", ""buy_4th_pre_bid"": ""-27800"", ""buy_4th_pre_req"": ""256"", ""buy_4th_pre_req_pre"": ""0"", ""buy_5th_pre_bid"": ""-27750"", ""buy_5th_pre_req"": ""76"", ""buy_5th_pre_req_pre"": ""0"", ""buy_6th_pre_bid"": ""-27700"", ""buy_6th_pre_req"": ""134"", ""buy_6th_pre_req_pre"": ""0"", ""buy_7th_pre_bid"": ""-27650"", ""buy_7th_pre_req"": ""301"", ""buy_7th_pre_req_pre"": ""0"", ""buy_8th_pre_bid"": ""-27600"", ""buy_8th_pre_req"": ""615"", ""buy_8th_pre_req_pre"": ""0"", ""buy_9th_pre_bid"": ""-27550"", ""buy_9th_pre_req"": ""301"", ""buy_9th_pre_req_pre"": ""0"", ""buy_10th_pre_bid"": ""-27500"", ""buy_10th_pre_req"": ""956"", ""buy_10th_pre_req_pre"": ""0"", ""tot_sel_req_jub_pre"": ""0"", ""tot_sel_req"": ""3314"", ""tot_buy_req"": ""3077"", ""tot_buy_req_jub_pre"": ""--3"", ""ovt_sel_req_pre"": ""0"", ""ovt_sel_req"": ""0"", ""ovt_buy_req"": ""0"", ""ovt_buy_req_pre"": ""0"", ""return_code"": 0, ""return_msg"": ""정상적으로 처리되었습니다""}"
2026-06-10,watchlist,005940,,0,filtered_candidate_recheck,30850,,30850,30800,30850,30950,0.1620745542949757,0.1620745542949757,,,,,,"{""bid_req_base_tm"": ""113855"", ""sel_10th_pre_req_pre"": ""0"", ""sel_10th_pre_req"": ""1072"", ""sel_10th_pre_bid"": ""+31300"", ""sel_9th_pre_req_pre"": ""0"", ""sel_9th_pre_req"": ""445"", ""sel_9th_pre_bid"": ""31250"", ""sel_8th_pre_req_pre"": ""0"", ""sel_8th_pre_req"": ""414"", ""sel_8th_pre_bid"": ""-31200"", ""sel_7th_pre_req_pre"": ""0"", ""sel_7th_pre_req"": ""11"", ""sel_7th_pre_bid"": ""-31150"", ""sel_6th_pre_req_pre"": ""0"", ""sel_6th_pre_req"": ""1"", ""sel_6th_pre_bid"": ""-31100"", ""sel_5th_pre_req_pre"": ""0"", ""sel_5th_pre_req"": ""111"", ""sel_5th_pre_bid"": ""-31050"", ""sel_4th_pre_req_pre"": ""0"", ""sel_4th_pre_req"": ""291"", ""sel_4th_pre_bid"": ""-31000"", ""sel_3th_pre_req_pre"": ""0"", ""sel_3th_pre_req"": ""339"", ""sel_3th_pre_bid"": ""-30950"", ""sel_2th_pre_req_pre"": ""0"", ""sel_2th_pre_req"": ""109"", ""sel_2th_pre_bid"": ""-30900"", ""sel_1th_pre_req_pre"": ""--4"", ""sel_fpr_req"": ""20"", ""sel_fpr_bid"": ""-30850"", ""buy_fpr_bid"": ""-30800"", ""buy_fpr_req"": ""4"", ""buy_1th_pre_req_pre"": ""0"", ""buy_2th_pre_bid"": ""-30750"", ""buy_2th_pre_req"": ""1577"", ""buy_2th_pre_req_pre"": ""0"", ""buy_3th_pre_bid"": ""-30700"", ""buy_3th_pre_req"": ""471"", ""buy_3th_pre_req_pre"": ""0"", ""buy_4th_pre_bid"": ""-30650"", ""buy_4th_pre_req"": ""3673"", ""buy_4th_pre_req_pre"": ""0"", ""buy_5th_pre_bid"": ""-30600"", ""buy_5th_pre_req"": ""381"", ""buy_5th_pre_req_pre"": ""0"", ""buy_6th_pre_bid"": ""-30550"", ""buy_6th_pre_req"": ""433"", ""buy_6th_pre_req_pre"": ""0"", ""buy_7th_pre_bid"": ""-30500"", ""buy_7th_pre_req"": ""1201"", ""buy_7th_pre_req_pre"": ""0"", ""buy_8th_pre_bid"": ""-30450"", ""buy_8th_pre_req"": ""1569"", ""buy_8th_pre_req_pre"": ""0"", ""buy_9th_pre_bid"": ""-30400"", ""buy_9th_pre_req"": ""790"", ""buy_9th_pre_req_pre"": ""0"", ""buy_10th_pre_bid"": ""-30350"", ""buy_10th_pre_req"": ""1046"", ""buy_10th_pre_req_pre"": ""0"", ""tot_sel_req_jub_pre"": ""--4"", ""tot_sel_req"": ""2813"", ""tot_buy_req"": ""11145"", ""tot_buy_req_jub_pre"": ""--3156"", ""ovt_sel_req_pre"": ""0"", ""ovt_sel_req"": ""0"", ""ovt_buy_req"": ""0"", ""ovt_buy_req_pre"": ""0"", ""return_code"": 0, ""return_msg"": ""정상적으로 처리되었습니다""}"
2026-06-10,watchlist,120110,,0,filtered_candidate_recheck,70600,,70600,70400,70600,70400,-0.424929178470255,0.28328611898017,,,,,,"{""bid_req_base_tm"": ""113851"", ""sel_10th_pre_req_pre"": ""0"", ""sel_10th_pre_req"": ""1781"", ""sel_10th_pre_bid"": ""+71500"", ""sel_9th_pre_req_pre"": ""0"", ""sel_9th_pre_req"": ""68"", ""sel_9th_pre_bid"": ""+71400"", ""sel_8th_pre_req_pre"": ""0"", ""sel_8th_pre_req"": ""13"", ""sel_8th_pre_bid"": ""+71300"", ""sel_7th_pre_req_pre"": ""0"", ""sel_7th_pre_req"": ""6"", ""sel_7th_pre_bid"": ""+71200"", ""sel_6th_pre_req_pre"": ""0"", ""sel_6th_pre_req"": ""12"", ""sel_6th_pre_bid"": ""+71100"", ""sel_5th_pre_req_pre"": ""0"", ""sel_5th_pre_req"": ""116"", ""sel_5th_pre_bid"": ""+71000"", ""sel_4th_pre_req_pre"": ""0"", ""sel_4th_pre_req"": ""33"", ""sel_4th_pre_bid"": ""+70900"", ""sel_3th_pre_req_pre"": ""0"", ""sel_3th_pre_req"": ""4"", ""sel_3th_pre_bid"": ""+70800"", ""sel_2th_pre_req_pre"": ""0"", ""sel_2th_pre_req"": ""231"", ""sel_2th_pre_bid"": ""+70700"", ""sel_1th_pre_req_pre"": ""0"", ""sel_fpr_req"": ""67"", ""sel_fpr_bid"": ""+70600"", ""buy_fpr_bid"": ""+70400"", ""buy_fpr_req"": ""3"", ""buy_1th_pre_req_pre"": ""0"", ""buy_2th_pre_bid"": ""+70300"", ""buy_2th_pre_req"": ""83"", ""buy_2th_pre_req_pre"": ""+5"", ""buy_3th_pre_bid"": ""+70200"", ""buy_3th_pre_req"": ""47"", ""buy_3th_pre_req_pre"": ""0"", ""buy_4th_pre_bid"": ""+70100"", ""buy_4th_pre_req"": ""411"", ""buy_4th_pre_req_pre"": ""0"", ""buy_5th_pre_bid"": ""+70000"", ""buy_5th_pre_req"": ""1056"", ""buy_5th_pre_req_pre"": ""0"", ""buy_6th_pre_bid"": ""+69900"", ""buy_6th_pre_req"": ""57"", ""buy_6th_pre_req_pre"": ""0"", ""buy_7th_pre_bid"": ""+69700"", ""buy_7th_pre_req"": ""106"", ""buy_7th_pre_req_pre"": ""0"", ""buy_8th_pre_bid"": ""+69600"", ""buy_8th_pre_req"": ""22"", ""buy_8th_pre_req_pre"": ""0"", ""buy_9th_pre_bid"": ""+69500"", ""buy_9th_pre_req"": ""18"", ""buy_9th_pre_req_pre"": ""0"", ""buy_10th_pre_bid"": ""+69400"", ""buy_10th_pre_req"": ""23"", ""buy_10th_pre_req_pre"": ""0"", ""tot_sel_req_jub_pre"": ""0"", ""tot_sel_req"": ""2331"", ""tot_buy_req"": ""1826"", ""tot_buy_req_jub_pre"": ""+5"", ""ovt_sel_req_pre"": ""0"", ""ovt_sel_req"": ""0"", ""ovt_buy_req"": ""0"", ""ovt_buy_req_pre"": ""0"", ""return_code"": 0, ""return_msg"": ""정상적으로 처리되었습니다""}"
2026-06-10,watchlist,375500,,0,filtered_candidate_recheck,71000,,71000,70900,71000,70900,-0.28169014084507044,0.14084507042253522,,,,,,"{""bid_req_base_tm"": ""113855"", ""sel_10th_pre_req_pre"": ""0"", ""sel_10th_pre_req"": ""325"", ""sel_10th_pre_bid"": ""+72000"", ""sel_9th_pre_req_pre"": ""0"", ""sel_9th_pre_req"": ""203"", ""sel_9th_pre_bid"": ""+71900"", ""sel_8th_pre_req_pre"": ""0"", ""sel_8th_pre_req"": ""202"", ""sel_8th_pre_bid"": ""+71800"", ""sel_7th_pre_req_pre"": ""0"", ""sel_7th_pre_req"": ""225"", ""sel_7th_pre_bid"": ""+71700"", ""sel_6th_pre_req_pre"": ""0"", ""sel_6th_pre_req"": ""296"", ""sel_6th_pre_bid"": ""+71600"", ""sel_5th_pre_req_pre"": ""0"", ""sel_5th_pre_req"": ""585"", ""sel_5th_pre_bid"": ""+71500"", ""sel_4th_pre_req_pre"": ""0"", ""sel_4th_pre_req"": ""527"", ""sel_4th_pre_bid"": ""+71400"", ""sel_3th_pre_req_pre"": ""0"", ""sel_3th_pre_req"": ""53"", ""sel_3th_pre_bid"": ""+71300"", ""sel_2th_pre_req_pre"": ""0"", ""sel_2th_pre_req"": ""56"", ""sel_2th_pre_bid"": ""+71200"", ""sel_1th_pre_req_pre"": ""--2"", ""sel_fpr_req"": ""27"", ""sel_fpr_bid"": ""+71000"", ""buy_fpr_bid"": ""+70900"", ""buy_fpr_req"": ""217"", ""buy_1th_pre_req_pre"": ""0"", ""buy_2th_pre_bid"": ""+70800"", ""buy_2th_pre_req"": ""502"", ""buy_2th_pre_req_pre"": ""0"", ""buy_3th_pre_bid"": ""+70700"", ""buy_3th_pre_req"": ""197"", ""buy_3th_pre_req_pre"": ""0"", ""buy_4th_pre_bid"": ""+70600"", ""buy_4th_pre_req"": ""56"", ""buy_4th_pre_req_pre"": ""0"", ""buy_5th_pre_bid"": ""+70500"", ""buy_5th_pre_req"": ""491"", ""buy_5th_pre_req_pre"": ""0"", ""buy_6th_pre_bid"": ""+70400"", ""buy_6th_pre_req"": ""58"", ""buy_6th_pre_req_pre"": ""0"", ""buy_7th_pre_bid"": ""+70300"", ""buy_7th_pre_req"": ""189"", ""buy_7th_pre_req_pre"": ""0"", ""buy_8th_pre_bid"": ""+70200"", ""buy_8th_pre_req"": ""90"", ""buy_8th_pre_req_pre"": ""0"", ""buy_9th_pre_bid"": ""+70100"", ""buy_9th_pre_req"": ""194"", ""buy_9th_pre_req_pre"": ""0"", ""buy_10th_pre_bid"": ""+70000"", ""buy_10th_pre_req"": ""134"", ""buy_10th_pre_req_pre"": ""0"", ""tot_sel_req_jub_pre"": ""--2"", ""tot_sel_req"": ""2499"", ""tot_buy_req"": ""2128"", ""tot_buy_req_jub_pre"": ""0"", ""ovt_sel_req_pre"": ""0"", ""ovt_sel_req"": ""0"", ""ovt_buy_req"": ""0"", ""ovt_buy_req_pre"": ""0"", ""return_code"": 0, ""return_msg"": ""정상적으로 처리되었습니다""}"
2026-06-10,watchlist,483650,,0,filtered_candidate_recheck,205500,,205500,205000,205500,207000,0.48661800486618007,0.24330900243309003,,,,,,"{""bid_req_base_tm"": ""113856"", ""sel_10th_pre_req_pre"": ""0"", ""sel_10th_pre_req"": ""733"", ""sel_10th_pre_bid"": ""+210000"", ""sel_9th_pre_req_pre"": ""0"", ""sel_9th_pre_req"": ""760"", ""sel_9th_pre_bid"": ""+209500"", ""sel_8th_pre_req_pre"": ""0"", ""sel_8th_pre_req"": ""1467"", ""sel_8th_pre_bid"": ""+209000"", ""sel_7th_pre_req_pre"": ""0"", ""sel_7th_pre_req"": ""912"", ""sel_7th_pre_bid"": ""+208500"", ""sel_6th_pre_req_pre"": ""0"", ""sel_6th_pre_req"": ""565"", ""sel_6th_pre_bid"": ""+208000"", ""sel_5th_pre_req_pre"": ""0"", ""sel_5th_pre_req"": ""115"", ""sel_5th_pre_bid"": ""+207500"", ""sel_4th_pre_req_pre"": ""0"", ""sel_4th_pre_req"": ""167"", ""sel_4th_pre_bid"": ""+207000"", ""sel_3th_pre_req_pre"": ""0"", ""sel_3th_pre_req"": ""273"", ""sel_3th_pre_bid"": ""+206500"", ""sel_2th_pre_req_pre"": ""0"", ""sel_2th_pre_req"": ""390"", ""sel_2th_pre_bid"": ""+206000"", ""sel_1th_pre_req_pre"": ""0"", ""sel_fpr_req"": ""46"", ""sel_fpr_bid"": ""+205500"", ""buy_fpr_bid"": ""+205000"", ""buy_fpr_req"": ""362"", ""buy_1th_pre_req_pre"": ""+2"", ""buy_2th_pre_bid"": ""+204500"", ""buy_2th_pre_req"": ""198"", ""buy_2th_pre_req_pre"": ""0"", ""buy_3th_pre_bid"": ""+204000"", ""buy_3th_pre_req"": ""5209"", ""buy_3th_pre_req_pre"": ""0"", ""buy_4th_pre_bid"": ""+203500"", ""buy_4th_pre_req"": ""20"", ""buy_4th_pre_req_pre"": ""0"", ""buy_5th_pre_bid"": ""+203000"", ""buy_5th_pre_req"": ""58"", ""buy_5th_pre_req_pre"": ""0"", ""buy_6th_pre_bid"": ""+202500"", ""buy_6th_pre_req"": ""44"", ""buy_6th_pre_req_pre"": ""0"", ""buy_7th_pre_bid"": ""+202000"", ""buy_7th_pre_req"": ""50"", ""buy_7th_pre_req_pre"": ""0"", ""buy_8th_pre_bid"": ""+201500"", ""buy_8th_pre_req"": ""136"", ""buy_8th_pre_req_pre"": ""0"", ""buy_9th_pre_bid"": ""+201000"", ""buy_9th_pre_req"": ""329"", ""buy_9th_pre_req_pre"": ""0"", ""buy_10th_pre_bid"": ""+200500"", ""buy_10th_pre_req"": ""99"", ""buy_10th_pre_req_pre"": ""0"", ""tot_sel_req_jub_pre"": ""0"", ""tot_sel_req"": ""5428"", ""tot_buy_req"": ""6505"", ""tot_buy_req_jub_pre"": ""+2"", ""ovt_sel_req_pre"": ""0"", ""ovt_sel_req"": ""0"", ""ovt_buy_req"": ""0"", ""ovt_buy_req_pre"": ""0"", ""return_code"": 0, ""return_msg"": ""정상적으로 처리되었습니다""}"
2026-06-10,scan_candidate,005930,,0,main_scan,304000,,304000,303500,304000,305500,0.3289473684210526,0.1644736842105263,,,,,,"{""bid_req_base_tm"": ""114100"", ""sel_10th_pre_req_pre"": ""0"", ""sel_10th_pre_req"": ""26468"", ""sel_10th_pre_bid"": ""-308500"", ""sel_9th_pre_req_pre"": ""0"", ""sel_9th_pre_req"": ""29347"", ""sel_9th_pre_bid"": ""-308000"", ""sel_8th_pre_req_pre"": ""0"", ""sel_8th_pre_req"": ""19595"", ""sel_8th_pre_bid"": ""-307500"", ""sel_7th_pre_req_pre"": ""0"", ""sel_7th_pre_req"": ""11832"", ""sel_7th_pre_bid"": ""-307000"", ""sel_6th_pre_req_pre"": ""0"", ""sel_6th_pre_req"": ""12788"", ""sel_6th_pre_bid"": ""-306500"", ""sel_5th_pre_req_pre"": ""0"", ""sel_5th_pre_req"": ""13139"", ""sel_5th_pre_bid"": ""-306000"", ""sel_4th_pre_req_pre"": ""0"", ""sel_4th_pre_req"": ""7905"", ""sel_4th_pre_bid"": ""-305500"", ""sel_3th_pre_req_pre"": ""0"", ""sel_3th_pre_req"": ""4271"", ""sel_3th_pre_bid"": ""-305000"", ""sel_2th_pre_req_pre"": ""0"", ""sel_2th_pre_req"": ""20521"", ""sel_2th_pre_bid"": ""-304500"", ""sel_1th_pre_req_pre"": ""--2"", ""sel_fpr_req"": ""6070"", ""sel_fpr_bid"": ""-304000"", ""buy_fpr_bid"": ""-303500"", ""buy_fpr_req"": ""23762"", ""buy_1th_pre_req_pre"": ""+5"", ""buy_2th_pre_bid"": ""-303000"", ""buy_2th_pre_req"": ""108558"", ""buy_2th_pre_req_pre"": ""0"", ""buy_3th_pre_bid"": ""-302500"", ""buy_3th_pre_req"": ""48543"", ""buy_3th_pre_req_pre"": ""0"", ""buy_4th_pre_bid"": ""-302000"", ""buy_4th_pre_req"": ""61234"", ""buy_4th_pre_req_pre"": ""0"", ""buy_5th_pre_bid"": ""-301500"", ""buy_5th_pre_req"": ""48758"", ""buy_5th_pre_req_pre"": ""0"", ""buy_6th_pre_bid"": ""-301000"", ""buy_6th_pre_req"": ""101982"", ""buy_6th_pre_req_pre"": ""0"", ""buy_7th_pre_bid"": ""-300500"", ""buy_7th_pre_req"": ""139364"", ""buy_7th_pre_req_pre"": ""0"", ""buy_8th_pre_bid"": ""-300000"", ""buy_8th_pre_req"": ""326934"", ""buy_8th_pre_req_pre"": ""0"", ""buy_9th_pre_bid"": ""-299500"", ""buy_9th_pre_req"": ""43629"", ""buy_9th_pre_req_pre"": ""0"", ""buy_10th_pre_bid"": ""-299000"", ""buy_10th_pre_req"": ""55305"", ""buy_10th_pre_req_pre"": ""0"", ""tot_sel_req_jub_pre"": ""--2"", ""tot_sel_req"": ""151936"", ""tot_buy_req"": ""958069"", ""tot_buy_req_jub_pre"": ""+5"", ""ovt_sel_req_pre"": ""0"", ""ovt_sel_req"": ""0"", ""ovt_buy_req"": ""0"", ""ovt_buy_req_pre"": ""0"", ""return_code"": 0, ""return_msg"": ""정상적으로 처리되었습니다""}"
2026-06-10,scan_candidate,000660,,0,main_scan,2083000,,2083000,2082000,2083000,2086000,0.09601536245799328,0.04800768122899664,,,,,,"{""bid_req_base_tm"": ""114100"", ""sel_10th_pre_req_pre"": ""0"", ""sel_10th_pre_req"": ""186"", ""sel_10th_pre_bid"": ""-2092000"", ""sel_9th_pre_req_pre"": ""0"", ""sel_9th_pre_req"": ""17"", ""sel_9th_pre_bid"": ""-2091000"", ""sel_8th_pre_req_pre"": ""0"", ""sel_8th_pre_req"": ""284"", ""sel_8th_pre_bid"": ""-2090000"", ""sel_7th_pre_req_pre"": ""0"", ""sel_7th_pre_req"": ""70"", ""sel_7th_pre_bid"": ""-2089000"", ""sel_6th_pre_req_pre"": ""0"", ""sel_6th_pre_req"": ""269"", ""sel_6th_pre_bid"": ""-2088000"", ""sel_5th_pre_req_pre"": ""0"", ""sel_5th_pre_req"": ""51"", ""sel_5th_pre_bid"": ""-2087000"", ""sel_4th_pre_req_pre"": ""0"", ""sel_4th_pre_req"": ""246"", ""sel_4th_pre_bid"": ""-2086000"", ""sel_3th_pre_req_pre"": ""0"", ""sel_3th_pre_req"": ""62"", ""sel_3th_pre_bid"": ""-2085000"", ""sel_2th_pre_req_pre"": ""0"", ""sel_2th_pre_req"": ""38"", ""sel_2th_pre_bid"": ""-2084000"", ""sel_1th_pre_req_pre"": ""--1"", ""sel_fpr_req"": ""30"", ""sel_fpr_bid"": ""-2083000"", ""buy_fpr_bid"": ""-2082000"", ""buy_fpr_req"": ""429"", ""buy_1th_pre_req_pre"": ""0"", ""buy_2th_pre_bid"": ""-2081000"", ""buy_2th_pre_req"": ""1282"", ""buy_2th_pre_req_pre"": ""0"", ""buy_3th_pre_bid"": ""-2080000"", ""buy_3th_pre_req"": ""444"", ""buy_3th_pre_req_pre"": ""0"", ""buy_4th_pre_bid"": ""-2079000"", ""buy_4th_pre_req"": ""233"", ""buy_4th_pre_req_pre"": ""0"", ""buy_5th_pre_bid"": ""-2078000"", ""buy_5th_pre_req"": ""475"", ""buy_5th_pre_req_pre"": ""0"", ""buy_6th_pre_bid"": ""-2077000"", ""buy_6th_pre_req"": ""433"", ""buy_6th_pre_req_pre"": ""0"", ""buy_7th_pre_bid"": ""-2076000"", ""buy_7th_pre_req"": ""470"", ""buy_7th_pre_req_pre"": ""0"", ""buy_8th_pre_bid"": ""-2075000"", ""buy_8th_pre_req"": ""1534"", ""buy_8th_pre_req_pre"": ""0"", ""buy_9th_pre_bid"": ""-2074000"", ""buy_9th_pre_req"": ""512"", ""buy_9th_pre_req_pre"": ""0"", ""buy_10th_pre_bid"": ""-2073000"", ""buy_10th_pre_req"": ""734"", ""buy_10th_pre_req_pre"": ""0"", ""tot_sel_req_jub_pre"": ""--1"", ""tot_sel_req"": ""1253"", ""tot_buy_req"": ""6546"", ""tot_buy_req_jub_pre"": ""0"", ""ovt_sel_req_pre"": ""0"", ""ovt_sel_req"": ""0"", ""ovt_buy_req"": ""0"", ""ovt_buy_req_pre"": ""0"", ""return_code"": 0, ""return_msg"": ""정상적으로 처리되었습니다""}"
2026-06-10,scan_candidate,402340,,0,main_scan,1218000,,1218000,1217000,1218000,1214000,-0.41050903119868637,0.08210180623973727,,,,,,"{""bid_req_base_tm"": ""114100"", ""sel_10th_pre_req_pre"": ""0"", ""sel_10th_pre_req"": ""6"", ""sel_10th_pre_bid"": ""-1227000"", ""sel_9th_pre_req_pre"": ""0"", ""sel_9th_pre_req"": ""14"", ""sel_9th_pre_bid"": ""-1226000"", ""sel_8th_pre_req_pre"": ""0"", ""sel_8th_pre_req"": ""58"", ""sel_8th_pre_bid"": ""-1225000"", ""sel_7th_pre_req_pre"": ""0"", ""sel_7th_pre_req"": ""10"", ""sel_7th_pre_bid"": ""-1224000"", ""sel_6th_pre_req_pre"": ""0"", ""sel_6th_pre_req"": ""9"", ""sel_6th_pre_bid"": ""-1223000"", ""sel_5th_pre_req_pre"": ""0"", ""sel_5th_pre_req"": ""117"", ""sel_5th_pre_bid"": ""-1222000"", ""sel_4th_pre_req_pre"": ""0"", ""sel_4th_pre_req"": ""59"", ""sel_4th_pre_bid"": ""-1221000"", ""sel_3th_pre_req_pre"": ""0"", ""sel_3th_pre_req"": ""304"", ""sel_3th_pre_bid"": ""-1220000"", ""sel_2th_pre_req_pre"": ""0"", ""sel_2th_pre_req"": ""423"", ""sel_2th_pre_bid"": ""-1219000"", ""sel_1th_pre_req_pre"": ""--10"", ""sel_fpr_req"": ""246"", ""sel_fpr_bid"": ""-1218000"", ""buy_fpr_bid"": ""-1217000"", ""buy_fpr_req"": ""129"", ""buy_1th_pre_req_pre"": ""0"", ""buy_2th_pre_bid"": ""-1216000"", ""buy_2th_pre_req"": ""161"", ""buy_2th_pre_req_pre"": ""0"", ""buy_3th_pre_bid"": ""-1215000"", ""buy_3th_pre_req"": ""40"", ""buy_3th_pre_req_pre"": ""0"", ""buy_4th_pre_bid"": ""-1214000"", ""buy_4th_pre_req"": ""85"", ""buy_4th_pre_req_pre"": ""0"", ""buy_5th_pre_bid"": ""-1213000"", ""buy_5th_pre_req"": ""359"", ""buy_5th_pre_req_pre"": ""--3"", ""buy_6th_pre_bid"": ""-1212000"", ""buy_6th_pre_req"": ""5"", ""buy_6th_pre_req_pre"": ""0"", ""buy_7th_pre_bid"": ""-1211000"", ""buy_7th_pre_req"": ""2"", ""buy_7th_pre_req_pre"": ""0"", ""buy_8th_pre_bid"": ""-1210000"", ""buy_8th_pre_req"": ""4"", ""buy_8th_pre_req_pre"": ""0"", ""buy_9th_pre_bid"": ""-1209000"", ""buy_9th_pre_req"": ""4"", ""buy_9th_pre_req_pre"": ""0"", ""buy_10th_pre_bid"": ""-1208000"", ""buy_10th_pre_req"": ""4"", ""buy_10th_pre_req_pre"": ""0"", ""tot_sel_req_jub_pre"": ""--10"", ""tot_sel_req"": ""1246"", ""tot_buy_req"": ""793"", ""tot_buy_req_jub_pre"": ""--3"", ""ovt_sel_req_pre"": ""0"", ""ovt_sel_req"": ""0"", ""ovt_buy_req"": ""0"", ""ovt_buy_req_pre"": ""0"", ""return_code"": 0, ""return_msg"": ""정상적으로 처리되었습니다""}"
2026-06-10,scan_candidate,009150,,0,main_scan,1881000,,1881000,1880000,1881000,1880000,-0.10632642211589581,0.053163211057947905,,,,,,"{""bid_req_base_tm"": ""114100"", ""sel_10th_pre_req_pre"": ""0"", ""sel_10th_pre_req"": ""172"", ""sel_10th_pre_bid"": ""-1890000"", ""sel_9th_pre_req_pre"": ""0"", ""sel_9th_pre_req"": ""126"", ""sel_9th_pre_bid"": ""-1889000"", ""sel_8th_pre_req_pre"": ""0"", ""sel_8th_pre_req"": ""32"", ""sel_8th_pre_bid"": ""-1888000"", ""sel_7th_pre_req_pre"": ""0"", ""sel_7th_pre_req"": ""96"", ""sel_7th_pre_bid"": ""-1887000"", ""sel_6th_pre_req_pre"": ""0"", ""sel_6th_pre_req"": ""5"", ""sel_6th_pre_bid"": ""-1886000"", ""sel_5th_pre_req_pre"": ""0"", ""sel_5th_pre_req"": ""18"", ""sel_5th_pre_bid"": ""-1885000"", ""sel_4th_pre_req_pre"": ""0"", ""sel_4th_pre_req"": ""64"", ""sel_4th_pre_bid"": ""-1884000"", ""sel_3th_pre_req_pre"": ""0"", ""sel_3th_pre_req"": ""139"", ""sel_3th_pre_bid"": ""-1883000"", ""sel_2th_pre_req_pre"": ""0"", ""sel_2th_pre_req"": ""610"", ""sel_2th_pre_bid"": ""-1882000"", ""sel_1th_pre_req_pre"": ""--1"", ""sel_fpr_req"": ""67"", ""sel_fpr_bid"": ""-1881000"", ""buy_fpr_bid"": ""-1880000"", ""buy_fpr_req"": ""25"", ""buy_1th_pre_req_pre"": ""0"", ""buy_2th_pre_bid"": ""-1879000"", ""buy_2th_pre_req"": ""60"", ""buy_2th_pre_req_pre"": ""0"", ""buy_3th_pre_bid"": ""-1878000"", ""buy_3th_pre_req"": ""149"", ""buy_3th_pre_req_pre"": ""0"", ""buy_4th_pre_bid"": ""-1877000"", ""buy_4th_pre_req"": ""108"", ""buy_4th_pre_req_pre"": ""0"", ""buy_5th_pre_bid"": ""-1876000"", ""buy_5th_pre_req"": ""71"", ""buy_5th_pre_req_pre"": ""0"", ""buy_6th_pre_bid"": ""-1875000"", ""buy_6th_pre_req"": ""178"", ""buy_6th_pre_req_pre"": ""0"", ""buy_7th_pre_bid"": ""-1874000"", ""buy_7th_pre_req"": ""69"", ""buy_7th_pre_req_pre"": ""0"", ""buy_8th_pre_bid"": ""-1873000"", ""buy_8th_pre_req"": ""48"", ""buy_8th_pre_req_pre"": ""0"", ""buy_9th_pre_bid"": ""-1872000"", ""buy_9th_pre_req"": ""112"", ""buy_9th_pre_req_pre"": ""0"", ""buy_10th_pre_bid"": ""-1871000"", ""buy_10th_pre_req"": ""484"", ""buy_10th_pre_req_pre"": ""0"", ""tot_sel_req_jub_pre"": ""--1"", ""tot_sel_req"": ""1329"", ""tot_buy_req"": ""1304"", ""tot_buy_req_jub_pre"": ""0"", ""ovt_sel_req_pre"": ""0"", ""ovt_sel_req"": ""0"", ""ovt_buy_req"": ""0"", ""ovt_buy_req_pre"": ""0"", ""return_code"": 0, ""return_msg"": ""정상적으로 처리되었습니다""}"
2026-06-10,scan_candidate,032830,,0,main_scan,372000,,372000,371500,372000,372000,-0.13440860215053765,0.13440860215053765,,,,,,"{""bid_req_base_tm"": ""114059"", ""sel_10th_pre_req_pre"": ""0"", ""sel_10th_pre_req"": ""201"", ""sel_10th_pre_bid"": ""-376500"", ""sel_9th_pre_req_pre"": ""0"", ""sel_9th_pre_req"": ""34"", ""sel_9th_pre_bid"": ""-376000"", ""sel_8th_pre_req_pre"": ""0"", ""sel_8th_pre_req"": ""8"", ""sel_8th_pre_bid"": ""-375500"", ""sel_7th_pre_req_pre"": ""0"", ""sel_7th_pre_req"": ""180"", ""sel_7th_pre_bid"": ""-375000"", ""sel_6th_pre_req_pre"": ""0"", ""sel_6th_pre_req"": ""110"", ""sel_6th_pre_bid"": ""-374500"", ""sel_5th_pre_req_pre"": ""0"", ""sel_5th_pre_req"": ""192"", ""sel_5th_pre_bid"": ""-374000"", ""sel_4th_pre_req_pre"": ""0"", ""sel_4th_pre_req"": ""25"", ""sel_4th_pre_bid"": ""-373500"", ""sel_3th_pre_req_pre"": ""0"", ""sel_3th_pre_req"": ""119"", ""sel_3th_pre_bid"": ""-373000"", ""sel_2th_pre_req_pre"": ""0"", ""sel_2th_pre_req"": ""85"", ""sel_2th_pre_bid"": ""-372500"", ""sel_1th_pre_req_pre"": ""0"", ""sel_fpr_req"": ""81"", ""sel_fpr_bid"": ""-372000"", ""buy_fpr_bid"": ""-371500"", ""buy_fpr_req"": ""111"", ""buy_1th_pre_req_pre"": ""+15"", ""buy_2th_pre_bid"": ""-371000"", ""buy_2th_pre_req"": ""37"", ""buy_2th_pre_req_pre"": ""0"", ""buy_3th_pre_bid"": ""-370500"", ""buy_3th_pre_req"": ""101"", ""buy_3th_pre_req_pre"": ""0"", ""buy_4th_pre_bid"": ""-370000"", ""buy_4th_pre_req"": ""165"", ""buy_4th_pre_req_pre"": ""0"", ""buy_5th_pre_bid"": ""-369500"", ""buy_5th_pre_req"": ""95"", ""buy_5th_pre_req_pre"": ""0"", ""buy_6th_pre_bid"": ""-369000"", ""buy_6th_pre_req"": ""89"", ""buy_6th_pre_req_pre"": ""0"", ""buy_7th_pre_bid"": ""-368500"", ""buy_7th_pre_req"": ""144"", ""buy_7th_pre_req_pre"": ""0"", ""buy_8th_pre_bid"": ""-368000"", ""buy_8th_pre_req"": ""414"", ""buy_8th_pre_req_pre"": ""0"", ""buy_9th_pre_bid"": ""-367500"", ""buy_9th_pre_req"": ""304"", ""buy_9th_pre_req_pre"": ""0"", ""buy_10th_pre_bid"": ""-367000"", ""buy_10th_pre_req"": ""308"", ""buy_10th_pre_req_pre"": ""0"", ""tot_sel_req_jub_pre"": ""0"", ""tot_sel_req"": ""1035"", ""tot_buy_req"": ""1768"", ""tot_buy_req_jub_pre"": ""+15"", ""ovt_sel_req_pre"": ""0"", ""ovt_sel_req"": ""0"", ""ovt_buy_req"": ""0"", ""ovt_buy_req_pre"": ""0"", ""return_code"": 0, ""return_msg"": ""정상적으로 처리되었습니다""}"
2026-06-10,scan_candidate,012330,,0,main_scan,573000,,573000,571000,573000,575000,0.17452006980802792,0.34904013961605584,,,,,,"{""bid_req_base_tm"": ""114059"", ""sel_10th_pre_req_pre"": ""0"", ""sel_10th_pre_req"": ""170"", ""sel_10th_pre_bid"": ""-582000"", ""sel_9th_pre_req_pre"": ""0"", ""sel_9th_pre_req"": ""146"", ""sel_9th_pre_bid"": ""-581000"", ""sel_8th_pre_req_pre"": ""0"", ""sel_8th_pre_req"": ""813"", ""sel_8th_pre_bid"": ""-580000"", ""sel_7th_pre_req_pre"": ""0"", ""sel_7th_pre_req"": ""279"", ""sel_7th_pre_bid"": ""-579000"", ""sel_6th_pre_req_pre"": ""0"", ""sel_6th_pre_req"": ""37"", ""sel_6th_pre_bid"": ""-578000"", ""sel_5th_pre_req_pre"": ""0"", ""sel_5th_pre_req"": ""236"", ""sel_5th_pre_bid"": ""-577000"", ""sel_4th_pre_req_pre"": ""0"", ""sel_4th_pre_req"": ""49"", ""sel_4th_pre_bid"": ""-576000"", ""sel_3th_pre_req_pre"": ""0"", ""sel_3th_pre_req"": ""59"", ""sel_3th_pre_bid"": ""-575000"", ""sel_2th_pre_req_pre"": ""0"", ""sel_2th_pre_req"": ""97"", ""sel_2th_pre_bid"": ""-574000"", ""sel_1th_pre_req_pre"": ""+1"", ""sel_fpr_req"": ""281"", ""sel_fpr_bid"": ""-573000"", ""buy_fpr_bid"": ""-571000"", ""buy_fpr_req"": ""354"", ""buy_1th_pre_req_pre"": ""0"", ""buy_2th_pre_bid"": ""-570000"", ""buy_2th_pre_req"": ""926"", ""buy_2th_pre_req_pre"": ""0"", ""buy_3th_pre_bid"": ""-569000"", ""buy_3th_pre_req"": ""2616"", ""buy_3th_pre_req_pre"": ""0"", ""buy_4th_pre_bid"": ""-568000"", ""buy_4th_pre_req"": ""1354"", ""buy_4th_pre_req_pre"": ""0"", ""buy_5th_pre_bid"": ""-567000"", ""buy_5th_pre_req"": ""989"", ""buy_5th_pre_req_pre"": ""0"", ""buy_6th_pre_bid"": ""-566000"", ""buy_6th_pre_req"": ""1560"", ""buy_6th_pre_req_pre"": ""0"", ""buy_7th_pre_bid"": ""-565000"", ""buy_7th_pre_req"": ""2192"", ""buy_7th_pre_req_pre"": ""0"", ""buy_8th_pre_bid"": ""-564000"", ""buy_8th_pre_req"": ""864"", ""buy_8th_pre_req_pre"": ""0"", ""buy_9th_pre_bid"": ""-563000"", ""buy_9th_pre_req"": ""2178"", ""buy_9th_pre_req_pre"": ""0"", ""buy_10th_pre_bid"": ""-562000"", ""buy_10th_pre_req"": ""1085"", ""buy_10th_pre_req_pre"": ""0"", ""tot_sel_req_jub_pre"": ""+1"", ""tot_sel_req"": ""2167"", ""tot_buy_req"": ""14118"", ""tot_buy_req_jub_pre"": ""0"", ""ovt_sel_req_pre"": ""0"", ""ovt_sel_req"": ""0"", ""ovt_buy_req"": ""0"", ""ovt_buy_req_pre"": ""0"", ""return_code"": 0, ""return_msg"": ""정상적으로 처리되었습니다""}"
2026-06-10,scan_candidate,055550,,0,main_scan,98200,,98200,98100,98200,98500,0.20366598778004072,0.10183299389002036,,,,,,"{""bid_req_base_tm"": ""114100"", ""sel_10th_pre_req_pre"": ""0"", ""sel_10th_pre_req"": ""23"", ""sel_10th_pre_bid"": ""-99100"", ""sel_9th_pre_req_pre"": ""0"", ""sel_9th_pre_req"": ""505"", ""sel_9th_pre_bid"": ""-99000"", ""sel_8th_pre_req_pre"": ""0"", ""sel_8th_pre_req"": ""401"", ""sel_8th_pre_bid"": ""-98900"", ""sel_7th_pre_req_pre"": ""0"", ""sel_7th_pre_req"": ""101"", ""sel_7th_pre_bid"": ""-98800"", ""sel_6th_pre_req_pre"": ""0"", ""sel_6th_pre_req"": ""160"", ""sel_6th_pre_bid"": ""-98700"", ""sel_5th_pre_req_pre"": ""0"", ""sel_5th_pre_req"": ""10"", ""sel_5th_pre_bid"": ""-98600"", ""sel_4th_pre_req_pre"": ""0"", ""sel_4th_pre_req"": ""258"", ""sel_4th_pre_bid"": ""-98500"", ""sel_3th_pre_req_pre"": ""0"", ""sel_3th_pre_req"": ""931"", ""sel_3th_pre_bid"": ""-98400"", ""sel_2th_pre_req_pre"": ""0"", ""sel_2th_pre_req"": ""605"", ""sel_2th_pre_bid"": ""-98300"", ""sel_1th_pre_req_pre"": ""0"", ""sel_fpr_req"": ""1880"", ""sel_fpr_bid"": ""-98200"", ""buy_fpr_bid"": ""-98100"", ""buy_fpr_req"": ""2837"", ""buy_1th_pre_req_pre"": ""--3"", ""buy_2th_pre_bid"": ""-98000"", ""buy_2th_pre_req"": ""1853"", ""buy_2th_pre_req_pre"": ""0"", ""buy_3th_pre_bid"": ""-97900"", ""buy_3th_pre_req"": ""460"", ""buy_3th_pre_req_pre"": ""0"", ""buy_4th_pre_bid"": ""-97800"", ""buy_4th_pre_req"": ""391"", ""buy_4th_pre_req_pre"": ""0"", ""buy_5th_pre_bid"": ""-97700"", ""buy_5th_pre_req"": ""418"", ""buy_5th_pre_req_pre"": ""0"", ""buy_6th_pre_bid"": ""-97600"", ""buy_6th_pre_req"": ""471"", ""buy_6th_pre_req_pre"": ""0"", ""buy_7th_pre_bid"": ""-97500"", ""buy_7th_pre_req"": ""890"", ""buy_7th_pre_req_pre"": ""0"", ""buy_8th_pre_bid"": ""-97400"", ""buy_8th_pre_req"": ""128"", ""buy_8th_pre_req_pre"": ""0"", ""buy_9th_pre_bid"": ""-97300"", ""buy_9th_pre_req"": ""108"", ""buy_9th_pre_req_pre"": ""0"", ""buy_10th_pre_bid"": ""-97200"", ""buy_10th_pre_req"": ""176"", ""buy_10th_pre_req_pre"": ""0"", ""tot_sel_req_jub_pre"": ""0"", ""tot_sel_req"": ""4874"", ""tot_buy_req"": ""7732"", ""tot_buy_req_jub_pre"": ""--3"", ""ovt_sel_req_pre"": ""0"", ""ovt_sel_req"": ""0"", ""ovt_buy_req"": ""0"", ""ovt_buy_req_pre"": ""0"", ""return_code"": 0, ""return_msg"": ""정상적으로 처리되었습니다""}"
2026-06-10,scan_candidate,034730,,0,main_scan,575000,,575000,574000,575000,575000,-0.17391304347826086,0.17391304347826086,,,,,,"{""bid_req_base_tm"": ""114100"", ""sel_10th_pre_req_pre"": ""0"", ""sel_10th_pre_req"": ""14"", ""sel_10th_pre_bid"": ""-584000"", ""sel_9th_pre_req_pre"": ""0"", ""sel_9th_pre_req"": ""104"", ""sel_9th_pre_bid"": ""-583000"", ""sel_8th_pre_req_pre"": ""0"", ""sel_8th_pre_req"": ""23"", ""sel_8th_pre_bid"": ""-582000"", ""sel_7th_pre_req_pre"": ""0"", ""sel_7th_pre_req"": ""17"", ""sel_7th_pre_bid"": ""-581000"", ""sel_6th_pre_req_pre"": ""0"", ""sel_6th_pre_req"": ""61"", ""sel_6th_pre_bid"": ""-580000"", ""sel_5th_pre_req_pre"": ""0"", ""sel_5th_pre_req"": ""3"", ""sel_5th_pre_bid"": ""-579000"", ""sel_4th_pre_req_pre"": ""0"", ""sel_4th_pre_req"": ""2"", ""sel_4th_pre_bid"": ""-578000"", ""sel_3th_pre_req_pre"": ""0"", ""sel_3th_pre_req"": ""55"", ""sel_3th_pre_bid"": ""-577000"", ""sel_2th_pre_req_pre"": ""0"", ""sel_2th_pre_req"": ""168"", ""sel_2th_pre_bid"": ""-576000"", ""sel_1th_pre_req_pre"": ""0"", ""sel_fpr_req"": ""190"", ""sel_fpr_bid"": ""-575000"", ""buy_fpr_bid"": ""-574000"", ""buy_fpr_req"": ""93"", ""buy_1th_pre_req_pre"": ""--1"", ""buy_2th_pre_bid"": ""-573000"", ""buy_2th_pre_req"": ""6"", ""buy_2th_pre_req_pre"": ""0"", ""buy_3th_pre_bid"": ""-572000"", ""buy_3th_pre_req"": ""197"", ""buy_3th_pre_req_pre"": ""0"", ""buy_4th_pre_bid"": ""-571000"", ""buy_4th_pre_req"": ""41"", ""buy_4th_pre_req_pre"": ""0"", ""buy_5th_pre_bid"": ""-570000"", ""buy_5th_pre_req"": ""63"", ""buy_5th_pre_req_pre"": ""0"", ""buy_6th_pre_bid"": ""-569000"", ""buy_6th_pre_req"": ""85"", ""buy_6th_pre_req_pre"": ""0"", ""buy_7th_pre_bid"": ""-568000"", ""buy_7th_pre_req"": ""110"", ""buy_7th_pre_req_pre"": ""0"", ""buy_8th_pre_bid"": ""-567000"", ""buy_8th_pre_req"": ""302"", ""buy_8th_pre_req_pre"": ""0"", ""buy_9th_pre_bid"": ""-566000"", ""buy_9th_pre_req"": ""53"", ""buy_9th_pre_req_pre"": ""0"", ""buy_10th_pre_bid"": ""-565000"", ""buy_10th_pre_req"": ""102"", ""buy_10th_pre_req_pre"": ""0"", ""tot_sel_req_jub_pre"": ""0"", ""tot_sel_req"": ""637"", ""tot_buy_req"": ""1052"", ""tot_buy_req_jub_pre"": ""--1"", ""ovt_sel_req_pre"": ""0"", ""ovt_sel_req"": ""0"", ""ovt_buy_req"": ""0"", ""ovt_buy_req_pre"": ""0"", ""return_code"": 0, ""return_msg"": ""정상적으로 처리되었습니다""}"
2026-06-10,scan_candidate,066570,,0,main_scan,229000,,229000,228500,229000,230000,0.21834061135371177,0.21834061135371177,,,,,,"{""bid_req_base_tm"": ""114101"", ""sel_10th_pre_req_pre"": ""0"", ""sel_10th_pre_req"": ""4514"", ""sel_10th_pre_bid"": ""-233500"", ""sel_9th_pre_req_pre"": ""0"", ""sel_9th_pre_req"": ""3293"", ""sel_9th_pre_bid"": ""-233000"", ""sel_8th_pre_req_pre"": ""0"", ""sel_8th_pre_req"": ""1423"", ""sel_8th_pre_bid"": ""-232500"", ""sel_7th_pre_req_pre"": ""0"", ""sel_7th_pre_req"": ""1208"", ""sel_7th_pre_bid"": ""-232000"", ""sel_6th_pre_req_pre"": ""0"", ""sel_6th_pre_req"": ""1360"", ""sel_6th_pre_bid"": ""-231500"", ""sel_5th_pre_req_pre"": ""0"", ""sel_5th_pre_req"": ""2978"", ""sel_5th_pre_bid"": ""-231000"", ""sel_4th_pre_req_pre"": ""0"", ""sel_4th_pre_req"": ""1571"", ""sel_4th_pre_bid"": ""-230500"", ""sel_3th_pre_req_pre"": ""0"", ""sel_3th_pre_req"": ""3594"", ""sel_3th_pre_bid"": ""-230000"", ""sel_2th_pre_req_pre"": ""0"", ""sel_2th_pre_req"": ""2609"", ""sel_2th_pre_bid"": ""-229500"", ""sel_1th_pre_req_pre"": ""0"", ""sel_fpr_req"": ""4125"", ""sel_fpr_bid"": ""-229000"", ""buy_fpr_bid"": ""-228500"", ""buy_fpr_req"": ""3344"", ""buy_1th_pre_req_pre"": ""+2"", ""buy_2th_pre_bid"": ""-228000"", ""buy_2th_pre_req"": ""10908"", ""buy_2th_pre_req_pre"": ""+2"", ""buy_3th_pre_bid"": ""-227500"", ""buy_3th_pre_req"": ""8660"", ""buy_3th_pre_req_pre"": ""0"", ""buy_4th_pre_bid"": ""-227000"", ""buy_4th_pre_req"": ""54539"", ""buy_4th_pre_req_pre"": ""0"", ""buy_5th_pre_bid"": ""-226500"", ""buy_5th_pre_req"": ""3768"", ""buy_5th_pre_req_pre"": ""0"", ""buy_6th_pre_bid"": ""-226000"", ""buy_6th_pre_req"": ""4933"", ""buy_6th_pre_req_pre"": ""0"", ""buy_7th_pre_bid"": ""-225500"", ""buy_7th_pre_req"": ""4631"", ""buy_7th_pre_req_pre"": ""0"", ""buy_8th_pre_bid"": ""-225000"", ""buy_8th_pre_req"": ""14704"", ""buy_8th_pre_req_pre"": ""0"", ""buy_9th_pre_bid"": ""-224500"", ""buy_9th_pre_req"": ""2429"", ""buy_9th_pre_req_pre"": ""0"", ""buy_10th_pre_bid"": ""-224000"", ""buy_10th_pre_req"": ""3795"", ""buy_10th_pre_req_pre"": ""0"", ""tot_sel_req_jub_pre"": ""0"", ""tot_sel_req"": ""26675"", ""tot_buy_req"": ""111711"", ""tot_buy_req_jub_pre"": ""+4"", ""ovt_sel_req_pre"": ""0"", ""ovt_sel_req"": ""0"", ""ovt_buy_req"": ""0"", ""ovt_buy_req_pre"": ""0"", ""return_code"": 0, ""return_msg"": ""정상적으로 처리되었습니다""}"
2026-06-10,scan_candidate,035420,,0,main_scan,232500,,232500,232000,232500,233500,0.21505376344086022,0.21505376344086022,,,,,,"{""bid_req_base_tm"": ""114101"", ""sel_10th_pre_req_pre"": ""0"", ""sel_10th_pre_req"": ""2336"", ""sel_10th_pre_bid"": ""-237000"", ""sel_9th_pre_req_pre"": ""0"", ""sel_9th_pre_req"": ""4236"", ""sel_9th_pre_bid"": ""-236500"", ""sel_8th_pre_req_pre"": ""0"", ""sel_8th_pre_req"": ""3686"", ""sel_8th_pre_bid"": ""-236000"", ""sel_7th_pre_req_pre"": ""0"", ""sel_7th_pre_req"": ""2468"", ""sel_7th_pre_bid"": ""-235500"", ""sel_6th_pre_req_pre"": ""0"", ""sel_6th_pre_req"": ""2055"", ""sel_6th_pre_bid"": ""-235000"", ""sel_5th_pre_req_pre"": ""0"", ""sel_5th_pre_req"": ""2001"", ""sel_5th_pre_bid"": ""-234500"", ""sel_4th_pre_req_pre"": ""+1"", ""sel_4th_pre_req"": ""1610"", ""sel_4th_pre_bid"": ""-234000"", ""sel_3th_pre_req_pre"": ""0"", ""sel_3th_pre_req"": ""1559"", ""sel_3th_pre_bid"": ""-233500"", ""sel_2th_pre_req_pre"": ""0"", ""sel_2th_pre_req"": ""1485"", ""sel_2th_pre_bid"": ""-233000"", ""sel_1th_pre_req_pre"": ""0"", ""sel_fpr_req"": ""2499"", ""sel_fpr_bid"": ""-232500"", ""buy_fpr_bid"": ""-232000"", ""buy_fpr_req"": ""1414"", ""buy_1th_pre_req_pre"": ""0"", ""buy_2th_pre_bid"": ""-231500"", ""buy_2th_pre_req"": ""2828"", ""buy_2th_pre_req_pre"": ""+83"", ""buy_3th_pre_bid"": ""-231000"", ""buy_3th_pre_req"": ""6380"", ""buy_3th_pre_req_pre"": ""0"", ""buy_4th_pre_bid"": ""-230500"", ""buy_4th_pre_req"": ""23038"", ""buy_4th_pre_req_pre"": ""0"", ""buy_5th_pre_bid"": ""-230000"", ""buy_5th_pre_req"": ""67868"", ""buy_5th_pre_req_pre"": ""0"", ""buy_6th_pre_bid"": ""-229500"", ""buy_6th_pre_req"": ""7063"", ""buy_6th_pre_req_pre"": ""0"", ""buy_7th_pre_bid"": ""-229000"", ""buy_7th_pre_req"": ""9401"", ""buy_7th_pre_req_pre"": ""0"", ""buy_8th_pre_bid"": ""-228500"", ""buy_8th_pre_req"": ""9033"", ""buy_8th_pre_req_pre"": ""0"", ""buy_9th_pre_bid"": ""-228000"", ""buy_9th_pre_req"": ""9459"", ""buy_9th_pre_req_pre"": ""0"", ""buy_10th_pre_bid"": ""-227500"", ""buy_10th_pre_req"": ""4540"", ""buy_10th_pre_req_pre"": ""0"", ""tot_sel_req_jub_pre"": ""+1"", ""tot_sel_req"": ""23935"", ""tot_buy_req"": ""141024"", ""tot_buy_req_jub_pre"": ""+83"", ""ovt_sel_req_pre"": ""0"", ""ovt_sel_req"": ""0"", ""ovt_buy_req"": ""0"", ""ovt_buy_req_pre"": ""0"", ""return_code"": 0, ""return_msg"": ""정상적으로 처리되었습니다""}"
2026-06-10,scan_candidate,086790,,0,main_scan,118400,,118400,118300,118400,118500,-0.33783783783783783,0.08445945945945946,,,,,,"{""bid_req_base_tm"": ""114101"", ""sel_10th_pre_req_pre"": ""0"", ""sel_10th_pre_req"": ""249"", ""sel_10th_pre_bid"": ""+119500"", ""sel_9th_pre_req_pre"": ""0"", ""sel_9th_pre_req"": ""1"", ""sel_9th_pre_bid"": ""+119400"", ""sel_8th_pre_req_pre"": ""0"", ""sel_8th_pre_req"": ""32"", ""sel_8th_pre_bid"": ""+119300"", ""sel_7th_pre_req_pre"": ""0"", ""sel_7th_pre_req"": ""133"", ""sel_7th_pre_bid"": ""+119200"", ""sel_6th_pre_req_pre"": ""0"", ""sel_6th_pre_req"": ""7"", ""sel_6th_pre_bid"": ""+119100"", ""sel_5th_pre_req_pre"": ""0"", ""sel_5th_pre_req"": ""15"", ""sel_5th_pre_bid"": ""119000"", ""sel_4th_pre_req_pre"": ""0"", ""sel_4th_pre_req"": ""201"", ""sel_4th_pre_bid"": ""-118800"", ""sel_3th_pre_req_pre"": ""0"", ""sel_3th_pre_req"": ""564"", ""sel_3th_pre_bid"": ""-118700"", ""sel_2th_pre_req_pre"": ""0"", ""sel_2th_pre_req"": ""135"", ""sel_2th_pre_bid"": ""-118600"", ""sel_1th_pre_req_pre"": ""0"", ""sel_fpr_req"": ""337"", ""sel_fpr_bid"": ""-118400"", ""buy_fpr_bid"": ""-118300"", ""buy_fpr_req"": ""993"", ""buy_1th_pre_req_pre"": ""--1"", ""buy_2th_pre_bid"": ""-118200"", ""buy_2th_pre_req"": ""1330"", ""buy_2th_pre_req_pre"": ""0"", ""buy_3th_pre_bid"": ""-118100"", ""buy_3th_pre_req"": ""79"", ""buy_3th_pre_req_pre"": ""0"", ""buy_4th_pre_bid"": ""-118000"", ""buy_4th_pre_req"": ""411"", ""buy_4th_pre_req_pre"": ""0"", ""buy_5th_pre_bid"": ""-117900"", ""buy_5th_pre_req"": ""52"", ""buy_5th_pre_req_pre"": ""0"", ""buy_6th_pre_bid"": ""-117800"", ""buy_6th_pre_req"": ""564"", ""buy_6th_pre_req_pre"": ""0"", ""buy_7th_pre_bid"": ""-117700"", ""buy_7th_pre_req"": ""148"", ""buy_7th_pre_req_pre"": ""0"", ""buy_8th_pre_bid"": ""-117600"", ""buy_8th_pre_req"": ""100"", ""buy_8th_pre_req_pre"": ""0"", ""buy_9th_pre_bid"": ""-117500"", ""buy_9th_pre_req"": ""660"", ""buy_9th_pre_req_pre"": ""0"", ""buy_10th_pre_bid"": ""-117400"", ""buy_10th_pre_req"": ""73"", ""buy_10th_pre_req_pre"": ""0"", ""tot_sel_req_jub_pre"": ""0"", ""tot_sel_req"": ""1674"", ""tot_buy_req"": ""4410"", ""tot_buy_req_jub_pre"": ""--1"", ""ovt_sel_req_pre"": ""0"", ""ovt_sel_req"": ""0"", ""ovt_buy_req"": ""0"", ""ovt_buy_req_pre"": ""0"", ""return_code"": 0, ""return_msg"": ""정상적으로 처리되었습니다""}"
2026-06-10,scan_candidate,000810,,0,main_scan,623000,,623000,622000,623000,622000,-0.32102728731942215,0.16051364365971107,,,,,,"{""bid_req_base_tm"": ""114100"", ""sel_10th_pre_req_pre"": ""0"", ""sel_10th_pre_req"": ""3"", ""sel_10th_pre_bid"": ""-632000"", ""sel_9th_pre_req_pre"": ""0"", ""sel_9th_pre_req"": ""58"", ""sel_9th_pre_bid"": ""-631000"", ""sel_8th_pre_req_pre"": ""0"", ""sel_8th_pre_req"": ""47"", ""sel_8th_pre_bid"": ""-630000"", ""sel_7th_pre_req_pre"": ""0"", ""sel_7th_pre_req"": ""16"", ""sel_7th_pre_bid"": ""-629000"", ""sel_6th_pre_req_pre"": ""0"", ""sel_6th_pre_req"": ""8"", ""sel_6th_pre_bid"": ""-628000"", ""sel_5th_pre_req_pre"": ""0"", ""sel_5th_pre_req"": ""27"", ""sel_5th_pre_bid"": ""-627000"", ""sel_4th_pre_req_pre"": ""0"", ""sel_4th_pre_req"": ""24"", ""sel_4th_pre_bid"": ""-626000"", ""sel_3th_pre_req_pre"": ""0"", ""sel_3th_pre_req"": ""104"", ""sel_3th_pre_bid"": ""-625000"", ""sel_2th_pre_req_pre"": ""0"", ""sel_2th_pre_req"": ""117"", ""sel_2th_pre_bid"": ""-624000"", ""sel_1th_pre_req_pre"": ""0"", ""sel_fpr_req"": ""525"", ""sel_fpr_bid"": ""-623000"", ""buy_fpr_bid"": ""-622000"", ""buy_fpr_req"": ""363"", ""buy_1th_pre_req_pre"": ""--1"", ""buy_2th_pre_bid"": ""-621000"", ""buy_2th_pre_req"": ""40"", ""buy_2th_pre_req_pre"": ""0"", ""buy_3th_pre_bid"": ""-620000"", ""buy_3th_pre_req"": ""80"", ""buy_3th_pre_req_pre"": ""0"", ""buy_4th_pre_bid"": ""-619000"", ""buy_4th_pre_req"": ""18"", ""buy_4th_pre_req_pre"": ""0"", ""buy_5th_pre_bid"": ""-618000"", ""buy_5th_pre_req"": ""14"", ""buy_5th_pre_req_pre"": ""0"", ""buy_6th_pre_bid"": ""-617000"", ""buy_6th_pre_req"": ""36"", ""buy_6th_pre_req_pre"": ""0"", ""buy_7th_pre_bid"": ""-616000"", ""buy_7th_pre_req"": ""190"", ""buy_7th_pre_req_pre"": ""0"", ""buy_8th_pre_bid"": ""-615000"", ""buy_8th_pre_req"": ""21"", ""buy_8th_pre_req_pre"": ""0"", ""buy_9th_pre_bid"": ""-614000"", ""buy_9th_pre_req"": ""134"", ""buy_9th_pre_req_pre"": ""0"", ""buy_10th_pre_bid"": ""-613000"", ""buy_10th_pre_req"": ""44"", ""buy_10th_pre_req_pre"": ""0"", ""tot_sel_req_jub_pre"": ""0"", ""tot_sel_req"": ""929"", ""tot_buy_req"": ""940"", ""tot_buy_req_jub_pre"": ""--1"", ""ovt_sel_req_pre"": ""0"", ""ovt_sel_req"": ""0"", ""ovt_buy_req"": ""0"", ""ovt_buy_req_pre"": ""0"", ""return_code"": 0, ""return_msg"": ""정상적으로 처리되었습니다""}"
2026-06-10,scan_candidate,011070,,0,main_scan,1130000,,1130000,1129000,1130000,1130000,-0.08849557522123894,0.08849557522123894,,,,,,"{""bid_req_base_tm"": ""114102"", ""sel_10th_pre_req_pre"": ""0"", ""sel_10th_pre_req"": ""381"", ""sel_10th_pre_bid"": ""+1140000"", ""sel_9th_pre_req_pre"": ""0"", ""sel_9th_pre_req"": ""139"", ""sel_9th_pre_bid"": ""+1139000"", ""sel_8th_pre_req_pre"": ""0"", ""sel_8th_pre_req"": ""101"", ""sel_8th_pre_bid"": ""+1138000"", ""sel_7th_pre_req_pre"": ""0"", ""sel_7th_pre_req"": ""80"", ""sel_7th_pre_bid"": ""1137000"", ""sel_6th_pre_req_pre"": ""0"", ""sel_6th_pre_req"": ""50"", ""sel_6th_pre_bid"": ""-1136000"", ""sel_5th_pre_req_pre"": ""+5"", ""sel_5th_pre_req"": ""46"", ""sel_5th_pre_bid"": ""-1135000"", ""sel_4th_pre_req_pre"": ""0"", ""sel_4th_pre_req"": ""93"", ""sel_4th_pre_bid"": ""-1134000"", ""sel_3th_pre_req_pre"": ""0"", ""sel_3th_pre_req"": ""21"", ""sel_3th_pre_bid"": ""-1133000"", ""sel_2th_pre_req_pre"": ""0"", ""sel_2th_pre_req"": ""38"", ""sel_2th_pre_bid"": ""-1131000"", ""sel_1th_pre_req_pre"": ""0"", ""sel_fpr_req"": ""35"", ""sel_fpr_bid"": ""-1130000"", ""buy_fpr_bid"": ""-1129000"", ""buy_fpr_req"": ""79"", ""buy_1th_pre_req_pre"": ""0"", ""buy_2th_pre_bid"": ""-1128000"", ""buy_2th_pre_req"": ""59"", ""buy_2th_pre_req_pre"": ""0"", ""buy_3th_pre_bid"": ""-1127000"", ""buy_3th_pre_req"": ""60"", ""buy_3th_pre_req_pre"": ""0"", ""buy_4th_pre_bid"": ""-1126000"", ""buy_4th_pre_req"": ""219"", ""buy_4th_pre_req_pre"": ""0"", ""buy_5th_pre_bid"": ""-1125000"", ""buy_5th_pre_req"": ""13"", ""buy_5th_pre_req_pre"": ""0"", ""buy_6th_pre_bid"": ""-1124000"", ""buy_6th_pre_req"": ""20"", ""buy_6th_pre_req_pre"": ""0"", ""buy_7th_pre_bid"": ""-1123000"", ""buy_7th_pre_req"": ""51"", ""buy_7th_pre_req_pre"": ""0"", ""buy_8th_pre_bid"": ""-1122000"", ""buy_8th_pre_req"": ""18"", ""buy_8th_pre_req_pre"": ""0"", ""buy_9th_pre_bid"": ""-1121000"", ""buy_9th_pre_req"": ""78"", ""buy_9th_pre_req_pre"": ""0"", ""buy_10th_pre_bid"": ""-1120000"", ""buy_10th_pre_req"": ""54"", ""buy_10th_pre_req_pre"": ""0"", ""tot_sel_req_jub_pre"": ""+5"", ""tot_sel_req"": ""984"", ""tot_buy_req"": ""651"", ""tot_buy_req_jub_pre"": ""0"", ""ovt_sel_req_pre"": ""0"", ""ovt_sel_req"": ""0"", ""ovt_buy_req"": ""0"", ""ovt_buy_req_pre"": ""0"", ""return_code"": 0, ""return_msg"": ""정상적으로 처리되었습니다""}"
2026-06-10,scan_candidate,042700,,0,main_scan,279500,,279500,279000,279500,281000,0.35778175313059035,0.17889087656529518,,,,,,"{""bid_req_base_tm"": ""114101"", ""sel_10th_pre_req_pre"": ""0"", ""sel_10th_pre_req"": ""324"", ""sel_10th_pre_bid"": ""+284000"", ""sel_9th_pre_req_pre"": ""0"", ""sel_9th_pre_req"": ""114"", ""sel_9th_pre_bid"": ""+283500"", ""sel_8th_pre_req_pre"": ""0"", ""sel_8th_pre_req"": ""248"", ""sel_8th_pre_bid"": ""+283000"", ""sel_7th_pre_req_pre"": ""0"", ""sel_7th_pre_req"": ""102"", ""sel_7th_pre_bid"": ""+282500"", ""sel_6th_pre_req_pre"": ""0"", ""sel_6th_pre_req"": ""202"", ""sel_6th_pre_bid"": ""+282000"", ""sel_5th_pre_req_pre"": ""0"", ""sel_5th_pre_req"": ""31"", ""sel_5th_pre_bid"": ""+281500"", ""sel_4th_pre_req_pre"": ""0"", ""sel_4th_pre_req"": ""165"", ""sel_4th_pre_bid"": ""+281000"", ""sel_3th_pre_req_pre"": ""0"", ""sel_3th_pre_req"": ""297"", ""sel_3th_pre_bid"": ""+280500"", ""sel_2th_pre_req_pre"": ""0"", ""sel_2th_pre_req"": ""44"", ""sel_2th_pre_bid"": ""+280000"", ""sel_1th_pre_req_pre"": ""0"", ""sel_fpr_req"": ""77"", ""sel_fpr_bid"": ""+279500"", ""buy_fpr_bid"": ""+279000"", ""buy_fpr_req"": ""726"", ""buy_1th_pre_req_pre"": ""0"", ""buy_2th_pre_bid"": ""+278500"", ""buy_2th_pre_req"": ""437"", ""buy_2th_pre_req_pre"": ""0"", ""buy_3th_pre_bid"": ""+278000"", ""buy_3th_pre_req"": ""917"", ""buy_3th_pre_req_pre"": ""0"", ""buy_4th_pre_bid"": ""+277500"", ""buy_4th_pre_req"": ""989"", ""buy_4th_pre_req_pre"": ""0"", ""buy_5th_pre_bid"": ""+277000"", ""buy_5th_pre_req"": ""839"", ""buy_5th_pre_req_pre"": ""0"", ""buy_6th_pre_bid"": ""276500"", ""buy_6th_pre_req"": ""875"", ""buy_6th_pre_req_pre"": ""0"", ""buy_7th_pre_bid"": ""-276000"", ""buy_7th_pre_req"": ""1948"", ""buy_7th_pre_req_pre"": ""0"", ""buy_8th_pre_bid"": ""-275500"", ""buy_8th_pre_req"": ""252"", ""buy_8th_pre_req_pre"": ""0"", ""buy_9th_pre_bid"": ""-275000"", ""buy_9th_pre_req"": ""1209"", ""buy_9th_pre_req_pre"": ""0"", ""buy_10th_pre_bid"": ""-274500"", ""buy_10th_pre_req"": ""194"", ""buy_10th_pre_req_pre"": ""0"", ""tot_sel_req_jub_pre"": ""0"", ""tot_sel_req"": ""1604"", ""tot_buy_req"": ""8386"", ""tot_buy_req_jub_pre"": ""0"", ""ovt_sel_req_pre"": ""0"", ""ovt_sel_req"": ""0"", ""ovt_buy_req"": ""0"", ""ovt_buy_req_pre"": ""0"", ""return_code"": 0, ""return_msg"": ""정상적으로 처리되었습니다""}"
2026-06-10,scan_candidate,017670,,0,main_scan,106100,,106100,106000,106100,106000,-0.5655042412818096,0.0942507068803016,,,,,,"{""bid_req_base_tm"": ""114102"", ""sel_10th_pre_req_pre"": ""0"", ""sel_10th_pre_req"": ""78"", ""sel_10th_pre_bid"": ""-107000"", ""sel_9th_pre_req_pre"": ""0"", ""sel_9th_pre_req"": ""123"", ""sel_9th_pre_bid"": ""-106900"", ""sel_8th_pre_req_pre"": ""0"", ""sel_8th_pre_req"": ""167"", ""sel_8th_pre_bid"": ""-106800"", ""sel_7th_pre_req_pre"": ""+30"", ""sel_7th_pre_req"": ""51"", ""sel_7th_pre_bid"": ""-106700"", ""sel_6th_pre_req_pre"": ""0"", ""sel_6th_pre_req"": ""33"", ""sel_6th_pre_bid"": ""-106600"", ""sel_5th_pre_req_pre"": ""0"", ""sel_5th_pre_req"": ""38"", ""sel_5th_pre_bid"": ""-106500"", ""sel_4th_pre_req_pre"": ""0"", ""sel_4th_pre_req"": ""198"", ""sel_4th_pre_bid"": ""-106400"", ""sel_3th_pre_req_pre"": ""0"", ""sel_3th_pre_req"": ""343"", ""sel_3th_pre_bid"": ""-106300"", ""sel_2th_pre_req_pre"": ""0"", ""sel_2th_pre_req"": ""326"", ""sel_2th_pre_bid"": ""-106200"", ""sel_1th_pre_req_pre"": ""0"", ""sel_fpr_req"": ""234"", ""sel_fpr_bid"": ""-106100"", ""buy_fpr_bid"": ""-106000"", ""buy_fpr_req"": ""645"", ""buy_1th_pre_req_pre"": ""0"", ""buy_2th_pre_bid"": ""-105900"", ""buy_2th_pre_req"": ""441"", ""buy_2th_pre_req_pre"": ""0"", ""buy_3th_pre_bid"": ""-105800"", ""buy_3th_pre_req"": ""753"", ""buy_3th_pre_req_pre"": ""0"", ""buy_4th_pre_bid"": ""-105700"", ""buy_4th_pre_req"": ""969"", ""buy_4th_pre_req_pre"": ""0"", ""buy_5th_pre_bid"": ""-105600"", ""buy_5th_pre_req"": ""1198"", ""buy_5th_pre_req_pre"": ""0"", ""buy_6th_pre_bid"": ""-105500"", ""buy_6th_pre_req"": ""2695"", ""buy_6th_pre_req_pre"": ""0"", ""buy_7th_pre_bid"": ""-105400"", ""buy_7th_pre_req"": ""461"", ""buy_7th_pre_req_pre"": ""0"", ""buy_8th_pre_bid"": ""-105300"", ""buy_8th_pre_req"": ""665"", ""buy_8th_pre_req_pre"": ""0"", ""buy_9th_pre_bid"": ""-105200"", ""buy_9th_pre_req"": ""1573"", ""buy_9th_pre_req_pre"": ""0"", ""buy_10th_pre_bid"": ""-105100"", ""buy_10th_pre_req"": ""3465"", ""buy_10th_pre_req_pre"": ""0"", ""tot_sel_req_jub_pre"": ""+30"", ""tot_sel_req"": ""1591"", ""tot_buy_req"": ""12865"", ""tot_buy_req_jub_pre"": ""0"", ""ovt_sel_req_pre"": ""0"", ""ovt_sel_req"": ""0"", ""ovt_buy_req"": ""0"", ""ovt_buy_req_pre"": ""0"", ""return_code"": 0, ""return_msg"": ""정상적으로 처리되었습니다""}"
2026-06-10,scan_candidate,018260,,0,main_scan,231500,,231500,231000,231500,233000,0.4319654427645789,0.21598272138228944,,,,,,"{""bid_req_base_tm"": ""114102"", ""sel_10th_pre_req_pre"": ""0"", ""sel_10th_pre_req"": ""307"", ""sel_10th_pre_bid"": ""-236000"", ""sel_9th_pre_req_pre"": ""0"", ""sel_9th_pre_req"": ""219"", ""sel_9th_pre_bid"": ""-235500"", ""sel_8th_pre_req_pre"": ""0"", ""sel_8th_pre_req"": ""299"", ""sel_8th_pre_bid"": ""-235000"", ""sel_7th_pre_req_pre"": ""0"", ""sel_7th_pre_req"": ""170"", ""sel_7th_pre_bid"": ""-234500"", ""sel_6th_pre_req_pre"": ""0"", ""sel_6th_pre_req"": ""261"", ""sel_6th_pre_bid"": ""-234000"", ""sel_5th_pre_req_pre"": ""0"", ""sel_5th_pre_req"": ""190"", ""sel_5th_pre_bid"": ""-233500"", ""sel_4th_pre_req_pre"": ""0"", ""sel_4th_pre_req"": ""100"", ""sel_4th_pre_bid"": ""-233000"", ""sel_3th_pre_req_pre"": ""0"", ""sel_3th_pre_req"": ""137"", ""sel_3th_pre_bid"": ""-232500"", ""sel_2th_pre_req_pre"": ""0"", ""sel_2th_pre_req"": ""225"", ""sel_2th_pre_bid"": ""-232000"", ""sel_1th_pre_req_pre"": ""0"", ""sel_fpr_req"": ""205"", ""sel_fpr_bid"": ""-231500"", ""buy_fpr_bid"": ""-231000"", ""buy_fpr_req"": ""867"", ""buy_1th_pre_req_pre"": ""--1"", ""buy_2th_pre_bid"": ""-230500"", ""buy_2th_pre_req"": ""3071"", ""buy_2th_pre_req_pre"": ""0"", ""buy_3th_pre_bid"": ""-230000"", ""buy_3th_pre_req"": ""5515"", ""buy_3th_pre_req_pre"": ""0"", ""buy_4th_pre_bid"": ""-229500"", ""buy_4th_pre_req"": ""3765"", ""buy_4th_pre_req_pre"": ""0"", ""buy_5th_pre_bid"": ""-229000"", ""buy_5th_pre_req"": ""1133"", ""buy_5th_pre_req_pre"": ""0"", ""buy_6th_pre_bid"": ""-228500"", ""buy_6th_pre_req"": ""1100"", ""buy_6th_pre_req_pre"": ""0"", ""buy_7th_pre_bid"": ""-228000"", ""buy_7th_pre_req"": ""1990"", ""buy_7th_pre_req_pre"": ""0"", ""buy_8th_pre_bid"": ""-227500"", ""buy_8th_pre_req"": ""1740"", ""buy_8th_pre_req_pre"": ""0"", ""buy_9th_pre_bid"": ""-227000"", ""buy_9th_pre_req"": ""1744"", ""buy_9th_pre_req_pre"": ""0"", ""buy_10th_pre_bid"": ""-226500"", ""buy_10th_pre_req"": ""521"", ""buy_10th_pre_req_pre"": ""0"", ""tot_sel_req_jub_pre"": ""0"", ""tot_sel_req"": ""2113"", ""tot_buy_req"": ""21446"", ""tot_buy_req_jub_pre"": ""--1"", ""ovt_sel_req_pre"": ""0"", ""ovt_sel_req"": ""0"", ""ovt_buy_req"": ""0"", ""ovt_buy_req_pre"": ""0"", ""return_code"": 0, ""return_msg"": ""정상적으로 처리되었습니다""}"
2026-06-10,scan_candidate,033780,,0,main_scan,184200,,184200,184100,184200,184000,-0.3800217155266015,0.05428881650380022,,,,,,"{""bid_req_base_tm"": ""114102"", ""sel_10th_pre_req_pre"": ""0"", ""sel_10th_pre_req"": ""13"", ""sel_10th_pre_bid"": ""+185200"", ""sel_9th_pre_req_pre"": ""0"", ""sel_9th_pre_req"": ""4"", ""sel_9th_pre_bid"": ""+185100"", ""sel_8th_pre_req_pre"": ""0"", ""sel_8th_pre_req"": ""1181"", ""sel_8th_pre_bid"": ""+185000"", ""sel_7th_pre_req_pre"": ""0"", ""sel_7th_pre_req"": ""55"", ""sel_7th_pre_bid"": ""+184900"", ""sel_6th_pre_req_pre"": ""0"", ""sel_6th_pre_req"": ""78"", ""sel_6th_pre_bid"": ""+184800"", ""sel_5th_pre_req_pre"": ""0"", ""sel_5th_pre_req"": ""226"", ""sel_5th_pre_bid"": ""+184700"", ""sel_4th_pre_req_pre"": ""0"", ""sel_4th_pre_req"": ""84"", ""sel_4th_pre_bid"": ""+184600"", ""sel_3th_pre_req_pre"": ""0"", ""sel_3th_pre_req"": ""158"", ""sel_3th_pre_bid"": ""+184500"", ""sel_2th_pre_req_pre"": ""0"", ""sel_2th_pre_req"": ""172"", ""sel_2th_pre_bid"": ""184300"", ""sel_1th_pre_req_pre"": ""0"", ""sel_fpr_req"": ""274"", ""sel_fpr_bid"": ""-184200"", ""buy_fpr_bid"": ""-184100"", ""buy_fpr_req"": ""361"", ""buy_1th_pre_req_pre"": ""0"", ""buy_2th_pre_bid"": ""-184000"", ""buy_2th_pre_req"": ""327"", ""buy_2th_pre_req_pre"": ""0"", ""buy_3th_pre_bid"": ""-183900"", ""buy_3th_pre_req"": ""224"", ""buy_3th_pre_req_pre"": ""0"", ""buy_4th_pre_bid"": ""-183800"", ""buy_4th_pre_req"": ""411"", ""buy_4th_pre_req_pre"": ""0"", ""buy_5th_pre_bid"": ""-183700"", ""buy_5th_pre_req"": ""32"", ""buy_5th_pre_req_pre"": ""--1"", ""buy_6th_pre_bid"": ""-183600"", ""buy_6th_pre_req"": ""12"", ""buy_6th_pre_req_pre"": ""0"", ""buy_7th_pre_bid"": ""-183500"", ""buy_7th_pre_req"": ""14"", ""buy_7th_pre_req_pre"": ""0"", ""buy_8th_pre_bid"": ""-183400"", ""buy_8th_pre_req"": ""21"", ""buy_8th_pre_req_pre"": ""0"", ""buy_9th_pre_bid"": ""-183300"", ""buy_9th_pre_req"": ""112"", ""buy_9th_pre_req_pre"": ""0"", ""buy_10th_pre_bid"": ""-183200"", ""buy_10th_pre_req"": ""12"", ""buy_10th_pre_req_pre"": ""0"", ""tot_sel_req_jub_pre"": ""0"", ""tot_sel_req"": ""2245"", ""tot_buy_req"": ""1526"", ""tot_buy_req_jub_pre"": ""--1"", ""ovt_sel_req_pre"": ""0"", ""ovt_sel_req"": ""0"", ""ovt_buy_req"": ""0"", ""ovt_buy_req_pre"": ""0"", ""return_code"": 0, ""return_msg"": ""정상적으로 처리되었습니다""}"
2026-06-10,scan_candidate,307950,,0,main_scan,695000,,695000,693000,695000,694000,-0.28776978417266186,0.28776978417266186,,,,,,"{""bid_req_base_tm"": ""114103"", ""sel_10th_pre_req_pre"": ""0"", ""sel_10th_pre_req"": ""27"", ""sel_10th_pre_bid"": ""+704000"", ""sel_9th_pre_req_pre"": ""0"", ""sel_9th_pre_req"": ""39"", ""sel_9th_pre_bid"": ""+703000"", ""sel_8th_pre_req_pre"": ""0"", ""sel_8th_pre_req"": ""211"", ""sel_8th_pre_bid"": ""+702000"", ""sel_7th_pre_req_pre"": ""0"", ""sel_7th_pre_req"": ""217"", ""sel_7th_pre_bid"": ""+701000"", ""sel_6th_pre_req_pre"": ""0"", ""sel_6th_pre_req"": ""130"", ""sel_6th_pre_bid"": ""+700000"", ""sel_5th_pre_req_pre"": ""0"", ""sel_5th_pre_req"": ""386"", ""sel_5th_pre_bid"": ""+699000"", ""sel_4th_pre_req_pre"": ""0"", ""sel_4th_pre_req"": ""42"", ""sel_4th_pre_bid"": ""+698000"", ""sel_3th_pre_req_pre"": ""0"", ""sel_3th_pre_req"": ""28"", ""sel_3th_pre_bid"": ""+697000"", ""sel_2th_pre_req_pre"": ""0"", ""sel_2th_pre_req"": ""11"", ""sel_2th_pre_bid"": ""+696000"", ""sel_1th_pre_req_pre"": ""0"", ""sel_fpr_req"": ""28"", ""sel_fpr_bid"": ""+695000"", ""buy_fpr_bid"": ""+693000"", ""buy_fpr_req"": ""25"", ""buy_1th_pre_req_pre"": ""--13"", ""buy_2th_pre_bid"": ""+692000"", ""buy_2th_pre_req"": ""17"", ""buy_2th_pre_req_pre"": ""0"", ""buy_3th_pre_bid"": ""+691000"", ""buy_3th_pre_req"": ""60"", ""buy_3th_pre_req_pre"": ""0"", ""buy_4th_pre_bid"": ""+690000"", ""buy_4th_pre_req"": ""34"", ""buy_4th_pre_req_pre"": ""0"", ""buy_5th_pre_bid"": ""+689000"", ""buy_5th_pre_req"": ""66"", ""buy_5th_pre_req_pre"": ""0"", ""buy_6th_pre_bid"": ""+688000"", ""buy_6th_pre_req"": ""115"", ""buy_6th_pre_req_pre"": ""0"", ""buy_7th_pre_bid"": ""687000"", ""buy_7th_pre_req"": ""200"", ""buy_7th_pre_req_pre"": ""0"", ""buy_8th_pre_bid"": ""-686000"", ""buy_8th_pre_req"": ""133"", ""buy_8th_pre_req_pre"": ""0"", ""buy_9th_pre_bid"": ""-685000"", ""buy_9th_pre_req"": ""355"", ""buy_9th_pre_req_pre"": ""0"", ""buy_10th_pre_bid"": ""-684000"", ""buy_10th_pre_req"": ""369"", ""buy_10th_pre_req_pre"": ""0"", ""tot_sel_req_jub_pre"": ""0"", ""tot_sel_req"": ""1119"", ""tot_buy_req"": ""1374"", ""tot_buy_req_jub_pre"": ""--13"", ""ovt_sel_req_pre"": ""0"", ""ovt_sel_req"": ""0"", ""ovt_buy_req"": ""0"", ""ovt_buy_req_pre"": ""0"", ""return_code"": 0, ""return_msg"": ""정상적으로 처리되었습니다""}"
2026-06-10,scan_candidate,138040,,0,main_scan,109400,,109400,109300,109400,109000,-0.8226691042047531,0.09140767824497258,,,,,,"{""bid_req_base_tm"": ""114101"", ""sel_10th_pre_req_pre"": ""0"", ""sel_10th_pre_req"": ""1589"", ""sel_10th_pre_bid"": ""+110300"", ""sel_9th_pre_req_pre"": ""0"", ""sel_9th_pre_req"": ""575"", ""sel_9th_pre_bid"": ""+110200"", ""sel_8th_pre_req_pre"": ""0"", ""sel_8th_pre_req"": ""5081"", ""sel_8th_pre_bid"": ""+110100"", ""sel_7th_pre_req_pre"": ""0"", ""sel_7th_pre_req"": ""1236"", ""sel_7th_pre_bid"": ""+110000"", ""sel_6th_pre_req_pre"": ""0"", ""sel_6th_pre_req"": ""847"", ""sel_6th_pre_bid"": ""+109900"", ""sel_5th_pre_req_pre"": ""0"", ""sel_5th_pre_req"": ""607"", ""sel_5th_pre_bid"": ""+109800"", ""sel_4th_pre_req_pre"": ""0"", ""sel_4th_pre_req"": ""115"", ""sel_4th_pre_bid"": ""+109700"", ""sel_3th_pre_req_pre"": ""0"", ""sel_3th_pre_req"": ""165"", ""sel_3th_pre_bid"": ""+109600"", ""sel_2th_pre_req_pre"": ""0"", ""sel_2th_pre_req"": ""86"", ""sel_2th_pre_bid"": ""+109500"", ""sel_1th_pre_req_pre"": ""0"", ""sel_fpr_req"": ""146"", ""sel_fpr_bid"": ""+109400"", ""buy_fpr_bid"": ""+109300"", ""buy_fpr_req"": ""40"", ""buy_1th_pre_req_pre"": ""+2"", ""buy_2th_pre_bid"": ""+109200"", ""buy_2th_pre_req"": ""459"", ""buy_2th_pre_req_pre"": ""0"", ""buy_3th_pre_bid"": ""109100"", ""buy_3th_pre_req"": ""260"", ""buy_3th_pre_req_pre"": ""0"", ""buy_4th_pre_bid"": ""-109000"", ""buy_4th_pre_req"": ""2"", ""buy_4th_pre_req_pre"": ""0"", ""buy_5th_pre_bid"": ""-108900"", ""buy_5th_pre_req"": ""16"", ""buy_5th_pre_req_pre"": ""0"", ""buy_6th_pre_bid"": ""-108800"", ""buy_6th_pre_req"": ""20"", ""buy_6th_pre_req_pre"": ""0"", ""buy_7th_pre_bid"": ""-108700"", ""buy_7th_pre_req"": ""54"", ""buy_7th_pre_req_pre"": ""0"", ""buy_8th_pre_bid"": ""-108600"", ""buy_8th_pre_req"": ""276"", ""buy_8th_pre_req_pre"": ""0"", ""buy_9th_pre_bid"": ""-108500"", ""buy_9th_pre_req"": ""302"", ""buy_9th_pre_req_pre"": ""0"", ""buy_10th_pre_bid"": ""-108400"", ""buy_10th_pre_req"": ""23"", ""buy_10th_pre_req_pre"": ""0"", ""tot_sel_req_jub_pre"": ""0"", ""tot_sel_req"": ""10447"", ""tot_buy_req"": ""1452"", ""tot_buy_req_jub_pre"": ""+2"", ""ovt_sel_req_pre"": ""0"", ""ovt_sel_req"": ""0"", ""ovt_buy_req"": ""0"", ""ovt_buy_req_pre"": ""0"", ""return_code"": 0, ""return_msg"": ""정상적으로 처리되었습니다""}"
2026-06-10,scan_candidate,003550,,0,main_scan,109600,,109600,109500,109600,109000,-1.0036496350364963,0.09124087591240876,,,,,,"{""bid_req_base_tm"": ""114101"", ""sel_10th_pre_req_pre"": ""0"", ""sel_10th_pre_req"": ""69"", ""sel_10th_pre_bid"": ""-110500"", ""sel_9th_pre_req_pre"": ""0"", ""sel_9th_pre_req"": ""20"", ""sel_9th_pre_bid"": ""-110400"", ""sel_8th_pre_req_pre"": ""0"", ""sel_8th_pre_req"": ""8"", ""sel_8th_pre_bid"": ""-110300"", ""sel_7th_pre_req_pre"": ""0"", ""sel_7th_pre_req"": ""65"", ""sel_7th_pre_bid"": ""-110200"", ""sel_6th_pre_req_pre"": ""0"", ""sel_6th_pre_req"": ""6"", ""sel_6th_pre_bid"": ""-110100"", ""sel_5th_pre_req_pre"": ""0"", ""sel_5th_pre_req"": ""234"", ""sel_5th_pre_bid"": ""-110000"", ""sel_4th_pre_req_pre"": ""0"", ""sel_4th_pre_req"": ""10"", ""sel_4th_pre_bid"": ""-109900"", ""sel_3th_pre_req_pre"": ""0"", ""sel_3th_pre_req"": ""25"", ""sel_3th_pre_bid"": ""-109800"", ""sel_2th_pre_req_pre"": ""+1"", ""sel_2th_pre_req"": ""134"", ""sel_2th_pre_bid"": ""-109700"", ""sel_1th_pre_req_pre"": ""0"", ""sel_fpr_req"": ""736"", ""sel_fpr_bid"": ""-109600"", ""buy_fpr_bid"": ""-109500"", ""buy_fpr_req"": ""361"", ""buy_1th_pre_req_pre"": ""0"", ""buy_2th_pre_bid"": ""-109400"", ""buy_2th_pre_req"": ""66"", ""buy_2th_pre_req_pre"": ""0"", ""buy_3th_pre_bid"": ""-109300"", ""buy_3th_pre_req"": ""32"", ""buy_3th_pre_req_pre"": ""0"", ""buy_4th_pre_bid"": ""-109200"", ""buy_4th_pre_req"": ""25"", ""buy_4th_pre_req_pre"": ""0"", ""buy_5th_pre_bid"": ""-109100"", ""buy_5th_pre_req"": ""80"", ""buy_5th_pre_req_pre"": ""0"", ""buy_6th_pre_bid"": ""-109000"", ""buy_6th_pre_req"": ""20"", ""buy_6th_pre_req_pre"": ""0"", ""buy_7th_pre_bid"": ""-108900"", ""buy_7th_pre_req"": ""13"", ""buy_7th_pre_req_pre"": ""0"", ""buy_8th_pre_bid"": ""-108800"", ""buy_8th_pre_req"": ""7"", ""buy_8th_pre_req_pre"": ""0"", ""buy_9th_pre_bid"": ""-108700"", ""buy_9th_pre_req"": ""14"", ""buy_9th_pre_req_pre"": ""0"", ""buy_10th_pre_bid"": ""-108600"", ""buy_10th_pre_req"": ""35"", ""buy_10th_pre_req_pre"": ""0"", ""tot_sel_req_jub_pre"": ""+1"", ""tot_sel_req"": ""1307"", ""tot_buy_req"": ""653"", ""tot_buy_req_jub_pre"": ""0"", ""ovt_sel_req_pre"": ""0"", ""ovt_sel_req"": ""0"", ""ovt_buy_req"": ""0"", ""ovt_buy_req_pre"": ""0"", ""return_code"": 0, ""return_msg"": ""정상적으로 처리되었습니다""}"
2026-06-10,scan_candidate,024110,,0,main_scan,20950,,20950,20900,20950,20750,-1.1933174224343674,0.23866348448687352,,,,,,"{""bid_req_base_tm"": ""114102"", ""sel_10th_pre_req_pre"": ""0"", ""sel_10th_pre_req"": ""11106"", ""sel_10th_pre_bid"": ""+21400"", ""sel_9th_pre_req_pre"": ""0"", ""sel_9th_pre_req"": ""5311"", ""sel_9th_pre_bid"": ""+21350"", ""sel_8th_pre_req_pre"": ""0"", ""sel_8th_pre_req"": ""12434"", ""sel_8th_pre_bid"": ""+21300"", ""sel_7th_pre_req_pre"": ""0"", ""sel_7th_pre_req"": ""12636"", ""sel_7th_pre_bid"": ""+21250"", ""sel_6th_pre_req_pre"": ""0"", ""sel_6th_pre_req"": ""20708"", ""sel_6th_pre_bid"": ""+21200"", ""sel_5th_pre_req_pre"": ""0"", ""sel_5th_pre_req"": ""24122"", ""sel_5th_pre_bid"": ""+21150"", ""sel_4th_pre_req_pre"": ""0"", ""sel_4th_pre_req"": ""17639"", ""sel_4th_pre_bid"": ""+21100"", ""sel_3th_pre_req_pre"": ""0"", ""sel_3th_pre_req"": ""6368"", ""sel_3th_pre_bid"": ""+21050"", ""sel_2th_pre_req_pre"": ""0"", ""sel_2th_pre_req"": ""5873"", ""sel_2th_pre_bid"": ""+21000"", ""sel_1th_pre_req_pre"": ""0"", ""sel_fpr_req"": ""6572"", ""sel_fpr_bid"": ""+20950"", ""buy_fpr_bid"": ""+20900"", ""buy_fpr_req"": ""2096"", ""buy_1th_pre_req_pre"": ""0"", ""buy_2th_pre_bid"": ""+20850"", ""buy_2th_pre_req"": ""3338"", ""buy_2th_pre_req_pre"": ""0"", ""buy_3th_pre_bid"": ""+20800"", ""buy_3th_pre_req"": ""2192"", ""buy_3th_pre_req_pre"": ""0"", ""buy_4th_pre_bid"": ""+20750"", ""buy_4th_pre_req"": ""1819"", ""buy_4th_pre_req_pre"": ""+1"", ""buy_5th_pre_bid"": ""+20700"", ""buy_5th_pre_req"": ""2937"", ""buy_5th_pre_req_pre"": ""0"", ""buy_6th_pre_bid"": ""+20650"", ""buy_6th_pre_req"": ""2602"", ""buy_6th_pre_req_pre"": ""0"", ""buy_7th_pre_bid"": ""+20600"", ""buy_7th_pre_req"": ""2773"", ""buy_7th_pre_req_pre"": ""0"", ""buy_8th_pre_bid"": ""20550"", ""buy_8th_pre_req"": ""2196"", ""buy_8th_pre_req_pre"": ""0"", ""buy_9th_pre_bid"": ""-20500"", ""buy_9th_pre_req"": ""3411"", ""buy_9th_pre_req_pre"": ""0"", ""buy_10th_pre_bid"": ""-20450"", ""buy_10th_pre_req"": ""1244"", ""buy_10th_pre_req_pre"": ""0"", ""tot_sel_req_jub_pre"": ""0"", ""tot_sel_req"": ""122769"", ""tot_buy_req"": ""24608"", ""tot_buy_req_jub_pre"": ""+1"", ""ovt_sel_req_pre"": ""0"", ""ovt_sel_req"": ""0"", ""ovt_buy_req"": ""0"", ""ovt_buy_req_pre"": ""0"", ""return_code"": 0, ""return_msg"": ""정상적으로 처리되었습니다""}"
2026-06-10,scan_candidate,079550,,0,main_scan,769000,,769000,768000,769000,768000,-0.26007802340702213,0.13003901170351106,,,,,,"{""bid_req_base_tm"": ""114103"", ""sel_10th_pre_req_pre"": ""0"", ""sel_10th_pre_req"": ""43"", ""sel_10th_pre_bid"": ""+778000"", ""sel_9th_pre_req_pre"": ""0"", ""sel_9th_pre_req"": ""86"", ""sel_9th_pre_bid"": ""+777000"", ""sel_8th_pre_req_pre"": ""0"", ""sel_8th_pre_req"": ""11"", ""sel_8th_pre_bid"": ""+776000"", ""sel_7th_pre_req_pre"": ""0"", ""sel_7th_pre_req"": ""159"", ""sel_7th_pre_bid"": ""+775000"", ""sel_6th_pre_req_pre"": ""0"", ""sel_6th_pre_req"": ""59"", ""sel_6th_pre_bid"": ""+774000"", ""sel_5th_pre_req_pre"": ""0"", ""sel_5th_pre_req"": ""280"", ""sel_5th_pre_bid"": ""+773000"", ""sel_4th_pre_req_pre"": ""0"", ""sel_4th_pre_req"": ""16"", ""sel_4th_pre_bid"": ""+772000"", ""sel_3th_pre_req_pre"": ""0"", ""sel_3th_pre_req"": ""15"", ""sel_3th_pre_bid"": ""+771000"", ""sel_2th_pre_req_pre"": ""+8"", ""sel_2th_pre_req"": ""284"", ""sel_2th_pre_bid"": ""+770000"", ""sel_1th_pre_req_pre"": ""0"", ""sel_fpr_req"": ""50"", ""sel_fpr_bid"": ""+769000"", ""buy_fpr_bid"": ""+768000"", ""buy_fpr_req"": ""53"", ""buy_1th_pre_req_pre"": ""0"", ""buy_2th_pre_bid"": ""+767000"", ""buy_2th_pre_req"": ""25"", ""buy_2th_pre_req_pre"": ""0"", ""buy_3th_pre_bid"": ""+766000"", ""buy_3th_pre_req"": ""212"", ""buy_3th_pre_req_pre"": ""0"", ""buy_4th_pre_bid"": ""+765000"", ""buy_4th_pre_req"": ""229"", ""buy_4th_pre_req_pre"": ""0"", ""buy_5th_pre_bid"": ""+764000"", ""buy_5th_pre_req"": ""45"", ""buy_5th_pre_req_pre"": ""0"", ""buy_6th_pre_bid"": ""+763000"", ""buy_6th_pre_req"": ""33"", ""buy_6th_pre_req_pre"": ""0"", ""buy_7th_pre_bid"": ""+762000"", ""buy_7th_pre_req"": ""71"", ""buy_7th_pre_req_pre"": ""0"", ""buy_8th_pre_bid"": ""+761000"", ""buy_8th_pre_req"": ""96"", ""buy_8th_pre_req_pre"": ""0"", ""buy_9th_pre_bid"": ""+760000"", ""buy_9th_pre_req"": ""116"", ""buy_9th_pre_req_pre"": ""0"", ""buy_10th_pre_bid"": ""+759000"", ""buy_10th_pre_req"": ""20"", ""buy_10th_pre_req_pre"": ""0"", ""tot_sel_req_jub_pre"": ""+8"", ""tot_sel_req"": ""1003"", ""tot_buy_req"": ""900"", ""tot_buy_req_jub_pre"": ""0"", ""ovt_sel_req_pre"": ""0"", ""ovt_sel_req"": ""0"", ""ovt_buy_req"": ""0"", ""ovt_buy_req_pre"": ""0"", ""return_code"": 0, ""return_msg"": ""정상적으로 처리되었습니다""}"
2026-06-10,scan_candidate,278470,,0,main_scan,418000,,418000,417000,418000,417000,-0.3588516746411483,0.23923444976076555,,,,,,"{""bid_req_base_tm"": ""114101"", ""sel_10th_pre_req_pre"": ""0"", ""sel_10th_pre_req"": ""219"", ""sel_10th_pre_bid"": ""+422500"", ""sel_9th_pre_req_pre"": ""0"", ""sel_9th_pre_req"": ""1209"", ""sel_9th_pre_bid"": ""+422000"", ""sel_8th_pre_req_pre"": ""0"", ""sel_8th_pre_req"": ""204"", ""sel_8th_pre_bid"": ""+421500"", ""sel_7th_pre_req_pre"": ""0"", ""sel_7th_pre_req"": ""126"", ""sel_7th_pre_bid"": ""+421000"", ""sel_6th_pre_req_pre"": ""0"", ""sel_6th_pre_req"": ""66"", ""sel_6th_pre_bid"": ""+420500"", ""sel_5th_pre_req_pre"": ""0"", ""sel_5th_pre_req"": ""512"", ""sel_5th_pre_bid"": ""+420000"", ""sel_4th_pre_req_pre"": ""0"", ""sel_4th_pre_req"": ""91"", ""sel_4th_pre_bid"": ""+419500"", ""sel_3th_pre_req_pre"": ""0"", ""sel_3th_pre_req"": ""80"", ""sel_3th_pre_bid"": ""+419000"", ""sel_2th_pre_req_pre"": ""0"", ""sel_2th_pre_req"": ""43"", ""sel_2th_pre_bid"": ""+418500"", ""sel_1th_pre_req_pre"": ""+8"", ""sel_fpr_req"": ""113"", ""sel_fpr_bid"": ""+418000"", ""buy_fpr_bid"": ""+417000"", ""buy_fpr_req"": ""87"", ""buy_1th_pre_req_pre"": ""0"", ""buy_2th_pre_bid"": ""+416500"", ""buy_2th_pre_req"": ""64"", ""buy_2th_pre_req_pre"": ""0"", ""buy_3th_pre_bid"": ""+416000"", ""buy_3th_pre_req"": ""40"", ""buy_3th_pre_req_pre"": ""0"", ""buy_4th_pre_bid"": ""+415500"", ""buy_4th_pre_req"": ""17"", ""buy_4th_pre_req_pre"": ""0"", ""buy_5th_pre_bid"": ""+415000"", ""buy_5th_pre_req"": ""24"", ""buy_5th_pre_req_pre"": ""0"", ""buy_6th_pre_bid"": ""+414500"", ""buy_6th_pre_req"": ""302"", ""buy_6th_pre_req_pre"": ""0"", ""buy_7th_pre_bid"": ""+414000"", ""buy_7th_pre_req"": ""37"", ""buy_7th_pre_req_pre"": ""0"", ""buy_8th_pre_bid"": ""+413500"", ""buy_8th_pre_req"": ""128"", ""buy_8th_pre_req_pre"": ""0"", ""buy_9th_pre_bid"": ""+413000"", ""buy_9th_pre_req"": ""356"", ""buy_9th_pre_req_pre"": ""0"", ""buy_10th_pre_bid"": ""+412500"", ""buy_10th_pre_req"": ""21"", ""buy_10th_pre_req_pre"": ""0"", ""tot_sel_req_jub_pre"": ""+8"", ""tot_sel_req"": ""2663"", ""tot_buy_req"": ""1076"", ""tot_buy_req_jub_pre"": ""0"", ""ovt_sel_req_pre"": ""0"", ""ovt_sel_req"": ""0"", ""ovt_buy_req"": ""0"", ""ovt_buy_req_pre"": ""0"", ""return_code"": 0, ""return_msg"": ""정상적으로 처리되었습니다""}"
2026-06-10,scan_candidate,030200,,0,main_scan,54700,,54700,54600,54700,54700,-0.18281535648994515,0.18281535648994515,,,,,,"{""bid_req_base_tm"": ""114104"", ""sel_10th_pre_req_pre"": ""0"", ""sel_10th_pre_req"": ""725"", ""sel_10th_pre_bid"": ""+55600"", ""sel_9th_pre_req_pre"": ""0"", ""sel_9th_pre_req"": ""3251"", ""sel_9th_pre_bid"": ""+55500"", ""sel_8th_pre_req_pre"": ""0"", ""sel_8th_pre_req"": ""1360"", ""sel_8th_pre_bid"": ""+55400"", ""sel_7th_pre_req_pre"": ""0"", ""sel_7th_pre_req"": ""2066"", ""sel_7th_pre_bid"": ""+55300"", ""sel_6th_pre_req_pre"": ""0"", ""sel_6th_pre_req"": ""1224"", ""sel_6th_pre_bid"": ""+55200"", ""sel_5th_pre_req_pre"": ""0"", ""sel_5th_pre_req"": ""1130"", ""sel_5th_pre_bid"": ""+55100"", ""sel_4th_pre_req_pre"": ""0"", ""sel_4th_pre_req"": ""1067"", ""sel_4th_pre_bid"": ""+55000"", ""sel_3th_pre_req_pre"": ""0"", ""sel_3th_pre_req"": ""516"", ""sel_3th_pre_bid"": ""+54900"", ""sel_2th_pre_req_pre"": ""+4"", ""sel_2th_pre_req"": ""9"", ""sel_2th_pre_bid"": ""+54800"", ""sel_1th_pre_req_pre"": ""0"", ""sel_fpr_req"": ""180"", ""sel_fpr_bid"": ""+54700"", ""buy_fpr_bid"": ""+54600"", ""buy_fpr_req"": ""1204"", ""buy_1th_pre_req_pre"": ""0"", ""buy_2th_pre_bid"": ""+54500"", ""buy_2th_pre_req"": ""1343"", ""buy_2th_pre_req_pre"": ""0"", ""buy_3th_pre_bid"": ""+54400"", ""buy_3th_pre_req"": ""932"", ""buy_3th_pre_req_pre"": ""0"", ""buy_4th_pre_bid"": ""+54300"", ""buy_4th_pre_req"": ""515"", ""buy_4th_pre_req_pre"": ""0"", ""buy_5th_pre_bid"": ""+54200"", ""buy_5th_pre_req"": ""1874"", ""buy_5th_pre_req_pre"": ""0"", ""buy_6th_pre_bid"": ""+54100"", ""buy_6th_pre_req"": ""792"", ""buy_6th_pre_req_pre"": ""0"", ""buy_7th_pre_bid"": ""+54000"", ""buy_7th_pre_req"": ""3592"", ""buy_7th_pre_req_pre"": ""0"", ""buy_8th_pre_bid"": ""+53900"", ""buy_8th_pre_req"": ""947"", ""buy_8th_pre_req_pre"": ""0"", ""buy_9th_pre_bid"": ""53800"", ""buy_9th_pre_req"": ""3153"", ""buy_9th_pre_req_pre"": ""0"", ""buy_10th_pre_bid"": ""-53700"", ""buy_10th_pre_req"": ""915"", ""buy_10th_pre_req_pre"": ""0"", ""tot_sel_req_jub_pre"": ""+4"", ""tot_sel_req"": ""11528"", ""tot_buy_req"": ""15267"", ""tot_buy_req_jub_pre"": ""0"", ""ovt_sel_req_pre"": ""0"", ""ovt_sel_req"": ""0"", ""ovt_buy_req"": ""0"", ""ovt_buy_req_pre"": ""0"", ""return_code"": 0, ""return_msg"": ""정상적으로 처리되었습니다""}"
2026-06-10,scan_candidate,010950,,0,main_scan,111900,,111900,111700,111900,111000,-1.2511170688114388,0.17873100983020554,,,,,,"{""bid_req_base_tm"": ""114104"", ""sel_10th_pre_req_pre"": ""0"", ""sel_10th_pre_req"": ""1062"", ""sel_10th_pre_bid"": ""+112800"", ""sel_9th_pre_req_pre"": ""0"", ""sel_9th_pre_req"": ""128"", ""sel_9th_pre_bid"": ""+112700"", ""sel_8th_pre_req_pre"": ""0"", ""sel_8th_pre_req"": ""12"", ""sel_8th_pre_bid"": ""+112600"", ""sel_7th_pre_req_pre"": ""0"", ""sel_7th_pre_req"": ""420"", ""sel_7th_pre_bid"": ""+112500"", ""sel_6th_pre_req_pre"": ""0"", ""sel_6th_pre_req"": ""208"", ""sel_6th_pre_bid"": ""+112400"", ""sel_5th_pre_req_pre"": ""0"", ""sel_5th_pre_req"": ""136"", ""sel_5th_pre_bid"": ""+112300"", ""sel_4th_pre_req_pre"": ""0"", ""sel_4th_pre_req"": ""190"", ""sel_4th_pre_bid"": ""+112200"", ""sel_3th_pre_req_pre"": ""0"", ""sel_3th_pre_req"": ""98"", ""sel_3th_pre_bid"": ""+112100"", ""sel_2th_pre_req_pre"": ""+50"", ""sel_2th_pre_req"": ""100"", ""sel_2th_pre_bid"": ""+112000"", ""sel_1th_pre_req_pre"": ""0"", ""sel_fpr_req"": ""29"", ""sel_fpr_bid"": ""+111900"", ""buy_fpr_bid"": ""+111700"", ""buy_fpr_req"": ""268"", ""buy_1th_pre_req_pre"": ""0"", ""buy_2th_pre_bid"": ""+111600"", ""buy_2th_pre_req"": ""111"", ""buy_2th_pre_req_pre"": ""0"", ""buy_3th_pre_bid"": ""+111500"", ""buy_3th_pre_req"": ""34"", ""buy_3th_pre_req_pre"": ""0"", ""buy_4th_pre_bid"": ""+111400"", ""buy_4th_pre_req"": ""4"", ""buy_4th_pre_req_pre"": ""0"", ""buy_5th_pre_bid"": ""+111300"", ""buy_5th_pre_req"": ""23"", ""buy_5th_pre_req_pre"": ""0"", ""buy_6th_pre_bid"": ""+111200"", ""buy_6th_pre_req"": ""101"", ""buy_6th_pre_req_pre"": ""0"", ""buy_7th_pre_bid"": ""+111100"", ""buy_7th_pre_req"": ""30"", ""buy_7th_pre_req_pre"": ""0"", ""buy_8th_pre_bid"": ""+111000"", ""buy_8th_pre_req"": ""108"", ""buy_8th_pre_req_pre"": ""0"", ""buy_9th_pre_bid"": ""110900"", ""buy_9th_pre_req"": ""191"", ""buy_9th_pre_req_pre"": ""0"", ""buy_10th_pre_bid"": ""-110400"", ""buy_10th_pre_req"": ""2"", ""buy_10th_pre_req_pre"": ""0"", ""tot_sel_req_jub_pre"": ""+50"", ""tot_sel_req"": ""2383"", ""tot_buy_req"": ""872"", ""tot_buy_req_jub_pre"": ""0"", ""ovt_sel_req_pre"": ""0"", ""ovt_sel_req"": ""0"", ""ovt_buy_req"": ""0"", ""ovt_buy_req_pre"": ""0"", ""return_code"": 0, ""return_msg"": ""정상적으로 처리되었습니다""}"
2026-06-10,scan_candidate,323410,,0,main_scan,24550,,24550,24500,24550,24400,-0.8146639511201629,0.20366598778004072,,,,,,"{""bid_req_base_tm"": ""114104"", ""sel_10th_pre_req_pre"": ""0"", ""sel_10th_pre_req"": ""15169"", ""sel_10th_pre_bid"": ""+25000"", ""sel_9th_pre_req_pre"": ""0"", ""sel_9th_pre_req"": ""9087"", ""sel_9th_pre_bid"": ""+24950"", ""sel_8th_pre_req_pre"": ""0"", ""sel_8th_pre_req"": ""5891"", ""sel_8th_pre_bid"": ""+24900"", ""sel_7th_pre_req_pre"": ""0"", ""sel_7th_pre_req"": ""8200"", ""sel_7th_pre_bid"": ""+24850"", ""sel_6th_pre_req_pre"": ""0"", ""sel_6th_pre_req"": ""14941"", ""sel_6th_pre_bid"": ""+24800"", ""sel_5th_pre_req_pre"": ""0"", ""sel_5th_pre_req"": ""6119"", ""sel_5th_pre_bid"": ""+24750"", ""sel_4th_pre_req_pre"": ""0"", ""sel_4th_pre_req"": ""7976"", ""sel_4th_pre_bid"": ""+24700"", ""sel_3th_pre_req_pre"": ""0"", ""sel_3th_pre_req"": ""3932"", ""sel_3th_pre_bid"": ""+24650"", ""sel_2th_pre_req_pre"": ""0"", ""sel_2th_pre_req"": ""4068"", ""sel_2th_pre_bid"": ""+24600"", ""sel_1th_pre_req_pre"": ""+19"", ""sel_fpr_req"": ""7505"", ""sel_fpr_bid"": ""+24550"", ""buy_fpr_bid"": ""+24500"", ""buy_fpr_req"": ""13171"", ""buy_1th_pre_req_pre"": ""0"", ""buy_2th_pre_bid"": ""+24450"", ""buy_2th_pre_req"": ""4124"", ""buy_2th_pre_req_pre"": ""0"", ""buy_3th_pre_bid"": ""24400"", ""buy_3th_pre_req"": ""5547"", ""buy_3th_pre_req_pre"": ""0"", ""buy_4th_pre_bid"": ""-24350"", ""buy_4th_pre_req"": ""2056"", ""buy_4th_pre_req_pre"": ""0"", ""buy_5th_pre_bid"": ""-24300"", ""buy_5th_pre_req"": ""970"", ""buy_5th_pre_req_pre"": ""0"", ""buy_6th_pre_bid"": ""-24250"", ""buy_6th_pre_req"": ""1663"", ""buy_6th_pre_req_pre"": ""0"", ""buy_7th_pre_bid"": ""-24200"", ""buy_7th_pre_req"": ""898"", ""buy_7th_pre_req_pre"": ""0"", ""buy_8th_pre_bid"": ""-24150"", ""buy_8th_pre_req"": ""1288"", ""buy_8th_pre_req_pre"": ""0"", ""buy_9th_pre_bid"": ""-24100"", ""buy_9th_pre_req"": ""3221"", ""buy_9th_pre_req_pre"": ""0"", ""buy_10th_pre_bid"": ""-24050"", ""buy_10th_pre_req"": ""1331"", ""buy_10th_pre_req_pre"": ""0"", ""tot_sel_req_jub_pre"": ""+19"", ""tot_sel_req"": ""82888"", ""tot_buy_req"": ""34269"", ""tot_buy_req_jub_pre"": ""0"", ""ovt_sel_req_pre"": ""0"", ""ovt_sel_req"": ""0"", ""ovt_buy_req"": ""0"", ""ovt_buy_req_pre"": ""0"", ""return_code"": 0, ""return_msg"": ""정상적으로 처리되었습니다""}"
2026-06-10,scan_candidate,005940,,0,main_scan,30800,,30800,30750,30800,30950,0.3246753246753247,0.16233766233766234,,,,,,"{""bid_req_base_tm"": ""114102"", ""sel_10th_pre_req_pre"": ""0"", ""sel_10th_pre_req"": ""445"", ""sel_10th_pre_bid"": ""31250"", ""sel_9th_pre_req_pre"": ""0"", ""sel_9th_pre_req"": ""414"", ""sel_9th_pre_bid"": ""-31200"", ""sel_8th_pre_req_pre"": ""0"", ""sel_8th_pre_req"": ""11"", ""sel_8th_pre_bid"": ""-31150"", ""sel_7th_pre_req_pre"": ""0"", ""sel_7th_pre_req"": ""1"", ""sel_7th_pre_bid"": ""-31100"", ""sel_6th_pre_req_pre"": ""0"", ""sel_6th_pre_req"": ""111"", ""sel_6th_pre_bid"": ""-31050"", ""sel_5th_pre_req_pre"": ""0"", ""sel_5th_pre_req"": ""292"", ""sel_5th_pre_bid"": ""-31000"", ""sel_4th_pre_req_pre"": ""0"", ""sel_4th_pre_req"": ""245"", ""sel_4th_pre_bid"": ""-30950"", ""sel_3th_pre_req_pre"": ""0"", ""sel_3th_pre_req"": ""256"", ""sel_3th_pre_bid"": ""-30900"", ""sel_2th_pre_req_pre"": ""0"", ""sel_2th_pre_req"": ""41"", ""sel_2th_pre_bid"": ""-30850"", ""sel_1th_pre_req_pre"": ""+2"", ""sel_fpr_req"": ""816"", ""sel_fpr_bid"": ""-30800"", ""buy_fpr_bid"": ""-30750"", ""buy_fpr_req"": ""460"", ""buy_1th_pre_req_pre"": ""0"", ""buy_2th_pre_bid"": ""-30700"", ""buy_2th_pre_req"": ""659"", ""buy_2th_pre_req_pre"": ""0"", ""buy_3th_pre_bid"": ""-30650"", ""buy_3th_pre_req"": ""3672"", ""buy_3th_pre_req_pre"": ""0"", ""buy_4th_pre_bid"": ""-30600"", ""buy_4th_pre_req"": ""381"", ""buy_4th_pre_req_pre"": ""0"", ""buy_5th_pre_bid"": ""-30550"", ""buy_5th_pre_req"": ""433"", ""buy_5th_pre_req_pre"": ""0"", ""buy_6th_pre_bid"": ""-30500"", ""buy_6th_pre_req"": ""1201"", ""buy_6th_pre_req_pre"": ""0"", ""buy_7th_pre_bid"": ""-30450"", ""buy_7th_pre_req"": ""1629"", ""buy_7th_pre_req_pre"": ""0"", ""buy_8th_pre_bid"": ""-30400"", ""buy_8th_pre_req"": ""790"", ""buy_8th_pre_req_pre"": ""0"", ""buy_9th_pre_bid"": ""-30350"", ""buy_9th_pre_req"": ""1046"", ""buy_9th_pre_req_pre"": ""0"", ""buy_10th_pre_bid"": ""-30300"", ""buy_10th_pre_req"": ""3160"", ""buy_10th_pre_req_pre"": ""0"", ""tot_sel_req_jub_pre"": ""+2"", ""tot_sel_req"": ""2632"", ""tot_buy_req"": ""13431"", ""tot_buy_req_jub_pre"": ""0"", ""ovt_sel_req_pre"": ""0"", ""ovt_sel_req"": ""0"", ""ovt_buy_req"": ""0"", ""ovt_buy_req_pre"": ""0"", ""return_code"": 0, ""return_msg"": ""정상적으로 처리되었습니다""}"
2026-06-10,scan_candidate,064400,,0,main_scan,94700,,94700,94600,94700,94800,0.0,0.10559662090813093,,,,,,"{""bid_req_base_tm"": ""114105"", ""sel_10th_pre_req_pre"": ""0"", ""sel_10th_pre_req"": ""1014"", ""sel_10th_pre_bid"": ""-95600"", ""sel_9th_pre_req_pre"": ""0"", ""sel_9th_pre_req"": ""501"", ""sel_9th_pre_bid"": ""-95500"", ""sel_8th_pre_req_pre"": ""0"", ""sel_8th_pre_req"": ""295"", ""sel_8th_pre_bid"": ""-95400"", ""sel_7th_pre_req_pre"": ""0"", ""sel_7th_pre_req"": ""245"", ""sel_7th_pre_bid"": ""-95300"", ""sel_6th_pre_req_pre"": ""0"", ""sel_6th_pre_req"": ""774"", ""sel_6th_pre_bid"": ""-95200"", ""sel_5th_pre_req_pre"": ""0"", ""sel_5th_pre_req"": ""64"", ""sel_5th_pre_bid"": ""-95100"", ""sel_4th_pre_req_pre"": ""0"", ""sel_4th_pre_req"": ""400"", ""sel_4th_pre_bid"": ""-95000"", ""sel_3th_pre_req_pre"": ""0"", ""sel_3th_pre_req"": ""77"", ""sel_3th_pre_bid"": ""-94900"", ""sel_2th_pre_req_pre"": ""0"", ""sel_2th_pre_req"": ""97"", ""sel_2th_pre_bid"": ""-94800"", ""sel_1th_pre_req_pre"": ""0"", ""sel_fpr_req"": ""521"", ""sel_fpr_bid"": ""-94700"", ""buy_fpr_bid"": ""-94600"", ""buy_fpr_req"": ""352"", ""buy_1th_pre_req_pre"": ""0"", ""buy_2th_pre_bid"": ""-94500"", ""buy_2th_pre_req"": ""1021"", ""buy_2th_pre_req_pre"": ""0"", ""buy_3th_pre_bid"": ""-94400"", ""buy_3th_pre_req"": ""417"", ""buy_3th_pre_req_pre"": ""0"", ""buy_4th_pre_bid"": ""-94300"", ""buy_4th_pre_req"": ""356"", ""buy_4th_pre_req_pre"": ""0"", ""buy_5th_pre_bid"": ""-94200"", ""buy_5th_pre_req"": ""1043"", ""buy_5th_pre_req_pre"": ""0"", ""buy_6th_pre_bid"": ""-94100"", ""buy_6th_pre_req"": ""1144"", ""buy_6th_pre_req_pre"": ""+1"", ""buy_7th_pre_bid"": ""-94000"", ""buy_7th_pre_req"": ""7342"", ""buy_7th_pre_req_pre"": ""0"", ""buy_8th_pre_bid"": ""-93900"", ""buy_8th_pre_req"": ""740"", ""buy_8th_pre_req_pre"": ""0"", ""buy_9th_pre_bid"": ""-93800"", ""buy_9th_pre_req"": ""1551"", ""buy_9th_pre_req_pre"": ""0"", ""buy_10th_pre_bid"": ""-93700"", ""buy_10th_pre_req"": ""740"", ""buy_10th_pre_req_pre"": ""0"", ""tot_sel_req_jub_pre"": ""0"", ""tot_sel_req"": ""3988"", ""tot_buy_req"": ""14706"", ""tot_buy_req_jub_pre"": ""+1"", ""ovt_sel_req_pre"": ""0"", ""ovt_sel_req"": ""0"", ""ovt_buy_req"": ""0"", ""ovt_buy_req_pre"": ""0"", ""return_code"": 0, ""return_msg"": ""정상적으로 처리되었습니다""}"
2026-06-10,scan_candidate,003490,,0,main_scan,25450,,25450,25400,25450,25350,-0.5893909626719057,0.19646365422396855,,,,,,"{""bid_req_base_tm"": ""114104"", ""sel_10th_pre_req_pre"": ""0"", ""sel_10th_pre_req"": ""20940"", ""sel_10th_pre_bid"": ""+25900"", ""sel_9th_pre_req_pre"": ""0"", ""sel_9th_pre_req"": ""17787"", ""sel_9th_pre_bid"": ""+25850"", ""sel_8th_pre_req_pre"": ""0"", ""sel_8th_pre_req"": ""49059"", ""sel_8th_pre_bid"": ""+25800"", ""sel_7th_pre_req_pre"": ""0"", ""sel_7th_pre_req"": ""12778"", ""sel_7th_pre_bid"": ""+25750"", ""sel_6th_pre_req_pre"": ""0"", ""sel_6th_pre_req"": ""5782"", ""sel_6th_pre_bid"": ""+25700"", ""sel_5th_pre_req_pre"": ""0"", ""sel_5th_pre_req"": ""5150"", ""sel_5th_pre_bid"": ""+25650"", ""sel_4th_pre_req_pre"": ""0"", ""sel_4th_pre_req"": ""2529"", ""sel_4th_pre_bid"": ""+25600"", ""sel_3th_pre_req_pre"": ""0"", ""sel_3th_pre_req"": ""4531"", ""sel_3th_pre_bid"": ""+25550"", ""sel_2th_pre_req_pre"": ""0"", ""sel_2th_pre_req"": ""1379"", ""sel_2th_pre_bid"": ""+25500"", ""sel_1th_pre_req_pre"": ""0"", ""sel_fpr_req"": ""706"", ""sel_fpr_bid"": ""+25450"", ""buy_fpr_bid"": ""+25400"", ""buy_fpr_req"": ""2906"", ""buy_1th_pre_req_pre"": ""0"", ""buy_2th_pre_bid"": ""+25350"", ""buy_2th_pre_req"": ""2468"", ""buy_2th_pre_req_pre"": ""0"", ""buy_3th_pre_bid"": ""+25300"", ""buy_3th_pre_req"": ""4011"", ""buy_3th_pre_req_pre"": ""0"", ""buy_4th_pre_bid"": ""+25250"", ""buy_4th_pre_req"": ""3778"", ""buy_4th_pre_req_pre"": ""0"", ""buy_5th_pre_bid"": ""+25200"", ""buy_5th_pre_req"": ""4173"", ""buy_5th_pre_req_pre"": ""0"", ""buy_6th_pre_bid"": ""+25150"", ""buy_6th_pre_req"": ""1954"", ""buy_6th_pre_req_pre"": ""0"", ""buy_7th_pre_bid"": ""+25100"", ""buy_7th_pre_req"": ""3598"", ""buy_7th_pre_req_pre"": ""0"", ""buy_8th_pre_bid"": ""+25050"", ""buy_8th_pre_req"": ""2189"", ""buy_8th_pre_req_pre"": ""0"", ""buy_9th_pre_bid"": ""+25000"", ""buy_9th_pre_req"": ""4010"", ""buy_9th_pre_req_pre"": ""0"", ""buy_10th_pre_bid"": ""+24950"", ""buy_10th_pre_req"": ""1384"", ""buy_10th_pre_req_pre"": ""0"", ""tot_sel_req_jub_pre"": ""0"", ""tot_sel_req"": ""120641"", ""tot_buy_req"": ""30471"", ""tot_buy_req_jub_pre"": ""0"", ""ovt_sel_req_pre"": ""0"", ""ovt_sel_req"": ""0"", ""ovt_buy_req"": ""0"", ""ovt_buy_req_pre"": ""0"", ""return_code"": 0, ""return_msg"": ""정상적으로 처리되었습니다""}"
2026-06-10,scan_candidate,161390,,0,main_scan,70900,,70900,70800,70900,71300,0.4231311706629055,0.14104372355430184,,,,,,"{""bid_req_base_tm"": ""114105"", ""sel_10th_pre_req_pre"": ""0"", ""sel_10th_pre_req"": ""133"", ""sel_10th_pre_bid"": ""-71800"", ""sel_9th_pre_req_pre"": ""0"", ""sel_9th_pre_req"": ""10"", ""sel_9th_pre_bid"": ""-71700"", ""sel_8th_pre_req_pre"": ""0"", ""sel_8th_pre_req"": ""3"", ""sel_8th_pre_bid"": ""-71600"", ""sel_7th_pre_req_pre"": ""0"", ""sel_7th_pre_req"": ""57"", ""sel_7th_pre_bid"": ""-71500"", ""sel_6th_pre_req_pre"": ""0"", ""sel_6th_pre_req"": ""32"", ""sel_6th_pre_bid"": ""-71400"", ""sel_5th_pre_req_pre"": ""0"", ""sel_5th_pre_req"": ""52"", ""sel_5th_pre_bid"": ""-71300"", ""sel_4th_pre_req_pre"": ""0"", ""sel_4th_pre_req"": ""270"", ""sel_4th_pre_bid"": ""-71200"", ""sel_3th_pre_req_pre"": ""0"", ""sel_3th_pre_req"": ""652"", ""sel_3th_pre_bid"": ""-71100"", ""sel_2th_pre_req_pre"": ""0"", ""sel_2th_pre_req"": ""1037"", ""sel_2th_pre_bid"": ""-71000"", ""sel_1th_pre_req_pre"": ""+23"", ""sel_fpr_req"": ""1457"", ""sel_fpr_bid"": ""-70900"", ""buy_fpr_bid"": ""-70800"", ""buy_fpr_req"": ""4117"", ""buy_1th_pre_req_pre"": ""0"", ""buy_2th_pre_bid"": ""-70700"", ""buy_2th_pre_req"": ""81"", ""buy_2th_pre_req_pre"": ""0"", ""buy_3th_pre_bid"": ""-70600"", ""buy_3th_pre_req"": ""140"", ""buy_3th_pre_req_pre"": ""0"", ""buy_4th_pre_bid"": ""-70500"", ""buy_4th_pre_req"": ""362"", ""buy_4th_pre_req_pre"": ""0"", ""buy_5th_pre_bid"": ""-70400"", ""buy_5th_pre_req"": ""294"", ""buy_5th_pre_req_pre"": ""0"", ""buy_6th_pre_bid"": ""-70300"", ""buy_6th_pre_req"": ""192"", ""buy_6th_pre_req_pre"": ""0"", ""buy_7th_pre_bid"": ""-70200"", ""buy_7th_pre_req"": ""229"", ""buy_7th_pre_req_pre"": ""0"", ""buy_8th_pre_bid"": ""-70100"", ""buy_8th_pre_req"": ""216"", ""buy_8th_pre_req_pre"": ""0"", ""buy_9th_pre_bid"": ""-70000"", ""buy_9th_pre_req"": ""391"", ""buy_9th_pre_req_pre"": ""0"", ""buy_10th_pre_bid"": ""-69900"", ""buy_10th_pre_req"": ""137"", ""buy_10th_pre_req_pre"": ""0"", ""tot_sel_req_jub_pre"": ""+23"", ""tot_sel_req"": ""3703"", ""tot_buy_req"": ""6159"", ""tot_buy_req_jub_pre"": ""0"", ""ovt_sel_req_pre"": ""0"", ""ovt_sel_req"": ""0"", ""ovt_buy_req"": ""0"", ""ovt_buy_req_pre"": ""0"", ""return_code"": 0, ""return_msg"": ""정상적으로 처리되었습니다""}"
2026-06-10,scan_candidate,180640,,0,main_scan,117000,,117000,116700,117000,117500,0.0,0.2564102564102564,,,,,,"{""bid_req_base_tm"": ""114102"", ""sel_10th_pre_req_pre"": ""0"", ""sel_10th_pre_req"": ""6"", ""sel_10th_pre_bid"": ""+119000"", ""sel_9th_pre_req_pre"": ""0"", ""sel_9th_pre_req"": ""11"", ""sel_9th_pre_bid"": ""+118900"", ""sel_8th_pre_req_pre"": ""0"", ""sel_8th_pre_req"": ""4"", ""sel_8th_pre_bid"": ""+118700"", ""sel_7th_pre_req_pre"": ""0"", ""sel_7th_pre_req"": ""9"", ""sel_7th_pre_bid"": ""+118100"", ""sel_6th_pre_req_pre"": ""0"", ""sel_6th_pre_req"": ""2"", ""sel_6th_pre_bid"": ""+117900"", ""sel_5th_pre_req_pre"": ""0"", ""sel_5th_pre_req"": ""17"", ""sel_5th_pre_bid"": ""+117500"", ""sel_4th_pre_req_pre"": ""0"", ""sel_4th_pre_req"": ""20"", ""sel_4th_pre_bid"": ""+117300"", ""sel_3th_pre_req_pre"": ""0"", ""sel_3th_pre_req"": ""34"", ""sel_3th_pre_bid"": ""+117200"", ""sel_2th_pre_req_pre"": ""--5"", ""sel_2th_pre_req"": ""4"", ""sel_2th_pre_bid"": ""+117100"", ""sel_1th_pre_req_pre"": ""+13"", ""sel_fpr_req"": ""55"", ""sel_fpr_bid"": ""+117000"", ""buy_fpr_bid"": ""+116700"", ""buy_fpr_req"": ""23"", ""buy_1th_pre_req_pre"": ""0"", ""buy_2th_pre_bid"": ""+116400"", ""buy_2th_pre_req"": ""3"", ""buy_2th_pre_req_pre"": ""0"", ""buy_3th_pre_bid"": ""+116300"", ""buy_3th_pre_req"": ""4"", ""buy_3th_pre_req_pre"": ""0"", ""buy_4th_pre_bid"": ""+116200"", ""buy_4th_pre_req"": ""2"", ""buy_4th_pre_req_pre"": ""0"", ""buy_5th_pre_bid"": ""+116100"", ""buy_5th_pre_req"": ""4"", ""buy_5th_pre_req_pre"": ""0"", ""buy_6th_pre_bid"": ""+116000"", ""buy_6th_pre_req"": ""135"", ""buy_6th_pre_req_pre"": ""0"", ""buy_7th_pre_bid"": ""+115900"", ""buy_7th_pre_req"": ""10"", ""buy_7th_pre_req_pre"": ""0"", ""buy_8th_pre_bid"": ""+115800"", ""buy_8th_pre_req"": ""51"", ""buy_8th_pre_req_pre"": ""0"", ""buy_9th_pre_bid"": ""+115700"", ""buy_9th_pre_req"": ""3"", ""buy_9th_pre_req_pre"": ""0"", ""buy_10th_pre_bid"": ""+115600"", ""buy_10th_pre_req"": ""30"", ""buy_10th_pre_req_pre"": ""0"", ""tot_sel_req_jub_pre"": ""+8"", ""tot_sel_req"": ""162"", ""tot_buy_req"": ""265"", ""tot_buy_req_jub_pre"": ""0"", ""ovt_sel_req_pre"": ""0"", ""ovt_sel_req"": ""0"", ""ovt_buy_req"": ""0"", ""ovt_buy_req_pre"": ""0"", ""return_code"": 0, ""return_msg"": ""정상적으로 처리되었습니다""}"
2026-06-10,scan_candidate,454910,,0,main_scan,108900,,108900,108800,108900,109000,-0.3673094582185491,0.09182736455463728,,,,,,"{""bid_req_base_tm"": ""114105"", ""sel_10th_pre_req_pre"": ""0"", ""sel_10th_pre_req"": ""150"", ""sel_10th_pre_bid"": ""-109800"", ""sel_9th_pre_req_pre"": ""0"", ""sel_9th_pre_req"": ""79"", ""sel_9th_pre_bid"": ""-109700"", ""sel_8th_pre_req_pre"": ""0"", ""sel_8th_pre_req"": ""90"", ""sel_8th_pre_bid"": ""-109600"", ""sel_7th_pre_req_pre"": ""0"", ""sel_7th_pre_req"": ""326"", ""sel_7th_pre_bid"": ""-109500"", ""sel_6th_pre_req_pre"": ""0"", ""sel_6th_pre_req"": ""99"", ""sel_6th_pre_bid"": ""-109400"", ""sel_5th_pre_req_pre"": ""0"", ""sel_5th_pre_req"": ""126"", ""sel_5th_pre_bid"": ""-109300"", ""sel_4th_pre_req_pre"": ""0"", ""sel_4th_pre_req"": ""362"", ""sel_4th_pre_bid"": ""-109200"", ""sel_3th_pre_req_pre"": ""0"", ""sel_3th_pre_req"": ""147"", ""sel_3th_pre_bid"": ""-109100"", ""sel_2th_pre_req_pre"": ""0"", ""sel_2th_pre_req"": ""358"", ""sel_2th_pre_bid"": ""-109000"", ""sel_1th_pre_req_pre"": ""0"", ""sel_fpr_req"": ""3408"", ""sel_fpr_bid"": ""-108900"", ""buy_fpr_bid"": ""-108800"", ""buy_fpr_req"": ""23"", ""buy_1th_pre_req_pre"": ""0"", ""buy_2th_pre_bid"": ""-108700"", ""buy_2th_pre_req"": ""554"", ""buy_2th_pre_req_pre"": ""0"", ""buy_3th_pre_bid"": ""-108600"", ""buy_3th_pre_req"": ""1135"", ""buy_3th_pre_req_pre"": ""0"", ""buy_4th_pre_bid"": ""-108500"", ""buy_4th_pre_req"": ""3919"", ""buy_4th_pre_req_pre"": ""0"", ""buy_5th_pre_bid"": ""-108400"", ""buy_5th_pre_req"": ""1140"", ""buy_5th_pre_req_pre"": ""0"", ""buy_6th_pre_bid"": ""-108300"", ""buy_6th_pre_req"": ""679"", ""buy_6th_pre_req_pre"": ""0"", ""buy_7th_pre_bid"": ""-108200"", ""buy_7th_pre_req"": ""1008"", ""buy_7th_pre_req_pre"": ""0"", ""buy_8th_pre_bid"": ""-108100"", ""buy_8th_pre_req"": ""1315"", ""buy_8th_pre_req_pre"": ""0"", ""buy_9th_pre_bid"": ""-108000"", ""buy_9th_pre_req"": ""3957"", ""buy_9th_pre_req_pre"": ""--5"", ""buy_10th_pre_bid"": ""-107900"", ""buy_10th_pre_req"": ""337"", ""buy_10th_pre_req_pre"": ""0"", ""tot_sel_req_jub_pre"": ""0"", ""tot_sel_req"": ""5145"", ""tot_buy_req"": ""14067"", ""tot_buy_req_jub_pre"": ""--5"", ""ovt_sel_req_pre"": ""0"", ""ovt_sel_req"": ""0"", ""ovt_buy_req"": ""0"", ""ovt_buy_req_pre"": ""0"", ""return_code"": 0, ""return_msg"": ""정상적으로 처리되었습니다""}"
2026-06-10,scan_candidate,353200,,0,main_scan,153300,,153300,153200,153300,153500,-0.19569471624266144,0.06523157208088715,,,,,,"{""bid_req_base_tm"": ""114106"", ""sel_10th_pre_req_pre"": ""0"", ""sel_10th_pre_req"": ""437"", ""sel_10th_pre_bid"": ""+154600"", ""sel_9th_pre_req_pre"": ""0"", ""sel_9th_pre_req"": ""64"", ""sel_9th_pre_bid"": ""+154500"", ""sel_8th_pre_req_pre"": ""0"", ""sel_8th_pre_req"": ""173"", ""sel_8th_pre_bid"": ""+154300"", ""sel_7th_pre_req_pre"": ""0"", ""sel_7th_pre_req"": ""61"", ""sel_7th_pre_bid"": ""+154200"", ""sel_6th_pre_req_pre"": ""0"", ""sel_6th_pre_req"": ""17"", ""sel_6th_pre_bid"": ""+154100"", ""sel_5th_pre_req_pre"": ""0"", ""sel_5th_pre_req"": ""18"", ""sel_5th_pre_bid"": ""+154000"", ""sel_4th_pre_req_pre"": ""0"", ""sel_4th_pre_req"": ""74"", ""sel_4th_pre_bid"": ""+153700"", ""sel_3th_pre_req_pre"": ""0"", ""sel_3th_pre_req"": ""5"", ""sel_3th_pre_bid"": ""+153500"", ""sel_2th_pre_req_pre"": ""0"", ""sel_2th_pre_req"": ""16"", ""sel_2th_pre_bid"": ""+153400"", ""sel_1th_pre_req_pre"": ""--1"", ""sel_fpr_req"": ""40"", ""sel_fpr_bid"": ""+153300"", ""buy_fpr_bid"": ""+153200"", ""buy_fpr_req"": ""68"", ""buy_1th_pre_req_pre"": ""0"", ""buy_2th_pre_bid"": ""+153100"", ""buy_2th_pre_req"": ""134"", ""buy_2th_pre_req_pre"": ""0"", ""buy_3th_pre_bid"": ""+153000"", ""buy_3th_pre_req"": ""813"", ""buy_3th_pre_req_pre"": ""0"", ""buy_4th_pre_bid"": ""+152900"", ""buy_4th_pre_req"": ""272"", ""buy_4th_pre_req_pre"": ""0"", ""buy_5th_pre_bid"": ""+152800"", ""buy_5th_pre_req"": ""128"", ""buy_5th_pre_req_pre"": ""0"", ""buy_6th_pre_bid"": ""+152700"", ""buy_6th_pre_req"": ""131"", ""buy_6th_pre_req_pre"": ""0"", ""buy_7th_pre_bid"": ""152600"", ""buy_7th_pre_req"": ""172"", ""buy_7th_pre_req_pre"": ""0"", ""buy_8th_pre_bid"": ""-152500"", ""buy_8th_pre_req"": ""211"", ""buy_8th_pre_req_pre"": ""0"", ""buy_9th_pre_bid"": ""-152400"", ""buy_9th_pre_req"": ""55"", ""buy_9th_pre_req_pre"": ""0"", ""buy_10th_pre_bid"": ""-152300"", ""buy_10th_pre_req"": ""183"", ""buy_10th_pre_req_pre"": ""0"", ""tot_sel_req_jub_pre"": ""--1"", ""tot_sel_req"": ""905"", ""tot_buy_req"": ""2167"", ""tot_buy_req_jub_pre"": ""0"", ""ovt_sel_req_pre"": ""0"", ""ovt_sel_req"": ""0"", ""ovt_buy_req"": ""0"", ""ovt_buy_req_pre"": ""0"", ""return_code"": 0, ""return_msg"": ""정상적으로 처리되었습니다""}"
2026-06-10,scan_candidate,034220,,0,main_scan,13030,,13030,13020,13030,13050,-0.23023791250959325,0.07674597083653108,,,,,,"{""bid_req_base_tm"": ""114105"", ""sel_10th_pre_req_pre"": ""0"", ""sel_10th_pre_req"": ""21"", ""sel_10th_pre_bid"": ""-13120"", ""sel_9th_pre_req_pre"": ""0"", ""sel_9th_pre_req"": ""989"", ""sel_9th_pre_bid"": ""-13110"", ""sel_8th_pre_req_pre"": ""0"", ""sel_8th_pre_req"": ""1033"", ""sel_8th_pre_bid"": ""-13100"", ""sel_7th_pre_req_pre"": ""0"", ""sel_7th_pre_req"": ""279"", ""sel_7th_pre_bid"": ""-13090"", ""sel_6th_pre_req_pre"": ""0"", ""sel_6th_pre_req"": ""326"", ""sel_6th_pre_bid"": ""-13080"", ""sel_5th_pre_req_pre"": ""0"", ""sel_5th_pre_req"": ""265"", ""sel_5th_pre_bid"": ""-13070"", ""sel_4th_pre_req_pre"": ""0"", ""sel_4th_pre_req"": ""167"", ""sel_4th_pre_bid"": ""-13060"", ""sel_3th_pre_req_pre"": ""0"", ""sel_3th_pre_req"": ""1584"", ""sel_3th_pre_bid"": ""-13050"", ""sel_2th_pre_req_pre"": ""0"", ""sel_2th_pre_req"": ""1110"", ""sel_2th_pre_bid"": ""-13040"", ""sel_1th_pre_req_pre"": ""--25"", ""sel_fpr_req"": ""750"", ""sel_fpr_bid"": ""-13030"", ""buy_fpr_bid"": ""-13020"", ""buy_fpr_req"": ""1579"", ""buy_1th_pre_req_pre"": ""0"", ""buy_2th_pre_bid"": ""-13010"", ""buy_2th_pre_req"": ""17410"", ""buy_2th_pre_req_pre"": ""0"", ""buy_3th_pre_bid"": ""-13000"", ""buy_3th_pre_req"": ""106211"", ""buy_3th_pre_req_pre"": ""0"", ""buy_4th_pre_bid"": ""-12990"", ""buy_4th_pre_req"": ""17830"", ""buy_4th_pre_req_pre"": ""0"", ""buy_5th_pre_bid"": ""-12980"", ""buy_5th_pre_req"": ""18088"", ""buy_5th_pre_req_pre"": ""0"", ""buy_6th_pre_bid"": ""-12970"", ""buy_6th_pre_req"": ""9946"", ""buy_6th_pre_req_pre"": ""0"", ""buy_7th_pre_bid"": ""-12960"", ""buy_7th_pre_req"": ""9954"", ""buy_7th_pre_req_pre"": ""0"", ""buy_8th_pre_bid"": ""-12950"", ""buy_8th_pre_req"": ""13200"", ""buy_8th_pre_req_pre"": ""0"", ""buy_9th_pre_bid"": ""-12940"", ""buy_9th_pre_req"": ""3833"", ""buy_9th_pre_req_pre"": ""0"", ""buy_10th_pre_bid"": ""-12930"", ""buy_10th_pre_req"": ""4545"", ""buy_10th_pre_req_pre"": ""0"", ""tot_sel_req_jub_pre"": ""--25"", ""tot_sel_req"": ""6524"", ""tot_buy_req"": ""202596"", ""tot_buy_req_jub_pre"": ""0"", ""ovt_sel_req_pre"": ""0"", ""ovt_sel_req"": ""0"", ""ovt_buy_req"": ""0"", ""ovt_buy_req_pre"": ""0"", ""return_code"": 0, ""return_msg"": ""정상적으로 처리되었습니다""}"
2026-06-10,scan_candidate,078930,,0,main_scan,73600,,73600,73500,73600,73100,-0.8152173913043478,0.1358695652173913,,,,,,"{""bid_req_base_tm"": ""114103"", ""sel_10th_pre_req_pre"": ""0"", ""sel_10th_pre_req"": ""386"", ""sel_10th_pre_bid"": ""+74500"", ""sel_9th_pre_req_pre"": ""0"", ""sel_9th_pre_req"": ""107"", ""sel_9th_pre_bid"": ""+74400"", ""sel_8th_pre_req_pre"": ""0"", ""sel_8th_pre_req"": ""113"", ""sel_8th_pre_bid"": ""+74300"", ""sel_7th_pre_req_pre"": ""0"", ""sel_7th_pre_req"": ""40"", ""sel_7th_pre_bid"": ""+74200"", ""sel_6th_pre_req_pre"": ""0"", ""sel_6th_pre_req"": ""17"", ""sel_6th_pre_bid"": ""+74100"", ""sel_5th_pre_req_pre"": ""0"", ""sel_5th_pre_req"": ""22"", ""sel_5th_pre_bid"": ""+74000"", ""sel_4th_pre_req_pre"": ""0"", ""sel_4th_pre_req"": ""598"", ""sel_4th_pre_bid"": ""+73900"", ""sel_3th_pre_req_pre"": ""0"", ""sel_3th_pre_req"": ""27"", ""sel_3th_pre_bid"": ""73800"", ""sel_2th_pre_req_pre"": ""0"", ""sel_2th_pre_req"": ""102"", ""sel_2th_pre_bid"": ""-73700"", ""sel_1th_pre_req_pre"": ""0"", ""sel_fpr_req"": ""1011"", ""sel_fpr_bid"": ""-73600"", ""buy_fpr_bid"": ""-73500"", ""buy_fpr_req"": ""274"", ""buy_1th_pre_req_pre"": ""+18"", ""buy_2th_pre_bid"": ""-73400"", ""buy_2th_pre_req"": ""147"", ""buy_2th_pre_req_pre"": ""0"", ""buy_3th_pre_bid"": ""-73300"", ""buy_3th_pre_req"": ""30"", ""buy_3th_pre_req_pre"": ""0"", ""buy_4th_pre_bid"": ""-73200"", ""buy_4th_pre_req"": ""137"", ""buy_4th_pre_req_pre"": ""0"", ""buy_5th_pre_bid"": ""-73100"", ""buy_5th_pre_req"": ""62"", ""buy_5th_pre_req_pre"": ""0"", ""buy_6th_pre_bid"": ""-73000"", ""buy_6th_pre_req"": ""54"", ""buy_6th_pre_req_pre"": ""0"", ""buy_7th_pre_bid"": ""-72900"", ""buy_7th_pre_req"": ""9"", ""buy_7th_pre_req_pre"": ""0"", ""buy_8th_pre_bid"": ""-72800"", ""buy_8th_pre_req"": ""1"", ""buy_8th_pre_req_pre"": ""0"", ""buy_9th_pre_bid"": ""-72700"", ""buy_9th_pre_req"": ""50"", ""buy_9th_pre_req_pre"": ""0"", ""buy_10th_pre_bid"": ""-72600"", ""buy_10th_pre_req"": ""50"", ""buy_10th_pre_req_pre"": ""0"", ""tot_sel_req_jub_pre"": ""0"", ""tot_sel_req"": ""2423"", ""tot_buy_req"": ""814"", ""tot_buy_req_jub_pre"": ""+18"", ""ovt_sel_req_pre"": ""0"", ""ovt_sel_req"": ""0"", ""ovt_buy_req"": ""0"", ""ovt_buy_req_pre"": ""0"", ""return_code"": 0, ""return_msg"": ""정상적으로 처리되었습니다""}"
2026-06-10,scan_candidate,090430,,0,main_scan,112100,,112100,112000,112100,112000,-0.535236396074933,0.08920606601248886,,,,,,"{""bid_req_base_tm"": ""114101"", ""sel_10th_pre_req_pre"": ""0"", ""sel_10th_pre_req"": ""303"", ""sel_10th_pre_bid"": ""+113000"", ""sel_9th_pre_req_pre"": ""0"", ""sel_9th_pre_req"": ""80"", ""sel_9th_pre_bid"": ""+112900"", ""sel_8th_pre_req_pre"": ""0"", ""sel_8th_pre_req"": ""5"", ""sel_8th_pre_bid"": ""+112800"", ""sel_7th_pre_req_pre"": ""0"", ""sel_7th_pre_req"": ""5"", ""sel_7th_pre_bid"": ""+112700"", ""sel_6th_pre_req_pre"": ""0"", ""sel_6th_pre_req"": ""5"", ""sel_6th_pre_bid"": ""+112600"", ""sel_5th_pre_req_pre"": ""0"", ""sel_5th_pre_req"": ""11"", ""sel_5th_pre_bid"": ""+112500"", ""sel_4th_pre_req_pre"": ""0"", ""sel_4th_pre_req"": ""30"", ""sel_4th_pre_bid"": ""+112400"", ""sel_3th_pre_req_pre"": ""0"", ""sel_3th_pre_req"": ""188"", ""sel_3th_pre_bid"": ""+112300"", ""sel_2th_pre_req_pre"": ""0"", ""sel_2th_pre_req"": ""97"", ""sel_2th_pre_bid"": ""+112200"", ""sel_1th_pre_req_pre"": ""--2"", ""sel_fpr_req"": ""182"", ""sel_fpr_bid"": ""+112100"", ""buy_fpr_bid"": ""112000"", ""buy_fpr_req"": ""375"", ""buy_1th_pre_req_pre"": ""0"", ""buy_2th_pre_bid"": ""-111900"", ""buy_2th_pre_req"": ""154"", ""buy_2th_pre_req_pre"": ""0"", ""buy_3th_pre_bid"": ""-111800"", ""buy_3th_pre_req"": ""52"", ""buy_3th_pre_req_pre"": ""0"", ""buy_4th_pre_bid"": ""-111700"", ""buy_4th_pre_req"": ""204"", ""buy_4th_pre_req_pre"": ""0"", ""buy_5th_pre_bid"": ""-111600"", ""buy_5th_pre_req"": ""876"", ""buy_5th_pre_req_pre"": ""0"", ""buy_6th_pre_bid"": ""-111500"", ""buy_6th_pre_req"": ""2215"", ""buy_6th_pre_req_pre"": ""0"", ""buy_7th_pre_bid"": ""-111400"", ""buy_7th_pre_req"": ""122"", ""buy_7th_pre_req_pre"": ""0"", ""buy_8th_pre_bid"": ""-111300"", ""buy_8th_pre_req"": ""34"", ""buy_8th_pre_req_pre"": ""0"", ""buy_9th_pre_bid"": ""-111200"", ""buy_9th_pre_req"": ""15"", ""buy_9th_pre_req_pre"": ""0"", ""buy_10th_pre_bid"": ""-111100"", ""buy_10th_pre_req"": ""22"", ""buy_10th_pre_req_pre"": ""0"", ""tot_sel_req_jub_pre"": ""--2"", ""tot_sel_req"": ""906"", ""tot_buy_req"": ""4069"", ""tot_buy_req_jub_pre"": ""0"", ""ovt_sel_req_pre"": ""0"", ""ovt_sel_req"": ""0"", ""ovt_buy_req"": ""0"", ""ovt_buy_req_pre"": ""0"", ""return_code"": 0, ""return_msg"": ""정상적으로 처리되었습니다""}"
2026-06-10,scan_candidate,004170,,0,main_scan,682000,,682000,681000,682000,680000,-0.43988269794721413,0.1466275659824047,,,,,,"{""bid_req_base_tm"": ""114106"", ""sel_10th_pre_req_pre"": ""0"", ""sel_10th_pre_req"": ""814"", ""sel_10th_pre_bid"": ""+691000"", ""sel_9th_pre_req_pre"": ""0"", ""sel_9th_pre_req"": ""400"", ""sel_9th_pre_bid"": ""+690000"", ""sel_8th_pre_req_pre"": ""0"", ""sel_8th_pre_req"": ""94"", ""sel_8th_pre_bid"": ""+689000"", ""sel_7th_pre_req_pre"": ""0"", ""sel_7th_pre_req"": ""62"", ""sel_7th_pre_bid"": ""+688000"", ""sel_6th_pre_req_pre"": ""0"", ""sel_6th_pre_req"": ""11"", ""sel_6th_pre_bid"": ""+687000"", ""sel_5th_pre_req_pre"": ""0"", ""sel_5th_pre_req"": ""6"", ""sel_5th_pre_bid"": ""+686000"", ""sel_4th_pre_req_pre"": ""0"", ""sel_4th_pre_req"": ""13"", ""sel_4th_pre_bid"": ""+685000"", ""sel_3th_pre_req_pre"": ""0"", ""sel_3th_pre_req"": ""41"", ""sel_3th_pre_bid"": ""+684000"", ""sel_2th_pre_req_pre"": ""0"", ""sel_2th_pre_req"": ""25"", ""sel_2th_pre_bid"": ""+683000"", ""sel_1th_pre_req_pre"": ""+2"", ""sel_fpr_req"": ""53"", ""sel_fpr_bid"": ""+682000"", ""buy_fpr_bid"": ""+681000"", ""buy_fpr_req"": ""22"", ""buy_1th_pre_req_pre"": ""0"", ""buy_2th_pre_bid"": ""+680000"", ""buy_2th_pre_req"": ""2"", ""buy_2th_pre_req_pre"": ""0"", ""buy_3th_pre_bid"": ""+679000"", ""buy_3th_pre_req"": ""7"", ""buy_3th_pre_req_pre"": ""0"", ""buy_4th_pre_bid"": ""+678000"", ""buy_4th_pre_req"": ""2"", ""buy_4th_pre_req_pre"": ""0"", ""buy_5th_pre_bid"": ""+677000"", ""buy_5th_pre_req"": ""1"", ""buy_5th_pre_req_pre"": ""0"", ""buy_6th_pre_bid"": ""+676000"", ""buy_6th_pre_req"": ""5"", ""buy_6th_pre_req_pre"": ""0"", ""buy_7th_pre_bid"": ""+675000"", ""buy_7th_pre_req"": ""80"", ""buy_7th_pre_req_pre"": ""0"", ""buy_8th_pre_bid"": ""+674000"", ""buy_8th_pre_req"": ""6"", ""buy_8th_pre_req_pre"": ""0"", ""buy_9th_pre_bid"": ""+673000"", ""buy_9th_pre_req"": ""102"", ""buy_9th_pre_req_pre"": ""0"", ""buy_10th_pre_bid"": ""+672000"", ""buy_10th_pre_req"": ""5"", ""buy_10th_pre_req_pre"": ""0"", ""tot_sel_req_jub_pre"": ""+2"", ""tot_sel_req"": ""1519"", ""tot_buy_req"": ""232"", ""tot_buy_req_jub_pre"": ""0"", ""ovt_sel_req_pre"": ""0"", ""ovt_sel_req"": ""0"", ""ovt_buy_req"": ""0"", ""ovt_buy_req_pre"": ""0"", ""return_code"": 0, ""return_msg"": ""정상적으로 처리되었습니다""}"
2026-06-10,scan_candidate,036570,,0,main_scan,257000,,257000,256500,257000,258000,0.19455252918287938,0.19455252918287938,,,,,,"{""bid_req_base_tm"": ""114107"", ""sel_10th_pre_req_pre"": ""0"", ""sel_10th_pre_req"": ""423"", ""sel_10th_pre_bid"": ""-261500"", ""sel_9th_pre_req_pre"": ""0"", ""sel_9th_pre_req"": ""78"", ""sel_9th_pre_bid"": ""-261000"", ""sel_8th_pre_req_pre"": ""0"", ""sel_8th_pre_req"": ""20"", ""sel_8th_pre_bid"": ""-260500"", ""sel_7th_pre_req_pre"": ""0"", ""sel_7th_pre_req"": ""73"", ""sel_7th_pre_bid"": ""-260000"", ""sel_6th_pre_req_pre"": ""0"", ""sel_6th_pre_req"": ""76"", ""sel_6th_pre_bid"": ""-259500"", ""sel_5th_pre_req_pre"": ""0"", ""sel_5th_pre_req"": ""32"", ""sel_5th_pre_bid"": ""-259000"", ""sel_4th_pre_req_pre"": ""0"", ""sel_4th_pre_req"": ""51"", ""sel_4th_pre_bid"": ""-258500"", ""sel_3th_pre_req_pre"": ""0"", ""sel_3th_pre_req"": ""11"", ""sel_3th_pre_bid"": ""-258000"", ""sel_2th_pre_req_pre"": ""0"", ""sel_2th_pre_req"": ""54"", ""sel_2th_pre_bid"": ""-257500"", ""sel_1th_pre_req_pre"": ""+5"", ""sel_fpr_req"": ""38"", ""sel_fpr_bid"": ""-257000"", ""buy_fpr_bid"": ""-256500"", ""buy_fpr_req"": ""69"", ""buy_1th_pre_req_pre"": ""0"", ""buy_2th_pre_bid"": ""-256000"", ""buy_2th_pre_req"": ""71"", ""buy_2th_pre_req_pre"": ""0"", ""buy_3th_pre_bid"": ""-255500"", ""buy_3th_pre_req"": ""65"", ""buy_3th_pre_req_pre"": ""0"", ""buy_4th_pre_bid"": ""-255000"", ""buy_4th_pre_req"": ""171"", ""buy_4th_pre_req_pre"": ""0"", ""buy_5th_pre_bid"": ""-254500"", ""buy_5th_pre_req"": ""611"", ""buy_5th_pre_req_pre"": ""0"", ""buy_6th_pre_bid"": ""-254000"", ""buy_6th_pre_req"": ""377"", ""buy_6th_pre_req_pre"": ""0"", ""buy_7th_pre_bid"": ""-253500"", ""buy_7th_pre_req"": ""581"", ""buy_7th_pre_req_pre"": ""0"", ""buy_8th_pre_bid"": ""-253000"", ""buy_8th_pre_req"": ""733"", ""buy_8th_pre_req_pre"": ""0"", ""buy_9th_pre_bid"": ""-252500"", ""buy_9th_pre_req"": ""297"", ""buy_9th_pre_req_pre"": ""0"", ""buy_10th_pre_bid"": ""-252000"", ""buy_10th_pre_req"": ""222"", ""buy_10th_pre_req_pre"": ""0"", ""tot_sel_req_jub_pre"": ""+5"", ""tot_sel_req"": ""856"", ""tot_buy_req"": ""3197"", ""tot_buy_req_jub_pre"": ""0"", ""ovt_sel_req_pre"": ""0"", ""ovt_sel_req"": ""0"", ""ovt_buy_req"": ""0"", ""ovt_buy_req_pre"": ""0"", ""return_code"": 0, ""return_msg"": ""정상적으로 처리되었습니다""}"
2026-06-10,scan_candidate,271560,,0,main_scan,132900,,132900,132800,132900,132500,-0.6772009029345373,0.07524454477050413,,,,,,"{""bid_req_base_tm"": ""114107"", ""sel_10th_pre_req_pre"": ""0"", ""sel_10th_pre_req"": ""256"", ""sel_10th_pre_bid"": ""+134000"", ""sel_9th_pre_req_pre"": ""0"", ""sel_9th_pre_req"": ""190"", ""sel_9th_pre_bid"": ""+133900"", ""sel_8th_pre_req_pre"": ""0"", ""sel_8th_pre_req"": ""20"", ""sel_8th_pre_bid"": ""+133800"", ""sel_7th_pre_req_pre"": ""0"", ""sel_7th_pre_req"": ""101"", ""sel_7th_pre_bid"": ""+133700"", ""sel_6th_pre_req_pre"": ""0"", ""sel_6th_pre_req"": ""6"", ""sel_6th_pre_bid"": ""+133600"", ""sel_5th_pre_req_pre"": ""0"", ""sel_5th_pre_req"": ""4"", ""sel_5th_pre_bid"": ""+133500"", ""sel_4th_pre_req_pre"": ""0"", ""sel_4th_pre_req"": ""3"", ""sel_4th_pre_bid"": ""+133300"", ""sel_3th_pre_req_pre"": ""0"", ""sel_3th_pre_req"": ""28"", ""sel_3th_pre_bid"": ""+133200"", ""sel_2th_pre_req_pre"": ""0"", ""sel_2th_pre_req"": ""76"", ""sel_2th_pre_bid"": ""+133000"", ""sel_1th_pre_req_pre"": ""0"", ""sel_fpr_req"": ""326"", ""sel_fpr_bid"": ""132900"", ""buy_fpr_bid"": ""-132800"", ""buy_fpr_req"": ""225"", ""buy_1th_pre_req_pre"": ""--17"", ""buy_2th_pre_bid"": ""-132700"", ""buy_2th_pre_req"": ""121"", ""buy_2th_pre_req_pre"": ""0"", ""buy_3th_pre_bid"": ""-132600"", ""buy_3th_pre_req"": ""66"", ""buy_3th_pre_req_pre"": ""0"", ""buy_4th_pre_bid"": ""-132500"", ""buy_4th_pre_req"": ""20"", ""buy_4th_pre_req_pre"": ""0"", ""buy_5th_pre_bid"": ""-132400"", ""buy_5th_pre_req"": ""12"", ""buy_5th_pre_req_pre"": ""0"", ""buy_6th_pre_bid"": ""-132300"", ""buy_6th_pre_req"": ""52"", ""buy_6th_pre_req_pre"": ""0"", ""buy_7th_pre_bid"": ""-132200"", ""buy_7th_pre_req"": ""21"", ""buy_7th_pre_req_pre"": ""0"", ""buy_8th_pre_bid"": ""-131600"", ""buy_8th_pre_req"": ""1"", ""buy_8th_pre_req_pre"": ""0"", ""buy_9th_pre_bid"": ""-131500"", ""buy_9th_pre_req"": ""405"", ""buy_9th_pre_req_pre"": ""0"", ""buy_10th_pre_bid"": ""-131400"", ""buy_10th_pre_req"": ""1"", ""buy_10th_pre_req_pre"": ""0"", ""tot_sel_req_jub_pre"": ""0"", ""tot_sel_req"": ""1010"", ""tot_buy_req"": ""924"", ""tot_buy_req_jub_pre"": ""--17"", ""ovt_sel_req_pre"": ""0"", ""ovt_sel_req"": ""0"", ""ovt_buy_req"": ""0"", ""ovt_buy_req_pre"": ""0"", ""return_code"": 0, ""return_msg"": ""정상적으로 처리되었습니다""}"
2026-06-10,scan_candidate,023530,,0,main_scan,193200,,193200,193100,193200,192500,-0.6211180124223602,0.051759834368530024,,,,,,"{""bid_req_base_tm"": ""114106"", ""sel_10th_pre_req_pre"": ""0"", ""sel_10th_pre_req"": ""10"", ""sel_10th_pre_bid"": ""+194300"", ""sel_9th_pre_req_pre"": ""0"", ""sel_9th_pre_req"": ""12"", ""sel_9th_pre_bid"": ""+194200"", ""sel_8th_pre_req_pre"": ""0"", ""sel_8th_pre_req"": ""11"", ""sel_8th_pre_bid"": ""+194100"", ""sel_7th_pre_req_pre"": ""0"", ""sel_7th_pre_req"": ""777"", ""sel_7th_pre_bid"": ""+194000"", ""sel_6th_pre_req_pre"": ""0"", ""sel_6th_pre_req"": ""21"", ""sel_6th_pre_bid"": ""+193900"", ""sel_5th_pre_req_pre"": ""0"", ""sel_5th_pre_req"": ""8"", ""sel_5th_pre_bid"": ""+193800"", ""sel_4th_pre_req_pre"": ""0"", ""sel_4th_pre_req"": ""1"", ""sel_4th_pre_bid"": ""+193700"", ""sel_3th_pre_req_pre"": ""--4"", ""sel_3th_pre_req"": ""100"", ""sel_3th_pre_bid"": ""+193500"", ""sel_2th_pre_req_pre"": ""0"", ""sel_2th_pre_req"": ""1"", ""sel_2th_pre_bid"": ""+193300"", ""sel_1th_pre_req_pre"": ""0"", ""sel_fpr_req"": ""9"", ""sel_fpr_bid"": ""+193200"", ""buy_fpr_bid"": ""+193100"", ""buy_fpr_req"": ""8"", ""buy_1th_pre_req_pre"": ""0"", ""buy_2th_pre_bid"": ""+193000"", ""buy_2th_pre_req"": ""11"", ""buy_2th_pre_req_pre"": ""0"", ""buy_3th_pre_bid"": ""+192800"", ""buy_3th_pre_req"": ""13"", ""buy_3th_pre_req_pre"": ""0"", ""buy_4th_pre_bid"": ""+192600"", ""buy_4th_pre_req"": ""10"", ""buy_4th_pre_req_pre"": ""0"", ""buy_5th_pre_bid"": ""+192500"", ""buy_5th_pre_req"": ""59"", ""buy_5th_pre_req_pre"": ""0"", ""buy_6th_pre_bid"": ""+192400"", ""buy_6th_pre_req"": ""33"", ""buy_6th_pre_req_pre"": ""0"", ""buy_7th_pre_bid"": ""+192300"", ""buy_7th_pre_req"": ""3"", ""buy_7th_pre_req_pre"": ""0"", ""buy_8th_pre_bid"": ""+192200"", ""buy_8th_pre_req"": ""5"", ""buy_8th_pre_req_pre"": ""0"", ""buy_9th_pre_bid"": ""+192000"", ""buy_9th_pre_req"": ""1"", ""buy_9th_pre_req_pre"": ""0"", ""buy_10th_pre_bid"": ""+191900"", ""buy_10th_pre_req"": ""2"", ""buy_10th_pre_req_pre"": ""0"", ""tot_sel_req_jub_pre"": ""--4"", ""tot_sel_req"": ""950"", ""tot_buy_req"": ""145"", ""tot_buy_req_jub_pre"": ""0"", ""ovt_sel_req_pre"": ""0"", ""ovt_sel_req"": ""0"", ""ovt_buy_req"": ""0"", ""ovt_buy_req_pre"": ""0"", ""return_code"": 0, ""return_msg"": ""정상적으로 처리되었습니다""}"
2026-06-10,scan_candidate,175330,,0,main_scan,25500,,25500,25450,25500,25650,0.39215686274509803,0.19607843137254902,,,,,,"{""bid_req_base_tm"": ""114107"", ""sel_10th_pre_req_pre"": ""0"", ""sel_10th_pre_req"": ""143"", ""sel_10th_pre_bid"": ""+25950"", ""sel_9th_pre_req_pre"": ""0"", ""sel_9th_pre_req"": ""563"", ""sel_9th_pre_bid"": ""25900"", ""sel_8th_pre_req_pre"": ""0"", ""sel_8th_pre_req"": ""470"", ""sel_8th_pre_bid"": ""-25850"", ""sel_7th_pre_req_pre"": ""0"", ""sel_7th_pre_req"": ""43"", ""sel_7th_pre_bid"": ""-25800"", ""sel_6th_pre_req_pre"": ""0"", ""sel_6th_pre_req"": ""101"", ""sel_6th_pre_bid"": ""-25750"", ""sel_5th_pre_req_pre"": ""0"", ""sel_5th_pre_req"": ""85"", ""sel_5th_pre_bid"": ""-25700"", ""sel_4th_pre_req_pre"": ""0"", ""sel_4th_pre_req"": ""177"", ""sel_4th_pre_bid"": ""-25650"", ""sel_3th_pre_req_pre"": ""0"", ""sel_3th_pre_req"": ""483"", ""sel_3th_pre_bid"": ""-25600"", ""sel_2th_pre_req_pre"": ""0"", ""sel_2th_pre_req"": ""970"", ""sel_2th_pre_bid"": ""-25550"", ""sel_1th_pre_req_pre"": ""+2"", ""sel_fpr_req"": ""3432"", ""sel_fpr_bid"": ""-25500"", ""buy_fpr_bid"": ""-25450"", ""buy_fpr_req"": ""3991"", ""buy_1th_pre_req_pre"": ""0"", ""buy_2th_pre_bid"": ""-25400"", ""buy_2th_pre_req"": ""2603"", ""buy_2th_pre_req_pre"": ""0"", ""buy_3th_pre_bid"": ""-25350"", ""buy_3th_pre_req"": ""420"", ""buy_3th_pre_req_pre"": ""0"", ""buy_4th_pre_bid"": ""-25300"", ""buy_4th_pre_req"": ""362"", ""buy_4th_pre_req_pre"": ""0"", ""buy_5th_pre_bid"": ""-25250"", ""buy_5th_pre_req"": ""490"", ""buy_5th_pre_req_pre"": ""0"", ""buy_6th_pre_bid"": ""-25200"", ""buy_6th_pre_req"": ""380"", ""buy_6th_pre_req_pre"": ""0"", ""buy_7th_pre_bid"": ""-25150"", ""buy_7th_pre_req"": ""839"", ""buy_7th_pre_req_pre"": ""0"", ""buy_8th_pre_bid"": ""-25100"", ""buy_8th_pre_req"": ""541"", ""buy_8th_pre_req_pre"": ""0"", ""buy_9th_pre_bid"": ""-25050"", ""buy_9th_pre_req"": ""620"", ""buy_9th_pre_req_pre"": ""0"", ""buy_10th_pre_bid"": ""-25000"", ""buy_10th_pre_req"": ""708"", ""buy_10th_pre_req_pre"": ""0"", ""tot_sel_req_jub_pre"": ""+2"", ""tot_sel_req"": ""6467"", ""tot_buy_req"": ""10954"", ""tot_buy_req_jub_pre"": ""0"", ""ovt_sel_req_pre"": ""0"", ""ovt_sel_req"": ""0"", ""ovt_buy_req"": ""0"", ""ovt_buy_req_pre"": ""0"", ""return_code"": 0, ""return_msg"": ""정상적으로 처리되었습니다""}"
2026-06-10,scan_candidate,088350,,0,main_scan,4830,,4830,4825,4830,4850,0.3105590062111801,0.10351966873706005,,,,,,"{""bid_req_base_tm"": ""114107"", ""sel_10th_pre_req_pre"": ""0"", ""sel_10th_pre_req"": ""2349"", ""sel_10th_pre_bid"": ""-4885"", ""sel_9th_pre_req_pre"": ""0"", ""sel_9th_pre_req"": ""505"", ""sel_9th_pre_bid"": ""-4880"", ""sel_8th_pre_req_pre"": ""0"", ""sel_8th_pre_req"": ""574"", ""sel_8th_pre_bid"": ""-4875"", ""sel_7th_pre_req_pre"": ""+1"", ""sel_7th_pre_req"": ""115"", ""sel_7th_pre_bid"": ""-4870"", ""sel_6th_pre_req_pre"": ""--1"", ""sel_6th_pre_req"": ""1969"", ""sel_6th_pre_bid"": ""-4865"", ""sel_5th_pre_req_pre"": ""0"", ""sel_5th_pre_req"": ""1757"", ""sel_5th_pre_bid"": ""-4860"", ""sel_4th_pre_req_pre"": ""0"", ""sel_4th_pre_req"": ""876"", ""sel_4th_pre_bid"": ""-4855"", ""sel_3th_pre_req_pre"": ""0"", ""sel_3th_pre_req"": ""3500"", ""sel_3th_pre_bid"": ""-4850"", ""sel_2th_pre_req_pre"": ""0"", ""sel_2th_pre_req"": ""279"", ""sel_2th_pre_bid"": ""-4845"", ""sel_1th_pre_req_pre"": ""0"", ""sel_fpr_req"": ""793"", ""sel_fpr_bid"": ""-4830"", ""buy_fpr_bid"": ""-4825"", ""buy_fpr_req"": ""51"", ""buy_1th_pre_req_pre"": ""0"", ""buy_2th_pre_bid"": ""-4820"", ""buy_2th_pre_req"": ""104"", ""buy_2th_pre_req_pre"": ""0"", ""buy_3th_pre_bid"": ""-4815"", ""buy_3th_pre_req"": ""27178"", ""buy_3th_pre_req_pre"": ""0"", ""buy_4th_pre_bid"": ""-4810"", ""buy_4th_pre_req"": ""11595"", ""buy_4th_pre_req_pre"": ""0"", ""buy_5th_pre_bid"": ""-4805"", ""buy_5th_pre_req"": ""13512"", ""buy_5th_pre_req_pre"": ""0"", ""buy_6th_pre_bid"": ""-4800"", ""buy_6th_pre_req"": ""20106"", ""buy_6th_pre_req_pre"": ""0"", ""buy_7th_pre_bid"": ""-4795"", ""buy_7th_pre_req"": ""12991"", ""buy_7th_pre_req_pre"": ""0"", ""buy_8th_pre_bid"": ""-4790"", ""buy_8th_pre_req"": ""16296"", ""buy_8th_pre_req_pre"": ""0"", ""buy_9th_pre_bid"": ""-4785"", ""buy_9th_pre_req"": ""7310"", ""buy_9th_pre_req_pre"": ""0"", ""buy_10th_pre_bid"": ""-4780"", ""buy_10th_pre_req"": ""11101"", ""buy_10th_pre_req_pre"": ""0"", ""tot_sel_req_jub_pre"": ""0"", ""tot_sel_req"": ""12717"", ""tot_buy_req"": ""120244"", ""tot_buy_req_jub_pre"": ""0"", ""ovt_sel_req_pre"": ""0"", ""ovt_sel_req"": ""0"", ""ovt_buy_req"": ""0"", ""ovt_buy_req_pre"": ""0"", ""return_code"": 0, ""return_msg"": ""정상적으로 처리되었습니다""}"
2026-06-10,scan_candidate,069960,,0,main_scan,174600,,174600,174500,174600,174000,-0.6300114547537228,0.057273768613974804,,,,,,"{""bid_req_base_tm"": ""114108"", ""sel_10th_pre_req_pre"": ""0"", ""sel_10th_pre_req"": ""119"", ""sel_10th_pre_bid"": ""+175800"", ""sel_9th_pre_req_pre"": ""0"", ""sel_9th_pre_req"": ""13"", ""sel_9th_pre_bid"": ""+175700"", ""sel_8th_pre_req_pre"": ""0"", ""sel_8th_pre_req"": ""31"", ""sel_8th_pre_bid"": ""+175400"", ""sel_7th_pre_req_pre"": ""0"", ""sel_7th_pre_req"": ""1"", ""sel_7th_pre_bid"": ""+175300"", ""sel_6th_pre_req_pre"": ""0"", ""sel_6th_pre_req"": ""10"", ""sel_6th_pre_bid"": ""+175200"", ""sel_5th_pre_req_pre"": ""0"", ""sel_5th_pre_req"": ""5"", ""sel_5th_pre_bid"": ""+175100"", ""sel_4th_pre_req_pre"": ""0"", ""sel_4th_pre_req"": ""116"", ""sel_4th_pre_bid"": ""+175000"", ""sel_3th_pre_req_pre"": ""0"", ""sel_3th_pre_req"": ""2"", ""sel_3th_pre_bid"": ""+174800"", ""sel_2th_pre_req_pre"": ""0"", ""sel_2th_pre_req"": ""7"", ""sel_2th_pre_bid"": ""+174700"", ""sel_1th_pre_req_pre"": ""0"", ""sel_fpr_req"": ""193"", ""sel_fpr_bid"": ""+174600"", ""buy_fpr_bid"": ""+174500"", ""buy_fpr_req"": ""18"", ""buy_1th_pre_req_pre"": ""0"", ""buy_2th_pre_bid"": ""+174400"", ""buy_2th_pre_req"": ""4"", ""buy_2th_pre_req_pre"": ""0"", ""buy_3th_pre_bid"": ""+174000"", ""buy_3th_pre_req"": ""66"", ""buy_3th_pre_req_pre"": ""0"", ""buy_4th_pre_bid"": ""+173900"", ""buy_4th_pre_req"": ""3"", ""buy_4th_pre_req_pre"": ""0"", ""buy_5th_pre_bid"": ""+173700"", ""buy_5th_pre_req"": ""6"", ""buy_5th_pre_req_pre"": ""0"", ""buy_6th_pre_bid"": ""+173400"", ""buy_6th_pre_req"": ""4"", ""buy_6th_pre_req_pre"": ""0"", ""buy_7th_pre_bid"": ""+173300"", ""buy_7th_pre_req"": ""4"", ""buy_7th_pre_req_pre"": ""0"", ""buy_8th_pre_bid"": ""+173200"", ""buy_8th_pre_req"": ""1"", ""buy_8th_pre_req_pre"": ""0"", ""buy_9th_pre_bid"": ""+173100"", ""buy_9th_pre_req"": ""33"", ""buy_9th_pre_req_pre"": ""0"", ""buy_10th_pre_bid"": ""+173000"", ""buy_10th_pre_req"": ""110"", ""buy_10th_pre_req_pre"": ""0"", ""tot_sel_req_jub_pre"": ""--93"", ""tot_sel_req"": ""497"", ""tot_buy_req"": ""249"", ""tot_buy_req_jub_pre"": ""0"", ""ovt_sel_req_pre"": ""0"", ""ovt_sel_req"": ""0"", ""ovt_buy_req"": ""0"", ""ovt_buy_req_pre"": ""0"", ""return_code"": 0, ""return_msg"": ""정상적으로 처리되었습니다""}"
2026-06-10,scan_candidate,111770,,0,main_scan,78700,,78700,78600,78700,78400,-0.5082592121982211,0.12706480304955528,,,,,,"{""bid_req_base_tm"": ""114102"", ""sel_10th_pre_req_pre"": ""0"", ""sel_10th_pre_req"": ""11"", ""sel_10th_pre_bid"": ""+79700"", ""sel_9th_pre_req_pre"": ""0"", ""sel_9th_pre_req"": ""10"", ""sel_9th_pre_bid"": ""+79500"", ""sel_8th_pre_req_pre"": ""0"", ""sel_8th_pre_req"": ""23"", ""sel_8th_pre_bid"": ""+79400"", ""sel_7th_pre_req_pre"": ""0"", ""sel_7th_pre_req"": ""50"", ""sel_7th_pre_bid"": ""+79300"", ""sel_6th_pre_req_pre"": ""0"", ""sel_6th_pre_req"": ""50"", ""sel_6th_pre_bid"": ""+79200"", ""sel_5th_pre_req_pre"": ""0"", ""sel_5th_pre_req"": ""77"", ""sel_5th_pre_bid"": ""+79100"", ""sel_4th_pre_req_pre"": ""0"", ""sel_4th_pre_req"": ""59"", ""sel_4th_pre_bid"": ""+79000"", ""sel_3th_pre_req_pre"": ""0"", ""sel_3th_pre_req"": ""12"", ""sel_3th_pre_bid"": ""+78900"", ""sel_2th_pre_req_pre"": ""0"", ""sel_2th_pre_req"": ""71"", ""sel_2th_pre_bid"": ""+78800"", ""sel_1th_pre_req_pre"": ""+9"", ""sel_fpr_req"": ""211"", ""sel_fpr_bid"": ""+78700"", ""buy_fpr_bid"": ""+78600"", ""buy_fpr_req"": ""355"", ""buy_1th_pre_req_pre"": ""0"", ""buy_2th_pre_bid"": ""+78500"", ""buy_2th_pre_req"": ""7"", ""buy_2th_pre_req_pre"": ""0"", ""buy_3th_pre_bid"": ""+78400"", ""buy_3th_pre_req"": ""2"", ""buy_3th_pre_req_pre"": ""0"", ""buy_4th_pre_bid"": ""+78300"", ""buy_4th_pre_req"": ""20"", ""buy_4th_pre_req_pre"": ""0"", ""buy_5th_pre_bid"": ""+78200"", ""buy_5th_pre_req"": ""1"", ""buy_5th_pre_req_pre"": ""0"", ""buy_6th_pre_bid"": ""78000"", ""buy_6th_pre_req"": ""44"", ""buy_6th_pre_req_pre"": ""0"", ""buy_7th_pre_bid"": ""-77900"", ""buy_7th_pre_req"": ""45"", ""buy_7th_pre_req_pre"": ""0"", ""buy_8th_pre_bid"": ""-77800"", ""buy_8th_pre_req"": ""7"", ""buy_8th_pre_req_pre"": ""0"", ""buy_9th_pre_bid"": ""-77700"", ""buy_9th_pre_req"": ""19"", ""buy_9th_pre_req_pre"": ""0"", ""buy_10th_pre_bid"": ""-77500"", ""buy_10th_pre_req"": ""1"", ""buy_10th_pre_req_pre"": ""0"", ""tot_sel_req_jub_pre"": ""+9"", ""tot_sel_req"": ""574"", ""tot_buy_req"": ""501"", ""tot_buy_req_jub_pre"": ""0"", ""ovt_sel_req_pre"": ""0"", ""ovt_sel_req"": ""0"", ""ovt_buy_req"": ""0"", ""ovt_buy_req_pre"": ""0"", ""return_code"": 0, ""return_msg"": ""정상적으로 처리되었습니다""}"
2026-06-10,scan_candidate,085620,,0,main_scan,22550,,22550,22500,22550,22600,0.0,0.22172949002217296,,,,,,"{""bid_req_base_tm"": ""114107"", ""sel_10th_pre_req_pre"": ""0"", ""sel_10th_pre_req"": ""1815"", ""sel_10th_pre_bid"": ""-23000"", ""sel_9th_pre_req_pre"": ""0"", ""sel_9th_pre_req"": ""1461"", ""sel_9th_pre_bid"": ""-22950"", ""sel_8th_pre_req_pre"": ""0"", ""sel_8th_pre_req"": ""1085"", ""sel_8th_pre_bid"": ""-22900"", ""sel_7th_pre_req_pre"": ""0"", ""sel_7th_pre_req"": ""1110"", ""sel_7th_pre_bid"": ""-22850"", ""sel_6th_pre_req_pre"": ""0"", ""sel_6th_pre_req"": ""152"", ""sel_6th_pre_bid"": ""-22800"", ""sel_5th_pre_req_pre"": ""0"", ""sel_5th_pre_req"": ""49"", ""sel_5th_pre_bid"": ""-22750"", ""sel_4th_pre_req_pre"": ""0"", ""sel_4th_pre_req"": ""152"", ""sel_4th_pre_bid"": ""-22700"", ""sel_3th_pre_req_pre"": ""0"", ""sel_3th_pre_req"": ""75"", ""sel_3th_pre_bid"": ""-22650"", ""sel_2th_pre_req_pre"": ""0"", ""sel_2th_pre_req"": ""3"", ""sel_2th_pre_bid"": ""-22600"", ""sel_1th_pre_req_pre"": ""0"", ""sel_fpr_req"": ""244"", ""sel_fpr_bid"": ""-22550"", ""buy_fpr_bid"": ""-22500"", ""buy_fpr_req"": ""96"", ""buy_1th_pre_req_pre"": ""0"", ""buy_2th_pre_bid"": ""-22450"", ""buy_2th_pre_req"": ""63"", ""buy_2th_pre_req_pre"": ""0"", ""buy_3th_pre_bid"": ""-22400"", ""buy_3th_pre_req"": ""1657"", ""buy_3th_pre_req_pre"": ""0"", ""buy_4th_pre_bid"": ""-22350"", ""buy_4th_pre_req"": ""1005"", ""buy_4th_pre_req_pre"": ""0"", ""buy_5th_pre_bid"": ""-22300"", ""buy_5th_pre_req"": ""1484"", ""buy_5th_pre_req_pre"": ""--1"", ""buy_6th_pre_bid"": ""-22250"", ""buy_6th_pre_req"": ""1847"", ""buy_6th_pre_req_pre"": ""0"", ""buy_7th_pre_bid"": ""-22200"", ""buy_7th_pre_req"": ""3133"", ""buy_7th_pre_req_pre"": ""0"", ""buy_8th_pre_bid"": ""-22150"", ""buy_8th_pre_req"": ""578"", ""buy_8th_pre_req_pre"": ""0"", ""buy_9th_pre_bid"": ""-22100"", ""buy_9th_pre_req"": ""1568"", ""buy_9th_pre_req_pre"": ""0"", ""buy_10th_pre_bid"": ""-22050"", ""buy_10th_pre_req"": ""2266"", ""buy_10th_pre_req_pre"": ""0"", ""tot_sel_req_jub_pre"": ""0"", ""tot_sel_req"": ""6146"", ""tot_buy_req"": ""13697"", ""tot_buy_req_jub_pre"": ""--1"", ""ovt_sel_req_pre"": ""0"", ""ovt_sel_req"": ""0"", ""ovt_buy_req"": ""0"", ""ovt_buy_req_pre"": ""0"", ""return_code"": 0, ""return_msg"": ""정상적으로 처리되었습니다""}"
2026-06-10,scan_candidate,035250,,0,main_scan,15060,,15060,15050,15060,15000,-0.7304116865869853,0.06640106241699867,,,,,,"{""bid_req_base_tm"": ""114106"", ""sel_10th_pre_req_pre"": ""0"", ""sel_10th_pre_req"": ""14002"", ""sel_10th_pre_bid"": ""+15150"", ""sel_9th_pre_req_pre"": ""0"", ""sel_9th_pre_req"": ""655"", ""sel_9th_pre_bid"": ""+15140"", ""sel_8th_pre_req_pre"": ""0"", ""sel_8th_pre_req"": ""10601"", ""sel_8th_pre_bid"": ""+15130"", ""sel_7th_pre_req_pre"": ""0"", ""sel_7th_pre_req"": ""582"", ""sel_7th_pre_bid"": ""+15120"", ""sel_6th_pre_req_pre"": ""0"", ""sel_6th_pre_req"": ""75"", ""sel_6th_pre_bid"": ""+15110"", ""sel_5th_pre_req_pre"": ""0"", ""sel_5th_pre_req"": ""1007"", ""sel_5th_pre_bid"": ""+15100"", ""sel_4th_pre_req_pre"": ""0"", ""sel_4th_pre_req"": ""1318"", ""sel_4th_pre_bid"": ""+15090"", ""sel_3th_pre_req_pre"": ""0"", ""sel_3th_pre_req"": ""1291"", ""sel_3th_pre_bid"": ""+15080"", ""sel_2th_pre_req_pre"": ""0"", ""sel_2th_pre_req"": ""285"", ""sel_2th_pre_bid"": ""+15070"", ""sel_1th_pre_req_pre"": ""--9"", ""sel_fpr_req"": ""8770"", ""sel_fpr_bid"": ""+15060"", ""buy_fpr_bid"": ""+15050"", ""buy_fpr_req"": ""2747"", ""buy_1th_pre_req_pre"": ""0"", ""buy_2th_pre_bid"": ""+15040"", ""buy_2th_pre_req"": ""2063"", ""buy_2th_pre_req_pre"": ""0"", ""buy_3th_pre_bid"": ""+15030"", ""buy_3th_pre_req"": ""1097"", ""buy_3th_pre_req_pre"": ""0"", ""buy_4th_pre_bid"": ""+15020"", ""buy_4th_pre_req"": ""18"", ""buy_4th_pre_req_pre"": ""0"", ""buy_5th_pre_bid"": ""+15010"", ""buy_5th_pre_req"": ""414"", ""buy_5th_pre_req_pre"": ""0"", ""buy_6th_pre_bid"": ""+15000"", ""buy_6th_pre_req"": ""172"", ""buy_6th_pre_req_pre"": ""0"", ""buy_7th_pre_bid"": ""+14990"", ""buy_7th_pre_req"": ""133"", ""buy_7th_pre_req_pre"": ""0"", ""buy_8th_pre_bid"": ""+14980"", ""buy_8th_pre_req"": ""127"", ""buy_8th_pre_req_pre"": ""0"", ""buy_9th_pre_bid"": ""+14970"", ""buy_9th_pre_req"": ""94"", ""buy_9th_pre_req_pre"": ""0"", ""buy_10th_pre_bid"": ""+14960"", ""buy_10th_pre_req"": ""52"", ""buy_10th_pre_req_pre"": ""0"", ""tot_sel_req_jub_pre"": ""--9"", ""tot_sel_req"": ""38586"", ""tot_buy_req"": ""6917"", ""tot_buy_req_jub_pre"": ""0"", ""ovt_sel_req_pre"": ""0"", ""ovt_sel_req"": ""0"", ""ovt_buy_req"": ""0"", ""ovt_buy_req_pre"": ""0"", ""return_code"": 0, ""return_msg"": ""정상적으로 처리되었습니다""}"
2026-06-10,scan_candidate,001450,,0,main_scan,37600,,37600,37450,37600,37550,-0.26595744680851063,0.39893617021276595,,,,,,"{""bid_req_base_tm"": ""114108"", ""sel_10th_pre_req_pre"": ""0"", ""sel_10th_pre_req"": ""203"", ""sel_10th_pre_bid"": ""+38050"", ""sel_9th_pre_req_pre"": ""0"", ""sel_9th_pre_req"": ""566"", ""sel_9th_pre_bid"": ""+38000"", ""sel_8th_pre_req_pre"": ""0"", ""sel_8th_pre_req"": ""141"", ""sel_8th_pre_bid"": ""+37950"", ""sel_7th_pre_req_pre"": ""0"", ""sel_7th_pre_req"": ""224"", ""sel_7th_pre_bid"": ""+37900"", ""sel_6th_pre_req_pre"": ""0"", ""sel_6th_pre_req"": ""459"", ""sel_6th_pre_bid"": ""+37850"", ""sel_5th_pre_req_pre"": ""0"", ""sel_5th_pre_req"": ""502"", ""sel_5th_pre_bid"": ""+37800"", ""sel_4th_pre_req_pre"": ""0"", ""sel_4th_pre_req"": ""625"", ""sel_4th_pre_bid"": ""+37750"", ""sel_3th_pre_req_pre"": ""0"", ""sel_3th_pre_req"": ""178"", ""sel_3th_pre_bid"": ""+37700"", ""sel_2th_pre_req_pre"": ""0"", ""sel_2th_pre_req"": ""64"", ""sel_2th_pre_bid"": ""+37650"", ""sel_1th_pre_req_pre"": ""+69"", ""sel_fpr_req"": ""281"", ""sel_fpr_bid"": ""+37600"", ""buy_fpr_bid"": ""+37450"", ""buy_fpr_req"": ""60"", ""buy_1th_pre_req_pre"": ""0"", ""buy_2th_pre_bid"": ""+37400"", ""buy_2th_pre_req"": ""119"", ""buy_2th_pre_req_pre"": ""0"", ""buy_3th_pre_bid"": ""+37350"", ""buy_3th_pre_req"": ""209"", ""buy_3th_pre_req_pre"": ""0"", ""buy_4th_pre_bid"": ""+37300"", ""buy_4th_pre_req"": ""1082"", ""buy_4th_pre_req_pre"": ""0"", ""buy_5th_pre_bid"": ""+37250"", ""buy_5th_pre_req"": ""209"", ""buy_5th_pre_req_pre"": ""0"", ""buy_6th_pre_bid"": ""+37200"", ""buy_6th_pre_req"": ""491"", ""buy_6th_pre_req_pre"": ""0"", ""buy_7th_pre_bid"": ""+37150"", ""buy_7th_pre_req"": ""542"", ""buy_7th_pre_req_pre"": ""0"", ""buy_8th_pre_bid"": ""+37100"", ""buy_8th_pre_req"": ""670"", ""buy_8th_pre_req_pre"": ""0"", ""buy_9th_pre_bid"": ""+37050"", ""buy_9th_pre_req"": ""2827"", ""buy_9th_pre_req_pre"": ""0"", ""buy_10th_pre_bid"": ""+37000"", ""buy_10th_pre_req"": ""741"", ""buy_10th_pre_req_pre"": ""0"", ""tot_sel_req_jub_pre"": ""+69"", ""tot_sel_req"": ""3243"", ""tot_buy_req"": ""6950"", ""tot_buy_req_jub_pre"": ""0"", ""ovt_sel_req_pre"": ""0"", ""ovt_sel_req"": ""0"", ""ovt_buy_req"": ""0"", ""ovt_buy_req_pre"": ""0"", ""return_code"": 0, ""return_msg"": ""정상적으로 처리되었습니다""}"
2026-06-10,scan_candidate,036460,,0,main_scan,34600,,34600,34550,34600,34550,-0.2890173410404624,0.1445086705202312,,,,,,"{""bid_req_base_tm"": ""114108"", ""sel_10th_pre_req_pre"": ""0"", ""sel_10th_pre_req"": ""16"", ""sel_10th_pre_bid"": ""+35050"", ""sel_9th_pre_req_pre"": ""0"", ""sel_9th_pre_req"": ""4283"", ""sel_9th_pre_bid"": ""+35000"", ""sel_8th_pre_req_pre"": ""0"", ""sel_8th_pre_req"": ""289"", ""sel_8th_pre_bid"": ""+34950"", ""sel_7th_pre_req_pre"": ""0"", ""sel_7th_pre_req"": ""619"", ""sel_7th_pre_bid"": ""+34900"", ""sel_6th_pre_req_pre"": ""0"", ""sel_6th_pre_req"": ""534"", ""sel_6th_pre_bid"": ""+34850"", ""sel_5th_pre_req_pre"": ""0"", ""sel_5th_pre_req"": ""420"", ""sel_5th_pre_bid"": ""+34800"", ""sel_4th_pre_req_pre"": ""0"", ""sel_4th_pre_req"": ""578"", ""sel_4th_pre_bid"": ""+34750"", ""sel_3th_pre_req_pre"": ""0"", ""sel_3th_pre_req"": ""832"", ""sel_3th_pre_bid"": ""+34700"", ""sel_2th_pre_req_pre"": ""0"", ""sel_2th_pre_req"": ""1354"", ""sel_2th_pre_bid"": ""+34650"", ""sel_1th_pre_req_pre"": ""0"", ""sel_fpr_req"": ""465"", ""sel_fpr_bid"": ""+34600"", ""buy_fpr_bid"": ""+34550"", ""buy_fpr_req"": ""102"", ""buy_1th_pre_req_pre"": ""+13"", ""buy_2th_pre_bid"": ""+34500"", ""buy_2th_pre_req"": ""186"", ""buy_2th_pre_req_pre"": ""0"", ""buy_3th_pre_bid"": ""+34450"", ""buy_3th_pre_req"": ""225"", ""buy_3th_pre_req_pre"": ""0"", ""buy_4th_pre_bid"": ""+34400"", ""buy_4th_pre_req"": ""510"", ""buy_4th_pre_req_pre"": ""0"", ""buy_5th_pre_bid"": ""+34350"", ""buy_5th_pre_req"": ""101"", ""buy_5th_pre_req_pre"": ""0"", ""buy_6th_pre_bid"": ""+34300"", ""buy_6th_pre_req"": ""1847"", ""buy_6th_pre_req_pre"": ""0"", ""buy_7th_pre_bid"": ""+34250"", ""buy_7th_pre_req"": ""593"", ""buy_7th_pre_req_pre"": ""0"", ""buy_8th_pre_bid"": ""+34200"", ""buy_8th_pre_req"": ""761"", ""buy_8th_pre_req_pre"": ""0"", ""buy_9th_pre_bid"": ""+34150"", ""buy_9th_pre_req"": ""594"", ""buy_9th_pre_req_pre"": ""0"", ""buy_10th_pre_bid"": ""+34100"", ""buy_10th_pre_req"": ""700"", ""buy_10th_pre_req_pre"": ""0"", ""tot_sel_req_jub_pre"": ""0"", ""tot_sel_req"": ""9390"", ""tot_buy_req"": ""5619"", ""tot_buy_req_jub_pre"": ""+13"", ""ovt_sel_req_pre"": ""0"", ""ovt_sel_req"": ""0"", ""ovt_buy_req"": ""0"", ""ovt_buy_req_pre"": ""0"", ""return_code"": 0, ""return_msg"": ""정상적으로 처리되었습니다""}"
2026-06-10,scan_candidate,017800,,0,main_scan,76500,,76500,76400,76500,76600,0.0,0.130718954248366,,,,,,"{""bid_req_base_tm"": ""114108"", ""sel_10th_pre_req_pre"": ""0"", ""sel_10th_pre_req"": ""206"", ""sel_10th_pre_bid"": ""+77500"", ""sel_9th_pre_req_pre"": ""0"", ""sel_9th_pre_req"": ""27"", ""sel_9th_pre_bid"": ""+77400"", ""sel_8th_pre_req_pre"": ""0"", ""sel_8th_pre_req"": ""8"", ""sel_8th_pre_bid"": ""+77300"", ""sel_7th_pre_req_pre"": ""0"", ""sel_7th_pre_req"": ""40"", ""sel_7th_pre_bid"": ""+77200"", ""sel_6th_pre_req_pre"": ""0"", ""sel_6th_pre_req"": ""120"", ""sel_6th_pre_bid"": ""+77100"", ""sel_5th_pre_req_pre"": ""0"", ""sel_5th_pre_req"": ""24"", ""sel_5th_pre_bid"": ""+76900"", ""sel_4th_pre_req_pre"": ""0"", ""sel_4th_pre_req"": ""19"", ""sel_4th_pre_bid"": ""+76800"", ""sel_3th_pre_req_pre"": ""0"", ""sel_3th_pre_req"": ""448"", ""sel_3th_pre_bid"": ""76700"", ""sel_2th_pre_req_pre"": ""0"", ""sel_2th_pre_req"": ""104"", ""sel_2th_pre_bid"": ""-76600"", ""sel_1th_pre_req_pre"": ""0"", ""sel_fpr_req"": ""285"", ""sel_fpr_bid"": ""-76500"", ""buy_fpr_bid"": ""-76400"", ""buy_fpr_req"": ""424"", ""buy_1th_pre_req_pre"": ""+26"", ""buy_2th_pre_bid"": ""-76300"", ""buy_2th_pre_req"": ""264"", ""buy_2th_pre_req_pre"": ""0"", ""buy_3th_pre_bid"": ""-76200"", ""buy_3th_pre_req"": ""122"", ""buy_3th_pre_req_pre"": ""0"", ""buy_4th_pre_bid"": ""-76100"", ""buy_4th_pre_req"": ""74"", ""buy_4th_pre_req_pre"": ""0"", ""buy_5th_pre_bid"": ""-76000"", ""buy_5th_pre_req"": ""185"", ""buy_5th_pre_req_pre"": ""0"", ""buy_6th_pre_bid"": ""-75900"", ""buy_6th_pre_req"": ""57"", ""buy_6th_pre_req_pre"": ""0"", ""buy_7th_pre_bid"": ""-75800"", ""buy_7th_pre_req"": ""138"", ""buy_7th_pre_req_pre"": ""0"", ""buy_8th_pre_bid"": ""-75700"", ""buy_8th_pre_req"": ""60"", ""buy_8th_pre_req_pre"": ""0"", ""buy_9th_pre_bid"": ""-75600"", ""buy_9th_pre_req"": ""237"", ""buy_9th_pre_req_pre"": ""0"", ""buy_10th_pre_bid"": ""-75500"", ""buy_10th_pre_req"": ""186"", ""buy_10th_pre_req_pre"": ""0"", ""tot_sel_req_jub_pre"": ""0"", ""tot_sel_req"": ""1281"", ""tot_buy_req"": ""1747"", ""tot_buy_req_jub_pre"": ""+26"", ""ovt_sel_req_pre"": ""0"", ""ovt_sel_req"": ""0"", ""ovt_buy_req"": ""0"", ""ovt_buy_req_pre"": ""0"", ""return_code"": 0, ""return_msg"": ""정상적으로 처리되었습니다""}"
2026-06-10,scan_candidate,007810,,0,main_scan,119300,,119300,119000,119300,119000,-0.6705783738474435,0.2514668901927913,,,,,,"{""bid_req_base_tm"": ""114109"", ""sel_10th_pre_req_pre"": ""0"", ""sel_10th_pre_req"": ""25"", ""sel_10th_pre_bid"": ""+120700"", ""sel_9th_pre_req_pre"": ""0"", ""sel_9th_pre_req"": ""2"", ""sel_9th_pre_bid"": ""+120600"", ""sel_8th_pre_req_pre"": ""0"", ""sel_8th_pre_req"": ""9"", ""sel_8th_pre_bid"": ""+120500"", ""sel_7th_pre_req_pre"": ""0"", ""sel_7th_pre_req"": ""112"", ""sel_7th_pre_bid"": ""-120200"", ""sel_6th_pre_req_pre"": ""0"", ""sel_6th_pre_req"": ""4"", ""sel_6th_pre_bid"": ""-120100"", ""sel_5th_pre_req_pre"": ""0"", ""sel_5th_pre_req"": ""11"", ""sel_5th_pre_bid"": ""-120000"", ""sel_4th_pre_req_pre"": ""0"", ""sel_4th_pre_req"": ""9"", ""sel_4th_pre_bid"": ""-119900"", ""sel_3th_pre_req_pre"": ""0"", ""sel_3th_pre_req"": ""4"", ""sel_3th_pre_bid"": ""-119800"", ""sel_2th_pre_req_pre"": ""0"", ""sel_2th_pre_req"": ""36"", ""sel_2th_pre_bid"": ""-119600"", ""sel_1th_pre_req_pre"": ""0"", ""sel_fpr_req"": ""27"", ""sel_fpr_bid"": ""-119300"", ""buy_fpr_bid"": ""-119000"", ""buy_fpr_req"": ""3"", ""buy_1th_pre_req_pre"": ""--2"", ""buy_2th_pre_bid"": ""-118700"", ""buy_2th_pre_req"": ""13"", ""buy_2th_pre_req_pre"": ""0"", ""buy_3th_pre_bid"": ""-118500"", ""buy_3th_pre_req"": ""11"", ""buy_3th_pre_req_pre"": ""0"", ""buy_4th_pre_bid"": ""-118400"", ""buy_4th_pre_req"": ""11"", ""buy_4th_pre_req_pre"": ""--11"", ""buy_5th_pre_bid"": ""-118300"", ""buy_5th_pre_req"": ""40"", ""buy_5th_pre_req_pre"": ""0"", ""buy_6th_pre_bid"": ""-118200"", ""buy_6th_pre_req"": ""43"", ""buy_6th_pre_req_pre"": ""0"", ""buy_7th_pre_bid"": ""-118100"", ""buy_7th_pre_req"": ""110"", ""buy_7th_pre_req_pre"": ""0"", ""buy_8th_pre_bid"": ""-118000"", ""buy_8th_pre_req"": ""474"", ""buy_8th_pre_req_pre"": ""0"", ""buy_9th_pre_bid"": ""-117900"", ""buy_9th_pre_req"": ""65"", ""buy_9th_pre_req_pre"": ""0"", ""buy_10th_pre_bid"": ""-117800"", ""buy_10th_pre_req"": ""101"", ""buy_10th_pre_req_pre"": ""0"", ""tot_sel_req_jub_pre"": ""+9"", ""tot_sel_req"": ""239"", ""tot_buy_req"": ""871"", ""tot_buy_req_jub_pre"": ""--215"", ""ovt_sel_req_pre"": ""0"", ""ovt_sel_req"": ""0"", ""ovt_buy_req"": ""0"", ""ovt_buy_req_pre"": ""0"", ""return_code"": 0, ""return_msg"": ""정상적으로 처리되었습니다""}"
2026-06-10,scan_candidate,001740,,0,main_scan,13840,,13840,13830,13840,13850,-0.2890173410404624,0.0722543352601156,,,,,,"{""bid_req_base_tm"": ""114109"", ""sel_10th_pre_req_pre"": ""0"", ""sel_10th_pre_req"": ""153"", ""sel_10th_pre_bid"": ""-13930"", ""sel_9th_pre_req_pre"": ""0"", ""sel_9th_pre_req"": ""120"", ""sel_9th_pre_bid"": ""-13920"", ""sel_8th_pre_req_pre"": ""0"", ""sel_8th_pre_req"": ""894"", ""sel_8th_pre_bid"": ""-13910"", ""sel_7th_pre_req_pre"": ""0"", ""sel_7th_pre_req"": ""1335"", ""sel_7th_pre_bid"": ""-13900"", ""sel_6th_pre_req_pre"": ""0"", ""sel_6th_pre_req"": ""786"", ""sel_6th_pre_bid"": ""-13890"", ""sel_5th_pre_req_pre"": ""0"", ""sel_5th_pre_req"": ""572"", ""sel_5th_pre_bid"": ""-13880"", ""sel_4th_pre_req_pre"": ""0"", ""sel_4th_pre_req"": ""131"", ""sel_4th_pre_bid"": ""-13870"", ""sel_3th_pre_req_pre"": ""0"", ""sel_3th_pre_req"": ""2343"", ""sel_3th_pre_bid"": ""-13860"", ""sel_2th_pre_req_pre"": ""0"", ""sel_2th_pre_req"": ""425"", ""sel_2th_pre_bid"": ""-13850"", ""sel_1th_pre_req_pre"": ""0"", ""sel_fpr_req"": ""906"", ""sel_fpr_bid"": ""-13840"", ""buy_fpr_bid"": ""-13830"", ""buy_fpr_req"": ""1873"", ""buy_1th_pre_req_pre"": ""0"", ""buy_2th_pre_bid"": ""-13820"", ""buy_2th_pre_req"": ""918"", ""buy_2th_pre_req_pre"": ""0"", ""buy_3th_pre_bid"": ""-13810"", ""buy_3th_pre_req"": ""806"", ""buy_3th_pre_req_pre"": ""0"", ""buy_4th_pre_bid"": ""-13800"", ""buy_4th_pre_req"": ""1048"", ""buy_4th_pre_req_pre"": ""0"", ""buy_5th_pre_bid"": ""-13790"", ""buy_5th_pre_req"": ""565"", ""buy_5th_pre_req_pre"": ""0"", ""buy_6th_pre_bid"": ""-13780"", ""buy_6th_pre_req"": ""2906"", ""buy_6th_pre_req_pre"": ""0"", ""buy_7th_pre_bid"": ""-13770"", ""buy_7th_pre_req"": ""1371"", ""buy_7th_pre_req_pre"": ""+1"", ""buy_8th_pre_bid"": ""-13760"", ""buy_8th_pre_req"": ""1102"", ""buy_8th_pre_req_pre"": ""0"", ""buy_9th_pre_bid"": ""-13750"", ""buy_9th_pre_req"": ""4261"", ""buy_9th_pre_req_pre"": ""0"", ""buy_10th_pre_bid"": ""-13740"", ""buy_10th_pre_req"": ""2649"", ""buy_10th_pre_req_pre"": ""0"", ""tot_sel_req_jub_pre"": ""0"", ""tot_sel_req"": ""7665"", ""tot_buy_req"": ""17499"", ""tot_buy_req_jub_pre"": ""+1"", ""ovt_sel_req_pre"": ""0"", ""ovt_sel_req"": ""0"", ""ovt_buy_req"": ""0"", ""ovt_buy_req_pre"": ""0"", ""return_code"": 0, ""return_msg"": ""정상적으로 처리되었습니다""}"
2026-06-10,scan_candidate,383220,,0,main_scan,76500,,76500,76000,76500,75900,-0.9150326797385622,0.6535947712418301,,,,,,"{""bid_req_base_tm"": ""114109"", ""sel_10th_pre_req_pre"": ""0"", ""sel_10th_pre_req"": ""1"", ""sel_10th_pre_bid"": ""+77400"", ""sel_9th_pre_req_pre"": ""0"", ""sel_9th_pre_req"": ""4"", ""sel_9th_pre_bid"": ""+77300"", ""sel_8th_pre_req_pre"": ""0"", ""sel_8th_pre_req"": ""524"", ""sel_8th_pre_bid"": ""+77200"", ""sel_7th_pre_req_pre"": ""0"", ""sel_7th_pre_req"": ""78"", ""sel_7th_pre_bid"": ""+77100"", ""sel_6th_pre_req_pre"": ""+50"", ""sel_6th_pre_req"": ""73"", ""sel_6th_pre_bid"": ""+77000"", ""sel_5th_pre_req_pre"": ""0"", ""sel_5th_pre_req"": ""106"", ""sel_5th_pre_bid"": ""+76900"", ""sel_4th_pre_req_pre"": ""0"", ""sel_4th_pre_req"": ""30"", ""sel_4th_pre_bid"": ""+76800"", ""sel_3th_pre_req_pre"": ""0"", ""sel_3th_pre_req"": ""9"", ""sel_3th_pre_bid"": ""+76700"", ""sel_2th_pre_req_pre"": ""0"", ""sel_2th_pre_req"": ""37"", ""sel_2th_pre_bid"": ""+76600"", ""sel_1th_pre_req_pre"": ""0"", ""sel_fpr_req"": ""10"", ""sel_fpr_bid"": ""+76500"", ""buy_fpr_bid"": ""+76000"", ""buy_fpr_req"": ""26"", ""buy_1th_pre_req_pre"": ""0"", ""buy_2th_pre_bid"": ""+75900"", ""buy_2th_pre_req"": ""18"", ""buy_2th_pre_req_pre"": ""0"", ""buy_3th_pre_bid"": ""+75700"", ""buy_3th_pre_req"": ""18"", ""buy_3th_pre_req_pre"": ""0"", ""buy_4th_pre_bid"": ""+75600"", ""buy_4th_pre_req"": ""29"", ""buy_4th_pre_req_pre"": ""0"", ""buy_5th_pre_bid"": ""+75500"", ""buy_5th_pre_req"": ""93"", ""buy_5th_pre_req_pre"": ""0"", ""buy_6th_pre_bid"": ""+75400"", ""buy_6th_pre_req"": ""29"", ""buy_6th_pre_req_pre"": ""0"", ""buy_7th_pre_bid"": ""+75300"", ""buy_7th_pre_req"": ""17"", ""buy_7th_pre_req_pre"": ""0"", ""buy_8th_pre_bid"": ""+75200"", ""buy_8th_pre_req"": ""10"", ""buy_8th_pre_req_pre"": ""0"", ""buy_9th_pre_bid"": ""+75000"", ""buy_9th_pre_req"": ""2"", ""buy_9th_pre_req_pre"": ""0"", ""buy_10th_pre_bid"": ""+74900"", ""buy_10th_pre_req"": ""10"", ""buy_10th_pre_req_pre"": ""0"", ""tot_sel_req_jub_pre"": ""+50"", ""tot_sel_req"": ""872"", ""tot_buy_req"": ""252"", ""tot_buy_req_jub_pre"": ""0"", ""ovt_sel_req_pre"": ""0"", ""ovt_sel_req"": ""0"", ""ovt_buy_req"": ""0"", ""ovt_buy_req_pre"": ""0"", ""return_code"": 0, ""return_msg"": ""정상적으로 처리되었습니다""}"
2026-06-10,scan_candidate,014680,,0,main_scan,261000,,261000,260500,261000,262000,0.19157088122605362,0.19157088122605362,,,,,,"{""bid_req_base_tm"": ""114108"", ""sel_10th_pre_req_pre"": ""0"", ""sel_10th_pre_req"": ""25"", ""sel_10th_pre_bid"": ""+265500"", ""sel_9th_pre_req_pre"": ""0"", ""sel_9th_pre_req"": ""41"", ""sel_9th_pre_bid"": ""+265000"", ""sel_8th_pre_req_pre"": ""0"", ""sel_8th_pre_req"": ""16"", ""sel_8th_pre_bid"": ""+264500"", ""sel_7th_pre_req_pre"": ""0"", ""sel_7th_pre_req"": ""86"", ""sel_7th_pre_bid"": ""+264000"", ""sel_6th_pre_req_pre"": ""0"", ""sel_6th_pre_req"": ""13"", ""sel_6th_pre_bid"": ""+263500"", ""sel_5th_pre_req_pre"": ""0"", ""sel_5th_pre_req"": ""10"", ""sel_5th_pre_bid"": ""+263000"", ""sel_4th_pre_req_pre"": ""0"", ""sel_4th_pre_req"": ""5"", ""sel_4th_pre_bid"": ""+262500"", ""sel_3th_pre_req_pre"": ""0"", ""sel_3th_pre_req"": ""2"", ""sel_3th_pre_bid"": ""+262000"", ""sel_2th_pre_req_pre"": ""0"", ""sel_2th_pre_req"": ""17"", ""sel_2th_pre_bid"": ""+261500"", ""sel_1th_pre_req_pre"": ""0"", ""sel_fpr_req"": ""11"", ""sel_fpr_bid"": ""+261000"", ""buy_fpr_bid"": ""+260500"", ""buy_fpr_req"": ""17"", ""buy_1th_pre_req_pre"": ""+3"", ""buy_2th_pre_bid"": ""+260000"", ""buy_2th_pre_req"": ""4"", ""buy_2th_pre_req_pre"": ""0"", ""buy_3th_pre_bid"": ""+259500"", ""buy_3th_pre_req"": ""22"", ""buy_3th_pre_req_pre"": ""0"", ""buy_4th_pre_bid"": ""+259000"", ""buy_4th_pre_req"": ""252"", ""buy_4th_pre_req_pre"": ""0"", ""buy_5th_pre_bid"": ""+258500"", ""buy_5th_pre_req"": ""241"", ""buy_5th_pre_req_pre"": ""0"", ""buy_6th_pre_bid"": ""+258000"", ""buy_6th_pre_req"": ""201"", ""buy_6th_pre_req_pre"": ""0"", ""buy_7th_pre_bid"": ""+257500"", ""buy_7th_pre_req"": ""203"", ""buy_7th_pre_req_pre"": ""0"", ""buy_8th_pre_bid"": ""+257000"", ""buy_8th_pre_req"": ""203"", ""buy_8th_pre_req_pre"": ""0"", ""buy_9th_pre_bid"": ""+256500"", ""buy_9th_pre_req"": ""207"", ""buy_9th_pre_req_pre"": ""0"", ""buy_10th_pre_bid"": ""+256000"", ""buy_10th_pre_req"": ""203"", ""buy_10th_pre_req_pre"": ""0"", ""tot_sel_req_jub_pre"": ""0"", ""tot_sel_req"": ""226"", ""tot_buy_req"": ""1553"", ""tot_buy_req_jub_pre"": ""+3"", ""ovt_sel_req_pre"": ""0"", ""ovt_sel_req"": ""0"", ""ovt_buy_req"": ""0"", ""ovt_buy_req_pre"": ""0"", ""return_code"": 0, ""return_msg"": ""정상적으로 처리되었습니다""}"
2026-06-10,scan_candidate,028670,,0,main_scan,5070,,5070,5060,5070,5050,-0.591715976331361,0.19723865877712032,,,,,,"{""bid_req_base_tm"": ""114110"", ""sel_10th_pre_req_pre"": ""0"", ""sel_10th_pre_req"": ""2657"", ""sel_10th_pre_bid"": ""-5160"", ""sel_9th_pre_req_pre"": ""0"", ""sel_9th_pre_req"": ""3340"", ""sel_9th_pre_bid"": ""-5150"", ""sel_8th_pre_req_pre"": ""0"", ""sel_8th_pre_req"": ""1511"", ""sel_8th_pre_bid"": ""-5140"", ""sel_7th_pre_req_pre"": ""0"", ""sel_7th_pre_req"": ""3289"", ""sel_7th_pre_bid"": ""-5130"", ""sel_6th_pre_req_pre"": ""0"", ""sel_6th_pre_req"": ""3099"", ""sel_6th_pre_bid"": ""-5120"", ""sel_5th_pre_req_pre"": ""0"", ""sel_5th_pre_req"": ""2301"", ""sel_5th_pre_bid"": ""-5110"", ""sel_4th_pre_req_pre"": ""0"", ""sel_4th_pre_req"": ""9411"", ""sel_4th_pre_bid"": ""-5100"", ""sel_3th_pre_req_pre"": ""0"", ""sel_3th_pre_req"": ""1936"", ""sel_3th_pre_bid"": ""-5090"", ""sel_2th_pre_req_pre"": ""+1"", ""sel_2th_pre_req"": ""2792"", ""sel_2th_pre_bid"": ""-5080"", ""sel_1th_pre_req_pre"": ""0"", ""sel_fpr_req"": ""1387"", ""sel_fpr_bid"": ""-5070"", ""buy_fpr_bid"": ""-5060"", ""buy_fpr_req"": ""1177"", ""buy_1th_pre_req_pre"": ""0"", ""buy_2th_pre_bid"": ""-5050"", ""buy_2th_pre_req"": ""2783"", ""buy_2th_pre_req_pre"": ""0"", ""buy_3th_pre_bid"": ""-5040"", ""buy_3th_pre_req"": ""1164"", ""buy_3th_pre_req_pre"": ""0"", ""buy_4th_pre_bid"": ""-5030"", ""buy_4th_pre_req"": ""2475"", ""buy_4th_pre_req_pre"": ""0"", ""buy_5th_pre_bid"": ""-5020"", ""buy_5th_pre_req"": ""727"", ""buy_5th_pre_req_pre"": ""0"", ""buy_6th_pre_bid"": ""-5010"", ""buy_6th_pre_req"": ""943"", ""buy_6th_pre_req_pre"": ""0"", ""buy_7th_pre_bid"": ""-5000"", ""buy_7th_pre_req"": ""11732"", ""buy_7th_pre_req_pre"": ""0"", ""buy_8th_pre_bid"": ""-4995"", ""buy_8th_pre_req"": ""1191"", ""buy_8th_pre_req_pre"": ""0"", ""buy_9th_pre_bid"": ""-4990"", ""buy_9th_pre_req"": ""280"", ""buy_9th_pre_req_pre"": ""0"", ""buy_10th_pre_bid"": ""-4985"", ""buy_10th_pre_req"": ""638"", ""buy_10th_pre_req_pre"": ""0"", ""tot_sel_req_jub_pre"": ""+1"", ""tot_sel_req"": ""31723"", ""tot_buy_req"": ""23110"", ""tot_buy_req_jub_pre"": ""0"", ""ovt_sel_req_pre"": ""0"", ""ovt_sel_req"": ""0"", ""ovt_buy_req"": ""0"", ""ovt_buy_req_pre"": ""0"", ""return_code"": 0, ""return_msg"": ""정상적으로 처리되었습니다""}"
2026-06-10,scan_candidate,009420,,0,main_scan,49900,,49900,49800,49900,50100,0.2004008016032064,0.2004008016032064,,,,,,"{""bid_req_base_tm"": ""114110"", ""sel_10th_pre_req_pre"": ""0"", ""sel_10th_pre_req"": ""68"", ""sel_10th_pre_bid"": ""-50700"", ""sel_9th_pre_req_pre"": ""0"", ""sel_9th_pre_req"": ""28"", ""sel_9th_pre_bid"": ""-50600"", ""sel_8th_pre_req_pre"": ""0"", ""sel_8th_pre_req"": ""118"", ""sel_8th_pre_bid"": ""-50500"", ""sel_7th_pre_req_pre"": ""0"", ""sel_7th_pre_req"": ""216"", ""sel_7th_pre_bid"": ""-50400"", ""sel_6th_pre_req_pre"": ""0"", ""sel_6th_pre_req"": ""34"", ""sel_6th_pre_bid"": ""-50300"", ""sel_5th_pre_req_pre"": ""0"", ""sel_5th_pre_req"": ""5"", ""sel_5th_pre_bid"": ""-50200"", ""sel_4th_pre_req_pre"": ""0"", ""sel_4th_pre_req"": ""14"", ""sel_4th_pre_bid"": ""-50100"", ""sel_3th_pre_req_pre"": ""0"", ""sel_3th_pre_req"": ""61"", ""sel_3th_pre_bid"": ""-50000"", ""sel_2th_pre_req_pre"": ""0"", ""sel_2th_pre_req"": ""25"", ""sel_2th_pre_bid"": ""-49950"", ""sel_1th_pre_req_pre"": ""0"", ""sel_fpr_req"": ""94"", ""sel_fpr_bid"": ""-49900"", ""buy_fpr_bid"": ""-49800"", ""buy_fpr_req"": ""23"", ""buy_1th_pre_req_pre"": ""0"", ""buy_2th_pre_bid"": ""-49750"", ""buy_2th_pre_req"": ""1"", ""buy_2th_pre_req_pre"": ""0"", ""buy_3th_pre_bid"": ""-49700"", ""buy_3th_pre_req"": ""39"", ""buy_3th_pre_req_pre"": ""0"", ""buy_4th_pre_bid"": ""-49650"", ""buy_4th_pre_req"": ""79"", ""buy_4th_pre_req_pre"": ""0"", ""buy_5th_pre_bid"": ""-49600"", ""buy_5th_pre_req"": ""11"", ""buy_5th_pre_req_pre"": ""0"", ""buy_6th_pre_bid"": ""-49550"", ""buy_6th_pre_req"": ""10"", ""buy_6th_pre_req_pre"": ""0"", ""buy_7th_pre_bid"": ""-49500"", ""buy_7th_pre_req"": ""519"", ""buy_7th_pre_req_pre"": ""0"", ""buy_8th_pre_bid"": ""-49450"", ""buy_8th_pre_req"": ""171"", ""buy_8th_pre_req_pre"": ""0"", ""buy_9th_pre_bid"": ""-49400"", ""buy_9th_pre_req"": ""146"", ""buy_9th_pre_req_pre"": ""0"", ""buy_10th_pre_bid"": ""-49350"", ""buy_10th_pre_req"": ""46"", ""buy_10th_pre_req_pre"": ""0"", ""tot_sel_req_jub_pre"": ""0"", ""tot_sel_req"": ""663"", ""tot_buy_req"": ""1045"", ""tot_buy_req_jub_pre"": ""0"", ""ovt_sel_req_pre"": ""0"", ""ovt_sel_req"": ""0"", ""ovt_buy_req"": ""0"", ""ovt_buy_req_pre"": ""0"", ""return_code"": 0, ""return_msg"": ""정상적으로 처리되었습니다""}"
2026-06-10,scan_candidate,375500,,0,main_scan,70900,,70900,70800,70900,70700,-0.4231311706629055,0.14104372355430184,,,,,,"{""bid_req_base_tm"": ""114108"", ""sel_10th_pre_req_pre"": ""0"", ""sel_10th_pre_req"": ""200"", ""sel_10th_pre_bid"": ""+71800"", ""sel_9th_pre_req_pre"": ""0"", ""sel_9th_pre_req"": ""225"", ""sel_9th_pre_bid"": ""+71700"", ""sel_8th_pre_req_pre"": ""0"", ""sel_8th_pre_req"": ""296"", ""sel_8th_pre_bid"": ""+71600"", ""sel_7th_pre_req_pre"": ""0"", ""sel_7th_pre_req"": ""585"", ""sel_7th_pre_bid"": ""+71500"", ""sel_6th_pre_req_pre"": ""0"", ""sel_6th_pre_req"": ""527"", ""sel_6th_pre_bid"": ""+71400"", ""sel_5th_pre_req_pre"": ""0"", ""sel_5th_pre_req"": ""86"", ""sel_5th_pre_bid"": ""+71300"", ""sel_4th_pre_req_pre"": ""0"", ""sel_4th_pre_req"": ""165"", ""sel_4th_pre_bid"": ""+71200"", ""sel_3th_pre_req_pre"": ""0"", ""sel_3th_pre_req"": ""28"", ""sel_3th_pre_bid"": ""+71100"", ""sel_2th_pre_req_pre"": ""0"", ""sel_2th_pre_req"": ""3"", ""sel_2th_pre_bid"": ""+71000"", ""sel_1th_pre_req_pre"": ""+41"", ""sel_fpr_req"": ""153"", ""sel_fpr_bid"": ""+70900"", ""buy_fpr_bid"": ""+70800"", ""buy_fpr_req"": ""93"", ""buy_1th_pre_req_pre"": ""0"", ""buy_2th_pre_bid"": ""+70700"", ""buy_2th_pre_req"": ""199"", ""buy_2th_pre_req_pre"": ""0"", ""buy_3th_pre_bid"": ""+70600"", ""buy_3th_pre_req"": ""56"", ""buy_3th_pre_req_pre"": ""0"", ""buy_4th_pre_bid"": ""+70500"", ""buy_4th_pre_req"": ""491"", ""buy_4th_pre_req_pre"": ""0"", ""buy_5th_pre_bid"": ""+70400"", ""buy_5th_pre_req"": ""58"", ""buy_5th_pre_req_pre"": ""0"", ""buy_6th_pre_bid"": ""+70300"", ""buy_6th_pre_req"": ""189"", ""buy_6th_pre_req_pre"": ""0"", ""buy_7th_pre_bid"": ""+70200"", ""buy_7th_pre_req"": ""90"", ""buy_7th_pre_req_pre"": ""0"", ""buy_8th_pre_bid"": ""+70100"", ""buy_8th_pre_req"": ""199"", ""buy_8th_pre_req_pre"": ""0"", ""buy_9th_pre_bid"": ""+70000"", ""buy_9th_pre_req"": ""134"", ""buy_9th_pre_req_pre"": ""0"", ""buy_10th_pre_bid"": ""+69900"", ""buy_10th_pre_req"": ""39"", ""buy_10th_pre_req_pre"": ""0"", ""tot_sel_req_jub_pre"": ""+41"", ""tot_sel_req"": ""2268"", ""tot_buy_req"": ""1548"", ""tot_buy_req_jub_pre"": ""0"", ""ovt_sel_req_pre"": ""0"", ""ovt_sel_req"": ""0"", ""ovt_buy_req"": ""0"", ""ovt_buy_req_pre"": ""0"", ""return_code"": 0, ""return_msg"": ""정상적으로 처리되었습니다""}"
2026-06-10,scan_candidate,004990,,0,main_scan,25650,,25650,25600,25650,25700,0.0,0.1949317738791423,,,,,,"{""bid_req_base_tm"": ""114106"", ""sel_10th_pre_req_pre"": ""0"", ""sel_10th_pre_req"": ""3091"", ""sel_10th_pre_bid"": ""26150"", ""sel_9th_pre_req_pre"": ""0"", ""sel_9th_pre_req"": ""402"", ""sel_9th_pre_bid"": ""-26100"", ""sel_8th_pre_req_pre"": ""0"", ""sel_8th_pre_req"": ""56"", ""sel_8th_pre_bid"": ""-26050"", ""sel_7th_pre_req_pre"": ""0"", ""sel_7th_pre_req"": ""117"", ""sel_7th_pre_bid"": ""-26000"", ""sel_6th_pre_req_pre"": ""0"", ""sel_6th_pre_req"": ""210"", ""sel_6th_pre_bid"": ""-25950"", ""sel_5th_pre_req_pre"": ""0"", ""sel_5th_pre_req"": ""2"", ""sel_5th_pre_bid"": ""-25850"", ""sel_4th_pre_req_pre"": ""0"", ""sel_4th_pre_req"": ""84"", ""sel_4th_pre_bid"": ""-25800"", ""sel_3th_pre_req_pre"": ""0"", ""sel_3th_pre_req"": ""1"", ""sel_3th_pre_bid"": ""-25750"", ""sel_2th_pre_req_pre"": ""0"", ""sel_2th_pre_req"": ""247"", ""sel_2th_pre_bid"": ""-25700"", ""sel_1th_pre_req_pre"": ""0"", ""sel_fpr_req"": ""987"", ""sel_fpr_bid"": ""-25650"", ""buy_fpr_bid"": ""-25600"", ""buy_fpr_req"": ""403"", ""buy_1th_pre_req_pre"": ""+11"", ""buy_2th_pre_bid"": ""-25550"", ""buy_2th_pre_req"": ""1020"", ""buy_2th_pre_req_pre"": ""0"", ""buy_3th_pre_bid"": ""-25500"", ""buy_3th_pre_req"": ""1024"", ""buy_3th_pre_req_pre"": ""0"", ""buy_4th_pre_bid"": ""-25450"", ""buy_4th_pre_req"": ""609"", ""buy_4th_pre_req_pre"": ""0"", ""buy_5th_pre_bid"": ""-25400"", ""buy_5th_pre_req"": ""661"", ""buy_5th_pre_req_pre"": ""0"", ""buy_6th_pre_bid"": ""-25350"", ""buy_6th_pre_req"": ""441"", ""buy_6th_pre_req_pre"": ""0"", ""buy_7th_pre_bid"": ""-25300"", ""buy_7th_pre_req"": ""480"", ""buy_7th_pre_req_pre"": ""0"", ""buy_8th_pre_bid"": ""-25250"", ""buy_8th_pre_req"": ""822"", ""buy_8th_pre_req_pre"": ""0"", ""buy_9th_pre_bid"": ""-25200"", ""buy_9th_pre_req"": ""807"", ""buy_9th_pre_req_pre"": ""0"", ""buy_10th_pre_bid"": ""-25150"", ""buy_10th_pre_req"": ""1575"", ""buy_10th_pre_req_pre"": ""0"", ""tot_sel_req_jub_pre"": ""0"", ""tot_sel_req"": ""5197"", ""tot_buy_req"": ""7842"", ""tot_buy_req_jub_pre"": ""+11"", ""ovt_sel_req_pre"": ""0"", ""ovt_sel_req"": ""0"", ""ovt_buy_req"": ""0"", ""ovt_buy_req_pre"": ""0"", ""return_code"": 0, ""return_msg"": ""정상적으로 처리되었습니다""}"
2026-06-10,scan_candidate,483650,,0,main_scan,205500,,205500,205000,205500,207000,0.48661800486618007,0.24330900243309003,,,,,,"{""bid_req_base_tm"": ""114110"", ""sel_10th_pre_req_pre"": ""0"", ""sel_10th_pre_req"": ""734"", ""sel_10th_pre_bid"": ""+210000"", ""sel_9th_pre_req_pre"": ""0"", ""sel_9th_pre_req"": ""760"", ""sel_9th_pre_bid"": ""+209500"", ""sel_8th_pre_req_pre"": ""0"", ""sel_8th_pre_req"": ""1470"", ""sel_8th_pre_bid"": ""+209000"", ""sel_7th_pre_req_pre"": ""0"", ""sel_7th_pre_req"": ""472"", ""sel_7th_pre_bid"": ""+208500"", ""sel_6th_pre_req_pre"": ""0"", ""sel_6th_pre_req"": ""215"", ""sel_6th_pre_bid"": ""+208000"", ""sel_5th_pre_req_pre"": ""0"", ""sel_5th_pre_req"": ""116"", ""sel_5th_pre_bid"": ""+207500"", ""sel_4th_pre_req_pre"": ""0"", ""sel_4th_pre_req"": ""174"", ""sel_4th_pre_bid"": ""+207000"", ""sel_3th_pre_req_pre"": ""0"", ""sel_3th_pre_req"": ""272"", ""sel_3th_pre_bid"": ""+206500"", ""sel_2th_pre_req_pre"": ""0"", ""sel_2th_pre_req"": ""361"", ""sel_2th_pre_bid"": ""+206000"", ""sel_1th_pre_req_pre"": ""0"", ""sel_fpr_req"": ""186"", ""sel_fpr_bid"": ""+205500"", ""buy_fpr_bid"": ""+205000"", ""buy_fpr_req"": ""11"", ""buy_1th_pre_req_pre"": ""0"", ""buy_2th_pre_bid"": ""+204500"", ""buy_2th_pre_req"": ""183"", ""buy_2th_pre_req_pre"": ""0"", ""buy_3th_pre_bid"": ""+204000"", ""buy_3th_pre_req"": ""5213"", ""buy_3th_pre_req_pre"": ""0"", ""buy_4th_pre_bid"": ""+203500"", ""buy_4th_pre_req"": ""17"", ""buy_4th_pre_req_pre"": ""0"", ""buy_5th_pre_bid"": ""+203000"", ""buy_5th_pre_req"": ""58"", ""buy_5th_pre_req_pre"": ""0"", ""buy_6th_pre_bid"": ""+202500"", ""buy_6th_pre_req"": ""44"", ""buy_6th_pre_req_pre"": ""0"", ""buy_7th_pre_bid"": ""+202000"", ""buy_7th_pre_req"": ""50"", ""buy_7th_pre_req_pre"": ""0"", ""buy_8th_pre_bid"": ""+201500"", ""buy_8th_pre_req"": ""135"", ""buy_8th_pre_req_pre"": ""0"", ""buy_9th_pre_bid"": ""+201000"", ""buy_9th_pre_req"": ""329"", ""buy_9th_pre_req_pre"": ""0"", ""buy_10th_pre_bid"": ""+200500"", ""buy_10th_pre_req"": ""99"", ""buy_10th_pre_req_pre"": ""0"", ""tot_sel_req_jub_pre"": ""+731"", ""tot_sel_req"": ""4760"", ""tot_buy_req"": ""6139"", ""tot_buy_req_jub_pre"": ""--386"", ""ovt_sel_req_pre"": ""0"", ""ovt_sel_req"": ""0"", ""ovt_buy_req"": ""0"", ""ovt_buy_req_pre"": ""0"", ""return_code"": 0, ""return_msg"": ""정상적으로 처리되었습니다""}"
2026-06-10,scan_candidate,003690,,0,main_scan,13240,,13240,13230,13240,13200,-0.6797583081570997,0.0755287009063444,,,,,,"{""bid_req_base_tm"": ""114103"", ""sel_10th_pre_req_pre"": ""0"", ""sel_10th_pre_req"": ""1"", ""sel_10th_pre_bid"": ""-13330"", ""sel_9th_pre_req_pre"": ""0"", ""sel_9th_pre_req"": ""40"", ""sel_9th_pre_bid"": ""-13320"", ""sel_8th_pre_req_pre"": ""0"", ""sel_8th_pre_req"": ""1"", ""sel_8th_pre_bid"": ""-13310"", ""sel_7th_pre_req_pre"": ""0"", ""sel_7th_pre_req"": ""1018"", ""sel_7th_pre_bid"": ""-13300"", ""sel_6th_pre_req_pre"": ""0"", ""sel_6th_pre_req"": ""6"", ""sel_6th_pre_bid"": ""-13290"", ""sel_5th_pre_req_pre"": ""0"", ""sel_5th_pre_req"": ""5"", ""sel_5th_pre_bid"": ""-13280"", ""sel_4th_pre_req_pre"": ""0"", ""sel_4th_pre_req"": ""1"", ""sel_4th_pre_bid"": ""-13270"", ""sel_3th_pre_req_pre"": ""0"", ""sel_3th_pre_req"": ""477"", ""sel_3th_pre_bid"": ""-13260"", ""sel_2th_pre_req_pre"": ""0"", ""sel_2th_pre_req"": ""26"", ""sel_2th_pre_bid"": ""-13250"", ""sel_1th_pre_req_pre"": ""0"", ""sel_fpr_req"": ""26"", ""sel_fpr_bid"": ""-13240"", ""buy_fpr_bid"": ""-13230"", ""buy_fpr_req"": ""225"", ""buy_1th_pre_req_pre"": ""+106"", ""buy_2th_pre_bid"": ""-13220"", ""buy_2th_pre_req"": ""362"", ""buy_2th_pre_req_pre"": ""0"", ""buy_3th_pre_bid"": ""-13210"", ""buy_3th_pre_req"": ""253"", ""buy_3th_pre_req_pre"": ""0"", ""buy_4th_pre_bid"": ""-13190"", ""buy_4th_pre_req"": ""60"", ""buy_4th_pre_req_pre"": ""0"", ""buy_5th_pre_bid"": ""-13180"", ""buy_5th_pre_req"": ""50"", ""buy_5th_pre_req_pre"": ""0"", ""buy_6th_pre_bid"": ""-13170"", ""buy_6th_pre_req"": ""100"", ""buy_6th_pre_req_pre"": ""0"", ""buy_7th_pre_bid"": ""-13160"", ""buy_7th_pre_req"": ""82"", ""buy_7th_pre_req_pre"": ""0"", ""buy_8th_pre_bid"": ""-13150"", ""buy_8th_pre_req"": ""103"", ""buy_8th_pre_req_pre"": ""0"", ""buy_9th_pre_bid"": ""-13140"", ""buy_9th_pre_req"": ""51"", ""buy_9th_pre_req_pre"": ""0"", ""buy_10th_pre_bid"": ""-13130"", ""buy_10th_pre_req"": ""355"", ""buy_10th_pre_req_pre"": ""0"", ""tot_sel_req_jub_pre"": ""0"", ""tot_sel_req"": ""1601"", ""tot_buy_req"": ""1641"", ""tot_buy_req_jub_pre"": ""+106"", ""ovt_sel_req_pre"": ""0"", ""ovt_sel_req"": ""0"", ""ovt_buy_req"": ""0"", ""ovt_buy_req_pre"": ""0"", ""return_code"": 0, ""return_msg"": ""정상적으로 처리되었습니다""}"
2026-06-10,scan_candidate,279570,,0,main_scan,6120,,6120,6110,6120,6090,-0.6535947712418301,0.16339869281045752,,,,,,"{""bid_req_base_tm"": ""114111"", ""sel_10th_pre_req_pre"": ""0"", ""sel_10th_pre_req"": ""18687"", ""sel_10th_pre_bid"": ""+6210"", ""sel_9th_pre_req_pre"": ""0"", ""sel_9th_pre_req"": ""77230"", ""sel_9th_pre_bid"": ""+6200"", ""sel_8th_pre_req_pre"": ""0"", ""sel_8th_pre_req"": ""24931"", ""sel_8th_pre_bid"": ""+6190"", ""sel_7th_pre_req_pre"": ""0"", ""sel_7th_pre_req"": ""15716"", ""sel_7th_pre_bid"": ""+6180"", ""sel_6th_pre_req_pre"": ""0"", ""sel_6th_pre_req"": ""14841"", ""sel_6th_pre_bid"": ""+6170"", ""sel_5th_pre_req_pre"": ""0"", ""sel_5th_pre_req"": ""20492"", ""sel_5th_pre_bid"": ""+6160"", ""sel_4th_pre_req_pre"": ""0"", ""sel_4th_pre_req"": ""41588"", ""sel_4th_pre_bid"": ""+6150"", ""sel_3th_pre_req_pre"": ""0"", ""sel_3th_pre_req"": ""16076"", ""sel_3th_pre_bid"": ""+6140"", ""sel_2th_pre_req_pre"": ""0"", ""sel_2th_pre_req"": ""7260"", ""sel_2th_pre_bid"": ""+6130"", ""sel_1th_pre_req_pre"": ""+100"", ""sel_fpr_req"": ""2947"", ""sel_fpr_bid"": ""+6120"", ""buy_fpr_bid"": ""+6110"", ""buy_fpr_req"": ""104"", ""buy_1th_pre_req_pre"": ""0"", ""buy_2th_pre_bid"": ""+6100"", ""buy_2th_pre_req"": ""8574"", ""buy_2th_pre_req_pre"": ""0"", ""buy_3th_pre_bid"": ""+6090"", ""buy_3th_pre_req"": ""6449"", ""buy_3th_pre_req_pre"": ""0"", ""buy_4th_pre_bid"": ""+6080"", ""buy_4th_pre_req"": ""7740"", ""buy_4th_pre_req_pre"": ""0"", ""buy_5th_pre_bid"": ""+6070"", ""buy_5th_pre_req"": ""11022"", ""buy_5th_pre_req_pre"": ""0"", ""buy_6th_pre_bid"": ""+6060"", ""buy_6th_pre_req"": ""30912"", ""buy_6th_pre_req_pre"": ""0"", ""buy_7th_pre_bid"": ""+6050"", ""buy_7th_pre_req"": ""4534"", ""buy_7th_pre_req_pre"": ""0"", ""buy_8th_pre_bid"": ""+6040"", ""buy_8th_pre_req"": ""4912"", ""buy_8th_pre_req_pre"": ""0"", ""buy_9th_pre_bid"": ""+6030"", ""buy_9th_pre_req"": ""2994"", ""buy_9th_pre_req_pre"": ""0"", ""buy_10th_pre_bid"": ""+6020"", ""buy_10th_pre_req"": ""4275"", ""buy_10th_pre_req_pre"": ""0"", ""tot_sel_req_jub_pre"": ""+100"", ""tot_sel_req"": ""239768"", ""tot_buy_req"": ""81516"", ""tot_buy_req_jub_pre"": ""0"", ""ovt_sel_req_pre"": ""0"", ""ovt_sel_req"": ""0"", ""ovt_buy_req"": ""0"", ""ovt_buy_req_pre"": ""0"", ""return_code"": 0, ""return_msg"": ""정상적으로 처리되었습니다""}"
2026-06-10,scan_candidate,008770,,0,main_scan,56000,,56000,55900,56000,55600,-0.8928571428571428,0.17857142857142858,,,,,,"{""bid_req_base_tm"": ""114111"", ""sel_10th_pre_req_pre"": ""0"", ""sel_10th_pre_req"": ""589"", ""sel_10th_pre_bid"": ""+56900"", ""sel_9th_pre_req_pre"": ""0"", ""sel_9th_pre_req"": ""310"", ""sel_9th_pre_bid"": ""+56800"", ""sel_8th_pre_req_pre"": ""0"", ""sel_8th_pre_req"": ""262"", ""sel_8th_pre_bid"": ""+56700"", ""sel_7th_pre_req_pre"": ""0"", ""sel_7th_pre_req"": ""145"", ""sel_7th_pre_bid"": ""+56600"", ""sel_6th_pre_req_pre"": ""0"", ""sel_6th_pre_req"": ""1087"", ""sel_6th_pre_bid"": ""+56500"", ""sel_5th_pre_req_pre"": ""0"", ""sel_5th_pre_req"": ""788"", ""sel_5th_pre_bid"": ""+56400"", ""sel_4th_pre_req_pre"": ""0"", ""sel_4th_pre_req"": ""3646"", ""sel_4th_pre_bid"": ""+56300"", ""sel_3th_pre_req_pre"": ""0"", ""sel_3th_pre_req"": ""160"", ""sel_3th_pre_bid"": ""+56200"", ""sel_2th_pre_req_pre"": ""0"", ""sel_2th_pre_req"": ""264"", ""sel_2th_pre_bid"": ""+56100"", ""sel_1th_pre_req_pre"": ""+76"", ""sel_fpr_req"": ""492"", ""sel_fpr_bid"": ""+56000"", ""buy_fpr_bid"": ""+55900"", ""buy_fpr_req"": ""631"", ""buy_1th_pre_req_pre"": ""0"", ""buy_2th_pre_bid"": ""+55800"", ""buy_2th_pre_req"": ""85"", ""buy_2th_pre_req_pre"": ""0"", ""buy_3th_pre_bid"": ""+55700"", ""buy_3th_pre_req"": ""111"", ""buy_3th_pre_req_pre"": ""0"", ""buy_4th_pre_bid"": ""+55600"", ""buy_4th_pre_req"": ""89"", ""buy_4th_pre_req_pre"": ""0"", ""buy_5th_pre_bid"": ""+55500"", ""buy_5th_pre_req"": ""243"", ""buy_5th_pre_req_pre"": ""0"", ""buy_6th_pre_bid"": ""+55400"", ""buy_6th_pre_req"": ""52"", ""buy_6th_pre_req_pre"": ""0"", ""buy_7th_pre_bid"": ""+55300"", ""buy_7th_pre_req"": ""363"", ""buy_7th_pre_req_pre"": ""0"", ""buy_8th_pre_bid"": ""55200"", ""buy_8th_pre_req"": ""50"", ""buy_8th_pre_req_pre"": ""0"", ""buy_9th_pre_bid"": ""-55100"", ""buy_9th_pre_req"": ""265"", ""buy_9th_pre_req_pre"": ""0"", ""buy_10th_pre_bid"": ""-55000"", ""buy_10th_pre_req"": ""492"", ""buy_10th_pre_req_pre"": ""0"", ""tot_sel_req_jub_pre"": ""+76"", ""tot_sel_req"": ""7743"", ""tot_buy_req"": ""2381"", ""tot_buy_req_jub_pre"": ""0"", ""ovt_sel_req_pre"": ""0"", ""ovt_sel_req"": ""0"", ""ovt_buy_req"": ""0"", ""ovt_buy_req_pre"": ""0"", ""return_code"": 0, ""return_msg"": ""정상적으로 처리되었습니다""}"
2026-06-10,scan_candidate,081660,,0,main_scan,40500,,40500,40400,40500,40500,-0.12345679012345678,0.24691358024691357,,,,,,"{""bid_req_base_tm"": ""114108"", ""sel_10th_pre_req_pre"": ""0"", ""sel_10th_pre_req"": ""363"", ""sel_10th_pre_bid"": ""+41000"", ""sel_9th_pre_req_pre"": ""0"", ""sel_9th_pre_req"": ""303"", ""sel_9th_pre_bid"": ""+40950"", ""sel_8th_pre_req_pre"": ""0"", ""sel_8th_pre_req"": ""166"", ""sel_8th_pre_bid"": ""+40900"", ""sel_7th_pre_req_pre"": ""0"", ""sel_7th_pre_req"": ""286"", ""sel_7th_pre_bid"": ""+40800"", ""sel_6th_pre_req_pre"": ""0"", ""sel_6th_pre_req"": ""263"", ""sel_6th_pre_bid"": ""+40750"", ""sel_5th_pre_req_pre"": ""0"", ""sel_5th_pre_req"": ""137"", ""sel_5th_pre_bid"": ""+40700"", ""sel_4th_pre_req_pre"": ""0"", ""sel_4th_pre_req"": ""189"", ""sel_4th_pre_bid"": ""+40650"", ""sel_3th_pre_req_pre"": ""0"", ""sel_3th_pre_req"": ""126"", ""sel_3th_pre_bid"": ""+40600"", ""sel_2th_pre_req_pre"": ""0"", ""sel_2th_pre_req"": ""54"", ""sel_2th_pre_bid"": ""+40550"", ""sel_1th_pre_req_pre"": ""--1"", ""sel_fpr_req"": ""80"", ""sel_fpr_bid"": ""+40500"", ""buy_fpr_bid"": ""+40400"", ""buy_fpr_req"": ""537"", ""buy_1th_pre_req_pre"": ""0"", ""buy_2th_pre_bid"": ""+40350"", ""buy_2th_pre_req"": ""2"", ""buy_2th_pre_req_pre"": ""0"", ""buy_3th_pre_bid"": ""+40250"", ""buy_3th_pre_req"": ""51"", ""buy_3th_pre_req_pre"": ""0"", ""buy_4th_pre_bid"": ""+40200"", ""buy_4th_pre_req"": ""59"", ""buy_4th_pre_req_pre"": ""0"", ""buy_5th_pre_bid"": ""+40150"", ""buy_5th_pre_req"": ""100"", ""buy_5th_pre_req_pre"": ""0"", ""buy_6th_pre_bid"": ""+40100"", ""buy_6th_pre_req"": ""200"", ""buy_6th_pre_req_pre"": ""0"", ""buy_7th_pre_bid"": ""+40050"", ""buy_7th_pre_req"": ""515"", ""buy_7th_pre_req_pre"": ""0"", ""buy_8th_pre_bid"": ""+40000"", ""buy_8th_pre_req"": ""509"", ""buy_8th_pre_req_pre"": ""0"", ""buy_9th_pre_bid"": ""+39950"", ""buy_9th_pre_req"": ""500"", ""buy_9th_pre_req_pre"": ""0"", ""buy_10th_pre_bid"": ""+39900"", ""buy_10th_pre_req"": ""7"", ""buy_10th_pre_req_pre"": ""0"", ""tot_sel_req_jub_pre"": ""--1"", ""tot_sel_req"": ""1967"", ""tot_buy_req"": ""2480"", ""tot_buy_req_jub_pre"": ""0"", ""ovt_sel_req_pre"": ""0"", ""ovt_sel_req"": ""0"", ""ovt_buy_req"": ""0"", ""ovt_buy_req_pre"": ""0"", ""return_code"": 0, ""return_msg"": ""정상적으로 처리되었습니다""}"
2026-06-10,scan_candidate,462870,,0,main_scan,31450,,31450,31350,31450,31250,-0.7949125596184419,0.3179650238473768,,,,,,"{""bid_req_base_tm"": ""114112"", ""sel_10th_pre_req_pre"": ""0"", ""sel_10th_pre_req"": ""156"", ""sel_10th_pre_bid"": ""-31900"", ""sel_9th_pre_req_pre"": ""0"", ""sel_9th_pre_req"": ""63"", ""sel_9th_pre_bid"": ""-31850"", ""sel_8th_pre_req_pre"": ""0"", ""sel_8th_pre_req"": ""12"", ""sel_8th_pre_bid"": ""-31800"", ""sel_7th_pre_req_pre"": ""0"", ""sel_7th_pre_req"": ""21"", ""sel_7th_pre_bid"": ""-31750"", ""sel_6th_pre_req_pre"": ""0"", ""sel_6th_pre_req"": ""12"", ""sel_6th_pre_bid"": ""-31700"", ""sel_5th_pre_req_pre"": ""0"", ""sel_5th_pre_req"": ""683"", ""sel_5th_pre_bid"": ""-31650"", ""sel_4th_pre_req_pre"": ""0"", ""sel_4th_pre_req"": ""218"", ""sel_4th_pre_bid"": ""-31600"", ""sel_3th_pre_req_pre"": ""0"", ""sel_3th_pre_req"": ""11"", ""sel_3th_pre_bid"": ""-31550"", ""sel_2th_pre_req_pre"": ""0"", ""sel_2th_pre_req"": ""119"", ""sel_2th_pre_bid"": ""-31500"", ""sel_1th_pre_req_pre"": ""--6"", ""sel_fpr_req"": ""109"", ""sel_fpr_bid"": ""-31450"", ""buy_fpr_bid"": ""-31350"", ""buy_fpr_req"": ""15"", ""buy_1th_pre_req_pre"": ""0"", ""buy_2th_pre_bid"": ""-31300"", ""buy_2th_pre_req"": ""9"", ""buy_2th_pre_req_pre"": ""0"", ""buy_3th_pre_bid"": ""-31250"", ""buy_3th_pre_req"": ""47"", ""buy_3th_pre_req_pre"": ""0"", ""buy_4th_pre_bid"": ""-31200"", ""buy_4th_pre_req"": ""24"", ""buy_4th_pre_req_pre"": ""0"", ""buy_5th_pre_bid"": ""-31150"", ""buy_5th_pre_req"": ""21"", ""buy_5th_pre_req_pre"": ""0"", ""buy_6th_pre_bid"": ""-31100"", ""buy_6th_pre_req"": ""35"", ""buy_6th_pre_req_pre"": ""0"", ""buy_7th_pre_bid"": ""-31050"", ""buy_7th_pre_req"": ""137"", ""buy_7th_pre_req_pre"": ""0"", ""buy_8th_pre_bid"": ""-31000"", ""buy_8th_pre_req"": ""181"", ""buy_8th_pre_req_pre"": ""0"", ""buy_9th_pre_bid"": ""-30950"", ""buy_9th_pre_req"": ""29"", ""buy_9th_pre_req_pre"": ""0"", ""buy_10th_pre_bid"": ""-30900"", ""buy_10th_pre_req"": ""63"", ""buy_10th_pre_req_pre"": ""0"", ""tot_sel_req_jub_pre"": ""--6"", ""tot_sel_req"": ""1404"", ""tot_buy_req"": ""561"", ""tot_buy_req_jub_pre"": ""0"", ""ovt_sel_req_pre"": ""0"", ""ovt_sel_req"": ""0"", ""ovt_buy_req"": ""0"", ""ovt_buy_req_pre"": ""0"", ""return_code"": 0, ""return_msg"": ""정상적으로 처리되었습니다""}"
2026-06-10,scan_candidate,120110,,0,main_scan,70200,,70200,70000,70200,70500,0.2849002849002849,0.2849002849002849,,,,,,"{""bid_req_base_tm"": ""114112"", ""sel_10th_pre_req_pre"": ""0"", ""sel_10th_pre_req"": ""12"", ""sel_10th_pre_bid"": ""+71100"", ""sel_9th_pre_req_pre"": ""0"", ""sel_9th_pre_req"": ""116"", ""sel_9th_pre_bid"": ""+71000"", ""sel_8th_pre_req_pre"": ""0"", ""sel_8th_pre_req"": ""5"", ""sel_8th_pre_bid"": ""+70900"", ""sel_7th_pre_req_pre"": ""0"", ""sel_7th_pre_req"": ""4"", ""sel_7th_pre_bid"": ""+70800"", ""sel_6th_pre_req_pre"": ""0"", ""sel_6th_pre_req"": ""231"", ""sel_6th_pre_bid"": ""+70700"", ""sel_5th_pre_req_pre"": ""0"", ""sel_5th_pre_req"": ""157"", ""sel_5th_pre_bid"": ""+70600"", ""sel_4th_pre_req_pre"": ""0"", ""sel_4th_pre_req"": ""30"", ""sel_4th_pre_bid"": ""+70500"", ""sel_3th_pre_req_pre"": ""0"", ""sel_3th_pre_req"": ""113"", ""sel_3th_pre_bid"": ""+70400"", ""sel_2th_pre_req_pre"": ""0"", ""sel_2th_pre_req"": ""16"", ""sel_2th_pre_bid"": ""+70300"", ""sel_1th_pre_req_pre"": ""0"", ""sel_fpr_req"": ""38"", ""sel_fpr_bid"": ""+70200"", ""buy_fpr_bid"": ""+70000"", ""buy_fpr_req"": ""692"", ""buy_1th_pre_req_pre"": ""+85"", ""buy_2th_pre_bid"": ""+69900"", ""buy_2th_pre_req"": ""87"", ""buy_2th_pre_req_pre"": ""0"", ""buy_3th_pre_bid"": ""+69800"", ""buy_3th_pre_req"": ""100"", ""buy_3th_pre_req_pre"": ""0"", ""buy_4th_pre_bid"": ""+69700"", ""buy_4th_pre_req"": ""6"", ""buy_4th_pre_req_pre"": ""0"", ""buy_5th_pre_bid"": ""+69600"", ""buy_5th_pre_req"": ""22"", ""buy_5th_pre_req_pre"": ""0"", ""buy_6th_pre_bid"": ""+69500"", ""buy_6th_pre_req"": ""18"", ""buy_6th_pre_req_pre"": ""0"", ""buy_7th_pre_bid"": ""+69400"", ""buy_7th_pre_req"": ""23"", ""buy_7th_pre_req_pre"": ""0"", ""buy_8th_pre_bid"": ""+69300"", ""buy_8th_pre_req"": ""20"", ""buy_8th_pre_req_pre"": ""0"", ""buy_9th_pre_bid"": ""+69200"", ""buy_9th_pre_req"": ""381"", ""buy_9th_pre_req_pre"": ""0"", ""buy_10th_pre_bid"": ""+69100"", ""buy_10th_pre_req"": ""91"", ""buy_10th_pre_req_pre"": ""0"", ""tot_sel_req_jub_pre"": ""0"", ""tot_sel_req"": ""722"", ""tot_buy_req"": ""1440"", ""tot_buy_req_jub_pre"": ""+85"", ""ovt_sel_req_pre"": ""0"", ""ovt_sel_req"": ""0"", ""ovt_buy_req"": ""0"", ""ovt_buy_req_pre"": ""0"", ""return_code"": 0, ""return_msg"": ""정상적으로 처리되었습니다""}"
2026-06-10,scan_candidate,009155,,0,main_scan,594000,,594000,593000,594000,597000,0.33670033670033667,0.16835016835016833,,,,,,"{""bid_req_base_tm"": ""114111"", ""sel_10th_pre_req_pre"": ""0"", ""sel_10th_pre_req"": ""2"", ""sel_10th_pre_bid"": ""-603000"", ""sel_9th_pre_req_pre"": ""0"", ""sel_9th_pre_req"": ""28"", ""sel_9th_pre_bid"": ""-602000"", ""sel_8th_pre_req_pre"": ""0"", ""sel_8th_pre_req"": ""1"", ""sel_8th_pre_bid"": ""-601000"", ""sel_7th_pre_req_pre"": ""0"", ""sel_7th_pre_req"": ""9"", ""sel_7th_pre_bid"": ""-600000"", ""sel_6th_pre_req_pre"": ""0"", ""sel_6th_pre_req"": ""51"", ""sel_6th_pre_bid"": ""-599000"", ""sel_5th_pre_req_pre"": ""0"", ""sel_5th_pre_req"": ""5"", ""sel_5th_pre_bid"": ""-598000"", ""sel_4th_pre_req_pre"": ""0"", ""sel_4th_pre_req"": ""16"", ""sel_4th_pre_bid"": ""-597000"", ""sel_3th_pre_req_pre"": ""0"", ""sel_3th_pre_req"": ""10"", ""sel_3th_pre_bid"": ""-596000"", ""sel_2th_pre_req_pre"": ""0"", ""sel_2th_pre_req"": ""1"", ""sel_2th_pre_bid"": ""-595000"", ""sel_1th_pre_req_pre"": ""0"", ""sel_fpr_req"": ""37"", ""sel_fpr_bid"": ""-594000"", ""buy_fpr_bid"": ""-593000"", ""buy_fpr_req"": ""37"", ""buy_1th_pre_req_pre"": ""0"", ""buy_2th_pre_bid"": ""-592000"", ""buy_2th_pre_req"": ""130"", ""buy_2th_pre_req_pre"": ""+1"", ""buy_3th_pre_bid"": ""-591000"", ""buy_3th_pre_req"": ""285"", ""buy_3th_pre_req_pre"": ""0"", ""buy_4th_pre_bid"": ""-590000"", ""buy_4th_pre_req"": ""458"", ""buy_4th_pre_req_pre"": ""0"", ""buy_5th_pre_bid"": ""-589000"", ""buy_5th_pre_req"": ""84"", ""buy_5th_pre_req_pre"": ""0"", ""buy_6th_pre_bid"": ""-588000"", ""buy_6th_pre_req"": ""110"", ""buy_6th_pre_req_pre"": ""0"", ""buy_7th_pre_bid"": ""-587000"", ""buy_7th_pre_req"": ""56"", ""buy_7th_pre_req_pre"": ""0"", ""buy_8th_pre_bid"": ""-586000"", ""buy_8th_pre_req"": ""58"", ""buy_8th_pre_req_pre"": ""0"", ""buy_9th_pre_bid"": ""-585000"", ""buy_9th_pre_req"": ""242"", ""buy_9th_pre_req_pre"": ""0"", ""buy_10th_pre_bid"": ""-584000"", ""buy_10th_pre_req"": ""15"", ""buy_10th_pre_req_pre"": ""0"", ""tot_sel_req_jub_pre"": ""0"", ""tot_sel_req"": ""160"", ""tot_buy_req"": ""1475"", ""tot_buy_req_jub_pre"": ""+1"", ""ovt_sel_req_pre"": ""0"", ""ovt_sel_req"": ""0"", ""ovt_buy_req"": ""0"", ""ovt_buy_req_pre"": ""0"", ""return_code"": 0, ""return_msg"": ""정상적으로 처리되었습니다""}"
2026-06-10,scan_candidate,192080,,0,main_scan,71600,,71600,71500,71600,71600,-0.13966480446927373,0.13966480446927373,,,,,,"{""bid_req_base_tm"": ""114109"", ""sel_10th_pre_req_pre"": ""0"", ""sel_10th_pre_req"": ""161"", ""sel_10th_pre_bid"": ""+72500"", ""sel_9th_pre_req_pre"": ""0"", ""sel_9th_pre_req"": ""128"", ""sel_9th_pre_bid"": ""+72400"", ""sel_8th_pre_req_pre"": ""0"", ""sel_8th_pre_req"": ""12"", ""sel_8th_pre_bid"": ""+72300"", ""sel_7th_pre_req_pre"": ""0"", ""sel_7th_pre_req"": ""10"", ""sel_7th_pre_bid"": ""+72200"", ""sel_6th_pre_req_pre"": ""0"", ""sel_6th_pre_req"": ""6"", ""sel_6th_pre_bid"": ""+72100"", ""sel_5th_pre_req_pre"": ""0"", ""sel_5th_pre_req"": ""5"", ""sel_5th_pre_bid"": ""72000"", ""sel_4th_pre_req_pre"": ""0"", ""sel_4th_pre_req"": ""18"", ""sel_4th_pre_bid"": ""-71900"", ""sel_3th_pre_req_pre"": ""0"", ""sel_3th_pre_req"": ""13"", ""sel_3th_pre_bid"": ""-71800"", ""sel_2th_pre_req_pre"": ""0"", ""sel_2th_pre_req"": ""36"", ""sel_2th_pre_bid"": ""-71700"", ""sel_1th_pre_req_pre"": ""0"", ""sel_fpr_req"": ""30"", ""sel_fpr_bid"": ""-71600"", ""buy_fpr_bid"": ""-71500"", ""buy_fpr_req"": ""85"", ""buy_1th_pre_req_pre"": ""--1"", ""buy_2th_pre_bid"": ""-71400"", ""buy_2th_pre_req"": ""12"", ""buy_2th_pre_req_pre"": ""0"", ""buy_3th_pre_bid"": ""-71300"", ""buy_3th_pre_req"": ""13"", ""buy_3th_pre_req_pre"": ""0"", ""buy_4th_pre_bid"": ""-71200"", ""buy_4th_pre_req"": ""29"", ""buy_4th_pre_req_pre"": ""0"", ""buy_5th_pre_bid"": ""-71100"", ""buy_5th_pre_req"": ""10"", ""buy_5th_pre_req_pre"": ""0"", ""buy_6th_pre_bid"": ""-71000"", ""buy_6th_pre_req"": ""29"", ""buy_6th_pre_req_pre"": ""0"", ""buy_7th_pre_bid"": ""-70900"", ""buy_7th_pre_req"": ""49"", ""buy_7th_pre_req_pre"": ""0"", ""buy_8th_pre_bid"": ""-70800"", ""buy_8th_pre_req"": ""82"", ""buy_8th_pre_req_pre"": ""0"", ""buy_9th_pre_bid"": ""-70700"", ""buy_9th_pre_req"": ""140"", ""buy_9th_pre_req_pre"": ""0"", ""buy_10th_pre_bid"": ""-70600"", ""buy_10th_pre_req"": ""100"", ""buy_10th_pre_req_pre"": ""0"", ""tot_sel_req_jub_pre"": ""0"", ""tot_sel_req"": ""419"", ""tot_buy_req"": ""549"", ""tot_buy_req_jub_pre"": ""--1"", ""ovt_sel_req_pre"": ""0"", ""ovt_sel_req"": ""0"", ""ovt_buy_req"": ""0"", ""ovt_buy_req_pre"": ""0"", ""return_code"": 0, ""return_msg"": ""정상적으로 처리되었습니다""}"
2026-06-10,scan_candidate,093370,,0,main_scan,16370,,16370,16340,16370,16350,-0.42761148442272445,0.1832620647525962,,,,,,"{""bid_req_base_tm"": ""114113"", ""sel_10th_pre_req_pre"": ""0"", ""sel_10th_pre_req"": ""187"", ""sel_10th_pre_bid"": ""+16460"", ""sel_9th_pre_req_pre"": ""0"", ""sel_9th_pre_req"": ""344"", ""sel_9th_pre_bid"": ""+16450"", ""sel_8th_pre_req_pre"": ""0"", ""sel_8th_pre_req"": ""312"", ""sel_8th_pre_bid"": ""+16440"", ""sel_7th_pre_req_pre"": ""0"", ""sel_7th_pre_req"": ""32"", ""sel_7th_pre_bid"": ""+16430"", ""sel_6th_pre_req_pre"": ""0"", ""sel_6th_pre_req"": ""84"", ""sel_6th_pre_bid"": ""+16420"", ""sel_5th_pre_req_pre"": ""0"", ""sel_5th_pre_req"": ""222"", ""sel_5th_pre_bid"": ""+16410"", ""sel_4th_pre_req_pre"": ""+10"", ""sel_4th_pre_req"": ""494"", ""sel_4th_pre_bid"": ""+16400"", ""sel_3th_pre_req_pre"": ""0"", ""sel_3th_pre_req"": ""913"", ""sel_3th_pre_bid"": ""+16390"", ""sel_2th_pre_req_pre"": ""--582"", ""sel_2th_pre_req"": ""167"", ""sel_2th_pre_bid"": ""+16380"", ""sel_1th_pre_req_pre"": ""--548"", ""sel_fpr_req"": ""39"", ""sel_fpr_bid"": ""+16370"", ""buy_fpr_bid"": ""+16340"", ""buy_fpr_req"": ""546"", ""buy_1th_pre_req_pre"": ""0"", ""buy_2th_pre_bid"": ""+16330"", ""buy_2th_pre_req"": ""2095"", ""buy_2th_pre_req_pre"": ""0"", ""buy_3th_pre_bid"": ""+16320"", ""buy_3th_pre_req"": ""2975"", ""buy_3th_pre_req_pre"": ""0"", ""buy_4th_pre_bid"": ""+16310"", ""buy_4th_pre_req"": ""719"", ""buy_4th_pre_req_pre"": ""0"", ""buy_5th_pre_bid"": ""+16300"", ""buy_5th_pre_req"": ""931"", ""buy_5th_pre_req_pre"": ""0"", ""buy_6th_pre_bid"": ""+16290"", ""buy_6th_pre_req"": ""1488"", ""buy_6th_pre_req_pre"": ""0"", ""buy_7th_pre_bid"": ""+16280"", ""buy_7th_pre_req"": ""1577"", ""buy_7th_pre_req_pre"": ""0"", ""buy_8th_pre_bid"": ""+16270"", ""buy_8th_pre_req"": ""2790"", ""buy_8th_pre_req_pre"": ""0"", ""buy_9th_pre_bid"": ""+16260"", ""buy_9th_pre_req"": ""3809"", ""buy_9th_pre_req_pre"": ""0"", ""buy_10th_pre_bid"": ""+16250"", ""buy_10th_pre_req"": ""5052"", ""buy_10th_pre_req_pre"": ""0"", ""tot_sel_req_jub_pre"": ""--1747"", ""tot_sel_req"": ""2794"", ""tot_buy_req"": ""21982"", ""tot_buy_req_jub_pre"": ""+2433"", ""ovt_sel_req_pre"": ""0"", ""ovt_sel_req"": ""0"", ""ovt_buy_req"": ""0"", ""ovt_buy_req_pre"": ""0"", ""return_code"": 0, ""return_msg"": ""정상적으로 처리되었습니다""}"
2026-06-10,scan_candidate,066575,,0,main_scan,78300,,78300,78200,78300,78300,-0.1277139208173691,0.1277139208173691,,,,,,"{""bid_req_base_tm"": ""114111"", ""sel_10th_pre_req_pre"": ""0"", ""sel_10th_pre_req"": ""51"", ""sel_10th_pre_bid"": ""-79200"", ""sel_9th_pre_req_pre"": ""0"", ""sel_9th_pre_req"": ""60"", ""sel_9th_pre_bid"": ""-79100"", ""sel_8th_pre_req_pre"": ""0"", ""sel_8th_pre_req"": ""133"", ""sel_8th_pre_bid"": ""-79000"", ""sel_7th_pre_req_pre"": ""0"", ""sel_7th_pre_req"": ""39"", ""sel_7th_pre_bid"": ""-78900"", ""sel_6th_pre_req_pre"": ""0"", ""sel_6th_pre_req"": ""206"", ""sel_6th_pre_bid"": ""-78800"", ""sel_5th_pre_req_pre"": ""0"", ""sel_5th_pre_req"": ""15"", ""sel_5th_pre_bid"": ""-78700"", ""sel_4th_pre_req_pre"": ""0"", ""sel_4th_pre_req"": ""1"", ""sel_4th_pre_bid"": ""-78600"", ""sel_3th_pre_req_pre"": ""0"", ""sel_3th_pre_req"": ""5246"", ""sel_3th_pre_bid"": ""-78500"", ""sel_2th_pre_req_pre"": ""0"", ""sel_2th_pre_req"": ""352"", ""sel_2th_pre_bid"": ""-78400"", ""sel_1th_pre_req_pre"": ""0"", ""sel_fpr_req"": ""55"", ""sel_fpr_bid"": ""-78300"", ""buy_fpr_bid"": ""-78200"", ""buy_fpr_req"": ""1"", ""buy_1th_pre_req_pre"": ""0"", ""buy_2th_pre_bid"": ""-78100"", ""buy_2th_pre_req"": ""78"", ""buy_2th_pre_req_pre"": ""+1"", ""buy_3th_pre_bid"": ""-78000"", ""buy_3th_pre_req"": ""723"", ""buy_3th_pre_req_pre"": ""0"", ""buy_4th_pre_bid"": ""-77900"", ""buy_4th_pre_req"": ""1309"", ""buy_4th_pre_req_pre"": ""0"", ""buy_5th_pre_bid"": ""-77800"", ""buy_5th_pre_req"": ""1162"", ""buy_5th_pre_req_pre"": ""0"", ""buy_6th_pre_bid"": ""-77700"", ""buy_6th_pre_req"": ""692"", ""buy_6th_pre_req_pre"": ""0"", ""buy_7th_pre_bid"": ""-77600"", ""buy_7th_pre_req"": ""360"", ""buy_7th_pre_req_pre"": ""0"", ""buy_8th_pre_bid"": ""-77500"", ""buy_8th_pre_req"": ""1288"", ""buy_8th_pre_req_pre"": ""0"", ""buy_9th_pre_bid"": ""-77400"", ""buy_9th_pre_req"": ""839"", ""buy_9th_pre_req_pre"": ""0"", ""buy_10th_pre_bid"": ""-77300"", ""buy_10th_pre_req"": ""175"", ""buy_10th_pre_req_pre"": ""0"", ""tot_sel_req_jub_pre"": ""0"", ""tot_sel_req"": ""6158"", ""tot_buy_req"": ""6627"", ""tot_buy_req_jub_pre"": ""+1"", ""ovt_sel_req_pre"": ""0"", ""ovt_sel_req"": ""0"", ""ovt_buy_req"": ""0"", ""ovt_buy_req_pre"": ""0"", ""return_code"": 0, ""return_msg"": ""정상적으로 처리되었습니다""}"
2026-06-10,scan_candidate,181710,,0,main_scan,40500,,40500,40450,40500,40600,0.12345679012345678,0.12345679012345678,,,,,,"{""bid_req_base_tm"": ""114111"", ""sel_10th_pre_req_pre"": ""0"", ""sel_10th_pre_req"": ""289"", ""sel_10th_pre_bid"": ""-41000"", ""sel_9th_pre_req_pre"": ""0"", ""sel_9th_pre_req"": ""56"", ""sel_9th_pre_bid"": ""-40950"", ""sel_8th_pre_req_pre"": ""0"", ""sel_8th_pre_req"": ""8"", ""sel_8th_pre_bid"": ""-40900"", ""sel_7th_pre_req_pre"": ""0"", ""sel_7th_pre_req"": ""1"", ""sel_7th_pre_bid"": ""-40800"", ""sel_6th_pre_req_pre"": ""0"", ""sel_6th_pre_req"": ""24"", ""sel_6th_pre_bid"": ""-40750"", ""sel_5th_pre_req_pre"": ""0"", ""sel_5th_pre_req"": ""9"", ""sel_5th_pre_bid"": ""-40700"", ""sel_4th_pre_req_pre"": ""0"", ""sel_4th_pre_req"": ""9"", ""sel_4th_pre_bid"": ""-40650"", ""sel_3th_pre_req_pre"": ""0"", ""sel_3th_pre_req"": ""1"", ""sel_3th_pre_bid"": ""-40600"", ""sel_2th_pre_req_pre"": ""0"", ""sel_2th_pre_req"": ""1"", ""sel_2th_pre_bid"": ""-40550"", ""sel_1th_pre_req_pre"": ""--8"", ""sel_fpr_req"": ""24"", ""sel_fpr_bid"": ""-40500"", ""buy_fpr_bid"": ""-40450"", ""buy_fpr_req"": ""50"", ""buy_1th_pre_req_pre"": ""0"", ""buy_2th_pre_bid"": ""-40350"", ""buy_2th_pre_req"": ""105"", ""buy_2th_pre_req_pre"": ""0"", ""buy_3th_pre_bid"": ""-40300"", ""buy_3th_pre_req"": ""104"", ""buy_3th_pre_req_pre"": ""0"", ""buy_4th_pre_bid"": ""-40250"", ""buy_4th_pre_req"": ""71"", ""buy_4th_pre_req_pre"": ""0"", ""buy_5th_pre_bid"": ""-40200"", ""buy_5th_pre_req"": ""292"", ""buy_5th_pre_req_pre"": ""0"", ""buy_6th_pre_bid"": ""-40150"", ""buy_6th_pre_req"": ""1211"", ""buy_6th_pre_req_pre"": ""0"", ""buy_7th_pre_bid"": ""-40100"", ""buy_7th_pre_req"": ""424"", ""buy_7th_pre_req_pre"": ""0"", ""buy_8th_pre_bid"": ""-40050"", ""buy_8th_pre_req"": ""133"", ""buy_8th_pre_req_pre"": ""0"", ""buy_9th_pre_bid"": ""-40000"", ""buy_9th_pre_req"": ""3226"", ""buy_9th_pre_req_pre"": ""0"", ""buy_10th_pre_bid"": ""-39950"", ""buy_10th_pre_req"": ""547"", ""buy_10th_pre_req_pre"": ""0"", ""tot_sel_req_jub_pre"": ""--8"", ""tot_sel_req"": ""422"", ""tot_buy_req"": ""6163"", ""tot_buy_req_jub_pre"": ""0"", ""ovt_sel_req_pre"": ""0"", ""ovt_sel_req"": ""0"", ""ovt_buy_req"": ""0"", ""ovt_buy_req_pre"": ""0"", ""return_code"": 0, ""return_msg"": ""정상적으로 처리되었습니다""}"
2026-06-10,scan_candidate,034230,,0,main_scan,15310,,15310,15300,15310,15300,-0.3919007184846506,0.06531678641410843,,,,,,"{""bid_req_base_tm"": ""114110"", ""sel_10th_pre_req_pre"": ""0"", ""sel_10th_pre_req"": ""3931"", ""sel_10th_pre_bid"": ""+15420"", ""sel_9th_pre_req_pre"": ""0"", ""sel_9th_pre_req"": ""115"", ""sel_9th_pre_bid"": ""+15410"", ""sel_8th_pre_req_pre"": ""0"", ""sel_8th_pre_req"": ""5407"", ""sel_8th_pre_bid"": ""+15400"", ""sel_7th_pre_req_pre"": ""0"", ""sel_7th_pre_req"": ""2389"", ""sel_7th_pre_bid"": ""+15390"", ""sel_6th_pre_req_pre"": ""0"", ""sel_6th_pre_req"": ""103"", ""sel_6th_pre_bid"": ""+15380"", ""sel_5th_pre_req_pre"": ""0"", ""sel_5th_pre_req"": ""640"", ""sel_5th_pre_bid"": ""+15370"", ""sel_4th_pre_req_pre"": ""0"", ""sel_4th_pre_req"": ""232"", ""sel_4th_pre_bid"": ""+15360"", ""sel_3th_pre_req_pre"": ""0"", ""sel_3th_pre_req"": ""10"", ""sel_3th_pre_bid"": ""+15330"", ""sel_2th_pre_req_pre"": ""0"", ""sel_2th_pre_req"": ""73"", ""sel_2th_pre_bid"": ""+15320"", ""sel_1th_pre_req_pre"": ""--10"", ""sel_fpr_req"": ""36"", ""sel_fpr_bid"": ""+15310"", ""buy_fpr_bid"": ""+15300"", ""buy_fpr_req"": ""58"", ""buy_1th_pre_req_pre"": ""--10"", ""buy_2th_pre_bid"": ""+15290"", ""buy_2th_pre_req"": ""8"", ""buy_2th_pre_req_pre"": ""0"", ""buy_3th_pre_bid"": ""+15280"", ""buy_3th_pre_req"": ""135"", ""buy_3th_pre_req_pre"": ""0"", ""buy_4th_pre_bid"": ""+15270"", ""buy_4th_pre_req"": ""11"", ""buy_4th_pre_req_pre"": ""0"", ""buy_5th_pre_bid"": ""+15260"", ""buy_5th_pre_req"": ""11"", ""buy_5th_pre_req_pre"": ""0"", ""buy_6th_pre_bid"": ""+15250"", ""buy_6th_pre_req"": ""314"", ""buy_6th_pre_req_pre"": ""0"", ""buy_7th_pre_bid"": ""+15240"", ""buy_7th_pre_req"": ""518"", ""buy_7th_pre_req_pre"": ""0"", ""buy_8th_pre_bid"": ""+15230"", ""buy_8th_pre_req"": ""783"", ""buy_8th_pre_req_pre"": ""0"", ""buy_9th_pre_bid"": ""+15220"", ""buy_9th_pre_req"": ""525"", ""buy_9th_pre_req_pre"": ""0"", ""buy_10th_pre_bid"": ""+15210"", ""buy_10th_pre_req"": ""118"", ""buy_10th_pre_req_pre"": ""0"", ""tot_sel_req_jub_pre"": ""--10"", ""tot_sel_req"": ""12936"", ""tot_buy_req"": ""2481"", ""tot_buy_req_jub_pre"": ""--10"", ""ovt_sel_req_pre"": ""0"", ""ovt_sel_req"": ""0"", ""ovt_buy_req"": ""0"", ""ovt_buy_req_pre"": ""0"", ""return_code"": 0, ""return_msg"": ""정상적으로 처리되었습니다""}"
2026-06-10,scan_candidate,281820,,0,main_scan,65700,,65700,65600,65700,66400,0.91324200913242,0.15220700152207,,,,,,"{""bid_req_base_tm"": ""114112"", ""sel_10th_pre_req_pre"": ""0"", ""sel_10th_pre_req"": ""10"", ""sel_10th_pre_bid"": ""+67300"", ""sel_9th_pre_req_pre"": ""0"", ""sel_9th_pre_req"": ""22"", ""sel_9th_pre_bid"": ""+67200"", ""sel_8th_pre_req_pre"": ""0"", ""sel_8th_pre_req"": ""7"", ""sel_8th_pre_bid"": ""+67100"", ""sel_7th_pre_req_pre"": ""0"", ""sel_7th_pre_req"": ""2"", ""sel_7th_pre_bid"": ""+66900"", ""sel_6th_pre_req_pre"": ""0"", ""sel_6th_pre_req"": ""26"", ""sel_6th_pre_bid"": ""+66800"", ""sel_5th_pre_req_pre"": ""0"", ""sel_5th_pre_req"": ""2"", ""sel_5th_pre_bid"": ""+66700"", ""sel_4th_pre_req_pre"": ""--8"", ""sel_4th_pre_req"": ""18"", ""sel_4th_pre_bid"": ""66400"", ""sel_3th_pre_req_pre"": ""0"", ""sel_3th_pre_req"": ""1"", ""sel_3th_pre_bid"": ""-66000"", ""sel_2th_pre_req_pre"": ""0"", ""sel_2th_pre_req"": ""27"", ""sel_2th_pre_bid"": ""-65800"", ""sel_1th_pre_req_pre"": ""+14"", ""sel_fpr_req"": ""119"", ""sel_fpr_bid"": ""-65700"", ""buy_fpr_bid"": ""-65600"", ""buy_fpr_req"": ""74"", ""buy_1th_pre_req_pre"": ""0"", ""buy_2th_pre_bid"": ""-65500"", ""buy_2th_pre_req"": ""203"", ""buy_2th_pre_req_pre"": ""0"", ""buy_3th_pre_bid"": ""-65400"", ""buy_3th_pre_req"": ""71"", ""buy_3th_pre_req_pre"": ""0"", ""buy_4th_pre_bid"": ""-65300"", ""buy_4th_pre_req"": ""8"", ""buy_4th_pre_req_pre"": ""0"", ""buy_5th_pre_bid"": ""-65200"", ""buy_5th_pre_req"": ""69"", ""buy_5th_pre_req_pre"": ""0"", ""buy_6th_pre_bid"": ""-65100"", ""buy_6th_pre_req"": ""130"", ""buy_6th_pre_req_pre"": ""0"", ""buy_7th_pre_bid"": ""-65000"", ""buy_7th_pre_req"": ""1000"", ""buy_7th_pre_req_pre"": ""0"", ""buy_8th_pre_bid"": ""-64900"", ""buy_8th_pre_req"": ""139"", ""buy_8th_pre_req_pre"": ""0"", ""buy_9th_pre_bid"": ""-64800"", ""buy_9th_pre_req"": ""30"", ""buy_9th_pre_req_pre"": ""0"", ""buy_10th_pre_bid"": ""-64700"", ""buy_10th_pre_req"": ""153"", ""buy_10th_pre_req_pre"": ""0"", ""tot_sel_req_jub_pre"": ""+6"", ""tot_sel_req"": ""234"", ""tot_buy_req"": ""1877"", ""tot_buy_req_jub_pre"": ""0"", ""ovt_sel_req_pre"": ""0"", ""ovt_sel_req"": ""0"", ""ovt_buy_req"": ""0"", ""ovt_buy_req_pre"": ""0"", ""return_code"": 0, ""return_msg"": ""정상적으로 처리되었습니다""}"
2026-06-10,scan_candidate,001820,,0,main_scan,114400,,114400,114300,114400,114500,-0.34965034965034963,0.08741258741258741,,,,,,"{""bid_req_base_tm"": ""114113"", ""sel_10th_pre_req_pre"": ""0"", ""sel_10th_pre_req"": ""50"", ""sel_10th_pre_bid"": ""-115500"", ""sel_9th_pre_req_pre"": ""0"", ""sel_9th_pre_req"": ""60"", ""sel_9th_pre_bid"": ""-115400"", ""sel_8th_pre_req_pre"": ""0"", ""sel_8th_pre_req"": ""122"", ""sel_8th_pre_bid"": ""-115300"", ""sel_7th_pre_req_pre"": ""0"", ""sel_7th_pre_req"": ""25"", ""sel_7th_pre_bid"": ""-115200"", ""sel_6th_pre_req_pre"": ""0"", ""sel_6th_pre_req"": ""26"", ""sel_6th_pre_bid"": ""-115000"", ""sel_5th_pre_req_pre"": ""0"", ""sel_5th_pre_req"": ""56"", ""sel_5th_pre_bid"": ""-114900"", ""sel_4th_pre_req_pre"": ""0"", ""sel_4th_pre_req"": ""22"", ""sel_4th_pre_bid"": ""-114700"", ""sel_3th_pre_req_pre"": ""0"", ""sel_3th_pre_req"": ""31"", ""sel_3th_pre_bid"": ""-114600"", ""sel_2th_pre_req_pre"": ""0"", ""sel_2th_pre_req"": ""6"", ""sel_2th_pre_bid"": ""-114500"", ""sel_1th_pre_req_pre"": ""0"", ""sel_fpr_req"": ""95"", ""sel_fpr_bid"": ""-114400"", ""buy_fpr_bid"": ""-114300"", ""buy_fpr_req"": ""68"", ""buy_1th_pre_req_pre"": ""0"", ""buy_2th_pre_bid"": ""-114200"", ""buy_2th_pre_req"": ""197"", ""buy_2th_pre_req_pre"": ""0"", ""buy_3th_pre_bid"": ""-114100"", ""buy_3th_pre_req"": ""754"", ""buy_3th_pre_req_pre"": ""0"", ""buy_4th_pre_bid"": ""-114000"", ""buy_4th_pre_req"": ""893"", ""buy_4th_pre_req_pre"": ""0"", ""buy_5th_pre_bid"": ""-113900"", ""buy_5th_pre_req"": ""148"", ""buy_5th_pre_req_pre"": ""0"", ""buy_6th_pre_bid"": ""-113800"", ""buy_6th_pre_req"": ""147"", ""buy_6th_pre_req_pre"": ""0"", ""buy_7th_pre_bid"": ""-113700"", ""buy_7th_pre_req"": ""414"", ""buy_7th_pre_req_pre"": ""0"", ""buy_8th_pre_bid"": ""-113600"", ""buy_8th_pre_req"": ""232"", ""buy_8th_pre_req_pre"": ""0"", ""buy_9th_pre_bid"": ""-113500"", ""buy_9th_pre_req"": ""1536"", ""buy_9th_pre_req_pre"": ""0"", ""buy_10th_pre_bid"": ""-113400"", ""buy_10th_pre_req"": ""221"", ""buy_10th_pre_req_pre"": ""0"", ""tot_sel_req_jub_pre"": ""+56"", ""tot_sel_req"": ""493"", ""tot_buy_req"": ""4610"", ""tot_buy_req_jub_pre"": ""+220"", ""ovt_sel_req_pre"": ""0"", ""ovt_sel_req"": ""0"", ""ovt_buy_req"": ""0"", ""ovt_buy_req_pre"": ""0"", ""return_code"": 0, ""return_msg"": ""정상적으로 처리되었습니다""}"
2026-06-10,scan_candidate,000815,,0,main_scan,400000,,400000,399000,400000,398500,-0.5,0.25,,,,,,"{""bid_req_base_tm"": ""114109"", ""sel_10th_pre_req_pre"": ""0"", ""sel_10th_pre_req"": ""62"", ""sel_10th_pre_bid"": ""-405000"", ""sel_9th_pre_req_pre"": ""0"", ""sel_9th_pre_req"": ""233"", ""sel_9th_pre_bid"": ""-404500"", ""sel_8th_pre_req_pre"": ""0"", ""sel_8th_pre_req"": ""99"", ""sel_8th_pre_bid"": ""-404000"", ""sel_7th_pre_req_pre"": ""0"", ""sel_7th_pre_req"": ""79"", ""sel_7th_pre_bid"": ""-403500"", ""sel_6th_pre_req_pre"": ""0"", ""sel_6th_pre_req"": ""93"", ""sel_6th_pre_bid"": ""-403000"", ""sel_5th_pre_req_pre"": ""0"", ""sel_5th_pre_req"": ""27"", ""sel_5th_pre_bid"": ""-402500"", ""sel_4th_pre_req_pre"": ""0"", ""sel_4th_pre_req"": ""359"", ""sel_4th_pre_bid"": ""-401500"", ""sel_3th_pre_req_pre"": ""0"", ""sel_3th_pre_req"": ""131"", ""sel_3th_pre_bid"": ""-401000"", ""sel_2th_pre_req_pre"": ""0"", ""sel_2th_pre_req"": ""14"", ""sel_2th_pre_bid"": ""-400500"", ""sel_1th_pre_req_pre"": ""0"", ""sel_fpr_req"": ""16"", ""sel_fpr_bid"": ""-400000"", ""buy_fpr_bid"": ""-399000"", ""buy_fpr_req"": ""25"", ""buy_1th_pre_req_pre"": ""0"", ""buy_2th_pre_bid"": ""-398500"", ""buy_2th_pre_req"": ""17"", ""buy_2th_pre_req_pre"": ""0"", ""buy_3th_pre_bid"": ""-398000"", ""buy_3th_pre_req"": ""51"", ""buy_3th_pre_req_pre"": ""0"", ""buy_4th_pre_bid"": ""-397500"", ""buy_4th_pre_req"": ""161"", ""buy_4th_pre_req_pre"": ""0"", ""buy_5th_pre_bid"": ""-397000"", ""buy_5th_pre_req"": ""105"", ""buy_5th_pre_req_pre"": ""0"", ""buy_6th_pre_bid"": ""-396500"", ""buy_6th_pre_req"": ""17"", ""buy_6th_pre_req_pre"": ""0"", ""buy_7th_pre_bid"": ""-396000"", ""buy_7th_pre_req"": ""48"", ""buy_7th_pre_req_pre"": ""0"", ""buy_8th_pre_bid"": ""-395500"", ""buy_8th_pre_req"": ""18"", ""buy_8th_pre_req_pre"": ""0"", ""buy_9th_pre_bid"": ""-395000"", ""buy_9th_pre_req"": ""60"", ""buy_9th_pre_req_pre"": ""0"", ""buy_10th_pre_bid"": ""-394500"", ""buy_10th_pre_req"": ""18"", ""buy_10th_pre_req_pre"": ""0"", ""tot_sel_req_jub_pre"": ""0"", ""tot_sel_req"": ""1113"", ""tot_buy_req"": ""520"", ""tot_buy_req_jub_pre"": ""0"", ""ovt_sel_req_pre"": ""0"", ""ovt_sel_req"": ""0"", ""ovt_buy_req"": ""0"", ""ovt_buy_req_pre"": ""0"", ""return_code"": 0, ""return_msg"": ""정상적으로 처리되었습니다""}"
2026-06-10,scan_candidate,475150,,0,main_scan,40600,,40600,40550,40600,40600,-0.12315270935960591,0.12315270935960591,,,,,,"{""bid_req_base_tm"": ""114113"", ""sel_10th_pre_req_pre"": ""0"", ""sel_10th_pre_req"": ""0"", ""sel_10th_pre_bid"": ""0"", ""sel_9th_pre_req_pre"": ""0"", ""sel_9th_pre_req"": ""0"", ""sel_9th_pre_bid"": ""0"", ""sel_8th_pre_req_pre"": ""0"", ""sel_8th_pre_req"": ""0"", ""sel_8th_pre_bid"": ""0"", ""sel_7th_pre_req_pre"": ""0"", ""sel_7th_pre_req"": ""0"", ""sel_7th_pre_bid"": ""0"", ""sel_6th_pre_req_pre"": ""0"", ""sel_6th_pre_req"": ""0"", ""sel_6th_pre_bid"": ""0"", ""sel_5th_pre_req_pre"": ""0"", ""sel_5th_pre_req"": ""0"", ""sel_5th_pre_bid"": ""0"", ""sel_4th_pre_req_pre"": ""0"", ""sel_4th_pre_req"": ""0"", ""sel_4th_pre_bid"": ""0"", ""sel_3th_pre_req_pre"": ""0"", ""sel_3th_pre_req"": ""116"", ""sel_3th_pre_bid"": ""+40700"", ""sel_2th_pre_req_pre"": ""0"", ""sel_2th_pre_req"": ""29"", ""sel_2th_pre_bid"": ""+40650"", ""sel_1th_pre_req_pre"": ""0"", ""sel_fpr_req"": ""29"", ""sel_fpr_bid"": ""+40600"", ""buy_fpr_bid"": ""+40550"", ""buy_fpr_req"": ""2278"", ""buy_1th_pre_req_pre"": ""0"", ""buy_2th_pre_bid"": ""+40500"", ""buy_2th_pre_req"": ""347"", ""buy_2th_pre_req_pre"": ""0"", ""buy_3th_pre_bid"": ""+40450"", ""buy_3th_pre_req"": ""582"", ""buy_3th_pre_req_pre"": ""0"", ""buy_4th_pre_bid"": ""0"", ""buy_4th_pre_req"": ""0"", ""buy_4th_pre_req_pre"": ""0"", ""buy_5th_pre_bid"": ""0"", ""buy_5th_pre_req"": ""0"", ""buy_5th_pre_req_pre"": ""0"", ""buy_6th_pre_bid"": ""0"", ""buy_6th_pre_req"": ""0"", ""buy_6th_pre_req_pre"": ""0"", ""buy_7th_pre_bid"": ""0"", ""buy_7th_pre_req"": ""0"", ""buy_7th_pre_req_pre"": ""0"", ""buy_8th_pre_bid"": ""0"", ""buy_8th_pre_req"": ""0"", ""buy_8th_pre_req_pre"": ""0"", ""buy_9th_pre_bid"": ""0"", ""buy_9th_pre_req"": ""0"", ""buy_9th_pre_req_pre"": ""0"", ""buy_10th_pre_bid"": ""0"", ""buy_10th_pre_req"": ""0"", ""buy_10th_pre_req_pre"": ""0"", ""tot_sel_req_jub_pre"": ""0"", ""tot_sel_req"": ""174"", ""tot_buy_req"": ""3207"", ""tot_buy_req_jub_pre"": ""0"", ""ovt_sel_req_pre"": ""0"", ""ovt_sel_req"": ""0"", ""ovt_buy_req"": ""0"", ""ovt_buy_req_pre"": ""0"", ""return_code"": 0, ""return_msg"": ""정상적으로 처리되었습니다""}"
2026-06-10,scan_candidate,499790,,0,main_scan,50800,,50800,50700,50800,50500,-0.7874015748031495,0.19685039370078738,,,,,,"{""bid_req_base_tm"": ""114112"", ""sel_10th_pre_req_pre"": ""0"", ""sel_10th_pre_req"": ""486"", ""sel_10th_pre_bid"": ""+51700"", ""sel_9th_pre_req_pre"": ""0"", ""sel_9th_pre_req"": ""1137"", ""sel_9th_pre_bid"": ""+51600"", ""sel_8th_pre_req_pre"": ""0"", ""sel_8th_pre_req"": ""421"", ""sel_8th_pre_bid"": ""+51500"", ""sel_7th_pre_req_pre"": ""0"", ""sel_7th_pre_req"": ""311"", ""sel_7th_pre_bid"": ""+51400"", ""sel_6th_pre_req_pre"": ""0"", ""sel_6th_pre_req"": ""86"", ""sel_6th_pre_bid"": ""+51300"", ""sel_5th_pre_req_pre"": ""0"", ""sel_5th_pre_req"": ""1112"", ""sel_5th_pre_bid"": ""+51200"", ""sel_4th_pre_req_pre"": ""0"", ""sel_4th_pre_req"": ""105"", ""sel_4th_pre_bid"": ""+51100"", ""sel_3th_pre_req_pre"": ""0"", ""sel_3th_pre_req"": ""415"", ""sel_3th_pre_bid"": ""+51000"", ""sel_2th_pre_req_pre"": ""0"", ""sel_2th_pre_req"": ""52"", ""sel_2th_pre_bid"": ""+50900"", ""sel_1th_pre_req_pre"": ""0"", ""sel_fpr_req"": ""738"", ""sel_fpr_bid"": ""+50800"", ""buy_fpr_bid"": ""+50700"", ""buy_fpr_req"": ""6"", ""buy_1th_pre_req_pre"": ""+5"", ""buy_2th_pre_bid"": ""+50600"", ""buy_2th_pre_req"": ""96"", ""buy_2th_pre_req_pre"": ""0"", ""buy_3th_pre_bid"": ""+50500"", ""buy_3th_pre_req"": ""5"", ""buy_3th_pre_req_pre"": ""0"", ""buy_4th_pre_bid"": ""+50400"", ""buy_4th_pre_req"": ""31"", ""buy_4th_pre_req_pre"": ""0"", ""buy_5th_pre_bid"": ""+50300"", ""buy_5th_pre_req"": ""28"", ""buy_5th_pre_req_pre"": ""0"", ""buy_6th_pre_bid"": ""+50200"", ""buy_6th_pre_req"": ""43"", ""buy_6th_pre_req_pre"": ""0"", ""buy_7th_pre_bid"": ""+50100"", ""buy_7th_pre_req"": ""168"", ""buy_7th_pre_req_pre"": ""0"", ""buy_8th_pre_bid"": ""+50000"", ""buy_8th_pre_req"": ""34"", ""buy_8th_pre_req_pre"": ""0"", ""buy_9th_pre_bid"": ""+49950"", ""buy_9th_pre_req"": ""1183"", ""buy_9th_pre_req_pre"": ""0"", ""buy_10th_pre_bid"": ""+49900"", ""buy_10th_pre_req"": ""124"", ""buy_10th_pre_req_pre"": ""0"", ""tot_sel_req_jub_pre"": ""0"", ""tot_sel_req"": ""4863"", ""tot_buy_req"": ""1718"", ""tot_buy_req_jub_pre"": ""+5"", ""ovt_sel_req_pre"": ""0"", ""ovt_sel_req"": ""0"", ""ovt_buy_req"": ""0"", ""ovt_buy_req_pre"": ""0"", ""return_code"": 0, ""return_msg"": ""정상적으로 처리되었습니다""}"
2026-06-10,scan_candidate,003160,,0,main_scan,27900,,27900,27850,27900,27950,0.0,0.17921146953405018,,,,,,"{""bid_req_base_tm"": ""114114"", ""sel_10th_pre_req_pre"": ""0"", ""sel_10th_pre_req"": ""61"", ""sel_10th_pre_bid"": ""+28350"", ""sel_9th_pre_req_pre"": ""0"", ""sel_9th_pre_req"": ""200"", ""sel_9th_pre_bid"": ""+28300"", ""sel_8th_pre_req_pre"": ""0"", ""sel_8th_pre_req"": ""101"", ""sel_8th_pre_bid"": ""+28250"", ""sel_7th_pre_req_pre"": ""0"", ""sel_7th_pre_req"": ""111"", ""sel_7th_pre_bid"": ""+28200"", ""sel_6th_pre_req_pre"": ""0"", ""sel_6th_pre_req"": ""103"", ""sel_6th_pre_bid"": ""+28150"", ""sel_5th_pre_req_pre"": ""0"", ""sel_5th_pre_req"": ""50"", ""sel_5th_pre_bid"": ""+28100"", ""sel_4th_pre_req_pre"": ""0"", ""sel_4th_pre_req"": ""58"", ""sel_4th_pre_bid"": ""28050"", ""sel_3th_pre_req_pre"": ""0"", ""sel_3th_pre_req"": ""330"", ""sel_3th_pre_bid"": ""-28000"", ""sel_2th_pre_req_pre"": ""0"", ""sel_2th_pre_req"": ""62"", ""sel_2th_pre_bid"": ""-27950"", ""sel_1th_pre_req_pre"": ""0"", ""sel_fpr_req"": ""15"", ""sel_fpr_bid"": ""-27900"", ""buy_fpr_bid"": ""-27850"", ""buy_fpr_req"": ""28"", ""buy_1th_pre_req_pre"": ""--3"", ""buy_2th_pre_bid"": ""-27800"", ""buy_2th_pre_req"": ""259"", ""buy_2th_pre_req_pre"": ""0"", ""buy_3th_pre_bid"": ""-27750"", ""buy_3th_pre_req"": ""79"", ""buy_3th_pre_req_pre"": ""0"", ""buy_4th_pre_bid"": ""-27700"", ""buy_4th_pre_req"": ""136"", ""buy_4th_pre_req_pre"": ""0"", ""buy_5th_pre_bid"": ""-27650"", ""buy_5th_pre_req"": ""303"", ""buy_5th_pre_req_pre"": ""0"", ""buy_6th_pre_bid"": ""-27600"", ""buy_6th_pre_req"": ""715"", ""buy_6th_pre_req_pre"": ""0"", ""buy_7th_pre_bid"": ""-27550"", ""buy_7th_pre_req"": ""313"", ""buy_7th_pre_req_pre"": ""0"", ""buy_8th_pre_bid"": ""-27500"", ""buy_8th_pre_req"": ""456"", ""buy_8th_pre_req_pre"": ""0"", ""buy_9th_pre_bid"": ""-27450"", ""buy_9th_pre_req"": ""250"", ""buy_9th_pre_req_pre"": ""0"", ""buy_10th_pre_bid"": ""-27400"", ""buy_10th_pre_req"": ""417"", ""buy_10th_pre_req_pre"": ""0"", ""tot_sel_req_jub_pre"": ""0"", ""tot_sel_req"": ""1091"", ""tot_buy_req"": ""2956"", ""tot_buy_req_jub_pre"": ""--3"", ""ovt_sel_req_pre"": ""0"", ""ovt_sel_req"": ""0"", ""ovt_buy_req"": ""0"", ""ovt_buy_req_pre"": ""0"", ""return_code"": 0, ""return_msg"": ""정상적으로 처리되었습니다""}"
2026-06-10,scan_candidate,000370,,0,main_scan,6470,,6470,6460,6470,6480,0.0,0.1545595054095827,,,,,,"{""bid_req_base_tm"": ""114114"", ""sel_10th_pre_req_pre"": ""0"", ""sel_10th_pre_req"": ""753"", ""sel_10th_pre_bid"": ""+6570"", ""sel_9th_pre_req_pre"": ""0"", ""sel_9th_pre_req"": ""104"", ""sel_9th_pre_bid"": ""+6560"", ""sel_8th_pre_req_pre"": ""0"", ""sel_8th_pre_req"": ""175"", ""sel_8th_pre_bid"": ""+6550"", ""sel_7th_pre_req_pre"": ""0"", ""sel_7th_pre_req"": ""1027"", ""sel_7th_pre_bid"": ""+6540"", ""sel_6th_pre_req_pre"": ""0"", ""sel_6th_pre_req"": ""22"", ""sel_6th_pre_bid"": ""+6520"", ""sel_5th_pre_req_pre"": ""0"", ""sel_5th_pre_req"": ""816"", ""sel_5th_pre_bid"": ""+6510"", ""sel_4th_pre_req_pre"": ""0"", ""sel_4th_pre_req"": ""1003"", ""sel_4th_pre_bid"": ""+6500"", ""sel_3th_pre_req_pre"": ""0"", ""sel_3th_pre_req"": ""103"", ""sel_3th_pre_bid"": ""+6490"", ""sel_2th_pre_req_pre"": ""0"", ""sel_2th_pre_req"": ""257"", ""sel_2th_pre_bid"": ""+6480"", ""sel_1th_pre_req_pre"": ""--50"", ""sel_fpr_req"": ""607"", ""sel_fpr_bid"": ""+6470"", ""buy_fpr_bid"": ""+6460"", ""buy_fpr_req"": ""405"", ""buy_1th_pre_req_pre"": ""0"", ""buy_2th_pre_bid"": ""6450"", ""buy_2th_pre_req"": ""910"", ""buy_2th_pre_req_pre"": ""0"", ""buy_3th_pre_bid"": ""-6440"", ""buy_3th_pre_req"": ""222"", ""buy_3th_pre_req_pre"": ""0"", ""buy_4th_pre_bid"": ""-6430"", ""buy_4th_pre_req"": ""1618"", ""buy_4th_pre_req_pre"": ""0"", ""buy_5th_pre_bid"": ""-6420"", ""buy_5th_pre_req"": ""249"", ""buy_5th_pre_req_pre"": ""0"", ""buy_6th_pre_bid"": ""-6410"", ""buy_6th_pre_req"": ""1439"", ""buy_6th_pre_req_pre"": ""0"", ""buy_7th_pre_bid"": ""-6400"", ""buy_7th_pre_req"": ""5396"", ""buy_7th_pre_req_pre"": ""0"", ""buy_8th_pre_bid"": ""-6390"", ""buy_8th_pre_req"": ""673"", ""buy_8th_pre_req_pre"": ""0"", ""buy_9th_pre_bid"": ""-6380"", ""buy_9th_pre_req"": ""44"", ""buy_9th_pre_req_pre"": ""0"", ""buy_10th_pre_bid"": ""-6370"", ""buy_10th_pre_req"": ""3216"", ""buy_10th_pre_req_pre"": ""0"", ""tot_sel_req_jub_pre"": ""--50"", ""tot_sel_req"": ""4867"", ""tot_buy_req"": ""14172"", ""tot_buy_req_jub_pre"": ""0"", ""ovt_sel_req_pre"": ""0"", ""ovt_sel_req"": ""0"", ""ovt_buy_req"": ""0"", ""ovt_buy_req_pre"": ""0"", ""return_code"": 0, ""return_msg"": ""정상적으로 처리되었습니다""}"
2026-06-10,scan_candidate,114090,,0,main_scan,12160,,12160,12130,12160,12050,-1.3157894736842104,0.24671052631578946,,,,,,"{""bid_req_base_tm"": ""114112"", ""sel_10th_pre_req_pre"": ""0"", ""sel_10th_pre_req"": ""2581"", ""sel_10th_pre_bid"": ""+12250"", ""sel_9th_pre_req_pre"": ""0"", ""sel_9th_pre_req"": ""1262"", ""sel_9th_pre_bid"": ""+12240"", ""sel_8th_pre_req_pre"": ""0"", ""sel_8th_pre_req"": ""361"", ""sel_8th_pre_bid"": ""+12230"", ""sel_7th_pre_req_pre"": ""0"", ""sel_7th_pre_req"": ""1355"", ""sel_7th_pre_bid"": ""+12220"", ""sel_6th_pre_req_pre"": ""0"", ""sel_6th_pre_req"": ""1910"", ""sel_6th_pre_bid"": ""+12210"", ""sel_5th_pre_req_pre"": ""0"", ""sel_5th_pre_req"": ""627"", ""sel_5th_pre_bid"": ""+12200"", ""sel_4th_pre_req_pre"": ""0"", ""sel_4th_pre_req"": ""424"", ""sel_4th_pre_bid"": ""+12190"", ""sel_3th_pre_req_pre"": ""0"", ""sel_3th_pre_req"": ""123"", ""sel_3th_pre_bid"": ""+12180"", ""sel_2th_pre_req_pre"": ""0"", ""sel_2th_pre_req"": ""119"", ""sel_2th_pre_bid"": ""+12170"", ""sel_1th_pre_req_pre"": ""0"", ""sel_fpr_req"": ""306"", ""sel_fpr_bid"": ""+12160"", ""buy_fpr_bid"": ""+12130"", ""buy_fpr_req"": ""232"", ""buy_1th_pre_req_pre"": ""+230"", ""buy_2th_pre_bid"": ""+12120"", ""buy_2th_pre_req"": ""505"", ""buy_2th_pre_req_pre"": ""0"", ""buy_3th_pre_bid"": ""+12110"", ""buy_3th_pre_req"": ""1"", ""buy_3th_pre_req_pre"": ""0"", ""buy_4th_pre_bid"": ""+12070"", ""buy_4th_pre_req"": ""185"", ""buy_4th_pre_req_pre"": ""0"", ""buy_5th_pre_bid"": ""+12020"", ""buy_5th_pre_req"": ""221"", ""buy_5th_pre_req_pre"": ""0"", ""buy_6th_pre_bid"": ""+12010"", ""buy_6th_pre_req"": ""205"", ""buy_6th_pre_req_pre"": ""0"", ""buy_7th_pre_bid"": ""+12000"", ""buy_7th_pre_req"": ""1071"", ""buy_7th_pre_req_pre"": ""0"", ""buy_8th_pre_bid"": ""+11990"", ""buy_8th_pre_req"": ""100"", ""buy_8th_pre_req_pre"": ""0"", ""buy_9th_pre_bid"": ""+11980"", ""buy_9th_pre_req"": ""203"", ""buy_9th_pre_req_pre"": ""0"", ""buy_10th_pre_bid"": ""+11970"", ""buy_10th_pre_req"": ""6"", ""buy_10th_pre_req_pre"": ""0"", ""tot_sel_req_jub_pre"": ""0"", ""tot_sel_req"": ""9068"", ""tot_buy_req"": ""2729"", ""tot_buy_req_jub_pre"": ""+230"", ""ovt_sel_req_pre"": ""0"", ""ovt_sel_req"": ""0"", ""ovt_buy_req"": ""0"", ""ovt_buy_req_pre"": ""0"", ""return_code"": 0, ""return_msg"": ""정상적으로 처리되었습니다""}"
2026-06-10,scan_candidate,005090,,0,main_scan,51400,,51400,51300,51400,51700,0.38910505836575876,0.19455252918287938,,,,,,"{""bid_req_base_tm"": ""114050"", ""sel_10th_pre_req_pre"": ""0"", ""sel_10th_pre_req"": ""2"", ""sel_10th_pre_bid"": ""+52400"", ""sel_9th_pre_req_pre"": ""0"", ""sel_9th_pre_req"": ""10"", ""sel_9th_pre_bid"": ""+52300"", ""sel_8th_pre_req_pre"": ""0"", ""sel_8th_pre_req"": ""1"", ""sel_8th_pre_bid"": ""+52200"", ""sel_7th_pre_req_pre"": ""0"", ""sel_7th_pre_req"": ""57"", ""sel_7th_pre_bid"": ""+52000"", ""sel_6th_pre_req_pre"": ""0"", ""sel_6th_pre_req"": ""2"", ""sel_6th_pre_bid"": ""+51900"", ""sel_5th_pre_req_pre"": ""0"", ""sel_5th_pre_req"": ""97"", ""sel_5th_pre_bid"": ""+51800"", ""sel_4th_pre_req_pre"": ""0"", ""sel_4th_pre_req"": ""1"", ""sel_4th_pre_bid"": ""+51700"", ""sel_3th_pre_req_pre"": ""0"", ""sel_3th_pre_req"": ""68"", ""sel_3th_pre_bid"": ""+51600"", ""sel_2th_pre_req_pre"": ""0"", ""sel_2th_pre_req"": ""60"", ""sel_2th_pre_bid"": ""+51500"", ""sel_1th_pre_req_pre"": ""0"", ""sel_fpr_req"": ""33"", ""sel_fpr_bid"": ""+51400"", ""buy_fpr_bid"": ""+51300"", ""buy_fpr_req"": ""264"", ""buy_1th_pre_req_pre"": ""0"", ""buy_2th_pre_bid"": ""+51200"", ""buy_2th_pre_req"": ""4"", ""buy_2th_pre_req_pre"": ""0"", ""buy_3th_pre_bid"": ""+51100"", ""buy_3th_pre_req"": ""47"", ""buy_3th_pre_req_pre"": ""0"", ""buy_4th_pre_bid"": ""+51000"", ""buy_4th_pre_req"": ""86"", ""buy_4th_pre_req_pre"": ""0"", ""buy_5th_pre_bid"": ""+50900"", ""buy_5th_pre_req"": ""220"", ""buy_5th_pre_req_pre"": ""0"", ""buy_6th_pre_bid"": ""+50800"", ""buy_6th_pre_req"": ""203"", ""buy_6th_pre_req_pre"": ""0"", ""buy_7th_pre_bid"": ""+50700"", ""buy_7th_pre_req"": ""271"", ""buy_7th_pre_req_pre"": ""0"", ""buy_8th_pre_bid"": ""+50600"", ""buy_8th_pre_req"": ""741"", ""buy_8th_pre_req_pre"": ""0"", ""buy_9th_pre_bid"": ""50500"", ""buy_9th_pre_req"": ""1510"", ""buy_9th_pre_req_pre"": ""0"", ""buy_10th_pre_bid"": ""-50400"", ""buy_10th_pre_req"": ""266"", ""buy_10th_pre_req_pre"": ""0"", ""tot_sel_req_jub_pre"": ""0"", ""tot_sel_req"": ""331"", ""tot_buy_req"": ""3612"", ""tot_buy_req_jub_pre"": ""0"", ""ovt_sel_req_pre"": ""0"", ""ovt_sel_req"": ""0"", ""ovt_buy_req"": ""0"", ""ovt_buy_req_pre"": ""0"", ""return_code"": 0, ""return_msg"": ""정상적으로 처리되었습니다""}"
2026-06-10,scan_candidate,017900,,0,main_scan,9250,,9250,9230,9250,9270,0.10810810810810811,0.21621621621621623,,,,,,"{""bid_req_base_tm"": ""114115"", ""sel_10th_pre_req_pre"": ""0"", ""sel_10th_pre_req"": ""1090"", ""sel_10th_pre_bid"": ""+9360"", ""sel_9th_pre_req_pre"": ""0"", ""sel_9th_pre_req"": ""2923"", ""sel_9th_pre_bid"": ""+9350"", ""sel_8th_pre_req_pre"": ""0"", ""sel_8th_pre_req"": ""1192"", ""sel_8th_pre_bid"": ""+9340"", ""sel_7th_pre_req_pre"": ""0"", ""sel_7th_pre_req"": ""327"", ""sel_7th_pre_bid"": ""+9330"", ""sel_6th_pre_req_pre"": ""0"", ""sel_6th_pre_req"": ""10"", ""sel_6th_pre_bid"": ""+9320"", ""sel_5th_pre_req_pre"": ""0"", ""sel_5th_pre_req"": ""165"", ""sel_5th_pre_bid"": ""+9300"", ""sel_4th_pre_req_pre"": ""0"", ""sel_4th_pre_req"": ""132"", ""sel_4th_pre_bid"": ""+9290"", ""sel_3th_pre_req_pre"": ""0"", ""sel_3th_pre_req"": ""164"", ""sel_3th_pre_bid"": ""+9280"", ""sel_2th_pre_req_pre"": ""0"", ""sel_2th_pre_req"": ""270"", ""sel_2th_pre_bid"": ""+9270"", ""sel_1th_pre_req_pre"": ""0"", ""sel_fpr_req"": ""1021"", ""sel_fpr_bid"": ""+9250"", ""buy_fpr_bid"": ""+9230"", ""buy_fpr_req"": ""67"", ""buy_1th_pre_req_pre"": ""0"", ""buy_2th_pre_bid"": ""+9220"", ""buy_2th_pre_req"": ""859"", ""buy_2th_pre_req_pre"": ""0"", ""buy_3th_pre_bid"": ""+9210"", ""buy_3th_pre_req"": ""1497"", ""buy_3th_pre_req_pre"": ""0"", ""buy_4th_pre_bid"": ""+9200"", ""buy_4th_pre_req"": ""3882"", ""buy_4th_pre_req_pre"": ""0"", ""buy_5th_pre_bid"": ""9190"", ""buy_5th_pre_req"": ""791"", ""buy_5th_pre_req_pre"": ""0"", ""buy_6th_pre_bid"": ""-9180"", ""buy_6th_pre_req"": ""1680"", ""buy_6th_pre_req_pre"": ""0"", ""buy_7th_pre_bid"": ""-9170"", ""buy_7th_pre_req"": ""414"", ""buy_7th_pre_req_pre"": ""0"", ""buy_8th_pre_bid"": ""-9160"", ""buy_8th_pre_req"": ""610"", ""buy_8th_pre_req_pre"": ""0"", ""buy_9th_pre_bid"": ""-9150"", ""buy_9th_pre_req"": ""380"", ""buy_9th_pre_req_pre"": ""0"", ""buy_10th_pre_bid"": ""-9140"", ""buy_10th_pre_req"": ""318"", ""buy_10th_pre_req_pre"": ""0"", ""tot_sel_req_jub_pre"": ""0"", ""tot_sel_req"": ""7294"", ""tot_buy_req"": ""10498"", ""tot_buy_req_jub_pre"": ""0"", ""ovt_sel_req_pre"": ""0"", ""ovt_sel_req"": ""0"", ""ovt_buy_req"": ""0"", ""ovt_buy_req_pre"": ""0"", ""return_code"": 0, ""return_msg"": ""정상적으로 처리되었습니다""}"
2026-06-10,scan_candidate,004710,,0,main_scan,10750,,10750,10710,10750,10800,0.0,0.37209302325581395,,,,,,"{""bid_req_base_tm"": ""114113"", ""sel_10th_pre_req_pre"": ""0"", ""sel_10th_pre_req"": ""1198"", ""sel_10th_pre_bid"": ""+11010"", ""sel_9th_pre_req_pre"": ""0"", ""sel_9th_pre_req"": ""171"", ""sel_9th_pre_bid"": ""+11000"", ""sel_8th_pre_req_pre"": ""0"", ""sel_8th_pre_req"": ""1002"", ""sel_8th_pre_bid"": ""+10990"", ""sel_7th_pre_req_pre"": ""0"", ""sel_7th_pre_req"": ""70"", ""sel_7th_pre_bid"": ""+10900"", ""sel_6th_pre_req_pre"": ""0"", ""sel_6th_pre_req"": ""20"", ""sel_6th_pre_bid"": ""+10880"", ""sel_5th_pre_req_pre"": ""0"", ""sel_5th_pre_req"": ""200"", ""sel_5th_pre_bid"": ""+10850"", ""sel_4th_pre_req_pre"": ""0"", ""sel_4th_pre_req"": ""466"", ""sel_4th_pre_bid"": ""+10810"", ""sel_3th_pre_req_pre"": ""0"", ""sel_3th_pre_req"": ""1"", ""sel_3th_pre_bid"": ""+10800"", ""sel_2th_pre_req_pre"": ""0"", ""sel_2th_pre_req"": ""52"", ""sel_2th_pre_bid"": ""+10790"", ""sel_1th_pre_req_pre"": ""0"", ""sel_fpr_req"": ""72"", ""sel_fpr_bid"": ""+10750"", ""buy_fpr_bid"": ""+10710"", ""buy_fpr_req"": ""21"", ""buy_1th_pre_req_pre"": ""0"", ""buy_2th_pre_bid"": ""+10700"", ""buy_2th_pre_req"": ""254"", ""buy_2th_pre_req_pre"": ""0"", ""buy_3th_pre_bid"": ""+10690"", ""buy_3th_pre_req"": ""18"", ""buy_3th_pre_req_pre"": ""0"", ""buy_4th_pre_bid"": ""+10680"", ""buy_4th_pre_req"": ""17"", ""buy_4th_pre_req_pre"": ""0"", ""buy_5th_pre_bid"": ""+10670"", ""buy_5th_pre_req"": ""29"", ""buy_5th_pre_req_pre"": ""0"", ""buy_6th_pre_bid"": ""+10660"", ""buy_6th_pre_req"": ""99"", ""buy_6th_pre_req_pre"": ""--56"", ""buy_7th_pre_bid"": ""+10650"", ""buy_7th_pre_req"": ""329"", ""buy_7th_pre_req_pre"": ""0"", ""buy_8th_pre_bid"": ""+10630"", ""buy_8th_pre_req"": ""95"", ""buy_8th_pre_req_pre"": ""--219"", ""buy_9th_pre_bid"": ""10620"", ""buy_9th_pre_req"": ""28"", ""buy_9th_pre_req_pre"": ""0"", ""buy_10th_pre_bid"": ""-10610"", ""buy_10th_pre_req"": ""304"", ""buy_10th_pre_req_pre"": ""0"", ""tot_sel_req_jub_pre"": ""0"", ""tot_sel_req"": ""3252"", ""tot_buy_req"": ""1194"", ""tot_buy_req_jub_pre"": ""--275"", ""ovt_sel_req_pre"": ""0"", ""ovt_sel_req"": ""0"", ""ovt_buy_req"": ""0"", ""ovt_buy_req_pre"": ""0"", ""return_code"": 0, ""return_msg"": ""정상적으로 처리되었습니다""}"
2026-06-10,scan_candidate,006220,,0,main_scan,11840,,11840,11830,11840,11900,0.08445945945945946,0.08445945945945946,,,,,,"{""bid_req_base_tm"": ""114115"", ""sel_10th_pre_req_pre"": ""0"", ""sel_10th_pre_req"": ""243"", ""sel_10th_pre_bid"": ""+12010"", ""sel_9th_pre_req_pre"": ""0"", ""sel_9th_pre_req"": ""1240"", ""sel_9th_pre_bid"": ""+12000"", ""sel_8th_pre_req_pre"": ""0"", ""sel_8th_pre_req"": ""200"", ""sel_8th_pre_bid"": ""+11990"", ""sel_7th_pre_req_pre"": ""0"", ""sel_7th_pre_req"": ""762"", ""sel_7th_pre_bid"": ""+11980"", ""sel_6th_pre_req_pre"": ""0"", ""sel_6th_pre_req"": ""769"", ""sel_6th_pre_bid"": ""+11970"", ""sel_5th_pre_req_pre"": ""0"", ""sel_5th_pre_req"": ""43"", ""sel_5th_pre_bid"": ""+11900"", ""sel_4th_pre_req_pre"": ""0"", ""sel_4th_pre_req"": ""421"", ""sel_4th_pre_bid"": ""+11890"", ""sel_3th_pre_req_pre"": ""0"", ""sel_3th_pre_req"": ""321"", ""sel_3th_pre_bid"": ""+11880"", ""sel_2th_pre_req_pre"": ""0"", ""sel_2th_pre_req"": ""57"", ""sel_2th_pre_bid"": ""+11870"", ""sel_1th_pre_req_pre"": ""0"", ""sel_fpr_req"": ""415"", ""sel_fpr_bid"": ""+11840"", ""buy_fpr_bid"": ""+11830"", ""buy_fpr_req"": ""648"", ""buy_1th_pre_req_pre"": ""--421"", ""buy_2th_pre_bid"": ""+11820"", ""buy_2th_pre_req"": ""2548"", ""buy_2th_pre_req_pre"": ""0"", ""buy_3th_pre_bid"": ""+11810"", ""buy_3th_pre_req"": ""2795"", ""buy_3th_pre_req_pre"": ""0"", ""buy_4th_pre_bid"": ""+11800"", ""buy_4th_pre_req"": ""858"", ""buy_4th_pre_req_pre"": ""0"", ""buy_5th_pre_bid"": ""+11790"", ""buy_5th_pre_req"": ""969"", ""buy_5th_pre_req_pre"": ""0"", ""buy_6th_pre_bid"": ""+11780"", ""buy_6th_pre_req"": ""1075"", ""buy_6th_pre_req_pre"": ""0"", ""buy_7th_pre_bid"": ""+11770"", ""buy_7th_pre_req"": ""1538"", ""buy_7th_pre_req_pre"": ""0"", ""buy_8th_pre_bid"": ""+11760"", ""buy_8th_pre_req"": ""1995"", ""buy_8th_pre_req_pre"": ""0"", ""buy_9th_pre_bid"": ""+11750"", ""buy_9th_pre_req"": ""597"", ""buy_9th_pre_req_pre"": ""0"", ""buy_10th_pre_bid"": ""+11740"", ""buy_10th_pre_req"": ""671"", ""buy_10th_pre_req_pre"": ""0"", ""tot_sel_req_jub_pre"": ""0"", ""tot_sel_req"": ""4471"", ""tot_buy_req"": ""13694"", ""tot_buy_req_jub_pre"": ""--421"", ""ovt_sel_req_pre"": ""0"", ""ovt_sel_req"": ""0"", ""ovt_buy_req"": ""0"", ""ovt_buy_req_pre"": ""0"", ""return_code"": 0, ""return_msg"": ""정상적으로 처리되었습니다""}"
2026-06-10,scan_candidate,092200,,0,main_scan,9440,,9440,9430,9440,9470,0.211864406779661,0.1059322033898305,,,,,,"{""bid_req_base_tm"": ""114115"", ""sel_10th_pre_req_pre"": ""0"", ""sel_10th_pre_req"": ""65"", ""sel_10th_pre_bid"": ""-9540"", ""sel_9th_pre_req_pre"": ""0"", ""sel_9th_pre_req"": ""16"", ""sel_9th_pre_bid"": ""-9530"", ""sel_8th_pre_req_pre"": ""0"", ""sel_8th_pre_req"": ""265"", ""sel_8th_pre_bid"": ""-9520"", ""sel_7th_pre_req_pre"": ""0"", ""sel_7th_pre_req"": ""220"", ""sel_7th_pre_bid"": ""-9510"", ""sel_6th_pre_req_pre"": ""0"", ""sel_6th_pre_req"": ""398"", ""sel_6th_pre_bid"": ""-9500"", ""sel_5th_pre_req_pre"": ""0"", ""sel_5th_pre_req"": ""150"", ""sel_5th_pre_bid"": ""-9490"", ""sel_4th_pre_req_pre"": ""0"", ""sel_4th_pre_req"": ""5"", ""sel_4th_pre_bid"": ""-9480"", ""sel_3th_pre_req_pre"": ""0"", ""sel_3th_pre_req"": ""503"", ""sel_3th_pre_bid"": ""-9460"", ""sel_2th_pre_req_pre"": ""0"", ""sel_2th_pre_req"": ""3"", ""sel_2th_pre_bid"": ""-9450"", ""sel_1th_pre_req_pre"": ""0"", ""sel_fpr_req"": ""15"", ""sel_fpr_bid"": ""-9440"", ""buy_fpr_bid"": ""-9430"", ""buy_fpr_req"": ""149"", ""buy_1th_pre_req_pre"": ""+35"", ""buy_2th_pre_bid"": ""-9410"", ""buy_2th_pre_req"": ""2319"", ""buy_2th_pre_req_pre"": ""0"", ""buy_3th_pre_bid"": ""-9400"", ""buy_3th_pre_req"": ""1070"", ""buy_3th_pre_req_pre"": ""0"", ""buy_4th_pre_bid"": ""-9390"", ""buy_4th_pre_req"": ""3677"", ""buy_4th_pre_req_pre"": ""0"", ""buy_5th_pre_bid"": ""-9380"", ""buy_5th_pre_req"": ""785"", ""buy_5th_pre_req_pre"": ""0"", ""buy_6th_pre_bid"": ""-9370"", ""buy_6th_pre_req"": ""804"", ""buy_6th_pre_req_pre"": ""0"", ""buy_7th_pre_bid"": ""-9360"", ""buy_7th_pre_req"": ""819"", ""buy_7th_pre_req_pre"": ""0"", ""buy_8th_pre_bid"": ""-9350"", ""buy_8th_pre_req"": ""1351"", ""buy_8th_pre_req_pre"": ""0"", ""buy_9th_pre_bid"": ""-9340"", ""buy_9th_pre_req"": ""958"", ""buy_9th_pre_req_pre"": ""0"", ""buy_10th_pre_bid"": ""-9330"", ""buy_10th_pre_req"": ""1368"", ""buy_10th_pre_req_pre"": ""0"", ""tot_sel_req_jub_pre"": ""0"", ""tot_sel_req"": ""1640"", ""tot_buy_req"": ""13300"", ""tot_buy_req_jub_pre"": ""+35"", ""ovt_sel_req_pre"": ""0"", ""ovt_sel_req"": ""0"", ""ovt_buy_req"": ""0"", ""ovt_buy_req_pre"": ""0"", ""return_code"": 0, ""return_msg"": ""정상적으로 처리되었습니다""}"
2026-06-10,scan_candidate,000430,,0,main_scan,5600,,5600,5590,5600,5610,0.0,0.17857142857142858,,,,,,"{""bid_req_base_tm"": ""114115"", ""sel_10th_pre_req_pre"": ""0"", ""sel_10th_pre_req"": ""1081"", ""sel_10th_pre_bid"": ""-5690"", ""sel_9th_pre_req_pre"": ""0"", ""sel_9th_pre_req"": ""1539"", ""sel_9th_pre_bid"": ""-5680"", ""sel_8th_pre_req_pre"": ""0"", ""sel_8th_pre_req"": ""1175"", ""sel_8th_pre_bid"": ""-5670"", ""sel_7th_pre_req_pre"": ""0"", ""sel_7th_pre_req"": ""59"", ""sel_7th_pre_bid"": ""-5660"", ""sel_6th_pre_req_pre"": ""0"", ""sel_6th_pre_req"": ""4835"", ""sel_6th_pre_bid"": ""-5650"", ""sel_5th_pre_req_pre"": ""0"", ""sel_5th_pre_req"": ""103"", ""sel_5th_pre_bid"": ""-5640"", ""sel_4th_pre_req_pre"": ""0"", ""sel_4th_pre_req"": ""1257"", ""sel_4th_pre_bid"": ""-5630"", ""sel_3th_pre_req_pre"": ""0"", ""sel_3th_pre_req"": ""67"", ""sel_3th_pre_bid"": ""-5620"", ""sel_2th_pre_req_pre"": ""0"", ""sel_2th_pre_req"": ""489"", ""sel_2th_pre_bid"": ""-5610"", ""sel_1th_pre_req_pre"": ""0"", ""sel_fpr_req"": ""919"", ""sel_fpr_bid"": ""-5600"", ""buy_fpr_bid"": ""-5590"", ""buy_fpr_req"": ""100"", ""buy_1th_pre_req_pre"": ""0"", ""buy_2th_pre_bid"": ""-5580"", ""buy_2th_pre_req"": ""535"", ""buy_2th_pre_req_pre"": ""0"", ""buy_3th_pre_bid"": ""-5570"", ""buy_3th_pre_req"": ""406"", ""buy_3th_pre_req_pre"": ""0"", ""buy_4th_pre_bid"": ""-5560"", ""buy_4th_pre_req"": ""4387"", ""buy_4th_pre_req_pre"": ""0"", ""buy_5th_pre_bid"": ""-5550"", ""buy_5th_pre_req"": ""3262"", ""buy_5th_pre_req_pre"": ""0"", ""buy_6th_pre_bid"": ""-5540"", ""buy_6th_pre_req"": ""2508"", ""buy_6th_pre_req_pre"": ""0"", ""buy_7th_pre_bid"": ""-5530"", ""buy_7th_pre_req"": ""9387"", ""buy_7th_pre_req_pre"": ""0"", ""buy_8th_pre_bid"": ""-5520"", ""buy_8th_pre_req"": ""8536"", ""buy_8th_pre_req_pre"": ""0"", ""buy_9th_pre_bid"": ""-5510"", ""buy_9th_pre_req"": ""7823"", ""buy_9th_pre_req_pre"": ""0"", ""buy_10th_pre_bid"": ""-5500"", ""buy_10th_pre_req"": ""31086"", ""buy_10th_pre_req_pre"": ""0"", ""tot_sel_req_jub_pre"": ""0"", ""tot_sel_req"": ""11524"", ""tot_buy_req"": ""68030"", ""tot_buy_req_jub_pre"": ""--14082"", ""ovt_sel_req_pre"": ""0"", ""ovt_sel_req"": ""0"", ""ovt_buy_req"": ""0"", ""ovt_buy_req_pre"": ""0"", ""return_code"": 0, ""return_msg"": ""정상적으로 처리되었습니다""}"
2026-06-10,scan_candidate,010690,,0,main_scan,10440,,10440,10420,10440,10450,-0.38314176245210724,0.19157088122605362,,,,,,"{""bid_req_base_tm"": ""114114"", ""sel_10th_pre_req_pre"": ""0"", ""sel_10th_pre_req"": ""13"", ""sel_10th_pre_bid"": ""+10530"", ""sel_9th_pre_req_pre"": ""0"", ""sel_9th_pre_req"": ""12"", ""sel_9th_pre_bid"": ""+10520"", ""sel_8th_pre_req_pre"": ""0"", ""sel_8th_pre_req"": ""515"", ""sel_8th_pre_bid"": ""+10510"", ""sel_7th_pre_req_pre"": ""0"", ""sel_7th_pre_req"": ""37"", ""sel_7th_pre_bid"": ""+10500"", ""sel_6th_pre_req_pre"": ""0"", ""sel_6th_pre_req"": ""50"", ""sel_6th_pre_bid"": ""+10490"", ""sel_5th_pre_req_pre"": ""0"", ""sel_5th_pre_req"": ""1"", ""sel_5th_pre_bid"": ""+10480"", ""sel_4th_pre_req_pre"": ""0"", ""sel_4th_pre_req"": ""58"", ""sel_4th_pre_bid"": ""+10470"", ""sel_3th_pre_req_pre"": ""0"", ""sel_3th_pre_req"": ""287"", ""sel_3th_pre_bid"": ""+10460"", ""sel_2th_pre_req_pre"": ""0"", ""sel_2th_pre_req"": ""359"", ""sel_2th_pre_bid"": ""+10450"", ""sel_1th_pre_req_pre"": ""0"", ""sel_fpr_req"": ""66"", ""sel_fpr_bid"": ""+10440"", ""buy_fpr_bid"": ""+10420"", ""buy_fpr_req"": ""72"", ""buy_1th_pre_req_pre"": ""+1"", ""buy_2th_pre_bid"": ""+10410"", ""buy_2th_pre_req"": ""219"", ""buy_2th_pre_req_pre"": ""0"", ""buy_3th_pre_bid"": ""+10400"", ""buy_3th_pre_req"": ""1069"", ""buy_3th_pre_req_pre"": ""0"", ""buy_4th_pre_bid"": ""+10390"", ""buy_4th_pre_req"": ""209"", ""buy_4th_pre_req_pre"": ""0"", ""buy_5th_pre_bid"": ""+10380"", ""buy_5th_pre_req"": ""645"", ""buy_5th_pre_req_pre"": ""0"", ""buy_6th_pre_bid"": ""+10370"", ""buy_6th_pre_req"": ""164"", ""buy_6th_pre_req_pre"": ""0"", ""buy_7th_pre_bid"": ""+10360"", ""buy_7th_pre_req"": ""316"", ""buy_7th_pre_req_pre"": ""0"", ""buy_8th_pre_bid"": ""+10350"", ""buy_8th_pre_req"": ""202"", ""buy_8th_pre_req_pre"": ""0"", ""buy_9th_pre_bid"": ""+10340"", ""buy_9th_pre_req"": ""598"", ""buy_9th_pre_req_pre"": ""0"", ""buy_10th_pre_bid"": ""+10330"", ""buy_10th_pre_req"": ""103"", ""buy_10th_pre_req_pre"": ""0"", ""tot_sel_req_jub_pre"": ""0"", ""tot_sel_req"": ""1398"", ""tot_buy_req"": ""3597"", ""tot_buy_req_jub_pre"": ""+1"", ""ovt_sel_req_pre"": ""0"", ""ovt_sel_req"": ""0"", ""ovt_buy_req"": ""0"", ""ovt_buy_req_pre"": ""0"", ""return_code"": 0, ""return_msg"": ""정상적으로 처리되었습니다""}"
2026-06-10,scan_candidate,005950,,0,main_scan,12000,,12000,11970,12000,11950,-0.8333333333333334,0.25,,,,,,"{""bid_req_base_tm"": ""114113"", ""sel_10th_pre_req_pre"": ""0"", ""sel_10th_pre_req"": ""149"", ""sel_10th_pre_bid"": ""+12130"", ""sel_9th_pre_req_pre"": ""0"", ""sel_9th_pre_req"": ""1002"", ""sel_9th_pre_bid"": ""+12120"", ""sel_8th_pre_req_pre"": ""0"", ""sel_8th_pre_req"": ""1"", ""sel_8th_pre_bid"": ""+12110"", ""sel_7th_pre_req_pre"": ""0"", ""sel_7th_pre_req"": ""161"", ""sel_7th_pre_bid"": ""+12100"", ""sel_6th_pre_req_pre"": ""0"", ""sel_6th_pre_req"": ""233"", ""sel_6th_pre_bid"": ""+12080"", ""sel_5th_pre_req_pre"": ""0"", ""sel_5th_pre_req"": ""100"", ""sel_5th_pre_bid"": ""+12070"", ""sel_4th_pre_req_pre"": ""0"", ""sel_4th_pre_req"": ""501"", ""sel_4th_pre_bid"": ""+12050"", ""sel_3th_pre_req_pre"": ""0"", ""sel_3th_pre_req"": ""123"", ""sel_3th_pre_bid"": ""+12020"", ""sel_2th_pre_req_pre"": ""0"", ""sel_2th_pre_req"": ""2"", ""sel_2th_pre_bid"": ""+12010"", ""sel_1th_pre_req_pre"": ""0"", ""sel_fpr_req"": ""14"", ""sel_fpr_bid"": ""+12000"", ""buy_fpr_bid"": ""+11970"", ""buy_fpr_req"": ""72"", ""buy_1th_pre_req_pre"": ""0"", ""buy_2th_pre_bid"": ""+11940"", ""buy_2th_pre_req"": ""28"", ""buy_2th_pre_req_pre"": ""0"", ""buy_3th_pre_bid"": ""+11920"", ""buy_3th_pre_req"": ""20"", ""buy_3th_pre_req_pre"": ""0"", ""buy_4th_pre_bid"": ""+11910"", ""buy_4th_pre_req"": ""801"", ""buy_4th_pre_req_pre"": ""0"", ""buy_5th_pre_bid"": ""+11900"", ""buy_5th_pre_req"": ""1001"", ""buy_5th_pre_req_pre"": ""0"", ""buy_6th_pre_bid"": ""+11880"", ""buy_6th_pre_req"": ""40"", ""buy_6th_pre_req_pre"": ""0"", ""buy_7th_pre_bid"": ""+11860"", ""buy_7th_pre_req"": ""102"", ""buy_7th_pre_req_pre"": ""0"", ""buy_8th_pre_bid"": ""+11850"", ""buy_8th_pre_req"": ""195"", ""buy_8th_pre_req_pre"": ""0"", ""buy_9th_pre_bid"": ""+11840"", ""buy_9th_pre_req"": ""3"", ""buy_9th_pre_req_pre"": ""0"", ""buy_10th_pre_bid"": ""+11830"", ""buy_10th_pre_req"": ""52"", ""buy_10th_pre_req_pre"": ""0"", ""tot_sel_req_jub_pre"": ""0"", ""tot_sel_req"": ""2286"", ""tot_buy_req"": ""2314"", ""tot_buy_req_jub_pre"": ""0"", ""ovt_sel_req_pre"": ""0"", ""ovt_sel_req"": ""0"", ""ovt_buy_req"": ""0"", ""ovt_buy_req_pre"": ""0"", ""return_code"": 0, ""return_msg"": ""정상적으로 처리되었습니다""}"
2026-06-10,watchlist,014680,,0,filtered_candidate_recheck,261000,,261000,260500,261000,262000,0.19157088122605362,0.19157088122605362,,,,,,"{""bid_req_base_tm"": ""114303"", ""sel_10th_pre_req_pre"": ""0"", ""sel_10th_pre_req"": ""25"", ""sel_10th_pre_bid"": ""+265500"", ""sel_9th_pre_req_pre"": ""0"", ""sel_9th_pre_req"": ""41"", ""sel_9th_pre_bid"": ""+265000"", ""sel_8th_pre_req_pre"": ""0"", ""sel_8th_pre_req"": ""16"", ""sel_8th_pre_bid"": ""+264500"", ""sel_7th_pre_req_pre"": ""0"", ""sel_7th_pre_req"": ""86"", ""sel_7th_pre_bid"": ""+264000"", ""sel_6th_pre_req_pre"": ""0"", ""sel_6th_pre_req"": ""13"", ""sel_6th_pre_bid"": ""+263500"", ""sel_5th_pre_req_pre"": ""0"", ""sel_5th_pre_req"": ""10"", ""sel_5th_pre_bid"": ""+263000"", ""sel_4th_pre_req_pre"": ""0"", ""sel_4th_pre_req"": ""5"", ""sel_4th_pre_bid"": ""+262500"", ""sel_3th_pre_req_pre"": ""0"", ""sel_3th_pre_req"": ""2"", ""sel_3th_pre_bid"": ""+262000"", ""sel_2th_pre_req_pre"": ""0"", ""sel_2th_pre_req"": ""21"", ""sel_2th_pre_bid"": ""+261500"", ""sel_1th_pre_req_pre"": ""0"", ""sel_fpr_req"": ""38"", ""sel_fpr_bid"": ""+261000"", ""buy_fpr_bid"": ""+260500"", ""buy_fpr_req"": ""44"", ""buy_1th_pre_req_pre"": ""+4"", ""buy_2th_pre_bid"": ""+260000"", ""buy_2th_pre_req"": ""21"", ""buy_2th_pre_req_pre"": ""0"", ""buy_3th_pre_bid"": ""+259500"", ""buy_3th_pre_req"": ""51"", ""buy_3th_pre_req_pre"": ""0"", ""buy_4th_pre_bid"": ""+259000"", ""buy_4th_pre_req"": ""236"", ""buy_4th_pre_req_pre"": ""0"", ""buy_5th_pre_bid"": ""+258500"", ""buy_5th_pre_req"": ""202"", ""buy_5th_pre_req_pre"": ""0"", ""buy_6th_pre_bid"": ""+258000"", ""buy_6th_pre_req"": ""245"", ""buy_6th_pre_req_pre"": ""0"", ""buy_7th_pre_bid"": ""+257500"", ""buy_7th_pre_req"": ""203"", ""buy_7th_pre_req_pre"": ""0"", ""buy_8th_pre_bid"": ""+257000"", ""buy_8th_pre_req"": ""204"", ""buy_8th_pre_req_pre"": ""0"", ""buy_9th_pre_bid"": ""+256500"", ""buy_9th_pre_req"": ""207"", ""buy_9th_pre_req_pre"": ""0"", ""buy_10th_pre_bid"": ""+256000"", ""buy_10th_pre_req"": ""203"", ""buy_10th_pre_req_pre"": ""0"", ""tot_sel_req_jub_pre"": ""0"", ""tot_sel_req"": ""257"", ""tot_buy_req"": ""1616"", ""tot_buy_req_jub_pre"": ""+4"", ""ovt_sel_req_pre"": ""0"", ""ovt_sel_req"": ""0"", ""ovt_buy_req"": ""0"", ""ovt_buy_req_pre"": ""0"", ""return_code"": 0, ""return_msg"": ""정상적으로 처리되었습니다""}"
2026-06-10,watchlist,035420,,1,filtered_candidate_recheck,232500,,232500,232000,232500,233500,0.21505376344086022,0.21505376344086022,,,,,,"{""bid_req_base_tm"": ""114303"", ""sel_10th_pre_req_pre"": ""0"", ""sel_10th_pre_req"": ""2379"", ""sel_10th_pre_bid"": ""-237000"", ""sel_9th_pre_req_pre"": ""0"", ""sel_9th_pre_req"": ""4244"", ""sel_9th_pre_bid"": ""-236500"", ""sel_8th_pre_req_pre"": ""0"", ""sel_8th_pre_req"": ""3700"", ""sel_8th_pre_bid"": ""-236000"", ""sel_7th_pre_req_pre"": ""0"", ""sel_7th_pre_req"": ""2576"", ""sel_7th_pre_bid"": ""-235500"", ""sel_6th_pre_req_pre"": ""0"", ""sel_6th_pre_req"": ""2071"", ""sel_6th_pre_bid"": ""-235000"", ""sel_5th_pre_req_pre"": ""0"", ""sel_5th_pre_req"": ""2116"", ""sel_5th_pre_bid"": ""-234500"", ""sel_4th_pre_req_pre"": ""0"", ""sel_4th_pre_req"": ""1695"", ""sel_4th_pre_bid"": ""-234000"", ""sel_3th_pre_req_pre"": ""0"", ""sel_3th_pre_req"": ""1575"", ""sel_3th_pre_bid"": ""-233500"", ""sel_2th_pre_req_pre"": ""0"", ""sel_2th_pre_req"": ""2245"", ""sel_2th_pre_bid"": ""-233000"", ""sel_1th_pre_req_pre"": ""0"", ""sel_fpr_req"": ""4615"", ""sel_fpr_bid"": ""-232500"", ""buy_fpr_bid"": ""-232000"", ""buy_fpr_req"": ""1466"", ""buy_1th_pre_req_pre"": ""0"", ""buy_2th_pre_bid"": ""-231500"", ""buy_2th_pre_req"": ""3501"", ""buy_2th_pre_req_pre"": ""0"", ""buy_3th_pre_bid"": ""-231000"", ""buy_3th_pre_req"": ""7062"", ""buy_3th_pre_req_pre"": ""0"", ""buy_4th_pre_bid"": ""-230500"", ""buy_4th_pre_req"": ""23616"", ""buy_4th_pre_req_pre"": ""+5"", ""buy_5th_pre_bid"": ""-230000"", ""buy_5th_pre_req"": ""69280"", ""buy_5th_pre_req_pre"": ""0"", ""buy_6th_pre_bid"": ""-229500"", ""buy_6th_pre_req"": ""6951"", ""buy_6th_pre_req_pre"": ""0"", ""buy_7th_pre_bid"": ""-229000"", ""buy_7th_pre_req"": ""9461"", ""buy_7th_pre_req_pre"": ""0"", ""buy_8th_pre_bid"": ""-228500"", ""buy_8th_pre_req"": ""9040"", ""buy_8th_pre_req_pre"": ""0"", ""buy_9th_pre_bid"": ""-228000"", ""buy_9th_pre_req"": ""9287"", ""buy_9th_pre_req_pre"": ""--2"", ""buy_10th_pre_bid"": ""-227500"", ""buy_10th_pre_req"": ""4591"", ""buy_10th_pre_req_pre"": ""0"", ""tot_sel_req_jub_pre"": ""0"", ""tot_sel_req"": ""27216"", ""tot_buy_req"": ""144255"", ""tot_buy_req_jub_pre"": ""+3"", ""ovt_sel_req_pre"": ""0"", ""ovt_sel_req"": ""0"", ""ovt_buy_req"": ""0"", ""ovt_buy_req_pre"": ""0"", ""return_code"": 0, ""return_msg"": ""정상적으로 처리되었습니다""}"
2026-06-10,watchlist,036570,,0,filtered_candidate_recheck,257000,,257000,256500,257000,257500,0.0,0.19455252918287938,,,,,,"{""bid_req_base_tm"": ""114303"", ""sel_10th_pre_req_pre"": ""0"", ""sel_10th_pre_req"": ""433"", ""sel_10th_pre_bid"": ""-261500"", ""sel_9th_pre_req_pre"": ""0"", ""sel_9th_pre_req"": ""288"", ""sel_9th_pre_bid"": ""-261000"", ""sel_8th_pre_req_pre"": ""0"", ""sel_8th_pre_req"": ""110"", ""sel_8th_pre_bid"": ""-260500"", ""sel_7th_pre_req_pre"": ""0"", ""sel_7th_pre_req"": ""83"", ""sel_7th_pre_bid"": ""-260000"", ""sel_6th_pre_req_pre"": ""0"", ""sel_6th_pre_req"": ""76"", ""sel_6th_pre_bid"": ""-259500"", ""sel_5th_pre_req_pre"": ""0"", ""sel_5th_pre_req"": ""41"", ""sel_5th_pre_bid"": ""-259000"", ""sel_4th_pre_req_pre"": ""0"", ""sel_4th_pre_req"": ""51"", ""sel_4th_pre_bid"": ""-258500"", ""sel_3th_pre_req_pre"": ""0"", ""sel_3th_pre_req"": ""18"", ""sel_3th_pre_bid"": ""-258000"", ""sel_2th_pre_req_pre"": ""0"", ""sel_2th_pre_req"": ""68"", ""sel_2th_pre_bid"": ""-257500"", ""sel_1th_pre_req_pre"": ""+23"", ""sel_fpr_req"": ""44"", ""sel_fpr_bid"": ""-257000"", ""buy_fpr_bid"": ""-256500"", ""buy_fpr_req"": ""37"", ""buy_1th_pre_req_pre"": ""0"", ""buy_2th_pre_bid"": ""-256000"", ""buy_2th_pre_req"": ""65"", ""buy_2th_pre_req_pre"": ""0"", ""buy_3th_pre_bid"": ""-255500"", ""buy_3th_pre_req"": ""141"", ""buy_3th_pre_req_pre"": ""0"", ""buy_4th_pre_bid"": ""-255000"", ""buy_4th_pre_req"": ""169"", ""buy_4th_pre_req_pre"": ""0"", ""buy_5th_pre_bid"": ""-254500"", ""buy_5th_pre_req"": ""611"", ""buy_5th_pre_req_pre"": ""0"", ""buy_6th_pre_bid"": ""-254000"", ""buy_6th_pre_req"": ""377"", ""buy_6th_pre_req_pre"": ""0"", ""buy_7th_pre_bid"": ""-253500"", ""buy_7th_pre_req"": ""581"", ""buy_7th_pre_req_pre"": ""0"", ""buy_8th_pre_bid"": ""-253000"", ""buy_8th_pre_req"": ""734"", ""buy_8th_pre_req_pre"": ""0"", ""buy_9th_pre_bid"": ""-252500"", ""buy_9th_pre_req"": ""297"", ""buy_9th_pre_req_pre"": ""0"", ""buy_10th_pre_bid"": ""-252000"", ""buy_10th_pre_req"": ""222"", ""buy_10th_pre_req_pre"": ""0"", ""tot_sel_req_jub_pre"": ""+23"", ""tot_sel_req"": ""1212"", ""tot_buy_req"": ""3234"", ""tot_buy_req_jub_pre"": ""0"", ""ovt_sel_req_pre"": ""0"", ""ovt_sel_req"": ""0"", ""ovt_buy_req"": ""0"", ""ovt_buy_req_pre"": ""0"", ""return_code"": 0, ""return_msg"": ""정상적으로 처리되었습니다""}"
2026-06-10,watchlist,005090,,1,filtered_candidate_recheck,51600,,51600,51500,51600,51700,0.0,0.1937984496124031,,,,,,"{""bid_req_base_tm"": ""114258"", ""sel_10th_pre_req_pre"": ""0"", ""sel_10th_pre_req"": ""16"", ""sel_10th_pre_bid"": ""+52600"", ""sel_9th_pre_req_pre"": ""0"", ""sel_9th_pre_req"": ""1"", ""sel_9th_pre_bid"": ""+52500"", ""sel_8th_pre_req_pre"": ""0"", ""sel_8th_pre_req"": ""2"", ""sel_8th_pre_bid"": ""+52400"", ""sel_7th_pre_req_pre"": ""0"", ""sel_7th_pre_req"": ""10"", ""sel_7th_pre_bid"": ""+52300"", ""sel_6th_pre_req_pre"": ""0"", ""sel_6th_pre_req"": ""1"", ""sel_6th_pre_bid"": ""+52200"", ""sel_5th_pre_req_pre"": ""0"", ""sel_5th_pre_req"": ""57"", ""sel_5th_pre_bid"": ""+52000"", ""sel_4th_pre_req_pre"": ""0"", ""sel_4th_pre_req"": ""2"", ""sel_4th_pre_bid"": ""+51900"", ""sel_3th_pre_req_pre"": ""0"", ""sel_3th_pre_req"": ""97"", ""sel_3th_pre_bid"": ""+51800"", ""sel_2th_pre_req_pre"": ""0"", ""sel_2th_pre_req"": ""221"", ""sel_2th_pre_bid"": ""+51700"", ""sel_1th_pre_req_pre"": ""+14"", ""sel_fpr_req"": ""85"", ""sel_fpr_bid"": ""+51600"", ""buy_fpr_bid"": ""+51500"", ""buy_fpr_req"": ""1"", ""buy_1th_pre_req_pre"": ""0"", ""buy_2th_pre_bid"": ""+51400"", ""buy_2th_pre_req"": ""44"", ""buy_2th_pre_req_pre"": ""0"", ""buy_3th_pre_bid"": ""+51300"", ""buy_3th_pre_req"": ""344"", ""buy_3th_pre_req_pre"": ""0"", ""buy_4th_pre_bid"": ""+51200"", ""buy_4th_pre_req"": ""84"", ""buy_4th_pre_req_pre"": ""0"", ""buy_5th_pre_bid"": ""+51100"", ""buy_5th_pre_req"": ""5"", ""buy_5th_pre_req_pre"": ""0"", ""buy_6th_pre_bid"": ""+51000"", ""buy_6th_pre_req"": ""6"", ""buy_6th_pre_req_pre"": ""0"", ""buy_7th_pre_bid"": ""+50900"", ""buy_7th_pre_req"": ""220"", ""buy_7th_pre_req_pre"": ""0"", ""buy_8th_pre_bid"": ""+50800"", ""buy_8th_pre_req"": ""203"", ""buy_8th_pre_req_pre"": ""0"", ""buy_9th_pre_bid"": ""+50700"", ""buy_9th_pre_req"": ""271"", ""buy_9th_pre_req_pre"": ""0"", ""buy_10th_pre_bid"": ""+50600"", ""buy_10th_pre_req"": ""741"", ""buy_10th_pre_req_pre"": ""0"", ""tot_sel_req_jub_pre"": ""+14"", ""tot_sel_req"": ""492"", ""tot_buy_req"": ""1919"", ""tot_buy_req_jub_pre"": ""0"", ""ovt_sel_req_pre"": ""0"", ""ovt_sel_req"": ""0"", ""ovt_buy_req"": ""0"", ""ovt_buy_req_pre"": ""0"", ""return_code"": 0, ""return_msg"": ""정상적으로 처리되었습니다""}"
2026-06-10,watchlist,066570,,0,filtered_candidate_recheck,229000,,229000,228500,229000,230000,0.21834061135371177,0.21834061135371177,,,,,,"{""bid_req_base_tm"": ""114304"", ""sel_10th_pre_req_pre"": ""0"", ""sel_10th_pre_req"": ""4511"", ""sel_10th_pre_bid"": ""-233500"", ""sel_9th_pre_req_pre"": ""0"", ""sel_9th_pre_req"": ""3484"", ""sel_9th_pre_bid"": ""-233000"", ""sel_8th_pre_req_pre"": ""0"", ""sel_8th_pre_req"": ""1478"", ""sel_8th_pre_bid"": ""-232500"", ""sel_7th_pre_req_pre"": ""0"", ""sel_7th_pre_req"": ""1191"", ""sel_7th_pre_bid"": ""-232000"", ""sel_6th_pre_req_pre"": ""0"", ""sel_6th_pre_req"": ""1342"", ""sel_6th_pre_bid"": ""-231500"", ""sel_5th_pre_req_pre"": ""0"", ""sel_5th_pre_req"": ""3018"", ""sel_5th_pre_bid"": ""-231000"", ""sel_4th_pre_req_pre"": ""0"", ""sel_4th_pre_req"": ""1575"", ""sel_4th_pre_bid"": ""-230500"", ""sel_3th_pre_req_pre"": ""+7"", ""sel_3th_pre_req"": ""3513"", ""sel_3th_pre_bid"": ""-230000"", ""sel_2th_pre_req_pre"": ""0"", ""sel_2th_pre_req"": ""2479"", ""sel_2th_pre_bid"": ""-229500"", ""sel_1th_pre_req_pre"": ""0"", ""sel_fpr_req"": ""4764"", ""sel_fpr_bid"": ""-229000"", ""buy_fpr_bid"": ""-228500"", ""buy_fpr_req"": ""3638"", ""buy_1th_pre_req_pre"": ""0"", ""buy_2th_pre_bid"": ""-228000"", ""buy_2th_pre_req"": ""10979"", ""buy_2th_pre_req_pre"": ""0"", ""buy_3th_pre_bid"": ""-227500"", ""buy_3th_pre_req"": ""8641"", ""buy_3th_pre_req_pre"": ""0"", ""buy_4th_pre_bid"": ""-227000"", ""buy_4th_pre_req"": ""54544"", ""buy_4th_pre_req_pre"": ""0"", ""buy_5th_pre_bid"": ""-226500"", ""buy_5th_pre_req"": ""3740"", ""buy_5th_pre_req_pre"": ""0"", ""buy_6th_pre_bid"": ""-226000"", ""buy_6th_pre_req"": ""4886"", ""buy_6th_pre_req_pre"": ""0"", ""buy_7th_pre_bid"": ""-225500"", ""buy_7th_pre_req"": ""4652"", ""buy_7th_pre_req_pre"": ""0"", ""buy_8th_pre_bid"": ""-225000"", ""buy_8th_pre_req"": ""14751"", ""buy_8th_pre_req_pre"": ""0"", ""buy_9th_pre_bid"": ""-224500"", ""buy_9th_pre_req"": ""2550"", ""buy_9th_pre_req_pre"": ""0"", ""buy_10th_pre_bid"": ""-224000"", ""buy_10th_pre_req"": ""3911"", ""buy_10th_pre_req_pre"": ""0"", ""tot_sel_req_jub_pre"": ""+7"", ""tot_sel_req"": ""27355"", ""tot_buy_req"": ""112292"", ""tot_buy_req_jub_pre"": ""0"", ""ovt_sel_req_pre"": ""0"", ""ovt_sel_req"": ""0"", ""ovt_buy_req"": ""0"", ""ovt_buy_req_pre"": ""0"", ""return_code"": 0, ""return_msg"": ""정상적으로 처리되었습니다""}"
2026-06-10,watchlist,028670,,1,filtered_candidate_recheck,5070,,5070,5060,5070,5050,-0.591715976331361,0.19723865877712032,,,,,,"{""bid_req_base_tm"": ""114304"", ""sel_10th_pre_req_pre"": ""0"", ""sel_10th_pre_req"": ""2657"", ""sel_10th_pre_bid"": ""-5160"", ""sel_9th_pre_req_pre"": ""0"", ""sel_9th_pre_req"": ""3340"", ""sel_9th_pre_bid"": ""-5150"", ""sel_8th_pre_req_pre"": ""0"", ""sel_8th_pre_req"": ""1511"", ""sel_8th_pre_bid"": ""-5140"", ""sel_7th_pre_req_pre"": ""0"", ""sel_7th_pre_req"": ""3289"", ""sel_7th_pre_bid"": ""-5130"", ""sel_6th_pre_req_pre"": ""0"", ""sel_6th_pre_req"": ""3099"", ""sel_6th_pre_bid"": ""-5120"", ""sel_5th_pre_req_pre"": ""0"", ""sel_5th_pre_req"": ""2301"", ""sel_5th_pre_bid"": ""-5110"", ""sel_4th_pre_req_pre"": ""0"", ""sel_4th_pre_req"": ""12411"", ""sel_4th_pre_bid"": ""-5100"", ""sel_3th_pre_req_pre"": ""0"", ""sel_3th_pre_req"": ""1936"", ""sel_3th_pre_bid"": ""-5090"", ""sel_2th_pre_req_pre"": ""--73"", ""sel_2th_pre_req"": ""2785"", ""sel_2th_pre_bid"": ""-5080"", ""sel_1th_pre_req_pre"": ""+746"", ""sel_fpr_req"": ""768"", ""sel_fpr_bid"": ""-5070"", ""buy_fpr_bid"": ""-5060"", ""buy_fpr_req"": ""2433"", ""buy_1th_pre_req_pre"": ""0"", ""buy_2th_pre_bid"": ""-5050"", ""buy_2th_pre_req"": ""2836"", ""buy_2th_pre_req_pre"": ""0"", ""buy_3th_pre_bid"": ""-5040"", ""buy_3th_pre_req"": ""1164"", ""buy_3th_pre_req_pre"": ""0"", ""buy_4th_pre_bid"": ""-5030"", ""buy_4th_pre_req"": ""495"", ""buy_4th_pre_req_pre"": ""0"", ""buy_5th_pre_bid"": ""-5020"", ""buy_5th_pre_req"": ""727"", ""buy_5th_pre_req_pre"": ""0"", ""buy_6th_pre_bid"": ""-5010"", ""buy_6th_pre_req"": ""2944"", ""buy_6th_pre_req_pre"": ""0"", ""buy_7th_pre_bid"": ""-5000"", ""buy_7th_pre_req"": ""12530"", ""buy_7th_pre_req_pre"": ""0"", ""buy_8th_pre_bid"": ""-4995"", ""buy_8th_pre_req"": ""1191"", ""buy_8th_pre_req_pre"": ""0"", ""buy_9th_pre_bid"": ""-4990"", ""buy_9th_pre_req"": ""280"", ""buy_9th_pre_req_pre"": ""0"", ""buy_10th_pre_bid"": ""-4985"", ""buy_10th_pre_req"": ""638"", ""buy_10th_pre_req_pre"": ""0"", ""tot_sel_req_jub_pre"": ""+673"", ""tot_sel_req"": ""34097"", ""tot_buy_req"": ""25238"", ""tot_buy_req_jub_pre"": ""0"", ""ovt_sel_req_pre"": ""0"", ""ovt_sel_req"": ""0"", ""ovt_buy_req"": ""0"", ""ovt_buy_req_pre"": ""0"", ""return_code"": 0, ""return_msg"": ""정상적으로 처리되었습니다""}"
2026-06-10,watchlist,004990,,0,filtered_candidate_recheck,25650,,25650,25600,25650,25650,-0.1949317738791423,0.1949317738791423,,,,,,"{""bid_req_base_tm"": ""114300"", ""sel_10th_pre_req_pre"": ""0"", ""sel_10th_pre_req"": ""3091"", ""sel_10th_pre_bid"": ""26150"", ""sel_9th_pre_req_pre"": ""0"", ""sel_9th_pre_req"": ""402"", ""sel_9th_pre_bid"": ""-26100"", ""sel_8th_pre_req_pre"": ""0"", ""sel_8th_pre_req"": ""56"", ""sel_8th_pre_bid"": ""-26050"", ""sel_7th_pre_req_pre"": ""0"", ""sel_7th_pre_req"": ""117"", ""sel_7th_pre_bid"": ""-26000"", ""sel_6th_pre_req_pre"": ""0"", ""sel_6th_pre_req"": ""210"", ""sel_6th_pre_bid"": ""-25950"", ""sel_5th_pre_req_pre"": ""0"", ""sel_5th_pre_req"": ""2"", ""sel_5th_pre_bid"": ""-25850"", ""sel_4th_pre_req_pre"": ""0"", ""sel_4th_pre_req"": ""84"", ""sel_4th_pre_bid"": ""-25800"", ""sel_3th_pre_req_pre"": ""0"", ""sel_3th_pre_req"": ""1"", ""sel_3th_pre_bid"": ""-25750"", ""sel_2th_pre_req_pre"": ""0"", ""sel_2th_pre_req"": ""294"", ""sel_2th_pre_bid"": ""-25700"", ""sel_1th_pre_req_pre"": ""+4"", ""sel_fpr_req"": ""1429"", ""sel_fpr_bid"": ""-25650"", ""buy_fpr_bid"": ""-25600"", ""buy_fpr_req"": ""617"", ""buy_1th_pre_req_pre"": ""0"", ""buy_2th_pre_bid"": ""-25550"", ""buy_2th_pre_req"": ""1023"", ""buy_2th_pre_req_pre"": ""0"", ""buy_3th_pre_bid"": ""-25500"", ""buy_3th_pre_req"": ""1024"", ""buy_3th_pre_req_pre"": ""0"", ""buy_4th_pre_bid"": ""-25450"", ""buy_4th_pre_req"": ""609"", ""buy_4th_pre_req_pre"": ""0"", ""buy_5th_pre_bid"": ""-25400"", ""buy_5th_pre_req"": ""661"", ""buy_5th_pre_req_pre"": ""0"", ""buy_6th_pre_bid"": ""-25350"", ""buy_6th_pre_req"": ""441"", ""buy_6th_pre_req_pre"": ""0"", ""buy_7th_pre_bid"": ""-25300"", ""buy_7th_pre_req"": ""480"", ""buy_7th_pre_req_pre"": ""0"", ""buy_8th_pre_bid"": ""-25250"", ""buy_8th_pre_req"": ""822"", ""buy_8th_pre_req_pre"": ""0"", ""buy_9th_pre_bid"": ""-25200"", ""buy_9th_pre_req"": ""807"", ""buy_9th_pre_req_pre"": ""0"", ""buy_10th_pre_bid"": ""-25150"", ""buy_10th_pre_req"": ""1574"", ""buy_10th_pre_req_pre"": ""0"", ""tot_sel_req_jub_pre"": ""+4"", ""tot_sel_req"": ""5686"", ""tot_buy_req"": ""8058"", ""tot_buy_req_jub_pre"": ""0"", ""ovt_sel_req_pre"": ""0"", ""ovt_sel_req"": ""0"", ""ovt_buy_req"": ""0"", ""ovt_buy_req_pre"": ""0"", ""return_code"": 0, ""return_msg"": ""정상적으로 처리되었습니다""}"
2026-06-10,watchlist,081660,,0,filtered_candidate_recheck,40550,,40550,40400,40550,40500,-0.2466091245376079,0.36991368680641185,,,,,,"{""bid_req_base_tm"": ""114304"", ""sel_10th_pre_req_pre"": ""0"", ""sel_10th_pre_req"": ""3"", ""sel_10th_pre_bid"": ""+41050"", ""sel_9th_pre_req_pre"": ""0"", ""sel_9th_pre_req"": ""378"", ""sel_9th_pre_bid"": ""+41000"", ""sel_8th_pre_req_pre"": ""0"", ""sel_8th_pre_req"": ""301"", ""sel_8th_pre_bid"": ""+40950"", ""sel_7th_pre_req_pre"": ""0"", ""sel_7th_pre_req"": ""167"", ""sel_7th_pre_bid"": ""+40900"", ""sel_6th_pre_req_pre"": ""0"", ""sel_6th_pre_req"": ""286"", ""sel_6th_pre_bid"": ""+40800"", ""sel_5th_pre_req_pre"": ""0"", ""sel_5th_pre_req"": ""261"", ""sel_5th_pre_bid"": ""+40750"", ""sel_4th_pre_req_pre"": ""0"", ""sel_4th_pre_req"": ""111"", ""sel_4th_pre_bid"": ""+40700"", ""sel_3th_pre_req_pre"": ""0"", ""sel_3th_pre_req"": ""189"", ""sel_3th_pre_bid"": ""+40650"", ""sel_2th_pre_req_pre"": ""0"", ""sel_2th_pre_req"": ""108"", ""sel_2th_pre_bid"": ""+40600"", ""sel_1th_pre_req_pre"": ""--1"", ""sel_fpr_req"": ""84"", ""sel_fpr_bid"": ""+40550"", ""buy_fpr_bid"": ""+40400"", ""buy_fpr_req"": ""537"", ""buy_1th_pre_req_pre"": ""0"", ""buy_2th_pre_bid"": ""+40350"", ""buy_2th_pre_req"": ""28"", ""buy_2th_pre_req_pre"": ""0"", ""buy_3th_pre_bid"": ""+40250"", ""buy_3th_pre_req"": ""26"", ""buy_3th_pre_req_pre"": ""0"", ""buy_4th_pre_bid"": ""+40200"", ""buy_4th_pre_req"": ""59"", ""buy_4th_pre_req_pre"": ""0"", ""buy_5th_pre_bid"": ""+40150"", ""buy_5th_pre_req"": ""100"", ""buy_5th_pre_req_pre"": ""0"", ""buy_6th_pre_bid"": ""+40100"", ""buy_6th_pre_req"": ""200"", ""buy_6th_pre_req_pre"": ""0"", ""buy_7th_pre_bid"": ""+40050"", ""buy_7th_pre_req"": ""515"", ""buy_7th_pre_req_pre"": ""0"", ""buy_8th_pre_bid"": ""+40000"", ""buy_8th_pre_req"": ""509"", ""buy_8th_pre_req_pre"": ""0"", ""buy_9th_pre_bid"": ""+39950"", ""buy_9th_pre_req"": ""500"", ""buy_9th_pre_req_pre"": ""0"", ""buy_10th_pre_bid"": ""+39900"", ""buy_10th_pre_req"": ""7"", ""buy_10th_pre_req_pre"": ""0"", ""tot_sel_req_jub_pre"": ""--1"", ""tot_sel_req"": ""1888"", ""tot_buy_req"": ""2481"", ""tot_buy_req_jub_pre"": ""0"", ""ovt_sel_req_pre"": ""0"", ""ovt_sel_req"": ""0"", ""ovt_buy_req"": ""0"", ""ovt_buy_req_pre"": ""0"", ""return_code"": 0, ""return_msg"": ""정상적으로 처리되었습니다""}"
2026-06-10,watchlist,008770,,0,filtered_candidate_recheck,56100,,56100,55900,56100,55600,-1.06951871657754,0.35650623885918004,,,,,,"{""bid_req_base_tm"": ""114304"", ""sel_10th_pre_req_pre"": ""0"", ""sel_10th_pre_req"": ""1077"", ""sel_10th_pre_bid"": ""+57000"", ""sel_9th_pre_req_pre"": ""0"", ""sel_9th_pre_req"": ""941"", ""sel_9th_pre_bid"": ""+56900"", ""sel_8th_pre_req_pre"": ""0"", ""sel_8th_pre_req"": ""310"", ""sel_8th_pre_bid"": ""+56800"", ""sel_7th_pre_req_pre"": ""0"", ""sel_7th_pre_req"": ""262"", ""sel_7th_pre_bid"": ""+56700"", ""sel_6th_pre_req_pre"": ""0"", ""sel_6th_pre_req"": ""145"", ""sel_6th_pre_bid"": ""+56600"", ""sel_5th_pre_req_pre"": ""0"", ""sel_5th_pre_req"": ""1087"", ""sel_5th_pre_bid"": ""+56500"", ""sel_4th_pre_req_pre"": ""0"", ""sel_4th_pre_req"": ""279"", ""sel_4th_pre_bid"": ""+56400"", ""sel_3th_pre_req_pre"": ""0"", ""sel_3th_pre_req"": ""3623"", ""sel_3th_pre_bid"": ""+56300"", ""sel_2th_pre_req_pre"": ""0"", ""sel_2th_pre_req"": ""549"", ""sel_2th_pre_bid"": ""+56200"", ""sel_1th_pre_req_pre"": ""--7"", ""sel_fpr_req"": ""197"", ""sel_fpr_bid"": ""+56100"", ""buy_fpr_bid"": ""+55900"", ""buy_fpr_req"": ""469"", ""buy_1th_pre_req_pre"": ""0"", ""buy_2th_pre_bid"": ""+55800"", ""buy_2th_pre_req"": ""87"", ""buy_2th_pre_req_pre"": ""0"", ""buy_3th_pre_bid"": ""+55700"", ""buy_3th_pre_req"": ""100"", ""buy_3th_pre_req_pre"": ""0"", ""buy_4th_pre_bid"": ""+55600"", ""buy_4th_pre_req"": ""89"", ""buy_4th_pre_req_pre"": ""0"", ""buy_5th_pre_bid"": ""+55500"", ""buy_5th_pre_req"": ""243"", ""buy_5th_pre_req_pre"": ""0"", ""buy_6th_pre_bid"": ""+55400"", ""buy_6th_pre_req"": ""53"", ""buy_6th_pre_req_pre"": ""0"", ""buy_7th_pre_bid"": ""+55300"", ""buy_7th_pre_req"": ""313"", ""buy_7th_pre_req_pre"": ""0"", ""buy_8th_pre_bid"": ""55200"", ""buy_8th_pre_req"": ""50"", ""buy_8th_pre_req_pre"": ""0"", ""buy_9th_pre_bid"": ""-55100"", ""buy_9th_pre_req"": ""265"", ""buy_9th_pre_req_pre"": ""0"", ""buy_10th_pre_bid"": ""-55000"", ""buy_10th_pre_req"": ""512"", ""buy_10th_pre_req_pre"": ""0"", ""tot_sel_req_jub_pre"": ""--7"", ""tot_sel_req"": ""8470"", ""tot_buy_req"": ""2181"", ""tot_buy_req_jub_pre"": ""0"", ""ovt_sel_req_pre"": ""0"", ""ovt_sel_req"": ""0"", ""ovt_buy_req"": ""0"", ""ovt_buy_req_pre"": ""0"", ""return_code"": 0, ""return_msg"": ""정상적으로 처리되었습니다""}"
2026-06-10,watchlist,012330,,0,filtered_candidate_recheck,572000,,572000,571000,572000,575000,0.34965034965034963,0.17482517482517482,,,,,,"{""bid_req_base_tm"": ""114304"", ""sel_10th_pre_req_pre"": ""0"", ""sel_10th_pre_req"": ""146"", ""sel_10th_pre_bid"": ""-581000"", ""sel_9th_pre_req_pre"": ""0"", ""sel_9th_pre_req"": ""756"", ""sel_9th_pre_bid"": ""-580000"", ""sel_8th_pre_req_pre"": ""0"", ""sel_8th_pre_req"": ""279"", ""sel_8th_pre_bid"": ""-579000"", ""sel_7th_pre_req_pre"": ""0"", ""sel_7th_pre_req"": ""29"", ""sel_7th_pre_bid"": ""-578000"", ""sel_6th_pre_req_pre"": ""0"", ""sel_6th_pre_req"": ""237"", ""sel_6th_pre_bid"": ""-577000"", ""sel_5th_pre_req_pre"": ""0"", ""sel_5th_pre_req"": ""51"", ""sel_5th_pre_bid"": ""-576000"", ""sel_4th_pre_req_pre"": ""0"", ""sel_4th_pre_req"": ""64"", ""sel_4th_pre_bid"": ""-575000"", ""sel_3th_pre_req_pre"": ""--1"", ""sel_3th_pre_req"": ""105"", ""sel_3th_pre_bid"": ""-574000"", ""sel_2th_pre_req_pre"": ""+1"", ""sel_2th_pre_req"": ""177"", ""sel_2th_pre_bid"": ""-573000"", ""sel_1th_pre_req_pre"": ""0"", ""sel_fpr_req"": ""75"", ""sel_fpr_bid"": ""-572000"", ""buy_fpr_bid"": ""-571000"", ""buy_fpr_req"": ""407"", ""buy_1th_pre_req_pre"": ""0"", ""buy_2th_pre_bid"": ""-570000"", ""buy_2th_pre_req"": ""1018"", ""buy_2th_pre_req_pre"": ""0"", ""buy_3th_pre_bid"": ""-569000"", ""buy_3th_pre_req"": ""2623"", ""buy_3th_pre_req_pre"": ""0"", ""buy_4th_pre_bid"": ""-568000"", ""buy_4th_pre_req"": ""1385"", ""buy_4th_pre_req_pre"": ""0"", ""buy_5th_pre_bid"": ""-567000"", ""buy_5th_pre_req"": ""975"", ""buy_5th_pre_req_pre"": ""0"", ""buy_6th_pre_bid"": ""-566000"", ""buy_6th_pre_req"": ""1562"", ""buy_6th_pre_req_pre"": ""0"", ""buy_7th_pre_bid"": ""-565000"", ""buy_7th_pre_req"": ""1977"", ""buy_7th_pre_req_pre"": ""0"", ""buy_8th_pre_bid"": ""-564000"", ""buy_8th_pre_req"": ""862"", ""buy_8th_pre_req_pre"": ""0"", ""buy_9th_pre_bid"": ""-563000"", ""buy_9th_pre_req"": ""2183"", ""buy_9th_pre_req_pre"": ""0"", ""buy_10th_pre_bid"": ""-562000"", ""buy_10th_pre_req"": ""1092"", ""buy_10th_pre_req_pre"": ""0"", ""tot_sel_req_jub_pre"": ""0"", ""tot_sel_req"": ""1919"", ""tot_buy_req"": ""14084"", ""tot_buy_req_jub_pre"": ""0"", ""ovt_sel_req_pre"": ""0"", ""ovt_sel_req"": ""0"", ""ovt_buy_req"": ""0"", ""ovt_buy_req_pre"": ""0"", ""return_code"": 0, ""return_msg"": ""정상적으로 처리되었습니다""}"
2026-06-10,watchlist,009155,,0,filtered_candidate_recheck,597000,,597000,596000,597000,599000,0.16750418760469013,0.16750418760469013,,,,,,"{""bid_req_base_tm"": ""114303"", ""sel_10th_pre_req_pre"": ""0"", ""sel_10th_pre_req"": ""5"", ""sel_10th_pre_bid"": ""-607000"", ""sel_9th_pre_req_pre"": ""0"", ""sel_9th_pre_req"": ""44"", ""sel_9th_pre_bid"": ""-605000"", ""sel_8th_pre_req_pre"": ""0"", ""sel_8th_pre_req"": ""4"", ""sel_8th_pre_bid"": ""-604000"", ""sel_7th_pre_req_pre"": ""0"", ""sel_7th_pre_req"": ""2"", ""sel_7th_pre_bid"": ""-603000"", ""sel_6th_pre_req_pre"": ""0"", ""sel_6th_pre_req"": ""28"", ""sel_6th_pre_bid"": ""-602000"", ""sel_5th_pre_req_pre"": ""0"", ""sel_5th_pre_req"": ""1"", ""sel_5th_pre_bid"": ""-601000"", ""sel_4th_pre_req_pre"": ""0"", ""sel_4th_pre_req"": ""9"", ""sel_4th_pre_bid"": ""-600000"", ""sel_3th_pre_req_pre"": ""0"", ""sel_3th_pre_req"": ""15"", ""sel_3th_pre_bid"": ""-599000"", ""sel_2th_pre_req_pre"": ""0"", ""sel_2th_pre_req"": ""5"", ""sel_2th_pre_bid"": ""-598000"", ""sel_1th_pre_req_pre"": ""0"", ""sel_fpr_req"": ""39"", ""sel_fpr_bid"": ""-597000"", ""buy_fpr_bid"": ""-596000"", ""buy_fpr_req"": ""10"", ""buy_1th_pre_req_pre"": ""+1"", ""buy_2th_pre_bid"": ""-595000"", ""buy_2th_pre_req"": ""19"", ""buy_2th_pre_req_pre"": ""0"", ""buy_3th_pre_bid"": ""-594000"", ""buy_3th_pre_req"": ""59"", ""buy_3th_pre_req_pre"": ""0"", ""buy_4th_pre_bid"": ""-593000"", ""buy_4th_pre_req"": ""42"", ""buy_4th_pre_req_pre"": ""0"", ""buy_5th_pre_bid"": ""-592000"", ""buy_5th_pre_req"": ""82"", ""buy_5th_pre_req_pre"": ""0"", ""buy_6th_pre_bid"": ""-591000"", ""buy_6th_pre_req"": ""388"", ""buy_6th_pre_req_pre"": ""0"", ""buy_7th_pre_bid"": ""-590000"", ""buy_7th_pre_req"": ""452"", ""buy_7th_pre_req_pre"": ""0"", ""buy_8th_pre_bid"": ""-589000"", ""buy_8th_pre_req"": ""84"", ""buy_8th_pre_req_pre"": ""0"", ""buy_9th_pre_bid"": ""-588000"", ""buy_9th_pre_req"": ""111"", ""buy_9th_pre_req_pre"": ""0"", ""buy_10th_pre_bid"": ""-587000"", ""buy_10th_pre_req"": ""57"", ""buy_10th_pre_req_pre"": ""0"", ""tot_sel_req_jub_pre"": ""0"", ""tot_sel_req"": ""152"", ""tot_buy_req"": ""1304"", ""tot_buy_req_jub_pre"": ""+1"", ""ovt_sel_req_pre"": ""0"", ""ovt_sel_req"": ""0"", ""ovt_buy_req"": ""0"", ""ovt_buy_req_pre"": ""0"", ""return_code"": 0, ""return_msg"": ""정상적으로 처리되었습니다""}"
2026-06-10,watchlist,181710,,1,filtered_candidate_recheck,40550,,40550,40450,40550,40650,0.12330456226880394,0.2466091245376079,,,,,,"{""bid_req_base_tm"": ""114253"", ""sel_10th_pre_req_pre"": ""0"", ""sel_10th_pre_req"": ""10"", ""sel_10th_pre_bid"": ""-41200"", ""sel_9th_pre_req_pre"": ""0"", ""sel_9th_pre_req"": ""13"", ""sel_9th_pre_bid"": ""-41150"", ""sel_8th_pre_req_pre"": ""0"", ""sel_8th_pre_req"": ""10"", ""sel_8th_pre_bid"": ""-41100"", ""sel_7th_pre_req_pre"": ""0"", ""sel_7th_pre_req"": ""10"", ""sel_7th_pre_bid"": ""-41050"", ""sel_6th_pre_req_pre"": ""0"", ""sel_6th_pre_req"": ""288"", ""sel_6th_pre_bid"": ""-41000"", ""sel_5th_pre_req_pre"": ""0"", ""sel_5th_pre_req"": ""29"", ""sel_5th_pre_bid"": ""-40950"", ""sel_4th_pre_req_pre"": ""0"", ""sel_4th_pre_req"": ""2"", ""sel_4th_pre_bid"": ""-40750"", ""sel_3th_pre_req_pre"": ""0"", ""sel_3th_pre_req"": ""1"", ""sel_3th_pre_bid"": ""-40650"", ""sel_2th_pre_req_pre"": ""0"", ""sel_2th_pre_req"": ""347"", ""sel_2th_pre_bid"": ""-40600"", ""sel_1th_pre_req_pre"": ""0"", ""sel_fpr_req"": ""47"", ""sel_fpr_bid"": ""-40550"", ""buy_fpr_bid"": ""-40450"", ""buy_fpr_req"": ""39"", ""buy_1th_pre_req_pre"": ""0"", ""buy_2th_pre_bid"": ""-40400"", ""buy_2th_pre_req"": ""30"", ""buy_2th_pre_req_pre"": ""0"", ""buy_3th_pre_bid"": ""-40350"", ""buy_3th_pre_req"": ""205"", ""buy_3th_pre_req_pre"": ""0"", ""buy_4th_pre_bid"": ""-40300"", ""buy_4th_pre_req"": ""31"", ""buy_4th_pre_req_pre"": ""0"", ""buy_5th_pre_bid"": ""-40250"", ""buy_5th_pre_req"": ""72"", ""buy_5th_pre_req_pre"": ""+1"", ""buy_6th_pre_bid"": ""-40200"", ""buy_6th_pre_req"": ""291"", ""buy_6th_pre_req_pre"": ""0"", ""buy_7th_pre_bid"": ""-40150"", ""buy_7th_pre_req"": ""1210"", ""buy_7th_pre_req_pre"": ""0"", ""buy_8th_pre_bid"": ""-40100"", ""buy_8th_pre_req"": ""424"", ""buy_8th_pre_req_pre"": ""0"", ""buy_9th_pre_bid"": ""-40050"", ""buy_9th_pre_req"": ""134"", ""buy_9th_pre_req_pre"": ""0"", ""buy_10th_pre_bid"": ""-40000"", ""buy_10th_pre_req"": ""3226"", ""buy_10th_pre_req_pre"": ""0"", ""tot_sel_req_jub_pre"": ""0"", ""tot_sel_req"": ""757"", ""tot_buy_req"": ""5662"", ""tot_buy_req_jub_pre"": ""+1"", ""ovt_sel_req_pre"": ""0"", ""ovt_sel_req"": ""0"", ""ovt_buy_req"": ""0"", ""ovt_buy_req_pre"": ""0"", ""return_code"": 0, ""return_msg"": ""정상적으로 처리되었습니다""}"
2026-06-10,watchlist,085620,,0,filtered_candidate_recheck,22500,,22500,22450,22500,22550,0.0,0.2222222222222222,,,,,,"{""bid_req_base_tm"": ""114305"", ""sel_10th_pre_req_pre"": ""0"", ""sel_10th_pre_req"": ""1467"", ""sel_10th_pre_bid"": ""-22950"", ""sel_9th_pre_req_pre"": ""0"", ""sel_9th_pre_req"": ""1085"", ""sel_9th_pre_bid"": ""-22900"", ""sel_8th_pre_req_pre"": ""0"", ""sel_8th_pre_req"": ""976"", ""sel_8th_pre_bid"": ""-22850"", ""sel_7th_pre_req_pre"": ""0"", ""sel_7th_pre_req"": ""980"", ""sel_7th_pre_bid"": ""-22800"", ""sel_6th_pre_req_pre"": ""0"", ""sel_6th_pre_req"": ""42"", ""sel_6th_pre_bid"": ""-22750"", ""sel_5th_pre_req_pre"": ""0"", ""sel_5th_pre_req"": ""325"", ""sel_5th_pre_bid"": ""-22700"", ""sel_4th_pre_req_pre"": ""0"", ""sel_4th_pre_req"": ""45"", ""sel_4th_pre_bid"": ""-22650"", ""sel_3th_pre_req_pre"": ""0"", ""sel_3th_pre_req"": ""266"", ""sel_3th_pre_bid"": ""-22600"", ""sel_2th_pre_req_pre"": ""0"", ""sel_2th_pre_req"": ""247"", ""sel_2th_pre_bid"": ""-22550"", ""sel_1th_pre_req_pre"": ""0"", ""sel_fpr_req"": ""73"", ""sel_fpr_bid"": ""-22500"", ""buy_fpr_bid"": ""-22450"", ""buy_fpr_req"": ""41"", ""buy_1th_pre_req_pre"": ""--40"", ""buy_2th_pre_bid"": ""-22400"", ""buy_2th_pre_req"": ""432"", ""buy_2th_pre_req_pre"": ""0"", ""buy_3th_pre_bid"": ""-22350"", ""buy_3th_pre_req"": ""1037"", ""buy_3th_pre_req_pre"": ""0"", ""buy_4th_pre_bid"": ""-22300"", ""buy_4th_pre_req"": ""1272"", ""buy_4th_pre_req_pre"": ""0"", ""buy_5th_pre_bid"": ""-22250"", ""buy_5th_pre_req"": ""1350"", ""buy_5th_pre_req_pre"": ""0"", ""buy_6th_pre_bid"": ""-22200"", ""buy_6th_pre_req"": ""3140"", ""buy_6th_pre_req_pre"": ""0"", ""buy_7th_pre_bid"": ""-22150"", ""buy_7th_pre_req"": ""957"", ""buy_7th_pre_req_pre"": ""0"", ""buy_8th_pre_bid"": ""-22100"", ""buy_8th_pre_req"": ""1548"", ""buy_8th_pre_req_pre"": ""0"", ""buy_9th_pre_bid"": ""-22050"", ""buy_9th_pre_req"": ""2267"", ""buy_9th_pre_req_pre"": ""0"", ""buy_10th_pre_bid"": ""-22000"", ""buy_10th_pre_req"": ""1582"", ""buy_10th_pre_req_pre"": ""0"", ""tot_sel_req_jub_pre"": ""0"", ""tot_sel_req"": ""5506"", ""tot_buy_req"": ""13626"", ""tot_buy_req_jub_pre"": ""--40"", ""ovt_sel_req_pre"": ""0"", ""ovt_sel_req"": ""0"", ""ovt_buy_req"": ""0"", ""ovt_buy_req_pre"": ""0"", ""return_code"": 0, ""return_msg"": ""정상적으로 처리되었습니다""}"
2026-06-10,watchlist,062040,,0,filtered_candidate_recheck,221000,,221000,220500,221000,222500,0.4524886877828055,0.22624434389140274,,,,,,"{""bid_req_base_tm"": ""114305"", ""sel_10th_pre_req_pre"": ""0"", ""sel_10th_pre_req"": ""19"", ""sel_10th_pre_bid"": ""+225500"", ""sel_9th_pre_req_pre"": ""0"", ""sel_9th_pre_req"": ""90"", ""sel_9th_pre_bid"": ""225000"", ""sel_8th_pre_req_pre"": ""0"", ""sel_8th_pre_req"": ""56"", ""sel_8th_pre_bid"": ""-224500"", ""sel_7th_pre_req_pre"": ""0"", ""sel_7th_pre_req"": ""162"", ""sel_7th_pre_bid"": ""-224000"", ""sel_6th_pre_req_pre"": ""0"", ""sel_6th_pre_req"": ""3"", ""sel_6th_pre_bid"": ""-223500"", ""sel_5th_pre_req_pre"": ""0"", ""sel_5th_pre_req"": ""42"", ""sel_5th_pre_bid"": ""-223000"", ""sel_4th_pre_req_pre"": ""0"", ""sel_4th_pre_req"": ""49"", ""sel_4th_pre_bid"": ""-222500"", ""sel_3th_pre_req_pre"": ""0"", ""sel_3th_pre_req"": ""264"", ""sel_3th_pre_bid"": ""-222000"", ""sel_2th_pre_req_pre"": ""0"", ""sel_2th_pre_req"": ""291"", ""sel_2th_pre_bid"": ""-221500"", ""sel_1th_pre_req_pre"": ""0"", ""sel_fpr_req"": ""394"", ""sel_fpr_bid"": ""-221000"", ""buy_fpr_bid"": ""-220500"", ""buy_fpr_req"": ""383"", ""buy_1th_pre_req_pre"": ""0"", ""buy_2th_pre_bid"": ""-220000"", ""buy_2th_pre_req"": ""943"", ""buy_2th_pre_req_pre"": ""--82"", ""buy_3th_pre_bid"": ""-219500"", ""buy_3th_pre_req"": ""143"", ""buy_3th_pre_req_pre"": ""0"", ""buy_4th_pre_bid"": ""-219000"", ""buy_4th_pre_req"": ""576"", ""buy_4th_pre_req_pre"": ""0"", ""buy_5th_pre_bid"": ""-218500"", ""buy_5th_pre_req"": ""369"", ""buy_5th_pre_req_pre"": ""0"", ""buy_6th_pre_bid"": ""-218000"", ""buy_6th_pre_req"": ""557"", ""buy_6th_pre_req_pre"": ""0"", ""buy_7th_pre_bid"": ""-217500"", ""buy_7th_pre_req"": ""218"", ""buy_7th_pre_req_pre"": ""0"", ""buy_8th_pre_bid"": ""-217000"", ""buy_8th_pre_req"": ""548"", ""buy_8th_pre_req_pre"": ""0"", ""buy_9th_pre_bid"": ""-216500"", ""buy_9th_pre_req"": ""289"", ""buy_9th_pre_req_pre"": ""0"", ""buy_10th_pre_bid"": ""-216000"", ""buy_10th_pre_req"": ""3172"", ""buy_10th_pre_req_pre"": ""0"", ""tot_sel_req_jub_pre"": ""0"", ""tot_sel_req"": ""1370"", ""tot_buy_req"": ""7198"", ""tot_buy_req_jub_pre"": ""--82"", ""ovt_sel_req_pre"": ""0"", ""ovt_sel_req"": ""0"", ""ovt_buy_req"": ""0"", ""ovt_buy_req_pre"": ""0"", ""return_code"": 0, ""return_msg"": ""정상적으로 처리되었습니다""}"
2026-06-10,watchlist,036460,,0,filtered_candidate_recheck,34600,,34600,34550,34600,34550,-0.2890173410404624,0.1445086705202312,,,,,,"{""bid_req_base_tm"": ""114305"", ""sel_10th_pre_req_pre"": ""0"", ""sel_10th_pre_req"": ""17"", ""sel_10th_pre_bid"": ""+35050"", ""sel_9th_pre_req_pre"": ""0"", ""sel_9th_pre_req"": ""4284"", ""sel_9th_pre_bid"": ""+35000"", ""sel_8th_pre_req_pre"": ""0"", ""sel_8th_pre_req"": ""289"", ""sel_8th_pre_bid"": ""+34950"", ""sel_7th_pre_req_pre"": ""0"", ""sel_7th_pre_req"": ""619"", ""sel_7th_pre_bid"": ""+34900"", ""sel_6th_pre_req_pre"": ""0"", ""sel_6th_pre_req"": ""534"", ""sel_6th_pre_bid"": ""+34850"", ""sel_5th_pre_req_pre"": ""0"", ""sel_5th_pre_req"": ""420"", ""sel_5th_pre_bid"": ""+34800"", ""sel_4th_pre_req_pre"": ""0"", ""sel_4th_pre_req"": ""594"", ""sel_4th_pre_bid"": ""+34750"", ""sel_3th_pre_req_pre"": ""0"", ""sel_3th_pre_req"": ""832"", ""sel_3th_pre_bid"": ""+34700"", ""sel_2th_pre_req_pre"": ""0"", ""sel_2th_pre_req"": ""1355"", ""sel_2th_pre_bid"": ""+34650"", ""sel_1th_pre_req_pre"": ""0"", ""sel_fpr_req"": ""296"", ""sel_fpr_bid"": ""+34600"", ""buy_fpr_bid"": ""+34550"", ""buy_fpr_req"": ""331"", ""buy_1th_pre_req_pre"": ""+15"", ""buy_2th_pre_bid"": ""+34500"", ""buy_2th_pre_req"": ""213"", ""buy_2th_pre_req_pre"": ""0"", ""buy_3th_pre_bid"": ""+34450"", ""buy_3th_pre_req"": ""147"", ""buy_3th_pre_req_pre"": ""0"", ""buy_4th_pre_bid"": ""+34400"", ""buy_4th_pre_req"": ""510"", ""buy_4th_pre_req_pre"": ""0"", ""buy_5th_pre_bid"": ""+34350"", ""buy_5th_pre_req"": ""101"", ""buy_5th_pre_req_pre"": ""0"", ""buy_6th_pre_bid"": ""+34300"", ""buy_6th_pre_req"": ""1857"", ""buy_6th_pre_req_pre"": ""0"", ""buy_7th_pre_bid"": ""+34250"", ""buy_7th_pre_req"": ""603"", ""buy_7th_pre_req_pre"": ""0"", ""buy_8th_pre_bid"": ""+34200"", ""buy_8th_pre_req"": ""761"", ""buy_8th_pre_req_pre"": ""0"", ""buy_9th_pre_bid"": ""+34150"", ""buy_9th_pre_req"": ""594"", ""buy_9th_pre_req_pre"": ""0"", ""buy_10th_pre_bid"": ""+34100"", ""buy_10th_pre_req"": ""700"", ""buy_10th_pre_req_pre"": ""0"", ""tot_sel_req_jub_pre"": ""0"", ""tot_sel_req"": ""9240"", ""tot_buy_req"": ""5817"", ""tot_buy_req_jub_pre"": ""+15"", ""ovt_sel_req_pre"": ""0"", ""ovt_sel_req"": ""0"", ""ovt_buy_req"": ""0"", ""ovt_buy_req_pre"": ""0"", ""return_code"": 0, ""return_msg"": ""정상적으로 처리되었습니다""}"
2026-06-10,watchlist,066575,,0,filtered_candidate_recheck,78200,,78200,78100,78200,78200,-0.1278772378516624,0.1278772378516624,,,,,,"{""bid_req_base_tm"": ""114305"", ""sel_10th_pre_req_pre"": ""0"", ""sel_10th_pre_req"": ""60"", ""sel_10th_pre_bid"": ""-79100"", ""sel_9th_pre_req_pre"": ""0"", ""sel_9th_pre_req"": ""133"", ""sel_9th_pre_bid"": ""-79000"", ""sel_8th_pre_req_pre"": ""0"", ""sel_8th_pre_req"": ""39"", ""sel_8th_pre_bid"": ""-78900"", ""sel_7th_pre_req_pre"": ""0"", ""sel_7th_pre_req"": ""206"", ""sel_7th_pre_bid"": ""-78800"", ""sel_6th_pre_req_pre"": ""0"", ""sel_6th_pre_req"": ""15"", ""sel_6th_pre_bid"": ""-78700"", ""sel_5th_pre_req_pre"": ""0"", ""sel_5th_pre_req"": ""1"", ""sel_5th_pre_bid"": ""-78600"", ""sel_4th_pre_req_pre"": ""0"", ""sel_4th_pre_req"": ""5112"", ""sel_4th_pre_bid"": ""-78500"", ""sel_3th_pre_req_pre"": ""0"", ""sel_3th_pre_req"": ""402"", ""sel_3th_pre_bid"": ""-78400"", ""sel_2th_pre_req_pre"": ""0"", ""sel_2th_pre_req"": ""135"", ""sel_2th_pre_bid"": ""-78300"", ""sel_1th_pre_req_pre"": ""0"", ""sel_fpr_req"": ""62"", ""sel_fpr_bid"": ""-78200"", ""buy_fpr_bid"": ""-78100"", ""buy_fpr_req"": ""82"", ""buy_1th_pre_req_pre"": ""--1"", ""buy_2th_pre_bid"": ""-78000"", ""buy_2th_pre_req"": ""669"", ""buy_2th_pre_req_pre"": ""0"", ""buy_3th_pre_bid"": ""-77900"", ""buy_3th_pre_req"": ""1322"", ""buy_3th_pre_req_pre"": ""0"", ""buy_4th_pre_bid"": ""-77800"", ""buy_4th_pre_req"": ""1227"", ""buy_4th_pre_req_pre"": ""0"", ""buy_5th_pre_bid"": ""-77700"", ""buy_5th_pre_req"": ""704"", ""buy_5th_pre_req_pre"": ""0"", ""buy_6th_pre_bid"": ""-77600"", ""buy_6th_pre_req"": ""384"", ""buy_6th_pre_req_pre"": ""0"", ""buy_7th_pre_bid"": ""-77500"", ""buy_7th_pre_req"": ""1287"", ""buy_7th_pre_req_pre"": ""0"", ""buy_8th_pre_bid"": ""-77400"", ""buy_8th_pre_req"": ""839"", ""buy_8th_pre_req_pre"": ""0"", ""buy_9th_pre_bid"": ""-77300"", ""buy_9th_pre_req"": ""175"", ""buy_9th_pre_req_pre"": ""0"", ""buy_10th_pre_bid"": ""-77200"", ""buy_10th_pre_req"": ""458"", ""buy_10th_pre_req_pre"": ""0"", ""tot_sel_req_jub_pre"": ""0"", ""tot_sel_req"": ""6165"", ""tot_buy_req"": ""7147"", ""tot_buy_req_jub_pre"": ""--1"", ""ovt_sel_req_pre"": ""0"", ""ovt_sel_req"": ""0"", ""ovt_buy_req"": ""0"", ""ovt_buy_req_pre"": ""0"", ""return_code"": 0, ""return_msg"": ""정상적으로 처리되었습니다""}"
2026-06-10,watchlist,000810,,0,filtered_candidate_recheck,623000,,623000,622000,623000,623000,-0.16051364365971107,0.16051364365971107,,,,,,"{""bid_req_base_tm"": ""114305"", ""sel_10th_pre_req_pre"": ""0"", ""sel_10th_pre_req"": ""3"", ""sel_10th_pre_bid"": ""-632000"", ""sel_9th_pre_req_pre"": ""0"", ""sel_9th_pre_req"": ""58"", ""sel_9th_pre_bid"": ""-631000"", ""sel_8th_pre_req_pre"": ""0"", ""sel_8th_pre_req"": ""48"", ""sel_8th_pre_bid"": ""-630000"", ""sel_7th_pre_req_pre"": ""0"", ""sel_7th_pre_req"": ""15"", ""sel_7th_pre_bid"": ""-629000"", ""sel_6th_pre_req_pre"": ""0"", ""sel_6th_pre_req"": ""7"", ""sel_6th_pre_bid"": ""-628000"", ""sel_5th_pre_req_pre"": ""0"", ""sel_5th_pre_req"": ""27"", ""sel_5th_pre_bid"": ""-627000"", ""sel_4th_pre_req_pre"": ""0"", ""sel_4th_pre_req"": ""24"", ""sel_4th_pre_bid"": ""-626000"", ""sel_3th_pre_req_pre"": ""0"", ""sel_3th_pre_req"": ""101"", ""sel_3th_pre_bid"": ""-625000"", ""sel_2th_pre_req_pre"": ""0"", ""sel_2th_pre_req"": ""94"", ""sel_2th_pre_bid"": ""-624000"", ""sel_1th_pre_req_pre"": ""+6"", ""sel_fpr_req"": ""615"", ""sel_fpr_bid"": ""-623000"", ""buy_fpr_bid"": ""-622000"", ""buy_fpr_req"": ""497"", ""buy_1th_pre_req_pre"": ""0"", ""buy_2th_pre_bid"": ""-621000"", ""buy_2th_pre_req"": ""40"", ""buy_2th_pre_req_pre"": ""0"", ""buy_3th_pre_bid"": ""-620000"", ""buy_3th_pre_req"": ""80"", ""buy_3th_pre_req_pre"": ""0"", ""buy_4th_pre_bid"": ""-619000"", ""buy_4th_pre_req"": ""18"", ""buy_4th_pre_req_pre"": ""0"", ""buy_5th_pre_bid"": ""-618000"", ""buy_5th_pre_req"": ""14"", ""buy_5th_pre_req_pre"": ""0"", ""buy_6th_pre_bid"": ""-617000"", ""buy_6th_pre_req"": ""36"", ""buy_6th_pre_req_pre"": ""0"", ""buy_7th_pre_bid"": ""-616000"", ""buy_7th_pre_req"": ""190"", ""buy_7th_pre_req_pre"": ""0"", ""buy_8th_pre_bid"": ""-615000"", ""buy_8th_pre_req"": ""22"", ""buy_8th_pre_req_pre"": ""0"", ""buy_9th_pre_bid"": ""-614000"", ""buy_9th_pre_req"": ""134"", ""buy_9th_pre_req_pre"": ""0"", ""buy_10th_pre_bid"": ""-613000"", ""buy_10th_pre_req"": ""44"", ""buy_10th_pre_req_pre"": ""0"", ""tot_sel_req_jub_pre"": ""+6"", ""tot_sel_req"": ""992"", ""tot_buy_req"": ""1075"", ""tot_buy_req_jub_pre"": ""0"", ""ovt_sel_req_pre"": ""0"", ""ovt_sel_req"": ""0"", ""ovt_buy_req"": ""0"", ""ovt_buy_req_pre"": ""0"", ""return_code"": 0, ""return_msg"": ""정상적으로 처리되었습니다""}"
2026-06-10,watchlist,005930,,0,filtered_candidate_recheck,304500,,304500,304000,304500,305500,0.16420361247947454,0.16420361247947454,,,,,,"{""bid_req_base_tm"": ""114306"", ""sel_10th_pre_req_pre"": ""0"", ""sel_10th_pre_req"": ""16167"", ""sel_10th_pre_bid"": ""-309000"", ""sel_9th_pre_req_pre"": ""0"", ""sel_9th_pre_req"": ""26428"", ""sel_9th_pre_bid"": ""-308500"", ""sel_8th_pre_req_pre"": ""0"", ""sel_8th_pre_req"": ""29578"", ""sel_8th_pre_bid"": ""-308000"", ""sel_7th_pre_req_pre"": ""0"", ""sel_7th_pre_req"": ""19627"", ""sel_7th_pre_bid"": ""-307500"", ""sel_6th_pre_req_pre"": ""0"", ""sel_6th_pre_req"": ""12127"", ""sel_6th_pre_bid"": ""-307000"", ""sel_5th_pre_req_pre"": ""0"", ""sel_5th_pre_req"": ""12735"", ""sel_5th_pre_bid"": ""-306500"", ""sel_4th_pre_req_pre"": ""0"", ""sel_4th_pre_req"": ""15832"", ""sel_4th_pre_bid"": ""-306000"", ""sel_3th_pre_req_pre"": ""0"", ""sel_3th_pre_req"": ""7846"", ""sel_3th_pre_bid"": ""-305500"", ""sel_2th_pre_req_pre"": ""0"", ""sel_2th_pre_req"": ""22424"", ""sel_2th_pre_bid"": ""-305000"", ""sel_1th_pre_req_pre"": ""--35"", ""sel_fpr_req"": ""4881"", ""sel_fpr_bid"": ""-304500"", ""buy_fpr_bid"": ""-304000"", ""buy_fpr_req"": ""11420"", ""buy_1th_pre_req_pre"": ""+5"", ""buy_2th_pre_bid"": ""-303500"", ""buy_2th_pre_req"": ""33232"", ""buy_2th_pre_req_pre"": ""0"", ""buy_3th_pre_bid"": ""-303000"", ""buy_3th_pre_req"": ""105474"", ""buy_3th_pre_req_pre"": ""0"", ""buy_4th_pre_bid"": ""-302500"", ""buy_4th_pre_req"": ""48684"", ""buy_4th_pre_req_pre"": ""0"", ""buy_5th_pre_bid"": ""-302000"", ""buy_5th_pre_req"": ""61475"", ""buy_5th_pre_req_pre"": ""0"", ""buy_6th_pre_bid"": ""-301500"", ""buy_6th_pre_req"": ""47817"", ""buy_6th_pre_req_pre"": ""0"", ""buy_7th_pre_bid"": ""-301000"", ""buy_7th_pre_req"": ""102115"", ""buy_7th_pre_req_pre"": ""0"", ""buy_8th_pre_bid"": ""-300500"", ""buy_8th_pre_req"": ""140259"", ""buy_8th_pre_req_pre"": ""0"", ""buy_9th_pre_bid"": ""-300000"", ""buy_9th_pre_req"": ""324934"", ""buy_9th_pre_req_pre"": ""0"", ""buy_10th_pre_bid"": ""-299500"", ""buy_10th_pre_req"": ""44429"", ""buy_10th_pre_req_pre"": ""+1"", ""tot_sel_req_jub_pre"": ""--35"", ""tot_sel_req"": ""167645"", ""tot_buy_req"": ""919839"", ""tot_buy_req_jub_pre"": ""+6"", ""ovt_sel_req_pre"": ""0"", ""ovt_sel_req"": ""0"", ""ovt_buy_req"": ""0"", ""ovt_buy_req_pre"": ""0"", ""return_code"": 0, ""return_msg"": ""정상적으로 처리되었습니다""}"
2026-06-10,watchlist,000370,,0,filtered_candidate_recheck,6470,,6470,6460,6470,6490,0.1545595054095827,0.1545595054095827,,,,,,"{""bid_req_base_tm"": ""114304"", ""sel_10th_pre_req_pre"": ""0"", ""sel_10th_pre_req"": ""753"", ""sel_10th_pre_bid"": ""+6570"", ""sel_9th_pre_req_pre"": ""0"", ""sel_9th_pre_req"": ""104"", ""sel_9th_pre_bid"": ""+6560"", ""sel_8th_pre_req_pre"": ""0"", ""sel_8th_pre_req"": ""32"", ""sel_8th_pre_bid"": ""+6550"", ""sel_7th_pre_req_pre"": ""0"", ""sel_7th_pre_req"": ""1027"", ""sel_7th_pre_bid"": ""+6540"", ""sel_6th_pre_req_pre"": ""0"", ""sel_6th_pre_req"": ""22"", ""sel_6th_pre_bid"": ""+6520"", ""sel_5th_pre_req_pre"": ""0"", ""sel_5th_pre_req"": ""756"", ""sel_5th_pre_bid"": ""+6510"", ""sel_4th_pre_req_pre"": ""0"", ""sel_4th_pre_req"": ""1002"", ""sel_4th_pre_bid"": ""+6500"", ""sel_3th_pre_req_pre"": ""0"", ""sel_3th_pre_req"": ""101"", ""sel_3th_pre_bid"": ""+6490"", ""sel_2th_pre_req_pre"": ""0"", ""sel_2th_pre_req"": ""2"", ""sel_2th_pre_bid"": ""+6480"", ""sel_1th_pre_req_pre"": ""0"", ""sel_fpr_req"": ""436"", ""sel_fpr_bid"": ""+6470"", ""buy_fpr_bid"": ""+6460"", ""buy_fpr_req"": ""160"", ""buy_1th_pre_req_pre"": ""0"", ""buy_2th_pre_bid"": ""6450"", ""buy_2th_pre_req"": ""1001"", ""buy_2th_pre_req_pre"": ""0"", ""buy_3th_pre_bid"": ""-6440"", ""buy_3th_pre_req"": ""226"", ""buy_3th_pre_req_pre"": ""0"", ""buy_4th_pre_bid"": ""-6430"", ""buy_4th_pre_req"": ""1619"", ""buy_4th_pre_req_pre"": ""0"", ""buy_5th_pre_bid"": ""-6420"", ""buy_5th_pre_req"": ""250"", ""buy_5th_pre_req_pre"": ""0"", ""buy_6th_pre_bid"": ""-6410"", ""buy_6th_pre_req"": ""1441"", ""buy_6th_pre_req_pre"": ""0"", ""buy_7th_pre_bid"": ""-6400"", ""buy_7th_pre_req"": ""5399"", ""buy_7th_pre_req_pre"": ""0"", ""buy_8th_pre_bid"": ""-6390"", ""buy_8th_pre_req"": ""675"", ""buy_8th_pre_req_pre"": ""+1"", ""buy_9th_pre_bid"": ""-6380"", ""buy_9th_pre_req"": ""45"", ""buy_9th_pre_req_pre"": ""0"", ""buy_10th_pre_bid"": ""-6370"", ""buy_10th_pre_req"": ""3217"", ""buy_10th_pre_req_pre"": ""0"", ""tot_sel_req_jub_pre"": ""0"", ""tot_sel_req"": ""4235"", ""tot_buy_req"": ""14033"", ""tot_buy_req_jub_pre"": ""+1"", ""ovt_sel_req_pre"": ""0"", ""ovt_sel_req"": ""0"", ""ovt_buy_req"": ""0"", ""ovt_buy_req_pre"": ""0"", ""return_code"": 0, ""return_msg"": ""정상적으로 처리되었습니다""}"
2026-06-10,watchlist,064400,,0,filtered_candidate_recheck,94900,,94900,94700,94900,94900,-0.10537407797681769,0.21074815595363539,,,,,,"{""bid_req_base_tm"": ""114306"", ""sel_10th_pre_req_pre"": ""0"", ""sel_10th_pre_req"": ""883"", ""sel_10th_pre_bid"": ""-95800"", ""sel_9th_pre_req_pre"": ""0"", ""sel_9th_pre_req"": ""226"", ""sel_9th_pre_bid"": ""-95700"", ""sel_8th_pre_req_pre"": ""0"", ""sel_8th_pre_req"": ""1055"", ""sel_8th_pre_bid"": ""-95600"", ""sel_7th_pre_req_pre"": ""0"", ""sel_7th_pre_req"": ""538"", ""sel_7th_pre_bid"": ""-95500"", ""sel_6th_pre_req_pre"": ""0"", ""sel_6th_pre_req"": ""266"", ""sel_6th_pre_bid"": ""-95400"", ""sel_5th_pre_req_pre"": ""0"", ""sel_5th_pre_req"": ""245"", ""sel_5th_pre_bid"": ""-95300"", ""sel_4th_pre_req_pre"": ""0"", ""sel_4th_pre_req"": ""775"", ""sel_4th_pre_bid"": ""-95200"", ""sel_3th_pre_req_pre"": ""0"", ""sel_3th_pre_req"": ""64"", ""sel_3th_pre_bid"": ""-95100"", ""sel_2th_pre_req_pre"": ""0"", ""sel_2th_pre_req"": ""461"", ""sel_2th_pre_bid"": ""-95000"", ""sel_1th_pre_req_pre"": ""--9"", ""sel_fpr_req"": ""43"", ""sel_fpr_bid"": ""-94900"", ""buy_fpr_bid"": ""-94700"", ""buy_fpr_req"": ""392"", ""buy_1th_pre_req_pre"": ""0"", ""buy_2th_pre_bid"": ""-94600"", ""buy_2th_pre_req"": ""534"", ""buy_2th_pre_req_pre"": ""0"", ""buy_3th_pre_bid"": ""-94500"", ""buy_3th_pre_req"": ""971"", ""buy_3th_pre_req_pre"": ""0"", ""buy_4th_pre_bid"": ""-94400"", ""buy_4th_pre_req"": ""526"", ""buy_4th_pre_req_pre"": ""0"", ""buy_5th_pre_bid"": ""-94300"", ""buy_5th_pre_req"": ""322"", ""buy_5th_pre_req_pre"": ""0"", ""buy_6th_pre_bid"": ""-94200"", ""buy_6th_pre_req"": ""846"", ""buy_6th_pre_req_pre"": ""0"", ""buy_7th_pre_bid"": ""-94100"", ""buy_7th_pre_req"": ""1095"", ""buy_7th_pre_req_pre"": ""0"", ""buy_8th_pre_bid"": ""-94000"", ""buy_8th_pre_req"": ""7189"", ""buy_8th_pre_req_pre"": ""0"", ""buy_9th_pre_bid"": ""-93900"", ""buy_9th_pre_req"": ""817"", ""buy_9th_pre_req_pre"": ""0"", ""buy_10th_pre_bid"": ""-93800"", ""buy_10th_pre_req"": ""1551"", ""buy_10th_pre_req_pre"": ""0"", ""tot_sel_req_jub_pre"": ""--9"", ""tot_sel_req"": ""4556"", ""tot_buy_req"": ""14243"", ""tot_buy_req_jub_pre"": ""0"", ""ovt_sel_req_pre"": ""0"", ""ovt_sel_req"": ""0"", ""ovt_buy_req"": ""0"", ""ovt_buy_req_pre"": ""0"", ""return_code"": 0, ""return_msg"": ""정상적으로 처리되었습니다""}"
2026-06-10,watchlist,009420,,1,filtered_candidate_recheck,49850,,49850,49800,49850,50000,0.10030090270812438,0.10030090270812438,,,,,,"{""bid_req_base_tm"": ""114304"", ""sel_10th_pre_req_pre"": ""0"", ""sel_10th_pre_req"": ""28"", ""sel_10th_pre_bid"": ""-50600"", ""sel_9th_pre_req_pre"": ""0"", ""sel_9th_pre_req"": ""118"", ""sel_9th_pre_bid"": ""-50500"", ""sel_8th_pre_req_pre"": ""0"", ""sel_8th_pre_req"": ""216"", ""sel_8th_pre_bid"": ""-50400"", ""sel_7th_pre_req_pre"": ""0"", ""sel_7th_pre_req"": ""34"", ""sel_7th_pre_bid"": ""-50300"", ""sel_6th_pre_req_pre"": ""0"", ""sel_6th_pre_req"": ""5"", ""sel_6th_pre_bid"": ""-50200"", ""sel_5th_pre_req_pre"": ""0"", ""sel_5th_pre_req"": ""14"", ""sel_5th_pre_bid"": ""-50100"", ""sel_4th_pre_req_pre"": ""0"", ""sel_4th_pre_req"": ""53"", ""sel_4th_pre_bid"": ""-50000"", ""sel_3th_pre_req_pre"": ""0"", ""sel_3th_pre_req"": ""151"", ""sel_3th_pre_bid"": ""-49950"", ""sel_2th_pre_req_pre"": ""+4"", ""sel_2th_pre_req"": ""74"", ""sel_2th_pre_bid"": ""-49900"", ""sel_1th_pre_req_pre"": ""0"", ""sel_fpr_req"": ""295"", ""sel_fpr_bid"": ""-49850"", ""buy_fpr_bid"": ""-49800"", ""buy_fpr_req"": ""156"", ""buy_1th_pre_req_pre"": ""0"", ""buy_2th_pre_bid"": ""-49750"", ""buy_2th_pre_req"": ""5"", ""buy_2th_pre_req_pre"": ""0"", ""buy_3th_pre_bid"": ""-49700"", ""buy_3th_pre_req"": ""40"", ""buy_3th_pre_req_pre"": ""0"", ""buy_4th_pre_bid"": ""-49650"", ""buy_4th_pre_req"": ""52"", ""buy_4th_pre_req_pre"": ""0"", ""buy_5th_pre_bid"": ""-49600"", ""buy_5th_pre_req"": ""11"", ""buy_5th_pre_req_pre"": ""0"", ""buy_6th_pre_bid"": ""-49550"", ""buy_6th_pre_req"": ""112"", ""buy_6th_pre_req_pre"": ""0"", ""buy_7th_pre_bid"": ""-49500"", ""buy_7th_pre_req"": ""514"", ""buy_7th_pre_req_pre"": ""0"", ""buy_8th_pre_bid"": ""-49450"", ""buy_8th_pre_req"": ""171"", ""buy_8th_pre_req_pre"": ""0"", ""buy_9th_pre_bid"": ""-49400"", ""buy_9th_pre_req"": ""146"", ""buy_9th_pre_req_pre"": ""0"", ""buy_10th_pre_bid"": ""-49350"", ""buy_10th_pre_req"": ""46"", ""buy_10th_pre_req_pre"": ""0"", ""tot_sel_req_jub_pre"": ""+4"", ""tot_sel_req"": ""988"", ""tot_buy_req"": ""1253"", ""tot_buy_req_jub_pre"": ""0"", ""ovt_sel_req_pre"": ""0"", ""ovt_sel_req"": ""0"", ""ovt_buy_req"": ""0"", ""ovt_buy_req_pre"": ""0"", ""return_code"": 0, ""return_msg"": ""정상적으로 처리되었습니다""}"
2026-06-10,watchlist,383220,,0,filtered_candidate_recheck,75900,,75900,75800,75900,75900,-0.13175230566534915,0.13175230566534915,,,,,,"{""bid_req_base_tm"": ""114305"", ""sel_10th_pre_req_pre"": ""0"", ""sel_10th_pre_req"": ""78"", ""sel_10th_pre_bid"": ""+77100"", ""sel_9th_pre_req_pre"": ""0"", ""sel_9th_pre_req"": ""74"", ""sel_9th_pre_bid"": ""+77000"", ""sel_8th_pre_req_pre"": ""0"", ""sel_8th_pre_req"": ""106"", ""sel_8th_pre_bid"": ""+76900"", ""sel_7th_pre_req_pre"": ""0"", ""sel_7th_pre_req"": ""30"", ""sel_7th_pre_bid"": ""+76800"", ""sel_6th_pre_req_pre"": ""0"", ""sel_6th_pre_req"": ""9"", ""sel_6th_pre_bid"": ""+76700"", ""sel_5th_pre_req_pre"": ""0"", ""sel_5th_pre_req"": ""31"", ""sel_5th_pre_bid"": ""+76600"", ""sel_4th_pre_req_pre"": ""0"", ""sel_4th_pre_req"": ""10"", ""sel_4th_pre_bid"": ""+76400"", ""sel_3th_pre_req_pre"": ""0"", ""sel_3th_pre_req"": ""8"", ""sel_3th_pre_bid"": ""+76100"", ""sel_2th_pre_req_pre"": ""0"", ""sel_2th_pre_req"": ""3"", ""sel_2th_pre_bid"": ""+76000"", ""sel_1th_pre_req_pre"": ""0"", ""sel_fpr_req"": ""17"", ""sel_fpr_bid"": ""+75900"", ""buy_fpr_bid"": ""+75800"", ""buy_fpr_req"": ""3"", ""buy_1th_pre_req_pre"": ""+2"", ""buy_2th_pre_bid"": ""+75700"", ""buy_2th_pre_req"": ""152"", ""buy_2th_pre_req_pre"": ""--2"", ""buy_3th_pre_bid"": ""+75600"", ""buy_3th_pre_req"": ""10"", ""buy_3th_pre_req_pre"": ""0"", ""buy_4th_pre_bid"": ""+75500"", ""buy_4th_pre_req"": ""93"", ""buy_4th_pre_req_pre"": ""0"", ""buy_5th_pre_bid"": ""+75400"", ""buy_5th_pre_req"": ""29"", ""buy_5th_pre_req_pre"": ""0"", ""buy_6th_pre_bid"": ""+75300"", ""buy_6th_pre_req"": ""6"", ""buy_6th_pre_req_pre"": ""0"", ""buy_7th_pre_bid"": ""+75200"", ""buy_7th_pre_req"": ""10"", ""buy_7th_pre_req_pre"": ""0"", ""buy_8th_pre_bid"": ""+75000"", ""buy_8th_pre_req"": ""2"", ""buy_8th_pre_req_pre"": ""0"", ""buy_9th_pre_bid"": ""+74900"", ""buy_9th_pre_req"": ""10"", ""buy_9th_pre_req_pre"": ""0"", ""buy_10th_pre_bid"": ""+74700"", ""buy_10th_pre_req"": ""103"", ""buy_10th_pre_req_pre"": ""0"", ""tot_sel_req_jub_pre"": ""0"", ""tot_sel_req"": ""366"", ""tot_buy_req"": ""418"", ""tot_buy_req_jub_pre"": ""0"", ""ovt_sel_req_pre"": ""0"", ""ovt_sel_req"": ""0"", ""ovt_buy_req"": ""0"", ""ovt_buy_req_pre"": ""0"", ""return_code"": 0, ""return_msg"": ""정상적으로 처리되었습니다""}"
2026-06-10,watchlist,004170,,0,filtered_candidate_recheck,680000,,680000,679000,680000,679000,-0.29411764705882354,0.14705882352941177,,,,,,"{""bid_req_base_tm"": ""114307"", ""sel_10th_pre_req_pre"": ""0"", ""sel_10th_pre_req"": ""95"", ""sel_10th_pre_bid"": ""+689000"", ""sel_9th_pre_req_pre"": ""0"", ""sel_9th_pre_req"": ""63"", ""sel_9th_pre_bid"": ""+688000"", ""sel_8th_pre_req_pre"": ""0"", ""sel_8th_pre_req"": ""76"", ""sel_8th_pre_bid"": ""+687000"", ""sel_7th_pre_req_pre"": ""0"", ""sel_7th_pre_req"": ""13"", ""sel_7th_pre_bid"": ""+686000"", ""sel_6th_pre_req_pre"": ""0"", ""sel_6th_pre_req"": ""13"", ""sel_6th_pre_bid"": ""+685000"", ""sel_5th_pre_req_pre"": ""0"", ""sel_5th_pre_req"": ""5"", ""sel_5th_pre_bid"": ""+684000"", ""sel_4th_pre_req_pre"": ""0"", ""sel_4th_pre_req"": ""19"", ""sel_4th_pre_bid"": ""+683000"", ""sel_3th_pre_req_pre"": ""0"", ""sel_3th_pre_req"": ""31"", ""sel_3th_pre_bid"": ""+682000"", ""sel_2th_pre_req_pre"": ""0"", ""sel_2th_pre_req"": ""20"", ""sel_2th_pre_bid"": ""+681000"", ""sel_1th_pre_req_pre"": ""0"", ""sel_fpr_req"": ""35"", ""sel_fpr_bid"": ""+680000"", ""buy_fpr_bid"": ""+679000"", ""buy_fpr_req"": ""20"", ""buy_1th_pre_req_pre"": ""--1"", ""buy_2th_pre_bid"": ""+678000"", ""buy_2th_pre_req"": ""17"", ""buy_2th_pre_req_pre"": ""0"", ""buy_3th_pre_bid"": ""+677000"", ""buy_3th_pre_req"": ""23"", ""buy_3th_pre_req_pre"": ""0"", ""buy_4th_pre_bid"": ""+676000"", ""buy_4th_pre_req"": ""5"", ""buy_4th_pre_req_pre"": ""0"", ""buy_5th_pre_bid"": ""+675000"", ""buy_5th_pre_req"": ""80"", ""buy_5th_pre_req_pre"": ""0"", ""buy_6th_pre_bid"": ""+674000"", ""buy_6th_pre_req"": ""6"", ""buy_6th_pre_req_pre"": ""0"", ""buy_7th_pre_bid"": ""+673000"", ""buy_7th_pre_req"": ""102"", ""buy_7th_pre_req_pre"": ""0"", ""buy_8th_pre_bid"": ""+672000"", ""buy_8th_pre_req"": ""5"", ""buy_8th_pre_req_pre"": ""0"", ""buy_9th_pre_bid"": ""+671000"", ""buy_9th_pre_req"": ""45"", ""buy_9th_pre_req_pre"": ""0"", ""buy_10th_pre_bid"": ""+670000"", ""buy_10th_pre_req"": ""573"", ""buy_10th_pre_req_pre"": ""0"", ""tot_sel_req_jub_pre"": ""0"", ""tot_sel_req"": ""370"", ""tot_buy_req"": ""876"", ""tot_buy_req_jub_pre"": ""--1"", ""ovt_sel_req_pre"": ""0"", ""ovt_sel_req"": ""0"", ""ovt_buy_req"": ""0"", ""ovt_buy_req_pre"": ""0"", ""return_code"": 0, ""return_msg"": ""정상적으로 처리되었습니다""}"
2026-06-10,watchlist,018260,,1,filtered_candidate_recheck,232500,,232500,232000,232500,233500,0.21505376344086022,0.21505376344086022,,,,,,"{""bid_req_base_tm"": ""114307"", ""sel_10th_pre_req_pre"": ""0"", ""sel_10th_pre_req"": ""960"", ""sel_10th_pre_bid"": ""-237000"", ""sel_9th_pre_req_pre"": ""0"", ""sel_9th_pre_req"": ""237"", ""sel_9th_pre_bid"": ""-236500"", ""sel_8th_pre_req_pre"": ""0"", ""sel_8th_pre_req"": ""304"", ""sel_8th_pre_bid"": ""-236000"", ""sel_7th_pre_req_pre"": ""0"", ""sel_7th_pre_req"": ""223"", ""sel_7th_pre_bid"": ""-235500"", ""sel_6th_pre_req_pre"": ""0"", ""sel_6th_pre_req"": ""304"", ""sel_6th_pre_bid"": ""-235000"", ""sel_5th_pre_req_pre"": ""0"", ""sel_5th_pre_req"": ""170"", ""sel_5th_pre_bid"": ""-234500"", ""sel_4th_pre_req_pre"": ""0"", ""sel_4th_pre_req"": ""261"", ""sel_4th_pre_bid"": ""-234000"", ""sel_3th_pre_req_pre"": ""0"", ""sel_3th_pre_req"": ""190"", ""sel_3th_pre_bid"": ""-233500"", ""sel_2th_pre_req_pre"": ""0"", ""sel_2th_pre_req"": ""123"", ""sel_2th_pre_bid"": ""-233000"", ""sel_1th_pre_req_pre"": ""0"", ""sel_fpr_req"": ""193"", ""sel_fpr_bid"": ""-232500"", ""buy_fpr_bid"": ""-232000"", ""buy_fpr_req"": ""130"", ""buy_1th_pre_req_pre"": ""0"", ""buy_2th_pre_bid"": ""-231500"", ""buy_2th_pre_req"": ""434"", ""buy_2th_pre_req_pre"": ""0"", ""buy_3th_pre_bid"": ""-231000"", ""buy_3th_pre_req"": ""939"", ""buy_3th_pre_req_pre"": ""0"", ""buy_4th_pre_bid"": ""-230500"", ""buy_4th_pre_req"": ""3065"", ""buy_4th_pre_req_pre"": ""0"", ""buy_5th_pre_bid"": ""-230000"", ""buy_5th_pre_req"": ""5503"", ""buy_5th_pre_req_pre"": ""0"", ""buy_6th_pre_bid"": ""-229500"", ""buy_6th_pre_req"": ""3715"", ""buy_6th_pre_req_pre"": ""0"", ""buy_7th_pre_bid"": ""-229000"", ""buy_7th_pre_req"": ""1144"", ""buy_7th_pre_req_pre"": ""0"", ""buy_8th_pre_bid"": ""-228500"", ""buy_8th_pre_req"": ""1074"", ""buy_8th_pre_req_pre"": ""0"", ""buy_9th_pre_bid"": ""-228000"", ""buy_9th_pre_req"": ""2214"", ""buy_9th_pre_req_pre"": ""0"", ""buy_10th_pre_bid"": ""-227500"", ""buy_10th_pre_req"": ""1742"", ""buy_10th_pre_req_pre"": ""0"", ""tot_sel_req_jub_pre"": ""0"", ""tot_sel_req"": ""2965"", ""tot_buy_req"": ""19960"", ""tot_buy_req_jub_pre"": ""0"", ""ovt_sel_req_pre"": ""0"", ""ovt_sel_req"": ""0"", ""ovt_buy_req"": ""0"", ""ovt_buy_req_pre"": ""0"", ""return_code"": 0, ""return_msg"": ""정상적으로 처리되었습니다""}"
2026-06-10,watchlist,161390,,0,filtered_candidate_recheck,70900,,70900,70800,70900,71300,0.4231311706629055,0.14104372355430184,,,,,,"{""bid_req_base_tm"": ""114307"", ""sel_10th_pre_req_pre"": ""0"", ""sel_10th_pre_req"": ""133"", ""sel_10th_pre_bid"": ""-71800"", ""sel_9th_pre_req_pre"": ""0"", ""sel_9th_pre_req"": ""10"", ""sel_9th_pre_bid"": ""-71700"", ""sel_8th_pre_req_pre"": ""0"", ""sel_8th_pre_req"": ""2"", ""sel_8th_pre_bid"": ""-71600"", ""sel_7th_pre_req_pre"": ""0"", ""sel_7th_pre_req"": ""57"", ""sel_7th_pre_bid"": ""-71500"", ""sel_6th_pre_req_pre"": ""0"", ""sel_6th_pre_req"": ""32"", ""sel_6th_pre_bid"": ""-71400"", ""sel_5th_pre_req_pre"": ""0"", ""sel_5th_pre_req"": ""52"", ""sel_5th_pre_bid"": ""-71300"", ""sel_4th_pre_req_pre"": ""0"", ""sel_4th_pre_req"": ""270"", ""sel_4th_pre_bid"": ""-71200"", ""sel_3th_pre_req_pre"": ""0"", ""sel_3th_pre_req"": ""652"", ""sel_3th_pre_bid"": ""-71100"", ""sel_2th_pre_req_pre"": ""0"", ""sel_2th_pre_req"": ""1069"", ""sel_2th_pre_bid"": ""-71000"", ""sel_1th_pre_req_pre"": ""0"", ""sel_fpr_req"": ""861"", ""sel_fpr_bid"": ""-70900"", ""buy_fpr_bid"": ""-70800"", ""buy_fpr_req"": ""4166"", ""buy_1th_pre_req_pre"": ""0"", ""buy_2th_pre_bid"": ""-70700"", ""buy_2th_pre_req"": ""81"", ""buy_2th_pre_req_pre"": ""0"", ""buy_3th_pre_bid"": ""-70600"", ""buy_3th_pre_req"": ""40"", ""buy_3th_pre_req_pre"": ""0"", ""buy_4th_pre_bid"": ""-70500"", ""buy_4th_pre_req"": ""364"", ""buy_4th_pre_req_pre"": ""0"", ""buy_5th_pre_bid"": ""-70400"", ""buy_5th_pre_req"": ""394"", ""buy_5th_pre_req_pre"": ""0"", ""buy_6th_pre_bid"": ""-70300"", ""buy_6th_pre_req"": ""192"", ""buy_6th_pre_req_pre"": ""0"", ""buy_7th_pre_bid"": ""-70200"", ""buy_7th_pre_req"": ""229"", ""buy_7th_pre_req_pre"": ""0"", ""buy_8th_pre_bid"": ""-70100"", ""buy_8th_pre_req"": ""216"", ""buy_8th_pre_req_pre"": ""0"", ""buy_9th_pre_bid"": ""-70000"", ""buy_9th_pre_req"": ""391"", ""buy_9th_pre_req_pre"": ""0"", ""buy_10th_pre_bid"": ""-69900"", ""buy_10th_pre_req"": ""137"", ""buy_10th_pre_req_pre"": ""0"", ""tot_sel_req_jub_pre"": ""0"", ""tot_sel_req"": ""3138"", ""tot_buy_req"": ""6210"", ""tot_buy_req_jub_pre"": ""0"", ""ovt_sel_req_pre"": ""0"", ""ovt_sel_req"": ""0"", ""ovt_buy_req"": ""0"", ""ovt_buy_req_pre"": ""0"", ""return_code"": 0, ""return_msg"": ""정상적으로 처리되었습니다""}"
2026-06-10,watchlist,078930,,0,filtered_candidate_recheck,73500,,73500,73400,73500,73000,-0.8163265306122449,0.13605442176870747,,,,,,"{""bid_req_base_tm"": ""114307"", ""sel_10th_pre_req_pre"": ""0"", ""sel_10th_pre_req"": ""108"", ""sel_10th_pre_bid"": ""+74400"", ""sel_9th_pre_req_pre"": ""0"", ""sel_9th_pre_req"": ""121"", ""sel_9th_pre_bid"": ""+74300"", ""sel_8th_pre_req_pre"": ""0"", ""sel_8th_pre_req"": ""40"", ""sel_8th_pre_bid"": ""+74200"", ""sel_7th_pre_req_pre"": ""0"", ""sel_7th_pre_req"": ""17"", ""sel_7th_pre_bid"": ""+74100"", ""sel_6th_pre_req_pre"": ""0"", ""sel_6th_pre_req"": ""22"", ""sel_6th_pre_bid"": ""+74000"", ""sel_5th_pre_req_pre"": ""0"", ""sel_5th_pre_req"": ""586"", ""sel_5th_pre_bid"": ""+73900"", ""sel_4th_pre_req_pre"": ""0"", ""sel_4th_pre_req"": ""27"", ""sel_4th_pre_bid"": ""73800"", ""sel_3th_pre_req_pre"": ""0"", ""sel_3th_pre_req"": ""83"", ""sel_3th_pre_bid"": ""-73700"", ""sel_2th_pre_req_pre"": ""0"", ""sel_2th_pre_req"": ""48"", ""sel_2th_pre_bid"": ""-73600"", ""sel_1th_pre_req_pre"": ""+13"", ""sel_fpr_req"": ""1152"", ""sel_fpr_bid"": ""-73500"", ""buy_fpr_bid"": ""-73400"", ""buy_fpr_req"": ""319"", ""buy_1th_pre_req_pre"": ""0"", ""buy_2th_pre_bid"": ""-73300"", ""buy_2th_pre_req"": ""119"", ""buy_2th_pre_req_pre"": ""0"", ""buy_3th_pre_bid"": ""-73200"", ""buy_3th_pre_req"": ""138"", ""buy_3th_pre_req_pre"": ""0"", ""buy_4th_pre_bid"": ""-73100"", ""buy_4th_pre_req"": ""113"", ""buy_4th_pre_req_pre"": ""0"", ""buy_5th_pre_bid"": ""-73000"", ""buy_5th_pre_req"": ""4"", ""buy_5th_pre_req_pre"": ""0"", ""buy_6th_pre_bid"": ""-72900"", ""buy_6th_pre_req"": ""9"", ""buy_6th_pre_req_pre"": ""0"", ""buy_7th_pre_bid"": ""-72800"", ""buy_7th_pre_req"": ""1"", ""buy_7th_pre_req_pre"": ""0"", ""buy_8th_pre_bid"": ""-72700"", ""buy_8th_pre_req"": ""50"", ""buy_8th_pre_req_pre"": ""0"", ""buy_9th_pre_bid"": ""-72600"", ""buy_9th_pre_req"": ""50"", ""buy_9th_pre_req_pre"": ""0"", ""buy_10th_pre_bid"": ""-72500"", ""buy_10th_pre_req"": ""10"", ""buy_10th_pre_req_pre"": ""0"", ""tot_sel_req_jub_pre"": ""+13"", ""tot_sel_req"": ""2204"", ""tot_buy_req"": ""813"", ""tot_buy_req_jub_pre"": ""0"", ""ovt_sel_req_pre"": ""0"", ""ovt_sel_req"": ""0"", ""ovt_buy_req"": ""0"", ""ovt_buy_req_pre"": ""0"", ""return_code"": 0, ""return_msg"": ""정상적으로 처리되었습니다""}"
2026-06-10,watchlist,462870,,0,filtered_candidate_recheck,31550,,31550,31450,31550,31300,-0.9508716323296356,0.31695721077654515,,,,,,"{""bid_req_base_tm"": ""114308"", ""sel_10th_pre_req_pre"": ""0"", ""sel_10th_pre_req"": ""337"", ""sel_10th_pre_bid"": ""-32000"", ""sel_9th_pre_req_pre"": ""0"", ""sel_9th_pre_req"": ""850"", ""sel_9th_pre_bid"": ""-31950"", ""sel_8th_pre_req_pre"": ""0"", ""sel_8th_pre_req"": ""156"", ""sel_8th_pre_bid"": ""-31900"", ""sel_7th_pre_req_pre"": ""0"", ""sel_7th_pre_req"": ""85"", ""sel_7th_pre_bid"": ""-31850"", ""sel_6th_pre_req_pre"": ""0"", ""sel_6th_pre_req"": ""88"", ""sel_6th_pre_bid"": ""-31800"", ""sel_5th_pre_req_pre"": ""0"", ""sel_5th_pre_req"": ""21"", ""sel_5th_pre_bid"": ""-31750"", ""sel_4th_pre_req_pre"": ""0"", ""sel_4th_pre_req"": ""12"", ""sel_4th_pre_bid"": ""-31700"", ""sel_3th_pre_req_pre"": ""0"", ""sel_3th_pre_req"": ""683"", ""sel_3th_pre_bid"": ""-31650"", ""sel_2th_pre_req_pre"": ""0"", ""sel_2th_pre_req"": ""142"", ""sel_2th_pre_bid"": ""-31600"", ""sel_1th_pre_req_pre"": ""--9"", ""sel_fpr_req"": ""80"", ""sel_fpr_bid"": ""-31550"", ""buy_fpr_bid"": ""-31450"", ""buy_fpr_req"": ""33"", ""buy_1th_pre_req_pre"": ""0"", ""buy_2th_pre_bid"": ""-31400"", ""buy_2th_pre_req"": ""27"", ""buy_2th_pre_req_pre"": ""0"", ""buy_3th_pre_bid"": ""-31350"", ""buy_3th_pre_req"": ""15"", ""buy_3th_pre_req_pre"": ""0"", ""buy_4th_pre_bid"": ""-31300"", ""buy_4th_pre_req"": ""10"", ""buy_4th_pre_req_pre"": ""0"", ""buy_5th_pre_bid"": ""-31250"", ""buy_5th_pre_req"": ""29"", ""buy_5th_pre_req_pre"": ""0"", ""buy_6th_pre_bid"": ""-31200"", ""buy_6th_pre_req"": ""24"", ""buy_6th_pre_req_pre"": ""0"", ""buy_7th_pre_bid"": ""-31150"", ""buy_7th_pre_req"": ""21"", ""buy_7th_pre_req_pre"": ""0"", ""buy_8th_pre_bid"": ""-31100"", ""buy_8th_pre_req"": ""16"", ""buy_8th_pre_req_pre"": ""0"", ""buy_9th_pre_bid"": ""-31050"", ""buy_9th_pre_req"": ""137"", ""buy_9th_pre_req_pre"": ""0"", ""buy_10th_pre_bid"": ""-31000"", ""buy_10th_pre_req"": ""181"", ""buy_10th_pre_req_pre"": ""0"", ""tot_sel_req_jub_pre"": ""--9"", ""tot_sel_req"": ""2454"", ""tot_buy_req"": ""493"", ""tot_buy_req_jub_pre"": ""0"", ""ovt_sel_req_pre"": ""0"", ""ovt_sel_req"": ""0"", ""ovt_buy_req"": ""0"", ""ovt_buy_req_pre"": ""0"", ""return_code"": 0, ""return_msg"": ""정상적으로 처리되었습니다""}"
2026-06-10,watchlist,055550,,0,filtered_candidate_recheck,98100,,98100,98000,98100,97800,-0.40774719673802245,0.10193679918450561,,,,,,"{""bid_req_base_tm"": ""114308"", ""sel_10th_pre_req_pre"": ""0"", ""sel_10th_pre_req"": ""505"", ""sel_10th_pre_bid"": ""-99000"", ""sel_9th_pre_req_pre"": ""0"", ""sel_9th_pre_req"": ""401"", ""sel_9th_pre_bid"": ""-98900"", ""sel_8th_pre_req_pre"": ""0"", ""sel_8th_pre_req"": ""101"", ""sel_8th_pre_bid"": ""-98800"", ""sel_7th_pre_req_pre"": ""0"", ""sel_7th_pre_req"": ""160"", ""sel_7th_pre_bid"": ""-98700"", ""sel_6th_pre_req_pre"": ""0"", ""sel_6th_pre_req"": ""10"", ""sel_6th_pre_bid"": ""-98600"", ""sel_5th_pre_req_pre"": ""0"", ""sel_5th_pre_req"": ""258"", ""sel_5th_pre_bid"": ""-98500"", ""sel_4th_pre_req_pre"": ""--1"", ""sel_4th_pre_req"": ""128"", ""sel_4th_pre_bid"": ""-98400"", ""sel_3th_pre_req_pre"": ""--29"", ""sel_3th_pre_req"": ""1021"", ""sel_3th_pre_bid"": ""-98300"", ""sel_2th_pre_req_pre"": ""0"", ""sel_2th_pre_req"": ""1336"", ""sel_2th_pre_bid"": ""-98200"", ""sel_1th_pre_req_pre"": ""+1"", ""sel_fpr_req"": ""4274"", ""sel_fpr_bid"": ""-98100"", ""buy_fpr_bid"": ""-98000"", ""buy_fpr_req"": ""1843"", ""buy_1th_pre_req_pre"": ""0"", ""buy_2th_pre_bid"": ""-97900"", ""buy_2th_pre_req"": ""629"", ""buy_2th_pre_req_pre"": ""0"", ""buy_3th_pre_bid"": ""-97800"", ""buy_3th_pre_req"": ""363"", ""buy_3th_pre_req_pre"": ""0"", ""buy_4th_pre_bid"": ""-97700"", ""buy_4th_pre_req"": ""417"", ""buy_4th_pre_req_pre"": ""0"", ""buy_5th_pre_bid"": ""-97600"", ""buy_5th_pre_req"": ""485"", ""buy_5th_pre_req_pre"": ""0"", ""buy_6th_pre_bid"": ""-97500"", ""buy_6th_pre_req"": ""899"", ""buy_6th_pre_req_pre"": ""0"", ""buy_7th_pre_bid"": ""-97400"", ""buy_7th_pre_req"": ""128"", ""buy_7th_pre_req_pre"": ""0"", ""buy_8th_pre_bid"": ""-97300"", ""buy_8th_pre_req"": ""108"", ""buy_8th_pre_req_pre"": ""0"", ""buy_9th_pre_bid"": ""-97200"", ""buy_9th_pre_req"": ""388"", ""buy_9th_pre_req_pre"": ""0"", ""buy_10th_pre_bid"": ""-97100"", ""buy_10th_pre_req"": ""1682"", ""buy_10th_pre_req_pre"": ""0"", ""tot_sel_req_jub_pre"": ""--29"", ""tot_sel_req"": ""8194"", ""tot_buy_req"": ""6942"", ""tot_buy_req_jub_pre"": ""0"", ""ovt_sel_req_pre"": ""0"", ""ovt_sel_req"": ""0"", ""ovt_buy_req"": ""0"", ""ovt_buy_req_pre"": ""0"", ""return_code"": 0, ""return_msg"": ""정상적으로 처리되었습니다""}"
2026-06-10,watchlist,192080,,1,filtered_candidate_recheck,71700,,71700,71600,71700,71600,-0.2789400278940028,0.1394700139470014,,,,,,"{""bid_req_base_tm"": ""114306"", ""sel_10th_pre_req_pre"": ""0"", ""sel_10th_pre_req"": ""182"", ""sel_10th_pre_bid"": ""+72600"", ""sel_9th_pre_req_pre"": ""0"", ""sel_9th_pre_req"": ""161"", ""sel_9th_pre_bid"": ""+72500"", ""sel_8th_pre_req_pre"": ""0"", ""sel_8th_pre_req"": ""128"", ""sel_8th_pre_bid"": ""+72400"", ""sel_7th_pre_req_pre"": ""0"", ""sel_7th_pre_req"": ""12"", ""sel_7th_pre_bid"": ""+72300"", ""sel_6th_pre_req_pre"": ""0"", ""sel_6th_pre_req"": ""10"", ""sel_6th_pre_bid"": ""+72200"", ""sel_5th_pre_req_pre"": ""0"", ""sel_5th_pre_req"": ""6"", ""sel_5th_pre_bid"": ""+72100"", ""sel_4th_pre_req_pre"": ""0"", ""sel_4th_pre_req"": ""5"", ""sel_4th_pre_bid"": ""72000"", ""sel_3th_pre_req_pre"": ""0"", ""sel_3th_pre_req"": ""18"", ""sel_3th_pre_bid"": ""-71900"", ""sel_2th_pre_req_pre"": ""0"", ""sel_2th_pre_req"": ""13"", ""sel_2th_pre_bid"": ""-71800"", ""sel_1th_pre_req_pre"": ""0"", ""sel_fpr_req"": ""50"", ""sel_fpr_bid"": ""-71700"", ""buy_fpr_bid"": ""-71600"", ""buy_fpr_req"": ""22"", ""buy_1th_pre_req_pre"": ""--5"", ""buy_2th_pre_bid"": ""-71500"", ""buy_2th_pre_req"": ""4"", ""buy_2th_pre_req_pre"": ""0"", ""buy_3th_pre_bid"": ""-71400"", ""buy_3th_pre_req"": ""13"", ""buy_3th_pre_req_pre"": ""0"", ""buy_4th_pre_bid"": ""-71300"", ""buy_4th_pre_req"": ""13"", ""buy_4th_pre_req_pre"": ""0"", ""buy_5th_pre_bid"": ""-71200"", ""buy_5th_pre_req"": ""28"", ""buy_5th_pre_req_pre"": ""0"", ""buy_6th_pre_bid"": ""-71100"", ""buy_6th_pre_req"": ""20"", ""buy_6th_pre_req_pre"": ""0"", ""buy_7th_pre_bid"": ""-71000"", ""buy_7th_pre_req"": ""29"", ""buy_7th_pre_req_pre"": ""0"", ""buy_8th_pre_bid"": ""-70900"", ""buy_8th_pre_req"": ""49"", ""buy_8th_pre_req_pre"": ""0"", ""buy_9th_pre_bid"": ""-70800"", ""buy_9th_pre_req"": ""82"", ""buy_9th_pre_req_pre"": ""0"", ""buy_10th_pre_bid"": ""-70700"", ""buy_10th_pre_req"": ""140"", ""buy_10th_pre_req_pre"": ""0"", ""tot_sel_req_jub_pre"": ""0"", ""tot_sel_req"": ""585"", ""tot_buy_req"": ""400"", ""tot_buy_req_jub_pre"": ""--5"", ""ovt_sel_req_pre"": ""0"", ""ovt_sel_req"": ""0"", ""ovt_buy_req"": ""0"", ""ovt_buy_req_pre"": ""0"", ""return_code"": 0, ""return_msg"": ""정상적으로 처리되었습니다""}"
2026-06-10,watchlist,000430,,1,filtered_candidate_recheck,5600,,5600,5590,5600,5610,0.0,0.17857142857142858,,,,,,"{""bid_req_base_tm"": ""114307"", ""sel_10th_pre_req_pre"": ""0"", ""sel_10th_pre_req"": ""1081"", ""sel_10th_pre_bid"": ""-5690"", ""sel_9th_pre_req_pre"": ""0"", ""sel_9th_pre_req"": ""1539"", ""sel_9th_pre_bid"": ""-5680"", ""sel_8th_pre_req_pre"": ""0"", ""sel_8th_pre_req"": ""1175"", ""sel_8th_pre_bid"": ""-5670"", ""sel_7th_pre_req_pre"": ""0"", ""sel_7th_pre_req"": ""59"", ""sel_7th_pre_bid"": ""-5660"", ""sel_6th_pre_req_pre"": ""0"", ""sel_6th_pre_req"": ""4835"", ""sel_6th_pre_bid"": ""-5650"", ""sel_5th_pre_req_pre"": ""0"", ""sel_5th_pre_req"": ""103"", ""sel_5th_pre_bid"": ""-5640"", ""sel_4th_pre_req_pre"": ""0"", ""sel_4th_pre_req"": ""1338"", ""sel_4th_pre_bid"": ""-5630"", ""sel_3th_pre_req_pre"": ""--919"", ""sel_3th_pre_req"": ""346"", ""sel_3th_pre_bid"": ""-5620"", ""sel_2th_pre_req_pre"": ""+919"", ""sel_2th_pre_req"": ""1616"", ""sel_2th_pre_bid"": ""-5610"", ""sel_1th_pre_req_pre"": ""0"", ""sel_fpr_req"": ""18"", ""sel_fpr_bid"": ""-5600"", ""buy_fpr_bid"": ""-5590"", ""buy_fpr_req"": ""648"", ""buy_1th_pre_req_pre"": ""0"", ""buy_2th_pre_bid"": ""-5580"", ""buy_2th_pre_req"": ""243"", ""buy_2th_pre_req_pre"": ""0"", ""buy_3th_pre_bid"": ""-5570"", ""buy_3th_pre_req"": ""2048"", ""buy_3th_pre_req_pre"": ""0"", ""buy_4th_pre_bid"": ""-5560"", ""buy_4th_pre_req"": ""3559"", ""buy_4th_pre_req_pre"": ""0"", ""buy_5th_pre_bid"": ""-5550"", ""buy_5th_pre_req"": ""3261"", ""buy_5th_pre_req_pre"": ""0"", ""buy_6th_pre_bid"": ""-5540"", ""buy_6th_pre_req"": ""2408"", ""buy_6th_pre_req_pre"": ""0"", ""buy_7th_pre_bid"": ""-5530"", ""buy_7th_pre_req"": ""9387"", ""buy_7th_pre_req_pre"": ""0"", ""buy_8th_pre_bid"": ""-5520"", ""buy_8th_pre_req"": ""8542"", ""buy_8th_pre_req_pre"": ""0"", ""buy_9th_pre_bid"": ""-5510"", ""buy_9th_pre_req"": ""7808"", ""buy_9th_pre_req_pre"": ""0"", ""buy_10th_pre_bid"": ""-5500"", ""buy_10th_pre_req"": ""31088"", ""buy_10th_pre_req_pre"": ""0"", ""tot_sel_req_jub_pre"": ""0"", ""tot_sel_req"": ""12110"", ""tot_buy_req"": ""68992"", ""tot_buy_req_jub_pre"": ""0"", ""ovt_sel_req_pre"": ""0"", ""ovt_sel_req"": ""0"", ""ovt_buy_req"": ""0"", ""ovt_buy_req_pre"": ""0"", ""return_code"": 0, ""return_msg"": ""정상적으로 처리되었습니다""}"
2026-06-10,watchlist,307950,,0,filtered_candidate_recheck,695000,,695000,693000,695000,694000,-0.28776978417266186,0.28776978417266186,,,,,,"{""bid_req_base_tm"": ""114308"", ""sel_10th_pre_req_pre"": ""0"", ""sel_10th_pre_req"": ""55"", ""sel_10th_pre_bid"": ""+704000"", ""sel_9th_pre_req_pre"": ""0"", ""sel_9th_pre_req"": ""39"", ""sel_9th_pre_bid"": ""+703000"", ""sel_8th_pre_req_pre"": ""0"", ""sel_8th_pre_req"": ""211"", ""sel_8th_pre_bid"": ""+702000"", ""sel_7th_pre_req_pre"": ""0"", ""sel_7th_pre_req"": ""217"", ""sel_7th_pre_bid"": ""+701000"", ""sel_6th_pre_req_pre"": ""0"", ""sel_6th_pre_req"": ""124"", ""sel_6th_pre_bid"": ""+700000"", ""sel_5th_pre_req_pre"": ""0"", ""sel_5th_pre_req"": ""386"", ""sel_5th_pre_bid"": ""+699000"", ""sel_4th_pre_req_pre"": ""0"", ""sel_4th_pre_req"": ""48"", ""sel_4th_pre_bid"": ""+698000"", ""sel_3th_pre_req_pre"": ""0"", ""sel_3th_pre_req"": ""29"", ""sel_3th_pre_bid"": ""+697000"", ""sel_2th_pre_req_pre"": ""0"", ""sel_2th_pre_req"": ""59"", ""sel_2th_pre_bid"": ""+696000"", ""sel_1th_pre_req_pre"": ""0"", ""sel_fpr_req"": ""25"", ""sel_fpr_bid"": ""+695000"", ""buy_fpr_bid"": ""+693000"", ""buy_fpr_req"": ""22"", ""buy_1th_pre_req_pre"": ""0"", ""buy_2th_pre_bid"": ""+692000"", ""buy_2th_pre_req"": ""28"", ""buy_2th_pre_req_pre"": ""0"", ""buy_3th_pre_bid"": ""+691000"", ""buy_3th_pre_req"": ""96"", ""buy_3th_pre_req_pre"": ""0"", ""buy_4th_pre_bid"": ""+690000"", ""buy_4th_pre_req"": ""45"", ""buy_4th_pre_req_pre"": ""0"", ""buy_5th_pre_bid"": ""+689000"", ""buy_5th_pre_req"": ""57"", ""buy_5th_pre_req_pre"": ""0"", ""buy_6th_pre_bid"": ""+688000"", ""buy_6th_pre_req"": ""95"", ""buy_6th_pre_req_pre"": ""0"", ""buy_7th_pre_bid"": ""687000"", ""buy_7th_pre_req"": ""216"", ""buy_7th_pre_req_pre"": ""0"", ""buy_8th_pre_bid"": ""-686000"", ""buy_8th_pre_req"": ""134"", ""buy_8th_pre_req_pre"": ""0"", ""buy_9th_pre_bid"": ""-685000"", ""buy_9th_pre_req"": ""357"", ""buy_9th_pre_req_pre"": ""0"", ""buy_10th_pre_bid"": ""-684000"", ""buy_10th_pre_req"": ""368"", ""buy_10th_pre_req_pre"": ""0"", ""tot_sel_req_jub_pre"": ""+54"", ""tot_sel_req"": ""1193"", ""tot_buy_req"": ""1418"", ""tot_buy_req_jub_pre"": ""0"", ""ovt_sel_req_pre"": ""0"", ""ovt_sel_req"": ""0"", ""ovt_buy_req"": ""0"", ""ovt_buy_req_pre"": ""0"", ""return_code"": 0, ""return_msg"": ""정상적으로 처리되었습니다""}"
2026-06-10,watchlist,114090,,0,filtered_candidate_recheck,12150,,12150,12140,12150,12100,-0.823045267489712,0.0823045267489712,,,,,,"{""bid_req_base_tm"": ""114309"", ""sel_10th_pre_req_pre"": ""0"", ""sel_10th_pre_req"": ""1262"", ""sel_10th_pre_bid"": ""+12240"", ""sel_9th_pre_req_pre"": ""0"", ""sel_9th_pre_req"": ""361"", ""sel_9th_pre_bid"": ""+12230"", ""sel_8th_pre_req_pre"": ""0"", ""sel_8th_pre_req"": ""1360"", ""sel_8th_pre_bid"": ""+12220"", ""sel_7th_pre_req_pre"": ""0"", ""sel_7th_pre_req"": ""1920"", ""sel_7th_pre_bid"": ""+12210"", ""sel_6th_pre_req_pre"": ""0"", ""sel_6th_pre_req"": ""737"", ""sel_6th_pre_bid"": ""+12200"", ""sel_5th_pre_req_pre"": ""+10"", ""sel_5th_pre_req"": ""404"", ""sel_5th_pre_bid"": ""+12190"", ""sel_4th_pre_req_pre"": ""0"", ""sel_4th_pre_req"": ""223"", ""sel_4th_pre_bid"": ""+12180"", ""sel_3th_pre_req_pre"": ""0"", ""sel_3th_pre_req"": ""104"", ""sel_3th_pre_bid"": ""+12170"", ""sel_2th_pre_req_pre"": ""0"", ""sel_2th_pre_req"": ""1"", ""sel_2th_pre_bid"": ""+12160"", ""sel_1th_pre_req_pre"": ""0"", ""sel_fpr_req"": ""1"", ""sel_fpr_bid"": ""+12150"", ""buy_fpr_bid"": ""+12140"", ""buy_fpr_req"": ""84"", ""buy_1th_pre_req_pre"": ""0"", ""buy_2th_pre_bid"": ""+12130"", ""buy_2th_pre_req"": ""3"", ""buy_2th_pre_req_pre"": ""0"", ""buy_3th_pre_bid"": ""+12120"", ""buy_3th_pre_req"": ""173"", ""buy_3th_pre_req_pre"": ""0"", ""buy_4th_pre_bid"": ""+12110"", ""buy_4th_pre_req"": ""499"", ""buy_4th_pre_req_pre"": ""0"", ""buy_5th_pre_bid"": ""+12090"", ""buy_5th_pre_req"": ""1"", ""buy_5th_pre_req_pre"": ""0"", ""buy_6th_pre_bid"": ""+12070"", ""buy_6th_pre_req"": ""185"", ""buy_6th_pre_req_pre"": ""0"", ""buy_7th_pre_bid"": ""+12020"", ""buy_7th_pre_req"": ""221"", ""buy_7th_pre_req_pre"": ""0"", ""buy_8th_pre_bid"": ""+12010"", ""buy_8th_pre_req"": ""205"", ""buy_8th_pre_req_pre"": ""0"", ""buy_9th_pre_bid"": ""+12000"", ""buy_9th_pre_req"": ""1071"", ""buy_9th_pre_req_pre"": ""0"", ""buy_10th_pre_bid"": ""+11990"", ""buy_10th_pre_req"": ""100"", ""buy_10th_pre_req_pre"": ""0"", ""tot_sel_req_jub_pre"": ""+10"", ""tot_sel_req"": ""6373"", ""tot_buy_req"": ""2542"", ""tot_buy_req_jub_pre"": ""0"", ""ovt_sel_req_pre"": ""0"", ""ovt_sel_req"": ""0"", ""ovt_buy_req"": ""0"", ""ovt_buy_req_pre"": ""0"", ""return_code"": 0, ""return_msg"": ""정상적으로 처리되었습니다""}"
2026-06-10,watchlist,281820,,1,filtered_candidate_recheck,66100,,66100,65900,66100,66600,0.6051437216338881,0.30257186081694404,,,,,,"{""bid_req_base_tm"": ""114259"", ""sel_10th_pre_req_pre"": ""0"", ""sel_10th_pre_req"": ""1"", ""sel_10th_pre_bid"": ""+67700"", ""sel_9th_pre_req_pre"": ""0"", ""sel_9th_pre_req"": ""141"", ""sel_9th_pre_bid"": ""+67500"", ""sel_8th_pre_req_pre"": ""0"", ""sel_8th_pre_req"": ""10"", ""sel_8th_pre_bid"": ""+67300"", ""sel_7th_pre_req_pre"": ""0"", ""sel_7th_pre_req"": ""22"", ""sel_7th_pre_bid"": ""+67200"", ""sel_6th_pre_req_pre"": ""0"", ""sel_6th_pre_req"": ""7"", ""sel_6th_pre_bid"": ""+67100"", ""sel_5th_pre_req_pre"": ""0"", ""sel_5th_pre_req"": ""2"", ""sel_5th_pre_bid"": ""+66900"", ""sel_4th_pre_req_pre"": ""0"", ""sel_4th_pre_req"": ""26"", ""sel_4th_pre_bid"": ""+66800"", ""sel_3th_pre_req_pre"": ""0"", ""sel_3th_pre_req"": ""2"", ""sel_3th_pre_bid"": ""+66700"", ""sel_2th_pre_req_pre"": ""0"", ""sel_2th_pre_req"": ""13"", ""sel_2th_pre_bid"": ""+66600"", ""sel_1th_pre_req_pre"": ""0"", ""sel_fpr_req"": ""15"", ""sel_fpr_bid"": ""-66100"", ""buy_fpr_bid"": ""-65900"", ""buy_fpr_req"": ""1"", ""buy_1th_pre_req_pre"": ""0"", ""buy_2th_pre_bid"": ""-65800"", ""buy_2th_pre_req"": ""16"", ""buy_2th_pre_req_pre"": ""0"", ""buy_3th_pre_bid"": ""-65700"", ""buy_3th_pre_req"": ""48"", ""buy_3th_pre_req_pre"": ""0"", ""buy_4th_pre_bid"": ""-65600"", ""buy_4th_pre_req"": ""77"", ""buy_4th_pre_req_pre"": ""0"", ""buy_5th_pre_bid"": ""-65500"", ""buy_5th_pre_req"": ""153"", ""buy_5th_pre_req_pre"": ""0"", ""buy_6th_pre_bid"": ""-65400"", ""buy_6th_pre_req"": ""71"", ""buy_6th_pre_req_pre"": ""0"", ""buy_7th_pre_bid"": ""-65300"", ""buy_7th_pre_req"": ""58"", ""buy_7th_pre_req_pre"": ""0"", ""buy_8th_pre_bid"": ""-65200"", ""buy_8th_pre_req"": ""69"", ""buy_8th_pre_req_pre"": ""0"", ""buy_9th_pre_bid"": ""-65100"", ""buy_9th_pre_req"": ""150"", ""buy_9th_pre_req_pre"": ""0"", ""buy_10th_pre_bid"": ""-65000"", ""buy_10th_pre_req"": ""1000"", ""buy_10th_pre_req_pre"": ""0"", ""tot_sel_req_jub_pre"": ""--222"", ""tot_sel_req"": ""239"", ""tot_buy_req"": ""1643"", ""tot_buy_req_jub_pre"": ""0"", ""ovt_sel_req_pre"": ""0"", ""ovt_sel_req"": ""0"", ""ovt_buy_req"": ""0"", ""ovt_buy_req_pre"": ""0"", ""return_code"": 0, ""return_msg"": ""정상적으로 처리되었습니다""}"
2026-06-10,watchlist,489790,,0,filtered_candidate_recheck,67400,,67400,67300,67400,67100,-0.5934718100890208,0.1483679525222552,,,,,,"{""bid_req_base_tm"": ""114309"", ""sel_10th_pre_req_pre"": ""0"", ""sel_10th_pre_req"": ""25"", ""sel_10th_pre_bid"": ""+68300"", ""sel_9th_pre_req_pre"": ""0"", ""sel_9th_pre_req"": ""25"", ""sel_9th_pre_bid"": ""+68200"", ""sel_8th_pre_req_pre"": ""0"", ""sel_8th_pre_req"": ""1"", ""sel_8th_pre_bid"": ""+68100"", ""sel_7th_pre_req_pre"": ""0"", ""sel_7th_pre_req"": ""113"", ""sel_7th_pre_bid"": ""+68000"", ""sel_6th_pre_req_pre"": ""0"", ""sel_6th_pre_req"": ""119"", ""sel_6th_pre_bid"": ""+67900"", ""sel_5th_pre_req_pre"": ""0"", ""sel_5th_pre_req"": ""1002"", ""sel_5th_pre_bid"": ""+67800"", ""sel_4th_pre_req_pre"": ""0"", ""sel_4th_pre_req"": ""3"", ""sel_4th_pre_bid"": ""+67700"", ""sel_3th_pre_req_pre"": ""0"", ""sel_3th_pre_req"": ""517"", ""sel_3th_pre_bid"": ""+67600"", ""sel_2th_pre_req_pre"": ""0"", ""sel_2th_pre_req"": ""508"", ""sel_2th_pre_bid"": ""+67500"", ""sel_1th_pre_req_pre"": ""0"", ""sel_fpr_req"": ""217"", ""sel_fpr_bid"": ""+67400"", ""buy_fpr_bid"": ""+67300"", ""buy_fpr_req"": ""185"", ""buy_1th_pre_req_pre"": ""+150"", ""buy_2th_pre_bid"": ""+67200"", ""buy_2th_pre_req"": ""186"", ""buy_2th_pre_req_pre"": ""--150"", ""buy_3th_pre_bid"": ""+67100"", ""buy_3th_pre_req"": ""82"", ""buy_3th_pre_req_pre"": ""0"", ""buy_4th_pre_bid"": ""+67000"", ""buy_4th_pre_req"": ""85"", ""buy_4th_pre_req_pre"": ""0"", ""buy_5th_pre_bid"": ""+66900"", ""buy_5th_pre_req"": ""44"", ""buy_5th_pre_req_pre"": ""0"", ""buy_6th_pre_bid"": ""+66800"", ""buy_6th_pre_req"": ""931"", ""buy_6th_pre_req_pre"": ""0"", ""buy_7th_pre_bid"": ""+66700"", ""buy_7th_pre_req"": ""58"", ""buy_7th_pre_req_pre"": ""0"", ""buy_8th_pre_bid"": ""+66600"", ""buy_8th_pre_req"": ""66"", ""buy_8th_pre_req_pre"": ""0"", ""buy_9th_pre_bid"": ""66500"", ""buy_9th_pre_req"": ""168"", ""buy_9th_pre_req_pre"": ""0"", ""buy_10th_pre_bid"": ""-66400"", ""buy_10th_pre_req"": ""154"", ""buy_10th_pre_req_pre"": ""0"", ""tot_sel_req_jub_pre"": ""0"", ""tot_sel_req"": ""2530"", ""tot_buy_req"": ""1959"", ""tot_buy_req_jub_pre"": ""0"", ""ovt_sel_req_pre"": ""0"", ""ovt_sel_req"": ""0"", ""ovt_buy_req"": ""0"", ""ovt_buy_req_pre"": ""0"", ""return_code"": 0, ""return_msg"": ""정상적으로 처리되었습니다""}"
2026-06-10,watchlist,092200,,0,filtered_candidate_recheck,9460,,9460,9450,9460,9480,0.10570824524312897,0.10570824524312897,,,,,,"{""bid_req_base_tm"": ""114309"", ""sel_10th_pre_req_pre"": ""0"", ""sel_10th_pre_req"": ""166"", ""sel_10th_pre_bid"": ""-9550"", ""sel_9th_pre_req_pre"": ""0"", ""sel_9th_pre_req"": ""65"", ""sel_9th_pre_bid"": ""-9540"", ""sel_8th_pre_req_pre"": ""0"", ""sel_8th_pre_req"": ""46"", ""sel_8th_pre_bid"": ""-9530"", ""sel_7th_pre_req_pre"": ""0"", ""sel_7th_pre_req"": ""265"", ""sel_7th_pre_bid"": ""-9520"", ""sel_6th_pre_req_pre"": ""0"", ""sel_6th_pre_req"": ""220"", ""sel_6th_pre_bid"": ""-9510"", ""sel_5th_pre_req_pre"": ""0"", ""sel_5th_pre_req"": ""398"", ""sel_5th_pre_bid"": ""-9500"", ""sel_4th_pre_req_pre"": ""0"", ""sel_4th_pre_req"": ""150"", ""sel_4th_pre_bid"": ""-9490"", ""sel_3th_pre_req_pre"": ""0"", ""sel_3th_pre_req"": ""6"", ""sel_3th_pre_bid"": ""-9480"", ""sel_2th_pre_req_pre"": ""0"", ""sel_2th_pre_req"": ""1"", ""sel_2th_pre_bid"": ""-9470"", ""sel_1th_pre_req_pre"": ""0"", ""sel_fpr_req"": ""1160"", ""sel_fpr_bid"": ""-9460"", ""buy_fpr_bid"": ""-9450"", ""buy_fpr_req"": ""2"", ""buy_1th_pre_req_pre"": ""0"", ""buy_2th_pre_bid"": ""-9430"", ""buy_2th_pre_req"": ""1021"", ""buy_2th_pre_req_pre"": ""0"", ""buy_3th_pre_bid"": ""-9420"", ""buy_3th_pre_req"": ""2351"", ""buy_3th_pre_req_pre"": ""0"", ""buy_4th_pre_bid"": ""-9410"", ""buy_4th_pre_req"": ""335"", ""buy_4th_pre_req_pre"": ""0"", ""buy_5th_pre_bid"": ""-9400"", ""buy_5th_pre_req"": ""2419"", ""buy_5th_pre_req_pre"": ""0"", ""buy_6th_pre_bid"": ""-9390"", ""buy_6th_pre_req"": ""3679"", ""buy_6th_pre_req_pre"": ""0"", ""buy_7th_pre_bid"": ""-9380"", ""buy_7th_pre_req"": ""838"", ""buy_7th_pre_req_pre"": ""0"", ""buy_8th_pre_bid"": ""-9370"", ""buy_8th_pre_req"": ""804"", ""buy_8th_pre_req_pre"": ""0"", ""buy_9th_pre_bid"": ""-9360"", ""buy_9th_pre_req"": ""808"", ""buy_9th_pre_req_pre"": ""0"", ""buy_10th_pre_bid"": ""-9350"", ""buy_10th_pre_req"": ""1381"", ""buy_10th_pre_req_pre"": ""0"", ""tot_sel_req_jub_pre"": ""0"", ""tot_sel_req"": ""2477"", ""tot_buy_req"": ""13638"", ""tot_buy_req_jub_pre"": ""--956"", ""ovt_sel_req_pre"": ""0"", ""ovt_sel_req"": ""0"", ""ovt_buy_req"": ""0"", ""ovt_buy_req_pre"": ""0"", ""return_code"": 0, ""return_msg"": ""정상적으로 처리되었습니다""}"
2026-06-10,watchlist,175330,,1,filtered_candidate_recheck,25500,,25500,25450,25500,25650,0.39215686274509803,0.19607843137254902,,,,,,"{""bid_req_base_tm"": ""114307"", ""sel_10th_pre_req_pre"": ""0"", ""sel_10th_pre_req"": ""143"", ""sel_10th_pre_bid"": ""+25950"", ""sel_9th_pre_req_pre"": ""0"", ""sel_9th_pre_req"": ""563"", ""sel_9th_pre_bid"": ""25900"", ""sel_8th_pre_req_pre"": ""0"", ""sel_8th_pre_req"": ""470"", ""sel_8th_pre_bid"": ""-25850"", ""sel_7th_pre_req_pre"": ""0"", ""sel_7th_pre_req"": ""43"", ""sel_7th_pre_bid"": ""-25800"", ""sel_6th_pre_req_pre"": ""0"", ""sel_6th_pre_req"": ""101"", ""sel_6th_pre_bid"": ""-25750"", ""sel_5th_pre_req_pre"": ""0"", ""sel_5th_pre_req"": ""85"", ""sel_5th_pre_bid"": ""-25700"", ""sel_4th_pre_req_pre"": ""0"", ""sel_4th_pre_req"": ""177"", ""sel_4th_pre_bid"": ""-25650"", ""sel_3th_pre_req_pre"": ""0"", ""sel_3th_pre_req"": ""483"", ""sel_3th_pre_bid"": ""-25600"", ""sel_2th_pre_req_pre"": ""0"", ""sel_2th_pre_req"": ""915"", ""sel_2th_pre_bid"": ""-25550"", ""sel_1th_pre_req_pre"": ""--6"", ""sel_fpr_req"": ""3556"", ""sel_fpr_bid"": ""-25500"", ""buy_fpr_bid"": ""-25450"", ""buy_fpr_req"": ""4308"", ""buy_1th_pre_req_pre"": ""0"", ""buy_2th_pre_bid"": ""-25400"", ""buy_2th_pre_req"": ""2603"", ""buy_2th_pre_req_pre"": ""0"", ""buy_3th_pre_bid"": ""-25350"", ""buy_3th_pre_req"": ""419"", ""buy_3th_pre_req_pre"": ""0"", ""buy_4th_pre_bid"": ""-25300"", ""buy_4th_pre_req"": ""362"", ""buy_4th_pre_req_pre"": ""0"", ""buy_5th_pre_bid"": ""-25250"", ""buy_5th_pre_req"": ""490"", ""buy_5th_pre_req_pre"": ""0"", ""buy_6th_pre_bid"": ""-25200"", ""buy_6th_pre_req"": ""380"", ""buy_6th_pre_req_pre"": ""0"", ""buy_7th_pre_bid"": ""-25150"", ""buy_7th_pre_req"": ""839"", ""buy_7th_pre_req_pre"": ""0"", ""buy_8th_pre_bid"": ""-25100"", ""buy_8th_pre_req"": ""541"", ""buy_8th_pre_req_pre"": ""0"", ""buy_9th_pre_bid"": ""-25050"", ""buy_9th_pre_req"": ""620"", ""buy_9th_pre_req_pre"": ""0"", ""buy_10th_pre_bid"": ""-25000"", ""buy_10th_pre_req"": ""708"", ""buy_10th_pre_req_pre"": ""0"", ""tot_sel_req_jub_pre"": ""--6"", ""tot_sel_req"": ""6536"", ""tot_buy_req"": ""11270"", ""tot_buy_req_jub_pre"": ""0"", ""ovt_sel_req_pre"": ""0"", ""ovt_sel_req"": ""0"", ""ovt_buy_req"": ""0"", ""ovt_buy_req_pre"": ""0"", ""return_code"": 0, ""return_msg"": ""정상적으로 처리되었습니다""}"
2026-06-10,watchlist,069960,,0,filtered_candidate_recheck,174200,,174200,174100,174200,174000,-0.4018369690011481,0.0574052812858783,,,,,,"{""bid_req_base_tm"": ""114308"", ""sel_10th_pre_req_pre"": ""0"", ""sel_10th_pre_req"": ""1"", ""sel_10th_pre_bid"": ""+175300"", ""sel_9th_pre_req_pre"": ""0"", ""sel_9th_pre_req"": ""10"", ""sel_9th_pre_bid"": ""+175200"", ""sel_8th_pre_req_pre"": ""0"", ""sel_8th_pre_req"": ""7"", ""sel_8th_pre_bid"": ""+175100"", ""sel_7th_pre_req_pre"": ""0"", ""sel_7th_pre_req"": ""46"", ""sel_7th_pre_bid"": ""+175000"", ""sel_6th_pre_req_pre"": ""0"", ""sel_6th_pre_req"": ""1"", ""sel_6th_pre_bid"": ""+174800"", ""sel_5th_pre_req_pre"": ""0"", ""sel_5th_pre_req"": ""18"", ""sel_5th_pre_bid"": ""+174600"", ""sel_4th_pre_req_pre"": ""0"", ""sel_4th_pre_req"": ""39"", ""sel_4th_pre_bid"": ""+174500"", ""sel_3th_pre_req_pre"": ""0"", ""sel_3th_pre_req"": ""11"", ""sel_3th_pre_bid"": ""+174400"", ""sel_2th_pre_req_pre"": ""0"", ""sel_2th_pre_req"": ""25"", ""sel_2th_pre_bid"": ""+174300"", ""sel_1th_pre_req_pre"": ""0"", ""sel_fpr_req"": ""78"", ""sel_fpr_bid"": ""+174200"", ""buy_fpr_bid"": ""+174100"", ""buy_fpr_req"": ""63"", ""buy_1th_pre_req_pre"": ""0"", ""buy_2th_pre_bid"": ""+174000"", ""buy_2th_pre_req"": ""77"", ""buy_2th_pre_req_pre"": ""0"", ""buy_3th_pre_bid"": ""+173900"", ""buy_3th_pre_req"": ""4"", ""buy_3th_pre_req_pre"": ""0"", ""buy_4th_pre_bid"": ""+173400"", ""buy_4th_pre_req"": ""4"", ""buy_4th_pre_req_pre"": ""0"", ""buy_5th_pre_bid"": ""+173300"", ""buy_5th_pre_req"": ""4"", ""buy_5th_pre_req_pre"": ""0"", ""buy_6th_pre_bid"": ""+173200"", ""buy_6th_pre_req"": ""1"", ""buy_6th_pre_req_pre"": ""0"", ""buy_7th_pre_bid"": ""+173100"", ""buy_7th_pre_req"": ""45"", ""buy_7th_pre_req_pre"": ""0"", ""buy_8th_pre_bid"": ""+173000"", ""buy_8th_pre_req"": ""51"", ""buy_8th_pre_req_pre"": ""0"", ""buy_9th_pre_bid"": ""+172700"", ""buy_9th_pre_req"": ""2"", ""buy_9th_pre_req_pre"": ""0"", ""buy_10th_pre_bid"": ""+172600"", ""buy_10th_pre_req"": ""10"", ""buy_10th_pre_req_pre"": ""0"", ""tot_sel_req_jub_pre"": ""0"", ""tot_sel_req"": ""236"", ""tot_buy_req"": ""261"", ""tot_buy_req_jub_pre"": ""0"", ""ovt_sel_req_pre"": ""0"", ""ovt_sel_req"": ""0"", ""ovt_buy_req"": ""0"", ""ovt_buy_req_pre"": ""0"", ""return_code"": 0, ""return_msg"": ""정상적으로 처리되었습니다""}"
2026-06-10,watchlist,001450,,0,filtered_candidate_recheck,37550,,37550,37500,37550,37550,-0.13315579227696406,0.13315579227696406,,,,,,"{""bid_req_base_tm"": ""114310"", ""sel_10th_pre_req_pre"": ""0"", ""sel_10th_pre_req"": ""566"", ""sel_10th_pre_bid"": ""+38000"", ""sel_9th_pre_req_pre"": ""0"", ""sel_9th_pre_req"": ""141"", ""sel_9th_pre_bid"": ""+37950"", ""sel_8th_pre_req_pre"": ""0"", ""sel_8th_pre_req"": ""225"", ""sel_8th_pre_bid"": ""+37900"", ""sel_7th_pre_req_pre"": ""0"", ""sel_7th_pre_req"": ""459"", ""sel_7th_pre_bid"": ""+37850"", ""sel_6th_pre_req_pre"": ""0"", ""sel_6th_pre_req"": ""503"", ""sel_6th_pre_bid"": ""+37800"", ""sel_5th_pre_req_pre"": ""0"", ""sel_5th_pre_req"": ""625"", ""sel_5th_pre_bid"": ""+37750"", ""sel_4th_pre_req_pre"": ""0"", ""sel_4th_pre_req"": ""175"", ""sel_4th_pre_bid"": ""+37700"", ""sel_3th_pre_req_pre"": ""0"", ""sel_3th_pre_req"": ""161"", ""sel_3th_pre_bid"": ""+37650"", ""sel_2th_pre_req_pre"": ""0"", ""sel_2th_pre_req"": ""365"", ""sel_2th_pre_bid"": ""+37600"", ""sel_1th_pre_req_pre"": ""--8"", ""sel_fpr_req"": ""390"", ""sel_fpr_bid"": ""+37550"", ""buy_fpr_bid"": ""+37500"", ""buy_fpr_req"": ""559"", ""buy_1th_pre_req_pre"": ""0"", ""buy_2th_pre_bid"": ""+37450"", ""buy_2th_pre_req"": ""92"", ""buy_2th_pre_req_pre"": ""0"", ""buy_3th_pre_bid"": ""+37400"", ""buy_3th_pre_req"": ""27"", ""buy_3th_pre_req_pre"": ""0"", ""buy_4th_pre_bid"": ""+37350"", ""buy_4th_pre_req"": ""248"", ""buy_4th_pre_req_pre"": ""0"", ""buy_5th_pre_bid"": ""+37300"", ""buy_5th_pre_req"": ""1058"", ""buy_5th_pre_req_pre"": ""0"", ""buy_6th_pre_bid"": ""+37250"", ""buy_6th_pre_req"": ""309"", ""buy_6th_pre_req_pre"": ""0"", ""buy_7th_pre_bid"": ""+37200"", ""buy_7th_pre_req"": ""491"", ""buy_7th_pre_req_pre"": ""0"", ""buy_8th_pre_bid"": ""+37150"", ""buy_8th_pre_req"": ""542"", ""buy_8th_pre_req_pre"": ""0"", ""buy_9th_pre_bid"": ""+37100"", ""buy_9th_pre_req"": ""690"", ""buy_9th_pre_req_pre"": ""0"", ""buy_10th_pre_bid"": ""+37050"", ""buy_10th_pre_req"": ""2827"", ""buy_10th_pre_req_pre"": ""0"", ""tot_sel_req_jub_pre"": ""--8"", ""tot_sel_req"": ""3610"", ""tot_buy_req"": ""6843"", ""tot_buy_req_jub_pre"": ""0"", ""ovt_sel_req_pre"": ""0"", ""ovt_sel_req"": ""0"", ""ovt_buy_req"": ""0"", ""ovt_buy_req_pre"": ""0"", ""return_code"": 0, ""return_msg"": ""정상적으로 처리되었습니다""}"
2026-06-10,watchlist,011070,,0,filtered_candidate_recheck,1133000,,1133000,1132000,1133000,1130000,-0.353045013239188,0.088261253309797,,,,,,"{""bid_req_base_tm"": ""114310"", ""sel_10th_pre_req_pre"": ""0"", ""sel_10th_pre_req"": ""249"", ""sel_10th_pre_bid"": ""+1142000"", ""sel_9th_pre_req_pre"": ""0"", ""sel_9th_pre_req"": ""66"", ""sel_9th_pre_bid"": ""+1141000"", ""sel_8th_pre_req_pre"": ""0"", ""sel_8th_pre_req"": ""278"", ""sel_8th_pre_bid"": ""+1140000"", ""sel_7th_pre_req_pre"": ""0"", ""sel_7th_pre_req"": ""157"", ""sel_7th_pre_bid"": ""+1139000"", ""sel_6th_pre_req_pre"": ""0"", ""sel_6th_pre_req"": ""68"", ""sel_6th_pre_bid"": ""+1138000"", ""sel_5th_pre_req_pre"": ""0"", ""sel_5th_pre_req"": ""80"", ""sel_5th_pre_bid"": ""1137000"", ""sel_4th_pre_req_pre"": ""0"", ""sel_4th_pre_req"": ""48"", ""sel_4th_pre_bid"": ""-1136000"", ""sel_3th_pre_req_pre"": ""0"", ""sel_3th_pre_req"": ""114"", ""sel_3th_pre_bid"": ""-1135000"", ""sel_2th_pre_req_pre"": ""--10"", ""sel_2th_pre_req"": ""50"", ""sel_2th_pre_bid"": ""-1134000"", ""sel_1th_pre_req_pre"": ""+9"", ""sel_fpr_req"": ""28"", ""sel_fpr_bid"": ""-1133000"", ""buy_fpr_bid"": ""-1132000"", ""buy_fpr_req"": ""26"", ""buy_1th_pre_req_pre"": ""0"", ""buy_2th_pre_bid"": ""-1131000"", ""buy_2th_pre_req"": ""62"", ""buy_2th_pre_req_pre"": ""0"", ""buy_3th_pre_bid"": ""-1130000"", ""buy_3th_pre_req"": ""209"", ""buy_3th_pre_req_pre"": ""0"", ""buy_4th_pre_bid"": ""-1129000"", ""buy_4th_pre_req"": ""69"", ""buy_4th_pre_req_pre"": ""0"", ""buy_5th_pre_bid"": ""-1128000"", ""buy_5th_pre_req"": ""36"", ""buy_5th_pre_req_pre"": ""0"", ""buy_6th_pre_bid"": ""-1125000"", ""buy_6th_pre_req"": ""14"", ""buy_6th_pre_req_pre"": ""0"", ""buy_7th_pre_bid"": ""-1124000"", ""buy_7th_pre_req"": ""20"", ""buy_7th_pre_req_pre"": ""0"", ""buy_8th_pre_bid"": ""-1123000"", ""buy_8th_pre_req"": ""49"", ""buy_8th_pre_req_pre"": ""0"", ""buy_9th_pre_bid"": ""-1122000"", ""buy_9th_pre_req"": ""19"", ""buy_9th_pre_req_pre"": ""0"", ""buy_10th_pre_bid"": ""-1121000"", ""buy_10th_pre_req"": ""64"", ""buy_10th_pre_req_pre"": ""0"", ""tot_sel_req_jub_pre"": ""--1"", ""tot_sel_req"": ""1138"", ""tot_buy_req"": ""568"", ""tot_buy_req_jub_pre"": ""0"", ""ovt_sel_req_pre"": ""0"", ""ovt_sel_req"": ""0"", ""ovt_buy_req"": ""0"", ""ovt_buy_req_pre"": ""0"", ""return_code"": 0, ""return_msg"": ""정상적으로 처리되었습니다""}"
2026-06-10,watchlist,088350,,0,filtered_candidate_recheck,4825,,4825,4820,4825,4845,0.31088082901554404,0.10362694300518134,,,,,,"{""bid_req_base_tm"": ""114308"", ""sel_10th_pre_req_pre"": ""0"", ""sel_10th_pre_req"": ""2204"", ""sel_10th_pre_bid"": ""-4880"", ""sel_9th_pre_req_pre"": ""0"", ""sel_9th_pre_req"": ""574"", ""sel_9th_pre_bid"": ""-4875"", ""sel_8th_pre_req_pre"": ""0"", ""sel_8th_pre_req"": ""109"", ""sel_8th_pre_bid"": ""-4870"", ""sel_7th_pre_req_pre"": ""0"", ""sel_7th_pre_req"": ""2004"", ""sel_7th_pre_bid"": ""-4865"", ""sel_6th_pre_req_pre"": ""0"", ""sel_6th_pre_req"": ""1758"", ""sel_6th_pre_bid"": ""-4860"", ""sel_5th_pre_req_pre"": ""0"", ""sel_5th_pre_req"": ""876"", ""sel_5th_pre_bid"": ""-4855"", ""sel_4th_pre_req_pre"": ""0"", ""sel_4th_pre_req"": ""3495"", ""sel_4th_pre_bid"": ""-4850"", ""sel_3th_pre_req_pre"": ""0"", ""sel_3th_pre_req"": ""1217"", ""sel_3th_pre_bid"": ""-4845"", ""sel_2th_pre_req_pre"": ""0"", ""sel_2th_pre_req"": ""29"", ""sel_2th_pre_bid"": ""-4840"", ""sel_1th_pre_req_pre"": ""0"", ""sel_fpr_req"": ""1002"", ""sel_fpr_bid"": ""-4825"", ""buy_fpr_bid"": ""-4820"", ""buy_fpr_req"": ""1218"", ""buy_1th_pre_req_pre"": ""0"", ""buy_2th_pre_bid"": ""-4815"", ""buy_2th_pre_req"": ""27292"", ""buy_2th_pre_req_pre"": ""0"", ""buy_3th_pre_bid"": ""-4810"", ""buy_3th_pre_req"": ""13600"", ""buy_3th_pre_req_pre"": ""0"", ""buy_4th_pre_bid"": ""-4805"", ""buy_4th_pre_req"": ""13582"", ""buy_4th_pre_req_pre"": ""0"", ""buy_5th_pre_bid"": ""-4800"", ""buy_5th_pre_req"": ""20383"", ""buy_5th_pre_req_pre"": ""0"", ""buy_6th_pre_bid"": ""-4795"", ""buy_6th_pre_req"": ""13046"", ""buy_6th_pre_req_pre"": ""0"", ""buy_7th_pre_bid"": ""-4790"", ""buy_7th_pre_req"": ""16447"", ""buy_7th_pre_req_pre"": ""+100"", ""buy_8th_pre_bid"": ""-4785"", ""buy_8th_pre_req"": ""7310"", ""buy_8th_pre_req_pre"": ""0"", ""buy_9th_pre_bid"": ""-4780"", ""buy_9th_pre_req"": ""11026"", ""buy_9th_pre_req_pre"": ""--100"", ""buy_10th_pre_bid"": ""-4775"", ""buy_10th_pre_req"": ""5175"", ""buy_10th_pre_req_pre"": ""0"", ""tot_sel_req_jub_pre"": ""0"", ""tot_sel_req"": ""13268"", ""tot_buy_req"": ""129079"", ""tot_buy_req_jub_pre"": ""0"", ""ovt_sel_req_pre"": ""0"", ""ovt_sel_req"": ""0"", ""ovt_buy_req"": ""0"", ""ovt_buy_req_pre"": ""0"", ""return_code"": 0, ""return_msg"": ""정상적으로 처리되었습니다""}"
2026-06-10,watchlist,195870,,0,filtered_candidate_recheck,75500,,75500,75400,75500,75800,0.26490066225165565,0.13245033112582782,,,,,,"{""bid_req_base_tm"": ""114307"", ""sel_10th_pre_req_pre"": ""0"", ""sel_10th_pre_req"": ""53"", ""sel_10th_pre_bid"": ""+76600"", ""sel_9th_pre_req_pre"": ""0"", ""sel_9th_pre_req"": ""11"", ""sel_9th_pre_bid"": ""+76500"", ""sel_8th_pre_req_pre"": ""0"", ""sel_8th_pre_req"": ""4"", ""sel_8th_pre_bid"": ""+76400"", ""sel_7th_pre_req_pre"": ""0"", ""sel_7th_pre_req"": ""2"", ""sel_7th_pre_bid"": ""+76300"", ""sel_6th_pre_req_pre"": ""0"", ""sel_6th_pre_req"": ""17"", ""sel_6th_pre_bid"": ""+76100"", ""sel_5th_pre_req_pre"": ""0"", ""sel_5th_pre_req"": ""86"", ""sel_5th_pre_bid"": ""+76000"", ""sel_4th_pre_req_pre"": ""0"", ""sel_4th_pre_req"": ""120"", ""sel_4th_pre_bid"": ""+75900"", ""sel_3th_pre_req_pre"": ""0"", ""sel_3th_pre_req"": ""9"", ""sel_3th_pre_bid"": ""+75800"", ""sel_2th_pre_req_pre"": ""0"", ""sel_2th_pre_req"": ""1"", ""sel_2th_pre_bid"": ""+75700"", ""sel_1th_pre_req_pre"": ""0"", ""sel_fpr_req"": ""10"", ""sel_fpr_bid"": ""+75500"", ""buy_fpr_bid"": ""+75400"", ""buy_fpr_req"": ""12"", ""buy_1th_pre_req_pre"": ""--1"", ""buy_2th_pre_bid"": ""+75300"", ""buy_2th_pre_req"": ""45"", ""buy_2th_pre_req_pre"": ""0"", ""buy_3th_pre_bid"": ""+75200"", ""buy_3th_pre_req"": ""90"", ""buy_3th_pre_req_pre"": ""0"", ""buy_4th_pre_bid"": ""+75100"", ""buy_4th_pre_req"": ""94"", ""buy_4th_pre_req_pre"": ""0"", ""buy_5th_pre_bid"": ""+75000"", ""buy_5th_pre_req"": ""158"", ""buy_5th_pre_req_pre"": ""0"", ""buy_6th_pre_bid"": ""+74900"", ""buy_6th_pre_req"": ""53"", ""buy_6th_pre_req_pre"": ""0"", ""buy_7th_pre_bid"": ""+74800"", ""buy_7th_pre_req"": ""96"", ""buy_7th_pre_req_pre"": ""0"", ""buy_8th_pre_bid"": ""+74700"", ""buy_8th_pre_req"": ""20"", ""buy_8th_pre_req_pre"": ""0"", ""buy_9th_pre_bid"": ""+74600"", ""buy_9th_pre_req"": ""79"", ""buy_9th_pre_req_pre"": ""0"", ""buy_10th_pre_bid"": ""+74500"", ""buy_10th_pre_req"": ""63"", ""buy_10th_pre_req_pre"": ""0"", ""tot_sel_req_jub_pre"": ""0"", ""tot_sel_req"": ""313"", ""tot_buy_req"": ""710"", ""tot_buy_req_jub_pre"": ""--1"", ""ovt_sel_req_pre"": ""0"", ""ovt_sel_req"": ""0"", ""ovt_buy_req"": ""0"", ""ovt_buy_req_pre"": ""0"", ""return_code"": 0, ""return_msg"": ""정상적으로 처리되었습니다""}"
2026-06-10,watchlist,042700,,0,filtered_candidate_recheck,279500,,279500,279000,279500,281000,0.35778175313059035,0.17889087656529518,,,,,,"{""bid_req_base_tm"": ""114311"", ""sel_10th_pre_req_pre"": ""0"", ""sel_10th_pre_req"": ""328"", ""sel_10th_pre_bid"": ""+284000"", ""sel_9th_pre_req_pre"": ""0"", ""sel_9th_pre_req"": ""114"", ""sel_9th_pre_bid"": ""+283500"", ""sel_8th_pre_req_pre"": ""0"", ""sel_8th_pre_req"": ""248"", ""sel_8th_pre_bid"": ""+283000"", ""sel_7th_pre_req_pre"": ""0"", ""sel_7th_pre_req"": ""102"", ""sel_7th_pre_bid"": ""+282500"", ""sel_6th_pre_req_pre"": ""0"", ""sel_6th_pre_req"": ""207"", ""sel_6th_pre_bid"": ""+282000"", ""sel_5th_pre_req_pre"": ""0"", ""sel_5th_pre_req"": ""32"", ""sel_5th_pre_bid"": ""+281500"", ""sel_4th_pre_req_pre"": ""0"", ""sel_4th_pre_req"": ""173"", ""sel_4th_pre_bid"": ""+281000"", ""sel_3th_pre_req_pre"": ""0"", ""sel_3th_pre_req"": ""45"", ""sel_3th_pre_bid"": ""+280500"", ""sel_2th_pre_req_pre"": ""0"", ""sel_2th_pre_req"": ""306"", ""sel_2th_pre_bid"": ""+280000"", ""sel_1th_pre_req_pre"": ""0"", ""sel_fpr_req"": ""67"", ""sel_fpr_bid"": ""+279500"", ""buy_fpr_bid"": ""+279000"", ""buy_fpr_req"": ""181"", ""buy_1th_pre_req_pre"": ""0"", ""buy_2th_pre_bid"": ""+278500"", ""buy_2th_pre_req"": ""905"", ""buy_2th_pre_req_pre"": ""0"", ""buy_3th_pre_bid"": ""+278000"", ""buy_3th_pre_req"": ""978"", ""buy_3th_pre_req_pre"": ""0"", ""buy_4th_pre_bid"": ""+277500"", ""buy_4th_pre_req"": ""988"", ""buy_4th_pre_req_pre"": ""0"", ""buy_5th_pre_bid"": ""+277000"", ""buy_5th_pre_req"": ""769"", ""buy_5th_pre_req_pre"": ""0"", ""buy_6th_pre_bid"": ""276500"", ""buy_6th_pre_req"": ""855"", ""buy_6th_pre_req_pre"": ""0"", ""buy_7th_pre_bid"": ""-276000"", ""buy_7th_pre_req"": ""1946"", ""buy_7th_pre_req_pre"": ""0"", ""buy_8th_pre_bid"": ""-275500"", ""buy_8th_pre_req"": ""262"", ""buy_8th_pre_req_pre"": ""0"", ""buy_9th_pre_bid"": ""-275000"", ""buy_9th_pre_req"": ""1388"", ""buy_9th_pre_req_pre"": ""0"", ""buy_10th_pre_bid"": ""-274500"", ""buy_10th_pre_req"": ""194"", ""buy_10th_pre_req_pre"": ""0"", ""tot_sel_req_jub_pre"": ""0"", ""tot_sel_req"": ""1622"", ""tot_buy_req"": ""8466"", ""tot_buy_req_jub_pre"": ""0"", ""ovt_sel_req_pre"": ""0"", ""ovt_sel_req"": ""0"", ""ovt_buy_req"": ""0"", ""ovt_buy_req_pre"": ""0"", ""return_code"": 0, ""return_msg"": ""정상적으로 처리되었습니다""}"
2026-06-10,watchlist,003160,,0,filtered_candidate_recheck,27950,,27950,27900,27950,27950,-0.17889087656529518,0.17889087656529518,,,,,,"{""bid_req_base_tm"": ""114310"", ""sel_10th_pre_req_pre"": ""0"", ""sel_10th_pre_req"": ""2070"", ""sel_10th_pre_bid"": ""+28400"", ""sel_9th_pre_req_pre"": ""0"", ""sel_9th_pre_req"": ""61"", ""sel_9th_pre_bid"": ""+28350"", ""sel_8th_pre_req_pre"": ""0"", ""sel_8th_pre_req"": ""200"", ""sel_8th_pre_bid"": ""+28300"", ""sel_7th_pre_req_pre"": ""0"", ""sel_7th_pre_req"": ""56"", ""sel_7th_pre_bid"": ""+28250"", ""sel_6th_pre_req_pre"": ""0"", ""sel_6th_pre_req"": ""111"", ""sel_6th_pre_bid"": ""+28200"", ""sel_5th_pre_req_pre"": ""0"", ""sel_5th_pre_req"": ""73"", ""sel_5th_pre_bid"": ""+28150"", ""sel_4th_pre_req_pre"": ""0"", ""sel_4th_pre_req"": ""50"", ""sel_4th_pre_bid"": ""+28100"", ""sel_3th_pre_req_pre"": ""0"", ""sel_3th_pre_req"": ""58"", ""sel_3th_pre_bid"": ""28050"", ""sel_2th_pre_req_pre"": ""0"", ""sel_2th_pre_req"": ""69"", ""sel_2th_pre_bid"": ""-28000"", ""sel_1th_pre_req_pre"": ""0"", ""sel_fpr_req"": ""52"", ""sel_fpr_bid"": ""-27950"", ""buy_fpr_bid"": ""-27900"", ""buy_fpr_req"": ""3"", ""buy_1th_pre_req_pre"": ""0"", ""buy_2th_pre_bid"": ""-27850"", ""buy_2th_pre_req"": ""334"", ""buy_2th_pre_req_pre"": ""0"", ""buy_3th_pre_bid"": ""-27800"", ""buy_3th_pre_req"": ""515"", ""buy_3th_pre_req_pre"": ""--1"", ""buy_4th_pre_bid"": ""-27750"", ""buy_4th_pre_req"": ""105"", ""buy_4th_pre_req_pre"": ""0"", ""buy_5th_pre_bid"": ""-27700"", ""buy_5th_pre_req"": ""240"", ""buy_5th_pre_req_pre"": ""0"", ""buy_6th_pre_bid"": ""-27650"", ""buy_6th_pre_req"": ""323"", ""buy_6th_pre_req_pre"": ""0"", ""buy_7th_pre_bid"": ""-27600"", ""buy_7th_pre_req"": ""721"", ""buy_7th_pre_req_pre"": ""0"", ""buy_8th_pre_bid"": ""-27550"", ""buy_8th_pre_req"": ""313"", ""buy_8th_pre_req_pre"": ""0"", ""buy_9th_pre_bid"": ""-27500"", ""buy_9th_pre_req"": ""456"", ""buy_9th_pre_req_pre"": ""0"", ""buy_10th_pre_bid"": ""-27450"", ""buy_10th_pre_req"": ""250"", ""buy_10th_pre_req_pre"": ""0"", ""tot_sel_req_jub_pre"": ""0"", ""tot_sel_req"": ""2800"", ""tot_buy_req"": ""3260"", ""tot_buy_req_jub_pre"": ""--1"", ""ovt_sel_req_pre"": ""0"", ""ovt_sel_req"": ""0"", ""ovt_buy_req"": ""0"", ""ovt_buy_req_pre"": ""0"", ""return_code"": 0, ""return_msg"": ""정상적으로 처리되었습니다""}"
2026-06-10,watchlist,005940,,1,filtered_candidate_recheck,30800,,30800,30750,30800,30950,0.3246753246753247,0.16233766233766234,,,,,,"{""bid_req_base_tm"": ""114309"", ""sel_10th_pre_req_pre"": ""0"", ""sel_10th_pre_req"": ""445"", ""sel_10th_pre_bid"": ""31250"", ""sel_9th_pre_req_pre"": ""0"", ""sel_9th_pre_req"": ""414"", ""sel_9th_pre_bid"": ""-31200"", ""sel_8th_pre_req_pre"": ""0"", ""sel_8th_pre_req"": ""11"", ""sel_8th_pre_bid"": ""-31150"", ""sel_7th_pre_req_pre"": ""0"", ""sel_7th_pre_req"": ""131"", ""sel_7th_pre_bid"": ""-31100"", ""sel_6th_pre_req_pre"": ""0"", ""sel_6th_pre_req"": ""111"", ""sel_6th_pre_bid"": ""-31050"", ""sel_5th_pre_req_pre"": ""0"", ""sel_5th_pre_req"": ""292"", ""sel_5th_pre_bid"": ""-31000"", ""sel_4th_pre_req_pre"": ""0"", ""sel_4th_pre_req"": ""245"", ""sel_4th_pre_bid"": ""-30950"", ""sel_3th_pre_req_pre"": ""0"", ""sel_3th_pre_req"": ""250"", ""sel_3th_pre_bid"": ""-30900"", ""sel_2th_pre_req_pre"": ""0"", ""sel_2th_pre_req"": ""113"", ""sel_2th_pre_bid"": ""-30850"", ""sel_1th_pre_req_pre"": ""0"", ""sel_fpr_req"": ""1152"", ""sel_fpr_bid"": ""-30800"", ""buy_fpr_bid"": ""-30750"", ""buy_fpr_req"": ""1342"", ""buy_1th_pre_req_pre"": ""+26"", ""buy_2th_pre_bid"": ""-30700"", ""buy_2th_pre_req"": ""385"", ""buy_2th_pre_req_pre"": ""0"", ""buy_3th_pre_bid"": ""-30650"", ""buy_3th_pre_req"": ""3922"", ""buy_3th_pre_req_pre"": ""0"", ""buy_4th_pre_bid"": ""-30600"", ""buy_4th_pre_req"": ""381"", ""buy_4th_pre_req_pre"": ""0"", ""buy_5th_pre_bid"": ""-30550"", ""buy_5th_pre_req"": ""433"", ""buy_5th_pre_req_pre"": ""0"", ""buy_6th_pre_bid"": ""-30500"", ""buy_6th_pre_req"": ""1201"", ""buy_6th_pre_req_pre"": ""0"", ""buy_7th_pre_bid"": ""-30450"", ""buy_7th_pre_req"": ""1629"", ""buy_7th_pre_req_pre"": ""0"", ""buy_8th_pre_bid"": ""-30400"", ""buy_8th_pre_req"": ""790"", ""buy_8th_pre_req_pre"": ""0"", ""buy_9th_pre_bid"": ""-30350"", ""buy_9th_pre_req"": ""1046"", ""buy_9th_pre_req_pre"": ""0"", ""buy_10th_pre_bid"": ""-30300"", ""buy_10th_pre_req"": ""3160"", ""buy_10th_pre_req_pre"": ""0"", ""tot_sel_req_jub_pre"": ""0"", ""tot_sel_req"": ""3164"", ""tot_buy_req"": ""14289"", ""tot_buy_req_jub_pre"": ""+26"", ""ovt_sel_req_pre"": ""0"", ""ovt_sel_req"": ""0"", ""ovt_buy_req"": ""0"", ""ovt_buy_req_pre"": ""0"", ""return_code"": 0, ""return_msg"": ""정상적으로 처리되었습니다""}"
2026-06-10,watchlist,120110,,0,filtered_candidate_recheck,70100,,70100,69800,70100,70000,-0.28530670470756064,0.42796005706134094,,,,,,"{""bid_req_base_tm"": ""114311"", ""sel_10th_pre_req_pre"": ""0"", ""sel_10th_pre_req"": ""116"", ""sel_10th_pre_bid"": ""+71000"", ""sel_9th_pre_req_pre"": ""0"", ""sel_9th_pre_req"": ""5"", ""sel_9th_pre_bid"": ""+70900"", ""sel_8th_pre_req_pre"": ""0"", ""sel_8th_pre_req"": ""4"", ""sel_8th_pre_bid"": ""+70800"", ""sel_7th_pre_req_pre"": ""0"", ""sel_7th_pre_req"": ""231"", ""sel_7th_pre_bid"": ""+70700"", ""sel_6th_pre_req_pre"": ""0"", ""sel_6th_pre_req"": ""187"", ""sel_6th_pre_bid"": ""+70600"", ""sel_5th_pre_req_pre"": ""0"", ""sel_5th_pre_req"": ""30"", ""sel_5th_pre_bid"": ""+70500"", ""sel_4th_pre_req_pre"": ""0"", ""sel_4th_pre_req"": ""113"", ""sel_4th_pre_bid"": ""+70400"", ""sel_3th_pre_req_pre"": ""0"", ""sel_3th_pre_req"": ""141"", ""sel_3th_pre_bid"": ""+70300"", ""sel_2th_pre_req_pre"": ""0"", ""sel_2th_pre_req"": ""22"", ""sel_2th_pre_bid"": ""+70200"", ""sel_1th_pre_req_pre"": ""0"", ""sel_fpr_req"": ""86"", ""sel_fpr_bid"": ""+70100"", ""buy_fpr_bid"": ""+69800"", ""buy_fpr_req"": ""286"", ""buy_1th_pre_req_pre"": ""+85"", ""buy_2th_pre_bid"": ""+69700"", ""buy_2th_pre_req"": ""63"", ""buy_2th_pre_req_pre"": ""0"", ""buy_3th_pre_bid"": ""+69600"", ""buy_3th_pre_req"": ""122"", ""buy_3th_pre_req_pre"": ""0"", ""buy_4th_pre_bid"": ""+69500"", ""buy_4th_pre_req"": ""18"", ""buy_4th_pre_req_pre"": ""0"", ""buy_5th_pre_bid"": ""+69400"", ""buy_5th_pre_req"": ""23"", ""buy_5th_pre_req_pre"": ""0"", ""buy_6th_pre_bid"": ""+69300"", ""buy_6th_pre_req"": ""22"", ""buy_6th_pre_req_pre"": ""0"", ""buy_7th_pre_bid"": ""+69200"", ""buy_7th_pre_req"": ""381"", ""buy_7th_pre_req_pre"": ""0"", ""buy_8th_pre_bid"": ""+69100"", ""buy_8th_pre_req"": ""91"", ""buy_8th_pre_req_pre"": ""0"", ""buy_9th_pre_bid"": ""+69000"", ""buy_9th_pre_req"": ""594"", ""buy_9th_pre_req_pre"": ""0"", ""buy_10th_pre_bid"": ""+68900"", ""buy_10th_pre_req"": ""3"", ""buy_10th_pre_req_pre"": ""0"", ""tot_sel_req_jub_pre"": ""0"", ""tot_sel_req"": ""935"", ""tot_buy_req"": ""1603"", ""tot_buy_req_jub_pre"": ""+85"", ""ovt_sel_req_pre"": ""0"", ""ovt_sel_req"": ""0"", ""ovt_buy_req"": ""0"", ""ovt_buy_req_pre"": ""0"", ""return_code"": 0, ""return_msg"": ""정상적으로 처리되었습니다""}"
2026-06-10,watchlist,375500,,0,filtered_candidate_recheck,70900,,70900,70800,70900,70700,-0.4231311706629055,0.14104372355430184,,,,,,"{""bid_req_base_tm"": ""114310"", ""sel_10th_pre_req_pre"": ""0"", ""sel_10th_pre_req"": ""200"", ""sel_10th_pre_bid"": ""+71800"", ""sel_9th_pre_req_pre"": ""0"", ""sel_9th_pre_req"": ""275"", ""sel_9th_pre_bid"": ""+71700"", ""sel_8th_pre_req_pre"": ""0"", ""sel_8th_pre_req"": ""296"", ""sel_8th_pre_bid"": ""+71600"", ""sel_7th_pre_req_pre"": ""0"", ""sel_7th_pre_req"": ""585"", ""sel_7th_pre_bid"": ""+71500"", ""sel_6th_pre_req_pre"": ""0"", ""sel_6th_pre_req"": ""527"", ""sel_6th_pre_bid"": ""+71400"", ""sel_5th_pre_req_pre"": ""0"", ""sel_5th_pre_req"": ""116"", ""sel_5th_pre_bid"": ""+71300"", ""sel_4th_pre_req_pre"": ""0"", ""sel_4th_pre_req"": ""195"", ""sel_4th_pre_bid"": ""+71200"", ""sel_3th_pre_req_pre"": ""0"", ""sel_3th_pre_req"": ""64"", ""sel_3th_pre_bid"": ""+71100"", ""sel_2th_pre_req_pre"": ""0"", ""sel_2th_pre_req"": ""28"", ""sel_2th_pre_bid"": ""+71000"", ""sel_1th_pre_req_pre"": ""0"", ""sel_fpr_req"": ""159"", ""sel_fpr_bid"": ""+70900"", ""buy_fpr_bid"": ""+70800"", ""buy_fpr_req"": ""197"", ""buy_1th_pre_req_pre"": ""0"", ""buy_2th_pre_bid"": ""+70700"", ""buy_2th_pre_req"": ""407"", ""buy_2th_pre_req_pre"": ""0"", ""buy_3th_pre_bid"": ""+70600"", ""buy_3th_pre_req"": ""162"", ""buy_3th_pre_req_pre"": ""+5"", ""buy_4th_pre_bid"": ""+70500"", ""buy_4th_pre_req"": ""496"", ""buy_4th_pre_req_pre"": ""+5"", ""buy_5th_pre_bid"": ""+70400"", ""buy_5th_pre_req"": ""48"", ""buy_5th_pre_req_pre"": ""0"", ""buy_6th_pre_bid"": ""+70300"", ""buy_6th_pre_req"": ""189"", ""buy_6th_pre_req_pre"": ""0"", ""buy_7th_pre_bid"": ""+70200"", ""buy_7th_pre_req"": ""90"", ""buy_7th_pre_req_pre"": ""0"", ""buy_8th_pre_bid"": ""+70100"", ""buy_8th_pre_req"": ""199"", ""buy_8th_pre_req_pre"": ""0"", ""buy_9th_pre_bid"": ""+70000"", ""buy_9th_pre_req"": ""134"", ""buy_9th_pre_req_pre"": ""0"", ""buy_10th_pre_bid"": ""+69900"", ""buy_10th_pre_req"": ""39"", ""buy_10th_pre_req_pre"": ""0"", ""tot_sel_req_jub_pre"": ""0"", ""tot_sel_req"": ""2445"", ""tot_buy_req"": ""1961"", ""tot_buy_req_jub_pre"": ""+10"", ""ovt_sel_req_pre"": ""0"", ""ovt_sel_req"": ""0"", ""ovt_buy_req"": ""0"", ""ovt_buy_req_pre"": ""0"", ""return_code"": 0, ""return_msg"": ""정상적으로 처리되었습니다""}"
2026-06-10,watchlist,483650,,0,filtered_candidate_recheck,205500,,205500,205000,205500,207000,0.48661800486618007,0.24330900243309003,,,,,,"{""bid_req_base_tm"": ""114312"", ""sel_10th_pre_req_pre"": ""0"", ""sel_10th_pre_req"": ""690"", ""sel_10th_pre_bid"": ""+210000"", ""sel_9th_pre_req_pre"": ""0"", ""sel_9th_pre_req"": ""760"", ""sel_9th_pre_bid"": ""+209500"", ""sel_8th_pre_req_pre"": ""0"", ""sel_8th_pre_req"": ""1477"", ""sel_8th_pre_bid"": ""+209000"", ""sel_7th_pre_req_pre"": ""0"", ""sel_7th_pre_req"": ""1016"", ""sel_7th_pre_bid"": ""+208500"", ""sel_6th_pre_req_pre"": ""0"", ""sel_6th_pre_req"": ""215"", ""sel_6th_pre_bid"": ""+208000"", ""sel_5th_pre_req_pre"": ""0"", ""sel_5th_pre_req"": ""161"", ""sel_5th_pre_bid"": ""+207500"", ""sel_4th_pre_req_pre"": ""0"", ""sel_4th_pre_req"": ""174"", ""sel_4th_pre_bid"": ""+207000"", ""sel_3th_pre_req_pre"": ""0"", ""sel_3th_pre_req"": ""272"", ""sel_3th_pre_bid"": ""+206500"", ""sel_2th_pre_req_pre"": ""0"", ""sel_2th_pre_req"": ""308"", ""sel_2th_pre_bid"": ""+206000"", ""sel_1th_pre_req_pre"": ""0"", ""sel_fpr_req"": ""120"", ""sel_fpr_bid"": ""+205500"", ""buy_fpr_bid"": ""+205000"", ""buy_fpr_req"": ""346"", ""buy_1th_pre_req_pre"": ""0"", ""buy_2th_pre_bid"": ""+204500"", ""buy_2th_pre_req"": ""163"", ""buy_2th_pre_req_pre"": ""0"", ""buy_3th_pre_bid"": ""+204000"", ""buy_3th_pre_req"": ""5164"", ""buy_3th_pre_req_pre"": ""0"", ""buy_4th_pre_bid"": ""+203500"", ""buy_4th_pre_req"": ""16"", ""buy_4th_pre_req_pre"": ""0"", ""buy_5th_pre_bid"": ""+203000"", ""buy_5th_pre_req"": ""59"", ""buy_5th_pre_req_pre"": ""0"", ""buy_6th_pre_bid"": ""+202500"", ""buy_6th_pre_req"": ""44"", ""buy_6th_pre_req_pre"": ""0"", ""buy_7th_pre_bid"": ""+202000"", ""buy_7th_pre_req"": ""50"", ""buy_7th_pre_req_pre"": ""0"", ""buy_8th_pre_bid"": ""+201500"", ""buy_8th_pre_req"": ""135"", ""buy_8th_pre_req_pre"": ""0"", ""buy_9th_pre_bid"": ""+201000"", ""buy_9th_pre_req"": ""329"", ""buy_9th_pre_req_pre"": ""0"", ""buy_10th_pre_bid"": ""+200500"", ""buy_10th_pre_req"": ""100"", ""buy_10th_pre_req_pre"": ""+1"", ""tot_sel_req_jub_pre"": ""0"", ""tot_sel_req"": ""5193"", ""tot_buy_req"": ""6406"", ""tot_buy_req_jub_pre"": ""+1"", ""ovt_sel_req_pre"": ""0"", ""ovt_sel_req"": ""0"", ""ovt_buy_req"": ""0"", ""ovt_buy_req_pre"": ""0"", ""return_code"": 0, ""return_msg"": ""정상적으로 처리되었습니다""}"
2026-06-10,scan_candidate,005930,,0,main_scan,305000,,305000,304500,305000,306000,0.16393442622950818,0.16393442622950818,,,,,,"{""bid_req_base_tm"": ""114518"", ""sel_10th_pre_req_pre"": ""0"", ""sel_10th_pre_req"": ""20927"", ""sel_10th_pre_bid"": ""-309500"", ""sel_9th_pre_req_pre"": ""0"", ""sel_9th_pre_req"": ""16437"", ""sel_9th_pre_bid"": ""-309000"", ""sel_8th_pre_req_pre"": ""0"", ""sel_8th_pre_req"": ""26590"", ""sel_8th_pre_bid"": ""-308500"", ""sel_7th_pre_req_pre"": ""0"", ""sel_7th_pre_req"": ""29389"", ""sel_7th_pre_bid"": ""-308000"", ""sel_6th_pre_req_pre"": ""0"", ""sel_6th_pre_req"": ""19608"", ""sel_6th_pre_bid"": ""-307500"", ""sel_5th_pre_req_pre"": ""0"", ""sel_5th_pre_req"": ""12166"", ""sel_5th_pre_bid"": ""-307000"", ""sel_4th_pre_req_pre"": ""0"", ""sel_4th_pre_req"": ""14734"", ""sel_4th_pre_bid"": ""-306500"", ""sel_3th_pre_req_pre"": ""0"", ""sel_3th_pre_req"": ""17240"", ""sel_3th_pre_bid"": ""-306000"", ""sel_2th_pre_req_pre"": ""0"", ""sel_2th_pre_req"": ""23919"", ""sel_2th_pre_bid"": ""-305500"", ""sel_1th_pre_req_pre"": ""0"", ""sel_fpr_req"": ""5993"", ""sel_fpr_bid"": ""-305000"", ""buy_fpr_bid"": ""-304500"", ""buy_fpr_req"": ""10954"", ""buy_1th_pre_req_pre"": ""--67"", ""buy_2th_pre_bid"": ""-304000"", ""buy_2th_pre_req"": ""21930"", ""buy_2th_pre_req_pre"": ""0"", ""buy_3th_pre_bid"": ""-303500"", ""buy_3th_pre_req"": ""29082"", ""buy_3th_pre_req_pre"": ""+7"", ""buy_4th_pre_bid"": ""-303000"", ""buy_4th_pre_req"": ""110591"", ""buy_4th_pre_req_pre"": ""0"", ""buy_5th_pre_bid"": ""-302500"", ""buy_5th_pre_req"": ""53083"", ""buy_5th_pre_req_pre"": ""0"", ""buy_6th_pre_bid"": ""-302000"", ""buy_6th_pre_req"": ""61057"", ""buy_6th_pre_req_pre"": ""0"", ""buy_7th_pre_bid"": ""-301500"", ""buy_7th_pre_req"": ""47972"", ""buy_7th_pre_req_pre"": ""0"", ""buy_8th_pre_bid"": ""-301000"", ""buy_8th_pre_req"": ""103025"", ""buy_8th_pre_req_pre"": ""0"", ""buy_9th_pre_bid"": ""-300500"", ""buy_9th_pre_req"": ""140604"", ""buy_9th_pre_req_pre"": ""0"", ""buy_10th_pre_bid"": ""-300000"", ""buy_10th_pre_req"": ""326473"", ""buy_10th_pre_req_pre"": ""0"", ""tot_sel_req_jub_pre"": ""0"", ""tot_sel_req"": ""187003"", ""tot_buy_req"": ""904771"", ""tot_buy_req_jub_pre"": ""--60"", ""ovt_sel_req_pre"": ""0"", ""ovt_sel_req"": ""0"", ""ovt_buy_req"": ""0"", ""ovt_buy_req_pre"": ""0"", ""return_code"": 0, ""return_msg"": ""정상적으로 처리되었습니다""}"
2026-06-10,scan_candidate,000660,,0,main_scan,2094000,,2094000,2093000,2094000,2092000,-0.14326647564469913,0.04775549188156638,,,,,,"{""bid_req_base_tm"": ""114518"", ""sel_10th_pre_req_pre"": ""0"", ""sel_10th_pre_req"": ""131"", ""sel_10th_pre_bid"": ""-2103000"", ""sel_9th_pre_req_pre"": ""0"", ""sel_9th_pre_req"": ""269"", ""sel_9th_pre_bid"": ""-2102000"", ""sel_8th_pre_req_pre"": ""0"", ""sel_8th_pre_req"": ""174"", ""sel_8th_pre_bid"": ""-2101000"", ""sel_7th_pre_req_pre"": ""0"", ""sel_7th_pre_req"": ""1216"", ""sel_7th_pre_bid"": ""-2100000"", ""sel_6th_pre_req_pre"": ""0"", ""sel_6th_pre_req"": ""913"", ""sel_6th_pre_bid"": ""-2099000"", ""sel_5th_pre_req_pre"": ""0"", ""sel_5th_pre_req"": ""512"", ""sel_5th_pre_bid"": ""-2098000"", ""sel_4th_pre_req_pre"": ""0"", ""sel_4th_pre_req"": ""413"", ""sel_4th_pre_bid"": ""-2097000"", ""sel_3th_pre_req_pre"": ""0"", ""sel_3th_pre_req"": ""353"", ""sel_3th_pre_bid"": ""-2096000"", ""sel_2th_pre_req_pre"": ""0"", ""sel_2th_pre_req"": ""153"", ""sel_2th_pre_bid"": ""-2095000"", ""sel_1th_pre_req_pre"": ""+12"", ""sel_fpr_req"": ""237"", ""sel_fpr_bid"": ""-2094000"", ""buy_fpr_bid"": ""-2093000"", ""buy_fpr_req"": ""548"", ""buy_1th_pre_req_pre"": ""--8"", ""buy_2th_pre_bid"": ""-2092000"", ""buy_2th_pre_req"": ""124"", ""buy_2th_pre_req_pre"": ""0"", ""buy_3th_pre_bid"": ""-2091000"", ""buy_3th_pre_req"": ""1503"", ""buy_3th_pre_req_pre"": ""0"", ""buy_4th_pre_bid"": ""-2090000"", ""buy_4th_pre_req"": ""364"", ""buy_4th_pre_req_pre"": ""0"", ""buy_5th_pre_bid"": ""-2089000"", ""buy_5th_pre_req"": ""176"", ""buy_5th_pre_req_pre"": ""0"", ""buy_6th_pre_bid"": ""-2088000"", ""buy_6th_pre_req"": ""242"", ""buy_6th_pre_req_pre"": ""0"", ""buy_7th_pre_bid"": ""-2087000"", ""buy_7th_pre_req"": ""96"", ""buy_7th_pre_req_pre"": ""0"", ""buy_8th_pre_bid"": ""-2086000"", ""buy_8th_pre_req"": ""184"", ""buy_8th_pre_req_pre"": ""0"", ""buy_9th_pre_bid"": ""-2085000"", ""buy_9th_pre_req"": ""246"", ""buy_9th_pre_req_pre"": ""0"", ""buy_10th_pre_bid"": ""-2084000"", ""buy_10th_pre_req"": ""175"", ""buy_10th_pre_req_pre"": ""0"", ""tot_sel_req_jub_pre"": ""+12"", ""tot_sel_req"": ""4371"", ""tot_buy_req"": ""3658"", ""tot_buy_req_jub_pre"": ""--8"", ""ovt_sel_req_pre"": ""0"", ""ovt_sel_req"": ""0"", ""ovt_buy_req"": ""0"", ""ovt_buy_req_pre"": ""0"", ""return_code"": 0, ""return_msg"": ""정상적으로 처리되었습니다""}"
2026-06-10,scan_candidate,402340,,0,main_scan,1218000,,1218000,1217000,1218000,1214000,-0.41050903119868637,0.08210180623973727,,,,,,"{""bid_req_base_tm"": ""114518"", ""sel_10th_pre_req_pre"": ""0"", ""sel_10th_pre_req"": ""5"", ""sel_10th_pre_bid"": ""-1227000"", ""sel_9th_pre_req_pre"": ""0"", ""sel_9th_pre_req"": ""26"", ""sel_9th_pre_bid"": ""-1226000"", ""sel_8th_pre_req_pre"": ""0"", ""sel_8th_pre_req"": ""63"", ""sel_8th_pre_bid"": ""-1225000"", ""sel_7th_pre_req_pre"": ""0"", ""sel_7th_pre_req"": ""36"", ""sel_7th_pre_bid"": ""-1224000"", ""sel_6th_pre_req_pre"": ""0"", ""sel_6th_pre_req"": ""31"", ""sel_6th_pre_bid"": ""-1223000"", ""sel_5th_pre_req_pre"": ""0"", ""sel_5th_pre_req"": ""116"", ""sel_5th_pre_bid"": ""-1222000"", ""sel_4th_pre_req_pre"": ""--40"", ""sel_4th_pre_req"": ""78"", ""sel_4th_pre_bid"": ""-1221000"", ""sel_3th_pre_req_pre"": ""0"", ""sel_3th_pre_req"": ""779"", ""sel_3th_pre_bid"": ""-1220000"", ""sel_2th_pre_req_pre"": ""0"", ""sel_2th_pre_req"": ""219"", ""sel_2th_pre_bid"": ""-1219000"", ""sel_1th_pre_req_pre"": ""0"", ""sel_fpr_req"": ""398"", ""sel_fpr_bid"": ""-1218000"", ""buy_fpr_bid"": ""-1217000"", ""buy_fpr_req"": ""261"", ""buy_1th_pre_req_pre"": ""0"", ""buy_2th_pre_bid"": ""-1216000"", ""buy_2th_pre_req"": ""364"", ""buy_2th_pre_req_pre"": ""0"", ""buy_3th_pre_bid"": ""-1215000"", ""buy_3th_pre_req"": ""173"", ""buy_3th_pre_req_pre"": ""0"", ""buy_4th_pre_bid"": ""-1214000"", ""buy_4th_pre_req"": ""1"", ""buy_4th_pre_req_pre"": ""0"", ""buy_5th_pre_bid"": ""-1213000"", ""buy_5th_pre_req"": ""6"", ""buy_5th_pre_req_pre"": ""0"", ""buy_6th_pre_bid"": ""-1212000"", ""buy_6th_pre_req"": ""7"", ""buy_6th_pre_req_pre"": ""0"", ""buy_7th_pre_bid"": ""-1211000"", ""buy_7th_pre_req"": ""4"", ""buy_7th_pre_req_pre"": ""0"", ""buy_8th_pre_bid"": ""-1210000"", ""buy_8th_pre_req"": ""6"", ""buy_8th_pre_req_pre"": ""0"", ""buy_9th_pre_bid"": ""-1209000"", ""buy_9th_pre_req"": ""5"", ""buy_9th_pre_req_pre"": ""0"", ""buy_10th_pre_bid"": ""-1208000"", ""buy_10th_pre_req"": ""47"", ""buy_10th_pre_req_pre"": ""0"", ""tot_sel_req_jub_pre"": ""--40"", ""tot_sel_req"": ""1751"", ""tot_buy_req"": ""874"", ""tot_buy_req_jub_pre"": ""0"", ""ovt_sel_req_pre"": ""0"", ""ovt_sel_req"": ""0"", ""ovt_buy_req"": ""0"", ""ovt_buy_req_pre"": ""0"", ""return_code"": 0, ""return_msg"": ""정상적으로 처리되었습니다""}"
2026-06-10,scan_candidate,009150,,0,main_scan,1891000,,1891000,1890000,1891000,1890000,-0.10576414595452141,0.052882072977260705,,,,,,"{""bid_req_base_tm"": ""114518"", ""sel_10th_pre_req_pre"": ""0"", ""sel_10th_pre_req"": ""1188"", ""sel_10th_pre_bid"": ""-1900000"", ""sel_9th_pre_req_pre"": ""0"", ""sel_9th_pre_req"": ""156"", ""sel_9th_pre_bid"": ""-1899000"", ""sel_8th_pre_req_pre"": ""+1"", ""sel_8th_pre_req"": ""23"", ""sel_8th_pre_bid"": ""-1898000"", ""sel_7th_pre_req_pre"": ""0"", ""sel_7th_pre_req"": ""87"", ""sel_7th_pre_bid"": ""-1897000"", ""sel_6th_pre_req_pre"": ""0"", ""sel_6th_pre_req"": ""29"", ""sel_6th_pre_bid"": ""-1896000"", ""sel_5th_pre_req_pre"": ""0"", ""sel_5th_pre_req"": ""67"", ""sel_5th_pre_bid"": ""-1895000"", ""sel_4th_pre_req_pre"": ""0"", ""sel_4th_pre_req"": ""87"", ""sel_4th_pre_bid"": ""-1894000"", ""sel_3th_pre_req_pre"": ""0"", ""sel_3th_pre_req"": ""87"", ""sel_3th_pre_bid"": ""-1893000"", ""sel_2th_pre_req_pre"": ""0"", ""sel_2th_pre_req"": ""403"", ""sel_2th_pre_bid"": ""-1892000"", ""sel_1th_pre_req_pre"": ""0"", ""sel_fpr_req"": ""21"", ""sel_fpr_bid"": ""-1891000"", ""buy_fpr_bid"": ""-1890000"", ""buy_fpr_req"": ""126"", ""buy_1th_pre_req_pre"": ""0"", ""buy_2th_pre_bid"": ""-1889000"", ""buy_2th_pre_req"": ""368"", ""buy_2th_pre_req_pre"": ""0"", ""buy_3th_pre_bid"": ""-1888000"", ""buy_3th_pre_req"": ""105"", ""buy_3th_pre_req_pre"": ""0"", ""buy_4th_pre_bid"": ""-1887000"", ""buy_4th_pre_req"": ""63"", ""buy_4th_pre_req_pre"": ""0"", ""buy_5th_pre_bid"": ""-1886000"", ""buy_5th_pre_req"": ""164"", ""buy_5th_pre_req_pre"": ""0"", ""buy_6th_pre_bid"": ""-1885000"", ""buy_6th_pre_req"": ""46"", ""buy_6th_pre_req_pre"": ""0"", ""buy_7th_pre_bid"": ""-1884000"", ""buy_7th_pre_req"": ""14"", ""buy_7th_pre_req_pre"": ""0"", ""buy_8th_pre_bid"": ""-1883000"", ""buy_8th_pre_req"": ""44"", ""buy_8th_pre_req_pre"": ""0"", ""buy_9th_pre_bid"": ""-1882000"", ""buy_9th_pre_req"": ""19"", ""buy_9th_pre_req_pre"": ""0"", ""buy_10th_pre_bid"": ""-1881000"", ""buy_10th_pre_req"": ""46"", ""buy_10th_pre_req_pre"": ""0"", ""tot_sel_req_jub_pre"": ""+1"", ""tot_sel_req"": ""2148"", ""tot_buy_req"": ""995"", ""tot_buy_req_jub_pre"": ""0"", ""ovt_sel_req_pre"": ""0"", ""ovt_sel_req"": ""0"", ""ovt_buy_req"": ""0"", ""ovt_buy_req_pre"": ""0"", ""return_code"": 0, ""return_msg"": ""정상적으로 처리되었습니다""}"
2026-06-10,scan_candidate,032830,,0,main_scan,372000,,372000,371500,372000,372000,-0.13440860215053765,0.13440860215053765,,,,,,"{""bid_req_base_tm"": ""114518"", ""sel_10th_pre_req_pre"": ""0"", ""sel_10th_pre_req"": ""211"", ""sel_10th_pre_bid"": ""-376500"", ""sel_9th_pre_req_pre"": ""0"", ""sel_9th_pre_req"": ""43"", ""sel_9th_pre_bid"": ""-376000"", ""sel_8th_pre_req_pre"": ""0"", ""sel_8th_pre_req"": ""16"", ""sel_8th_pre_bid"": ""-375500"", ""sel_7th_pre_req_pre"": ""0"", ""sel_7th_pre_req"": ""189"", ""sel_7th_pre_bid"": ""-375000"", ""sel_6th_pre_req_pre"": ""0"", ""sel_6th_pre_req"": ""110"", ""sel_6th_pre_bid"": ""-374500"", ""sel_5th_pre_req_pre"": ""0"", ""sel_5th_pre_req"": ""192"", ""sel_5th_pre_bid"": ""-374000"", ""sel_4th_pre_req_pre"": ""0"", ""sel_4th_pre_req"": ""25"", ""sel_4th_pre_bid"": ""-373500"", ""sel_3th_pre_req_pre"": ""0"", ""sel_3th_pre_req"": ""119"", ""sel_3th_pre_bid"": ""-373000"", ""sel_2th_pre_req_pre"": ""0"", ""sel_2th_pre_req"": ""113"", ""sel_2th_pre_bid"": ""-372500"", ""sel_1th_pre_req_pre"": ""0"", ""sel_fpr_req"": ""405"", ""sel_fpr_bid"": ""-372000"", ""buy_fpr_bid"": ""-371500"", ""buy_fpr_req"": ""111"", ""buy_1th_pre_req_pre"": ""0"", ""buy_2th_pre_bid"": ""-371000"", ""buy_2th_pre_req"": ""531"", ""buy_2th_pre_req_pre"": ""0"", ""buy_3th_pre_bid"": ""-370500"", ""buy_3th_pre_req"": ""1"", ""buy_3th_pre_req_pre"": ""0"", ""buy_4th_pre_bid"": ""-370000"", ""buy_4th_pre_req"": ""105"", ""buy_4th_pre_req_pre"": ""0"", ""buy_5th_pre_bid"": ""-369500"", ""buy_5th_pre_req"": ""31"", ""buy_5th_pre_req_pre"": ""0"", ""buy_6th_pre_bid"": ""-369000"", ""buy_6th_pre_req"": ""201"", ""buy_6th_pre_req_pre"": ""+1"", ""buy_7th_pre_bid"": ""-368500"", ""buy_7th_pre_req"": ""147"", ""buy_7th_pre_req_pre"": ""0"", ""buy_8th_pre_bid"": ""-368000"", ""buy_8th_pre_req"": ""415"", ""buy_8th_pre_req_pre"": ""0"", ""buy_9th_pre_bid"": ""-367500"", ""buy_9th_pre_req"": ""305"", ""buy_9th_pre_req_pre"": ""0"", ""buy_10th_pre_bid"": ""-367000"", ""buy_10th_pre_req"": ""308"", ""buy_10th_pre_req_pre"": ""0"", ""tot_sel_req_jub_pre"": ""0"", ""tot_sel_req"": ""1423"", ""tot_buy_req"": ""2155"", ""tot_buy_req_jub_pre"": ""+1"", ""ovt_sel_req_pre"": ""0"", ""ovt_sel_req"": ""0"", ""ovt_buy_req"": ""0"", ""ovt_buy_req_pre"": ""0"", ""return_code"": 0, ""return_msg"": ""정상적으로 처리되었습니다""}"
2026-06-10,scan_candidate,012330,,0,main_scan,573000,,573000,572000,573000,576000,0.34904013961605584,0.17452006980802792,,,,,,"{""bid_req_base_tm"": ""114519"", ""sel_10th_pre_req_pre"": ""0"", ""sel_10th_pre_req"": ""171"", ""sel_10th_pre_bid"": ""-582000"", ""sel_9th_pre_req_pre"": ""0"", ""sel_9th_pre_req"": ""146"", ""sel_9th_pre_bid"": ""-581000"", ""sel_8th_pre_req_pre"": ""0"", ""sel_8th_pre_req"": ""758"", ""sel_8th_pre_bid"": ""-580000"", ""sel_7th_pre_req_pre"": ""0"", ""sel_7th_pre_req"": ""283"", ""sel_7th_pre_bid"": ""-579000"", ""sel_6th_pre_req_pre"": ""0"", ""sel_6th_pre_req"": ""30"", ""sel_6th_pre_bid"": ""-578000"", ""sel_5th_pre_req_pre"": ""0"", ""sel_5th_pre_req"": ""238"", ""sel_5th_pre_bid"": ""-577000"", ""sel_4th_pre_req_pre"": ""0"", ""sel_4th_pre_req"": ""54"", ""sel_4th_pre_bid"": ""-576000"", ""sel_3th_pre_req_pre"": ""+50"", ""sel_3th_pre_req"": ""120"", ""sel_3th_pre_bid"": ""-575000"", ""sel_2th_pre_req_pre"": ""+50"", ""sel_2th_pre_req"": ""198"", ""sel_2th_pre_bid"": ""-574000"", ""sel_1th_pre_req_pre"": ""--107"", ""sel_fpr_req"": ""138"", ""sel_fpr_bid"": ""-573000"", ""buy_fpr_bid"": ""-572000"", ""buy_fpr_req"": ""163"", ""buy_1th_pre_req_pre"": ""0"", ""buy_2th_pre_bid"": ""-571000"", ""buy_2th_pre_req"": ""1114"", ""buy_2th_pre_req_pre"": ""+30"", ""buy_3th_pre_bid"": ""-570000"", ""buy_3th_pre_req"": ""1052"", ""buy_3th_pre_req_pre"": ""--30"", ""buy_4th_pre_bid"": ""-569000"", ""buy_4th_pre_req"": ""2704"", ""buy_4th_pre_req_pre"": ""0"", ""buy_5th_pre_bid"": ""-568000"", ""buy_5th_pre_req"": ""1445"", ""buy_5th_pre_req_pre"": ""0"", ""buy_6th_pre_bid"": ""-567000"", ""buy_6th_pre_req"": ""983"", ""buy_6th_pre_req_pre"": ""0"", ""buy_7th_pre_bid"": ""-566000"", ""buy_7th_pre_req"": ""1597"", ""buy_7th_pre_req_pre"": ""0"", ""buy_8th_pre_bid"": ""-565000"", ""buy_8th_pre_req"": ""2131"", ""buy_8th_pre_req_pre"": ""+1"", ""buy_9th_pre_bid"": ""-564000"", ""buy_9th_pre_req"": ""864"", ""buy_9th_pre_req_pre"": ""0"", ""buy_10th_pre_bid"": ""-563000"", ""buy_10th_pre_req"": ""2199"", ""buy_10th_pre_req_pre"": ""0"", ""tot_sel_req_jub_pre"": ""--7"", ""tot_sel_req"": ""2136"", ""tot_buy_req"": ""14252"", ""tot_buy_req_jub_pre"": ""+1"", ""ovt_sel_req_pre"": ""0"", ""ovt_sel_req"": ""0"", ""ovt_buy_req"": ""0"", ""ovt_buy_req_pre"": ""0"", ""return_code"": 0, ""return_msg"": ""정상적으로 처리되었습니다""}"
2026-06-10,scan_candidate,055550,,0,main_scan,98200,,98200,98100,98200,98400,0.10183299389002036,0.10183299389002036,,,,,,"{""bid_req_base_tm"": ""114518"", ""sel_10th_pre_req_pre"": ""0"", ""sel_10th_pre_req"": ""23"", ""sel_10th_pre_bid"": ""-99100"", ""sel_9th_pre_req_pre"": ""0"", ""sel_9th_pre_req"": ""505"", ""sel_9th_pre_bid"": ""-99000"", ""sel_8th_pre_req_pre"": ""0"", ""sel_8th_pre_req"": ""401"", ""sel_8th_pre_bid"": ""-98900"", ""sel_7th_pre_req_pre"": ""0"", ""sel_7th_pre_req"": ""101"", ""sel_7th_pre_bid"": ""-98800"", ""sel_6th_pre_req_pre"": ""0"", ""sel_6th_pre_req"": ""160"", ""sel_6th_pre_bid"": ""-98700"", ""sel_5th_pre_req_pre"": ""0"", ""sel_5th_pre_req"": ""10"", ""sel_5th_pre_bid"": ""-98600"", ""sel_4th_pre_req_pre"": ""0"", ""sel_4th_pre_req"": ""98"", ""sel_4th_pre_bid"": ""-98500"", ""sel_3th_pre_req_pre"": ""0"", ""sel_3th_pre_req"": ""949"", ""sel_3th_pre_bid"": ""-98400"", ""sel_2th_pre_req_pre"": ""0"", ""sel_2th_pre_req"": ""320"", ""sel_2th_pre_bid"": ""-98300"", ""sel_1th_pre_req_pre"": ""0"", ""sel_fpr_req"": ""1137"", ""sel_fpr_bid"": ""-98200"", ""buy_fpr_bid"": ""-98100"", ""buy_fpr_req"": ""1134"", ""buy_1th_pre_req_pre"": ""0"", ""buy_2th_pre_bid"": ""-98000"", ""buy_2th_pre_req"": ""1925"", ""buy_2th_pre_req_pre"": ""--1"", ""buy_3th_pre_bid"": ""-97900"", ""buy_3th_pre_req"": ""610"", ""buy_3th_pre_req_pre"": ""0"", ""buy_4th_pre_bid"": ""-97800"", ""buy_4th_pre_req"": ""431"", ""buy_4th_pre_req_pre"": ""0"", ""buy_5th_pre_bid"": ""-97700"", ""buy_5th_pre_req"": ""484"", ""buy_5th_pre_req_pre"": ""0"", ""buy_6th_pre_bid"": ""-97600"", ""buy_6th_pre_req"": ""553"", ""buy_6th_pre_req_pre"": ""0"", ""buy_7th_pre_bid"": ""-97500"", ""buy_7th_pre_req"": ""1039"", ""buy_7th_pre_req_pre"": ""0"", ""buy_8th_pre_bid"": ""-97400"", ""buy_8th_pre_req"": ""118"", ""buy_8th_pre_req_pre"": ""0"", ""buy_9th_pre_bid"": ""-97300"", ""buy_9th_pre_req"": ""128"", ""buy_9th_pre_req_pre"": ""0"", ""buy_10th_pre_bid"": ""-97200"", ""buy_10th_pre_req"": ""189"", ""buy_10th_pre_req_pre"": ""0"", ""tot_sel_req_jub_pre"": ""0"", ""tot_sel_req"": ""3704"", ""tot_buy_req"": ""6611"", ""tot_buy_req_jub_pre"": ""--1"", ""ovt_sel_req_pre"": ""0"", ""ovt_sel_req"": ""0"", ""ovt_buy_req"": ""0"", ""ovt_buy_req_pre"": ""0"", ""return_code"": 0, ""return_msg"": ""정상적으로 처리되었습니다""}"
2026-06-10,scan_candidate,034730,,0,main_scan,578000,,578000,576000,578000,580000,0.17301038062283738,0.34602076124567477,,,,,,"{""bid_req_base_tm"": ""114518"", ""sel_10th_pre_req_pre"": ""0"", ""sel_10th_pre_req"": ""113"", ""sel_10th_pre_bid"": ""-587000"", ""sel_9th_pre_req_pre"": ""0"", ""sel_9th_pre_req"": ""2"", ""sel_9th_pre_bid"": ""-586000"", ""sel_8th_pre_req_pre"": ""0"", ""sel_8th_pre_req"": ""105"", ""sel_8th_pre_bid"": ""-585000"", ""sel_7th_pre_req_pre"": ""0"", ""sel_7th_pre_req"": ""14"", ""sel_7th_pre_bid"": ""-584000"", ""sel_6th_pre_req_pre"": ""0"", ""sel_6th_pre_req"": ""104"", ""sel_6th_pre_bid"": ""-583000"", ""sel_5th_pre_req_pre"": ""0"", ""sel_5th_pre_req"": ""23"", ""sel_5th_pre_bid"": ""-582000"", ""sel_4th_pre_req_pre"": ""0"", ""sel_4th_pre_req"": ""18"", ""sel_4th_pre_bid"": ""-581000"", ""sel_3th_pre_req_pre"": ""0"", ""sel_3th_pre_req"": ""61"", ""sel_3th_pre_bid"": ""-580000"", ""sel_2th_pre_req_pre"": ""0"", ""sel_2th_pre_req"": ""13"", ""sel_2th_pre_bid"": ""-579000"", ""sel_1th_pre_req_pre"": ""0"", ""sel_fpr_req"": ""233"", ""sel_fpr_bid"": ""-578000"", ""buy_fpr_bid"": ""-576000"", ""buy_fpr_req"": ""40"", ""buy_1th_pre_req_pre"": ""+1"", ""buy_2th_pre_bid"": ""-575000"", ""buy_2th_pre_req"": ""12"", ""buy_2th_pre_req_pre"": ""0"", ""buy_3th_pre_bid"": ""-574000"", ""buy_3th_pre_req"": ""1274"", ""buy_3th_pre_req_pre"": ""0"", ""buy_4th_pre_bid"": ""-573000"", ""buy_4th_pre_req"": ""59"", ""buy_4th_pre_req_pre"": ""0"", ""buy_5th_pre_bid"": ""-572000"", ""buy_5th_pre_req"": ""60"", ""buy_5th_pre_req_pre"": ""0"", ""buy_6th_pre_bid"": ""-571000"", ""buy_6th_pre_req"": ""30"", ""buy_6th_pre_req_pre"": ""0"", ""buy_7th_pre_bid"": ""-570000"", ""buy_7th_pre_req"": ""217"", ""buy_7th_pre_req_pre"": ""0"", ""buy_8th_pre_bid"": ""-569000"", ""buy_8th_pre_req"": ""88"", ""buy_8th_pre_req_pre"": ""0"", ""buy_9th_pre_bid"": ""-568000"", ""buy_9th_pre_req"": ""112"", ""buy_9th_pre_req_pre"": ""0"", ""buy_10th_pre_bid"": ""-567000"", ""buy_10th_pre_req"": ""301"", ""buy_10th_pre_req_pre"": ""0"", ""tot_sel_req_jub_pre"": ""0"", ""tot_sel_req"": ""686"", ""tot_buy_req"": ""2193"", ""tot_buy_req_jub_pre"": ""+1"", ""ovt_sel_req_pre"": ""0"", ""ovt_sel_req"": ""0"", ""ovt_buy_req"": ""0"", ""ovt_buy_req_pre"": ""0"", ""return_code"": 0, ""return_msg"": ""정상적으로 처리되었습니다""}"
2026-06-10,scan_candidate,066570,,0,main_scan,228500,,228500,228000,228500,230000,0.437636761487965,0.2188183807439825,,,,,,"{""bid_req_base_tm"": ""114519"", ""sel_10th_pre_req_pre"": ""0"", ""sel_10th_pre_req"": ""3492"", ""sel_10th_pre_bid"": ""-233000"", ""sel_9th_pre_req_pre"": ""0"", ""sel_9th_pre_req"": ""2063"", ""sel_9th_pre_bid"": ""-232500"", ""sel_8th_pre_req_pre"": ""0"", ""sel_8th_pre_req"": ""1241"", ""sel_8th_pre_bid"": ""-232000"", ""sel_7th_pre_req_pre"": ""0"", ""sel_7th_pre_req"": ""1855"", ""sel_7th_pre_bid"": ""-231500"", ""sel_6th_pre_req_pre"": ""0"", ""sel_6th_pre_req"": ""2674"", ""sel_6th_pre_bid"": ""-231000"", ""sel_5th_pre_req_pre"": ""0"", ""sel_5th_pre_req"": ""1148"", ""sel_5th_pre_bid"": ""-230500"", ""sel_4th_pre_req_pre"": ""0"", ""sel_4th_pre_req"": ""4097"", ""sel_4th_pre_bid"": ""-230000"", ""sel_3th_pre_req_pre"": ""0"", ""sel_3th_pre_req"": ""1191"", ""sel_3th_pre_bid"": ""-229500"", ""sel_2th_pre_req_pre"": ""0"", ""sel_2th_pre_req"": ""2565"", ""sel_2th_pre_bid"": ""-229000"", ""sel_1th_pre_req_pre"": ""--2"", ""sel_fpr_req"": ""5529"", ""sel_fpr_bid"": ""-228500"", ""buy_fpr_bid"": ""-228000"", ""buy_fpr_req"": ""11314"", ""buy_1th_pre_req_pre"": ""+4"", ""buy_2th_pre_bid"": ""-227500"", ""buy_2th_pre_req"": ""9715"", ""buy_2th_pre_req_pre"": ""0"", ""buy_3th_pre_bid"": ""-227000"", ""buy_3th_pre_req"": ""54737"", ""buy_3th_pre_req_pre"": ""0"", ""buy_4th_pre_bid"": ""-226500"", ""buy_4th_pre_req"": ""4380"", ""buy_4th_pre_req_pre"": ""0"", ""buy_5th_pre_bid"": ""-226000"", ""buy_5th_pre_req"": ""5142"", ""buy_5th_pre_req_pre"": ""0"", ""buy_6th_pre_bid"": ""-225500"", ""buy_6th_pre_req"": ""4828"", ""buy_6th_pre_req_pre"": ""0"", ""buy_7th_pre_bid"": ""-225000"", ""buy_7th_pre_req"": ""18821"", ""buy_7th_pre_req_pre"": ""0"", ""buy_8th_pre_bid"": ""-224500"", ""buy_8th_pre_req"": ""2767"", ""buy_8th_pre_req_pre"": ""0"", ""buy_9th_pre_bid"": ""-224000"", ""buy_9th_pre_req"": ""3828"", ""buy_9th_pre_req_pre"": ""0"", ""buy_10th_pre_bid"": ""-223500"", ""buy_10th_pre_req"": ""2437"", ""buy_10th_pre_req_pre"": ""0"", ""tot_sel_req_jub_pre"": ""--2"", ""tot_sel_req"": ""25855"", ""tot_buy_req"": ""117969"", ""tot_buy_req_jub_pre"": ""+4"", ""ovt_sel_req_pre"": ""0"", ""ovt_sel_req"": ""0"", ""ovt_buy_req"": ""0"", ""ovt_buy_req_pre"": ""0"", ""return_code"": 0, ""return_msg"": ""정상적으로 처리되었습니다""}"
2026-06-10,scan_candidate,035420,,0,main_scan,232500,,232500,232000,232500,233500,0.21505376344086022,0.21505376344086022,,,,,,"{""bid_req_base_tm"": ""114519"", ""sel_10th_pre_req_pre"": ""0"", ""sel_10th_pre_req"": ""2336"", ""sel_10th_pre_bid"": ""-237000"", ""sel_9th_pre_req_pre"": ""0"", ""sel_9th_pre_req"": ""4246"", ""sel_9th_pre_bid"": ""-236500"", ""sel_8th_pre_req_pre"": ""0"", ""sel_8th_pre_req"": ""3567"", ""sel_8th_pre_bid"": ""-236000"", ""sel_7th_pre_req_pre"": ""0"", ""sel_7th_pre_req"": ""2736"", ""sel_7th_pre_bid"": ""-235500"", ""sel_6th_pre_req_pre"": ""0"", ""sel_6th_pre_req"": ""2257"", ""sel_6th_pre_bid"": ""-235000"", ""sel_5th_pre_req_pre"": ""0"", ""sel_5th_pre_req"": ""2278"", ""sel_5th_pre_bid"": ""-234500"", ""sel_4th_pre_req_pre"": ""0"", ""sel_4th_pre_req"": ""1728"", ""sel_4th_pre_bid"": ""-234000"", ""sel_3th_pre_req_pre"": ""0"", ""sel_3th_pre_req"": ""1546"", ""sel_3th_pre_bid"": ""-233500"", ""sel_2th_pre_req_pre"": ""0"", ""sel_2th_pre_req"": ""2131"", ""sel_2th_pre_bid"": ""-233000"", ""sel_1th_pre_req_pre"": ""0"", ""sel_fpr_req"": ""3697"", ""sel_fpr_bid"": ""-232500"", ""buy_fpr_bid"": ""-232000"", ""buy_fpr_req"": ""1820"", ""buy_1th_pre_req_pre"": ""0"", ""buy_2th_pre_bid"": ""-231500"", ""buy_2th_pre_req"": ""3479"", ""buy_2th_pre_req_pre"": ""0"", ""buy_3th_pre_bid"": ""-231000"", ""buy_3th_pre_req"": ""8884"", ""buy_3th_pre_req_pre"": ""+10"", ""buy_4th_pre_bid"": ""-230500"", ""buy_4th_pre_req"": ""22882"", ""buy_4th_pre_req_pre"": ""0"", ""buy_5th_pre_bid"": ""-230000"", ""buy_5th_pre_req"": ""69122"", ""buy_5th_pre_req_pre"": ""0"", ""buy_6th_pre_bid"": ""-229500"", ""buy_6th_pre_req"": ""6527"", ""buy_6th_pre_req_pre"": ""0"", ""buy_7th_pre_bid"": ""-229000"", ""buy_7th_pre_req"": ""9378"", ""buy_7th_pre_req_pre"": ""0"", ""buy_8th_pre_bid"": ""-228500"", ""buy_8th_pre_req"": ""9069"", ""buy_8th_pre_req_pre"": ""0"", ""buy_9th_pre_bid"": ""-228000"", ""buy_9th_pre_req"": ""9367"", ""buy_9th_pre_req_pre"": ""0"", ""buy_10th_pre_bid"": ""-227500"", ""buy_10th_pre_req"": ""4808"", ""buy_10th_pre_req_pre"": ""0"", ""tot_sel_req_jub_pre"": ""0"", ""tot_sel_req"": ""26522"", ""tot_buy_req"": ""145336"", ""tot_buy_req_jub_pre"": ""+10"", ""ovt_sel_req_pre"": ""0"", ""ovt_sel_req"": ""0"", ""ovt_buy_req"": ""0"", ""ovt_buy_req_pre"": ""0"", ""return_code"": 0, ""return_msg"": ""정상적으로 처리되었습니다""}"
2026-06-10,scan_candidate,086790,,0,main_scan,118400,,118400,118300,118400,118500,-0.33783783783783783,0.08445945945945946,,,,,,"{""bid_req_base_tm"": ""114519"", ""sel_10th_pre_req_pre"": ""0"", ""sel_10th_pre_req"": ""249"", ""sel_10th_pre_bid"": ""+119500"", ""sel_9th_pre_req_pre"": ""0"", ""sel_9th_pre_req"": ""6"", ""sel_9th_pre_bid"": ""+119400"", ""sel_8th_pre_req_pre"": ""0"", ""sel_8th_pre_req"": ""32"", ""sel_8th_pre_bid"": ""+119300"", ""sel_7th_pre_req_pre"": ""0"", ""sel_7th_pre_req"": ""133"", ""sel_7th_pre_bid"": ""+119200"", ""sel_6th_pre_req_pre"": ""0"", ""sel_6th_pre_req"": ""7"", ""sel_6th_pre_bid"": ""+119100"", ""sel_5th_pre_req_pre"": ""0"", ""sel_5th_pre_req"": ""71"", ""sel_5th_pre_bid"": ""119000"", ""sel_4th_pre_req_pre"": ""0"", ""sel_4th_pre_req"": ""201"", ""sel_4th_pre_bid"": ""-118800"", ""sel_3th_pre_req_pre"": ""0"", ""sel_3th_pre_req"": ""697"", ""sel_3th_pre_bid"": ""-118700"", ""sel_2th_pre_req_pre"": ""0"", ""sel_2th_pre_req"": ""2"", ""sel_2th_pre_bid"": ""-118600"", ""sel_1th_pre_req_pre"": ""0"", ""sel_fpr_req"": ""1227"", ""sel_fpr_bid"": ""-118400"", ""buy_fpr_bid"": ""-118300"", ""buy_fpr_req"": ""1524"", ""buy_1th_pre_req_pre"": ""--1"", ""buy_2th_pre_bid"": ""-118200"", ""buy_2th_pre_req"": ""1390"", ""buy_2th_pre_req_pre"": ""0"", ""buy_3th_pre_bid"": ""-118100"", ""buy_3th_pre_req"": ""79"", ""buy_3th_pre_req_pre"": ""0"", ""buy_4th_pre_bid"": ""-118000"", ""buy_4th_pre_req"": ""412"", ""buy_4th_pre_req_pre"": ""0"", ""buy_5th_pre_bid"": ""-117900"", ""buy_5th_pre_req"": ""50"", ""buy_5th_pre_req_pre"": ""0"", ""buy_6th_pre_bid"": ""-117800"", ""buy_6th_pre_req"": ""564"", ""buy_6th_pre_req_pre"": ""0"", ""buy_7th_pre_bid"": ""-117700"", ""buy_7th_pre_req"": ""149"", ""buy_7th_pre_req_pre"": ""0"", ""buy_8th_pre_bid"": ""-117600"", ""buy_8th_pre_req"": ""100"", ""buy_8th_pre_req_pre"": ""0"", ""buy_9th_pre_bid"": ""-117500"", ""buy_9th_pre_req"": ""660"", ""buy_9th_pre_req_pre"": ""0"", ""buy_10th_pre_bid"": ""-117400"", ""buy_10th_pre_req"": ""76"", ""buy_10th_pre_req_pre"": ""0"", ""tot_sel_req_jub_pre"": ""0"", ""tot_sel_req"": ""2625"", ""tot_buy_req"": ""5004"", ""tot_buy_req_jub_pre"": ""--1"", ""ovt_sel_req_pre"": ""0"", ""ovt_sel_req"": ""0"", ""ovt_buy_req"": ""0"", ""ovt_buy_req_pre"": ""0"", ""return_code"": 0, ""return_msg"": ""정상적으로 처리되었습니다""}"
2026-06-10,scan_candidate,000810,,0,main_scan,623000,,623000,622000,623000,620000,-0.6420545746388443,0.16051364365971107,,,,,,"{""bid_req_base_tm"": ""114518"", ""sel_10th_pre_req_pre"": ""0"", ""sel_10th_pre_req"": ""3"", ""sel_10th_pre_bid"": ""-632000"", ""sel_9th_pre_req_pre"": ""0"", ""sel_9th_pre_req"": ""58"", ""sel_9th_pre_bid"": ""-631000"", ""sel_8th_pre_req_pre"": ""0"", ""sel_8th_pre_req"": ""48"", ""sel_8th_pre_bid"": ""-630000"", ""sel_7th_pre_req_pre"": ""0"", ""sel_7th_pre_req"": ""15"", ""sel_7th_pre_bid"": ""-629000"", ""sel_6th_pre_req_pre"": ""0"", ""sel_6th_pre_req"": ""27"", ""sel_6th_pre_bid"": ""-628000"", ""sel_5th_pre_req_pre"": ""0"", ""sel_5th_pre_req"": ""25"", ""sel_5th_pre_bid"": ""-627000"", ""sel_4th_pre_req_pre"": ""0"", ""sel_4th_pre_req"": ""24"", ""sel_4th_pre_bid"": ""-626000"", ""sel_3th_pre_req_pre"": ""0"", ""sel_3th_pre_req"": ""101"", ""sel_3th_pre_bid"": ""-625000"", ""sel_2th_pre_req_pre"": ""0"", ""sel_2th_pre_req"": ""104"", ""sel_2th_pre_bid"": ""-624000"", ""sel_1th_pre_req_pre"": ""0"", ""sel_fpr_req"": ""816"", ""sel_fpr_bid"": ""-623000"", ""buy_fpr_bid"": ""-622000"", ""buy_fpr_req"": ""481"", ""buy_1th_pre_req_pre"": ""--7"", ""buy_2th_pre_bid"": ""-621000"", ""buy_2th_pre_req"": ""16"", ""buy_2th_pre_req_pre"": ""0"", ""buy_3th_pre_bid"": ""-620000"", ""buy_3th_pre_req"": ""80"", ""buy_3th_pre_req_pre"": ""0"", ""buy_4th_pre_bid"": ""-619000"", ""buy_4th_pre_req"": ""42"", ""buy_4th_pre_req_pre"": ""0"", ""buy_5th_pre_bid"": ""-618000"", ""buy_5th_pre_req"": ""19"", ""buy_5th_pre_req_pre"": ""0"", ""buy_6th_pre_bid"": ""-617000"", ""buy_6th_pre_req"": ""36"", ""buy_6th_pre_req_pre"": ""0"", ""buy_7th_pre_bid"": ""-616000"", ""buy_7th_pre_req"": ""190"", ""buy_7th_pre_req_pre"": ""0"", ""buy_8th_pre_bid"": ""-615000"", ""buy_8th_pre_req"": ""24"", ""buy_8th_pre_req_pre"": ""0"", ""buy_9th_pre_bid"": ""-614000"", ""buy_9th_pre_req"": ""136"", ""buy_9th_pre_req_pre"": ""0"", ""buy_10th_pre_bid"": ""-613000"", ""buy_10th_pre_req"": ""47"", ""buy_10th_pre_req_pre"": ""0"", ""tot_sel_req_jub_pre"": ""0"", ""tot_sel_req"": ""1221"", ""tot_buy_req"": ""1071"", ""tot_buy_req_jub_pre"": ""--7"", ""ovt_sel_req_pre"": ""0"", ""ovt_sel_req"": ""0"", ""ovt_buy_req"": ""0"", ""ovt_buy_req_pre"": ""0"", ""return_code"": 0, ""return_msg"": ""정상적으로 처리되었습니다""}"
2026-06-10,scan_candidate,011070,,0,main_scan,1136000,,1136000,1135000,1136000,1133000,-0.35211267605633806,0.08802816901408451,,,,,,"{""bid_req_base_tm"": ""114520"", ""sel_10th_pre_req_pre"": ""0"", ""sel_10th_pre_req"": ""99"", ""sel_10th_pre_bid"": ""+1145000"", ""sel_9th_pre_req_pre"": ""0"", ""sel_9th_pre_req"": ""69"", ""sel_9th_pre_bid"": ""+1144000"", ""sel_8th_pre_req_pre"": ""0"", ""sel_8th_pre_req"": ""35"", ""sel_8th_pre_bid"": ""+1143000"", ""sel_7th_pre_req_pre"": ""0"", ""sel_7th_pre_req"": ""21"", ""sel_7th_pre_bid"": ""+1142000"", ""sel_6th_pre_req_pre"": ""0"", ""sel_6th_pre_req"": ""26"", ""sel_6th_pre_bid"": ""+1141000"", ""sel_5th_pre_req_pre"": ""0"", ""sel_5th_pre_req"": ""45"", ""sel_5th_pre_bid"": ""+1140000"", ""sel_4th_pre_req_pre"": ""0"", ""sel_4th_pre_req"": ""8"", ""sel_4th_pre_bid"": ""+1139000"", ""sel_3th_pre_req_pre"": ""0"", ""sel_3th_pre_req"": ""17"", ""sel_3th_pre_bid"": ""+1138000"", ""sel_2th_pre_req_pre"": ""0"", ""sel_2th_pre_req"": ""401"", ""sel_2th_pre_bid"": ""1137000"", ""sel_1th_pre_req_pre"": ""0"", ""sel_fpr_req"": ""15"", ""sel_fpr_bid"": ""-1136000"", ""buy_fpr_bid"": ""-1135000"", ""buy_fpr_req"": ""111"", ""buy_1th_pre_req_pre"": ""0"", ""buy_2th_pre_bid"": ""-1134000"", ""buy_2th_pre_req"": ""76"", ""buy_2th_pre_req_pre"": ""0"", ""buy_3th_pre_bid"": ""-1133000"", ""buy_3th_pre_req"": ""165"", ""buy_3th_pre_req_pre"": ""0"", ""buy_4th_pre_bid"": ""-1132000"", ""buy_4th_pre_req"": ""10"", ""buy_4th_pre_req_pre"": ""0"", ""buy_5th_pre_bid"": ""-1131000"", ""buy_5th_pre_req"": ""9"", ""buy_5th_pre_req_pre"": ""0"", ""buy_6th_pre_bid"": ""-1130000"", ""buy_6th_pre_req"": ""8"", ""buy_6th_pre_req_pre"": ""0"", ""buy_7th_pre_bid"": ""-1129000"", ""buy_7th_pre_req"": ""22"", ""buy_7th_pre_req_pre"": ""0"", ""buy_8th_pre_bid"": ""-1128000"", ""buy_8th_pre_req"": ""21"", ""buy_8th_pre_req_pre"": ""0"", ""buy_9th_pre_bid"": ""-1127000"", ""buy_9th_pre_req"": ""33"", ""buy_9th_pre_req_pre"": ""0"", ""buy_10th_pre_bid"": ""-1126000"", ""buy_10th_pre_req"": ""16"", ""buy_10th_pre_req_pre"": ""0"", ""tot_sel_req_jub_pre"": ""0"", ""tot_sel_req"": ""736"", ""tot_buy_req"": ""471"", ""tot_buy_req_jub_pre"": ""0"", ""ovt_sel_req_pre"": ""0"", ""ovt_sel_req"": ""0"", ""ovt_buy_req"": ""0"", ""ovt_buy_req_pre"": ""0"", ""return_code"": 0, ""return_msg"": ""정상적으로 처리되었습니다""}"
2026-06-10,scan_candidate,042700,,0,main_scan,279000,,279000,278500,279000,280500,0.35842293906810035,0.17921146953405018,,,,,,"{""bid_req_base_tm"": ""114520"", ""sel_10th_pre_req_pre"": ""0"", ""sel_10th_pre_req"": ""116"", ""sel_10th_pre_bid"": ""+283500"", ""sel_9th_pre_req_pre"": ""0"", ""sel_9th_pre_req"": ""249"", ""sel_9th_pre_bid"": ""+283000"", ""sel_8th_pre_req_pre"": ""0"", ""sel_8th_pre_req"": ""17"", ""sel_8th_pre_bid"": ""+282500"", ""sel_7th_pre_req_pre"": ""0"", ""sel_7th_pre_req"": ""207"", ""sel_7th_pre_bid"": ""+282000"", ""sel_6th_pre_req_pre"": ""0"", ""sel_6th_pre_req"": ""32"", ""sel_6th_pre_bid"": ""+281500"", ""sel_5th_pre_req_pre"": ""0"", ""sel_5th_pre_req"": ""342"", ""sel_5th_pre_bid"": ""+281000"", ""sel_4th_pre_req_pre"": ""0"", ""sel_4th_pre_req"": ""45"", ""sel_4th_pre_bid"": ""+280500"", ""sel_3th_pre_req_pre"": ""0"", ""sel_3th_pre_req"": ""375"", ""sel_3th_pre_bid"": ""+280000"", ""sel_2th_pre_req_pre"": ""0"", ""sel_2th_pre_req"": ""355"", ""sel_2th_pre_bid"": ""+279500"", ""sel_1th_pre_req_pre"": ""0"", ""sel_fpr_req"": ""670"", ""sel_fpr_bid"": ""+279000"", ""buy_fpr_bid"": ""+278500"", ""buy_fpr_req"": ""22"", ""buy_1th_pre_req_pre"": ""--3"", ""buy_2th_pre_bid"": ""+278000"", ""buy_2th_pre_req"": ""1409"", ""buy_2th_pre_req_pre"": ""0"", ""buy_3th_pre_bid"": ""+277500"", ""buy_3th_pre_req"": ""985"", ""buy_3th_pre_req_pre"": ""0"", ""buy_4th_pre_bid"": ""+277000"", ""buy_4th_pre_req"": ""769"", ""buy_4th_pre_req_pre"": ""0"", ""buy_5th_pre_bid"": ""276500"", ""buy_5th_pre_req"": ""850"", ""buy_5th_pre_req_pre"": ""0"", ""buy_6th_pre_bid"": ""-276000"", ""buy_6th_pre_req"": ""1946"", ""buy_6th_pre_req_pre"": ""0"", ""buy_7th_pre_bid"": ""-275500"", ""buy_7th_pre_req"": ""254"", ""buy_7th_pre_req_pre"": ""0"", ""buy_8th_pre_bid"": ""-275000"", ""buy_8th_pre_req"": ""1268"", ""buy_8th_pre_req_pre"": ""0"", ""buy_9th_pre_bid"": ""-274500"", ""buy_9th_pre_req"": ""194"", ""buy_9th_pre_req_pre"": ""0"", ""buy_10th_pre_bid"": ""-274000"", ""buy_10th_pre_req"": ""231"", ""buy_10th_pre_req_pre"": ""0"", ""tot_sel_req_jub_pre"": ""0"", ""tot_sel_req"": ""2408"", ""tot_buy_req"": ""7928"", ""tot_buy_req_jub_pre"": ""--3"", ""ovt_sel_req_pre"": ""0"", ""ovt_sel_req"": ""0"", ""ovt_buy_req"": ""0"", ""ovt_buy_req_pre"": ""0"", ""return_code"": 0, ""return_msg"": ""정상적으로 처리되었습니다""}"
2026-06-10,scan_candidate,017670,,0,main_scan,106000,,106000,105900,106000,106000,-0.4716981132075472,0.09433962264150944,,,,,,"{""bid_req_base_tm"": ""114520"", ""sel_10th_pre_req_pre"": ""0"", ""sel_10th_pre_req"": ""24"", ""sel_10th_pre_bid"": ""-106900"", ""sel_9th_pre_req_pre"": ""0"", ""sel_9th_pre_req"": ""118"", ""sel_9th_pre_bid"": ""-106800"", ""sel_8th_pre_req_pre"": ""0"", ""sel_8th_pre_req"": ""32"", ""sel_8th_pre_bid"": ""-106700"", ""sel_7th_pre_req_pre"": ""0"", ""sel_7th_pre_req"": ""32"", ""sel_7th_pre_bid"": ""-106600"", ""sel_6th_pre_req_pre"": ""0"", ""sel_6th_pre_req"": ""139"", ""sel_6th_pre_bid"": ""-106500"", ""sel_5th_pre_req_pre"": ""0"", ""sel_5th_pre_req"": ""299"", ""sel_5th_pre_bid"": ""-106400"", ""sel_4th_pre_req_pre"": ""0"", ""sel_4th_pre_req"": ""154"", ""sel_4th_pre_bid"": ""-106300"", ""sel_3th_pre_req_pre"": ""0"", ""sel_3th_pre_req"": ""198"", ""sel_3th_pre_bid"": ""-106200"", ""sel_2th_pre_req_pre"": ""0"", ""sel_2th_pre_req"": ""764"", ""sel_2th_pre_bid"": ""-106100"", ""sel_1th_pre_req_pre"": ""0"", ""sel_fpr_req"": ""59"", ""sel_fpr_bid"": ""-106000"", ""buy_fpr_bid"": ""-105900"", ""buy_fpr_req"": ""296"", ""buy_1th_pre_req_pre"": ""0"", ""buy_2th_pre_bid"": ""-105800"", ""buy_2th_pre_req"": ""1092"", ""buy_2th_pre_req_pre"": ""0"", ""buy_3th_pre_bid"": ""-105700"", ""buy_3th_pre_req"": ""1087"", ""buy_3th_pre_req_pre"": ""+10"", ""buy_4th_pre_bid"": ""-105600"", ""buy_4th_pre_req"": ""1267"", ""buy_4th_pre_req_pre"": ""0"", ""buy_5th_pre_bid"": ""-105500"", ""buy_5th_pre_req"": ""2729"", ""buy_5th_pre_req_pre"": ""0"", ""buy_6th_pre_bid"": ""-105400"", ""buy_6th_pre_req"": ""578"", ""buy_6th_pre_req_pre"": ""0"", ""buy_7th_pre_bid"": ""-105300"", ""buy_7th_pre_req"": ""672"", ""buy_7th_pre_req_pre"": ""0"", ""buy_8th_pre_bid"": ""-105200"", ""buy_8th_pre_req"": ""1613"", ""buy_8th_pre_req_pre"": ""0"", ""buy_9th_pre_bid"": ""-105100"", ""buy_9th_pre_req"": ""3554"", ""buy_9th_pre_req_pre"": ""0"", ""buy_10th_pre_bid"": ""-105000"", ""buy_10th_pre_req"": ""6828"", ""buy_10th_pre_req_pre"": ""0"", ""tot_sel_req_jub_pre"": ""0"", ""tot_sel_req"": ""1819"", ""tot_buy_req"": ""19716"", ""tot_buy_req_jub_pre"": ""+10"", ""ovt_sel_req_pre"": ""0"", ""ovt_sel_req"": ""0"", ""ovt_buy_req"": ""0"", ""ovt_buy_req_pre"": ""0"", ""return_code"": 0, ""return_msg"": ""정상적으로 처리되었습니다""}"
2026-06-10,scan_candidate,018260,,0,main_scan,232500,,232500,232000,232500,233500,0.21505376344086022,0.21505376344086022,,,,,,"{""bid_req_base_tm"": ""114521"", ""sel_10th_pre_req_pre"": ""0"", ""sel_10th_pre_req"": ""960"", ""sel_10th_pre_bid"": ""-237000"", ""sel_9th_pre_req_pre"": ""0"", ""sel_9th_pre_req"": ""237"", ""sel_9th_pre_bid"": ""-236500"", ""sel_8th_pre_req_pre"": ""0"", ""sel_8th_pre_req"": ""305"", ""sel_8th_pre_bid"": ""-236000"", ""sel_7th_pre_req_pre"": ""0"", ""sel_7th_pre_req"": ""226"", ""sel_7th_pre_bid"": ""-235500"", ""sel_6th_pre_req_pre"": ""0"", ""sel_6th_pre_req"": ""309"", ""sel_6th_pre_bid"": ""-235000"", ""sel_5th_pre_req_pre"": ""0"", ""sel_5th_pre_req"": ""172"", ""sel_5th_pre_bid"": ""-234500"", ""sel_4th_pre_req_pre"": ""0"", ""sel_4th_pre_req"": ""270"", ""sel_4th_pre_bid"": ""-234000"", ""sel_3th_pre_req_pre"": ""0"", ""sel_3th_pre_req"": ""196"", ""sel_3th_pre_bid"": ""-233500"", ""sel_2th_pre_req_pre"": ""0"", ""sel_2th_pre_req"": ""541"", ""sel_2th_pre_bid"": ""-233000"", ""sel_1th_pre_req_pre"": ""0"", ""sel_fpr_req"": ""74"", ""sel_fpr_bid"": ""-232500"", ""buy_fpr_bid"": ""-232000"", ""buy_fpr_req"": ""129"", ""buy_1th_pre_req_pre"": ""0"", ""buy_2th_pre_bid"": ""-231500"", ""buy_2th_pre_req"": ""350"", ""buy_2th_pre_req_pre"": ""--25"", ""buy_3th_pre_bid"": ""-231000"", ""buy_3th_pre_req"": ""711"", ""buy_3th_pre_req_pre"": ""0"", ""buy_4th_pre_bid"": ""-230500"", ""buy_4th_pre_req"": ""3039"", ""buy_4th_pre_req_pre"": ""0"", ""buy_5th_pre_bid"": ""-230000"", ""buy_5th_pre_req"": ""5539"", ""buy_5th_pre_req_pre"": ""0"", ""buy_6th_pre_bid"": ""-229500"", ""buy_6th_pre_req"": ""3698"", ""buy_6th_pre_req_pre"": ""0"", ""buy_7th_pre_bid"": ""-229000"", ""buy_7th_pre_req"": ""1134"", ""buy_7th_pre_req_pre"": ""0"", ""buy_8th_pre_bid"": ""-228500"", ""buy_8th_pre_req"": ""1065"", ""buy_8th_pre_req_pre"": ""0"", ""buy_9th_pre_bid"": ""-228000"", ""buy_9th_pre_req"": ""2217"", ""buy_9th_pre_req_pre"": ""0"", ""buy_10th_pre_bid"": ""-227500"", ""buy_10th_pre_req"": ""1748"", ""buy_10th_pre_req_pre"": ""0"", ""tot_sel_req_jub_pre"": ""0"", ""tot_sel_req"": ""3290"", ""tot_buy_req"": ""19630"", ""tot_buy_req_jub_pre"": ""--25"", ""ovt_sel_req_pre"": ""0"", ""ovt_sel_req"": ""0"", ""ovt_buy_req"": ""0"", ""ovt_buy_req_pre"": ""0"", ""return_code"": 0, ""return_msg"": ""정상적으로 처리되었습니다""}"
2026-06-10,scan_candidate,033780,,0,main_scan,183900,,183900,183800,183900,183500,-0.48939641109298526,0.0543773790103317,,,,,,"{""bid_req_base_tm"": ""114521"", ""sel_10th_pre_req_pre"": ""0"", ""sel_10th_pre_req"": ""55"", ""sel_10th_pre_bid"": ""+184900"", ""sel_9th_pre_req_pre"": ""0"", ""sel_9th_pre_req"": ""77"", ""sel_9th_pre_bid"": ""+184800"", ""sel_8th_pre_req_pre"": ""0"", ""sel_8th_pre_req"": ""226"", ""sel_8th_pre_bid"": ""+184700"", ""sel_7th_pre_req_pre"": ""0"", ""sel_7th_pre_req"": ""84"", ""sel_7th_pre_bid"": ""+184600"", ""sel_6th_pre_req_pre"": ""0"", ""sel_6th_pre_req"": ""157"", ""sel_6th_pre_bid"": ""+184500"", ""sel_5th_pre_req_pre"": ""0"", ""sel_5th_pre_req"": ""151"", ""sel_5th_pre_bid"": ""184300"", ""sel_4th_pre_req_pre"": ""0"", ""sel_4th_pre_req"": ""316"", ""sel_4th_pre_bid"": ""-184200"", ""sel_3th_pre_req_pre"": ""0"", ""sel_3th_pre_req"": ""498"", ""sel_3th_pre_bid"": ""-184100"", ""sel_2th_pre_req_pre"": ""0"", ""sel_2th_pre_req"": ""7"", ""sel_2th_pre_bid"": ""-184000"", ""sel_1th_pre_req_pre"": ""+6"", ""sel_fpr_req"": ""37"", ""sel_fpr_bid"": ""-183900"", ""buy_fpr_bid"": ""-183800"", ""buy_fpr_req"": ""348"", ""buy_1th_pre_req_pre"": ""0"", ""buy_2th_pre_bid"": ""-183700"", ""buy_2th_pre_req"": ""170"", ""buy_2th_pre_req_pre"": ""0"", ""buy_3th_pre_bid"": ""-183600"", ""buy_3th_pre_req"": ""12"", ""buy_3th_pre_req_pre"": ""0"", ""buy_4th_pre_bid"": ""-183500"", ""buy_4th_pre_req"": ""14"", ""buy_4th_pre_req_pre"": ""0"", ""buy_5th_pre_bid"": ""-183400"", ""buy_5th_pre_req"": ""21"", ""buy_5th_pre_req_pre"": ""0"", ""buy_6th_pre_bid"": ""-183300"", ""buy_6th_pre_req"": ""112"", ""buy_6th_pre_req_pre"": ""0"", ""buy_7th_pre_bid"": ""-183200"", ""buy_7th_pre_req"": ""12"", ""buy_7th_pre_req_pre"": ""0"", ""buy_8th_pre_bid"": ""-183100"", ""buy_8th_pre_req"": ""71"", ""buy_8th_pre_req_pre"": ""0"", ""buy_9th_pre_bid"": ""-183000"", ""buy_9th_pre_req"": ""218"", ""buy_9th_pre_req_pre"": ""0"", ""buy_10th_pre_bid"": ""-182900"", ""buy_10th_pre_req"": ""5"", ""buy_10th_pre_req_pre"": ""0"", ""tot_sel_req_jub_pre"": ""+6"", ""tot_sel_req"": ""1608"", ""tot_buy_req"": ""983"", ""tot_buy_req_jub_pre"": ""0"", ""ovt_sel_req_pre"": ""0"", ""ovt_sel_req"": ""0"", ""ovt_buy_req"": ""0"", ""ovt_buy_req_pre"": ""0"", ""return_code"": 0, ""return_msg"": ""정상적으로 처리되었습니다""}"
2026-06-10,scan_candidate,307950,,0,main_scan,693000,,693000,692000,693000,693000,-0.1443001443001443,0.1443001443001443,,,,,,"{""bid_req_base_tm"": ""114520"", ""sel_10th_pre_req_pre"": ""0"", ""sel_10th_pre_req"": ""211"", ""sel_10th_pre_bid"": ""+702000"", ""sel_9th_pre_req_pre"": ""0"", ""sel_9th_pre_req"": ""216"", ""sel_9th_pre_bid"": ""+701000"", ""sel_8th_pre_req_pre"": ""0"", ""sel_8th_pre_req"": ""113"", ""sel_8th_pre_bid"": ""+700000"", ""sel_7th_pre_req_pre"": ""0"", ""sel_7th_pre_req"": ""386"", ""sel_7th_pre_bid"": ""+699000"", ""sel_6th_pre_req_pre"": ""0"", ""sel_6th_pre_req"": ""46"", ""sel_6th_pre_bid"": ""+698000"", ""sel_5th_pre_req_pre"": ""0"", ""sel_5th_pre_req"": ""31"", ""sel_5th_pre_bid"": ""+697000"", ""sel_4th_pre_req_pre"": ""0"", ""sel_4th_pre_req"": ""26"", ""sel_4th_pre_bid"": ""+696000"", ""sel_3th_pre_req_pre"": ""0"", ""sel_3th_pre_req"": ""57"", ""sel_3th_pre_bid"": ""+695000"", ""sel_2th_pre_req_pre"": ""0"", ""sel_2th_pre_req"": ""41"", ""sel_2th_pre_bid"": ""+694000"", ""sel_1th_pre_req_pre"": ""0"", ""sel_fpr_req"": ""69"", ""sel_fpr_bid"": ""+693000"", ""buy_fpr_bid"": ""+692000"", ""buy_fpr_req"": ""31"", ""buy_1th_pre_req_pre"": ""+4"", ""buy_2th_pre_bid"": ""+691000"", ""buy_2th_pre_req"": ""109"", ""buy_2th_pre_req_pre"": ""0"", ""buy_3th_pre_bid"": ""+690000"", ""buy_3th_pre_req"": ""50"", ""buy_3th_pre_req_pre"": ""0"", ""buy_4th_pre_bid"": ""+689000"", ""buy_4th_pre_req"": ""57"", ""buy_4th_pre_req_pre"": ""0"", ""buy_5th_pre_bid"": ""+688000"", ""buy_5th_pre_req"": ""95"", ""buy_5th_pre_req_pre"": ""0"", ""buy_6th_pre_bid"": ""687000"", ""buy_6th_pre_req"": ""217"", ""buy_6th_pre_req_pre"": ""0"", ""buy_7th_pre_bid"": ""-686000"", ""buy_7th_pre_req"": ""134"", ""buy_7th_pre_req_pre"": ""0"", ""buy_8th_pre_bid"": ""-685000"", ""buy_8th_pre_req"": ""357"", ""buy_8th_pre_req_pre"": ""0"", ""buy_9th_pre_bid"": ""-684000"", ""buy_9th_pre_req"": ""368"", ""buy_9th_pre_req_pre"": ""0"", ""buy_10th_pre_bid"": ""-683000"", ""buy_10th_pre_req"": ""209"", ""buy_10th_pre_req_pre"": ""0"", ""tot_sel_req_jub_pre"": ""0"", ""tot_sel_req"": ""1196"", ""tot_buy_req"": ""1627"", ""tot_buy_req_jub_pre"": ""+4"", ""ovt_sel_req_pre"": ""0"", ""ovt_sel_req"": ""0"", ""ovt_buy_req"": ""0"", ""ovt_buy_req_pre"": ""0"", ""return_code"": 0, ""return_msg"": ""정상적으로 처리되었습니다""}"
2026-06-10,scan_candidate,138040,,0,main_scan,109400,,109400,109300,109400,109000,-0.8226691042047531,0.09140767824497258,,,,,,"{""bid_req_base_tm"": ""114520"", ""sel_10th_pre_req_pre"": ""0"", ""sel_10th_pre_req"": ""1589"", ""sel_10th_pre_bid"": ""+110300"", ""sel_9th_pre_req_pre"": ""0"", ""sel_9th_pre_req"": ""575"", ""sel_9th_pre_bid"": ""+110200"", ""sel_8th_pre_req_pre"": ""0"", ""sel_8th_pre_req"": ""5082"", ""sel_8th_pre_bid"": ""+110100"", ""sel_7th_pre_req_pre"": ""0"", ""sel_7th_pre_req"": ""1236"", ""sel_7th_pre_bid"": ""+110000"", ""sel_6th_pre_req_pre"": ""0"", ""sel_6th_pre_req"": ""847"", ""sel_6th_pre_bid"": ""+109900"", ""sel_5th_pre_req_pre"": ""0"", ""sel_5th_pre_req"": ""661"", ""sel_5th_pre_bid"": ""+109800"", ""sel_4th_pre_req_pre"": ""0"", ""sel_4th_pre_req"": ""119"", ""sel_4th_pre_bid"": ""+109700"", ""sel_3th_pre_req_pre"": ""0"", ""sel_3th_pre_req"": ""169"", ""sel_3th_pre_bid"": ""+109600"", ""sel_2th_pre_req_pre"": ""0"", ""sel_2th_pre_req"": ""811"", ""sel_2th_pre_bid"": ""+109500"", ""sel_1th_pre_req_pre"": ""0"", ""sel_fpr_req"": ""205"", ""sel_fpr_bid"": ""+109400"", ""buy_fpr_bid"": ""+109300"", ""buy_fpr_req"": ""154"", ""buy_1th_pre_req_pre"": ""0"", ""buy_2th_pre_bid"": ""+109200"", ""buy_2th_pre_req"": ""299"", ""buy_2th_pre_req_pre"": ""0"", ""buy_3th_pre_bid"": ""109100"", ""buy_3th_pre_req"": ""112"", ""buy_3th_pre_req_pre"": ""0"", ""buy_4th_pre_bid"": ""-109000"", ""buy_4th_pre_req"": ""21"", ""buy_4th_pre_req_pre"": ""0"", ""buy_5th_pre_bid"": ""-108900"", ""buy_5th_pre_req"": ""16"", ""buy_5th_pre_req_pre"": ""0"", ""buy_6th_pre_bid"": ""-108800"", ""buy_6th_pre_req"": ""20"", ""buy_6th_pre_req_pre"": ""0"", ""buy_7th_pre_bid"": ""-108700"", ""buy_7th_pre_req"": ""104"", ""buy_7th_pre_req_pre"": ""0"", ""buy_8th_pre_bid"": ""-108600"", ""buy_8th_pre_req"": ""286"", ""buy_8th_pre_req_pre"": ""0"", ""buy_9th_pre_bid"": ""-108500"", ""buy_9th_pre_req"": ""302"", ""buy_9th_pre_req_pre"": ""0"", ""buy_10th_pre_bid"": ""-108400"", ""buy_10th_pre_req"": ""23"", ""buy_10th_pre_req_pre"": ""0"", ""tot_sel_req_jub_pre"": ""0"", ""tot_sel_req"": ""11294"", ""tot_buy_req"": ""1337"", ""tot_buy_req_jub_pre"": ""0"", ""ovt_sel_req_pre"": ""0"", ""ovt_sel_req"": ""0"", ""ovt_buy_req"": ""0"", ""ovt_buy_req_pre"": ""0"", ""return_code"": 0, ""return_msg"": ""정상적으로 처리되었습니다""}"
2026-06-10,scan_candidate,003550,,0,main_scan,109800,,109800,109600,109800,110000,-0.273224043715847,0.18214936247723132,,,,,,"{""bid_req_base_tm"": ""114518"", ""sel_10th_pre_req_pre"": ""0"", ""sel_10th_pre_req"": ""3"", ""sel_10th_pre_bid"": ""-110700"", ""sel_9th_pre_req_pre"": ""0"", ""sel_9th_pre_req"": ""9"", ""sel_9th_pre_bid"": ""-110600"", ""sel_8th_pre_req_pre"": ""0"", ""sel_8th_pre_req"": ""89"", ""sel_8th_pre_bid"": ""-110500"", ""sel_7th_pre_req_pre"": ""0"", ""sel_7th_pre_req"": ""29"", ""sel_7th_pre_bid"": ""-110400"", ""sel_6th_pre_req_pre"": ""0"", ""sel_6th_pre_req"": ""8"", ""sel_6th_pre_bid"": ""-110300"", ""sel_5th_pre_req_pre"": ""0"", ""sel_5th_pre_req"": ""65"", ""sel_5th_pre_bid"": ""-110200"", ""sel_4th_pre_req_pre"": ""0"", ""sel_4th_pre_req"": ""6"", ""sel_4th_pre_bid"": ""-110100"", ""sel_3th_pre_req_pre"": ""+2"", ""sel_3th_pre_req"": ""282"", ""sel_3th_pre_bid"": ""-110000"", ""sel_2th_pre_req_pre"": ""--2"", ""sel_2th_pre_req"": ""25"", ""sel_2th_pre_bid"": ""-109900"", ""sel_1th_pre_req_pre"": ""0"", ""sel_fpr_req"": ""19"", ""sel_fpr_bid"": ""-109800"", ""buy_fpr_bid"": ""-109600"", ""buy_fpr_req"": ""214"", ""buy_1th_pre_req_pre"": ""0"", ""buy_2th_pre_bid"": ""-109500"", ""buy_2th_pre_req"": ""357"", ""buy_2th_pre_req_pre"": ""0"", ""buy_3th_pre_bid"": ""-109400"", ""buy_3th_pre_req"": ""63"", ""buy_3th_pre_req_pre"": ""0"", ""buy_4th_pre_bid"": ""-109100"", ""buy_4th_pre_req"": ""24"", ""buy_4th_pre_req_pre"": ""0"", ""buy_5th_pre_bid"": ""-109000"", ""buy_5th_pre_req"": ""20"", ""buy_5th_pre_req_pre"": ""0"", ""buy_6th_pre_bid"": ""-108900"", ""buy_6th_pre_req"": ""9"", ""buy_6th_pre_req_pre"": ""0"", ""buy_7th_pre_bid"": ""-108800"", ""buy_7th_pre_req"": ""4"", ""buy_7th_pre_req_pre"": ""0"", ""buy_8th_pre_bid"": ""-108700"", ""buy_8th_pre_req"": ""21"", ""buy_8th_pre_req_pre"": ""0"", ""buy_9th_pre_bid"": ""-108600"", ""buy_9th_pre_req"": ""39"", ""buy_9th_pre_req_pre"": ""0"", ""buy_10th_pre_bid"": ""-108500"", ""buy_10th_pre_req"": ""116"", ""buy_10th_pre_req_pre"": ""0"", ""tot_sel_req_jub_pre"": ""0"", ""tot_sel_req"": ""535"", ""tot_buy_req"": ""867"", ""tot_buy_req_jub_pre"": ""0"", ""ovt_sel_req_pre"": ""0"", ""ovt_sel_req"": ""0"", ""ovt_buy_req"": ""0"", ""ovt_buy_req_pre"": ""0"", ""return_code"": 0, ""return_msg"": ""정상적으로 처리되었습니다""}"
2026-06-10,scan_candidate,024110,,0,main_scan,20950,,20950,20900,20950,20750,-1.1933174224343674,0.23866348448687352,,,,,,"{""bid_req_base_tm"": ""114520"", ""sel_10th_pre_req_pre"": ""0"", ""sel_10th_pre_req"": ""11106"", ""sel_10th_pre_bid"": ""+21400"", ""sel_9th_pre_req_pre"": ""0"", ""sel_9th_pre_req"": ""5311"", ""sel_9th_pre_bid"": ""+21350"", ""sel_8th_pre_req_pre"": ""0"", ""sel_8th_pre_req"": ""12434"", ""sel_8th_pre_bid"": ""+21300"", ""sel_7th_pre_req_pre"": ""0"", ""sel_7th_pre_req"": ""12636"", ""sel_7th_pre_bid"": ""+21250"", ""sel_6th_pre_req_pre"": ""0"", ""sel_6th_pre_req"": ""20708"", ""sel_6th_pre_bid"": ""+21200"", ""sel_5th_pre_req_pre"": ""0"", ""sel_5th_pre_req"": ""24361"", ""sel_5th_pre_bid"": ""+21150"", ""sel_4th_pre_req_pre"": ""0"", ""sel_4th_pre_req"": ""17876"", ""sel_4th_pre_bid"": ""+21100"", ""sel_3th_pre_req_pre"": ""0"", ""sel_3th_pre_req"": ""6939"", ""sel_3th_pre_bid"": ""+21050"", ""sel_2th_pre_req_pre"": ""0"", ""sel_2th_pre_req"": ""7375"", ""sel_2th_pre_bid"": ""+21000"", ""sel_1th_pre_req_pre"": ""0"", ""sel_fpr_req"": ""8013"", ""sel_fpr_bid"": ""+20950"", ""buy_fpr_bid"": ""+20900"", ""buy_fpr_req"": ""6626"", ""buy_1th_pre_req_pre"": ""0"", ""buy_2th_pre_bid"": ""+20850"", ""buy_2th_pre_req"": ""3635"", ""buy_2th_pre_req_pre"": ""0"", ""buy_3th_pre_bid"": ""+20800"", ""buy_3th_pre_req"": ""2093"", ""buy_3th_pre_req_pre"": ""0"", ""buy_4th_pre_bid"": ""+20750"", ""buy_4th_pre_req"": ""1817"", ""buy_4th_pre_req_pre"": ""--1"", ""buy_5th_pre_bid"": ""+20700"", ""buy_5th_pre_req"": ""2934"", ""buy_5th_pre_req_pre"": ""0"", ""buy_6th_pre_bid"": ""+20650"", ""buy_6th_pre_req"": ""2812"", ""buy_6th_pre_req_pre"": ""0"", ""buy_7th_pre_bid"": ""+20600"", ""buy_7th_pre_req"": ""2785"", ""buy_7th_pre_req_pre"": ""0"", ""buy_8th_pre_bid"": ""20550"", ""buy_8th_pre_req"": ""2222"", ""buy_8th_pre_req_pre"": ""+1"", ""buy_9th_pre_bid"": ""-20500"", ""buy_9th_pre_req"": ""3423"", ""buy_9th_pre_req_pre"": ""0"", ""buy_10th_pre_bid"": ""-20450"", ""buy_10th_pre_req"": ""1244"", ""buy_10th_pre_req_pre"": ""0"", ""tot_sel_req_jub_pre"": ""0"", ""tot_sel_req"": ""126759"", ""tot_buy_req"": ""29591"", ""tot_buy_req_jub_pre"": ""0"", ""ovt_sel_req_pre"": ""0"", ""ovt_sel_req"": ""0"", ""ovt_buy_req"": ""0"", ""ovt_buy_req_pre"": ""0"", ""return_code"": 0, ""return_msg"": ""정상적으로 처리되었습니다""}"
2026-06-10,scan_candidate,079550,,0,main_scan,766000,,766000,763000,766000,766000,-0.13054830287206268,0.39164490861618795,,,,,,"{""bid_req_base_tm"": ""114519"", ""sel_10th_pre_req_pre"": ""0"", ""sel_10th_pre_req"": ""159"", ""sel_10th_pre_bid"": ""+775000"", ""sel_9th_pre_req_pre"": ""0"", ""sel_9th_pre_req"": ""59"", ""sel_9th_pre_bid"": ""+774000"", ""sel_8th_pre_req_pre"": ""0"", ""sel_8th_pre_req"": ""277"", ""sel_8th_pre_bid"": ""+773000"", ""sel_7th_pre_req_pre"": ""0"", ""sel_7th_pre_req"": ""16"", ""sel_7th_pre_bid"": ""+772000"", ""sel_6th_pre_req_pre"": ""0"", ""sel_6th_pre_req"": ""8"", ""sel_6th_pre_bid"": ""+771000"", ""sel_5th_pre_req_pre"": ""0"", ""sel_5th_pre_req"": ""270"", ""sel_5th_pre_bid"": ""+770000"", ""sel_4th_pre_req_pre"": ""0"", ""sel_4th_pre_req"": ""5"", ""sel_4th_pre_bid"": ""+769000"", ""sel_3th_pre_req_pre"": ""0"", ""sel_3th_pre_req"": ""11"", ""sel_3th_pre_bid"": ""+768000"", ""sel_2th_pre_req_pre"": ""0"", ""sel_2th_pre_req"": ""12"", ""sel_2th_pre_bid"": ""+767000"", ""sel_1th_pre_req_pre"": ""0"", ""sel_fpr_req"": ""59"", ""sel_fpr_bid"": ""+766000"", ""buy_fpr_bid"": ""+763000"", ""buy_fpr_req"": ""53"", ""buy_1th_pre_req_pre"": ""+2"", ""buy_2th_pre_bid"": ""+762000"", ""buy_2th_pre_req"": ""298"", ""buy_2th_pre_req_pre"": ""0"", ""buy_3th_pre_bid"": ""+761000"", ""buy_3th_pre_req"": ""311"", ""buy_3th_pre_req_pre"": ""0"", ""buy_4th_pre_bid"": ""+760000"", ""buy_4th_pre_req"": ""126"", ""buy_4th_pre_req_pre"": ""0"", ""buy_5th_pre_bid"": ""+759000"", ""buy_5th_pre_req"": ""20"", ""buy_5th_pre_req_pre"": ""0"", ""buy_6th_pre_bid"": ""+758000"", ""buy_6th_pre_req"": ""26"", ""buy_6th_pre_req_pre"": ""0"", ""buy_7th_pre_bid"": ""+757000"", ""buy_7th_pre_req"": ""74"", ""buy_7th_pre_req_pre"": ""0"", ""buy_8th_pre_bid"": ""+756000"", ""buy_8th_pre_req"": ""227"", ""buy_8th_pre_req_pre"": ""0"", ""buy_9th_pre_bid"": ""+755000"", ""buy_9th_pre_req"": ""36"", ""buy_9th_pre_req_pre"": ""0"", ""buy_10th_pre_bid"": ""+754000"", ""buy_10th_pre_req"": ""13"", ""buy_10th_pre_req_pre"": ""0"", ""tot_sel_req_jub_pre"": ""0"", ""tot_sel_req"": ""876"", ""tot_buy_req"": ""1184"", ""tot_buy_req_jub_pre"": ""+2"", ""ovt_sel_req_pre"": ""0"", ""ovt_sel_req"": ""0"", ""ovt_buy_req"": ""0"", ""ovt_buy_req_pre"": ""0"", ""return_code"": 0, ""return_msg"": ""정상적으로 처리되었습니다""}"
2026-06-10,scan_candidate,278470,,0,main_scan,418000,,418000,417500,418000,416500,-0.4784688995215311,0.11961722488038277,,,,,,"{""bid_req_base_tm"": ""114522"", ""sel_10th_pre_req_pre"": ""0"", ""sel_10th_pre_req"": ""221"", ""sel_10th_pre_bid"": ""+422500"", ""sel_9th_pre_req_pre"": ""0"", ""sel_9th_pre_req"": ""479"", ""sel_9th_pre_bid"": ""+422000"", ""sel_8th_pre_req_pre"": ""0"", ""sel_8th_pre_req"": ""204"", ""sel_8th_pre_bid"": ""+421500"", ""sel_7th_pre_req_pre"": ""0"", ""sel_7th_pre_req"": ""129"", ""sel_7th_pre_bid"": ""+421000"", ""sel_6th_pre_req_pre"": ""0"", ""sel_6th_pre_req"": ""66"", ""sel_6th_pre_bid"": ""+420500"", ""sel_5th_pre_req_pre"": ""0"", ""sel_5th_pre_req"": ""499"", ""sel_5th_pre_bid"": ""+420000"", ""sel_4th_pre_req_pre"": ""0"", ""sel_4th_pre_req"": ""263"", ""sel_4th_pre_bid"": ""+419500"", ""sel_3th_pre_req_pre"": ""0"", ""sel_3th_pre_req"": ""165"", ""sel_3th_pre_bid"": ""+419000"", ""sel_2th_pre_req_pre"": ""0"", ""sel_2th_pre_req"": ""43"", ""sel_2th_pre_bid"": ""+418500"", ""sel_1th_pre_req_pre"": ""0"", ""sel_fpr_req"": ""138"", ""sel_fpr_bid"": ""+418000"", ""buy_fpr_bid"": ""+417500"", ""buy_fpr_req"": ""1"", ""buy_1th_pre_req_pre"": ""0"", ""buy_2th_pre_bid"": ""+417000"", ""buy_2th_pre_req"": ""47"", ""buy_2th_pre_req_pre"": ""0"", ""buy_3th_pre_bid"": ""+416500"", ""buy_3th_pre_req"": ""89"", ""buy_3th_pre_req_pre"": ""0"", ""buy_4th_pre_bid"": ""+416000"", ""buy_4th_pre_req"": ""49"", ""buy_4th_pre_req_pre"": ""0"", ""buy_5th_pre_bid"": ""+415500"", ""buy_5th_pre_req"": ""6"", ""buy_5th_pre_req_pre"": ""0"", ""buy_6th_pre_bid"": ""+415000"", ""buy_6th_pre_req"": ""34"", ""buy_6th_pre_req_pre"": ""0"", ""buy_7th_pre_bid"": ""+414500"", ""buy_7th_pre_req"": ""302"", ""buy_7th_pre_req_pre"": ""0"", ""buy_8th_pre_bid"": ""+414000"", ""buy_8th_pre_req"": ""37"", ""buy_8th_pre_req_pre"": ""0"", ""buy_9th_pre_bid"": ""+413500"", ""buy_9th_pre_req"": ""128"", ""buy_9th_pre_req_pre"": ""0"", ""buy_10th_pre_bid"": ""+413000"", ""buy_10th_pre_req"": ""356"", ""buy_10th_pre_req_pre"": ""0"", ""tot_sel_req_jub_pre"": ""0"", ""tot_sel_req"": ""2207"", ""tot_buy_req"": ""1049"", ""tot_buy_req_jub_pre"": ""0"", ""ovt_sel_req_pre"": ""0"", ""ovt_sel_req"": ""0"", ""ovt_buy_req"": ""0"", ""ovt_buy_req_pre"": ""0"", ""return_code"": 0, ""return_msg"": ""정상적으로 처리되었습니다""}"
2026-06-10,scan_candidate,030200,,0,main_scan,54700,,54700,54600,54700,54700,-0.18281535648994515,0.18281535648994515,,,,,,"{""bid_req_base_tm"": ""114519"", ""sel_10th_pre_req_pre"": ""0"", ""sel_10th_pre_req"": ""731"", ""sel_10th_pre_bid"": ""+55600"", ""sel_9th_pre_req_pre"": ""0"", ""sel_9th_pre_req"": ""3252"", ""sel_9th_pre_bid"": ""+55500"", ""sel_8th_pre_req_pre"": ""0"", ""sel_8th_pre_req"": ""1360"", ""sel_8th_pre_bid"": ""+55400"", ""sel_7th_pre_req_pre"": ""0"", ""sel_7th_pre_req"": ""2066"", ""sel_7th_pre_bid"": ""+55300"", ""sel_6th_pre_req_pre"": ""0"", ""sel_6th_pre_req"": ""1231"", ""sel_6th_pre_bid"": ""+55200"", ""sel_5th_pre_req_pre"": ""0"", ""sel_5th_pre_req"": ""1130"", ""sel_5th_pre_bid"": ""+55100"", ""sel_4th_pre_req_pre"": ""0"", ""sel_4th_pre_req"": ""1245"", ""sel_4th_pre_bid"": ""+55000"", ""sel_3th_pre_req_pre"": ""0"", ""sel_3th_pre_req"": ""346"", ""sel_3th_pre_bid"": ""+54900"", ""sel_2th_pre_req_pre"": ""0"", ""sel_2th_pre_req"": ""310"", ""sel_2th_pre_bid"": ""+54800"", ""sel_1th_pre_req_pre"": ""0"", ""sel_fpr_req"": ""721"", ""sel_fpr_bid"": ""+54700"", ""buy_fpr_bid"": ""+54600"", ""buy_fpr_req"": ""1657"", ""buy_1th_pre_req_pre"": ""--1"", ""buy_2th_pre_bid"": ""+54500"", ""buy_2th_pre_req"": ""1126"", ""buy_2th_pre_req_pre"": ""0"", ""buy_3th_pre_bid"": ""+54400"", ""buy_3th_pre_req"": ""592"", ""buy_3th_pre_req_pre"": ""0"", ""buy_4th_pre_bid"": ""+54300"", ""buy_4th_pre_req"": ""1102"", ""buy_4th_pre_req_pre"": ""0"", ""buy_5th_pre_bid"": ""+54200"", ""buy_5th_pre_req"": ""1874"", ""buy_5th_pre_req_pre"": ""0"", ""buy_6th_pre_bid"": ""+54100"", ""buy_6th_pre_req"": ""792"", ""buy_6th_pre_req_pre"": ""0"", ""buy_7th_pre_bid"": ""+54000"", ""buy_7th_pre_req"": ""3992"", ""buy_7th_pre_req_pre"": ""0"", ""buy_8th_pre_bid"": ""+53900"", ""buy_8th_pre_req"": ""947"", ""buy_8th_pre_req_pre"": ""0"", ""buy_9th_pre_bid"": ""53800"", ""buy_9th_pre_req"": ""3153"", ""buy_9th_pre_req_pre"": ""0"", ""buy_10th_pre_bid"": ""-53700"", ""buy_10th_pre_req"": ""922"", ""buy_10th_pre_req_pre"": ""0"", ""tot_sel_req_jub_pre"": ""0"", ""tot_sel_req"": ""12392"", ""tot_buy_req"": ""16157"", ""tot_buy_req_jub_pre"": ""--1"", ""ovt_sel_req_pre"": ""0"", ""ovt_sel_req"": ""0"", ""ovt_buy_req"": ""0"", ""ovt_buy_req_pre"": ""0"", ""return_code"": 0, ""return_msg"": ""정상적으로 처리되었습니다""}"
2026-06-10,scan_candidate,010950,,0,main_scan,111900,,111900,111800,111900,111500,-0.8042895442359249,0.08936550491510277,,,,,,"{""bid_req_base_tm"": ""114522"", ""sel_10th_pre_req_pre"": ""0"", ""sel_10th_pre_req"": ""1062"", ""sel_10th_pre_bid"": ""+112800"", ""sel_9th_pre_req_pre"": ""0"", ""sel_9th_pre_req"": ""158"", ""sel_9th_pre_bid"": ""+112700"", ""sel_8th_pre_req_pre"": ""0"", ""sel_8th_pre_req"": ""23"", ""sel_8th_pre_bid"": ""+112600"", ""sel_7th_pre_req_pre"": ""0"", ""sel_7th_pre_req"": ""480"", ""sel_7th_pre_bid"": ""+112500"", ""sel_6th_pre_req_pre"": ""0"", ""sel_6th_pre_req"": ""208"", ""sel_6th_pre_bid"": ""+112400"", ""sel_5th_pre_req_pre"": ""0"", ""sel_5th_pre_req"": ""122"", ""sel_5th_pre_bid"": ""+112300"", ""sel_4th_pre_req_pre"": ""0"", ""sel_4th_pre_req"": ""291"", ""sel_4th_pre_bid"": ""+112200"", ""sel_3th_pre_req_pre"": ""0"", ""sel_3th_pre_req"": ""103"", ""sel_3th_pre_bid"": ""+112100"", ""sel_2th_pre_req_pre"": ""+1"", ""sel_2th_pre_req"": ""139"", ""sel_2th_pre_bid"": ""+112000"", ""sel_1th_pre_req_pre"": ""0"", ""sel_fpr_req"": ""43"", ""sel_fpr_bid"": ""+111900"", ""buy_fpr_bid"": ""+111800"", ""buy_fpr_req"": ""212"", ""buy_1th_pre_req_pre"": ""0"", ""buy_2th_pre_bid"": ""+111700"", ""buy_2th_pre_req"": ""126"", ""buy_2th_pre_req_pre"": ""0"", ""buy_3th_pre_bid"": ""+111600"", ""buy_3th_pre_req"": ""14"", ""buy_3th_pre_req_pre"": ""0"", ""buy_4th_pre_bid"": ""+111500"", ""buy_4th_pre_req"": ""35"", ""buy_4th_pre_req_pre"": ""0"", ""buy_5th_pre_bid"": ""+111400"", ""buy_5th_pre_req"": ""4"", ""buy_5th_pre_req_pre"": ""0"", ""buy_6th_pre_bid"": ""+111300"", ""buy_6th_pre_req"": ""23"", ""buy_6th_pre_req_pre"": ""0"", ""buy_7th_pre_bid"": ""+111200"", ""buy_7th_pre_req"": ""101"", ""buy_7th_pre_req_pre"": ""0"", ""buy_8th_pre_bid"": ""+111100"", ""buy_8th_pre_req"": ""31"", ""buy_8th_pre_req_pre"": ""0"", ""buy_9th_pre_bid"": ""+111000"", ""buy_9th_pre_req"": ""108"", ""buy_9th_pre_req_pre"": ""0"", ""buy_10th_pre_bid"": ""110900"", ""buy_10th_pre_req"": ""191"", ""buy_10th_pre_req_pre"": ""0"", ""tot_sel_req_jub_pre"": ""+1"", ""tot_sel_req"": ""2629"", ""tot_buy_req"": ""845"", ""tot_buy_req_jub_pre"": ""0"", ""ovt_sel_req_pre"": ""0"", ""ovt_sel_req"": ""0"", ""ovt_buy_req"": ""0"", ""ovt_buy_req_pre"": ""0"", ""return_code"": 0, ""return_msg"": ""정상적으로 처리되었습니다""}"
2026-06-10,scan_candidate,323410,,0,main_scan,24550,,24550,24500,24550,24400,-0.8146639511201629,0.20366598778004072,,,,,,"{""bid_req_base_tm"": ""114522"", ""sel_10th_pre_req_pre"": ""0"", ""sel_10th_pre_req"": ""15440"", ""sel_10th_pre_bid"": ""+25000"", ""sel_9th_pre_req_pre"": ""0"", ""sel_9th_pre_req"": ""9679"", ""sel_9th_pre_bid"": ""+24950"", ""sel_8th_pre_req_pre"": ""0"", ""sel_8th_pre_req"": ""5892"", ""sel_8th_pre_bid"": ""+24900"", ""sel_7th_pre_req_pre"": ""0"", ""sel_7th_pre_req"": ""8220"", ""sel_7th_pre_bid"": ""+24850"", ""sel_6th_pre_req_pre"": ""0"", ""sel_6th_pre_req"": ""14691"", ""sel_6th_pre_bid"": ""+24800"", ""sel_5th_pre_req_pre"": ""0"", ""sel_5th_pre_req"": ""5825"", ""sel_5th_pre_bid"": ""+24750"", ""sel_4th_pre_req_pre"": ""+10"", ""sel_4th_pre_req"": ""2324"", ""sel_4th_pre_bid"": ""+24700"", ""sel_3th_pre_req_pre"": ""0"", ""sel_3th_pre_req"": ""4013"", ""sel_3th_pre_bid"": ""+24650"", ""sel_2th_pre_req_pre"": ""0"", ""sel_2th_pre_req"": ""3648"", ""sel_2th_pre_bid"": ""+24600"", ""sel_1th_pre_req_pre"": ""0"", ""sel_fpr_req"": ""8529"", ""sel_fpr_bid"": ""+24550"", ""buy_fpr_bid"": ""+24500"", ""buy_fpr_req"": ""9198"", ""buy_1th_pre_req_pre"": ""0"", ""buy_2th_pre_bid"": ""+24450"", ""buy_2th_pre_req"": ""3557"", ""buy_2th_pre_req_pre"": ""0"", ""buy_3th_pre_bid"": ""24400"", ""buy_3th_pre_req"": ""5174"", ""buy_3th_pre_req_pre"": ""0"", ""buy_4th_pre_bid"": ""-24350"", ""buy_4th_pre_req"": ""2428"", ""buy_4th_pre_req_pre"": ""0"", ""buy_5th_pre_bid"": ""-24300"", ""buy_5th_pre_req"": ""970"", ""buy_5th_pre_req_pre"": ""0"", ""buy_6th_pre_bid"": ""-24250"", ""buy_6th_pre_req"": ""1663"", ""buy_6th_pre_req_pre"": ""0"", ""buy_7th_pre_bid"": ""-24200"", ""buy_7th_pre_req"": ""998"", ""buy_7th_pre_req_pre"": ""0"", ""buy_8th_pre_bid"": ""-24150"", ""buy_8th_pre_req"": ""1287"", ""buy_8th_pre_req_pre"": ""0"", ""buy_9th_pre_bid"": ""-24100"", ""buy_9th_pre_req"": ""3221"", ""buy_9th_pre_req_pre"": ""0"", ""buy_10th_pre_bid"": ""-24050"", ""buy_10th_pre_req"": ""1331"", ""buy_10th_pre_req_pre"": ""0"", ""tot_sel_req_jub_pre"": ""+10"", ""tot_sel_req"": ""78261"", ""tot_buy_req"": ""29827"", ""tot_buy_req_jub_pre"": ""0"", ""ovt_sel_req_pre"": ""0"", ""ovt_sel_req"": ""0"", ""ovt_buy_req"": ""0"", ""ovt_buy_req_pre"": ""0"", ""return_code"": 0, ""return_msg"": ""정상적으로 처리되었습니다""}"
2026-06-10,scan_candidate,005940,,0,main_scan,30800,,30800,30750,30800,30950,0.3246753246753247,0.16233766233766234,,,,,,"{""bid_req_base_tm"": ""114519"", ""sel_10th_pre_req_pre"": ""0"", ""sel_10th_pre_req"": ""1074"", ""sel_10th_pre_bid"": ""+31300"", ""sel_9th_pre_req_pre"": ""0"", ""sel_9th_pre_req"": ""445"", ""sel_9th_pre_bid"": ""31250"", ""sel_8th_pre_req_pre"": ""0"", ""sel_8th_pre_req"": ""414"", ""sel_8th_pre_bid"": ""-31200"", ""sel_7th_pre_req_pre"": ""0"", ""sel_7th_pre_req"": ""11"", ""sel_7th_pre_bid"": ""-31150"", ""sel_6th_pre_req_pre"": ""0"", ""sel_6th_pre_req"": ""131"", ""sel_6th_pre_bid"": ""-31100"", ""sel_5th_pre_req_pre"": ""0"", ""sel_5th_pre_req"": ""111"", ""sel_5th_pre_bid"": ""-31050"", ""sel_4th_pre_req_pre"": ""0"", ""sel_4th_pre_req"": ""292"", ""sel_4th_pre_bid"": ""-31000"", ""sel_3th_pre_req_pre"": ""0"", ""sel_3th_pre_req"": ""244"", ""sel_3th_pre_bid"": ""-30950"", ""sel_2th_pre_req_pre"": ""0"", ""sel_2th_pre_req"": ""125"", ""sel_2th_pre_bid"": ""-30900"", ""sel_1th_pre_req_pre"": ""0"", ""sel_fpr_req"": ""361"", ""sel_fpr_bid"": ""-30800"", ""buy_fpr_bid"": ""-30750"", ""buy_fpr_req"": ""973"", ""buy_1th_pre_req_pre"": ""0"", ""buy_2th_pre_bid"": ""-30700"", ""buy_2th_pre_req"": ""670"", ""buy_2th_pre_req_pre"": ""0"", ""buy_3th_pre_bid"": ""-30650"", ""buy_3th_pre_req"": ""3671"", ""buy_3th_pre_req_pre"": ""0"", ""buy_4th_pre_bid"": ""-30600"", ""buy_4th_pre_req"": ""380"", ""buy_4th_pre_req_pre"": ""0"", ""buy_5th_pre_bid"": ""-30550"", ""buy_5th_pre_req"": ""433"", ""buy_5th_pre_req_pre"": ""0"", ""buy_6th_pre_bid"": ""-30500"", ""buy_6th_pre_req"": ""1206"", ""buy_6th_pre_req_pre"": ""0"", ""buy_7th_pre_bid"": ""-30450"", ""buy_7th_pre_req"": ""1571"", ""buy_7th_pre_req_pre"": ""0"", ""buy_8th_pre_bid"": ""-30400"", ""buy_8th_pre_req"": ""790"", ""buy_8th_pre_req_pre"": ""0"", ""buy_9th_pre_bid"": ""-30350"", ""buy_9th_pre_req"": ""1046"", ""buy_9th_pre_req_pre"": ""0"", ""buy_10th_pre_bid"": ""-30300"", ""buy_10th_pre_req"": ""3160"", ""buy_10th_pre_req_pre"": ""0"", ""tot_sel_req_jub_pre"": ""+1073"", ""tot_sel_req"": ""3208"", ""tot_buy_req"": ""13900"", ""tot_buy_req_jub_pre"": ""0"", ""ovt_sel_req_pre"": ""0"", ""ovt_sel_req"": ""0"", ""ovt_buy_req"": ""0"", ""ovt_buy_req_pre"": ""0"", ""return_code"": 0, ""return_msg"": ""정상적으로 처리되었습니다""}"
2026-06-10,scan_candidate,064400,,0,main_scan,94700,,94700,94600,94700,94800,0.0,0.10559662090813093,,,,,,"{""bid_req_base_tm"": ""114523"", ""sel_10th_pre_req_pre"": ""0"", ""sel_10th_pre_req"": ""1055"", ""sel_10th_pre_bid"": ""-95600"", ""sel_9th_pre_req_pre"": ""0"", ""sel_9th_pre_req"": ""538"", ""sel_9th_pre_bid"": ""-95500"", ""sel_8th_pre_req_pre"": ""0"", ""sel_8th_pre_req"": ""281"", ""sel_8th_pre_bid"": ""-95400"", ""sel_7th_pre_req_pre"": ""0"", ""sel_7th_pre_req"": ""245"", ""sel_7th_pre_bid"": ""-95300"", ""sel_6th_pre_req_pre"": ""0"", ""sel_6th_pre_req"": ""772"", ""sel_6th_pre_bid"": ""-95200"", ""sel_5th_pre_req_pre"": ""0"", ""sel_5th_pre_req"": ""69"", ""sel_5th_pre_bid"": ""-95100"", ""sel_4th_pre_req_pre"": ""0"", ""sel_4th_pre_req"": ""1359"", ""sel_4th_pre_bid"": ""-95000"", ""sel_3th_pre_req_pre"": ""0"", ""sel_3th_pre_req"": ""187"", ""sel_3th_pre_bid"": ""-94900"", ""sel_2th_pre_req_pre"": ""--29"", ""sel_2th_pre_req"": ""291"", ""sel_2th_pre_bid"": ""-94800"", ""sel_1th_pre_req_pre"": ""+29"", ""sel_fpr_req"": ""43"", ""sel_fpr_bid"": ""-94700"", ""buy_fpr_bid"": ""-94600"", ""buy_fpr_req"": ""295"", ""buy_1th_pre_req_pre"": ""0"", ""buy_2th_pre_bid"": ""-94500"", ""buy_2th_pre_req"": ""954"", ""buy_2th_pre_req_pre"": ""0"", ""buy_3th_pre_bid"": ""-94400"", ""buy_3th_pre_req"": ""344"", ""buy_3th_pre_req_pre"": ""0"", ""buy_4th_pre_bid"": ""-94300"", ""buy_4th_pre_req"": ""421"", ""buy_4th_pre_req_pre"": ""0"", ""buy_5th_pre_bid"": ""-94200"", ""buy_5th_pre_req"": ""1212"", ""buy_5th_pre_req_pre"": ""0"", ""buy_6th_pre_bid"": ""-94100"", ""buy_6th_pre_req"": ""1190"", ""buy_6th_pre_req_pre"": ""0"", ""buy_7th_pre_bid"": ""-94000"", ""buy_7th_pre_req"": ""7211"", ""buy_7th_pre_req_pre"": ""0"", ""buy_8th_pre_bid"": ""-93900"", ""buy_8th_pre_req"": ""821"", ""buy_8th_pre_req_pre"": ""0"", ""buy_9th_pre_bid"": ""-93800"", ""buy_9th_pre_req"": ""1470"", ""buy_9th_pre_req_pre"": ""0"", ""buy_10th_pre_bid"": ""-93700"", ""buy_10th_pre_req"": ""592"", ""buy_10th_pre_req_pre"": ""0"", ""tot_sel_req_jub_pre"": ""0"", ""tot_sel_req"": ""4840"", ""tot_buy_req"": ""14510"", ""tot_buy_req_jub_pre"": ""0"", ""ovt_sel_req_pre"": ""0"", ""ovt_sel_req"": ""0"", ""ovt_buy_req"": ""0"", ""ovt_buy_req_pre"": ""0"", ""return_code"": 0, ""return_msg"": ""정상적으로 처리되었습니다""}"
2026-06-10,scan_candidate,003490,,0,main_scan,25500,,25500,25450,25500,25350,-0.7843137254901961,0.19607843137254902,,,,,,"{""bid_req_base_tm"": ""114523"", ""sel_10th_pre_req_pre"": ""0"", ""sel_10th_pre_req"": ""15398"", ""sel_10th_pre_bid"": ""+25950"", ""sel_9th_pre_req_pre"": ""0"", ""sel_9th_pre_req"": ""20651"", ""sel_9th_pre_bid"": ""+25900"", ""sel_8th_pre_req_pre"": ""0"", ""sel_8th_pre_req"": ""17994"", ""sel_8th_pre_bid"": ""+25850"", ""sel_7th_pre_req_pre"": ""0"", ""sel_7th_pre_req"": ""49059"", ""sel_7th_pre_bid"": ""+25800"", ""sel_6th_pre_req_pre"": ""0"", ""sel_6th_pre_req"": ""12788"", ""sel_6th_pre_bid"": ""+25750"", ""sel_5th_pre_req_pre"": ""0"", ""sel_5th_pre_req"": ""5148"", ""sel_5th_pre_bid"": ""+25700"", ""sel_4th_pre_req_pre"": ""0"", ""sel_4th_pre_req"": ""4747"", ""sel_4th_pre_bid"": ""+25650"", ""sel_3th_pre_req_pre"": ""0"", ""sel_3th_pre_req"": ""4388"", ""sel_3th_pre_bid"": ""+25600"", ""sel_2th_pre_req_pre"": ""0"", ""sel_2th_pre_req"": ""3684"", ""sel_2th_pre_bid"": ""+25550"", ""sel_1th_pre_req_pre"": ""--44"", ""sel_fpr_req"": ""356"", ""sel_fpr_bid"": ""+25500"", ""buy_fpr_bid"": ""+25450"", ""buy_fpr_req"": ""1923"", ""buy_1th_pre_req_pre"": ""+44"", ""buy_2th_pre_bid"": ""+25400"", ""buy_2th_pre_req"": ""1872"", ""buy_2th_pre_req_pre"": ""--44"", ""buy_3th_pre_bid"": ""+25350"", ""buy_3th_pre_req"": ""3092"", ""buy_3th_pre_req_pre"": ""0"", ""buy_4th_pre_bid"": ""+25300"", ""buy_4th_pre_req"": ""3781"", ""buy_4th_pre_req_pre"": ""0"", ""buy_5th_pre_bid"": ""+25250"", ""buy_5th_pre_req"": ""3773"", ""buy_5th_pre_req_pre"": ""0"", ""buy_6th_pre_bid"": ""+25200"", ""buy_6th_pre_req"": ""4112"", ""buy_6th_pre_req_pre"": ""0"", ""buy_7th_pre_bid"": ""+25150"", ""buy_7th_pre_req"": ""1954"", ""buy_7th_pre_req_pre"": ""0"", ""buy_8th_pre_bid"": ""+25100"", ""buy_8th_pre_req"": ""3598"", ""buy_8th_pre_req_pre"": ""0"", ""buy_9th_pre_bid"": ""+25050"", ""buy_9th_pre_req"": ""2190"", ""buy_9th_pre_req_pre"": ""0"", ""buy_10th_pre_bid"": ""+25000"", ""buy_10th_pre_req"": ""4013"", ""buy_10th_pre_req_pre"": ""0"", ""tot_sel_req_jub_pre"": ""--44"", ""tot_sel_req"": ""134213"", ""tot_buy_req"": ""30308"", ""tot_buy_req_jub_pre"": ""0"", ""ovt_sel_req_pre"": ""0"", ""ovt_sel_req"": ""0"", ""ovt_buy_req"": ""0"", ""ovt_buy_req_pre"": ""0"", ""return_code"": 0, ""return_msg"": ""정상적으로 처리되었습니다""}"
2026-06-10,scan_candidate,161390,,0,main_scan,70900,,70900,70800,70900,71300,0.4231311706629055,0.14104372355430184,,,,,,"{""bid_req_base_tm"": ""114523"", ""sel_10th_pre_req_pre"": ""0"", ""sel_10th_pre_req"": ""133"", ""sel_10th_pre_bid"": ""-71800"", ""sel_9th_pre_req_pre"": ""0"", ""sel_9th_pre_req"": ""10"", ""sel_9th_pre_bid"": ""-71700"", ""sel_8th_pre_req_pre"": ""0"", ""sel_8th_pre_req"": ""2"", ""sel_8th_pre_bid"": ""-71600"", ""sel_7th_pre_req_pre"": ""0"", ""sel_7th_pre_req"": ""57"", ""sel_7th_pre_bid"": ""-71500"", ""sel_6th_pre_req_pre"": ""0"", ""sel_6th_pre_req"": ""32"", ""sel_6th_pre_bid"": ""-71400"", ""sel_5th_pre_req_pre"": ""0"", ""sel_5th_pre_req"": ""52"", ""sel_5th_pre_bid"": ""-71300"", ""sel_4th_pre_req_pre"": ""0"", ""sel_4th_pre_req"": ""270"", ""sel_4th_pre_bid"": ""-71200"", ""sel_3th_pre_req_pre"": ""0"", ""sel_3th_pre_req"": ""652"", ""sel_3th_pre_bid"": ""-71100"", ""sel_2th_pre_req_pre"": ""0"", ""sel_2th_pre_req"": ""1052"", ""sel_2th_pre_bid"": ""-71000"", ""sel_1th_pre_req_pre"": ""0"", ""sel_fpr_req"": ""1102"", ""sel_fpr_bid"": ""-70900"", ""buy_fpr_bid"": ""-70800"", ""buy_fpr_req"": ""4105"", ""buy_1th_pre_req_pre"": ""0"", ""buy_2th_pre_bid"": ""-70700"", ""buy_2th_pre_req"": ""88"", ""buy_2th_pre_req_pre"": ""0"", ""buy_3th_pre_bid"": ""-70600"", ""buy_3th_pre_req"": ""40"", ""buy_3th_pre_req_pre"": ""0"", ""buy_4th_pre_bid"": ""-70500"", ""buy_4th_pre_req"": ""363"", ""buy_4th_pre_req_pre"": ""+1"", ""buy_5th_pre_bid"": ""-70400"", ""buy_5th_pre_req"": ""395"", ""buy_5th_pre_req_pre"": ""0"", ""buy_6th_pre_bid"": ""-70300"", ""buy_6th_pre_req"": ""192"", ""buy_6th_pre_req_pre"": ""0"", ""buy_7th_pre_bid"": ""-70200"", ""buy_7th_pre_req"": ""229"", ""buy_7th_pre_req_pre"": ""0"", ""buy_8th_pre_bid"": ""-70100"", ""buy_8th_pre_req"": ""196"", ""buy_8th_pre_req_pre"": ""0"", ""buy_9th_pre_bid"": ""-70000"", ""buy_9th_pre_req"": ""533"", ""buy_9th_pre_req_pre"": ""0"", ""buy_10th_pre_bid"": ""-69900"", ""buy_10th_pre_req"": ""137"", ""buy_10th_pre_req_pre"": ""0"", ""tot_sel_req_jub_pre"": ""0"", ""tot_sel_req"": ""3362"", ""tot_buy_req"": ""6278"", ""tot_buy_req_jub_pre"": ""+1"", ""ovt_sel_req_pre"": ""0"", ""ovt_sel_req"": ""0"", ""ovt_buy_req"": ""0"", ""ovt_buy_req_pre"": ""0"", ""return_code"": 0, ""return_msg"": ""정상적으로 처리되었습니다""}"
2026-06-10,scan_candidate,180640,,0,main_scan,116800,,116800,116300,116800,117000,-0.2568493150684931,0.4280821917808219,,,,,,"{""bid_req_base_tm"": ""114522"", ""sel_10th_pre_req_pre"": ""0"", ""sel_10th_pre_req"": ""11"", ""sel_10th_pre_bid"": ""+118900"", ""sel_9th_pre_req_pre"": ""0"", ""sel_9th_pre_req"": ""4"", ""sel_9th_pre_bid"": ""+118700"", ""sel_8th_pre_req_pre"": ""0"", ""sel_8th_pre_req"": ""9"", ""sel_8th_pre_bid"": ""+118100"", ""sel_7th_pre_req_pre"": ""0"", ""sel_7th_pre_req"": ""2"", ""sel_7th_pre_bid"": ""+117900"", ""sel_6th_pre_req_pre"": ""0"", ""sel_6th_pre_req"": ""17"", ""sel_6th_pre_bid"": ""+117500"", ""sel_5th_pre_req_pre"": ""0"", ""sel_5th_pre_req"": ""20"", ""sel_5th_pre_bid"": ""+117300"", ""sel_4th_pre_req_pre"": ""0"", ""sel_4th_pre_req"": ""33"", ""sel_4th_pre_bid"": ""+117200"", ""sel_3th_pre_req_pre"": ""0"", ""sel_3th_pre_req"": ""23"", ""sel_3th_pre_bid"": ""+117000"", ""sel_2th_pre_req_pre"": ""0"", ""sel_2th_pre_req"": ""12"", ""sel_2th_pre_bid"": ""+116900"", ""sel_1th_pre_req_pre"": ""0"", ""sel_fpr_req"": ""36"", ""sel_fpr_bid"": ""+116800"", ""buy_fpr_bid"": ""+116300"", ""buy_fpr_req"": ""77"", ""buy_1th_pre_req_pre"": ""--10"", ""buy_2th_pre_bid"": ""+116100"", ""buy_2th_pre_req"": ""7"", ""buy_2th_pre_req_pre"": ""0"", ""buy_3th_pre_bid"": ""+116000"", ""buy_3th_pre_req"": ""101"", ""buy_3th_pre_req_pre"": ""0"", ""buy_4th_pre_bid"": ""+115900"", ""buy_4th_pre_req"": ""10"", ""buy_4th_pre_req_pre"": ""0"", ""buy_5th_pre_bid"": ""+115800"", ""buy_5th_pre_req"": ""51"", ""buy_5th_pre_req_pre"": ""0"", ""buy_6th_pre_bid"": ""+115700"", ""buy_6th_pre_req"": ""3"", ""buy_6th_pre_req_pre"": ""0"", ""buy_7th_pre_bid"": ""+115600"", ""buy_7th_pre_req"": ""30"", ""buy_7th_pre_req_pre"": ""0"", ""buy_8th_pre_bid"": ""+115500"", ""buy_8th_pre_req"": ""8"", ""buy_8th_pre_req_pre"": ""0"", ""buy_9th_pre_bid"": ""+115400"", ""buy_9th_pre_req"": ""7"", ""buy_9th_pre_req_pre"": ""0"", ""buy_10th_pre_bid"": ""+115300"", ""buy_10th_pre_req"": ""83"", ""buy_10th_pre_req_pre"": ""0"", ""tot_sel_req_jub_pre"": ""0"", ""tot_sel_req"": ""167"", ""tot_buy_req"": ""377"", ""tot_buy_req_jub_pre"": ""--10"", ""ovt_sel_req_pre"": ""0"", ""ovt_sel_req"": ""0"", ""ovt_buy_req"": ""0"", ""ovt_buy_req_pre"": ""0"", ""return_code"": 0, ""return_msg"": ""정상적으로 처리되었습니다""}"
2026-06-10,scan_candidate,454910,,0,main_scan,108700,,108700,108600,108700,109000,-0.18399264029438822,0.09199632014719411,,,,,,"{""bid_req_base_tm"": ""114524"", ""sel_10th_pre_req_pre"": ""0"", ""sel_10th_pre_req"": ""81"", ""sel_10th_pre_bid"": ""-109600"", ""sel_9th_pre_req_pre"": ""0"", ""sel_9th_pre_req"": ""321"", ""sel_9th_pre_bid"": ""-109500"", ""sel_8th_pre_req_pre"": ""0"", ""sel_8th_pre_req"": ""115"", ""sel_8th_pre_bid"": ""-109400"", ""sel_7th_pre_req_pre"": ""0"", ""sel_7th_pre_req"": ""131"", ""sel_7th_pre_bid"": ""-109300"", ""sel_6th_pre_req_pre"": ""0"", ""sel_6th_pre_req"": ""389"", ""sel_6th_pre_bid"": ""-109200"", ""sel_5th_pre_req_pre"": ""0"", ""sel_5th_pre_req"": ""129"", ""sel_5th_pre_bid"": ""-109100"", ""sel_4th_pre_req_pre"": ""0"", ""sel_4th_pre_req"": ""304"", ""sel_4th_pre_bid"": ""-109000"", ""sel_3th_pre_req_pre"": ""0"", ""sel_3th_pre_req"": ""215"", ""sel_3th_pre_bid"": ""-108900"", ""sel_2th_pre_req_pre"": ""0"", ""sel_2th_pre_req"": ""2489"", ""sel_2th_pre_bid"": ""-108800"", ""sel_1th_pre_req_pre"": ""0"", ""sel_fpr_req"": ""1192"", ""sel_fpr_bid"": ""-108700"", ""buy_fpr_bid"": ""-108600"", ""buy_fpr_req"": ""1124"", ""buy_1th_pre_req_pre"": ""0"", ""buy_2th_pre_bid"": ""-108500"", ""buy_2th_pre_req"": ""4195"", ""buy_2th_pre_req_pre"": ""0"", ""buy_3th_pre_bid"": ""-108400"", ""buy_3th_pre_req"": ""922"", ""buy_3th_pre_req_pre"": ""0"", ""buy_4th_pre_bid"": ""-108300"", ""buy_4th_pre_req"": ""948"", ""buy_4th_pre_req_pre"": ""0"", ""buy_5th_pre_bid"": ""-108200"", ""buy_5th_pre_req"": ""1092"", ""buy_5th_pre_req_pre"": ""0"", ""buy_6th_pre_bid"": ""-108100"", ""buy_6th_pre_req"": ""1400"", ""buy_6th_pre_req_pre"": ""+10"", ""buy_7th_pre_bid"": ""-108000"", ""buy_7th_pre_req"": ""4770"", ""buy_7th_pre_req_pre"": ""0"", ""buy_8th_pre_bid"": ""-107900"", ""buy_8th_pre_req"": ""370"", ""buy_8th_pre_req_pre"": ""0"", ""buy_9th_pre_bid"": ""-107800"", ""buy_9th_pre_req"": ""763"", ""buy_9th_pre_req_pre"": ""0"", ""buy_10th_pre_bid"": ""-107700"", ""buy_10th_pre_req"": ""509"", ""buy_10th_pre_req_pre"": ""0"", ""tot_sel_req_jub_pre"": ""0"", ""tot_sel_req"": ""5366"", ""tot_buy_req"": ""16093"", ""tot_buy_req_jub_pre"": ""+10"", ""ovt_sel_req_pre"": ""0"", ""ovt_sel_req"": ""0"", ""ovt_buy_req"": ""0"", ""ovt_buy_req_pre"": ""0"", ""return_code"": 0, ""return_msg"": ""정상적으로 처리되었습니다""}"
2026-06-10,scan_candidate,353200,,0,main_scan,153700,,153700,153600,153700,153500,-0.4554326610279766,0.06506180871828238,,,,,,"{""bid_req_base_tm"": ""114523"", ""sel_10th_pre_req_pre"": ""0"", ""sel_10th_pre_req"": ""547"", ""sel_10th_pre_bid"": ""+154600"", ""sel_9th_pre_req_pre"": ""0"", ""sel_9th_pre_req"": ""118"", ""sel_9th_pre_bid"": ""+154500"", ""sel_8th_pre_req_pre"": ""0"", ""sel_8th_pre_req"": ""76"", ""sel_8th_pre_bid"": ""+154400"", ""sel_7th_pre_req_pre"": ""0"", ""sel_7th_pre_req"": ""173"", ""sel_7th_pre_bid"": ""+154300"", ""sel_6th_pre_req_pre"": ""0"", ""sel_6th_pre_req"": ""73"", ""sel_6th_pre_bid"": ""+154200"", ""sel_5th_pre_req_pre"": ""0"", ""sel_5th_pre_req"": ""11"", ""sel_5th_pre_bid"": ""+154100"", ""sel_4th_pre_req_pre"": ""0"", ""sel_4th_pre_req"": ""172"", ""sel_4th_pre_bid"": ""+154000"", ""sel_3th_pre_req_pre"": ""0"", ""sel_3th_pre_req"": ""20"", ""sel_3th_pre_bid"": ""+153900"", ""sel_2th_pre_req_pre"": ""0"", ""sel_2th_pre_req"": ""14"", ""sel_2th_pre_bid"": ""+153800"", ""sel_1th_pre_req_pre"": ""+17"", ""sel_fpr_req"": ""99"", ""sel_fpr_bid"": ""+153700"", ""buy_fpr_bid"": ""+153600"", ""buy_fpr_req"": ""59"", ""buy_1th_pre_req_pre"": ""0"", ""buy_2th_pre_bid"": ""+153500"", ""buy_2th_pre_req"": ""141"", ""buy_2th_pre_req_pre"": ""0"", ""buy_3th_pre_bid"": ""+153400"", ""buy_3th_pre_req"": ""189"", ""buy_3th_pre_req_pre"": ""0"", ""buy_4th_pre_bid"": ""+153300"", ""buy_4th_pre_req"": ""174"", ""buy_4th_pre_req_pre"": ""0"", ""buy_5th_pre_bid"": ""+153200"", ""buy_5th_pre_req"": ""174"", ""buy_5th_pre_req_pre"": ""0"", ""buy_6th_pre_bid"": ""+153100"", ""buy_6th_pre_req"": ""106"", ""buy_6th_pre_req_pre"": ""0"", ""buy_7th_pre_bid"": ""+153000"", ""buy_7th_pre_req"": ""201"", ""buy_7th_pre_req_pre"": ""0"", ""buy_8th_pre_bid"": ""+152900"", ""buy_8th_pre_req"": ""194"", ""buy_8th_pre_req_pre"": ""0"", ""buy_9th_pre_bid"": ""+152800"", ""buy_9th_pre_req"": ""131"", ""buy_9th_pre_req_pre"": ""0"", ""buy_10th_pre_bid"": ""+152700"", ""buy_10th_pre_req"": ""132"", ""buy_10th_pre_req_pre"": ""0"", ""tot_sel_req_jub_pre"": ""+17"", ""tot_sel_req"": ""1303"", ""tot_buy_req"": ""1501"", ""tot_buy_req_jub_pre"": ""0"", ""ovt_sel_req_pre"": ""0"", ""ovt_sel_req"": ""0"", ""ovt_buy_req"": ""0"", ""ovt_buy_req_pre"": ""0"", ""return_code"": 0, ""return_msg"": ""정상적으로 처리되었습니다""}"
2026-06-10,scan_candidate,034220,,0,main_scan,13050,,13050,13040,13050,13050,-0.38314176245210724,0.07662835249042146,,,,,,"{""bid_req_base_tm"": ""114524"", ""sel_10th_pre_req_pre"": ""0"", ""sel_10th_pre_req"": ""1053"", ""sel_10th_pre_bid"": ""-13140"", ""sel_9th_pre_req_pre"": ""0"", ""sel_9th_pre_req"": ""235"", ""sel_9th_pre_bid"": ""-13130"", ""sel_8th_pre_req_pre"": ""0"", ""sel_8th_pre_req"": ""23"", ""sel_8th_pre_bid"": ""-13120"", ""sel_7th_pre_req_pre"": ""0"", ""sel_7th_pre_req"": ""992"", ""sel_7th_pre_bid"": ""-13110"", ""sel_6th_pre_req_pre"": ""0"", ""sel_6th_pre_req"": ""735"", ""sel_6th_pre_bid"": ""-13100"", ""sel_5th_pre_req_pre"": ""0"", ""sel_5th_pre_req"": ""284"", ""sel_5th_pre_bid"": ""-13090"", ""sel_4th_pre_req_pre"": ""0"", ""sel_4th_pre_req"": ""21"", ""sel_4th_pre_bid"": ""-13080"", ""sel_3th_pre_req_pre"": ""0"", ""sel_3th_pre_req"": ""1178"", ""sel_3th_pre_bid"": ""-13070"", ""sel_2th_pre_req_pre"": ""0"", ""sel_2th_pre_req"": ""184"", ""sel_2th_pre_bid"": ""-13060"", ""sel_1th_pre_req_pre"": ""--14"", ""sel_fpr_req"": ""2749"", ""sel_fpr_bid"": ""-13050"", ""buy_fpr_bid"": ""-13040"", ""buy_fpr_req"": ""130"", ""buy_1th_pre_req_pre"": ""0"", ""buy_2th_pre_bid"": ""-13030"", ""buy_2th_pre_req"": ""5860"", ""buy_2th_pre_req_pre"": ""0"", ""buy_3th_pre_bid"": ""-13020"", ""buy_3th_pre_req"": ""14980"", ""buy_3th_pre_req_pre"": ""0"", ""buy_4th_pre_bid"": ""-13010"", ""buy_4th_pre_req"": ""20599"", ""buy_4th_pre_req_pre"": ""0"", ""buy_5th_pre_bid"": ""-13000"", ""buy_5th_pre_req"": ""111339"", ""buy_5th_pre_req_pre"": ""0"", ""buy_6th_pre_bid"": ""-12990"", ""buy_6th_pre_req"": ""17918"", ""buy_6th_pre_req_pre"": ""0"", ""buy_7th_pre_bid"": ""-12980"", ""buy_7th_pre_req"": ""20344"", ""buy_7th_pre_req_pre"": ""0"", ""buy_8th_pre_bid"": ""-12970"", ""buy_8th_pre_req"": ""10383"", ""buy_8th_pre_req_pre"": ""0"", ""buy_9th_pre_bid"": ""-12960"", ""buy_9th_pre_req"": ""10577"", ""buy_9th_pre_req_pre"": ""0"", ""buy_10th_pre_bid"": ""-12950"", ""buy_10th_pre_req"": ""15344"", ""buy_10th_pre_req_pre"": ""0"", ""tot_sel_req_jub_pre"": ""--14"", ""tot_sel_req"": ""7454"", ""tot_buy_req"": ""227474"", ""tot_buy_req_jub_pre"": ""0"", ""ovt_sel_req_pre"": ""0"", ""ovt_sel_req"": ""0"", ""ovt_buy_req"": ""0"", ""ovt_buy_req_pre"": ""0"", ""return_code"": 0, ""return_msg"": ""정상적으로 처리되었습니다""}"
2026-06-10,scan_candidate,078930,,0,main_scan,73600,,73600,73500,73600,73500,-0.2717391304347826,0.1358695652173913,,,,,,"{""bid_req_base_tm"": ""114523"", ""sel_10th_pre_req_pre"": ""0"", ""sel_10th_pre_req"": ""387"", ""sel_10th_pre_bid"": ""+74500"", ""sel_9th_pre_req_pre"": ""0"", ""sel_9th_pre_req"": ""108"", ""sel_9th_pre_bid"": ""+74400"", ""sel_8th_pre_req_pre"": ""0"", ""sel_8th_pre_req"": ""121"", ""sel_8th_pre_bid"": ""+74300"", ""sel_7th_pre_req_pre"": ""0"", ""sel_7th_pre_req"": ""40"", ""sel_7th_pre_bid"": ""+74200"", ""sel_6th_pre_req_pre"": ""0"", ""sel_6th_pre_req"": ""17"", ""sel_6th_pre_bid"": ""+74100"", ""sel_5th_pre_req_pre"": ""0"", ""sel_5th_pre_req"": ""22"", ""sel_5th_pre_bid"": ""+74000"", ""sel_4th_pre_req_pre"": ""0"", ""sel_4th_pre_req"": ""585"", ""sel_4th_pre_bid"": ""+73900"", ""sel_3th_pre_req_pre"": ""0"", ""sel_3th_pre_req"": ""26"", ""sel_3th_pre_bid"": ""73800"", ""sel_2th_pre_req_pre"": ""0"", ""sel_2th_pre_req"": ""43"", ""sel_2th_pre_bid"": ""-73700"", ""sel_1th_pre_req_pre"": ""+17"", ""sel_fpr_req"": ""45"", ""sel_fpr_bid"": ""-73600"", ""buy_fpr_bid"": ""-73500"", ""buy_fpr_req"": ""246"", ""buy_1th_pre_req_pre"": ""0"", ""buy_2th_pre_bid"": ""-73400"", ""buy_2th_pre_req"": ""335"", ""buy_2th_pre_req_pre"": ""0"", ""buy_3th_pre_bid"": ""-73300"", ""buy_3th_pre_req"": ""119"", ""buy_3th_pre_req_pre"": ""0"", ""buy_4th_pre_bid"": ""-73200"", ""buy_4th_pre_req"": ""138"", ""buy_4th_pre_req_pre"": ""0"", ""buy_5th_pre_bid"": ""-73100"", ""buy_5th_pre_req"": ""114"", ""buy_5th_pre_req_pre"": ""0"", ""buy_6th_pre_bid"": ""-73000"", ""buy_6th_pre_req"": ""5"", ""buy_6th_pre_req_pre"": ""0"", ""buy_7th_pre_bid"": ""-72900"", ""buy_7th_pre_req"": ""10"", ""buy_7th_pre_req_pre"": ""0"", ""buy_8th_pre_bid"": ""-72800"", ""buy_8th_pre_req"": ""2"", ""buy_8th_pre_req_pre"": ""0"", ""buy_9th_pre_bid"": ""-72700"", ""buy_9th_pre_req"": ""51"", ""buy_9th_pre_req_pre"": ""0"", ""buy_10th_pre_bid"": ""-72600"", ""buy_10th_pre_req"": ""50"", ""buy_10th_pre_req_pre"": ""0"", ""tot_sel_req_jub_pre"": ""+17"", ""tot_sel_req"": ""1394"", ""tot_buy_req"": ""1070"", ""tot_buy_req_jub_pre"": ""0"", ""ovt_sel_req_pre"": ""0"", ""ovt_sel_req"": ""0"", ""ovt_buy_req"": ""0"", ""ovt_buy_req_pre"": ""0"", ""return_code"": 0, ""return_msg"": ""정상적으로 처리되었습니다""}"
2026-06-10,scan_candidate,090430,,0,main_scan,112000,,112000,111900,112000,112000,-0.4464285714285714,0.08928571428571429,,,,,,"{""bid_req_base_tm"": ""114521"", ""sel_10th_pre_req_pre"": ""0"", ""sel_10th_pre_req"": ""80"", ""sel_10th_pre_bid"": ""+112900"", ""sel_9th_pre_req_pre"": ""0"", ""sel_9th_pre_req"": ""5"", ""sel_9th_pre_bid"": ""+112800"", ""sel_8th_pre_req_pre"": ""0"", ""sel_8th_pre_req"": ""5"", ""sel_8th_pre_bid"": ""+112700"", ""sel_7th_pre_req_pre"": ""0"", ""sel_7th_pre_req"": ""5"", ""sel_7th_pre_bid"": ""+112600"", ""sel_6th_pre_req_pre"": ""0"", ""sel_6th_pre_req"": ""11"", ""sel_6th_pre_bid"": ""+112500"", ""sel_5th_pre_req_pre"": ""0"", ""sel_5th_pre_req"": ""30"", ""sel_5th_pre_bid"": ""+112400"", ""sel_4th_pre_req_pre"": ""0"", ""sel_4th_pre_req"": ""187"", ""sel_4th_pre_bid"": ""+112300"", ""sel_3th_pre_req_pre"": ""0"", ""sel_3th_pre_req"": ""37"", ""sel_3th_pre_bid"": ""+112200"", ""sel_2th_pre_req_pre"": ""0"", ""sel_2th_pre_req"": ""204"", ""sel_2th_pre_bid"": ""+112100"", ""sel_1th_pre_req_pre"": ""+1"", ""sel_fpr_req"": ""192"", ""sel_fpr_bid"": ""112000"", ""buy_fpr_bid"": ""-111900"", ""buy_fpr_req"": ""85"", ""buy_1th_pre_req_pre"": ""0"", ""buy_2th_pre_bid"": ""-111800"", ""buy_2th_pre_req"": ""67"", ""buy_2th_pre_req_pre"": ""0"", ""buy_3th_pre_bid"": ""-111700"", ""buy_3th_pre_req"": ""283"", ""buy_3th_pre_req_pre"": ""0"", ""buy_4th_pre_bid"": ""-111600"", ""buy_4th_pre_req"": ""1047"", ""buy_4th_pre_req_pre"": ""0"", ""buy_5th_pre_bid"": ""-111500"", ""buy_5th_pre_req"": ""3046"", ""buy_5th_pre_req_pre"": ""0"", ""buy_6th_pre_bid"": ""-111400"", ""buy_6th_pre_req"": ""122"", ""buy_6th_pre_req_pre"": ""0"", ""buy_7th_pre_bid"": ""-111300"", ""buy_7th_pre_req"": ""34"", ""buy_7th_pre_req_pre"": ""0"", ""buy_8th_pre_bid"": ""-111200"", ""buy_8th_pre_req"": ""15"", ""buy_8th_pre_req_pre"": ""0"", ""buy_9th_pre_bid"": ""-111100"", ""buy_9th_pre_req"": ""22"", ""buy_9th_pre_req_pre"": ""0"", ""buy_10th_pre_bid"": ""-111000"", ""buy_10th_pre_req"": ""192"", ""buy_10th_pre_req_pre"": ""0"", ""tot_sel_req_jub_pre"": ""+1"", ""tot_sel_req"": ""756"", ""tot_buy_req"": ""4913"", ""tot_buy_req_jub_pre"": ""0"", ""ovt_sel_req_pre"": ""0"", ""ovt_sel_req"": ""0"", ""ovt_buy_req"": ""0"", ""ovt_buy_req_pre"": ""0"", ""return_code"": 0, ""return_msg"": ""정상적으로 처리되었습니다""}"
2026-06-10,scan_candidate,004170,,0,main_scan,679000,,679000,678000,679000,680000,0.0,0.14727540500736377,,,,,,"{""bid_req_base_tm"": ""114525"", ""sel_10th_pre_req_pre"": ""0"", ""sel_10th_pre_req"": ""63"", ""sel_10th_pre_bid"": ""+688000"", ""sel_9th_pre_req_pre"": ""0"", ""sel_9th_pre_req"": ""76"", ""sel_9th_pre_bid"": ""+687000"", ""sel_8th_pre_req_pre"": ""0"", ""sel_8th_pre_req"": ""13"", ""sel_8th_pre_bid"": ""+686000"", ""sel_7th_pre_req_pre"": ""0"", ""sel_7th_pre_req"": ""14"", ""sel_7th_pre_bid"": ""+685000"", ""sel_6th_pre_req_pre"": ""0"", ""sel_6th_pre_req"": ""12"", ""sel_6th_pre_bid"": ""+684000"", ""sel_5th_pre_req_pre"": ""--2"", ""sel_5th_pre_req"": ""7"", ""sel_5th_pre_bid"": ""+683000"", ""sel_4th_pre_req_pre"": ""0"", ""sel_4th_pre_req"": ""10"", ""sel_4th_pre_bid"": ""+682000"", ""sel_3th_pre_req_pre"": ""0"", ""sel_3th_pre_req"": ""14"", ""sel_3th_pre_bid"": ""+681000"", ""sel_2th_pre_req_pre"": ""0"", ""sel_2th_pre_req"": ""35"", ""sel_2th_pre_bid"": ""+680000"", ""sel_1th_pre_req_pre"": ""+2"", ""sel_fpr_req"": ""19"", ""sel_fpr_bid"": ""+679000"", ""buy_fpr_bid"": ""+678000"", ""buy_fpr_req"": ""35"", ""buy_1th_pre_req_pre"": ""0"", ""buy_2th_pre_bid"": ""+677000"", ""buy_2th_pre_req"": ""8"", ""buy_2th_pre_req_pre"": ""0"", ""buy_3th_pre_bid"": ""+676000"", ""buy_3th_pre_req"": ""15"", ""buy_3th_pre_req_pre"": ""0"", ""buy_4th_pre_bid"": ""+675000"", ""buy_4th_pre_req"": ""97"", ""buy_4th_pre_req_pre"": ""0"", ""buy_5th_pre_bid"": ""+674000"", ""buy_5th_pre_req"": ""7"", ""buy_5th_pre_req_pre"": ""0"", ""buy_6th_pre_bid"": ""+673000"", ""buy_6th_pre_req"": ""102"", ""buy_6th_pre_req_pre"": ""0"", ""buy_7th_pre_bid"": ""+672000"", ""buy_7th_pre_req"": ""5"", ""buy_7th_pre_req_pre"": ""0"", ""buy_8th_pre_bid"": ""+671000"", ""buy_8th_pre_req"": ""45"", ""buy_8th_pre_req_pre"": ""0"", ""buy_9th_pre_bid"": ""+670000"", ""buy_9th_pre_req"": ""573"", ""buy_9th_pre_req_pre"": ""0"", ""buy_10th_pre_bid"": ""+669000"", ""buy_10th_pre_req"": ""161"", ""buy_10th_pre_req_pre"": ""0"", ""tot_sel_req_jub_pre"": ""0"", ""tot_sel_req"": ""263"", ""tot_buy_req"": ""1048"", ""tot_buy_req_jub_pre"": ""0"", ""ovt_sel_req_pre"": ""0"", ""ovt_sel_req"": ""0"", ""ovt_buy_req"": ""0"", ""ovt_buy_req_pre"": ""0"", ""return_code"": 0, ""return_msg"": ""정상적으로 처리되었습니다""}"
2026-06-10,scan_candidate,036570,,0,main_scan,256500,,256500,256000,256500,257500,0.1949317738791423,0.1949317738791423,,,,,,"{""bid_req_base_tm"": ""114525"", ""sel_10th_pre_req_pre"": ""0"", ""sel_10th_pre_req"": ""288"", ""sel_10th_pre_bid"": ""-261000"", ""sel_9th_pre_req_pre"": ""0"", ""sel_9th_pre_req"": ""110"", ""sel_9th_pre_bid"": ""-260500"", ""sel_8th_pre_req_pre"": ""0"", ""sel_8th_pre_req"": ""83"", ""sel_8th_pre_bid"": ""-260000"", ""sel_7th_pre_req_pre"": ""0"", ""sel_7th_pre_req"": ""76"", ""sel_7th_pre_bid"": ""-259500"", ""sel_6th_pre_req_pre"": ""0"", ""sel_6th_pre_req"": ""36"", ""sel_6th_pre_bid"": ""-259000"", ""sel_5th_pre_req_pre"": ""0"", ""sel_5th_pre_req"": ""61"", ""sel_5th_pre_bid"": ""-258500"", ""sel_4th_pre_req_pre"": ""0"", ""sel_4th_pre_req"": ""21"", ""sel_4th_pre_bid"": ""-258000"", ""sel_3th_pre_req_pre"": ""0"", ""sel_3th_pre_req"": ""41"", ""sel_3th_pre_bid"": ""-257500"", ""sel_2th_pre_req_pre"": ""0"", ""sel_2th_pre_req"": ""8"", ""sel_2th_pre_bid"": ""-257000"", ""sel_1th_pre_req_pre"": ""0"", ""sel_fpr_req"": ""64"", ""sel_fpr_bid"": ""-256500"", ""buy_fpr_bid"": ""-256000"", ""buy_fpr_req"": ""71"", ""buy_1th_pre_req_pre"": ""0"", ""buy_2th_pre_bid"": ""-255500"", ""buy_2th_pre_req"": ""67"", ""buy_2th_pre_req_pre"": ""--30"", ""buy_3th_pre_bid"": ""-255000"", ""buy_3th_pre_req"": ""268"", ""buy_3th_pre_req_pre"": ""+30"", ""buy_4th_pre_bid"": ""-254500"", ""buy_4th_pre_req"": ""619"", ""buy_4th_pre_req_pre"": ""0"", ""buy_5th_pre_bid"": ""-254000"", ""buy_5th_pre_req"": ""377"", ""buy_5th_pre_req_pre"": ""0"", ""buy_6th_pre_bid"": ""-253500"", ""buy_6th_pre_req"": ""581"", ""buy_6th_pre_req_pre"": ""0"", ""buy_7th_pre_bid"": ""-253000"", ""buy_7th_pre_req"": ""734"", ""buy_7th_pre_req_pre"": ""0"", ""buy_8th_pre_bid"": ""-252500"", ""buy_8th_pre_req"": ""297"", ""buy_8th_pre_req_pre"": ""0"", ""buy_9th_pre_bid"": ""-252000"", ""buy_9th_pre_req"": ""221"", ""buy_9th_pre_req_pre"": ""0"", ""buy_10th_pre_bid"": ""-251500"", ""buy_10th_pre_req"": ""225"", ""buy_10th_pre_req_pre"": ""0"", ""tot_sel_req_jub_pre"": ""0"", ""tot_sel_req"": ""788"", ""tot_buy_req"": ""3460"", ""tot_buy_req_jub_pre"": ""0"", ""ovt_sel_req_pre"": ""0"", ""ovt_sel_req"": ""0"", ""ovt_buy_req"": ""0"", ""ovt_buy_req_pre"": ""0"", ""return_code"": 0, ""return_msg"": ""정상적으로 처리되었습니다""}"
2026-06-10,scan_candidate,271560,,0,main_scan,132700,,132700,132600,132700,132500,-0.5275056518462697,0.07535795026375283,,,,,,"{""bid_req_base_tm"": ""114525"", ""sel_10th_pre_req_pre"": ""0"", ""sel_10th_pre_req"": ""20"", ""sel_10th_pre_bid"": ""+133800"", ""sel_9th_pre_req_pre"": ""0"", ""sel_9th_pre_req"": ""101"", ""sel_9th_pre_bid"": ""+133700"", ""sel_8th_pre_req_pre"": ""0"", ""sel_8th_pre_req"": ""6"", ""sel_8th_pre_bid"": ""+133600"", ""sel_7th_pre_req_pre"": ""0"", ""sel_7th_pre_req"": ""4"", ""sel_7th_pre_bid"": ""+133500"", ""sel_6th_pre_req_pre"": ""0"", ""sel_6th_pre_req"": ""3"", ""sel_6th_pre_bid"": ""+133300"", ""sel_5th_pre_req_pre"": ""0"", ""sel_5th_pre_req"": ""23"", ""sel_5th_pre_bid"": ""+133200"", ""sel_4th_pre_req_pre"": ""0"", ""sel_4th_pre_req"": ""77"", ""sel_4th_pre_bid"": ""+133000"", ""sel_3th_pre_req_pre"": ""0"", ""sel_3th_pre_req"": ""81"", ""sel_3th_pre_bid"": ""132900"", ""sel_2th_pre_req_pre"": ""0"", ""sel_2th_pre_req"": ""147"", ""sel_2th_pre_bid"": ""-132800"", ""sel_1th_pre_req_pre"": ""0"", ""sel_fpr_req"": ""347"", ""sel_fpr_bid"": ""-132700"", ""buy_fpr_bid"": ""-132600"", ""buy_fpr_req"": ""118"", ""buy_1th_pre_req_pre"": ""+4"", ""buy_2th_pre_bid"": ""-132500"", ""buy_2th_pre_req"": ""20"", ""buy_2th_pre_req_pre"": ""0"", ""buy_3th_pre_bid"": ""-132400"", ""buy_3th_pre_req"": ""6"", ""buy_3th_pre_req_pre"": ""0"", ""buy_4th_pre_bid"": ""-132300"", ""buy_4th_pre_req"": ""13"", ""buy_4th_pre_req_pre"": ""0"", ""buy_5th_pre_bid"": ""-132200"", ""buy_5th_pre_req"": ""51"", ""buy_5th_pre_req_pre"": ""0"", ""buy_6th_pre_bid"": ""-132100"", ""buy_6th_pre_req"": ""61"", ""buy_6th_pre_req_pre"": ""0"", ""buy_7th_pre_bid"": ""-132000"", ""buy_7th_pre_req"": ""36"", ""buy_7th_pre_req_pre"": ""0"", ""buy_8th_pre_bid"": ""-131600"", ""buy_8th_pre_req"": ""1"", ""buy_8th_pre_req_pre"": ""0"", ""buy_9th_pre_bid"": ""-131500"", ""buy_9th_pre_req"": ""405"", ""buy_9th_pre_req_pre"": ""0"", ""buy_10th_pre_bid"": ""-131400"", ""buy_10th_pre_req"": ""51"", ""buy_10th_pre_req_pre"": ""0"", ""tot_sel_req_jub_pre"": ""0"", ""tot_sel_req"": ""809"", ""tot_buy_req"": ""762"", ""tot_buy_req_jub_pre"": ""+4"", ""ovt_sel_req_pre"": ""0"", ""ovt_sel_req"": ""0"", ""ovt_buy_req"": ""0"", ""ovt_buy_req_pre"": ""0"", ""return_code"": 0, ""return_msg"": ""정상적으로 처리되었습니다""}"
2026-06-10,scan_candidate,023530,,0,main_scan,192000,,192000,191900,192000,192000,-0.26041666666666663,0.052083333333333336,,,,,,"{""bid_req_base_tm"": ""114524"", ""sel_10th_pre_req_pre"": ""0"", ""sel_10th_pre_req"": ""8"", ""sel_10th_pre_bid"": ""+193800"", ""sel_9th_pre_req_pre"": ""0"", ""sel_9th_pre_req"": ""1"", ""sel_9th_pre_bid"": ""+193700"", ""sel_8th_pre_req_pre"": ""0"", ""sel_8th_pre_req"": ""90"", ""sel_8th_pre_bid"": ""+193500"", ""sel_7th_pre_req_pre"": ""0"", ""sel_7th_pre_req"": ""102"", ""sel_7th_pre_bid"": ""+193300"", ""sel_6th_pre_req_pre"": ""0"", ""sel_6th_pre_req"": ""18"", ""sel_6th_pre_bid"": ""+193200"", ""sel_5th_pre_req_pre"": ""0"", ""sel_5th_pre_req"": ""56"", ""sel_5th_pre_bid"": ""+193100"", ""sel_4th_pre_req_pre"": ""0"", ""sel_4th_pre_req"": ""2"", ""sel_4th_pre_bid"": ""+193000"", ""sel_3th_pre_req_pre"": ""0"", ""sel_3th_pre_req"": ""2"", ""sel_3th_pre_bid"": ""+192200"", ""sel_2th_pre_req_pre"": ""0"", ""sel_2th_pre_req"": ""75"", ""sel_2th_pre_bid"": ""+192100"", ""sel_1th_pre_req_pre"": ""+5"", ""sel_fpr_req"": ""25"", ""sel_fpr_bid"": ""+192000"", ""buy_fpr_bid"": ""+191900"", ""buy_fpr_req"": ""102"", ""buy_1th_pre_req_pre"": ""0"", ""buy_2th_pre_bid"": ""+191800"", ""buy_2th_pre_req"": ""39"", ""buy_2th_pre_req_pre"": ""0"", ""buy_3th_pre_bid"": ""+191700"", ""buy_3th_pre_req"": ""20"", ""buy_3th_pre_req_pre"": ""0"", ""buy_4th_pre_bid"": ""+191600"", ""buy_4th_pre_req"": ""25"", ""buy_4th_pre_req_pre"": ""0"", ""buy_5th_pre_bid"": ""+191500"", ""buy_5th_pre_req"": ""9"", ""buy_5th_pre_req_pre"": ""0"", ""buy_6th_pre_bid"": ""+191400"", ""buy_6th_pre_req"": ""5"", ""buy_6th_pre_req_pre"": ""0"", ""buy_7th_pre_bid"": ""+191200"", ""buy_7th_pre_req"": ""11"", ""buy_7th_pre_req_pre"": ""0"", ""buy_8th_pre_bid"": ""+191100"", ""buy_8th_pre_req"": ""15"", ""buy_8th_pre_req_pre"": ""0"", ""buy_9th_pre_bid"": ""+191000"", ""buy_9th_pre_req"": ""23"", ""buy_9th_pre_req_pre"": ""0"", ""buy_10th_pre_bid"": ""+190900"", ""buy_10th_pre_req"": ""9"", ""buy_10th_pre_req_pre"": ""0"", ""tot_sel_req_jub_pre"": ""+5"", ""tot_sel_req"": ""379"", ""tot_buy_req"": ""258"", ""tot_buy_req_jub_pre"": ""0"", ""ovt_sel_req_pre"": ""0"", ""ovt_sel_req"": ""0"", ""ovt_buy_req"": ""0"", ""ovt_buy_req_pre"": ""0"", ""return_code"": 0, ""return_msg"": ""정상적으로 처리되었습니다""}"
2026-06-10,scan_candidate,175330,,0,main_scan,25500,,25500,25450,25500,25650,0.39215686274509803,0.19607843137254902,,,,,,"{""bid_req_base_tm"": ""114525"", ""sel_10th_pre_req_pre"": ""0"", ""sel_10th_pre_req"": ""143"", ""sel_10th_pre_bid"": ""+25950"", ""sel_9th_pre_req_pre"": ""0"", ""sel_9th_pre_req"": ""563"", ""sel_9th_pre_bid"": ""25900"", ""sel_8th_pre_req_pre"": ""0"", ""sel_8th_pre_req"": ""470"", ""sel_8th_pre_bid"": ""-25850"", ""sel_7th_pre_req_pre"": ""0"", ""sel_7th_pre_req"": ""43"", ""sel_7th_pre_bid"": ""-25800"", ""sel_6th_pre_req_pre"": ""0"", ""sel_6th_pre_req"": ""101"", ""sel_6th_pre_bid"": ""-25750"", ""sel_5th_pre_req_pre"": ""0"", ""sel_5th_pre_req"": ""86"", ""sel_5th_pre_bid"": ""-25700"", ""sel_4th_pre_req_pre"": ""0"", ""sel_4th_pre_req"": ""177"", ""sel_4th_pre_bid"": ""-25650"", ""sel_3th_pre_req_pre"": ""0"", ""sel_3th_pre_req"": ""483"", ""sel_3th_pre_bid"": ""-25600"", ""sel_2th_pre_req_pre"": ""0"", ""sel_2th_pre_req"": ""1122"", ""sel_2th_pre_bid"": ""-25550"", ""sel_1th_pre_req_pre"": ""+195"", ""sel_fpr_req"": ""4254"", ""sel_fpr_bid"": ""-25500"", ""buy_fpr_bid"": ""-25450"", ""buy_fpr_req"": ""5261"", ""buy_1th_pre_req_pre"": ""0"", ""buy_2th_pre_bid"": ""-25400"", ""buy_2th_pre_req"": ""2603"", ""buy_2th_pre_req_pre"": ""0"", ""buy_3th_pre_bid"": ""-25350"", ""buy_3th_pre_req"": ""419"", ""buy_3th_pre_req_pre"": ""0"", ""buy_4th_pre_bid"": ""-25300"", ""buy_4th_pre_req"": ""362"", ""buy_4th_pre_req_pre"": ""0"", ""buy_5th_pre_bid"": ""-25250"", ""buy_5th_pre_req"": ""490"", ""buy_5th_pre_req_pre"": ""0"", ""buy_6th_pre_bid"": ""-25200"", ""buy_6th_pre_req"": ""380"", ""buy_6th_pre_req_pre"": ""0"", ""buy_7th_pre_bid"": ""-25150"", ""buy_7th_pre_req"": ""839"", ""buy_7th_pre_req_pre"": ""0"", ""buy_8th_pre_bid"": ""-25100"", ""buy_8th_pre_req"": ""541"", ""buy_8th_pre_req_pre"": ""0"", ""buy_9th_pre_bid"": ""-25050"", ""buy_9th_pre_req"": ""620"", ""buy_9th_pre_req_pre"": ""0"", ""buy_10th_pre_bid"": ""-25000"", ""buy_10th_pre_req"": ""708"", ""buy_10th_pre_req_pre"": ""0"", ""tot_sel_req_jub_pre"": ""+195"", ""tot_sel_req"": ""7442"", ""tot_buy_req"": ""12223"", ""tot_buy_req_jub_pre"": ""0"", ""ovt_sel_req_pre"": ""0"", ""ovt_sel_req"": ""0"", ""ovt_buy_req"": ""0"", ""ovt_buy_req_pre"": ""0"", ""return_code"": 0, ""return_msg"": ""정상적으로 처리되었습니다""}"
2026-06-10,scan_candidate,088350,,0,main_scan,4825,,4825,4820,4825,4845,0.31088082901554404,0.10362694300518134,,,,,,"{""bid_req_base_tm"": ""114524"", ""sel_10th_pre_req_pre"": ""0"", ""sel_10th_pre_req"": ""2204"", ""sel_10th_pre_bid"": ""-4880"", ""sel_9th_pre_req_pre"": ""0"", ""sel_9th_pre_req"": ""574"", ""sel_9th_pre_bid"": ""-4875"", ""sel_8th_pre_req_pre"": ""0"", ""sel_8th_pre_req"": ""109"", ""sel_8th_pre_bid"": ""-4870"", ""sel_7th_pre_req_pre"": ""0"", ""sel_7th_pre_req"": ""2004"", ""sel_7th_pre_bid"": ""-4865"", ""sel_6th_pre_req_pre"": ""0"", ""sel_6th_pre_req"": ""1758"", ""sel_6th_pre_bid"": ""-4860"", ""sel_5th_pre_req_pre"": ""0"", ""sel_5th_pre_req"": ""876"", ""sel_5th_pre_bid"": ""-4855"", ""sel_4th_pre_req_pre"": ""0"", ""sel_4th_pre_req"": ""3495"", ""sel_4th_pre_bid"": ""-4850"", ""sel_3th_pre_req_pre"": ""0"", ""sel_3th_pre_req"": ""2217"", ""sel_3th_pre_bid"": ""-4845"", ""sel_2th_pre_req_pre"": ""0"", ""sel_2th_pre_req"": ""1416"", ""sel_2th_pre_bid"": ""-4840"", ""sel_1th_pre_req_pre"": ""0"", ""sel_fpr_req"": ""772"", ""sel_fpr_bid"": ""-4825"", ""buy_fpr_bid"": ""-4820"", ""buy_fpr_req"": ""484"", ""buy_1th_pre_req_pre"": ""0"", ""buy_2th_pre_bid"": ""-4815"", ""buy_2th_pre_req"": ""27203"", ""buy_2th_pre_req_pre"": ""0"", ""buy_3th_pre_bid"": ""-4810"", ""buy_3th_pre_req"": ""13472"", ""buy_3th_pre_req_pre"": ""0"", ""buy_4th_pre_bid"": ""-4805"", ""buy_4th_pre_req"": ""14514"", ""buy_4th_pre_req_pre"": ""0"", ""buy_5th_pre_bid"": ""-4800"", ""buy_5th_pre_req"": ""21010"", ""buy_5th_pre_req_pre"": ""0"", ""buy_6th_pre_bid"": ""-4795"", ""buy_6th_pre_req"": ""13047"", ""buy_6th_pre_req_pre"": ""0"", ""buy_7th_pre_bid"": ""-4790"", ""buy_7th_pre_req"": ""17447"", ""buy_7th_pre_req_pre"": ""0"", ""buy_8th_pre_bid"": ""-4785"", ""buy_8th_pre_req"": ""8211"", ""buy_8th_pre_req_pre"": ""0"", ""buy_9th_pre_bid"": ""-4780"", ""buy_9th_pre_req"": ""11057"", ""buy_9th_pre_req_pre"": ""0"", ""buy_10th_pre_bid"": ""-4775"", ""buy_10th_pre_req"": ""5177"", ""buy_10th_pre_req_pre"": ""0"", ""tot_sel_req_jub_pre"": ""0"", ""tot_sel_req"": ""15425"", ""tot_buy_req"": ""131622"", ""tot_buy_req_jub_pre"": ""0"", ""ovt_sel_req_pre"": ""0"", ""ovt_sel_req"": ""0"", ""ovt_buy_req"": ""0"", ""ovt_buy_req_pre"": ""0"", ""return_code"": 0, ""return_msg"": ""정상적으로 처리되었습니다""}"
2026-06-10,scan_candidate,069960,,0,main_scan,173000,,173000,172900,173000,172000,-0.8670520231213872,0.05780346820809249,,,,,,"{""bid_req_base_tm"": ""114525"", ""sel_10th_pre_req_pre"": ""0"", ""sel_10th_pre_req"": ""3"", ""sel_10th_pre_bid"": ""+174600"", ""sel_9th_pre_req_pre"": ""0"", ""sel_9th_pre_req"": ""35"", ""sel_9th_pre_bid"": ""+174500"", ""sel_8th_pre_req_pre"": ""0"", ""sel_8th_pre_req"": ""10"", ""sel_8th_pre_bid"": ""+174400"", ""sel_7th_pre_req_pre"": ""0"", ""sel_7th_pre_req"": ""5"", ""sel_7th_pre_bid"": ""+174200"", ""sel_6th_pre_req_pre"": ""0"", ""sel_6th_pre_req"": ""20"", ""sel_6th_pre_bid"": ""+174100"", ""sel_5th_pre_req_pre"": ""0"", ""sel_5th_pre_req"": ""9"", ""sel_5th_pre_bid"": ""+173500"", ""sel_4th_pre_req_pre"": ""0"", ""sel_4th_pre_req"": ""14"", ""sel_4th_pre_bid"": ""+173400"", ""sel_3th_pre_req_pre"": ""0"", ""sel_3th_pre_req"": ""3"", ""sel_3th_pre_bid"": ""+173200"", ""sel_2th_pre_req_pre"": ""0"", ""sel_2th_pre_req"": ""16"", ""sel_2th_pre_bid"": ""+173100"", ""sel_1th_pre_req_pre"": ""0"", ""sel_fpr_req"": ""185"", ""sel_fpr_bid"": ""+173000"", ""buy_fpr_bid"": ""+172900"", ""buy_fpr_req"": ""15"", ""buy_1th_pre_req_pre"": ""+8"", ""buy_2th_pre_bid"": ""+172600"", ""buy_2th_pre_req"": ""1"", ""buy_2th_pre_req_pre"": ""0"", ""buy_3th_pre_bid"": ""+172500"", ""buy_3th_pre_req"": ""12"", ""buy_3th_pre_req_pre"": ""0"", ""buy_4th_pre_bid"": ""+172200"", ""buy_4th_pre_req"": ""3"", ""buy_4th_pre_req_pre"": ""0"", ""buy_5th_pre_bid"": ""+172100"", ""buy_5th_pre_req"": ""1"", ""buy_5th_pre_req_pre"": ""0"", ""buy_6th_pre_bid"": ""+172000"", ""buy_6th_pre_req"": ""3"", ""buy_6th_pre_req_pre"": ""0"", ""buy_7th_pre_bid"": ""+171900"", ""buy_7th_pre_req"": ""1"", ""buy_7th_pre_req_pre"": ""0"", ""buy_8th_pre_bid"": ""+171800"", ""buy_8th_pre_req"": ""3"", ""buy_8th_pre_req_pre"": ""0"", ""buy_9th_pre_bid"": ""+171500"", ""buy_9th_pre_req"": ""3"", ""buy_9th_pre_req_pre"": ""0"", ""buy_10th_pre_bid"": ""+171400"", ""buy_10th_pre_req"": ""14"", ""buy_10th_pre_req_pre"": ""0"", ""tot_sel_req_jub_pre"": ""0"", ""tot_sel_req"": ""300"", ""tot_buy_req"": ""56"", ""tot_buy_req_jub_pre"": ""+8"", ""ovt_sel_req_pre"": ""0"", ""ovt_sel_req"": ""0"", ""ovt_buy_req"": ""0"", ""ovt_buy_req_pre"": ""0"", ""return_code"": 0, ""return_msg"": ""정상적으로 처리되었습니다""}"
2026-06-10,scan_candidate,111770,,0,main_scan,78700,,78700,78600,78700,78800,0.0,0.12706480304955528,,,,,,"{""bid_req_base_tm"": ""114526"", ""sel_10th_pre_req_pre"": ""0"", ""sel_10th_pre_req"": ""11"", ""sel_10th_pre_bid"": ""+79700"", ""sel_9th_pre_req_pre"": ""0"", ""sel_9th_pre_req"": ""10"", ""sel_9th_pre_bid"": ""+79500"", ""sel_8th_pre_req_pre"": ""0"", ""sel_8th_pre_req"": ""23"", ""sel_8th_pre_bid"": ""+79400"", ""sel_7th_pre_req_pre"": ""0"", ""sel_7th_pre_req"": ""50"", ""sel_7th_pre_bid"": ""+79300"", ""sel_6th_pre_req_pre"": ""0"", ""sel_6th_pre_req"": ""50"", ""sel_6th_pre_bid"": ""+79200"", ""sel_5th_pre_req_pre"": ""0"", ""sel_5th_pre_req"": ""77"", ""sel_5th_pre_bid"": ""+79100"", ""sel_4th_pre_req_pre"": ""0"", ""sel_4th_pre_req"": ""59"", ""sel_4th_pre_bid"": ""+79000"", ""sel_3th_pre_req_pre"": ""0"", ""sel_3th_pre_req"": ""12"", ""sel_3th_pre_bid"": ""+78900"", ""sel_2th_pre_req_pre"": ""0"", ""sel_2th_pre_req"": ""39"", ""sel_2th_pre_bid"": ""+78800"", ""sel_1th_pre_req_pre"": ""+1"", ""sel_fpr_req"": ""120"", ""sel_fpr_bid"": ""+78700"", ""buy_fpr_bid"": ""+78600"", ""buy_fpr_req"": ""367"", ""buy_1th_pre_req_pre"": ""0"", ""buy_2th_pre_bid"": ""+78500"", ""buy_2th_pre_req"": ""7"", ""buy_2th_pre_req_pre"": ""0"", ""buy_3th_pre_bid"": ""+78400"", ""buy_3th_pre_req"": ""1"", ""buy_3th_pre_req_pre"": ""0"", ""buy_4th_pre_bid"": ""+78300"", ""buy_4th_pre_req"": ""25"", ""buy_4th_pre_req_pre"": ""0"", ""buy_5th_pre_bid"": ""+78200"", ""buy_5th_pre_req"": ""1"", ""buy_5th_pre_req_pre"": ""0"", ""buy_6th_pre_bid"": ""78000"", ""buy_6th_pre_req"": ""44"", ""buy_6th_pre_req_pre"": ""0"", ""buy_7th_pre_bid"": ""-77900"", ""buy_7th_pre_req"": ""45"", ""buy_7th_pre_req_pre"": ""0"", ""buy_8th_pre_bid"": ""-77800"", ""buy_8th_pre_req"": ""7"", ""buy_8th_pre_req_pre"": ""0"", ""buy_9th_pre_bid"": ""-77700"", ""buy_9th_pre_req"": ""19"", ""buy_9th_pre_req_pre"": ""0"", ""buy_10th_pre_bid"": ""-77500"", ""buy_10th_pre_req"": ""1"", ""buy_10th_pre_req_pre"": ""0"", ""tot_sel_req_jub_pre"": ""+1"", ""tot_sel_req"": ""451"", ""tot_buy_req"": ""517"", ""tot_buy_req_jub_pre"": ""0"", ""ovt_sel_req_pre"": ""0"", ""ovt_sel_req"": ""0"", ""ovt_buy_req"": ""0"", ""ovt_buy_req_pre"": ""0"", ""return_code"": 0, ""return_msg"": ""정상적으로 처리되었습니다""}"
2026-06-10,scan_candidate,085620,,0,main_scan,22300,,22300,22250,22300,22400,0.2242152466367713,0.2242152466367713,,,,,,"{""bid_req_base_tm"": ""114526"", ""sel_10th_pre_req_pre"": ""0"", ""sel_10th_pre_req"": ""52"", ""sel_10th_pre_bid"": ""-22750"", ""sel_9th_pre_req_pre"": ""0"", ""sel_9th_pre_req"": ""313"", ""sel_9th_pre_bid"": ""-22700"", ""sel_8th_pre_req_pre"": ""0"", ""sel_8th_pre_req"": ""183"", ""sel_8th_pre_bid"": ""-22650"", ""sel_7th_pre_req_pre"": ""0"", ""sel_7th_pre_req"": ""274"", ""sel_7th_pre_bid"": ""-22600"", ""sel_6th_pre_req_pre"": ""0"", ""sel_6th_pre_req"": ""199"", ""sel_6th_pre_bid"": ""-22550"", ""sel_5th_pre_req_pre"": ""0"", ""sel_5th_pre_req"": ""34"", ""sel_5th_pre_bid"": ""-22500"", ""sel_4th_pre_req_pre"": ""0"", ""sel_4th_pre_req"": ""44"", ""sel_4th_pre_bid"": ""-22450"", ""sel_3th_pre_req_pre"": ""0"", ""sel_3th_pre_req"": ""89"", ""sel_3th_pre_bid"": ""-22400"", ""sel_2th_pre_req_pre"": ""0"", ""sel_2th_pre_req"": ""9"", ""sel_2th_pre_bid"": ""-22350"", ""sel_1th_pre_req_pre"": ""0"", ""sel_fpr_req"": ""21"", ""sel_fpr_bid"": ""-22300"", ""buy_fpr_bid"": ""-22250"", ""buy_fpr_req"": ""186"", ""buy_1th_pre_req_pre"": ""--2"", ""buy_2th_pre_bid"": ""-22200"", ""buy_2th_pre_req"": ""214"", ""buy_2th_pre_req_pre"": ""0"", ""buy_3th_pre_bid"": ""-22150"", ""buy_3th_pre_req"": ""606"", ""buy_3th_pre_req_pre"": ""0"", ""buy_4th_pre_bid"": ""-22100"", ""buy_4th_pre_req"": ""1664"", ""buy_4th_pre_req_pre"": ""0"", ""buy_5th_pre_bid"": ""-22050"", ""buy_5th_pre_req"": ""2266"", ""buy_5th_pre_req_pre"": ""0"", ""buy_6th_pre_bid"": ""-22000"", ""buy_6th_pre_req"": ""1589"", ""buy_6th_pre_req_pre"": ""0"", ""buy_7th_pre_bid"": ""-21950"", ""buy_7th_pre_req"": ""2304"", ""buy_7th_pre_req_pre"": ""0"", ""buy_8th_pre_bid"": ""-21900"", ""buy_8th_pre_req"": ""1703"", ""buy_8th_pre_req_pre"": ""0"", ""buy_9th_pre_bid"": ""-21850"", ""buy_9th_pre_req"": ""1513"", ""buy_9th_pre_req_pre"": ""0"", ""buy_10th_pre_bid"": ""-21800"", ""buy_10th_pre_req"": ""2249"", ""buy_10th_pre_req_pre"": ""0"", ""tot_sel_req_jub_pre"": ""0"", ""tot_sel_req"": ""1218"", ""tot_buy_req"": ""14294"", ""tot_buy_req_jub_pre"": ""--2"", ""ovt_sel_req_pre"": ""0"", ""ovt_sel_req"": ""0"", ""ovt_buy_req"": ""0"", ""ovt_buy_req_pre"": ""0"", ""return_code"": 0, ""return_msg"": ""정상적으로 처리되었습니다""}"
2026-06-10,scan_candidate,001450,,0,main_scan,37500,,37500,37400,37500,37500,-0.13333333333333333,0.26666666666666666,,,,,,"{""bid_req_base_tm"": ""114526"", ""sel_10th_pre_req_pre"": ""0"", ""sel_10th_pre_req"": ""141"", ""sel_10th_pre_bid"": ""+37950"", ""sel_9th_pre_req_pre"": ""0"", ""sel_9th_pre_req"": ""225"", ""sel_9th_pre_bid"": ""+37900"", ""sel_8th_pre_req_pre"": ""0"", ""sel_8th_pre_req"": ""459"", ""sel_8th_pre_bid"": ""+37850"", ""sel_7th_pre_req_pre"": ""0"", ""sel_7th_pre_req"": ""503"", ""sel_7th_pre_bid"": ""+37800"", ""sel_6th_pre_req_pre"": ""0"", ""sel_6th_pre_req"": ""625"", ""sel_6th_pre_bid"": ""+37750"", ""sel_5th_pre_req_pre"": ""0"", ""sel_5th_pre_req"": ""175"", ""sel_5th_pre_bid"": ""+37700"", ""sel_4th_pre_req_pre"": ""0"", ""sel_4th_pre_req"": ""161"", ""sel_4th_pre_bid"": ""+37650"", ""sel_3th_pre_req_pre"": ""0"", ""sel_3th_pre_req"": ""359"", ""sel_3th_pre_bid"": ""+37600"", ""sel_2th_pre_req_pre"": ""--56"", ""sel_2th_pre_req"": ""239"", ""sel_2th_pre_bid"": ""+37550"", ""sel_1th_pre_req_pre"": ""+53"", ""sel_fpr_req"": ""308"", ""sel_fpr_bid"": ""+37500"", ""buy_fpr_bid"": ""+37400"", ""buy_fpr_req"": ""121"", ""buy_1th_pre_req_pre"": ""0"", ""buy_2th_pre_bid"": ""+37350"", ""buy_2th_pre_req"": ""252"", ""buy_2th_pre_req_pre"": ""0"", ""buy_3th_pre_bid"": ""+37300"", ""buy_3th_pre_req"": ""1058"", ""buy_3th_pre_req_pre"": ""0"", ""buy_4th_pre_bid"": ""+37250"", ""buy_4th_pre_req"": ""304"", ""buy_4th_pre_req_pre"": ""0"", ""buy_5th_pre_bid"": ""+37200"", ""buy_5th_pre_req"": ""488"", ""buy_5th_pre_req_pre"": ""0"", ""buy_6th_pre_bid"": ""+37150"", ""buy_6th_pre_req"": ""518"", ""buy_6th_pre_req_pre"": ""0"", ""buy_7th_pre_bid"": ""+37100"", ""buy_7th_pre_req"": ""690"", ""buy_7th_pre_req_pre"": ""0"", ""buy_8th_pre_bid"": ""+37050"", ""buy_8th_pre_req"": ""2827"", ""buy_8th_pre_req_pre"": ""0"", ""buy_9th_pre_bid"": ""+37000"", ""buy_9th_pre_req"": ""641"", ""buy_9th_pre_req_pre"": ""0"", ""buy_10th_pre_bid"": ""+36950"", ""buy_10th_pre_req"": ""116"", ""buy_10th_pre_req_pre"": ""0"", ""tot_sel_req_jub_pre"": ""--3"", ""tot_sel_req"": ""3195"", ""tot_buy_req"": ""7015"", ""tot_buy_req_jub_pre"": ""0"", ""ovt_sel_req_pre"": ""0"", ""ovt_sel_req"": ""0"", ""ovt_buy_req"": ""0"", ""ovt_buy_req_pre"": ""0"", ""return_code"": 0, ""return_msg"": ""정상적으로 처리되었습니다""}"
2026-06-10,scan_candidate,036460,,0,main_scan,34600,,34600,34500,34600,34500,-0.4335260115606936,0.2890173410404624,,,,,,"{""bid_req_base_tm"": ""114524"", ""sel_10th_pre_req_pre"": ""0"", ""sel_10th_pre_req"": ""18"", ""sel_10th_pre_bid"": ""+35050"", ""sel_9th_pre_req_pre"": ""0"", ""sel_9th_pre_req"": ""4280"", ""sel_9th_pre_bid"": ""+35000"", ""sel_8th_pre_req_pre"": ""0"", ""sel_8th_pre_req"": ""284"", ""sel_8th_pre_bid"": ""+34950"", ""sel_7th_pre_req_pre"": ""0"", ""sel_7th_pre_req"": ""619"", ""sel_7th_pre_bid"": ""+34900"", ""sel_6th_pre_req_pre"": ""0"", ""sel_6th_pre_req"": ""534"", ""sel_6th_pre_bid"": ""+34850"", ""sel_5th_pre_req_pre"": ""0"", ""sel_5th_pre_req"": ""420"", ""sel_5th_pre_bid"": ""+34800"", ""sel_4th_pre_req_pre"": ""0"", ""sel_4th_pre_req"": ""578"", ""sel_4th_pre_bid"": ""+34750"", ""sel_3th_pre_req_pre"": ""0"", ""sel_3th_pre_req"": ""832"", ""sel_3th_pre_bid"": ""+34700"", ""sel_2th_pre_req_pre"": ""0"", ""sel_2th_pre_req"": ""1355"", ""sel_2th_pre_bid"": ""+34650"", ""sel_1th_pre_req_pre"": ""0"", ""sel_fpr_req"": ""109"", ""sel_fpr_bid"": ""+34600"", ""buy_fpr_bid"": ""+34500"", ""buy_fpr_req"": ""421"", ""buy_1th_pre_req_pre"": ""--10"", ""buy_2th_pre_bid"": ""+34450"", ""buy_2th_pre_req"": ""147"", ""buy_2th_pre_req_pre"": ""0"", ""buy_3th_pre_bid"": ""+34400"", ""buy_3th_pre_req"": ""510"", ""buy_3th_pre_req_pre"": ""0"", ""buy_4th_pre_bid"": ""+34350"", ""buy_4th_pre_req"": ""132"", ""buy_4th_pre_req_pre"": ""0"", ""buy_5th_pre_bid"": ""+34300"", ""buy_5th_pre_req"": ""1857"", ""buy_5th_pre_req_pre"": ""0"", ""buy_6th_pre_bid"": ""+34250"", ""buy_6th_pre_req"": ""603"", ""buy_6th_pre_req_pre"": ""0"", ""buy_7th_pre_bid"": ""+34200"", ""buy_7th_pre_req"": ""761"", ""buy_7th_pre_req_pre"": ""0"", ""buy_8th_pre_bid"": ""+34150"", ""buy_8th_pre_req"": ""594"", ""buy_8th_pre_req_pre"": ""0"", ""buy_9th_pre_bid"": ""+34100"", ""buy_9th_pre_req"": ""700"", ""buy_9th_pre_req_pre"": ""0"", ""buy_10th_pre_bid"": ""+34050"", ""buy_10th_pre_req"": ""1168"", ""buy_10th_pre_req_pre"": ""0"", ""tot_sel_req_jub_pre"": ""0"", ""tot_sel_req"": ""9029"", ""tot_buy_req"": ""6893"", ""tot_buy_req_jub_pre"": ""--10"", ""ovt_sel_req_pre"": ""0"", ""ovt_sel_req"": ""0"", ""ovt_buy_req"": ""0"", ""ovt_buy_req_pre"": ""0"", ""return_code"": 0, ""return_msg"": ""정상적으로 처리되었습니다""}"
2026-06-10,scan_candidate,007810,,0,main_scan,119200,,119200,119100,119200,119000,-0.587248322147651,0.08389261744966443,,,,,,"{""bid_req_base_tm"": ""114525"", ""sel_10th_pre_req_pre"": ""0"", ""sel_10th_pre_req"": ""9"", ""sel_10th_pre_bid"": ""+120500"", ""sel_9th_pre_req_pre"": ""0"", ""sel_9th_pre_req"": ""112"", ""sel_9th_pre_bid"": ""-120200"", ""sel_8th_pre_req_pre"": ""0"", ""sel_8th_pre_req"": ""4"", ""sel_8th_pre_bid"": ""-120100"", ""sel_7th_pre_req_pre"": ""0"", ""sel_7th_pre_req"": ""36"", ""sel_7th_pre_bid"": ""-120000"", ""sel_6th_pre_req_pre"": ""0"", ""sel_6th_pre_req"": ""1"", ""sel_6th_pre_bid"": ""-119900"", ""sel_5th_pre_req_pre"": ""0"", ""sel_5th_pre_req"": ""4"", ""sel_5th_pre_bid"": ""-119800"", ""sel_4th_pre_req_pre"": ""0"", ""sel_4th_pre_req"": ""36"", ""sel_4th_pre_bid"": ""-119600"", ""sel_3th_pre_req_pre"": ""0"", ""sel_3th_pre_req"": ""19"", ""sel_3th_pre_bid"": ""-119500"", ""sel_2th_pre_req_pre"": ""0"", ""sel_2th_pre_req"": ""43"", ""sel_2th_pre_bid"": ""-119300"", ""sel_1th_pre_req_pre"": ""0"", ""sel_fpr_req"": ""153"", ""sel_fpr_bid"": ""-119200"", ""buy_fpr_bid"": ""-119100"", ""buy_fpr_req"": ""35"", ""buy_1th_pre_req_pre"": ""--1"", ""buy_2th_pre_bid"": ""-118800"", ""buy_2th_pre_req"": ""49"", ""buy_2th_pre_req_pre"": ""0"", ""buy_3th_pre_bid"": ""-118700"", ""buy_3th_pre_req"": ""65"", ""buy_3th_pre_req_pre"": ""0"", ""buy_4th_pre_bid"": ""-118600"", ""buy_4th_pre_req"": ""10"", ""buy_4th_pre_req_pre"": ""0"", ""buy_5th_pre_bid"": ""-118500"", ""buy_5th_pre_req"": ""130"", ""buy_5th_pre_req_pre"": ""0"", ""buy_6th_pre_bid"": ""-118400"", ""buy_6th_pre_req"": ""16"", ""buy_6th_pre_req_pre"": ""0"", ""buy_7th_pre_bid"": ""-118300"", ""buy_7th_pre_req"": ""68"", ""buy_7th_pre_req_pre"": ""0"", ""buy_8th_pre_bid"": ""-118200"", ""buy_8th_pre_req"": ""2"", ""buy_8th_pre_req_pre"": ""0"", ""buy_9th_pre_bid"": ""-118100"", ""buy_9th_pre_req"": ""89"", ""buy_9th_pre_req_pre"": ""0"", ""buy_10th_pre_bid"": ""-118000"", ""buy_10th_pre_req"": ""641"", ""buy_10th_pre_req_pre"": ""0"", ""tot_sel_req_jub_pre"": ""0"", ""tot_sel_req"": ""417"", ""tot_buy_req"": ""1105"", ""tot_buy_req_jub_pre"": ""--1"", ""ovt_sel_req_pre"": ""0"", ""ovt_sel_req"": ""0"", ""ovt_buy_req"": ""0"", ""ovt_buy_req_pre"": ""0"", ""return_code"": 0, ""return_msg"": ""정상적으로 처리되었습니다""}"
2026-06-10,scan_candidate,001740,,0,main_scan,13710,,13710,13700,13710,13700,-0.437636761487965,0.07293946024799416,,,,,,"{""bid_req_base_tm"": ""114527"", ""sel_10th_pre_req_pre"": ""0"", ""sel_10th_pre_req"": ""1354"", ""sel_10th_pre_bid"": ""-13800"", ""sel_9th_pre_req_pre"": ""0"", ""sel_9th_pre_req"": ""130"", ""sel_9th_pre_bid"": ""-13790"", ""sel_8th_pre_req_pre"": ""0"", ""sel_8th_pre_req"": ""515"", ""sel_8th_pre_bid"": ""-13780"", ""sel_7th_pre_req_pre"": ""0"", ""sel_7th_pre_req"": ""142"", ""sel_7th_pre_bid"": ""-13770"", ""sel_6th_pre_req_pre"": ""0"", ""sel_6th_pre_req"": ""46"", ""sel_6th_pre_bid"": ""-13760"", ""sel_5th_pre_req_pre"": ""0"", ""sel_5th_pre_req"": ""441"", ""sel_5th_pre_bid"": ""-13750"", ""sel_4th_pre_req_pre"": ""0"", ""sel_4th_pre_req"": ""1001"", ""sel_4th_pre_bid"": ""-13740"", ""sel_3th_pre_req_pre"": ""0"", ""sel_3th_pre_req"": ""321"", ""sel_3th_pre_bid"": ""-13730"", ""sel_2th_pre_req_pre"": ""0"", ""sel_2th_pre_req"": ""3065"", ""sel_2th_pre_bid"": ""-13720"", ""sel_1th_pre_req_pre"": ""--40"", ""sel_fpr_req"": ""714"", ""sel_fpr_bid"": ""-13710"", ""buy_fpr_bid"": ""-13700"", ""buy_fpr_req"": ""3104"", ""buy_1th_pre_req_pre"": ""0"", ""buy_2th_pre_bid"": ""-13690"", ""buy_2th_pre_req"": ""3137"", ""buy_2th_pre_req_pre"": ""0"", ""buy_3th_pre_bid"": ""-13680"", ""buy_3th_pre_req"": ""6516"", ""buy_3th_pre_req_pre"": ""0"", ""buy_4th_pre_bid"": ""-13670"", ""buy_4th_pre_req"": ""6366"", ""buy_4th_pre_req_pre"": ""0"", ""buy_5th_pre_bid"": ""-13660"", ""buy_5th_pre_req"": ""3414"", ""buy_5th_pre_req_pre"": ""0"", ""buy_6th_pre_bid"": ""-13650"", ""buy_6th_pre_req"": ""5819"", ""buy_6th_pre_req_pre"": ""0"", ""buy_7th_pre_bid"": ""-13640"", ""buy_7th_pre_req"": ""3600"", ""buy_7th_pre_req_pre"": ""0"", ""buy_8th_pre_bid"": ""-13630"", ""buy_8th_pre_req"": ""4515"", ""buy_8th_pre_req_pre"": ""0"", ""buy_9th_pre_bid"": ""-13620"", ""buy_9th_pre_req"": ""6645"", ""buy_9th_pre_req_pre"": ""0"", ""buy_10th_pre_bid"": ""-13610"", ""buy_10th_pre_req"": ""7431"", ""buy_10th_pre_req_pre"": ""0"", ""tot_sel_req_jub_pre"": ""--40"", ""tot_sel_req"": ""7729"", ""tot_buy_req"": ""50547"", ""tot_buy_req_jub_pre"": ""0"", ""ovt_sel_req_pre"": ""0"", ""ovt_sel_req"": ""0"", ""ovt_buy_req"": ""0"", ""ovt_buy_req_pre"": ""0"", ""return_code"": 0, ""return_msg"": ""정상적으로 처리되었습니다""}"
2026-06-10,scan_candidate,383220,,0,main_scan,75900,,75900,75800,75900,76200,0.2635046113306983,0.13175230566534915,,,,,,"{""bid_req_base_tm"": ""114520"", ""sel_10th_pre_req_pre"": ""0"", ""sel_10th_pre_req"": ""74"", ""sel_10th_pre_bid"": ""+77000"", ""sel_9th_pre_req_pre"": ""0"", ""sel_9th_pre_req"": ""106"", ""sel_9th_pre_bid"": ""+76900"", ""sel_8th_pre_req_pre"": ""0"", ""sel_8th_pre_req"": ""30"", ""sel_8th_pre_bid"": ""+76800"", ""sel_7th_pre_req_pre"": ""0"", ""sel_7th_pre_req"": ""9"", ""sel_7th_pre_bid"": ""+76700"", ""sel_6th_pre_req_pre"": ""0"", ""sel_6th_pre_req"": ""29"", ""sel_6th_pre_bid"": ""+76600"", ""sel_5th_pre_req_pre"": ""0"", ""sel_5th_pre_req"": ""1"", ""sel_5th_pre_bid"": ""+76300"", ""sel_4th_pre_req_pre"": ""0"", ""sel_4th_pre_req"": ""5"", ""sel_4th_pre_bid"": ""+76200"", ""sel_3th_pre_req_pre"": ""0"", ""sel_3th_pre_req"": ""7"", ""sel_3th_pre_bid"": ""+76100"", ""sel_2th_pre_req_pre"": ""0"", ""sel_2th_pre_req"": ""4"", ""sel_2th_pre_bid"": ""+76000"", ""sel_1th_pre_req_pre"": ""0"", ""sel_fpr_req"": ""24"", ""sel_fpr_bid"": ""+75900"", ""buy_fpr_bid"": ""+75800"", ""buy_fpr_req"": ""19"", ""buy_1th_pre_req_pre"": ""+5"", ""buy_2th_pre_bid"": ""+75700"", ""buy_2th_pre_req"": ""146"", ""buy_2th_pre_req_pre"": ""0"", ""buy_3th_pre_bid"": ""+75600"", ""buy_3th_pre_req"": ""10"", ""buy_3th_pre_req_pre"": ""0"", ""buy_4th_pre_bid"": ""+75500"", ""buy_4th_pre_req"": ""93"", ""buy_4th_pre_req_pre"": ""0"", ""buy_5th_pre_bid"": ""+75400"", ""buy_5th_pre_req"": ""29"", ""buy_5th_pre_req_pre"": ""0"", ""buy_6th_pre_bid"": ""+75300"", ""buy_6th_pre_req"": ""6"", ""buy_6th_pre_req_pre"": ""0"", ""buy_7th_pre_bid"": ""+75200"", ""buy_7th_pre_req"": ""10"", ""buy_7th_pre_req_pre"": ""0"", ""buy_8th_pre_bid"": ""+75000"", ""buy_8th_pre_req"": ""2"", ""buy_8th_pre_req_pre"": ""0"", ""buy_9th_pre_bid"": ""+74900"", ""buy_9th_pre_req"": ""10"", ""buy_9th_pre_req_pre"": ""0"", ""buy_10th_pre_bid"": ""+74700"", ""buy_10th_pre_req"": ""103"", ""buy_10th_pre_req_pre"": ""0"", ""tot_sel_req_jub_pre"": ""0"", ""tot_sel_req"": ""289"", ""tot_buy_req"": ""428"", ""tot_buy_req_jub_pre"": ""+5"", ""ovt_sel_req_pre"": ""0"", ""ovt_sel_req"": ""0"", ""ovt_buy_req"": ""0"", ""ovt_buy_req_pre"": ""0"", ""return_code"": 0, ""return_msg"": ""정상적으로 처리되었습니다""}"
2026-06-10,scan_candidate,014680,,0,main_scan,261000,,261000,260500,261000,262000,0.19157088122605362,0.19157088122605362,,,,,,"{""bid_req_base_tm"": ""114526"", ""sel_10th_pre_req_pre"": ""0"", ""sel_10th_pre_req"": ""25"", ""sel_10th_pre_bid"": ""+265500"", ""sel_9th_pre_req_pre"": ""0"", ""sel_9th_pre_req"": ""41"", ""sel_9th_pre_bid"": ""+265000"", ""sel_8th_pre_req_pre"": ""0"", ""sel_8th_pre_req"": ""16"", ""sel_8th_pre_bid"": ""+264500"", ""sel_7th_pre_req_pre"": ""0"", ""sel_7th_pre_req"": ""86"", ""sel_7th_pre_bid"": ""+264000"", ""sel_6th_pre_req_pre"": ""0"", ""sel_6th_pre_req"": ""13"", ""sel_6th_pre_bid"": ""+263500"", ""sel_5th_pre_req_pre"": ""0"", ""sel_5th_pre_req"": ""4"", ""sel_5th_pre_bid"": ""+263000"", ""sel_4th_pre_req_pre"": ""0"", ""sel_4th_pre_req"": ""4"", ""sel_4th_pre_bid"": ""+262500"", ""sel_3th_pre_req_pre"": ""0"", ""sel_3th_pre_req"": ""2"", ""sel_3th_pre_bid"": ""+262000"", ""sel_2th_pre_req_pre"": ""0"", ""sel_2th_pre_req"": ""15"", ""sel_2th_pre_bid"": ""+261500"", ""sel_1th_pre_req_pre"": ""0"", ""sel_fpr_req"": ""37"", ""sel_fpr_bid"": ""+261000"", ""buy_fpr_bid"": ""+260500"", ""buy_fpr_req"": ""15"", ""buy_1th_pre_req_pre"": ""0"", ""buy_2th_pre_bid"": ""+260000"", ""buy_2th_pre_req"": ""30"", ""buy_2th_pre_req_pre"": ""0"", ""buy_3th_pre_bid"": ""+259500"", ""buy_3th_pre_req"": ""26"", ""buy_3th_pre_req_pre"": ""0"", ""buy_4th_pre_bid"": ""+259000"", ""buy_4th_pre_req"": ""214"", ""buy_4th_pre_req_pre"": ""0"", ""buy_5th_pre_bid"": ""+258500"", ""buy_5th_pre_req"": ""202"", ""buy_5th_pre_req_pre"": ""--35"", ""buy_6th_pre_bid"": ""+258000"", ""buy_6th_pre_req"": ""245"", ""buy_6th_pre_req_pre"": ""0"", ""buy_7th_pre_bid"": ""+257500"", ""buy_7th_pre_req"": ""203"", ""buy_7th_pre_req_pre"": ""0"", ""buy_8th_pre_bid"": ""+257000"", ""buy_8th_pre_req"": ""204"", ""buy_8th_pre_req_pre"": ""0"", ""buy_9th_pre_bid"": ""+256500"", ""buy_9th_pre_req"": ""207"", ""buy_9th_pre_req_pre"": ""0"", ""buy_10th_pre_bid"": ""+256000"", ""buy_10th_pre_req"": ""203"", ""buy_10th_pre_req_pre"": ""0"", ""tot_sel_req_jub_pre"": ""0"", ""tot_sel_req"": ""243"", ""tot_buy_req"": ""1549"", ""tot_buy_req_jub_pre"": ""--35"", ""ovt_sel_req_pre"": ""0"", ""ovt_sel_req"": ""0"", ""ovt_buy_req"": ""0"", ""ovt_buy_req_pre"": ""0"", ""return_code"": 0, ""return_msg"": ""정상적으로 처리되었습니다""}"
2026-06-10,scan_candidate,028670,,0,main_scan,5070,,5070,5050,5070,5050,-0.591715976331361,0.39447731755424065,,,,,,"{""bid_req_base_tm"": ""114526"", ""sel_10th_pre_req_pre"": ""0"", ""sel_10th_pre_req"": ""2657"", ""sel_10th_pre_bid"": ""-5160"", ""sel_9th_pre_req_pre"": ""0"", ""sel_9th_pre_req"": ""3340"", ""sel_9th_pre_bid"": ""-5150"", ""sel_8th_pre_req_pre"": ""0"", ""sel_8th_pre_req"": ""1511"", ""sel_8th_pre_bid"": ""-5140"", ""sel_7th_pre_req_pre"": ""0"", ""sel_7th_pre_req"": ""3289"", ""sel_7th_pre_bid"": ""-5130"", ""sel_6th_pre_req_pre"": ""0"", ""sel_6th_pre_req"": ""3099"", ""sel_6th_pre_bid"": ""-5120"", ""sel_5th_pre_req_pre"": ""0"", ""sel_5th_pre_req"": ""2301"", ""sel_5th_pre_bid"": ""-5110"", ""sel_4th_pre_req_pre"": ""0"", ""sel_4th_pre_req"": ""12411"", ""sel_4th_pre_bid"": ""-5100"", ""sel_3th_pre_req_pre"": ""0"", ""sel_3th_pre_req"": ""1936"", ""sel_3th_pre_bid"": ""-5090"", ""sel_2th_pre_req_pre"": ""0"", ""sel_2th_pre_req"": ""4149"", ""sel_2th_pre_bid"": ""-5080"", ""sel_1th_pre_req_pre"": ""+209"", ""sel_fpr_req"": ""1614"", ""sel_fpr_bid"": ""-5070"", ""buy_fpr_bid"": ""-5050"", ""buy_fpr_req"": ""3173"", ""buy_1th_pre_req_pre"": ""0"", ""buy_2th_pre_bid"": ""-5040"", ""buy_2th_pre_req"": ""1951"", ""buy_2th_pre_req_pre"": ""0"", ""buy_3th_pre_bid"": ""-5030"", ""buy_3th_pre_req"": ""476"", ""buy_3th_pre_req_pre"": ""0"", ""buy_4th_pre_bid"": ""-5020"", ""buy_4th_pre_req"": ""1729"", ""buy_4th_pre_req_pre"": ""0"", ""buy_5th_pre_bid"": ""-5010"", ""buy_5th_pre_req"": ""2956"", ""buy_5th_pre_req_pre"": ""0"", ""buy_6th_pre_bid"": ""-5000"", ""buy_6th_pre_req"": ""14130"", ""buy_6th_pre_req_pre"": ""0"", ""buy_7th_pre_bid"": ""-4995"", ""buy_7th_pre_req"": ""1180"", ""buy_7th_pre_req_pre"": ""0"", ""buy_8th_pre_bid"": ""-4990"", ""buy_8th_pre_req"": ""280"", ""buy_8th_pre_req_pre"": ""0"", ""buy_9th_pre_bid"": ""-4985"", ""buy_9th_pre_req"": ""639"", ""buy_9th_pre_req_pre"": ""0"", ""buy_10th_pre_bid"": ""-4980"", ""buy_10th_pre_req"": ""1801"", ""buy_10th_pre_req_pre"": ""0"", ""tot_sel_req_jub_pre"": ""+209"", ""tot_sel_req"": ""36307"", ""tot_buy_req"": ""28315"", ""tot_buy_req_jub_pre"": ""0"", ""ovt_sel_req_pre"": ""0"", ""ovt_sel_req"": ""0"", ""ovt_buy_req"": ""0"", ""ovt_buy_req_pre"": ""0"", ""return_code"": 0, ""return_msg"": ""정상적으로 처리되었습니다""}"
2026-06-10,scan_candidate,009420,,0,main_scan,49750,,49750,49700,49750,50000,0.3015075376884422,0.10050251256281408,,,,,,"{""bid_req_base_tm"": ""114528"", ""sel_10th_pre_req_pre"": ""0"", ""sel_10th_pre_req"": ""118"", ""sel_10th_pre_bid"": ""-50500"", ""sel_9th_pre_req_pre"": ""0"", ""sel_9th_pre_req"": ""213"", ""sel_9th_pre_bid"": ""-50400"", ""sel_8th_pre_req_pre"": ""0"", ""sel_8th_pre_req"": ""37"", ""sel_8th_pre_bid"": ""-50300"", ""sel_7th_pre_req_pre"": ""0"", ""sel_7th_pre_req"": ""5"", ""sel_7th_pre_bid"": ""-50200"", ""sel_6th_pre_req_pre"": ""0"", ""sel_6th_pre_req"": ""14"", ""sel_6th_pre_bid"": ""-50100"", ""sel_5th_pre_req_pre"": ""0"", ""sel_5th_pre_req"": ""53"", ""sel_5th_pre_bid"": ""-50000"", ""sel_4th_pre_req_pre"": ""0"", ""sel_4th_pre_req"": ""62"", ""sel_4th_pre_bid"": ""-49900"", ""sel_3th_pre_req_pre"": ""0"", ""sel_3th_pre_req"": ""51"", ""sel_3th_pre_bid"": ""-49850"", ""sel_2th_pre_req_pre"": ""0"", ""sel_2th_pre_req"": ""107"", ""sel_2th_pre_bid"": ""-49800"", ""sel_1th_pre_req_pre"": ""0"", ""sel_fpr_req"": ""25"", ""sel_fpr_bid"": ""-49750"", ""buy_fpr_bid"": ""-49700"", ""buy_fpr_req"": ""40"", ""buy_1th_pre_req_pre"": ""0"", ""buy_2th_pre_bid"": ""-49650"", ""buy_2th_pre_req"": ""60"", ""buy_2th_pre_req_pre"": ""+4"", ""buy_3th_pre_bid"": ""-49600"", ""buy_3th_pre_req"": ""115"", ""buy_3th_pre_req_pre"": ""0"", ""buy_4th_pre_bid"": ""-49550"", ""buy_4th_pre_req"": ""117"", ""buy_4th_pre_req_pre"": ""0"", ""buy_5th_pre_bid"": ""-49500"", ""buy_5th_pre_req"": ""517"", ""buy_5th_pre_req_pre"": ""0"", ""buy_6th_pre_bid"": ""-49450"", ""buy_6th_pre_req"": ""173"", ""buy_6th_pre_req_pre"": ""0"", ""buy_7th_pre_bid"": ""-49400"", ""buy_7th_pre_req"": ""149"", ""buy_7th_pre_req_pre"": ""0"", ""buy_8th_pre_bid"": ""-49350"", ""buy_8th_pre_req"": ""53"", ""buy_8th_pre_req_pre"": ""0"", ""buy_9th_pre_bid"": ""-49300"", ""buy_9th_pre_req"": ""102"", ""buy_9th_pre_req_pre"": ""0"", ""buy_10th_pre_bid"": ""-49250"", ""buy_10th_pre_req"": ""213"", ""buy_10th_pre_req_pre"": ""0"", ""tot_sel_req_jub_pre"": ""0"", ""tot_sel_req"": ""685"", ""tot_buy_req"": ""1539"", ""tot_buy_req_jub_pre"": ""+4"", ""ovt_sel_req_pre"": ""0"", ""ovt_sel_req"": ""0"", ""ovt_buy_req"": ""0"", ""ovt_buy_req_pre"": ""0"", ""return_code"": 0, ""return_msg"": ""정상적으로 처리되었습니다""}"
2026-06-10,scan_candidate,375500,,0,main_scan,70900,,70900,70800,70900,70800,-0.2820874471086037,0.14104372355430184,,,,,,"{""bid_req_base_tm"": ""114528"", ""sel_10th_pre_req_pre"": ""0"", ""sel_10th_pre_req"": ""200"", ""sel_10th_pre_bid"": ""+71800"", ""sel_9th_pre_req_pre"": ""0"", ""sel_9th_pre_req"": ""275"", ""sel_9th_pre_bid"": ""+71700"", ""sel_8th_pre_req_pre"": ""0"", ""sel_8th_pre_req"": ""296"", ""sel_8th_pre_bid"": ""+71600"", ""sel_7th_pre_req_pre"": ""0"", ""sel_7th_pre_req"": ""585"", ""sel_7th_pre_bid"": ""+71500"", ""sel_6th_pre_req_pre"": ""0"", ""sel_6th_pre_req"": ""527"", ""sel_6th_pre_bid"": ""+71400"", ""sel_5th_pre_req_pre"": ""0"", ""sel_5th_pre_req"": ""116"", ""sel_5th_pre_bid"": ""+71300"", ""sel_4th_pre_req_pre"": ""0"", ""sel_4th_pre_req"": ""160"", ""sel_4th_pre_bid"": ""+71200"", ""sel_3th_pre_req_pre"": ""0"", ""sel_3th_pre_req"": ""64"", ""sel_3th_pre_bid"": ""+71100"", ""sel_2th_pre_req_pre"": ""0"", ""sel_2th_pre_req"": ""77"", ""sel_2th_pre_bid"": ""+71000"", ""sel_1th_pre_req_pre"": ""0"", ""sel_fpr_req"": ""257"", ""sel_fpr_bid"": ""+70900"", ""buy_fpr_bid"": ""+70800"", ""buy_fpr_req"": ""484"", ""buy_1th_pre_req_pre"": ""+1"", ""buy_2th_pre_bid"": ""+70700"", ""buy_2th_pre_req"": ""320"", ""buy_2th_pre_req_pre"": ""0"", ""buy_3th_pre_bid"": ""+70600"", ""buy_3th_pre_req"": ""163"", ""buy_3th_pre_req_pre"": ""0"", ""buy_4th_pre_bid"": ""+70500"", ""buy_4th_pre_req"": ""496"", ""buy_4th_pre_req_pre"": ""0"", ""buy_5th_pre_bid"": ""+70400"", ""buy_5th_pre_req"": ""48"", ""buy_5th_pre_req_pre"": ""0"", ""buy_6th_pre_bid"": ""+70300"", ""buy_6th_pre_req"": ""189"", ""buy_6th_pre_req_pre"": ""0"", ""buy_7th_pre_bid"": ""+70200"", ""buy_7th_pre_req"": ""190"", ""buy_7th_pre_req_pre"": ""0"", ""buy_8th_pre_bid"": ""+70100"", ""buy_8th_pre_req"": ""194"", ""buy_8th_pre_req_pre"": ""0"", ""buy_9th_pre_bid"": ""+70000"", ""buy_9th_pre_req"": ""134"", ""buy_9th_pre_req_pre"": ""0"", ""buy_10th_pre_bid"": ""+69900"", ""buy_10th_pre_req"": ""39"", ""buy_10th_pre_req_pre"": ""0"", ""tot_sel_req_jub_pre"": ""0"", ""tot_sel_req"": ""2557"", ""tot_buy_req"": ""2257"", ""tot_buy_req_jub_pre"": ""+1"", ""ovt_sel_req_pre"": ""0"", ""ovt_sel_req"": ""0"", ""ovt_buy_req"": ""0"", ""ovt_buy_req_pre"": ""0"", ""return_code"": 0, ""return_msg"": ""정상적으로 처리되었습니다""}"
2026-06-10,scan_candidate,004990,,0,main_scan,25600,,25600,25550,25600,25800,0.5859375,0.1953125,,,,,,"{""bid_req_base_tm"": ""114526"", ""sel_10th_pre_req_pre"": ""0"", ""sel_10th_pre_req"": ""402"", ""sel_10th_pre_bid"": ""-26100"", ""sel_9th_pre_req_pre"": ""0"", ""sel_9th_pre_req"": ""56"", ""sel_9th_pre_bid"": ""-26050"", ""sel_8th_pre_req_pre"": ""0"", ""sel_8th_pre_req"": ""167"", ""sel_8th_pre_bid"": ""-26000"", ""sel_7th_pre_req_pre"": ""0"", ""sel_7th_pre_req"": ""210"", ""sel_7th_pre_bid"": ""-25950"", ""sel_6th_pre_req_pre"": ""0"", ""sel_6th_pre_req"": ""2"", ""sel_6th_pre_bid"": ""-25850"", ""sel_5th_pre_req_pre"": ""0"", ""sel_5th_pre_req"": ""84"", ""sel_5th_pre_bid"": ""-25800"", ""sel_4th_pre_req_pre"": ""0"", ""sel_4th_pre_req"": ""1"", ""sel_4th_pre_bid"": ""-25750"", ""sel_3th_pre_req_pre"": ""0"", ""sel_3th_pre_req"": ""105"", ""sel_3th_pre_bid"": ""-25700"", ""sel_2th_pre_req_pre"": ""0"", ""sel_2th_pre_req"": ""477"", ""sel_2th_pre_bid"": ""-25650"", ""sel_1th_pre_req_pre"": ""0"", ""sel_fpr_req"": ""681"", ""sel_fpr_bid"": ""-25600"", ""buy_fpr_bid"": ""-25550"", ""buy_fpr_req"": ""1254"", ""buy_1th_pre_req_pre"": ""0"", ""buy_2th_pre_bid"": ""-25500"", ""buy_2th_pre_req"": ""1031"", ""buy_2th_pre_req_pre"": ""0"", ""buy_3th_pre_bid"": ""-25450"", ""buy_3th_pre_req"": ""609"", ""buy_3th_pre_req_pre"": ""0"", ""buy_4th_pre_bid"": ""-25400"", ""buy_4th_pre_req"": ""661"", ""buy_4th_pre_req_pre"": ""0"", ""buy_5th_pre_bid"": ""-25350"", ""buy_5th_pre_req"": ""431"", ""buy_5th_pre_req_pre"": ""0"", ""buy_6th_pre_bid"": ""-25300"", ""buy_6th_pre_req"": ""480"", ""buy_6th_pre_req_pre"": ""0"", ""buy_7th_pre_bid"": ""-25250"", ""buy_7th_pre_req"": ""822"", ""buy_7th_pre_req_pre"": ""0"", ""buy_8th_pre_bid"": ""-25200"", ""buy_8th_pre_req"": ""755"", ""buy_8th_pre_req_pre"": ""0"", ""buy_9th_pre_bid"": ""-25150"", ""buy_9th_pre_req"": ""1522"", ""buy_9th_pre_req_pre"": ""0"", ""buy_10th_pre_bid"": ""-25100"", ""buy_10th_pre_req"": ""1549"", ""buy_10th_pre_req_pre"": ""0"", ""tot_sel_req_jub_pre"": ""0"", ""tot_sel_req"": ""2185"", ""tot_buy_req"": ""9114"", ""tot_buy_req_jub_pre"": ""0"", ""ovt_sel_req_pre"": ""0"", ""ovt_sel_req"": ""0"", ""ovt_buy_req"": ""0"", ""ovt_buy_req_pre"": ""0"", ""return_code"": 0, ""return_msg"": ""정상적으로 처리되었습니다""}"
2026-06-10,scan_candidate,483650,,0,main_scan,206000,,206000,205500,206000,205500,-0.48543689320388345,0.24271844660194172,,,,,,"{""bid_req_base_tm"": ""114528"", ""sel_10th_pre_req_pre"": ""0"", ""sel_10th_pre_req"": ""725"", ""sel_10th_pre_bid"": ""+210500"", ""sel_9th_pre_req_pre"": ""0"", ""sel_9th_pre_req"": ""750"", ""sel_9th_pre_bid"": ""+210000"", ""sel_8th_pre_req_pre"": ""0"", ""sel_8th_pre_req"": ""761"", ""sel_8th_pre_bid"": ""+209500"", ""sel_7th_pre_req_pre"": ""0"", ""sel_7th_pre_req"": ""1476"", ""sel_7th_pre_bid"": ""+209000"", ""sel_6th_pre_req_pre"": ""0"", ""sel_6th_pre_req"": ""503"", ""sel_6th_pre_bid"": ""+208500"", ""sel_5th_pre_req_pre"": ""0"", ""sel_5th_pre_req"": ""711"", ""sel_5th_pre_bid"": ""+208000"", ""sel_4th_pre_req_pre"": ""0"", ""sel_4th_pre_req"": ""160"", ""sel_4th_pre_bid"": ""+207500"", ""sel_3th_pre_req_pre"": ""0"", ""sel_3th_pre_req"": ""174"", ""sel_3th_pre_bid"": ""+207000"", ""sel_2th_pre_req_pre"": ""0"", ""sel_2th_pre_req"": ""324"", ""sel_2th_pre_bid"": ""+206500"", ""sel_1th_pre_req_pre"": ""0"", ""sel_fpr_req"": ""372"", ""sel_fpr_bid"": ""+206000"", ""buy_fpr_bid"": ""+205500"", ""buy_fpr_req"": ""112"", ""buy_1th_pre_req_pre"": ""+1"", ""buy_2th_pre_bid"": ""+205000"", ""buy_2th_pre_req"": ""139"", ""buy_2th_pre_req_pre"": ""0"", ""buy_3th_pre_bid"": ""+204500"", ""buy_3th_pre_req"": ""181"", ""buy_3th_pre_req_pre"": ""0"", ""buy_4th_pre_bid"": ""+204000"", ""buy_4th_pre_req"": ""5146"", ""buy_4th_pre_req_pre"": ""--1"", ""buy_5th_pre_bid"": ""+203500"", ""buy_5th_pre_req"": ""16"", ""buy_5th_pre_req_pre"": ""0"", ""buy_6th_pre_bid"": ""+203000"", ""buy_6th_pre_req"": ""59"", ""buy_6th_pre_req_pre"": ""0"", ""buy_7th_pre_bid"": ""+202500"", ""buy_7th_pre_req"": ""44"", ""buy_7th_pre_req_pre"": ""0"", ""buy_8th_pre_bid"": ""+202000"", ""buy_8th_pre_req"": ""50"", ""buy_8th_pre_req_pre"": ""0"", ""buy_9th_pre_bid"": ""+201500"", ""buy_9th_pre_req"": ""178"", ""buy_9th_pre_req_pre"": ""0"", ""buy_10th_pre_bid"": ""+201000"", ""buy_10th_pre_req"": ""332"", ""buy_10th_pre_req_pre"": ""0"", ""tot_sel_req_jub_pre"": ""0"", ""tot_sel_req"": ""5956"", ""tot_buy_req"": ""6257"", ""tot_buy_req_jub_pre"": ""0"", ""ovt_sel_req_pre"": ""0"", ""ovt_sel_req"": ""0"", ""ovt_buy_req"": ""0"", ""ovt_buy_req_pre"": ""0"", ""return_code"": 0, ""return_msg"": ""정상적으로 처리되었습니다""}"
2026-06-10,scan_candidate,003690,,0,main_scan,13260,,13260,13250,13260,13250,-0.4524886877828055,0.07541478129713425,,,,,,"{""bid_req_base_tm"": ""114529"", ""sel_10th_pre_req_pre"": ""0"", ""sel_10th_pre_req"": ""1"", ""sel_10th_pre_bid"": ""-13390"", ""sel_9th_pre_req_pre"": ""0"", ""sel_9th_pre_req"": ""24"", ""sel_9th_pre_bid"": ""-13370"", ""sel_8th_pre_req_pre"": ""0"", ""sel_8th_pre_req"": ""147"", ""sel_8th_pre_bid"": ""-13360"", ""sel_7th_pre_req_pre"": ""0"", ""sel_7th_pre_req"": ""51"", ""sel_7th_pre_bid"": ""-13350"", ""sel_6th_pre_req_pre"": ""0"", ""sel_6th_pre_req"": ""1"", ""sel_6th_pre_bid"": ""-13330"", ""sel_5th_pre_req_pre"": ""0"", ""sel_5th_pre_req"": ""40"", ""sel_5th_pre_bid"": ""-13320"", ""sel_4th_pre_req_pre"": ""0"", ""sel_4th_pre_req"": ""1"", ""sel_4th_pre_bid"": ""-13310"", ""sel_3th_pre_req_pre"": ""0"", ""sel_3th_pre_req"": ""1022"", ""sel_3th_pre_bid"": ""-13300"", ""sel_2th_pre_req_pre"": ""0"", ""sel_2th_pre_req"": ""13"", ""sel_2th_pre_bid"": ""-13270"", ""sel_1th_pre_req_pre"": ""--5"", ""sel_fpr_req"": ""278"", ""sel_fpr_bid"": ""-13260"", ""buy_fpr_bid"": ""-13250"", ""buy_fpr_req"": ""277"", ""buy_1th_pre_req_pre"": ""0"", ""buy_2th_pre_bid"": ""-13240"", ""buy_2th_pre_req"": ""5"", ""buy_2th_pre_req_pre"": ""0"", ""buy_3th_pre_bid"": ""-13220"", ""buy_3th_pre_req"": ""509"", ""buy_3th_pre_req_pre"": ""0"", ""buy_4th_pre_bid"": ""-13210"", ""buy_4th_pre_req"": ""248"", ""buy_4th_pre_req_pre"": ""0"", ""buy_5th_pre_bid"": ""-13190"", ""buy_5th_pre_req"": ""60"", ""buy_5th_pre_req_pre"": ""0"", ""buy_6th_pre_bid"": ""-13180"", ""buy_6th_pre_req"": ""50"", ""buy_6th_pre_req_pre"": ""0"", ""buy_7th_pre_bid"": ""-13170"", ""buy_7th_pre_req"": ""100"", ""buy_7th_pre_req_pre"": ""0"", ""buy_8th_pre_bid"": ""-13160"", ""buy_8th_pre_req"": ""82"", ""buy_8th_pre_req_pre"": ""0"", ""buy_9th_pre_bid"": ""-13150"", ""buy_9th_pre_req"": ""103"", ""buy_9th_pre_req_pre"": ""0"", ""buy_10th_pre_bid"": ""-13140"", ""buy_10th_pre_req"": ""51"", ""buy_10th_pre_req_pre"": ""0"", ""tot_sel_req_jub_pre"": ""--5"", ""tot_sel_req"": ""1578"", ""tot_buy_req"": ""1485"", ""tot_buy_req_jub_pre"": ""0"", ""ovt_sel_req_pre"": ""0"", ""ovt_sel_req"": ""0"", ""ovt_buy_req"": ""0"", ""ovt_buy_req_pre"": ""0"", ""return_code"": 0, ""return_msg"": ""정상적으로 처리되었습니다""}"
2026-06-10,scan_candidate,279570,,0,main_scan,6170,,6170,6160,6170,6130,-0.8103727714748784,0.1620745542949757,,,,,,"{""bid_req_base_tm"": ""114529"", ""sel_10th_pre_req_pre"": ""0"", ""sel_10th_pre_req"": ""19226"", ""sel_10th_pre_bid"": ""+6260"", ""sel_9th_pre_req_pre"": ""0"", ""sel_9th_pre_req"": ""45341"", ""sel_9th_pre_bid"": ""+6250"", ""sel_8th_pre_req_pre"": ""0"", ""sel_8th_pre_req"": ""17900"", ""sel_8th_pre_bid"": ""+6240"", ""sel_7th_pre_req_pre"": ""0"", ""sel_7th_pre_req"": ""13281"", ""sel_7th_pre_bid"": ""+6230"", ""sel_6th_pre_req_pre"": ""0"", ""sel_6th_pre_req"": ""12201"", ""sel_6th_pre_bid"": ""+6220"", ""sel_5th_pre_req_pre"": ""0"", ""sel_5th_pre_req"": ""18865"", ""sel_5th_pre_bid"": ""+6210"", ""sel_4th_pre_req_pre"": ""0"", ""sel_4th_pre_req"": ""76164"", ""sel_4th_pre_bid"": ""+6200"", ""sel_3th_pre_req_pre"": ""0"", ""sel_3th_pre_req"": ""26054"", ""sel_3th_pre_bid"": ""+6190"", ""sel_2th_pre_req_pre"": ""0"", ""sel_2th_pre_req"": ""15446"", ""sel_2th_pre_bid"": ""+6180"", ""sel_1th_pre_req_pre"": ""0"", ""sel_fpr_req"": ""1834"", ""sel_fpr_bid"": ""+6170"", ""buy_fpr_bid"": ""+6160"", ""buy_fpr_req"": ""284"", ""buy_1th_pre_req_pre"": ""+163"", ""buy_2th_pre_bid"": ""+6150"", ""buy_2th_pre_req"": ""11448"", ""buy_2th_pre_req_pre"": ""0"", ""buy_3th_pre_bid"": ""+6140"", ""buy_3th_pre_req"": ""2920"", ""buy_3th_pre_req_pre"": ""0"", ""buy_4th_pre_bid"": ""+6130"", ""buy_4th_pre_req"": ""9495"", ""buy_4th_pre_req_pre"": ""0"", ""buy_5th_pre_bid"": ""+6120"", ""buy_5th_pre_req"": ""2330"", ""buy_5th_pre_req_pre"": ""0"", ""buy_6th_pre_bid"": ""+6110"", ""buy_6th_pre_req"": ""8131"", ""buy_6th_pre_req_pre"": ""0"", ""buy_7th_pre_bid"": ""+6100"", ""buy_7th_pre_req"": ""28780"", ""buy_7th_pre_req_pre"": ""0"", ""buy_8th_pre_bid"": ""+6090"", ""buy_8th_pre_req"": ""6289"", ""buy_8th_pre_req_pre"": ""0"", ""buy_9th_pre_bid"": ""+6080"", ""buy_9th_pre_req"": ""10416"", ""buy_9th_pre_req_pre"": ""0"", ""buy_10th_pre_bid"": ""+6070"", ""buy_10th_pre_req"": ""10964"", ""buy_10th_pre_req_pre"": ""0"", ""tot_sel_req_jub_pre"": ""0"", ""tot_sel_req"": ""246312"", ""tot_buy_req"": ""91057"", ""tot_buy_req_jub_pre"": ""+163"", ""ovt_sel_req_pre"": ""0"", ""ovt_sel_req"": ""0"", ""ovt_buy_req"": ""0"", ""ovt_buy_req_pre"": ""0"", ""return_code"": 0, ""return_msg"": ""정상적으로 처리되었습니다""}"
2026-06-10,scan_candidate,008770,,0,main_scan,55800,,55800,55600,55800,55500,-0.7168458781362007,0.35842293906810035,,,,,,"{""bid_req_base_tm"": ""114526"", ""sel_10th_pre_req_pre"": ""0"", ""sel_10th_pre_req"": ""261"", ""sel_10th_pre_bid"": ""+56700"", ""sel_9th_pre_req_pre"": ""0"", ""sel_9th_pre_req"": ""145"", ""sel_9th_pre_bid"": ""+56600"", ""sel_8th_pre_req_pre"": ""0"", ""sel_8th_pre_req"": ""1092"", ""sel_8th_pre_bid"": ""+56500"", ""sel_7th_pre_req_pre"": ""0"", ""sel_7th_pre_req"": ""288"", ""sel_7th_pre_bid"": ""+56400"", ""sel_6th_pre_req_pre"": ""0"", ""sel_6th_pre_req"": ""3544"", ""sel_6th_pre_bid"": ""+56300"", ""sel_5th_pre_req_pre"": ""0"", ""sel_5th_pre_req"": ""544"", ""sel_5th_pre_bid"": ""+56200"", ""sel_4th_pre_req_pre"": ""0"", ""sel_4th_pre_req"": ""181"", ""sel_4th_pre_bid"": ""+56100"", ""sel_3th_pre_req_pre"": ""0"", ""sel_3th_pre_req"": ""38"", ""sel_3th_pre_bid"": ""+56000"", ""sel_2th_pre_req_pre"": ""0"", ""sel_2th_pre_req"": ""61"", ""sel_2th_pre_bid"": ""+55900"", ""sel_1th_pre_req_pre"": ""0"", ""sel_fpr_req"": ""103"", ""sel_fpr_bid"": ""+55800"", ""buy_fpr_bid"": ""+55600"", ""buy_fpr_req"": ""69"", ""buy_1th_pre_req_pre"": ""0"", ""buy_2th_pre_bid"": ""+55500"", ""buy_2th_pre_req"": ""243"", ""buy_2th_pre_req_pre"": ""0"", ""buy_3th_pre_bid"": ""+55400"", ""buy_3th_pre_req"": ""99"", ""buy_3th_pre_req_pre"": ""0"", ""buy_4th_pre_bid"": ""+55300"", ""buy_4th_pre_req"": ""143"", ""buy_4th_pre_req_pre"": ""0"", ""buy_5th_pre_bid"": ""55200"", ""buy_5th_pre_req"": ""137"", ""buy_5th_pre_req_pre"": ""0"", ""buy_6th_pre_bid"": ""-55100"", ""buy_6th_pre_req"": ""265"", ""buy_6th_pre_req_pre"": ""0"", ""buy_7th_pre_bid"": ""-55000"", ""buy_7th_pre_req"": ""510"", ""buy_7th_pre_req_pre"": ""0"", ""buy_8th_pre_bid"": ""-54900"", ""buy_8th_pre_req"": ""431"", ""buy_8th_pre_req_pre"": ""0"", ""buy_9th_pre_bid"": ""-54800"", ""buy_9th_pre_req"": ""161"", ""buy_9th_pre_req_pre"": ""0"", ""buy_10th_pre_bid"": ""-54700"", ""buy_10th_pre_req"": ""571"", ""buy_10th_pre_req_pre"": ""0"", ""tot_sel_req_jub_pre"": ""--249"", ""tot_sel_req"": ""6257"", ""tot_buy_req"": ""2629"", ""tot_buy_req_jub_pre"": ""0"", ""ovt_sel_req_pre"": ""0"", ""ovt_sel_req"": ""0"", ""ovt_buy_req"": ""0"", ""ovt_buy_req_pre"": ""0"", ""return_code"": 0, ""return_msg"": ""정상적으로 처리되었습니다""}"
2026-06-10,scan_candidate,081660,,0,main_scan,40550,,40550,40400,40550,40550,-0.12330456226880394,0.36991368680641185,,,,,,"{""bid_req_base_tm"": ""114529"", ""sel_10th_pre_req_pre"": ""0"", ""sel_10th_pre_req"": ""3"", ""sel_10th_pre_bid"": ""+41050"", ""sel_9th_pre_req_pre"": ""0"", ""sel_9th_pre_req"": ""378"", ""sel_9th_pre_bid"": ""+41000"", ""sel_8th_pre_req_pre"": ""0"", ""sel_8th_pre_req"": ""301"", ""sel_8th_pre_bid"": ""+40950"", ""sel_7th_pre_req_pre"": ""0"", ""sel_7th_pre_req"": ""167"", ""sel_7th_pre_bid"": ""+40900"", ""sel_6th_pre_req_pre"": ""0"", ""sel_6th_pre_req"": ""286"", ""sel_6th_pre_bid"": ""+40800"", ""sel_5th_pre_req_pre"": ""0"", ""sel_5th_pre_req"": ""11"", ""sel_5th_pre_bid"": ""+40750"", ""sel_4th_pre_req_pre"": ""0"", ""sel_4th_pre_req"": ""111"", ""sel_4th_pre_bid"": ""+40700"", ""sel_3th_pre_req_pre"": ""0"", ""sel_3th_pre_req"": ""164"", ""sel_3th_pre_bid"": ""+40650"", ""sel_2th_pre_req_pre"": ""0"", ""sel_2th_pre_req"": ""99"", ""sel_2th_pre_bid"": ""+40600"", ""sel_1th_pre_req_pre"": ""--1"", ""sel_fpr_req"": ""68"", ""sel_fpr_bid"": ""+40550"", ""buy_fpr_bid"": ""+40400"", ""buy_fpr_req"": ""592"", ""buy_1th_pre_req_pre"": ""0"", ""buy_2th_pre_bid"": ""+40350"", ""buy_2th_pre_req"": ""28"", ""buy_2th_pre_req_pre"": ""0"", ""buy_3th_pre_bid"": ""+40250"", ""buy_3th_pre_req"": ""26"", ""buy_3th_pre_req_pre"": ""0"", ""buy_4th_pre_bid"": ""+40200"", ""buy_4th_pre_req"": ""59"", ""buy_4th_pre_req_pre"": ""0"", ""buy_5th_pre_bid"": ""+40150"", ""buy_5th_pre_req"": ""175"", ""buy_5th_pre_req_pre"": ""0"", ""buy_6th_pre_bid"": ""+40100"", ""buy_6th_pre_req"": ""200"", ""buy_6th_pre_req_pre"": ""0"", ""buy_7th_pre_bid"": ""+40050"", ""buy_7th_pre_req"": ""515"", ""buy_7th_pre_req_pre"": ""0"", ""buy_8th_pre_bid"": ""+40000"", ""buy_8th_pre_req"": ""509"", ""buy_8th_pre_req_pre"": ""0"", ""buy_9th_pre_bid"": ""+39950"", ""buy_9th_pre_req"": ""500"", ""buy_9th_pre_req_pre"": ""0"", ""buy_10th_pre_bid"": ""+39900"", ""buy_10th_pre_req"": ""7"", ""buy_10th_pre_req_pre"": ""0"", ""tot_sel_req_jub_pre"": ""--1"", ""tot_sel_req"": ""1588"", ""tot_buy_req"": ""2611"", ""tot_buy_req_jub_pre"": ""0"", ""ovt_sel_req_pre"": ""0"", ""ovt_sel_req"": ""0"", ""ovt_buy_req"": ""0"", ""ovt_buy_req_pre"": ""0"", ""return_code"": 0, ""return_msg"": ""정상적으로 처리되었습니다""}"
2026-06-10,scan_candidate,462870,,0,main_scan,31500,,31500,31450,31500,31250,-0.9523809523809524,0.15873015873015872,,,,,,"{""bid_req_base_tm"": ""114529"", ""sel_10th_pre_req_pre"": ""0"", ""sel_10th_pre_req"": ""850"", ""sel_10th_pre_bid"": ""-31950"", ""sel_9th_pre_req_pre"": ""0"", ""sel_9th_pre_req"": ""156"", ""sel_9th_pre_bid"": ""-31900"", ""sel_8th_pre_req_pre"": ""0"", ""sel_8th_pre_req"": ""85"", ""sel_8th_pre_bid"": ""-31850"", ""sel_7th_pre_req_pre"": ""0"", ""sel_7th_pre_req"": ""88"", ""sel_7th_pre_bid"": ""-31800"", ""sel_6th_pre_req_pre"": ""0"", ""sel_6th_pre_req"": ""21"", ""sel_6th_pre_bid"": ""-31750"", ""sel_5th_pre_req_pre"": ""0"", ""sel_5th_pre_req"": ""12"", ""sel_5th_pre_bid"": ""-31700"", ""sel_4th_pre_req_pre"": ""0"", ""sel_4th_pre_req"": ""683"", ""sel_4th_pre_bid"": ""-31650"", ""sel_3th_pre_req_pre"": ""0"", ""sel_3th_pre_req"": ""142"", ""sel_3th_pre_bid"": ""-31600"", ""sel_2th_pre_req_pre"": ""0"", ""sel_2th_pre_req"": ""240"", ""sel_2th_pre_bid"": ""-31550"", ""sel_1th_pre_req_pre"": ""--1"", ""sel_fpr_req"": ""360"", ""sel_fpr_bid"": ""-31500"", ""buy_fpr_bid"": ""-31450"", ""buy_fpr_req"": ""22"", ""buy_1th_pre_req_pre"": ""0"", ""buy_2th_pre_bid"": ""-31400"", ""buy_2th_pre_req"": ""29"", ""buy_2th_pre_req_pre"": ""0"", ""buy_3th_pre_bid"": ""-31350"", ""buy_3th_pre_req"": ""35"", ""buy_3th_pre_req_pre"": ""0"", ""buy_4th_pre_bid"": ""-31300"", ""buy_4th_pre_req"": ""10"", ""buy_4th_pre_req_pre"": ""0"", ""buy_5th_pre_bid"": ""-31250"", ""buy_5th_pre_req"": ""21"", ""buy_5th_pre_req_pre"": ""0"", ""buy_6th_pre_bid"": ""-31200"", ""buy_6th_pre_req"": ""16"", ""buy_6th_pre_req_pre"": ""0"", ""buy_7th_pre_bid"": ""-31150"", ""buy_7th_pre_req"": ""21"", ""buy_7th_pre_req_pre"": ""0"", ""buy_8th_pre_bid"": ""-31100"", ""buy_8th_pre_req"": ""16"", ""buy_8th_pre_req_pre"": ""0"", ""buy_9th_pre_bid"": ""-31050"", ""buy_9th_pre_req"": ""137"", ""buy_9th_pre_req_pre"": ""0"", ""buy_10th_pre_bid"": ""-31000"", ""buy_10th_pre_req"": ""184"", ""buy_10th_pre_req_pre"": ""0"", ""tot_sel_req_jub_pre"": ""--1"", ""tot_sel_req"": ""2637"", ""tot_buy_req"": ""491"", ""tot_buy_req_jub_pre"": ""0"", ""ovt_sel_req_pre"": ""0"", ""ovt_sel_req"": ""0"", ""ovt_buy_req"": ""0"", ""ovt_buy_req_pre"": ""0"", ""return_code"": 0, ""return_msg"": ""정상적으로 처리되었습니다""}"
2026-06-10,scan_candidate,120110,,0,main_scan,69900,,69900,69800,69900,70000,0.0,0.14306151645207438,,,,,,"{""bid_req_base_tm"": ""114530"", ""sel_10th_pre_req_pre"": ""0"", ""sel_10th_pre_req"": ""4"", ""sel_10th_pre_bid"": ""+70800"", ""sel_9th_pre_req_pre"": ""0"", ""sel_9th_pre_req"": ""231"", ""sel_9th_pre_bid"": ""+70700"", ""sel_8th_pre_req_pre"": ""0"", ""sel_8th_pre_req"": ""187"", ""sel_8th_pre_bid"": ""+70600"", ""sel_7th_pre_req_pre"": ""0"", ""sel_7th_pre_req"": ""14"", ""sel_7th_pre_bid"": ""+70500"", ""sel_6th_pre_req_pre"": ""0"", ""sel_6th_pre_req"": ""113"", ""sel_6th_pre_bid"": ""+70400"", ""sel_5th_pre_req_pre"": ""0"", ""sel_5th_pre_req"": ""141"", ""sel_5th_pre_bid"": ""+70300"", ""sel_4th_pre_req_pre"": ""0"", ""sel_4th_pre_req"": ""34"", ""sel_4th_pre_bid"": ""+70200"", ""sel_3th_pre_req_pre"": ""0"", ""sel_3th_pre_req"": ""76"", ""sel_3th_pre_bid"": ""+70100"", ""sel_2th_pre_req_pre"": ""0"", ""sel_2th_pre_req"": ""49"", ""sel_2th_pre_bid"": ""+70000"", ""sel_1th_pre_req_pre"": ""+8"", ""sel_fpr_req"": ""63"", ""sel_fpr_bid"": ""+69900"", ""buy_fpr_bid"": ""+69800"", ""buy_fpr_req"": ""398"", ""buy_1th_pre_req_pre"": ""0"", ""buy_2th_pre_bid"": ""+69700"", ""buy_2th_pre_req"": ""80"", ""buy_2th_pre_req_pre"": ""0"", ""buy_3th_pre_bid"": ""+69600"", ""buy_3th_pre_req"": ""122"", ""buy_3th_pre_req_pre"": ""0"", ""buy_4th_pre_bid"": ""+69500"", ""buy_4th_pre_req"": ""18"", ""buy_4th_pre_req_pre"": ""0"", ""buy_5th_pre_bid"": ""+69400"", ""buy_5th_pre_req"": ""23"", ""buy_5th_pre_req_pre"": ""0"", ""buy_6th_pre_bid"": ""+69300"", ""buy_6th_pre_req"": ""22"", ""buy_6th_pre_req_pre"": ""0"", ""buy_7th_pre_bid"": ""+69200"", ""buy_7th_pre_req"": ""381"", ""buy_7th_pre_req_pre"": ""0"", ""buy_8th_pre_bid"": ""+69100"", ""buy_8th_pre_req"": ""111"", ""buy_8th_pre_req_pre"": ""0"", ""buy_9th_pre_bid"": ""+69000"", ""buy_9th_pre_req"": ""594"", ""buy_9th_pre_req_pre"": ""0"", ""buy_10th_pre_bid"": ""+68900"", ""buy_10th_pre_req"": ""3"", ""buy_10th_pre_req_pre"": ""0"", ""tot_sel_req_jub_pre"": ""+8"", ""tot_sel_req"": ""912"", ""tot_buy_req"": ""1752"", ""tot_buy_req_jub_pre"": ""0"", ""ovt_sel_req_pre"": ""0"", ""ovt_sel_req"": ""0"", ""ovt_buy_req"": ""0"", ""ovt_buy_req_pre"": ""0"", ""return_code"": 0, ""return_msg"": ""정상적으로 처리되었습니다""}"
2026-06-10,scan_candidate,009155,,0,main_scan,597000,,597000,596000,597000,600000,0.33500837520938026,0.16750418760469013,,,,,,"{""bid_req_base_tm"": ""114530"", ""sel_10th_pre_req_pre"": ""0"", ""sel_10th_pre_req"": ""5"", ""sel_10th_pre_bid"": ""-607000"", ""sel_9th_pre_req_pre"": ""0"", ""sel_9th_pre_req"": ""45"", ""sel_9th_pre_bid"": ""-605000"", ""sel_8th_pre_req_pre"": ""0"", ""sel_8th_pre_req"": ""9"", ""sel_8th_pre_bid"": ""-604000"", ""sel_7th_pre_req_pre"": ""0"", ""sel_7th_pre_req"": ""2"", ""sel_7th_pre_bid"": ""-603000"", ""sel_6th_pre_req_pre"": ""0"", ""sel_6th_pre_req"": ""28"", ""sel_6th_pre_bid"": ""-602000"", ""sel_5th_pre_req_pre"": ""0"", ""sel_5th_pre_req"": ""11"", ""sel_5th_pre_bid"": ""-601000"", ""sel_4th_pre_req_pre"": ""0"", ""sel_4th_pre_req"": ""12"", ""sel_4th_pre_bid"": ""-600000"", ""sel_3th_pre_req_pre"": ""0"", ""sel_3th_pre_req"": ""14"", ""sel_3th_pre_bid"": ""-599000"", ""sel_2th_pre_req_pre"": ""0"", ""sel_2th_pre_req"": ""5"", ""sel_2th_pre_bid"": ""-598000"", ""sel_1th_pre_req_pre"": ""0"", ""sel_fpr_req"": ""2"", ""sel_fpr_bid"": ""-597000"", ""buy_fpr_bid"": ""-596000"", ""buy_fpr_req"": ""34"", ""buy_1th_pre_req_pre"": ""0"", ""buy_2th_pre_bid"": ""-595000"", ""buy_2th_pre_req"": ""40"", ""buy_2th_pre_req_pre"": ""+10"", ""buy_3th_pre_bid"": ""-594000"", ""buy_3th_pre_req"": ""60"", ""buy_3th_pre_req_pre"": ""0"", ""buy_4th_pre_bid"": ""-593000"", ""buy_4th_pre_req"": ""40"", ""buy_4th_pre_req_pre"": ""0"", ""buy_5th_pre_bid"": ""-592000"", ""buy_5th_pre_req"": ""88"", ""buy_5th_pre_req_pre"": ""0"", ""buy_6th_pre_bid"": ""-591000"", ""buy_6th_pre_req"": ""394"", ""buy_6th_pre_req_pre"": ""0"", ""buy_7th_pre_bid"": ""-590000"", ""buy_7th_pre_req"": ""496"", ""buy_7th_pre_req_pre"": ""0"", ""buy_8th_pre_bid"": ""-589000"", ""buy_8th_pre_req"": ""84"", ""buy_8th_pre_req_pre"": ""0"", ""buy_9th_pre_bid"": ""-588000"", ""buy_9th_pre_req"": ""113"", ""buy_9th_pre_req_pre"": ""0"", ""buy_10th_pre_bid"": ""-587000"", ""buy_10th_pre_req"": ""57"", ""buy_10th_pre_req_pre"": ""0"", ""tot_sel_req_jub_pre"": ""0"", ""tot_sel_req"": ""133"", ""tot_buy_req"": ""1406"", ""tot_buy_req_jub_pre"": ""+10"", ""ovt_sel_req_pre"": ""0"", ""ovt_sel_req"": ""0"", ""ovt_buy_req"": ""0"", ""ovt_buy_req_pre"": ""0"", ""return_code"": 0, ""return_msg"": ""정상적으로 처리되었습니다""}"
2026-06-10,scan_candidate,192080,,0,main_scan,71500,,71500,71400,71500,71500,-0.13986013986013987,0.13986013986013987,,,,,,"{""bid_req_base_tm"": ""114529"", ""sel_10th_pre_req_pre"": ""0"", ""sel_10th_pre_req"": ""128"", ""sel_10th_pre_bid"": ""+72400"", ""sel_9th_pre_req_pre"": ""0"", ""sel_9th_pre_req"": ""12"", ""sel_9th_pre_bid"": ""+72300"", ""sel_8th_pre_req_pre"": ""0"", ""sel_8th_pre_req"": ""10"", ""sel_8th_pre_bid"": ""+72200"", ""sel_7th_pre_req_pre"": ""0"", ""sel_7th_pre_req"": ""6"", ""sel_7th_pre_bid"": ""+72100"", ""sel_6th_pre_req_pre"": ""0"", ""sel_6th_pre_req"": ""5"", ""sel_6th_pre_bid"": ""72000"", ""sel_5th_pre_req_pre"": ""0"", ""sel_5th_pre_req"": ""18"", ""sel_5th_pre_bid"": ""-71900"", ""sel_4th_pre_req_pre"": ""0"", ""sel_4th_pre_req"": ""16"", ""sel_4th_pre_bid"": ""-71800"", ""sel_3th_pre_req_pre"": ""0"", ""sel_3th_pre_req"": ""9"", ""sel_3th_pre_bid"": ""-71700"", ""sel_2th_pre_req_pre"": ""+8"", ""sel_2th_pre_req"": ""63"", ""sel_2th_pre_bid"": ""-71600"", ""sel_1th_pre_req_pre"": ""0"", ""sel_fpr_req"": ""21"", ""sel_fpr_bid"": ""-71500"", ""buy_fpr_bid"": ""-71400"", ""buy_fpr_req"": ""19"", ""buy_1th_pre_req_pre"": ""0"", ""buy_2th_pre_bid"": ""-71300"", ""buy_2th_pre_req"": ""3"", ""buy_2th_pre_req_pre"": ""--10"", ""buy_3th_pre_bid"": ""-71200"", ""buy_3th_pre_req"": ""28"", ""buy_3th_pre_req_pre"": ""0"", ""buy_4th_pre_bid"": ""-71100"", ""buy_4th_pre_req"": ""20"", ""buy_4th_pre_req_pre"": ""0"", ""buy_5th_pre_bid"": ""-71000"", ""buy_5th_pre_req"": ""79"", ""buy_5th_pre_req_pre"": ""0"", ""buy_6th_pre_bid"": ""-70900"", ""buy_6th_pre_req"": ""49"", ""buy_6th_pre_req_pre"": ""0"", ""buy_7th_pre_bid"": ""-70800"", ""buy_7th_pre_req"": ""82"", ""buy_7th_pre_req_pre"": ""0"", ""buy_8th_pre_bid"": ""-70700"", ""buy_8th_pre_req"": ""140"", ""buy_8th_pre_req_pre"": ""0"", ""buy_9th_pre_bid"": ""-70600"", ""buy_9th_pre_req"": ""100"", ""buy_9th_pre_req_pre"": ""0"", ""buy_10th_pre_bid"": ""-70500"", ""buy_10th_pre_req"": ""97"", ""buy_10th_pre_req_pre"": ""0"", ""tot_sel_req_jub_pre"": ""+8"", ""tot_sel_req"": ""288"", ""tot_buy_req"": ""617"", ""tot_buy_req_jub_pre"": ""--10"", ""ovt_sel_req_pre"": ""0"", ""ovt_sel_req"": ""0"", ""ovt_buy_req"": ""0"", ""ovt_buy_req_pre"": ""0"", ""return_code"": 0, ""return_msg"": ""정상적으로 처리되었습니다""}"
2026-06-10,scan_candidate,093370,,0,main_scan,16090,,16090,16080,16090,16050,-0.5593536357986327,0.06215040397762585,,,,,,"{""bid_req_base_tm"": ""114530"", ""sel_10th_pre_req_pre"": ""0"", ""sel_10th_pre_req"": ""2360"", ""sel_10th_pre_bid"": ""+16180"", ""sel_9th_pre_req_pre"": ""0"", ""sel_9th_pre_req"": ""2198"", ""sel_9th_pre_bid"": ""+16170"", ""sel_8th_pre_req_pre"": ""0"", ""sel_8th_pre_req"": ""3221"", ""sel_8th_pre_bid"": ""+16160"", ""sel_7th_pre_req_pre"": ""0"", ""sel_7th_pre_req"": ""6511"", ""sel_7th_pre_bid"": ""+16150"", ""sel_6th_pre_req_pre"": ""0"", ""sel_6th_pre_req"": ""1008"", ""sel_6th_pre_bid"": ""+16140"", ""sel_5th_pre_req_pre"": ""0"", ""sel_5th_pre_req"": ""3347"", ""sel_5th_pre_bid"": ""+16130"", ""sel_4th_pre_req_pre"": ""0"", ""sel_4th_pre_req"": ""963"", ""sel_4th_pre_bid"": ""+16120"", ""sel_3th_pre_req_pre"": ""0"", ""sel_3th_pre_req"": ""1345"", ""sel_3th_pre_bid"": ""+16110"", ""sel_2th_pre_req_pre"": ""0"", ""sel_2th_pre_req"": ""1337"", ""sel_2th_pre_bid"": ""+16100"", ""sel_1th_pre_req_pre"": ""0"", ""sel_fpr_req"": ""348"", ""sel_fpr_bid"": ""+16090"", ""buy_fpr_bid"": ""+16080"", ""buy_fpr_req"": ""639"", ""buy_1th_pre_req_pre"": ""--35"", ""buy_2th_pre_bid"": ""+16070"", ""buy_2th_pre_req"": ""822"", ""buy_2th_pre_req_pre"": ""0"", ""buy_3th_pre_bid"": ""+16060"", ""buy_3th_pre_req"": ""309"", ""buy_3th_pre_req_pre"": ""+10"", ""buy_4th_pre_bid"": ""+16050"", ""buy_4th_pre_req"": ""820"", ""buy_4th_pre_req_pre"": ""0"", ""buy_5th_pre_bid"": ""+16040"", ""buy_5th_pre_req"": ""654"", ""buy_5th_pre_req_pre"": ""0"", ""buy_6th_pre_bid"": ""+16030"", ""buy_6th_pre_req"": ""677"", ""buy_6th_pre_req_pre"": ""0"", ""buy_7th_pre_bid"": ""+16020"", ""buy_7th_pre_req"": ""846"", ""buy_7th_pre_req_pre"": ""0"", ""buy_8th_pre_bid"": ""+16010"", ""buy_8th_pre_req"": ""814"", ""buy_8th_pre_req_pre"": ""0"", ""buy_9th_pre_bid"": ""+16000"", ""buy_9th_pre_req"": ""1781"", ""buy_9th_pre_req_pre"": ""+1"", ""buy_10th_pre_bid"": ""+15990"", ""buy_10th_pre_req"": ""1303"", ""buy_10th_pre_req_pre"": ""0"", ""tot_sel_req_jub_pre"": ""0"", ""tot_sel_req"": ""22638"", ""tot_buy_req"": ""8665"", ""tot_buy_req_jub_pre"": ""--24"", ""ovt_sel_req_pre"": ""0"", ""ovt_sel_req"": ""0"", ""ovt_buy_req"": ""0"", ""ovt_buy_req_pre"": ""0"", ""return_code"": 0, ""return_msg"": ""정상적으로 처리되었습니다""}"
2026-06-10,scan_candidate,066575,,0,main_scan,78100,,78100,78000,78100,78200,0.0,0.12804097311139565,,,,,,"{""bid_req_base_tm"": ""114529"", ""sel_10th_pre_req_pre"": ""0"", ""sel_10th_pre_req"": ""133"", ""sel_10th_pre_bid"": ""-79000"", ""sel_9th_pre_req_pre"": ""0"", ""sel_9th_pre_req"": ""39"", ""sel_9th_pre_bid"": ""-78900"", ""sel_8th_pre_req_pre"": ""0"", ""sel_8th_pre_req"": ""205"", ""sel_8th_pre_bid"": ""-78800"", ""sel_7th_pre_req_pre"": ""0"", ""sel_7th_pre_req"": ""15"", ""sel_7th_pre_bid"": ""-78700"", ""sel_6th_pre_req_pre"": ""0"", ""sel_6th_pre_req"": ""2"", ""sel_6th_pre_bid"": ""-78600"", ""sel_5th_pre_req_pre"": ""0"", ""sel_5th_pre_req"": ""5112"", ""sel_5th_pre_bid"": ""-78500"", ""sel_4th_pre_req_pre"": ""0"", ""sel_4th_pre_req"": ""399"", ""sel_4th_pre_bid"": ""-78400"", ""sel_3th_pre_req_pre"": ""0"", ""sel_3th_pre_req"": ""132"", ""sel_3th_pre_bid"": ""-78300"", ""sel_2th_pre_req_pre"": ""0"", ""sel_2th_pre_req"": ""334"", ""sel_2th_pre_bid"": ""-78200"", ""sel_1th_pre_req_pre"": ""0"", ""sel_fpr_req"": ""69"", ""sel_fpr_bid"": ""-78100"", ""buy_fpr_bid"": ""-78000"", ""buy_fpr_req"": ""688"", ""buy_1th_pre_req_pre"": ""0"", ""buy_2th_pre_bid"": ""-77900"", ""buy_2th_pre_req"": ""1296"", ""buy_2th_pre_req_pre"": ""0"", ""buy_3th_pre_bid"": ""-77800"", ""buy_3th_pre_req"": ""1201"", ""buy_3th_pre_req_pre"": ""0"", ""buy_4th_pre_bid"": ""-77700"", ""buy_4th_pre_req"": ""786"", ""buy_4th_pre_req_pre"": ""+26"", ""buy_5th_pre_bid"": ""-77600"", ""buy_5th_pre_req"": ""403"", ""buy_5th_pre_req_pre"": ""0"", ""buy_6th_pre_bid"": ""-77500"", ""buy_6th_pre_req"": ""1292"", ""buy_6th_pre_req_pre"": ""0"", ""buy_7th_pre_bid"": ""-77400"", ""buy_7th_pre_req"": ""839"", ""buy_7th_pre_req_pre"": ""0"", ""buy_8th_pre_bid"": ""-77300"", ""buy_8th_pre_req"": ""175"", ""buy_8th_pre_req_pre"": ""0"", ""buy_9th_pre_bid"": ""-77200"", ""buy_9th_pre_req"": ""461"", ""buy_9th_pre_req_pre"": ""0"", ""buy_10th_pre_bid"": ""-77100"", ""buy_10th_pre_req"": ""220"", ""buy_10th_pre_req_pre"": ""0"", ""tot_sel_req_jub_pre"": ""0"", ""tot_sel_req"": ""6440"", ""tot_buy_req"": ""7361"", ""tot_buy_req_jub_pre"": ""+26"", ""ovt_sel_req_pre"": ""0"", ""ovt_sel_req"": ""0"", ""ovt_buy_req"": ""0"", ""ovt_buy_req_pre"": ""0"", ""return_code"": 0, ""return_msg"": ""정상적으로 처리되었습니다""}"
2026-06-10,scan_candidate,181710,,0,main_scan,40550,,40550,40500,40550,40650,0.12330456226880394,0.12330456226880394,,,,,,"{""bid_req_base_tm"": ""114530"", ""sel_10th_pre_req_pre"": ""0"", ""sel_10th_pre_req"": ""10"", ""sel_10th_pre_bid"": ""-41200"", ""sel_9th_pre_req_pre"": ""0"", ""sel_9th_pre_req"": ""13"", ""sel_9th_pre_bid"": ""-41150"", ""sel_8th_pre_req_pre"": ""0"", ""sel_8th_pre_req"": ""10"", ""sel_8th_pre_bid"": ""-41100"", ""sel_7th_pre_req_pre"": ""0"", ""sel_7th_pre_req"": ""10"", ""sel_7th_pre_bid"": ""-41050"", ""sel_6th_pre_req_pre"": ""0"", ""sel_6th_pre_req"": ""289"", ""sel_6th_pre_bid"": ""-41000"", ""sel_5th_pre_req_pre"": ""0"", ""sel_5th_pre_req"": ""29"", ""sel_5th_pre_bid"": ""-40950"", ""sel_4th_pre_req_pre"": ""0"", ""sel_4th_pre_req"": ""2"", ""sel_4th_pre_bid"": ""-40750"", ""sel_3th_pre_req_pre"": ""0"", ""sel_3th_pre_req"": ""2"", ""sel_3th_pre_bid"": ""-40650"", ""sel_2th_pre_req_pre"": ""0"", ""sel_2th_pre_req"": ""178"", ""sel_2th_pre_bid"": ""-40600"", ""sel_1th_pre_req_pre"": ""+37"", ""sel_fpr_req"": ""63"", ""sel_fpr_bid"": ""-40550"", ""buy_fpr_bid"": ""-40500"", ""buy_fpr_req"": ""12"", ""buy_1th_pre_req_pre"": ""0"", ""buy_2th_pre_bid"": ""-40450"", ""buy_2th_pre_req"": ""39"", ""buy_2th_pre_req_pre"": ""0"", ""buy_3th_pre_bid"": ""-40400"", ""buy_3th_pre_req"": ""84"", ""buy_3th_pre_req_pre"": ""0"", ""buy_4th_pre_bid"": ""-40350"", ""buy_4th_pre_req"": ""151"", ""buy_4th_pre_req_pre"": ""0"", ""buy_5th_pre_bid"": ""-40300"", ""buy_5th_pre_req"": ""31"", ""buy_5th_pre_req_pre"": ""0"", ""buy_6th_pre_bid"": ""-40250"", ""buy_6th_pre_req"": ""75"", ""buy_6th_pre_req_pre"": ""0"", ""buy_7th_pre_bid"": ""-40200"", ""buy_7th_pre_req"": ""162"", ""buy_7th_pre_req_pre"": ""0"", ""buy_8th_pre_bid"": ""-40150"", ""buy_8th_pre_req"": ""1211"", ""buy_8th_pre_req_pre"": ""0"", ""buy_9th_pre_bid"": ""-40100"", ""buy_9th_pre_req"": ""424"", ""buy_9th_pre_req_pre"": ""0"", ""buy_10th_pre_bid"": ""-40050"", ""buy_10th_pre_req"": ""134"", ""buy_10th_pre_req_pre"": ""0"", ""tot_sel_req_jub_pre"": ""+37"", ""tot_sel_req"": ""606"", ""tot_buy_req"": ""2323"", ""tot_buy_req_jub_pre"": ""0"", ""ovt_sel_req_pre"": ""0"", ""ovt_sel_req"": ""0"", ""ovt_buy_req"": ""0"", ""ovt_buy_req_pre"": ""0"", ""return_code"": 0, ""return_msg"": ""정상적으로 처리되었습니다""}"
2026-06-10,scan_candidate,034230,,0,main_scan,15260,,15260,15250,15260,15200,-0.7208387942332897,0.0655307994757536,,,,,,"{""bid_req_base_tm"": ""114531"", ""sel_10th_pre_req_pre"": ""0"", ""sel_10th_pre_req"": ""640"", ""sel_10th_pre_bid"": ""+15370"", ""sel_9th_pre_req_pre"": ""0"", ""sel_9th_pre_req"": ""232"", ""sel_9th_pre_bid"": ""+15360"", ""sel_8th_pre_req_pre"": ""0"", ""sel_8th_pre_req"": ""110"", ""sel_8th_pre_bid"": ""+15350"", ""sel_7th_pre_req_pre"": ""0"", ""sel_7th_pre_req"": ""2"", ""sel_7th_pre_bid"": ""+15340"", ""sel_6th_pre_req_pre"": ""0"", ""sel_6th_pre_req"": ""1"", ""sel_6th_pre_bid"": ""+15330"", ""sel_5th_pre_req_pre"": ""0"", ""sel_5th_pre_req"": ""538"", ""sel_5th_pre_bid"": ""+15300"", ""sel_4th_pre_req_pre"": ""0"", ""sel_4th_pre_req"": ""50"", ""sel_4th_pre_bid"": ""+15290"", ""sel_3th_pre_req_pre"": ""0"", ""sel_3th_pre_req"": ""60"", ""sel_3th_pre_bid"": ""+15280"", ""sel_2th_pre_req_pre"": ""0"", ""sel_2th_pre_req"": ""894"", ""sel_2th_pre_bid"": ""+15270"", ""sel_1th_pre_req_pre"": ""0"", ""sel_fpr_req"": ""27"", ""sel_fpr_bid"": ""+15260"", ""buy_fpr_bid"": ""+15250"", ""buy_fpr_req"": ""1"", ""buy_1th_pre_req_pre"": ""0"", ""buy_2th_pre_bid"": ""+15240"", ""buy_2th_pre_req"": ""27"", ""buy_2th_pre_req_pre"": ""0"", ""buy_3th_pre_bid"": ""+15230"", ""buy_3th_pre_req"": ""69"", ""buy_3th_pre_req_pre"": ""0"", ""buy_4th_pre_bid"": ""+15220"", ""buy_4th_pre_req"": ""36"", ""buy_4th_pre_req_pre"": ""0"", ""buy_5th_pre_bid"": ""+15210"", ""buy_5th_pre_req"": ""128"", ""buy_5th_pre_req_pre"": ""0"", ""buy_6th_pre_bid"": ""+15200"", ""buy_6th_pre_req"": ""294"", ""buy_6th_pre_req_pre"": ""+10"", ""buy_7th_pre_bid"": ""+15190"", ""buy_7th_pre_req"": ""11"", ""buy_7th_pre_req_pre"": ""0"", ""buy_8th_pre_bid"": ""+15180"", ""buy_8th_pre_req"": ""338"", ""buy_8th_pre_req_pre"": ""0"", ""buy_9th_pre_bid"": ""+15170"", ""buy_9th_pre_req"": ""30"", ""buy_9th_pre_req_pre"": ""0"", ""buy_10th_pre_bid"": ""+15160"", ""buy_10th_pre_req"": ""2"", ""buy_10th_pre_req_pre"": ""0"", ""tot_sel_req_jub_pre"": ""0"", ""tot_sel_req"": ""2554"", ""tot_buy_req"": ""936"", ""tot_buy_req_jub_pre"": ""+10"", ""ovt_sel_req_pre"": ""0"", ""ovt_sel_req"": ""0"", ""ovt_buy_req"": ""0"", ""ovt_buy_req_pre"": ""0"", ""return_code"": 0, ""return_msg"": ""정상적으로 처리되었습니다""}"
2026-06-10,scan_candidate,281820,,0,main_scan,66000,,66000,65900,66000,66500,0.6060606060606061,0.15151515151515152,,,,,,"{""bid_req_base_tm"": ""114521"", ""sel_10th_pre_req_pre"": ""0"", ""sel_10th_pre_req"": ""141"", ""sel_10th_pre_bid"": ""+67500"", ""sel_9th_pre_req_pre"": ""0"", ""sel_9th_pre_req"": ""10"", ""sel_9th_pre_bid"": ""+67300"", ""sel_8th_pre_req_pre"": ""0"", ""sel_8th_pre_req"": ""22"", ""sel_8th_pre_bid"": ""+67200"", ""sel_7th_pre_req_pre"": ""0"", ""sel_7th_pre_req"": ""7"", ""sel_7th_pre_bid"": ""+67100"", ""sel_6th_pre_req_pre"": ""0"", ""sel_6th_pre_req"": ""2"", ""sel_6th_pre_bid"": ""+66900"", ""sel_5th_pre_req_pre"": ""0"", ""sel_5th_pre_req"": ""1"", ""sel_5th_pre_bid"": ""+66800"", ""sel_4th_pre_req_pre"": ""0"", ""sel_4th_pre_req"": ""2"", ""sel_4th_pre_bid"": ""+66700"", ""sel_3th_pre_req_pre"": ""0"", ""sel_3th_pre_req"": ""13"", ""sel_3th_pre_bid"": ""+66600"", ""sel_2th_pre_req_pre"": ""0"", ""sel_2th_pre_req"": ""20"", ""sel_2th_pre_bid"": ""-66100"", ""sel_1th_pre_req_pre"": ""0"", ""sel_fpr_req"": ""75"", ""sel_fpr_bid"": ""-66000"", ""buy_fpr_bid"": ""-65900"", ""buy_fpr_req"": ""83"", ""buy_1th_pre_req_pre"": ""0"", ""buy_2th_pre_bid"": ""-65700"", ""buy_2th_pre_req"": ""58"", ""buy_2th_pre_req_pre"": ""0"", ""buy_3th_pre_bid"": ""-65600"", ""buy_3th_pre_req"": ""77"", ""buy_3th_pre_req_pre"": ""0"", ""buy_4th_pre_bid"": ""-65500"", ""buy_4th_pre_req"": ""153"", ""buy_4th_pre_req_pre"": ""0"", ""buy_5th_pre_bid"": ""-65400"", ""buy_5th_pre_req"": ""71"", ""buy_5th_pre_req_pre"": ""0"", ""buy_6th_pre_bid"": ""-65300"", ""buy_6th_pre_req"": ""58"", ""buy_6th_pre_req_pre"": ""0"", ""buy_7th_pre_bid"": ""-65200"", ""buy_7th_pre_req"": ""69"", ""buy_7th_pre_req_pre"": ""0"", ""buy_8th_pre_bid"": ""-65100"", ""buy_8th_pre_req"": ""150"", ""buy_8th_pre_req_pre"": ""0"", ""buy_9th_pre_bid"": ""-65000"", ""buy_9th_pre_req"": ""901"", ""buy_9th_pre_req_pre"": ""0"", ""buy_10th_pre_bid"": ""-64900"", ""buy_10th_pre_req"": ""139"", ""buy_10th_pre_req_pre"": ""0"", ""tot_sel_req_jub_pre"": ""0"", ""tot_sel_req"": ""293"", ""tot_buy_req"": ""1759"", ""tot_buy_req_jub_pre"": ""0"", ""ovt_sel_req_pre"": ""0"", ""ovt_sel_req"": ""0"", ""ovt_buy_req"": ""0"", ""ovt_buy_req_pre"": ""0"", ""return_code"": 0, ""return_msg"": ""정상적으로 처리되었습니다""}"
2026-06-10,scan_candidate,195870,,0,main_scan,76000,,76000,75900,76000,76000,-0.13157894736842105,0.13157894736842105,,,,,,"{""bid_req_base_tm"": ""114530"", ""sel_10th_pre_req_pre"": ""0"", ""sel_10th_pre_req"": ""55"", ""sel_10th_pre_bid"": ""+77000"", ""sel_9th_pre_req_pre"": ""0"", ""sel_9th_pre_req"": ""20"", ""sel_9th_pre_bid"": ""+76900"", ""sel_8th_pre_req_pre"": ""0"", ""sel_8th_pre_req"": ""65"", ""sel_8th_pre_bid"": ""+76800"", ""sel_7th_pre_req_pre"": ""0"", ""sel_7th_pre_req"": ""10"", ""sel_7th_pre_bid"": ""+76700"", ""sel_6th_pre_req_pre"": ""0"", ""sel_6th_pre_req"": ""53"", ""sel_6th_pre_bid"": ""+76600"", ""sel_5th_pre_req_pre"": ""0"", ""sel_5th_pre_req"": ""61"", ""sel_5th_pre_bid"": ""+76500"", ""sel_4th_pre_req_pre"": ""0"", ""sel_4th_pre_req"": ""10"", ""sel_4th_pre_bid"": ""+76400"", ""sel_3th_pre_req_pre"": ""0"", ""sel_3th_pre_req"": ""24"", ""sel_3th_pre_bid"": ""+76300"", ""sel_2th_pre_req_pre"": ""0"", ""sel_2th_pre_req"": ""1"", ""sel_2th_pre_bid"": ""+76200"", ""sel_1th_pre_req_pre"": ""0"", ""sel_fpr_req"": ""104"", ""sel_fpr_bid"": ""+76000"", ""buy_fpr_bid"": ""+75900"", ""buy_fpr_req"": ""52"", ""buy_1th_pre_req_pre"": ""0"", ""buy_2th_pre_bid"": ""+75700"", ""buy_2th_pre_req"": ""100"", ""buy_2th_pre_req_pre"": ""0"", ""buy_3th_pre_bid"": ""+75500"", ""buy_3th_pre_req"": ""15"", ""buy_3th_pre_req_pre"": ""+10"", ""buy_4th_pre_bid"": ""+75400"", ""buy_4th_pre_req"": ""36"", ""buy_4th_pre_req_pre"": ""0"", ""buy_5th_pre_bid"": ""+75300"", ""buy_5th_pre_req"": ""21"", ""buy_5th_pre_req_pre"": ""0"", ""buy_6th_pre_bid"": ""+75200"", ""buy_6th_pre_req"": ""106"", ""buy_6th_pre_req_pre"": ""0"", ""buy_7th_pre_bid"": ""+75100"", ""buy_7th_pre_req"": ""125"", ""buy_7th_pre_req_pre"": ""0"", ""buy_8th_pre_bid"": ""+75000"", ""buy_8th_pre_req"": ""138"", ""buy_8th_pre_req_pre"": ""0"", ""buy_9th_pre_bid"": ""+74900"", ""buy_9th_pre_req"": ""63"", ""buy_9th_pre_req_pre"": ""0"", ""buy_10th_pre_bid"": ""+74800"", ""buy_10th_pre_req"": ""96"", ""buy_10th_pre_req_pre"": ""0"", ""tot_sel_req_jub_pre"": ""0"", ""tot_sel_req"": ""403"", ""tot_buy_req"": ""752"", ""tot_buy_req_jub_pre"": ""+10"", ""ovt_sel_req_pre"": ""0"", ""ovt_sel_req"": ""0"", ""ovt_buy_req"": ""0"", ""ovt_buy_req_pre"": ""0"", ""return_code"": 0, ""return_msg"": ""정상적으로 처리되었습니다""}"
2026-06-10,scan_candidate,001820,,0,main_scan,115300,,115300,115200,115300,115000,-0.6938421509106678,0.08673026886383348,,,,,,"{""bid_req_base_tm"": ""114531"", ""sel_10th_pre_req_pre"": ""0"", ""sel_10th_pre_req"": ""5"", ""sel_10th_pre_bid"": ""-116200"", ""sel_9th_pre_req_pre"": ""0"", ""sel_9th_pre_req"": ""4"", ""sel_9th_pre_bid"": ""-116100"", ""sel_8th_pre_req_pre"": ""0"", ""sel_8th_pre_req"": ""37"", ""sel_8th_pre_bid"": ""-116000"", ""sel_7th_pre_req_pre"": ""0"", ""sel_7th_pre_req"": ""21"", ""sel_7th_pre_bid"": ""-115900"", ""sel_6th_pre_req_pre"": ""0"", ""sel_6th_pre_req"": ""74"", ""sel_6th_pre_bid"": ""-115800"", ""sel_5th_pre_req_pre"": ""0"", ""sel_5th_pre_req"": ""147"", ""sel_5th_pre_bid"": ""-115700"", ""sel_4th_pre_req_pre"": ""0"", ""sel_4th_pre_req"": ""219"", ""sel_4th_pre_bid"": ""-115600"", ""sel_3th_pre_req_pre"": ""0"", ""sel_3th_pre_req"": ""14"", ""sel_3th_pre_bid"": ""-115500"", ""sel_2th_pre_req_pre"": ""0"", ""sel_2th_pre_req"": ""5"", ""sel_2th_pre_bid"": ""-115400"", ""sel_1th_pre_req_pre"": ""0"", ""sel_fpr_req"": ""25"", ""sel_fpr_bid"": ""-115300"", ""buy_fpr_bid"": ""-115200"", ""buy_fpr_req"": ""103"", ""buy_1th_pre_req_pre"": ""0"", ""buy_2th_pre_bid"": ""-115100"", ""buy_2th_pre_req"": ""20"", ""buy_2th_pre_req_pre"": ""--1"", ""buy_3th_pre_bid"": ""-115000"", ""buy_3th_pre_req"": ""224"", ""buy_3th_pre_req_pre"": ""0"", ""buy_4th_pre_bid"": ""-114900"", ""buy_4th_pre_req"": ""20"", ""buy_4th_pre_req_pre"": ""0"", ""buy_5th_pre_bid"": ""-114800"", ""buy_5th_pre_req"": ""21"", ""buy_5th_pre_req_pre"": ""0"", ""buy_6th_pre_bid"": ""-114700"", ""buy_6th_pre_req"": ""18"", ""buy_6th_pre_req_pre"": ""0"", ""buy_7th_pre_bid"": ""-114600"", ""buy_7th_pre_req"": ""88"", ""buy_7th_pre_req_pre"": ""0"", ""buy_8th_pre_bid"": ""-114500"", ""buy_8th_pre_req"": ""106"", ""buy_8th_pre_req_pre"": ""0"", ""buy_9th_pre_bid"": ""-114400"", ""buy_9th_pre_req"": ""461"", ""buy_9th_pre_req_pre"": ""0"", ""buy_10th_pre_bid"": ""-114300"", ""buy_10th_pre_req"": ""903"", ""buy_10th_pre_req_pre"": ""0"", ""tot_sel_req_jub_pre"": ""0"", ""tot_sel_req"": ""551"", ""tot_buy_req"": ""1964"", ""tot_buy_req_jub_pre"": ""--1"", ""ovt_sel_req_pre"": ""0"", ""ovt_sel_req"": ""0"", ""ovt_buy_req"": ""0"", ""ovt_buy_req_pre"": ""0"", ""return_code"": 0, ""return_msg"": ""정상적으로 처리되었습니다""}"
2026-06-10,scan_candidate,000815,,0,main_scan,400500,,400500,399000,400500,398500,-0.6242197253433208,0.37453183520599254,,,,,,"{""bid_req_base_tm"": ""114506"", ""sel_10th_pre_req_pre"": ""0"", ""sel_10th_pre_req"": ""75"", ""sel_10th_pre_bid"": ""-405500"", ""sel_9th_pre_req_pre"": ""0"", ""sel_9th_pre_req"": ""62"", ""sel_9th_pre_bid"": ""-405000"", ""sel_8th_pre_req_pre"": ""0"", ""sel_8th_pre_req"": ""239"", ""sel_8th_pre_bid"": ""-404500"", ""sel_7th_pre_req_pre"": ""0"", ""sel_7th_pre_req"": ""99"", ""sel_7th_pre_bid"": ""-404000"", ""sel_6th_pre_req_pre"": ""0"", ""sel_6th_pre_req"": ""79"", ""sel_6th_pre_bid"": ""-403500"", ""sel_5th_pre_req_pre"": ""0"", ""sel_5th_pre_req"": ""93"", ""sel_5th_pre_bid"": ""-403000"", ""sel_4th_pre_req_pre"": ""0"", ""sel_4th_pre_req"": ""27"", ""sel_4th_pre_bid"": ""-402500"", ""sel_3th_pre_req_pre"": ""0"", ""sel_3th_pre_req"": ""379"", ""sel_3th_pre_bid"": ""-401500"", ""sel_2th_pre_req_pre"": ""0"", ""sel_2th_pre_req"": ""98"", ""sel_2th_pre_bid"": ""-401000"", ""sel_1th_pre_req_pre"": ""0"", ""sel_fpr_req"": ""2"", ""sel_fpr_bid"": ""-400500"", ""buy_fpr_bid"": ""-399000"", ""buy_fpr_req"": ""31"", ""buy_1th_pre_req_pre"": ""0"", ""buy_2th_pre_bid"": ""-398500"", ""buy_2th_pre_req"": ""29"", ""buy_2th_pre_req_pre"": ""0"", ""buy_3th_pre_bid"": ""-398000"", ""buy_3th_pre_req"": ""51"", ""buy_3th_pre_req_pre"": ""0"", ""buy_4th_pre_bid"": ""-397500"", ""buy_4th_pre_req"": ""161"", ""buy_4th_pre_req_pre"": ""0"", ""buy_5th_pre_bid"": ""-397000"", ""buy_5th_pre_req"": ""105"", ""buy_5th_pre_req_pre"": ""0"", ""buy_6th_pre_bid"": ""-396500"", ""buy_6th_pre_req"": ""18"", ""buy_6th_pre_req_pre"": ""0"", ""buy_7th_pre_bid"": ""-396000"", ""buy_7th_pre_req"": ""49"", ""buy_7th_pre_req_pre"": ""0"", ""buy_8th_pre_bid"": ""-395500"", ""buy_8th_pre_req"": ""18"", ""buy_8th_pre_req_pre"": ""0"", ""buy_9th_pre_bid"": ""-395000"", ""buy_9th_pre_req"": ""61"", ""buy_9th_pre_req_pre"": ""0"", ""buy_10th_pre_bid"": ""-394500"", ""buy_10th_pre_req"": ""18"", ""buy_10th_pre_req_pre"": ""0"", ""tot_sel_req_jub_pre"": ""0"", ""tot_sel_req"": ""1153"", ""tot_buy_req"": ""541"", ""tot_buy_req_jub_pre"": ""+16"", ""ovt_sel_req_pre"": ""0"", ""ovt_sel_req"": ""0"", ""ovt_buy_req"": ""0"", ""ovt_buy_req_pre"": ""0"", ""return_code"": 0, ""return_msg"": ""정상적으로 처리되었습니다""}"
2026-06-10,scan_candidate,475150,,0,main_scan,42800,,42800,42750,42800,42750,-0.23364485981308408,0.11682242990654204,,,,,,"{""bid_req_base_tm"": ""114532"", ""sel_10th_pre_req_pre"": ""0"", ""sel_10th_pre_req"": ""359"", ""sel_10th_pre_bid"": ""+43250"", ""sel_9th_pre_req_pre"": ""0"", ""sel_9th_pre_req"": ""370"", ""sel_9th_pre_bid"": ""+43200"", ""sel_8th_pre_req_pre"": ""+58"", ""sel_8th_pre_req"": ""479"", ""sel_8th_pre_bid"": ""+43150"", ""sel_7th_pre_req_pre"": ""0"", ""sel_7th_pre_req"": ""301"", ""sel_7th_pre_bid"": ""+43100"", ""sel_6th_pre_req_pre"": ""0"", ""sel_6th_pre_req"": ""666"", ""sel_6th_pre_bid"": ""+43050"", ""sel_5th_pre_req_pre"": ""0"", ""sel_5th_pre_req"": ""413"", ""sel_5th_pre_bid"": ""+43000"", ""sel_4th_pre_req_pre"": ""--58"", ""sel_4th_pre_req"": ""1222"", ""sel_4th_pre_bid"": ""+42950"", ""sel_3th_pre_req_pre"": ""0"", ""sel_3th_pre_req"": ""1636"", ""sel_3th_pre_bid"": ""+42900"", ""sel_2th_pre_req_pre"": ""0"", ""sel_2th_pre_req"": ""322"", ""sel_2th_pre_bid"": ""+42850"", ""sel_1th_pre_req_pre"": ""0"", ""sel_fpr_req"": ""1209"", ""sel_fpr_bid"": ""+42800"", ""buy_fpr_bid"": ""+42750"", ""buy_fpr_req"": ""225"", ""buy_1th_pre_req_pre"": ""0"", ""buy_2th_pre_bid"": ""+42700"", ""buy_2th_pre_req"": ""68"", ""buy_2th_pre_req_pre"": ""0"", ""buy_3th_pre_bid"": ""+42650"", ""buy_3th_pre_req"": ""599"", ""buy_3th_pre_req_pre"": ""0"", ""buy_4th_pre_bid"": ""+42600"", ""buy_4th_pre_req"": ""1150"", ""buy_4th_pre_req_pre"": ""0"", ""buy_5th_pre_bid"": ""+42550"", ""buy_5th_pre_req"": ""1532"", ""buy_5th_pre_req_pre"": ""0"", ""buy_6th_pre_bid"": ""+42500"", ""buy_6th_pre_req"": ""945"", ""buy_6th_pre_req_pre"": ""0"", ""buy_7th_pre_bid"": ""+42450"", ""buy_7th_pre_req"": ""565"", ""buy_7th_pre_req_pre"": ""0"", ""buy_8th_pre_bid"": ""+42400"", ""buy_8th_pre_req"": ""994"", ""buy_8th_pre_req_pre"": ""0"", ""buy_9th_pre_bid"": ""+42350"", ""buy_9th_pre_req"": ""390"", ""buy_9th_pre_req_pre"": ""0"", ""buy_10th_pre_bid"": ""+42300"", ""buy_10th_pre_req"": ""463"", ""buy_10th_pre_req_pre"": ""0"", ""tot_sel_req_jub_pre"": ""0"", ""tot_sel_req"": ""6977"", ""tot_buy_req"": ""6931"", ""tot_buy_req_jub_pre"": ""0"", ""ovt_sel_req_pre"": ""0"", ""ovt_sel_req"": ""0"", ""ovt_buy_req"": ""0"", ""ovt_buy_req_pre"": ""0"", ""return_code"": 0, ""return_msg"": ""정상적으로 처리되었습니다""}"
2026-06-10,scan_candidate,499790,,0,main_scan,50700,,50700,50600,50700,50600,-0.39447731755424065,0.19723865877712032,,,,,,"{""bid_req_base_tm"": ""114532"", ""sel_10th_pre_req_pre"": ""0"", ""sel_10th_pre_req"": ""1137"", ""sel_10th_pre_bid"": ""+51600"", ""sel_9th_pre_req_pre"": ""0"", ""sel_9th_pre_req"": ""421"", ""sel_9th_pre_bid"": ""+51500"", ""sel_8th_pre_req_pre"": ""0"", ""sel_8th_pre_req"": ""311"", ""sel_8th_pre_bid"": ""+51400"", ""sel_7th_pre_req_pre"": ""0"", ""sel_7th_pre_req"": ""86"", ""sel_7th_pre_bid"": ""+51300"", ""sel_6th_pre_req_pre"": ""0"", ""sel_6th_pre_req"": ""1112"", ""sel_6th_pre_bid"": ""+51200"", ""sel_5th_pre_req_pre"": ""0"", ""sel_5th_pre_req"": ""116"", ""sel_5th_pre_bid"": ""+51100"", ""sel_4th_pre_req_pre"": ""0"", ""sel_4th_pre_req"": ""13"", ""sel_4th_pre_bid"": ""+51000"", ""sel_3th_pre_req_pre"": ""0"", ""sel_3th_pre_req"": ""49"", ""sel_3th_pre_bid"": ""+50900"", ""sel_2th_pre_req_pre"": ""0"", ""sel_2th_pre_req"": ""1"", ""sel_2th_pre_bid"": ""+50800"", ""sel_1th_pre_req_pre"": ""--64"", ""sel_fpr_req"": ""173"", ""sel_fpr_bid"": ""+50700"", ""buy_fpr_bid"": ""+50600"", ""buy_fpr_req"": ""137"", ""buy_1th_pre_req_pre"": ""0"", ""buy_2th_pre_bid"": ""+50500"", ""buy_2th_pre_req"": ""52"", ""buy_2th_pre_req_pre"": ""0"", ""buy_3th_pre_bid"": ""+50400"", ""buy_3th_pre_req"": ""31"", ""buy_3th_pre_req_pre"": ""0"", ""buy_4th_pre_bid"": ""+50300"", ""buy_4th_pre_req"": ""40"", ""buy_4th_pre_req_pre"": ""0"", ""buy_5th_pre_bid"": ""+50200"", ""buy_5th_pre_req"": ""106"", ""buy_5th_pre_req_pre"": ""0"", ""buy_6th_pre_bid"": ""+50100"", ""buy_6th_pre_req"": ""188"", ""buy_6th_pre_req_pre"": ""0"", ""buy_7th_pre_bid"": ""+50000"", ""buy_7th_pre_req"": ""39"", ""buy_7th_pre_req_pre"": ""0"", ""buy_8th_pre_bid"": ""+49950"", ""buy_8th_pre_req"": ""1183"", ""buy_8th_pre_req_pre"": ""0"", ""buy_9th_pre_bid"": ""+49900"", ""buy_9th_pre_req"": ""124"", ""buy_9th_pre_req_pre"": ""0"", ""buy_10th_pre_bid"": ""+49850"", ""buy_10th_pre_req"": ""62"", ""buy_10th_pre_req_pre"": ""0"", ""tot_sel_req_jub_pre"": ""--64"", ""tot_sel_req"": ""3419"", ""tot_buy_req"": ""1962"", ""tot_buy_req_jub_pre"": ""0"", ""ovt_sel_req_pre"": ""0"", ""ovt_sel_req"": ""0"", ""ovt_buy_req"": ""0"", ""ovt_buy_req_pre"": ""0"", ""return_code"": 0, ""return_msg"": ""정상적으로 처리되었습니다""}"
2026-06-10,scan_candidate,003160,,0,main_scan,28000,,28000,27950,28000,28000,-0.17857142857142858,0.17857142857142858,,,,,,"{""bid_req_base_tm"": ""114530"", ""sel_10th_pre_req_pre"": ""0"", ""sel_10th_pre_req"": ""21"", ""sel_10th_pre_bid"": ""+28500"", ""sel_9th_pre_req_pre"": ""0"", ""sel_9th_pre_req"": ""2070"", ""sel_9th_pre_bid"": ""+28400"", ""sel_8th_pre_req_pre"": ""0"", ""sel_8th_pre_req"": ""61"", ""sel_8th_pre_bid"": ""+28350"", ""sel_7th_pre_req_pre"": ""0"", ""sel_7th_pre_req"": ""200"", ""sel_7th_pre_bid"": ""+28300"", ""sel_6th_pre_req_pre"": ""0"", ""sel_6th_pre_req"": ""56"", ""sel_6th_pre_bid"": ""+28250"", ""sel_5th_pre_req_pre"": ""0"", ""sel_5th_pre_req"": ""111"", ""sel_5th_pre_bid"": ""+28200"", ""sel_4th_pre_req_pre"": ""0"", ""sel_4th_pre_req"": ""73"", ""sel_4th_pre_bid"": ""+28150"", ""sel_3th_pre_req_pre"": ""0"", ""sel_3th_pre_req"": ""50"", ""sel_3th_pre_bid"": ""+28100"", ""sel_2th_pre_req_pre"": ""0"", ""sel_2th_pre_req"": ""58"", ""sel_2th_pre_bid"": ""28050"", ""sel_1th_pre_req_pre"": ""0"", ""sel_fpr_req"": ""75"", ""sel_fpr_bid"": ""-28000"", ""buy_fpr_bid"": ""-27950"", ""buy_fpr_req"": ""323"", ""buy_1th_pre_req_pre"": ""0"", ""buy_2th_pre_bid"": ""-27900"", ""buy_2th_pre_req"": ""360"", ""buy_2th_pre_req_pre"": ""0"", ""buy_3th_pre_bid"": ""-27850"", ""buy_3th_pre_req"": ""334"", ""buy_3th_pre_req_pre"": ""0"", ""buy_4th_pre_bid"": ""-27800"", ""buy_4th_pre_req"": ""121"", ""buy_4th_pre_req_pre"": ""0"", ""buy_5th_pre_bid"": ""-27750"", ""buy_5th_pre_req"": ""106"", ""buy_5th_pre_req_pre"": ""0"", ""buy_6th_pre_bid"": ""-27700"", ""buy_6th_pre_req"": ""87"", ""buy_6th_pre_req_pre"": ""+3"", ""buy_7th_pre_bid"": ""-27650"", ""buy_7th_pre_req"": ""429"", ""buy_7th_pre_req_pre"": ""0"", ""buy_8th_pre_bid"": ""-27600"", ""buy_8th_pre_req"": ""721"", ""buy_8th_pre_req_pre"": ""0"", ""buy_9th_pre_bid"": ""-27550"", ""buy_9th_pre_req"": ""313"", ""buy_9th_pre_req_pre"": ""0"", ""buy_10th_pre_bid"": ""-27500"", ""buy_10th_pre_req"": ""456"", ""buy_10th_pre_req_pre"": ""0"", ""tot_sel_req_jub_pre"": ""0"", ""tot_sel_req"": ""2775"", ""tot_buy_req"": ""3250"", ""tot_buy_req_jub_pre"": ""+3"", ""ovt_sel_req_pre"": ""0"", ""ovt_sel_req"": ""0"", ""ovt_buy_req"": ""0"", ""ovt_buy_req_pre"": ""0"", ""return_code"": 0, ""return_msg"": ""정상적으로 처리되었습니다""}"
2026-06-10,scan_candidate,000370,,0,main_scan,6470,,6470,6460,6470,6490,0.1545595054095827,0.1545595054095827,,,,,,"{""bid_req_base_tm"": ""114531"", ""sel_10th_pre_req_pre"": ""0"", ""sel_10th_pre_req"": ""753"", ""sel_10th_pre_bid"": ""+6570"", ""sel_9th_pre_req_pre"": ""0"", ""sel_9th_pre_req"": ""104"", ""sel_9th_pre_bid"": ""+6560"", ""sel_8th_pre_req_pre"": ""0"", ""sel_8th_pre_req"": ""32"", ""sel_8th_pre_bid"": ""+6550"", ""sel_7th_pre_req_pre"": ""0"", ""sel_7th_pre_req"": ""1028"", ""sel_7th_pre_bid"": ""+6540"", ""sel_6th_pre_req_pre"": ""0"", ""sel_6th_pre_req"": ""23"", ""sel_6th_pre_bid"": ""+6520"", ""sel_5th_pre_req_pre"": ""0"", ""sel_5th_pre_req"": ""757"", ""sel_5th_pre_bid"": ""+6510"", ""sel_4th_pre_req_pre"": ""0"", ""sel_4th_pre_req"": ""1003"", ""sel_4th_pre_bid"": ""+6500"", ""sel_3th_pre_req_pre"": ""0"", ""sel_3th_pre_req"": ""102"", ""sel_3th_pre_bid"": ""+6490"", ""sel_2th_pre_req_pre"": ""0"", ""sel_2th_pre_req"": ""325"", ""sel_2th_pre_bid"": ""+6480"", ""sel_1th_pre_req_pre"": ""0"", ""sel_fpr_req"": ""2"", ""sel_fpr_bid"": ""+6470"", ""buy_fpr_bid"": ""+6460"", ""buy_fpr_req"": ""57"", ""buy_1th_pre_req_pre"": ""0"", ""buy_2th_pre_bid"": ""6450"", ""buy_2th_pre_req"": ""571"", ""buy_2th_pre_req_pre"": ""0"", ""buy_3th_pre_bid"": ""-6440"", ""buy_3th_pre_req"": ""256"", ""buy_3th_pre_req_pre"": ""0"", ""buy_4th_pre_bid"": ""-6430"", ""buy_4th_pre_req"": ""1630"", ""buy_4th_pre_req_pre"": ""+10"", ""buy_5th_pre_bid"": ""-6420"", ""buy_5th_pre_req"": ""251"", ""buy_5th_pre_req_pre"": ""0"", ""buy_6th_pre_bid"": ""-6410"", ""buy_6th_pre_req"": ""1442"", ""buy_6th_pre_req_pre"": ""0"", ""buy_7th_pre_bid"": ""-6400"", ""buy_7th_pre_req"": ""5400"", ""buy_7th_pre_req_pre"": ""0"", ""buy_8th_pre_bid"": ""-6390"", ""buy_8th_pre_req"": ""663"", ""buy_8th_pre_req_pre"": ""0"", ""buy_9th_pre_bid"": ""-6380"", ""buy_9th_pre_req"": ""48"", ""buy_9th_pre_req_pre"": ""0"", ""buy_10th_pre_bid"": ""-6370"", ""buy_10th_pre_req"": ""3220"", ""buy_10th_pre_req_pre"": ""0"", ""tot_sel_req_jub_pre"": ""0"", ""tot_sel_req"": ""4129"", ""tot_buy_req"": ""13538"", ""tot_buy_req_jub_pre"": ""+10"", ""ovt_sel_req_pre"": ""0"", ""ovt_sel_req"": ""0"", ""ovt_buy_req"": ""0"", ""ovt_buy_req_pre"": ""0"", ""return_code"": 0, ""return_msg"": ""정상적으로 처리되었습니다""}"
2026-06-10,scan_candidate,114090,,0,main_scan,12150,,12150,12140,12150,12050,-1.2345679012345678,0.0823045267489712,,,,,,"{""bid_req_base_tm"": ""114531"", ""sel_10th_pre_req_pre"": ""0"", ""sel_10th_pre_req"": ""1262"", ""sel_10th_pre_bid"": ""+12240"", ""sel_9th_pre_req_pre"": ""0"", ""sel_9th_pre_req"": ""411"", ""sel_9th_pre_bid"": ""+12230"", ""sel_8th_pre_req_pre"": ""0"", ""sel_8th_pre_req"": ""1360"", ""sel_8th_pre_bid"": ""+12220"", ""sel_7th_pre_req_pre"": ""0"", ""sel_7th_pre_req"": ""239"", ""sel_7th_pre_bid"": ""+12210"", ""sel_6th_pre_req_pre"": ""0"", ""sel_6th_pre_req"": ""2419"", ""sel_6th_pre_bid"": ""+12200"", ""sel_5th_pre_req_pre"": ""0"", ""sel_5th_pre_req"": ""404"", ""sel_5th_pre_bid"": ""+12190"", ""sel_4th_pre_req_pre"": ""0"", ""sel_4th_pre_req"": ""223"", ""sel_4th_pre_bid"": ""+12180"", ""sel_3th_pre_req_pre"": ""0"", ""sel_3th_pre_req"": ""98"", ""sel_3th_pre_bid"": ""+12170"", ""sel_2th_pre_req_pre"": ""0"", ""sel_2th_pre_req"": ""1"", ""sel_2th_pre_bid"": ""+12160"", ""sel_1th_pre_req_pre"": ""0"", ""sel_fpr_req"": ""94"", ""sel_fpr_bid"": ""+12150"", ""buy_fpr_bid"": ""+12140"", ""buy_fpr_req"": ""12"", ""buy_1th_pre_req_pre"": ""--1"", ""buy_2th_pre_bid"": ""+12130"", ""buy_2th_pre_req"": ""114"", ""buy_2th_pre_req_pre"": ""0"", ""buy_3th_pre_bid"": ""+12120"", ""buy_3th_pre_req"": ""181"", ""buy_3th_pre_req_pre"": ""0"", ""buy_4th_pre_bid"": ""+12110"", ""buy_4th_pre_req"": ""499"", ""buy_4th_pre_req_pre"": ""0"", ""buy_5th_pre_bid"": ""+12090"", ""buy_5th_pre_req"": ""1"", ""buy_5th_pre_req_pre"": ""0"", ""buy_6th_pre_bid"": ""+12070"", ""buy_6th_pre_req"": ""285"", ""buy_6th_pre_req_pre"": ""0"", ""buy_7th_pre_bid"": ""+12020"", ""buy_7th_pre_req"": ""221"", ""buy_7th_pre_req_pre"": ""0"", ""buy_8th_pre_bid"": ""+12010"", ""buy_8th_pre_req"": ""205"", ""buy_8th_pre_req_pre"": ""0"", ""buy_9th_pre_bid"": ""+12000"", ""buy_9th_pre_req"": ""1071"", ""buy_9th_pre_req_pre"": ""0"", ""buy_10th_pre_bid"": ""+11990"", ""buy_10th_pre_req"": ""100"", ""buy_10th_pre_req_pre"": ""0"", ""tot_sel_req_jub_pre"": ""0"", ""tot_sel_req"": ""6511"", ""tot_buy_req"": ""2689"", ""tot_buy_req_jub_pre"": ""--1"", ""ovt_sel_req_pre"": ""0"", ""ovt_sel_req"": ""0"", ""ovt_buy_req"": ""0"", ""ovt_buy_req_pre"": ""0"", ""return_code"": 0, ""return_msg"": ""정상적으로 처리되었습니다""}"
2026-06-10,scan_candidate,005090,,0,main_scan,51900,,51900,51700,51900,52100,0.1926782273603083,0.3853564547206166,,,,,,"{""bid_req_base_tm"": ""114533"", ""sel_10th_pre_req_pre"": ""0"", ""sel_10th_pre_req"": ""2"", ""sel_10th_pre_bid"": ""+52900"", ""sel_9th_pre_req_pre"": ""0"", ""sel_9th_pre_req"": ""25"", ""sel_9th_pre_bid"": ""+52800"", ""sel_8th_pre_req_pre"": ""0"", ""sel_8th_pre_req"": ""105"", ""sel_8th_pre_bid"": ""+52700"", ""sel_7th_pre_req_pre"": ""0"", ""sel_7th_pre_req"": ""16"", ""sel_7th_pre_bid"": ""+52600"", ""sel_6th_pre_req_pre"": ""0"", ""sel_6th_pre_req"": ""1"", ""sel_6th_pre_bid"": ""+52500"", ""sel_5th_pre_req_pre"": ""0"", ""sel_5th_pre_req"": ""2"", ""sel_5th_pre_bid"": ""+52400"", ""sel_4th_pre_req_pre"": ""0"", ""sel_4th_pre_req"": ""10"", ""sel_4th_pre_bid"": ""+52300"", ""sel_3th_pre_req_pre"": ""0"", ""sel_3th_pre_req"": ""1"", ""sel_3th_pre_bid"": ""+52200"", ""sel_2th_pre_req_pre"": ""+39"", ""sel_2th_pre_req"": ""96"", ""sel_2th_pre_bid"": ""+52000"", ""sel_1th_pre_req_pre"": ""--18"", ""sel_fpr_req"": ""34"", ""sel_fpr_bid"": ""+51900"", ""buy_fpr_bid"": ""+51700"", ""buy_fpr_req"": ""1"", ""buy_1th_pre_req_pre"": ""0"", ""buy_2th_pre_bid"": ""+51600"", ""buy_2th_pre_req"": ""4"", ""buy_2th_pre_req_pre"": ""0"", ""buy_3th_pre_bid"": ""+51500"", ""buy_3th_pre_req"": ""53"", ""buy_3th_pre_req_pre"": ""+42"", ""buy_4th_pre_bid"": ""+51400"", ""buy_4th_pre_req"": ""240"", ""buy_4th_pre_req_pre"": ""--42"", ""buy_5th_pre_bid"": ""+51300"", ""buy_5th_pre_req"": ""275"", ""buy_5th_pre_req_pre"": ""0"", ""buy_6th_pre_bid"": ""+51200"", ""buy_6th_pre_req"": ""4"", ""buy_6th_pre_req_pre"": ""0"", ""buy_7th_pre_bid"": ""+51100"", ""buy_7th_pre_req"": ""5"", ""buy_7th_pre_req_pre"": ""0"", ""buy_8th_pre_bid"": ""+51000"", ""buy_8th_pre_req"": ""6"", ""buy_8th_pre_req_pre"": ""0"", ""buy_9th_pre_bid"": ""+50900"", ""buy_9th_pre_req"": ""220"", ""buy_9th_pre_req_pre"": ""0"", ""buy_10th_pre_bid"": ""+50800"", ""buy_10th_pre_req"": ""201"", ""buy_10th_pre_req_pre"": ""0"", ""tot_sel_req_jub_pre"": ""--11"", ""tot_sel_req"": ""292"", ""tot_buy_req"": ""1009"", ""tot_buy_req_jub_pre"": ""0"", ""ovt_sel_req_pre"": ""0"", ""ovt_sel_req"": ""0"", ""ovt_buy_req"": ""0"", ""ovt_buy_req_pre"": ""0"", ""return_code"": 0, ""return_msg"": ""정상적으로 처리되었습니다""}"
2026-06-10,scan_candidate,017900,,0,main_scan,9220,,9220,9210,9220,9250,0.21691973969631237,0.10845986984815618,,,,,,"{""bid_req_base_tm"": ""114532"", ""sel_10th_pre_req_pre"": ""0"", ""sel_10th_pre_req"": ""1742"", ""sel_10th_pre_bid"": ""+9320"", ""sel_9th_pre_req_pre"": ""0"", ""sel_9th_pre_req"": ""184"", ""sel_9th_pre_bid"": ""+9310"", ""sel_8th_pre_req_pre"": ""0"", ""sel_8th_pre_req"": ""143"", ""sel_8th_pre_bid"": ""+9300"", ""sel_7th_pre_req_pre"": ""0"", ""sel_7th_pre_req"": ""133"", ""sel_7th_pre_bid"": ""+9290"", ""sel_6th_pre_req_pre"": ""0"", ""sel_6th_pre_req"": ""1"", ""sel_6th_pre_bid"": ""+9280"", ""sel_5th_pre_req_pre"": ""0"", ""sel_5th_pre_req"": ""124"", ""sel_5th_pre_bid"": ""+9270"", ""sel_4th_pre_req_pre"": ""0"", ""sel_4th_pre_req"": ""208"", ""sel_4th_pre_bid"": ""+9250"", ""sel_3th_pre_req_pre"": ""0"", ""sel_3th_pre_req"": ""115"", ""sel_3th_pre_bid"": ""+9240"", ""sel_2th_pre_req_pre"": ""0"", ""sel_2th_pre_req"": ""478"", ""sel_2th_pre_bid"": ""+9230"", ""sel_1th_pre_req_pre"": ""0"", ""sel_fpr_req"": ""2133"", ""sel_fpr_bid"": ""+9220"", ""buy_fpr_bid"": ""+9210"", ""buy_fpr_req"": ""85"", ""buy_1th_pre_req_pre"": ""0"", ""buy_2th_pre_bid"": ""+9200"", ""buy_2th_pre_req"": ""2586"", ""buy_2th_pre_req_pre"": ""+10"", ""buy_3th_pre_bid"": ""9190"", ""buy_3th_pre_req"": ""665"", ""buy_3th_pre_req_pre"": ""0"", ""buy_4th_pre_bid"": ""-9180"", ""buy_4th_pre_req"": ""3983"", ""buy_4th_pre_req_pre"": ""0"", ""buy_5th_pre_bid"": ""-9170"", ""buy_5th_pre_req"": ""803"", ""buy_5th_pre_req_pre"": ""0"", ""buy_6th_pre_bid"": ""-9160"", ""buy_6th_pre_req"": ""554"", ""buy_6th_pre_req_pre"": ""0"", ""buy_7th_pre_bid"": ""-9150"", ""buy_7th_pre_req"": ""1355"", ""buy_7th_pre_req_pre"": ""0"", ""buy_8th_pre_bid"": ""-9140"", ""buy_8th_pre_req"": ""809"", ""buy_8th_pre_req_pre"": ""0"", ""buy_9th_pre_bid"": ""-9130"", ""buy_9th_pre_req"": ""1072"", ""buy_9th_pre_req_pre"": ""0"", ""buy_10th_pre_bid"": ""-9120"", ""buy_10th_pre_req"": ""1476"", ""buy_10th_pre_req_pre"": ""0"", ""tot_sel_req_jub_pre"": ""0"", ""tot_sel_req"": ""5261"", ""tot_buy_req"": ""13388"", ""tot_buy_req_jub_pre"": ""+10"", ""ovt_sel_req_pre"": ""0"", ""ovt_sel_req"": ""0"", ""ovt_buy_req"": ""0"", ""ovt_buy_req_pre"": ""0"", ""return_code"": 0, ""return_msg"": ""정상적으로 처리되었습니다""}"
2026-06-10,scan_candidate,004710,,0,main_scan,10800,,10800,10760,10800,10800,-0.4629629629629629,0.3703703703703704,,,,,,"{""bid_req_base_tm"": ""114513"", ""sel_10th_pre_req_pre"": ""0"", ""sel_10th_pre_req"": ""6"", ""sel_10th_pre_bid"": ""+11040"", ""sel_9th_pre_req_pre"": ""0"", ""sel_9th_pre_req"": ""5"", ""sel_9th_pre_bid"": ""+11030"", ""sel_8th_pre_req_pre"": ""0"", ""sel_8th_pre_req"": ""1198"", ""sel_8th_pre_bid"": ""+11010"", ""sel_7th_pre_req_pre"": ""0"", ""sel_7th_pre_req"": ""371"", ""sel_7th_pre_bid"": ""+11000"", ""sel_6th_pre_req_pre"": ""0"", ""sel_6th_pre_req"": ""1011"", ""sel_6th_pre_bid"": ""+10990"", ""sel_5th_pre_req_pre"": ""0"", ""sel_5th_pre_req"": ""70"", ""sel_5th_pre_bid"": ""+10900"", ""sel_4th_pre_req_pre"": ""0"", ""sel_4th_pre_req"": ""20"", ""sel_4th_pre_bid"": ""+10880"", ""sel_3th_pre_req_pre"": ""0"", ""sel_3th_pre_req"": ""40"", ""sel_3th_pre_bid"": ""+10850"", ""sel_2th_pre_req_pre"": ""0"", ""sel_2th_pre_req"": ""466"", ""sel_2th_pre_bid"": ""+10810"", ""sel_1th_pre_req_pre"": ""0"", ""sel_fpr_req"": ""23"", ""sel_fpr_bid"": ""+10800"", ""buy_fpr_bid"": ""+10760"", ""buy_fpr_req"": ""32"", ""buy_1th_pre_req_pre"": ""0"", ""buy_2th_pre_bid"": ""+10750"", ""buy_2th_pre_req"": ""50"", ""buy_2th_pre_req_pre"": ""0"", ""buy_3th_pre_bid"": ""+10720"", ""buy_3th_pre_req"": ""23"", ""buy_3th_pre_req_pre"": ""0"", ""buy_4th_pre_bid"": ""+10710"", ""buy_4th_pre_req"": ""337"", ""buy_4th_pre_req_pre"": ""0"", ""buy_5th_pre_bid"": ""+10700"", ""buy_5th_pre_req"": ""330"", ""buy_5th_pre_req_pre"": ""0"", ""buy_6th_pre_bid"": ""+10690"", ""buy_6th_pre_req"": ""18"", ""buy_6th_pre_req_pre"": ""0"", ""buy_7th_pre_bid"": ""+10680"", ""buy_7th_pre_req"": ""62"", ""buy_7th_pre_req_pre"": ""0"", ""buy_8th_pre_bid"": ""+10670"", ""buy_8th_pre_req"": ""29"", ""buy_8th_pre_req_pre"": ""0"", ""buy_9th_pre_bid"": ""+10660"", ""buy_9th_pre_req"": ""17"", ""buy_9th_pre_req_pre"": ""0"", ""buy_10th_pre_bid"": ""+10650"", ""buy_10th_pre_req"": ""329"", ""buy_10th_pre_req_pre"": ""0"", ""tot_sel_req_jub_pre"": ""0"", ""tot_sel_req"": ""3210"", ""tot_buy_req"": ""1227"", ""tot_buy_req_jub_pre"": ""0"", ""ovt_sel_req_pre"": ""0"", ""ovt_sel_req"": ""0"", ""ovt_buy_req"": ""0"", ""ovt_buy_req_pre"": ""0"", ""return_code"": 0, ""return_msg"": ""정상적으로 처리되었습니다""}"
2026-06-10,scan_candidate,006220,,0,main_scan,11730,,11730,11700,11730,11750,-0.2557544757033248,0.2557544757033248,,,,,,"{""bid_req_base_tm"": ""114534"", ""sel_10th_pre_req_pre"": ""0"", ""sel_10th_pre_req"": ""54"", ""sel_10th_pre_bid"": ""+11860"", ""sel_9th_pre_req_pre"": ""0"", ""sel_9th_pre_req"": ""8"", ""sel_9th_pre_bid"": ""+11850"", ""sel_8th_pre_req_pre"": ""0"", ""sel_8th_pre_req"": ""301"", ""sel_8th_pre_bid"": ""+11840"", ""sel_7th_pre_req_pre"": ""0"", ""sel_7th_pre_req"": ""3"", ""sel_7th_pre_bid"": ""+11830"", ""sel_6th_pre_req_pre"": ""0"", ""sel_6th_pre_req"": ""437"", ""sel_6th_pre_bid"": ""+11820"", ""sel_5th_pre_req_pre"": ""0"", ""sel_5th_pre_req"": ""71"", ""sel_5th_pre_bid"": ""+11800"", ""sel_4th_pre_req_pre"": ""0"", ""sel_4th_pre_req"": ""53"", ""sel_4th_pre_bid"": ""+11780"", ""sel_3th_pre_req_pre"": ""0"", ""sel_3th_pre_req"": ""1051"", ""sel_3th_pre_bid"": ""+11750"", ""sel_2th_pre_req_pre"": ""0"", ""sel_2th_pre_req"": ""386"", ""sel_2th_pre_bid"": ""+11740"", ""sel_1th_pre_req_pre"": ""0"", ""sel_fpr_req"": ""292"", ""sel_fpr_bid"": ""+11730"", ""buy_fpr_bid"": ""+11700"", ""buy_fpr_req"": ""1223"", ""buy_1th_pre_req_pre"": ""0"", ""buy_2th_pre_bid"": ""+11690"", ""buy_2th_pre_req"": ""1"", ""buy_2th_pre_req_pre"": ""0"", ""buy_3th_pre_bid"": ""+11680"", ""buy_3th_pre_req"": ""461"", ""buy_3th_pre_req_pre"": ""0"", ""buy_4th_pre_bid"": ""+11670"", ""buy_4th_pre_req"": ""1173"", ""buy_4th_pre_req_pre"": ""0"", ""buy_5th_pre_bid"": ""+11660"", ""buy_5th_pre_req"": ""4401"", ""buy_5th_pre_req_pre"": ""0"", ""buy_6th_pre_bid"": ""+11650"", ""buy_6th_pre_req"": ""3350"", ""buy_6th_pre_req_pre"": ""0"", ""buy_7th_pre_bid"": ""+11640"", ""buy_7th_pre_req"": ""736"", ""buy_7th_pre_req_pre"": ""0"", ""buy_8th_pre_bid"": ""+11630"", ""buy_8th_pre_req"": ""1483"", ""buy_8th_pre_req_pre"": ""0"", ""buy_9th_pre_bid"": ""+11620"", ""buy_9th_pre_req"": ""564"", ""buy_9th_pre_req_pre"": ""0"", ""buy_10th_pre_bid"": ""+11610"", ""buy_10th_pre_req"": ""626"", ""buy_10th_pre_req_pre"": ""0"", ""tot_sel_req_jub_pre"": ""0"", ""tot_sel_req"": ""2656"", ""tot_buy_req"": ""14018"", ""tot_buy_req_jub_pre"": ""0"", ""ovt_sel_req_pre"": ""0"", ""ovt_sel_req"": ""0"", ""ovt_buy_req"": ""0"", ""ovt_buy_req_pre"": ""0"", ""return_code"": 0, ""return_msg"": ""정상적으로 처리되었습니다""}"
2026-06-10,scan_candidate,092200,,0,main_scan,9450,,9450,9440,9450,9480,0.21164021164021166,0.10582010582010583,,,,,,"{""bid_req_base_tm"": ""114534"", ""sel_10th_pre_req_pre"": ""0"", ""sel_10th_pre_req"": ""202"", ""sel_10th_pre_bid"": ""-9540"", ""sel_9th_pre_req_pre"": ""0"", ""sel_9th_pre_req"": ""46"", ""sel_9th_pre_bid"": ""-9530"", ""sel_8th_pre_req_pre"": ""0"", ""sel_8th_pre_req"": ""265"", ""sel_8th_pre_bid"": ""-9520"", ""sel_7th_pre_req_pre"": ""0"", ""sel_7th_pre_req"": ""220"", ""sel_7th_pre_bid"": ""-9510"", ""sel_6th_pre_req_pre"": ""0"", ""sel_6th_pre_req"": ""398"", ""sel_6th_pre_bid"": ""-9500"", ""sel_5th_pre_req_pre"": ""0"", ""sel_5th_pre_req"": ""150"", ""sel_5th_pre_bid"": ""-9490"", ""sel_4th_pre_req_pre"": ""0"", ""sel_4th_pre_req"": ""5"", ""sel_4th_pre_bid"": ""-9480"", ""sel_3th_pre_req_pre"": ""0"", ""sel_3th_pre_req"": ""5"", ""sel_3th_pre_bid"": ""-9470"", ""sel_2th_pre_req_pre"": ""0"", ""sel_2th_pre_req"": ""503"", ""sel_2th_pre_bid"": ""-9460"", ""sel_1th_pre_req_pre"": ""--1"", ""sel_fpr_req"": ""178"", ""sel_fpr_bid"": ""-9450"", ""buy_fpr_bid"": ""-9440"", ""buy_fpr_req"": ""340"", ""buy_1th_pre_req_pre"": ""0"", ""buy_2th_pre_bid"": ""-9430"", ""buy_2th_pre_req"": ""538"", ""buy_2th_pre_req_pre"": ""0"", ""buy_3th_pre_bid"": ""-9420"", ""buy_3th_pre_req"": ""2335"", ""buy_3th_pre_req_pre"": ""0"", ""buy_4th_pre_bid"": ""-9410"", ""buy_4th_pre_req"": ""474"", ""buy_4th_pre_req_pre"": ""0"", ""buy_5th_pre_bid"": ""-9400"", ""buy_5th_pre_req"": ""2266"", ""buy_5th_pre_req_pre"": ""0"", ""buy_6th_pre_bid"": ""-9390"", ""buy_6th_pre_req"": ""2617"", ""buy_6th_pre_req_pre"": ""0"", ""buy_7th_pre_bid"": ""-9380"", ""buy_7th_pre_req"": ""5840"", ""buy_7th_pre_req_pre"": ""0"", ""buy_8th_pre_bid"": ""-9370"", ""buy_8th_pre_req"": ""804"", ""buy_8th_pre_req_pre"": ""0"", ""buy_9th_pre_bid"": ""-9360"", ""buy_9th_pre_req"": ""1038"", ""buy_9th_pre_req_pre"": ""0"", ""buy_10th_pre_bid"": ""-9350"", ""buy_10th_pre_req"": ""1403"", ""buy_10th_pre_req_pre"": ""0"", ""tot_sel_req_jub_pre"": ""--1"", ""tot_sel_req"": ""1972"", ""tot_buy_req"": ""17655"", ""tot_buy_req_jub_pre"": ""0"", ""ovt_sel_req_pre"": ""0"", ""ovt_sel_req"": ""0"", ""ovt_buy_req"": ""0"", ""ovt_buy_req_pre"": ""0"", ""return_code"": 0, ""return_msg"": ""정상적으로 처리되었습니다""}"
2026-06-10,scan_candidate,000430,,0,main_scan,5590,,5590,5580,5590,5600,0.0,0.17889087656529518,,,,,,"{""bid_req_base_tm"": ""114534"", ""sel_10th_pre_req_pre"": ""0"", ""sel_10th_pre_req"": ""1539"", ""sel_10th_pre_bid"": ""-5680"", ""sel_9th_pre_req_pre"": ""0"", ""sel_9th_pre_req"": ""1175"", ""sel_9th_pre_bid"": ""-5670"", ""sel_8th_pre_req_pre"": ""0"", ""sel_8th_pre_req"": ""59"", ""sel_8th_pre_bid"": ""-5660"", ""sel_7th_pre_req_pre"": ""0"", ""sel_7th_pre_req"": ""4835"", ""sel_7th_pre_bid"": ""-5650"", ""sel_6th_pre_req_pre"": ""0"", ""sel_6th_pre_req"": ""103"", ""sel_6th_pre_bid"": ""-5640"", ""sel_5th_pre_req_pre"": ""0"", ""sel_5th_pre_req"": ""1257"", ""sel_5th_pre_bid"": ""-5630"", ""sel_4th_pre_req_pre"": ""0"", ""sel_4th_pre_req"": ""771"", ""sel_4th_pre_bid"": ""-5620"", ""sel_3th_pre_req_pre"": ""0"", ""sel_3th_pre_req"": ""1"", ""sel_3th_pre_bid"": ""-5610"", ""sel_2th_pre_req_pre"": ""0"", ""sel_2th_pre_req"": ""367"", ""sel_2th_pre_bid"": ""-5600"", ""sel_1th_pre_req_pre"": ""0"", ""sel_fpr_req"": ""1638"", ""sel_fpr_bid"": ""-5590"", ""buy_fpr_bid"": ""-5580"", ""buy_fpr_req"": ""150"", ""buy_1th_pre_req_pre"": ""0"", ""buy_2th_pre_bid"": ""-5570"", ""buy_2th_pre_req"": ""762"", ""buy_2th_pre_req_pre"": ""+46"", ""buy_3th_pre_bid"": ""-5560"", ""buy_3th_pre_req"": ""1464"", ""buy_3th_pre_req_pre"": ""0"", ""buy_4th_pre_bid"": ""-5550"", ""buy_4th_pre_req"": ""5485"", ""buy_4th_pre_req_pre"": ""0"", ""buy_5th_pre_bid"": ""-5540"", ""buy_5th_pre_req"": ""3300"", ""buy_5th_pre_req_pre"": ""0"", ""buy_6th_pre_bid"": ""-5530"", ""buy_6th_pre_req"": ""10170"", ""buy_6th_pre_req_pre"": ""0"", ""buy_7th_pre_bid"": ""-5520"", ""buy_7th_pre_req"": ""8691"", ""buy_7th_pre_req_pre"": ""0"", ""buy_8th_pre_bid"": ""-5510"", ""buy_8th_pre_req"": ""10753"", ""buy_8th_pre_req_pre"": ""0"", ""buy_9th_pre_bid"": ""-5500"", ""buy_9th_pre_req"": ""31113"", ""buy_9th_pre_req_pre"": ""0"", ""buy_10th_pre_bid"": ""-5490"", ""buy_10th_pre_req"": ""13759"", ""buy_10th_pre_req_pre"": ""0"", ""tot_sel_req_jub_pre"": ""0"", ""tot_sel_req"": ""11745"", ""tot_buy_req"": ""85647"", ""tot_buy_req_jub_pre"": ""+46"", ""ovt_sel_req_pre"": ""0"", ""ovt_sel_req"": ""0"", ""ovt_buy_req"": ""0"", ""ovt_buy_req_pre"": ""0"", ""return_code"": 0, ""return_msg"": ""정상적으로 처리되었습니다""}"
2026-06-10,scan_candidate,010690,,0,main_scan,10460,,10460,10430,10460,10450,-0.5736137667304015,0.28680688336520077,,,,,,"{""bid_req_base_tm"": ""114531"", ""sel_10th_pre_req_pre"": ""0"", ""sel_10th_pre_req"": ""75"", ""sel_10th_pre_bid"": ""+10550"", ""sel_9th_pre_req_pre"": ""0"", ""sel_9th_pre_req"": ""10"", ""sel_9th_pre_bid"": ""+10540"", ""sel_8th_pre_req_pre"": ""0"", ""sel_8th_pre_req"": ""28"", ""sel_8th_pre_bid"": ""+10530"", ""sel_7th_pre_req_pre"": ""0"", ""sel_7th_pre_req"": ""17"", ""sel_7th_pre_bid"": ""+10520"", ""sel_6th_pre_req_pre"": ""0"", ""sel_6th_pre_req"": ""516"", ""sel_6th_pre_bid"": ""+10510"", ""sel_5th_pre_req_pre"": ""0"", ""sel_5th_pre_req"": ""41"", ""sel_5th_pre_bid"": ""+10500"", ""sel_4th_pre_req_pre"": ""0"", ""sel_4th_pre_req"": ""163"", ""sel_4th_pre_bid"": ""+10490"", ""sel_3th_pre_req_pre"": ""0"", ""sel_3th_pre_req"": ""11"", ""sel_3th_pre_bid"": ""+10480"", ""sel_2th_pre_req_pre"": ""0"", ""sel_2th_pre_req"": ""57"", ""sel_2th_pre_bid"": ""+10470"", ""sel_1th_pre_req_pre"": ""0"", ""sel_fpr_req"": ""419"", ""sel_fpr_bid"": ""+10460"", ""buy_fpr_bid"": ""+10430"", ""buy_fpr_req"": ""52"", ""buy_1th_pre_req_pre"": ""0"", ""buy_2th_pre_bid"": ""+10420"", ""buy_2th_pre_req"": ""183"", ""buy_2th_pre_req_pre"": ""0"", ""buy_3th_pre_bid"": ""+10410"", ""buy_3th_pre_req"": ""335"", ""buy_3th_pre_req_pre"": ""0"", ""buy_4th_pre_bid"": ""+10400"", ""buy_4th_pre_req"": ""176"", ""buy_4th_pre_req_pre"": ""0"", ""buy_5th_pre_bid"": ""+10390"", ""buy_5th_pre_req"": ""221"", ""buy_5th_pre_req_pre"": ""0"", ""buy_6th_pre_bid"": ""+10380"", ""buy_6th_pre_req"": ""650"", ""buy_6th_pre_req_pre"": ""0"", ""buy_7th_pre_bid"": ""+10370"", ""buy_7th_pre_req"": ""164"", ""buy_7th_pre_req_pre"": ""0"", ""buy_8th_pre_bid"": ""+10360"", ""buy_8th_pre_req"": ""316"", ""buy_8th_pre_req_pre"": ""0"", ""buy_9th_pre_bid"": ""+10350"", ""buy_9th_pre_req"": ""216"", ""buy_9th_pre_req_pre"": ""0"", ""buy_10th_pre_bid"": ""+10340"", ""buy_10th_pre_req"": ""543"", ""buy_10th_pre_req_pre"": ""0"", ""tot_sel_req_jub_pre"": ""0"", ""tot_sel_req"": ""1337"", ""tot_buy_req"": ""2856"", ""tot_buy_req_jub_pre"": ""+496"", ""ovt_sel_req_pre"": ""0"", ""ovt_sel_req"": ""0"", ""ovt_buy_req"": ""0"", ""ovt_buy_req_pre"": ""0"", ""return_code"": 0, ""return_msg"": ""정상적으로 처리되었습니다""}"
2026-06-10,scan_candidate,005950,,0,main_scan,11990,,11990,11950,11990,11950,-0.7506255212677231,0.3336113427856547,,,,,,"{""bid_req_base_tm"": ""114532"", ""sel_10th_pre_req_pre"": ""0"", ""sel_10th_pre_req"": ""150"", ""sel_10th_pre_bid"": ""+12130"", ""sel_9th_pre_req_pre"": ""0"", ""sel_9th_pre_req"": ""1002"", ""sel_9th_pre_bid"": ""+12120"", ""sel_8th_pre_req_pre"": ""0"", ""sel_8th_pre_req"": ""6"", ""sel_8th_pre_bid"": ""+12110"", ""sel_7th_pre_req_pre"": ""0"", ""sel_7th_pre_req"": ""161"", ""sel_7th_pre_bid"": ""+12100"", ""sel_6th_pre_req_pre"": ""0"", ""sel_6th_pre_req"": ""184"", ""sel_6th_pre_bid"": ""+12080"", ""sel_5th_pre_req_pre"": ""0"", ""sel_5th_pre_req"": ""100"", ""sel_5th_pre_bid"": ""+12070"", ""sel_4th_pre_req_pre"": ""0"", ""sel_4th_pre_req"": ""551"", ""sel_4th_pre_bid"": ""+12050"", ""sel_3th_pre_req_pre"": ""0"", ""sel_3th_pre_req"": ""92"", ""sel_3th_pre_bid"": ""+12030"", ""sel_2th_pre_req_pre"": ""0"", ""sel_2th_pre_req"": ""34"", ""sel_2th_pre_bid"": ""+12000"", ""sel_1th_pre_req_pre"": ""+82"", ""sel_fpr_req"": ""169"", ""sel_fpr_bid"": ""+11990"", ""buy_fpr_bid"": ""+11950"", ""buy_fpr_req"": ""24"", ""buy_1th_pre_req_pre"": ""0"", ""buy_2th_pre_bid"": ""+11920"", ""buy_2th_pre_req"": ""114"", ""buy_2th_pre_req_pre"": ""0"", ""buy_3th_pre_bid"": ""+11910"", ""buy_3th_pre_req"": ""801"", ""buy_3th_pre_req_pre"": ""0"", ""buy_4th_pre_bid"": ""+11900"", ""buy_4th_pre_req"": ""1005"", ""buy_4th_pre_req_pre"": ""0"", ""buy_5th_pre_bid"": ""+11880"", ""buy_5th_pre_req"": ""40"", ""buy_5th_pre_req_pre"": ""0"", ""buy_6th_pre_bid"": ""+11860"", ""buy_6th_pre_req"": ""3"", ""buy_6th_pre_req_pre"": ""0"", ""buy_7th_pre_bid"": ""+11850"", ""buy_7th_pre_req"": ""195"", ""buy_7th_pre_req_pre"": ""0"", ""buy_8th_pre_bid"": ""+11840"", ""buy_8th_pre_req"": ""3"", ""buy_8th_pre_req_pre"": ""0"", ""buy_9th_pre_bid"": ""+11830"", ""buy_9th_pre_req"": ""52"", ""buy_9th_pre_req_pre"": ""0"", ""buy_10th_pre_bid"": ""+11820"", ""buy_10th_pre_req"": ""25"", ""buy_10th_pre_req_pre"": ""0"", ""tot_sel_req_jub_pre"": ""+154"", ""tot_sel_req"": ""2449"", ""tot_buy_req"": ""2262"", ""tot_buy_req_jub_pre"": ""0"", ""ovt_sel_req_pre"": ""0"", ""ovt_sel_req"": ""0"", ""ovt_buy_req"": ""0"", ""ovt_buy_req_pre"": ""0"", ""return_code"": 0, ""return_msg"": ""정상적으로 처리되었습니다""}"
2026-06-10,watchlist,014680,,0,filtered_candidate_recheck,261500,,261500,261000,261500,262500,0.19120458891013384,0.19120458891013384,,,,,,"{""bid_req_base_tm"": ""114722"", ""sel_10th_pre_req_pre"": ""0"", ""sel_10th_pre_req"": ""17"", ""sel_10th_pre_bid"": ""+266000"", ""sel_9th_pre_req_pre"": ""0"", ""sel_9th_pre_req"": ""25"", ""sel_9th_pre_bid"": ""+265500"", ""sel_8th_pre_req_pre"": ""0"", ""sel_8th_pre_req"": ""42"", ""sel_8th_pre_bid"": ""+265000"", ""sel_7th_pre_req_pre"": ""0"", ""sel_7th_pre_req"": ""16"", ""sel_7th_pre_bid"": ""+264500"", ""sel_6th_pre_req_pre"": ""0"", ""sel_6th_pre_req"": ""86"", ""sel_6th_pre_bid"": ""+264000"", ""sel_5th_pre_req_pre"": ""0"", ""sel_5th_pre_req"": ""13"", ""sel_5th_pre_bid"": ""+263500"", ""sel_4th_pre_req_pre"": ""0"", ""sel_4th_pre_req"": ""4"", ""sel_4th_pre_bid"": ""+263000"", ""sel_3th_pre_req_pre"": ""0"", ""sel_3th_pre_req"": ""5"", ""sel_3th_pre_bid"": ""+262500"", ""sel_2th_pre_req_pre"": ""0"", ""sel_2th_pre_req"": ""10"", ""sel_2th_pre_bid"": ""+262000"", ""sel_1th_pre_req_pre"": ""+2"", ""sel_fpr_req"": ""27"", ""sel_fpr_bid"": ""+261500"", ""buy_fpr_bid"": ""+261000"", ""buy_fpr_req"": ""21"", ""buy_1th_pre_req_pre"": ""0"", ""buy_2th_pre_bid"": ""+260500"", ""buy_2th_pre_req"": ""24"", ""buy_2th_pre_req_pre"": ""0"", ""buy_3th_pre_bid"": ""+260000"", ""buy_3th_pre_req"": ""13"", ""buy_3th_pre_req_pre"": ""0"", ""buy_4th_pre_bid"": ""+259500"", ""buy_4th_pre_req"": ""4"", ""buy_4th_pre_req_pre"": ""0"", ""buy_5th_pre_bid"": ""+259000"", ""buy_5th_pre_req"": ""217"", ""buy_5th_pre_req_pre"": ""0"", ""buy_6th_pre_bid"": ""+258500"", ""buy_6th_pre_req"": ""202"", ""buy_6th_pre_req_pre"": ""0"", ""buy_7th_pre_bid"": ""+258000"", ""buy_7th_pre_req"": ""245"", ""buy_7th_pre_req_pre"": ""0"", ""buy_8th_pre_bid"": ""+257500"", ""buy_8th_pre_req"": ""203"", ""buy_8th_pre_req_pre"": ""0"", ""buy_9th_pre_bid"": ""+257000"", ""buy_9th_pre_req"": ""203"", ""buy_9th_pre_req_pre"": ""0"", ""buy_10th_pre_bid"": ""+256500"", ""buy_10th_pre_req"": ""207"", ""buy_10th_pre_req_pre"": ""0"", ""tot_sel_req_jub_pre"": ""+2"", ""tot_sel_req"": ""245"", ""tot_buy_req"": ""1339"", ""tot_buy_req_jub_pre"": ""0"", ""ovt_sel_req_pre"": ""0"", ""ovt_sel_req"": ""0"", ""ovt_buy_req"": ""0"", ""ovt_buy_req_pre"": ""0"", ""return_code"": 0, ""return_msg"": ""정상적으로 처리되었습니다""}"
2026-06-10,watchlist,035420,,1,filtered_candidate_recheck,232500,,232500,232000,232500,233500,0.21505376344086022,0.21505376344086022,,,,,,"{""bid_req_base_tm"": ""114722"", ""sel_10th_pre_req_pre"": ""0"", ""sel_10th_pre_req"": ""2417"", ""sel_10th_pre_bid"": ""-237000"", ""sel_9th_pre_req_pre"": ""0"", ""sel_9th_pre_req"": ""4246"", ""sel_9th_pre_bid"": ""-236500"", ""sel_8th_pre_req_pre"": ""0"", ""sel_8th_pre_req"": ""3545"", ""sel_8th_pre_bid"": ""-236000"", ""sel_7th_pre_req_pre"": ""0"", ""sel_7th_pre_req"": ""2704"", ""sel_7th_pre_bid"": ""-235500"", ""sel_6th_pre_req_pre"": ""0"", ""sel_6th_pre_req"": ""2312"", ""sel_6th_pre_bid"": ""-235000"", ""sel_5th_pre_req_pre"": ""0"", ""sel_5th_pre_req"": ""2275"", ""sel_5th_pre_bid"": ""-234500"", ""sel_4th_pre_req_pre"": ""0"", ""sel_4th_pre_req"": ""1803"", ""sel_4th_pre_bid"": ""-234000"", ""sel_3th_pre_req_pre"": ""0"", ""sel_3th_pre_req"": ""1949"", ""sel_3th_pre_bid"": ""-233500"", ""sel_2th_pre_req_pre"": ""0"", ""sel_2th_pre_req"": ""1306"", ""sel_2th_pre_bid"": ""-233000"", ""sel_1th_pre_req_pre"": ""--1"", ""sel_fpr_req"": ""2236"", ""sel_fpr_bid"": ""-232500"", ""buy_fpr_bid"": ""-232000"", ""buy_fpr_req"": ""4744"", ""buy_1th_pre_req_pre"": ""0"", ""buy_2th_pre_bid"": ""-231500"", ""buy_2th_pre_req"": ""5810"", ""buy_2th_pre_req_pre"": ""0"", ""buy_3th_pre_bid"": ""-231000"", ""buy_3th_pre_req"": ""8833"", ""buy_3th_pre_req_pre"": ""0"", ""buy_4th_pre_bid"": ""-230500"", ""buy_4th_pre_req"": ""22704"", ""buy_4th_pre_req_pre"": ""0"", ""buy_5th_pre_bid"": ""-230000"", ""buy_5th_pre_req"": ""69055"", ""buy_5th_pre_req_pre"": ""0"", ""buy_6th_pre_bid"": ""-229500"", ""buy_6th_pre_req"": ""6455"", ""buy_6th_pre_req_pre"": ""0"", ""buy_7th_pre_bid"": ""-229000"", ""buy_7th_pre_req"": ""9284"", ""buy_7th_pre_req_pre"": ""0"", ""buy_8th_pre_bid"": ""-228500"", ""buy_8th_pre_req"": ""9070"", ""buy_8th_pre_req_pre"": ""0"", ""buy_9th_pre_bid"": ""-228000"", ""buy_9th_pre_req"": ""9323"", ""buy_9th_pre_req_pre"": ""0"", ""buy_10th_pre_bid"": ""-227500"", ""buy_10th_pre_req"": ""4876"", ""buy_10th_pre_req_pre"": ""0"", ""tot_sel_req_jub_pre"": ""--1"", ""tot_sel_req"": ""24793"", ""tot_buy_req"": ""150154"", ""tot_buy_req_jub_pre"": ""0"", ""ovt_sel_req_pre"": ""0"", ""ovt_sel_req"": ""0"", ""ovt_buy_req"": ""0"", ""ovt_buy_req_pre"": ""0"", ""return_code"": 0, ""return_msg"": ""정상적으로 처리되었습니다""}"
2026-06-10,watchlist,036570,,0,filtered_candidate_recheck,256000,,256000,255500,256000,257000,0.1953125,0.1953125,,,,,,"{""bid_req_base_tm"": ""114721"", ""sel_10th_pre_req_pre"": ""0"", ""sel_10th_pre_req"": ""21"", ""sel_10th_pre_bid"": ""-260500"", ""sel_9th_pre_req_pre"": ""0"", ""sel_9th_pre_req"": ""83"", ""sel_9th_pre_bid"": ""-260000"", ""sel_8th_pre_req_pre"": ""0"", ""sel_8th_pre_req"": ""76"", ""sel_8th_pre_bid"": ""-259500"", ""sel_7th_pre_req_pre"": ""0"", ""sel_7th_pre_req"": ""36"", ""sel_7th_pre_bid"": ""-259000"", ""sel_6th_pre_req_pre"": ""0"", ""sel_6th_pre_req"": ""61"", ""sel_6th_pre_bid"": ""-258500"", ""sel_5th_pre_req_pre"": ""0"", ""sel_5th_pre_req"": ""11"", ""sel_5th_pre_bid"": ""-258000"", ""sel_4th_pre_req_pre"": ""0"", ""sel_4th_pre_req"": ""41"", ""sel_4th_pre_bid"": ""-257500"", ""sel_3th_pre_req_pre"": ""0"", ""sel_3th_pre_req"": ""15"", ""sel_3th_pre_bid"": ""-257000"", ""sel_2th_pre_req_pre"": ""--70"", ""sel_2th_pre_req"": ""165"", ""sel_2th_pre_bid"": ""-256500"", ""sel_1th_pre_req_pre"": ""0"", ""sel_fpr_req"": ""111"", ""sel_fpr_bid"": ""-256000"", ""buy_fpr_bid"": ""-255500"", ""buy_fpr_req"": ""26"", ""buy_1th_pre_req_pre"": ""0"", ""buy_2th_pre_bid"": ""-255000"", ""buy_2th_pre_req"": ""2"", ""buy_2th_pre_req_pre"": ""0"", ""buy_3th_pre_bid"": ""-254500"", ""buy_3th_pre_req"": ""178"", ""buy_3th_pre_req_pre"": ""0"", ""buy_4th_pre_bid"": ""-254000"", ""buy_4th_pre_req"": ""381"", ""buy_4th_pre_req_pre"": ""0"", ""buy_5th_pre_bid"": ""-253500"", ""buy_5th_pre_req"": ""588"", ""buy_5th_pre_req_pre"": ""0"", ""buy_6th_pre_bid"": ""-253000"", ""buy_6th_pre_req"": ""740"", ""buy_6th_pre_req_pre"": ""0"", ""buy_7th_pre_bid"": ""-252500"", ""buy_7th_pre_req"": ""247"", ""buy_7th_pre_req_pre"": ""0"", ""buy_8th_pre_bid"": ""-252000"", ""buy_8th_pre_req"": ""221"", ""buy_8th_pre_req_pre"": ""0"", ""buy_9th_pre_bid"": ""-251500"", ""buy_9th_pre_req"": ""225"", ""buy_9th_pre_req_pre"": ""0"", ""buy_10th_pre_bid"": ""-251000"", ""buy_10th_pre_req"": ""143"", ""buy_10th_pre_req_pre"": ""0"", ""tot_sel_req_jub_pre"": ""--70"", ""tot_sel_req"": ""620"", ""tot_buy_req"": ""2751"", ""tot_buy_req_jub_pre"": ""0"", ""ovt_sel_req_pre"": ""0"", ""ovt_sel_req"": ""0"", ""ovt_buy_req"": ""0"", ""ovt_buy_req_pre"": ""0"", ""return_code"": 0, ""return_msg"": ""정상적으로 처리되었습니다""}"
2026-06-10,watchlist,005090,,0,filtered_candidate_recheck,51900,,51900,51800,51900,52100,0.1926782273603083,0.1926782273603083,,,,,,"{""bid_req_base_tm"": ""114716"", ""sel_10th_pre_req_pre"": ""0"", ""sel_10th_pre_req"": ""2"", ""sel_10th_pre_bid"": ""+52900"", ""sel_9th_pre_req_pre"": ""0"", ""sel_9th_pre_req"": ""25"", ""sel_9th_pre_bid"": ""+52800"", ""sel_8th_pre_req_pre"": ""0"", ""sel_8th_pre_req"": ""105"", ""sel_8th_pre_bid"": ""+52700"", ""sel_7th_pre_req_pre"": ""0"", ""sel_7th_pre_req"": ""16"", ""sel_7th_pre_bid"": ""+52600"", ""sel_6th_pre_req_pre"": ""0"", ""sel_6th_pre_req"": ""1"", ""sel_6th_pre_bid"": ""+52500"", ""sel_5th_pre_req_pre"": ""0"", ""sel_5th_pre_req"": ""52"", ""sel_5th_pre_bid"": ""+52400"", ""sel_4th_pre_req_pre"": ""0"", ""sel_4th_pre_req"": ""10"", ""sel_4th_pre_bid"": ""+52300"", ""sel_3th_pre_req_pre"": ""0"", ""sel_3th_pre_req"": ""1"", ""sel_3th_pre_bid"": ""+52200"", ""sel_2th_pre_req_pre"": ""0"", ""sel_2th_pre_req"": ""96"", ""sel_2th_pre_bid"": ""+52000"", ""sel_1th_pre_req_pre"": ""--24"", ""sel_fpr_req"": ""21"", ""sel_fpr_bid"": ""+51900"", ""buy_fpr_bid"": ""+51800"", ""buy_fpr_req"": ""1"", ""buy_1th_pre_req_pre"": ""0"", ""buy_2th_pre_bid"": ""+51700"", ""buy_2th_pre_req"": ""33"", ""buy_2th_pre_req_pre"": ""0"", ""buy_3th_pre_bid"": ""+51600"", ""buy_3th_pre_req"": ""1"", ""buy_3th_pre_req_pre"": ""0"", ""buy_4th_pre_bid"": ""+51500"", ""buy_4th_pre_req"": ""122"", ""buy_4th_pre_req_pre"": ""0"", ""buy_5th_pre_bid"": ""+51400"", ""buy_5th_pre_req"": ""137"", ""buy_5th_pre_req_pre"": ""--24"", ""buy_6th_pre_bid"": ""+51300"", ""buy_6th_pre_req"": ""242"", ""buy_6th_pre_req_pre"": ""0"", ""buy_7th_pre_bid"": ""+51200"", ""buy_7th_pre_req"": ""4"", ""buy_7th_pre_req_pre"": ""0"", ""buy_8th_pre_bid"": ""+51100"", ""buy_8th_pre_req"": ""5"", ""buy_8th_pre_req_pre"": ""0"", ""buy_9th_pre_bid"": ""+51000"", ""buy_9th_pre_req"": ""6"", ""buy_9th_pre_req_pre"": ""0"", ""buy_10th_pre_bid"": ""+50900"", ""buy_10th_pre_req"": ""220"", ""buy_10th_pre_req_pre"": ""0"", ""tot_sel_req_jub_pre"": ""--24"", ""tot_sel_req"": ""329"", ""tot_buy_req"": ""771"", ""tot_buy_req_jub_pre"": ""--224"", ""ovt_sel_req_pre"": ""0"", ""ovt_sel_req"": ""0"", ""ovt_buy_req"": ""0"", ""ovt_buy_req_pre"": ""0"", ""return_code"": 0, ""return_msg"": ""정상적으로 처리되었습니다""}"
2026-06-10,watchlist,066570,,0,filtered_candidate_recheck,229000,,229000,228500,229000,230000,0.21834061135371177,0.21834061135371177,,,,,,"{""bid_req_base_tm"": ""114722"", ""sel_10th_pre_req_pre"": ""0"", ""sel_10th_pre_req"": ""4516"", ""sel_10th_pre_bid"": ""-233500"", ""sel_9th_pre_req_pre"": ""0"", ""sel_9th_pre_req"": ""3303"", ""sel_9th_pre_bid"": ""-233000"", ""sel_8th_pre_req_pre"": ""0"", ""sel_8th_pre_req"": ""1447"", ""sel_8th_pre_bid"": ""-232500"", ""sel_7th_pre_req_pre"": ""0"", ""sel_7th_pre_req"": ""2606"", ""sel_7th_pre_bid"": ""-232000"", ""sel_6th_pre_req_pre"": ""0"", ""sel_6th_pre_req"": ""1856"", ""sel_6th_pre_bid"": ""-231500"", ""sel_5th_pre_req_pre"": ""0"", ""sel_5th_pre_req"": ""2660"", ""sel_5th_pre_bid"": ""-231000"", ""sel_4th_pre_req_pre"": ""0"", ""sel_4th_pre_req"": ""1619"", ""sel_4th_pre_bid"": ""-230500"", ""sel_3th_pre_req_pre"": ""0"", ""sel_3th_pre_req"": ""4123"", ""sel_3th_pre_bid"": ""-230000"", ""sel_2th_pre_req_pre"": ""0"", ""sel_2th_pre_req"": ""2365"", ""sel_2th_pre_bid"": ""-229500"", ""sel_1th_pre_req_pre"": ""+15"", ""sel_fpr_req"": ""4438"", ""sel_fpr_bid"": ""-229000"", ""buy_fpr_bid"": ""-228500"", ""buy_fpr_req"": ""3528"", ""buy_1th_pre_req_pre"": ""0"", ""buy_2th_pre_bid"": ""-228000"", ""buy_2th_pre_req"": ""11386"", ""buy_2th_pre_req_pre"": ""0"", ""buy_3th_pre_bid"": ""-227500"", ""buy_3th_pre_req"": ""9056"", ""buy_3th_pre_req_pre"": ""0"", ""buy_4th_pre_bid"": ""-227000"", ""buy_4th_pre_req"": ""54512"", ""buy_4th_pre_req_pre"": ""0"", ""buy_5th_pre_bid"": ""-226500"", ""buy_5th_pre_req"": ""3732"", ""buy_5th_pre_req_pre"": ""0"", ""buy_6th_pre_bid"": ""-226000"", ""buy_6th_pre_req"": ""5110"", ""buy_6th_pre_req_pre"": ""0"", ""buy_7th_pre_bid"": ""-225500"", ""buy_7th_pre_req"": ""4667"", ""buy_7th_pre_req_pre"": ""0"", ""buy_8th_pre_bid"": ""-225000"", ""buy_8th_pre_req"": ""19024"", ""buy_8th_pre_req_pre"": ""0"", ""buy_9th_pre_bid"": ""-224500"", ""buy_9th_pre_req"": ""2753"", ""buy_9th_pre_req_pre"": ""0"", ""buy_10th_pre_bid"": ""-224000"", ""buy_10th_pre_req"": ""3901"", ""buy_10th_pre_req_pre"": ""0"", ""tot_sel_req_jub_pre"": ""+15"", ""tot_sel_req"": ""28933"", ""tot_buy_req"": ""117669"", ""tot_buy_req_jub_pre"": ""0"", ""ovt_sel_req_pre"": ""0"", ""ovt_sel_req"": ""0"", ""ovt_buy_req"": ""0"", ""ovt_buy_req_pre"": ""0"", ""return_code"": 0, ""return_msg"": ""정상적으로 처리되었습니다""}"
2026-06-10,watchlist,028670,,1,filtered_candidate_recheck,5070,,5070,5060,5070,5050,-0.591715976331361,0.19723865877712032,,,,,,"{""bid_req_base_tm"": ""114721"", ""sel_10th_pre_req_pre"": ""0"", ""sel_10th_pre_req"": ""2657"", ""sel_10th_pre_bid"": ""-5160"", ""sel_9th_pre_req_pre"": ""0"", ""sel_9th_pre_req"": ""3340"", ""sel_9th_pre_bid"": ""-5150"", ""sel_8th_pre_req_pre"": ""0"", ""sel_8th_pre_req"": ""1511"", ""sel_8th_pre_bid"": ""-5140"", ""sel_7th_pre_req_pre"": ""0"", ""sel_7th_pre_req"": ""3289"", ""sel_7th_pre_bid"": ""-5130"", ""sel_6th_pre_req_pre"": ""0"", ""sel_6th_pre_req"": ""3099"", ""sel_6th_pre_bid"": ""-5120"", ""sel_5th_pre_req_pre"": ""0"", ""sel_5th_pre_req"": ""2311"", ""sel_5th_pre_bid"": ""-5110"", ""sel_4th_pre_req_pre"": ""0"", ""sel_4th_pre_req"": ""12411"", ""sel_4th_pre_bid"": ""-5100"", ""sel_3th_pre_req_pre"": ""0"", ""sel_3th_pre_req"": ""1936"", ""sel_3th_pre_bid"": ""-5090"", ""sel_2th_pre_req_pre"": ""0"", ""sel_2th_pre_req"": ""3722"", ""sel_2th_pre_bid"": ""-5080"", ""sel_1th_pre_req_pre"": ""+42"", ""sel_fpr_req"": ""1881"", ""sel_fpr_bid"": ""-5070"", ""buy_fpr_bid"": ""-5060"", ""buy_fpr_req"": ""1648"", ""buy_1th_pre_req_pre"": ""0"", ""buy_2th_pre_bid"": ""-5050"", ""buy_2th_pre_req"": ""694"", ""buy_2th_pre_req_pre"": ""0"", ""buy_3th_pre_bid"": ""-5040"", ""buy_3th_pre_req"": ""1260"", ""buy_3th_pre_req_pre"": ""0"", ""buy_4th_pre_bid"": ""-5030"", ""buy_4th_pre_req"": ""476"", ""buy_4th_pre_req_pre"": ""0"", ""buy_5th_pre_bid"": ""-5020"", ""buy_5th_pre_req"": ""1729"", ""buy_5th_pre_req_pre"": ""0"", ""buy_6th_pre_bid"": ""-5010"", ""buy_6th_pre_req"": ""2957"", ""buy_6th_pre_req_pre"": ""0"", ""buy_7th_pre_bid"": ""-5000"", ""buy_7th_pre_req"": ""15156"", ""buy_7th_pre_req_pre"": ""0"", ""buy_8th_pre_bid"": ""-4995"", ""buy_8th_pre_req"": ""1181"", ""buy_8th_pre_req_pre"": ""0"", ""buy_9th_pre_bid"": ""-4990"", ""buy_9th_pre_req"": ""281"", ""buy_9th_pre_req_pre"": ""0"", ""buy_10th_pre_bid"": ""-4985"", ""buy_10th_pre_req"": ""640"", ""buy_10th_pre_req_pre"": ""0"", ""tot_sel_req_jub_pre"": ""+42"", ""tot_sel_req"": ""36157"", ""tot_buy_req"": ""26022"", ""tot_buy_req_jub_pre"": ""0"", ""ovt_sel_req_pre"": ""0"", ""ovt_sel_req"": ""0"", ""ovt_buy_req"": ""0"", ""ovt_buy_req_pre"": ""0"", ""return_code"": 0, ""return_msg"": ""정상적으로 처리되었습니다""}"
2026-06-10,watchlist,004990,,1,filtered_candidate_recheck,25600,,25600,25550,25600,25800,0.5859375,0.1953125,,,,,,"{""bid_req_base_tm"": ""114720"", ""sel_10th_pre_req_pre"": ""0"", ""sel_10th_pre_req"": ""402"", ""sel_10th_pre_bid"": ""-26100"", ""sel_9th_pre_req_pre"": ""0"", ""sel_9th_pre_req"": ""56"", ""sel_9th_pre_bid"": ""-26050"", ""sel_8th_pre_req_pre"": ""0"", ""sel_8th_pre_req"": ""167"", ""sel_8th_pre_bid"": ""-26000"", ""sel_7th_pre_req_pre"": ""0"", ""sel_7th_pre_req"": ""210"", ""sel_7th_pre_bid"": ""-25950"", ""sel_6th_pre_req_pre"": ""0"", ""sel_6th_pre_req"": ""2"", ""sel_6th_pre_bid"": ""-25850"", ""sel_5th_pre_req_pre"": ""0"", ""sel_5th_pre_req"": ""84"", ""sel_5th_pre_bid"": ""-25800"", ""sel_4th_pre_req_pre"": ""0"", ""sel_4th_pre_req"": ""3"", ""sel_4th_pre_bid"": ""-25750"", ""sel_3th_pre_req_pre"": ""0"", ""sel_3th_pre_req"": ""105"", ""sel_3th_pre_bid"": ""-25700"", ""sel_2th_pre_req_pre"": ""0"", ""sel_2th_pre_req"": ""323"", ""sel_2th_pre_bid"": ""-25650"", ""sel_1th_pre_req_pre"": ""0"", ""sel_fpr_req"": ""853"", ""sel_fpr_bid"": ""-25600"", ""buy_fpr_bid"": ""-25550"", ""buy_fpr_req"": ""1508"", ""buy_1th_pre_req_pre"": ""+4"", ""buy_2th_pre_bid"": ""-25500"", ""buy_2th_pre_req"": ""1159"", ""buy_2th_pre_req_pre"": ""0"", ""buy_3th_pre_bid"": ""-25450"", ""buy_3th_pre_req"": ""610"", ""buy_3th_pre_req_pre"": ""0"", ""buy_4th_pre_bid"": ""-25400"", ""buy_4th_pre_req"": ""661"", ""buy_4th_pre_req_pre"": ""0"", ""buy_5th_pre_bid"": ""-25350"", ""buy_5th_pre_req"": ""432"", ""buy_5th_pre_req_pre"": ""0"", ""buy_6th_pre_bid"": ""-25300"", ""buy_6th_pre_req"": ""480"", ""buy_6th_pre_req_pre"": ""0"", ""buy_7th_pre_bid"": ""-25250"", ""buy_7th_pre_req"": ""822"", ""buy_7th_pre_req_pre"": ""0"", ""buy_8th_pre_bid"": ""-25200"", ""buy_8th_pre_req"": ""761"", ""buy_8th_pre_req_pre"": ""0"", ""buy_9th_pre_bid"": ""-25150"", ""buy_9th_pre_req"": ""1522"", ""buy_9th_pre_req_pre"": ""0"", ""buy_10th_pre_bid"": ""-25100"", ""buy_10th_pre_req"": ""1549"", ""buy_10th_pre_req_pre"": ""0"", ""tot_sel_req_jub_pre"": ""0"", ""tot_sel_req"": ""2205"", ""tot_buy_req"": ""9504"", ""tot_buy_req_jub_pre"": ""+4"", ""ovt_sel_req_pre"": ""0"", ""ovt_sel_req"": ""0"", ""ovt_buy_req"": ""0"", ""ovt_buy_req_pre"": ""0"", ""return_code"": 0, ""return_msg"": ""정상적으로 처리되었습니다""}"
2026-06-10,watchlist,081660,,0,filtered_candidate_recheck,40550,,40550,40400,40550,40500,-0.2466091245376079,0.36991368680641185,,,,,,"{""bid_req_base_tm"": ""114722"", ""sel_10th_pre_req_pre"": ""0"", ""sel_10th_pre_req"": ""3"", ""sel_10th_pre_bid"": ""+41050"", ""sel_9th_pre_req_pre"": ""0"", ""sel_9th_pre_req"": ""378"", ""sel_9th_pre_bid"": ""+41000"", ""sel_8th_pre_req_pre"": ""0"", ""sel_8th_pre_req"": ""301"", ""sel_8th_pre_bid"": ""+40950"", ""sel_7th_pre_req_pre"": ""0"", ""sel_7th_pre_req"": ""167"", ""sel_7th_pre_bid"": ""+40900"", ""sel_6th_pre_req_pre"": ""0"", ""sel_6th_pre_req"": ""286"", ""sel_6th_pre_bid"": ""+40800"", ""sel_5th_pre_req_pre"": ""0"", ""sel_5th_pre_req"": ""11"", ""sel_5th_pre_bid"": ""+40750"", ""sel_4th_pre_req_pre"": ""0"", ""sel_4th_pre_req"": ""16"", ""sel_4th_pre_bid"": ""+40700"", ""sel_3th_pre_req_pre"": ""0"", ""sel_3th_pre_req"": ""164"", ""sel_3th_pre_bid"": ""+40650"", ""sel_2th_pre_req_pre"": ""0"", ""sel_2th_pre_req"": ""156"", ""sel_2th_pre_bid"": ""+40600"", ""sel_1th_pre_req_pre"": ""--3"", ""sel_fpr_req"": ""87"", ""sel_fpr_bid"": ""+40550"", ""buy_fpr_bid"": ""+40400"", ""buy_fpr_req"": ""561"", ""buy_1th_pre_req_pre"": ""0"", ""buy_2th_pre_bid"": ""+40350"", ""buy_2th_pre_req"": ""28"", ""buy_2th_pre_req_pre"": ""0"", ""buy_3th_pre_bid"": ""+40250"", ""buy_3th_pre_req"": ""26"", ""buy_3th_pre_req_pre"": ""0"", ""buy_4th_pre_bid"": ""+40200"", ""buy_4th_pre_req"": ""59"", ""buy_4th_pre_req_pre"": ""0"", ""buy_5th_pre_bid"": ""+40150"", ""buy_5th_pre_req"": ""175"", ""buy_5th_pre_req_pre"": ""0"", ""buy_6th_pre_bid"": ""+40100"", ""buy_6th_pre_req"": ""200"", ""buy_6th_pre_req_pre"": ""0"", ""buy_7th_pre_bid"": ""+40050"", ""buy_7th_pre_req"": ""515"", ""buy_7th_pre_req_pre"": ""0"", ""buy_8th_pre_bid"": ""+40000"", ""buy_8th_pre_req"": ""509"", ""buy_8th_pre_req_pre"": ""0"", ""buy_9th_pre_bid"": ""+39950"", ""buy_9th_pre_req"": ""500"", ""buy_9th_pre_req_pre"": ""0"", ""buy_10th_pre_bid"": ""+39900"", ""buy_10th_pre_req"": ""7"", ""buy_10th_pre_req_pre"": ""0"", ""tot_sel_req_jub_pre"": ""--3"", ""tot_sel_req"": ""1569"", ""tot_buy_req"": ""2580"", ""tot_buy_req_jub_pre"": ""0"", ""ovt_sel_req_pre"": ""0"", ""ovt_sel_req"": ""0"", ""ovt_buy_req"": ""0"", ""ovt_buy_req_pre"": ""0"", ""return_code"": 0, ""return_msg"": ""정상적으로 처리되었습니다""}"
2026-06-10,watchlist,008770,,0,filtered_candidate_recheck,55800,,55800,55700,55800,55500,-0.7168458781362007,0.17921146953405018,,,,,,"{""bid_req_base_tm"": ""114722"", ""sel_10th_pre_req_pre"": ""0"", ""sel_10th_pre_req"": ""277"", ""sel_10th_pre_bid"": ""+56700"", ""sel_9th_pre_req_pre"": ""0"", ""sel_9th_pre_req"": ""145"", ""sel_9th_pre_bid"": ""+56600"", ""sel_8th_pre_req_pre"": ""0"", ""sel_8th_pre_req"": ""1092"", ""sel_8th_pre_bid"": ""+56500"", ""sel_7th_pre_req_pre"": ""0"", ""sel_7th_pre_req"": ""288"", ""sel_7th_pre_bid"": ""+56400"", ""sel_6th_pre_req_pre"": ""0"", ""sel_6th_pre_req"": ""3544"", ""sel_6th_pre_bid"": ""+56300"", ""sel_5th_pre_req_pre"": ""0"", ""sel_5th_pre_req"": ""544"", ""sel_5th_pre_bid"": ""+56200"", ""sel_4th_pre_req_pre"": ""0"", ""sel_4th_pre_req"": ""159"", ""sel_4th_pre_bid"": ""+56100"", ""sel_3th_pre_req_pre"": ""0"", ""sel_3th_pre_req"": ""85"", ""sel_3th_pre_bid"": ""+56000"", ""sel_2th_pre_req_pre"": ""0"", ""sel_2th_pre_req"": ""64"", ""sel_2th_pre_bid"": ""+55900"", ""sel_1th_pre_req_pre"": ""0"", ""sel_fpr_req"": ""105"", ""sel_fpr_bid"": ""+55800"", ""buy_fpr_bid"": ""+55700"", ""buy_fpr_req"": ""180"", ""buy_1th_pre_req_pre"": ""--9"", ""buy_2th_pre_bid"": ""+55500"", ""buy_2th_pre_req"": ""249"", ""buy_2th_pre_req_pre"": ""0"", ""buy_3th_pre_bid"": ""+55400"", ""buy_3th_pre_req"": ""99"", ""buy_3th_pre_req_pre"": ""0"", ""buy_4th_pre_bid"": ""+55300"", ""buy_4th_pre_req"": ""142"", ""buy_4th_pre_req_pre"": ""0"", ""buy_5th_pre_bid"": ""55200"", ""buy_5th_pre_req"": ""51"", ""buy_5th_pre_req_pre"": ""0"", ""buy_6th_pre_bid"": ""-55100"", ""buy_6th_pre_req"": ""265"", ""buy_6th_pre_req_pre"": ""0"", ""buy_7th_pre_bid"": ""-55000"", ""buy_7th_pre_req"": ""510"", ""buy_7th_pre_req_pre"": ""0"", ""buy_8th_pre_bid"": ""-54900"", ""buy_8th_pre_req"": ""431"", ""buy_8th_pre_req_pre"": ""0"", ""buy_9th_pre_bid"": ""-54800"", ""buy_9th_pre_req"": ""161"", ""buy_9th_pre_req_pre"": ""0"", ""buy_10th_pre_bid"": ""-54700"", ""buy_10th_pre_req"": ""571"", ""buy_10th_pre_req_pre"": ""0"", ""tot_sel_req_jub_pre"": ""0"", ""tot_sel_req"": ""6303"", ""tot_buy_req"": ""2659"", ""tot_buy_req_jub_pre"": ""--9"", ""ovt_sel_req_pre"": ""0"", ""ovt_sel_req"": ""0"", ""ovt_buy_req"": ""0"", ""ovt_buy_req_pre"": ""0"", ""return_code"": 0, ""return_msg"": ""정상적으로 처리되었습니다""}"
2026-06-10,watchlist,012330,,0,filtered_candidate_recheck,574000,,574000,572000,574000,576000,0.17421602787456447,0.34843205574912894,,,,,,"{""bid_req_base_tm"": ""114723"", ""sel_10th_pre_req_pre"": ""0"", ""sel_10th_pre_req"": ""107"", ""sel_10th_pre_bid"": ""-583000"", ""sel_9th_pre_req_pre"": ""0"", ""sel_9th_pre_req"": ""171"", ""sel_9th_pre_bid"": ""-582000"", ""sel_8th_pre_req_pre"": ""0"", ""sel_8th_pre_req"": ""146"", ""sel_8th_pre_bid"": ""-581000"", ""sel_7th_pre_req_pre"": ""0"", ""sel_7th_pre_req"": ""758"", ""sel_7th_pre_bid"": ""-580000"", ""sel_6th_pre_req_pre"": ""0"", ""sel_6th_pre_req"": ""310"", ""sel_6th_pre_bid"": ""-579000"", ""sel_5th_pre_req_pre"": ""0"", ""sel_5th_pre_req"": ""33"", ""sel_5th_pre_bid"": ""-578000"", ""sel_4th_pre_req_pre"": ""0"", ""sel_4th_pre_req"": ""238"", ""sel_4th_pre_bid"": ""-577000"", ""sel_3th_pre_req_pre"": ""0"", ""sel_3th_pre_req"": ""58"", ""sel_3th_pre_bid"": ""-576000"", ""sel_2th_pre_req_pre"": ""0"", ""sel_2th_pre_req"": ""118"", ""sel_2th_pre_bid"": ""-575000"", ""sel_1th_pre_req_pre"": ""0"", ""sel_fpr_req"": ""185"", ""sel_fpr_bid"": ""-574000"", ""buy_fpr_bid"": ""-572000"", ""buy_fpr_req"": ""747"", ""buy_1th_pre_req_pre"": ""0"", ""buy_2th_pre_bid"": ""-571000"", ""buy_2th_pre_req"": ""543"", ""buy_2th_pre_req_pre"": ""+2"", ""buy_3th_pre_bid"": ""-570000"", ""buy_3th_pre_req"": ""933"", ""buy_3th_pre_req_pre"": ""0"", ""buy_4th_pre_bid"": ""-569000"", ""buy_4th_pre_req"": ""2721"", ""buy_4th_pre_req_pre"": ""0"", ""buy_5th_pre_bid"": ""-568000"", ""buy_5th_pre_req"": ""1444"", ""buy_5th_pre_req_pre"": ""0"", ""buy_6th_pre_bid"": ""-567000"", ""buy_6th_pre_req"": ""963"", ""buy_6th_pre_req_pre"": ""0"", ""buy_7th_pre_bid"": ""-566000"", ""buy_7th_pre_req"": ""1596"", ""buy_7th_pre_req_pre"": ""0"", ""buy_8th_pre_bid"": ""-565000"", ""buy_8th_pre_req"": ""2127"", ""buy_8th_pre_req_pre"": ""0"", ""buy_9th_pre_bid"": ""-564000"", ""buy_9th_pre_req"": ""863"", ""buy_9th_pre_req_pre"": ""0"", ""buy_10th_pre_bid"": ""-563000"", ""buy_10th_pre_req"": ""2098"", ""buy_10th_pre_req_pre"": ""0"", ""tot_sel_req_jub_pre"": ""0"", ""tot_sel_req"": ""2124"", ""tot_buy_req"": ""14035"", ""tot_buy_req_jub_pre"": ""+2"", ""ovt_sel_req_pre"": ""0"", ""ovt_sel_req"": ""0"", ""ovt_buy_req"": ""0"", ""ovt_buy_req_pre"": ""0"", ""return_code"": 0, ""return_msg"": ""정상적으로 처리되었습니다""}"
2026-06-10,watchlist,009155,,0,filtered_candidate_recheck,600000,,600000,598000,600000,603000,0.33333333333333337,0.33333333333333337,,,,,,"{""bid_req_base_tm"": ""114723"", ""sel_10th_pre_req_pre"": ""0"", ""sel_10th_pre_req"": ""51"", ""sel_10th_pre_bid"": ""-611000"", ""sel_9th_pre_req_pre"": ""0"", ""sel_9th_pre_req"": ""62"", ""sel_9th_pre_bid"": ""-610000"", ""sel_8th_pre_req_pre"": ""0"", ""sel_8th_pre_req"": ""27"", ""sel_8th_pre_bid"": ""-609000"", ""sel_7th_pre_req_pre"": ""0"", ""sel_7th_pre_req"": ""5"", ""sel_7th_pre_bid"": ""-607000"", ""sel_6th_pre_req_pre"": ""0"", ""sel_6th_pre_req"": ""45"", ""sel_6th_pre_bid"": ""-605000"", ""sel_5th_pre_req_pre"": ""0"", ""sel_5th_pre_req"": ""9"", ""sel_5th_pre_bid"": ""-604000"", ""sel_4th_pre_req_pre"": ""0"", ""sel_4th_pre_req"": ""2"", ""sel_4th_pre_bid"": ""-603000"", ""sel_3th_pre_req_pre"": ""0"", ""sel_3th_pre_req"": ""28"", ""sel_3th_pre_bid"": ""-602000"", ""sel_2th_pre_req_pre"": ""0"", ""sel_2th_pre_req"": ""16"", ""sel_2th_pre_bid"": ""-601000"", ""sel_1th_pre_req_pre"": ""0"", ""sel_fpr_req"": ""15"", ""sel_fpr_bid"": ""-600000"", ""buy_fpr_bid"": ""-598000"", ""buy_fpr_req"": ""7"", ""buy_1th_pre_req_pre"": ""+5"", ""buy_2th_pre_bid"": ""-597000"", ""buy_2th_pre_req"": ""146"", ""buy_2th_pre_req_pre"": ""0"", ""buy_3th_pre_bid"": ""-596000"", ""buy_3th_pre_req"": ""49"", ""buy_3th_pre_req_pre"": ""0"", ""buy_4th_pre_bid"": ""-595000"", ""buy_4th_pre_req"": ""90"", ""buy_4th_pre_req_pre"": ""+1"", ""buy_5th_pre_bid"": ""-594000"", ""buy_5th_pre_req"": ""70"", ""buy_5th_pre_req_pre"": ""0"", ""buy_6th_pre_bid"": ""-593000"", ""buy_6th_pre_req"": ""99"", ""buy_6th_pre_req_pre"": ""0"", ""buy_7th_pre_bid"": ""-592000"", ""buy_7th_pre_req"": ""112"", ""buy_7th_pre_req_pre"": ""0"", ""buy_8th_pre_bid"": ""-591000"", ""buy_8th_pre_req"": ""409"", ""buy_8th_pre_req_pre"": ""0"", ""buy_9th_pre_bid"": ""-590000"", ""buy_9th_pre_req"": ""496"", ""buy_9th_pre_req_pre"": ""0"", ""buy_10th_pre_bid"": ""-589000"", ""buy_10th_pre_req"": ""83"", ""buy_10th_pre_req_pre"": ""0"", ""tot_sel_req_jub_pre"": ""0"", ""tot_sel_req"": ""260"", ""tot_buy_req"": ""1561"", ""tot_buy_req_jub_pre"": ""+6"", ""ovt_sel_req_pre"": ""0"", ""ovt_sel_req"": ""0"", ""ovt_buy_req"": ""0"", ""ovt_buy_req_pre"": ""0"", ""return_code"": 0, ""return_msg"": ""정상적으로 처리되었습니다""}"
2026-06-10,watchlist,181710,,1,filtered_candidate_recheck,40550,,40550,40500,40550,40650,0.12330456226880394,0.12330456226880394,,,,,,"{""bid_req_base_tm"": ""114721"", ""sel_10th_pre_req_pre"": ""0"", ""sel_10th_pre_req"": ""10"", ""sel_10th_pre_bid"": ""-41200"", ""sel_9th_pre_req_pre"": ""0"", ""sel_9th_pre_req"": ""13"", ""sel_9th_pre_bid"": ""-41150"", ""sel_8th_pre_req_pre"": ""0"", ""sel_8th_pre_req"": ""10"", ""sel_8th_pre_bid"": ""-41100"", ""sel_7th_pre_req_pre"": ""0"", ""sel_7th_pre_req"": ""10"", ""sel_7th_pre_bid"": ""-41050"", ""sel_6th_pre_req_pre"": ""0"", ""sel_6th_pre_req"": ""289"", ""sel_6th_pre_bid"": ""-41000"", ""sel_5th_pre_req_pre"": ""0"", ""sel_5th_pre_req"": ""29"", ""sel_5th_pre_bid"": ""-40950"", ""sel_4th_pre_req_pre"": ""0"", ""sel_4th_pre_req"": ""2"", ""sel_4th_pre_bid"": ""-40750"", ""sel_3th_pre_req_pre"": ""0"", ""sel_3th_pre_req"": ""1"", ""sel_3th_pre_bid"": ""-40650"", ""sel_2th_pre_req_pre"": ""0"", ""sel_2th_pre_req"": ""165"", ""sel_2th_pre_bid"": ""-40600"", ""sel_1th_pre_req_pre"": ""0"", ""sel_fpr_req"": ""210"", ""sel_fpr_bid"": ""-40550"", ""buy_fpr_bid"": ""-40500"", ""buy_fpr_req"": ""6"", ""buy_1th_pre_req_pre"": ""0"", ""buy_2th_pre_bid"": ""-40450"", ""buy_2th_pre_req"": ""79"", ""buy_2th_pre_req_pre"": ""0"", ""buy_3th_pre_bid"": ""-40400"", ""buy_3th_pre_req"": ""84"", ""buy_3th_pre_req_pre"": ""0"", ""buy_4th_pre_bid"": ""-40350"", ""buy_4th_pre_req"": ""141"", ""buy_4th_pre_req_pre"": ""+1"", ""buy_5th_pre_bid"": ""-40300"", ""buy_5th_pre_req"": ""31"", ""buy_5th_pre_req_pre"": ""--1"", ""buy_6th_pre_bid"": ""-40250"", ""buy_6th_pre_req"": ""74"", ""buy_6th_pre_req_pre"": ""0"", ""buy_7th_pre_bid"": ""-40200"", ""buy_7th_pre_req"": ""163"", ""buy_7th_pre_req_pre"": ""0"", ""buy_8th_pre_bid"": ""-40150"", ""buy_8th_pre_req"": ""1212"", ""buy_8th_pre_req_pre"": ""0"", ""buy_9th_pre_bid"": ""-40100"", ""buy_9th_pre_req"": ""423"", ""buy_9th_pre_req_pre"": ""0"", ""buy_10th_pre_bid"": ""-40050"", ""buy_10th_pre_req"": ""134"", ""buy_10th_pre_req_pre"": ""0"", ""tot_sel_req_jub_pre"": ""0"", ""tot_sel_req"": ""739"", ""tot_buy_req"": ""2347"", ""tot_buy_req_jub_pre"": ""0"", ""ovt_sel_req_pre"": ""0"", ""ovt_sel_req"": ""0"", ""ovt_buy_req"": ""0"", ""ovt_buy_req_pre"": ""0"", ""return_code"": 0, ""return_msg"": ""정상적으로 처리되었습니다""}"
2026-06-10,watchlist,085620,,0,filtered_candidate_recheck,22050,,22050,21950,22050,22200,0.45351473922902497,0.45351473922902497,,,,,,"{""bid_req_base_tm"": ""114723"", ""sel_10th_pre_req_pre"": ""0"", ""sel_10th_pre_req"": ""6"", ""sel_10th_pre_bid"": ""-22500"", ""sel_9th_pre_req_pre"": ""0"", ""sel_9th_pre_req"": ""1"", ""sel_9th_pre_bid"": ""-22450"", ""sel_8th_pre_req_pre"": ""0"", ""sel_8th_pre_req"": ""107"", ""sel_8th_pre_bid"": ""-22400"", ""sel_7th_pre_req_pre"": ""0"", ""sel_7th_pre_req"": ""107"", ""sel_7th_pre_bid"": ""-22350"", ""sel_6th_pre_req_pre"": ""0"", ""sel_6th_pre_req"": ""102"", ""sel_6th_pre_bid"": ""-22300"", ""sel_5th_pre_req_pre"": ""0"", ""sel_5th_pre_req"": ""147"", ""sel_5th_pre_bid"": ""-22250"", ""sel_4th_pre_req_pre"": ""0"", ""sel_4th_pre_req"": ""7"", ""sel_4th_pre_bid"": ""-22200"", ""sel_3th_pre_req_pre"": ""0"", ""sel_3th_pre_req"": ""85"", ""sel_3th_pre_bid"": ""-22150"", ""sel_2th_pre_req_pre"": ""0"", ""sel_2th_pre_req"": ""82"", ""sel_2th_pre_bid"": ""-22100"", ""sel_1th_pre_req_pre"": ""0"", ""sel_fpr_req"": ""256"", ""sel_fpr_bid"": ""-22050"", ""buy_fpr_bid"": ""-21950"", ""buy_fpr_req"": ""1871"", ""buy_1th_pre_req_pre"": ""0"", ""buy_2th_pre_bid"": ""-21900"", ""buy_2th_pre_req"": ""929"", ""buy_2th_pre_req_pre"": ""0"", ""buy_3th_pre_bid"": ""-21850"", ""buy_3th_pre_req"": ""1186"", ""buy_3th_pre_req_pre"": ""0"", ""buy_4th_pre_bid"": ""-21800"", ""buy_4th_pre_req"": ""3298"", ""buy_4th_pre_req_pre"": ""0"", ""buy_5th_pre_bid"": ""-21750"", ""buy_5th_pre_req"": ""4896"", ""buy_5th_pre_req_pre"": ""0"", ""buy_6th_pre_bid"": ""-21700"", ""buy_6th_pre_req"": ""1860"", ""buy_6th_pre_req_pre"": ""0"", ""buy_7th_pre_bid"": ""-21650"", ""buy_7th_pre_req"": ""389"", ""buy_7th_pre_req_pre"": ""0"", ""buy_8th_pre_bid"": ""-21600"", ""buy_8th_pre_req"": ""333"", ""buy_8th_pre_req_pre"": ""0"", ""buy_9th_pre_bid"": ""-21550"", ""buy_9th_pre_req"": ""1196"", ""buy_9th_pre_req_pre"": ""0"", ""buy_10th_pre_bid"": ""-21500"", ""buy_10th_pre_req"": ""1577"", ""buy_10th_pre_req_pre"": ""+9"", ""tot_sel_req_jub_pre"": ""0"", ""tot_sel_req"": ""900"", ""tot_buy_req"": ""17535"", ""tot_buy_req_jub_pre"": ""+9"", ""ovt_sel_req_pre"": ""0"", ""ovt_sel_req"": ""0"", ""ovt_buy_req"": ""0"", ""ovt_buy_req_pre"": ""0"", ""return_code"": 0, ""return_msg"": ""정상적으로 처리되었습니다""}"
2026-06-10,watchlist,062040,,0,filtered_candidate_recheck,220500,,220500,220000,220500,222000,0.45351473922902497,0.22675736961451248,,,,,,"{""bid_req_base_tm"": ""114723"", ""sel_10th_pre_req_pre"": ""0"", ""sel_10th_pre_req"": ""140"", ""sel_10th_pre_bid"": ""225000"", ""sel_9th_pre_req_pre"": ""0"", ""sel_9th_pre_req"": ""56"", ""sel_9th_pre_bid"": ""-224500"", ""sel_8th_pre_req_pre"": ""0"", ""sel_8th_pre_req"": ""162"", ""sel_8th_pre_bid"": ""-224000"", ""sel_7th_pre_req_pre"": ""0"", ""sel_7th_pre_req"": ""3"", ""sel_7th_pre_bid"": ""-223500"", ""sel_6th_pre_req_pre"": ""0"", ""sel_6th_pre_req"": ""42"", ""sel_6th_pre_bid"": ""-223000"", ""sel_5th_pre_req_pre"": ""0"", ""sel_5th_pre_req"": ""14"", ""sel_5th_pre_bid"": ""-222500"", ""sel_4th_pre_req_pre"": ""0"", ""sel_4th_pre_req"": ""263"", ""sel_4th_pre_bid"": ""-222000"", ""sel_3th_pre_req_pre"": ""0"", ""sel_3th_pre_req"": ""303"", ""sel_3th_pre_bid"": ""-221500"", ""sel_2th_pre_req_pre"": ""0"", ""sel_2th_pre_req"": ""210"", ""sel_2th_pre_bid"": ""-221000"", ""sel_1th_pre_req_pre"": ""0"", ""sel_fpr_req"": ""185"", ""sel_fpr_bid"": ""-220500"", ""buy_fpr_bid"": ""-220000"", ""buy_fpr_req"": ""1288"", ""buy_1th_pre_req_pre"": ""0"", ""buy_2th_pre_bid"": ""-219500"", ""buy_2th_pre_req"": ""179"", ""buy_2th_pre_req_pre"": ""0"", ""buy_3th_pre_bid"": ""-219000"", ""buy_3th_pre_req"": ""563"", ""buy_3th_pre_req_pre"": ""0"", ""buy_4th_pre_bid"": ""-218500"", ""buy_4th_pre_req"": ""333"", ""buy_4th_pre_req_pre"": ""0"", ""buy_5th_pre_bid"": ""-218000"", ""buy_5th_pre_req"": ""555"", ""buy_5th_pre_req_pre"": ""0"", ""buy_6th_pre_bid"": ""-217500"", ""buy_6th_pre_req"": ""218"", ""buy_6th_pre_req_pre"": ""0"", ""buy_7th_pre_bid"": ""-217000"", ""buy_7th_pre_req"": ""563"", ""buy_7th_pre_req_pre"": ""+5"", ""buy_8th_pre_bid"": ""-216500"", ""buy_8th_pre_req"": ""302"", ""buy_8th_pre_req_pre"": ""0"", ""buy_9th_pre_bid"": ""-216000"", ""buy_9th_pre_req"": ""3160"", ""buy_9th_pre_req_pre"": ""0"", ""buy_10th_pre_bid"": ""-215500"", ""buy_10th_pre_req"": ""194"", ""buy_10th_pre_req_pre"": ""0"", ""tot_sel_req_jub_pre"": ""0"", ""tot_sel_req"": ""1378"", ""tot_buy_req"": ""7355"", ""tot_buy_req_jub_pre"": ""+5"", ""ovt_sel_req_pre"": ""0"", ""ovt_sel_req"": ""0"", ""ovt_buy_req"": ""0"", ""ovt_buy_req_pre"": ""0"", ""return_code"": 0, ""return_msg"": ""정상적으로 처리되었습니다""}"
2026-06-10,watchlist,036460,,0,filtered_candidate_recheck,34600,,34600,34550,34600,34550,-0.2890173410404624,0.1445086705202312,,,,,,"{""bid_req_base_tm"": ""114722"", ""sel_10th_pre_req_pre"": ""0"", ""sel_10th_pre_req"": ""18"", ""sel_10th_pre_bid"": ""+35050"", ""sel_9th_pre_req_pre"": ""0"", ""sel_9th_pre_req"": ""4280"", ""sel_9th_pre_bid"": ""+35000"", ""sel_8th_pre_req_pre"": ""0"", ""sel_8th_pre_req"": ""284"", ""sel_8th_pre_bid"": ""+34950"", ""sel_7th_pre_req_pre"": ""0"", ""sel_7th_pre_req"": ""619"", ""sel_7th_pre_bid"": ""+34900"", ""sel_6th_pre_req_pre"": ""0"", ""sel_6th_pre_req"": ""534"", ""sel_6th_pre_bid"": ""+34850"", ""sel_5th_pre_req_pre"": ""0"", ""sel_5th_pre_req"": ""420"", ""sel_5th_pre_bid"": ""+34800"", ""sel_4th_pre_req_pre"": ""0"", ""sel_4th_pre_req"": ""578"", ""sel_4th_pre_bid"": ""+34750"", ""sel_3th_pre_req_pre"": ""0"", ""sel_3th_pre_req"": ""832"", ""sel_3th_pre_bid"": ""+34700"", ""sel_2th_pre_req_pre"": ""0"", ""sel_2th_pre_req"": ""1355"", ""sel_2th_pre_bid"": ""+34650"", ""sel_1th_pre_req_pre"": ""+1"", ""sel_fpr_req"": ""195"", ""sel_fpr_bid"": ""+34600"", ""buy_fpr_bid"": ""+34550"", ""buy_fpr_req"": ""112"", ""buy_1th_pre_req_pre"": ""0"", ""buy_2th_pre_bid"": ""+34500"", ""buy_2th_pre_req"": ""250"", ""buy_2th_pre_req_pre"": ""0"", ""buy_3th_pre_bid"": ""+34450"", ""buy_3th_pre_req"": ""116"", ""buy_3th_pre_req_pre"": ""0"", ""buy_4th_pre_bid"": ""+34400"", ""buy_4th_pre_req"": ""510"", ""buy_4th_pre_req_pre"": ""0"", ""buy_5th_pre_bid"": ""+34350"", ""buy_5th_pre_req"": ""132"", ""buy_5th_pre_req_pre"": ""0"", ""buy_6th_pre_bid"": ""+34300"", ""buy_6th_pre_req"": ""1876"", ""buy_6th_pre_req_pre"": ""0"", ""buy_7th_pre_bid"": ""+34250"", ""buy_7th_pre_req"": ""584"", ""buy_7th_pre_req_pre"": ""0"", ""buy_8th_pre_bid"": ""+34200"", ""buy_8th_pre_req"": ""761"", ""buy_8th_pre_req_pre"": ""0"", ""buy_9th_pre_bid"": ""+34150"", ""buy_9th_pre_req"": ""594"", ""buy_9th_pre_req_pre"": ""0"", ""buy_10th_pre_bid"": ""+34100"", ""buy_10th_pre_req"": ""700"", ""buy_10th_pre_req_pre"": ""0"", ""tot_sel_req_jub_pre"": ""+1"", ""tot_sel_req"": ""9115"", ""tot_buy_req"": ""5635"", ""tot_buy_req_jub_pre"": ""0"", ""ovt_sel_req_pre"": ""0"", ""ovt_sel_req"": ""0"", ""ovt_buy_req"": ""0"", ""ovt_buy_req_pre"": ""0"", ""return_code"": 0, ""return_msg"": ""정상적으로 처리되었습니다""}"
2026-06-10,watchlist,066575,,0,filtered_candidate_recheck,78300,,78300,78100,78300,78300,-0.1277139208173691,0.2554278416347382,,,,,,"{""bid_req_base_tm"": ""114724"", ""sel_10th_pre_req_pre"": ""0"", ""sel_10th_pre_req"": ""51"", ""sel_10th_pre_bid"": ""-79200"", ""sel_9th_pre_req_pre"": ""0"", ""sel_9th_pre_req"": ""64"", ""sel_9th_pre_bid"": ""-79100"", ""sel_8th_pre_req_pre"": ""0"", ""sel_8th_pre_req"": ""134"", ""sel_8th_pre_bid"": ""-79000"", ""sel_7th_pre_req_pre"": ""0"", ""sel_7th_pre_req"": ""39"", ""sel_7th_pre_bid"": ""-78900"", ""sel_6th_pre_req_pre"": ""0"", ""sel_6th_pre_req"": ""205"", ""sel_6th_pre_bid"": ""-78800"", ""sel_5th_pre_req_pre"": ""0"", ""sel_5th_pre_req"": ""15"", ""sel_5th_pre_bid"": ""-78700"", ""sel_4th_pre_req_pre"": ""0"", ""sel_4th_pre_req"": ""2"", ""sel_4th_pre_bid"": ""-78600"", ""sel_3th_pre_req_pre"": ""0"", ""sel_3th_pre_req"": ""5105"", ""sel_3th_pre_bid"": ""-78500"", ""sel_2th_pre_req_pre"": ""0"", ""sel_2th_pre_req"": ""289"", ""sel_2th_pre_bid"": ""-78400"", ""sel_1th_pre_req_pre"": ""+75"", ""sel_fpr_req"": ""222"", ""sel_fpr_bid"": ""-78300"", ""buy_fpr_bid"": ""-78100"", ""buy_fpr_req"": ""9"", ""buy_1th_pre_req_pre"": ""0"", ""buy_2th_pre_bid"": ""-78000"", ""buy_2th_pre_req"": ""877"", ""buy_2th_pre_req_pre"": ""0"", ""buy_3th_pre_bid"": ""-77900"", ""buy_3th_pre_req"": ""1375"", ""buy_3th_pre_req_pre"": ""0"", ""buy_4th_pre_bid"": ""-77800"", ""buy_4th_pre_req"": ""1180"", ""buy_4th_pre_req_pre"": ""0"", ""buy_5th_pre_bid"": ""-77700"", ""buy_5th_pre_req"": ""1046"", ""buy_5th_pre_req_pre"": ""0"", ""buy_6th_pre_bid"": ""-77600"", ""buy_6th_pre_req"": ""307"", ""buy_6th_pre_req_pre"": ""0"", ""buy_7th_pre_bid"": ""-77500"", ""buy_7th_pre_req"": ""1296"", ""buy_7th_pre_req_pre"": ""0"", ""buy_8th_pre_bid"": ""-77400"", ""buy_8th_pre_req"": ""840"", ""buy_8th_pre_req_pre"": ""0"", ""buy_9th_pre_bid"": ""-77300"", ""buy_9th_pre_req"": ""175"", ""buy_9th_pre_req_pre"": ""0"", ""buy_10th_pre_bid"": ""-77200"", ""buy_10th_pre_req"": ""461"", ""buy_10th_pre_req_pre"": ""0"", ""tot_sel_req_jub_pre"": ""+75"", ""tot_sel_req"": ""6126"", ""tot_buy_req"": ""7566"", ""tot_buy_req_jub_pre"": ""0"", ""ovt_sel_req_pre"": ""0"", ""ovt_sel_req"": ""0"", ""ovt_buy_req"": ""0"", ""ovt_buy_req_pre"": ""0"", ""return_code"": 0, ""return_msg"": ""정상적으로 처리되었습니다""}"
2026-06-10,watchlist,000810,,0,filtered_candidate_recheck,623000,,623000,622000,623000,619000,-0.8025682182985553,0.16051364365971107,,,,,,"{""bid_req_base_tm"": ""114723"", ""sel_10th_pre_req_pre"": ""0"", ""sel_10th_pre_req"": ""3"", ""sel_10th_pre_bid"": ""-632000"", ""sel_9th_pre_req_pre"": ""0"", ""sel_9th_pre_req"": ""58"", ""sel_9th_pre_bid"": ""-631000"", ""sel_8th_pre_req_pre"": ""0"", ""sel_8th_pre_req"": ""48"", ""sel_8th_pre_bid"": ""-630000"", ""sel_7th_pre_req_pre"": ""0"", ""sel_7th_pre_req"": ""15"", ""sel_7th_pre_bid"": ""-629000"", ""sel_6th_pre_req_pre"": ""0"", ""sel_6th_pre_req"": ""27"", ""sel_6th_pre_bid"": ""-628000"", ""sel_5th_pre_req_pre"": ""0"", ""sel_5th_pre_req"": ""25"", ""sel_5th_pre_bid"": ""-627000"", ""sel_4th_pre_req_pre"": ""0"", ""sel_4th_pre_req"": ""24"", ""sel_4th_pre_bid"": ""-626000"", ""sel_3th_pre_req_pre"": ""0"", ""sel_3th_pre_req"": ""100"", ""sel_3th_pre_bid"": ""-625000"", ""sel_2th_pre_req_pre"": ""0"", ""sel_2th_pre_req"": ""194"", ""sel_2th_pre_bid"": ""-624000"", ""sel_1th_pre_req_pre"": ""+4"", ""sel_fpr_req"": ""979"", ""sel_fpr_bid"": ""-623000"", ""buy_fpr_bid"": ""-622000"", ""buy_fpr_req"": ""629"", ""buy_1th_pre_req_pre"": ""0"", ""buy_2th_pre_bid"": ""-621000"", ""buy_2th_pre_req"": ""26"", ""buy_2th_pre_req_pre"": ""0"", ""buy_3th_pre_bid"": ""-620000"", ""buy_3th_pre_req"": ""79"", ""buy_3th_pre_req_pre"": ""0"", ""buy_4th_pre_bid"": ""-619000"", ""buy_4th_pre_req"": ""32"", ""buy_4th_pre_req_pre"": ""0"", ""buy_5th_pre_bid"": ""-618000"", ""buy_5th_pre_req"": ""19"", ""buy_5th_pre_req_pre"": ""0"", ""buy_6th_pre_bid"": ""-617000"", ""buy_6th_pre_req"": ""36"", ""buy_6th_pre_req_pre"": ""0"", ""buy_7th_pre_bid"": ""-616000"", ""buy_7th_pre_req"": ""190"", ""buy_7th_pre_req_pre"": ""0"", ""buy_8th_pre_bid"": ""-615000"", ""buy_8th_pre_req"": ""24"", ""buy_8th_pre_req_pre"": ""0"", ""buy_9th_pre_bid"": ""-614000"", ""buy_9th_pre_req"": ""137"", ""buy_9th_pre_req_pre"": ""0"", ""buy_10th_pre_bid"": ""-613000"", ""buy_10th_pre_req"": ""44"", ""buy_10th_pre_req_pre"": ""0"", ""tot_sel_req_jub_pre"": ""+4"", ""tot_sel_req"": ""1473"", ""tot_buy_req"": ""1216"", ""tot_buy_req_jub_pre"": ""0"", ""ovt_sel_req_pre"": ""0"", ""ovt_sel_req"": ""0"", ""ovt_buy_req"": ""0"", ""ovt_buy_req_pre"": ""0"", ""return_code"": 0, ""return_msg"": ""정상적으로 처리되었습니다""}"
2026-06-10,watchlist,005930,,0,filtered_candidate_recheck,305500,,305500,305000,305500,306000,0.0,0.16366612111292964,,,,,,"{""bid_req_base_tm"": ""114725"", ""sel_10th_pre_req_pre"": ""0"", ""sel_10th_pre_req"": ""27633"", ""sel_10th_pre_bid"": ""-310000"", ""sel_9th_pre_req_pre"": ""0"", ""sel_9th_pre_req"": ""20985"", ""sel_9th_pre_bid"": ""-309500"", ""sel_8th_pre_req_pre"": ""0"", ""sel_8th_pre_req"": ""16606"", ""sel_8th_pre_bid"": ""-309000"", ""sel_7th_pre_req_pre"": ""0"", ""sel_7th_pre_req"": ""26186"", ""sel_7th_pre_bid"": ""-308500"", ""sel_6th_pre_req_pre"": ""0"", ""sel_6th_pre_req"": ""29981"", ""sel_6th_pre_bid"": ""-308000"", ""sel_5th_pre_req_pre"": ""0"", ""sel_5th_pre_req"": ""20126"", ""sel_5th_pre_bid"": ""-307500"", ""sel_4th_pre_req_pre"": ""0"", ""sel_4th_pre_req"": ""16844"", ""sel_4th_pre_bid"": ""-307000"", ""sel_3th_pre_req_pre"": ""0"", ""sel_3th_pre_req"": ""19013"", ""sel_3th_pre_bid"": ""-306500"", ""sel_2th_pre_req_pre"": ""0"", ""sel_2th_pre_req"": ""35079"", ""sel_2th_pre_bid"": ""-306000"", ""sel_1th_pre_req_pre"": ""--111"", ""sel_fpr_req"": ""16408"", ""sel_fpr_bid"": ""-305500"", ""buy_fpr_bid"": ""-305000"", ""buy_fpr_req"": ""10945"", ""buy_1th_pre_req_pre"": ""0"", ""buy_2th_pre_bid"": ""-304500"", ""buy_2th_pre_req"": ""15292"", ""buy_2th_pre_req_pre"": ""0"", ""buy_3th_pre_bid"": ""-304000"", ""buy_3th_pre_req"": ""18112"", ""buy_3th_pre_req_pre"": ""0"", ""buy_4th_pre_bid"": ""-303500"", ""buy_4th_pre_req"": ""30116"", ""buy_4th_pre_req_pre"": ""0"", ""buy_5th_pre_bid"": ""-303000"", ""buy_5th_pre_req"": ""110753"", ""buy_5th_pre_req_pre"": ""0"", ""buy_6th_pre_bid"": ""-302500"", ""buy_6th_pre_req"": ""53234"", ""buy_6th_pre_req_pre"": ""0"", ""buy_7th_pre_bid"": ""-302000"", ""buy_7th_pre_req"": ""62135"", ""buy_7th_pre_req_pre"": ""0"", ""buy_8th_pre_bid"": ""-301500"", ""buy_8th_pre_req"": ""48013"", ""buy_8th_pre_req_pre"": ""0"", ""buy_9th_pre_bid"": ""-301000"", ""buy_9th_pre_req"": ""103074"", ""buy_9th_pre_req_pre"": ""0"", ""buy_10th_pre_bid"": ""-300500"", ""buy_10th_pre_req"": ""140848"", ""buy_10th_pre_req_pre"": ""0"", ""tot_sel_req_jub_pre"": ""--111"", ""tot_sel_req"": ""228861"", ""tot_buy_req"": ""592522"", ""tot_buy_req_jub_pre"": ""0"", ""ovt_sel_req_pre"": ""0"", ""ovt_sel_req"": ""0"", ""ovt_buy_req"": ""0"", ""ovt_buy_req_pre"": ""0"", ""return_code"": 0, ""return_msg"": ""정상적으로 처리되었습니다""}"
2026-06-10,watchlist,000370,,0,filtered_candidate_recheck,6460,,6460,6450,6460,6480,0.15479876160990713,0.15479876160990713,,,,,,"{""bid_req_base_tm"": ""114722"", ""sel_10th_pre_req_pre"": ""0"", ""sel_10th_pre_req"": ""104"", ""sel_10th_pre_bid"": ""+6560"", ""sel_9th_pre_req_pre"": ""0"", ""sel_9th_pre_req"": ""32"", ""sel_9th_pre_bid"": ""+6550"", ""sel_8th_pre_req_pre"": ""0"", ""sel_8th_pre_req"": ""1028"", ""sel_8th_pre_bid"": ""+6540"", ""sel_7th_pre_req_pre"": ""0"", ""sel_7th_pre_req"": ""23"", ""sel_7th_pre_bid"": ""+6520"", ""sel_6th_pre_req_pre"": ""0"", ""sel_6th_pre_req"": ""757"", ""sel_6th_pre_bid"": ""+6510"", ""sel_5th_pre_req_pre"": ""0"", ""sel_5th_pre_req"": ""2303"", ""sel_5th_pre_bid"": ""+6500"", ""sel_4th_pre_req_pre"": ""0"", ""sel_4th_pre_req"": ""202"", ""sel_4th_pre_bid"": ""+6490"", ""sel_3th_pre_req_pre"": ""0"", ""sel_3th_pre_req"": ""20"", ""sel_3th_pre_bid"": ""+6480"", ""sel_2th_pre_req_pre"": ""--54"", ""sel_2th_pre_req"": ""284"", ""sel_2th_pre_bid"": ""+6470"", ""sel_1th_pre_req_pre"": ""0"", ""sel_fpr_req"": ""2"", ""sel_fpr_bid"": ""+6460"", ""buy_fpr_bid"": ""6450"", ""buy_fpr_req"": ""470"", ""buy_1th_pre_req_pre"": ""0"", ""buy_2th_pre_bid"": ""-6440"", ""buy_2th_pre_req"": ""656"", ""buy_2th_pre_req_pre"": ""0"", ""buy_3th_pre_bid"": ""-6430"", ""buy_3th_pre_req"": ""1630"", ""buy_3th_pre_req_pre"": ""0"", ""buy_4th_pre_bid"": ""-6420"", ""buy_4th_pre_req"": ""261"", ""buy_4th_pre_req_pre"": ""0"", ""buy_5th_pre_bid"": ""-6410"", ""buy_5th_pre_req"": ""1442"", ""buy_5th_pre_req_pre"": ""0"", ""buy_6th_pre_bid"": ""-6400"", ""buy_6th_pre_req"": ""5400"", ""buy_6th_pre_req_pre"": ""0"", ""buy_7th_pre_bid"": ""-6390"", ""buy_7th_pre_req"": ""663"", ""buy_7th_pre_req_pre"": ""0"", ""buy_8th_pre_bid"": ""-6380"", ""buy_8th_pre_req"": ""48"", ""buy_8th_pre_req_pre"": ""0"", ""buy_9th_pre_bid"": ""-6370"", ""buy_9th_pre_req"": ""3220"", ""buy_9th_pre_req_pre"": ""0"", ""buy_10th_pre_bid"": ""-6360"", ""buy_10th_pre_req"": ""1118"", ""buy_10th_pre_req_pre"": ""0"", ""tot_sel_req_jub_pre"": ""--54"", ""tot_sel_req"": ""4755"", ""tot_buy_req"": ""14908"", ""tot_buy_req_jub_pre"": ""0"", ""ovt_sel_req_pre"": ""0"", ""ovt_sel_req"": ""0"", ""ovt_buy_req"": ""0"", ""ovt_buy_req_pre"": ""0"", ""return_code"": 0, ""return_msg"": ""정상적으로 처리되었습니다""}"
2026-06-10,watchlist,064400,,0,filtered_candidate_recheck,94900,,94900,94800,94900,94900,-0.10537407797681769,0.10537407797681769,,,,,,"{""bid_req_base_tm"": ""114725"", ""sel_10th_pre_req_pre"": ""0"", ""sel_10th_pre_req"": ""780"", ""sel_10th_pre_bid"": ""-95800"", ""sel_9th_pre_req_pre"": ""0"", ""sel_9th_pre_req"": ""258"", ""sel_9th_pre_bid"": ""-95700"", ""sel_8th_pre_req_pre"": ""0"", ""sel_8th_pre_req"": ""1016"", ""sel_8th_pre_bid"": ""-95600"", ""sel_7th_pre_req_pre"": ""0"", ""sel_7th_pre_req"": ""404"", ""sel_7th_pre_bid"": ""-95500"", ""sel_6th_pre_req_pre"": ""0"", ""sel_6th_pre_req"": ""222"", ""sel_6th_pre_bid"": ""-95400"", ""sel_5th_pre_req_pre"": ""0"", ""sel_5th_pre_req"": ""289"", ""sel_5th_pre_bid"": ""-95300"", ""sel_4th_pre_req_pre"": ""0"", ""sel_4th_pre_req"": ""776"", ""sel_4th_pre_bid"": ""-95200"", ""sel_3th_pre_req_pre"": ""0"", ""sel_3th_pre_req"": ""107"", ""sel_3th_pre_bid"": ""-95100"", ""sel_2th_pre_req_pre"": ""0"", ""sel_2th_pre_req"": ""1496"", ""sel_2th_pre_bid"": ""-95000"", ""sel_1th_pre_req_pre"": ""0"", ""sel_fpr_req"": ""667"", ""sel_fpr_bid"": ""-94900"", ""buy_fpr_bid"": ""-94800"", ""buy_fpr_req"": ""159"", ""buy_1th_pre_req_pre"": ""+19"", ""buy_2th_pre_bid"": ""-94700"", ""buy_2th_pre_req"": ""379"", ""buy_2th_pre_req_pre"": ""0"", ""buy_3th_pre_bid"": ""-94600"", ""buy_3th_pre_req"": ""392"", ""buy_3th_pre_req_pre"": ""0"", ""buy_4th_pre_bid"": ""-94500"", ""buy_4th_pre_req"": ""1062"", ""buy_4th_pre_req_pre"": ""0"", ""buy_5th_pre_bid"": ""-94400"", ""buy_5th_pre_req"": ""327"", ""buy_5th_pre_req_pre"": ""0"", ""buy_6th_pre_bid"": ""-94300"", ""buy_6th_pre_req"": ""539"", ""buy_6th_pre_req_pre"": ""0"", ""buy_7th_pre_bid"": ""-94200"", ""buy_7th_pre_req"": ""1224"", ""buy_7th_pre_req_pre"": ""0"", ""buy_8th_pre_bid"": ""-94100"", ""buy_8th_pre_req"": ""1009"", ""buy_8th_pre_req_pre"": ""0"", ""buy_9th_pre_bid"": ""-94000"", ""buy_9th_pre_req"": ""6131"", ""buy_9th_pre_req_pre"": ""0"", ""buy_10th_pre_bid"": ""-93900"", ""buy_10th_pre_req"": ""827"", ""buy_10th_pre_req_pre"": ""0"", ""tot_sel_req_jub_pre"": ""0"", ""tot_sel_req"": ""6015"", ""tot_buy_req"": ""12049"", ""tot_buy_req_jub_pre"": ""+19"", ""ovt_sel_req_pre"": ""0"", ""ovt_sel_req"": ""0"", ""ovt_buy_req"": ""0"", ""ovt_buy_req_pre"": ""0"", ""return_code"": 0, ""return_msg"": ""정상적으로 처리되었습니다""}"
2026-06-10,watchlist,009420,,1,filtered_candidate_recheck,49800,,49800,49750,49800,50000,0.2008032128514056,0.1004016064257028,,,,,,"{""bid_req_base_tm"": ""114713"", ""sel_10th_pre_req_pre"": ""0"", ""sel_10th_pre_req"": ""28"", ""sel_10th_pre_bid"": ""-50600"", ""sel_9th_pre_req_pre"": ""0"", ""sel_9th_pre_req"": ""118"", ""sel_9th_pre_bid"": ""-50500"", ""sel_8th_pre_req_pre"": ""0"", ""sel_8th_pre_req"": ""216"", ""sel_8th_pre_bid"": ""-50400"", ""sel_7th_pre_req_pre"": ""0"", ""sel_7th_pre_req"": ""62"", ""sel_7th_pre_bid"": ""-50300"", ""sel_6th_pre_req_pre"": ""0"", ""sel_6th_pre_req"": ""5"", ""sel_6th_pre_bid"": ""-50200"", ""sel_5th_pre_req_pre"": ""0"", ""sel_5th_pre_req"": ""14"", ""sel_5th_pre_bid"": ""-50100"", ""sel_4th_pre_req_pre"": ""0"", ""sel_4th_pre_req"": ""53"", ""sel_4th_pre_bid"": ""-50000"", ""sel_3th_pre_req_pre"": ""0"", ""sel_3th_pre_req"": ""63"", ""sel_3th_pre_bid"": ""-49900"", ""sel_2th_pre_req_pre"": ""0"", ""sel_2th_pre_req"": ""41"", ""sel_2th_pre_bid"": ""-49850"", ""sel_1th_pre_req_pre"": ""0"", ""sel_fpr_req"": ""141"", ""sel_fpr_bid"": ""-49800"", ""buy_fpr_bid"": ""-49750"", ""buy_fpr_req"": ""58"", ""buy_1th_pre_req_pre"": ""+12"", ""buy_2th_pre_bid"": ""-49700"", ""buy_2th_pre_req"": ""92"", ""buy_2th_pre_req_pre"": ""0"", ""buy_3th_pre_bid"": ""-49650"", ""buy_3th_pre_req"": ""111"", ""buy_3th_pre_req_pre"": ""0"", ""buy_4th_pre_bid"": ""-49600"", ""buy_4th_pre_req"": ""115"", ""buy_4th_pre_req_pre"": ""0"", ""buy_5th_pre_bid"": ""-49550"", ""buy_5th_pre_req"": ""129"", ""buy_5th_pre_req_pre"": ""0"", ""buy_6th_pre_bid"": ""-49500"", ""buy_6th_pre_req"": ""566"", ""buy_6th_pre_req_pre"": ""0"", ""buy_7th_pre_bid"": ""-49450"", ""buy_7th_pre_req"": ""173"", ""buy_7th_pre_req_pre"": ""0"", ""buy_8th_pre_bid"": ""-49400"", ""buy_8th_pre_req"": ""149"", ""buy_8th_pre_req_pre"": ""0"", ""buy_9th_pre_bid"": ""-49350"", ""buy_9th_pre_req"": ""53"", ""buy_9th_pre_req_pre"": ""0"", ""buy_10th_pre_bid"": ""-49300"", ""buy_10th_pre_req"": ""102"", ""buy_10th_pre_req_pre"": ""0"", ""tot_sel_req_jub_pre"": ""0"", ""tot_sel_req"": ""741"", ""tot_buy_req"": ""1548"", ""tot_buy_req_jub_pre"": ""+12"", ""ovt_sel_req_pre"": ""0"", ""ovt_sel_req"": ""0"", ""ovt_buy_req"": ""0"", ""ovt_buy_req_pre"": ""0"", ""return_code"": 0, ""return_msg"": ""정상적으로 처리되었습니다""}"
2026-06-10,watchlist,383220,,0,filtered_candidate_recheck,76100,,76100,75900,76100,76000,-0.2628120893561104,0.2628120893561104,,,,,,"{""bid_req_base_tm"": ""114720"", ""sel_10th_pre_req_pre"": ""0"", ""sel_10th_pre_req"": ""78"", ""sel_10th_pre_bid"": ""+77100"", ""sel_9th_pre_req_pre"": ""0"", ""sel_9th_pre_req"": ""74"", ""sel_9th_pre_bid"": ""+77000"", ""sel_8th_pre_req_pre"": ""0"", ""sel_8th_pre_req"": ""106"", ""sel_8th_pre_bid"": ""+76900"", ""sel_7th_pre_req_pre"": ""0"", ""sel_7th_pre_req"": ""30"", ""sel_7th_pre_bid"": ""+76800"", ""sel_6th_pre_req_pre"": ""0"", ""sel_6th_pre_req"": ""9"", ""sel_6th_pre_bid"": ""+76700"", ""sel_5th_pre_req_pre"": ""0"", ""sel_5th_pre_req"": ""27"", ""sel_5th_pre_bid"": ""+76600"", ""sel_4th_pre_req_pre"": ""0"", ""sel_4th_pre_req"": ""6"", ""sel_4th_pre_bid"": ""+76400"", ""sel_3th_pre_req_pre"": ""0"", ""sel_3th_pre_req"": ""12"", ""sel_3th_pre_bid"": ""+76300"", ""sel_2th_pre_req_pre"": ""--2"", ""sel_2th_pre_req"": ""28"", ""sel_2th_pre_bid"": ""+76200"", ""sel_1th_pre_req_pre"": ""+2"", ""sel_fpr_req"": ""43"", ""sel_fpr_bid"": ""+76100"", ""buy_fpr_bid"": ""+75900"", ""buy_fpr_req"": ""69"", ""buy_1th_pre_req_pre"": ""0"", ""buy_2th_pre_bid"": ""+75800"", ""buy_2th_pre_req"": ""27"", ""buy_2th_pre_req_pre"": ""0"", ""buy_3th_pre_bid"": ""+75700"", ""buy_3th_pre_req"": ""112"", ""buy_3th_pre_req_pre"": ""0"", ""buy_4th_pre_bid"": ""+75600"", ""buy_4th_pre_req"": ""10"", ""buy_4th_pre_req_pre"": ""0"", ""buy_5th_pre_bid"": ""+75500"", ""buy_5th_pre_req"": ""93"", ""buy_5th_pre_req_pre"": ""0"", ""buy_6th_pre_bid"": ""+75400"", ""buy_6th_pre_req"": ""29"", ""buy_6th_pre_req_pre"": ""0"", ""buy_7th_pre_bid"": ""+75300"", ""buy_7th_pre_req"": ""1"", ""buy_7th_pre_req_pre"": ""0"", ""buy_8th_pre_bid"": ""+75200"", ""buy_8th_pre_req"": ""10"", ""buy_8th_pre_req_pre"": ""0"", ""buy_9th_pre_bid"": ""+75000"", ""buy_9th_pre_req"": ""2"", ""buy_9th_pre_req_pre"": ""0"", ""buy_10th_pre_bid"": ""+74900"", ""buy_10th_pre_req"": ""10"", ""buy_10th_pre_req_pre"": ""0"", ""tot_sel_req_jub_pre"": ""0"", ""tot_sel_req"": ""413"", ""tot_buy_req"": ""363"", ""tot_buy_req_jub_pre"": ""0"", ""ovt_sel_req_pre"": ""0"", ""ovt_sel_req"": ""0"", ""ovt_buy_req"": ""0"", ""ovt_buy_req_pre"": ""0"", ""return_code"": 0, ""return_msg"": ""정상적으로 처리되었습니다""}"
2026-06-10,watchlist,004170,,0,filtered_candidate_recheck,679000,,679000,678000,679000,680000,0.0,0.14727540500736377,,,,,,"{""bid_req_base_tm"": ""114725"", ""sel_10th_pre_req_pre"": ""0"", ""sel_10th_pre_req"": ""64"", ""sel_10th_pre_bid"": ""+688000"", ""sel_9th_pre_req_pre"": ""0"", ""sel_9th_pre_req"": ""10"", ""sel_9th_pre_bid"": ""+687000"", ""sel_8th_pre_req_pre"": ""0"", ""sel_8th_pre_req"": ""6"", ""sel_8th_pre_bid"": ""+686000"", ""sel_7th_pre_req_pre"": ""0"", ""sel_7th_pre_req"": ""21"", ""sel_7th_pre_bid"": ""+685000"", ""sel_6th_pre_req_pre"": ""0"", ""sel_6th_pre_req"": ""15"", ""sel_6th_pre_bid"": ""+684000"", ""sel_5th_pre_req_pre"": ""0"", ""sel_5th_pre_req"": ""9"", ""sel_5th_pre_bid"": ""+683000"", ""sel_4th_pre_req_pre"": ""0"", ""sel_4th_pre_req"": ""9"", ""sel_4th_pre_bid"": ""+682000"", ""sel_3th_pre_req_pre"": ""0"", ""sel_3th_pre_req"": ""14"", ""sel_3th_pre_bid"": ""+681000"", ""sel_2th_pre_req_pre"": ""0"", ""sel_2th_pre_req"": ""30"", ""sel_2th_pre_bid"": ""+680000"", ""sel_1th_pre_req_pre"": ""0"", ""sel_fpr_req"": ""54"", ""sel_fpr_bid"": ""+679000"", ""buy_fpr_bid"": ""+678000"", ""buy_fpr_req"": ""15"", ""buy_1th_pre_req_pre"": ""0"", ""buy_2th_pre_bid"": ""+677000"", ""buy_2th_pre_req"": ""13"", ""buy_2th_pre_req_pre"": ""0"", ""buy_3th_pre_bid"": ""+676000"", ""buy_3th_pre_req"": ""16"", ""buy_3th_pre_req_pre"": ""0"", ""buy_4th_pre_bid"": ""+675000"", ""buy_4th_pre_req"": ""97"", ""buy_4th_pre_req_pre"": ""0"", ""buy_5th_pre_bid"": ""+674000"", ""buy_5th_pre_req"": ""22"", ""buy_5th_pre_req_pre"": ""0"", ""buy_6th_pre_bid"": ""+673000"", ""buy_6th_pre_req"": ""102"", ""buy_6th_pre_req_pre"": ""0"", ""buy_7th_pre_bid"": ""+672000"", ""buy_7th_pre_req"": ""12"", ""buy_7th_pre_req_pre"": ""0"", ""buy_8th_pre_bid"": ""+671000"", ""buy_8th_pre_req"": ""45"", ""buy_8th_pre_req_pre"": ""0"", ""buy_9th_pre_bid"": ""+670000"", ""buy_9th_pre_req"": ""573"", ""buy_9th_pre_req_pre"": ""0"", ""buy_10th_pre_bid"": ""+669000"", ""buy_10th_pre_req"": ""161"", ""buy_10th_pre_req_pre"": ""0"", ""tot_sel_req_jub_pre"": ""0"", ""tot_sel_req"": ""232"", ""tot_buy_req"": ""1056"", ""tot_buy_req_jub_pre"": ""0"", ""ovt_sel_req_pre"": ""0"", ""ovt_sel_req"": ""0"", ""ovt_buy_req"": ""0"", ""ovt_buy_req_pre"": ""0"", ""return_code"": 0, ""return_msg"": ""정상적으로 처리되었습니다""}"
2026-06-10,watchlist,018260,,1,filtered_candidate_recheck,232500,,232500,232000,232500,233500,0.21505376344086022,0.21505376344086022,,,,,,"{""bid_req_base_tm"": ""114726"", ""sel_10th_pre_req_pre"": ""0"", ""sel_10th_pre_req"": ""961"", ""sel_10th_pre_bid"": ""-237000"", ""sel_9th_pre_req_pre"": ""0"", ""sel_9th_pre_req"": ""238"", ""sel_9th_pre_bid"": ""-236500"", ""sel_8th_pre_req_pre"": ""0"", ""sel_8th_pre_req"": ""305"", ""sel_8th_pre_bid"": ""-236000"", ""sel_7th_pre_req_pre"": ""0"", ""sel_7th_pre_req"": ""221"", ""sel_7th_pre_bid"": ""-235500"", ""sel_6th_pre_req_pre"": ""0"", ""sel_6th_pre_req"": ""306"", ""sel_6th_pre_bid"": ""-235000"", ""sel_5th_pre_req_pre"": ""0"", ""sel_5th_pre_req"": ""172"", ""sel_5th_pre_bid"": ""-234500"", ""sel_4th_pre_req_pre"": ""+2"", ""sel_4th_pre_req"": ""154"", ""sel_4th_pre_bid"": ""-234000"", ""sel_3th_pre_req_pre"": ""0"", ""sel_3th_pre_req"": ""206"", ""sel_3th_pre_bid"": ""-233500"", ""sel_2th_pre_req_pre"": ""0"", ""sel_2th_pre_req"": ""222"", ""sel_2th_pre_bid"": ""-233000"", ""sel_1th_pre_req_pre"": ""0"", ""sel_fpr_req"": ""393"", ""sel_fpr_bid"": ""-232500"", ""buy_fpr_bid"": ""-232000"", ""buy_fpr_req"": ""238"", ""buy_1th_pre_req_pre"": ""0"", ""buy_2th_pre_bid"": ""-231500"", ""buy_2th_pre_req"": ""415"", ""buy_2th_pre_req_pre"": ""0"", ""buy_3th_pre_bid"": ""-231000"", ""buy_3th_pre_req"": ""766"", ""buy_3th_pre_req_pre"": ""0"", ""buy_4th_pre_bid"": ""-230500"", ""buy_4th_pre_req"": ""3049"", ""buy_4th_pre_req_pre"": ""0"", ""buy_5th_pre_bid"": ""-230000"", ""buy_5th_pre_req"": ""5529"", ""buy_5th_pre_req_pre"": ""0"", ""buy_6th_pre_bid"": ""-229500"", ""buy_6th_pre_req"": ""3698"", ""buy_6th_pre_req_pre"": ""0"", ""buy_7th_pre_bid"": ""-229000"", ""buy_7th_pre_req"": ""1060"", ""buy_7th_pre_req_pre"": ""0"", ""buy_8th_pre_bid"": ""-228500"", ""buy_8th_pre_req"": ""1062"", ""buy_8th_pre_req_pre"": ""0"", ""buy_9th_pre_bid"": ""-228000"", ""buy_9th_pre_req"": ""2217"", ""buy_9th_pre_req_pre"": ""0"", ""buy_10th_pre_bid"": ""-227500"", ""buy_10th_pre_req"": ""1748"", ""buy_10th_pre_req_pre"": ""0"", ""tot_sel_req_jub_pre"": ""+2"", ""tot_sel_req"": ""3178"", ""tot_buy_req"": ""19782"", ""tot_buy_req_jub_pre"": ""0"", ""ovt_sel_req_pre"": ""0"", ""ovt_sel_req"": ""0"", ""ovt_buy_req"": ""0"", ""ovt_buy_req_pre"": ""0"", ""return_code"": 0, ""return_msg"": ""정상적으로 처리되었습니다""}"
2026-06-10,watchlist,161390,,0,filtered_candidate_recheck,70900,,70900,70800,70900,71300,0.4231311706629055,0.14104372355430184,,,,,,"{""bid_req_base_tm"": ""114725"", ""sel_10th_pre_req_pre"": ""0"", ""sel_10th_pre_req"": ""133"", ""sel_10th_pre_bid"": ""-71800"", ""sel_9th_pre_req_pre"": ""0"", ""sel_9th_pre_req"": ""10"", ""sel_9th_pre_bid"": ""-71700"", ""sel_8th_pre_req_pre"": ""0"", ""sel_8th_pre_req"": ""2"", ""sel_8th_pre_bid"": ""-71600"", ""sel_7th_pre_req_pre"": ""0"", ""sel_7th_pre_req"": ""57"", ""sel_7th_pre_bid"": ""-71500"", ""sel_6th_pre_req_pre"": ""0"", ""sel_6th_pre_req"": ""31"", ""sel_6th_pre_bid"": ""-71400"", ""sel_5th_pre_req_pre"": ""0"", ""sel_5th_pre_req"": ""52"", ""sel_5th_pre_bid"": ""-71300"", ""sel_4th_pre_req_pre"": ""0"", ""sel_4th_pre_req"": ""270"", ""sel_4th_pre_bid"": ""-71200"", ""sel_3th_pre_req_pre"": ""0"", ""sel_3th_pre_req"": ""652"", ""sel_3th_pre_bid"": ""-71100"", ""sel_2th_pre_req_pre"": ""0"", ""sel_2th_pre_req"": ""1054"", ""sel_2th_pre_bid"": ""-71000"", ""sel_1th_pre_req_pre"": ""+2"", ""sel_fpr_req"": ""612"", ""sel_fpr_bid"": ""-70900"", ""buy_fpr_bid"": ""-70800"", ""buy_fpr_req"": ""4061"", ""buy_1th_pre_req_pre"": ""0"", ""buy_2th_pre_bid"": ""-70700"", ""buy_2th_pre_req"": ""206"", ""buy_2th_pre_req_pre"": ""0"", ""buy_3th_pre_bid"": ""-70600"", ""buy_3th_pre_req"": ""40"", ""buy_3th_pre_req_pre"": ""0"", ""buy_4th_pre_bid"": ""-70500"", ""buy_4th_pre_req"": ""363"", ""buy_4th_pre_req_pre"": ""0"", ""buy_5th_pre_bid"": ""-70400"", ""buy_5th_pre_req"": ""396"", ""buy_5th_pre_req_pre"": ""0"", ""buy_6th_pre_bid"": ""-70300"", ""buy_6th_pre_req"": ""193"", ""buy_6th_pre_req_pre"": ""0"", ""buy_7th_pre_bid"": ""-70200"", ""buy_7th_pre_req"": ""230"", ""buy_7th_pre_req_pre"": ""0"", ""buy_8th_pre_bid"": ""-70100"", ""buy_8th_pre_req"": ""197"", ""buy_8th_pre_req_pre"": ""0"", ""buy_9th_pre_bid"": ""-70000"", ""buy_9th_pre_req"": ""533"", ""buy_9th_pre_req_pre"": ""0"", ""buy_10th_pre_bid"": ""-69900"", ""buy_10th_pre_req"": ""137"", ""buy_10th_pre_req_pre"": ""0"", ""tot_sel_req_jub_pre"": ""+2"", ""tot_sel_req"": ""2873"", ""tot_buy_req"": ""6356"", ""tot_buy_req_jub_pre"": ""0"", ""ovt_sel_req_pre"": ""0"", ""ovt_sel_req"": ""0"", ""ovt_buy_req"": ""0"", ""ovt_buy_req_pre"": ""0"", ""return_code"": 0, ""return_msg"": ""정상적으로 처리되었습니다""}"
2026-06-10,watchlist,078930,,0,filtered_candidate_recheck,73600,,73600,73500,73600,73500,-0.2717391304347826,0.1358695652173913,,,,,,"{""bid_req_base_tm"": ""114726"", ""sel_10th_pre_req_pre"": ""0"", ""sel_10th_pre_req"": ""387"", ""sel_10th_pre_bid"": ""+74500"", ""sel_9th_pre_req_pre"": ""0"", ""sel_9th_pre_req"": ""108"", ""sel_9th_pre_bid"": ""+74400"", ""sel_8th_pre_req_pre"": ""0"", ""sel_8th_pre_req"": ""121"", ""sel_8th_pre_bid"": ""+74300"", ""sel_7th_pre_req_pre"": ""0"", ""sel_7th_pre_req"": ""40"", ""sel_7th_pre_bid"": ""+74200"", ""sel_6th_pre_req_pre"": ""0"", ""sel_6th_pre_req"": ""17"", ""sel_6th_pre_bid"": ""+74100"", ""sel_5th_pre_req_pre"": ""0"", ""sel_5th_pre_req"": ""22"", ""sel_5th_pre_bid"": ""+74000"", ""sel_4th_pre_req_pre"": ""0"", ""sel_4th_pre_req"": ""585"", ""sel_4th_pre_bid"": ""+73900"", ""sel_3th_pre_req_pre"": ""0"", ""sel_3th_pre_req"": ""25"", ""sel_3th_pre_bid"": ""73800"", ""sel_2th_pre_req_pre"": ""0"", ""sel_2th_pre_req"": ""76"", ""sel_2th_pre_bid"": ""-73700"", ""sel_1th_pre_req_pre"": ""0"", ""sel_fpr_req"": ""166"", ""sel_fpr_bid"": ""-73600"", ""buy_fpr_bid"": ""-73500"", ""buy_fpr_req"": ""402"", ""buy_1th_pre_req_pre"": ""0"", ""buy_2th_pre_bid"": ""-73400"", ""buy_2th_pre_req"": ""274"", ""buy_2th_pre_req_pre"": ""0"", ""buy_3th_pre_bid"": ""-73300"", ""buy_3th_pre_req"": ""98"", ""buy_3th_pre_req_pre"": ""0"", ""buy_4th_pre_bid"": ""-73200"", ""buy_4th_pre_req"": ""138"", ""buy_4th_pre_req_pre"": ""0"", ""buy_5th_pre_bid"": ""-73100"", ""buy_5th_pre_req"": ""114"", ""buy_5th_pre_req_pre"": ""+50"", ""buy_6th_pre_bid"": ""-73000"", ""buy_6th_pre_req"": ""5"", ""buy_6th_pre_req_pre"": ""--50"", ""buy_7th_pre_bid"": ""-72900"", ""buy_7th_pre_req"": ""10"", ""buy_7th_pre_req_pre"": ""0"", ""buy_8th_pre_bid"": ""-72800"", ""buy_8th_pre_req"": ""2"", ""buy_8th_pre_req_pre"": ""0"", ""buy_9th_pre_bid"": ""-72700"", ""buy_9th_pre_req"": ""51"", ""buy_9th_pre_req_pre"": ""0"", ""buy_10th_pre_bid"": ""-72600"", ""buy_10th_pre_req"": ""50"", ""buy_10th_pre_req_pre"": ""0"", ""tot_sel_req_jub_pre"": ""0"", ""tot_sel_req"": ""1547"", ""tot_buy_req"": ""1144"", ""tot_buy_req_jub_pre"": ""0"", ""ovt_sel_req_pre"": ""0"", ""ovt_sel_req"": ""0"", ""ovt_buy_req"": ""0"", ""ovt_buy_req_pre"": ""0"", ""return_code"": 0, ""return_msg"": ""정상적으로 처리되었습니다""}"
2026-06-10,watchlist,462870,,0,filtered_candidate_recheck,31500,,31500,31450,31500,31300,-0.7936507936507936,0.15873015873015872,,,,,,"{""bid_req_base_tm"": ""114726"", ""sel_10th_pre_req_pre"": ""0"", ""sel_10th_pre_req"": ""850"", ""sel_10th_pre_bid"": ""-31950"", ""sel_9th_pre_req_pre"": ""0"", ""sel_9th_pre_req"": ""156"", ""sel_9th_pre_bid"": ""-31900"", ""sel_8th_pre_req_pre"": ""0"", ""sel_8th_pre_req"": ""85"", ""sel_8th_pre_bid"": ""-31850"", ""sel_7th_pre_req_pre"": ""0"", ""sel_7th_pre_req"": ""88"", ""sel_7th_pre_bid"": ""-31800"", ""sel_6th_pre_req_pre"": ""0"", ""sel_6th_pre_req"": ""21"", ""sel_6th_pre_bid"": ""-31750"", ""sel_5th_pre_req_pre"": ""0"", ""sel_5th_pre_req"": ""12"", ""sel_5th_pre_bid"": ""-31700"", ""sel_4th_pre_req_pre"": ""0"", ""sel_4th_pre_req"": ""683"", ""sel_4th_pre_bid"": ""-31650"", ""sel_3th_pre_req_pre"": ""0"", ""sel_3th_pre_req"": ""142"", ""sel_3th_pre_bid"": ""-31600"", ""sel_2th_pre_req_pre"": ""0"", ""sel_2th_pre_req"": ""224"", ""sel_2th_pre_bid"": ""-31550"", ""sel_1th_pre_req_pre"": ""--2"", ""sel_fpr_req"": ""89"", ""sel_fpr_bid"": ""-31500"", ""buy_fpr_bid"": ""-31450"", ""buy_fpr_req"": ""1"", ""buy_1th_pre_req_pre"": ""0"", ""buy_2th_pre_bid"": ""-31400"", ""buy_2th_pre_req"": ""38"", ""buy_2th_pre_req_pre"": ""0"", ""buy_3th_pre_bid"": ""-31350"", ""buy_3th_pre_req"": ""35"", ""buy_3th_pre_req_pre"": ""0"", ""buy_4th_pre_bid"": ""-31300"", ""buy_4th_pre_req"": ""10"", ""buy_4th_pre_req_pre"": ""0"", ""buy_5th_pre_bid"": ""-31250"", ""buy_5th_pre_req"": ""21"", ""buy_5th_pre_req_pre"": ""0"", ""buy_6th_pre_bid"": ""-31200"", ""buy_6th_pre_req"": ""17"", ""buy_6th_pre_req_pre"": ""0"", ""buy_7th_pre_bid"": ""-31150"", ""buy_7th_pre_req"": ""21"", ""buy_7th_pre_req_pre"": ""0"", ""buy_8th_pre_bid"": ""-31100"", ""buy_8th_pre_req"": ""16"", ""buy_8th_pre_req_pre"": ""0"", ""buy_9th_pre_bid"": ""-31050"", ""buy_9th_pre_req"": ""137"", ""buy_9th_pre_req_pre"": ""0"", ""buy_10th_pre_bid"": ""-31000"", ""buy_10th_pre_req"": ""184"", ""buy_10th_pre_req_pre"": ""0"", ""tot_sel_req_jub_pre"": ""--2"", ""tot_sel_req"": ""2350"", ""tot_buy_req"": ""480"", ""tot_buy_req_jub_pre"": ""0"", ""ovt_sel_req_pre"": ""0"", ""ovt_sel_req"": ""0"", ""ovt_buy_req"": ""0"", ""ovt_buy_req_pre"": ""0"", ""return_code"": 0, ""return_msg"": ""정상적으로 처리되었습니다""}"
2026-06-10,watchlist,055550,,0,filtered_candidate_recheck,98100,,98100,98000,98100,98100,-0.10193679918450561,0.10193679918450561,,,,,,"{""bid_req_base_tm"": ""114727"", ""sel_10th_pre_req_pre"": ""0"", ""sel_10th_pre_req"": ""505"", ""sel_10th_pre_bid"": ""-99000"", ""sel_9th_pre_req_pre"": ""0"", ""sel_9th_pre_req"": ""825"", ""sel_9th_pre_bid"": ""-98900"", ""sel_8th_pre_req_pre"": ""0"", ""sel_8th_pre_req"": ""101"", ""sel_8th_pre_bid"": ""-98800"", ""sel_7th_pre_req_pre"": ""0"", ""sel_7th_pre_req"": ""160"", ""sel_7th_pre_bid"": ""-98700"", ""sel_6th_pre_req_pre"": ""0"", ""sel_6th_pre_req"": ""10"", ""sel_6th_pre_bid"": ""-98600"", ""sel_5th_pre_req_pre"": ""0"", ""sel_5th_pre_req"": ""98"", ""sel_5th_pre_bid"": ""-98500"", ""sel_4th_pre_req_pre"": ""0"", ""sel_4th_pre_req"": ""900"", ""sel_4th_pre_bid"": ""-98400"", ""sel_3th_pre_req_pre"": ""0"", ""sel_3th_pre_req"": ""141"", ""sel_3th_pre_bid"": ""-98300"", ""sel_2th_pre_req_pre"": ""0"", ""sel_2th_pre_req"": ""2958"", ""sel_2th_pre_bid"": ""-98200"", ""sel_1th_pre_req_pre"": ""+122"", ""sel_fpr_req"": ""1466"", ""sel_fpr_bid"": ""-98100"", ""buy_fpr_bid"": ""-98000"", ""buy_fpr_req"": ""1834"", ""buy_1th_pre_req_pre"": ""0"", ""buy_2th_pre_bid"": ""-97900"", ""buy_2th_pre_req"": ""751"", ""buy_2th_pre_req_pre"": ""0"", ""buy_3th_pre_bid"": ""-97800"", ""buy_3th_pre_req"": ""416"", ""buy_3th_pre_req_pre"": ""0"", ""buy_4th_pre_bid"": ""-97700"", ""buy_4th_pre_req"": ""498"", ""buy_4th_pre_req_pre"": ""0"", ""buy_5th_pre_bid"": ""-97600"", ""buy_5th_pre_req"": ""564"", ""buy_5th_pre_req_pre"": ""0"", ""buy_6th_pre_bid"": ""-97500"", ""buy_6th_pre_req"": ""1117"", ""buy_6th_pre_req_pre"": ""0"", ""buy_7th_pre_bid"": ""-97400"", ""buy_7th_pre_req"": ""118"", ""buy_7th_pre_req_pre"": ""0"", ""buy_8th_pre_bid"": ""-97300"", ""buy_8th_pre_req"": ""1831"", ""buy_8th_pre_req_pre"": ""0"", ""buy_9th_pre_bid"": ""-97200"", ""buy_9th_pre_req"": ""196"", ""buy_9th_pre_req_pre"": ""0"", ""buy_10th_pre_bid"": ""-97100"", ""buy_10th_pre_req"": ""1900"", ""buy_10th_pre_req_pre"": ""0"", ""tot_sel_req_jub_pre"": ""+122"", ""tot_sel_req"": ""7164"", ""tot_buy_req"": ""9225"", ""tot_buy_req_jub_pre"": ""0"", ""ovt_sel_req_pre"": ""0"", ""ovt_sel_req"": ""0"", ""ovt_buy_req"": ""0"", ""ovt_buy_req_pre"": ""0"", ""return_code"": 0, ""return_msg"": ""정상적으로 처리되었습니다""}"
2026-06-10,watchlist,192080,,1,filtered_candidate_recheck,71600,,71600,71500,71600,71600,-0.13966480446927373,0.13966480446927373,,,,,,"{""bid_req_base_tm"": ""114727"", ""sel_10th_pre_req_pre"": ""0"", ""sel_10th_pre_req"": ""161"", ""sel_10th_pre_bid"": ""+72500"", ""sel_9th_pre_req_pre"": ""0"", ""sel_9th_pre_req"": ""128"", ""sel_9th_pre_bid"": ""+72400"", ""sel_8th_pre_req_pre"": ""0"", ""sel_8th_pre_req"": ""12"", ""sel_8th_pre_bid"": ""+72300"", ""sel_7th_pre_req_pre"": ""0"", ""sel_7th_pre_req"": ""10"", ""sel_7th_pre_bid"": ""+72200"", ""sel_6th_pre_req_pre"": ""0"", ""sel_6th_pre_req"": ""6"", ""sel_6th_pre_bid"": ""+72100"", ""sel_5th_pre_req_pre"": ""0"", ""sel_5th_pre_req"": ""5"", ""sel_5th_pre_bid"": ""72000"", ""sel_4th_pre_req_pre"": ""0"", ""sel_4th_pre_req"": ""18"", ""sel_4th_pre_bid"": ""-71900"", ""sel_3th_pre_req_pre"": ""0"", ""sel_3th_pre_req"": ""16"", ""sel_3th_pre_bid"": ""-71800"", ""sel_2th_pre_req_pre"": ""0"", ""sel_2th_pre_req"": ""8"", ""sel_2th_pre_bid"": ""-71700"", ""sel_1th_pre_req_pre"": ""0"", ""sel_fpr_req"": ""26"", ""sel_fpr_bid"": ""-71600"", ""buy_fpr_bid"": ""-71500"", ""buy_fpr_req"": ""19"", ""buy_1th_pre_req_pre"": ""0"", ""buy_2th_pre_bid"": ""-71400"", ""buy_2th_pre_req"": ""22"", ""buy_2th_pre_req_pre"": ""--8"", ""buy_3th_pre_bid"": ""-71300"", ""buy_3th_pre_req"": ""16"", ""buy_3th_pre_req_pre"": ""0"", ""buy_4th_pre_bid"": ""-71200"", ""buy_4th_pre_req"": ""28"", ""buy_4th_pre_req_pre"": ""0"", ""buy_5th_pre_bid"": ""-71100"", ""buy_5th_pre_req"": ""20"", ""buy_5th_pre_req_pre"": ""0"", ""buy_6th_pre_bid"": ""-71000"", ""buy_6th_pre_req"": ""79"", ""buy_6th_pre_req_pre"": ""0"", ""buy_7th_pre_bid"": ""-70900"", ""buy_7th_pre_req"": ""50"", ""buy_7th_pre_req_pre"": ""0"", ""buy_8th_pre_bid"": ""-70800"", ""buy_8th_pre_req"": ""82"", ""buy_8th_pre_req_pre"": ""0"", ""buy_9th_pre_bid"": ""-70700"", ""buy_9th_pre_req"": ""140"", ""buy_9th_pre_req_pre"": ""0"", ""buy_10th_pre_bid"": ""-70600"", ""buy_10th_pre_req"": ""100"", ""buy_10th_pre_req_pre"": ""0"", ""tot_sel_req_jub_pre"": ""0"", ""tot_sel_req"": ""390"", ""tot_buy_req"": ""556"", ""tot_buy_req_jub_pre"": ""--8"", ""ovt_sel_req_pre"": ""0"", ""ovt_sel_req"": ""0"", ""ovt_buy_req"": ""0"", ""ovt_buy_req_pre"": ""0"", ""return_code"": 0, ""return_msg"": ""정상적으로 처리되었습니다""}"
2026-06-10,watchlist,000430,,1,filtered_candidate_recheck,5590,,5590,5580,5590,5610,0.17889087656529518,0.17889087656529518,,,,,,"{""bid_req_base_tm"": ""114727"", ""sel_10th_pre_req_pre"": ""0"", ""sel_10th_pre_req"": ""1539"", ""sel_10th_pre_bid"": ""-5680"", ""sel_9th_pre_req_pre"": ""0"", ""sel_9th_pre_req"": ""1175"", ""sel_9th_pre_bid"": ""-5670"", ""sel_8th_pre_req_pre"": ""0"", ""sel_8th_pre_req"": ""59"", ""sel_8th_pre_bid"": ""-5660"", ""sel_7th_pre_req_pre"": ""0"", ""sel_7th_pre_req"": ""4835"", ""sel_7th_pre_bid"": ""-5650"", ""sel_6th_pre_req_pre"": ""0"", ""sel_6th_pre_req"": ""103"", ""sel_6th_pre_bid"": ""-5640"", ""sel_5th_pre_req_pre"": ""0"", ""sel_5th_pre_req"": ""1257"", ""sel_5th_pre_bid"": ""-5630"", ""sel_4th_pre_req_pre"": ""0"", ""sel_4th_pre_req"": ""1963"", ""sel_4th_pre_bid"": ""-5620"", ""sel_3th_pre_req_pre"": ""0"", ""sel_3th_pre_req"": ""76"", ""sel_3th_pre_bid"": ""-5610"", ""sel_2th_pre_req_pre"": ""0"", ""sel_2th_pre_req"": ""334"", ""sel_2th_pre_bid"": ""-5600"", ""sel_1th_pre_req_pre"": ""0"", ""sel_fpr_req"": ""190"", ""sel_fpr_bid"": ""-5590"", ""buy_fpr_bid"": ""-5580"", ""buy_fpr_req"": ""525"", ""buy_1th_pre_req_pre"": ""0"", ""buy_2th_pre_bid"": ""-5570"", ""buy_2th_pre_req"": ""1838"", ""buy_2th_pre_req_pre"": ""0"", ""buy_3th_pre_bid"": ""-5560"", ""buy_3th_pre_req"": ""3815"", ""buy_3th_pre_req_pre"": ""+923"", ""buy_4th_pre_bid"": ""-5550"", ""buy_4th_pre_req"": ""4388"", ""buy_4th_pre_req_pre"": ""--923"", ""buy_5th_pre_bid"": ""-5540"", ""buy_5th_pre_req"": ""3322"", ""buy_5th_pre_req_pre"": ""0"", ""buy_6th_pre_bid"": ""-5530"", ""buy_6th_pre_req"": ""9486"", ""buy_6th_pre_req_pre"": ""0"", ""buy_7th_pre_bid"": ""-5520"", ""buy_7th_pre_req"": ""8692"", ""buy_7th_pre_req_pre"": ""0"", ""buy_8th_pre_bid"": ""-5510"", ""buy_8th_pre_req"": ""10754"", ""buy_8th_pre_req_pre"": ""0"", ""buy_9th_pre_bid"": ""-5500"", ""buy_9th_pre_req"": ""31403"", ""buy_9th_pre_req_pre"": ""0"", ""buy_10th_pre_bid"": ""-5490"", ""buy_10th_pre_req"": ""15810"", ""buy_10th_pre_req_pre"": ""0"", ""tot_sel_req_jub_pre"": ""0"", ""tot_sel_req"": ""11531"", ""tot_buy_req"": ""90033"", ""tot_buy_req_jub_pre"": ""0"", ""ovt_sel_req_pre"": ""0"", ""ovt_sel_req"": ""0"", ""ovt_buy_req"": ""0"", ""ovt_buy_req_pre"": ""0"", ""return_code"": 0, ""return_msg"": ""정상적으로 처리되었습니다""}"
2026-06-10,watchlist,307950,,0,filtered_candidate_recheck,694000,,694000,693000,694000,693000,-0.2881844380403458,0.1440922190201729,,,,,,"{""bid_req_base_tm"": ""114727"", ""sel_10th_pre_req_pre"": ""0"", ""sel_10th_pre_req"": ""43"", ""sel_10th_pre_bid"": ""+703000"", ""sel_9th_pre_req_pre"": ""0"", ""sel_9th_pre_req"": ""211"", ""sel_9th_pre_bid"": ""+702000"", ""sel_8th_pre_req_pre"": ""0"", ""sel_8th_pre_req"": ""216"", ""sel_8th_pre_bid"": ""+701000"", ""sel_7th_pre_req_pre"": ""0"", ""sel_7th_pre_req"": ""114"", ""sel_7th_pre_bid"": ""+700000"", ""sel_6th_pre_req_pre"": ""0"", ""sel_6th_pre_req"": ""386"", ""sel_6th_pre_bid"": ""+699000"", ""sel_5th_pre_req_pre"": ""0"", ""sel_5th_pre_req"": ""62"", ""sel_5th_pre_bid"": ""+698000"", ""sel_4th_pre_req_pre"": ""0"", ""sel_4th_pre_req"": ""28"", ""sel_4th_pre_bid"": ""+697000"", ""sel_3th_pre_req_pre"": ""0"", ""sel_3th_pre_req"": ""25"", ""sel_3th_pre_bid"": ""+696000"", ""sel_2th_pre_req_pre"": ""0"", ""sel_2th_pre_req"": ""25"", ""sel_2th_pre_bid"": ""+695000"", ""sel_1th_pre_req_pre"": ""0"", ""sel_fpr_req"": ""53"", ""sel_fpr_bid"": ""+694000"", ""buy_fpr_bid"": ""+693000"", ""buy_fpr_req"": ""88"", ""buy_1th_pre_req_pre"": ""+1"", ""buy_2th_pre_bid"": ""+692000"", ""buy_2th_pre_req"": ""51"", ""buy_2th_pre_req_pre"": ""0"", ""buy_3th_pre_bid"": ""+691000"", ""buy_3th_pre_req"": ""126"", ""buy_3th_pre_req_pre"": ""0"", ""buy_4th_pre_bid"": ""+690000"", ""buy_4th_pre_req"": ""65"", ""buy_4th_pre_req_pre"": ""0"", ""buy_5th_pre_bid"": ""+689000"", ""buy_5th_pre_req"": ""58"", ""buy_5th_pre_req_pre"": ""0"", ""buy_6th_pre_bid"": ""+688000"", ""buy_6th_pre_req"": ""95"", ""buy_6th_pre_req_pre"": ""0"", ""buy_7th_pre_bid"": ""687000"", ""buy_7th_pre_req"": ""92"", ""buy_7th_pre_req_pre"": ""0"", ""buy_8th_pre_bid"": ""-686000"", ""buy_8th_pre_req"": ""135"", ""buy_8th_pre_req_pre"": ""0"", ""buy_9th_pre_bid"": ""-685000"", ""buy_9th_pre_req"": ""292"", ""buy_9th_pre_req_pre"": ""0"", ""buy_10th_pre_bid"": ""-684000"", ""buy_10th_pre_req"": ""366"", ""buy_10th_pre_req_pre"": ""0"", ""tot_sel_req_jub_pre"": ""0"", ""tot_sel_req"": ""1163"", ""tot_buy_req"": ""1368"", ""tot_buy_req_jub_pre"": ""+1"", ""ovt_sel_req_pre"": ""0"", ""ovt_sel_req"": ""0"", ""ovt_buy_req"": ""0"", ""ovt_buy_req_pre"": ""0"", ""return_code"": 0, ""return_msg"": ""정상적으로 처리되었습니다""}"
2026-06-10,watchlist,114090,,0,filtered_candidate_recheck,12170,,12170,12150,12170,12050,-1.3968775677896468,0.16433853738701726,,,,,,"{""bid_req_base_tm"": ""114723"", ""sel_10th_pre_req_pre"": ""0"", ""sel_10th_pre_req"": ""194"", ""sel_10th_pre_bid"": ""+12260"", ""sel_9th_pre_req_pre"": ""0"", ""sel_9th_pre_req"": ""2351"", ""sel_9th_pre_bid"": ""+12250"", ""sel_8th_pre_req_pre"": ""0"", ""sel_8th_pre_req"": ""1262"", ""sel_8th_pre_bid"": ""+12240"", ""sel_7th_pre_req_pre"": ""0"", ""sel_7th_pre_req"": ""411"", ""sel_7th_pre_bid"": ""+12230"", ""sel_6th_pre_req_pre"": ""0"", ""sel_6th_pre_req"": ""1360"", ""sel_6th_pre_bid"": ""+12220"", ""sel_5th_pre_req_pre"": ""0"", ""sel_5th_pre_req"": ""239"", ""sel_5th_pre_bid"": ""+12210"", ""sel_4th_pre_req_pre"": ""0"", ""sel_4th_pre_req"": ""2419"", ""sel_4th_pre_bid"": ""+12200"", ""sel_3th_pre_req_pre"": ""0"", ""sel_3th_pre_req"": ""434"", ""sel_3th_pre_bid"": ""+12190"", ""sel_2th_pre_req_pre"": ""+11"", ""sel_2th_pre_req"": ""227"", ""sel_2th_pre_bid"": ""+12180"", ""sel_1th_pre_req_pre"": ""0"", ""sel_fpr_req"": ""54"", ""sel_fpr_bid"": ""+12170"", ""buy_fpr_bid"": ""+12150"", ""buy_fpr_req"": ""4"", ""buy_1th_pre_req_pre"": ""0"", ""buy_2th_pre_bid"": ""+12140"", ""buy_2th_pre_req"": ""204"", ""buy_2th_pre_req_pre"": ""0"", ""buy_3th_pre_bid"": ""+12130"", ""buy_3th_pre_req"": ""568"", ""buy_3th_pre_req_pre"": ""0"", ""buy_4th_pre_bid"": ""+12110"", ""buy_4th_pre_req"": ""1"", ""buy_4th_pre_req_pre"": ""0"", ""buy_5th_pre_bid"": ""+12090"", ""buy_5th_pre_req"": ""1"", ""buy_5th_pre_req_pre"": ""0"", ""buy_6th_pre_bid"": ""+12070"", ""buy_6th_pre_req"": ""285"", ""buy_6th_pre_req_pre"": ""0"", ""buy_7th_pre_bid"": ""+12020"", ""buy_7th_pre_req"": ""221"", ""buy_7th_pre_req_pre"": ""0"", ""buy_8th_pre_bid"": ""+12010"", ""buy_8th_pre_req"": ""205"", ""buy_8th_pre_req_pre"": ""0"", ""buy_9th_pre_bid"": ""+12000"", ""buy_9th_pre_req"": ""1071"", ""buy_9th_pre_req_pre"": ""0"", ""buy_10th_pre_bid"": ""+11990"", ""buy_10th_pre_req"": ""100"", ""buy_10th_pre_req_pre"": ""0"", ""tot_sel_req_jub_pre"": ""+11"", ""tot_sel_req"": ""8951"", ""tot_buy_req"": ""2660"", ""tot_buy_req_jub_pre"": ""0"", ""ovt_sel_req_pre"": ""0"", ""ovt_sel_req"": ""0"", ""ovt_buy_req"": ""0"", ""ovt_buy_req_pre"": ""0"", ""return_code"": 0, ""return_msg"": ""정상적으로 처리되었습니다""}"
2026-06-10,watchlist,281820,,1,filtered_candidate_recheck,65900,,65900,65800,65900,66400,0.6069802731411229,0.15174506828528073,,,,,,"{""bid_req_base_tm"": ""114723"", ""sel_10th_pre_req_pre"": ""0"", ""sel_10th_pre_req"": ""22"", ""sel_10th_pre_bid"": ""+67200"", ""sel_9th_pre_req_pre"": ""0"", ""sel_9th_pre_req"": ""7"", ""sel_9th_pre_bid"": ""+67100"", ""sel_8th_pre_req_pre"": ""0"", ""sel_8th_pre_req"": ""2"", ""sel_8th_pre_bid"": ""+66900"", ""sel_7th_pre_req_pre"": ""0"", ""sel_7th_pre_req"": ""1"", ""sel_7th_pre_bid"": ""+66800"", ""sel_6th_pre_req_pre"": ""0"", ""sel_6th_pre_req"": ""12"", ""sel_6th_pre_bid"": ""+66700"", ""sel_5th_pre_req_pre"": ""0"", ""sel_5th_pre_req"": ""12"", ""sel_5th_pre_bid"": ""+66600"", ""sel_4th_pre_req_pre"": ""0"", ""sel_4th_pre_req"": ""2"", ""sel_4th_pre_bid"": ""-66200"", ""sel_3th_pre_req_pre"": ""0"", ""sel_3th_pre_req"": ""17"", ""sel_3th_pre_bid"": ""-66100"", ""sel_2th_pre_req_pre"": ""0"", ""sel_2th_pre_req"": ""9"", ""sel_2th_pre_bid"": ""-66000"", ""sel_1th_pre_req_pre"": ""--1"", ""sel_fpr_req"": ""70"", ""sel_fpr_bid"": ""-65900"", ""buy_fpr_bid"": ""-65800"", ""buy_fpr_req"": ""56"", ""buy_1th_pre_req_pre"": ""0"", ""buy_2th_pre_bid"": ""-65700"", ""buy_2th_pre_req"": ""118"", ""buy_2th_pre_req_pre"": ""0"", ""buy_3th_pre_bid"": ""-65600"", ""buy_3th_pre_req"": ""77"", ""buy_3th_pre_req_pre"": ""0"", ""buy_4th_pre_bid"": ""-65500"", ""buy_4th_pre_req"": ""162"", ""buy_4th_pre_req_pre"": ""0"", ""buy_5th_pre_bid"": ""-65400"", ""buy_5th_pre_req"": ""71"", ""buy_5th_pre_req_pre"": ""0"", ""buy_6th_pre_bid"": ""-65300"", ""buy_6th_pre_req"": ""58"", ""buy_6th_pre_req_pre"": ""0"", ""buy_7th_pre_bid"": ""-65200"", ""buy_7th_pre_req"": ""69"", ""buy_7th_pre_req_pre"": ""0"", ""buy_8th_pre_bid"": ""-65100"", ""buy_8th_pre_req"": ""160"", ""buy_8th_pre_req_pre"": ""0"", ""buy_9th_pre_bid"": ""-65000"", ""buy_9th_pre_req"": ""902"", ""buy_9th_pre_req_pre"": ""0"", ""buy_10th_pre_bid"": ""-64900"", ""buy_10th_pre_req"": ""139"", ""buy_10th_pre_req_pre"": ""0"", ""tot_sel_req_jub_pre"": ""--1"", ""tot_sel_req"": ""154"", ""tot_buy_req"": ""1812"", ""tot_buy_req_jub_pre"": ""0"", ""ovt_sel_req_pre"": ""0"", ""ovt_sel_req"": ""0"", ""ovt_buy_req"": ""0"", ""ovt_buy_req_pre"": ""0"", ""return_code"": 0, ""return_msg"": ""정상적으로 처리되었습니다""}"
2026-06-10,watchlist,489790,,0,filtered_candidate_recheck,67500,,67500,67400,67500,67100,-0.7407407407407408,0.14814814814814814,,,,,,"{""bid_req_base_tm"": ""114728"", ""sel_10th_pre_req_pre"": ""0"", ""sel_10th_pre_req"": ""15"", ""sel_10th_pre_bid"": ""+68400"", ""sel_9th_pre_req_pre"": ""0"", ""sel_9th_pre_req"": ""25"", ""sel_9th_pre_bid"": ""+68300"", ""sel_8th_pre_req_pre"": ""0"", ""sel_8th_pre_req"": ""25"", ""sel_8th_pre_bid"": ""+68200"", ""sel_7th_pre_req_pre"": ""0"", ""sel_7th_pre_req"": ""1"", ""sel_7th_pre_bid"": ""+68100"", ""sel_6th_pre_req_pre"": ""0"", ""sel_6th_pre_req"": ""113"", ""sel_6th_pre_bid"": ""+68000"", ""sel_5th_pre_req_pre"": ""0"", ""sel_5th_pre_req"": ""119"", ""sel_5th_pre_bid"": ""+67900"", ""sel_4th_pre_req_pre"": ""0"", ""sel_4th_pre_req"": ""1002"", ""sel_4th_pre_bid"": ""+67800"", ""sel_3th_pre_req_pre"": ""0"", ""sel_3th_pre_req"": ""4"", ""sel_3th_pre_bid"": ""+67700"", ""sel_2th_pre_req_pre"": ""0"", ""sel_2th_pre_req"": ""518"", ""sel_2th_pre_bid"": ""+67600"", ""sel_1th_pre_req_pre"": ""0"", ""sel_fpr_req"": ""432"", ""sel_fpr_bid"": ""+67500"", ""buy_fpr_bid"": ""+67400"", ""buy_fpr_req"": ""4"", ""buy_1th_pre_req_pre"": ""0"", ""buy_2th_pre_bid"": ""+67300"", ""buy_2th_pre_req"": ""8"", ""buy_2th_pre_req_pre"": ""0"", ""buy_3th_pre_bid"": ""+67200"", ""buy_3th_pre_req"": ""129"", ""buy_3th_pre_req_pre"": ""0"", ""buy_4th_pre_bid"": ""+67100"", ""buy_4th_pre_req"": ""112"", ""buy_4th_pre_req_pre"": ""0"", ""buy_5th_pre_bid"": ""+67000"", ""buy_5th_pre_req"": ""126"", ""buy_5th_pre_req_pre"": ""0"", ""buy_6th_pre_bid"": ""+66900"", ""buy_6th_pre_req"": ""67"", ""buy_6th_pre_req_pre"": ""0"", ""buy_7th_pre_bid"": ""+66800"", ""buy_7th_pre_req"": ""931"", ""buy_7th_pre_req_pre"": ""0"", ""buy_8th_pre_bid"": ""+66700"", ""buy_8th_pre_req"": ""120"", ""buy_8th_pre_req_pre"": ""0"", ""buy_9th_pre_bid"": ""+66600"", ""buy_9th_pre_req"": ""56"", ""buy_9th_pre_req_pre"": ""0"", ""buy_10th_pre_bid"": ""66500"", ""buy_10th_pre_req"": ""226"", ""buy_10th_pre_req_pre"": ""0"", ""tot_sel_req_jub_pre"": ""0"", ""tot_sel_req"": ""2254"", ""tot_buy_req"": ""1779"", ""tot_buy_req_jub_pre"": ""--169"", ""ovt_sel_req_pre"": ""0"", ""ovt_sel_req"": ""0"", ""ovt_buy_req"": ""0"", ""ovt_buy_req_pre"": ""0"", ""return_code"": 0, ""return_msg"": ""정상적으로 처리되었습니다""}"
2026-06-10,watchlist,092200,,0,filtered_candidate_recheck,9480,,9480,9460,9480,9500,0.10548523206751054,0.21097046413502107,,,,,,"{""bid_req_base_tm"": ""114727"", ""sel_10th_pre_req_pre"": ""0"", ""sel_10th_pre_req"": ""32"", ""sel_10th_pre_bid"": ""-9570"", ""sel_9th_pre_req_pre"": ""0"", ""sel_9th_pre_req"": ""384"", ""sel_9th_pre_bid"": ""-9560"", ""sel_8th_pre_req_pre"": ""0"", ""sel_8th_pre_req"": ""166"", ""sel_8th_pre_bid"": ""-9550"", ""sel_7th_pre_req_pre"": ""0"", ""sel_7th_pre_req"": ""212"", ""sel_7th_pre_bid"": ""-9540"", ""sel_6th_pre_req_pre"": ""0"", ""sel_6th_pre_req"": ""46"", ""sel_6th_pre_bid"": ""-9530"", ""sel_5th_pre_req_pre"": ""0"", ""sel_5th_pre_req"": ""265"", ""sel_5th_pre_bid"": ""-9520"", ""sel_4th_pre_req_pre"": ""0"", ""sel_4th_pre_req"": ""223"", ""sel_4th_pre_bid"": ""-9510"", ""sel_3th_pre_req_pre"": ""0"", ""sel_3th_pre_req"": ""398"", ""sel_3th_pre_bid"": ""-9500"", ""sel_2th_pre_req_pre"": ""0"", ""sel_2th_pre_req"": ""153"", ""sel_2th_pre_bid"": ""-9490"", ""sel_1th_pre_req_pre"": ""0"", ""sel_fpr_req"": ""51"", ""sel_fpr_bid"": ""-9480"", ""buy_fpr_bid"": ""-9460"", ""buy_fpr_req"": ""82"", ""buy_1th_pre_req_pre"": ""0"", ""buy_2th_pre_bid"": ""-9450"", ""buy_2th_pre_req"": ""523"", ""buy_2th_pre_req_pre"": ""0"", ""buy_3th_pre_bid"": ""-9440"", ""buy_3th_pre_req"": ""1468"", ""buy_3th_pre_req_pre"": ""0"", ""buy_4th_pre_bid"": ""-9430"", ""buy_4th_pre_req"": ""1269"", ""buy_4th_pre_req_pre"": ""0"", ""buy_5th_pre_bid"": ""-9420"", ""buy_5th_pre_req"": ""2335"", ""buy_5th_pre_req_pre"": ""0"", ""buy_6th_pre_bid"": ""-9410"", ""buy_6th_pre_req"": ""1269"", ""buy_6th_pre_req_pre"": ""0"", ""buy_7th_pre_bid"": ""-9400"", ""buy_7th_pre_req"": ""2793"", ""buy_7th_pre_req_pre"": ""0"", ""buy_8th_pre_bid"": ""-9390"", ""buy_8th_pre_req"": ""2775"", ""buy_8th_pre_req_pre"": ""0"", ""buy_9th_pre_bid"": ""-9380"", ""buy_9th_pre_req"": ""6168"", ""buy_9th_pre_req_pre"": ""+20"", ""buy_10th_pre_bid"": ""-9370"", ""buy_10th_pre_req"": ""704"", ""buy_10th_pre_req_pre"": ""0"", ""tot_sel_req_jub_pre"": ""0"", ""tot_sel_req"": ""1930"", ""tot_buy_req"": ""19386"", ""tot_buy_req_jub_pre"": ""+20"", ""ovt_sel_req_pre"": ""0"", ""ovt_sel_req"": ""0"", ""ovt_buy_req"": ""0"", ""ovt_buy_req_pre"": ""0"", ""return_code"": 0, ""return_msg"": ""정상적으로 처리되었습니다""}"
2026-06-10,watchlist,175330,,1,filtered_candidate_recheck,25500,,25500,25450,25500,25650,0.39215686274509803,0.19607843137254902,,,,,,"{""bid_req_base_tm"": ""114728"", ""sel_10th_pre_req_pre"": ""0"", ""sel_10th_pre_req"": ""143"", ""sel_10th_pre_bid"": ""+25950"", ""sel_9th_pre_req_pre"": ""0"", ""sel_9th_pre_req"": ""563"", ""sel_9th_pre_bid"": ""25900"", ""sel_8th_pre_req_pre"": ""0"", ""sel_8th_pre_req"": ""470"", ""sel_8th_pre_bid"": ""-25850"", ""sel_7th_pre_req_pre"": ""0"", ""sel_7th_pre_req"": ""43"", ""sel_7th_pre_bid"": ""-25800"", ""sel_6th_pre_req_pre"": ""0"", ""sel_6th_pre_req"": ""101"", ""sel_6th_pre_bid"": ""-25750"", ""sel_5th_pre_req_pre"": ""0"", ""sel_5th_pre_req"": ""86"", ""sel_5th_pre_bid"": ""-25700"", ""sel_4th_pre_req_pre"": ""0"", ""sel_4th_pre_req"": ""177"", ""sel_4th_pre_bid"": ""-25650"", ""sel_3th_pre_req_pre"": ""0"", ""sel_3th_pre_req"": ""483"", ""sel_3th_pre_bid"": ""-25600"", ""sel_2th_pre_req_pre"": ""0"", ""sel_2th_pre_req"": ""1097"", ""sel_2th_pre_bid"": ""-25550"", ""sel_1th_pre_req_pre"": ""--25"", ""sel_fpr_req"": ""4483"", ""sel_fpr_bid"": ""-25500"", ""buy_fpr_bid"": ""-25450"", ""buy_fpr_req"": ""6043"", ""buy_1th_pre_req_pre"": ""0"", ""buy_2th_pre_bid"": ""-25400"", ""buy_2th_pre_req"": ""2603"", ""buy_2th_pre_req_pre"": ""0"", ""buy_3th_pre_bid"": ""-25350"", ""buy_3th_pre_req"": ""419"", ""buy_3th_pre_req_pre"": ""0"", ""buy_4th_pre_bid"": ""-25300"", ""buy_4th_pre_req"": ""362"", ""buy_4th_pre_req_pre"": ""0"", ""buy_5th_pre_bid"": ""-25250"", ""buy_5th_pre_req"": ""490"", ""buy_5th_pre_req_pre"": ""0"", ""buy_6th_pre_bid"": ""-25200"", ""buy_6th_pre_req"": ""380"", ""buy_6th_pre_req_pre"": ""0"", ""buy_7th_pre_bid"": ""-25150"", ""buy_7th_pre_req"": ""839"", ""buy_7th_pre_req_pre"": ""0"", ""buy_8th_pre_bid"": ""-25100"", ""buy_8th_pre_req"": ""541"", ""buy_8th_pre_req_pre"": ""0"", ""buy_9th_pre_bid"": ""-25050"", ""buy_9th_pre_req"": ""620"", ""buy_9th_pre_req_pre"": ""0"", ""buy_10th_pre_bid"": ""-25000"", ""buy_10th_pre_req"": ""708"", ""buy_10th_pre_req_pre"": ""0"", ""tot_sel_req_jub_pre"": ""--25"", ""tot_sel_req"": ""7646"", ""tot_buy_req"": ""13005"", ""tot_buy_req_jub_pre"": ""0"", ""ovt_sel_req_pre"": ""0"", ""ovt_sel_req"": ""0"", ""ovt_buy_req"": ""0"", ""ovt_buy_req_pre"": ""0"", ""return_code"": 0, ""return_msg"": ""정상적으로 처리되었습니다""}"
2026-06-10,watchlist,069960,,0,filtered_candidate_recheck,173700,,173700,173600,173700,173000,-0.690846286701209,0.05757052389176742,,,,,,"{""bid_req_base_tm"": ""114727"", ""sel_10th_pre_req_pre"": ""0"", ""sel_10th_pre_req"": ""43"", ""sel_10th_pre_bid"": ""+175100"", ""sel_9th_pre_req_pre"": ""0"", ""sel_9th_pre_req"": ""60"", ""sel_9th_pre_bid"": ""+175000"", ""sel_8th_pre_req_pre"": ""0"", ""sel_8th_pre_req"": ""1"", ""sel_8th_pre_bid"": ""+174800"", ""sel_7th_pre_req_pre"": ""0"", ""sel_7th_pre_req"": ""3"", ""sel_7th_pre_bid"": ""+174600"", ""sel_6th_pre_req_pre"": ""0"", ""sel_6th_pre_req"": ""33"", ""sel_6th_pre_bid"": ""+174500"", ""sel_5th_pre_req_pre"": ""0"", ""sel_5th_pre_req"": ""11"", ""sel_5th_pre_bid"": ""+174400"", ""sel_4th_pre_req_pre"": ""0"", ""sel_4th_pre_req"": ""9"", ""sel_4th_pre_bid"": ""+174200"", ""sel_3th_pre_req_pre"": ""0"", ""sel_3th_pre_req"": ""17"", ""sel_3th_pre_bid"": ""+173900"", ""sel_2th_pre_req_pre"": ""0"", ""sel_2th_pre_req"": ""39"", ""sel_2th_pre_bid"": ""+173800"", ""sel_1th_pre_req_pre"": ""0"", ""sel_fpr_req"": ""34"", ""sel_fpr_bid"": ""+173700"", ""buy_fpr_bid"": ""+173600"", ""buy_fpr_req"": ""101"", ""buy_1th_pre_req_pre"": ""0"", ""buy_2th_pre_bid"": ""+173500"", ""buy_2th_pre_req"": ""6"", ""buy_2th_pre_req_pre"": ""0"", ""buy_3th_pre_bid"": ""+173400"", ""buy_3th_pre_req"": ""30"", ""buy_3th_pre_req_pre"": ""0"", ""buy_4th_pre_bid"": ""+173000"", ""buy_4th_pre_req"": ""20"", ""buy_4th_pre_req_pre"": ""0"", ""buy_5th_pre_bid"": ""+172900"", ""buy_5th_pre_req"": ""1"", ""buy_5th_pre_req_pre"": ""0"", ""buy_6th_pre_bid"": ""+172500"", ""buy_6th_pre_req"": ""11"", ""buy_6th_pre_req_pre"": ""0"", ""buy_7th_pre_bid"": ""+172200"", ""buy_7th_pre_req"": ""3"", ""buy_7th_pre_req_pre"": ""0"", ""buy_8th_pre_bid"": ""+172100"", ""buy_8th_pre_req"": ""1"", ""buy_8th_pre_req_pre"": ""0"", ""buy_9th_pre_bid"": ""+172000"", ""buy_9th_pre_req"": ""3"", ""buy_9th_pre_req_pre"": ""0"", ""buy_10th_pre_bid"": ""+171900"", ""buy_10th_pre_req"": ""1"", ""buy_10th_pre_req_pre"": ""0"", ""tot_sel_req_jub_pre"": ""0"", ""tot_sel_req"": ""250"", ""tot_buy_req"": ""177"", ""tot_buy_req_jub_pre"": ""0"", ""ovt_sel_req_pre"": ""0"", ""ovt_sel_req"": ""0"", ""ovt_buy_req"": ""0"", ""ovt_buy_req_pre"": ""0"", ""return_code"": 0, ""return_msg"": ""정상적으로 처리되었습니다""}"
2026-06-10,watchlist,001450,,0,filtered_candidate_recheck,37500,,37500,37450,37500,37500,-0.13333333333333333,0.13333333333333333,,,,,,"{""bid_req_base_tm"": ""114729"", ""sel_10th_pre_req_pre"": ""0"", ""sel_10th_pre_req"": ""141"", ""sel_10th_pre_bid"": ""+37950"", ""sel_9th_pre_req_pre"": ""0"", ""sel_9th_pre_req"": ""225"", ""sel_9th_pre_bid"": ""+37900"", ""sel_8th_pre_req_pre"": ""0"", ""sel_8th_pre_req"": ""459"", ""sel_8th_pre_bid"": ""+37850"", ""sel_7th_pre_req_pre"": ""0"", ""sel_7th_pre_req"": ""503"", ""sel_7th_pre_bid"": ""+37800"", ""sel_6th_pre_req_pre"": ""0"", ""sel_6th_pre_req"": ""625"", ""sel_6th_pre_bid"": ""+37750"", ""sel_5th_pre_req_pre"": ""0"", ""sel_5th_pre_req"": ""175"", ""sel_5th_pre_bid"": ""+37700"", ""sel_4th_pre_req_pre"": ""0"", ""sel_4th_pre_req"": ""161"", ""sel_4th_pre_bid"": ""+37650"", ""sel_3th_pre_req_pre"": ""0"", ""sel_3th_pre_req"": ""359"", ""sel_3th_pre_bid"": ""+37600"", ""sel_2th_pre_req_pre"": ""0"", ""sel_2th_pre_req"": ""333"", ""sel_2th_pre_bid"": ""+37550"", ""sel_1th_pre_req_pre"": ""--5"", ""sel_fpr_req"": ""130"", ""sel_fpr_bid"": ""+37500"", ""buy_fpr_bid"": ""+37450"", ""buy_fpr_req"": ""213"", ""buy_1th_pre_req_pre"": ""0"", ""buy_2th_pre_bid"": ""+37400"", ""buy_2th_pre_req"": ""189"", ""buy_2th_pre_req_pre"": ""0"", ""buy_3th_pre_bid"": ""+37350"", ""buy_3th_pre_req"": ""252"", ""buy_3th_pre_req_pre"": ""0"", ""buy_4th_pre_bid"": ""+37300"", ""buy_4th_pre_req"": ""1058"", ""buy_4th_pre_req_pre"": ""0"", ""buy_5th_pre_bid"": ""+37250"", ""buy_5th_pre_req"": ""304"", ""buy_5th_pre_req_pre"": ""0"", ""buy_6th_pre_bid"": ""+37200"", ""buy_6th_pre_req"": ""489"", ""buy_6th_pre_req_pre"": ""0"", ""buy_7th_pre_bid"": ""+37150"", ""buy_7th_pre_req"": ""518"", ""buy_7th_pre_req_pre"": ""0"", ""buy_8th_pre_bid"": ""+37100"", ""buy_8th_pre_req"": ""690"", ""buy_8th_pre_req_pre"": ""0"", ""buy_9th_pre_bid"": ""+37050"", ""buy_9th_pre_req"": ""2827"", ""buy_9th_pre_req_pre"": ""0"", ""buy_10th_pre_bid"": ""+37000"", ""buy_10th_pre_req"": ""641"", ""buy_10th_pre_req_pre"": ""0"", ""tot_sel_req_jub_pre"": ""--5"", ""tot_sel_req"": ""3111"", ""tot_buy_req"": ""7181"", ""tot_buy_req_jub_pre"": ""0"", ""ovt_sel_req_pre"": ""0"", ""ovt_sel_req"": ""0"", ""ovt_buy_req"": ""0"", ""ovt_buy_req_pre"": ""0"", ""return_code"": 0, ""return_msg"": ""정상적으로 처리되었습니다""}"
2026-06-10,watchlist,011070,,0,filtered_candidate_recheck,1139000,,1139000,1138000,1139000,1142000,0.17559262510974538,0.08779631255487269,,,,,,"{""bid_req_base_tm"": ""114729"", ""sel_10th_pre_req_pre"": ""0"", ""sel_10th_pre_req"": ""88"", ""sel_10th_pre_bid"": ""+1148000"", ""sel_9th_pre_req_pre"": ""0"", ""sel_9th_pre_req"": ""52"", ""sel_9th_pre_bid"": ""+1147000"", ""sel_8th_pre_req_pre"": ""0"", ""sel_8th_pre_req"": ""56"", ""sel_8th_pre_bid"": ""+1146000"", ""sel_7th_pre_req_pre"": ""0"", ""sel_7th_pre_req"": ""150"", ""sel_7th_pre_bid"": ""+1145000"", ""sel_6th_pre_req_pre"": ""0"", ""sel_6th_pre_req"": ""91"", ""sel_6th_pre_bid"": ""+1144000"", ""sel_5th_pre_req_pre"": ""0"", ""sel_5th_pre_req"": ""66"", ""sel_5th_pre_bid"": ""+1143000"", ""sel_4th_pre_req_pre"": ""0"", ""sel_4th_pre_req"": ""50"", ""sel_4th_pre_bid"": ""+1142000"", ""sel_3th_pre_req_pre"": ""+3"", ""sel_3th_pre_req"": ""41"", ""sel_3th_pre_bid"": ""+1141000"", ""sel_2th_pre_req_pre"": ""0"", ""sel_2th_pre_req"": ""83"", ""sel_2th_pre_bid"": ""+1140000"", ""sel_1th_pre_req_pre"": ""0"", ""sel_fpr_req"": ""52"", ""sel_fpr_bid"": ""+1139000"", ""buy_fpr_bid"": ""+1138000"", ""buy_fpr_req"": ""106"", ""buy_1th_pre_req_pre"": ""0"", ""buy_2th_pre_bid"": ""1137000"", ""buy_2th_pre_req"": ""789"", ""buy_2th_pre_req_pre"": ""0"", ""buy_3th_pre_bid"": ""-1136000"", ""buy_3th_pre_req"": ""49"", ""buy_3th_pre_req_pre"": ""0"", ""buy_4th_pre_bid"": ""-1135000"", ""buy_4th_pre_req"": ""120"", ""buy_4th_pre_req_pre"": ""0"", ""buy_5th_pre_bid"": ""-1134000"", ""buy_5th_pre_req"": ""46"", ""buy_5th_pre_req_pre"": ""0"", ""buy_6th_pre_bid"": ""-1133000"", ""buy_6th_pre_req"": ""8"", ""buy_6th_pre_req_pre"": ""0"", ""buy_7th_pre_bid"": ""-1132000"", ""buy_7th_pre_req"": ""4"", ""buy_7th_pre_req_pre"": ""0"", ""buy_8th_pre_bid"": ""-1131000"", ""buy_8th_pre_req"": ""9"", ""buy_8th_pre_req_pre"": ""0"", ""buy_9th_pre_bid"": ""-1130000"", ""buy_9th_pre_req"": ""23"", ""buy_9th_pre_req_pre"": ""0"", ""buy_10th_pre_bid"": ""-1129000"", ""buy_10th_pre_req"": ""12"", ""buy_10th_pre_req_pre"": ""+1"", ""tot_sel_req_jub_pre"": ""+3"", ""tot_sel_req"": ""729"", ""tot_buy_req"": ""1166"", ""tot_buy_req_jub_pre"": ""+1"", ""ovt_sel_req_pre"": ""0"", ""ovt_sel_req"": ""0"", ""ovt_buy_req"": ""0"", ""ovt_buy_req_pre"": ""0"", ""return_code"": 0, ""return_msg"": ""정상적으로 처리되었습니다""}"
2026-06-10,watchlist,088350,,0,filtered_candidate_recheck,4830,,4830,4820,4830,4845,0.2070393374741201,0.2070393374741201,,,,,,"{""bid_req_base_tm"": ""114729"", ""sel_10th_pre_req_pre"": ""0"", ""sel_10th_pre_req"": ""2204"", ""sel_10th_pre_bid"": ""-4880"", ""sel_9th_pre_req_pre"": ""0"", ""sel_9th_pre_req"": ""574"", ""sel_9th_pre_bid"": ""-4875"", ""sel_8th_pre_req_pre"": ""0"", ""sel_8th_pre_req"": ""109"", ""sel_8th_pre_bid"": ""-4870"", ""sel_7th_pre_req_pre"": ""0"", ""sel_7th_pre_req"": ""2004"", ""sel_7th_pre_bid"": ""-4865"", ""sel_6th_pre_req_pre"": ""0"", ""sel_6th_pre_req"": ""1758"", ""sel_6th_pre_bid"": ""-4860"", ""sel_5th_pre_req_pre"": ""0"", ""sel_5th_pre_req"": ""3609"", ""sel_5th_pre_bid"": ""-4855"", ""sel_4th_pre_req_pre"": ""0"", ""sel_4th_pre_req"": ""3495"", ""sel_4th_pre_bid"": ""-4850"", ""sel_3th_pre_req_pre"": ""0"", ""sel_3th_pre_req"": ""2103"", ""sel_3th_pre_bid"": ""-4845"", ""sel_2th_pre_req_pre"": ""0"", ""sel_2th_pre_req"": ""1416"", ""sel_2th_pre_bid"": ""-4840"", ""sel_1th_pre_req_pre"": ""0"", ""sel_fpr_req"": ""414"", ""sel_fpr_bid"": ""-4830"", ""buy_fpr_bid"": ""-4820"", ""buy_fpr_req"": ""1543"", ""buy_1th_pre_req_pre"": ""+100"", ""buy_2th_pre_bid"": ""-4815"", ""buy_2th_pre_req"": ""29664"", ""buy_2th_pre_req_pre"": ""0"", ""buy_3th_pre_bid"": ""-4810"", ""buy_3th_pre_req"": ""13828"", ""buy_3th_pre_req_pre"": ""0"", ""buy_4th_pre_bid"": ""-4805"", ""buy_4th_pre_req"": ""13136"", ""buy_4th_pre_req_pre"": ""0"", ""buy_5th_pre_bid"": ""-4800"", ""buy_5th_pre_req"": ""21015"", ""buy_5th_pre_req_pre"": ""0"", ""buy_6th_pre_bid"": ""-4795"", ""buy_6th_pre_req"": ""13047"", ""buy_6th_pre_req_pre"": ""0"", ""buy_7th_pre_bid"": ""-4790"", ""buy_7th_pre_req"": ""17452"", ""buy_7th_pre_req_pre"": ""0"", ""buy_8th_pre_bid"": ""-4785"", ""buy_8th_pre_req"": ""8211"", ""buy_8th_pre_req_pre"": ""0"", ""buy_9th_pre_bid"": ""-4780"", ""buy_9th_pre_req"": ""14057"", ""buy_9th_pre_req_pre"": ""0"", ""buy_10th_pre_bid"": ""-4775"", ""buy_10th_pre_req"": ""5177"", ""buy_10th_pre_req_pre"": ""0"", ""tot_sel_req_jub_pre"": ""0"", ""tot_sel_req"": ""17686"", ""tot_buy_req"": ""137130"", ""tot_buy_req_jub_pre"": ""+100"", ""ovt_sel_req_pre"": ""0"", ""ovt_sel_req"": ""0"", ""ovt_buy_req"": ""0"", ""ovt_buy_req_pre"": ""0"", ""return_code"": 0, ""return_msg"": ""정상적으로 처리되었습니다""}"
2026-06-10,watchlist,195870,,0,filtered_candidate_recheck,75800,,75800,75500,75800,75800,-0.13192612137203166,0.395778364116095,,,,,,"{""bid_req_base_tm"": ""114727"", ""sel_10th_pre_req_pre"": ""0"", ""sel_10th_pre_req"": ""14"", ""sel_10th_pre_bid"": ""+77300"", ""sel_9th_pre_req_pre"": ""0"", ""sel_9th_pre_req"": ""10"", ""sel_9th_pre_bid"": ""+77200"", ""sel_8th_pre_req_pre"": ""0"", ""sel_8th_pre_req"": ""300"", ""sel_8th_pre_bid"": ""+77100"", ""sel_7th_pre_req_pre"": ""0"", ""sel_7th_pre_req"": ""44"", ""sel_7th_pre_bid"": ""+77000"", ""sel_6th_pre_req_pre"": ""0"", ""sel_6th_pre_req"": ""23"", ""sel_6th_pre_bid"": ""+76900"", ""sel_5th_pre_req_pre"": ""0"", ""sel_5th_pre_req"": ""2"", ""sel_5th_pre_bid"": ""+76800"", ""sel_4th_pre_req_pre"": ""0"", ""sel_4th_pre_req"": ""129"", ""sel_4th_pre_bid"": ""+76100"", ""sel_3th_pre_req_pre"": ""0"", ""sel_3th_pre_req"": ""47"", ""sel_3th_pre_bid"": ""+76000"", ""sel_2th_pre_req_pre"": ""0"", ""sel_2th_pre_req"": ""58"", ""sel_2th_pre_bid"": ""+75900"", ""sel_1th_pre_req_pre"": ""0"", ""sel_fpr_req"": ""12"", ""sel_fpr_bid"": ""+75800"", ""buy_fpr_bid"": ""+75500"", ""buy_fpr_req"": ""1"", ""buy_1th_pre_req_pre"": ""0"", ""buy_2th_pre_bid"": ""+75300"", ""buy_2th_pre_req"": ""26"", ""buy_2th_pre_req_pre"": ""0"", ""buy_3th_pre_bid"": ""+75200"", ""buy_3th_pre_req"": ""61"", ""buy_3th_pre_req_pre"": ""0"", ""buy_4th_pre_bid"": ""+75100"", ""buy_4th_pre_req"": ""103"", ""buy_4th_pre_req_pre"": ""+50"", ""buy_5th_pre_bid"": ""+75000"", ""buy_5th_pre_req"": ""132"", ""buy_5th_pre_req_pre"": ""0"", ""buy_6th_pre_bid"": ""+74900"", ""buy_6th_pre_req"": ""63"", ""buy_6th_pre_req_pre"": ""0"", ""buy_7th_pre_bid"": ""+74800"", ""buy_7th_pre_req"": ""96"", ""buy_7th_pre_req_pre"": ""0"", ""buy_8th_pre_bid"": ""+74700"", ""buy_8th_pre_req"": ""15"", ""buy_8th_pre_req_pre"": ""0"", ""buy_9th_pre_bid"": ""+74600"", ""buy_9th_pre_req"": ""79"", ""buy_9th_pre_req_pre"": ""0"", ""buy_10th_pre_bid"": ""+74500"", ""buy_10th_pre_req"": ""47"", ""buy_10th_pre_req_pre"": ""0"", ""tot_sel_req_jub_pre"": ""0"", ""tot_sel_req"": ""639"", ""tot_buy_req"": ""623"", ""tot_buy_req_jub_pre"": ""+50"", ""ovt_sel_req_pre"": ""0"", ""ovt_sel_req"": ""0"", ""ovt_buy_req"": ""0"", ""ovt_buy_req_pre"": ""0"", ""return_code"": 0, ""return_msg"": ""정상적으로 처리되었습니다""}"
2026-06-10,watchlist,042700,,0,filtered_candidate_recheck,278500,,278500,278000,278500,280000,0.3590664272890485,0.17953321364452424,,,,,,"{""bid_req_base_tm"": ""114730"", ""sel_10th_pre_req_pre"": ""0"", ""sel_10th_pre_req"": ""262"", ""sel_10th_pre_bid"": ""+283000"", ""sel_9th_pre_req_pre"": ""0"", ""sel_9th_pre_req"": ""317"", ""sel_9th_pre_bid"": ""+282500"", ""sel_8th_pre_req_pre"": ""0"", ""sel_8th_pre_req"": ""219"", ""sel_8th_pre_bid"": ""+282000"", ""sel_7th_pre_req_pre"": ""0"", ""sel_7th_pre_req"": ""32"", ""sel_7th_pre_bid"": ""+281500"", ""sel_6th_pre_req_pre"": ""0"", ""sel_6th_pre_req"": ""385"", ""sel_6th_pre_bid"": ""+281000"", ""sel_5th_pre_req_pre"": ""0"", ""sel_5th_pre_req"": ""45"", ""sel_5th_pre_bid"": ""+280500"", ""sel_4th_pre_req_pre"": ""0"", ""sel_4th_pre_req"": ""374"", ""sel_4th_pre_bid"": ""+280000"", ""sel_3th_pre_req_pre"": ""0"", ""sel_3th_pre_req"": ""535"", ""sel_3th_pre_bid"": ""+279500"", ""sel_2th_pre_req_pre"": ""+7"", ""sel_2th_pre_req"": ""230"", ""sel_2th_pre_bid"": ""+279000"", ""sel_1th_pre_req_pre"": ""0"", ""sel_fpr_req"": ""202"", ""sel_fpr_bid"": ""+278500"", ""buy_fpr_bid"": ""+278000"", ""buy_fpr_req"": ""1543"", ""buy_1th_pre_req_pre"": ""0"", ""buy_2th_pre_bid"": ""+277500"", ""buy_2th_pre_req"": ""523"", ""buy_2th_pre_req_pre"": ""0"", ""buy_3th_pre_bid"": ""+277000"", ""buy_3th_pre_req"": ""774"", ""buy_3th_pre_req_pre"": ""0"", ""buy_4th_pre_bid"": ""276500"", ""buy_4th_pre_req"": ""858"", ""buy_4th_pre_req_pre"": ""0"", ""buy_5th_pre_bid"": ""-276000"", ""buy_5th_pre_req"": ""1948"", ""buy_5th_pre_req_pre"": ""0"", ""buy_6th_pre_bid"": ""-275500"", ""buy_6th_pre_req"": ""274"", ""buy_6th_pre_req_pre"": ""0"", ""buy_7th_pre_bid"": ""-275000"", ""buy_7th_pre_req"": ""1331"", ""buy_7th_pre_req_pre"": ""0"", ""buy_8th_pre_bid"": ""-274500"", ""buy_8th_pre_req"": ""195"", ""buy_8th_pre_req_pre"": ""0"", ""buy_9th_pre_bid"": ""-274000"", ""buy_9th_pre_req"": ""281"", ""buy_9th_pre_req_pre"": ""0"", ""buy_10th_pre_bid"": ""-273500"", ""buy_10th_pre_req"": ""115"", ""buy_10th_pre_req_pre"": ""0"", ""tot_sel_req_jub_pre"": ""+7"", ""tot_sel_req"": ""2601"", ""tot_buy_req"": ""7842"", ""tot_buy_req_jub_pre"": ""0"", ""ovt_sel_req_pre"": ""0"", ""ovt_sel_req"": ""0"", ""ovt_buy_req"": ""0"", ""ovt_buy_req_pre"": ""0"", ""return_code"": 0, ""return_msg"": ""정상적으로 처리되었습니다""}"
2026-06-10,watchlist,003160,,0,filtered_candidate_recheck,28050,,28050,28000,28050,27950,-0.53475935828877,0.17825311942959002,,,,,,"{""bid_req_base_tm"": ""114729"", ""sel_10th_pre_req_pre"": ""0"", ""sel_10th_pre_req"": ""77"", ""sel_10th_pre_bid"": ""+28550"", ""sel_9th_pre_req_pre"": ""0"", ""sel_9th_pre_req"": ""21"", ""sel_9th_pre_bid"": ""+28500"", ""sel_8th_pre_req_pre"": ""0"", ""sel_8th_pre_req"": ""2070"", ""sel_8th_pre_bid"": ""+28400"", ""sel_7th_pre_req_pre"": ""0"", ""sel_7th_pre_req"": ""132"", ""sel_7th_pre_bid"": ""+28350"", ""sel_6th_pre_req_pre"": ""0"", ""sel_6th_pre_req"": ""217"", ""sel_6th_pre_bid"": ""+28300"", ""sel_5th_pre_req_pre"": ""0"", ""sel_5th_pre_req"": ""56"", ""sel_5th_pre_bid"": ""+28250"", ""sel_4th_pre_req_pre"": ""0"", ""sel_4th_pre_req"": ""111"", ""sel_4th_pre_bid"": ""+28200"", ""sel_3th_pre_req_pre"": ""0"", ""sel_3th_pre_req"": ""73"", ""sel_3th_pre_bid"": ""+28150"", ""sel_2th_pre_req_pre"": ""0"", ""sel_2th_pre_req"": ""50"", ""sel_2th_pre_bid"": ""+28100"", ""sel_1th_pre_req_pre"": ""+30"", ""sel_fpr_req"": ""139"", ""sel_fpr_bid"": ""28050"", ""buy_fpr_bid"": ""-28000"", ""buy_fpr_req"": ""240"", ""buy_1th_pre_req_pre"": ""--4"", ""buy_2th_pre_bid"": ""-27950"", ""buy_2th_pre_req"": ""270"", ""buy_2th_pre_req_pre"": ""0"", ""buy_3th_pre_bid"": ""-27900"", ""buy_3th_pre_req"": ""26"", ""buy_3th_pre_req_pre"": ""0"", ""buy_4th_pre_bid"": ""-27850"", ""buy_4th_pre_req"": ""334"", ""buy_4th_pre_req_pre"": ""0"", ""buy_5th_pre_bid"": ""-27800"", ""buy_5th_pre_req"": ""101"", ""buy_5th_pre_req_pre"": ""0"", ""buy_6th_pre_bid"": ""-27750"", ""buy_6th_pre_req"": ""77"", ""buy_6th_pre_req_pre"": ""0"", ""buy_7th_pre_bid"": ""-27700"", ""buy_7th_pre_req"": ""87"", ""buy_7th_pre_req_pre"": ""0"", ""buy_8th_pre_bid"": ""-27650"", ""buy_8th_pre_req"": ""425"", ""buy_8th_pre_req_pre"": ""0"", ""buy_9th_pre_bid"": ""-27600"", ""buy_9th_pre_req"": ""721"", ""buy_9th_pre_req_pre"": ""0"", ""buy_10th_pre_bid"": ""-27550"", ""buy_10th_pre_req"": ""313"", ""buy_10th_pre_req_pre"": ""0"", ""tot_sel_req_jub_pre"": ""+30"", ""tot_sel_req"": ""2946"", ""tot_buy_req"": ""2594"", ""tot_buy_req_jub_pre"": ""--4"", ""ovt_sel_req_pre"": ""0"", ""ovt_sel_req"": ""0"", ""ovt_buy_req"": ""0"", ""ovt_buy_req_pre"": ""0"", ""return_code"": 0, ""return_msg"": ""정상적으로 처리되었습니다""}"
2026-06-10,watchlist,005940,,0,filtered_candidate_recheck,30850,,30850,30800,30850,30950,0.1620745542949757,0.1620745542949757,,,,,,"{""bid_req_base_tm"": ""114724"", ""sel_10th_pre_req_pre"": ""0"", ""sel_10th_pre_req"": ""1074"", ""sel_10th_pre_bid"": ""+31300"", ""sel_9th_pre_req_pre"": ""0"", ""sel_9th_pre_req"": ""445"", ""sel_9th_pre_bid"": ""31250"", ""sel_8th_pre_req_pre"": ""0"", ""sel_8th_pre_req"": ""414"", ""sel_8th_pre_bid"": ""-31200"", ""sel_7th_pre_req_pre"": ""0"", ""sel_7th_pre_req"": ""11"", ""sel_7th_pre_bid"": ""-31150"", ""sel_6th_pre_req_pre"": ""0"", ""sel_6th_pre_req"": ""131"", ""sel_6th_pre_bid"": ""-31100"", ""sel_5th_pre_req_pre"": ""0"", ""sel_5th_pre_req"": ""111"", ""sel_5th_pre_bid"": ""-31050"", ""sel_4th_pre_req_pre"": ""0"", ""sel_4th_pre_req"": ""292"", ""sel_4th_pre_bid"": ""-31000"", ""sel_3th_pre_req_pre"": ""0"", ""sel_3th_pre_req"": ""256"", ""sel_3th_pre_bid"": ""-30950"", ""sel_2th_pre_req_pre"": ""0"", ""sel_2th_pre_req"": ""126"", ""sel_2th_pre_bid"": ""-30900"", ""sel_1th_pre_req_pre"": ""0"", ""sel_fpr_req"": ""35"", ""sel_fpr_bid"": ""-30850"", ""buy_fpr_bid"": ""-30800"", ""buy_fpr_req"": ""1713"", ""buy_1th_pre_req_pre"": ""--48"", ""buy_2th_pre_bid"": ""-30750"", ""buy_2th_pre_req"": ""542"", ""buy_2th_pre_req_pre"": ""0"", ""buy_3th_pre_bid"": ""-30700"", ""buy_3th_pre_req"": ""305"", ""buy_3th_pre_req_pre"": ""0"", ""buy_4th_pre_bid"": ""-30650"", ""buy_4th_pre_req"": ""3671"", ""buy_4th_pre_req_pre"": ""0"", ""buy_5th_pre_bid"": ""-30600"", ""buy_5th_pre_req"": ""381"", ""buy_5th_pre_req_pre"": ""0"", ""buy_6th_pre_bid"": ""-30550"", ""buy_6th_pre_req"": ""433"", ""buy_6th_pre_req_pre"": ""0"", ""buy_7th_pre_bid"": ""-30500"", ""buy_7th_pre_req"": ""1206"", ""buy_7th_pre_req_pre"": ""0"", ""buy_8th_pre_bid"": ""-30450"", ""buy_8th_pre_req"": ""1572"", ""buy_8th_pre_req_pre"": ""0"", ""buy_9th_pre_bid"": ""-30400"", ""buy_9th_pre_req"": ""990"", ""buy_9th_pre_req_pre"": ""0"", ""buy_10th_pre_bid"": ""-30350"", ""buy_10th_pre_req"": ""1049"", ""buy_10th_pre_req_pre"": ""0"", ""tot_sel_req_jub_pre"": ""0"", ""tot_sel_req"": ""2895"", ""tot_buy_req"": ""11862"", ""tot_buy_req_jub_pre"": ""--48"", ""ovt_sel_req_pre"": ""0"", ""ovt_sel_req"": ""0"", ""ovt_buy_req"": ""0"", ""ovt_buy_req_pre"": ""0"", ""return_code"": 0, ""return_msg"": ""정상적으로 처리되었습니다""}"
2026-06-10,watchlist,120110,,0,filtered_candidate_recheck,70000,,70000,69900,70000,70000,-0.14285714285714285,0.14285714285714285,,,,,,"{""bid_req_base_tm"": ""114728"", ""sel_10th_pre_req_pre"": ""0"", ""sel_10th_pre_req"": ""105"", ""sel_10th_pre_bid"": ""+70900"", ""sel_9th_pre_req_pre"": ""0"", ""sel_9th_pre_req"": ""4"", ""sel_9th_pre_bid"": ""+70800"", ""sel_8th_pre_req_pre"": ""0"", ""sel_8th_pre_req"": ""211"", ""sel_8th_pre_bid"": ""+70700"", ""sel_7th_pre_req_pre"": ""0"", ""sel_7th_pre_req"": ""187"", ""sel_7th_pre_bid"": ""+70600"", ""sel_6th_pre_req_pre"": ""0"", ""sel_6th_pre_req"": ""14"", ""sel_6th_pre_bid"": ""+70500"", ""sel_5th_pre_req_pre"": ""0"", ""sel_5th_pre_req"": ""85"", ""sel_5th_pre_bid"": ""+70400"", ""sel_4th_pre_req_pre"": ""0"", ""sel_4th_pre_req"": ""75"", ""sel_4th_pre_bid"": ""+70300"", ""sel_3th_pre_req_pre"": ""0"", ""sel_3th_pre_req"": ""42"", ""sel_3th_pre_bid"": ""+70200"", ""sel_2th_pre_req_pre"": ""0"", ""sel_2th_pre_req"": ""74"", ""sel_2th_pre_bid"": ""+70100"", ""sel_1th_pre_req_pre"": ""--14"", ""sel_fpr_req"": ""213"", ""sel_fpr_bid"": ""+70000"", ""buy_fpr_bid"": ""+69900"", ""buy_fpr_req"": ""403"", ""buy_1th_pre_req_pre"": ""0"", ""buy_2th_pre_bid"": ""+69800"", ""buy_2th_pre_req"": ""35"", ""buy_2th_pre_req_pre"": ""0"", ""buy_3th_pre_bid"": ""+69700"", ""buy_3th_pre_req"": ""16"", ""buy_3th_pre_req_pre"": ""0"", ""buy_4th_pre_bid"": ""+69600"", ""buy_4th_pre_req"": ""95"", ""buy_4th_pre_req_pre"": ""0"", ""buy_5th_pre_bid"": ""+69500"", ""buy_5th_pre_req"": ""100"", ""buy_5th_pre_req_pre"": ""0"", ""buy_6th_pre_bid"": ""+69400"", ""buy_6th_pre_req"": ""23"", ""buy_6th_pre_req_pre"": ""0"", ""buy_7th_pre_bid"": ""+69300"", ""buy_7th_pre_req"": ""23"", ""buy_7th_pre_req_pre"": ""0"", ""buy_8th_pre_bid"": ""+69200"", ""buy_8th_pre_req"": ""381"", ""buy_8th_pre_req_pre"": ""0"", ""buy_9th_pre_bid"": ""+69100"", ""buy_9th_pre_req"": ""111"", ""buy_9th_pre_req_pre"": ""0"", ""buy_10th_pre_bid"": ""+69000"", ""buy_10th_pre_req"": ""594"", ""buy_10th_pre_req_pre"": ""0"", ""tot_sel_req_jub_pre"": ""--14"", ""tot_sel_req"": ""1010"", ""tot_buy_req"": ""1781"", ""tot_buy_req_jub_pre"": ""0"", ""ovt_sel_req_pre"": ""0"", ""ovt_sel_req"": ""0"", ""ovt_buy_req"": ""0"", ""ovt_buy_req_pre"": ""0"", ""return_code"": 0, ""return_msg"": ""정상적으로 처리되었습니다""}"
2026-06-10,watchlist,375500,,0,filtered_candidate_recheck,71100,,71100,70900,71100,70900,-0.42194092827004215,0.2812939521800281,,,,,,"{""bid_req_base_tm"": ""114730"", ""sel_10th_pre_req_pre"": ""0"", ""sel_10th_pre_req"": ""355"", ""sel_10th_pre_bid"": ""+72000"", ""sel_9th_pre_req_pre"": ""0"", ""sel_9th_pre_req"": ""203"", ""sel_9th_pre_bid"": ""+71900"", ""sel_8th_pre_req_pre"": ""0"", ""sel_8th_pre_req"": ""200"", ""sel_8th_pre_bid"": ""+71800"", ""sel_7th_pre_req_pre"": ""0"", ""sel_7th_pre_req"": ""275"", ""sel_7th_pre_bid"": ""+71700"", ""sel_6th_pre_req_pre"": ""0"", ""sel_6th_pre_req"": ""296"", ""sel_6th_pre_bid"": ""+71600"", ""sel_5th_pre_req_pre"": ""0"", ""sel_5th_pre_req"": ""585"", ""sel_5th_pre_bid"": ""+71500"", ""sel_4th_pre_req_pre"": ""0"", ""sel_4th_pre_req"": ""527"", ""sel_4th_pre_bid"": ""+71400"", ""sel_3th_pre_req_pre"": ""0"", ""sel_3th_pre_req"": ""131"", ""sel_3th_pre_bid"": ""+71300"", ""sel_2th_pre_req_pre"": ""0"", ""sel_2th_pre_req"": ""258"", ""sel_2th_pre_bid"": ""+71200"", ""sel_1th_pre_req_pre"": ""0"", ""sel_fpr_req"": ""245"", ""sel_fpr_bid"": ""+71100"", ""buy_fpr_bid"": ""+70900"", ""buy_fpr_req"": ""53"", ""buy_1th_pre_req_pre"": ""0"", ""buy_2th_pre_bid"": ""+70800"", ""buy_2th_pre_req"": ""532"", ""buy_2th_pre_req_pre"": ""0"", ""buy_3th_pre_bid"": ""+70700"", ""buy_3th_pre_req"": ""319"", ""buy_3th_pre_req_pre"": ""0"", ""buy_4th_pre_bid"": ""+70600"", ""buy_4th_pre_req"": ""163"", ""buy_4th_pre_req_pre"": ""0"", ""buy_5th_pre_bid"": ""+70500"", ""buy_5th_pre_req"": ""496"", ""buy_5th_pre_req_pre"": ""0"", ""buy_6th_pre_bid"": ""+70400"", ""buy_6th_pre_req"": ""48"", ""buy_6th_pre_req_pre"": ""0"", ""buy_7th_pre_bid"": ""+70300"", ""buy_7th_pre_req"": ""189"", ""buy_7th_pre_req_pre"": ""0"", ""buy_8th_pre_bid"": ""+70200"", ""buy_8th_pre_req"": ""190"", ""buy_8th_pre_req_pre"": ""0"", ""buy_9th_pre_bid"": ""+70100"", ""buy_9th_pre_req"": ""194"", ""buy_9th_pre_req_pre"": ""0"", ""buy_10th_pre_bid"": ""+70000"", ""buy_10th_pre_req"": ""134"", ""buy_10th_pre_req_pre"": ""0"", ""tot_sel_req_jub_pre"": ""0"", ""tot_sel_req"": ""3075"", ""tot_buy_req"": ""2318"", ""tot_buy_req_jub_pre"": ""0"", ""ovt_sel_req_pre"": ""0"", ""ovt_sel_req"": ""0"", ""ovt_buy_req"": ""0"", ""ovt_buy_req_pre"": ""0"", ""return_code"": 0, ""return_msg"": ""정상적으로 처리되었습니다""}"
2026-06-10,watchlist,483650,,0,filtered_candidate_recheck,206000,,206000,205500,206000,206500,0.0,0.24271844660194172,,,,,,"{""bid_req_base_tm"": ""114724"", ""sel_10th_pre_req_pre"": ""0"", ""sel_10th_pre_req"": ""725"", ""sel_10th_pre_bid"": ""+210500"", ""sel_9th_pre_req_pre"": ""0"", ""sel_9th_pre_req"": ""751"", ""sel_9th_pre_bid"": ""+210000"", ""sel_8th_pre_req_pre"": ""0"", ""sel_8th_pre_req"": ""762"", ""sel_8th_pre_bid"": ""+209500"", ""sel_7th_pre_req_pre"": ""0"", ""sel_7th_pre_req"": ""1476"", ""sel_7th_pre_bid"": ""+209000"", ""sel_6th_pre_req_pre"": ""0"", ""sel_6th_pre_req"": ""1099"", ""sel_6th_pre_bid"": ""+208500"", ""sel_5th_pre_req_pre"": ""0"", ""sel_5th_pre_req"": ""105"", ""sel_5th_pre_bid"": ""+208000"", ""sel_4th_pre_req_pre"": ""0"", ""sel_4th_pre_req"": ""160"", ""sel_4th_pre_bid"": ""+207500"", ""sel_3th_pre_req_pre"": ""0"", ""sel_3th_pre_req"": ""188"", ""sel_3th_pre_bid"": ""+207000"", ""sel_2th_pre_req_pre"": ""0"", ""sel_2th_pre_req"": ""325"", ""sel_2th_pre_bid"": ""+206500"", ""sel_1th_pre_req_pre"": ""+8"", ""sel_fpr_req"": ""304"", ""sel_fpr_bid"": ""+206000"", ""buy_fpr_bid"": ""+205500"", ""buy_fpr_req"": ""272"", ""buy_1th_pre_req_pre"": ""0"", ""buy_2th_pre_bid"": ""+205000"", ""buy_2th_pre_req"": ""207"", ""buy_2th_pre_req_pre"": ""0"", ""buy_3th_pre_bid"": ""+204500"", ""buy_3th_pre_req"": ""181"", ""buy_3th_pre_req_pre"": ""0"", ""buy_4th_pre_bid"": ""+204000"", ""buy_4th_pre_req"": ""5161"", ""buy_4th_pre_req_pre"": ""0"", ""buy_5th_pre_bid"": ""+203500"", ""buy_5th_pre_req"": ""16"", ""buy_5th_pre_req_pre"": ""0"", ""buy_6th_pre_bid"": ""+203000"", ""buy_6th_pre_req"": ""59"", ""buy_6th_pre_req_pre"": ""0"", ""buy_7th_pre_bid"": ""+202500"", ""buy_7th_pre_req"": ""44"", ""buy_7th_pre_req_pre"": ""0"", ""buy_8th_pre_bid"": ""+202000"", ""buy_8th_pre_req"": ""50"", ""buy_8th_pre_req_pre"": ""0"", ""buy_9th_pre_bid"": ""+201500"", ""buy_9th_pre_req"": ""178"", ""buy_9th_pre_req_pre"": ""0"", ""buy_10th_pre_bid"": ""+201000"", ""buy_10th_pre_req"": ""332"", ""buy_10th_pre_req_pre"": ""0"", ""tot_sel_req_jub_pre"": ""+8"", ""tot_sel_req"": ""5895"", ""tot_buy_req"": ""6500"", ""tot_buy_req_jub_pre"": ""0"", ""ovt_sel_req_pre"": ""0"", ""ovt_sel_req"": ""0"", ""ovt_buy_req"": ""0"", ""ovt_buy_req_pre"": ""0"", ""return_code"": 0, ""return_msg"": ""정상적으로 처리되었습니다""}"
2026-06-10,scan_candidate,005930,,0,main_scan,305500,,305500,305000,305500,306000,0.0,0.16366612111292964,,,,,,"{""bid_req_base_tm"": ""114933"", ""sel_10th_pre_req_pre"": ""0"", ""sel_10th_pre_req"": ""29444"", ""sel_10th_pre_bid"": ""-310000"", ""sel_9th_pre_req_pre"": ""0"", ""sel_9th_pre_req"": ""21359"", ""sel_9th_pre_bid"": ""-309500"", ""sel_8th_pre_req_pre"": ""0"", ""sel_8th_pre_req"": ""16871"", ""sel_8th_pre_bid"": ""-309000"", ""sel_7th_pre_req_pre"": ""0"", ""sel_7th_pre_req"": ""26083"", ""sel_7th_pre_bid"": ""-308500"", ""sel_6th_pre_req_pre"": ""0"", ""sel_6th_pre_req"": ""30441"", ""sel_6th_pre_bid"": ""-308000"", ""sel_5th_pre_req_pre"": ""0"", ""sel_5th_pre_req"": ""20315"", ""sel_5th_pre_bid"": ""-307500"", ""sel_4th_pre_req_pre"": ""0"", ""sel_4th_pre_req"": ""17105"", ""sel_4th_pre_bid"": ""-307000"", ""sel_3th_pre_req_pre"": ""0"", ""sel_3th_pre_req"": ""19465"", ""sel_3th_pre_bid"": ""-306500"", ""sel_2th_pre_req_pre"": ""0"", ""sel_2th_pre_req"": ""35295"", ""sel_2th_pre_bid"": ""-306000"", ""sel_1th_pre_req_pre"": ""0"", ""sel_fpr_req"": ""8011"", ""sel_fpr_bid"": ""-305500"", ""buy_fpr_bid"": ""-305000"", ""buy_fpr_req"": ""12526"", ""buy_1th_pre_req_pre"": ""--154"", ""buy_2th_pre_bid"": ""-304500"", ""buy_2th_pre_req"": ""15025"", ""buy_2th_pre_req_pre"": ""0"", ""buy_3th_pre_bid"": ""-304000"", ""buy_3th_pre_req"": ""19576"", ""buy_3th_pre_req_pre"": ""0"", ""buy_4th_pre_bid"": ""-303500"", ""buy_4th_pre_req"": ""32245"", ""buy_4th_pre_req_pre"": ""0"", ""buy_5th_pre_bid"": ""-303000"", ""buy_5th_pre_req"": ""111511"", ""buy_5th_pre_req_pre"": ""+12"", ""buy_6th_pre_bid"": ""-302500"", ""buy_6th_pre_req"": ""53406"", ""buy_6th_pre_req_pre"": ""0"", ""buy_7th_pre_bid"": ""-302000"", ""buy_7th_pre_req"": ""62502"", ""buy_7th_pre_req_pre"": ""0"", ""buy_8th_pre_bid"": ""-301500"", ""buy_8th_pre_req"": ""52680"", ""buy_8th_pre_req_pre"": ""0"", ""buy_9th_pre_bid"": ""-301000"", ""buy_9th_pre_req"": ""103370"", ""buy_9th_pre_req_pre"": ""0"", ""buy_10th_pre_bid"": ""-300500"", ""buy_10th_pre_req"": ""140680"", ""buy_10th_pre_req_pre"": ""0"", ""tot_sel_req_jub_pre"": ""0"", ""tot_sel_req"": ""224389"", ""tot_buy_req"": ""603521"", ""tot_buy_req_jub_pre"": ""--142"", ""ovt_sel_req_pre"": ""0"", ""ovt_sel_req"": ""0"", ""ovt_buy_req"": ""0"", ""ovt_buy_req_pre"": ""0"", ""return_code"": 0, ""return_msg"": ""정상적으로 처리되었습니다""}"
2026-06-10,scan_candidate,000660,,0,main_scan,2104000,,2104000,2103000,2104000,2103000,-0.09505703422053231,0.04752851711026616,,,,,,"{""bid_req_base_tm"": ""114933"", ""sel_10th_pre_req_pre"": ""0"", ""sel_10th_pre_req"": ""296"", ""sel_10th_pre_bid"": ""-2113000"", ""sel_9th_pre_req_pre"": ""0"", ""sel_9th_pre_req"": ""569"", ""sel_9th_pre_bid"": ""-2112000"", ""sel_8th_pre_req_pre"": ""0"", ""sel_8th_pre_req"": ""724"", ""sel_8th_pre_bid"": ""-2111000"", ""sel_7th_pre_req_pre"": ""0"", ""sel_7th_pre_req"": ""802"", ""sel_7th_pre_bid"": ""-2110000"", ""sel_6th_pre_req_pre"": ""0"", ""sel_6th_pre_req"": ""455"", ""sel_6th_pre_bid"": ""-2109000"", ""sel_5th_pre_req_pre"": ""0"", ""sel_5th_pre_req"": ""439"", ""sel_5th_pre_bid"": ""-2108000"", ""sel_4th_pre_req_pre"": ""0"", ""sel_4th_pre_req"": ""196"", ""sel_4th_pre_bid"": ""-2107000"", ""sel_3th_pre_req_pre"": ""0"", ""sel_3th_pre_req"": ""299"", ""sel_3th_pre_bid"": ""-2106000"", ""sel_2th_pre_req_pre"": ""0"", ""sel_2th_pre_req"": ""151"", ""sel_2th_pre_bid"": ""-2105000"", ""sel_1th_pre_req_pre"": ""0"", ""sel_fpr_req"": ""19"", ""sel_fpr_bid"": ""-2104000"", ""buy_fpr_bid"": ""-2103000"", ""buy_fpr_req"": ""405"", ""buy_1th_pre_req_pre"": ""0"", ""buy_2th_pre_bid"": ""-2102000"", ""buy_2th_pre_req"": ""1658"", ""buy_2th_pre_req_pre"": ""0"", ""buy_3th_pre_bid"": ""-2101000"", ""buy_3th_pre_req"": ""500"", ""buy_3th_pre_req_pre"": ""+200"", ""buy_4th_pre_bid"": ""-2100000"", ""buy_4th_pre_req"": ""119"", ""buy_4th_pre_req_pre"": ""--201"", ""buy_5th_pre_bid"": ""-2099000"", ""buy_5th_pre_req"": ""85"", ""buy_5th_pre_req_pre"": ""0"", ""buy_6th_pre_bid"": ""-2098000"", ""buy_6th_pre_req"": ""15"", ""buy_6th_pre_req_pre"": ""0"", ""buy_7th_pre_bid"": ""-2097000"", ""buy_7th_pre_req"": ""163"", ""buy_7th_pre_req_pre"": ""0"", ""buy_8th_pre_bid"": ""-2096000"", ""buy_8th_pre_req"": ""96"", ""buy_8th_pre_req_pre"": ""0"", ""buy_9th_pre_bid"": ""-2095000"", ""buy_9th_pre_req"": ""248"", ""buy_9th_pre_req_pre"": ""0"", ""buy_10th_pre_bid"": ""-2094000"", ""buy_10th_pre_req"": ""98"", ""buy_10th_pre_req_pre"": ""0"", ""tot_sel_req_jub_pre"": ""0"", ""tot_sel_req"": ""3950"", ""tot_buy_req"": ""3387"", ""tot_buy_req_jub_pre"": ""--1"", ""ovt_sel_req_pre"": ""0"", ""ovt_sel_req"": ""0"", ""ovt_buy_req"": ""0"", ""ovt_buy_req_pre"": ""0"", ""return_code"": 0, ""return_msg"": ""정상적으로 처리되었습니다""}"
2026-06-10,scan_candidate,402340,,0,main_scan,1221000,,1221000,1220000,1221000,1217000,-0.4095004095004095,0.08190008190008191,,,,,,"{""bid_req_base_tm"": ""114933"", ""sel_10th_pre_req_pre"": ""0"", ""sel_10th_pre_req"": ""180"", ""sel_10th_pre_bid"": ""-1230000"", ""sel_9th_pre_req_pre"": ""0"", ""sel_9th_pre_req"": ""81"", ""sel_9th_pre_bid"": ""-1229000"", ""sel_8th_pre_req_pre"": ""0"", ""sel_8th_pre_req"": ""9"", ""sel_8th_pre_bid"": ""-1228000"", ""sel_7th_pre_req_pre"": ""0"", ""sel_7th_pre_req"": ""31"", ""sel_7th_pre_bid"": ""-1227000"", ""sel_6th_pre_req_pre"": ""0"", ""sel_6th_pre_req"": ""26"", ""sel_6th_pre_bid"": ""-1226000"", ""sel_5th_pre_req_pre"": ""0"", ""sel_5th_pre_req"": ""133"", ""sel_5th_pre_bid"": ""-1225000"", ""sel_4th_pre_req_pre"": ""0"", ""sel_4th_pre_req"": ""15"", ""sel_4th_pre_bid"": ""-1224000"", ""sel_3th_pre_req_pre"": ""0"", ""sel_3th_pre_req"": ""539"", ""sel_3th_pre_bid"": ""-1223000"", ""sel_2th_pre_req_pre"": ""0"", ""sel_2th_pre_req"": ""349"", ""sel_2th_pre_bid"": ""-1222000"", ""sel_1th_pre_req_pre"": ""--1"", ""sel_fpr_req"": ""282"", ""sel_fpr_bid"": ""-1221000"", ""buy_fpr_bid"": ""-1220000"", ""buy_fpr_req"": ""233"", ""buy_1th_pre_req_pre"": ""0"", ""buy_2th_pre_bid"": ""-1219000"", ""buy_2th_pre_req"": ""217"", ""buy_2th_pre_req_pre"": ""0"", ""buy_3th_pre_bid"": ""-1218000"", ""buy_3th_pre_req"": ""249"", ""buy_3th_pre_req_pre"": ""0"", ""buy_4th_pre_bid"": ""-1217000"", ""buy_4th_pre_req"": ""303"", ""buy_4th_pre_req_pre"": ""0"", ""buy_5th_pre_bid"": ""-1216000"", ""buy_5th_pre_req"": ""13"", ""buy_5th_pre_req_pre"": ""0"", ""buy_6th_pre_bid"": ""-1215000"", ""buy_6th_pre_req"": ""1"", ""buy_6th_pre_req_pre"": ""0"", ""buy_7th_pre_bid"": ""-1214000"", ""buy_7th_pre_req"": ""2"", ""buy_7th_pre_req_pre"": ""0"", ""buy_8th_pre_bid"": ""-1213000"", ""buy_8th_pre_req"": ""1"", ""buy_8th_pre_req_pre"": ""0"", ""buy_9th_pre_bid"": ""-1212000"", ""buy_9th_pre_req"": ""6"", ""buy_9th_pre_req_pre"": ""0"", ""buy_10th_pre_bid"": ""-1211000"", ""buy_10th_pre_req"": ""4"", ""buy_10th_pre_req_pre"": ""0"", ""tot_sel_req_jub_pre"": ""--1"", ""tot_sel_req"": ""1645"", ""tot_buy_req"": ""1029"", ""tot_buy_req_jub_pre"": ""0"", ""ovt_sel_req_pre"": ""0"", ""ovt_sel_req"": ""0"", ""ovt_buy_req"": ""0"", ""ovt_buy_req_pre"": ""0"", ""return_code"": 0, ""return_msg"": ""정상적으로 처리되었습니다""}"
2026-06-10,scan_candidate,009150,,0,main_scan,1905000,,1905000,1904000,1905000,1901000,-0.26246719160104987,0.05249343832020997,,,,,,"{""bid_req_base_tm"": ""114934"", ""sel_10th_pre_req_pre"": ""0"", ""sel_10th_pre_req"": ""55"", ""sel_10th_pre_bid"": ""-1914000"", ""sel_9th_pre_req_pre"": ""0"", ""sel_9th_pre_req"": ""57"", ""sel_9th_pre_bid"": ""-1913000"", ""sel_8th_pre_req_pre"": ""0"", ""sel_8th_pre_req"": ""63"", ""sel_8th_pre_bid"": ""-1912000"", ""sel_7th_pre_req_pre"": ""0"", ""sel_7th_pre_req"": ""24"", ""sel_7th_pre_bid"": ""-1911000"", ""sel_6th_pre_req_pre"": ""0"", ""sel_6th_pre_req"": ""815"", ""sel_6th_pre_bid"": ""-1910000"", ""sel_5th_pre_req_pre"": ""--5"", ""sel_5th_pre_req"": ""285"", ""sel_5th_pre_bid"": ""-1909000"", ""sel_4th_pre_req_pre"": ""0"", ""sel_4th_pre_req"": ""109"", ""sel_4th_pre_bid"": ""-1908000"", ""sel_3th_pre_req_pre"": ""0"", ""sel_3th_pre_req"": ""639"", ""sel_3th_pre_bid"": ""-1907000"", ""sel_2th_pre_req_pre"": ""0"", ""sel_2th_pre_req"": ""131"", ""sel_2th_pre_bid"": ""-1906000"", ""sel_1th_pre_req_pre"": ""0"", ""sel_fpr_req"": ""246"", ""sel_fpr_bid"": ""-1905000"", ""buy_fpr_bid"": ""-1904000"", ""buy_fpr_req"": ""50"", ""buy_1th_pre_req_pre"": ""0"", ""buy_2th_pre_bid"": ""-1903000"", ""buy_2th_pre_req"": ""58"", ""buy_2th_pre_req_pre"": ""0"", ""buy_3th_pre_bid"": ""-1902000"", ""buy_3th_pre_req"": ""42"", ""buy_3th_pre_req_pre"": ""0"", ""buy_4th_pre_bid"": ""-1901000"", ""buy_4th_pre_req"": ""43"", ""buy_4th_pre_req_pre"": ""0"", ""buy_5th_pre_bid"": ""-1900000"", ""buy_5th_pre_req"": ""75"", ""buy_5th_pre_req_pre"": ""0"", ""buy_6th_pre_bid"": ""-1899000"", ""buy_6th_pre_req"": ""65"", ""buy_6th_pre_req_pre"": ""0"", ""buy_7th_pre_bid"": ""-1898000"", ""buy_7th_pre_req"": ""20"", ""buy_7th_pre_req_pre"": ""0"", ""buy_8th_pre_bid"": ""-1897000"", ""buy_8th_pre_req"": ""29"", ""buy_8th_pre_req_pre"": ""0"", ""buy_9th_pre_bid"": ""-1896000"", ""buy_9th_pre_req"": ""18"", ""buy_9th_pre_req_pre"": ""0"", ""buy_10th_pre_bid"": ""-1895000"", ""buy_10th_pre_req"": ""39"", ""buy_10th_pre_req_pre"": ""0"", ""tot_sel_req_jub_pre"": ""--5"", ""tot_sel_req"": ""2424"", ""tot_buy_req"": ""439"", ""tot_buy_req_jub_pre"": ""0"", ""ovt_sel_req_pre"": ""0"", ""ovt_sel_req"": ""0"", ""ovt_buy_req"": ""0"", ""ovt_buy_req_pre"": ""0"", ""return_code"": 0, ""return_msg"": ""정상적으로 처리되었습니다""}"
2026-06-10,scan_candidate,032830,,0,main_scan,371500,,371500,371000,371500,371500,-0.13458950201884254,0.13458950201884254,,,,,,"{""bid_req_base_tm"": ""114934"", ""sel_10th_pre_req_pre"": ""0"", ""sel_10th_pre_req"": ""43"", ""sel_10th_pre_bid"": ""-376000"", ""sel_9th_pre_req_pre"": ""0"", ""sel_9th_pre_req"": ""16"", ""sel_9th_pre_bid"": ""-375500"", ""sel_8th_pre_req_pre"": ""0"", ""sel_8th_pre_req"": ""83"", ""sel_8th_pre_bid"": ""-375000"", ""sel_7th_pre_req_pre"": ""0"", ""sel_7th_pre_req"": ""110"", ""sel_7th_pre_bid"": ""-374500"", ""sel_6th_pre_req_pre"": ""0"", ""sel_6th_pre_req"": ""191"", ""sel_6th_pre_bid"": ""-374000"", ""sel_5th_pre_req_pre"": ""0"", ""sel_5th_pre_req"": ""128"", ""sel_5th_pre_bid"": ""-373500"", ""sel_4th_pre_req_pre"": ""0"", ""sel_4th_pre_req"": ""131"", ""sel_4th_pre_bid"": ""-373000"", ""sel_3th_pre_req_pre"": ""0"", ""sel_3th_pre_req"": ""17"", ""sel_3th_pre_bid"": ""-372500"", ""sel_2th_pre_req_pre"": ""--13"", ""sel_2th_pre_req"": ""457"", ""sel_2th_pre_bid"": ""-372000"", ""sel_1th_pre_req_pre"": ""+13"", ""sel_fpr_req"": ""174"", ""sel_fpr_bid"": ""-371500"", ""buy_fpr_bid"": ""-371000"", ""buy_fpr_req"": ""93"", ""buy_1th_pre_req_pre"": ""+4"", ""buy_2th_pre_bid"": ""-370500"", ""buy_2th_pre_req"": ""14"", ""buy_2th_pre_req_pre"": ""0"", ""buy_3th_pre_bid"": ""-370000"", ""buy_3th_pre_req"": ""86"", ""buy_3th_pre_req_pre"": ""0"", ""buy_4th_pre_bid"": ""-369500"", ""buy_4th_pre_req"": ""71"", ""buy_4th_pre_req_pre"": ""0"", ""buy_5th_pre_bid"": ""-369000"", ""buy_5th_pre_req"": ""306"", ""buy_5th_pre_req_pre"": ""0"", ""buy_6th_pre_bid"": ""-368500"", ""buy_6th_pre_req"": ""175"", ""buy_6th_pre_req_pre"": ""0"", ""buy_7th_pre_bid"": ""-368000"", ""buy_7th_pre_req"": ""415"", ""buy_7th_pre_req_pre"": ""0"", ""buy_8th_pre_bid"": ""-367500"", ""buy_8th_pre_req"": ""308"", ""buy_8th_pre_req_pre"": ""0"", ""buy_9th_pre_bid"": ""-367000"", ""buy_9th_pre_req"": ""309"", ""buy_9th_pre_req_pre"": ""0"", ""buy_10th_pre_bid"": ""-366500"", ""buy_10th_pre_req"": ""106"", ""buy_10th_pre_req_pre"": ""0"", ""tot_sel_req_jub_pre"": ""0"", ""tot_sel_req"": ""1350"", ""tot_buy_req"": ""1883"", ""tot_buy_req_jub_pre"": ""+4"", ""ovt_sel_req_pre"": ""0"", ""ovt_sel_req"": ""0"", ""ovt_buy_req"": ""0"", ""ovt_buy_req_pre"": ""0"", ""return_code"": 0, ""return_msg"": ""정상적으로 처리되었습니다""}"
2026-06-10,scan_candidate,012330,,0,main_scan,574000,,574000,573000,574000,576000,0.17421602787456447,0.17421602787456447,,,,,,"{""bid_req_base_tm"": ""114934"", ""sel_10th_pre_req_pre"": ""0"", ""sel_10th_pre_req"": ""108"", ""sel_10th_pre_bid"": ""-583000"", ""sel_9th_pre_req_pre"": ""0"", ""sel_9th_pre_req"": ""171"", ""sel_9th_pre_bid"": ""-582000"", ""sel_8th_pre_req_pre"": ""0"", ""sel_8th_pre_req"": ""146"", ""sel_8th_pre_bid"": ""-581000"", ""sel_7th_pre_req_pre"": ""0"", ""sel_7th_pre_req"": ""758"", ""sel_7th_pre_bid"": ""-580000"", ""sel_6th_pre_req_pre"": ""0"", ""sel_6th_pre_req"": ""308"", ""sel_6th_pre_bid"": ""-579000"", ""sel_5th_pre_req_pre"": ""0"", ""sel_5th_pre_req"": ""33"", ""sel_5th_pre_bid"": ""-578000"", ""sel_4th_pre_req_pre"": ""0"", ""sel_4th_pre_req"": ""238"", ""sel_4th_pre_bid"": ""-577000"", ""sel_3th_pre_req_pre"": ""0"", ""sel_3th_pre_req"": ""100"", ""sel_3th_pre_bid"": ""-576000"", ""sel_2th_pre_req_pre"": ""0"", ""sel_2th_pre_req"": ""221"", ""sel_2th_pre_bid"": ""-575000"", ""sel_1th_pre_req_pre"": ""0"", ""sel_fpr_req"": ""42"", ""sel_fpr_bid"": ""-574000"", ""buy_fpr_bid"": ""-573000"", ""buy_fpr_req"": ""424"", ""buy_1th_pre_req_pre"": ""0"", ""buy_2th_pre_bid"": ""-572000"", ""buy_2th_pre_req"": ""571"", ""buy_2th_pre_req_pre"": ""0"", ""buy_3th_pre_bid"": ""-571000"", ""buy_3th_pre_req"": ""265"", ""buy_3th_pre_req_pre"": ""0"", ""buy_4th_pre_bid"": ""-570000"", ""buy_4th_pre_req"": ""1066"", ""buy_4th_pre_req_pre"": ""--9"", ""buy_5th_pre_bid"": ""-569000"", ""buy_5th_pre_req"": ""2788"", ""buy_5th_pre_req_pre"": ""0"", ""buy_6th_pre_bid"": ""-568000"", ""buy_6th_pre_req"": ""1471"", ""buy_6th_pre_req_pre"": ""0"", ""buy_7th_pre_bid"": ""-567000"", ""buy_7th_pre_req"": ""952"", ""buy_7th_pre_req_pre"": ""0"", ""buy_8th_pre_bid"": ""-566000"", ""buy_8th_pre_req"": ""1562"", ""buy_8th_pre_req_pre"": ""0"", ""buy_9th_pre_bid"": ""-565000"", ""buy_9th_pre_req"": ""2125"", ""buy_9th_pre_req_pre"": ""0"", ""buy_10th_pre_bid"": ""-564000"", ""buy_10th_pre_req"": ""868"", ""buy_10th_pre_req_pre"": ""0"", ""tot_sel_req_jub_pre"": ""0"", ""tot_sel_req"": ""2125"", ""tot_buy_req"": ""12092"", ""tot_buy_req_jub_pre"": ""--9"", ""ovt_sel_req_pre"": ""0"", ""ovt_sel_req"": ""0"", ""ovt_buy_req"": ""0"", ""ovt_buy_req_pre"": ""0"", ""return_code"": 0, ""return_msg"": ""정상적으로 처리되었습니다""}"
2026-06-10,scan_candidate,055550,,0,main_scan,98000,,98000,97900,98000,98000,-0.10204081632653061,0.10204081632653061,,,,,,"{""bid_req_base_tm"": ""114934"", ""sel_10th_pre_req_pre"": ""0"", ""sel_10th_pre_req"": ""401"", ""sel_10th_pre_bid"": ""-98900"", ""sel_9th_pre_req_pre"": ""0"", ""sel_9th_pre_req"": ""525"", ""sel_9th_pre_bid"": ""-98800"", ""sel_8th_pre_req_pre"": ""0"", ""sel_8th_pre_req"": ""619"", ""sel_8th_pre_bid"": ""-98700"", ""sel_7th_pre_req_pre"": ""0"", ""sel_7th_pre_req"": ""10"", ""sel_7th_pre_bid"": ""-98600"", ""sel_6th_pre_req_pre"": ""0"", ""sel_6th_pre_req"": ""50"", ""sel_6th_pre_bid"": ""-98500"", ""sel_5th_pre_req_pre"": ""0"", ""sel_5th_pre_req"": ""72"", ""sel_5th_pre_bid"": ""-98400"", ""sel_4th_pre_req_pre"": ""0"", ""sel_4th_pre_req"": ""869"", ""sel_4th_pre_bid"": ""-98300"", ""sel_3th_pre_req_pre"": ""0"", ""sel_3th_pre_req"": ""490"", ""sel_3th_pre_bid"": ""-98200"", ""sel_2th_pre_req_pre"": ""0"", ""sel_2th_pre_req"": ""555"", ""sel_2th_pre_bid"": ""-98100"", ""sel_1th_pre_req_pre"": ""0"", ""sel_fpr_req"": ""3780"", ""sel_fpr_bid"": ""-98000"", ""buy_fpr_bid"": ""-97900"", ""buy_fpr_req"": ""1690"", ""buy_1th_pre_req_pre"": ""+51"", ""buy_2th_pre_bid"": ""-97800"", ""buy_2th_pre_req"": ""758"", ""buy_2th_pre_req_pre"": ""0"", ""buy_3th_pre_bid"": ""-97700"", ""buy_3th_pre_req"": ""522"", ""buy_3th_pre_req_pre"": ""0"", ""buy_4th_pre_bid"": ""-97600"", ""buy_4th_pre_req"": ""628"", ""buy_4th_pre_req_pre"": ""0"", ""buy_5th_pre_bid"": ""-97500"", ""buy_5th_pre_req"": ""1301"", ""buy_5th_pre_req_pre"": ""0"", ""buy_6th_pre_bid"": ""-97400"", ""buy_6th_pre_req"": ""129"", ""buy_6th_pre_req_pre"": ""0"", ""buy_7th_pre_bid"": ""-97300"", ""buy_7th_pre_req"": ""1860"", ""buy_7th_pre_req_pre"": ""0"", ""buy_8th_pre_bid"": ""-97200"", ""buy_8th_pre_req"": ""194"", ""buy_8th_pre_req_pre"": ""0"", ""buy_9th_pre_bid"": ""-97100"", ""buy_9th_pre_req"": ""1900"", ""buy_9th_pre_req_pre"": ""0"", ""buy_10th_pre_bid"": ""-97000"", ""buy_10th_pre_req"": ""3696"", ""buy_10th_pre_req_pre"": ""0"", ""tot_sel_req_jub_pre"": ""0"", ""tot_sel_req"": ""7371"", ""tot_buy_req"": ""12678"", ""tot_buy_req_jub_pre"": ""+51"", ""ovt_sel_req_pre"": ""0"", ""ovt_sel_req"": ""0"", ""ovt_buy_req"": ""0"", ""ovt_buy_req_pre"": ""0"", ""return_code"": 0, ""return_msg"": ""정상적으로 처리되었습니다""}"
2026-06-10,scan_candidate,034730,,0,main_scan,577000,,577000,576000,577000,578000,0.0,0.17331022530329288,,,,,,"{""bid_req_base_tm"": ""114934"", ""sel_10th_pre_req_pre"": ""0"", ""sel_10th_pre_req"": ""2"", ""sel_10th_pre_bid"": ""-586000"", ""sel_9th_pre_req_pre"": ""0"", ""sel_9th_pre_req"": ""106"", ""sel_9th_pre_bid"": ""-585000"", ""sel_8th_pre_req_pre"": ""0"", ""sel_8th_pre_req"": ""14"", ""sel_8th_pre_bid"": ""-584000"", ""sel_7th_pre_req_pre"": ""0"", ""sel_7th_pre_req"": ""103"", ""sel_7th_pre_bid"": ""-583000"", ""sel_6th_pre_req_pre"": ""0"", ""sel_6th_pre_req"": ""23"", ""sel_6th_pre_bid"": ""-582000"", ""sel_5th_pre_req_pre"": ""0"", ""sel_5th_pre_req"": ""17"", ""sel_5th_pre_bid"": ""-581000"", ""sel_4th_pre_req_pre"": ""0"", ""sel_4th_pre_req"": ""61"", ""sel_4th_pre_bid"": ""-580000"", ""sel_3th_pre_req_pre"": ""0"", ""sel_3th_pre_req"": ""23"", ""sel_3th_pre_bid"": ""-579000"", ""sel_2th_pre_req_pre"": ""0"", ""sel_2th_pre_req"": ""181"", ""sel_2th_pre_bid"": ""-578000"", ""sel_1th_pre_req_pre"": ""0"", ""sel_fpr_req"": ""178"", ""sel_fpr_bid"": ""-577000"", ""buy_fpr_bid"": ""-576000"", ""buy_fpr_req"": ""105"", ""buy_1th_pre_req_pre"": ""0"", ""buy_2th_pre_bid"": ""-575000"", ""buy_2th_pre_req"": ""73"", ""buy_2th_pre_req_pre"": ""0"", ""buy_3th_pre_bid"": ""-574000"", ""buy_3th_pre_req"": ""216"", ""buy_3th_pre_req_pre"": ""0"", ""buy_4th_pre_bid"": ""-573000"", ""buy_4th_pre_req"": ""32"", ""buy_4th_pre_req_pre"": ""0"", ""buy_5th_pre_bid"": ""-572000"", ""buy_5th_pre_req"": ""57"", ""buy_5th_pre_req_pre"": ""0"", ""buy_6th_pre_bid"": ""-571000"", ""buy_6th_pre_req"": ""36"", ""buy_6th_pre_req_pre"": ""0"", ""buy_7th_pre_bid"": ""-570000"", ""buy_7th_pre_req"": ""238"", ""buy_7th_pre_req_pre"": ""0"", ""buy_8th_pre_bid"": ""-569000"", ""buy_8th_pre_req"": ""88"", ""buy_8th_pre_req_pre"": ""0"", ""buy_9th_pre_bid"": ""-568000"", ""buy_9th_pre_req"": ""111"", ""buy_9th_pre_req_pre"": ""0"", ""buy_10th_pre_bid"": ""-567000"", ""buy_10th_pre_req"": ""301"", ""buy_10th_pre_req_pre"": ""0"", ""tot_sel_req_jub_pre"": ""0"", ""tot_sel_req"": ""708"", ""tot_buy_req"": ""1257"", ""tot_buy_req_jub_pre"": ""0"", ""ovt_sel_req_pre"": ""0"", ""ovt_sel_req"": ""0"", ""ovt_buy_req"": ""0"", ""ovt_buy_req_pre"": ""0"", ""return_code"": 0, ""return_msg"": ""정상적으로 처리되었습니다""}"
2026-06-10,scan_candidate,066570,,0,main_scan,229500,,229500,229000,229500,230500,0.2178649237472767,0.2178649237472767,,,,,,"{""bid_req_base_tm"": ""114934"", ""sel_10th_pre_req_pre"": ""0"", ""sel_10th_pre_req"": ""1462"", ""sel_10th_pre_bid"": ""-234000"", ""sel_9th_pre_req_pre"": ""0"", ""sel_9th_pre_req"": ""4969"", ""sel_9th_pre_bid"": ""-233500"", ""sel_8th_pre_req_pre"": ""0"", ""sel_8th_pre_req"": ""3501"", ""sel_8th_pre_bid"": ""-233000"", ""sel_7th_pre_req_pre"": ""0"", ""sel_7th_pre_req"": ""1552"", ""sel_7th_pre_bid"": ""-232500"", ""sel_6th_pre_req_pre"": ""0"", ""sel_6th_pre_req"": ""1334"", ""sel_6th_pre_bid"": ""-232000"", ""sel_5th_pre_req_pre"": ""--1"", ""sel_5th_pre_req"": ""1855"", ""sel_5th_pre_bid"": ""-231500"", ""sel_4th_pre_req_pre"": ""0"", ""sel_4th_pre_req"": ""3230"", ""sel_4th_pre_bid"": ""-231000"", ""sel_3th_pre_req_pre"": ""0"", ""sel_3th_pre_req"": ""1059"", ""sel_3th_pre_bid"": ""-230500"", ""sel_2th_pre_req_pre"": ""0"", ""sel_2th_pre_req"": ""6086"", ""sel_2th_pre_bid"": ""-230000"", ""sel_1th_pre_req_pre"": ""0"", ""sel_fpr_req"": ""1113"", ""sel_fpr_bid"": ""-229500"", ""buy_fpr_bid"": ""-229000"", ""buy_fpr_req"": ""4536"", ""buy_1th_pre_req_pre"": ""--1"", ""buy_2th_pre_bid"": ""-228500"", ""buy_2th_pre_req"": ""4134"", ""buy_2th_pre_req_pre"": ""0"", ""buy_3th_pre_bid"": ""-228000"", ""buy_3th_pre_req"": ""10087"", ""buy_3th_pre_req_pre"": ""0"", ""buy_4th_pre_bid"": ""-227500"", ""buy_4th_pre_req"": ""9072"", ""buy_4th_pre_req_pre"": ""0"", ""buy_5th_pre_bid"": ""-227000"", ""buy_5th_pre_req"": ""54496"", ""buy_5th_pre_req_pre"": ""0"", ""buy_6th_pre_bid"": ""-226500"", ""buy_6th_pre_req"": ""3764"", ""buy_6th_pre_req_pre"": ""0"", ""buy_7th_pre_bid"": ""-226000"", ""buy_7th_pre_req"": ""5164"", ""buy_7th_pre_req_pre"": ""0"", ""buy_8th_pre_bid"": ""-225500"", ""buy_8th_pre_req"": ""4654"", ""buy_8th_pre_req_pre"": ""0"", ""buy_9th_pre_bid"": ""-225000"", ""buy_9th_pre_req"": ""19316"", ""buy_9th_pre_req_pre"": ""0"", ""buy_10th_pre_bid"": ""-224500"", ""buy_10th_pre_req"": ""2735"", ""buy_10th_pre_req_pre"": ""0"", ""tot_sel_req_jub_pre"": ""--1"", ""tot_sel_req"": ""26161"", ""tot_buy_req"": ""117958"", ""tot_buy_req_jub_pre"": ""--1"", ""ovt_sel_req_pre"": ""0"", ""ovt_sel_req"": ""0"", ""ovt_buy_req"": ""0"", ""ovt_buy_req_pre"": ""0"", ""return_code"": 0, ""return_msg"": ""정상적으로 처리되었습니다""}"
2026-06-10,scan_candidate,035420,,0,main_scan,233500,,233500,233000,233500,234000,0.0,0.21413276231263384,,,,,,"{""bid_req_base_tm"": ""114935"", ""sel_10th_pre_req_pre"": ""0"", ""sel_10th_pre_req"": ""4627"", ""sel_10th_pre_bid"": ""-238000"", ""sel_9th_pre_req_pre"": ""0"", ""sel_9th_pre_req"": ""1138"", ""sel_9th_pre_bid"": ""-237500"", ""sel_8th_pre_req_pre"": ""0"", ""sel_8th_pre_req"": ""2370"", ""sel_8th_pre_bid"": ""-237000"", ""sel_7th_pre_req_pre"": ""0"", ""sel_7th_pre_req"": ""4278"", ""sel_7th_pre_bid"": ""-236500"", ""sel_6th_pre_req_pre"": ""0"", ""sel_6th_pre_req"": ""3694"", ""sel_6th_pre_bid"": ""-236000"", ""sel_5th_pre_req_pre"": ""0"", ""sel_5th_pre_req"": ""2859"", ""sel_5th_pre_bid"": ""-235500"", ""sel_4th_pre_req_pre"": ""0"", ""sel_4th_pre_req"": ""2196"", ""sel_4th_pre_bid"": ""-235000"", ""sel_3th_pre_req_pre"": ""0"", ""sel_3th_pre_req"": ""2216"", ""sel_3th_pre_bid"": ""-234500"", ""sel_2th_pre_req_pre"": ""0"", ""sel_2th_pre_req"": ""2295"", ""sel_2th_pre_bid"": ""-234000"", ""sel_1th_pre_req_pre"": ""0"", ""sel_fpr_req"": ""4036"", ""sel_fpr_bid"": ""-233500"", ""buy_fpr_bid"": ""-233000"", ""buy_fpr_req"": ""3929"", ""buy_1th_pre_req_pre"": ""0"", ""buy_2th_pre_bid"": ""-232500"", ""buy_2th_pre_req"": ""1405"", ""buy_2th_pre_req_pre"": ""0"", ""buy_3th_pre_bid"": ""-232000"", ""buy_3th_pre_req"": ""4434"", ""buy_3th_pre_req_pre"": ""0"", ""buy_4th_pre_bid"": ""-231500"", ""buy_4th_pre_req"": ""5782"", ""buy_4th_pre_req_pre"": ""0"", ""buy_5th_pre_bid"": ""-231000"", ""buy_5th_pre_req"": ""9084"", ""buy_5th_pre_req_pre"": ""0"", ""buy_6th_pre_bid"": ""-230500"", ""buy_6th_pre_req"": ""23704"", ""buy_6th_pre_req_pre"": ""+204"", ""buy_7th_pre_bid"": ""-230000"", ""buy_7th_pre_req"": ""68336"", ""buy_7th_pre_req_pre"": ""0"", ""buy_8th_pre_bid"": ""-229500"", ""buy_8th_pre_req"": ""6631"", ""buy_8th_pre_req_pre"": ""0"", ""buy_9th_pre_bid"": ""-229000"", ""buy_9th_pre_req"": ""9222"", ""buy_9th_pre_req_pre"": ""0"", ""buy_10th_pre_bid"": ""-228500"", ""buy_10th_pre_req"": ""9061"", ""buy_10th_pre_req_pre"": ""0"", ""tot_sel_req_jub_pre"": ""0"", ""tot_sel_req"": ""29709"", ""tot_buy_req"": ""141588"", ""tot_buy_req_jub_pre"": ""+204"", ""ovt_sel_req_pre"": ""0"", ""ovt_sel_req"": ""0"", ""ovt_buy_req"": ""0"", ""ovt_buy_req_pre"": ""0"", ""return_code"": 0, ""return_msg"": ""정상적으로 처리되었습니다""}"
2026-06-10,scan_candidate,086790,,0,main_scan,118400,,118400,118300,118400,118500,-0.33783783783783783,0.08445945945945946,,,,,,"{""bid_req_base_tm"": ""114935"", ""sel_10th_pre_req_pre"": ""0"", ""sel_10th_pre_req"": ""249"", ""sel_10th_pre_bid"": ""+119500"", ""sel_9th_pre_req_pre"": ""0"", ""sel_9th_pre_req"": ""6"", ""sel_9th_pre_bid"": ""+119400"", ""sel_8th_pre_req_pre"": ""0"", ""sel_8th_pre_req"": ""32"", ""sel_8th_pre_bid"": ""+119300"", ""sel_7th_pre_req_pre"": ""0"", ""sel_7th_pre_req"": ""133"", ""sel_7th_pre_bid"": ""+119200"", ""sel_6th_pre_req_pre"": ""0"", ""sel_6th_pre_req"": ""7"", ""sel_6th_pre_bid"": ""+119100"", ""sel_5th_pre_req_pre"": ""0"", ""sel_5th_pre_req"": ""71"", ""sel_5th_pre_bid"": ""119000"", ""sel_4th_pre_req_pre"": ""0"", ""sel_4th_pre_req"": ""201"", ""sel_4th_pre_bid"": ""-118800"", ""sel_3th_pre_req_pre"": ""0"", ""sel_3th_pre_req"": ""565"", ""sel_3th_pre_bid"": ""-118700"", ""sel_2th_pre_req_pre"": ""0"", ""sel_2th_pre_req"": ""12"", ""sel_2th_pre_bid"": ""-118600"", ""sel_1th_pre_req_pre"": ""0"", ""sel_fpr_req"": ""345"", ""sel_fpr_bid"": ""-118400"", ""buy_fpr_bid"": ""-118300"", ""buy_fpr_req"": ""405"", ""buy_1th_pre_req_pre"": ""+9"", ""buy_2th_pre_bid"": ""-118200"", ""buy_2th_pre_req"": ""1285"", ""buy_2th_pre_req_pre"": ""--9"", ""buy_3th_pre_bid"": ""-118100"", ""buy_3th_pre_req"": ""485"", ""buy_3th_pre_req_pre"": ""0"", ""buy_4th_pre_bid"": ""-118000"", ""buy_4th_pre_req"": ""412"", ""buy_4th_pre_req_pre"": ""0"", ""buy_5th_pre_bid"": ""-117900"", ""buy_5th_pre_req"": ""50"", ""buy_5th_pre_req_pre"": ""0"", ""buy_6th_pre_bid"": ""-117800"", ""buy_6th_pre_req"": ""564"", ""buy_6th_pre_req_pre"": ""0"", ""buy_7th_pre_bid"": ""-117700"", ""buy_7th_pre_req"": ""149"", ""buy_7th_pre_req_pre"": ""0"", ""buy_8th_pre_bid"": ""-117600"", ""buy_8th_pre_req"": ""101"", ""buy_8th_pre_req_pre"": ""0"", ""buy_9th_pre_bid"": ""-117500"", ""buy_9th_pre_req"": ""660"", ""buy_9th_pre_req_pre"": ""0"", ""buy_10th_pre_bid"": ""-117400"", ""buy_10th_pre_req"": ""76"", ""buy_10th_pre_req_pre"": ""0"", ""tot_sel_req_jub_pre"": ""0"", ""tot_sel_req"": ""1621"", ""tot_buy_req"": ""4187"", ""tot_buy_req_jub_pre"": ""0"", ""ovt_sel_req_pre"": ""0"", ""ovt_sel_req"": ""0"", ""ovt_buy_req"": ""0"", ""ovt_buy_req_pre"": ""0"", ""return_code"": 0, ""return_msg"": ""정상적으로 처리되었습니다""}"
2026-06-10,scan_candidate,000810,,0,main_scan,620000,,620000,619000,620000,621000,0.0,0.16129032258064516,,,,,,"{""bid_req_base_tm"": ""114932"", ""sel_10th_pre_req_pre"": ""0"", ""sel_10th_pre_req"": ""15"", ""sel_10th_pre_bid"": ""-629000"", ""sel_9th_pre_req_pre"": ""0"", ""sel_9th_pre_req"": ""27"", ""sel_9th_pre_bid"": ""-628000"", ""sel_8th_pre_req_pre"": ""0"", ""sel_8th_pre_req"": ""25"", ""sel_8th_pre_bid"": ""-627000"", ""sel_7th_pre_req_pre"": ""0"", ""sel_7th_pre_req"": ""24"", ""sel_7th_pre_bid"": ""-626000"", ""sel_6th_pre_req_pre"": ""0"", ""sel_6th_pre_req"": ""2"", ""sel_6th_pre_bid"": ""-625000"", ""sel_5th_pre_req_pre"": ""0"", ""sel_5th_pre_req"": ""8"", ""sel_5th_pre_bid"": ""-624000"", ""sel_4th_pre_req_pre"": ""0"", ""sel_4th_pre_req"": ""240"", ""sel_4th_pre_bid"": ""-623000"", ""sel_3th_pre_req_pre"": ""0"", ""sel_3th_pre_req"": ""29"", ""sel_3th_pre_bid"": ""-622000"", ""sel_2th_pre_req_pre"": ""0"", ""sel_2th_pre_req"": ""64"", ""sel_2th_pre_bid"": ""-621000"", ""sel_1th_pre_req_pre"": ""--1"", ""sel_fpr_req"": ""146"", ""sel_fpr_bid"": ""-620000"", ""buy_fpr_bid"": ""-619000"", ""buy_fpr_req"": ""306"", ""buy_1th_pre_req_pre"": ""0"", ""buy_2th_pre_bid"": ""-618000"", ""buy_2th_pre_req"": ""123"", ""buy_2th_pre_req_pre"": ""0"", ""buy_3th_pre_bid"": ""-617000"", ""buy_3th_pre_req"": ""36"", ""buy_3th_pre_req_pre"": ""0"", ""buy_4th_pre_bid"": ""-616000"", ""buy_4th_pre_req"": ""90"", ""buy_4th_pre_req_pre"": ""0"", ""buy_5th_pre_bid"": ""-615000"", ""buy_5th_pre_req"": ""24"", ""buy_5th_pre_req_pre"": ""0"", ""buy_6th_pre_bid"": ""-614000"", ""buy_6th_pre_req"": ""136"", ""buy_6th_pre_req_pre"": ""0"", ""buy_7th_pre_bid"": ""-613000"", ""buy_7th_pre_req"": ""44"", ""buy_7th_pre_req_pre"": ""0"", ""buy_8th_pre_bid"": ""-612000"", ""buy_8th_pre_req"": ""32"", ""buy_8th_pre_req_pre"": ""0"", ""buy_9th_pre_bid"": ""-611000"", ""buy_9th_pre_req"": ""26"", ""buy_9th_pre_req_pre"": ""0"", ""buy_10th_pre_bid"": ""-610000"", ""buy_10th_pre_req"": ""86"", ""buy_10th_pre_req_pre"": ""0"", ""tot_sel_req_jub_pre"": ""--1"", ""tot_sel_req"": ""580"", ""tot_buy_req"": ""903"", ""tot_buy_req_jub_pre"": ""0"", ""ovt_sel_req_pre"": ""0"", ""ovt_sel_req"": ""0"", ""ovt_buy_req"": ""0"", ""ovt_buy_req_pre"": ""0"", ""return_code"": 0, ""return_msg"": ""정상적으로 처리되었습니다""}"
2026-06-10,scan_candidate,011070,,0,main_scan,1142000,,1142000,1141000,1142000,1140000,-0.2626970227670753,0.08756567425569177,,,,,,"{""bid_req_base_tm"": ""114936"", ""sel_10th_pre_req_pre"": ""0"", ""sel_10th_pre_req"": ""38"", ""sel_10th_pre_bid"": ""+1152000"", ""sel_9th_pre_req_pre"": ""0"", ""sel_9th_pre_req"": ""13"", ""sel_9th_pre_bid"": ""+1151000"", ""sel_8th_pre_req_pre"": ""0"", ""sel_8th_pre_req"": ""401"", ""sel_8th_pre_bid"": ""+1150000"", ""sel_7th_pre_req_pre"": ""0"", ""sel_7th_pre_req"": ""194"", ""sel_7th_pre_bid"": ""+1149000"", ""sel_6th_pre_req_pre"": ""0"", ""sel_6th_pre_req"": ""121"", ""sel_6th_pre_bid"": ""+1148000"", ""sel_5th_pre_req_pre"": ""0"", ""sel_5th_pre_req"": ""61"", ""sel_5th_pre_bid"": ""+1147000"", ""sel_4th_pre_req_pre"": ""0"", ""sel_4th_pre_req"": ""346"", ""sel_4th_pre_bid"": ""+1146000"", ""sel_3th_pre_req_pre"": ""0"", ""sel_3th_pre_req"": ""12"", ""sel_3th_pre_bid"": ""+1145000"", ""sel_2th_pre_req_pre"": ""0"", ""sel_2th_pre_req"": ""23"", ""sel_2th_pre_bid"": ""+1144000"", ""sel_1th_pre_req_pre"": ""--1"", ""sel_fpr_req"": ""25"", ""sel_fpr_bid"": ""+1142000"", ""buy_fpr_bid"": ""+1141000"", ""buy_fpr_req"": ""124"", ""buy_1th_pre_req_pre"": ""0"", ""buy_2th_pre_bid"": ""+1140000"", ""buy_2th_pre_req"": ""222"", ""buy_2th_pre_req_pre"": ""0"", ""buy_3th_pre_bid"": ""+1139000"", ""buy_3th_pre_req"": ""20"", ""buy_3th_pre_req_pre"": ""0"", ""buy_4th_pre_bid"": ""+1138000"", ""buy_4th_pre_req"": ""64"", ""buy_4th_pre_req_pre"": ""0"", ""buy_5th_pre_bid"": ""1137000"", ""buy_5th_pre_req"": ""102"", ""buy_5th_pre_req_pre"": ""0"", ""buy_6th_pre_bid"": ""-1136000"", ""buy_6th_pre_req"": ""51"", ""buy_6th_pre_req_pre"": ""0"", ""buy_7th_pre_bid"": ""-1135000"", ""buy_7th_pre_req"": ""66"", ""buy_7th_pre_req_pre"": ""0"", ""buy_8th_pre_bid"": ""-1134000"", ""buy_8th_pre_req"": ""10"", ""buy_8th_pre_req_pre"": ""0"", ""buy_9th_pre_bid"": ""-1133000"", ""buy_9th_pre_req"": ""30"", ""buy_9th_pre_req_pre"": ""0"", ""buy_10th_pre_bid"": ""-1132000"", ""buy_10th_pre_req"": ""15"", ""buy_10th_pre_req_pre"": ""0"", ""tot_sel_req_jub_pre"": ""--1"", ""tot_sel_req"": ""1234"", ""tot_buy_req"": ""704"", ""tot_buy_req_jub_pre"": ""0"", ""ovt_sel_req_pre"": ""0"", ""ovt_sel_req"": ""0"", ""ovt_buy_req"": ""0"", ""ovt_buy_req_pre"": ""0"", ""return_code"": 0, ""return_msg"": ""정상적으로 처리되었습니다""}"
2026-06-10,scan_candidate,042700,,0,main_scan,278500,,278500,278000,278500,279500,0.17953321364452424,0.17953321364452424,,,,,,"{""bid_req_base_tm"": ""114935"", ""sel_10th_pre_req_pre"": ""0"", ""sel_10th_pre_req"": ""262"", ""sel_10th_pre_bid"": ""+283000"", ""sel_9th_pre_req_pre"": ""0"", ""sel_9th_pre_req"": ""317"", ""sel_9th_pre_bid"": ""+282500"", ""sel_8th_pre_req_pre"": ""0"", ""sel_8th_pre_req"": ""207"", ""sel_8th_pre_bid"": ""+282000"", ""sel_7th_pre_req_pre"": ""0"", ""sel_7th_pre_req"": ""42"", ""sel_7th_pre_bid"": ""+281500"", ""sel_6th_pre_req_pre"": ""0"", ""sel_6th_pre_req"": ""416"", ""sel_6th_pre_bid"": ""+281000"", ""sel_5th_pre_req_pre"": ""0"", ""sel_5th_pre_req"": ""22"", ""sel_5th_pre_bid"": ""+280500"", ""sel_4th_pre_req_pre"": ""0"", ""sel_4th_pre_req"": ""413"", ""sel_4th_pre_bid"": ""+280000"", ""sel_3th_pre_req_pre"": ""0"", ""sel_3th_pre_req"": ""531"", ""sel_3th_pre_bid"": ""+279500"", ""sel_2th_pre_req_pre"": ""0"", ""sel_2th_pre_req"": ""537"", ""sel_2th_pre_bid"": ""+279000"", ""sel_1th_pre_req_pre"": ""0"", ""sel_fpr_req"": ""230"", ""sel_fpr_bid"": ""+278500"", ""buy_fpr_bid"": ""+278000"", ""buy_fpr_req"": ""1155"", ""buy_1th_pre_req_pre"": ""0"", ""buy_2th_pre_bid"": ""+277500"", ""buy_2th_pre_req"": ""659"", ""buy_2th_pre_req_pre"": ""0"", ""buy_3th_pre_bid"": ""+277000"", ""buy_3th_pre_req"": ""796"", ""buy_3th_pre_req_pre"": ""0"", ""buy_4th_pre_bid"": ""276500"", ""buy_4th_pre_req"": ""855"", ""buy_4th_pre_req_pre"": ""0"", ""buy_5th_pre_bid"": ""-276000"", ""buy_5th_pre_req"": ""1944"", ""buy_5th_pre_req_pre"": ""0"", ""buy_6th_pre_bid"": ""-275500"", ""buy_6th_pre_req"": ""271"", ""buy_6th_pre_req_pre"": ""0"", ""buy_7th_pre_bid"": ""-275000"", ""buy_7th_pre_req"": ""1367"", ""buy_7th_pre_req_pre"": ""0"", ""buy_8th_pre_bid"": ""-274500"", ""buy_8th_pre_req"": ""195"", ""buy_8th_pre_req_pre"": ""0"", ""buy_9th_pre_bid"": ""-274000"", ""buy_9th_pre_req"": ""281"", ""buy_9th_pre_req_pre"": ""0"", ""buy_10th_pre_bid"": ""-273500"", ""buy_10th_pre_req"": ""115"", ""buy_10th_pre_req_pre"": ""0"", ""tot_sel_req_jub_pre"": ""0"", ""tot_sel_req"": ""2977"", ""tot_buy_req"": ""7638"", ""tot_buy_req_jub_pre"": ""0"", ""ovt_sel_req_pre"": ""0"", ""ovt_sel_req"": ""0"", ""ovt_buy_req"": ""0"", ""ovt_buy_req_pre"": ""0"", ""return_code"": 0, ""return_msg"": ""정상적으로 처리되었습니다""}"
2026-06-10,scan_candidate,017670,,0,main_scan,106300,,106300,106200,106300,106500,-0.28222013170272814,0.09407337723424271,,,,,,"{""bid_req_base_tm"": ""114935"", ""sel_10th_pre_req_pre"": ""0"", ""sel_10th_pre_req"": ""74"", ""sel_10th_pre_bid"": ""-107200"", ""sel_9th_pre_req_pre"": ""0"", ""sel_9th_pre_req"": ""281"", ""sel_9th_pre_bid"": ""-107100"", ""sel_8th_pre_req_pre"": ""0"", ""sel_8th_pre_req"": ""152"", ""sel_8th_pre_bid"": ""-107000"", ""sel_7th_pre_req_pre"": ""0"", ""sel_7th_pre_req"": ""38"", ""sel_7th_pre_bid"": ""-106900"", ""sel_6th_pre_req_pre"": ""0"", ""sel_6th_pre_req"": ""127"", ""sel_6th_pre_bid"": ""-106800"", ""sel_5th_pre_req_pre"": ""0"", ""sel_5th_pre_req"": ""13"", ""sel_5th_pre_bid"": ""-106700"", ""sel_4th_pre_req_pre"": ""0"", ""sel_4th_pre_req"": ""33"", ""sel_4th_pre_bid"": ""-106600"", ""sel_3th_pre_req_pre"": ""0"", ""sel_3th_pre_req"": ""200"", ""sel_3th_pre_bid"": ""-106500"", ""sel_2th_pre_req_pre"": ""0"", ""sel_2th_pre_req"": ""128"", ""sel_2th_pre_bid"": ""-106400"", ""sel_1th_pre_req_pre"": ""0"", ""sel_fpr_req"": ""273"", ""sel_fpr_bid"": ""-106300"", ""buy_fpr_bid"": ""-106200"", ""buy_fpr_req"": ""59"", ""buy_1th_pre_req_pre"": ""+5"", ""buy_2th_pre_bid"": ""-106100"", ""buy_2th_pre_req"": ""429"", ""buy_2th_pre_req_pre"": ""0"", ""buy_3th_pre_bid"": ""-106000"", ""buy_3th_pre_req"": ""533"", ""buy_3th_pre_req_pre"": ""0"", ""buy_4th_pre_bid"": ""-105900"", ""buy_4th_pre_req"": ""789"", ""buy_4th_pre_req_pre"": ""0"", ""buy_5th_pre_bid"": ""-105800"", ""buy_5th_pre_req"": ""916"", ""buy_5th_pre_req_pre"": ""0"", ""buy_6th_pre_bid"": ""-105700"", ""buy_6th_pre_req"": ""1246"", ""buy_6th_pre_req_pre"": ""0"", ""buy_7th_pre_bid"": ""-105600"", ""buy_7th_pre_req"": ""1496"", ""buy_7th_pre_req_pre"": ""0"", ""buy_8th_pre_bid"": ""-105500"", ""buy_8th_pre_req"": ""2772"", ""buy_8th_pre_req_pre"": ""0"", ""buy_9th_pre_bid"": ""-105400"", ""buy_9th_pre_req"": ""581"", ""buy_9th_pre_req_pre"": ""0"", ""buy_10th_pre_bid"": ""-105300"", ""buy_10th_pre_req"": ""719"", ""buy_10th_pre_req_pre"": ""0"", ""tot_sel_req_jub_pre"": ""0"", ""tot_sel_req"": ""1319"", ""tot_buy_req"": ""9540"", ""tot_buy_req_jub_pre"": ""+5"", ""ovt_sel_req_pre"": ""0"", ""ovt_sel_req"": ""0"", ""ovt_buy_req"": ""0"", ""ovt_buy_req_pre"": ""0"", ""return_code"": 0, ""return_msg"": ""정상적으로 처리되었습니다""}"
2026-06-10,scan_candidate,018260,,0,main_scan,233000,,233000,232500,233000,234000,0.2145922746781116,0.2145922746781116,,,,,,"{""bid_req_base_tm"": ""114935"", ""sel_10th_pre_req_pre"": ""0"", ""sel_10th_pre_req"": ""441"", ""sel_10th_pre_bid"": ""-237500"", ""sel_9th_pre_req_pre"": ""0"", ""sel_9th_pre_req"": ""961"", ""sel_9th_pre_bid"": ""-237000"", ""sel_8th_pre_req_pre"": ""0"", ""sel_8th_pre_req"": ""240"", ""sel_8th_pre_bid"": ""-236500"", ""sel_7th_pre_req_pre"": ""0"", ""sel_7th_pre_req"": ""305"", ""sel_7th_pre_bid"": ""-236000"", ""sel_6th_pre_req_pre"": ""0"", ""sel_6th_pre_req"": ""227"", ""sel_6th_pre_bid"": ""-235500"", ""sel_5th_pre_req_pre"": ""0"", ""sel_5th_pre_req"": ""301"", ""sel_5th_pre_bid"": ""-235000"", ""sel_4th_pre_req_pre"": ""0"", ""sel_4th_pre_req"": ""177"", ""sel_4th_pre_bid"": ""-234500"", ""sel_3th_pre_req_pre"": ""0"", ""sel_3th_pre_req"": ""154"", ""sel_3th_pre_bid"": ""-234000"", ""sel_2th_pre_req_pre"": ""0"", ""sel_2th_pre_req"": ""242"", ""sel_2th_pre_bid"": ""-233500"", ""sel_1th_pre_req_pre"": ""0"", ""sel_fpr_req"": ""9"", ""sel_fpr_bid"": ""-233000"", ""buy_fpr_bid"": ""-232500"", ""buy_fpr_req"": ""373"", ""buy_1th_pre_req_pre"": ""0"", ""buy_2th_pre_bid"": ""-232000"", ""buy_2th_pre_req"": ""64"", ""buy_2th_pre_req_pre"": ""0"", ""buy_3th_pre_bid"": ""-231500"", ""buy_3th_pre_req"": ""458"", ""buy_3th_pre_req_pre"": ""0"", ""buy_4th_pre_bid"": ""-231000"", ""buy_4th_pre_req"": ""770"", ""buy_4th_pre_req_pre"": ""0"", ""buy_5th_pre_bid"": ""-230500"", ""buy_5th_pre_req"": ""3048"", ""buy_5th_pre_req_pre"": ""0"", ""buy_6th_pre_bid"": ""-230000"", ""buy_6th_pre_req"": ""5516"", ""buy_6th_pre_req_pre"": ""0"", ""buy_7th_pre_bid"": ""-229500"", ""buy_7th_pre_req"": ""3692"", ""buy_7th_pre_req_pre"": ""0"", ""buy_8th_pre_bid"": ""-229000"", ""buy_8th_pre_req"": ""1047"", ""buy_8th_pre_req_pre"": ""0"", ""buy_9th_pre_bid"": ""-228500"", ""buy_9th_pre_req"": ""1067"", ""buy_9th_pre_req_pre"": ""--4"", ""buy_10th_pre_bid"": ""-228000"", ""buy_10th_pre_req"": ""2217"", ""buy_10th_pre_req_pre"": ""0"", ""tot_sel_req_jub_pre"": ""0"", ""tot_sel_req"": ""3057"", ""tot_buy_req"": ""18252"", ""tot_buy_req_jub_pre"": ""--4"", ""ovt_sel_req_pre"": ""0"", ""ovt_sel_req"": ""0"", ""ovt_buy_req"": ""0"", ""ovt_buy_req_pre"": ""0"", ""return_code"": 0, ""return_msg"": ""정상적으로 처리되었습니다""}"
2026-06-10,scan_candidate,033780,,0,main_scan,183600,,183600,183400,183600,183000,-0.5991285403050108,0.10893246187363835,,,,,,"{""bid_req_base_tm"": ""114936"", ""sel_10th_pre_req_pre"": ""0"", ""sel_10th_pre_req"": ""77"", ""sel_10th_pre_bid"": ""+184800"", ""sel_9th_pre_req_pre"": ""0"", ""sel_9th_pre_req"": ""226"", ""sel_9th_pre_bid"": ""+184700"", ""sel_8th_pre_req_pre"": ""0"", ""sel_8th_pre_req"": ""84"", ""sel_8th_pre_bid"": ""+184600"", ""sel_7th_pre_req_pre"": ""0"", ""sel_7th_pre_req"": ""157"", ""sel_7th_pre_bid"": ""+184500"", ""sel_6th_pre_req_pre"": ""0"", ""sel_6th_pre_req"": ""111"", ""sel_6th_pre_bid"": ""184300"", ""sel_5th_pre_req_pre"": ""0"", ""sel_5th_pre_req"": ""136"", ""sel_5th_pre_bid"": ""-184200"", ""sel_4th_pre_req_pre"": ""0"", ""sel_4th_pre_req"": ""14"", ""sel_4th_pre_bid"": ""-184100"", ""sel_3th_pre_req_pre"": ""0"", ""sel_3th_pre_req"": ""1"", ""sel_3th_pre_bid"": ""-184000"", ""sel_2th_pre_req_pre"": ""0"", ""sel_2th_pre_req"": ""9"", ""sel_2th_pre_bid"": ""-183800"", ""sel_1th_pre_req_pre"": ""+1"", ""sel_fpr_req"": ""601"", ""sel_fpr_bid"": ""-183600"", ""buy_fpr_bid"": ""-183400"", ""buy_fpr_req"": ""14"", ""buy_1th_pre_req_pre"": ""0"", ""buy_2th_pre_bid"": ""-183300"", ""buy_2th_pre_req"": ""174"", ""buy_2th_pre_req_pre"": ""0"", ""buy_3th_pre_bid"": ""-183200"", ""buy_3th_pre_req"": ""131"", ""buy_3th_pre_req_pre"": ""0"", ""buy_4th_pre_bid"": ""-183100"", ""buy_4th_pre_req"": ""153"", ""buy_4th_pre_req_pre"": ""0"", ""buy_5th_pre_bid"": ""-183000"", ""buy_5th_pre_req"": ""218"", ""buy_5th_pre_req_pre"": ""0"", ""buy_6th_pre_bid"": ""-182900"", ""buy_6th_pre_req"": ""5"", ""buy_6th_pre_req_pre"": ""0"", ""buy_7th_pre_bid"": ""-182800"", ""buy_7th_pre_req"": ""11"", ""buy_7th_pre_req_pre"": ""0"", ""buy_8th_pre_bid"": ""-182700"", ""buy_8th_pre_req"": ""20"", ""buy_8th_pre_req_pre"": ""0"", ""buy_9th_pre_bid"": ""-182600"", ""buy_9th_pre_req"": ""15"", ""buy_9th_pre_req_pre"": ""0"", ""buy_10th_pre_bid"": ""-182500"", ""buy_10th_pre_req"": ""8"", ""buy_10th_pre_req_pre"": ""0"", ""tot_sel_req_jub_pre"": ""+1"", ""tot_sel_req"": ""1416"", ""tot_buy_req"": ""749"", ""tot_buy_req_jub_pre"": ""0"", ""ovt_sel_req_pre"": ""0"", ""ovt_sel_req"": ""0"", ""ovt_buy_req"": ""0"", ""ovt_buy_req_pre"": ""0"", ""return_code"": 0, ""return_msg"": ""정상적으로 처리되었습니다""}"
2026-06-10,scan_candidate,307950,,0,main_scan,695000,,695000,694000,695000,693000,-0.4316546762589928,0.14388489208633093,,,,,,"{""bid_req_base_tm"": ""114936"", ""sel_10th_pre_req_pre"": ""0"", ""sel_10th_pre_req"": ""50"", ""sel_10th_pre_bid"": ""+704000"", ""sel_9th_pre_req_pre"": ""0"", ""sel_9th_pre_req"": ""44"", ""sel_9th_pre_bid"": ""+703000"", ""sel_8th_pre_req_pre"": ""0"", ""sel_8th_pre_req"": ""210"", ""sel_8th_pre_bid"": ""+702000"", ""sel_7th_pre_req_pre"": ""0"", ""sel_7th_pre_req"": ""216"", ""sel_7th_pre_bid"": ""+701000"", ""sel_6th_pre_req_pre"": ""0"", ""sel_6th_pre_req"": ""92"", ""sel_6th_pre_bid"": ""+700000"", ""sel_5th_pre_req_pre"": ""0"", ""sel_5th_pre_req"": ""387"", ""sel_5th_pre_bid"": ""+699000"", ""sel_4th_pre_req_pre"": ""0"", ""sel_4th_pre_req"": ""101"", ""sel_4th_pre_bid"": ""+698000"", ""sel_3th_pre_req_pre"": ""0"", ""sel_3th_pre_req"": ""102"", ""sel_3th_pre_bid"": ""+697000"", ""sel_2th_pre_req_pre"": ""0"", ""sel_2th_pre_req"": ""24"", ""sel_2th_pre_bid"": ""+696000"", ""sel_1th_pre_req_pre"": ""0"", ""sel_fpr_req"": ""28"", ""sel_fpr_bid"": ""+695000"", ""buy_fpr_bid"": ""+694000"", ""buy_fpr_req"": ""38"", ""buy_1th_pre_req_pre"": ""--1"", ""buy_2th_pre_bid"": ""+693000"", ""buy_2th_pre_req"": ""113"", ""buy_2th_pre_req_pre"": ""0"", ""buy_3th_pre_bid"": ""+692000"", ""buy_3th_pre_req"": ""43"", ""buy_3th_pre_req_pre"": ""0"", ""buy_4th_pre_bid"": ""+691000"", ""buy_4th_pre_req"": ""122"", ""buy_4th_pre_req_pre"": ""0"", ""buy_5th_pre_bid"": ""+690000"", ""buy_5th_pre_req"": ""64"", ""buy_5th_pre_req_pre"": ""0"", ""buy_6th_pre_bid"": ""+689000"", ""buy_6th_pre_req"": ""59"", ""buy_6th_pre_req_pre"": ""0"", ""buy_7th_pre_bid"": ""+688000"", ""buy_7th_pre_req"": ""92"", ""buy_7th_pre_req_pre"": ""0"", ""buy_8th_pre_bid"": ""687000"", ""buy_8th_pre_req"": ""93"", ""buy_8th_pre_req_pre"": ""0"", ""buy_9th_pre_bid"": ""-686000"", ""buy_9th_pre_req"": ""146"", ""buy_9th_pre_req_pre"": ""0"", ""buy_10th_pre_bid"": ""-685000"", ""buy_10th_pre_req"": ""289"", ""buy_10th_pre_req_pre"": ""0"", ""tot_sel_req_jub_pre"": ""0"", ""tot_sel_req"": ""1254"", ""tot_buy_req"": ""1059"", ""tot_buy_req_jub_pre"": ""--1"", ""ovt_sel_req_pre"": ""0"", ""ovt_sel_req"": ""0"", ""ovt_buy_req"": ""0"", ""ovt_buy_req_pre"": ""0"", ""return_code"": 0, ""return_msg"": ""정상적으로 처리되었습니다""}"
2026-06-10,scan_candidate,138040,,0,main_scan,109400,,109400,109300,109400,109000,-0.8226691042047531,0.09140767824497258,,,,,,"{""bid_req_base_tm"": ""114936"", ""sel_10th_pre_req_pre"": ""0"", ""sel_10th_pre_req"": ""1589"", ""sel_10th_pre_bid"": ""+110300"", ""sel_9th_pre_req_pre"": ""0"", ""sel_9th_pre_req"": ""586"", ""sel_9th_pre_bid"": ""+110200"", ""sel_8th_pre_req_pre"": ""0"", ""sel_8th_pre_req"": ""5081"", ""sel_8th_pre_bid"": ""+110100"", ""sel_7th_pre_req_pre"": ""0"", ""sel_7th_pre_req"": ""1236"", ""sel_7th_pre_bid"": ""+110000"", ""sel_6th_pre_req_pre"": ""0"", ""sel_6th_pre_req"": ""847"", ""sel_6th_pre_bid"": ""+109900"", ""sel_5th_pre_req_pre"": ""0"", ""sel_5th_pre_req"": ""661"", ""sel_5th_pre_bid"": ""+109800"", ""sel_4th_pre_req_pre"": ""0"", ""sel_4th_pre_req"": ""119"", ""sel_4th_pre_bid"": ""+109700"", ""sel_3th_pre_req_pre"": ""0"", ""sel_3th_pre_req"": ""161"", ""sel_3th_pre_bid"": ""+109600"", ""sel_2th_pre_req_pre"": ""0"", ""sel_2th_pre_req"": ""201"", ""sel_2th_pre_bid"": ""+109500"", ""sel_1th_pre_req_pre"": ""+1"", ""sel_fpr_req"": ""442"", ""sel_fpr_bid"": ""+109400"", ""buy_fpr_bid"": ""+109300"", ""buy_fpr_req"": ""434"", ""buy_1th_pre_req_pre"": ""0"", ""buy_2th_pre_bid"": ""+109200"", ""buy_2th_pre_req"": ""150"", ""buy_2th_pre_req_pre"": ""0"", ""buy_3th_pre_bid"": ""109100"", ""buy_3th_pre_req"": ""42"", ""buy_3th_pre_req_pre"": ""0"", ""buy_4th_pre_bid"": ""-109000"", ""buy_4th_pre_req"": ""20"", ""buy_4th_pre_req_pre"": ""0"", ""buy_5th_pre_bid"": ""-108900"", ""buy_5th_pre_req"": ""16"", ""buy_5th_pre_req_pre"": ""0"", ""buy_6th_pre_bid"": ""-108800"", ""buy_6th_pre_req"": ""20"", ""buy_6th_pre_req_pre"": ""0"", ""buy_7th_pre_bid"": ""-108700"", ""buy_7th_pre_req"": ""104"", ""buy_7th_pre_req_pre"": ""0"", ""buy_8th_pre_bid"": ""-108600"", ""buy_8th_pre_req"": ""286"", ""buy_8th_pre_req_pre"": ""0"", ""buy_9th_pre_bid"": ""-108500"", ""buy_9th_pre_req"": ""302"", ""buy_9th_pre_req_pre"": ""0"", ""buy_10th_pre_bid"": ""-108400"", ""buy_10th_pre_req"": ""23"", ""buy_10th_pre_req_pre"": ""0"", ""tot_sel_req_jub_pre"": ""+1"", ""tot_sel_req"": ""10923"", ""tot_buy_req"": ""1397"", ""tot_buy_req_jub_pre"": ""0"", ""ovt_sel_req_pre"": ""0"", ""ovt_sel_req"": ""0"", ""ovt_buy_req"": ""0"", ""ovt_buy_req_pre"": ""0"", ""return_code"": 0, ""return_msg"": ""정상적으로 처리되었습니다""}"
2026-06-10,scan_candidate,003550,,0,main_scan,109900,,109900,109800,109900,109500,-0.8189262966333031,0.09099181073703368,,,,,,"{""bid_req_base_tm"": ""114936"", ""sel_10th_pre_req_pre"": ""0"", ""sel_10th_pre_req"": ""33"", ""sel_10th_pre_bid"": ""-110800"", ""sel_9th_pre_req_pre"": ""0"", ""sel_9th_pre_req"": ""1"", ""sel_9th_pre_bid"": ""-110700"", ""sel_8th_pre_req_pre"": ""0"", ""sel_8th_pre_req"": ""10"", ""sel_8th_pre_bid"": ""-110600"", ""sel_7th_pre_req_pre"": ""0"", ""sel_7th_pre_req"": ""89"", ""sel_7th_pre_bid"": ""-110500"", ""sel_6th_pre_req_pre"": ""0"", ""sel_6th_pre_req"": ""29"", ""sel_6th_pre_bid"": ""-110400"", ""sel_5th_pre_req_pre"": ""0"", ""sel_5th_pre_req"": ""101"", ""sel_5th_pre_bid"": ""-110300"", ""sel_4th_pre_req_pre"": ""0"", ""sel_4th_pre_req"": ""96"", ""sel_4th_pre_bid"": ""-110200"", ""sel_3th_pre_req_pre"": ""0"", ""sel_3th_pre_req"": ""6"", ""sel_3th_pre_bid"": ""-110100"", ""sel_2th_pre_req_pre"": ""0"", ""sel_2th_pre_req"": ""385"", ""sel_2th_pre_bid"": ""-110000"", ""sel_1th_pre_req_pre"": ""+1"", ""sel_fpr_req"": ""7"", ""sel_fpr_bid"": ""-109900"", ""buy_fpr_bid"": ""-109800"", ""buy_fpr_req"": ""100"", ""buy_1th_pre_req_pre"": ""0"", ""buy_2th_pre_bid"": ""-109700"", ""buy_2th_pre_req"": ""20"", ""buy_2th_pre_req_pre"": ""0"", ""buy_3th_pre_bid"": ""-109600"", ""buy_3th_pre_req"": ""266"", ""buy_3th_pre_req_pre"": ""0"", ""buy_4th_pre_bid"": ""-109500"", ""buy_4th_pre_req"": ""237"", ""buy_4th_pre_req_pre"": ""0"", ""buy_5th_pre_bid"": ""-109400"", ""buy_5th_pre_req"": ""56"", ""buy_5th_pre_req_pre"": ""0"", ""buy_6th_pre_bid"": ""-109200"", ""buy_6th_pre_req"": ""1"", ""buy_6th_pre_req_pre"": ""0"", ""buy_7th_pre_bid"": ""-109100"", ""buy_7th_pre_req"": ""34"", ""buy_7th_pre_req_pre"": ""0"", ""buy_8th_pre_bid"": ""-109000"", ""buy_8th_pre_req"": ""33"", ""buy_8th_pre_req_pre"": ""0"", ""buy_9th_pre_bid"": ""-108900"", ""buy_9th_pre_req"": ""9"", ""buy_9th_pre_req_pre"": ""0"", ""buy_10th_pre_bid"": ""-108800"", ""buy_10th_pre_req"": ""4"", ""buy_10th_pre_req_pre"": ""0"", ""tot_sel_req_jub_pre"": ""+1"", ""tot_sel_req"": ""757"", ""tot_buy_req"": ""760"", ""tot_buy_req_jub_pre"": ""0"", ""ovt_sel_req_pre"": ""0"", ""ovt_sel_req"": ""0"", ""ovt_buy_req"": ""0"", ""ovt_buy_req_pre"": ""0"", ""return_code"": 0, ""return_msg"": ""정상적으로 처리되었습니다""}"
2026-06-10,scan_candidate,024110,,0,main_scan,20950,,20950,20900,20950,20750,-1.1933174224343674,0.23866348448687352,,,,,,"{""bid_req_base_tm"": ""114937"", ""sel_10th_pre_req_pre"": ""0"", ""sel_10th_pre_req"": ""11106"", ""sel_10th_pre_bid"": ""+21400"", ""sel_9th_pre_req_pre"": ""0"", ""sel_9th_pre_req"": ""5311"", ""sel_9th_pre_bid"": ""+21350"", ""sel_8th_pre_req_pre"": ""0"", ""sel_8th_pre_req"": ""12434"", ""sel_8th_pre_bid"": ""+21300"", ""sel_7th_pre_req_pre"": ""0"", ""sel_7th_pre_req"": ""12636"", ""sel_7th_pre_bid"": ""+21250"", ""sel_6th_pre_req_pre"": ""0"", ""sel_6th_pre_req"": ""20508"", ""sel_6th_pre_bid"": ""+21200"", ""sel_5th_pre_req_pre"": ""0"", ""sel_5th_pre_req"": ""24511"", ""sel_5th_pre_bid"": ""+21150"", ""sel_4th_pre_req_pre"": ""0"", ""sel_4th_pre_req"": ""18243"", ""sel_4th_pre_bid"": ""+21100"", ""sel_3th_pre_req_pre"": ""0"", ""sel_3th_pre_req"": ""7125"", ""sel_3th_pre_bid"": ""+21050"", ""sel_2th_pre_req_pre"": ""0"", ""sel_2th_pre_req"": ""9394"", ""sel_2th_pre_bid"": ""+21000"", ""sel_1th_pre_req_pre"": ""+16"", ""sel_fpr_req"": ""14093"", ""sel_fpr_bid"": ""+20950"", ""buy_fpr_bid"": ""+20900"", ""buy_fpr_req"": ""9759"", ""buy_1th_pre_req_pre"": ""0"", ""buy_2th_pre_bid"": ""+20850"", ""buy_2th_pre_req"": ""3416"", ""buy_2th_pre_req_pre"": ""0"", ""buy_3th_pre_bid"": ""+20800"", ""buy_3th_pre_req"": ""2109"", ""buy_3th_pre_req_pre"": ""0"", ""buy_4th_pre_bid"": ""+20750"", ""buy_4th_pre_req"": ""1868"", ""buy_4th_pre_req_pre"": ""0"", ""buy_5th_pre_bid"": ""+20700"", ""buy_5th_pre_req"": ""3084"", ""buy_5th_pre_req_pre"": ""0"", ""buy_6th_pre_bid"": ""+20650"", ""buy_6th_pre_req"": ""2818"", ""buy_6th_pre_req_pre"": ""0"", ""buy_7th_pre_bid"": ""+20600"", ""buy_7th_pre_req"": ""2790"", ""buy_7th_pre_req_pre"": ""0"", ""buy_8th_pre_bid"": ""20550"", ""buy_8th_pre_req"": ""2227"", ""buy_8th_pre_req_pre"": ""0"", ""buy_9th_pre_bid"": ""-20500"", ""buy_9th_pre_req"": ""3323"", ""buy_9th_pre_req_pre"": ""0"", ""buy_10th_pre_bid"": ""-20450"", ""buy_10th_pre_req"": ""1241"", ""buy_10th_pre_req_pre"": ""0"", ""tot_sel_req_jub_pre"": ""+16"", ""tot_sel_req"": ""135361"", ""tot_buy_req"": ""32635"", ""tot_buy_req_jub_pre"": ""0"", ""ovt_sel_req_pre"": ""0"", ""ovt_sel_req"": ""0"", ""ovt_buy_req"": ""0"", ""ovt_buy_req_pre"": ""0"", ""return_code"": 0, ""return_msg"": ""정상적으로 처리되었습니다""}"
2026-06-10,scan_candidate,079550,,0,main_scan,766000,,766000,765000,766000,766000,-0.13054830287206268,0.13054830287206268,,,,,,"{""bid_req_base_tm"": ""114937"", ""sel_10th_pre_req_pre"": ""0"", ""sel_10th_pre_req"": ""162"", ""sel_10th_pre_bid"": ""+775000"", ""sel_9th_pre_req_pre"": ""0"", ""sel_9th_pre_req"": ""63"", ""sel_9th_pre_bid"": ""+774000"", ""sel_8th_pre_req_pre"": ""0"", ""sel_8th_pre_req"": ""277"", ""sel_8th_pre_bid"": ""+773000"", ""sel_7th_pre_req_pre"": ""0"", ""sel_7th_pre_req"": ""14"", ""sel_7th_pre_bid"": ""+772000"", ""sel_6th_pre_req_pre"": ""0"", ""sel_6th_pre_req"": ""9"", ""sel_6th_pre_bid"": ""+771000"", ""sel_5th_pre_req_pre"": ""0"", ""sel_5th_pre_req"": ""287"", ""sel_5th_pre_bid"": ""+770000"", ""sel_4th_pre_req_pre"": ""0"", ""sel_4th_pre_req"": ""3"", ""sel_4th_pre_bid"": ""+769000"", ""sel_3th_pre_req_pre"": ""0"", ""sel_3th_pre_req"": ""4"", ""sel_3th_pre_bid"": ""+768000"", ""sel_2th_pre_req_pre"": ""0"", ""sel_2th_pre_req"": ""62"", ""sel_2th_pre_bid"": ""+767000"", ""sel_1th_pre_req_pre"": ""0"", ""sel_fpr_req"": ""36"", ""sel_fpr_bid"": ""+766000"", ""buy_fpr_bid"": ""+765000"", ""buy_fpr_req"": ""160"", ""buy_1th_pre_req_pre"": ""--1"", ""buy_2th_pre_bid"": ""+764000"", ""buy_2th_pre_req"": ""34"", ""buy_2th_pre_req_pre"": ""0"", ""buy_3th_pre_bid"": ""+763000"", ""buy_3th_pre_req"": ""207"", ""buy_3th_pre_req_pre"": ""0"", ""buy_4th_pre_bid"": ""+762000"", ""buy_4th_pre_req"": ""275"", ""buy_4th_pre_req_pre"": ""0"", ""buy_5th_pre_bid"": ""+761000"", ""buy_5th_pre_req"": ""99"", ""buy_5th_pre_req_pre"": ""0"", ""buy_6th_pre_bid"": ""+760000"", ""buy_6th_pre_req"": ""118"", ""buy_6th_pre_req_pre"": ""0"", ""buy_7th_pre_bid"": ""+759000"", ""buy_7th_pre_req"": ""18"", ""buy_7th_pre_req_pre"": ""0"", ""buy_8th_pre_bid"": ""+758000"", ""buy_8th_pre_req"": ""22"", ""buy_8th_pre_req_pre"": ""0"", ""buy_9th_pre_bid"": ""+757000"", ""buy_9th_pre_req"": ""10"", ""buy_9th_pre_req_pre"": ""0"", ""buy_10th_pre_bid"": ""+756000"", ""buy_10th_pre_req"": ""227"", ""buy_10th_pre_req_pre"": ""0"", ""tot_sel_req_jub_pre"": ""0"", ""tot_sel_req"": ""917"", ""tot_buy_req"": ""1170"", ""tot_buy_req_jub_pre"": ""--1"", ""ovt_sel_req_pre"": ""0"", ""ovt_sel_req"": ""0"", ""ovt_buy_req"": ""0"", ""ovt_buy_req_pre"": ""0"", ""return_code"": 0, ""return_msg"": ""정상적으로 처리되었습니다""}"
2026-06-10,scan_candidate,278470,,0,main_scan,417500,,417500,417000,417500,416500,-0.3592814371257485,0.11976047904191617,,,,,,"{""bid_req_base_tm"": ""114936"", ""sel_10th_pre_req_pre"": ""0"", ""sel_10th_pre_req"": ""512"", ""sel_10th_pre_bid"": ""+422000"", ""sel_9th_pre_req_pre"": ""0"", ""sel_9th_pre_req"": ""208"", ""sel_9th_pre_bid"": ""+421500"", ""sel_8th_pre_req_pre"": ""0"", ""sel_8th_pre_req"": ""129"", ""sel_8th_pre_bid"": ""+421000"", ""sel_7th_pre_req_pre"": ""0"", ""sel_7th_pre_req"": ""66"", ""sel_7th_pre_bid"": ""+420500"", ""sel_6th_pre_req_pre"": ""0"", ""sel_6th_pre_req"": ""416"", ""sel_6th_pre_bid"": ""+420000"", ""sel_5th_pre_req_pre"": ""0"", ""sel_5th_pre_req"": ""78"", ""sel_5th_pre_bid"": ""+419500"", ""sel_4th_pre_req_pre"": ""0"", ""sel_4th_pre_req"": ""164"", ""sel_4th_pre_bid"": ""+419000"", ""sel_3th_pre_req_pre"": ""0"", ""sel_3th_pre_req"": ""69"", ""sel_3th_pre_bid"": ""+418500"", ""sel_2th_pre_req_pre"": ""0"", ""sel_2th_pre_req"": ""280"", ""sel_2th_pre_bid"": ""+418000"", ""sel_1th_pre_req_pre"": ""+1"", ""sel_fpr_req"": ""9"", ""sel_fpr_bid"": ""+417500"", ""buy_fpr_bid"": ""+417000"", ""buy_fpr_req"": ""70"", ""buy_1th_pre_req_pre"": ""0"", ""buy_2th_pre_bid"": ""+416500"", ""buy_2th_pre_req"": ""70"", ""buy_2th_pre_req_pre"": ""0"", ""buy_3th_pre_bid"": ""+416000"", ""buy_3th_pre_req"": ""55"", ""buy_3th_pre_req_pre"": ""0"", ""buy_4th_pre_bid"": ""+415500"", ""buy_4th_pre_req"": ""27"", ""buy_4th_pre_req_pre"": ""0"", ""buy_5th_pre_bid"": ""+415000"", ""buy_5th_pre_req"": ""29"", ""buy_5th_pre_req_pre"": ""0"", ""buy_6th_pre_bid"": ""+414500"", ""buy_6th_pre_req"": ""247"", ""buy_6th_pre_req_pre"": ""0"", ""buy_7th_pre_bid"": ""+414000"", ""buy_7th_pre_req"": ""92"", ""buy_7th_pre_req_pre"": ""0"", ""buy_8th_pre_bid"": ""+413500"", ""buy_8th_pre_req"": ""137"", ""buy_8th_pre_req_pre"": ""0"", ""buy_9th_pre_bid"": ""+413000"", ""buy_9th_pre_req"": ""356"", ""buy_9th_pre_req_pre"": ""0"", ""buy_10th_pre_bid"": ""+412500"", ""buy_10th_pre_req"": ""21"", ""buy_10th_pre_req_pre"": ""0"", ""tot_sel_req_jub_pre"": ""+1"", ""tot_sel_req"": ""1931"", ""tot_buy_req"": ""1104"", ""tot_buy_req_jub_pre"": ""0"", ""ovt_sel_req_pre"": ""0"", ""ovt_sel_req"": ""0"", ""ovt_buy_req"": ""0"", ""ovt_buy_req_pre"": ""0"", ""return_code"": 0, ""return_msg"": ""정상적으로 처리되었습니다""}"
2026-06-10,scan_candidate,030200,,0,main_scan,54700,,54700,54600,54700,54700,-0.18281535648994515,0.18281535648994515,,,,,,"{""bid_req_base_tm"": ""114931"", ""sel_10th_pre_req_pre"": ""0"", ""sel_10th_pre_req"": ""731"", ""sel_10th_pre_bid"": ""+55600"", ""sel_9th_pre_req_pre"": ""0"", ""sel_9th_pre_req"": ""3252"", ""sel_9th_pre_bid"": ""+55500"", ""sel_8th_pre_req_pre"": ""0"", ""sel_8th_pre_req"": ""1360"", ""sel_8th_pre_bid"": ""+55400"", ""sel_7th_pre_req_pre"": ""0"", ""sel_7th_pre_req"": ""2066"", ""sel_7th_pre_bid"": ""+55300"", ""sel_6th_pre_req_pre"": ""0"", ""sel_6th_pre_req"": ""1231"", ""sel_6th_pre_bid"": ""+55200"", ""sel_5th_pre_req_pre"": ""0"", ""sel_5th_pre_req"": ""1130"", ""sel_5th_pre_bid"": ""+55100"", ""sel_4th_pre_req_pre"": ""0"", ""sel_4th_pre_req"": ""1695"", ""sel_4th_pre_bid"": ""+55000"", ""sel_3th_pre_req_pre"": ""0"", ""sel_3th_pre_req"": ""546"", ""sel_3th_pre_bid"": ""+54900"", ""sel_2th_pre_req_pre"": ""0"", ""sel_2th_pre_req"": ""50"", ""sel_2th_pre_bid"": ""+54800"", ""sel_1th_pre_req_pre"": ""0"", ""sel_fpr_req"": ""261"", ""sel_fpr_bid"": ""+54700"", ""buy_fpr_bid"": ""+54600"", ""buy_fpr_req"": ""1397"", ""buy_1th_pre_req_pre"": ""0"", ""buy_2th_pre_bid"": ""+54500"", ""buy_2th_pre_req"": ""1343"", ""buy_2th_pre_req_pre"": ""0"", ""buy_3th_pre_bid"": ""+54400"", ""buy_3th_pre_req"": ""932"", ""buy_3th_pre_req_pre"": ""0"", ""buy_4th_pre_bid"": ""+54300"", ""buy_4th_pre_req"": ""515"", ""buy_4th_pre_req_pre"": ""0"", ""buy_5th_pre_bid"": ""+54200"", ""buy_5th_pre_req"": ""1874"", ""buy_5th_pre_req_pre"": ""0"", ""buy_6th_pre_bid"": ""+54100"", ""buy_6th_pre_req"": ""792"", ""buy_6th_pre_req_pre"": ""0"", ""buy_7th_pre_bid"": ""+54000"", ""buy_7th_pre_req"": ""3992"", ""buy_7th_pre_req_pre"": ""0"", ""buy_8th_pre_bid"": ""+53900"", ""buy_8th_pre_req"": ""947"", ""buy_8th_pre_req_pre"": ""0"", ""buy_9th_pre_bid"": ""53800"", ""buy_9th_pre_req"": ""3153"", ""buy_9th_pre_req_pre"": ""0"", ""buy_10th_pre_bid"": ""-53700"", ""buy_10th_pre_req"": ""922"", ""buy_10th_pre_req_pre"": ""0"", ""tot_sel_req_jub_pre"": ""0"", ""tot_sel_req"": ""12322"", ""tot_buy_req"": ""15867"", ""tot_buy_req_jub_pre"": ""0"", ""ovt_sel_req_pre"": ""0"", ""ovt_sel_req"": ""0"", ""ovt_buy_req"": ""0"", ""ovt_buy_req_pre"": ""0"", ""return_code"": 0, ""return_msg"": ""정상적으로 처리되었습니다""}"
2026-06-10,scan_candidate,010950,,0,main_scan,112100,,112100,111900,112100,111500,-0.9812667261373774,0.17841213202497772,,,,,,"{""bid_req_base_tm"": ""114938"", ""sel_10th_pre_req_pre"": ""0"", ""sel_10th_pre_req"": ""815"", ""sel_10th_pre_bid"": ""+113000"", ""sel_9th_pre_req_pre"": ""0"", ""sel_9th_pre_req"": ""132"", ""sel_9th_pre_bid"": ""+112900"", ""sel_8th_pre_req_pre"": ""0"", ""sel_8th_pre_req"": ""1062"", ""sel_8th_pre_bid"": ""+112800"", ""sel_7th_pre_req_pre"": ""0"", ""sel_7th_pre_req"": ""58"", ""sel_7th_pre_bid"": ""+112700"", ""sel_6th_pre_req_pre"": ""0"", ""sel_6th_pre_req"": ""23"", ""sel_6th_pre_bid"": ""+112600"", ""sel_5th_pre_req_pre"": ""0"", ""sel_5th_pre_req"": ""488"", ""sel_5th_pre_bid"": ""+112500"", ""sel_4th_pre_req_pre"": ""0"", ""sel_4th_pre_req"": ""208"", ""sel_4th_pre_bid"": ""+112400"", ""sel_3th_pre_req_pre"": ""0"", ""sel_3th_pre_req"": ""122"", ""sel_3th_pre_bid"": ""+112300"", ""sel_2th_pre_req_pre"": ""0"", ""sel_2th_pre_req"": ""305"", ""sel_2th_pre_bid"": ""+112200"", ""sel_1th_pre_req_pre"": ""--38"", ""sel_fpr_req"": ""22"", ""sel_fpr_bid"": ""+112100"", ""buy_fpr_bid"": ""+111900"", ""buy_fpr_req"": ""185"", ""buy_1th_pre_req_pre"": ""--38"", ""buy_2th_pre_bid"": ""+111800"", ""buy_2th_pre_req"": ""39"", ""buy_2th_pre_req_pre"": ""0"", ""buy_3th_pre_bid"": ""+111700"", ""buy_3th_pre_req"": ""10"", ""buy_3th_pre_req_pre"": ""0"", ""buy_4th_pre_bid"": ""+111600"", ""buy_4th_pre_req"": ""4"", ""buy_4th_pre_req_pre"": ""0"", ""buy_5th_pre_bid"": ""+111500"", ""buy_5th_pre_req"": ""36"", ""buy_5th_pre_req_pre"": ""0"", ""buy_6th_pre_bid"": ""+111400"", ""buy_6th_pre_req"": ""256"", ""buy_6th_pre_req_pre"": ""0"", ""buy_7th_pre_bid"": ""+111300"", ""buy_7th_pre_req"": ""123"", ""buy_7th_pre_req_pre"": ""0"", ""buy_8th_pre_bid"": ""+111200"", ""buy_8th_pre_req"": ""1"", ""buy_8th_pre_req_pre"": ""0"", ""buy_9th_pre_bid"": ""+111100"", ""buy_9th_pre_req"": ""31"", ""buy_9th_pre_req_pre"": ""0"", ""buy_10th_pre_bid"": ""+111000"", ""buy_10th_pre_req"": ""108"", ""buy_10th_pre_req_pre"": ""0"", ""tot_sel_req_jub_pre"": ""--38"", ""tot_sel_req"": ""3235"", ""tot_buy_req"": ""793"", ""tot_buy_req_jub_pre"": ""--38"", ""ovt_sel_req_pre"": ""0"", ""ovt_sel_req"": ""0"", ""ovt_buy_req"": ""0"", ""ovt_buy_req_pre"": ""0"", ""return_code"": 0, ""return_msg"": ""정상적으로 처리되었습니다""}"
2026-06-10,scan_candidate,323410,,0,main_scan,24550,,24550,24500,24550,24400,-0.8146639511201629,0.20366598778004072,,,,,,"{""bid_req_base_tm"": ""114937"", ""sel_10th_pre_req_pre"": ""0"", ""sel_10th_pre_req"": ""15461"", ""sel_10th_pre_bid"": ""+25000"", ""sel_9th_pre_req_pre"": ""0"", ""sel_9th_pre_req"": ""9680"", ""sel_9th_pre_bid"": ""+24950"", ""sel_8th_pre_req_pre"": ""0"", ""sel_8th_pre_req"": ""5892"", ""sel_8th_pre_bid"": ""+24900"", ""sel_7th_pre_req_pre"": ""0"", ""sel_7th_pre_req"": ""8220"", ""sel_7th_pre_bid"": ""+24850"", ""sel_6th_pre_req_pre"": ""0"", ""sel_6th_pre_req"": ""14791"", ""sel_6th_pre_bid"": ""+24800"", ""sel_5th_pre_req_pre"": ""0"", ""sel_5th_pre_req"": ""6126"", ""sel_5th_pre_bid"": ""+24750"", ""sel_4th_pre_req_pre"": ""0"", ""sel_4th_pre_req"": ""2940"", ""sel_4th_pre_bid"": ""+24700"", ""sel_3th_pre_req_pre"": ""0"", ""sel_3th_pre_req"": ""4013"", ""sel_3th_pre_bid"": ""+24650"", ""sel_2th_pre_req_pre"": ""0"", ""sel_2th_pre_req"": ""3591"", ""sel_2th_pre_bid"": ""+24600"", ""sel_1th_pre_req_pre"": ""+1"", ""sel_fpr_req"": ""5387"", ""sel_fpr_bid"": ""+24550"", ""buy_fpr_bid"": ""+24500"", ""buy_fpr_req"": ""12193"", ""buy_1th_pre_req_pre"": ""0"", ""buy_2th_pre_bid"": ""+24450"", ""buy_2th_pre_req"": ""3590"", ""buy_2th_pre_req_pre"": ""0"", ""buy_3th_pre_bid"": ""24400"", ""buy_3th_pre_req"": ""5525"", ""buy_3th_pre_req_pre"": ""0"", ""buy_4th_pre_bid"": ""-24350"", ""buy_4th_pre_req"": ""2056"", ""buy_4th_pre_req_pre"": ""0"", ""buy_5th_pre_bid"": ""-24300"", ""buy_5th_pre_req"": ""990"", ""buy_5th_pre_req_pre"": ""0"", ""buy_6th_pre_bid"": ""-24250"", ""buy_6th_pre_req"": ""1663"", ""buy_6th_pre_req_pre"": ""0"", ""buy_7th_pre_bid"": ""-24200"", ""buy_7th_pre_req"": ""998"", ""buy_7th_pre_req_pre"": ""0"", ""buy_8th_pre_bid"": ""-24150"", ""buy_8th_pre_req"": ""1287"", ""buy_8th_pre_req_pre"": ""0"", ""buy_9th_pre_bid"": ""-24100"", ""buy_9th_pre_req"": ""3227"", ""buy_9th_pre_req_pre"": ""0"", ""buy_10th_pre_bid"": ""-24050"", ""buy_10th_pre_req"": ""1302"", ""buy_10th_pre_req_pre"": ""0"", ""tot_sel_req_jub_pre"": ""+1"", ""tot_sel_req"": ""76101"", ""tot_buy_req"": ""32831"", ""tot_buy_req_jub_pre"": ""0"", ""ovt_sel_req_pre"": ""0"", ""ovt_sel_req"": ""0"", ""ovt_buy_req"": ""0"", ""ovt_buy_req_pre"": ""0"", ""return_code"": 0, ""return_msg"": ""정상적으로 처리되었습니다""}"
2026-06-10,scan_candidate,005940,,0,main_scan,30850,,30850,30750,30850,30950,0.1620745542949757,0.3241491085899514,,,,,,"{""bid_req_base_tm"": ""114937"", ""sel_10th_pre_req_pre"": ""0"", ""sel_10th_pre_req"": ""1072"", ""sel_10th_pre_bid"": ""+31300"", ""sel_9th_pre_req_pre"": ""0"", ""sel_9th_pre_req"": ""445"", ""sel_9th_pre_bid"": ""31250"", ""sel_8th_pre_req_pre"": ""0"", ""sel_8th_pre_req"": ""514"", ""sel_8th_pre_bid"": ""-31200"", ""sel_7th_pre_req_pre"": ""0"", ""sel_7th_pre_req"": ""11"", ""sel_7th_pre_bid"": ""-31150"", ""sel_6th_pre_req_pre"": ""0"", ""sel_6th_pre_req"": ""1"", ""sel_6th_pre_bid"": ""-31100"", ""sel_5th_pre_req_pre"": ""0"", ""sel_5th_pre_req"": ""111"", ""sel_5th_pre_bid"": ""-31050"", ""sel_4th_pre_req_pre"": ""0"", ""sel_4th_pre_req"": ""292"", ""sel_4th_pre_bid"": ""-31000"", ""sel_3th_pre_req_pre"": ""0"", ""sel_3th_pre_req"": ""66"", ""sel_3th_pre_bid"": ""-30950"", ""sel_2th_pre_req_pre"": ""0"", ""sel_2th_pre_req"": ""402"", ""sel_2th_pre_bid"": ""-30900"", ""sel_1th_pre_req_pre"": ""--72"", ""sel_fpr_req"": ""22"", ""sel_fpr_bid"": ""-30850"", ""buy_fpr_bid"": ""-30750"", ""buy_fpr_req"": ""69"", ""buy_1th_pre_req_pre"": ""0"", ""buy_2th_pre_bid"": ""-30700"", ""buy_2th_pre_req"": ""833"", ""buy_2th_pre_req_pre"": ""0"", ""buy_3th_pre_bid"": ""-30650"", ""buy_3th_pre_req"": ""3688"", ""buy_3th_pre_req_pre"": ""0"", ""buy_4th_pre_bid"": ""-30600"", ""buy_4th_pre_req"": ""436"", ""buy_4th_pre_req_pre"": ""0"", ""buy_5th_pre_bid"": ""-30550"", ""buy_5th_pre_req"": ""433"", ""buy_5th_pre_req_pre"": ""0"", ""buy_6th_pre_bid"": ""-30500"", ""buy_6th_pre_req"": ""1211"", ""buy_6th_pre_req_pre"": ""0"", ""buy_7th_pre_bid"": ""-30450"", ""buy_7th_pre_req"": ""572"", ""buy_7th_pre_req_pre"": ""0"", ""buy_8th_pre_bid"": ""-30400"", ""buy_8th_pre_req"": ""990"", ""buy_8th_pre_req_pre"": ""0"", ""buy_9th_pre_bid"": ""-30350"", ""buy_9th_pre_req"": ""1049"", ""buy_9th_pre_req_pre"": ""0"", ""buy_10th_pre_bid"": ""-30300"", ""buy_10th_pre_req"": ""3161"", ""buy_10th_pre_req_pre"": ""0"", ""tot_sel_req_jub_pre"": ""--72"", ""tot_sel_req"": ""2936"", ""tot_buy_req"": ""12442"", ""tot_buy_req_jub_pre"": ""0"", ""ovt_sel_req_pre"": ""0"", ""ovt_sel_req"": ""0"", ""ovt_buy_req"": ""0"", ""ovt_buy_req_pre"": ""0"", ""return_code"": 0, ""return_msg"": ""정상적으로 처리되었습니다""}"
2026-06-10,scan_candidate,064400,,0,main_scan,95200,,95200,95000,95200,95100,-0.21008403361344538,0.21008403361344538,,,,,,"{""bid_req_base_tm"": ""114938"", ""sel_10th_pre_req_pre"": ""0"", ""sel_10th_pre_req"": ""29"", ""sel_10th_pre_bid"": ""-96100"", ""sel_9th_pre_req_pre"": ""0"", ""sel_9th_pre_req"": ""1681"", ""sel_9th_pre_bid"": ""-96000"", ""sel_8th_pre_req_pre"": ""0"", ""sel_8th_pre_req"": ""409"", ""sel_8th_pre_bid"": ""-95900"", ""sel_7th_pre_req_pre"": ""0"", ""sel_7th_pre_req"": ""780"", ""sel_7th_pre_bid"": ""-95800"", ""sel_6th_pre_req_pre"": ""0"", ""sel_6th_pre_req"": ""229"", ""sel_6th_pre_bid"": ""-95700"", ""sel_5th_pre_req_pre"": ""0"", ""sel_5th_pre_req"": ""1017"", ""sel_5th_pre_bid"": ""-95600"", ""sel_4th_pre_req_pre"": ""0"", ""sel_4th_pre_req"": ""467"", ""sel_4th_pre_bid"": ""-95500"", ""sel_3th_pre_req_pre"": ""0"", ""sel_3th_pre_req"": ""180"", ""sel_3th_pre_bid"": ""-95400"", ""sel_2th_pre_req_pre"": ""0"", ""sel_2th_pre_req"": ""397"", ""sel_2th_pre_bid"": ""-95300"", ""sel_1th_pre_req_pre"": ""0"", ""sel_fpr_req"": ""290"", ""sel_fpr_bid"": ""-95200"", ""buy_fpr_bid"": ""-95000"", ""buy_fpr_req"": ""46"", ""buy_1th_pre_req_pre"": ""--149"", ""buy_2th_pre_bid"": ""-94900"", ""buy_2th_pre_req"": ""879"", ""buy_2th_pre_req_pre"": ""0"", ""buy_3th_pre_bid"": ""-94800"", ""buy_3th_pre_req"": ""271"", ""buy_3th_pre_req_pre"": ""0"", ""buy_4th_pre_bid"": ""-94700"", ""buy_4th_pre_req"": ""599"", ""buy_4th_pre_req_pre"": ""0"", ""buy_5th_pre_bid"": ""-94600"", ""buy_5th_pre_req"": ""563"", ""buy_5th_pre_req_pre"": ""0"", ""buy_6th_pre_bid"": ""-94500"", ""buy_6th_pre_req"": ""1090"", ""buy_6th_pre_req_pre"": ""0"", ""buy_7th_pre_bid"": ""-94400"", ""buy_7th_pre_req"": ""390"", ""buy_7th_pre_req_pre"": ""0"", ""buy_8th_pre_bid"": ""-94300"", ""buy_8th_pre_req"": ""544"", ""buy_8th_pre_req_pre"": ""0"", ""buy_9th_pre_bid"": ""-94200"", ""buy_9th_pre_req"": ""1226"", ""buy_9th_pre_req_pre"": ""0"", ""buy_10th_pre_bid"": ""-94100"", ""buy_10th_pre_req"": ""2510"", ""buy_10th_pre_req_pre"": ""0"", ""tot_sel_req_jub_pre"": ""0"", ""tot_sel_req"": ""5479"", ""tot_buy_req"": ""8118"", ""tot_buy_req_jub_pre"": ""+2360"", ""ovt_sel_req_pre"": ""0"", ""ovt_sel_req"": ""0"", ""ovt_buy_req"": ""0"", ""ovt_buy_req_pre"": ""0"", ""return_code"": 0, ""return_msg"": ""정상적으로 처리되었습니다""}"
2026-06-10,scan_candidate,003490,,0,main_scan,25450,,25450,25400,25450,25350,-0.5893909626719057,0.19646365422396855,,,,,,"{""bid_req_base_tm"": ""114938"", ""sel_10th_pre_req_pre"": ""0"", ""sel_10th_pre_req"": ""20931"", ""sel_10th_pre_bid"": ""+25900"", ""sel_9th_pre_req_pre"": ""0"", ""sel_9th_pre_req"": ""17994"", ""sel_9th_pre_bid"": ""+25850"", ""sel_8th_pre_req_pre"": ""0"", ""sel_8th_pre_req"": ""50061"", ""sel_8th_pre_bid"": ""+25800"", ""sel_7th_pre_req_pre"": ""0"", ""sel_7th_pre_req"": ""7787"", ""sel_7th_pre_bid"": ""+25750"", ""sel_6th_pre_req_pre"": ""0"", ""sel_6th_pre_req"": ""5041"", ""sel_6th_pre_bid"": ""+25700"", ""sel_5th_pre_req_pre"": ""0"", ""sel_5th_pre_req"": ""2167"", ""sel_5th_pre_bid"": ""+25650"", ""sel_4th_pre_req_pre"": ""0"", ""sel_4th_pre_req"": ""4514"", ""sel_4th_pre_bid"": ""+25600"", ""sel_3th_pre_req_pre"": ""0"", ""sel_3th_pre_req"": ""3476"", ""sel_3th_pre_bid"": ""+25550"", ""sel_2th_pre_req_pre"": ""--1"", ""sel_2th_pre_req"": ""2917"", ""sel_2th_pre_bid"": ""+25500"", ""sel_1th_pre_req_pre"": ""+2"", ""sel_fpr_req"": ""63"", ""sel_fpr_bid"": ""+25450"", ""buy_fpr_bid"": ""+25400"", ""buy_fpr_req"": ""1601"", ""buy_1th_pre_req_pre"": ""0"", ""buy_2th_pre_bid"": ""+25350"", ""buy_2th_pre_req"": ""2525"", ""buy_2th_pre_req_pre"": ""0"", ""buy_3th_pre_bid"": ""+25300"", ""buy_3th_pre_req"": ""3786"", ""buy_3th_pre_req_pre"": ""0"", ""buy_4th_pre_bid"": ""+25250"", ""buy_4th_pre_req"": ""3773"", ""buy_4th_pre_req_pre"": ""0"", ""buy_5th_pre_bid"": ""+25200"", ""buy_5th_pre_req"": ""4616"", ""buy_5th_pre_req_pre"": ""0"", ""buy_6th_pre_bid"": ""+25150"", ""buy_6th_pre_req"": ""1954"", ""buy_6th_pre_req_pre"": ""0"", ""buy_7th_pre_bid"": ""+25100"", ""buy_7th_pre_req"": ""3102"", ""buy_7th_pre_req_pre"": ""0"", ""buy_8th_pre_bid"": ""+25050"", ""buy_8th_pre_req"": ""2184"", ""buy_8th_pre_req_pre"": ""0"", ""buy_9th_pre_bid"": ""+25000"", ""buy_9th_pre_req"": ""4021"", ""buy_9th_pre_req_pre"": ""0"", ""buy_10th_pre_bid"": ""+24950"", ""buy_10th_pre_req"": ""1508"", ""buy_10th_pre_req_pre"": ""0"", ""tot_sel_req_jub_pre"": ""+1"", ""tot_sel_req"": ""114951"", ""tot_buy_req"": ""29070"", ""tot_buy_req_jub_pre"": ""0"", ""ovt_sel_req_pre"": ""0"", ""ovt_sel_req"": ""0"", ""ovt_buy_req"": ""0"", ""ovt_buy_req_pre"": ""0"", ""return_code"": 0, ""return_msg"": ""정상적으로 처리되었습니다""}"
2026-06-10,scan_candidate,161390,,0,main_scan,70900,,70900,70800,70900,71300,0.4231311706629055,0.14104372355430184,,,,,,"{""bid_req_base_tm"": ""114939"", ""sel_10th_pre_req_pre"": ""0"", ""sel_10th_pre_req"": ""133"", ""sel_10th_pre_bid"": ""-71800"", ""sel_9th_pre_req_pre"": ""0"", ""sel_9th_pre_req"": ""10"", ""sel_9th_pre_bid"": ""-71700"", ""sel_8th_pre_req_pre"": ""0"", ""sel_8th_pre_req"": ""2"", ""sel_8th_pre_bid"": ""-71600"", ""sel_7th_pre_req_pre"": ""0"", ""sel_7th_pre_req"": ""57"", ""sel_7th_pre_bid"": ""-71500"", ""sel_6th_pre_req_pre"": ""0"", ""sel_6th_pre_req"": ""30"", ""sel_6th_pre_bid"": ""-71400"", ""sel_5th_pre_req_pre"": ""0"", ""sel_5th_pre_req"": ""52"", ""sel_5th_pre_bid"": ""-71300"", ""sel_4th_pre_req_pre"": ""0"", ""sel_4th_pre_req"": ""270"", ""sel_4th_pre_bid"": ""-71200"", ""sel_3th_pre_req_pre"": ""0"", ""sel_3th_pre_req"": ""653"", ""sel_3th_pre_bid"": ""-71100"", ""sel_2th_pre_req_pre"": ""0"", ""sel_2th_pre_req"": ""1056"", ""sel_2th_pre_bid"": ""-71000"", ""sel_1th_pre_req_pre"": ""+47"", ""sel_fpr_req"": ""741"", ""sel_fpr_bid"": ""-70900"", ""buy_fpr_bid"": ""-70800"", ""buy_fpr_req"": ""4012"", ""buy_1th_pre_req_pre"": ""0"", ""buy_2th_pre_bid"": ""-70700"", ""buy_2th_pre_req"": ""321"", ""buy_2th_pre_req_pre"": ""0"", ""buy_3th_pre_bid"": ""-70600"", ""buy_3th_pre_req"": ""40"", ""buy_3th_pre_req_pre"": ""0"", ""buy_4th_pre_bid"": ""-70500"", ""buy_4th_pre_req"": ""365"", ""buy_4th_pre_req_pre"": ""0"", ""buy_5th_pre_bid"": ""-70400"", ""buy_5th_pre_req"": ""394"", ""buy_5th_pre_req_pre"": ""0"", ""buy_6th_pre_bid"": ""-70300"", ""buy_6th_pre_req"": ""193"", ""buy_6th_pre_req_pre"": ""0"", ""buy_7th_pre_bid"": ""-70200"", ""buy_7th_pre_req"": ""230"", ""buy_7th_pre_req_pre"": ""0"", ""buy_8th_pre_bid"": ""-70100"", ""buy_8th_pre_req"": ""197"", ""buy_8th_pre_req_pre"": ""0"", ""buy_9th_pre_bid"": ""-70000"", ""buy_9th_pre_req"": ""536"", ""buy_9th_pre_req_pre"": ""0"", ""buy_10th_pre_bid"": ""-69900"", ""buy_10th_pre_req"": ""137"", ""buy_10th_pre_req_pre"": ""0"", ""tot_sel_req_jub_pre"": ""+47"", ""tot_sel_req"": ""3004"", ""tot_buy_req"": ""6425"", ""tot_buy_req_jub_pre"": ""0"", ""ovt_sel_req_pre"": ""0"", ""ovt_sel_req"": ""0"", ""ovt_buy_req"": ""0"", ""ovt_buy_req_pre"": ""0"", ""return_code"": 0, ""return_msg"": ""정상적으로 처리되었습니다""}"
2026-06-10,scan_candidate,180640,,0,main_scan,116800,,116800,116500,116800,117000,-0.2568493150684931,0.2568493150684931,,,,,,"{""bid_req_base_tm"": ""114934"", ""sel_10th_pre_req_pre"": ""0"", ""sel_10th_pre_req"": ""9"", ""sel_10th_pre_bid"": ""+118100"", ""sel_9th_pre_req_pre"": ""0"", ""sel_9th_pre_req"": ""2"", ""sel_9th_pre_bid"": ""+117900"", ""sel_8th_pre_req_pre"": ""0"", ""sel_8th_pre_req"": ""17"", ""sel_8th_pre_bid"": ""+117500"", ""sel_7th_pre_req_pre"": ""0"", ""sel_7th_pre_req"": ""1"", ""sel_7th_pre_bid"": ""+117400"", ""sel_6th_pre_req_pre"": ""0"", ""sel_6th_pre_req"": ""20"", ""sel_6th_pre_bid"": ""+117300"", ""sel_5th_pre_req_pre"": ""0"", ""sel_5th_pre_req"": ""33"", ""sel_5th_pre_bid"": ""+117200"", ""sel_4th_pre_req_pre"": ""0"", ""sel_4th_pre_req"": ""1"", ""sel_4th_pre_bid"": ""+117100"", ""sel_3th_pre_req_pre"": ""0"", ""sel_3th_pre_req"": ""14"", ""sel_3th_pre_bid"": ""+117000"", ""sel_2th_pre_req_pre"": ""0"", ""sel_2th_pre_req"": ""5"", ""sel_2th_pre_bid"": ""+116900"", ""sel_1th_pre_req_pre"": ""0"", ""sel_fpr_req"": ""21"", ""sel_fpr_bid"": ""+116800"", ""buy_fpr_bid"": ""+116500"", ""buy_fpr_req"": ""15"", ""buy_1th_pre_req_pre"": ""0"", ""buy_2th_pre_bid"": ""+116400"", ""buy_2th_pre_req"": ""13"", ""buy_2th_pre_req_pre"": ""+8"", ""buy_3th_pre_bid"": ""+116300"", ""buy_3th_pre_req"": ""49"", ""buy_3th_pre_req_pre"": ""0"", ""buy_4th_pre_bid"": ""+116100"", ""buy_4th_pre_req"": ""7"", ""buy_4th_pre_req_pre"": ""0"", ""buy_5th_pre_bid"": ""+116000"", ""buy_5th_pre_req"": ""101"", ""buy_5th_pre_req_pre"": ""0"", ""buy_6th_pre_bid"": ""+115900"", ""buy_6th_pre_req"": ""10"", ""buy_6th_pre_req_pre"": ""0"", ""buy_7th_pre_bid"": ""+115800"", ""buy_7th_pre_req"": ""51"", ""buy_7th_pre_req_pre"": ""0"", ""buy_8th_pre_bid"": ""+115700"", ""buy_8th_pre_req"": ""3"", ""buy_8th_pre_req_pre"": ""0"", ""buy_9th_pre_bid"": ""+115600"", ""buy_9th_pre_req"": ""30"", ""buy_9th_pre_req_pre"": ""0"", ""buy_10th_pre_bid"": ""+115500"", ""buy_10th_pre_req"": ""8"", ""buy_10th_pre_req_pre"": ""0"", ""tot_sel_req_jub_pre"": ""0"", ""tot_sel_req"": ""123"", ""tot_buy_req"": ""287"", ""tot_buy_req_jub_pre"": ""+8"", ""ovt_sel_req_pre"": ""0"", ""ovt_sel_req"": ""0"", ""ovt_buy_req"": ""0"", ""ovt_buy_req_pre"": ""0"", ""return_code"": 0, ""return_msg"": ""정상적으로 처리되었습니다""}"
2026-06-10,scan_candidate,454910,,0,main_scan,109000,,109000,108900,109000,109000,-0.45871559633027525,0.09174311926605505,,,,,,"{""bid_req_base_tm"": ""114939"", ""sel_10th_pre_req_pre"": ""0"", ""sel_10th_pre_req"": ""378"", ""sel_10th_pre_bid"": ""-109900"", ""sel_9th_pre_req_pre"": ""0"", ""sel_9th_pre_req"": ""89"", ""sel_9th_pre_bid"": ""-109800"", ""sel_8th_pre_req_pre"": ""0"", ""sel_8th_pre_req"": ""59"", ""sel_8th_pre_bid"": ""-109700"", ""sel_7th_pre_req_pre"": ""0"", ""sel_7th_pre_req"": ""71"", ""sel_7th_pre_bid"": ""-109600"", ""sel_6th_pre_req_pre"": ""0"", ""sel_6th_pre_req"": ""308"", ""sel_6th_pre_bid"": ""-109500"", ""sel_5th_pre_req_pre"": ""0"", ""sel_5th_pre_req"": ""115"", ""sel_5th_pre_bid"": ""-109400"", ""sel_4th_pre_req_pre"": ""0"", ""sel_4th_pre_req"": ""122"", ""sel_4th_pre_bid"": ""-109300"", ""sel_3th_pre_req_pre"": ""0"", ""sel_3th_pre_req"": ""241"", ""sel_3th_pre_bid"": ""-109200"", ""sel_2th_pre_req_pre"": ""0"", ""sel_2th_pre_req"": ""152"", ""sel_2th_pre_bid"": ""-109100"", ""sel_1th_pre_req_pre"": ""0"", ""sel_fpr_req"": ""253"", ""sel_fpr_bid"": ""-109000"", ""buy_fpr_bid"": ""-108900"", ""buy_fpr_req"": ""5"", ""buy_1th_pre_req_pre"": ""0"", ""buy_2th_pre_bid"": ""-108800"", ""buy_2th_pre_req"": ""414"", ""buy_2th_pre_req_pre"": ""0"", ""buy_3th_pre_bid"": ""-108700"", ""buy_3th_pre_req"": ""245"", ""buy_3th_pre_req_pre"": ""0"", ""buy_4th_pre_bid"": ""-108600"", ""buy_4th_pre_req"": ""257"", ""buy_4th_pre_req_pre"": ""0"", ""buy_5th_pre_bid"": ""-108500"", ""buy_5th_pre_req"": ""4370"", ""buy_5th_pre_req_pre"": ""+1"", ""buy_6th_pre_bid"": ""-108400"", ""buy_6th_pre_req"": ""967"", ""buy_6th_pre_req_pre"": ""0"", ""buy_7th_pre_bid"": ""-108300"", ""buy_7th_pre_req"": ""1006"", ""buy_7th_pre_req_pre"": ""0"", ""buy_8th_pre_bid"": ""-108200"", ""buy_8th_pre_req"": ""1051"", ""buy_8th_pre_req_pre"": ""0"", ""buy_9th_pre_bid"": ""-108100"", ""buy_9th_pre_req"": ""1524"", ""buy_9th_pre_req_pre"": ""0"", ""buy_10th_pre_bid"": ""-108000"", ""buy_10th_pre_req"": ""5226"", ""buy_10th_pre_req_pre"": ""0"", ""tot_sel_req_jub_pre"": ""0"", ""tot_sel_req"": ""1788"", ""tot_buy_req"": ""15065"", ""tot_buy_req_jub_pre"": ""+1"", ""ovt_sel_req_pre"": ""0"", ""ovt_sel_req"": ""0"", ""ovt_buy_req"": ""0"", ""ovt_buy_req_pre"": ""0"", ""return_code"": 0, ""return_msg"": ""정상적으로 처리되었습니다""}"
2026-06-10,scan_candidate,353200,,0,main_scan,154100,,154100,153900,154100,154000,-0.3893575600259572,0.12978585334198572,,,,,,"{""bid_req_base_tm"": ""114939"", ""sel_10th_pre_req_pre"": ""0"", ""sel_10th_pre_req"": ""724"", ""sel_10th_pre_bid"": ""+155100"", ""sel_9th_pre_req_pre"": ""0"", ""sel_9th_pre_req"": ""70"", ""sel_9th_pre_bid"": ""+155000"", ""sel_8th_pre_req_pre"": ""0"", ""sel_8th_pre_req"": ""22"", ""sel_8th_pre_bid"": ""+154900"", ""sel_7th_pre_req_pre"": ""0"", ""sel_7th_pre_req"": ""22"", ""sel_7th_pre_bid"": ""+154800"", ""sel_6th_pre_req_pre"": ""0"", ""sel_6th_pre_req"": ""548"", ""sel_6th_pre_bid"": ""+154600"", ""sel_5th_pre_req_pre"": ""0"", ""sel_5th_pre_req"": ""39"", ""sel_5th_pre_bid"": ""+154500"", ""sel_4th_pre_req_pre"": ""0"", ""sel_4th_pre_req"": ""1"", ""sel_4th_pre_bid"": ""+154400"", ""sel_3th_pre_req_pre"": ""0"", ""sel_3th_pre_req"": ""22"", ""sel_3th_pre_bid"": ""+154300"", ""sel_2th_pre_req_pre"": ""0"", ""sel_2th_pre_req"": ""1"", ""sel_2th_pre_bid"": ""+154200"", ""sel_1th_pre_req_pre"": ""0"", ""sel_fpr_req"": ""44"", ""sel_fpr_bid"": ""+154100"", ""buy_fpr_bid"": ""+153900"", ""buy_fpr_req"": ""10"", ""buy_1th_pre_req_pre"": ""0"", ""buy_2th_pre_bid"": ""+153800"", ""buy_2th_pre_req"": ""211"", ""buy_2th_pre_req_pre"": ""0"", ""buy_3th_pre_bid"": ""+153700"", ""buy_3th_pre_req"": ""7"", ""buy_3th_pre_req_pre"": ""0"", ""buy_4th_pre_bid"": ""+153600"", ""buy_4th_pre_req"": ""69"", ""buy_4th_pre_req_pre"": ""0"", ""buy_5th_pre_bid"": ""+153500"", ""buy_5th_pre_req"": ""1013"", ""buy_5th_pre_req_pre"": ""0"", ""buy_6th_pre_bid"": ""+153400"", ""buy_6th_pre_req"": ""49"", ""buy_6th_pre_req_pre"": ""0"", ""buy_7th_pre_bid"": ""+153300"", ""buy_7th_pre_req"": ""164"", ""buy_7th_pre_req_pre"": ""0"", ""buy_8th_pre_bid"": ""+153200"", ""buy_8th_pre_req"": ""141"", ""buy_8th_pre_req_pre"": ""0"", ""buy_9th_pre_bid"": ""+153100"", ""buy_9th_pre_req"": ""112"", ""buy_9th_pre_req_pre"": ""0"", ""buy_10th_pre_bid"": ""+153000"", ""buy_10th_pre_req"": ""338"", ""buy_10th_pre_req_pre"": ""0"", ""tot_sel_req_jub_pre"": ""0"", ""tot_sel_req"": ""1493"", ""tot_buy_req"": ""2114"", ""tot_buy_req_jub_pre"": ""--188"", ""ovt_sel_req_pre"": ""0"", ""ovt_sel_req"": ""0"", ""ovt_buy_req"": ""0"", ""ovt_buy_req_pre"": ""0"", ""return_code"": 0, ""return_msg"": ""정상적으로 처리되었습니다""}"
2026-06-10,scan_candidate,034220,,0,main_scan,13060,,13060,13050,13060,13050,-0.45941807044410415,0.0765696784073507,,,,,,"{""bid_req_base_tm"": ""114940"", ""sel_10th_pre_req_pre"": ""0"", ""sel_10th_pre_req"": ""3456"", ""sel_10th_pre_bid"": ""-13150"", ""sel_9th_pre_req_pre"": ""0"", ""sel_9th_pre_req"": ""1055"", ""sel_9th_pre_bid"": ""-13140"", ""sel_8th_pre_req_pre"": ""0"", ""sel_8th_pre_req"": ""390"", ""sel_8th_pre_bid"": ""-13130"", ""sel_7th_pre_req_pre"": ""0"", ""sel_7th_pre_req"": ""123"", ""sel_7th_pre_bid"": ""-13120"", ""sel_6th_pre_req_pre"": ""0"", ""sel_6th_pre_req"": ""1042"", ""sel_6th_pre_bid"": ""-13110"", ""sel_5th_pre_req_pre"": ""0"", ""sel_5th_pre_req"": ""783"", ""sel_5th_pre_bid"": ""-13100"", ""sel_4th_pre_req_pre"": ""0"", ""sel_4th_pre_req"": ""325"", ""sel_4th_pre_bid"": ""-13090"", ""sel_3th_pre_req_pre"": ""0"", ""sel_3th_pre_req"": ""102"", ""sel_3th_pre_bid"": ""-13080"", ""sel_2th_pre_req_pre"": ""0"", ""sel_2th_pre_req"": ""1720"", ""sel_2th_pre_bid"": ""-13070"", ""sel_1th_pre_req_pre"": ""0"", ""sel_fpr_req"": ""2827"", ""sel_fpr_bid"": ""-13060"", ""buy_fpr_bid"": ""-13050"", ""buy_fpr_req"": ""1057"", ""buy_1th_pre_req_pre"": ""--10"", ""buy_2th_pre_bid"": ""-13040"", ""buy_2th_pre_req"": ""4364"", ""buy_2th_pre_req_pre"": ""0"", ""buy_3th_pre_bid"": ""-13030"", ""buy_3th_pre_req"": ""9947"", ""buy_3th_pre_req_pre"": ""0"", ""buy_4th_pre_bid"": ""-13020"", ""buy_4th_pre_req"": ""14271"", ""buy_4th_pre_req_pre"": ""0"", ""buy_5th_pre_bid"": ""-13010"", ""buy_5th_pre_req"": ""21851"", ""buy_5th_pre_req_pre"": ""0"", ""buy_6th_pre_bid"": ""-13000"", ""buy_6th_pre_req"": ""121342"", ""buy_6th_pre_req_pre"": ""0"", ""buy_7th_pre_bid"": ""-12990"", ""buy_7th_pre_req"": ""17981"", ""buy_7th_pre_req_pre"": ""0"", ""buy_8th_pre_bid"": ""-12980"", ""buy_8th_pre_req"": ""18820"", ""buy_8th_pre_req_pre"": ""0"", ""buy_9th_pre_bid"": ""-12970"", ""buy_9th_pre_req"": ""10385"", ""buy_9th_pre_req_pre"": ""0"", ""buy_10th_pre_bid"": ""-12960"", ""buy_10th_pre_req"": ""9867"", ""buy_10th_pre_req_pre"": ""0"", ""tot_sel_req_jub_pre"": ""0"", ""tot_sel_req"": ""11823"", ""tot_buy_req"": ""229885"", ""tot_buy_req_jub_pre"": ""--10"", ""ovt_sel_req_pre"": ""0"", ""ovt_sel_req"": ""0"", ""ovt_buy_req"": ""0"", ""ovt_buy_req_pre"": ""0"", ""return_code"": 0, ""return_msg"": ""정상적으로 처리되었습니다""}"
2026-06-10,scan_candidate,078930,,0,main_scan,73300,,73300,73200,73300,72900,-0.6821282401091405,0.1364256480218281,,,,,,"{""bid_req_base_tm"": ""114926"", ""sel_10th_pre_req_pre"": ""0"", ""sel_10th_pre_req"": ""40"", ""sel_10th_pre_bid"": ""+74200"", ""sel_9th_pre_req_pre"": ""0"", ""sel_9th_pre_req"": ""17"", ""sel_9th_pre_bid"": ""+74100"", ""sel_8th_pre_req_pre"": ""0"", ""sel_8th_pre_req"": ""22"", ""sel_8th_pre_bid"": ""+74000"", ""sel_7th_pre_req_pre"": ""0"", ""sel_7th_pre_req"": ""585"", ""sel_7th_pre_bid"": ""+73900"", ""sel_6th_pre_req_pre"": ""0"", ""sel_6th_pre_req"": ""25"", ""sel_6th_pre_bid"": ""73800"", ""sel_5th_pre_req_pre"": ""0"", ""sel_5th_pre_req"": ""42"", ""sel_5th_pre_bid"": ""-73700"", ""sel_4th_pre_req_pre"": ""0"", ""sel_4th_pre_req"": ""61"", ""sel_4th_pre_bid"": ""-73600"", ""sel_3th_pre_req_pre"": ""0"", ""sel_3th_pre_req"": ""904"", ""sel_3th_pre_bid"": ""-73500"", ""sel_2th_pre_req_pre"": ""0"", ""sel_2th_pre_req"": ""50"", ""sel_2th_pre_bid"": ""-73400"", ""sel_1th_pre_req_pre"": ""0"", ""sel_fpr_req"": ""137"", ""sel_fpr_bid"": ""-73300"", ""buy_fpr_bid"": ""-73200"", ""buy_fpr_req"": ""347"", ""buy_1th_pre_req_pre"": ""--6"", ""buy_2th_pre_bid"": ""-73100"", ""buy_2th_pre_req"": ""146"", ""buy_2th_pre_req_pre"": ""0"", ""buy_3th_pre_bid"": ""-73000"", ""buy_3th_pre_req"": ""5"", ""buy_3th_pre_req_pre"": ""0"", ""buy_4th_pre_bid"": ""-72900"", ""buy_4th_pre_req"": ""10"", ""buy_4th_pre_req_pre"": ""0"", ""buy_5th_pre_bid"": ""-72800"", ""buy_5th_pre_req"": ""52"", ""buy_5th_pre_req_pre"": ""0"", ""buy_6th_pre_bid"": ""-72700"", ""buy_6th_pre_req"": ""51"", ""buy_6th_pre_req_pre"": ""0"", ""buy_7th_pre_bid"": ""-72600"", ""buy_7th_pre_req"": ""70"", ""buy_7th_pre_req_pre"": ""0"", ""buy_8th_pre_bid"": ""-72500"", ""buy_8th_pre_req"": ""11"", ""buy_8th_pre_req_pre"": ""0"", ""buy_9th_pre_bid"": ""-72400"", ""buy_9th_pre_req"": ""7"", ""buy_9th_pre_req_pre"": ""0"", ""buy_10th_pre_bid"": ""-72300"", ""buy_10th_pre_req"": ""53"", ""buy_10th_pre_req_pre"": ""0"", ""tot_sel_req_jub_pre"": ""0"", ""tot_sel_req"": ""1883"", ""tot_buy_req"": ""752"", ""tot_buy_req_jub_pre"": ""--6"", ""ovt_sel_req_pre"": ""0"", ""ovt_sel_req"": ""0"", ""ovt_buy_req"": ""0"", ""ovt_buy_req_pre"": ""0"", ""return_code"": 0, ""return_msg"": ""정상적으로 처리되었습니다""}"
2026-06-10,scan_candidate,090430,,0,main_scan,111800,,111800,111700,111800,112000,-0.26833631484794274,0.08944543828264759,,,,,,"{""bid_req_base_tm"": ""114938"", ""sel_10th_pre_req_pre"": ""0"", ""sel_10th_pre_req"": ""5"", ""sel_10th_pre_bid"": ""+112700"", ""sel_9th_pre_req_pre"": ""0"", ""sel_9th_pre_req"": ""5"", ""sel_9th_pre_bid"": ""+112600"", ""sel_8th_pre_req_pre"": ""0"", ""sel_8th_pre_req"": ""11"", ""sel_8th_pre_bid"": ""+112500"", ""sel_7th_pre_req_pre"": ""0"", ""sel_7th_pre_req"": ""1"", ""sel_7th_pre_bid"": ""+112400"", ""sel_6th_pre_req_pre"": ""0"", ""sel_6th_pre_req"": ""170"", ""sel_6th_pre_bid"": ""+112300"", ""sel_5th_pre_req_pre"": ""0"", ""sel_5th_pre_req"": ""32"", ""sel_5th_pre_bid"": ""+112200"", ""sel_4th_pre_req_pre"": ""0"", ""sel_4th_pre_req"": ""53"", ""sel_4th_pre_bid"": ""+112100"", ""sel_3th_pre_req_pre"": ""0"", ""sel_3th_pre_req"": ""38"", ""sel_3th_pre_bid"": ""112000"", ""sel_2th_pre_req_pre"": ""0"", ""sel_2th_pre_req"": ""52"", ""sel_2th_pre_bid"": ""-111900"", ""sel_1th_pre_req_pre"": ""--30"", ""sel_fpr_req"": ""456"", ""sel_fpr_bid"": ""-111800"", ""buy_fpr_bid"": ""-111700"", ""buy_fpr_req"": ""105"", ""buy_1th_pre_req_pre"": ""0"", ""buy_2th_pre_bid"": ""-111600"", ""buy_2th_pre_req"": ""1058"", ""buy_2th_pre_req_pre"": ""0"", ""buy_3th_pre_bid"": ""-111500"", ""buy_3th_pre_req"": ""2219"", ""buy_3th_pre_req_pre"": ""0"", ""buy_4th_pre_bid"": ""-111400"", ""buy_4th_pre_req"": ""953"", ""buy_4th_pre_req_pre"": ""0"", ""buy_5th_pre_bid"": ""-111300"", ""buy_5th_pre_req"": ""34"", ""buy_5th_pre_req_pre"": ""0"", ""buy_6th_pre_bid"": ""-111200"", ""buy_6th_pre_req"": ""15"", ""buy_6th_pre_req_pre"": ""0"", ""buy_7th_pre_bid"": ""-111100"", ""buy_7th_pre_req"": ""52"", ""buy_7th_pre_req_pre"": ""0"", ""buy_8th_pre_bid"": ""-111000"", ""buy_8th_pre_req"": ""469"", ""buy_8th_pre_req_pre"": ""0"", ""buy_9th_pre_bid"": ""-110900"", ""buy_9th_pre_req"": ""84"", ""buy_9th_pre_req_pre"": ""0"", ""buy_10th_pre_bid"": ""-110800"", ""buy_10th_pre_req"": ""74"", ""buy_10th_pre_req_pre"": ""0"", ""tot_sel_req_jub_pre"": ""--30"", ""tot_sel_req"": ""823"", ""tot_buy_req"": ""5063"", ""tot_buy_req_jub_pre"": ""0"", ""ovt_sel_req_pre"": ""0"", ""ovt_sel_req"": ""0"", ""ovt_buy_req"": ""0"", ""ovt_buy_req_pre"": ""0"", ""return_code"": 0, ""return_msg"": ""정상적으로 처리되었습니다""}"
2026-06-10,scan_candidate,004170,,0,main_scan,679000,,679000,678000,679000,679000,-0.14727540500736377,0.14727540500736377,,,,,,"{""bid_req_base_tm"": ""114939"", ""sel_10th_pre_req_pre"": ""0"", ""sel_10th_pre_req"": ""84"", ""sel_10th_pre_bid"": ""+688000"", ""sel_9th_pre_req_pre"": ""0"", ""sel_9th_pre_req"": ""10"", ""sel_9th_pre_bid"": ""+687000"", ""sel_8th_pre_req_pre"": ""0"", ""sel_8th_pre_req"": ""6"", ""sel_8th_pre_bid"": ""+686000"", ""sel_7th_pre_req_pre"": ""0"", ""sel_7th_pre_req"": ""21"", ""sel_7th_pre_bid"": ""+685000"", ""sel_6th_pre_req_pre"": ""0"", ""sel_6th_pre_req"": ""75"", ""sel_6th_pre_bid"": ""+684000"", ""sel_5th_pre_req_pre"": ""0"", ""sel_5th_pre_req"": ""8"", ""sel_5th_pre_bid"": ""+683000"", ""sel_4th_pre_req_pre"": ""0"", ""sel_4th_pre_req"": ""9"", ""sel_4th_pre_bid"": ""+682000"", ""sel_3th_pre_req_pre"": ""0"", ""sel_3th_pre_req"": ""14"", ""sel_3th_pre_bid"": ""+681000"", ""sel_2th_pre_req_pre"": ""0"", ""sel_2th_pre_req"": ""53"", ""sel_2th_pre_bid"": ""+680000"", ""sel_1th_pre_req_pre"": ""0"", ""sel_fpr_req"": ""16"", ""sel_fpr_bid"": ""+679000"", ""buy_fpr_bid"": ""+678000"", ""buy_fpr_req"": ""46"", ""buy_1th_pre_req_pre"": ""--2"", ""buy_2th_pre_bid"": ""+677000"", ""buy_2th_pre_req"": ""4"", ""buy_2th_pre_req_pre"": ""0"", ""buy_3th_pre_bid"": ""+676000"", ""buy_3th_pre_req"": ""16"", ""buy_3th_pre_req_pre"": ""0"", ""buy_4th_pre_bid"": ""+675000"", ""buy_4th_pre_req"": ""95"", ""buy_4th_pre_req_pre"": ""0"", ""buy_5th_pre_bid"": ""+674000"", ""buy_5th_pre_req"": ""21"", ""buy_5th_pre_req_pre"": ""0"", ""buy_6th_pre_bid"": ""+673000"", ""buy_6th_pre_req"": ""102"", ""buy_6th_pre_req_pre"": ""0"", ""buy_7th_pre_bid"": ""+672000"", ""buy_7th_pre_req"": ""12"", ""buy_7th_pre_req_pre"": ""0"", ""buy_8th_pre_bid"": ""+671000"", ""buy_8th_pre_req"": ""45"", ""buy_8th_pre_req_pre"": ""0"", ""buy_9th_pre_bid"": ""+670000"", ""buy_9th_pre_req"": ""573"", ""buy_9th_pre_req_pre"": ""0"", ""buy_10th_pre_bid"": ""+669000"", ""buy_10th_pre_req"": ""121"", ""buy_10th_pre_req_pre"": ""0"", ""tot_sel_req_jub_pre"": ""0"", ""tot_sel_req"": ""296"", ""tot_buy_req"": ""1035"", ""tot_buy_req_jub_pre"": ""--2"", ""ovt_sel_req_pre"": ""0"", ""ovt_sel_req"": ""0"", ""ovt_buy_req"": ""0"", ""ovt_buy_req_pre"": ""0"", ""return_code"": 0, ""return_msg"": ""정상적으로 처리되었습니다""}"
2026-06-10,scan_candidate,036570,,0,main_scan,256000,,256000,255500,256000,257000,0.1953125,0.1953125,,,,,,"{""bid_req_base_tm"": ""114940"", ""sel_10th_pre_req_pre"": ""0"", ""sel_10th_pre_req"": ""21"", ""sel_10th_pre_bid"": ""-260500"", ""sel_9th_pre_req_pre"": ""0"", ""sel_9th_pre_req"": ""83"", ""sel_9th_pre_bid"": ""-260000"", ""sel_8th_pre_req_pre"": ""0"", ""sel_8th_pre_req"": ""76"", ""sel_8th_pre_bid"": ""-259500"", ""sel_7th_pre_req_pre"": ""0"", ""sel_7th_pre_req"": ""36"", ""sel_7th_pre_bid"": ""-259000"", ""sel_6th_pre_req_pre"": ""0"", ""sel_6th_pre_req"": ""61"", ""sel_6th_pre_bid"": ""-258500"", ""sel_5th_pre_req_pre"": ""0"", ""sel_5th_pre_req"": ""4"", ""sel_5th_pre_bid"": ""-258000"", ""sel_4th_pre_req_pre"": ""0"", ""sel_4th_pre_req"": ""40"", ""sel_4th_pre_bid"": ""-257500"", ""sel_3th_pre_req_pre"": ""0"", ""sel_3th_pre_req"": ""15"", ""sel_3th_pre_bid"": ""-257000"", ""sel_2th_pre_req_pre"": ""0"", ""sel_2th_pre_req"": ""169"", ""sel_2th_pre_bid"": ""-256500"", ""sel_1th_pre_req_pre"": ""--5"", ""sel_fpr_req"": ""156"", ""sel_fpr_bid"": ""-256000"", ""buy_fpr_bid"": ""-255500"", ""buy_fpr_req"": ""56"", ""buy_1th_pre_req_pre"": ""0"", ""buy_2th_pre_bid"": ""-255000"", ""buy_2th_pre_req"": ""89"", ""buy_2th_pre_req_pre"": ""0"", ""buy_3th_pre_bid"": ""-254500"", ""buy_3th_pre_req"": ""379"", ""buy_3th_pre_req_pre"": ""0"", ""buy_4th_pre_bid"": ""-254000"", ""buy_4th_pre_req"": ""362"", ""buy_4th_pre_req_pre"": ""0"", ""buy_5th_pre_bid"": ""-253500"", ""buy_5th_pre_req"": ""588"", ""buy_5th_pre_req_pre"": ""0"", ""buy_6th_pre_bid"": ""-253000"", ""buy_6th_pre_req"": ""739"", ""buy_6th_pre_req_pre"": ""0"", ""buy_7th_pre_bid"": ""-252500"", ""buy_7th_pre_req"": ""252"", ""buy_7th_pre_req_pre"": ""0"", ""buy_8th_pre_bid"": ""-252000"", ""buy_8th_pre_req"": ""226"", ""buy_8th_pre_req_pre"": ""0"", ""buy_9th_pre_bid"": ""-251500"", ""buy_9th_pre_req"": ""220"", ""buy_9th_pre_req_pre"": ""0"", ""buy_10th_pre_bid"": ""-251000"", ""buy_10th_pre_req"": ""138"", ""buy_10th_pre_req_pre"": ""0"", ""tot_sel_req_jub_pre"": ""--5"", ""tot_sel_req"": ""661"", ""tot_buy_req"": ""3049"", ""tot_buy_req_jub_pre"": ""0"", ""ovt_sel_req_pre"": ""0"", ""ovt_sel_req"": ""0"", ""ovt_buy_req"": ""0"", ""ovt_buy_req_pre"": ""0"", ""return_code"": 0, ""return_msg"": ""정상적으로 처리되었습니다""}"
2026-06-10,scan_candidate,271560,,0,main_scan,132600,,132600,132500,132600,132500,-0.4524886877828055,0.07541478129713425,,,,,,"{""bid_req_base_tm"": ""114939"", ""sel_10th_pre_req_pre"": ""0"", ""sel_10th_pre_req"": ""6"", ""sel_10th_pre_bid"": ""+133600"", ""sel_9th_pre_req_pre"": ""0"", ""sel_9th_pre_req"": ""4"", ""sel_9th_pre_bid"": ""+133500"", ""sel_8th_pre_req_pre"": ""0"", ""sel_8th_pre_req"": ""3"", ""sel_8th_pre_bid"": ""+133300"", ""sel_7th_pre_req_pre"": ""0"", ""sel_7th_pre_req"": ""23"", ""sel_7th_pre_bid"": ""+133200"", ""sel_6th_pre_req_pre"": ""0"", ""sel_6th_pre_req"": ""25"", ""sel_6th_pre_bid"": ""+133100"", ""sel_5th_pre_req_pre"": ""0"", ""sel_5th_pre_req"": ""55"", ""sel_5th_pre_bid"": ""+133000"", ""sel_4th_pre_req_pre"": ""0"", ""sel_4th_pre_req"": ""43"", ""sel_4th_pre_bid"": ""132900"", ""sel_3th_pre_req_pre"": ""0"", ""sel_3th_pre_req"": ""32"", ""sel_3th_pre_bid"": ""-132800"", ""sel_2th_pre_req_pre"": ""0"", ""sel_2th_pre_req"": ""280"", ""sel_2th_pre_bid"": ""-132700"", ""sel_1th_pre_req_pre"": ""0"", ""sel_fpr_req"": ""421"", ""sel_fpr_bid"": ""-132600"", ""buy_fpr_bid"": ""-132500"", ""buy_fpr_req"": ""202"", ""buy_1th_pre_req_pre"": ""+12"", ""buy_2th_pre_bid"": ""-132400"", ""buy_2th_pre_req"": ""70"", ""buy_2th_pre_req_pre"": ""0"", ""buy_3th_pre_bid"": ""-132300"", ""buy_3th_pre_req"": ""13"", ""buy_3th_pre_req_pre"": ""0"", ""buy_4th_pre_bid"": ""-132200"", ""buy_4th_pre_req"": ""51"", ""buy_4th_pre_req_pre"": ""0"", ""buy_5th_pre_bid"": ""-132000"", ""buy_5th_pre_req"": ""36"", ""buy_5th_pre_req_pre"": ""0"", ""buy_6th_pre_bid"": ""-131900"", ""buy_6th_pre_req"": ""10"", ""buy_6th_pre_req_pre"": ""0"", ""buy_7th_pre_bid"": ""-131800"", ""buy_7th_pre_req"": ""48"", ""buy_7th_pre_req_pre"": ""0"", ""buy_8th_pre_bid"": ""-131600"", ""buy_8th_pre_req"": ""1"", ""buy_8th_pre_req_pre"": ""0"", ""buy_9th_pre_bid"": ""-131500"", ""buy_9th_pre_req"": ""405"", ""buy_9th_pre_req_pre"": ""0"", ""buy_10th_pre_bid"": ""-131400"", ""buy_10th_pre_req"": ""51"", ""buy_10th_pre_req_pre"": ""0"", ""tot_sel_req_jub_pre"": ""0"", ""tot_sel_req"": ""892"", ""tot_buy_req"": ""887"", ""tot_buy_req_jub_pre"": ""+12"", ""ovt_sel_req_pre"": ""0"", ""ovt_sel_req"": ""0"", ""ovt_buy_req"": ""0"", ""ovt_buy_req_pre"": ""0"", ""return_code"": 0, ""return_msg"": ""정상적으로 처리되었습니다""}"
2026-06-10,scan_candidate,023530,,0,main_scan,192300,,192300,192200,192300,192500,-0.15600624024961,0.05200208008320333,,,,,,"{""bid_req_base_tm"": ""114941"", ""sel_10th_pre_req_pre"": ""0"", ""sel_10th_pre_req"": ""102"", ""sel_10th_pre_bid"": ""+193300"", ""sel_9th_pre_req_pre"": ""0"", ""sel_9th_pre_req"": ""18"", ""sel_9th_pre_bid"": ""+193200"", ""sel_8th_pre_req_pre"": ""0"", ""sel_8th_pre_req"": ""5"", ""sel_8th_pre_bid"": ""+193100"", ""sel_7th_pre_req_pre"": ""0"", ""sel_7th_pre_req"": ""4"", ""sel_7th_pre_bid"": ""+193000"", ""sel_6th_pre_req_pre"": ""0"", ""sel_6th_pre_req"": ""1"", ""sel_6th_pre_bid"": ""+192900"", ""sel_5th_pre_req_pre"": ""0"", ""sel_5th_pre_req"": ""7"", ""sel_5th_pre_bid"": ""+192800"", ""sel_4th_pre_req_pre"": ""0"", ""sel_4th_pre_req"": ""1"", ""sel_4th_pre_bid"": ""+192700"", ""sel_3th_pre_req_pre"": ""0"", ""sel_3th_pre_req"": ""397"", ""sel_3th_pre_bid"": ""+192500"", ""sel_2th_pre_req_pre"": ""--4"", ""sel_2th_pre_req"": ""66"", ""sel_2th_pre_bid"": ""+192400"", ""sel_1th_pre_req_pre"": ""+4"", ""sel_fpr_req"": ""12"", ""sel_fpr_bid"": ""+192300"", ""buy_fpr_bid"": ""+192200"", ""buy_fpr_req"": ""44"", ""buy_1th_pre_req_pre"": ""0"", ""buy_2th_pre_bid"": ""+192100"", ""buy_2th_pre_req"": ""44"", ""buy_2th_pre_req_pre"": ""0"", ""buy_3th_pre_bid"": ""+192000"", ""buy_3th_pre_req"": ""926"", ""buy_3th_pre_req_pre"": ""0"", ""buy_4th_pre_bid"": ""+191900"", ""buy_4th_pre_req"": ""14"", ""buy_4th_pre_req_pre"": ""0"", ""buy_5th_pre_bid"": ""+191800"", ""buy_5th_pre_req"": ""28"", ""buy_5th_pre_req_pre"": ""0"", ""buy_6th_pre_bid"": ""+191700"", ""buy_6th_pre_req"": ""7"", ""buy_6th_pre_req_pre"": ""0"", ""buy_7th_pre_bid"": ""+191600"", ""buy_7th_pre_req"": ""16"", ""buy_7th_pre_req_pre"": ""0"", ""buy_8th_pre_bid"": ""+191500"", ""buy_8th_pre_req"": ""9"", ""buy_8th_pre_req_pre"": ""0"", ""buy_9th_pre_bid"": ""+191400"", ""buy_9th_pre_req"": ""5"", ""buy_9th_pre_req_pre"": ""0"", ""buy_10th_pre_bid"": ""+191300"", ""buy_10th_pre_req"": ""5"", ""buy_10th_pre_req_pre"": ""0"", ""tot_sel_req_jub_pre"": ""0"", ""tot_sel_req"": ""613"", ""tot_buy_req"": ""1098"", ""tot_buy_req_jub_pre"": ""0"", ""ovt_sel_req_pre"": ""0"", ""ovt_sel_req"": ""0"", ""ovt_buy_req"": ""0"", ""ovt_buy_req_pre"": ""0"", ""return_code"": 0, ""return_msg"": ""정상적으로 처리되었습니다""}"
2026-06-10,scan_candidate,175330,,0,main_scan,25450,,25450,25400,25450,25400,-0.3929273084479371,0.19646365422396855,,,,,,"{""bid_req_base_tm"": ""114941"", ""sel_10th_pre_req_pre"": ""0"", ""sel_10th_pre_req"": ""563"", ""sel_10th_pre_bid"": ""25900"", ""sel_9th_pre_req_pre"": ""0"", ""sel_9th_pre_req"": ""470"", ""sel_9th_pre_bid"": ""-25850"", ""sel_8th_pre_req_pre"": ""0"", ""sel_8th_pre_req"": ""43"", ""sel_8th_pre_bid"": ""-25800"", ""sel_7th_pre_req_pre"": ""0"", ""sel_7th_pre_req"": ""101"", ""sel_7th_pre_bid"": ""-25750"", ""sel_6th_pre_req_pre"": ""0"", ""sel_6th_pre_req"": ""86"", ""sel_6th_pre_bid"": ""-25700"", ""sel_5th_pre_req_pre"": ""0"", ""sel_5th_pre_req"": ""149"", ""sel_5th_pre_bid"": ""-25650"", ""sel_4th_pre_req_pre"": ""0"", ""sel_4th_pre_req"": ""483"", ""sel_4th_pre_bid"": ""-25600"", ""sel_3th_pre_req_pre"": ""0"", ""sel_3th_pre_req"": ""830"", ""sel_3th_pre_bid"": ""-25550"", ""sel_2th_pre_req_pre"": ""0"", ""sel_2th_pre_req"": ""2238"", ""sel_2th_pre_bid"": ""-25500"", ""sel_1th_pre_req_pre"": ""0"", ""sel_fpr_req"": ""3822"", ""sel_fpr_bid"": ""-25450"", ""buy_fpr_bid"": ""-25400"", ""buy_fpr_req"": ""2808"", ""buy_1th_pre_req_pre"": ""0"", ""buy_2th_pre_bid"": ""-25350"", ""buy_2th_pre_req"": ""838"", ""buy_2th_pre_req_pre"": ""0"", ""buy_3th_pre_bid"": ""-25300"", ""buy_3th_pre_req"": ""362"", ""buy_3th_pre_req_pre"": ""0"", ""buy_4th_pre_bid"": ""-25250"", ""buy_4th_pre_req"": ""490"", ""buy_4th_pre_req_pre"": ""0"", ""buy_5th_pre_bid"": ""-25200"", ""buy_5th_pre_req"": ""380"", ""buy_5th_pre_req_pre"": ""0"", ""buy_6th_pre_bid"": ""-25150"", ""buy_6th_pre_req"": ""839"", ""buy_6th_pre_req_pre"": ""0"", ""buy_7th_pre_bid"": ""-25100"", ""buy_7th_pre_req"": ""541"", ""buy_7th_pre_req_pre"": ""0"", ""buy_8th_pre_bid"": ""-25050"", ""buy_8th_pre_req"": ""620"", ""buy_8th_pre_req_pre"": ""0"", ""buy_9th_pre_bid"": ""-25000"", ""buy_9th_pre_req"": ""708"", ""buy_9th_pre_req_pre"": ""0"", ""buy_10th_pre_bid"": ""-24950"", ""buy_10th_pre_req"": ""288"", ""buy_10th_pre_req_pre"": ""0"", ""tot_sel_req_jub_pre"": ""0"", ""tot_sel_req"": ""8785"", ""tot_buy_req"": ""7874"", ""tot_buy_req_jub_pre"": ""0"", ""ovt_sel_req_pre"": ""0"", ""ovt_sel_req"": ""0"", ""ovt_buy_req"": ""0"", ""ovt_buy_req_pre"": ""0"", ""return_code"": 0, ""return_msg"": ""정상적으로 처리되었습니다""}"
2026-06-10,scan_candidate,088350,,0,main_scan,4810,,4810,4805,4810,4825,0.2079002079002079,0.10395010395010396,,,,,,"{""bid_req_base_tm"": ""114939"", ""sel_10th_pre_req_pre"": ""0"", ""sel_10th_pre_req"": ""876"", ""sel_10th_pre_bid"": ""-4855"", ""sel_9th_pre_req_pre"": ""0"", ""sel_9th_pre_req"": ""4695"", ""sel_9th_pre_bid"": ""-4850"", ""sel_8th_pre_req_pre"": ""0"", ""sel_8th_pre_req"": ""1021"", ""sel_8th_pre_bid"": ""-4845"", ""sel_7th_pre_req_pre"": ""0"", ""sel_7th_pre_req"": ""1000"", ""sel_7th_pre_bid"": ""-4840"", ""sel_6th_pre_req_pre"": ""0"", ""sel_6th_pre_req"": ""223"", ""sel_6th_pre_bid"": ""-4835"", ""sel_5th_pre_req_pre"": ""0"", ""sel_5th_pre_req"": ""415"", ""sel_5th_pre_bid"": ""-4830"", ""sel_4th_pre_req_pre"": ""0"", ""sel_4th_pre_req"": ""79"", ""sel_4th_pre_bid"": ""-4825"", ""sel_3th_pre_req_pre"": ""0"", ""sel_3th_pre_req"": ""1099"", ""sel_3th_pre_bid"": ""-4820"", ""sel_2th_pre_req_pre"": ""0"", ""sel_2th_pre_req"": ""1"", ""sel_2th_pre_bid"": ""-4815"", ""sel_1th_pre_req_pre"": ""0"", ""sel_fpr_req"": ""1199"", ""sel_fpr_bid"": ""-4810"", ""buy_fpr_bid"": ""-4805"", ""buy_fpr_req"": ""10"", ""buy_1th_pre_req_pre"": ""0"", ""buy_2th_pre_bid"": ""-4800"", ""buy_2th_pre_req"": ""17580"", ""buy_2th_pre_req_pre"": ""0"", ""buy_3th_pre_bid"": ""-4795"", ""buy_3th_pre_req"": ""13374"", ""buy_3th_pre_req_pre"": ""0"", ""buy_4th_pre_bid"": ""-4790"", ""buy_4th_pre_req"": ""20594"", ""buy_4th_pre_req_pre"": ""0"", ""buy_5th_pre_bid"": ""-4785"", ""buy_5th_pre_req"": ""8211"", ""buy_5th_pre_req_pre"": ""0"", ""buy_6th_pre_bid"": ""-4780"", ""buy_6th_pre_req"": ""14619"", ""buy_6th_pre_req_pre"": ""0"", ""buy_7th_pre_bid"": ""-4775"", ""buy_7th_pre_req"": ""5177"", ""buy_7th_pre_req_pre"": ""0"", ""buy_8th_pre_bid"": ""-4770"", ""buy_8th_pre_req"": ""8375"", ""buy_8th_pre_req_pre"": ""0"", ""buy_9th_pre_bid"": ""-4765"", ""buy_9th_pre_req"": ""3535"", ""buy_9th_pre_req_pre"": ""0"", ""buy_10th_pre_bid"": ""-4760"", ""buy_10th_pre_req"": ""4617"", ""buy_10th_pre_req_pre"": ""0"", ""tot_sel_req_jub_pre"": ""0"", ""tot_sel_req"": ""10608"", ""tot_buy_req"": ""96092"", ""tot_buy_req_jub_pre"": ""--953"", ""ovt_sel_req_pre"": ""0"", ""ovt_sel_req"": ""0"", ""ovt_buy_req"": ""0"", ""ovt_buy_req_pre"": ""0"", ""return_code"": 0, ""return_msg"": ""정상적으로 처리되었습니다""}"
2026-06-10,scan_candidate,069960,,0,main_scan,173400,,173400,173000,173400,172000,-1.0957324106113033,0.2306805074971165,,,,,,"{""bid_req_base_tm"": ""114941"", ""sel_10th_pre_req_pre"": ""0"", ""sel_10th_pre_req"": ""1"", ""sel_10th_pre_bid"": ""+174800"", ""sel_9th_pre_req_pre"": ""0"", ""sel_9th_pre_req"": ""1"", ""sel_9th_pre_bid"": ""+174500"", ""sel_8th_pre_req_pre"": ""0"", ""sel_8th_pre_req"": ""11"", ""sel_8th_pre_bid"": ""+174400"", ""sel_7th_pre_req_pre"": ""0"", ""sel_7th_pre_req"": ""9"", ""sel_7th_pre_bid"": ""+174200"", ""sel_6th_pre_req_pre"": ""0"", ""sel_6th_pre_req"": ""17"", ""sel_6th_pre_bid"": ""+173900"", ""sel_5th_pre_req_pre"": ""0"", ""sel_5th_pre_req"": ""39"", ""sel_5th_pre_bid"": ""+173800"", ""sel_4th_pre_req_pre"": ""0"", ""sel_4th_pre_req"": ""2"", ""sel_4th_pre_bid"": ""+173700"", ""sel_3th_pre_req_pre"": ""--4"", ""sel_3th_pre_req"": ""43"", ""sel_3th_pre_bid"": ""+173600"", ""sel_2th_pre_req_pre"": ""0"", ""sel_2th_pre_req"": ""72"", ""sel_2th_pre_bid"": ""+173500"", ""sel_1th_pre_req_pre"": ""0"", ""sel_fpr_req"": ""56"", ""sel_fpr_bid"": ""+173400"", ""buy_fpr_bid"": ""+173000"", ""buy_fpr_req"": ""31"", ""buy_1th_pre_req_pre"": ""0"", ""buy_2th_pre_bid"": ""+172500"", ""buy_2th_pre_req"": ""11"", ""buy_2th_pre_req_pre"": ""0"", ""buy_3th_pre_bid"": ""+172200"", ""buy_3th_pre_req"": ""3"", ""buy_3th_pre_req_pre"": ""0"", ""buy_4th_pre_bid"": ""+172100"", ""buy_4th_pre_req"": ""1"", ""buy_4th_pre_req_pre"": ""0"", ""buy_5th_pre_bid"": ""+172000"", ""buy_5th_pre_req"": ""3"", ""buy_5th_pre_req_pre"": ""0"", ""buy_6th_pre_bid"": ""+171900"", ""buy_6th_pre_req"": ""1"", ""buy_6th_pre_req_pre"": ""0"", ""buy_7th_pre_bid"": ""+171800"", ""buy_7th_pre_req"": ""3"", ""buy_7th_pre_req_pre"": ""0"", ""buy_8th_pre_bid"": ""+171500"", ""buy_8th_pre_req"": ""3"", ""buy_8th_pre_req_pre"": ""0"", ""buy_9th_pre_bid"": ""+171400"", ""buy_9th_pre_req"": ""17"", ""buy_9th_pre_req_pre"": ""0"", ""buy_10th_pre_bid"": ""+171100"", ""buy_10th_pre_req"": ""1"", ""buy_10th_pre_req_pre"": ""0"", ""tot_sel_req_jub_pre"": ""--4"", ""tot_sel_req"": ""251"", ""tot_buy_req"": ""74"", ""tot_buy_req_jub_pre"": ""0"", ""ovt_sel_req_pre"": ""0"", ""ovt_sel_req"": ""0"", ""ovt_buy_req"": ""0"", ""ovt_buy_req_pre"": ""0"", ""return_code"": 0, ""return_msg"": ""정상적으로 처리되었습니다""}"
2026-06-10,scan_candidate,111770,,0,main_scan,78700,,78700,78600,78700,78300,-0.6353240152477764,0.12706480304955528,,,,,,"{""bid_req_base_tm"": ""114940"", ""sel_10th_pre_req_pre"": ""0"", ""sel_10th_pre_req"": ""11"", ""sel_10th_pre_bid"": ""+79700"", ""sel_9th_pre_req_pre"": ""0"", ""sel_9th_pre_req"": ""10"", ""sel_9th_pre_bid"": ""+79500"", ""sel_8th_pre_req_pre"": ""0"", ""sel_8th_pre_req"": ""10"", ""sel_8th_pre_bid"": ""+79400"", ""sel_7th_pre_req_pre"": ""0"", ""sel_7th_pre_req"": ""50"", ""sel_7th_pre_bid"": ""+79300"", ""sel_6th_pre_req_pre"": ""0"", ""sel_6th_pre_req"": ""50"", ""sel_6th_pre_bid"": ""+79200"", ""sel_5th_pre_req_pre"": ""0"", ""sel_5th_pre_req"": ""58"", ""sel_5th_pre_bid"": ""+79100"", ""sel_4th_pre_req_pre"": ""0"", ""sel_4th_pre_req"": ""59"", ""sel_4th_pre_bid"": ""+79000"", ""sel_3th_pre_req_pre"": ""0"", ""sel_3th_pre_req"": ""12"", ""sel_3th_pre_bid"": ""+78900"", ""sel_2th_pre_req_pre"": ""0"", ""sel_2th_pre_req"": ""39"", ""sel_2th_pre_bid"": ""+78800"", ""sel_1th_pre_req_pre"": ""0"", ""sel_fpr_req"": ""206"", ""sel_fpr_bid"": ""+78700"", ""buy_fpr_bid"": ""+78600"", ""buy_fpr_req"": ""152"", ""buy_1th_pre_req_pre"": ""--3"", ""buy_2th_pre_bid"": ""+78400"", ""buy_2th_pre_req"": ""45"", ""buy_2th_pre_req_pre"": ""0"", ""buy_3th_pre_bid"": ""+78300"", ""buy_3th_pre_req"": ""25"", ""buy_3th_pre_req_pre"": ""0"", ""buy_4th_pre_bid"": ""+78200"", ""buy_4th_pre_req"": ""1"", ""buy_4th_pre_req_pre"": ""0"", ""buy_5th_pre_bid"": ""78000"", ""buy_5th_pre_req"": ""82"", ""buy_5th_pre_req_pre"": ""0"", ""buy_6th_pre_bid"": ""-77900"", ""buy_6th_pre_req"": ""45"", ""buy_6th_pre_req_pre"": ""0"", ""buy_7th_pre_bid"": ""-77800"", ""buy_7th_pre_req"": ""7"", ""buy_7th_pre_req_pre"": ""0"", ""buy_8th_pre_bid"": ""-77700"", ""buy_8th_pre_req"": ""19"", ""buy_8th_pre_req_pre"": ""0"", ""buy_9th_pre_bid"": ""-77500"", ""buy_9th_pre_req"": ""1"", ""buy_9th_pre_req_pre"": ""0"", ""buy_10th_pre_bid"": ""-77400"", ""buy_10th_pre_req"": ""7"", ""buy_10th_pre_req_pre"": ""0"", ""tot_sel_req_jub_pre"": ""0"", ""tot_sel_req"": ""505"", ""tot_buy_req"": ""384"", ""tot_buy_req_jub_pre"": ""--3"", ""ovt_sel_req_pre"": ""0"", ""ovt_sel_req"": ""0"", ""ovt_buy_req"": ""0"", ""ovt_buy_req_pre"": ""0"", ""return_code"": 0, ""return_msg"": ""정상적으로 처리되었습니다""}"
2026-06-10,scan_candidate,085620,,0,main_scan,21950,,21950,21900,21950,22150,0.683371298405467,0.22779043280182232,,,,,,"{""bid_req_base_tm"": ""114942"", ""sel_10th_pre_req_pre"": ""0"", ""sel_10th_pre_req"": ""121"", ""sel_10th_pre_bid"": ""-22400"", ""sel_9th_pre_req_pre"": ""0"", ""sel_9th_pre_req"": ""187"", ""sel_9th_pre_bid"": ""-22350"", ""sel_8th_pre_req_pre"": ""0"", ""sel_8th_pre_req"": ""102"", ""sel_8th_pre_bid"": ""-22300"", ""sel_7th_pre_req_pre"": ""0"", ""sel_7th_pre_req"": ""55"", ""sel_7th_pre_bid"": ""-22250"", ""sel_6th_pre_req_pre"": ""0"", ""sel_6th_pre_req"": ""178"", ""sel_6th_pre_bid"": ""-22200"", ""sel_5th_pre_req_pre"": ""0"", ""sel_5th_pre_req"": ""7"", ""sel_5th_pre_bid"": ""-22150"", ""sel_4th_pre_req_pre"": ""0"", ""sel_4th_pre_req"": ""198"", ""sel_4th_pre_bid"": ""-22100"", ""sel_3th_pre_req_pre"": ""0"", ""sel_3th_pre_req"": ""55"", ""sel_3th_pre_bid"": ""-22050"", ""sel_2th_pre_req_pre"": ""+10"", ""sel_2th_pre_req"": ""15"", ""sel_2th_pre_bid"": ""-22000"", ""sel_1th_pre_req_pre"": ""0"", ""sel_fpr_req"": ""1"", ""sel_fpr_bid"": ""-21950"", ""buy_fpr_bid"": ""-21900"", ""buy_fpr_req"": ""951"", ""buy_1th_pre_req_pre"": ""0"", ""buy_2th_pre_bid"": ""-21850"", ""buy_2th_pre_req"": ""1722"", ""buy_2th_pre_req_pre"": ""0"", ""buy_3th_pre_bid"": ""-21800"", ""buy_3th_pre_req"": ""3556"", ""buy_3th_pre_req_pre"": ""0"", ""buy_4th_pre_bid"": ""-21750"", ""buy_4th_pre_req"": ""4899"", ""buy_4th_pre_req_pre"": ""0"", ""buy_5th_pre_bid"": ""-21700"", ""buy_5th_pre_req"": ""2081"", ""buy_5th_pre_req_pre"": ""0"", ""buy_6th_pre_bid"": ""-21650"", ""buy_6th_pre_req"": ""582"", ""buy_6th_pre_req_pre"": ""0"", ""buy_7th_pre_bid"": ""-21600"", ""buy_7th_pre_req"": ""1052"", ""buy_7th_pre_req_pre"": ""0"", ""buy_8th_pre_bid"": ""-21550"", ""buy_8th_pre_req"": ""1678"", ""buy_8th_pre_req_pre"": ""0"", ""buy_9th_pre_bid"": ""-21500"", ""buy_9th_pre_req"": ""1107"", ""buy_9th_pre_req_pre"": ""0"", ""buy_10th_pre_bid"": ""-21450"", ""buy_10th_pre_req"": ""1945"", ""buy_10th_pre_req_pre"": ""0"", ""tot_sel_req_jub_pre"": ""+10"", ""tot_sel_req"": ""919"", ""tot_buy_req"": ""19573"", ""tot_buy_req_jub_pre"": ""0"", ""ovt_sel_req_pre"": ""0"", ""ovt_sel_req"": ""0"", ""ovt_buy_req"": ""0"", ""ovt_buy_req_pre"": ""0"", ""return_code"": 0, ""return_msg"": ""정상적으로 처리되었습니다""}"
2026-06-10,scan_candidate,001450,,0,main_scan,37400,,37400,37300,37400,37450,0.0,0.267379679144385,,,,,,"{""bid_req_base_tm"": ""114941"", ""sel_10th_pre_req_pre"": ""0"", ""sel_10th_pre_req"": ""459"", ""sel_10th_pre_bid"": ""+37850"", ""sel_9th_pre_req_pre"": ""0"", ""sel_9th_pre_req"": ""503"", ""sel_9th_pre_bid"": ""+37800"", ""sel_8th_pre_req_pre"": ""0"", ""sel_8th_pre_req"": ""635"", ""sel_8th_pre_bid"": ""+37750"", ""sel_7th_pre_req_pre"": ""0"", ""sel_7th_pre_req"": ""175"", ""sel_7th_pre_bid"": ""+37700"", ""sel_6th_pre_req_pre"": ""0"", ""sel_6th_pre_req"": ""159"", ""sel_6th_pre_bid"": ""+37650"", ""sel_5th_pre_req_pre"": ""0"", ""sel_5th_pre_req"": ""359"", ""sel_5th_pre_bid"": ""+37600"", ""sel_4th_pre_req_pre"": ""0"", ""sel_4th_pre_req"": ""239"", ""sel_4th_pre_bid"": ""+37550"", ""sel_3th_pre_req_pre"": ""0"", ""sel_3th_pre_req"": ""145"", ""sel_3th_pre_bid"": ""+37500"", ""sel_2th_pre_req_pre"": ""0"", ""sel_2th_pre_req"": ""204"", ""sel_2th_pre_bid"": ""+37450"", ""sel_1th_pre_req_pre"": ""--12"", ""sel_fpr_req"": ""211"", ""sel_fpr_bid"": ""+37400"", ""buy_fpr_bid"": ""+37300"", ""buy_fpr_req"": ""1152"", ""buy_1th_pre_req_pre"": ""0"", ""buy_2th_pre_bid"": ""+37250"", ""buy_2th_pre_req"": ""274"", ""buy_2th_pre_req_pre"": ""0"", ""buy_3th_pre_bid"": ""+37200"", ""buy_3th_pre_req"": ""488"", ""buy_3th_pre_req_pre"": ""0"", ""buy_4th_pre_bid"": ""+37150"", ""buy_4th_pre_req"": ""519"", ""buy_4th_pre_req_pre"": ""0"", ""buy_5th_pre_bid"": ""+37100"", ""buy_5th_pre_req"": ""693"", ""buy_5th_pre_req_pre"": ""0"", ""buy_6th_pre_bid"": ""+37050"", ""buy_6th_pre_req"": ""2827"", ""buy_6th_pre_req_pre"": ""0"", ""buy_7th_pre_bid"": ""+37000"", ""buy_7th_pre_req"": ""646"", ""buy_7th_pre_req_pre"": ""0"", ""buy_8th_pre_bid"": ""+36950"", ""buy_8th_pre_req"": ""120"", ""buy_8th_pre_req_pre"": ""0"", ""buy_9th_pre_bid"": ""36900"", ""buy_9th_pre_req"": ""1130"", ""buy_9th_pre_req_pre"": ""0"", ""buy_10th_pre_bid"": ""-36850"", ""buy_10th_pre_req"": ""35"", ""buy_10th_pre_req_pre"": ""0"", ""tot_sel_req_jub_pre"": ""--12"", ""tot_sel_req"": ""3089"", ""tot_buy_req"": ""7884"", ""tot_buy_req_jub_pre"": ""0"", ""ovt_sel_req_pre"": ""0"", ""ovt_sel_req"": ""0"", ""ovt_buy_req"": ""0"", ""ovt_buy_req_pre"": ""0"", ""return_code"": 0, ""return_msg"": ""정상적으로 처리되었습니다""}"
2026-06-10,scan_candidate,036460,,0,main_scan,34550,,34550,34500,34550,34450,-0.43415340086830684,0.1447178002894356,,,,,,"{""bid_req_base_tm"": ""114938"", ""sel_10th_pre_req_pre"": ""0"", ""sel_10th_pre_req"": ""4280"", ""sel_10th_pre_bid"": ""+35000"", ""sel_9th_pre_req_pre"": ""0"", ""sel_9th_pre_req"": ""284"", ""sel_9th_pre_bid"": ""+34950"", ""sel_8th_pre_req_pre"": ""0"", ""sel_8th_pre_req"": ""619"", ""sel_8th_pre_bid"": ""+34900"", ""sel_7th_pre_req_pre"": ""0"", ""sel_7th_pre_req"": ""534"", ""sel_7th_pre_bid"": ""+34850"", ""sel_6th_pre_req_pre"": ""0"", ""sel_6th_pre_req"": ""420"", ""sel_6th_pre_bid"": ""+34800"", ""sel_5th_pre_req_pre"": ""0"", ""sel_5th_pre_req"": ""578"", ""sel_5th_pre_bid"": ""+34750"", ""sel_4th_pre_req_pre"": ""0"", ""sel_4th_pre_req"": ""832"", ""sel_4th_pre_bid"": ""+34700"", ""sel_3th_pre_req_pre"": ""--16"", ""sel_3th_pre_req"": ""1355"", ""sel_3th_pre_bid"": ""+34650"", ""sel_2th_pre_req_pre"": ""0"", ""sel_2th_pre_req"": ""396"", ""sel_2th_pre_bid"": ""+34600"", ""sel_1th_pre_req_pre"": ""+15"", ""sel_fpr_req"": ""652"", ""sel_fpr_bid"": ""+34550"", ""buy_fpr_bid"": ""+34500"", ""buy_fpr_req"": ""122"", ""buy_1th_pre_req_pre"": ""0"", ""buy_2th_pre_bid"": ""+34450"", ""buy_2th_pre_req"": ""116"", ""buy_2th_pre_req_pre"": ""0"", ""buy_3th_pre_bid"": ""+34400"", ""buy_3th_pre_req"": ""510"", ""buy_3th_pre_req_pre"": ""0"", ""buy_4th_pre_bid"": ""+34350"", ""buy_4th_pre_req"": ""132"", ""buy_4th_pre_req_pre"": ""0"", ""buy_5th_pre_bid"": ""+34300"", ""buy_5th_pre_req"": ""29"", ""buy_5th_pre_req_pre"": ""0"", ""buy_6th_pre_bid"": ""+34250"", ""buy_6th_pre_req"": ""584"", ""buy_6th_pre_req_pre"": ""0"", ""buy_7th_pre_bid"": ""+34200"", ""buy_7th_pre_req"": ""761"", ""buy_7th_pre_req_pre"": ""0"", ""buy_8th_pre_bid"": ""+34150"", ""buy_8th_pre_req"": ""594"", ""buy_8th_pre_req_pre"": ""0"", ""buy_9th_pre_bid"": ""+34100"", ""buy_9th_pre_req"": ""700"", ""buy_9th_pre_req_pre"": ""0"", ""buy_10th_pre_bid"": ""+34050"", ""buy_10th_pre_req"": ""1168"", ""buy_10th_pre_req_pre"": ""0"", ""tot_sel_req_jub_pre"": ""--1"", ""tot_sel_req"": ""9950"", ""tot_buy_req"": ""4716"", ""tot_buy_req_jub_pre"": ""0"", ""ovt_sel_req_pre"": ""0"", ""ovt_sel_req"": ""0"", ""ovt_buy_req"": ""0"", ""ovt_buy_req_pre"": ""0"", ""return_code"": 0, ""return_msg"": ""정상적으로 처리되었습니다""}"
2026-06-10,scan_candidate,007810,,0,main_scan,120000,,120000,119900,120000,119500,-0.8333333333333334,0.08333333333333334,,,,,,"{""bid_req_base_tm"": ""114940"", ""sel_10th_pre_req_pre"": ""0"", ""sel_10th_pre_req"": ""114"", ""sel_10th_pre_bid"": ""+121000"", ""sel_9th_pre_req_pre"": ""0"", ""sel_9th_pre_req"": ""20"", ""sel_9th_pre_bid"": ""+120900"", ""sel_8th_pre_req_pre"": ""0"", ""sel_8th_pre_req"": ""256"", ""sel_8th_pre_bid"": ""+120800"", ""sel_7th_pre_req_pre"": ""0"", ""sel_7th_pre_req"": ""115"", ""sel_7th_pre_bid"": ""+120700"", ""sel_6th_pre_req_pre"": ""0"", ""sel_6th_pre_req"": ""79"", ""sel_6th_pre_bid"": ""+120600"", ""sel_5th_pre_req_pre"": ""0"", ""sel_5th_pre_req"": ""15"", ""sel_5th_pre_bid"": ""+120500"", ""sel_4th_pre_req_pre"": ""0"", ""sel_4th_pre_req"": ""5"", ""sel_4th_pre_bid"": ""+120400"", ""sel_3th_pre_req_pre"": ""0"", ""sel_3th_pre_req"": ""103"", ""sel_3th_pre_bid"": ""-120200"", ""sel_2th_pre_req_pre"": ""0"", ""sel_2th_pre_req"": ""13"", ""sel_2th_pre_bid"": ""-120100"", ""sel_1th_pre_req_pre"": ""+7"", ""sel_fpr_req"": ""142"", ""sel_fpr_bid"": ""-120000"", ""buy_fpr_bid"": ""-119900"", ""buy_fpr_req"": ""142"", ""buy_1th_pre_req_pre"": ""0"", ""buy_2th_pre_bid"": ""-119800"", ""buy_2th_pre_req"": ""51"", ""buy_2th_pre_req_pre"": ""0"", ""buy_3th_pre_bid"": ""-119700"", ""buy_3th_pre_req"": ""103"", ""buy_3th_pre_req_pre"": ""0"", ""buy_4th_pre_bid"": ""-119600"", ""buy_4th_pre_req"": ""47"", ""buy_4th_pre_req_pre"": ""0"", ""buy_5th_pre_bid"": ""-119500"", ""buy_5th_pre_req"": ""50"", ""buy_5th_pre_req_pre"": ""0"", ""buy_6th_pre_bid"": ""-119400"", ""buy_6th_pre_req"": ""24"", ""buy_6th_pre_req_pre"": ""0"", ""buy_7th_pre_bid"": ""-119300"", ""buy_7th_pre_req"": ""49"", ""buy_7th_pre_req_pre"": ""0"", ""buy_8th_pre_bid"": ""-119100"", ""buy_8th_pre_req"": ""21"", ""buy_8th_pre_req_pre"": ""0"", ""buy_9th_pre_bid"": ""-119000"", ""buy_9th_pre_req"": ""12"", ""buy_9th_pre_req_pre"": ""0"", ""buy_10th_pre_bid"": ""-118900"", ""buy_10th_pre_req"": ""1"", ""buy_10th_pre_req_pre"": ""0"", ""tot_sel_req_jub_pre"": ""+7"", ""tot_sel_req"": ""862"", ""tot_buy_req"": ""500"", ""tot_buy_req_jub_pre"": ""0"", ""ovt_sel_req_pre"": ""0"", ""ovt_sel_req"": ""0"", ""ovt_buy_req"": ""0"", ""ovt_buy_req_pre"": ""0"", ""return_code"": 0, ""return_msg"": ""정상적으로 처리되었습니다""}"
2026-06-10,scan_candidate,001740,,0,main_scan,13760,,13760,13750,13760,13750,-0.436046511627907,0.07267441860465117,,,,,,"{""bid_req_base_tm"": ""114943"", ""sel_10th_pre_req_pre"": ""0"", ""sel_10th_pre_req"": ""262"", ""sel_10th_pre_bid"": ""-13860"", ""sel_9th_pre_req_pre"": ""0"", ""sel_9th_pre_req"": ""498"", ""sel_9th_pre_bid"": ""-13850"", ""sel_8th_pre_req_pre"": ""0"", ""sel_8th_pre_req"": ""32"", ""sel_8th_pre_bid"": ""-13840"", ""sel_7th_pre_req_pre"": ""0"", ""sel_7th_pre_req"": ""17"", ""sel_7th_pre_bid"": ""-13820"", ""sel_6th_pre_req_pre"": ""0"", ""sel_6th_pre_req"": ""210"", ""sel_6th_pre_bid"": ""-13810"", ""sel_5th_pre_req_pre"": ""0"", ""sel_5th_pre_req"": ""396"", ""sel_5th_pre_bid"": ""-13800"", ""sel_4th_pre_req_pre"": ""0"", ""sel_4th_pre_req"": ""108"", ""sel_4th_pre_bid"": ""-13790"", ""sel_3th_pre_req_pre"": ""0"", ""sel_3th_pre_req"": ""1350"", ""sel_3th_pre_bid"": ""-13780"", ""sel_2th_pre_req_pre"": ""0"", ""sel_2th_pre_req"": ""1324"", ""sel_2th_pre_bid"": ""-13770"", ""sel_1th_pre_req_pre"": ""0"", ""sel_fpr_req"": ""279"", ""sel_fpr_bid"": ""-13760"", ""buy_fpr_bid"": ""-13750"", ""buy_fpr_req"": ""822"", ""buy_1th_pre_req_pre"": ""--14"", ""buy_2th_pre_bid"": ""-13740"", ""buy_2th_pre_req"": ""1164"", ""buy_2th_pre_req_pre"": ""0"", ""buy_3th_pre_bid"": ""-13730"", ""buy_3th_pre_req"": ""2265"", ""buy_3th_pre_req_pre"": ""0"", ""buy_4th_pre_bid"": ""-13720"", ""buy_4th_pre_req"": ""1325"", ""buy_4th_pre_req_pre"": ""0"", ""buy_5th_pre_bid"": ""-13710"", ""buy_5th_pre_req"": ""3739"", ""buy_5th_pre_req_pre"": ""0"", ""buy_6th_pre_bid"": ""-13700"", ""buy_6th_pre_req"": ""11439"", ""buy_6th_pre_req_pre"": ""0"", ""buy_7th_pre_bid"": ""-13690"", ""buy_7th_pre_req"": ""2184"", ""buy_7th_pre_req_pre"": ""0"", ""buy_8th_pre_bid"": ""-13680"", ""buy_8th_pre_req"": ""11402"", ""buy_8th_pre_req_pre"": ""0"", ""buy_9th_pre_bid"": ""-13670"", ""buy_9th_pre_req"": ""6866"", ""buy_9th_pre_req_pre"": ""0"", ""buy_10th_pre_bid"": ""-13660"", ""buy_10th_pre_req"": ""4842"", ""buy_10th_pre_req_pre"": ""0"", ""tot_sel_req_jub_pre"": ""0"", ""tot_sel_req"": ""4476"", ""tot_buy_req"": ""46048"", ""tot_buy_req_jub_pre"": ""--14"", ""ovt_sel_req_pre"": ""0"", ""ovt_sel_req"": ""0"", ""ovt_buy_req"": ""0"", ""ovt_buy_req_pre"": ""0"", ""return_code"": 0, ""return_msg"": ""정상적으로 처리되었습니다""}"
2026-06-10,scan_candidate,383220,,0,main_scan,76200,,76200,75900,76200,75900,-0.5249343832020997,0.39370078740157477,,,,,,"{""bid_req_base_tm"": ""114942"", ""sel_10th_pre_req_pre"": ""0"", ""sel_10th_pre_req"": ""524"", ""sel_10th_pre_bid"": ""+77200"", ""sel_9th_pre_req_pre"": ""0"", ""sel_9th_pre_req"": ""79"", ""sel_9th_pre_bid"": ""+77100"", ""sel_8th_pre_req_pre"": ""0"", ""sel_8th_pre_req"": ""74"", ""sel_8th_pre_bid"": ""+77000"", ""sel_7th_pre_req_pre"": ""0"", ""sel_7th_pre_req"": ""106"", ""sel_7th_pre_bid"": ""+76900"", ""sel_6th_pre_req_pre"": ""0"", ""sel_6th_pre_req"": ""30"", ""sel_6th_pre_bid"": ""+76800"", ""sel_5th_pre_req_pre"": ""0"", ""sel_5th_pre_req"": ""9"", ""sel_5th_pre_bid"": ""+76700"", ""sel_4th_pre_req_pre"": ""0"", ""sel_4th_pre_req"": ""27"", ""sel_4th_pre_bid"": ""+76600"", ""sel_3th_pre_req_pre"": ""0"", ""sel_3th_pre_req"": ""5"", ""sel_3th_pre_bid"": ""+76500"", ""sel_2th_pre_req_pre"": ""0"", ""sel_2th_pre_req"": ""2"", ""sel_2th_pre_bid"": ""+76300"", ""sel_1th_pre_req_pre"": ""+2"", ""sel_fpr_req"": ""30"", ""sel_fpr_bid"": ""+76200"", ""buy_fpr_bid"": ""+75900"", ""buy_fpr_req"": ""46"", ""buy_1th_pre_req_pre"": ""0"", ""buy_2th_pre_bid"": ""+75800"", ""buy_2th_pre_req"": ""34"", ""buy_2th_pre_req_pre"": ""0"", ""buy_3th_pre_bid"": ""+75700"", ""buy_3th_pre_req"": ""50"", ""buy_3th_pre_req_pre"": ""0"", ""buy_4th_pre_bid"": ""+75600"", ""buy_4th_pre_req"": ""10"", ""buy_4th_pre_req_pre"": ""0"", ""buy_5th_pre_bid"": ""+75500"", ""buy_5th_pre_req"": ""93"", ""buy_5th_pre_req_pre"": ""0"", ""buy_6th_pre_bid"": ""+75400"", ""buy_6th_pre_req"": ""29"", ""buy_6th_pre_req_pre"": ""0"", ""buy_7th_pre_bid"": ""+75300"", ""buy_7th_pre_req"": ""1"", ""buy_7th_pre_req_pre"": ""0"", ""buy_8th_pre_bid"": ""+75200"", ""buy_8th_pre_req"": ""4"", ""buy_8th_pre_req_pre"": ""0"", ""buy_9th_pre_bid"": ""+75000"", ""buy_9th_pre_req"": ""2"", ""buy_9th_pre_req_pre"": ""0"", ""buy_10th_pre_bid"": ""+74900"", ""buy_10th_pre_req"": ""10"", ""buy_10th_pre_req_pre"": ""0"", ""tot_sel_req_jub_pre"": ""+2"", ""tot_sel_req"": ""886"", ""tot_buy_req"": ""279"", ""tot_buy_req_jub_pre"": ""0"", ""ovt_sel_req_pre"": ""0"", ""ovt_sel_req"": ""0"", ""ovt_buy_req"": ""0"", ""ovt_buy_req_pre"": ""0"", ""return_code"": 0, ""return_msg"": ""정상적으로 처리되었습니다""}"
2026-06-10,scan_candidate,014680,,0,main_scan,261000,,261000,260500,261000,262000,0.19157088122605362,0.19157088122605362,,,,,,"{""bid_req_base_tm"": ""114941"", ""sel_10th_pre_req_pre"": ""0"", ""sel_10th_pre_req"": ""25"", ""sel_10th_pre_bid"": ""+265500"", ""sel_9th_pre_req_pre"": ""0"", ""sel_9th_pre_req"": ""42"", ""sel_9th_pre_bid"": ""+265000"", ""sel_8th_pre_req_pre"": ""0"", ""sel_8th_pre_req"": ""16"", ""sel_8th_pre_bid"": ""+264500"", ""sel_7th_pre_req_pre"": ""0"", ""sel_7th_pre_req"": ""86"", ""sel_7th_pre_bid"": ""+264000"", ""sel_6th_pre_req_pre"": ""0"", ""sel_6th_pre_req"": ""13"", ""sel_6th_pre_bid"": ""+263500"", ""sel_5th_pre_req_pre"": ""0"", ""sel_5th_pre_req"": ""6"", ""sel_5th_pre_bid"": ""+263000"", ""sel_4th_pre_req_pre"": ""0"", ""sel_4th_pre_req"": ""6"", ""sel_4th_pre_bid"": ""+262500"", ""sel_3th_pre_req_pre"": ""0"", ""sel_3th_pre_req"": ""17"", ""sel_3th_pre_bid"": ""+262000"", ""sel_2th_pre_req_pre"": ""0"", ""sel_2th_pre_req"": ""61"", ""sel_2th_pre_bid"": ""+261500"", ""sel_1th_pre_req_pre"": ""0"", ""sel_fpr_req"": ""46"", ""sel_fpr_bid"": ""+261000"", ""buy_fpr_bid"": ""+260500"", ""buy_fpr_req"": ""20"", ""buy_1th_pre_req_pre"": ""0"", ""buy_2th_pre_bid"": ""+260000"", ""buy_2th_pre_req"": ""28"", ""buy_2th_pre_req_pre"": ""+1"", ""buy_3th_pre_bid"": ""+259500"", ""buy_3th_pre_req"": ""4"", ""buy_3th_pre_req_pre"": ""0"", ""buy_4th_pre_bid"": ""+259000"", ""buy_4th_pre_req"": ""217"", ""buy_4th_pre_req_pre"": ""0"", ""buy_5th_pre_bid"": ""+258500"", ""buy_5th_pre_req"": ""237"", ""buy_5th_pre_req_pre"": ""0"", ""buy_6th_pre_bid"": ""+258000"", ""buy_6th_pre_req"": ""245"", ""buy_6th_pre_req_pre"": ""0"", ""buy_7th_pre_bid"": ""+257500"", ""buy_7th_pre_req"": ""203"", ""buy_7th_pre_req_pre"": ""0"", ""buy_8th_pre_bid"": ""+257000"", ""buy_8th_pre_req"": ""203"", ""buy_8th_pre_req_pre"": ""0"", ""buy_9th_pre_bid"": ""+256500"", ""buy_9th_pre_req"": ""207"", ""buy_9th_pre_req_pre"": ""0"", ""buy_10th_pre_bid"": ""+256000"", ""buy_10th_pre_req"": ""204"", ""buy_10th_pre_req_pre"": ""0"", ""tot_sel_req_jub_pre"": ""0"", ""tot_sel_req"": ""318"", ""tot_buy_req"": ""1568"", ""tot_buy_req_jub_pre"": ""+1"", ""ovt_sel_req_pre"": ""0"", ""ovt_sel_req"": ""0"", ""ovt_buy_req"": ""0"", ""ovt_buy_req_pre"": ""0"", ""return_code"": 0, ""return_msg"": ""정상적으로 처리되었습니다""}"
2026-06-10,scan_candidate,028670,,0,main_scan,5080,,5080,5070,5080,5060,-0.5905511811023622,0.19685039370078738,,,,,,"{""bid_req_base_tm"": ""114942"", ""sel_10th_pre_req_pre"": ""0"", ""sel_10th_pre_req"": ""22418"", ""sel_10th_pre_bid"": ""-5170"", ""sel_9th_pre_req_pre"": ""0"", ""sel_9th_pre_req"": ""2657"", ""sel_9th_pre_bid"": ""-5160"", ""sel_8th_pre_req_pre"": ""0"", ""sel_8th_pre_req"": ""3340"", ""sel_8th_pre_bid"": ""-5150"", ""sel_7th_pre_req_pre"": ""0"", ""sel_7th_pre_req"": ""1511"", ""sel_7th_pre_bid"": ""-5140"", ""sel_6th_pre_req_pre"": ""0"", ""sel_6th_pre_req"": ""3289"", ""sel_6th_pre_bid"": ""-5130"", ""sel_5th_pre_req_pre"": ""0"", ""sel_5th_pre_req"": ""3099"", ""sel_5th_pre_bid"": ""-5120"", ""sel_4th_pre_req_pre"": ""0"", ""sel_4th_pre_req"": ""2311"", ""sel_4th_pre_bid"": ""-5110"", ""sel_3th_pre_req_pre"": ""0"", ""sel_3th_pre_req"": ""12411"", ""sel_3th_pre_bid"": ""-5100"", ""sel_2th_pre_req_pre"": ""0"", ""sel_2th_pre_req"": ""4549"", ""sel_2th_pre_bid"": ""-5090"", ""sel_1th_pre_req_pre"": ""0"", ""sel_fpr_req"": ""3302"", ""sel_fpr_bid"": ""-5080"", ""buy_fpr_bid"": ""-5070"", ""buy_fpr_req"": ""1503"", ""buy_1th_pre_req_pre"": ""--20"", ""buy_2th_pre_bid"": ""-5060"", ""buy_2th_pre_req"": ""1319"", ""buy_2th_pre_req_pre"": ""0"", ""buy_3th_pre_bid"": ""-5050"", ""buy_3th_pre_req"": ""794"", ""buy_3th_pre_req_pre"": ""0"", ""buy_4th_pre_bid"": ""-5040"", ""buy_4th_pre_req"": ""1167"", ""buy_4th_pre_req_pre"": ""0"", ""buy_5th_pre_bid"": ""-5030"", ""buy_5th_pre_req"": ""476"", ""buy_5th_pre_req_pre"": ""0"", ""buy_6th_pre_bid"": ""-5020"", ""buy_6th_pre_req"": ""1730"", ""buy_6th_pre_req_pre"": ""0"", ""buy_7th_pre_bid"": ""-5010"", ""buy_7th_pre_req"": ""2961"", ""buy_7th_pre_req_pre"": ""0"", ""buy_8th_pre_bid"": ""-5000"", ""buy_8th_pre_req"": ""16178"", ""buy_8th_pre_req_pre"": ""0"", ""buy_9th_pre_bid"": ""-4995"", ""buy_9th_pre_req"": ""1181"", ""buy_9th_pre_req_pre"": ""0"", ""buy_10th_pre_bid"": ""-4990"", ""buy_10th_pre_req"": ""281"", ""buy_10th_pre_req_pre"": ""0"", ""tot_sel_req_jub_pre"": ""0"", ""tot_sel_req"": ""58887"", ""tot_buy_req"": ""27590"", ""tot_buy_req_jub_pre"": ""--20"", ""ovt_sel_req_pre"": ""0"", ""ovt_sel_req"": ""0"", ""ovt_buy_req"": ""0"", ""ovt_buy_req_pre"": ""0"", ""return_code"": 0, ""return_msg"": ""정상적으로 처리되었습니다""}"
2026-06-10,scan_candidate,009420,,0,main_scan,49750,,49750,49700,49750,50000,0.3015075376884422,0.10050251256281408,,,,,,"{""bid_req_base_tm"": ""114943"", ""sel_10th_pre_req_pre"": ""0"", ""sel_10th_pre_req"": ""118"", ""sel_10th_pre_bid"": ""-50500"", ""sel_9th_pre_req_pre"": ""0"", ""sel_9th_pre_req"": ""217"", ""sel_9th_pre_bid"": ""-50400"", ""sel_8th_pre_req_pre"": ""0"", ""sel_8th_pre_req"": ""42"", ""sel_8th_pre_bid"": ""-50300"", ""sel_7th_pre_req_pre"": ""0"", ""sel_7th_pre_req"": ""5"", ""sel_7th_pre_bid"": ""-50200"", ""sel_6th_pre_req_pre"": ""0"", ""sel_6th_pre_req"": ""14"", ""sel_6th_pre_bid"": ""-50100"", ""sel_5th_pre_req_pre"": ""0"", ""sel_5th_pre_req"": ""53"", ""sel_5th_pre_bid"": ""-50000"", ""sel_4th_pre_req_pre"": ""0"", ""sel_4th_pre_req"": ""64"", ""sel_4th_pre_bid"": ""-49900"", ""sel_3th_pre_req_pre"": ""0"", ""sel_3th_pre_req"": ""35"", ""sel_3th_pre_bid"": ""-49850"", ""sel_2th_pre_req_pre"": ""0"", ""sel_2th_pre_req"": ""24"", ""sel_2th_pre_bid"": ""-49800"", ""sel_1th_pre_req_pre"": ""0"", ""sel_fpr_req"": ""2"", ""sel_fpr_bid"": ""-49750"", ""buy_fpr_bid"": ""-49700"", ""buy_fpr_req"": ""110"", ""buy_1th_pre_req_pre"": ""0"", ""buy_2th_pre_bid"": ""-49650"", ""buy_2th_pre_req"": ""199"", ""buy_2th_pre_req_pre"": ""+21"", ""buy_3th_pre_bid"": ""-49600"", ""buy_3th_pre_req"": ""120"", ""buy_3th_pre_req_pre"": ""0"", ""buy_4th_pre_bid"": ""-49550"", ""buy_4th_pre_req"": ""130"", ""buy_4th_pre_req_pre"": ""0"", ""buy_5th_pre_bid"": ""-49500"", ""buy_5th_pre_req"": ""567"", ""buy_5th_pre_req_pre"": ""0"", ""buy_6th_pre_bid"": ""-49450"", ""buy_6th_pre_req"": ""173"", ""buy_6th_pre_req_pre"": ""0"", ""buy_7th_pre_bid"": ""-49400"", ""buy_7th_pre_req"": ""149"", ""buy_7th_pre_req_pre"": ""0"", ""buy_8th_pre_bid"": ""-49350"", ""buy_8th_pre_req"": ""62"", ""buy_8th_pre_req_pre"": ""0"", ""buy_9th_pre_bid"": ""-49300"", ""buy_9th_pre_req"": ""102"", ""buy_9th_pre_req_pre"": ""0"", ""buy_10th_pre_bid"": ""-49250"", ""buy_10th_pre_req"": ""213"", ""buy_10th_pre_req_pre"": ""0"", ""tot_sel_req_jub_pre"": ""0"", ""tot_sel_req"": ""574"", ""tot_buy_req"": ""1825"", ""tot_buy_req_jub_pre"": ""+21"", ""ovt_sel_req_pre"": ""0"", ""ovt_sel_req"": ""0"", ""ovt_buy_req"": ""0"", ""ovt_buy_req_pre"": ""0"", ""return_code"": 0, ""return_msg"": ""정상적으로 처리되었습니다""}"
2026-06-10,scan_candidate,375500,,0,main_scan,70900,,70900,70800,70900,70700,-0.4231311706629055,0.14104372355430184,,,,,,"{""bid_req_base_tm"": ""114943"", ""sel_10th_pre_req_pre"": ""0"", ""sel_10th_pre_req"": ""200"", ""sel_10th_pre_bid"": ""+71800"", ""sel_9th_pre_req_pre"": ""0"", ""sel_9th_pre_req"": ""275"", ""sel_9th_pre_bid"": ""+71700"", ""sel_8th_pre_req_pre"": ""0"", ""sel_8th_pre_req"": ""296"", ""sel_8th_pre_bid"": ""+71600"", ""sel_7th_pre_req_pre"": ""0"", ""sel_7th_pre_req"": ""585"", ""sel_7th_pre_bid"": ""+71500"", ""sel_6th_pre_req_pre"": ""0"", ""sel_6th_pre_req"": ""527"", ""sel_6th_pre_bid"": ""+71400"", ""sel_5th_pre_req_pre"": ""0"", ""sel_5th_pre_req"": ""132"", ""sel_5th_pre_bid"": ""+71300"", ""sel_4th_pre_req_pre"": ""0"", ""sel_4th_pre_req"": ""185"", ""sel_4th_pre_bid"": ""+71200"", ""sel_3th_pre_req_pre"": ""0"", ""sel_3th_pre_req"": ""130"", ""sel_3th_pre_bid"": ""+71100"", ""sel_2th_pre_req_pre"": ""0"", ""sel_2th_pre_req"": ""21"", ""sel_2th_pre_bid"": ""+71000"", ""sel_1th_pre_req_pre"": ""+1"", ""sel_fpr_req"": ""203"", ""sel_fpr_bid"": ""+70900"", ""buy_fpr_bid"": ""+70800"", ""buy_fpr_req"": ""193"", ""buy_1th_pre_req_pre"": ""0"", ""buy_2th_pre_bid"": ""+70700"", ""buy_2th_pre_req"": ""448"", ""buy_2th_pre_req_pre"": ""0"", ""buy_3th_pre_bid"": ""+70600"", ""buy_3th_pre_req"": ""165"", ""buy_3th_pre_req_pre"": ""0"", ""buy_4th_pre_bid"": ""+70500"", ""buy_4th_pre_req"": ""496"", ""buy_4th_pre_req_pre"": ""0"", ""buy_5th_pre_bid"": ""+70400"", ""buy_5th_pre_req"": ""48"", ""buy_5th_pre_req_pre"": ""0"", ""buy_6th_pre_bid"": ""+70300"", ""buy_6th_pre_req"": ""189"", ""buy_6th_pre_req_pre"": ""0"", ""buy_7th_pre_bid"": ""+70200"", ""buy_7th_pre_req"": ""90"", ""buy_7th_pre_req_pre"": ""0"", ""buy_8th_pre_bid"": ""+70100"", ""buy_8th_pre_req"": ""194"", ""buy_8th_pre_req_pre"": ""0"", ""buy_9th_pre_bid"": ""+70000"", ""buy_9th_pre_req"": ""144"", ""buy_9th_pre_req_pre"": ""0"", ""buy_10th_pre_bid"": ""+69900"", ""buy_10th_pre_req"": ""99"", ""buy_10th_pre_req_pre"": ""0"", ""tot_sel_req_jub_pre"": ""+1"", ""tot_sel_req"": ""2554"", ""tot_buy_req"": ""2066"", ""tot_buy_req_jub_pre"": ""0"", ""ovt_sel_req_pre"": ""0"", ""ovt_sel_req"": ""0"", ""ovt_buy_req"": ""0"", ""ovt_buy_req_pre"": ""0"", ""return_code"": 0, ""return_msg"": ""정상적으로 처리되었습니다""}"
2026-06-10,scan_candidate,004990,,0,main_scan,25600,,25600,25550,25600,25750,0.390625,0.1953125,,,,,,"{""bid_req_base_tm"": ""114943"", ""sel_10th_pre_req_pre"": ""0"", ""sel_10th_pre_req"": ""402"", ""sel_10th_pre_bid"": ""-26100"", ""sel_9th_pre_req_pre"": ""0"", ""sel_9th_pre_req"": ""56"", ""sel_9th_pre_bid"": ""-26050"", ""sel_8th_pre_req_pre"": ""0"", ""sel_8th_pre_req"": ""167"", ""sel_8th_pre_bid"": ""-26000"", ""sel_7th_pre_req_pre"": ""0"", ""sel_7th_pre_req"": ""231"", ""sel_7th_pre_bid"": ""-25950"", ""sel_6th_pre_req_pre"": ""0"", ""sel_6th_pre_req"": ""222"", ""sel_6th_pre_bid"": ""-25850"", ""sel_5th_pre_req_pre"": ""0"", ""sel_5th_pre_req"": ""84"", ""sel_5th_pre_bid"": ""-25800"", ""sel_4th_pre_req_pre"": ""0"", ""sel_4th_pre_req"": ""3"", ""sel_4th_pre_bid"": ""-25750"", ""sel_3th_pre_req_pre"": ""0"", ""sel_3th_pre_req"": ""105"", ""sel_3th_pre_bid"": ""-25700"", ""sel_2th_pre_req_pre"": ""0"", ""sel_2th_pre_req"": ""145"", ""sel_2th_pre_bid"": ""-25650"", ""sel_1th_pre_req_pre"": ""+3"", ""sel_fpr_req"": ""358"", ""sel_fpr_bid"": ""-25600"", ""buy_fpr_bid"": ""-25550"", ""buy_fpr_req"": ""23"", ""buy_1th_pre_req_pre"": ""0"", ""buy_2th_pre_bid"": ""-25500"", ""buy_2th_pre_req"": ""1692"", ""buy_2th_pre_req_pre"": ""0"", ""buy_3th_pre_bid"": ""-25450"", ""buy_3th_pre_req"": ""629"", ""buy_3th_pre_req_pre"": ""0"", ""buy_4th_pre_bid"": ""-25400"", ""buy_4th_pre_req"": ""660"", ""buy_4th_pre_req_pre"": ""0"", ""buy_5th_pre_bid"": ""-25350"", ""buy_5th_pre_req"": ""442"", ""buy_5th_pre_req_pre"": ""0"", ""buy_6th_pre_bid"": ""-25300"", ""buy_6th_pre_req"": ""489"", ""buy_6th_pre_req_pre"": ""0"", ""buy_7th_pre_bid"": ""-25250"", ""buy_7th_pre_req"": ""816"", ""buy_7th_pre_req_pre"": ""0"", ""buy_8th_pre_bid"": ""-25200"", ""buy_8th_pre_req"": ""876"", ""buy_8th_pre_req_pre"": ""0"", ""buy_9th_pre_bid"": ""-25150"", ""buy_9th_pre_req"": ""1523"", ""buy_9th_pre_req_pre"": ""0"", ""buy_10th_pre_bid"": ""-25100"", ""buy_10th_pre_req"": ""1583"", ""buy_10th_pre_req_pre"": ""0"", ""tot_sel_req_jub_pre"": ""+3"", ""tot_sel_req"": ""1773"", ""tot_buy_req"": ""8733"", ""tot_buy_req_jub_pre"": ""0"", ""ovt_sel_req_pre"": ""0"", ""ovt_sel_req"": ""0"", ""ovt_buy_req"": ""0"", ""ovt_buy_req_pre"": ""0"", ""return_code"": 0, ""return_msg"": ""정상적으로 처리되었습니다""}"
2026-06-10,scan_candidate,483650,,0,main_scan,206000,,206000,205500,206000,207000,0.24271844660194172,0.24271844660194172,,,,,,"{""bid_req_base_tm"": ""114944"", ""sel_10th_pre_req_pre"": ""0"", ""sel_10th_pre_req"": ""725"", ""sel_10th_pre_bid"": ""+210500"", ""sel_9th_pre_req_pre"": ""0"", ""sel_9th_pre_req"": ""751"", ""sel_9th_pre_bid"": ""+210000"", ""sel_8th_pre_req_pre"": ""0"", ""sel_8th_pre_req"": ""762"", ""sel_8th_pre_bid"": ""+209500"", ""sel_7th_pre_req_pre"": ""0"", ""sel_7th_pre_req"": ""1476"", ""sel_7th_pre_bid"": ""+209000"", ""sel_6th_pre_req_pre"": ""0"", ""sel_6th_pre_req"": ""473"", ""sel_6th_pre_bid"": ""+208500"", ""sel_5th_pre_req_pre"": ""0"", ""sel_5th_pre_req"": ""207"", ""sel_5th_pre_bid"": ""+208000"", ""sel_4th_pre_req_pre"": ""0"", ""sel_4th_pre_req"": ""145"", ""sel_4th_pre_bid"": ""+207500"", ""sel_3th_pre_req_pre"": ""0"", ""sel_3th_pre_req"": ""289"", ""sel_3th_pre_bid"": ""+207000"", ""sel_2th_pre_req_pre"": ""0"", ""sel_2th_pre_req"": ""346"", ""sel_2th_pre_bid"": ""+206500"", ""sel_1th_pre_req_pre"": ""--7"", ""sel_fpr_req"": ""251"", ""sel_fpr_bid"": ""+206000"", ""buy_fpr_bid"": ""+205500"", ""buy_fpr_req"": ""456"", ""buy_1th_pre_req_pre"": ""0"", ""buy_2th_pre_bid"": ""+205000"", ""buy_2th_pre_req"": ""146"", ""buy_2th_pre_req_pre"": ""0"", ""buy_3th_pre_bid"": ""+204500"", ""buy_3th_pre_req"": ""174"", ""buy_3th_pre_req_pre"": ""0"", ""buy_4th_pre_bid"": ""+204000"", ""buy_4th_pre_req"": ""5161"", ""buy_4th_pre_req_pre"": ""0"", ""buy_5th_pre_bid"": ""+203500"", ""buy_5th_pre_req"": ""16"", ""buy_5th_pre_req_pre"": ""0"", ""buy_6th_pre_bid"": ""+203000"", ""buy_6th_pre_req"": ""59"", ""buy_6th_pre_req_pre"": ""0"", ""buy_7th_pre_bid"": ""+202500"", ""buy_7th_pre_req"": ""37"", ""buy_7th_pre_req_pre"": ""0"", ""buy_8th_pre_bid"": ""+202000"", ""buy_8th_pre_req"": ""50"", ""buy_8th_pre_req_pre"": ""0"", ""buy_9th_pre_bid"": ""+201500"", ""buy_9th_pre_req"": ""178"", ""buy_9th_pre_req_pre"": ""0"", ""buy_10th_pre_bid"": ""+201000"", ""buy_10th_pre_req"": ""332"", ""buy_10th_pre_req_pre"": ""0"", ""tot_sel_req_jub_pre"": ""--7"", ""tot_sel_req"": ""5425"", ""tot_buy_req"": ""6609"", ""tot_buy_req_jub_pre"": ""0"", ""ovt_sel_req_pre"": ""0"", ""ovt_sel_req"": ""0"", ""ovt_buy_req"": ""0"", ""ovt_buy_req_pre"": ""0"", ""return_code"": 0, ""return_msg"": ""정상적으로 처리되었습니다""}"
2026-06-10,scan_candidate,003690,,0,main_scan,13230,,13230,13220,13230,13200,-0.6046863189720333,0.07558578987150416,,,,,,"{""bid_req_base_tm"": ""114942"", ""sel_10th_pre_req_pre"": ""0"", ""sel_10th_pre_req"": ""24"", ""sel_10th_pre_bid"": ""-13370"", ""sel_9th_pre_req_pre"": ""0"", ""sel_9th_pre_req"": ""147"", ""sel_9th_pre_bid"": ""-13360"", ""sel_8th_pre_req_pre"": ""0"", ""sel_8th_pre_req"": ""51"", ""sel_8th_pre_bid"": ""-13350"", ""sel_7th_pre_req_pre"": ""0"", ""sel_7th_pre_req"": ""1"", ""sel_7th_pre_bid"": ""-13330"", ""sel_6th_pre_req_pre"": ""0"", ""sel_6th_pre_req"": ""40"", ""sel_6th_pre_bid"": ""-13320"", ""sel_5th_pre_req_pre"": ""0"", ""sel_5th_pre_req"": ""1"", ""sel_5th_pre_bid"": ""-13310"", ""sel_4th_pre_req_pre"": ""0"", ""sel_4th_pre_req"": ""1018"", ""sel_4th_pre_bid"": ""-13300"", ""sel_3th_pre_req_pre"": ""0"", ""sel_3th_pre_req"": ""153"", ""sel_3th_pre_bid"": ""-13260"", ""sel_2th_pre_req_pre"": ""0"", ""sel_2th_pre_req"": ""25"", ""sel_2th_pre_bid"": ""-13250"", ""sel_1th_pre_req_pre"": ""0"", ""sel_fpr_req"": ""333"", ""sel_fpr_bid"": ""-13230"", ""buy_fpr_bid"": ""-13220"", ""buy_fpr_req"": ""522"", ""buy_1th_pre_req_pre"": ""--11"", ""buy_2th_pre_bid"": ""-13210"", ""buy_2th_pre_req"": ""261"", ""buy_2th_pre_req_pre"": ""0"", ""buy_3th_pre_bid"": ""-13190"", ""buy_3th_pre_req"": ""60"", ""buy_3th_pre_req_pre"": ""0"", ""buy_4th_pre_bid"": ""-13180"", ""buy_4th_pre_req"": ""50"", ""buy_4th_pre_req_pre"": ""0"", ""buy_5th_pre_bid"": ""-13170"", ""buy_5th_pre_req"": ""101"", ""buy_5th_pre_req_pre"": ""0"", ""buy_6th_pre_bid"": ""-13160"", ""buy_6th_pre_req"": ""82"", ""buy_6th_pre_req_pre"": ""0"", ""buy_7th_pre_bid"": ""-13150"", ""buy_7th_pre_req"": ""103"", ""buy_7th_pre_req_pre"": ""0"", ""buy_8th_pre_bid"": ""-13140"", ""buy_8th_pre_req"": ""52"", ""buy_8th_pre_req_pre"": ""0"", ""buy_9th_pre_bid"": ""-13130"", ""buy_9th_pre_req"": ""355"", ""buy_9th_pre_req_pre"": ""0"", ""buy_10th_pre_bid"": ""-13120"", ""buy_10th_pre_req"": ""56"", ""buy_10th_pre_req_pre"": ""0"", ""tot_sel_req_jub_pre"": ""0"", ""tot_sel_req"": ""1793"", ""tot_buy_req"": ""1642"", ""tot_buy_req_jub_pre"": ""--11"", ""ovt_sel_req_pre"": ""0"", ""ovt_sel_req"": ""0"", ""ovt_buy_req"": ""0"", ""ovt_buy_req_pre"": ""0"", ""return_code"": 0, ""return_msg"": ""정상적으로 처리되었습니다""}"
2026-06-10,scan_candidate,279570,,0,main_scan,6170,,6170,6160,6170,6130,-0.8103727714748784,0.1620745542949757,,,,,,"{""bid_req_base_tm"": ""114944"", ""sel_10th_pre_req_pre"": ""0"", ""sel_10th_pre_req"": ""28327"", ""sel_10th_pre_bid"": ""+6260"", ""sel_9th_pre_req_pre"": ""0"", ""sel_9th_pre_req"": ""47905"", ""sel_9th_pre_bid"": ""+6250"", ""sel_8th_pre_req_pre"": ""0"", ""sel_8th_pre_req"": ""9700"", ""sel_8th_pre_bid"": ""+6240"", ""sel_7th_pre_req_pre"": ""0"", ""sel_7th_pre_req"": ""13318"", ""sel_7th_pre_bid"": ""+6230"", ""sel_6th_pre_req_pre"": ""0"", ""sel_6th_pre_req"": ""12866"", ""sel_6th_pre_bid"": ""+6220"", ""sel_5th_pre_req_pre"": ""0"", ""sel_5th_pre_req"": ""19170"", ""sel_5th_pre_bid"": ""+6210"", ""sel_4th_pre_req_pre"": ""0"", ""sel_4th_pre_req"": ""85694"", ""sel_4th_pre_bid"": ""+6200"", ""sel_3th_pre_req_pre"": ""0"", ""sel_3th_pre_req"": ""21658"", ""sel_3th_pre_bid"": ""+6190"", ""sel_2th_pre_req_pre"": ""0"", ""sel_2th_pre_req"": ""19784"", ""sel_2th_pre_bid"": ""+6180"", ""sel_1th_pre_req_pre"": ""0"", ""sel_fpr_req"": ""10621"", ""sel_fpr_bid"": ""+6170"", ""buy_fpr_bid"": ""+6160"", ""buy_fpr_req"": ""87"", ""buy_1th_pre_req_pre"": ""--905"", ""buy_2th_pre_bid"": ""+6150"", ""buy_2th_pre_req"": ""4508"", ""buy_2th_pre_req_pre"": ""0"", ""buy_3th_pre_bid"": ""+6140"", ""buy_3th_pre_req"": ""13290"", ""buy_3th_pre_req_pre"": ""0"", ""buy_4th_pre_bid"": ""+6130"", ""buy_4th_pre_req"": ""16846"", ""buy_4th_pre_req_pre"": ""0"", ""buy_5th_pre_bid"": ""+6120"", ""buy_5th_pre_req"": ""3283"", ""buy_5th_pre_req_pre"": ""0"", ""buy_6th_pre_bid"": ""+6110"", ""buy_6th_pre_req"": ""9765"", ""buy_6th_pre_req_pre"": ""0"", ""buy_7th_pre_bid"": ""+6100"", ""buy_7th_pre_req"": ""34585"", ""buy_7th_pre_req_pre"": ""0"", ""buy_8th_pre_bid"": ""+6090"", ""buy_8th_pre_req"": ""6289"", ""buy_8th_pre_req_pre"": ""0"", ""buy_9th_pre_bid"": ""+6080"", ""buy_9th_pre_req"": ""5387"", ""buy_9th_pre_req_pre"": ""0"", ""buy_10th_pre_bid"": ""+6070"", ""buy_10th_pre_req"": ""8970"", ""buy_10th_pre_req_pre"": ""0"", ""tot_sel_req_jub_pre"": ""0"", ""tot_sel_req"": ""269043"", ""tot_buy_req"": ""103010"", ""tot_buy_req_jub_pre"": ""--905"", ""ovt_sel_req_pre"": ""0"", ""ovt_sel_req"": ""0"", ""ovt_buy_req"": ""0"", ""ovt_buy_req_pre"": ""0"", ""return_code"": 0, ""return_msg"": ""정상적으로 처리되었습니다""}"
2026-06-10,scan_candidate,008770,,0,main_scan,55800,,55800,55700,55800,55500,-0.7168458781362007,0.17921146953405018,,,,,,"{""bid_req_base_tm"": ""114944"", ""sel_10th_pre_req_pre"": ""0"", ""sel_10th_pre_req"": ""277"", ""sel_10th_pre_bid"": ""+56700"", ""sel_9th_pre_req_pre"": ""0"", ""sel_9th_pre_req"": ""145"", ""sel_9th_pre_bid"": ""+56600"", ""sel_8th_pre_req_pre"": ""0"", ""sel_8th_pre_req"": ""1142"", ""sel_8th_pre_bid"": ""+56500"", ""sel_7th_pre_req_pre"": ""0"", ""sel_7th_pre_req"": ""288"", ""sel_7th_pre_bid"": ""+56400"", ""sel_6th_pre_req_pre"": ""0"", ""sel_6th_pre_req"": ""3544"", ""sel_6th_pre_bid"": ""+56300"", ""sel_5th_pre_req_pre"": ""0"", ""sel_5th_pre_req"": ""544"", ""sel_5th_pre_bid"": ""+56200"", ""sel_4th_pre_req_pre"": ""0"", ""sel_4th_pre_req"": ""100"", ""sel_4th_pre_bid"": ""+56100"", ""sel_3th_pre_req_pre"": ""0"", ""sel_3th_pre_req"": ""139"", ""sel_3th_pre_bid"": ""+56000"", ""sel_2th_pre_req_pre"": ""0"", ""sel_2th_pre_req"": ""119"", ""sel_2th_pre_bid"": ""+55900"", ""sel_1th_pre_req_pre"": ""--1"", ""sel_fpr_req"": ""55"", ""sel_fpr_bid"": ""+55800"", ""buy_fpr_bid"": ""+55700"", ""buy_fpr_req"": ""121"", ""buy_1th_pre_req_pre"": ""0"", ""buy_2th_pre_bid"": ""+55600"", ""buy_2th_pre_req"": ""208"", ""buy_2th_pre_req_pre"": ""0"", ""buy_3th_pre_bid"": ""+55500"", ""buy_3th_pre_req"": ""249"", ""buy_3th_pre_req_pre"": ""0"", ""buy_4th_pre_bid"": ""+55400"", ""buy_4th_pre_req"": ""101"", ""buy_4th_pre_req_pre"": ""0"", ""buy_5th_pre_bid"": ""+55300"", ""buy_5th_pre_req"": ""142"", ""buy_5th_pre_req_pre"": ""0"", ""buy_6th_pre_bid"": ""55200"", ""buy_6th_pre_req"": ""123"", ""buy_6th_pre_req_pre"": ""0"", ""buy_7th_pre_bid"": ""-55100"", ""buy_7th_pre_req"": ""268"", ""buy_7th_pre_req_pre"": ""0"", ""buy_8th_pre_bid"": ""-55000"", ""buy_8th_pre_req"": ""490"", ""buy_8th_pre_req_pre"": ""0"", ""buy_9th_pre_bid"": ""-54900"", ""buy_9th_pre_req"": ""431"", ""buy_9th_pre_req_pre"": ""0"", ""buy_10th_pre_bid"": ""-54800"", ""buy_10th_pre_req"": ""161"", ""buy_10th_pre_req_pre"": ""0"", ""tot_sel_req_jub_pre"": ""--1"", ""tot_sel_req"": ""6353"", ""tot_buy_req"": ""2294"", ""tot_buy_req_jub_pre"": ""0"", ""ovt_sel_req_pre"": ""0"", ""ovt_sel_req"": ""0"", ""ovt_buy_req"": ""0"", ""ovt_buy_req_pre"": ""0"", ""return_code"": 0, ""return_msg"": ""정상적으로 처리되었습니다""}"
2026-06-10,scan_candidate,081660,,0,main_scan,40450,,40450,40250,40450,40450,-0.12360939431396785,0.4944375772558714,,,,,,"{""bid_req_base_tm"": ""114943"", ""sel_10th_pre_req_pre"": ""0"", ""sel_10th_pre_req"": ""301"", ""sel_10th_pre_bid"": ""+40950"", ""sel_9th_pre_req_pre"": ""0"", ""sel_9th_pre_req"": ""167"", ""sel_9th_pre_bid"": ""+40900"", ""sel_8th_pre_req_pre"": ""0"", ""sel_8th_pre_req"": ""286"", ""sel_8th_pre_bid"": ""+40800"", ""sel_7th_pre_req_pre"": ""0"", ""sel_7th_pre_req"": ""16"", ""sel_7th_pre_bid"": ""+40750"", ""sel_6th_pre_req_pre"": ""0"", ""sel_6th_pre_req"": ""16"", ""sel_6th_pre_bid"": ""+40700"", ""sel_5th_pre_req_pre"": ""0"", ""sel_5th_pre_req"": ""139"", ""sel_5th_pre_bid"": ""+40650"", ""sel_4th_pre_req_pre"": ""0"", ""sel_4th_pre_req"": ""88"", ""sel_4th_pre_bid"": ""+40600"", ""sel_3th_pre_req_pre"": ""0"", ""sel_3th_pre_req"": ""38"", ""sel_3th_pre_bid"": ""+40550"", ""sel_2th_pre_req_pre"": ""0"", ""sel_2th_pre_req"": ""45"", ""sel_2th_pre_bid"": ""+40500"", ""sel_1th_pre_req_pre"": ""--4"", ""sel_fpr_req"": ""132"", ""sel_fpr_bid"": ""+40450"", ""buy_fpr_bid"": ""+40250"", ""buy_fpr_req"": ""125"", ""buy_1th_pre_req_pre"": ""0"", ""buy_2th_pre_bid"": ""+40200"", ""buy_2th_pre_req"": ""35"", ""buy_2th_pre_req_pre"": ""0"", ""buy_3th_pre_bid"": ""+40150"", ""buy_3th_pre_req"": ""101"", ""buy_3th_pre_req_pre"": ""0"", ""buy_4th_pre_bid"": ""+40100"", ""buy_4th_pre_req"": ""270"", ""buy_4th_pre_req_pre"": ""0"", ""buy_5th_pre_bid"": ""+40050"", ""buy_5th_pre_req"": ""515"", ""buy_5th_pre_req_pre"": ""0"", ""buy_6th_pre_bid"": ""+40000"", ""buy_6th_pre_req"": ""509"", ""buy_6th_pre_req_pre"": ""0"", ""buy_7th_pre_bid"": ""+39950"", ""buy_7th_pre_req"": ""500"", ""buy_7th_pre_req_pre"": ""0"", ""buy_8th_pre_bid"": ""+39900"", ""buy_8th_pre_req"": ""207"", ""buy_8th_pre_req_pre"": ""0"", ""buy_9th_pre_bid"": ""+39850"", ""buy_9th_pre_req"": ""501"", ""buy_9th_pre_req_pre"": ""0"", ""buy_10th_pre_bid"": ""+39800"", ""buy_10th_pre_req"": ""6"", ""buy_10th_pre_req_pre"": ""0"", ""tot_sel_req_jub_pre"": ""--4"", ""tot_sel_req"": ""1228"", ""tot_buy_req"": ""2769"", ""tot_buy_req_jub_pre"": ""0"", ""ovt_sel_req_pre"": ""0"", ""ovt_sel_req"": ""0"", ""ovt_buy_req"": ""0"", ""ovt_buy_req_pre"": ""0"", ""return_code"": 0, ""return_msg"": ""정상적으로 처리되었습니다""}"
2026-06-10,scan_candidate,462870,,0,main_scan,31500,,31500,31450,31500,31300,-0.7936507936507936,0.15873015873015872,,,,,,"{""bid_req_base_tm"": ""114943"", ""sel_10th_pre_req_pre"": ""0"", ""sel_10th_pre_req"": ""850"", ""sel_10th_pre_bid"": ""-31950"", ""sel_9th_pre_req_pre"": ""0"", ""sel_9th_pre_req"": ""156"", ""sel_9th_pre_bid"": ""-31900"", ""sel_8th_pre_req_pre"": ""0"", ""sel_8th_pre_req"": ""85"", ""sel_8th_pre_bid"": ""-31850"", ""sel_7th_pre_req_pre"": ""0"", ""sel_7th_pre_req"": ""88"", ""sel_7th_pre_bid"": ""-31800"", ""sel_6th_pre_req_pre"": ""0"", ""sel_6th_pre_req"": ""21"", ""sel_6th_pre_bid"": ""-31750"", ""sel_5th_pre_req_pre"": ""0"", ""sel_5th_pre_req"": ""12"", ""sel_5th_pre_bid"": ""-31700"", ""sel_4th_pre_req_pre"": ""0"", ""sel_4th_pre_req"": ""683"", ""sel_4th_pre_bid"": ""-31650"", ""sel_3th_pre_req_pre"": ""0"", ""sel_3th_pre_req"": ""143"", ""sel_3th_pre_bid"": ""-31600"", ""sel_2th_pre_req_pre"": ""0"", ""sel_2th_pre_req"": ""283"", ""sel_2th_pre_bid"": ""-31550"", ""sel_1th_pre_req_pre"": ""+1"", ""sel_fpr_req"": ""4"", ""sel_fpr_bid"": ""-31500"", ""buy_fpr_bid"": ""-31450"", ""buy_fpr_req"": ""1"", ""buy_1th_pre_req_pre"": ""0"", ""buy_2th_pre_bid"": ""-31400"", ""buy_2th_pre_req"": ""43"", ""buy_2th_pre_req_pre"": ""0"", ""buy_3th_pre_bid"": ""-31350"", ""buy_3th_pre_req"": ""21"", ""buy_3th_pre_req_pre"": ""0"", ""buy_4th_pre_bid"": ""-31300"", ""buy_4th_pre_req"": ""11"", ""buy_4th_pre_req_pre"": ""0"", ""buy_5th_pre_bid"": ""-31250"", ""buy_5th_pre_req"": ""21"", ""buy_5th_pre_req_pre"": ""0"", ""buy_6th_pre_bid"": ""-31200"", ""buy_6th_pre_req"": ""17"", ""buy_6th_pre_req_pre"": ""0"", ""buy_7th_pre_bid"": ""-31150"", ""buy_7th_pre_req"": ""21"", ""buy_7th_pre_req_pre"": ""0"", ""buy_8th_pre_bid"": ""-31100"", ""buy_8th_pre_req"": ""16"", ""buy_8th_pre_req_pre"": ""0"", ""buy_9th_pre_bid"": ""-31050"", ""buy_9th_pre_req"": ""137"", ""buy_9th_pre_req_pre"": ""0"", ""buy_10th_pre_bid"": ""-31000"", ""buy_10th_pre_req"": ""218"", ""buy_10th_pre_req_pre"": ""0"", ""tot_sel_req_jub_pre"": ""+1"", ""tot_sel_req"": ""2325"", ""tot_buy_req"": ""506"", ""tot_buy_req_jub_pre"": ""0"", ""ovt_sel_req_pre"": ""0"", ""ovt_sel_req"": ""0"", ""ovt_buy_req"": ""0"", ""ovt_buy_req_pre"": ""0"", ""return_code"": 0, ""return_msg"": ""정상적으로 처리되었습니다""}"
2026-06-10,scan_candidate,120110,,0,main_scan,70100,,70100,70000,70100,70100,-0.14265335235378032,0.14265335235378032,,,,,,"{""bid_req_base_tm"": ""114944"", ""sel_10th_pre_req_pre"": ""0"", ""sel_10th_pre_req"": ""116"", ""sel_10th_pre_bid"": ""+71000"", ""sel_9th_pre_req_pre"": ""0"", ""sel_9th_pre_req"": ""105"", ""sel_9th_pre_bid"": ""+70900"", ""sel_8th_pre_req_pre"": ""0"", ""sel_8th_pre_req"": ""4"", ""sel_8th_pre_bid"": ""+70800"", ""sel_7th_pre_req_pre"": ""0"", ""sel_7th_pre_req"": ""211"", ""sel_7th_pre_bid"": ""+70700"", ""sel_6th_pre_req_pre"": ""0"", ""sel_6th_pre_req"": ""131"", ""sel_6th_pre_bid"": ""+70600"", ""sel_5th_pre_req_pre"": ""0"", ""sel_5th_pre_req"": ""2"", ""sel_5th_pre_bid"": ""+70500"", ""sel_4th_pre_req_pre"": ""0"", ""sel_4th_pre_req"": ""85"", ""sel_4th_pre_bid"": ""+70400"", ""sel_3th_pre_req_pre"": ""0"", ""sel_3th_pre_req"": ""149"", ""sel_3th_pre_bid"": ""+70300"", ""sel_2th_pre_req_pre"": ""0"", ""sel_2th_pre_req"": ""73"", ""sel_2th_pre_bid"": ""+70200"", ""sel_1th_pre_req_pre"": ""+31"", ""sel_fpr_req"": ""96"", ""sel_fpr_bid"": ""+70100"", ""buy_fpr_bid"": ""+70000"", ""buy_fpr_req"": ""6"", ""buy_1th_pre_req_pre"": ""0"", ""buy_2th_pre_bid"": ""+69900"", ""buy_2th_pre_req"": ""3"", ""buy_2th_pre_req_pre"": ""0"", ""buy_3th_pre_bid"": ""+69800"", ""buy_3th_pre_req"": ""322"", ""buy_3th_pre_req_pre"": ""0"", ""buy_4th_pre_bid"": ""+69700"", ""buy_4th_pre_req"": ""20"", ""buy_4th_pre_req_pre"": ""0"", ""buy_5th_pre_bid"": ""+69600"", ""buy_5th_pre_req"": ""100"", ""buy_5th_pre_req_pre"": ""0"", ""buy_6th_pre_bid"": ""+69500"", ""buy_6th_pre_req"": ""115"", ""buy_6th_pre_req_pre"": ""0"", ""buy_7th_pre_bid"": ""+69400"", ""buy_7th_pre_req"": ""23"", ""buy_7th_pre_req_pre"": ""0"", ""buy_8th_pre_bid"": ""+69300"", ""buy_8th_pre_req"": ""23"", ""buy_8th_pre_req_pre"": ""0"", ""buy_9th_pre_bid"": ""+69200"", ""buy_9th_pre_req"": ""381"", ""buy_9th_pre_req_pre"": ""0"", ""buy_10th_pre_bid"": ""+69100"", ""buy_10th_pre_req"": ""111"", ""buy_10th_pre_req_pre"": ""0"", ""tot_sel_req_jub_pre"": ""+31"", ""tot_sel_req"": ""972"", ""tot_buy_req"": ""1104"", ""tot_buy_req_jub_pre"": ""0"", ""ovt_sel_req_pre"": ""0"", ""ovt_sel_req"": ""0"", ""ovt_buy_req"": ""0"", ""ovt_buy_req_pre"": ""0"", ""return_code"": 0, ""return_msg"": ""정상적으로 처리되었습니다""}"
2026-06-10,scan_candidate,009155,,0,main_scan,601000,,601000,600000,601000,603000,0.16638935108153077,0.16638935108153077,,,,,,"{""bid_req_base_tm"": ""114944"", ""sel_10th_pre_req_pre"": ""0"", ""sel_10th_pre_req"": ""16"", ""sel_10th_pre_bid"": ""-612000"", ""sel_9th_pre_req_pre"": ""0"", ""sel_9th_pre_req"": ""51"", ""sel_9th_pre_bid"": ""-611000"", ""sel_8th_pre_req_pre"": ""0"", ""sel_8th_pre_req"": ""62"", ""sel_8th_pre_bid"": ""-610000"", ""sel_7th_pre_req_pre"": ""0"", ""sel_7th_pre_req"": ""27"", ""sel_7th_pre_bid"": ""-609000"", ""sel_6th_pre_req_pre"": ""0"", ""sel_6th_pre_req"": ""7"", ""sel_6th_pre_bid"": ""-607000"", ""sel_5th_pre_req_pre"": ""0"", ""sel_5th_pre_req"": ""45"", ""sel_5th_pre_bid"": ""-605000"", ""sel_4th_pre_req_pre"": ""0"", ""sel_4th_pre_req"": ""8"", ""sel_4th_pre_bid"": ""-604000"", ""sel_3th_pre_req_pre"": ""0"", ""sel_3th_pre_req"": ""2"", ""sel_3th_pre_bid"": ""-603000"", ""sel_2th_pre_req_pre"": ""0"", ""sel_2th_pre_req"": ""39"", ""sel_2th_pre_bid"": ""-602000"", ""sel_1th_pre_req_pre"": ""--1"", ""sel_fpr_req"": ""2"", ""sel_fpr_bid"": ""-601000"", ""buy_fpr_bid"": ""-600000"", ""buy_fpr_req"": ""10"", ""buy_1th_pre_req_pre"": ""0"", ""buy_2th_pre_bid"": ""-599000"", ""buy_2th_pre_req"": ""9"", ""buy_2th_pre_req_pre"": ""0"", ""buy_3th_pre_bid"": ""-598000"", ""buy_3th_pre_req"": ""15"", ""buy_3th_pre_req_pre"": ""0"", ""buy_4th_pre_bid"": ""-597000"", ""buy_4th_pre_req"": ""18"", ""buy_4th_pre_req_pre"": ""0"", ""buy_5th_pre_bid"": ""-596000"", ""buy_5th_pre_req"": ""69"", ""buy_5th_pre_req_pre"": ""0"", ""buy_6th_pre_bid"": ""-595000"", ""buy_6th_pre_req"": ""96"", ""buy_6th_pre_req_pre"": ""0"", ""buy_7th_pre_bid"": ""-594000"", ""buy_7th_pre_req"": ""70"", ""buy_7th_pre_req_pre"": ""0"", ""buy_8th_pre_bid"": ""-593000"", ""buy_8th_pre_req"": ""97"", ""buy_8th_pre_req_pre"": ""0"", ""buy_9th_pre_bid"": ""-592000"", ""buy_9th_pre_req"": ""126"", ""buy_9th_pre_req_pre"": ""0"", ""buy_10th_pre_bid"": ""-591000"", ""buy_10th_pre_req"": ""420"", ""buy_10th_pre_req_pre"": ""0"", ""tot_sel_req_jub_pre"": ""--1"", ""tot_sel_req"": ""259"", ""tot_buy_req"": ""930"", ""tot_buy_req_jub_pre"": ""0"", ""ovt_sel_req_pre"": ""0"", ""ovt_sel_req"": ""0"", ""ovt_buy_req"": ""0"", ""ovt_buy_req_pre"": ""0"", ""return_code"": 0, ""return_msg"": ""정상적으로 처리되었습니다""}"
2026-06-10,scan_candidate,192080,,0,main_scan,71500,,71500,71400,71500,71600,0.0,0.13986013986013987,,,,,,"{""bid_req_base_tm"": ""114941"", ""sel_10th_pre_req_pre"": ""0"", ""sel_10th_pre_req"": ""128"", ""sel_10th_pre_bid"": ""+72400"", ""sel_9th_pre_req_pre"": ""0"", ""sel_9th_pre_req"": ""12"", ""sel_9th_pre_bid"": ""+72300"", ""sel_8th_pre_req_pre"": ""0"", ""sel_8th_pre_req"": ""10"", ""sel_8th_pre_bid"": ""+72200"", ""sel_7th_pre_req_pre"": ""0"", ""sel_7th_pre_req"": ""6"", ""sel_7th_pre_bid"": ""+72100"", ""sel_6th_pre_req_pre"": ""0"", ""sel_6th_pre_req"": ""5"", ""sel_6th_pre_bid"": ""72000"", ""sel_5th_pre_req_pre"": ""0"", ""sel_5th_pre_req"": ""18"", ""sel_5th_pre_bid"": ""-71900"", ""sel_4th_pre_req_pre"": ""0"", ""sel_4th_pre_req"": ""16"", ""sel_4th_pre_bid"": ""-71800"", ""sel_3th_pre_req_pre"": ""0"", ""sel_3th_pre_req"": ""12"", ""sel_3th_pre_bid"": ""-71700"", ""sel_2th_pre_req_pre"": ""0"", ""sel_2th_pre_req"": ""28"", ""sel_2th_pre_bid"": ""-71600"", ""sel_1th_pre_req_pre"": ""0"", ""sel_fpr_req"": ""38"", ""sel_fpr_bid"": ""-71500"", ""buy_fpr_bid"": ""-71400"", ""buy_fpr_req"": ""24"", ""buy_1th_pre_req_pre"": ""+9"", ""buy_2th_pre_bid"": ""-71300"", ""buy_2th_pre_req"": ""4"", ""buy_2th_pre_req_pre"": ""0"", ""buy_3th_pre_bid"": ""-71200"", ""buy_3th_pre_req"": ""28"", ""buy_3th_pre_req_pre"": ""0"", ""buy_4th_pre_bid"": ""-71100"", ""buy_4th_pre_req"": ""20"", ""buy_4th_pre_req_pre"": ""0"", ""buy_5th_pre_bid"": ""-71000"", ""buy_5th_pre_req"": ""79"", ""buy_5th_pre_req_pre"": ""0"", ""buy_6th_pre_bid"": ""-70900"", ""buy_6th_pre_req"": ""50"", ""buy_6th_pre_req_pre"": ""0"", ""buy_7th_pre_bid"": ""-70800"", ""buy_7th_pre_req"": ""82"", ""buy_7th_pre_req_pre"": ""0"", ""buy_8th_pre_bid"": ""-70700"", ""buy_8th_pre_req"": ""140"", ""buy_8th_pre_req_pre"": ""0"", ""buy_9th_pre_bid"": ""-70600"", ""buy_9th_pre_req"": ""100"", ""buy_9th_pre_req_pre"": ""0"", ""buy_10th_pre_bid"": ""-70500"", ""buy_10th_pre_req"": ""97"", ""buy_10th_pre_req_pre"": ""0"", ""tot_sel_req_jub_pre"": ""0"", ""tot_sel_req"": ""273"", ""tot_buy_req"": ""624"", ""tot_buy_req_jub_pre"": ""+9"", ""ovt_sel_req_pre"": ""0"", ""ovt_sel_req"": ""0"", ""ovt_buy_req"": ""0"", ""ovt_buy_req_pre"": ""0"", ""return_code"": 0, ""return_msg"": ""정상적으로 처리되었습니다""}"
2026-06-10,scan_candidate,093370,,0,main_scan,16090,,16090,16080,16090,16050,-0.5593536357986327,0.06215040397762585,,,,,,"{""bid_req_base_tm"": ""114946"", ""sel_10th_pre_req_pre"": ""0"", ""sel_10th_pre_req"": ""572"", ""sel_10th_pre_bid"": ""+16180"", ""sel_9th_pre_req_pre"": ""0"", ""sel_9th_pre_req"": ""221"", ""sel_9th_pre_bid"": ""+16170"", ""sel_8th_pre_req_pre"": ""0"", ""sel_8th_pre_req"": ""1272"", ""sel_8th_pre_bid"": ""+16160"", ""sel_7th_pre_req_pre"": ""0"", ""sel_7th_pre_req"": ""138"", ""sel_7th_pre_bid"": ""+16150"", ""sel_6th_pre_req_pre"": ""0"", ""sel_6th_pre_req"": ""2255"", ""sel_6th_pre_bid"": ""+16140"", ""sel_5th_pre_req_pre"": ""0"", ""sel_5th_pre_req"": ""1174"", ""sel_5th_pre_bid"": ""+16130"", ""sel_4th_pre_req_pre"": ""0"", ""sel_4th_pre_req"": ""4930"", ""sel_4th_pre_bid"": ""+16120"", ""sel_3th_pre_req_pre"": ""0"", ""sel_3th_pre_req"": ""184"", ""sel_3th_pre_bid"": ""+16110"", ""sel_2th_pre_req_pre"": ""0"", ""sel_2th_pre_req"": ""3037"", ""sel_2th_pre_bid"": ""+16100"", ""sel_1th_pre_req_pre"": ""0"", ""sel_fpr_req"": ""372"", ""sel_fpr_bid"": ""+16090"", ""buy_fpr_bid"": ""+16080"", ""buy_fpr_req"": ""907"", ""buy_1th_pre_req_pre"": ""0"", ""buy_2th_pre_bid"": ""+16060"", ""buy_2th_pre_req"": ""1830"", ""buy_2th_pre_req_pre"": ""0"", ""buy_3th_pre_bid"": ""+16050"", ""buy_3th_pre_req"": ""1621"", ""buy_3th_pre_req_pre"": ""0"", ""buy_4th_pre_bid"": ""+16040"", ""buy_4th_pre_req"": ""852"", ""buy_4th_pre_req_pre"": ""0"", ""buy_5th_pre_bid"": ""+16030"", ""buy_5th_pre_req"": ""2303"", ""buy_5th_pre_req_pre"": ""0"", ""buy_6th_pre_bid"": ""+16020"", ""buy_6th_pre_req"": ""1337"", ""buy_6th_pre_req_pre"": ""0"", ""buy_7th_pre_bid"": ""+16010"", ""buy_7th_pre_req"": ""2638"", ""buy_7th_pre_req_pre"": ""0"", ""buy_8th_pre_bid"": ""+16000"", ""buy_8th_pre_req"": ""14009"", ""buy_8th_pre_req_pre"": ""0"", ""buy_9th_pre_bid"": ""+15990"", ""buy_9th_pre_req"": ""1159"", ""buy_9th_pre_req_pre"": ""0"", ""buy_10th_pre_bid"": ""+15980"", ""buy_10th_pre_req"": ""2102"", ""buy_10th_pre_req_pre"": ""0"", ""tot_sel_req_jub_pre"": ""0"", ""tot_sel_req"": ""14155"", ""tot_buy_req"": ""28758"", ""tot_buy_req_jub_pre"": ""0"", ""ovt_sel_req_pre"": ""0"", ""ovt_sel_req"": ""0"", ""ovt_buy_req"": ""0"", ""ovt_buy_req_pre"": ""0"", ""return_code"": 0, ""return_msg"": ""정상적으로 처리되었습니다""}"
2026-06-10,scan_candidate,066575,,0,main_scan,78400,,78400,78200,78400,78300,-0.25510204081632654,0.25510204081632654,,,,,,"{""bid_req_base_tm"": ""114946"", ""sel_10th_pre_req_pre"": ""0"", ""sel_10th_pre_req"": ""202"", ""sel_10th_pre_bid"": ""-79300"", ""sel_9th_pre_req_pre"": ""0"", ""sel_9th_pre_req"": ""51"", ""sel_9th_pre_bid"": ""-79200"", ""sel_8th_pre_req_pre"": ""0"", ""sel_8th_pre_req"": ""64"", ""sel_8th_pre_bid"": ""-79100"", ""sel_7th_pre_req_pre"": ""--1"", ""sel_7th_pre_req"": ""193"", ""sel_7th_pre_bid"": ""-79000"", ""sel_6th_pre_req_pre"": ""0"", ""sel_6th_pre_req"": ""39"", ""sel_6th_pre_bid"": ""-78900"", ""sel_5th_pre_req_pre"": ""0"", ""sel_5th_pre_req"": ""205"", ""sel_5th_pre_bid"": ""-78800"", ""sel_4th_pre_req_pre"": ""0"", ""sel_4th_pre_req"": ""15"", ""sel_4th_pre_bid"": ""-78700"", ""sel_3th_pre_req_pre"": ""0"", ""sel_3th_pre_req"": ""52"", ""sel_3th_pre_bid"": ""-78600"", ""sel_2th_pre_req_pre"": ""0"", ""sel_2th_pre_req"": ""5239"", ""sel_2th_pre_bid"": ""-78500"", ""sel_1th_pre_req_pre"": ""0"", ""sel_fpr_req"": ""305"", ""sel_fpr_bid"": ""-78400"", ""buy_fpr_bid"": ""-78200"", ""buy_fpr_req"": ""53"", ""buy_1th_pre_req_pre"": ""0"", ""buy_2th_pre_bid"": ""-78100"", ""buy_2th_pre_req"": ""64"", ""buy_2th_pre_req_pre"": ""0"", ""buy_3th_pre_bid"": ""-78000"", ""buy_3th_pre_req"": ""996"", ""buy_3th_pre_req_pre"": ""0"", ""buy_4th_pre_bid"": ""-77900"", ""buy_4th_pre_req"": ""1240"", ""buy_4th_pre_req_pre"": ""0"", ""buy_5th_pre_bid"": ""-77800"", ""buy_5th_pre_req"": ""1193"", ""buy_5th_pre_req_pre"": ""0"", ""buy_6th_pre_bid"": ""-77700"", ""buy_6th_pre_req"": ""1052"", ""buy_6th_pre_req_pre"": ""0"", ""buy_7th_pre_bid"": ""-77600"", ""buy_7th_pre_req"": ""311"", ""buy_7th_pre_req_pre"": ""0"", ""buy_8th_pre_bid"": ""-77500"", ""buy_8th_pre_req"": ""1295"", ""buy_8th_pre_req_pre"": ""0"", ""buy_9th_pre_bid"": ""-77400"", ""buy_9th_pre_req"": ""838"", ""buy_9th_pre_req_pre"": ""0"", ""buy_10th_pre_bid"": ""-77300"", ""buy_10th_pre_req"": ""175"", ""buy_10th_pre_req_pre"": ""0"", ""tot_sel_req_jub_pre"": ""--1"", ""tot_sel_req"": ""6365"", ""tot_buy_req"": ""7217"", ""tot_buy_req_jub_pre"": ""0"", ""ovt_sel_req_pre"": ""0"", ""ovt_sel_req"": ""0"", ""ovt_buy_req"": ""0"", ""ovt_buy_req_pre"": ""0"", ""return_code"": 0, ""return_msg"": ""정상적으로 처리되었습니다""}"
2026-06-10,scan_candidate,181710,,0,main_scan,40600,,40600,40500,40600,40750,0.24630541871921183,0.24630541871921183,,,,,,"{""bid_req_base_tm"": ""114944"", ""sel_10th_pre_req_pre"": ""0"", ""sel_10th_pre_req"": ""16"", ""sel_10th_pre_bid"": ""-41350"", ""sel_9th_pre_req_pre"": ""0"", ""sel_9th_pre_req"": ""10"", ""sel_9th_pre_bid"": ""-41200"", ""sel_8th_pre_req_pre"": ""0"", ""sel_8th_pre_req"": ""13"", ""sel_8th_pre_bid"": ""-41150"", ""sel_7th_pre_req_pre"": ""0"", ""sel_7th_pre_req"": ""10"", ""sel_7th_pre_bid"": ""-41100"", ""sel_6th_pre_req_pre"": ""0"", ""sel_6th_pre_req"": ""10"", ""sel_6th_pre_bid"": ""-41050"", ""sel_5th_pre_req_pre"": ""0"", ""sel_5th_pre_req"": ""289"", ""sel_5th_pre_bid"": ""-41000"", ""sel_4th_pre_req_pre"": ""0"", ""sel_4th_pre_req"": ""29"", ""sel_4th_pre_bid"": ""-40950"", ""sel_3th_pre_req_pre"": ""0"", ""sel_3th_pre_req"": ""1"", ""sel_3th_pre_bid"": ""-40750"", ""sel_2th_pre_req_pre"": ""0"", ""sel_2th_pre_req"": ""2"", ""sel_2th_pre_bid"": ""-40650"", ""sel_1th_pre_req_pre"": ""+1"", ""sel_fpr_req"": ""502"", ""sel_fpr_bid"": ""-40600"", ""buy_fpr_bid"": ""-40500"", ""buy_fpr_req"": ""53"", ""buy_1th_pre_req_pre"": ""0"", ""buy_2th_pre_bid"": ""-40450"", ""buy_2th_pre_req"": ""79"", ""buy_2th_pre_req_pre"": ""0"", ""buy_3th_pre_bid"": ""-40400"", ""buy_3th_pre_req"": ""152"", ""buy_3th_pre_req_pre"": ""0"", ""buy_4th_pre_bid"": ""-40350"", ""buy_4th_pre_req"": ""36"", ""buy_4th_pre_req_pre"": ""0"", ""buy_5th_pre_bid"": ""-40300"", ""buy_5th_pre_req"": ""32"", ""buy_5th_pre_req_pre"": ""0"", ""buy_6th_pre_bid"": ""-40250"", ""buy_6th_pre_req"": ""48"", ""buy_6th_pre_req_pre"": ""0"", ""buy_7th_pre_bid"": ""-40200"", ""buy_7th_pre_req"": ""163"", ""buy_7th_pre_req_pre"": ""0"", ""buy_8th_pre_bid"": ""-40150"", ""buy_8th_pre_req"": ""1212"", ""buy_8th_pre_req_pre"": ""0"", ""buy_9th_pre_bid"": ""-40100"", ""buy_9th_pre_req"": ""423"", ""buy_9th_pre_req_pre"": ""0"", ""buy_10th_pre_bid"": ""-40050"", ""buy_10th_pre_req"": ""134"", ""buy_10th_pre_req_pre"": ""0"", ""tot_sel_req_jub_pre"": ""+1"", ""tot_sel_req"": ""882"", ""tot_buy_req"": ""2332"", ""tot_buy_req_jub_pre"": ""0"", ""ovt_sel_req_pre"": ""0"", ""ovt_sel_req"": ""0"", ""ovt_buy_req"": ""0"", ""ovt_buy_req_pre"": ""0"", ""return_code"": 0, ""return_msg"": ""정상적으로 처리되었습니다""}"
2026-06-10,scan_candidate,034230,,0,main_scan,15270,,15270,15260,15270,15250,-0.45841519318926005,0.06548788474132286,,,,,,"{""bid_req_base_tm"": ""114946"", ""sel_10th_pre_req_pre"": ""0"", ""sel_10th_pre_req"": ""5412"", ""sel_10th_pre_bid"": ""+15400"", ""sel_9th_pre_req_pre"": ""0"", ""sel_9th_pre_req"": ""2389"", ""sel_9th_pre_bid"": ""+15390"", ""sel_8th_pre_req_pre"": ""0"", ""sel_8th_pre_req"": ""105"", ""sel_8th_pre_bid"": ""+15380"", ""sel_7th_pre_req_pre"": ""0"", ""sel_7th_pre_req"": ""740"", ""sel_7th_pre_bid"": ""+15370"", ""sel_6th_pre_req_pre"": ""0"", ""sel_6th_pre_req"": ""232"", ""sel_6th_pre_bid"": ""+15360"", ""sel_5th_pre_req_pre"": ""0"", ""sel_5th_pre_req"": ""110"", ""sel_5th_pre_bid"": ""+15350"", ""sel_4th_pre_req_pre"": ""0"", ""sel_4th_pre_req"": ""2"", ""sel_4th_pre_bid"": ""+15340"", ""sel_3th_pre_req_pre"": ""0"", ""sel_3th_pre_req"": ""1"", ""sel_3th_pre_bid"": ""+15330"", ""sel_2th_pre_req_pre"": ""0"", ""sel_2th_pre_req"": ""80"", ""sel_2th_pre_bid"": ""+15280"", ""sel_1th_pre_req_pre"": ""--1"", ""sel_fpr_req"": ""304"", ""sel_fpr_bid"": ""+15270"", ""buy_fpr_bid"": ""+15260"", ""buy_fpr_req"": ""12"", ""buy_1th_pre_req_pre"": ""0"", ""buy_2th_pre_bid"": ""+15250"", ""buy_2th_pre_req"": ""102"", ""buy_2th_pre_req_pre"": ""0"", ""buy_3th_pre_bid"": ""+15240"", ""buy_3th_pre_req"": ""31"", ""buy_3th_pre_req_pre"": ""0"", ""buy_4th_pre_bid"": ""+15230"", ""buy_4th_pre_req"": ""164"", ""buy_4th_pre_req_pre"": ""0"", ""buy_5th_pre_bid"": ""+15220"", ""buy_5th_pre_req"": ""80"", ""buy_5th_pre_req_pre"": ""0"", ""buy_6th_pre_bid"": ""+15210"", ""buy_6th_pre_req"": ""118"", ""buy_6th_pre_req_pre"": ""0"", ""buy_7th_pre_bid"": ""+15200"", ""buy_7th_pre_req"": ""201"", ""buy_7th_pre_req_pre"": ""0"", ""buy_8th_pre_bid"": ""+15190"", ""buy_8th_pre_req"": ""274"", ""buy_8th_pre_req_pre"": ""0"", ""buy_9th_pre_bid"": ""+15180"", ""buy_9th_pre_req"": ""21"", ""buy_9th_pre_req_pre"": ""0"", ""buy_10th_pre_bid"": ""+15170"", ""buy_10th_pre_req"": ""20"", ""buy_10th_pre_req_pre"": ""0"", ""tot_sel_req_jub_pre"": ""--1"", ""tot_sel_req"": ""9375"", ""tot_buy_req"": ""1023"", ""tot_buy_req_jub_pre"": ""0"", ""ovt_sel_req_pre"": ""0"", ""ovt_sel_req"": ""0"", ""ovt_buy_req"": ""0"", ""ovt_buy_req_pre"": ""0"", ""return_code"": 0, ""return_msg"": ""정상적으로 처리되었습니다""}"
2026-06-10,scan_candidate,281820,,0,main_scan,66100,,66100,66000,66100,66800,0.9077155824508321,0.15128593040847202,,,,,,"{""bid_req_base_tm"": ""114943"", ""sel_10th_pre_req_pre"": ""0"", ""sel_10th_pre_req"": ""38"", ""sel_10th_pre_bid"": ""+67900"", ""sel_9th_pre_req_pre"": ""0"", ""sel_9th_pre_req"": ""1"", ""sel_9th_pre_bid"": ""+67700"", ""sel_8th_pre_req_pre"": ""0"", ""sel_8th_pre_req"": ""141"", ""sel_8th_pre_bid"": ""+67500"", ""sel_7th_pre_req_pre"": ""0"", ""sel_7th_pre_req"": ""10"", ""sel_7th_pre_bid"": ""+67300"", ""sel_6th_pre_req_pre"": ""0"", ""sel_6th_pre_req"": ""22"", ""sel_6th_pre_bid"": ""+67200"", ""sel_5th_pre_req_pre"": ""0"", ""sel_5th_pre_req"": ""7"", ""sel_5th_pre_bid"": ""+67100"", ""sel_4th_pre_req_pre"": ""0"", ""sel_4th_pre_req"": ""2"", ""sel_4th_pre_bid"": ""+66900"", ""sel_3th_pre_req_pre"": ""0"", ""sel_3th_pre_req"": ""1"", ""sel_3th_pre_bid"": ""+66800"", ""sel_2th_pre_req_pre"": ""0"", ""sel_2th_pre_req"": ""12"", ""sel_2th_pre_bid"": ""+66700"", ""sel_1th_pre_req_pre"": ""--1"", ""sel_fpr_req"": ""32"", ""sel_fpr_bid"": ""-66100"", ""buy_fpr_bid"": ""-66000"", ""buy_fpr_req"": ""31"", ""buy_1th_pre_req_pre"": ""0"", ""buy_2th_pre_bid"": ""-65900"", ""buy_2th_pre_req"": ""89"", ""buy_2th_pre_req_pre"": ""0"", ""buy_3th_pre_bid"": ""-65800"", ""buy_3th_pre_req"": ""106"", ""buy_3th_pre_req_pre"": ""0"", ""buy_4th_pre_bid"": ""-65700"", ""buy_4th_pre_req"": ""130"", ""buy_4th_pre_req_pre"": ""0"", ""buy_5th_pre_bid"": ""-65600"", ""buy_5th_pre_req"": ""73"", ""buy_5th_pre_req_pre"": ""0"", ""buy_6th_pre_bid"": ""-65500"", ""buy_6th_pre_req"": ""162"", ""buy_6th_pre_req_pre"": ""0"", ""buy_7th_pre_bid"": ""-65400"", ""buy_7th_pre_req"": ""72"", ""buy_7th_pre_req_pre"": ""0"", ""buy_8th_pre_bid"": ""-65300"", ""buy_8th_pre_req"": ""58"", ""buy_8th_pre_req_pre"": ""0"", ""buy_9th_pre_bid"": ""-65200"", ""buy_9th_pre_req"": ""69"", ""buy_9th_pre_req_pre"": ""0"", ""buy_10th_pre_bid"": ""-65100"", ""buy_10th_pre_req"": ""141"", ""buy_10th_pre_req_pre"": ""0"", ""tot_sel_req_jub_pre"": ""--1"", ""tot_sel_req"": ""266"", ""tot_buy_req"": ""931"", ""tot_buy_req_jub_pre"": ""0"", ""ovt_sel_req_pre"": ""0"", ""ovt_sel_req"": ""0"", ""ovt_buy_req"": ""0"", ""ovt_buy_req_pre"": ""0"", ""return_code"": 0, ""return_msg"": ""정상적으로 처리되었습니다""}"
2026-06-10,scan_candidate,001820,,0,main_scan,116300,,116300,116200,116300,116000,-0.6878761822871883,0.08598452278589853,,,,,,"{""bid_req_base_tm"": ""114946"", ""sel_10th_pre_req_pre"": ""0"", ""sel_10th_pre_req"": ""68"", ""sel_10th_pre_bid"": ""-117200"", ""sel_9th_pre_req_pre"": ""0"", ""sel_9th_pre_req"": ""23"", ""sel_9th_pre_bid"": ""-117100"", ""sel_8th_pre_req_pre"": ""0"", ""sel_8th_pre_req"": ""137"", ""sel_8th_pre_bid"": ""-117000"", ""sel_7th_pre_req_pre"": ""0"", ""sel_7th_pre_req"": ""104"", ""sel_7th_pre_bid"": ""-116900"", ""sel_6th_pre_req_pre"": ""0"", ""sel_6th_pre_req"": ""101"", ""sel_6th_pre_bid"": ""-116800"", ""sel_5th_pre_req_pre"": ""0"", ""sel_5th_pre_req"": ""59"", ""sel_5th_pre_bid"": ""-116700"", ""sel_4th_pre_req_pre"": ""0"", ""sel_4th_pre_req"": ""68"", ""sel_4th_pre_bid"": ""-116600"", ""sel_3th_pre_req_pre"": ""0"", ""sel_3th_pre_req"": ""125"", ""sel_3th_pre_bid"": ""-116500"", ""sel_2th_pre_req_pre"": ""0"", ""sel_2th_pre_req"": ""9"", ""sel_2th_pre_bid"": ""-116400"", ""sel_1th_pre_req_pre"": ""0"", ""sel_fpr_req"": ""11"", ""sel_fpr_bid"": ""-116300"", ""buy_fpr_bid"": ""-116200"", ""buy_fpr_req"": ""2"", ""buy_1th_pre_req_pre"": ""0"", ""buy_2th_pre_bid"": ""-116100"", ""buy_2th_pre_req"": ""52"", ""buy_2th_pre_req_pre"": ""+1"", ""buy_3th_pre_bid"": ""-116000"", ""buy_3th_pre_req"": ""193"", ""buy_3th_pre_req_pre"": ""0"", ""buy_4th_pre_bid"": ""-115900"", ""buy_4th_pre_req"": ""2"", ""buy_4th_pre_req_pre"": ""0"", ""buy_5th_pre_bid"": ""-115800"", ""buy_5th_pre_req"": ""46"", ""buy_5th_pre_req_pre"": ""0"", ""buy_6th_pre_bid"": ""-115700"", ""buy_6th_pre_req"": ""427"", ""buy_6th_pre_req_pre"": ""0"", ""buy_7th_pre_bid"": ""-115600"", ""buy_7th_pre_req"": ""339"", ""buy_7th_pre_req_pre"": ""0"", ""buy_8th_pre_bid"": ""-115500"", ""buy_8th_pre_req"": ""55"", ""buy_8th_pre_req_pre"": ""0"", ""buy_9th_pre_bid"": ""-115400"", ""buy_9th_pre_req"": ""61"", ""buy_9th_pre_req_pre"": ""0"", ""buy_10th_pre_bid"": ""-115300"", ""buy_10th_pre_req"": ""104"", ""buy_10th_pre_req_pre"": ""0"", ""tot_sel_req_jub_pre"": ""0"", ""tot_sel_req"": ""705"", ""tot_buy_req"": ""1281"", ""tot_buy_req_jub_pre"": ""+1"", ""ovt_sel_req_pre"": ""0"", ""ovt_sel_req"": ""0"", ""ovt_buy_req"": ""0"", ""ovt_buy_req_pre"": ""0"", ""return_code"": 0, ""return_msg"": ""정상적으로 처리되었습니다""}"
2026-06-10,scan_candidate,000815,,0,main_scan,400000,,400000,399000,400000,398500,-0.5,0.25,,,,,,"{""bid_req_base_tm"": ""114945"", ""sel_10th_pre_req_pre"": ""0"", ""sel_10th_pre_req"": ""75"", ""sel_10th_pre_bid"": ""-405500"", ""sel_9th_pre_req_pre"": ""0"", ""sel_9th_pre_req"": ""62"", ""sel_9th_pre_bid"": ""-405000"", ""sel_8th_pre_req_pre"": ""0"", ""sel_8th_pre_req"": ""295"", ""sel_8th_pre_bid"": ""-404500"", ""sel_7th_pre_req_pre"": ""0"", ""sel_7th_pre_req"": ""99"", ""sel_7th_pre_bid"": ""-404000"", ""sel_6th_pre_req_pre"": ""0"", ""sel_6th_pre_req"": ""79"", ""sel_6th_pre_bid"": ""-403500"", ""sel_5th_pre_req_pre"": ""0"", ""sel_5th_pre_req"": ""93"", ""sel_5th_pre_bid"": ""-403000"", ""sel_4th_pre_req_pre"": ""0"", ""sel_4th_pre_req"": ""27"", ""sel_4th_pre_bid"": ""-402500"", ""sel_3th_pre_req_pre"": ""+19"", ""sel_3th_pre_req"": ""416"", ""sel_3th_pre_bid"": ""-401500"", ""sel_2th_pre_req_pre"": ""0"", ""sel_2th_pre_req"": ""98"", ""sel_2th_pre_bid"": ""-401000"", ""sel_1th_pre_req_pre"": ""0"", ""sel_fpr_req"": ""72"", ""sel_fpr_bid"": ""-400000"", ""buy_fpr_bid"": ""-399000"", ""buy_fpr_req"": ""95"", ""buy_1th_pre_req_pre"": ""0"", ""buy_2th_pre_bid"": ""-398500"", ""buy_2th_pre_req"": ""17"", ""buy_2th_pre_req_pre"": ""0"", ""buy_3th_pre_bid"": ""-398000"", ""buy_3th_pre_req"": ""52"", ""buy_3th_pre_req_pre"": ""0"", ""buy_4th_pre_bid"": ""-397500"", ""buy_4th_pre_req"": ""162"", ""buy_4th_pre_req_pre"": ""0"", ""buy_5th_pre_bid"": ""-397000"", ""buy_5th_pre_req"": ""105"", ""buy_5th_pre_req_pre"": ""0"", ""buy_6th_pre_bid"": ""-396500"", ""buy_6th_pre_req"": ""18"", ""buy_6th_pre_req_pre"": ""0"", ""buy_7th_pre_bid"": ""-396000"", ""buy_7th_pre_req"": ""49"", ""buy_7th_pre_req_pre"": ""0"", ""buy_8th_pre_bid"": ""-395500"", ""buy_8th_pre_req"": ""18"", ""buy_8th_pre_req_pre"": ""0"", ""buy_9th_pre_bid"": ""-395000"", ""buy_9th_pre_req"": ""61"", ""buy_9th_pre_req_pre"": ""0"", ""buy_10th_pre_bid"": ""-394500"", ""buy_10th_pre_req"": ""18"", ""buy_10th_pre_req_pre"": ""0"", ""tot_sel_req_jub_pre"": ""+19"", ""tot_sel_req"": ""1316"", ""tot_buy_req"": ""595"", ""tot_buy_req_jub_pre"": ""0"", ""ovt_sel_req_pre"": ""0"", ""ovt_sel_req"": ""0"", ""ovt_buy_req"": ""0"", ""ovt_buy_req_pre"": ""0"", ""return_code"": 0, ""return_msg"": ""정상적으로 처리되었습니다""}"
2026-06-10,scan_candidate,475150,,0,main_scan,42550,,42550,42350,42550,42450,-0.35252643948296125,0.4700352526439483,,,,,,"{""bid_req_base_tm"": ""114947"", ""sel_10th_pre_req_pre"": ""+2"", ""sel_10th_pre_req"": ""3188"", ""sel_10th_pre_bid"": ""+43000"", ""sel_9th_pre_req_pre"": ""0"", ""sel_9th_pre_req"": ""4393"", ""sel_9th_pre_bid"": ""+42950"", ""sel_8th_pre_req_pre"": ""0"", ""sel_8th_pre_req"": ""1535"", ""sel_8th_pre_bid"": ""+42900"", ""sel_7th_pre_req_pre"": ""0"", ""sel_7th_pre_req"": ""176"", ""sel_7th_pre_bid"": ""+42850"", ""sel_6th_pre_req_pre"": ""0"", ""sel_6th_pre_req"": ""824"", ""sel_6th_pre_bid"": ""+42800"", ""sel_5th_pre_req_pre"": ""0"", ""sel_5th_pre_req"": ""374"", ""sel_5th_pre_bid"": ""+42750"", ""sel_4th_pre_req_pre"": ""0"", ""sel_4th_pre_req"": ""1882"", ""sel_4th_pre_bid"": ""+42700"", ""sel_3th_pre_req_pre"": ""0"", ""sel_3th_pre_req"": ""5958"", ""sel_3th_pre_bid"": ""+42650"", ""sel_2th_pre_req_pre"": ""0"", ""sel_2th_pre_req"": ""168"", ""sel_2th_pre_bid"": ""+42600"", ""sel_1th_pre_req_pre"": ""--9"", ""sel_fpr_req"": ""455"", ""sel_fpr_bid"": ""+42550"", ""buy_fpr_bid"": ""+42350"", ""buy_fpr_req"": ""184"", ""buy_1th_pre_req_pre"": ""0"", ""buy_2th_pre_bid"": ""+42300"", ""buy_2th_pre_req"": ""1051"", ""buy_2th_pre_req_pre"": ""--436"", ""buy_3th_pre_bid"": ""+42250"", ""buy_3th_pre_req"": ""937"", ""buy_3th_pre_req_pre"": ""0"", ""buy_4th_pre_bid"": ""+42200"", ""buy_4th_pre_req"": ""1684"", ""buy_4th_pre_req_pre"": ""0"", ""buy_5th_pre_bid"": ""+42150"", ""buy_5th_pre_req"": ""2264"", ""buy_5th_pre_req_pre"": ""0"", ""buy_6th_pre_bid"": ""+42100"", ""buy_6th_pre_req"": ""1656"", ""buy_6th_pre_req_pre"": ""0"", ""buy_7th_pre_bid"": ""+42050"", ""buy_7th_pre_req"": ""2815"", ""buy_7th_pre_req_pre"": ""0"", ""buy_8th_pre_bid"": ""+42000"", ""buy_8th_pre_req"": ""3273"", ""buy_8th_pre_req_pre"": ""0"", ""buy_9th_pre_bid"": ""+41950"", ""buy_9th_pre_req"": ""1412"", ""buy_9th_pre_req_pre"": ""+436"", ""buy_10th_pre_bid"": ""+41900"", ""buy_10th_pre_req"": ""1422"", ""buy_10th_pre_req_pre"": ""0"", ""tot_sel_req_jub_pre"": ""--7"", ""tot_sel_req"": ""18953"", ""tot_buy_req"": ""16698"", ""tot_buy_req_jub_pre"": ""0"", ""ovt_sel_req_pre"": ""0"", ""ovt_sel_req"": ""0"", ""ovt_buy_req"": ""0"", ""ovt_buy_req_pre"": ""0"", ""return_code"": 0, ""return_msg"": ""정상적으로 처리되었습니다""}"
2026-06-10,scan_candidate,499790,,0,main_scan,50700,,50700,50600,50700,50700,-0.19723865877712032,0.19723865877712032,,,,,,"{""bid_req_base_tm"": ""114941"", ""sel_10th_pre_req_pre"": ""0"", ""sel_10th_pre_req"": ""1137"", ""sel_10th_pre_bid"": ""+51600"", ""sel_9th_pre_req_pre"": ""0"", ""sel_9th_pre_req"": ""255"", ""sel_9th_pre_bid"": ""+51500"", ""sel_8th_pre_req_pre"": ""0"", ""sel_8th_pre_req"": ""311"", ""sel_8th_pre_bid"": ""+51400"", ""sel_7th_pre_req_pre"": ""0"", ""sel_7th_pre_req"": ""86"", ""sel_7th_pre_bid"": ""+51300"", ""sel_6th_pre_req_pre"": ""0"", ""sel_6th_pre_req"": ""1112"", ""sel_6th_pre_bid"": ""+51200"", ""sel_5th_pre_req_pre"": ""0"", ""sel_5th_pre_req"": ""117"", ""sel_5th_pre_bid"": ""+51100"", ""sel_4th_pre_req_pre"": ""0"", ""sel_4th_pre_req"": ""25"", ""sel_4th_pre_bid"": ""+51000"", ""sel_3th_pre_req_pre"": ""+1"", ""sel_3th_pre_req"": ""50"", ""sel_3th_pre_bid"": ""+50900"", ""sel_2th_pre_req_pre"": ""0"", ""sel_2th_pre_req"": ""7"", ""sel_2th_pre_bid"": ""+50800"", ""sel_1th_pre_req_pre"": ""0"", ""sel_fpr_req"": ""243"", ""sel_fpr_bid"": ""+50700"", ""buy_fpr_bid"": ""+50600"", ""buy_fpr_req"": ""61"", ""buy_1th_pre_req_pre"": ""0"", ""buy_2th_pre_bid"": ""+50500"", ""buy_2th_pre_req"": ""100"", ""buy_2th_pre_req_pre"": ""0"", ""buy_3th_pre_bid"": ""+50400"", ""buy_3th_pre_req"": ""74"", ""buy_3th_pre_req_pre"": ""0"", ""buy_4th_pre_bid"": ""+50300"", ""buy_4th_pre_req"": ""26"", ""buy_4th_pre_req_pre"": ""0"", ""buy_5th_pre_bid"": ""+50200"", ""buy_5th_pre_req"": ""103"", ""buy_5th_pre_req_pre"": ""0"", ""buy_6th_pre_bid"": ""+50100"", ""buy_6th_pre_req"": ""188"", ""buy_6th_pre_req_pre"": ""0"", ""buy_7th_pre_bid"": ""+50000"", ""buy_7th_pre_req"": ""539"", ""buy_7th_pre_req_pre"": ""0"", ""buy_8th_pre_bid"": ""+49950"", ""buy_8th_pre_req"": ""1183"", ""buy_8th_pre_req_pre"": ""0"", ""buy_9th_pre_bid"": ""+49900"", ""buy_9th_pre_req"": ""147"", ""buy_9th_pre_req_pre"": ""0"", ""buy_10th_pre_bid"": ""+49850"", ""buy_10th_pre_req"": ""62"", ""buy_10th_pre_req_pre"": ""0"", ""tot_sel_req_jub_pre"": ""+1"", ""tot_sel_req"": ""3343"", ""tot_buy_req"": ""2483"", ""tot_buy_req_jub_pre"": ""0"", ""ovt_sel_req_pre"": ""0"", ""ovt_sel_req"": ""0"", ""ovt_buy_req"": ""0"", ""ovt_buy_req_pre"": ""0"", ""return_code"": 0, ""return_msg"": ""정상적으로 처리되었습니다""}"
2026-06-10,scan_candidate,003160,,0,main_scan,28100,,28100,28000,28100,27950,-0.7117437722419928,0.3558718861209964,,,,,,"{""bid_req_base_tm"": ""114946"", ""sel_10th_pre_req_pre"": ""0"", ""sel_10th_pre_req"": ""12"", ""sel_10th_pre_bid"": ""+28600"", ""sel_9th_pre_req_pre"": ""0"", ""sel_9th_pre_req"": ""77"", ""sel_9th_pre_bid"": ""+28550"", ""sel_8th_pre_req_pre"": ""0"", ""sel_8th_pre_req"": ""21"", ""sel_8th_pre_bid"": ""+28500"", ""sel_7th_pre_req_pre"": ""0"", ""sel_7th_pre_req"": ""2070"", ""sel_7th_pre_bid"": ""+28400"", ""sel_6th_pre_req_pre"": ""0"", ""sel_6th_pre_req"": ""132"", ""sel_6th_pre_bid"": ""+28350"", ""sel_5th_pre_req_pre"": ""0"", ""sel_5th_pre_req"": ""234"", ""sel_5th_pre_bid"": ""+28300"", ""sel_4th_pre_req_pre"": ""0"", ""sel_4th_pre_req"": ""56"", ""sel_4th_pre_bid"": ""+28250"", ""sel_3th_pre_req_pre"": ""0"", ""sel_3th_pre_req"": ""111"", ""sel_3th_pre_bid"": ""+28200"", ""sel_2th_pre_req_pre"": ""0"", ""sel_2th_pre_req"": ""116"", ""sel_2th_pre_bid"": ""+28150"", ""sel_1th_pre_req_pre"": ""+1"", ""sel_fpr_req"": ""69"", ""sel_fpr_bid"": ""+28100"", ""buy_fpr_bid"": ""-28000"", ""buy_fpr_req"": ""121"", ""buy_1th_pre_req_pre"": ""0"", ""buy_2th_pre_bid"": ""-27950"", ""buy_2th_pre_req"": ""78"", ""buy_2th_pre_req_pre"": ""0"", ""buy_3th_pre_bid"": ""-27900"", ""buy_3th_pre_req"": ""217"", ""buy_3th_pre_req_pre"": ""0"", ""buy_4th_pre_bid"": ""-27850"", ""buy_4th_pre_req"": ""334"", ""buy_4th_pre_req_pre"": ""0"", ""buy_5th_pre_bid"": ""-27800"", ""buy_5th_pre_req"": ""101"", ""buy_5th_pre_req_pre"": ""0"", ""buy_6th_pre_bid"": ""-27750"", ""buy_6th_pre_req"": ""78"", ""buy_6th_pre_req_pre"": ""0"", ""buy_7th_pre_bid"": ""-27700"", ""buy_7th_pre_req"": ""88"", ""buy_7th_pre_req_pre"": ""0"", ""buy_8th_pre_bid"": ""-27650"", ""buy_8th_pre_req"": ""322"", ""buy_8th_pre_req_pre"": ""0"", ""buy_9th_pre_bid"": ""-27600"", ""buy_9th_pre_req"": ""720"", ""buy_9th_pre_req_pre"": ""0"", ""buy_10th_pre_bid"": ""-27550"", ""buy_10th_pre_req"": ""313"", ""buy_10th_pre_req_pre"": ""0"", ""tot_sel_req_jub_pre"": ""+1"", ""tot_sel_req"": ""2898"", ""tot_buy_req"": ""2372"", ""tot_buy_req_jub_pre"": ""0"", ""ovt_sel_req_pre"": ""0"", ""ovt_sel_req"": ""0"", ""ovt_buy_req"": ""0"", ""ovt_buy_req_pre"": ""0"", ""return_code"": 0, ""return_msg"": ""정상적으로 처리되었습니다""}"
2026-06-10,scan_candidate,000370,,0,main_scan,6440,,6440,6430,6440,6470,0.3105590062111801,0.15527950310559005,,,,,,"{""bid_req_base_tm"": ""114940"", ""sel_10th_pre_req_pre"": ""0"", ""sel_10th_pre_req"": ""1028"", ""sel_10th_pre_bid"": ""+6540"", ""sel_9th_pre_req_pre"": ""0"", ""sel_9th_pre_req"": ""23"", ""sel_9th_pre_bid"": ""+6520"", ""sel_8th_pre_req_pre"": ""0"", ""sel_8th_pre_req"": ""31"", ""sel_8th_pre_bid"": ""+6510"", ""sel_7th_pre_req_pre"": ""0"", ""sel_7th_pre_req"": ""1531"", ""sel_7th_pre_bid"": ""+6500"", ""sel_6th_pre_req_pre"": ""0"", ""sel_6th_pre_req"": ""201"", ""sel_6th_pre_bid"": ""+6490"", ""sel_5th_pre_req_pre"": ""0"", ""sel_5th_pre_req"": ""218"", ""sel_5th_pre_bid"": ""+6480"", ""sel_4th_pre_req_pre"": ""0"", ""sel_4th_pre_req"": ""123"", ""sel_4th_pre_bid"": ""+6470"", ""sel_3th_pre_req_pre"": ""0"", ""sel_3th_pre_req"": ""356"", ""sel_3th_pre_bid"": ""+6460"", ""sel_2th_pre_req_pre"": ""0"", ""sel_2th_pre_req"": ""1159"", ""sel_2th_pre_bid"": ""6450"", ""sel_1th_pre_req_pre"": ""0"", ""sel_fpr_req"": ""73"", ""sel_fpr_bid"": ""-6440"", ""buy_fpr_bid"": ""-6430"", ""buy_fpr_req"": ""2221"", ""buy_1th_pre_req_pre"": ""0"", ""buy_2th_pre_bid"": ""-6420"", ""buy_2th_pre_req"": ""271"", ""buy_2th_pre_req_pre"": ""0"", ""buy_3th_pre_bid"": ""-6410"", ""buy_3th_pre_req"": ""1442"", ""buy_3th_pre_req_pre"": ""0"", ""buy_4th_pre_bid"": ""-6400"", ""buy_4th_pre_req"": ""5400"", ""buy_4th_pre_req_pre"": ""0"", ""buy_5th_pre_bid"": ""-6390"", ""buy_5th_pre_req"": ""663"", ""buy_5th_pre_req_pre"": ""0"", ""buy_6th_pre_bid"": ""-6380"", ""buy_6th_pre_req"": ""148"", ""buy_6th_pre_req_pre"": ""0"", ""buy_7th_pre_bid"": ""-6370"", ""buy_7th_pre_req"": ""3220"", ""buy_7th_pre_req_pre"": ""0"", ""buy_8th_pre_bid"": ""-6360"", ""buy_8th_pre_req"": ""1118"", ""buy_8th_pre_req_pre"": ""0"", ""buy_9th_pre_bid"": ""-6350"", ""buy_9th_pre_req"": ""2813"", ""buy_9th_pre_req_pre"": ""0"", ""buy_10th_pre_bid"": ""-6340"", ""buy_10th_pre_req"": ""1193"", ""buy_10th_pre_req_pre"": ""0"", ""tot_sel_req_jub_pre"": ""0"", ""tot_sel_req"": ""4743"", ""tot_buy_req"": ""18489"", ""tot_buy_req_jub_pre"": ""0"", ""ovt_sel_req_pre"": ""0"", ""ovt_sel_req"": ""0"", ""ovt_buy_req"": ""0"", ""ovt_buy_req_pre"": ""0"", ""return_code"": 0, ""return_msg"": ""정상적으로 처리되었습니다""}"
2026-06-10,scan_candidate,114090,,0,main_scan,12160,,12160,12140,12160,12100,-0.9046052631578948,0.1644736842105263,,,,,,"{""bid_req_base_tm"": ""114948"", ""sel_10th_pre_req_pre"": ""0"", ""sel_10th_pre_req"": ""2371"", ""sel_10th_pre_bid"": ""+12250"", ""sel_9th_pre_req_pre"": ""0"", ""sel_9th_pre_req"": ""1262"", ""sel_9th_pre_bid"": ""+12240"", ""sel_8th_pre_req_pre"": ""0"", ""sel_8th_pre_req"": ""411"", ""sel_8th_pre_bid"": ""+12230"", ""sel_7th_pre_req_pre"": ""0"", ""sel_7th_pre_req"": ""1360"", ""sel_7th_pre_bid"": ""+12220"", ""sel_6th_pre_req_pre"": ""0"", ""sel_6th_pre_req"": ""239"", ""sel_6th_pre_bid"": ""+12210"", ""sel_5th_pre_req_pre"": ""0"", ""sel_5th_pre_req"": ""2436"", ""sel_5th_pre_bid"": ""+12200"", ""sel_4th_pre_req_pre"": ""0"", ""sel_4th_pre_req"": ""435"", ""sel_4th_pre_bid"": ""+12190"", ""sel_3th_pre_req_pre"": ""0"", ""sel_3th_pre_req"": ""226"", ""sel_3th_pre_bid"": ""+12180"", ""sel_2th_pre_req_pre"": ""0"", ""sel_2th_pre_req"": ""93"", ""sel_2th_pre_bid"": ""+12170"", ""sel_1th_pre_req_pre"": ""+40"", ""sel_fpr_req"": ""45"", ""sel_fpr_bid"": ""+12160"", ""buy_fpr_bid"": ""+12140"", ""buy_fpr_req"": ""44"", ""buy_1th_pre_req_pre"": ""0"", ""buy_2th_pre_bid"": ""+12130"", ""buy_2th_pre_req"": ""248"", ""buy_2th_pre_req_pre"": ""0"", ""buy_3th_pre_bid"": ""+12120"", ""buy_3th_pre_req"": ""498"", ""buy_3th_pre_req_pre"": ""0"", ""buy_4th_pre_bid"": ""+12110"", ""buy_4th_pre_req"": ""1"", ""buy_4th_pre_req_pre"": ""0"", ""buy_5th_pre_bid"": ""+12090"", ""buy_5th_pre_req"": ""1"", ""buy_5th_pre_req_pre"": ""0"", ""buy_6th_pre_bid"": ""+12070"", ""buy_6th_pre_req"": ""285"", ""buy_6th_pre_req_pre"": ""0"", ""buy_7th_pre_bid"": ""+12040"", ""buy_7th_pre_req"": ""20"", ""buy_7th_pre_req_pre"": ""0"", ""buy_8th_pre_bid"": ""+12020"", ""buy_8th_pre_req"": ""221"", ""buy_8th_pre_req_pre"": ""0"", ""buy_9th_pre_bid"": ""+12010"", ""buy_9th_pre_req"": ""205"", ""buy_9th_pre_req_pre"": ""0"", ""buy_10th_pre_bid"": ""+12000"", ""buy_10th_pre_req"": ""1071"", ""buy_10th_pre_req_pre"": ""0"", ""tot_sel_req_jub_pre"": ""+40"", ""tot_sel_req"": ""8878"", ""tot_buy_req"": ""2594"", ""tot_buy_req_jub_pre"": ""0"", ""ovt_sel_req_pre"": ""0"", ""ovt_sel_req"": ""0"", ""ovt_buy_req"": ""0"", ""ovt_buy_req_pre"": ""0"", ""return_code"": 0, ""return_msg"": ""정상적으로 처리되었습니다""}"
2026-06-10,scan_candidate,005090,,0,main_scan,51800,,51800,51600,51800,52000,0.19305019305019305,0.3861003861003861,,,,,,"{""bid_req_base_tm"": ""114943"", ""sel_10th_pre_req_pre"": ""0"", ""sel_10th_pre_req"": ""25"", ""sel_10th_pre_bid"": ""+52800"", ""sel_9th_pre_req_pre"": ""0"", ""sel_9th_pre_req"": ""105"", ""sel_9th_pre_bid"": ""+52700"", ""sel_8th_pre_req_pre"": ""0"", ""sel_8th_pre_req"": ""16"", ""sel_8th_pre_bid"": ""+52600"", ""sel_7th_pre_req_pre"": ""0"", ""sel_7th_pre_req"": ""1"", ""sel_7th_pre_bid"": ""+52500"", ""sel_6th_pre_req_pre"": ""0"", ""sel_6th_pre_req"": ""52"", ""sel_6th_pre_bid"": ""+52400"", ""sel_5th_pre_req_pre"": ""0"", ""sel_5th_pre_req"": ""10"", ""sel_5th_pre_bid"": ""+52300"", ""sel_4th_pre_req_pre"": ""0"", ""sel_4th_pre_req"": ""1"", ""sel_4th_pre_bid"": ""+52200"", ""sel_3th_pre_req_pre"": ""0"", ""sel_3th_pre_req"": ""57"", ""sel_3th_pre_bid"": ""+52000"", ""sel_2th_pre_req_pre"": ""0"", ""sel_2th_pre_req"": ""44"", ""sel_2th_pre_bid"": ""+51900"", ""sel_1th_pre_req_pre"": ""0"", ""sel_fpr_req"": ""34"", ""sel_fpr_bid"": ""+51800"", ""buy_fpr_bid"": ""+51600"", ""buy_fpr_req"": ""6"", ""buy_1th_pre_req_pre"": ""--1"", ""buy_2th_pre_bid"": ""+51500"", ""buy_2th_pre_req"": ""2"", ""buy_2th_pre_req_pre"": ""0"", ""buy_3th_pre_bid"": ""+51400"", ""buy_3th_pre_req"": ""180"", ""buy_3th_pre_req_pre"": ""0"", ""buy_4th_pre_bid"": ""+51300"", ""buy_4th_pre_req"": ""223"", ""buy_4th_pre_req_pre"": ""0"", ""buy_5th_pre_bid"": ""+51200"", ""buy_5th_pre_req"": ""4"", ""buy_5th_pre_req_pre"": ""0"", ""buy_6th_pre_bid"": ""+51100"", ""buy_6th_pre_req"": ""5"", ""buy_6th_pre_req_pre"": ""0"", ""buy_7th_pre_bid"": ""+51000"", ""buy_7th_pre_req"": ""6"", ""buy_7th_pre_req_pre"": ""0"", ""buy_8th_pre_bid"": ""+50900"", ""buy_8th_pre_req"": ""220"", ""buy_8th_pre_req_pre"": ""0"", ""buy_9th_pre_bid"": ""+50800"", ""buy_9th_pre_req"": ""201"", ""buy_9th_pre_req_pre"": ""0"", ""buy_10th_pre_bid"": ""+50700"", ""buy_10th_pre_req"": ""271"", ""buy_10th_pre_req_pre"": ""0"", ""tot_sel_req_jub_pre"": ""0"", ""tot_sel_req"": ""345"", ""tot_buy_req"": ""1118"", ""tot_buy_req_jub_pre"": ""--1"", ""ovt_sel_req_pre"": ""0"", ""ovt_sel_req"": ""0"", ""ovt_buy_req"": ""0"", ""ovt_buy_req_pre"": ""0"", ""return_code"": 0, ""return_msg"": ""정상적으로 처리되었습니다""}"
2026-06-10,scan_candidate,017900,,0,main_scan,9150,,9150,9140,9150,9190,0.32786885245901637,0.1092896174863388,,,,,,"{""bid_req_base_tm"": ""114948"", ""sel_10th_pre_req_pre"": ""0"", ""sel_10th_pre_req"": ""53"", ""sel_10th_pre_bid"": ""+9260"", ""sel_9th_pre_req_pre"": ""0"", ""sel_9th_pre_req"": ""170"", ""sel_9th_pre_bid"": ""+9250"", ""sel_8th_pre_req_pre"": ""0"", ""sel_8th_pre_req"": ""6"", ""sel_8th_pre_bid"": ""+9240"", ""sel_7th_pre_req_pre"": ""0"", ""sel_7th_pre_req"": ""5"", ""sel_7th_pre_bid"": ""+9230"", ""sel_6th_pre_req_pre"": ""0"", ""sel_6th_pre_req"": ""1"", ""sel_6th_pre_bid"": ""+9220"", ""sel_5th_pre_req_pre"": ""0"", ""sel_5th_pre_req"": ""1"", ""sel_5th_pre_bid"": ""+9210"", ""sel_4th_pre_req_pre"": ""0"", ""sel_4th_pre_req"": ""6"", ""sel_4th_pre_bid"": ""+9200"", ""sel_3th_pre_req_pre"": ""0"", ""sel_3th_pre_req"": ""58"", ""sel_3th_pre_bid"": ""-9170"", ""sel_2th_pre_req_pre"": ""0"", ""sel_2th_pre_req"": ""164"", ""sel_2th_pre_bid"": ""-9160"", ""sel_1th_pre_req_pre"": ""0"", ""sel_fpr_req"": ""10"", ""sel_fpr_bid"": ""-9150"", ""buy_fpr_bid"": ""-9140"", ""buy_fpr_req"": ""1"", ""buy_1th_pre_req_pre"": ""0"", ""buy_2th_pre_bid"": ""-9130"", ""buy_2th_pre_req"": ""961"", ""buy_2th_pre_req_pre"": ""0"", ""buy_3th_pre_bid"": ""-9120"", ""buy_3th_pre_req"": ""763"", ""buy_3th_pre_req_pre"": ""0"", ""buy_4th_pre_bid"": ""-9110"", ""buy_4th_pre_req"": ""2285"", ""buy_4th_pre_req_pre"": ""+1000"", ""buy_5th_pre_bid"": ""-9100"", ""buy_5th_pre_req"": ""1935"", ""buy_5th_pre_req_pre"": ""0"", ""buy_6th_pre_bid"": ""-9090"", ""buy_6th_pre_req"": ""3188"", ""buy_6th_pre_req_pre"": ""0"", ""buy_7th_pre_bid"": ""-9080"", ""buy_7th_pre_req"": ""2745"", ""buy_7th_pre_req_pre"": ""0"", ""buy_8th_pre_bid"": ""-9070"", ""buy_8th_pre_req"": ""1825"", ""buy_8th_pre_req_pre"": ""0"", ""buy_9th_pre_bid"": ""-9060"", ""buy_9th_pre_req"": ""1402"", ""buy_9th_pre_req_pre"": ""0"", ""buy_10th_pre_bid"": ""-9050"", ""buy_10th_pre_req"": ""1784"", ""buy_10th_pre_req_pre"": ""0"", ""tot_sel_req_jub_pre"": ""0"", ""tot_sel_req"": ""474"", ""tot_buy_req"": ""16889"", ""tot_buy_req_jub_pre"": ""+1000"", ""ovt_sel_req_pre"": ""0"", ""ovt_sel_req"": ""0"", ""ovt_buy_req"": ""0"", ""ovt_buy_req_pre"": ""0"", ""return_code"": 0, ""return_msg"": ""정상적으로 처리되었습니다""}"
2026-06-10,scan_candidate,004710,,0,main_scan,10820,,10820,10800,10820,10800,-0.6469500924214419,0.18484288354898337,,,,,,"{""bid_req_base_tm"": ""114931"", ""sel_10th_pre_req_pre"": ""0"", ""sel_10th_pre_req"": ""146"", ""sel_10th_pre_bid"": ""+11050"", ""sel_9th_pre_req_pre"": ""0"", ""sel_9th_pre_req"": ""6"", ""sel_9th_pre_bid"": ""+11040"", ""sel_8th_pre_req_pre"": ""0"", ""sel_8th_pre_req"": ""5"", ""sel_8th_pre_bid"": ""+11030"", ""sel_7th_pre_req_pre"": ""0"", ""sel_7th_pre_req"": ""1198"", ""sel_7th_pre_bid"": ""+11010"", ""sel_6th_pre_req_pre"": ""0"", ""sel_6th_pre_req"": ""381"", ""sel_6th_pre_bid"": ""+11000"", ""sel_5th_pre_req_pre"": ""0"", ""sel_5th_pre_req"": ""1002"", ""sel_5th_pre_bid"": ""+10990"", ""sel_4th_pre_req_pre"": ""0"", ""sel_4th_pre_req"": ""70"", ""sel_4th_pre_bid"": ""+10900"", ""sel_3th_pre_req_pre"": ""0"", ""sel_3th_pre_req"": ""20"", ""sel_3th_pre_bid"": ""+10880"", ""sel_2th_pre_req_pre"": ""0"", ""sel_2th_pre_req"": ""40"", ""sel_2th_pre_bid"": ""+10850"", ""sel_1th_pre_req_pre"": ""0"", ""sel_fpr_req"": ""10"", ""sel_fpr_bid"": ""+10820"", ""buy_fpr_bid"": ""+10800"", ""buy_fpr_req"": ""2"", ""buy_1th_pre_req_pre"": ""0"", ""buy_2th_pre_bid"": ""+10750"", ""buy_2th_pre_req"": ""65"", ""buy_2th_pre_req_pre"": ""0"", ""buy_3th_pre_bid"": ""+10720"", ""buy_3th_pre_req"": ""68"", ""buy_3th_pre_req_pre"": ""0"", ""buy_4th_pre_bid"": ""+10710"", ""buy_4th_pre_req"": ""260"", ""buy_4th_pre_req_pre"": ""0"", ""buy_5th_pre_bid"": ""+10700"", ""buy_5th_pre_req"": ""535"", ""buy_5th_pre_req_pre"": ""0"", ""buy_6th_pre_bid"": ""+10690"", ""buy_6th_pre_req"": ""18"", ""buy_6th_pre_req_pre"": ""0"", ""buy_7th_pre_bid"": ""+10680"", ""buy_7th_pre_req"": ""62"", ""buy_7th_pre_req_pre"": ""0"", ""buy_8th_pre_bid"": ""+10670"", ""buy_8th_pre_req"": ""29"", ""buy_8th_pre_req_pre"": ""0"", ""buy_9th_pre_bid"": ""+10660"", ""buy_9th_pre_req"": ""17"", ""buy_9th_pre_req_pre"": ""0"", ""buy_10th_pre_bid"": ""+10650"", ""buy_10th_pre_req"": ""334"", ""buy_10th_pre_req_pre"": ""0"", ""tot_sel_req_jub_pre"": ""0"", ""tot_sel_req"": ""2878"", ""tot_buy_req"": ""1390"", ""tot_buy_req_jub_pre"": ""+293"", ""ovt_sel_req_pre"": ""0"", ""ovt_sel_req"": ""0"", ""ovt_buy_req"": ""0"", ""ovt_buy_req_pre"": ""0"", ""return_code"": 0, ""return_msg"": ""정상적으로 처리되었습니다""}"
2026-06-10,scan_candidate,006220,,0,main_scan,11660,,11660,11640,11660,11650,-0.5145797598627788,0.17152658662092624,,,,,,"{""bid_req_base_tm"": ""114947"", ""sel_10th_pre_req_pre"": ""0"", ""sel_10th_pre_req"": ""132"", ""sel_10th_pre_bid"": ""+11760"", ""sel_9th_pre_req_pre"": ""0"", ""sel_9th_pre_req"": ""137"", ""sel_9th_pre_bid"": ""+11750"", ""sel_8th_pre_req_pre"": ""0"", ""sel_8th_pre_req"": ""378"", ""sel_8th_pre_bid"": ""+11740"", ""sel_7th_pre_req_pre"": ""0"", ""sel_7th_pre_req"": ""227"", ""sel_7th_pre_bid"": ""+11730"", ""sel_6th_pre_req_pre"": ""0"", ""sel_6th_pre_req"": ""184"", ""sel_6th_pre_bid"": ""+11720"", ""sel_5th_pre_req_pre"": ""0"", ""sel_5th_pre_req"": ""601"", ""sel_5th_pre_bid"": ""+11710"", ""sel_4th_pre_req_pre"": ""0"", ""sel_4th_pre_req"": ""1"", ""sel_4th_pre_bid"": ""+11700"", ""sel_3th_pre_req_pre"": ""0"", ""sel_3th_pre_req"": ""20"", ""sel_3th_pre_bid"": ""+11680"", ""sel_2th_pre_req_pre"": ""0"", ""sel_2th_pre_req"": ""27"", ""sel_2th_pre_bid"": ""+11670"", ""sel_1th_pre_req_pre"": ""+12"", ""sel_fpr_req"": ""125"", ""sel_fpr_bid"": ""+11660"", ""buy_fpr_bid"": ""+11640"", ""buy_fpr_req"": ""1568"", ""buy_1th_pre_req_pre"": ""0"", ""buy_2th_pre_bid"": ""+11630"", ""buy_2th_pre_req"": ""299"", ""buy_2th_pre_req_pre"": ""0"", ""buy_3th_pre_bid"": ""+11620"", ""buy_3th_pre_req"": ""1132"", ""buy_3th_pre_req_pre"": ""0"", ""buy_4th_pre_bid"": ""+11610"", ""buy_4th_pre_req"": ""1573"", ""buy_4th_pre_req_pre"": ""0"", ""buy_5th_pre_bid"": ""+11600"", ""buy_5th_pre_req"": ""2091"", ""buy_5th_pre_req_pre"": ""0"", ""buy_6th_pre_bid"": ""+11590"", ""buy_6th_pre_req"": ""4443"", ""buy_6th_pre_req_pre"": ""0"", ""buy_7th_pre_bid"": ""+11580"", ""buy_7th_pre_req"": ""408"", ""buy_7th_pre_req_pre"": ""0"", ""buy_8th_pre_bid"": ""+11570"", ""buy_8th_pre_req"": ""982"", ""buy_8th_pre_req_pre"": ""0"", ""buy_9th_pre_bid"": ""+11560"", ""buy_9th_pre_req"": ""3224"", ""buy_9th_pre_req_pre"": ""0"", ""buy_10th_pre_bid"": ""+11550"", ""buy_10th_pre_req"": ""4071"", ""buy_10th_pre_req_pre"": ""0"", ""tot_sel_req_jub_pre"": ""+12"", ""tot_sel_req"": ""1832"", ""tot_buy_req"": ""19791"", ""tot_buy_req_jub_pre"": ""0"", ""ovt_sel_req_pre"": ""0"", ""ovt_sel_req"": ""0"", ""ovt_buy_req"": ""0"", ""ovt_buy_req_pre"": ""0"", ""return_code"": 0, ""return_msg"": ""정상적으로 처리되었습니다""}"
2026-06-10,scan_candidate,092200,,0,main_scan,9500,,9500,9490,9500,9510,0.0,0.10526315789473684,,,,,,"{""bid_req_base_tm"": ""114947"", ""sel_10th_pre_req_pre"": ""0"", ""sel_10th_pre_req"": ""1164"", ""sel_10th_pre_bid"": ""-9590"", ""sel_9th_pre_req_pre"": ""0"", ""sel_9th_pre_req"": ""152"", ""sel_9th_pre_bid"": ""-9580"", ""sel_8th_pre_req_pre"": ""0"", ""sel_8th_pre_req"": ""32"", ""sel_8th_pre_bid"": ""-9570"", ""sel_7th_pre_req_pre"": ""0"", ""sel_7th_pre_req"": ""384"", ""sel_7th_pre_bid"": ""-9560"", ""sel_6th_pre_req_pre"": ""0"", ""sel_6th_pre_req"": ""169"", ""sel_6th_pre_bid"": ""-9550"", ""sel_5th_pre_req_pre"": ""0"", ""sel_5th_pre_req"": ""225"", ""sel_5th_pre_bid"": ""-9540"", ""sel_4th_pre_req_pre"": ""0"", ""sel_4th_pre_req"": ""55"", ""sel_4th_pre_bid"": ""-9530"", ""sel_3th_pre_req_pre"": ""--100"", ""sel_3th_pre_req"": ""165"", ""sel_3th_pre_bid"": ""-9520"", ""sel_2th_pre_req_pre"": ""0"", ""sel_2th_pre_req"": ""226"", ""sel_2th_pre_bid"": ""-9510"", ""sel_1th_pre_req_pre"": ""0"", ""sel_fpr_req"": ""403"", ""sel_fpr_bid"": ""-9500"", ""buy_fpr_bid"": ""-9490"", ""buy_fpr_req"": ""348"", ""buy_1th_pre_req_pre"": ""0"", ""buy_2th_pre_bid"": ""-9470"", ""buy_2th_pre_req"": ""28"", ""buy_2th_pre_req_pre"": ""0"", ""buy_3th_pre_bid"": ""-9460"", ""buy_3th_pre_req"": ""677"", ""buy_3th_pre_req_pre"": ""0"", ""buy_4th_pre_bid"": ""-9450"", ""buy_4th_pre_req"": ""1293"", ""buy_4th_pre_req_pre"": ""0"", ""buy_5th_pre_bid"": ""-9440"", ""buy_5th_pre_req"": ""1478"", ""buy_5th_pre_req_pre"": ""0"", ""buy_6th_pre_bid"": ""-9430"", ""buy_6th_pre_req"": ""1268"", ""buy_6th_pre_req_pre"": ""0"", ""buy_7th_pre_bid"": ""-9420"", ""buy_7th_pre_req"": ""1351"", ""buy_7th_pre_req_pre"": ""0"", ""buy_8th_pre_bid"": ""-9410"", ""buy_8th_pre_req"": ""1411"", ""buy_8th_pre_req_pre"": ""0"", ""buy_9th_pre_bid"": ""-9400"", ""buy_9th_pre_req"": ""2878"", ""buy_9th_pre_req_pre"": ""0"", ""buy_10th_pre_bid"": ""-9390"", ""buy_10th_pre_req"": ""2775"", ""buy_10th_pre_req_pre"": ""0"", ""tot_sel_req_jub_pre"": ""--100"", ""tot_sel_req"": ""2975"", ""tot_buy_req"": ""13507"", ""tot_buy_req_jub_pre"": ""0"", ""ovt_sel_req_pre"": ""0"", ""ovt_sel_req"": ""0"", ""ovt_buy_req"": ""0"", ""ovt_buy_req_pre"": ""0"", ""return_code"": 0, ""return_msg"": ""정상적으로 처리되었습니다""}"
2026-06-10,scan_candidate,000430,,0,main_scan,5590,,5590,5580,5590,5610,0.17889087656529518,0.17889087656529518,,,,,,"{""bid_req_base_tm"": ""114947"", ""sel_10th_pre_req_pre"": ""0"", ""sel_10th_pre_req"": ""1551"", ""sel_10th_pre_bid"": ""-5680"", ""sel_9th_pre_req_pre"": ""0"", ""sel_9th_pre_req"": ""1175"", ""sel_9th_pre_bid"": ""-5670"", ""sel_8th_pre_req_pre"": ""0"", ""sel_8th_pre_req"": ""59"", ""sel_8th_pre_bid"": ""-5660"", ""sel_7th_pre_req_pre"": ""0"", ""sel_7th_pre_req"": ""4823"", ""sel_7th_pre_bid"": ""-5650"", ""sel_6th_pre_req_pre"": ""0"", ""sel_6th_pre_req"": ""105"", ""sel_6th_pre_bid"": ""-5640"", ""sel_5th_pre_req_pre"": ""0"", ""sel_5th_pre_req"": ""319"", ""sel_5th_pre_bid"": ""-5630"", ""sel_4th_pre_req_pre"": ""0"", ""sel_4th_pre_req"": ""1963"", ""sel_4th_pre_bid"": ""-5620"", ""sel_3th_pre_req_pre"": ""0"", ""sel_3th_pre_req"": ""378"", ""sel_3th_pre_bid"": ""-5610"", ""sel_2th_pre_req_pre"": ""0"", ""sel_2th_pre_req"": ""2408"", ""sel_2th_pre_bid"": ""-5600"", ""sel_1th_pre_req_pre"": ""--10"", ""sel_fpr_req"": ""1189"", ""sel_fpr_bid"": ""-5590"", ""buy_fpr_bid"": ""-5580"", ""buy_fpr_req"": ""946"", ""buy_1th_pre_req_pre"": ""0"", ""buy_2th_pre_bid"": ""-5570"", ""buy_2th_pre_req"": ""3028"", ""buy_2th_pre_req_pre"": ""0"", ""buy_3th_pre_bid"": ""-5560"", ""buy_3th_pre_req"": ""2317"", ""buy_3th_pre_req_pre"": ""0"", ""buy_4th_pre_bid"": ""-5550"", ""buy_4th_pre_req"": ""4098"", ""buy_4th_pre_req_pre"": ""0"", ""buy_5th_pre_bid"": ""-5540"", ""buy_5th_pre_req"": ""5848"", ""buy_5th_pre_req_pre"": ""0"", ""buy_6th_pre_bid"": ""-5530"", ""buy_6th_pre_req"": ""9631"", ""buy_6th_pre_req_pre"": ""0"", ""buy_7th_pre_bid"": ""-5520"", ""buy_7th_pre_req"": ""8692"", ""buy_7th_pre_req_pre"": ""0"", ""buy_8th_pre_bid"": ""-5510"", ""buy_8th_pre_req"": ""8304"", ""buy_8th_pre_req_pre"": ""0"", ""buy_9th_pre_bid"": ""-5500"", ""buy_9th_pre_req"": ""31435"", ""buy_9th_pre_req_pre"": ""0"", ""buy_10th_pre_bid"": ""-5490"", ""buy_10th_pre_req"": ""14720"", ""buy_10th_pre_req_pre"": ""0"", ""tot_sel_req_jub_pre"": ""--10"", ""tot_sel_req"": ""13970"", ""tot_buy_req"": ""89019"", ""tot_buy_req_jub_pre"": ""0"", ""ovt_sel_req_pre"": ""0"", ""ovt_sel_req"": ""0"", ""ovt_buy_req"": ""0"", ""ovt_buy_req_pre"": ""0"", ""return_code"": 0, ""return_msg"": ""정상적으로 처리되었습니다""}"
2026-06-10,scan_candidate,010690,,0,main_scan,10460,,10460,10420,10460,10450,-0.5736137667304015,0.3824091778202677,,,,,,"{""bid_req_base_tm"": ""114949"", ""sel_10th_pre_req_pre"": ""0"", ""sel_10th_pre_req"": ""60"", ""sel_10th_pre_bid"": ""+10550"", ""sel_9th_pre_req_pre"": ""0"", ""sel_9th_pre_req"": ""10"", ""sel_9th_pre_bid"": ""+10540"", ""sel_8th_pre_req_pre"": ""0"", ""sel_8th_pre_req"": ""28"", ""sel_8th_pre_bid"": ""+10530"", ""sel_7th_pre_req_pre"": ""0"", ""sel_7th_pre_req"": ""17"", ""sel_7th_pre_bid"": ""+10520"", ""sel_6th_pre_req_pre"": ""0"", ""sel_6th_pre_req"": ""515"", ""sel_6th_pre_bid"": ""+10510"", ""sel_5th_pre_req_pre"": ""0"", ""sel_5th_pre_req"": ""124"", ""sel_5th_pre_bid"": ""+10500"", ""sel_4th_pre_req_pre"": ""0"", ""sel_4th_pre_req"": ""179"", ""sel_4th_pre_bid"": ""+10490"", ""sel_3th_pre_req_pre"": ""0"", ""sel_3th_pre_req"": ""169"", ""sel_3th_pre_bid"": ""+10480"", ""sel_2th_pre_req_pre"": ""0"", ""sel_2th_pre_req"": ""62"", ""sel_2th_pre_bid"": ""+10470"", ""sel_1th_pre_req_pre"": ""0"", ""sel_fpr_req"": ""23"", ""sel_fpr_bid"": ""+10460"", ""buy_fpr_bid"": ""+10420"", ""buy_fpr_req"": ""30"", ""buy_1th_pre_req_pre"": ""0"", ""buy_2th_pre_bid"": ""+10410"", ""buy_2th_pre_req"": ""638"", ""buy_2th_pre_req_pre"": ""0"", ""buy_3th_pre_bid"": ""+10400"", ""buy_3th_pre_req"": ""502"", ""buy_3th_pre_req_pre"": ""--1"", ""buy_4th_pre_bid"": ""+10390"", ""buy_4th_pre_req"": ""724"", ""buy_4th_pre_req_pre"": ""0"", ""buy_5th_pre_bid"": ""+10380"", ""buy_5th_pre_req"": ""677"", ""buy_5th_pre_req_pre"": ""0"", ""buy_6th_pre_bid"": ""+10370"", ""buy_6th_pre_req"": ""1287"", ""buy_6th_pre_req_pre"": ""0"", ""buy_7th_pre_bid"": ""+10360"", ""buy_7th_pre_req"": ""825"", ""buy_7th_pre_req_pre"": ""0"", ""buy_8th_pre_bid"": ""+10350"", ""buy_8th_pre_req"": ""211"", ""buy_8th_pre_req_pre"": ""0"", ""buy_9th_pre_bid"": ""+10340"", ""buy_9th_pre_req"": ""43"", ""buy_9th_pre_req_pre"": ""0"", ""buy_10th_pre_bid"": ""+10330"", ""buy_10th_pre_req"": ""637"", ""buy_10th_pre_req_pre"": ""0"", ""tot_sel_req_jub_pre"": ""0"", ""tot_sel_req"": ""1187"", ""tot_buy_req"": ""5574"", ""tot_buy_req_jub_pre"": ""--1"", ""ovt_sel_req_pre"": ""0"", ""ovt_sel_req"": ""0"", ""ovt_buy_req"": ""0"", ""ovt_buy_req_pre"": ""0"", ""return_code"": 0, ""return_msg"": ""정상적으로 처리되었습니다""}"
2026-06-10,scan_candidate,005950,,0,main_scan,12060,,12060,12000,12060,12000,-0.9121061359867331,0.4975124378109453,,,,,,"{""bid_req_base_tm"": ""114948"", ""sel_10th_pre_req_pre"": ""0"", ""sel_10th_pre_req"": ""2"", ""sel_10th_pre_bid"": ""+12160"", ""sel_9th_pre_req_pre"": ""0"", ""sel_9th_pre_req"": ""23"", ""sel_9th_pre_bid"": ""+12150"", ""sel_8th_pre_req_pre"": ""0"", ""sel_8th_pre_req"": ""25"", ""sel_8th_pre_bid"": ""+12140"", ""sel_7th_pre_req_pre"": ""0"", ""sel_7th_pre_req"": ""150"", ""sel_7th_pre_bid"": ""+12130"", ""sel_6th_pre_req_pre"": ""0"", ""sel_6th_pre_req"": ""1057"", ""sel_6th_pre_bid"": ""+12120"", ""sel_5th_pre_req_pre"": ""0"", ""sel_5th_pre_req"": ""6"", ""sel_5th_pre_bid"": ""+12110"", ""sel_4th_pre_req_pre"": ""0"", ""sel_4th_pre_req"": ""261"", ""sel_4th_pre_bid"": ""+12100"", ""sel_3th_pre_req_pre"": ""0"", ""sel_3th_pre_req"": ""221"", ""sel_3th_pre_bid"": ""+12080"", ""sel_2th_pre_req_pre"": ""--2"", ""sel_2th_pre_req"": ""103"", ""sel_2th_pre_bid"": ""+12070"", ""sel_1th_pre_req_pre"": ""--29"", ""sel_fpr_req"": ""4"", ""sel_fpr_bid"": ""+12060"", ""buy_fpr_bid"": ""+12000"", ""buy_fpr_req"": ""66"", ""buy_1th_pre_req_pre"": ""0"", ""buy_2th_pre_bid"": ""+11990"", ""buy_2th_pre_req"": ""486"", ""buy_2th_pre_req_pre"": ""0"", ""buy_3th_pre_bid"": ""+11960"", ""buy_3th_pre_req"": ""26"", ""buy_3th_pre_req_pre"": ""0"", ""buy_4th_pre_bid"": ""+11950"", ""buy_4th_pre_req"": ""274"", ""buy_4th_pre_req_pre"": ""0"", ""buy_5th_pre_bid"": ""+11920"", ""buy_5th_pre_req"": ""20"", ""buy_5th_pre_req_pre"": ""0"", ""buy_6th_pre_bid"": ""+11910"", ""buy_6th_pre_req"": ""801"", ""buy_6th_pre_req_pre"": ""0"", ""buy_7th_pre_bid"": ""+11900"", ""buy_7th_pre_req"": ""1025"", ""buy_7th_pre_req_pre"": ""0"", ""buy_8th_pre_bid"": ""+11880"", ""buy_8th_pre_req"": ""40"", ""buy_8th_pre_req_pre"": ""0"", ""buy_9th_pre_bid"": ""+11860"", ""buy_9th_pre_req"": ""3"", ""buy_9th_pre_req_pre"": ""0"", ""buy_10th_pre_bid"": ""+11850"", ""buy_10th_pre_req"": ""195"", ""buy_10th_pre_req_pre"": ""0"", ""tot_sel_req_jub_pre"": ""--31"", ""tot_sel_req"": ""1852"", ""tot_buy_req"": ""2936"", ""tot_buy_req_jub_pre"": ""0"", ""ovt_sel_req_pre"": ""0"", ""ovt_sel_req"": ""0"", ""ovt_buy_req"": ""0"", ""ovt_buy_req_pre"": ""0"", ""return_code"": 0, ""return_msg"": ""정상적으로 처리되었습니다""}"
2026-06-10,watchlist,014680,,0,filtered_candidate_recheck,261000,,261000,260500,261000,262000,0.19157088122605362,0.19157088122605362,,,,,,"{""bid_req_base_tm"": ""115134"", ""sel_10th_pre_req_pre"": ""0"", ""sel_10th_pre_req"": ""25"", ""sel_10th_pre_bid"": ""+265500"", ""sel_9th_pre_req_pre"": ""0"", ""sel_9th_pre_req"": ""42"", ""sel_9th_pre_bid"": ""+265000"", ""sel_8th_pre_req_pre"": ""0"", ""sel_8th_pre_req"": ""16"", ""sel_8th_pre_bid"": ""+264500"", ""sel_7th_pre_req_pre"": ""0"", ""sel_7th_pre_req"": ""86"", ""sel_7th_pre_bid"": ""+264000"", ""sel_6th_pre_req_pre"": ""0"", ""sel_6th_pre_req"": ""13"", ""sel_6th_pre_bid"": ""+263500"", ""sel_5th_pre_req_pre"": ""0"", ""sel_5th_pre_req"": ""106"", ""sel_5th_pre_bid"": ""+263000"", ""sel_4th_pre_req_pre"": ""0"", ""sel_4th_pre_req"": ""6"", ""sel_4th_pre_bid"": ""+262500"", ""sel_3th_pre_req_pre"": ""0"", ""sel_3th_pre_req"": ""17"", ""sel_3th_pre_bid"": ""+262000"", ""sel_2th_pre_req_pre"": ""0"", ""sel_2th_pre_req"": ""18"", ""sel_2th_pre_bid"": ""+261500"", ""sel_1th_pre_req_pre"": ""--1"", ""sel_fpr_req"": ""60"", ""sel_fpr_bid"": ""+261000"", ""buy_fpr_bid"": ""+260500"", ""buy_fpr_req"": ""35"", ""buy_1th_pre_req_pre"": ""0"", ""buy_2th_pre_bid"": ""+260000"", ""buy_2th_pre_req"": ""28"", ""buy_2th_pre_req_pre"": ""0"", ""buy_3th_pre_bid"": ""+259500"", ""buy_3th_pre_req"": ""4"", ""buy_3th_pre_req_pre"": ""0"", ""buy_4th_pre_bid"": ""+259000"", ""buy_4th_pre_req"": ""217"", ""buy_4th_pre_req_pre"": ""0"", ""buy_5th_pre_bid"": ""+258500"", ""buy_5th_pre_req"": ""237"", ""buy_5th_pre_req_pre"": ""0"", ""buy_6th_pre_bid"": ""+258000"", ""buy_6th_pre_req"": ""245"", ""buy_6th_pre_req_pre"": ""0"", ""buy_7th_pre_bid"": ""+257500"", ""buy_7th_pre_req"": ""203"", ""buy_7th_pre_req_pre"": ""0"", ""buy_8th_pre_bid"": ""+257000"", ""buy_8th_pre_req"": ""203"", ""buy_8th_pre_req_pre"": ""0"", ""buy_9th_pre_bid"": ""+256500"", ""buy_9th_pre_req"": ""207"", ""buy_9th_pre_req_pre"": ""0"", ""buy_10th_pre_bid"": ""+256000"", ""buy_10th_pre_req"": ""204"", ""buy_10th_pre_req_pre"": ""0"", ""tot_sel_req_jub_pre"": ""--1"", ""tot_sel_req"": ""389"", ""tot_buy_req"": ""1583"", ""tot_buy_req_jub_pre"": ""0"", ""ovt_sel_req_pre"": ""0"", ""ovt_sel_req"": ""0"", ""ovt_buy_req"": ""0"", ""ovt_buy_req_pre"": ""0"", ""return_code"": 0, ""return_msg"": ""정상적으로 처리되었습니다""}"
2026-06-10,watchlist,035420,,1,filtered_candidate_recheck,233000,,233000,232500,233000,234000,0.2145922746781116,0.2145922746781116,,,,,,"{""bid_req_base_tm"": ""115138"", ""sel_10th_pre_req_pre"": ""+5"", ""sel_10th_pre_req"": ""1197"", ""sel_10th_pre_bid"": ""-237500"", ""sel_9th_pre_req_pre"": ""0"", ""sel_9th_pre_req"": ""2438"", ""sel_9th_pre_bid"": ""-237000"", ""sel_8th_pre_req_pre"": ""0"", ""sel_8th_pre_req"": ""4676"", ""sel_8th_pre_bid"": ""-236500"", ""sel_7th_pre_req_pre"": ""0"", ""sel_7th_pre_req"": ""3714"", ""sel_7th_pre_bid"": ""-236000"", ""sel_6th_pre_req_pre"": ""0"", ""sel_6th_pre_req"": ""2902"", ""sel_6th_pre_bid"": ""-235500"", ""sel_5th_pre_req_pre"": ""0"", ""sel_5th_pre_req"": ""2231"", ""sel_5th_pre_bid"": ""-235000"", ""sel_4th_pre_req_pre"": ""0"", ""sel_4th_pre_req"": ""2116"", ""sel_4th_pre_bid"": ""-234500"", ""sel_3th_pre_req_pre"": ""0"", ""sel_3th_pre_req"": ""2042"", ""sel_3th_pre_bid"": ""-234000"", ""sel_2th_pre_req_pre"": ""0"", ""sel_2th_pre_req"": ""633"", ""sel_2th_pre_bid"": ""-233500"", ""sel_1th_pre_req_pre"": ""0"", ""sel_fpr_req"": ""3240"", ""sel_fpr_bid"": ""-233000"", ""buy_fpr_bid"": ""-232500"", ""buy_fpr_req"": ""1814"", ""buy_1th_pre_req_pre"": ""+1"", ""buy_2th_pre_bid"": ""-232000"", ""buy_2th_pre_req"": ""4782"", ""buy_2th_pre_req_pre"": ""0"", ""buy_3th_pre_bid"": ""-231500"", ""buy_3th_pre_req"": ""5740"", ""buy_3th_pre_req_pre"": ""0"", ""buy_4th_pre_bid"": ""-231000"", ""buy_4th_pre_req"": ""10740"", ""buy_4th_pre_req_pre"": ""0"", ""buy_5th_pre_bid"": ""-230500"", ""buy_5th_pre_req"": ""23289"", ""buy_5th_pre_req_pre"": ""0"", ""buy_6th_pre_bid"": ""-230000"", ""buy_6th_pre_req"": ""67437"", ""buy_6th_pre_req_pre"": ""0"", ""buy_7th_pre_bid"": ""-229500"", ""buy_7th_pre_req"": ""6451"", ""buy_7th_pre_req_pre"": ""0"", ""buy_8th_pre_bid"": ""-229000"", ""buy_8th_pre_req"": ""9265"", ""buy_8th_pre_req_pre"": ""0"", ""buy_9th_pre_bid"": ""-228500"", ""buy_9th_pre_req"": ""9080"", ""buy_9th_pre_req_pre"": ""0"", ""buy_10th_pre_bid"": ""-228000"", ""buy_10th_pre_req"": ""9660"", ""buy_10th_pre_req_pre"": ""0"", ""tot_sel_req_jub_pre"": ""+5"", ""tot_sel_req"": ""25189"", ""tot_buy_req"": ""148258"", ""tot_buy_req_jub_pre"": ""+1"", ""ovt_sel_req_pre"": ""0"", ""ovt_sel_req"": ""0"", ""ovt_buy_req"": ""0"", ""ovt_buy_req_pre"": ""0"", ""return_code"": 0, ""return_msg"": ""정상적으로 처리되었습니다""}"
2026-06-10,watchlist,036570,,0,filtered_candidate_recheck,256000,,256000,255500,256000,257000,0.1953125,0.1953125,,,,,,"{""bid_req_base_tm"": ""115138"", ""sel_10th_pre_req_pre"": ""0"", ""sel_10th_pre_req"": ""21"", ""sel_10th_pre_bid"": ""-260500"", ""sel_9th_pre_req_pre"": ""0"", ""sel_9th_pre_req"": ""83"", ""sel_9th_pre_bid"": ""-260000"", ""sel_8th_pre_req_pre"": ""0"", ""sel_8th_pre_req"": ""76"", ""sel_8th_pre_bid"": ""-259500"", ""sel_7th_pre_req_pre"": ""0"", ""sel_7th_pre_req"": ""36"", ""sel_7th_pre_bid"": ""-259000"", ""sel_6th_pre_req_pre"": ""0"", ""sel_6th_pre_req"": ""61"", ""sel_6th_pre_bid"": ""-258500"", ""sel_5th_pre_req_pre"": ""0"", ""sel_5th_pre_req"": ""4"", ""sel_5th_pre_bid"": ""-258000"", ""sel_4th_pre_req_pre"": ""0"", ""sel_4th_pre_req"": ""40"", ""sel_4th_pre_bid"": ""-257500"", ""sel_3th_pre_req_pre"": ""0"", ""sel_3th_pre_req"": ""65"", ""sel_3th_pre_bid"": ""-257000"", ""sel_2th_pre_req_pre"": ""--1"", ""sel_2th_pre_req"": ""43"", ""sel_2th_pre_bid"": ""-256500"", ""sel_1th_pre_req_pre"": ""+1"", ""sel_fpr_req"": ""162"", ""sel_fpr_bid"": ""-256000"", ""buy_fpr_bid"": ""-255500"", ""buy_fpr_req"": ""45"", ""buy_1th_pre_req_pre"": ""0"", ""buy_2th_pre_bid"": ""-255000"", ""buy_2th_pre_req"": ""89"", ""buy_2th_pre_req_pre"": ""0"", ""buy_3th_pre_bid"": ""-254500"", ""buy_3th_pre_req"": ""229"", ""buy_3th_pre_req_pre"": ""0"", ""buy_4th_pre_bid"": ""-254000"", ""buy_4th_pre_req"": ""361"", ""buy_4th_pre_req_pre"": ""0"", ""buy_5th_pre_bid"": ""-253500"", ""buy_5th_pre_req"": ""588"", ""buy_5th_pre_req_pre"": ""0"", ""buy_6th_pre_bid"": ""-253000"", ""buy_6th_pre_req"": ""739"", ""buy_6th_pre_req_pre"": ""0"", ""buy_7th_pre_bid"": ""-252500"", ""buy_7th_pre_req"": ""252"", ""buy_7th_pre_req_pre"": ""0"", ""buy_8th_pre_bid"": ""-252000"", ""buy_8th_pre_req"": ""228"", ""buy_8th_pre_req_pre"": ""0"", ""buy_9th_pre_bid"": ""-251500"", ""buy_9th_pre_req"": ""220"", ""buy_9th_pre_req_pre"": ""0"", ""buy_10th_pre_bid"": ""-251000"", ""buy_10th_pre_req"": ""139"", ""buy_10th_pre_req_pre"": ""0"", ""tot_sel_req_jub_pre"": ""0"", ""tot_sel_req"": ""591"", ""tot_buy_req"": ""2890"", ""tot_buy_req_jub_pre"": ""0"", ""ovt_sel_req_pre"": ""0"", ""ovt_sel_req"": ""0"", ""ovt_buy_req"": ""0"", ""ovt_buy_req_pre"": ""0"", ""return_code"": 0, ""return_msg"": ""정상적으로 처리되었습니다""}"
2026-06-10,watchlist,005090,,0,filtered_candidate_recheck,51700,,51700,51600,51700,52000,0.3868471953578337,0.19342359767891684,,,,,,"{""bid_req_base_tm"": ""115137"", ""sel_10th_pre_req_pre"": ""0"", ""sel_10th_pre_req"": ""106"", ""sel_10th_pre_bid"": ""+52700"", ""sel_9th_pre_req_pre"": ""0"", ""sel_9th_pre_req"": ""16"", ""sel_9th_pre_bid"": ""+52600"", ""sel_8th_pre_req_pre"": ""0"", ""sel_8th_pre_req"": ""1"", ""sel_8th_pre_bid"": ""+52500"", ""sel_7th_pre_req_pre"": ""0"", ""sel_7th_pre_req"": ""52"", ""sel_7th_pre_bid"": ""+52400"", ""sel_6th_pre_req_pre"": ""0"", ""sel_6th_pre_req"": ""10"", ""sel_6th_pre_bid"": ""+52300"", ""sel_5th_pre_req_pre"": ""0"", ""sel_5th_pre_req"": ""1"", ""sel_5th_pre_bid"": ""+52200"", ""sel_4th_pre_req_pre"": ""0"", ""sel_4th_pre_req"": ""57"", ""sel_4th_pre_bid"": ""+52000"", ""sel_3th_pre_req_pre"": ""0"", ""sel_3th_pre_req"": ""5"", ""sel_3th_pre_bid"": ""+51900"", ""sel_2th_pre_req_pre"": ""0"", ""sel_2th_pre_req"": ""76"", ""sel_2th_pre_bid"": ""+51800"", ""sel_1th_pre_req_pre"": ""0"", ""sel_fpr_req"": ""5"", ""sel_fpr_bid"": ""+51700"", ""buy_fpr_bid"": ""+51600"", ""buy_fpr_req"": ""89"", ""buy_1th_pre_req_pre"": ""+3"", ""buy_2th_pre_bid"": ""+51500"", ""buy_2th_pre_req"": ""2"", ""buy_2th_pre_req_pre"": ""0"", ""buy_3th_pre_bid"": ""+51400"", ""buy_3th_pre_req"": ""101"", ""buy_3th_pre_req_pre"": ""0"", ""buy_4th_pre_bid"": ""+51300"", ""buy_4th_pre_req"": ""290"", ""buy_4th_pre_req_pre"": ""0"", ""buy_5th_pre_bid"": ""+51200"", ""buy_5th_pre_req"": ""4"", ""buy_5th_pre_req_pre"": ""0"", ""buy_6th_pre_bid"": ""+51100"", ""buy_6th_pre_req"": ""5"", ""buy_6th_pre_req_pre"": ""0"", ""buy_7th_pre_bid"": ""+51000"", ""buy_7th_pre_req"": ""6"", ""buy_7th_pre_req_pre"": ""0"", ""buy_8th_pre_bid"": ""+50900"", ""buy_8th_pre_req"": ""220"", ""buy_8th_pre_req_pre"": ""0"", ""buy_9th_pre_bid"": ""+50800"", ""buy_9th_pre_req"": ""201"", ""buy_9th_pre_req_pre"": ""0"", ""buy_10th_pre_bid"": ""+50700"", ""buy_10th_pre_req"": ""271"", ""buy_10th_pre_req_pre"": ""0"", ""tot_sel_req_jub_pre"": ""0"", ""tot_sel_req"": ""329"", ""tot_buy_req"": ""1189"", ""tot_buy_req_jub_pre"": ""+3"", ""ovt_sel_req_pre"": ""0"", ""ovt_sel_req"": ""0"", ""ovt_buy_req"": ""0"", ""ovt_buy_req_pre"": ""0"", ""return_code"": 0, ""return_msg"": ""정상적으로 처리되었습니다""}"
2026-06-10,watchlist,066570,,0,filtered_candidate_recheck,229000,,229000,228500,229000,230000,0.21834061135371177,0.21834061135371177,,,,,,"{""bid_req_base_tm"": ""115138"", ""sel_10th_pre_req_pre"": ""0"", ""sel_10th_pre_req"": ""4970"", ""sel_10th_pre_bid"": ""-233500"", ""sel_9th_pre_req_pre"": ""0"", ""sel_9th_pre_req"": ""3370"", ""sel_9th_pre_bid"": ""-233000"", ""sel_8th_pre_req_pre"": ""0"", ""sel_8th_pre_req"": ""1379"", ""sel_8th_pre_bid"": ""-232500"", ""sel_7th_pre_req_pre"": ""0"", ""sel_7th_pre_req"": ""1340"", ""sel_7th_pre_bid"": ""-232000"", ""sel_6th_pre_req_pre"": ""0"", ""sel_6th_pre_req"": ""1849"", ""sel_6th_pre_bid"": ""-231500"", ""sel_5th_pre_req_pre"": ""0"", ""sel_5th_pre_req"": ""3211"", ""sel_5th_pre_bid"": ""-231000"", ""sel_4th_pre_req_pre"": ""0"", ""sel_4th_pre_req"": ""2152"", ""sel_4th_pre_bid"": ""-230500"", ""sel_3th_pre_req_pre"": ""0"", ""sel_3th_pre_req"": ""3953"", ""sel_3th_pre_bid"": ""-230000"", ""sel_2th_pre_req_pre"": ""0"", ""sel_2th_pre_req"": ""2317"", ""sel_2th_pre_bid"": ""-229500"", ""sel_1th_pre_req_pre"": ""--5"", ""sel_fpr_req"": ""3323"", ""sel_fpr_bid"": ""-229000"", ""buy_fpr_bid"": ""-228500"", ""buy_fpr_req"": ""3754"", ""buy_1th_pre_req_pre"": ""+73"", ""buy_2th_pre_bid"": ""-228000"", ""buy_2th_pre_req"": ""10656"", ""buy_2th_pre_req_pre"": ""0"", ""buy_3th_pre_bid"": ""-227500"", ""buy_3th_pre_req"": ""8993"", ""buy_3th_pre_req_pre"": ""0"", ""buy_4th_pre_bid"": ""-227000"", ""buy_4th_pre_req"": ""54528"", ""buy_4th_pre_req_pre"": ""0"", ""buy_5th_pre_bid"": ""-226500"", ""buy_5th_pre_req"": ""3708"", ""buy_5th_pre_req_pre"": ""0"", ""buy_6th_pre_bid"": ""-226000"", ""buy_6th_pre_req"": ""5203"", ""buy_6th_pre_req_pre"": ""0"", ""buy_7th_pre_bid"": ""-225500"", ""buy_7th_pre_req"": ""4550"", ""buy_7th_pre_req_pre"": ""0"", ""buy_8th_pre_bid"": ""-225000"", ""buy_8th_pre_req"": ""19603"", ""buy_8th_pre_req_pre"": ""0"", ""buy_9th_pre_bid"": ""-224500"", ""buy_9th_pre_req"": ""2781"", ""buy_9th_pre_req_pre"": ""0"", ""buy_10th_pre_bid"": ""-224000"", ""buy_10th_pre_req"": ""4009"", ""buy_10th_pre_req_pre"": ""0"", ""tot_sel_req_jub_pre"": ""--5"", ""tot_sel_req"": ""27864"", ""tot_buy_req"": ""117785"", ""tot_buy_req_jub_pre"": ""+73"", ""ovt_sel_req_pre"": ""0"", ""ovt_sel_req"": ""0"", ""ovt_buy_req"": ""0"", ""ovt_buy_req_pre"": ""0"", ""return_code"": 0, ""return_msg"": ""정상적으로 처리되었습니다""}"
2026-06-10,watchlist,028670,,0,filtered_candidate_recheck,5080,,5080,5070,5080,5060,-0.5905511811023622,0.19685039370078738,,,,,,"{""bid_req_base_tm"": ""115138"", ""sel_10th_pre_req_pre"": ""0"", ""sel_10th_pre_req"": ""22418"", ""sel_10th_pre_bid"": ""-5170"", ""sel_9th_pre_req_pre"": ""0"", ""sel_9th_pre_req"": ""2657"", ""sel_9th_pre_bid"": ""-5160"", ""sel_8th_pre_req_pre"": ""0"", ""sel_8th_pre_req"": ""3340"", ""sel_8th_pre_bid"": ""-5150"", ""sel_7th_pre_req_pre"": ""0"", ""sel_7th_pre_req"": ""1511"", ""sel_7th_pre_bid"": ""-5140"", ""sel_6th_pre_req_pre"": ""0"", ""sel_6th_pre_req"": ""3289"", ""sel_6th_pre_bid"": ""-5130"", ""sel_5th_pre_req_pre"": ""0"", ""sel_5th_pre_req"": ""3099"", ""sel_5th_pre_bid"": ""-5120"", ""sel_4th_pre_req_pre"": ""0"", ""sel_4th_pre_req"": ""2693"", ""sel_4th_pre_bid"": ""-5110"", ""sel_3th_pre_req_pre"": ""0"", ""sel_3th_pre_req"": ""12261"", ""sel_3th_pre_bid"": ""-5100"", ""sel_2th_pre_req_pre"": ""0"", ""sel_2th_pre_req"": ""4480"", ""sel_2th_pre_bid"": ""-5090"", ""sel_1th_pre_req_pre"": ""0"", ""sel_fpr_req"": ""1336"", ""sel_fpr_bid"": ""-5080"", ""buy_fpr_bid"": ""-5070"", ""buy_fpr_req"": ""2320"", ""buy_1th_pre_req_pre"": ""--308"", ""buy_2th_pre_bid"": ""-5060"", ""buy_2th_pre_req"": ""2318"", ""buy_2th_pre_req_pre"": ""0"", ""buy_3th_pre_bid"": ""-5050"", ""buy_3th_pre_req"": ""451"", ""buy_3th_pre_req_pre"": ""0"", ""buy_4th_pre_bid"": ""-5040"", ""buy_4th_pre_req"": ""167"", ""buy_4th_pre_req_pre"": ""0"", ""buy_5th_pre_bid"": ""-5030"", ""buy_5th_pre_req"": ""477"", ""buy_5th_pre_req_pre"": ""0"", ""buy_6th_pre_bid"": ""-5020"", ""buy_6th_pre_req"": ""1730"", ""buy_6th_pre_req_pre"": ""0"", ""buy_7th_pre_bid"": ""-5010"", ""buy_7th_pre_req"": ""2961"", ""buy_7th_pre_req_pre"": ""0"", ""buy_8th_pre_bid"": ""-5000"", ""buy_8th_pre_req"": ""16365"", ""buy_8th_pre_req_pre"": ""0"", ""buy_9th_pre_bid"": ""-4995"", ""buy_9th_pre_req"": ""1181"", ""buy_9th_pre_req_pre"": ""0"", ""buy_10th_pre_bid"": ""-4990"", ""buy_10th_pre_req"": ""282"", ""buy_10th_pre_req_pre"": ""0"", ""tot_sel_req_jub_pre"": ""0"", ""tot_sel_req"": ""57084"", ""tot_buy_req"": ""28252"", ""tot_buy_req_jub_pre"": ""--308"", ""ovt_sel_req_pre"": ""0"", ""ovt_sel_req"": ""0"", ""ovt_buy_req"": ""0"", ""ovt_buy_req_pre"": ""0"", ""return_code"": 0, ""return_msg"": ""정상적으로 처리되었습니다""}"
2026-06-10,watchlist,004990,,1,filtered_candidate_recheck,25600,,25600,25550,25600,25750,0.390625,0.1953125,,,,,,"{""bid_req_base_tm"": ""115134"", ""sel_10th_pre_req_pre"": ""0"", ""sel_10th_pre_req"": ""56"", ""sel_10th_pre_bid"": ""-26050"", ""sel_9th_pre_req_pre"": ""0"", ""sel_9th_pre_req"": ""168"", ""sel_9th_pre_bid"": ""-26000"", ""sel_8th_pre_req_pre"": ""0"", ""sel_8th_pre_req"": ""231"", ""sel_8th_pre_bid"": ""-25950"", ""sel_7th_pre_req_pre"": ""0"", ""sel_7th_pre_req"": ""26"", ""sel_7th_pre_bid"": ""-25900"", ""sel_6th_pre_req_pre"": ""0"", ""sel_6th_pre_req"": ""222"", ""sel_6th_pre_bid"": ""-25850"", ""sel_5th_pre_req_pre"": ""0"", ""sel_5th_pre_req"": ""84"", ""sel_5th_pre_bid"": ""-25800"", ""sel_4th_pre_req_pre"": ""0"", ""sel_4th_pre_req"": ""3"", ""sel_4th_pre_bid"": ""-25750"", ""sel_3th_pre_req_pre"": ""0"", ""sel_3th_pre_req"": ""105"", ""sel_3th_pre_bid"": ""-25700"", ""sel_2th_pre_req_pre"": ""0"", ""sel_2th_pre_req"": ""145"", ""sel_2th_pre_bid"": ""-25650"", ""sel_1th_pre_req_pre"": ""0"", ""sel_fpr_req"": ""494"", ""sel_fpr_bid"": ""-25600"", ""buy_fpr_bid"": ""-25550"", ""buy_fpr_req"": ""965"", ""buy_1th_pre_req_pre"": ""0"", ""buy_2th_pre_bid"": ""-25500"", ""buy_2th_pre_req"": ""1365"", ""buy_2th_pre_req_pre"": ""0"", ""buy_3th_pre_bid"": ""-25450"", ""buy_3th_pre_req"": ""629"", ""buy_3th_pre_req_pre"": ""0"", ""buy_4th_pre_bid"": ""-25400"", ""buy_4th_pre_req"": ""666"", ""buy_4th_pre_req_pre"": ""0"", ""buy_5th_pre_bid"": ""-25350"", ""buy_5th_pre_req"": ""441"", ""buy_5th_pre_req_pre"": ""0"", ""buy_6th_pre_bid"": ""-25300"", ""buy_6th_pre_req"": ""489"", ""buy_6th_pre_req_pre"": ""0"", ""buy_7th_pre_bid"": ""-25250"", ""buy_7th_pre_req"": ""866"", ""buy_7th_pre_req_pre"": ""0"", ""buy_8th_pre_bid"": ""-25200"", ""buy_8th_pre_req"": ""876"", ""buy_8th_pre_req_pre"": ""0"", ""buy_9th_pre_bid"": ""-25150"", ""buy_9th_pre_req"": ""1523"", ""buy_9th_pre_req_pre"": ""0"", ""buy_10th_pre_bid"": ""-25100"", ""buy_10th_pre_req"": ""1583"", ""buy_10th_pre_req_pre"": ""0"", ""tot_sel_req_jub_pre"": ""0"", ""tot_sel_req"": ""1534"", ""tot_buy_req"": ""9403"", ""tot_buy_req_jub_pre"": ""0"", ""ovt_sel_req_pre"": ""0"", ""ovt_sel_req"": ""0"", ""ovt_buy_req"": ""0"", ""ovt_buy_req_pre"": ""0"", ""return_code"": 0, ""return_msg"": ""정상적으로 처리되었습니다""}"
2026-06-10,watchlist,081660,,0,filtered_candidate_recheck,40350,,40350,40250,40350,40400,0.0,0.24783147459727387,,,,,,"{""bid_req_base_tm"": ""115138"", ""sel_10th_pre_req_pre"": ""0"", ""sel_10th_pre_req"": ""286"", ""sel_10th_pre_bid"": ""+40800"", ""sel_9th_pre_req_pre"": ""0"", ""sel_9th_pre_req"": ""16"", ""sel_9th_pre_bid"": ""+40750"", ""sel_8th_pre_req_pre"": ""0"", ""sel_8th_pre_req"": ""16"", ""sel_8th_pre_bid"": ""+40700"", ""sel_7th_pre_req_pre"": ""0"", ""sel_7th_pre_req"": ""39"", ""sel_7th_pre_bid"": ""+40650"", ""sel_6th_pre_req_pre"": ""0"", ""sel_6th_pre_req"": ""70"", ""sel_6th_pre_bid"": ""+40600"", ""sel_5th_pre_req_pre"": ""0"", ""sel_5th_pre_req"": ""38"", ""sel_5th_pre_bid"": ""+40550"", ""sel_4th_pre_req_pre"": ""0"", ""sel_4th_pre_req"": ""45"", ""sel_4th_pre_bid"": ""+40500"", ""sel_3th_pre_req_pre"": ""0"", ""sel_3th_pre_req"": ""43"", ""sel_3th_pre_bid"": ""+40450"", ""sel_2th_pre_req_pre"": ""0"", ""sel_2th_pre_req"": ""77"", ""sel_2th_pre_bid"": ""+40400"", ""sel_1th_pre_req_pre"": ""--9"", ""sel_fpr_req"": ""64"", ""sel_fpr_bid"": ""+40350"", ""buy_fpr_bid"": ""+40250"", ""buy_fpr_req"": ""155"", ""buy_1th_pre_req_pre"": ""0"", ""buy_2th_pre_bid"": ""+40200"", ""buy_2th_pre_req"": ""35"", ""buy_2th_pre_req_pre"": ""0"", ""buy_3th_pre_bid"": ""+40150"", ""buy_3th_pre_req"": ""102"", ""buy_3th_pre_req_pre"": ""0"", ""buy_4th_pre_bid"": ""+40100"", ""buy_4th_pre_req"": ""264"", ""buy_4th_pre_req_pre"": ""0"", ""buy_5th_pre_bid"": ""+40050"", ""buy_5th_pre_req"": ""515"", ""buy_5th_pre_req_pre"": ""0"", ""buy_6th_pre_bid"": ""+40000"", ""buy_6th_pre_req"": ""509"", ""buy_6th_pre_req_pre"": ""0"", ""buy_7th_pre_bid"": ""+39950"", ""buy_7th_pre_req"": ""500"", ""buy_7th_pre_req_pre"": ""0"", ""buy_8th_pre_bid"": ""+39900"", ""buy_8th_pre_req"": ""207"", ""buy_8th_pre_req_pre"": ""0"", ""buy_9th_pre_bid"": ""+39850"", ""buy_9th_pre_req"": ""501"", ""buy_9th_pre_req_pre"": ""0"", ""buy_10th_pre_bid"": ""+39800"", ""buy_10th_pre_req"": ""6"", ""buy_10th_pre_req_pre"": ""0"", ""tot_sel_req_jub_pre"": ""--9"", ""tot_sel_req"": ""694"", ""tot_buy_req"": ""2794"", ""tot_buy_req_jub_pre"": ""0"", ""ovt_sel_req_pre"": ""0"", ""ovt_sel_req"": ""0"", ""ovt_buy_req"": ""0"", ""ovt_buy_req_pre"": ""0"", ""return_code"": 0, ""return_msg"": ""정상적으로 처리되었습니다""}"
2026-06-10,watchlist,008770,,0,filtered_candidate_recheck,55800,,55800,55700,55800,55500,-0.7168458781362007,0.17921146953405018,,,,,,"{""bid_req_base_tm"": ""115138"", ""sel_10th_pre_req_pre"": ""0"", ""sel_10th_pre_req"": ""277"", ""sel_10th_pre_bid"": ""+56700"", ""sel_9th_pre_req_pre"": ""0"", ""sel_9th_pre_req"": ""152"", ""sel_9th_pre_bid"": ""+56600"", ""sel_8th_pre_req_pre"": ""0"", ""sel_8th_pre_req"": ""1143"", ""sel_8th_pre_bid"": ""+56500"", ""sel_7th_pre_req_pre"": ""0"", ""sel_7th_pre_req"": ""311"", ""sel_7th_pre_bid"": ""+56400"", ""sel_6th_pre_req_pre"": ""0"", ""sel_6th_pre_req"": ""3544"", ""sel_6th_pre_bid"": ""+56300"", ""sel_5th_pre_req_pre"": ""0"", ""sel_5th_pre_req"": ""554"", ""sel_5th_pre_bid"": ""+56200"", ""sel_4th_pre_req_pre"": ""0"", ""sel_4th_pre_req"": ""109"", ""sel_4th_pre_bid"": ""+56100"", ""sel_3th_pre_req_pre"": ""0"", ""sel_3th_pre_req"": ""159"", ""sel_3th_pre_bid"": ""+56000"", ""sel_2th_pre_req_pre"": ""0"", ""sel_2th_pre_req"": ""165"", ""sel_2th_pre_bid"": ""+55900"", ""sel_1th_pre_req_pre"": ""+1"", ""sel_fpr_req"": ""159"", ""sel_fpr_bid"": ""+55800"", ""buy_fpr_bid"": ""+55700"", ""buy_fpr_req"": ""94"", ""buy_1th_pre_req_pre"": ""0"", ""buy_2th_pre_bid"": ""+55600"", ""buy_2th_pre_req"": ""205"", ""buy_2th_pre_req_pre"": ""0"", ""buy_3th_pre_bid"": ""+55500"", ""buy_3th_pre_req"": ""250"", ""buy_3th_pre_req_pre"": ""0"", ""buy_4th_pre_bid"": ""+55400"", ""buy_4th_pre_req"": ""106"", ""buy_4th_pre_req_pre"": ""0"", ""buy_5th_pre_bid"": ""+55300"", ""buy_5th_pre_req"": ""142"", ""buy_5th_pre_req_pre"": ""0"", ""buy_6th_pre_bid"": ""55200"", ""buy_6th_pre_req"": ""51"", ""buy_6th_pre_req_pre"": ""0"", ""buy_7th_pre_bid"": ""-55100"", ""buy_7th_pre_req"": ""268"", ""buy_7th_pre_req_pre"": ""0"", ""buy_8th_pre_bid"": ""-55000"", ""buy_8th_pre_req"": ""490"", ""buy_8th_pre_req_pre"": ""0"", ""buy_9th_pre_bid"": ""-54900"", ""buy_9th_pre_req"": ""431"", ""buy_9th_pre_req_pre"": ""0"", ""buy_10th_pre_bid"": ""-54800"", ""buy_10th_pre_req"": ""181"", ""buy_10th_pre_req_pre"": ""0"", ""tot_sel_req_jub_pre"": ""+1"", ""tot_sel_req"": ""6573"", ""tot_buy_req"": ""2218"", ""tot_buy_req_jub_pre"": ""0"", ""ovt_sel_req_pre"": ""0"", ""ovt_sel_req"": ""0"", ""ovt_buy_req"": ""0"", ""ovt_buy_req_pre"": ""0"", ""return_code"": 0, ""return_msg"": ""정상적으로 처리되었습니다""}"
2026-06-10,watchlist,012330,,0,filtered_candidate_recheck,574000,,574000,573000,574000,576000,0.17421602787456447,0.17421602787456447,,,,,,"{""bid_req_base_tm"": ""115139"", ""sel_10th_pre_req_pre"": ""0"", ""sel_10th_pre_req"": ""106"", ""sel_10th_pre_bid"": ""-583000"", ""sel_9th_pre_req_pre"": ""0"", ""sel_9th_pre_req"": ""171"", ""sel_9th_pre_bid"": ""-582000"", ""sel_8th_pre_req_pre"": ""0"", ""sel_8th_pre_req"": ""141"", ""sel_8th_pre_bid"": ""-581000"", ""sel_7th_pre_req_pre"": ""0"", ""sel_7th_pre_req"": ""759"", ""sel_7th_pre_bid"": ""-580000"", ""sel_6th_pre_req_pre"": ""0"", ""sel_6th_pre_req"": ""460"", ""sel_6th_pre_bid"": ""-579000"", ""sel_5th_pre_req_pre"": ""0"", ""sel_5th_pre_req"": ""166"", ""sel_5th_pre_bid"": ""-578000"", ""sel_4th_pre_req_pre"": ""0"", ""sel_4th_pre_req"": ""256"", ""sel_4th_pre_bid"": ""-577000"", ""sel_3th_pre_req_pre"": ""0"", ""sel_3th_pre_req"": ""155"", ""sel_3th_pre_bid"": ""-576000"", ""sel_2th_pre_req_pre"": ""0"", ""sel_2th_pre_req"": ""601"", ""sel_2th_pre_bid"": ""-575000"", ""sel_1th_pre_req_pre"": ""0"", ""sel_fpr_req"": ""25"", ""sel_fpr_bid"": ""-574000"", ""buy_fpr_bid"": ""-573000"", ""buy_fpr_req"": ""96"", ""buy_1th_pre_req_pre"": ""0"", ""buy_2th_pre_bid"": ""-572000"", ""buy_2th_pre_req"": ""509"", ""buy_2th_pre_req_pre"": ""0"", ""buy_3th_pre_bid"": ""-571000"", ""buy_3th_pre_req"": ""611"", ""buy_3th_pre_req_pre"": ""0"", ""buy_4th_pre_bid"": ""-570000"", ""buy_4th_pre_req"": ""1620"", ""buy_4th_pre_req_pre"": ""0"", ""buy_5th_pre_bid"": ""-569000"", ""buy_5th_pre_req"": ""2399"", ""buy_5th_pre_req_pre"": ""0"", ""buy_6th_pre_bid"": ""-568000"", ""buy_6th_pre_req"": ""1476"", ""buy_6th_pre_req_pre"": ""0"", ""buy_7th_pre_bid"": ""-567000"", ""buy_7th_pre_req"": ""980"", ""buy_7th_pre_req_pre"": ""0"", ""buy_8th_pre_bid"": ""-566000"", ""buy_8th_pre_req"": ""1556"", ""buy_8th_pre_req_pre"": ""0"", ""buy_9th_pre_bid"": ""-565000"", ""buy_9th_pre_req"": ""2240"", ""buy_9th_pre_req_pre"": ""0"", ""buy_10th_pre_bid"": ""-564000"", ""buy_10th_pre_req"": ""871"", ""buy_10th_pre_req_pre"": ""0"", ""tot_sel_req_jub_pre"": ""0"", ""tot_sel_req"": ""2840"", ""tot_buy_req"": ""12358"", ""tot_buy_req_jub_pre"": ""0"", ""ovt_sel_req_pre"": ""0"", ""ovt_sel_req"": ""0"", ""ovt_buy_req"": ""0"", ""ovt_buy_req_pre"": ""0"", ""return_code"": 0, ""return_msg"": ""정상적으로 처리되었습니다""}"
2026-06-10,watchlist,009155,,0,filtered_candidate_recheck,602000,,602000,599000,602000,602000,-0.16611295681063123,0.4983388704318937,,,,,,"{""bid_req_base_tm"": ""115139"", ""sel_10th_pre_req_pre"": ""0"", ""sel_10th_pre_req"": ""54"", ""sel_10th_pre_bid"": ""-613000"", ""sel_9th_pre_req_pre"": ""0"", ""sel_9th_pre_req"": ""16"", ""sel_9th_pre_bid"": ""-612000"", ""sel_8th_pre_req_pre"": ""0"", ""sel_8th_pre_req"": ""51"", ""sel_8th_pre_bid"": ""-611000"", ""sel_7th_pre_req_pre"": ""0"", ""sel_7th_pre_req"": ""64"", ""sel_7th_pre_bid"": ""-610000"", ""sel_6th_pre_req_pre"": ""0"", ""sel_6th_pre_req"": ""27"", ""sel_6th_pre_bid"": ""-609000"", ""sel_5th_pre_req_pre"": ""0"", ""sel_5th_pre_req"": ""27"", ""sel_5th_pre_bid"": ""-607000"", ""sel_4th_pre_req_pre"": ""0"", ""sel_4th_pre_req"": ""45"", ""sel_4th_pre_bid"": ""-605000"", ""sel_3th_pre_req_pre"": ""0"", ""sel_3th_pre_req"": ""25"", ""sel_3th_pre_bid"": ""-604000"", ""sel_2th_pre_req_pre"": ""0"", ""sel_2th_pre_req"": ""12"", ""sel_2th_pre_bid"": ""-603000"", ""sel_1th_pre_req_pre"": ""0"", ""sel_fpr_req"": ""26"", ""sel_fpr_bid"": ""-602000"", ""buy_fpr_bid"": ""-599000"", ""buy_fpr_req"": ""8"", ""buy_1th_pre_req_pre"": ""0"", ""buy_2th_pre_bid"": ""-598000"", ""buy_2th_pre_req"": ""27"", ""buy_2th_pre_req_pre"": ""+22"", ""buy_3th_pre_bid"": ""-597000"", ""buy_3th_pre_req"": ""16"", ""buy_3th_pre_req_pre"": ""0"", ""buy_4th_pre_bid"": ""-596000"", ""buy_4th_pre_req"": ""67"", ""buy_4th_pre_req_pre"": ""0"", ""buy_5th_pre_bid"": ""-595000"", ""buy_5th_pre_req"": ""95"", ""buy_5th_pre_req_pre"": ""0"", ""buy_6th_pre_bid"": ""-594000"", ""buy_6th_pre_req"": ""69"", ""buy_6th_pre_req_pre"": ""0"", ""buy_7th_pre_bid"": ""-593000"", ""buy_7th_pre_req"": ""38"", ""buy_7th_pre_req_pre"": ""0"", ""buy_8th_pre_bid"": ""-592000"", ""buy_8th_pre_req"": ""127"", ""buy_8th_pre_req_pre"": ""0"", ""buy_9th_pre_bid"": ""-591000"", ""buy_9th_pre_req"": ""424"", ""buy_9th_pre_req_pre"": ""0"", ""buy_10th_pre_bid"": ""-590000"", ""buy_10th_pre_req"": ""501"", ""buy_10th_pre_req_pre"": ""0"", ""tot_sel_req_jub_pre"": ""0"", ""tot_sel_req"": ""347"", ""tot_buy_req"": ""1372"", ""tot_buy_req_jub_pre"": ""+22"", ""ovt_sel_req_pre"": ""0"", ""ovt_sel_req"": ""0"", ""ovt_buy_req"": ""0"", ""ovt_buy_req_pre"": ""0"", ""return_code"": 0, ""return_msg"": ""정상적으로 처리되었습니다""}"
2026-06-10,watchlist,181710,,1,filtered_candidate_recheck,40600,,40600,40550,40600,40800,0.3694581280788177,0.12315270935960591,,,,,,"{""bid_req_base_tm"": ""115135"", ""sel_10th_pre_req_pre"": ""0"", ""sel_10th_pre_req"": ""16"", ""sel_10th_pre_bid"": ""-41350"", ""sel_9th_pre_req_pre"": ""0"", ""sel_9th_pre_req"": ""10"", ""sel_9th_pre_bid"": ""-41200"", ""sel_8th_pre_req_pre"": ""0"", ""sel_8th_pre_req"": ""13"", ""sel_8th_pre_bid"": ""-41150"", ""sel_7th_pre_req_pre"": ""0"", ""sel_7th_pre_req"": ""10"", ""sel_7th_pre_bid"": ""-41100"", ""sel_6th_pre_req_pre"": ""0"", ""sel_6th_pre_req"": ""10"", ""sel_6th_pre_bid"": ""-41050"", ""sel_5th_pre_req_pre"": ""0"", ""sel_5th_pre_req"": ""289"", ""sel_5th_pre_bid"": ""-41000"", ""sel_4th_pre_req_pre"": ""0"", ""sel_4th_pre_req"": ""29"", ""sel_4th_pre_bid"": ""-40950"", ""sel_3th_pre_req_pre"": ""0"", ""sel_3th_pre_req"": ""1"", ""sel_3th_pre_bid"": ""-40750"", ""sel_2th_pre_req_pre"": ""0"", ""sel_2th_pre_req"": ""3"", ""sel_2th_pre_bid"": ""-40650"", ""sel_1th_pre_req_pre"": ""0"", ""sel_fpr_req"": ""195"", ""sel_fpr_bid"": ""-40600"", ""buy_fpr_bid"": ""-40550"", ""buy_fpr_req"": ""217"", ""buy_1th_pre_req_pre"": ""0"", ""buy_2th_pre_bid"": ""-40500"", ""buy_2th_pre_req"": ""52"", ""buy_2th_pre_req_pre"": ""0"", ""buy_3th_pre_bid"": ""-40450"", ""buy_3th_pre_req"": ""107"", ""buy_3th_pre_req_pre"": ""0"", ""buy_4th_pre_bid"": ""-40400"", ""buy_4th_pre_req"": ""99"", ""buy_4th_pre_req_pre"": ""+1"", ""buy_5th_pre_bid"": ""-40350"", ""buy_5th_pre_req"": ""36"", ""buy_5th_pre_req_pre"": ""0"", ""buy_6th_pre_bid"": ""-40300"", ""buy_6th_pre_req"": ""104"", ""buy_6th_pre_req_pre"": ""0"", ""buy_7th_pre_bid"": ""-40250"", ""buy_7th_pre_req"": ""47"", ""buy_7th_pre_req_pre"": ""0"", ""buy_8th_pre_bid"": ""-40200"", ""buy_8th_pre_req"": ""163"", ""buy_8th_pre_req_pre"": ""0"", ""buy_9th_pre_bid"": ""-40150"", ""buy_9th_pre_req"": ""1212"", ""buy_9th_pre_req_pre"": ""0"", ""buy_10th_pre_bid"": ""-40100"", ""buy_10th_pre_req"": ""423"", ""buy_10th_pre_req_pre"": ""0"", ""tot_sel_req_jub_pre"": ""0"", ""tot_sel_req"": ""576"", ""tot_buy_req"": ""2460"", ""tot_buy_req_jub_pre"": ""+1"", ""ovt_sel_req_pre"": ""0"", ""ovt_sel_req"": ""0"", ""ovt_buy_req"": ""0"", ""ovt_buy_req_pre"": ""0"", ""return_code"": 0, ""return_msg"": ""정상적으로 처리되었습니다""}"
2026-06-10,watchlist,085620,,0,filtered_candidate_recheck,22150,,22150,22100,22150,22250,0.2257336343115124,0.2257336343115124,,,,,,"{""bid_req_base_tm"": ""115140"", ""sel_10th_pre_req_pre"": ""0"", ""sel_10th_pre_req"": ""477"", ""sel_10th_pre_bid"": ""-22600"", ""sel_9th_pre_req_pre"": ""0"", ""sel_9th_pre_req"": ""638"", ""sel_9th_pre_bid"": ""-22550"", ""sel_8th_pre_req_pre"": ""0"", ""sel_8th_pre_req"": ""860"", ""sel_8th_pre_bid"": ""-22500"", ""sel_7th_pre_req_pre"": ""0"", ""sel_7th_pre_req"": ""111"", ""sel_7th_pre_bid"": ""-22450"", ""sel_6th_pre_req_pre"": ""0"", ""sel_6th_pre_req"": ""120"", ""sel_6th_pre_bid"": ""-22400"", ""sel_5th_pre_req_pre"": ""0"", ""sel_5th_pre_req"": ""187"", ""sel_5th_pre_bid"": ""-22350"", ""sel_4th_pre_req_pre"": ""0"", ""sel_4th_pre_req"": ""102"", ""sel_4th_pre_bid"": ""-22300"", ""sel_3th_pre_req_pre"": ""0"", ""sel_3th_pre_req"": ""70"", ""sel_3th_pre_bid"": ""-22250"", ""sel_2th_pre_req_pre"": ""0"", ""sel_2th_pre_req"": ""178"", ""sel_2th_pre_bid"": ""-22200"", ""sel_1th_pre_req_pre"": ""0"", ""sel_fpr_req"": ""240"", ""sel_fpr_bid"": ""-22150"", ""buy_fpr_bid"": ""-22100"", ""buy_fpr_req"": ""2"", ""buy_1th_pre_req_pre"": ""0"", ""buy_2th_pre_bid"": ""-22050"", ""buy_2th_pre_req"": ""660"", ""buy_2th_pre_req_pre"": ""0"", ""buy_3th_pre_bid"": ""-22000"", ""buy_3th_pre_req"": ""1416"", ""buy_3th_pre_req_pre"": ""0"", ""buy_4th_pre_bid"": ""-21950"", ""buy_4th_pre_req"": ""3160"", ""buy_4th_pre_req_pre"": ""0"", ""buy_5th_pre_bid"": ""-21900"", ""buy_5th_pre_req"": ""3469"", ""buy_5th_pre_req_pre"": ""0"", ""buy_6th_pre_bid"": ""-21850"", ""buy_6th_pre_req"": ""1822"", ""buy_6th_pre_req_pre"": ""0"", ""buy_7th_pre_bid"": ""-21800"", ""buy_7th_pre_req"": ""2544"", ""buy_7th_pre_req_pre"": ""0"", ""buy_8th_pre_bid"": ""-21750"", ""buy_8th_pre_req"": ""4906"", ""buy_8th_pre_req_pre"": ""0"", ""buy_9th_pre_bid"": ""-21700"", ""buy_9th_pre_req"": ""3085"", ""buy_9th_pre_req_pre"": ""0"", ""buy_10th_pre_bid"": ""-21650"", ""buy_10th_pre_req"": ""595"", ""buy_10th_pre_req_pre"": ""--1"", ""tot_sel_req_jub_pre"": ""0"", ""tot_sel_req"": ""2983"", ""tot_buy_req"": ""21659"", ""tot_buy_req_jub_pre"": ""--1"", ""ovt_sel_req_pre"": ""0"", ""ovt_sel_req"": ""0"", ""ovt_buy_req"": ""0"", ""ovt_buy_req_pre"": ""0"", ""return_code"": 0, ""return_msg"": ""정상적으로 처리되었습니다""}"
2026-06-10,watchlist,062040,,0,filtered_candidate_recheck,221000,,221000,220500,221000,222500,0.4524886877828055,0.22624434389140274,,,,,,"{""bid_req_base_tm"": ""115138"", ""sel_10th_pre_req_pre"": ""0"", ""sel_10th_pre_req"": ""19"", ""sel_10th_pre_bid"": ""+225500"", ""sel_9th_pre_req_pre"": ""0"", ""sel_9th_pre_req"": ""86"", ""sel_9th_pre_bid"": ""225000"", ""sel_8th_pre_req_pre"": ""0"", ""sel_8th_pre_req"": ""56"", ""sel_8th_pre_bid"": ""-224500"", ""sel_7th_pre_req_pre"": ""0"", ""sel_7th_pre_req"": ""162"", ""sel_7th_pre_bid"": ""-224000"", ""sel_6th_pre_req_pre"": ""0"", ""sel_6th_pre_req"": ""3"", ""sel_6th_pre_bid"": ""-223500"", ""sel_5th_pre_req_pre"": ""0"", ""sel_5th_pre_req"": ""41"", ""sel_5th_pre_bid"": ""-223000"", ""sel_4th_pre_req_pre"": ""0"", ""sel_4th_pre_req"": ""14"", ""sel_4th_pre_bid"": ""-222500"", ""sel_3th_pre_req_pre"": ""0"", ""sel_3th_pre_req"": ""263"", ""sel_3th_pre_bid"": ""-222000"", ""sel_2th_pre_req_pre"": ""0"", ""sel_2th_pre_req"": ""282"", ""sel_2th_pre_bid"": ""-221500"", ""sel_1th_pre_req_pre"": ""--28"", ""sel_fpr_req"": ""338"", ""sel_fpr_bid"": ""-221000"", ""buy_fpr_bid"": ""-220500"", ""buy_fpr_req"": ""224"", ""buy_1th_pre_req_pre"": ""0"", ""buy_2th_pre_bid"": ""-220000"", ""buy_2th_pre_req"": ""1094"", ""buy_2th_pre_req_pre"": ""0"", ""buy_3th_pre_bid"": ""-219500"", ""buy_3th_pre_req"": ""197"", ""buy_3th_pre_req_pre"": ""0"", ""buy_4th_pre_bid"": ""-219000"", ""buy_4th_pre_req"": ""672"", ""buy_4th_pre_req_pre"": ""0"", ""buy_5th_pre_bid"": ""-218500"", ""buy_5th_pre_req"": ""435"", ""buy_5th_pre_req_pre"": ""0"", ""buy_6th_pre_bid"": ""-218000"", ""buy_6th_pre_req"": ""568"", ""buy_6th_pre_req_pre"": ""0"", ""buy_7th_pre_bid"": ""-217500"", ""buy_7th_pre_req"": ""220"", ""buy_7th_pre_req_pre"": ""0"", ""buy_8th_pre_bid"": ""-217000"", ""buy_8th_pre_req"": ""571"", ""buy_8th_pre_req_pre"": ""0"", ""buy_9th_pre_bid"": ""-216500"", ""buy_9th_pre_req"": ""303"", ""buy_9th_pre_req_pre"": ""0"", ""buy_10th_pre_bid"": ""-216000"", ""buy_10th_pre_req"": ""161"", ""buy_10th_pre_req_pre"": ""0"", ""tot_sel_req_jub_pre"": ""--28"", ""tot_sel_req"": ""1264"", ""tot_buy_req"": ""4445"", ""tot_buy_req_jub_pre"": ""0"", ""ovt_sel_req_pre"": ""0"", ""ovt_sel_req"": ""0"", ""ovt_buy_req"": ""0"", ""ovt_buy_req_pre"": ""0"", ""return_code"": 0, ""return_msg"": ""정상적으로 처리되었습니다""}"
2026-06-10,watchlist,036460,,0,filtered_candidate_recheck,34550,,34550,34500,34550,34450,-0.43415340086830684,0.1447178002894356,,,,,,"{""bid_req_base_tm"": ""115138"", ""sel_10th_pre_req_pre"": ""0"", ""sel_10th_pre_req"": ""4186"", ""sel_10th_pre_bid"": ""+35000"", ""sel_9th_pre_req_pre"": ""0"", ""sel_9th_pre_req"": ""284"", ""sel_9th_pre_bid"": ""+34950"", ""sel_8th_pre_req_pre"": ""0"", ""sel_8th_pre_req"": ""619"", ""sel_8th_pre_bid"": ""+34900"", ""sel_7th_pre_req_pre"": ""0"", ""sel_7th_pre_req"": ""534"", ""sel_7th_pre_bid"": ""+34850"", ""sel_6th_pre_req_pre"": ""0"", ""sel_6th_pre_req"": ""420"", ""sel_6th_pre_bid"": ""+34800"", ""sel_5th_pre_req_pre"": ""0"", ""sel_5th_pre_req"": ""578"", ""sel_5th_pre_bid"": ""+34750"", ""sel_4th_pre_req_pre"": ""0"", ""sel_4th_pre_req"": ""832"", ""sel_4th_pre_bid"": ""+34700"", ""sel_3th_pre_req_pre"": ""0"", ""sel_3th_pre_req"": ""1343"", ""sel_3th_pre_bid"": ""+34650"", ""sel_2th_pre_req_pre"": ""0"", ""sel_2th_pre_req"": ""401"", ""sel_2th_pre_bid"": ""+34600"", ""sel_1th_pre_req_pre"": ""+20"", ""sel_fpr_req"": ""498"", ""sel_fpr_bid"": ""+34550"", ""buy_fpr_bid"": ""+34500"", ""buy_fpr_req"": ""205"", ""buy_1th_pre_req_pre"": ""0"", ""buy_2th_pre_bid"": ""+34450"", ""buy_2th_pre_req"": ""116"", ""buy_2th_pre_req_pre"": ""0"", ""buy_3th_pre_bid"": ""+34400"", ""buy_3th_pre_req"": ""510"", ""buy_3th_pre_req_pre"": ""0"", ""buy_4th_pre_bid"": ""+34350"", ""buy_4th_pre_req"": ""101"", ""buy_4th_pre_req_pre"": ""0"", ""buy_5th_pre_bid"": ""+34300"", ""buy_5th_pre_req"": ""60"", ""buy_5th_pre_req_pre"": ""0"", ""buy_6th_pre_bid"": ""+34250"", ""buy_6th_pre_req"": ""584"", ""buy_6th_pre_req_pre"": ""0"", ""buy_7th_pre_bid"": ""+34200"", ""buy_7th_pre_req"": ""761"", ""buy_7th_pre_req_pre"": ""0"", ""buy_8th_pre_bid"": ""+34150"", ""buy_8th_pre_req"": ""594"", ""buy_8th_pre_req_pre"": ""0"", ""buy_9th_pre_bid"": ""+34100"", ""buy_9th_pre_req"": ""700"", ""buy_9th_pre_req_pre"": ""0"", ""buy_10th_pre_bid"": ""+34050"", ""buy_10th_pre_req"": ""1168"", ""buy_10th_pre_req_pre"": ""0"", ""tot_sel_req_jub_pre"": ""+20"", ""tot_sel_req"": ""9695"", ""tot_buy_req"": ""4799"", ""tot_buy_req_jub_pre"": ""0"", ""ovt_sel_req_pre"": ""0"", ""ovt_sel_req"": ""0"", ""ovt_buy_req"": ""0"", ""ovt_buy_req_pre"": ""0"", ""return_code"": 0, ""return_msg"": ""정상적으로 처리되었습니다""}"
2026-06-10,watchlist,066575,,0,filtered_candidate_recheck,79000,,79000,78700,79000,78900,-0.25316455696202533,0.37974683544303794,,,,,,"{""bid_req_base_tm"": ""115140"", ""sel_10th_pre_req_pre"": ""0"", ""sel_10th_pre_req"": ""205"", ""sel_10th_pre_bid"": ""-79900"", ""sel_9th_pre_req_pre"": ""0"", ""sel_9th_pre_req"": ""116"", ""sel_9th_pre_bid"": ""-79800"", ""sel_8th_pre_req_pre"": ""0"", ""sel_8th_pre_req"": ""9"", ""sel_8th_pre_bid"": ""-79700"", ""sel_7th_pre_req_pre"": ""0"", ""sel_7th_pre_req"": ""75"", ""sel_7th_pre_bid"": ""-79600"", ""sel_6th_pre_req_pre"": ""0"", ""sel_6th_pre_req"": ""71"", ""sel_6th_pre_bid"": ""-79500"", ""sel_5th_pre_req_pre"": ""0"", ""sel_5th_pre_req"": ""20"", ""sel_5th_pre_bid"": ""-79400"", ""sel_4th_pre_req_pre"": ""0"", ""sel_4th_pre_req"": ""203"", ""sel_4th_pre_bid"": ""-79300"", ""sel_3th_pre_req_pre"": ""0"", ""sel_3th_pre_req"": ""51"", ""sel_3th_pre_bid"": ""-79200"", ""sel_2th_pre_req_pre"": ""0"", ""sel_2th_pre_req"": ""64"", ""sel_2th_pre_bid"": ""-79100"", ""sel_1th_pre_req_pre"": ""+1000"", ""sel_fpr_req"": ""1109"", ""sel_fpr_bid"": ""-79000"", ""buy_fpr_bid"": ""-78700"", ""buy_fpr_req"": ""26"", ""buy_1th_pre_req_pre"": ""0"", ""buy_2th_pre_bid"": ""-78600"", ""buy_2th_pre_req"": ""167"", ""buy_2th_pre_req_pre"": ""0"", ""buy_3th_pre_bid"": ""-78500"", ""buy_3th_pre_req"": ""38"", ""buy_3th_pre_req_pre"": ""0"", ""buy_4th_pre_bid"": ""-78400"", ""buy_4th_pre_req"": ""199"", ""buy_4th_pre_req_pre"": ""0"", ""buy_5th_pre_bid"": ""-78300"", ""buy_5th_pre_req"": ""203"", ""buy_5th_pre_req_pre"": ""0"", ""buy_6th_pre_bid"": ""-78200"", ""buy_6th_pre_req"": ""9"", ""buy_6th_pre_req_pre"": ""0"", ""buy_7th_pre_bid"": ""-78100"", ""buy_7th_pre_req"": ""112"", ""buy_7th_pre_req_pre"": ""0"", ""buy_8th_pre_bid"": ""-78000"", ""buy_8th_pre_req"": ""1010"", ""buy_8th_pre_req_pre"": ""0"", ""buy_9th_pre_bid"": ""-77900"", ""buy_9th_pre_req"": ""1189"", ""buy_9th_pre_req_pre"": ""0"", ""buy_10th_pre_bid"": ""-77800"", ""buy_10th_pre_req"": ""1111"", ""buy_10th_pre_req_pre"": ""0"", ""tot_sel_req_jub_pre"": ""+1000"", ""tot_sel_req"": ""1923"", ""tot_buy_req"": ""4064"", ""tot_buy_req_jub_pre"": ""0"", ""ovt_sel_req_pre"": ""0"", ""ovt_sel_req"": ""0"", ""ovt_buy_req"": ""0"", ""ovt_buy_req_pre"": ""0"", ""return_code"": 0, ""return_msg"": ""정상적으로 처리되었습니다""}"
2026-06-10,watchlist,000810,,0,filtered_candidate_recheck,618000,,618000,617000,618000,614000,-0.8090614886731391,0.16181229773462785,,,,,,"{""bid_req_base_tm"": ""115140"", ""sel_10th_pre_req_pre"": ""0"", ""sel_10th_pre_req"": ""25"", ""sel_10th_pre_bid"": ""-627000"", ""sel_9th_pre_req_pre"": ""0"", ""sel_9th_pre_req"": ""24"", ""sel_9th_pre_bid"": ""-626000"", ""sel_8th_pre_req_pre"": ""0"", ""sel_8th_pre_req"": ""16"", ""sel_8th_pre_bid"": ""-625000"", ""sel_7th_pre_req_pre"": ""0"", ""sel_7th_pre_req"": ""8"", ""sel_7th_pre_bid"": ""-624000"", ""sel_6th_pre_req_pre"": ""0"", ""sel_6th_pre_req"": ""101"", ""sel_6th_pre_bid"": ""-623000"", ""sel_5th_pre_req_pre"": ""0"", ""sel_5th_pre_req"": ""13"", ""sel_5th_pre_bid"": ""-622000"", ""sel_4th_pre_req_pre"": ""0"", ""sel_4th_pre_req"": ""43"", ""sel_4th_pre_bid"": ""-621000"", ""sel_3th_pre_req_pre"": ""--1"", ""sel_3th_pre_req"": ""189"", ""sel_3th_pre_bid"": ""-620000"", ""sel_2th_pre_req_pre"": ""0"", ""sel_2th_pre_req"": ""51"", ""sel_2th_pre_bid"": ""-619000"", ""sel_1th_pre_req_pre"": ""+1"", ""sel_fpr_req"": ""306"", ""sel_fpr_bid"": ""-618000"", ""buy_fpr_bid"": ""-617000"", ""buy_fpr_req"": ""148"", ""buy_1th_pre_req_pre"": ""0"", ""buy_2th_pre_bid"": ""-616000"", ""buy_2th_pre_req"": ""90"", ""buy_2th_pre_req_pre"": ""0"", ""buy_3th_pre_bid"": ""-615000"", ""buy_3th_pre_req"": ""24"", ""buy_3th_pre_req_pre"": ""0"", ""buy_4th_pre_bid"": ""-614000"", ""buy_4th_pre_req"": ""136"", ""buy_4th_pre_req_pre"": ""0"", ""buy_5th_pre_bid"": ""-613000"", ""buy_5th_pre_req"": ""16"", ""buy_5th_pre_req_pre"": ""0"", ""buy_6th_pre_bid"": ""-612000"", ""buy_6th_pre_req"": ""32"", ""buy_6th_pre_req_pre"": ""0"", ""buy_7th_pre_bid"": ""-611000"", ""buy_7th_pre_req"": ""27"", ""buy_7th_pre_req_pre"": ""0"", ""buy_8th_pre_bid"": ""-610000"", ""buy_8th_pre_req"": ""86"", ""buy_8th_pre_req_pre"": ""0"", ""buy_9th_pre_bid"": ""-609000"", ""buy_9th_pre_req"": ""13"", ""buy_9th_pre_req_pre"": ""0"", ""buy_10th_pre_bid"": ""-608000"", ""buy_10th_pre_req"": ""5"", ""buy_10th_pre_req_pre"": ""0"", ""tot_sel_req_jub_pre"": ""0"", ""tot_sel_req"": ""776"", ""tot_buy_req"": ""577"", ""tot_buy_req_jub_pre"": ""0"", ""ovt_sel_req_pre"": ""0"", ""ovt_sel_req"": ""0"", ""ovt_buy_req"": ""0"", ""ovt_buy_req_pre"": ""0"", ""return_code"": 0, ""return_msg"": ""정상적으로 처리되었습니다""}"
2026-06-10,watchlist,005930,,0,filtered_candidate_recheck,305500,,305500,305000,305500,306000,0.0,0.16366612111292964,,,,,,"{""bid_req_base_tm"": ""115141"", ""sel_10th_pre_req_pre"": ""--7"", ""sel_10th_pre_req"": ""30763"", ""sel_10th_pre_bid"": ""-310000"", ""sel_9th_pre_req_pre"": ""0"", ""sel_9th_pre_req"": ""21621"", ""sel_9th_pre_bid"": ""-309500"", ""sel_8th_pre_req_pre"": ""0"", ""sel_8th_pre_req"": ""17288"", ""sel_8th_pre_bid"": ""-309000"", ""sel_7th_pre_req_pre"": ""0"", ""sel_7th_pre_req"": ""26104"", ""sel_7th_pre_bid"": ""-308500"", ""sel_6th_pre_req_pre"": ""0"", ""sel_6th_pre_req"": ""30571"", ""sel_6th_pre_bid"": ""-308000"", ""sel_5th_pre_req_pre"": ""0"", ""sel_5th_pre_req"": ""20279"", ""sel_5th_pre_bid"": ""-307500"", ""sel_4th_pre_req_pre"": ""0"", ""sel_4th_pre_req"": ""16809"", ""sel_4th_pre_bid"": ""-307000"", ""sel_3th_pre_req_pre"": ""0"", ""sel_3th_pre_req"": ""19961"", ""sel_3th_pre_bid"": ""-306500"", ""sel_2th_pre_req_pre"": ""0"", ""sel_2th_pre_req"": ""17180"", ""sel_2th_pre_bid"": ""-306000"", ""sel_1th_pre_req_pre"": ""+38"", ""sel_fpr_req"": ""22314"", ""sel_fpr_bid"": ""-305500"", ""buy_fpr_bid"": ""-305000"", ""buy_fpr_req"": ""15720"", ""buy_1th_pre_req_pre"": ""0"", ""buy_2th_pre_bid"": ""-304500"", ""buy_2th_pre_req"": ""14136"", ""buy_2th_pre_req_pre"": ""--20"", ""buy_3th_pre_bid"": ""-304000"", ""buy_3th_pre_req"": ""20913"", ""buy_3th_pre_req_pre"": ""0"", ""buy_4th_pre_bid"": ""-303500"", ""buy_4th_pre_req"": ""33378"", ""buy_4th_pre_req_pre"": ""+1"", ""buy_5th_pre_bid"": ""-303000"", ""buy_5th_pre_req"": ""113686"", ""buy_5th_pre_req_pre"": ""0"", ""buy_6th_pre_bid"": ""-302500"", ""buy_6th_pre_req"": ""52662"", ""buy_6th_pre_req_pre"": ""0"", ""buy_7th_pre_bid"": ""-302000"", ""buy_7th_pre_req"": ""62813"", ""buy_7th_pre_req_pre"": ""0"", ""buy_8th_pre_bid"": ""-301500"", ""buy_8th_pre_req"": ""52295"", ""buy_8th_pre_req_pre"": ""0"", ""buy_9th_pre_bid"": ""-301000"", ""buy_9th_pre_req"": ""103763"", ""buy_9th_pre_req_pre"": ""0"", ""buy_10th_pre_bid"": ""-300500"", ""buy_10th_pre_req"": ""139662"", ""buy_10th_pre_req_pre"": ""0"", ""tot_sel_req_jub_pre"": ""+31"", ""tot_sel_req"": ""222890"", ""tot_buy_req"": ""609028"", ""tot_buy_req_jub_pre"": ""--19"", ""ovt_sel_req_pre"": ""0"", ""ovt_sel_req"": ""0"", ""ovt_buy_req"": ""0"", ""ovt_buy_req_pre"": ""0"", ""return_code"": 0, ""return_msg"": ""정상적으로 처리되었습니다""}"
2026-06-10,watchlist,000370,,0,filtered_candidate_recheck,6440,,6440,6430,6440,6470,0.3105590062111801,0.15527950310559005,,,,,,"{""bid_req_base_tm"": ""115129"", ""sel_10th_pre_req_pre"": ""0"", ""sel_10th_pre_req"": ""1028"", ""sel_10th_pre_bid"": ""+6540"", ""sel_9th_pre_req_pre"": ""0"", ""sel_9th_pre_req"": ""23"", ""sel_9th_pre_bid"": ""+6520"", ""sel_8th_pre_req_pre"": ""0"", ""sel_8th_pre_req"": ""31"", ""sel_8th_pre_bid"": ""+6510"", ""sel_7th_pre_req_pre"": ""0"", ""sel_7th_pre_req"": ""1531"", ""sel_7th_pre_bid"": ""+6500"", ""sel_6th_pre_req_pre"": ""0"", ""sel_6th_pre_req"": ""201"", ""sel_6th_pre_bid"": ""+6490"", ""sel_5th_pre_req_pre"": ""0"", ""sel_5th_pre_req"": ""218"", ""sel_5th_pre_bid"": ""+6480"", ""sel_4th_pre_req_pre"": ""0"", ""sel_4th_pre_req"": ""123"", ""sel_4th_pre_bid"": ""+6470"", ""sel_3th_pre_req_pre"": ""0"", ""sel_3th_pre_req"": ""354"", ""sel_3th_pre_bid"": ""+6460"", ""sel_2th_pre_req_pre"": ""0"", ""sel_2th_pre_req"": ""1012"", ""sel_2th_pre_bid"": ""6450"", ""sel_1th_pre_req_pre"": ""0"", ""sel_fpr_req"": ""527"", ""sel_fpr_bid"": ""-6440"", ""buy_fpr_bid"": ""-6430"", ""buy_fpr_req"": ""1667"", ""buy_1th_pre_req_pre"": ""0"", ""buy_2th_pre_bid"": ""-6420"", ""buy_2th_pre_req"": ""281"", ""buy_2th_pre_req_pre"": ""0"", ""buy_3th_pre_bid"": ""-6410"", ""buy_3th_pre_req"": ""1442"", ""buy_3th_pre_req_pre"": ""0"", ""buy_4th_pre_bid"": ""-6400"", ""buy_4th_pre_req"": ""5400"", ""buy_4th_pre_req_pre"": ""0"", ""buy_5th_pre_bid"": ""-6390"", ""buy_5th_pre_req"": ""768"", ""buy_5th_pre_req_pre"": ""+105"", ""buy_6th_pre_bid"": ""-6380"", ""buy_6th_pre_req"": ""3148"", ""buy_6th_pre_req_pre"": ""0"", ""buy_7th_pre_bid"": ""-6370"", ""buy_7th_pre_req"": ""3220"", ""buy_7th_pre_req_pre"": ""0"", ""buy_8th_pre_bid"": ""-6360"", ""buy_8th_pre_req"": ""1118"", ""buy_8th_pre_req_pre"": ""0"", ""buy_9th_pre_bid"": ""-6350"", ""buy_9th_pre_req"": ""2813"", ""buy_9th_pre_req_pre"": ""0"", ""buy_10th_pre_bid"": ""-6340"", ""buy_10th_pre_req"": ""1193"", ""buy_10th_pre_req_pre"": ""0"", ""tot_sel_req_jub_pre"": ""0"", ""tot_sel_req"": ""5048"", ""tot_buy_req"": ""21050"", ""tot_buy_req_jub_pre"": ""+105"", ""ovt_sel_req_pre"": ""0"", ""ovt_sel_req"": ""0"", ""ovt_buy_req"": ""0"", ""ovt_buy_req_pre"": ""0"", ""return_code"": 0, ""return_msg"": ""정상적으로 처리되었습니다""}"
2026-06-10,watchlist,064400,,0,filtered_candidate_recheck,95400,,95400,95200,95400,95300,-0.20964360587002098,0.20964360587002098,,,,,,"{""bid_req_base_tm"": ""115141"", ""sel_10th_pre_req_pre"": ""0"", ""sel_10th_pre_req"": ""78"", ""sel_10th_pre_bid"": ""-96300"", ""sel_9th_pre_req_pre"": ""0"", ""sel_9th_pre_req"": ""188"", ""sel_9th_pre_bid"": ""-96200"", ""sel_8th_pre_req_pre"": ""0"", ""sel_8th_pre_req"": ""73"", ""sel_8th_pre_bid"": ""-96100"", ""sel_7th_pre_req_pre"": ""0"", ""sel_7th_pre_req"": ""1790"", ""sel_7th_pre_bid"": ""-96000"", ""sel_6th_pre_req_pre"": ""0"", ""sel_6th_pre_req"": ""478"", ""sel_6th_pre_bid"": ""-95900"", ""sel_5th_pre_req_pre"": ""0"", ""sel_5th_pre_req"": ""725"", ""sel_5th_pre_bid"": ""-95800"", ""sel_4th_pre_req_pre"": ""0"", ""sel_4th_pre_req"": ""221"", ""sel_4th_pre_bid"": ""-95700"", ""sel_3th_pre_req_pre"": ""0"", ""sel_3th_pre_req"": ""1023"", ""sel_3th_pre_bid"": ""-95600"", ""sel_2th_pre_req_pre"": ""0"", ""sel_2th_pre_req"": ""386"", ""sel_2th_pre_bid"": ""-95500"", ""sel_1th_pre_req_pre"": ""+56"", ""sel_fpr_req"": ""157"", ""sel_fpr_bid"": ""-95400"", ""buy_fpr_bid"": ""-95200"", ""buy_fpr_req"": ""26"", ""buy_1th_pre_req_pre"": ""0"", ""buy_2th_pre_bid"": ""-95100"", ""buy_2th_pre_req"": ""847"", ""buy_2th_pre_req_pre"": ""0"", ""buy_3th_pre_bid"": ""-95000"", ""buy_3th_pre_req"": ""692"", ""buy_3th_pre_req_pre"": ""0"", ""buy_4th_pre_bid"": ""-94900"", ""buy_4th_pre_req"": ""31"", ""buy_4th_pre_req_pre"": ""0"", ""buy_5th_pre_bid"": ""-94800"", ""buy_5th_pre_req"": ""211"", ""buy_5th_pre_req_pre"": ""0"", ""buy_6th_pre_bid"": ""-94700"", ""buy_6th_pre_req"": ""595"", ""buy_6th_pre_req_pre"": ""0"", ""buy_7th_pre_bid"": ""-94600"", ""buy_7th_pre_req"": ""426"", ""buy_7th_pre_req_pre"": ""0"", ""buy_8th_pre_bid"": ""-94500"", ""buy_8th_pre_req"": ""1175"", ""buy_8th_pre_req_pre"": ""0"", ""buy_9th_pre_bid"": ""-94400"", ""buy_9th_pre_req"": ""416"", ""buy_9th_pre_req_pre"": ""0"", ""buy_10th_pre_bid"": ""-94300"", ""buy_10th_pre_req"": ""842"", ""buy_10th_pre_req_pre"": ""0"", ""tot_sel_req_jub_pre"": ""+56"", ""tot_sel_req"": ""5119"", ""tot_buy_req"": ""5261"", ""tot_buy_req_jub_pre"": ""0"", ""ovt_sel_req_pre"": ""0"", ""ovt_sel_req"": ""0"", ""ovt_buy_req"": ""0"", ""ovt_buy_req_pre"": ""0"", ""return_code"": 0, ""return_msg"": ""정상적으로 처리되었습니다""}"
2026-06-10,watchlist,009420,,1,filtered_candidate_recheck,49750,,49750,49700,49750,50000,0.3015075376884422,0.10050251256281408,,,,,,"{""bid_req_base_tm"": ""115138"", ""sel_10th_pre_req_pre"": ""0"", ""sel_10th_pre_req"": ""118"", ""sel_10th_pre_bid"": ""-50500"", ""sel_9th_pre_req_pre"": ""0"", ""sel_9th_pre_req"": ""219"", ""sel_9th_pre_bid"": ""-50400"", ""sel_8th_pre_req_pre"": ""0"", ""sel_8th_pre_req"": ""42"", ""sel_8th_pre_bid"": ""-50300"", ""sel_7th_pre_req_pre"": ""0"", ""sel_7th_pre_req"": ""6"", ""sel_7th_pre_bid"": ""-50200"", ""sel_6th_pre_req_pre"": ""0"", ""sel_6th_pre_req"": ""14"", ""sel_6th_pre_bid"": ""-50100"", ""sel_5th_pre_req_pre"": ""0"", ""sel_5th_pre_req"": ""54"", ""sel_5th_pre_bid"": ""-50000"", ""sel_4th_pre_req_pre"": ""0"", ""sel_4th_pre_req"": ""5"", ""sel_4th_pre_bid"": ""-49950"", ""sel_3th_pre_req_pre"": ""0"", ""sel_3th_pre_req"": ""70"", ""sel_3th_pre_bid"": ""-49900"", ""sel_2th_pre_req_pre"": ""0"", ""sel_2th_pre_req"": ""2"", ""sel_2th_pre_bid"": ""-49800"", ""sel_1th_pre_req_pre"": ""0"", ""sel_fpr_req"": ""41"", ""sel_fpr_bid"": ""-49750"", ""buy_fpr_bid"": ""-49700"", ""buy_fpr_req"": ""117"", ""buy_1th_pre_req_pre"": ""0"", ""buy_2th_pre_bid"": ""-49650"", ""buy_2th_pre_req"": ""36"", ""buy_2th_pre_req_pre"": ""0"", ""buy_3th_pre_bid"": ""-49600"", ""buy_3th_pre_req"": ""118"", ""buy_3th_pre_req_pre"": ""0"", ""buy_4th_pre_bid"": ""-49550"", ""buy_4th_pre_req"": ""130"", ""buy_4th_pre_req_pre"": ""0"", ""buy_5th_pre_bid"": ""-49500"", ""buy_5th_pre_req"": ""567"", ""buy_5th_pre_req_pre"": ""0"", ""buy_6th_pre_bid"": ""-49450"", ""buy_6th_pre_req"": ""173"", ""buy_6th_pre_req_pre"": ""0"", ""buy_7th_pre_bid"": ""-49400"", ""buy_7th_pre_req"": ""149"", ""buy_7th_pre_req_pre"": ""0"", ""buy_8th_pre_bid"": ""-49350"", ""buy_8th_pre_req"": ""62"", ""buy_8th_pre_req_pre"": ""0"", ""buy_9th_pre_bid"": ""-49300"", ""buy_9th_pre_req"": ""105"", ""buy_9th_pre_req_pre"": ""0"", ""buy_10th_pre_bid"": ""-49250"", ""buy_10th_pre_req"": ""213"", ""buy_10th_pre_req_pre"": ""0"", ""tot_sel_req_jub_pre"": ""--26"", ""tot_sel_req"": ""571"", ""tot_buy_req"": ""1670"", ""tot_buy_req_jub_pre"": ""0"", ""ovt_sel_req_pre"": ""0"", ""ovt_sel_req"": ""0"", ""ovt_buy_req"": ""0"", ""ovt_buy_req_pre"": ""0"", ""return_code"": 0, ""return_msg"": ""정상적으로 처리되었습니다""}"
2026-06-10,watchlist,383220,,0,filtered_candidate_recheck,76100,,76100,75900,76100,75800,-0.5256241787122208,0.2628120893561104,,,,,,"{""bid_req_base_tm"": ""115138"", ""sel_10th_pre_req_pre"": ""0"", ""sel_10th_pre_req"": ""524"", ""sel_10th_pre_bid"": ""+77200"", ""sel_9th_pre_req_pre"": ""0"", ""sel_9th_pre_req"": ""79"", ""sel_9th_pre_bid"": ""+77100"", ""sel_8th_pre_req_pre"": ""0"", ""sel_8th_pre_req"": ""74"", ""sel_8th_pre_bid"": ""+77000"", ""sel_7th_pre_req_pre"": ""0"", ""sel_7th_pre_req"": ""106"", ""sel_7th_pre_bid"": ""+76900"", ""sel_6th_pre_req_pre"": ""0"", ""sel_6th_pre_req"": ""30"", ""sel_6th_pre_bid"": ""+76800"", ""sel_5th_pre_req_pre"": ""0"", ""sel_5th_pre_req"": ""9"", ""sel_5th_pre_bid"": ""+76700"", ""sel_4th_pre_req_pre"": ""0"", ""sel_4th_pre_req"": ""27"", ""sel_4th_pre_bid"": ""+76600"", ""sel_3th_pre_req_pre"": ""0"", ""sel_3th_pre_req"": ""5"", ""sel_3th_pre_bid"": ""+76500"", ""sel_2th_pre_req_pre"": ""0"", ""sel_2th_pre_req"": ""21"", ""sel_2th_pre_bid"": ""+76200"", ""sel_1th_pre_req_pre"": ""--16"", ""sel_fpr_req"": ""37"", ""sel_fpr_bid"": ""+76100"", ""buy_fpr_bid"": ""+75900"", ""buy_fpr_req"": ""22"", ""buy_1th_pre_req_pre"": ""0"", ""buy_2th_pre_bid"": ""+75700"", ""buy_2th_pre_req"": ""30"", ""buy_2th_pre_req_pre"": ""0"", ""buy_3th_pre_bid"": ""+75600"", ""buy_3th_pre_req"": ""10"", ""buy_3th_pre_req_pre"": ""0"", ""buy_4th_pre_bid"": ""+75500"", ""buy_4th_pre_req"": ""14"", ""buy_4th_pre_req_pre"": ""0"", ""buy_5th_pre_bid"": ""+75400"", ""buy_5th_pre_req"": ""29"", ""buy_5th_pre_req_pre"": ""0"", ""buy_6th_pre_bid"": ""+75300"", ""buy_6th_pre_req"": ""1"", ""buy_6th_pre_req_pre"": ""0"", ""buy_7th_pre_bid"": ""+75200"", ""buy_7th_pre_req"": ""4"", ""buy_7th_pre_req_pre"": ""0"", ""buy_8th_pre_bid"": ""+75000"", ""buy_8th_pre_req"": ""1"", ""buy_8th_pre_req_pre"": ""0"", ""buy_9th_pre_bid"": ""+74900"", ""buy_9th_pre_req"": ""10"", ""buy_9th_pre_req_pre"": ""0"", ""buy_10th_pre_bid"": ""+74700"", ""buy_10th_pre_req"": ""13"", ""buy_10th_pre_req_pre"": ""0"", ""tot_sel_req_jub_pre"": ""--16"", ""tot_sel_req"": ""912"", ""tot_buy_req"": ""134"", ""tot_buy_req_jub_pre"": ""0"", ""ovt_sel_req_pre"": ""0"", ""ovt_sel_req"": ""0"", ""ovt_buy_req"": ""0"", ""ovt_buy_req_pre"": ""0"", ""return_code"": 0, ""return_msg"": ""정상적으로 처리되었습니다""}"
2026-06-10,watchlist,004170,,0,filtered_candidate_recheck,680000,,680000,679000,680000,679000,-0.29411764705882354,0.14705882352941177,,,,,,"{""bid_req_base_tm"": ""115142"", ""sel_10th_pre_req_pre"": ""0"", ""sel_10th_pre_req"": ""95"", ""sel_10th_pre_bid"": ""+689000"", ""sel_9th_pre_req_pre"": ""0"", ""sel_9th_pre_req"": ""91"", ""sel_9th_pre_bid"": ""+688000"", ""sel_8th_pre_req_pre"": ""0"", ""sel_8th_pre_req"": ""10"", ""sel_8th_pre_bid"": ""+687000"", ""sel_7th_pre_req_pre"": ""0"", ""sel_7th_pre_req"": ""7"", ""sel_7th_pre_bid"": ""+686000"", ""sel_6th_pre_req_pre"": ""0"", ""sel_6th_pre_req"": ""14"", ""sel_6th_pre_bid"": ""+685000"", ""sel_5th_pre_req_pre"": ""0"", ""sel_5th_pre_req"": ""75"", ""sel_5th_pre_bid"": ""+684000"", ""sel_4th_pre_req_pre"": ""0"", ""sel_4th_pre_req"": ""13"", ""sel_4th_pre_bid"": ""+683000"", ""sel_3th_pre_req_pre"": ""0"", ""sel_3th_pre_req"": ""10"", ""sel_3th_pre_bid"": ""+682000"", ""sel_2th_pre_req_pre"": ""0"", ""sel_2th_pre_req"": ""40"", ""sel_2th_pre_bid"": ""+681000"", ""sel_1th_pre_req_pre"": ""0"", ""sel_fpr_req"": ""14"", ""sel_fpr_bid"": ""+680000"", ""buy_fpr_bid"": ""+679000"", ""buy_fpr_req"": ""24"", ""buy_1th_pre_req_pre"": ""+1"", ""buy_2th_pre_bid"": ""+678000"", ""buy_2th_pre_req"": ""12"", ""buy_2th_pre_req_pre"": ""0"", ""buy_3th_pre_bid"": ""+677000"", ""buy_3th_pre_req"": ""4"", ""buy_3th_pre_req_pre"": ""0"", ""buy_4th_pre_bid"": ""+676000"", ""buy_4th_pre_req"": ""16"", ""buy_4th_pre_req_pre"": ""0"", ""buy_5th_pre_bid"": ""+675000"", ""buy_5th_pre_req"": ""96"", ""buy_5th_pre_req_pre"": ""0"", ""buy_6th_pre_bid"": ""+674000"", ""buy_6th_pre_req"": ""21"", ""buy_6th_pre_req_pre"": ""0"", ""buy_7th_pre_bid"": ""+673000"", ""buy_7th_pre_req"": ""102"", ""buy_7th_pre_req_pre"": ""0"", ""buy_8th_pre_bid"": ""+672000"", ""buy_8th_pre_req"": ""12"", ""buy_8th_pre_req_pre"": ""0"", ""buy_9th_pre_bid"": ""+671000"", ""buy_9th_pre_req"": ""45"", ""buy_9th_pre_req_pre"": ""0"", ""buy_10th_pre_bid"": ""+670000"", ""buy_10th_pre_req"": ""571"", ""buy_10th_pre_req_pre"": ""0"", ""tot_sel_req_jub_pre"": ""0"", ""tot_sel_req"": ""369"", ""tot_buy_req"": ""903"", ""tot_buy_req_jub_pre"": ""+1"", ""ovt_sel_req_pre"": ""0"", ""ovt_sel_req"": ""0"", ""ovt_buy_req"": ""0"", ""ovt_buy_req_pre"": ""0"", ""return_code"": 0, ""return_msg"": ""정상적으로 처리되었습니다""}"
2026-06-10,watchlist,018260,,1,filtered_candidate_recheck,232500,,232500,232000,232500,233500,0.21505376344086022,0.21505376344086022,,,,,,"{""bid_req_base_tm"": ""115142"", ""sel_10th_pre_req_pre"": ""0"", ""sel_10th_pre_req"": ""961"", ""sel_10th_pre_bid"": ""-237000"", ""sel_9th_pre_req_pre"": ""0"", ""sel_9th_pre_req"": ""240"", ""sel_9th_pre_bid"": ""-236500"", ""sel_8th_pre_req_pre"": ""0"", ""sel_8th_pre_req"": ""305"", ""sel_8th_pre_bid"": ""-236000"", ""sel_7th_pre_req_pre"": ""0"", ""sel_7th_pre_req"": ""221"", ""sel_7th_pre_bid"": ""-235500"", ""sel_6th_pre_req_pre"": ""0"", ""sel_6th_pre_req"": ""262"", ""sel_6th_pre_bid"": ""-235000"", ""sel_5th_pre_req_pre"": ""0"", ""sel_5th_pre_req"": ""177"", ""sel_5th_pre_bid"": ""-234500"", ""sel_4th_pre_req_pre"": ""0"", ""sel_4th_pre_req"": ""198"", ""sel_4th_pre_bid"": ""-234000"", ""sel_3th_pre_req_pre"": ""0"", ""sel_3th_pre_req"": ""259"", ""sel_3th_pre_bid"": ""-233500"", ""sel_2th_pre_req_pre"": ""0"", ""sel_2th_pre_req"": ""126"", ""sel_2th_pre_bid"": ""-233000"", ""sel_1th_pre_req_pre"": ""+1"", ""sel_fpr_req"": ""53"", ""sel_fpr_bid"": ""-232500"", ""buy_fpr_bid"": ""-232000"", ""buy_fpr_req"": ""257"", ""buy_1th_pre_req_pre"": ""0"", ""buy_2th_pre_bid"": ""-231500"", ""buy_2th_pre_req"": ""706"", ""buy_2th_pre_req_pre"": ""0"", ""buy_3th_pre_bid"": ""-231000"", ""buy_3th_pre_req"": ""896"", ""buy_3th_pre_req_pre"": ""0"", ""buy_4th_pre_bid"": ""-230500"", ""buy_4th_pre_req"": ""3069"", ""buy_4th_pre_req_pre"": ""0"", ""buy_5th_pre_bid"": ""-230000"", ""buy_5th_pre_req"": ""5507"", ""buy_5th_pre_req_pre"": ""0"", ""buy_6th_pre_bid"": ""-229500"", ""buy_6th_pre_req"": ""3690"", ""buy_6th_pre_req_pre"": ""0"", ""buy_7th_pre_bid"": ""-229000"", ""buy_7th_pre_req"": ""1057"", ""buy_7th_pre_req_pre"": ""0"", ""buy_8th_pre_bid"": ""-228500"", ""buy_8th_pre_req"": ""796"", ""buy_8th_pre_req_pre"": ""0"", ""buy_9th_pre_bid"": ""-228000"", ""buy_9th_pre_req"": ""2213"", ""buy_9th_pre_req_pre"": ""0"", ""buy_10th_pre_bid"": ""-227500"", ""buy_10th_pre_req"": ""1744"", ""buy_10th_pre_req_pre"": ""0"", ""tot_sel_req_jub_pre"": ""+1"", ""tot_sel_req"": ""2802"", ""tot_buy_req"": ""19935"", ""tot_buy_req_jub_pre"": ""0"", ""ovt_sel_req_pre"": ""0"", ""ovt_sel_req"": ""0"", ""ovt_buy_req"": ""0"", ""ovt_buy_req_pre"": ""0"", ""return_code"": 0, ""return_msg"": ""정상적으로 처리되었습니다""}"
2026-06-10,watchlist,161390,,0,filtered_candidate_recheck,70900,,70900,70800,70900,71300,0.4231311706629055,0.14104372355430184,,,,,,"{""bid_req_base_tm"": ""115141"", ""sel_10th_pre_req_pre"": ""0"", ""sel_10th_pre_req"": ""133"", ""sel_10th_pre_bid"": ""-71800"", ""sel_9th_pre_req_pre"": ""0"", ""sel_9th_pre_req"": ""10"", ""sel_9th_pre_bid"": ""-71700"", ""sel_8th_pre_req_pre"": ""0"", ""sel_8th_pre_req"": ""2"", ""sel_8th_pre_bid"": ""-71600"", ""sel_7th_pre_req_pre"": ""0"", ""sel_7th_pre_req"": ""57"", ""sel_7th_pre_bid"": ""-71500"", ""sel_6th_pre_req_pre"": ""0"", ""sel_6th_pre_req"": ""30"", ""sel_6th_pre_bid"": ""-71400"", ""sel_5th_pre_req_pre"": ""0"", ""sel_5th_pre_req"": ""25"", ""sel_5th_pre_bid"": ""-71300"", ""sel_4th_pre_req_pre"": ""0"", ""sel_4th_pre_req"": ""269"", ""sel_4th_pre_bid"": ""-71200"", ""sel_3th_pre_req_pre"": ""0"", ""sel_3th_pre_req"": ""652"", ""sel_3th_pre_bid"": ""-71100"", ""sel_2th_pre_req_pre"": ""0"", ""sel_2th_pre_req"": ""1060"", ""sel_2th_pre_bid"": ""-71000"", ""sel_1th_pre_req_pre"": ""+1"", ""sel_fpr_req"": ""976"", ""sel_fpr_bid"": ""-70900"", ""buy_fpr_bid"": ""-70800"", ""buy_fpr_req"": ""4256"", ""buy_1th_pre_req_pre"": ""0"", ""buy_2th_pre_bid"": ""-70700"", ""buy_2th_pre_req"": ""324"", ""buy_2th_pre_req_pre"": ""0"", ""buy_3th_pre_bid"": ""-70600"", ""buy_3th_pre_req"": ""41"", ""buy_3th_pre_req_pre"": ""0"", ""buy_4th_pre_bid"": ""-70500"", ""buy_4th_pre_req"": ""364"", ""buy_4th_pre_req_pre"": ""0"", ""buy_5th_pre_bid"": ""-70400"", ""buy_5th_pre_req"": ""394"", ""buy_5th_pre_req_pre"": ""0"", ""buy_6th_pre_bid"": ""-70300"", ""buy_6th_pre_req"": ""196"", ""buy_6th_pre_req_pre"": ""0"", ""buy_7th_pre_bid"": ""-70200"", ""buy_7th_pre_req"": ""230"", ""buy_7th_pre_req_pre"": ""0"", ""buy_8th_pre_bid"": ""-70100"", ""buy_8th_pre_req"": ""200"", ""buy_8th_pre_req_pre"": ""0"", ""buy_9th_pre_bid"": ""-70000"", ""buy_9th_pre_req"": ""536"", ""buy_9th_pre_req_pre"": ""0"", ""buy_10th_pre_bid"": ""-69900"", ""buy_10th_pre_req"": ""137"", ""buy_10th_pre_req_pre"": ""0"", ""tot_sel_req_jub_pre"": ""+1"", ""tot_sel_req"": ""3214"", ""tot_buy_req"": ""6678"", ""tot_buy_req_jub_pre"": ""0"", ""ovt_sel_req_pre"": ""0"", ""ovt_sel_req"": ""0"", ""ovt_buy_req"": ""0"", ""ovt_buy_req_pre"": ""0"", ""return_code"": 0, ""return_msg"": ""정상적으로 처리되었습니다""}"
2026-06-10,watchlist,078930,,0,filtered_candidate_recheck,73300,,73300,73200,73300,72900,-0.6821282401091405,0.1364256480218281,,,,,,"{""bid_req_base_tm"": ""115133"", ""sel_10th_pre_req_pre"": ""0"", ""sel_10th_pre_req"": ""40"", ""sel_10th_pre_bid"": ""+74200"", ""sel_9th_pre_req_pre"": ""0"", ""sel_9th_pre_req"": ""17"", ""sel_9th_pre_bid"": ""+74100"", ""sel_8th_pre_req_pre"": ""0"", ""sel_8th_pre_req"": ""22"", ""sel_8th_pre_bid"": ""+74000"", ""sel_7th_pre_req_pre"": ""0"", ""sel_7th_pre_req"": ""585"", ""sel_7th_pre_bid"": ""+73900"", ""sel_6th_pre_req_pre"": ""0"", ""sel_6th_pre_req"": ""25"", ""sel_6th_pre_bid"": ""73800"", ""sel_5th_pre_req_pre"": ""0"", ""sel_5th_pre_req"": ""42"", ""sel_5th_pre_bid"": ""-73700"", ""sel_4th_pre_req_pre"": ""0"", ""sel_4th_pre_req"": ""61"", ""sel_4th_pre_bid"": ""-73600"", ""sel_3th_pre_req_pre"": ""0"", ""sel_3th_pre_req"": ""904"", ""sel_3th_pre_bid"": ""-73500"", ""sel_2th_pre_req_pre"": ""0"", ""sel_2th_pre_req"": ""51"", ""sel_2th_pre_bid"": ""-73400"", ""sel_1th_pre_req_pre"": ""0"", ""sel_fpr_req"": ""281"", ""sel_fpr_bid"": ""-73300"", ""buy_fpr_bid"": ""-73200"", ""buy_fpr_req"": ""457"", ""buy_1th_pre_req_pre"": ""0"", ""buy_2th_pre_bid"": ""-73100"", ""buy_2th_pre_req"": ""141"", ""buy_2th_pre_req_pre"": ""--27"", ""buy_3th_pre_bid"": ""-73000"", ""buy_3th_pre_req"": ""5"", ""buy_3th_pre_req_pre"": ""0"", ""buy_4th_pre_bid"": ""-72900"", ""buy_4th_pre_req"": ""10"", ""buy_4th_pre_req_pre"": ""0"", ""buy_5th_pre_bid"": ""-72800"", ""buy_5th_pre_req"": ""52"", ""buy_5th_pre_req_pre"": ""0"", ""buy_6th_pre_bid"": ""-72700"", ""buy_6th_pre_req"": ""51"", ""buy_6th_pre_req_pre"": ""0"", ""buy_7th_pre_bid"": ""-72600"", ""buy_7th_pre_req"": ""70"", ""buy_7th_pre_req_pre"": ""0"", ""buy_8th_pre_bid"": ""-72500"", ""buy_8th_pre_req"": ""12"", ""buy_8th_pre_req_pre"": ""0"", ""buy_9th_pre_bid"": ""-72400"", ""buy_9th_pre_req"": ""8"", ""buy_9th_pre_req_pre"": ""+1"", ""buy_10th_pre_bid"": ""-72300"", ""buy_10th_pre_req"": ""53"", ""buy_10th_pre_req_pre"": ""0"", ""tot_sel_req_jub_pre"": ""0"", ""tot_sel_req"": ""2028"", ""tot_buy_req"": ""859"", ""tot_buy_req_jub_pre"": ""--26"", ""ovt_sel_req_pre"": ""0"", ""ovt_sel_req"": ""0"", ""ovt_buy_req"": ""0"", ""ovt_buy_req_pre"": ""0"", ""return_code"": 0, ""return_msg"": ""정상적으로 처리되었습니다""}"
2026-06-10,watchlist,462870,,0,filtered_candidate_recheck,31550,,31550,31450,31550,31300,-0.9508716323296356,0.31695721077654515,,,,,,"{""bid_req_base_tm"": ""115139"", ""sel_10th_pre_req_pre"": ""0"", ""sel_10th_pre_req"": ""337"", ""sel_10th_pre_bid"": ""-32000"", ""sel_9th_pre_req_pre"": ""0"", ""sel_9th_pre_req"": ""850"", ""sel_9th_pre_bid"": ""-31950"", ""sel_8th_pre_req_pre"": ""0"", ""sel_8th_pre_req"": ""156"", ""sel_8th_pre_bid"": ""-31900"", ""sel_7th_pre_req_pre"": ""0"", ""sel_7th_pre_req"": ""85"", ""sel_7th_pre_bid"": ""-31850"", ""sel_6th_pre_req_pre"": ""0"", ""sel_6th_pre_req"": ""88"", ""sel_6th_pre_bid"": ""-31800"", ""sel_5th_pre_req_pre"": ""0"", ""sel_5th_pre_req"": ""21"", ""sel_5th_pre_bid"": ""-31750"", ""sel_4th_pre_req_pre"": ""0"", ""sel_4th_pre_req"": ""11"", ""sel_4th_pre_bid"": ""-31700"", ""sel_3th_pre_req_pre"": ""0"", ""sel_3th_pre_req"": ""683"", ""sel_3th_pre_bid"": ""-31650"", ""sel_2th_pre_req_pre"": ""0"", ""sel_2th_pre_req"": ""143"", ""sel_2th_pre_bid"": ""-31600"", ""sel_1th_pre_req_pre"": ""--2"", ""sel_fpr_req"": ""198"", ""sel_fpr_bid"": ""-31550"", ""buy_fpr_bid"": ""-31450"", ""buy_fpr_req"": ""10"", ""buy_1th_pre_req_pre"": ""0"", ""buy_2th_pre_bid"": ""-31400"", ""buy_2th_pre_req"": ""43"", ""buy_2th_pre_req_pre"": ""0"", ""buy_3th_pre_bid"": ""-31350"", ""buy_3th_pre_req"": ""21"", ""buy_3th_pre_req_pre"": ""0"", ""buy_4th_pre_bid"": ""-31300"", ""buy_4th_pre_req"": ""11"", ""buy_4th_pre_req_pre"": ""0"", ""buy_5th_pre_bid"": ""-31250"", ""buy_5th_pre_req"": ""22"", ""buy_5th_pre_req_pre"": ""0"", ""buy_6th_pre_bid"": ""-31200"", ""buy_6th_pre_req"": ""18"", ""buy_6th_pre_req_pre"": ""0"", ""buy_7th_pre_bid"": ""-31150"", ""buy_7th_pre_req"": ""22"", ""buy_7th_pre_req_pre"": ""0"", ""buy_8th_pre_bid"": ""-31100"", ""buy_8th_pre_req"": ""17"", ""buy_8th_pre_req_pre"": ""0"", ""buy_9th_pre_bid"": ""-31050"", ""buy_9th_pre_req"": ""138"", ""buy_9th_pre_req_pre"": ""0"", ""buy_10th_pre_bid"": ""-31000"", ""buy_10th_pre_req"": ""218"", ""buy_10th_pre_req_pre"": ""0"", ""tot_sel_req_jub_pre"": ""--2"", ""tot_sel_req"": ""2572"", ""tot_buy_req"": ""520"", ""tot_buy_req_jub_pre"": ""0"", ""ovt_sel_req_pre"": ""0"", ""ovt_sel_req"": ""0"", ""ovt_buy_req"": ""0"", ""ovt_buy_req_pre"": ""0"", ""return_code"": 0, ""return_msg"": ""정상적으로 처리되었습니다""}"
2026-06-10,watchlist,055550,,0,filtered_candidate_recheck,97900,,97900,97800,97900,98000,0.0,0.10214504596527069,,,,,,"{""bid_req_base_tm"": ""115143"", ""sel_10th_pre_req_pre"": ""0"", ""sel_10th_pre_req"": ""401"", ""sel_10th_pre_bid"": ""-98900"", ""sel_9th_pre_req_pre"": ""0"", ""sel_9th_pre_req"": ""525"", ""sel_9th_pre_bid"": ""-98800"", ""sel_8th_pre_req_pre"": ""0"", ""sel_8th_pre_req"": ""619"", ""sel_8th_pre_bid"": ""-98700"", ""sel_7th_pre_req_pre"": ""0"", ""sel_7th_pre_req"": ""10"", ""sel_7th_pre_bid"": ""-98600"", ""sel_6th_pre_req_pre"": ""0"", ""sel_6th_pre_req"": ""50"", ""sel_6th_pre_bid"": ""-98500"", ""sel_5th_pre_req_pre"": ""0"", ""sel_5th_pre_req"": ""34"", ""sel_5th_pre_bid"": ""-98400"", ""sel_4th_pre_req_pre"": ""0"", ""sel_4th_pre_req"": ""269"", ""sel_4th_pre_bid"": ""-98200"", ""sel_3th_pre_req_pre"": ""0"", ""sel_3th_pre_req"": ""727"", ""sel_3th_pre_bid"": ""-98100"", ""sel_2th_pre_req_pre"": ""0"", ""sel_2th_pre_req"": ""2047"", ""sel_2th_pre_bid"": ""-98000"", ""sel_1th_pre_req_pre"": ""0"", ""sel_fpr_req"": ""3010"", ""sel_fpr_bid"": ""-97900"", ""buy_fpr_bid"": ""-97800"", ""buy_fpr_req"": ""1350"", ""buy_1th_pre_req_pre"": ""0"", ""buy_2th_pre_bid"": ""-97700"", ""buy_2th_pre_req"": ""697"", ""buy_2th_pre_req_pre"": ""0"", ""buy_3th_pre_bid"": ""-97600"", ""buy_3th_pre_req"": ""664"", ""buy_3th_pre_req_pre"": ""0"", ""buy_4th_pre_bid"": ""-97500"", ""buy_4th_pre_req"": ""1302"", ""buy_4th_pre_req_pre"": ""0"", ""buy_5th_pre_bid"": ""-97400"", ""buy_5th_pre_req"": ""281"", ""buy_5th_pre_req_pre"": ""0"", ""buy_6th_pre_bid"": ""-97300"", ""buy_6th_pre_req"": ""1867"", ""buy_6th_pre_req_pre"": ""0"", ""buy_7th_pre_bid"": ""-97200"", ""buy_7th_pre_req"": ""238"", ""buy_7th_pre_req_pre"": ""0"", ""buy_8th_pre_bid"": ""-97100"", ""buy_8th_pre_req"": ""1806"", ""buy_8th_pre_req_pre"": ""0"", ""buy_9th_pre_bid"": ""-97000"", ""buy_9th_pre_req"": ""3683"", ""buy_9th_pre_req_pre"": ""0"", ""buy_10th_pre_bid"": ""-96900"", ""buy_10th_pre_req"": ""41"", ""buy_10th_pre_req_pre"": ""0"", ""tot_sel_req_jub_pre"": ""0"", ""tot_sel_req"": ""7692"", ""tot_buy_req"": ""11929"", ""tot_buy_req_jub_pre"": ""0"", ""ovt_sel_req_pre"": ""0"", ""ovt_sel_req"": ""0"", ""ovt_buy_req"": ""0"", ""ovt_buy_req_pre"": ""0"", ""return_code"": 0, ""return_msg"": ""정상적으로 처리되었습니다""}"
2026-06-10,watchlist,192080,,1,filtered_candidate_recheck,71500,,71500,71400,71500,71700,0.13986013986013987,0.13986013986013987,,,,,,"{""bid_req_base_tm"": ""115142"", ""sel_10th_pre_req_pre"": ""0"", ""sel_10th_pre_req"": ""128"", ""sel_10th_pre_bid"": ""+72400"", ""sel_9th_pre_req_pre"": ""0"", ""sel_9th_pre_req"": ""12"", ""sel_9th_pre_bid"": ""+72300"", ""sel_8th_pre_req_pre"": ""0"", ""sel_8th_pre_req"": ""10"", ""sel_8th_pre_bid"": ""+72200"", ""sel_7th_pre_req_pre"": ""0"", ""sel_7th_pre_req"": ""6"", ""sel_7th_pre_bid"": ""+72100"", ""sel_6th_pre_req_pre"": ""0"", ""sel_6th_pre_req"": ""5"", ""sel_6th_pre_bid"": ""72000"", ""sel_5th_pre_req_pre"": ""+30"", ""sel_5th_pre_req"": ""48"", ""sel_5th_pre_bid"": ""-71900"", ""sel_4th_pre_req_pre"": ""0"", ""sel_4th_pre_req"": ""16"", ""sel_4th_pre_bid"": ""-71800"", ""sel_3th_pre_req_pre"": ""0"", ""sel_3th_pre_req"": ""12"", ""sel_3th_pre_bid"": ""-71700"", ""sel_2th_pre_req_pre"": ""0"", ""sel_2th_pre_req"": ""20"", ""sel_2th_pre_bid"": ""-71600"", ""sel_1th_pre_req_pre"": ""0"", ""sel_fpr_req"": ""14"", ""sel_fpr_bid"": ""-71500"", ""buy_fpr_bid"": ""-71400"", ""buy_fpr_req"": ""149"", ""buy_1th_pre_req_pre"": ""0"", ""buy_2th_pre_bid"": ""-71300"", ""buy_2th_pre_req"": ""4"", ""buy_2th_pre_req_pre"": ""0"", ""buy_3th_pre_bid"": ""-71200"", ""buy_3th_pre_req"": ""28"", ""buy_3th_pre_req_pre"": ""0"", ""buy_4th_pre_bid"": ""-71100"", ""buy_4th_pre_req"": ""20"", ""buy_4th_pre_req_pre"": ""0"", ""buy_5th_pre_bid"": ""-71000"", ""buy_5th_pre_req"": ""79"", ""buy_5th_pre_req_pre"": ""0"", ""buy_6th_pre_bid"": ""-70900"", ""buy_6th_pre_req"": ""50"", ""buy_6th_pre_req_pre"": ""0"", ""buy_7th_pre_bid"": ""-70800"", ""buy_7th_pre_req"": ""82"", ""buy_7th_pre_req_pre"": ""0"", ""buy_8th_pre_bid"": ""-70700"", ""buy_8th_pre_req"": ""140"", ""buy_8th_pre_req_pre"": ""0"", ""buy_9th_pre_bid"": ""-70600"", ""buy_9th_pre_req"": ""100"", ""buy_9th_pre_req_pre"": ""0"", ""buy_10th_pre_bid"": ""-70500"", ""buy_10th_pre_req"": ""98"", ""buy_10th_pre_req_pre"": ""0"", ""tot_sel_req_jub_pre"": ""+30"", ""tot_sel_req"": ""271"", ""tot_buy_req"": ""750"", ""tot_buy_req_jub_pre"": ""0"", ""ovt_sel_req_pre"": ""0"", ""ovt_sel_req"": ""0"", ""ovt_buy_req"": ""0"", ""ovt_buy_req_pre"": ""0"", ""return_code"": 0, ""return_msg"": ""정상적으로 처리되었습니다""}"
2026-06-10,watchlist,000430,,1,filtered_candidate_recheck,5590,,5590,5580,5590,5610,0.17889087656529518,0.17889087656529518,,,,,,"{""bid_req_base_tm"": ""115139"", ""sel_10th_pre_req_pre"": ""0"", ""sel_10th_pre_req"": ""1551"", ""sel_10th_pre_bid"": ""-5680"", ""sel_9th_pre_req_pre"": ""0"", ""sel_9th_pre_req"": ""1175"", ""sel_9th_pre_bid"": ""-5670"", ""sel_8th_pre_req_pre"": ""0"", ""sel_8th_pre_req"": ""59"", ""sel_8th_pre_bid"": ""-5660"", ""sel_7th_pre_req_pre"": ""0"", ""sel_7th_pre_req"": ""4735"", ""sel_7th_pre_bid"": ""-5650"", ""sel_6th_pre_req_pre"": ""0"", ""sel_6th_pre_req"": ""105"", ""sel_6th_pre_bid"": ""-5640"", ""sel_5th_pre_req_pre"": ""0"", ""sel_5th_pre_req"": ""319"", ""sel_5th_pre_bid"": ""-5630"", ""sel_4th_pre_req_pre"": ""0"", ""sel_4th_pre_req"": ""1193"", ""sel_4th_pre_bid"": ""-5620"", ""sel_3th_pre_req_pre"": ""0"", ""sel_3th_pre_req"": ""378"", ""sel_3th_pre_bid"": ""-5610"", ""sel_2th_pre_req_pre"": ""0"", ""sel_2th_pre_req"": ""2466"", ""sel_2th_pre_bid"": ""-5600"", ""sel_1th_pre_req_pre"": ""0"", ""sel_fpr_req"": ""1064"", ""sel_fpr_bid"": ""-5590"", ""buy_fpr_bid"": ""-5580"", ""buy_fpr_req"": ""1148"", ""buy_1th_pre_req_pre"": ""+10"", ""buy_2th_pre_bid"": ""-5570"", ""buy_2th_pre_req"": ""2424"", ""buy_2th_pre_req_pre"": ""0"", ""buy_3th_pre_bid"": ""-5560"", ""buy_3th_pre_req"": ""2418"", ""buy_3th_pre_req_pre"": ""0"", ""buy_4th_pre_bid"": ""-5550"", ""buy_4th_pre_req"": ""4787"", ""buy_4th_pre_req_pre"": ""0"", ""buy_5th_pre_bid"": ""-5540"", ""buy_5th_pre_req"": ""3478"", ""buy_5th_pre_req_pre"": ""0"", ""buy_6th_pre_bid"": ""-5530"", ""buy_6th_pre_req"": ""9577"", ""buy_6th_pre_req_pre"": ""0"", ""buy_7th_pre_bid"": ""-5520"", ""buy_7th_pre_req"": ""8703"", ""buy_7th_pre_req_pre"": ""0"", ""buy_8th_pre_bid"": ""-5510"", ""buy_8th_pre_req"": ""8305"", ""buy_8th_pre_req_pre"": ""0"", ""buy_9th_pre_bid"": ""-5500"", ""buy_9th_pre_req"": ""31588"", ""buy_9th_pre_req_pre"": ""0"", ""buy_10th_pre_bid"": ""-5490"", ""buy_10th_pre_req"": ""16916"", ""buy_10th_pre_req_pre"": ""0"", ""tot_sel_req_jub_pre"": ""0"", ""tot_sel_req"": ""13045"", ""tot_buy_req"": ""89344"", ""tot_buy_req_jub_pre"": ""+10"", ""ovt_sel_req_pre"": ""0"", ""ovt_sel_req"": ""0"", ""ovt_buy_req"": ""0"", ""ovt_buy_req_pre"": ""0"", ""return_code"": 0, ""return_msg"": ""정상적으로 처리되었습니다""}"
2026-06-10,watchlist,307950,,0,filtered_candidate_recheck,698000,,698000,697000,698000,695000,-0.5730659025787965,0.14326647564469913,,,,,,"{""bid_req_base_tm"": ""115143"", ""sel_10th_pre_req_pre"": ""0"", ""sel_10th_pre_req"": ""42"", ""sel_10th_pre_bid"": ""+707000"", ""sel_9th_pre_req_pre"": ""0"", ""sel_9th_pre_req"": ""50"", ""sel_9th_pre_bid"": ""+706000"", ""sel_8th_pre_req_pre"": ""0"", ""sel_8th_pre_req"": ""245"", ""sel_8th_pre_bid"": ""+705000"", ""sel_7th_pre_req_pre"": ""0"", ""sel_7th_pre_req"": ""51"", ""sel_7th_pre_bid"": ""+704000"", ""sel_6th_pre_req_pre"": ""0"", ""sel_6th_pre_req"": ""49"", ""sel_6th_pre_bid"": ""+703000"", ""sel_5th_pre_req_pre"": ""0"", ""sel_5th_pre_req"": ""210"", ""sel_5th_pre_bid"": ""+702000"", ""sel_4th_pre_req_pre"": ""0"", ""sel_4th_pre_req"": ""216"", ""sel_4th_pre_bid"": ""+701000"", ""sel_3th_pre_req_pre"": ""0"", ""sel_3th_pre_req"": ""105"", ""sel_3th_pre_bid"": ""+700000"", ""sel_2th_pre_req_pre"": ""0"", ""sel_2th_pre_req"": ""51"", ""sel_2th_pre_bid"": ""+699000"", ""sel_1th_pre_req_pre"": ""0"", ""sel_fpr_req"": ""86"", ""sel_fpr_bid"": ""+698000"", ""buy_fpr_bid"": ""+697000"", ""buy_fpr_req"": ""45"", ""buy_1th_pre_req_pre"": ""--1"", ""buy_2th_pre_bid"": ""+696000"", ""buy_2th_pre_req"": ""44"", ""buy_2th_pre_req_pre"": ""0"", ""buy_3th_pre_bid"": ""+695000"", ""buy_3th_pre_req"": ""14"", ""buy_3th_pre_req_pre"": ""0"", ""buy_4th_pre_bid"": ""+694000"", ""buy_4th_pre_req"": ""65"", ""buy_4th_pre_req_pre"": ""0"", ""buy_5th_pre_bid"": ""+693000"", ""buy_5th_pre_req"": ""69"", ""buy_5th_pre_req_pre"": ""0"", ""buy_6th_pre_bid"": ""+692000"", ""buy_6th_pre_req"": ""79"", ""buy_6th_pre_req_pre"": ""0"", ""buy_7th_pre_bid"": ""+691000"", ""buy_7th_pre_req"": ""109"", ""buy_7th_pre_req_pre"": ""0"", ""buy_8th_pre_bid"": ""+690000"", ""buy_8th_pre_req"": ""71"", ""buy_8th_pre_req_pre"": ""0"", ""buy_9th_pre_bid"": ""+689000"", ""buy_9th_pre_req"": ""87"", ""buy_9th_pre_req_pre"": ""0"", ""buy_10th_pre_bid"": ""+688000"", ""buy_10th_pre_req"": ""91"", ""buy_10th_pre_req_pre"": ""0"", ""tot_sel_req_jub_pre"": ""0"", ""tot_sel_req"": ""1105"", ""tot_buy_req"": ""674"", ""tot_buy_req_jub_pre"": ""--1"", ""ovt_sel_req_pre"": ""0"", ""ovt_sel_req"": ""0"", ""ovt_buy_req"": ""0"", ""ovt_buy_req_pre"": ""0"", ""return_code"": 0, ""return_msg"": ""정상적으로 처리되었습니다""}"
2026-06-10,watchlist,114090,,0,filtered_candidate_recheck,12150,,12150,12110,12150,12050,-1.2345679012345678,0.3292181069958848,,,,,,"{""bid_req_base_tm"": ""115143"", ""sel_10th_pre_req_pre"": ""0"", ""sel_10th_pre_req"": ""1263"", ""sel_10th_pre_bid"": ""+12240"", ""sel_9th_pre_req_pre"": ""0"", ""sel_9th_pre_req"": ""411"", ""sel_9th_pre_bid"": ""+12230"", ""sel_8th_pre_req_pre"": ""0"", ""sel_8th_pre_req"": ""1360"", ""sel_8th_pre_bid"": ""+12220"", ""sel_7th_pre_req_pre"": ""0"", ""sel_7th_pre_req"": ""239"", ""sel_7th_pre_bid"": ""+12210"", ""sel_6th_pre_req_pre"": ""0"", ""sel_6th_pre_req"": ""2436"", ""sel_6th_pre_bid"": ""+12200"", ""sel_5th_pre_req_pre"": ""0"", ""sel_5th_pre_req"": ""434"", ""sel_5th_pre_bid"": ""+12190"", ""sel_4th_pre_req_pre"": ""0"", ""sel_4th_pre_req"": ""227"", ""sel_4th_pre_bid"": ""+12180"", ""sel_3th_pre_req_pre"": ""0"", ""sel_3th_pre_req"": ""1050"", ""sel_3th_pre_bid"": ""+12170"", ""sel_2th_pre_req_pre"": ""0"", ""sel_2th_pre_req"": ""10"", ""sel_2th_pre_bid"": ""+12160"", ""sel_1th_pre_req_pre"": ""+51"", ""sel_fpr_req"": ""251"", ""sel_fpr_bid"": ""+12150"", ""buy_fpr_bid"": ""+12110"", ""buy_fpr_req"": ""433"", ""buy_1th_pre_req_pre"": ""0"", ""buy_2th_pre_bid"": ""+12100"", ""buy_2th_pre_req"": ""195"", ""buy_2th_pre_req_pre"": ""0"", ""buy_3th_pre_bid"": ""+12090"", ""buy_3th_pre_req"": ""24"", ""buy_3th_pre_req_pre"": ""0"", ""buy_4th_pre_bid"": ""+12080"", ""buy_4th_pre_req"": ""13"", ""buy_4th_pre_req_pre"": ""0"", ""buy_5th_pre_bid"": ""+12070"", ""buy_5th_pre_req"": ""100"", ""buy_5th_pre_req_pre"": ""0"", ""buy_6th_pre_bid"": ""+12040"", ""buy_6th_pre_req"": ""20"", ""buy_6th_pre_req_pre"": ""0"", ""buy_7th_pre_bid"": ""+12020"", ""buy_7th_pre_req"": ""221"", ""buy_7th_pre_req_pre"": ""0"", ""buy_8th_pre_bid"": ""+12010"", ""buy_8th_pre_req"": ""205"", ""buy_8th_pre_req_pre"": ""0"", ""buy_9th_pre_bid"": ""+12000"", ""buy_9th_pre_req"": ""1071"", ""buy_9th_pre_req_pre"": ""0"", ""buy_10th_pre_bid"": ""+11990"", ""buy_10th_pre_req"": ""100"", ""buy_10th_pre_req_pre"": ""0"", ""tot_sel_req_jub_pre"": ""+51"", ""tot_sel_req"": ""7681"", ""tot_buy_req"": ""2382"", ""tot_buy_req_jub_pre"": ""0"", ""ovt_sel_req_pre"": ""0"", ""ovt_sel_req"": ""0"", ""ovt_buy_req"": ""0"", ""ovt_buy_req_pre"": ""0"", ""return_code"": 0, ""return_msg"": ""정상적으로 처리되었습니다""}"
2026-06-10,watchlist,281820,,1,filtered_candidate_recheck,66500,,66500,66300,66500,66900,0.4511278195488722,0.30075187969924816,,,,,,"{""bid_req_base_tm"": ""115135"", ""sel_10th_pre_req_pre"": ""0"", ""sel_10th_pre_req"": ""1"", ""sel_10th_pre_bid"": ""+67700"", ""sel_9th_pre_req_pre"": ""0"", ""sel_9th_pre_req"": ""50"", ""sel_9th_pre_bid"": ""+67600"", ""sel_8th_pre_req_pre"": ""0"", ""sel_8th_pre_req"": ""141"", ""sel_8th_pre_bid"": ""+67500"", ""sel_7th_pre_req_pre"": ""0"", ""sel_7th_pre_req"": ""2"", ""sel_7th_pre_bid"": ""+67200"", ""sel_6th_pre_req_pre"": ""0"", ""sel_6th_pre_req"": ""7"", ""sel_6th_pre_bid"": ""+67100"", ""sel_5th_pre_req_pre"": ""0"", ""sel_5th_pre_req"": ""2"", ""sel_5th_pre_bid"": ""+66900"", ""sel_4th_pre_req_pre"": ""0"", ""sel_4th_pre_req"": ""3"", ""sel_4th_pre_bid"": ""+66800"", ""sel_3th_pre_req_pre"": ""0"", ""sel_3th_pre_req"": ""23"", ""sel_3th_pre_bid"": ""+66700"", ""sel_2th_pre_req_pre"": ""0"", ""sel_2th_pre_req"": ""41"", ""sel_2th_pre_bid"": ""+66600"", ""sel_1th_pre_req_pre"": ""0"", ""sel_fpr_req"": ""110"", ""sel_fpr_bid"": ""+66500"", ""buy_fpr_bid"": ""-66300"", ""buy_fpr_req"": ""305"", ""buy_1th_pre_req_pre"": ""+4"", ""buy_2th_pre_bid"": ""-66200"", ""buy_2th_pre_req"": ""102"", ""buy_2th_pre_req_pre"": ""0"", ""buy_3th_pre_bid"": ""-66100"", ""buy_3th_pre_req"": ""76"", ""buy_3th_pre_req_pre"": ""0"", ""buy_4th_pre_bid"": ""-66000"", ""buy_4th_pre_req"": ""62"", ""buy_4th_pre_req_pre"": ""0"", ""buy_5th_pre_bid"": ""-65900"", ""buy_5th_pre_req"": ""86"", ""buy_5th_pre_req_pre"": ""0"", ""buy_6th_pre_bid"": ""-65800"", ""buy_6th_pre_req"": ""106"", ""buy_6th_pre_req_pre"": ""0"", ""buy_7th_pre_bid"": ""-65700"", ""buy_7th_pre_req"": ""130"", ""buy_7th_pre_req_pre"": ""0"", ""buy_8th_pre_bid"": ""-65600"", ""buy_8th_pre_req"": ""73"", ""buy_8th_pre_req_pre"": ""0"", ""buy_9th_pre_bid"": ""-65500"", ""buy_9th_pre_req"": ""162"", ""buy_9th_pre_req_pre"": ""0"", ""buy_10th_pre_bid"": ""-65400"", ""buy_10th_pre_req"": ""72"", ""buy_10th_pre_req_pre"": ""0"", ""tot_sel_req_jub_pre"": ""0"", ""tot_sel_req"": ""380"", ""tot_buy_req"": ""1174"", ""tot_buy_req_jub_pre"": ""+4"", ""ovt_sel_req_pre"": ""0"", ""ovt_sel_req"": ""0"", ""ovt_buy_req"": ""0"", ""ovt_buy_req_pre"": ""0"", ""return_code"": 0, ""return_msg"": ""정상적으로 처리되었습니다""}"
2026-06-10,watchlist,489790,,0,filtered_candidate_recheck,67600,,67600,67500,67600,67600,-0.14792899408284024,0.14792899408284024,,,,,,"{""bid_req_base_tm"": ""115144"", ""sel_10th_pre_req_pre"": ""0"", ""sel_10th_pre_req"": ""30"", ""sel_10th_pre_bid"": ""+68500"", ""sel_9th_pre_req_pre"": ""0"", ""sel_9th_pre_req"": ""8"", ""sel_9th_pre_bid"": ""+68400"", ""sel_8th_pre_req_pre"": ""0"", ""sel_8th_pre_req"": ""25"", ""sel_8th_pre_bid"": ""+68300"", ""sel_7th_pre_req_pre"": ""0"", ""sel_7th_pre_req"": ""25"", ""sel_7th_pre_bid"": ""+68200"", ""sel_6th_pre_req_pre"": ""0"", ""sel_6th_pre_req"": ""18"", ""sel_6th_pre_bid"": ""+68100"", ""sel_5th_pre_req_pre"": ""0"", ""sel_5th_pre_req"": ""120"", ""sel_5th_pre_bid"": ""+68000"", ""sel_4th_pre_req_pre"": ""0"", ""sel_4th_pre_req"": ""119"", ""sel_4th_pre_bid"": ""+67900"", ""sel_3th_pre_req_pre"": ""0"", ""sel_3th_pre_req"": ""1009"", ""sel_3th_pre_bid"": ""+67800"", ""sel_2th_pre_req_pre"": ""--4"", ""sel_2th_pre_req"": ""224"", ""sel_2th_pre_bid"": ""+67700"", ""sel_1th_pre_req_pre"": ""0"", ""sel_fpr_req"": ""4"", ""sel_fpr_bid"": ""+67600"", ""buy_fpr_bid"": ""+67500"", ""buy_fpr_req"": ""179"", ""buy_1th_pre_req_pre"": ""0"", ""buy_2th_pre_bid"": ""+67400"", ""buy_2th_pre_req"": ""32"", ""buy_2th_pre_req_pre"": ""0"", ""buy_3th_pre_bid"": ""+67300"", ""buy_3th_pre_req"": ""25"", ""buy_3th_pre_req_pre"": ""0"", ""buy_4th_pre_bid"": ""+67200"", ""buy_4th_pre_req"": ""108"", ""buy_4th_pre_req_pre"": ""0"", ""buy_5th_pre_bid"": ""+67100"", ""buy_5th_pre_req"": ""115"", ""buy_5th_pre_req_pre"": ""0"", ""buy_6th_pre_bid"": ""+67000"", ""buy_6th_pre_req"": ""38"", ""buy_6th_pre_req_pre"": ""0"", ""buy_7th_pre_bid"": ""+66900"", ""buy_7th_pre_req"": ""127"", ""buy_7th_pre_req_pre"": ""0"", ""buy_8th_pre_bid"": ""+66800"", ""buy_8th_pre_req"": ""931"", ""buy_8th_pre_req_pre"": ""0"", ""buy_9th_pre_bid"": ""+66700"", ""buy_9th_pre_req"": ""72"", ""buy_9th_pre_req_pre"": ""0"", ""buy_10th_pre_bid"": ""+66600"", ""buy_10th_pre_req"": ""67"", ""buy_10th_pre_req_pre"": ""0"", ""tot_sel_req_jub_pre"": ""--1093"", ""tot_sel_req"": ""1582"", ""tot_buy_req"": ""1694"", ""tot_buy_req_jub_pre"": ""0"", ""ovt_sel_req_pre"": ""0"", ""ovt_sel_req"": ""0"", ""ovt_buy_req"": ""0"", ""ovt_buy_req_pre"": ""0"", ""return_code"": 0, ""return_msg"": ""정상적으로 처리되었습니다""}"
2026-06-10,watchlist,092200,,0,filtered_candidate_recheck,9570,,9570,9560,9570,9530,-0.522466039707419,0.10449320794148381,,,,,,"{""bid_req_base_tm"": ""115143"", ""sel_10th_pre_req_pre"": ""0"", ""sel_10th_pre_req"": ""105"", ""sel_10th_pre_bid"": ""-9660"", ""sel_9th_pre_req_pre"": ""0"", ""sel_9th_pre_req"": ""388"", ""sel_9th_pre_bid"": ""-9650"", ""sel_8th_pre_req_pre"": ""0"", ""sel_8th_pre_req"": ""856"", ""sel_8th_pre_bid"": ""-9640"", ""sel_7th_pre_req_pre"": ""0"", ""sel_7th_pre_req"": ""72"", ""sel_7th_pre_bid"": ""-9630"", ""sel_6th_pre_req_pre"": ""0"", ""sel_6th_pre_req"": ""61"", ""sel_6th_pre_bid"": ""-9620"", ""sel_5th_pre_req_pre"": ""0"", ""sel_5th_pre_req"": ""49"", ""sel_5th_pre_bid"": ""-9610"", ""sel_4th_pre_req_pre"": ""0"", ""sel_4th_pre_req"": ""225"", ""sel_4th_pre_bid"": ""-9600"", ""sel_3th_pre_req_pre"": ""0"", ""sel_3th_pre_req"": ""1163"", ""sel_3th_pre_bid"": ""-9590"", ""sel_2th_pre_req_pre"": ""0"", ""sel_2th_pre_req"": ""267"", ""sel_2th_pre_bid"": ""-9580"", ""sel_1th_pre_req_pre"": ""+10"", ""sel_fpr_req"": ""375"", ""sel_fpr_bid"": ""-9570"", ""buy_fpr_bid"": ""-9560"", ""buy_fpr_req"": ""1"", ""buy_1th_pre_req_pre"": ""0"", ""buy_2th_pre_bid"": ""-9550"", ""buy_2th_pre_req"": ""151"", ""buy_2th_pre_req_pre"": ""+84"", ""buy_3th_pre_bid"": ""-9540"", ""buy_3th_pre_req"": ""4"", ""buy_3th_pre_req_pre"": ""0"", ""buy_4th_pre_bid"": ""-9530"", ""buy_4th_pre_req"": ""1"", ""buy_4th_pre_req_pre"": ""0"", ""buy_5th_pre_bid"": ""-9520"", ""buy_5th_pre_req"": ""35"", ""buy_5th_pre_req_pre"": ""0"", ""buy_6th_pre_bid"": ""-9510"", ""buy_6th_pre_req"": ""30"", ""buy_6th_pre_req_pre"": ""0"", ""buy_7th_pre_bid"": ""-9500"", ""buy_7th_pre_req"": ""59"", ""buy_7th_pre_req_pre"": ""0"", ""buy_8th_pre_bid"": ""-9490"", ""buy_8th_pre_req"": ""342"", ""buy_8th_pre_req_pre"": ""0"", ""buy_9th_pre_bid"": ""-9480"", ""buy_9th_pre_req"": ""1"", ""buy_9th_pre_req_pre"": ""0"", ""buy_10th_pre_bid"": ""-9470"", ""buy_10th_pre_req"": ""176"", ""buy_10th_pre_req_pre"": ""0"", ""tot_sel_req_jub_pre"": ""+10"", ""tot_sel_req"": ""3561"", ""tot_buy_req"": ""800"", ""tot_buy_req_jub_pre"": ""+84"", ""ovt_sel_req_pre"": ""0"", ""ovt_sel_req"": ""0"", ""ovt_buy_req"": ""0"", ""ovt_buy_req_pre"": ""0"", ""return_code"": 0, ""return_msg"": ""정상적으로 처리되었습니다""}"
2026-06-10,watchlist,175330,,1,filtered_candidate_recheck,25450,,25450,25400,25450,25450,-0.19646365422396855,0.19646365422396855,,,,,,"{""bid_req_base_tm"": ""115141"", ""sel_10th_pre_req_pre"": ""0"", ""sel_10th_pre_req"": ""563"", ""sel_10th_pre_bid"": ""25900"", ""sel_9th_pre_req_pre"": ""0"", ""sel_9th_pre_req"": ""470"", ""sel_9th_pre_bid"": ""-25850"", ""sel_8th_pre_req_pre"": ""0"", ""sel_8th_pre_req"": ""43"", ""sel_8th_pre_bid"": ""-25800"", ""sel_7th_pre_req_pre"": ""0"", ""sel_7th_pre_req"": ""101"", ""sel_7th_pre_bid"": ""-25750"", ""sel_6th_pre_req_pre"": ""0"", ""sel_6th_pre_req"": ""86"", ""sel_6th_pre_bid"": ""-25700"", ""sel_5th_pre_req_pre"": ""0"", ""sel_5th_pre_req"": ""149"", ""sel_5th_pre_bid"": ""-25650"", ""sel_4th_pre_req_pre"": ""0"", ""sel_4th_pre_req"": ""483"", ""sel_4th_pre_bid"": ""-25600"", ""sel_3th_pre_req_pre"": ""0"", ""sel_3th_pre_req"": ""779"", ""sel_3th_pre_bid"": ""-25550"", ""sel_2th_pre_req_pre"": ""0"", ""sel_2th_pre_req"": ""2450"", ""sel_2th_pre_bid"": ""-25500"", ""sel_1th_pre_req_pre"": ""0"", ""sel_fpr_req"": ""4014"", ""sel_fpr_bid"": ""-25450"", ""buy_fpr_bid"": ""-25400"", ""buy_fpr_req"": ""4411"", ""buy_1th_pre_req_pre"": ""0"", ""buy_2th_pre_bid"": ""-25350"", ""buy_2th_pre_req"": ""962"", ""buy_2th_pre_req_pre"": ""0"", ""buy_3th_pre_bid"": ""-25300"", ""buy_3th_pre_req"": ""363"", ""buy_3th_pre_req_pre"": ""0"", ""buy_4th_pre_bid"": ""-25250"", ""buy_4th_pre_req"": ""491"", ""buy_4th_pre_req_pre"": ""0"", ""buy_5th_pre_bid"": ""-25200"", ""buy_5th_pre_req"": ""381"", ""buy_5th_pre_req_pre"": ""0"", ""buy_6th_pre_bid"": ""-25150"", ""buy_6th_pre_req"": ""840"", ""buy_6th_pre_req_pre"": ""0"", ""buy_7th_pre_bid"": ""-25100"", ""buy_7th_pre_req"": ""542"", ""buy_7th_pre_req_pre"": ""0"", ""buy_8th_pre_bid"": ""-25050"", ""buy_8th_pre_req"": ""621"", ""buy_8th_pre_req_pre"": ""0"", ""buy_9th_pre_bid"": ""-25000"", ""buy_9th_pre_req"": ""704"", ""buy_9th_pre_req_pre"": ""0"", ""buy_10th_pre_bid"": ""-24950"", ""buy_10th_pre_req"": ""289"", ""buy_10th_pre_req_pre"": ""0"", ""tot_sel_req_jub_pre"": ""0"", ""tot_sel_req"": ""9138"", ""tot_buy_req"": ""9604"", ""tot_buy_req_jub_pre"": ""0"", ""ovt_sel_req_pre"": ""0"", ""ovt_sel_req"": ""0"", ""ovt_buy_req"": ""0"", ""ovt_buy_req_pre"": ""0"", ""return_code"": 0, ""return_msg"": ""정상적으로 처리되었습니다""}"
2026-06-10,watchlist,069960,,0,filtered_candidate_recheck,173500,,173500,173200,173500,173000,-0.5763688760806917,0.1729106628242075,,,,,,"{""bid_req_base_tm"": ""115143"", ""sel_10th_pre_req_pre"": ""0"", ""sel_10th_pre_req"": ""2"", ""sel_10th_pre_bid"": ""+174600"", ""sel_9th_pre_req_pre"": ""0"", ""sel_9th_pre_req"": ""6"", ""sel_9th_pre_bid"": ""+174500"", ""sel_8th_pre_req_pre"": ""0"", ""sel_8th_pre_req"": ""11"", ""sel_8th_pre_bid"": ""+174400"", ""sel_7th_pre_req_pre"": ""0"", ""sel_7th_pre_req"": ""1"", ""sel_7th_pre_bid"": ""+174300"", ""sel_6th_pre_req_pre"": ""0"", ""sel_6th_pre_req"": ""14"", ""sel_6th_pre_bid"": ""+174200"", ""sel_5th_pre_req_pre"": ""0"", ""sel_5th_pre_req"": ""2"", ""sel_5th_pre_bid"": ""+173900"", ""sel_4th_pre_req_pre"": ""0"", ""sel_4th_pre_req"": ""27"", ""sel_4th_pre_bid"": ""+173800"", ""sel_3th_pre_req_pre"": ""0"", ""sel_3th_pre_req"": ""19"", ""sel_3th_pre_bid"": ""+173700"", ""sel_2th_pre_req_pre"": ""+3"", ""sel_2th_pre_req"": ""117"", ""sel_2th_pre_bid"": ""+173600"", ""sel_1th_pre_req_pre"": ""0"", ""sel_fpr_req"": ""7"", ""sel_fpr_bid"": ""+173500"", ""buy_fpr_bid"": ""+173200"", ""buy_fpr_req"": ""44"", ""buy_1th_pre_req_pre"": ""0"", ""buy_2th_pre_bid"": ""+173100"", ""buy_2th_pre_req"": ""1"", ""buy_2th_pre_req_pre"": ""0"", ""buy_3th_pre_bid"": ""+173000"", ""buy_3th_pre_req"": ""2"", ""buy_3th_pre_req_pre"": ""0"", ""buy_4th_pre_bid"": ""+172800"", ""buy_4th_pre_req"": ""133"", ""buy_4th_pre_req_pre"": ""0"", ""buy_5th_pre_bid"": ""+172700"", ""buy_5th_pre_req"": ""8"", ""buy_5th_pre_req_pre"": ""0"", ""buy_6th_pre_bid"": ""+172100"", ""buy_6th_pre_req"": ""1"", ""buy_6th_pre_req_pre"": ""0"", ""buy_7th_pre_bid"": ""+172000"", ""buy_7th_pre_req"": ""32"", ""buy_7th_pre_req_pre"": ""0"", ""buy_8th_pre_bid"": ""+171900"", ""buy_8th_pre_req"": ""46"", ""buy_8th_pre_req_pre"": ""0"", ""buy_9th_pre_bid"": ""+171400"", ""buy_9th_pre_req"": ""6"", ""buy_9th_pre_req_pre"": ""0"", ""buy_10th_pre_bid"": ""+170700"", ""buy_10th_pre_req"": ""28"", ""buy_10th_pre_req_pre"": ""0"", ""tot_sel_req_jub_pre"": ""+3"", ""tot_sel_req"": ""206"", ""tot_buy_req"": ""301"", ""tot_buy_req_jub_pre"": ""0"", ""ovt_sel_req_pre"": ""0"", ""ovt_sel_req"": ""0"", ""ovt_buy_req"": ""0"", ""ovt_buy_req_pre"": ""0"", ""return_code"": 0, ""return_msg"": ""정상적으로 처리되었습니다""}"
2026-06-10,watchlist,001450,,0,filtered_candidate_recheck,37400,,37400,37350,37400,37500,0.1336898395721925,0.1336898395721925,,,,,,"{""bid_req_base_tm"": ""115143"", ""sel_10th_pre_req_pre"": ""0"", ""sel_10th_pre_req"": ""459"", ""sel_10th_pre_bid"": ""+37850"", ""sel_9th_pre_req_pre"": ""0"", ""sel_9th_pre_req"": ""503"", ""sel_9th_pre_bid"": ""+37800"", ""sel_8th_pre_req_pre"": ""0"", ""sel_8th_pre_req"": ""635"", ""sel_8th_pre_bid"": ""+37750"", ""sel_7th_pre_req_pre"": ""0"", ""sel_7th_pre_req"": ""175"", ""sel_7th_pre_bid"": ""+37700"", ""sel_6th_pre_req_pre"": ""0"", ""sel_6th_pre_req"": ""159"", ""sel_6th_pre_bid"": ""+37650"", ""sel_5th_pre_req_pre"": ""0"", ""sel_5th_pre_req"": ""314"", ""sel_5th_pre_bid"": ""+37600"", ""sel_4th_pre_req_pre"": ""0"", ""sel_4th_pre_req"": ""219"", ""sel_4th_pre_bid"": ""+37550"", ""sel_3th_pre_req_pre"": ""0"", ""sel_3th_pre_req"": ""131"", ""sel_3th_pre_bid"": ""+37500"", ""sel_2th_pre_req_pre"": ""0"", ""sel_2th_pre_req"": ""74"", ""sel_2th_pre_bid"": ""+37450"", ""sel_1th_pre_req_pre"": ""0"", ""sel_fpr_req"": ""206"", ""sel_fpr_bid"": ""+37400"", ""buy_fpr_bid"": ""+37350"", ""buy_fpr_req"": ""658"", ""buy_1th_pre_req_pre"": ""0"", ""buy_2th_pre_bid"": ""+37300"", ""buy_2th_pre_req"": ""1173"", ""buy_2th_pre_req_pre"": ""0"", ""buy_3th_pre_bid"": ""+37250"", ""buy_3th_pre_req"": ""300"", ""buy_3th_pre_req_pre"": ""0"", ""buy_4th_pre_bid"": ""+37200"", ""buy_4th_pre_req"": ""489"", ""buy_4th_pre_req_pre"": ""0"", ""buy_5th_pre_bid"": ""+37150"", ""buy_5th_pre_req"": ""518"", ""buy_5th_pre_req_pre"": ""0"", ""buy_6th_pre_bid"": ""+37100"", ""buy_6th_pre_req"": ""806"", ""buy_6th_pre_req_pre"": ""0"", ""buy_7th_pre_bid"": ""+37050"", ""buy_7th_pre_req"": ""2827"", ""buy_7th_pre_req_pre"": ""0"", ""buy_8th_pre_bid"": ""+37000"", ""buy_8th_pre_req"": ""644"", ""buy_8th_pre_req_pre"": ""0"", ""buy_9th_pre_bid"": ""+36950"", ""buy_9th_pre_req"": ""130"", ""buy_9th_pre_req_pre"": ""0"", ""buy_10th_pre_bid"": ""36900"", ""buy_10th_pre_req"": ""1130"", ""buy_10th_pre_req_pre"": ""0"", ""tot_sel_req_jub_pre"": ""--151"", ""tot_sel_req"": ""2875"", ""tot_buy_req"": ""8675"", ""tot_buy_req_jub_pre"": ""0"", ""ovt_sel_req_pre"": ""0"", ""ovt_sel_req"": ""0"", ""ovt_buy_req"": ""0"", ""ovt_buy_req_pre"": ""0"", ""return_code"": 0, ""return_msg"": ""정상적으로 처리되었습니다""}"
2026-06-10,watchlist,011070,,0,filtered_candidate_recheck,1146000,,1146000,1145000,1146000,1143000,-0.34904013961605584,0.08726003490401396,,,,,,"{""bid_req_base_tm"": ""115145"", ""sel_10th_pre_req_pre"": ""0"", ""sel_10th_pre_req"": ""232"", ""sel_10th_pre_bid"": ""+1155000"", ""sel_9th_pre_req_pre"": ""0"", ""sel_9th_pre_req"": ""111"", ""sel_9th_pre_bid"": ""+1154000"", ""sel_8th_pre_req_pre"": ""0"", ""sel_8th_pre_req"": ""106"", ""sel_8th_pre_bid"": ""+1153000"", ""sel_7th_pre_req_pre"": ""0"", ""sel_7th_pre_req"": ""127"", ""sel_7th_pre_bid"": ""+1152000"", ""sel_6th_pre_req_pre"": ""0"", ""sel_6th_pre_req"": ""32"", ""sel_6th_pre_bid"": ""+1151000"", ""sel_5th_pre_req_pre"": ""0"", ""sel_5th_pre_req"": ""668"", ""sel_5th_pre_bid"": ""+1150000"", ""sel_4th_pre_req_pre"": ""0"", ""sel_4th_pre_req"": ""19"", ""sel_4th_pre_bid"": ""+1149000"", ""sel_3th_pre_req_pre"": ""0"", ""sel_3th_pre_req"": ""3"", ""sel_3th_pre_bid"": ""+1148000"", ""sel_2th_pre_req_pre"": ""0"", ""sel_2th_pre_req"": ""15"", ""sel_2th_pre_bid"": ""+1147000"", ""sel_1th_pre_req_pre"": ""0"", ""sel_fpr_req"": ""86"", ""sel_fpr_bid"": ""+1146000"", ""buy_fpr_bid"": ""+1145000"", ""buy_fpr_req"": ""83"", ""buy_1th_pre_req_pre"": ""0"", ""buy_2th_pre_bid"": ""+1144000"", ""buy_2th_pre_req"": ""46"", ""buy_2th_pre_req_pre"": ""0"", ""buy_3th_pre_bid"": ""+1143000"", ""buy_3th_pre_req"": ""23"", ""buy_3th_pre_req_pre"": ""0"", ""buy_4th_pre_bid"": ""+1142000"", ""buy_4th_pre_req"": ""172"", ""buy_4th_pre_req_pre"": ""0"", ""buy_5th_pre_bid"": ""+1141000"", ""buy_5th_pre_req"": ""12"", ""buy_5th_pre_req_pre"": ""0"", ""buy_6th_pre_bid"": ""+1140000"", ""buy_6th_pre_req"": ""5"", ""buy_6th_pre_req_pre"": ""0"", ""buy_7th_pre_bid"": ""+1139000"", ""buy_7th_pre_req"": ""9"", ""buy_7th_pre_req_pre"": ""0"", ""buy_8th_pre_bid"": ""+1138000"", ""buy_8th_pre_req"": ""76"", ""buy_8th_pre_req_pre"": ""0"", ""buy_9th_pre_bid"": ""1137000"", ""buy_9th_pre_req"": ""83"", ""buy_9th_pre_req_pre"": ""0"", ""buy_10th_pre_bid"": ""-1136000"", ""buy_10th_pre_req"": ""43"", ""buy_10th_pre_req_pre"": ""0"", ""tot_sel_req_jub_pre"": ""0"", ""tot_sel_req"": ""1399"", ""tot_buy_req"": ""552"", ""tot_buy_req_jub_pre"": ""0"", ""ovt_sel_req_pre"": ""0"", ""ovt_sel_req"": ""0"", ""ovt_buy_req"": ""0"", ""ovt_buy_req_pre"": ""0"", ""return_code"": 0, ""return_msg"": ""정상적으로 처리되었습니다""}"
2026-06-10,watchlist,088350,,0,filtered_candidate_recheck,4815,,4815,4805,4815,4830,0.20768431983385255,0.20768431983385255,,,,,,"{""bid_req_base_tm"": ""115145"", ""sel_10th_pre_req_pre"": ""0"", ""sel_10th_pre_req"": ""1758"", ""sel_10th_pre_bid"": ""-4860"", ""sel_9th_pre_req_pre"": ""0"", ""sel_9th_pre_req"": ""876"", ""sel_9th_pre_bid"": ""-4855"", ""sel_8th_pre_req_pre"": ""0"", ""sel_8th_pre_req"": ""3495"", ""sel_8th_pre_bid"": ""-4850"", ""sel_7th_pre_req_pre"": ""0"", ""sel_7th_pre_req"": ""1001"", ""sel_7th_pre_bid"": ""-4845"", ""sel_6th_pre_req_pre"": ""0"", ""sel_6th_pre_req"": ""1000"", ""sel_6th_pre_bid"": ""-4840"", ""sel_5th_pre_req_pre"": ""0"", ""sel_5th_pre_req"": ""243"", ""sel_5th_pre_bid"": ""-4835"", ""sel_4th_pre_req_pre"": ""0"", ""sel_4th_pre_req"": ""301"", ""sel_4th_pre_bid"": ""-4830"", ""sel_3th_pre_req_pre"": ""0"", ""sel_3th_pre_req"": ""79"", ""sel_3th_pre_bid"": ""-4825"", ""sel_2th_pre_req_pre"": ""0"", ""sel_2th_pre_req"": ""1271"", ""sel_2th_pre_bid"": ""-4820"", ""sel_1th_pre_req_pre"": ""0"", ""sel_fpr_req"": ""45"", ""sel_fpr_bid"": ""-4815"", ""buy_fpr_bid"": ""-4805"", ""buy_fpr_req"": ""4972"", ""buy_1th_pre_req_pre"": ""+3"", ""buy_2th_pre_bid"": ""-4800"", ""buy_2th_pre_req"": ""17415"", ""buy_2th_pre_req_pre"": ""0"", ""buy_3th_pre_bid"": ""-4795"", ""buy_3th_pre_req"": ""12992"", ""buy_3th_pre_req_pre"": ""0"", ""buy_4th_pre_bid"": ""-4790"", ""buy_4th_pre_req"": ""16576"", ""buy_4th_pre_req_pre"": ""0"", ""buy_5th_pre_bid"": ""-4785"", ""buy_5th_pre_req"": ""11642"", ""buy_5th_pre_req_pre"": ""0"", ""buy_6th_pre_bid"": ""-4780"", ""buy_6th_pre_req"": ""15169"", ""buy_6th_pre_req_pre"": ""0"", ""buy_7th_pre_bid"": ""-4775"", ""buy_7th_pre_req"": ""5187"", ""buy_7th_pre_req_pre"": ""0"", ""buy_8th_pre_bid"": ""-4770"", ""buy_8th_pre_req"": ""8927"", ""buy_8th_pre_req_pre"": ""0"", ""buy_9th_pre_bid"": ""-4765"", ""buy_9th_pre_req"": ""7586"", ""buy_9th_pre_req_pre"": ""0"", ""buy_10th_pre_bid"": ""-4760"", ""buy_10th_pre_req"": ""4678"", ""buy_10th_pre_req_pre"": ""0"", ""tot_sel_req_jub_pre"": ""0"", ""tot_sel_req"": ""10069"", ""tot_buy_req"": ""105144"", ""tot_buy_req_jub_pre"": ""+3"", ""ovt_sel_req_pre"": ""0"", ""ovt_sel_req"": ""0"", ""ovt_buy_req"": ""0"", ""ovt_buy_req_pre"": ""0"", ""return_code"": 0, ""return_msg"": ""정상적으로 처리되었습니다""}"
2026-06-10,watchlist,195870,,0,filtered_candidate_recheck,76500,,76500,75900,76500,76200,-0.522875816993464,0.7843137254901961,,,,,,"{""bid_req_base_tm"": ""115144"", ""sel_10th_pre_req_pre"": ""0"", ""sel_10th_pre_req"": ""11"", ""sel_10th_pre_bid"": ""+77500"", ""sel_9th_pre_req_pre"": ""0"", ""sel_9th_pre_req"": ""2"", ""sel_9th_pre_bid"": ""+77400"", ""sel_8th_pre_req_pre"": ""0"", ""sel_8th_pre_req"": ""14"", ""sel_8th_pre_bid"": ""+77300"", ""sel_7th_pre_req_pre"": ""0"", ""sel_7th_pre_req"": ""10"", ""sel_7th_pre_bid"": ""+77200"", ""sel_6th_pre_req_pre"": ""0"", ""sel_6th_pre_req"": ""300"", ""sel_6th_pre_bid"": ""+77100"", ""sel_5th_pre_req_pre"": ""0"", ""sel_5th_pre_req"": ""39"", ""sel_5th_pre_bid"": ""+77000"", ""sel_4th_pre_req_pre"": ""0"", ""sel_4th_pre_req"": ""15"", ""sel_4th_pre_bid"": ""+76900"", ""sel_3th_pre_req_pre"": ""--7"", ""sel_3th_pre_req"": ""50"", ""sel_3th_pre_bid"": ""+76700"", ""sel_2th_pre_req_pre"": ""0"", ""sel_2th_pre_req"": ""9"", ""sel_2th_pre_bid"": ""+76600"", ""sel_1th_pre_req_pre"": ""+8"", ""sel_fpr_req"": ""16"", ""sel_fpr_bid"": ""+76500"", ""buy_fpr_bid"": ""+75900"", ""buy_fpr_req"": ""8"", ""buy_1th_pre_req_pre"": ""0"", ""buy_2th_pre_bid"": ""+75800"", ""buy_2th_pre_req"": ""21"", ""buy_2th_pre_req_pre"": ""0"", ""buy_3th_pre_bid"": ""+75700"", ""buy_3th_pre_req"": ""22"", ""buy_3th_pre_req_pre"": ""0"", ""buy_4th_pre_bid"": ""+75600"", ""buy_4th_pre_req"": ""29"", ""buy_4th_pre_req_pre"": ""0"", ""buy_5th_pre_bid"": ""+75500"", ""buy_5th_pre_req"": ""18"", ""buy_5th_pre_req_pre"": ""0"", ""buy_6th_pre_bid"": ""+75400"", ""buy_6th_pre_req"": ""16"", ""buy_6th_pre_req_pre"": ""0"", ""buy_7th_pre_bid"": ""+75300"", ""buy_7th_pre_req"": ""62"", ""buy_7th_pre_req_pre"": ""0"", ""buy_8th_pre_bid"": ""+75200"", ""buy_8th_pre_req"": ""110"", ""buy_8th_pre_req_pre"": ""0"", ""buy_9th_pre_bid"": ""+75100"", ""buy_9th_pre_req"": ""106"", ""buy_9th_pre_req_pre"": ""0"", ""buy_10th_pre_bid"": ""+75000"", ""buy_10th_pre_req"": ""157"", ""buy_10th_pre_req_pre"": ""0"", ""tot_sel_req_jub_pre"": ""+1"", ""tot_sel_req"": ""466"", ""tot_buy_req"": ""549"", ""tot_buy_req_jub_pre"": ""0"", ""ovt_sel_req_pre"": ""0"", ""ovt_sel_req"": ""0"", ""ovt_buy_req"": ""0"", ""ovt_buy_req_pre"": ""0"", ""return_code"": 0, ""return_msg"": ""정상적으로 처리되었습니다""}"
2026-06-10,watchlist,042700,,0,filtered_candidate_recheck,279500,,279500,279000,279500,280500,0.17889087656529518,0.17889087656529518,,,,,,"{""bid_req_base_tm"": ""115145"", ""sel_10th_pre_req_pre"": ""0"", ""sel_10th_pre_req"": ""325"", ""sel_10th_pre_bid"": ""+284000"", ""sel_9th_pre_req_pre"": ""0"", ""sel_9th_pre_req"": ""116"", ""sel_9th_pre_bid"": ""+283500"", ""sel_8th_pre_req_pre"": ""0"", ""sel_8th_pre_req"": ""247"", ""sel_8th_pre_bid"": ""+283000"", ""sel_7th_pre_req_pre"": ""0"", ""sel_7th_pre_req"": ""317"", ""sel_7th_pre_bid"": ""+282500"", ""sel_6th_pre_req_pre"": ""0"", ""sel_6th_pre_req"": ""108"", ""sel_6th_pre_bid"": ""+282000"", ""sel_5th_pre_req_pre"": ""0"", ""sel_5th_pre_req"": ""156"", ""sel_5th_pre_bid"": ""+281500"", ""sel_4th_pre_req_pre"": ""0"", ""sel_4th_pre_req"": ""409"", ""sel_4th_pre_bid"": ""+281000"", ""sel_3th_pre_req_pre"": ""0"", ""sel_3th_pre_req"": ""50"", ""sel_3th_pre_bid"": ""+280500"", ""sel_2th_pre_req_pre"": ""0"", ""sel_2th_pre_req"": ""480"", ""sel_2th_pre_bid"": ""+280000"", ""sel_1th_pre_req_pre"": ""--14"", ""sel_fpr_req"": ""975"", ""sel_fpr_bid"": ""+279500"", ""buy_fpr_bid"": ""+279000"", ""buy_fpr_req"": ""157"", ""buy_1th_pre_req_pre"": ""0"", ""buy_2th_pre_bid"": ""+278500"", ""buy_2th_pre_req"": ""1161"", ""buy_2th_pre_req_pre"": ""0"", ""buy_3th_pre_bid"": ""+278000"", ""buy_3th_pre_req"": ""744"", ""buy_3th_pre_req_pre"": ""0"", ""buy_4th_pre_bid"": ""+277500"", ""buy_4th_pre_req"": ""684"", ""buy_4th_pre_req_pre"": ""0"", ""buy_5th_pre_bid"": ""+277000"", ""buy_5th_pre_req"": ""819"", ""buy_5th_pre_req_pre"": ""0"", ""buy_6th_pre_bid"": ""276500"", ""buy_6th_pre_req"": ""870"", ""buy_6th_pre_req_pre"": ""0"", ""buy_7th_pre_bid"": ""-276000"", ""buy_7th_pre_req"": ""1941"", ""buy_7th_pre_req_pre"": ""0"", ""buy_8th_pre_bid"": ""-275500"", ""buy_8th_pre_req"": ""256"", ""buy_8th_pre_req_pre"": ""0"", ""buy_9th_pre_bid"": ""-275000"", ""buy_9th_pre_req"": ""1412"", ""buy_9th_pre_req_pre"": ""0"", ""buy_10th_pre_bid"": ""-274500"", ""buy_10th_pre_req"": ""173"", ""buy_10th_pre_req_pre"": ""0"", ""tot_sel_req_jub_pre"": ""--14"", ""tot_sel_req"": ""3183"", ""tot_buy_req"": ""8217"", ""tot_buy_req_jub_pre"": ""0"", ""ovt_sel_req_pre"": ""0"", ""ovt_sel_req"": ""0"", ""ovt_buy_req"": ""0"", ""ovt_buy_req_pre"": ""0"", ""return_code"": 0, ""return_msg"": ""정상적으로 처리되었습니다""}"
2026-06-10,watchlist,003160,,0,filtered_candidate_recheck,28100,,28100,28050,28100,28000,-0.5338078291814947,0.1779359430604982,,,,,,"{""bid_req_base_tm"": ""115144"", ""sel_10th_pre_req_pre"": ""0"", ""sel_10th_pre_req"": ""12"", ""sel_10th_pre_bid"": ""+28600"", ""sel_9th_pre_req_pre"": ""0"", ""sel_9th_pre_req"": ""77"", ""sel_9th_pre_bid"": ""+28550"", ""sel_8th_pre_req_pre"": ""0"", ""sel_8th_pre_req"": ""21"", ""sel_8th_pre_bid"": ""+28500"", ""sel_7th_pre_req_pre"": ""0"", ""sel_7th_pre_req"": ""2070"", ""sel_7th_pre_bid"": ""+28400"", ""sel_6th_pre_req_pre"": ""0"", ""sel_6th_pre_req"": ""185"", ""sel_6th_pre_bid"": ""+28350"", ""sel_5th_pre_req_pre"": ""0"", ""sel_5th_pre_req"": ""200"", ""sel_5th_pre_bid"": ""+28300"", ""sel_4th_pre_req_pre"": ""0"", ""sel_4th_pre_req"": ""2"", ""sel_4th_pre_bid"": ""+28250"", ""sel_3th_pre_req_pre"": ""0"", ""sel_3th_pre_req"": ""111"", ""sel_3th_pre_bid"": ""+28200"", ""sel_2th_pre_req_pre"": ""0"", ""sel_2th_pre_req"": ""116"", ""sel_2th_pre_bid"": ""+28150"", ""sel_1th_pre_req_pre"": ""0"", ""sel_fpr_req"": ""35"", ""sel_fpr_bid"": ""+28100"", ""buy_fpr_bid"": ""28050"", ""buy_fpr_req"": ""169"", ""buy_1th_pre_req_pre"": ""--4"", ""buy_2th_pre_bid"": ""-28000"", ""buy_2th_pre_req"": ""231"", ""buy_2th_pre_req_pre"": ""0"", ""buy_3th_pre_bid"": ""-27950"", ""buy_3th_pre_req"": ""3"", ""buy_3th_pre_req_pre"": ""0"", ""buy_4th_pre_bid"": ""-27900"", ""buy_4th_pre_req"": ""46"", ""buy_4th_pre_req_pre"": ""0"", ""buy_5th_pre_bid"": ""-27850"", ""buy_5th_pre_req"": ""335"", ""buy_5th_pre_req_pre"": ""0"", ""buy_6th_pre_bid"": ""-27800"", ""buy_6th_pre_req"": ""101"", ""buy_6th_pre_req_pre"": ""0"", ""buy_7th_pre_bid"": ""-27750"", ""buy_7th_pre_req"": ""78"", ""buy_7th_pre_req_pre"": ""0"", ""buy_8th_pre_bid"": ""-27700"", ""buy_8th_pre_req"": ""138"", ""buy_8th_pre_req_pre"": ""0"", ""buy_9th_pre_bid"": ""-27650"", ""buy_9th_pre_req"": ""322"", ""buy_9th_pre_req_pre"": ""0"", ""buy_10th_pre_bid"": ""-27600"", ""buy_10th_pre_req"": ""620"", ""buy_10th_pre_req_pre"": ""0"", ""tot_sel_req_jub_pre"": ""0"", ""tot_sel_req"": ""2829"", ""tot_buy_req"": ""2043"", ""tot_buy_req_jub_pre"": ""--4"", ""ovt_sel_req_pre"": ""0"", ""ovt_sel_req"": ""0"", ""ovt_buy_req"": ""0"", ""ovt_buy_req_pre"": ""0"", ""return_code"": 0, ""return_msg"": ""정상적으로 처리되었습니다""}"
2026-06-10,watchlist,005940,,0,filtered_candidate_recheck,30800,,30800,30750,30800,30950,0.3246753246753247,0.16233766233766234,,,,,,"{""bid_req_base_tm"": ""115142"", ""sel_10th_pre_req_pre"": ""0"", ""sel_10th_pre_req"": ""445"", ""sel_10th_pre_bid"": ""31250"", ""sel_9th_pre_req_pre"": ""0"", ""sel_9th_pre_req"": ""802"", ""sel_9th_pre_bid"": ""-31200"", ""sel_8th_pre_req_pre"": ""0"", ""sel_8th_pre_req"": ""36"", ""sel_8th_pre_bid"": ""-31150"", ""sel_7th_pre_req_pre"": ""0"", ""sel_7th_pre_req"": ""1"", ""sel_7th_pre_bid"": ""-31100"", ""sel_6th_pre_req_pre"": ""0"", ""sel_6th_pre_req"": ""111"", ""sel_6th_pre_bid"": ""-31050"", ""sel_5th_pre_req_pre"": ""0"", ""sel_5th_pre_req"": ""592"", ""sel_5th_pre_bid"": ""-31000"", ""sel_4th_pre_req_pre"": ""0"", ""sel_4th_pre_req"": ""166"", ""sel_4th_pre_bid"": ""-30950"", ""sel_3th_pre_req_pre"": ""0"", ""sel_3th_pre_req"": ""120"", ""sel_3th_pre_bid"": ""-30900"", ""sel_2th_pre_req_pre"": ""0"", ""sel_2th_pre_req"": ""35"", ""sel_2th_pre_bid"": ""-30850"", ""sel_1th_pre_req_pre"": ""--52"", ""sel_fpr_req"": ""120"", ""sel_fpr_bid"": ""-30800"", ""buy_fpr_bid"": ""-30750"", ""buy_fpr_req"": ""298"", ""buy_1th_pre_req_pre"": ""0"", ""buy_2th_pre_bid"": ""-30700"", ""buy_2th_pre_req"": ""394"", ""buy_2th_pre_req_pre"": ""0"", ""buy_3th_pre_bid"": ""-30650"", ""buy_3th_pre_req"": ""4036"", ""buy_3th_pre_req_pre"": ""0"", ""buy_4th_pre_bid"": ""-30600"", ""buy_4th_pre_req"": ""436"", ""buy_4th_pre_req_pre"": ""0"", ""buy_5th_pre_bid"": ""-30550"", ""buy_5th_pre_req"": ""433"", ""buy_5th_pre_req_pre"": ""0"", ""buy_6th_pre_bid"": ""-30500"", ""buy_6th_pre_req"": ""1311"", ""buy_6th_pre_req_pre"": ""0"", ""buy_7th_pre_bid"": ""-30450"", ""buy_7th_pre_req"": ""572"", ""buy_7th_pre_req_pre"": ""0"", ""buy_8th_pre_bid"": ""-30400"", ""buy_8th_pre_req"": ""991"", ""buy_8th_pre_req_pre"": ""0"", ""buy_9th_pre_bid"": ""-30350"", ""buy_9th_pre_req"": ""1049"", ""buy_9th_pre_req_pre"": ""0"", ""buy_10th_pre_bid"": ""-30300"", ""buy_10th_pre_req"": ""3166"", ""buy_10th_pre_req_pre"": ""0"", ""tot_sel_req_jub_pre"": ""--52"", ""tot_sel_req"": ""2428"", ""tot_buy_req"": ""12686"", ""tot_buy_req_jub_pre"": ""0"", ""ovt_sel_req_pre"": ""0"", ""ovt_sel_req"": ""0"", ""ovt_buy_req"": ""0"", ""ovt_buy_req_pre"": ""0"", ""return_code"": 0, ""return_msg"": ""정상적으로 처리되었습니다""}"
2026-06-10,watchlist,120110,,0,filtered_candidate_recheck,70200,,70200,70100,70200,70500,0.2849002849002849,0.14245014245014245,,,,,,"{""bid_req_base_tm"": ""115143"", ""sel_10th_pre_req_pre"": ""0"", ""sel_10th_pre_req"": ""12"", ""sel_10th_pre_bid"": ""+71100"", ""sel_9th_pre_req_pre"": ""0"", ""sel_9th_pre_req"": ""116"", ""sel_9th_pre_bid"": ""+71000"", ""sel_8th_pre_req_pre"": ""0"", ""sel_8th_pre_req"": ""105"", ""sel_8th_pre_bid"": ""+70900"", ""sel_7th_pre_req_pre"": ""0"", ""sel_7th_pre_req"": ""4"", ""sel_7th_pre_bid"": ""+70800"", ""sel_6th_pre_req_pre"": ""0"", ""sel_6th_pre_req"": ""211"", ""sel_6th_pre_bid"": ""+70700"", ""sel_5th_pre_req_pre"": ""0"", ""sel_5th_pre_req"": ""131"", ""sel_5th_pre_bid"": ""+70600"", ""sel_4th_pre_req_pre"": ""0"", ""sel_4th_pre_req"": ""12"", ""sel_4th_pre_bid"": ""+70500"", ""sel_3th_pre_req_pre"": ""0"", ""sel_3th_pre_req"": ""85"", ""sel_3th_pre_bid"": ""+70400"", ""sel_2th_pre_req_pre"": ""0"", ""sel_2th_pre_req"": ""55"", ""sel_2th_pre_bid"": ""+70300"", ""sel_1th_pre_req_pre"": ""0"", ""sel_fpr_req"": ""79"", ""sel_fpr_bid"": ""+70200"", ""buy_fpr_bid"": ""+70100"", ""buy_fpr_req"": ""1"", ""buy_1th_pre_req_pre"": ""0"", ""buy_2th_pre_bid"": ""+70000"", ""buy_2th_pre_req"": ""172"", ""buy_2th_pre_req_pre"": ""0"", ""buy_3th_pre_bid"": ""+69900"", ""buy_3th_pre_req"": ""1003"", ""buy_3th_pre_req_pre"": ""0"", ""buy_4th_pre_bid"": ""+69800"", ""buy_4th_pre_req"": ""317"", ""buy_4th_pre_req_pre"": ""+39"", ""buy_5th_pre_bid"": ""+69700"", ""buy_5th_pre_req"": ""11"", ""buy_5th_pre_req_pre"": ""--39"", ""buy_6th_pre_bid"": ""+69600"", ""buy_6th_pre_req"": ""100"", ""buy_6th_pre_req_pre"": ""0"", ""buy_7th_pre_bid"": ""+69500"", ""buy_7th_pre_req"": ""115"", ""buy_7th_pre_req_pre"": ""0"", ""buy_8th_pre_bid"": ""+69400"", ""buy_8th_pre_req"": ""23"", ""buy_8th_pre_req_pre"": ""0"", ""buy_9th_pre_bid"": ""+69300"", ""buy_9th_pre_req"": ""23"", ""buy_9th_pre_req_pre"": ""0"", ""buy_10th_pre_bid"": ""+69200"", ""buy_10th_pre_req"": ""381"", ""buy_10th_pre_req_pre"": ""0"", ""tot_sel_req_jub_pre"": ""0"", ""tot_sel_req"": ""810"", ""tot_buy_req"": ""2146"", ""tot_buy_req_jub_pre"": ""0"", ""ovt_sel_req_pre"": ""0"", ""ovt_sel_req"": ""0"", ""ovt_buy_req"": ""0"", ""ovt_buy_req_pre"": ""0"", ""return_code"": 0, ""return_msg"": ""정상적으로 처리되었습니다""}"
2026-06-10,watchlist,375500,,0,filtered_candidate_recheck,70900,,70900,70800,70900,70800,-0.2820874471086037,0.14104372355430184,,,,,,"{""bid_req_base_tm"": ""115146"", ""sel_10th_pre_req_pre"": ""0"", ""sel_10th_pre_req"": ""200"", ""sel_10th_pre_bid"": ""+71800"", ""sel_9th_pre_req_pre"": ""0"", ""sel_9th_pre_req"": ""275"", ""sel_9th_pre_bid"": ""+71700"", ""sel_8th_pre_req_pre"": ""0"", ""sel_8th_pre_req"": ""296"", ""sel_8th_pre_bid"": ""+71600"", ""sel_7th_pre_req_pre"": ""0"", ""sel_7th_pre_req"": ""585"", ""sel_7th_pre_bid"": ""+71500"", ""sel_6th_pre_req_pre"": ""0"", ""sel_6th_pre_req"": ""527"", ""sel_6th_pre_bid"": ""+71400"", ""sel_5th_pre_req_pre"": ""0"", ""sel_5th_pre_req"": ""130"", ""sel_5th_pre_bid"": ""+71300"", ""sel_4th_pre_req_pre"": ""0"", ""sel_4th_pre_req"": ""185"", ""sel_4th_pre_bid"": ""+71200"", ""sel_3th_pre_req_pre"": ""0"", ""sel_3th_pre_req"": ""130"", ""sel_3th_pre_bid"": ""+71100"", ""sel_2th_pre_req_pre"": ""0"", ""sel_2th_pre_req"": ""21"", ""sel_2th_pre_bid"": ""+71000"", ""sel_1th_pre_req_pre"": ""--62"", ""sel_fpr_req"": ""55"", ""sel_fpr_bid"": ""+70900"", ""buy_fpr_bid"": ""+70800"", ""buy_fpr_req"": ""571"", ""buy_1th_pre_req_pre"": ""0"", ""buy_2th_pre_bid"": ""+70700"", ""buy_2th_pre_req"": ""320"", ""buy_2th_pre_req_pre"": ""0"", ""buy_3th_pre_bid"": ""+70600"", ""buy_3th_pre_req"": ""168"", ""buy_3th_pre_req_pre"": ""0"", ""buy_4th_pre_bid"": ""+70500"", ""buy_4th_pre_req"": ""496"", ""buy_4th_pre_req_pre"": ""0"", ""buy_5th_pre_bid"": ""+70400"", ""buy_5th_pre_req"": ""106"", ""buy_5th_pre_req_pre"": ""0"", ""buy_6th_pre_bid"": ""+70300"", ""buy_6th_pre_req"": ""190"", ""buy_6th_pre_req_pre"": ""0"", ""buy_7th_pre_bid"": ""+70200"", ""buy_7th_pre_req"": ""90"", ""buy_7th_pre_req_pre"": ""0"", ""buy_8th_pre_bid"": ""+70100"", ""buy_8th_pre_req"": ""194"", ""buy_8th_pre_req_pre"": ""0"", ""buy_9th_pre_bid"": ""+70000"", ""buy_9th_pre_req"": ""142"", ""buy_9th_pre_req_pre"": ""0"", ""buy_10th_pre_bid"": ""+69900"", ""buy_10th_pre_req"": ""99"", ""buy_10th_pre_req_pre"": ""0"", ""tot_sel_req_jub_pre"": ""--62"", ""tot_sel_req"": ""2404"", ""tot_buy_req"": ""2376"", ""tot_buy_req_jub_pre"": ""0"", ""ovt_sel_req_pre"": ""0"", ""ovt_sel_req"": ""0"", ""ovt_buy_req"": ""0"", ""ovt_buy_req_pre"": ""0"", ""return_code"": 0, ""return_msg"": ""정상적으로 처리되었습니다""}"
2026-06-10,watchlist,483650,,0,filtered_candidate_recheck,206000,,206000,205500,206000,207000,0.24271844660194172,0.24271844660194172,,,,,,"{""bid_req_base_tm"": ""115146"", ""sel_10th_pre_req_pre"": ""0"", ""sel_10th_pre_req"": ""725"", ""sel_10th_pre_bid"": ""+210500"", ""sel_9th_pre_req_pre"": ""0"", ""sel_9th_pre_req"": ""775"", ""sel_9th_pre_bid"": ""+210000"", ""sel_8th_pre_req_pre"": ""0"", ""sel_8th_pre_req"": ""762"", ""sel_8th_pre_bid"": ""+209500"", ""sel_7th_pre_req_pre"": ""0"", ""sel_7th_pre_req"": ""1501"", ""sel_7th_pre_bid"": ""+209000"", ""sel_6th_pre_req_pre"": ""0"", ""sel_6th_pre_req"": ""473"", ""sel_6th_pre_bid"": ""+208500"", ""sel_5th_pre_req_pre"": ""0"", ""sel_5th_pre_req"": ""207"", ""sel_5th_pre_bid"": ""+208000"", ""sel_4th_pre_req_pre"": ""0"", ""sel_4th_pre_req"": ""146"", ""sel_4th_pre_bid"": ""+207500"", ""sel_3th_pre_req_pre"": ""0"", ""sel_3th_pre_req"": ""289"", ""sel_3th_pre_bid"": ""+207000"", ""sel_2th_pre_req_pre"": ""0"", ""sel_2th_pre_req"": ""345"", ""sel_2th_pre_bid"": ""+206500"", ""sel_1th_pre_req_pre"": ""--54"", ""sel_fpr_req"": ""31"", ""sel_fpr_bid"": ""+206000"", ""buy_fpr_bid"": ""+205500"", ""buy_fpr_req"": ""485"", ""buy_1th_pre_req_pre"": ""0"", ""buy_2th_pre_bid"": ""+205000"", ""buy_2th_pre_req"": ""146"", ""buy_2th_pre_req_pre"": ""0"", ""buy_3th_pre_bid"": ""+204500"", ""buy_3th_pre_req"": ""228"", ""buy_3th_pre_req_pre"": ""0"", ""buy_4th_pre_bid"": ""+204000"", ""buy_4th_pre_req"": ""5160"", ""buy_4th_pre_req_pre"": ""0"", ""buy_5th_pre_bid"": ""+203500"", ""buy_5th_pre_req"": ""16"", ""buy_5th_pre_req_pre"": ""0"", ""buy_6th_pre_bid"": ""+203000"", ""buy_6th_pre_req"": ""59"", ""buy_6th_pre_req_pre"": ""0"", ""buy_7th_pre_bid"": ""+202500"", ""buy_7th_pre_req"": ""37"", ""buy_7th_pre_req_pre"": ""0"", ""buy_8th_pre_bid"": ""+202000"", ""buy_8th_pre_req"": ""50"", ""buy_8th_pre_req_pre"": ""0"", ""buy_9th_pre_bid"": ""+201500"", ""buy_9th_pre_req"": ""179"", ""buy_9th_pre_req_pre"": ""0"", ""buy_10th_pre_bid"": ""+201000"", ""buy_10th_pre_req"": ""333"", ""buy_10th_pre_req_pre"": ""0"", ""tot_sel_req_jub_pre"": ""--54"", ""tot_sel_req"": ""5254"", ""tot_buy_req"": ""6693"", ""tot_buy_req_jub_pre"": ""0"", ""ovt_sel_req_pre"": ""0"", ""ovt_sel_req"": ""0"", ""ovt_buy_req"": ""0"", ""ovt_buy_req_pre"": ""0"", ""return_code"": 0, ""return_msg"": ""정상적으로 처리되었습니다""}"
2026-06-10,watchlist,017900,,0,filtered_candidate_recheck,9110,,9110,9100,9110,9160,0.43907793633369924,0.10976948408342481,,,,,,"{""bid_req_base_tm"": ""115147"", ""sel_10th_pre_req_pre"": ""0"", ""sel_10th_pre_req"": ""861"", ""sel_10th_pre_bid"": ""+9250"", ""sel_9th_pre_req_pre"": ""0"", ""sel_9th_pre_req"": ""1"", ""sel_9th_pre_bid"": ""+9240"", ""sel_8th_pre_req_pre"": ""0"", ""sel_8th_pre_req"": ""2"", ""sel_8th_pre_bid"": ""+9230"", ""sel_7th_pre_req_pre"": ""0"", ""sel_7th_pre_req"": ""15"", ""sel_7th_pre_bid"": ""+9210"", ""sel_6th_pre_req_pre"": ""0"", ""sel_6th_pre_req"": ""1"", ""sel_6th_pre_bid"": ""-9170"", ""sel_5th_pre_req_pre"": ""0"", ""sel_5th_pre_req"": ""261"", ""sel_5th_pre_bid"": ""-9150"", ""sel_4th_pre_req_pre"": ""0"", ""sel_4th_pre_req"": ""359"", ""sel_4th_pre_bid"": ""-9140"", ""sel_3th_pre_req_pre"": ""0"", ""sel_3th_pre_req"": ""1754"", ""sel_3th_pre_bid"": ""-9130"", ""sel_2th_pre_req_pre"": ""0"", ""sel_2th_pre_req"": ""1638"", ""sel_2th_pre_bid"": ""-9120"", ""sel_1th_pre_req_pre"": ""0"", ""sel_fpr_req"": ""849"", ""sel_fpr_bid"": ""-9110"", ""buy_fpr_bid"": ""-9100"", ""buy_fpr_req"": ""1676"", ""buy_1th_pre_req_pre"": ""0"", ""buy_2th_pre_bid"": ""-9090"", ""buy_2th_pre_req"": ""3173"", ""buy_2th_pre_req_pre"": ""0"", ""buy_3th_pre_bid"": ""-9080"", ""buy_3th_pre_req"": ""1414"", ""buy_3th_pre_req_pre"": ""0"", ""buy_4th_pre_bid"": ""-9070"", ""buy_4th_pre_req"": ""1825"", ""buy_4th_pre_req_pre"": ""0"", ""buy_5th_pre_bid"": ""-9060"", ""buy_5th_pre_req"": ""1412"", ""buy_5th_pre_req_pre"": ""0"", ""buy_6th_pre_bid"": ""-9050"", ""buy_6th_pre_req"": ""2419"", ""buy_6th_pre_req_pre"": ""0"", ""buy_7th_pre_bid"": ""-9040"", ""buy_7th_pre_req"": ""2829"", ""buy_7th_pre_req_pre"": ""0"", ""buy_8th_pre_bid"": ""-9030"", ""buy_8th_pre_req"": ""2796"", ""buy_8th_pre_req_pre"": ""0"", ""buy_9th_pre_bid"": ""-9020"", ""buy_9th_pre_req"": ""1603"", ""buy_9th_pre_req_pre"": ""0"", ""buy_10th_pre_bid"": ""-9010"", ""buy_10th_pre_req"": ""770"", ""buy_10th_pre_req_pre"": ""0"", ""tot_sel_req_jub_pre"": ""0"", ""tot_sel_req"": ""5741"", ""tot_buy_req"": ""19917"", ""tot_buy_req_jub_pre"": ""0"", ""ovt_sel_req_pre"": ""0"", ""ovt_sel_req"": ""0"", ""ovt_buy_req"": ""0"", ""ovt_buy_req_pre"": ""0"", ""return_code"": 0, ""return_msg"": ""정상적으로 처리되었습니다""}"
